1.000000e+00,0.000000e+00,0.000000e+00,0.000000e+00,0.000000e+00,0.000000e+00,0.000000e+00,0.000000e+00,0.000000e+00,0.000000e+00,0.000000e+00,0.000000e+00,0.000000e+00,0.000000e+00,0.000000e+00
1.000000e+00,0.000000e+00,0.000000e+00,0.000000e+00,0.000000e+00,0.000000e+00,0.000000e+00,0.000000e+00,0.000000e+00,0.000000e+00,0.000000e+00,0.000000e+00,0.000000e+00,0.000000e+00,0.000000e+00
1.000000e+00,0.000000e+00,0.000000e+00,0.000000e+00,0.000000e+00,0.000000e+00,0.000000e+00,0.000000e+00,0.000000e+00,0.000000e+00,0.000000e+00,0.000000e+00,0.000000e+00,0.000000e+00,0.000000e+00
1.000000e+00,0.000000e+00,0.000000e+00,0.000000e+00,0.000000e+00,0.000000e+00,0.000000e+00,0.000000e+00,0.000000e+00,0.000000e+00,0.000000e+00,0.000000e+00,0.000000e+00,0.000000e+00,0.000000e+00
1.000000e+00,0.000000e+00,0.000000e+00,0.000000e+00,0.000000e+00,0.000000e+00,0.000000e+00,0.000000e+00,0.000000e+00,0.000000e+00,0.000000e+00,0.000000e+00,0.000000e+00,0.000000e+00,0.000000e+00
1.000000e+00,0.000000e+00,0.000000e+00,0.000000e+00,0.000000e+00,0.000000e+00,0.000000e+00,0.000000e+00,0.000000e+00,0.000000e+00,0.000000e+00,0.000000e+00,0.000000e+00,0.000000e+00,0.000000e+00
1.000000e+00,0.000000e+00,0.000000e+00,0.000000e+00,0.000000e+00,0.000000e+00,0.000000e+00,0.000000e+00,0.000000e+00,0.000000e+00,0.000000e+00,0.000000e+00,0.000000e+00,0.000000e+00,0.000000e+00
1.000000e+00,0.000000e+00,0.000000e+00,0.000000e+00,0.000000e+00,0.000000e+00,0.000000e+00,0.000000e+00,0.000000e+00,0.000000e+00,0.000000e+00,0.000000e+00,0.000000e+00,0.000000e+00,0.000000e+00
1.000000e+00,0.000000e+00,0.000000e+00,0.000000e+00,0.000000e+00,0.000000e+00,0.000000e+00,0.000000e+00,0.000000e+00,0.000000e+00,0.000000e+00,0.000000e+00,0.000000e+00,0.000000e+00,0.000000e+00
1.000000e+00,0.000000e+00,0.000000e+00,0.000000e+00,0.000000e+00,0.000000e+00,0.000000e+00,0.000000e+00,0.000000e+00,0.000000e+00,0.000000e+00,0.000000e+00,0.000000e+00,0.000000e+00,0.000000e+00
1.000000e+00,0.000000e+00,0.000000e+00,0.000000e+00,0.000000e+00,0.000000e+00,0.000000e+00,0.000000e+00,0.000000e+00,0.000000e+00,0.000000e+00,0.000000e+00,0.000000e+00,0.000000e+00,0.000000e+00
1.000000e+00,0.000000e+00,0.000000e+00,0.000000e+00,0.000000e+00,0.000000e+00,0.000000e+00,0.000000e+00,0.000000e+00,0.000000e+00,0.000000e+00,0.000000e+00,0.000000e+00,0.000000e+00,0.000000e+00
1.000000e+00,0.000000e+00,0.000000e+00,0.000000e+00,0.000000e+00,0.000000e+00,0.000000e+00,0.000000e+00,0.000000e+00,0.000000e+00,0.000000e+00,0.000000e+00,0.000000e+00,0.000000e+00,0.000000e+00
1.000000e+00,0.000000e+00,0.000000e+00,0.000000e+00,0.000000e+00,0.000000e+00,0.000000e+00,0.000000e+00,0.000000e+00,0.000000e+00,0.000000e+00,0.000000e+00,0.000000e+00,0.000000e+00,0.000000e+00
1.000000e+00,0.000000e+00,0.000000e+00,0.000000e+00,0.000000e+00,0.000000e+00,0.000000e+00,0.000000e+00,0.000000e+00,0.000000e+00,0.000000e+00,0.000000e+00,0.000000e+00,0.000000e+00,0.000000e+00
1.000000e+00,0.000000e+00,0.000000e+00,0.000000e+00,0.000000e+00,0.000000e+00,0.000000e+00,0.000000e+00,0.000000e+00,0.000000e+00,0.000000e+00,0.000000e+00,0.000000e+00,0.000000e+00,0.000000e+00
1.000000e+00,0.000000e+00,0.000000e+00,0.000000e+00,0.000000e+00,0.000000e+00,0.000000e+00,0.000000e+00,0.000000e+00,0.000000e+00,0.000000e+00,0.000000e+00,0.000000e+00,0.000000e+00,0.000000e+00
1.000000e+00,0.000000e+00,0.000000e+00,0.000000e+00,0.000000e+00,0.000000e+00,0.000000e+00,0.000000e+00,0.000000e+00,0.000000e+00,0.000000e+00,0.000000e+00,0.000000e+00,0.000000e+00,0.000000e+00
1.000000e+00,0.000000e+00,0.000000e+00,0.000000e+00,0.000000e+00,0.000000e+00,0.000000e+00,0.000000e+00,0.000000e+00,0.000000e+00,0.000000e+00,0.000000e+00,0.000000e+00,0.000000e+00,0.000000e+00
1.000000e+00,0.000000e+00,0.000000e+00,0.000000e+00,0.000000e+00,0.000000e+00,0.000000e+00,0.000000e+00,0.000000e+00,0.000000e+00,0.000000e+00,0.000000e+00,0.000000e+00,0.000000e+00,0.000000e+00
1.000000e+00,0.000000e+00,0.000000e+00,0.000000e+00,0.000000e+00,0.000000e+00,0.000000e+00,0.000000e+00,0.000000e+00,0.000000e+00,0.000000e+00,0.000000e+00,0.000000e+00,0.000000e+00,0.000000e+00
1.000000e+00,0.000000e+00,0.000000e+00,0.000000e+00,0.000000e+00,0.000000e+00,0.000000e+00,0.000000e+00,0.000000e+00,0.000000e+00,0.000000e+00,0.000000e+00,0.000000e+00,0.000000e+00,0.000000e+00
1.000000e+00,0.000000e+00,0.000000e+00,0.000000e+00,0.000000e+00,0.000000e+00,0.000000e+00,0.000000e+00,0.000000e+00,0.000000e+00,0.000000e+00,0.000000e+00,0.000000e+00,0.000000e+00,0.000000e+00
1.000000e+00,0.000000e+00,0.000000e+00,0.000000e+00,0.000000e+00,0.000000e+00,0.000000e+00,0.000000e+00,0.000000e+00,0.000000e+00,0.000000e+00,0.000000e+00,0.000000e+00,0.000000e+00,0.000000e+00
1.000000e+00,0.000000e+00,0.000000e+00,0.000000e+00,0.000000e+00,0.000000e+00,0.000000e+00,0.000000e+00,0.000000e+00,0.000000e+00,0.000000e+00,0.000000e+00,0.000000e+00,0.000000e+00,0.000000e+00
1.000000e+00,0.000000e+00,0.000000e+00,0.000000e+00,0.000000e+00,0.000000e+00,0.000000e+00,0.000000e+00,0.000000e+00,0.000000e+00,0.000000e+00,0.000000e+00,0.000000e+00,0.000000e+00,0.000000e+00
1.000000e+00,0.000000e+00,0.000000e+00,0.000000e+00,0.000000e+00,0.000000e+00,0.000000e+00,0.000000e+00,0.000000e+00,0.000000e+00,0.000000e+00,0.000000e+00,0.000000e+00,0.000000e+00,0.000000e+00
1.000000e+00,0.000000e+00,0.000000e+00,0.000000e+00,0.000000e+00,0.000000e+00,0.000000e+00,0.000000e+00,0.000000e+00,0.000000e+00,0.000000e+00,0.000000e+00,0.000000e+00,0.000000e+00,0.000000e+00
1.000000e+00,0.000000e+00,0.000000e+00,0.000000e+00,0.000000e+00,0.000000e+00,0.000000e+00,0.000000e+00,0.000000e+00,0.000000e+00,0.000000e+00,0.000000e+00,0.000000e+00,0.000000e+00,0.000000e+00
1.000000e+00,0.000000e+00,0.000000e+00,0.000000e+00,0.000000e+00,0.000000e+00,0.000000e+00,0.000000e+00,0.000000e+00,0.000000e+00,0.000000e+00,0.000000e+00,0.000000e+00,0.000000e+00,0.000000e+00
1.000000e+00,0.000000e+00,0.000000e+00,0.000000e+00,0.000000e+00,0.000000e+00,0.000000e+00,0.000000e+00,0.000000e+00,0.000000e+00,0.000000e+00,0.000000e+00,0.000000e+00,0.000000e+00,0.000000e+00
1.000000e+00,0.000000e+00,0.000000e+00,0.000000e+00,0.000000e+00,0.000000e+00,0.000000e+00,0.000000e+00,0.000000e+00,0.000000e+00,0.000000e+00,0.000000e+00,0.000000e+00,0.000000e+00,0.000000e+00
1.000000e+00,0.000000e+00,0.000000e+00,0.000000e+00,0.000000e+00,0.000000e+00,0.000000e+00,0.000000e+00,0.000000e+00,0.000000e+00,0.000000e+00,0.000000e+00,0.000000e+00,0.000000e+00,0.000000e+00
1.000000e+00,0.000000e+00,0.000000e+00,0.000000e+00,0.000000e+00,0.000000e+00,0.000000e+00,0.000000e+00,0.000000e+00,0.000000e+00,0.000000e+00,0.000000e+00,0.000000e+00,0.000000e+00,0.000000e+00
1.000000e+00,0.000000e+00,0.000000e+00,0.000000e+00,0.000000e+00,0.000000e+00,0.000000e+00,0.000000e+00,0.000000e+00,0.000000e+00,0.000000e+00,0.000000e+00,0.000000e+00,0.000000e+00,0.000000e+00
1.000000e+00,0.000000e+00,0.000000e+00,0.000000e+00,0.000000e+00,0.000000e+00,0.000000e+00,0.000000e+00,0.000000e+00,0.000000e+00,0.000000e+00,0.000000e+00,0.000000e+00,0.000000e+00,0.000000e+00
1.000000e+00,0.000000e+00,0.000000e+00,0.000000e+00,0.000000e+00,0.000000e+00,0.000000e+00,0.000000e+00,0.000000e+00,0.000000e+00,0.000000e+00,0.000000e+00,0.000000e+00,0.000000e+00,0.000000e+00
1.000000e+00,0.000000e+00,0.000000e+00,0.000000e+00,0.000000e+00,0.000000e+00,0.000000e+00,0.000000e+00,0.000000e+00,0.000000e+00,0.000000e+00,0.000000e+00,0.000000e+00,0.000000e+00,0.000000e+00
1.000000e+00,0.000000e+00,0.000000e+00,0.000000e+00,0.000000e+00,0.000000e+00,0.000000e+00,0.000000e+00,0.000000e+00,0.000000e+00,0.000000e+00,0.000000e+00,0.000000e+00,0.000000e+00,0.000000e+00
1.000000e+00,0.000000e+00,0.000000e+00,0.000000e+00,0.000000e+00,0.000000e+00,0.000000e+00,0.000000e+00,0.000000e+00,0.000000e+00,0.000000e+00,0.000000e+00,0.000000e+00,0.000000e+00,0.000000e+00
1.000000e+00,0.000000e+00,0.000000e+00,0.000000e+00,0.000000e+00,0.000000e+00,0.000000e+00,0.000000e+00,0.000000e+00,0.000000e+00,0.000000e+00,0.000000e+00,0.000000e+00,0.000000e+00,0.000000e+00
1.000000e+00,0.000000e+00,0.000000e+00,0.000000e+00,0.000000e+00,0.000000e+00,0.000000e+00,0.000000e+00,0.000000e+00,0.000000e+00,0.000000e+00,0.000000e+00,0.000000e+00,0.000000e+00,0.000000e+00
1.000000e+00,0.000000e+00,0.000000e+00,0.000000e+00,0.000000e+00,0.000000e+00,0.000000e+00,0.000000e+00,0.000000e+00,0.000000e+00,0.000000e+00,0.000000e+00,0.000000e+00,0.000000e+00,0.000000e+00
1.000000e+00,0.000000e+00,0.000000e+00,0.000000e+00,0.000000e+00,0.000000e+00,0.000000e+00,0.000000e+00,0.000000e+00,0.000000e+00,0.000000e+00,0.000000e+00,0.000000e+00,0.000000e+00,0.000000e+00
1.000000e+00,0.000000e+00,0.000000e+00,0.000000e+00,0.000000e+00,0.000000e+00,0.000000e+00,0.000000e+00,0.000000e+00,0.000000e+00,0.000000e+00,0.000000e+00,0.000000e+00,0.000000e+00,0.000000e+00
1.000000e+00,0.000000e+00,0.000000e+00,0.000000e+00,0.000000e+00,0.000000e+00,0.000000e+00,0.000000e+00,0.000000e+00,0.000000e+00,0.000000e+00,0.000000e+00,0.000000e+00,0.000000e+00,0.000000e+00
1.000000e+00,0.000000e+00,0.000000e+00,0.000000e+00,0.000000e+00,0.000000e+00,0.000000e+00,0.000000e+00,0.000000e+00,0.000000e+00,0.000000e+00,0.000000e+00,0.000000e+00,0.000000e+00,0.000000e+00
1.000000e+00,0.000000e+00,0.000000e+00,0.000000e+00,0.000000e+00,0.000000e+00,0.000000e+00,0.000000e+00,0.000000e+00,0.000000e+00,0.000000e+00,0.000000e+00,0.000000e+00,0.000000e+00,0.000000e+00
1.000000e+00,0.000000e+00,0.000000e+00,0.000000e+00,0.000000e+00,0.000000e+00,0.000000e+00,0.000000e+00,0.000000e+00,0.000000e+00,0.000000e+00,0.000000e+00,0.000000e+00,0.000000e+00,0.000000e+00
1.000000e+00,0.000000e+00,0.000000e+00,0.000000e+00,0.000000e+00,0.000000e+00,0.000000e+00,0.000000e+00,0.000000e+00,0.000000e+00,0.000000e+00,0.000000e+00,0.000000e+00,0.000000e+00,0.000000e+00
1.000000e+00,0.000000e+00,0.000000e+00,0.000000e+00,0.000000e+00,0.000000e+00,0.000000e+00,0.000000e+00,0.000000e+00,0.000000e+00,0.000000e+00,0.000000e+00,0.000000e+00,0.000000e+00,0.000000e+00
1.000000e+00,0.000000e+00,0.000000e+00,0.000000e+00,0.000000e+00,0.000000e+00,0.000000e+00,0.000000e+00,0.000000e+00,0.000000e+00,0.000000e+00,0.000000e+00,0.000000e+00,0.000000e+00,0.000000e+00
1.000000e+00,0.000000e+00,0.000000e+00,0.000000e+00,0.000000e+00,0.000000e+00,0.000000e+00,0.000000e+00,0.000000e+00,0.000000e+00,0.000000e+00,0.000000e+00,0.000000e+00,0.000000e+00,0.000000e+00
1.000000e+00,0.000000e+00,0.000000e+00,0.000000e+00,0.000000e+00,0.000000e+00,0.000000e+00,0.000000e+00,0.000000e+00,0.000000e+00,0.000000e+00,0.000000e+00,0.000000e+00,0.000000e+00,0.000000e+00
1.000000e+00,0.000000e+00,0.000000e+00,0.000000e+00,0.000000e+00,0.000000e+00,0.000000e+00,0.000000e+00,0.000000e+00,0.000000e+00,0.000000e+00,0.000000e+00,0.000000e+00,0.000000e+00,0.000000e+00
1.000000e+00,0.000000e+00,0.000000e+00,0.000000e+00,0.000000e+00,0.000000e+00,0.000000e+00,0.000000e+00,0.000000e+00,0.000000e+00,0.000000e+00,0.000000e+00,0.000000e+00,0.000000e+00,0.000000e+00
1.000000e+00,0.000000e+00,0.000000e+00,0.000000e+00,0.000000e+00,0.000000e+00,0.000000e+00,0.000000e+00,0.000000e+00,0.000000e+00,0.000000e+00,0.000000e+00,0.000000e+00,0.000000e+00,0.000000e+00
1.000000e+00,0.000000e+00,0.000000e+00,0.000000e+00,0.000000e+00,0.000000e+00,0.000000e+00,0.000000e+00,0.000000e+00,0.000000e+00,0.000000e+00,0.000000e+00,0.000000e+00,0.000000e+00,0.000000e+00
1.000000e+00,0.000000e+00,0.000000e+00,0.000000e+00,0.000000e+00,0.000000e+00,0.000000e+00,0.000000e+00,0.000000e+00,0.000000e+00,0.000000e+00,0.000000e+00,0.000000e+00,0.000000e+00,0.000000e+00
4.396678e-01,4.450562e-02,6.455363e-02,2.723042e-01,9.425730e-03,1.577210e-02,4.359406e-03,1.425452e-02,1.023597e-02,2.699525e-03,2.624933e-02,3.615067e-02,2.158825e-02,4.732029e-03,3.350118e-02
4.609593e-01,3.620461e-02,6.044865e-02,2.595646e-01,8.149629e-03,2.019648e-02,3.925622e-03,1.418616e-02,9.096491e-03,2.834036e-03,3.293020e-02,3.969079e-02,2.131384e-02,3.965857e-03,2.653377e-02
3.252237e-01,2.993417e-02,4.465837e-02,2.682758e-01,5.958465e-03,1.740659e-02,2.814697e-03,1.016120e-02,1.074800e-02,5.058706e-03,6.241420e-02,1.482351e-01,3.304166e-02,3.839900e-03,3.222943e-02
2.277617e-01,2.179330e-02,3.340133e-02,4.028499e-01,4.736809e-03,1.392003e-02,2.058665e-03,7.155064e-03,8.651898e-03,5.971577e-03,7.773243e-02,1.232603e-01,4.453924e-02,2.761634e-03,2.340612e-02
1.594901e-01,1.573018e-02,2.440559e-02,3.980369e-01,4.059227e-03,1.132290e-02,1.524624e-03,5.090076e-03,7.141991e-03,6.834659e-03,1.305474e-01,1.261016e-01,9.090296e-02,2.038456e-03,1.677339e-02
1.117278e-01,1.116197e-02,1.717160e-02,2.849957e-01,9.348410e-03,9.820934e-03,1.145644e-03,3.873455e-03,3.119749e-02,6.824528e-03,1.911817e-01,1.231370e-01,1.847511e-01,1.652524e-03,1.201022e-02
7.832427e-02,7.998781e-03,1.217051e-02,2.036488e-01,9.377142e-03,1.697686e-02,8.698973e-04,2.966079e-03,4.884218e-02,5.013892e-03,1.463040e-01,1.669089e-01,2.907686e-01,1.238422e-03,8.591663e-03
5.528050e-02,5.794973e-03,9.054455e-03,1.467740e-01,1.081095e-02,3.071890e-02,1.051549e-03,2.660125e-03,5.120401e-02,4.142113e-03,1.159040e-01,2.021212e-01,3.572297e-01,9.687134e-04,6.284816e-03
3.900758e-02,4.176230e-03,6.635226e-03,1.040235e-01,9.404114e-03,3.660975e-02,9.104600e-04,2.549517e-03,5.564458e-02,3.215023e-03,8.882824e-02,1.905424e-01,4.530528e-01,7.577240e-04,4.642808e-03
2.747353e-02,3.080231e-03,5.202277e-03,7.339820e-02,9.979164e-03,2.834621e-02,1.179844e-03,2.848717e-03,6.726744e-02,2.590510e-03,7.268950e-02,2.050292e-01,4.965601e-01,6.567294e-04,3.698302e-03
1.940660e-02,2.292875e-03,4.312722e-03,5.189834e-02,8.745320e-03,2.138291e-02,9.499475e-04,3.383880e-03,5.667871e-02,2.009747e-03,5.260965e-02,3.787176e-01,3.941171e-01,6.061580e-04,2.888348e-03
1.477025e-02,1.933740e-03,3.131126e-03,3.643606e-02,6.597520e-03,1.576262e-02,7.297735e-04,2.813694e-03,4.534056e-02,1.575303e-03,3.705834e-02,5.294367e-01,3.016426e-01,5.278180e-04,2.243867e-03
1.176790e-02,1.464759e-03,2.415430e-03,2.564094e-02,5.339378e-03,1.226942e-02,9.325917e-04,1.037800e-02,3.579834e-02,1.293594e-03,2.724666e-02,6.371540e-01,2.260417e-01,5.470705e-04,1.710184e-03
1.198072e-02,1.093464e-03,1.974827e-03,1.830864e-02,4.060339e-03,1.124252e-02,1.106166e-03,6.179972e-02,2.653046e-02,1.042688e-03,1.996534e-02,6.631769e-01,1.758053e-01,5.570125e-04,1.355919e-03
1.484901e-02,1.213965e-03,2.076508e-03,1.632325e-02,5.954914e-03,1.261596e-02,5.449533e-03,5.531785e-02,2.142360e-02,9.960900e-04,1.553694e-02,7.160215e-01,1.304367e-01,5.614699e-04,1.222636e-03
4.546139e-02,4.766702e-03,3.688155e-03,7.510321e-02,1.892695e-02,1.598808e-02,1.022438e-02,4.014627e-02,3.079575e-02,1.427684e-03,1.364506e-02,5.977480e-01,1.361065e-01,5.782201e-04,5.393632e-03
4.023850e-02,6.824099e-03,6.419905e-03,2.042293e-01,5.260372e-02,1.963112e-02,4.852997e-02,3.117063e-02,2.933631e-02,1.716321e-03,1.125923e-02,4.339389e-01,1.082785e-01,4.718205e-04,5.351638e-03
5.141702e-02,8.717991e-03,9.987318e-03,2.064658e-01,1.106602e-01,2.257244e-02,8.848593e-02,2.451140e-02,4.049221e-02,1.546415e-03,1.010577e-02,3.381327e-01,8.160140e-02,4.923157e-04,4.811150e-03
5.411583e-02,1.439081e-02,1.783583e-02,1.802440e-01,1.815571e-01,2.456943e-02,1.239088e-01,2.183908e-02,5.319182e-02,1.556968e-03,8.638240e-03,2.484992e-01,6.415223e-02,5.033560e-04,4.997203e-03
4.291932e-02,1.319234e-02,2.195686e-02,1.660878e-01,2.334850e-01,2.068854e-02,1.424243e-01,5.874301e-02,5.963120e-02,1.355675e-03,7.414130e-03,1.781135e-01,4.939775e-02,4.453770e-04,4.145128e-03
4.077643e-02,1.381943e-02,2.711182e-02,1.321937e-01,2.132593e-01,1.700159e-02,1.325190e-01,1.492584e-01,9.112553e-02,1.888721e-03,7.773047e-03,1.265759e-01,4.194827e-02,4.854511e-04,4.263448e-03
3.335383e-02,1.083887e-02,2.846956e-02,9.351853e-02,1.571875e-01,1.326287e-02,3.252299e-01,1.353009e-01,7.033315e-02,1.594810e-03,5.649186e-03,8.872651e-02,3.233331e-02,3.968424e-04,3.804320e-03
3.073326e-02,1.214779e-02,3.329634e-02,6.631020e-02,1.264312e-01,1.109668e-02,3.997822e-01,1.515614e-01,6.332670e-02,2.101664e-03,4.490768e-03,6.247792e-02,3.085195e-02,4.583118e-04,4.933593e-03
2.342421e-02,2.203404e-02,9.546831e-02,5.815766e-02,9.316210e-02,2.513600e-02,3.478976e-01,1.085921e-01,4.768124e-02,2.797821e-03,9.069540e-03,5.825167e-02,9.628631e-02,5.239523e-04,1.151736e-02
1.948875e-02,1.751026e-02,7.870229e-02,6.151723e-02,7.161964e-02,2.756880e-02,2.638314e-01,7.969833e-02,4.032857e-02,2.567332e-03,1.677239e-02,6.994772e-02,2.384154e-01,4.734931e-04,1.155833e-02
2.271578e-02,2.594403e-02,6.706277e-02,7.301147e-02,5.625544e-02,2.539435e-02,1.877234e-01,5.714787e-02,7.253626e-02,2.364087e-03,1.572332e-02,7.129966e-02,3.084050e-01,1.082576e-03,1.333404e-02
2.073199e-02,1.909913e-02,4.852441e-02,5.446378e-02,3.995649e-02,2.131448e-02,1.319740e-01,4.028708e-02,6.349314e-02,2.054194e-03,2.169299e-02,2.159916e-01,3.049664e-01,2.816923e-03,1.263341e-02
2.384736e-02,1.528903e-02,3.899965e-02,4.439394e-02,3.162992e-02,2.186702e-02,9.311773e-02,2.969104e-02,8.968671e-02,2.854335e-03,4.496000e-02,2.032359e-01,3.424408e-01,3.579770e-03,1.440687e-02
2.009000e-02,2.181305e-02,2.997993e-02,3.772537e-02,2.251007e-02,2.286915e-02,6.567895e-02,2.136582e-02,2.395896e-01,3.080252e-03,3.999807e-02,1.933466e-01,2.639411e-01,3.200948e-03,1.481103e-02
1.715706e-02,2.876751e-02,3.311980e-02,4.865307e-02,1.598112e-02,2.692035e-02,4.641996e-02,1.514996e-02,3.690121e-01,2.975551e-03,3.572967e-02,1.520551e-01,1.927893e-01,2.744552e-03,1.252492e-02
1.704850e-02,8.051358e-02,4.016478e-02,7.411945e-02,1.168101e-02,3.473887e-02,3.260370e-02,1.077955e-02,3.849366e-01,3.555587e-03,3.809908e-02,1.132219e-01,1.390933e-01,3.700203e-03,1.574391e-02
2.179397e-02,6.563042e-02,3.117489e-02,1.214599e-01,1.132719e-02,3.717646e-02,2.315171e-02,8.948863e-03,4.265434e-01,4.789913e-03,3.645589e-02,8.268587e-02,1.050507e-01,4.087390e-03,1.972328e-02
4.266970e-02,6.307206e-02,2.598762e-02,1.490505e-01,9.462875e-03,3.170867e-02,1.647159e-02,7.129970e-03,4.262103e-01,9.378023e-03,3.826199e-02,6.255169e-02,8.167318e-02,6.004844e-03,3.036695e-02
3.775400e-02,5.074687e-02,2.309068e-02,1.208804e-01,1.122434e-02,3.846015e-02,1.199859e-02,1.844594e-02,4.689518e-01,9.619312e-03,4.023216e-02,5.117157e-02,7.398766e-02,7.090001e-03,3.634657e-02
3.684313e-02,5.449357e-02,2.233253e-02,1.018097e-01,1.337950e-02,4.089367e-02,8.976996e-03,2.046183e-02,4.840049e-01,2.550498e-02,3.588526e-02,3.885081e-02,5.836817e-02,8.674797e-03,4.952019e-02
3.892682e-02,6.199177e-02,3.197054e-02,8.004872e-02,2.499099e-02,3.945584e-02,7.357634e-03,2.371563e-02,4.808462e-01,2.909701e-02,2.758591e-02,2.804375e-02,4.622872e-02,9.032264e-03,7.070814e-02
4.541279e-02,6.184555e-02,4.176532e-02,7.648817e-02,6.772099e-02,3.421947e-02,9.525516e-03,2.743617e-02,4.662903e-01,2.450068e-02,2.070880e-02,1.997517e-02,3.499134e-02,6.986264e-03,6.213349e-02
4.850024e-02,7.568958e-02,6.673441e-02,9.790944e-02,1.085197e-01,3.447898e-02,1.425532e-02,3.502053e-02,3.856388e-01,2.027146e-02,1.505183e-02,1.419101e-02,2.587747e-02,5.233879e-03,5.262731e-02
5.821661e-02,7.832786e-02,1.171322e-01,1.095827e-01,1.033325e-01,2.763229e-02,1.569311e-02,5.360763e-02,3.084941e-01,2.149683e-02,1.129342e-02,1.014365e-02,1.982429e-02,4.006302e-03,6.121643e-02
5.762473e-02,7.453617e-02,1.260248e-01,9.432033e-02,1.025153e-01,2.572643e-02,1.392209e-02,1.575024e-01,2.499619e-01,1.607871e-02,8.690039e-03,7.186320e-03,1.505446e-02,3.178164e-03,4.767814e-02
4.850431e-02,5.874931e-02,1.993832e-01,8.612970e-02,8.133991e-02,1.957083e-02,1.188312e-02,2.383928e-01,1.815028e-01,1.215347e-02,6.616843e-03,5.128678e-03,1.138841e-02,2.391044e-03,3.686548e-02
4.531156e-02,5.486561e-02,1.568338e-01,6.184288e-02,6.176629e-02,1.467823e-02,1.549806e-02,3.984676e-01,1.345996e-01,8.868357e-03,4.882140e-03,3.688433e-03,9.636976e-03,1.920254e-03,2.714012e-02
3.783100e-02,5.331935e-02,1.234641e-01,4.429255e-02,4.674926e-02,1.116142e-02,1.348283e-02,5.285745e-01,9.747094e-02,6.452812e-03,3.909778e-03,2.726739e-03,8.337908e-03,1.474105e-03,2.075264e-02
3.071344e-02,4.529734e-02,9.187229e-02,3.153772e-02,3.509857e-02,8.670020e-03,1.172464e-02,6.414457e-01,7.037945e-02,4.741250e-03,3.023074e-03,2.057869e-03,6.442501e-03,1.122979e-03,1.587311e-02
3.011360e-02,3.638250e-02,6.940496e-02,2.317516e-02,2.681653e-02,8.343463e-03,9.695472e-03,7.147638e-01,5.192861e-02,3.891527e-03,3.776913e-03,1.880083e-03,5.935309e-03,9.147277e-04,1.297731e-02
3.815064e-02,3.400030e-02,5.476937e-02,2.231213e-02,2.699941e-02,9.832171e-03,1.196200e-02,7.119269e-01,4.892564e-02,6.331768e-03,7.007598e-03,2.596589e-03,5.390581e-03,1.837150e-03,1.795779e-02
3.736882e-02,5.610150e-02,4.105856e-02,4.280614e-02,2.566022e-02,4.686155e-02,1.031321e-02,5.099028e-01,7.533328e-02,4.288040e-02,2.563234e-02,6.900094e-03,1.390894e-02,1.691045e-03,6.358109e-02
3.245728e-02,5.547627e-02,3.036780e-02,3.844897e-02,1.934545e-02,7.483426e-02,7.495608e-03,3.587217e-01,8.554587e-02,1.057504e-01,3.188482e-02,6.417089e-03,1.845901e-02,2.149493e-03,1.326460e-01
2.580933e-02,4.076602e-02,2.220396e-02,2.730014e-02,1.442789e-02,6.237606e-02,5.330002e-03,2.513084e-01,6.408971e-02,8.483978e-02,2.850248e-02,4.681497e-03,1.445445e-02,3.683423e-03,3.502269e-01
1.959207e-02,3.632675e-02,1.762269e-02,3.189280e-02,1.281341e-02,4.459772e-02,3.850181e-03,1.761736e-01,5.544681e-02,6.173568e-02,2.340356e-02,3.558233e-03,1.178731e-02,3.394132e-03,4.978051e-01
1.897641e-02,5.570840e-02,1.847368e-02,3.143867e-02,1.013983e-02,4.185060e-02,2.894872e-03,1.235324e-01,7.978411e-02,5.017411e-02,2.463411e-02,5.059601e-03,1.010765e-02,7.049081e-03,5.201765e-01
2.922970e-02,5.030039e-02,1.377371e-02,2.711365e-02,8.878807e-03,4.289475e-02,2.588349e-03,8.728085e-02,1.013207e-01,4.607335e-02,3.678301e-02,6.803275e-03,1.736025e-02,1.155898e-02,5.180403e-01
2.383094e-02,4.378326e-02,1.004911e-02,2.308423e-02,7.003322e-03,3.775108e-02,2.051021e-03,6.181724e-02,2.420189e-01,3.569251e-02,3.321106e-02,6.939860e-03,2.050387e-02,1.051796e-02,4.417457e-01
2.387900e-02,6.494071e-02,1.138041e-02,2.202788e-02,9.994844e-03,2.863448e-02,1.715948e-03,4.498198e-02,3.095150e-01,2.711960e-02,5.620749e-02,6.979188e-03,2.548879e-02,1.356380e-02,3.535709e-01
2.196974e-02,8.152752e-02,1.051945e-02,2.304893e-02,1.074206e-02,2.432230e-02,1.424916e-03,3.311269e-02,3.774205e-01,2.244280e-02,4.677612e-02,5.669094e-03,2.062751e-02,2.478227e-02,2.956142e-01
1.705089e-02,7.382414e-02,8.946308e-03,3.624979e-02,1.025078e-02,2.255276e-02,1.203875e-03,2.571474e-02,4.672609e-01,1.696930e-02,3.481803e-02,4.438130e-03,1.753111e-02,2.138574e-02,2.418035e-01
1.574513e-02,7.470620e-02,8.317281e-03,3.720630e-02,1.821779e-02,6.246255e-02,1.184082e-03,2.210254e-02,4.869639e-01,1.273737e-02,2.612465e-02,3.243196e-03,1.659605e-02,1.854467e-02,1.958484e-01
2.226005e-02,7.436651e-02,7.889754e-03,3.080101e-02,4.312637e-02,8.971147e-02,1.857834e-03,2.178383e-02,4.705614e-01,9.230740e-03,1.886060e-02,2.522403e-03,1.633133e-02,1.516849e-02,1.755282e-01
2.915790e-02,7.182859e-02,6.277551e-03,2.317200e-02,4.911111e-02,1.173721e-01,1.614627e-03,1.632057e-02,4.338433e-01,6.760480e-03,1.363462e-02,1.970293e-03,6.469546e-02,1.196825e-02,1.522733e-01
3.585415e-02,7.224576e-02,7.423383e-03,2.302567e-02,6.002380e-02,1.151853e-01,1.983329e-03,1.646043e-02,3.774312e-01,5.880424e-03,9.954386e-03,1.559201e-03,7.055497e-02,8.836821e-03,1.935813e-01
3.690270e-02,6.299400e-02,1.394350e-02,8.918417e-02,6.043401e-02,1.028966e-01,2.356590e-03,8.793537e-02,3.072395e-01,5.507660e-03,7.849195e-03,1.583517e-03,5.339908e-02,6.501369e-03,1.612727e-01
4.839524e-02,7.487200e-02,1.780522e-02,6.686363e-02,5.435620e-02,1.290641e-01,2.466836e-03,1.458954e-01,2.525219e-01,5.250559e-03,7.216656e-03,1.663820e-03,5.214572e-02,5.361051e-03,1.361217e-01
4.885291e-02,8.416995e-02,2.852590e-02,6.711626e-02,4.655241e-02,1.037228e-01,2.972707e-03,2.370921e-01,2.006040e-01,5.164019e-03,7.222446e-03,1.811092e-03,4.309392e-02,4.046971e-03,1.190525e-01
3.614157e-02,7.639103e-02,1.274760e-01,1.555098e-01,3.406141e-02,7.311195e-02,2.197529e-03,1.664482e-01,1.611015e-01,5.696361e-03,8.548673e-03,2.428383e-03,3.135379e-02,3.583737e-03,1.159501e-01
2.681996e-02,5.910468e-02,1.630489e-01,2.253869e-01,2.455395e-02,5.162149e-02,1.667449e-03,1.173627e-01,1.226973e-01,5.111699e-03,6.221193e-02,7.382225e-03,3.897696e-02,3.030480e-03,9.102338e-02
2.028786e-02,4.240045e-02,1.177930e-01,1.720691e-01,1.761156e-02,3.633615e-02,1.324147e-03,8.309843e-02,8.981036e-02,1.200404e-02,1.816733e-01,2.017412e-02,1.307851e-01,4.410105e-03,7.022230e-02
1.805394e-02,3.137441e-02,1.156923e-01,1.401933e-01,1.500992e-02,2.606338e-02,1.430437e-03,5.851365e-02,6.776877e-02,2.491952e-02,1.647708e-01,3.897524e-02,2.307367e-01,9.687606e-03,5.680997e-02
1.726738e-02,5.200325e-02,1.098799e-01,1.492754e-01,2.405557e-02,2.163046e-02,2.898468e-03,4.141510e-02,5.942293e-02,2.933557e-02,1.436977e-01,9.080409e-02,1.907237e-01,1.707027e-02,5.052031e-02
1.810353e-02,3.812325e-02,7.720461e-02,1.060128e-01,1.943689e-02,1.574395e-02,2.447102e-03,2.915838e-02,5.305073e-02,2.793634e-02,1.358485e-01,2.329781e-01,1.709120e-01,3.697788e-02,3.606589e-02
1.455061e-02,2.740116e-02,5.419987e-02,7.495809e-02,1.545736e-02,1.150304e-02,1.951107e-03,2.214544e-02,4.284607e-02,2.193105e-02,1.485331e-01,3.419603e-01,1.407294e-01,5.618330e-02,2.565018e-02
1.429078e-02,1.947635e-02,3.830617e-02,5.308517e-02,1.276261e-02,1.014681e-02,1.564985e-03,1.700705e-02,3.746407e-02,1.892084e-02,2.167913e-01,3.250443e-01,1.040957e-01,1.127440e-01,1.829982e-02
1.034298e-02,1.371657e-02,2.699599e-02,3.734282e-02,9.341112e-03,7.660598e-03,1.122573e-03,1.270775e-02,2.879372e-02,1.363520e-02,3.436235e-01,2.292789e-01,7.324302e-02,1.793320e-01,1.286330e-02
8.188187e-03,9.678761e-03,1.899940e-02,2.640425e-02,6.781281e-03,6.041466e-03,8.203902e-04,9.139127e-03,2.277478e-02,1.020870e-02,4.122981e-01,1.616947e-01,5.147590e-02,2.464479e-01,9.047136e-03
5.866765e-03,7.996214e-03,1.539857e-02,1.906877e-02,1.182651e-02,4.882837e-03,6.253960e-04,6.659667e-03,1.310810e-01,9.544297e-03,3.829898e-01,1.158336e-01,3.619233e-02,2.453823e-01,6.651882e-03
4.210312e-03,5.792032e-03,1.138435e-02,1.356678e-02,1.013246e-02,5.735539e-03,4.654043e-04,4.854867e-03,1.525435e-01,7.386373e-03,3.744610e-01,8.291727e-02,2.545736e-02,2.963048e-01,4.787988e-03
3.458086e-03,5.001900e-03,1.279799e-02,1.002993e-02,9.688508e-03,6.771317e-03,3.392352e-04,3.772499e-03,1.297665e-01,6.376297e-03,4.039722e-01,5.933056e-02,1.810155e-02,3.271145e-01,3.478986e-03
2.667318e-03,3.603294e-03,1.090255e-02,7.145861e-03,8.198723e-03,1.080601e-02,2.541951e-04,2.691954e-03,9.981523e-02,5.757923e-03,3.877021e-01,4.234009e-02,1.281662e-02,4.027668e-01,2.531350e-03
2.031455e-03,2.615957e-03,9.148563e-03,5.048084e-03,6.379689e-03,1.178812e-02,1.902806e-04,1.911200e-03,7.918432e-02,5.493512e-03,3.758304e-01,3.105387e-02,9.130655e-03,4.583564e-01,1.837533e-03
1.935277e-03,2.787968e-03,1.344955e-02,3.624793e-03,5.522736e-03,1.178535e-02,1.702699e-04,1.379312e-03,1.263882e-01,6.168426e-03,3.093966e-01,2.292328e-02,6.705906e-03,4.862347e-01,1.527588e-03
1.745144e-03,2.182464e-03,1.490947e-02,2.678234e-03,4.678731e-03,9.285916e-03,1.439112e-04,1.029547e-03,1.910711e-01,5.300557e-03,2.397127e-01,1.654858e-02,4.838543e-03,5.046494e-01,1.225697e-03
2.592511e-03,3.519728e-03,3.439730e-02,2.544152e-03,4.785420e-03,1.233421e-02,1.936492e-04,1.058424e-03,2.770460e-01,6.599627e-03,1.851155e-01,1.211572e-02,3.575463e-03,4.524732e-01,1.649125e-03
3.379628e-03,9.015107e-03,4.883409e-02,4.130697e-03,5.670376e-03,2.375930e-02,2.588334e-04,3.233694e-03,3.232479e-01,1.218437e-02,1.494901e-01,9.090966e-03,2.874139e-03,4.013608e-01,3.470034e-03
4.782589e-03,1.460003e-02,8.308537e-02,5.576437e-03,6.629297e-03,3.507562e-02,3.178229e-04,4.070728e-03,3.733003e-01,1.813040e-02,1.120001e-01,6.592754e-03,2.452140e-03,3.263164e-01,7.070092e-03
7.896174e-03,1.413961e-02,1.117090e-01,6.315698e-03,5.527766e-03,3.511065e-02,2.917452e-04,1.772688e-02,4.370449e-01,1.941852e-02,8.002952e-02,4.652384e-03,1.830942e-03,2.514578e-01,6.848504e-03
1.871957e-02,2.064132e-02,1.119767e-01,8.483817e-03,8.168936e-03,5.902428e-02,5.154877e-04,3.407945e-02,4.267291e-01,2.369875e-02,5.961975e-02,3.303546e-03,1.472149e-03,2.147782e-01,8.788947e-03
2.518977e-02,2.634638e-02,9.700952e-02,8.459277e-03,7.493883e-03,1.155748e-01,5.215796e-04,4.045673e-02,4.078994e-01,1.997765e-02,4.574703e-02,2.445556e-03,1.230712e-03,1.922759e-01,9.371900e-03
3.306163e-02,2.548404e-02,7.608951e-02,7.325932e-03,6.236942e-03,1.015363e-01,5.482876e-04,3.052057e-02,4.780299e-01,1.539409e-02,5.032741e-02,2.091864e-03,1.331807e-03,1.602844e-01,1.173737e-02
4.379221e-02,2.398647e-02,5.934978e-02,7.966379e-03,5.927942e-03,8.853938e-02,7.853330e-04,2.548934e-02,5.205737e-01,1.195545e-02,6.320380e-02,1.999017e-03,1.810039e-03,1.310677e-01,1.355344e-02
8.049881e-02,2.627372e-02,5.512638e-02,7.612830e-03,6.991902e-03,7.403842e-02,1.617074e-03,2.290001e-02,4.718813e-01,9.109430e-03,8.924678e-02,2.540066e-03,2.635940e-03,1.316056e-01,1.792175e-02
1.047710e-01,4.821275e-02,4.851750e-02,6.247658e-03,8.019970e-03,6.489423e-02,1.992483e-03,2.934820e-02,4.099415e-01,6.822232e-03,1.003166e-01,3.200470e-03,2.320470e-03,1.494472e-01,1.594768e-02
1.204826e-01,5.617585e-02,5.032848e-02,5.607645e-03,1.067990e-02,5.131870e-02,4.142571e-03,7.920529e-02,3.351120e-01,5.310080e-03,1.228350e-01,3.678696e-03,2.759322e-03,1.382007e-01,1.416310e-02
1.321582e-01,5.449921e-02,4.284309e-02,5.541340e-03,1.003367e-02,3.823039e-02,5.228516e-03,1.753886e-01,2.626796e-01,4.027246e-03,1.018357e-01,3.684042e-03,2.755438e-03,1.503452e-01,1.074968e-02
1.248485e-01,5.591643e-02,4.434330e-02,6.112993e-03,9.495813e-03,2.877619e-02,6.328700e-03,2.922758e-01,2.008278e-01,3.005108e-03,7.986926e-02,3.118157e-03,2.485588e-03,1.346022e-01,7.994106e-03
1.554731e-01,5.146538e-02,5.987965e-02,8.337596e-03,1.234517e-02,2.324487e-02,7.093976e-03,3.273751e-01,1.586654e-01,2.526880e-03,5.981633e-02,3.166388e-03,3.038974e-03,1.208455e-01,6.725695e-03
1.816869e-01,4.256908e-02,7.050566e-02,9.287033e-03,1.376198e-02,2.044409e-02,7.332336e-03,3.740311e-01,1.211013e-01,2.106399e-03,4.489232e-02,3.389101e-03,3.750538e-03,9.912479e-02,6.017336e-03
2.204090e-01,3.371620e-02,7.250734e-02,1.512036e-02,1.992066e-02,1.775755e-02,5.928933e-03,3.997711e-01,9.595776e-02,1.735415e-03,3.241375e-02,3.881087e-03,4.130054e-03,7.118154e-02,5.569282e-03
1.774706e-01,2.595391e-02,5.286203e-02,1.478638e-02,1.656955e-02,1.344993e-02,4.273064e-03,3.129926e-01,2.858718e-01,3.067063e-03,2.577740e-02,3.668868e-03,4.248938e-03,5.127811e-02,7.729658e-03
1.355862e-01,2.067238e-02,3.785181e-02,1.326610e-02,1.316117e-02,1.009958e-02,3.173243e-03,2.382462e-01,4.365886e-01,4.450327e-03,2.726019e-02,3.874362e-03,7.156683e-03,3.687657e-02,1.173649e-02
9.540717e-02,1.561117e-02,2.659319e-02,1.146687e-02,1.233607e-02,7.110579e-03,2.252406e-03,1.677461e-01,5.894858e-01,3.244112e-03,2.326366e-02,2.939822e-03,7.359246e-03,2.594795e-02,9.235825e-03
6.728135e-02,1.190160e-02,1.881902e-02,1.235610e-02,9.783212e-03,5.043416e-03,1.592005e-03,1.184593e-01,6.919786e-01,2.579965e-03,2.111801e-02,2.260383e-03,8.475243e-03,1.835914e-02,9.992598e-03
5.184148e-02,1.778727e-02,1.545142e-02,2.658843e-02,1.233509e-02,4.503360e-03,1.307097e-03,8.610857e-02,5.948927e-01,4.328028e-03,6.087053e-02,9.052967e-03,5.031149e-02,1.596372e-02,4.865782e-02
4.774499e-02,1.753281e-02,1.805148e-02,3.032169e-02,1.552472e-02,4.450069e-03,1.512678e-03,6.501282e-02,4.572202e-01,4.768891e-03,7.242934e-02,1.138351e-02,7.082567e-02,1.380110e-02,1.694200e-01
3.896416e-02,1.545990e-02,1.857600e-02,2.705011e-02,1.923968e-02,3.375887e-03,1.467842e-03,6.150384e-02,3.692429e-01,5.068068e-03,7.201006e-02,9.942916e-03,7.325684e-02,1.229550e-02,2.725463e-01
3.918749e-02,2.313938e-02,2.153423e-02,3.031471e-02,2.797144e-02,3.160938e-03,1.326189e-03,6.797905e-02,4.199469e-01,4.207015e-03,5.472409e-02,8.333576e-03,5.738899e-02,1.252658e-02,2.282594e-01
8.696412e-02,3.918369e-02,3.086534e-02,2.747760e-02,2.986869e-02,3.952780e-03,1.474163e-03,5.865919e-02,4.176053e-01,4.535501e-03,3.954309e-02,6.621709e-03,4.633635e-02,1.197274e-02,1.949397e-01
1.057409e-01,6.176449e-02,2.720716e-02,2.438894e-02,3.269800e-02,6.277234e-03,1.497756e-03,7.142790e-02,4.343812e-01,5.124262e-03,2.878237e-02,5.188151e-03,3.678003e-02,9.111978e-03,1.496295e-01
9.711295e-02,8.373950e-02,3.534488e-02,2.512412e-02,3.653347e-02,6.429813e-03,1.718831e-03,1.187924e-01,4.025796e-01,8.938891e-03,2.099633e-02,3.840798e-03,2.887467e-02,6.698153e-03,1.232756e-01
7.845847e-02,6.493278e-02,2.987551e-02,1.908434e-02,4.062488e-02,4.996857e-03,1.642546e-03,3.090187e-01,3.121286e-01,6.415876e-03,1.548142e-02,2.749111e-03,2.147971e-02,4.763846e-03,8.834739e-02
9.516376e-02,5.611739e-02,2.637302e-02,1.692959e-02,4.126740e-02,5.688804e-03,2.185873e-03,4.222481e-01,2.314258e-01,4.801419e-03,1.232057e-02,2.459135e-03,1.625481e-02,3.628918e-03,6.313539e-02
1.198976e-01,5.080341e-02,2.363328e-02,1.570225e-02,4.196091e-02,8.017782e-03,6.014800e-03,4.874156e-01,1.677630e-01,3.784402e-03,9.921851e-03,2.386513e-03,1.291766e-02,2.963806e-03,4.681710e-02
1.481010e-01,5.146051e-02,2.258320e-02,1.268271e-02,3.493014e-02,1.298694e-02,6.177056e-03,5.238972e-01,1.256476e-01,2.766031e-03,7.731972e-03,3.313854e-03,1.066637e-02,2.437389e-03,3.461801e-02
2.140916e-01,4.077451e-02,1.659977e-02,1.037460e-02,2.710363e-02,1.729856e-02,5.276608e-03,4.964033e-01,1.137186e-01,2.208673e-03,9.310142e-03,6.266385e-03,1.116547e-02,2.068363e-03,2.733975e-02
1.723993e-01,6.034544e-02,1.760482e-02,1.069437e-01,2.158187e-02,1.380056e-02,3.950888e-03,3.574938e-01,8.774924e-02,5.011581e-03,3.160492e-02,5.399412e-02,3.222755e-02,2.755948e-03,3.253607e-02
1.434482e-01,4.842317e-02,2.491213e-02,1.064972e-01,1.615172e-02,1.062382e-02,2.987563e-03,2.571887e-01,8.328997e-02,4.798451e-02,4.418994e-02,4.909782e-02,5.070318e-02,5.354942e-03,1.091471e-01
1.510750e-01,3.899676e-02,2.026886e-02,8.761719e-02,1.274333e-02,9.056990e-03,2.492149e-03,1.880558e-01,8.690604e-02,4.600774e-02,5.406553e-02,4.531330e-02,6.371824e-02,1.048702e-02,1.831959e-01
1.226595e-01,3.565772e-02,2.130821e-02,6.602368e-02,9.465281e-03,8.089534e-03,2.063432e-03,1.349962e-01,1.326052e-01,5.297434e-02,4.585722e-02,3.593268e-02,6.015674e-02,3.491308e-02,2.372971e-01
1.671416e-01,3.347978e-02,2.045095e-02,4.986528e-02,9.966310e-03,9.131672e-03,2.148212e-03,9.838422e-02,1.270775e-01,4.539125e-02,4.354106e-02,3.209366e-02,6.172609e-02,7.336178e-02,2.262407e-01
1.729645e-01,3.442994e-02,2.577531e-02,3.972433e-02,9.675691e-03,1.178324e-02,1.989468e-03,7.073329e-02,1.195768e-01,5.201158e-02,3.722399e-02,2.704399e-02,4.857582e-02,1.101339e-01,2.383581e-01
2.884745e-01,3.459143e-02,2.901029e-02,3.295843e-02,1.008716e-02,1.530785e-02,2.079457e-03,5.236619e-02,1.018988e-01,4.145400e-02,3.071696e-02,2.515822e-02,4.195581e-02,9.840383e-02,1.955371e-01
3.382788e-01,3.068462e-02,2.198200e-02,2.985885e-02,1.004663e-02,1.598879e-02,2.211840e-03,3.955027e-02,8.861777e-02,3.575105e-02,2.460117e-02,3.121853e-02,3.503130e-02,1.070449e-01,1.891335e-01
3.331120e-01,5.044417e-02,1.684866e-02,4.124736e-02,8.254751e-03,1.510854e-02,1.934307e-03,2.920361e-02,1.043972e-01,3.577981e-02,2.564755e-02,2.816154e-02,3.099134e-02,8.807310e-02,1.907960e-01
3.175054e-01,5.250450e-02,1.343370e-02,3.643708e-02,1.043746e-02,1.244343e-02,2.295035e-03,2.450052e-02,1.758600e-01,3.557196e-02,2.659677e-02,3.948843e-02,3.290872e-02,7.598330e-02,1.440337e-01
2.549723e-01,5.261648e-02,1.017117e-02,3.019679e-02,1.107962e-02,1.129049e-02,1.828393e-03,1.814651e-02,3.359570e-01,2.626698e-02,2.320069e-02,3.568091e-02,2.913331e-02,5.532491e-02,1.041344e-01
2.152048e-01,5.284866e-02,8.053076e-03,3.018217e-02,1.015812e-02,1.385096e-02,1.477558e-03,1.728035e-02,4.329337e-01,1.955730e-02,1.834554e-02,2.977271e-02,2.509671e-02,4.066812e-02,8.457020e-02
1.851567e-01,6.286575e-02,6.053801e-03,3.006943e-02,1.218889e-02,2.276625e-02,1.285375e-03,1.272385e-02,4.610777e-01,1.500598e-02,1.352975e-02,2.215710e-02,3.324851e-02,2.954946e-02,9.232151e-02
1.635491e-01,8.146620e-02,5.424194e-03,6.588034e-02,1.180456e-02,5.153690e-02,1.000800e-03,9.775162e-03,4.344260e-01,1.346320e-02,1.111870e-02,1.629912e-02,2.963031e-02,2.135417e-02,8.327131e-02
1.560115e-01,6.643036e-02,5.243747e-03,7.367481e-02,1.790978e-02,5.561334e-02,1.717733e-03,1.494958e-02,4.636487e-01,1.236857e-02,1.126860e-02,1.311527e-02,2.805334e-02,1.583195e-02,6.416271e-02
1.340952e-01,6.474598e-02,7.534044e-03,1.738640e-01,1.422780e-02,4.118274e-02,1.390376e-03,1.216555e-02,3.775259e-01,2.576405e-02,1.955832e-02,1.082321e-02,2.539708e-02,1.231543e-02,7.941020e-02
1.778069e-01,6.142237e-02,1.181034e-02,1.398740e-01,1.686677e-02,5.069977e-02,1.774391e-03,2.540636e-02,3.270176e-01,2.658551e-02,2.651220e-02,1.145619e-02,2.964592e-02,1.110163e-02,8.201998e-02
1.713426e-01,5.480535e-02,1.301151e-02,1.115397e-01,1.491112e-02,4.213641e-02,1.496019e-03,2.344153e-02,3.381214e-01,3.862444e-02,2.607345e-02,9.232773e-03,2.456875e-02,1.033629e-02,1.203586e-01
1.476557e-01,5.014237e-02,3.602231e-02,1.333694e-01,1.794936e-02,3.508212e-02,1.468018e-03,2.698280e-02,3.046877e-01,4.768093e-02,2.784938e-02,7.354290e-03,2.019976e-02,1.068153e-02,1.328743e-01
1.235582e-01,7.615235e-02,5.436272e-02,1.681226e-01,3.629195e-02,3.895570e-02,2.443202e-03,4.105936e-02,2.416602e-01,3.909932e-02,2.320023e-02,5.748590e-03,1.694063e-02,1.070612e-02,1.216988e-01
1.037681e-01,6.200714e-02,5.947674e-02,1.585851e-01,4.400884e-02,3.828719e-02,3.068487e-03,1.566907e-01,2.001507e-01,2.978421e-02,2.049023e-02,4.529724e-03,1.941281e-02,9.351695e-03,9.038838e-02
8.703911e-02,8.221103e-02,6.489749e-02,1.439012e-01,4.190990e-02,3.330780e-02,3.045822e-03,1.196438e-01,1.745911e-01,5.100831e-02,3.724378e-02,5.550106e-03,1.604328e-02,1.316506e-02,1.264423e-01
6.137286e-02,9.521737e-02,7.867359e-02,1.395748e-01,3.301701e-02,2.513825e-02,2.400129e-03,8.410144e-02,2.217369e-01,5.601725e-02,3.176843e-02,5.446468e-03,1.271939e-02,1.197166e-02,1.408445e-01
4.530285e-02,7.678397e-02,6.820445e-02,1.310819e-01,2.914981e-02,1.944965e-02,2.341877e-03,5.952663e-02,2.122387e-01,4.542361e-02,1.398120e-01,8.277432e-03,1.373135e-02,4.113412e-02,1.075417e-01
3.269751e-02,5.482490e-02,4.958877e-02,9.267676e-02,2.110944e-02,1.798260e-02,1.680156e-03,4.176263e-02,1.580268e-01,3.226207e-02,1.558147e-01,6.943821e-03,1.107358e-02,2.458842e-01,7.767211e-02
2.384259e-02,4.062146e-02,3.805329e-02,6.615952e-02,1.575572e-02,1.808575e-02,1.259961e-03,2.947719e-02,1.304633e-01,2.362384e-02,2.199385e-01,7.058417e-03,9.671962e-03,3.135323e-01,6.245629e-02
1.953747e-02,2.955141e-02,2.727997e-02,4.685942e-02,1.191930e-02,1.500790e-02,9.870259e-04,2.081159e-02,9.543513e-02,1.754477e-02,2.826849e-01,6.379938e-03,8.393026e-03,3.729213e-01,4.468692e-02
1.641730e-02,2.340973e-02,1.971919e-02,3.310470e-02,9.162536e-03,1.178763e-02,7.309262e-04,1.468533e-02,7.556667e-02,1.417426e-02,2.797185e-01,7.266036e-03,7.510276e-03,4.540319e-01,3.271509e-02
1.726099e-02,1.799578e-02,1.416232e-02,2.351164e-02,7.213742e-03,9.667398e-03,5.474747e-04,1.048131e-02,8.559173e-02,1.166946e-02,2.771607e-01,7.735739e-03,5.985532e-03,4.876602e-01,2.335609e-02
1.368241e-02,1.391291e-02,1.004757e-02,1.661167e-02,5.359683e-03,7.785763e-03,3.942746e-04,7.374812e-03,8.069764e-02,9.215897e-03,2.554278e-01,7.271680e-03,4.456852e-03,5.512187e-01,1.654234e-02
1.063175e-02,1.081050e-02,7.455753e-03,1.198273e-02,4.116288e-03,6.006460e-03,2.828944e-04,5.206352e-03,9.157239e-02,6.838548e-03,2.332060e-01,7.390556e-03,3.277468e-03,5.894049e-01,1.181742e-02
7.726741e-03,8.023680e-03,5.634203e-03,8.500997e-03,3.033996e-03,4.595375e-03,2.000756e-04,3.655669e-03,9.362710e-02,5.036036e-03,1.864116e-01,7.211518e-03,2.398296e-03,6.555367e-01,8.408101e-03
5.692840e-03,7.030874e-03,5.412269e-03,6.090696e-03,2.340344e-03,3.911407e-03,1.431951e-04,2.592644e-03,1.390961e-01,3.801100e-03,1.461005e-01,5.555888e-03,1.761841e-03,6.644862e-01,5.984142e-03
