1.000000e+00,0.000000e+00,0.000000e+00,0.000000e+00,0.000000e+00,0.000000e+00,0.000000e+00,0.000000e+00,0.000000e+00,0.000000e+00,0.000000e+00,0.000000e+00,0.000000e+00,0.000000e+00,0.000000e+00
1.000000e+00,0.000000e+00,0.000000e+00,0.000000e+00,0.000000e+00,0.000000e+00,0.000000e+00,0.000000e+00,0.000000e+00,0.000000e+00,0.000000e+00,0.000000e+00,0.000000e+00,0.000000e+00,0.000000e+00
1.000000e+00,0.000000e+00,0.000000e+00,0.000000e+00,0.000000e+00,0.000000e+00,0.000000e+00,0.000000e+00,0.000000e+00,0.000000e+00,0.000000e+00,0.000000e+00,0.000000e+00,0.000000e+00,0.000000e+00
1.000000e+00,0.000000e+00,0.000000e+00,0.000000e+00,0.000000e+00,0.000000e+00,0.000000e+00,0.000000e+00,0.000000e+00,0.000000e+00,0.000000e+00,0.000000e+00,0.000000e+00,0.000000e+00,0.000000e+00
1.000000e+00,0.000000e+00,0.000000e+00,0.000000e+00,0.000000e+00,0.000000e+00,0.000000e+00,0.000000e+00,0.000000e+00,0.000000e+00,0.000000e+00,0.000000e+00,0.000000e+00,0.000000e+00,0.000000e+00
1.000000e+00,0.000000e+00,0.000000e+00,0.000000e+00,0.000000e+00,0.000000e+00,0.000000e+00,0.000000e+00,0.000000e+00,0.000000e+00,0.000000e+00,0.000000e+00,0.000000e+00,0.000000e+00,0.000000e+00
1.000000e+00,0.000000e+00,0.000000e+00,0.000000e+00,0.000000e+00,0.000000e+00,0.000000e+00,0.000000e+00,0.000000e+00,0.000000e+00,0.000000e+00,0.000000e+00,0.000000e+00,0.000000e+00,0.000000e+00
1.000000e+00,0.000000e+00,0.000000e+00,0.000000e+00,0.000000e+00,0.000000e+00,0.000000e+00,0.000000e+00,0.000000e+00,0.000000e+00,0.000000e+00,0.000000e+00,0.000000e+00,0.000000e+00,0.000000e+00
1.000000e+00,0.000000e+00,0.000000e+00,0.000000e+00,0.000000e+00,0.000000e+00,0.000000e+00,0.000000e+00,0.000000e+00,0.000000e+00,0.000000e+00,0.000000e+00,0.000000e+00,0.000000e+00,0.000000e+00
1.000000e+00,0.000000e+00,0.000000e+00,0.000000e+00,0.000000e+00,0.000000e+00,0.000000e+00,0.000000e+00,0.000000e+00,0.000000e+00,0.000000e+00,0.000000e+00,0.000000e+00,0.000000e+00,0.000000e+00
1.000000e+00,0.000000e+00,0.000000e+00,0.000000e+00,0.000000e+00,0.000000e+00,0.000000e+00,0.000000e+00,0.000000e+00,0.000000e+00,0.000000e+00,0.000000e+00,0.000000e+00,0.000000e+00,0.000000e+00
1.000000e+00,0.000000e+00,0.000000e+00,0.000000e+00,0.000000e+00,0.000000e+00,0.000000e+00,0.000000e+00,0.000000e+00,0.000000e+00,0.000000e+00,0.000000e+00,0.000000e+00,0.000000e+00,0.000000e+00
1.000000e+00,0.000000e+00,0.000000e+00,0.000000e+00,0.000000e+00,0.000000e+00,0.000000e+00,0.000000e+00,0.000000e+00,0.000000e+00,0.000000e+00,0.000000e+00,0.000000e+00,0.000000e+00,0.000000e+00
1.000000e+00,0.000000e+00,0.000000e+00,0.000000e+00,0.000000e+00,0.000000e+00,0.000000e+00,0.000000e+00,0.000000e+00,0.000000e+00,0.000000e+00,0.000000e+00,0.000000e+00,0.000000e+00,0.000000e+00
1.000000e+00,0.000000e+00,0.000000e+00,0.000000e+00,0.000000e+00,0.000000e+00,0.000000e+00,0.000000e+00,0.000000e+00,0.000000e+00,0.000000e+00,0.000000e+00,0.000000e+00,0.000000e+00,0.000000e+00
1.000000e+00,0.000000e+00,0.000000e+00,0.000000e+00,0.000000e+00,0.000000e+00,0.000000e+00,0.000000e+00,0.000000e+00,0.000000e+00,0.000000e+00,0.000000e+00,0.000000e+00,0.000000e+00,0.000000e+00
1.000000e+00,0.000000e+00,0.000000e+00,0.000000e+00,0.000000e+00,0.000000e+00,0.000000e+00,0.000000e+00,0.000000e+00,0.000000e+00,0.000000e+00,0.000000e+00,0.000000e+00,0.000000e+00,0.000000e+00
1.000000e+00,0.000000e+00,0.000000e+00,0.000000e+00,0.000000e+00,0.000000e+00,0.000000e+00,0.000000e+00,0.000000e+00,0.000000e+00,0.000000e+00,0.000000e+00,0.000000e+00,0.000000e+00,0.000000e+00
1.000000e+00,0.000000e+00,0.000000e+00,0.000000e+00,0.000000e+00,0.000000e+00,0.000000e+00,0.000000e+00,0.000000e+00,0.000000e+00,0.000000e+00,0.000000e+00,0.000000e+00,0.000000e+00,0.000000e+00
1.000000e+00,0.000000e+00,0.000000e+00,0.000000e+00,0.000000e+00,0.000000e+00,0.000000e+00,0.000000e+00,0.000000e+00,0.000000e+00,0.000000e+00,0.000000e+00,0.000000e+00,0.000000e+00,0.000000e+00
1.000000e+00,0.000000e+00,0.000000e+00,0.000000e+00,0.000000e+00,0.000000e+00,0.000000e+00,0.000000e+00,0.000000e+00,0.000000e+00,0.000000e+00,0.000000e+00,0.000000e+00,0.000000e+00,0.000000e+00
1.000000e+00,0.000000e+00,0.000000e+00,0.000000e+00,0.000000e+00,0.000000e+00,0.000000e+00,0.000000e+00,0.000000e+00,0.000000e+00,0.000000e+00,0.000000e+00,0.000000e+00,0.000000e+00,0.000000e+00
1.000000e+00,0.000000e+00,0.000000e+00,0.000000e+00,0.000000e+00,0.000000e+00,0.000000e+00,0.000000e+00,0.000000e+00,0.000000e+00,0.000000e+00,0.000000e+00,0.000000e+00,0.000000e+00,0.000000e+00
1.000000e+00,0.000000e+00,0.000000e+00,0.000000e+00,0.000000e+00,0.000000e+00,0.000000e+00,0.000000e+00,0.000000e+00,0.000000e+00,0.000000e+00,0.000000e+00,0.000000e+00,0.000000e+00,0.000000e+00
1.000000e+00,0.000000e+00,0.000000e+00,0.000000e+00,0.000000e+00,0.000000e+00,0.000000e+00,0.000000e+00,0.000000e+00,0.000000e+00,0.000000e+00,0.000000e+00,0.000000e+00,0.000000e+00,0.000000e+00
1.000000e+00,0.000000e+00,0.000000e+00,0.000000e+00,0.000000e+00,0.000000e+00,0.000000e+00,0.000000e+00,0.000000e+00,0.000000e+00,0.000000e+00,0.000000e+00,0.000000e+00,0.000000e+00,0.000000e+00
1.000000e+00,0.000000e+00,0.000000e+00,0.000000e+00,0.000000e+00,0.000000e+00,0.000000e+00,0.000000e+00,0.000000e+00,0.000000e+00,0.000000e+00,0.000000e+00,0.000000e+00,0.000000e+00,0.000000e+00
1.000000e+00,0.000000e+00,0.000000e+00,0.000000e+00,0.000000e+00,0.000000e+00,0.000000e+00,0.000000e+00,0.000000e+00,0.000000e+00,0.000000e+00,0.000000e+00,0.000000e+00,0.000000e+00,0.000000e+00
1.000000e+00,0.000000e+00,0.000000e+00,0.000000e+00,0.000000e+00,0.000000e+00,0.000000e+00,0.000000e+00,0.000000e+00,0.000000e+00,0.000000e+00,0.000000e+00,0.000000e+00,0.000000e+00,0.000000e+00
1.000000e+00,0.000000e+00,0.000000e+00,0.000000e+00,0.000000e+00,0.000000e+00,0.000000e+00,0.000000e+00,0.000000e+00,0.000000e+00,0.000000e+00,0.000000e+00,0.000000e+00,0.000000e+00,0.000000e+00
1.000000e+00,0.000000e+00,0.000000e+00,0.000000e+00,0.000000e+00,0.000000e+00,0.000000e+00,0.000000e+00,0.000000e+00,0.000000e+00,0.000000e+00,0.000000e+00,0.000000e+00,0.000000e+00,0.000000e+00
1.000000e+00,0.000000e+00,0.000000e+00,0.000000e+00,0.000000e+00,0.000000e+00,0.000000e+00,0.000000e+00,0.000000e+00,0.000000e+00,0.000000e+00,0.000000e+00,0.000000e+00,0.000000e+00,0.000000e+00
1.000000e+00,0.000000e+00,0.000000e+00,0.000000e+00,0.000000e+00,0.000000e+00,0.000000e+00,0.000000e+00,0.000000e+00,0.000000e+00,0.000000e+00,0.000000e+00,0.000000e+00,0.000000e+00,0.000000e+00
1.000000e+00,0.000000e+00,0.000000e+00,0.000000e+00,0.000000e+00,0.000000e+00,0.000000e+00,0.000000e+00,0.000000e+00,0.000000e+00,0.000000e+00,0.000000e+00,0.000000e+00,0.000000e+00,0.000000e+00
1.000000e+00,0.000000e+00,0.000000e+00,0.000000e+00,0.000000e+00,0.000000e+00,0.000000e+00,0.000000e+00,0.000000e+00,0.000000e+00,0.000000e+00,0.000000e+00,0.000000e+00,0.000000e+00,0.000000e+00
1.000000e+00,0.000000e+00,0.000000e+00,0.000000e+00,0.000000e+00,0.000000e+00,0.000000e+00,0.000000e+00,0.000000e+00,0.000000e+00,0.000000e+00,0.000000e+00,0.000000e+00,0.000000e+00,0.000000e+00
1.000000e+00,0.000000e+00,0.000000e+00,0.000000e+00,0.000000e+00,0.000000e+00,0.000000e+00,0.000000e+00,0.000000e+00,0.000000e+00,0.000000e+00,0.000000e+00,0.000000e+00,0.000000e+00,0.000000e+00
1.000000e+00,0.000000e+00,0.000000e+00,0.000000e+00,0.000000e+00,0.000000e+00,0.000000e+00,0.000000e+00,0.000000e+00,0.000000e+00,0.000000e+00,0.000000e+00,0.000000e+00,0.000000e+00,0.000000e+00
1.000000e+00,0.000000e+00,0.000000e+00,0.000000e+00,0.000000e+00,0.000000e+00,0.000000e+00,0.000000e+00,0.000000e+00,0.000000e+00,0.000000e+00,0.000000e+00,0.000000e+00,0.000000e+00,0.000000e+00
1.000000e+00,0.000000e+00,0.000000e+00,0.000000e+00,0.000000e+00,0.000000e+00,0.000000e+00,0.000000e+00,0.000000e+00,0.000000e+00,0.000000e+00,0.000000e+00,0.000000e+00,0.000000e+00,0.000000e+00
1.000000e+00,0.000000e+00,0.000000e+00,0.000000e+00,0.000000e+00,0.000000e+00,0.000000e+00,0.000000e+00,0.000000e+00,0.000000e+00,0.000000e+00,0.000000e+00,0.000000e+00,0.000000e+00,0.000000e+00
1.000000e+00,0.000000e+00,0.000000e+00,0.000000e+00,0.000000e+00,0.000000e+00,0.000000e+00,0.000000e+00,0.000000e+00,0.000000e+00,0.000000e+00,0.000000e+00,0.000000e+00,0.000000e+00,0.000000e+00
1.000000e+00,0.000000e+00,0.000000e+00,0.000000e+00,0.000000e+00,0.000000e+00,0.000000e+00,0.000000e+00,0.000000e+00,0.000000e+00,0.000000e+00,0.000000e+00,0.000000e+00,0.000000e+00,0.000000e+00
1.000000e+00,0.000000e+00,0.000000e+00,0.000000e+00,0.000000e+00,0.000000e+00,0.000000e+00,0.000000e+00,0.000000e+00,0.000000e+00,0.000000e+00,0.000000e+00,0.000000e+00,0.000000e+00,0.000000e+00
1.000000e+00,0.000000e+00,0.000000e+00,0.000000e+00,0.000000e+00,0.000000e+00,0.000000e+00,0.000000e+00,0.000000e+00,0.000000e+00,0.000000e+00,0.000000e+00,0.000000e+00,0.000000e+00,0.000000e+00
1.000000e+00,0.000000e+00,0.000000e+00,0.000000e+00,0.000000e+00,0.000000e+00,0.000000e+00,0.000000e+00,0.000000e+00,0.000000e+00,0.000000e+00,0.000000e+00,0.000000e+00,0.000000e+00,0.000000e+00
1.000000e+00,0.000000e+00,0.000000e+00,0.000000e+00,0.000000e+00,0.000000e+00,0.000000e+00,0.000000e+00,0.000000e+00,0.000000e+00,0.000000e+00,0.000000e+00,0.000000e+00,0.000000e+00,0.000000e+00
1.000000e+00,0.000000e+00,0.000000e+00,0.000000e+00,0.000000e+00,0.000000e+00,0.000000e+00,0.000000e+00,0.000000e+00,0.000000e+00,0.000000e+00,0.000000e+00,0.000000e+00,0.000000e+00,0.000000e+00
1.000000e+00,0.000000e+00,0.000000e+00,0.000000e+00,0.000000e+00,0.000000e+00,0.000000e+00,0.000000e+00,0.000000e+00,0.000000e+00,0.000000e+00,0.000000e+00,0.000000e+00,0.000000e+00,0.000000e+00
1.000000e+00,0.000000e+00,0.000000e+00,0.000000e+00,0.000000e+00,0.000000e+00,0.000000e+00,0.000000e+00,0.000000e+00,0.000000e+00,0.000000e+00,0.000000e+00,0.000000e+00,0.000000e+00,0.000000e+00
1.000000e+00,0.000000e+00,0.000000e+00,0.000000e+00,0.000000e+00,0.000000e+00,0.000000e+00,0.000000e+00,0.000000e+00,0.000000e+00,0.000000e+00,0.000000e+00,0.000000e+00,0.000000e+00,0.000000e+00
1.000000e+00,0.000000e+00,0.000000e+00,0.000000e+00,0.000000e+00,0.000000e+00,0.000000e+00,0.000000e+00,0.000000e+00,0.000000e+00,0.000000e+00,0.000000e+00,0.000000e+00,0.000000e+00,0.000000e+00
1.000000e+00,0.000000e+00,0.000000e+00,0.000000e+00,0.000000e+00,0.000000e+00,0.000000e+00,0.000000e+00,0.000000e+00,0.000000e+00,0.000000e+00,0.000000e+00,0.000000e+00,0.000000e+00,0.000000e+00
1.000000e+00,0.000000e+00,0.000000e+00,0.000000e+00,0.000000e+00,0.000000e+00,0.000000e+00,0.000000e+00,0.000000e+00,0.000000e+00,0.000000e+00,0.000000e+00,0.000000e+00,0.000000e+00,0.000000e+00
1.000000e+00,0.000000e+00,0.000000e+00,0.000000e+00,0.000000e+00,0.000000e+00,0.000000e+00,0.000000e+00,0.000000e+00,0.000000e+00,0.000000e+00,0.000000e+00,0.000000e+00,0.000000e+00,0.000000e+00
3.675931e-01,2.318889e-02,4.201057e-02,4.010955e-01,1.076608e-02,1.671328e-02,4.492200e-03,1.492029e-02,6.694710e-03,2.771720e-03,2.462635e-02,4.672722e-02,1.756674e-02,2.560001e-03,1.827344e-02
2.573650e-01,1.880267e-02,3.040897e-02,5.203568e-01,7.675008e-03,1.189664e-02,3.162225e-03,1.045597e-02,5.224599e-03,2.759238e-03,6.242094e-02,3.601135e-02,1.784607e-02,1.825596e-03,1.378893e-02
1.802519e-01,1.330841e-02,2.154668e-02,4.485563e-01,5.640437e-03,8.545745e-03,2.251614e-03,7.352259e-03,3.939540e-03,6.995494e-03,1.008718e-01,6.550396e-02,1.234103e-01,1.510352e-03,1.031523e-02
1.262167e-01,9.330566e-03,1.515518e-02,3.275216e-01,4.334983e-03,6.227140e-03,1.606453e-03,5.200653e-03,2.961171e-03,6.920363e-03,1.760162e-01,1.119224e-01,1.980383e-01,1.202231e-03,7.345993e-03
8.851986e-02,6.557000e-03,1.066314e-02,2.345358e-01,6.636002e-03,6.751791e-03,1.235435e-03,3.783009e-03,6.285742e-03,5.351153e-03,1.685114e-01,2.419285e-01,2.129833e-01,9.222203e-04,5.335699e-03
6.205846e-02,4.609663e-03,7.682926e-03,1.656322e-01,7.436471e-03,1.636385e-02,9.329721e-04,3.108044e-03,6.204041e-03,3.826711e-03,1.213928e-01,3.815405e-01,2.145886e-01,6.620265e-04,3.960819e-03
4.353715e-02,3.271748e-03,5.480319e-03,1.163186e-01,6.879261e-03,1.543222e-02,7.189395e-04,2.576798e-03,6.397419e-03,2.750276e-03,8.605570e-02,5.092157e-01,1.979824e-01,4.721713e-04,2.911306e-03
3.057076e-02,2.319774e-03,3.900894e-03,8.149450e-02,5.487477e-03,1.202673e-02,5.592376e-04,2.131568e-03,5.740404e-03,1.991597e-03,6.060164e-02,6.080405e-01,1.826433e-01,3.396911e-04,2.151937e-03
2.143978e-02,1.635395e-03,2.763738e-03,5.708276e-02,4.212007e-03,8.841266e-03,4.334719e-04,1.880264e-03,4.415508e-03,1.420247e-03,4.281572e-02,7.012762e-01,1.499609e-01,2.531374e-04,1.569689e-03
1.512944e-02,1.166701e-03,1.983365e-03,4.005133e-02,3.308696e-03,7.445561e-03,3.316615e-04,1.953634e-03,3.490367e-03,1.067770e-03,3.053974e-02,7.223284e-01,1.696842e-01,2.208960e-04,1.298223e-03
1.118150e-02,8.475543e-04,1.458807e-03,2.812779e-02,2.499904e-03,7.809692e-03,2.684732e-04,2.517503e-03,2.665295e-03,8.634583e-04,2.198909e-02,7.605911e-01,1.578425e-01,2.338309e-04,1.103563e-03
8.532789e-03,6.456262e-04,1.260421e-03,1.981976e-02,2.298376e-03,1.347513e-02,3.064477e-04,7.836848e-03,1.998343e-03,6.597383e-04,1.619162e-02,7.948531e-01,1.310120e-01,2.265493e-04,8.833949e-04
1.636490e-02,6.217835e-04,1.528760e-03,1.541765e-02,3.575636e-03,4.171838e-02,5.674082e-04,1.770166e-02,1.589866e-03,5.026662e-04,1.204552e-02,7.766846e-01,1.105905e-01,2.702331e-04,8.204406e-04
3.651209e-02,6.943947e-04,1.855320e-03,1.247709e-02,1.621377e-02,3.186213e-02,8.019882e-04,2.401544e-02,2.578722e-03,4.233132e-04,9.543692e-03,7.455993e-01,1.159639e-01,6.644067e-04,7.944868e-04
8.870588e-02,9.050868e-04,2.107855e-03,1.098961e-02,5.237377e-02,2.850081e-02,1.217553e-03,2.605218e-02,3.443445e-03,4.376010e-04,8.341122e-03,6.110171e-01,1.633744e-01,1.195211e-03,1.338397e-03
9.569532e-02,3.485411e-03,2.956045e-03,1.423724e-02,1.119736e-01,3.276800e-02,7.421710e-03,2.790497e-02,3.483880e-03,4.343365e-04,7.884882e-03,5.027471e-01,1.859238e-01,1.608636e-03,1.474992e-03
1.475177e-01,3.642407e-03,2.603023e-03,1.130597e-02,1.232191e-01,3.083387e-02,7.828618e-03,2.643185e-02,3.734400e-03,5.114259e-04,8.695222e-03,4.716278e-01,1.580128e-01,2.545648e-03,1.490180e-03
1.626152e-01,8.751670e-03,4.081401e-03,1.407428e-02,1.810305e-01,2.496681e-02,9.257351e-03,3.515797e-02,9.359779e-03,7.664197e-04,9.681848e-03,3.988811e-01,1.342968e-01,3.765577e-03,3.313315e-03
1.597399e-01,1.041023e-02,4.690112e-03,1.589441e-02,1.723206e-01,1.998285e-02,1.057640e-02,6.750136e-02,1.257967e-02,1.039324e-03,1.016173e-02,3.230989e-01,1.831409e-01,4.688489e-03,4.175109e-03
1.422077e-01,9.227758e-03,4.186646e-03,1.723572e-02,2.128121e-01,1.864237e-02,1.638966e-02,9.795419e-02,1.292689e-02,8.720208e-04,9.584048e-03,2.410221e-01,2.087912e-01,4.456323e-03,3.691312e-03
1.369974e-01,1.044674e-02,4.320577e-03,1.795098e-02,1.775815e-01,2.607579e-02,5.249729e-02,8.532339e-02,1.293821e-02,6.992145e-04,8.311837e-03,1.730335e-01,2.829977e-01,3.642506e-03,7.183367e-03
1.349008e-01,2.431929e-02,1.165298e-02,5.610615e-02,1.472292e-01,2.674571e-02,6.396590e-02,7.054604e-02,1.221789e-02,1.072309e-03,1.092589e-02,1.464538e-01,2.779707e-01,5.209352e-03,1.068393e-02
9.808900e-02,3.975496e-02,3.462251e-02,7.871839e-02,1.097549e-01,6.659871e-02,5.618884e-02,6.040043e-02,2.830849e-02,2.113109e-03,1.498505e-02,1.267261e-01,2.524383e-01,6.112184e-03,2.518904e-02
7.293858e-02,3.448449e-02,2.566103e-02,6.057737e-02,8.136765e-02,5.226473e-02,4.179895e-02,4.334053e-02,2.355460e-02,1.610597e-03,1.177309e-02,9.718560e-02,4.237123e-01,4.786707e-03,2.494378e-02
5.425204e-02,3.945005e-02,4.198403e-02,6.075807e-02,6.155797e-02,5.696692e-02,3.441775e-02,3.096811e-02,3.701748e-02,2.285036e-03,1.124190e-02,9.807022e-02,4.177569e-01,6.887878e-03,4.638566e-02
3.942205e-02,2.862134e-02,3.338462e-02,4.304035e-02,4.428904e-02,4.272418e-02,2.629315e-02,2.174518e-02,2.749819e-02,1.764266e-03,1.033831e-02,1.783035e-01,4.616303e-01,5.515220e-03,3.543037e-02
3.078897e-02,2.045205e-02,2.429649e-02,3.038302e-02,3.162968e-02,3.255789e-02,2.067348e-02,1.530959e-02,2.101250e-02,1.702052e-03,9.848549e-03,2.084791e-01,5.188301e-01,5.141472e-03,2.889509e-02
2.914542e-02,1.660918e-02,1.863410e-02,2.181573e-02,2.298155e-02,3.040309e-02,1.545234e-02,1.109675e-02,2.431565e-02,4.189748e-03,1.473735e-02,2.245635e-01,5.383570e-01,4.853595e-03,2.284509e-02
3.330688e-02,1.588327e-02,1.444063e-02,1.731347e-02,1.691908e-02,2.826464e-02,1.216022e-02,8.264520e-03,4.368433e-02,6.685559e-03,2.460183e-02,2.422135e-01,5.103689e-01,5.237760e-03,2.065549e-02
2.963935e-02,1.522490e-02,1.312336e-02,1.414444e-02,1.344274e-02,2.991471e-02,1.070513e-02,7.689062e-03,9.574264e-02,1.147356e-02,2.548784e-02,2.339632e-01,4.143175e-01,1.135947e-02,7.377206e-02
2.156039e-02,1.604325e-02,2.394954e-02,2.725454e-02,1.083774e-02,3.119310e-02,1.090586e-02,1.336029e-02,1.985022e-01,1.009578e-02,2.000469e-02,1.784823e-01,3.050385e-01,1.002558e-02,1.227462e-01
1.935289e-02,2.283479e-02,2.367345e-02,4.260231e-02,8.731959e-03,3.762909e-02,9.161590e-03,1.075144e-02,2.891737e-01,9.544500e-03,2.048228e-02,1.371001e-01,2.280030e-01,9.219463e-03,1.317395e-01
1.753689e-02,2.096955e-02,1.871377e-02,3.458700e-02,9.385310e-03,4.761837e-02,1.023057e-02,1.149111e-02,3.147422e-01,9.890194e-03,2.218664e-02,1.127136e-01,1.736873e-01,8.043416e-03,1.882041e-01
1.684275e-02,1.814850e-02,1.420080e-02,2.577536e-02,1.147149e-02,4.259974e-02,1.325878e-02,1.472658e-02,3.672814e-01,8.178486e-03,2.001872e-02,8.656751e-02,1.313106e-01,7.810903e-03,2.218084e-01
1.384332e-02,1.437983e-02,2.815128e-02,2.279028e-02,1.363557e-02,4.070748e-02,1.082656e-02,1.364379e-01,3.556250e-01,6.746071e-03,1.745602e-02,6.384087e-02,9.694260e-02,7.503328e-03,1.711139e-01
1.170736e-02,1.478958e-02,6.717482e-02,3.040959e-02,1.501033e-02,4.166013e-02,1.058298e-02,2.160793e-01,3.168899e-01,7.281861e-03,1.466724e-02,4.517379e-02,6.965042e-02,7.213902e-03,1.317088e-01
1.045310e-02,1.439670e-02,8.634384e-02,2.672134e-02,1.521685e-02,3.359360e-02,1.635894e-02,3.296929e-01,2.626666e-01,6.914684e-03,1.204880e-02,3.198988e-02,5.000894e-02,5.977148e-03,9.761669e-02
1.487711e-02,2.362510e-02,8.799960e-02,2.129754e-02,1.685300e-02,2.961784e-02,1.872206e-02,3.804914e-01,2.491501e-01,7.042186e-03,1.028228e-02,2.259642e-02,3.958214e-02,4.610623e-03,7.325254e-02
2.122498e-02,2.884359e-02,7.276902e-02,1.791425e-02,2.277000e-02,2.548842e-02,1.968462e-02,4.435028e-01,2.299844e-01,6.210427e-03,7.879332e-03,1.590487e-02,3.104323e-02,3.404576e-03,5.337542e-02
3.284552e-02,3.453077e-02,5.993715e-02,1.795746e-02,3.012907e-02,2.421245e-02,1.649907e-02,4.705693e-01,2.210383e-01,5.608325e-03,6.236722e-03,1.131538e-02,2.547684e-02,2.770424e-03,4.087317e-02
3.678416e-02,3.714512e-02,4.602347e-02,1.444113e-02,2.813697e-02,2.310358e-02,1.303244e-02,5.392458e-01,1.885438e-01,4.576385e-03,4.756351e-03,8.149439e-03,2.145035e-02,2.427299e-03,3.218365e-02
3.700219e-02,2.975560e-02,4.064357e-02,1.298846e-02,2.567344e-02,1.945730e-02,1.142392e-02,6.275106e-01,1.387391e-01,3.767891e-03,3.652830e-03,5.900458e-03,1.686012e-02,1.977362e-03,2.464714e-02
4.782381e-02,2.474403e-02,3.663222e-02,1.089032e-02,2.178458e-02,5.636737e-02,9.461918e-03,6.371859e-01,9.853317e-02,3.569704e-03,4.783929e-03,5.756579e-03,1.379481e-02,2.827590e-03,2.584407e-02
7.578330e-02,2.092854e-02,3.114970e-02,8.937437e-03,1.942066e-02,5.496372e-02,7.215890e-03,6.582441e-01,6.972060e-02,3.696886e-03,5.143381e-03,5.770594e-03,1.107138e-02,2.508401e-03,2.544549e-02
8.386786e-02,1.615161e-02,2.528949e-02,7.234468e-03,1.507645e-02,4.870358e-02,5.264212e-03,6.561117e-01,4.987539e-02,1.090112e-02,6.090612e-03,4.848540e-03,8.550526e-03,2.037074e-03,5.999739e-02
6.145795e-02,1.329459e-02,2.585389e-02,7.119105e-03,1.106816e-02,4.832313e-02,3.954072e-03,4.634392e-01,3.679927e-02,8.321228e-03,2.351376e-01,6.235005e-03,7.116464e-03,2.696365e-02,4.491671e-02
4.609103e-02,1.074852e-02,3.595935e-02,6.671076e-03,8.334163e-03,4.464881e-02,3.452488e-03,3.377141e-01,2.747667e-02,7.157562e-03,3.871393e-01,7.613104e-03,5.751321e-03,3.862438e-02,3.261814e-02
3.297681e-02,7.650396e-03,2.744279e-02,6.287389e-03,5.918099e-03,3.340710e-02,2.456114e-03,2.390353e-01,2.019272e-02,5.318026e-03,4.489942e-01,1.092977e-02,4.440635e-03,1.319683e-01,2.298241e-02
2.412313e-02,5.569910e-03,2.040041e-02,6.572385e-03,4.577913e-03,2.701374e-02,1.808933e-03,1.689470e-01,1.490031e-02,4.072270e-03,4.917240e-01,1.319179e-02,3.689560e-03,1.969494e-01,1.645925e-02
1.716236e-02,1.964441e-02,1.744717e-02,5.262210e-03,1.335314e-02,2.183839e-02,1.340227e-03,1.192098e-01,1.979503e-02,4.898707e-03,5.083954e-01,1.157269e-02,2.767765e-03,2.240200e-01,1.329265e-02
1.383226e-02,1.456111e-02,1.675222e-02,5.727646e-03,1.108241e-02,1.711660e-02,1.097835e-03,8.475130e-02,2.178834e-02,5.326297e-03,5.343784e-01,1.086593e-02,3.062955e-03,2.498949e-01,9.761822e-03
1.028600e-02,1.061617e-02,1.239515e-02,4.383149e-03,8.524695e-03,1.479679e-02,8.430034e-04,6.005700e-02,2.293023e-02,4.573237e-03,5.078592e-01,1.247621e-02,2.715076e-03,3.203770e-01,7.167095e-03
7.351561e-03,2.216578e-02,1.021549e-02,3.555450e-03,8.471707e-03,1.138674e-02,6.016083e-04,4.211849e-02,1.701865e-01,4.824305e-03,4.054286e-01,1.354481e-02,2.000195e-03,2.912169e-01,6.931762e-03
5.263527e-03,2.729945e-01,1.514096e-02,2.576101e-03,7.644526e-03,1.275674e-02,4.286107e-04,2.971685e-02,1.318090e-01,3.988520e-03,2.926176e-01,9.807413e-03,1.462010e-03,2.084822e-01,5.311389e-03
3.815852e-03,4.725522e-01,1.289998e-02,2.029417e-03,6.541451e-03,1.267090e-02,3.075627e-04,2.085920e-02,9.944799e-02,3.064743e-03,2.056182e-01,6.876846e-03,1.073431e-03,1.466769e-01,5.565388e-03
2.797308e-03,5.867647e-01,1.221708e-02,2.506948e-03,4.720708e-03,1.169643e-02,2.208225e-04,1.462143e-02,8.163968e-02,2.332889e-03,1.493500e-01,4.862428e-03,1.560107e-03,1.052705e-01,1.943897e-02
2.782016e-03,6.423503e-01,1.228303e-02,2.534708e-03,3.581228e-03,9.622982e-03,1.610483e-04,1.037804e-02,8.732025e-02,1.861937e-03,1.169571e-01,3.460738e-03,2.545640e-03,8.083892e-02,2.332202e-02
3.764136e-03,6.220621e-01,9.944690e-03,3.167691e-03,2.749990e-03,7.344783e-03,1.237092e-04,7.661921e-03,8.633900e-02,2.384457e-03,1.268818e-01,2.806102e-03,5.762232e-03,7.409157e-02,4.491579e-02
3.949446e-03,6.060987e-01,1.009251e-02,8.668669e-03,2.239095e-03,6.143796e-03,1.266052e-04,6.365051e-03,8.715092e-02,3.448416e-03,1.225377e-01,2.396215e-03,1.142148e-02,6.960554e-02,5.975587e-02
2.403927e-02,5.260936e-01,1.410806e-02,1.331052e-02,3.172803e-03,7.489617e-03,5.942251e-04,6.736249e-03,7.395565e-02,4.256120e-03,1.276670e-01,2.389768e-03,2.951870e-02,8.500598e-02,8.166248e-02
1.987315e-02,3.887523e-01,2.004031e-02,3.990311e-02,3.104117e-03,6.284970e-03,4.912561e-04,7.297261e-03,9.698287e-02,1.331063e-02,1.020398e-01,2.130081e-03,2.552252e-02,8.987474e-02,1.843928e-01
1.922826e-02,2.918236e-01,1.852391e-02,3.552834e-02,2.576224e-03,5.613276e-03,4.424999e-04,9.785807e-03,1.015005e-01,1.654042e-02,8.045962e-02,2.115847e-03,2.847666e-02,1.104846e-01,2.769004e-01
1.875282e-02,2.535383e-01,1.480910e-02,3.403055e-02,9.066381e-03,1.116247e-02,6.138848e-04,8.224874e-03,1.787549e-01,1.765043e-02,6.786937e-02,2.362887e-03,3.509956e-02,8.624855e-02,2.618160e-01
1.504986e-02,2.200547e-01,1.275768e-02,4.180893e-02,1.256780e-02,2.025609e-02,7.095430e-04,9.407480e-03,1.909507e-01,2.337760e-02,5.379359e-02,2.066215e-03,2.991509e-02,6.849380e-02,2.987909e-01
1.200567e-02,1.580698e-01,1.247916e-02,5.902851e-02,1.189451e-02,2.168496e-02,5.728027e-04,9.483573e-03,1.440462e-01,2.194531e-02,4.091950e-02,1.790828e-03,2.257536e-02,5.359982e-02,4.299039e-01
1.668315e-02,1.167862e-01,1.412705e-02,7.505941e-02,1.233848e-02,1.762756e-02,5.137507e-04,1.041780e-02,1.183253e-01,2.114019e-02,3.372764e-02,3.233573e-03,2.031482e-02,4.380377e-02,4.959013e-01
1.630869e-02,8.917435e-02,1.166409e-02,5.924249e-02,1.522447e-02,1.741195e-02,4.076179e-04,9.183818e-03,1.043994e-01,1.738615e-02,2.686219e-02,3.209949e-03,1.664818e-02,3.502786e-02,5.778488e-01
1.725306e-02,7.841223e-02,1.546381e-02,5.963741e-02,2.601998e-02,1.390523e-02,5.276271e-04,1.671618e-02,1.284045e-01,1.472981e-02,2.419437e-02,3.107928e-03,1.467316e-02,2.813496e-02,5.588198e-01
2.585517e-02,7.162453e-02,1.875617e-02,5.166855e-02,3.374662e-02,1.687176e-02,1.460325e-03,4.569558e-02,2.571834e-01,1.101833e-02,2.370489e-02,2.624999e-03,1.405306e-02,2.340586e-02,4.023308e-01
2.395819e-02,8.725762e-02,2.035281e-02,4.152146e-02,3.067482e-02,5.616894e-02,2.068625e-03,4.124980e-02,3.445266e-01,7.952880e-03,1.805004e-02,2.734948e-03,2.123934e-02,1.735314e-02,2.848908e-01
2.483286e-02,2.304352e-01,2.326241e-02,4.342691e-02,2.237221e-02,4.330478e-02,1.756856e-03,2.927123e-02,2.945441e-01,1.039398e-02,1.392088e-02,2.531834e-03,2.606849e-02,1.310438e-02,2.207739e-01
4.271551e-02,2.831424e-01,7.869070e-02,5.659159e-02,1.682537e-02,3.177137e-02,1.388262e-03,2.183211e-02,2.391328e-01,1.005839e-02,1.288084e-02,3.784348e-03,2.372369e-02,1.055235e-02,1.669103e-01
6.962642e-02,2.239211e-01,1.670302e-01,8.626769e-02,1.927226e-02,2.609748e-02,1.942326e-03,2.024500e-02,2.002505e-01,9.462185e-03,1.318711e-02,5.341610e-03,2.324296e-02,9.192918e-03,1.249202e-01
1.299586e-01,1.988000e-01,1.360520e-01,8.164087e-02,4.591542e-02,2.518266e-02,2.409789e-03,2.771064e-02,1.976900e-01,7.534295e-03,1.251172e-02,6.543484e-03,2.466447e-02,7.962659e-03,9.542333e-02
2.083436e-01,1.750895e-01,1.038264e-01,6.656831e-02,5.424532e-02,2.227610e-02,2.335401e-03,4.006214e-02,1.902025e-01,8.301347e-03,1.185399e-02,6.068624e-03,2.521170e-02,8.636164e-03,7.697888e-02
2.411119e-01,1.643909e-01,7.651254e-02,5.603515e-02,6.496713e-02,2.252018e-02,2.507919e-03,3.338187e-02,2.260436e-01,6.762662e-03,1.031105e-02,5.343989e-03,2.187116e-02,7.443575e-03,6.079640e-02
2.456106e-01,1.761359e-01,5.976525e-02,5.291313e-02,7.018185e-02,2.396432e-02,3.248329e-03,3.224130e-02,2.166859e-01,8.168982e-03,9.310849e-03,5.335378e-03,1.899670e-02,7.350189e-03,7.009123e-02
2.612051e-01,1.589440e-01,4.466625e-02,4.398038e-02,5.542123e-02,1.985651e-02,2.679761e-03,2.466160e-02,1.898037e-01,3.045463e-02,1.023119e-02,7.249787e-03,1.650680e-02,7.280805e-03,1.270583e-01
2.946720e-01,1.300830e-01,3.443449e-02,3.681928e-02,4.318805e-02,1.798836e-02,2.237129e-03,1.871963e-02,1.490558e-01,3.533548e-02,1.220123e-02,8.785501e-03,1.546105e-02,1.093386e-02,1.900851e-01
3.542550e-01,1.060119e-01,2.970646e-02,4.076369e-02,3.423381e-02,1.804581e-02,2.212723e-03,1.569337e-02,1.263288e-01,2.888247e-02,1.852822e-02,1.179492e-02,1.861169e-02,1.752220e-02,1.774090e-01
3.018906e-01,1.119470e-01,2.787906e-02,3.293050e-02,2.481342e-02,1.871796e-02,2.224424e-03,1.333736e-02,1.429089e-01,2.773104e-02,5.238120e-02,9.378325e-03,1.602969e-02,6.675858e-02,1.510720e-01
2.658479e-01,8.836792e-02,2.935621e-02,2.483293e-02,1.784708e-02,1.738308e-02,2.301002e-03,1.108884e-02,1.194881e-01,2.159192e-02,9.626545e-02,7.537464e-03,1.229876e-02,1.741019e-01,1.116915e-01
2.728100e-01,6.438157e-02,2.232163e-02,1.818422e-02,1.275574e-02,1.452041e-02,1.916086e-03,8.833395e-03,8.563226e-02,1.607359e-02,1.507598e-01,6.402192e-03,8.981559e-03,2.374505e-01,7.897710e-02
2.193616e-01,4.620355e-02,1.672692e-02,1.342738e-02,9.213591e-03,1.316301e-02,1.492381e-03,6.529310e-03,6.114994e-02,1.174439e-02,1.547679e-01,5.716427e-03,6.542886e-03,3.781043e-01,5.585632e-02
1.553982e-01,3.268484e-02,1.198674e-02,9.893796e-03,6.624865e-03,1.030224e-02,1.068241e-03,4.595514e-03,4.698350e-02,8.643607e-03,1.372237e-01,5.104679e-03,4.628206e-03,5.255762e-01,3.928578e-02
1.089332e-01,2.298857e-02,8.445289e-03,7.033178e-03,4.697585e-03,7.684433e-03,7.632608e-04,3.231052e-03,3.697120e-02,6.897393e-03,1.242059e-01,4.024433e-03,3.278814e-03,6.332722e-01,2.757346e-02
7.653832e-02,1.629609e-02,6.481125e-03,5.053844e-03,3.458957e-03,7.307304e-03,6.026855e-04,2.378759e-03,2.928939e-02,5.636226e-03,1.262609e-01,3.440713e-03,2.406617e-03,6.954684e-01,1.938067e-02
5.369035e-02,1.175351e-02,4.704194e-03,3.611895e-03,2.662806e-03,2.222126e-02,4.928550e-04,1.685413e-03,2.309480e-02,5.224024e-03,1.209434e-01,3.405287e-03,2.504735e-03,7.303792e-01,1.362633e-02
3.767680e-02,8.371196e-03,3.482554e-03,2.629348e-03,1.966040e-03,2.495768e-02,3.737558e-04,1.193205e-03,2.043247e-02,4.273690e-03,1.024469e-01,2.889641e-03,1.958575e-03,7.777761e-01,9.572098e-03
2.639177e-02,9.057283e-03,2.594772e-03,1.968821e-03,1.543289e-03,1.405724e-01,3.359657e-04,8.417947e-04,2.734410e-02,4.260952e-03,8.466455e-02,2.308371e-03,1.571648e-03,6.897659e-01,6.778307e-03
1.850077e-02,6.861180e-03,1.837673e-03,1.405525e-03,1.139179e-03,2.063472e-01,2.440899e-04,5.952027e-04,3.215706e-02,3.563904e-03,6.627198e-02,2.160052e-03,1.389954e-03,6.527566e-01,4.769589e-03
1.297519e-02,5.333818e-03,1.299347e-03,1.006007e-03,8.195924e-04,3.507507e-01,1.755296e-04,4.213743e-04,2.790749e-02,2.922344e-03,5.007125e-02,1.910530e-03,3.456455e-03,5.375858e-01,3.364466e-03
9.117554e-03,3.942544e-03,9.175153e-04,8.485469e-04,6.284494e-04,4.716820e-01,1.367762e-04,3.513442e-04,3.344188e-02,2.298637e-03,3.849511e-02,1.459629e-03,3.179095e-03,4.311214e-01,2.379438e-03
6.402598e-03,3.059725e-03,6.534549e-04,6.224695e-04,4.827837e-04,6.098443e-01,9.858175e-05,2.770718e-04,4.050345e-02,1.636035e-03,2.717948e-02,1.026918e-03,2.275964e-03,3.042666e-01,1.670483e-03
4.674622e-03,3.541080e-03,8.300999e-04,2.306624e-03,7.398953e-04,6.922894e-01,1.650870e-04,1.274276e-03,5.433237e-02,1.283540e-03,1.956017e-02,7.660686e-04,1.757714e-03,2.151867e-01,1.292403e-03
3.510689e-03,3.573098e-03,9.601557e-04,1.784567e-02,1.855107e-03,7.297094e-01,1.320071e-04,1.388817e-03,6.786533e-02,2.036416e-03,1.549316e-02,6.917772e-04,2.022140e-03,1.514831e-01,1.433046e-03
3.333729e-03,5.283791e-03,1.361760e-03,2.059567e-02,1.038063e-02,7.322264e-01,1.317459e-04,1.517192e-03,9.722942e-02,3.075381e-03,1.196506e-02,6.730680e-04,1.614472e-03,1.066119e-01,3.999785e-03
9.213057e-03,1.207839e-02,3.737879e-03,1.962820e-02,3.044893e-02,6.526474e-01,3.865322e-04,3.463744e-03,1.302383e-01,8.203952e-03,1.156376e-02,8.520804e-04,1.801344e-03,7.578849e-02,3.994794e-02
2.793978e-02,1.245012e-02,5.493521e-03,2.731805e-02,7.220829e-02,5.688060e-01,1.934626e-03,1.264077e-02,1.671263e-01,6.583869e-03,9.388293e-03,8.854409e-04,1.877289e-03,5.388751e-02,3.146023e-02
4.116263e-02,2.338004e-02,1.749274e-02,3.119294e-02,6.896552e-02,4.342172e-01,1.623420e-03,1.219651e-02,1.348416e-01,1.504687e-02,7.818041e-03,1.077814e-03,1.996895e-03,3.867743e-02,1.703104e-01
3.211979e-02,2.441952e-02,8.160058e-02,1.215434e-01,5.088392e-02,3.062602e-01,1.192542e-03,1.118043e-02,1.005537e-01,1.603828e-02,6.830133e-03,1.245622e-03,1.815314e-03,2.722394e-02,2.170927e-01
3.118716e-02,2.350684e-02,1.173287e-01,1.634549e-01,3.836329e-02,2.174790e-01,9.141701e-04,9.512367e-03,7.807001e-02,2.202275e-02,8.467501e-03,1.365785e-03,1.779406e-03,1.983243e-02,2.667156e-01
3.792807e-02,2.834857e-02,1.396695e-01,1.269076e-01,3.214350e-02,1.541376e-01,8.199316e-04,8.392883e-03,6.178821e-02,2.260732e-02,7.139825e-03,1.282528e-03,1.501528e-03,1.674496e-02,3.605880e-01
4.853147e-02,3.985431e-02,1.343054e-01,1.096497e-01,2.869665e-02,1.110676e-01,9.847104e-04,7.330922e-03,5.473517e-02,2.583094e-02,7.269454e-03,1.401283e-03,1.622693e-03,1.499029e-02,4.137294e-01
5.350909e-02,3.180655e-02,1.134069e-01,1.001107e-01,3.788194e-02,8.771093e-02,2.845976e-03,1.879560e-01,4.225674e-02,1.985945e-02,1.059282e-02,1.188151e-03,2.061265e-03,1.168222e-02,2.971313e-01
4.003797e-02,2.607044e-02,8.320026e-02,7.541844e-02,2.818379e-02,6.411818e-02,2.530318e-03,4.078106e-01,3.034447e-02,1.475305e-02,7.788190e-03,8.531943e-04,1.489388e-03,8.431941e-03,2.089698e-01
3.406812e-02,2.791587e-02,6.472525e-02,6.844681e-02,2.934126e-02,5.048966e-02,2.778226e-03,5.151047e-01,2.781297e-02,1.389280e-02,7.329794e-03,6.648253e-04,1.199175e-03,6.841173e-03,1.493894e-01
2.934568e-02,2.092322e-02,4.685529e-02,5.271615e-02,5.270742e-02,3.795268e-02,2.477810e-03,5.983995e-01,2.884435e-02,1.144273e-02,6.498066e-03,8.024437e-04,1.063384e-03,4.917000e-03,1.050543e-01
3.304436e-02,7.151739e-02,3.503046e-02,4.905725e-02,4.452817e-02,3.226405e-02,2.055109e-03,4.513052e-01,1.097949e-01,3.392025e-02,3.112599e-02,6.975407e-03,5.494351e-03,4.838976e-03,8.904819e-02
2.456521e-02,9.539393e-02,2.572505e-02,3.571508e-02,3.162602e-02,2.317574e-02,1.490948e-03,3.182886e-01,2.247976e-01,3.892838e-02,2.523235e-02,5.446595e-03,4.479660e-03,1.147311e-02,1.336617e-01
1.824167e-02,7.443339e-02,1.950618e-02,2.597769e-02,2.250347e-02,1.746142e-02,1.092907e-03,2.229690e-01,2.812918e-01,3.453246e-02,1.963164e-02,4.310021e-03,3.930299e-03,2.857286e-02,2.255453e-01
1.595830e-02,5.498035e-02,1.427534e-02,1.836292e-02,1.694897e-02,1.281392e-02,8.076984e-04,1.562161e-01,2.628618e-01,2.910348e-02,3.096075e-02,3.209744e-03,5.073304e-03,3.630767e-02,3.421196e-01
1.244164e-02,4.578843e-02,1.015380e-02,1.321549e-02,1.208088e-02,9.589916e-03,5.761785e-04,1.094017e-01,2.724722e-01,2.513038e-02,2.266238e-02,2.317902e-03,3.917450e-03,3.121489e-02,4.290367e-01
1.171144e-02,4.398252e-02,1.145250e-02,1.068050e-02,8.633745e-03,7.320217e-03,4.176483e-04,7.668264e-02,2.306524e-01,2.094214e-02,1.755898e-02,1.707524e-03,3.260327e-03,2.533295e-02,5.296645e-01
1.063627e-02,5.752470e-02,7.140127e-02,2.615224e-02,6.395244e-03,5.443911e-03,3.309969e-04,5.384038e-02,2.616955e-01,2.624159e-02,1.377407e-02,1.650192e-03,3.237989e-03,1.849179e-02,4.431838e-01
1.622866e-02,5.407293e-02,1.103473e-01,2.227548e-02,4.802684e-03,5.927818e-03,3.008136e-04,3.788304e-02,2.100510e-01,6.419666e-02,1.102951e-02,1.708187e-03,3.530287e-03,1.697811e-02,4.406675e-01
1.986898e-02,5.210904e-02,8.774450e-02,1.838139e-02,3.902030e-03,5.999996e-03,2.781033e-04,2.687982e-02,1.861216e-01,1.195946e-01,2.028141e-02,2.677090e-03,1.003229e-02,1.530356e-02,4.308257e-01
3.839837e-02,3.745503e-02,6.395464e-02,1.407822e-02,4.222326e-03,1.939864e-02,3.754760e-04,1.959054e-02,1.343507e-01,8.831152e-02,6.333777e-02,2.253983e-03,1.028505e-02,2.334665e-02,4.806411e-01
3.956584e-02,3.433658e-02,1.595319e-01,3.334756e-02,4.835454e-03,1.847298e-02,4.085115e-04,1.430616e-02,1.767408e-01,8.185270e-02,4.733364e-02,2.940664e-03,9.579418e-03,1.808933e-02,3.586585e-01
2.897793e-02,2.487355e-02,3.443676e-01,2.810003e-02,3.500321e-03,1.311438e-02,2.947283e-04,1.014483e-02,1.519192e-01,7.642069e-02,3.366951e-02,2.114246e-03,7.006388e-03,1.283104e-02,2.626656e-01
3.945470e-02,2.526245e-02,3.964167e-01,2.563414e-02,7.031292e-03,1.126961e-02,4.048804e-04,7.560896e-03,1.229081e-01,6.389272e-02,2.567250e-02,1.600211e-03,5.398630e-03,1.599656e-02,2.514966e-01
4.909222e-02,3.373890e-02,4.148421e-01,3.086226e-02,1.221239e-02,1.258533e-02,7.253925e-04,6.698269e-03,9.705789e-02,5.273606e-02,2.089721e-02,1.603678e-03,4.784049e-03,1.995372e-02,2.422105e-01
5.264475e-02,4.608484e-02,3.055207e-01,2.525555e-02,2.414365e-02,1.365805e-01,2.149751e-03,7.083163e-03,7.349545e-02,7.049094e-02,1.917230e-02,2.474496e-03,1.586178e-02,2.022387e-02,1.988183e-01
4.398647e-02,3.952625e-02,2.210284e-01,2.126333e-02,3.740524e-02,2.058341e-01,3.517609e-03,6.107270e-03,5.850497e-02,1.138182e-01,1.611667e-02,2.684082e-03,3.744016e-02,2.106826e-02,1.716991e-01
3.111190e-02,3.730831e-02,1.768004e-01,1.529106e-02,3.207486e-02,2.169987e-01,1.233147e-02,4.789953e-03,4.358763e-02,2.378836e-01,1.302146e-02,2.720725e-03,3.191973e-02,1.974533e-02,1.244150e-01
2.197844e-02,2.688912e-02,1.239256e-01,1.097225e-02,2.401850e-02,1.940718e-01,9.454360e-03,3.708296e-03,3.098844e-02,3.952810e-01,1.789898e-02,1.462583e-02,2.391692e-02,1.439316e-02,8.787735e-02
1.553883e-02,1.935920e-02,8.691822e-02,8.108790e-03,1.833625e-02,1.634009e-01,7.281056e-03,2.706315e-03,2.260970e-02,4.696706e-01,3.474495e-02,5.817271e-02,1.913465e-02,1.167519e-02,6.234270e-02
1.091880e-02,1.430457e-02,6.098753e-02,5.940116e-03,1.425807e-02,1.434363e-01,5.705037e-03,1.947348e-03,1.628124e-02,3.717738e-01,9.113863e-02,1.751798e-01,1.466336e-02,2.887251e-02,4.459291e-02
7.712554e-03,1.022935e-02,4.274037e-02,4.251478e-03,1.094416e-02,1.115437e-01,4.154112e-03,1.413204e-03,1.185661e-02,3.011541e-01,1.017491e-01,1.522610e-01,1.157792e-02,1.959416e-01,3.247079e-02
5.441524e-03,7.190078e-03,2.993686e-02,2.992109e-03,7.895527e-03,7.896999e-02,2.934146e-03,1.007939e-03,8.635276e-03,2.214790e-01,8.567111e-02,1.182652e-01,8.644024e-03,3.979139e-01,2.302339e-02
3.874372e-03,5.044801e-03,2.096594e-02,2.137093e-03,5.816831e-03,5.549284e-02,2.064890e-03,7.424347e-04,7.242989e-03,1.778558e-01,8.561976e-02,9.438627e-02,7.928494e-03,5.096292e-01,2.119835e-02
2.759602e-03,3.557907e-03,1.471011e-02,1.545824e-03,4.694652e-03,3.893559e-02,1.468900e-03,5.615897e-04,7.279379e-03,1.544152e-01,1.089706e-01,8.521257e-02,6.778457e-03,5.485600e-01,2.054969e-02
2.107041e-03,2.595888e-03,1.038058e-02,1.143622e-03,6.939413e-03,2.796450e-02,1.381012e-03,4.893636e-04,8.731022e-03,1.563591e-01,2.231611e-01,9.923145e-02,9.915122e-03,4.254476e-01,2.415330e-02
1.698201e-03,2.096541e-03,7.415563e-03,9.480459e-04,1.253057e-02,2.036495e-02,1.631790e-03,5.020030e-04,8.611075e-03,1.555317e-01,3.241400e-01,1.112004e-01,1.092480e-02,3.194430e-01,2.296138e-02
1.269061e-03,1.768218e-03,5.302008e-03,6.884153e-04,1.112684e-02,1.463372e-02,1.424807e-03,3.766351e-04,6.745873e-03,1.165163e-01,5.048146e-01,8.244007e-02,9.928457e-03,2.263211e-01,1.664385e-02
9.216263e-04,1.282156e-03,3.737959e-03,4.888979e-04,1.009718e-02,1.032237e-02,1.091480e-03,2.786005e-04,5.394818e-03,8.419802e-02,6.414115e-01,6.036658e-02,7.940735e-03,1.601821e-01,1.228592e-02
6.875810e-04,1.111619e-03,2.696790e-03,3.571655e-04,1.977739e-02,7.467882e-03,1.091107e-03,3.302524e-04,1.001061e-02,6.180809e-02,7.172022e-01,4.780665e-02,6.455590e-03,1.139186e-01,9.278504e-03
5.662265e-04,3.654382e-03,2.137012e-03,3.105940e-04,1.523293e-02,7.454377e-03,8.401330e-04,2.962420e-04,9.898467e-03,4.655667e-02,7.688912e-01,4.845284e-02,7.471535e-03,8.118363e-02,7.053765e-03
1.210756e-03,3.023690e-02,4.236852e-03,5.966638e-04,2.110586e-02,6.328514e-02,5.828123e-03,1.552863e-03,2.197984e-02,4.374455e-02,6.841961e-01,4.993229e-02,7.113056e-03,5.778047e-02,7.200550e-03
3.881003e-03,2.162894e-02,1.148557e-02,1.055279e-03,2.121899e-02,6.494600e-02,1.047590e-01,1.282317e-01,1.739157e-02,3.989830e-02,4.943442e-01,3.876443e-02,5.873993e-03,4.135041e-02,5.170599e-03
2.053417e-02,1.623791e-02,1.118927e-02,2.384417e-03,4.514083e-02,2.083554e-01,9.706154e-02,9.775528e-02,2.786538e-02,3.575772e-02,3.655005e-01,3.455244e-02,4.419385e-03,2.942196e-02,3.823888e-03
3.082902e-02,1.177541e-02,1.474547e-02,2.343939e-03,6.175824e-02,3.419665e-01,9.410973e-02,7.362364e-02,2.588692e-02,2.756863e-02,2.614758e-01,2.703171e-02,3.281583e-03,2.084550e-02,2.757927e-03
5.967168e-02,1.397877e-02,2.162795e-02,5.111416e-03,1.118028e-01,3.091258e-01,7.317416e-02,5.472051e-02,4.724973e-02,4.016795e-02,2.118272e-01,2.866939e-02,3.726817e-03,1.649187e-02,2.653985e-03
7.976452e-02,1.559158e-02,2.999635e-02,1.704627e-02,1.372708e-01,2.929480e-01,5.685382e-02,4.356801e-02,5.450287e-02,4.854139e-02,1.725926e-01,2.973001e-02,4.736060e-03,1.356247e-02,3.295281e-03
8.144769e-02,1.613700e-02,5.283336e-02,5.805764e-02,1.508260e-01,2.604545e-01,4.165166e-02,6.995630e-02,4.342157e-02,5.204120e-02,1.280856e-01,2.449192e-02,4.892574e-03,1.169460e-02,4.008327e-03
1.024213e-01,1.664467e-02,7.583416e-02,5.926932e-02,2.260506e-01,2.011546e-01,3.235047e-02,5.218729e-02,4.237017e-02,5.802556e-02,9.481873e-02,2.006450e-02,4.969039e-03,9.799506e-03,4.040129e-03
1.285351e-01,1.685229e-02,6.783732e-02,5.828542e-02,3.154610e-01,1.502936e-01,2.664333e-02,3.937446e-02,3.511162e-02,5.261152e-02,7.146125e-02,1.810343e-02,6.528310e-03,8.923532e-03,3.977908e-03
1.309364e-01,1.385665e-02,5.070151e-02,5.171078e-02,3.623947e-01,1.138704e-01,6.387351e-02,3.471277e-02,2.784667e-02,6.151580e-02,5.408591e-02,1.681835e-02,5.469330e-03,8.145836e-03,4.061427e-03
1.158801e-01,1.410263e-02,3.938180e-02,3.971120e-02,4.267130e-01,8.603214e-02,1.088255e-01,3.055598e-02,2.126045e-02,4.893255e-02,3.977779e-02,1.331176e-02,4.567230e-03,6.948475e-03,3.999380e-03
