1.000000e+00,0.000000e+00,0.000000e+00,0.000000e+00,0.000000e+00,0.000000e+00,0.000000e+00,0.000000e+00,0.000000e+00,0.000000e+00,0.000000e+00,0.000000e+00,0.000000e+00,0.000000e+00,0.000000e+00
1.000000e+00,0.000000e+00,0.000000e+00,0.000000e+00,0.000000e+00,0.000000e+00,0.000000e+00,0.000000e+00,0.000000e+00,0.000000e+00,0.000000e+00,0.000000e+00,0.000000e+00,0.000000e+00,0.000000e+00
1.000000e+00,0.000000e+00,0.000000e+00,0.000000e+00,0.000000e+00,0.000000e+00,0.000000e+00,0.000000e+00,0.000000e+00,0.000000e+00,0.000000e+00,0.000000e+00,0.000000e+00,0.000000e+00,0.000000e+00
1.000000e+00,0.000000e+00,0.000000e+00,0.000000e+00,0.000000e+00,0.000000e+00,0.000000e+00,0.000000e+00,0.000000e+00,0.000000e+00,0.000000e+00,0.000000e+00,0.000000e+00,0.000000e+00,0.000000e+00
1.000000e+00,0.000000e+00,0.000000e+00,0.000000e+00,0.000000e+00,0.000000e+00,0.000000e+00,0.000000e+00,0.000000e+00,0.000000e+00,0.000000e+00,0.000000e+00,0.000000e+00,0.000000e+00,0.000000e+00
1.000000e+00,0.000000e+00,0.000000e+00,0.000000e+00,0.000000e+00,0.000000e+00,0.000000e+00,0.000000e+00,0.000000e+00,0.000000e+00,0.000000e+00,0.000000e+00,0.000000e+00,0.000000e+00,0.000000e+00
1.000000e+00,0.000000e+00,0.000000e+00,0.000000e+00,0.000000e+00,0.000000e+00,0.000000e+00,0.000000e+00,0.000000e+00,0.000000e+00,0.000000e+00,0.000000e+00,0.000000e+00,0.000000e+00,0.000000e+00
1.000000e+00,0.000000e+00,0.000000e+00,0.000000e+00,0.000000e+00,0.000000e+00,0.000000e+00,0.000000e+00,0.000000e+00,0.000000e+00,0.000000e+00,0.000000e+00,0.000000e+00,0.000000e+00,0.000000e+00
1.000000e+00,0.000000e+00,0.000000e+00,0.000000e+00,0.000000e+00,0.000000e+00,0.000000e+00,0.000000e+00,0.000000e+00,0.000000e+00,0.000000e+00,0.000000e+00,0.000000e+00,0.000000e+00,0.000000e+00
1.000000e+00,0.000000e+00,0.000000e+00,0.000000e+00,0.000000e+00,0.000000e+00,0.000000e+00,0.000000e+00,0.000000e+00,0.000000e+00,0.000000e+00,0.000000e+00,0.000000e+00,0.000000e+00,0.000000e+00
1.000000e+00,0.000000e+00,0.000000e+00,0.000000e+00,0.000000e+00,0.000000e+00,0.000000e+00,0.000000e+00,0.000000e+00,0.000000e+00,0.000000e+00,0.000000e+00,0.000000e+00,0.000000e+00,0.000000e+00
1.000000e+00,0.000000e+00,0.000000e+00,0.000000e+00,0.000000e+00,0.000000e+00,0.000000e+00,0.000000e+00,0.000000e+00,0.000000e+00,0.000000e+00,0.000000e+00,0.000000e+00,0.000000e+00,0.000000e+00
1.000000e+00,0.000000e+00,0.000000e+00,0.000000e+00,0.000000e+00,0.000000e+00,0.000000e+00,0.000000e+00,0.000000e+00,0.000000e+00,0.000000e+00,0.000000e+00,0.000000e+00,0.000000e+00,0.000000e+00
1.000000e+00,0.000000e+00,0.000000e+00,0.000000e+00,0.000000e+00,0.000000e+00,0.000000e+00,0.000000e+00,0.000000e+00,0.000000e+00,0.000000e+00,0.000000e+00,0.000000e+00,0.000000e+00,0.000000e+00
1.000000e+00,0.000000e+00,0.000000e+00,0.000000e+00,0.000000e+00,0.000000e+00,0.000000e+00,0.000000e+00,0.000000e+00,0.000000e+00,0.000000e+00,0.000000e+00,0.000000e+00,0.000000e+00,0.000000e+00
1.000000e+00,0.000000e+00,0.000000e+00,0.000000e+00,0.000000e+00,0.000000e+00,0.000000e+00,0.000000e+00,0.000000e+00,0.000000e+00,0.000000e+00,0.000000e+00,0.000000e+00,0.000000e+00,0.000000e+00
1.000000e+00,0.000000e+00,0.000000e+00,0.000000e+00,0.000000e+00,0.000000e+00,0.000000e+00,0.000000e+00,0.000000e+00,0.000000e+00,0.000000e+00,0.000000e+00,0.000000e+00,0.000000e+00,0.000000e+00
1.000000e+00,0.000000e+00,0.000000e+00,0.000000e+00,0.000000e+00,0.000000e+00,0.000000e+00,0.000000e+00,0.000000e+00,0.000000e+00,0.000000e+00,0.000000e+00,0.000000e+00,0.000000e+00,0.000000e+00
1.000000e+00,0.000000e+00,0.000000e+00,0.000000e+00,0.000000e+00,0.000000e+00,0.000000e+00,0.000000e+00,0.000000e+00,0.000000e+00,0.000000e+00,0.000000e+00,0.000000e+00,0.000000e+00,0.000000e+00
1.000000e+00,0.000000e+00,0.000000e+00,0.000000e+00,0.000000e+00,0.000000e+00,0.000000e+00,0.000000e+00,0.000000e+00,0.000000e+00,0.000000e+00,0.000000e+00,0.000000e+00,0.000000e+00,0.000000e+00
1.000000e+00,0.000000e+00,0.000000e+00,0.000000e+00,0.000000e+00,0.000000e+00,0.000000e+00,0.000000e+00,0.000000e+00,0.000000e+00,0.000000e+00,0.000000e+00,0.000000e+00,0.000000e+00,0.000000e+00
1.000000e+00,0.000000e+00,0.000000e+00,0.000000e+00,0.000000e+00,0.000000e+00,0.000000e+00,0.000000e+00,0.000000e+00,0.000000e+00,0.000000e+00,0.000000e+00,0.000000e+00,0.000000e+00,0.000000e+00
1.000000e+00,0.000000e+00,0.000000e+00,0.000000e+00,0.000000e+00,0.000000e+00,0.000000e+00,0.000000e+00,0.000000e+00,0.000000e+00,0.000000e+00,0.000000e+00,0.000000e+00,0.000000e+00,0.000000e+00
1.000000e+00,0.000000e+00,0.000000e+00,0.000000e+00,0.000000e+00,0.000000e+00,0.000000e+00,0.000000e+00,0.000000e+00,0.000000e+00,0.000000e+00,0.000000e+00,0.000000e+00,0.000000e+00,0.000000e+00
1.000000e+00,0.000000e+00,0.000000e+00,0.000000e+00,0.000000e+00,0.000000e+00,0.000000e+00,0.000000e+00,0.000000e+00,0.000000e+00,0.000000e+00,0.000000e+00,0.000000e+00,0.000000e+00,0.000000e+00
1.000000e+00,0.000000e+00,0.000000e+00,0.000000e+00,0.000000e+00,0.000000e+00,0.000000e+00,0.000000e+00,0.000000e+00,0.000000e+00,0.000000e+00,0.000000e+00,0.000000e+00,0.000000e+00,0.000000e+00
1.000000e+00,0.000000e+00,0.000000e+00,0.000000e+00,0.000000e+00,0.000000e+00,0.000000e+00,0.000000e+00,0.000000e+00,0.000000e+00,0.000000e+00,0.000000e+00,0.000000e+00,0.000000e+00,0.000000e+00
1.000000e+00,0.000000e+00,0.000000e+00,0.000000e+00,0.000000e+00,0.000000e+00,0.000000e+00,0.000000e+00,0.000000e+00,0.000000e+00,0.000000e+00,0.000000e+00,0.000000e+00,0.000000e+00,0.000000e+00
1.000000e+00,0.000000e+00,0.000000e+00,0.000000e+00,0.000000e+00,0.000000e+00,0.000000e+00,0.000000e+00,0.000000e+00,0.000000e+00,0.000000e+00,0.000000e+00,0.000000e+00,0.000000e+00,0.000000e+00
1.000000e+00,0.000000e+00,0.000000e+00,0.000000e+00,0.000000e+00,0.000000e+00,0.000000e+00,0.000000e+00,0.000000e+00,0.000000e+00,0.000000e+00,0.000000e+00,0.000000e+00,0.000000e+00,0.000000e+00
1.000000e+00,0.000000e+00,0.000000e+00,0.000000e+00,0.000000e+00,0.000000e+00,0.000000e+00,0.000000e+00,0.000000e+00,0.000000e+00,0.000000e+00,0.000000e+00,0.000000e+00,0.000000e+00,0.000000e+00
1.000000e+00,0.000000e+00,0.000000e+00,0.000000e+00,0.000000e+00,0.000000e+00,0.000000e+00,0.000000e+00,0.000000e+00,0.000000e+00,0.000000e+00,0.000000e+00,0.000000e+00,0.000000e+00,0.000000e+00
1.000000e+00,0.000000e+00,0.000000e+00,0.000000e+00,0.000000e+00,0.000000e+00,0.000000e+00,0.000000e+00,0.000000e+00,0.000000e+00,0.000000e+00,0.000000e+00,0.000000e+00,0.000000e+00,0.000000e+00
1.000000e+00,0.000000e+00,0.000000e+00,0.000000e+00,0.000000e+00,0.000000e+00,0.000000e+00,0.000000e+00,0.000000e+00,0.000000e+00,0.000000e+00,0.000000e+00,0.000000e+00,0.000000e+00,0.000000e+00
1.000000e+00,0.000000e+00,0.000000e+00,0.000000e+00,0.000000e+00,0.000000e+00,0.000000e+00,0.000000e+00,0.000000e+00,0.000000e+00,0.000000e+00,0.000000e+00,0.000000e+00,0.000000e+00,0.000000e+00
1.000000e+00,0.000000e+00,0.000000e+00,0.000000e+00,0.000000e+00,0.000000e+00,0.000000e+00,0.000000e+00,0.000000e+00,0.000000e+00,0.000000e+00,0.000000e+00,0.000000e+00,0.000000e+00,0.000000e+00
1.000000e+00,0.000000e+00,0.000000e+00,0.000000e+00,0.000000e+00,0.000000e+00,0.000000e+00,0.000000e+00,0.000000e+00,0.000000e+00,0.000000e+00,0.000000e+00,0.000000e+00,0.000000e+00,0.000000e+00
1.000000e+00,0.000000e+00,0.000000e+00,0.000000e+00,0.000000e+00,0.000000e+00,0.000000e+00,0.000000e+00,0.000000e+00,0.000000e+00,0.000000e+00,0.000000e+00,0.000000e+00,0.000000e+00,0.000000e+00
1.000000e+00,0.000000e+00,0.000000e+00,0.000000e+00,0.000000e+00,0.000000e+00,0.000000e+00,0.000000e+00,0.000000e+00,0.000000e+00,0.000000e+00,0.000000e+00,0.000000e+00,0.000000e+00,0.000000e+00
1.000000e+00,0.000000e+00,0.000000e+00,0.000000e+00,0.000000e+00,0.000000e+00,0.000000e+00,0.000000e+00,0.000000e+00,0.000000e+00,0.000000e+00,0.000000e+00,0.000000e+00,0.000000e+00,0.000000e+00
1.000000e+00,0.000000e+00,0.000000e+00,0.000000e+00,0.000000e+00,0.000000e+00,0.000000e+00,0.000000e+00,0.000000e+00,0.000000e+00,0.000000e+00,0.000000e+00,0.000000e+00,0.000000e+00,0.000000e+00
1.000000e+00,0.000000e+00,0.000000e+00,0.000000e+00,0.000000e+00,0.000000e+00,0.000000e+00,0.000000e+00,0.000000e+00,0.000000e+00,0.000000e+00,0.000000e+00,0.000000e+00,0.000000e+00,0.000000e+00
1.000000e+00,0.000000e+00,0.000000e+00,0.000000e+00,0.000000e+00,0.000000e+00,0.000000e+00,0.000000e+00,0.000000e+00,0.000000e+00,0.000000e+00,0.000000e+00,0.000000e+00,0.000000e+00,0.000000e+00
1.000000e+00,0.000000e+00,0.000000e+00,0.000000e+00,0.000000e+00,0.000000e+00,0.000000e+00,0.000000e+00,0.000000e+00,0.000000e+00,0.000000e+00,0.000000e+00,0.000000e+00,0.000000e+00,0.000000e+00
1.000000e+00,0.000000e+00,0.000000e+00,0.000000e+00,0.000000e+00,0.000000e+00,0.000000e+00,0.000000e+00,0.000000e+00,0.000000e+00,0.000000e+00,0.000000e+00,0.000000e+00,0.000000e+00,0.000000e+00
1.000000e+00,0.000000e+00,0.000000e+00,0.000000e+00,0.000000e+00,0.000000e+00,0.000000e+00,0.000000e+00,0.000000e+00,0.000000e+00,0.000000e+00,0.000000e+00,0.000000e+00,0.000000e+00,0.000000e+00
1.000000e+00,0.000000e+00,0.000000e+00,0.000000e+00,0.000000e+00,0.000000e+00,0.000000e+00,0.000000e+00,0.000000e+00,0.000000e+00,0.000000e+00,0.000000e+00,0.000000e+00,0.000000e+00,0.000000e+00
1.000000e+00,0.000000e+00,0.000000e+00,0.000000e+00,0.000000e+00,0.000000e+00,0.000000e+00,0.000000e+00,0.000000e+00,0.000000e+00,0.000000e+00,0.000000e+00,0.000000e+00,0.000000e+00,0.000000e+00
1.000000e+00,0.000000e+00,0.000000e+00,0.000000e+00,0.000000e+00,0.000000e+00,0.000000e+00,0.000000e+00,0.000000e+00,0.000000e+00,0.000000e+00,0.000000e+00,0.000000e+00,0.000000e+00,0.000000e+00
1.000000e+00,0.000000e+00,0.000000e+00,0.000000e+00,0.000000e+00,0.000000e+00,0.000000e+00,0.000000e+00,0.000000e+00,0.000000e+00,0.000000e+00,0.000000e+00,0.000000e+00,0.000000e+00,0.000000e+00
1.000000e+00,0.000000e+00,0.000000e+00,0.000000e+00,0.000000e+00,0.000000e+00,0.000000e+00,0.000000e+00,0.000000e+00,0.000000e+00,0.000000e+00,0.000000e+00,0.000000e+00,0.000000e+00,0.000000e+00
1.000000e+00,0.000000e+00,0.000000e+00,0.000000e+00,0.000000e+00,0.000000e+00,0.000000e+00,0.000000e+00,0.000000e+00,0.000000e+00,0.000000e+00,0.000000e+00,0.000000e+00,0.000000e+00,0.000000e+00
1.000000e+00,0.000000e+00,0.000000e+00,0.000000e+00,0.000000e+00,0.000000e+00,0.000000e+00,0.000000e+00,0.000000e+00,0.000000e+00,0.000000e+00,0.000000e+00,0.000000e+00,0.000000e+00,0.000000e+00
1.000000e+00,0.000000e+00,0.000000e+00,0.000000e+00,0.000000e+00,0.000000e+00,0.000000e+00,0.000000e+00,0.000000e+00,0.000000e+00,0.000000e+00,0.000000e+00,0.000000e+00,0.000000e+00,0.000000e+00
1.000000e+00,0.000000e+00,0.000000e+00,0.000000e+00,0.000000e+00,0.000000e+00,0.000000e+00,0.000000e+00,0.000000e+00,0.000000e+00,0.000000e+00,0.000000e+00,0.000000e+00,0.000000e+00,0.000000e+00
1.000000e+00,0.000000e+00,0.000000e+00,0.000000e+00,0.000000e+00,0.000000e+00,0.000000e+00,0.000000e+00,0.000000e+00,0.000000e+00,0.000000e+00,0.000000e+00,0.000000e+00,0.000000e+00,0.000000e+00
1.000000e+00,0.000000e+00,0.000000e+00,0.000000e+00,0.000000e+00,0.000000e+00,0.000000e+00,0.000000e+00,0.000000e+00,0.000000e+00,0.000000e+00,0.000000e+00,0.000000e+00,0.000000e+00,0.000000e+00
1.000000e+00,0.000000e+00,0.000000e+00,0.000000e+00,0.000000e+00,0.000000e+00,0.000000e+00,0.000000e+00,0.000000e+00,0.000000e+00,0.000000e+00,0.000000e+00,0.000000e+00,0.000000e+00,0.000000e+00
4.864998e-01,1.140533e-02,1.234363e-01,3.797620e-02,4.784155e-03,1.821455e-02,7.136441e-03,1.974568e-01,4.785447e-03,1.269549e-03,4.752120e-02,2.946721e-02,1.135302e-02,6.716181e-03,1.197786e-02
1.000000e+00,0.000000e+00,0.000000e+00,0.000000e+00,0.000000e+00,0.000000e+00,0.000000e+00,0.000000e+00,0.000000e+00,0.000000e+00,0.000000e+00,0.000000e+00,0.000000e+00,0.000000e+00,0.000000e+00
4.704849e-01,7.087043e-03,9.542926e-02,2.388542e-02,3.117303e-03,1.692271e-02,9.662476e-03,3.056256e-01,2.914589e-03,1.421837e-03,2.615475e-02,1.654539e-02,6.971242e-03,4.450565e-03,9.326817e-03
4.838479e-01,6.011728e-03,8.994766e-02,2.016775e-02,2.985697e-03,1.663791e-02,1.336414e-02,3.101675e-01,2.607651e-03,2.392596e-03,1.938740e-02,1.285436e-02,5.860010e-03,4.041538e-03,9.726156e-03
4.922432e-01,5.993079e-03,8.564961e-02,1.719375e-02,4.839905e-03,1.679952e-02,1.463069e-02,2.944887e-01,2.888438e-03,1.049941e-02,1.584301e-02,1.071940e-02,5.342596e-03,6.449409e-03,1.641930e-02
4.697519e-01,5.407669e-03,8.185796e-02,1.510004e-02,6.912037e-03,1.905555e-02,1.678294e-02,2.929569e-01,3.797723e-03,3.235036e-02,1.299651e-02,9.828606e-03,5.969950e-03,8.455627e-03,1.877629e-02
4.162171e-01,5.852841e-03,6.891008e-02,1.293636e-02,1.061808e-02,2.091415e-02,1.554083e-02,2.982122e-01,8.087485e-03,6.277581e-02,1.789990e-02,1.117888e-02,2.033500e-02,9.552358e-03,2.096884e-02
2.925720e-01,8.574780e-03,5.432359e-02,9.307387e-03,7.488296e-03,3.487680e-02,1.100866e-02,2.098583e-01,1.522621e-02,1.575138e-01,1.388153e-02,8.036198e-03,2.825956e-02,7.579872e-03,1.414930e-01
2.057069e-01,1.263456e-02,3.930076e-02,7.415630e-03,5.307705e-03,2.569467e-02,7.808574e-03,1.470594e-01,1.998470e-02,2.856816e-01,1.466102e-02,7.583139e-03,6.981990e-02,6.273766e-03,1.450676e-01
1.441721e-01,1.096972e-02,2.768707e-02,5.869049e-03,3.825001e-03,2.080967e-02,5.500081e-03,1.029532e-01,1.762916e-02,2.597319e-01,2.702595e-02,9.992052e-03,1.401148e-01,5.049342e-03,2.186709e-01
1.017805e-01,9.201228e-03,1.971118e-02,8.979050e-03,3.817989e-03,3.423934e-02,4.041017e-03,7.215276e-02,2.031581e-02,1.856175e-01,4.767563e-02,2.444888e-02,2.326712e-01,4.229751e-03,2.311183e-01
7.201699e-02,9.771186e-03,1.427419e-02,1.558876e-02,4.167418e-03,1.716653e-01,3.022993e-03,5.054383e-02,2.580840e-02,1.309380e-01,3.682561e-02,4.174858e-02,2.243100e-01,3.604196e-03,1.957147e-01
5.088385e-02,7.850913e-03,1.009971e-02,1.450278e-02,3.103646e-03,1.842206e-01,2.250260e-03,3.540560e-02,2.553334e-02,9.268525e-02,3.047971e-02,6.754266e-02,2.871105e-01,5.875337e-03,1.824558e-01
3.609836e-02,1.256776e-02,7.451526e-03,1.656493e-02,3.971958e-03,1.382549e-01,1.689538e-03,2.488526e-02,5.985270e-02,6.568737e-02,2.525942e-02,9.108730e-02,3.618393e-01,4.492196e-03,1.502974e-01
2.745919e-02,1.319373e-02,6.620387e-03,1.345958e-02,5.084976e-03,1.160316e-01,4.561648e-03,2.654906e-02,7.277840e-02,4.715778e-02,2.248681e-02,7.911019e-02,4.507043e-01,3.733409e-03,1.110690e-01
2.237913e-02,4.717046e-02,6.191595e-03,1.496823e-02,6.256043e-03,1.118623e-01,4.280712e-03,2.388975e-02,1.082726e-01,3.450150e-02,1.772252e-02,7.612306e-02,4.405973e-01,4.029627e-03,8.175526e-02
1.844550e-02,1.311800e-01,1.966478e-02,5.185177e-02,6.374758e-03,9.039648e-02,3.366586e-03,1.715361e-02,1.272838e-01,2.646933e-02,2.542281e-02,6.186856e-02,3.240787e-01,3.591480e-03,9.285181e-02
1.669575e-02,1.611525e-01,1.548518e-02,5.381273e-02,5.221390e-03,8.421830e-02,2.542251e-03,1.252861e-02,2.086990e-01,2.032733e-02,4.247921e-02,4.979560e-02,2.455312e-01,4.397655e-03,7.711335e-02
1.713513e-02,1.352761e-01,1.494358e-02,4.226061e-02,9.417558e-03,1.015710e-01,2.461517e-03,1.288151e-02,2.140015e-01,1.548499e-02,5.554659e-02,4.785096e-02,2.563890e-01,4.433772e-03,7.034625e-02
3.423294e-02,1.037207e-01,1.862180e-02,6.325638e-02,2.663609e-02,1.227246e-01,3.333946e-03,2.986024e-02,2.187347e-01,1.333481e-02,7.410938e-02,3.814774e-02,1.939251e-01,4.532538e-03,5.482899e-02
3.524061e-02,8.447963e-02,1.852216e-02,4.739048e-02,2.491834e-02,1.461260e-01,3.534498e-03,5.567929e-02,1.974538e-01,1.048653e-02,6.298897e-02,3.163752e-02,2.345027e-01,4.140104e-03,4.289938e-02
4.929488e-02,6.500822e-02,1.938910e-02,3.705852e-02,2.160044e-02,1.581205e-01,4.064815e-03,1.851933e-01,1.475989e-01,7.930038e-03,4.706782e-02,2.335405e-02,1.989257e-01,3.385118e-03,3.200855e-02
8.259995e-02,5.353167e-02,1.942423e-02,2.836552e-02,2.457837e-02,1.333806e-01,5.203476e-03,2.938724e-01,1.124607e-01,6.347111e-03,3.436922e-02,1.778315e-02,1.530382e-01,3.423903e-03,3.162142e-02
9.166885e-02,6.357130e-02,2.752596e-02,2.606331e-02,4.011281e-02,1.360174e-01,7.138434e-03,2.831755e-01,9.696308e-02,6.264143e-03,2.591687e-02,1.363583e-02,1.389640e-01,3.212610e-03,3.976984e-02
9.084404e-02,5.960131e-02,3.769810e-02,2.226250e-02,4.821217e-02,1.450619e-01,1.520683e-02,3.134219e-01,7.978221e-02,5.295869e-03,1.909927e-02,1.083511e-02,1.144788e-01,2.730521e-03,3.546953e-02
9.542461e-02,5.160504e-02,3.737883e-02,1.873575e-02,4.844440e-02,1.538896e-01,1.667061e-02,3.520512e-01,7.603640e-02,4.237835e-03,1.420263e-02,8.597097e-03,9.159227e-02,2.364048e-03,2.876980e-02
1.140297e-01,4.287598e-02,3.779056e-02,1.682703e-02,4.671944e-02,1.401877e-01,1.727800e-02,3.841203e-01,7.217321e-02,3.350979e-03,1.141319e-02,8.476269e-03,7.813256e-02,2.347525e-03,2.427756e-02
1.627729e-01,3.877535e-02,3.112985e-02,1.525990e-02,4.698131e-02,1.098783e-01,1.463582e-02,3.752816e-01,9.934548e-02,3.838335e-03,9.629188e-03,8.786775e-03,6.031882e-02,2.820633e-03,2.054578e-02
1.942145e-01,3.597169e-02,2.496853e-02,1.316536e-02,3.830627e-02,8.463394e-02,1.318148e-02,4.106556e-01,9.876534e-02,3.711090e-03,7.639085e-03,8.441013e-03,4.460146e-02,2.762891e-03,1.898176e-02
2.579788e-01,3.468405e-02,2.212263e-02,3.420684e-02,2.844875e-02,7.110506e-02,1.087294e-02,3.192726e-01,7.761617e-02,9.229127e-03,1.343513e-02,4.438018e-02,4.150691e-02,3.915848e-03,3.122499e-02
1.951757e-01,3.844991e-02,1.892084e-02,8.052430e-02,2.076381e-02,8.048995e-02,8.585950e-03,2.259650e-01,7.842104e-02,1.286494e-02,3.172607e-02,4.754809e-02,1.102181e-01,3.801704e-03,4.654457e-02
1.668184e-01,3.610308e-02,1.458444e-02,7.287508e-02,1.516353e-02,6.198027e-02,6.389074e-03,1.594279e-01,7.584791e-02,1.195772e-02,4.901892e-02,4.551157e-02,2.380942e-01,3.442436e-03,4.278540e-02
1.660399e-01,2.766594e-02,1.398346e-02,5.815846e-02,1.132581e-02,5.075864e-02,5.708694e-03,1.133094e-01,6.206368e-02,9.132681e-03,3.772093e-02,5.042635e-02,3.568771e-01,2.943588e-03,3.388532e-02
1.278371e-01,2.247209e-02,1.073879e-02,4.360209e-02,8.814561e-03,3.690173e-02,4.430636e-03,8.103213e-02,4.979184e-02,7.071839e-03,2.799870e-02,4.938559e-02,4.953693e-01,2.324577e-03,3.222903e-02
1.102405e-01,1.751710e-02,8.623319e-02,4.054034e-02,8.461047e-03,3.625116e-02,4.522804e-03,6.051198e-02,4.109794e-02,7.270678e-03,2.449802e-02,3.864928e-02,4.923505e-01,3.018084e-03,2.883738e-02
9.202909e-02,1.909436e-02,6.199310e-02,3.409339e-02,2.129493e-02,3.834834e-02,3.563212e-03,4.406990e-02,7.317621e-02,6.402638e-03,1.849519e-02,3.272558e-02,5.127217e-01,3.010979e-03,3.898147e-02
7.704931e-02,1.607920e-01,4.479834e-02,2.832981e-02,2.279555e-02,4.663630e-02,2.668186e-03,3.158644e-02,1.251269e-01,5.107334e-03,1.329601e-02,2.479648e-02,3.773308e-01,2.314500e-03,3.737202e-02
6.394400e-02,2.411137e-01,3.265451e-02,2.938935e-02,2.240032e-02,4.475244e-02,2.051246e-03,2.262929e-02,1.801641e-01,5.694644e-03,9.905260e-03,1.781520e-02,2.781905e-01,1.756168e-03,4.753935e-02
4.688439e-02,3.031314e-01,2.348705e-02,6.065239e-02,1.711749e-02,3.588809e-02,1.460653e-03,1.603058e-02,2.220978e-01,5.122188e-03,8.677968e-03,1.277671e-02,2.027910e-01,1.271537e-03,4.261075e-02
3.395044e-02,3.971194e-01,1.773541e-02,5.538680e-02,1.221199e-02,2.700087e-02,1.045474e-03,1.129737e-02,2.235718e-01,4.292454e-03,1.502259e-02,1.053310e-02,1.481223e-01,1.254468e-03,4.145550e-02
2.538458e-02,3.476706e-01,1.336581e-02,4.406732e-02,9.731711e-03,2.102020e-02,7.760114e-04,8.333420e-03,2.658570e-01,7.834335e-03,4.129029e-02,9.135060e-03,1.153840e-01,2.759512e-03,8.739030e-02
1.845224e-02,3.809187e-01,1.117771e-02,3.267100e-02,6.894236e-03,1.521001e-02,5.849340e-04,5.945357e-03,2.570535e-01,8.457275e-03,3.374416e-02,7.882529e-03,8.845659e-02,1.101685e-02,1.215349e-01
1.494562e-02,3.192121e-01,9.085297e-03,3.013094e-02,5.251907e-03,1.725557e-02,5.405314e-04,4.975823e-03,3.793874e-01,7.044695e-03,2.843656e-02,6.548534e-03,7.543674e-02,9.077647e-03,9.267068e-02
1.387293e-02,3.266201e-01,2.879081e-02,5.261711e-02,4.333898e-03,1.736230e-02,4.601557e-04,4.258011e-03,3.246877e-01,7.932171e-03,2.303849e-02,5.492371e-03,5.816696e-02,1.136971e-02,1.209974e-01
3.187970e-02,2.822187e-01,2.946127e-02,6.914227e-02,4.287899e-03,1.591639e-02,4.060638e-04,3.403484e-03,2.534560e-01,8.361378e-03,2.631374e-02,8.544962e-03,4.450602e-02,4.318935e-02,1.789128e-01
4.102810e-02,2.202898e-01,3.415697e-02,7.287699e-02,1.466782e-02,1.997085e-02,8.356416e-04,3.882461e-03,2.671642e-01,6.516594e-03,4.940066e-02,8.736892e-03,4.490530e-02,4.215685e-02,1.734109e-01
4.078559e-02,1.645242e-01,3.782356e-02,1.469493e-01,3.936226e-02,1.609092e-02,9.224179e-04,6.590076e-03,2.415838e-01,7.546202e-03,5.830937e-02,7.982187e-03,4.578646e-02,3.269994e-02,1.530437e-01
3.153011e-02,1.241345e-01,4.718737e-02,1.241374e-01,3.130271e-02,1.286027e-02,8.146097e-04,1.442792e-02,3.157538e-01,2.117109e-02,4.785341e-02,6.365328e-03,3.823347e-02,3.157311e-02,1.526550e-01
2.256720e-02,9.285840e-02,6.174460e-02,1.141030e-01,2.274474e-02,9.244468e-03,6.005372e-04,1.027348e-02,3.436905e-01,4.271483e-02,4.087131e-02,5.029255e-03,2.876244e-02,2.563374e-02,1.791615e-01
2.779795e-02,7.185980e-02,6.549591e-02,9.435686e-02,1.715906e-02,8.290955e-03,6.032530e-04,8.366889e-03,2.557395e-01,1.219142e-01,6.876445e-02,1.248588e-02,6.536328e-02,2.151167e-02,1.602904e-01
4.090872e-02,5.543011e-02,5.993648e-02,7.125285e-02,1.928968e-02,9.715244e-03,1.033309e-03,9.585705e-03,1.950230e-01,1.007117e-01,1.289927e-01,1.457952e-02,1.004395e-01,2.545824e-02,1.676432e-01
1.098069e-01,5.696304e-02,4.477771e-02,5.491289e-02,2.670714e-02,1.044245e-02,1.232723e-03,8.332878e-03,1.888565e-01,8.527266e-02,1.073255e-01,1.394743e-02,9.031740e-02,2.844104e-02,1.726638e-01
1.448565e-01,6.247664e-02,6.154991e-02,6.283234e-02,2.959740e-02,1.468482e-02,3.461092e-03,1.275310e-02,1.903073e-01,7.520670e-02,8.494549e-02,1.250372e-02,7.353488e-02,2.644113e-02,1.448490e-01
2.326659e-01,7.180808e-02,5.140690e-02,5.413269e-02,3.505759e-02,1.729133e-02,3.940437e-03,1.353935e-02,1.855690e-01,5.690810e-02,6.194918e-02,1.032313e-02,5.787513e-02,2.335851e-02,1.241747e-01
2.510803e-01,6.904485e-02,5.399430e-02,9.916827e-02,3.113842e-02,1.555474e-02,3.381113e-03,1.125365e-02,1.500669e-01,6.503175e-02,4.493974e-02,8.106898e-03,4.184967e-02,1.775832e-02,1.376311e-01
2.685516e-01,5.454180e-02,6.821082e-02,1.690159e-01,2.827859e-02,1.516328e-02,2.839902e-03,1.542132e-02,1.285266e-01,5.291338e-02,3.325421e-02,6.713183e-03,3.119874e-02,1.375498e-02,1.116157e-01
2.291423e-01,4.277913e-02,1.119820e-01,1.861519e-01,3.820961e-02,1.374854e-02,3.340920e-03,8.372817e-02,1.056997e-01,3.852968e-02,2.565916e-02,5.429899e-03,2.268511e-02,1.069311e-02,8.222074e-02
1.836197e-01,3.194550e-02,9.420548e-02,1.380540e-01,6.034606e-02,1.322593e-02,2.252869e-02,2.409317e-01,7.532065e-02,2.718606e-02,1.879646e-02,4.010960e-03,2.349857e-02,7.630726e-03,5.869960e-02
1.434561e-01,2.351550e-02,7.577389e-02,9.936672e-02,6.535677e-02,1.213307e-02,7.755127e-02,3.446053e-01,5.333230e-02,1.918186e-02,1.367119e-02,3.067001e-03,2.155077e-02,5.457862e-03,4.198039e-02
1.135780e-01,2.076146e-02,6.127090e-02,7.102208e-02,6.565388e-02,1.909241e-02,1.213831e-01,3.194681e-01,3.861947e-02,1.431653e-02,1.161657e-02,2.490156e-03,1.049405e-01,4.016215e-03,3.177064e-02
1.094976e-01,1.571330e-02,4.592343e-02,5.093908e-02,8.317477e-02,1.559831e-02,2.097204e-01,3.155575e-01,2.840974e-02,1.016018e-02,8.650881e-03,2.067411e-03,7.914107e-02,2.863373e-03,2.258285e-02
1.249628e-01,1.309891e-02,3.368133e-02,3.740090e-02,9.936070e-02,1.327479e-02,2.333668e-01,3.267464e-01,2.287995e-02,7.473703e-03,7.799445e-03,2.944665e-03,5.798046e-02,2.168514e-03,1.686055e-02
1.840885e-01,1.369375e-02,2.875681e-02,3.129489e-02,7.773387e-02,1.226507e-02,2.148826e-01,3.317139e-01,1.881607e-02,7.562293e-03,8.698130e-03,7.343954e-03,4.384247e-02,2.478781e-03,1.682892e-02
2.143654e-01,1.809089e-02,2.406616e-02,3.169050e-02,5.916739e-02,1.523633e-02,2.024395e-01,2.435123e-01,1.886367e-02,1.017532e-02,2.233354e-02,3.151464e-02,7.728228e-02,5.214657e-03,2.604744e-02
2.407821e-01,1.981458e-02,1.792929e-02,3.012167e-02,4.343937e-02,1.595865e-02,1.656217e-01,1.734341e-01,3.283322e-02,1.100176e-02,3.134976e-02,5.350944e-02,1.274329e-01,5.101181e-03,3.167024e-02
2.397545e-01,2.116180e-02,1.326455e-02,2.467261e-02,3.147897e-02,1.890576e-02,1.336028e-01,1.231638e-01,5.203409e-02,1.300083e-02,5.005804e-02,7.237233e-02,1.579815e-01,7.713964e-03,4.083444e-02
1.764339e-01,2.054986e-02,1.013154e-02,2.344869e-02,2.296237e-02,1.941670e-02,9.420367e-02,8.720909e-02,1.374374e-01,1.128824e-02,5.678195e-02,8.806153e-02,2.066984e-01,7.931803e-03,3.744485e-02
1.372743e-01,1.687185e-02,7.366955e-03,1.975317e-02,1.656717e-02,1.772198e-02,6.740426e-02,6.152163e-02,1.535242e-01,1.220153e-02,8.225673e-02,1.373393e-01,2.249436e-01,7.610523e-03,3.764278e-02
9.986944e-02,1.515194e-02,5.433594e-03,1.949409e-02,1.220265e-02,1.622558e-02,4.748773e-02,4.408715e-02,1.827442e-01,1.232318e-02,1.047130e-01,1.468139e-01,2.418643e-01,9.115155e-03,4.247413e-02
7.155574e-02,1.193952e-02,4.509370e-03,2.260623e-02,9.796891e-03,1.331549e-02,3.336936e-02,3.415305e-02,1.915458e-01,1.562380e-02,1.390921e-01,1.792172e-01,2.277154e-01,9.012008e-03,3.654817e-02
5.124345e-02,1.126141e-02,3.490744e-03,1.908358e-02,7.408836e-03,9.873345e-03,2.343235e-02,2.474773e-02,3.402188e-01,1.279870e-02,1.182903e-01,1.595543e-01,1.823464e-01,7.891444e-03,2.835860e-02
3.658258e-02,1.112646e-02,3.610229e-03,2.037542e-02,5.854825e-03,7.572807e-03,1.643439e-02,2.032189e-02,4.871432e-01,9.609129e-03,8.831698e-02,1.280780e-01,1.365909e-01,6.328282e-03,2.205489e-02
2.702220e-02,1.267608e-02,2.872198e-03,2.829131e-02,5.208657e-03,1.123111e-02,1.159292e-02,1.559554e-02,6.063503e-01,7.403949e-03,6.289726e-02,9.065092e-02,9.650718e-02,4.683572e-03,1.701676e-02
2.192176e-02,1.221134e-02,2.565754e-03,3.023889e-02,7.167922e-03,1.843345e-02,8.254524e-03,1.355149e-02,6.842192e-01,7.125800e-03,4.475276e-02,6.380918e-02,6.840608e-02,3.424368e-03,1.391749e-02
1.625601e-02,2.568132e-02,2.830994e-03,2.244160e-01,6.083476e-03,1.535914e-02,5.788279e-03,1.022371e-02,5.431525e-01,5.886375e-03,3.488223e-02,4.591103e-02,4.989153e-02,2.646377e-03,1.099098e-02
1.660679e-02,3.610509e-02,3.326697e-03,1.848050e-01,1.184251e-02,2.331940e-02,4.408330e-03,9.971916e-03,5.477257e-01,7.255885e-03,3.390381e-02,3.301717e-02,3.974499e-02,3.074807e-03,4.489193e-02
1.369752e-02,3.185442e-02,3.683142e-03,1.658619e-01,1.079882e-02,2.345531e-02,3.221264e-03,1.101147e-02,5.815928e-01,1.161025e-02,2.848569e-02,2.465298e-02,3.495788e-02,2.737309e-03,5.237931e-02
1.199941e-02,2.530597e-02,5.713376e-03,1.592177e-01,8.591298e-03,1.892140e-02,2.410553e-03,8.622816e-03,5.673540e-01,1.672912e-02,3.147180e-02,1.959030e-02,3.534803e-02,5.450221e-03,8.327402e-02
1.378527e-02,2.292353e-02,1.099702e-02,1.263117e-01,9.164006e-03,1.892697e-02,1.954538e-03,8.036532e-03,4.900930e-01,2.231200e-02,3.052854e-02,1.569440e-02,2.904074e-02,2.972765e-02,1.705042e-01
1.934889e-02,2.567712e-02,2.177470e-02,1.182581e-01,9.185795e-03,1.673358e-02,1.587146e-03,1.025674e-02,4.440491e-01,1.817648e-02,4.061129e-02,1.535029e-02,5.049744e-02,2.755078e-02,1.809426e-01
1.571405e-02,1.948168e-02,1.811497e-02,9.538799e-02,8.646511e-03,1.259381e-02,1.276453e-03,9.780638e-03,3.670863e-01,1.431902e-02,5.256218e-02,1.262815e-02,7.817905e-02,2.338503e-02,2.708442e-01
1.192274e-02,1.480943e-02,1.555455e-02,9.850512e-02,6.658549e-03,9.268801e-03,9.672339e-04,7.065969e-03,4.621548e-01,1.257219e-02,6.859124e-02,1.379847e-02,6.468676e-02,1.739478e-02,1.960494e-01
1.052879e-02,1.147898e-02,1.513805e-02,9.522674e-02,5.311646e-03,7.547920e-03,9.169594e-04,5.588645e-03,3.858511e-01,4.018351e-02,1.413029e-01,2.671314e-02,5.973184e-02,2.380157e-02,1.706781e-01
8.718770e-03,1.175803e-02,2.284693e-02,7.050038e-02,5.136339e-03,6.022217e-03,7.111743e-04,4.582484e-03,2.775437e-01,3.673830e-02,2.913568e-01,3.030038e-02,5.542845e-02,5.357609e-02,1.247800e-01
6.844755e-03,9.559751e-03,2.001509e-02,5.017344e-02,4.133622e-03,5.306888e-03,5.837718e-04,3.948631e-03,1.999721e-01,2.974751e-02,2.784868e-01,2.344772e-02,4.127499e-02,2.338659e-01,9.263901e-02
5.314458e-03,7.588126e-03,1.850599e-02,3.633664e-02,3.280808e-03,4.543296e-03,4.819984e-04,3.115697e-03,1.463782e-01,2.465907e-02,2.598652e-01,1.846084e-02,2.948005e-02,3.701212e-01,7.186845e-02
6.242951e-03,8.442698e-03,2.875520e-02,3.274873e-02,3.097882e-03,5.181491e-03,5.144184e-04,2.593882e-03,1.214496e-01,4.621700e-02,2.392064e-01,1.586537e-02,2.232609e-02,3.971178e-01,7.024048e-02
5.950786e-03,8.328495e-03,3.324694e-02,2.577778e-02,2.584616e-03,5.408512e-03,5.329067e-04,2.347542e-03,9.521846e-02,6.882665e-02,2.970419e-01,1.402083e-02,1.789899e-02,3.435121e-01,7.930338e-02
7.018626e-03,6.726582e-03,4.580381e-02,2.017401e-02,2.890685e-03,4.970443e-03,8.599273e-04,3.775668e-03,6.960286e-02,8.590256e-02,3.043549e-01,1.086843e-02,1.413100e-02,2.822459e-01,1.406745e-01
8.289119e-03,5.269729e-03,6.060839e-02,2.074711e-02,1.161559e-02,4.741827e-03,9.080638e-04,6.668203e-03,5.470169e-02,1.060757e-01,2.589026e-01,9.822125e-03,1.126378e-02,3.093394e-01,1.310465e-01
9.305518e-03,4.868689e-03,1.269155e-01,2.848876e-02,2.896863e-02,6.230577e-03,9.568994e-04,1.506397e-02,4.907284e-02,9.230839e-02,2.574893e-01,1.007026e-02,8.703563e-03,2.564418e-01,1.051153e-01
1.144102e-02,4.004661e-03,1.525929e-01,2.148371e-02,2.299057e-02,5.043814e-03,1.225915e-03,1.188495e-01,3.898597e-02,7.070039e-02,2.390775e-01,1.602156e-02,7.951789e-03,2.153457e-01,7.428496e-02
1.455260e-02,5.138444e-03,2.072360e-01,2.671194e-02,1.982613e-02,4.555095e-03,1.049958e-03,1.770571e-01,3.540723e-02,5.254896e-02,1.919562e-01,1.687318e-02,1.214482e-02,1.820537e-01,5.288857e-02
1.242896e-02,3.742072e-03,1.667136e-01,2.052825e-02,1.820624e-02,3.243276e-03,8.693184e-04,3.576605e-01,2.535770e-02,3.899725e-02,1.529338e-01,1.520105e-02,1.325155e-02,1.335309e-01,3.733550e-02
9.208098e-03,2.650983e-03,1.190499e-01,1.573107e-02,1.347579e-02,2.494426e-03,7.054285e-04,5.419524e-01,1.789694e-02,2.745344e-02,1.088668e-01,1.109578e-02,9.661903e-03,9.359967e-02,2.615742e-02
6.653562e-03,1.872394e-03,8.414826e-02,1.152988e-02,1.035084e-02,1.941186e-03,6.354736e-04,6.755457e-01,1.260147e-02,1.925699e-02,7.675847e-02,7.864991e-03,6.928917e-03,6.559311e-02,1.831878e-02
5.176950e-03,1.334994e-03,5.917767e-02,8.659260e-03,1.034603e-02,3.004770e-03,5.310028e-04,7.662081e-01,8.868464e-03,1.348507e-02,5.385958e-02,5.549337e-03,5.017295e-03,4.595221e-02,1.282927e-02
4.601591e-03,9.883702e-04,4.163776e-02,6.531895e-03,9.486163e-03,2.984498e-03,3.849750e-04,8.312581e-01,6.257791e-03,9.443942e-03,3.775011e-02,3.906506e-03,3.572562e-03,3.221024e-02,8.985464e-03
4.523244e-03,7.147552e-04,2.924384e-02,4.919347e-03,1.047756e-02,2.550360e-03,2.889462e-04,8.756260e-01,4.401162e-03,6.616646e-03,2.645481e-02,2.746678e-03,2.570187e-03,2.257417e-02,6.292208e-03
8.766515e-03,6.909632e-04,2.087335e-02,4.854800e-03,9.970387e-03,3.374326e-03,2.626331e-04,9.001297e-01,3.166871e-03,4.659419e-03,1.866199e-02,2.037127e-03,2.252361e-03,1.583455e-02,4.465029e-03
1.682343e-02,8.248329e-04,1.567465e-02,5.967585e-03,1.138800e-02,5.816689e-03,1.216261e-03,9.040887e-01,2.388241e-03,3.290496e-03,1.328261e-02,1.765166e-03,3.112175e-03,1.112695e-02,3.234152e-03
2.537668e-02,8.417986e-04,1.133896e-02,6.379166e-03,1.627995e-02,2.544471e-02,8.917403e-03,8.713472e-01,1.910515e-03,2.328244e-03,9.518650e-03,1.603422e-03,8.512728e-03,7.819190e-03,2.381378e-03
3.869016e-02,7.849090e-04,1.006456e-02,6.810737e-03,1.571608e-02,2.976079e-02,2.824108e-02,8.418732e-01,1.880798e-03,1.702467e-03,7.219431e-03,1.721094e-03,8.120970e-03,5.565244e-03,1.848536e-03
4.327938e-02,6.541852e-04,9.672122e-03,6.828138e-03,1.349162e-02,3.021964e-02,3.922895e-02,8.337357e-01,1.722066e-03,1.312114e-03,5.575640e-03,1.955148e-03,6.888452e-03,3.976917e-03,1.459891e-03
4.354553e-02,6.468334e-04,1.040715e-02,7.604477e-03,1.305809e-02,2.871003e-02,4.155504e-02,8.294480e-01,1.816839e-03,1.444279e-03,5.532285e-03,3.704810e-03,8.226356e-03,2.907918e-03,1.392356e-03
4.722010e-02,6.198406e-04,9.405570e-03,6.731099e-03,1.090946e-02,2.816373e-02,3.678217e-02,8.229840e-01,1.512473e-03,1.902781e-03,8.037173e-03,7.282641e-03,1.423592e-02,2.797776e-03,1.415207e-03
3.400666e-02,4.770611e-04,6.908840e-03,5.117810e-03,7.849039e-03,2.057899e-02,2.623010e-02,6.225084e-01,1.120884e-03,1.064828e-02,9.832966e-02,4.619462e-02,2.329276e-02,9.542695e-02,1.309911e-03
2.522261e-02,4.180367e-04,4.985002e-03,3.829954e-03,5.627114e-03,1.492387e-02,1.883980e-02,4.487854e-01,9.961241e-04,2.481487e-02,1.654650e-01,6.613122e-02,2.026176e-02,1.980524e-01,1.646825e-03
1.832990e-02,3.930503e-04,3.521564e-03,2.755939e-03,4.045147e-03,1.073118e-02,1.361188e-02,3.209766e-01,8.508726e-04,2.016211e-02,1.992916e-01,9.682930e-02,1.666389e-02,2.904774e-01,1.359570e-03
1.293991e-02,3.460229e-04,2.471318e-03,1.954190e-03,2.889508e-03,7.683950e-03,9.560519e-03,2.249947e-01,2.349154e-03,2.011101e-02,1.646796e-01,8.400793e-02,1.249160e-02,4.523907e-01,1.129860e-03
9.114357e-03,4.676212e-04,1.733837e-03,1.401823e-03,2.057018e-03,5.601221e-03,6.705049e-03,1.576204e-01,6.840839e-03,1.684638e-02,1.230301e-01,8.600959e-02,9.784871e-03,5.718765e-01,9.103232e-04
6.427769e-03,5.170635e-04,1.216283e-03,9.981774e-04,1.466398e-03,4.363642e-03,4.701175e-03,1.103551e-01,2.770896e-02,1.562674e-02,9.193645e-02,8.795471e-02,7.353274e-03,6.385865e-01,7.877186e-04
4.748795e-03,7.060432e-04,8.725661e-04,7.914291e-04,1.093422e-03,4.230646e-03,3.305533e-03,7.728283e-02,9.495556e-02,1.365535e-02,8.146751e-02,6.804975e-02,5.274776e-03,6.426721e-01,8.936391e-04
3.485651e-03,1.045865e-03,6.578601e-04,6.977391e-04,8.103084e-04,5.460812e-03,2.339324e-03,5.412090e-02,1.098105e-01,1.124798e-02,6.476627e-02,4.918280e-02,3.789562e-03,6.917565e-01,8.278606e-04
2.765518e-03,1.817610e-03,5.850482e-04,8.529124e-04,6.060992e-04,5.057981e-03,1.643189e-03,3.790767e-02,1.074215e-01,1.391188e-02,6.786975e-02,3.478945e-02,2.854286e-03,7.208193e-01,1.097712e-03
2.372814e-03,2.007536e-03,6.600089e-04,1.822688e-03,5.147694e-04,4.621175e-03,1.156336e-03,2.657515e-02,1.378703e-01,1.454041e-02,6.498744e-02,2.481563e-02,2.450762e-03,7.143973e-01,1.207703e-03
2.702416e-03,2.516193e-02,1.207675e-02,2.420694e-03,8.996467e-04,4.320295e-02,8.971218e-04,1.872375e-02,2.139786e-01,1.684430e-02,4.980363e-02,1.804792e-02,3.918384e-03,5.899255e-01,1.396340e-03
4.706251e-03,1.928746e-02,6.981648e-02,8.869225e-03,2.745191e-03,4.015199e-02,1.294138e-03,2.203917e-02,3.219720e-01,1.955109e-02,3.655924e-02,1.293566e-02,3.609919e-03,4.350170e-01,1.445207e-03
6.742504e-03,1.647503e-02,9.466936e-02,1.394734e-02,9.239156e-03,4.067998e-02,2.147152e-03,8.460966e-02,3.415826e-01,2.269820e-02,2.796283e-02,9.567719e-03,4.125183e-03,3.234080e-01,2.145288e-03
8.702816e-03,4.476207e-02,1.320144e-01,1.433763e-02,1.632302e-02,6.122530e-02,3.670666e-03,8.579649e-02,3.396377e-01,2.199929e-02,2.069205e-02,6.991436e-03,4.300951e-03,2.337628e-01,5.783398e-03
9.979244e-03,6.465399e-02,1.369763e-01,1.127912e-02,2.109306e-02,8.313902e-02,3.797790e-03,1.386786e-01,3.189845e-01,1.673317e-02,1.484979e-02,5.020423e-03,3.597164e-03,1.658232e-01,5.394738e-03
1.448285e-02,6.277180e-02,1.514921e-01,9.238906e-03,2.747718e-02,8.381543e-02,4.577096e-03,1.917228e-01,2.915272e-01,1.235353e-02,1.162425e-02,3.844275e-03,3.237643e-03,1.269960e-01,4.839041e-03
2.057889e-02,6.019072e-02,1.733166e-01,1.043834e-02,2.532457e-02,6.604286e-02,5.298602e-03,2.525136e-01,2.524448e-01,9.380465e-03,9.328683e-03,2.994559e-03,2.769853e-03,1.046556e-01,4.721826e-03
2.434722e-02,5.839571e-02,1.660784e-01,1.076229e-02,2.204833e-02,5.025474e-02,7.811062e-03,3.220897e-01,2.041541e-01,7.777924e-03,7.939809e-03,2.382694e-03,2.530834e-03,1.085417e-01,4.885416e-03
2.367019e-02,4.810699e-02,1.434393e-01,1.240075e-02,2.183019e-02,3.780642e-02,7.584766e-03,4.508791e-01,1.527963e-01,6.221981e-03,5.920507e-03,1.871569e-03,2.077152e-03,8.140379e-02,3.991036e-03
2.996351e-02,5.704048e-02,1.261741e-01,1.104205e-02,2.427334e-02,2.957513e-02,7.561044e-03,4.898280e-01,1.326145e-01,5.342337e-03,5.273338e-03,1.790731e-03,2.036287e-03,7.312836e-02,4.356768e-03
4.465989e-02,4.873033e-02,1.036601e-01,1.414561e-02,4.990719e-02,2.668862e-02,6.312538e-03,5.184233e-01,1.116020e-01,5.429362e-03,4.625389e-03,1.909300e-03,1.925564e-03,5.831712e-02,3.663809e-03
5.959788e-02,5.001137e-02,7.704471e-02,5.309691e-02,4.004876e-02,1.989146e-02,4.677461e-03,4.388462e-01,1.627204e-01,6.086058e-03,1.488414e-02,1.106585e-02,7.199893e-03,4.714311e-02,7.685828e-03
4.211316e-02,3.595325e-02,5.453767e-02,5.001643e-02,2.818277e-02,1.416628e-02,3.298944e-03,3.100599e-01,3.403284e-01,1.243256e-02,1.545661e-02,8.218719e-03,7.588599e-03,3.420753e-02,4.343923e-02
2.962331e-02,2.583070e-02,3.840305e-02,3.508420e-02,1.993654e-02,9.974296e-03,2.312355e-03,2.170760e-01,5.098624e-01,1.000712e-02,2.472347e-02,5.831404e-03,6.480308e-03,2.629811e-02,3.855670e-02
2.077087e-02,1.839104e-02,2.703259e-02,2.473657e-02,1.399893e-02,7.010451e-03,1.620085e-03,1.519719e-01,6.483890e-01,7.882259e-03,1.929602e-02,4.106111e-03,4.729271e-03,1.910254e-02,3.096239e-02
1.462456e-02,1.385553e-02,1.906318e-02,1.897367e-02,9.855660e-03,4.921247e-03,1.137936e-03,1.064132e-01,7.484278e-01,5.715672e-03,1.423382e-02,2.940815e-03,3.698132e-03,1.372320e-02,2.241563e-02
1.098268e-02,1.153361e-02,1.470423e-02,1.465589e-02,7.240040e-03,3.598559e-03,8.476985e-04,7.474604e-02,7.300188e-01,7.091368e-03,1.808718e-02,2.393309e-03,3.431817e-03,4.939131e-02,5.127754e-02
1.001749e-02,9.966376e-03,1.120057e-02,1.114645e-02,5.831840e-03,3.141130e-03,7.067734e-04,5.243610e-02,6.439568e-01,6.589768e-03,2.046926e-02,2.161168e-03,3.340848e-03,1.503787e-01,6.865669e-02
2.751172e-02,8.669790e-03,8.179405e-03,8.708115e-03,4.388811e-03,3.459471e-03,5.949917e-04,3.688908e-02,5.353252e-01,7.791801e-03,1.940141e-02,2.389534e-03,4.554910e-03,2.254948e-01,1.066409e-01
5.265561e-02,1.255179e-02,6.954672e-03,6.712027e-03,5.143872e-03,3.981716e-03,4.880907e-04,2.606917e-02,4.991090e-01,3.480444e-02,1.855978e-02,2.246657e-03,6.616455e-03,1.958043e-01,1.283024e-01
5.620653e-02,1.482495e-02,6.158350e-03,6.736648e-03,6.280527e-03,3.508775e-03,5.005145e-04,2.344815e-02,5.118208e-01,3.119707e-02,1.603604e-02,2.101467e-03,6.562201e-03,1.739685e-01,1.406495e-01
5.321754e-02,1.860482e-02,2.097638e-02,1.793148e-02,1.739929e-02,4.620304e-03,1.332481e-03,1.008569e-01,4.513026e-01,3.985184e-02,1.366150e-02,2.025186e-03,5.491330e-03,1.338626e-01,1.188659e-01
4.869175e-02,2.246853e-02,4.036501e-02,3.309296e-02,2.732765e-02,5.634792e-03,1.412036e-03,2.156164e-01,3.540342e-01,3.630903e-02,1.134993e-02,1.645270e-03,4.387158e-03,9.862996e-02,9.903523e-02
3.842600e-02,2.143189e-02,3.871965e-02,3.203382e-02,2.311507e-02,4.959750e-03,1.045545e-03,3.273714e-01,2.883196e-01,4.381171e-02,1.061674e-02,1.485063e-03,4.083386e-03,6.987050e-02,9.470991e-02
2.834151e-02,1.650681e-02,3.613954e-02,3.755355e-02,1.833152e-02,4.195415e-03,7.887848e-04,4.235260e-01,2.244075e-01,4.759033e-02,1.479149e-02,2.496846e-03,8.217590e-03,4.932528e-02,8.778780e-02
3.139122e-02,1.433601e-02,4.981827e-02,3.109139e-02,1.618180e-02,4.310125e-03,7.566599e-04,4.300433e-01,1.764223e-01,3.558674e-02,5.642160e-02,9.554478e-03,3.568334e-02,3.710227e-02,7.130040e-02
4.025199e-02,1.533140e-02,8.983569e-02,3.265798e-02,1.640467e-02,4.929429e-03,9.632850e-04,4.468491e-01,1.333630e-01,2.698415e-02,6.571868e-02,8.326266e-03,3.352819e-02,2.741560e-02,5.744049e-02
4.084615e-02,1.870146e-02,1.525522e-01,3.159463e-02,2.036332e-02,5.729155e-03,1.597565e-03,4.405423e-01,1.032795e-01,2.125643e-02,6.188890e-02,6.578934e-03,2.675495e-02,2.176097e-02,4.655354e-02
5.020094e-02,3.469352e-02,1.554608e-01,2.865755e-02,4.183238e-02,1.058902e-02,4.842263e-03,4.200585e-01,8.459412e-02,2.212127e-02,5.229466e-02,5.218624e-03,2.191425e-02,2.071184e-02,4.681019e-02
5.932567e-02,4.626426e-02,1.554947e-01,2.914743e-02,5.288355e-02,1.108020e-02,6.434052e-03,4.298035e-01,6.798966e-02,2.140062e-02,4.060522e-02,4.388968e-03,1.759878e-02,1.878748e-02,3.879586e-02
