1.000000e+00,0.000000e+00,0.000000e+00,0.000000e+00,0.000000e+00,0.000000e+00,0.000000e+00,0.000000e+00,0.000000e+00,0.000000e+00,0.000000e+00,0.000000e+00,0.000000e+00,0.000000e+00,0.000000e+00
1.000000e+00,0.000000e+00,0.000000e+00,0.000000e+00,0.000000e+00,0.000000e+00,0.000000e+00,0.000000e+00,0.000000e+00,0.000000e+00,0.000000e+00,0.000000e+00,0.000000e+00,0.000000e+00,0.000000e+00
1.000000e+00,0.000000e+00,0.000000e+00,0.000000e+00,0.000000e+00,0.000000e+00,0.000000e+00,0.000000e+00,0.000000e+00,0.000000e+00,0.000000e+00,0.000000e+00,0.000000e+00,0.000000e+00,0.000000e+00
1.000000e+00,0.000000e+00,0.000000e+00,0.000000e+00,0.000000e+00,0.000000e+00,0.000000e+00,0.000000e+00,0.000000e+00,0.000000e+00,0.000000e+00,0.000000e+00,0.000000e+00,0.000000e+00,0.000000e+00
1.000000e+00,0.000000e+00,0.000000e+00,0.000000e+00,0.000000e+00,0.000000e+00,0.000000e+00,0.000000e+00,0.000000e+00,0.000000e+00,0.000000e+00,0.000000e+00,0.000000e+00,0.000000e+00,0.000000e+00
1.000000e+00,0.000000e+00,0.000000e+00,0.000000e+00,0.000000e+00,0.000000e+00,0.000000e+00,0.000000e+00,0.000000e+00,0.000000e+00,0.000000e+00,0.000000e+00,0.000000e+00,0.000000e+00,0.000000e+00
1.000000e+00,0.000000e+00,0.000000e+00,0.000000e+00,0.000000e+00,0.000000e+00,0.000000e+00,0.000000e+00,0.000000e+00,0.000000e+00,0.000000e+00,0.000000e+00,0.000000e+00,0.000000e+00,0.000000e+00
1.000000e+00,0.000000e+00,0.000000e+00,0.000000e+00,0.000000e+00,0.000000e+00,0.000000e+00,0.000000e+00,0.000000e+00,0.000000e+00,0.000000e+00,0.000000e+00,0.000000e+00,0.000000e+00,0.000000e+00
1.000000e+00,0.000000e+00,0.000000e+00,0.000000e+00,0.000000e+00,0.000000e+00,0.000000e+00,0.000000e+00,0.000000e+00,0.000000e+00,0.000000e+00,0.000000e+00,0.000000e+00,0.000000e+00,0.000000e+00
1.000000e+00,0.000000e+00,0.000000e+00,0.000000e+00,0.000000e+00,0.000000e+00,0.000000e+00,0.000000e+00,0.000000e+00,0.000000e+00,0.000000e+00,0.000000e+00,0.000000e+00,0.000000e+00,0.000000e+00
1.000000e+00,0.000000e+00,0.000000e+00,0.000000e+00,0.000000e+00,0.000000e+00,0.000000e+00,0.000000e+00,0.000000e+00,0.000000e+00,0.000000e+00,0.000000e+00,0.000000e+00,0.000000e+00,0.000000e+00
1.000000e+00,0.000000e+00,0.000000e+00,0.000000e+00,0.000000e+00,0.000000e+00,0.000000e+00,0.000000e+00,0.000000e+00,0.000000e+00,0.000000e+00,0.000000e+00,0.000000e+00,0.000000e+00,0.000000e+00
1.000000e+00,0.000000e+00,0.000000e+00,0.000000e+00,0.000000e+00,0.000000e+00,0.000000e+00,0.000000e+00,0.000000e+00,0.000000e+00,0.000000e+00,0.000000e+00,0.000000e+00,0.000000e+00,0.000000e+00
1.000000e+00,0.000000e+00,0.000000e+00,0.000000e+00,0.000000e+00,0.000000e+00,0.000000e+00,0.000000e+00,0.000000e+00,0.000000e+00,0.000000e+00,0.000000e+00,0.000000e+00,0.000000e+00,0.000000e+00
1.000000e+00,0.000000e+00,0.000000e+00,0.000000e+00,0.000000e+00,0.000000e+00,0.000000e+00,0.000000e+00,0.000000e+00,0.000000e+00,0.000000e+00,0.000000e+00,0.000000e+00,0.000000e+00,0.000000e+00
1.000000e+00,0.000000e+00,0.000000e+00,0.000000e+00,0.000000e+00,0.000000e+00,0.000000e+00,0.000000e+00,0.000000e+00,0.000000e+00,0.000000e+00,0.000000e+00,0.000000e+00,0.000000e+00,0.000000e+00
1.000000e+00,0.000000e+00,0.000000e+00,0.000000e+00,0.000000e+00,0.000000e+00,0.000000e+00,0.000000e+00,0.000000e+00,0.000000e+00,0.000000e+00,0.000000e+00,0.000000e+00,0.000000e+00,0.000000e+00
1.000000e+00,0.000000e+00,0.000000e+00,0.000000e+00,0.000000e+00,0.000000e+00,0.000000e+00,0.000000e+00,0.000000e+00,0.000000e+00,0.000000e+00,0.000000e+00,0.000000e+00,0.000000e+00,0.000000e+00
1.000000e+00,0.000000e+00,0.000000e+00,0.000000e+00,0.000000e+00,0.000000e+00,0.000000e+00,0.000000e+00,0.000000e+00,0.000000e+00,0.000000e+00,0.000000e+00,0.000000e+00,0.000000e+00,0.000000e+00
1.000000e+00,0.000000e+00,0.000000e+00,0.000000e+00,0.000000e+00,0.000000e+00,0.000000e+00,0.000000e+00,0.000000e+00,0.000000e+00,0.000000e+00,0.000000e+00,0.000000e+00,0.000000e+00,0.000000e+00
1.000000e+00,0.000000e+00,0.000000e+00,0.000000e+00,0.000000e+00,0.000000e+00,0.000000e+00,0.000000e+00,0.000000e+00,0.000000e+00,0.000000e+00,0.000000e+00,0.000000e+00,0.000000e+00,0.000000e+00
1.000000e+00,0.000000e+00,0.000000e+00,0.000000e+00,0.000000e+00,0.000000e+00,0.000000e+00,0.000000e+00,0.000000e+00,0.000000e+00,0.000000e+00,0.000000e+00,0.000000e+00,0.000000e+00,0.000000e+00
1.000000e+00,0.000000e+00,0.000000e+00,0.000000e+00,0.000000e+00,0.000000e+00,0.000000e+00,0.000000e+00,0.000000e+00,0.000000e+00,0.000000e+00,0.000000e+00,0.000000e+00,0.000000e+00,0.000000e+00
1.000000e+00,0.000000e+00,0.000000e+00,0.000000e+00,0.000000e+00,0.000000e+00,0.000000e+00,0.000000e+00,0.000000e+00,0.000000e+00,0.000000e+00,0.000000e+00,0.000000e+00,0.000000e+00,0.000000e+00
1.000000e+00,0.000000e+00,0.000000e+00,0.000000e+00,0.000000e+00,0.000000e+00,0.000000e+00,0.000000e+00,0.000000e+00,0.000000e+00,0.000000e+00,0.000000e+00,0.000000e+00,0.000000e+00,0.000000e+00
1.000000e+00,0.000000e+00,0.000000e+00,0.000000e+00,0.000000e+00,0.000000e+00,0.000000e+00,0.000000e+00,0.000000e+00,0.000000e+00,0.000000e+00,0.000000e+00,0.000000e+00,0.000000e+00,0.000000e+00
1.000000e+00,0.000000e+00,0.000000e+00,0.000000e+00,0.000000e+00,0.000000e+00,0.000000e+00,0.000000e+00,0.000000e+00,0.000000e+00,0.000000e+00,0.000000e+00,0.000000e+00,0.000000e+00,0.000000e+00
1.000000e+00,0.000000e+00,0.000000e+00,0.000000e+00,0.000000e+00,0.000000e+00,0.000000e+00,0.000000e+00,0.000000e+00,0.000000e+00,0.000000e+00,0.000000e+00,0.000000e+00,0.000000e+00,0.000000e+00
1.000000e+00,0.000000e+00,0.000000e+00,0.000000e+00,0.000000e+00,0.000000e+00,0.000000e+00,0.000000e+00,0.000000e+00,0.000000e+00,0.000000e+00,0.000000e+00,0.000000e+00,0.000000e+00,0.000000e+00
1.000000e+00,0.000000e+00,0.000000e+00,0.000000e+00,0.000000e+00,0.000000e+00,0.000000e+00,0.000000e+00,0.000000e+00,0.000000e+00,0.000000e+00,0.000000e+00,0.000000e+00,0.000000e+00,0.000000e+00
1.000000e+00,0.000000e+00,0.000000e+00,0.000000e+00,0.000000e+00,0.000000e+00,0.000000e+00,0.000000e+00,0.000000e+00,0.000000e+00,0.000000e+00,0.000000e+00,0.000000e+00,0.000000e+00,0.000000e+00
1.000000e+00,0.000000e+00,0.000000e+00,0.000000e+00,0.000000e+00,0.000000e+00,0.000000e+00,0.000000e+00,0.000000e+00,0.000000e+00,0.000000e+00,0.000000e+00,0.000000e+00,0.000000e+00,0.000000e+00
1.000000e+00,0.000000e+00,0.000000e+00,0.000000e+00,0.000000e+00,0.000000e+00,0.000000e+00,0.000000e+00,0.000000e+00,0.000000e+00,0.000000e+00,0.000000e+00,0.000000e+00,0.000000e+00,0.000000e+00
1.000000e+00,0.000000e+00,0.000000e+00,0.000000e+00,0.000000e+00,0.000000e+00,0.000000e+00,0.000000e+00,0.000000e+00,0.000000e+00,0.000000e+00,0.000000e+00,0.000000e+00,0.000000e+00,0.000000e+00
1.000000e+00,0.000000e+00,0.000000e+00,0.000000e+00,0.000000e+00,0.000000e+00,0.000000e+00,0.000000e+00,0.000000e+00,0.000000e+00,0.000000e+00,0.000000e+00,0.000000e+00,0.000000e+00,0.000000e+00
1.000000e+00,0.000000e+00,0.000000e+00,0.000000e+00,0.000000e+00,0.000000e+00,0.000000e+00,0.000000e+00,0.000000e+00,0.000000e+00,0.000000e+00,0.000000e+00,0.000000e+00,0.000000e+00,0.000000e+00
1.000000e+00,0.000000e+00,0.000000e+00,0.000000e+00,0.000000e+00,0.000000e+00,0.000000e+00,0.000000e+00,0.000000e+00,0.000000e+00,0.000000e+00,0.000000e+00,0.000000e+00,0.000000e+00,0.000000e+00
1.000000e+00,0.000000e+00,0.000000e+00,0.000000e+00,0.000000e+00,0.000000e+00,0.000000e+00,0.000000e+00,0.000000e+00,0.000000e+00,0.000000e+00,0.000000e+00,0.000000e+00,0.000000e+00,0.000000e+00
1.000000e+00,0.000000e+00,0.000000e+00,0.000000e+00,0.000000e+00,0.000000e+00,0.000000e+00,0.000000e+00,0.000000e+00,0.000000e+00,0.000000e+00,0.000000e+00,0.000000e+00,0.000000e+00,0.000000e+00
1.000000e+00,0.000000e+00,0.000000e+00,0.000000e+00,0.000000e+00,0.000000e+00,0.000000e+00,0.000000e+00,0.000000e+00,0.000000e+00,0.000000e+00,0.000000e+00,0.000000e+00,0.000000e+00,0.000000e+00
1.000000e+00,0.000000e+00,0.000000e+00,0.000000e+00,0.000000e+00,0.000000e+00,0.000000e+00,0.000000e+00,0.000000e+00,0.000000e+00,0.000000e+00,0.000000e+00,0.000000e+00,0.000000e+00,0.000000e+00
1.000000e+00,0.000000e+00,0.000000e+00,0.000000e+00,0.000000e+00,0.000000e+00,0.000000e+00,0.000000e+00,0.000000e+00,0.000000e+00,0.000000e+00,0.000000e+00,0.000000e+00,0.000000e+00,0.000000e+00
1.000000e+00,0.000000e+00,0.000000e+00,0.000000e+00,0.000000e+00,0.000000e+00,0.000000e+00,0.000000e+00,0.000000e+00,0.000000e+00,0.000000e+00,0.000000e+00,0.000000e+00,0.000000e+00,0.000000e+00
1.000000e+00,0.000000e+00,0.000000e+00,0.000000e+00,0.000000e+00,0.000000e+00,0.000000e+00,0.000000e+00,0.000000e+00,0.000000e+00,0.000000e+00,0.000000e+00,0.000000e+00,0.000000e+00,0.000000e+00
1.000000e+00,0.000000e+00,0.000000e+00,0.000000e+00,0.000000e+00,0.000000e+00,0.000000e+00,0.000000e+00,0.000000e+00,0.000000e+00,0.000000e+00,0.000000e+00,0.000000e+00,0.000000e+00,0.000000e+00
1.000000e+00,0.000000e+00,0.000000e+00,0.000000e+00,0.000000e+00,0.000000e+00,0.000000e+00,0.000000e+00,0.000000e+00,0.000000e+00,0.000000e+00,0.000000e+00,0.000000e+00,0.000000e+00,0.000000e+00
1.000000e+00,0.000000e+00,0.000000e+00,0.000000e+00,0.000000e+00,0.000000e+00,0.000000e+00,0.000000e+00,0.000000e+00,0.000000e+00,0.000000e+00,0.000000e+00,0.000000e+00,0.000000e+00,0.000000e+00
1.000000e+00,0.000000e+00,0.000000e+00,0.000000e+00,0.000000e+00,0.000000e+00,0.000000e+00,0.000000e+00,0.000000e+00,0.000000e+00,0.000000e+00,0.000000e+00,0.000000e+00,0.000000e+00,0.000000e+00
1.000000e+00,0.000000e+00,0.000000e+00,0.000000e+00,0.000000e+00,0.000000e+00,0.000000e+00,0.000000e+00,0.000000e+00,0.000000e+00,0.000000e+00,0.000000e+00,0.000000e+00,0.000000e+00,0.000000e+00
1.000000e+00,0.000000e+00,0.000000e+00,0.000000e+00,0.000000e+00,0.000000e+00,0.000000e+00,0.000000e+00,0.000000e+00,0.000000e+00,0.000000e+00,0.000000e+00,0.000000e+00,0.000000e+00,0.000000e+00
1.000000e+00,0.000000e+00,0.000000e+00,0.000000e+00,0.000000e+00,0.000000e+00,0.000000e+00,0.000000e+00,0.000000e+00,0.000000e+00,0.000000e+00,0.000000e+00,0.000000e+00,0.000000e+00,0.000000e+00
1.000000e+00,0.000000e+00,0.000000e+00,0.000000e+00,0.000000e+00,0.000000e+00,0.000000e+00,0.000000e+00,0.000000e+00,0.000000e+00,0.000000e+00,0.000000e+00,0.000000e+00,0.000000e+00,0.000000e+00
1.000000e+00,0.000000e+00,0.000000e+00,0.000000e+00,0.000000e+00,0.000000e+00,0.000000e+00,0.000000e+00,0.000000e+00,0.000000e+00,0.000000e+00,0.000000e+00,0.000000e+00,0.000000e+00,0.000000e+00
1.000000e+00,0.000000e+00,0.000000e+00,0.000000e+00,0.000000e+00,0.000000e+00,0.000000e+00,0.000000e+00,0.000000e+00,0.000000e+00,0.000000e+00,0.000000e+00,0.000000e+00,0.000000e+00,0.000000e+00
1.000000e+00,0.000000e+00,0.000000e+00,0.000000e+00,0.000000e+00,0.000000e+00,0.000000e+00,0.000000e+00,0.000000e+00,0.000000e+00,0.000000e+00,0.000000e+00,0.000000e+00,0.000000e+00,0.000000e+00
1.000000e+00,0.000000e+00,0.000000e+00,0.000000e+00,0.000000e+00,0.000000e+00,0.000000e+00,0.000000e+00,0.000000e+00,0.000000e+00,0.000000e+00,0.000000e+00,0.000000e+00,0.000000e+00,0.000000e+00
1.000000e+00,0.000000e+00,0.000000e+00,0.000000e+00,0.000000e+00,0.000000e+00,0.000000e+00,0.000000e+00,0.000000e+00,0.000000e+00,0.000000e+00,0.000000e+00,0.000000e+00,0.000000e+00,0.000000e+00
1.000000e+00,0.000000e+00,0.000000e+00,0.000000e+00,0.000000e+00,0.000000e+00,0.000000e+00,0.000000e+00,0.000000e+00,0.000000e+00,0.000000e+00,0.000000e+00,0.000000e+00,0.000000e+00,0.000000e+00
1.000000e+00,0.000000e+00,0.000000e+00,0.000000e+00,0.000000e+00,0.000000e+00,0.000000e+00,0.000000e+00,0.000000e+00,0.000000e+00,0.000000e+00,0.000000e+00,0.000000e+00,0.000000e+00,0.000000e+00
1.000000e+00,0.000000e+00,0.000000e+00,0.000000e+00,0.000000e+00,0.000000e+00,0.000000e+00,0.000000e+00,0.000000e+00,0.000000e+00,0.000000e+00,0.000000e+00,0.000000e+00,0.000000e+00,0.000000e+00
1.000000e+00,0.000000e+00,0.000000e+00,0.000000e+00,0.000000e+00,0.000000e+00,0.000000e+00,0.000000e+00,0.000000e+00,0.000000e+00,0.000000e+00,0.000000e+00,0.000000e+00,0.000000e+00,0.000000e+00
1.000000e+00,0.000000e+00,0.000000e+00,0.000000e+00,0.000000e+00,0.000000e+00,0.000000e+00,0.000000e+00,0.000000e+00,0.000000e+00,0.000000e+00,0.000000e+00,0.000000e+00,0.000000e+00,0.000000e+00
4.541171e-01,2.729787e-02,1.561956e-02,1.014881e-01,9.219824e-03,2.158087e-02,5.150479e-03,1.910174e-01,8.217132e-03,1.686398e-03,4.244644e-02,7.444117e-02,2.937784e-02,6.730368e-03,1.160947e-02
3.181309e-01,4.272476e-02,1.976573e-02,2.183761e-01,7.364955e-03,1.585684e-02,3.713997e-03,1.341971e-01,8.471391e-03,3.862470e-03,1.108630e-01,6.919222e-02,2.744260e-02,7.541415e-03,1.249665e-02
2.227923e-01,3.455549e-02,1.465642e-02,2.306071e-01,1.168595e-02,1.449944e-02,2.952735e-03,9.588651e-02,7.828441e-02,3.218173e-03,1.515986e-01,6.573644e-02,2.531705e-02,3.429849e-02,1.391093e-02
1.560465e-01,2.459049e-02,1.035319e-02,1.737303e-01,8.785484e-03,1.050034e-02,2.078557e-03,6.744125e-02,6.147212e-02,5.538589e-03,1.973748e-01,5.341635e-02,1.948584e-02,1.988993e-01,1.028696e-02
1.093619e-01,1.740657e-02,7.346225e-03,1.251867e-01,7.741896e-03,7.739048e-03,1.471021e-03,4.753270e-02,4.495702e-02,5.783988e-03,3.227887e-01,3.895584e-02,1.411963e-02,2.420419e-01,7.566812e-03
7.687041e-02,1.243011e-02,5.357594e-03,8.995338e-02,6.427778e-03,6.111098e-03,1.098028e-03,3.427205e-02,3.741428e-02,6.744404e-03,3.145225e-01,2.860859e-02,1.011886e-02,3.645005e-01,5.570453e-03
5.528197e-02,1.029266e-02,4.714383e-03,7.122806e-02,8.148580e-03,7.107780e-03,1.035990e-03,3.015513e-02,6.854737e-02,1.073763e-02,2.814997e-01,2.201872e-02,7.940447e-03,4.163706e-01,4.921066e-03
4.141917e-02,8.672489e-03,4.048422e-03,5.191787e-02,6.636562e-03,7.313375e-03,8.870075e-04,2.217427e-02,6.919210e-02,1.480513e-02,2.725906e-01,1.637316e-02,5.838485e-03,4.740135e-01,4.117849e-03
3.027483e-02,9.999431e-03,3.568445e-03,3.754975e-02,5.914819e-03,8.681061e-03,7.360323e-04,1.654961e-02,7.092744e-02,1.841108e-02,2.799265e-01,1.235915e-02,4.465446e-03,4.970650e-01,3.571305e-03
2.194606e-02,8.107938e-03,2.674845e-03,2.702526e-02,4.493036e-03,7.577053e-03,5.464358e-04,1.172356e-02,7.089663e-02,1.877734e-02,2.838185e-01,9.506635e-03,3.353222e-03,5.267505e-01,2.802906e-03
1.552523e-02,6.420576e-03,1.934369e-03,1.901043e-02,3.496373e-03,5.635080e-03,3.927997e-04,8.227732e-03,7.454066e-02,2.184229e-02,3.422884e-01,6.926464e-03,2.434416e-03,4.890843e-01,2.240827e-03
1.096109e-02,9.820549e-03,3.108037e-03,1.354396e-02,3.731484e-03,5.553474e-03,2.895033e-04,5.789754e-03,1.910930e-01,2.650125e-02,2.976497e-01,5.267506e-03,1.772210e-03,4.226035e-01,2.315013e-03
7.822149e-03,7.195681e-03,2.636897e-03,9.759077e-03,4.940206e-03,6.205444e-03,3.533325e-04,4.082802e-03,1.835745e-01,6.980903e-02,3.042047e-01,3.963613e-03,1.699214e-03,3.911361e-01,2.617350e-03
5.661646e-03,5.468731e-03,2.586324e-03,8.113278e-03,1.034377e-02,1.583549e-02,4.681278e-04,2.973159e-03,1.746037e-01,1.940849e-01,2.350872e-01,2.955198e-03,1.879525e-03,3.369568e-01,2.982217e-03
4.128764e-03,4.477843e-03,5.757023e-03,1.200452e-02,2.983762e-02,1.958787e-02,8.776532e-04,9.426383e-03,1.951104e-01,2.732618e-01,1.705408e-01,2.320973e-03,2.296227e-03,2.674287e-01,2.943475e-03
3.302391e-03,3.914959e-03,1.587837e-02,1.138194e-02,4.572427e-02,1.883012e-02,7.698655e-04,9.483295e-03,1.453640e-01,4.252658e-01,1.216095e-01,1.688922e-03,2.038066e-03,1.916609e-01,3.087623e-03
1.420452e-02,6.433128e-03,1.307412e-02,1.143402e-02,7.948561e-02,3.376030e-02,1.210786e-03,6.827559e-03,1.137718e-01,4.806039e-01,8.985688e-02,1.266710e-03,1.947575e-03,1.429559e-01,3.167304e-03
5.025898e-02,1.227576e-02,2.087036e-02,2.063077e-02,1.368785e-01,4.749227e-02,4.104134e-03,1.500992e-02,8.915051e-02,4.119493e-01,6.987298e-02,1.676337e-03,4.755396e-03,1.119385e-01,3.136269e-03
9.177741e-02,1.724571e-02,4.470661e-02,1.824042e-02,1.225747e-01,5.487330e-02,6.888701e-03,1.354484e-02,7.823069e-02,3.320440e-01,7.545362e-02,3.269494e-03,5.490486e-03,1.220521e-01,1.360799e-02
1.108570e-01,3.023681e-02,7.913002e-02,1.462107e-02,1.115726e-01,6.377354e-02,7.071061e-03,1.071578e-02,7.146978e-02,2.627107e-01,6.692058e-02,4.088669e-03,5.164498e-03,1.219856e-01,3.968240e-02
9.156397e-02,5.156383e-02,9.550755e-02,1.196233e-01,1.178886e-01,5.352132e-02,7.443146e-03,9.743175e-03,6.247413e-02,1.905569e-01,5.160290e-02,4.117476e-03,4.352965e-03,8.872208e-02,5.131871e-02
1.012300e-01,7.549518e-02,7.850120e-02,1.212959e-01,1.283581e-01,4.113195e-02,6.631034e-03,1.097951e-02,7.463243e-02,1.526075e-01,4.113317e-02,7.276947e-03,4.961457e-03,6.625440e-02,8.951113e-02
8.417678e-02,5.518158e-02,7.088154e-02,3.058063e-01,1.027602e-01,3.194432e-02,4.946726e-03,1.378563e-02,6.497955e-02,1.092097e-01,3.422152e-02,5.825107e-03,3.939548e-03,4.702970e-02,6.531174e-02
9.961784e-02,4.053481e-02,9.597156e-02,2.723229e-01,9.901872e-02,3.379720e-02,5.726670e-03,1.073313e-01,5.141582e-02,7.720125e-02,2.929824e-02,5.061199e-03,3.193555e-03,3.343256e-02,4.607635e-02
8.976692e-02,2.939674e-02,1.032506e-01,2.083667e-01,7.970774e-02,3.080108e-02,4.783893e-03,2.770525e-01,3.861027e-02,5.422250e-02,2.189965e-02,3.726771e-03,2.395187e-03,2.361874e-02,3.240064e-02
9.301066e-02,2.777498e-02,1.141277e-01,2.052730e-01,6.777961e-02,2.846670e-02,4.748056e-03,3.264382e-01,2.938918e-02,3.887540e-02,1.800756e-02,2.880644e-03,1.903238e-03,1.716478e-02,2.416032e-02
8.774012e-02,2.755001e-02,1.061955e-01,2.052245e-01,5.414267e-02,2.550286e-02,4.348674e-03,3.617266e-01,2.773441e-02,3.411585e-02,2.006271e-02,3.220482e-03,2.509133e-03,1.281305e-02,2.711336e-02
6.360816e-02,2.336033e-02,9.225691e-02,1.636821e-01,3.807617e-02,1.854869e-02,3.089684e-03,2.690852e-01,9.829431e-02,1.108109e-01,3.616660e-02,3.886835e-03,3.558390e-03,1.382567e-02,6.175007e-02
4.462595e-02,1.683820e-02,6.819507e-02,1.195121e-01,2.668028e-02,1.320223e-02,2.187433e-03,1.892108e-01,7.651091e-02,2.998894e-01,4.402695e-02,3.642454e-03,1.908160e-02,1.033519e-02,6.606147e-02
3.147678e-02,1.303164e-02,5.272355e-02,8.879276e-02,1.876323e-02,9.805708e-03,1.556469e-03,1.327945e-01,6.506812e-02,4.293950e-01,4.280895e-02,4.761777e-03,4.072132e-02,8.768240e-03,5.953190e-02
2.225838e-02,9.805766e-03,4.133648e-02,6.254438e-02,1.327051e-02,8.363160e-03,1.150595e-03,9.299707e-02,4.814710e-02,5.214133e-01,4.660661e-02,6.031054e-03,5.095395e-02,8.854305e-03,6.626736e-02
1.585471e-02,7.781421e-03,3.030796e-02,4.561424e-02,9.536035e-03,6.878990e-03,9.134335e-04,6.518780e-02,3.755714e-02,5.699971e-01,5.431055e-02,6.087617e-03,5.377081e-02,1.361243e-02,8.258975e-02
1.141398e-02,5.945225e-03,2.171055e-02,3.390968e-02,6.850346e-03,5.533512e-03,6.703145e-04,4.570319e-02,3.685716e-02,5.567772e-01,6.106139e-02,8.079939e-03,4.580276e-02,2.434689e-02,1.353378e-01
8.872890e-03,5.271186e-03,1.618337e-02,3.100825e-02,5.748923e-03,4.775974e-03,5.552690e-04,3.226002e-02,4.113635e-02,6.307264e-01,5.147427e-02,6.572523e-03,3.591183e-02,2.388699e-02,1.056157e-01
9.247242e-03,5.508859e-03,1.283363e-02,2.770635e-02,5.781927e-03,5.187946e-03,6.149401e-04,2.479648e-02,4.407609e-02,6.796325e-01,4.305905e-02,6.543163e-03,2.991663e-02,2.433680e-02,8.075833e-02
6.917701e-03,5.195337e-03,1.034203e-02,1.964789e-02,4.528563e-03,6.533341e-03,5.590990e-04,1.766361e-02,3.490935e-02,7.533466e-01,3.349213e-02,4.771628e-03,2.184665e-02,1.944723e-02,6.079887e-02
6.096676e-03,4.789336e-03,8.471962e-03,1.575329e-02,6.242902e-03,6.022379e-03,1.202506e-03,1.551765e-02,3.633611e-02,7.798274e-01,2.902868e-02,3.841101e-03,1.643861e-02,2.485244e-02,4.557891e-02
6.124383e-03,6.546021e-03,8.460369e-03,1.185164e-02,4.716572e-03,5.834618e-03,1.306280e-03,1.179335e-02,3.559491e-02,8.082120e-01,2.178457e-02,3.151179e-03,1.300766e-02,2.370030e-02,3.791608e-02
7.278472e-03,7.680319e-03,8.732266e-03,1.116662e-02,4.173923e-03,5.984577e-03,1.204115e-03,1.030896e-02,3.837892e-02,8.006492e-01,1.674583e-02,2.688447e-03,1.127538e-02,2.381122e-02,4.992177e-02
9.856682e-03,1.727442e-02,1.218581e-02,1.479300e-02,8.855278e-03,5.748035e-03,1.104552e-03,9.177608e-03,6.757990e-02,7.383204e-01,1.948368e-02,3.426848e-03,1.233980e-02,3.099756e-02,4.885643e-02
7.780892e-03,7.444318e-02,2.002503e-02,3.663374e-02,9.673787e-03,5.189285e-03,9.177019e-04,6.740272e-03,1.958686e-01,5.281972e-01,3.672798e-02,6.078742e-03,1.155290e-02,2.318289e-02,3.698777e-02
6.167329e-03,5.917341e-02,1.791393e-02,3.785994e-02,9.055516e-03,5.491747e-03,7.630970e-04,4.920413e-03,2.885365e-01,3.724320e-01,7.730436e-02,1.326634e-02,2.049172e-02,4.548857e-02,4.113512e-02
4.497378e-03,4.236771e-02,1.428724e-02,2.747260e-02,6.885307e-03,3.963723e-03,5.507877e-04,3.538839e-03,2.089906e-01,2.614282e-01,2.689531e-01,2.835026e-02,3.068179e-02,6.727546e-02,3.075705e-02
3.210411e-03,2.974948e-02,1.027273e-02,1.945157e-02,5.661781e-03,2.993828e-03,4.003853e-04,2.540614e-03,1.480967e-01,1.847397e-01,3.364058e-01,2.287610e-02,2.207951e-02,1.843629e-01,2.715846e-02
2.293961e-03,2.092874e-02,7.264919e-03,1.371828e-02,4.204783e-03,2.576250e-03,2.942743e-04,1.825606e-03,1.045649e-01,1.320432e-01,4.193575e-01,1.896081e-02,1.577116e-02,2.171252e-01,3.907034e-02
1.687869e-03,1.537209e-02,6.197340e-03,1.033527e-02,4.987542e-03,1.920143e-03,2.591985e-04,1.430660e-03,7.611774e-02,9.824971e-02,4.787168e-01,1.522638e-02,1.210258e-02,2.392687e-01,3.812796e-02
1.288516e-03,1.103264e-02,6.426857e-03,7.867523e-03,1.122086e-02,1.509947e-03,2.489309e-04,1.322284e-03,5.528210e-02,7.467224e-02,5.038944e-01,1.488679e-02,1.026086e-02,2.512493e-01,4.883672e-02
1.080875e-03,7.979380e-03,7.930825e-03,5.908795e-03,9.432403e-03,1.287323e-03,1.948536e-04,1.526877e-03,3.962597e-02,5.611242e-02,5.456477e-01,1.238142e-02,7.953299e-03,2.582332e-01,4.470474e-02
1.323055e-03,6.044655e-03,7.598703e-03,4.648477e-03,4.424117e-02,2.561208e-03,4.833220e-04,5.153430e-03,4.716152e-02,4.904847e-02,5.110576e-01,1.131958e-02,6.435937e-03,2.281554e-01,7.476756e-02
1.915685e-03,5.518281e-03,5.488225e-02,4.912523e-03,7.281217e-02,3.273198e-03,5.300594e-04,1.791154e-02,5.200575e-02,3.744900e-02,4.650444e-01,9.727282e-03,5.773795e-03,2.021934e-01,6.605069e-02
7.514700e-03,1.211580e-02,1.413704e-01,5.773295e-03,9.241901e-02,9.205844e-03,8.024482e-04,3.759082e-02,4.255564e-02,2.944399e-02,3.801092e-01,7.644255e-03,4.838211e-03,1.738780e-01,5.473847e-02
1.871068e-02,1.104225e-02,1.602406e-01,8.906569e-03,1.169877e-01,1.524275e-02,2.472001e-03,1.155175e-01,3.345942e-02,2.612412e-02,3.041230e-01,6.482508e-03,3.997723e-03,1.317470e-01,4.494624e-02
1.984700e-02,1.039598e-02,2.369602e-01,1.049439e-02,9.215726e-02,1.383738e-02,8.785171e-03,2.000312e-01,2.374513e-02,2.003964e-02,2.298788e-01,4.725715e-03,3.043825e-03,9.442212e-02,3.163624e-02
1.934589e-02,1.114619e-02,2.811013e-01,1.128189e-02,7.663772e-02,1.943851e-02,9.290953e-03,2.763509e-01,1.715373e-02,1.524939e-02,1.671384e-01,3.436595e-03,2.458219e-03,6.766815e-02,2.230207e-02
1.584999e-02,9.513617e-03,3.019319e-01,1.147173e-02,6.030510e-02,2.004607e-02,8.853957e-03,3.604534e-01,1.246896e-02,1.109067e-02,1.187720e-01,2.457725e-03,2.054755e-03,4.907424e-02,1.565594e-02
1.524193e-02,7.986765e-03,2.914208e-01,1.605757e-02,5.013766e-02,1.728850e-02,8.127701e-03,4.350554e-01,9.228924e-03,9.058188e-03,8.491327e-02,1.808218e-03,1.648494e-03,4.096096e-02,1.106569e-02
1.775384e-02,7.126999e-03,2.725067e-01,1.841106e-02,4.762416e-02,1.454552e-02,6.400991e-03,4.711034e-01,7.519268e-03,8.344430e-03,6.083566e-02,1.421658e-03,1.520907e-03,5.696445e-02,7.921115e-03
1.655165e-02,5.746023e-03,2.063980e-01,1.654589e-02,4.213167e-02,1.066750e-02,5.201884e-03,5.779139e-01,5.929997e-03,7.069743e-03,4.316780e-02,1.077247e-03,1.211084e-03,5.478226e-02,5.605489e-03
1.878784e-02,6.089086e-03,1.797072e-01,1.573038e-02,4.365893e-02,8.689746e-03,7.907253e-03,6.187071e-01,5.950783e-03,6.355749e-03,3.059867e-02,8.771871e-04,1.147740e-03,5.160509e-02,4.187405e-03
2.081550e-02,6.377757e-03,1.756968e-01,1.710292e-02,4.512568e-02,7.486143e-03,1.073784e-02,6.292350e-01,5.778006e-03,5.099101e-03,2.211812e-02,7.305995e-04,1.155704e-03,4.926600e-02,3.274953e-03
3.531112e-02,9.719182e-03,2.434236e-01,1.867162e-02,4.037524e-02,7.766478e-03,1.072756e-02,5.584895e-01,6.425426e-03,4.533622e-03,1.709112e-02,9.763899e-04,1.412860e-03,4.105509e-02,4.021220e-03
4.758363e-02,1.439031e-02,2.879834e-01,2.063867e-02,3.542025e-02,7.337337e-03,1.101432e-02,5.089294e-01,5.777481e-03,4.606497e-03,1.322586e-02,1.172855e-03,1.343343e-03,3.659303e-02,3.983696e-03
4.982096e-02,1.621788e-02,2.850116e-01,1.865383e-02,3.228303e-02,6.664272e-03,1.050782e-02,5.153110e-01,7.057336e-03,1.116416e-02,9.850212e-03,1.226907e-03,1.205817e-03,2.842729e-02,6.597902e-03
4.895423e-02,2.346117e-02,2.268112e-01,2.699098e-02,2.707349e-02,5.715329e-03,7.611740e-03,4.118107e-01,3.926418e-02,1.102927e-01,2.425868e-02,3.785420e-03,8.523532e-03,2.118786e-02,1.425872e-02
3.641047e-02,1.916385e-02,1.653318e-01,1.112536e-01,2.241720e-02,4.353007e-03,5.382596e-03,3.134620e-01,4.954354e-02,1.273612e-01,7.253953e-02,5.984607e-03,3.909181e-02,1.539051e-02,1.231427e-02
3.039244e-02,1.783515e-02,1.174286e-01,1.577038e-01,1.805056e-02,3.243733e-03,3.821579e-03,2.233484e-01,7.785523e-02,9.387548e-02,1.728082e-01,1.029713e-02,4.918241e-02,1.296783e-02,1.118948e-02
2.356157e-02,1.450598e-02,8.366436e-02,1.291905e-01,1.419508e-02,2.666693e-03,2.705624e-03,1.580732e-01,7.145283e-02,7.824286e-02,3.257448e-01,1.302590e-02,6.308135e-02,1.052005e-02,9.369176e-03
2.507379e-02,1.208601e-02,6.310635e-02,9.776847e-02,1.501857e-02,4.747255e-03,2.219363e-03,1.283615e-01,8.116815e-02,8.535171e-02,3.746584e-01,1.246590e-02,7.950400e-02,8.340687e-03,1.012977e-02
2.141919e-02,1.147262e-02,4.703979e-02,1.947467e-01,1.127087e-02,6.226423e-03,1.638344e-03,9.988312e-02,7.122293e-02,1.030686e-01,3.282140e-01,1.275014e-02,6.981695e-02,6.907825e-03,1.432257e-02
2.184761e-02,1.153669e-02,3.505410e-02,1.914671e-01,9.423191e-03,9.150309e-03,1.374580e-03,8.244682e-02,6.457807e-02,9.507219e-02,3.255454e-01,2.008294e-02,1.097626e-01,5.901870e-03,1.675655e-02
3.350824e-02,2.650831e-02,2.981367e-02,1.455491e-01,8.633739e-03,9.019354e-03,1.291574e-03,5.940669e-02,7.895380e-02,7.417162e-02,2.602143e-01,8.401665e-02,1.384348e-01,1.374664e-02,3.673150e-02
6.128923e-02,2.775499e-02,2.506113e-02,1.101720e-01,1.261570e-02,1.142879e-02,2.133564e-03,5.608910e-02,1.066550e-01,5.966831e-02,2.273205e-01,1.015806e-01,1.441446e-01,1.685533e-02,3.723117e-02
7.727268e-02,2.128746e-02,2.878292e-02,7.942924e-02,1.578921e-02,9.770360e-03,2.902956e-03,1.340788e-01,9.364167e-02,4.665180e-02,1.842704e-01,8.216616e-02,1.629475e-01,1.542292e-02,4.558602e-02
8.220766e-02,1.597766e-02,2.093956e-01,5.851582e-02,1.494591e-02,8.117022e-03,2.312054e-03,1.538457e-01,6.886766e-02,3.416903e-02,1.312037e-01,5.850754e-02,1.167448e-01,1.109716e-02,3.409267e-02
6.409395e-02,1.149944e-02,2.979970e-01,4.136998e-02,1.192481e-02,6.023908e-03,3.027223e-03,2.398995e-01,4.886531e-02,2.454462e-02,9.283968e-02,4.115773e-02,8.437444e-02,7.829277e-03,2.455322e-02
5.219693e-02,8.762900e-03,3.352026e-01,2.975876e-02,9.882609e-03,6.852650e-03,1.317993e-02,3.132554e-01,3.461985e-02,1.750531e-02,6.548319e-02,2.897225e-02,6.118831e-02,5.553646e-03,1.758576e-02
4.036046e-02,7.829939e-03,3.814148e-01,2.160926e-02,8.524096e-03,9.398693e-03,4.646884e-02,3.009773e-01,2.500720e-02,1.307215e-02,4.684273e-02,2.089471e-02,6.105191e-02,3.936274e-03,1.261169e-02
3.068586e-02,9.152070e-03,4.849380e-01,1.533264e-02,6.230548e-03,1.553278e-02,3.382986e-02,2.335512e-01,1.930823e-02,1.490998e-02,4.730558e-02,1.944815e-02,4.671399e-02,3.366453e-03,1.969472e-02
2.189437e-02,1.202848e-02,4.671481e-01,1.120857e-02,4.523186e-03,3.966101e-02,2.397538e-02,1.675934e-01,1.538550e-02,4.473232e-02,9.884979e-02,2.564323e-02,3.545219e-02,1.498748e-02,1.691694e-02
1.584940e-02,1.030140e-02,3.528643e-01,8.195557e-03,3.249584e-03,3.320067e-02,1.717232e-02,1.199636e-01,1.674432e-02,5.810586e-02,2.173794e-01,3.630719e-02,3.018218e-02,6.480678e-02,1.567753e-02
1.143605e-02,8.543991e-03,2.487951e-01,6.179720e-03,3.060766e-03,2.420910e-02,1.261428e-02,8.916417e-02,4.666316e-02,5.509697e-02,2.751384e-01,4.592579e-02,2.520730e-02,1.349873e-01,1.297789e-02
8.351582e-03,7.956984e-03,1.771051e-01,4.637760e-03,2.880802e-03,1.817886e-02,1.047539e-02,6.934312e-02,4.722996e-02,4.756273e-02,3.543166e-01,4.014977e-02,1.879998e-02,1.788218e-01,1.418967e-02
6.135790e-03,5.788096e-03,1.248721e-01,3.599794e-03,2.332486e-03,1.628254e-02,7.531016e-03,4.920673e-02,3.444562e-02,3.716454e-02,4.531210e-01,3.090548e-02,1.354120e-02,2.042958e-01,1.077779e-02
4.712013e-03,4.238437e-03,8.792948e-02,2.864922e-03,1.825022e-03,1.358262e-02,5.313022e-03,3.448899e-02,2.551024e-02,3.139518e-02,5.059495e-01,2.369239e-02,9.956182e-03,2.404609e-01,8.081097e-03
3.870196e-03,1.455408e-02,6.341387e-02,2.374327e-03,2.008679e-03,1.374947e-02,3.791074e-03,2.420014e-02,3.000722e-02,3.402127e-02,4.980952e-01,2.136651e-02,7.315932e-03,2.746757e-01,6.556307e-03
4.674130e-03,2.582643e-02,1.278397e-01,2.883905e-03,7.504643e-03,2.155127e-02,2.906102e-03,1.737551e-02,3.931872e-02,3.712761e-02,3.953598e-01,1.642548e-02,5.417272e-03,2.870824e-01,8.707050e-03
5.669124e-03,3.050546e-02,1.086655e-01,3.706136e-03,3.540679e-02,3.061687e-02,2.559982e-03,1.239798e-02,6.739625e-02,4.003852e-02,3.171293e-01,1.293987e-02,4.257869e-03,3.154192e-01,1.329107e-02
7.261137e-03,3.344118e-02,1.663797e-01,8.156918e-03,8.325796e-02,3.772761e-02,2.202971e-03,1.014689e-02,9.689055e-02,4.056535e-02,2.358093e-01,9.796253e-03,3.579435e-03,2.510367e-01,1.374794e-02
6.391423e-03,3.986511e-02,1.239325e-01,6.581511e-03,9.112038e-02,1.092705e-01,1.666129e-03,7.440284e-03,1.857187e-01,3.371135e-02,1.682024e-01,7.379174e-03,2.924002e-03,1.945005e-01,2.129609e-02
6.199058e-03,4.800441e-02,1.173624e-01,1.216873e-02,1.007787e-01,1.246196e-01,1.337957e-03,6.797759e-03,2.565895e-01,3.135129e-02,1.204631e-01,5.374592e-03,2.503567e-03,1.422879e-01,2.416141e-02
4.779296e-03,4.532595e-02,8.986647e-02,9.156979e-03,7.368866e-02,2.978134e-01,1.153829e-03,5.029948e-03,2.256624e-01,2.819374e-02,8.573004e-02,3.811393e-03,1.979607e-03,1.071157e-01,2.069260e-02
4.874791e-03,3.652603e-02,6.936149e-02,7.372917e-03,5.395678e-02,3.680938e-01,1.019900e-03,3.880067e-03,1.863819e-01,5.983596e-02,6.138224e-02,2.728986e-03,1.672604e-03,8.799937e-02,5.491314e-02
1.096721e-02,4.408324e-02,5.441537e-02,6.976756e-03,4.150308e-02,4.343090e-01,9.003956e-04,3.467347e-03,1.564574e-01,5.257791e-02,4.560037e-02,1.966956e-03,1.588791e-03,8.762818e-02,5.755801e-02
1.262314e-02,7.596386e-02,7.967219e-02,2.000278e-02,3.184721e-02,3.766869e-01,1.066624e-03,1.013550e-02,1.431879e-01,6.207138e-02,3.372223e-02,1.510550e-03,1.460765e-03,6.691386e-02,8.313506e-02
1.736668e-02,9.134358e-02,6.726982e-02,1.733837e-02,2.634350e-02,4.094517e-01,1.005325e-03,1.068202e-02,1.392507e-01,4.844193e-02,2.543053e-02,1.215795e-03,1.545536e-03,6.074670e-02,8.256791e-02
2.259667e-02,8.025827e-02,5.182443e-02,1.825153e-02,2.236013e-02,4.144297e-01,8.773687e-04,1.170008e-02,1.334973e-01,4.596016e-02,1.884888e-02,9.824232e-04,1.415101e-03,4.945590e-02,1.275421e-01
4.359823e-02,6.924607e-02,3.972853e-02,1.981308e-02,2.861555e-02,4.181942e-01,1.248840e-03,1.839254e-02,1.264958e-01,4.330778e-02,1.497983e-02,9.774924e-04,1.564925e-03,4.730031e-02,1.265369e-01
4.628660e-02,6.139612e-02,3.414082e-02,2.046561e-02,3.572705e-02,3.687848e-01,1.361706e-03,4.951904e-02,1.349669e-01,4.066197e-02,1.385641e-02,8.454949e-04,1.549548e-03,5.415505e-02,1.362829e-01
4.720857e-02,5.301993e-02,4.543933e-02,2.431342e-02,3.489654e-02,3.672810e-01,1.258491e-03,1.036002e-01,1.161973e-01,3.783698e-02,1.059731e-02,7.510514e-04,1.312054e-03,4.124412e-02,1.150437e-01
4.279460e-02,5.047917e-02,3.715406e-02,1.995825e-02,3.695979e-02,3.105931e-01,1.274129e-03,2.382177e-01,1.112744e-01,2.808969e-02,8.020259e-03,6.337896e-04,1.074578e-03,3.061711e-02,8.285948e-02
3.407452e-02,4.030282e-02,3.933336e-02,1.776885e-02,3.439562e-02,2.386886e-01,1.266296e-03,3.889069e-01,9.172153e-02,2.302468e-02,5.804889e-03,5.100366e-04,8.549962e-04,2.228770e-02,6.105923e-02
2.744927e-02,3.041271e-02,3.509385e-02,1.528034e-02,2.864500e-02,1.782708e-01,1.218234e-03,5.288652e-01,7.075209e-02,1.860078e-02,4.185002e-03,3.912202e-04,6.421141e-04,1.588519e-02,4.430827e-02
2.159145e-02,2.213169e-02,2.919371e-02,1.229677e-02,2.150288e-02,1.277155e-01,9.976595e-04,6.533521e-01,5.180401e-02,1.315060e-02,2.958584e-03,2.925352e-04,4.783866e-04,1.117814e-02,3.135602e-02
1.936465e-02,1.629963e-02,2.800941e-02,9.401585e-03,1.556542e-02,9.040514e-02,9.337813e-04,7.394800e-01,3.806031e-02,9.272713e-03,2.199778e-03,2.741605e-04,3.731512e-04,8.196997e-03,2.216328e-02
2.050337e-02,1.297123e-02,2.516688e-02,7.448200e-03,1.172508e-02,6.370104e-02,1.040776e-03,7.954779e-01,3.020769e-02,6.609063e-03,1.847242e-03,3.925592e-04,3.621336e-04,6.383188e-03,1.616372e-02
1.954255e-02,9.459594e-03,2.272449e-02,6.060948e-03,8.956784e-03,4.514543e-02,1.329599e-03,8.412579e-01,2.201007e-02,4.796063e-03,1.450595e-03,3.295827e-04,2.950557e-04,4.808708e-03,1.183269e-02
1.728681e-02,7.170057e-03,1.762520e-02,4.563924e-03,6.802076e-03,3.191492e-02,1.481880e-03,8.795307e-01,1.624989e-02,3.446794e-03,1.082823e-03,2.691501e-04,2.513491e-04,3.726236e-03,8.598262e-03
1.927434e-02,5.542618e-03,1.394229e-02,3.405300e-03,5.217771e-03,2.267461e-02,1.885173e-03,9.027700e-01,1.241459e-02,2.502665e-03,8.441419e-04,3.099604e-04,2.321364e-04,2.738052e-03,6.246445e-03
2.164866e-02,4.208432e-03,1.112695e-02,3.028258e-03,3.998198e-03,1.628179e-02,1.939814e-03,9.191293e-01,9.017930e-03,1.855270e-03,6.942725e-04,3.264294e-04,2.208341e-04,1.978300e-03,4.545655e-03
2.471607e-02,3.165971e-03,8.594445e-03,2.863977e-03,3.175956e-03,1.178080e-02,1.592553e-03,9.296774e-01,6.917375e-03,1.429293e-03,6.184458e-04,4.257167e-04,2.305912e-04,1.423285e-03,3.388235e-03
3.001068e-02,2.351876e-03,6.558455e-03,3.327526e-03,2.760472e-03,8.462457e-03,1.242908e-03,9.329686e-01,6.096613e-03,1.166943e-03,5.690696e-04,5.518454e-04,2.418954e-04,1.021923e-03,2.668744e-03
4.472562e-02,1.853666e-03,5.187973e-03,4.204073e-03,3.403051e-03,6.288671e-03,9.765110e-04,9.213597e-01,5.916327e-03,1.113385e-03,6.466829e-04,6.981000e-04,2.459316e-04,7.476244e-04,2.632729e-03
6.188568e-02,3.895191e-03,5.132273e-03,1.461545e-02,6.928227e-03,5.638301e-03,8.217533e-04,7.993512e-01,7.447410e-02,4.318112e-03,4.116728e-03,3.679225e-03,2.505991e-03,1.392905e-03,1.124492e-02
4.342936e-02,2.917925e-03,3.621652e-03,1.098718e-02,4.878323e-03,3.985031e-03,5.762138e-04,5.601987e-01,3.455937e-01,4.476908e-03,3.261927e-03,2.603506e-03,1.905989e-03,1.095233e-03,1.046834e-02
3.050717e-02,2.134230e-03,2.557121e-03,7.730708e-03,3.447610e-03,2.819269e-03,4.045161e-04,3.923186e-01,5.354002e-01,5.440447e-03,2.662231e-03,1.841034e-03,1.458839e-03,1.062135e-03,1.021581e-02
2.138418e-02,1.532189e-03,1.798628e-03,5.528469e-03,2.415463e-03,1.976487e-03,2.833433e-04,2.746428e-01,6.734680e-01,4.165282e-03,1.996664e-03,1.292661e-03,1.073925e-03,7.924641e-04,7.649484e-03
1.533933e-02,1.263929e-03,1.305132e-03,4.143693e-03,1.712858e-03,1.409653e-03,2.033566e-04,1.924126e-01,7.476684e-01,9.663851e-03,2.567879e-03,9.426944e-04,1.263421e-03,1.503900e-03,1.859923e-02
1.156472e-02,1.323420e-03,9.602733e-04,3.315526e-03,1.225249e-03,1.086424e-03,1.500142e-04,1.349374e-01,7.801886e-01,1.223929e-02,3.270705e-03,7.901092e-04,2.601844e-03,2.767314e-03,4.357916e-02
8.610339e-03,2.250038e-03,1.127268e-03,3.887823e-03,1.075364e-03,7.929302e-04,1.181731e-04,9.454859e-02,8.315629e-01,9.398622e-03,3.013681e-03,7.385162e-04,3.686433e-03,2.997383e-03,3.619188e-02
1.033674e-02,4.228685e-03,1.458407e-03,6.898134e-03,1.055012e-03,6.952171e-04,1.624981e-04,6.655362e-02,7.301844e-01,7.890512e-03,1.388546e-02,3.744356e-03,2.801891e-02,3.433150e-02,9.055649e-02
1.044887e-02,1.313527e-02,4.040613e-03,1.405218e-02,1.483518e-03,7.089018e-04,1.706634e-04,4.727250e-02,5.769847e-01,6.387667e-03,1.849382e-02,5.020090e-03,4.175479e-02,3.387517e-02,2.261713e-01
1.090035e-02,2.169151e-02,1.010137e-02,2.304953e-02,6.309865e-03,2.673289e-03,3.848702e-04,3.413472e-02,5.683198e-01,5.345915e-03,1.954877e-02,4.416823e-03,4.351763e-02,2.807757e-02,2.215280e-01
1.728878e-02,7.755443e-02,1.365624e-02,1.842073e-02,1.426078e-02,4.316134e-03,4.431804e-04,2.456166e-02,5.703638e-01,4.194773e-03,1.573878e-02,3.325146e-03,3.171452e-02,2.072251e-02,1.834385e-01
1.664365e-02,9.308597e-02,1.131490e-01,7.100118e-02,3.137396e-02,5.190509e-03,6.071482e-04,1.878757e-02,4.546875e-01,4.401746e-03,1.188263e-02,2.461742e-03,2.283694e-02,1.485637e-02,1.390340e-01
2.114975e-02,1.116380e-01,1.782493e-01,7.152333e-02,7.957301e-02,1.094893e-02,1.171190e-03,1.517105e-02,3.554671e-01,4.256640e-03,9.213537e-03,1.843253e-03,1.691564e-02,1.116104e-02,1.117182e-01
4.790474e-02,1.075175e-01,2.081479e-01,1.025097e-01,9.177759e-02,1.509369e-02,7.854020e-03,2.047533e-02,2.747653e-01,4.657828e-03,8.669334e-03,1.816895e-03,1.438666e-02,8.539679e-03,8.588390e-02
6.963298e-02,1.135604e-01,1.804576e-01,1.000680e-01,9.878018e-02,1.640018e-02,8.412427e-03,7.195371e-02,2.355649e-01,4.919979e-03,9.816427e-03,1.697052e-03,1.300988e-02,6.439204e-03,6.928705e-02
5.874511e-02,8.457022e-02,1.449591e-01,7.909353e-02,8.174682e-02,1.244506e-02,7.090829e-03,2.822638e-01,1.688532e-01,3.712857e-03,8.036482e-03,1.315054e-03,9.713205e-03,4.867984e-03,5.258677e-02
5.085024e-02,6.246775e-02,1.403069e-01,6.367939e-02,6.112823e-02,1.132697e-02,6.308486e-03,3.923328e-01,1.221381e-01,5.856854e-03,1.871161e-02,2.898839e-03,1.529845e-02,4.801944e-03,4.189343e-02
4.869623e-02,4.679316e-02,1.084255e-01,5.140287e-02,4.663820e-02,1.365971e-02,4.965039e-03,4.234955e-01,9.300988e-02,7.100147e-03,6.228851e-02,6.063077e-03,4.622116e-02,4.579793e-03,3.666130e-02
3.829437e-02,3.331958e-02,8.273141e-02,3.776397e-02,3.380120e-02,1.190009e-02,5.286769e-03,4.549583e-01,6.617332e-02,1.014818e-02,6.132137e-02,3.731824e-02,9.412822e-02,5.282674e-03,2.757236e-02
2.865801e-02,2.370333e-02,5.913600e-02,2.960418e-02,2.424338e-02,9.932482e-03,4.423177e-03,3.523139e-01,4.733795e-02,1.697760e-02,1.014318e-01,4.228914e-02,2.294537e-01,4.371556e-03,2.612377e-02
2.336808e-02,1.844278e-02,4.691213e-02,2.891382e-02,1.777680e-02,9.259610e-03,3.681283e-03,2.598427e-01,3.967336e-02,3.583098e-02,1.128508e-01,4.745447e-02,3.166244e-01,4.169693e-03,3.519915e-02
2.032148e-02,1.588252e-02,3.662131e-02,2.703959e-02,1.360257e-02,9.328179e-03,3.154806e-03,1.939470e-01,4.949771e-02,4.625100e-02,1.256207e-01,4.244609e-02,3.526765e-01,4.027052e-03,5.958357e-02
1.924061e-02,1.846801e-02,2.667657e-02,2.216875e-02,1.818372e-02,1.088441e-02,2.956664e-03,1.672836e-01,1.593392e-01,5.655997e-02,1.158992e-01,3.806147e-02,2.893334e-01,3.194695e-03,5.174976e-02
2.028953e-02,2.662534e-02,2.002361e-02,1.945076e-02,1.530251e-02,9.090877e-03,2.886774e-03,1.605006e-01,3.242943e-01,4.162145e-02,8.341528e-02,2.997107e-02,2.059605e-01,2.537085e-03,3.803032e-02
1.946365e-02,3.701429e-02,1.451759e-02,1.505772e-02,1.349554e-02,8.919861e-03,2.898500e-03,1.356410e-01,4.624450e-01,3.354676e-02,5.973272e-02,2.188292e-02,1.462756e-01,1.846413e-03,2.726251e-02
1.998978e-02,3.072418e-02,1.105704e-02,1.189534e-02,1.182950e-02,1.281829e-02,2.540791e-03,2.316690e-01,4.555919e-01,2.357059e-02,4.261139e-02,1.553349e-02,1.093782e-01,1.322354e-03,1.946817e-02
6.951834e-02,3.469092e-02,1.294911e-02,1.136864e-02,1.864437e-02,1.737281e-02,4.850562e-03,2.033435e-01,4.533907e-01,1.738058e-02,3.079921e-02,1.217090e-02,9.201629e-02,1.228185e-03,2.027585e-02
1.130779e-01,4.339759e-02,8.177741e-02,4.182016e-02,2.403755e-02,1.768120e-02,4.421067e-03,1.583871e-01,3.523884e-01,1.640424e-02,2.467093e-02,1.702917e-02,7.264377e-02,1.557965e-03,3.070549e-02
1.143566e-01,4.347619e-02,1.535246e-01,4.223752e-02,3.975593e-02,3.080415e-02,6.021550e-03,1.311554e-01,3.000329e-01,1.451560e-02,1.950892e-02,1.517322e-02,5.886507e-02,1.629884e-03,2.894235e-02
1.355258e-01,4.404841e-02,1.274364e-01,3.684957e-02,8.773854e-02,4.489792e-02,1.045652e-02,1.008183e-01,2.687248e-01,1.145130e-02,1.540306e-02,1.260218e-02,7.423162e-02,2.119869e-03,2.769573e-02
