1.000000e+00,0.000000e+00,0.000000e+00,0.000000e+00,0.000000e+00,0.000000e+00,0.000000e+00,0.000000e+00,0.000000e+00,0.000000e+00,0.000000e+00,0.000000e+00,0.000000e+00,0.000000e+00,0.000000e+00
1.000000e+00,0.000000e+00,0.000000e+00,0.000000e+00,0.000000e+00,0.000000e+00,0.000000e+00,0.000000e+00,0.000000e+00,0.000000e+00,0.000000e+00,0.000000e+00,0.000000e+00,0.000000e+00,0.000000e+00
1.000000e+00,0.000000e+00,0.000000e+00,0.000000e+00,0.000000e+00,0.000000e+00,0.000000e+00,0.000000e+00,0.000000e+00,0.000000e+00,0.000000e+00,0.000000e+00,0.000000e+00,0.000000e+00,0.000000e+00
1.000000e+00,0.000000e+00,0.000000e+00,0.000000e+00,0.000000e+00,0.000000e+00,0.000000e+00,0.000000e+00,0.000000e+00,0.000000e+00,0.000000e+00,0.000000e+00,0.000000e+00,0.000000e+00,0.000000e+00
1.000000e+00,0.000000e+00,0.000000e+00,0.000000e+00,0.000000e+00,0.000000e+00,0.000000e+00,0.000000e+00,0.000000e+00,0.000000e+00,0.000000e+00,0.000000e+00,0.000000e+00,0.000000e+00,0.000000e+00
1.000000e+00,0.000000e+00,0.000000e+00,0.000000e+00,0.000000e+00,0.000000e+00,0.000000e+00,0.000000e+00,0.000000e+00,0.000000e+00,0.000000e+00,0.000000e+00,0.000000e+00,0.000000e+00,0.000000e+00
1.000000e+00,0.000000e+00,0.000000e+00,0.000000e+00,0.000000e+00,0.000000e+00,0.000000e+00,0.000000e+00,0.000000e+00,0.000000e+00,0.000000e+00,0.000000e+00,0.000000e+00,0.000000e+00,0.000000e+00
1.000000e+00,0.000000e+00,0.000000e+00,0.000000e+00,0.000000e+00,0.000000e+00,0.000000e+00,0.000000e+00,0.000000e+00,0.000000e+00,0.000000e+00,0.000000e+00,0.000000e+00,0.000000e+00,0.000000e+00
1.000000e+00,0.000000e+00,0.000000e+00,0.000000e+00,0.000000e+00,0.000000e+00,0.000000e+00,0.000000e+00,0.000000e+00,0.000000e+00,0.000000e+00,0.000000e+00,0.000000e+00,0.000000e+00,0.000000e+00
1.000000e+00,0.000000e+00,0.000000e+00,0.000000e+00,0.000000e+00,0.000000e+00,0.000000e+00,0.000000e+00,0.000000e+00,0.000000e+00,0.000000e+00,0.000000e+00,0.000000e+00,0.000000e+00,0.000000e+00
1.000000e+00,0.000000e+00,0.000000e+00,0.000000e+00,0.000000e+00,0.000000e+00,0.000000e+00,0.000000e+00,0.000000e+00,0.000000e+00,0.000000e+00,0.000000e+00,0.000000e+00,0.000000e+00,0.000000e+00
1.000000e+00,0.000000e+00,0.000000e+00,0.000000e+00,0.000000e+00,0.000000e+00,0.000000e+00,0.000000e+00,0.000000e+00,0.000000e+00,0.000000e+00,0.000000e+00,0.000000e+00,0.000000e+00,0.000000e+00
1.000000e+00,0.000000e+00,0.000000e+00,0.000000e+00,0.000000e+00,0.000000e+00,0.000000e+00,0.000000e+00,0.000000e+00,0.000000e+00,0.000000e+00,0.000000e+00,0.000000e+00,0.000000e+00,0.000000e+00
1.000000e+00,0.000000e+00,0.000000e+00,0.000000e+00,0.000000e+00,0.000000e+00,0.000000e+00,0.000000e+00,0.000000e+00,0.000000e+00,0.000000e+00,0.000000e+00,0.000000e+00,0.000000e+00,0.000000e+00
1.000000e+00,0.000000e+00,0.000000e+00,0.000000e+00,0.000000e+00,0.000000e+00,0.000000e+00,0.000000e+00,0.000000e+00,0.000000e+00,0.000000e+00,0.000000e+00,0.000000e+00,0.000000e+00,0.000000e+00
1.000000e+00,0.000000e+00,0.000000e+00,0.000000e+00,0.000000e+00,0.000000e+00,0.000000e+00,0.000000e+00,0.000000e+00,0.000000e+00,0.000000e+00,0.000000e+00,0.000000e+00,0.000000e+00,0.000000e+00
1.000000e+00,0.000000e+00,0.000000e+00,0.000000e+00,0.000000e+00,0.000000e+00,0.000000e+00,0.000000e+00,0.000000e+00,0.000000e+00,0.000000e+00,0.000000e+00,0.000000e+00,0.000000e+00,0.000000e+00
1.000000e+00,0.000000e+00,0.000000e+00,0.000000e+00,0.000000e+00,0.000000e+00,0.000000e+00,0.000000e+00,0.000000e+00,0.000000e+00,0.000000e+00,0.000000e+00,0.000000e+00,0.000000e+00,0.000000e+00
1.000000e+00,0.000000e+00,0.000000e+00,0.000000e+00,0.000000e+00,0.000000e+00,0.000000e+00,0.000000e+00,0.000000e+00,0.000000e+00,0.000000e+00,0.000000e+00,0.000000e+00,0.000000e+00,0.000000e+00
1.000000e+00,0.000000e+00,0.000000e+00,0.000000e+00,0.000000e+00,0.000000e+00,0.000000e+00,0.000000e+00,0.000000e+00,0.000000e+00,0.000000e+00,0.000000e+00,0.000000e+00,0.000000e+00,0.000000e+00
1.000000e+00,0.000000e+00,0.000000e+00,0.000000e+00,0.000000e+00,0.000000e+00,0.000000e+00,0.000000e+00,0.000000e+00,0.000000e+00,0.000000e+00,0.000000e+00,0.000000e+00,0.000000e+00,0.000000e+00
1.000000e+00,0.000000e+00,0.000000e+00,0.000000e+00,0.000000e+00,0.000000e+00,0.000000e+00,0.000000e+00,0.000000e+00,0.000000e+00,0.000000e+00,0.000000e+00,0.000000e+00,0.000000e+00,0.000000e+00
1.000000e+00,0.000000e+00,0.000000e+00,0.000000e+00,0.000000e+00,0.000000e+00,0.000000e+00,0.000000e+00,0.000000e+00,0.000000e+00,0.000000e+00,0.000000e+00,0.000000e+00,0.000000e+00,0.000000e+00
1.000000e+00,0.000000e+00,0.000000e+00,0.000000e+00,0.000000e+00,0.000000e+00,0.000000e+00,0.000000e+00,0.000000e+00,0.000000e+00,0.000000e+00,0.000000e+00,0.000000e+00,0.000000e+00,0.000000e+00
1.000000e+00,0.000000e+00,0.000000e+00,0.000000e+00,0.000000e+00,0.000000e+00,0.000000e+00,0.000000e+00,0.000000e+00,0.000000e+00,0.000000e+00,0.000000e+00,0.000000e+00,0.000000e+00,0.000000e+00
1.000000e+00,0.000000e+00,0.000000e+00,0.000000e+00,0.000000e+00,0.000000e+00,0.000000e+00,0.000000e+00,0.000000e+00,0.000000e+00,0.000000e+00,0.000000e+00,0.000000e+00,0.000000e+00,0.000000e+00
1.000000e+00,0.000000e+00,0.000000e+00,0.000000e+00,0.000000e+00,0.000000e+00,0.000000e+00,0.000000e+00,0.000000e+00,0.000000e+00,0.000000e+00,0.000000e+00,0.000000e+00,0.000000e+00,0.000000e+00
1.000000e+00,0.000000e+00,0.000000e+00,0.000000e+00,0.000000e+00,0.000000e+00,0.000000e+00,0.000000e+00,0.000000e+00,0.000000e+00,0.000000e+00,0.000000e+00,0.000000e+00,0.000000e+00,0.000000e+00
1.000000e+00,0.000000e+00,0.000000e+00,0.000000e+00,0.000000e+00,0.000000e+00,0.000000e+00,0.000000e+00,0.000000e+00,0.000000e+00,0.000000e+00,0.000000e+00,0.000000e+00,0.000000e+00,0.000000e+00
1.000000e+00,0.000000e+00,0.000000e+00,0.000000e+00,0.000000e+00,0.000000e+00,0.000000e+00,0.000000e+00,0.000000e+00,0.000000e+00,0.000000e+00,0.000000e+00,0.000000e+00,0.000000e+00,0.000000e+00
1.000000e+00,0.000000e+00,0.000000e+00,0.000000e+00,0.000000e+00,0.000000e+00,0.000000e+00,0.000000e+00,0.000000e+00,0.000000e+00,0.000000e+00,0.000000e+00,0.000000e+00,0.000000e+00,0.000000e+00
1.000000e+00,0.000000e+00,0.000000e+00,0.000000e+00,0.000000e+00,0.000000e+00,0.000000e+00,0.000000e+00,0.000000e+00,0.000000e+00,0.000000e+00,0.000000e+00,0.000000e+00,0.000000e+00,0.000000e+00
1.000000e+00,0.000000e+00,0.000000e+00,0.000000e+00,0.000000e+00,0.000000e+00,0.000000e+00,0.000000e+00,0.000000e+00,0.000000e+00,0.000000e+00,0.000000e+00,0.000000e+00,0.000000e+00,0.000000e+00
1.000000e+00,0.000000e+00,0.000000e+00,0.000000e+00,0.000000e+00,0.000000e+00,0.000000e+00,0.000000e+00,0.000000e+00,0.000000e+00,0.000000e+00,0.000000e+00,0.000000e+00,0.000000e+00,0.000000e+00
1.000000e+00,0.000000e+00,0.000000e+00,0.000000e+00,0.000000e+00,0.000000e+00,0.000000e+00,0.000000e+00,0.000000e+00,0.000000e+00,0.000000e+00,0.000000e+00,0.000000e+00,0.000000e+00,0.000000e+00
1.000000e+00,0.000000e+00,0.000000e+00,0.000000e+00,0.000000e+00,0.000000e+00,0.000000e+00,0.000000e+00,0.000000e+00,0.000000e+00,0.000000e+00,0.000000e+00,0.000000e+00,0.000000e+00,0.000000e+00
1.000000e+00,0.000000e+00,0.000000e+00,0.000000e+00,0.000000e+00,0.000000e+00,0.000000e+00,0.000000e+00,0.000000e+00,0.000000e+00,0.000000e+00,0.000000e+00,0.000000e+00,0.000000e+00,0.000000e+00
1.000000e+00,0.000000e+00,0.000000e+00,0.000000e+00,0.000000e+00,0.000000e+00,0.000000e+00,0.000000e+00,0.000000e+00,0.000000e+00,0.000000e+00,0.000000e+00,0.000000e+00,0.000000e+00,0.000000e+00
1.000000e+00,0.000000e+00,0.000000e+00,0.000000e+00,0.000000e+00,0.000000e+00,0.000000e+00,0.000000e+00,0.000000e+00,0.000000e+00,0.000000e+00,0.000000e+00,0.000000e+00,0.000000e+00,0.000000e+00
1.000000e+00,0.000000e+00,0.000000e+00,0.000000e+00,0.000000e+00,0.000000e+00,0.000000e+00,0.000000e+00,0.000000e+00,0.000000e+00,0.000000e+00,0.000000e+00,0.000000e+00,0.000000e+00,0.000000e+00
1.000000e+00,0.000000e+00,0.000000e+00,0.000000e+00,0.000000e+00,0.000000e+00,0.000000e+00,0.000000e+00,0.000000e+00,0.000000e+00,0.000000e+00,0.000000e+00,0.000000e+00,0.000000e+00,0.000000e+00
1.000000e+00,0.000000e+00,0.000000e+00,0.000000e+00,0.000000e+00,0.000000e+00,0.000000e+00,0.000000e+00,0.000000e+00,0.000000e+00,0.000000e+00,0.000000e+00,0.000000e+00,0.000000e+00,0.000000e+00
1.000000e+00,0.000000e+00,0.000000e+00,0.000000e+00,0.000000e+00,0.000000e+00,0.000000e+00,0.000000e+00,0.000000e+00,0.000000e+00,0.000000e+00,0.000000e+00,0.000000e+00,0.000000e+00,0.000000e+00
1.000000e+00,0.000000e+00,0.000000e+00,0.000000e+00,0.000000e+00,0.000000e+00,0.000000e+00,0.000000e+00,0.000000e+00,0.000000e+00,0.000000e+00,0.000000e+00,0.000000e+00,0.000000e+00,0.000000e+00
1.000000e+00,0.000000e+00,0.000000e+00,0.000000e+00,0.000000e+00,0.000000e+00,0.000000e+00,0.000000e+00,0.000000e+00,0.000000e+00,0.000000e+00,0.000000e+00,0.000000e+00,0.000000e+00,0.000000e+00
1.000000e+00,0.000000e+00,0.000000e+00,0.000000e+00,0.000000e+00,0.000000e+00,0.000000e+00,0.000000e+00,0.000000e+00,0.000000e+00,0.000000e+00,0.000000e+00,0.000000e+00,0.000000e+00,0.000000e+00
1.000000e+00,0.000000e+00,0.000000e+00,0.000000e+00,0.000000e+00,0.000000e+00,0.000000e+00,0.000000e+00,0.000000e+00,0.000000e+00,0.000000e+00,0.000000e+00,0.000000e+00,0.000000e+00,0.000000e+00
1.000000e+00,0.000000e+00,0.000000e+00,0.000000e+00,0.000000e+00,0.000000e+00,0.000000e+00,0.000000e+00,0.000000e+00,0.000000e+00,0.000000e+00,0.000000e+00,0.000000e+00,0.000000e+00,0.000000e+00
1.000000e+00,0.000000e+00,0.000000e+00,0.000000e+00,0.000000e+00,0.000000e+00,0.000000e+00,0.000000e+00,0.000000e+00,0.000000e+00,0.000000e+00,0.000000e+00,0.000000e+00,0.000000e+00,0.000000e+00
1.000000e+00,0.000000e+00,0.000000e+00,0.000000e+00,0.000000e+00,0.000000e+00,0.000000e+00,0.000000e+00,0.000000e+00,0.000000e+00,0.000000e+00,0.000000e+00,0.000000e+00,0.000000e+00,0.000000e+00
1.000000e+00,0.000000e+00,0.000000e+00,0.000000e+00,0.000000e+00,0.000000e+00,0.000000e+00,0.000000e+00,0.000000e+00,0.000000e+00,0.000000e+00,0.000000e+00,0.000000e+00,0.000000e+00,0.000000e+00
1.000000e+00,0.000000e+00,0.000000e+00,0.000000e+00,0.000000e+00,0.000000e+00,0.000000e+00,0.000000e+00,0.000000e+00,0.000000e+00,0.000000e+00,0.000000e+00,0.000000e+00,0.000000e+00,0.000000e+00
1.000000e+00,0.000000e+00,0.000000e+00,0.000000e+00,0.000000e+00,0.000000e+00,0.000000e+00,0.000000e+00,0.000000e+00,0.000000e+00,0.000000e+00,0.000000e+00,0.000000e+00,0.000000e+00,0.000000e+00
1.000000e+00,0.000000e+00,0.000000e+00,0.000000e+00,0.000000e+00,0.000000e+00,0.000000e+00,0.000000e+00,0.000000e+00,0.000000e+00,0.000000e+00,0.000000e+00,0.000000e+00,0.000000e+00,0.000000e+00
1.000000e+00,0.000000e+00,0.000000e+00,0.000000e+00,0.000000e+00,0.000000e+00,0.000000e+00,0.000000e+00,0.000000e+00,0.000000e+00,0.000000e+00,0.000000e+00,0.000000e+00,0.000000e+00,0.000000e+00
1.000000e+00,0.000000e+00,0.000000e+00,0.000000e+00,0.000000e+00,0.000000e+00,0.000000e+00,0.000000e+00,0.000000e+00,0.000000e+00,0.000000e+00,0.000000e+00,0.000000e+00,0.000000e+00,0.000000e+00
1.000000e+00,0.000000e+00,0.000000e+00,0.000000e+00,0.000000e+00,0.000000e+00,0.000000e+00,0.000000e+00,0.000000e+00,0.000000e+00,0.000000e+00,0.000000e+00,0.000000e+00,0.000000e+00,0.000000e+00
4.637040e-01,5.743981e-02,9.076956e-03,9.702786e-02,3.609746e-03,1.328930e-02,3.734081e-03,5.318574e-03,5.411695e-02,8.738834e-03,8.639921e-03,1.555242e-02,1.378320e-02,3.743086e-03,2.422252e-01
3.357885e-01,7.508507e-02,7.385030e-03,8.794524e-02,2.863754e-03,9.940117e-03,2.773277e-03,3.857418e-03,1.400868e-01,9.394547e-03,6.813524e-03,1.133634e-02,1.297395e-02,2.822735e-03,2.909338e-01
2.358123e-01,1.196007e-01,7.109868e-03,9.486697e-02,2.092605e-03,7.111664e-03,1.979470e-03,2.744751e-03,2.652597e-01,1.045848e-02,5.643037e-03,8.122476e-03,1.062535e-02,2.156520e-03,2.264163e-01
1.671263e-01,1.383098e-01,5.254016e-03,7.198411e-02,1.603244e-03,5.932332e-03,1.555641e-03,1.952899e-03,3.984557e-01,7.564816e-03,4.725348e-03,6.128964e-03,1.232445e-02,1.829233e-03,1.752532e-01
1.179467e-01,1.860158e-01,4.515452e-03,5.859508e-02,1.196700e-03,4.475588e-03,1.181686e-03,1.381088e-03,4.640985e-01,6.929829e-03,3.656528e-03,4.472991e-03,1.168379e-02,1.355715e-03,1.324947e-01
9.009165e-02,1.399110e-01,3.248058e-03,4.271902e-02,1.141854e-03,3.497584e-03,8.987099e-04,9.997378e-04,5.958347e-01,4.941131e-03,2.953266e-03,3.378181e-03,1.398408e-02,1.062317e-03,9.533886e-02
6.593820e-02,1.457971e-01,3.243531e-03,3.895261e-02,9.787872e-04,2.918812e-03,6.865461e-04,7.396303e-04,6.313176e-01,3.794737e-03,2.339321e-03,2.566196e-03,2.733571e-02,8.685470e-04,7.252269e-02
4.653240e-02,2.882724e-01,7.411884e-03,3.554450e-02,6.930464e-04,2.211705e-03,4.819222e-04,5.227762e-04,5.249020e-01,4.185921e-03,1.744674e-03,2.032884e-03,1.978409e-02,8.830318e-04,6.479684e-02
3.957714e-02,2.417743e-01,8.276439e-03,2.968551e-02,8.187291e-04,8.457938e-03,4.186148e-04,8.276041e-04,4.363942e-01,3.227768e-03,1.860042e-03,2.750331e-03,1.243760e-01,9.509799e-03,9.204570e-02
7.286324e-02,1.743214e-01,9.087451e-03,2.274782e-02,1.749967e-03,1.085074e-02,6.371993e-04,3.297581e-03,3.308690e-01,2.525610e-03,2.552263e-03,6.559813e-03,2.696553e-01,9.070877e-03,8.321173e-02
1.718023e-01,1.230133e-01,9.394546e-03,1.640594e-02,3.705592e-03,1.334842e-02,5.663115e-03,4.366688e-02,2.393793e-01,1.936815e-03,3.502015e-03,8.147383e-03,2.774560e-01,8.119060e-03,7.445946e-02
1.616775e-01,8.657834e-02,8.016879e-03,1.198265e-02,6.503268e-03,2.068523e-02,1.501156e-02,1.824067e-01,1.701760e-01,1.460573e-03,3.791543e-03,7.616289e-03,2.607728e-01,6.296947e-03,5.702372e-02
1.301292e-01,6.115974e-02,6.174308e-03,8.628229e-03,6.732862e-03,2.905687e-02,1.892436e-02,2.224557e-01,1.233679e-01,1.086446e-03,3.134389e-03,7.010025e-03,3.334700e-01,4.605589e-03,4.406441e-02
1.061580e-01,4.413400e-02,6.518497e-03,6.573689e-03,8.083316e-03,3.874555e-02,3.174946e-02,1.939912e-01,9.024598e-02,1.076451e-03,3.136295e-03,8.609523e-03,4.230221e-01,3.392152e-03,3.456382e-02
8.233292e-02,3.185515e-02,7.733477e-03,4.970137e-03,8.718226e-03,3.900365e-02,6.146712e-02,2.513132e-01,6.650256e-02,9.955787e-04,3.279269e-03,7.783267e-03,4.050605e-01,2.572662e-03,2.641231e-02
7.330248e-02,2.386994e-02,9.889523e-03,4.504665e-03,1.693898e-02,3.746133e-02,7.610673e-02,2.359085e-01,4.936982e-02,1.498274e-03,4.035550e-03,7.770249e-03,4.190722e-01,2.391471e-03,3.788030e-02
6.519522e-02,1.729294e-02,1.304218e-02,5.208023e-03,2.187975e-02,3.434597e-02,1.029558e-01,3.013983e-01,3.784723e-02,1.486326e-03,3.580730e-03,6.164663e-03,3.367933e-01,2.014943e-03,5.079461e-02
5.167922e-02,1.243969e-02,1.234052e-02,4.316128e-03,1.662447e-02,3.897002e-02,2.580743e-01,2.692451e-01,2.722155e-02,1.269735e-03,2.683348e-03,5.760363e-03,2.581755e-01,1.599675e-03,3.960042e-02
5.174112e-02,9.965075e-03,1.545188e-02,5.779338e-03,1.531720e-02,4.455568e-02,2.622873e-01,3.083802e-01,2.091051e-02,3.329695e-03,4.350500e-03,8.098813e-03,2.146239e-01,1.446959e-03,3.376186e-02
5.870563e-02,9.078298e-03,1.778691e-02,6.080090e-03,1.557568e-02,4.878653e-02,2.919306e-01,2.870270e-01,1.726367e-02,3.295632e-03,5.209725e-03,1.022645e-02,1.956372e-01,1.486675e-03,3.190984e-02
4.995778e-02,7.580770e-03,1.799851e-02,5.493640e-03,1.395357e-02,5.880569e-02,3.803921e-01,2.632840e-01,1.243612e-02,3.028750e-03,5.878190e-03,8.179501e-03,1.472299e-01,1.230609e-03,2.455085e-02
5.038292e-02,6.617888e-03,1.457432e-02,5.648799e-03,1.269430e-02,5.048509e-02,4.156737e-01,2.660585e-01,9.299439e-03,3.256824e-03,1.048542e-02,6.713443e-03,1.258259e-01,9.969808e-04,2.128650e-02
3.943367e-02,6.872284e-03,1.113997e-02,8.304249e-03,9.614873e-03,4.072304e-02,3.123851e-01,2.228289e-01,1.872775e-02,2.965214e-02,1.044576e-01,3.114698e-02,1.121087e-01,4.465886e-03,4.813894e-02
3.042217e-02,6.291044e-03,7.979924e-03,1.061688e-02,7.554811e-03,3.416812e-02,2.276530e-01,1.680695e-01,1.691696e-02,2.623517e-02,9.378994e-02,3.181735e-02,2.573963e-01,4.222657e-03,7.686619e-02
2.682473e-02,6.004501e-03,6.123328e-03,1.000404e-02,7.362416e-03,2.662001e-02,1.700842e-01,1.433248e-01,2.962435e-02,2.424428e-02,7.744141e-02,6.261899e-02,2.488021e-01,1.780175e-02,1.431191e-01
1.983664e-02,4.545301e-03,4.398377e-03,7.864477e-03,6.083520e-03,2.387377e-02,1.220815e-01,1.011367e-01,2.240789e-02,1.816202e-02,5.984423e-02,1.566501e-01,3.321829e-01,1.669117e-02,1.042415e-01
1.581950e-02,3.537598e-03,3.357067e-03,6.444586e-03,6.335023e-03,1.985450e-02,9.382732e-02,7.126007e-02,2.270284e-02,1.418973e-02,4.535774e-02,2.714736e-01,3.118120e-01,3.201427e-02,8.201409e-02
1.247974e-02,2.941322e-03,2.990037e-03,4.634950e-03,6.341351e-03,1.433306e-02,6.688417e-02,5.015280e-02,2.045971e-02,1.914921e-02,3.605504e-02,3.150788e-01,3.280664e-01,4.465961e-02,7.577378e-02
1.351206e-02,5.909695e-03,3.836193e-03,3.485293e-03,7.602434e-03,1.091636e-02,4.719182e-02,3.538693e-02,4.588591e-02,4.336760e-02,2.940056e-02,3.249531e-01,2.715568e-01,6.849438e-02,8.850087e-02
1.905559e-02,3.331972e-02,1.865946e-02,3.138747e-03,1.058288e-02,9.827340e-03,3.443342e-02,2.790973e-02,6.476308e-02,5.652262e-02,2.605769e-02,2.820779e-01,2.326519e-01,7.899188e-02,1.020080e-01
2.034010e-02,1.073204e-01,1.515050e-02,3.181777e-03,1.161188e-02,1.647989e-02,2.426457e-02,1.991906e-02,1.345920e-01,5.237107e-02,2.177026e-02,2.139970e-01,1.764516e-01,6.430212e-02,1.182477e-01
2.660772e-02,9.375365e-02,1.511514e-02,7.024842e-03,4.136296e-02,1.533073e-02,1.813231e-02,1.721391e-02,2.307062e-01,4.434818e-02,2.318954e-02,1.755628e-01,1.285071e-01,5.547702e-02,1.076678e-01
2.572888e-02,9.172934e-02,5.087624e-02,3.320444e-02,5.733743e-02,1.598721e-02,1.336477e-02,2.314440e-02,2.784436e-01,3.969134e-02,2.289685e-02,1.250032e-01,9.321143e-02,4.419228e-02,8.518848e-02
2.005613e-02,1.015621e-01,9.635803e-02,3.474678e-02,5.354848e-02,1.695415e-02,9.924866e-03,2.871768e-02,3.258608e-01,3.231863e-02,1.995232e-02,8.823964e-02,6.732590e-02,3.405984e-02,7.037462e-02
1.866550e-02,1.373845e-01,9.344350e-02,2.619831e-02,5.247381e-02,2.733348e-02,8.756377e-03,3.273442e-02,3.222312e-01,2.669805e-02,1.527016e-02,6.246384e-02,4.850873e-02,2.873029e-02,9.910783e-02
2.553476e-02,1.412381e-01,8.500501e-02,1.953781e-02,6.629086e-02,5.361160e-02,8.715142e-03,3.017249e-02,2.995667e-01,2.237665e-02,1.179080e-02,4.415563e-02,3.710911e-02,2.300459e-02,1.318907e-01
3.284490e-02,1.203141e-01,1.830932e-01,5.748623e-02,7.207607e-02,3.986081e-02,8.465730e-03,4.125980e-02,2.349653e-01,1.990526e-02,9.624075e-03,3.170542e-02,2.706391e-02,1.678576e-02,1.045494e-01
3.581892e-02,9.153939e-02,2.186920e-01,7.058536e-02,5.838469e-02,3.352299e-02,6.628023e-03,1.449454e-01,1.795265e-01,1.549151e-02,8.607789e-03,2.312337e-02,2.054514e-02,1.209599e-02,8.049291e-02
3.041086e-02,6.433506e-02,1.658176e-01,5.698743e-02,4.719179e-02,2.767659e-02,9.672310e-03,3.541504e-01,1.274989e-01,1.095463e-02,6.132847e-03,1.624218e-02,1.548118e-02,8.535401e-03,5.891268e-02
3.348204e-02,4.606294e-02,1.257229e-01,4.386228e-02,5.474158e-02,2.367089e-02,1.835123e-02,4.734696e-01,9.166162e-02,9.270508e-03,4.879532e-03,1.158495e-02,1.224649e-02,6.162437e-03,4.483097e-02
2.885083e-02,3.299399e-02,9.130695e-02,3.278367e-02,1.251385e-01,2.191511e-02,3.594828e-02,4.617640e-01,6.520291e-02,2.116491e-02,1.201580e-02,9.279154e-03,9.674121e-03,4.721238e-03,4.724043e-02
2.369575e-02,2.380377e-02,6.638013e-02,2.575020e-02,1.488516e-01,1.995675e-02,3.541305e-02,4.529192e-01,4.662855e-02,4.108202e-02,1.708225e-02,6.781628e-03,7.469863e-03,3.902692e-03,8.028258e-02
2.233513e-02,2.009325e-02,5.236643e-02,2.433414e-02,1.147943e-01,2.556815e-02,8.730617e-02,3.440676e-01,4.576514e-02,7.991011e-02,2.669508e-02,6.403405e-03,7.751177e-03,2.157850e-02,1.210313e-01
1.743093e-02,1.525116e-02,3.727358e-02,2.035574e-02,8.137811e-02,2.237314e-02,7.488866e-02,2.416442e-01,3.739915e-02,1.024607e-01,3.251411e-02,5.051431e-03,6.572249e-03,2.304794e-02,2.823589e-01
1.475495e-02,1.161970e-02,2.645866e-02,2.616631e-02,5.762157e-02,2.496695e-02,5.287627e-02,1.693588e-01,4.101515e-02,9.915870e-02,4.235142e-02,7.806981e-03,1.078999e-02,1.815357e-02,3.969010e-01
1.172756e-02,8.938111e-03,1.888618e-02,1.865686e-02,4.079907e-02,2.066213e-02,3.705790e-02,1.186567e-01,3.279957e-02,7.421711e-02,4.260986e-02,5.908545e-03,9.067953e-03,1.630285e-02,5.437096e-01
8.414583e-03,7.853950e-03,1.331594e-02,1.315191e-02,2.874285e-02,1.593111e-02,2.595153e-02,8.307215e-02,2.738155e-02,5.275960e-02,3.998498e-02,4.393022e-03,7.284940e-03,1.488470e-02,6.568772e-01
6.144251e-03,1.504536e-02,9.656873e-03,9.659547e-03,2.032719e-02,1.183537e-02,1.818597e-02,5.820019e-02,3.821590e-02,3.802218e-02,2.995955e-02,3.282938e-03,5.904094e-03,1.935148e-02,7.162091e-01
5.398511e-03,5.822327e-02,8.323967e-03,7.697075e-03,1.463633e-02,1.281090e-02,1.277225e-02,4.203895e-02,6.784189e-02,2.775246e-02,2.276435e-02,2.485355e-03,5.821974e-03,2.267173e-02,6.887610e-01
4.940112e-03,1.894318e-01,7.280210e-03,7.027424e-03,1.137653e-02,1.397827e-02,8.964757e-03,3.175667e-02,8.927558e-02,2.111291e-02,1.667865e-02,1.827742e-03,5.578855e-03,1.957683e-02,5.711936e-01
3.804631e-03,1.796043e-01,5.205290e-03,2.087105e-02,8.397127e-03,1.310720e-02,6.310397e-03,2.290995e-02,2.550808e-01,1.584343e-02,1.378124e-02,2.291111e-03,8.084707e-03,1.506233e-02,4.296465e-01
2.825506e-03,1.358377e-01,3.702893e-03,1.805288e-02,6.475052e-03,1.191433e-02,4.434766e-03,1.708460e-02,4.302975e-01,1.211333e-02,1.838902e-02,2.250380e-03,1.173532e-02,1.172635e-02,3.131604e-01
2.085132e-03,1.059034e-01,2.690155e-03,1.348096e-02,4.777847e-03,1.041871e-02,3.111083e-03,1.202917e-02,4.350260e-01,9.115515e-03,4.980554e-02,5.674718e-03,3.636821e-02,1.163812e-02,2.978755e-01
1.825203e-03,7.818058e-02,2.625674e-03,1.024536e-02,5.234077e-03,1.458645e-02,2.568860e-03,1.420119e-02,5.179784e-01,7.087757e-03,5.652917e-02,5.172648e-03,3.286841e-02,2.977086e-02,2.211254e-01
2.067747e-03,5.753709e-02,1.026412e-02,4.223477e-02,7.094362e-03,1.167477e-02,3.587645e-03,7.201167e-02,4.873695e-01,5.518786e-03,6.190591e-02,4.306613e-03,3.038359e-02,2.656712e-02,1.774764e-01
1.879846e-03,4.071331e-02,1.004093e-01,8.677959e-02,8.208535e-03,8.686755e-03,2.690918e-03,1.632340e-01,3.668120e-01,4.327676e-03,4.629944e-02,3.231810e-03,2.230470e-02,1.887933e-02,1.255428e-01
1.562108e-03,2.873202e-02,1.886394e-01,1.151623e-01,6.814245e-03,6.533845e-03,1.983882e-03,2.284753e-01,2.661877e-01,3.355728e-03,3.322503e-02,2.297155e-03,1.572033e-02,1.325542e-02,8.805571e-02
1.742310e-03,2.150399e-02,2.288955e-01,1.221659e-01,5.644238e-03,5.101983e-03,1.529134e-03,3.072533e-01,1.928739e-01,2.825785e-03,2.558739e-02,1.825514e-03,1.167798e-02,9.341081e-03,6.203198e-02
2.827778e-03,1.569866e-02,2.721478e-01,9.865484e-02,7.828575e-03,3.694183e-03,1.261283e-03,3.808937e-01,1.355499e-01,2.029587e-03,1.914394e-02,1.355400e-03,8.524639e-03,6.580993e-03,4.380871e-02
3.904345e-03,1.206935e-02,3.070980e-01,8.279032e-02,7.644739e-03,3.105971e-03,1.134115e-03,4.264418e-01,9.693713e-02,1.782621e-03,1.426179e-02,1.024909e-03,6.214121e-03,4.652936e-03,3.093781e-02
3.876151e-03,9.023309e-03,3.056345e-01,6.118953e-02,7.528945e-03,2.435532e-03,1.162449e-03,4.966729e-01,6.904603e-02,1.758805e-03,1.071696e-02,7.760388e-04,4.849228e-03,3.300282e-03,2.202939e-02
5.008605e-03,7.214302e-03,2.855858e-01,4.583639e-02,9.042457e-03,1.918558e-03,1.254560e-03,5.621133e-01,4.953558e-02,1.744409e-03,8.117747e-03,6.078265e-04,3.983940e-03,2.335599e-03,1.570095e-02
5.835618e-03,5.813721e-03,2.493221e-01,3.336113e-02,8.290762e-03,1.541872e-03,1.277859e-03,6.352719e-01,3.554558e-02,1.607733e-03,5.732128e-03,4.409273e-04,3.095263e-03,1.662396e-03,1.120098e-02
1.615257e-02,7.399100e-03,2.521983e-01,2.593394e-02,1.291960e-02,1.433481e-03,2.428944e-03,6.327711e-01,2.832567e-02,3.012500e-03,4.075593e-03,3.811170e-04,2.478770e-03,1.304867e-03,9.184356e-03
3.400403e-02,1.211337e-02,3.085762e-01,1.985722e-02,2.099110e-02,1.591642e-03,2.540171e-03,5.578267e-01,2.354645e-02,4.660412e-03,2.904798e-03,3.687667e-04,1.981700e-03,1.254885e-03,7.782592e-03
6.128623e-02,2.573464e-02,3.915878e-01,1.578088e-02,3.363180e-02,2.625303e-03,2.721103e-03,4.199088e-01,2.632677e-02,5.893066e-03,2.181995e-03,1.001286e-03,1.634978e-03,1.403487e-03,8.281864e-03
9.217976e-02,3.425881e-02,3.779216e-01,2.145901e-02,3.660306e-02,9.834982e-03,3.008710e-03,3.330151e-01,2.376591e-02,3.176195e-02,3.579753e-03,5.404692e-03,3.664671e-03,1.560592e-03,2.198139e-02
8.037914e-02,3.536080e-02,3.614825e-01,7.517457e-02,2.761683e-02,7.709779e-03,2.200011e-03,2.351290e-01,2.508190e-02,8.286212e-02,9.154596e-03,8.297199e-03,4.425372e-03,1.573025e-03,4.355323e-02
1.714069e-01,3.079811e-02,2.689380e-01,7.468125e-02,2.099781e-02,9.499563e-03,1.804150e-03,1.703211e-01,2.782260e-02,9.566636e-02,2.004733e-02,2.528430e-02,1.257680e-02,7.612924e-03,6.254279e-02
2.358614e-01,2.916287e-02,1.968851e-01,6.179010e-02,1.646171e-02,8.719720e-03,1.910988e-03,1.294627e-01,3.335405e-02,9.986250e-02,3.033079e-02,3.800012e-02,2.118496e-02,9.757021e-03,8.725598e-02
1.938928e-01,2.594511e-02,1.441021e-01,5.306441e-02,1.292097e-02,8.077160e-03,1.562523e-03,1.066793e-01,7.564663e-02,1.659700e-01,3.766671e-02,3.501988e-02,2.788544e-02,1.109690e-02,1.004701e-01
1.979681e-01,2.680499e-02,1.047506e-01,4.396557e-02,1.116970e-02,7.567834e-03,1.647286e-03,8.497488e-02,1.208320e-01,1.994219e-01,3.956809e-02,2.898060e-02,2.941422e-02,1.428317e-02,8.865102e-02
1.549879e-01,3.876241e-02,7.978186e-02,3.879292e-02,1.426491e-02,8.101115e-03,2.072020e-03,7.808660e-02,2.141562e-01,1.816152e-01,3.539595e-02,2.423676e-02,3.020386e-02,1.132532e-02,8.821698e-02
1.227102e-01,4.273981e-02,5.935278e-02,4.956034e-02,1.151610e-02,7.613533e-03,1.674465e-03,5.909263e-02,2.066002e-01,2.754779e-01,3.392994e-02,1.870516e-02,2.748552e-02,9.006960e-03,7.453447e-02
1.028957e-01,4.455566e-02,4.632487e-02,4.663314e-02,1.039517e-02,8.460465e-03,1.727194e-03,5.019556e-02,1.931343e-01,3.256319e-01,3.499354e-02,1.548627e-02,2.854666e-02,8.363779e-03,8.265593e-02
8.388531e-02,7.496821e-02,4.158563e-02,5.210342e-02,1.645973e-02,7.811744e-03,1.959043e-03,4.834368e-02,1.986537e-01,3.170746e-01,3.530272e-02,1.421824e-02,2.609311e-02,1.053312e-02,7.100776e-02
6.221209e-02,6.033166e-02,3.501622e-02,4.887329e-02,4.461007e-02,8.394029e-03,2.249672e-03,3.529752e-02,2.857375e-01,2.460642e-01,4.588009e-02,1.160558e-02,3.604745e-02,1.070762e-02,6.697308e-02
4.453630e-02,4.350599e-02,2.527783e-02,3.662055e-02,3.360901e-02,6.557550e-03,1.626947e-03,2.496865e-02,3.177325e-01,1.753400e-01,5.073497e-02,8.717060e-03,4.158328e-02,1.181531e-02,1.773741e-01
3.202068e-02,3.135917e-02,1.840048e-02,2.654191e-02,2.472489e-02,4.741790e-03,1.164867e-03,1.782778e-02,4.811253e-01,1.265514e-01,4.624319e-02,6.332168e-03,3.324414e-02,1.033757e-02,1.393847e-01
2.358138e-02,2.325362e-02,1.354653e-02,1.887359e-02,1.855353e-02,3.896129e-03,8.555571e-04,1.298394e-02,5.451216e-01,9.271111e-02,6.424380e-02,4.718906e-03,2.721080e-02,1.594149e-02,1.345080e-01
3.714314e-02,4.446689e-02,1.987137e-02,1.606213e-02,4.883118e-02,4.055900e-02,1.091249e-03,1.155549e-02,4.159216e-01,9.022757e-02,5.524936e-02,3.625951e-03,3.184799e-02,1.640367e-02,1.671434e-01
3.504382e-02,6.490156e-02,8.158270e-02,1.485868e-02,4.926793e-02,3.878742e-02,1.580162e-03,9.565791e-03,3.315423e-01,1.060952e-01,4.010074e-02,2.654735e-03,2.413066e-02,1.205027e-02,1.878380e-01
3.841767e-02,1.190289e-01,1.003976e-01,1.202318e-02,4.572948e-02,4.272671e-02,2.399608e-03,7.132119e-03,2.497589e-01,1.552958e-01,2.881453e-02,1.909926e-03,1.732608e-02,8.731856e-03,1.703076e-01
3.051364e-02,1.697744e-01,1.317609e-01,2.949068e-02,7.452837e-02,6.442074e-02,5.248121e-03,5.903540e-03,1.856379e-01,1.194692e-01,2.044364e-02,1.386142e-03,1.250575e-02,6.392899e-03,1.425241e-01
8.348942e-02,1.862294e-01,1.617769e-01,2.281214e-02,1.066315e-01,6.580383e-02,6.884244e-03,5.954206e-03,1.324138e-01,8.542573e-02,1.495317e-02,1.328114e-03,9.599949e-03,6.923563e-03,1.097739e-01
1.026688e-01,1.925239e-01,1.730430e-01,5.597369e-02,1.119518e-01,6.506486e-02,8.483863e-03,7.992808e-03,9.509311e-02,6.310583e-02,1.364184e-02,3.743758e-03,1.019584e-02,7.361269e-03,8.915556e-02
1.633051e-01,1.612793e-01,1.532748e-01,5.827020e-02,1.109389e-01,5.622739e-02,8.829660e-03,9.920636e-03,8.231619e-02,5.453930e-02,1.557056e-02,6.383234e-03,1.286630e-02,9.014465e-03,9.726387e-02
1.405800e-01,1.288396e-01,1.111484e-01,4.940564e-02,8.351061e-02,6.239279e-02,6.724734e-03,9.217756e-03,9.432492e-02,3.991628e-02,2.997608e-02,8.692411e-03,1.168619e-02,1.100220e-01,1.135627e-01
1.403360e-01,9.720311e-02,8.552087e-02,4.168168e-02,6.240391e-02,6.745271e-02,5.166889e-03,6.525772e-02,7.759689e-02,2.982528e-02,5.569958e-02,1.469380e-02,1.218494e-02,1.458742e-01,9.910233e-02
1.430122e-01,7.758388e-02,6.796283e-02,3.753008e-02,4.939284e-02,1.063125e-01,4.260234e-03,5.213685e-02,8.431951e-02,2.424823e-02,6.106152e-02,1.653446e-02,1.191969e-02,1.607345e-01,1.029907e-01
1.021602e-01,5.807151e-02,4.836080e-02,2.935564e-02,3.489207e-02,7.775887e-02,3.067437e-03,3.679933e-02,2.152631e-01,3.455238e-02,4.698991e-02,1.214347e-02,9.600910e-03,1.277860e-01,1.631984e-01
7.186927e-02,4.240147e-02,3.652286e-02,2.896162e-02,2.445661e-02,5.482117e-02,2.157244e-03,2.602692e-02,2.808398e-01,5.060496e-02,3.507390e-02,8.644992e-03,6.918503e-03,9.248023e-02,2.382204e-01
5.086013e-02,3.569919e-02,2.962473e-02,2.677347e-02,1.718073e-02,3.842667e-02,1.530049e-03,1.840697e-02,3.392782e-01,4.541896e-02,2.583024e-02,6.348469e-03,5.359143e-03,6.742477e-02,2.918383e-01
3.793467e-02,3.229668e-02,3.619381e-02,2.500284e-02,1.268032e-02,2.749046e-02,1.179129e-03,1.392119e-02,2.832749e-01,3.886386e-02,2.079138e-02,5.612411e-03,4.587923e-03,1.410991e-01,3.190714e-01
3.084387e-02,2.701479e-02,2.857330e-02,1.902288e-02,9.235254e-03,2.046633e-02,8.871913e-04,1.034955e-02,2.100916e-01,3.260079e-02,1.733579e-02,4.235475e-03,4.265433e-03,2.967808e-01,2.882969e-01
2.468018e-02,2.030964e-02,2.042933e-02,1.370036e-02,6.740291e-03,1.491600e-02,6.506357e-04,7.737380e-03,1.527620e-01,2.679409e-02,1.693586e-02,3.803987e-03,3.714331e-03,4.405208e-01,2.463051e-01
2.374395e-02,1.501842e-02,1.471138e-02,9.746087e-03,4.887311e-03,1.118639e-02,5.081657e-04,5.548525e-03,1.110822e-01,2.166703e-02,1.479333e-02,3.225996e-03,2.819138e-03,5.651973e-01,1.958648e-01
2.083847e-02,1.499755e-02,1.127389e-02,8.258619e-03,3.553104e-03,8.194465e-03,3.761506e-04,3.937131e-03,1.085197e-01,1.880722e-02,1.463364e-02,3.962373e-03,2.761772e-03,5.997875e-01,1.800984e-01
2.650053e-02,1.834110e-02,8.336932e-03,6.404414e-03,2.637687e-03,6.116043e-03,3.991874e-04,2.837366e-03,9.447908e-02,1.735392e-02,1.729189e-02,9.731966e-03,5.219402e-03,6.210087e-01,1.633418e-01
2.864628e-02,1.931740e-02,7.259196e-03,5.780220e-03,3.032239e-03,6.574272e-03,6.926728e-04,2.530129e-03,7.979840e-02,1.975304e-02,1.654046e-02,8.662073e-03,8.149025e-03,6.537730e-01,1.394917e-01
2.522588e-02,3.110987e-02,6.746738e-03,8.086324e-03,4.238783e-03,9.107075e-03,8.026859e-04,2.054087e-03,2.294104e-01,2.304699e-02,1.386619e-02,8.414103e-03,9.310288e-03,4.779701e-01,1.506105e-01
2.149411e-02,3.907711e-02,5.931459e-03,8.435721e-03,5.160696e-03,1.090172e-02,8.215184e-04,1.556596e-03,4.085923e-01,1.888395e-02,1.128127e-02,6.305083e-03,8.364191e-03,3.370391e-01,1.161552e-01
3.182692e-02,5.598398e-02,1.627018e-02,1.010081e-02,3.062211e-02,1.954286e-02,2.060980e-03,3.411820e-03,4.676275e-01,1.597003e-02,9.036599e-03,4.858392e-03,9.954954e-03,2.364809e-01,8.625189e-02
4.038185e-02,5.107610e-02,1.605077e-02,8.957344e-03,3.635874e-02,1.799635e-02,1.670496e-03,3.010387e-03,3.732244e-01,2.801412e-02,6.928395e-03,3.512173e-03,8.586966e-03,1.662854e-01,2.379466e-01
3.834224e-02,5.403749e-02,1.536152e-02,3.200997e-02,4.140797e-02,1.417301e-02,1.338169e-03,5.527951e-03,4.414157e-01,2.474654e-02,6.456824e-03,2.818871e-03,7.014581e-03,1.167381e-01,1.986111e-01
6.376088e-02,8.138278e-02,4.141978e-02,4.494315e-02,5.657775e-02,2.892880e-02,1.619902e-03,8.936459e-03,3.713704e-01,2.808404e-02,6.361073e-03,3.893068e-03,7.269464e-03,8.281839e-02,1.726340e-01
7.898895e-02,7.278387e-02,4.230328e-02,5.365308e-02,1.099037e-01,6.792070e-02,3.059873e-03,1.010561e-02,3.319504e-01,2.069890e-02,5.898637e-03,3.643720e-03,7.739703e-03,5.864787e-02,1.327016e-01
1.102159e-01,9.601088e-02,3.342406e-02,4.549623e-02,1.171891e-01,7.883491e-02,3.629814e-03,8.904804e-03,3.223860e-01,1.586466e-02,5.209495e-03,3.176541e-03,8.639373e-03,4.178713e-02,1.092311e-01
8.930412e-02,1.729003e-01,5.594049e-02,1.107394e-01,9.595994e-02,5.890387e-02,3.232540e-03,7.094054e-03,2.327390e-01,1.371409e-02,4.129369e-03,2.924296e-03,6.484534e-03,2.939848e-02,1.165355e-01
1.380119e-01,1.660388e-01,4.341555e-02,1.191015e-01,1.019202e-01,5.065501e-02,3.824877e-03,7.766756e-03,1.933475e-01,1.169241e-02,3.934113e-03,3.104439e-03,6.506415e-03,2.118384e-02,1.294968e-01
1.509619e-01,1.700163e-01,4.316554e-02,1.530949e-01,1.094927e-01,5.157590e-02,5.342823e-03,8.956511e-03,1.432893e-01,9.180317e-03,4.096767e-03,3.046185e-03,5.500167e-03,1.551852e-02,1.267621e-01
1.850539e-01,1.631915e-01,3.753538e-02,1.561166e-01,1.347406e-01,4.759567e-02,6.201332e-03,8.977365e-03,1.181905e-01,6.669968e-03,4.939690e-03,3.459667e-03,5.879413e-03,1.202556e-02,1.094228e-01
1.316209e-01,1.159387e-01,2.634329e-02,1.118703e-01,1.009620e-01,3.178655e-01,5.001474e-03,6.384197e-03,8.296867e-02,4.790719e-03,3.749114e-03,2.453873e-03,4.171294e-03,8.494747e-03,7.738534e-02
9.374375e-02,8.137252e-02,1.865946e-02,7.891262e-02,1.170249e-01,4.335902e-01,4.169418e-03,1.832650e-02,5.833193e-02,2.757247e-02,2.765796e-03,1.745353e-03,2.987101e-03,6.050589e-03,5.474745e-02
6.661944e-02,5.708374e-02,1.334559e-02,5.612394e-02,9.703884e-02,4.761162e-01,3.763503e-03,2.408662e-02,4.131048e-02,1.146923e-01,2.315571e-03,1.249176e-03,2.233838e-03,4.274912e-03,3.974587e-02
4.748620e-02,4.002358e-02,9.636234e-03,3.959582e-02,7.136516e-02,3.453234e-01,3.944043e-03,1.827816e-02,3.051550e-02,3.554877e-01,3.615672e-03,9.201712e-04,1.797230e-03,3.031436e-03,2.897967e-02
3.652978e-02,2.841642e-02,7.441001e-03,2.802822e-02,5.853711e-02,2.556577e-01,3.335153e-03,1.334308e-02,2.568563e-02,5.130791e-01,3.942423e-03,6.794735e-04,1.513246e-03,2.313558e-03,2.149812e-02
2.608253e-02,1.996546e-02,5.274474e-03,1.968607e-02,4.130939e-02,1.805180e-01,2.389799e-03,9.365460e-03,1.999518e-02,6.503460e-01,3.204908e-03,4.971409e-04,1.146037e-03,1.899273e-03,1.832029e-02
1.855959e-02,1.417188e-02,3.831841e-03,1.416932e-02,2.912719e-02,1.270279e-01,1.817510e-03,6.599357e-03,2.231822e-02,7.290658e-01,3.250566e-03,5.990334e-04,1.290537e-03,1.866425e-03,2.630481e-02
1.357995e-02,1.092949e-02,2.823273e-03,9.985958e-03,2.065416e-02,8.924282e-02,1.338812e-03,4.637347e-03,6.048150e-02,6.829959e-01,4.493211e-03,5.318421e-04,1.373260e-03,2.127637e-03,9.480488e-02
1.009028e-02,1.359270e-02,2.764958e-03,1.080391e-02,1.470094e-02,6.264766e-02,9.872611e-04,3.382595e-03,2.977280e-01,5.013092e-01,3.969841e-03,5.999396e-04,2.567740e-03,1.671803e-03,7.318320e-02
8.938777e-03,2.118156e-02,2.487886e-03,9.087292e-03,1.077433e-02,4.482387e-02,7.710832e-04,2.468095e-03,3.838364e-01,3.823991e-01,3.652923e-03,6.783048e-04,8.055295e-03,3.169100e-03,1.176759e-01
6.649981e-03,4.300608e-02,1.823375e-03,6.939519e-03,7.741421e-03,3.224779e-02,5.751455e-04,1.782812e-03,3.929949e-01,2.773602e-01,3.192395e-03,6.763461e-04,1.972953e-02,3.037068e-03,2.022435e-01
4.999546e-03,6.100724e-02,1.320912e-03,7.988457e-03,5.647894e-03,2.459762e-02,4.283883e-04,1.429311e-03,4.653959e-01,1.959894e-01,2.869704e-03,6.593633e-04,2.773638e-02,2.380572e-03,1.975494e-01
3.756639e-03,1.120588e-01,9.951999e-04,9.208330e-03,4.078901e-03,1.851638e-02,3.082932e-04,1.113734e-03,4.831445e-01,1.379966e-01,2.387815e-03,5.660740e-04,2.880408e-02,2.325743e-03,1.947390e-01
2.790011e-03,1.576858e-01,1.118641e-03,8.997138e-03,2.887557e-03,1.356870e-02,2.227612e-04,9.285978e-04,4.669713e-01,9.712773e-02,3.126780e-03,7.563916e-04,2.259096e-02,2.287560e-03,2.189400e-01
2.087266e-03,1.227439e-01,1.120644e-03,9.313053e-03,2.524794e-03,1.066036e-02,1.685094e-04,9.392159e-04,5.331543e-01,6.830547e-02,6.487419e-03,1.035968e-03,1.777183e-02,2.432649e-03,2.212546e-01
1.496733e-03,1.096289e-01,9.045351e-04,8.041747e-03,2.068917e-03,8.568381e-03,1.227135e-04,7.867849e-04,6.307187e-01,4.797269e-02,4.860038e-03,7.662928e-04,1.319945e-02,1.897932e-03,1.689662e-01
1.135142e-03,1.193481e-01,8.126812e-04,1.385151e-02,2.775104e-03,6.838586e-03,1.003852e-04,7.060516e-04,6.762457e-01,3.418012e-02,3.487043e-03,5.518129e-04,9.593446e-03,1.449254e-03,1.289251e-01
2.209150e-03,1.061706e-01,1.761001e-03,2.482803e-02,2.915665e-02,1.096369e-02,7.490458e-04,3.138816e-03,6.820049e-01,2.475370e-02,2.589857e-03,4.195122e-04,7.405761e-03,1.318916e-03,1.025303e-01
4.428225e-03,8.702312e-02,4.300113e-03,1.662672e-01,5.737536e-02,1.146372e-02,1.347794e-03,1.150873e-02,5.442858e-01,1.810268e-02,2.281099e-03,3.412616e-04,6.891462e-03,1.022050e-03,8.336142e-02
1.578045e-02,7.030399e-02,4.461901e-03,1.651218e-01,1.470927e-01,2.353863e-02,2.364051e-03,1.584143e-02,4.522752e-01,1.338332e-02,2.050934e-03,2.591106e-04,5.543688e-03,8.477156e-04,8.113507e-02
1.227711e-02,5.169268e-02,3.076146e-02,3.098508e-01,1.107221e-01,1.745344e-02,1.912646e-03,2.257948e-02,3.569073e-01,1.043223e-02,2.252323e-03,2.657564e-04,4.753437e-03,6.594046e-04,6.747987e-02
1.055699e-02,3.759765e-02,2.000707e-01,2.875214e-01,8.248646e-02,1.269592e-02,2.122758e-03,4.666851e-02,2.552553e-01,7.859531e-03,3.886151e-03,2.358216e-04,4.101254e-03,4.815095e-04,4.846009e-02
7.629868e-03,2.663121e-02,2.630677e-01,3.675841e-01,5.922288e-02,8.964454e-03,1.581308e-03,3.507980e-02,1.810413e-01,5.821789e-03,5.068838e-03,2.476297e-04,3.111555e-03,3.525401e-04,3.459493e-02
5.560914e-03,1.925684e-02,2.971100e-01,3.726628e-01,4.316762e-02,7.016264e-03,1.267242e-03,2.635084e-02,1.298076e-01,4.497389e-03,4.701317e-02,3.158247e-03,1.777261e-02,3.779844e-04,2.498039e-02
4.003702e-03,1.389472e-02,3.270715e-01,3.417674e-01,3.200383e-02,5.618109e-03,1.159935e-03,2.300350e-02,9.347943e-02,4.051242e-03,7.122204e-02,5.526696e-03,5.826175e-02,4.593339e-04,1.847671e-02
2.827379e-03,9.884357e-03,2.481979e-01,2.984076e-01,2.336215e-02,4.210013e-03,4.433680e-03,1.675999e-02,6.625400e-02,4.589985e-02,8.372554e-02,4.451434e-02,1.369417e-01,6.280400e-04,1.395355e-02
2.259084e-03,6.995680e-03,1.853684e-01,2.125104e-01,1.791969e-02,3.104556e-03,3.891524e-03,1.194264e-02,4.780266e-02,4.501105e-02,1.047649e-01,4.679405e-02,3.004481e-01,8.302723e-04,1.035689e-02
2.102445e-03,5.754954e-03,1.557388e-01,1.585882e-01,1.700635e-02,3.361858e-03,6.649519e-03,8.616100e-03,3.738843e-02,4.616899e-02,1.063848e-01,1.080709e-01,3.332345e-01,2.771916e-03,8.162268e-03
1.616510e-03,4.408691e-03,1.139060e-01,1.121707e-01,1.280457e-02,2.521126e-03,4.831829e-03,6.285396e-03,2.669589e-02,4.582906e-02,1.297009e-01,1.131522e-01,4.133335e-01,5.410577e-03,7.333073e-03
1.359373e-03,3.258067e-03,8.063298e-02,7.999305e-02,1.139234e-02,2.048864e-03,3.679587e-03,5.074449e-03,2.104825e-02,4.207863e-02,1.162799e-01,1.173230e-01,4.963920e-01,1.087750e-02,8.561999e-03
1.022105e-03,2.571694e-03,5.664982e-02,5.630747e-02,8.857583e-03,1.484615e-03,2.600110e-03,3.782782e-03,2.311460e-02,3.341293e-02,9.233946e-02,1.052455e-01,5.890633e-01,1.521146e-02,8.336595e-03
7.947395e-04,2.055140e-03,3.987141e-02,3.965882e-02,7.566601e-03,1.229665e-03,1.861134e-03,3.044370e-03,2.284843e-02,2.480052e-02,8.856963e-02,1.593459e-01,5.703961e-01,3.148579e-02,6.471692e-03
6.077203e-04,1.072382e-02,2.962548e-02,2.811518e-02,6.435579e-03,8.848239e-04,1.324983e-03,2.378557e-03,3.976467e-02,1.879944e-02,9.220879e-02,1.919045e-01,5.391212e-01,3.335049e-02,4.754750e-03
4.966696e-04,8.298622e-03,2.202065e-02,1.977234e-02,5.063453e-03,8.300035e-04,9.470716e-04,1.783268e-03,7.379171e-02,1.609644e-02,1.117568e-01,2.129711e-01,3.989328e-01,1.230911e-01,4.147946e-03
4.359352e-04,6.291415e-03,1.689103e-02,1.395070e-02,4.070822e-03,9.921975e-04,6.707871e-04,1.275261e-03,1.209185e-01,1.435589e-02,1.270946e-01,1.972217e-01,2.900337e-01,2.013714e-01,4.426023e-03
