1.000000e+00,0.000000e+00,0.000000e+00,0.000000e+00,0.000000e+00,0.000000e+00,0.000000e+00,0.000000e+00,0.000000e+00,0.000000e+00,0.000000e+00,0.000000e+00,0.000000e+00,0.000000e+00,0.000000e+00
1.000000e+00,0.000000e+00,0.000000e+00,0.000000e+00,0.000000e+00,0.000000e+00,0.000000e+00,0.000000e+00,0.000000e+00,0.000000e+00,0.000000e+00,0.000000e+00,0.000000e+00,0.000000e+00,0.000000e+00
1.000000e+00,0.000000e+00,0.000000e+00,0.000000e+00,0.000000e+00,0.000000e+00,0.000000e+00,0.000000e+00,0.000000e+00,0.000000e+00,0.000000e+00,0.000000e+00,0.000000e+00,0.000000e+00,0.000000e+00
1.000000e+00,0.000000e+00,0.000000e+00,0.000000e+00,0.000000e+00,0.000000e+00,0.000000e+00,0.000000e+00,0.000000e+00,0.000000e+00,0.000000e+00,0.000000e+00,0.000000e+00,0.000000e+00,0.000000e+00
1.000000e+00,0.000000e+00,0.000000e+00,0.000000e+00,0.000000e+00,0.000000e+00,0.000000e+00,0.000000e+00,0.000000e+00,0.000000e+00,0.000000e+00,0.000000e+00,0.000000e+00,0.000000e+00,0.000000e+00
1.000000e+00,0.000000e+00,0.000000e+00,0.000000e+00,0.000000e+00,0.000000e+00,0.000000e+00,0.000000e+00,0.000000e+00,0.000000e+00,0.000000e+00,0.000000e+00,0.000000e+00,0.000000e+00,0.000000e+00
1.000000e+00,0.000000e+00,0.000000e+00,0.000000e+00,0.000000e+00,0.000000e+00,0.000000e+00,0.000000e+00,0.000000e+00,0.000000e+00,0.000000e+00,0.000000e+00,0.000000e+00,0.000000e+00,0.000000e+00
1.000000e+00,0.000000e+00,0.000000e+00,0.000000e+00,0.000000e+00,0.000000e+00,0.000000e+00,0.000000e+00,0.000000e+00,0.000000e+00,0.000000e+00,0.000000e+00,0.000000e+00,0.000000e+00,0.000000e+00
1.000000e+00,0.000000e+00,0.000000e+00,0.000000e+00,0.000000e+00,0.000000e+00,0.000000e+00,0.000000e+00,0.000000e+00,0.000000e+00,0.000000e+00,0.000000e+00,0.000000e+00,0.000000e+00,0.000000e+00
1.000000e+00,0.000000e+00,0.000000e+00,0.000000e+00,0.000000e+00,0.000000e+00,0.000000e+00,0.000000e+00,0.000000e+00,0.000000e+00,0.000000e+00,0.000000e+00,0.000000e+00,0.000000e+00,0.000000e+00
1.000000e+00,0.000000e+00,0.000000e+00,0.000000e+00,0.000000e+00,0.000000e+00,0.000000e+00,0.000000e+00,0.000000e+00,0.000000e+00,0.000000e+00,0.000000e+00,0.000000e+00,0.000000e+00,0.000000e+00
1.000000e+00,0.000000e+00,0.000000e+00,0.000000e+00,0.000000e+00,0.000000e+00,0.000000e+00,0.000000e+00,0.000000e+00,0.000000e+00,0.000000e+00,0.000000e+00,0.000000e+00,0.000000e+00,0.000000e+00
1.000000e+00,0.000000e+00,0.000000e+00,0.000000e+00,0.000000e+00,0.000000e+00,0.000000e+00,0.000000e+00,0.000000e+00,0.000000e+00,0.000000e+00,0.000000e+00,0.000000e+00,0.000000e+00,0.000000e+00
1.000000e+00,0.000000e+00,0.000000e+00,0.000000e+00,0.000000e+00,0.000000e+00,0.000000e+00,0.000000e+00,0.000000e+00,0.000000e+00,0.000000e+00,0.000000e+00,0.000000e+00,0.000000e+00,0.000000e+00
1.000000e+00,0.000000e+00,0.000000e+00,0.000000e+00,0.000000e+00,0.000000e+00,0.000000e+00,0.000000e+00,0.000000e+00,0.000000e+00,0.000000e+00,0.000000e+00,0.000000e+00,0.000000e+00,0.000000e+00
1.000000e+00,0.000000e+00,0.000000e+00,0.000000e+00,0.000000e+00,0.000000e+00,0.000000e+00,0.000000e+00,0.000000e+00,0.000000e+00,0.000000e+00,0.000000e+00,0.000000e+00,0.000000e+00,0.000000e+00
1.000000e+00,0.000000e+00,0.000000e+00,0.000000e+00,0.000000e+00,0.000000e+00,0.000000e+00,0.000000e+00,0.000000e+00,0.000000e+00,0.000000e+00,0.000000e+00,0.000000e+00,0.000000e+00,0.000000e+00
1.000000e+00,0.000000e+00,0.000000e+00,0.000000e+00,0.000000e+00,0.000000e+00,0.000000e+00,0.000000e+00,0.000000e+00,0.000000e+00,0.000000e+00,0.000000e+00,0.000000e+00,0.000000e+00,0.000000e+00
1.000000e+00,0.000000e+00,0.000000e+00,0.000000e+00,0.000000e+00,0.000000e+00,0.000000e+00,0.000000e+00,0.000000e+00,0.000000e+00,0.000000e+00,0.000000e+00,0.000000e+00,0.000000e+00,0.000000e+00
1.000000e+00,0.000000e+00,0.000000e+00,0.000000e+00,0.000000e+00,0.000000e+00,0.000000e+00,0.000000e+00,0.000000e+00,0.000000e+00,0.000000e+00,0.000000e+00,0.000000e+00,0.000000e+00,0.000000e+00
1.000000e+00,0.000000e+00,0.000000e+00,0.000000e+00,0.000000e+00,0.000000e+00,0.000000e+00,0.000000e+00,0.000000e+00,0.000000e+00,0.000000e+00,0.000000e+00,0.000000e+00,0.000000e+00,0.000000e+00
1.000000e+00,0.000000e+00,0.000000e+00,0.000000e+00,0.000000e+00,0.000000e+00,0.000000e+00,0.000000e+00,0.000000e+00,0.000000e+00,0.000000e+00,0.000000e+00,0.000000e+00,0.000000e+00,0.000000e+00
1.000000e+00,0.000000e+00,0.000000e+00,0.000000e+00,0.000000e+00,0.000000e+00,0.000000e+00,0.000000e+00,0.000000e+00,0.000000e+00,0.000000e+00,0.000000e+00,0.000000e+00,0.000000e+00,0.000000e+00
1.000000e+00,0.000000e+00,0.000000e+00,0.000000e+00,0.000000e+00,0.000000e+00,0.000000e+00,0.000000e+00,0.000000e+00,0.000000e+00,0.000000e+00,0.000000e+00,0.000000e+00,0.000000e+00,0.000000e+00
1.000000e+00,0.000000e+00,0.000000e+00,0.000000e+00,0.000000e+00,0.000000e+00,0.000000e+00,0.000000e+00,0.000000e+00,0.000000e+00,0.000000e+00,0.000000e+00,0.000000e+00,0.000000e+00,0.000000e+00
1.000000e+00,0.000000e+00,0.000000e+00,0.000000e+00,0.000000e+00,0.000000e+00,0.000000e+00,0.000000e+00,0.000000e+00,0.000000e+00,0.000000e+00,0.000000e+00,0.000000e+00,0.000000e+00,0.000000e+00
1.000000e+00,0.000000e+00,0.000000e+00,0.000000e+00,0.000000e+00,0.000000e+00,0.000000e+00,0.000000e+00,0.000000e+00,0.000000e+00,0.000000e+00,0.000000e+00,0.000000e+00,0.000000e+00,0.000000e+00
1.000000e+00,0.000000e+00,0.000000e+00,0.000000e+00,0.000000e+00,0.000000e+00,0.000000e+00,0.000000e+00,0.000000e+00,0.000000e+00,0.000000e+00,0.000000e+00,0.000000e+00,0.000000e+00,0.000000e+00
1.000000e+00,0.000000e+00,0.000000e+00,0.000000e+00,0.000000e+00,0.000000e+00,0.000000e+00,0.000000e+00,0.000000e+00,0.000000e+00,0.000000e+00,0.000000e+00,0.000000e+00,0.000000e+00,0.000000e+00
1.000000e+00,0.000000e+00,0.000000e+00,0.000000e+00,0.000000e+00,0.000000e+00,0.000000e+00,0.000000e+00,0.000000e+00,0.000000e+00,0.000000e+00,0.000000e+00,0.000000e+00,0.000000e+00,0.000000e+00
1.000000e+00,0.000000e+00,0.000000e+00,0.000000e+00,0.000000e+00,0.000000e+00,0.000000e+00,0.000000e+00,0.000000e+00,0.000000e+00,0.000000e+00,0.000000e+00,0.000000e+00,0.000000e+00,0.000000e+00
1.000000e+00,0.000000e+00,0.000000e+00,0.000000e+00,0.000000e+00,0.000000e+00,0.000000e+00,0.000000e+00,0.000000e+00,0.000000e+00,0.000000e+00,0.000000e+00,0.000000e+00,0.000000e+00,0.000000e+00
1.000000e+00,0.000000e+00,0.000000e+00,0.000000e+00,0.000000e+00,0.000000e+00,0.000000e+00,0.000000e+00,0.000000e+00,0.000000e+00,0.000000e+00,0.000000e+00,0.000000e+00,0.000000e+00,0.000000e+00
1.000000e+00,0.000000e+00,0.000000e+00,0.000000e+00,0.000000e+00,0.000000e+00,0.000000e+00,0.000000e+00,0.000000e+00,0.000000e+00,0.000000e+00,0.000000e+00,0.000000e+00,0.000000e+00,0.000000e+00
1.000000e+00,0.000000e+00,0.000000e+00,0.000000e+00,0.000000e+00,0.000000e+00,0.000000e+00,0.000000e+00,0.000000e+00,0.000000e+00,0.000000e+00,0.000000e+00,0.000000e+00,0.000000e+00,0.000000e+00
1.000000e+00,0.000000e+00,0.000000e+00,0.000000e+00,0.000000e+00,0.000000e+00,0.000000e+00,0.000000e+00,0.000000e+00,0.000000e+00,0.000000e+00,0.000000e+00,0.000000e+00,0.000000e+00,0.000000e+00
1.000000e+00,0.000000e+00,0.000000e+00,0.000000e+00,0.000000e+00,0.000000e+00,0.000000e+00,0.000000e+00,0.000000e+00,0.000000e+00,0.000000e+00,0.000000e+00,0.000000e+00,0.000000e+00,0.000000e+00
1.000000e+00,0.000000e+00,0.000000e+00,0.000000e+00,0.000000e+00,0.000000e+00,0.000000e+00,0.000000e+00,0.000000e+00,0.000000e+00,0.000000e+00,0.000000e+00,0.000000e+00,0.000000e+00,0.000000e+00
1.000000e+00,0.000000e+00,0.000000e+00,0.000000e+00,0.000000e+00,0.000000e+00,0.000000e+00,0.000000e+00,0.000000e+00,0.000000e+00,0.000000e+00,0.000000e+00,0.000000e+00,0.000000e+00,0.000000e+00
1.000000e+00,0.000000e+00,0.000000e+00,0.000000e+00,0.000000e+00,0.000000e+00,0.000000e+00,0.000000e+00,0.000000e+00,0.000000e+00,0.000000e+00,0.000000e+00,0.000000e+00,0.000000e+00,0.000000e+00
1.000000e+00,0.000000e+00,0.000000e+00,0.000000e+00,0.000000e+00,0.000000e+00,0.000000e+00,0.000000e+00,0.000000e+00,0.000000e+00,0.000000e+00,0.000000e+00,0.000000e+00,0.000000e+00,0.000000e+00
1.000000e+00,0.000000e+00,0.000000e+00,0.000000e+00,0.000000e+00,0.000000e+00,0.000000e+00,0.000000e+00,0.000000e+00,0.000000e+00,0.000000e+00,0.000000e+00,0.000000e+00,0.000000e+00,0.000000e+00
1.000000e+00,0.000000e+00,0.000000e+00,0.000000e+00,0.000000e+00,0.000000e+00,0.000000e+00,0.000000e+00,0.000000e+00,0.000000e+00,0.000000e+00,0.000000e+00,0.000000e+00,0.000000e+00,0.000000e+00
1.000000e+00,0.000000e+00,0.000000e+00,0.000000e+00,0.000000e+00,0.000000e+00,0.000000e+00,0.000000e+00,0.000000e+00,0.000000e+00,0.000000e+00,0.000000e+00,0.000000e+00,0.000000e+00,0.000000e+00
1.000000e+00,0.000000e+00,0.000000e+00,0.000000e+00,0.000000e+00,0.000000e+00,0.000000e+00,0.000000e+00,0.000000e+00,0.000000e+00,0.000000e+00,0.000000e+00,0.000000e+00,0.000000e+00,0.000000e+00
1.000000e+00,0.000000e+00,0.000000e+00,0.000000e+00,0.000000e+00,0.000000e+00,0.000000e+00,0.000000e+00,0.000000e+00,0.000000e+00,0.000000e+00,0.000000e+00,0.000000e+00,0.000000e+00,0.000000e+00
1.000000e+00,0.000000e+00,0.000000e+00,0.000000e+00,0.000000e+00,0.000000e+00,0.000000e+00,0.000000e+00,0.000000e+00,0.000000e+00,0.000000e+00,0.000000e+00,0.000000e+00,0.000000e+00,0.000000e+00
1.000000e+00,0.000000e+00,0.000000e+00,0.000000e+00,0.000000e+00,0.000000e+00,0.000000e+00,0.000000e+00,0.000000e+00,0.000000e+00,0.000000e+00,0.000000e+00,0.000000e+00,0.000000e+00,0.000000e+00
1.000000e+00,0.000000e+00,0.000000e+00,0.000000e+00,0.000000e+00,0.000000e+00,0.000000e+00,0.000000e+00,0.000000e+00,0.000000e+00,0.000000e+00,0.000000e+00,0.000000e+00,0.000000e+00,0.000000e+00
1.000000e+00,0.000000e+00,0.000000e+00,0.000000e+00,0.000000e+00,0.000000e+00,0.000000e+00,0.000000e+00,0.000000e+00,0.000000e+00,0.000000e+00,0.000000e+00,0.000000e+00,0.000000e+00,0.000000e+00
1.000000e+00,0.000000e+00,0.000000e+00,0.000000e+00,0.000000e+00,0.000000e+00,0.000000e+00,0.000000e+00,0.000000e+00,0.000000e+00,0.000000e+00,0.000000e+00,0.000000e+00,0.000000e+00,0.000000e+00
1.000000e+00,0.000000e+00,0.000000e+00,0.000000e+00,0.000000e+00,0.000000e+00,0.000000e+00,0.000000e+00,0.000000e+00,0.000000e+00,0.000000e+00,0.000000e+00,0.000000e+00,0.000000e+00,0.000000e+00
1.000000e+00,0.000000e+00,0.000000e+00,0.000000e+00,0.000000e+00,0.000000e+00,0.000000e+00,0.000000e+00,0.000000e+00,0.000000e+00,0.000000e+00,0.000000e+00,0.000000e+00,0.000000e+00,0.000000e+00
1.000000e+00,0.000000e+00,0.000000e+00,0.000000e+00,0.000000e+00,0.000000e+00,0.000000e+00,0.000000e+00,0.000000e+00,0.000000e+00,0.000000e+00,0.000000e+00,0.000000e+00,0.000000e+00,0.000000e+00
1.000000e+00,0.000000e+00,0.000000e+00,0.000000e+00,0.000000e+00,0.000000e+00,0.000000e+00,0.000000e+00,0.000000e+00,0.000000e+00,0.000000e+00,0.000000e+00,0.000000e+00,0.000000e+00,0.000000e+00
1.000000e+00,0.000000e+00,0.000000e+00,0.000000e+00,0.000000e+00,0.000000e+00,0.000000e+00,0.000000e+00,0.000000e+00,0.000000e+00,0.000000e+00,0.000000e+00,0.000000e+00,0.000000e+00,0.000000e+00
1.000000e+00,0.000000e+00,0.000000e+00,0.000000e+00,0.000000e+00,0.000000e+00,0.000000e+00,0.000000e+00,0.000000e+00,0.000000e+00,0.000000e+00,0.000000e+00,0.000000e+00,0.000000e+00,0.000000e+00
4.789299e-01,1.927640e-02,2.516506e-01,4.626017e-02,9.099276e-03,4.882953e-02,2.761027e-03,1.727523e-02,7.536215e-03,5.352030e-03,5.766299e-02,2.262866e-02,1.012034e-02,5.904296e-03,1.671334e-02
3.488995e-01,1.479054e-02,2.199937e-01,3.721851e-02,7.627773e-03,2.516835e-01,2.005466e-03,2.031059e-02,6.124950e-03,7.611716e-03,4.277643e-02,1.611321e-02,7.192603e-03,5.192636e-03,1.245883e-02
2.514515e-01,1.103102e-02,1.590346e-01,2.810463e-02,5.763854e-03,3.992006e-01,1.522901e-03,1.806360e-02,1.450776e-02,4.598370e-02,3.085510e-02,1.136335e-02,5.157695e-03,6.273623e-03,1.168607e-02
1.914726e-01,8.482113e-03,1.124445e-01,2.022459e-02,4.675999e-03,4.663361e-01,1.249096e-03,1.373519e-02,1.899329e-02,1.044817e-01,2.355110e-02,8.036179e-03,3.762140e-03,8.809031e-03,1.374626e-02
1.709666e-01,7.052089e-03,8.192826e-02,1.517835e-02,4.772008e-03,4.905193e-01,1.266439e-03,1.146508e-02,2.870222e-02,1.180966e-01,1.820271e-02,5.780776e-03,3.165012e-03,1.409194e-02,2.881257e-02
1.510392e-01,6.167791e-03,6.076200e-02,1.135678e-02,6.626165e-03,4.856417e-01,1.081552e-03,9.400330e-03,3.950818e-02,1.489950e-01,1.431796e-02,4.118246e-03,2.524741e-03,2.150383e-02,3.695660e-02
2.001796e-01,5.910326e-03,5.035780e-02,9.027064e-03,8.605491e-03,4.339321e-01,1.036897e-03,8.949747e-03,3.661695e-02,1.589060e-01,1.117605e-02,3.043635e-03,2.175263e-03,2.044632e-02,4.963674e-02
1.537450e-01,6.354404e-03,3.828901e-02,6.748328e-03,6.753726e-03,3.309875e-01,1.259849e-03,6.931318e-03,9.054891e-02,2.131898e-01,1.004113e-02,2.251046e-03,2.298041e-03,3.920729e-02,9.139463e-02
1.079029e-01,1.339340e-02,2.789885e-02,1.462104e-02,4.750609e-03,2.318693e-01,8.936969e-04,4.885837e-03,1.913594e-01,1.595953e-01,8.216924e-03,2.183959e-03,4.358878e-03,2.845636e-02,1.996136e-01
7.568474e-02,5.037212e-02,2.067482e-02,1.255767e-02,3.377210e-03,1.623709e-01,6.369209e-04,3.441758e-03,1.982062e-01,1.141532e-01,8.847553e-03,1.733777e-03,3.751030e-03,2.284826e-02,3.213438e-01
5.536744e-02,5.838845e-02,1.642417e-02,1.281110e-02,2.498095e-03,1.140156e-01,4.685158e-04,2.769926e-03,1.522359e-01,8.317485e-02,1.288535e-01,4.891861e-03,2.628835e-02,7.349066e-02,2.683216e-01
3.911122e-02,4.134043e-02,1.161519e-02,1.069499e-02,4.581907e-03,8.009298e-02,3.785492e-04,2.370151e-03,1.099404e-01,6.599231e-02,3.043242e-01,5.957554e-03,3.018030e-02,8.157723e-02,2.118426e-01
2.750989e-02,2.899244e-02,8.394789e-03,9.417304e-03,1.948284e-02,5.720538e-02,1.000530e-03,3.080629e-03,8.400015e-02,7.724911e-02,3.564564e-01,7.074730e-03,2.528168e-02,1.136512e-01,1.812029e-01
1.978426e-02,2.097460e-02,7.405197e-03,2.021405e-02,3.210172e-02,4.464004e-02,2.712336e-03,7.929216e-03,1.238524e-01,7.145295e-02,3.159439e-01,1.919801e-02,4.124425e-02,1.172171e-01,1.553300e-01
1.447921e-02,1.526980e-02,6.298590e-03,2.138845e-02,3.805993e-02,4.106092e-02,3.893914e-03,1.301845e-02,1.359752e-01,5.820611e-02,2.809200e-01,3.583578e-02,5.762131e-02,1.600149e-01,1.179575e-01
1.166665e-02,1.177010e-02,1.239680e-02,2.343452e-02,1.033559e-01,3.457094e-02,1.118232e-02,5.475411e-02,1.047184e-01,4.655307e-02,2.343923e-01,4.876006e-02,5.580415e-02,1.306178e-01,1.160230e-01
1.750194e-02,1.011934e-02,9.997830e-03,2.564055e-02,2.412835e-01,3.141463e-02,2.371107e-02,3.914528e-02,8.275434e-02,3.678466e-02,1.855149e-01,4.249994e-02,4.661075e-02,1.045340e-01,1.024873e-01
1.404428e-02,8.878164e-03,9.530539e-03,3.182304e-02,3.736697e-01,2.453112e-02,3.427343e-02,2.756239e-02,1.030628e-01,2.608642e-02,1.356684e-01,2.996931e-02,3.370259e-02,7.334712e-02,7.385071e-02
1.057719e-02,1.742972e-02,2.811698e-02,1.259717e-01,3.299802e-01,1.871403e-02,2.643972e-02,2.140201e-02,1.157502e-01,2.155669e-02,1.120661e-01,2.196322e-02,2.695032e-02,5.153682e-02,7.154499e-02
8.218829e-03,2.191450e-02,3.266719e-02,1.673407e-01,2.804649e-01,1.407026e-02,1.930582e-02,1.762672e-02,1.559546e-01,1.677744e-02,1.302875e-01,1.780489e-02,2.531076e-02,3.628027e-02,5.597555e-02
7.101253e-03,2.912726e-02,3.223576e-02,1.334079e-01,2.172822e-01,1.359890e-02,1.445758e-02,1.319092e-02,1.841838e-01,1.379025e-02,2.103783e-01,1.902063e-02,3.746247e-02,2.592037e-02,4.884239e-02
6.067652e-03,5.196223e-02,2.702891e-02,9.512556e-02,1.785774e-01,1.313384e-02,1.114033e-02,9.547612e-03,2.445530e-01,1.069379e-02,2.375810e-01,1.560591e-02,3.863296e-02,1.843667e-02,4.191317e-02
8.401835e-03,5.188305e-02,3.435259e-02,6.969289e-02,1.767740e-01,2.027246e-02,1.680818e-02,1.117308e-02,3.428026e-01,9.188814e-03,1.729348e-01,1.130697e-02,2.913164e-02,1.313080e-02,3.214626e-02
1.703819e-02,8.618806e-02,7.030163e-02,8.131909e-02,1.457117e-01,4.680970e-02,1.244512e-02,1.052993e-02,2.833593e-01,9.785671e-03,1.289758e-01,1.039103e-02,2.251891e-02,1.000873e-02,6.461713e-02
1.805881e-02,8.362802e-02,7.603446e-02,6.638633e-02,1.067061e-01,4.360583e-02,8.927374e-03,8.082911e-03,2.148917e-01,2.573977e-02,1.041814e-01,1.095713e-02,2.140946e-02,8.314160e-03,2.030766e-01
5.458045e-02,1.298833e-01,6.748464e-02,5.558182e-02,8.067931e-02,4.006162e-02,6.503313e-03,7.988897e-03,1.832954e-01,2.622161e-02,8.608550e-02,1.240173e-02,1.871215e-02,1.101998e-02,2.195003e-01
6.097990e-02,1.333974e-01,4.942065e-02,4.741493e-02,6.291832e-02,4.223616e-02,5.123649e-03,6.359893e-03,1.959138e-01,2.269928e-02,6.933576e-02,1.104373e-02,4.553385e-02,1.050519e-02,2.371175e-01
4.845942e-02,1.261047e-01,3.761239e-02,3.660145e-02,4.512025e-02,3.687019e-02,3.898681e-03,5.102618e-03,2.230407e-01,1.692146e-02,5.135565e-02,1.022498e-02,1.702814e-01,8.458090e-03,1.799481e-01
3.621051e-02,9.434976e-02,2.703360e-02,2.628833e-02,3.183626e-02,2.881771e-02,2.963354e-03,3.979064e-03,1.693348e-01,1.222338e-02,3.694215e-02,8.997272e-03,3.687332e-01,6.169810e-03,1.461208e-01
2.706333e-02,7.389167e-02,1.919354e-02,1.896816e-02,2.274781e-02,2.165486e-02,2.206797e-03,3.083595e-03,1.313911e-01,8.740839e-03,2.697525e-02,8.655852e-03,5.181386e-01,4.399293e-03,1.128893e-01
2.599554e-02,2.546381e-01,1.708200e-02,5.368954e-02,1.638881e-02,1.595923e-02,1.762742e-03,2.631595e-03,1.155877e-01,6.946728e-03,2.074953e-02,9.235309e-03,3.734020e-01,3.752646e-03,8.217852e-02
2.356082e-02,2.407386e-01,1.819161e-02,6.010200e-02,1.307001e-02,1.884348e-02,1.667347e-03,3.039960e-03,1.017208e-01,5.952657e-03,3.706843e-02,2.243432e-02,3.645205e-01,7.300883e-03,8.178863e-02
1.900259e-02,1.753611e-01,2.056597e-02,4.663385e-02,1.065354e-02,1.897789e-02,1.838498e-03,3.764017e-03,8.567104e-02,5.145626e-03,4.295844e-02,1.006401e-01,3.883909e-01,9.653652e-03,7.074281e-02
1.655031e-02,1.268197e-01,6.548801e-02,4.166135e-02,2.035623e-02,1.852446e-02,2.726298e-03,8.107277e-03,1.550550e-01,5.154910e-03,4.516790e-02,8.118962e-02,3.455388e-01,9.163214e-03,5.849686e-02
2.489612e-02,1.055044e-01,1.134798e-01,3.727772e-02,2.855554e-02,1.939564e-02,3.535069e-03,9.002753e-03,2.294572e-01,7.589785e-03,3.567113e-02,6.031057e-02,2.634601e-01,9.345918e-03,5.251829e-02
2.948977e-02,1.029480e-01,1.312223e-01,5.118582e-02,6.913938e-02,3.291368e-02,1.140532e-02,2.226484e-02,1.942497e-01,7.518731e-03,2.726286e-02,4.325512e-02,2.219214e-01,8.441626e-03,4.678142e-02
2.887661e-02,1.143771e-01,1.478188e-01,3.902948e-02,8.919881e-02,3.155778e-02,1.286353e-02,2.277826e-02,2.273029e-01,6.582692e-03,1.990036e-02,3.081687e-02,1.721053e-01,6.995155e-03,4.979635e-02
2.540938e-02,1.002283e-01,3.082201e-01,6.356427e-02,7.005402e-02,2.323904e-02,9.488619e-03,1.670056e-02,1.734432e-01,6.719479e-03,1.443913e-02,2.181444e-02,1.227517e-01,5.016712e-03,3.891091e-02
2.195582e-02,7.722909e-02,4.582674e-01,7.083337e-02,5.611945e-02,1.851788e-02,8.759543e-03,1.268423e-02,1.250387e-01,5.662140e-03,1.101769e-02,1.555003e-02,8.719357e-02,3.581430e-03,2.758970e-02
2.336538e-02,6.123175e-02,4.258014e-01,1.550829e-01,7.603660e-02,1.679070e-02,9.290317e-03,2.524821e-02,9.304103e-02,4.584700e-03,1.297938e-02,1.140158e-02,6.303124e-02,2.545283e-03,1.956958e-02
1.822059e-02,4.423059e-02,3.109235e-01,1.131009e-01,1.207573e-01,1.505037e-02,1.996067e-01,3.067289e-02,6.541830e-02,3.499063e-03,9.730344e-03,8.062261e-03,4.472898e-02,1.814783e-03,1.418340e-02
1.473607e-02,3.143487e-02,2.264333e-01,8.265316e-02,2.449159e-01,1.229639e-02,2.196357e-01,2.669664e-02,4.683315e-02,2.365930e-02,1.057327e-02,5.754407e-03,3.682221e-02,1.718967e-03,1.583664e-02
1.292019e-02,2.233272e-02,1.605856e-01,6.266813e-02,3.180358e-01,9.574155e-03,1.800137e-01,2.170144e-02,3.334200e-02,9.655958e-02,1.178157e-02,4.116200e-03,2.834693e-02,1.865611e-03,3.615646e-02
1.089271e-02,1.589310e-02,1.129786e-01,4.424331e-02,3.174387e-01,7.115275e-03,1.293833e-01,1.558922e-02,2.355004e-02,2.314090e-01,9.356176e-03,2.928247e-03,2.078145e-02,1.670673e-03,5.677025e-02
7.942192e-03,1.118952e-02,7.913716e-02,3.115048e-02,2.284831e-01,5.135654e-03,9.195601e-02,1.096124e-02,1.668985e-02,4.357894e-01,8.127469e-03,2.109120e-03,1.500638e-02,2.050300e-03,5.427213e-02
5.833088e-03,7.942501e-03,5.555896e-02,2.207988e-02,1.637831e-01,3.837971e-03,6.536156e-02,7.784992e-03,1.216452e-02,4.932725e-01,9.696983e-03,1.588266e-03,1.186484e-02,1.734610e-03,1.374962e-01
4.719750e-03,5.641231e-03,3.891383e-02,1.551833e-02,1.156206e-01,3.020738e-03,4.613823e-02,5.480306e-03,9.134736e-03,4.005000e-01,1.095134e-02,1.201288e-03,9.509306e-03,1.375349e-03,3.322750e-01
4.465015e-03,4.472562e-03,2.728186e-02,1.101111e-02,8.139052e-02,2.499590e-03,3.245239e-02,3.852690e-03,9.447498e-03,3.319036e-01,8.512936e-03,9.283592e-04,7.039862e-03,1.057008e-03,4.736851e-01
3.834204e-03,4.954931e-03,1.928050e-02,8.264819e-03,5.730732e-02,2.058966e-03,2.279693e-02,2.775705e-03,5.272248e-02,2.568322e-01,7.230754e-03,8.655773e-04,5.654982e-03,1.004723e-03,5.544160e-01
4.123962e-03,4.637912e-03,1.356554e-02,5.925266e-03,4.026530e-02,1.944199e-03,1.604491e-02,2.000016e-03,5.583937e-02,1.981648e-01,6.340477e-03,9.472324e-04,5.568711e-03,1.023195e-03,6.436093e-01
3.044756e-03,4.074243e-02,1.057207e-02,8.840583e-03,2.828085e-02,1.667518e-03,1.125273e-02,1.418732e-03,2.645361e-01,1.448407e-01,5.236539e-03,1.366008e-03,4.520197e-03,1.128908e-03,4.725519e-01
3.449952e-03,4.297023e-02,7.507701e-03,6.909231e-03,1.994065e-02,3.751024e-03,7.909405e-03,1.030313e-03,2.470774e-01,1.234012e-01,6.357387e-03,1.494719e-03,6.911712e-03,1.335370e-03,5.199538e-01
3.617673e-03,3.591197e-02,6.040183e-03,1.861774e-02,1.560956e-02,3.221123e-03,5.771564e-03,2.821254e-03,3.673636e-01,8.726069e-02,9.801023e-03,1.810014e-03,1.170025e-02,1.587565e-03,4.288658e-01
3.247055e-03,3.682437e-02,4.574755e-03,1.652190e-02,1.190166e-02,2.944951e-03,4.074804e-03,2.053424e-03,3.194226e-01,6.164574e-02,8.462494e-03,1.858363e-03,1.121874e-02,1.673039e-03,5.135761e-01
2.408248e-03,2.865786e-02,3.569945e-03,1.810678e-02,8.666502e-03,2.326822e-03,2.872955e-03,1.861392e-03,4.693487e-01,4.355105e-02,7.232185e-03,1.471669e-03,9.353725e-03,1.410635e-03,3.991615e-01
1.801912e-03,2.384697e-02,2.653884e-03,1.332791e-02,6.369567e-03,1.917773e-03,2.020911e-03,1.357576e-03,5.123560e-01,3.091104e-02,5.535229e-03,1.128971e-03,7.688135e-03,1.175715e-03,3.879084e-01
1.352981e-03,1.843788e-02,2.169478e-03,1.071252e-02,4.699521e-03,1.541683e-03,1.433494e-03,1.038886e-03,6.124925e-01,2.208318e-02,4.589109e-03,9.035967e-04,6.777740e-03,1.073126e-03,3.106943e-01
1.797577e-03,1.779536e-02,2.219671e-03,9.089220e-03,4.238267e-03,1.359446e-03,1.035187e-03,1.021817e-03,6.306077e-01,1.823854e-02,4.655962e-03,8.874618e-04,9.693817e-03,2.824615e-03,2.945354e-01
1.517926e-03,1.962388e-02,2.786750e-03,7.480469e-03,3.117407e-03,1.050315e-03,7.288868e-04,7.940184e-04,7.130009e-01,1.367495e-02,3.745800e-03,1.029483e-03,7.850096e-03,3.689797e-03,2.199094e-01
3.860347e-03,1.824384e-02,3.348820e-03,7.006816e-03,4.833963e-03,1.175387e-03,6.853697e-04,1.400817e-03,6.891233e-01,1.152774e-02,6.787862e-03,1.518956e-03,2.036170e-02,7.730639e-03,2.223945e-01
8.471526e-03,1.717400e-02,6.603386e-03,1.418043e-02,9.438414e-03,3.047416e-03,1.288318e-03,1.782656e-03,6.709611e-01,9.609781e-03,1.067140e-02,3.952342e-03,5.579719e-02,1.111406e-02,1.759080e-01
1.725461e-02,1.479088e-02,7.683475e-03,2.361871e-02,8.528786e-03,5.697677e-03,1.199638e-03,1.611987e-03,5.975836e-01,1.082233e-02,1.690796e-02,8.655606e-03,8.544877e-02,2.704134e-02,1.731547e-01
1.243676e-02,1.238950e-02,7.218678e-03,3.376480e-02,7.187222e-03,9.853272e-03,1.331819e-03,1.161542e-03,4.334344e-01,9.169029e-03,2.557355e-02,3.321544e-02,2.367429e-01,3.638138e-02,1.401397e-01
1.555565e-02,9.971359e-03,5.744571e-03,2.710609e-02,7.292532e-03,1.177857e-02,1.583413e-03,1.047960e-03,3.118345e-01,1.296263e-02,5.567925e-02,1.519090e-01,2.364402e-01,4.451642e-02,1.065779e-01
1.804953e-02,1.230520e-02,5.274758e-03,2.278553e-02,1.452454e-02,1.200821e-02,2.417785e-03,1.126712e-03,2.341030e-01,1.645282e-02,9.531873e-02,2.502913e-01,1.878474e-01,4.673178e-02,8.076272e-02
1.304575e-02,8.949663e-03,4.333322e-03,1.656433e-02,1.207478e-02,9.250926e-03,1.844366e-03,1.068042e-03,1.677253e-01,1.349018e-02,1.289986e-01,3.667485e-01,1.515614e-01,4.696814e-02,5.737658e-02
9.312572e-03,6.616228e-03,3.226163e-03,1.206308e-02,9.508064e-03,6.674457e-03,1.376934e-03,9.807557e-04,1.281117e-01,1.129805e-02,1.208961e-01,4.765221e-01,1.243469e-01,4.802328e-02,4.104356e-02
7.650358e-03,5.596555e-03,2.980888e-03,1.026387e-02,1.094079e-02,4.968085e-03,1.086594e-03,1.677971e-03,1.473459e-01,1.451006e-02,1.263849e-01,4.671491e-01,1.019364e-01,6.746957e-02,3.003895e-02
1.330224e-02,4.910261e-03,2.900762e-03,8.748486e-03,8.085225e-03,4.315189e-03,8.960691e-04,1.777198e-03,1.585708e-01,2.048226e-02,1.221085e-01,4.383635e-01,8.281267e-02,1.083566e-01,2.437019e-02
1.167307e-02,8.028150e-03,7.121381e-03,9.588961e-03,1.087528e-02,3.915805e-03,7.120313e-04,2.250082e-03,2.244454e-01,2.171491e-02,1.617361e-01,3.456185e-01,5.901853e-02,1.153551e-01,1.794665e-02
9.135250e-03,6.267034e-03,5.709525e-03,7.483309e-03,7.982609e-03,3.136103e-03,5.335071e-04,1.811668e-03,2.361035e-01,1.688834e-02,1.246206e-01,2.728401e-01,4.225417e-02,2.521872e-01,1.304708e-02
6.804804e-03,4.984170e-03,5.374548e-03,5.801110e-03,6.003732e-03,2.945717e-03,3.968899e-04,1.410541e-03,2.748953e-01,1.547941e-02,9.466784e-02,1.949525e-01,2.983334e-02,3.467569e-01,9.693256e-03
5.074651e-03,7.191662e-03,6.176622e-03,4.258486e-03,4.378891e-03,3.150569e-03,2.915307e-04,1.074504e-03,2.363571e-01,1.178876e-02,6.987076e-02,1.372753e-01,2.104762e-02,4.846985e-01,7.365004e-03
4.834416e-03,9.200381e-03,2.333756e-02,4.662715e-03,3.643939e-03,5.291794e-03,2.491953e-04,1.093094e-03,2.097435e-01,1.005566e-02,5.505884e-02,9.641215e-02,1.511244e-02,5.551908e-01,6.113420e-03
7.566037e-03,8.009071e-03,4.729892e-02,2.030505e-02,3.791449e-03,7.592317e-03,3.139620e-04,1.203182e-03,2.198582e-01,1.113911e-02,4.212705e-02,6.767236e-02,1.106317e-02,5.452215e-01,6.838541e-03
1.013674e-02,6.490096e-03,4.193170e-02,1.485835e-02,2.926541e-03,1.062000e-02,2.713998e-04,1.306468e-03,1.715847e-01,1.022523e-02,3.116813e-02,4.742680e-02,7.861829e-03,6.361920e-01,6.999977e-03
1.166684e-02,5.795913e-03,3.234095e-02,1.087811e-02,2.535239e-03,8.954352e-03,2.190376e-04,1.446282e-03,1.434570e-01,8.594966e-03,2.285380e-02,3.325218e-02,5.598070e-03,7.049974e-01,7.409808e-03
1.436011e-02,5.106875e-03,2.450539e-02,8.406202e-03,2.334307e-03,7.952223e-03,1.782883e-04,1.891213e-03,1.137210e-01,6.441335e-03,1.871346e-02,2.333434e-02,4.081868e-03,7.617556e-01,7.217668e-03
1.689907e-02,4.310617e-03,2.847646e-02,7.010004e-03,2.254521e-03,9.906357e-03,2.072840e-04,9.086038e-03,8.772437e-02,4.923976e-03,1.371981e-02,1.641679e-02,3.121085e-03,7.882180e-01,7.725586e-03
1.897423e-02,3.746243e-03,2.463669e-02,5.438108e-03,2.980666e-03,7.976836e-03,2.279113e-04,1.487433e-02,6.866206e-02,4.678350e-03,1.023215e-02,1.152439e-02,2.348425e-03,8.168201e-01,6.879478e-03
2.072920e-02,4.215640e-03,2.022658e-02,4.107265e-03,3.891203e-03,6.171610e-03,3.101237e-04,1.912055e-02,5.223491e-02,3.964174e-03,7.700005e-03,8.088627e-03,1.770788e-03,8.421664e-01,5.302908e-03
2.503682e-02,3.641355e-03,1.635557e-02,3.615401e-03,4.465805e-03,5.376347e-03,3.462869e-04,2.767687e-02,4.195955e-02,3.114254e-03,6.055907e-03,5.685823e-03,1.319295e-03,8.510530e-01,4.297673e-03
2.924132e-02,9.101723e-03,1.763191e-02,3.879694e-03,4.010185e-03,5.267026e-03,4.614596e-04,2.464019e-02,4.157980e-02,3.573592e-03,5.340184e-03,4.041818e-03,1.643976e-03,8.406375e-01,8.949609e-03
3.723980e-02,1.330568e-02,8.890548e-02,1.420261e-02,5.288883e-03,5.933185e-03,1.223529e-03,2.709663e-02,5.233246e-02,1.112515e-02,5.665494e-03,3.674417e-03,3.447215e-03,6.850647e-01,4.549479e-02
6.138824e-02,1.404354e-02,8.923905e-02,1.492584e-02,6.205281e-03,7.589071e-03,1.575010e-03,4.276480e-02,6.566841e-02,2.200448e-02,6.275170e-03,3.074864e-03,4.016757e-03,6.032292e-01,5.800037e-02
7.031353e-02,1.330896e-02,8.159412e-02,1.253604e-02,5.676238e-03,7.726217e-03,1.328618e-03,4.251504e-02,6.717040e-02,2.106852e-02,6.386613e-03,2.361630e-03,3.430504e-03,5.963734e-01,6.821019e-02
7.534114e-02,1.183575e-02,6.628630e-02,9.914761e-03,5.183411e-03,6.868504e-03,1.074698e-03,3.665334e-02,6.853658e-02,3.612806e-02,7.348826e-03,1.903833e-03,3.399544e-03,5.495512e-01,1.199740e-01
7.377098e-02,9.905526e-03,5.436131e-02,8.412006e-03,4.782612e-03,6.240674e-03,9.351958e-04,2.763655e-02,6.919111e-02,3.282864e-02,7.244908e-03,1.540861e-03,3.130583e-03,5.007249e-01,1.992941e-01
6.763043e-02,7.804624e-03,4.001163e-02,6.354673e-03,3.637401e-03,5.009802e-03,7.285312e-04,1.954405e-02,6.181653e-02,2.947969e-02,8.996399e-03,1.202065e-03,2.777750e-03,3.738938e-01,3.711127e-01
5.920955e-02,6.483383e-03,2.936216e-02,5.846579e-03,2.991620e-03,4.612445e-03,6.129974e-04,1.379610e-02,6.106445e-02,2.446838e-02,1.332542e-02,9.749688e-04,3.891357e-03,2.769068e-01,4.964538e-01
5.683012e-02,5.976709e-03,2.342793e-02,5.294408e-03,2.570773e-03,4.388850e-03,4.801353e-04,9.962941e-03,6.812401e-02,3.700084e-02,2.996605e-02,1.375701e-03,5.984180e-03,2.764359e-01,4.721815e-01
5.506150e-02,6.238271e-03,2.082551e-02,6.849710e-03,2.325006e-03,4.511397e-03,3.992171e-04,7.200433e-03,7.480006e-02,4.127521e-02,4.422857e-02,1.685792e-03,7.294944e-03,2.390745e-01,4.882299e-01
4.632552e-02,5.413624e-03,2.913618e-02,6.857003e-03,2.915027e-03,2.470891e-02,7.826517e-04,5.435942e-03,6.589004e-02,4.680787e-02,5.461752e-02,5.710357e-03,1.435572e-02,1.848088e-01,5.062349e-01
3.445239e-02,7.855390e-03,2.888609e-02,8.124725e-03,2.373189e-03,2.601588e-02,6.774839e-04,3.911603e-03,1.126984e-01,6.158395e-02,9.815612e-02,1.175593e-02,3.157064e-02,1.475194e-01,4.244189e-01
2.545194e-02,8.159747e-03,3.432957e-02,1.460382e-02,2.942313e-03,2.087506e-02,7.652460e-04,2.865870e-03,1.535871e-01,5.482874e-02,1.441650e-01,1.996430e-02,3.869036e-02,1.140899e-01,3.646811e-01
2.165433e-02,6.509601e-03,2.532815e-02,1.336561e-02,5.830743e-03,1.707733e-02,7.943759e-04,2.316711e-03,1.391561e-01,4.500234e-02,2.354330e-01,2.728466e-02,5.552267e-02,1.058844e-01,2.988400e-01
1.650394e-02,4.992180e-03,2.001550e-02,1.020583e-02,4.662339e-03,1.294756e-02,6.727897e-04,1.884105e-03,1.086225e-01,4.112370e-02,2.889572e-01,2.188687e-02,4.426567e-02,1.152321e-01,3.080278e-01
1.250134e-02,3.885607e-03,1.698010e-02,8.567719e-03,4.264263e-03,1.018616e-02,7.250929e-04,1.815931e-03,1.315718e-01,4.402708e-02,2.585058e-01,1.826192e-02,3.305274e-02,1.987754e-01,2.568791e-01
9.500704e-03,5.318917e-03,1.859662e-02,7.590581e-03,4.232947e-03,1.063880e-02,6.316127e-04,2.493837e-03,1.095258e-01,5.409679e-02,2.859182e-01,1.494068e-02,2.660467e-02,2.469752e-01,2.029346e-01
7.710564e-03,7.631658e-03,1.755954e-02,9.420190e-03,5.009512e-03,1.071632e-02,5.500722e-04,3.618087e-03,1.095721e-01,7.940753e-02,2.982343e-01,1.271943e-02,2.592430e-02,2.469319e-01,1.649946e-01
1.792018e-02,1.553016e-02,3.417564e-02,8.102296e-03,2.448069e-02,2.297077e-02,5.537728e-04,1.026018e-02,1.942914e-01,6.017004e-02,2.441245e-01,9.311700e-03,2.152089e-02,1.863710e-01,1.502169e-01
2.354630e-02,1.525759e-02,1.824769e-01,1.374492e-02,3.352491e-02,2.845205e-02,9.579635e-04,2.250505e-02,1.742904e-01,4.364160e-02,1.846001e-01,6.785521e-03,1.593862e-02,1.356376e-01,1.186406e-01
1.798574e-02,1.985684e-02,3.653536e-01,3.260738e-02,3.460135e-02,2.135020e-02,7.565424e-04,1.639159e-02,1.345623e-01,3.107696e-02,1.298613e-01,4.818979e-03,1.126960e-02,9.536432e-02,8.414327e-02
1.497840e-02,2.305920e-02,4.507348e-01,4.563572e-02,2.805718e-02,1.553849e-02,5.968716e-04,1.179744e-02,1.499062e-01,2.348298e-02,9.227565e-02,3.555294e-03,8.471153e-03,6.707513e-02,6.483547e-02
6.268669e-02,4.503165e-02,4.330671e-01,4.266851e-02,3.048840e-02,1.687315e-02,7.446740e-04,9.045469e-03,1.536117e-01,1.834950e-02,6.766666e-02,2.934190e-03,7.455427e-03,4.793983e-02,6.143705e-02
7.126734e-02,5.344790e-02,3.849392e-01,9.590732e-02,3.041262e-02,2.885494e-02,1.160724e-03,8.230172e-03,1.337128e-01,1.553030e-02,5.499201e-02,3.481455e-03,7.299569e-03,3.651615e-02,7.424748e-02
8.851247e-02,5.528615e-02,3.799047e-01,1.075271e-01,3.428512e-02,5.750588e-02,1.705647e-03,1.048422e-02,1.004995e-01,1.345020e-02,4.449030e-02,5.117562e-03,8.088215e-03,3.031693e-02,6.282598e-02
1.197932e-01,6.902821e-02,3.383068e-01,8.952365e-02,6.176161e-02,1.003050e-01,2.540593e-03,9.853474e-03,7.204948e-02,1.104411e-02,3.536220e-02,5.631025e-03,6.827578e-03,2.731079e-02,5.066228e-02
9.815037e-02,5.290357e-02,3.313304e-01,2.099079e-01,4.975560e-02,8.481695e-02,2.076038e-03,8.283590e-03,5.237577e-02,9.092230e-03,3.262517e-02,5.680214e-03,6.044515e-03,2.020747e-02,3.675015e-02
6.958445e-02,4.157115e-02,2.882536e-01,3.129263e-01,3.533066e-02,5.970190e-02,1.466266e-03,5.974937e-03,3.875112e-02,8.482054e-03,8.176571e-02,5.723786e-03,4.789525e-03,1.769145e-02,2.798715e-02
4.960612e-02,2.961927e-02,2.026404e-01,3.648385e-01,2.674679e-02,4.199756e-02,1.053973e-03,4.363879e-03,2.755014e-02,6.665611e-03,1.282181e-01,4.226472e-03,3.979917e-03,8.859685e-02,1.989642e-02
3.540317e-02,2.139888e-02,1.430718e-01,3.678149e-01,2.145118e-02,2.993464e-02,8.360937e-04,3.487583e-03,2.023056e-02,5.114521e-03,1.448968e-01,3.438720e-03,3.469782e-03,1.852061e-01,1.424520e-02
2.525126e-02,1.535568e-02,1.006784e-01,2.833425e-01,1.547032e-02,2.136885e-02,5.922641e-04,2.637190e-03,1.440743e-02,3.657394e-03,1.452122e-01,3.358321e-03,2.564332e-03,3.560595e-01,1.004430e-02
1.792002e-02,1.102086e-02,7.062332e-02,2.036224e-01,1.173837e-02,1.528679e-02,4.193477e-04,1.905050e-03,1.026100e-02,2.682976e-03,1.945283e-01,2.911605e-03,1.995156e-03,4.480198e-01,7.064959e-03
1.272073e-02,7.918404e-03,4.946898e-02,1.449365e-01,1.067758e-02,1.090527e-02,3.021867e-04,1.407995e-03,7.463794e-03,2.068401e-03,2.556325e-01,2.475764e-03,1.594934e-03,4.874603e-01,4.966652e-03
8.954630e-03,5.612390e-03,3.464992e-02,1.017249e-01,1.136817e-02,7.690262e-03,2.312344e-04,1.037040e-03,6.446749e-03,1.711649e-03,2.875773e-01,2.287115e-03,1.354115e-03,5.258651e-01,3.489421e-03
6.331600e-03,4.034323e-03,2.429865e-02,7.143670e-02,1.267581e-02,5.463146e-03,2.024437e-04,7.860744e-04,5.790709e-03,1.508457e-03,3.574533e-01,2.262207e-03,1.256497e-03,5.040207e-01,2.479357e-03
4.667429e-03,4.754423e-03,1.722943e-02,5.085898e-02,2.889342e-02,4.082680e-03,1.982251e-04,6.509450e-04,9.087417e-03,2.526355e-03,4.447103e-01,3.017298e-03,1.029089e-03,4.263423e-01,1.951735e-03
3.450617e-03,6.427476e-03,1.244117e-02,3.575086e-02,2.638022e-02,3.183045e-03,1.817379e-04,4.926029e-04,8.754197e-03,5.541828e-03,5.296304e-01,5.786708e-03,8.852549e-04,3.594099e-01,1.683965e-03
2.593833e-03,8.406021e-03,9.036745e-03,2.545790e-02,2.535430e-02,5.218687e-03,3.852210e-04,4.074365e-04,1.070702e-02,1.342525e-02,5.491049e-01,7.515934e-03,9.363586e-04,3.396229e-01,1.827417e-03
1.983509e-03,6.852910e-03,7.375441e-03,1.832214e-02,2.263219e-02,1.538422e-02,8.327312e-04,4.611580e-04,2.699160e-02,4.854918e-02,5.405448e-01,9.457096e-03,2.060168e-03,2.963200e-01,2.232828e-03
1.591567e-03,5.223117e-03,6.125379e-03,1.387810e-02,3.923975e-02,2.011676e-02,1.270603e-03,5.106534e-03,1.786683e-01,4.230741e-02,4.463927e-01,7.536482e-03,1.845288e-03,2.290439e-01,1.654187e-03
2.614973e-03,6.213800e-03,2.102173e-02,2.032677e-02,4.528420e-02,2.905502e-02,1.227440e-03,5.521366e-02,2.679188e-01,3.550434e-02,3.436587e-01,5.836920e-03,1.933470e-03,1.628813e-01,1.308897e-03
2.368459e-03,7.746723e-03,4.656301e-02,9.531990e-02,6.723835e-02,3.371715e-02,1.224560e-03,4.136823e-02,3.145549e-01,2.645976e-02,2.423181e-01,4.137303e-03,1.528483e-03,1.142026e-01,1.252466e-03
2.554719e-03,1.399776e-02,6.119739e-02,8.245683e-02,7.102229e-02,3.288869e-02,1.090829e-03,3.127107e-02,4.262080e-01,2.013771e-02,1.710300e-01,3.016536e-03,1.247596e-03,8.001211e-02,1.868513e-03
3.072286e-03,3.023227e-02,5.691373e-02,1.016728e-01,7.434297e-02,3.343810e-02,1.584628e-03,3.092807e-02,4.683932e-01,1.554393e-02,1.210442e-01,2.170325e-03,1.361192e-03,5.605810e-02,3.244233e-03
6.283500e-03,3.007881e-02,6.060361e-02,1.113810e-01,9.036720e-02,2.931074e-02,4.569179e-03,7.205766e-02,4.537975e-01,1.123788e-02,8.560932e-02,1.591360e-03,1.277120e-03,3.925816e-02,2.577052e-03
9.830009e-03,2.273421e-02,7.388398e-02,9.410373e-02,8.636186e-02,2.623304e-02,3.573858e-03,2.545554e-01,3.287977e-01,8.081586e-03,6.019048e-02,1.162993e-03,9.772879e-04,2.750477e-02,2.009120e-03
6.920401e-03,1.725748e-02,8.250591e-02,2.004784e-01,6.137846e-02,1.846696e-02,2.551040e-03,1.963587e-01,2.314874e-01,8.067042e-03,1.462182e-01,3.024510e-03,2.165356e-03,2.145650e-02,1.663601e-03
4.950101e-03,1.306838e-02,6.296586e-02,2.300602e-01,4.724528e-02,1.327351e-02,1.901364e-03,1.584276e-01,1.629935e-01,7.655677e-03,2.616954e-01,5.460133e-03,3.464266e-03,2.535727e-02,1.481427e-03
3.678881e-03,9.539596e-03,4.560024e-02,1.941713e-01,3.521172e-02,9.866819e-03,1.429977e-03,1.245844e-01,1.152020e-01,6.703341e-03,3.638324e-01,7.344258e-03,5.398643e-03,7.597658e-02,1.459916e-03
3.178564e-03,6.912606e-03,3.268063e-02,1.517661e-01,2.714111e-02,8.754043e-03,1.062154e-03,9.575911e-02,8.232496e-02,6.807909e-03,4.731811e-01,1.038369e-02,6.580825e-03,9.218016e-02,1.287031e-03
3.642934e-03,5.043687e-03,2.353284e-02,1.129842e-01,2.071700e-02,7.427843e-03,8.396456e-04,6.825916e-02,6.062730e-02,7.999366e-03,5.819166e-01,1.274236e-02,7.990049e-03,8.506499e-02,1.212135e-03
4.585418e-03,4.381321e-03,1.755903e-02,8.020599e-02,1.634461e-02,6.946116e-03,6.039003e-04,4.817434e-02,4.775921e-02,6.486082e-03,5.788614e-01,1.391174e-02,7.103239e-03,1.652255e-01,1.852194e-03
6.709450e-03,3.615438e-03,1.286316e-02,5.813529e-02,1.241085e-02,8.046408e-03,4.373089e-04,3.400756e-02,3.667677e-02,5.944330e-03,5.618300e-01,1.204093e-02,6.660903e-03,2.388060e-01,1.815549e-03
5.860789e-03,3.166427e-03,9.251550e-03,4.141289e-02,9.524667e-03,1.213957e-02,3.337870e-04,2.396885e-02,2.957184e-02,6.189776e-03,5.464038e-01,1.136076e-02,7.038015e-03,2.914055e-01,2.371838e-03
4.667398e-03,9.355491e-03,7.583995e-03,2.920627e-02,1.027147e-02,1.242654e-02,2.820623e-04,1.703213e-02,3.964107e-02,5.864271e-03,5.391786e-01,1.287036e-02,5.863723e-03,3.036175e-01,2.139062e-03
3.666022e-03,7.363085e-03,5.852376e-03,2.048476e-02,7.752527e-03,1.425296e-02,2.205665e-04,1.209032e-02,4.876672e-02,4.757503e-03,5.105408e-01,1.191794e-02,4.602802e-03,3.460336e-01,1.697999e-03
2.700781e-03,7.077243e-03,4.204690e-03,1.436483e-02,5.674112e-03,1.208096e-02,1.590977e-04,8.475520e-03,5.847583e-02,4.000762e-03,4.695157e-01,1.254032e-02,3.320226e-03,3.960435e-01,1.366411e-03
2.139214e-03,1.472851e-02,6.828915e-03,1.009010e-02,4.266553e-03,2.378758e-02,1.430200e-04,6.275544e-03,1.023653e-01,3.276846e-03,3.953239e-01,1.073276e-02,2.427210e-03,4.163145e-01,1.299997e-03
2.413517e-03,1.215153e-02,9.101630e-02,8.089187e-03,3.266891e-03,4.859374e-02,2.496492e-04,7.695599e-03,1.665723e-01,4.081345e-03,3.038677e-01,7.847492e-03,1.838308e-03,3.411588e-01,1.157541e-03
2.638838e-03,9.180290e-03,6.666293e-02,5.929611e-03,2.538814e-03,3.580042e-02,1.906188e-04,6.120233e-03,3.013163e-01,3.676155e-03,2.403872e-01,5.598983e-03,1.364004e-03,3.176439e-01,9.516535e-04
2.913378e-03,9.929594e-03,4.788503e-02,4.352862e-03,2.136249e-03,2.673147e-02,1.416958e-04,4.555626e-03,4.454752e-01,4.262461e-03,1.822731e-01,3.989003e-03,1.007373e-03,2.630286e-01,1.318312e-03
2.569831e-03,9.824926e-03,3.425770e-02,3.218650e-03,1.673666e-03,2.101166e-02,1.029533e-04,3.263912e-03,5.740023e-01,4.467579e-03,1.330045e-01,2.839947e-03,7.467074e-04,2.074001e-01,1.615635e-03
3.025160e-03,8.523050e-03,4.418480e-02,3.937801e-03,1.477929e-03,1.699019e-02,1.067626e-04,3.274626e-03,6.456122e-01,4.811971e-03,9.726223e-02,2.034916e-03,6.020520e-04,1.667064e-01,1.449795e-03
4.186701e-03,7.601647e-03,3.692818e-02,3.192035e-03,1.479742e-03,1.476410e-02,8.632025e-05,2.641962e-03,6.892211e-01,3.831471e-03,7.265794e-02,1.454920e-03,4.755745e-04,1.601849e-01,1.293380e-03
4.747109e-03,6.864724e-03,3.222829e-02,2.768924e-03,1.633751e-03,1.179836e-02,6.657267e-05,2.313945e-03,7.402557e-01,2.889793e-03,5.312469e-02,1.036089e-03,3.578081e-04,1.386877e-01,1.226570e-03
