1.000000e+00,0.000000e+00,0.000000e+00,0.000000e+00,0.000000e+00,0.000000e+00,0.000000e+00,0.000000e+00,0.000000e+00,0.000000e+00,0.000000e+00,0.000000e+00,0.000000e+00,0.000000e+00,0.000000e+00
1.000000e+00,0.000000e+00,0.000000e+00,0.000000e+00,0.000000e+00,0.000000e+00,0.000000e+00,0.000000e+00,0.000000e+00,0.000000e+00,0.000000e+00,0.000000e+00,0.000000e+00,0.000000e+00,0.000000e+00
1.000000e+00,0.000000e+00,0.000000e+00,0.000000e+00,0.000000e+00,0.000000e+00,0.000000e+00,0.000000e+00,0.000000e+00,0.000000e+00,0.000000e+00,0.000000e+00,0.000000e+00,0.000000e+00,0.000000e+00
1.000000e+00,0.000000e+00,0.000000e+00,0.000000e+00,0.000000e+00,0.000000e+00,0.000000e+00,0.000000e+00,0.000000e+00,0.000000e+00,0.000000e+00,0.000000e+00,0.000000e+00,0.000000e+00,0.000000e+00
1.000000e+00,0.000000e+00,0.000000e+00,0.000000e+00,0.000000e+00,0.000000e+00,0.000000e+00,0.000000e+00,0.000000e+00,0.000000e+00,0.000000e+00,0.000000e+00,0.000000e+00,0.000000e+00,0.000000e+00
1.000000e+00,0.000000e+00,0.000000e+00,0.000000e+00,0.000000e+00,0.000000e+00,0.000000e+00,0.000000e+00,0.000000e+00,0.000000e+00,0.000000e+00,0.000000e+00,0.000000e+00,0.000000e+00,0.000000e+00
1.000000e+00,0.000000e+00,0.000000e+00,0.000000e+00,0.000000e+00,0.000000e+00,0.000000e+00,0.000000e+00,0.000000e+00,0.000000e+00,0.000000e+00,0.000000e+00,0.000000e+00,0.000000e+00,0.000000e+00
1.000000e+00,0.000000e+00,0.000000e+00,0.000000e+00,0.000000e+00,0.000000e+00,0.000000e+00,0.000000e+00,0.000000e+00,0.000000e+00,0.000000e+00,0.000000e+00,0.000000e+00,0.000000e+00,0.000000e+00
1.000000e+00,0.000000e+00,0.000000e+00,0.000000e+00,0.000000e+00,0.000000e+00,0.000000e+00,0.000000e+00,0.000000e+00,0.000000e+00,0.000000e+00,0.000000e+00,0.000000e+00,0.000000e+00,0.000000e+00
1.000000e+00,0.000000e+00,0.000000e+00,0.000000e+00,0.000000e+00,0.000000e+00,0.000000e+00,0.000000e+00,0.000000e+00,0.000000e+00,0.000000e+00,0.000000e+00,0.000000e+00,0.000000e+00,0.000000e+00
1.000000e+00,0.000000e+00,0.000000e+00,0.000000e+00,0.000000e+00,0.000000e+00,0.000000e+00,0.000000e+00,0.000000e+00,0.000000e+00,0.000000e+00,0.000000e+00,0.000000e+00,0.000000e+00,0.000000e+00
1.000000e+00,0.000000e+00,0.000000e+00,0.000000e+00,0.000000e+00,0.000000e+00,0.000000e+00,0.000000e+00,0.000000e+00,0.000000e+00,0.000000e+00,0.000000e+00,0.000000e+00,0.000000e+00,0.000000e+00
1.000000e+00,0.000000e+00,0.000000e+00,0.000000e+00,0.000000e+00,0.000000e+00,0.000000e+00,0.000000e+00,0.000000e+00,0.000000e+00,0.000000e+00,0.000000e+00,0.000000e+00,0.000000e+00,0.000000e+00
1.000000e+00,0.000000e+00,0.000000e+00,0.000000e+00,0.000000e+00,0.000000e+00,0.000000e+00,0.000000e+00,0.000000e+00,0.000000e+00,0.000000e+00,0.000000e+00,0.000000e+00,0.000000e+00,0.000000e+00
1.000000e+00,0.000000e+00,0.000000e+00,0.000000e+00,0.000000e+00,0.000000e+00,0.000000e+00,0.000000e+00,0.000000e+00,0.000000e+00,0.000000e+00,0.000000e+00,0.000000e+00,0.000000e+00,0.000000e+00
1.000000e+00,0.000000e+00,0.000000e+00,0.000000e+00,0.000000e+00,0.000000e+00,0.000000e+00,0.000000e+00,0.000000e+00,0.000000e+00,0.000000e+00,0.000000e+00,0.000000e+00,0.000000e+00,0.000000e+00
1.000000e+00,0.000000e+00,0.000000e+00,0.000000e+00,0.000000e+00,0.000000e+00,0.000000e+00,0.000000e+00,0.000000e+00,0.000000e+00,0.000000e+00,0.000000e+00,0.000000e+00,0.000000e+00,0.000000e+00
1.000000e+00,0.000000e+00,0.000000e+00,0.000000e+00,0.000000e+00,0.000000e+00,0.000000e+00,0.000000e+00,0.000000e+00,0.000000e+00,0.000000e+00,0.000000e+00,0.000000e+00,0.000000e+00,0.000000e+00
1.000000e+00,0.000000e+00,0.000000e+00,0.000000e+00,0.000000e+00,0.000000e+00,0.000000e+00,0.000000e+00,0.000000e+00,0.000000e+00,0.000000e+00,0.000000e+00,0.000000e+00,0.000000e+00,0.000000e+00
1.000000e+00,0.000000e+00,0.000000e+00,0.000000e+00,0.000000e+00,0.000000e+00,0.000000e+00,0.000000e+00,0.000000e+00,0.000000e+00,0.000000e+00,0.000000e+00,0.000000e+00,0.000000e+00,0.000000e+00
1.000000e+00,0.000000e+00,0.000000e+00,0.000000e+00,0.000000e+00,0.000000e+00,0.000000e+00,0.000000e+00,0.000000e+00,0.000000e+00,0.000000e+00,0.000000e+00,0.000000e+00,0.000000e+00,0.000000e+00
1.000000e+00,0.000000e+00,0.000000e+00,0.000000e+00,0.000000e+00,0.000000e+00,0.000000e+00,0.000000e+00,0.000000e+00,0.000000e+00,0.000000e+00,0.000000e+00,0.000000e+00,0.000000e+00,0.000000e+00
1.000000e+00,0.000000e+00,0.000000e+00,0.000000e+00,0.000000e+00,0.000000e+00,0.000000e+00,0.000000e+00,0.000000e+00,0.000000e+00,0.000000e+00,0.000000e+00,0.000000e+00,0.000000e+00,0.000000e+00
1.000000e+00,0.000000e+00,0.000000e+00,0.000000e+00,0.000000e+00,0.000000e+00,0.000000e+00,0.000000e+00,0.000000e+00,0.000000e+00,0.000000e+00,0.000000e+00,0.000000e+00,0.000000e+00,0.000000e+00
1.000000e+00,0.000000e+00,0.000000e+00,0.000000e+00,0.000000e+00,0.000000e+00,0.000000e+00,0.000000e+00,0.000000e+00,0.000000e+00,0.000000e+00,0.000000e+00,0.000000e+00,0.000000e+00,0.000000e+00
1.000000e+00,0.000000e+00,0.000000e+00,0.000000e+00,0.000000e+00,0.000000e+00,0.000000e+00,0.000000e+00,0.000000e+00,0.000000e+00,0.000000e+00,0.000000e+00,0.000000e+00,0.000000e+00,0.000000e+00
1.000000e+00,0.000000e+00,0.000000e+00,0.000000e+00,0.000000e+00,0.000000e+00,0.000000e+00,0.000000e+00,0.000000e+00,0.000000e+00,0.000000e+00,0.000000e+00,0.000000e+00,0.000000e+00,0.000000e+00
1.000000e+00,0.000000e+00,0.000000e+00,0.000000e+00,0.000000e+00,0.000000e+00,0.000000e+00,0.000000e+00,0.000000e+00,0.000000e+00,0.000000e+00,0.000000e+00,0.000000e+00,0.000000e+00,0.000000e+00
1.000000e+00,0.000000e+00,0.000000e+00,0.000000e+00,0.000000e+00,0.000000e+00,0.000000e+00,0.000000e+00,0.000000e+00,0.000000e+00,0.000000e+00,0.000000e+00,0.000000e+00,0.000000e+00,0.000000e+00
1.000000e+00,0.000000e+00,0.000000e+00,0.000000e+00,0.000000e+00,0.000000e+00,0.000000e+00,0.000000e+00,0.000000e+00,0.000000e+00,0.000000e+00,0.000000e+00,0.000000e+00,0.000000e+00,0.000000e+00
1.000000e+00,0.000000e+00,0.000000e+00,0.000000e+00,0.000000e+00,0.000000e+00,0.000000e+00,0.000000e+00,0.000000e+00,0.000000e+00,0.000000e+00,0.000000e+00,0.000000e+00,0.000000e+00,0.000000e+00
1.000000e+00,0.000000e+00,0.000000e+00,0.000000e+00,0.000000e+00,0.000000e+00,0.000000e+00,0.000000e+00,0.000000e+00,0.000000e+00,0.000000e+00,0.000000e+00,0.000000e+00,0.000000e+00,0.000000e+00
1.000000e+00,0.000000e+00,0.000000e+00,0.000000e+00,0.000000e+00,0.000000e+00,0.000000e+00,0.000000e+00,0.000000e+00,0.000000e+00,0.000000e+00,0.000000e+00,0.000000e+00,0.000000e+00,0.000000e+00
1.000000e+00,0.000000e+00,0.000000e+00,0.000000e+00,0.000000e+00,0.000000e+00,0.000000e+00,0.000000e+00,0.000000e+00,0.000000e+00,0.000000e+00,0.000000e+00,0.000000e+00,0.000000e+00,0.000000e+00
1.000000e+00,0.000000e+00,0.000000e+00,0.000000e+00,0.000000e+00,0.000000e+00,0.000000e+00,0.000000e+00,0.000000e+00,0.000000e+00,0.000000e+00,0.000000e+00,0.000000e+00,0.000000e+00,0.000000e+00
1.000000e+00,0.000000e+00,0.000000e+00,0.000000e+00,0.000000e+00,0.000000e+00,0.000000e+00,0.000000e+00,0.000000e+00,0.000000e+00,0.000000e+00,0.000000e+00,0.000000e+00,0.000000e+00,0.000000e+00
1.000000e+00,0.000000e+00,0.000000e+00,0.000000e+00,0.000000e+00,0.000000e+00,0.000000e+00,0.000000e+00,0.000000e+00,0.000000e+00,0.000000e+00,0.000000e+00,0.000000e+00,0.000000e+00,0.000000e+00
1.000000e+00,0.000000e+00,0.000000e+00,0.000000e+00,0.000000e+00,0.000000e+00,0.000000e+00,0.000000e+00,0.000000e+00,0.000000e+00,0.000000e+00,0.000000e+00,0.000000e+00,0.000000e+00,0.000000e+00
1.000000e+00,0.000000e+00,0.000000e+00,0.000000e+00,0.000000e+00,0.000000e+00,0.000000e+00,0.000000e+00,0.000000e+00,0.000000e+00,0.000000e+00,0.000000e+00,0.000000e+00,0.000000e+00,0.000000e+00
1.000000e+00,0.000000e+00,0.000000e+00,0.000000e+00,0.000000e+00,0.000000e+00,0.000000e+00,0.000000e+00,0.000000e+00,0.000000e+00,0.000000e+00,0.000000e+00,0.000000e+00,0.000000e+00,0.000000e+00
1.000000e+00,0.000000e+00,0.000000e+00,0.000000e+00,0.000000e+00,0.000000e+00,0.000000e+00,0.000000e+00,0.000000e+00,0.000000e+00,0.000000e+00,0.000000e+00,0.000000e+00,0.000000e+00,0.000000e+00
1.000000e+00,0.000000e+00,0.000000e+00,0.000000e+00,0.000000e+00,0.000000e+00,0.000000e+00,0.000000e+00,0.000000e+00,0.000000e+00,0.000000e+00,0.000000e+00,0.000000e+00,0.000000e+00,0.000000e+00
1.000000e+00,0.000000e+00,0.000000e+00,0.000000e+00,0.000000e+00,0.000000e+00,0.000000e+00,0.000000e+00,0.000000e+00,0.000000e+00,0.000000e+00,0.000000e+00,0.000000e+00,0.000000e+00,0.000000e+00
1.000000e+00,0.000000e+00,0.000000e+00,0.000000e+00,0.000000e+00,0.000000e+00,0.000000e+00,0.000000e+00,0.000000e+00,0.000000e+00,0.000000e+00,0.000000e+00,0.000000e+00,0.000000e+00,0.000000e+00
1.000000e+00,0.000000e+00,0.000000e+00,0.000000e+00,0.000000e+00,0.000000e+00,0.000000e+00,0.000000e+00,0.000000e+00,0.000000e+00,0.000000e+00,0.000000e+00,0.000000e+00,0.000000e+00,0.000000e+00
1.000000e+00,0.000000e+00,0.000000e+00,0.000000e+00,0.000000e+00,0.000000e+00,0.000000e+00,0.000000e+00,0.000000e+00,0.000000e+00,0.000000e+00,0.000000e+00,0.000000e+00,0.000000e+00,0.000000e+00
1.000000e+00,0.000000e+00,0.000000e+00,0.000000e+00,0.000000e+00,0.000000e+00,0.000000e+00,0.000000e+00,0.000000e+00,0.000000e+00,0.000000e+00,0.000000e+00,0.000000e+00,0.000000e+00,0.000000e+00
1.000000e+00,0.000000e+00,0.000000e+00,0.000000e+00,0.000000e+00,0.000000e+00,0.000000e+00,0.000000e+00,0.000000e+00,0.000000e+00,0.000000e+00,0.000000e+00,0.000000e+00,0.000000e+00,0.000000e+00
1.000000e+00,0.000000e+00,0.000000e+00,0.000000e+00,0.000000e+00,0.000000e+00,0.000000e+00,0.000000e+00,0.000000e+00,0.000000e+00,0.000000e+00,0.000000e+00,0.000000e+00,0.000000e+00,0.000000e+00
1.000000e+00,0.000000e+00,0.000000e+00,0.000000e+00,0.000000e+00,0.000000e+00,0.000000e+00,0.000000e+00,0.000000e+00,0.000000e+00,0.000000e+00,0.000000e+00,0.000000e+00,0.000000e+00,0.000000e+00
1.000000e+00,0.000000e+00,0.000000e+00,0.000000e+00,0.000000e+00,0.000000e+00,0.000000e+00,0.000000e+00,0.000000e+00,0.000000e+00,0.000000e+00,0.000000e+00,0.000000e+00,0.000000e+00,0.000000e+00
3.781996e-01,1.294798e-02,3.146521e-02,4.564098e-02,4.772794e-03,8.893856e-03,2.929352e-03,4.737566e-01,2.921478e-03,1.008956e-03,5.922137e-03,1.080766e-02,9.665960e-03,2.054204e-03,9.013199e-03
2.903283e-01,9.336571e-03,2.318520e-02,3.310404e-02,4.080177e-03,7.968209e-03,2.951890e-03,5.952953e-01,2.206164e-03,9.038905e-04,5.037527e-03,9.074250e-03,8.013725e-03,1.849196e-03,6.665592e-03
2.912158e-01,6.903897e-03,1.747899e-02,2.477168e-02,3.844264e-03,9.450910e-03,3.779475e-03,6.102300e-01,2.036674e-03,9.834021e-04,4.639821e-03,9.567181e-03,7.214711e-03,1.938017e-03,5.945141e-03
3.225065e-01,5.379810e-03,1.308410e-02,2.006747e-02,5.890455e-03,9.158319e-03,3.580274e-03,5.800000e-01,3.701819e-03,1.157977e-03,6.638762e-03,1.194857e-02,9.536050e-03,2.264978e-03,5.084889e-03
2.853844e-01,4.420951e-03,9.709999e-03,1.710807e-02,1.173082e-02,8.787208e-03,2.915144e-03,6.050013e-01,3.617353e-03,1.289201e-03,1.162397e-02,1.663746e-02,1.452507e-02,3.142976e-03,4.106120e-03
2.149711e-01,8.491993e-03,7.871756e-03,1.388607e-01,3.357938e-02,7.155148e-03,2.241073e-03,4.808752e-01,1.725553e-02,2.288631e-03,2.944546e-02,2.653764e-02,2.221710e-02,3.685110e-03,4.524198e-03
1.506225e-01,6.602623e-03,5.712550e-03,1.793561e-01,2.422175e-02,5.447543e-03,1.643650e-03,3.367022e-01,3.074427e-02,1.895684e-03,8.668211e-02,1.119068e-01,5.153616e-02,3.249547e-03,3.676546e-03
1.057692e-01,8.810602e-03,4.385758e-03,2.003333e-01,1.779933e-02,5.095932e-03,1.220982e-03,2.358646e-01,1.165852e-01,1.537981e-03,9.455264e-02,1.540420e-01,4.521069e-02,3.701944e-03,5.089859e-03
7.475804e-02,9.274090e-03,3.226092e-03,1.672724e-01,1.433380e-02,4.468553e-03,8.953351e-04,1.652747e-01,1.940553e-01,1.491749e-03,1.507555e-01,1.518565e-01,3.834413e-02,1.931161e-02,4.682250e-03
5.329302e-02,1.800267e-02,2.457459e-03,1.355258e-01,1.115513e-02,5.595060e-03,7.149163e-04,1.159453e-01,2.886603e-01,1.843597e-03,1.744615e-01,1.381989e-01,3.068138e-02,1.725106e-02,6.214074e-03
3.798512e-02,2.249500e-02,1.987377e-03,1.271148e-01,9.862367e-03,6.502740e-03,5.489153e-04,8.130744e-02,3.510750e-01,2.026709e-03,1.751868e-01,1.366269e-01,2.466142e-02,1.577394e-02,6.845484e-03
2.871701e-02,1.906155e-02,1.759841e-03,9.769462e-02,9.576151e-03,6.476784e-03,5.754641e-04,5.713525e-02,3.859429e-01,1.799509e-03,2.052918e-01,1.440977e-01,2.137035e-02,1.438750e-02,6.113494e-03
2.553524e-02,1.910126e-02,1.680297e-03,8.459472e-02,9.958859e-03,9.966195e-03,4.878790e-04,4.020660e-02,3.391404e-01,1.948527e-03,2.311936e-01,1.949638e-01,1.851596e-02,1.557094e-02,7.135672e-03
2.407805e-02,1.831967e-02,1.892371e-03,6.972036e-02,1.141178e-02,1.250835e-02,5.494509e-04,2.856819e-02,3.127123e-01,6.329309e-03,2.500020e-01,2.098566e-01,2.463523e-02,1.752829e-02,1.188813e-02
3.631034e-02,2.914300e-02,4.163242e-03,5.333183e-02,1.887954e-02,1.030184e-02,8.538911e-04,2.501855e-02,3.335879e-01,1.229447e-02,2.232810e-01,1.873328e-01,2.495147e-02,2.318874e-02,1.736138e-02
9.677342e-02,3.192789e-02,6.332253e-03,4.304623e-02,2.341627e-02,9.767759e-03,1.790427e-03,2.590955e-02,2.998459e-01,1.854569e-02,1.918019e-01,1.783785e-01,2.561490e-02,3.105998e-02,1.578939e-02
1.159176e-01,6.752131e-02,6.390552e-03,3.304934e-02,2.063690e-02,1.229104e-02,1.662350e-03,2.967798e-02,2.928860e-01,2.118952e-02,1.679795e-01,1.557393e-01,2.448048e-02,3.763106e-02,1.294695e-02
1.157549e-01,7.186145e-02,5.801944e-03,2.935293e-02,1.785316e-02,1.655465e-02,1.341998e-03,2.321903e-02,3.229038e-01,2.118080e-02,1.488018e-01,1.491837e-01,2.291040e-02,3.898369e-02,1.429566e-02
8.566593e-02,8.364438e-02,9.361707e-03,2.247186e-02,1.414196e-02,1.467976e-02,9.935991e-04,1.845648e-02,3.492800e-01,1.986692e-02,1.273950e-01,1.181383e-01,2.029431e-02,9.476683e-02,2.084298e-02
6.076341e-02,6.060624e-02,7.918168e-03,1.613949e-02,1.109415e-02,1.143764e-02,7.337912e-04,1.447017e-02,2.664576e-01,1.465682e-02,9.942746e-02,8.740819e-02,1.602650e-02,3.005682e-01,3.229212e-02
4.365538e-02,4.351448e-02,7.117608e-03,1.162945e-02,8.948248e-03,8.732921e-03,6.027789e-04,1.273940e-02,1.975929e-01,1.166213e-02,8.919242e-02,6.307611e-02,1.243257e-02,4.510292e-01,3.807435e-02
4.256751e-02,3.829987e-02,6.310210e-02,9.449659e-03,8.053820e-03,8.188418e-03,7.537837e-04,1.074095e-02,1.466255e-01,1.127904e-02,6.927188e-02,4.462818e-02,9.969543e-03,4.868680e-01,5.020172e-02
5.631162e-02,3.074279e-02,1.077806e-01,8.998595e-03,9.146059e-03,1.348007e-02,7.567256e-04,8.959399e-03,1.064219e-01,1.391396e-02,5.325384e-02,3.133949e-02,7.697705e-03,4.828154e-01,6.838177e-02
6.781629e-02,2.905492e-02,1.274958e-01,9.192047e-03,1.515319e-02,3.877692e-02,8.256331e-04,8.543163e-03,7.881173e-02,1.356502e-02,3.978211e-02,2.213967e-02,6.185563e-03,4.812511e-01,6.140676e-02
7.936347e-02,7.178450e-02,1.101936e-01,7.072338e-03,1.593125e-02,4.223585e-02,7.651842e-04,7.651738e-03,6.034413e-02,1.084149e-02,2.988559e-02,1.561199e-02,5.819020e-03,4.831151e-01,5.938469e-02
7.513330e-02,1.331326e-01,1.758863e-01,9.084957e-03,1.749977e-02,4.137406e-02,7.943410e-04,1.147809e-02,4.859135e-02,1.268090e-02,2.189706e-02,1.106240e-02,4.868395e-03,3.546709e-01,8.184567e-02
6.573540e-02,1.406114e-01,3.062720e-01,1.591936e-02,2.600851e-02,3.863923e-02,1.854812e-03,1.272626e-02,3.707386e-02,9.585385e-03,1.555745e-02,7.844849e-03,3.895898e-03,2.501132e-01,6.816249e-02
7.517236e-02,1.377547e-01,3.326128e-01,2.284831e-02,5.819768e-02,4.705157e-02,7.670075e-03,1.692151e-02,3.538686e-02,8.051849e-03,1.106630e-02,5.554943e-03,3.665539e-03,1.817970e-01,5.624857e-02
6.186999e-02,1.008454e-01,2.449193e-01,2.098339e-02,5.129621e-02,2.653871e-01,5.713227e-03,1.231681e-02,2.730536e-02,7.411318e-03,8.504931e-03,4.110898e-03,3.016412e-03,1.301494e-01,5.617016e-02
5.285752e-02,1.061326e-01,1.885792e-01,1.718640e-02,3.917050e-02,2.297317e-01,4.211455e-03,9.436621e-03,6.000547e-02,1.725913e-02,6.705463e-02,5.610794e-03,4.443848e-03,1.200750e-01,7.824510e-02
6.061693e-02,9.425493e-02,1.568806e-01,1.492406e-02,3.263690e-02,2.281338e-01,3.469325e-03,9.475354e-03,6.067733e-02,6.184017e-02,7.290525e-02,5.907715e-03,4.984795e-03,1.060319e-01,8.726099e-02
7.818376e-02,7.888153e-02,1.658814e-01,1.371880e-02,3.382456e-02,2.011579e-01,3.296320e-03,9.420708e-03,6.299581e-02,8.119351e-02,5.833390e-02,5.254631e-03,4.244047e-03,9.853873e-02,1.050744e-01
7.851458e-02,7.565542e-02,1.379915e-01,1.504906e-02,3.440990e-02,1.556576e-01,2.626490e-03,7.744031e-03,9.227595e-02,9.419002e-02,5.494820e-02,5.572600e-03,5.197692e-03,8.721761e-02,1.529493e-01
7.645959e-02,5.917436e-02,1.695650e-01,6.998582e-02,4.512458e-02,1.171940e-01,2.216907e-03,7.455822e-03,1.229465e-01,8.234370e-02,4.233414e-02,4.381370e-03,4.325166e-03,7.000671e-02,1.264862e-01
1.257028e-01,5.006438e-02,1.390204e-01,5.922390e-02,6.741160e-02,8.990752e-02,1.959720e-03,6.609313e-03,1.750831e-01,7.790855e-02,3.403810e-02,3.800575e-03,3.347815e-03,6.472830e-02,1.011939e-01
1.118436e-01,8.197053e-02,1.327540e-01,1.378799e-01,9.052378e-02,6.759867e-02,2.532679e-03,7.788674e-03,1.406184e-01,5.961271e-02,2.597578e-02,4.097080e-03,3.431594e-03,4.664147e-02,8.673118e-02
2.190231e-01,6.979840e-02,1.188445e-01,1.101314e-01,8.251432e-02,5.218155e-02,2.097454e-03,7.532797e-03,1.137172e-01,6.836423e-02,2.802854e-02,5.725596e-03,3.815871e-03,3.641965e-02,8.180533e-02
2.891362e-01,5.686717e-02,9.136649e-02,9.132767e-02,7.244122e-02,4.234399e-02,2.234666e-03,7.296921e-03,9.727160e-02,8.028594e-02,3.239791e-02,1.049231e-02,5.780542e-03,2.993480e-02,9.082258e-02
2.240479e-01,8.190542e-02,7.718340e-02,1.826930e-01,6.295395e-02,3.211828e-02,2.742992e-03,5.923897e-03,7.881828e-02,6.375477e-02,2.633276e-02,1.162968e-02,5.856113e-03,2.191233e-02,1.221271e-01
1.637520e-01,7.281400e-02,5.820093e-02,1.420706e-01,4.551677e-02,2.321481e-02,2.024826e-03,4.254357e-03,6.069990e-02,4.973460e-02,2.086340e-02,1.137224e-02,6.095968e-03,2.547240e-02,3.139131e-01
1.379433e-01,6.276825e-02,4.538645e-02,1.025180e-01,3.294206e-02,2.009399e-02,1.600849e-03,3.297308e-03,4.920790e-02,4.272034e-02,1.902126e-02,1.246310e-02,6.880045e-03,8.170662e-02,3.814505e-01
9.883367e-02,4.446979e-02,3.253039e-02,7.187467e-02,2.321754e-02,1.434281e-02,1.156175e-03,2.325790e-03,3.795297e-02,5.391431e-02,1.454401e-02,9.167834e-03,5.241303e-03,1.853455e-01,4.050832e-01
7.275464e-02,3.377645e-02,2.355510e-02,5.620393e-02,1.643105e-02,1.037770e-02,8.664133e-04,1.712730e-03,5.315365e-02,4.480732e-02,1.291699e-02,7.832956e-03,5.574143e-03,1.349384e-01,5.250986e-01
5.436791e-02,3.673346e-02,1.710527e-02,4.058133e-02,1.185503e-02,7.756795e-03,6.499116e-04,1.296784e-03,7.163855e-02,5.366115e-02,1.096636e-02,5.923291e-03,5.038305e-03,2.124421e-01,4.699837e-01
3.969805e-02,3.310063e-02,1.214647e-02,2.963330e-02,8.470726e-03,5.646324e-03,4.729011e-04,9.363216e-04,1.336228e-01,5.545969e-02,8.640738e-03,4.486758e-03,4.049946e-03,1.895215e-01,4.741139e-01
3.065256e-02,2.835452e-02,8.624529e-03,2.137046e-02,6.123491e-03,4.904540e-03,3.608681e-04,6.796045e-04,1.749921e-01,5.663668e-02,6.813188e-03,3.664138e-03,3.681678e-03,1.685974e-01,4.845442e-01
2.393984e-02,3.817937e-02,8.393686e-03,2.750828e-02,4.563235e-03,3.842128e-03,2.876625e-04,5.345239e-04,3.117431e-01,4.673260e-02,6.245282e-03,3.051074e-03,3.201696e-03,1.400784e-01,3.816992e-01
2.215680e-02,3.826752e-02,7.122379e-03,2.055773e-02,3.348882e-03,3.386787e-03,2.312708e-04,4.360062e-04,3.123094e-01,6.363271e-02,7.055059e-03,2.868622e-03,4.285795e-03,1.163256e-01,3.980154e-01
5.370582e-02,3.312317e-02,2.409810e-02,1.708640e-02,3.766684e-03,3.789279e-03,5.928821e-04,1.802448e-03,2.390268e-01,7.947259e-02,1.307253e-02,4.109643e-03,1.031326e-02,1.590899e-01,3.569505e-01
1.097633e-01,3.110226e-02,2.409306e-02,1.629676e-02,2.125975e-02,5.003836e-03,1.234074e-03,3.849653e-03,1.766953e-01,7.661400e-02,1.507131e-02,4.912030e-03,2.957349e-02,1.791070e-01,3.054242e-01
9.464563e-02,2.303614e-02,1.920327e-02,1.325718e-02,2.099033e-02,4.558812e-03,1.524570e-03,4.524578e-03,1.353703e-01,1.744873e-01,1.418055e-02,4.219786e-03,2.747572e-02,1.632309e-01,2.992949e-01
7.086077e-02,1.964166e-02,1.792679e-02,1.080608e-02,1.664933e-02,3.671136e-03,1.240785e-03,3.763087e-03,1.891969e-01,2.669688e-01,1.342690e-02,3.734509e-03,2.278223e-02,1.224414e-01,2.368897e-01
5.114354e-02,2.030782e-02,1.612417e-02,8.492296e-03,1.390831e-02,4.051951e-03,9.765659e-04,3.138855e-03,1.689643e-01,3.951195e-01,1.736187e-02,3.285868e-03,2.035225e-02,9.080173e-02,1.859711e-01
4.089217e-02,3.497013e-02,3.236324e-02,2.669546e-02,1.765907e-02,5.196938e-03,1.126331e-03,1.404853e-02,2.512820e-01,3.306829e-01,1.672064e-02,3.116495e-03,2.186637e-02,6.493571e-02,1.384441e-01
5.142600e-02,3.085637e-02,1.362477e-01,3.529150e-02,2.198888e-02,1.820110e-02,1.450468e-03,1.830787e-02,1.923428e-01,2.731240e-01,2.797768e-02,3.108149e-03,1.752889e-02,4.886429e-02,1.232843e-01
4.824679e-02,2.667420e-02,2.065984e-01,9.598279e-02,2.286840e-02,1.717106e-02,1.589123e-03,1.606156e-02,1.766316e-01,2.185366e-01,2.195939e-02,2.536385e-03,1.347316e-02,3.473214e-02,9.693848e-02
9.291056e-02,3.429933e-02,2.132190e-01,1.149320e-01,3.166086e-02,2.139043e-02,2.449695e-03,1.312578e-02,1.556210e-01,1.843178e-01,2.041872e-02,3.262190e-03,1.119283e-02,2.566008e-02,7.553968e-02
7.949119e-02,3.218389e-02,2.912810e-01,1.607436e-01,2.858637e-02,1.965249e-02,2.191826e-03,1.074703e-02,1.223002e-01,1.475514e-01,1.638013e-02,2.821480e-03,8.478410e-03,1.824538e-02,5.934554e-02
7.645515e-02,3.564359e-02,3.541385e-01,1.521355e-01,2.661928e-02,1.994273e-02,3.248300e-03,8.990976e-03,9.665312e-02,1.266631e-01,1.870070e-02,6.401497e-03,8.929469e-03,1.317556e-02,5.230262e-02
6.500587e-02,8.660538e-02,3.256433e-01,1.172299e-01,2.674015e-02,1.854645e-02,6.718489e-03,6.964432e-03,1.107333e-01,1.292788e-01,1.546980e-02,6.950405e-03,2.464159e-02,9.528188e-03,4.994394e-02
6.157875e-02,1.327522e-01,2.758965e-01,8.681834e-02,3.121651e-02,1.662414e-02,9.446481e-03,5.664265e-03,1.610265e-01,1.158936e-01,1.232847e-02,5.936160e-03,3.029211e-02,6.983845e-03,4.754206e-02
9.444888e-02,1.571646e-01,2.360742e-01,6.756904e-02,4.820307e-02,2.917073e-02,1.192844e-02,8.404573e-03,1.705578e-01,9.351290e-02,9.551623e-03,4.974682e-03,2.369260e-02,5.335346e-03,3.941152e-02
1.021532e-01,1.398801e-01,2.850728e-01,5.308678e-02,4.021075e-02,3.252567e-02,9.523234e-03,7.337734e-03,1.489955e-01,1.105479e-01,7.645553e-03,4.521594e-03,1.755068e-02,3.986940e-03,3.696157e-02
1.155904e-01,1.302907e-01,2.156930e-01,4.364879e-02,3.116797e-02,3.805496e-02,7.490715e-03,6.488850e-03,1.289913e-01,2.004290e-01,1.000712e-02,5.925645e-03,1.605512e-02,3.295230e-03,4.687125e-02
8.468489e-02,9.759738e-02,1.691836e-01,5.321759e-02,2.288498e-02,3.157542e-02,5.427879e-03,5.311650e-03,9.619036e-02,3.322616e-01,2.389565e-02,7.527051e-03,2.208250e-02,2.608991e-03,4.555056e-02
6.219432e-02,7.120394e-02,1.277428e-01,4.878999e-02,1.677526e-02,2.601428e-02,3.964009e-03,4.370971e-03,7.418372e-02,4.300441e-01,4.532908e-02,1.076167e-02,3.608867e-02,2.243306e-03,4.029400e-02
4.989382e-02,6.291606e-02,1.111283e-01,7.588870e-02,1.496279e-02,2.074365e-02,2.974937e-03,4.185699e-03,1.292249e-01,3.585446e-01,6.272459e-02,9.755984e-03,3.341840e-02,5.536462e-03,5.810117e-02
3.950483e-02,4.646738e-02,2.529860e-01,9.519466e-02,1.374443e-02,1.595932e-02,2.434006e-03,4.310685e-03,9.620687e-02,2.757654e-01,6.097990e-02,9.441884e-03,3.543391e-02,4.833044e-03,4.673778e-02
3.180017e-02,3.539224e-02,2.625940e-01,7.829152e-02,1.154081e-02,1.312617e-02,2.222722e-03,3.911807e-03,7.896864e-02,3.125129e-01,6.698374e-02,8.737995e-03,3.494132e-02,4.956394e-03,5.401962e-02
2.874855e-02,3.022754e-02,2.881204e-01,1.120003e-01,1.015937e-02,1.251459e-02,2.243215e-03,4.888326e-03,7.186833e-02,2.346678e-01,7.175986e-02,1.047995e-02,3.562760e-02,1.792410e-02,6.877014e-02
2.574274e-02,2.678929e-02,2.359447e-01,9.982598e-02,9.318575e-03,1.015903e-02,2.112094e-03,8.399834e-03,7.041800e-02,2.197275e-01,8.863516e-02,1.273112e-02,3.559507e-02,6.924433e-02,8.535660e-02
1.934648e-02,2.485633e-02,1.672915e-01,7.436278e-02,6.890015e-03,7.846950e-03,1.611658e-03,1.157970e-02,1.415718e-01,1.599632e-01,7.045288e-02,1.117444e-02,2.919973e-02,1.101722e-01,1.636803e-01
1.547475e-02,2.625830e-02,1.202405e-01,6.043616e-02,5.542808e-03,6.112207e-03,1.241206e-03,9.309973e-03,2.459747e-01,1.167569e-01,5.484462e-02,8.826474e-03,2.245598e-02,1.005507e-01,2.059748e-01
1.215459e-02,2.267763e-02,8.557633e-02,5.707811e-02,4.256492e-03,5.712300e-03,9.423734e-04,7.078119e-03,3.444412e-01,9.111328e-02,6.125752e-02,7.564884e-03,2.194906e-02,7.591984e-02,2.022783e-01
9.206245e-03,1.863978e-02,6.078101e-02,5.364982e-02,3.091091e-03,5.463561e-03,6.979363e-04,5.378592e-03,3.679986e-01,6.829292e-02,8.531193e-02,8.550457e-03,3.059983e-02,5.844992e-02,2.238883e-01
6.889716e-03,1.666136e-02,4.723421e-02,4.719609e-02,2.415260e-03,4.485129e-03,6.465483e-04,7.256275e-03,3.259563e-01,5.044245e-02,9.002218e-02,1.304446e-02,3.696589e-02,5.092259e-02,2.998616e-01
5.487564e-03,3.414801e-02,3.843856e-02,4.317262e-02,2.257316e-03,9.010592e-03,5.624721e-04,9.253856e-03,3.757967e-01,3.616832e-02,6.989967e-02,1.209685e-02,2.964125e-02,4.798099e-02,2.860852e-01
4.358935e-03,4.570587e-02,2.864566e-02,5.926112e-02,2.030977e-03,9.472632e-03,4.688713e-04,7.404898e-03,4.584660e-01,2.625572e-02,5.102435e-02,8.994458e-03,2.452409e-02,3.914513e-02,2.342412e-01
3.312017e-03,4.029646e-02,2.112274e-02,8.172554e-02,2.267096e-03,1.227428e-02,3.704983e-04,6.271244e-03,5.354628e-01,1.926224e-02,3.735768e-02,6.455492e-03,1.837252e-02,3.055338e-02,1.848960e-01
4.496346e-03,4.054374e-02,1.669992e-02,7.409503e-02,1.375866e-02,1.686299e-02,4.147533e-04,8.123023e-03,6.044823e-01,1.417391e-02,2.782681e-02,4.616494e-03,1.365567e-02,2.269590e-02,1.375544e-01
3.810467e-03,3.317346e-02,1.378905e-02,1.115739e-01,2.268054e-02,1.327587e-02,5.388270e-04,2.175760e-02,6.222559e-01,1.016228e-02,2.036664e-02,3.255601e-03,9.806044e-03,1.607633e-02,9.747745e-02
5.927036e-03,3.808667e-02,1.137126e-02,1.402050e-01,3.172525e-02,1.382727e-02,6.157929e-04,2.517477e-02,6.133586e-01,9.495144e-03,1.557736e-02,2.355941e-03,8.247143e-03,1.164376e-02,7.238907e-02
1.133096e-02,4.121839e-02,9.716209e-03,1.274110e-01,6.475344e-02,1.630000e-02,1.035037e-03,2.831255e-02,5.988379e-01,1.037566e-02,1.202624e-02,1.772184e-03,7.569436e-03,8.490718e-03,6.085033e-02
1.492075e-02,3.561358e-02,7.908164e-03,1.022612e-01,8.105500e-02,1.680885e-02,1.065813e-03,3.421844e-02,6.237053e-01,1.027690e-02,8.959472e-03,1.327496e-03,6.340652e-03,6.192119e-03,4.934627e-02
2.108030e-02,3.482386e-02,6.195773e-03,9.511561e-02,8.336065e-02,1.584549e-02,1.020855e-03,5.901409e-02,6.175477e-01,8.475319e-03,6.637446e-03,1.020038e-03,5.822612e-03,4.473508e-03,3.956680e-02
2.724484e-02,2.823042e-02,5.679362e-03,8.111209e-02,9.328668e-02,1.496328e-02,1.710006e-03,1.298086e-01,5.662597e-01,6.508042e-03,4.947888e-03,7.954997e-04,5.331721e-03,3.196722e-03,3.092507e-02
3.042877e-02,2.393444e-02,8.031679e-03,9.071434e-02,9.911612e-02,1.217862e-02,2.250028e-03,2.348071e-01,4.592584e-01,5.020272e-03,3.695169e-03,6.006143e-04,4.096267e-03,2.274205e-03,2.359404e-02
3.991753e-02,2.224860e-02,1.991119e-02,9.757069e-02,1.001837e-01,1.167565e-02,3.009665e-03,2.940091e-01,3.784689e-01,4.980704e-03,2.976212e-03,5.492759e-04,3.601181e-03,1.656653e-03,1.924097e-02
5.210011e-02,5.228215e-02,2.694891e-02,8.084501e-02,1.046170e-01,1.492209e-02,3.291958e-03,2.618460e-01,3.659338e-01,6.568022e-03,2.660893e-03,5.991745e-04,4.575833e-03,1.274089e-03,2.153497e-02
6.731904e-02,9.523022e-02,3.337148e-02,7.486546e-02,9.863099e-02,1.533869e-02,3.156444e-03,1.972840e-01,3.723230e-01,9.764431e-03,3.062548e-03,9.130404e-04,4.183196e-03,1.085766e-03,2.347166e-02
7.899474e-02,1.193841e-01,3.582154e-02,6.741574e-02,9.694345e-02,1.618403e-02,3.114083e-03,1.448304e-01,3.815441e-01,1.757578e-02,3.003932e-03,1.198199e-03,4.159151e-03,9.812640e-04,2.884966e-02
9.885415e-02,1.408857e-01,2.892800e-02,5.852620e-02,8.330129e-02,1.993535e-02,2.672403e-03,1.061157e-01,3.960055e-01,2.347779e-02,2.948664e-03,1.467966e-03,4.308583e-03,1.210307e-03,3.136240e-02
1.097393e-01,1.637338e-01,2.169857e-02,4.643250e-02,7.225091e-02,2.337853e-02,2.327758e-03,7.656641e-02,4.146675e-01,2.269505e-02,3.611918e-03,2.013761e-03,3.573580e-03,2.185155e-03,3.512530e-02
8.757395e-02,1.991820e-01,8.144684e-02,9.720214e-02,5.275679e-02,2.020323e-02,1.866520e-03,5.521424e-02,2.983598e-01,4.195988e-02,3.092712e-03,2.763502e-03,5.017261e-03,1.872682e-03,5.148845e-02
8.394751e-02,1.841810e-01,9.519824e-02,7.030854e-02,3.738392e-02,2.164593e-02,1.419046e-03,3.931738e-02,2.336375e-01,1.071893e-01,6.006872e-03,2.911380e-03,5.412974e-03,8.724687e-03,1.027157e-01
6.497798e-02,1.682672e-01,8.195581e-02,5.330895e-02,2.642960e-02,1.889557e-02,1.079299e-03,2.785560e-02,2.217353e-01,1.117337e-01,6.575944e-03,2.545038e-03,5.633378e-03,1.080220e-02,1.982044e-01
5.213387e-02,1.337620e-01,6.769251e-02,3.740964e-02,1.863462e-02,1.430029e-02,8.733950e-04,1.976079e-02,1.830909e-01,1.231727e-01,2.435621e-02,1.987003e-03,6.361658e-03,6.105012e-02,2.554143e-01
4.322331e-02,1.064120e-01,5.025375e-02,2.625313e-02,1.320061e-02,1.145996e-02,7.654105e-04,1.404529e-02,1.482453e-01,1.017889e-01,3.508302e-02,1.497221e-03,6.018046e-03,1.268077e-01,3.149464e-01
3.081548e-02,7.579934e-02,3.546777e-02,1.838968e-02,9.267575e-03,8.222247e-03,5.611342e-04,9.844622e-03,1.140318e-01,7.743007e-02,2.688220e-02,1.065461e-03,4.353034e-03,1.598119e-01,4.280577e-01
2.171573e-02,5.378991e-02,2.508610e-02,1.289062e-02,6.508854e-03,5.856053e-03,3.991539e-04,6.897584e-03,8.722649e-02,5.620497e-02,1.943871e-02,7.538989e-04,3.122747e-03,1.244338e-01,5.756754e-01
1.576954e-02,3.984838e-02,1.836840e-02,9.034850e-03,4.613543e-03,4.262881e-03,2.833351e-04,4.834490e-03,6.739562e-02,4.098985e-02,1.471898e-02,5.349708e-04,2.329655e-03,9.769973e-02,6.793158e-01
1.133303e-02,2.916969e-02,1.361957e-02,6.331606e-03,3.299434e-03,3.345812e-03,2.071486e-04,3.387464e-03,8.620188e-02,3.039208e-02,1.061881e-02,3.799907e-04,1.857111e-03,8.158576e-02,7.182707e-01
8.192713e-03,2.120387e-02,9.718816e-03,4.444590e-03,2.456705e-03,2.625605e-03,1.560744e-04,2.373038e-03,1.138512e-01,2.167303e-02,7.931393e-03,2.768562e-04,1.603228e-03,7.294627e-02,7.305466e-01
6.235577e-03,1.807955e-02,1.664011e-02,3.270552e-03,2.053354e-03,2.243461e-03,1.814195e-04,1.767421e-03,2.114093e-01,1.586518e-02,8.237427e-03,8.614745e-04,2.685158e-03,5.561614e-02,6.548538e-01
4.591424e-03,1.636040e-02,1.358160e-02,2.459265e-03,1.571126e-03,1.918641e-03,1.440975e-04,1.400940e-03,3.666273e-01,1.138238e-02,6.634371e-03,7.451494e-04,2.480698e-03,4.094232e-02,5.291603e-01
3.515701e-03,1.376844e-02,8.724978e-02,2.360155e-03,1.761390e-03,2.248242e-03,1.564454e-04,2.259813e-03,4.341430e-01,9.009367e-03,7.217511e-03,8.454564e-04,2.463777e-03,3.018842e-02,4.028125e-01
4.142550e-03,1.393602e-02,7.050116e-02,1.960898e-03,1.944413e-03,7.085310e-03,1.707327e-04,1.996140e-03,5.242347e-01,1.034863e-02,9.836988e-03,1.339681e-03,3.245249e-03,3.325581e-02,3.160018e-01
3.638169e-03,1.474298e-02,5.476600e-02,1.975182e-03,1.854895e-03,7.161601e-03,1.581249e-04,1.710337e-03,6.342323e-01,1.198124e-02,8.235075e-03,1.565098e-03,3.061300e-03,2.552556e-02,2.293922e-01
2.692687e-03,1.409941e-02,6.287754e-02,8.063692e-03,1.665006e-03,5.178009e-03,1.193704e-04,1.260332e-03,6.973546e-01,1.490976e-02,6.043629e-03,1.480709e-03,2.762317e-03,1.808462e-02,1.634084e-01
6.799994e-03,4.113765e-02,5.176720e-02,8.892378e-03,6.322336e-03,6.635899e-03,1.907425e-04,1.305578e-03,6.614717e-01,3.899952e-02,4.971777e-03,1.311712e-03,3.768631e-03,1.398055e-02,1.524443e-01
6.893588e-03,3.755210e-02,7.804203e-02,4.630777e-02,1.192718e-02,5.616739e-03,2.162684e-04,5.311816e-03,6.344937e-01,3.263120e-02,4.263445e-03,1.016577e-03,3.382551e-03,1.001852e-02,1.223264e-01
6.872621e-03,2.911012e-02,6.658257e-02,3.925784e-02,1.036968e-02,4.280132e-03,1.784958e-04,4.223719e-03,4.955254e-01,2.912764e-02,5.045963e-03,8.514290e-04,2.975678e-03,9.509781e-03,2.960889e-01
3.293383e-02,3.742568e-02,5.604005e-02,4.988074e-02,2.797734e-02,5.824792e-03,3.061766e-04,1.271325e-02,4.160747e-01,2.523450e-02,6.224968e-03,1.721080e-03,4.317953e-03,8.455779e-03,3.148691e-01
4.421856e-02,3.435702e-02,5.964561e-02,7.710132e-02,3.059235e-02,8.095527e-03,3.604987e-04,1.336028e-02,3.472260e-01,2.433900e-02,8.966256e-03,1.849978e-03,3.905765e-03,1.493420e-02,3.310475e-01
4.925314e-02,4.777532e-02,5.636003e-02,1.566152e-01,2.467686e-02,6.542596e-03,3.813298e-04,1.056653e-02,2.919188e-01,2.047120e-02,9.294757e-03,2.183751e-03,3.636081e-03,1.207963e-02,3.082447e-01
1.347075e-01,5.634645e-02,4.454575e-02,1.691392e-01,2.776323e-02,6.962620e-03,6.693552e-04,1.057596e-02,2.252722e-01,1.722353e-02,9.675061e-03,3.193065e-03,4.322837e-03,1.031698e-02,2.792863e-01
1.236397e-01,6.453691e-02,4.813962e-02,1.657784e-01,2.415841e-02,6.746608e-03,8.062810e-04,7.955782e-03,1.748812e-01,1.610973e-02,8.110019e-03,2.993318e-03,3.836903e-03,8.964079e-03,3.433430e-01
2.308114e-01,6.417850e-02,4.568979e-02,1.359476e-01,2.948189e-02,1.190123e-02,2.148406e-03,9.750012e-03,1.322565e-01,1.320438e-02,8.017709e-03,7.129597e-03,2.006738e-02,8.770843e-03,2.806448e-01
2.050523e-01,1.326776e-01,4.255233e-02,1.447939e-01,2.633354e-02,1.099022e-02,2.153693e-03,7.200786e-03,9.871039e-02,1.895639e-02,6.700898e-03,7.155723e-03,1.586901e-02,8.441493e-03,2.724118e-01
2.304101e-01,1.161617e-01,3.773297e-02,1.180091e-01,2.297861e-02,1.410486e-02,2.376737e-03,7.033846e-03,7.802503e-02,1.695131e-02,7.799296e-03,1.320048e-02,5.176972e-02,1.771477e-02,2.657316e-01
2.593203e-01,9.184944e-02,2.976450e-02,9.764493e-02,2.018535e-02,2.109070e-02,2.270456e-03,6.548155e-03,6.874333e-02,1.311652e-02,8.806760e-03,2.496853e-02,1.049263e-01,1.949096e-02,2.312738e-01
2.754191e-01,7.066207e-02,2.398685e-02,8.224051e-02,1.690053e-02,3.248013e-02,2.644853e-03,7.229123e-03,7.576171e-02,9.966972e-03,1.030135e-02,2.705950e-02,1.698101e-01,1.706532e-02,1.784719e-01
3.326602e-01,5.229625e-02,1.772594e-02,6.640163e-02,1.649434e-02,4.701265e-02,2.897097e-03,6.289216e-03,6.070876e-02,7.293325e-03,1.032753e-02,2.633072e-02,2.098135e-01,1.246484e-02,1.312841e-01
2.569253e-01,3.757591e-02,1.319521e-02,4.730286e-02,1.337455e-02,4.132250e-02,3.248348e-03,6.467780e-03,4.461397e-02,5.203181e-03,7.965941e-03,2.320582e-02,3.968077e-01,9.153292e-03,9.363771e-02
1.858495e-01,2.708620e-02,9.441831e-03,3.332479e-02,1.059721e-02,4.023426e-02,2.433851e-03,4.964553e-03,3.326379e-02,3.697409e-03,5.783960e-03,2.216604e-02,5.461029e-01,6.499707e-03,6.855410e-02
1.361480e-01,2.277259e-02,8.719504e-03,2.402842e-02,9.631813e-03,4.547015e-02,1.876469e-03,3.887344e-03,2.854705e-02,2.796156e-03,4.462082e-03,2.277100e-02,6.343012e-01,4.718838e-03,4.986943e-02
1.034234e-01,1.623173e-02,8.477276e-03,1.790453e-02,8.284954e-03,3.587065e-02,2.100133e-03,7.831016e-02,2.145023e-02,2.116321e-03,3.896485e-03,1.784768e-02,6.423855e-01,3.507617e-03,3.819340e-02
8.282372e-02,1.235386e-02,6.881143e-03,1.388697e-02,1.048000e-02,2.904680e-02,1.771826e-03,5.992226e-02,1.963506e-02,1.610421e-03,3.338151e-03,1.426290e-02,7.129416e-01,2.627265e-03,2.841794e-02
7.918491e-02,9.280095e-03,6.543044e-03,1.072138e-02,1.732521e-02,2.384481e-02,1.534413e-03,4.393860e-02,1.814557e-02,1.272115e-03,2.769823e-03,1.233599e-02,7.505358e-01,2.076461e-03,2.049171e-02
6.885079e-02,7.319827e-03,9.463200e-03,9.341167e-03,2.905529e-02,1.999070e-02,1.831161e-03,3.687551e-02,1.509745e-02,1.233098e-03,2.645249e-03,1.443953e-02,7.664008e-01,1.560251e-03,1.589590e-02
6.611919e-02,5.816396e-03,7.266492e-02,1.063744e-02,2.348743e-02,1.933765e-02,2.062567e-03,4.091349e-02,1.298712e-02,1.868535e-03,5.507792e-03,1.827210e-02,7.068757e-01,1.480085e-03,1.196947e-02
6.467368e-02,5.210644e-03,6.266693e-02,9.037760e-03,2.144950e-02,1.970813e-02,2.067801e-03,4.133909e-02,1.569500e-02,2.142970e-03,7.051987e-03,2.536323e-02,7.115605e-01,1.766540e-03,1.026614e-02
5.547965e-02,5.208259e-03,6.201462e-02,7.182910e-03,2.985583e-02,2.004905e-02,2.384719e-03,3.803616e-02,2.219868e-02,1.760365e-03,6.153323e-03,3.144212e-02,7.046424e-01,1.531299e-03,1.206055e-02
4.494425e-02,1.697764e-02,1.066527e-01,6.520117e-03,3.250697e-02,3.125723e-02,2.383965e-03,5.212042e-02,8.810641e-02,1.587948e-03,6.087082e-03,2.667780e-02,5.706145e-01,1.369314e-03,1.219368e-02
3.849648e-02,1.535861e-02,1.456862e-01,5.968605e-03,3.406854e-02,5.976391e-02,4.073486e-03,9.220397e-02,1.003586e-01,1.518124e-03,4.812758e-03,2.201390e-02,4.622970e-01,1.438938e-03,1.194089e-02
3.583651e-02,1.865764e-02,2.110325e-01,7.733183e-03,3.497626e-02,8.209756e-02,4.934164e-03,9.875216e-02,1.012050e-01,3.420151e-03,4.910090e-03,1.702086e-02,3.624859e-01,2.013700e-03,1.492428e-02
5.420437e-02,3.409891e-02,1.710108e-01,7.525355e-03,7.016729e-02,8.392565e-02,7.837087e-03,9.072626e-02,1.155980e-01,2.618380e-03,3.737813e-03,1.562623e-02,3.212878e-01,2.090653e-03,1.954538e-02
5.900067e-02,5.374444e-02,1.495403e-01,8.116055e-03,8.889588e-02,9.493880e-02,1.031937e-02,1.124045e-01,1.291520e-01,2.301939e-03,3.032980e-03,1.309265e-02,2.514801e-01,2.080231e-03,2.190010e-02
4.694566e-02,4.876262e-02,1.291691e-01,7.297450e-02,9.063017e-02,7.035203e-02,8.174803e-03,2.240552e-01,9.908564e-02,1.844219e-03,2.579513e-03,9.811718e-03,1.779848e-01,1.519120e-03,1.611096e-02
4.278861e-02,4.058641e-02,1.465765e-01,1.590336e-01,7.302249e-02,5.172357e-02,6.249355e-03,2.569334e-01,7.115955e-02,2.674072e-03,2.769829e-03,7.108959e-03,1.252168e-01,1.135255e-03,1.302153e-02
7.017650e-02,3.852016e-02,1.251231e-01,1.885380e-01,6.919455e-02,4.648848e-02,5.858749e-03,2.456758e-01,7.038279e-02,3.261906e-03,2.661516e-03,5.469987e-03,9.318899e-02,1.350908e-03,3.410865e-02
1.013837e-01,5.370905e-02,1.050152e-01,1.545727e-01,6.955156e-02,5.108839e-02,6.210983e-03,2.409928e-01,7.131071e-02,4.184939e-03,3.132695e-03,5.805428e-03,8.156163e-02,1.695387e-03,4.978480e-02
1.314842e-01,5.011012e-02,8.954199e-02,1.316043e-01,7.163322e-02,5.536428e-02,5.962576e-03,2.773695e-01,6.461071e-02,3.677736e-03,3.121294e-03,6.491071e-03,6.721117e-02,1.681273e-03,4.013661e-02
9.883050e-02,3.579761e-02,6.531885e-02,1.035749e-01,5.284341e-02,3.922782e-02,4.300254e-03,4.678670e-01,4.572770e-02,2.620870e-03,2.296260e-03,4.773036e-03,4.723855e-02,1.229303e-03,2.835404e-02
1.400674e-01,2.604771e-02,4.721020e-02,7.531338e-02,3.851355e-02,2.945449e-02,3.362733e-03,5.431699e-01,3.347950e-02,2.044130e-03,1.901673e-03,4.101510e-03,3.358259e-02,1.115966e-03,2.063536e-02
2.635130e-01,1.918299e-02,3.573542e-02,5.366373e-02,2.857199e-02,2.278909e-02,2.824271e-03,4.999542e-01,2.451303e-02,1.713562e-03,1.761333e-03,3.712977e-03,2.459695e-02,1.108231e-03,1.635928e-02
3.510531e-01,1.635455e-02,2.598316e-02,4.762649e-02,2.078441e-02,2.031084e-02,2.119429e-03,4.093769e-01,2.487276e-02,3.445637e-03,8.229405e-03,1.237857e-02,2.829623e-02,2.819514e-03,2.634899e-02
2.536728e-01,1.306932e-02,1.898354e-02,6.597334e-02,1.471396e-02,1.558372e-02,1.508417e-03,2.968968e-01,9.658851e-02,1.810391e-02,6.537714e-02,1.605608e-02,4.384021e-02,2.996875e-03,7.663541e-02
1.806701e-01,9.988693e-03,1.384194e-02,5.634140e-02,1.047744e-02,1.129118e-02,1.089504e-03,2.133683e-01,1.561599e-01,1.989636e-02,1.661486e-01,1.334003e-02,8.496454e-02,4.894129e-03,5.752794e-02
1.316206e-01,7.313414e-03,1.019732e-02,4.078390e-02,1.058764e-02,8.281883e-03,7.969517e-04,1.506993e-01,1.787871e-01,1.722855e-02,2.147086e-01,1.249000e-02,1.504165e-01,1.386729e-02,5.222099e-02
9.397647e-02,5.431374e-03,8.069509e-03,2.951452e-02,1.142847e-02,6.428767e-03,6.051148e-04,1.063088e-01,2.077654e-01,1.740600e-02,2.722508e-01,1.066989e-02,1.543097e-01,2.468662e-02,5.114853e-02
7.032760e-02,4.592821e-03,5.886727e-03,2.225465e-02,8.502027e-03,5.879745e-03,4.835006e-04,7.469200e-02,3.981241e-01,2.281741e-02,1.979295e-01,7.906523e-03,1.100131e-01,2.553477e-02,4.505550e-02
5.535546e-02,6.671408e-03,5.132532e-03,1.683505e-02,6.572683e-03,5.391212e-03,3.949463e-04,5.282653e-02,4.748650e-01,2.592378e-02,1.493585e-01,6.415260e-03,7.942311e-02,5.493410e-02,5.990043e-02
