1.000000e+00,0.000000e+00,0.000000e+00,0.000000e+00,0.000000e+00,0.000000e+00,0.000000e+00,0.000000e+00,0.000000e+00,0.000000e+00,0.000000e+00,0.000000e+00,0.000000e+00,0.000000e+00,0.000000e+00
1.000000e+00,0.000000e+00,0.000000e+00,0.000000e+00,0.000000e+00,0.000000e+00,0.000000e+00,0.000000e+00,0.000000e+00,0.000000e+00,0.000000e+00,0.000000e+00,0.000000e+00,0.000000e+00,0.000000e+00
1.000000e+00,0.000000e+00,0.000000e+00,0.000000e+00,0.000000e+00,0.000000e+00,0.000000e+00,0.000000e+00,0.000000e+00,0.000000e+00,0.000000e+00,0.000000e+00,0.000000e+00,0.000000e+00,0.000000e+00
1.000000e+00,0.000000e+00,0.000000e+00,0.000000e+00,0.000000e+00,0.000000e+00,0.000000e+00,0.000000e+00,0.000000e+00,0.000000e+00,0.000000e+00,0.000000e+00,0.000000e+00,0.000000e+00,0.000000e+00
1.000000e+00,0.000000e+00,0.000000e+00,0.000000e+00,0.000000e+00,0.000000e+00,0.000000e+00,0.000000e+00,0.000000e+00,0.000000e+00,0.000000e+00,0.000000e+00,0.000000e+00,0.000000e+00,0.000000e+00
1.000000e+00,0.000000e+00,0.000000e+00,0.000000e+00,0.000000e+00,0.000000e+00,0.000000e+00,0.000000e+00,0.000000e+00,0.000000e+00,0.000000e+00,0.000000e+00,0.000000e+00,0.000000e+00,0.000000e+00
1.000000e+00,0.000000e+00,0.000000e+00,0.000000e+00,0.000000e+00,0.000000e+00,0.000000e+00,0.000000e+00,0.000000e+00,0.000000e+00,0.000000e+00,0.000000e+00,0.000000e+00,0.000000e+00,0.000000e+00
1.000000e+00,0.000000e+00,0.000000e+00,0.000000e+00,0.000000e+00,0.000000e+00,0.000000e+00,0.000000e+00,0.000000e+00,0.000000e+00,0.000000e+00,0.000000e+00,0.000000e+00,0.000000e+00,0.000000e+00
1.000000e+00,0.000000e+00,0.000000e+00,0.000000e+00,0.000000e+00,0.000000e+00,0.000000e+00,0.000000e+00,0.000000e+00,0.000000e+00,0.000000e+00,0.000000e+00,0.000000e+00,0.000000e+00,0.000000e+00
1.000000e+00,0.000000e+00,0.000000e+00,0.000000e+00,0.000000e+00,0.000000e+00,0.000000e+00,0.000000e+00,0.000000e+00,0.000000e+00,0.000000e+00,0.000000e+00,0.000000e+00,0.000000e+00,0.000000e+00
1.000000e+00,0.000000e+00,0.000000e+00,0.000000e+00,0.000000e+00,0.000000e+00,0.000000e+00,0.000000e+00,0.000000e+00,0.000000e+00,0.000000e+00,0.000000e+00,0.000000e+00,0.000000e+00,0.000000e+00
1.000000e+00,0.000000e+00,0.000000e+00,0.000000e+00,0.000000e+00,0.000000e+00,0.000000e+00,0.000000e+00,0.000000e+00,0.000000e+00,0.000000e+00,0.000000e+00,0.000000e+00,0.000000e+00,0.000000e+00
1.000000e+00,0.000000e+00,0.000000e+00,0.000000e+00,0.000000e+00,0.000000e+00,0.000000e+00,0.000000e+00,0.000000e+00,0.000000e+00,0.000000e+00,0.000000e+00,0.000000e+00,0.000000e+00,0.000000e+00
1.000000e+00,0.000000e+00,0.000000e+00,0.000000e+00,0.000000e+00,0.000000e+00,0.000000e+00,0.000000e+00,0.000000e+00,0.000000e+00,0.000000e+00,0.000000e+00,0.000000e+00,0.000000e+00,0.000000e+00
1.000000e+00,0.000000e+00,0.000000e+00,0.000000e+00,0.000000e+00,0.000000e+00,0.000000e+00,0.000000e+00,0.000000e+00,0.000000e+00,0.000000e+00,0.000000e+00,0.000000e+00,0.000000e+00,0.000000e+00
1.000000e+00,0.000000e+00,0.000000e+00,0.000000e+00,0.000000e+00,0.000000e+00,0.000000e+00,0.000000e+00,0.000000e+00,0.000000e+00,0.000000e+00,0.000000e+00,0.000000e+00,0.000000e+00,0.000000e+00
1.000000e+00,0.000000e+00,0.000000e+00,0.000000e+00,0.000000e+00,0.000000e+00,0.000000e+00,0.000000e+00,0.000000e+00,0.000000e+00,0.000000e+00,0.000000e+00,0.000000e+00,0.000000e+00,0.000000e+00
1.000000e+00,0.000000e+00,0.000000e+00,0.000000e+00,0.000000e+00,0.000000e+00,0.000000e+00,0.000000e+00,0.000000e+00,0.000000e+00,0.000000e+00,0.000000e+00,0.000000e+00,0.000000e+00,0.000000e+00
1.000000e+00,0.000000e+00,0.000000e+00,0.000000e+00,0.000000e+00,0.000000e+00,0.000000e+00,0.000000e+00,0.000000e+00,0.000000e+00,0.000000e+00,0.000000e+00,0.000000e+00,0.000000e+00,0.000000e+00
1.000000e+00,0.000000e+00,0.000000e+00,0.000000e+00,0.000000e+00,0.000000e+00,0.000000e+00,0.000000e+00,0.000000e+00,0.000000e+00,0.000000e+00,0.000000e+00,0.000000e+00,0.000000e+00,0.000000e+00
1.000000e+00,0.000000e+00,0.000000e+00,0.000000e+00,0.000000e+00,0.000000e+00,0.000000e+00,0.000000e+00,0.000000e+00,0.000000e+00,0.000000e+00,0.000000e+00,0.000000e+00,0.000000e+00,0.000000e+00
1.000000e+00,0.000000e+00,0.000000e+00,0.000000e+00,0.000000e+00,0.000000e+00,0.000000e+00,0.000000e+00,0.000000e+00,0.000000e+00,0.000000e+00,0.000000e+00,0.000000e+00,0.000000e+00,0.000000e+00
1.000000e+00,0.000000e+00,0.000000e+00,0.000000e+00,0.000000e+00,0.000000e+00,0.000000e+00,0.000000e+00,0.000000e+00,0.000000e+00,0.000000e+00,0.000000e+00,0.000000e+00,0.000000e+00,0.000000e+00
1.000000e+00,0.000000e+00,0.000000e+00,0.000000e+00,0.000000e+00,0.000000e+00,0.000000e+00,0.000000e+00,0.000000e+00,0.000000e+00,0.000000e+00,0.000000e+00,0.000000e+00,0.000000e+00,0.000000e+00
1.000000e+00,0.000000e+00,0.000000e+00,0.000000e+00,0.000000e+00,0.000000e+00,0.000000e+00,0.000000e+00,0.000000e+00,0.000000e+00,0.000000e+00,0.000000e+00,0.000000e+00,0.000000e+00,0.000000e+00
1.000000e+00,0.000000e+00,0.000000e+00,0.000000e+00,0.000000e+00,0.000000e+00,0.000000e+00,0.000000e+00,0.000000e+00,0.000000e+00,0.000000e+00,0.000000e+00,0.000000e+00,0.000000e+00,0.000000e+00
1.000000e+00,0.000000e+00,0.000000e+00,0.000000e+00,0.000000e+00,0.000000e+00,0.000000e+00,0.000000e+00,0.000000e+00,0.000000e+00,0.000000e+00,0.000000e+00,0.000000e+00,0.000000e+00,0.000000e+00
1.000000e+00,0.000000e+00,0.000000e+00,0.000000e+00,0.000000e+00,0.000000e+00,0.000000e+00,0.000000e+00,0.000000e+00,0.000000e+00,0.000000e+00,0.000000e+00,0.000000e+00,0.000000e+00,0.000000e+00
1.000000e+00,0.000000e+00,0.000000e+00,0.000000e+00,0.000000e+00,0.000000e+00,0.000000e+00,0.000000e+00,0.000000e+00,0.000000e+00,0.000000e+00,0.000000e+00,0.000000e+00,0.000000e+00,0.000000e+00
1.000000e+00,0.000000e+00,0.000000e+00,0.000000e+00,0.000000e+00,0.000000e+00,0.000000e+00,0.000000e+00,0.000000e+00,0.000000e+00,0.000000e+00,0.000000e+00,0.000000e+00,0.000000e+00,0.000000e+00
1.000000e+00,0.000000e+00,0.000000e+00,0.000000e+00,0.000000e+00,0.000000e+00,0.000000e+00,0.000000e+00,0.000000e+00,0.000000e+00,0.000000e+00,0.000000e+00,0.000000e+00,0.000000e+00,0.000000e+00
1.000000e+00,0.000000e+00,0.000000e+00,0.000000e+00,0.000000e+00,0.000000e+00,0.000000e+00,0.000000e+00,0.000000e+00,0.000000e+00,0.000000e+00,0.000000e+00,0.000000e+00,0.000000e+00,0.000000e+00
1.000000e+00,0.000000e+00,0.000000e+00,0.000000e+00,0.000000e+00,0.000000e+00,0.000000e+00,0.000000e+00,0.000000e+00,0.000000e+00,0.000000e+00,0.000000e+00,0.000000e+00,0.000000e+00,0.000000e+00
1.000000e+00,0.000000e+00,0.000000e+00,0.000000e+00,0.000000e+00,0.000000e+00,0.000000e+00,0.000000e+00,0.000000e+00,0.000000e+00,0.000000e+00,0.000000e+00,0.000000e+00,0.000000e+00,0.000000e+00
1.000000e+00,0.000000e+00,0.000000e+00,0.000000e+00,0.000000e+00,0.000000e+00,0.000000e+00,0.000000e+00,0.000000e+00,0.000000e+00,0.000000e+00,0.000000e+00,0.000000e+00,0.000000e+00,0.000000e+00
1.000000e+00,0.000000e+00,0.000000e+00,0.000000e+00,0.000000e+00,0.000000e+00,0.000000e+00,0.000000e+00,0.000000e+00,0.000000e+00,0.000000e+00,0.000000e+00,0.000000e+00,0.000000e+00,0.000000e+00
1.000000e+00,0.000000e+00,0.000000e+00,0.000000e+00,0.000000e+00,0.000000e+00,0.000000e+00,0.000000e+00,0.000000e+00,0.000000e+00,0.000000e+00,0.000000e+00,0.000000e+00,0.000000e+00,0.000000e+00
1.000000e+00,0.000000e+00,0.000000e+00,0.000000e+00,0.000000e+00,0.000000e+00,0.000000e+00,0.000000e+00,0.000000e+00,0.000000e+00,0.000000e+00,0.000000e+00,0.000000e+00,0.000000e+00,0.000000e+00
1.000000e+00,0.000000e+00,0.000000e+00,0.000000e+00,0.000000e+00,0.000000e+00,0.000000e+00,0.000000e+00,0.000000e+00,0.000000e+00,0.000000e+00,0.000000e+00,0.000000e+00,0.000000e+00,0.000000e+00
1.000000e+00,0.000000e+00,0.000000e+00,0.000000e+00,0.000000e+00,0.000000e+00,0.000000e+00,0.000000e+00,0.000000e+00,0.000000e+00,0.000000e+00,0.000000e+00,0.000000e+00,0.000000e+00,0.000000e+00
1.000000e+00,0.000000e+00,0.000000e+00,0.000000e+00,0.000000e+00,0.000000e+00,0.000000e+00,0.000000e+00,0.000000e+00,0.000000e+00,0.000000e+00,0.000000e+00,0.000000e+00,0.000000e+00,0.000000e+00
1.000000e+00,0.000000e+00,0.000000e+00,0.000000e+00,0.000000e+00,0.000000e+00,0.000000e+00,0.000000e+00,0.000000e+00,0.000000e+00,0.000000e+00,0.000000e+00,0.000000e+00,0.000000e+00,0.000000e+00
1.000000e+00,0.000000e+00,0.000000e+00,0.000000e+00,0.000000e+00,0.000000e+00,0.000000e+00,0.000000e+00,0.000000e+00,0.000000e+00,0.000000e+00,0.000000e+00,0.000000e+00,0.000000e+00,0.000000e+00
1.000000e+00,0.000000e+00,0.000000e+00,0.000000e+00,0.000000e+00,0.000000e+00,0.000000e+00,0.000000e+00,0.000000e+00,0.000000e+00,0.000000e+00,0.000000e+00,0.000000e+00,0.000000e+00,0.000000e+00
1.000000e+00,0.000000e+00,0.000000e+00,0.000000e+00,0.000000e+00,0.000000e+00,0.000000e+00,0.000000e+00,0.000000e+00,0.000000e+00,0.000000e+00,0.000000e+00,0.000000e+00,0.000000e+00,0.000000e+00
1.000000e+00,0.000000e+00,0.000000e+00,0.000000e+00,0.000000e+00,0.000000e+00,0.000000e+00,0.000000e+00,0.000000e+00,0.000000e+00,0.000000e+00,0.000000e+00,0.000000e+00,0.000000e+00,0.000000e+00
1.000000e+00,0.000000e+00,0.000000e+00,0.000000e+00,0.000000e+00,0.000000e+00,0.000000e+00,0.000000e+00,0.000000e+00,0.000000e+00,0.000000e+00,0.000000e+00,0.000000e+00,0.000000e+00,0.000000e+00
1.000000e+00,0.000000e+00,0.000000e+00,0.000000e+00,0.000000e+00,0.000000e+00,0.000000e+00,0.000000e+00,0.000000e+00,0.000000e+00,0.000000e+00,0.000000e+00,0.000000e+00,0.000000e+00,0.000000e+00
4.900446e-01,2.892542e-02,2.550531e-02,7.876614e-02,6.593221e-03,2.800522e-02,4.647109e-03,1.666523e-02,4.705475e-02,5.792495e-03,9.792450e-02,2.481060e-02,1.054151e-02,3.331448e-02,1.014095e-01
3.939490e-01,2.827868e-02,5.557843e-02,9.630819e-02,6.447984e-03,2.817324e-02,4.611342e-03,2.659769e-02,6.679396e-02,5.413892e-03,1.161073e-01,2.478560e-02,1.066606e-02,4.111971e-02,9.516893e-02
3.264191e-01,3.259634e-02,4.969166e-02,1.071035e-01,7.963674e-03,2.762436e-02,4.475974e-03,2.280344e-02,9.267682e-02,6.945803e-03,1.170221e-01,2.417377e-02,1.196767e-02,5.274295e-02,1.157929e-01
2.660094e-01,3.312274e-02,5.568785e-02,1.173921e-01,9.318138e-03,2.836527e-02,4.850299e-03,2.308924e-02,1.150239e-01,7.138304e-03,1.208177e-01,2.681435e-02,1.314012e-02,5.772514e-02,1.215056e-01
1.939363e-01,4.674070e-02,8.450068e-02,2.118410e-01,1.032309e-02,2.250233e-02,4.196330e-03,2.155601e-02,1.160766e-01,5.639391e-03,9.790555e-02,2.183635e-02,1.043572e-02,4.789177e-02,1.046183e-01
1.526221e-01,4.854918e-02,8.159891e-02,2.260535e-01,1.049058e-02,2.052075e-02,4.020864e-03,1.983798e-02,1.285419e-01,5.932909e-03,9.296544e-02,2.092309e-02,1.072998e-02,6.505863e-02,1.121543e-01
1.366276e-01,5.020249e-02,7.027282e-02,2.005150e-01,1.088919e-02,2.128434e-02,4.059863e-03,1.700492e-02,1.243766e-01,7.132943e-03,1.073752e-01,2.225625e-02,1.235336e-02,8.670789e-02,1.289416e-01
1.123155e-01,7.933225e-02,9.200425e-02,2.581205e-01,1.066139e-02,1.749792e-02,3.251119e-03,1.581106e-02,1.106620e-01,5.805501e-03,8.396288e-02,1.827103e-02,1.018668e-02,6.503119e-02,1.170867e-01
1.749419e-01,7.833756e-02,8.607828e-02,2.387571e-01,1.119559e-02,1.820963e-02,3.298807e-03,1.426884e-02,9.703109e-02,5.736540e-03,7.407631e-02,1.942874e-02,1.136415e-02,5.211360e-02,1.151619e-01
3.438849e-01,6.460124e-02,6.391411e-02,1.829486e-01,1.183714e-02,1.662429e-02,3.416508e-03,1.305833e-02,7.142942e-02,4.501444e-03,5.701063e-02,1.952701e-02,1.326509e-02,4.063299e-02,9.334835e-02
4.102926e-01,5.868723e-02,4.884158e-02,1.562558e-01,1.417929e-02,1.939098e-02,5.065667e-03,1.320965e-02,5.705643e-02,4.079108e-03,4.867882e-02,2.749790e-02,1.885724e-02,3.459998e-02,8.330774e-02
4.238485e-01,5.674896e-02,5.363668e-02,1.975582e-01,1.220813e-02,1.788904e-02,4.614627e-03,1.507552e-02,4.193141e-02,3.245410e-03,3.800508e-02,2.721296e-02,1.621499e-02,2.513863e-02,6.667182e-02
4.730317e-01,4.855562e-02,8.143801e-02,1.764385e-01,1.052791e-02,1.667782e-02,4.636531e-03,1.554794e-02,3.069200e-02,2.702347e-03,2.947735e-02,2.495887e-02,1.470633e-02,1.812619e-02,5.248293e-02
1.000000e+00,0.000000e+00,0.000000e+00,0.000000e+00,0.000000e+00,0.000000e+00,0.000000e+00,0.000000e+00,0.000000e+00,0.000000e+00,0.000000e+00,0.000000e+00,0.000000e+00,0.000000e+00,0.000000e+00
1.000000e+00,0.000000e+00,0.000000e+00,0.000000e+00,0.000000e+00,0.000000e+00,0.000000e+00,0.000000e+00,0.000000e+00,0.000000e+00,0.000000e+00,0.000000e+00,0.000000e+00,0.000000e+00,0.000000e+00
1.000000e+00,0.000000e+00,0.000000e+00,0.000000e+00,0.000000e+00,0.000000e+00,0.000000e+00,0.000000e+00,0.000000e+00,0.000000e+00,0.000000e+00,0.000000e+00,0.000000e+00,0.000000e+00,0.000000e+00
1.000000e+00,0.000000e+00,0.000000e+00,0.000000e+00,0.000000e+00,0.000000e+00,0.000000e+00,0.000000e+00,0.000000e+00,0.000000e+00,0.000000e+00,0.000000e+00,0.000000e+00,0.000000e+00,0.000000e+00
1.000000e+00,0.000000e+00,0.000000e+00,0.000000e+00,0.000000e+00,0.000000e+00,0.000000e+00,0.000000e+00,0.000000e+00,0.000000e+00,0.000000e+00,0.000000e+00,0.000000e+00,0.000000e+00,0.000000e+00
1.000000e+00,0.000000e+00,0.000000e+00,0.000000e+00,0.000000e+00,0.000000e+00,0.000000e+00,0.000000e+00,0.000000e+00,0.000000e+00,0.000000e+00,0.000000e+00,0.000000e+00,0.000000e+00,0.000000e+00
4.116516e-01,4.673817e-02,3.320562e-02,2.420798e-01,1.013821e-02,6.048843e-02,2.134528e-03,1.159326e-02,1.037937e-02,2.588050e-03,1.489640e-02,1.559229e-02,1.178130e-02,4.759902e-02,7.913394e-02
2.886930e-01,4.743020e-02,2.550722e-02,2.141147e-01,8.069538e-03,4.592485e-02,1.611629e-03,8.147602e-03,1.315855e-02,5.458294e-03,1.220649e-02,1.144494e-02,9.902839e-03,7.442896e-02,2.339012e-01
2.022198e-01,3.398178e-02,1.812643e-02,1.500051e-01,5.720347e-03,3.233784e-02,1.147315e-03,5.711156e-03,1.062052e-02,3.986700e-03,8.950141e-03,8.064710e-03,7.191347e-03,2.519725e-01,2.599643e-01
1.415826e-01,2.396477e-02,1.270648e-02,1.050112e-01,4.059217e-03,2.270446e-02,8.109342e-04,3.998349e-03,1.855648e-02,2.926081e-03,7.402631e-03,5.695206e-03,5.302615e-03,4.036089e-01,2.416701e-01
9.913544e-02,1.701406e-02,8.901824e-03,7.351745e-02,2.902687e-03,1.594618e-02,5.708346e-04,2.799075e-03,2.568290e-02,2.204852e-03,6.182041e-03,4.078899e-03,4.001973e-03,5.444658e-01,1.925960e-01
6.940825e-02,1.213502e-02,6.245963e-03,5.147991e-02,2.112685e-03,1.119554e-02,4.032400e-04,1.959755e-03,3.815452e-02,2.726184e-03,5.090088e-03,2.935096e-03,2.906170e-03,6.459761e-01,1.472715e-01
4.859181e-02,8.554369e-03,4.379332e-03,3.605713e-02,1.508042e-03,7.847650e-03,2.833643e-04,1.371970e-03,3.608573e-02,3.336293e-03,3.969222e-03,2.068725e-03,2.045878e-03,7.336860e-01,1.102145e-01
3.402334e-02,6.168874e-03,3.078064e-03,2.525117e-02,1.113266e-03,5.506066e-03,2.005855e-04,9.606367e-04,7.916514e-02,4.670134e-03,3.687778e-03,1.467362e-03,1.452705e-03,7.511994e-01,8.205552e-02
2.382620e-02,4.444888e-03,2.167196e-03,1.768981e-02,7.940154e-04,3.864200e-03,1.421053e-04,6.725515e-04,1.195018e-01,5.144531e-03,3.160978e-03,1.041149e-03,1.032936e-03,7.546999e-01,6.181765e-02
1.669333e-02,3.345994e-03,1.539292e-03,1.241322e-02,5.828585e-04,2.717371e-03,1.045614e-04,4.710823e-04,1.916494e-01,7.657806e-03,3.003643e-03,7.616149e-04,7.385961e-04,7.108901e-01,4.743122e-02
1.169757e-02,2.875348e-03,1.097923e-03,8.705793e-03,4.409823e-04,1.931229e-03,7.936198e-05,3.301281e-04,1.851191e-01,1.002574e-02,2.624093e-03,5.602339e-04,5.337203e-04,7.365313e-01,3.744749e-02
8.193626e-03,2.402068e-03,7.742407e-04,6.099365e-03,3.271825e-04,1.369348e-03,5.665699e-05,2.311546e-04,1.643205e-01,1.054415e-02,2.203727e-03,4.054538e-04,3.797946e-04,7.724122e-01,3.028063e-02
5.736992e-03,1.760672e-03,5.494548e-04,4.269774e-03,2.305653e-04,9.666632e-04,3.988765e-05,1.618172e-04,1.180678e-01,1.435450e-02,2.153826e-03,2.852109e-04,2.705157e-04,8.273816e-01,2.377072e-02
4.018829e-03,1.249162e-03,3.883883e-04,2.990033e-03,1.661275e-04,7.106061e-04,2.937927e-05,1.134864e-04,8.877165e-02,2.397034e-02,3.214548e-03,2.097339e-04,2.361257e-04,8.567998e-01,1.713183e-02
2.818946e-03,8.834613e-04,2.777965e-04,2.096453e-03,1.311433e-04,6.107600e-04,2.582409e-05,8.163696e-05,6.686559e-02,6.754205e-02,3.226252e-03,2.065991e-04,5.561406e-04,8.420490e-01,1.262837e-02
1.980062e-03,6.202520e-04,1.970746e-04,1.470551e-03,1.006466e-04,4.523124e-04,1.986218e-05,5.827491e-05,4.737668e-02,1.491746e-01,2.966526e-03,3.120424e-04,5.604686e-04,7.854648e-01,9.245831e-03
1.400790e-03,4.438887e-04,1.404562e-04,1.036596e-03,1.542134e-04,3.475288e-04,1.776127e-05,4.179739e-05,3.860603e-02,3.151911e-01,2.889446e-03,4.998326e-04,4.578975e-04,6.320760e-01,6.696561e-03
9.932233e-04,4.140221e-04,1.039133e-04,7.542421e-04,2.966773e-04,2.570330e-04,1.375480e-05,2.971368e-05,2.967156e-02,5.061854e-01,2.988997e-03,5.489250e-04,3.382449e-04,4.525069e-01,4.897376e-03
7.283614e-04,2.401556e-03,2.464393e-04,6.115381e-04,1.591710e-03,7.283061e-04,1.726781e-05,3.705451e-05,3.565089e-02,6.321236e-01,3.702223e-03,5.943922e-04,8.157832e-04,3.172066e-01,3.544284e-03
5.480266e-04,3.423181e-03,4.142705e-04,6.542310e-04,4.037124e-03,1.628985e-03,4.327293e-05,7.236042e-05,5.174120e-02,7.062438e-01,4.220360e-03,7.125376e-04,1.484243e-03,2.222187e-01,2.557722e-03
4.303045e-04,2.540212e-03,6.043105e-04,1.147917e-03,1.038117e-02,2.678591e-03,1.219615e-03,1.949713e-03,4.172168e-02,7.727295e-01,4.520520e-03,8.891218e-04,1.717564e-03,1.556533e-01,1.816442e-03
4.268209e-04,3.028820e-03,9.050617e-04,1.809934e-03,4.200485e-02,5.807135e-03,2.241887e-03,3.296106e-03,7.444552e-02,7.445456e-01,6.149794e-03,1.318605e-03,3.631885e-03,1.090326e-01,1.355353e-03
3.859970e-04,2.921218e-03,8.956427e-04,2.220872e-03,7.275420e-02,7.284856e-03,4.362714e-03,4.033708e-03,1.062081e-01,6.612735e-01,2.543751e-02,8.724517e-03,2.600919e-02,7.636669e-02,1.121400e-03
3.324493e-04,2.462288e-03,9.093994e-04,1.004112e-02,5.987703e-02,5.562844e-03,5.073744e-03,1.229727e-02,8.315889e-02,5.713167e-01,5.290371e-02,4.037905e-02,1.010969e-01,5.357267e-02,1.016003e-03
2.848142e-04,2.240098e-03,9.354245e-04,1.427197e-01,6.254384e-02,5.050621e-03,7.109746e-03,9.994116e-03,6.503663e-02,4.292092e-01,5.083904e-02,4.430052e-02,1.411015e-01,3.762486e-02,1.009907e-03
2.540733e-04,1.735820e-03,9.715920e-04,1.861904e-01,6.855683e-02,8.785880e-03,6.129700e-03,7.423898e-03,4.812801e-02,3.126187e-01,7.444692e-02,1.017012e-01,1.556511e-01,2.650658e-02,8.993547e-04
2.307458e-04,1.324527e-03,7.533366e-04,1.477814e-01,5.551415e-02,1.101715e-02,4.773419e-03,5.414909e-03,3.436407e-02,2.252644e-01,1.199912e-01,1.283864e-01,2.455522e-01,1.870234e-02,9.296640e-04
2.090975e-04,1.039781e-03,8.224801e-04,1.047969e-01,3.948441e-02,4.252714e-02,3.444522e-03,4.032820e-03,2.754414e-02,1.588151e-01,1.380559e-01,1.455553e-01,3.194877e-01,1.319892e-02,9.857508e-04
2.825225e-04,8.918563e-04,7.160479e-04,7.401371e-02,2.807681e-02,6.062535e-02,2.548389e-03,2.869400e-03,2.789381e-02,1.115053e-01,1.112339e-01,2.520959e-01,3.169219e-01,9.435062e-03,8.899413e-04
4.197485e-04,1.342013e-03,2.443648e-03,5.246595e-02,2.478272e-02,4.751810e-02,1.952022e-03,2.255785e-03,5.301022e-02,7.862502e-02,9.681606e-02,3.333308e-01,2.974045e-01,6.807858e-03,8.255602e-04
3.615603e-04,1.116558e-03,1.960945e-03,3.683757e-02,1.806466e-02,3.647403e-02,1.449038e-03,1.778596e-03,4.179593e-02,5.518509e-02,6.961843e-02,5.026773e-01,2.269489e-01,4.985235e-03,7.460682e-04
4.159025e-04,1.083067e-03,1.686570e-03,2.589301e-02,1.578251e-02,3.168855e-02,1.343531e-03,1.626864e-03,4.406632e-02,3.903096e-02,5.103653e-02,6.097327e-01,1.721542e-01,3.779138e-03,6.801711e-04
1.005254e-03,1.819184e-03,1.939013e-03,1.860247e-02,1.266687e-02,2.744777e-02,1.333300e-03,1.949466e-03,3.812714e-02,2.892323e-02,3.878234e-02,6.764608e-01,1.466526e-01,3.644326e-03,6.462243e-04
3.912700e-03,6.033866e-03,2.473813e-03,1.369097e-02,1.511233e-02,2.857043e-02,1.839527e-03,2.808078e-03,6.930032e-02,2.499438e-02,3.107568e-02,6.659561e-01,1.288047e-01,4.424735e-03,1.002359e-03
4.198728e-03,7.612153e-03,2.112080e-03,1.068577e-02,1.094978e-02,2.747069e-02,1.412454e-03,2.245277e-03,5.907074e-02,2.407917e-02,2.724464e-02,7.011584e-01,1.156463e-01,4.762993e-03,1.350824e-03
4.386966e-03,1.206614e-02,2.809801e-03,8.692108e-03,1.207337e-02,2.345928e-02,1.340182e-03,4.152964e-03,1.476487e-01,2.735749e-02,2.795488e-02,6.129750e-01,1.090766e-01,4.460664e-03,1.545856e-03
4.390114e-03,2.089871e-02,2.682121e-03,6.735111e-03,1.179370e-02,2.697485e-02,1.728432e-03,4.112277e-03,2.990781e-01,3.501360e-02,2.523800e-02,4.723064e-01,8.383467e-02,3.486108e-03,1.727805e-03
3.400212e-03,4.314947e-02,2.233795e-02,5.240446e-03,9.754476e-03,2.106654e-02,1.586030e-03,4.394959e-03,3.875285e-01,5.831122e-02,1.946040e-02,3.566601e-01,6.236404e-02,2.583725e-03,2.161939e-03
2.834192e-03,5.575234e-02,1.956515e-02,8.218700e-03,9.134873e-03,1.967442e-02,1.248725e-03,3.617511e-03,4.207569e-01,1.053308e-01,1.995284e-02,2.698087e-01,4.689651e-02,3.539929e-03,1.366854e-02
3.287340e-03,9.205957e-02,1.723602e-02,6.785012e-03,7.728746e-03,1.647634e-02,9.840227e-04,3.088098e-03,4.024886e-01,1.375648e-01,1.650442e-02,2.053700e-01,3.432907e-02,3.776758e-03,5.232126e-02
3.274610e-03,1.080320e-01,1.454894e-02,7.463926e-03,8.540160e-03,1.717146e-02,8.218091e-04,3.062237e-03,3.868949e-01,1.243762e-01,1.415282e-02,1.494573e-01,2.643182e-02,4.368287e-03,1.314035e-01
3.516371e-03,1.110419e-01,1.116272e-02,6.378581e-03,9.796187e-03,1.433365e-02,6.836017e-04,2.780763e-03,3.233094e-01,1.014141e-01,1.397530e-02,1.100545e-01,2.173894e-02,4.940278e-03,2.648737e-01
7.417566e-03,1.094935e-01,2.255094e-02,6.943808e-03,1.513272e-02,1.329126e-02,7.401697e-04,6.260025e-03,2.552622e-01,9.611176e-02,1.343046e-02,8.061909e-02,2.182498e-02,6.130666e-03,3.447908e-01
2.346359e-02,1.108460e-01,3.058340e-02,5.361997e-03,1.461252e-02,1.599702e-02,8.818691e-04,5.826825e-03,1.916620e-01,7.425027e-02,1.071448e-02,5.693144e-02,1.752767e-02,1.458972e-02,4.267512e-01
2.507153e-02,9.714534e-02,3.404138e-02,4.270648e-03,1.305719e-02,1.559292e-02,8.559177e-04,6.702014e-03,1.525252e-01,7.127437e-02,8.868518e-03,4.016372e-02,1.394755e-02,1.683494e-02,4.996487e-01
1.872987e-02,7.925420e-02,2.907628e-02,4.623471e-03,1.006905e-02,1.223178e-02,6.284650e-04,5.065850e-03,1.234256e-01,6.365331e-02,1.021433e-02,2.892227e-02,1.293630e-02,1.322910e-02,5.879401e-01
1.560772e-02,6.381672e-02,2.422889e-02,3.587608e-03,8.236196e-03,1.195253e-02,5.366860e-04,3.839462e-03,1.092176e-01,6.348164e-02,1.721349e-02,2.057803e-02,1.236620e-02,2.857409e-02,6.167631e-01
1.312819e-02,5.004959e-02,1.795132e-02,2.628939e-03,5.997132e-03,9.853211e-03,3.874614e-04,2.716969e-03,1.010730e-01,4.939496e-02,1.914389e-02,1.481138e-02,1.025236e-02,3.348284e-02,6.691287e-01
9.403542e-03,3.673325e-02,1.329383e-02,1.849336e-03,4.256415e-03,7.302023e-03,2.784060e-04,1.907065e-03,7.909264e-02,4.386076e-02,1.600117e-02,1.046564e-02,7.311461e-03,1.523333e-01,6.159111e-01
6.968501e-03,3.080925e-02,1.134866e-02,1.435897e-03,3.122537e-03,6.123566e-03,2.123300e-04,1.356766e-03,8.757065e-02,5.596256e-02,1.427425e-02,7.568316e-03,5.483460e-03,2.039014e-01,5.638618e-01
6.337877e-03,2.904558e-02,8.503332e-03,1.262911e-03,2.244450e-03,4.693141e-03,1.814037e-04,9.790075e-04,1.827074e-01,4.689566e-02,2.831673e-02,6.898149e-03,4.463671e-03,1.696506e-01,5.078201e-01
5.159200e-03,2.126930e-02,6.191716e-03,1.012794e-03,1.597125e-03,3.617693e-03,1.569071e-04,7.232477e-04,1.528412e-01,6.205560e-02,3.652097e-02,5.345228e-03,3.511176e-03,3.275143e-01,3.724836e-01
4.508243e-03,1.569062e-02,6.204134e-03,1.027076e-03,1.226374e-03,2.690323e-03,1.857547e-04,6.067142e-04,1.596366e-01,6.395334e-02,1.059342e-01,7.673947e-03,4.873536e-03,3.085690e-01,3.172201e-01
4.586146e-03,1.127790e-02,4.772582e-03,1.066126e-03,1.065884e-03,2.002486e-03,1.952615e-04,6.189615e-04,1.218546e-01,5.053176e-02,3.240179e-01,1.118069e-02,7.476929e-03,2.320241e-01,2.273287e-01
3.685274e-03,8.004596e-03,3.592754e-03,8.608598e-04,1.034549e-03,1.541447e-03,1.942264e-04,5.469552e-04,8.895732e-02,3.719584e-02,4.874292e-01,2.349984e-02,7.111049e-03,1.756164e-01,1.607297e-01
2.656993e-03,5.689144e-03,2.738748e-03,6.809746e-04,1.719022e-03,1.222454e-03,1.988986e-04,4.379049e-04,6.386140e-02,2.714143e-02,5.946335e-01,4.291919e-02,6.842135e-03,1.359630e-01,1.132953e-01
1.968904e-03,4.039458e-03,2.081390e-03,5.665702e-04,1.466461e-03,9.243969e-04,1.838358e-04,3.344198e-04,4.752250e-02,2.103310e-02,6.489350e-01,6.700958e-02,6.331221e-03,1.177240e-01,7.987919e-02
1.527678e-03,2.865620e-03,1.602660e-03,4.710358e-04,1.261325e-03,7.084573e-04,1.637477e-04,2.551469e-04,3.448912e-02,1.954418e-02,6.467268e-01,1.136917e-01,6.671534e-03,1.136023e-01,5.641877e-02
1.260014e-03,2.083136e-03,1.276608e-03,3.852753e-04,1.163236e-03,5.833597e-04,1.838372e-04,1.969451e-04,2.483202e-02,2.195031e-02,6.419320e-01,1.623720e-01,5.949134e-03,9.590633e-02,3.992590e-02
1.499909e-03,1.834929e-03,2.061094e-03,3.562936e-04,1.725252e-03,1.277217e-03,1.315227e-03,5.812992e-04,1.785017e-02,6.303144e-02,5.671722e-01,2.156320e-01,7.584126e-03,8.460243e-02,3.347643e-02
1.237008e-03,1.399370e-03,1.546148e-03,2.916799e-04,1.403479e-03,1.291406e-03,1.271250e-03,4.543267e-04,1.267988e-02,4.786026e-02,6.630827e-01,1.780070e-01,6.132612e-03,5.983720e-02,2.350571e-02
1.062458e-03,1.039686e-03,1.112339e-03,2.365941e-04,1.081601e-03,1.663379e-03,1.051771e-03,3.430370e-04,9.005169e-03,3.598191e-02,7.311257e-01,1.526306e-01,4.912280e-03,4.226098e-02,1.649263e-02
1.336495e-03,7.834844e-04,8.167895e-04,1.996567e-04,8.384062e-04,5.023525e-03,9.954816e-04,2.969163e-04,6.378872e-03,2.804050e-02,7.603287e-01,1.488622e-01,4.573630e-03,2.991807e-02,1.160744e-02
1.986763e-03,6.482371e-04,6.456039e-04,1.699888e-04,7.081004e-04,4.878205e-03,7.487959e-04,2.389440e-04,4.624547e-03,2.359551e-02,6.058006e-01,3.208004e-01,4.595997e-03,2.238016e-02,8.178168e-03
2.088729e-03,5.536461e-04,5.240317e-04,1.711333e-04,9.515601e-04,5.204711e-03,6.117226e-04,2.086383e-04,3.460122e-03,1.922032e-02,5.519642e-01,3.862414e-01,5.056570e-03,1.794742e-02,5.795832e-03
1.969298e-03,4.989133e-04,4.190771e-04,1.750671e-04,2.367340e-03,4.744873e-03,5.450207e-04,2.105943e-04,2.692185e-03,1.366052e-02,6.518003e-01,2.995956e-01,4.249361e-03,1.286136e-02,4.210554e-03
3.554467e-03,7.546159e-04,5.713513e-04,2.102867e-04,5.922532e-03,5.885966e-03,6.782751e-04,2.792666e-04,2.417637e-03,1.002368e-02,6.872995e-01,2.625661e-01,5.328707e-03,1.123436e-02,3.273161e-03
3.597450e-03,1.112028e-03,9.906765e-04,3.029861e-04,7.976449e-03,1.202059e-02,7.109517e-04,3.023900e-04,2.479654e-03,7.627413e-03,6.926837e-01,2.535395e-01,5.292630e-03,8.563990e-03,2.799531e-03
3.558715e-03,9.841068e-04,1.175730e-03,2.898485e-04,7.325104e-03,1.954032e-02,7.128064e-04,3.837901e-04,2.176559e-03,5.657959e-03,6.914309e-01,2.535603e-01,4.776454e-03,6.295061e-03,2.132265e-03
4.825667e-03,2.272336e-03,6.976255e-03,4.163089e-04,1.001542e-02,2.466208e-02,7.948066e-04,6.596027e-04,2.968613e-03,4.461859e-03,6.864561e-01,2.433117e-01,5.012989e-03,4.897279e-03,2.269007e-03
5.328673e-03,2.275690e-03,6.898711e-03,4.125270e-04,1.063747e-02,2.684631e-02,7.331057e-04,7.083393e-04,4.080587e-03,3.575329e-03,6.450649e-01,2.801305e-01,7.401348e-03,4.172035e-03,1.734391e-03
5.202007e-03,1.845528e-03,5.610622e-03,3.426367e-04,8.421877e-03,2.948828e-02,8.330754e-04,6.798453e-04,3.947082e-03,2.761852e-03,5.818028e-01,3.404945e-01,1.393841e-02,3.325840e-03,1.305620e-03
1.266515e-02,9.331627e-03,1.760942e-02,5.910228e-04,2.310985e-02,4.833863e-02,1.530113e-03,5.198898e-03,3.657296e-02,2.865100e-03,4.836048e-01,3.314689e-01,2.263684e-02,3.040325e-03,1.436351e-03
1.226273e-02,6.751114e-03,1.442658e-02,6.061904e-04,1.866592e-02,7.920411e-02,1.669597e-03,5.330091e-03,2.730327e-02,2.740192e-03,3.560390e-01,4.513538e-01,1.932706e-02,3.161301e-03,1.158991e-03
1.379711e-02,4.893502e-03,1.113775e-02,5.883483e-04,2.385341e-02,6.196328e-02,1.472711e-03,6.260823e-03,2.256928e-02,2.290572e-03,2.827611e-01,5.453647e-01,1.909130e-02,3.088984e-03,8.671104e-04
1.616335e-02,3.812479e-03,9.173746e-03,5.787270e-04,1.279117e-01,5.023038e-02,5.252299e-03,7.217402e-03,3.352676e-02,2.213599e-03,2.126320e-01,5.099645e-01,1.811802e-02,2.524179e-03,6.810359e-04
2.215428e-02,3.340792e-03,8.568630e-03,6.136232e-04,1.517950e-01,4.960525e-02,5.560623e-03,9.469202e-03,2.839533e-02,2.963284e-03,1.693671e-01,5.229074e-01,2.226208e-02,2.389349e-03,6.081433e-04
3.025249e-02,2.770814e-03,6.671217e-03,6.291284e-04,1.200926e-01,5.453981e-02,6.176291e-03,9.907430e-03,2.848061e-02,3.440640e-03,1.348010e-01,5.710114e-01,2.878940e-02,1.921751e-03,5.153206e-04
6.017287e-02,2.357123e-03,5.626007e-03,1.256927e-03,1.084001e-01,7.515606e-02,7.937409e-03,1.073533e-02,2.477517e-02,3.083362e-03,1.413786e-01,5.090851e-01,4.752584e-02,1.950421e-03,5.597192e-04
7.810877e-02,2.091933e-03,4.589449e-03,1.435624e-03,1.543716e-01,9.915996e-02,1.267940e-02,1.011912e-02,1.953139e-02,2.588058e-03,1.632637e-01,3.978436e-01,5.146314e-02,2.293695e-03,4.604569e-04
1.017926e-01,2.208049e-03,3.696200e-03,2.339764e-03,2.972455e-01,8.054177e-02,1.050480e-02,1.140324e-02,1.762000e-02,2.019878e-03,1.240299e-01,3.001376e-01,4.333317e-02,1.822387e-03,1.305060e-03
1.197657e-01,2.072349e-03,3.055014e-03,2.330155e-03,3.246227e-01,6.680872e-02,7.817734e-03,1.685544e-02,1.542924e-02,1.614662e-03,1.050506e-01,2.822238e-01,4.960538e-02,1.500843e-03,1.247703e-03
1.064808e-01,1.764781e-03,2.366022e-03,2.578520e-03,4.306479e-01,5.847606e-02,8.622422e-03,1.434826e-02,1.346789e-02,1.191891e-03,8.688505e-02,2.348466e-01,3.616329e-02,1.178182e-03,9.823419e-04
1.199857e-01,2.298153e-03,2.650877e-03,4.055690e-03,4.776213e-01,4.870692e-02,9.858037e-03,1.531496e-02,1.141021e-02,9.166144e-04,8.344713e-02,1.946240e-01,2.675105e-02,1.117333e-03,1.241956e-03
1.137520e-01,2.220011e-03,2.500344e-03,4.516192e-03,5.190313e-01,3.621223e-02,1.059868e-02,1.527434e-02,1.110742e-02,8.059627e-04,7.707725e-02,1.843500e-01,2.029597e-02,1.077038e-03,1.181113e-03
1.054492e-01,3.526498e-03,4.063511e-03,1.127049e-02,5.211156e-01,2.890125e-02,2.225949e-02,2.469418e-02,1.221272e-02,9.711251e-04,6.841663e-02,1.783476e-01,1.692867e-02,8.961618e-04,9.467723e-04
9.526931e-02,3.770111e-03,4.416708e-03,1.333466e-02,4.452974e-01,2.218268e-02,2.326412e-02,2.338181e-02,1.576164e-02,2.196579e-03,7.022758e-02,2.637598e-01,1.540844e-02,9.127501e-04,8.163345e-04
9.016450e-02,3.422439e-03,4.758818e-03,1.353720e-02,3.627613e-01,1.686054e-02,2.316591e-02,1.998902e-02,1.770959e-02,2.311394e-03,5.912143e-02,3.722143e-01,1.251059e-02,7.956683e-04,6.772846e-04
1.155494e-01,4.076950e-03,6.012107e-03,2.604838e-02,3.378326e-01,1.430348e-02,2.524806e-02,3.852463e-02,2.303854e-02,2.771415e-03,6.386631e-02,3.262148e-01,1.454966e-02,1.108159e-03,8.555014e-04
1.595746e-01,5.578528e-03,9.579301e-03,2.926740e-02,2.872641e-01,1.655110e-02,2.462536e-02,4.593134e-02,4.305777e-02,3.522600e-03,6.327283e-02,2.915816e-01,1.771209e-02,1.557635e-03,9.236361e-04
2.764505e-01,5.416257e-03,9.000443e-03,3.823896e-02,2.474724e-01,1.407002e-02,2.170011e-02,5.830422e-02,4.686645e-02,3.941465e-03,4.987111e-02,2.090729e-01,1.668738e-02,1.632223e-03,1.275615e-03
4.027488e-01,5.472095e-03,7.427176e-03,3.814328e-02,1.926438e-01,1.503390e-02,1.643484e-02,4.637466e-02,5.729621e-02,4.056519e-03,4.052060e-02,1.536589e-01,1.624218e-02,2.067209e-03,1.879824e-03
4.991698e-01,7.179982e-03,5.683229e-03,3.577334e-02,1.419089e-01,1.651200e-02,1.230923e-02,3.565983e-02,6.779720e-02,4.161972e-03,3.305852e-02,1.176068e-01,1.386632e-02,3.931626e-03,5.381263e-03
1.000000e+00,0.000000e+00,0.000000e+00,0.000000e+00,0.000000e+00,0.000000e+00,0.000000e+00,0.000000e+00,0.000000e+00,0.000000e+00,0.000000e+00,0.000000e+00,0.000000e+00,0.000000e+00,0.000000e+00
4.637217e-01,1.169132e-02,3.471405e-03,1.793467e-01,7.797384e-02,1.310979e-02,7.979017e-03,3.538514e-02,3.735746e-02,2.649804e-03,2.849839e-02,1.159757e-01,1.504237e-02,2.812500e-03,4.984780e-03
4.698152e-01,9.972282e-03,4.527050e-03,2.018473e-01,5.955406e-02,1.603913e-02,6.213212e-03,2.690095e-02,2.765556e-02,2.990094e-03,5.060330e-02,1.028475e-01,1.401037e-02,2.350788e-03,4.673210e-03
1.000000e+00,0.000000e+00,0.000000e+00,0.000000e+00,0.000000e+00,0.000000e+00,0.000000e+00,0.000000e+00,0.000000e+00,0.000000e+00,0.000000e+00,0.000000e+00,0.000000e+00,0.000000e+00,0.000000e+00
1.000000e+00,0.000000e+00,0.000000e+00,0.000000e+00,0.000000e+00,0.000000e+00,0.000000e+00,0.000000e+00,0.000000e+00,0.000000e+00,0.000000e+00,0.000000e+00,0.000000e+00,0.000000e+00,0.000000e+00
4.929070e-01,4.552914e-02,2.190979e-02,1.065750e-01,7.672305e-02,6.859911e-02,3.355374e-03,1.279025e-02,1.899384e-02,6.350004e-03,5.928487e-02,4.782971e-02,9.515140e-03,1.774763e-02,1.189013e-02
3.786378e-01,4.768731e-02,2.022647e-02,8.131281e-02,1.096884e-01,1.635972e-01,2.992081e-03,9.994610e-03,1.544583e-02,5.444713e-03,7.163364e-02,3.737761e-02,7.309613e-03,3.519920e-02,1.345279e-02
3.199588e-01,4.580356e-02,1.694071e-02,6.067622e-02,1.065030e-01,2.158377e-01,2.382512e-03,7.903846e-03,1.441991e-02,4.748393e-03,8.300936e-02,2.867986e-02,6.306375e-03,7.018141e-02,1.664844e-02
2.789181e-01,4.041452e-02,1.391833e-02,4.591315e-02,8.248719e-02,2.549185e-01,1.860431e-03,6.248261e-03,2.312699e-02,4.396166e-03,7.923923e-02,2.129472e-02,5.541732e-03,1.021876e-01,3.953494e-02
2.106028e-01,4.655057e-02,1.011763e-02,3.245622e-02,6.000723e-02,2.594318e-01,1.355518e-03,4.639444e-03,2.497421e-02,3.387304e-03,8.771043e-02,1.527634e-02,4.522468e-03,1.558618e-01,8.310626e-02
1.757646e-01,4.857095e-02,7.612098e-03,2.316885e-02,4.298396e-02,2.418418e-01,9.990657e-04,3.635295e-03,2.839803e-02,3.140502e-03,9.045217e-02,1.123201e-02,3.831370e-03,2.153805e-01,1.029888e-01
1.247539e-01,4.045112e-02,5.453421e-03,1.630251e-02,3.062436e-02,2.099607e-01,7.052040e-04,2.576266e-03,2.435976e-02,2.531234e-03,8.291102e-02,8.506792e-03,3.327578e-03,3.433922e-01,1.041439e-01
8.750473e-02,2.905780e-02,3.834493e-03,1.142331e-02,2.150057e-02,1.829535e-01,4.953466e-04,1.806373e-03,2.010923e-02,1.832817e-03,6.262909e-02,6.083078e-03,2.462358e-03,4.843027e-01,8.400457e-02
6.128637e-02,2.048758e-02,2.687542e-03,7.998494e-03,1.508412e-02,1.336982e-01,3.474398e-04,1.265113e-03,1.495235e-02,1.341959e-03,4.563891e-02,4.320231e-03,1.821529e-03,6.257227e-01,6.334739e-02
4.290916e-02,1.440928e-02,1.884413e-03,5.600985e-03,1.060025e-02,9.380206e-02,2.442400e-04,8.860203e-04,1.281936e-02,1.016429e-03,3.304072e-02,3.133525e-03,1.356986e-03,7.312336e-01,4.706299e-02
3.004080e-02,1.165875e-02,1.326359e-03,3.923515e-03,7.439230e-03,6.571256e-02,1.736115e-04,6.209332e-04,2.432842e-02,7.515075e-04,2.336409e-02,2.243885e-03,9.654489e-04,7.939332e-01,3.351771e-02
2.103369e-02,1.061430e-02,9.375528e-04,2.748066e-03,5.321463e-03,4.606419e-02,1.345423e-04,4.367671e-04,4.865459e-02,5.888910e-04,1.646197e-02,1.582007e-03,6.811427e-04,8.210276e-01,2.371321e-02
1.473657e-02,9.582555e-03,6.816427e-04,1.928064e-03,3.778721e-03,3.234276e-02,1.102429e-04,3.080636e-04,7.344396e-02,4.422457e-04,1.158039e-02,1.116646e-03,4.877647e-04,8.326846e-01,1.677577e-02
1.032761e-02,8.367238e-03,5.043423e-04,1.353096e-03,2.696619e-03,2.268057e-02,8.221058e-05,2.160967e-04,9.858444e-02,3.900545e-04,8.195184e-03,7.879959e-04,3.508897e-04,8.332732e-01,1.219047e-02
7.254556e-03,1.232959e-02,5.893325e-04,9.732364e-04,2.045195e-03,1.605470e-02,7.259925e-05,1.538001e-04,1.859621e-01,6.679285e-04,5.892679e-03,5.574553e-04,2.610810e-04,7.572247e-01,9.961021e-03
5.115497e-03,1.867301e-02,8.692633e-04,7.094996e-04,1.587722e-03,1.180434e-02,5.615356e-05,1.104274e-04,2.359324e-01,4.261832e-03,4.395253e-03,3.932865e-04,3.460594e-04,7.034397e-01,1.230554e-02
3.621600e-03,2.158512e-02,2.825738e-03,7.066857e-04,5.580455e-03,9.026225e-03,8.686944e-05,1.565125e-04,3.859714e-01,5.464099e-03,3.338507e-03,2.805375e-04,3.074861e-04,5.512517e-01,9.797109e-03
2.590047e-03,3.879089e-02,2.208623e-02,2.891293e-03,6.840180e-03,7.725814e-03,1.230489e-04,6.992285e-04,4.208115e-01,1.037196e-02,3.570179e-03,2.317265e-04,3.745984e-04,4.731202e-01,9.773225e-03
1.858939e-03,3.577872e-02,3.991073e-02,4.876171e-03,8.185473e-03,7.403388e-03,2.634032e-04,2.205755e-03,3.697113e-01,2.264876e-02,4.816383e-03,5.785262e-04,2.533158e-03,4.841466e-01,1.508266e-02
1.590096e-03,2.916949e-02,3.608758e-02,1.799546e-02,2.435530e-02,7.460055e-03,5.609436e-04,5.810877e-03,3.791825e-01,1.967859e-02,5.871301e-03,2.130971e-03,3.559663e-03,4.546271e-01,1.192006e-02
1.294736e-03,2.185316e-02,7.728416e-02,3.508072e-02,2.726030e-02,9.150526e-03,1.551264e-03,2.179157e-02,3.969598e-01,1.510393e-02,5.461060e-03,2.264666e-03,3.732908e-03,3.715012e-01,9.710004e-03
1.486008e-03,1.709824e-02,1.114277e-01,5.253951e-02,5.291110e-02,7.328608e-03,1.730541e-03,2.914983e-02,4.108036e-01,1.334483e-02,5.561639e-03,1.931674e-03,3.323678e-03,2.834595e-01,7.903466e-03
1.554129e-03,1.319314e-02,1.628169e-01,1.432250e-01,6.823358e-02,5.710491e-03,2.630605e-03,2.721163e-02,3.422494e-01,1.608974e-02,4.485537e-03,1.443793e-03,2.571783e-03,2.007196e-01,7.864621e-03
7.197566e-03,1.115312e-02,1.225762e-01,1.241717e-01,6.924007e-02,7.069211e-03,2.574382e-03,2.105045e-02,3.101809e-01,5.959453e-02,4.731983e-03,1.080196e-03,3.375542e-03,1.427083e-01,1.132958e-01
7.621605e-03,9.673736e-03,1.261788e-01,2.596229e-01,5.680971e-02,5.864936e-03,2.887959e-03,1.725398e-02,2.540092e-01,5.554110e-02,4.273517e-03,1.111047e-03,3.635438e-03,1.010977e-01,9.441829e-02
1.526887e-02,1.068800e-02,1.106492e-01,3.315015e-01,7.934174e-02,1.566246e-02,6.371374e-03,1.954962e-02,2.154520e-01,4.246205e-02,4.124361e-03,9.586459e-04,3.172195e-03,7.158846e-02,7.320948e-02
1.288351e-02,8.572493e-03,8.100351e-02,2.431410e-01,1.487948e-01,1.917030e-02,1.286229e-01,4.951527e-02,1.666666e-01,3.002977e-02,3.460143e-03,7.617809e-04,4.870249e-03,5.021351e-02,5.229421e-02
1.219655e-02,6.364551e-03,5.758766e-02,1.707661e-01,1.318783e-01,1.516020e-02,2.599850e-01,1.251251e-01,1.198430e-01,2.111493e-02,2.579710e-03,5.560524e-04,4.759897e-03,3.518726e-02,3.689571e-02
1.081689e-02,4.866525e-03,4.106666e-02,1.203246e-01,1.211914e-01,1.307606e-02,3.800016e-01,1.434491e-01,8.522379e-02,1.638160e-02,3.179867e-03,4.553846e-04,7.633295e-03,2.477321e-02,2.756001e-02
7.659517e-03,3.465523e-03,2.878464e-02,8.433668e-02,8.763690e-02,1.032475e-02,5.529932e-01,1.008222e-01,5.980861e-02,1.214026e-02,3.725903e-03,7.067111e-04,9.736750e-03,1.735136e-02,2.050703e-02
5.443288e-03,2.542285e-03,2.017015e-02,5.917623e-02,6.205067e-02,1.130681e-02,6.504077e-01,7.082675e-02,4.195791e-02,9.247734e-03,5.171428e-03,8.641672e-03,2.129251e-02,1.218616e-02,1.957880e-02
4.170754e-03,2.034431e-03,1.417647e-02,4.172799e-02,4.548344e-02,9.553134e-03,6.234499e-01,4.987552e-02,2.961378e-02,8.565148e-03,1.541287e-02,2.016082e-02,6.154156e-02,8.578060e-03,6.565611e-02
4.216373e-03,7.490081e-03,1.067371e-02,3.279166e-02,4.096651e-02,9.297682e-03,5.073636e-01,3.558690e-02,5.557331e-02,9.018739e-03,1.832760e-02,4.614028e-02,1.591836e-01,7.062052e-03,5.630796e-02
3.060639e-03,5.560723e-03,7.676150e-03,2.509745e-02,3.025136e-02,7.574929e-03,3.613731e-01,2.584021e-02,4.028670e-02,7.308026e-03,2.715414e-02,4.276095e-02,3.185381e-01,5.113732e-03,9.240378e-02
2.258244e-03,3.960788e-03,5.494075e-03,1.849907e-02,3.571315e-02,5.447455e-03,2.537633e-01,1.835767e-02,4.459998e-02,5.540347e-03,3.948162e-02,3.360093e-02,4.483010e-01,3.673180e-03,8.130915e-02
3.551850e-03,3.810931e-03,7.497864e-03,2.026264e-02,4.416099e-02,8.104675e-03,1.796834e-01,6.307503e-02,4.309174e-02,4.297255e-03,4.396117e-02,2.497106e-02,4.070818e-01,2.745091e-03,1.437045e-01
4.335053e-03,3.116710e-03,2.194739e-02,1.821574e-02,5.259098e-02,1.650689e-02,1.288729e-01,1.268055e-01,4.315120e-02,3.671294e-03,4.772224e-02,1.881002e-02,3.233331e-01,2.036883e-03,1.888841e-01
5.057558e-03,2.762599e-03,1.792379e-01,4.886024e-02,5.865924e-02,1.758871e-02,9.114580e-02,1.412154e-01,3.483994e-02,2.854771e-03,3.727929e-02,1.339848e-02,2.302403e-01,1.455021e-03,1.354048e-01
6.277496e-03,2.368863e-03,3.335136e-01,5.310912e-02,6.228223e-02,1.322920e-02,6.455512e-02,1.337356e-01,2.784045e-02,2.094324e-03,3.101311e-02,9.490643e-03,1.635306e-01,1.041371e-03,9.591836e-02
