1.000000e+00,0.000000e+00,0.000000e+00,0.000000e+00,0.000000e+00,0.000000e+00,0.000000e+00,0.000000e+00,0.000000e+00,0.000000e+00,0.000000e+00,0.000000e+00,0.000000e+00,0.000000e+00,0.000000e+00
1.000000e+00,0.000000e+00,0.000000e+00,0.000000e+00,0.000000e+00,0.000000e+00,0.000000e+00,0.000000e+00,0.000000e+00,0.000000e+00,0.000000e+00,0.000000e+00,0.000000e+00,0.000000e+00,0.000000e+00
1.000000e+00,0.000000e+00,0.000000e+00,0.000000e+00,0.000000e+00,0.000000e+00,0.000000e+00,0.000000e+00,0.000000e+00,0.000000e+00,0.000000e+00,0.000000e+00,0.000000e+00,0.000000e+00,0.000000e+00
1.000000e+00,0.000000e+00,0.000000e+00,0.000000e+00,0.000000e+00,0.000000e+00,0.000000e+00,0.000000e+00,0.000000e+00,0.000000e+00,0.000000e+00,0.000000e+00,0.000000e+00,0.000000e+00,0.000000e+00
1.000000e+00,0.000000e+00,0.000000e+00,0.000000e+00,0.000000e+00,0.000000e+00,0.000000e+00,0.000000e+00,0.000000e+00,0.000000e+00,0.000000e+00,0.000000e+00,0.000000e+00,0.000000e+00,0.000000e+00
1.000000e+00,0.000000e+00,0.000000e+00,0.000000e+00,0.000000e+00,0.000000e+00,0.000000e+00,0.000000e+00,0.000000e+00,0.000000e+00,0.000000e+00,0.000000e+00,0.000000e+00,0.000000e+00,0.000000e+00
1.000000e+00,0.000000e+00,0.000000e+00,0.000000e+00,0.000000e+00,0.000000e+00,0.000000e+00,0.000000e+00,0.000000e+00,0.000000e+00,0.000000e+00,0.000000e+00,0.000000e+00,0.000000e+00,0.000000e+00
1.000000e+00,0.000000e+00,0.000000e+00,0.000000e+00,0.000000e+00,0.000000e+00,0.000000e+00,0.000000e+00,0.000000e+00,0.000000e+00,0.000000e+00,0.000000e+00,0.000000e+00,0.000000e+00,0.000000e+00
1.000000e+00,0.000000e+00,0.000000e+00,0.000000e+00,0.000000e+00,0.000000e+00,0.000000e+00,0.000000e+00,0.000000e+00,0.000000e+00,0.000000e+00,0.000000e+00,0.000000e+00,0.000000e+00,0.000000e+00
1.000000e+00,0.000000e+00,0.000000e+00,0.000000e+00,0.000000e+00,0.000000e+00,0.000000e+00,0.000000e+00,0.000000e+00,0.000000e+00,0.000000e+00,0.000000e+00,0.000000e+00,0.000000e+00,0.000000e+00
1.000000e+00,0.000000e+00,0.000000e+00,0.000000e+00,0.000000e+00,0.000000e+00,0.000000e+00,0.000000e+00,0.000000e+00,0.000000e+00,0.000000e+00,0.000000e+00,0.000000e+00,0.000000e+00,0.000000e+00
1.000000e+00,0.000000e+00,0.000000e+00,0.000000e+00,0.000000e+00,0.000000e+00,0.000000e+00,0.000000e+00,0.000000e+00,0.000000e+00,0.000000e+00,0.000000e+00,0.000000e+00,0.000000e+00,0.000000e+00
1.000000e+00,0.000000e+00,0.000000e+00,0.000000e+00,0.000000e+00,0.000000e+00,0.000000e+00,0.000000e+00,0.000000e+00,0.000000e+00,0.000000e+00,0.000000e+00,0.000000e+00,0.000000e+00,0.000000e+00
1.000000e+00,0.000000e+00,0.000000e+00,0.000000e+00,0.000000e+00,0.000000e+00,0.000000e+00,0.000000e+00,0.000000e+00,0.000000e+00,0.000000e+00,0.000000e+00,0.000000e+00,0.000000e+00,0.000000e+00
1.000000e+00,0.000000e+00,0.000000e+00,0.000000e+00,0.000000e+00,0.000000e+00,0.000000e+00,0.000000e+00,0.000000e+00,0.000000e+00,0.000000e+00,0.000000e+00,0.000000e+00,0.000000e+00,0.000000e+00
1.000000e+00,0.000000e+00,0.000000e+00,0.000000e+00,0.000000e+00,0.000000e+00,0.000000e+00,0.000000e+00,0.000000e+00,0.000000e+00,0.000000e+00,0.000000e+00,0.000000e+00,0.000000e+00,0.000000e+00
1.000000e+00,0.000000e+00,0.000000e+00,0.000000e+00,0.000000e+00,0.000000e+00,0.000000e+00,0.000000e+00,0.000000e+00,0.000000e+00,0.000000e+00,0.000000e+00,0.000000e+00,0.000000e+00,0.000000e+00
1.000000e+00,0.000000e+00,0.000000e+00,0.000000e+00,0.000000e+00,0.000000e+00,0.000000e+00,0.000000e+00,0.000000e+00,0.000000e+00,0.000000e+00,0.000000e+00,0.000000e+00,0.000000e+00,0.000000e+00
1.000000e+00,0.000000e+00,0.000000e+00,0.000000e+00,0.000000e+00,0.000000e+00,0.000000e+00,0.000000e+00,0.000000e+00,0.000000e+00,0.000000e+00,0.000000e+00,0.000000e+00,0.000000e+00,0.000000e+00
1.000000e+00,0.000000e+00,0.000000e+00,0.000000e+00,0.000000e+00,0.000000e+00,0.000000e+00,0.000000e+00,0.000000e+00,0.000000e+00,0.000000e+00,0.000000e+00,0.000000e+00,0.000000e+00,0.000000e+00
1.000000e+00,0.000000e+00,0.000000e+00,0.000000e+00,0.000000e+00,0.000000e+00,0.000000e+00,0.000000e+00,0.000000e+00,0.000000e+00,0.000000e+00,0.000000e+00,0.000000e+00,0.000000e+00,0.000000e+00
1.000000e+00,0.000000e+00,0.000000e+00,0.000000e+00,0.000000e+00,0.000000e+00,0.000000e+00,0.000000e+00,0.000000e+00,0.000000e+00,0.000000e+00,0.000000e+00,0.000000e+00,0.000000e+00,0.000000e+00
1.000000e+00,0.000000e+00,0.000000e+00,0.000000e+00,0.000000e+00,0.000000e+00,0.000000e+00,0.000000e+00,0.000000e+00,0.000000e+00,0.000000e+00,0.000000e+00,0.000000e+00,0.000000e+00,0.000000e+00
1.000000e+00,0.000000e+00,0.000000e+00,0.000000e+00,0.000000e+00,0.000000e+00,0.000000e+00,0.000000e+00,0.000000e+00,0.000000e+00,0.000000e+00,0.000000e+00,0.000000e+00,0.000000e+00,0.000000e+00
1.000000e+00,0.000000e+00,0.000000e+00,0.000000e+00,0.000000e+00,0.000000e+00,0.000000e+00,0.000000e+00,0.000000e+00,0.000000e+00,0.000000e+00,0.000000e+00,0.000000e+00,0.000000e+00,0.000000e+00
1.000000e+00,0.000000e+00,0.000000e+00,0.000000e+00,0.000000e+00,0.000000e+00,0.000000e+00,0.000000e+00,0.000000e+00,0.000000e+00,0.000000e+00,0.000000e+00,0.000000e+00,0.000000e+00,0.000000e+00
1.000000e+00,0.000000e+00,0.000000e+00,0.000000e+00,0.000000e+00,0.000000e+00,0.000000e+00,0.000000e+00,0.000000e+00,0.000000e+00,0.000000e+00,0.000000e+00,0.000000e+00,0.000000e+00,0.000000e+00
1.000000e+00,0.000000e+00,0.000000e+00,0.000000e+00,0.000000e+00,0.000000e+00,0.000000e+00,0.000000e+00,0.000000e+00,0.000000e+00,0.000000e+00,0.000000e+00,0.000000e+00,0.000000e+00,0.000000e+00
1.000000e+00,0.000000e+00,0.000000e+00,0.000000e+00,0.000000e+00,0.000000e+00,0.000000e+00,0.000000e+00,0.000000e+00,0.000000e+00,0.000000e+00,0.000000e+00,0.000000e+00,0.000000e+00,0.000000e+00
1.000000e+00,0.000000e+00,0.000000e+00,0.000000e+00,0.000000e+00,0.000000e+00,0.000000e+00,0.000000e+00,0.000000e+00,0.000000e+00,0.000000e+00,0.000000e+00,0.000000e+00,0.000000e+00,0.000000e+00
1.000000e+00,0.000000e+00,0.000000e+00,0.000000e+00,0.000000e+00,0.000000e+00,0.000000e+00,0.000000e+00,0.000000e+00,0.000000e+00,0.000000e+00,0.000000e+00,0.000000e+00,0.000000e+00,0.000000e+00
1.000000e+00,0.000000e+00,0.000000e+00,0.000000e+00,0.000000e+00,0.000000e+00,0.000000e+00,0.000000e+00,0.000000e+00,0.000000e+00,0.000000e+00,0.000000e+00,0.000000e+00,0.000000e+00,0.000000e+00
1.000000e+00,0.000000e+00,0.000000e+00,0.000000e+00,0.000000e+00,0.000000e+00,0.000000e+00,0.000000e+00,0.000000e+00,0.000000e+00,0.000000e+00,0.000000e+00,0.000000e+00,0.000000e+00,0.000000e+00
1.000000e+00,0.000000e+00,0.000000e+00,0.000000e+00,0.000000e+00,0.000000e+00,0.000000e+00,0.000000e+00,0.000000e+00,0.000000e+00,0.000000e+00,0.000000e+00,0.000000e+00,0.000000e+00,0.000000e+00
1.000000e+00,0.000000e+00,0.000000e+00,0.000000e+00,0.000000e+00,0.000000e+00,0.000000e+00,0.000000e+00,0.000000e+00,0.000000e+00,0.000000e+00,0.000000e+00,0.000000e+00,0.000000e+00,0.000000e+00
1.000000e+00,0.000000e+00,0.000000e+00,0.000000e+00,0.000000e+00,0.000000e+00,0.000000e+00,0.000000e+00,0.000000e+00,0.000000e+00,0.000000e+00,0.000000e+00,0.000000e+00,0.000000e+00,0.000000e+00
1.000000e+00,0.000000e+00,0.000000e+00,0.000000e+00,0.000000e+00,0.000000e+00,0.000000e+00,0.000000e+00,0.000000e+00,0.000000e+00,0.000000e+00,0.000000e+00,0.000000e+00,0.000000e+00,0.000000e+00
1.000000e+00,0.000000e+00,0.000000e+00,0.000000e+00,0.000000e+00,0.000000e+00,0.000000e+00,0.000000e+00,0.000000e+00,0.000000e+00,0.000000e+00,0.000000e+00,0.000000e+00,0.000000e+00,0.000000e+00
1.000000e+00,0.000000e+00,0.000000e+00,0.000000e+00,0.000000e+00,0.000000e+00,0.000000e+00,0.000000e+00,0.000000e+00,0.000000e+00,0.000000e+00,0.000000e+00,0.000000e+00,0.000000e+00,0.000000e+00
1.000000e+00,0.000000e+00,0.000000e+00,0.000000e+00,0.000000e+00,0.000000e+00,0.000000e+00,0.000000e+00,0.000000e+00,0.000000e+00,0.000000e+00,0.000000e+00,0.000000e+00,0.000000e+00,0.000000e+00
1.000000e+00,0.000000e+00,0.000000e+00,0.000000e+00,0.000000e+00,0.000000e+00,0.000000e+00,0.000000e+00,0.000000e+00,0.000000e+00,0.000000e+00,0.000000e+00,0.000000e+00,0.000000e+00,0.000000e+00
1.000000e+00,0.000000e+00,0.000000e+00,0.000000e+00,0.000000e+00,0.000000e+00,0.000000e+00,0.000000e+00,0.000000e+00,0.000000e+00,0.000000e+00,0.000000e+00,0.000000e+00,0.000000e+00,0.000000e+00
1.000000e+00,0.000000e+00,0.000000e+00,0.000000e+00,0.000000e+00,0.000000e+00,0.000000e+00,0.000000e+00,0.000000e+00,0.000000e+00,0.000000e+00,0.000000e+00,0.000000e+00,0.000000e+00,0.000000e+00
1.000000e+00,0.000000e+00,0.000000e+00,0.000000e+00,0.000000e+00,0.000000e+00,0.000000e+00,0.000000e+00,0.000000e+00,0.000000e+00,0.000000e+00,0.000000e+00,0.000000e+00,0.000000e+00,0.000000e+00
1.000000e+00,0.000000e+00,0.000000e+00,0.000000e+00,0.000000e+00,0.000000e+00,0.000000e+00,0.000000e+00,0.000000e+00,0.000000e+00,0.000000e+00,0.000000e+00,0.000000e+00,0.000000e+00,0.000000e+00
1.000000e+00,0.000000e+00,0.000000e+00,0.000000e+00,0.000000e+00,0.000000e+00,0.000000e+00,0.000000e+00,0.000000e+00,0.000000e+00,0.000000e+00,0.000000e+00,0.000000e+00,0.000000e+00,0.000000e+00
1.000000e+00,0.000000e+00,0.000000e+00,0.000000e+00,0.000000e+00,0.000000e+00,0.000000e+00,0.000000e+00,0.000000e+00,0.000000e+00,0.000000e+00,0.000000e+00,0.000000e+00,0.000000e+00,0.000000e+00
1.000000e+00,0.000000e+00,0.000000e+00,0.000000e+00,0.000000e+00,0.000000e+00,0.000000e+00,0.000000e+00,0.000000e+00,0.000000e+00,0.000000e+00,0.000000e+00,0.000000e+00,0.000000e+00,0.000000e+00
1.000000e+00,0.000000e+00,0.000000e+00,0.000000e+00,0.000000e+00,0.000000e+00,0.000000e+00,0.000000e+00,0.000000e+00,0.000000e+00,0.000000e+00,0.000000e+00,0.000000e+00,0.000000e+00,0.000000e+00
1.000000e+00,0.000000e+00,0.000000e+00,0.000000e+00,0.000000e+00,0.000000e+00,0.000000e+00,0.000000e+00,0.000000e+00,0.000000e+00,0.000000e+00,0.000000e+00,0.000000e+00,0.000000e+00,0.000000e+00
1.000000e+00,0.000000e+00,0.000000e+00,0.000000e+00,0.000000e+00,0.000000e+00,0.000000e+00,0.000000e+00,0.000000e+00,0.000000e+00,0.000000e+00,0.000000e+00,0.000000e+00,0.000000e+00,0.000000e+00
1.000000e+00,0.000000e+00,0.000000e+00,0.000000e+00,0.000000e+00,0.000000e+00,0.000000e+00,0.000000e+00,0.000000e+00,0.000000e+00,0.000000e+00,0.000000e+00,0.000000e+00,0.000000e+00,0.000000e+00
1.000000e+00,0.000000e+00,0.000000e+00,0.000000e+00,0.000000e+00,0.000000e+00,0.000000e+00,0.000000e+00,0.000000e+00,0.000000e+00,0.000000e+00,0.000000e+00,0.000000e+00,0.000000e+00,0.000000e+00
1.000000e+00,0.000000e+00,0.000000e+00,0.000000e+00,0.000000e+00,0.000000e+00,0.000000e+00,0.000000e+00,0.000000e+00,0.000000e+00,0.000000e+00,0.000000e+00,0.000000e+00,0.000000e+00,0.000000e+00
1.000000e+00,0.000000e+00,0.000000e+00,0.000000e+00,0.000000e+00,0.000000e+00,0.000000e+00,0.000000e+00,0.000000e+00,0.000000e+00,0.000000e+00,0.000000e+00,0.000000e+00,0.000000e+00,0.000000e+00
1.000000e+00,0.000000e+00,0.000000e+00,0.000000e+00,0.000000e+00,0.000000e+00,0.000000e+00,0.000000e+00,0.000000e+00,0.000000e+00,0.000000e+00,0.000000e+00,0.000000e+00,0.000000e+00,0.000000e+00
1.000000e+00,0.000000e+00,0.000000e+00,0.000000e+00,0.000000e+00,0.000000e+00,0.000000e+00,0.000000e+00,0.000000e+00,0.000000e+00,0.000000e+00,0.000000e+00,0.000000e+00,0.000000e+00,0.000000e+00
1.000000e+00,0.000000e+00,0.000000e+00,0.000000e+00,0.000000e+00,0.000000e+00,0.000000e+00,0.000000e+00,0.000000e+00,0.000000e+00,0.000000e+00,0.000000e+00,0.000000e+00,0.000000e+00,0.000000e+00
1.000000e+00,0.000000e+00,0.000000e+00,0.000000e+00,0.000000e+00,0.000000e+00,0.000000e+00,0.000000e+00,0.000000e+00,0.000000e+00,0.000000e+00,0.000000e+00,0.000000e+00,0.000000e+00,0.000000e+00
4.601759e-01,7.795734e-02,2.145684e-02,1.596271e-01,2.436146e-02,3.697100e-02,1.371938e-02,2.883399e-02,2.522451e-02,4.495775e-03,2.186552e-02,4.376908e-02,2.273410e-02,7.857779e-03,5.095022e-02
4.151997e-01,8.930841e-02,2.159627e-02,1.708853e-01,3.016400e-02,3.964310e-02,1.545339e-02,2.917545e-02,2.636444e-02,4.842162e-03,2.040906e-02,5.142489e-02,2.564683e-02,7.332661e-03,5.255440e-02
3.144665e-01,9.355932e-02,2.946117e-02,2.517036e-01,3.983963e-02,3.659753e-02,1.869224e-02,4.413548e-02,2.452609e-02,3.955966e-03,1.747826e-02,5.064075e-02,2.371394e-02,6.119488e-03,4.511005e-02
2.960679e-01,1.011175e-01,2.774462e-02,2.433367e-01,4.198517e-02,3.427784e-02,1.663740e-02,3.622700e-02,2.658595e-02,4.712901e-03,2.002442e-02,5.876403e-02,2.754526e-02,8.831087e-03,5.614229e-02
2.352926e-01,9.706218e-02,3.539605e-02,3.017344e-01,4.935716e-02,3.219133e-02,1.603654e-02,3.914051e-02,2.674442e-02,4.014996e-03,1.902228e-02,5.911374e-02,2.531023e-02,7.947762e-03,5.163585e-02
2.485980e-01,1.011887e-01,3.855735e-02,2.772968e-01,5.338084e-02,3.151238e-02,1.483500e-02,3.160179e-02,2.618057e-02,4.311343e-03,2.118838e-02,5.568426e-02,2.616924e-02,1.077280e-02,5.872252e-02
2.444051e-01,9.853435e-02,4.794179e-02,2.685719e-01,5.104560e-02,3.361761e-02,1.342109e-02,3.240382e-02,2.399546e-02,4.506265e-03,2.431103e-02,5.648503e-02,2.727953e-02,1.163559e-02,6.184587e-02
2.530196e-01,8.335466e-02,5.568593e-02,2.394105e-01,4.358349e-02,4.202301e-02,1.112955e-02,3.166869e-02,2.321142e-02,5.095168e-03,4.910664e-02,5.792960e-02,2.579415e-02,1.607529e-02,6.291229e-02
3.046814e-01,6.588614e-02,4.928438e-02,1.802437e-01,3.395157e-02,6.742379e-02,9.493809e-03,2.832800e-02,1.883736e-02,5.125045e-03,7.728903e-02,5.709548e-02,2.365886e-02,2.514534e-02,5.355608e-02
3.374761e-01,5.132812e-02,4.637571e-02,1.374167e-01,2.776883e-02,1.227787e-01,9.613639e-03,2.689061e-02,1.469660e-02,5.044418e-03,7.130314e-02,5.909391e-02,2.300786e-02,2.220881e-02,4.499681e-02
3.858294e-01,4.387949e-02,7.366733e-02,1.287984e-01,2.201933e-02,1.010055e-01,1.282411e-02,2.925339e-02,1.133643e-02,4.021520e-03,6.025623e-02,5.374439e-02,1.931198e-02,1.666928e-02,3.738323e-02
1.000000e+00,0.000000e+00,0.000000e+00,0.000000e+00,0.000000e+00,0.000000e+00,0.000000e+00,0.000000e+00,0.000000e+00,0.000000e+00,0.000000e+00,0.000000e+00,0.000000e+00,0.000000e+00,0.000000e+00
1.000000e+00,0.000000e+00,0.000000e+00,0.000000e+00,0.000000e+00,0.000000e+00,0.000000e+00,0.000000e+00,0.000000e+00,0.000000e+00,0.000000e+00,0.000000e+00,0.000000e+00,0.000000e+00,0.000000e+00
4.248355e-01,2.005804e-02,2.931666e-01,7.895091e-02,9.445433e-03,4.139614e-02,7.666171e-03,2.978044e-02,5.408700e-03,1.959651e-03,2.562375e-02,2.457268e-02,1.070985e-02,7.441302e-03,1.898480e-02
3.403061e-01,1.490405e-02,3.818409e-01,8.987077e-02,8.648658e-03,3.089787e-02,6.527397e-03,5.818275e-02,3.966235e-03,1.551687e-03,1.849445e-02,1.757461e-02,7.914020e-03,5.319955e-03,1.400050e-02
2.577769e-01,1.109146e-02,3.583361e-01,9.484188e-02,1.021700e-02,2.411297e-02,1.288592e-02,1.792703e-01,3.137367e-03,1.228299e-03,1.335436e-02,1.245366e-02,7.043967e-03,3.864976e-03,1.038475e-02
1.922521e-01,7.965913e-03,3.034381e-01,7.729347e-02,8.467550e-03,1.898108e-02,1.729317e-02,3.360544e-01,2.322165e-03,9.399445e-04,9.548482e-03,8.813883e-03,6.305620e-03,2.819411e-03,7.504596e-03
1.382033e-01,5.764908e-03,2.444079e-01,6.059219e-02,7.665203e-03,1.587872e-02,1.904009e-02,4.786992e-01,1.741576e-03,7.672605e-04,6.874653e-03,6.239681e-03,6.736606e-03,2.026210e-03,5.362412e-03
9.767686e-02,4.658869e-03,1.966519e-01,4.710532e-02,1.100059e-02,1.550404e-02,1.728312e-02,5.757463e-01,3.010583e-03,3.216189e-03,7.646242e-03,4.616211e-03,9.625189e-03,1.562039e-03,4.696485e-03
6.873594e-02,3.376113e-03,1.386102e-01,3.342558e-02,8.265574e-03,1.100736e-02,1.258796e-02,5.560212e-01,2.286223e-03,2.953976e-02,3.280236e-02,3.364773e-02,1.984228e-02,4.580108e-02,4.050632e-03
4.820007e-02,2.418681e-03,9.716684e-02,2.520414e-02,6.071560e-03,7.755364e-03,8.851666e-03,4.157954e-01,1.755906e-03,1.957632e-01,3.046775e-02,2.690412e-02,2.658268e-02,1.012242e-01,5.838507e-03
3.379903e-02,1.827733e-03,6.810366e-02,1.907968e-02,4.943203e-03,5.495170e-03,6.450301e-03,2.930105e-01,1.990936e-03,2.536311e-01,4.304568e-02,3.542780e-02,5.410919e-02,1.608851e-01,1.820086e-02
2.372113e-02,1.476229e-03,4.784293e-02,1.384848e-02,5.046045e-03,3.887173e-03,4.598623e-03,2.055692e-01,2.650215e-03,3.339942e-01,3.794696e-02,3.498155e-02,6.883983e-02,1.824382e-01,3.315922e-02
1.663267e-02,1.175748e-03,3.362293e-02,1.083445e-02,4.050523e-03,2.765498e-03,3.268837e-03,1.439820e-01,2.746315e-03,4.034368e-01,2.955464e-02,2.548681e-02,5.251706e-02,2.015434e-01,6.838237e-02
1.167067e-02,1.028579e-03,2.376772e-02,1.048888e-02,3.281126e-03,2.048531e-03,2.318901e-03,1.008467e-01,2.825717e-03,4.487770e-01,2.493306e-02,1.865989e-02,3.962602e-02,2.027634e-01,1.069637e-01
8.488389e-03,4.075760e-03,1.912581e-02,1.248586e-01,6.032959e-03,1.798370e-03,1.710750e-03,7.099511e-02,5.361715e-02,3.369189e-01,5.464445e-02,1.697361e-02,3.387533e-02,1.619954e-01,1.048894e-01
6.396566e-03,3.447708e-03,1.436355e-02,1.018360e-01,5.799872e-03,1.850503e-03,1.281481e-03,4.983474e-02,4.409017e-02,2.470954e-01,8.562921e-02,1.449147e-02,3.179727e-02,1.804104e-01,2.116756e-01
4.918467e-03,5.598644e-03,1.514397e-02,7.956711e-02,6.093753e-03,1.572482e-03,9.488147e-04,3.494793e-02,5.048758e-02,1.836113e-01,1.441123e-01,1.217555e-02,3.218867e-02,2.392362e-01,1.893972e-01
3.777339e-03,4.779358e-03,2.039388e-02,5.929792e-02,5.577130e-03,1.669793e-03,7.290826e-04,2.676919e-02,5.755686e-02,1.341479e-01,1.488082e-01,1.053583e-02,2.547671e-02,3.528696e-01,1.476111e-01
2.757972e-03,3.735728e-03,1.620232e-02,4.614832e-02,4.255901e-03,1.354011e-03,5.334399e-04,2.012236e-02,1.447036e-01,9.492576e-02,1.226495e-01,8.578783e-03,1.862198e-02,4.075029e-01,1.079074e-01
2.014645e-03,3.092258e-03,1.268734e-02,4.082981e-02,3.308479e-03,1.527175e-03,3.863777e-04,1.560228e-02,1.868009e-01,6.724884e-02,9.554769e-02,6.739863e-03,1.528488e-02,4.678576e-01,8.107181e-02
1.509217e-03,2.438581e-03,1.138595e-02,3.104036e-02,2.573248e-03,1.297986e-03,3.884543e-04,6.242435e-02,1.475582e-01,4.764118e-02,8.193346e-02,1.014297e-02,1.607165e-02,5.257856e-01,5.780872e-02
1.426330e-03,2.224296e-03,1.489528e-02,2.516210e-02,3.841215e-03,1.241647e-03,6.151049e-04,8.555035e-02,1.294828e-01,3.413476e-02,6.800705e-02,9.253299e-03,1.621305e-02,5.650677e-01,4.288496e-02
1.320748e-02,3.658802e-03,3.343271e-02,4.637575e-02,1.650381e-02,2.087539e-03,1.948842e-03,1.036275e-01,1.139241e-01,2.667113e-02,5.433829e-02,6.815343e-03,1.555816e-02,5.287683e-01,3.308217e-02
1.167360e-02,3.258861e-03,3.695248e-02,7.691047e-02,1.506918e-02,1.803830e-03,1.679306e-03,2.237172e-01,9.360384e-02,2.052394e-02,4.762969e-02,5.900603e-03,1.661301e-02,4.176349e-01,2.702904e-02
1.133950e-02,6.008080e-03,5.147156e-02,1.430986e-01,1.619295e-02,1.931275e-03,1.397506e-03,2.544256e-01,1.026108e-01,1.580091e-02,4.020605e-02,4.811118e-03,1.416769e-02,3.126883e-01,2.385009e-02
1.695294e-02,7.548606e-03,4.991635e-02,1.436619e-01,2.267995e-02,2.233304e-03,1.130637e-03,2.737648e-01,1.044543e-01,1.762959e-02,5.443864e-02,5.311737e-03,1.508830e-02,2.596650e-01,2.552388e-02
3.642353e-02,1.110388e-02,7.964787e-02,1.261138e-01,4.735386e-02,2.927963e-03,1.054156e-03,2.287980e-01,8.724834e-02,2.970255e-02,5.145716e-02,4.359730e-03,1.205450e-02,2.537285e-01,2.802617e-02
3.366660e-02,1.077567e-02,1.735828e-01,2.078869e-01,4.431833e-02,3.025282e-03,1.231307e-03,1.783974e-01,6.914382e-02,2.278327e-02,3.841028e-02,3.379628e-03,9.147976e-03,1.790423e-01,2.520839e-02
3.883868e-02,2.079828e-02,1.737138e-01,2.224548e-01,5.121405e-02,3.802954e-03,1.369523e-03,1.874034e-01,7.776848e-02,2.065544e-02,3.192731e-02,2.744555e-03,7.531580e-03,1.302352e-01,2.954200e-02
4.922272e-02,9.605730e-02,1.314640e-01,1.822513e-01,6.164248e-02,4.645535e-03,1.931404e-03,1.703246e-01,1.221598e-01,1.687284e-02,2.640674e-02,2.131821e-03,8.754137e-03,9.257935e-02,3.355591e-02
5.079693e-02,9.125632e-02,1.364983e-01,1.651276e-01,8.237432e-02,6.853689e-03,7.559683e-03,1.624124e-01,1.369102e-01,1.565089e-02,1.930271e-02,1.785011e-03,8.023904e-03,6.541190e-02,5.003622e-02
5.043482e-02,8.325195e-02,1.639014e-01,1.755650e-01,8.245231e-02,8.123402e-03,1.209091e-02,1.388720e-01,1.357399e-01,1.640797e-02,1.409195e-02,1.685563e-03,7.244745e-03,4.605374e-02,6.408440e-02
3.732036e-02,6.438038e-02,3.324335e-01,1.407450e-01,6.602808e-02,1.109175e-02,1.399521e-02,1.024239e-01,1.019981e-01,1.980416e-02,1.346499e-02,1.853932e-03,7.931756e-03,3.255476e-02,5.397418e-02
2.690701e-02,4.818374e-02,3.015195e-01,1.137757e-01,5.318375e-02,1.026600e-02,1.128396e-02,9.765956e-02,8.178804e-02,2.776845e-02,1.209308e-01,5.181469e-03,9.834256e-03,2.782875e-02,6.388898e-02
1.933826e-02,3.466113e-02,2.177608e-01,8.450735e-02,4.354759e-02,7.815851e-03,8.165230e-03,7.138038e-02,7.945496e-02,4.197723e-02,2.613587e-01,1.224360e-02,2.102423e-02,3.099871e-02,6.576598e-02
1.370255e-02,2.544372e-02,1.540733e-01,6.066372e-02,3.151290e-02,5.759035e-03,5.746679e-03,5.019455e-02,1.770446e-01,7.998930e-02,2.502551e-01,1.859342e-02,3.618842e-02,3.054141e-02,6.029136e-02
9.916323e-03,1.821908e-02,1.098400e-01,4.403767e-02,2.337722e-02,4.342023e-03,4.049751e-03,3.598431e-02,2.774569e-01,9.581414e-02,2.346496e-01,1.554296e-02,4.291032e-02,3.607653e-02,4.778321e-02
7.020585e-03,1.289779e-02,7.745847e-02,3.148248e-02,1.833059e-02,3.516542e-03,3.045468e-03,2.533696e-02,3.829702e-01,1.054000e-01,1.835831e-01,1.252367e-02,3.584996e-02,6.092861e-02,3.965556e-02
4.989488e-03,9.325200e-03,5.513662e-02,2.246041e-02,1.426141e-02,3.026799e-03,2.275551e-03,1.785841e-02,3.635251e-01,1.321844e-01,1.414572e-01,1.181830e-02,2.821513e-02,1.554989e-01,3.796714e-02
3.553902e-03,6.773568e-03,3.895802e-02,1.602415e-02,1.106511e-02,3.055050e-03,1.613797e-03,1.260250e-02,3.213013e-01,9.859043e-02,1.113817e-01,9.208188e-03,2.331070e-02,3.114161e-01,3.114554e-02
3.933336e-03,6.679704e-03,3.559503e-02,1.761021e-02,1.136971e-02,1.632673e-02,1.365630e-03,9.544074e-03,3.474554e-01,7.616723e-02,1.098674e-01,7.505313e-03,1.896341e-02,3.115187e-01,2.609811e-02
4.080592e-03,8.480353e-03,3.242298e-02,1.745367e-02,1.190717e-02,2.094049e-02,1.029310e-03,6.905192e-03,3.324922e-01,6.155016e-02,1.004847e-01,6.067643e-03,1.433122e-02,3.618686e-01,1.998563e-02
3.822274e-03,7.892391e-03,2.395848e-02,1.300953e-02,9.540812e-03,2.010155e-02,7.519581e-04,4.898055e-03,2.948002e-01,5.143242e-02,7.950363e-02,4.590565e-03,1.026000e-02,4.586580e-01,1.678008e-02
3.807001e-03,7.734330e-03,1.767873e-02,9.685707e-03,8.091690e-03,1.757037e-02,5.842089e-04,3.465323e-03,2.599708e-01,4.385836e-02,6.423219e-02,3.451859e-03,7.502351e-03,5.298241e-01,2.254301e-02
3.676437e-03,8.294323e-03,1.298918e-02,8.484252e-03,6.421006e-03,1.767712e-02,4.394941e-04,2.496458e-03,3.166348e-01,3.564306e-02,6.605940e-02,2.879670e-03,5.528354e-03,4.934490e-01,1.932747e-02
2.748181e-03,9.740354e-03,9.771272e-03,6.485478e-03,4.901725e-03,1.332718e-02,3.237231e-04,1.768786e-03,4.334187e-01,3.045249e-02,5.173453e-02,2.543487e-03,4.188091e-03,4.139180e-01,1.467800e-02
1.975904e-03,1.558285e-02,7.026687e-03,4.647671e-03,4.118243e-03,1.096691e-02,2.300360e-04,1.241914e-03,5.139431e-01,2.256219e-02,3.837520e-02,2.318320e-03,3.063790e-03,3.631377e-01,1.080959e-02
1.490483e-03,1.526863e-02,5.353700e-03,3.591315e-03,3.097166e-03,9.277569e-03,1.713815e-04,8.933129e-04,6.116672e-01,2.169915e-02,2.891511e-02,2.222596e-03,2.454762e-03,2.855708e-01,8.326822e-03
1.801088e-03,1.755048e-02,1.014605e-02,3.762476e-03,2.757933e-03,8.157346e-03,1.477305e-04,8.745780e-04,6.449240e-01,3.151886e-02,3.025770e-02,2.368434e-03,2.197752e-03,2.361280e-01,7.407544e-03
3.695488e-03,2.500572e-02,3.841627e-02,5.190358e-03,7.326699e-03,7.492287e-03,2.019981e-04,4.339985e-03,6.505068e-01,3.508332e-02,3.021461e-02,1.956178e-03,2.021885e-03,1.817667e-01,6.781761e-03
3.583748e-03,1.975613e-02,3.163824e-02,4.877255e-03,1.079660e-02,6.400495e-03,1.804738e-04,7.569789e-03,6.453868e-01,9.187770e-02,2.814113e-02,1.842002e-03,2.562157e-03,1.365492e-01,8.838389e-03
3.173079e-03,1.526835e-02,2.458158e-02,4.060852e-03,1.144894e-02,5.910203e-03,1.508204e-04,6.707767e-03,6.714948e-01,9.629919e-02,2.513090e-02,1.446867e-03,2.560802e-03,1.174173e-01,1.434855e-02
3.047547e-03,1.373807e-02,2.294870e-02,3.840328e-03,9.614475e-03,7.199713e-03,1.341631e-04,9.700935e-03,6.643597e-01,8.174428e-02,2.247788e-02,1.215444e-03,2.659773e-03,1.407779e-01,1.654109e-02
3.876334e-03,1.360019e-02,2.172275e-02,3.934708e-03,1.035633e-02,8.981112e-03,1.638216e-04,1.409588e-02,6.196727e-01,7.755375e-02,2.127079e-02,1.273070e-03,3.205448e-03,1.776083e-01,2.268488e-02
4.258814e-03,1.633886e-02,2.347557e-02,7.761113e-03,1.198011e-02,8.300646e-03,1.947241e-04,3.943766e-02,5.644541e-01,6.100179e-02,2.637945e-02,2.214318e-03,6.220093e-03,1.936330e-01,3.434979e-02
3.971684e-03,1.708664e-02,2.266092e-02,1.061175e-02,1.191013e-02,6.843059e-03,2.185896e-04,3.644429e-02,5.250210e-01,4.964802e-02,2.161231e-02,1.936834e-03,6.684541e-03,2.474428e-01,3.790741e-02
5.053204e-03,1.534500e-02,2.056936e-02,9.693902e-03,1.628602e-02,1.021555e-02,5.918470e-04,7.756068e-02,4.438428e-01,3.987234e-02,2.104244e-02,1.813387e-03,6.674811e-03,3.016309e-01,2.980767e-02
7.803728e-03,1.774446e-02,1.754526e-02,7.274974e-03,1.355347e-02,1.198618e-02,7.048466e-04,7.031687e-02,3.523404e-01,3.033973e-02,1.859355e-02,1.464292e-03,5.431713e-03,4.168183e-01,2.808225e-02
1.223466e-02,1.885102e-02,2.297034e-02,1.013793e-02,1.851084e-02,9.296839e-03,9.319133e-04,1.313174e-01,2.955011e-01,2.384812e-02,2.074229e-02,1.444182e-03,4.836691e-03,3.964977e-01,3.287905e-02
1.394390e-02,2.279861e-02,3.113138e-02,9.115086e-03,1.507212e-02,8.023126e-03,7.345392e-04,1.116733e-01,2.291499e-01,1.843363e-02,1.598832e-02,1.194098e-03,3.772291e-03,4.568038e-01,6.216604e-02
1.812630e-02,7.151433e-02,3.252760e-02,7.607137e-03,1.544570e-02,1.444631e-02,6.117816e-04,9.307391e-02,2.126650e-01,1.464335e-02,1.226585e-02,1.011075e-03,3.413115e-03,4.417323e-01,6.091629e-02
1.713634e-02,6.941508e-02,5.481814e-02,1.403671e-02,2.178875e-02,1.297264e-02,7.061209e-04,1.759610e-01,2.183856e-01,1.103984e-02,9.212897e-03,7.377545e-04,2.676675e-03,3.421158e-01,4.899668e-02
2.374597e-02,8.101489e-02,8.648184e-02,1.201862e-02,3.747812e-02,4.254823e-02,1.332462e-03,1.430024e-01,2.183743e-01,1.449672e-02,7.172025e-03,5.798519e-04,2.409688e-03,2.722630e-01,5.708197e-02
3.299956e-02,7.964787e-02,6.987014e-02,9.765961e-03,9.838215e-02,1.086893e-01,3.441283e-03,1.044936e-01,2.130420e-01,1.072503e-02,5.122064e-03,4.263805e-04,2.028141e-03,2.046708e-01,5.669579e-02
3.191497e-02,7.262865e-02,5.512960e-02,1.128042e-02,2.747371e-01,9.294289e-02,1.977586e-02,7.715112e-02,1.622828e-01,7.675653e-03,3.694721e-03,3.238483e-04,1.531342e-03,1.468138e-01,4.211717e-02
3.760459e-02,7.349484e-02,3.990472e-02,1.047609e-02,3.324392e-01,9.154779e-02,1.727156e-02,6.276283e-02,1.756914e-01,5.533304e-03,3.894797e-03,4.753930e-04,9.337105e-03,1.060913e-01,3.347509e-02
3.386255e-02,6.574120e-02,2.870193e-02,1.069531e-02,3.512483e-01,1.695065e-01,1.905471e-02,5.272148e-02,1.516029e-01,3.978785e-03,3.173794e-03,5.565546e-04,9.959118e-03,7.484823e-02,2.434867e-02
3.717466e-02,5.602530e-02,2.190195e-02,1.189584e-02,2.730072e-01,2.286264e-01,1.646255e-02,3.846359e-02,1.767524e-01,3.060608e-03,3.471649e-03,1.225907e-03,5.748381e-02,5.252934e-02,2.191877e-02
3.633111e-02,4.308774e-02,1.976503e-02,1.231333e-02,2.125707e-01,2.990267e-01,2.520352e-02,3.074880e-02,1.471223e-01,2.247603e-03,2.956765e-03,1.326896e-03,1.133290e-01,3.682696e-02,1.714347e-02
3.370240e-02,3.389242e-02,2.349998e-02,1.191024e-02,1.624350e-01,3.681846e-01,4.595944e-02,3.522446e-02,1.118088e-01,1.748829e-03,3.123268e-03,1.683298e-03,1.276400e-01,2.587665e-02,1.331073e-02
4.039153e-02,2.734593e-02,4.606812e-02,1.235713e-02,1.248135e-01,2.823468e-01,1.200512e-01,3.587695e-02,8.567184e-02,1.853437e-03,2.930583e-03,1.955146e-03,1.884523e-01,1.826034e-02,1.162528e-02
5.415770e-02,2.207164e-02,3.872100e-02,1.095542e-02,9.578737e-02,2.117302e-01,2.645588e-01,3.574520e-02,6.526472e-02,1.759281e-03,2.812970e-03,3.271658e-03,1.711388e-01,1.288754e-02,9.137784e-03
1.103982e-01,2.348604e-02,3.984110e-02,9.919778e-03,7.842781e-02,1.599126e-01,3.378041e-01,3.311063e-02,5.134054e-02,2.359841e-03,2.732080e-03,6.034011e-03,1.273473e-01,9.233719e-03,8.052123e-03
1.114528e-01,1.925869e-02,3.513441e-02,9.014994e-03,6.249261e-02,1.179218e-01,4.607100e-01,2.852908e-02,3.710841e-02,2.281045e-03,2.196783e-03,5.274070e-03,9.537733e-02,6.700360e-03,6.547559e-03
1.255459e-01,1.398227e-02,2.677549e-02,6.924088e-03,4.979410e-02,8.680442e-02,5.442849e-01,2.776951e-02,2.711037e-02,1.936762e-03,1.932376e-03,5.351956e-03,7.114822e-02,4.965052e-03,5.674593e-03
1.869729e-01,1.018150e-02,2.016472e-02,5.477928e-03,3.905767e-02,6.685676e-02,5.516329e-01,2.453789e-02,1.949833e-02,1.858206e-03,2.307979e-03,7.901377e-03,5.386178e-02,4.077378e-03,5.612621e-03
2.046690e-01,7.383851e-03,1.486109e-02,4.375052e-03,3.116286e-02,5.025811e-02,5.913426e-01,2.094766e-02,1.397397e-02,1.589123e-03,2.325017e-03,8.776287e-03,4.018001e-02,3.173440e-03,4.982024e-03
2.045040e-01,5.357585e-03,1.139903e-02,3.885110e-03,2.501533e-02,3.948210e-02,6.321776e-01,2.036092e-02,1.000336e-02,1.246211e-03,2.704374e-03,7.748949e-03,2.948526e-02,2.384287e-03,4.246026e-03
1.924507e-01,3.906223e-03,8.897404e-03,3.516029e-03,2.153701e-02,3.110894e-02,6.724769e-01,2.011372e-02,7.265467e-03,1.032224e-03,3.207328e-03,7.029917e-03,2.201197e-02,1.813048e-03,3.633152e-03
1.781336e-01,2.909359e-03,7.190874e-03,2.975550e-03,1.719796e-02,2.510421e-02,7.062552e-01,2.124788e-02,5.567972e-03,8.798375e-04,3.893207e-03,6.938593e-03,1.684498e-02,1.498666e-03,3.362106e-03
1.655642e-01,2.321633e-03,5.538576e-03,2.719284e-03,1.416741e-02,2.069971e-02,7.327992e-01,2.057846e-02,4.772495e-03,8.210227e-04,4.038612e-03,8.322651e-03,1.333411e-02,1.190090e-03,3.132556e-03
1.880617e-01,2.267406e-03,4.464395e-03,3.382463e-03,1.376637e-02,1.979088e-02,7.037907e-01,2.302408e-02,6.415942e-03,9.990376e-04,5.007856e-03,1.207308e-02,1.231166e-02,9.819223e-04,3.662487e-03
1.531805e-01,1.963290e-02,5.234217e-03,4.816068e-02,1.402004e-02,2.368446e-02,5.265388e-01,1.750665e-02,2.567392e-02,7.070847e-03,5.696357e-02,6.317237e-02,1.448063e-02,1.490924e-03,2.318950e-02
1.094552e-01,2.288181e-02,4.414522e-03,6.429924e-02,2.006680e-02,1.873110e-02,3.726207e-01,1.286849e-02,3.975993e-02,6.848938e-03,4.478936e-02,5.287978e-02,2.069101e-01,1.138113e-03,2.233591e-02
7.713968e-02,1.835843e-02,4.302068e-03,6.218787e-02,1.716991e-02,1.437251e-02,2.613394e-01,9.118091e-03,2.981821e-02,5.196161e-03,3.185657e-02,4.218484e-02,4.045429e-01,8.432910e-04,2.157009e-02
5.412180e-02,1.296147e-02,3.150980e-03,4.591888e-02,1.242700e-02,1.300438e-02,1.831655e-01,6.396626e-03,2.207169e-02,3.757630e-03,2.276222e-02,3.216697e-02,5.718354e-01,7.902747e-04,1.546928e-02
3.812794e-02,9.170769e-03,2.384469e-03,3.423911e-02,9.285187e-03,2.665614e-02,1.284809e-01,4.504483e-03,1.650119e-02,2.800129e-03,1.889374e-02,4.344415e-02,6.529916e-01,6.858259e-04,1.183440e-02
2.691491e-02,6.544347e-03,2.077580e-03,2.415633e-02,1.944323e-02,2.011047e-02,9.041685e-02,3.309783e-03,1.694654e-02,2.619944e-03,2.122799e-02,4.023613e-02,7.151827e-01,5.604880e-04,1.025281e-02
1.929321e-02,4.738977e-03,1.816546e-03,1.713781e-02,1.880547e-02,1.685140e-02,6.360698e-02,2.387819e-03,1.661660e-02,2.666902e-03,2.285120e-02,1.184717e-01,6.836927e-01,4.467279e-04,1.061599e-02
1.391678e-02,3.656860e-03,1.919071e-03,1.211401e-02,2.892908e-02,1.329499e-02,4.764996e-02,1.980626e-03,3.173686e-02,3.210214e-03,2.301121e-02,1.842772e-01,6.181094e-01,3.818478e-04,1.581191e-02
1.155652e-02,4.224896e-03,8.537984e-03,1.609695e-02,4.160461e-02,1.585864e-02,3.449005e-02,1.920148e-03,5.398447e-02,4.443891e-03,1.757497e-02,2.288990e-01,5.471539e-01,8.578887e-04,1.279608e-02
1.052414e-02,4.873248e-03,1.701835e-02,1.407432e-02,7.043688e-02,2.667307e-02,2.465256e-02,3.684731e-03,6.330125e-02,6.510919e-03,2.663435e-02,2.422832e-01,4.748369e-01,1.711809e-03,1.278433e-02
1.166271e-02,7.492727e-03,4.608727e-02,1.102792e-02,7.696976e-02,3.013400e-02,2.310608e-02,3.500092e-02,9.487732e-02,6.966647e-03,3.420437e-02,2.123244e-01,3.971966e-01,1.387156e-03,1.156214e-02
1.271583e-02,8.095905e-03,4.958145e-02,8.867944e-03,6.340073e-02,2.904535e-02,4.627535e-02,1.621875e-01,8.996569e-02,6.913302e-03,2.929435e-02,1.682766e-01,3.143947e-01,1.125101e-03,9.860278e-03
1.165200e-02,5.952460e-03,4.376106e-02,7.341532e-03,4.658684e-02,2.773270e-02,7.109511e-02,3.380731e-01,6.665256e-02,5.268383e-03,2.174033e-02,1.183221e-01,2.277921e-01,7.982380e-04,7.231493e-03
1.414780e-02,5.472255e-03,3.379427e-02,6.009488e-03,3.429402e-02,3.215092e-02,1.058927e-01,4.280550e-01,4.879011e-02,4.063180e-03,1.618052e-02,8.302996e-02,1.818944e-01,5.832294e-04,5.642188e-03
1.133035e-02,4.406560e-03,2.511344e-02,4.461502e-03,2.644465e-02,4.199043e-02,1.858522e-01,4.233987e-01,3.488532e-02,3.070092e-03,1.290922e-02,5.882969e-02,1.622771e-01,4.285988e-04,4.602168e-03
8.253487e-03,3.138331e-03,1.775218e-02,3.207937e-03,1.906606e-02,3.180965e-02,4.008037e-01,3.150622e-01,2.476316e-02,2.236126e-03,9.664068e-03,4.128908e-02,1.191918e-01,3.047381e-04,3.457513e-03
6.037733e-03,2.248875e-03,1.256036e-02,2.333086e-03,1.422230e-02,2.444997e-02,5.537511e-01,2.360589e-01,1.865637e-02,1.721392e-03,8.074429e-03,2.899711e-02,8.791120e-02,2.170837e-04,2.760161e-03
4.325632e-03,1.580413e-03,8.843845e-03,1.654732e-03,1.023847e-02,1.773593e-02,6.763346e-01,1.739154e-01,1.317820e-02,1.219546e-03,5.802810e-03,2.033229e-02,6.269887e-02,1.538684e-04,1.985314e-03
3.058296e-03,1.113287e-03,6.217967e-03,1.171327e-03,7.352025e-03,1.302829e-02,7.684677e-01,1.247758e-01,9.253806e-03,8.622403e-04,4.161424e-03,1.426191e-02,4.471453e-02,1.089497e-04,1.452475e-03
2.313953e-03,8.301120e-04,4.440662e-03,8.613562e-04,5.748327e-03,9.620181e-03,8.260633e-01,9.466992e-02,7.130857e-03,6.202111e-04,3.418011e-03,1.002020e-02,3.287629e-02,7.940476e-05,1.307176e-03
2.330733e-03,6.269444e-04,3.213824e-03,6.258081e-04,4.280344e-03,7.432594e-03,8.698971e-01,7.027069e-02,5.559181e-03,4.616478e-04,2.886335e-03,7.082993e-03,2.418941e-02,6.635952e-05,1.076043e-03
2.604158e-03,4.800461e-04,2.342539e-03,4.495395e-04,3.247928e-03,5.642270e-03,9.001956e-01,5.358927e-02,4.802528e-03,3.456740e-04,2.742495e-03,5.015446e-03,1.754415e-02,5.637172e-05,9.419768e-04
2.851163e-03,4.171992e-04,1.793975e-03,3.294504e-04,2.392840e-03,4.424591e-03,9.186165e-01,4.534571e-02,3.740579e-03,2.718697e-04,2.449072e-03,3.576543e-03,1.262730e-02,9.249120e-05,1.070708e-03
3.982051e-03,8.566729e-04,1.633723e-03,2.893479e-04,4.085505e-03,3.446158e-03,9.190716e-01,4.562006e-02,4.271559e-03,2.865137e-04,3.209772e-03,2.587940e-03,9.303318e-03,1.258521e-04,1.229914e-03
1.103687e-02,1.466868e-03,1.545207e-03,2.512427e-04,8.108465e-03,3.150556e-03,9.109623e-01,4.168013e-02,5.502112e-03,3.802724e-04,3.660033e-03,1.929205e-03,7.866253e-03,2.612984e-04,2.199161e-03
1.010008e-02,1.273416e-03,1.624009e-03,2.060373e-04,1.117252e-02,2.437813e-03,9.174880e-01,3.723429e-02,5.889026e-03,3.982244e-04,3.028381e-03,1.448719e-03,5.612552e-03,2.485241e-04,1.838414e-03
1.090670e-02,1.465871e-03,1.905845e-03,1.884967e-04,1.164420e-02,1.945156e-03,9.128916e-01,3.886361e-02,9.702625e-03,4.306069e-04,3.000716e-03,1.101604e-03,4.025473e-03,2.255955e-04,1.701945e-03
1.767013e-02,1.458055e-03,2.309298e-03,2.474274e-04,1.491545e-02,1.825477e-03,8.767875e-01,6.224265e-02,1.254773e-02,5.440492e-04,3.318175e-03,9.598230e-04,2.962803e-03,2.581825e-04,1.953335e-03
2.516615e-02,1.142034e-03,2.021890e-03,3.889399e-04,1.830179e-02,1.819312e-03,8.538253e-01,7.464420e-02,1.278133e-02,5.652306e-04,3.638389e-03,9.091078e-04,2.654143e-03,2.327162e-04,1.909531e-03
5.488874e-02,1.508813e-03,2.065707e-03,3.145077e-03,2.951842e-02,3.558020e-03,7.288618e-01,1.267930e-01,2.125096e-02,1.408763e-03,1.450273e-02,2.667564e-03,4.815028e-03,4.331713e-04,4.582243e-03
3.996595e-02,1.535443e-03,2.350087e-03,1.472182e-02,3.369889e-02,3.171965e-03,5.116210e-01,9.576224e-02,1.976861e-02,2.310908e-01,2.046198e-02,5.090017e-03,1.390410e-02,9.211120e-04,5.936059e-03
2.932661e-02,1.832359e-03,4.564465e-03,4.639662e-02,7.526802e-02,3.087879e-03,3.602097e-01,7.644562e-02,2.681821e-02,2.659986e-01,5.200904e-02,6.876532e-03,3.537467e-02,1.342256e-03,1.444946e-02
2.272411e-02,2.314067e-03,3.676340e-03,8.951463e-02,6.503147e-02,2.798503e-03,2.530014e-01,6.023129e-02,5.043354e-02,2.206363e-01,7.900077e-02,1.520681e-02,1.184389e-01,2.688661e-03,1.430321e-02
1.680697e-02,2.924301e-03,2.808666e-03,1.050897e-01,4.621218e-02,2.282993e-03,1.772304e-01,4.314228e-02,9.568265e-02,1.949960e-01,7.996300e-02,1.761944e-02,1.983413e-01,2.785815e-03,1.411425e-02
1.280873e-02,2.266950e-03,2.341475e-03,9.417045e-02,3.530081e-02,1.936833e-03,1.241626e-01,3.042128e-02,1.049964e-01,1.392570e-01,1.581319e-01,2.762110e-02,2.342897e-01,2.288427e-03,3.000631e-02
1.241069e-02,2.195154e-03,2.236217e-03,7.993228e-02,3.025533e-02,2.291946e-03,8.711403e-02,2.177636e-02,1.180823e-01,1.700764e-01,1.429549e-01,2.772286e-02,2.411764e-01,4.132969e-03,5.764221e-02
1.047717e-02,1.843325e-03,1.846525e-03,6.044403e-02,2.936256e-02,2.430109e-03,6.153789e-02,1.563008e-02,1.010809e-01,1.684651e-01,1.307034e-01,3.601524e-02,2.533548e-01,4.903260e-03,1.219056e-01
8.062510e-03,1.564579e-03,1.725184e-03,4.888105e-02,2.590946e-02,2.830047e-03,4.329386e-02,1.180017e-02,8.470945e-02,1.706643e-01,1.254054e-01,4.176823e-02,2.848988e-01,5.074049e-03,1.434130e-01
6.745333e-03,1.865727e-03,3.094762e-03,4.055200e-02,2.549969e-02,2.866339e-03,3.057045e-02,1.011706e-02,9.463394e-02,1.462754e-01,1.001617e-01,4.845234e-02,3.261731e-01,6.441736e-03,1.565504e-01
5.450547e-03,2.173301e-03,6.437689e-03,3.418029e-02,3.735442e-02,2.463845e-03,2.159476e-02,1.440077e-02,1.635079e-01,1.211418e-01,9.114713e-02,5.035855e-02,2.991875e-01,6.453319e-03,1.441482e-01
5.284159e-03,2.461071e-03,1.345637e-02,2.859051e-02,5.940673e-02,2.143329e-03,1.563657e-02,2.272448e-02,2.079321e-01,9.231586e-02,7.652698e-02,3.904826e-02,2.396836e-01,6.403094e-03,1.883869e-01
4.403757e-03,3.830440e-03,1.719013e-02,2.087109e-02,6.793261e-02,2.262780e-03,1.134580e-02,2.734704e-02,3.079976e-01,6.816082e-02,6.290236e-02,3.180810e-02,1.864816e-01,5.709559e-03,1.817563e-01
4.226280e-03,3.302932e-03,2.198007e-02,1.649365e-02,6.231664e-02,2.005257e-03,8.782635e-03,1.709736e-01,2.742507e-01,4.892444e-02,5.416594e-02,2.434331e-02,1.455672e-01,4.984413e-03,1.576829e-01
4.927337e-03,3.639036e-03,2.545743e-02,1.715959e-02,1.312989e-01,4.460848e-03,9.801256e-03,1.615862e-01,2.504203e-01,4.889773e-02,5.260658e-02,2.057023e-02,1.281062e-01,5.526848e-03,1.355415e-01
4.722965e-03,3.065196e-03,2.136924e-02,2.012190e-02,1.171695e-01,5.819454e-03,8.083087e-03,1.566485e-01,2.980544e-01,3.939275e-02,7.644486e-02,1.895762e-02,1.229129e-01,5.777496e-03,1.014600e-01
6.584157e-03,2.874642e-03,1.719212e-02,1.812369e-02,1.243192e-01,5.211299e-03,6.896139e-03,1.443100e-01,2.668449e-01,3.538226e-02,1.104108e-01,2.058711e-02,1.573989e-01,5.110959e-03,7.875381e-02
5.835105e-03,2.438727e-03,1.286248e-02,1.572235e-02,9.955149e-02,5.302198e-03,5.573268e-03,1.265053e-01,2.420986e-01,2.737566e-02,1.493098e-01,3.128215e-02,2.124089e-01,4.278208e-03,5.945574e-02
6.308847e-03,2.213249e-03,1.048940e-02,1.204721e-02,9.628081e-02,4.819883e-03,5.233655e-03,1.004814e-01,2.018833e-01,2.315534e-02,2.050533e-01,3.553375e-02,2.457375e-01,3.703637e-03,4.705868e-02
5.576508e-03,2.447824e-03,9.529756e-03,9.092330e-03,8.297012e-02,1.230693e-02,3.846345e-03,9.979200e-02,2.379240e-01,1.707647e-02,2.107573e-01,3.552281e-02,2.348863e-01,2.857061e-03,3.541435e-02
1.193314e-02,2.476946e-03,1.320016e-02,1.162756e-02,7.086895e-02,1.059627e-02,3.970949e-03,1.767371e-01,1.829397e-01,1.276458e-02,2.277250e-01,2.862507e-02,2.158184e-01,2.337902e-03,2.837839e-02
1.787689e-02,2.693400e-03,3.083143e-02,1.164181e-02,7.609642e-02,1.497139e-02,3.709467e-03,2.336774e-01,1.844710e-01,1.112005e-02,1.862620e-01,2.508525e-02,1.758175e-01,2.222140e-03,2.352390e-02
2.153090e-02,2.542368e-03,3.891683e-02,1.465611e-02,1.182224e-01,1.202105e-02,3.113428e-03,2.721993e-01,1.760298e-01,1.034616e-02,1.545380e-01,2.006866e-02,1.360435e-01,1.871262e-03,1.790030e-02
