1.000000e+00,0.000000e+00,0.000000e+00,0.000000e+00,0.000000e+00,0.000000e+00,0.000000e+00,0.000000e+00,0.000000e+00,0.000000e+00,0.000000e+00,0.000000e+00,0.000000e+00,0.000000e+00,0.000000e+00
1.000000e+00,0.000000e+00,0.000000e+00,0.000000e+00,0.000000e+00,0.000000e+00,0.000000e+00,0.000000e+00,0.000000e+00,0.000000e+00,0.000000e+00,0.000000e+00,0.000000e+00,0.000000e+00,0.000000e+00
1.000000e+00,0.000000e+00,0.000000e+00,0.000000e+00,0.000000e+00,0.000000e+00,0.000000e+00,0.000000e+00,0.000000e+00,0.000000e+00,0.000000e+00,0.000000e+00,0.000000e+00,0.000000e+00,0.000000e+00
1.000000e+00,0.000000e+00,0.000000e+00,0.000000e+00,0.000000e+00,0.000000e+00,0.000000e+00,0.000000e+00,0.000000e+00,0.000000e+00,0.000000e+00,0.000000e+00,0.000000e+00,0.000000e+00,0.000000e+00
1.000000e+00,0.000000e+00,0.000000e+00,0.000000e+00,0.000000e+00,0.000000e+00,0.000000e+00,0.000000e+00,0.000000e+00,0.000000e+00,0.000000e+00,0.000000e+00,0.000000e+00,0.000000e+00,0.000000e+00
1.000000e+00,0.000000e+00,0.000000e+00,0.000000e+00,0.000000e+00,0.000000e+00,0.000000e+00,0.000000e+00,0.000000e+00,0.000000e+00,0.000000e+00,0.000000e+00,0.000000e+00,0.000000e+00,0.000000e+00
1.000000e+00,0.000000e+00,0.000000e+00,0.000000e+00,0.000000e+00,0.000000e+00,0.000000e+00,0.000000e+00,0.000000e+00,0.000000e+00,0.000000e+00,0.000000e+00,0.000000e+00,0.000000e+00,0.000000e+00
1.000000e+00,0.000000e+00,0.000000e+00,0.000000e+00,0.000000e+00,0.000000e+00,0.000000e+00,0.000000e+00,0.000000e+00,0.000000e+00,0.000000e+00,0.000000e+00,0.000000e+00,0.000000e+00,0.000000e+00
1.000000e+00,0.000000e+00,0.000000e+00,0.000000e+00,0.000000e+00,0.000000e+00,0.000000e+00,0.000000e+00,0.000000e+00,0.000000e+00,0.000000e+00,0.000000e+00,0.000000e+00,0.000000e+00,0.000000e+00
1.000000e+00,0.000000e+00,0.000000e+00,0.000000e+00,0.000000e+00,0.000000e+00,0.000000e+00,0.000000e+00,0.000000e+00,0.000000e+00,0.000000e+00,0.000000e+00,0.000000e+00,0.000000e+00,0.000000e+00
1.000000e+00,0.000000e+00,0.000000e+00,0.000000e+00,0.000000e+00,0.000000e+00,0.000000e+00,0.000000e+00,0.000000e+00,0.000000e+00,0.000000e+00,0.000000e+00,0.000000e+00,0.000000e+00,0.000000e+00
1.000000e+00,0.000000e+00,0.000000e+00,0.000000e+00,0.000000e+00,0.000000e+00,0.000000e+00,0.000000e+00,0.000000e+00,0.000000e+00,0.000000e+00,0.000000e+00,0.000000e+00,0.000000e+00,0.000000e+00
1.000000e+00,0.000000e+00,0.000000e+00,0.000000e+00,0.000000e+00,0.000000e+00,0.000000e+00,0.000000e+00,0.000000e+00,0.000000e+00,0.000000e+00,0.000000e+00,0.000000e+00,0.000000e+00,0.000000e+00
1.000000e+00,0.000000e+00,0.000000e+00,0.000000e+00,0.000000e+00,0.000000e+00,0.000000e+00,0.000000e+00,0.000000e+00,0.000000e+00,0.000000e+00,0.000000e+00,0.000000e+00,0.000000e+00,0.000000e+00
1.000000e+00,0.000000e+00,0.000000e+00,0.000000e+00,0.000000e+00,0.000000e+00,0.000000e+00,0.000000e+00,0.000000e+00,0.000000e+00,0.000000e+00,0.000000e+00,0.000000e+00,0.000000e+00,0.000000e+00
1.000000e+00,0.000000e+00,0.000000e+00,0.000000e+00,0.000000e+00,0.000000e+00,0.000000e+00,0.000000e+00,0.000000e+00,0.000000e+00,0.000000e+00,0.000000e+00,0.000000e+00,0.000000e+00,0.000000e+00
1.000000e+00,0.000000e+00,0.000000e+00,0.000000e+00,0.000000e+00,0.000000e+00,0.000000e+00,0.000000e+00,0.000000e+00,0.000000e+00,0.000000e+00,0.000000e+00,0.000000e+00,0.000000e+00,0.000000e+00
1.000000e+00,0.000000e+00,0.000000e+00,0.000000e+00,0.000000e+00,0.000000e+00,0.000000e+00,0.000000e+00,0.000000e+00,0.000000e+00,0.000000e+00,0.000000e+00,0.000000e+00,0.000000e+00,0.000000e+00
1.000000e+00,0.000000e+00,0.000000e+00,0.000000e+00,0.000000e+00,0.000000e+00,0.000000e+00,0.000000e+00,0.000000e+00,0.000000e+00,0.000000e+00,0.000000e+00,0.000000e+00,0.000000e+00,0.000000e+00
1.000000e+00,0.000000e+00,0.000000e+00,0.000000e+00,0.000000e+00,0.000000e+00,0.000000e+00,0.000000e+00,0.000000e+00,0.000000e+00,0.000000e+00,0.000000e+00,0.000000e+00,0.000000e+00,0.000000e+00
1.000000e+00,0.000000e+00,0.000000e+00,0.000000e+00,0.000000e+00,0.000000e+00,0.000000e+00,0.000000e+00,0.000000e+00,0.000000e+00,0.000000e+00,0.000000e+00,0.000000e+00,0.000000e+00,0.000000e+00
1.000000e+00,0.000000e+00,0.000000e+00,0.000000e+00,0.000000e+00,0.000000e+00,0.000000e+00,0.000000e+00,0.000000e+00,0.000000e+00,0.000000e+00,0.000000e+00,0.000000e+00,0.000000e+00,0.000000e+00
1.000000e+00,0.000000e+00,0.000000e+00,0.000000e+00,0.000000e+00,0.000000e+00,0.000000e+00,0.000000e+00,0.000000e+00,0.000000e+00,0.000000e+00,0.000000e+00,0.000000e+00,0.000000e+00,0.000000e+00
1.000000e+00,0.000000e+00,0.000000e+00,0.000000e+00,0.000000e+00,0.000000e+00,0.000000e+00,0.000000e+00,0.000000e+00,0.000000e+00,0.000000e+00,0.000000e+00,0.000000e+00,0.000000e+00,0.000000e+00
1.000000e+00,0.000000e+00,0.000000e+00,0.000000e+00,0.000000e+00,0.000000e+00,0.000000e+00,0.000000e+00,0.000000e+00,0.000000e+00,0.000000e+00,0.000000e+00,0.000000e+00,0.000000e+00,0.000000e+00
1.000000e+00,0.000000e+00,0.000000e+00,0.000000e+00,0.000000e+00,0.000000e+00,0.000000e+00,0.000000e+00,0.000000e+00,0.000000e+00,0.000000e+00,0.000000e+00,0.000000e+00,0.000000e+00,0.000000e+00
1.000000e+00,0.000000e+00,0.000000e+00,0.000000e+00,0.000000e+00,0.000000e+00,0.000000e+00,0.000000e+00,0.000000e+00,0.000000e+00,0.000000e+00,0.000000e+00,0.000000e+00,0.000000e+00,0.000000e+00
1.000000e+00,0.000000e+00,0.000000e+00,0.000000e+00,0.000000e+00,0.000000e+00,0.000000e+00,0.000000e+00,0.000000e+00,0.000000e+00,0.000000e+00,0.000000e+00,0.000000e+00,0.000000e+00,0.000000e+00
1.000000e+00,0.000000e+00,0.000000e+00,0.000000e+00,0.000000e+00,0.000000e+00,0.000000e+00,0.000000e+00,0.000000e+00,0.000000e+00,0.000000e+00,0.000000e+00,0.000000e+00,0.000000e+00,0.000000e+00
1.000000e+00,0.000000e+00,0.000000e+00,0.000000e+00,0.000000e+00,0.000000e+00,0.000000e+00,0.000000e+00,0.000000e+00,0.000000e+00,0.000000e+00,0.000000e+00,0.000000e+00,0.000000e+00,0.000000e+00
1.000000e+00,0.000000e+00,0.000000e+00,0.000000e+00,0.000000e+00,0.000000e+00,0.000000e+00,0.000000e+00,0.000000e+00,0.000000e+00,0.000000e+00,0.000000e+00,0.000000e+00,0.000000e+00,0.000000e+00
1.000000e+00,0.000000e+00,0.000000e+00,0.000000e+00,0.000000e+00,0.000000e+00,0.000000e+00,0.000000e+00,0.000000e+00,0.000000e+00,0.000000e+00,0.000000e+00,0.000000e+00,0.000000e+00,0.000000e+00
1.000000e+00,0.000000e+00,0.000000e+00,0.000000e+00,0.000000e+00,0.000000e+00,0.000000e+00,0.000000e+00,0.000000e+00,0.000000e+00,0.000000e+00,0.000000e+00,0.000000e+00,0.000000e+00,0.000000e+00
1.000000e+00,0.000000e+00,0.000000e+00,0.000000e+00,0.000000e+00,0.000000e+00,0.000000e+00,0.000000e+00,0.000000e+00,0.000000e+00,0.000000e+00,0.000000e+00,0.000000e+00,0.000000e+00,0.000000e+00
1.000000e+00,0.000000e+00,0.000000e+00,0.000000e+00,0.000000e+00,0.000000e+00,0.000000e+00,0.000000e+00,0.000000e+00,0.000000e+00,0.000000e+00,0.000000e+00,0.000000e+00,0.000000e+00,0.000000e+00
1.000000e+00,0.000000e+00,0.000000e+00,0.000000e+00,0.000000e+00,0.000000e+00,0.000000e+00,0.000000e+00,0.000000e+00,0.000000e+00,0.000000e+00,0.000000e+00,0.000000e+00,0.000000e+00,0.000000e+00
1.000000e+00,0.000000e+00,0.000000e+00,0.000000e+00,0.000000e+00,0.000000e+00,0.000000e+00,0.000000e+00,0.000000e+00,0.000000e+00,0.000000e+00,0.000000e+00,0.000000e+00,0.000000e+00,0.000000e+00
1.000000e+00,0.000000e+00,0.000000e+00,0.000000e+00,0.000000e+00,0.000000e+00,0.000000e+00,0.000000e+00,0.000000e+00,0.000000e+00,0.000000e+00,0.000000e+00,0.000000e+00,0.000000e+00,0.000000e+00
1.000000e+00,0.000000e+00,0.000000e+00,0.000000e+00,0.000000e+00,0.000000e+00,0.000000e+00,0.000000e+00,0.000000e+00,0.000000e+00,0.000000e+00,0.000000e+00,0.000000e+00,0.000000e+00,0.000000e+00
1.000000e+00,0.000000e+00,0.000000e+00,0.000000e+00,0.000000e+00,0.000000e+00,0.000000e+00,0.000000e+00,0.000000e+00,0.000000e+00,0.000000e+00,0.000000e+00,0.000000e+00,0.000000e+00,0.000000e+00
1.000000e+00,0.000000e+00,0.000000e+00,0.000000e+00,0.000000e+00,0.000000e+00,0.000000e+00,0.000000e+00,0.000000e+00,0.000000e+00,0.000000e+00,0.000000e+00,0.000000e+00,0.000000e+00,0.000000e+00
1.000000e+00,0.000000e+00,0.000000e+00,0.000000e+00,0.000000e+00,0.000000e+00,0.000000e+00,0.000000e+00,0.000000e+00,0.000000e+00,0.000000e+00,0.000000e+00,0.000000e+00,0.000000e+00,0.000000e+00
1.000000e+00,0.000000e+00,0.000000e+00,0.000000e+00,0.000000e+00,0.000000e+00,0.000000e+00,0.000000e+00,0.000000e+00,0.000000e+00,0.000000e+00,0.000000e+00,0.000000e+00,0.000000e+00,0.000000e+00
4.401349e-01,8.512001e-03,2.721343e-03,2.784986e-02,4.392048e-03,8.595295e-02,1.135634e-02,5.079615e-03,9.748353e-03,1.072988e-03,4.762385e-03,1.851027e-01,2.018523e-01,8.059063e-04,1.065622e-02
1.000000e+00,0.000000e+00,0.000000e+00,0.000000e+00,0.000000e+00,0.000000e+00,0.000000e+00,0.000000e+00,0.000000e+00,0.000000e+00,0.000000e+00,0.000000e+00,0.000000e+00,0.000000e+00,0.000000e+00
4.727751e-01,8.787408e-03,2.582465e-03,2.795636e-02,4.681867e-03,6.618216e-02,9.511997e-03,4.557077e-03,8.386534e-03,1.360670e-03,5.934600e-03,2.076075e-01,1.690928e-01,8.333508e-04,9.750046e-03
4.387949e-01,9.246517e-03,4.268044e-03,3.859434e-02,5.466405e-03,5.768733e-02,9.448339e-03,7.532722e-03,8.119734e-03,1.357240e-03,7.925436e-03,2.431555e-01,1.579527e-01,8.868364e-04,9.563977e-03
4.174498e-01,1.007237e-02,4.659540e-03,4.418697e-02,5.994529e-03,5.264184e-02,9.899010e-03,8.491059e-03,8.604472e-03,1.467104e-03,9.421246e-03,2.674069e-01,1.488938e-01,9.834437e-04,9.827897e-03
3.918362e-01,1.262519e-02,4.668795e-03,5.498934e-02,9.162972e-03,5.329103e-02,1.146843e-02,8.770293e-03,1.314778e-02,1.565486e-03,1.002301e-02,2.718015e-01,1.449080e-01,9.853148e-04,1.075665e-02
3.228573e-01,1.239133e-02,5.206233e-03,6.681103e-02,1.238279e-02,5.476207e-02,1.203648e-02,1.130915e-02,1.394091e-02,1.660864e-03,1.132465e-02,3.185018e-01,1.447800e-01,1.118548e-03,1.091684e-02
2.445244e-01,1.684593e-02,6.416289e-03,8.702227e-02,1.896421e-02,5.754327e-02,1.661940e-02,1.355129e-02,1.792457e-02,1.651124e-03,1.126327e-02,3.423084e-01,1.528406e-01,1.115861e-03,1.140906e-02
2.014325e-01,1.864068e-02,9.836051e-03,1.514398e-01,2.645622e-02,5.374741e-02,1.594289e-02,2.479667e-02,1.644968e-02,1.506723e-03,1.134286e-02,3.265397e-01,1.288974e-01,1.211786e-03,1.175952e-02
1.814961e-01,2.088983e-02,1.145316e-02,1.682741e-01,4.056239e-02,5.518640e-02,1.703624e-02,2.444925e-02,2.111621e-02,1.412726e-03,1.159307e-02,3.114855e-01,1.218220e-01,1.456430e-03,1.176665e-02
1.863183e-01,2.724236e-02,1.073862e-02,1.719182e-01,4.548729e-02,5.342496e-02,1.710041e-02,2.134950e-02,2.742338e-02,1.541140e-03,1.324404e-02,2.871025e-01,1.202791e-01,2.070138e-03,1.476008e-02
1.539469e-01,2.140893e-02,9.617116e-03,1.633171e-01,3.708148e-02,6.623752e-02,1.689504e-02,3.786379e-02,2.340515e-02,1.374146e-03,1.534428e-02,2.895638e-01,1.500741e-01,1.811486e-03,1.205923e-02
1.996519e-01,2.613053e-02,8.861409e-03,1.492679e-01,3.375071e-02,6.040005e-02,1.521710e-02,2.950932e-02,2.423333e-02,1.496174e-03,1.984335e-02,2.622221e-01,1.530995e-01,2.887028e-03,1.342960e-02
2.256840e-01,2.884832e-02,9.199156e-03,1.463003e-01,3.081722e-02,5.432451e-02,1.402900e-02,2.487324e-02,2.350166e-02,1.809434e-03,2.586409e-02,2.489804e-01,1.462569e-01,4.233749e-03,1.527796e-02
2.741993e-01,2.918833e-02,1.740418e-02,1.422191e-01,2.824436e-02,5.118688e-02,1.410040e-02,2.801817e-02,2.066212e-02,1.996050e-03,2.621977e-02,2.143978e-01,1.305259e-01,4.698835e-03,1.693879e-02
3.916754e-01,2.649818e-02,1.397420e-02,1.155409e-01,2.268878e-02,4.417022e-02,1.151283e-02,2.188059e-02,1.802939e-02,2.016292e-03,2.552838e-02,1.731251e-01,1.091926e-01,5.477732e-03,1.868936e-02
3.668158e-01,3.580274e-02,3.381212e-02,1.966654e-01,1.838519e-02,3.587831e-02,9.539043e-03,2.096337e-02,1.654477e-02,1.816076e-03,2.485190e-02,1.315330e-01,8.283496e-02,4.863534e-03,1.969371e-02
3.515313e-01,4.910231e-02,2.771196e-02,1.693043e-01,1.456886e-02,4.050917e-02,7.890997e-03,1.673595e-02,3.753202e-02,2.970454e-03,2.062938e-02,9.898362e-02,1.340890e-01,3.773411e-03,2.466723e-02
4.153032e-01,4.248701e-02,2.535555e-02,1.350851e-01,1.164142e-02,4.794583e-02,1.122637e-02,1.577030e-02,3.575809e-02,2.591670e-03,1.640514e-02,7.545912e-02,1.367446e-01,2.965235e-03,2.526139e-02
3.217148e-01,4.255780e-02,6.258461e-02,2.810090e-01,9.378435e-03,3.657226e-02,8.303520e-03,1.221567e-02,3.021352e-02,2.711958e-03,1.306815e-02,5.409056e-02,9.906702e-02,2.555216e-03,2.395744e-02
3.212396e-01,3.444196e-02,1.214048e-01,2.862051e-01,8.169303e-03,2.957468e-02,6.363803e-03,1.002382e-02,2.316922e-02,2.781772e-03,1.219519e-02,4.185466e-02,7.684052e-02,2.359210e-03,2.337643e-02
2.251091e-01,2.692594e-02,1.079399e-01,3.741121e-01,6.079481e-03,3.193693e-02,4.635212e-03,7.143864e-03,2.227783e-02,3.724689e-03,1.609403e-02,2.993110e-02,1.236002e-01,1.666724e-03,1.882309e-02
1.634108e-01,1.949037e-02,7.594064e-02,2.699621e-01,4.653009e-03,2.372903e-02,3.382408e-03,5.177380e-03,1.846568e-02,3.233721e-03,1.299590e-02,2.219920e-02,3.386660e-01,1.253976e-03,3.743984e-02
1.173114e-01,1.419121e-02,5.376430e-02,2.106788e-01,3.649150e-03,1.739320e-02,2.421048e-03,3.668389e-03,1.582009e-02,2.758481e-03,1.072017e-02,1.629422e-02,5.006936e-01,1.144678e-03,2.949134e-02
8.596731e-02,1.048680e-02,3.928073e-02,1.953983e-01,3.442582e-03,1.754082e-02,1.837825e-03,3.233390e-03,2.026681e-02,4.950958e-03,2.282666e-02,1.661404e-02,5.511136e-01,3.407159e-03,2.363303e-02
6.531011e-02,8.370774e-03,2.871357e-02,1.505626e-01,3.111952e-03,4.733347e-02,1.582159e-03,2.667170e-03,2.112614e-02,5.502393e-03,6.172999e-02,7.102984e-02,4.971716e-01,4.804130e-03,3.098414e-02
4.974435e-02,7.797340e-03,2.620469e-02,1.189540e-01,2.612611e-03,7.472009e-02,1.232623e-03,2.884038e-03,2.150592e-02,8.228395e-03,5.503891e-02,8.418104e-02,5.010064e-01,4.332125e-03,4.155753e-02
4.101343e-02,6.866287e-03,2.290167e-02,9.993032e-02,3.942830e-03,8.406198e-02,1.209021e-03,2.825529e-03,2.648544e-02,7.067296e-03,4.181383e-02,9.005493e-02,5.262282e-01,4.794705e-03,4.080455e-02
3.343407e-02,5.798085e-03,1.775328e-02,8.276213e-02,3.890236e-03,7.906890e-02,1.144300e-03,2.785271e-03,2.264689e-02,5.457043e-03,3.147912e-02,1.211715e-01,5.482857e-01,4.487666e-03,3.983591e-02
2.754561e-02,7.011715e-03,1.717044e-02,6.693576e-02,5.417936e-03,7.353310e-02,1.087674e-03,2.565122e-03,2.635477e-02,4.820463e-03,2.421621e-02,1.545487e-01,5.523478e-01,4.326941e-03,3.211789e-02
2.103310e-02,6.089379e-03,1.271602e-02,5.137308e-02,4.397872e-03,6.054548e-02,9.569087e-04,2.333381e-03,2.341992e-02,3.712400e-03,2.202926e-02,1.968084e-01,5.600554e-01,3.487588e-03,3.104189e-02
1.771556e-02,4.674966e-03,9.143376e-03,3.814412e-02,3.663372e-03,5.141493e-02,8.421937e-04,1.729689e-03,1.997190e-02,2.832786e-03,1.823024e-02,1.838778e-01,6.208560e-01,3.040689e-03,2.386238e-02
1.509379e-02,3.662107e-03,6.488636e-03,2.715039e-02,3.765414e-03,3.711716e-02,6.929059e-04,1.282883e-03,1.732433e-02,2.080432e-03,1.347956e-02,1.829170e-01,6.681422e-01,2.204843e-03,1.859840e-02
1.130673e-02,3.304487e-03,4.726269e-03,1.926231e-02,1.289427e-02,2.764469e-02,1.262046e-03,1.030941e-03,2.423558e-02,1.685582e-03,1.074623e-02,2.854804e-01,5.789711e-01,1.579146e-03,1.587033e-02
9.774072e-03,5.465423e-03,4.586149e-03,1.562602e-02,2.572722e-02,2.128599e-02,1.312158e-03,9.535304e-04,2.418147e-02,1.533823e-03,8.634405e-03,2.711633e-01,5.969607e-01,1.320637e-03,1.147518e-02
8.380823e-03,5.384737e-03,3.530432e-03,1.141677e-02,2.544217e-02,1.682435e-02,1.480090e-03,1.488944e-03,2.475167e-02,1.156934e-03,6.415190e-03,2.695047e-01,6.150100e-01,9.493757e-04,8.263899e-03
8.246417e-03,6.441368e-03,1.076568e-02,9.080819e-03,3.109937e-02,1.355986e-02,2.237084e-03,5.006514e-03,2.498029e-02,9.963977e-04,5.125428e-03,2.419151e-01,6.329927e-01,1.102542e-03,6.450500e-03
9.660376e-03,9.422427e-03,1.524418e-02,6.746972e-03,3.423464e-02,1.088812e-02,4.463382e-03,1.156508e-02,3.245726e-02,1.099706e-03,4.142611e-03,2.021313e-01,6.518058e-01,9.204585e-04,5.217841e-03
1.289485e-02,1.003966e-02,1.028366e-01,6.514607e-03,4.015540e-02,1.062786e-02,8.499578e-03,4.384376e-02,3.156168e-02,2.098995e-03,3.747680e-03,1.618351e-01,5.592862e-01,1.362566e-03,4.695540e-03
5.487873e-02,1.479722e-02,1.905725e-01,1.243414e-02,4.583979e-02,1.339922e-02,7.566375e-03,4.103177e-02,3.745773e-02,3.742252e-03,2.926294e-03,1.152383e-01,4.512554e-01,1.397821e-03,7.462495e-03
9.061306e-02,2.323589e-02,2.219884e-01,1.232331e-02,4.504022e-02,1.434528e-02,7.414977e-03,3.445669e-02,4.187459e-02,7.381449e-03,2.290700e-03,8.270901e-02,3.869190e-01,1.491756e-03,2.791572e-02
8.471261e-02,3.305276e-02,1.962767e-01,1.296062e-02,4.204358e-02,2.206105e-02,8.498207e-03,3.550236e-02,6.008976e-02,1.494050e-02,2.080973e-03,6.084871e-02,3.652156e-01,1.769917e-03,5.994670e-02
7.583907e-02,2.686558e-02,3.195123e-01,1.583976e-02,3.896802e-02,1.925304e-02,8.212908e-03,3.303975e-02,4.799025e-02,1.195060e-02,1.600681e-03,4.334005e-02,3.077533e-01,1.644384e-03,4.819034e-02
7.851659e-02,2.274838e-02,3.751506e-01,2.047571e-02,4.027940e-02,1.642514e-02,9.205800e-03,2.855358e-02,3.928044e-02,1.097404e-02,1.458997e-03,3.200077e-02,2.674195e-01,1.787122e-03,5.572397e-02
6.577007e-02,2.538699e-02,4.285530e-01,7.283690e-02,3.179128e-02,1.299430e-02,7.176007e-03,2.113561e-02,2.988137e-02,2.081167e-02,1.560249e-03,2.300748e-02,1.917591e-01,1.389414e-03,6.594660e-02
9.223598e-02,3.248818e-02,3.856595e-01,9.262243e-02,3.356001e-02,1.343737e-02,7.280883e-03,1.834941e-02,3.129609e-02,2.873794e-02,2.112918e-03,1.798868e-02,1.599968e-01,1.749393e-03,8.248442e-02
8.065907e-02,3.841553e-02,3.760564e-01,1.632897e-01,4.755300e-02,1.549746e-02,8.324092e-03,1.533789e-02,2.644549e-02,2.395382e-02,2.538870e-03,1.356171e-02,1.217611e-01,1.464570e-03,6.514131e-02
1.311598e-01,5.374378e-02,2.913887e-01,1.258290e-01,4.942429e-02,2.170186e-02,7.278166e-03,1.566991e-02,3.034738e-02,2.638290e-02,3.199250e-03,1.156175e-02,1.334697e-01,3.036082e-03,9.580760e-02
1.535025e-01,8.648117e-02,2.288333e-01,9.837580e-02,4.276833e-02,3.073634e-02,6.302925e-03,1.679347e-02,3.656458e-02,2.580206e-02,4.267876e-03,1.047157e-02,1.309219e-01,4.920815e-03,1.232574e-01
1.354104e-01,1.107043e-01,2.214140e-01,1.124927e-01,3.994021e-02,2.562700e-02,5.980662e-03,1.412214e-02,3.659139e-02,3.791621e-02,6.419699e-03,1.228854e-02,9.587736e-02,6.544353e-03,1.386711e-01
9.497169e-02,3.560382e-01,1.609750e-01,7.908648e-02,2.805324e-02,1.804501e-02,4.188326e-03,9.895478e-03,2.706043e-02,2.680593e-02,7.076179e-03,8.740724e-03,6.851826e-02,5.878792e-03,1.046664e-01
6.798211e-02,4.066437e-01,1.326040e-01,5.734336e-02,1.974362e-02,1.325957e-02,2.966145e-03,7.103931e-03,3.020657e-02,2.011048e-02,7.302559e-02,6.983972e-03,5.423866e-02,2.800761e-02,7.978066e-02
4.764407e-02,3.006619e-01,1.132951e-01,4.026609e-02,1.387269e-02,9.692740e-03,2.094622e-03,5.011419e-03,2.240597e-02,1.433542e-02,2.434054e-01,5.568041e-03,3.907121e-02,8.485283e-02,5.782244e-02
3.338687e-02,2.142058e-01,8.586979e-02,2.842256e-02,9.790592e-03,7.239316e-03,1.479852e-03,3.540277e-03,1.885666e-02,1.025597e-02,3.373212e-01,5.006113e-03,2.833823e-02,1.744380e-01,4.184876e-02
2.339320e-02,1.503000e-01,6.051342e-02,2.009459e-02,6.921651e-03,5.377043e-03,1.050307e-03,2.501154e-03,1.665001e-02,7.712201e-03,4.477662e-01,4.146749e-03,1.993232e-02,2.038983e-01,2.974290e-02
1.638621e-02,1.054535e-01,4.246217e-02,1.416050e-02,4.919905e-03,3.853062e-03,7.387996e-04,1.756679e-03,1.692279e-02,5.617807e-03,4.004608e-01,3.874628e-03,1.399361e-02,3.485201e-01,2.087951e-02
1.152479e-02,7.539814e-02,3.034442e-02,1.155953e-02,5.447880e-03,6.602866e-03,7.103817e-04,1.565629e-03,6.363358e-02,5.758808e-03,3.667213e-01,3.139534e-03,9.851599e-03,3.926639e-01,1.507772e-02
8.095168e-03,5.418444e-02,2.235208e-02,8.858435e-03,4.833271e-03,1.034291e-02,6.777587e-04,1.298937e-03,1.133456e-01,5.736468e-03,3.391013e-01,2.482824e-03,6.946736e-03,4.110270e-01,1.071721e-02
5.681989e-03,3.828142e-02,1.595894e-02,6.428239e-03,4.024514e-03,8.395659e-03,4.874828e-04,9.762151e-04,9.056511e-02,4.478262e-03,3.013042e-01,2.066989e-03,4.913823e-03,5.088782e-01,7.559008e-03
3.988591e-03,2.731987e-02,1.137037e-02,4.653617e-03,3.179708e-03,6.640170e-03,3.470792e-04,7.005599e-04,8.518763e-02,3.727888e-03,2.808020e-01,1.806036e-03,3.476391e-03,5.614635e-01,5.336564e-03
2.799501e-03,2.019371e-02,8.202372e-03,3.441442e-03,3.036824e-03,5.207349e-03,2.497281e-04,5.027567e-04,1.063244e-01,3.069344e-03,2.879728e-01,1.760368e-03,2.463908e-03,5.509870e-01,3.788510e-03
1.967078e-03,1.429617e-02,5.812693e-03,2.569273e-03,2.239523e-03,7.826038e-03,1.852616e-04,3.557551e-04,1.349183e-01,2.344154e-03,2.432026e-01,1.862297e-03,1.758191e-03,5.779790e-01,2.683682e-03
1.386973e-03,1.013378e-02,4.190520e-03,1.868024e-03,1.638534e-03,8.872556e-03,1.481831e-04,2.526504e-04,1.335508e-01,2.212552e-03,2.288408e-01,1.774129e-03,1.311801e-03,6.018990e-01,1.919771e-03
9.883465e-04,7.275141e-03,3.208716e-03,1.394536e-03,1.212315e-03,9.945778e-03,1.176055e-04,1.883966e-04,1.200338e-01,2.194482e-03,2.126955e-01,1.525578e-03,1.041610e-03,6.367666e-01,1.411661e-03
7.188259e-04,5.674042e-03,2.766528e-03,1.048942e-03,8.951960e-04,4.516548e-02,9.404949e-05,1.477011e-04,1.171248e-01,2.314001e-03,1.703488e-01,1.210842e-03,8.085202e-04,6.506240e-01,1.058261e-03
5.588715e-04,4.223601e-03,4.327055e-03,8.603268e-04,6.887352e-04,7.054237e-02,8.607024e-05,1.848361e-04,1.410796e-01,2.692963e-03,1.359951e-01,9.652233e-04,6.367271e-04,6.363604e-01,7.980509e-04
6.926856e-04,1.066236e-02,4.354682e-03,1.117248e-03,6.270563e-04,1.074868e-01,8.438432e-05,1.515918e-04,2.418753e-01,4.557863e-03,1.064122e-01,7.258878e-04,5.085217e-04,5.181177e-01,2.625718e-03
5.640290e-04,9.786497e-03,3.524034e-03,9.823083e-04,6.156139e-04,2.189759e-01,6.925340e-05,1.284473e-04,2.809334e-01,6.126573e-03,7.712384e-02,5.450199e-04,4.866846e-04,3.971208e-01,3.017603e-03
4.673178e-04,9.381561e-03,3.008482e-03,8.731131e-04,6.814507e-04,3.811081e-01,6.401434e-05,1.305473e-04,2.539297e-01,6.854650e-03,5.463291e-02,3.972603e-04,4.248895e-04,2.852396e-01,2.806466e-03
4.090793e-04,1.533319e-02,2.382615e-03,7.689421e-04,5.702353e-04,5.135329e-01,4.977719e-05,1.360731e-04,2.145124e-01,7.259735e-03,3.847815e-02,2.998521e-04,3.782081e-04,2.026871e-01,3.201772e-03
4.912115e-04,1.558471e-02,2.198467e-03,1.189988e-03,5.530224e-04,5.613685e-01,3.984179e-05,2.761074e-04,2.306024e-01,1.057290e-02,2.720943e-02,2.250606e-04,3.514321e-04,1.444883e-01,4.848742e-03
6.311196e-04,1.223737e-02,1.611262e-03,9.354023e-04,5.507331e-04,6.694231e-01,3.240806e-05,2.429929e-04,1.791472e-01,9.261974e-03,1.910593e-02,1.589421e-04,2.575207e-04,1.017636e-01,4.640460e-03
1.228392e-03,9.041420e-03,1.247399e-03,9.644664e-04,6.014241e-04,6.856685e-01,2.801033e-05,2.929799e-04,1.880351e-01,1.513442e-02,1.354820e-02,1.175343e-04,2.240977e-04,7.338360e-02,1.048453e-02
3.623672e-03,6.898602e-03,1.294807e-03,8.593528e-04,1.023459e-03,7.323757e-01,4.770639e-05,4.575612e-04,1.594182e-01,1.383430e-02,1.035143e-02,8.601260e-05,1.958576e-04,5.537874e-02,1.415469e-02
1.221656e-02,7.216692e-03,9.440688e-03,1.297776e-02,3.259642e-03,7.219939e-01,1.131865e-04,4.281541e-03,1.414866e-01,1.191782e-02,8.591320e-03,7.025176e-05,1.999351e-04,3.989979e-02,2.633440e-02
3.640405e-02,1.044349e-02,1.067923e-02,1.750713e-02,6.131430e-03,7.264161e-01,4.022833e-04,3.473536e-03,1.055608e-01,9.353271e-03,6.731603e-03,5.767754e-05,1.846773e-04,2.874249e-02,3.791220e-02
4.672056e-02,2.031644e-02,2.247540e-02,1.903292e-02,2.852525e-02,6.194881e-01,1.917059e-03,3.953475e-03,8.519287e-02,3.105784e-02,9.221723e-03,1.145204e-04,4.880563e-04,2.281242e-02,8.868340e-02
4.849914e-02,5.850452e-02,4.576551e-02,7.872234e-02,8.098879e-02,4.577749e-01,8.163824e-03,6.774322e-03,6.632329e-02,3.172425e-02,8.640666e-03,1.304783e-04,6.727589e-04,1.684369e-02,9.047157e-02
4.286418e-02,7.128211e-02,1.185308e-01,1.271849e-01,9.977581e-02,3.307451e-01,9.241406e-03,1.063501e-02,4.940469e-02,3.059548e-02,7.375323e-03,1.163945e-04,6.142321e-04,1.244000e-02,8.919448e-02
3.929810e-02,9.667499e-02,1.789737e-01,1.505700e-01,1.142376e-01,2.450189e-01,8.172750e-03,9.276943e-03,3.664348e-02,2.287130e-02,5.714583e-03,1.236559e-04,8.648802e-04,9.653787e-03,8.190526e-02
5.418126e-02,9.654235e-02,2.244918e-01,1.259804e-01,1.616618e-01,1.954009e-01,7.936750e-03,6.794190e-03,3.044723e-02,1.671898e-02,4.326763e-03,1.079573e-04,9.199833e-04,8.351486e-03,6.613819e-02
4.695264e-02,1.542378e-01,1.916221e-01,1.617194e-01,1.644631e-01,1.486013e-01,8.634011e-03,6.156888e-03,2.417284e-02,1.239877e-02,3.253471e-03,1.500901e-04,9.020983e-04,6.281046e-03,7.045449e-02
5.942489e-02,1.495700e-01,1.695534e-01,1.821586e-01,1.650738e-01,1.400275e-01,1.143064e-02,6.678143e-03,2.081862e-02,1.037095e-02,3.022620e-03,4.092832e-04,1.552837e-03,5.545918e-03,7.436279e-02
7.913131e-02,1.379291e-01,1.661552e-01,1.698724e-01,1.666990e-01,1.384933e-01,1.347792e-02,7.858394e-03,2.296685e-02,1.003861e-02,3.567690e-03,1.070306e-03,2.194321e-03,6.058531e-03,7.448711e-02
9.512602e-02,1.477926e-01,1.402552e-01,1.441693e-01,1.409156e-01,1.362397e-01,1.215895e-02,6.530055e-03,2.885342e-02,1.054170e-02,6.747111e-03,2.185279e-03,2.806514e-03,1.406462e-02,1.116139e-01
1.214422e-01,1.425065e-01,1.125397e-01,1.231924e-01,1.089869e-01,1.117157e-01,9.740560e-03,6.931667e-03,3.510595e-02,1.231187e-02,9.702543e-03,4.238137e-03,3.899978e-03,2.671597e-02,1.709701e-01
1.290016e-01,1.176495e-01,1.000126e-01,1.073312e-01,8.537006e-02,8.572809e-02,7.374441e-03,5.997509e-03,4.893153e-02,1.200254e-02,1.425596e-02,4.865534e-03,4.396706e-03,4.679816e-02,2.302846e-01
9.035474e-02,8.305086e-02,7.088707e-02,7.517773e-02,5.981810e-02,6.030558e-02,5.180293e-03,4.199339e-03,3.518913e-02,8.505389e-03,1.021104e-02,3.428356e-03,3.182518e-03,4.006652e-02,4.504434e-01
6.329431e-02,5.829009e-02,4.976609e-02,5.264568e-02,4.190646e-02,4.232599e-02,3.639561e-03,2.941266e-03,2.533466e-02,6.059711e-03,7.320521e-03,2.517743e-03,2.330575e-03,3.930378e-02,6.023236e-01
4.443258e-02,4.089111e-02,3.486387e-02,3.687971e-02,2.935917e-02,2.966553e-02,2.560470e-03,2.066047e-03,1.863515e-02,7.447799e-03,9.816522e-03,3.735285e-03,2.116393e-03,9.969901e-02,6.378314e-01
3.172079e-02,2.875431e-02,2.442365e-02,2.585873e-02,2.059386e-02,2.090468e-02,1.808618e-03,1.454538e-03,1.437536e-02,6.575312e-03,8.828798e-03,4.398833e-03,2.358303e-03,2.197414e-01,5.882028e-01
2.264279e-02,2.045247e-02,1.712844e-02,1.816692e-02,1.449663e-02,1.486650e-02,1.280755e-03,1.022259e-03,1.110560e-02,7.351520e-03,8.132637e-03,3.793422e-03,2.000810e-03,3.321146e-01,5.254446e-01
1.606040e-02,1.448150e-02,1.199271e-02,1.273034e-02,1.016375e-02,1.054305e-02,9.072405e-04,7.195635e-04,9.485499e-03,8.306826e-03,8.094133e-03,3.540670e-03,1.559974e-03,3.697964e-01,5.216180e-01
1.154698e-02,1.044728e-02,8.400301e-03,8.932255e-03,7.164386e-03,7.480727e-03,6.420109e-04,5.056501e-04,1.072456e-02,8.313099e-03,6.480276e-03,2.762734e-03,1.260186e-03,4.486139e-01,4.667257e-01
8.408908e-03,7.847928e-03,5.887139e-03,6.310822e-03,5.036805e-03,5.302752e-03,4.619526e-04,3.562471e-04,1.145989e-02,6.459653e-03,1.238662e-02,2.380868e-03,9.446661e-04,4.117900e-01,5.149658e-01
8.339399e-03,6.473013e-03,4.136091e-03,4.583629e-03,3.603274e-03,3.972981e-03,3.841664e-04,2.576112e-04,1.795440e-02,5.627495e-03,1.105688e-02,2.020859e-03,8.267258e-04,4.651173e-01,4.656461e-01
7.422962e-03,6.212857e-03,2.939817e-03,3.267107e-03,2.571086e-03,2.924680e-03,3.284620e-04,1.902373e-04,1.710724e-02,5.260773e-03,9.112905e-03,1.850096e-03,8.969725e-04,5.876693e-01,3.522456e-01
6.240890e-03,4.717713e-03,2.095738e-03,2.306141e-03,1.838351e-03,2.187710e-03,2.564571e-04,1.433463e-04,2.579338e-02,6.717577e-03,9.731350e-03,1.399452e-03,8.068265e-04,6.287500e-01,3.070151e-01
4.892990e-03,3.427166e-03,1.483821e-03,1.620804e-03,1.299537e-03,1.592038e-03,1.913580e-04,1.089537e-04,2.120058e-02,7.144039e-03,9.464489e-03,1.092282e-03,6.784857e-04,6.711409e-01,2.746626e-01
3.819335e-03,2.540061e-03,1.177946e-03,1.206761e-03,9.778184e-04,1.596802e-03,1.490784e-04,1.610285e-04,4.015546e-02,2.865312e-02,2.115945e-02,1.659909e-03,1.558412e-03,6.316993e-01,2.634855e-01
2.881157e-03,1.998567e-03,1.075373e-03,8.810142e-04,7.863989e-04,2.337239e-03,1.453325e-04,1.974907e-04,5.744673e-02,8.196025e-02,2.394322e-02,2.411460e-03,3.623339e-03,6.124740e-01,2.078384e-01
3.691585e-03,1.514248e-03,1.498465e-03,6.345224e-04,5.949037e-04,1.810288e-03,1.432865e-04,2.128024e-04,4.419987e-02,1.097775e-01,2.514433e-02,2.420939e-03,2.828229e-03,6.331170e-01,1.724121e-01
2.609501e-03,1.070983e-03,1.213624e-03,4.462414e-04,4.379314e-04,1.288610e-03,1.021755e-04,1.548151e-04,3.110126e-02,1.893208e-01,1.835334e-02,1.810544e-03,2.061413e-03,6.278659e-01,1.221628e-01
1.843793e-03,7.561276e-04,9.245193e-04,3.237939e-04,4.833605e-04,9.869208e-04,7.572634e-05,1.506339e-04,2.192123e-02,2.177876e-01,1.449855e-02,1.523417e-03,1.612166e-03,6.498332e-01,8.727898e-02
1.377628e-03,5.805859e-04,1.192372e-03,3.195883e-04,8.622872e-04,8.143667e-04,7.844224e-05,1.399713e-04,1.607184e-02,3.923154e-01,1.077118e-02,1.668811e-03,1.298397e-03,5.084823e-01,6.402685e-02
1.064494e-03,4.668288e-04,1.368562e-03,4.843678e-04,3.392579e-03,6.968961e-04,1.340779e-04,2.202247e-04,1.316594e-02,5.223166e-01,1.092926e-02,1.883323e-03,1.222911e-03,3.942384e-01,4.841566e-02
9.081244e-04,4.510271e-04,1.237829e-03,7.277313e-04,8.285346e-03,7.333169e-04,1.305362e-04,5.877221e-04,1.241684e-02,6.458986e-01,1.097046e-02,1.891941e-03,1.624688e-03,2.787064e-01,3.542955e-02
7.241135e-04,3.986522e-04,1.295249e-03,1.480284e-03,1.254460e-02,7.690860e-04,2.180756e-04,4.651709e-03,1.301866e-02,7.272002e-01,1.061218e-02,1.733235e-03,2.223897e-03,1.979811e-01,2.514906e-02
1.270824e-03,9.740366e-04,3.354213e-03,2.178271e-02,7.809742e-02,1.145802e-03,1.049752e-03,1.121422e-02,1.411228e-02,6.948322e-01,1.056277e-02,1.936968e-03,2.528786e-03,1.392278e-01,1.791027e-02
2.379945e-03,3.408677e-03,3.121499e-03,2.453588e-02,1.616926e-01,1.647249e-03,9.467617e-04,1.430826e-02,7.630566e-02,5.859321e-01,1.114294e-02,1.558563e-03,2.197423e-03,9.756672e-02,1.325577e-02
2.746347e-03,3.214009e-03,2.610144e-03,1.890542e-02,1.345950e-01,1.545692e-03,7.395352e-04,1.372228e-02,2.704039e-01,4.587942e-01,9.997859e-03,1.330780e-03,1.780197e-03,6.840298e-02,1.121166e-02
5.959559e-03,4.598580e-03,3.813962e-03,2.200027e-02,1.277485e-01,3.401866e-03,2.658795e-03,5.685755e-02,3.015452e-01,3.970892e-01,8.678487e-03,1.838895e-03,2.380064e-03,4.813559e-02,1.329347e-02
9.577949e-03,1.556514e-02,6.214439e-03,1.686422e-02,1.058348e-01,4.873784e-03,2.276966e-03,4.884999e-02,3.384433e-01,3.575729e-01,1.212458e-02,2.001105e-03,2.825753e-03,3.435231e-02,4.262273e-02
1.266705e-02,1.971954e-02,1.204567e-02,1.432435e-02,9.292781e-02,4.997876e-03,2.366817e-03,4.904862e-02,3.977819e-01,2.896402e-01,1.253773e-02,1.936784e-03,3.341774e-03,2.488205e-02,6.178173e-02
1.663740e-02,2.541053e-02,1.707569e-02,1.324166e-02,7.784526e-02,4.490874e-03,3.361265e-03,7.301331e-02,3.464696e-01,2.969477e-01,9.933209e-03,2.000940e-03,3.284784e-03,1.797810e-02,9.230965e-02
1.962279e-02,3.402198e-02,1.816786e-02,1.124888e-02,6.514619e-02,4.156976e-03,3.897406e-03,1.005180e-01,3.513374e-01,2.819388e-01,8.274311e-03,2.197136e-03,3.319411e-03,1.329457e-02,8.285832e-02
2.860760e-02,4.988975e-02,1.992201e-02,1.545800e-02,5.140294e-02,7.460759e-03,3.430222e-03,1.077996e-01,3.929948e-01,2.178460e-01,7.513129e-03,2.848026e-03,5.006901e-03,9.667179e-03,8.015307e-02
2.287741e-02,7.981923e-02,1.597131e-02,2.180942e-02,3.936289e-02,9.294672e-03,2.624374e-03,8.296441e-02,4.645522e-01,1.619020e-01,6.970158e-03,2.771677e-03,7.781254e-03,6.944917e-03,7.435419e-02
1.744182e-02,1.547694e-01,1.591970e-02,2.887535e-02,2.815451e-02,9.744020e-03,1.892196e-03,5.853614e-02,4.188707e-01,1.382114e-01,6.011541e-03,2.740225e-03,9.094512e-03,5.188716e-03,1.045497e-01
1.306692e-02,1.230229e-01,1.252858e-02,2.750961e-02,1.990618e-02,7.882847e-03,1.353165e-03,4.250732e-02,3.970335e-01,2.034685e-01,1.020542e-02,3.847918e-03,2.138682e-02,3.901766e-03,1.123786e-01
9.404350e-03,9.454349e-02,9.606510e-03,8.836786e-02,1.423622e-02,6.658264e-03,9.639879e-04,3.146518e-02,4.187849e-01,1.606058e-01,4.217833e-02,3.753871e-03,2.693643e-02,3.048120e-03,8.944675e-02
6.735419e-03,6.827108e-02,6.972368e-03,7.022990e-02,1.031497e-02,4.962878e-03,6.937505e-04,2.235280e-02,3.198428e-01,1.144376e-01,1.991223e-01,2.192638e-02,8.551602e-02,2.691420e-03,6.593030e-02
4.866476e-03,4.870500e-02,5.778554e-03,1.024711e-01,7.938424e-03,3.771772e-03,5.124028e-04,1.594175e-02,2.965066e-01,8.431628e-02,2.103914e-01,1.955415e-02,1.454185e-01,3.242693e-03,5.058498e-02
3.477168e-03,3.463262e-02,5.015851e-03,9.130300e-02,6.645089e-03,2.956050e-03,3.971036e-04,1.128138e-02,2.571438e-01,6.128118e-02,2.462756e-01,2.386441e-02,2.055387e-01,4.290732e-03,4.589729e-02
2.519350e-03,2.452309e-02,4.554564e-03,7.737359e-02,6.496243e-03,2.421016e-03,3.360401e-04,7.987368e-03,2.094263e-01,4.519618e-02,2.311964e-01,2.196654e-02,2.965622e-01,6.849828e-03,6.259128e-02
1.926860e-03,1.773861e-02,4.783131e-03,6.646492e-02,7.529005e-03,2.315804e-03,3.216594e-04,5.635832e-03,1.776014e-01,4.298498e-02,2.569318e-01,2.474968e-02,3.035873e-01,1.128927e-02,7.613963e-02
1.594501e-03,1.315697e-02,5.870532e-03,4.924486e-02,1.550780e-02,2.865966e-03,3.086959e-04,4.056830e-03,1.419331e-01,4.889511e-02,2.540864e-01,2.410569e-02,2.871614e-01,1.696116e-02,1.342509e-01
1.618491e-03,1.037644e-02,9.505356e-03,3.753310e-02,2.670778e-02,4.041319e-03,3.522037e-04,3.164244e-03,1.293921e-01,3.894778e-02,2.869672e-01,2.131060e-02,2.566024e-01,3.679383e-02,1.366872e-01
1.461265e-03,8.112168e-03,1.051336e-02,2.820034e-02,3.240138e-02,3.902081e-03,3.394310e-04,2.284392e-03,1.216605e-01,3.110216e-02,3.395355e-01,1.741519e-02,2.239310e-01,7.209525e-02,1.070459e-01
1.585090e-03,6.868829e-03,1.052608e-02,2.238896e-02,5.336040e-02,2.962686e-03,3.285664e-04,2.105692e-03,1.502591e-01,2.880006e-02,2.936955e-01,1.408635e-02,1.871493e-01,9.850489e-02,1.273785e-01
2.122357e-03,6.279104e-03,1.032724e-02,1.673445e-02,5.615681e-02,2.589172e-03,2.732803e-04,1.612876e-03,1.244783e-01,2.504103e-02,3.311458e-01,1.224717e-02,1.511050e-01,1.481386e-01,1.117488e-01
1.959535e-03,4.633440e-03,7.646790e-03,1.288148e-02,4.307154e-02,2.247243e-03,1.989562e-04,1.158410e-03,1.046910e-01,2.126334e-02,3.413249e-01,1.135673e-02,1.146629e-01,2.526776e-01,8.022617e-02
1.828607e-03,3.775748e-03,6.733477e-03,9.690177e-03,3.567383e-02,2.409465e-03,1.528191e-04,8.746260e-04,8.257546e-02,1.758521e-02,3.819652e-01,9.408553e-03,9.075032e-02,2.980530e-01,5.852355e-02
2.073536e-03,3.614210e-03,7.230495e-03,7.382242e-03,3.165319e-02,4.045968e-03,1.416544e-04,7.573336e-04,7.500031e-02,1.568816e-02,4.029343e-01,9.147138e-03,7.009894e-02,3.251499e-01,4.508274e-02
2.465273e-03,3.306398e-03,6.521307e-03,6.413410e-03,2.333586e-02,5.798336e-03,1.332279e-04,6.172162e-04,7.144487e-02,1.660142e-02,4.629423e-01,7.905159e-03,5.103769e-02,3.059824e-01,3.549520e-02
3.455837e-03,3.064097e-03,5.523277e-03,5.907881e-03,1.759063e-02,5.794764e-03,1.124054e-04,5.082777e-04,7.123570e-02,1.803373e-02,5.065879e-01,7.598300e-03,3.788519e-02,2.897881e-01,2.691388e-02
4.039649e-03,4.900460e-03,8.290924e-03,4.946071e-03,1.360986e-02,7.182710e-03,1.110382e-04,5.904069e-04,7.900514e-02,1.850449e-02,5.325226e-01,6.024043e-03,2.965354e-02,2.670637e-01,2.355543e-02
4.452823e-03,3.872785e-03,2.294274e-02,4.735927e-03,1.008336e-02,4.748586e-02,3.384086e-04,2.649651e-03,6.575731e-02,2.860513e-02,4.751059e-01,4.722067e-03,2.227502e-02,2.863868e-01,2.058622e-02
4.178993e-03,2.907522e-03,1.903513e-02,3.655065e-03,7.303619e-03,4.312857e-02,2.764293e-04,2.490959e-03,5.258439e-02,2.861657e-02,4.544413e-01,3.707713e-03,1.662257e-02,3.448199e-01,1.623133e-02
6.726476e-03,2.886379e-03,1.531276e-02,3.079999e-03,5.687995e-03,3.449328e-02,2.324105e-04,2.201947e-03,8.255491e-02,3.416699e-02,4.090394e-01,3.515367e-03,1.412344e-02,3.706349e-01,1.534380e-02
1.987234e-02,4.856958e-03,1.780813e-02,2.509560e-03,5.666159e-03,2.686222e-02,2.177863e-04,2.046031e-03,7.790565e-02,4.447878e-02,3.592228e-01,2.964760e-03,1.137111e-02,4.043310e-01,1.988682e-02
2.770375e-02,4.324866e-03,1.216638e-01,6.754330e-03,6.925442e-03,2.408836e-02,4.911531e-04,3.493063e-03,7.346313e-02,5.355470e-02,2.971334e-01,3.647916e-03,1.054837e-02,3.468643e-01,1.934349e-02
4.156736e-02,8.413500e-03,9.172396e-02,9.207558e-03,8.091941e-02,2.702481e-02,1.007585e-03,7.532914e-03,6.847966e-02,5.445549e-02,2.534814e-01,3.383343e-03,9.911555e-03,3.187636e-01,2.412796e-02
7.715879e-02,1.184645e-02,7.029262e-02,1.479441e-02,8.152524e-02,2.772961e-02,9.733438e-04,9.224975e-03,5.675063e-02,4.845797e-02,2.955061e-01,4.682685e-03,1.016174e-02,2.694985e-01,2.139706e-02
8.130110e-02,2.173532e-02,5.754551e-02,5.961672e-02,1.529253e-01,7.325785e-02,1.137723e-03,1.777561e-02,4.302900e-02,3.498350e-02,2.229931e-01,4.627867e-03,8.632448e-03,2.050360e-01,1.540310e-02
1.153410e-01,1.898470e-02,4.566551e-02,4.549308e-02,1.201616e-01,6.350490e-02,9.452238e-04,1.586989e-02,5.233105e-02,2.822096e-02,2.331545e-01,6.731092e-03,8.074259e-03,2.297398e-01,1.578241e-02
9.634090e-02,1.746736e-02,3.677500e-02,3.374569e-02,8.794226e-02,5.081871e-02,7.045675e-04,1.214834e-02,4.499885e-02,2.077198e-02,3.409775e-01,5.599204e-03,8.618322e-03,2.308025e-01,1.228888e-02
1.079024e-01,1.441035e-02,3.859209e-02,3.088243e-02,7.156429e-02,4.142889e-02,7.175559e-04,1.079409e-02,4.367743e-02,1.637606e-02,3.449294e-01,5.167707e-03,7.544801e-03,2.567778e-01,9.234711e-03
1.129965e-01,1.478717e-02,3.576063e-02,2.574940e-02,5.544908e-02,3.316820e-02,6.178204e-04,8.660496e-03,5.061606e-02,1.314230e-02,3.439554e-01,4.784035e-03,5.791265e-03,2.874796e-01,7.042082e-03
1.188750e-01,1.953233e-02,3.356040e-02,2.080042e-02,4.358906e-02,2.559572e-02,5.784398e-04,9.302708e-03,6.053209e-02,1.428756e-02,3.297272e-01,5.010688e-03,4.369905e-03,3.073209e-01,6.917538e-03
1.405083e-01,2.631890e-02,3.300866e-02,2.035017e-02,3.358792e-02,2.244226e-02,6.817538e-04,1.766718e-02,7.409339e-02,2.173297e-02,2.944972e-01,5.510761e-03,3.552484e-03,2.975063e-01,8.541750e-03
1.799081e-01,2.447105e-02,2.775085e-02,1.684540e-02,2.502186e-02,2.212794e-02,7.058757e-04,1.658400e-02,6.385201e-02,2.364329e-02,2.871974e-01,4.636773e-03,3.147288e-03,2.949468e-01,9.161406e-03
1.701441e-01,2.382276e-02,2.143420e-02,1.313833e-02,1.929733e-02,2.949188e-02,7.543374e-04,1.322259e-02,6.375284e-02,4.765984e-02,2.898919e-01,3.642078e-03,2.622415e-03,2.925939e-01,8.531555e-03
1.600196e-01,2.128075e-02,1.584369e-02,9.920053e-03,1.495178e-02,2.990216e-02,6.234660e-04,1.000981e-02,8.053578e-02,4.973593e-02,3.035250e-01,2.990938e-03,2.534789e-03,2.896304e-01,8.495903e-03
1.324429e-01,2.975759e-02,1.882750e-02,1.046373e-02,1.578486e-02,2.263911e-02,6.093263e-04,1.244428e-02,9.486668e-02,4.635534e-02,3.810394e-01,3.193809e-03,2.759733e-03,2.219090e-01,6.906825e-03
1.190112e-01,3.927230e-02,2.216785e-02,8.850696e-03,1.436477e-02,1.870328e-02,5.350271e-04,9.656487e-03,1.362782e-01,3.643776e-02,3.516278e-01,3.793317e-03,2.754499e-03,2.305128e-01,6.033987e-03
1.455432e-01,6.973110e-02,2.853976e-02,7.850722e-03,1.212004e-02,1.693118e-02,4.760248e-04,7.250461e-03,1.302814e-01,2.820284e-02,3.083393e-01,4.801720e-03,3.355693e-03,2.287307e-01,7.845834e-03
2.218366e-01,6.014162e-02,2.398078e-02,7.005221e-03,9.605448e-03,1.437465e-02,5.335987e-04,5.670539e-03,1.258474e-01,2.776542e-02,2.663806e-01,6.749919e-03,3.234443e-03,2.152757e-01,1.159812e-02
3.049530e-01,5.472795e-02,1.897721e-02,6.744440e-03,7.715150e-03,1.862321e-02,5.831516e-04,4.777445e-03,1.167308e-01,2.183203e-02,2.200780e-01,8.433719e-03,3.305814e-03,1.955501e-01,1.696792e-02
4.197919e-01,4.289261e-02,2.452627e-02,1.349276e-02,9.256235e-03,2.504664e-02,1.593384e-03,7.435129e-03,9.651309e-02,1.607045e-02,1.619322e-01,1.142794e-02,4.117839e-03,1.493774e-01,1.652616e-02
1.000000e+00,0.000000e+00,0.000000e+00,0.000000e+00,0.000000e+00,0.000000e+00,0.000000e+00,0.000000e+00,0.000000e+00,0.000000e+00,0.000000e+00,0.000000e+00,0.000000e+00,0.000000e+00,0.000000e+00
