1.000000e+00,0.000000e+00,0.000000e+00,0.000000e+00,0.000000e+00,0.000000e+00,0.000000e+00,0.000000e+00,0.000000e+00,0.000000e+00,0.000000e+00,0.000000e+00,0.000000e+00,0.000000e+00,0.000000e+00
1.000000e+00,0.000000e+00,0.000000e+00,0.000000e+00,0.000000e+00,0.000000e+00,0.000000e+00,0.000000e+00,0.000000e+00,0.000000e+00,0.000000e+00,0.000000e+00,0.000000e+00,0.000000e+00,0.000000e+00
1.000000e+00,0.000000e+00,0.000000e+00,0.000000e+00,0.000000e+00,0.000000e+00,0.000000e+00,0.000000e+00,0.000000e+00,0.000000e+00,0.000000e+00,0.000000e+00,0.000000e+00,0.000000e+00,0.000000e+00
1.000000e+00,0.000000e+00,0.000000e+00,0.000000e+00,0.000000e+00,0.000000e+00,0.000000e+00,0.000000e+00,0.000000e+00,0.000000e+00,0.000000e+00,0.000000e+00,0.000000e+00,0.000000e+00,0.000000e+00
1.000000e+00,0.000000e+00,0.000000e+00,0.000000e+00,0.000000e+00,0.000000e+00,0.000000e+00,0.000000e+00,0.000000e+00,0.000000e+00,0.000000e+00,0.000000e+00,0.000000e+00,0.000000e+00,0.000000e+00
1.000000e+00,0.000000e+00,0.000000e+00,0.000000e+00,0.000000e+00,0.000000e+00,0.000000e+00,0.000000e+00,0.000000e+00,0.000000e+00,0.000000e+00,0.000000e+00,0.000000e+00,0.000000e+00,0.000000e+00
1.000000e+00,0.000000e+00,0.000000e+00,0.000000e+00,0.000000e+00,0.000000e+00,0.000000e+00,0.000000e+00,0.000000e+00,0.000000e+00,0.000000e+00,0.000000e+00,0.000000e+00,0.000000e+00,0.000000e+00
1.000000e+00,0.000000e+00,0.000000e+00,0.000000e+00,0.000000e+00,0.000000e+00,0.000000e+00,0.000000e+00,0.000000e+00,0.000000e+00,0.000000e+00,0.000000e+00,0.000000e+00,0.000000e+00,0.000000e+00
1.000000e+00,0.000000e+00,0.000000e+00,0.000000e+00,0.000000e+00,0.000000e+00,0.000000e+00,0.000000e+00,0.000000e+00,0.000000e+00,0.000000e+00,0.000000e+00,0.000000e+00,0.000000e+00,0.000000e+00
1.000000e+00,0.000000e+00,0.000000e+00,0.000000e+00,0.000000e+00,0.000000e+00,0.000000e+00,0.000000e+00,0.000000e+00,0.000000e+00,0.000000e+00,0.000000e+00,0.000000e+00,0.000000e+00,0.000000e+00
1.000000e+00,0.000000e+00,0.000000e+00,0.000000e+00,0.000000e+00,0.000000e+00,0.000000e+00,0.000000e+00,0.000000e+00,0.000000e+00,0.000000e+00,0.000000e+00,0.000000e+00,0.000000e+00,0.000000e+00
1.000000e+00,0.000000e+00,0.000000e+00,0.000000e+00,0.000000e+00,0.000000e+00,0.000000e+00,0.000000e+00,0.000000e+00,0.000000e+00,0.000000e+00,0.000000e+00,0.000000e+00,0.000000e+00,0.000000e+00
1.000000e+00,0.000000e+00,0.000000e+00,0.000000e+00,0.000000e+00,0.000000e+00,0.000000e+00,0.000000e+00,0.000000e+00,0.000000e+00,0.000000e+00,0.000000e+00,0.000000e+00,0.000000e+00,0.000000e+00
1.000000e+00,0.000000e+00,0.000000e+00,0.000000e+00,0.000000e+00,0.000000e+00,0.000000e+00,0.000000e+00,0.000000e+00,0.000000e+00,0.000000e+00,0.000000e+00,0.000000e+00,0.000000e+00,0.000000e+00
1.000000e+00,0.000000e+00,0.000000e+00,0.000000e+00,0.000000e+00,0.000000e+00,0.000000e+00,0.000000e+00,0.000000e+00,0.000000e+00,0.000000e+00,0.000000e+00,0.000000e+00,0.000000e+00,0.000000e+00
1.000000e+00,0.000000e+00,0.000000e+00,0.000000e+00,0.000000e+00,0.000000e+00,0.000000e+00,0.000000e+00,0.000000e+00,0.000000e+00,0.000000e+00,0.000000e+00,0.000000e+00,0.000000e+00,0.000000e+00
1.000000e+00,0.000000e+00,0.000000e+00,0.000000e+00,0.000000e+00,0.000000e+00,0.000000e+00,0.000000e+00,0.000000e+00,0.000000e+00,0.000000e+00,0.000000e+00,0.000000e+00,0.000000e+00,0.000000e+00
1.000000e+00,0.000000e+00,0.000000e+00,0.000000e+00,0.000000e+00,0.000000e+00,0.000000e+00,0.000000e+00,0.000000e+00,0.000000e+00,0.000000e+00,0.000000e+00,0.000000e+00,0.000000e+00,0.000000e+00
1.000000e+00,0.000000e+00,0.000000e+00,0.000000e+00,0.000000e+00,0.000000e+00,0.000000e+00,0.000000e+00,0.000000e+00,0.000000e+00,0.000000e+00,0.000000e+00,0.000000e+00,0.000000e+00,0.000000e+00
1.000000e+00,0.000000e+00,0.000000e+00,0.000000e+00,0.000000e+00,0.000000e+00,0.000000e+00,0.000000e+00,0.000000e+00,0.000000e+00,0.000000e+00,0.000000e+00,0.000000e+00,0.000000e+00,0.000000e+00
1.000000e+00,0.000000e+00,0.000000e+00,0.000000e+00,0.000000e+00,0.000000e+00,0.000000e+00,0.000000e+00,0.000000e+00,0.000000e+00,0.000000e+00,0.000000e+00,0.000000e+00,0.000000e+00,0.000000e+00
1.000000e+00,0.000000e+00,0.000000e+00,0.000000e+00,0.000000e+00,0.000000e+00,0.000000e+00,0.000000e+00,0.000000e+00,0.000000e+00,0.000000e+00,0.000000e+00,0.000000e+00,0.000000e+00,0.000000e+00
1.000000e+00,0.000000e+00,0.000000e+00,0.000000e+00,0.000000e+00,0.000000e+00,0.000000e+00,0.000000e+00,0.000000e+00,0.000000e+00,0.000000e+00,0.000000e+00,0.000000e+00,0.000000e+00,0.000000e+00
1.000000e+00,0.000000e+00,0.000000e+00,0.000000e+00,0.000000e+00,0.000000e+00,0.000000e+00,0.000000e+00,0.000000e+00,0.000000e+00,0.000000e+00,0.000000e+00,0.000000e+00,0.000000e+00,0.000000e+00
1.000000e+00,0.000000e+00,0.000000e+00,0.000000e+00,0.000000e+00,0.000000e+00,0.000000e+00,0.000000e+00,0.000000e+00,0.000000e+00,0.000000e+00,0.000000e+00,0.000000e+00,0.000000e+00,0.000000e+00
1.000000e+00,0.000000e+00,0.000000e+00,0.000000e+00,0.000000e+00,0.000000e+00,0.000000e+00,0.000000e+00,0.000000e+00,0.000000e+00,0.000000e+00,0.000000e+00,0.000000e+00,0.000000e+00,0.000000e+00
1.000000e+00,0.000000e+00,0.000000e+00,0.000000e+00,0.000000e+00,0.000000e+00,0.000000e+00,0.000000e+00,0.000000e+00,0.000000e+00,0.000000e+00,0.000000e+00,0.000000e+00,0.000000e+00,0.000000e+00
1.000000e+00,0.000000e+00,0.000000e+00,0.000000e+00,0.000000e+00,0.000000e+00,0.000000e+00,0.000000e+00,0.000000e+00,0.000000e+00,0.000000e+00,0.000000e+00,0.000000e+00,0.000000e+00,0.000000e+00
1.000000e+00,0.000000e+00,0.000000e+00,0.000000e+00,0.000000e+00,0.000000e+00,0.000000e+00,0.000000e+00,0.000000e+00,0.000000e+00,0.000000e+00,0.000000e+00,0.000000e+00,0.000000e+00,0.000000e+00
1.000000e+00,0.000000e+00,0.000000e+00,0.000000e+00,0.000000e+00,0.000000e+00,0.000000e+00,0.000000e+00,0.000000e+00,0.000000e+00,0.000000e+00,0.000000e+00,0.000000e+00,0.000000e+00,0.000000e+00
1.000000e+00,0.000000e+00,0.000000e+00,0.000000e+00,0.000000e+00,0.000000e+00,0.000000e+00,0.000000e+00,0.000000e+00,0.000000e+00,0.000000e+00,0.000000e+00,0.000000e+00,0.000000e+00,0.000000e+00
1.000000e+00,0.000000e+00,0.000000e+00,0.000000e+00,0.000000e+00,0.000000e+00,0.000000e+00,0.000000e+00,0.000000e+00,0.000000e+00,0.000000e+00,0.000000e+00,0.000000e+00,0.000000e+00,0.000000e+00
1.000000e+00,0.000000e+00,0.000000e+00,0.000000e+00,0.000000e+00,0.000000e+00,0.000000e+00,0.000000e+00,0.000000e+00,0.000000e+00,0.000000e+00,0.000000e+00,0.000000e+00,0.000000e+00,0.000000e+00
1.000000e+00,0.000000e+00,0.000000e+00,0.000000e+00,0.000000e+00,0.000000e+00,0.000000e+00,0.000000e+00,0.000000e+00,0.000000e+00,0.000000e+00,0.000000e+00,0.000000e+00,0.000000e+00,0.000000e+00
1.000000e+00,0.000000e+00,0.000000e+00,0.000000e+00,0.000000e+00,0.000000e+00,0.000000e+00,0.000000e+00,0.000000e+00,0.000000e+00,0.000000e+00,0.000000e+00,0.000000e+00,0.000000e+00,0.000000e+00
1.000000e+00,0.000000e+00,0.000000e+00,0.000000e+00,0.000000e+00,0.000000e+00,0.000000e+00,0.000000e+00,0.000000e+00,0.000000e+00,0.000000e+00,0.000000e+00,0.000000e+00,0.000000e+00,0.000000e+00
1.000000e+00,0.000000e+00,0.000000e+00,0.000000e+00,0.000000e+00,0.000000e+00,0.000000e+00,0.000000e+00,0.000000e+00,0.000000e+00,0.000000e+00,0.000000e+00,0.000000e+00,0.000000e+00,0.000000e+00
1.000000e+00,0.000000e+00,0.000000e+00,0.000000e+00,0.000000e+00,0.000000e+00,0.000000e+00,0.000000e+00,0.000000e+00,0.000000e+00,0.000000e+00,0.000000e+00,0.000000e+00,0.000000e+00,0.000000e+00
1.000000e+00,0.000000e+00,0.000000e+00,0.000000e+00,0.000000e+00,0.000000e+00,0.000000e+00,0.000000e+00,0.000000e+00,0.000000e+00,0.000000e+00,0.000000e+00,0.000000e+00,0.000000e+00,0.000000e+00
1.000000e+00,0.000000e+00,0.000000e+00,0.000000e+00,0.000000e+00,0.000000e+00,0.000000e+00,0.000000e+00,0.000000e+00,0.000000e+00,0.000000e+00,0.000000e+00,0.000000e+00,0.000000e+00,0.000000e+00
1.000000e+00,0.000000e+00,0.000000e+00,0.000000e+00,0.000000e+00,0.000000e+00,0.000000e+00,0.000000e+00,0.000000e+00,0.000000e+00,0.000000e+00,0.000000e+00,0.000000e+00,0.000000e+00,0.000000e+00
1.000000e+00,0.000000e+00,0.000000e+00,0.000000e+00,0.000000e+00,0.000000e+00,0.000000e+00,0.000000e+00,0.000000e+00,0.000000e+00,0.000000e+00,0.000000e+00,0.000000e+00,0.000000e+00,0.000000e+00
1.000000e+00,0.000000e+00,0.000000e+00,0.000000e+00,0.000000e+00,0.000000e+00,0.000000e+00,0.000000e+00,0.000000e+00,0.000000e+00,0.000000e+00,0.000000e+00,0.000000e+00,0.000000e+00,0.000000e+00
1.000000e+00,0.000000e+00,0.000000e+00,0.000000e+00,0.000000e+00,0.000000e+00,0.000000e+00,0.000000e+00,0.000000e+00,0.000000e+00,0.000000e+00,0.000000e+00,0.000000e+00,0.000000e+00,0.000000e+00
1.000000e+00,0.000000e+00,0.000000e+00,0.000000e+00,0.000000e+00,0.000000e+00,0.000000e+00,0.000000e+00,0.000000e+00,0.000000e+00,0.000000e+00,0.000000e+00,0.000000e+00,0.000000e+00,0.000000e+00
1.000000e+00,0.000000e+00,0.000000e+00,0.000000e+00,0.000000e+00,0.000000e+00,0.000000e+00,0.000000e+00,0.000000e+00,0.000000e+00,0.000000e+00,0.000000e+00,0.000000e+00,0.000000e+00,0.000000e+00
1.000000e+00,0.000000e+00,0.000000e+00,0.000000e+00,0.000000e+00,0.000000e+00,0.000000e+00,0.000000e+00,0.000000e+00,0.000000e+00,0.000000e+00,0.000000e+00,0.000000e+00,0.000000e+00,0.000000e+00
1.000000e+00,0.000000e+00,0.000000e+00,0.000000e+00,0.000000e+00,0.000000e+00,0.000000e+00,0.000000e+00,0.000000e+00,0.000000e+00,0.000000e+00,0.000000e+00,0.000000e+00,0.000000e+00,0.000000e+00
1.000000e+00,0.000000e+00,0.000000e+00,0.000000e+00,0.000000e+00,0.000000e+00,0.000000e+00,0.000000e+00,0.000000e+00,0.000000e+00,0.000000e+00,0.000000e+00,0.000000e+00,0.000000e+00,0.000000e+00
1.000000e+00,0.000000e+00,0.000000e+00,0.000000e+00,0.000000e+00,0.000000e+00,0.000000e+00,0.000000e+00,0.000000e+00,0.000000e+00,0.000000e+00,0.000000e+00,0.000000e+00,0.000000e+00,0.000000e+00
1.000000e+00,0.000000e+00,0.000000e+00,0.000000e+00,0.000000e+00,0.000000e+00,0.000000e+00,0.000000e+00,0.000000e+00,0.000000e+00,0.000000e+00,0.000000e+00,0.000000e+00,0.000000e+00,0.000000e+00
1.000000e+00,0.000000e+00,0.000000e+00,0.000000e+00,0.000000e+00,0.000000e+00,0.000000e+00,0.000000e+00,0.000000e+00,0.000000e+00,0.000000e+00,0.000000e+00,0.000000e+00,0.000000e+00,0.000000e+00
3.940722e-01,6.953770e-02,3.118400e-02,1.738506e-01,1.102803e-02,3.555908e-02,1.144788e-02,3.297699e-02,2.374771e-02,6.396134e-03,3.943906e-02,6.112210e-02,1.100593e-02,6.336746e-03,9.229572e-02
2.959681e-01,8.062824e-02,3.999129e-02,1.951112e-01,1.402106e-02,4.125648e-02,1.118763e-02,3.722735e-02,2.758432e-02,8.985667e-03,4.305078e-02,5.807271e-02,1.110691e-02,9.144515e-03,1.266638e-01
2.132411e-01,1.314099e-01,3.934148e-02,2.055023e-01,1.490274e-02,3.710050e-02,8.971036e-03,3.235457e-02,3.258042e-02,1.069817e-02,4.305628e-02,4.734802e-02,9.862165e-03,1.061413e-02,1.630171e-01
1.523865e-01,1.368333e-01,4.320511e-02,2.290588e-01,1.476139e-02,3.146150e-02,6.933185e-03,3.073041e-02,4.503982e-02,1.277209e-02,4.135261e-02,4.160248e-02,9.288568e-03,1.094515e-02,1.936289e-01
1.117447e-01,1.427749e-01,4.073095e-02,2.504049e-01,1.591622e-02,2.586920e-02,6.267284e-03,2.717095e-02,5.750897e-02,1.459017e-02,3.608551e-02,3.469915e-02,8.605918e-03,1.161793e-02,2.160133e-01
7.943225e-02,1.319471e-01,8.022132e-02,3.176346e-01,1.477552e-02,2.072173e-02,4.892985e-03,2.721369e-02,5.406391e-02,1.107313e-02,2.722489e-02,2.646132e-02,6.667979e-03,9.094564e-03,1.885750e-01
5.871395e-02,1.332684e-01,8.476147e-02,3.369644e-01,1.629373e-02,1.727785e-02,4.861377e-03,2.219831e-02,5.678724e-02,1.087866e-02,2.298618e-02,2.198532e-02,6.129664e-03,9.803630e-03,1.970898e-01
5.685686e-02,1.412838e-01,7.457265e-02,3.024714e-01,2.367647e-02,1.773991e-02,7.808720e-03,1.858036e-02,6.240288e-02,1.086707e-02,3.700703e-02,2.334514e-02,8.592487e-03,2.401491e-02,1.907803e-01
9.379504e-02,1.313972e-01,5.868009e-02,2.739199e-01,2.581154e-02,1.925031e-02,7.763653e-03,1.847591e-02,5.873300e-02,1.073337e-02,4.289320e-02,3.299647e-02,1.626117e-02,3.177653e-02,1.775126e-01
9.634912e-02,1.097322e-01,6.509963e-02,2.832218e-01,2.498548e-02,2.149555e-02,6.610492e-03,3.961316e-02,5.369606e-02,9.190342e-03,4.102043e-02,3.438666e-02,1.887842e-02,3.514574e-02,1.605749e-01
6.922001e-02,7.963588e-02,4.652381e-02,1.984149e-01,2.317431e-02,2.988010e-01,4.738233e-03,2.793077e-02,3.764070e-02,8.298392e-03,3.040755e-02,2.428387e-02,1.326998e-02,2.485227e-02,1.128083e-01
4.858270e-02,5.581123e-02,3.262065e-02,1.389516e-01,1.633051e-02,5.011033e-01,3.329330e-03,1.968772e-02,2.643633e-02,8.822560e-03,2.155356e-02,1.701085e-02,9.318818e-03,1.745019e-02,8.299059e-02
3.525022e-02,3.975795e-02,2.314351e-02,9.788598e-02,1.232586e-02,5.838783e-01,2.477215e-03,1.472739e-02,1.966601e-02,5.858312e-02,1.668512e-02,1.199520e-02,6.707411e-03,1.239257e-02,6.452405e-02
2.488764e-02,2.798953e-02,1.623714e-02,6.855979e-02,8.661501e-03,6.874273e-01,1.779373e-03,1.036503e-02,1.389590e-02,5.654320e-02,1.342940e-02,8.435578e-03,4.722898e-03,8.931037e-03,4.813465e-02
1.793329e-02,1.982307e-02,1.145478e-02,4.805195e-02,6.133676e-03,6.847953e-01,1.349391e-03,7.448830e-03,1.013211e-02,1.195084e-01,1.107522e-02,5.932570e-03,3.363487e-03,6.657118e-03,4.634078e-02
1.642383e-02,1.441269e-02,8.189577e-03,3.369807e-02,4.602312e-03,6.257496e-01,1.153721e-03,5.653310e-03,7.868249e-03,2.135241e-01,9.226795e-03,4.214257e-03,2.748796e-03,5.182613e-03,4.735200e-02
1.778089e-02,1.068403e-02,5.944871e-03,2.366371e-02,4.144171e-03,6.283060e-01,1.069975e-03,4.405786e-03,6.202999e-03,2.373110e-01,8.288669e-03,3.020904e-03,2.169921e-03,4.194312e-03,4.281263e-02
3.142105e-02,8.642886e-03,5.269627e-03,1.669285e-02,5.379886e-03,6.136116e-01,1.677324e-03,4.255963e-03,6.203730e-03,2.442797e-01,8.474791e-03,2.318742e-03,2.243018e-03,4.982498e-03,4.454631e-02
5.534604e-02,8.167384e-03,5.447378e-03,1.191522e-02,9.629248e-03,5.487623e-01,3.196527e-03,4.713822e-03,6.111952e-03,2.810969e-01,1.042917e-02,1.843696e-03,3.265038e-03,5.537373e-03,4.453789e-02
9.501566e-02,1.058616e-02,6.440092e-03,8.709908e-03,1.360291e-02,5.151537e-01,4.746267e-03,4.471590e-03,5.856908e-03,2.494003e-01,1.163699e-02,1.562811e-03,3.687672e-03,7.152585e-03,6.197634e-02
1.836569e-01,1.722931e-02,1.324386e-02,9.249547e-03,1.583387e-02,4.072542e-01,4.930108e-03,5.151186e-03,8.371614e-03,2.393312e-01,2.044217e-02,3.704540e-03,1.063301e-02,7.770149e-03,5.319827e-02
1.315179e-01,2.367350e-02,2.358944e-02,8.623118e-03,1.239800e-02,3.211629e-01,4.807218e-03,4.149478e-03,4.660505e-02,2.970393e-01,2.208170e-02,4.505973e-03,2.037442e-02,1.089047e-02,6.858148e-02
9.264688e-02,2.324912e-02,2.454163e-02,1.157431e-02,8.963519e-03,2.446586e-01,3.456194e-03,3.029661e-03,9.830283e-02,2.366342e-01,3.279817e-02,4.871381e-03,3.726092e-02,3.229107e-02,1.457215e-01
6.498469e-02,1.748989e-02,1.815278e-02,8.346579e-03,6.384997e-03,1.719774e-01,2.437921e-03,2.143626e-03,7.980255e-02,1.707667e-01,3.089247e-02,3.609428e-03,3.420718e-02,5.429421e-02,3.345096e-01
4.557794e-02,1.442415e-02,1.375799e-02,6.404997e-03,4.749603e-03,1.210412e-01,1.730779e-03,1.526700e-03,7.513823e-02,1.229929e-01,2.767185e-02,2.885170e-03,3.330816e-02,6.009276e-02,4.686975e-01
3.194194e-02,1.019154e-02,9.818849e-03,4.565954e-03,3.387364e-03,8.509371e-02,1.219142e-03,1.077292e-03,5.641323e-02,8.875739e-02,2.275233e-02,2.096107e-03,2.408602e-02,6.306027e-02,5.955389e-01
2.244452e-02,7.576053e-03,8.183270e-03,3.572029e-03,2.716508e-03,6.051509e-02,8.771080e-04,7.981641e-04,4.414629e-02,6.857471e-02,3.234201e-02,1.898111e-03,2.035738e-02,1.572675e-01,5.687312e-01
1.594806e-02,5.631621e-03,7.173398e-03,2.714345e-03,4.803778e-03,4.364003e-02,6.576683e-04,5.939650e-04,3.372607e-02,4.907497e-02,2.840351e-02,1.486447e-03,1.639015e-02,1.836051e-01,6.061509e-01
1.120924e-02,4.215389e-03,5.626280e-03,1.928563e-03,3.633289e-03,3.091237e-02,4.754915e-04,4.301774e-04,2.539904e-02,3.719185e-02,2.198647e-02,1.078747e-03,1.169334e-02,1.832983e-01,6.609214e-01
7.881279e-03,3.335342e-03,4.246386e-03,1.378178e-03,2.629235e-03,2.182490e-02,3.390993e-04,3.426293e-04,1.976921e-02,2.741446e-02,1.692479e-02,8.372099e-04,8.392434e-03,1.750722e-01,7.096126e-01
5.625187e-03,2.884186e-03,4.594840e-03,1.000626e-03,1.929327e-03,1.572424e-02,2.446290e-04,3.484114e-04,1.656660e-02,2.327793e-02,1.435851e-02,6.856674e-04,6.417566e-03,2.842088e-01,6.221334e-01
4.048435e-03,2.661759e-03,6.738008e-03,7.818575e-04,1.416500e-03,1.194263e-02,1.858758e-04,1.286262e-03,1.443581e-02,1.900180e-02,1.279331e-02,5.900262e-04,5.025034e-03,3.815108e-01,5.375819e-01
4.362212e-03,7.039857e-03,1.864339e-01,3.245155e-03,2.038269e-03,1.210250e-02,4.060145e-04,4.071243e-03,1.278414e-02,1.390787e-02,1.304337e-02,4.786561e-04,3.741393e-03,3.349494e-01,4.013960e-01
4.252168e-03,9.698492e-03,4.084299e-01,6.511989e-03,2.889365e-03,9.795726e-03,3.414854e-04,3.356174e-03,1.089450e-02,9.866119e-03,9.480687e-03,3.432909e-04,2.683406e-03,2.383124e-01,2.831443e-01
6.024728e-03,1.882372e-01,3.719526e-01,7.115273e-03,3.735891e-03,7.457269e-03,2.615596e-04,2.990667e-03,2.732697e-02,7.046704e-03,6.802686e-03,2.459162e-04,1.912420e-03,1.699279e-01,1.989622e-01
8.693719e-03,2.313291e-01,3.930840e-01,3.472238e-02,1.293520e-02,8.754235e-03,2.479673e-04,4.590530e-03,3.353111e-02,5.222001e-03,4.886239e-03,1.780972e-04,1.375787e-03,1.203401e-01,1.401095e-01
1.163862e-02,1.912738e-01,4.363658e-01,1.057085e-01,1.652749e-02,8.306708e-03,2.049307e-04,3.702986e-03,2.865419e-02,4.291777e-03,4.190175e-03,2.031119e-04,1.095064e-03,8.481061e-02,1.030262e-01
2.922944e-02,1.719010e-01,4.710635e-01,8.095983e-02,1.739039e-02,1.027331e-02,1.955884e-04,3.045899e-03,2.402601e-02,5.013295e-03,5.390600e-03,3.617230e-04,1.019557e-03,6.607570e-02,1.140541e-01
5.664046e-02,1.972853e-01,3.726090e-01,6.625416e-02,3.678015e-02,9.541120e-03,3.705554e-04,3.837132e-03,3.729301e-02,8.591106e-03,1.797885e-02,1.472919e-03,1.038232e-02,4.924111e-02,1.317228e-01
4.327374e-02,1.547400e-01,2.732050e-01,8.085915e-02,2.872857e-02,8.748904e-03,6.438691e-04,3.419133e-03,3.762299e-02,7.200140e-03,1.791523e-02,1.937078e-03,2.003363e-01,3.467690e-02,1.066930e-01
3.069177e-02,1.144538e-01,1.922357e-01,6.057037e-02,2.047599e-02,6.719882e-03,5.148380e-04,2.529251e-03,2.918288e-02,5.251835e-03,1.316715e-02,1.638350e-03,4.192144e-01,2.431795e-02,7.903577e-02
2.181022e-02,9.022431e-02,1.351746e-01,4.864664e-02,1.476952e-02,6.074144e-03,4.831490e-04,2.002445e-03,3.732623e-02,4.243371e-03,1.009464e-02,1.342024e-03,5.492777e-01,1.710882e-02,6.142225e-02
1.567879e-02,1.114434e-01,9.508073e-02,4.665082e-02,1.049351e-02,6.143990e-03,3.770063e-04,1.451638e-03,5.136205e-02,3.162274e-03,7.447154e-03,1.655370e-03,5.862504e-01,1.204554e-02,5.075730e-02
1.110344e-02,7.835410e-02,6.679744e-02,3.497380e-02,7.440086e-03,8.742522e-03,2.989465e-04,1.034286e-03,3.822652e-02,2.243436e-03,7.162848e-03,5.800348e-03,6.902384e-01,8.551874e-03,3.903194e-02
7.917847e-03,5.507575e-02,4.691820e-02,2.524856e-02,5.375858e-03,9.075650e-03,2.471130e-04,7.385136e-04,2.715733e-02,1.600482e-03,6.197050e-03,9.246649e-03,7.703978e-01,6.052032e-03,2.875119e-02
5.695914e-03,3.875681e-02,3.288546e-02,1.779099e-02,3.917876e-03,1.018167e-02,2.262974e-04,5.296443e-04,1.917062e-02,1.773206e-03,1.330404e-02,1.624147e-02,8.083493e-01,5.024000e-03,2.615275e-02
4.207479e-03,2.737076e-02,2.322996e-02,1.269729e-02,3.110110e-03,1.224978e-02,6.690406e-04,4.332284e-04,1.382720e-02,4.265197e-03,2.730604e-02,4.726060e-02,7.885041e-01,3.909688e-03,3.095953e-02
3.209878e-03,1.930759e-02,1.637973e-02,9.277647e-03,2.344953e-03,2.175636e-02,5.787924e-04,3.245552e-04,1.014956e-02,6.072010e-03,4.454702e-02,1.871876e-01,6.456118e-01,2.983977e-03,3.026854e-02
2.402864e-03,1.355784e-02,1.159903e-02,6.716845e-03,1.738745e-03,3.114736e-02,5.055912e-04,2.508618e-04,7.543128e-03,5.920745e-03,5.485838e-02,3.434190e-01,4.931638e-01,2.313582e-03,2.486227e-02
2.315915e-03,1.024082e-02,8.485928e-03,5.691984e-03,2.270354e-03,5.477346e-02,4.848751e-04,2.138629e-04,7.310575e-03,1.880075e-02,6.799958e-02,3.306950e-01,4.681620e-01,2.216565e-03,2.033846e-02
1.738756e-03,7.314943e-03,6.771334e-03,4.380228e-03,2.080753e-03,4.051562e-02,1.997096e-03,1.877240e-04,6.037546e-03,6.445247e-02,6.091836e-02,3.816760e-01,4.024619e-01,1.738640e-03,1.772868e-02
1.277487e-03,5.361162e-03,5.211950e-03,3.180528e-03,2.204648e-03,2.873544e-02,1.767655e-03,1.479379e-04,5.699375e-03,2.105333e-01,4.950473e-02,3.394243e-01,3.249252e-01,1.393179e-03,2.063318e-02
9.213659e-04,3.853216e-03,4.131574e-03,2.271559e-03,1.945696e-03,2.019844e-02,1.448431e-03,1.226557e-04,6.219743e-03,3.760557e-01,4.105106e-02,2.618546e-01,2.537955e-01,1.174487e-03,2.495608e-02
6.617721e-04,2.746816e-03,3.661592e-03,1.636791e-03,1.829191e-03,1.419760e-02,4.078566e-03,3.712533e-04,6.309633e-03,5.159149e-01,3.354593e-02,1.928893e-01,1.979320e-01,9.606761e-04,2.326403e-02
4.915452e-04,2.083323e-03,5.565373e-03,1.203112e-03,2.013596e-03,9.981916e-03,7.277486e-03,6.908021e-04,7.785921e-03,5.823658e-01,3.010133e-02,1.464659e-01,1.705327e-01,9.762971e-04,3.246483e-02
3.740438e-04,1.744622e-03,9.135916e-03,8.757920e-04,5.202108e-03,7.051026e-03,3.964597e-02,2.144431e-03,1.066421e-02,6.095803e-01,2.473841e-02,1.151057e-01,1.395714e-01,8.733057e-04,3.329285e-02
2.990471e-04,1.308459e-03,7.700039e-03,6.847386e-04,1.682224e-02,4.976981e-03,4.952454e-02,1.562455e-02,1.569693e-02,6.276785e-01,2.108929e-02,8.846262e-02,1.197454e-01,7.610202e-04,2.962574e-02
2.773987e-04,1.258762e-03,7.021682e-03,5.840324e-04,1.884418e-02,3.614968e-03,4.539425e-02,5.167919e-02,3.360564e-02,6.415532e-01,1.591161e-02,6.589474e-02,8.947750e-02,5.861635e-04,2.429671e-02
2.925681e-04,1.239018e-03,7.242838e-03,8.130355e-04,1.726033e-02,3.259352e-03,3.721090e-02,7.134528e-02,4.203709e-02,6.681674e-01,1.364228e-02,4.845720e-02,6.869255e-02,4.675271e-04,1.987261e-02
4.213142e-04,1.393467e-03,9.687279e-03,1.321944e-03,1.424049e-02,2.965674e-03,3.169148e-02,9.226687e-02,4.274885e-02,6.730853e-01,1.317933e-02,3.574185e-02,5.792001e-02,3.944701e-04,2.294166e-02
4.633209e-04,2.426967e-03,9.067939e-03,1.674560e-03,1.124900e-02,3.517619e-03,2.640089e-02,7.101762e-02,4.477925e-02,6.034957e-01,1.391557e-02,2.606792e-02,7.103190e-02,9.000442e-04,1.139917e-01
5.156691e-04,2.810097e-03,7.504796e-03,1.773927e-03,9.096577e-03,5.573479e-03,2.221334e-02,5.516990e-02,3.895207e-02,5.972443e-01,1.639737e-02,2.018370e-02,7.324330e-02,2.092915e-03,1.472285e-01
6.781806e-04,2.996834e-03,8.115747e-03,1.648512e-03,8.758046e-03,1.618993e-02,1.836851e-02,5.222021e-02,4.133205e-02,6.104634e-01,2.024263e-02,1.555161e-02,5.900129e-02,2.806715e-03,1.416264e-01
2.858818e-03,3.469766e-03,8.774424e-03,2.193571e-03,1.110489e-02,5.244903e-02,1.446204e-02,5.000248e-02,3.671985e-02,6.316363e-01,1.544417e-02,1.140438e-02,4.326644e-02,2.155980e-03,1.140580e-01
1.115018e-02,6.234204e-03,1.575677e-02,1.521343e-02,1.947544e-02,5.293002e-02,1.390848e-02,6.126925e-02,4.558796e-02,5.950332e-01,1.214211e-02,9.344470e-03,3.170732e-02,1.671043e-03,1.085761e-01
1.324250e-02,5.604640e-02,4.508332e-02,4.459916e-02,1.885244e-02,4.335088e-02,1.010637e-02,4.411878e-02,1.116270e-01,4.666425e-01,1.278024e-02,8.720408e-03,2.543297e-02,1.913455e-03,9.748365e-02
2.866582e-02,6.826643e-02,4.345088e-02,4.464808e-02,2.118843e-02,3.421503e-02,8.510837e-03,4.323754e-02,1.352657e-01,4.023951e-01,1.881739e-02,1.326617e-02,2.421031e-02,2.937409e-03,1.109250e-01
3.006870e-02,6.796303e-02,4.677384e-02,4.847532e-02,1.834263e-02,2.702108e-02,6.584621e-03,6.471982e-02,1.145618e-01,2.964628e-01,2.316666e-02,1.568786e-02,2.539029e-02,3.504884e-03,2.112767e-01
3.081044e-02,1.338159e-01,6.166118e-02,6.348284e-02,1.385489e-02,2.366108e-02,4.735900e-03,4.688619e-02,9.889266e-02,2.173580e-01,6.107187e-02,2.595735e-02,3.089501e-02,6.157566e-03,1.807591e-01
2.918519e-02,1.028977e-01,4.786937e-02,5.372596e-02,1.054179e-02,2.068329e-02,3.720209e-03,3.491371e-02,9.359579e-02,1.704762e-01,1.215727e-01,3.945278e-02,4.369303e-02,7.345290e-03,2.203269e-01
2.338518e-02,7.549462e-02,3.540772e-02,4.300781e-02,7.607358e-03,1.983801e-02,2.669432e-03,2.452628e-02,6.927186e-02,1.254450e-01,1.192671e-01,3.797454e-02,5.211925e-02,5.850665e-03,3.581351e-01
1.709158e-02,5.609137e-02,2.564018e-02,3.135756e-02,5.652515e-03,1.604773e-02,1.993369e-03,1.722851e-02,5.043096e-02,9.488368e-02,1.156438e-01,3.739043e-02,5.966430e-02,4.717792e-03,4.661661e-01
1.366907e-02,4.007027e-02,1.991443e-02,2.726634e-02,5.846266e-03,1.779272e-02,2.029254e-03,1.228529e-02,4.133490e-02,7.355347e-02,1.988388e-01,7.309549e-02,1.098254e-01,3.907280e-03,3.605710e-01
1.011658e-02,2.904930e-02,1.481371e-02,2.267505e-02,4.878605e-03,4.009382e-02,1.579644e-03,8.665627e-03,3.455645e-02,5.433709e-02,1.692830e-01,2.192392e-01,1.274182e-01,3.292056e-03,2.600016e-01
8.016896e-03,2.091914e-02,1.099076e-02,1.888409e-02,3.973995e-03,7.975842e-02,1.502577e-03,6.208938e-03,2.892480e-02,4.214314e-02,1.305406e-01,3.283579e-01,1.276484e-01,3.078618e-03,1.890516e-01
6.566341e-03,1.840038e-02,8.653885e-03,1.380835e-02,3.584970e-03,6.516857e-02,1.282618e-03,4.444571e-03,4.824037e-02,3.278184e-02,1.048548e-01,4.324647e-01,1.210310e-01,4.192297e-03,1.345253e-01
5.286017e-03,1.391238e-02,7.044110e-03,1.015791e-02,3.414344e-03,6.250118e-02,1.166427e-03,3.289528e-03,4.451013e-02,2.513300e-02,8.837257e-02,5.351700e-01,1.019628e-01,3.617059e-03,9.446262e-02
4.211680e-03,1.100374e-02,5.139196e-03,7.269002e-03,3.411383e-03,4.732235e-02,9.950966e-04,2.565202e-03,4.730708e-02,1.889439e-02,6.415653e-02,6.255624e-01,9.252935e-02,2.944492e-03,6.668811e-02
3.192010e-03,7.863110e-03,3.680053e-03,5.125477e-03,2.527377e-03,3.469362e-02,1.042831e-03,2.072474e-03,3.514685e-02,1.354078e-02,4.533185e-02,7.220254e-01,7.481886e-02,2.141866e-03,4.679743e-02
2.719456e-03,5.808522e-03,2.805832e-03,3.633657e-03,2.044052e-03,2.965868e-02,1.562041e-03,1.837833e-03,2.719916e-02,9.922043e-03,3.222203e-02,7.769966e-01,6.885657e-02,1.766624e-03,3.296694e-02
4.294667e-03,4.177242e-03,1.990515e-03,2.562216e-03,1.589914e-03,2.232747e-02,1.963408e-03,1.546835e-03,1.954908e-02,7.205762e-03,2.265411e-02,7.069602e-01,1.787868e-01,1.278681e-03,2.311316e-02
4.298405e-03,3.042337e-03,1.669446e-03,1.843291e-03,2.173227e-03,2.220725e-02,1.846112e-03,1.276104e-03,1.437784e-02,5.215909e-03,1.623160e-02,7.393810e-01,1.692600e-01,9.349387e-04,1.624258e-02
4.330699e-03,2.243061e-03,1.730053e-03,1.548318e-03,4.413305e-03,2.887262e-02,1.536153e-03,1.311067e-03,1.267093e-02,3.934900e-03,1.554290e-02,7.584381e-01,1.512149e-01,7.368863e-04,1.147611e-02
4.037242e-03,1.713719e-03,1.527865e-03,1.158539e-03,4.300654e-03,2.090404e-02,1.277015e-03,1.281438e-03,1.053381e-02,2.959181e-03,1.257532e-02,8.040904e-01,1.248747e-01,5.769245e-04,8.189150e-03
4.168601e-03,1.608550e-03,1.382657e-03,8.841462e-04,4.286678e-03,1.815189e-02,1.105330e-03,1.206415e-03,9.670046e-03,2.228738e-03,1.075892e-02,8.270478e-01,1.111331e-01,4.835212e-04,5.883540e-03
4.480879e-03,1.935862e-03,1.185037e-03,7.203822e-04,3.974448e-03,1.839172e-02,8.782803e-04,1.204357e-03,1.260780e-02,2.030998e-03,9.565426e-03,8.409826e-01,9.680174e-02,9.727627e-04,4.267753e-03
5.124005e-03,2.014548e-03,1.188827e-03,5.878809e-04,3.390938e-03,2.022142e-02,7.096768e-04,1.196240e-03,1.211304e-02,1.680522e-03,8.761110e-03,8.562390e-01,8.259984e-02,1.013456e-03,3.159568e-03
4.645666e-03,2.477332e-03,9.059646e-04,4.762073e-04,2.522889e-03,2.619655e-02,5.284314e-04,1.022333e-03,1.262548e-02,1.360690e-03,7.616965e-03,8.552438e-01,8.094729e-02,1.026653e-03,2.403826e-03
6.469221e-03,2.937158e-03,1.307056e-03,4.190884e-04,2.052333e-03,2.159591e-02,5.255644e-04,1.837653e-03,1.533716e-02,1.193844e-03,7.152020e-03,8.688809e-01,6.688143e-02,1.568694e-03,1.842103e-03
8.704122e-03,3.175160e-03,1.339185e-03,4.658765e-04,1.846800e-03,2.561115e-02,5.032691e-04,2.931914e-03,2.760286e-02,1.112680e-03,7.121751e-03,8.608855e-01,5.508100e-02,2.133009e-03,1.485827e-03
1.052539e-02,3.843710e-03,1.404444e-03,4.659096e-04,2.006987e-03,2.385042e-02,6.903120e-04,2.987633e-03,4.480639e-02,1.042440e-03,6.079030e-03,8.548551e-01,4.451681e-02,1.763857e-03,1.161665e-03
1.627218e-02,3.970459e-03,1.758670e-03,5.017914e-04,2.533935e-03,2.135066e-02,1.140275e-03,3.788586e-03,4.286653e-02,9.107818e-04,5.017663e-03,8.623159e-01,3.519499e-02,1.452358e-03,9.252660e-04
4.040740e-02,4.333161e-03,7.677293e-03,1.022716e-03,4.301515e-03,2.027108e-02,2.939463e-03,4.083820e-02,3.598163e-02,1.249972e-03,4.064663e-03,8.033496e-01,3.099451e-02,1.798747e-03,7.700502e-04
6.241451e-02,5.281326e-03,6.609066e-03,1.097941e-03,6.636083e-03,2.088083e-02,6.375550e-03,3.035998e-02,3.204981e-02,1.599199e-03,3.547992e-03,7.883202e-01,3.143596e-02,2.707111e-03,6.844444e-04
6.467707e-02,5.709000e-03,5.510975e-03,9.413535e-04,6.795784e-03,1.945401e-02,8.949468e-03,2.239198e-02,2.782702e-02,1.707939e-03,3.023397e-03,8.015893e-01,2.850672e-02,2.324744e-03,5.912422e-04
5.784837e-02,7.194998e-03,5.454662e-03,8.510846e-04,9.796794e-03,1.769183e-02,1.173007e-02,1.840777e-02,4.466602e-02,1.632894e-03,3.725111e-03,7.914171e-01,2.713272e-02,1.875227e-03,5.753693e-04
4.804169e-02,8.750568e-03,6.324772e-03,7.339923e-04,1.194015e-02,1.786507e-02,1.286785e-02,1.507997e-02,6.253967e-02,1.609298e-03,4.141505e-03,7.825090e-01,2.546910e-02,1.543742e-03,5.836317e-04
3.940055e-02,1.227285e-02,6.143466e-03,6.993135e-04,1.119220e-02,2.428925e-02,1.149729e-02,1.521830e-02,8.431499e-02,1.336187e-03,3.256534e-03,7.500917e-01,3.853487e-02,1.210226e-03,5.422637e-04
3.307867e-02,1.732474e-02,7.913647e-03,5.706232e-04,1.155691e-02,2.595728e-02,1.218555e-02,1.573092e-02,1.096826e-01,1.246809e-03,2.561002e-03,6.648738e-01,9.586856e-02,9.873140e-04,4.615056e-04
2.857640e-02,3.048979e-02,2.046320e-02,4.983476e-04,1.076172e-02,3.081337e-02,1.241321e-02,1.798840e-02,1.849321e-01,1.110753e-03,2.029108e-03,5.247460e-01,1.339573e-01,7.565891e-04,4.636170e-04
2.632097e-02,3.170560e-02,3.143691e-02,4.642423e-04,8.650421e-03,3.767590e-02,1.779904e-02,7.024143e-02,1.788590e-01,1.093196e-03,1.522716e-03,4.267248e-01,1.663631e-01,6.321326e-04,5.105828e-04
2.580295e-02,2.549349e-02,3.901713e-02,4.573599e-04,6.839354e-03,3.213798e-02,2.148169e-02,9.395908e-02,1.454581e-01,1.203899e-03,1.119297e-03,3.800357e-01,2.258936e-01,5.408709e-04,5.594665e-04
3.413741e-02,2.925331e-02,5.418707e-02,7.094626e-04,5.865226e-03,3.056687e-02,3.094194e-02,7.496962e-02,1.262312e-01,2.689053e-03,8.760554e-04,3.156999e-01,2.918878e-01,6.011851e-04,1.383932e-03
4.769298e-02,3.132472e-02,6.224021e-02,2.637626e-03,1.209655e-02,2.807505e-02,1.052159e-01,7.521844e-02,1.369559e-01,4.268945e-03,7.243037e-04,2.621477e-01,2.287187e-01,6.566584e-04,2.026273e-03
4.212996e-02,2.270414e-02,7.073313e-02,2.178912e-03,1.267195e-02,2.034465e-02,1.209237e-01,2.457238e-01,1.012927e-01,3.437117e-03,5.429084e-04,1.933880e-01,1.618220e-01,5.873054e-04,1.519633e-03
3.727700e-02,1.754996e-02,1.101566e-01,4.990893e-03,1.317350e-02,1.611630e-02,1.802858e-01,2.884690e-01,7.706328e-02,2.729931e-03,4.362034e-04,1.362001e-01,1.138318e-01,4.343021e-04,1.285339e-03
2.997005e-02,1.312892e-02,9.875157e-02,6.398314e-03,1.236246e-02,1.233019e-02,2.087555e-01,3.795075e-01,5.872670e-02,2.015263e-03,3.654896e-04,9.598816e-02,8.035017e-02,3.152130e-04,1.034557e-03
2.446991e-02,9.738809e-03,7.405876e-02,4.747087e-03,1.175786e-02,9.677080e-03,1.683799e-01,5.238775e-01,4.593972e-02,1.473988e-03,3.563844e-04,6.728274e-02,5.705976e-02,2.502624e-04,9.303027e-04
1.967924e-02,7.225181e-03,5.320354e-02,3.485159e-03,1.047224e-02,7.307396e-03,1.360550e-01,6.372012e-01,3.565981e-02,1.065782e-03,2.729626e-04,4.713189e-02,4.032096e-02,1.855889e-04,7.341359e-04
1.686080e-02,5.278881e-03,3.798792e-02,2.579891e-03,9.583008e-03,5.748436e-03,1.293795e-01,7.023584e-01,2.634344e-02,7.675559e-04,2.137551e-04,3.300950e-02,2.916753e-02,1.366610e-04,5.847981e-04
1.581364e-02,3.905898e-03,2.881691e-02,2.021422e-03,1.110096e-02,4.573413e-03,1.245869e-01,7.408847e-01,2.103486e-02,5.865523e-04,1.874762e-04,2.315693e-02,2.245211e-02,1.092856e-04,7.689918e-04
1.578495e-02,2.980328e-03,2.170761e-02,1.638586e-03,1.844538e-02,3.554232e-03,1.154592e-01,7.663373e-01,1.859757e-02,4.845416e-04,2.236220e-04,1.626052e-02,1.726547e-02,9.347727e-05,1.167233e-03
1.850174e-02,2.262338e-03,1.552056e-02,1.693526e-03,1.826301e-02,2.889840e-03,1.682843e-01,7.292228e-01,1.429103e-02,6.023624e-04,4.605702e-04,1.150133e-02,1.324426e-02,1.241681e-04,3.138146e-03
2.876313e-02,1.928794e-03,1.184624e-02,2.913183e-03,2.085241e-02,3.480303e-03,2.111741e-01,6.681582e-01,1.251776e-02,1.448916e-03,1.623231e-03,8.619780e-03,1.129961e-02,3.175885e-04,1.505668e-02
3.738875e-02,1.763354e-03,9.131735e-03,3.133811e-03,1.796366e-02,3.969748e-03,2.707574e-01,6.080575e-01,9.717368e-03,1.598091e-03,1.675499e-03,6.675905e-03,9.898942e-03,5.129537e-04,1.775525e-02
3.882129e-02,1.672646e-03,7.673505e-03,3.445745e-03,1.711965e-02,4.529076e-03,3.260830e-01,5.562595e-01,7.072409e-03,1.478509e-03,1.913950e-03,5.122247e-03,1.356600e-02,5.791336e-04,1.466340e-02
3.888799e-02,1.527561e-03,6.357184e-03,3.055192e-03,1.448383e-02,4.434109e-03,3.112823e-01,5.832036e-01,5.660828e-03,1.339658e-03,2.129484e-03,3.813076e-03,1.202357e-02,5.165114e-04,1.128509e-02
5.227172e-02,1.273852e-03,5.354861e-03,2.648797e-03,1.212971e-02,5.578070e-03,3.498596e-01,5.400541e-01,4.495129e-03,1.449939e-03,1.748101e-03,3.144899e-03,1.061924e-02,5.407868e-04,8.831253e-03
8.022884e-02,1.145741e-03,4.901077e-03,2.234831e-03,1.067444e-02,7.186760e-03,3.648623e-01,5.008305e-01,3.935197e-03,2.221383e-03,1.751715e-03,3.208870e-03,8.933523e-03,6.940026e-04,7.190830e-03
1.117826e-01,1.279336e-03,4.801030e-03,1.979659e-03,1.100196e-02,7.964180e-03,3.581433e-01,4.740534e-01,5.073948e-03,2.472115e-03,2.370177e-03,3.614652e-03,7.829805e-03,7.533197e-04,6.880405e-03
1.125911e-01,1.250315e-03,3.824981e-03,1.602908e-03,1.149560e-02,7.329931e-03,3.480114e-01,4.868006e-01,5.782107e-03,2.623279e-03,2.547158e-03,3.192764e-03,6.529651e-03,7.125489e-04,5.705627e-03
1.150575e-01,1.134226e-03,3.236092e-03,1.408680e-03,1.392882e-02,6.935260e-03,3.411375e-01,4.916278e-01,5.270755e-03,2.836747e-03,2.962533e-03,2.781170e-03,5.445466e-03,7.697388e-04,5.467687e-03
1.223704e-01,1.178122e-03,5.984200e-03,1.812663e-03,2.115840e-02,6.982424e-03,3.157433e-01,4.995674e-01,5.184169e-03,2.995536e-03,3.327941e-03,2.756598e-03,4.798350e-03,9.869108e-04,5.153493e-03
1.599980e-01,3.157607e-03,9.512065e-03,1.905445e-03,4.263375e-02,1.542520e-02,2.444497e-01,4.885603e-01,4.489255e-03,4.076560e-03,3.949745e-03,4.118748e-03,4.194170e-03,3.271438e-03,1.025805e-02
2.380774e-01,3.956110e-03,8.467687e-03,2.372519e-03,5.117016e-02,1.660588e-02,1.985205e-01,4.341511e-01,4.315985e-03,5.587070e-03,4.742062e-03,5.610651e-03,4.030410e-03,3.897771e-03,1.849467e-02
1.721959e-01,4.879063e-03,6.986234e-03,1.778395e-03,4.009121e-02,1.963916e-02,1.637216e-01,4.139294e-01,1.363224e-02,8.888489e-02,1.362882e-02,5.394006e-03,6.409219e-03,2.570999e-02,2.311993e-02
1.234145e-01,7.241611e-03,5.450394e-03,1.621288e-03,3.224690e-02,3.215517e-02,1.323982e-01,3.789422e-01,1.443687e-02,1.084076e-01,4.074193e-02,1.491170e-02,6.851900e-03,8.031698e-02,2.086279e-02
8.763338e-02,6.176344e-03,3.905683e-03,1.393015e-03,2.469403e-02,2.653331e-02,1.468192e-01,2.731756e-01,1.215253e-02,8.230736e-02,1.250985e-01,7.985996e-02,5.592352e-03,1.090511e-01,1.560773e-02
6.143228e-02,5.009619e-03,2.757600e-03,1.107316e-03,1.875183e-02,1.890478e-02,1.106375e-01,1.916182e-01,9.143122e-03,5.830511e-02,2.487241e-01,1.060231e-01,4.128125e-03,1.516307e-01,1.182666e-02
4.304261e-02,5.360004e-03,1.957907e-03,8.418093e-04,1.574023e-02,1.335030e-02,7.900096e-02,1.343986e-01,6.755242e-03,4.127346e-02,3.592364e-01,1.481755e-01,2.979717e-03,1.394745e-01,8.412779e-03
3.015544e-02,4.032458e-03,1.385583e-03,6.008951e-04,1.351700e-02,9.354957e-03,5.544882e-02,9.426817e-02,4.911926e-03,2.993758e-02,4.065312e-01,1.684411e-01,2.243847e-03,1.732303e-01,5.940699e-03
2.111972e-02,2.926483e-03,9.783721e-04,4.247905e-04,1.085428e-02,6.552435e-03,3.885181e-02,6.610267e-02,3.568872e-03,2.239718e-02,4.359876e-01,1.781833e-01,1.733314e-03,2.061378e-01,4.181365e-03
1.479745e-02,2.106481e-03,7.295811e-04,3.023379e-04,8.102073e-03,4.603860e-03,2.721128e-02,4.632443e-02,2.792026e-03,1.765420e-02,4.440687e-01,1.435305e-01,1.511808e-03,2.832800e-01,2.985213e-03
1.036548e-02,1.664409e-03,6.565689e-04,2.140992e-04,5.909811e-03,3.285848e-03,1.905718e-02,3.245013e-02,2.379336e-03,1.424088e-02,4.878679e-01,1.074264e-01,1.421765e-03,3.107539e-01,2.306354e-03
7.325458e-03,9.664408e-03,4.742952e-03,2.000861e-04,9.228701e-03,4.391841e-03,1.364616e-02,2.341648e-02,2.064349e-02,1.086494e-02,5.698070e-01,8.245204e-02,1.766365e-03,2.396883e-01,2.161771e-03
5.546411e-03,1.306022e-02,7.260916e-03,3.141974e-04,1.240024e-02,6.063627e-03,9.848120e-03,2.262312e-02,1.103524e-01,9.641180e-03,5.133706e-01,6.510548e-02,1.865305e-03,2.199031e-01,2.645114e-03
4.446161e-03,1.420734e-02,6.098406e-03,3.424185e-04,1.468994e-02,5.293876e-03,7.039592e-03,1.695136e-02,2.264254e-01,8.271980e-03,3.878459e-01,4.967236e-02,1.811613e-03,2.539694e-01,2.934162e-03
3.315306e-03,1.655797e-02,5.137130e-03,2.983622e-04,1.128960e-02,8.711429e-03,4.945881e-03,1.202435e-02,2.766133e-01,7.110188e-03,3.117653e-01,3.698513e-02,1.623025e-03,3.011639e-01,2.459125e-03
3.760753e-03,1.713500e-02,8.190241e-03,9.119798e-04,1.062266e-02,1.820545e-02,3.596438e-03,1.152614e-02,3.008818e-01,7.243046e-03,3.343431e-01,3.545908e-02,3.638751e-03,2.424143e-01,2.071230e-03
5.828585e-03,1.413608e-02,3.443746e-02,3.997997e-03,9.414181e-03,7.724662e-02,2.973428e-03,2.499139e-02,2.855255e-01,7.257161e-03,2.843877e-01,2.836370e-02,3.864386e-03,2.156984e-01,1.877436e-03
9.846594e-03,1.324083e-02,7.116603e-02,6.295174e-03,7.678513e-03,6.175384e-02,2.251018e-03,2.822679e-02,2.959088e-01,6.730064e-03,2.241750e-01,2.090405e-02,3.333132e-03,2.466929e-01,1.797240e-03
1.049359e-02,1.125677e-02,5.714486e-02,7.205802e-03,7.695417e-03,4.493043e-02,1.613165e-03,2.080894e-02,3.390490e-01,7.206832e-03,2.496317e-01,1.549837e-02,2.683114e-03,2.228746e-01,1.907368e-03
1.133518e-02,9.950157e-03,4.217967e-02,5.838083e-03,1.030936e-02,3.415650e-02,1.168106e-03,1.505159e-02,3.037755e-01,7.442667e-03,3.266171e-01,1.124893e-02,2.105867e-03,2.171052e-01,1.716101e-03
9.978713e-03,8.690705e-03,3.139702e-02,4.521861e-03,8.289283e-03,2.640945e-02,8.261611e-04,1.108903e-02,3.087521e-01,6.462378e-03,3.732318e-01,8.562108e-03,1.598779e-03,1.986496e-01,1.540969e-03
8.168141e-03,7.143543e-03,2.372198e-02,3.638953e-03,6.958941e-03,1.961925e-02,5.835002e-04,8.116391e-03,3.150890e-01,4.926751e-03,3.989227e-01,6.101992e-03,1.172789e-03,1.946438e-01,1.192193e-03
7.946893e-03,6.533483e-03,1.816100e-02,2.948858e-03,6.060268e-03,1.598121e-02,4.343659e-04,6.871559e-03,3.483548e-01,3.965785e-03,3.536709e-01,4.365759e-03,9.150004e-04,2.227228e-01,1.067241e-03
1.023003e-02,5.771008e-03,1.499135e-02,2.622599e-03,5.427106e-03,1.416002e-02,3.915203e-04,1.151737e-02,4.399332e-01,3.361679e-03,3.094714e-01,3.218131e-03,6.886166e-04,1.770579e-01,1.158032e-03
1.508298e-02,8.076243e-03,1.862611e-02,2.959723e-03,4.897392e-03,1.492628e-02,3.745021e-04,1.492466e-02,4.808704e-01,2.754736e-03,2.868213e-01,2.478766e-03,5.422388e-04,1.450680e-01,1.596693e-03
1.582358e-02,6.315490e-03,1.420682e-02,2.310370e-03,3.788578e-03,1.331729e-02,3.087263e-04,1.303943e-02,5.754652e-01,2.310680e-03,2.284191e-01,1.788824e-03,4.255963e-04,1.211987e-01,1.281706e-03
2.178773e-02,5.438073e-03,1.216844e-02,3.141122e-03,3.597813e-03,1.314135e-02,3.083734e-04,1.886093e-02,6.463025e-01,2.009393e-03,1.736863e-01,1.398182e-03,3.599492e-04,9.647790e-02,1.321942e-03
2.884805e-02,4.436782e-03,9.441862e-03,3.237718e-03,3.277630e-03,1.297441e-02,2.819950e-04,1.632678e-02,6.659485e-01,1.911301e-03,1.489787e-01,1.053252e-03,3.993708e-04,1.017449e-01,1.138746e-03
3.948640e-02,4.191371e-03,7.349600e-03,4.119904e-03,3.562781e-03,1.314556e-02,3.417516e-04,1.623223e-02,6.452857e-01,1.721170e-03,1.310283e-01,8.847673e-04,6.558266e-04,1.307688e-01,1.225850e-03
