1.000000e+00,0.000000e+00,0.000000e+00,0.000000e+00,0.000000e+00,0.000000e+00,0.000000e+00,0.000000e+00,0.000000e+00,0.000000e+00,0.000000e+00,0.000000e+00,0.000000e+00,0.000000e+00,0.000000e+00
1.000000e+00,0.000000e+00,0.000000e+00,0.000000e+00,0.000000e+00,0.000000e+00,0.000000e+00,0.000000e+00,0.000000e+00,0.000000e+00,0.000000e+00,0.000000e+00,0.000000e+00,0.000000e+00,0.000000e+00
1.000000e+00,0.000000e+00,0.000000e+00,0.000000e+00,0.000000e+00,0.000000e+00,0.000000e+00,0.000000e+00,0.000000e+00,0.000000e+00,0.000000e+00,0.000000e+00,0.000000e+00,0.000000e+00,0.000000e+00
1.000000e+00,0.000000e+00,0.000000e+00,0.000000e+00,0.000000e+00,0.000000e+00,0.000000e+00,0.000000e+00,0.000000e+00,0.000000e+00,0.000000e+00,0.000000e+00,0.000000e+00,0.000000e+00,0.000000e+00
1.000000e+00,0.000000e+00,0.000000e+00,0.000000e+00,0.000000e+00,0.000000e+00,0.000000e+00,0.000000e+00,0.000000e+00,0.000000e+00,0.000000e+00,0.000000e+00,0.000000e+00,0.000000e+00,0.000000e+00
1.000000e+00,0.000000e+00,0.000000e+00,0.000000e+00,0.000000e+00,0.000000e+00,0.000000e+00,0.000000e+00,0.000000e+00,0.000000e+00,0.000000e+00,0.000000e+00,0.000000e+00,0.000000e+00,0.000000e+00
1.000000e+00,0.000000e+00,0.000000e+00,0.000000e+00,0.000000e+00,0.000000e+00,0.000000e+00,0.000000e+00,0.000000e+00,0.000000e+00,0.000000e+00,0.000000e+00,0.000000e+00,0.000000e+00,0.000000e+00
1.000000e+00,0.000000e+00,0.000000e+00,0.000000e+00,0.000000e+00,0.000000e+00,0.000000e+00,0.000000e+00,0.000000e+00,0.000000e+00,0.000000e+00,0.000000e+00,0.000000e+00,0.000000e+00,0.000000e+00
1.000000e+00,0.000000e+00,0.000000e+00,0.000000e+00,0.000000e+00,0.000000e+00,0.000000e+00,0.000000e+00,0.000000e+00,0.000000e+00,0.000000e+00,0.000000e+00,0.000000e+00,0.000000e+00,0.000000e+00
4.026560e-01,4.241266e-02,2.623957e-02,2.062078e-01,2.344984e-02,3.590667e-02,8.123594e-03,4.215597e-02,2.684157e-02,4.314362e-03,3.405997e-02,9.396099e-02,2.614453e-02,4.940125e-03,2.258644e-02
4.669001e-01,5.068615e-02,2.347261e-02,1.758331e-01,2.504347e-02,3.194828e-02,7.583579e-03,3.209966e-02,2.397929e-02,3.725555e-03,2.877897e-02,7.749754e-02,2.409169e-02,4.676982e-03,2.368301e-02
4.998940e-01,6.038451e-02,2.206312e-02,1.521860e-01,2.714783e-02,3.111848e-02,8.098492e-03,2.552785e-02,2.164846e-02,3.430655e-03,2.350852e-02,7.021599e-02,2.448171e-02,4.221358e-03,2.607303e-02
4.512263e-01,7.257300e-02,2.639107e-02,1.852640e-01,3.255025e-02,2.929379e-02,8.621485e-03,2.455134e-02,1.943455e-02,3.391912e-03,2.069749e-02,6.900336e-02,2.465560e-02,3.960812e-03,2.838502e-02
4.675815e-01,7.123098e-02,2.801691e-02,1.772149e-01,3.315265e-02,2.847958e-02,8.816585e-03,2.166284e-02,1.842546e-02,3.307950e-03,1.774258e-02,6.699990e-02,2.540103e-02,3.647706e-03,2.831945e-02
1.000000e+00,0.000000e+00,0.000000e+00,0.000000e+00,0.000000e+00,0.000000e+00,0.000000e+00,0.000000e+00,0.000000e+00,0.000000e+00,0.000000e+00,0.000000e+00,0.000000e+00,0.000000e+00,0.000000e+00
1.000000e+00,0.000000e+00,0.000000e+00,0.000000e+00,0.000000e+00,0.000000e+00,0.000000e+00,0.000000e+00,0.000000e+00,0.000000e+00,0.000000e+00,0.000000e+00,0.000000e+00,0.000000e+00,0.000000e+00
1.000000e+00,0.000000e+00,0.000000e+00,0.000000e+00,0.000000e+00,0.000000e+00,0.000000e+00,0.000000e+00,0.000000e+00,0.000000e+00,0.000000e+00,0.000000e+00,0.000000e+00,0.000000e+00,0.000000e+00
4.886246e-01,3.540466e-02,1.538377e-02,6.488161e-02,1.668082e-02,2.500921e-01,3.638018e-03,1.319454e-02,6.213803e-03,1.190571e-02,3.448644e-02,2.786300e-02,1.130034e-02,4.594220e-03,1.573640e-02
3.446842e-01,2.598772e-02,1.126235e-02,4.810465e-02,1.202107e-02,4.011682e-01,2.838302e-03,9.450267e-03,5.151708e-03,4.303198e-02,2.759249e-02,2.021396e-02,8.998871e-03,4.155971e-03,3.533826e-02
2.415091e-01,2.099560e-02,7.975135e-03,3.793732e-02,8.896506e-03,4.478685e-01,2.253162e-03,6.715380e-03,9.358597e-03,4.719851e-02,3.550104e-02,1.475178e-02,8.432591e-03,4.317492e-03,1.062893e-01
1.690657e-01,1.479352e-02,5.592271e-03,2.665739e-02,6.294493e-03,3.613909e-01,1.597563e-03,4.748900e-03,7.003644e-03,3.385912e-02,2.913375e-02,1.038467e-02,6.130291e-03,4.602246e-03,3.187456e-01
1.183508e-01,1.037241e-02,3.922141e-03,1.869977e-02,4.485043e-03,2.626251e-01,1.124814e-03,3.377553e-03,5.416697e-03,2.398575e-02,2.335320e-02,7.296300e-03,4.528644e-03,5.465064e-03,5.069968e-01
8.287307e-02,7.302352e-03,2.771411e-03,1.310391e-02,3.949274e-03,1.851268e-01,7.956386e-04,2.639832e-03,4.398816e-03,1.769629e-02,1.767474e-02,5.202105e-03,4.740400e-03,1.431947e-02,6.374059e-01
5.801504e-02,5.114651e-03,1.942994e-03,9.175637e-03,2.969585e-03,1.297005e-01,5.575806e-04,1.858049e-03,3.214531e-03,1.286147e-02,1.363935e-02,3.655778e-03,3.373425e-03,1.297139e-02,7.409500e-01
4.062055e-02,3.593239e-03,1.365185e-03,6.436329e-03,2.516811e-03,9.105004e-02,3.911453e-04,1.308062e-03,2.621226e-03,1.100959e-02,1.185799e-02,2.578224e-03,2.409534e-03,1.080727e-02,8.114347e-01
2.844473e-02,2.520794e-03,9.624030e-04,4.519947e-03,2.214354e-03,6.382136e-02,2.740701e-04,9.267022e-04,2.109034e-03,9.084591e-03,9.674983e-03,1.813343e-03,1.714812e-03,9.265536e-03,8.626533e-01
1.993776e-02,1.794588e-03,6.862132e-04,3.178229e-03,1.701942e-03,4.488198e-02,1.924000e-04,6.530625e-04,2.135750e-03,9.778923e-03,9.687074e-03,1.284524e-03,1.276464e-03,9.637986e-03,8.931730e-01
1.397211e-02,1.273342e-03,5.250586e-04,2.241969e-03,1.715186e-03,3.145238e-02,1.353684e-04,4.634787e-04,2.027350e-03,9.874253e-03,9.327250e-03,9.193462e-04,1.006065e-03,9.894261e-03,9.151726e-01
9.792680e-03,9.201775e-04,5.775283e-04,1.576598e-03,1.673262e-03,2.204427e-02,9.539422e-05,3.335301e-04,2.088882e-03,1.839713e-02,9.578810e-03,6.611913e-04,8.074222e-04,3.222759e-02,8.992255e-01
6.879271e-03,6.903302e-04,6.127115e-04,1.117358e-03,2.028448e-03,1.546968e-02,6.758719e-05,2.536729e-04,1.822151e-03,3.871109e-02,8.964056e-03,4.731472e-04,6.157588e-04,3.931668e-02,8.829781e-01
4.868031e-03,5.691199e-04,9.439008e-04,8.248347e-04,5.005099e-03,1.089235e-02,5.128481e-05,2.225512e-04,1.925949e-03,6.843385e-02,1.227114e-02,3.686146e-04,5.082869e-04,4.768501e-02,8.454300e-01
3.696541e-03,2.006706e-03,7.979221e-03,7.864432e-04,2.983221e-02,8.195876e-03,6.282821e-05,4.375862e-04,1.026707e-02,9.154831e-02,1.806215e-02,4.052630e-04,8.001680e-04,8.303772e-02,7.428820e-01
3.343825e-03,2.076343e-03,1.504241e-02,7.058642e-04,2.220997e-02,5.862405e-03,5.372801e-05,1.021743e-03,1.385373e-02,9.006184e-02,2.685108e-02,3.938984e-04,1.095206e-03,2.828768e-01,5.345513e-01
3.716366e-03,4.146576e-03,7.208475e-02,1.171763e-03,2.206957e-02,5.249343e-03,6.827824e-05,2.302142e-03,1.795724e-02,9.917103e-02,4.495531e-02,5.145074e-04,1.280469e-03,3.389687e-01,3.863440e-01
7.221568e-03,1.344374e-02,2.592512e-01,2.793062e-03,2.779604e-02,1.132043e-02,2.153896e-04,2.972783e-03,1.513457e-02,9.385520e-02,3.992430e-02,5.734649e-04,1.077297e-03,2.521433e-01,2.722777e-01
5.918582e-03,1.292075e-02,4.459727e-01,2.379942e-02,2.308390e-02,8.512858e-03,1.681122e-04,2.317896e-03,1.427868e-02,6.606753e-02,2.822964e-02,4.186945e-04,7.840180e-04,1.767313e-01,1.907960e-01
5.540181e-03,1.176131e-02,5.873643e-01,2.791250e-02,2.126594e-02,6.737149e-03,1.455787e-04,1.726451e-03,1.206695e-02,4.683114e-02,2.002274e-02,3.191987e-04,6.187083e-04,1.240054e-01,1.336824e-01
8.105228e-03,1.194911e-02,6.773304e-01,2.076277e-02,1.858174e-02,5.401979e-03,1.168622e-04,1.234052e-03,1.052340e-02,3.313535e-02,1.558319e-02,4.114317e-04,8.418604e-04,8.736921e-02,1.086534e-01
2.822820e-02,1.733399e-02,6.850842e-01,2.449521e-02,2.480568e-02,5.240397e-03,2.329574e-04,2.415190e-03,1.467400e-02,2.500711e-02,2.261306e-02,2.256551e-03,5.033552e-03,6.188618e-02,8.069365e-02
2.461309e-02,2.285909e-02,6.218111e-01,6.156459e-02,5.412173e-02,9.696236e-03,2.792628e-03,6.309502e-03,2.650861e-02,1.841606e-02,2.096664e-02,6.911812e-03,2.019569e-02,4.370256e-02,5.953064e-02
2.047824e-02,2.163036e-02,4.597249e-01,5.519211e-02,4.274482e-02,9.783363e-03,2.402972e-03,5.300781e-03,2.044880e-02,1.334699e-02,1.714766e-02,9.774972e-03,2.467066e-01,3.063435e-02,4.468302e-02
1.641430e-02,1.671243e-02,3.336295e-01,4.814916e-02,3.418231e-02,1.209995e-02,3.719558e-03,4.732912e-03,1.904029e-02,1.147489e-02,2.236197e-02,1.796225e-02,3.996988e-01,2.214993e-02,3.767169e-02
1.199379e-02,1.186572e-02,2.344163e-01,3.457292e-02,2.548670e-02,9.288564e-03,4.334768e-03,9.049813e-03,2.215707e-02,8.600510e-03,2.405440e-02,1.716052e-02,5.398228e-01,1.583301e-02,3.136308e-02
8.498346e-03,8.370742e-03,1.641856e-01,2.481344e-02,1.865702e-02,7.972407e-03,4.193998e-03,6.728192e-03,1.730492e-02,6.186805e-03,1.950802e-02,1.499792e-02,6.640970e-01,1.115344e-02,2.333223e-02
5.981463e-03,5.920170e-03,1.149760e-01,1.762841e-02,1.385321e-02,6.792891e-03,3.259368e-03,4.820368e-03,1.269560e-02,4.545931e-03,1.552759e-02,1.543574e-02,7.528777e-01,7.860838e-03,1.782470e-02
4.193580e-03,4.168837e-03,8.055789e-02,1.240173e-02,1.148335e-02,4.870425e-03,2.429695e-03,3.470353e-03,1.142971e-02,3.483022e-03,1.358483e-02,1.854257e-02,8.109432e-01,5.526540e-03,1.291419e-02
2.941610e-03,2.925986e-03,5.644039e-02,8.708438e-03,9.942332e-03,3.460835e-03,2.042383e-03,2.771647e-03,9.432186e-03,2.686840e-03,1.775080e-02,1.631695e-02,8.509486e-01,3.873799e-03,9.757183e-03
2.068267e-03,2.051215e-03,3.956264e-02,6.119353e-03,8.954036e-03,2.472623e-03,1.877249e-03,1.871441e-02,7.938072e-03,2.032584e-03,1.845014e-02,1.250641e-02,8.673292e-01,2.713245e-03,7.210541e-03
1.476342e-03,1.443385e-03,2.777414e-02,4.329513e-03,1.040121e-02,1.798823e-03,3.207443e-03,9.283914e-02,7.140134e-03,1.508630e-03,1.711715e-02,9.249771e-03,8.144732e-01,1.901042e-03,5.340108e-03
1.061879e-03,1.016481e-03,1.969016e-02,3.115891e-03,1.561379e-02,1.453590e-03,7.553083e-02,2.281853e-01,5.999717e-03,1.072580e-03,1.306874e-02,6.576547e-03,6.223781e-01,1.331810e-03,3.904647e-03
1.017191e-03,7.303009e-04,1.391456e-02,2.552393e-03,2.092589e-02,1.395622e-03,2.289699e-01,2.656822e-01,5.698277e-03,7.586150e-04,1.024875e-02,4.638184e-03,4.397483e-01,9.349268e-04,2.784921e-03
1.874277e-03,6.028562e-04,1.023716e-02,7.200558e-03,4.810436e-02,1.611746e-03,3.058540e-01,2.919468e-01,6.188554e-03,5.441621e-04,9.043335e-03,3.318157e-03,3.107988e-01,6.611064e-04,2.014163e-03
5.300336e-03,5.644405e-04,7.808645e-03,2.159997e-02,1.429255e-01,1.746268e-03,2.633382e-01,3.153084e-01,9.122252e-03,4.119266e-04,7.385814e-03,2.520589e-03,2.199495e-01,4.684564e-04,1.549784e-03
4.785414e-03,4.384702e-04,5.654419e-03,1.759641e-02,1.580501e-01,1.870247e-03,3.683770e-01,2.704439e-01,7.854050e-03,3.057838e-04,5.312263e-03,1.864687e-03,1.559473e-01,3.320375e-04,1.167875e-03
4.760182e-03,3.378483e-04,4.066378e-03,1.291488e-02,1.305608e-01,1.786852e-03,4.928153e-01,2.290604e-01,6.151424e-03,3.057207e-04,3.848214e-03,1.360151e-03,1.107909e-01,2.476454e-04,9.932731e-04
6.359798e-03,3.124780e-04,3.075672e-03,9.299446e-03,1.077187e-01,1.572701e-03,5.262439e-01,2.557905e-01,4.849980e-03,2.709260e-04,2.926879e-03,1.050542e-03,7.952925e-02,1.824176e-04,8.168103e-04
9.881061e-03,4.496237e-04,4.627126e-03,7.391606e-03,1.075173e-01,2.976326e-03,5.082669e-01,2.869205e-01,3.977331e-03,4.402847e-04,2.244977e-03,8.072609e-04,6.318895e-02,1.767142e-04,1.134117e-03
9.320552e-03,6.892972e-04,4.778345e-02,6.905258e-03,1.330005e-01,5.746405e-03,4.053390e-01,3.098136e-01,3.150975e-03,1.242031e-02,1.737381e-03,6.050991e-04,5.325576e-02,8.234186e-04,9.408932e-03
9.701189e-03,1.774028e-03,1.730436e-01,6.706575e-03,1.139854e-01,6.234957e-03,3.029236e-01,2.767791e-01,2.466672e-03,2.772450e-02,1.415531e-03,4.477769e-04,3.819608e-02,1.334701e-03,3.726622e-02
7.401051e-03,3.085785e-03,2.821957e-01,4.916640e-03,8.406921e-02,5.442562e-03,2.192528e-01,2.002372e-01,1.877733e-03,1.080802e-01,1.177773e-03,3.300052e-04,2.714735e-02,1.167104e-03,5.361880e-02
6.175072e-03,4.176543e-03,3.544526e-01,3.619650e-03,6.064476e-02,8.194073e-03,1.669177e-01,1.422526e-01,1.427592e-03,1.286027e-01,1.442745e-03,2.565970e-04,1.957867e-02,1.424325e-03,1.008342e-01
5.776633e-03,6.410892e-03,4.154923e-01,2.843165e-03,4.472151e-02,9.991319e-03,1.260440e-01,1.010664e-01,1.072101e-03,1.454096e-01,1.309481e-03,2.041696e-04,1.396184e-02,1.381420e-03,1.243151e-01
4.196075e-03,8.919949e-03,3.029095e-01,2.127771e-03,3.184042e-02,2.654163e-02,9.111580e-02,7.084543e-02,1.992136e-03,2.399538e-01,8.137868e-03,3.622969e-04,1.056991e-02,5.209319e-03,1.952781e-01
3.014871e-03,8.146003e-03,2.161084e-01,1.564181e-03,2.230724e-02,2.494123e-02,6.404540e-02,4.964823e-02,2.029727e-03,3.223767e-01,9.655697e-03,1.109036e-03,9.986218e-03,4.617041e-03,2.604500e-01
2.199722e-03,1.301533e-02,1.524730e-01,1.310274e-03,1.570084e-02,1.868665e-02,4.495908e-02,3.483260e-02,1.672180e-02,3.834956e-01,5.290802e-02,4.797908e-03,1.501221e-02,9.474609e-03,2.344123e-01
1.639377e-03,1.058855e-02,1.069417e-01,1.108965e-03,1.102949e-02,1.577321e-02,3.157653e-02,2.444908e-02,1.635998e-02,3.060160e-01,3.973231e-02,7.115444e-03,1.284795e-02,3.133797e-02,3.834834e-01
1.642940e-03,1.196759e-02,7.511327e-02,1.439437e-03,7.889108e-03,1.370200e-02,2.221425e-02,1.729301e-02,2.500656e-02,3.961177e-01,3.438260e-02,9.140216e-03,1.956201e-02,2.569601e-02,3.388333e-01
1.489856e-03,1.576828e-02,5.269556e-02,1.346355e-03,5.773184e-03,1.036952e-02,1.573978e-02,1.218931e-02,2.939978e-02,2.980898e-01,2.897509e-02,9.360956e-03,1.783933e-02,2.115027e-02,4.798129e-01
1.229366e-03,2.157765e-02,3.693783e-02,1.982965e-03,5.953949e-03,8.325325e-03,1.111863e-02,8.664577e-03,1.462948e-01,2.401156e-01,3.033666e-02,1.044359e-02,1.847271e-02,1.823809e-02,4.403083e-01
9.235917e-04,2.593254e-02,2.591161e-02,1.863762e-03,4.745772e-03,6.498838e-03,7.802499e-03,6.085706e-03,1.852252e-01,1.759497e-01,2.714199e-02,1.550298e-02,1.631924e-02,1.985085e-02,4.802458e-01
6.851309e-04,3.565876e-02,1.826705e-02,2.002168e-03,3.571519e-03,5.721448e-03,5.473674e-03,4.324969e-03,1.748379e-01,1.247595e-01,2.191509e-02,1.192508e-02,1.289927e-02,1.877931e-02,5.591791e-01
5.004386e-04,3.860273e-02,1.297343e-02,1.866093e-03,3.104454e-03,5.604218e-03,3.848807e-03,3.069675e-03,1.794550e-01,8.768944e-02,1.717737e-02,8.948413e-03,1.040363e-02,1.489837e-02,6.118580e-01
4.109208e-04,6.166099e-02,1.013893e-02,5.232567e-03,3.012106e-03,1.227844e-02,2.707734e-03,2.658479e-03,2.449937e-01,6.170190e-02,1.288988e-02,6.581053e-03,9.331742e-03,1.152740e-02,5.548741e-01
4.247244e-04,1.020078e-01,7.852044e-03,4.652306e-03,2.735631e-03,1.287861e-02,1.908352e-03,2.026503e-03,2.581350e-01,4.485776e-02,9.690551e-03,4.839320e-03,7.888429e-03,8.761360e-03,5.313416e-01
5.660233e-04,1.437895e-01,5.825835e-03,3.623478e-03,3.008329e-03,1.560075e-02,1.369617e-03,1.587955e-03,2.555422e-01,3.596857e-02,7.461533e-03,3.562404e-03,7.346488e-03,8.164208e-03,5.065832e-01
4.628983e-04,1.314192e-01,4.254312e-03,2.660308e-03,2.517335e-03,1.228663e-02,1.065682e-03,1.664500e-03,2.519675e-01,2.723636e-02,5.625355e-03,2.538947e-03,5.889260e-03,1.562774e-02,5.347840e-01
1.295033e-03,1.084401e-01,6.529387e-03,2.979361e-03,7.042305e-03,1.043093e-02,1.510546e-03,6.745625e-02,2.873610e-01,1.970791e-02,4.729618e-03,1.854819e-03,4.894000e-03,3.836725e-02,4.374016e-01
3.257555e-03,9.703597e-02,1.524455e-02,2.511154e-03,1.330733e-02,1.007824e-02,1.671456e-02,1.871623e-01,2.347613e-01,1.442794e-02,3.924876e-03,1.318299e-03,4.165128e-03,3.247988e-02,3.636110e-01
3.683946e-03,7.483532e-02,1.534138e-02,2.183379e-03,1.844255e-02,8.759135e-03,7.090934e-02,3.065727e-01,1.819215e-01,1.114633e-02,3.116304e-03,9.360529e-04,5.135580e-03,2.524919e-02,2.717674e-01
5.084557e-03,7.041990e-02,3.011505e-02,2.007046e-03,1.975154e-02,8.970704e-03,8.784025e-02,3.924232e-01,1.388962e-01,1.083981e-02,2.753116e-03,7.136544e-04,8.077852e-03,1.916000e-02,2.029472e-01
5.655115e-03,5.499212e-02,3.331721e-02,1.691812e-03,1.853266e-02,7.267854e-03,9.256700e-02,5.015118e-01,1.008692e-01,9.171633e-03,2.098386e-03,5.373075e-04,7.689236e-03,1.488285e-02,1.492159e-01
5.585964e-03,4.027399e-02,3.463361e-02,1.525743e-03,1.787618e-02,5.590658e-03,1.050417e-01,5.822957e-01,7.234681e-02,7.651748e-03,1.618087e-03,4.139742e-04,6.924342e-03,1.096105e-02,1.072605e-01
4.718939e-03,2.898690e-02,3.024868e-02,1.637082e-03,2.066708e-02,4.840516e-03,1.252706e-01,6.225002e-01,5.113708e-02,7.631003e-03,1.593500e-03,3.240580e-04,1.429063e-02,7.972051e-03,7.818164e-02
4.004740e-03,2.116114e-02,2.675645e-02,1.749572e-03,1.839340e-02,4.329526e-03,1.856740e-01,5.960677e-01,3.627512e-02,8.430764e-03,1.988201e-03,2.820251e-04,3.073487e-02,5.804095e-03,5.834836e-02
4.707686e-03,1.658766e-02,3.273207e-02,1.760927e-03,1.816615e-02,3.977302e-03,2.599848e-01,5.292884e-01,2.704545e-02,1.255147e-02,5.366890e-03,3.576582e-04,2.919544e-02,4.301845e-03,5.397630e-02
7.641366e-03,1.314666e-02,3.997013e-02,1.519629e-03,2.130636e-02,3.357555e-03,2.873657e-01,5.221756e-01,2.427800e-02,1.037142e-02,4.515619e-03,3.074426e-04,2.188348e-02,3.228251e-03,3.893279e-02
1.221229e-02,1.175814e-02,4.306991e-02,1.333735e-03,2.464474e-02,3.281100e-03,3.031766e-01,5.125259e-01,3.029107e-02,7.765360e-03,3.442182e-03,2.423896e-04,1.622600e-02,2.363320e-03,2.766728e-02
2.520701e-02,1.162091e-02,4.220182e-02,1.322122e-03,3.788665e-02,3.714829e-03,2.557732e-01,5.468696e-01,2.992748e-02,6.069408e-03,2.622047e-03,2.485253e-04,1.407533e-02,1.750010e-03,2.071101e-02
5.052736e-02,1.021925e-02,4.242590e-02,1.595519e-03,6.234006e-02,5.946247e-03,2.369076e-01,5.222079e-01,2.543942e-02,5.619260e-03,2.191283e-03,3.728607e-04,1.537646e-02,1.379013e-03,1.745184e-02
7.091840e-02,1.078363e-02,4.512410e-02,1.778607e-03,5.846003e-02,6.896708e-03,1.894889e-01,5.481098e-01,2.584387e-02,5.649175e-03,3.217677e-03,1.073577e-03,1.567022e-02,1.099463e-03,1.588594e-02
1.008678e-01,1.354865e-02,3.574419e-02,2.771149e-03,4.578529e-02,9.897700e-03,1.340017e-01,4.250998e-01,4.900822e-02,4.680546e-02,6.664036e-02,5.448094e-03,1.527880e-02,8.076685e-03,4.102614e-02
8.324552e-02,1.181556e-02,2.675354e-02,3.023105e-03,3.439791e-02,8.861123e-03,9.453912e-02,3.096976e-01,1.229704e-01,7.880947e-02,1.352095e-01,6.882227e-03,1.486148e-02,1.257972e-02,5.635373e-02
5.909422e-02,9.599300e-03,1.925296e-02,4.209845e-03,2.436643e-02,6.623998e-03,6.626344e-02,2.174270e-01,1.914950e-01,2.224985e-01,1.015819e-01,6.480231e-03,1.469018e-02,9.426114e-03,4.699099e-02
4.161476e-02,7.176764e-03,1.381568e-02,7.149365e-03,1.719759e-02,5.058462e-03,4.642228e-02,1.534440e-01,3.567920e-01,1.780251e-01,9.271577e-02,9.751217e-03,2.715360e-02,6.951057e-03,3.673234e-02
2.914644e-02,5.821798e-03,9.754987e-03,1.636820e-02,1.210729e-02,3.555894e-03,3.250141e-02,1.074210e-01,5.316862e-01,1.250197e-01,6.669060e-02,7.352825e-03,2.146401e-02,4.910653e-03,2.619889e-02
2.054222e-02,4.543448e-03,6.915731e-03,1.398436e-02,8.891849e-03,2.545730e-03,2.278389e-02,7.522397e-02,5.221743e-01,1.011340e-01,6.479315e-02,9.018893e-03,4.455047e-02,6.687655e-03,9.621035e-02
1.453047e-02,3.545189e-03,4.990604e-03,1.329019e-02,7.492024e-03,1.871214e-03,1.599047e-02,5.269990e-02,5.699124e-01,7.472545e-02,5.580660e-02,7.741520e-03,6.240473e-02,5.785806e-03,1.092134e-01
1.076152e-02,2.952468e-03,3.728319e-03,2.172798e-02,8.717464e-03,1.693630e-03,1.123704e-02,3.694055e-02,6.263185e-01,5.539071e-02,5.130450e-02,7.800449e-03,7.131797e-02,6.270522e-03,8.383840e-02
8.045299e-03,2.465885e-03,3.958116e-03,2.703615e-02,1.431894e-02,1.540717e-03,8.147576e-03,2.693445e-02,4.919757e-01,4.097896e-02,1.123510e-01,1.958428e-02,9.854354e-02,1.081909e-02,1.333003e-01
5.689903e-03,1.888220e-03,3.167643e-03,2.026017e-02,1.189080e-02,1.238942e-03,5.773867e-03,2.062688e-02,4.288447e-01,2.957064e-02,9.151906e-02,1.653602e-02,8.238865e-02,1.206846e-02,2.685360e-01
4.005257e-03,1.425762e-03,2.460724e-03,1.499573e-02,9.790078e-03,9.526777e-04,4.120843e-03,1.482277e-02,5.134931e-01,2.154387e-02,6.989525e-02,1.207293e-02,6.401676e-02,1.032706e-02,2.560772e-01
2.821911e-03,1.067483e-03,1.785809e-03,1.382513e-02,7.922578e-03,7.819642e-04,2.909413e-03,1.042997e-02,6.336489e-01,1.565389e-02,5.176216e-02,8.632168e-03,4.947983e-02,7.495185e-03,1.917835e-01
2.546660e-03,1.396321e-03,3.358650e-03,1.855143e-02,1.865635e-02,1.742496e-03,2.275322e-03,7.457022e-03,5.626317e-01,1.746859e-02,1.179783e-01,8.617438e-03,6.977670e-02,6.958858e-03,1.605842e-01
1.799267e-03,1.034586e-03,2.510088e-03,1.434430e-02,1.704680e-02,1.425821e-03,1.676614e-03,5.253864e-03,6.505978e-01,1.589502e-02,1.004204e-01,6.928902e-03,5.867108e-02,5.067247e-03,1.173283e-01
1.286339e-03,8.760293e-04,2.227842e-03,1.680377e-02,1.810433e-02,1.272147e-03,1.206443e-03,3.744407e-03,6.986725e-01,1.275153e-02,9.175031e-02,6.010792e-03,5.737929e-02,3.891226e-03,8.402301e-02
9.636739e-04,8.427743e-04,2.145139e-03,1.438057e-02,1.433064e-02,1.056353e-03,8.658814e-04,2.839993e-03,5.930696e-01,1.944267e-02,1.764176e-01,1.557740e-02,9.147988e-02,3.717227e-03,6.287046e-02
9.495546e-04,1.120069e-03,4.993015e-03,1.395250e-02,1.466116e-02,1.049542e-03,6.616015e-04,2.725275e-03,4.569817e-01,3.350759e-02,2.835805e-01,1.866965e-02,1.087460e-01,4.070250e-03,5.433154e-02
1.098143e-03,1.224350e-03,5.925612e-03,1.573331e-02,1.837246e-02,1.710676e-03,5.623208e-04,2.355934e-03,3.376954e-01,1.449078e-01,2.978746e-01,1.625135e-02,9.734675e-02,8.134562e-03,5.080665e-02
1.086998e-03,1.234408e-03,5.425856e-03,1.330945e-02,1.621677e-02,2.053714e-03,4.375122e-04,1.789564e-03,2.484660e-01,2.433652e-01,3.137735e-01,1.416119e-02,8.213782e-02,1.258585e-02,4.395620e-02
2.628963e-03,1.136254e-03,5.056594e-03,1.036153e-02,1.558618e-02,1.712692e-03,3.279666e-04,1.845734e-03,1.822452e-01,2.924977e-01,3.427463e-01,1.369440e-02,6.497807e-02,3.103032e-02,3.415205e-02
2.902410e-03,9.858137e-04,3.887634e-03,7.819082e-03,1.155580e-02,1.587314e-03,2.362840e-04,1.416816e-03,1.363356e-01,2.698611e-01,4.399314e-01,1.516618e-02,5.183851e-02,3.066451e-02,2.581163e-02
3.318008e-03,8.887969e-04,3.284146e-03,6.173712e-03,8.907892e-03,1.579087e-03,1.717752e-04,1.251150e-03,1.037666e-01,2.606448e-01,5.048690e-01,1.553191e-02,4.092344e-02,2.802334e-02,2.066637e-02
4.710601e-03,1.357134e-03,3.447000e-03,6.166344e-03,7.049013e-03,1.341052e-03,1.393665e-04,1.112379e-03,8.346891e-02,2.620475e-01,5.187366e-01,2.747400e-02,3.575955e-02,2.771278e-02,1.947776e-02
5.008507e-03,4.360318e-03,3.572122e-03,5.582207e-03,8.012666e-03,1.135051e-03,1.279309e-04,1.212953e-03,1.425613e-01,2.153325e-01,4.953555e-01,4.518910e-02,3.267200e-02,2.469050e-02,1.518725e-02
7.636483e-03,5.392277e-03,1.211824e-02,4.630163e-03,6.627905e-03,2.121279e-03,2.766960e-04,6.359348e-03,1.068557e-01,1.855595e-01,5.463024e-01,5.039681e-02,2.582148e-02,2.796125e-02,1.194055e-02
1.531927e-02,3.824963e-03,1.243270e-02,1.058902e-02,4.794887e-03,1.052496e-02,9.478878e-04,4.762062e-02,7.540108e-02,1.662419e-01,5.665962e-01,3.601589e-02,1.919090e-02,2.194801e-02,8.551598e-03
2.403948e-02,2.889557e-03,1.273361e-02,1.447280e-02,3.852854e-03,9.471089e-03,7.578682e-04,6.064146e-02,5.373633e-02,1.456648e-01,6.057131e-01,2.658940e-02,1.418927e-02,1.904378e-02,6.204691e-03
3.545920e-02,2.367645e-03,1.179771e-02,1.456147e-02,3.334073e-03,9.725533e-03,7.025077e-04,8.574660e-02,3.885652e-02,1.322190e-01,6.135840e-01,2.019726e-02,1.113371e-02,1.571492e-02,4.599836e-03
4.619939e-02,2.296677e-03,1.401956e-02,1.592716e-02,3.728364e-03,1.004006e-02,6.316465e-03,2.273386e-01,3.011806e-02,1.067847e-01,4.962735e-01,1.543877e-02,9.161451e-03,1.279053e-02,3.566753e-03
4.654523e-02,1.878231e-03,1.660506e-02,1.528544e-02,3.070580e-03,9.336809e-03,2.333999e-02,3.820924e-01,2.173599e-02,8.460420e-02,3.648983e-01,1.105229e-02,6.755226e-03,9.952748e-03,2.847504e-03
5.738243e-02,1.575295e-03,1.476451e-02,1.412721e-02,3.672001e-03,9.613393e-03,2.709987e-02,5.008055e-01,1.545576e-02,7.054602e-02,2.624868e-01,7.950644e-03,5.038512e-03,7.350644e-03,2.131425e-03
4.992619e-02,1.407054e-03,1.498032e-02,1.182306e-02,6.052112e-03,1.343443e-02,2.972197e-02,6.038935e-01,1.156001e-02,5.477685e-02,1.847985e-01,5.888671e-03,4.282697e-03,5.628684e-03,1.826010e-03
4.318220e-02,1.149962e-03,2.108193e-02,9.175812e-03,8.228827e-03,1.494154e-02,3.355152e-02,6.752964e-01,8.523455e-03,4.069269e-02,1.297532e-01,4.454513e-03,4.255542e-03,4.061996e-03,1.650364e-03
3.711306e-02,9.928306e-04,3.121613e-02,8.149458e-03,1.389243e-02,1.192677e-02,3.993157e-02,7.186298e-01,6.168492e-03,2.950777e-02,9.122367e-02,3.557326e-03,3.464915e-03,2.946544e-03,1.279117e-03
3.663793e-02,8.739750e-04,2.899765e-02,6.968549e-03,2.550084e-02,1.013781e-02,7.241054e-02,7.187996e-01,4.584903e-03,2.162375e-02,6.417070e-02,2.833652e-03,3.326994e-03,2.159189e-03,9.738520e-04
4.099094e-02,8.071928e-04,2.903366e-02,5.752770e-03,8.492145e-02,8.190059e-03,1.410086e-01,6.148381e-01,3.648848e-03,1.579879e-02,4.517139e-02,2.190526e-03,5.197094e-03,1.635783e-03,8.147948e-04
3.813205e-02,7.571391e-04,2.493456e-02,4.692178e-03,1.114242e-01,6.330576e-03,2.168260e-01,5.408844e-01,2.807963e-03,1.205163e-02,3.182676e-02,1.791889e-03,5.572985e-03,1.234840e-03,7.327509e-04
4.833999e-02,9.088352e-04,2.352370e-02,4.179094e-03,1.030272e-01,4.975234e-03,2.832102e-01,4.881123e-01,3.005172e-03,9.227429e-03,2.274960e-02,2.051938e-03,4.954824e-03,9.433786e-04,7.910623e-04
5.040804e-02,8.029358e-04,2.203530e-02,3.770477e-03,9.401093e-02,4.277388e-03,3.752657e-01,4.139352e-01,2.983392e-03,7.076938e-03,1.619434e-02,2.129381e-03,5.503593e-03,7.382545e-04,8.681754e-04
4.821814e-02,6.823901e-04,1.996367e-02,2.953310e-03,7.001220e-02,4.185597e-03,5.259331e-01,2.983785e-01,3.364238e-03,5.438758e-03,1.150313e-02,1.978112e-03,5.584754e-03,6.500388e-04,1.154060e-03
4.715226e-02,6.186499e-04,2.411248e-02,2.664646e-03,5.388856e-02,4.431666e-03,6.257026e-01,2.164976e-01,2.927905e-03,5.183686e-03,8.375484e-03,1.759044e-03,4.891720e-03,6.017142e-04,1.191967e-03
4.557506e-02,6.338191e-04,2.277808e-02,2.254778e-03,4.161929e-02,5.948864e-03,7.013397e-01,1.559792e-01,2.324715e-03,6.364899e-03,6.551669e-03,2.087448e-03,4.613266e-03,5.826663e-04,1.346566e-03
4.254317e-02,7.542690e-04,2.290320e-02,2.777012e-03,3.074887e-02,5.422202e-03,7.619495e-01,1.113088e-01,2.496655e-03,5.139772e-03,5.676065e-03,1.757711e-03,4.189249e-03,5.071277e-04,1.826352e-03
3.479007e-02,8.674099e-04,2.040244e-02,2.547585e-03,2.332409e-02,6.130285e-03,8.112133e-01,7.996539e-02,2.065092e-03,5.272287e-03,4.989361e-03,1.401951e-03,3.973183e-03,4.391212e-04,2.618480e-03
6.437118e-02,3.385747e-03,1.938484e-02,2.203605e-03,1.821695e-02,4.404045e-02,7.009540e-01,5.809435e-02,4.662803e-03,1.002172e-02,5.351035e-02,6.676423e-03,6.442270e-03,2.155117e-03,5.880238e-03
4.598773e-02,3.936428e-03,2.062593e-02,3.263188e-03,1.506418e-02,4.010279e-02,5.262191e-01,4.102701e-02,5.661198e-03,1.060617e-01,6.671440e-02,6.974014e-03,8.067152e-03,9.274553e-03,1.010207e-01
3.359478e-02,3.381915e-03,1.771188e-02,4.263562e-03,1.136777e-02,3.648120e-02,3.701060e-01,2.887235e-02,6.385009e-03,1.690439e-01,1.725594e-01,1.095049e-02,1.567771e-02,1.733731e-02,1.022667e-01
2.400680e-02,2.840624e-03,1.271109e-02,4.353477e-03,1.232756e-02,2.693676e-02,2.624645e-01,2.044310e-02,1.662005e-02,1.847576e-01,1.581718e-01,9.063108e-03,1.676761e-02,6.583196e-02,1.827039e-01
1.698383e-02,2.332838e-03,9.123316e-03,3.437924e-03,1.336415e-02,1.950806e-02,1.923699e-01,1.490541e-02,3.852393e-02,1.911064e-01,1.383608e-01,7.246454e-03,1.871043e-02,1.745704e-01,1.594562e-01
1.198808e-02,1.696960e-03,6.534900e-03,2.435423e-03,1.194548e-02,1.399465e-02,1.368330e-01,1.053756e-02,4.558496e-02,1.650093e-01,1.002552e-01,5.177659e-03,1.363269e-02,3.064779e-01,1.678964e-01
8.483203e-03,1.326423e-03,4.631820e-03,1.791989e-03,8.918726e-03,1.080269e-02,9.598745e-02,7.408583e-03,8.899441e-02,1.272677e-01,8.155753e-02,3.817345e-03,1.057582e-02,3.700660e-01,1.783703e-01
6.007376e-03,1.079464e-03,3.275189e-03,1.347454e-03,6.773011e-03,8.533228e-03,6.728718e-02,5.202484e-03,1.683770e-01,9.127537e-02,6.862167e-02,2.882638e-03,8.029822e-03,4.046186e-01,1.566896e-01
4.426384e-03,8.346383e-04,2.514536e-03,1.100031e-03,4.825084e-03,1.505662e-02,4.712629e-02,3.730420e-03,3.683939e-01,6.409281e-02,6.959623e-02,2.173103e-03,7.819528e-03,2.966939e-01,1.116166e-01
3.669542e-03,8.341530e-04,2.028428e-03,9.257537e-04,3.881946e-03,1.717127e-02,3.302534e-02,2.675380e-03,4.481031e-01,4.546170e-02,7.137761e-02,1.844834e-03,7.296568e-03,2.758361e-01,8.586829e-02
3.235267e-03,2.000905e-03,2.053542e-03,8.232308e-04,4.829925e-03,1.583267e-02,2.316293e-02,1.911751e-03,4.344380e-01,3.311462e-02,6.164066e-02,1.492712e-03,5.590093e-03,3.360372e-01,7.383645e-02
2.623973e-03,1.798718e-03,1.682260e-03,6.515981e-04,4.260184e-03,1.249159e-02,1.623141e-02,1.345956e-03,5.157498e-01,2.436891e-02,4.946344e-02,1.095177e-03,4.072314e-03,3.064370e-01,5.772758e-02
2.163435e-03,1.629945e-03,1.718064e-03,5.827687e-04,3.849133e-03,1.035677e-02,1.139629e-02,9.572313e-04,5.960955e-01,1.816494e-02,3.699371e-02,8.336664e-04,3.015238e-03,2.678065e-01,4.443673e-02
1.651978e-03,1.375410e-03,1.461348e-03,4.636229e-04,3.150336e-03,8.103081e-03,7.983997e-03,6.764164e-04,6.690929e-01,1.318608e-02,2.810727e-02,6.317052e-04,2.225789e-03,2.260840e-01,3.580601e-02
1.224304e-03,1.136474e-03,1.236799e-03,3.875405e-04,2.672322e-03,5.902865e-03,5.593296e-03,4.836721e-04,7.462620e-01,9.697881e-03,2.037273e-02,4.616621e-04,1.607309e-03,1.731106e-01,2.985057e-02
8.993710e-04,1.049221e-03,1.123903e-03,3.053038e-04,2.284979e-03,4.258194e-03,3.919894e-03,3.436818e-04,7.810001e-01,8.290404e-03,1.527789e-02,3.564208e-04,1.196274e-03,1.512372e-01,2.845707e-02
8.319364e-04,2.246358e-03,1.867381e-03,3.611850e-04,2.191388e-03,3.501414e-03,2.750631e-03,3.502609e-04,8.043417e-01,9.100725e-03,1.226573e-02,4.313634e-04,1.091992e-03,1.340446e-01,2.462327e-02
8.040450e-04,1.741177e-03,2.228073e-03,5.074666e-04,2.601759e-03,2.639318e-03,1.936876e-03,2.675200e-04,7.800518e-01,9.493369e-03,1.298219e-02,3.517797e-04,9.729231e-04,1.534880e-01,2.993374e-02
6.266545e-04,1.308939e-03,2.154655e-03,5.347427e-04,2.212254e-03,1.961336e-03,1.367246e-03,2.360193e-04,7.730361e-01,1.110168e-02,1.226770e-02,2.888489e-04,8.881000e-04,1.356857e-01,5.633001e-02
5.095935e-04,1.174721e-03,1.717943e-03,4.740061e-04,1.819217e-03,1.787338e-03,9.706010e-04,2.311736e-04,7.039647e-01,2.352997e-02,1.498880e-02,4.552689e-04,3.094356e-03,1.491344e-01,9.614801e-02
4.671845e-04,1.219580e-03,1.603332e-03,5.215234e-04,1.334959e-03,1.707791e-03,6.879169e-04,2.934515e-04,6.264873e-01,3.951031e-02,1.544387e-02,8.771421e-04,5.167782e-03,1.950728e-01,1.096051e-01
4.910660e-04,1.014921e-03,2.188352e-03,1.187728e-03,1.210236e-03,1.870765e-03,4.897817e-04,5.512161e-04,4.814795e-01,4.875596e-02,2.725521e-02,1.879683e-03,9.653849e-03,2.950571e-01,1.269146e-01
4.679064e-04,1.145102e-03,4.871225e-03,1.128184e-02,1.959896e-03,2.956968e-03,3.762822e-04,3.934705e-03,4.056529e-01,4.353897e-02,4.745819e-02,8.498740e-03,4.378653e-02,2.714729e-01,1.525978e-01
5.815028e-04,1.911580e-03,6.639050e-03,1.376878e-02,2.391951e-03,3.519322e-03,3.443911e-04,3.511815e-03,3.376734e-01,3.864868e-02,6.621009e-02,6.786779e-02,1.035868e-01,2.219496e-01,1.313952e-01
5.307408e-04,1.633212e-03,4.848167e-03,1.115775e-02,6.173044e-03,2.881943e-03,5.522211e-04,2.987073e-03,2.507064e-01,2.998106e-02,8.160661e-02,5.675356e-02,8.351023e-02,2.553423e-01,2.113356e-01
5.460414e-04,1.338046e-03,3.589915e-03,9.126899e-03,4.635131e-03,3.489487e-03,7.224483e-04,2.396105e-03,1.936270e-01,2.557888e-02,8.248267e-02,7.965748e-02,8.861012e-02,3.464713e-01,1.577285e-01
7.318211e-04,1.255006e-03,2.719441e-03,7.445609e-03,5.738801e-03,4.595078e-03,1.269636e-03,4.707780e-03,1.513388e-01,2.652562e-02,8.575735e-02,8.878253e-02,8.781379e-02,4.090595e-01,1.222592e-01
7.184669e-04,9.293580e-04,1.991305e-03,5.569060e-03,4.663647e-03,4.067047e-03,9.975873e-04,4.194619e-03,1.088025e-01,2.107429e-02,6.592869e-02,1.001291e-01,6.622164e-02,5.281178e-01,8.659485e-02
1.924887e-03,1.570384e-03,2.169642e-03,5.216319e-03,5.364405e-03,2.328847e-02,1.367974e-03,1.367158e-02,8.262873e-02,1.796043e-02,5.964718e-02,1.801304e-01,6.797772e-02,4.748896e-01,6.219224e-02
1.858521e-03,1.816839e-03,2.066098e-03,4.557261e-03,5.362558e-03,2.452636e-02,1.054558e-03,1.173532e-02,6.251165e-02,1.417609e-02,5.326859e-02,2.197746e-01,8.562797e-02,4.671373e-01,4.452625e-02
1.714468e-03,1.562316e-03,1.717033e-03,4.519352e-03,8.126901e-03,2.465606e-02,8.318399e-04,1.443438e-02,1.733400e-01,1.057095e-02,6.540030e-02,1.671954e-01,1.004282e-01,3.941144e-01,3.138844e-02
2.143049e-03,1.375930e-03,4.880589e-03,5.988950e-03,9.892594e-03,2.145281e-02,1.114126e-03,1.985524e-01,1.609079e-01,8.511398e-03,5.376532e-02,1.225198e-01,8.576607e-02,3.007936e-01,2.233542e-02
8.943657e-03,1.719308e-03,9.321198e-03,2.174019e-02,5.386805e-02,4.513141e-02,8.227881e-03,1.576114e-01,2.605882e-01,6.586209e-03,4.120469e-02,9.021561e-02,6.481291e-02,2.138246e-01,1.620466e-02
1.746567e-02,2.759377e-03,9.860426e-03,6.488591e-02,1.023045e-01,3.885035e-02,1.133529e-02,1.474151e-01,2.953304e-01,5.230286e-03,3.001498e-02,6.415194e-02,4.862023e-02,1.498102e-01,1.196539e-02
2.463835e-02,3.305538e-03,1.289652e-02,1.383260e-01,1.560985e-01,3.116320e-02,1.388617e-02,1.225569e-01,2.738906e-01,3.866079e-03,2.212617e-02,4.777345e-02,3.568139e-02,1.049595e-01,8.831724e-03
4.225014e-02,6.016995e-03,2.995605e-02,1.864568e-01,1.624701e-01,2.611980e-02,1.783873e-02,1.314894e-01,2.203155e-01,4.003214e-03,1.948458e-02,4.406132e-02,2.831805e-02,7.380808e-02,7.411164e-03
3.408356e-02,1.162563e-02,3.759761e-02,2.070640e-01,1.242507e-01,3.800183e-02,1.329925e-02,9.359141e-02,2.070306e-01,4.635959e-03,7.069859e-02,5.146575e-02,4.680758e-02,5.199903e-02,7.848511e-03
2.450263e-02,1.426318e-02,8.009475e-02,2.617454e-01,9.764981e-02,2.761196e-02,9.405225e-03,6.635717e-02,1.585589e-01,5.800929e-03,1.191317e-01,4.292893e-02,4.757604e-02,3.721131e-02,7.162060e-03
1.756712e-02,1.174546e-02,6.375533e-02,2.317628e-01,1.015085e-01,2.117083e-02,6.809407e-03,4.686285e-02,1.179962e-01,8.137918e-03,2.281675e-01,3.976288e-02,5.323456e-02,4.479367e-02,6.724962e-03
1.264958e-02,8.671085e-03,4.571126e-02,1.947591e-01,8.232398e-02,1.592653e-02,4.887777e-03,3.314624e-02,8.945325e-02,1.370258e-02,3.159996e-01,4.542463e-02,6.072887e-02,6.806818e-02,8.547446e-03
9.406052e-03,6.423171e-03,3.283837e-02,1.395886e-01,7.442595e-02,1.166102e-02,3.566312e-03,2.388750e-02,7.132922e-02,1.628835e-02,3.739595e-01,4.574843e-02,5.546607e-02,1.230687e-01,1.234272e-02
7.085728e-03,6.431158e-03,2.360068e-02,9.901887e-02,6.677481e-02,8.670216e-03,2.607464e-03,1.696021e-02,5.557140e-02,2.431665e-02,4.380798e-01,4.507753e-02,4.385361e-02,1.512965e-01,1.065542e-02
5.235032e-03,4.740725e-03,1.690501e-02,7.100841e-02,5.056421e-02,6.654556e-03,1.883018e-03,1.200535e-02,4.044606e-02,3.965783e-02,5.442718e-01,4.665089e-02,3.361524e-02,1.172105e-01,9.151418e-03
5.039949e-03,3.494988e-03,1.237786e-02,5.074577e-02,5.223054e-02,3.051235e-02,1.878131e-03,1.080104e-02,2.942194e-02,9.412467e-02,5.326362e-01,4.477584e-02,2.879570e-02,9.032834e-02,1.283672e-02
6.458404e-03,2.745750e-03,9.039662e-03,3.703255e-02,1.313706e-01,2.231628e-02,1.657723e-03,8.604777e-03,2.467976e-02,1.030562e-01,5.012904e-01,4.623697e-02,2.337399e-02,6.886809e-02,1.326886e-02
6.934303e-03,2.143698e-03,6.659185e-03,2.650136e-02,9.763195e-02,1.898306e-02,1.331187e-03,6.360150e-03,1.827335e-02,1.037073e-01,5.531315e-01,5.896054e-02,2.446710e-02,5.693851e-02,1.797694e-02
6.920817e-03,2.031591e-03,5.268372e-03,1.946939e-02,7.352458e-02,1.769660e-02,1.294303e-03,4.908251e-03,1.445558e-02,7.868513e-02,6.292205e-01,6.319597e-02,2.292998e-02,4.415932e-02,1.623958e-02
6.570483e-03,3.461290e-03,7.255953e-03,1.441376e-02,1.053801e-01,1.515352e-02,4.364874e-03,5.295125e-03,3.108720e-02,5.935158e-02,6.197543e-01,6.098052e-02,1.804473e-02,3.331310e-02,1.557350e-02
6.951166e-03,2.836356e-03,8.454770e-03,1.642952e-02,8.784759e-02,1.253003e-02,3.876245e-03,2.406306e-02,3.107224e-02,4.662850e-02,6.297445e-01,5.968808e-02,1.851662e-02,2.998960e-02,2.137178e-02
5.840538e-03,2.166322e-03,8.161639e-03,2.015511e-02,7.425933e-02,9.944959e-03,3.531882e-03,4.115142e-02,4.023388e-02,4.221580e-02,6.092477e-01,7.194813e-02,2.280943e-02,2.747425e-02,2.085963e-02
5.589293e-03,2.066107e-03,9.503076e-03,1.815754e-02,6.626996e-02,7.861343e-03,3.030427e-03,3.516297e-02,7.088653e-02,5.885680e-02,5.445147e-01,8.053928e-02,4.501627e-02,2.647464e-02,2.607111e-02
4.611448e-03,1.701853e-03,1.508517e-02,1.450703e-02,5.042119e-02,5.800934e-03,2.296658e-03,2.856353e-02,7.490415e-02,1.086788e-01,5.004991e-01,7.229285e-02,5.891139e-02,3.149816e-02,3.022773e-02
3.766258e-03,1.348925e-03,1.939415e-02,1.263221e-02,3.889449e-02,4.295385e-03,1.691216e-03,7.401913e-02,5.724839e-02,9.090422e-02,4.993570e-01,7.748440e-02,7.193042e-02,2.508051e-02,2.195328e-02
3.879385e-03,5.007897e-03,3.841877e-02,1.053395e-02,5.742218e-02,3.680184e-03,1.431414e-03,9.232172e-02,1.306044e-01,6.852223e-02,4.223367e-01,5.898988e-02,6.412891e-02,2.695492e-02,1.576750e-02
6.087747e-03,5.178028e-03,4.925927e-02,9.667663e-03,1.178678e-01,7.054111e-03,2.956953e-03,8.889166e-02,2.008420e-01,5.368746e-02,3.280835e-01,4.256526e-02,5.039779e-02,2.605971e-02,1.140101e-02
9.732450e-03,5.260955e-03,5.379302e-02,7.862213e-02,1.631085e-01,6.856584e-03,2.786842e-03,1.183949e-01,1.825267e-01,4.239994e-02,2.406521e-01,3.066869e-02,3.763979e-02,1.940239e-02,8.155017e-03
1.298685e-02,1.952091e-02,4.810924e-02,8.792257e-02,1.678134e-01,8.707331e-03,2.231072e-03,9.660740e-02,2.691169e-01,3.951331e-02,1.749066e-01,2.326823e-02,2.799938e-02,1.449924e-02,6.797581e-03
1.141964e-02,2.392830e-02,3.934944e-02,1.130368e-01,1.555669e-01,7.523260e-03,1.855822e-03,8.810306e-02,3.463981e-01,2.905815e-02,1.284670e-01,1.780546e-02,2.145834e-02,1.062755e-02,5.402275e-03
8.865477e-03,2.210373e-02,2.934245e-02,2.713611e-01,1.123781e-01,6.337970e-03,1.313709e-03,6.241343e-02,3.218455e-01,2.190849e-02,1.018559e-01,1.265254e-02,1.541412e-02,7.581990e-03,4.625558e-03
1.058689e-02,2.312004e-02,2.473710e-02,2.758495e-01,8.825482e-02,8.242891e-03,1.071617e-03,5.108302e-02,3.141381e-01,3.217146e-02,1.236019e-01,1.226667e-02,2.175777e-02,6.308208e-03,6.810036e-03
1.276566e-02,3.450107e-02,1.879917e-02,2.017304e-01,7.640097e-02,6.877014e-03,1.539576e-03,4.250586e-02,3.613937e-01,7.536165e-02,1.278418e-01,9.957366e-03,1.941880e-02,5.009841e-03,5.897068e-03
1.005084e-02,5.834594e-02,1.386323e-02,1.684558e-01,5.509403e-02,5.360425e-03,1.249293e-03,3.613572e-02,4.606948e-01,6.763017e-02,9.262920e-02,7.322663e-03,1.477590e-02,3.691795e-03,4.700126e-03
7.819180e-03,6.805629e-02,9.902444e-03,1.341178e-01,4.046411e-02,4.064634e-03,9.295497e-04,2.681064e-02,5.642111e-01,5.475268e-02,6.622619e-02,5.301267e-03,1.073083e-02,2.661031e-03,3.952123e-03
6.601158e-03,7.099763e-02,7.355156e-03,2.003989e-01,3.102138e-02,3.282455e-03,7.185013e-04,4.779956e-02,5.157026e-01,4.370866e-02,5.227850e-02,4.164488e-03,1.080618e-02,1.977962e-03,3.186840e-03
5.099759e-03,5.638757e-02,5.674306e-03,3.418958e-01,2.304185e-02,2.691169e-03,5.388236e-04,3.658272e-02,4.224899e-01,3.493312e-02,5.058157e-02,3.667664e-03,1.204570e-02,1.585789e-03,2.784206e-03
5.429085e-03,4.003985e-02,4.429802e-03,2.984098e-01,1.971759e-02,3.051415e-03,7.288177e-04,3.820258e-02,3.119499e-01,3.553192e-02,1.743350e-01,8.196564e-03,5.446877e-02,1.700246e-03,3.808569e-03
4.349605e-03,2.929617e-02,3.971247e-03,2.613476e-01,1.499115e-02,3.876077e-03,8.404671e-04,2.749452e-02,2.728132e-01,2.904943e-02,2.379566e-01,8.255299e-03,9.341264e-02,2.367137e-03,9.978910e-03
3.440874e-03,2.242205e-02,3.841238e-03,1.959551e-01,1.480122e-02,3.144741e-03,1.209740e-03,2.047791e-02,2.048011e-01,2.193202e-02,3.816883e-01,9.237755e-03,9.547833e-02,4.788763e-03,1.678081e-02
3.666146e-03,1.740507e-02,7.069633e-03,1.518154e-01,1.832636e-02,3.342694e-03,1.348999e-03,2.359895e-02,2.615212e-01,1.749769e-02,3.232274e-01,1.053651e-02,1.162805e-01,1.170607e-02,3.265755e-02
3.117587e-03,1.450572e-02,1.140702e-02,1.552981e-01,1.691680e-02,3.241959e-03,1.312301e-03,1.788241e-02,2.718807e-01,1.651190e-02,2.976862e-01,8.399518e-03,1.005101e-01,1.847935e-02,6.285034e-02
