1.000000e+00,0.000000e+00,0.000000e+00,0.000000e+00,0.000000e+00,0.000000e+00,0.000000e+00,0.000000e+00,0.000000e+00,0.000000e+00,0.000000e+00,0.000000e+00,0.000000e+00,0.000000e+00,0.000000e+00
1.000000e+00,0.000000e+00,0.000000e+00,0.000000e+00,0.000000e+00,0.000000e+00,0.000000e+00,0.000000e+00,0.000000e+00,0.000000e+00,0.000000e+00,0.000000e+00,0.000000e+00,0.000000e+00,0.000000e+00
1.000000e+00,0.000000e+00,0.000000e+00,0.000000e+00,0.000000e+00,0.000000e+00,0.000000e+00,0.000000e+00,0.000000e+00,0.000000e+00,0.000000e+00,0.000000e+00,0.000000e+00,0.000000e+00,0.000000e+00
1.000000e+00,0.000000e+00,0.000000e+00,0.000000e+00,0.000000e+00,0.000000e+00,0.000000e+00,0.000000e+00,0.000000e+00,0.000000e+00,0.000000e+00,0.000000e+00,0.000000e+00,0.000000e+00,0.000000e+00
1.000000e+00,0.000000e+00,0.000000e+00,0.000000e+00,0.000000e+00,0.000000e+00,0.000000e+00,0.000000e+00,0.000000e+00,0.000000e+00,0.000000e+00,0.000000e+00,0.000000e+00,0.000000e+00,0.000000e+00
1.000000e+00,0.000000e+00,0.000000e+00,0.000000e+00,0.000000e+00,0.000000e+00,0.000000e+00,0.000000e+00,0.000000e+00,0.000000e+00,0.000000e+00,0.000000e+00,0.000000e+00,0.000000e+00,0.000000e+00
1.000000e+00,0.000000e+00,0.000000e+00,0.000000e+00,0.000000e+00,0.000000e+00,0.000000e+00,0.000000e+00,0.000000e+00,0.000000e+00,0.000000e+00,0.000000e+00,0.000000e+00,0.000000e+00,0.000000e+00
1.000000e+00,0.000000e+00,0.000000e+00,0.000000e+00,0.000000e+00,0.000000e+00,0.000000e+00,0.000000e+00,0.000000e+00,0.000000e+00,0.000000e+00,0.000000e+00,0.000000e+00,0.000000e+00,0.000000e+00
1.000000e+00,0.000000e+00,0.000000e+00,0.000000e+00,0.000000e+00,0.000000e+00,0.000000e+00,0.000000e+00,0.000000e+00,0.000000e+00,0.000000e+00,0.000000e+00,0.000000e+00,0.000000e+00,0.000000e+00
1.000000e+00,0.000000e+00,0.000000e+00,0.000000e+00,0.000000e+00,0.000000e+00,0.000000e+00,0.000000e+00,0.000000e+00,0.000000e+00,0.000000e+00,0.000000e+00,0.000000e+00,0.000000e+00,0.000000e+00
1.000000e+00,0.000000e+00,0.000000e+00,0.000000e+00,0.000000e+00,0.000000e+00,0.000000e+00,0.000000e+00,0.000000e+00,0.000000e+00,0.000000e+00,0.000000e+00,0.000000e+00,0.000000e+00,0.000000e+00
1.000000e+00,0.000000e+00,0.000000e+00,0.000000e+00,0.000000e+00,0.000000e+00,0.000000e+00,0.000000e+00,0.000000e+00,0.000000e+00,0.000000e+00,0.000000e+00,0.000000e+00,0.000000e+00,0.000000e+00
1.000000e+00,0.000000e+00,0.000000e+00,0.000000e+00,0.000000e+00,0.000000e+00,0.000000e+00,0.000000e+00,0.000000e+00,0.000000e+00,0.000000e+00,0.000000e+00,0.000000e+00,0.000000e+00,0.000000e+00
1.000000e+00,0.000000e+00,0.000000e+00,0.000000e+00,0.000000e+00,0.000000e+00,0.000000e+00,0.000000e+00,0.000000e+00,0.000000e+00,0.000000e+00,0.000000e+00,0.000000e+00,0.000000e+00,0.000000e+00
1.000000e+00,0.000000e+00,0.000000e+00,0.000000e+00,0.000000e+00,0.000000e+00,0.000000e+00,0.000000e+00,0.000000e+00,0.000000e+00,0.000000e+00,0.000000e+00,0.000000e+00,0.000000e+00,0.000000e+00
1.000000e+00,0.000000e+00,0.000000e+00,0.000000e+00,0.000000e+00,0.000000e+00,0.000000e+00,0.000000e+00,0.000000e+00,0.000000e+00,0.000000e+00,0.000000e+00,0.000000e+00,0.000000e+00,0.000000e+00
1.000000e+00,0.000000e+00,0.000000e+00,0.000000e+00,0.000000e+00,0.000000e+00,0.000000e+00,0.000000e+00,0.000000e+00,0.000000e+00,0.000000e+00,0.000000e+00,0.000000e+00,0.000000e+00,0.000000e+00
1.000000e+00,0.000000e+00,0.000000e+00,0.000000e+00,0.000000e+00,0.000000e+00,0.000000e+00,0.000000e+00,0.000000e+00,0.000000e+00,0.000000e+00,0.000000e+00,0.000000e+00,0.000000e+00,0.000000e+00
1.000000e+00,0.000000e+00,0.000000e+00,0.000000e+00,0.000000e+00,0.000000e+00,0.000000e+00,0.000000e+00,0.000000e+00,0.000000e+00,0.000000e+00,0.000000e+00,0.000000e+00,0.000000e+00,0.000000e+00
1.000000e+00,0.000000e+00,0.000000e+00,0.000000e+00,0.000000e+00,0.000000e+00,0.000000e+00,0.000000e+00,0.000000e+00,0.000000e+00,0.000000e+00,0.000000e+00,0.000000e+00,0.000000e+00,0.000000e+00
1.000000e+00,0.000000e+00,0.000000e+00,0.000000e+00,0.000000e+00,0.000000e+00,0.000000e+00,0.000000e+00,0.000000e+00,0.000000e+00,0.000000e+00,0.000000e+00,0.000000e+00,0.000000e+00,0.000000e+00
1.000000e+00,0.000000e+00,0.000000e+00,0.000000e+00,0.000000e+00,0.000000e+00,0.000000e+00,0.000000e+00,0.000000e+00,0.000000e+00,0.000000e+00,0.000000e+00,0.000000e+00,0.000000e+00,0.000000e+00
1.000000e+00,0.000000e+00,0.000000e+00,0.000000e+00,0.000000e+00,0.000000e+00,0.000000e+00,0.000000e+00,0.000000e+00,0.000000e+00,0.000000e+00,0.000000e+00,0.000000e+00,0.000000e+00,0.000000e+00
1.000000e+00,0.000000e+00,0.000000e+00,0.000000e+00,0.000000e+00,0.000000e+00,0.000000e+00,0.000000e+00,0.000000e+00,0.000000e+00,0.000000e+00,0.000000e+00,0.000000e+00,0.000000e+00,0.000000e+00
1.000000e+00,0.000000e+00,0.000000e+00,0.000000e+00,0.000000e+00,0.000000e+00,0.000000e+00,0.000000e+00,0.000000e+00,0.000000e+00,0.000000e+00,0.000000e+00,0.000000e+00,0.000000e+00,0.000000e+00
1.000000e+00,0.000000e+00,0.000000e+00,0.000000e+00,0.000000e+00,0.000000e+00,0.000000e+00,0.000000e+00,0.000000e+00,0.000000e+00,0.000000e+00,0.000000e+00,0.000000e+00,0.000000e+00,0.000000e+00
1.000000e+00,0.000000e+00,0.000000e+00,0.000000e+00,0.000000e+00,0.000000e+00,0.000000e+00,0.000000e+00,0.000000e+00,0.000000e+00,0.000000e+00,0.000000e+00,0.000000e+00,0.000000e+00,0.000000e+00
1.000000e+00,0.000000e+00,0.000000e+00,0.000000e+00,0.000000e+00,0.000000e+00,0.000000e+00,0.000000e+00,0.000000e+00,0.000000e+00,0.000000e+00,0.000000e+00,0.000000e+00,0.000000e+00,0.000000e+00
1.000000e+00,0.000000e+00,0.000000e+00,0.000000e+00,0.000000e+00,0.000000e+00,0.000000e+00,0.000000e+00,0.000000e+00,0.000000e+00,0.000000e+00,0.000000e+00,0.000000e+00,0.000000e+00,0.000000e+00
1.000000e+00,0.000000e+00,0.000000e+00,0.000000e+00,0.000000e+00,0.000000e+00,0.000000e+00,0.000000e+00,0.000000e+00,0.000000e+00,0.000000e+00,0.000000e+00,0.000000e+00,0.000000e+00,0.000000e+00
1.000000e+00,0.000000e+00,0.000000e+00,0.000000e+00,0.000000e+00,0.000000e+00,0.000000e+00,0.000000e+00,0.000000e+00,0.000000e+00,0.000000e+00,0.000000e+00,0.000000e+00,0.000000e+00,0.000000e+00
1.000000e+00,0.000000e+00,0.000000e+00,0.000000e+00,0.000000e+00,0.000000e+00,0.000000e+00,0.000000e+00,0.000000e+00,0.000000e+00,0.000000e+00,0.000000e+00,0.000000e+00,0.000000e+00,0.000000e+00
1.000000e+00,0.000000e+00,0.000000e+00,0.000000e+00,0.000000e+00,0.000000e+00,0.000000e+00,0.000000e+00,0.000000e+00,0.000000e+00,0.000000e+00,0.000000e+00,0.000000e+00,0.000000e+00,0.000000e+00
1.000000e+00,0.000000e+00,0.000000e+00,0.000000e+00,0.000000e+00,0.000000e+00,0.000000e+00,0.000000e+00,0.000000e+00,0.000000e+00,0.000000e+00,0.000000e+00,0.000000e+00,0.000000e+00,0.000000e+00
1.000000e+00,0.000000e+00,0.000000e+00,0.000000e+00,0.000000e+00,0.000000e+00,0.000000e+00,0.000000e+00,0.000000e+00,0.000000e+00,0.000000e+00,0.000000e+00,0.000000e+00,0.000000e+00,0.000000e+00
1.000000e+00,0.000000e+00,0.000000e+00,0.000000e+00,0.000000e+00,0.000000e+00,0.000000e+00,0.000000e+00,0.000000e+00,0.000000e+00,0.000000e+00,0.000000e+00,0.000000e+00,0.000000e+00,0.000000e+00
1.000000e+00,0.000000e+00,0.000000e+00,0.000000e+00,0.000000e+00,0.000000e+00,0.000000e+00,0.000000e+00,0.000000e+00,0.000000e+00,0.000000e+00,0.000000e+00,0.000000e+00,0.000000e+00,0.000000e+00
1.000000e+00,0.000000e+00,0.000000e+00,0.000000e+00,0.000000e+00,0.000000e+00,0.000000e+00,0.000000e+00,0.000000e+00,0.000000e+00,0.000000e+00,0.000000e+00,0.000000e+00,0.000000e+00,0.000000e+00
1.000000e+00,0.000000e+00,0.000000e+00,0.000000e+00,0.000000e+00,0.000000e+00,0.000000e+00,0.000000e+00,0.000000e+00,0.000000e+00,0.000000e+00,0.000000e+00,0.000000e+00,0.000000e+00,0.000000e+00
1.000000e+00,0.000000e+00,0.000000e+00,0.000000e+00,0.000000e+00,0.000000e+00,0.000000e+00,0.000000e+00,0.000000e+00,0.000000e+00,0.000000e+00,0.000000e+00,0.000000e+00,0.000000e+00,0.000000e+00
1.000000e+00,0.000000e+00,0.000000e+00,0.000000e+00,0.000000e+00,0.000000e+00,0.000000e+00,0.000000e+00,0.000000e+00,0.000000e+00,0.000000e+00,0.000000e+00,0.000000e+00,0.000000e+00,0.000000e+00
1.000000e+00,0.000000e+00,0.000000e+00,0.000000e+00,0.000000e+00,0.000000e+00,0.000000e+00,0.000000e+00,0.000000e+00,0.000000e+00,0.000000e+00,0.000000e+00,0.000000e+00,0.000000e+00,0.000000e+00
1.000000e+00,0.000000e+00,0.000000e+00,0.000000e+00,0.000000e+00,0.000000e+00,0.000000e+00,0.000000e+00,0.000000e+00,0.000000e+00,0.000000e+00,0.000000e+00,0.000000e+00,0.000000e+00,0.000000e+00
1.000000e+00,0.000000e+00,0.000000e+00,0.000000e+00,0.000000e+00,0.000000e+00,0.000000e+00,0.000000e+00,0.000000e+00,0.000000e+00,0.000000e+00,0.000000e+00,0.000000e+00,0.000000e+00,0.000000e+00
4.989049e-01,4.106450e-02,2.131179e-02,1.529722e-01,1.989587e-02,3.560481e-02,1.031341e-02,2.396611e-02,1.958617e-02,1.902220e-03,2.672364e-02,7.137024e-02,3.740835e-02,7.231933e-03,3.174385e-02
4.857181e-01,3.906270e-02,2.746121e-02,1.773744e-01,1.949336e-02,3.140338e-02,9.200454e-03,2.368668e-02,1.743559e-02,1.918167e-03,2.608052e-02,6.991430e-02,3.521929e-02,6.305143e-03,2.972666e-02
1.000000e+00,0.000000e+00,0.000000e+00,0.000000e+00,0.000000e+00,0.000000e+00,0.000000e+00,0.000000e+00,0.000000e+00,0.000000e+00,0.000000e+00,0.000000e+00,0.000000e+00,0.000000e+00,0.000000e+00
1.000000e+00,0.000000e+00,0.000000e+00,0.000000e+00,0.000000e+00,0.000000e+00,0.000000e+00,0.000000e+00,0.000000e+00,0.000000e+00,0.000000e+00,0.000000e+00,0.000000e+00,0.000000e+00,0.000000e+00
1.000000e+00,0.000000e+00,0.000000e+00,0.000000e+00,0.000000e+00,0.000000e+00,0.000000e+00,0.000000e+00,0.000000e+00,0.000000e+00,0.000000e+00,0.000000e+00,0.000000e+00,0.000000e+00,0.000000e+00
1.000000e+00,0.000000e+00,0.000000e+00,0.000000e+00,0.000000e+00,0.000000e+00,0.000000e+00,0.000000e+00,0.000000e+00,0.000000e+00,0.000000e+00,0.000000e+00,0.000000e+00,0.000000e+00,0.000000e+00
1.000000e+00,0.000000e+00,0.000000e+00,0.000000e+00,0.000000e+00,0.000000e+00,0.000000e+00,0.000000e+00,0.000000e+00,0.000000e+00,0.000000e+00,0.000000e+00,0.000000e+00,0.000000e+00,0.000000e+00
1.000000e+00,0.000000e+00,0.000000e+00,0.000000e+00,0.000000e+00,0.000000e+00,0.000000e+00,0.000000e+00,0.000000e+00,0.000000e+00,0.000000e+00,0.000000e+00,0.000000e+00,0.000000e+00,0.000000e+00
1.000000e+00,0.000000e+00,0.000000e+00,0.000000e+00,0.000000e+00,0.000000e+00,0.000000e+00,0.000000e+00,0.000000e+00,0.000000e+00,0.000000e+00,0.000000e+00,0.000000e+00,0.000000e+00,0.000000e+00
1.000000e+00,0.000000e+00,0.000000e+00,0.000000e+00,0.000000e+00,0.000000e+00,0.000000e+00,0.000000e+00,0.000000e+00,0.000000e+00,0.000000e+00,0.000000e+00,0.000000e+00,0.000000e+00,0.000000e+00
1.000000e+00,0.000000e+00,0.000000e+00,0.000000e+00,0.000000e+00,0.000000e+00,0.000000e+00,0.000000e+00,0.000000e+00,0.000000e+00,0.000000e+00,0.000000e+00,0.000000e+00,0.000000e+00,0.000000e+00
1.000000e+00,0.000000e+00,0.000000e+00,0.000000e+00,0.000000e+00,0.000000e+00,0.000000e+00,0.000000e+00,0.000000e+00,0.000000e+00,0.000000e+00,0.000000e+00,0.000000e+00,0.000000e+00,0.000000e+00
1.000000e+00,0.000000e+00,0.000000e+00,0.000000e+00,0.000000e+00,0.000000e+00,0.000000e+00,0.000000e+00,0.000000e+00,0.000000e+00,0.000000e+00,0.000000e+00,0.000000e+00,0.000000e+00,0.000000e+00
1.000000e+00,0.000000e+00,0.000000e+00,0.000000e+00,0.000000e+00,0.000000e+00,0.000000e+00,0.000000e+00,0.000000e+00,0.000000e+00,0.000000e+00,0.000000e+00,0.000000e+00,0.000000e+00,0.000000e+00
1.000000e+00,0.000000e+00,0.000000e+00,0.000000e+00,0.000000e+00,0.000000e+00,0.000000e+00,0.000000e+00,0.000000e+00,0.000000e+00,0.000000e+00,0.000000e+00,0.000000e+00,0.000000e+00,0.000000e+00
1.000000e+00,0.000000e+00,0.000000e+00,0.000000e+00,0.000000e+00,0.000000e+00,0.000000e+00,0.000000e+00,0.000000e+00,0.000000e+00,0.000000e+00,0.000000e+00,0.000000e+00,0.000000e+00,0.000000e+00
1.000000e+00,0.000000e+00,0.000000e+00,0.000000e+00,0.000000e+00,0.000000e+00,0.000000e+00,0.000000e+00,0.000000e+00,0.000000e+00,0.000000e+00,0.000000e+00,0.000000e+00,0.000000e+00,0.000000e+00
4.439452e-01,2.801836e-02,1.737499e-02,3.711351e-01,4.069687e-03,1.383838e-02,3.477140e-03,5.732156e-03,1.255280e-02,3.075510e-03,2.189562e-02,2.475933e-02,1.597617e-02,1.736169e-03,3.241334e-02
3.119579e-01,2.127656e-02,1.390831e-02,3.144832e-01,5.079633e-03,1.116432e-02,2.534389e-03,4.424000e-03,1.877100e-02,3.391471e-03,1.825325e-01,2.602552e-02,5.836696e-02,1.449648e-03,2.463451e-02
2.191120e-01,1.565392e-02,2.501924e-02,4.003158e-01,8.989858e-03,8.292787e-03,1.948651e-03,3.564764e-03,1.664005e-02,2.901191e-03,1.912882e-01,2.036914e-02,6.635024e-02,1.161265e-03,1.839278e-02
1.534342e-01,1.324637e-02,7.412700e-02,5.027950e-01,7.106127e-03,6.122525e-03,1.396283e-03,2.513305e-03,1.338000e-02,2.457888e-03,1.474301e-01,1.465042e-02,4.724864e-02,8.482819e-04,1.324380e-02
1.074202e-01,9.836365e-03,9.170032e-02,5.587574e-01,5.510327e-03,4.460039e-03,1.233035e-03,1.799103e-03,9.981152e-03,4.400572e-03,1.375664e-01,1.605488e-02,4.074794e-02,1.176736e-03,9.355578e-03
7.527149e-02,8.565480e-03,7.416044e-02,6.240417e-01,9.613361e-03,3.550283e-03,1.371945e-03,1.372991e-03,1.373114e-02,4.079360e-03,1.197595e-01,1.645198e-02,3.849497e-02,2.299136e-03,7.236291e-03
5.324293e-02,6.940943e-03,5.416611e-02,4.580860e-01,1.212061e-01,6.054387e-03,2.674459e-03,3.107664e-03,3.747180e-02,3.384855e-03,1.862517e-01,1.546532e-02,2.847250e-02,1.766546e-02,5.809895e-03
3.761981e-02,5.657610e-03,3.888403e-02,3.301321e-01,9.321295e-02,4.761760e-03,2.009475e-03,2.511136e-03,3.154746e-02,3.786014e-03,3.590227e-01,2.147549e-02,2.072967e-02,4.422344e-02,4.426386e-03
2.637026e-02,4.126103e-03,2.784283e-02,2.317341e-01,6.879652e-02,3.423962e-03,1.425479e-03,1.869328e-03,2.306231e-02,4.168579e-03,4.836385e-01,2.388410e-02,1.490153e-02,8.135020e-02,3.406208e-03
1.848076e-02,2.975416e-03,1.980856e-02,1.627754e-01,4.912723e-02,2.614856e-03,1.013785e-03,1.397414e-03,3.290830e-02,4.380282e-03,3.830698e-01,1.796879e-02,1.058499e-02,2.895834e-01,3.311084e-03
1.294803e-02,2.220548e-03,1.401629e-02,1.141761e-01,3.514170e-02,1.913735e-03,7.192901e-04,1.046260e-03,4.521261e-02,3.872811e-03,3.045623e-01,1.313410e-02,7.705839e-03,4.395934e-01,3.736979e-03
9.091706e-03,1.619792e-03,9.824999e-03,8.006559e-02,2.482667e-02,3.828578e-03,5.188320e-04,7.764769e-04,4.165228e-02,2.938807e-03,2.162443e-01,9.308874e-03,6.165983e-03,5.898515e-01,3.285579e-03
6.385102e-03,1.362243e-03,6.907905e-03,5.615954e-02,1.753071e-02,5.305950e-03,3.789531e-04,5.940627e-04,3.917364e-02,2.662728e-03,1.535519e-01,6.601592e-03,5.641540e-03,6.948167e-01,2.927482e-03
4.737253e-03,2.167106e-03,4.971391e-03,4.152722e-02,1.499075e-02,1.603218e-02,1.523544e-03,3.762788e-03,5.697009e-02,2.116321e-03,1.109961e-01,4.813127e-03,1.030443e-02,7.219555e-01,3.132229e-03
3.419030e-03,1.921722e-03,3.554382e-03,3.017225e-02,1.065320e-02,1.957174e-02,1.137014e-03,4.361842e-03,5.351768e-02,1.687912e-03,7.900771e-02,3.422525e-03,7.618655e-03,7.759582e-01,3.996242e-03
2.683537e-03,2.364771e-03,2.637388e-03,2.201807e-02,7.566861e-03,1.890024e-02,8.081398e-04,3.169978e-03,4.748188e-02,2.537688e-03,5.715140e-02,2.520322e-03,6.219971e-03,8.105034e-01,1.343635e-02
2.324993e-03,2.895532e-03,2.016932e-03,1.578484e-02,5.641449e-03,2.286242e-02,5.856305e-04,2.351922e-03,4.134481e-02,2.721368e-03,4.154202e-02,1.845641e-03,5.270867e-03,8.374779e-01,1.533367e-02
1.789577e-03,2.540551e-03,1.439530e-03,1.118989e-02,3.986851e-03,2.300962e-02,4.175052e-04,1.688028e-03,3.660411e-02,3.533679e-03,3.122313e-02,1.328479e-03,4.484270e-03,8.596565e-01,1.710834e-02
1.449789e-03,2.854670e-03,1.080488e-03,8.525107e-03,2.839927e-03,1.997868e-02,3.331375e-04,1.693687e-03,3.533358e-02,3.191489e-03,2.561912e-02,1.204652e-03,7.477440e-03,8.695073e-01,1.891094e-02
1.242968e-03,2.319965e-03,8.849915e-04,6.836224e-03,2.147980e-03,1.563312e-02,2.625063e-04,3.306649e-03,2.761758e-02,2.482346e-03,2.185548e-02,1.113248e-03,8.996965e-03,8.908554e-01,1.444464e-02
1.827959e-03,2.124068e-03,3.257402e-03,1.057673e-02,2.447035e-03,1.392505e-02,2.565031e-04,2.056960e-02,2.962249e-02,3.468051e-03,2.219356e-02,2.036878e-03,1.370468e-02,8.619354e-01,1.205466e-02
3.317070e-03,3.238764e-03,1.044585e-02,8.704574e-03,2.247384e-03,1.251073e-02,3.292524e-04,2.052045e-02,2.681097e-02,8.475774e-03,3.865908e-02,5.296492e-03,2.241543e-02,8.199209e-01,1.710735e-02
6.169968e-03,4.661012e-03,2.341689e-02,7.248590e-03,3.374708e-03,1.049244e-02,4.090669e-04,1.923358e-02,4.255668e-02,1.337691e-02,5.777594e-02,9.483973e-03,2.872921e-02,7.490097e-01,2.406137e-02
1.114098e-02,5.902091e-03,3.283177e-02,1.279370e-02,8.394167e-03,8.261894e-03,4.530703e-04,2.682102e-02,4.693381e-02,4.104919e-02,6.073655e-02,9.991600e-03,2.991911e-02,6.812991e-01,2.347193e-02
1.997203e-02,1.139823e-02,6.442015e-02,1.555642e-02,3.870843e-02,6.508592e-03,5.819606e-04,4.460962e-02,8.192585e-02,5.853445e-02,7.368138e-02,1.331038e-02,2.997392e-02,5.193343e-01,2.148429e-02
2.754065e-02,1.680732e-02,9.186189e-02,1.818494e-02,3.452832e-02,5.645355e-03,7.635109e-04,4.116023e-02,9.521987e-02,5.138925e-02,9.564438e-02,5.157577e-02,5.510522e-02,3.894375e-01,2.513587e-02
2.685505e-02,2.426323e-02,8.043843e-02,1.578993e-02,2.996023e-02,7.343773e-03,3.801242e-03,3.431241e-02,1.177800e-01,4.562279e-02,8.836367e-02,9.077856e-02,1.303562e-01,2.803838e-01,2.395068e-02
3.320715e-02,2.342339e-02,6.527996e-02,1.319670e-02,3.289621e-02,9.462573e-03,1.449485e-02,8.837602e-02,1.457568e-01,5.787543e-02,6.967132e-02,7.678591e-02,1.484726e-01,1.998929e-01,2.120814e-02
3.615610e-02,2.317709e-02,6.606790e-02,1.287245e-02,5.857208e-02,2.221615e-02,2.237657e-02,1.613971e-01,1.563421e-01,4.470038e-02,5.265363e-02,5.587729e-02,1.284372e-01,1.410010e-01,1.815311e-02
3.936693e-02,2.275297e-02,7.551879e-02,1.524976e-02,7.816180e-02,2.809847e-02,3.214508e-02,2.169053e-01,1.384582e-01,5.575753e-02,4.002124e-02,4.155782e-02,9.734297e-02,1.018543e-01,1.680890e-02
5.049428e-02,2.223114e-02,9.813726e-02,2.231074e-02,9.646191e-02,3.280878e-02,2.724425e-02,2.200388e-01,1.243616e-01,4.923911e-02,3.260914e-02,3.148760e-02,1.017008e-01,7.544919e-02,1.542546e-02
8.858927e-02,2.526496e-02,7.541820e-02,2.125864e-02,9.655569e-02,3.176512e-02,2.259486e-02,2.588899e-01,1.131896e-01,5.294551e-02,2.786131e-02,2.599600e-02,8.398541e-02,5.465841e-02,2.102721e-02
1.258512e-01,2.431220e-02,5.633038e-02,1.787836e-02,8.284058e-02,3.050316e-02,1.870778e-02,3.191047e-01,9.638962e-02,5.713755e-02,2.210433e-02,2.229892e-02,6.533048e-02,3.935369e-02,2.185702e-02
1.836891e-01,2.868149e-02,4.674843e-02,1.704407e-02,8.031394e-02,3.052717e-02,2.003309e-02,2.672971e-01,9.676097e-02,6.851174e-02,1.712523e-02,1.854556e-02,5.368850e-02,2.965390e-02,4.137979e-02
2.867250e-01,2.598229e-02,3.512385e-02,1.467724e-02,6.705672e-02,2.803522e-02,1.968049e-02,2.161312e-01,8.763427e-02,7.227527e-02,1.275449e-02,1.558272e-02,5.171656e-02,2.151748e-02,4.510727e-02
3.682640e-01,2.165315e-02,2.753800e-02,1.245014e-02,5.435560e-02,2.915868e-02,1.932028e-02,1.862791e-01,7.477385e-02,5.855780e-02,1.028022e-02,1.472368e-02,6.583396e-02,1.582086e-02,4.099064e-02
4.160196e-01,2.030380e-02,2.275078e-02,1.364785e-02,4.401251e-02,3.187785e-02,2.208265e-02,1.572135e-01,6.348427e-02,4.528615e-02,8.667252e-03,1.634452e-02,8.886251e-02,1.287217e-02,3.657461e-02
4.266043e-01,1.836315e-02,1.906768e-02,1.304097e-02,3.708363e-02,3.376269e-02,2.336596e-02,1.653327e-01,5.704109e-02,3.666965e-02,8.229506e-03,1.682107e-02,1.054397e-01,1.025864e-02,2.891935e-02
4.036254e-01,1.451735e-02,2.105209e-02,1.288581e-02,3.344650e-02,3.407873e-02,2.694050e-02,2.105153e-01,4.426376e-02,2.808324e-02,8.682703e-03,1.571624e-02,1.160115e-01,8.132486e-03,2.204852e-02
3.584338e-01,1.374614e-02,1.910939e-02,1.098645e-02,2.938634e-02,4.141680e-02,4.449741e-02,2.011489e-01,3.782234e-02,3.345717e-02,5.811386e-02,2.140393e-02,9.853774e-02,7.029298e-03,2.491044e-02
2.552018e-01,1.251547e-02,1.388787e-02,9.268483e-03,2.247128e-02,3.105859e-02,4.263327e-02,1.539659e-01,3.711896e-02,3.843031e-02,2.569995e-01,2.173270e-02,7.314634e-02,7.782113e-03,2.378743e-02
1.792716e-01,9.981706e-03,9.966589e-03,8.882410e-03,1.685843e-02,2.284905e-02,3.552593e-02,1.187697e-01,1.115389e-01,6.362285e-02,2.914450e-01,1.813890e-02,6.180877e-02,1.519564e-02,3.614458e-02
1.261140e-01,7.625957e-03,7.222394e-03,7.924618e-03,1.220151e-02,1.727843e-02,2.593321e-02,8.625659e-02,1.242407e-01,5.712169e-02,3.589742e-01,1.641623e-02,5.348555e-02,2.294556e-02,7.625940e-02
8.903138e-02,7.090784e-03,5.877987e-03,1.491882e-02,1.016427e-02,1.325041e-02,1.856904e-02,6.128952e-02,2.438591e-01,5.087648e-02,3.073704e-01,1.803654e-02,5.677198e-02,2.590435e-02,7.698910e-02
6.373540e-02,6.074530e-03,4.570610e-03,2.295161e-02,9.730524e-03,1.011531e-02,1.339326e-02,4.336620e-02,2.831774e-01,6.079860e-02,2.547788e-01,2.688234e-02,5.772543e-02,2.985856e-02,1.128414e-01
4.521075e-02,4.898064e-03,3.428832e-03,2.567884e-02,7.728790e-03,7.473094e-03,9.546158e-03,3.065391e-02,2.702572e-01,8.129308e-02,2.121187e-01,2.645881e-02,5.369432e-02,4.239801e-02,1.791615e-01
3.268467e-02,5.659564e-03,3.234448e-03,2.048305e-02,8.425188e-03,5.624004e-03,6.836474e-03,2.232435e-02,2.357170e-01,8.363527e-02,1.746300e-01,2.489209e-02,6.276489e-02,4.381890e-02,2.692701e-01
2.336222e-02,4.135463e-03,2.535186e-03,1.656875e-02,7.918818e-03,4.156153e-03,4.921318e-03,1.648357e-02,1.986265e-01,9.174591e-02,1.424283e-01,2.228998e-02,8.720748e-02,3.579400e-02,3.418263e-01
1.660811e-02,3.016893e-03,2.626186e-03,1.926475e-02,8.821411e-03,3.130055e-03,3.576260e-03,1.227883e-02,1.693778e-01,7.264242e-02,1.179793e-01,1.891406e-02,1.019216e-01,2.701022e-02,4.228321e-01
1.207422e-02,2.308884e-03,4.379967e-03,1.887100e-02,1.780720e-02,2.517659e-03,2.879841e-03,9.849356e-03,1.444796e-01,6.829476e-02,9.634595e-02,1.503512e-02,1.138313e-01,2.472685e-02,4.665982e-01
8.732475e-03,1.931655e-03,6.222597e-03,2.365634e-02,2.587193e-02,1.985704e-03,2.595549e-03,7.398846e-03,2.340477e-01,5.746037e-02,7.860343e-02,1.236224e-02,1.049246e-01,1.974790e-02,4.144586e-01
6.667398e-03,1.762443e-03,7.192694e-03,2.785939e-02,2.542416e-02,1.770199e-03,2.013380e-03,6.754833e-03,2.763416e-01,4.857841e-02,7.727617e-02,1.154223e-02,1.294894e-01,1.582955e-02,3.614982e-01
5.102668e-03,1.902137e-03,2.037140e-02,3.063403e-02,1.252812e-01,1.383777e-03,2.126109e-03,1.192318e-02,2.274790e-01,3.742709e-02,6.961755e-02,9.437910e-03,1.091341e-01,1.225618e-02,3.359236e-01
4.197628e-03,1.788978e-03,1.833140e-02,2.368123e-02,1.211442e-01,1.338281e-03,2.036884e-03,9.779571e-03,1.873118e-01,3.623533e-02,7.709209e-02,9.932337e-03,1.036867e-01,9.844087e-03,3.935995e-01
3.437540e-03,1.931883e-03,1.655414e-02,2.707175e-02,1.492448e-01,3.214962e-03,1.810733e-03,8.467993e-03,1.577366e-01,3.612040e-02,1.433816e-01,1.032592e-02,1.332483e-01,8.350234e-03,2.991032e-01
2.718226e-03,1.706588e-03,1.396496e-02,2.880484e-02,1.363473e-01,3.599384e-03,1.488470e-03,1.346451e-02,1.423068e-01,3.497357e-02,1.777610e-01,1.111219e-02,1.854875e-01,7.356059e-03,2.389086e-01
2.053811e-03,1.351362e-03,1.028082e-02,2.778816e-02,9.853279e-02,3.125686e-03,1.067052e-03,1.318321e-02,1.174788e-01,2.912349e-02,1.764300e-01,1.827122e-02,3.148469e-01,6.378852e-03,1.800879e-01
1.522861e-03,1.048635e-03,8.295271e-03,2.215100e-02,7.081104e-02,2.464911e-03,7.557888e-04,1.095722e-02,8.901693e-02,2.368623e-02,2.613583e-01,3.288789e-02,3.339602e-01,5.705335e-03,1.353785e-01
1.732133e-03,4.594632e-03,7.455807e-02,2.013895e-02,6.220338e-02,2.072023e-03,5.706185e-04,1.023652e-02,9.873740e-02,2.041342e-02,2.778361e-01,2.572179e-02,2.863354e-01,6.546198e-03,1.083034e-01
2.968034e-03,4.057901e-03,5.673028e-02,1.969242e-02,5.037866e-02,3.640090e-03,4.489967e-04,9.274771e-03,1.119522e-01,2.297191e-02,3.690055e-01,2.100807e-02,2.240175e-01,2.525263e-02,7.860105e-02
3.118219e-03,3.261228e-03,4.220955e-02,1.767237e-02,3.798219e-02,3.743341e-03,3.410472e-04,7.433197e-03,1.084947e-01,3.264186e-02,4.672301e-01,1.908420e-02,1.694886e-01,3.024640e-02,5.705292e-02
5.278152e-03,2.795764e-03,3.057451e-02,1.619903e-02,2.982411e-02,4.322739e-03,3.299252e-04,6.738404e-03,1.059216e-01,5.905904e-02,5.068926e-01,2.568900e-02,1.291288e-01,3.413076e-02,4.311557e-02
5.625238e-03,2.882056e-03,2.211414e-02,1.407520e-02,2.317543e-02,6.814293e-03,2.637915e-04,5.689405e-03,8.577709e-02,6.893672e-02,5.720652e-01,2.948834e-02,9.811296e-02,3.183339e-02,3.314672e-02
7.124690e-03,2.831991e-03,1.664211e-02,1.368291e-02,1.880074e-02,1.130410e-02,2.783376e-04,4.360381e-03,6.771111e-02,6.993414e-02,6.062047e-01,3.911770e-02,8.062335e-02,3.248164e-02,2.890209e-02
1.305195e-02,2.963496e-03,1.569460e-02,2.040397e-02,1.605200e-02,1.130451e-02,2.779721e-04,3.827729e-03,5.369180e-02,7.155582e-02,6.219723e-01,4.233124e-02,6.351887e-02,3.907537e-02,2.427845e-02
1.351167e-02,5.022968e-03,1.362847e-02,1.736844e-02,1.287869e-02,8.971852e-03,2.400276e-04,3.187514e-03,6.179780e-02,6.353304e-02,6.208405e-01,3.897033e-02,5.337761e-02,6.603093e-02,2.064017e-02
1.449245e-02,6.410721e-03,1.463778e-02,1.376506e-02,1.352955e-02,6.602429e-03,2.150901e-04,2.737784e-03,5.034335e-02,6.418456e-02,6.665400e-01,2.956014e-02,3.964171e-02,5.880644e-02,1.853292e-02
1.511490e-02,5.967673e-03,1.454403e-02,1.132216e-02,1.029559e-02,5.279514e-03,1.805568e-04,3.782885e-03,4.235423e-02,6.825924e-02,7.039065e-01,2.244085e-02,2.940711e-02,5.228340e-02,1.486135e-02
1.522036e-02,4.438083e-03,1.252664e-02,9.323657e-03,7.664599e-03,6.488724e-03,2.630420e-04,1.658962e-02,3.463659e-02,6.437993e-02,7.331793e-01,1.745275e-02,2.213681e-02,4.445922e-02,1.124064e-02
2.318518e-02,6.838691e-03,1.413246e-02,2.257015e-02,1.342711e-02,8.879418e-03,3.780641e-04,1.657094e-02,1.369455e-01,5.434557e-02,6.275889e-01,1.310005e-02,1.616633e-02,3.663540e-02,9.236123e-03
2.665187e-02,1.021079e-02,2.189507e-02,1.174680e-01,1.346281e-02,8.029377e-03,3.254969e-04,2.447135e-02,1.886600e-01,4.863522e-02,4.843405e-01,9.645862e-03,1.201216e-02,2.717043e-02,7.021057e-03
4.329509e-02,1.043646e-02,3.205983e-02,1.525313e-01,1.102434e-02,9.173304e-03,4.915567e-04,2.425182e-02,1.592962e-01,5.060229e-02,4.644724e-01,7.240422e-03,8.893056e-03,2.081074e-02,5.421227e-03
5.549816e-02,1.002333e-02,4.251284e-02,1.788741e-01,1.060008e-02,8.699014e-03,6.195970e-04,2.509804e-02,1.320264e-01,5.418236e-02,4.487457e-01,5.468677e-03,6.743595e-03,1.649829e-02,4.409912e-03
7.182020e-02,1.748572e-02,4.454423e-02,1.461709e-01,3.946588e-02,7.244473e-03,6.107484e-04,2.128660e-02,1.402406e-01,5.637998e-02,4.260767e-01,4.815885e-03,5.224546e-03,1.406679e-02,4.566688e-03
7.312843e-02,2.174448e-02,4.693653e-02,1.953736e-01,1.144309e-01,7.168483e-03,1.084304e-03,2.082126e-02,1.138290e-01,4.646265e-02,3.325584e-01,3.898697e-03,4.545168e-03,1.440248e-02,3.615608e-03
9.589931e-02,3.358213e-02,4.401271e-02,2.096209e-01,1.343091e-01,6.107494e-03,1.212089e-03,2.071527e-02,1.093004e-01,3.863783e-02,2.753380e-01,4.116180e-03,4.510166e-03,1.751690e-02,5.121529e-03
1.470654e-01,3.992090e-02,4.381751e-02,1.877615e-01,1.316081e-01,6.921353e-03,1.252490e-03,2.015403e-02,8.585134e-02,3.829737e-02,2.603887e-01,5.905551e-03,5.524264e-03,1.861673e-02,6.914688e-03
1.743286e-01,5.472324e-02,3.790354e-02,1.838996e-01,1.351942e-01,1.464204e-02,1.491855e-03,3.868349e-02,6.821318e-02,2.967027e-02,2.125102e-01,1.138800e-02,9.119602e-03,1.944912e-02,8.783147e-03
2.143085e-01,5.108429e-02,8.224456e-02,1.672798e-01,1.176079e-01,1.696893e-02,1.538242e-03,3.582735e-02,5.385067e-02,3.210413e-02,1.743497e-01,1.137022e-02,9.312080e-03,1.787910e-02,1.427451e-02
2.249048e-01,5.333523e-02,1.219715e-01,1.571207e-01,9.686957e-02,2.863837e-02,1.468432e-03,2.945262e-02,5.734646e-02,2.920484e-02,1.346461e-01,1.444641e-02,9.703232e-03,1.901453e-02,2.187712e-02
2.612484e-01,5.063408e-02,1.439505e-01,1.482820e-01,7.892209e-02,3.105455e-02,1.415016e-03,2.380521e-02,5.483295e-02,2.899264e-02,1.051860e-01,1.602780e-02,8.898551e-03,1.961330e-02,2.713701e-02
2.909340e-01,4.478240e-02,1.434368e-01,1.754550e-01,6.912399e-02,3.646203e-02,1.641805e-03,2.013894e-02,4.821245e-02,2.651430e-02,7.856183e-02,1.495161e-02,8.373898e-03,1.670733e-02,2.470361e-02
3.396100e-01,3.828046e-02,1.460308e-01,1.714365e-01,5.484158e-02,3.589198e-02,1.742863e-03,1.666973e-02,4.285675e-02,3.082279e-02,5.988577e-02,1.418243e-02,7.895743e-03,1.626093e-02,2.359170e-02
3.225158e-01,4.132339e-02,1.620902e-01,1.985262e-01,5.562990e-02,2.919329e-02,2.543067e-03,2.023898e-02,3.704995e-02,2.354394e-02,4.785433e-02,1.539586e-02,8.022182e-03,1.338309e-02,2.268979e-02
4.245441e-01,3.677037e-02,1.393973e-01,1.604078e-01,5.014811e-02,2.537191e-02,2.511473e-03,1.660533e-02,3.043031e-02,1.722739e-02,3.827250e-02,1.767676e-02,9.197083e-03,1.093279e-02,2.050678e-02
4.704397e-01,3.189857e-02,1.315027e-01,1.549823e-01,4.583978e-02,2.157084e-02,3.257880e-03,1.656843e-02,2.543703e-02,1.271370e-02,3.104465e-02,1.907287e-02,9.703128e-03,8.950101e-03,1.701836e-02
1.000000e+00,0.000000e+00,0.000000e+00,0.000000e+00,0.000000e+00,0.000000e+00,0.000000e+00,0.000000e+00,0.000000e+00,0.000000e+00,0.000000e+00,0.000000e+00,0.000000e+00,0.000000e+00,0.000000e+00
1.000000e+00,0.000000e+00,0.000000e+00,0.000000e+00,0.000000e+00,0.000000e+00,0.000000e+00,0.000000e+00,0.000000e+00,0.000000e+00,0.000000e+00,0.000000e+00,0.000000e+00,0.000000e+00,0.000000e+00
4.991613e-01,2.202862e-02,6.881075e-02,2.358083e-01,4.844469e-02,1.670071e-02,2.679999e-03,1.663478e-02,2.025199e-02,5.609600e-03,2.048821e-02,1.813913e-02,7.970437e-03,6.333020e-03,1.093832e-02
1.000000e+00,0.000000e+00,0.000000e+00,0.000000e+00,0.000000e+00,0.000000e+00,0.000000e+00,0.000000e+00,0.000000e+00,0.000000e+00,0.000000e+00,0.000000e+00,0.000000e+00,0.000000e+00,0.000000e+00
4.118842e-01,2.442332e-02,3.868587e-02,2.881094e-01,3.746226e-02,1.007635e-02,1.779662e-03,2.731553e-02,2.284658e-02,4.096102e-03,9.073484e-02,1.767123e-02,8.118814e-03,8.435531e-03,8.360317e-03
2.883928e-01,1.836436e-02,2.763041e-02,2.920577e-01,2.647149e-02,7.146304e-03,1.253935e-03,1.920764e-02,1.771865e-02,3.043566e-03,2.632721e-01,1.490206e-02,6.759830e-03,7.786813e-03,5.992353e-03
2.019131e-01,1.314145e-02,1.970367e-02,2.934462e-01,1.861938e-02,5.033395e-03,8.810313e-04,1.348917e-02,1.421063e-02,3.430624e-03,3.745834e-01,1.859620e-02,6.218781e-03,1.242618e-02,4.306775e-03
1.416164e-01,9.570380e-03,1.443840e-02,2.761692e-01,1.345782e-02,3.596028e-03,6.261766e-04,9.737487e-03,1.342110e-02,4.202708e-03,4.550866e-01,2.872426e-02,4.747334e-03,2.148164e-02,3.124499e-03
9.926026e-02,6.894211e-03,1.073449e-02,2.058041e-01,1.082852e-02,3.017480e-03,4.525813e-04,6.943008e-03,1.221045e-02,4.062460e-03,5.428327e-01,5.358538e-02,4.049021e-03,3.673810e-02,2.587237e-03
6.981951e-02,6.975800e-03,8.367381e-03,1.487322e-01,3.430228e-02,2.390647e-03,3.526067e-04,5.246669e-03,9.205480e-03,4.532034e-03,5.874016e-01,6.168301e-02,3.274878e-03,5.541895e-02,2.296955e-03
4.909786e-02,5.322710e-03,6.214511e-03,1.073315e-01,3.900061e-02,2.153681e-03,2.704049e-04,3.973945e-03,7.679110e-03,4.898281e-03,6.131101e-01,5.944135e-02,2.530012e-03,9.686913e-02,2.106868e-03
3.450744e-02,3.984719e-03,4.661278e-03,7.668026e-02,3.490102e-02,1.972273e-03,2.090170e-04,3.040366e-03,6.501315e-03,5.722319e-03,6.301137e-01,6.119855e-02,1.908488e-03,1.328216e-01,1.777658e-03
2.419124e-02,2.871261e-03,3.342473e-03,5.383109e-02,2.588466e-02,1.531710e-03,1.501012e-04,2.174196e-03,5.093310e-03,5.193559e-03,6.664641e-01,5.258234e-02,1.390632e-03,1.538055e-01,1.493768e-03
1.702271e-02,2.400266e-03,2.499786e-03,3.776709e-02,1.886685e-02,1.384710e-03,1.086950e-04,1.555281e-03,5.227004e-03,5.132429e-03,6.604205e-01,5.961916e-02,1.233832e-03,1.852721e-01,1.489655e-03
1.200614e-02,3.097647e-03,2.125984e-03,2.649850e-02,1.390353e-02,1.161735e-03,8.728819e-05,1.173677e-03,7.762085e-03,5.726833e-03,5.443931e-01,6.358989e-02,1.310294e-03,3.157976e-01,1.365795e-03
8.463147e-03,2.444582e-03,1.773019e-03,1.861473e-02,9.936253e-03,9.390101e-04,6.728144e-05,8.709492e-04,9.427443e-03,5.408477e-03,4.341503e-01,4.834392e-02,1.118973e-03,4.571839e-01,1.258041e-03
6.097497e-03,2.088514e-03,1.669942e-03,1.319966e-02,7.127247e-03,1.416480e-03,5.488084e-05,8.168145e-04,1.493824e-02,5.492642e-03,4.049639e-01,3.767300e-02,1.051637e-03,5.020576e-01,1.352030e-03
4.786971e-03,1.702057e-03,1.860255e-03,9.508491e-03,5.247430e-03,2.311175e-03,5.819208e-05,8.763556e-04,2.405861e-02,6.726035e-03,4.951741e-01,3.403685e-02,1.238926e-03,4.113140e-01,1.100581e-03
3.707643e-03,1.281560e-03,1.518391e-03,6.736864e-03,3.800272e-03,2.096421e-03,4.568856e-05,6.905845e-04,1.954973e-02,7.171514e-03,6.024079e-01,2.896078e-02,1.139158e-03,3.199271e-01,9.664149e-04
4.291824e-03,1.538497e-03,1.511954e-03,4.860513e-03,3.213194e-03,2.532268e-03,4.355542e-05,6.927127e-04,2.259687e-02,8.027952e-03,6.203020e-01,2.360133e-02,1.043177e-03,3.048326e-01,9.115684e-04
3.848783e-03,1.320607e-03,1.204232e-03,3.485547e-03,2.364588e-03,2.278858e-03,3.481049e-05,5.893405e-04,4.010165e-02,6.130546e-03,6.284227e-01,2.178386e-02,8.344498e-04,2.868652e-01,7.348629e-04
3.297721e-03,1.278187e-03,1.033517e-03,2.575937e-03,1.924109e-03,2.063993e-03,3.200543e-05,5.250383e-04,7.199312e-02,5.227392e-03,6.133944e-01,2.344631e-02,7.180892e-04,2.718157e-01,6.745249e-04
2.657173e-03,2.135347e-03,1.569023e-03,1.999280e-03,1.634212e-03,1.731112e-03,2.941324e-05,3.982030e-04,1.006368e-01,5.595535e-03,5.937952e-01,2.250498e-02,5.862758e-04,2.637584e-01,9.690859e-04
2.126294e-03,1.574519e-03,1.244402e-03,1.435966e-03,1.187240e-03,1.427698e-03,2.451231e-05,3.101185e-04,8.255681e-02,4.389208e-03,5.590953e-01,1.890348e-02,5.239434e-04,3.244574e-01,7.431107e-04
1.926416e-03,1.216140e-03,1.099447e-03,1.044242e-03,8.706489e-04,1.370786e-03,2.194497e-05,2.657163e-04,7.018132e-02,3.651445e-03,5.337039e-01,1.601433e-02,5.001619e-04,3.675145e-01,6.190008e-04
1.595211e-03,8.879025e-04,8.160982e-04,7.546106e-04,6.332471e-04,1.122259e-03,1.768687e-05,1.953462e-04,5.456434e-02,3.195984e-03,5.570816e-01,1.276938e-02,4.379877e-04,3.653941e-01,5.342760e-04
1.395468e-03,6.571886e-04,6.217164e-04,5.560266e-04,4.623680e-04,9.356003e-04,1.432785e-05,1.458364e-04,4.653663e-02,2.852780e-03,5.237249e-01,1.048422e-02,3.824003e-04,4.107511e-01,4.794038e-04
1.260045e-03,5.088884e-04,5.037441e-04,4.377954e-04,3.375025e-04,8.710136e-04,1.261962e-05,1.084929e-04,5.952397e-02,2.622692e-03,4.404702e-01,8.826626e-03,3.082518e-04,4.836789e-01,5.292949e-04
1.122441e-03,3.817301e-04,4.107206e-04,3.478947e-04,2.469623e-04,8.467668e-04,1.139739e-05,7.998286e-05,7.150887e-02,3.524476e-03,4.086497e-01,6.758030e-03,2.442436e-04,5.053051e-01,5.617465e-04
9.079684e-04,3.093140e-04,3.838538e-04,2.677130e-04,1.827290e-04,7.796017e-04,9.454884e-06,5.755547e-05,8.102180e-02,4.263571e-03,3.757854e-01,5.131785e-03,1.877696e-04,5.301217e-01,5.897146e-04
7.091060e-04,2.681421e-04,4.439767e-04,2.644895e-04,1.586776e-04,7.643600e-04,9.532551e-06,4.396303e-05,1.347317e-01,7.110864e-03,3.440878e-01,3.702641e-03,1.472066e-04,5.068932e-01,6.643207e-04
6.066464e-04,6.352291e-04,6.702331e-04,3.934286e-04,1.674115e-04,7.678430e-04,9.578373e-06,3.862346e-05,2.656712e-01,7.008438e-03,2.750448e-01,2.657114e-03,1.077563e-04,4.452633e-01,9.583805e-04
6.900931e-04,6.190917e-04,8.948901e-04,5.780080e-04,3.460455e-04,1.404346e-03,1.458457e-05,8.125413e-05,3.826025e-01,8.398294e-03,2.190940e-01,1.891858e-03,1.025922e-04,3.819033e-01,1.379084e-03
6.007071e-04,5.046044e-04,6.951943e-04,4.995372e-04,3.049604e-04,1.263630e-03,1.200492e-05,6.091504e-05,3.719675e-01,1.054797e-02,2.068771e-01,1.485604e-03,1.097008e-04,4.038001e-01,1.270447e-03
6.056703e-04,4.361805e-04,6.184145e-04,4.737774e-04,2.787303e-04,1.380638e-03,9.759247e-06,5.096924e-05,3.788789e-01,8.865716e-03,1.724836e-01,1.227543e-03,9.438521e-05,4.334648e-01,1.130983e-03
6.404181e-04,3.381621e-04,4.984899e-04,3.520771e-04,2.302045e-04,1.201553e-03,7.323550e-06,3.863421e-05,3.254446e-01,6.876055e-03,1.494264e-01,1.084891e-03,8.290256e-05,5.128093e-01,9.689415e-04
7.812550e-04,2.814288e-04,7.585810e-04,3.033267e-04,2.109039e-04,1.636811e-03,7.978195e-06,4.622859e-05,3.774068e-01,6.745725e-03,1.228934e-01,8.157478e-04,7.839102e-05,4.871442e-01,8.892118e-04
9.541669e-04,2.377888e-04,7.620484e-04,2.809704e-04,2.803487e-04,1.910722e-03,1.645078e-05,4.776624e-05,3.383733e-01,8.339859e-03,1.527911e-01,8.691918e-04,2.786623e-04,4.938782e-01,9.794603e-04
1.393091e-03,2.116254e-04,6.232277e-03,2.092670e-03,2.968712e-04,1.491587e-02,1.528604e-04,1.998175e-03,3.428168e-01,8.912747e-03,1.309813e-01,6.411984e-04,2.320327e-04,4.882869e-01,8.356995e-04
1.901826e-03,2.173680e-04,1.016890e-02,4.654633e-03,2.788004e-04,1.318703e-02,1.698395e-04,3.413223e-03,4.207859e-01,1.189353e-02,1.032568e-01,4.863840e-04,1.844597e-04,4.286481e-01,7.532263e-04
3.544771e-03,2.900007e-04,8.336969e-03,4.059621e-03,3.084014e-04,1.087336e-02,1.318647e-04,2.537734e-03,5.449413e-01,1.107163e-02,7.715981e-02,3.796088e-04,1.488971e-04,3.350682e-01,1.147910e-03
5.769412e-03,2.671014e-04,6.794806e-03,2.960184e-03,2.742658e-04,1.093983e-02,1.008898e-04,1.849928e-03,6.387815e-01,9.723889e-03,6.081545e-02,3.235308e-04,1.281708e-04,2.585601e-01,2.710917e-03
5.744401e-03,2.223703e-04,5.165817e-03,2.354534e-03,2.649792e-04,1.766391e-02,8.970116e-05,1.390902e-03,7.123603e-01,7.204541e-03,4.472786e-02,2.852805e-04,1.582109e-04,1.964030e-01,5.964256e-03
8.065624e-03,2.239670e-04,5.030812e-03,1.945075e-03,2.959202e-04,1.735464e-02,1.147534e-04,1.374656e-03,7.223107e-01,6.537219e-03,3.539399e-02,3.057736e-04,2.353777e-04,1.943991e-01,6.412407e-03
1.066001e-02,3.148258e-04,5.673248e-03,1.525592e-03,3.077193e-04,2.683352e-02,1.812663e-04,1.454354e-03,7.500129e-01,5.337280e-03,2.823735e-02,2.729465e-04,2.588010e-04,1.629672e-01,5.963048e-03
1.073674e-02,7.090079e-04,6.188213e-03,1.800907e-03,7.159502e-04,2.649618e-02,1.627465e-04,1.502147e-03,7.238554e-01,5.966677e-03,2.926918e-02,2.573267e-04,3.669101e-04,1.820816e-01,9.891045e-03
1.038199e-02,1.564109e-03,9.095119e-03,2.916999e-03,1.788060e-03,2.511940e-02,2.337329e-04,3.343960e-03,7.144509e-01,6.548913e-03,2.947696e-02,2.860471e-04,7.544523e-04,1.816004e-01,1.243894e-02
8.207737e-03,1.598500e-03,9.318816e-03,1.497321e-02,9.377366e-03,1.875806e-02,3.236636e-04,1.744087e-02,7.339706e-01,6.732072e-03,2.432046e-02,5.798015e-04,1.558010e-03,1.414791e-01,1.136163e-02
1.892035e-02,3.982143e-03,1.010194e-02,1.890897e-02,1.908751e-02,1.994882e-02,6.962778e-04,1.438183e-02,7.197747e-01,9.483933e-03,1.960031e-02,4.921753e-04,1.399749e-03,1.329510e-01,1.027032e-02
2.226468e-02,4.331932e-03,1.536139e-02,5.803565e-02,2.768353e-02,1.563437e-02,7.325379e-04,2.386375e-02,6.911139e-01,1.074396e-02,1.493949e-02,5.834857e-04,1.258271e-03,1.031545e-01,1.029844e-02
5.463296e-02,3.933924e-03,1.676034e-02,5.761065e-02,2.447626e-02,1.310062e-02,6.484484e-04,3.259619e-02,6.689262e-01,1.098122e-02,1.472627e-02,1.048617e-03,1.789274e-03,8.788881e-02,1.088013e-02
6.736193e-02,5.097249e-03,1.530813e-02,5.050486e-02,3.264762e-02,1.134571e-02,7.474148e-04,3.094018e-02,6.640391e-01,9.525826e-03,1.730167e-02,1.004365e-03,2.509687e-03,7.532001e-02,1.634617e-02
6.721065e-02,4.817727e-03,1.753573e-02,5.421016e-02,3.682550e-02,8.728905e-03,5.875070e-04,3.280356e-02,6.610963e-01,7.140651e-03,1.909306e-02,1.001423e-03,3.261297e-03,6.886466e-02,1.682282e-02
6.004605e-02,4.035982e-03,3.352823e-02,5.461596e-02,3.295396e-02,7.568341e-03,4.624367e-04,5.368917e-02,6.515172e-01,5.829019e-03,1.907340e-02,1.104599e-03,3.299504e-03,5.756292e-02,1.471321e-02
4.784947e-02,3.275377e-03,3.584795e-02,4.374029e-02,3.229323e-02,7.252661e-03,3.889991e-04,2.146407e-01,5.364668e-01,4.326058e-03,1.493038e-02,1.215166e-03,3.248597e-03,4.373423e-02,1.079004e-02
4.450396e-02,3.608153e-03,3.371520e-02,3.932059e-02,3.857024e-02,1.278898e-02,5.298820e-04,2.722732e-01,4.787267e-01,4.321205e-03,1.375373e-02,1.071266e-03,2.645314e-03,3.770602e-02,1.646571e-02
4.105630e-02,3.875676e-03,3.505474e-02,3.564246e-02,4.078316e-02,1.777213e-02,6.983237e-04,3.032279e-01,4.535433e-01,3.743372e-03,1.204537e-02,8.952354e-04,2.213266e-03,3.102946e-02,1.841941e-02
