1.000000e+00,0.000000e+00,0.000000e+00,0.000000e+00,0.000000e+00,0.000000e+00,0.000000e+00,0.000000e+00,0.000000e+00,0.000000e+00,0.000000e+00,0.000000e+00,0.000000e+00,0.000000e+00,0.000000e+00
1.000000e+00,0.000000e+00,0.000000e+00,0.000000e+00,0.000000e+00,0.000000e+00,0.000000e+00,0.000000e+00,0.000000e+00,0.000000e+00,0.000000e+00,0.000000e+00,0.000000e+00,0.000000e+00,0.000000e+00
1.000000e+00,0.000000e+00,0.000000e+00,0.000000e+00,0.000000e+00,0.000000e+00,0.000000e+00,0.000000e+00,0.000000e+00,0.000000e+00,0.000000e+00,0.000000e+00,0.000000e+00,0.000000e+00,0.000000e+00
1.000000e+00,0.000000e+00,0.000000e+00,0.000000e+00,0.000000e+00,0.000000e+00,0.000000e+00,0.000000e+00,0.000000e+00,0.000000e+00,0.000000e+00,0.000000e+00,0.000000e+00,0.000000e+00,0.000000e+00
1.000000e+00,0.000000e+00,0.000000e+00,0.000000e+00,0.000000e+00,0.000000e+00,0.000000e+00,0.000000e+00,0.000000e+00,0.000000e+00,0.000000e+00,0.000000e+00,0.000000e+00,0.000000e+00,0.000000e+00
1.000000e+00,0.000000e+00,0.000000e+00,0.000000e+00,0.000000e+00,0.000000e+00,0.000000e+00,0.000000e+00,0.000000e+00,0.000000e+00,0.000000e+00,0.000000e+00,0.000000e+00,0.000000e+00,0.000000e+00
1.000000e+00,0.000000e+00,0.000000e+00,0.000000e+00,0.000000e+00,0.000000e+00,0.000000e+00,0.000000e+00,0.000000e+00,0.000000e+00,0.000000e+00,0.000000e+00,0.000000e+00,0.000000e+00,0.000000e+00
1.000000e+00,0.000000e+00,0.000000e+00,0.000000e+00,0.000000e+00,0.000000e+00,0.000000e+00,0.000000e+00,0.000000e+00,0.000000e+00,0.000000e+00,0.000000e+00,0.000000e+00,0.000000e+00,0.000000e+00
1.000000e+00,0.000000e+00,0.000000e+00,0.000000e+00,0.000000e+00,0.000000e+00,0.000000e+00,0.000000e+00,0.000000e+00,0.000000e+00,0.000000e+00,0.000000e+00,0.000000e+00,0.000000e+00,0.000000e+00
1.000000e+00,0.000000e+00,0.000000e+00,0.000000e+00,0.000000e+00,0.000000e+00,0.000000e+00,0.000000e+00,0.000000e+00,0.000000e+00,0.000000e+00,0.000000e+00,0.000000e+00,0.000000e+00,0.000000e+00
1.000000e+00,0.000000e+00,0.000000e+00,0.000000e+00,0.000000e+00,0.000000e+00,0.000000e+00,0.000000e+00,0.000000e+00,0.000000e+00,0.000000e+00,0.000000e+00,0.000000e+00,0.000000e+00,0.000000e+00
1.000000e+00,0.000000e+00,0.000000e+00,0.000000e+00,0.000000e+00,0.000000e+00,0.000000e+00,0.000000e+00,0.000000e+00,0.000000e+00,0.000000e+00,0.000000e+00,0.000000e+00,0.000000e+00,0.000000e+00
1.000000e+00,0.000000e+00,0.000000e+00,0.000000e+00,0.000000e+00,0.000000e+00,0.000000e+00,0.000000e+00,0.000000e+00,0.000000e+00,0.000000e+00,0.000000e+00,0.000000e+00,0.000000e+00,0.000000e+00
1.000000e+00,0.000000e+00,0.000000e+00,0.000000e+00,0.000000e+00,0.000000e+00,0.000000e+00,0.000000e+00,0.000000e+00,0.000000e+00,0.000000e+00,0.000000e+00,0.000000e+00,0.000000e+00,0.000000e+00
1.000000e+00,0.000000e+00,0.000000e+00,0.000000e+00,0.000000e+00,0.000000e+00,0.000000e+00,0.000000e+00,0.000000e+00,0.000000e+00,0.000000e+00,0.000000e+00,0.000000e+00,0.000000e+00,0.000000e+00
1.000000e+00,0.000000e+00,0.000000e+00,0.000000e+00,0.000000e+00,0.000000e+00,0.000000e+00,0.000000e+00,0.000000e+00,0.000000e+00,0.000000e+00,0.000000e+00,0.000000e+00,0.000000e+00,0.000000e+00
1.000000e+00,0.000000e+00,0.000000e+00,0.000000e+00,0.000000e+00,0.000000e+00,0.000000e+00,0.000000e+00,0.000000e+00,0.000000e+00,0.000000e+00,0.000000e+00,0.000000e+00,0.000000e+00,0.000000e+00
1.000000e+00,0.000000e+00,0.000000e+00,0.000000e+00,0.000000e+00,0.000000e+00,0.000000e+00,0.000000e+00,0.000000e+00,0.000000e+00,0.000000e+00,0.000000e+00,0.000000e+00,0.000000e+00,0.000000e+00
1.000000e+00,0.000000e+00,0.000000e+00,0.000000e+00,0.000000e+00,0.000000e+00,0.000000e+00,0.000000e+00,0.000000e+00,0.000000e+00,0.000000e+00,0.000000e+00,0.000000e+00,0.000000e+00,0.000000e+00
1.000000e+00,0.000000e+00,0.000000e+00,0.000000e+00,0.000000e+00,0.000000e+00,0.000000e+00,0.000000e+00,0.000000e+00,0.000000e+00,0.000000e+00,0.000000e+00,0.000000e+00,0.000000e+00,0.000000e+00
1.000000e+00,0.000000e+00,0.000000e+00,0.000000e+00,0.000000e+00,0.000000e+00,0.000000e+00,0.000000e+00,0.000000e+00,0.000000e+00,0.000000e+00,0.000000e+00,0.000000e+00,0.000000e+00,0.000000e+00
1.000000e+00,0.000000e+00,0.000000e+00,0.000000e+00,0.000000e+00,0.000000e+00,0.000000e+00,0.000000e+00,0.000000e+00,0.000000e+00,0.000000e+00,0.000000e+00,0.000000e+00,0.000000e+00,0.000000e+00
1.000000e+00,0.000000e+00,0.000000e+00,0.000000e+00,0.000000e+00,0.000000e+00,0.000000e+00,0.000000e+00,0.000000e+00,0.000000e+00,0.000000e+00,0.000000e+00,0.000000e+00,0.000000e+00,0.000000e+00
1.000000e+00,0.000000e+00,0.000000e+00,0.000000e+00,0.000000e+00,0.000000e+00,0.000000e+00,0.000000e+00,0.000000e+00,0.000000e+00,0.000000e+00,0.000000e+00,0.000000e+00,0.000000e+00,0.000000e+00
1.000000e+00,0.000000e+00,0.000000e+00,0.000000e+00,0.000000e+00,0.000000e+00,0.000000e+00,0.000000e+00,0.000000e+00,0.000000e+00,0.000000e+00,0.000000e+00,0.000000e+00,0.000000e+00,0.000000e+00
1.000000e+00,0.000000e+00,0.000000e+00,0.000000e+00,0.000000e+00,0.000000e+00,0.000000e+00,0.000000e+00,0.000000e+00,0.000000e+00,0.000000e+00,0.000000e+00,0.000000e+00,0.000000e+00,0.000000e+00
1.000000e+00,0.000000e+00,0.000000e+00,0.000000e+00,0.000000e+00,0.000000e+00,0.000000e+00,0.000000e+00,0.000000e+00,0.000000e+00,0.000000e+00,0.000000e+00,0.000000e+00,0.000000e+00,0.000000e+00
1.000000e+00,0.000000e+00,0.000000e+00,0.000000e+00,0.000000e+00,0.000000e+00,0.000000e+00,0.000000e+00,0.000000e+00,0.000000e+00,0.000000e+00,0.000000e+00,0.000000e+00,0.000000e+00,0.000000e+00
1.000000e+00,0.000000e+00,0.000000e+00,0.000000e+00,0.000000e+00,0.000000e+00,0.000000e+00,0.000000e+00,0.000000e+00,0.000000e+00,0.000000e+00,0.000000e+00,0.000000e+00,0.000000e+00,0.000000e+00
1.000000e+00,0.000000e+00,0.000000e+00,0.000000e+00,0.000000e+00,0.000000e+00,0.000000e+00,0.000000e+00,0.000000e+00,0.000000e+00,0.000000e+00,0.000000e+00,0.000000e+00,0.000000e+00,0.000000e+00
1.000000e+00,0.000000e+00,0.000000e+00,0.000000e+00,0.000000e+00,0.000000e+00,0.000000e+00,0.000000e+00,0.000000e+00,0.000000e+00,0.000000e+00,0.000000e+00,0.000000e+00,0.000000e+00,0.000000e+00
1.000000e+00,0.000000e+00,0.000000e+00,0.000000e+00,0.000000e+00,0.000000e+00,0.000000e+00,0.000000e+00,0.000000e+00,0.000000e+00,0.000000e+00,0.000000e+00,0.000000e+00,0.000000e+00,0.000000e+00
1.000000e+00,0.000000e+00,0.000000e+00,0.000000e+00,0.000000e+00,0.000000e+00,0.000000e+00,0.000000e+00,0.000000e+00,0.000000e+00,0.000000e+00,0.000000e+00,0.000000e+00,0.000000e+00,0.000000e+00
1.000000e+00,0.000000e+00,0.000000e+00,0.000000e+00,0.000000e+00,0.000000e+00,0.000000e+00,0.000000e+00,0.000000e+00,0.000000e+00,0.000000e+00,0.000000e+00,0.000000e+00,0.000000e+00,0.000000e+00
1.000000e+00,0.000000e+00,0.000000e+00,0.000000e+00,0.000000e+00,0.000000e+00,0.000000e+00,0.000000e+00,0.000000e+00,0.000000e+00,0.000000e+00,0.000000e+00,0.000000e+00,0.000000e+00,0.000000e+00
1.000000e+00,0.000000e+00,0.000000e+00,0.000000e+00,0.000000e+00,0.000000e+00,0.000000e+00,0.000000e+00,0.000000e+00,0.000000e+00,0.000000e+00,0.000000e+00,0.000000e+00,0.000000e+00,0.000000e+00
1.000000e+00,0.000000e+00,0.000000e+00,0.000000e+00,0.000000e+00,0.000000e+00,0.000000e+00,0.000000e+00,0.000000e+00,0.000000e+00,0.000000e+00,0.000000e+00,0.000000e+00,0.000000e+00,0.000000e+00
1.000000e+00,0.000000e+00,0.000000e+00,0.000000e+00,0.000000e+00,0.000000e+00,0.000000e+00,0.000000e+00,0.000000e+00,0.000000e+00,0.000000e+00,0.000000e+00,0.000000e+00,0.000000e+00,0.000000e+00
1.000000e+00,0.000000e+00,0.000000e+00,0.000000e+00,0.000000e+00,0.000000e+00,0.000000e+00,0.000000e+00,0.000000e+00,0.000000e+00,0.000000e+00,0.000000e+00,0.000000e+00,0.000000e+00,0.000000e+00
1.000000e+00,0.000000e+00,0.000000e+00,0.000000e+00,0.000000e+00,0.000000e+00,0.000000e+00,0.000000e+00,0.000000e+00,0.000000e+00,0.000000e+00,0.000000e+00,0.000000e+00,0.000000e+00,0.000000e+00
1.000000e+00,0.000000e+00,0.000000e+00,0.000000e+00,0.000000e+00,0.000000e+00,0.000000e+00,0.000000e+00,0.000000e+00,0.000000e+00,0.000000e+00,0.000000e+00,0.000000e+00,0.000000e+00,0.000000e+00
1.000000e+00,0.000000e+00,0.000000e+00,0.000000e+00,0.000000e+00,0.000000e+00,0.000000e+00,0.000000e+00,0.000000e+00,0.000000e+00,0.000000e+00,0.000000e+00,0.000000e+00,0.000000e+00,0.000000e+00
1.000000e+00,0.000000e+00,0.000000e+00,0.000000e+00,0.000000e+00,0.000000e+00,0.000000e+00,0.000000e+00,0.000000e+00,0.000000e+00,0.000000e+00,0.000000e+00,0.000000e+00,0.000000e+00,0.000000e+00
1.000000e+00,0.000000e+00,0.000000e+00,0.000000e+00,0.000000e+00,0.000000e+00,0.000000e+00,0.000000e+00,0.000000e+00,0.000000e+00,0.000000e+00,0.000000e+00,0.000000e+00,0.000000e+00,0.000000e+00
1.000000e+00,0.000000e+00,0.000000e+00,0.000000e+00,0.000000e+00,0.000000e+00,0.000000e+00,0.000000e+00,0.000000e+00,0.000000e+00,0.000000e+00,0.000000e+00,0.000000e+00,0.000000e+00,0.000000e+00
1.000000e+00,0.000000e+00,0.000000e+00,0.000000e+00,0.000000e+00,0.000000e+00,0.000000e+00,0.000000e+00,0.000000e+00,0.000000e+00,0.000000e+00,0.000000e+00,0.000000e+00,0.000000e+00,0.000000e+00
1.000000e+00,0.000000e+00,0.000000e+00,0.000000e+00,0.000000e+00,0.000000e+00,0.000000e+00,0.000000e+00,0.000000e+00,0.000000e+00,0.000000e+00,0.000000e+00,0.000000e+00,0.000000e+00,0.000000e+00
1.000000e+00,0.000000e+00,0.000000e+00,0.000000e+00,0.000000e+00,0.000000e+00,0.000000e+00,0.000000e+00,0.000000e+00,0.000000e+00,0.000000e+00,0.000000e+00,0.000000e+00,0.000000e+00,0.000000e+00
1.000000e+00,0.000000e+00,0.000000e+00,0.000000e+00,0.000000e+00,0.000000e+00,0.000000e+00,0.000000e+00,0.000000e+00,0.000000e+00,0.000000e+00,0.000000e+00,0.000000e+00,0.000000e+00,0.000000e+00
1.000000e+00,0.000000e+00,0.000000e+00,0.000000e+00,0.000000e+00,0.000000e+00,0.000000e+00,0.000000e+00,0.000000e+00,0.000000e+00,0.000000e+00,0.000000e+00,0.000000e+00,0.000000e+00,0.000000e+00
4.933985e-01,2.318780e-02,7.066736e-03,1.098062e-01,2.236192e-02,7.052886e-02,2.569606e-02,3.269442e-02,1.922814e-02,1.433454e-03,7.175477e-03,1.150006e-01,5.765627e-02,9.359341e-04,1.382962e-02
4.063892e-01,2.831981e-02,7.270802e-03,1.345693e-01,2.812880e-02,7.717449e-02,3.131400e-02,3.673983e-02,2.541442e-02,1.395900e-03,8.048685e-03,1.318825e-01,6.808714e-02,9.993779e-04,1.426577e-02
3.104703e-01,3.392752e-02,7.727333e-03,1.544018e-01,3.279798e-02,1.009382e-01,3.544478e-02,3.452602e-02,2.999831e-02,1.488580e-03,8.208670e-03,1.429206e-01,9.002443e-02,1.063721e-03,1.606186e-02
2.381894e-01,3.581199e-02,1.007218e-02,1.893418e-01,3.572200e-02,1.061689e-01,3.495664e-02,4.136720e-02,3.063115e-02,1.568113e-03,8.814033e-03,1.505423e-01,9.808223e-02,1.226044e-03,1.750587e-02
1.738668e-01,3.100557e-02,2.122649e-02,2.709627e-01,3.217953e-02,8.939871e-02,2.762588e-02,4.590638e-02,2.705433e-02,1.506366e-03,9.359931e-03,1.619139e-01,9.123734e-02,1.088497e-03,1.566759e-02
1.650813e-01,3.990283e-02,1.908511e-02,2.637497e-01,3.830067e-02,7.989401e-02,2.484196e-02,3.790582e-02,3.057420e-02,2.029759e-03,1.091308e-02,1.620310e-01,1.021949e-01,1.732829e-03,2.176286e-02
1.312599e-01,4.291658e-02,2.970312e-02,3.336255e-01,3.829789e-02,6.615680e-02,2.104561e-02,4.113854e-02,2.980689e-02,1.862452e-03,1.091468e-02,1.458201e-01,8.381292e-02,1.777231e-03,2.186172e-02
2.006989e-01,4.690410e-02,2.443077e-02,2.846265e-01,4.003818e-02,5.839015e-02,1.826791e-02,3.262761e-02,3.063994e-02,1.973148e-03,1.201708e-02,1.372225e-01,8.519858e-02,2.501483e-03,2.446321e-02
2.475211e-01,4.916516e-02,1.943404e-02,2.472262e-01,4.016862e-02,5.794545e-02,1.726510e-02,2.678388e-02,3.252500e-02,2.038457e-03,1.254111e-02,1.289842e-01,9.039075e-02,2.671283e-03,2.533959e-02
3.266652e-01,5.142055e-02,1.632931e-02,2.104056e-01,3.810829e-02,5.360283e-02,1.565642e-02,2.236541e-02,2.959399e-02,2.421650e-03,1.225192e-02,1.096078e-01,8.011132e-02,2.895142e-03,2.856451e-02
3.889172e-01,5.273662e-02,1.537357e-02,1.780853e-01,3.376331e-02,5.071184e-02,1.433887e-02,1.965724e-02,2.758313e-02,3.180195e-03,1.283167e-02,9.384236e-02,7.111112e-02,3.783545e-03,3.408400e-02
3.510450e-01,6.036271e-02,2.823056e-02,1.899612e-01,3.179259e-02,5.021659e-02,1.349488e-02,2.501049e-02,2.733693e-02,4.345199e-03,1.471149e-02,8.335047e-02,6.526811e-02,5.155487e-03,4.971842e-02
4.465667e-01,5.241092e-02,2.324285e-02,1.524434e-01,2.558091e-02,4.337822e-02,1.200682e-02,2.180498e-02,2.350457e-02,4.195230e-03,1.377153e-02,7.147422e-02,5.789621e-02,5.564605e-03,4.615885e-02
4.480991e-01,4.824821e-02,2.257181e-02,1.487302e-01,2.116019e-02,4.233667e-02,1.031670e-02,2.199652e-02,2.311924e-02,4.851072e-03,1.619927e-02,6.828172e-02,6.435557e-02,6.254830e-03,5.347890e-02
3.804106e-01,4.709487e-02,5.996045e-02,1.811484e-01,1.776404e-02,3.967373e-02,8.522678e-03,3.460742e-02,2.121611e-02,4.577374e-03,2.076038e-02,6.610665e-02,5.680268e-02,5.507543e-03,5.584712e-02
2.853941e-01,5.329316e-02,5.597607e-02,3.156615e-01,1.410007e-02,2.946063e-02,6.976165e-03,2.688918e-02,2.652757e-02,5.693771e-03,1.653577e-02,5.018743e-02,4.343751e-02,4.246796e-03,6.562034e-02
2.005931e-01,5.159001e-02,4.818098e-02,4.748831e-01,1.006203e-02,2.080687e-02,4.970601e-03,1.891476e-02,2.136186e-02,6.343376e-03,1.190873e-02,3.529529e-02,3.069728e-02,3.007337e-03,6.138464e-02
1.427646e-01,8.836702e-02,3.579624e-02,3.808974e-01,7.235274e-03,1.590765e-02,3.768971e-03,1.338511e-02,6.463864e-02,5.389163e-03,9.562483e-03,2.591028e-02,1.424561e-01,2.190270e-03,6.173083e-02
1.721217e-01,7.757492e-02,3.085302e-02,3.188553e-01,8.365427e-03,1.510369e-02,4.074208e-03,1.208214e-02,8.789735e-02,4.932978e-03,2.117665e-02,2.266492e-02,1.645015e-01,3.421221e-03,5.637491e-02
1.283904e-01,5.776261e-02,2.200955e-02,2.448063e-01,6.336602e-03,2.075810e-02,3.937659e-03,8.660304e-03,6.630928e-02,3.727095e-03,1.527951e-02,1.634347e-02,3.607763e-01,2.430852e-03,4.247193e-02
9.174114e-02,4.064910e-02,1.545662e-02,1.722460e-01,4.640001e-03,1.700025e-02,2.852663e-03,6.144702e-03,4.736459e-02,2.641610e-03,1.087034e-02,1.248375e-02,5.393089e-01,1.715180e-03,3.488517e-02
6.789931e-02,3.206237e-02,1.125341e-02,1.291130e-01,3.446179e-03,1.436718e-02,2.142277e-03,4.564857e-03,4.916967e-02,2.230410e-03,7.856734e-03,1.061523e-02,6.349790e-01,1.313176e-03,2.898718e-02
4.899912e-02,2.350070e-02,8.025251e-03,9.447839e-02,2.474110e-03,3.492174e-02,1.645353e-03,3.381393e-03,4.711840e-02,1.598180e-03,6.768160e-03,1.574117e-02,6.864225e-01,9.550530e-04,2.397055e-02
3.546353e-02,1.924822e-02,5.913583e-03,6.794807e-02,1.766981e-03,3.623214e-02,1.175407e-03,2.421482e-03,3.919454e-02,1.246971e-03,5.342125e-03,1.771069e-02,7.419184e-01,7.687978e-04,2.364903e-02
2.559202e-02,1.613287e-02,4.421850e-03,5.489358e-02,1.315749e-03,4.703765e-02,9.301296e-04,1.799846e-03,3.791182e-02,1.024672e-03,4.607408e-03,1.643690e-02,7.645932e-01,5.597428e-04,2.274253e-02
1.815028e-02,1.138127e-02,3.127251e-03,3.891660e-02,1.038915e-03,3.738697e-02,7.048818e-04,1.266780e-03,2.934310e-02,7.727636e-04,3.568154e-03,1.379479e-02,8.126122e-01,4.490690e-04,2.748701e-02
1.277380e-02,8.012012e-03,2.196966e-03,2.737129e-02,7.744182e-04,2.726692e-02,5.231697e-04,8.875934e-04,2.172066e-02,7.671792e-04,3.485201e-03,1.419700e-02,8.466998e-01,3.891150e-04,3.293485e-02
9.025821e-03,5.663544e-03,1.575409e-03,1.932046e-02,7.154496e-04,2.594166e-02,4.175357e-04,6.217107e-04,1.539724e-02,2.883614e-03,4.412145e-03,2.198355e-02,8.135275e-01,3.746802e-04,7.813961e-02
6.449420e-03,4.075881e-03,1.127077e-03,1.365783e-02,6.234778e-04,2.832203e-02,4.948568e-04,4.368643e-04,1.105207e-02,1.062523e-02,8.630350e-03,8.987613e-02,7.626616e-01,6.064887e-04,6.136068e-02
4.549829e-03,2.908866e-03,7.986028e-04,9.595280e-03,6.069495e-04,2.058006e-02,8.979389e-04,3.103307e-04,8.353472e-03,1.199323e-02,3.756467e-02,1.541860e-01,6.945539e-01,1.906554e-03,5.119425e-02
3.213952e-03,2.058210e-03,5.964985e-04,6.746759e-03,5.154072e-04,1.526480e-02,8.900089e-04,2.271414e-04,6.120701e-03,3.470001e-02,4.407555e-02,3.535582e-01,4.923679e-01,2.437657e-03,3.722712e-02
2.260618e-03,1.466449e-03,4.814663e-04,4.736252e-03,5.584784e-04,1.088926e-02,6.694226e-04,1.689628e-04,4.431320e-03,6.114930e-02,4.007925e-02,4.960877e-01,3.471180e-01,3.301512e-03,2.660189e-02
1.638556e-03,1.214601e-03,3.267320e-03,3.374189e-03,2.531282e-03,7.929427e-03,6.278911e-04,3.030454e-04,6.048785e-03,1.799958e-01,4.069098e-02,4.784093e-01,2.459874e-01,7.594607e-03,2.038674e-02
1.183489e-03,1.220135e-03,4.859384e-03,2.427011e-03,2.631914e-03,6.074009e-03,5.056419e-04,3.332526e-04,6.489621e-03,2.684785e-01,4.398465e-02,4.621575e-01,1.745546e-01,9.075375e-03,1.602498e-02
8.925184e-04,8.831208e-04,3.510890e-03,1.816689e-03,1.923693e-03,8.159619e-03,4.017979e-04,2.817851e-04,4.704771e-03,3.282327e-01,8.886333e-02,4.160128e-01,1.246000e-01,8.147868e-03,1.156831e-02
1.198235e-03,7.607176e-04,2.585862e-03,1.331343e-03,1.571488e-03,6.729244e-03,3.284245e-04,2.636737e-04,5.058375e-03,3.749640e-01,1.397166e-01,3.511206e-01,8.850958e-02,1.562917e-02,1.023270e-02
1.435068e-03,6.906765e-04,1.950535e-03,9.682408e-04,1.407575e-03,5.298446e-03,2.807013e-04,2.445763e-04,5.921855e-03,3.820771e-01,2.182848e-01,2.829965e-01,6.303959e-02,2.479462e-02,1.060971e-02
1.536973e-03,6.836553e-04,1.568961e-03,7.279063e-04,1.593986e-03,4.582170e-03,2.442411e-04,2.336437e-04,6.768184e-03,3.826675e-01,2.933367e-01,2.176618e-01,4.515698e-02,3.400389e-02,9.233303e-03
1.348975e-03,6.631772e-04,1.212831e-03,5.297469e-04,1.796178e-03,3.928424e-03,1.935128e-04,1.801352e-04,5.838971e-03,3.801344e-01,3.514573e-01,1.810290e-01,3.299795e-02,3.131156e-02,7.377843e-03
1.584164e-03,8.830198e-04,1.123374e-03,4.525123e-04,1.643454e-03,3.643047e-03,2.380733e-04,3.945782e-04,7.378983e-03,4.962580e-01,2.839935e-01,1.448819e-01,2.405236e-02,2.727570e-02,6.197215e-03
1.219736e-03,7.494557e-04,8.850812e-04,3.572215e-04,2.115153e-03,2.836730e-03,2.086087e-04,3.094986e-04,6.070875e-03,6.016293e-01,2.332547e-01,1.066760e-01,1.703964e-02,2.122951e-02,5.418615e-03
8.989136e-04,6.104847e-04,6.743030e-04,2.615286e-04,2.352637e-03,2.285864e-03,1.565454e-04,2.248108e-04,4.577910e-03,6.784763e-01,1.987661e-01,7.732654e-02,1.209841e-02,1.618757e-02,5.102009e-03
6.599404e-04,6.093523e-04,5.791947e-04,1.871219e-04,1.833505e-03,1.801101e-03,1.116852e-04,1.597405e-04,3.444157e-03,7.611771e-01,1.492677e-01,5.494164e-02,8.757613e-03,1.249031e-02,3.979767e-03
4.777201e-04,5.588452e-04,4.565537e-04,1.405427e-04,1.480867e-03,1.606908e-03,7.995832e-05,1.140582e-04,2.740325e-03,8.234712e-01,1.107697e-01,3.932901e-02,6.409895e-03,9.100354e-03,3.264067e-03
3.611289e-04,4.302295e-04,3.755741e-04,1.338236e-04,1.138671e-03,1.421783e-03,5.835550e-05,8.094395e-05,2.814620e-03,8.691170e-01,8.057304e-02,2.837145e-02,5.575049e-03,7.011781e-03,2.536570e-03
2.945939e-04,1.109398e-03,7.088575e-04,1.064609e-04,9.017825e-04,1.096032e-03,4.395103e-05,5.772621e-05,3.046586e-03,8.983840e-01,6.013621e-02,2.064785e-02,4.780114e-03,6.664943e-03,2.021500e-03
2.654209e-04,8.571430e-04,7.801096e-04,1.159876e-04,1.905831e-03,1.263404e-03,9.970566e-05,8.129550e-05,4.996264e-03,9.191073e-01,4.345780e-02,1.589940e-02,4.180191e-03,5.511161e-03,1.478995e-03
1.175201e-03,1.101400e-03,1.091261e-03,3.439109e-04,5.619655e-03,2.312923e-03,1.587881e-04,2.547711e-04,1.035658e-02,9.191730e-01,3.219986e-02,1.258667e-02,6.077296e-03,6.325116e-03,1.223567e-03
1.725592e-03,9.049425e-04,9.824423e-04,3.868347e-04,6.524483e-03,1.855035e-03,1.713094e-04,3.724135e-04,1.305350e-02,9.275233e-01,2.311524e-02,1.022994e-02,6.704390e-03,5.443265e-03,1.007361e-03
2.608077e-03,1.296085e-03,1.381667e-03,6.620251e-04,1.492615e-02,2.341660e-03,4.846633e-04,1.583082e-03,5.222052e-02,8.630581e-01,2.020664e-02,1.674793e-02,1.432764e-02,7.184012e-03,9.717471e-04
2.433605e-03,1.882390e-03,2.054214e-03,9.294224e-04,1.522600e-02,4.192381e-03,7.894185e-04,8.866915e-03,8.003769e-02,8.256943e-01,1.613203e-02,1.800923e-02,1.664911e-02,6.230020e-03,8.732465e-04
2.446640e-03,2.567898e-03,2.211136e-03,1.660414e-03,1.835571e-02,4.505514e-03,1.118346e-03,3.509931e-02,2.455590e-01,6.384620e-01,1.244704e-02,1.599754e-02,1.441873e-02,4.468686e-03,6.819933e-04
2.708375e-03,1.910489e-03,2.161160e-03,1.983014e-03,1.424346e-02,3.428161e-03,6.093117e-03,2.913486e-01,1.749711e-01,4.619025e-01,1.003802e-02,1.186258e-02,1.343689e-02,3.381787e-03,5.306498e-04
2.872026e-03,1.389834e-03,2.504986e-03,2.471267e-03,1.205622e-02,2.864592e-03,5.796534e-03,4.866391e-01,1.240228e-01,3.312089e-01,7.228526e-03,8.433180e-03,9.712774e-03,2.405029e-03,3.940763e-04
2.255559e-03,1.004674e-03,2.292160e-03,2.131875e-03,9.819314e-03,2.673348e-03,8.312758e-03,6.306126e-01,8.710597e-02,2.336634e-01,5.127074e-03,5.940371e-03,7.066257e-03,1.703489e-03,2.912008e-04
2.310317e-03,7.570544e-04,2.711256e-03,2.685711e-03,1.418221e-02,1.001373e-02,1.406521e-02,7.086931e-01,6.121693e-02,1.674778e-01,3.815564e-03,4.216078e-03,6.028099e-03,1.384148e-03,4.428007e-04
3.204165e-03,5.610473e-04,3.368731e-03,3.285882e-03,1.437810e-02,1.493048e-02,1.379828e-02,7.717539e-01,4.300566e-02,1.183590e-01,2.977820e-03,3.055871e-03,5.489824e-03,1.190646e-03,6.405986e-04
5.154137e-03,4.924656e-04,4.560198e-03,4.573870e-03,1.718302e-02,1.285153e-02,2.758661e-02,8.009046e-01,3.038150e-02,8.402533e-02,3.706173e-03,2.282037e-03,4.663750e-03,9.271632e-04,7.076082e-04
7.497607e-03,5.684072e-04,5.582931e-03,4.227261e-03,1.741407e-02,1.142453e-02,3.242350e-02,8.247327e-01,2.181137e-02,6.146722e-02,4.932463e-03,1.777101e-03,4.374274e-03,7.417324e-04,1.024849e-03
1.625268e-02,9.770876e-04,5.648114e-03,3.560884e-03,2.814562e-02,9.742078e-03,4.944320e-02,8.132393e-01,1.642158e-02,4.368187e-02,5.002569e-03,1.426297e-03,4.734034e-03,5.811391e-04,1.143553e-03
2.295018e-02,1.520006e-03,6.122998e-03,3.395275e-03,5.458670e-02,9.506783e-03,4.348485e-02,8.015428e-01,1.253333e-02,3.109588e-02,5.704721e-03,1.531901e-03,4.084338e-03,5.161783e-04,1.424085e-03
2.920066e-02,2.069798e-03,1.010084e-02,4.015729e-03,6.745324e-02,9.168873e-03,3.778158e-02,7.947180e-01,1.051175e-02,2.240841e-02,5.503854e-03,1.439529e-03,3.457629e-03,5.047685e-04,1.665257e-03
3.224139e-02,2.576475e-03,9.952810e-03,4.919807e-03,8.613220e-02,8.623458e-03,3.177561e-02,7.869636e-01,8.968177e-03,1.597078e-02,5.522297e-03,1.328682e-03,2.856555e-03,4.468825e-04,1.721272e-03
3.903028e-02,3.331259e-03,1.223332e-02,5.375041e-03,9.096586e-02,8.072714e-03,3.051633e-02,7.774718e-01,8.791185e-03,1.188623e-02,5.869501e-03,1.529187e-03,2.414610e-03,5.127378e-04,1.999851e-03
4.129524e-02,5.646599e-03,1.424417e-02,1.124652e-02,7.888452e-02,8.952459e-03,2.619679e-02,7.411135e-01,1.808024e-02,1.298912e-02,1.708951e-02,6.851874e-03,6.148411e-03,2.135958e-03,9.125022e-03
2.985671e-02,5.356127e-03,1.048044e-02,1.783311e-02,6.609640e-02,7.506192e-03,1.911159e-02,5.453619e-01,3.408919e-02,1.212173e-02,3.785728e-02,8.809942e-02,1.124425e-01,5.452379e-03,8.334967e-03
2.117380e-02,4.227585e-03,7.568682e-03,2.262534e-02,5.639655e-02,5.982121e-03,1.369265e-02,3.846275e-01,4.678966e-02,8.934438e-03,4.074427e-02,1.445243e-01,2.311338e-01,4.738810e-03,6.840538e-03
1.581789e-02,5.570260e-03,5.476778e-03,2.195790e-02,4.279413e-02,4.763274e-03,9.993142e-03,2.702774e-01,1.762863e-01,8.133364e-03,4.492088e-02,1.602444e-01,2.162471e-01,1.017941e-02,7.337692e-03
1.121763e-02,4.075346e-03,4.016615e-03,1.694121e-02,3.291111e-02,3.596081e-03,7.166905e-03,1.895225e-01,1.299216e-01,6.820610e-03,3.626884e-02,2.679900e-01,2.690765e-01,1.125073e-02,9.224351e-03
8.002730e-03,6.711659e-03,3.115936e-03,1.199802e-02,2.800547e-02,3.105093e-03,5.173746e-03,1.328680e-01,1.406346e-01,5.086385e-03,3.195051e-02,2.419794e-01,3.621750e-01,9.732244e-03,9.461161e-03
5.734712e-03,7.365689e-03,2.492996e-03,8.450965e-03,1.995022e-02,4.575814e-03,3.712956e-03,9.307162e-02,1.068262e-01,5.602195e-03,2.693643e-02,2.453195e-01,3.343399e-01,4.759208e-02,8.802866e-02
4.116719e-03,9.372326e-03,2.506774e-03,5.960302e-03,1.436331e-02,6.644184e-03,2.724618e-03,6.519418e-02,8.755656e-02,9.633414e-03,2.200186e-02,2.497236e-01,3.116753e-01,4.464237e-02,1.638845e-01
3.139078e-03,7.581846e-03,1.849314e-03,4.202512e-03,1.020719e-02,5.233355e-03,1.941708e-03,4.565085e-02,6.878053e-02,9.825686e-03,2.172555e-02,4.067790e-01,2.416906e-01,3.728795e-02,1.341048e-01
2.421233e-03,5.844672e-03,1.351585e-03,2.985795e-03,7.245707e-03,5.301624e-03,1.397520e-03,3.197080e-02,5.049805e-02,1.538475e-02,2.255634e-02,5.317249e-01,1.909894e-01,2.930090e-02,1.010267e-01
1.783574e-03,4.471935e-03,9.731593e-04,2.141397e-03,5.148139e-03,5.378687e-03,9.860455e-04,2.238509e-02,3.848505e-02,1.898615e-02,2.137155e-02,6.323105e-01,1.529465e-01,2.124646e-02,7.138581e-02
1.387403e-03,3.299576e-03,8.464789e-04,2.075630e-03,9.707286e-03,5.667554e-03,9.233283e-04,1.582484e-02,7.414913e-02,2.843756e-02,2.316080e-02,6.374385e-01,1.308054e-01,1.548237e-02,5.079419e-02
1.238133e-03,2.744819e-03,7.082824e-04,1.547644e-03,2.230690e-02,5.175970e-03,1.353739e-03,1.118232e-02,2.978576e-01,2.162547e-02,1.960252e-02,4.693305e-01,9.847735e-02,1.089996e-02,3.594879e-02
1.286940e-03,3.033185e-03,2.258053e-03,3.410931e-03,4.263167e-02,5.665421e-03,3.976480e-03,7.954811e-02,3.516181e-01,2.006145e-02,1.971377e-02,3.499177e-01,8.301405e-02,8.007125e-03,2.585717e-02
1.338539e-03,7.587335e-03,3.424855e-03,4.888262e-03,8.006024e-02,8.316155e-03,3.748849e-03,5.943830e-02,4.704790e-01,1.577476e-02,1.483675e-02,2.464654e-01,5.899120e-02,5.833978e-03,1.881640e-02
2.952645e-03,1.342886e-02,3.011029e-03,4.628071e-03,7.866198e-02,8.620102e-03,3.285626e-03,4.216957e-02,5.752814e-01,1.511105e-02,1.069008e-02,1.726867e-01,4.328544e-02,4.301960e-03,2.188555e-02
1.030810e-02,1.271773e-02,2.957387e-02,2.221344e-02,8.214082e-02,1.299261e-02,1.142877e-02,3.414333e-02,5.745742e-01,1.859530e-02,8.261234e-03,1.213063e-01,3.943019e-02,3.257822e-03,1.905622e-02
1.946361e-02,1.218048e-02,7.163569e-02,2.843083e-02,8.803622e-02,1.240250e-02,1.205606e-02,2.934176e-02,5.632397e-01,2.008042e-02,6.473984e-03,8.532102e-02,3.115568e-02,2.419630e-03,1.776241e-02
2.754416e-02,1.320003e-02,1.682310e-01,3.057640e-02,7.791311e-02,1.666289e-02,1.188938e-02,2.410563e-02,5.081113e-01,1.675258e-02,5.590776e-03,6.005378e-02,2.255593e-02,1.871554e-03,1.494148e-02
5.584557e-02,1.727537e-02,1.543845e-01,3.414440e-02,1.136020e-01,3.352831e-02,1.507013e-02,1.847435e-02,4.541642e-01,1.667330e-02,4.629408e-03,4.228677e-02,1.706953e-02,1.509302e-03,2.134285e-02
6.454492e-02,1.739272e-02,1.162918e-01,2.685558e-02,1.565382e-01,4.280691e-02,1.016351e-01,2.134285e-02,3.765874e-01,1.233508e-02,3.394030e-03,2.972481e-02,1.371358e-02,1.208146e-03,1.562882e-02
5.481235e-02,1.430146e-02,8.393892e-02,2.112405e-02,1.446641e-01,3.451147e-02,2.554235e-01,2.971720e-02,2.928400e-01,9.738424e-03,2.511067e-03,2.089215e-02,2.302833e-02,8.772817e-04,1.161967e-02
5.417172e-02,1.127462e-02,5.954522e-02,1.558695e-02,1.465711e-01,2.799732e-02,3.202374e-01,8.306142e-02,2.253654e-01,7.760594e-03,2.010118e-03,1.470806e-02,2.167455e-02,6.695719e-04,9.366013e-03
4.184928e-02,8.249812e-03,4.189795e-02,1.126019e-02,1.118589e-01,2.128218e-02,4.613291e-01,9.093691e-02,1.650207e-01,5.896636e-03,1.673365e-03,1.037362e-02,2.032270e-02,5.257433e-04,7.522915e-03
3.065129e-02,5.912123e-03,2.945740e-02,8.094484e-03,8.287736e-02,1.557298e-02,5.923126e-01,7.878368e-02,1.182722e-01,4.443622e-03,1.361617e-03,7.320432e-03,1.891632e-02,3.908827e-04,5.633072e-03
2.216022e-02,4.519903e-03,2.135494e-02,6.045579e-03,7.219229e-02,1.347971e-02,6.490119e-01,7.982335e-02,8.328305e-02,4.028047e-03,1.913938e-03,5.271677e-03,2.695570e-02,6.727191e-04,9.287016e-03
2.217459e-02,1.102329e-02,5.436374e-02,6.007359e-03,6.323714e-02,1.356946e-02,6.032115e-01,8.275221e-02,6.132212e-02,1.055021e-02,3.044324e-03,4.019917e-03,2.103325e-02,1.480299e-03,4.221051e-02
1.899958e-02,1.044436e-02,6.123365e-02,5.116177e-03,6.037191e-02,1.426251e-02,6.166858e-01,7.456449e-02,4.424761e-02,2.115375e-02,3.774462e-03,3.074228e-03,1.584650e-02,1.611659e-03,4.861329e-02
1.992281e-02,7.986106e-03,4.590521e-02,3.856197e-03,4.595077e-02,2.126987e-02,6.806222e-01,6.002238e-02,3.127566e-02,1.924157e-02,3.053062e-03,2.297557e-03,1.129760e-02,1.454537e-03,4.584449e-02
1.924063e-02,6.129125e-03,3.674899e-02,2.989907e-03,3.665257e-02,4.334850e-02,6.803773e-01,5.216493e-02,2.230700e-02,2.414208e-02,2.809026e-03,1.731507e-03,8.170581e-03,2.243373e-03,6.094444e-02
1.424184e-02,4.527965e-03,2.712104e-02,2.200074e-03,2.719693e-02,2.841688e-01,4.813842e-01,3.710812e-02,1.574057e-02,3.859460e-02,6.929150e-03,1.346253e-03,5.851125e-03,6.664235e-03,4.692506e-02
1.301324e-02,4.280769e-03,1.929913e-02,1.667287e-03,1.943368e-02,3.495317e-01,3.373829e-01,2.626832e-02,1.128617e-02,7.041113e-02,1.842925e-02,5.063615e-03,7.382107e-03,1.507713e-02,1.014736e-01
1.324856e-02,4.276509e-03,1.376837e-02,1.424133e-03,1.417436e-02,3.571590e-01,2.367674e-01,1.900362e-02,8.716054e-03,1.199430e-01,1.878475e-02,7.811062e-03,7.079513e-03,3.695278e-02,1.408909e-01
1.056930e-02,3.659596e-03,9.817082e-03,1.145170e-03,1.006879e-02,3.562871e-01,1.663657e-01,1.387045e-02,7.506588e-03,2.101751e-01,4.352907e-02,1.428284e-02,5.574654e-03,3.866778e-02,1.084808e-01
9.058835e-03,2.986250e-03,6.927889e-03,8.814863e-04,7.156008e-03,2.977003e-01,1.169233e-01,1.009226e-02,1.013660e-02,1.830897e-01,1.673393e-01,5.368006e-02,6.007235e-03,4.295503e-02,8.506581e-02
6.777174e-03,2.385169e-03,4.867285e-03,6.592021e-04,5.072515e-03,2.179094e-01,8.189595e-02,7.258830e-03,1.202618e-02,1.624586e-01,3.398124e-01,4.941632e-02,5.422674e-03,3.709736e-02,6.694096e-02
4.841370e-03,1.992014e-03,3.414547e-03,4.820797e-04,3.568233e-03,1.542756e-01,5.734376e-02,5.112628e-03,1.430894e-02,1.267561e-01,4.927031e-01,5.260032e-02,4.352304e-03,3.014811e-02,4.810087e-02
3.528015e-03,3.417069e-03,2.410147e-03,3.646126e-04,2.532127e-03,1.112557e-01,4.016670e-02,3.620423e-03,2.750049e-02,1.187503e-01,5.625413e-01,5.447758e-02,3.646960e-03,2.874118e-02,3.704740e-02
2.567518e-03,5.826441e-03,1.721850e-03,3.091117e-04,1.974175e-03,7.983666e-02,2.814873e-02,2.657835e-03,4.824685e-02,9.265012e-02,6.070247e-01,7.032734e-02,4.097890e-03,2.500143e-02,2.960939e-02
1.893726e-03,1.376654e-02,1.380868e-03,3.335724e-04,2.030879e-03,7.646482e-02,1.976744e-02,1.998831e-03,9.508748e-02,7.426640e-02,5.711846e-01,6.727330e-02,8.558228e-03,3.827817e-02,2.771514e-02
1.463922e-03,5.626905e-02,1.179685e-03,4.236561e-04,2.021494e-03,9.194471e-02,1.394429e-02,1.536713e-03,1.020027e-01,7.461433e-02,4.995055e-01,7.168552e-02,1.159066e-02,4.545739e-02,2.636037e-02
1.104901e-03,2.062237e-01,1.488506e-03,1.094335e-03,2.339733e-03,1.037772e-01,9.994598e-03,2.011028e-03,1.431539e-01,5.504679e-02,3.529172e-01,5.216965e-02,1.168176e-02,3.553904e-02,2.145759e-02
8.591153e-04,2.936691e-01,1.451749e-03,1.062959e-03,3.729050e-03,1.072638e-01,7.034873e-03,2.492954e-03,2.030606e-01,3.958279e-02,2.489343e-01,3.708242e-02,1.006650e-02,2.692803e-02,1.678172e-02
8.296598e-04,3.440678e-01,1.570942e-03,1.933542e-03,7.288964e-03,1.101776e-01,4.965965e-03,3.809554e-03,2.344999e-01,3.339243e-02,1.761517e-01,2.615811e-02,8.904144e-03,2.498767e-02,2.126195e-02
8.089014e-04,3.893527e-01,1.886534e-03,3.747523e-03,1.263201e-02,1.091831e-01,3.529225e-03,1.173372e-02,2.543198e-01,2.644315e-02,1.240516e-01,1.843331e-02,6.862353e-03,1.928645e-02,1.772957e-02
1.986596e-03,3.713534e-01,3.533721e-03,8.055023e-03,3.239729e-02,9.502390e-02,3.298135e-03,7.041469e-02,2.530296e-01,1.985760e-02,8.734731e-02,1.315837e-02,5.820650e-03,1.412429e-02,2.059936e-02
1.273938e-02,3.671516e-01,4.925348e-03,7.038237e-03,4.773121e-02,1.046228e-01,5.193041e-03,8.609955e-02,2.381502e-01,1.401379e-02,6.223159e-02,9.546463e-03,4.546166e-03,1.142279e-02,2.458779e-02
1.704193e-02,3.070090e-01,4.426076e-03,5.121405e-03,4.860443e-02,8.611991e-02,1.120506e-01,1.247989e-01,2.007951e-01,9.902968e-03,4.388396e-02,6.759766e-03,3.527274e-03,8.864140e-03,2.109468e-02
1.241534e-02,2.157811e-01,3.405225e-03,3.614107e-03,3.485852e-02,6.127190e-02,3.628975e-01,9.300553e-02,1.429800e-01,6.993349e-03,3.073744e-02,4.763846e-03,5.920344e-03,6.224480e-03,1.513131e-02
8.876978e-03,1.512706e-01,2.464716e-03,2.567737e-03,2.503096e-02,4.370064e-02,5.444781e-01,7.016833e-02,1.014751e-01,4.945233e-03,2.152774e-02,3.360576e-03,5.088600e-03,4.366597e-03,1.067818e-02
6.594541e-03,1.061486e-01,1.812716e-03,1.894905e-03,1.864068e-02,3.083632e-02,6.680313e-01,5.761510e-02,7.268067e-02,3.527425e-03,1.509335e-02,2.377122e-03,4.174392e-03,3.063916e-03,7.508881e-03
5.029446e-03,7.478630e-02,1.457774e-03,1.500338e-03,1.442974e-02,2.204040e-02,7.451222e-01,5.790662e-02,5.147891e-02,2.602009e-03,1.082782e-02,1.712630e-03,3.413588e-03,2.160939e-03,5.531242e-03
4.807933e-03,5.268350e-02,1.417190e-03,1.315538e-03,1.205084e-02,1.633771e-02,7.821773e-01,7.249032e-02,3.691400e-02,1.981347e-03,7.854747e-03,1.274092e-03,3.058820e-03,1.533664e-03,4.102919e-03
6.272406e-03,3.726896e-02,1.925255e-03,1.815706e-03,1.071838e-02,1.282314e-02,6.812255e-01,2.035205e-01,2.677245e-02,1.896727e-03,6.379515e-03,9.661201e-04,2.854707e-03,1.148592e-03,4.411961e-03
9.998914e-03,2.657214e-02,2.780043e-03,1.707697e-03,9.623604e-03,9.724742e-03,5.420919e-01,3.636430e-01,2.011736e-02,1.524055e-03,4.735171e-03,7.174723e-04,2.388687e-03,8.534719e-04,3.521749e-03
1.234654e-02,1.931686e-02,3.158895e-03,1.595805e-03,8.073624e-03,7.379396e-03,4.438373e-01,4.781740e-01,1.474886e-02,1.262622e-03,3.603903e-03,5.649719e-04,2.157170e-03,6.697787e-04,3.110354e-03
1.757154e-02,1.422438e-02,3.305091e-03,1.331833e-03,8.828346e-03,5.447452e-03,3.539193e-01,5.743638e-01,1.206641e-02,9.640207e-04,2.801397e-03,4.550268e-04,1.876466e-03,4.983725e-04,2.346586e-03
1.817309e-02,1.025179e-02,3.341269e-03,1.122354e-03,1.380188e-02,4.151482e-03,2.920872e-01,6.406173e-01,8.863800e-03,8.160163e-04,2.296033e-03,4.148167e-04,1.774273e-03,3.853666e-04,1.903334e-03
2.138846e-02,7.363557e-03,3.889023e-03,1.144419e-03,2.919403e-02,3.403923e-03,2.624126e-01,6.571637e-01,6.935154e-03,7.979419e-04,1.956229e-03,6.016538e-04,1.836079e-03,3.548863e-04,1.558331e-03
2.967369e-02,5.338493e-03,4.067226e-03,1.181765e-03,3.713631e-02,3.039457e-03,2.391420e-01,6.664656e-01,5.710633e-03,1.142030e-03,2.027604e-03,1.061692e-03,1.978944e-03,4.056778e-04,1.628921e-03
4.531198e-02,3.948065e-03,3.635398e-03,1.274316e-03,5.125602e-02,3.036641e-03,1.873160e-01,6.895198e-01,6.179484e-03,9.847473e-04,2.903538e-03,1.148824e-03,1.757347e-03,3.653223e-04,1.362627e-03
6.790917e-02,5.150815e-03,3.627971e-03,1.550422e-03,5.771755e-02,4.459595e-03,1.391872e-01,6.445039e-01,1.205011e-02,2.840199e-03,4.023593e-02,6.344653e-03,7.574762e-03,1.104111e-03,5.743615e-03
5.526209e-02,4.815207e-03,4.695414e-03,4.168109e-03,7.012589e-02,6.208912e-03,1.008905e-01,5.891253e-01,2.002413e-02,1.306867e-02,7.304829e-02,2.167165e-02,1.540473e-02,1.585607e-02,5.635107e-03
4.704293e-02,6.999931e-03,4.193370e-03,1.228128e-02,6.487682e-02,5.938652e-03,7.613660e-02,4.594862e-01,8.317148e-02,2.302969e-02,1.144539e-01,3.751014e-02,2.906776e-02,2.750933e-02,8.301872e-03
3.793407e-02,5.358609e-03,3.481096e-03,2.321096e-02,8.156478e-02,5.780756e-03,5.431892e-02,3.313106e-01,9.372897e-02,2.015391e-02,2.009294e-01,3.769748e-02,4.817533e-02,3.009712e-02,2.625806e-02
2.726800e-02,5.881333e-03,2.894594e-03,2.052505e-02,6.813055e-02,4.356379e-03,3.870705e-02,2.419094e-01,2.096714e-01,1.607468e-02,1.941067e-01,3.004582e-02,4.627685e-02,3.420574e-02,5.994648e-02
1.990882e-02,6.304412e-03,2.231880e-03,4.673336e-02,5.194826e-02,3.339574e-03,2.715404e-02,1.710667e-01,2.427976e-01,1.952953e-02,1.506962e-01,2.585557e-02,4.338014e-02,3.622064e-02,1.528333e-01
1.496163e-02,4.933349e-03,1.790463e-03,6.075004e-02,4.227265e-02,2.721089e-03,1.913180e-02,1.200213e-01,2.747233e-01,2.515314e-02,1.439722e-01,2.424900e-02,4.632409e-02,3.839004e-02,1.806059e-01
1.162525e-02,3.748653e-03,1.604471e-03,4.734623e-02,3.513868e-02,2.755421e-03,1.347524e-02,8.598934e-02,3.178394e-01,2.127094e-02,1.484887e-01,2.500247e-02,5.896701e-02,3.181411e-02,1.949341e-01
9.578286e-03,3.142204e-03,1.895203e-03,4.222617e-02,4.195224e-02,2.792757e-03,9.544484e-03,6.118411e-02,2.970109e-01,1.946324e-02,2.009695e-01,3.108104e-02,8.442581e-02,2.916241e-02,1.655717e-01
9.503702e-03,2.525315e-03,5.259455e-03,3.312262e-02,9.306578e-02,2.472105e-03,7.601378e-03,5.861552e-02,2.295610e-01,1.753120e-02,2.237682e-01,2.568530e-02,1.050056e-01,2.218619e-02,1.640965e-01
8.256514e-03,2.352279e-03,5.759450e-03,2.936772e-02,1.300903e-01,2.329315e-03,5.437901e-03,4.261403e-02,2.683590e-01,1.599037e-02,2.208664e-01,2.599931e-02,9.889314e-02,1.816332e-02,1.255210e-01
6.718292e-03,2.064369e-03,6.199576e-03,3.271663e-02,1.060838e-01,2.051037e-03,4.020241e-03,3.032130e-02,2.695129e-01,1.535152e-02,2.784207e-01,3.068116e-02,1.050144e-01,1.388711e-02,9.695698e-02
5.052892e-03,1.737499e-03,6.852465e-03,3.502281e-02,7.673422e-02,1.730225e-03,3.042841e-03,2.188258e-02,2.782390e-01,1.995704e-02,2.908018e-01,2.845582e-02,1.182346e-01,1.139036e-02,1.008658e-01
3.797170e-03,2.167890e-03,6.493732e-03,3.310938e-02,5.749959e-02,3.153411e-03,2.389148e-03,1.567621e-02,3.420585e-01,3.140974e-02,2.590314e-01,2.393371e-02,1.093018e-01,8.922476e-03,1.010559e-01
2.928710e-03,1.817079e-03,5.639555e-03,3.512397e-02,4.314646e-02,5.754629e-03,1.759617e-03,1.176002e-02,3.540526e-01,2.590528e-02,2.848464e-01,2.989323e-02,1.171989e-01,7.517199e-03,7.265630e-02
2.341061e-03,1.673905e-03,5.187704e-03,4.643179e-02,3.141483e-02,9.581050e-03,1.296547e-03,8.486679e-03,3.128101e-01,2.471126e-02,3.218153e-01,4.511314e-02,1.270773e-01,6.772707e-03,5.528662e-02
2.050740e-03,2.138994e-03,5.024487e-03,3.820128e-02,2.318294e-02,9.280507e-03,9.701948e-04,6.021718e-03,2.243681e-01,3.140547e-02,4.152365e-01,6.427023e-02,1.311518e-01,6.000492e-03,4.069654e-02
2.702218e-03,5.437679e-03,7.065921e-02,2.852301e-02,3.767622e-02,6.662145e-03,7.630205e-04,5.040013e-03,1.667422e-01,2.493795e-02,4.413754e-01,6.058457e-02,1.138521e-01,5.894920e-03,2.914943e-02
4.550333e-03,5.001528e-03,5.750112e-02,2.353613e-02,7.961572e-02,4.982526e-03,6.006462e-04,4.107134e-03,1.211318e-01,3.366082e-02,4.784839e-01,6.178191e-02,9.444289e-02,9.392735e-03,2.121086e-02
8.365456e-03,5.502054e-03,6.078103e-02,1.937464e-02,7.105821e-02,4.376526e-03,5.440259e-04,6.902618e-03,8.905885e-02,4.713965e-02,5.294098e-01,6.088488e-02,7.183258e-02,9.633922e-03,1.513581e-02
1.233312e-02,5.888964e-03,4.927444e-02,1.494659e-02,5.245369e-02,3.548256e-03,4.225590e-04,6.487862e-03,1.089090e-01,5.327475e-02,5.341523e-01,5.940343e-02,5.611347e-02,3.153168e-02,1.125991e-02
1.778001e-02,1.214868e-02,6.273976e-02,1.219226e-02,4.561396e-02,3.206167e-03,3.157516e-04,8.485447e-03,8.720519e-02,5.815529e-02,5.470744e-01,6.021612e-02,4.381654e-02,3.273477e-02,8.315679e-03
2.536244e-02,1.163501e-02,5.424155e-02,1.226424e-02,3.738238e-02,2.671300e-03,2.422074e-04,2.154026e-02,8.039947e-02,5.328536e-02,5.582633e-01,7.143012e-02,3.696292e-02,2.800148e-02,6.317975e-03
2.742236e-02,1.410297e-02,4.616916e-02,1.096164e-02,3.089240e-02,2.232392e-03,2.218536e-04,2.622789e-02,9.153733e-02,7.052761e-02,5.497394e-01,6.682120e-02,3.264701e-02,2.472905e-02,5.767701e-03
2.235949e-02,1.534273e-02,3.380455e-02,8.077963e-03,2.790139e-02,1.837116e-03,1.877106e-04,2.751957e-02,3.139191e-01,5.117112e-02,4.014541e-01,5.035701e-02,2.391242e-02,1.799601e-02,4.159728e-03
1.905472e-02,1.800137e-02,2.651725e-02,6.312897e-03,3.260849e-02,2.343261e-03,1.814536e-04,4.348104e-02,4.554103e-01,3.776410e-02,2.885691e-01,3.587017e-02,1.751815e-02,1.335096e-02,3.016656e-03
1.527049e-02,1.424957e-02,1.982375e-02,5.106358e-03,3.813774e-02,2.627557e-03,1.784623e-04,5.300834e-02,5.630159e-01,3.010175e-02,2.078439e-01,2.568296e-02,1.281557e-02,9.972462e-03,2.165235e-03
1.333721e-02,1.359564e-02,1.436310e-02,3.981602e-03,6.208672e-02,2.524041e-03,2.825309e-04,6.367519e-02,6.223072e-01,2.152091e-02,1.462175e-01,1.814692e-02,9.099262e-03,7.229065e-03,1.633073e-03
1.114067e-02,1.048233e-02,1.028456e-02,3.119557e-03,8.144718e-02,2.323629e-03,3.928168e-04,7.032900e-02,6.671743e-01,1.522497e-02,1.025634e-01,1.275044e-02,6.417851e-03,5.167224e-03,1.182116e-03
