1.000000e+00,0.000000e+00,0.000000e+00,0.000000e+00,0.000000e+00,0.000000e+00,0.000000e+00,0.000000e+00,0.000000e+00,0.000000e+00,0.000000e+00,0.000000e+00,0.000000e+00,0.000000e+00,0.000000e+00
1.000000e+00,0.000000e+00,0.000000e+00,0.000000e+00,0.000000e+00,0.000000e+00,0.000000e+00,0.000000e+00,0.000000e+00,0.000000e+00,0.000000e+00,0.000000e+00,0.000000e+00,0.000000e+00,0.000000e+00
1.000000e+00,0.000000e+00,0.000000e+00,0.000000e+00,0.000000e+00,0.000000e+00,0.000000e+00,0.000000e+00,0.000000e+00,0.000000e+00,0.000000e+00,0.000000e+00,0.000000e+00,0.000000e+00,0.000000e+00
1.000000e+00,0.000000e+00,0.000000e+00,0.000000e+00,0.000000e+00,0.000000e+00,0.000000e+00,0.000000e+00,0.000000e+00,0.000000e+00,0.000000e+00,0.000000e+00,0.000000e+00,0.000000e+00,0.000000e+00
1.000000e+00,0.000000e+00,0.000000e+00,0.000000e+00,0.000000e+00,0.000000e+00,0.000000e+00,0.000000e+00,0.000000e+00,0.000000e+00,0.000000e+00,0.000000e+00,0.000000e+00,0.000000e+00,0.000000e+00
1.000000e+00,0.000000e+00,0.000000e+00,0.000000e+00,0.000000e+00,0.000000e+00,0.000000e+00,0.000000e+00,0.000000e+00,0.000000e+00,0.000000e+00,0.000000e+00,0.000000e+00,0.000000e+00,0.000000e+00
1.000000e+00,0.000000e+00,0.000000e+00,0.000000e+00,0.000000e+00,0.000000e+00,0.000000e+00,0.000000e+00,0.000000e+00,0.000000e+00,0.000000e+00,0.000000e+00,0.000000e+00,0.000000e+00,0.000000e+00
1.000000e+00,0.000000e+00,0.000000e+00,0.000000e+00,0.000000e+00,0.000000e+00,0.000000e+00,0.000000e+00,0.000000e+00,0.000000e+00,0.000000e+00,0.000000e+00,0.000000e+00,0.000000e+00,0.000000e+00
1.000000e+00,0.000000e+00,0.000000e+00,0.000000e+00,0.000000e+00,0.000000e+00,0.000000e+00,0.000000e+00,0.000000e+00,0.000000e+00,0.000000e+00,0.000000e+00,0.000000e+00,0.000000e+00,0.000000e+00
1.000000e+00,0.000000e+00,0.000000e+00,0.000000e+00,0.000000e+00,0.000000e+00,0.000000e+00,0.000000e+00,0.000000e+00,0.000000e+00,0.000000e+00,0.000000e+00,0.000000e+00,0.000000e+00,0.000000e+00
1.000000e+00,0.000000e+00,0.000000e+00,0.000000e+00,0.000000e+00,0.000000e+00,0.000000e+00,0.000000e+00,0.000000e+00,0.000000e+00,0.000000e+00,0.000000e+00,0.000000e+00,0.000000e+00,0.000000e+00
1.000000e+00,0.000000e+00,0.000000e+00,0.000000e+00,0.000000e+00,0.000000e+00,0.000000e+00,0.000000e+00,0.000000e+00,0.000000e+00,0.000000e+00,0.000000e+00,0.000000e+00,0.000000e+00,0.000000e+00
1.000000e+00,0.000000e+00,0.000000e+00,0.000000e+00,0.000000e+00,0.000000e+00,0.000000e+00,0.000000e+00,0.000000e+00,0.000000e+00,0.000000e+00,0.000000e+00,0.000000e+00,0.000000e+00,0.000000e+00
1.000000e+00,0.000000e+00,0.000000e+00,0.000000e+00,0.000000e+00,0.000000e+00,0.000000e+00,0.000000e+00,0.000000e+00,0.000000e+00,0.000000e+00,0.000000e+00,0.000000e+00,0.000000e+00,0.000000e+00
1.000000e+00,0.000000e+00,0.000000e+00,0.000000e+00,0.000000e+00,0.000000e+00,0.000000e+00,0.000000e+00,0.000000e+00,0.000000e+00,0.000000e+00,0.000000e+00,0.000000e+00,0.000000e+00,0.000000e+00
1.000000e+00,0.000000e+00,0.000000e+00,0.000000e+00,0.000000e+00,0.000000e+00,0.000000e+00,0.000000e+00,0.000000e+00,0.000000e+00,0.000000e+00,0.000000e+00,0.000000e+00,0.000000e+00,0.000000e+00
1.000000e+00,0.000000e+00,0.000000e+00,0.000000e+00,0.000000e+00,0.000000e+00,0.000000e+00,0.000000e+00,0.000000e+00,0.000000e+00,0.000000e+00,0.000000e+00,0.000000e+00,0.000000e+00,0.000000e+00
1.000000e+00,0.000000e+00,0.000000e+00,0.000000e+00,0.000000e+00,0.000000e+00,0.000000e+00,0.000000e+00,0.000000e+00,0.000000e+00,0.000000e+00,0.000000e+00,0.000000e+00,0.000000e+00,0.000000e+00
1.000000e+00,0.000000e+00,0.000000e+00,0.000000e+00,0.000000e+00,0.000000e+00,0.000000e+00,0.000000e+00,0.000000e+00,0.000000e+00,0.000000e+00,0.000000e+00,0.000000e+00,0.000000e+00,0.000000e+00
1.000000e+00,0.000000e+00,0.000000e+00,0.000000e+00,0.000000e+00,0.000000e+00,0.000000e+00,0.000000e+00,0.000000e+00,0.000000e+00,0.000000e+00,0.000000e+00,0.000000e+00,0.000000e+00,0.000000e+00
1.000000e+00,0.000000e+00,0.000000e+00,0.000000e+00,0.000000e+00,0.000000e+00,0.000000e+00,0.000000e+00,0.000000e+00,0.000000e+00,0.000000e+00,0.000000e+00,0.000000e+00,0.000000e+00,0.000000e+00
1.000000e+00,0.000000e+00,0.000000e+00,0.000000e+00,0.000000e+00,0.000000e+00,0.000000e+00,0.000000e+00,0.000000e+00,0.000000e+00,0.000000e+00,0.000000e+00,0.000000e+00,0.000000e+00,0.000000e+00
1.000000e+00,0.000000e+00,0.000000e+00,0.000000e+00,0.000000e+00,0.000000e+00,0.000000e+00,0.000000e+00,0.000000e+00,0.000000e+00,0.000000e+00,0.000000e+00,0.000000e+00,0.000000e+00,0.000000e+00
1.000000e+00,0.000000e+00,0.000000e+00,0.000000e+00,0.000000e+00,0.000000e+00,0.000000e+00,0.000000e+00,0.000000e+00,0.000000e+00,0.000000e+00,0.000000e+00,0.000000e+00,0.000000e+00,0.000000e+00
1.000000e+00,0.000000e+00,0.000000e+00,0.000000e+00,0.000000e+00,0.000000e+00,0.000000e+00,0.000000e+00,0.000000e+00,0.000000e+00,0.000000e+00,0.000000e+00,0.000000e+00,0.000000e+00,0.000000e+00
1.000000e+00,0.000000e+00,0.000000e+00,0.000000e+00,0.000000e+00,0.000000e+00,0.000000e+00,0.000000e+00,0.000000e+00,0.000000e+00,0.000000e+00,0.000000e+00,0.000000e+00,0.000000e+00,0.000000e+00
1.000000e+00,0.000000e+00,0.000000e+00,0.000000e+00,0.000000e+00,0.000000e+00,0.000000e+00,0.000000e+00,0.000000e+00,0.000000e+00,0.000000e+00,0.000000e+00,0.000000e+00,0.000000e+00,0.000000e+00
1.000000e+00,0.000000e+00,0.000000e+00,0.000000e+00,0.000000e+00,0.000000e+00,0.000000e+00,0.000000e+00,0.000000e+00,0.000000e+00,0.000000e+00,0.000000e+00,0.000000e+00,0.000000e+00,0.000000e+00
1.000000e+00,0.000000e+00,0.000000e+00,0.000000e+00,0.000000e+00,0.000000e+00,0.000000e+00,0.000000e+00,0.000000e+00,0.000000e+00,0.000000e+00,0.000000e+00,0.000000e+00,0.000000e+00,0.000000e+00
1.000000e+00,0.000000e+00,0.000000e+00,0.000000e+00,0.000000e+00,0.000000e+00,0.000000e+00,0.000000e+00,0.000000e+00,0.000000e+00,0.000000e+00,0.000000e+00,0.000000e+00,0.000000e+00,0.000000e+00
1.000000e+00,0.000000e+00,0.000000e+00,0.000000e+00,0.000000e+00,0.000000e+00,0.000000e+00,0.000000e+00,0.000000e+00,0.000000e+00,0.000000e+00,0.000000e+00,0.000000e+00,0.000000e+00,0.000000e+00
1.000000e+00,0.000000e+00,0.000000e+00,0.000000e+00,0.000000e+00,0.000000e+00,0.000000e+00,0.000000e+00,0.000000e+00,0.000000e+00,0.000000e+00,0.000000e+00,0.000000e+00,0.000000e+00,0.000000e+00
1.000000e+00,0.000000e+00,0.000000e+00,0.000000e+00,0.000000e+00,0.000000e+00,0.000000e+00,0.000000e+00,0.000000e+00,0.000000e+00,0.000000e+00,0.000000e+00,0.000000e+00,0.000000e+00,0.000000e+00
1.000000e+00,0.000000e+00,0.000000e+00,0.000000e+00,0.000000e+00,0.000000e+00,0.000000e+00,0.000000e+00,0.000000e+00,0.000000e+00,0.000000e+00,0.000000e+00,0.000000e+00,0.000000e+00,0.000000e+00
1.000000e+00,0.000000e+00,0.000000e+00,0.000000e+00,0.000000e+00,0.000000e+00,0.000000e+00,0.000000e+00,0.000000e+00,0.000000e+00,0.000000e+00,0.000000e+00,0.000000e+00,0.000000e+00,0.000000e+00
1.000000e+00,0.000000e+00,0.000000e+00,0.000000e+00,0.000000e+00,0.000000e+00,0.000000e+00,0.000000e+00,0.000000e+00,0.000000e+00,0.000000e+00,0.000000e+00,0.000000e+00,0.000000e+00,0.000000e+00
1.000000e+00,0.000000e+00,0.000000e+00,0.000000e+00,0.000000e+00,0.000000e+00,0.000000e+00,0.000000e+00,0.000000e+00,0.000000e+00,0.000000e+00,0.000000e+00,0.000000e+00,0.000000e+00,0.000000e+00
1.000000e+00,0.000000e+00,0.000000e+00,0.000000e+00,0.000000e+00,0.000000e+00,0.000000e+00,0.000000e+00,0.000000e+00,0.000000e+00,0.000000e+00,0.000000e+00,0.000000e+00,0.000000e+00,0.000000e+00
1.000000e+00,0.000000e+00,0.000000e+00,0.000000e+00,0.000000e+00,0.000000e+00,0.000000e+00,0.000000e+00,0.000000e+00,0.000000e+00,0.000000e+00,0.000000e+00,0.000000e+00,0.000000e+00,0.000000e+00
1.000000e+00,0.000000e+00,0.000000e+00,0.000000e+00,0.000000e+00,0.000000e+00,0.000000e+00,0.000000e+00,0.000000e+00,0.000000e+00,0.000000e+00,0.000000e+00,0.000000e+00,0.000000e+00,0.000000e+00
1.000000e+00,0.000000e+00,0.000000e+00,0.000000e+00,0.000000e+00,0.000000e+00,0.000000e+00,0.000000e+00,0.000000e+00,0.000000e+00,0.000000e+00,0.000000e+00,0.000000e+00,0.000000e+00,0.000000e+00
1.000000e+00,0.000000e+00,0.000000e+00,0.000000e+00,0.000000e+00,0.000000e+00,0.000000e+00,0.000000e+00,0.000000e+00,0.000000e+00,0.000000e+00,0.000000e+00,0.000000e+00,0.000000e+00,0.000000e+00
1.000000e+00,0.000000e+00,0.000000e+00,0.000000e+00,0.000000e+00,0.000000e+00,0.000000e+00,0.000000e+00,0.000000e+00,0.000000e+00,0.000000e+00,0.000000e+00,0.000000e+00,0.000000e+00,0.000000e+00
4.320599e-01,3.362678e-02,4.610352e-02,2.068376e-01,1.994646e-02,3.744264e-02,1.294886e-02,3.306551e-02,1.365400e-02,2.023476e-03,9.807257e-03,7.794034e-02,5.377545e-02,1.744843e-03,1.902331e-02
4.895879e-01,3.263306e-02,4.399984e-02,1.732096e-01,2.376709e-02,3.326636e-02,1.129289e-02,3.079184e-02,1.341388e-02,2.056763e-03,9.493394e-03,6.523481e-02,4.895205e-02,1.920549e-03,2.037994e-02
4.241905e-01,3.885831e-02,7.456643e-02,2.227817e-01,2.785852e-02,2.829550e-02,9.919423e-03,3.092586e-02,1.144552e-02,1.954832e-03,9.918927e-03,5.644320e-02,4.032146e-02,2.141221e-03,2.037866e-02
3.773862e-01,3.341373e-02,1.028998e-01,2.628371e-01,2.848161e-02,2.282953e-02,8.322563e-03,3.845847e-02,1.001435e-02,1.901109e-03,1.110468e-02,4.889178e-02,3.373460e-02,2.090932e-03,1.763362e-02
4.936271e-01,2.800375e-02,8.230746e-02,1.995742e-01,2.474798e-02,2.122484e-02,7.407630e-03,3.088355e-02,8.642517e-03,1.866906e-03,9.618100e-03,4.346949e-02,3.002670e-02,1.924414e-03,1.667533e-02
1.000000e+00,0.000000e+00,0.000000e+00,0.000000e+00,0.000000e+00,0.000000e+00,0.000000e+00,0.000000e+00,0.000000e+00,0.000000e+00,0.000000e+00,0.000000e+00,0.000000e+00,0.000000e+00,0.000000e+00
1.000000e+00,0.000000e+00,0.000000e+00,0.000000e+00,0.000000e+00,0.000000e+00,0.000000e+00,0.000000e+00,0.000000e+00,0.000000e+00,0.000000e+00,0.000000e+00,0.000000e+00,0.000000e+00,0.000000e+00
1.000000e+00,0.000000e+00,0.000000e+00,0.000000e+00,0.000000e+00,0.000000e+00,0.000000e+00,0.000000e+00,0.000000e+00,0.000000e+00,0.000000e+00,0.000000e+00,0.000000e+00,0.000000e+00,0.000000e+00
1.000000e+00,0.000000e+00,0.000000e+00,0.000000e+00,0.000000e+00,0.000000e+00,0.000000e+00,0.000000e+00,0.000000e+00,0.000000e+00,0.000000e+00,0.000000e+00,0.000000e+00,0.000000e+00,0.000000e+00
1.000000e+00,0.000000e+00,0.000000e+00,0.000000e+00,0.000000e+00,0.000000e+00,0.000000e+00,0.000000e+00,0.000000e+00,0.000000e+00,0.000000e+00,0.000000e+00,0.000000e+00,0.000000e+00,0.000000e+00
1.000000e+00,0.000000e+00,0.000000e+00,0.000000e+00,0.000000e+00,0.000000e+00,0.000000e+00,0.000000e+00,0.000000e+00,0.000000e+00,0.000000e+00,0.000000e+00,0.000000e+00,0.000000e+00,0.000000e+00
1.000000e+00,0.000000e+00,0.000000e+00,0.000000e+00,0.000000e+00,0.000000e+00,0.000000e+00,0.000000e+00,0.000000e+00,0.000000e+00,0.000000e+00,0.000000e+00,0.000000e+00,0.000000e+00,0.000000e+00
1.000000e+00,0.000000e+00,0.000000e+00,0.000000e+00,0.000000e+00,0.000000e+00,0.000000e+00,0.000000e+00,0.000000e+00,0.000000e+00,0.000000e+00,0.000000e+00,0.000000e+00,0.000000e+00,0.000000e+00
1.000000e+00,0.000000e+00,0.000000e+00,0.000000e+00,0.000000e+00,0.000000e+00,0.000000e+00,0.000000e+00,0.000000e+00,0.000000e+00,0.000000e+00,0.000000e+00,0.000000e+00,0.000000e+00,0.000000e+00
1.000000e+00,0.000000e+00,0.000000e+00,0.000000e+00,0.000000e+00,0.000000e+00,0.000000e+00,0.000000e+00,0.000000e+00,0.000000e+00,0.000000e+00,0.000000e+00,0.000000e+00,0.000000e+00,0.000000e+00
4.905509e-01,1.459749e-02,2.258977e-02,7.176165e-02,1.711845e-02,1.415975e-02,4.314347e-03,3.197147e-01,4.587430e-03,7.617393e-04,9.096505e-03,1.010487e-02,1.103314e-02,2.018589e-03,7.590619e-03
3.442007e-01,1.028212e-02,1.755625e-02,5.224466e-02,1.333215e-02,1.031318e-02,3.453828e-03,5.163136e-01,3.256958e-03,5.400465e-04,6.707150e-03,7.105952e-03,7.916665e-03,1.426949e-03,5.349795e-03
2.411354e-01,7.212623e-03,1.247385e-02,3.682216e-02,9.577755e-03,7.373131e-03,2.660335e-03,6.599531e-01,2.286674e-03,3.796250e-04,4.776379e-03,4.986966e-03,5.596502e-03,1.011822e-03,3.753581e-03
1.689017e-01,5.057952e-03,8.862267e-03,2.600362e-02,6.950846e-03,5.423203e-03,2.223029e-03,7.603758e-01,1.612056e-03,2.686331e-04,3.440190e-03,3.513244e-03,3.997157e-03,7.345509e-04,2.635717e-03
1.183335e-01,3.545023e-03,6.423941e-03,1.852825e-02,5.257097e-03,3.863673e-03,1.696227e-03,8.308762e-01,1.143130e-03,1.902467e-04,2.456599e-03,2.468572e-03,2.850187e-03,5.199205e-04,1.847348e-03
8.292172e-02,2.484873e-03,4.968801e-03,1.388074e-02,4.491956e-03,2.791230e-03,1.302770e-03,8.787199e-01,8.281665e-04,1.396288e-04,1.820813e-03,1.753323e-03,2.228244e-03,3.713554e-04,1.296496e-03
5.823578e-02,1.750927e-03,3.882097e-03,9.949515e-03,5.180700e-03,2.325501e-03,6.422676e-03,9.057724e-01,6.603379e-04,1.554191e-04,1.359368e-03,1.263970e-03,1.856400e-03,2.669475e-04,9.179887e-04
4.098562e-02,1.319658e-03,5.031440e-03,7.606775e-03,6.024099e-03,1.064698e-02,8.481809e-03,8.440723e-01,1.688501e-03,8.293396e-04,1.839177e-03,4.109420e-03,6.559062e-02,3.509783e-04,1.423247e-03
2.878295e-02,9.942015e-04,3.795327e-03,5.414967e-03,4.368547e-03,1.678905e-02,6.461346e-03,6.124980e-01,5.191095e-03,8.994051e-04,1.743006e-03,3.499823e-03,3.079377e-01,3.031525e-04,1.321414e-03
2.032376e-02,1.148395e-03,2.838175e-03,3.833939e-03,3.125338e-03,2.221366e-02,4.797840e-03,4.351911e-01,3.519677e-02,2.688150e-03,1.671284e-03,3.008341e-03,4.352432e-01,6.182265e-04,2.810188e-02
1.444461e-02,3.333492e-03,2.087283e-03,2.949875e-03,2.266312e-03,1.672038e-02,3.549278e-03,3.055115e-01,2.535592e-01,1.143543e-02,1.423693e-03,3.063390e-03,3.505395e-01,1.021759e-03,2.809433e-02
1.091924e-02,1.399528e-02,2.478750e-03,3.628379e-03,1.692505e-03,1.704570e-02,4.068993e-03,2.140871e-01,2.875620e-01,2.332874e-02,1.738895e-03,1.849195e-02,3.300285e-01,7.056206e-03,6.387775e-02
8.121674e-03,2.098400e-02,2.476031e-03,3.087049e-03,1.850683e-03,1.498953e-02,3.241063e-03,1.500031e-01,3.391864e-01,1.659080e-02,4.283096e-03,2.284317e-02,3.376304e-01,5.571162e-03,6.914194e-02
6.302537e-03,2.024891e-02,2.025540e-03,6.695448e-03,2.278271e-02,1.137932e-02,2.993839e-03,1.050785e-01,4.721134e-01,1.300023e-02,3.366326e-03,1.794670e-02,2.575439e-01,5.236740e-03,5.328596e-02
5.206721e-03,2.531117e-02,2.198383e-03,1.064617e-02,1.747076e-02,9.542943e-03,2.329828e-03,7.369784e-02,5.125445e-01,1.363085e-02,1.050562e-02,1.661537e-02,1.894951e-01,1.967983e-02,9.112495e-02
5.135617e-03,3.506818e-02,2.447424e-03,1.938216e-02,1.548381e-02,7.999287e-03,1.838951e-03,5.178676e-02,5.220283e-01,1.139745e-02,3.133626e-02,1.865119e-02,1.504011e-01,1.838875e-02,1.086547e-01
5.454016e-03,1.775167e-01,2.230150e-03,3.836913e-02,1.420082e-02,6.034642e-03,1.326210e-03,3.676959e-02,4.662122e-01,8.155959e-03,2.730876e-02,1.377922e-02,1.088424e-01,1.326874e-02,8.053146e-02
6.678824e-03,1.738883e-01,7.267291e-03,6.049204e-02,1.700969e-02,5.338930e-03,1.110273e-03,2.653989e-02,4.560063e-01,7.734126e-03,5.532893e-02,1.537399e-02,8.645671e-02,1.197603e-02,6.879865e-02
1.121693e-02,1.560530e-01,1.045010e-02,5.702527e-02,2.701920e-02,6.351823e-03,9.618646e-04,2.016080e-02,4.766029e-01,1.376113e-02,6.545081e-02,1.409425e-02,7.058065e-02,9.692053e-03,6.057926e-02
1.681755e-02,2.632245e-01,1.078940e-02,1.173539e-01,2.283317e-02,5.380179e-03,7.574494e-04,1.547787e-02,3.578102e-01,1.212870e-02,5.617244e-02,1.125848e-02,5.274868e-02,7.296357e-03,4.995107e-02
2.927786e-02,2.608733e-01,1.127049e-02,1.051770e-01,2.465566e-02,5.155323e-03,6.690050e-04,1.210418e-02,3.010128e-01,1.685200e-02,6.873803e-02,1.130197e-02,4.994258e-02,7.275426e-03,9.569439e-02
2.698764e-02,2.047963e-01,1.245771e-02,9.876316e-02,2.081055e-02,4.114022e-03,5.362483e-04,1.098758e-02,3.716145e-01,3.691006e-02,5.731587e-02,8.845065e-03,3.937083e-02,6.870575e-03,9.961988e-02
2.633508e-02,1.766334e-01,1.506631e-02,8.542974e-02,1.493752e-02,3.400664e-03,4.546446e-04,8.069656e-03,4.232561e-01,6.943148e-02,4.675527e-02,7.394356e-03,3.349895e-02,1.020439e-02,7.913232e-02
5.481524e-02,1.425075e-01,1.542174e-02,6.467494e-02,1.160109e-02,5.047544e-03,5.458932e-04,7.201599e-03,3.554114e-01,8.474004e-02,4.571768e-02,6.543653e-03,3.653853e-02,5.297679e-02,1.162563e-01
6.162520e-02,1.134012e-01,1.589196e-02,5.367077e-02,1.013704e-02,4.506778e-03,6.086276e-04,7.958838e-03,3.191227e-01,1.194628e-01,3.958465e-02,5.368637e-03,3.048680e-02,4.354330e-02,1.746308e-01
5.714843e-02,8.439442e-02,1.331808e-02,3.868722e-02,7.709959e-03,5.337203e-03,6.925807e-04,6.010787e-03,2.442886e-01,1.594476e-01,2.987856e-02,4.193683e-03,2.337226e-02,4.877846e-02,2.767422e-01
6.712910e-02,6.958862e-02,1.203163e-02,2.850519e-02,6.634826e-03,4.593844e-03,5.994462e-04,4.811921e-03,1.917274e-01,1.868261e-01,2.660761e-02,3.700120e-03,2.223537e-02,5.047156e-02,3.245372e-01
5.360501e-02,7.255769e-02,1.255071e-02,2.444688e-02,4.805026e-03,4.275952e-03,4.685531e-04,3.592607e-03,2.144231e-01,1.854172e-01,2.135645e-02,3.856563e-03,1.948293e-02,4.564630e-02,3.335150e-01
3.980890e-02,6.548008e-02,1.283001e-02,1.831665e-02,3.456751e-03,3.972819e-03,4.234631e-04,2.653269e-03,1.804574e-01,1.492452e-01,1.852170e-02,4.111108e-03,1.756891e-02,7.759330e-02,4.055605e-01
4.027168e-02,6.344775e-02,1.542212e-02,1.443131e-02,3.578346e-03,3.798828e-03,3.923006e-04,2.443279e-03,1.453332e-01,1.120308e-01,4.026721e-02,4.163134e-03,2.241155e-02,7.718938e-02,4.548193e-01
3.188640e-02,6.377232e-02,1.861638e-02,1.443727e-02,4.938691e-03,3.410809e-03,5.200225e-04,2.683353e-03,1.456380e-01,8.334909e-02,3.099560e-02,4.717028e-03,2.078823e-02,6.361166e-02,5.106353e-01
3.140772e-02,8.573058e-02,2.949573e-02,2.833622e-02,6.691087e-03,6.130540e-03,6.068919e-04,2.280157e-03,1.274095e-01,6.601401e-02,3.006925e-02,8.344323e-03,2.586332e-02,7.712372e-02,4.744971e-01
2.852735e-02,1.349978e-01,2.318221e-02,2.352070e-02,8.787731e-03,6.636515e-03,6.147999e-04,2.077407e-03,1.751827e-01,4.988358e-02,3.157620e-02,7.231116e-03,2.401780e-02,5.781598e-02,4.259482e-01
2.534457e-02,1.667051e-01,1.818587e-02,3.863548e-02,1.422299e-02,6.208604e-03,7.030704e-04,4.315486e-03,1.682938e-01,3.614319e-02,2.704393e-02,7.379599e-03,2.016751e-02,4.381295e-02,4.228379e-01
3.446251e-02,1.596423e-01,1.881161e-02,1.021352e-01,1.449294e-02,7.197613e-03,6.576302e-04,3.821597e-03,1.612135e-01,3.320824e-02,2.798811e-02,1.019012e-02,2.062686e-02,4.044190e-02,3.651100e-01
3.733175e-02,1.798515e-01,1.742266e-02,8.956456e-02,2.460521e-02,8.016570e-03,6.589745e-04,4.495133e-03,2.303725e-01,3.031573e-02,2.471931e-02,9.535162e-03,2.482668e-02,3.031159e-02,2.879727e-01
4.981796e-02,1.718493e-01,2.148151e-02,1.776384e-01,3.029279e-02,9.402337e-03,7.808420e-04,6.937800e-03,2.021318e-01,2.644255e-02,2.520879e-02,1.109438e-02,2.275838e-02,2.355281e-02,2.206103e-01
5.320557e-02,1.357008e-01,2.845679e-02,1.976713e-01,2.655578e-02,9.235496e-03,7.608465e-04,6.395204e-03,1.981123e-01,3.321883e-02,2.226994e-02,1.005369e-02,1.862468e-02,3.661137e-02,2.231274e-01
4.431254e-02,1.043832e-01,2.602332e-02,1.422017e-01,2.237380e-02,7.624668e-03,6.300180e-04,5.153540e-03,2.399086e-01,4.853694e-02,1.991645e-02,7.939632e-03,1.490916e-02,2.929278e-02,2.867936e-01
8.286873e-02,8.780942e-02,2.239577e-02,1.030312e-01,1.929404e-02,6.504546e-03,6.763983e-04,4.697919e-03,2.682187e-01,8.639655e-02,1.740657e-02,6.496765e-03,1.256060e-02,2.596899e-02,2.556738e-01
1.047639e-01,7.867705e-02,2.359578e-02,8.631986e-02,1.625506e-02,6.506424e-03,7.738178e-04,5.031906e-03,3.140566e-01,8.466278e-02,1.507701e-02,6.164545e-03,1.129966e-02,2.020341e-02,2.266122e-01
1.024043e-01,8.218960e-02,2.168022e-02,6.534334e-02,1.186594e-02,6.160120e-03,6.766361e-04,4.344233e-03,3.466066e-01,1.196395e-01,1.313513e-02,4.901367e-03,8.867419e-03,2.426250e-02,1.879231e-01
9.309042e-02,7.691081e-02,1.714978e-02,4.758682e-02,8.666073e-03,5.314607e-03,5.395710e-04,3.380503e-03,3.750772e-01,1.003272e-01,1.073702e-02,3.618191e-03,6.877767e-03,3.773375e-02,2.129902e-01
1.033251e-01,8.147661e-02,1.851494e-02,3.773523e-02,6.696706e-03,7.919561e-03,5.091471e-04,3.043408e-03,3.753774e-01,7.995097e-02,1.051964e-02,3.424005e-03,7.564864e-03,6.172839e-02,2.022140e-01
9.403019e-02,8.616532e-02,4.115345e-02,3.249333e-02,5.616726e-03,7.395264e-03,5.165416e-04,2.681425e-03,3.885178e-01,7.490136e-02,1.087015e-02,3.077537e-03,6.285677e-03,5.804401e-02,1.882512e-01
1.189871e-01,8.869115e-02,3.399140e-02,2.474224e-02,4.756628e-03,7.739333e-03,4.780949e-04,2.387298e-03,3.506797e-01,6.770507e-02,9.778459e-03,3.124282e-03,6.941265e-03,8.263122e-02,1.973667e-01
1.025150e-01,8.713867e-02,3.437887e-02,3.197895e-02,7.254243e-03,6.821815e-03,4.668043e-04,2.247414e-03,4.183353e-01,5.136440e-02,7.850361e-03,2.765326e-03,5.458164e-03,6.211689e-02,1.793077e-01
7.729820e-02,7.387007e-02,2.808283e-02,2.894388e-02,1.120735e-02,1.130817e-02,6.344110e-04,1.764221e-03,3.255440e-01,4.306328e-02,7.368490e-03,2.382342e-03,5.521643e-03,8.206998e-02,3.009412e-01
5.493411e-02,5.580423e-02,2.085904e-02,3.094088e-02,1.845719e-02,1.970993e-02,7.375628e-04,1.612150e-03,2.503691e-01,3.429479e-02,1.541800e-02,6.303990e-03,1.218856e-01,6.823280e-02,3.004406e-01
4.022082e-02,4.158027e-02,1.506241e-02,4.662853e-02,1.455172e-02,1.474482e-02,5.799481e-04,1.240396e-03,2.587988e-01,2.533168e-02,2.025372e-02,1.376087e-02,1.616470e-01,5.910571e-02,2.864934e-01
2.954489e-02,3.037393e-02,1.116499e-02,3.991342e-02,1.238928e-02,1.095660e-02,4.502588e-04,9.558679e-04,2.195577e-01,1.939188e-02,1.823322e-02,1.583601e-02,1.397199e-01,7.701225e-02,3.744999e-01
2.117741e-02,2.199309e-02,8.404612e-03,2.868050e-02,9.027304e-03,8.362295e-03,3.609249e-04,7.123139e-04,1.634111e-01,1.846691e-02,1.875703e-02,1.730511e-02,1.139924e-01,1.986282e-01,3.707209e-01
1.639861e-02,1.623716e-02,5.957693e-03,2.101976e-02,6.568273e-03,7.320818e-03,4.325342e-04,5.778010e-04,1.183894e-01,1.306913e-02,1.345892e-02,5.125652e-02,3.269118e-01,1.403380e-01,2.620635e-01
1.348206e-02,1.313721e-02,4.349211e-03,1.560378e-02,4.764977e-03,6.398138e-03,3.698223e-04,5.111209e-04,8.606698e-02,9.255989e-03,9.825501e-03,5.876051e-02,4.926032e-01,9.945375e-02,1.854178e-01
1.254862e-02,1.529405e-02,4.039218e-03,1.181552e-02,3.594700e-03,8.792575e-03,6.297065e-04,5.050061e-04,1.065545e-01,7.031445e-03,8.006278e-03,7.174578e-02,5.348784e-01,8.078630e-02,1.337779e-01
9.302185e-03,1.124252e-02,2.959036e-03,8.499236e-03,3.204008e-03,8.369613e-03,4.919328e-04,3.895595e-04,7.600438e-02,5.060542e-03,6.507338e-03,7.505119e-02,6.405305e-01,5.777946e-02,9.460857e-02
8.910890e-03,1.287144e-02,3.483145e-03,1.033596e-02,4.133360e-03,9.813022e-03,5.431892e-04,5.263230e-04,5.995530e-02,4.240442e-03,1.076030e-02,8.160278e-02,6.838000e-01,4.184583e-02,6.717806e-02
8.996459e-03,1.043078e-02,3.764913e-03,8.129186e-03,8.375193e-03,1.224349e-02,7.064961e-04,1.107836e-03,4.946556e-02,3.647445e-03,1.468845e-02,7.936989e-02,7.200315e-01,3.093170e-02,4.811113e-02
9.249317e-03,8.900508e-03,6.880487e-03,6.212395e-03,2.435894e-02,1.266165e-02,1.887127e-03,3.340719e-03,4.353936e-02,3.374394e-03,1.458886e-02,7.446381e-02,7.322758e-01,2.253116e-02,3.573547e-02
1.834843e-02,9.870682e-03,1.057419e-02,5.795597e-03,2.613558e-02,1.528062e-02,2.317885e-03,4.288563e-03,4.246625e-02,4.427897e-03,1.386199e-02,7.423396e-02,7.276368e-01,1.689819e-02,2.786333e-02
2.315765e-02,1.234148e-02,1.133881e-02,4.780885e-03,2.559213e-02,1.734491e-02,2.209098e-03,4.481270e-03,3.853030e-02,3.812331e-03,1.178798e-02,7.121301e-02,7.395302e-01,1.286648e-02,2.101344e-02
2.653985e-02,1.549040e-02,1.182501e-02,4.556249e-03,2.633756e-02,2.027529e-02,3.709335e-03,5.345622e-03,3.530670e-02,4.952773e-03,9.652120e-03,6.178187e-02,7.457355e-01,9.623030e-03,1.886860e-02
2.459313e-02,1.997085e-02,1.615914e-02,3.575981e-03,4.148391e-02,1.806352e-02,5.276277e-03,5.937133e-03,3.720640e-02,4.441134e-03,8.284794e-03,7.327487e-02,7.190705e-01,7.411571e-03,1.525077e-02
2.386155e-02,1.616411e-02,3.070225e-02,3.420055e-03,5.961553e-02,1.534900e-02,9.280764e-03,3.297774e-02,3.357977e-02,3.806064e-03,7.518732e-03,6.468274e-02,6.785855e-01,6.105453e-03,1.435082e-02
2.216976e-02,1.840635e-02,2.585322e-02,3.466617e-03,4.756043e-02,1.307260e-02,8.648632e-03,2.614993e-02,2.914852e-02,3.238394e-03,5.840571e-03,6.295478e-02,7.009248e-01,5.246464e-03,2.731901e-02
2.242804e-02,3.255278e-02,3.510482e-02,5.367690e-03,3.915862e-02,1.334234e-02,9.634994e-03,2.222934e-02,4.210987e-02,3.741403e-03,4.717688e-03,6.027326e-02,6.588989e-01,4.477894e-03,4.596233e-02
2.705227e-02,9.694064e-02,3.316890e-02,7.965955e-03,2.928173e-02,1.894634e-02,9.153847e-03,1.788178e-02,6.113528e-02,3.792520e-03,4.565304e-03,7.461244e-02,5.629610e-01,4.647727e-03,4.789422e-02
3.372014e-02,7.956946e-02,4.115754e-02,6.183615e-03,2.943198e-02,2.056006e-02,1.270595e-02,5.618063e-02,5.714326e-02,3.178904e-03,4.464934e-03,7.788681e-02,5.292900e-01,4.955321e-03,4.357135e-02
5.204421e-02,7.381242e-02,5.017184e-02,5.165438e-03,4.414451e-02,2.052592e-02,1.231897e-02,4.811512e-02,5.114730e-02,2.759596e-03,4.856486e-03,8.620939e-02,5.036978e-01,5.496342e-03,3.953472e-02
5.066457e-02,6.001810e-02,4.062631e-02,5.585253e-03,3.997271e-02,2.292904e-02,1.191124e-02,3.903450e-02,4.591683e-02,2.969301e-03,4.221237e-03,8.542332e-02,5.536473e-01,4.242398e-03,3.283786e-02
4.604367e-02,4.820030e-02,3.159452e-02,4.273920e-03,3.696035e-02,1.948293e-02,1.245632e-02,3.082074e-02,4.051741e-02,2.347484e-03,3.600764e-03,1.300428e-01,5.649075e-01,3.111117e-03,2.564020e-02
3.512099e-02,3.882269e-02,2.313767e-02,3.322511e-03,2.811678e-02,1.624606e-02,9.844913e-03,2.238104e-02,3.511522e-02,1.843500e-03,3.025100e-03,1.344209e-01,6.251900e-01,2.299497e-03,2.111312e-02
2.793317e-02,2.949237e-02,1.681392e-02,2.556323e-03,2.304806e-02,1.394111e-02,7.978249e-03,1.753194e-02,3.147011e-02,1.344483e-03,2.397588e-03,1.325360e-01,6.748784e-01,1.693704e-03,1.638456e-02
2.232389e-02,2.273649e-02,1.216875e-02,2.095715e-03,1.790739e-02,1.165835e-02,6.103362e-03,1.300002e-02,2.599389e-02,1.009199e-03,2.062744e-03,1.166856e-01,7.303522e-01,1.563082e-03,1.433935e-02
1.764104e-02,1.724630e-02,9.031134e-03,1.687012e-03,1.648562e-02,8.853755e-03,4.664922e-03,9.322611e-03,2.281784e-02,7.863714e-04,1.906496e-03,8.697307e-02,7.855231e-01,1.310872e-03,1.574982e-02
1.338725e-02,1.243970e-02,6.584809e-03,1.392694e-03,1.305786e-02,7.273708e-03,3.409629e-03,6.585824e-03,1.740820e-02,6.496491e-04,2.239246e-03,6.511609e-02,8.349384e-01,1.209895e-03,1.430705e-02
1.008077e-02,8.946948e-03,4.661258e-03,1.166617e-03,1.020516e-02,1.222517e-02,2.429620e-03,4.619364e-03,1.226549e-02,7.526153e-04,6.141549e-03,5.893670e-02,8.540847e-01,1.079544e-03,1.240453e-02
8.283084e-03,6.408442e-03,3.321644e-03,1.384685e-03,8.095285e-03,2.043111e-02,1.920003e-03,3.314430e-03,8.831658e-03,7.422408e-03,7.013019e-02,8.775832e-02,7.457782e-01,1.987839e-03,2.493274e-02
6.901613e-03,4.571931e-03,2.353938e-03,1.535797e-03,5.920407e-03,2.335274e-02,1.448938e-03,2.401049e-03,6.444450e-03,1.391942e-02,1.509870e-01,1.237565e-01,6.286450e-01,2.987014e-03,2.477423e-02
5.043924e-03,3.227553e-03,1.660965e-03,1.395503e-03,4.321794e-03,3.415661e-02,1.051001e-03,1.710919e-03,4.977745e-03,1.741936e-02,1.854099e-01,2.429037e-01,4.761672e-01,2.343848e-03,1.821005e-02
3.619640e-03,2.265432e-03,1.172520e-03,1.420967e-03,3.219960e-03,3.067659e-02,7.518789e-04,1.226827e-03,4.279993e-03,1.970345e-02,2.224889e-01,3.339342e-01,3.600172e-01,1.772025e-03,1.345046e-02
2.559981e-03,1.590212e-03,8.508699e-04,1.151584e-03,3.782280e-03,2.226745e-02,5.516637e-04,9.007488e-04,3.343503e-03,1.759502e-02,3.547133e-01,3.231283e-01,2.565827e-01,1.331237e-03,9.651200e-03
1.963180e-03,1.147541e-03,6.388510e-04,1.028265e-03,6.056996e-03,1.675927e-02,4.106158e-04,6.497476e-04,2.795743e-03,2.565801e-02,4.261515e-01,3.235612e-01,1.842117e-01,1.249697e-03,7.717775e-03
1.606103e-03,9.263332e-04,5.860305e-04,7.930429e-04,6.096618e-03,1.214726e-02,3.404798e-04,6.767159e-04,2.358091e-03,3.329032e-02,5.133647e-01,2.898857e-01,1.314148e-01,9.736907e-04,5.540178e-03
4.758507e-03,1.621646e-03,7.092596e-04,8.404527e-04,2.427145e-02,1.231539e-02,6.463644e-04,2.438589e-03,2.435302e-03,3.550126e-02,5.833341e-01,2.331238e-01,9.328625e-02,7.553072e-04,3.962340e-03
1.298863e-02,1.857846e-03,3.225891e-03,1.940206e-03,4.249612e-02,1.058094e-02,3.668730e-03,1.462529e-02,2.093030e-03,4.410854e-02,6.148365e-01,1.776812e-01,6.635788e-02,6.920706e-04,2.847154e-03
4.026372e-02,8.488143e-03,5.690885e-03,3.424733e-03,5.081321e-02,1.233735e-02,3.341782e-03,2.290872e-02,3.822247e-03,7.574291e-02,5.889805e-01,1.316361e-01,4.805541e-02,1.488729e-03,3.005605e-03
6.185330e-02,2.388487e-02,2.317898e-02,1.460844e-02,7.324531e-02,2.271441e-02,4.076349e-03,3.812253e-02,8.806420e-03,8.690084e-02,5.076924e-01,9.364172e-02,3.596266e-02,2.004448e-03,3.307309e-03
7.117018e-02,2.053804e-02,2.156938e-02,1.249016e-02,5.653568e-02,1.955776e-02,4.164785e-03,3.548640e-02,1.275456e-02,8.223100e-02,5.638708e-01,6.626506e-02,2.676678e-02,3.114800e-03,3.484622e-03
8.897535e-02,5.380860e-02,3.811491e-02,3.043325e-02,5.157657e-02,2.263430e-02,5.161475e-03,2.990261e-02,3.257055e-02,1.029195e-01,4.571209e-01,4.811245e-02,2.012213e-02,5.071411e-03,1.347601e-02
6.772234e-02,1.259176e-01,3.572859e-02,2.461028e-02,3.904656e-02,4.235370e-02,3.943103e-03,2.116507e-02,3.988812e-02,7.346850e-02,4.545393e-01,3.578083e-02,1.440319e-02,7.584774e-03,1.384811e-02
4.907495e-02,9.282038e-02,2.577699e-02,1.737973e-02,2.739678e-02,3.044318e-02,2.841609e-03,1.489563e-02,2.838699e-02,5.247406e-02,5.969667e-01,2.905197e-02,1.032837e-02,1.216674e-02,9.995889e-03
3.496398e-02,6.541742e-02,1.847122e-02,1.223380e-02,1.921969e-02,2.196112e-02,2.013000e-03,1.044544e-02,2.007179e-02,3.766294e-02,6.901718e-01,2.806044e-02,7.267116e-03,2.496813e-02,7.072027e-03
2.467987e-02,4.604641e-02,1.302763e-02,8.577476e-03,1.351208e-02,1.565145e-02,1.414761e-03,7.322683e-03,1.423643e-02,2.943316e-02,7.617424e-01,2.763584e-02,5.107211e-03,2.650654e-02,5.106061e-03
1.728657e-02,3.225052e-02,9.129506e-03,6.005702e-03,9.483503e-03,1.102438e-02,9.914142e-04,5.126786e-03,9.999578e-03,2.327343e-02,8.257146e-01,2.109215e-02,3.589250e-03,2.142391e-02,3.608683e-03
1.210642e-02,2.260692e-02,6.397734e-03,4.204871e-03,6.713354e-03,7.747415e-03,6.956938e-04,3.589164e-03,7.088599e-03,3.294018e-02,8.581290e-01,1.570284e-02,2.531323e-03,1.696416e-02,2.582307e-03
8.499005e-03,1.586411e-02,4.508408e-03,2.949679e-03,4.860281e-03,5.562236e-03,4.937764e-04,2.519338e-03,5.077096e-03,9.398037e-02,8.243505e-01,1.263920e-02,1.810862e-03,1.497297e-02,1.912156e-03
5.967197e-03,1.126995e-02,3.197407e-03,2.073508e-03,3.644762e-03,4.018610e-03,3.583405e-04,1.771985e-03,3.903849e-03,2.071128e-01,7.307779e-01,1.052662e-02,1.289551e-03,1.261046e-02,1.477139e-03
4.208892e-03,8.005904e-03,2.269471e-03,1.485759e-03,4.864034e-03,3.041219e-03,2.721346e-04,1.248315e-03,2.993388e-03,3.636010e-01,5.880070e-01,8.248302e-03,9.407808e-04,9.698236e-03,1.115564e-03
2.962550e-03,5.659913e-03,1.597195e-03,1.053110e-03,4.107814e-03,2.642997e-03,1.919892e-04,8.756405e-04,2.277045e-03,5.184362e-01,4.454381e-01,5.856520e-03,6.894565e-04,7.330084e-03,8.813544e-04
2.091251e-03,4.157326e-03,1.136664e-03,7.432766e-04,3.579035e-03,2.246884e-03,1.353022e-04,6.135253e-04,1.674937e-03,6.321774e-01,3.403426e-01,4.169947e-03,5.162540e-04,5.699588e-03,7.160763e-04
1.478662e-03,3.109034e-03,8.180561e-04,5.252723e-04,2.628173e-03,1.972041e-03,9.529313e-05,4.301584e-04,1.495116e-03,7.122532e-01,2.665068e-01,3.055605e-03,3.997226e-04,4.611800e-03,6.210459e-04
1.040638e-03,2.496708e-03,5.923393e-04,3.717933e-04,1.919287e-03,1.529727e-03,6.724357e-05,3.013809e-04,1.641650e-03,7.735230e-01,2.093272e-01,2.392124e-03,3.367931e-04,3.947958e-03,5.121928e-04
7.342671e-04,2.107773e-03,4.287966e-04,2.634795e-04,1.380219e-03,1.319059e-03,4.724092e-05,2.111792e-04,1.255423e-03,8.262818e-01,1.603146e-01,1.728173e-03,2.879612e-04,3.248565e-03,3.914879e-04
5.192474e-04,2.292554e-03,3.217307e-04,1.862951e-04,9.857172e-04,1.134213e-03,3.318060e-05,1.480111e-04,9.364252e-04,8.622019e-01,1.267214e-01,1.269049e-03,2.682008e-04,2.667419e-03,3.146208e-04
3.745754e-04,2.457364e-03,3.316179e-04,1.416058e-04,9.438345e-04,9.015634e-04,2.574040e-05,1.102908e-04,1.340483e-03,8.942883e-01,9.456726e-02,1.297421e-03,5.815239e-04,2.365480e-03,2.729587e-04
4.490702e-04,3.576420e-03,3.888060e-04,1.606239e-04,1.073334e-03,9.160901e-04,3.141463e-05,1.254255e-04,1.577420e-02,8.998223e-01,6.874638e-02,1.348637e-03,6.283870e-04,6.541708e-03,4.171893e-04
4.587540e-04,3.127330e-03,3.444530e-04,1.697351e-04,1.443225e-03,1.712919e-03,3.765289e-05,1.131975e-04,1.267692e-02,8.881559e-01,8.173111e-02,1.838880e-03,7.218465e-04,7.059997e-03,4.080859e-04
4.093157e-04,2.989519e-03,2.839134e-04,1.754518e-04,1.251954e-03,2.111403e-03,3.080976e-05,9.163031e-05,9.545928e-03,9.003423e-01,7.355672e-02,1.850832e-03,8.687222e-04,6.085047e-03,4.064637e-04
5.233688e-04,4.213991e-03,3.634945e-04,2.406548e-04,1.066302e-03,9.964691e-03,2.897524e-05,1.618076e-04,1.357988e-02,8.874586e-01,6.116615e-02,7.669793e-03,7.676130e-03,5.392839e-03,4.934015e-04
8.462263e-04,4.365503e-03,4.115804e-04,4.327340e-04,1.438737e-03,2.054202e-02,3.352064e-05,4.117594e-04,3.739778e-02,7.895688e-01,7.645437e-02,3.309761e-02,2.806447e-02,6.252605e-03,6.822294e-04
1.197509e-03,3.421571e-03,3.181047e-04,5.075608e-04,6.278939e-03,1.546682e-02,5.729761e-05,9.104012e-04,1.132409e-01,6.135484e-01,8.623555e-02,1.069493e-01,4.527802e-02,6.023009e-03,5.666310e-04
1.692543e-03,2.759724e-03,4.272713e-04,1.576942e-03,4.731521e-02,1.186395e-02,1.155882e-03,1.388851e-02,1.471263e-01,5.463413e-01,7.392031e-02,9.855719e-02,4.796118e-02,4.879012e-03,5.346705e-04
2.196559e-03,2.184428e-03,3.856196e-04,1.882426e-03,1.081911e-01,1.028964e-02,1.348220e-03,1.084866e-02,1.972084e-01,4.902522e-01,5.781713e-02,7.468043e-02,3.851682e-02,3.672755e-03,5.256383e-04
2.428578e-03,1.809158e-03,3.894399e-04,3.449538e-03,8.916835e-02,1.143431e-02,1.086497e-03,8.973775e-03,2.043262e-01,5.177284e-01,4.863060e-02,6.534490e-02,4.131065e-02,3.041399e-03,8.781658e-04
2.852314e-03,2.383067e-03,5.027775e-04,6.553323e-03,6.619114e-02,1.629001e-02,9.505886e-04,7.565141e-03,2.028642e-01,5.233766e-01,4.432978e-02,5.013406e-02,7.201204e-02,2.742406e-03,1.252505e-03
2.669480e-03,3.044941e-03,5.448186e-04,7.183918e-03,4.829518e-02,1.261290e-02,7.547375e-04,7.727785e-03,2.263336e-01,5.006453e-01,4.762248e-02,4.808751e-02,9.084705e-02,2.294948e-03,1.335418e-03
2.401096e-03,2.726757e-03,2.260910e-03,1.121646e-02,4.184972e-02,9.782355e-03,1.364910e-03,9.546959e-02,1.855694e-01,4.840287e-01,4.075426e-02,3.745609e-02,7.988248e-02,2.445915e-03,2.791369e-03
2.399177e-03,4.061273e-03,1.488206e-02,1.554067e-02,4.935450e-02,1.133010e-02,3.211341e-03,2.099825e-01,1.726734e-01,3.796255e-01,3.577395e-02,2.797041e-02,6.707616e-02,2.249842e-03,3.869165e-03
3.008379e-03,2.078282e-02,1.351444e-02,1.328752e-02,5.794617e-02,3.192931e-02,2.882669e-03,1.480435e-01,3.343467e-01,2.679093e-01,2.686184e-02,2.013708e-02,5.045632e-02,1.712821e-03,7.181097e-03
2.770886e-03,5.248431e-02,1.171704e-02,1.294172e-02,5.740481e-02,3.659008e-02,3.082003e-03,1.045564e-01,4.458136e-01,1.885965e-01,2.247272e-02,1.522703e-02,3.795137e-02,1.251997e-03,7.139561e-03
2.164417e-03,4.094826e-02,9.363145e-03,4.555967e-02,8.014281e-02,3.677634e-02,2.720112e-03,7.373137e-02,4.842723e-01,1.323546e-01,1.951063e-02,1.277189e-02,5.273778e-02,8.994840e-04,6.047163e-03
2.185827e-03,2.907528e-02,7.077584e-03,3.744259e-02,7.463926e-02,7.392945e-02,2.395664e-03,5.196976e-02,3.648202e-01,9.301923e-02,2.828555e-02,3.756533e-02,1.853750e-01,7.773336e-04,1.144192e-02
1.951590e-03,2.087840e-02,5.183653e-03,3.224969e-02,6.120777e-02,5.739630e-02,1.791042e-03,3.662695e-02,2.724783e-01,6.521747e-02,4.469290e-02,1.152173e-01,2.737525e-01,5.953287e-04,1.076073e-02
2.301900e-03,1.518565e-02,4.023194e-03,2.950634e-02,5.221499e-02,4.366429e-02,1.417774e-03,2.576933e-02,2.046293e-01,4.577544e-02,3.531103e-02,1.818222e-01,3.478656e-01,5.461979e-04,9.966691e-03
1.871986e-03,1.125412e-02,2.896994e-03,2.164594e-02,3.975751e-02,3.255926e-02,1.040517e-03,1.813141e-02,1.520830e-01,3.214758e-02,2.893764e-02,2.340355e-01,4.137148e-01,5.094192e-04,9.414357e-03
1.507001e-03,9.091931e-03,2.056814e-03,1.568356e-02,2.871784e-02,3.212233e-02,7.703460e-04,1.275165e-02,1.175237e-01,2.266086e-02,2.667208e-02,3.047463e-01,4.175287e-01,5.406974e-04,7.626071e-03
1.350661e-03,8.141404e-03,1.610014e-03,1.257748e-02,2.133641e-02,4.557346e-02,6.093485e-04,9.156176e-03,1.026969e-01,1.646363e-02,2.358439e-02,3.376583e-01,4.124502e-01,6.113469e-04,6.180310e-03
1.200615e-03,6.802312e-03,1.271031e-03,8.942505e-03,1.601968e-02,3.789106e-02,1.041301e-03,7.007072e-03,8.333169e-02,1.188302e-02,1.876054e-02,3.428737e-01,4.572196e-01,5.316421e-04,5.224203e-03
1.240350e-03,5.539414e-03,1.016544e-03,6.476926e-03,1.417586e-02,3.204290e-02,1.371865e-03,6.487154e-03,7.120354e-02,8.596203e-03,1.410405e-02,3.256159e-01,5.074618e-01,4.236473e-04,4.243805e-03
1.104875e-03,5.830098e-03,7.590802e-04,4.635072e-03,1.165758e-02,2.762400e-02,1.149252e-03,4.733371e-03,6.740120e-02,6.156225e-03,1.046258e-02,2.972683e-01,5.577377e-01,3.089496e-04,3.171607e-03
1.219372e-03,1.636684e-02,7.682978e-04,3.448715e-03,1.064259e-02,2.223494e-02,9.194998e-04,3.377869e-03,7.066164e-02,4.916547e-03,8.752750e-03,2.368037e-01,6.168545e-01,3.605265e-04,2.672201e-03
1.340308e-03,2.364351e-02,7.957346e-04,2.665602e-03,8.683087e-03,2.419581e-02,9.060348e-04,2.734712e-03,7.840318e-02,3.724658e-03,6.507364e-03,1.781203e-01,6.654036e-01,3.229906e-04,2.553066e-03
1.242667e-03,3.932044e-02,1.072770e-03,1.971404e-03,7.213755e-03,2.914264e-02,1.049925e-03,2.847760e-03,1.063961e-01,2.799006e-03,5.246125e-03,1.472951e-01,6.516631e-01,3.086211e-04,2.430606e-03
1.118526e-03,3.954700e-02,3.908785e-03,2.082117e-03,6.240834e-03,3.337391e-02,1.286422e-03,1.194252e-02,1.617744e-01,2.162414e-03,4.294803e-03,1.204901e-01,6.067340e-01,3.043151e-04,4.739925e-03
1.179973e-03,5.911292e-02,4.562910e-03,1.801647e-03,6.165940e-03,4.304012e-02,1.290284e-03,1.088425e-02,2.048881e-01,1.681768e-03,3.575262e-03,1.012686e-01,5.539419e-01,3.452371e-04,6.261160e-03
1.403559e-03,1.005104e-01,6.175991e-03,2.748054e-03,5.459331e-03,6.046697e-02,1.845266e-03,1.686297e-02,2.520419e-01,1.314306e-03,2.846822e-03,8.850263e-02,4.522923e-01,3.435327e-04,7.186033e-03
2.708005e-03,1.196153e-01,6.490701e-03,2.890401e-03,5.713489e-03,1.306105e-01,3.753768e-03,1.457688e-02,2.655066e-01,1.231951e-03,2.142393e-03,7.488777e-02,3.584228e-01,6.845792e-04,1.076490e-02
5.050239e-03,1.272627e-01,6.683219e-03,2.954385e-03,8.661812e-03,1.642861e-01,7.154457e-03,1.566807e-02,2.912081e-01,1.197515e-03,1.626353e-03,6.756574e-02,2.844931e-01,8.281908e-04,1.536002e-02
7.586558e-03,2.030801e-01,5.749954e-03,2.299752e-03,7.657588e-03,1.801335e-01,5.490418e-03,1.383552e-02,2.655832e-01,1.118755e-03,1.352909e-03,4.990795e-02,2.221755e-01,1.360868e-03,3.266749e-02
1.295294e-02,2.572622e-01,7.295692e-03,1.802990e-03,7.215701e-03,1.864039e-01,4.981863e-03,1.780709e-02,2.402705e-01,1.015366e-03,1.208897e-03,4.806371e-02,1.641140e-01,1.893373e-03,4.771174e-02
2.223376e-02,2.540386e-01,1.426801e-02,1.579579e-03,8.907517e-03,1.424890e-01,5.530587e-03,2.087018e-02,2.078563e-01,9.038342e-04,1.009068e-03,3.571174e-02,1.207255e-01,2.443672e-03,1.614327e-01
2.632115e-02,2.303308e-01,3.966974e-02,1.931107e-03,1.138522e-02,1.041147e-01,5.691511e-03,2.513302e-02,1.831585e-01,1.478575e-03,7.662014e-04,2.514040e-02,8.578544e-02,2.047100e-03,2.570464e-01
3.300903e-02,2.542188e-01,3.328557e-02,2.067391e-03,1.198339e-02,7.871309e-02,6.057546e-03,2.814453e-02,2.101642e-01,2.781017e-03,7.014932e-04,1.775463e-02,6.370524e-02,1.695873e-03,2.557181e-01
3.144644e-02,3.376060e-01,2.840532e-02,3.899453e-03,1.235612e-02,5.633938e-02,4.380005e-03,2.242996e-02,1.711994e-01,8.689734e-03,8.243454e-04,1.282826e-02,4.522852e-02,1.311403e-03,2.630557e-01
3.667691e-02,3.012003e-01,2.355033e-02,5.035032e-03,1.380073e-02,4.158673e-02,3.361451e-03,2.310394e-02,1.464541e-01,1.172394e-02,1.034152e-03,9.273463e-03,3.291344e-02,1.481283e-03,3.488042e-01
