1.000000e+00,0.000000e+00,0.000000e+00,0.000000e+00,0.000000e+00,0.000000e+00,0.000000e+00,0.000000e+00,0.000000e+00,0.000000e+00,0.000000e+00,0.000000e+00,0.000000e+00,0.000000e+00,0.000000e+00
1.000000e+00,0.000000e+00,0.000000e+00,0.000000e+00,0.000000e+00,0.000000e+00,0.000000e+00,0.000000e+00,0.000000e+00,0.000000e+00,0.000000e+00,0.000000e+00,0.000000e+00,0.000000e+00,0.000000e+00
1.000000e+00,0.000000e+00,0.000000e+00,0.000000e+00,0.000000e+00,0.000000e+00,0.000000e+00,0.000000e+00,0.000000e+00,0.000000e+00,0.000000e+00,0.000000e+00,0.000000e+00,0.000000e+00,0.000000e+00
1.000000e+00,0.000000e+00,0.000000e+00,0.000000e+00,0.000000e+00,0.000000e+00,0.000000e+00,0.000000e+00,0.000000e+00,0.000000e+00,0.000000e+00,0.000000e+00,0.000000e+00,0.000000e+00,0.000000e+00
1.000000e+00,0.000000e+00,0.000000e+00,0.000000e+00,0.000000e+00,0.000000e+00,0.000000e+00,0.000000e+00,0.000000e+00,0.000000e+00,0.000000e+00,0.000000e+00,0.000000e+00,0.000000e+00,0.000000e+00
1.000000e+00,0.000000e+00,0.000000e+00,0.000000e+00,0.000000e+00,0.000000e+00,0.000000e+00,0.000000e+00,0.000000e+00,0.000000e+00,0.000000e+00,0.000000e+00,0.000000e+00,0.000000e+00,0.000000e+00
1.000000e+00,0.000000e+00,0.000000e+00,0.000000e+00,0.000000e+00,0.000000e+00,0.000000e+00,0.000000e+00,0.000000e+00,0.000000e+00,0.000000e+00,0.000000e+00,0.000000e+00,0.000000e+00,0.000000e+00
1.000000e+00,0.000000e+00,0.000000e+00,0.000000e+00,0.000000e+00,0.000000e+00,0.000000e+00,0.000000e+00,0.000000e+00,0.000000e+00,0.000000e+00,0.000000e+00,0.000000e+00,0.000000e+00,0.000000e+00
1.000000e+00,0.000000e+00,0.000000e+00,0.000000e+00,0.000000e+00,0.000000e+00,0.000000e+00,0.000000e+00,0.000000e+00,0.000000e+00,0.000000e+00,0.000000e+00,0.000000e+00,0.000000e+00,0.000000e+00
1.000000e+00,0.000000e+00,0.000000e+00,0.000000e+00,0.000000e+00,0.000000e+00,0.000000e+00,0.000000e+00,0.000000e+00,0.000000e+00,0.000000e+00,0.000000e+00,0.000000e+00,0.000000e+00,0.000000e+00
1.000000e+00,0.000000e+00,0.000000e+00,0.000000e+00,0.000000e+00,0.000000e+00,0.000000e+00,0.000000e+00,0.000000e+00,0.000000e+00,0.000000e+00,0.000000e+00,0.000000e+00,0.000000e+00,0.000000e+00
1.000000e+00,0.000000e+00,0.000000e+00,0.000000e+00,0.000000e+00,0.000000e+00,0.000000e+00,0.000000e+00,0.000000e+00,0.000000e+00,0.000000e+00,0.000000e+00,0.000000e+00,0.000000e+00,0.000000e+00
1.000000e+00,0.000000e+00,0.000000e+00,0.000000e+00,0.000000e+00,0.000000e+00,0.000000e+00,0.000000e+00,0.000000e+00,0.000000e+00,0.000000e+00,0.000000e+00,0.000000e+00,0.000000e+00,0.000000e+00
1.000000e+00,0.000000e+00,0.000000e+00,0.000000e+00,0.000000e+00,0.000000e+00,0.000000e+00,0.000000e+00,0.000000e+00,0.000000e+00,0.000000e+00,0.000000e+00,0.000000e+00,0.000000e+00,0.000000e+00
1.000000e+00,0.000000e+00,0.000000e+00,0.000000e+00,0.000000e+00,0.000000e+00,0.000000e+00,0.000000e+00,0.000000e+00,0.000000e+00,0.000000e+00,0.000000e+00,0.000000e+00,0.000000e+00,0.000000e+00
1.000000e+00,0.000000e+00,0.000000e+00,0.000000e+00,0.000000e+00,0.000000e+00,0.000000e+00,0.000000e+00,0.000000e+00,0.000000e+00,0.000000e+00,0.000000e+00,0.000000e+00,0.000000e+00,0.000000e+00
1.000000e+00,0.000000e+00,0.000000e+00,0.000000e+00,0.000000e+00,0.000000e+00,0.000000e+00,0.000000e+00,0.000000e+00,0.000000e+00,0.000000e+00,0.000000e+00,0.000000e+00,0.000000e+00,0.000000e+00
1.000000e+00,0.000000e+00,0.000000e+00,0.000000e+00,0.000000e+00,0.000000e+00,0.000000e+00,0.000000e+00,0.000000e+00,0.000000e+00,0.000000e+00,0.000000e+00,0.000000e+00,0.000000e+00,0.000000e+00
1.000000e+00,0.000000e+00,0.000000e+00,0.000000e+00,0.000000e+00,0.000000e+00,0.000000e+00,0.000000e+00,0.000000e+00,0.000000e+00,0.000000e+00,0.000000e+00,0.000000e+00,0.000000e+00,0.000000e+00
1.000000e+00,0.000000e+00,0.000000e+00,0.000000e+00,0.000000e+00,0.000000e+00,0.000000e+00,0.000000e+00,0.000000e+00,0.000000e+00,0.000000e+00,0.000000e+00,0.000000e+00,0.000000e+00,0.000000e+00
1.000000e+00,0.000000e+00,0.000000e+00,0.000000e+00,0.000000e+00,0.000000e+00,0.000000e+00,0.000000e+00,0.000000e+00,0.000000e+00,0.000000e+00,0.000000e+00,0.000000e+00,0.000000e+00,0.000000e+00
1.000000e+00,0.000000e+00,0.000000e+00,0.000000e+00,0.000000e+00,0.000000e+00,0.000000e+00,0.000000e+00,0.000000e+00,0.000000e+00,0.000000e+00,0.000000e+00,0.000000e+00,0.000000e+00,0.000000e+00
1.000000e+00,0.000000e+00,0.000000e+00,0.000000e+00,0.000000e+00,0.000000e+00,0.000000e+00,0.000000e+00,0.000000e+00,0.000000e+00,0.000000e+00,0.000000e+00,0.000000e+00,0.000000e+00,0.000000e+00
1.000000e+00,0.000000e+00,0.000000e+00,0.000000e+00,0.000000e+00,0.000000e+00,0.000000e+00,0.000000e+00,0.000000e+00,0.000000e+00,0.000000e+00,0.000000e+00,0.000000e+00,0.000000e+00,0.000000e+00
1.000000e+00,0.000000e+00,0.000000e+00,0.000000e+00,0.000000e+00,0.000000e+00,0.000000e+00,0.000000e+00,0.000000e+00,0.000000e+00,0.000000e+00,0.000000e+00,0.000000e+00,0.000000e+00,0.000000e+00
1.000000e+00,0.000000e+00,0.000000e+00,0.000000e+00,0.000000e+00,0.000000e+00,0.000000e+00,0.000000e+00,0.000000e+00,0.000000e+00,0.000000e+00,0.000000e+00,0.000000e+00,0.000000e+00,0.000000e+00
1.000000e+00,0.000000e+00,0.000000e+00,0.000000e+00,0.000000e+00,0.000000e+00,0.000000e+00,0.000000e+00,0.000000e+00,0.000000e+00,0.000000e+00,0.000000e+00,0.000000e+00,0.000000e+00,0.000000e+00
1.000000e+00,0.000000e+00,0.000000e+00,0.000000e+00,0.000000e+00,0.000000e+00,0.000000e+00,0.000000e+00,0.000000e+00,0.000000e+00,0.000000e+00,0.000000e+00,0.000000e+00,0.000000e+00,0.000000e+00
1.000000e+00,0.000000e+00,0.000000e+00,0.000000e+00,0.000000e+00,0.000000e+00,0.000000e+00,0.000000e+00,0.000000e+00,0.000000e+00,0.000000e+00,0.000000e+00,0.000000e+00,0.000000e+00,0.000000e+00
1.000000e+00,0.000000e+00,0.000000e+00,0.000000e+00,0.000000e+00,0.000000e+00,0.000000e+00,0.000000e+00,0.000000e+00,0.000000e+00,0.000000e+00,0.000000e+00,0.000000e+00,0.000000e+00,0.000000e+00
1.000000e+00,0.000000e+00,0.000000e+00,0.000000e+00,0.000000e+00,0.000000e+00,0.000000e+00,0.000000e+00,0.000000e+00,0.000000e+00,0.000000e+00,0.000000e+00,0.000000e+00,0.000000e+00,0.000000e+00
1.000000e+00,0.000000e+00,0.000000e+00,0.000000e+00,0.000000e+00,0.000000e+00,0.000000e+00,0.000000e+00,0.000000e+00,0.000000e+00,0.000000e+00,0.000000e+00,0.000000e+00,0.000000e+00,0.000000e+00
1.000000e+00,0.000000e+00,0.000000e+00,0.000000e+00,0.000000e+00,0.000000e+00,0.000000e+00,0.000000e+00,0.000000e+00,0.000000e+00,0.000000e+00,0.000000e+00,0.000000e+00,0.000000e+00,0.000000e+00
1.000000e+00,0.000000e+00,0.000000e+00,0.000000e+00,0.000000e+00,0.000000e+00,0.000000e+00,0.000000e+00,0.000000e+00,0.000000e+00,0.000000e+00,0.000000e+00,0.000000e+00,0.000000e+00,0.000000e+00
1.000000e+00,0.000000e+00,0.000000e+00,0.000000e+00,0.000000e+00,0.000000e+00,0.000000e+00,0.000000e+00,0.000000e+00,0.000000e+00,0.000000e+00,0.000000e+00,0.000000e+00,0.000000e+00,0.000000e+00
1.000000e+00,0.000000e+00,0.000000e+00,0.000000e+00,0.000000e+00,0.000000e+00,0.000000e+00,0.000000e+00,0.000000e+00,0.000000e+00,0.000000e+00,0.000000e+00,0.000000e+00,0.000000e+00,0.000000e+00
1.000000e+00,0.000000e+00,0.000000e+00,0.000000e+00,0.000000e+00,0.000000e+00,0.000000e+00,0.000000e+00,0.000000e+00,0.000000e+00,0.000000e+00,0.000000e+00,0.000000e+00,0.000000e+00,0.000000e+00
1.000000e+00,0.000000e+00,0.000000e+00,0.000000e+00,0.000000e+00,0.000000e+00,0.000000e+00,0.000000e+00,0.000000e+00,0.000000e+00,0.000000e+00,0.000000e+00,0.000000e+00,0.000000e+00,0.000000e+00
1.000000e+00,0.000000e+00,0.000000e+00,0.000000e+00,0.000000e+00,0.000000e+00,0.000000e+00,0.000000e+00,0.000000e+00,0.000000e+00,0.000000e+00,0.000000e+00,0.000000e+00,0.000000e+00,0.000000e+00
1.000000e+00,0.000000e+00,0.000000e+00,0.000000e+00,0.000000e+00,0.000000e+00,0.000000e+00,0.000000e+00,0.000000e+00,0.000000e+00,0.000000e+00,0.000000e+00,0.000000e+00,0.000000e+00,0.000000e+00
1.000000e+00,0.000000e+00,0.000000e+00,0.000000e+00,0.000000e+00,0.000000e+00,0.000000e+00,0.000000e+00,0.000000e+00,0.000000e+00,0.000000e+00,0.000000e+00,0.000000e+00,0.000000e+00,0.000000e+00
1.000000e+00,0.000000e+00,0.000000e+00,0.000000e+00,0.000000e+00,0.000000e+00,0.000000e+00,0.000000e+00,0.000000e+00,0.000000e+00,0.000000e+00,0.000000e+00,0.000000e+00,0.000000e+00,0.000000e+00
1.000000e+00,0.000000e+00,0.000000e+00,0.000000e+00,0.000000e+00,0.000000e+00,0.000000e+00,0.000000e+00,0.000000e+00,0.000000e+00,0.000000e+00,0.000000e+00,0.000000e+00,0.000000e+00,0.000000e+00
1.000000e+00,0.000000e+00,0.000000e+00,0.000000e+00,0.000000e+00,0.000000e+00,0.000000e+00,0.000000e+00,0.000000e+00,0.000000e+00,0.000000e+00,0.000000e+00,0.000000e+00,0.000000e+00,0.000000e+00
1.000000e+00,0.000000e+00,0.000000e+00,0.000000e+00,0.000000e+00,0.000000e+00,0.000000e+00,0.000000e+00,0.000000e+00,0.000000e+00,0.000000e+00,0.000000e+00,0.000000e+00,0.000000e+00,0.000000e+00
1.000000e+00,0.000000e+00,0.000000e+00,0.000000e+00,0.000000e+00,0.000000e+00,0.000000e+00,0.000000e+00,0.000000e+00,0.000000e+00,0.000000e+00,0.000000e+00,0.000000e+00,0.000000e+00,0.000000e+00
1.000000e+00,0.000000e+00,0.000000e+00,0.000000e+00,0.000000e+00,0.000000e+00,0.000000e+00,0.000000e+00,0.000000e+00,0.000000e+00,0.000000e+00,0.000000e+00,0.000000e+00,0.000000e+00,0.000000e+00
1.000000e+00,0.000000e+00,0.000000e+00,0.000000e+00,0.000000e+00,0.000000e+00,0.000000e+00,0.000000e+00,0.000000e+00,0.000000e+00,0.000000e+00,0.000000e+00,0.000000e+00,0.000000e+00,0.000000e+00
1.000000e+00,0.000000e+00,0.000000e+00,0.000000e+00,0.000000e+00,0.000000e+00,0.000000e+00,0.000000e+00,0.000000e+00,0.000000e+00,0.000000e+00,0.000000e+00,0.000000e+00,0.000000e+00,0.000000e+00
1.000000e+00,0.000000e+00,0.000000e+00,0.000000e+00,0.000000e+00,0.000000e+00,0.000000e+00,0.000000e+00,0.000000e+00,0.000000e+00,0.000000e+00,0.000000e+00,0.000000e+00,0.000000e+00,0.000000e+00
1.000000e+00,0.000000e+00,0.000000e+00,0.000000e+00,0.000000e+00,0.000000e+00,0.000000e+00,0.000000e+00,0.000000e+00,0.000000e+00,0.000000e+00,0.000000e+00,0.000000e+00,0.000000e+00,0.000000e+00
1.000000e+00,0.000000e+00,0.000000e+00,0.000000e+00,0.000000e+00,0.000000e+00,0.000000e+00,0.000000e+00,0.000000e+00,0.000000e+00,0.000000e+00,0.000000e+00,0.000000e+00,0.000000e+00,0.000000e+00
1.000000e+00,0.000000e+00,0.000000e+00,0.000000e+00,0.000000e+00,0.000000e+00,0.000000e+00,0.000000e+00,0.000000e+00,0.000000e+00,0.000000e+00,0.000000e+00,0.000000e+00,0.000000e+00,0.000000e+00
1.000000e+00,0.000000e+00,0.000000e+00,0.000000e+00,0.000000e+00,0.000000e+00,0.000000e+00,0.000000e+00,0.000000e+00,0.000000e+00,0.000000e+00,0.000000e+00,0.000000e+00,0.000000e+00,0.000000e+00
1.000000e+00,0.000000e+00,0.000000e+00,0.000000e+00,0.000000e+00,0.000000e+00,0.000000e+00,0.000000e+00,0.000000e+00,0.000000e+00,0.000000e+00,0.000000e+00,0.000000e+00,0.000000e+00,0.000000e+00
1.000000e+00,0.000000e+00,0.000000e+00,0.000000e+00,0.000000e+00,0.000000e+00,0.000000e+00,0.000000e+00,0.000000e+00,0.000000e+00,0.000000e+00,0.000000e+00,0.000000e+00,0.000000e+00,0.000000e+00
1.000000e+00,0.000000e+00,0.000000e+00,0.000000e+00,0.000000e+00,0.000000e+00,0.000000e+00,0.000000e+00,0.000000e+00,0.000000e+00,0.000000e+00,0.000000e+00,0.000000e+00,0.000000e+00,0.000000e+00
1.000000e+00,0.000000e+00,0.000000e+00,0.000000e+00,0.000000e+00,0.000000e+00,0.000000e+00,0.000000e+00,0.000000e+00,0.000000e+00,0.000000e+00,0.000000e+00,0.000000e+00,0.000000e+00,0.000000e+00
1.000000e+00,0.000000e+00,0.000000e+00,0.000000e+00,0.000000e+00,0.000000e+00,0.000000e+00,0.000000e+00,0.000000e+00,0.000000e+00,0.000000e+00,0.000000e+00,0.000000e+00,0.000000e+00,0.000000e+00
1.000000e+00,0.000000e+00,0.000000e+00,0.000000e+00,0.000000e+00,0.000000e+00,0.000000e+00,0.000000e+00,0.000000e+00,0.000000e+00,0.000000e+00,0.000000e+00,0.000000e+00,0.000000e+00,0.000000e+00
1.000000e+00,0.000000e+00,0.000000e+00,0.000000e+00,0.000000e+00,0.000000e+00,0.000000e+00,0.000000e+00,0.000000e+00,0.000000e+00,0.000000e+00,0.000000e+00,0.000000e+00,0.000000e+00,0.000000e+00
1.000000e+00,0.000000e+00,0.000000e+00,0.000000e+00,0.000000e+00,0.000000e+00,0.000000e+00,0.000000e+00,0.000000e+00,0.000000e+00,0.000000e+00,0.000000e+00,0.000000e+00,0.000000e+00,0.000000e+00
4.302871e-01,6.468157e-02,1.166738e-02,3.851828e-01,5.461726e-03,9.147414e-03,2.536452e-03,7.391472e-03,1.068820e-02,3.491963e-03,1.890936e-02,1.312122e-02,1.221889e-02,2.495277e-03,2.271919e-02
3.098766e-01,5.408431e-02,9.155997e-03,4.473967e-01,4.389961e-03,1.186377e-02,2.167385e-03,5.665940e-03,4.050375e-02,4.353610e-03,1.933786e-02,9.556036e-03,3.856971e-02,1.921053e-03,4.115731e-02
2.176180e-01,4.322315e-02,6.716945e-03,3.603868e-01,3.479906e-03,1.079336e-02,1.644696e-03,4.072994e-03,3.470624e-02,3.256905e-03,1.437353e-02,7.278102e-03,2.594538e-01,1.355269e-03,3.164027e-02
1.525015e-01,4.048462e-02,5.580634e-03,2.589653e-01,2.841452e-03,8.661948e-03,1.274715e-03,2.905911e-03,4.689062e-02,2.595581e-03,1.066690e-02,5.998425e-03,4.141926e-01,9.905720e-04,4.544914e-02
1.068620e-01,3.033739e-02,4.304382e-03,1.829558e-01,2.275374e-03,8.134285e-03,1.121070e-03,2.238695e-03,4.360719e-02,1.887661e-03,7.872202e-03,4.611821e-03,5.601854e-01,7.062210e-04,4.290050e-02
7.495198e-02,2.267324e-02,3.094590e-03,1.285284e-01,1.677753e-03,6.532366e-03,8.168807e-04,1.599613e-03,3.849660e-02,1.344198e-03,5.561385e-03,4.459919e-03,6.777296e-01,4.958922e-04,3.203757e-02
5.254871e-02,1.610043e-02,2.315878e-03,9.028547e-02,1.393879e-03,5.604547e-03,6.309723e-04,1.134659e-03,3.038890e-02,9.521865e-04,3.955088e-03,4.015422e-03,7.672746e-01,3.522717e-04,2.304706e-02
3.687229e-02,1.135663e-02,1.717065e-03,6.330006e-02,1.556848e-03,4.493258e-03,5.177397e-04,8.052302e-04,2.186677e-02,7.407375e-04,2.973796e-03,4.862246e-03,8.273159e-01,2.650957e-04,2.135641e-02
2.635963e-02,8.051470e-03,1.353757e-03,4.453270e-02,1.257148e-03,9.658637e-03,4.633695e-04,5.980559e-04,1.584497e-02,8.588613e-04,2.708497e-03,2.129530e-02,8.438231e-01,3.546466e-04,2.283993e-02
1.926562e-02,5.770379e-03,1.430060e-03,3.148965e-02,1.117337e-03,1.313124e-02,7.608240e-04,5.647173e-04,1.183830e-02,1.794093e-03,3.850311e-03,4.301329e-02,8.390015e-01,5.201866e-04,2.645248e-02
1.478815e-02,4.179099e-03,1.295663e-03,2.234536e-02,1.578046e-03,1.143803e-02,1.386346e-03,9.415402e-04,1.197710e-02,3.383917e-03,7.541058e-03,6.800608e-02,8.189111e-01,9.436641e-04,3.128484e-02
1.120368e-02,3.012906e-03,1.124456e-03,1.596062e-02,2.427361e-03,1.110038e-02,2.455592e-03,1.350119e-03,1.559894e-02,4.122178e-03,1.491574e-02,9.262647e-02,7.887327e-01,8.776688e-04,3.449120e-02
8.004698e-03,2.160561e-03,9.960253e-04,1.149476e-02,2.166423e-03,1.010991e-02,2.630289e-03,2.380419e-03,2.063705e-02,8.404853e-03,3.411286e-02,1.042642e-01,7.640905e-01,6.766872e-04,2.787076e-02
5.646574e-03,1.552173e-03,7.183896e-04,8.161418e-03,1.837765e-03,8.250006e-03,1.978382e-03,1.768327e-03,2.533546e-02,1.167733e-02,4.059813e-02,1.378977e-01,7.315832e-01,5.639100e-04,2.243114e-02
3.993519e-03,1.220633e-03,5.863407e-04,5.847772e-03,1.452152e-03,6.136212e-03,1.459957e-03,1.559777e-03,3.394633e-02,1.316650e-02,4.475897e-02,1.661810e-01,7.008049e-01,4.435671e-04,1.844233e-02
2.841082e-03,1.085237e-03,4.741846e-04,4.175258e-03,1.054326e-03,4.419179e-03,1.285494e-03,2.590130e-03,4.062770e-02,1.756523e-02,4.315247e-02,2.105827e-01,6.342041e-01,5.511943e-04,3.539161e-02
2.055338e-03,2.099554e-03,4.984959e-04,3.053679e-03,7.945466e-04,3.305569e-03,1.444512e-03,3.957439e-03,8.932384e-02,2.110190e-02,3.797090e-02,2.259631e-01,5.589360e-01,5.587892e-04,4.893625e-02
1.540342e-03,3.542663e-03,9.048200e-04,2.276724e-03,1.120680e-03,2.517811e-03,1.232240e-03,1.411922e-02,3.118514e-01,1.543048e-02,3.145497e-02,1.663118e-01,4.103926e-01,4.150888e-04,3.688915e-02
1.168317e-03,3.579678e-03,7.722817e-04,1.629644e-03,1.415345e-03,2.106702e-03,8.755976e-04,1.387754e-02,5.095602e-01,1.085867e-02,2.241019e-02,1.168263e-01,2.880313e-01,2.972648e-04,2.659091e-02
9.123915e-04,3.211997e-03,5.937439e-04,1.169707e-03,1.285932e-03,1.909733e-03,6.237892e-04,1.048517e-02,6.537886e-01,7.605482e-03,1.587980e-02,8.182508e-02,2.017237e-01,2.089217e-04,1.877596e-02
1.232054e-03,2.356712e-03,5.673583e-04,2.902826e-03,9.174940e-03,4.131073e-03,4.885000e-04,3.461795e-02,7.157409e-01,5.337422e-03,1.142983e-02,5.732131e-02,1.413716e-01,1.481198e-04,1.317942e-02
1.703497e-03,1.886177e-03,4.972441e-04,3.847166e-03,1.283814e-02,3.311903e-03,4.883262e-04,3.737010e-02,7.774860e-01,3.763348e-03,8.076833e-03,4.017369e-02,9.910090e-02,1.076943e-04,9.349094e-03
4.105855e-03,2.714041e-03,1.022695e-03,3.275293e-02,1.771471e-02,2.882729e-03,4.688861e-04,6.541477e-02,7.589116e-01,2.927720e-03,5.870742e-03,2.833359e-02,6.983069e-02,8.482012e-05,6.964292e-03
1.152539e-02,3.696939e-03,3.613675e-03,7.508362e-02,3.181881e-02,2.412078e-03,6.777009e-04,1.050817e-01,6.809829e-01,2.929180e-03,5.293384e-03,2.057229e-02,4.990092e-02,1.167420e-04,6.294737e-03
1.779040e-02,4.179720e-03,4.991045e-03,6.418083e-02,5.124452e-02,1.826863e-03,7.137075e-04,1.980614e-01,5.869586e-01,4.128168e-03,5.610442e-03,1.500617e-02,3.645977e-02,1.484455e-04,8.699981e-03
2.114818e-02,4.918997e-03,7.048711e-03,6.080946e-02,4.797077e-02,1.447366e-03,6.429736e-04,2.982792e-01,5.005975e-01,3.690775e-03,5.788695e-03,1.132223e-02,2.645493e-02,1.981572e-04,9.682203e-03
2.889766e-02,7.462766e-03,5.569228e-03,4.739323e-02,6.072096e-02,1.818002e-03,7.210374e-04,2.730158e-01,5.268698e-01,3.379925e-03,5.465946e-03,8.554444e-03,1.948906e-02,2.195532e-04,1.042260e-02
2.301664e-02,1.366986e-02,5.140345e-03,1.204634e-01,4.444832e-02,1.814284e-03,6.518554e-04,2.010074e-01,5.348526e-01,4.295425e-03,9.836124e-03,7.653867e-03,2.088575e-02,2.404893e-04,1.202364e-02
2.763722e-02,2.106861e-02,5.157947e-03,1.420548e-01,3.238536e-02,5.962338e-03,1.284124e-03,1.446297e-01,4.630332e-01,1.132079e-02,4.813143e-02,1.580732e-02,5.088865e-02,1.530616e-03,2.910791e-02
2.132048e-02,2.637532e-02,4.295750e-03,1.572944e-01,2.321651e-02,9.732457e-03,1.131082e-03,1.016134e-01,3.842453e-01,1.555227e-02,6.547223e-02,6.576394e-02,6.966773e-02,3.063996e-03,5.125513e-02
1.753265e-02,5.210049e-02,5.289080e-03,1.923002e-01,1.672047e-02,1.238796e-02,9.632641e-04,7.136018e-02,3.125815e-01,1.371106e-02,5.981410e-02,8.943717e-02,6.934977e-02,8.275499e-03,7.817668e-02
1.370822e-02,4.256660e-02,4.156564e-03,1.666756e-01,1.263897e-02,1.079489e-02,7.744348e-04,5.006279e-02,2.476812e-01,1.029437e-02,9.359200e-02,1.395054e-01,1.444656e-01,6.322987e-03,5.676042e-02
1.908551e-02,3.667107e-02,8.017148e-03,1.299683e-01,1.045486e-02,6.890676e-02,9.595483e-04,3.530185e-02,1.875358e-01,9.243811e-03,7.400070e-02,2.454277e-01,1.090816e-01,1.040802e-02,5.493740e-02
1.407876e-02,2.623196e-02,6.136821e-03,9.239309e-02,1.229337e-02,5.242141e-02,7.714116e-04,2.479730e-02,1.427745e-01,6.980759e-03,6.254718e-02,4.199502e-01,9.217795e-02,7.689681e-03,3.875560e-02
1.008944e-02,1.902302e-02,4.616485e-03,6.503027e-02,9.075953e-03,4.264527e-02,6.614891e-04,1.742622e-02,1.025735e-01,5.228649e-03,5.013505e-02,5.681544e-01,7.045107e-02,7.377556e-03,2.751173e-02
7.207672e-03,1.351823e-02,3.405424e-03,4.571484e-02,6.774054e-03,3.485956e-02,5.373883e-04,1.226108e-02,7.242157e-02,3.732896e-03,3.725252e-02,6.849496e-01,5.237541e-02,5.616878e-03,1.937297e-02
5.221170e-03,9.648724e-03,2.474234e-03,3.207625e-02,5.330182e-03,2.990294e-02,4.721792e-04,8.675849e-03,5.158686e-02,2.689539e-03,2.801506e-02,7.667898e-01,3.950952e-02,4.021089e-03,1.358665e-02
4.828854e-03,8.123117e-03,2.113953e-03,2.256126e-02,4.204640e-03,5.656452e-02,1.084705e-03,6.616553e-03,3.921399e-02,2.461836e-03,2.446264e-02,7.812740e-01,3.204212e-02,4.832854e-03,9.615017e-03
3.912942e-03,5.860927e-03,2.208854e-03,1.589391e-02,4.943452e-03,4.386610e-02,1.168074e-03,4.842935e-03,3.156468e-02,2.279205e-03,1.967926e-02,8.297067e-01,2.370387e-02,3.593168e-03,6.775970e-03
3.478338e-03,4.611378e-03,2.588067e-03,1.124657e-02,5.080411e-03,3.663852e-02,1.389277e-03,3.730212e-03,3.245455e-02,2.148731e-03,1.609396e-02,8.529800e-01,1.996404e-02,2.816538e-03,4.779358e-03
2.575559e-03,4.208579e-03,2.614301e-03,7.939868e-03,5.063022e-03,2.700250e-02,1.094354e-03,3.245849e-03,3.247295e-02,1.951495e-03,1.361722e-02,8.758561e-01,1.683547e-02,2.136450e-03,3.386312e-03
2.406042e-03,3.815787e-03,5.935482e-03,6.431513e-03,3.748388e-02,2.142712e-02,2.160763e-03,5.146173e-03,4.723809e-02,2.394608e-03,2.992598e-02,8.110417e-01,2.004350e-02,1.989729e-03,2.559690e-03
3.389382e-03,3.048817e-03,1.044605e-02,4.918821e-03,1.142229e-01,1.667334e-02,7.807043e-03,4.455654e-02,5.327547e-02,3.712087e-03,3.546980e-02,6.679104e-01,3.090498e-02,1.674579e-03,1.989804e-03
5.568172e-03,2.702855e-03,5.515774e-02,9.787638e-03,1.579369e-01,1.263323e-02,8.390204e-03,1.560561e-01,4.650856e-02,2.985234e-03,3.314295e-02,4.754310e-01,3.090570e-02,1.304325e-03,1.489427e-03
1.385624e-02,3.820518e-03,7.419002e-02,1.877022e-02,1.775406e-01,9.521798e-03,7.102117e-03,2.027623e-01,4.560094e-02,5.380350e-03,3.515074e-02,3.666572e-01,3.631122e-02,1.655684e-03,1.679991e-03
1.576866e-02,5.678023e-03,9.992687e-02,1.706204e-02,1.426182e-01,7.323399e-03,5.131856e-03,2.218072e-01,6.461687e-02,8.035136e-03,6.238253e-02,2.835807e-01,4.435878e-02,1.286202e-02,8.847664e-03
1.991668e-02,8.795060e-03,7.990748e-02,1.394542e-02,1.252106e-01,6.142367e-03,3.901514e-03,2.037444e-01,1.689483e-01,1.201202e-02,6.069016e-02,2.147937e-01,3.571189e-02,3.002433e-02,1.625613e-02
2.945136e-02,1.522058e-02,1.387056e-01,1.331512e-02,1.348721e-01,6.759779e-03,2.828771e-03,1.546341e-01,1.965532e-01,9.190053e-03,5.050024e-02,1.517894e-01,2.693171e-02,4.479306e-02,2.445485e-02
2.443789e-02,1.215922e-02,2.562534e-01,1.214328e-02,1.039447e-01,5.192447e-03,2.043061e-03,1.248488e-01,2.189747e-01,6.644644e-03,3.607813e-02,1.064083e-01,1.914069e-02,4.571095e-02,2.601974e-02
2.272814e-02,1.047794e-02,2.637401e-01,1.246453e-02,8.416302e-02,4.207518e-03,1.468046e-03,1.034567e-01,2.950954e-01,5.075541e-03,2.624477e-02,7.481246e-02,1.352912e-02,4.509256e-02,3.744416e-02
2.105472e-02,9.210547e-03,2.107750e-01,9.262193e-03,6.709127e-02,3.604848e-03,1.111905e-03,8.051739e-02,2.939904e-01,3.965497e-03,1.874115e-02,5.243656e-02,9.659155e-03,6.259716e-02,1.559821e-01
2.384543e-02,8.566297e-03,2.232598e-01,8.309470e-03,5.437615e-02,3.301578e-03,8.690614e-04,8.467634e-02,3.047138e-01,3.153351e-03,1.330395e-02,3.674847e-02,6.879116e-03,6.080339e-02,1.671937e-01
2.719036e-02,7.921468e-03,2.033996e-01,6.588989e-03,4.443186e-02,3.678358e-03,7.156337e-04,6.321424e-02,2.342959e-01,2.811825e-03,9.431884e-03,2.575124e-02,4.996975e-03,5.732943e-02,3.082423e-01
2.330891e-02,6.035131e-03,1.562406e-01,4.829478e-03,3.319779e-02,2.908407e-03,5.286923e-04,4.581837e-02,1.757639e-01,2.317286e-03,6.637503e-03,1.805315e-02,3.574421e-03,4.501218e-02,4.757742e-01
2.530160e-02,5.002316e-03,1.183831e-01,3.583730e-03,2.540911e-02,2.474878e-03,4.161789e-04,3.324690e-02,1.390845e-01,2.325365e-03,4.718811e-03,1.267014e-02,2.596947e-03,3.788421e-02,5.869022e-01
2.639094e-02,3.823491e-03,8.751422e-02,2.833775e-03,1.891723e-02,1.847516e-03,3.493889e-04,2.407290e-02,1.083515e-01,1.879329e-03,3.417810e-03,8.901211e-03,2.002274e-03,4.187182e-02,6.678267e-01
3.382994e-02,3.385875e-03,6.532240e-02,2.167051e-03,1.439226e-02,1.428123e-03,3.845891e-04,1.767386e-02,9.146150e-02,1.777731e-03,2.674763e-03,6.287295e-03,1.608093e-03,5.736936e-02,7.002372e-01
7.442324e-02,2.865908e-03,4.624723e-02,1.651052e-03,1.046891e-02,1.312732e-03,4.234838e-04,1.263052e-02,7.102147e-02,1.646691e-03,2.121372e-03,4.503153e-03,1.267377e-03,5.179855e-02,7.176183e-01
1.047934e-01,4.423938e-03,3.328972e-02,1.410277e-03,8.723846e-03,1.294569e-03,6.374634e-04,9.123968e-03,6.745349e-02,1.895876e-03,1.923947e-03,3.398181e-03,1.133265e-03,5.234501e-02,7.081530e-01
1.951987e-01,8.487415e-03,2.420785e-02,1.691729e-03,8.429112e-03,1.678736e-03,7.620335e-04,6.902298e-03,7.617104e-02,2.202501e-03,2.346305e-03,3.102931e-03,1.132926e-03,5.422585e-02,6.134605e-01
2.948406e-01,1.394317e-02,1.782008e-02,2.053835e-03,8.244036e-03,2.311409e-03,9.817488e-04,5.301975e-03,9.103990e-02,2.526730e-03,3.875404e-03,3.382978e-03,1.319421e-03,6.848837e-02,4.838704e-01
3.569413e-01,1.765269e-02,1.324078e-02,2.688339e-03,8.194663e-03,2.921307e-03,1.153114e-03,4.010631e-03,1.077497e-01,3.019461e-03,4.868784e-03,3.922489e-03,1.579782e-03,7.559695e-02,3.964601e-01
4.459238e-01,2.006748e-02,1.019368e-02,5.775413e-03,8.136497e-03,6.238111e-03,1.428052e-03,3.794188e-03,9.820396e-02,3.689618e-03,5.960787e-03,8.949664e-03,3.066662e-03,7.062984e-02,3.079423e-01
3.151529e-01,1.614300e-02,7.238061e-03,4.487049e-03,5.791233e-03,6.906788e-03,1.015034e-03,2.688291e-03,8.105966e-02,3.018684e-02,5.044063e-03,6.531077e-03,3.564787e-03,5.185526e-02,4.623359e-01
2.239609e-01,1.889167e-02,6.019213e-03,1.285286e-02,4.357579e-03,6.046029e-03,7.518050e-04,1.962668e-03,1.389866e-01,4.664602e-02,5.110309e-03,4.954301e-03,3.586191e-03,3.836538e-02,4.875085e-01
1.568804e-01,1.372678e-02,4.317306e-03,9.014554e-03,3.056983e-03,4.292132e-03,5.269217e-04,1.379634e-03,9.821628e-02,3.143109e-01,3.735972e-03,3.519595e-03,2.909082e-03,2.717502e-02,3.569384e-01
1.099902e-01,9.925927e-03,3.130103e-03,6.324634e-03,2.152331e-03,3.202571e-03,3.701347e-04,9.802737e-04,7.038700e-02,4.976075e-01,3.261201e-03,2.622271e-03,3.174788e-03,1.989782e-02,2.669732e-01
7.777996e-02,9.333652e-03,3.164474e-03,5.049151e-03,1.717232e-03,4.297882e-03,2.786180e-04,8.082361e-04,9.720239e-02,5.654115e-01,4.232961e-03,2.401141e-03,6.568452e-03,1.531732e-02,2.064371e-01
5.490651e-02,7.757493e-03,5.312149e-03,4.376179e-03,1.399553e-03,3.909796e-03,2.527990e-04,6.866914e-04,9.874623e-02,6.095383e-01,5.911836e-03,2.082465e-03,1.305517e-02,1.356433e-02,1.785006e-01
3.882763e-02,5.707422e-03,4.112024e-03,3.380882e-03,1.133332e-03,3.190953e-03,2.086707e-04,5.347737e-04,7.764293e-02,4.376188e-01,1.298015e-02,2.515891e-03,1.567254e-02,2.037385e-02,3.761002e-01
2.750722e-02,4.101206e-03,3.138087e-03,2.466979e-03,9.315181e-04,2.350450e-03,1.546907e-04,4.038944e-04,5.538945e-02,3.133985e-01,1.415247e-02,2.190826e-03,1.354436e-02,2.291537e-02,5.373549e-01
1.953298e-02,2.999790e-03,2.723570e-03,2.373637e-03,2.068994e-03,1.872615e-03,1.327542e-04,5.459771e-04,4.223765e-02,2.241421e-01,1.520836e-02,2.476421e-03,1.371854e-02,2.270640e-02,6.472602e-01
1.742303e-02,3.466263e-03,3.714106e-03,2.960150e-03,3.814073e-02,2.727634e-03,2.873911e-04,9.532144e-04,3.354415e-02,1.595275e-01,1.504573e-02,2.879862e-03,1.955835e-02,1.966383e-02,6.801081e-01
1.446508e-02,5.625200e-03,9.348311e-02,3.003471e-03,7.761620e-02,1.593261e-02,1.067815e-03,4.083144e-03,2.508116e-02,1.138327e-01,1.294167e-02,2.761617e-03,1.914660e-02,1.684668e-02,5.941129e-01
1.239025e-02,5.198954e-03,8.691073e-02,2.801368e-03,8.232439e-02,2.649565e-02,1.239232e-03,5.629020e-03,1.999427e-02,8.138844e-02,1.093593e-02,2.073211e-03,1.475332e-02,2.336646e-02,6.244988e-01
1.291931e-02,1.007335e-02,1.103006e-01,4.234899e-03,7.644000e-02,5.785372e-02,1.473623e-03,6.980995e-03,2.575509e-02,5.776975e-02,8.578324e-03,1.557842e-03,1.102841e-02,1.832333e-02,5.967107e-01
1.564514e-02,2.749845e-02,1.908417e-01,1.122485e-02,6.531754e-02,7.997674e-02,1.559713e-03,9.778116e-03,3.714765e-02,4.097789e-02,7.475046e-03,1.277782e-03,8.519030e-03,1.396014e-02,4.888002e-01
2.388229e-02,6.037586e-02,2.797787e-01,1.623321e-02,5.289005e-02,7.625366e-02,1.332247e-03,7.615586e-03,4.148364e-02,3.055295e-02,6.839821e-03,1.239767e-03,7.058453e-03,1.125869e-02,3.832051e-01
3.745957e-02,6.138648e-02,3.485404e-01,4.591202e-02,4.999568e-02,7.099146e-02,1.059849e-03,6.904289e-03,4.667757e-02,2.238471e-02,7.557694e-03,1.263231e-03,5.940482e-03,9.122461e-03,2.848041e-01
5.387323e-02,9.890249e-02,3.508604e-01,5.422080e-02,6.217822e-02,7.843677e-02,1.337079e-03,8.531259e-03,3.827523e-02,1.706491e-02,6.842327e-03,1.223827e-03,5.047524e-03,9.413661e-03,2.137923e-01
1.317471e-01,9.927244e-02,2.958668e-01,5.602748e-02,6.109555e-02,7.822625e-02,2.178862e-03,9.623869e-03,3.297754e-02,1.785287e-02,1.024312e-02,3.659114e-03,9.580397e-03,1.866603e-02,1.729825e-01
1.152673e-01,9.613004e-02,2.097345e-01,4.687374e-02,1.277314e-01,1.687552e-01,7.947301e-03,8.020177e-03,2.516543e-02,1.366288e-02,9.114022e-03,1.509566e-02,1.714545e-02,1.454692e-02,1.248101e-01
9.781354e-02,8.013034e-02,1.474757e-01,3.430792e-02,9.834998e-02,3.523890e-01,5.941764e-03,7.550639e-03,1.834130e-02,9.899366e-03,1.182114e-02,1.714326e-02,1.997412e-02,1.045966e-02,8.840228e-02
1.365046e-01,1.003209e-01,1.066046e-01,3.009066e-02,7.795130e-02,3.865775e-01,5.417579e-03,7.280532e-03,1.836174e-02,7.859845e-03,1.162600e-02,1.600820e-02,1.905783e-02,9.077009e-03,6.726179e-02
1.853393e-01,8.595534e-02,9.265244e-02,5.768183e-02,6.425302e-02,3.297709e-01,4.947595e-03,8.368892e-03,2.447832e-02,8.909755e-03,1.632914e-02,2.490417e-02,2.210410e-02,8.114235e-03,6.619104e-02
2.466356e-01,7.294222e-02,7.088379e-02,5.068209e-02,9.043811e-02,3.086938e-01,5.212456e-03,7.510345e-03,2.357596e-02,7.415455e-03,1.285509e-02,2.566019e-02,1.943758e-02,6.467887e-03,5.158937e-02
2.666969e-01,6.671672e-02,7.719649e-02,5.498704e-02,8.161086e-02,3.056200e-01,5.268962e-03,1.202794e-02,2.707648e-02,7.179434e-03,1.040999e-02,2.155968e-02,1.646524e-02,5.686040e-03,4.149828e-02
3.387760e-01,6.704484e-02,6.262793e-02,4.776772e-02,6.199734e-02,2.693326e-01,5.285136e-03,1.328044e-02,2.756077e-02,7.151311e-03,9.805867e-03,2.118186e-02,1.619602e-02,6.612595e-03,4.537965e-02
4.123378e-01,6.884946e-02,5.600780e-02,4.154107e-02,4.713722e-02,2.270987e-01,4.802049e-03,1.181516e-02,2.272805e-02,5.777949e-03,8.762077e-03,2.507315e-02,1.771487e-02,6.834295e-03,4.352027e-02
4.637720e-01,6.045330e-02,4.431943e-02,3.736486e-02,3.791897e-02,2.030923e-01,4.318020e-03,1.193462e-02,2.611469e-02,5.184527e-03,8.273917e-03,3.043488e-02,1.815988e-02,6.455980e-03,4.220253e-02
4.506625e-01,5.659703e-02,4.210073e-02,3.383941e-02,3.693747e-02,2.250247e-01,6.264961e-03,1.259907e-02,2.144629e-02,4.205599e-03,8.310160e-03,4.200374e-02,1.991649e-02,5.122975e-03,3.496885e-02
4.682941e-01,5.031899e-02,4.896857e-02,3.263159e-02,3.999272e-02,2.001942e-01,7.586556e-03,1.559706e-02,2.766726e-02,4.351032e-03,8.262845e-03,3.983817e-02,2.164253e-02,4.701962e-03,2.995241e-02
4.794492e-01,4.859711e-02,4.937948e-02,3.604081e-02,3.844124e-02,1.642353e-01,6.921779e-03,1.719850e-02,3.926945e-02,8.141258e-03,9.389102e-03,4.060073e-02,2.052692e-02,5.027766e-03,3.678123e-02
4.825047e-01,4.268831e-02,6.306171e-02,4.548637e-02,4.032575e-02,1.229791e-01,7.640343e-03,2.718066e-02,5.196125e-02,8.013317e-03,1.062549e-02,4.146058e-02,2.053770e-02,5.036629e-03,3.049810e-02
4.772125e-01,3.442615e-02,5.221327e-02,3.866478e-02,4.202542e-02,9.025120e-02,6.907081e-03,1.039810e-01,6.175471e-02,6.227580e-03,9.324877e-03,3.233895e-02,1.747469e-02,4.341982e-03,2.285580e-02
3.802156e-01,2.463438e-02,5.446358e-02,4.094538e-02,3.339697e-02,6.443240e-02,5.578426e-03,2.821763e-01,4.474091e-02,4.559319e-03,7.685319e-03,2.406908e-02,1.314423e-02,3.271672e-03,1.668643e-02
2.980987e-01,1.753523e-02,4.591177e-02,3.840941e-02,2.635433e-02,4.671885e-02,4.450419e-03,4.390691e-01,3.197187e-02,3.332817e-03,6.463164e-03,1.742444e-02,9.942878e-03,2.385912e-03,1.193120e-02
3.475520e-01,1.552630e-02,3.859815e-02,3.038350e-02,2.214441e-02,4.564123e-02,5.474903e-03,4.171176e-01,2.698681e-02,3.132232e-03,6.515457e-03,1.501545e-02,1.346787e-02,1.923153e-03,1.052092e-02
3.965508e-01,1.288815e-02,2.956955e-02,2.862576e-02,1.743122e-02,4.536980e-02,4.397057e-03,3.330174e-01,2.595205e-02,4.668200e-03,1.689073e-02,2.795670e-02,4.449304e-02,1.565381e-03,1.062413e-02
3.982241e-01,1.021360e-02,2.174835e-02,2.675167e-02,1.325404e-02,4.217242e-02,3.492510e-03,2.578313e-01,2.716023e-02,5.007359e-03,2.880553e-02,3.954672e-02,1.145931e-01,1.444503e-03,9.754563e-03
3.646981e-01,7.632372e-03,1.546045e-02,2.150502e-02,9.586745e-03,3.635522e-02,2.692252e-03,1.942262e-01,2.534103e-02,3.929879e-03,3.914134e-02,4.388675e-02,2.254078e-01,1.650023e-03,8.486761e-03
3.776171e-01,6.591729e-03,1.122377e-02,2.875661e-02,7.264078e-03,4.009531e-02,2.384547e-03,1.415569e-01,4.591546e-02,3.272185e-03,3.896616e-02,6.823139e-02,2.166378e-01,2.070088e-03,9.416730e-03
3.663796e-01,5.846919e-03,8.335882e-03,2.357324e-02,5.859571e-03,3.818959e-02,1.820802e-03,1.032793e-01,6.219886e-02,3.426192e-03,3.844459e-02,7.943626e-02,2.528846e-01,2.193056e-03,8.131483e-03
3.148700e-01,5.721022e-03,6.079149e-03,1.766445e-02,4.503502e-03,2.787459e-02,1.340783e-03,7.296129e-02,1.075304e-01,2.893910e-03,4.841146e-02,7.763726e-02,3.046393e-01,1.719956e-03,6.152953e-03
2.483428e-01,5.417919e-03,4.660269e-03,1.391992e-02,3.671127e-03,2.005010e-02,1.022052e-03,5.697348e-02,1.288130e-01,2.423011e-03,6.517071e-02,7.933056e-02,3.630839e-01,1.843650e-03,5.277439e-03
1.852183e-01,7.039740e-03,4.807998e-03,1.095870e-02,4.004141e-03,1.444911e-02,8.710637e-04,5.695909e-02,1.450579e-01,2.629152e-03,9.222065e-02,7.149415e-02,3.928445e-01,2.410178e-03,9.035444e-03
1.565360e-01,2.025928e-02,7.384851e-03,1.129899e-02,5.223966e-03,1.056977e-02,7.663517e-04,6.361695e-02,2.280126e-01,2.716667e-03,9.446856e-02,6.166172e-02,3.252332e-01,3.494012e-03,8.757077e-03
1.159057e-01,6.670671e-02,7.843932e-03,9.959287e-03,6.069415e-03,7.650059e-03,5.605232e-04,5.064107e-02,3.800519e-01,2.078690e-03,6.834849e-02,4.451443e-02,2.294419e-01,2.685618e-03,7.542253e-03
8.247513e-02,8.173379e-02,8.389894e-03,4.689392e-02,5.373081e-03,6.222216e-03,4.065427e-04,4.624820e-02,4.702194e-01,1.576957e-03,4.955877e-02,3.139012e-02,1.612944e-01,2.004081e-03,6.213494e-03
6.068683e-02,8.960730e-02,7.425248e-03,4.225091e-02,6.963102e-03,4.786102e-03,3.013058e-04,3.883851e-02,5.683780e-01,1.170582e-03,3.631566e-02,2.209560e-02,1.133325e-01,1.512169e-03,6.336198e-03
5.137348e-02,7.466866e-02,7.443157e-03,9.330564e-02,1.166283e-02,3.886507e-03,2.534525e-04,6.371596e-02,5.636731e-01,8.827197e-04,2.775104e-02,1.556297e-02,7.993048e-02,1.219544e-03,4.670504e-03
5.109891e-02,6.556386e-02,8.173874e-03,8.449493e-02,2.230689e-02,3.466847e-03,3.143759e-04,7.579000e-02,5.927403e-01,6.508579e-04,2.261881e-02,1.110931e-02,5.692767e-02,1.122920e-03,3.620419e-03
5.802882e-02,7.811704e-02,1.142112e-02,7.576088e-02,3.957900e-02,3.523471e-03,4.166441e-04,1.118979e-01,5.493113e-01,5.451904e-04,1.846136e-02,7.992579e-03,4.042441e-02,1.193136e-03,3.327181e-03
4.640321e-02,6.437748e-02,1.786659e-02,2.248155e-01,3.266233e-02,2.599890e-03,3.187933e-04,1.347603e-01,4.205357e-01,7.009590e-04,1.493464e-02,5.845740e-03,2.874087e-02,9.115281e-04,4.526420e-03
4.906221e-02,4.910423e-02,1.795641e-02,2.153659e-01,3.194168e-02,2.185788e-03,3.188837e-04,1.925557e-01,3.939725e-01,1.427497e-03,1.426166e-02,4.560192e-03,2.061487e-02,7.867168e-04,5.885692e-03
5.663957e-02,3.675888e-02,1.628793e-02,1.617104e-01,4.867322e-02,2.116970e-03,3.733790e-04,2.707564e-01,3.694080e-01,1.191423e-03,1.291115e-02,3.552531e-03,1.464112e-02,6.501157e-04,4.328900e-03
5.087845e-02,2.771299e-02,1.456471e-02,1.264513e-01,5.221012e-02,2.384280e-03,3.552542e-04,3.823831e-01,3.140218e-01,1.239196e-03,1.042021e-02,2.712112e-03,1.039974e-02,5.313129e-04,3.735362e-03
4.080177e-02,2.077809e-02,1.409322e-02,9.304269e-02,4.104467e-02,1.846737e-03,3.301757e-04,5.346911e-01,2.313404e-01,1.228610e-03,7.593119e-03,2.053587e-03,7.329709e-03,4.150135e-04,3.411076e-03
3.913530e-02,1.530296e-02,1.224505e-02,6.570875e-02,3.056812e-02,1.663562e-03,3.334376e-04,6.549050e-01,1.641142e-01,9.520509e-04,5.443742e-03,1.511340e-03,5.188246e-03,3.499259e-04,2.578298e-03
5.014548e-02,1.230063e-02,1.154551e-02,4.893922e-02,2.334279e-02,3.160592e-03,4.780673e-04,7.196920e-01,1.164956e-01,9.744464e-04,4.000098e-03,1.517453e-03,4.247818e-03,3.642746e-04,2.796052e-03
6.778750e-02,9.427533e-03,1.139626e-02,3.612868e-02,1.877044e-02,6.108997e-03,1.371065e-03,7.538058e-01,8.249829e-02,8.116065e-04,2.955682e-03,1.633488e-03,4.430161e-03,3.165432e-04,2.557943e-03
6.472754e-02,6.877311e-03,1.030335e-02,2.619282e-02,1.491170e-02,7.046685e-03,1.320453e-03,8.005272e-01,5.805951e-02,6.276927e-04,2.194398e-03,1.438020e-03,3.435909e-03,3.073983e-04,2.029895e-03
5.403162e-02,5.041737e-03,8.027808e-03,1.853409e-02,1.113973e-02,5.707017e-03,1.098241e-03,8.476695e-01,4.114791e-02,4.667793e-04,1.608812e-03,1.124714e-03,2.555220e-03,2.804739e-04,1.566182e-03
6.478590e-02,5.423391e-03,6.701301e-03,1.361217e-02,9.214900e-03,5.627582e-03,1.185624e-03,8.538240e-01,3.235830e-02,4.021099e-04,1.337972e-03,1.081626e-03,2.085667e-03,4.125556e-04,1.946756e-03
7.449699e-02,5.063556e-03,6.014404e-03,1.018900e-02,7.291450e-03,6.106474e-03,1.320492e-03,8.559975e-01,2.527022e-02,3.621453e-04,1.216756e-03,1.205693e-03,2.361408e-03,4.976945e-04,2.606150e-03
1.151850e-01,4.277804e-03,6.137184e-03,7.955902e-03,6.122843e-03,6.314499e-03,1.796605e-03,8.239799e-01,1.949617e-02,3.728265e-04,1.090544e-03,1.595229e-03,2.325613e-03,5.560416e-04,2.793763e-03
1.316521e-01,4.003189e-03,6.373082e-03,6.350224e-03,5.093722e-03,6.290887e-03,2.000601e-03,8.144448e-01,1.492328e-02,4.161898e-04,9.973359e-04,1.888543e-03,2.162302e-03,5.357114e-04,2.867907e-03
1.692595e-01,3.934482e-03,6.318083e-03,5.692477e-03,4.186952e-03,6.508453e-03,2.562646e-03,7.797661e-01,1.151948e-02,5.177218e-04,9.806951e-04,2.559078e-03,2.147837e-03,4.885736e-04,3.557838e-03
1.486008e-01,5.812981e-03,6.538236e-03,1.631282e-01,4.076216e-03,1.412062e-02,2.121002e-03,5.472826e-01,2.247121e-02,8.397311e-03,1.567754e-02,1.534779e-02,1.819707e-02,8.619924e-04,2.736640e-02
1.297875e-01,9.348383e-03,6.911684e-03,1.728584e-01,4.551065e-03,1.647807e-02,2.170635e-03,3.872226e-01,4.459376e-02,4.309354e-02,9.823982e-02,2.610121e-02,2.813295e-02,1.009936e-03,2.950046e-02
9.104390e-02,7.377774e-03,6.702919e-03,4.011498e-01,3.535589e-03,1.162529e-02,1.533905e-03,2.711426e-01,3.751708e-02,3.112447e-02,7.517137e-02,1.867770e-02,2.017432e-02,7.484485e-04,2.247480e-02
6.513489e-02,6.410461e-03,7.041052e-03,4.412901e-01,3.290459e-03,8.541160e-03,1.140875e-03,1.900002e-01,3.658295e-02,2.358809e-02,1.643782e-01,1.439837e-02,1.834119e-02,7.727061e-04,1.908914e-02
4.621145e-02,6.565472e-03,5.804707e-03,5.645506e-01,2.755068e-03,6.152496e-03,8.167867e-04,1.331078e-01,4.276601e-02,1.755653e-02,1.324350e-01,1.076068e-02,1.438707e-02,7.107561e-04,1.541960e-02
3.446490e-02,1.120006e-02,4.861378e-03,5.750949e-01,2.314797e-03,5.398212e-03,6.017325e-04,9.344299e-02,4.750647e-02,1.389180e-02,1.763617e-01,9.402814e-03,1.302101e-02,7.110537e-04,1.172619e-02
2.545188e-02,9.237649e-03,9.681556e-03,6.284403e-01,1.861448e-03,4.530313e-03,4.326548e-04,6.551450e-02,4.312217e-02,1.072899e-02,1.694440e-01,9.976502e-03,1.162696e-02,6.313296e-04,9.319775e-03
3.392427e-02,1.228937e-02,1.340651e-02,5.241454e-01,2.518090e-03,6.037295e-03,4.923287e-04,4.731751e-02,4.450497e-02,9.221825e-03,2.615306e-01,1.333044e-02,1.907924e-02,1.402999e-03,1.079920e-02
3.298496e-02,2.068035e-02,1.601821e-02,4.258550e-01,3.232938e-03,6.075755e-03,4.440150e-04,3.380470e-02,5.945608e-02,8.728127e-03,3.349066e-01,1.518104e-02,3.030697e-02,1.993890e-03,1.033141e-02
5.148534e-02,2.459291e-02,2.197695e-02,3.356089e-01,3.241591e-03,6.648523e-03,4.915225e-04,2.502241e-02,8.588009e-02,1.112969e-02,3.540768e-01,2.241650e-02,4.017389e-02,3.953909e-03,1.330100e-02
1.293175e-01,3.351717e-02,2.071422e-02,2.668706e-01,4.764820e-03,1.012569e-02,8.999418e-04,1.923703e-02,1.256424e-01,1.459186e-02,2.751719e-01,2.419904e-02,4.576644e-02,8.406887e-03,2.077455e-02
2.059774e-01,3.231615e-02,1.703996e-02,2.076451e-01,5.263364e-03,1.377199e-02,1.139735e-03,1.447509e-02,1.307239e-01,1.630062e-02,2.296175e-01,3.188536e-02,5.855333e-02,9.307251e-03,2.598324e-02
1.899135e-01,3.268687e-02,1.494260e-02,1.565970e-01,6.498755e-03,1.826911e-02,1.426635e-03,1.098554e-02,1.414481e-01,1.849884e-02,2.050315e-01,4.575223e-02,8.468151e-02,1.126432e-02,6.200340e-02
1.521311e-01,2.628695e-02,1.617331e-02,1.353064e-01,1.967182e-02,1.930077e-02,3.491446e-03,1.228835e-02,1.516999e-01,1.823677e-02,1.902772e-01,5.222928e-02,1.138435e-01,1.124913e-02,7.781422e-02
