1.000000e+00,0.000000e+00,0.000000e+00,0.000000e+00,0.000000e+00,0.000000e+00,0.000000e+00,0.000000e+00,0.000000e+00,0.000000e+00,0.000000e+00,0.000000e+00,0.000000e+00,0.000000e+00,0.000000e+00
1.000000e+00,0.000000e+00,0.000000e+00,0.000000e+00,0.000000e+00,0.000000e+00,0.000000e+00,0.000000e+00,0.000000e+00,0.000000e+00,0.000000e+00,0.000000e+00,0.000000e+00,0.000000e+00,0.000000e+00
1.000000e+00,0.000000e+00,0.000000e+00,0.000000e+00,0.000000e+00,0.000000e+00,0.000000e+00,0.000000e+00,0.000000e+00,0.000000e+00,0.000000e+00,0.000000e+00,0.000000e+00,0.000000e+00,0.000000e+00
1.000000e+00,0.000000e+00,0.000000e+00,0.000000e+00,0.000000e+00,0.000000e+00,0.000000e+00,0.000000e+00,0.000000e+00,0.000000e+00,0.000000e+00,0.000000e+00,0.000000e+00,0.000000e+00,0.000000e+00
1.000000e+00,0.000000e+00,0.000000e+00,0.000000e+00,0.000000e+00,0.000000e+00,0.000000e+00,0.000000e+00,0.000000e+00,0.000000e+00,0.000000e+00,0.000000e+00,0.000000e+00,0.000000e+00,0.000000e+00
1.000000e+00,0.000000e+00,0.000000e+00,0.000000e+00,0.000000e+00,0.000000e+00,0.000000e+00,0.000000e+00,0.000000e+00,0.000000e+00,0.000000e+00,0.000000e+00,0.000000e+00,0.000000e+00,0.000000e+00
1.000000e+00,0.000000e+00,0.000000e+00,0.000000e+00,0.000000e+00,0.000000e+00,0.000000e+00,0.000000e+00,0.000000e+00,0.000000e+00,0.000000e+00,0.000000e+00,0.000000e+00,0.000000e+00,0.000000e+00
1.000000e+00,0.000000e+00,0.000000e+00,0.000000e+00,0.000000e+00,0.000000e+00,0.000000e+00,0.000000e+00,0.000000e+00,0.000000e+00,0.000000e+00,0.000000e+00,0.000000e+00,0.000000e+00,0.000000e+00
1.000000e+00,0.000000e+00,0.000000e+00,0.000000e+00,0.000000e+00,0.000000e+00,0.000000e+00,0.000000e+00,0.000000e+00,0.000000e+00,0.000000e+00,0.000000e+00,0.000000e+00,0.000000e+00,0.000000e+00
1.000000e+00,0.000000e+00,0.000000e+00,0.000000e+00,0.000000e+00,0.000000e+00,0.000000e+00,0.000000e+00,0.000000e+00,0.000000e+00,0.000000e+00,0.000000e+00,0.000000e+00,0.000000e+00,0.000000e+00
1.000000e+00,0.000000e+00,0.000000e+00,0.000000e+00,0.000000e+00,0.000000e+00,0.000000e+00,0.000000e+00,0.000000e+00,0.000000e+00,0.000000e+00,0.000000e+00,0.000000e+00,0.000000e+00,0.000000e+00
1.000000e+00,0.000000e+00,0.000000e+00,0.000000e+00,0.000000e+00,0.000000e+00,0.000000e+00,0.000000e+00,0.000000e+00,0.000000e+00,0.000000e+00,0.000000e+00,0.000000e+00,0.000000e+00,0.000000e+00
1.000000e+00,0.000000e+00,0.000000e+00,0.000000e+00,0.000000e+00,0.000000e+00,0.000000e+00,0.000000e+00,0.000000e+00,0.000000e+00,0.000000e+00,0.000000e+00,0.000000e+00,0.000000e+00,0.000000e+00
1.000000e+00,0.000000e+00,0.000000e+00,0.000000e+00,0.000000e+00,0.000000e+00,0.000000e+00,0.000000e+00,0.000000e+00,0.000000e+00,0.000000e+00,0.000000e+00,0.000000e+00,0.000000e+00,0.000000e+00
1.000000e+00,0.000000e+00,0.000000e+00,0.000000e+00,0.000000e+00,0.000000e+00,0.000000e+00,0.000000e+00,0.000000e+00,0.000000e+00,0.000000e+00,0.000000e+00,0.000000e+00,0.000000e+00,0.000000e+00
1.000000e+00,0.000000e+00,0.000000e+00,0.000000e+00,0.000000e+00,0.000000e+00,0.000000e+00,0.000000e+00,0.000000e+00,0.000000e+00,0.000000e+00,0.000000e+00,0.000000e+00,0.000000e+00,0.000000e+00
1.000000e+00,0.000000e+00,0.000000e+00,0.000000e+00,0.000000e+00,0.000000e+00,0.000000e+00,0.000000e+00,0.000000e+00,0.000000e+00,0.000000e+00,0.000000e+00,0.000000e+00,0.000000e+00,0.000000e+00
1.000000e+00,0.000000e+00,0.000000e+00,0.000000e+00,0.000000e+00,0.000000e+00,0.000000e+00,0.000000e+00,0.000000e+00,0.000000e+00,0.000000e+00,0.000000e+00,0.000000e+00,0.000000e+00,0.000000e+00
1.000000e+00,0.000000e+00,0.000000e+00,0.000000e+00,0.000000e+00,0.000000e+00,0.000000e+00,0.000000e+00,0.000000e+00,0.000000e+00,0.000000e+00,0.000000e+00,0.000000e+00,0.000000e+00,0.000000e+00
1.000000e+00,0.000000e+00,0.000000e+00,0.000000e+00,0.000000e+00,0.000000e+00,0.000000e+00,0.000000e+00,0.000000e+00,0.000000e+00,0.000000e+00,0.000000e+00,0.000000e+00,0.000000e+00,0.000000e+00
1.000000e+00,0.000000e+00,0.000000e+00,0.000000e+00,0.000000e+00,0.000000e+00,0.000000e+00,0.000000e+00,0.000000e+00,0.000000e+00,0.000000e+00,0.000000e+00,0.000000e+00,0.000000e+00,0.000000e+00
1.000000e+00,0.000000e+00,0.000000e+00,0.000000e+00,0.000000e+00,0.000000e+00,0.000000e+00,0.000000e+00,0.000000e+00,0.000000e+00,0.000000e+00,0.000000e+00,0.000000e+00,0.000000e+00,0.000000e+00
1.000000e+00,0.000000e+00,0.000000e+00,0.000000e+00,0.000000e+00,0.000000e+00,0.000000e+00,0.000000e+00,0.000000e+00,0.000000e+00,0.000000e+00,0.000000e+00,0.000000e+00,0.000000e+00,0.000000e+00
1.000000e+00,0.000000e+00,0.000000e+00,0.000000e+00,0.000000e+00,0.000000e+00,0.000000e+00,0.000000e+00,0.000000e+00,0.000000e+00,0.000000e+00,0.000000e+00,0.000000e+00,0.000000e+00,0.000000e+00
1.000000e+00,0.000000e+00,0.000000e+00,0.000000e+00,0.000000e+00,0.000000e+00,0.000000e+00,0.000000e+00,0.000000e+00,0.000000e+00,0.000000e+00,0.000000e+00,0.000000e+00,0.000000e+00,0.000000e+00
1.000000e+00,0.000000e+00,0.000000e+00,0.000000e+00,0.000000e+00,0.000000e+00,0.000000e+00,0.000000e+00,0.000000e+00,0.000000e+00,0.000000e+00,0.000000e+00,0.000000e+00,0.000000e+00,0.000000e+00
1.000000e+00,0.000000e+00,0.000000e+00,0.000000e+00,0.000000e+00,0.000000e+00,0.000000e+00,0.000000e+00,0.000000e+00,0.000000e+00,0.000000e+00,0.000000e+00,0.000000e+00,0.000000e+00,0.000000e+00
1.000000e+00,0.000000e+00,0.000000e+00,0.000000e+00,0.000000e+00,0.000000e+00,0.000000e+00,0.000000e+00,0.000000e+00,0.000000e+00,0.000000e+00,0.000000e+00,0.000000e+00,0.000000e+00,0.000000e+00
1.000000e+00,0.000000e+00,0.000000e+00,0.000000e+00,0.000000e+00,0.000000e+00,0.000000e+00,0.000000e+00,0.000000e+00,0.000000e+00,0.000000e+00,0.000000e+00,0.000000e+00,0.000000e+00,0.000000e+00
1.000000e+00,0.000000e+00,0.000000e+00,0.000000e+00,0.000000e+00,0.000000e+00,0.000000e+00,0.000000e+00,0.000000e+00,0.000000e+00,0.000000e+00,0.000000e+00,0.000000e+00,0.000000e+00,0.000000e+00
1.000000e+00,0.000000e+00,0.000000e+00,0.000000e+00,0.000000e+00,0.000000e+00,0.000000e+00,0.000000e+00,0.000000e+00,0.000000e+00,0.000000e+00,0.000000e+00,0.000000e+00,0.000000e+00,0.000000e+00
1.000000e+00,0.000000e+00,0.000000e+00,0.000000e+00,0.000000e+00,0.000000e+00,0.000000e+00,0.000000e+00,0.000000e+00,0.000000e+00,0.000000e+00,0.000000e+00,0.000000e+00,0.000000e+00,0.000000e+00
1.000000e+00,0.000000e+00,0.000000e+00,0.000000e+00,0.000000e+00,0.000000e+00,0.000000e+00,0.000000e+00,0.000000e+00,0.000000e+00,0.000000e+00,0.000000e+00,0.000000e+00,0.000000e+00,0.000000e+00
1.000000e+00,0.000000e+00,0.000000e+00,0.000000e+00,0.000000e+00,0.000000e+00,0.000000e+00,0.000000e+00,0.000000e+00,0.000000e+00,0.000000e+00,0.000000e+00,0.000000e+00,0.000000e+00,0.000000e+00
1.000000e+00,0.000000e+00,0.000000e+00,0.000000e+00,0.000000e+00,0.000000e+00,0.000000e+00,0.000000e+00,0.000000e+00,0.000000e+00,0.000000e+00,0.000000e+00,0.000000e+00,0.000000e+00,0.000000e+00
1.000000e+00,0.000000e+00,0.000000e+00,0.000000e+00,0.000000e+00,0.000000e+00,0.000000e+00,0.000000e+00,0.000000e+00,0.000000e+00,0.000000e+00,0.000000e+00,0.000000e+00,0.000000e+00,0.000000e+00
1.000000e+00,0.000000e+00,0.000000e+00,0.000000e+00,0.000000e+00,0.000000e+00,0.000000e+00,0.000000e+00,0.000000e+00,0.000000e+00,0.000000e+00,0.000000e+00,0.000000e+00,0.000000e+00,0.000000e+00
1.000000e+00,0.000000e+00,0.000000e+00,0.000000e+00,0.000000e+00,0.000000e+00,0.000000e+00,0.000000e+00,0.000000e+00,0.000000e+00,0.000000e+00,0.000000e+00,0.000000e+00,0.000000e+00,0.000000e+00
1.000000e+00,0.000000e+00,0.000000e+00,0.000000e+00,0.000000e+00,0.000000e+00,0.000000e+00,0.000000e+00,0.000000e+00,0.000000e+00,0.000000e+00,0.000000e+00,0.000000e+00,0.000000e+00,0.000000e+00
1.000000e+00,0.000000e+00,0.000000e+00,0.000000e+00,0.000000e+00,0.000000e+00,0.000000e+00,0.000000e+00,0.000000e+00,0.000000e+00,0.000000e+00,0.000000e+00,0.000000e+00,0.000000e+00,0.000000e+00
1.000000e+00,0.000000e+00,0.000000e+00,0.000000e+00,0.000000e+00,0.000000e+00,0.000000e+00,0.000000e+00,0.000000e+00,0.000000e+00,0.000000e+00,0.000000e+00,0.000000e+00,0.000000e+00,0.000000e+00
1.000000e+00,0.000000e+00,0.000000e+00,0.000000e+00,0.000000e+00,0.000000e+00,0.000000e+00,0.000000e+00,0.000000e+00,0.000000e+00,0.000000e+00,0.000000e+00,0.000000e+00,0.000000e+00,0.000000e+00
1.000000e+00,0.000000e+00,0.000000e+00,0.000000e+00,0.000000e+00,0.000000e+00,0.000000e+00,0.000000e+00,0.000000e+00,0.000000e+00,0.000000e+00,0.000000e+00,0.000000e+00,0.000000e+00,0.000000e+00
1.000000e+00,0.000000e+00,0.000000e+00,0.000000e+00,0.000000e+00,0.000000e+00,0.000000e+00,0.000000e+00,0.000000e+00,0.000000e+00,0.000000e+00,0.000000e+00,0.000000e+00,0.000000e+00,0.000000e+00
1.000000e+00,0.000000e+00,0.000000e+00,0.000000e+00,0.000000e+00,0.000000e+00,0.000000e+00,0.000000e+00,0.000000e+00,0.000000e+00,0.000000e+00,0.000000e+00,0.000000e+00,0.000000e+00,0.000000e+00
1.000000e+00,0.000000e+00,0.000000e+00,0.000000e+00,0.000000e+00,0.000000e+00,0.000000e+00,0.000000e+00,0.000000e+00,0.000000e+00,0.000000e+00,0.000000e+00,0.000000e+00,0.000000e+00,0.000000e+00
1.000000e+00,0.000000e+00,0.000000e+00,0.000000e+00,0.000000e+00,0.000000e+00,0.000000e+00,0.000000e+00,0.000000e+00,0.000000e+00,0.000000e+00,0.000000e+00,0.000000e+00,0.000000e+00,0.000000e+00
1.000000e+00,0.000000e+00,0.000000e+00,0.000000e+00,0.000000e+00,0.000000e+00,0.000000e+00,0.000000e+00,0.000000e+00,0.000000e+00,0.000000e+00,0.000000e+00,0.000000e+00,0.000000e+00,0.000000e+00
1.000000e+00,0.000000e+00,0.000000e+00,0.000000e+00,0.000000e+00,0.000000e+00,0.000000e+00,0.000000e+00,0.000000e+00,0.000000e+00,0.000000e+00,0.000000e+00,0.000000e+00,0.000000e+00,0.000000e+00
1.000000e+00,0.000000e+00,0.000000e+00,0.000000e+00,0.000000e+00,0.000000e+00,0.000000e+00,0.000000e+00,0.000000e+00,0.000000e+00,0.000000e+00,0.000000e+00,0.000000e+00,0.000000e+00,0.000000e+00
1.000000e+00,0.000000e+00,0.000000e+00,0.000000e+00,0.000000e+00,0.000000e+00,0.000000e+00,0.000000e+00,0.000000e+00,0.000000e+00,0.000000e+00,0.000000e+00,0.000000e+00,0.000000e+00,0.000000e+00
1.000000e+00,0.000000e+00,0.000000e+00,0.000000e+00,0.000000e+00,0.000000e+00,0.000000e+00,0.000000e+00,0.000000e+00,0.000000e+00,0.000000e+00,0.000000e+00,0.000000e+00,0.000000e+00,0.000000e+00
1.000000e+00,0.000000e+00,0.000000e+00,0.000000e+00,0.000000e+00,0.000000e+00,0.000000e+00,0.000000e+00,0.000000e+00,0.000000e+00,0.000000e+00,0.000000e+00,0.000000e+00,0.000000e+00,0.000000e+00
1.000000e+00,0.000000e+00,0.000000e+00,0.000000e+00,0.000000e+00,0.000000e+00,0.000000e+00,0.000000e+00,0.000000e+00,0.000000e+00,0.000000e+00,0.000000e+00,0.000000e+00,0.000000e+00,0.000000e+00
1.000000e+00,0.000000e+00,0.000000e+00,0.000000e+00,0.000000e+00,0.000000e+00,0.000000e+00,0.000000e+00,0.000000e+00,0.000000e+00,0.000000e+00,0.000000e+00,0.000000e+00,0.000000e+00,0.000000e+00
1.000000e+00,0.000000e+00,0.000000e+00,0.000000e+00,0.000000e+00,0.000000e+00,0.000000e+00,0.000000e+00,0.000000e+00,0.000000e+00,0.000000e+00,0.000000e+00,0.000000e+00,0.000000e+00,0.000000e+00
1.000000e+00,0.000000e+00,0.000000e+00,0.000000e+00,0.000000e+00,0.000000e+00,0.000000e+00,0.000000e+00,0.000000e+00,0.000000e+00,0.000000e+00,0.000000e+00,0.000000e+00,0.000000e+00,0.000000e+00
1.000000e+00,0.000000e+00,0.000000e+00,0.000000e+00,0.000000e+00,0.000000e+00,0.000000e+00,0.000000e+00,0.000000e+00,0.000000e+00,0.000000e+00,0.000000e+00,0.000000e+00,0.000000e+00,0.000000e+00
1.000000e+00,0.000000e+00,0.000000e+00,0.000000e+00,0.000000e+00,0.000000e+00,0.000000e+00,0.000000e+00,0.000000e+00,0.000000e+00,0.000000e+00,0.000000e+00,0.000000e+00,0.000000e+00,0.000000e+00
1.000000e+00,0.000000e+00,0.000000e+00,0.000000e+00,0.000000e+00,0.000000e+00,0.000000e+00,0.000000e+00,0.000000e+00,0.000000e+00,0.000000e+00,0.000000e+00,0.000000e+00,0.000000e+00,0.000000e+00
1.000000e+00,0.000000e+00,0.000000e+00,0.000000e+00,0.000000e+00,0.000000e+00,0.000000e+00,0.000000e+00,0.000000e+00,0.000000e+00,0.000000e+00,0.000000e+00,0.000000e+00,0.000000e+00,0.000000e+00
4.601282e-01,5.401766e-03,7.305125e-03,2.167739e-02,7.326878e-03,1.234088e-02,3.538104e-03,4.536420e-01,2.816179e-03,1.008067e-03,4.051903e-03,6.263422e-03,6.177552e-03,1.369798e-03,6.952749e-03
4.448816e-01,6.310792e-03,7.937263e-03,2.123089e-02,8.793736e-03,1.377021e-02,5.519512e-03,4.610720e-01,2.695235e-03,1.007376e-03,4.348262e-03,7.242337e-03,7.034591e-03,1.419551e-03,6.736645e-03
3.612585e-01,5.772279e-03,7.638779e-03,1.771639e-02,7.708163e-03,1.631307e-02,1.378390e-02,5.413988e-01,2.205267e-03,8.597207e-04,3.717761e-03,6.802720e-03,7.466030e-03,1.304382e-03,6.054180e-03
2.600176e-01,4.187386e-03,5.751102e-03,1.278746e-02,6.257719e-03,1.364154e-02,1.836076e-02,6.577882e-01,1.593507e-03,6.172841e-04,2.701052e-03,4.964001e-03,6.023613e-03,9.673765e-04,4.341317e-03
1.848853e-01,2.962501e-03,4.377369e-03,9.212805e-03,4.956868e-03,1.049859e-02,2.053679e-02,7.473971e-01,1.127307e-03,4.476974e-04,1.923115e-03,3.535526e-03,4.382099e-03,6.948223e-04,3.062002e-03
1.319617e-01,2.096050e-03,3.478248e-03,6.637802e-03,3.874782e-03,7.793007e-03,1.959041e-02,8.137201e-01,7.945321e-04,3.253728e-04,1.367864e-03,2.511505e-03,3.185949e-03,5.000772e-04,2.162521e-03
9.630138e-02,1.523712e-03,3.075912e-03,4.842781e-03,3.448375e-03,6.651647e-03,3.028243e-02,8.454572e-01,5.774077e-04,2.682112e-04,9.961793e-04,1.882293e-03,2.742228e-03,3.700301e-04,1.580117e-03
7.876357e-02,1.188528e-03,2.999129e-03,3.618768e-03,3.924779e-03,7.399230e-03,4.130112e-02,8.530658e-01,4.432445e-04,2.603766e-04,7.720268e-04,1.722561e-03,2.939523e-03,2.877187e-04,1.313558e-03
6.436693e-02,9.770521e-04,2.893651e-03,2.732664e-03,6.264737e-03,7.683332e-03,5.006140e-02,8.567054e-01,3.552428e-04,2.936435e-04,6.680307e-04,1.817325e-03,3.688413e-03,2.517761e-04,1.240299e-03
8.409629e-02,8.512688e-04,2.858383e-03,2.303092e-03,9.977358e-03,1.028826e-02,4.089188e-02,8.377781e-01,3.490102e-04,3.219549e-04,6.727005e-04,3.295301e-03,4.782428e-03,2.250671e-04,1.308827e-03
1.061641e-01,7.471006e-04,2.686758e-03,2.023873e-03,1.385313e-02,1.424320e-02,3.720556e-02,8.099265e-01,3.699199e-04,3.246621e-04,6.870048e-04,4.280742e-03,5.982414e-03,2.216184e-04,1.283423e-03
9.697749e-02,6.070801e-04,2.085665e-03,1.754154e-03,1.439921e-02,1.139999e-02,3.118970e-02,8.300598e-01,3.537299e-04,2.614809e-04,5.536012e-04,3.880979e-03,5.245944e-03,1.768240e-04,1.054370e-03
1.008722e-01,5.017665e-04,1.635934e-03,1.502752e-03,1.705150e-02,1.164065e-02,2.656526e-02,8.293388e-01,3.750686e-04,2.021143e-04,4.556018e-04,3.708890e-03,5.093077e-03,1.538916e-04,9.024238e-04
1.136016e-01,1.873905e-03,2.023756e-03,4.085511e-03,1.776513e-02,3.371580e-02,2.254632e-02,7.385929e-01,3.257357e-03,4.045911e-04,2.755720e-03,1.751957e-02,3.403322e-02,8.398556e-04,6.984731e-03
8.332709e-02,4.958023e-03,1.916648e-03,1.235977e-02,1.344310e-02,1.084469e-01,1.710007e-02,5.250832e-01,9.281829e-03,1.000702e-03,3.738104e-03,1.698046e-02,1.882204e-01,6.619994e-04,1.348181e-02
5.932306e-02,3.895007e-03,1.603765e-03,1.166207e-02,9.693160e-03,1.678003e-01,1.254934e-02,3.705670e-01,7.207342e-03,8.366896e-04,2.775695e-03,1.231302e-02,3.225851e-01,4.699441e-04,1.671847e-02
4.191732e-02,3.183200e-03,1.235183e-03,8.548739e-03,7.060754e-03,1.337402e-01,9.042969e-03,2.597080e-01,6.643257e-03,6.610682e-04,2.052728e-03,1.010394e-02,5.013483e-01,3.330180e-04,1.442140e-02
2.950993e-02,2.449058e-03,9.245232e-04,6.097182e-03,5.086418e-03,1.037970e-01,6.660483e-03,1.819106e-01,5.902106e-03,5.053952e-04,1.503174e-03,8.452669e-03,6.352931e-01,2.355498e-04,1.167274e-02
2.071679e-02,1.803619e-03,6.762684e-04,4.335788e-03,3.640830e-03,7.358105e-02,4.905702e-03,1.273972e-01,4.914355e-03,3.776201e-04,1.095356e-03,6.309989e-03,7.413346e-01,1.659822e-04,8.744811e-03
1.456005e-02,1.366335e-03,5.278985e-04,3.096612e-03,2.651650e-03,5.171870e-02,3.565138e-03,8.925175e-02,4.133533e-03,2.998416e-04,8.147301e-04,4.839444e-03,8.164974e-01,1.192199e-04,6.557636e-03
1.026533e-02,1.017200e-03,4.669955e-04,2.195209e-03,2.137058e-03,3.637132e-02,2.867958e-03,6.259775e-02,3.339501e-03,2.276691e-04,6.085512e-04,3.789326e-03,8.689628e-01,8.638344e-05,5.067024e-03
7.490495e-03,8.180821e-04,4.792977e-04,1.559906e-03,1.644240e-03,2.561088e-02,2.427339e-03,4.400962e-02,2.575484e-03,1.976736e-04,4.583407e-04,2.952346e-03,9.057785e-01,6.838987e-05,3.929407e-03
5.527485e-03,7.092947e-04,5.063174e-04,1.146547e-03,1.433083e-03,1.807096e-02,2.096517e-03,3.197396e-02,2.170304e-03,1.991379e-04,3.788758e-04,2.368265e-03,9.301442e-01,5.714506e-05,3.217906e-03
4.302064e-03,7.361330e-04,9.119052e-04,8.879101e-04,2.198369e-03,1.280716e-02,2.147349e-03,2.479924e-02,2.368582e-03,2.545667e-04,3.415928e-04,2.005694e-03,9.422649e-01,6.018945e-05,3.914362e-03
3.814630e-03,7.559113e-04,1.955081e-03,8.365512e-04,5.170666e-03,9.322071e-03,6.124773e-03,9.174734e-02,3.337157e-03,4.037366e-04,6.205920e-04,1.719385e-03,8.653279e-01,8.890046e-05,8.775318e-03
4.120002e-03,8.537353e-04,2.427098e-03,1.064089e-03,6.812072e-03,7.026282e-03,6.284904e-03,1.065562e-01,4.539096e-03,5.191165e-04,7.490527e-04,1.536336e-03,8.460913e-01,9.923151e-05,1.132150e-02
5.964180e-03,2.677593e-03,4.223810e-03,1.154719e-03,1.091972e-02,7.371198e-03,8.382715e-03,1.141017e-01,2.201054e-02,7.370487e-04,9.439943e-04,2.086475e-03,8.046161e-01,1.008008e-04,1.470942e-02
7.086889e-03,3.427105e-03,3.729460e-03,1.124470e-03,1.323207e-02,7.387784e-03,7.800353e-03,9.609371e-02,3.205742e-02,7.796763e-04,1.014249e-03,2.643549e-03,8.109391e-01,9.194332e-05,1.259229e-02
1.250145e-02,5.369047e-03,7.876722e-03,3.584865e-03,2.271244e-02,1.138679e-02,2.148604e-02,1.299702e-01,4.659744e-02,1.167939e-03,2.334788e-03,3.056163e-03,7.206769e-01,1.704090e-04,1.110887e-02
1.463083e-02,4.406790e-03,5.961024e-03,2.691167e-03,1.820156e-02,1.125950e-02,1.594424e-02,9.397618e-02,3.818281e-02,8.770563e-04,1.714572e-03,2.375721e-03,7.812805e-01,1.498395e-04,8.348245e-03
1.738820e-02,3.357761e-03,4.278942e-03,1.975436e-03,1.363923e-02,1.010353e-02,1.153535e-02,6.663598e-02,2.912699e-02,6.586622e-04,1.243860e-03,2.063608e-03,8.317047e-01,1.263434e-04,6.161415e-03
2.873840e-02,3.206328e-03,3.171138e-03,1.650965e-03,1.018758e-02,1.242443e-02,8.321634e-03,4.720947e-02,2.453055e-02,5.582137e-04,9.562788e-04,1.905733e-03,8.514843e-01,1.560853e-04,5.498978e-03
5.112787e-02,5.411963e-03,3.743057e-03,2.793529e-03,9.527656e-03,1.787526e-02,6.643517e-03,3.963408e-02,2.562338e-02,7.399449e-04,9.413836e-04,2.162635e-03,8.261429e-01,3.387464e-04,7.294117e-03
9.203298e-02,9.279812e-03,4.431176e-03,5.117435e-03,1.225928e-02,3.036051e-02,7.747228e-03,4.419442e-02,3.317647e-02,1.192262e-03,1.248618e-03,3.512917e-03,7.443814e-01,6.349789e-04,1.043051e-02
1.233805e-01,9.363398e-03,3.683934e-03,5.077374e-03,1.422489e-02,5.927298e-02,3.375353e-02,4.327988e-02,3.586206e-02,1.322900e-03,1.760306e-03,5.012976e-03,6.514850e-01,6.900950e-04,1.183014e-02
1.040204e-01,6.865759e-03,2.778568e-03,3.888296e-03,1.427761e-02,5.598458e-02,2.606190e-01,4.442830e-02,2.696437e-02,1.012306e-03,1.460754e-03,3.943958e-03,4.641754e-01,5.304685e-04,9.050138e-03
8.649127e-02,5.075381e-03,2.554225e-03,2.942984e-03,1.214466e-02,5.746285e-02,4.240655e-01,4.251932e-02,1.987337e-02,8.849031e-04,1.229016e-03,3.509273e-03,3.333095e-01,4.211498e-04,7.516503e-03
9.733175e-02,3.900349e-03,2.140097e-03,2.298807e-03,9.619763e-03,5.193818e-02,5.212369e-01,4.570714e-02,1.572257e-02,8.576417e-04,1.083089e-03,3.998008e-03,2.375821e-01,3.428608e-04,6.240665e-03
7.495310e-02,3.560057e-03,1.674628e-03,3.070915e-03,8.447384e-03,3.776708e-02,5.932420e-01,3.320240e-02,1.276446e-02,2.124310e-03,2.399426e-02,2.860538e-02,1.696080e-01,7.473958e-04,6.238618e-03
7.156822e-02,3.971258e-03,1.261716e-03,2.628226e-03,7.582143e-03,2.875235e-02,5.639930e-01,2.417251e-02,1.302825e-02,3.251933e-03,9.492706e-02,3.507808e-02,1.340083e-01,2.357690e-03,1.341933e-02
5.792454e-02,3.298803e-03,9.452715e-04,2.535109e-03,6.369584e-03,2.245949e-02,4.598305e-01,1.730101e-02,1.060562e-02,4.503214e-03,2.238864e-01,5.063940e-02,1.198876e-01,3.905848e-03,1.590769e-02
4.371919e-02,2.720124e-03,7.122372e-04,2.098178e-03,4.657366e-03,1.716757e-02,3.820177e-01,1.260941e-02,8.431789e-03,4.373427e-03,3.108098e-01,4.485769e-02,1.375713e-01,1.185586e-02,1.639837e-02
3.237441e-02,2.642957e-03,5.636123e-04,2.021350e-03,3.649355e-03,1.327724e-02,3.688977e-01,9.579576e-03,1.415295e-02,4.087721e-03,2.805661e-01,3.675224e-02,1.848036e-01,2.615653e-02,2.047469e-02
2.329341e-02,2.906315e-03,4.272826e-04,1.780085e-03,3.057035e-03,1.001671e-02,2.659798e-01,7.074341e-03,1.210455e-01,5.612771e-03,2.315609e-01,3.615541e-02,2.099688e-01,5.419942e-02,2.692238e-02
2.332786e-02,4.023769e-03,1.300442e-03,2.746651e-03,3.261283e-03,1.021482e-02,2.046830e-01,9.827995e-03,1.465670e-01,1.178472e-02,2.336216e-01,3.069291e-02,1.628225e-01,1.068808e-01,4.824470e-02
2.216573e-02,1.166302e-02,1.927412e-02,5.905190e-03,4.414952e-03,1.490976e-02,1.521026e-01,1.201174e-02,1.413222e-01,1.137005e-02,2.547421e-01,2.451216e-02,1.249329e-01,1.488990e-01,5.177457e-02
1.709990e-02,9.354847e-03,2.071663e-02,5.040424e-03,3.835907e-03,1.469378e-02,1.076606e-01,8.701051e-03,1.148534e-01,1.003593e-02,2.653852e-01,1.815171e-02,9.082649e-02,2.743804e-01,3.926378e-02
1.471185e-02,7.834370e-03,1.713743e-02,3.915797e-03,3.665709e-03,1.400484e-02,7.633315e-02,6.440529e-03,1.088471e-01,1.276683e-02,3.431078e-01,1.560848e-02,6.467746e-02,2.804939e-01,3.045483e-02
1.364383e-02,1.103416e-02,1.506844e-02,3.158952e-03,3.469061e-03,1.156559e-02,5.358828e-02,5.087271e-03,1.472371e-01,1.715257e-02,3.462159e-01,1.635733e-02,4.607817e-02,2.869968e-01,2.334659e-02
1.056207e-02,1.180354e-02,1.237401e-02,3.709063e-03,4.182656e-03,9.616858e-03,3.759798e-02,3.666625e-03,2.363554e-01,1.792086e-02,2.747274e-01,1.248451e-02,3.276176e-02,3.128950e-01,1.934235e-02
8.495026e-03,1.741757e-02,1.086978e-02,3.844444e-03,5.468999e-03,1.008115e-02,2.634408e-02,2.945611e-03,3.352221e-01,1.566638e-02,2.053915e-01,9.202413e-03,2.344606e-02,3.093002e-01,1.630475e-02
6.759473e-03,1.534209e-02,8.709144e-03,2.973425e-03,4.846512e-03,8.346099e-03,1.845205e-02,2.128295e-03,4.248427e-01,1.378470e-02,1.447007e-01,6.544406e-03,1.651622e-02,3.092426e-01,1.681159e-02
5.375248e-03,1.225994e-02,7.328821e-03,2.481358e-03,3.978242e-03,8.027502e-03,1.292662e-02,1.668203e-03,5.194954e-01,1.117745e-02,1.038962e-01,4.841324e-03,1.178048e-02,2.791468e-01,1.561644e-02
5.223944e-03,1.059021e-02,7.097727e-03,2.901739e-03,3.334507e-03,2.617465e-02,9.070689e-03,1.459864e-03,5.916473e-01,8.749012e-03,7.990722e-02,3.988999e-03,1.038804e-02,2.261141e-01,1.335199e-02
7.679989e-03,1.711401e-02,5.826831e-03,3.299926e-03,3.252408e-03,2.337223e-02,6.413561e-03,2.247767e-03,6.042373e-01,6.902829e-03,6.084834e-02,3.942677e-03,7.954931e-03,2.353431e-01,1.156417e-02
8.016396e-03,1.562641e-02,4.576409e-03,2.475479e-03,3.878222e-03,2.203718e-02,4.506297e-03,2.066130e-03,6.199157e-01,5.542226e-03,4.491344e-02,3.136039e-03,5.829962e-03,2.478392e-01,9.640934e-03
1.135396e-02,1.405286e-02,4.302268e-03,2.842920e-03,4.128836e-03,1.678094e-02,3.169480e-03,3.799117e-03,6.486742e-01,5.903626e-03,3.686602e-02,3.781019e-03,5.185063e-03,2.293473e-01,9.812392e-03
2.034796e-02,1.438808e-02,3.648337e-03,2.381862e-03,5.403663e-03,1.657768e-02,2.239055e-03,7.004995e-03,5.921762e-01,7.196723e-03,3.352840e-02,4.677290e-03,5.421096e-03,2.755968e-01,9.411915e-03
2.371466e-02,1.391112e-02,3.144703e-03,1.873844e-03,7.633726e-03,1.876466e-02,1.598845e-03,1.129115e-02,5.660661e-01,7.328126e-03,3.183212e-02,4.322628e-03,5.611311e-03,2.938560e-01,9.051025e-03
2.082543e-02,1.236955e-02,4.341478e-03,1.986736e-03,6.764245e-03,1.551927e-02,1.136829e-03,1.433787e-02,6.084365e-01,7.582135e-03,4.068939e-02,3.464293e-03,5.916750e-03,2.448965e-01,1.173306e-02
2.591966e-02,1.644778e-02,5.377159e-03,2.175338e-03,9.678064e-03,1.384934e-02,8.378886e-04,2.688999e-02,5.752320e-01,8.468167e-03,4.717413e-02,3.460168e-03,6.113670e-03,2.472106e-01,1.116608e-02
3.519449e-02,2.249605e-02,7.625544e-03,2.951370e-03,1.604214e-02,1.781251e-02,7.094681e-04,3.968970e-02,5.248218e-01,1.082437e-02,5.536563e-02,3.878728e-03,6.012510e-03,2.429237e-01,1.365211e-02
3.709548e-02,2.479997e-02,1.254925e-02,6.947204e-03,2.119728e-02,2.569598e-02,7.610584e-04,7.619791e-02,4.877706e-01,1.794867e-02,4.772718e-02,3.631702e-03,6.167087e-03,2.152629e-01,1.624775e-02
3.317280e-02,2.642124e-02,2.036883e-02,3.016718e-02,2.592705e-02,2.289011e-02,6.068355e-04,6.042091e-02,4.731115e-01,2.902361e-02,3.866456e-02,3.011114e-03,4.971080e-03,1.606579e-01,7.058527e-02
3.551637e-02,2.510644e-02,1.916328e-02,3.846399e-02,4.432695e-02,5.972999e-02,7.689029e-04,7.452537e-02,4.632940e-01,2.397968e-02,2.836228e-02,2.276258e-03,3.924849e-03,1.178333e-01,6.272830e-02
3.335593e-02,2.503316e-02,2.732874e-02,7.069448e-02,5.927800e-02,6.929851e-02,7.759265e-04,1.059590e-01,4.148476e-01,2.613623e-02,2.111213e-02,1.757589e-03,2.992484e-03,8.646370e-02,5.496655e-02
4.721779e-02,3.183011e-02,2.446313e-02,5.618953e-02,9.745673e-02,7.599054e-02,7.575739e-04,1.001669e-01,4.042283e-01,2.133058e-02,1.579865e-02,1.436815e-03,2.268015e-03,6.860751e-02,5.225787e-02
6.015506e-02,3.428790e-02,1.994144e-02,4.213840e-02,1.165677e-01,1.140696e-01,8.442741e-04,1.000459e-01,3.814267e-01,1.683456e-02,1.170884e-02,1.139028e-03,1.936851e-03,5.521259e-02,4.369116e-02
6.469385e-02,3.186426e-02,3.440142e-02,7.269956e-02,1.438225e-01,9.124716e-02,1.573268e-03,1.571577e-01,2.876890e-01,1.346731e-02,8.854007e-03,9.760430e-04,1.668886e-03,3.983760e-02,5.004749e-02
7.529260e-02,3.283704e-02,3.474113e-02,7.048000e-02,1.825026e-01,1.459597e-01,7.567716e-03,1.256326e-01,2.317053e-01,1.045635e-02,6.825613e-03,8.241745e-04,2.042808e-03,2.965808e-02,4.347442e-02
7.060892e-02,3.089705e-02,2.649933e-02,5.426030e-02,2.135559e-01,2.014079e-01,1.012643e-02,9.676985e-02,2.258763e-01,7.677221e-03,5.169461e-03,6.971994e-04,2.388624e-03,2.261165e-02,3.145389e-02
9.422147e-02,3.398315e-02,2.042439e-02,4.351593e-02,1.768169e-01,2.805188e-01,1.369978e-02,8.032700e-02,1.965570e-01,7.522445e-03,4.766633e-03,1.221635e-03,3.223742e-03,1.662799e-02,2.657324e-02
1.772361e-01,3.399652e-02,1.641215e-02,3.577391e-02,1.517523e-01,2.500126e-01,1.823938e-02,7.835199e-02,1.835324e-01,8.607741e-03,4.482368e-03,2.252496e-03,3.790760e-03,1.294285e-02,2.261659e-02
1.844182e-01,2.541149e-02,1.552763e-02,2.622587e-02,1.203412e-01,2.061272e-01,1.305320e-01,1.063008e-01,1.373792e-01,8.848217e-03,4.103472e-03,2.578347e-03,4.151599e-03,1.004256e-02,1.801216e-02
2.697833e-01,2.157207e-02,1.266590e-02,1.866594e-02,8.853459e-02,1.550836e-01,1.754917e-01,1.060557e-01,1.106695e-01,8.703064e-03,3.316056e-03,3.273912e-03,4.006068e-03,8.426405e-03,1.375224e-02
2.846942e-01,1.767421e-02,9.368360e-03,1.341248e-02,6.619367e-02,1.122608e-01,2.919258e-01,8.143517e-02,8.460251e-02,9.123290e-03,2.870307e-03,4.314804e-03,4.284595e-03,6.684506e-03,1.115530e-02
2.472906e-01,1.393271e-02,7.082958e-03,1.000106e-02,5.186388e-02,8.137081e-02,4.308835e-01,5.935490e-02,6.101064e-02,9.492150e-03,3.286100e-03,4.859501e-03,4.650738e-03,5.014007e-03,9.906381e-03
2.739338e-01,1.171795e-02,5.528519e-03,8.435455e-03,3.996054e-02,6.028771e-02,4.733531e-01,4.279388e-02,4.410107e-02,7.564954e-03,4.542504e-03,7.813167e-03,6.820156e-03,4.224110e-03,8.923018e-03
3.080134e-01,2.324523e-02,9.991520e-03,2.819376e-02,3.121210e-02,5.539821e-02,3.491985e-01,3.062048e-02,3.521979e-02,1.844790e-02,3.410563e-02,3.680828e-02,1.595722e-02,5.224814e-03,1.836314e-02
2.924890e-01,2.248350e-02,9.696968e-03,2.778708e-02,2.341741e-02,4.055003e-02,2.558658e-01,2.188195e-02,6.196832e-02,5.016708e-02,6.356913e-02,4.022502e-02,2.768574e-02,2.027351e-02,4.193939e-02
2.952947e-01,1.943102e-02,7.612048e-03,2.576143e-02,1.802260e-02,3.116001e-02,1.831331e-01,1.623376e-02,7.925710e-02,4.264026e-02,9.653104e-02,4.163907e-02,7.398758e-02,2.592399e-02,4.337231e-02
2.124355e-01,2.410210e-02,1.400244e-02,3.255754e-02,1.379785e-02,2.591869e-02,1.283922e-01,1.200385e-02,1.965225e-01,3.742899e-02,9.028610e-02,3.383316e-02,5.856298e-02,2.422795e-02,9.592810e-02
2.153286e-01,3.036704e-02,2.055407e-02,3.836366e-02,1.303050e-02,3.543960e-02,9.266248e-02,9.121028e-03,1.808097e-01,2.915985e-02,8.151492e-02,3.072900e-02,4.784960e-02,4.392909e-02,1.311408e-01
1.606925e-01,2.775258e-02,2.354998e-02,3.284588e-02,1.099322e-02,2.903709e-02,6.517700e-02,8.585978e-03,2.877699e-01,2.663767e-02,8.471628e-02,2.309667e-02,3.826579e-02,6.261088e-02,1.182685e-01
1.194421e-01,2.871487e-02,2.541783e-02,3.593637e-02,8.975018e-03,2.637620e-02,4.609247e-02,7.458280e-03,3.572360e-01,2.433456e-02,7.253534e-02,2.017159e-02,3.564346e-02,8.242762e-02,1.092383e-01
8.887767e-02,2.462649e-02,2.222598e-02,2.652023e-02,7.815229e-03,2.568672e-02,3.258406e-02,5.828070e-03,3.892084e-01,2.344150e-02,7.098833e-02,1.655191e-02,2.763369e-02,1.343555e-01,1.036563e-01
6.730920e-02,2.150165e-02,1.900066e-02,2.482031e-02,6.845333e-03,1.971234e-02,2.290209e-02,4.358213e-03,5.160034e-01,2.165099e-02,5.227846e-02,1.304244e-02,2.001549e-02,1.063383e-01,8.422117e-02
6.259640e-02,2.269388e-02,1.602533e-02,2.003851e-02,6.745775e-03,1.657261e-02,1.616125e-02,3.243151e-03,5.663210e-01,2.651748e-02,4.099340e-02,1.021521e-02,1.547751e-02,9.179086e-02,8.460769e-02
5.698478e-02,2.307533e-02,1.488684e-02,1.466230e-02,5.376940e-03,1.304563e-02,1.143175e-02,2.466905e-03,5.229895e-01,4.207988e-02,3.695004e-02,8.604129e-03,1.260772e-02,1.380674e-01,9.677091e-02
4.515120e-02,2.389038e-02,1.322667e-02,1.077468e-02,4.209283e-03,1.006400e-02,8.097512e-03,2.202041e-03,4.375877e-01,6.125689e-02,3.440124e-02,7.699493e-03,1.018326e-02,2.415516e-01,8.970401e-02
3.449913e-02,2.155138e-02,1.143739e-02,7.715081e-03,3.506885e-03,8.200468e-03,5.697889e-03,1.937852e-03,3.430087e-01,1.046769e-01,3.130905e-02,5.848057e-03,7.547955e-03,3.320042e-01,8.105908e-02
2.572225e-02,2.800239e-02,1.275259e-02,7.638932e-03,2.863339e-03,7.044264e-03,4.038115e-03,1.477635e-03,3.484519e-01,1.130860e-01,3.168085e-02,4.845342e-03,5.712298e-03,3.077419e-01,9.894228e-02
1.995026e-02,2.484465e-02,1.141652e-02,5.615075e-03,2.501302e-03,5.549449e-03,2.855628e-03,1.119585e-03,3.005257e-01,1.223967e-01,2.633704e-02,3.477158e-03,4.209688e-03,3.811600e-01,8.804127e-02
1.677712e-02,2.182693e-02,9.305297e-03,4.353418e-03,2.109540e-03,4.853525e-03,2.024157e-03,1.034914e-03,2.722629e-01,1.278166e-01,2.215399e-02,2.661185e-03,3.289572e-03,4.281294e-01,8.140150e-02
1.612287e-02,2.857836e-02,1.190547e-02,3.640959e-03,2.190818e-03,4.848433e-03,1.456900e-03,1.230217e-03,2.677226e-01,1.522765e-01,1.829610e-02,2.383872e-03,3.030904e-03,4.155713e-01,7.074479e-02
1.427916e-02,2.958077e-02,1.148333e-02,2.723688e-03,2.821466e-03,6.821901e-03,1.069339e-03,2.306411e-03,2.411071e-01,1.857811e-01,1.598012e-02,1.844481e-03,2.455333e-03,4.170711e-01,6.467476e-02
1.915180e-02,4.756440e-02,1.651822e-02,2.536346e-03,5.694564e-03,8.997966e-03,8.242075e-04,4.475573e-03,2.242404e-01,2.091856e-01,1.601147e-02,1.713822e-03,2.316225e-03,3.644734e-01,7.629602e-02
1.912225e-02,5.931193e-02,4.345942e-02,8.761646e-03,8.827280e-03,7.456028e-03,6.502816e-04,5.830996e-03,2.295975e-01,2.486473e-01,1.516560e-02,2.801398e-03,4.253843e-03,2.616469e-01,8.446765e-02
1.523558e-02,5.183039e-02,1.704687e-01,1.577157e-02,8.140808e-03,5.968478e-03,4.836763e-04,5.527070e-03,1.948065e-01,2.407002e-01,1.419574e-02,3.330600e-03,5.574191e-03,1.860265e-01,8.194007e-02
1.713629e-02,5.465498e-02,1.718863e-01,1.557988e-02,9.133251e-03,7.579182e-03,4.238615e-04,8.186594e-03,1.706731e-01,2.109598e-01,1.803678e-02,4.169232e-03,5.600438e-03,1.872073e-01,1.187730e-01
2.624535e-02,5.101539e-02,1.356367e-01,1.391395e-02,1.272084e-02,9.165910e-03,3.723683e-04,1.160925e-02,1.789820e-01,1.658746e-01,1.902670e-02,3.878701e-03,4.812772e-03,2.301961e-01,1.365492e-01
4.174671e-02,6.259602e-02,1.231296e-01,3.318034e-02,1.272913e-02,7.872323e-03,4.625228e-04,3.345096e-02,1.911599e-01,1.230737e-01,2.049137e-02,4.587353e-03,4.476228e-03,1.865055e-01,1.545382e-01
4.229214e-02,5.495814e-02,9.865224e-02,2.917652e-02,1.134961e-02,6.723344e-03,4.173116e-04,3.659900e-02,2.356255e-01,9.804881e-02,2.761395e-02,4.210279e-03,3.627585e-03,2.085358e-01,1.421698e-01
5.677966e-02,4.969048e-02,9.622652e-02,2.602067e-02,2.374076e-02,1.162799e-02,4.657734e-04,3.647719e-02,2.631721e-01,7.983416e-02,3.615462e-02,4.158736e-03,3.093075e-03,2.060828e-01,1.064754e-01
8.127311e-02,5.975562e-02,7.494283e-02,3.788999e-02,4.280910e-02,2.803817e-02,1.160768e-03,6.576984e-02,2.562848e-01,6.082214e-02,3.421594e-02,4.264677e-03,3.068383e-03,1.690354e-01,8.066916e-02
1.112256e-01,6.948224e-02,5.738686e-02,4.277501e-02,5.888823e-02,2.706017e-02,1.592739e-03,6.460132e-02,2.252830e-01,6.966127e-02,3.828593e-02,3.994272e-03,3.397169e-03,1.607895e-01,6.557671e-02
1.235974e-01,9.528174e-02,4.191532e-02,3.797086e-02,4.749449e-02,2.297726e-02,1.480285e-03,5.640313e-02,1.750904e-01,5.151282e-02,1.516046e-01,7.776919e-03,4.104445e-03,1.335844e-01,4.920595e-02
1.238417e-01,7.798585e-02,3.022113e-02,2.887979e-02,3.442828e-02,2.676913e-02,1.222809e-03,4.105978e-02,1.313193e-01,3.720651e-02,2.858555e-01,9.763949e-03,5.583073e-03,1.293830e-01,3.648030e-02
9.070349e-02,5.600924e-02,2.136268e-02,2.037886e-02,2.427917e-02,2.088198e-02,9.228272e-04,2.894065e-02,9.441599e-02,2.616725e-02,4.252427e-01,9.823989e-03,4.374539e-03,1.507089e-01,2.578777e-02
6.428927e-02,3.955653e-02,1.500274e-02,1.429431e-02,1.707100e-02,1.507193e-02,6.547358e-04,2.028080e-02,6.847781e-02,1.845663e-02,5.367566e-01,8.840457e-03,3.230887e-03,1.598911e-01,1.812523e-02
4.683996e-02,2.829452e-02,1.073822e-02,1.007635e-02,1.227370e-02,1.174832e-02,4.871154e-04,1.426888e-02,4.935638e-02,1.340126e-02,5.992249e-01,9.049580e-03,2.445960e-03,1.788662e-01,1.292867e-02
3.365096e-02,2.011315e-02,7.743080e-03,7.103545e-03,8.808170e-03,8.869894e-03,3.721776e-04,1.006880e-02,3.527382e-02,9.972818e-03,6.291118e-01,9.186653e-03,1.871104e-03,2.087017e-01,9.152349e-03
2.387289e-02,1.439037e-02,5.651749e-03,5.015979e-03,6.427625e-03,6.580368e-03,2.944372e-04,7.136661e-03,2.567745e-02,7.964976e-03,6.273453e-01,9.710579e-03,1.519006e-03,2.519462e-01,6.466508e-03
1.694231e-02,1.025865e-02,4.452087e-03,3.553413e-03,4.716126e-03,5.434576e-03,2.737715e-04,5.101814e-03,1.910127e-02,7.768034e-03,6.718792e-01,8.427713e-03,1.696801e-03,2.357938e-01,4.600423e-03
1.260038e-02,7.635540e-03,3.800015e-03,2.534141e-03,3.578410e-03,5.108899e-03,2.495827e-04,3.624062e-03,1.433617e-02,9.332526e-03,6.947885e-01,7.946434e-03,1.833101e-03,2.292451e-01,3.387204e-03
9.783312e-03,6.440422e-03,3.406787e-03,1.834839e-03,3.023726e-03,4.582033e-03,2.615143e-04,2.583529e-03,1.132402e-02,1.109978e-02,7.133119e-01,7.481400e-03,1.571086e-03,2.206926e-01,2.603135e-03
7.375128e-03,5.279989e-03,3.172861e-03,1.475181e-03,4.618610e-03,4.402381e-03,6.064448e-04,2.096402e-03,1.916892e-02,1.725915e-02,7.074839e-01,7.230838e-03,1.448523e-03,2.162753e-01,2.106349e-03
5.465376e-03,6.534712e-03,2.758509e-03,1.124448e-03,4.836795e-03,4.740806e-03,5.388659e-04,1.593377e-03,3.016030e-02,2.578083e-02,6.941304e-01,5.924168e-03,1.202325e-03,2.135493e-01,1.659775e-03
4.321878e-03,9.918904e-03,4.115058e-03,1.256411e-03,1.286456e-02,5.895540e-03,6.125183e-04,3.457649e-03,7.830782e-02,3.303161e-02,6.571286e-01,4.798221e-03,1.212174e-03,1.816607e-01,1.418400e-03
4.148135e-03,1.393782e-02,3.447836e-03,1.103066e-03,1.004469e-02,1.760957e-02,4.835984e-04,3.264574e-03,8.072879e-02,2.902432e-02,6.714810e-01,4.709163e-03,1.121945e-03,1.576891e-01,1.206447e-03
3.978043e-03,1.594968e-02,3.135964e-03,9.927372e-04,7.867038e-03,2.909717e-02,3.714773e-04,2.524004e-03,7.195007e-02,2.588521e-02,6.995122e-01,4.666889e-03,1.058144e-03,1.318769e-01,1.134452e-03
4.073074e-03,1.868148e-02,2.969205e-03,8.967821e-04,6.726181e-03,4.679307e-02,3.096942e-04,1.944641e-03,9.310998e-02,2.370383e-02,6.769390e-01,6.174304e-03,1.760067e-03,1.138687e-01,2.049963e-03
5.282843e-03,2.139067e-02,4.157352e-03,8.897866e-04,6.979087e-03,8.197595e-02,3.681025e-04,2.600992e-03,1.427549e-01,1.947693e-02,6.066829e-01,5.777925e-03,1.964460e-03,9.749282e-02,2.205285e-03
5.348067e-03,3.696445e-02,6.016308e-03,1.123912e-03,6.660241e-03,2.213539e-01,3.385447e-04,5.631887e-03,1.770329e-01,1.568963e-02,4.422601e-01,4.458270e-03,1.814516e-03,7.255603e-02,2.751313e-03
8.413866e-03,3.470690e-02,1.724827e-02,8.252761e-03,8.335643e-03,2.775825e-01,2.847396e-04,3.603302e-02,2.187122e-01,1.372635e-02,3.156067e-01,3.629738e-03,1.571823e-03,5.311464e-02,2.780814e-03
1.383562e-02,3.985393e-02,2.207845e-02,8.838015e-03,1.153549e-02,3.175638e-01,2.727202e-04,4.835840e-02,2.542074e-01,1.148121e-02,2.249308e-01,3.179335e-03,1.290773e-03,3.987890e-02,2.695187e-03
1.655703e-02,4.249521e-02,2.386626e-02,6.939698e-03,1.281699e-02,2.371069e-01,2.748296e-04,2.339164e-01,2.235847e-01,8.159873e-03,1.582897e-01,2.299817e-03,1.034826e-03,3.064947e-02,2.008288e-03
1.817401e-02,5.059180e-02,2.703057e-02,5.721149e-03,1.433935e-02,2.033274e-01,2.483673e-04,2.760959e-01,2.562625e-01,5.897574e-03,1.125587e-01,1.674650e-03,7.665001e-04,2.572789e-02,1.583703e-03
2.155378e-02,5.034126e-02,2.389383e-02,5.196611e-03,1.431449e-02,2.229492e-01,2.205844e-04,2.863060e-01,2.546502e-01,4.372280e-03,8.068347e-02,1.246750e-03,6.098525e-04,3.187720e-02,1.784540e-03
2.431363e-02,3.912160e-02,3.980919e-02,5.786907e-03,1.609834e-02,1.718352e-01,2.799995e-04,3.973262e-01,2.057733e-01,3.212695e-03,5.737329e-02,1.012502e-03,5.270870e-04,3.597407e-02,1.556023e-03
2.583034e-02,3.173296e-02,4.501543e-02,5.896395e-03,1.882107e-02,1.354631e-01,3.503365e-04,4.756215e-01,1.733288e-01,2.439493e-03,4.091646e-02,8.041830e-04,6.553715e-04,4.174131e-02,1.383305e-03
3.073892e-02,2.773263e-02,4.412296e-02,5.410723e-03,2.089643e-02,1.040827e-01,6.190123e-04,5.430887e-01,1.551438e-01,1.900367e-03,2.912536e-02,7.119723e-04,9.075935e-04,3.394974e-02,1.569243e-03
3.922509e-02,2.446562e-02,3.760754e-02,4.973571e-03,1.722259e-02,9.226380e-02,1.069856e-03,5.913737e-01,1.369457e-01,1.693935e-03,2.130504e-02,9.613890e-04,1.169233e-03,2.724200e-02,2.481000e-03
7.487988e-02,2.489073e-02,3.308959e-02,5.241797e-03,1.431787e-02,7.420927e-02,1.999376e-03,6.081621e-01,1.143001e-01,1.712604e-03,1.552602e-02,1.333133e-03,1.277671e-03,2.520291e-02,3.856877e-03
1.311436e-01,3.429294e-02,3.021171e-02,5.305038e-03,1.396188e-02,5.327670e-02,3.629459e-03,5.797716e-01,1.026828e-01,1.791125e-03,1.141369e-02,1.727977e-03,1.169152e-03,2.449563e-02,5.126588e-03
1.736993e-01,5.615497e-02,2.534802e-02,4.534167e-03,1.319237e-02,3.821840e-02,5.058845e-03,5.353855e-01,1.084472e-01,1.651619e-03,8.446696e-03,1.800101e-03,1.054887e-03,2.107280e-02,5.935017e-03
2.017950e-01,4.954801e-02,2.006440e-02,4.271320e-03,1.121942e-02,2.756186e-02,5.010791e-03,5.513667e-01,9.621444e-02,1.345404e-03,6.655099e-03,2.434074e-03,1.178855e-03,1.552190e-02,5.812717e-03
1.972464e-01,3.733859e-02,1.494439e-02,3.593633e-03,8.631212e-03,1.996282e-02,4.016314e-03,6.118550e-01,7.570122e-02,1.077650e-03,5.229945e-03,2.720789e-03,1.202121e-03,1.121350e-02,5.266383e-03
2.070332e-01,2.766687e-02,1.282316e-02,3.590139e-03,6.738143e-03,1.471008e-02,3.285847e-03,6.447513e-01,5.645446e-02,9.919355e-04,4.229778e-03,3.480333e-03,1.286886e-03,8.132715e-03,4.825091e-03
2.418334e-01,1.986053e-02,1.115144e-02,3.760721e-03,5.303164e-03,1.118264e-02,3.060746e-03,6.446285e-01,4.032229e-02,8.672957e-04,3.139833e-03,4.060307e-03,1.255453e-03,5.821771e-03,3.752007e-03
2.266828e-01,1.419103e-02,9.187362e-03,4.346219e-03,4.271260e-03,8.244322e-03,2.359561e-03,6.873747e-01,2.850497e-02,8.089317e-04,2.366928e-03,3.593067e-03,1.101800e-03,4.133518e-03,2.833641e-03
3.730074e-01,1.031048e-02,7.557023e-03,4.397202e-03,3.800777e-03,6.981983e-03,1.827611e-03,5.498640e-01,2.086772e-02,1.146194e-03,3.374386e-03,8.676505e-03,1.932922e-03,3.281483e-03,2.974300e-03
3.888579e-01,1.082126e-02,7.168818e-03,8.599804e-02,5.081895e-03,7.904455e-03,1.511844e-03,4.144769e-01,2.864126e-02,4.095462e-03,1.289840e-02,1.628905e-02,5.995550e-03,3.570307e-03,6.688852e-03
