1.000000e+00,0.000000e+00,0.000000e+00,0.000000e+00,0.000000e+00,0.000000e+00,0.000000e+00,0.000000e+00,0.000000e+00,0.000000e+00,0.000000e+00,0.000000e+00,0.000000e+00,0.000000e+00,0.000000e+00
1.000000e+00,0.000000e+00,0.000000e+00,0.000000e+00,0.000000e+00,0.000000e+00,0.000000e+00,0.000000e+00,0.000000e+00,0.000000e+00,0.000000e+00,0.000000e+00,0.000000e+00,0.000000e+00,0.000000e+00
1.000000e+00,0.000000e+00,0.000000e+00,0.000000e+00,0.000000e+00,0.000000e+00,0.000000e+00,0.000000e+00,0.000000e+00,0.000000e+00,0.000000e+00,0.000000e+00,0.000000e+00,0.000000e+00,0.000000e+00
1.000000e+00,0.000000e+00,0.000000e+00,0.000000e+00,0.000000e+00,0.000000e+00,0.000000e+00,0.000000e+00,0.000000e+00,0.000000e+00,0.000000e+00,0.000000e+00,0.000000e+00,0.000000e+00,0.000000e+00
1.000000e+00,0.000000e+00,0.000000e+00,0.000000e+00,0.000000e+00,0.000000e+00,0.000000e+00,0.000000e+00,0.000000e+00,0.000000e+00,0.000000e+00,0.000000e+00,0.000000e+00,0.000000e+00,0.000000e+00
1.000000e+00,0.000000e+00,0.000000e+00,0.000000e+00,0.000000e+00,0.000000e+00,0.000000e+00,0.000000e+00,0.000000e+00,0.000000e+00,0.000000e+00,0.000000e+00,0.000000e+00,0.000000e+00,0.000000e+00
1.000000e+00,0.000000e+00,0.000000e+00,0.000000e+00,0.000000e+00,0.000000e+00,0.000000e+00,0.000000e+00,0.000000e+00,0.000000e+00,0.000000e+00,0.000000e+00,0.000000e+00,0.000000e+00,0.000000e+00
1.000000e+00,0.000000e+00,0.000000e+00,0.000000e+00,0.000000e+00,0.000000e+00,0.000000e+00,0.000000e+00,0.000000e+00,0.000000e+00,0.000000e+00,0.000000e+00,0.000000e+00,0.000000e+00,0.000000e+00
1.000000e+00,0.000000e+00,0.000000e+00,0.000000e+00,0.000000e+00,0.000000e+00,0.000000e+00,0.000000e+00,0.000000e+00,0.000000e+00,0.000000e+00,0.000000e+00,0.000000e+00,0.000000e+00,0.000000e+00
1.000000e+00,0.000000e+00,0.000000e+00,0.000000e+00,0.000000e+00,0.000000e+00,0.000000e+00,0.000000e+00,0.000000e+00,0.000000e+00,0.000000e+00,0.000000e+00,0.000000e+00,0.000000e+00,0.000000e+00
1.000000e+00,0.000000e+00,0.000000e+00,0.000000e+00,0.000000e+00,0.000000e+00,0.000000e+00,0.000000e+00,0.000000e+00,0.000000e+00,0.000000e+00,0.000000e+00,0.000000e+00,0.000000e+00,0.000000e+00
1.000000e+00,0.000000e+00,0.000000e+00,0.000000e+00,0.000000e+00,0.000000e+00,0.000000e+00,0.000000e+00,0.000000e+00,0.000000e+00,0.000000e+00,0.000000e+00,0.000000e+00,0.000000e+00,0.000000e+00
1.000000e+00,0.000000e+00,0.000000e+00,0.000000e+00,0.000000e+00,0.000000e+00,0.000000e+00,0.000000e+00,0.000000e+00,0.000000e+00,0.000000e+00,0.000000e+00,0.000000e+00,0.000000e+00,0.000000e+00
1.000000e+00,0.000000e+00,0.000000e+00,0.000000e+00,0.000000e+00,0.000000e+00,0.000000e+00,0.000000e+00,0.000000e+00,0.000000e+00,0.000000e+00,0.000000e+00,0.000000e+00,0.000000e+00,0.000000e+00
1.000000e+00,0.000000e+00,0.000000e+00,0.000000e+00,0.000000e+00,0.000000e+00,0.000000e+00,0.000000e+00,0.000000e+00,0.000000e+00,0.000000e+00,0.000000e+00,0.000000e+00,0.000000e+00,0.000000e+00
1.000000e+00,0.000000e+00,0.000000e+00,0.000000e+00,0.000000e+00,0.000000e+00,0.000000e+00,0.000000e+00,0.000000e+00,0.000000e+00,0.000000e+00,0.000000e+00,0.000000e+00,0.000000e+00,0.000000e+00
1.000000e+00,0.000000e+00,0.000000e+00,0.000000e+00,0.000000e+00,0.000000e+00,0.000000e+00,0.000000e+00,0.000000e+00,0.000000e+00,0.000000e+00,0.000000e+00,0.000000e+00,0.000000e+00,0.000000e+00
1.000000e+00,0.000000e+00,0.000000e+00,0.000000e+00,0.000000e+00,0.000000e+00,0.000000e+00,0.000000e+00,0.000000e+00,0.000000e+00,0.000000e+00,0.000000e+00,0.000000e+00,0.000000e+00,0.000000e+00
1.000000e+00,0.000000e+00,0.000000e+00,0.000000e+00,0.000000e+00,0.000000e+00,0.000000e+00,0.000000e+00,0.000000e+00,0.000000e+00,0.000000e+00,0.000000e+00,0.000000e+00,0.000000e+00,0.000000e+00
1.000000e+00,0.000000e+00,0.000000e+00,0.000000e+00,0.000000e+00,0.000000e+00,0.000000e+00,0.000000e+00,0.000000e+00,0.000000e+00,0.000000e+00,0.000000e+00,0.000000e+00,0.000000e+00,0.000000e+00
1.000000e+00,0.000000e+00,0.000000e+00,0.000000e+00,0.000000e+00,0.000000e+00,0.000000e+00,0.000000e+00,0.000000e+00,0.000000e+00,0.000000e+00,0.000000e+00,0.000000e+00,0.000000e+00,0.000000e+00
1.000000e+00,0.000000e+00,0.000000e+00,0.000000e+00,0.000000e+00,0.000000e+00,0.000000e+00,0.000000e+00,0.000000e+00,0.000000e+00,0.000000e+00,0.000000e+00,0.000000e+00,0.000000e+00,0.000000e+00
1.000000e+00,0.000000e+00,0.000000e+00,0.000000e+00,0.000000e+00,0.000000e+00,0.000000e+00,0.000000e+00,0.000000e+00,0.000000e+00,0.000000e+00,0.000000e+00,0.000000e+00,0.000000e+00,0.000000e+00
1.000000e+00,0.000000e+00,0.000000e+00,0.000000e+00,0.000000e+00,0.000000e+00,0.000000e+00,0.000000e+00,0.000000e+00,0.000000e+00,0.000000e+00,0.000000e+00,0.000000e+00,0.000000e+00,0.000000e+00
1.000000e+00,0.000000e+00,0.000000e+00,0.000000e+00,0.000000e+00,0.000000e+00,0.000000e+00,0.000000e+00,0.000000e+00,0.000000e+00,0.000000e+00,0.000000e+00,0.000000e+00,0.000000e+00,0.000000e+00
1.000000e+00,0.000000e+00,0.000000e+00,0.000000e+00,0.000000e+00,0.000000e+00,0.000000e+00,0.000000e+00,0.000000e+00,0.000000e+00,0.000000e+00,0.000000e+00,0.000000e+00,0.000000e+00,0.000000e+00
1.000000e+00,0.000000e+00,0.000000e+00,0.000000e+00,0.000000e+00,0.000000e+00,0.000000e+00,0.000000e+00,0.000000e+00,0.000000e+00,0.000000e+00,0.000000e+00,0.000000e+00,0.000000e+00,0.000000e+00
1.000000e+00,0.000000e+00,0.000000e+00,0.000000e+00,0.000000e+00,0.000000e+00,0.000000e+00,0.000000e+00,0.000000e+00,0.000000e+00,0.000000e+00,0.000000e+00,0.000000e+00,0.000000e+00,0.000000e+00
1.000000e+00,0.000000e+00,0.000000e+00,0.000000e+00,0.000000e+00,0.000000e+00,0.000000e+00,0.000000e+00,0.000000e+00,0.000000e+00,0.000000e+00,0.000000e+00,0.000000e+00,0.000000e+00,0.000000e+00
1.000000e+00,0.000000e+00,0.000000e+00,0.000000e+00,0.000000e+00,0.000000e+00,0.000000e+00,0.000000e+00,0.000000e+00,0.000000e+00,0.000000e+00,0.000000e+00,0.000000e+00,0.000000e+00,0.000000e+00
1.000000e+00,0.000000e+00,0.000000e+00,0.000000e+00,0.000000e+00,0.000000e+00,0.000000e+00,0.000000e+00,0.000000e+00,0.000000e+00,0.000000e+00,0.000000e+00,0.000000e+00,0.000000e+00,0.000000e+00
1.000000e+00,0.000000e+00,0.000000e+00,0.000000e+00,0.000000e+00,0.000000e+00,0.000000e+00,0.000000e+00,0.000000e+00,0.000000e+00,0.000000e+00,0.000000e+00,0.000000e+00,0.000000e+00,0.000000e+00
1.000000e+00,0.000000e+00,0.000000e+00,0.000000e+00,0.000000e+00,0.000000e+00,0.000000e+00,0.000000e+00,0.000000e+00,0.000000e+00,0.000000e+00,0.000000e+00,0.000000e+00,0.000000e+00,0.000000e+00
1.000000e+00,0.000000e+00,0.000000e+00,0.000000e+00,0.000000e+00,0.000000e+00,0.000000e+00,0.000000e+00,0.000000e+00,0.000000e+00,0.000000e+00,0.000000e+00,0.000000e+00,0.000000e+00,0.000000e+00
1.000000e+00,0.000000e+00,0.000000e+00,0.000000e+00,0.000000e+00,0.000000e+00,0.000000e+00,0.000000e+00,0.000000e+00,0.000000e+00,0.000000e+00,0.000000e+00,0.000000e+00,0.000000e+00,0.000000e+00
1.000000e+00,0.000000e+00,0.000000e+00,0.000000e+00,0.000000e+00,0.000000e+00,0.000000e+00,0.000000e+00,0.000000e+00,0.000000e+00,0.000000e+00,0.000000e+00,0.000000e+00,0.000000e+00,0.000000e+00
1.000000e+00,0.000000e+00,0.000000e+00,0.000000e+00,0.000000e+00,0.000000e+00,0.000000e+00,0.000000e+00,0.000000e+00,0.000000e+00,0.000000e+00,0.000000e+00,0.000000e+00,0.000000e+00,0.000000e+00
1.000000e+00,0.000000e+00,0.000000e+00,0.000000e+00,0.000000e+00,0.000000e+00,0.000000e+00,0.000000e+00,0.000000e+00,0.000000e+00,0.000000e+00,0.000000e+00,0.000000e+00,0.000000e+00,0.000000e+00
1.000000e+00,0.000000e+00,0.000000e+00,0.000000e+00,0.000000e+00,0.000000e+00,0.000000e+00,0.000000e+00,0.000000e+00,0.000000e+00,0.000000e+00,0.000000e+00,0.000000e+00,0.000000e+00,0.000000e+00
1.000000e+00,0.000000e+00,0.000000e+00,0.000000e+00,0.000000e+00,0.000000e+00,0.000000e+00,0.000000e+00,0.000000e+00,0.000000e+00,0.000000e+00,0.000000e+00,0.000000e+00,0.000000e+00,0.000000e+00
1.000000e+00,0.000000e+00,0.000000e+00,0.000000e+00,0.000000e+00,0.000000e+00,0.000000e+00,0.000000e+00,0.000000e+00,0.000000e+00,0.000000e+00,0.000000e+00,0.000000e+00,0.000000e+00,0.000000e+00
1.000000e+00,0.000000e+00,0.000000e+00,0.000000e+00,0.000000e+00,0.000000e+00,0.000000e+00,0.000000e+00,0.000000e+00,0.000000e+00,0.000000e+00,0.000000e+00,0.000000e+00,0.000000e+00,0.000000e+00
1.000000e+00,0.000000e+00,0.000000e+00,0.000000e+00,0.000000e+00,0.000000e+00,0.000000e+00,0.000000e+00,0.000000e+00,0.000000e+00,0.000000e+00,0.000000e+00,0.000000e+00,0.000000e+00,0.000000e+00
1.000000e+00,0.000000e+00,0.000000e+00,0.000000e+00,0.000000e+00,0.000000e+00,0.000000e+00,0.000000e+00,0.000000e+00,0.000000e+00,0.000000e+00,0.000000e+00,0.000000e+00,0.000000e+00,0.000000e+00
1.000000e+00,0.000000e+00,0.000000e+00,0.000000e+00,0.000000e+00,0.000000e+00,0.000000e+00,0.000000e+00,0.000000e+00,0.000000e+00,0.000000e+00,0.000000e+00,0.000000e+00,0.000000e+00,0.000000e+00
1.000000e+00,0.000000e+00,0.000000e+00,0.000000e+00,0.000000e+00,0.000000e+00,0.000000e+00,0.000000e+00,0.000000e+00,0.000000e+00,0.000000e+00,0.000000e+00,0.000000e+00,0.000000e+00,0.000000e+00
1.000000e+00,0.000000e+00,0.000000e+00,0.000000e+00,0.000000e+00,0.000000e+00,0.000000e+00,0.000000e+00,0.000000e+00,0.000000e+00,0.000000e+00,0.000000e+00,0.000000e+00,0.000000e+00,0.000000e+00
1.000000e+00,0.000000e+00,0.000000e+00,0.000000e+00,0.000000e+00,0.000000e+00,0.000000e+00,0.000000e+00,0.000000e+00,0.000000e+00,0.000000e+00,0.000000e+00,0.000000e+00,0.000000e+00,0.000000e+00
1.000000e+00,0.000000e+00,0.000000e+00,0.000000e+00,0.000000e+00,0.000000e+00,0.000000e+00,0.000000e+00,0.000000e+00,0.000000e+00,0.000000e+00,0.000000e+00,0.000000e+00,0.000000e+00,0.000000e+00
1.000000e+00,0.000000e+00,0.000000e+00,0.000000e+00,0.000000e+00,0.000000e+00,0.000000e+00,0.000000e+00,0.000000e+00,0.000000e+00,0.000000e+00,0.000000e+00,0.000000e+00,0.000000e+00,0.000000e+00
1.000000e+00,0.000000e+00,0.000000e+00,0.000000e+00,0.000000e+00,0.000000e+00,0.000000e+00,0.000000e+00,0.000000e+00,0.000000e+00,0.000000e+00,0.000000e+00,0.000000e+00,0.000000e+00,0.000000e+00
1.000000e+00,0.000000e+00,0.000000e+00,0.000000e+00,0.000000e+00,0.000000e+00,0.000000e+00,0.000000e+00,0.000000e+00,0.000000e+00,0.000000e+00,0.000000e+00,0.000000e+00,0.000000e+00,0.000000e+00
1.000000e+00,0.000000e+00,0.000000e+00,0.000000e+00,0.000000e+00,0.000000e+00,0.000000e+00,0.000000e+00,0.000000e+00,0.000000e+00,0.000000e+00,0.000000e+00,0.000000e+00,0.000000e+00,0.000000e+00
1.000000e+00,0.000000e+00,0.000000e+00,0.000000e+00,0.000000e+00,0.000000e+00,0.000000e+00,0.000000e+00,0.000000e+00,0.000000e+00,0.000000e+00,0.000000e+00,0.000000e+00,0.000000e+00,0.000000e+00
1.000000e+00,0.000000e+00,0.000000e+00,0.000000e+00,0.000000e+00,0.000000e+00,0.000000e+00,0.000000e+00,0.000000e+00,0.000000e+00,0.000000e+00,0.000000e+00,0.000000e+00,0.000000e+00,0.000000e+00
1.000000e+00,0.000000e+00,0.000000e+00,0.000000e+00,0.000000e+00,0.000000e+00,0.000000e+00,0.000000e+00,0.000000e+00,0.000000e+00,0.000000e+00,0.000000e+00,0.000000e+00,0.000000e+00,0.000000e+00
1.000000e+00,0.000000e+00,0.000000e+00,0.000000e+00,0.000000e+00,0.000000e+00,0.000000e+00,0.000000e+00,0.000000e+00,0.000000e+00,0.000000e+00,0.000000e+00,0.000000e+00,0.000000e+00,0.000000e+00
1.000000e+00,0.000000e+00,0.000000e+00,0.000000e+00,0.000000e+00,0.000000e+00,0.000000e+00,0.000000e+00,0.000000e+00,0.000000e+00,0.000000e+00,0.000000e+00,0.000000e+00,0.000000e+00,0.000000e+00
1.000000e+00,0.000000e+00,0.000000e+00,0.000000e+00,0.000000e+00,0.000000e+00,0.000000e+00,0.000000e+00,0.000000e+00,0.000000e+00,0.000000e+00,0.000000e+00,0.000000e+00,0.000000e+00,0.000000e+00
1.000000e+00,0.000000e+00,0.000000e+00,0.000000e+00,0.000000e+00,0.000000e+00,0.000000e+00,0.000000e+00,0.000000e+00,0.000000e+00,0.000000e+00,0.000000e+00,0.000000e+00,0.000000e+00,0.000000e+00
4.866069e-01,1.762763e-02,2.558449e-01,8.988722e-02,2.008682e-02,1.835957e-02,3.601372e-03,6.774212e-02,4.958588e-03,1.036580e-03,5.470455e-03,7.329966e-03,1.019249e-02,1.990522e-03,9.264838e-03
3.461006e-01,1.273031e-02,2.784561e-01,8.107626e-02,1.738272e-02,1.366097e-02,4.882327e-03,2.158557e-01,3.615019e-03,7.513885e-04,4.162066e-03,5.263200e-03,7.940286e-03,1.460960e-03,6.662028e-03
2.442912e-01,9.320864e-03,2.709346e-01,7.108720e-02,2.648042e-02,1.584032e-02,1.752793e-02,2.997906e-01,2.853006e-03,1.046159e-03,3.554265e-03,4.201006e-03,2.655997e-02,1.061954e-03,5.450406e-03
1.797073e-01,8.873147e-03,2.304213e-01,5.934130e-02,6.997663e-02,2.844047e-02,2.804416e-02,3.406017e-01,3.023464e-03,2.003153e-03,6.421289e-03,4.304073e-03,3.122402e-02,9.161492e-04,6.701834e-03
1.292518e-01,6.448357e-03,1.627770e-01,4.475664e-02,7.477225e-02,2.411085e-02,2.260609e-02,3.261735e-01,3.675301e-03,3.133532e-03,6.193254e-02,2.192412e-02,1.053055e-01,4.233082e-03,8.899445e-03
9.123282e-02,4.530437e-03,1.139873e-01,3.235314e-02,5.366512e-02,1.795283e-02,1.657750e-02,2.382037e-01,3.215320e-03,3.286835e-03,1.508113e-01,2.135413e-02,2.346157e-01,3.103622e-03,1.511032e-02
6.460320e-02,3.230194e-03,7.985888e-02,2.530981e-02,3.828707e-02,1.367837e-02,1.306292e-02,1.762598e-01,3.031961e-03,3.551937e-03,1.531725e-01,2.651488e-02,3.708714e-01,2.800490e-03,2.576664e-02
4.541461e-02,2.329516e-03,5.596979e-02,2.022056e-02,2.717293e-02,1.081509e-02,9.335958e-03,1.279326e-01,4.761710e-03,3.196629e-03,1.186344e-01,2.631233e-02,5.202777e-01,2.544253e-03,2.508194e-02
3.252052e-02,2.090067e-03,3.947252e-02,2.111738e-02,2.128674e-02,1.124743e-02,7.188946e-03,9.276862e-02,1.739138e-02,3.657980e-03,9.661337e-02,3.082110e-02,5.962595e-01,2.800886e-03,2.476359e-02
2.295930e-02,2.060740e-03,2.884742e-02,2.416223e-02,1.992144e-02,9.396078e-03,5.079361e-03,8.601991e-02,3.291214e-02,3.208299e-03,7.806363e-02,2.781063e-02,6.369810e-01,2.697394e-03,1.988051e-02
1.656337e-02,1.575686e-03,2.084661e-02,2.880790e-02,1.586895e-02,9.132207e-03,3.604173e-03,6.754555e-02,3.263546e-02,3.854889e-03,8.186182e-02,3.687049e-02,6.610941e-01,2.339559e-03,1.739922e-02
1.255551e-02,1.420116e-03,1.559761e-02,2.649591e-02,1.961035e-02,7.798435e-03,2.633250e-03,5.326167e-02,5.838771e-02,5.561038e-03,9.943622e-02,5.842953e-02,6.160690e-01,1.985738e-03,2.075801e-02
1.038841e-02,1.067013e-03,1.195184e-02,1.947485e-02,5.042532e-02,6.539613e-03,1.934447e-03,5.485298e-02,5.633170e-02,1.167170e-02,1.221712e-01,7.460278e-02,5.214057e-01,2.162117e-03,5.502035e-02
8.669584e-03,8.223458e-04,9.127877e-03,1.416778e-02,9.929954e-02,5.635300e-03,1.410165e-03,5.146582e-02,5.708501e-02,2.441398e-02,1.166928e-01,8.925382e-02,4.180933e-01,2.415376e-03,1.014472e-01
7.513978e-03,6.994408e-04,6.841067e-03,1.012975e-02,1.935436e-01,4.033957e-03,1.013735e-03,3.893630e-02,8.508503e-02,1.991249e-02,1.167960e-01,7.443862e-02,3.429712e-01,2.130819e-03,9.595405e-02
1.072587e-02,3.128323e-03,7.702558e-03,7.444913e-03,2.384681e-01,3.025247e-03,7.287958e-04,5.038473e-02,1.437123e-01,2.261397e-02,8.835694e-02,6.360063e-02,2.862831e-01,2.550709e-03,7.127387e-02
1.572085e-02,5.069223e-03,8.701893e-03,6.690660e-03,2.745041e-01,2.310466e-03,5.324223e-04,7.662991e-02,1.528829e-01,2.352598e-02,6.845877e-02,6.322365e-02,2.468216e-01,2.713831e-03,5.221379e-02
1.950357e-02,4.840971e-03,2.113953e-02,5.945764e-03,2.714052e-01,2.153586e-03,6.070009e-04,1.630683e-01,1.404466e-01,1.815117e-02,6.162399e-02,5.551155e-02,1.953532e-01,2.260812e-03,3.798868e-02
2.077676e-02,5.649086e-03,2.416906e-02,5.247317e-03,2.300184e-01,1.707778e-03,4.393192e-04,1.791087e-01,1.717227e-01,1.408083e-02,6.528789e-02,7.102760e-02,1.806321e-01,2.312227e-03,2.782018e-02
1.576851e-02,4.553684e-03,2.062726e-02,4.146249e-03,1.871807e-01,1.242392e-03,3.326830e-04,2.570102e-01,2.283294e-01,1.004127e-02,4.961807e-02,5.535178e-02,1.440112e-01,1.673483e-03,2.011312e-02
1.176992e-02,3.441492e-03,2.388853e-02,4.504070e-03,1.330387e-01,8.932712e-04,2.385931e-04,3.923376e-01,2.087249e-01,7.139008e-03,3.988647e-02,4.069257e-02,1.170992e-01,1.451999e-03,1.489353e-02
9.721326e-03,2.726011e-03,3.205177e-02,4.571951e-03,9.851446e-02,6.754833e-04,1.746484e-04,4.554171e-01,2.200064e-01,5.372318e-03,3.856112e-02,3.058894e-02,8.902540e-02,1.606975e-03,1.098607e-02
1.119800e-02,4.485332e-03,4.112332e-02,4.544605e-03,8.244832e-02,6.072927e-04,1.623126e-04,4.889627e-01,2.301270e-01,4.527882e-03,3.578682e-02,2.282188e-02,6.381132e-02,1.547731e-03,7.845432e-03
1.018558e-02,4.016263e-03,4.562031e-02,4.084202e-03,6.322803e-02,5.403260e-04,1.948808e-04,5.812497e-01,1.882706e-01,3.422991e-03,3.022992e-02,1.668414e-02,4.545935e-02,1.268783e-03,5.544855e-03
1.296157e-02,7.935967e-03,4.248868e-02,5.774554e-03,6.298629e-02,1.397242e-03,3.851349e-04,4.818761e-01,3.061587e-01,2.921863e-03,2.560663e-02,1.186873e-02,3.203816e-02,1.054827e-03,4.545612e-03
1.998349e-02,1.273570e-02,3.615579e-02,1.829524e-02,6.590460e-02,1.610293e-03,4.943248e-04,4.646669e-01,3.120502e-01,4.552320e-03,2.399321e-02,8.476425e-03,2.260139e-02,1.082272e-03,7.397880e-03
3.781972e-02,1.703502e-02,3.182150e-02,4.104367e-02,6.973730e-02,2.101597e-03,5.025363e-04,3.755839e-01,3.510822e-01,1.283640e-02,2.421194e-02,6.518146e-03,1.612202e-02,1.759672e-03,1.182448e-02
3.235912e-02,1.500035e-02,2.717947e-02,2.433183e-01,6.313722e-02,1.766753e-03,4.842599e-04,2.945752e-01,2.661932e-01,9.325874e-03,1.831314e-02,5.908253e-03,1.231062e-02,1.259409e-03,8.868890e-03
3.962456e-02,1.317117e-02,2.120714e-02,2.298302e-01,8.218101e-02,1.542850e-03,5.387811e-04,3.099670e-01,2.583402e-01,7.218976e-03,1.452583e-02,4.526486e-03,8.877605e-03,9.302230e-04,7.517989e-03
4.113193e-02,1.076654e-02,1.984294e-02,2.658690e-01,7.443576e-02,1.461389e-03,5.553107e-04,3.423828e-01,2.078099e-01,5.974606e-03,1.180875e-02,3.657773e-03,6.632676e-03,6.848401e-04,6.985957e-03
5.752991e-02,9.012447e-03,2.152528e-02,2.513185e-01,7.081806e-02,1.359967e-03,7.360753e-04,3.862873e-01,1.737488e-01,4.459636e-03,9.663220e-03,3.066077e-03,4.892569e-03,4.995895e-04,5.082485e-03
1.069186e-01,1.004376e-02,2.370461e-02,2.325917e-01,7.618581e-02,2.074108e-03,1.516471e-03,3.312132e-01,1.910588e-01,4.021726e-03,8.473347e-03,3.021840e-03,3.784727e-03,4.260310e-04,4.965296e-03
1.802064e-01,1.899038e-02,2.746451e-02,1.886721e-01,7.179218e-02,4.191221e-03,2.469017e-03,2.909019e-01,1.822051e-01,4.427273e-03,6.971448e-03,4.222326e-03,4.077376e-03,6.146418e-04,1.279414e-02
1.847544e-01,1.774081e-02,2.710044e-02,1.721415e-01,6.099859e-02,4.232073e-03,3.103599e-03,3.657095e-01,1.351994e-01,4.028969e-03,5.947327e-03,3.859176e-03,3.706805e-03,5.484612e-04,1.092888e-02
2.164265e-01,1.951609e-02,2.531246e-02,1.367724e-01,7.161301e-02,5.935758e-03,7.147295e-03,3.646619e-01,1.198748e-01,4.376256e-03,5.476159e-03,5.515627e-03,4.469581e-03,8.996257e-04,1.200249e-02
1.677255e-01,1.429134e-02,2.078333e-02,9.683847e-02,5.756209e-02,4.604844e-03,5.331037e-03,5.234518e-01,8.570632e-02,3.140009e-03,3.978400e-03,4.064382e-03,3.237558e-03,6.693609e-04,8.615516e-03
1.236681e-01,1.019789e-02,1.512822e-02,6.853296e-02,4.186950e-02,3.620549e-03,3.830358e-03,6.557132e-01,6.018941e-02,2.227654e-03,2.976096e-03,3.011577e-03,2.339795e-03,5.120042e-04,6.182638e-03
9.089256e-02,7.463319e-03,1.140737e-02,4.820672e-02,3.016956e-02,2.853652e-03,2.738773e-03,7.513659e-01,4.241744e-02,1.596251e-03,2.152913e-03,2.158986e-03,1.746163e-03,3.978343e-04,4.432517e-03
6.711603e-02,5.327154e-03,8.223156e-03,3.383869e-02,2.159162e-02,2.221712e-03,1.973258e-03,8.208585e-01,2.985628e-02,1.140463e-03,1.559870e-03,1.545433e-03,1.262603e-03,2.998499e-04,3.185355e-03
5.471937e-02,3.806300e-03,6.247573e-03,2.386697e-02,1.560783e-02,1.853681e-03,1.467244e-03,8.647588e-01,2.102173e-02,8.142155e-04,1.166049e-03,1.203031e-03,9.293495e-04,2.341439e-04,2.303652e-03
5.897718e-02,2.809535e-03,6.208978e-03,1.741936e-02,1.130712e-02,5.214956e-03,1.443098e-03,8.759443e-01,1.493958e-02,6.121290e-04,9.472413e-04,1.360850e-03,7.791392e-04,2.135680e-04,1.822922e-03
6.964694e-02,2.093984e-03,5.179112e-03,1.287714e-02,8.189035e-03,6.698665e-03,1.405483e-03,8.782158e-01,1.065383e-02,4.648558e-04,8.220944e-04,1.418166e-03,6.879712e-04,1.982548e-04,1.448631e-03
9.018381e-02,1.713060e-03,4.247417e-03,9.351649e-03,6.129027e-03,6.253839e-03,1.513537e-03,8.678032e-01,7.748229e-03,4.381645e-04,7.735644e-04,1.672967e-03,6.614330e-04,2.477860e-04,1.262204e-03
8.329198e-02,1.302636e-03,3.616457e-03,6.831046e-03,4.584250e-03,4.928500e-03,1.551541e-03,8.835288e-01,5.603172e-03,4.104089e-04,7.642793e-04,1.691777e-03,6.026681e-04,2.205068e-04,1.071852e-03
1.153984e-01,1.187568e-03,6.495930e-03,5.446997e-03,4.036225e-03,4.244656e-03,2.483952e-03,8.506571e-01,4.454155e-03,5.770307e-04,8.028729e-04,1.984283e-03,6.826734e-04,2.574965e-04,1.290593e-03
1.437180e-01,1.229150e-03,7.270401e-03,4.559692e-03,4.197237e-03,4.463867e-03,3.413897e-03,8.191198e-01,3.458156e-03,1.132314e-03,1.020676e-03,2.852069e-03,9.167350e-04,3.250089e-04,2.322993e-03
1.269528e-01,1.200622e-03,6.860949e-03,3.997697e-03,3.868963e-03,5.375707e-03,3.128511e-03,8.339769e-01,2.893861e-03,1.272017e-03,1.350169e-03,2.930927e-03,9.922055e-04,5.459609e-04,4.652633e-03
1.463437e-01,1.806339e-03,9.849917e-03,1.417751e-02,3.624374e-03,5.649069e-03,2.796279e-03,7.927293e-01,4.024271e-03,2.255325e-03,2.009141e-03,6.345396e-03,1.438890e-03,8.750170e-04,6.075424e-03
1.634550e-01,4.311887e-03,1.589118e-02,9.905061e-02,3.446508e-03,1.327461e-02,2.298975e-03,6.421062e-01,6.614756e-03,7.013189e-03,1.284961e-02,1.354265e-02,3.862333e-03,1.395503e-03,1.088699e-02
1.258007e-01,4.952309e-03,1.807133e-02,1.895348e-01,2.997665e-03,1.195593e-02,1.805484e-03,4.640831e-01,2.196885e-02,2.006430e-02,5.785598e-02,3.204134e-02,1.880077e-02,1.666139e-03,2.840116e-02
9.134562e-02,4.716518e-03,1.568296e-02,2.770761e-01,2.399782e-03,9.425904e-03,1.323231e-03,3.266565e-01,2.387155e-02,2.125950e-02,1.477129e-01,3.261573e-02,2.150306e-02,1.441352e-03,2.296929e-02
6.764366e-02,4.719729e-03,1.181823e-02,2.187029e-01,2.280311e-03,7.500036e-03,9.759827e-04,2.298186e-01,3.952479e-02,1.919027e-02,2.894167e-01,4.962952e-02,3.965446e-02,1.668738e-03,1.745605e-02
6.497221e-02,6.623894e-03,9.171303e-03,2.158652e-01,3.421949e-03,5.911034e-03,7.974230e-04,1.626121e-01,8.311006e-02,1.563697e-02,3.273878e-01,3.775053e-02,4.741821e-02,3.368065e-03,1.595334e-02
5.223983e-02,6.884320e-03,7.112422e-03,2.030653e-01,3.298947e-03,4.525628e-03,6.043491e-04,1.143563e-01,2.203003e-01,1.288399e-02,2.836561e-01,2.722236e-02,4.355145e-02,5.155433e-03,1.514333e-02
3.898641e-02,6.607758e-03,5.619056e-03,1.738151e-01,3.173816e-03,3.442045e-03,4.537842e-04,8.056844e-02,3.504237e-01,1.261239e-02,2.501930e-01,1.997564e-02,3.660493e-02,4.580362e-03,1.294360e-02
3.363564e-02,5.467394e-03,4.159833e-03,1.332876e-01,2.589150e-03,2.922880e-03,3.537658e-04,5.664634e-02,4.036195e-01,1.669630e-02,2.617900e-01,1.716336e-02,4.330092e-02,4.950033e-03,1.341736e-02
2.638520e-02,4.529561e-03,3.287894e-03,1.078939e-01,2.211071e-03,2.851036e-03,2.960483e-04,4.005159e-02,4.583009e-01,1.781808e-02,2.509632e-01,1.463646e-02,5.027539e-02,5.212105e-03,1.528770e-02
3.976712e-02,4.426744e-03,9.021204e-03,7.942227e-02,5.970679e-03,3.230559e-03,5.589424e-04,4.714799e-02,3.539554e-01,5.308641e-02,2.759046e-01,1.246137e-02,6.671271e-02,1.326562e-02,3.506847e-02
5.471933e-02,4.783974e-03,1.281612e-02,6.219979e-02,7.988466e-03,5.156960e-03,8.283751e-04,3.955605e-02,2.887697e-01,1.174826e-01,2.315572e-01,1.122942e-02,6.395194e-02,1.584722e-02,8.311287e-02
5.956233e-02,8.369363e-03,1.839328e-02,5.318837e-02,1.791564e-02,7.841912e-03,1.794255e-03,4.220532e-02,2.724788e-01,1.769037e-01,1.753065e-01,1.322780e-02,5.687375e-02,1.458563e-02,8.135341e-02
7.958596e-02,1.675470e-02,2.419505e-02,5.612578e-02,2.279607e-02,8.842300e-03,1.384588e-03,3.888480e-02,2.209484e-01,2.315289e-01,1.444310e-01,1.560973e-02,4.836396e-02,1.872898e-02,7.181981e-02
7.440975e-02,4.750970e-02,2.846735e-02,4.776553e-02,1.883347e-02,8.996545e-03,1.015101e-03,3.326015e-02,1.847035e-01,2.883353e-01,1.210255e-01,1.619257e-02,3.861077e-02,2.621964e-02,6.465515e-02
6.624624e-02,4.490674e-02,4.196357e-02,3.686248e-02,1.829962e-02,7.565153e-03,9.873131e-04,3.062299e-02,1.508327e-01,3.925599e-01,9.322310e-02,1.330453e-02,2.948319e-02,2.575017e-02,4.739225e-02
6.164717e-02,3.954383e-02,4.969400e-02,3.356880e-02,2.305409e-02,6.358522e-03,8.381220e-04,2.549483e-02,1.622737e-01,4.021618e-01,8.127097e-02,1.290417e-02,2.308089e-02,3.636480e-02,4.174433e-02
7.129082e-02,3.015654e-02,1.339273e-01,4.444192e-02,2.360868e-02,1.227296e-02,7.296739e-04,7.208104e-02,1.255584e-01,3.255664e-01,6.434041e-02,1.062013e-02,1.778085e-02,3.594349e-02,3.168144e-02
8.654775e-02,2.449985e-02,1.092341e-01,3.683174e-02,2.052508e-02,1.496596e-02,5.429801e-04,6.258107e-02,1.129329e-01,2.844820e-01,5.712967e-02,7.772963e-03,1.292899e-02,1.047313e-01,6.429355e-02
1.020991e-01,2.130974e-02,9.225970e-02,3.363337e-02,1.672052e-02,2.710101e-02,5.232584e-04,7.022962e-02,1.125843e-01,2.340438e-01,4.927202e-02,6.213914e-03,9.669298e-03,1.099826e-01,1.143579e-01
1.332366e-01,2.271812e-02,7.603220e-02,2.865025e-02,1.741190e-02,3.329472e-02,4.714213e-04,5.762556e-02,9.755731e-02,1.828582e-01,4.007401e-02,5.403611e-03,7.692920e-03,1.154102e-01,1.815630e-01
1.241132e-01,2.417273e-02,6.498526e-02,2.278390e-02,2.737946e-02,4.238159e-02,4.941536e-04,4.388839e-02,1.474934e-01,1.330576e-01,3.395106e-02,4.870057e-03,7.019214e-03,1.068312e-01,2.165787e-01
1.378598e-01,3.830159e-02,5.005189e-02,1.846033e-02,2.215084e-02,5.027358e-02,6.514491e-04,3.281678e-02,1.715984e-01,9.532181e-02,3.488654e-02,5.301402e-03,7.474697e-03,1.038008e-01,2.310500e-01
1.736283e-01,5.915434e-02,3.983644e-02,1.703016e-02,1.802368e-02,6.912945e-02,1.897136e-03,2.611500e-02,1.594038e-01,7.184981e-02,3.076793e-02,6.491380e-03,9.062504e-03,9.612443e-02,2.214857e-01
1.943509e-01,6.067222e-02,3.995035e-02,2.001425e-02,1.501376e-02,1.022028e-01,2.602212e-03,2.052790e-02,1.489100e-01,5.629817e-02,3.284862e-02,1.044638e-02,9.577623e-03,9.669018e-02,1.898946e-01
2.437682e-01,7.229613e-02,3.626291e-02,1.997960e-02,1.362131e-02,9.192461e-02,2.692806e-03,1.709622e-02,1.455650e-01,6.017487e-02,4.042640e-02,1.424629e-02,9.375039e-03,8.234770e-02,1.502230e-01
3.089879e-01,7.131663e-02,2.821917e-02,1.974013e-02,1.135897e-02,1.023916e-01,3.064507e-03,1.430234e-02,1.432015e-01,5.062766e-02,4.001369e-02,1.707590e-02,9.025455e-03,6.719078e-02,1.134838e-01
3.751310e-01,1.034566e-01,2.019273e-02,1.621129e-02,9.147061e-03,7.876387e-02,3.122792e-03,1.068550e-02,1.227711e-01,4.647712e-02,3.131073e-02,1.402721e-02,7.381073e-03,7.204907e-02,8.927280e-02
4.336963e-01,1.270452e-01,1.472804e-02,1.331202e-02,8.378220e-03,5.914094e-02,3.032749e-03,9.336872e-03,1.073139e-01,5.391594e-02,2.446107e-02,1.263777e-02,5.886951e-03,6.008708e-02,6.702684e-02
4.493307e-01,1.588241e-01,1.089623e-02,1.062754e-02,7.723244e-03,5.809739e-02,2.396866e-03,7.822766e-03,9.597011e-02,6.184129e-02,1.956736e-02,1.100312e-02,4.576731e-03,4.965521e-02,5.166733e-02
4.683969e-01,1.745630e-01,8.556396e-03,9.432039e-03,8.070942e-03,4.617351e-02,2.013948e-03,7.261966e-03,8.676965e-02,6.818815e-02,1.681247e-02,1.108389e-02,3.829234e-03,4.396481e-02,4.488313e-02
3.712663e-01,1.397033e-01,7.427370e-03,1.200442e-02,8.528333e-03,9.153575e-02,1.638230e-03,5.939648e-03,8.254421e-02,1.381000e-01,1.799948e-02,1.094732e-02,3.448209e-03,3.385659e-02,7.506088e-02
3.049980e-01,1.182799e-01,6.210695e-03,1.273401e-02,6.469247e-03,1.147918e-01,1.334333e-03,4.671314e-03,1.081604e-01,1.715817e-01,1.861900e-02,9.749545e-03,6.096022e-03,2.758806e-02,8.871597e-02
2.194188e-01,1.071089e-01,5.023722e-03,1.594952e-02,4.684351e-03,8.857860e-02,9.960093e-04,3.699473e-03,1.658030e-01,1.416157e-01,2.689341e-02,8.365715e-03,5.805358e-03,2.292399e-02,1.831335e-01
1.550505e-01,9.219786e-02,3.877195e-03,1.696247e-02,3.457588e-03,6.421938e-02,7.263842e-04,2.766034e-03,3.478374e-01,1.065587e-01,2.268623e-02,6.270227e-03,5.037956e-03,1.751267e-02,1.548394e-01
1.189136e-01,7.105617e-02,3.332126e-03,2.626482e-02,2.669902e-03,5.381731e-02,7.053502e-04,2.191944e-03,4.002672e-01,7.924703e-02,2.161292e-02,6.135561e-03,6.599871e-03,1.561693e-02,1.915693e-01
8.774394e-02,5.264784e-02,2.681457e-03,2.330417e-02,2.017833e-03,4.483715e-02,6.441121e-04,1.721161e-03,3.490900e-01,6.139807e-02,2.468764e-02,7.157540e-03,7.433428e-03,1.474029e-02,3.198954e-01
6.235445e-02,3.783169e-02,2.740584e-03,2.149825e-02,1.598733e-03,3.582483e-02,4.927164e-04,1.261455e-03,2.882070e-01,4.781310e-02,2.367945e-02,7.447196e-03,8.036390e-03,1.204766e-02,4.491665e-01
4.379892e-02,2.656817e-02,2.241676e-03,1.583634e-02,1.335785e-03,2.574406e-02,3.758532e-04,9.020202e-04,2.039090e-01,3.444281e-02,1.915791e-02,5.574012e-03,6.758298e-03,8.761500e-03,6.045936e-01
3.112112e-02,1.889336e-02,3.106592e-03,1.196735e-02,1.502662e-03,1.976907e-02,3.521159e-04,7.076209e-04,1.457855e-01,2.606638e-02,1.876900e-02,4.376923e-03,7.613246e-03,7.131624e-03,7.028374e-01
2.424383e-02,1.376980e-02,1.645988e-02,1.059281e-02,4.460447e-03,2.068529e-02,5.272088e-04,9.515135e-04,1.064818e-01,2.163344e-02,1.738057e-02,4.162058e-03,9.843394e-03,7.137459e-03,7.416705e-01
2.132278e-02,1.021387e-02,4.293504e-02,9.937576e-03,1.057321e-02,2.591736e-02,8.199045e-04,1.430404e-03,8.014971e-02,2.138110e-02,2.143712e-02,4.463815e-03,1.338818e-02,8.614993e-03,7.274150e-01
1.926791e-02,8.884181e-03,1.129603e-01,1.118966e-02,1.094567e-02,3.630263e-02,1.619847e-03,1.220269e-03,6.596002e-02,2.996124e-02,4.505737e-02,1.041184e-02,3.433010e-02,1.433358e-02,5.975554e-01
1.654680e-02,7.496382e-03,8.890979e-02,1.275591e-02,1.309324e-02,3.252609e-02,1.827358e-03,1.208164e-03,5.187620e-02,3.513417e-02,6.222085e-02,1.323544e-02,4.344515e-02,1.442518e-02,6.052992e-01
1.703152e-02,8.165417e-03,8.992867e-02,2.268684e-02,5.000536e-02,2.576040e-02,1.745643e-03,5.204509e-03,7.483032e-02,4.225796e-02,9.512332e-02,1.743648e-02,4.739100e-02,1.772739e-02,4.847051e-01
1.329335e-02,2.296634e-02,6.662308e-02,1.685169e-02,4.244218e-02,1.895918e-02,2.069073e-03,7.308247e-03,2.968943e-01,3.117143e-02,7.438668e-02,1.785022e-02,3.548322e-02,1.277841e-02,3.409226e-01
9.848913e-03,2.714587e-02,4.739987e-02,1.249361e-02,3.223282e-02,1.342562e-02,1.518878e-03,5.667913e-03,4.860690e-01,2.229659e-02,5.358903e-02,1.437208e-02,2.583488e-02,9.000873e-03,2.391040e-01
1.006922e-02,2.851935e-02,3.808216e-02,1.379264e-02,3.133562e-02,1.894328e-02,1.253517e-03,6.776281e-03,5.919236e-01,1.624792e-02,3.919226e-02,1.097668e-02,1.887651e-02,6.329292e-03,1.676816e-01
1.540426e-02,2.754951e-02,2.795868e-02,1.371001e-02,7.189611e-02,1.485647e-02,1.594457e-03,9.098872e-03,6.344073e-01,1.191635e-02,2.785299e-02,7.944382e-03,1.348173e-02,4.483847e-03,1.178449e-01
2.275997e-02,3.203620e-02,2.861912e-02,9.806024e-02,7.239978e-02,1.361093e-02,1.659223e-03,2.343325e-02,5.682636e-01,1.105007e-02,2.115006e-02,6.614504e-03,1.056644e-02,3.219504e-03,8.655707e-02
4.115747e-02,4.980678e-02,2.252982e-02,1.029376e-01,6.893204e-02,1.097344e-02,1.950898e-03,2.765258e-02,5.562032e-01,1.213371e-02,1.637249e-02,6.358935e-03,8.875390e-03,2.342151e-03,7.177337e-02
5.797528e-02,5.485306e-02,1.849324e-02,1.050079e-01,6.715450e-02,1.933176e-02,3.008392e-03,2.461677e-02,4.877723e-01,1.343595e-02,1.349278e-02,6.560330e-03,3.840045e-02,1.804258e-03,8.809300e-02
6.273119e-02,6.700134e-02,2.185499e-02,9.092267e-02,5.658704e-02,2.188973e-02,4.118335e-03,1.915714e-02,4.061350e-01,1.415825e-02,1.816575e-02,1.009077e-02,9.598168e-02,2.386945e-03,1.088192e-01
1.379101e-01,5.051335e-02,2.445442e-02,8.678116e-02,5.315454e-02,2.177405e-02,5.887503e-03,2.300605e-02,3.106468e-01,1.243460e-02,2.724803e-02,1.751527e-02,1.224458e-01,3.686178e-03,1.025422e-01
2.440059e-01,3.824096e-02,2.064976e-02,6.768909e-02,4.426993e-02,1.983146e-02,6.639351e-03,1.939981e-02,2.469265e-01,1.008438e-02,3.005575e-02,1.807332e-02,1.258036e-01,4.509074e-03,1.038212e-01
3.122516e-01,2.809207e-02,1.711002e-02,4.901583e-02,3.383022e-02,1.717125e-02,5.378836e-03,2.106962e-02,1.833729e-01,8.473113e-03,3.719637e-02,2.100213e-02,1.575374e-01,1.059399e-02,9.790470e-02
3.218135e-01,2.066835e-02,1.367635e-02,3.836760e-02,2.710001e-02,1.538476e-02,5.350776e-03,1.785335e-02,1.458262e-01,7.098978e-03,3.249586e-02,1.998084e-02,1.586003e-01,9.985348e-03,1.657978e-01
2.902101e-01,1.496688e-02,1.230453e-02,3.344952e-02,2.090749e-02,1.338549e-02,4.587738e-03,8.931848e-02,1.088388e-01,7.627779e-03,4.512786e-02,2.257167e-02,1.736393e-01,1.173349e-02,1.513309e-01
2.429481e-01,1.173678e-02,1.012494e-02,2.835542e-02,1.766513e-02,1.161583e-02,3.781392e-03,6.436355e-02,9.687366e-02,1.280958e-02,5.123674e-02,2.270632e-02,1.634351e-01,2.085917e-02,2.414883e-01
1.798277e-01,9.023585e-03,9.009290e-03,2.989361e-02,1.442795e-02,8.971616e-03,2.983572e-03,6.916157e-02,8.424207e-02,1.481234e-02,5.429705e-02,2.185524e-02,1.964307e-01,1.857400e-02,2.864898e-01
1.358728e-01,6.762195e-03,7.462492e-03,2.322873e-02,1.163348e-02,7.085581e-03,2.322167e-03,5.417293e-02,7.930097e-02,1.897837e-02,5.637437e-02,2.435618e-02,1.702705e-01,2.139225e-02,3.807870e-01
9.770010e-02,5.353386e-03,6.326600e-03,1.747550e-02,8.491728e-03,5.311501e-03,1.718646e-03,4.447519e-02,6.795644e-02,1.941581e-02,5.020568e-02,2.312546e-02,1.468374e-01,1.893356e-02,4.866730e-01
7.290146e-02,4.038080e-03,5.619828e-03,1.587391e-02,6.492165e-03,4.652044e-03,1.364068e-03,3.456183e-02,5.748866e-02,2.577327e-02,5.440822e-02,2.472563e-02,1.258890e-01,1.561022e-02,5.506016e-01
5.211880e-02,2.998435e-03,4.743580e-03,1.178595e-02,4.803928e-03,3.376981e-03,1.006342e-03,2.602568e-02,4.496609e-02,1.592756e-01,4.355091e-02,1.995597e-02,9.322146e-02,1.238102e-02,5.197892e-01
3.828536e-02,2.385621e-03,4.140135e-03,1.058439e-02,3.740400e-03,2.986102e-03,8.973420e-04,1.952771e-02,4.810657e-02,2.224152e-01,3.689320e-02,1.693574e-02,7.173662e-02,9.909675e-03,5.114559e-01
2.922839e-02,2.172466e-03,3.784562e-03,3.183991e-02,3.987285e-03,3.873221e-03,6.977431e-04,3.540652e-02,8.103594e-02,1.954335e-01,5.027544e-02,2.248866e-02,7.138760e-02,9.358210e-03,4.590305e-01
2.244838e-02,2.022736e-03,5.009451e-03,7.176072e-02,9.122280e-03,3.239852e-03,9.636712e-04,6.102469e-02,8.520485e-02,1.952383e-01,5.461198e-02,2.595511e-02,6.034371e-02,9.508096e-03,3.935462e-01
2.125518e-02,1.797692e-03,7.508725e-03,8.151582e-02,3.825451e-02,5.945972e-03,1.517094e-03,1.775931e-01,8.911514e-02,1.593242e-01,5.765289e-02,2.714963e-02,4.743272e-02,7.474952e-03,2.764623e-01
3.544505e-02,3.980638e-03,2.289068e-02,1.421369e-01,6.438045e-02,9.644807e-03,4.242833e-03,1.939387e-01,1.010179e-01,1.156523e-01,5.140403e-02,2.094235e-02,3.497986e-02,5.346546e-03,1.939969e-01
4.388012e-02,5.765690e-03,3.264965e-02,1.655670e-01,8.554129e-02,1.234548e-02,7.584617e-03,1.847394e-01,1.566163e-01,8.332112e-02,4.119208e-02,1.555611e-02,2.524578e-02,3.809496e-03,1.361858e-01
4.736273e-02,7.486427e-03,3.637389e-02,2.049909e-01,1.080309e-01,1.159715e-02,9.230476e-03,1.617810e-01,1.937508e-01,5.979920e-02,3.027134e-02,1.140800e-02,1.818078e-02,2.784793e-03,9.695156e-02
3.954886e-02,7.858641e-03,5.166260e-02,2.405555e-01,1.159701e-01,9.528658e-03,9.913728e-03,1.718832e-01,1.970845e-01,4.252921e-02,2.182889e-02,8.105241e-03,1.331887e-02,1.972554e-03,6.823951e-02
3.658615e-02,6.442534e-03,6.645736e-02,2.387731e-01,1.189122e-01,7.134582e-03,8.122270e-03,2.401519e-01,1.669326e-01,3.026041e-02,1.560038e-02,5.781190e-03,9.464305e-03,1.398177e-03,4.798280e-02
4.110784e-02,9.880003e-03,1.015473e-01,2.094536e-01,1.336749e-01,5.655252e-03,7.999472e-03,2.567626e-01,1.514870e-01,2.214416e-02,1.130807e-02,4.342171e-03,6.874818e-03,1.145949e-03,3.661680e-02
3.398617e-02,1.135592e-02,1.097269e-01,3.754360e-01,9.998041e-02,4.217073e-03,5.655075e-03,1.837848e-01,1.095123e-01,1.631069e-02,1.394000e-02,3.455646e-03,5.084291e-03,9.167552e-04,2.663803e-02
2.429434e-02,8.908311e-03,8.622953e-02,3.760768e-01,7.173885e-02,3.145848e-03,3.979795e-03,1.299469e-01,7.887414e-02,1.171179e-02,1.746119e-01,3.651268e-03,6.609579e-03,1.189067e-03,1.903190e-02
1.809174e-02,6.749610e-03,6.205280e-02,2.734973e-01,5.442888e-02,2.305710e-03,2.808982e-03,9.127587e-02,5.608340e-02,8.503913e-03,3.931600e-01,4.337204e-03,1.172132e-02,1.249432e-03,1.373379e-02
1.382345e-02,4.976119e-03,4.892085e-02,2.062870e-01,4.317203e-02,2.075531e-03,1.973738e-03,6.447614e-02,5.131313e-02,6.177396e-03,5.210497e-01,3.597533e-03,1.929937e-02,1.596116e-03,1.126191e-02
3.822815e-02,5.251524e-03,6.367756e-02,2.427670e-01,4.293855e-02,2.947889e-03,1.463469e-03,5.113453e-02,1.070995e-01,6.023079e-03,4.061749e-01,2.860491e-03,1.642082e-02,2.430262e-03,1.058231e-02
3.989149e-02,4.787176e-03,9.170800e-02,2.588332e-01,3.062810e-02,3.064606e-03,1.052161e-03,3.673899e-02,1.931554e-01,6.494991e-03,3.007939e-01,2.822379e-03,1.610793e-02,4.294392e-03,9.627190e-03
7.780465e-02,5.997996e-03,8.473508e-02,2.058280e-01,2.224790e-02,3.189942e-03,9.540546e-04,2.769055e-02,2.504029e-01,8.589046e-03,2.592129e-01,4.057898e-03,3.180947e-02,7.870242e-03,9.609500e-03
1.337894e-01,6.682335e-03,6.753942e-02,1.557198e-01,1.663994e-02,4.679641e-03,9.173786e-04,2.063535e-02,2.563541e-01,1.376650e-02,2.435983e-01,4.340282e-03,4.266176e-02,1.387158e-02,1.880423e-02
1.198272e-01,1.202194e-02,5.867179e-02,1.221436e-01,1.306326e-02,4.218006e-03,7.608992e-04,1.624999e-02,3.786647e-01,1.298319e-02,1.762996e-01,3.981311e-03,3.768747e-02,1.396928e-02,2.945784e-02
1.525743e-01,1.439575e-02,5.962483e-02,1.062988e-01,1.047744e-02,4.303863e-03,7.574249e-04,1.373832e-02,4.188483e-01,1.252546e-02,1.273044e-01,4.529873e-03,2.986512e-02,1.347736e-02,3.127861e-02
1.696772e-01,1.667135e-02,5.006215e-02,8.143722e-02,8.470982e-03,5.359218e-03,7.569680e-04,1.068716e-02,4.274170e-01,1.434939e-02,9.704836e-02,4.628258e-03,2.345116e-02,3.863474e-02,5.134879e-02
2.630811e-01,1.549757e-02,3.998154e-02,5.910665e-02,8.425060e-03,7.420859e-03,1.623803e-03,9.612687e-03,3.532884e-01,1.209457e-02,8.185692e-02,1.207624e-02,3.509983e-02,3.407174e-02,6.676301e-02
3.270499e-01,1.516546e-02,3.091807e-02,4.415111e-02,1.144211e-02,1.073860e-02,2.775186e-03,1.173140e-02,2.813634e-01,1.058937e-02,6.729605e-02,1.902978e-02,4.767434e-02,2.867214e-02,9.140299e-02
3.194901e-01,1.398013e-02,2.315034e-02,3.240595e-02,1.113023e-02,1.058723e-02,3.107538e-03,9.924338e-03,2.150948e-01,1.023628e-02,6.082653e-02,1.870621e-02,6.419054e-02,2.719371e-02,1.799761e-01
3.148632e-01,1.342633e-02,2.678491e-02,3.654829e-02,1.207037e-02,9.524511e-03,3.273015e-03,3.073958e-02,2.318246e-01,8.465537e-03,5.620113e-02,1.935667e-02,7.323470e-02,2.152738e-02,1.421597e-01
2.340138e-01,1.364934e-02,2.574182e-02,4.201163e-02,3.003422e-02,7.535912e-03,3.047439e-03,2.670452e-02,1.854806e-01,6.763238e-03,4.750258e-02,1.441235e-02,6.700476e-02,1.680971e-02,2.792881e-01
1.882635e-01,1.536043e-02,2.676392e-02,9.165130e-02,5.874434e-02,6.669237e-03,2.955309e-03,9.208682e-02,1.783156e-01,5.774116e-03,3.744902e-02,1.260275e-02,5.699503e-02,1.284756e-02,2.135211e-01
1.588518e-01,2.995668e-02,3.267434e-02,9.402206e-02,6.960668e-02,1.242555e-02,3.122301e-03,1.128821e-01,2.196114e-01,4.803657e-03,2.940179e-02,1.268586e-02,5.179418e-02,9.642350e-03,1.585193e-01
1.375668e-01,3.604868e-02,2.876886e-02,8.197196e-02,6.215374e-02,1.402439e-02,3.290232e-03,1.461177e-01,2.849664e-01,4.235242e-03,2.318208e-02,1.313018e-02,4.328727e-02,7.006281e-03,1.142502e-01
1.456153e-01,3.637195e-02,2.715815e-02,7.477337e-02,6.803039e-02,1.349516e-02,4.236788e-03,2.272473e-01,2.318276e-01,4.667110e-03,1.947595e-02,1.290293e-02,3.894024e-02,5.527534e-03,8.973013e-02
1.127963e-01,3.865541e-02,2.299847e-02,5.498625e-02,6.587343e-02,1.115720e-02,4.389718e-03,3.624206e-01,1.928715e-01,3.757762e-03,1.848528e-02,9.627662e-03,3.135295e-02,4.069968e-03,6.655750e-02
9.321547e-02,3.294984e-02,1.928274e-02,4.656411e-02,5.799171e-02,9.861197e-03,3.648649e-03,4.922404e-01,1.404353e-01,2.984603e-03,1.492621e-02,8.668757e-03,2.403916e-02,3.417596e-03,4.977429e-02
7.901275e-02,2.573027e-02,1.509538e-02,3.464920e-02,4.676729e-02,1.317273e-02,3.105040e-03,6.020352e-01,1.034922e-01,2.252436e-03,1.176118e-02,6.482105e-03,1.797657e-02,2.595264e-03,3.587241e-02
