1.000000e+00,0.000000e+00,0.000000e+00,0.000000e+00,0.000000e+00,0.000000e+00,0.000000e+00,0.000000e+00,0.000000e+00,0.000000e+00,0.000000e+00,0.000000e+00,0.000000e+00,0.000000e+00,0.000000e+00
1.000000e+00,0.000000e+00,0.000000e+00,0.000000e+00,0.000000e+00,0.000000e+00,0.000000e+00,0.000000e+00,0.000000e+00,0.000000e+00,0.000000e+00,0.000000e+00,0.000000e+00,0.000000e+00,0.000000e+00
1.000000e+00,0.000000e+00,0.000000e+00,0.000000e+00,0.000000e+00,0.000000e+00,0.000000e+00,0.000000e+00,0.000000e+00,0.000000e+00,0.000000e+00,0.000000e+00,0.000000e+00,0.000000e+00,0.000000e+00
1.000000e+00,0.000000e+00,0.000000e+00,0.000000e+00,0.000000e+00,0.000000e+00,0.000000e+00,0.000000e+00,0.000000e+00,0.000000e+00,0.000000e+00,0.000000e+00,0.000000e+00,0.000000e+00,0.000000e+00
1.000000e+00,0.000000e+00,0.000000e+00,0.000000e+00,0.000000e+00,0.000000e+00,0.000000e+00,0.000000e+00,0.000000e+00,0.000000e+00,0.000000e+00,0.000000e+00,0.000000e+00,0.000000e+00,0.000000e+00
1.000000e+00,0.000000e+00,0.000000e+00,0.000000e+00,0.000000e+00,0.000000e+00,0.000000e+00,0.000000e+00,0.000000e+00,0.000000e+00,0.000000e+00,0.000000e+00,0.000000e+00,0.000000e+00,0.000000e+00
1.000000e+00,0.000000e+00,0.000000e+00,0.000000e+00,0.000000e+00,0.000000e+00,0.000000e+00,0.000000e+00,0.000000e+00,0.000000e+00,0.000000e+00,0.000000e+00,0.000000e+00,0.000000e+00,0.000000e+00
1.000000e+00,0.000000e+00,0.000000e+00,0.000000e+00,0.000000e+00,0.000000e+00,0.000000e+00,0.000000e+00,0.000000e+00,0.000000e+00,0.000000e+00,0.000000e+00,0.000000e+00,0.000000e+00,0.000000e+00
1.000000e+00,0.000000e+00,0.000000e+00,0.000000e+00,0.000000e+00,0.000000e+00,0.000000e+00,0.000000e+00,0.000000e+00,0.000000e+00,0.000000e+00,0.000000e+00,0.000000e+00,0.000000e+00,0.000000e+00
1.000000e+00,0.000000e+00,0.000000e+00,0.000000e+00,0.000000e+00,0.000000e+00,0.000000e+00,0.000000e+00,0.000000e+00,0.000000e+00,0.000000e+00,0.000000e+00,0.000000e+00,0.000000e+00,0.000000e+00
1.000000e+00,0.000000e+00,0.000000e+00,0.000000e+00,0.000000e+00,0.000000e+00,0.000000e+00,0.000000e+00,0.000000e+00,0.000000e+00,0.000000e+00,0.000000e+00,0.000000e+00,0.000000e+00,0.000000e+00
1.000000e+00,0.000000e+00,0.000000e+00,0.000000e+00,0.000000e+00,0.000000e+00,0.000000e+00,0.000000e+00,0.000000e+00,0.000000e+00,0.000000e+00,0.000000e+00,0.000000e+00,0.000000e+00,0.000000e+00
1.000000e+00,0.000000e+00,0.000000e+00,0.000000e+00,0.000000e+00,0.000000e+00,0.000000e+00,0.000000e+00,0.000000e+00,0.000000e+00,0.000000e+00,0.000000e+00,0.000000e+00,0.000000e+00,0.000000e+00
1.000000e+00,0.000000e+00,0.000000e+00,0.000000e+00,0.000000e+00,0.000000e+00,0.000000e+00,0.000000e+00,0.000000e+00,0.000000e+00,0.000000e+00,0.000000e+00,0.000000e+00,0.000000e+00,0.000000e+00
1.000000e+00,0.000000e+00,0.000000e+00,0.000000e+00,0.000000e+00,0.000000e+00,0.000000e+00,0.000000e+00,0.000000e+00,0.000000e+00,0.000000e+00,0.000000e+00,0.000000e+00,0.000000e+00,0.000000e+00
1.000000e+00,0.000000e+00,0.000000e+00,0.000000e+00,0.000000e+00,0.000000e+00,0.000000e+00,0.000000e+00,0.000000e+00,0.000000e+00,0.000000e+00,0.000000e+00,0.000000e+00,0.000000e+00,0.000000e+00
1.000000e+00,0.000000e+00,0.000000e+00,0.000000e+00,0.000000e+00,0.000000e+00,0.000000e+00,0.000000e+00,0.000000e+00,0.000000e+00,0.000000e+00,0.000000e+00,0.000000e+00,0.000000e+00,0.000000e+00
1.000000e+00,0.000000e+00,0.000000e+00,0.000000e+00,0.000000e+00,0.000000e+00,0.000000e+00,0.000000e+00,0.000000e+00,0.000000e+00,0.000000e+00,0.000000e+00,0.000000e+00,0.000000e+00,0.000000e+00
1.000000e+00,0.000000e+00,0.000000e+00,0.000000e+00,0.000000e+00,0.000000e+00,0.000000e+00,0.000000e+00,0.000000e+00,0.000000e+00,0.000000e+00,0.000000e+00,0.000000e+00,0.000000e+00,0.000000e+00
1.000000e+00,0.000000e+00,0.000000e+00,0.000000e+00,0.000000e+00,0.000000e+00,0.000000e+00,0.000000e+00,0.000000e+00,0.000000e+00,0.000000e+00,0.000000e+00,0.000000e+00,0.000000e+00,0.000000e+00
1.000000e+00,0.000000e+00,0.000000e+00,0.000000e+00,0.000000e+00,0.000000e+00,0.000000e+00,0.000000e+00,0.000000e+00,0.000000e+00,0.000000e+00,0.000000e+00,0.000000e+00,0.000000e+00,0.000000e+00
1.000000e+00,0.000000e+00,0.000000e+00,0.000000e+00,0.000000e+00,0.000000e+00,0.000000e+00,0.000000e+00,0.000000e+00,0.000000e+00,0.000000e+00,0.000000e+00,0.000000e+00,0.000000e+00,0.000000e+00
1.000000e+00,0.000000e+00,0.000000e+00,0.000000e+00,0.000000e+00,0.000000e+00,0.000000e+00,0.000000e+00,0.000000e+00,0.000000e+00,0.000000e+00,0.000000e+00,0.000000e+00,0.000000e+00,0.000000e+00
1.000000e+00,0.000000e+00,0.000000e+00,0.000000e+00,0.000000e+00,0.000000e+00,0.000000e+00,0.000000e+00,0.000000e+00,0.000000e+00,0.000000e+00,0.000000e+00,0.000000e+00,0.000000e+00,0.000000e+00
1.000000e+00,0.000000e+00,0.000000e+00,0.000000e+00,0.000000e+00,0.000000e+00,0.000000e+00,0.000000e+00,0.000000e+00,0.000000e+00,0.000000e+00,0.000000e+00,0.000000e+00,0.000000e+00,0.000000e+00
1.000000e+00,0.000000e+00,0.000000e+00,0.000000e+00,0.000000e+00,0.000000e+00,0.000000e+00,0.000000e+00,0.000000e+00,0.000000e+00,0.000000e+00,0.000000e+00,0.000000e+00,0.000000e+00,0.000000e+00
1.000000e+00,0.000000e+00,0.000000e+00,0.000000e+00,0.000000e+00,0.000000e+00,0.000000e+00,0.000000e+00,0.000000e+00,0.000000e+00,0.000000e+00,0.000000e+00,0.000000e+00,0.000000e+00,0.000000e+00
1.000000e+00,0.000000e+00,0.000000e+00,0.000000e+00,0.000000e+00,0.000000e+00,0.000000e+00,0.000000e+00,0.000000e+00,0.000000e+00,0.000000e+00,0.000000e+00,0.000000e+00,0.000000e+00,0.000000e+00
1.000000e+00,0.000000e+00,0.000000e+00,0.000000e+00,0.000000e+00,0.000000e+00,0.000000e+00,0.000000e+00,0.000000e+00,0.000000e+00,0.000000e+00,0.000000e+00,0.000000e+00,0.000000e+00,0.000000e+00
1.000000e+00,0.000000e+00,0.000000e+00,0.000000e+00,0.000000e+00,0.000000e+00,0.000000e+00,0.000000e+00,0.000000e+00,0.000000e+00,0.000000e+00,0.000000e+00,0.000000e+00,0.000000e+00,0.000000e+00
1.000000e+00,0.000000e+00,0.000000e+00,0.000000e+00,0.000000e+00,0.000000e+00,0.000000e+00,0.000000e+00,0.000000e+00,0.000000e+00,0.000000e+00,0.000000e+00,0.000000e+00,0.000000e+00,0.000000e+00
1.000000e+00,0.000000e+00,0.000000e+00,0.000000e+00,0.000000e+00,0.000000e+00,0.000000e+00,0.000000e+00,0.000000e+00,0.000000e+00,0.000000e+00,0.000000e+00,0.000000e+00,0.000000e+00,0.000000e+00
1.000000e+00,0.000000e+00,0.000000e+00,0.000000e+00,0.000000e+00,0.000000e+00,0.000000e+00,0.000000e+00,0.000000e+00,0.000000e+00,0.000000e+00,0.000000e+00,0.000000e+00,0.000000e+00,0.000000e+00
1.000000e+00,0.000000e+00,0.000000e+00,0.000000e+00,0.000000e+00,0.000000e+00,0.000000e+00,0.000000e+00,0.000000e+00,0.000000e+00,0.000000e+00,0.000000e+00,0.000000e+00,0.000000e+00,0.000000e+00
1.000000e+00,0.000000e+00,0.000000e+00,0.000000e+00,0.000000e+00,0.000000e+00,0.000000e+00,0.000000e+00,0.000000e+00,0.000000e+00,0.000000e+00,0.000000e+00,0.000000e+00,0.000000e+00,0.000000e+00
1.000000e+00,0.000000e+00,0.000000e+00,0.000000e+00,0.000000e+00,0.000000e+00,0.000000e+00,0.000000e+00,0.000000e+00,0.000000e+00,0.000000e+00,0.000000e+00,0.000000e+00,0.000000e+00,0.000000e+00
1.000000e+00,0.000000e+00,0.000000e+00,0.000000e+00,0.000000e+00,0.000000e+00,0.000000e+00,0.000000e+00,0.000000e+00,0.000000e+00,0.000000e+00,0.000000e+00,0.000000e+00,0.000000e+00,0.000000e+00
1.000000e+00,0.000000e+00,0.000000e+00,0.000000e+00,0.000000e+00,0.000000e+00,0.000000e+00,0.000000e+00,0.000000e+00,0.000000e+00,0.000000e+00,0.000000e+00,0.000000e+00,0.000000e+00,0.000000e+00
1.000000e+00,0.000000e+00,0.000000e+00,0.000000e+00,0.000000e+00,0.000000e+00,0.000000e+00,0.000000e+00,0.000000e+00,0.000000e+00,0.000000e+00,0.000000e+00,0.000000e+00,0.000000e+00,0.000000e+00
1.000000e+00,0.000000e+00,0.000000e+00,0.000000e+00,0.000000e+00,0.000000e+00,0.000000e+00,0.000000e+00,0.000000e+00,0.000000e+00,0.000000e+00,0.000000e+00,0.000000e+00,0.000000e+00,0.000000e+00
1.000000e+00,0.000000e+00,0.000000e+00,0.000000e+00,0.000000e+00,0.000000e+00,0.000000e+00,0.000000e+00,0.000000e+00,0.000000e+00,0.000000e+00,0.000000e+00,0.000000e+00,0.000000e+00,0.000000e+00
1.000000e+00,0.000000e+00,0.000000e+00,0.000000e+00,0.000000e+00,0.000000e+00,0.000000e+00,0.000000e+00,0.000000e+00,0.000000e+00,0.000000e+00,0.000000e+00,0.000000e+00,0.000000e+00,0.000000e+00
1.000000e+00,0.000000e+00,0.000000e+00,0.000000e+00,0.000000e+00,0.000000e+00,0.000000e+00,0.000000e+00,0.000000e+00,0.000000e+00,0.000000e+00,0.000000e+00,0.000000e+00,0.000000e+00,0.000000e+00
1.000000e+00,0.000000e+00,0.000000e+00,0.000000e+00,0.000000e+00,0.000000e+00,0.000000e+00,0.000000e+00,0.000000e+00,0.000000e+00,0.000000e+00,0.000000e+00,0.000000e+00,0.000000e+00,0.000000e+00
1.000000e+00,0.000000e+00,0.000000e+00,0.000000e+00,0.000000e+00,0.000000e+00,0.000000e+00,0.000000e+00,0.000000e+00,0.000000e+00,0.000000e+00,0.000000e+00,0.000000e+00,0.000000e+00,0.000000e+00
1.000000e+00,0.000000e+00,0.000000e+00,0.000000e+00,0.000000e+00,0.000000e+00,0.000000e+00,0.000000e+00,0.000000e+00,0.000000e+00,0.000000e+00,0.000000e+00,0.000000e+00,0.000000e+00,0.000000e+00
1.000000e+00,0.000000e+00,0.000000e+00,0.000000e+00,0.000000e+00,0.000000e+00,0.000000e+00,0.000000e+00,0.000000e+00,0.000000e+00,0.000000e+00,0.000000e+00,0.000000e+00,0.000000e+00,0.000000e+00
1.000000e+00,0.000000e+00,0.000000e+00,0.000000e+00,0.000000e+00,0.000000e+00,0.000000e+00,0.000000e+00,0.000000e+00,0.000000e+00,0.000000e+00,0.000000e+00,0.000000e+00,0.000000e+00,0.000000e+00
1.000000e+00,0.000000e+00,0.000000e+00,0.000000e+00,0.000000e+00,0.000000e+00,0.000000e+00,0.000000e+00,0.000000e+00,0.000000e+00,0.000000e+00,0.000000e+00,0.000000e+00,0.000000e+00,0.000000e+00
1.000000e+00,0.000000e+00,0.000000e+00,0.000000e+00,0.000000e+00,0.000000e+00,0.000000e+00,0.000000e+00,0.000000e+00,0.000000e+00,0.000000e+00,0.000000e+00,0.000000e+00,0.000000e+00,0.000000e+00
1.000000e+00,0.000000e+00,0.000000e+00,0.000000e+00,0.000000e+00,0.000000e+00,0.000000e+00,0.000000e+00,0.000000e+00,0.000000e+00,0.000000e+00,0.000000e+00,0.000000e+00,0.000000e+00,0.000000e+00
1.000000e+00,0.000000e+00,0.000000e+00,0.000000e+00,0.000000e+00,0.000000e+00,0.000000e+00,0.000000e+00,0.000000e+00,0.000000e+00,0.000000e+00,0.000000e+00,0.000000e+00,0.000000e+00,0.000000e+00
1.000000e+00,0.000000e+00,0.000000e+00,0.000000e+00,0.000000e+00,0.000000e+00,0.000000e+00,0.000000e+00,0.000000e+00,0.000000e+00,0.000000e+00,0.000000e+00,0.000000e+00,0.000000e+00,0.000000e+00
1.000000e+00,0.000000e+00,0.000000e+00,0.000000e+00,0.000000e+00,0.000000e+00,0.000000e+00,0.000000e+00,0.000000e+00,0.000000e+00,0.000000e+00,0.000000e+00,0.000000e+00,0.000000e+00,0.000000e+00
1.000000e+00,0.000000e+00,0.000000e+00,0.000000e+00,0.000000e+00,0.000000e+00,0.000000e+00,0.000000e+00,0.000000e+00,0.000000e+00,0.000000e+00,0.000000e+00,0.000000e+00,0.000000e+00,0.000000e+00
1.000000e+00,0.000000e+00,0.000000e+00,0.000000e+00,0.000000e+00,0.000000e+00,0.000000e+00,0.000000e+00,0.000000e+00,0.000000e+00,0.000000e+00,0.000000e+00,0.000000e+00,0.000000e+00,0.000000e+00
1.000000e+00,0.000000e+00,0.000000e+00,0.000000e+00,0.000000e+00,0.000000e+00,0.000000e+00,0.000000e+00,0.000000e+00,0.000000e+00,0.000000e+00,0.000000e+00,0.000000e+00,0.000000e+00,0.000000e+00
1.000000e+00,0.000000e+00,0.000000e+00,0.000000e+00,0.000000e+00,0.000000e+00,0.000000e+00,0.000000e+00,0.000000e+00,0.000000e+00,0.000000e+00,0.000000e+00,0.000000e+00,0.000000e+00,0.000000e+00
4.562085e-01,1.046125e-02,2.252844e-02,4.058355e-02,1.045992e-02,9.921256e-03,2.563860e-03,3.958282e-01,5.463068e-03,1.283160e-03,1.013512e-02,1.075307e-02,1.111121e-02,2.483231e-03,1.021611e-02
3.260109e-01,7.476164e-03,1.882189e-02,2.953830e-02,7.616452e-03,7.631982e-03,2.148733e-03,5.626569e-01,4.014982e-03,1.022971e-03,7.745102e-03,7.737197e-03,8.072417e-03,2.169889e-03,7.335993e-03
2.396231e-01,5.622450e-03,1.435606e-02,2.142536e-02,6.188733e-03,7.359636e-03,2.601199e-03,6.724142e-01,3.077083e-03,1.432762e-03,6.558810e-03,5.699857e-03,6.051516e-03,2.225700e-03,5.363514e-03
1.709896e-01,4.163855e-03,1.069622e-02,1.555212e-02,4.935007e-03,6.812717e-03,2.475104e-03,7.220285e-01,2.421478e-03,1.761243e-03,2.225545e-02,1.288401e-02,8.407136e-03,1.070637e-02,3.911220e-03
1.200217e-01,2.981620e-03,7.495551e-03,1.225680e-02,3.887206e-03,4.839417e-03,1.765072e-03,5.258478e-01,2.388024e-03,2.006143e-03,6.746876e-02,1.053980e-01,1.273008e-01,1.258189e-02,3.761131e-03
8.415164e-02,2.159039e-03,5.251723e-03,9.692227e-03,2.963098e-03,3.435620e-03,1.252780e-03,3.720195e-01,4.470566e-03,1.828663e-03,8.550908e-02,2.316890e-01,1.804560e-01,1.192211e-02,3.198884e-03
5.914545e-02,1.600585e-03,3.798381e-03,1.225961e-02,4.422757e-03,2.668059e-03,9.315677e-04,2.667028e-01,8.417927e-03,1.497630e-03,8.232196e-02,4.052541e-01,1.381982e-01,1.039387e-02,2.387130e-03
4.154466e-02,1.301828e-03,3.048901e-03,3.301898e-02,9.668840e-03,3.981454e-03,8.259446e-04,1.908094e-01,1.802921e-02,1.211256e-03,7.783682e-02,5.042583e-01,1.042622e-01,8.488217e-03,1.713990e-03
2.933112e-02,1.316671e-03,3.231526e-03,6.937480e-02,1.447605e-02,8.664619e-03,6.782358e-04,1.378595e-01,3.708839e-02,1.231132e-03,8.882719e-02,5.241096e-01,7.569519e-02,6.799221e-03,1.316685e-03
2.076047e-02,1.786060e-03,3.687325e-03,7.667686e-02,1.994146e-02,1.061832e-02,5.169507e-04,9.769233e-02,5.051087e-02,1.089761e-03,1.325014e-01,5.182941e-01,5.839058e-02,6.330471e-03,1.203024e-03
1.482536e-02,2.023055e-03,3.577602e-03,6.109791e-02,3.421820e-02,9.901846e-03,4.202670e-04,6.908879e-02,5.225341e-02,1.208196e-03,1.822777e-01,5.174270e-01,4.433144e-02,6.350110e-03,9.991532e-04
1.088519e-02,1.915555e-03,2.911258e-03,4.337788e-02,5.155122e-02,7.792853e-03,3.951743e-04,4.869817e-02,6.290511e-02,1.655240e-03,2.038993e-01,5.244918e-01,3.341186e-02,5.356007e-03,7.533606e-04
7.893262e-03,1.406376e-03,2.137864e-03,3.043343e-02,4.080645e-02,1.048159e-02,3.263002e-04,3.450784e-02,4.568274e-02,1.661617e-03,1.539567e-01,6.421216e-01,2.410641e-02,3.935468e-03,5.423479e-04
7.349924e-03,1.164841e-03,3.107757e-03,2.181193e-02,4.576587e-02,4.153127e-02,1.820628e-03,3.237363e-02,3.335065e-02,2.391304e-03,1.222392e-01,6.649095e-01,1.868437e-02,3.096645e-03,4.023894e-04
5.426091e-03,1.580464e-03,2.490258e-03,1.529804e-02,1.112403e-01,2.981243e-02,1.469273e-03,2.291378e-02,4.741231e-02,2.418226e-03,8.941457e-02,6.536308e-01,1.425724e-02,2.339485e-03,2.967434e-04
4.065895e-03,1.203911e-03,1.920479e-03,1.074206e-02,1.205363e-01,2.117734e-02,1.198435e-03,1.634315e-02,3.600493e-02,2.184923e-03,6.480344e-02,7.071026e-01,1.065325e-02,1.847983e-03,2.152372e-04
4.377976e-03,1.234710e-03,1.695212e-03,7.678979e-03,1.398920e-01,2.037097e-02,1.627543e-03,1.395636e-02,3.562966e-02,1.812971e-03,4.702913e-02,7.146476e-01,8.432552e-03,1.454856e-03,1.594773e-04
5.288928e-03,1.256156e-03,1.347135e-03,5.558947e-03,1.789131e-01,1.607747e-02,1.402403e-03,1.425731e-02,4.491753e-02,1.608063e-03,3.545883e-02,6.841834e-01,8.476762e-03,1.136210e-03,1.177456e-04
6.909342e-03,1.154589e-03,1.131695e-03,4.218682e-03,1.851626e-01,1.474532e-02,1.261741e-03,1.683624e-02,4.567310e-02,1.626319e-03,3.029586e-02,6.788514e-01,1.106399e-02,9.762418e-04,9.281665e-05
5.978634e-03,9.481884e-04,1.028779e-03,3.079269e-03,1.423576e-01,1.076661e-02,1.108018e-03,1.345774e-02,4.372142e-02,1.361256e-03,2.333045e-02,7.407981e-01,1.114170e-02,8.476204e-04,7.463509e-05
6.538183e-03,8.361733e-04,1.007493e-03,2.226763e-03,1.143440e-01,8.934423e-03,2.182226e-03,1.129892e-02,4.722130e-02,1.192270e-03,2.102349e-02,7.694010e-01,1.295310e-02,7.735716e-04,6.716058e-05
6.442319e-03,9.680914e-04,7.814688e-04,1.594784e-03,1.159633e-01,7.658686e-03,4.673181e-03,9.681774e-03,2.387992e-01,9.712059e-04,1.693940e-02,5.821882e-01,1.270373e-02,5.695597e-04,6.512507e-05
1.172978e-02,1.277962e-03,1.648091e-03,1.359822e-03,1.598876e-01,8.676623e-03,7.051919e-03,3.200582e-02,2.854347e-01,1.438898e-03,2.226907e-02,4.382046e-01,2.794633e-02,8.434726e-04,2.252828e-04
1.484101e-02,1.389307e-03,2.465017e-03,1.333611e-03,2.241918e-01,1.047169e-02,1.538525e-02,6.719552e-02,2.662947e-01,1.245634e-03,2.347163e-02,3.396737e-01,3.096149e-02,8.029156e-04,2.767796e-04
2.899987e-02,1.516395e-03,6.763213e-03,1.995021e-03,2.648988e-01,1.317571e-02,2.327224e-02,1.391622e-01,2.005017e-01,1.178793e-03,2.143704e-02,2.632304e-01,3.258437e-02,8.254871e-04,4.588028e-04
3.953511e-02,1.685441e-03,5.649418e-03,1.854374e-03,3.618612e-01,1.558132e-02,2.595310e-02,1.397741e-01,1.557895e-01,1.036645e-03,1.971359e-02,2.052754e-01,2.488505e-02,8.320339e-04,5.737926e-04
5.046497e-02,2.161959e-03,1.083077e-02,2.721237e-03,4.246496e-01,1.516779e-02,3.773244e-02,1.531188e-01,1.221011e-01,8.249282e-04,1.504735e-02,1.454855e-01,1.839730e-02,7.497224e-04,5.465294e-04
8.801590e-02,3.497571e-03,1.595514e-02,4.971077e-03,4.711065e-01,1.535038e-02,3.643084e-02,1.162410e-01,1.034752e-01,8.979124e-04,1.189870e-02,1.047556e-01,1.666313e-02,8.997272e-04,9.841289e-03
9.083220e-02,5.281622e-03,1.583163e-02,2.065986e-02,5.165967e-01,1.376900e-02,3.357642e-02,1.216506e-01,7.615470e-02,6.712314e-04,9.166726e-03,7.479282e-02,1.281173e-02,7.114832e-04,7.493327e-03
1.428090e-01,7.710450e-03,1.574457e-02,2.289736e-02,5.049758e-01,1.194928e-02,2.908292e-02,1.112399e-01,7.039491e-02,8.103815e-04,7.308850e-03,5.575759e-02,1.044874e-02,8.622897e-04,8.007992e-03
1.808067e-01,7.321795e-03,1.289314e-02,2.104535e-02,5.034035e-01,9.610557e-03,2.416468e-02,1.015298e-01,7.285763e-02,8.256562e-04,5.720776e-03,4.405041e-02,8.745414e-03,7.725558e-04,6.251956e-03
2.170057e-01,7.127641e-03,1.087394e-02,1.672018e-02,4.802258e-01,7.457118e-03,1.837491e-02,1.176719e-01,7.221624e-02,7.121857e-04,5.052978e-03,3.363220e-02,7.467126e-03,6.437071e-04,4.818385e-03
3.048013e-01,7.560539e-03,1.023616e-02,1.404133e-02,4.003159e-01,7.033806e-03,1.578534e-02,1.270256e-01,6.992282e-02,6.440243e-04,4.474652e-03,2.548366e-02,8.018456e-03,7.908606e-04,3.865499e-03
3.636006e-01,8.595874e-03,9.790760e-03,1.187495e-02,3.250045e-01,7.069658e-03,1.261535e-02,1.576535e-01,6.577167e-02,6.308713e-04,4.799287e-03,1.978160e-02,8.703705e-03,9.407492e-04,3.166875e-03
3.146661e-01,6.634204e-03,7.678808e-03,9.574309e-03,2.365746e-01,5.882570e-03,9.760272e-03,3.322961e-01,4.814849e-02,5.017489e-04,3.553016e-03,1.489491e-02,6.730722e-03,7.489713e-04,2.355121e-03
2.831123e-01,4.890560e-03,5.849089e-03,7.384440e-03,1.722006e-01,4.841540e-03,7.936051e-03,4.576947e-01,3.459341e-02,3.961113e-04,2.630681e-03,1.108058e-02,5.078178e-03,5.723652e-04,1.739328e-03
3.136441e-01,4.594155e-03,4.791340e-03,6.145403e-03,1.267636e-01,6.262047e-03,8.353047e-03,4.850077e-01,2.608190e-02,4.133763e-04,2.378155e-03,8.748546e-03,4.372562e-03,5.242380e-04,1.919730e-03
2.945875e-01,4.615975e-03,4.336584e-03,5.228635e-03,9.606446e-02,7.775383e-03,7.694216e-03,5.410095e-01,2.194719e-02,5.062603e-04,2.129648e-03,7.185964e-03,3.965841e-03,5.426294e-04,2.410188e-03
2.523972e-01,4.104244e-03,3.484251e-03,4.319516e-03,7.182691e-02,8.162674e-03,6.297737e-03,6.165219e-01,1.829977e-02,4.458703e-04,1.839022e-03,6.009632e-03,3.308979e-03,4.898304e-04,2.492422e-03
2.440374e-01,7.738018e-03,3.751626e-03,1.605310e-02,5.595522e-02,7.434746e-03,5.079808e-03,6.161766e-01,1.459067e-02,1.185727e-03,3.272319e-03,1.447622e-02,3.889966e-03,7.889458e-04,5.569692e-03
2.623312e-01,1.271937e-02,4.224822e-03,3.433401e-02,4.844739e-02,2.217182e-02,5.839878e-03,4.823757e-01,1.842541e-02,2.336709e-03,7.359053e-03,1.611351e-02,7.359385e-02,1.294694e-03,8.432705e-03
3.234268e-01,1.200090e-02,4.440342e-03,3.740799e-02,3.804657e-02,2.922718e-02,4.631972e-03,3.588717e-01,1.771973e-02,2.558656e-03,1.522112e-02,1.798679e-02,1.247421e-01,2.036548e-03,1.168162e-02
3.231241e-01,1.068847e-02,5.062976e-03,3.637935e-02,3.139804e-02,4.104297e-02,5.738481e-03,2.686302e-01,2.441480e-02,2.955597e-03,1.883860e-02,2.483310e-02,1.893336e-01,2.045184e-03,1.551456e-02
2.836982e-01,9.462273e-03,4.262922e-03,3.455553e-02,2.767941e-02,7.346967e-02,7.082948e-03,1.971944e-01,2.900871e-02,2.952963e-03,2.951496e-02,3.897421e-02,2.427926e-01,1.864213e-03,1.748689e-02
2.442533e-01,9.610794e-03,3.629464e-03,2.564413e-02,2.057540e-02,6.035269e-02,5.716055e-03,1.387529e-01,2.789677e-02,3.242628e-03,3.481377e-02,6.278236e-02,3.437459e-01,1.587785e-03,1.739614e-02
2.247786e-01,8.795066e-03,3.048579e-03,1.852300e-02,1.604897e-02,5.109004e-02,4.455507e-03,9.750729e-02,2.513928e-02,3.478040e-03,3.591132e-02,9.755363e-02,3.942555e-01,1.391788e-03,1.802339e-02
2.030097e-01,6.791540e-03,2.645263e-03,1.388850e-02,1.227834e-02,7.361141e-02,4.165947e-03,6.902441e-02,1.975754e-02,3.537957e-03,3.673179e-02,1.081759e-01,4.296997e-01,1.729197e-03,1.495287e-02
1.765351e-01,5.329874e-03,2.504007e-03,1.052897e-02,1.163880e-02,6.296595e-02,3.369569e-03,4.939408e-02,1.956182e-02,5.316835e-03,4.144944e-02,1.568130e-01,4.360244e-01,2.499930e-03,1.606821e-02
1.436171e-01,5.564658e-03,2.677610e-03,7.951555e-03,1.999788e-02,5.117069e-02,3.083317e-03,3.728872e-02,3.522374e-02,5.521016e-03,4.579500e-02,1.481175e-01,4.763224e-01,2.294422e-03,1.537442e-02
1.254338e-01,7.331097e-03,1.701936e-02,2.533097e-02,2.593707e-02,4.697804e-02,2.854116e-03,9.368020e-02,5.302618e-02,8.233795e-03,4.382184e-02,1.371617e-01,3.958174e-01,2.252681e-03,1.512171e-02
1.368729e-01,1.177795e-02,1.542482e-02,2.407279e-02,3.265602e-02,4.850558e-02,3.118720e-03,1.041958e-01,1.021989e-01,1.008101e-02,4.092798e-02,1.114211e-01,3.374199e-01,2.672275e-03,1.865423e-02
1.271849e-01,1.335804e-02,1.278504e-02,1.811284e-02,4.125053e-02,7.606578e-02,6.058210e-03,1.071382e-01,1.960965e-01,8.078696e-03,3.323800e-02,8.990318e-02,2.524893e-01,2.127242e-03,1.611364e-02
1.085254e-01,1.361544e-02,2.023102e-02,2.702639e-02,3.561507e-02,9.588424e-02,4.902501e-03,1.547086e-01,2.354398e-01,8.281793e-03,3.173734e-02,6.663907e-02,1.816381e-01,1.981150e-03,1.377404e-02
9.623364e-02,1.360256e-02,2.629991e-02,2.290485e-02,2.762467e-02,1.153609e-01,4.305524e-03,2.125244e-01,2.405986e-01,8.050789e-03,3.171297e-02,5.021419e-02,1.322197e-01,2.071053e-03,1.627626e-02
1.479798e-01,2.178359e-02,2.888800e-02,2.115251e-02,5.243972e-02,1.068157e-01,1.204545e-02,1.695366e-01,2.517384e-01,7.681469e-03,2.541461e-02,3.705670e-02,9.860989e-02,2.693329e-03,1.616422e-02
1.334181e-01,3.471088e-02,7.147914e-02,4.038108e-02,4.647551e-02,1.003585e-01,1.638142e-02,1.351226e-01,2.698150e-01,9.091048e-03,2.185746e-02,2.744562e-02,7.398982e-02,2.350222e-03,1.712358e-02
1.084859e-01,3.478461e-02,1.912843e-01,5.150052e-02,3.640640e-02,7.413068e-02,1.350867e-02,1.279748e-01,2.380047e-01,1.068581e-02,1.846012e-02,2.022955e-02,5.429516e-02,1.953546e-03,1.829532e-02
9.948776e-02,4.187309e-02,2.290083e-01,6.506656e-02,3.298154e-02,5.804291e-02,1.134387e-02,1.153362e-01,2.411687e-01,1.245186e-02,1.523281e-02,1.499511e-02,4.203141e-02,1.628331e-03,1.935144e-02
1.257525e-01,4.431759e-02,2.024632e-01,6.518182e-02,4.355767e-02,5.377496e-02,1.049633e-02,1.293035e-01,2.288757e-01,1.473116e-02,1.314339e-02,1.098970e-02,3.529562e-02,1.621280e-03,2.049560e-02
9.898065e-02,4.396114e-02,2.372349e-01,1.825747e-01,3.543305e-02,3.822131e-02,7.515609e-03,9.737599e-02,1.749398e-01,1.320284e-02,1.090035e-02,8.085219e-03,2.525889e-02,1.252843e-03,2.506272e-02
9.654492e-02,4.890082e-02,2.877180e-01,1.746156e-01,3.142473e-02,2.763224e-02,5.923689e-03,8.203480e-02,1.551825e-01,1.565438e-02,1.063119e-02,6.306978e-03,1.920555e-02,1.281019e-03,3.694370e-02
1.227403e-01,6.250420e-02,3.097039e-01,1.376512e-01,5.469057e-02,2.944284e-02,5.703451e-03,7.155266e-02,1.269091e-01,1.276518e-02,9.170179e-03,4.840136e-03,1.470823e-02,1.655968e-03,3.596223e-02
9.629186e-02,5.715289e-02,3.890638e-01,1.134944e-01,4.134783e-02,3.065486e-02,4.658464e-03,5.125820e-02,1.136047e-01,1.635376e-02,7.685990e-03,3.552997e-03,1.083460e-02,6.498280e-03,5.754741e-02
8.407994e-02,4.773569e-02,4.343516e-01,9.731963e-02,3.586689e-02,4.136808e-02,4.054079e-03,3.834211e-02,9.966366e-02,1.892548e-02,7.372478e-03,2.738853e-03,8.142564e-03,7.897753e-03,7.214120e-02
9.075950e-02,6.189694e-02,4.370061e-01,7.875331e-02,3.907555e-02,5.566711e-02,4.257883e-03,2.803231e-02,8.290862e-02,1.964964e-02,6.441510e-03,2.057585e-03,6.074707e-03,9.690944e-03,7.772835e-02
1.273637e-01,8.602260e-02,3.660259e-01,6.331328e-02,4.647790e-02,8.522984e-02,4.816210e-03,2.231999e-02,6.856197e-02,2.255656e-02,6.142576e-03,1.603948e-03,4.602174e-03,1.036726e-02,8.459614e-02
1.228182e-01,9.907766e-02,3.261039e-01,1.002214e-01,3.563832e-02,6.097764e-02,3.752763e-03,1.606620e-02,6.165021e-02,3.599009e-02,4.978969e-03,1.397381e-03,3.486974e-03,8.010036e-03,1.198304e-01
1.073741e-01,7.454051e-02,2.954240e-01,8.866292e-02,2.553333e-02,4.304891e-02,2.691217e-03,1.159806e-02,9.001055e-02,5.968007e-02,4.707200e-03,1.420781e-03,3.124594e-03,7.049194e-03,1.851346e-01
8.741021e-02,5.382522e-02,2.175514e-01,6.437153e-02,1.818010e-02,3.044915e-02,1.932372e-03,8.286431e-03,1.131336e-01,7.100099e-02,4.282929e-03,1.182237e-03,2.808154e-03,9.270024e-03,3.163157e-01
6.649715e-02,5.211175e-02,2.380172e-01,7.967217e-02,1.313964e-02,2.155655e-02,1.482265e-03,6.018104e-03,1.217228e-01,6.679875e-02,3.701357e-03,1.006830e-03,2.328358e-03,7.162103e-03,3.187850e-01
8.311630e-02,4.080374e-02,2.041236e-01,6.846919e-02,9.381669e-03,1.583058e-02,1.099623e-03,4.828045e-03,1.173644e-01,6.391981e-02,4.529850e-03,1.087061e-03,3.441974e-03,7.868014e-03,3.741362e-01
7.560815e-02,3.176661e-02,1.821158e-01,4.974158e-02,6.716154e-03,1.197866e-02,8.226509e-04,3.788594e-03,8.651611e-02,4.684679e-02,3.850732e-03,1.002433e-03,2.666577e-03,3.574202e-02,4.608372e-01
6.501612e-02,2.519897e-02,1.422226e-01,3.774633e-02,4.935856e-03,8.882059e-03,6.442320e-04,2.937407e-03,7.071120e-02,4.023764e-02,3.989164e-03,2.667214e-03,2.548618e-03,4.512284e-02,5.471398e-01
5.518916e-02,1.845850e-02,1.024587e-01,2.710200e-02,3.612553e-03,6.549042e-03,5.671834e-04,2.120273e-03,5.237536e-02,5.004288e-02,3.812288e-03,3.058204e-03,2.045072e-03,1.323755e-01,5.402333e-01
4.853958e-02,1.339877e-02,7.234105e-02,1.909088e-02,2.621661e-03,4.749435e-03,4.317352e-04,1.504528e-03,3.809969e-02,8.827358e-02,4.729627e-03,3.420929e-03,1.747650e-03,2.506503e-01,4.504006e-01
3.741756e-02,9.614504e-03,5.084771e-02,1.337830e-02,1.863829e-03,3.421505e-03,3.136991e-04,1.059659e-03,2.781136e-02,1.305657e-01,5.373043e-03,2.899720e-03,1.355029e-03,3.611963e-01,3.528821e-01
2.640984e-02,6.963678e-03,3.589893e-02,9.395758e-03,1.313841e-03,2.441320e-03,2.302908e-04,7.501506e-04,5.984195e-02,1.706675e-01,1.549530e-02,7.800698e-03,1.813669e-03,2.936481e-01,3.673289e-01
1.929929e-02,4.954970e-03,2.537298e-02,6.593343e-03,1.080248e-03,1.781056e-03,1.856582e-04,5.385364e-04,4.680139e-02,1.692443e-01,2.004634e-02,5.963095e-03,2.088613e-03,3.082979e-01,3.877523e-01
1.705147e-02,3.593597e-03,1.800119e-02,4.636319e-03,9.328218e-04,1.354638e-03,2.323044e-04,4.054932e-04,3.838245e-02,1.993540e-01,2.455939e-02,5.376716e-03,2.455812e-03,2.736923e-01,4.099714e-01
1.257998e-02,2.636749e-03,1.277227e-02,3.276850e-03,1.460321e-03,1.140651e-03,2.523256e-04,3.314134e-04,2.949102e-02,1.974519e-01,4.125189e-02,4.251290e-03,2.382843e-03,2.222734e-01,4.684471e-01
9.374965e-03,2.293881e-03,9.069839e-03,2.439175e-03,1.622962e-03,3.219160e-03,3.378596e-04,4.954187e-04,5.761195e-02,2.038508e-01,1.248051e-01,5.061750e-03,2.928338e-03,1.757848e-01,4.011040e-01
6.827221e-03,2.282324e-03,7.551649e-03,1.953920e-03,5.909778e-03,2.534901e-03,7.562988e-04,1.223247e-03,1.876060e-01,1.704839e-01,9.732947e-02,3.939528e-03,2.716087e-03,1.305303e-01,3.783553e-01
5.040698e-03,6.016872e-03,5.621636e-03,1.422027e-03,4.749601e-03,2.112894e-03,5.722239e-04,1.130287e-03,4.147709e-01,1.236150e-01,6.947727e-02,2.864916e-03,2.234347e-03,9.195257e-02,2.684187e-01
3.622255e-03,6.040187e-03,4.024975e-03,1.039463e-03,3.880294e-03,1.814659e-03,4.084230e-04,9.713412e-04,5.826976e-01,8.750949e-02,4.922142e-02,2.080891e-03,1.722027e-03,6.459426e-02,1.903727e-01
2.735456e-03,5.755255e-03,2.883535e-03,9.720988e-04,7.763502e-03,2.034999e-03,2.956639e-04,9.166211e-04,6.983852e-01,6.181699e-02,3.477741e-02,1.483284e-03,1.343125e-03,4.522426e-02,1.336126e-01
2.418508e-03,5.354542e-03,2.108729e-03,8.573102e-04,1.489471e-02,3.136155e-03,2.309139e-04,1.114161e-03,7.735613e-01,4.406533e-02,2.459905e-02,1.065676e-03,1.031024e-03,3.166881e-02,9.389375e-02
2.537156e-03,1.430624e-02,1.693864e-03,9.518455e-04,2.503701e-02,3.132990e-03,1.971268e-04,1.068870e-03,8.104472e-01,3.193422e-02,1.770641e-02,9.507246e-04,1.382735e-03,2.218579e-02,6.646770e-02
3.069080e-03,1.186391e-02,2.108136e-03,1.850365e-02,2.994431e-02,1.788849e-02,1.690730e-04,1.774187e-03,7.266634e-01,2.423432e-02,4.776815e-02,2.795293e-02,2.436091e-02,1.564901e-02,4.805042e-02
4.270678e-03,9.517791e-03,2.006405e-03,1.847910e-02,2.494405e-02,2.281711e-02,1.292743e-04,1.743697e-03,7.107549e-01,1.797187e-02,9.787504e-02,2.358386e-02,1.941835e-02,1.226325e-02,3.422453e-02
1.308071e-02,8.730291e-03,1.907678e-03,1.785375e-02,1.813835e-02,3.717072e-02,1.129415e-04,2.512137e-03,6.296895e-01,1.366767e-02,1.742088e-01,3.295977e-02,1.457703e-02,1.090629e-02,2.448431e-02
1.108927e-02,6.488284e-03,1.468219e-03,1.479163e-02,1.287924e-02,3.402217e-02,8.470528e-05,2.313888e-03,4.604962e-01,1.070552e-02,3.321832e-01,7.143313e-02,1.324508e-02,1.139150e-02,1.740803e-02
1.023168e-02,5.306805e-03,1.270148e-03,1.561924e-02,9.274095e-03,3.216729e-02,7.814397e-05,2.152528e-03,3.510057e-01,1.496370e-02,4.303717e-01,9.203187e-02,1.223768e-02,1.069899e-02,1.259042e-02
9.633549e-03,4.463844e-03,1.099268e-03,1.299056e-02,6.939637e-03,2.442765e-02,7.532779e-05,1.581315e-03,2.602060e-01,1.622354e-02,5.268093e-01,1.030745e-01,1.065657e-02,1.248926e-02,9.329665e-03
1.310213e-02,4.522366e-03,1.372345e-03,1.419119e-02,8.838700e-03,1.886856e-02,1.880437e-04,2.173190e-03,1.912558e-01,2.368880e-02,6.026714e-01,8.234502e-02,1.216047e-02,1.712707e-02,7.494924e-03
1.412174e-02,4.049221e-03,1.202249e-03,1.275440e-02,2.606249e-02,1.364163e-02,1.742703e-04,2.486165e-03,1.435361e-01,3.199983e-02,6.554084e-01,6.201813e-02,9.829160e-03,1.627303e-02,6.443244e-03
1.232995e-02,3.184906e-03,1.294062e-03,1.236646e-02,4.045891e-02,1.015994e-02,1.727717e-04,2.398407e-03,1.110989e-01,4.164016e-02,6.766013e-01,5.576794e-02,8.460653e-03,1.657742e-02,7.488264e-03
1.197599e-02,3.612247e-03,4.043936e-03,1.280561e-02,5.289649e-02,1.194887e-02,8.902014e-04,3.345167e-03,1.014330e-01,3.955883e-02,6.605883e-01,6.058594e-02,8.586897e-03,1.828580e-02,9.442752e-03
1.426576e-02,4.928983e-03,5.557489e-03,9.771887e-03,4.716752e-02,1.227777e-02,1.630752e-03,3.863057e-02,1.701628e-01,3.078215e-02,5.694216e-01,6.392255e-02,8.144576e-03,1.588517e-02,7.450409e-03
2.552947e-02,6.643315e-03,6.718027e-03,7.846956e-03,4.836448e-02,1.495333e-02,2.042675e-03,4.572307e-02,1.837656e-01,2.788438e-02,5.118812e-01,9.035429e-02,7.085625e-03,1.547981e-02,5.727720e-03
4.987352e-02,8.672748e-03,5.969190e-03,6.116326e-03,3.513991e-02,1.423130e-02,1.782298e-03,3.702328e-02,1.905859e-01,2.663777e-02,4.596121e-01,1.395069e-01,6.571697e-03,1.344213e-02,4.834926e-03
5.060338e-02,8.610981e-03,5.378883e-03,5.151687e-03,2.677199e-02,1.362055e-02,1.539151e-03,3.117292e-02,1.686166e-01,2.888551e-02,4.423993e-01,1.930809e-01,5.891363e-03,1.374333e-02,4.533506e-03
6.628872e-02,9.582896e-03,6.437328e-03,4.223356e-03,2.328390e-02,1.085054e-02,1.923011e-03,3.324452e-02,1.843028e-01,3.173844e-02,4.162313e-01,1.883325e-01,5.603294e-03,1.389815e-02,4.059270e-03
7.759876e-02,1.125796e-02,1.271979e-02,4.038184e-03,2.119339e-02,9.173778e-03,1.876001e-03,7.436704e-02,1.809695e-01,4.477544e-02,3.414119e-01,1.929160e-01,7.912980e-03,1.626985e-02,3.519455e-03
7.647756e-02,1.590849e-02,1.779739e-02,3.433447e-03,2.254418e-02,7.771953e-03,2.295284e-03,9.835109e-02,1.950761e-01,1.015257e-01,2.758149e-01,1.484047e-01,7.573860e-03,2.420563e-02,2.819750e-03
7.329230e-02,2.931892e-02,2.208716e-02,3.058405e-03,2.669524e-02,6.404063e-03,2.148590e-03,8.831130e-02,2.199222e-01,1.271866e-01,2.568248e-01,1.087949e-01,6.669043e-03,2.700806e-02,2.278489e-03
5.673164e-02,3.095429e-02,2.647461e-02,2.507704e-03,3.151018e-02,4.887092e-03,1.686461e-03,8.531676e-02,1.922209e-01,2.039886e-01,2.437928e-01,7.984547e-02,7.028739e-03,3.129762e-02,1.757113e-03
4.818429e-02,2.590118e-02,5.506700e-02,2.990628e-03,5.362497e-02,4.260070e-03,1.671804e-03,1.568286e-01,1.924399e-01,1.838845e-01,1.852967e-01,5.772958e-02,6.895131e-03,2.388200e-02,1.343739e-03
3.900558e-02,2.123160e-02,1.001593e-01,2.845018e-03,6.731761e-02,3.414841e-03,2.038516e-03,2.516896e-01,1.796158e-01,1.360771e-01,1.324996e-01,4.098573e-02,5.248167e-03,1.690795e-02,9.637108e-04
3.058890e-02,1.613614e-02,1.180801e-01,2.337385e-03,8.260521e-02,2.995796e-03,3.278988e-03,3.645234e-01,1.405978e-01,1.003960e-01,9.313884e-02,2.889632e-02,3.796227e-03,1.194055e-02,6.883402e-04
3.004736e-02,1.684096e-02,1.072869e-01,2.483269e-03,1.109971e-01,3.968246e-03,6.184165e-03,4.326317e-01,1.169563e-01,7.424276e-02,6.557853e-02,2.039323e-02,3.152876e-03,8.657892e-03,5.786932e-04
3.297282e-02,1.694072e-02,8.483963e-02,2.663843e-03,1.744163e-01,4.196916e-03,6.043163e-03,4.484040e-01,1.041646e-01,5.515543e-02,4.637745e-02,1.451173e-02,2.430056e-03,6.397856e-03,4.855218e-04
3.285453e-02,1.729815e-02,6.133799e-02,2.816391e-03,2.060685e-01,4.030545e-03,5.024945e-03,4.593852e-01,1.172553e-01,4.359471e-02,3.279339e-02,1.034378e-02,1.944359e-03,4.768244e-03,4.840769e-04
3.698101e-02,1.527421e-02,4.364030e-02,2.862115e-03,1.811755e-01,3.896085e-03,5.275795e-03,5.151802e-01,1.210880e-01,3.741772e-02,2.327374e-02,7.718236e-03,1.732492e-03,3.620497e-03,8.641306e-04
4.090243e-02,1.293071e-02,3.115887e-02,2.877804e-03,1.680359e-01,3.859178e-03,4.720002e-03,5.586528e-01,1.124820e-01,3.531191e-02,1.661807e-02,6.305570e-03,1.780526e-03,2.881603e-03,1.482665e-03
5.113578e-02,1.123319e-02,2.289866e-02,3.135793e-03,1.285950e-01,4.388577e-03,5.107529e-03,6.114090e-01,1.013321e-01,3.754628e-02,1.204375e-02,5.164803e-03,1.566979e-03,2.332978e-03,2.109593e-03
6.599502e-02,9.689297e-03,1.682585e-02,3.179694e-03,1.028260e-01,4.118513e-03,4.518305e-03,6.383424e-01,9.118508e-02,4.424481e-02,8.824431e-03,4.352134e-03,1.369767e-03,2.031645e-03,2.497060e-03
1.275521e-01,8.561504e-03,1.310581e-02,2.833129e-03,7.937742e-02,4.261317e-03,5.628861e-03,6.089036e-01,8.218582e-02,5.021485e-02,6.772562e-03,4.544205e-03,1.387239e-03,1.689134e-03,2.982381e-03
2.223068e-01,7.372443e-03,1.157934e-02,3.126126e-03,6.165704e-02,4.776613e-03,6.787115e-03,5.374579e-01,7.204761e-02,5.540156e-02,5.644320e-03,5.015155e-03,1.453351e-03,1.689453e-03,3.685139e-03
2.897147e-01,6.454149e-03,1.096110e-02,4.064458e-03,4.811426e-02,5.058669e-03,7.195188e-03,4.988937e-01,5.800177e-02,5.283075e-02,5.128740e-03,5.857098e-03,1.614096e-03,1.753211e-03,4.358076e-03
3.460684e-01,5.579000e-03,1.010257e-02,4.816475e-03,3.677949e-02,6.843126e-03,7.182292e-03,4.764332e-01,4.398579e-02,3.851655e-02,5.397487e-03,8.234626e-03,2.574176e-03,1.792284e-03,5.694558e-03
3.876739e-01,4.909904e-03,8.866100e-03,5.746190e-03,2.749369e-02,8.349872e-03,6.536118e-03,4.611846e-01,3.331830e-02,2.803156e-02,5.152232e-03,1.048443e-02,3.455064e-03,1.860077e-03,6.937986e-03
3.743125e-01,3.911263e-03,1.146935e-02,5.674147e-03,2.160231e-02,1.155742e-02,1.492454e-02,4.802755e-01,2.429680e-02,2.016028e-02,4.050128e-03,1.502644e-02,5.392784e-03,1.498495e-03,5.848009e-03
4.043213e-01,3.172385e-03,9.900900e-03,5.110882e-03,1.675757e-02,1.196169e-02,1.203738e-02,4.705269e-01,1.758035e-02,1.490101e-02,3.493051e-03,1.735494e-02,5.860013e-03,1.310957e-03,5.710718e-03
4.086255e-01,2.734928e-03,8.789029e-03,4.788827e-03,1.330222e-02,1.150774e-02,9.552800e-03,4.843565e-01,1.265760e-02,1.109916e-02,3.224989e-03,1.659153e-02,5.820535e-03,1.178806e-03,5.769874e-03
4.590822e-01,2.647792e-03,1.020270e-02,5.236190e-03,1.142669e-02,1.086186e-02,7.305353e-03,4.437454e-01,9.268106e-03,8.259429e-03,3.355377e-03,1.502385e-02,6.168574e-03,1.280230e-03,6.136293e-03
1.000000e+00,0.000000e+00,0.000000e+00,0.000000e+00,0.000000e+00,0.000000e+00,0.000000e+00,0.000000e+00,0.000000e+00,0.000000e+00,0.000000e+00,0.000000e+00,0.000000e+00,0.000000e+00,0.000000e+00
4.853450e-01,4.400256e-03,2.135352e-02,1.300273e-02,1.003778e-02,1.431984e-02,4.764286e-03,3.432719e-01,8.289373e-03,9.824000e-03,1.163371e-02,3.933947e-02,1.857460e-02,3.915213e-03,1.192832e-02
3.468564e-01,4.949942e-03,1.808135e-02,5.803164e-02,8.320318e-03,1.442140e-02,3.607748e-03,2.811822e-01,1.946571e-02,1.020990e-02,7.915056e-02,8.766280e-02,2.687361e-02,2.497786e-02,1.620867e-02
2.715026e-01,5.968099e-03,1.458350e-02,8.316436e-02,6.743465e-03,1.239838e-02,2.814690e-03,2.141516e-01,2.315468e-02,3.712380e-02,1.131257e-01,1.197338e-01,4.409721e-02,3.400009e-02,1.743815e-02
1.988017e-01,5.054474e-03,1.071234e-02,6.510269e-02,5.486021e-03,8.962114e-03,2.000298e-03,1.516570e-01,2.107451e-02,6.534534e-02,2.380471e-01,1.181357e-01,6.217378e-02,3.381515e-02,1.363182e-02
1.476900e-01,4.414968e-03,7.951763e-03,5.414255e-02,4.466816e-03,6.757650e-03,1.441640e-03,1.073461e-01,2.037522e-02,1.056509e-01,2.127877e-01,1.273318e-01,4.994038e-02,1.383161e-01,1.138652e-02
1.041615e-01,2.013283e-02,6.339831e-03,3.861975e-02,3.732821e-03,4.914314e-03,1.023292e-03,7.535186e-02,2.199515e-02,8.305249e-02,2.777495e-01,1.383142e-01,4.130748e-02,1.740566e-01,9.248350e-03
7.311209e-02,1.667609e-02,4.527995e-03,2.726043e-02,2.789720e-03,3.522060e-03,7.249825e-04,5.282955e-02,1.751231e-02,6.845547e-02,3.173587e-01,1.064735e-01,2.961194e-02,2.709048e-01,8.240367e-03
5.128834e-02,1.412067e-02,3.228385e-03,1.913550e-02,2.001228e-03,2.518966e-03,5.101634e-04,3.699935e-02,1.301620e-02,5.631214e-02,3.231736e-01,8.444241e-02,2.152071e-02,3.638740e-01,7.858362e-03
3.603617e-02,1.004196e-02,2.322074e-03,1.358555e-02,1.829213e-03,2.196563e-03,4.069620e-04,2.597389e-02,1.081909e-02,4.197576e-02,4.897923e-01,6.599747e-02,1.546846e-02,2.778510e-01,5.703533e-03
2.546461e-02,7.329092e-03,1.725510e-03,9.656992e-03,1.703779e-03,1.691466e-03,3.005893e-04,1.822990e-02,8.766465e-03,3.452291e-02,4.906577e-01,6.445699e-02,1.128757e-02,3.199093e-01,4.297081e-03
1.797930e-02,7.420777e-03,1.883017e-03,6.894626e-03,1.821430e-03,1.317239e-03,2.354455e-04,1.287736e-02,1.255690e-02,2.644908e-02,4.450782e-01,7.479407e-02,8.565329e-03,3.785017e-01,3.625626e-03
1.272748e-02,5.617604e-03,1.453198e-03,4.901200e-03,1.540843e-03,1.086824e-03,1.722294e-04,9.099434e-03,2.708904e-02,1.891228e-02,4.992241e-01,8.121736e-02,6.289584e-03,3.279288e-01,2.740058e-03
9.143746e-03,4.229702e-03,1.520432e-03,3.816655e-03,2.211332e-03,1.017458e-03,1.413407e-04,6.608434e-03,4.907599e-02,1.498484e-02,5.097435e-01,7.022284e-02,4.741757e-03,3.198788e-01,2.663241e-03
8.015467e-03,3.244883e-03,1.541934e-03,3.759622e-03,3.553269e-03,1.343071e-03,1.205504e-04,4.861282e-03,4.985832e-02,1.422297e-02,5.202610e-01,6.357971e-02,4.830197e-03,3.177348e-01,3.072821e-03
8.633842e-03,2.796890e-03,2.233199e-03,3.931160e-03,7.577687e-03,1.292276e-03,1.376883e-04,3.681561e-03,5.377028e-02,1.311136e-02,5.297665e-01,6.959387e-02,5.264142e-03,2.954071e-01,2.802406e-03
7.983457e-03,2.724756e-03,2.586289e-03,4.495442e-03,4.197377e-02,1.423656e-03,4.967303e-04,3.157996e-03,6.985319e-02,1.207762e-02,5.188639e-01,6.082511e-02,6.562080e-03,2.646020e-01,2.374048e-03
7.554884e-03,3.419644e-03,3.374419e-03,3.639878e-03,4.372346e-02,1.653931e-03,6.735179e-04,3.937918e-03,5.967200e-02,1.308731e-02,5.589185e-01,6.876633e-02,6.622775e-03,2.229287e-01,2.026712e-03
5.976045e-03,2.910462e-03,3.255490e-03,2.884394e-03,4.780264e-02,1.643760e-03,7.170332e-04,3.430971e-03,4.955760e-02,1.263239e-02,6.203074e-01,6.245057e-02,6.596808e-03,1.774371e-01,2.397331e-03
4.572306e-03,5.324125e-03,7.283109e-03,2.242684e-03,4.215457e-02,2.298302e-03,1.111548e-03,3.514012e-03,4.142893e-02,4.184099e-02,6.560919e-01,4.824577e-02,5.673873e-03,1.320859e-01,6.132068e-03
3.764626e-03,4.899236e-03,7.579037e-03,1.758200e-03,6.950851e-02,5.726026e-03,2.821648e-03,1.138899e-02,3.960887e-02,3.997306e-02,6.568456e-01,4.203643e-02,6.625054e-03,1.013839e-01,6.080823e-03
