1.000000e+00,0.000000e+00,0.000000e+00,0.000000e+00,0.000000e+00,0.000000e+00,0.000000e+00,0.000000e+00,0.000000e+00,0.000000e+00,0.000000e+00,0.000000e+00,0.000000e+00,0.000000e+00,0.000000e+00
1.000000e+00,0.000000e+00,0.000000e+00,0.000000e+00,0.000000e+00,0.000000e+00,0.000000e+00,0.000000e+00,0.000000e+00,0.000000e+00,0.000000e+00,0.000000e+00,0.000000e+00,0.000000e+00,0.000000e+00
1.000000e+00,0.000000e+00,0.000000e+00,0.000000e+00,0.000000e+00,0.000000e+00,0.000000e+00,0.000000e+00,0.000000e+00,0.000000e+00,0.000000e+00,0.000000e+00,0.000000e+00,0.000000e+00,0.000000e+00
1.000000e+00,0.000000e+00,0.000000e+00,0.000000e+00,0.000000e+00,0.000000e+00,0.000000e+00,0.000000e+00,0.000000e+00,0.000000e+00,0.000000e+00,0.000000e+00,0.000000e+00,0.000000e+00,0.000000e+00
1.000000e+00,0.000000e+00,0.000000e+00,0.000000e+00,0.000000e+00,0.000000e+00,0.000000e+00,0.000000e+00,0.000000e+00,0.000000e+00,0.000000e+00,0.000000e+00,0.000000e+00,0.000000e+00,0.000000e+00
1.000000e+00,0.000000e+00,0.000000e+00,0.000000e+00,0.000000e+00,0.000000e+00,0.000000e+00,0.000000e+00,0.000000e+00,0.000000e+00,0.000000e+00,0.000000e+00,0.000000e+00,0.000000e+00,0.000000e+00
1.000000e+00,0.000000e+00,0.000000e+00,0.000000e+00,0.000000e+00,0.000000e+00,0.000000e+00,0.000000e+00,0.000000e+00,0.000000e+00,0.000000e+00,0.000000e+00,0.000000e+00,0.000000e+00,0.000000e+00
1.000000e+00,0.000000e+00,0.000000e+00,0.000000e+00,0.000000e+00,0.000000e+00,0.000000e+00,0.000000e+00,0.000000e+00,0.000000e+00,0.000000e+00,0.000000e+00,0.000000e+00,0.000000e+00,0.000000e+00
1.000000e+00,0.000000e+00,0.000000e+00,0.000000e+00,0.000000e+00,0.000000e+00,0.000000e+00,0.000000e+00,0.000000e+00,0.000000e+00,0.000000e+00,0.000000e+00,0.000000e+00,0.000000e+00,0.000000e+00
1.000000e+00,0.000000e+00,0.000000e+00,0.000000e+00,0.000000e+00,0.000000e+00,0.000000e+00,0.000000e+00,0.000000e+00,0.000000e+00,0.000000e+00,0.000000e+00,0.000000e+00,0.000000e+00,0.000000e+00
1.000000e+00,0.000000e+00,0.000000e+00,0.000000e+00,0.000000e+00,0.000000e+00,0.000000e+00,0.000000e+00,0.000000e+00,0.000000e+00,0.000000e+00,0.000000e+00,0.000000e+00,0.000000e+00,0.000000e+00
1.000000e+00,0.000000e+00,0.000000e+00,0.000000e+00,0.000000e+00,0.000000e+00,0.000000e+00,0.000000e+00,0.000000e+00,0.000000e+00,0.000000e+00,0.000000e+00,0.000000e+00,0.000000e+00,0.000000e+00
1.000000e+00,0.000000e+00,0.000000e+00,0.000000e+00,0.000000e+00,0.000000e+00,0.000000e+00,0.000000e+00,0.000000e+00,0.000000e+00,0.000000e+00,0.000000e+00,0.000000e+00,0.000000e+00,0.000000e+00
1.000000e+00,0.000000e+00,0.000000e+00,0.000000e+00,0.000000e+00,0.000000e+00,0.000000e+00,0.000000e+00,0.000000e+00,0.000000e+00,0.000000e+00,0.000000e+00,0.000000e+00,0.000000e+00,0.000000e+00
1.000000e+00,0.000000e+00,0.000000e+00,0.000000e+00,0.000000e+00,0.000000e+00,0.000000e+00,0.000000e+00,0.000000e+00,0.000000e+00,0.000000e+00,0.000000e+00,0.000000e+00,0.000000e+00,0.000000e+00
1.000000e+00,0.000000e+00,0.000000e+00,0.000000e+00,0.000000e+00,0.000000e+00,0.000000e+00,0.000000e+00,0.000000e+00,0.000000e+00,0.000000e+00,0.000000e+00,0.000000e+00,0.000000e+00,0.000000e+00
1.000000e+00,0.000000e+00,0.000000e+00,0.000000e+00,0.000000e+00,0.000000e+00,0.000000e+00,0.000000e+00,0.000000e+00,0.000000e+00,0.000000e+00,0.000000e+00,0.000000e+00,0.000000e+00,0.000000e+00
1.000000e+00,0.000000e+00,0.000000e+00,0.000000e+00,0.000000e+00,0.000000e+00,0.000000e+00,0.000000e+00,0.000000e+00,0.000000e+00,0.000000e+00,0.000000e+00,0.000000e+00,0.000000e+00,0.000000e+00
1.000000e+00,0.000000e+00,0.000000e+00,0.000000e+00,0.000000e+00,0.000000e+00,0.000000e+00,0.000000e+00,0.000000e+00,0.000000e+00,0.000000e+00,0.000000e+00,0.000000e+00,0.000000e+00,0.000000e+00
1.000000e+00,0.000000e+00,0.000000e+00,0.000000e+00,0.000000e+00,0.000000e+00,0.000000e+00,0.000000e+00,0.000000e+00,0.000000e+00,0.000000e+00,0.000000e+00,0.000000e+00,0.000000e+00,0.000000e+00
1.000000e+00,0.000000e+00,0.000000e+00,0.000000e+00,0.000000e+00,0.000000e+00,0.000000e+00,0.000000e+00,0.000000e+00,0.000000e+00,0.000000e+00,0.000000e+00,0.000000e+00,0.000000e+00,0.000000e+00
1.000000e+00,0.000000e+00,0.000000e+00,0.000000e+00,0.000000e+00,0.000000e+00,0.000000e+00,0.000000e+00,0.000000e+00,0.000000e+00,0.000000e+00,0.000000e+00,0.000000e+00,0.000000e+00,0.000000e+00
1.000000e+00,0.000000e+00,0.000000e+00,0.000000e+00,0.000000e+00,0.000000e+00,0.000000e+00,0.000000e+00,0.000000e+00,0.000000e+00,0.000000e+00,0.000000e+00,0.000000e+00,0.000000e+00,0.000000e+00
1.000000e+00,0.000000e+00,0.000000e+00,0.000000e+00,0.000000e+00,0.000000e+00,0.000000e+00,0.000000e+00,0.000000e+00,0.000000e+00,0.000000e+00,0.000000e+00,0.000000e+00,0.000000e+00,0.000000e+00
1.000000e+00,0.000000e+00,0.000000e+00,0.000000e+00,0.000000e+00,0.000000e+00,0.000000e+00,0.000000e+00,0.000000e+00,0.000000e+00,0.000000e+00,0.000000e+00,0.000000e+00,0.000000e+00,0.000000e+00
1.000000e+00,0.000000e+00,0.000000e+00,0.000000e+00,0.000000e+00,0.000000e+00,0.000000e+00,0.000000e+00,0.000000e+00,0.000000e+00,0.000000e+00,0.000000e+00,0.000000e+00,0.000000e+00,0.000000e+00
1.000000e+00,0.000000e+00,0.000000e+00,0.000000e+00,0.000000e+00,0.000000e+00,0.000000e+00,0.000000e+00,0.000000e+00,0.000000e+00,0.000000e+00,0.000000e+00,0.000000e+00,0.000000e+00,0.000000e+00
1.000000e+00,0.000000e+00,0.000000e+00,0.000000e+00,0.000000e+00,0.000000e+00,0.000000e+00,0.000000e+00,0.000000e+00,0.000000e+00,0.000000e+00,0.000000e+00,0.000000e+00,0.000000e+00,0.000000e+00
1.000000e+00,0.000000e+00,0.000000e+00,0.000000e+00,0.000000e+00,0.000000e+00,0.000000e+00,0.000000e+00,0.000000e+00,0.000000e+00,0.000000e+00,0.000000e+00,0.000000e+00,0.000000e+00,0.000000e+00
1.000000e+00,0.000000e+00,0.000000e+00,0.000000e+00,0.000000e+00,0.000000e+00,0.000000e+00,0.000000e+00,0.000000e+00,0.000000e+00,0.000000e+00,0.000000e+00,0.000000e+00,0.000000e+00,0.000000e+00
1.000000e+00,0.000000e+00,0.000000e+00,0.000000e+00,0.000000e+00,0.000000e+00,0.000000e+00,0.000000e+00,0.000000e+00,0.000000e+00,0.000000e+00,0.000000e+00,0.000000e+00,0.000000e+00,0.000000e+00
1.000000e+00,0.000000e+00,0.000000e+00,0.000000e+00,0.000000e+00,0.000000e+00,0.000000e+00,0.000000e+00,0.000000e+00,0.000000e+00,0.000000e+00,0.000000e+00,0.000000e+00,0.000000e+00,0.000000e+00
1.000000e+00,0.000000e+00,0.000000e+00,0.000000e+00,0.000000e+00,0.000000e+00,0.000000e+00,0.000000e+00,0.000000e+00,0.000000e+00,0.000000e+00,0.000000e+00,0.000000e+00,0.000000e+00,0.000000e+00
1.000000e+00,0.000000e+00,0.000000e+00,0.000000e+00,0.000000e+00,0.000000e+00,0.000000e+00,0.000000e+00,0.000000e+00,0.000000e+00,0.000000e+00,0.000000e+00,0.000000e+00,0.000000e+00,0.000000e+00
1.000000e+00,0.000000e+00,0.000000e+00,0.000000e+00,0.000000e+00,0.000000e+00,0.000000e+00,0.000000e+00,0.000000e+00,0.000000e+00,0.000000e+00,0.000000e+00,0.000000e+00,0.000000e+00,0.000000e+00
1.000000e+00,0.000000e+00,0.000000e+00,0.000000e+00,0.000000e+00,0.000000e+00,0.000000e+00,0.000000e+00,0.000000e+00,0.000000e+00,0.000000e+00,0.000000e+00,0.000000e+00,0.000000e+00,0.000000e+00
1.000000e+00,0.000000e+00,0.000000e+00,0.000000e+00,0.000000e+00,0.000000e+00,0.000000e+00,0.000000e+00,0.000000e+00,0.000000e+00,0.000000e+00,0.000000e+00,0.000000e+00,0.000000e+00,0.000000e+00
1.000000e+00,0.000000e+00,0.000000e+00,0.000000e+00,0.000000e+00,0.000000e+00,0.000000e+00,0.000000e+00,0.000000e+00,0.000000e+00,0.000000e+00,0.000000e+00,0.000000e+00,0.000000e+00,0.000000e+00
1.000000e+00,0.000000e+00,0.000000e+00,0.000000e+00,0.000000e+00,0.000000e+00,0.000000e+00,0.000000e+00,0.000000e+00,0.000000e+00,0.000000e+00,0.000000e+00,0.000000e+00,0.000000e+00,0.000000e+00
1.000000e+00,0.000000e+00,0.000000e+00,0.000000e+00,0.000000e+00,0.000000e+00,0.000000e+00,0.000000e+00,0.000000e+00,0.000000e+00,0.000000e+00,0.000000e+00,0.000000e+00,0.000000e+00,0.000000e+00
1.000000e+00,0.000000e+00,0.000000e+00,0.000000e+00,0.000000e+00,0.000000e+00,0.000000e+00,0.000000e+00,0.000000e+00,0.000000e+00,0.000000e+00,0.000000e+00,0.000000e+00,0.000000e+00,0.000000e+00
1.000000e+00,0.000000e+00,0.000000e+00,0.000000e+00,0.000000e+00,0.000000e+00,0.000000e+00,0.000000e+00,0.000000e+00,0.000000e+00,0.000000e+00,0.000000e+00,0.000000e+00,0.000000e+00,0.000000e+00
1.000000e+00,0.000000e+00,0.000000e+00,0.000000e+00,0.000000e+00,0.000000e+00,0.000000e+00,0.000000e+00,0.000000e+00,0.000000e+00,0.000000e+00,0.000000e+00,0.000000e+00,0.000000e+00,0.000000e+00
1.000000e+00,0.000000e+00,0.000000e+00,0.000000e+00,0.000000e+00,0.000000e+00,0.000000e+00,0.000000e+00,0.000000e+00,0.000000e+00,0.000000e+00,0.000000e+00,0.000000e+00,0.000000e+00,0.000000e+00
1.000000e+00,0.000000e+00,0.000000e+00,0.000000e+00,0.000000e+00,0.000000e+00,0.000000e+00,0.000000e+00,0.000000e+00,0.000000e+00,0.000000e+00,0.000000e+00,0.000000e+00,0.000000e+00,0.000000e+00
1.000000e+00,0.000000e+00,0.000000e+00,0.000000e+00,0.000000e+00,0.000000e+00,0.000000e+00,0.000000e+00,0.000000e+00,0.000000e+00,0.000000e+00,0.000000e+00,0.000000e+00,0.000000e+00,0.000000e+00
1.000000e+00,0.000000e+00,0.000000e+00,0.000000e+00,0.000000e+00,0.000000e+00,0.000000e+00,0.000000e+00,0.000000e+00,0.000000e+00,0.000000e+00,0.000000e+00,0.000000e+00,0.000000e+00,0.000000e+00
1.000000e+00,0.000000e+00,0.000000e+00,0.000000e+00,0.000000e+00,0.000000e+00,0.000000e+00,0.000000e+00,0.000000e+00,0.000000e+00,0.000000e+00,0.000000e+00,0.000000e+00,0.000000e+00,0.000000e+00
1.000000e+00,0.000000e+00,0.000000e+00,0.000000e+00,0.000000e+00,0.000000e+00,0.000000e+00,0.000000e+00,0.000000e+00,0.000000e+00,0.000000e+00,0.000000e+00,0.000000e+00,0.000000e+00,0.000000e+00
1.000000e+00,0.000000e+00,0.000000e+00,0.000000e+00,0.000000e+00,0.000000e+00,0.000000e+00,0.000000e+00,0.000000e+00,0.000000e+00,0.000000e+00,0.000000e+00,0.000000e+00,0.000000e+00,0.000000e+00
1.000000e+00,0.000000e+00,0.000000e+00,0.000000e+00,0.000000e+00,0.000000e+00,0.000000e+00,0.000000e+00,0.000000e+00,0.000000e+00,0.000000e+00,0.000000e+00,0.000000e+00,0.000000e+00,0.000000e+00
1.000000e+00,0.000000e+00,0.000000e+00,0.000000e+00,0.000000e+00,0.000000e+00,0.000000e+00,0.000000e+00,0.000000e+00,0.000000e+00,0.000000e+00,0.000000e+00,0.000000e+00,0.000000e+00,0.000000e+00
1.000000e+00,0.000000e+00,0.000000e+00,0.000000e+00,0.000000e+00,0.000000e+00,0.000000e+00,0.000000e+00,0.000000e+00,0.000000e+00,0.000000e+00,0.000000e+00,0.000000e+00,0.000000e+00,0.000000e+00
1.000000e+00,0.000000e+00,0.000000e+00,0.000000e+00,0.000000e+00,0.000000e+00,0.000000e+00,0.000000e+00,0.000000e+00,0.000000e+00,0.000000e+00,0.000000e+00,0.000000e+00,0.000000e+00,0.000000e+00
1.000000e+00,0.000000e+00,0.000000e+00,0.000000e+00,0.000000e+00,0.000000e+00,0.000000e+00,0.000000e+00,0.000000e+00,0.000000e+00,0.000000e+00,0.000000e+00,0.000000e+00,0.000000e+00,0.000000e+00
4.159799e-01,1.350424e-02,3.211119e-02,2.735823e-02,6.818456e-03,2.939793e-01,8.919035e-03,4.960279e-02,5.852593e-03,4.090892e-03,9.096251e-02,1.614121e-02,8.937107e-03,8.077363e-03,1.766519e-02
2.994133e-01,1.075328e-02,2.625125e-02,2.197426e-02,5.132397e-03,4.687173e-01,7.882208e-03,4.702233e-02,4.664836e-03,3.063669e-03,6.621682e-02,1.159291e-02,6.634569e-03,7.467719e-03,1.321309e-02
2.933954e-01,8.487839e-03,2.803284e-02,1.682662e-02,4.588800e-03,4.888684e-01,7.971125e-03,3.754954e-02,6.097062e-03,2.823420e-03,6.568171e-02,9.261164e-03,5.636832e-03,1.006280e-02,1.471645e-02
3.006115e-01,6.816641e-03,3.044798e-02,1.350446e-02,4.112523e-03,4.928337e-01,7.592398e-03,2.928445e-02,7.943658e-03,3.285321e-03,5.894174e-02,7.647404e-03,5.155908e-03,1.259776e-02,1.922453e-02
3.036421e-01,6.011394e-03,4.994993e-02,1.381645e-02,3.689322e-03,4.820792e-01,7.385875e-03,2.506487e-02,9.723334e-03,3.739599e-03,4.474048e-02,6.088371e-03,4.451698e-03,1.260265e-02,2.701477e-02
4.036331e-01,7.701501e-03,5.808005e-02,1.573520e-02,3.687719e-03,3.648224e-01,8.158634e-03,2.170797e-02,1.101927e-02,4.603520e-03,3.874725e-02,6.962547e-03,4.659279e-03,1.318792e-02,3.729361e-02
4.804766e-01,9.941695e-03,5.008534e-02,1.685216e-02,3.939535e-03,2.835556e-01,7.400161e-03,1.814723e-02,1.156610e-02,5.296680e-03,3.353691e-02,6.968395e-03,4.965078e-03,1.785176e-02,4.941677e-02
1.000000e+00,0.000000e+00,0.000000e+00,0.000000e+00,0.000000e+00,0.000000e+00,0.000000e+00,0.000000e+00,0.000000e+00,0.000000e+00,0.000000e+00,0.000000e+00,0.000000e+00,0.000000e+00,0.000000e+00
1.000000e+00,0.000000e+00,0.000000e+00,0.000000e+00,0.000000e+00,0.000000e+00,0.000000e+00,0.000000e+00,0.000000e+00,0.000000e+00,0.000000e+00,0.000000e+00,0.000000e+00,0.000000e+00,0.000000e+00
4.254484e-01,2.376511e-02,2.871883e-02,6.410422e-02,6.417601e-03,1.251500e-01,5.163232e-03,1.320787e-02,5.598519e-02,3.830035e-02,3.608250e-02,2.297151e-02,1.438089e-02,1.889603e-02,1.214083e-01
2.990221e-01,2.114364e-02,2.288758e-02,9.917872e-02,4.713470e-03,8.901519e-02,3.658253e-03,9.506461e-03,1.715486e-01,3.902967e-02,3.509354e-02,1.668778e-02,1.181037e-02,1.587233e-02,1.608323e-01
2.118778e-01,1.743216e-02,1.694062e-02,8.757060e-02,4.105017e-03,7.609500e-02,2.734664e-03,7.069010e-03,1.854494e-01,3.056466e-02,1.559025e-01,1.439102e-02,2.039899e-02,2.756962e-02,1.418990e-01
1.497965e-01,1.297390e-02,1.229691e-02,6.393797e-02,6.206357e-03,5.504854e-02,1.961469e-03,5.292921e-03,1.534976e-01,2.254182e-02,1.635715e-01,1.065680e-02,2.528835e-02,3.478044e-02,2.821490e-01
1.094647e-01,9.700412e-03,8.828549e-03,4.631258e-02,9.521852e-03,4.002909e-02,1.467169e-03,4.145887e-03,1.354285e-01,1.712417e-02,1.253696e-01,7.843920e-03,2.395339e-02,3.548098e-02,4.253293e-01
8.057284e-02,7.504429e-03,6.625887e-03,3.514818e-02,2.281796e-02,3.298971e-02,1.359525e-03,4.666452e-03,1.852292e-01,1.394868e-02,9.645925e-02,7.144745e-03,3.224456e-02,3.505168e-02,4.382370e-01
5.647122e-02,5.341249e-03,4.665842e-03,2.472806e-02,1.615733e-02,2.380232e-02,9.934650e-04,3.306602e-03,1.503622e-01,1.161230e-02,7.040706e-02,5.621511e-03,2.625651e-02,2.887477e-02,5.713996e-01
3.958862e-02,3.955759e-03,3.381412e-03,1.749169e-02,1.352279e-02,1.735692e-02,7.869046e-04,2.430905e-03,1.547877e-01,1.607662e-02,5.277543e-02,4.487115e-03,3.252529e-02,3.026379e-02,6.105690e-01
2.775506e-02,2.929718e-03,2.442986e-03,1.239463e-02,9.913028e-03,1.226049e-02,5.679799e-04,1.805598e-03,2.182771e-01,1.535774e-02,4.151164e-02,3.832897e-03,3.093447e-02,2.610144e-02,5.939152e-01
1.950147e-02,2.310891e-03,2.030299e-03,8.794369e-03,1.093596e-02,8.674920e-03,4.308469e-04,1.446357e-03,1.740844e-01,1.328857e-02,4.308776e-02,4.248517e-03,5.883063e-02,4.788410e-02,6.044508e-01
1.369798e-02,1.717530e-03,1.466059e-03,6.277868e-03,8.074262e-03,6.284458e-03,3.160459e-04,1.028912e-03,1.637317e-01,1.069102e-02,3.399658e-02,3.300866e-03,4.708177e-02,4.412959e-02,6.582053e-01
9.618642e-03,1.234076e-03,1.309939e-03,4.622619e-03,5.811733e-03,4.490269e-03,2.350297e-04,1.035470e-03,1.786115e-01,8.248729e-03,3.073875e-02,2.898542e-03,4.493539e-02,8.627708e-02,6.199322e-01
6.765491e-03,9.051544e-04,1.195258e-03,3.435285e-03,4.402730e-03,3.206584e-03,1.794604e-04,9.647257e-04,1.609940e-01,6.595998e-03,3.150282e-02,2.730298e-03,4.278391e-02,1.416429e-01,5.926954e-01
4.838459e-03,7.785133e-04,1.843205e-03,2.777157e-03,3.635009e-03,2.391465e-03,1.555786e-04,1.172327e-03,1.726137e-01,6.145718e-03,3.480613e-02,2.463517e-03,3.867484e-02,1.922034e-01,5.355009e-01
3.461335e-03,6.778312e-04,5.030762e-03,3.295246e-03,3.753665e-03,1.925839e-03,1.904139e-04,1.128599e-02,1.470244e-01,8.906625e-03,3.865944e-02,3.610294e-03,3.505604e-02,3.034619e-01,4.336602e-01
2.471969e-03,1.321516e-03,6.136330e-03,3.260880e-03,9.390593e-03,1.821250e-03,2.287966e-04,8.714890e-03,1.916056e-01,1.407420e-02,3.728496e-02,2.914237e-03,3.225900e-02,2.437977e-01,4.447181e-01
1.790203e-03,1.438559e-03,5.712960e-03,2.589847e-03,7.566130e-03,1.603798e-03,1.904246e-04,6.382865e-03,2.157425e-01,1.435061e-02,5.173191e-02,2.662815e-03,4.303991e-02,2.030061e-01,4.421914e-01
1.322364e-03,1.357513e-03,4.759242e-03,2.423530e-03,5.937250e-03,1.349715e-03,1.470784e-04,4.603172e-03,2.587454e-01,1.596773e-02,7.489713e-02,3.040755e-03,4.342899e-02,2.042403e-01,3.777798e-01
1.082804e-03,1.081821e-03,4.876331e-03,2.969640e-03,4.662870e-03,1.331152e-03,1.203112e-04,5.669448e-03,2.853305e-01,1.444788e-02,9.922462e-02,5.886065e-03,3.699084e-02,2.280038e-01,3.083220e-01
9.016811e-04,1.180130e-03,5.776703e-03,3.948450e-03,5.719827e-03,1.258261e-03,1.054460e-04,5.172934e-03,3.310582e-01,1.215045e-02,1.006056e-01,5.214127e-03,2.878002e-02,2.313005e-01,2.668278e-01
1.751096e-03,1.072704e-03,4.793969e-03,8.701527e-03,8.155985e-03,1.480534e-03,1.292742e-04,5.150160e-03,4.729299e-01,9.580563e-03,8.188221e-02,4.940472e-03,2.199010e-02,1.797954e-01,1.976461e-01
3.648886e-03,1.383247e-03,1.095332e-02,1.346107e-02,8.698751e-03,2.218617e-02,2.830445e-04,3.781729e-02,4.390686e-01,7.246939e-03,8.240470e-02,5.727254e-03,1.801110e-02,2.084044e-01,1.407053e-01
4.236306e-03,1.531496e-03,1.832831e-02,2.321473e-02,8.492555e-03,1.693808e-02,2.296929e-04,1.316881e-01,3.965167e-01,5.556053e-03,6.649390e-02,7.467681e-03,1.565590e-02,2.036658e-01,9.998472e-02
5.194874e-03,1.214066e-03,2.043648e-02,2.629758e-02,9.796375e-03,1.250509e-02,4.557663e-04,3.196213e-01,3.012009e-01,4.116705e-03,5.015485e-02,7.016747e-03,1.235049e-02,1.587251e-01,7.091364e-02
1.085996e-02,1.291140e-03,2.746579e-02,5.487112e-02,4.198067e-02,1.023446e-02,4.824217e-04,3.752772e-01,2.417109e-01,3.674476e-03,3.639775e-02,5.224979e-03,8.896028e-03,1.294432e-01,5.218986e-02
9.891963e-03,1.063015e-03,2.165142e-02,4.700325e-02,3.580937e-02,7.444062e-03,4.122796e-04,5.362556e-01,1.727391e-01,2.604157e-03,2.589902e-02,3.844518e-03,6.336599e-03,9.236326e-02,3.668234e-02
1.218684e-02,1.284083e-03,1.797533e-02,4.909856e-02,3.020629e-02,5.624272e-03,4.115540e-04,6.398815e-01,1.224337e-01,1.890406e-03,1.878564e-02,2.813711e-03,4.641250e-03,6.693935e-02,2.582753e-02
1.147293e-02,1.233594e-03,1.482169e-02,4.264079e-02,2.295948e-02,4.481781e-03,4.235808e-04,7.276483e-01,8.664222e-02,1.364080e-03,1.351202e-02,2.035122e-03,3.357495e-03,4.926247e-02,1.814447e-02
1.140978e-02,1.142414e-03,1.157685e-02,3.416959e-02,1.942747e-02,3.603532e-03,3.801749e-04,7.914583e-01,6.099011e-02,1.096946e-03,9.743733e-03,1.475574e-03,2.440604e-03,3.834446e-02,1.274045e-02
1.475377e-02,1.123035e-03,9.572860e-03,2.685760e-02,1.683417e-02,4.644716e-03,5.204863e-04,8.291030e-01,4.333095e-02,8.430984e-04,7.141077e-03,1.246417e-03,1.996744e-03,3.295159e-02,9.080545e-03
2.176545e-02,1.857682e-03,9.437060e-03,2.172227e-02,1.810579e-02,6.656910e-03,1.373214e-03,8.440398e-01,3.118246e-02,9.318019e-04,5.789472e-03,1.283909e-03,2.863570e-03,2.617842e-02,6.812206e-03
5.558033e-02,2.645321e-03,1.117471e-02,1.863651e-02,4.392428e-02,5.875369e-03,3.861738e-03,7.997156e-01,2.369317e-02,1.183166e-03,5.075983e-03,1.149621e-03,2.506213e-03,1.961989e-02,5.358052e-03
7.384915e-02,4.452101e-03,2.014324e-02,1.422523e-02,4.351358e-02,5.310063e-03,5.023293e-03,7.835916e-01,1.771592e-02,1.471273e-03,4.776231e-03,1.392221e-03,3.472367e-03,1.546641e-02,5.597302e-03
7.386778e-02,1.080176e-02,2.587406e-02,1.834898e-02,3.772532e-02,1.605172e-02,3.891926e-03,5.884266e-01,4.525983e-02,8.160742e-02,1.480758e-02,4.104530e-03,8.727153e-03,1.424751e-02,5.625779e-02
6.958409e-02,1.807580e-02,3.233610e-02,1.704708e-02,3.585863e-02,2.387740e-02,3.351407e-03,4.421748e-01,1.133514e-01,1.139213e-01,2.791815e-02,4.676672e-03,1.295997e-02,1.345774e-02,7.140943e-02
5.580508e-02,2.708829e-02,2.603930e-02,2.614943e-02,2.581780e-02,1.916031e-02,3.118349e-03,3.153712e-01,2.473470e-01,1.039430e-01,2.898718e-02,4.290076e-03,1.726187e-02,1.066751e-02,8.895357e-02
4.323839e-02,4.782030e-02,1.952819e-02,2.005422e-02,1.942543e-02,1.439636e-02,2.524133e-03,2.242513e-01,3.431442e-01,7.951439e-02,4.559238e-02,5.244444e-03,2.583076e-02,2.707691e-02,8.235861e-02
3.247620e-02,4.782911e-02,1.477734e-02,1.625394e-02,1.443466e-02,1.062210e-02,1.920712e-03,1.599711e-01,4.249177e-01,5.886724e-02,5.769151e-02,5.105818e-03,2.447815e-02,4.068368e-02,8.997078e-02
2.482032e-02,3.982412e-02,1.108030e-02,1.199597e-02,1.143350e-02,8.138958e-03,1.475699e-03,1.146993e-01,3.547427e-01,4.245646e-02,1.860636e-01,6.742674e-03,2.309267e-02,9.007615e-02,7.335763e-02
1.890234e-02,2.934035e-02,7.889437e-03,8.797728e-03,9.806423e-03,6.123342e-03,1.128325e-03,8.173671e-02,3.012907e-01,3.162055e-02,2.679227e-01,1.068671e-02,2.274448e-02,1.399414e-01,6.206885e-02
1.349256e-02,2.440691e-02,5.795897e-03,6.670384e-03,7.531980e-03,4.662868e-03,8.210422e-04,5.731560e-02,2.991048e-01,2.295643e-02,2.555798e-01,8.535397e-03,1.727440e-02,2.255557e-01,5.029615e-02
9.886020e-03,1.767064e-02,4.294328e-03,7.527397e-03,5.893151e-03,3.707309e-03,6.148592e-04,4.022268e-02,2.782309e-01,1.680367e-02,2.292006e-01,6.673776e-03,1.330889e-02,3.287926e-01,3.717322e-02
7.255179e-03,1.277263e-02,3.264221e-03,8.168606e-03,4.440148e-03,3.118131e-03,4.375601e-04,2.822500e-02,3.113613e-01,1.223902e-02,1.927058e-01,5.298855e-03,1.077052e-02,3.722352e-01,2.770787e-02
5.935048e-03,9.254687e-03,2.386283e-03,8.166675e-03,3.567485e-03,2.495981e-03,3.205688e-04,1.995270e-02,3.143255e-01,9.812942e-03,1.677911e-01,4.690914e-03,1.040484e-02,4.201655e-01,2.072968e-02
4.304255e-03,6.985014e-03,1.835846e-03,7.161533e-03,2.766266e-03,2.135356e-03,2.602122e-04,1.398205e-02,2.858632e-01,8.018715e-03,1.677385e-01,4.030624e-03,1.416241e-02,4.638900e-01,1.686600e-02
4.465589e-03,8.923756e-03,2.541357e-03,6.391427e-03,6.171176e-03,1.845025e-03,3.293886e-04,1.025091e-02,2.744348e-01,9.667907e-03,2.535648e-01,5.737064e-03,1.632802e-02,3.698760e-01,2.947289e-02
7.509469e-03,1.270435e-02,3.477195e-03,5.659046e-03,8.002948e-03,2.130496e-03,3.676585e-04,7.892063e-03,2.764993e-01,1.134652e-02,2.759757e-01,7.137125e-03,1.504328e-02,3.405681e-01,2.568676e-02
4.586726e-02,1.329297e-02,3.989827e-03,4.529671e-03,2.518057e-02,4.783505e-03,4.402141e-04,6.909821e-03,2.412450e-01,9.002903e-03,2.738421e-01,7.405356e-03,1.318427e-02,3.288968e-01,2.142985e-02
4.791245e-02,1.283198e-02,3.509412e-03,4.239202e-03,2.942743e-02,7.964490e-03,4.497317e-04,5.872188e-03,1.816520e-01,7.799416e-03,3.367530e-01,7.241626e-03,1.090755e-02,3.271074e-01,1.633215e-02
4.351619e-02,1.012244e-02,2.634717e-03,4.452840e-03,2.505526e-02,7.613894e-03,3.781616e-04,4.424581e-03,1.318751e-01,6.557471e-03,4.656675e-01,9.966919e-03,1.090857e-02,2.642971e-01,1.252927e-02
3.354922e-02,7.330713e-03,1.924425e-03,3.609495e-03,1.852146e-02,6.104527e-03,3.147516e-04,3.188315e-03,9.492791e-02,6.724886e-03,5.851722e-01,2.027735e-02,1.078266e-02,1.985223e-01,9.049811e-03
2.905044e-02,6.138556e-03,1.672020e-03,3.269301e-03,1.757564e-02,5.387994e-03,3.932858e-04,2.416459e-03,7.058028e-02,1.090974e-02,5.867355e-01,2.369120e-02,1.081680e-02,2.243657e-01,6.997111e-03
2.961295e-02,5.757036e-03,1.840573e-03,4.128087e-03,1.808620e-02,4.881448e-03,5.894852e-04,2.264531e-03,5.608032e-02,1.717993e-02,5.798458e-01,2.325084e-02,1.001449e-02,2.404700e-01,5.998273e-03
3.947679e-02,8.544300e-03,5.997175e-03,3.542218e-03,1.644312e-02,5.282900e-03,2.860888e-03,3.004076e-03,4.695714e-02,2.544000e-02,5.793958e-01,2.667686e-02,8.832878e-03,2.211919e-01,6.353998e-03
3.404934e-02,1.007647e-02,8.072913e-03,2.936535e-03,1.505045e-02,5.416058e-03,3.374702e-03,3.067370e-03,4.110995e-02,4.176994e-02,5.641822e-01,3.247564e-02,7.324881e-03,2.254822e-01,5.611391e-03
3.103572e-02,1.326069e-02,7.154617e-03,3.785433e-03,2.149774e-02,6.399394e-03,3.445478e-03,4.139500e-03,1.282741e-01,3.803332e-02,4.979062e-01,3.463753e-02,6.426881e-03,1.982864e-01,5.717009e-03
2.456385e-02,1.242872e-02,5.969631e-03,3.854510e-03,2.171643e-02,6.428682e-03,3.333438e-03,5.195974e-03,1.081881e-01,3.727203e-02,5.466705e-01,3.742892e-02,5.949427e-03,1.740277e-01,6.972061e-03
1.893545e-02,1.563169e-02,8.206520e-03,5.058305e-03,3.237788e-02,9.177780e-03,2.988296e-03,5.860122e-03,1.851760e-01,3.628527e-02,4.430206e-01,4.209357e-02,6.679788e-03,1.813423e-01,7.166490e-03
2.032916e-02,1.796288e-02,9.335240e-03,6.478753e-03,3.293703e-02,9.382676e-03,2.332546e-03,9.359906e-03,1.576293e-01,3.349091e-02,4.821531e-01,4.394964e-02,8.567902e-03,1.594196e-01,6.671452e-03
1.868887e-02,1.466522e-02,1.049449e-02,9.065343e-03,6.411962e-02,1.570204e-02,2.278897e-03,3.963353e-02,1.406844e-01,2.705560e-02,3.915876e-01,7.117280e-02,2.259547e-02,1.660317e-01,6.224458e-03
2.048572e-02,1.084078e-02,1.078655e-02,7.312766e-03,7.462587e-02,1.344542e-02,2.356047e-03,1.885531e-01,1.093892e-01,2.020835e-02,3.074946e-01,7.454988e-02,2.711347e-02,1.279795e-01,4.858701e-03
2.021786e-02,9.051102e-03,1.704622e-02,6.397893e-03,2.595604e-01,1.719934e-02,9.188650e-03,1.555162e-01,9.403643e-02,1.442853e-02,2.283202e-01,5.356326e-02,2.201253e-02,8.997209e-02,3.489289e-03
1.706549e-02,6.568706e-03,1.465386e-02,4.976247e-03,4.045365e-01,1.315906e-02,1.042893e-02,1.318632e-01,1.034415e-01,1.017277e-02,1.629568e-01,3.802267e-02,1.660360e-02,6.306277e-02,2.487919e-03
1.748005e-02,4.817829e-03,1.188334e-02,6.646051e-03,4.852017e-01,1.119349e-02,8.532528e-03,1.569045e-01,8.948248e-02,7.205606e-03,1.157444e-01,2.683383e-02,1.207570e-02,4.418298e-02,1.815426e-03
1.903011e-02,3.710671e-03,1.046443e-02,8.517012e-03,4.844934e-01,1.139292e-02,6.883181e-03,1.873159e-01,1.188757e-01,5.180547e-03,8.390482e-02,1.903083e-02,8.847126e-03,3.101902e-02,1.334381e-03
3.338275e-02,3.145786e-03,8.534609e-03,9.625226e-03,4.657814e-01,8.993471e-03,4.997138e-03,1.726096e-01,1.819205e-01,3.920954e-03,6.378157e-02,1.377898e-02,6.382439e-03,2.201797e-02,1.127526e-03
5.088666e-02,2.707839e-03,1.022815e-02,9.682042e-03,5.050214e-01,7.581876e-03,3.697198e-03,1.359558e-01,1.890104e-01,3.113643e-03,5.033571e-02,1.017033e-02,4.636651e-03,1.585026e-02,1.122082e-03
6.494474e-02,2.714280e-03,9.076991e-03,1.192112e-02,4.784634e-01,6.132207e-03,2.878249e-03,1.207205e-01,2.352836e-01,2.434938e-03,4.030233e-02,8.877771e-03,3.557079e-03,1.149031e-02,1.202506e-03
1.084570e-01,2.598864e-03,8.189015e-03,1.269899e-02,5.020859e-01,4.616136e-03,2.342973e-03,8.881320e-02,2.146208e-01,2.316568e-03,3.223905e-02,8.430537e-03,2.975644e-03,8.477681e-03,1.137728e-03
1.480315e-01,2.517158e-03,6.528229e-03,5.272463e-02,4.415717e-01,4.183596e-03,2.673102e-03,9.691988e-02,1.908827e-01,2.171692e-03,2.936892e-02,1.210909e-02,2.664274e-03,6.341977e-03,1.311535e-03
1.202423e-01,1.971397e-03,4.818221e-03,4.170319e-02,3.263754e-01,3.372574e-03,1.955405e-03,3.159195e-01,1.410623e-01,1.614652e-03,2.213391e-02,1.062182e-02,2.684218e-03,4.488729e-03,1.036366e-03
8.761681e-02,1.471116e-03,3.518487e-03,2.974840e-02,2.332720e-01,2.617928e-03,1.473960e-03,5.099787e-01,9.937240e-02,1.146215e-03,1.605970e-02,7.753700e-03,2.073177e-03,3.149918e-03,7.475130e-04
7.087325e-02,1.452488e-03,2.864419e-03,2.272386e-02,1.772535e-01,3.014310e-03,1.230587e-03,6.258007e-01,7.093252e-02,8.581107e-04,1.269733e-02,5.757165e-03,1.662332e-03,2.268488e-03,6.110301e-04
6.489427e-02,1.226408e-03,2.642797e-03,1.720296e-02,1.316266e-01,2.849496e-03,1.289889e-03,7.073907e-01,5.143982e-02,7.782979e-04,1.056379e-02,4.390696e-03,1.493761e-03,1.641082e-03,5.695545e-04
5.847627e-02,9.785581e-04,2.162803e-03,1.296271e-02,9.980626e-02,2.338750e-03,1.263224e-03,7.698582e-01,3.703363e-02,6.838822e-04,8.211004e-03,3.303626e-03,1.274194e-03,1.181360e-03,4.655972e-04
4.931159e-02,8.060347e-04,1.705037e-03,9.417091e-03,7.801980e-02,2.102616e-03,1.081866e-03,8.201181e-01,2.613736e-02,4.990448e-04,6.029707e-03,2.444763e-03,1.105624e-03,8.456967e-04,3.757712e-04
4.231215e-02,7.578420e-04,1.431852e-03,7.106423e-03,6.334998e-02,1.805413e-03,1.090242e-03,8.547227e-01,1.858722e-02,3.989937e-04,4.642437e-03,1.870608e-03,1.004458e-03,6.179926e-04,3.016645e-04
4.823549e-02,8.027319e-04,1.407827e-03,5.759896e-03,5.283307e-02,2.132515e-03,1.496828e-03,8.664330e-01,1.325803e-02,3.703641e-04,3.594934e-03,1.746446e-03,1.103305e-03,5.100439e-04,3.155408e-04
5.894249e-02,7.276207e-04,1.288624e-03,4.646455e-03,4.360140e-02,2.128378e-03,1.544124e-03,8.712409e-01,9.414819e-03,3.065276e-04,2.687186e-03,1.639217e-03,1.071000e-03,4.088049e-04,3.524153e-04
6.421286e-02,6.526645e-04,1.167123e-03,3.845070e-03,3.679578e-02,2.061742e-03,1.389948e-03,8.777747e-01,6.733222e-03,2.424553e-04,1.980537e-03,1.496289e-03,9.976627e-04,3.158426e-04,3.341256e-04
7.260769e-02,5.489909e-04,1.079250e-03,3.292102e-03,2.909861e-02,1.775216e-03,1.267194e-03,8.810195e-01,4.770674e-03,1.892076e-04,1.474123e-03,1.334123e-03,9.817823e-04,2.508865e-04,3.107782e-04
1.403379e-01,7.162824e-04,1.545047e-03,3.354588e-03,2.339958e-02,4.257924e-03,1.953857e-03,8.094853e-01,3.614279e-03,3.183679e-04,1.672610e-03,4.333812e-03,3.230379e-03,4.836493e-04,1.296490e-03
2.728809e-01,1.152490e-03,1.984563e-03,4.627423e-03,1.922967e-02,6.074162e-03,2.286055e-03,6.684771e-01,2.954025e-03,4.486431e-04,2.126584e-03,9.055952e-03,5.142695e-03,7.621606e-04,2.797630e-03
2.826315e-01,1.438615e-03,2.108129e-03,4.763321e-03,1.786437e-02,5.792407e-03,2.175419e-03,6.586004e-01,2.318508e-03,4.856381e-04,2.343433e-03,9.369698e-03,5.826340e-03,8.610810e-04,3.421237e-03
2.779349e-01,1.643340e-03,2.343925e-03,4.612301e-03,1.767155e-02,5.293134e-03,2.115565e-03,6.632375e-01,1.847409e-03,5.555551e-04,2.515392e-03,9.054360e-03,6.278751e-03,9.246838e-04,3.971590e-03
2.664575e-01,6.900502e-03,4.699443e-03,1.057253e-02,1.790323e-02,7.074388e-03,2.009176e-03,5.919336e-01,6.314638e-03,6.515156e-03,9.522634e-03,1.870652e-02,1.043749e-02,3.418840e-03,3.753434e-02
3.528475e-01,9.072807e-03,6.324895e-03,1.269732e-02,1.977458e-02,9.553378e-03,2.471687e-03,4.886304e-01,7.721213e-03,7.542058e-03,1.017918e-02,1.956716e-02,1.504393e-02,3.900375e-03,3.467361e-02
4.117593e-01,9.097680e-03,8.710673e-03,1.571792e-02,1.783374e-02,1.958621e-02,5.901381e-03,3.786316e-01,9.495094e-03,6.602795e-03,1.085706e-02,2.666068e-02,3.773917e-02,4.502639e-03,3.690398e-02
3.288339e-01,2.025643e-02,8.565303e-03,2.077594e-02,1.439422e-02,3.041434e-02,5.417477e-03,2.786597e-01,5.308180e-02,9.441501e-03,1.119705e-02,2.667929e-02,7.776617e-02,9.012805e-03,1.055040e-01
2.798436e-01,4.415221e-02,6.866508e-03,3.394301e-02,1.199880e-02,3.372807e-02,4.843313e-03,1.985375e-01,7.107678e-02,1.088400e-02,1.130214e-02,2.445229e-02,1.509631e-01,8.116750e-03,1.092918e-01
2.490835e-01,5.659742e-02,6.507831e-03,4.197696e-02,1.179375e-02,3.064965e-02,5.085713e-03,1.433128e-01,1.038143e-01,1.177786e-02,1.256798e-02,2.279260e-02,1.956659e-01,8.816069e-03,9.955759e-02
2.116529e-01,6.889076e-02,6.926889e-03,8.002032e-02,9.708360e-03,2.713046e-02,3.917769e-03,1.020054e-01,1.449963e-01,1.828925e-02,1.605415e-02,3.114459e-02,1.648332e-01,1.296515e-02,1.014646e-01
1.601156e-01,7.438584e-02,8.138843e-03,9.921812e-02,9.490831e-03,2.605789e-02,4.494595e-03,7.232495e-02,1.748572e-01,1.975107e-02,1.602652e-02,3.608329e-02,1.924278e-01,1.092958e-02,9.569791e-02
1.340311e-01,5.452778e-02,6.533483e-03,7.315553e-02,1.041519e-02,2.685034e-02,3.867307e-03,5.159761e-02,1.329816e-01,1.404375e-02,3.090545e-02,4.323310e-02,3.286766e-01,9.011469e-03,8.016970e-02
1.127338e-01,3.952499e-02,5.255713e-03,5.363192e-02,9.628103e-03,2.360145e-02,3.019251e-03,3.691466e-02,9.728523e-02,9.913917e-03,2.583743e-02,5.130995e-02,4.627371e-01,7.508659e-03,6.109788e-02
9.374093e-02,3.214291e-02,4.251156e-03,3.869462e-02,8.073786e-03,1.810282e-02,2.323369e-03,2.657123e-02,7.378073e-02,7.063305e-03,2.066627e-02,5.942336e-02,5.645986e-01,5.485933e-03,4.508104e-02
7.639568e-02,2.618594e-02,3.947881e-03,3.305620e-02,7.783693e-03,1.702764e-02,1.858212e-03,1.937703e-02,5.983941e-02,5.151895e-03,1.609832e-02,5.829810e-02,6.376705e-01,4.363211e-03,3.294629e-02
5.730398e-02,1.906614e-02,2.987815e-03,2.393572e-02,9.165298e-03,1.361775e-02,1.372269e-03,1.402641e-02,4.298142e-02,3.660402e-03,1.213969e-02,5.687169e-02,7.152930e-01,3.232153e-03,2.434624e-02
4.174888e-02,1.391884e-02,2.475126e-03,1.701175e-02,1.616544e-02,1.015688e-02,1.069157e-03,1.035659e-02,3.101236e-02,2.585639e-03,8.852396e-03,6.029994e-02,7.645481e-01,2.463816e-03,1.733511e-02
3.239876e-02,1.030962e-02,1.967686e-03,1.253265e-02,1.781548e-02,8.491488e-03,8.490534e-04,7.805589e-03,2.257387e-02,1.857456e-03,7.257091e-03,5.635481e-02,8.052150e-01,2.131364e-03,1.244004e-02
2.732697e-02,7.537166e-03,1.742628e-03,1.042242e-02,4.580974e-02,8.981011e-03,1.368503e-03,1.197981e-02,1.884822e-02,1.793909e-03,2.538555e-02,7.590765e-02,7.512789e-01,1.938678e-03,9.678835e-03
2.478249e-02,5.383191e-03,2.357943e-03,9.179864e-03,3.914651e-02,7.915071e-03,1.570506e-03,1.024860e-01,1.473239e-02,1.727977e-03,6.932389e-02,7.305960e-02,6.380010e-01,1.816183e-03,8.517293e-03
2.207156e-02,3.971460e-03,5.256159e-03,1.803684e-02,5.669814e-02,6.653767e-03,2.143546e-03,1.899408e-01,2.197010e-02,1.535347e-03,7.992044e-02,6.633696e-02,5.165273e-01,1.638162e-03,7.299308e-03
1.870987e-02,3.122634e-03,4.232669e-03,2.147403e-01,7.433436e-02,5.744397e-03,1.824366e-03,1.451259e-01,4.757154e-02,1.170510e-03,6.091060e-02,4.775413e-02,3.681626e-01,1.238119e-03,5.357904e-03
1.983161e-02,2.385675e-03,4.303534e-03,2.927248e-01,6.700473e-02,6.120214e-03,1.449655e-03,1.058958e-01,6.812348e-02,1.182791e-03,9.402584e-02,4.111616e-02,2.906227e-01,1.033089e-03,4.179886e-03
1.499035e-02,1.686256e-03,3.101622e-03,2.232774e-01,4.947172e-02,5.281800e-03,1.040511e-03,7.445566e-02,4.861949e-02,1.576414e-03,2.338667e-01,3.427267e-02,3.045081e-01,8.014598e-04,3.049794e-03
1.054946e-02,1.181312e-03,2.188371e-03,1.565727e-01,3.797804e-02,3.787527e-03,7.630622e-04,5.300805e-02,3.447325e-02,2.086239e-03,3.051538e-01,2.623629e-02,3.632343e-01,5.895128e-04,2.197972e-03
7.700281e-03,8.303433e-04,1.561126e-03,1.099109e-01,5.411784e-02,2.728382e-03,6.619491e-04,3.799320e-02,2.618167e-02,1.774688e-03,3.387823e-01,1.961870e-02,3.961314e-01,4.335668e-04,1.573655e-03
2.781812e-02,6.864400e-04,1.429394e-03,8.505467e-02,1.126759e-01,7.323518e-03,8.389449e-04,3.078085e-02,3.323376e-02,3.607640e-03,2.966309e-01,1.738748e-02,3.806763e-01,4.912037e-04,1.364830e-03
2.916232e-02,6.034743e-04,1.418347e-03,7.163694e-02,1.637691e-01,1.588680e-02,8.086468e-04,2.243996e-02,5.609988e-02,3.217869e-03,2.298155e-01,2.709058e-02,3.762003e-01,6.648084e-04,1.185391e-03
2.338478e-02,6.997255e-04,1.479345e-03,5.723231e-02,1.212539e-01,1.949820e-02,7.155754e-04,1.607857e-02,4.570235e-02,2.923151e-03,1.856206e-01,1.415633e-01,3.818026e-01,9.637780e-04,1.081743e-03
1.876023e-02,1.373414e-03,2.107336e-03,5.355447e-02,9.906764e-02,2.139101e-02,6.186682e-04,1.156044e-02,3.533077e-02,2.270579e-03,1.413274e-01,2.477207e-01,3.623464e-01,1.447520e-03,1.123372e-03
1.618385e-02,2.339371e-03,2.698296e-03,4.935522e-02,8.403770e-02,1.968521e-02,8.028791e-04,8.525006e-03,2.783112e-02,2.137136e-03,1.160170e-01,3.449703e-01,3.219615e-01,2.315218e-03,1.140136e-03
1.975513e-02,2.687279e-03,2.275133e-03,3.762868e-02,6.261081e-02,2.393807e-02,8.184395e-04,6.307113e-03,2.307432e-02,3.554764e-03,1.181697e-01,4.099992e-01,2.830895e-01,4.408047e-03,1.683761e-03
2.704609e-02,2.559432e-03,1.731607e-03,2.866079e-02,4.526624e-02,2.985250e-02,7.598189e-04,4.919130e-03,1.972562e-02,4.639158e-03,1.028775e-01,4.820313e-01,2.378214e-01,9.938234e-03,2.171166e-03
1.967079e-02,2.241880e-03,1.385473e-03,2.021496e-02,3.186492e-02,2.711893e-02,5.664058e-04,3.510346e-03,1.680267e-02,5.258739e-03,9.346488e-02,5.973315e-01,1.703130e-01,8.475422e-03,1.779995e-03
1.393490e-02,1.775389e-03,1.081009e-03,1.418081e-02,2.255889e-02,1.940742e-02,4.285293e-04,2.515235e-03,1.497548e-02,5.347101e-03,8.747895e-02,6.867417e-01,1.211895e-01,7.028753e-03,1.356364e-03
9.849044e-03,1.891824e-03,1.204074e-03,9.941543e-03,1.670095e-02,1.382115e-02,3.276126e-04,1.787025e-03,1.975919e-02,1.107649e-02,9.099225e-02,7.289339e-01,8.596891e-02,6.654037e-03,1.091937e-03
7.769674e-03,1.893289e-03,1.135855e-03,7.011218e-03,1.414210e-02,1.046785e-02,2.947519e-04,1.400892e-03,3.086822e-02,9.977775e-03,1.138355e-01,7.330012e-01,6.137682e-02,5.920041e-03,9.047553e-04
6.078594e-03,1.479909e-03,8.278472e-04,4.929604e-03,1.030319e-02,7.754162e-03,2.155267e-04,1.018237e-03,2.622508e-02,8.193646e-03,1.236768e-01,7.603457e-01,4.344177e-02,4.806948e-03,7.030395e-04
1.090527e-02,2.059364e-03,1.009451e-03,3.588647e-03,8.875450e-03,6.307598e-03,2.315767e-04,1.028339e-03,2.516434e-02,7.434190e-03,1.120731e-01,7.856140e-01,3.090833e-02,3.960711e-03,8.397654e-04
1.021611e-02,1.677772e-03,7.792456e-04,2.535146e-03,6.373470e-03,4.696664e-03,1.745109e-04,7.653323e-04,1.981192e-02,7.041582e-03,1.314123e-01,7.889573e-01,2.175353e-02,3.117585e-03,6.876234e-04
1.469515e-02,1.525625e-03,6.779264e-04,1.867595e-03,4.942382e-03,3.795276e-03,1.436006e-04,6.303460e-04,1.845722e-02,7.199116e-03,1.253330e-01,8.019816e-01,1.534506e-02,2.762938e-03,6.431453e-04
2.306921e-02,3.966957e-03,1.186808e-03,1.837760e-03,8.974638e-03,9.870651e-03,5.820179e-04,2.276422e-03,2.270773e-02,1.084102e-02,1.012407e-01,7.990962e-01,1.090511e-02,2.441448e-03,1.003366e-03
3.000577e-02,3.858329e-03,1.325249e-03,1.909369e-03,7.585719e-03,8.544025e-03,5.456346e-04,2.626047e-03,2.234876e-02,1.170297e-02,8.372732e-02,8.145453e-01,7.831036e-03,2.221662e-03,1.222911e-03
3.353689e-02,3.613485e-03,1.681782e-03,1.980144e-03,7.046007e-03,7.812812e-03,5.285403e-04,3.245264e-03,2.227530e-02,1.317511e-02,6.880929e-02,8.267822e-01,5.665009e-03,2.397567e-03,1.450686e-03
4.245182e-02,3.508180e-03,1.962260e-03,2.880016e-03,1.189755e-02,7.816397e-03,7.000495e-04,4.270538e-03,2.357454e-02,1.359336e-02,5.649631e-02,8.222638e-01,4.158806e-03,2.587644e-03,1.838791e-03
5.609406e-02,4.130012e-03,2.912381e-03,3.602383e-03,1.542757e-02,8.546580e-03,8.285494e-04,4.452325e-03,2.530089e-02,1.289939e-02,4.927270e-02,8.077431e-01,3.168629e-03,3.212180e-03,2.409352e-03
6.947914e-02,4.446809e-03,2.705088e-03,3.601577e-03,1.599072e-02,8.558726e-03,1.070713e-03,4.054431e-03,2.478491e-02,1.250170e-02,5.906549e-02,7.843026e-01,2.485333e-03,3.993927e-03,2.958901e-03
6.069831e-02,4.116172e-03,2.582034e-03,3.355405e-03,1.424923e-02,9.937702e-03,1.192348e-03,3.577535e-03,2.220655e-02,1.090933e-02,5.974459e-02,7.982197e-01,2.003309e-03,4.029918e-03,3.177979e-03
4.926047e-02,5.308150e-03,2.597440e-03,2.771007e-03,4.460159e-02,8.211202e-03,1.304491e-03,3.427195e-03,3.739691e-02,1.344421e-02,5.304456e-02,7.688134e-01,1.953040e-03,4.741872e-03,3.124616e-03
3.763420e-02,4.663053e-03,2.638707e-03,2.463363e-03,3.609681e-02,1.151875e-02,1.155314e-03,3.293353e-03,2.928624e-02,1.202845e-02,5.471402e-02,7.958049e-01,1.668800e-03,4.288339e-03,2.745841e-03
2.764426e-02,3.654944e-03,2.182090e-03,1.887281e-03,2.837689e-02,1.040359e-02,9.908031e-04,3.136924e-03,2.475231e-02,9.243803e-03,4.602980e-02,8.345087e-01,1.371529e-03,3.678695e-03,2.138470e-03
2.500477e-02,6.576119e-03,5.239714e-03,2.096616e-03,3.896511e-02,1.814151e-02,1.600480e-03,5.328099e-03,2.822248e-02,8.568450e-03,7.015522e-02,7.806317e-01,1.311381e-03,3.211527e-03,4.946879e-03
1.928309e-02,5.761605e-03,5.966745e-03,2.017841e-03,5.094475e-02,2.066826e-02,2.580573e-03,6.645082e-03,3.771250e-02,7.673127e-03,8.376632e-02,7.477611e-01,1.585856e-03,2.845260e-03,4.787912e-03
1.546697e-02,4.350531e-03,9.625271e-03,2.839684e-03,6.196187e-02,1.534467e-02,1.987191e-03,3.846109e-02,3.617180e-02,5.761969e-03,6.505604e-02,7.343624e-01,2.888355e-03,2.216659e-03,3.505588e-03
1.807649e-02,3.793855e-03,2.396233e-02,6.841173e-03,6.730081e-02,1.212950e-02,1.631079e-03,1.234684e-01,4.093731e-02,5.072645e-03,5.916378e-02,6.262133e-01,5.987933e-03,2.375307e-03,3.046107e-03
1.894732e-02,5.774281e-03,2.517629e-02,8.273769e-03,9.201868e-02,1.174205e-02,1.809044e-03,9.621658e-02,1.837470e-01,4.599526e-03,5.520391e-02,4.849975e-01,6.058658e-03,2.367922e-03,3.067512e-03
2.141184e-02,6.645198e-03,2.846334e-02,1.075578e-02,9.573899e-02,1.369058e-02,1.880662e-03,8.747236e-02,2.844088e-01,4.796505e-03,5.810790e-02,3.688002e-01,1.150130e-02,3.234820e-03,3.091728e-03
2.201831e-02,6.261648e-03,2.603276e-02,1.153055e-02,8.754055e-02,1.583842e-02,1.639023e-03,8.617656e-02,3.372499e-01,5.964888e-03,9.257441e-02,2.808435e-01,1.858144e-02,4.113774e-03,3.634249e-03
