1.000000e+00,0.000000e+00,0.000000e+00,0.000000e+00,0.000000e+00,0.000000e+00,0.000000e+00,0.000000e+00,0.000000e+00,0.000000e+00,0.000000e+00,0.000000e+00,0.000000e+00,0.000000e+00,0.000000e+00
1.000000e+00,0.000000e+00,0.000000e+00,0.000000e+00,0.000000e+00,0.000000e+00,0.000000e+00,0.000000e+00,0.000000e+00,0.000000e+00,0.000000e+00,0.000000e+00,0.000000e+00,0.000000e+00,0.000000e+00
1.000000e+00,0.000000e+00,0.000000e+00,0.000000e+00,0.000000e+00,0.000000e+00,0.000000e+00,0.000000e+00,0.000000e+00,0.000000e+00,0.000000e+00,0.000000e+00,0.000000e+00,0.000000e+00,0.000000e+00
1.000000e+00,0.000000e+00,0.000000e+00,0.000000e+00,0.000000e+00,0.000000e+00,0.000000e+00,0.000000e+00,0.000000e+00,0.000000e+00,0.000000e+00,0.000000e+00,0.000000e+00,0.000000e+00,0.000000e+00
1.000000e+00,0.000000e+00,0.000000e+00,0.000000e+00,0.000000e+00,0.000000e+00,0.000000e+00,0.000000e+00,0.000000e+00,0.000000e+00,0.000000e+00,0.000000e+00,0.000000e+00,0.000000e+00,0.000000e+00
1.000000e+00,0.000000e+00,0.000000e+00,0.000000e+00,0.000000e+00,0.000000e+00,0.000000e+00,0.000000e+00,0.000000e+00,0.000000e+00,0.000000e+00,0.000000e+00,0.000000e+00,0.000000e+00,0.000000e+00
1.000000e+00,0.000000e+00,0.000000e+00,0.000000e+00,0.000000e+00,0.000000e+00,0.000000e+00,0.000000e+00,0.000000e+00,0.000000e+00,0.000000e+00,0.000000e+00,0.000000e+00,0.000000e+00,0.000000e+00
1.000000e+00,0.000000e+00,0.000000e+00,0.000000e+00,0.000000e+00,0.000000e+00,0.000000e+00,0.000000e+00,0.000000e+00,0.000000e+00,0.000000e+00,0.000000e+00,0.000000e+00,0.000000e+00,0.000000e+00
1.000000e+00,0.000000e+00,0.000000e+00,0.000000e+00,0.000000e+00,0.000000e+00,0.000000e+00,0.000000e+00,0.000000e+00,0.000000e+00,0.000000e+00,0.000000e+00,0.000000e+00,0.000000e+00,0.000000e+00
1.000000e+00,0.000000e+00,0.000000e+00,0.000000e+00,0.000000e+00,0.000000e+00,0.000000e+00,0.000000e+00,0.000000e+00,0.000000e+00,0.000000e+00,0.000000e+00,0.000000e+00,0.000000e+00,0.000000e+00
1.000000e+00,0.000000e+00,0.000000e+00,0.000000e+00,0.000000e+00,0.000000e+00,0.000000e+00,0.000000e+00,0.000000e+00,0.000000e+00,0.000000e+00,0.000000e+00,0.000000e+00,0.000000e+00,0.000000e+00
1.000000e+00,0.000000e+00,0.000000e+00,0.000000e+00,0.000000e+00,0.000000e+00,0.000000e+00,0.000000e+00,0.000000e+00,0.000000e+00,0.000000e+00,0.000000e+00,0.000000e+00,0.000000e+00,0.000000e+00
1.000000e+00,0.000000e+00,0.000000e+00,0.000000e+00,0.000000e+00,0.000000e+00,0.000000e+00,0.000000e+00,0.000000e+00,0.000000e+00,0.000000e+00,0.000000e+00,0.000000e+00,0.000000e+00,0.000000e+00
1.000000e+00,0.000000e+00,0.000000e+00,0.000000e+00,0.000000e+00,0.000000e+00,0.000000e+00,0.000000e+00,0.000000e+00,0.000000e+00,0.000000e+00,0.000000e+00,0.000000e+00,0.000000e+00,0.000000e+00
1.000000e+00,0.000000e+00,0.000000e+00,0.000000e+00,0.000000e+00,0.000000e+00,0.000000e+00,0.000000e+00,0.000000e+00,0.000000e+00,0.000000e+00,0.000000e+00,0.000000e+00,0.000000e+00,0.000000e+00
1.000000e+00,0.000000e+00,0.000000e+00,0.000000e+00,0.000000e+00,0.000000e+00,0.000000e+00,0.000000e+00,0.000000e+00,0.000000e+00,0.000000e+00,0.000000e+00,0.000000e+00,0.000000e+00,0.000000e+00
1.000000e+00,0.000000e+00,0.000000e+00,0.000000e+00,0.000000e+00,0.000000e+00,0.000000e+00,0.000000e+00,0.000000e+00,0.000000e+00,0.000000e+00,0.000000e+00,0.000000e+00,0.000000e+00,0.000000e+00
1.000000e+00,0.000000e+00,0.000000e+00,0.000000e+00,0.000000e+00,0.000000e+00,0.000000e+00,0.000000e+00,0.000000e+00,0.000000e+00,0.000000e+00,0.000000e+00,0.000000e+00,0.000000e+00,0.000000e+00
1.000000e+00,0.000000e+00,0.000000e+00,0.000000e+00,0.000000e+00,0.000000e+00,0.000000e+00,0.000000e+00,0.000000e+00,0.000000e+00,0.000000e+00,0.000000e+00,0.000000e+00,0.000000e+00,0.000000e+00
1.000000e+00,0.000000e+00,0.000000e+00,0.000000e+00,0.000000e+00,0.000000e+00,0.000000e+00,0.000000e+00,0.000000e+00,0.000000e+00,0.000000e+00,0.000000e+00,0.000000e+00,0.000000e+00,0.000000e+00
1.000000e+00,0.000000e+00,0.000000e+00,0.000000e+00,0.000000e+00,0.000000e+00,0.000000e+00,0.000000e+00,0.000000e+00,0.000000e+00,0.000000e+00,0.000000e+00,0.000000e+00,0.000000e+00,0.000000e+00
1.000000e+00,0.000000e+00,0.000000e+00,0.000000e+00,0.000000e+00,0.000000e+00,0.000000e+00,0.000000e+00,0.000000e+00,0.000000e+00,0.000000e+00,0.000000e+00,0.000000e+00,0.000000e+00,0.000000e+00
1.000000e+00,0.000000e+00,0.000000e+00,0.000000e+00,0.000000e+00,0.000000e+00,0.000000e+00,0.000000e+00,0.000000e+00,0.000000e+00,0.000000e+00,0.000000e+00,0.000000e+00,0.000000e+00,0.000000e+00
1.000000e+00,0.000000e+00,0.000000e+00,0.000000e+00,0.000000e+00,0.000000e+00,0.000000e+00,0.000000e+00,0.000000e+00,0.000000e+00,0.000000e+00,0.000000e+00,0.000000e+00,0.000000e+00,0.000000e+00
1.000000e+00,0.000000e+00,0.000000e+00,0.000000e+00,0.000000e+00,0.000000e+00,0.000000e+00,0.000000e+00,0.000000e+00,0.000000e+00,0.000000e+00,0.000000e+00,0.000000e+00,0.000000e+00,0.000000e+00
1.000000e+00,0.000000e+00,0.000000e+00,0.000000e+00,0.000000e+00,0.000000e+00,0.000000e+00,0.000000e+00,0.000000e+00,0.000000e+00,0.000000e+00,0.000000e+00,0.000000e+00,0.000000e+00,0.000000e+00
1.000000e+00,0.000000e+00,0.000000e+00,0.000000e+00,0.000000e+00,0.000000e+00,0.000000e+00,0.000000e+00,0.000000e+00,0.000000e+00,0.000000e+00,0.000000e+00,0.000000e+00,0.000000e+00,0.000000e+00
1.000000e+00,0.000000e+00,0.000000e+00,0.000000e+00,0.000000e+00,0.000000e+00,0.000000e+00,0.000000e+00,0.000000e+00,0.000000e+00,0.000000e+00,0.000000e+00,0.000000e+00,0.000000e+00,0.000000e+00
1.000000e+00,0.000000e+00,0.000000e+00,0.000000e+00,0.000000e+00,0.000000e+00,0.000000e+00,0.000000e+00,0.000000e+00,0.000000e+00,0.000000e+00,0.000000e+00,0.000000e+00,0.000000e+00,0.000000e+00
1.000000e+00,0.000000e+00,0.000000e+00,0.000000e+00,0.000000e+00,0.000000e+00,0.000000e+00,0.000000e+00,0.000000e+00,0.000000e+00,0.000000e+00,0.000000e+00,0.000000e+00,0.000000e+00,0.000000e+00
1.000000e+00,0.000000e+00,0.000000e+00,0.000000e+00,0.000000e+00,0.000000e+00,0.000000e+00,0.000000e+00,0.000000e+00,0.000000e+00,0.000000e+00,0.000000e+00,0.000000e+00,0.000000e+00,0.000000e+00
1.000000e+00,0.000000e+00,0.000000e+00,0.000000e+00,0.000000e+00,0.000000e+00,0.000000e+00,0.000000e+00,0.000000e+00,0.000000e+00,0.000000e+00,0.000000e+00,0.000000e+00,0.000000e+00,0.000000e+00
1.000000e+00,0.000000e+00,0.000000e+00,0.000000e+00,0.000000e+00,0.000000e+00,0.000000e+00,0.000000e+00,0.000000e+00,0.000000e+00,0.000000e+00,0.000000e+00,0.000000e+00,0.000000e+00,0.000000e+00
1.000000e+00,0.000000e+00,0.000000e+00,0.000000e+00,0.000000e+00,0.000000e+00,0.000000e+00,0.000000e+00,0.000000e+00,0.000000e+00,0.000000e+00,0.000000e+00,0.000000e+00,0.000000e+00,0.000000e+00
1.000000e+00,0.000000e+00,0.000000e+00,0.000000e+00,0.000000e+00,0.000000e+00,0.000000e+00,0.000000e+00,0.000000e+00,0.000000e+00,0.000000e+00,0.000000e+00,0.000000e+00,0.000000e+00,0.000000e+00
1.000000e+00,0.000000e+00,0.000000e+00,0.000000e+00,0.000000e+00,0.000000e+00,0.000000e+00,0.000000e+00,0.000000e+00,0.000000e+00,0.000000e+00,0.000000e+00,0.000000e+00,0.000000e+00,0.000000e+00
1.000000e+00,0.000000e+00,0.000000e+00,0.000000e+00,0.000000e+00,0.000000e+00,0.000000e+00,0.000000e+00,0.000000e+00,0.000000e+00,0.000000e+00,0.000000e+00,0.000000e+00,0.000000e+00,0.000000e+00
1.000000e+00,0.000000e+00,0.000000e+00,0.000000e+00,0.000000e+00,0.000000e+00,0.000000e+00,0.000000e+00,0.000000e+00,0.000000e+00,0.000000e+00,0.000000e+00,0.000000e+00,0.000000e+00,0.000000e+00
1.000000e+00,0.000000e+00,0.000000e+00,0.000000e+00,0.000000e+00,0.000000e+00,0.000000e+00,0.000000e+00,0.000000e+00,0.000000e+00,0.000000e+00,0.000000e+00,0.000000e+00,0.000000e+00,0.000000e+00
1.000000e+00,0.000000e+00,0.000000e+00,0.000000e+00,0.000000e+00,0.000000e+00,0.000000e+00,0.000000e+00,0.000000e+00,0.000000e+00,0.000000e+00,0.000000e+00,0.000000e+00,0.000000e+00,0.000000e+00
1.000000e+00,0.000000e+00,0.000000e+00,0.000000e+00,0.000000e+00,0.000000e+00,0.000000e+00,0.000000e+00,0.000000e+00,0.000000e+00,0.000000e+00,0.000000e+00,0.000000e+00,0.000000e+00,0.000000e+00
1.000000e+00,0.000000e+00,0.000000e+00,0.000000e+00,0.000000e+00,0.000000e+00,0.000000e+00,0.000000e+00,0.000000e+00,0.000000e+00,0.000000e+00,0.000000e+00,0.000000e+00,0.000000e+00,0.000000e+00
1.000000e+00,0.000000e+00,0.000000e+00,0.000000e+00,0.000000e+00,0.000000e+00,0.000000e+00,0.000000e+00,0.000000e+00,0.000000e+00,0.000000e+00,0.000000e+00,0.000000e+00,0.000000e+00,0.000000e+00
1.000000e+00,0.000000e+00,0.000000e+00,0.000000e+00,0.000000e+00,0.000000e+00,0.000000e+00,0.000000e+00,0.000000e+00,0.000000e+00,0.000000e+00,0.000000e+00,0.000000e+00,0.000000e+00,0.000000e+00
1.000000e+00,0.000000e+00,0.000000e+00,0.000000e+00,0.000000e+00,0.000000e+00,0.000000e+00,0.000000e+00,0.000000e+00,0.000000e+00,0.000000e+00,0.000000e+00,0.000000e+00,0.000000e+00,0.000000e+00
1.000000e+00,0.000000e+00,0.000000e+00,0.000000e+00,0.000000e+00,0.000000e+00,0.000000e+00,0.000000e+00,0.000000e+00,0.000000e+00,0.000000e+00,0.000000e+00,0.000000e+00,0.000000e+00,0.000000e+00
1.000000e+00,0.000000e+00,0.000000e+00,0.000000e+00,0.000000e+00,0.000000e+00,0.000000e+00,0.000000e+00,0.000000e+00,0.000000e+00,0.000000e+00,0.000000e+00,0.000000e+00,0.000000e+00,0.000000e+00
1.000000e+00,0.000000e+00,0.000000e+00,0.000000e+00,0.000000e+00,0.000000e+00,0.000000e+00,0.000000e+00,0.000000e+00,0.000000e+00,0.000000e+00,0.000000e+00,0.000000e+00,0.000000e+00,0.000000e+00
1.000000e+00,0.000000e+00,0.000000e+00,0.000000e+00,0.000000e+00,0.000000e+00,0.000000e+00,0.000000e+00,0.000000e+00,0.000000e+00,0.000000e+00,0.000000e+00,0.000000e+00,0.000000e+00,0.000000e+00
1.000000e+00,0.000000e+00,0.000000e+00,0.000000e+00,0.000000e+00,0.000000e+00,0.000000e+00,0.000000e+00,0.000000e+00,0.000000e+00,0.000000e+00,0.000000e+00,0.000000e+00,0.000000e+00,0.000000e+00
1.000000e+00,0.000000e+00,0.000000e+00,0.000000e+00,0.000000e+00,0.000000e+00,0.000000e+00,0.000000e+00,0.000000e+00,0.000000e+00,0.000000e+00,0.000000e+00,0.000000e+00,0.000000e+00,0.000000e+00
4.178506e-01,1.445367e-02,1.192094e-01,3.065717e-01,5.267208e-03,1.477501e-02,4.821352e-03,2.659708e-02,9.399015e-03,2.627825e-03,1.247781e-02,2.616862e-02,1.563434e-02,1.889459e-03,2.225692e-02
1.000000e+00,0.000000e+00,0.000000e+00,0.000000e+00,0.000000e+00,0.000000e+00,0.000000e+00,0.000000e+00,0.000000e+00,0.000000e+00,0.000000e+00,0.000000e+00,0.000000e+00,0.000000e+00,0.000000e+00
1.000000e+00,0.000000e+00,0.000000e+00,0.000000e+00,0.000000e+00,0.000000e+00,0.000000e+00,0.000000e+00,0.000000e+00,0.000000e+00,0.000000e+00,0.000000e+00,0.000000e+00,0.000000e+00,0.000000e+00
1.000000e+00,0.000000e+00,0.000000e+00,0.000000e+00,0.000000e+00,0.000000e+00,0.000000e+00,0.000000e+00,0.000000e+00,0.000000e+00,0.000000e+00,0.000000e+00,0.000000e+00,0.000000e+00,0.000000e+00
1.000000e+00,0.000000e+00,0.000000e+00,0.000000e+00,0.000000e+00,0.000000e+00,0.000000e+00,0.000000e+00,0.000000e+00,0.000000e+00,0.000000e+00,0.000000e+00,0.000000e+00,0.000000e+00,0.000000e+00
1.000000e+00,0.000000e+00,0.000000e+00,0.000000e+00,0.000000e+00,0.000000e+00,0.000000e+00,0.000000e+00,0.000000e+00,0.000000e+00,0.000000e+00,0.000000e+00,0.000000e+00,0.000000e+00,0.000000e+00
1.000000e+00,0.000000e+00,0.000000e+00,0.000000e+00,0.000000e+00,0.000000e+00,0.000000e+00,0.000000e+00,0.000000e+00,0.000000e+00,0.000000e+00,0.000000e+00,0.000000e+00,0.000000e+00,0.000000e+00
1.000000e+00,0.000000e+00,0.000000e+00,0.000000e+00,0.000000e+00,0.000000e+00,0.000000e+00,0.000000e+00,0.000000e+00,0.000000e+00,0.000000e+00,0.000000e+00,0.000000e+00,0.000000e+00,0.000000e+00
4.109804e-01,8.074096e-03,2.440811e-02,2.035567e-01,2.521939e-02,1.279659e-02,3.927194e-03,5.545790e-02,1.185389e-02,1.953289e-03,5.331881e-02,6.558343e-02,1.137744e-01,2.928626e-03,6.167216e-03
2.881965e-01,5.912789e-03,1.737410e-02,2.131664e-01,2.042522e-02,1.006975e-02,2.812484e-03,3.909311e-02,9.221467e-03,2.077858e-02,9.239343e-02,1.260296e-01,1.450676e-01,4.155549e-03,5.303415e-03
2.019303e-01,4.186701e-03,1.220255e-02,1.782037e-01,2.566542e-02,7.984295e-03,2.031490e-03,2.748513e-02,7.907444e-03,1.854892e-02,1.604455e-01,2.143780e-01,1.310749e-01,4.105581e-03,3.850035e-03
1.628000e-01,3.306682e-03,8.852241e-03,1.387168e-01,5.884585e-02,1.047240e-02,2.524457e-03,3.081288e-02,1.366404e-02,1.616411e-02,1.442927e-01,2.112807e-01,1.849308e-01,9.321603e-03,4.014751e-03
1.308376e-01,2.847715e-03,6.394765e-03,1.172034e-01,7.565011e-02,2.354569e-02,2.455969e-03,2.669239e-02,1.562426e-02,1.427862e-02,1.441216e-01,2.120697e-01,2.125866e-01,1.214763e-02,3.543924e-03
1.073779e-01,2.481350e-03,4.595939e-03,9.109797e-02,6.348591e-02,3.976269e-02,2.631663e-03,2.278014e-02,1.501434e-02,1.121467e-02,1.202117e-01,2.916678e-01,2.131543e-01,1.121432e-02,3.309196e-03
1.085126e-01,2.273008e-03,3.376785e-03,6.754889e-02,5.064167e-02,4.130789e-02,2.990652e-03,1.751129e-02,2.785369e-02,1.020113e-02,9.274923e-02,3.899854e-01,1.730410e-01,8.663964e-03,3.342764e-03
8.134432e-02,1.992266e-03,2.412846e-03,4.836744e-02,3.734940e-02,3.641459e-02,2.277264e-03,1.266608e-02,2.904926e-02,1.052371e-02,7.346965e-02,5.165606e-01,1.384246e-01,6.455468e-03,2.692465e-03
5.736195e-02,1.439100e-03,1.718716e-03,3.428393e-02,2.958255e-02,2.918203e-02,1.652836e-03,9.129122e-03,2.502047e-02,1.003813e-02,5.358618e-02,6.351995e-01,1.052096e-01,4.650332e-03,1.945568e-03
4.024462e-02,1.032692e-03,1.209037e-03,2.408691e-02,2.138020e-02,2.178345e-02,1.167555e-03,6.456115e-03,2.037083e-02,8.659651e-03,3.979314e-02,7.319559e-01,7.711697e-02,3.361611e-03,1.381335e-03
2.824119e-02,8.020980e-04,8.586480e-04,1.694885e-02,1.584451e-02,1.625715e-02,8.231426e-04,4.569171e-03,2.216240e-02,1.174874e-02,3.134771e-02,7.870624e-01,5.986561e-02,2.479919e-03,9.884896e-04
1.981470e-02,6.623013e-04,6.163535e-04,1.190551e-02,1.197878e-02,2.022119e-02,5.813808e-04,3.220227e-03,1.734993e-02,8.735709e-03,2.485638e-02,8.340777e-01,4.338367e-02,1.858777e-03,7.374279e-04
1.396837e-02,6.451599e-04,4.498541e-04,8.381503e-03,9.401915e-03,1.910864e-02,4.135980e-04,2.283526e-03,1.379477e-02,6.865963e-03,2.141747e-02,8.694177e-01,3.182044e-02,1.448493e-03,5.825848e-04
9.900087e-03,6.949127e-04,4.184169e-04,5.967416e-03,7.591645e-03,2.298041e-02,3.008394e-04,1.647808e-03,1.081016e-02,5.410383e-03,2.084239e-02,8.890551e-01,2.263533e-02,1.086510e-03,6.585961e-04
7.056281e-03,7.926414e-04,3.496350e-04,4.223571e-03,5.936644e-03,1.832422e-02,2.170955e-04,1.195200e-03,8.565905e-03,4.207158e-03,2.803577e-02,9.036439e-01,1.605734e-02,8.180267e-04,5.766052e-04
5.070098e-03,1.219340e-03,1.231153e-03,3.109451e-03,5.416488e-03,1.711516e-02,1.716530e-04,1.040236e-03,6.649693e-03,3.229563e-03,4.082691e-02,9.019442e-01,1.135740e-02,6.270123e-04,9.916284e-04
4.342901e-03,1.411868e-03,1.396945e-03,2.269797e-03,4.445616e-03,1.271936e-02,1.489011e-04,1.443567e-03,5.370245e-03,2.522277e-03,1.096334e-01,8.446045e-01,8.016112e-03,6.872978e-04,9.871336e-04
5.737254e-03,2.435358e-03,7.503649e-03,2.140982e-03,4.693016e-03,9.817701e-03,1.400921e-04,2.814863e-03,4.255401e-03,2.293004e-03,1.668248e-01,7.838218e-01,5.755279e-03,8.277516e-04,9.389286e-04
5.197550e-03,1.937670e-03,5.975977e-03,1.678734e-03,3.646751e-03,7.287050e-03,1.134325e-04,2.308873e-03,3.735531e-03,1.778705e-03,2.578809e-01,7.022452e-01,4.177384e-03,1.264397e-03,7.717586e-04
5.162592e-03,2.223211e-03,6.090092e-03,1.496215e-03,3.113806e-03,5.958216e-03,1.194933e-04,2.334390e-03,4.264981e-03,1.509850e-03,3.968046e-01,5.648775e-01,2.991758e-03,1.793748e-03,1.259573e-03
5.473347e-03,4.166550e-03,1.244774e-02,2.139656e-03,4.170994e-03,5.555177e-03,2.160177e-04,3.710481e-03,5.381734e-03,2.107616e-03,4.408205e-01,5.070856e-01,2.151113e-03,2.462341e-03,2.111213e-03
4.757656e-03,4.416747e-03,1.271245e-02,2.418564e-03,4.167138e-03,4.995104e-03,2.033285e-04,3.770486e-03,2.191244e-02,2.675651e-03,5.114833e-01,4.183771e-01,1.546798e-03,3.785761e-03,2.777476e-03
5.551673e-03,3.825102e-03,8.404765e-02,8.689586e-03,4.103989e-03,7.135272e-03,4.125537e-04,1.557563e-02,2.556111e-02,4.635846e-03,4.319931e-01,4.015498e-01,1.184419e-03,3.511775e-03,2.222572e-03
6.636749e-03,3.280499e-03,7.512125e-02,8.099694e-03,4.802098e-03,1.412827e-02,8.260761e-04,1.477880e-02,2.881292e-02,6.460067e-03,4.869268e-01,3.431454e-01,9.656624e-04,3.540445e-03,2.475368e-03
7.608865e-03,2.598615e-03,6.297532e-02,7.250969e-03,4.009558e-03,1.211493e-02,7.178188e-04,1.213505e-02,3.702261e-02,7.500142e-03,5.717221e-01,2.669746e-01,7.213809e-04,4.506235e-03,2.141864e-03
7.673848e-03,2.290273e-03,4.830074e-02,5.731630e-03,3.750671e-03,9.148266e-03,5.762783e-04,9.519910e-03,3.909466e-02,7.215851e-03,6.563063e-01,2.039032e-01,5.289082e-04,4.104646e-03,1.854802e-03
8.112564e-03,1.949547e-03,3.517054e-02,4.719715e-03,4.942069e-03,7.993918e-03,4.862325e-04,7.384873e-03,4.477547e-02,9.929592e-03,7.052995e-01,1.599244e-01,5.189138e-04,6.066257e-03,2.726460e-03
1.022390e-02,1.921037e-03,2.592855e-02,4.809210e-03,8.572300e-03,6.906770e-03,3.897261e-04,7.061277e-03,7.818843e-02,3.603927e-02,6.687364e-01,1.334042e-01,5.854332e-04,1.131378e-02,5.919824e-03
9.784495e-03,1.656761e-03,1.853078e-02,3.873634e-03,9.382963e-03,5.249583e-03,2.886342e-04,5.154130e-03,1.311490e-01,4.758898e-02,5.941458e-01,9.840827e-02,7.906859e-04,6.372937e-02,1.026690e-02
8.161133e-03,1.229343e-03,1.309363e-02,2.972343e-03,7.948769e-03,3.946489e-03,2.087647e-04,3.699583e-03,1.745328e-01,4.482645e-02,5.402338e-01,7.104670e-02,7.522798e-04,1.175384e-01,9.809555e-03
6.221625e-03,9.334648e-04,9.249629e-03,2.174942e-03,5.906243e-03,3.056273e-03,1.507059e-04,2.617045e-03,2.271493e-01,3.443301e-02,4.119105e-01,5.161017e-02,7.947726e-04,2.348193e-01,8.973027e-03
6.583158e-03,1.279749e-03,7.825130e-03,3.540810e-03,4.468516e-03,4.767784e-03,1.254339e-04,1.916964e-03,3.073173e-01,2.726888e-02,3.204650e-01,4.817142e-02,1.178721e-03,2.552728e-01,9.818302e-03
1.286772e-02,1.517278e-03,7.246033e-03,3.260125e-03,3.246530e-03,7.233710e-03,1.014720e-04,1.468070e-03,2.991973e-01,2.068397e-02,3.508738e-01,4.301661e-02,1.967819e-03,2.354610e-01,1.185851e-02
1.160586e-02,1.905122e-03,8.678464e-03,2.721867e-03,2.458130e-03,6.067952e-03,8.412844e-05,1.107950e-03,2.371976e-01,1.597205e-02,3.222900e-01,3.115515e-02,1.761040e-03,3.475511e-01,9.443564e-03
1.201837e-02,1.857843e-03,6.739542e-03,2.588979e-03,1.870740e-03,5.321627e-03,8.368943e-05,8.412143e-04,1.834487e-01,1.309794e-02,3.062201e-01,2.347628e-02,1.778956e-03,4.329601e-01,7.695942e-03
1.580797e-02,1.976166e-03,5.502039e-03,2.746347e-03,1.807627e-03,6.104284e-03,9.956586e-05,7.585959e-04,1.402169e-01,1.432659e-02,3.333695e-01,1.992355e-02,2.247432e-03,4.492649e-01,5.848575e-03
1.230110e-02,2.991099e-03,4.322198e-03,2.333088e-03,2.455977e-03,5.749369e-03,1.308827e-04,6.286359e-04,1.086218e-01,1.553346e-02,3.486427e-01,2.030372e-02,3.069693e-03,4.682877e-01,4.628533e-03
1.082444e-02,3.794644e-03,3.583491e-03,2.119829e-03,3.080777e-03,7.264432e-03,1.681144e-04,5.303504e-04,8.536547e-02,1.414911e-02,3.410932e-01,2.070011e-02,3.661228e-03,4.998080e-01,3.856745e-03
1.448471e-02,5.100426e-03,4.273188e-03,4.166024e-03,9.091834e-03,7.176638e-03,3.977387e-04,9.198688e-04,8.084884e-02,1.378476e-02,3.113250e-01,2.358864e-02,4.358319e-03,5.168739e-01,3.610106e-03
2.279402e-02,1.076137e-02,5.895354e-03,5.572974e-03,1.310037e-02,1.157927e-02,6.671312e-04,1.401629e-03,9.166794e-02,1.872025e-02,2.618696e-01,2.240889e-02,4.846793e-03,5.238296e-01,4.884836e-03
4.642233e-02,1.391730e-02,7.254717e-03,1.236623e-02,1.635982e-02,1.174842e-02,9.690183e-04,1.983609e-03,8.869554e-02,1.699577e-02,2.801307e-01,3.320103e-02,6.470838e-03,4.525512e-01,1.093348e-02
9.593621e-02,1.383235e-02,8.124020e-03,1.351398e-02,1.615669e-02,1.349867e-02,1.257109e-03,2.529233e-03,7.112696e-02,1.447108e-02,3.138933e-01,4.402748e-02,7.704155e-03,3.692364e-01,1.469233e-02
1.804023e-01,1.546195e-02,1.471552e-02,2.206612e-02,2.001359e-02,2.089967e-02,2.630452e-03,6.558992e-03,5.775647e-02,1.243053e-02,2.958212e-01,4.504235e-02,1.103530e-02,2.763808e-01,1.878468e-02
2.365444e-01,1.772526e-02,4.045589e-02,3.996414e-02,2.283530e-02,4.064522e-02,2.879614e-03,1.160995e-02,4.570017e-02,1.085725e-02,2.418044e-01,4.259419e-02,1.309025e-02,2.088984e-01,2.439557e-02
2.848022e-01,1.913662e-02,4.200608e-02,4.357455e-02,2.451941e-02,5.219039e-02,2.840549e-03,1.157654e-02,3.740381e-02,8.970797e-03,2.148584e-01,4.814401e-02,1.587981e-02,1.659666e-01,2.813018e-02
2.949938e-01,1.962271e-02,4.643028e-02,4.455315e-02,2.798333e-02,7.247344e-02,2.655803e-03,1.207971e-02,3.397692e-02,7.303741e-03,1.997817e-01,6.363163e-02,1.588749e-02,1.326308e-01,2.599550e-02
2.230134e-01,2.433010e-02,3.819784e-02,4.191974e-02,2.431257e-02,1.132575e-01,2.175000e-03,9.592735e-03,2.675598e-02,6.597243e-03,1.964835e-01,1.577853e-01,1.705074e-02,9.656698e-02,2.196139e-02
1.720576e-01,1.934939e-02,2.817959e-02,3.299318e-02,1.931803e-02,1.732511e-01,1.965170e-03,7.737175e-03,2.043352e-02,5.542968e-03,1.843142e-01,2.310511e-01,1.568201e-02,7.004346e-02,1.808154e-02
1.428874e-01,1.601408e-02,2.117806e-02,2.489506e-02,1.517882e-02,1.438926e-01,1.551065e-03,6.119775e-03,1.696007e-02,5.588055e-03,1.652706e-01,3.603303e-01,1.417361e-02,5.144344e-02,1.451714e-02
1.141753e-01,1.309376e-02,1.571286e-02,1.832024e-02,1.151284e-02,1.132971e-01,1.165952e-03,4.601137e-03,1.363393e-02,4.701475e-03,1.526120e-01,4.757708e-01,1.192946e-02,3.823933e-02,1.123392e-02
8.791326e-02,1.233815e-02,1.164978e-02,1.448532e-02,1.387111e-02,8.812691e-02,1.221237e-03,3.734618e-03,1.320390e-02,4.112712e-03,1.468011e-01,5.553420e-01,9.134331e-03,2.859186e-02,9.473652e-03
6.729501e-02,1.022971e-02,9.141824e-03,1.107260e-02,1.120651e-02,6.687844e-02,1.161197e-03,4.250040e-03,1.237543e-02,3.744740e-03,1.351002e-01,6.308591e-01,7.272848e-03,2.136027e-02,8.052039e-03
4.965956e-02,8.136639e-03,7.984697e-03,8.310432e-03,1.064256e-02,5.159675e-02,1.385429e-03,9.850554e-03,1.778596e-02,3.148268e-03,1.043230e-01,6.993157e-01,5.680860e-03,1.566153e-02,6.518138e-03
4.757409e-02,7.582737e-03,7.493783e-03,7.869571e-03,1.375481e-02,4.546011e-02,3.285874e-03,1.303579e-02,2.267499e-02,4.944738e-03,1.313503e-01,6.691138e-01,4.902067e-03,1.304093e-02,7.916400e-03
5.552663e-02,1.082457e-02,8.900380e-03,7.606702e-03,1.740722e-02,4.548308e-02,4.808540e-03,1.320091e-02,2.462606e-02,9.913932e-03,1.577715e-01,6.133814e-01,4.112008e-03,1.220905e-02,1.422801e-02
5.076361e-02,1.367160e-02,1.070130e-02,6.689236e-03,2.707359e-02,4.398850e-02,7.415157e-03,1.205258e-02,2.695678e-02,1.564634e-02,2.093250e-01,5.420957e-01,4.072532e-03,1.035031e-02,1.919775e-02
3.777698e-02,3.062138e-02,1.627245e-02,5.014184e-03,2.396993e-02,4.384802e-02,7.120152e-03,1.235852e-02,3.058444e-02,5.595886e-02,2.430097e-01,4.506445e-01,3.750620e-03,1.233912e-02,2.673110e-02
2.873622e-02,3.776114e-02,2.391849e-02,4.319603e-03,5.191130e-02,3.523881e-02,1.475694e-02,3.393302e-02,1.551629e-01,4.255129e-02,1.777733e-01,3.624462e-01,3.251487e-03,9.081816e-03,1.915760e-02
2.162971e-02,3.421641e-02,3.165257e-02,8.949285e-03,6.812297e-02,9.387189e-02,1.155756e-02,4.318839e-02,2.420272e-01,3.255133e-02,1.326278e-01,2.569158e-01,2.471804e-03,6.509065e-03,1.370830e-02
1.893648e-02,3.925962e-02,5.992351e-02,8.032378e-03,1.145508e-01,7.548043e-02,9.088109e-03,3.410797e-02,3.081754e-01,2.612417e-02,1.056844e-01,1.838805e-01,2.136990e-03,4.787937e-03,9.831280e-03
1.890987e-02,4.178775e-02,6.104539e-02,8.495110e-03,1.368289e-01,5.771856e-02,7.613998e-03,3.393330e-02,3.804216e-01,2.400776e-02,8.337141e-02,1.325531e-01,2.223136e-03,3.735218e-03,7.354817e-03
1.845725e-02,3.919446e-02,4.367709e-02,8.338490e-03,1.365317e-01,4.611399e-02,6.311205e-03,3.468308e-02,4.643672e-01,2.089453e-02,7.598938e-02,9.467900e-02,2.085378e-03,2.760396e-03,5.916824e-03
1.649812e-02,2.988327e-02,3.140398e-02,1.399261e-02,1.387249e-01,3.497289e-02,5.065566e-03,3.994612e-02,5.410159e-01,1.521373e-02,5.597353e-02,6.876788e-02,2.134968e-03,1.970577e-03,4.435995e-03
2.082076e-02,2.681460e-02,2.338210e-02,2.794445e-02,1.557094e-01,3.071117e-02,3.983341e-03,8.103918e-02,5.145810e-01,1.241366e-02,4.358847e-02,5.059199e-02,3.154161e-03,1.556226e-03,3.709386e-03
2.933132e-02,2.420019e-02,2.005500e-02,2.694957e-02,1.729731e-01,3.829763e-02,3.726803e-03,6.518911e-02,4.895670e-01,1.820862e-02,6.499168e-02,3.839418e-02,3.514627e-03,1.588639e-03,3.012421e-03
4.256866e-02,1.944214e-02,1.551357e-02,4.662317e-02,2.517215e-01,3.082751e-02,4.172379e-03,8.427404e-02,4.034397e-01,1.447248e-02,5.133006e-02,2.877107e-02,2.881305e-03,1.462825e-03,2.499642e-03
6.645675e-02,2.111442e-02,1.108701e-02,4.737677e-02,2.295774e-01,2.915994e-02,3.294024e-03,6.479461e-02,4.428584e-01,1.445572e-02,4.096713e-02,2.193210e-02,2.418891e-03,1.519329e-03,2.987459e-03
7.384421e-02,1.894235e-02,8.310684e-03,7.023468e-02,2.610499e-01,2.711757e-02,3.632707e-03,7.081638e-02,4.016824e-01,1.181429e-02,3.019381e-02,1.613733e-02,2.101168e-03,1.354837e-03,2.767691e-03
1.348746e-01,2.484192e-02,6.527910e-03,6.176185e-02,2.297264e-01,3.653328e-02,3.035014e-03,5.595966e-02,3.851214e-01,1.461393e-02,2.516114e-02,1.298896e-02,2.190868e-03,3.090621e-03,3.572525e-03
1.666499e-01,3.195906e-02,4.946110e-03,5.310645e-02,1.818614e-01,3.680314e-02,2.474448e-03,4.091331e-02,4.200118e-01,1.522214e-02,2.215675e-02,1.259663e-02,2.443917e-03,3.472961e-03,5.382041e-03
1.872550e-01,2.777852e-02,3.724050e-03,4.127539e-02,1.673137e-01,3.984763e-02,1.948285e-03,2.927593e-02,4.504957e-01,1.178360e-02,1.758320e-02,1.057015e-02,2.446786e-03,3.187756e-03,5.514384e-03
1.967925e-01,2.264440e-02,5.082666e-03,8.020059e-02,1.531735e-01,3.333671e-02,1.927290e-03,1.227489e-01,3.390261e-01,8.728787e-03,1.525381e-02,9.423740e-03,2.669761e-03,3.222016e-03,5.769204e-03
2.612076e-01,2.583057e-02,9.261568e-03,1.086565e-01,1.274392e-01,3.886499e-02,1.817467e-03,9.694261e-02,2.731690e-01,7.557485e-03,2.108271e-02,1.183885e-02,3.963164e-03,4.324091e-03,8.044283e-03
1.956555e-01,2.290174e-02,7.945566e-03,1.915999e-01,9.466232e-02,2.813409e-02,1.411591e-03,7.585178e-02,2.136924e-01,1.481239e-02,1.116888e-01,1.556245e-02,1.123718e-02,5.828149e-03,9.016196e-03
1.418225e-01,1.943600e-02,6.298646e-03,2.053789e-01,6.817022e-02,2.001233e-02,1.101313e-03,5.635799e-02,1.979934e-01,1.378291e-02,2.160032e-01,2.042014e-02,1.211629e-02,1.288404e-02,8.222196e-03
1.066107e-01,1.426346e-02,4.917834e-03,1.704883e-01,4.906365e-02,1.551215e-02,9.495328e-04,4.058908e-02,1.522668e-01,1.109890e-02,3.338761e-01,2.830359e-02,1.112380e-02,5.407763e-02,6.858337e-03
7.490714e-02,1.033724e-02,3.641778e-03,1.296352e-01,3.661821e-02,1.232123e-02,7.194714e-04,2.882057e-02,1.145988e-01,7.930685e-03,4.147461e-01,3.778971e-02,9.768488e-03,1.131056e-01,5.059786e-03
5.538804e-02,7.411241e-03,2.705132e-03,9.686045e-02,2.968791e-02,9.539825e-03,5.728829e-04,2.044149e-02,9.116171e-02,6.118756e-03,5.181411e-01,3.386972e-02,7.578951e-03,1.166488e-01,3.874051e-03
4.040544e-02,7.206091e-03,2.535171e-03,7.027259e-02,2.485599e-02,1.047051e-02,4.409865e-04,1.459342e-02,7.117795e-02,4.676360e-03,5.482324e-01,2.543456e-02,6.693970e-03,1.698606e-01,3.143944e-03
2.864973e-02,6.481443e-03,2.697715e-03,5.185982e-02,2.106656e-02,9.140049e-03,3.370287e-04,1.124170e-02,5.842853e-02,3.591454e-03,6.376543e-01,1.926490e-02,7.096990e-03,1.399780e-01,2.511811e-03
2.137675e-02,5.910588e-03,2.786662e-03,4.679859e-02,1.989110e-02,1.102252e-02,2.922115e-04,8.439499e-03,6.944471e-02,3.251052e-03,6.465567e-01,1.597678e-02,7.561034e-03,1.384013e-01,2.290515e-03
1.557714e-02,6.184623e-03,3.713557e-03,3.452264e-02,2.534346e-02,1.703923e-02,3.515962e-04,6.536885e-03,7.671939e-02,3.287710e-03,5.302497e-01,1.219194e-02,6.864842e-03,2.584307e-01,2.986652e-03
1.201715e-02,6.708385e-03,7.555909e-03,2.597865e-02,2.874722e-02,2.635473e-02,4.030485e-04,6.089341e-03,6.904464e-02,2.770275e-03,4.449474e-01,9.710527e-03,6.147807e-03,3.504176e-01,3.107337e-03
1.023726e-02,6.057577e-03,6.548003e-03,2.176371e-02,2.875056e-02,5.386455e-02,5.840204e-04,5.228641e-03,5.554787e-02,2.310421e-03,3.844279e-01,9.940509e-03,6.470442e-03,4.047810e-01,3.487513e-03
8.917322e-03,5.679530e-03,5.755671e-03,1.696759e-02,2.542565e-02,5.699769e-02,5.758562e-04,4.161860e-03,4.445573e-02,2.854306e-03,3.469591e-01,1.074072e-02,8.720586e-03,4.577875e-01,4.000940e-03
1.994854e-02,5.123525e-03,8.024173e-03,1.339162e-02,2.555013e-02,5.252620e-02,6.635294e-04,5.032231e-03,3.479653e-02,5.108866e-03,4.067698e-01,1.444008e-02,1.345867e-02,3.914524e-01,3.713696e-03
1.797556e-02,3.807174e-03,5.884581e-03,9.490499e-03,2.084279e-02,3.871081e-02,4.965516e-04,3.755174e-03,2.618966e-02,4.634764e-03,4.880570e-01,1.248266e-02,1.083275e-02,3.538732e-01,2.966959e-03
1.651061e-02,3.108198e-03,4.541667e-03,6.726990e-03,3.194278e-02,2.822149e-02,4.068704e-04,2.766973e-03,2.118099e-02,4.036325e-03,5.167972e-01,1.031261e-02,8.456923e-03,3.425689e-01,2.421538e-03
1.622994e-02,2.933518e-03,3.657417e-03,4.857568e-03,3.682600e-02,2.252610e-02,5.370956e-04,2.346542e-03,2.062523e-02,4.693665e-03,4.783437e-01,8.521193e-03,6.357957e-03,3.890833e-01,2.460873e-03
2.253173e-02,3.192757e-03,3.438316e-03,3.926406e-03,3.664578e-02,1.926852e-02,1.059463e-03,2.738222e-03,2.119349e-02,6.079301e-03,4.459707e-01,8.846744e-03,4.973865e-03,4.173567e-01,2.777958e-03
4.382850e-02,4.654733e-03,4.712422e-03,4.095461e-03,3.125758e-02,1.719869e-02,1.450626e-03,6.835470e-03,1.894933e-02,6.080410e-03,4.547752e-01,1.559863e-02,4.200412e-03,3.824879e-01,3.874714e-03
4.858104e-02,6.554796e-03,4.643824e-03,3.489516e-03,2.817547e-02,1.349197e-02,1.351023e-03,6.303686e-03,1.668870e-02,5.171158e-03,4.505919e-01,1.948616e-02,3.333403e-03,3.883354e-01,3.801965e-03
5.090516e-02,1.090696e-02,5.810051e-03,3.306474e-03,2.865639e-02,2.380111e-02,1.402614e-03,1.184096e-02,1.548723e-02,6.856316e-03,4.370476e-01,1.663182e-02,2.729012e-03,3.790629e-01,5.555399e-03
4.784894e-02,9.283149e-03,1.025208e-02,1.135959e-02,2.621321e-02,2.446721e-02,4.360375e-03,7.380939e-02,1.760664e-02,1.540139e-02,3.961416e-01,1.528801e-02,3.793540e-03,3.374021e-01,6.772815e-03
3.900027e-02,6.955408e-03,1.026477e-02,9.362815e-03,2.127504e-02,2.086219e-02,3.502126e-03,2.486769e-01,1.426941e-02,1.342963e-02,3.246414e-01,1.529844e-02,3.516491e-03,2.637120e-01,5.233236e-03
3.196464e-02,5.070278e-03,1.159027e-02,6.805615e-03,1.585808e-02,1.694021e-02,3.308133e-03,4.487105e-01,1.180249e-02,1.166069e-02,2.307371e-01,1.153160e-02,3.765129e-03,1.860539e-01,4.201404e-03
2.376552e-02,3.586512e-03,9.030529e-03,5.176224e-03,1.331935e-02,1.660525e-02,6.304743e-03,5.960194e-01,8.507193e-03,8.269539e-03,1.616521e-01,8.185590e-03,6.188971e-03,1.303325e-01,3.056563e-03
1.875990e-02,2.597426e-03,7.972429e-03,4.157519e-03,1.394009e-02,1.662895e-02,1.200358e-02,6.922826e-01,6.197079e-03,5.818765e-03,1.133052e-01,5.848886e-03,6.942780e-03,9.133616e-02,2.208706e-03
1.713234e-02,2.074025e-03,6.696110e-03,4.832451e-03,2.584158e-02,1.363942e-02,1.451488e-02,7.512339e-01,4.740922e-03,4.135645e-03,7.973052e-02,4.192036e-03,5.502944e-03,6.414588e-02,1.587252e-03
1.512228e-02,1.617697e-03,5.756823e-03,4.073909e-03,3.512373e-02,1.088954e-02,2.001184e-02,7.911946e-01,3.683502e-03,2.939907e-03,5.608818e-02,2.979446e-03,4.402353e-03,4.497864e-02,1.137571e-03
1.542181e-02,1.412304e-03,4.773588e-03,3.334917e-03,4.802909e-02,9.581615e-03,2.045636e-02,8.124415e-01,3.375917e-03,2.120981e-03,3.970698e-02,2.168510e-03,4.689334e-03,3.162564e-02,8.614479e-04
1.443177e-02,1.220506e-03,3.927261e-03,2.832637e-03,5.195457e-02,7.128321e-03,1.637007e-02,8.420787e-01,2.503488e-03,1.505536e-03,2.801508e-02,1.579858e-03,3.567255e-03,2.222525e-02,6.596579e-04
1.369287e-02,1.067954e-03,3.102766e-03,2.332760e-03,4.903196e-02,5.431054e-03,1.336371e-02,8.689744e-01,1.966218e-03,1.072490e-03,1.987165e-02,1.202849e-03,2.722431e-03,1.563302e-02,5.338236e-04
1.316437e-02,9.352064e-04,2.838275e-03,2.265592e-03,5.096701e-02,4.087039e-03,1.221922e-02,8.822805e-01,1.720836e-03,7.817542e-04,1.420094e-02,9.566873e-04,2.106884e-03,1.103662e-02,4.390197e-04
1.421643e-02,8.218838e-04,2.671142e-03,2.168860e-03,5.084817e-02,3.108083e-03,1.037359e-02,8.929542e-01,1.509756e-03,5.808910e-04,1.014415e-02,8.042537e-04,1.632725e-03,7.772567e-03,3.933077e-04
2.043357e-02,8.088496e-04,2.873935e-03,2.101031e-03,4.302128e-02,3.294543e-03,9.508155e-03,8.995379e-01,1.455764e-03,4.695525e-04,7.486433e-03,1.222538e-03,1.629721e-03,5.560207e-03,5.966207e-04
3.689427e-02,1.120810e-03,3.534243e-03,2.732086e-03,3.745049e-02,3.793767e-03,8.836974e-03,8.852613e-01,2.002408e-03,4.453348e-04,6.638528e-03,3.270771e-03,2.506531e-03,4.133784e-03,1.378769e-03
5.808996e-02,1.979193e-03,5.197913e-03,5.685316e-03,3.486701e-02,4.726146e-03,8.714763e-03,8.539822e-01,4.087926e-03,6.021548e-04,6.497540e-03,6.853299e-03,3.550417e-03,3.233863e-03,1.932366e-03
7.239714e-02,1.047825e-02,9.794855e-03,2.109109e-02,3.456952e-02,6.245496e-03,7.816773e-03,7.375615e-01,2.786657e-02,1.150811e-02,1.245143e-02,1.695393e-02,1.161997e-02,4.047401e-03,1.559806e-02
7.631391e-02,2.097950e-02,1.613346e-02,3.409154e-02,2.946182e-02,8.252569e-03,7.912106e-03,6.074182e-01,4.076266e-02,6.495896e-02,1.661678e-02,2.350524e-02,1.725196e-02,4.521154e-03,3.182014e-02
6.953335e-02,2.179726e-02,1.625182e-02,5.300032e-02,2.464347e-02,8.376447e-03,6.303399e-03,5.334902e-01,4.087687e-02,5.174324e-02,2.741486e-02,2.962117e-02,8.561567e-02,4.118906e-03,2.721306e-02
8.888282e-02,1.848846e-02,1.310988e-02,4.206255e-02,2.677418e-02,8.121906e-03,5.055874e-03,4.717968e-01,3.717947e-02,3.839971e-02,4.996083e-02,2.880981e-02,1.451838e-01,4.048609e-03,2.212527e-02
8.128330e-02,1.379425e-02,9.455758e-03,3.087155e-02,2.198000e-02,6.567720e-03,3.810606e-03,3.835022e-01,3.820571e-02,2.719192e-02,7.217452e-02,3.373785e-02,2.574065e-01,3.752409e-03,1.626568e-02
1.041582e-01,1.295362e-02,8.480149e-03,4.445867e-02,2.698981e-02,7.123883e-03,3.425245e-03,2.975552e-01,7.124858e-02,2.100931e-02,9.562667e-02,4.633687e-02,2.423041e-01,4.163581e-03,1.416608e-02
1.316851e-01,1.204458e-02,7.589833e-03,5.404452e-02,3.794652e-02,8.484312e-03,2.932931e-03,2.389385e-01,8.011861e-02,1.542579e-02,9.267831e-02,4.966005e-02,2.514737e-01,4.612211e-03,1.236505e-02
2.343322e-01,1.100658e-02,7.666481e-03,4.086079e-02,7.079460e-02,7.345682e-03,2.980165e-03,2.267905e-01,6.568845e-02,1.106674e-02,7.111294e-02,4.092536e-02,1.954991e-01,4.047674e-03,9.882668e-03
3.319030e-01,1.269945e-02,8.618432e-03,3.731741e-02,7.310206e-02,9.202907e-03,2.764264e-03,1.941115e-01,5.898802e-02,8.418390e-03,5.668999e-02,3.924299e-02,1.541678e-01,3.627451e-03,9.146276e-03
3.889805e-01,1.588451e-02,9.012450e-03,3.208756e-02,7.018414e-02,9.337542e-03,3.145037e-03,1.519810e-01,5.188015e-02,7.032238e-03,5.640765e-02,5.153473e-02,1.374094e-01,5.811451e-03,9.311639e-03
3.477358e-01,1.898302e-02,7.596389e-03,3.638104e-02,5.785846e-02,9.747797e-03,2.926897e-03,1.109657e-01,4.636841e-02,6.319134e-03,9.415296e-02,1.270992e-01,1.188563e-01,6.343106e-03,8.665664e-03
2.729802e-01,1.457966e-02,5.644807e-03,2.974935e-02,4.311681e-02,8.674495e-03,2.342179e-03,7.936408e-02,4.036228e-02,5.539615e-03,1.235604e-01,2.482285e-01,1.120435e-01,6.816259e-03,6.997852e-03
1.957567e-01,1.083053e-02,4.325528e-03,2.429947e-02,3.393311e-02,6.529522e-03,1.723244e-03,5.650592e-02,4.056451e-02,5.764871e-03,1.479749e-01,3.346746e-01,1.214373e-01,9.876981e-03,5.802740e-03
1.407751e-01,8.011934e-03,4.506396e-03,1.780373e-02,1.183166e-01,5.235993e-03,2.050530e-03,4.084273e-02,6.539205e-02,4.614973e-03,1.696740e-01,3.016616e-01,1.056411e-01,1.023362e-02,5.239660e-03
1.017718e-01,5.914616e-03,4.278327e-03,1.344948e-02,2.415458e-01,4.072457e-03,1.645837e-03,3.078489e-02,7.346244e-02,4.209597e-03,1.597533e-01,2.367149e-01,1.028100e-01,1.534799e-02,4.238636e-03
7.721122e-02,4.283478e-03,5.084327e-03,1.132808e-02,3.026085e-01,3.493178e-03,1.268294e-03,5.173075e-02,7.236956e-02,3.725475e-03,1.423643e-01,1.718533e-01,1.356006e-01,1.382492e-02,3.253961e-03
6.651329e-02,3.608858e-03,4.885034e-03,9.828342e-03,3.981736e-01,3.338718e-03,1.261634e-03,4.313511e-02,7.323654e-02,3.294985e-03,1.230472e-01,1.244725e-01,1.312579e-01,1.138772e-02,2.558538e-03
5.802184e-02,2.912426e-03,5.118752e-03,1.792216e-02,3.837007e-01,3.445040e-03,1.016850e-03,5.390315e-02,1.583490e-01,2.673319e-03,9.739465e-02,9.086273e-02,1.122843e-01,1.022872e-02,2.166273e-03
4.562194e-02,2.252573e-03,3.805193e-03,1.817985e-02,2.741477e-01,2.926107e-03,7.470861e-04,4.205525e-02,3.515946e-01,2.829799e-03,8.229659e-02,6.710839e-02,9.566870e-02,8.634169e-03,2.132003e-03
3.944670e-02,1.976333e-03,3.144691e-03,2.187521e-02,1.944209e-01,2.889604e-03,5.935358e-04,3.846176e-02,4.617133e-01,2.879794e-03,8.478439e-02,5.288288e-02,8.576119e-02,7.199274e-03,1.970375e-03
6.382002e-02,2.846161e-03,3.136273e-03,2.036718e-02,1.504222e-01,5.010253e-03,6.533737e-04,3.684232e-02,5.307301e-01,3.859727e-03,6.717587e-02,4.265025e-02,6.349797e-02,6.317442e-03,2.670819e-03
7.713105e-02,6.631728e-03,6.615476e-03,5.485803e-02,1.729373e-01,1.177492e-02,1.030399e-03,5.486972e-02,4.594908e-01,5.368655e-03,6.149992e-02,3.201555e-02,4.669591e-02,6.543652e-03,2.536837e-03
7.639857e-02,6.087142e-03,5.771012e-03,5.367496e-02,1.481482e-01,9.024713e-03,1.437411e-03,2.334952e-01,3.453966e-01,4.494675e-03,4.797284e-02,2.520498e-02,3.567258e-02,5.201706e-03,2.019470e-03
6.775864e-02,5.541962e-03,4.580139e-03,4.240127e-02,1.181878e-01,7.193999e-03,1.355832e-03,4.164601e-01,2.469902e-01,3.391818e-03,3.517538e-02,1.919404e-02,2.609335e-02,3.851829e-03,1.823648e-03
7.966848e-02,8.319730e-03,4.059214e-03,3.743148e-02,9.524617e-02,7.563611e-03,1.412306e-03,4.913002e-01,1.907845e-01,3.126572e-03,2.970792e-02,2.262459e-02,2.335501e-02,3.018256e-03,2.381880e-03
6.519590e-02,6.555789e-03,3.315608e-03,2.951850e-02,7.150096e-02,9.233233e-03,1.268748e-03,6.099795e-01,1.382025e-01,2.645792e-03,2.391109e-02,1.684857e-02,1.750961e-02,2.284416e-03,2.029668e-03
5.360443e-02,5.153495e-03,2.716388e-03,2.291891e-02,5.320261e-02,8.848021e-03,1.119269e-03,7.014489e-01,1.016589e-01,1.962361e-03,1.805806e-02,1.255982e-02,1.336679e-02,1.689786e-03,1.692265e-03
4.407298e-02,4.234520e-03,2.252894e-03,1.709928e-02,3.990247e-02,6.723558e-03,9.565697e-04,7.759081e-01,7.297335e-02,1.423103e-03,1.333727e-02,9.009632e-03,9.613543e-03,1.210776e-03,1.282009e-03
3.728687e-02,3.433986e-03,2.034169e-03,1.320011e-02,3.243111e-02,5.288493e-03,8.950253e-04,8.270345e-01,5.213290e-02,1.034577e-03,9.906289e-03,6.489651e-03,6.990120e-03,8.823695e-04,9.598269e-04
3.717423e-02,2.742576e-03,3.860056e-03,1.082808e-02,3.091598e-02,4.100596e-03,1.991274e-03,8.515228e-01,3.703702e-02,7.816402e-04,7.500897e-03,4.764090e-03,5.378905e-03,6.464226e-04,7.555176e-04
5.044251e-02,2.691424e-03,5.164758e-03,9.387800e-03,4.445361e-02,4.060789e-03,1.222397e-02,8.233961e-01,2.658697e-02,8.071901e-04,6.338553e-03,3.573709e-03,9.173648e-03,5.199775e-04,1.179078e-03
6.565446e-02,2.595826e-03,8.702957e-03,8.914929e-03,9.975444e-02,5.402539e-03,4.416572e-02,7.156585e-01,1.921479e-02,1.278019e-03,5.853316e-03,2.724628e-03,1.719470e-02,6.050468e-04,2.280118e-03
6.976882e-02,2.047462e-03,2.361582e-02,7.019843e-03,9.527104e-02,7.156812e-03,7.209937e-02,6.822375e-01,1.390831e-02,1.263412e-03,4.407925e-03,2.244123e-03,1.604325e-02,4.940857e-04,2.422259e-03
5.806661e-02,1.496201e-03,2.140580e-02,5.143663e-03,7.605933e-02,7.221644e-03,2.021694e-01,5.968673e-01,9.899497e-03,1.162802e-03,3.264163e-03,1.785938e-03,1.289443e-02,3.830565e-04,2.180138e-03
4.786792e-02,1.106006e-03,1.935821e-02,3.806474e-03,6.054437e-02,6.911731e-03,3.268917e-01,5.091044e-01,7.107481e-03,1.224713e-03,2.431396e-03,1.383523e-03,9.901042e-03,3.177540e-04,2.043208e-03
4.164223e-02,8.192203e-04,1.839063e-02,2.842920e-03,4.620378e-02,9.021733e-03,3.961373e-01,4.646595e-01,5.136524e-03,1.209453e-03,1.838194e-03,1.110680e-03,8.318411e-03,3.629222e-04,2.306402e-03
3.763745e-02,6.134020e-04,1.858944e-02,2.214298e-03,3.702144e-02,9.069499e-03,4.197562e-01,4.585140e-01,3.835238e-03,1.157871e-03,1.395369e-03,8.825742e-04,6.853534e-03,3.403231e-04,2.119357e-03
