1.000000e+00,0.000000e+00,0.000000e+00,0.000000e+00,0.000000e+00,0.000000e+00,0.000000e+00,0.000000e+00,0.000000e+00,0.000000e+00,0.000000e+00,0.000000e+00,0.000000e+00,0.000000e+00,0.000000e+00
1.000000e+00,0.000000e+00,0.000000e+00,0.000000e+00,0.000000e+00,0.000000e+00,0.000000e+00,0.000000e+00,0.000000e+00,0.000000e+00,0.000000e+00,0.000000e+00,0.000000e+00,0.000000e+00,0.000000e+00
1.000000e+00,0.000000e+00,0.000000e+00,0.000000e+00,0.000000e+00,0.000000e+00,0.000000e+00,0.000000e+00,0.000000e+00,0.000000e+00,0.000000e+00,0.000000e+00,0.000000e+00,0.000000e+00,0.000000e+00
1.000000e+00,0.000000e+00,0.000000e+00,0.000000e+00,0.000000e+00,0.000000e+00,0.000000e+00,0.000000e+00,0.000000e+00,0.000000e+00,0.000000e+00,0.000000e+00,0.000000e+00,0.000000e+00,0.000000e+00
1.000000e+00,0.000000e+00,0.000000e+00,0.000000e+00,0.000000e+00,0.000000e+00,0.000000e+00,0.000000e+00,0.000000e+00,0.000000e+00,0.000000e+00,0.000000e+00,0.000000e+00,0.000000e+00,0.000000e+00
1.000000e+00,0.000000e+00,0.000000e+00,0.000000e+00,0.000000e+00,0.000000e+00,0.000000e+00,0.000000e+00,0.000000e+00,0.000000e+00,0.000000e+00,0.000000e+00,0.000000e+00,0.000000e+00,0.000000e+00
1.000000e+00,0.000000e+00,0.000000e+00,0.000000e+00,0.000000e+00,0.000000e+00,0.000000e+00,0.000000e+00,0.000000e+00,0.000000e+00,0.000000e+00,0.000000e+00,0.000000e+00,0.000000e+00,0.000000e+00
1.000000e+00,0.000000e+00,0.000000e+00,0.000000e+00,0.000000e+00,0.000000e+00,0.000000e+00,0.000000e+00,0.000000e+00,0.000000e+00,0.000000e+00,0.000000e+00,0.000000e+00,0.000000e+00,0.000000e+00
1.000000e+00,0.000000e+00,0.000000e+00,0.000000e+00,0.000000e+00,0.000000e+00,0.000000e+00,0.000000e+00,0.000000e+00,0.000000e+00,0.000000e+00,0.000000e+00,0.000000e+00,0.000000e+00,0.000000e+00
1.000000e+00,0.000000e+00,0.000000e+00,0.000000e+00,0.000000e+00,0.000000e+00,0.000000e+00,0.000000e+00,0.000000e+00,0.000000e+00,0.000000e+00,0.000000e+00,0.000000e+00,0.000000e+00,0.000000e+00
1.000000e+00,0.000000e+00,0.000000e+00,0.000000e+00,0.000000e+00,0.000000e+00,0.000000e+00,0.000000e+00,0.000000e+00,0.000000e+00,0.000000e+00,0.000000e+00,0.000000e+00,0.000000e+00,0.000000e+00
1.000000e+00,0.000000e+00,0.000000e+00,0.000000e+00,0.000000e+00,0.000000e+00,0.000000e+00,0.000000e+00,0.000000e+00,0.000000e+00,0.000000e+00,0.000000e+00,0.000000e+00,0.000000e+00,0.000000e+00
1.000000e+00,0.000000e+00,0.000000e+00,0.000000e+00,0.000000e+00,0.000000e+00,0.000000e+00,0.000000e+00,0.000000e+00,0.000000e+00,0.000000e+00,0.000000e+00,0.000000e+00,0.000000e+00,0.000000e+00
1.000000e+00,0.000000e+00,0.000000e+00,0.000000e+00,0.000000e+00,0.000000e+00,0.000000e+00,0.000000e+00,0.000000e+00,0.000000e+00,0.000000e+00,0.000000e+00,0.000000e+00,0.000000e+00,0.000000e+00
1.000000e+00,0.000000e+00,0.000000e+00,0.000000e+00,0.000000e+00,0.000000e+00,0.000000e+00,0.000000e+00,0.000000e+00,0.000000e+00,0.000000e+00,0.000000e+00,0.000000e+00,0.000000e+00,0.000000e+00
1.000000e+00,0.000000e+00,0.000000e+00,0.000000e+00,0.000000e+00,0.000000e+00,0.000000e+00,0.000000e+00,0.000000e+00,0.000000e+00,0.000000e+00,0.000000e+00,0.000000e+00,0.000000e+00,0.000000e+00
1.000000e+00,0.000000e+00,0.000000e+00,0.000000e+00,0.000000e+00,0.000000e+00,0.000000e+00,0.000000e+00,0.000000e+00,0.000000e+00,0.000000e+00,0.000000e+00,0.000000e+00,0.000000e+00,0.000000e+00
1.000000e+00,0.000000e+00,0.000000e+00,0.000000e+00,0.000000e+00,0.000000e+00,0.000000e+00,0.000000e+00,0.000000e+00,0.000000e+00,0.000000e+00,0.000000e+00,0.000000e+00,0.000000e+00,0.000000e+00
1.000000e+00,0.000000e+00,0.000000e+00,0.000000e+00,0.000000e+00,0.000000e+00,0.000000e+00,0.000000e+00,0.000000e+00,0.000000e+00,0.000000e+00,0.000000e+00,0.000000e+00,0.000000e+00,0.000000e+00
1.000000e+00,0.000000e+00,0.000000e+00,0.000000e+00,0.000000e+00,0.000000e+00,0.000000e+00,0.000000e+00,0.000000e+00,0.000000e+00,0.000000e+00,0.000000e+00,0.000000e+00,0.000000e+00,0.000000e+00
1.000000e+00,0.000000e+00,0.000000e+00,0.000000e+00,0.000000e+00,0.000000e+00,0.000000e+00,0.000000e+00,0.000000e+00,0.000000e+00,0.000000e+00,0.000000e+00,0.000000e+00,0.000000e+00,0.000000e+00
1.000000e+00,0.000000e+00,0.000000e+00,0.000000e+00,0.000000e+00,0.000000e+00,0.000000e+00,0.000000e+00,0.000000e+00,0.000000e+00,0.000000e+00,0.000000e+00,0.000000e+00,0.000000e+00,0.000000e+00
1.000000e+00,0.000000e+00,0.000000e+00,0.000000e+00,0.000000e+00,0.000000e+00,0.000000e+00,0.000000e+00,0.000000e+00,0.000000e+00,0.000000e+00,0.000000e+00,0.000000e+00,0.000000e+00,0.000000e+00
1.000000e+00,0.000000e+00,0.000000e+00,0.000000e+00,0.000000e+00,0.000000e+00,0.000000e+00,0.000000e+00,0.000000e+00,0.000000e+00,0.000000e+00,0.000000e+00,0.000000e+00,0.000000e+00,0.000000e+00
3.823279e-01,5.910116e-02,3.865290e-02,2.512354e-01,2.223687e-02,3.275903e-02,1.474686e-02,5.122485e-02,2.556543e-02,3.238723e-03,1.345037e-02,5.026817e-02,2.331735e-02,3.311743e-03,2.856324e-02
3.184715e-01,5.773922e-02,5.820824e-02,2.804270e-01,2.787241e-02,3.080022e-02,1.437739e-02,5.106586e-02,2.850219e-02,3.410825e-03,1.545253e-02,5.340517e-02,2.483744e-02,3.553121e-03,3.187695e-02
3.383241e-01,6.479768e-02,4.769176e-02,2.525989e-01,3.011096e-02,3.075300e-02,1.344750e-02,4.118842e-02,3.114798e-02,3.669032e-03,1.969836e-02,5.611320e-02,2.839160e-02,5.021079e-03,3.704649e-02
3.887894e-01,6.061377e-02,3.689613e-02,2.091837e-01,2.888710e-02,3.549891e-02,1.220816e-02,3.226187e-02,2.834604e-02,3.602994e-03,2.009025e-02,6.464814e-02,3.450929e-02,5.364104e-03,3.910013e-02
3.569285e-01,6.279859e-02,4.484328e-02,2.176325e-01,2.928935e-02,3.634458e-02,1.049065e-02,3.147471e-02,2.651383e-02,3.835819e-03,2.592292e-02,6.911421e-02,3.338129e-02,5.263569e-03,4.616617e-02
4.259616e-01,5.770155e-02,3.857202e-02,1.823818e-01,2.663321e-02,3.211198e-02,9.278954e-03,2.623545e-02,2.293211e-02,4.322765e-03,2.380208e-02,6.012250e-02,3.437287e-02,5.580439e-03,4.999072e-02
4.695228e-01,5.439844e-02,3.245568e-02,1.563354e-01,2.284457e-02,3.134659e-02,8.493912e-03,2.222885e-02,1.998330e-02,4.377931e-03,2.573283e-02,5.924604e-02,3.700299e-02,6.514893e-03,4.951576e-02
1.000000e+00,0.000000e+00,0.000000e+00,0.000000e+00,0.000000e+00,0.000000e+00,0.000000e+00,0.000000e+00,0.000000e+00,0.000000e+00,0.000000e+00,0.000000e+00,0.000000e+00,0.000000e+00,0.000000e+00
1.000000e+00,0.000000e+00,0.000000e+00,0.000000e+00,0.000000e+00,0.000000e+00,0.000000e+00,0.000000e+00,0.000000e+00,0.000000e+00,0.000000e+00,0.000000e+00,0.000000e+00,0.000000e+00,0.000000e+00
1.000000e+00,0.000000e+00,0.000000e+00,0.000000e+00,0.000000e+00,0.000000e+00,0.000000e+00,0.000000e+00,0.000000e+00,0.000000e+00,0.000000e+00,0.000000e+00,0.000000e+00,0.000000e+00,0.000000e+00
1.000000e+00,0.000000e+00,0.000000e+00,0.000000e+00,0.000000e+00,0.000000e+00,0.000000e+00,0.000000e+00,0.000000e+00,0.000000e+00,0.000000e+00,0.000000e+00,0.000000e+00,0.000000e+00,0.000000e+00
1.000000e+00,0.000000e+00,0.000000e+00,0.000000e+00,0.000000e+00,0.000000e+00,0.000000e+00,0.000000e+00,0.000000e+00,0.000000e+00,0.000000e+00,0.000000e+00,0.000000e+00,0.000000e+00,0.000000e+00
1.000000e+00,0.000000e+00,0.000000e+00,0.000000e+00,0.000000e+00,0.000000e+00,0.000000e+00,0.000000e+00,0.000000e+00,0.000000e+00,0.000000e+00,0.000000e+00,0.000000e+00,0.000000e+00,0.000000e+00
1.000000e+00,0.000000e+00,0.000000e+00,0.000000e+00,0.000000e+00,0.000000e+00,0.000000e+00,0.000000e+00,0.000000e+00,0.000000e+00,0.000000e+00,0.000000e+00,0.000000e+00,0.000000e+00,0.000000e+00
1.000000e+00,0.000000e+00,0.000000e+00,0.000000e+00,0.000000e+00,0.000000e+00,0.000000e+00,0.000000e+00,0.000000e+00,0.000000e+00,0.000000e+00,0.000000e+00,0.000000e+00,0.000000e+00,0.000000e+00
1.000000e+00,0.000000e+00,0.000000e+00,0.000000e+00,0.000000e+00,0.000000e+00,0.000000e+00,0.000000e+00,0.000000e+00,0.000000e+00,0.000000e+00,0.000000e+00,0.000000e+00,0.000000e+00,0.000000e+00
1.000000e+00,0.000000e+00,0.000000e+00,0.000000e+00,0.000000e+00,0.000000e+00,0.000000e+00,0.000000e+00,0.000000e+00,0.000000e+00,0.000000e+00,0.000000e+00,0.000000e+00,0.000000e+00,0.000000e+00
1.000000e+00,0.000000e+00,0.000000e+00,0.000000e+00,0.000000e+00,0.000000e+00,0.000000e+00,0.000000e+00,0.000000e+00,0.000000e+00,0.000000e+00,0.000000e+00,0.000000e+00,0.000000e+00,0.000000e+00
1.000000e+00,0.000000e+00,0.000000e+00,0.000000e+00,0.000000e+00,0.000000e+00,0.000000e+00,0.000000e+00,0.000000e+00,0.000000e+00,0.000000e+00,0.000000e+00,0.000000e+00,0.000000e+00,0.000000e+00
1.000000e+00,0.000000e+00,0.000000e+00,0.000000e+00,0.000000e+00,0.000000e+00,0.000000e+00,0.000000e+00,0.000000e+00,0.000000e+00,0.000000e+00,0.000000e+00,0.000000e+00,0.000000e+00,0.000000e+00
1.000000e+00,0.000000e+00,0.000000e+00,0.000000e+00,0.000000e+00,0.000000e+00,0.000000e+00,0.000000e+00,0.000000e+00,0.000000e+00,0.000000e+00,0.000000e+00,0.000000e+00,0.000000e+00,0.000000e+00
1.000000e+00,0.000000e+00,0.000000e+00,0.000000e+00,0.000000e+00,0.000000e+00,0.000000e+00,0.000000e+00,0.000000e+00,0.000000e+00,0.000000e+00,0.000000e+00,0.000000e+00,0.000000e+00,0.000000e+00
4.517710e-01,4.261714e-03,3.690399e-03,1.066557e-02,2.752206e-03,8.978544e-03,3.262581e-03,4.839205e-01,1.789207e-03,7.210739e-04,3.476300e-03,1.023659e-02,8.591239e-03,9.842418e-04,4.898882e-03
3.207963e-01,3.011213e-03,2.850218e-03,7.648761e-03,2.057389e-03,6.899547e-03,2.836479e-03,6.320263e-01,1.260182e-03,5.123719e-04,2.491951e-03,7.251857e-03,6.147047e-03,7.391611e-04,3.471175e-03
2.264897e-01,2.131989e-03,2.213599e-03,5.479462e-03,1.573835e-03,5.132372e-03,2.372975e-03,7.391444e-01,8.852289e-04,3.625403e-04,1.770645e-03,5.103082e-03,4.338190e-03,5.498656e-04,2.452049e-03
1.591699e-01,1.504722e-03,1.622099e-03,3.956755e-03,1.310607e-03,3.672428e-03,1.774238e-03,8.160855e-01,6.208267e-04,2.547705e-04,1.261445e-03,3.581226e-03,3.057276e-03,4.077882e-04,1.720318e-03
1.121821e-01,1.075044e-03,1.165299e-03,2.856481e-03,1.680035e-03,2.652764e-03,1.470571e-03,8.690857e-01,4.384504e-04,1.799839e-04,9.163131e-04,2.522766e-03,2.263256e-03,3.009124e-04,1.210285e-03
7.882142e-02,7.723039e-04,8.610885e-04,2.071536e-03,1.938858e-03,1.987677e-03,1.167494e-03,9.066311e-01,3.134211e-04,1.273136e-04,6.967900e-04,1.785518e-03,1.737354e-03,2.304508e-04,8.575709e-04
5.637277e-02,5.538533e-04,6.396602e-04,1.549724e-03,2.984227e-03,1.508272e-03,1.126894e-03,9.306244e-01,2.357906e-04,1.025202e-04,5.536614e-04,1.312117e-03,1.651046e-03,1.705311e-04,6.144941e-04
4.027264e-02,4.003149e-04,4.759157e-04,1.122366e-03,2.397084e-03,1.103771e-03,1.018901e-03,9.171745e-01,3.761600e-04,3.166891e-04,3.369125e-03,4.972431e-03,2.460410e-02,1.635678e-03,7.602622e-04
2.866103e-02,3.277353e-04,3.503991e-04,8.842967e-04,2.358455e-03,8.848453e-04,7.684560e-04,7.350017e-01,4.066503e-03,1.971181e-02,5.021729e-02,2.773460e-02,9.961119e-02,2.725364e-02,2.168019e-03
2.046499e-02,2.588215e-04,2.612064e-04,6.391567e-04,1.763740e-03,6.786910e-04,6.400161e-04,5.468594e-01,3.427769e-03,1.613057e-02,1.005178e-01,3.229510e-02,1.044172e-01,1.689766e-01,2.668897e-03
1.511628e-02,2.697668e-04,2.059461e-04,5.289494e-04,1.379247e-03,5.644194e-04,5.901398e-04,4.024077e-01,4.044227e-03,1.340429e-02,1.596438e-01,3.495094e-02,8.137692e-02,2.830089e-01,2.508410e-03
1.097205e-02,3.288150e-04,1.633945e-04,4.405797e-04,1.179957e-03,5.270475e-04,4.818983e-04,2.834291e-01,5.046281e-03,1.068098e-02,2.156428e-01,2.821876e-02,5.849380e-02,3.823300e-01,2.064531e-03
9.113893e-03,5.323409e-04,1.463863e-04,4.203902e-04,1.043553e-03,7.832080e-04,4.264454e-04,1.994677e-01,5.819978e-03,9.199191e-03,2.974611e-01,2.283366e-02,4.196715e-02,4.089866e-01,1.798437e-03
9.259628e-03,1.091647e-03,2.096701e-04,6.081747e-04,1.004162e-03,1.644857e-03,3.443215e-04,1.399150e-01,5.314082e-03,7.079029e-03,4.423707e-01,1.759082e-02,3.034168e-02,3.413074e-01,1.918818e-03
1.073687e-02,6.398967e-03,6.375576e-04,4.084403e-03,1.774779e-03,4.345893e-03,3.722341e-04,9.872080e-02,1.257260e-02,5.951207e-03,4.505065e-01,1.356091e-02,2.201287e-02,3.660686e-01,2.255741e-03
9.572072e-03,7.672224e-03,9.220532e-04,6.085197e-03,2.045740e-03,5.092300e-03,3.290352e-04,6.955294e-02,3.240471e-02,4.841678e-03,4.346275e-01,1.112605e-02,1.592878e-02,3.976342e-01,2.165474e-03
6.853394e-03,7.183358e-03,1.072294e-03,5.427779e-03,2.516373e-03,4.801079e-03,2.373854e-04,4.878226e-02,4.945512e-02,3.947799e-03,4.003003e-01,8.422405e-03,1.129544e-02,4.476846e-01,2.020278e-03
5.603258e-03,5.460644e-03,1.632482e-03,5.266362e-02,2.742038e-03,7.416635e-03,1.752429e-04,3.433544e-02,6.051357e-02,4.197068e-03,3.445265e-01,6.459374e-03,8.543966e-03,4.613256e-01,4.404559e-03
4.540435e-03,4.043945e-03,1.282904e-03,5.073407e-02,2.421295e-03,7.225167e-03,1.505459e-04,2.408569e-02,6.551471e-02,5.086721e-03,2.847953e-01,8.361067e-03,8.764565e-03,5.282973e-01,4.696324e-03
3.461448e-03,3.140661e-03,1.118018e-03,4.297351e-02,4.570131e-03,6.368613e-03,1.500229e-04,1.692743e-02,9.766438e-02,4.048380e-03,2.239731e-01,8.189235e-03,7.759679e-03,5.755775e-01,4.077898e-03
3.212060e-03,2.868319e-03,1.414047e-03,3.453150e-02,5.302791e-03,7.536156e-03,1.491533e-04,1.192900e-02,1.457776e-01,3.415812e-03,1.767431e-01,7.151428e-03,6.894557e-03,5.891797e-01,3.894800e-03
5.824128e-03,9.350684e-03,9.661375e-03,2.988637e-02,7.327697e-03,2.446283e-02,2.565347e-04,9.560228e-03,1.701246e-01,3.608904e-03,1.585335e-01,8.719888e-03,8.315555e-03,5.483110e-01,6.056855e-03
1.067438e-02,1.062119e-02,1.534259e-02,2.189384e-02,7.931969e-03,2.534185e-02,2.503880e-04,7.084293e-03,1.796992e-01,3.734093e-03,1.333534e-01,1.038964e-02,8.777228e-03,5.591599e-01,5.746091e-03
1.178299e-02,1.107603e-02,2.047307e-02,1.687098e-02,1.169749e-02,2.553323e-02,3.169159e-04,5.219026e-03,2.097353e-01,6.368576e-03,1.140869e-01,7.956656e-03,6.766577e-03,5.352505e-01,1.686573e-02
1.112523e-02,8.758618e-03,2.695874e-02,1.343916e-02,1.030191e-02,2.128331e-02,3.036168e-04,4.411535e-03,2.958530e-01,1.020103e-02,8.444833e-02,5.797966e-03,4.972085e-03,4.824854e-01,1.966015e-02
1.423654e-02,1.131683e-02,8.604677e-02,1.160316e-02,9.111754e-03,2.329362e-02,4.800720e-04,6.561724e-03,2.956414e-01,1.573239e-02,6.389961e-02,4.210993e-03,3.971291e-03,4.193203e-01,3.457364e-02
1.774097e-02,1.162569e-02,8.142702e-02,9.602745e-03,9.830024e-03,2.328503e-02,5.588658e-04,8.811440e-03,2.730174e-01,1.776202e-02,5.074432e-02,3.185555e-03,3.616524e-03,4.276364e-01,6.115606e-02
2.541606e-02,1.579297e-02,7.864916e-02,1.258979e-02,1.377787e-02,2.048907e-02,7.335081e-04,4.273634e-02,2.949944e-01,1.492453e-02,3.988858e-02,2.774713e-03,3.724556e-03,3.656788e-01,6.782968e-02
3.710868e-02,1.240931e-02,7.707889e-02,1.366535e-02,1.032251e-02,1.873596e-02,6.728502e-04,3.134383e-02,2.398092e-01,1.527025e-02,3.741866e-02,3.277923e-03,5.414692e-03,2.878021e-01,2.096699e-01
4.845637e-02,1.183620e-02,6.587736e-02,1.209711e-02,1.049144e-02,1.698875e-02,8.193066e-04,7.158158e-02,2.364930e-01,1.431885e-02,3.555288e-02,3.215451e-03,5.867247e-03,2.992589e-01,1.671456e-01
5.348502e-02,1.075509e-02,5.827471e-02,1.036713e-02,1.177446e-02,1.417419e-02,6.867867e-04,6.197838e-02,2.459615e-01,1.295516e-02,3.546859e-02,2.576688e-03,4.888984e-03,2.982234e-01,1.784299e-01
6.239572e-02,1.220236e-02,6.809920e-02,1.823007e-02,1.348208e-02,1.253841e-02,7.003085e-04,6.347615e-02,2.619131e-01,1.268995e-02,3.185098e-02,2.442808e-03,4.953243e-03,2.803810e-01,1.546446e-01
6.855267e-02,1.630525e-02,5.372227e-02,1.401026e-02,1.200987e-02,1.045827e-02,6.188052e-04,6.302229e-02,2.360600e-01,9.882679e-03,3.068653e-02,2.050465e-03,4.181527e-03,3.601331e-01,1.183061e-01
7.683016e-02,1.432358e-02,5.589552e-02,1.255349e-02,2.013562e-02,1.015966e-02,5.313730e-04,5.385810e-02,2.504898e-01,8.990914e-03,5.948641e-02,3.740850e-03,3.186395e-03,3.427291e-01,8.708917e-02
7.505436e-02,1.361949e-02,6.005499e-02,9.696784e-03,4.843808e-02,1.063394e-02,4.950156e-04,4.128209e-02,2.712350e-01,6.582508e-03,8.689275e-02,3.993687e-03,2.830956e-03,3.077883e-01,6.140219e-02
9.258411e-02,2.262815e-02,6.909420e-02,2.547755e-02,8.306231e-02,2.836793e-02,9.293024e-04,4.829996e-02,2.333049e-01,5.599837e-03,8.696024e-02,8.066619e-03,4.047564e-03,2.454734e-01,4.610396e-02
1.003795e-01,2.018854e-02,7.856099e-02,3.706932e-02,9.681073e-02,3.027467e-02,1.179878e-03,4.413436e-02,2.614892e-01,4.787616e-03,7.871357e-02,9.655461e-03,3.846809e-03,1.994856e-01,3.342383e-02
1.041700e-01,1.610685e-02,8.133173e-02,3.333917e-02,9.014329e-02,3.146000e-02,9.882596e-04,3.320009e-02,3.109413e-01,4.045601e-03,6.459325e-02,8.629243e-03,3.368324e-03,1.931361e-01,2.454680e-02
1.085145e-01,1.317691e-02,1.298747e-01,4.892437e-02,7.582338e-02,2.681690e-02,8.835567e-04,2.511540e-02,3.069661e-01,3.456848e-03,5.093825e-02,8.143982e-03,3.015145e-03,1.795576e-01,1.879244e-02
1.724878e-01,1.051524e-02,1.076554e-01,4.363673e-02,6.827880e-02,2.350753e-02,8.858275e-04,1.838185e-02,3.020902e-01,5.246832e-03,5.093050e-02,1.038183e-02,4.227853e-03,1.635890e-01,1.818464e-02
2.265072e-01,9.999122e-03,1.137356e-01,4.197751e-02,5.121610e-02,2.429734e-02,8.746960e-04,1.396633e-02,2.753659e-01,1.052149e-02,4.181057e-02,1.290580e-02,5.464755e-03,1.298902e-01,4.146751e-02
1.674061e-01,9.572078e-03,8.826107e-02,3.142763e-02,3.664215e-02,2.007921e-02,6.470117e-04,1.032131e-02,2.692681e-01,2.221186e-02,4.765059e-02,1.153377e-02,5.573459e-03,1.490048e-01,1.304009e-01
1.242964e-01,9.501863e-03,6.621987e-02,2.414848e-02,2.697658e-02,1.999700e-02,6.330109e-04,8.119744e-03,3.277541e-01,2.079193e-02,4.792098e-02,8.917451e-03,5.948937e-03,1.408882e-01,1.678854e-01
8.726616e-02,7.303335e-03,4.689375e-02,1.750909e-02,1.961106e-02,1.468987e-02,4.762608e-04,5.728381e-03,4.898137e-01,1.669742e-02,3.834456e-02,6.504385e-03,4.795065e-03,1.110135e-01,1.333535e-01
6.128052e-02,5.326297e-03,3.293494e-02,1.229657e-02,1.376331e-02,1.048887e-02,3.399938e-04,4.015638e-03,6.167244e-01,1.244018e-02,2.923006e-02,4.915593e-03,3.755688e-03,9.308568e-02,9.940235e-02
4.336768e-02,4.057786e-03,2.326400e-02,8.740562e-03,9.729027e-03,7.707991e-03,2.550524e-04,2.821913e-03,6.912080e-01,9.431486e-03,2.464205e-02,3.571730e-03,2.803854e-03,9.016494e-02,7.823398e-02
3.089594e-02,3.080209e-03,1.645529e-02,6.242591e-03,6.897863e-03,5.837825e-03,2.149890e-04,1.986576e-03,6.599180e-01,8.174359e-03,2.711436e-02,2.957652e-03,2.232019e-03,1.659779e-01,6.201458e-02
2.209391e-02,2.333685e-03,1.155893e-02,4.547453e-03,5.008482e-03,4.689245e-03,1.645150e-04,1.405198e-03,5.691078e-01,6.412252e-03,2.950142e-02,2.338604e-03,1.717142e-03,2.815994e-01,5.752202e-02
1.867272e-02,2.116633e-03,8.243069e-03,5.031039e-03,3.936408e-03,5.531542e-03,1.507375e-04,1.164067e-03,5.642790e-01,5.301547e-03,3.163499e-02,1.938319e-03,1.424171e-03,3.069330e-01,4.364271e-02
1.603920e-02,2.370842e-03,6.037846e-03,5.741738e-03,3.574539e-03,5.270182e-03,1.884452e-04,9.883400e-04,5.205941e-01,4.864558e-03,2.973922e-02,1.811298e-03,1.297681e-03,3.675370e-01,3.394507e-02
1.229917e-02,2.728855e-03,4.485950e-03,5.178963e-03,3.087238e-03,4.316371e-03,1.892494e-04,7.464780e-04,4.534283e-01,4.839708e-03,2.539520e-02,1.668638e-03,1.069493e-03,4.543707e-01,2.619565e-02
9.099086e-03,2.671556e-03,3.414484e-03,5.187443e-03,2.352783e-03,3.525885e-03,1.715116e-04,5.694857e-04,4.488246e-01,1.936494e-02,3.688463e-02,3.419505e-03,5.509048e-03,4.333241e-01,2.568093e-02
8.252799e-03,2.664767e-03,2.997658e-03,4.719377e-03,2.279622e-03,3.856766e-03,2.627955e-04,1.204134e-03,4.223095e-01,3.874669e-02,4.797909e-02,3.838387e-03,5.021735e-03,4.093138e-01,4.655292e-02
1.482359e-02,4.449717e-03,2.624011e-03,6.786272e-03,2.859357e-03,5.324293e-03,3.118298e-04,1.389934e-03,3.696178e-01,3.617081e-02,6.572367e-02,4.581673e-03,5.540417e-03,4.437749e-01,3.602181e-02
1.740722e-02,4.007342e-03,2.221487e-03,6.177213e-03,2.737674e-03,5.215327e-03,2.640998e-04,1.235186e-03,3.120210e-01,3.517239e-02,1.026078e-01,4.267184e-03,4.690292e-03,4.746955e-01,2.728034e-02
1.511171e-02,3.462439e-03,1.833065e-03,5.105814e-03,2.478400e-03,4.215423e-03,2.164093e-04,1.018937e-03,2.579334e-01,3.261479e-02,1.379188e-01,3.967678e-03,3.916846e-03,5.090684e-01,2.113790e-02
1.361320e-02,3.166051e-03,1.418114e-03,3.746262e-03,2.074235e-03,1.548420e-02,1.859118e-04,8.330005e-04,1.882625e-01,3.512723e-02,1.737754e-01,4.039145e-03,3.693358e-03,5.362161e-01,1.836528e-02
1.303192e-02,3.074114e-03,1.954327e-03,3.213706e-03,2.077908e-03,1.506123e-02,3.306225e-04,1.701673e-03,1.417234e-01,4.174916e-02,1.885980e-01,4.331715e-03,5.095337e-03,5.617402e-01,1.631661e-02
2.418790e-02,2.967512e-03,1.844110e-03,3.674530e-03,3.013355e-03,1.248500e-02,6.915344e-04,3.011504e-03,1.159144e-01,5.245730e-02,1.898043e-01,5.352631e-03,6.678135e-03,5.627715e-01,1.514631e-02
3.181564e-02,3.262564e-03,1.398490e-03,3.474022e-03,2.866553e-03,1.128086e-02,6.662282e-04,2.469714e-03,9.238017e-02,6.732897e-02,2.468814e-01,1.308155e-02,9.926839e-03,5.005566e-01,1.261047e-02
3.910577e-02,3.449824e-03,1.192351e-03,3.407203e-03,2.534198e-03,1.242098e-02,7.340254e-04,2.214010e-03,7.692094e-02,7.185258e-02,2.839357e-01,2.167375e-02,1.008593e-02,4.595205e-01,1.095220e-02
6.450177e-02,4.031271e-03,1.745734e-03,5.088455e-03,3.762288e-03,1.363710e-02,1.116239e-03,3.025944e-03,8.834839e-02,6.993625e-02,2.725652e-01,1.936818e-02,8.643147e-03,4.350571e-01,9.172893e-03
5.372526e-02,3.685081e-03,1.660693e-03,7.187672e-03,5.455915e-03,1.252460e-02,9.961722e-04,3.733679e-03,9.234034e-02,8.087053e-02,2.664767e-01,1.566131e-02,8.317254e-03,4.379982e-01,9.366652e-03
3.939878e-02,5.502150e-03,2.936414e-03,8.561962e-03,8.798321e-03,1.057076e-02,9.200254e-04,4.031131e-03,9.081020e-02,8.122878e-02,3.482168e-01,1.342684e-02,1.038066e-02,3.665536e-01,8.663651e-03
3.578333e-02,5.651761e-03,3.860557e-03,1.106607e-02,1.509277e-02,1.128967e-02,3.071696e-03,6.740956e-03,9.684760e-02,9.302702e-02,3.160859e-01,1.550582e-02,1.460143e-02,3.582024e-01,1.317310e-02
3.169505e-02,5.347806e-03,3.975546e-03,1.116625e-02,1.895443e-02,1.200158e-02,4.363957e-03,6.752959e-03,9.094816e-02,9.630518e-02,2.894465e-01,2.246269e-02,2.186009e-02,3.717981e-01,1.292173e-02
2.522107e-02,7.160480e-03,6.752364e-03,1.188683e-02,9.864236e-02,1.284189e-02,1.144060e-02,6.635197e-03,8.024544e-02,9.385385e-02,2.471206e-01,2.587120e-02,3.806018e-02,3.183328e-01,1.593523e-02
2.133912e-02,6.237105e-03,7.172066e-03,1.001262e-02,1.448734e-01,1.018704e-02,1.333727e-02,6.346055e-03,9.632292e-02,7.919271e-02,2.131316e-01,3.292007e-02,9.165096e-02,2.546569e-01,1.262016e-02
2.159655e-02,4.933486e-03,1.233621e-02,9.173302e-03,1.729137e-01,8.035131e-03,1.517039e-02,9.061967e-02,8.641888e-02,5.804903e-02,1.782082e-01,3.697264e-02,1.149039e-01,1.800701e-01,1.059882e-02
2.604025e-02,4.905321e-03,1.710958e-02,7.508841e-03,1.787065e-01,7.609595e-03,1.158244e-02,2.020179e-01,7.731571e-02,4.228308e-02,1.382547e-01,3.349728e-02,1.171284e-01,1.274263e-01,8.614070e-03
2.888341e-02,3.996839e-03,2.639969e-02,7.583627e-03,1.834616e-01,6.237698e-03,8.625073e-03,3.252541e-01,5.851750e-02,3.052189e-02,1.051092e-01,2.476963e-02,9.301227e-02,9.112048e-02,6.507022e-03
4.319882e-02,3.653878e-03,2.304613e-02,7.944977e-03,2.776029e-01,7.338415e-03,7.373334e-03,3.069380e-01,5.527251e-02,2.415091e-02,8.309279e-02,2.020218e-02,6.711666e-02,6.825386e-02,4.814742e-03
5.193373e-02,4.404802e-03,2.174234e-02,9.594925e-03,3.163000e-01,8.527392e-03,6.674662e-03,2.940307e-01,6.129176e-02,2.299722e-02,6.603349e-02,1.807460e-02,4.991490e-02,6.487051e-02,3.608990e-03
7.798024e-02,4.190158e-03,2.395998e-02,1.368857e-02,2.721786e-01,7.907333e-03,6.618591e-03,3.389551e-01,5.736359e-02,1.981406e-02,5.658111e-02,1.936192e-02,4.718865e-02,5.148424e-02,2.727872e-03
8.686399e-02,7.319159e-03,2.147937e-02,2.079547e-02,2.407361e-01,9.474493e-03,6.727702e-03,3.572429e-01,8.115894e-02,1.758222e-02,4.943243e-02,1.955415e-02,4.001587e-02,3.919333e-02,2.423925e-03
1.004891e-01,6.400282e-03,2.207990e-02,1.778391e-02,2.161778e-01,8.746913e-03,5.441269e-03,4.083589e-01,7.403266e-02,1.324282e-02,4.558461e-02,1.610775e-02,3.276313e-02,3.088399e-02,1.906994e-03
1.024036e-01,4.827714e-03,2.222218e-02,1.424727e-02,1.792979e-01,7.156760e-03,6.822433e-03,5.032873e-01,5.429775e-02,9.398626e-03,3.591721e-02,1.240626e-02,2.403601e-02,2.227362e-02,1.405433e-03
8.732235e-02,3.487253e-03,1.691270e-02,1.056158e-02,1.422130e-01,6.875072e-03,9.065618e-03,6.086701e-01,3.837370e-02,6.620537e-03,2.634322e-02,9.004536e-03,1.754784e-02,1.596239e-02,1.040070e-03
7.761075e-02,2.598373e-03,1.411784e-02,7.756213e-03,1.065721e-01,7.677853e-03,1.040737e-02,6.911536e-01,2.711271e-02,4.708444e-03,1.873109e-02,6.468786e-03,1.273905e-02,1.150888e-02,8.368404e-04
9.141031e-02,2.110019e-03,1.204113e-02,6.797831e-03,9.449852e-02,1.006065e-02,1.266024e-02,7.098311e-01,1.952429e-02,3.468023e-03,1.357856e-02,5.061389e-03,9.830674e-03,8.406199e-03,7.211421e-04
1.241646e-01,1.755154e-03,9.399554e-03,5.910782e-03,8.550418e-02,2.255686e-02,1.174333e-02,6.778429e-01,1.426000e-02,2.643132e-03,1.323278e-02,1.182691e-02,1.224814e-02,6.257855e-03,6.538536e-04
1.068185e-01,1.421345e-03,6.784095e-03,6.804902e-03,6.169990e-02,2.079149e-02,8.646939e-03,5.093395e-01,1.305334e-02,4.156693e-03,4.329512e-02,6.795724e-02,1.413104e-01,5.871120e-03,2.049505e-03
8.197772e-02,1.153173e-03,4.856292e-03,7.694774e-03,4.429270e-02,1.629091e-02,6.181660e-03,3.658774e-01,1.276170e-02,4.103973e-03,5.273257e-02,9.153643e-02,2.999932e-01,6.595840e-03,3.951701e-03
6.429199e-02,1.019325e-03,3.761217e-03,8.281973e-03,3.180923e-02,1.399841e-02,4.517264e-03,2.615747e-01,1.864732e-02,3.467892e-03,6.435148e-02,1.553613e-01,3.590680e-01,6.371605e-03,3.478276e-03
5.753558e-02,1.130637e-03,3.251704e-03,1.123625e-02,2.455084e-02,1.229722e-02,3.539338e-03,1.889982e-01,3.162202e-02,4.606998e-03,8.228524e-02,1.714941e-01,3.946609e-01,8.074195e-03,4.716743e-03
7.528916e-02,1.363625e-03,2.819275e-03,9.604689e-03,2.007801e-02,1.084527e-02,3.099887e-03,1.392111e-01,5.203287e-02,5.280874e-03,8.333589e-02,1.870916e-01,3.942088e-01,1.020755e-02,5.531473e-03
1.501729e-01,3.069348e-03,4.239368e-03,8.369783e-03,1.728352e-02,1.319251e-02,4.917345e-03,1.065227e-01,5.685022e-02,1.376476e-02,7.089944e-02,2.162948e-01,3.119110e-01,1.420563e-02,8.306615e-03
2.296682e-01,4.556295e-03,4.893616e-03,9.250779e-03,1.719228e-02,1.689833e-02,4.192702e-03,8.165029e-02,5.375441e-02,1.482038e-02,5.741260e-02,2.507231e-01,2.333344e-01,1.426190e-02,7.390732e-03
2.603414e-01,4.186041e-03,4.801959e-03,7.546698e-03,1.513308e-02,2.304183e-02,3.502624e-03,5.822683e-02,4.183547e-02,1.422699e-02,5.969407e-02,3.144383e-01,1.706491e-01,1.571478e-02,6.660840e-03
2.081812e-01,3.645411e-03,3.986720e-03,6.459947e-03,1.645992e-02,1.935301e-02,2.639857e-03,4.212001e-02,3.322633e-02,1.982936e-02,5.532435e-02,4.416450e-01,1.257479e-01,1.611908e-02,5.261978e-03
1.563114e-01,3.280485e-03,3.655426e-03,5.310509e-03,3.094929e-02,1.875179e-02,2.231535e-03,3.219410e-02,2.534728e-02,2.225405e-02,5.114591e-02,5.336376e-01,9.575023e-02,1.523598e-02,3.944401e-03
1.122659e-01,3.085134e-03,3.831015e-03,4.511824e-03,1.465019e-01,1.728810e-02,2.667180e-03,2.357633e-02,2.034537e-02,2.054543e-02,4.306158e-02,5.167904e-01,6.949820e-02,1.302148e-02,3.010108e-03
7.932381e-02,2.443230e-03,3.325459e-03,3.503879e-03,3.197115e-01,1.254258e-02,2.462097e-03,1.780794e-02,1.877717e-02,1.499234e-02,3.524232e-02,4.283181e-01,4.983085e-02,9.514242e-03,2.204420e-03
5.599812e-02,1.805190e-03,3.402969e-03,3.264105e-03,2.969024e-01,9.249741e-03,1.875300e-03,6.864490e-02,2.119204e-02,1.073792e-02,3.079182e-02,4.496939e-01,3.788254e-02,6.998781e-03,1.560151e-03
4.100299e-02,1.759780e-03,3.844761e-03,2.892298e-03,3.341947e-01,7.557885e-03,2.047088e-03,1.286981e-01,4.409982e-02,8.047191e-03,2.685507e-02,3.604625e-01,3.072817e-02,6.589222e-03,1.220391e-03
3.319808e-02,2.307144e-03,8.352572e-03,3.349136e-03,4.232814e-01,5.991805e-03,1.775512e-03,1.412554e-01,5.053489e-02,5.958598e-03,2.394210e-02,2.680286e-01,2.533010e-02,5.749326e-03,9.452765e-04
3.385387e-02,5.611508e-03,2.097856e-02,9.296599e-03,4.600835e-01,6.532621e-03,2.233071e-03,1.266903e-01,8.583972e-02,4.654489e-03,2.384127e-02,1.936277e-01,2.013003e-02,5.562273e-03,1.064456e-03
3.573859e-02,9.307040e-03,2.705007e-02,1.234215e-02,4.436983e-01,7.448329e-03,3.073638e-03,1.240513e-01,1.345786e-01,4.066956e-03,2.762470e-02,1.474253e-01,1.724325e-02,5.053689e-03,1.298154e-03
4.347980e-02,1.199644e-02,2.722546e-02,1.604227e-02,4.428376e-01,1.153484e-02,3.035452e-03,1.288814e-01,1.382249e-01,4.845450e-03,3.463444e-02,1.134960e-01,1.487481e-02,7.102832e-03,1.788283e-03
6.171289e-02,1.347143e-02,2.218992e-02,2.189176e-02,4.066158e-01,1.269959e-02,4.096324e-03,1.507261e-01,1.425094e-01,6.482814e-03,3.486314e-02,9.153010e-02,1.345303e-02,1.419416e-02,3.563486e-03
7.830347e-02,1.768420e-02,2.105622e-02,6.713682e-02,3.516603e-01,1.253175e-02,4.171485e-03,1.792240e-01,1.235852e-01,9.481056e-03,2.802968e-02,7.577980e-02,1.195800e-02,1.122403e-02,8.173881e-03
8.622972e-02,1.804492e-02,2.010458e-02,1.159897e-01,2.949954e-01,1.292032e-02,4.724767e-03,1.943203e-01,1.336814e-01,8.545893e-03,2.441931e-02,5.947298e-02,9.721339e-03,9.635347e-03,7.193931e-03
9.605172e-02,1.649634e-02,1.875235e-02,1.185804e-01,3.227605e-01,1.108716e-02,4.098301e-03,1.579423e-01,1.438182e-01,8.998726e-03,2.986760e-02,4.794634e-02,8.499935e-03,9.423716e-03,5.676443e-03
1.570169e-01,1.368565e-02,1.624275e-02,1.663978e-01,2.582489e-01,8.959584e-03,3.538932e-03,1.637912e-01,1.159299e-01,1.230096e-02,2.647167e-02,3.703473e-02,6.872033e-03,8.003784e-03,5.505266e-03
2.270093e-01,2.015957e-02,1.280340e-02,1.476714e-01,2.000735e-01,8.030127e-03,3.715483e-03,1.296009e-01,1.249772e-01,2.018372e-02,2.441316e-02,3.127293e-02,9.887209e-03,7.638219e-03,3.256401e-02
3.094340e-01,1.766986e-02,1.197105e-02,1.281394e-01,1.550790e-01,7.628210e-03,3.487295e-03,1.557686e-01,1.015512e-01,1.637334e-02,2.174573e-02,2.879326e-02,9.627642e-03,6.507556e-03,2.622390e-02
3.943426e-01,1.708218e-02,1.352338e-02,1.032702e-01,1.256079e-01,9.296950e-03,3.748587e-03,1.536836e-01,8.174030e-02,1.321614e-02,2.001301e-02,2.568306e-02,9.867027e-03,5.845186e-03,2.307984e-02
4.553120e-01,1.602286e-02,1.400712e-02,7.934760e-02,1.042311e-01,8.882446e-03,4.044584e-03,1.693042e-01,6.506661e-02,1.077426e-02,1.675087e-02,2.232229e-02,9.310760e-03,5.188741e-03,1.943465e-02
1.000000e+00,0.000000e+00,0.000000e+00,0.000000e+00,0.000000e+00,0.000000e+00,0.000000e+00,0.000000e+00,0.000000e+00,0.000000e+00,0.000000e+00,0.000000e+00,0.000000e+00,0.000000e+00,0.000000e+00
1.000000e+00,0.000000e+00,0.000000e+00,0.000000e+00,0.000000e+00,0.000000e+00,0.000000e+00,0.000000e+00,0.000000e+00,0.000000e+00,0.000000e+00,0.000000e+00,0.000000e+00,0.000000e+00,0.000000e+00
1.000000e+00,0.000000e+00,0.000000e+00,0.000000e+00,0.000000e+00,0.000000e+00,0.000000e+00,0.000000e+00,0.000000e+00,0.000000e+00,0.000000e+00,0.000000e+00,0.000000e+00,0.000000e+00,0.000000e+00
1.000000e+00,0.000000e+00,0.000000e+00,0.000000e+00,0.000000e+00,0.000000e+00,0.000000e+00,0.000000e+00,0.000000e+00,0.000000e+00,0.000000e+00,0.000000e+00,0.000000e+00,0.000000e+00,0.000000e+00
1.000000e+00,0.000000e+00,0.000000e+00,0.000000e+00,0.000000e+00,0.000000e+00,0.000000e+00,0.000000e+00,0.000000e+00,0.000000e+00,0.000000e+00,0.000000e+00,0.000000e+00,0.000000e+00,0.000000e+00
1.000000e+00,0.000000e+00,0.000000e+00,0.000000e+00,0.000000e+00,0.000000e+00,0.000000e+00,0.000000e+00,0.000000e+00,0.000000e+00,0.000000e+00,0.000000e+00,0.000000e+00,0.000000e+00,0.000000e+00
1.000000e+00,0.000000e+00,0.000000e+00,0.000000e+00,0.000000e+00,0.000000e+00,0.000000e+00,0.000000e+00,0.000000e+00,0.000000e+00,0.000000e+00,0.000000e+00,0.000000e+00,0.000000e+00,0.000000e+00
1.000000e+00,0.000000e+00,0.000000e+00,0.000000e+00,0.000000e+00,0.000000e+00,0.000000e+00,0.000000e+00,0.000000e+00,0.000000e+00,0.000000e+00,0.000000e+00,0.000000e+00,0.000000e+00,0.000000e+00
1.000000e+00,0.000000e+00,0.000000e+00,0.000000e+00,0.000000e+00,0.000000e+00,0.000000e+00,0.000000e+00,0.000000e+00,0.000000e+00,0.000000e+00,0.000000e+00,0.000000e+00,0.000000e+00,0.000000e+00
1.000000e+00,0.000000e+00,0.000000e+00,0.000000e+00,0.000000e+00,0.000000e+00,0.000000e+00,0.000000e+00,0.000000e+00,0.000000e+00,0.000000e+00,0.000000e+00,0.000000e+00,0.000000e+00,0.000000e+00
1.000000e+00,0.000000e+00,0.000000e+00,0.000000e+00,0.000000e+00,0.000000e+00,0.000000e+00,0.000000e+00,0.000000e+00,0.000000e+00,0.000000e+00,0.000000e+00,0.000000e+00,0.000000e+00,0.000000e+00
1.000000e+00,0.000000e+00,0.000000e+00,0.000000e+00,0.000000e+00,0.000000e+00,0.000000e+00,0.000000e+00,0.000000e+00,0.000000e+00,0.000000e+00,0.000000e+00,0.000000e+00,0.000000e+00,0.000000e+00
1.000000e+00,0.000000e+00,0.000000e+00,0.000000e+00,0.000000e+00,0.000000e+00,0.000000e+00,0.000000e+00,0.000000e+00,0.000000e+00,0.000000e+00,0.000000e+00,0.000000e+00,0.000000e+00,0.000000e+00
1.000000e+00,0.000000e+00,0.000000e+00,0.000000e+00,0.000000e+00,0.000000e+00,0.000000e+00,0.000000e+00,0.000000e+00,0.000000e+00,0.000000e+00,0.000000e+00,0.000000e+00,0.000000e+00,0.000000e+00
1.000000e+00,0.000000e+00,0.000000e+00,0.000000e+00,0.000000e+00,0.000000e+00,0.000000e+00,0.000000e+00,0.000000e+00,0.000000e+00,0.000000e+00,0.000000e+00,0.000000e+00,0.000000e+00,0.000000e+00
4.499360e-01,5.390248e-03,7.806365e-03,2.342707e-02,8.701851e-03,5.406854e-02,7.024170e-03,8.814874e-02,2.973652e-02,3.721090e-03,9.652304e-03,2.268390e-01,6.044448e-02,5.763878e-03,1.933970e-02
3.780233e-01,5.592593e-03,7.615260e-03,1.873925e-02,9.953069e-03,5.144183e-02,7.263928e-03,6.363087e-02,3.911394e-02,3.663942e-03,1.659697e-02,3.184364e-01,5.936134e-02,4.937181e-03,1.563004e-02
2.860035e-01,4.578303e-03,5.575905e-03,1.363744e-02,9.797191e-03,4.344783e-02,5.729316e-03,4.512883e-02,4.294971e-02,3.265086e-03,1.982411e-02,4.420289e-01,6.268905e-02,3.943087e-03,1.140170e-02
2.011099e-01,3.885726e-03,5.547615e-03,9.623629e-03,1.464544e-02,3.111967e-02,4.663474e-03,3.167439e-02,6.833040e-02,4.337698e-03,1.675107e-02,5.308803e-01,6.595306e-02,3.166656e-03,8.310875e-03
1.428060e-01,3.667596e-03,5.473838e-03,6.777527e-03,1.554535e-02,2.207927e-02,3.719838e-03,2.232290e-02,8.031496e-02,4.750915e-03,1.383818e-02,6.112328e-01,5.883029e-02,2.680673e-03,5.959880e-03
1.005509e-01,2.795670e-03,3.893728e-03,4.752753e-03,1.186252e-02,1.555693e-02,2.689444e-03,1.564420e-02,6.377898e-02,6.029726e-03,1.249058e-02,7.052233e-01,4.742951e-02,2.965275e-03,4.336472e-03
8.479378e-02,1.171826e-02,2.975314e-02,4.404466e-03,3.731822e-02,1.406267e-02,5.240083e-03,4.155345e-02,6.675687e-02,3.453169e-02,1.505629e-02,5.920041e-01,5.579804e-02,3.325032e-03,3.683868e-03
7.158594e-02,1.447500e-02,3.679416e-02,4.501322e-03,6.419785e-02,1.338702e-02,4.891221e-03,4.870351e-02,7.036330e-02,4.354811e-02,2.285715e-02,5.507472e-01,4.729719e-02,3.885921e-03,2.765164e-03
5.611571e-02,1.198843e-02,3.592339e-02,5.197148e-03,7.081581e-02,1.957924e-02,3.917366e-03,4.238245e-02,5.917223e-02,3.395323e-02,3.129558e-02,5.874187e-01,3.546797e-02,4.571023e-03,2.201675e-03
4.579143e-02,1.047584e-02,2.884962e-02,5.184674e-03,5.958287e-02,1.911607e-02,3.100915e-03,3.432241e-02,5.378302e-02,2.686866e-02,3.725936e-02,6.430992e-01,2.658066e-02,4.219171e-03,1.766027e-03
3.673480e-02,8.291341e-03,2.546284e-02,4.450937e-03,4.750386e-02,2.687987e-02,2.571727e-03,2.646751e-02,4.479904e-02,2.188397e-02,7.532225e-02,6.482407e-01,2.016351e-02,8.516713e-03,2.710860e-03
3.013290e-02,6.187080e-03,1.827751e-02,3.869651e-03,3.401144e-02,2.276797e-02,1.880346e-03,1.935919e-02,3.448234e-02,1.656009e-02,6.968996e-02,7.166160e-01,1.569721e-02,7.942464e-03,2.525822e-03
2.317723e-02,6.313139e-03,1.444160e-02,3.367113e-03,2.678897e-02,1.709584e-02,1.423992e-03,1.443134e-02,3.597783e-02,1.324085e-02,7.106438e-02,7.495006e-01,1.290084e-02,7.551654e-03,2.724624e-03
1.977150e-02,2.428970e-02,1.419100e-02,3.920285e-03,2.219260e-02,1.364041e-02,1.313848e-03,1.252021e-02,5.516171e-02,1.527504e-02,1.009164e-01,6.876704e-01,1.133198e-02,1.236863e-02,5.436245e-03
3.344245e-02,2.277764e-02,1.381441e-02,3.708305e-03,1.699028e-02,1.456553e-02,1.146023e-03,1.039964e-02,5.124904e-02,1.321797e-02,1.743174e-01,6.161505e-01,9.518152e-03,1.334455e-02,5.358139e-03
2.818934e-02,2.111223e-02,1.065647e-02,3.267222e-03,1.338555e-02,1.178543e-02,9.125864e-04,8.372661e-03,6.445979e-02,1.102553e-02,2.762347e-01,5.228316e-01,7.270541e-03,1.496325e-02,5.533097e-03
3.677242e-02,1.654771e-02,8.462225e-03,2.655843e-03,1.002363e-02,1.054378e-02,7.160494e-04,7.003869e-03,7.340854e-02,9.285761e-03,3.834448e-01,4.132979e-01,5.854270e-03,1.719633e-02,4.786830e-03
3.477124e-02,1.313079e-02,6.531951e-03,2.073994e-03,7.402217e-03,7.967012e-03,5.297953e-04,5.469740e-03,8.389486e-02,7.433550e-03,4.731662e-01,3.294193e-01,4.575258e-03,1.991118e-02,3.722980e-03
2.582933e-02,9.541490e-03,4.774097e-03,1.499759e-03,5.708097e-03,5.747256e-03,3.846225e-04,3.937780e-03,8.395804e-02,5.599069e-03,5.794083e-01,2.500915e-01,3.264881e-03,1.758307e-02,2.672736e-03
2.397395e-02,8.673398e-03,3.733392e-03,1.204972e-03,5.190263e-03,4.490887e-03,3.089098e-04,3.182412e-03,7.976927e-02,4.426418e-03,6.525658e-01,1.907977e-01,2.445546e-03,1.698315e-02,2.253884e-03
1.737058e-02,6.770850e-03,2.821890e-03,8.915318e-04,4.247511e-03,3.838027e-03,2.254620e-04,2.333331e-03,8.079756e-02,3.919949e-03,7.021382e-01,1.427863e-01,1.805225e-03,2.815308e-02,1.900507e-03
1.324336e-02,5.363871e-03,2.178499e-03,6.990175e-04,3.130636e-03,4.553826e-03,1.711431e-04,1.733674e-03,8.510634e-02,3.582009e-03,7.279035e-01,1.088750e-01,1.356086e-03,4.021575e-02,1.887284e-03
9.815028e-03,5.140843e-03,1.779145e-03,5.289748e-04,2.305639e-03,3.810214e-03,1.246592e-04,1.286019e-03,9.313188e-02,2.974329e-03,7.538550e-01,7.857627e-02,9.961410e-04,4.368847e-02,1.987395e-03
7.390878e-03,4.086142e-03,1.317562e-03,4.345682e-04,1.865980e-03,3.808923e-03,1.015869e-04,1.150275e-03,1.058336e-01,4.001192e-03,7.586694e-01,5.732647e-02,7.611653e-04,5.135919e-02,1.893020e-03
5.554992e-03,5.549195e-03,1.008635e-03,3.609264e-04,1.967080e-03,3.771055e-03,8.955696e-05,9.559322e-04,1.892015e-01,3.734416e-03,6.707935e-01,4.286552e-02,6.638982e-04,7.146248e-02,2.021268e-03
4.826509e-03,4.723195e-03,1.144613e-03,1.572119e-03,5.458806e-03,3.634635e-03,1.299256e-04,1.611358e-03,3.932960e-01,3.654220e-03,4.866263e-01,3.338183e-02,1.229435e-03,5.682218e-02,1.888900e-03
9.384070e-03,8.110230e-03,1.734513e-03,7.363147e-03,6.086554e-03,1.258320e-02,1.559970e-04,2.687824e-03,4.442901e-01,7.302138e-03,3.583119e-01,4.368332e-02,8.078631e-03,8.059281e-02,9.635494e-03
7.922905e-03,8.416395e-03,1.546954e-03,7.303303e-03,5.406563e-03,1.378008e-02,1.190242e-04,1.939091e-03,5.472855e-01,5.640064e-03,2.622267e-01,3.544217e-02,7.154450e-03,7.268997e-02,2.312676e-02
6.069001e-03,6.330221e-03,3.213128e-03,5.330094e-03,4.167755e-03,1.036045e-02,8.722374e-05,1.381663e-03,4.412763e-01,4.259533e-03,2.203963e-01,2.570850e-02,5.250496e-03,2.446503e-01,2.151910e-02
4.693234e-03,4.717371e-03,3.106660e-03,3.957142e-03,3.169238e-03,7.859025e-03,6.444992e-05,9.801731e-04,3.300156e-01,3.510098e-03,2.094688e-01,2.122643e-02,3.933978e-03,3.874449e-01,1.585297e-02
3.418970e-03,3.376190e-03,2.722633e-03,2.839407e-03,2.288187e-03,5.923503e-03,4.886710e-05,6.984144e-04,2.359136e-01,3.225724e-03,2.729312e-01,1.760316e-02,2.994681e-03,4.346835e-01,1.133194e-02
2.435997e-03,2.429693e-03,2.581181e-03,2.020706e-03,1.710446e-03,4.669598e-03,3.905419e-05,4.968596e-04,1.671957e-01,2.770321e-03,2.497365e-01,1.301352e-02,2.194764e-03,5.406944e-01,8.011250e-03
1.804585e-03,1.767765e-03,2.225860e-03,1.467543e-03,1.383726e-03,4.327851e-03,3.734556e-05,3.696664e-04,1.191886e-01,2.334296e-03,2.211229e-01,9.648755e-03,1.604690e-03,6.270292e-01,5.687206e-03
1.809236e-03,1.423859e-03,2.122783e-03,1.239446e-03,1.534806e-03,7.104790e-03,1.587668e-04,3.531212e-04,8.627824e-02,4.523731e-03,2.573235e-01,9.540953e-03,1.868926e-03,6.203858e-01,4.332048e-03
1.520090e-03,1.082301e-03,1.703481e-03,9.854339e-04,1.343728e-03,7.325393e-03,1.682387e-04,2.984194e-04,6.262827e-02,4.055141e-03,2.632383e-01,8.140184e-03,1.594321e-03,6.428145e-01,3.102186e-03
