1.000000e+00,0.000000e+00,0.000000e+00,0.000000e+00,0.000000e+00,0.000000e+00,0.000000e+00,0.000000e+00,0.000000e+00,0.000000e+00,0.000000e+00,0.000000e+00,0.000000e+00,0.000000e+00,0.000000e+00
1.000000e+00,0.000000e+00,0.000000e+00,0.000000e+00,0.000000e+00,0.000000e+00,0.000000e+00,0.000000e+00,0.000000e+00,0.000000e+00,0.000000e+00,0.000000e+00,0.000000e+00,0.000000e+00,0.000000e+00
1.000000e+00,0.000000e+00,0.000000e+00,0.000000e+00,0.000000e+00,0.000000e+00,0.000000e+00,0.000000e+00,0.000000e+00,0.000000e+00,0.000000e+00,0.000000e+00,0.000000e+00,0.000000e+00,0.000000e+00
1.000000e+00,0.000000e+00,0.000000e+00,0.000000e+00,0.000000e+00,0.000000e+00,0.000000e+00,0.000000e+00,0.000000e+00,0.000000e+00,0.000000e+00,0.000000e+00,0.000000e+00,0.000000e+00,0.000000e+00
1.000000e+00,0.000000e+00,0.000000e+00,0.000000e+00,0.000000e+00,0.000000e+00,0.000000e+00,0.000000e+00,0.000000e+00,0.000000e+00,0.000000e+00,0.000000e+00,0.000000e+00,0.000000e+00,0.000000e+00
1.000000e+00,0.000000e+00,0.000000e+00,0.000000e+00,0.000000e+00,0.000000e+00,0.000000e+00,0.000000e+00,0.000000e+00,0.000000e+00,0.000000e+00,0.000000e+00,0.000000e+00,0.000000e+00,0.000000e+00
1.000000e+00,0.000000e+00,0.000000e+00,0.000000e+00,0.000000e+00,0.000000e+00,0.000000e+00,0.000000e+00,0.000000e+00,0.000000e+00,0.000000e+00,0.000000e+00,0.000000e+00,0.000000e+00,0.000000e+00
1.000000e+00,0.000000e+00,0.000000e+00,0.000000e+00,0.000000e+00,0.000000e+00,0.000000e+00,0.000000e+00,0.000000e+00,0.000000e+00,0.000000e+00,0.000000e+00,0.000000e+00,0.000000e+00,0.000000e+00
1.000000e+00,0.000000e+00,0.000000e+00,0.000000e+00,0.000000e+00,0.000000e+00,0.000000e+00,0.000000e+00,0.000000e+00,0.000000e+00,0.000000e+00,0.000000e+00,0.000000e+00,0.000000e+00,0.000000e+00
1.000000e+00,0.000000e+00,0.000000e+00,0.000000e+00,0.000000e+00,0.000000e+00,0.000000e+00,0.000000e+00,0.000000e+00,0.000000e+00,0.000000e+00,0.000000e+00,0.000000e+00,0.000000e+00,0.000000e+00
1.000000e+00,0.000000e+00,0.000000e+00,0.000000e+00,0.000000e+00,0.000000e+00,0.000000e+00,0.000000e+00,0.000000e+00,0.000000e+00,0.000000e+00,0.000000e+00,0.000000e+00,0.000000e+00,0.000000e+00
1.000000e+00,0.000000e+00,0.000000e+00,0.000000e+00,0.000000e+00,0.000000e+00,0.000000e+00,0.000000e+00,0.000000e+00,0.000000e+00,0.000000e+00,0.000000e+00,0.000000e+00,0.000000e+00,0.000000e+00
1.000000e+00,0.000000e+00,0.000000e+00,0.000000e+00,0.000000e+00,0.000000e+00,0.000000e+00,0.000000e+00,0.000000e+00,0.000000e+00,0.000000e+00,0.000000e+00,0.000000e+00,0.000000e+00,0.000000e+00
1.000000e+00,0.000000e+00,0.000000e+00,0.000000e+00,0.000000e+00,0.000000e+00,0.000000e+00,0.000000e+00,0.000000e+00,0.000000e+00,0.000000e+00,0.000000e+00,0.000000e+00,0.000000e+00,0.000000e+00
1.000000e+00,0.000000e+00,0.000000e+00,0.000000e+00,0.000000e+00,0.000000e+00,0.000000e+00,0.000000e+00,0.000000e+00,0.000000e+00,0.000000e+00,0.000000e+00,0.000000e+00,0.000000e+00,0.000000e+00
1.000000e+00,0.000000e+00,0.000000e+00,0.000000e+00,0.000000e+00,0.000000e+00,0.000000e+00,0.000000e+00,0.000000e+00,0.000000e+00,0.000000e+00,0.000000e+00,0.000000e+00,0.000000e+00,0.000000e+00
1.000000e+00,0.000000e+00,0.000000e+00,0.000000e+00,0.000000e+00,0.000000e+00,0.000000e+00,0.000000e+00,0.000000e+00,0.000000e+00,0.000000e+00,0.000000e+00,0.000000e+00,0.000000e+00,0.000000e+00
1.000000e+00,0.000000e+00,0.000000e+00,0.000000e+00,0.000000e+00,0.000000e+00,0.000000e+00,0.000000e+00,0.000000e+00,0.000000e+00,0.000000e+00,0.000000e+00,0.000000e+00,0.000000e+00,0.000000e+00
1.000000e+00,0.000000e+00,0.000000e+00,0.000000e+00,0.000000e+00,0.000000e+00,0.000000e+00,0.000000e+00,0.000000e+00,0.000000e+00,0.000000e+00,0.000000e+00,0.000000e+00,0.000000e+00,0.000000e+00
1.000000e+00,0.000000e+00,0.000000e+00,0.000000e+00,0.000000e+00,0.000000e+00,0.000000e+00,0.000000e+00,0.000000e+00,0.000000e+00,0.000000e+00,0.000000e+00,0.000000e+00,0.000000e+00,0.000000e+00
1.000000e+00,0.000000e+00,0.000000e+00,0.000000e+00,0.000000e+00,0.000000e+00,0.000000e+00,0.000000e+00,0.000000e+00,0.000000e+00,0.000000e+00,0.000000e+00,0.000000e+00,0.000000e+00,0.000000e+00
1.000000e+00,0.000000e+00,0.000000e+00,0.000000e+00,0.000000e+00,0.000000e+00,0.000000e+00,0.000000e+00,0.000000e+00,0.000000e+00,0.000000e+00,0.000000e+00,0.000000e+00,0.000000e+00,0.000000e+00
1.000000e+00,0.000000e+00,0.000000e+00,0.000000e+00,0.000000e+00,0.000000e+00,0.000000e+00,0.000000e+00,0.000000e+00,0.000000e+00,0.000000e+00,0.000000e+00,0.000000e+00,0.000000e+00,0.000000e+00
1.000000e+00,0.000000e+00,0.000000e+00,0.000000e+00,0.000000e+00,0.000000e+00,0.000000e+00,0.000000e+00,0.000000e+00,0.000000e+00,0.000000e+00,0.000000e+00,0.000000e+00,0.000000e+00,0.000000e+00
1.000000e+00,0.000000e+00,0.000000e+00,0.000000e+00,0.000000e+00,0.000000e+00,0.000000e+00,0.000000e+00,0.000000e+00,0.000000e+00,0.000000e+00,0.000000e+00,0.000000e+00,0.000000e+00,0.000000e+00
1.000000e+00,0.000000e+00,0.000000e+00,0.000000e+00,0.000000e+00,0.000000e+00,0.000000e+00,0.000000e+00,0.000000e+00,0.000000e+00,0.000000e+00,0.000000e+00,0.000000e+00,0.000000e+00,0.000000e+00
1.000000e+00,0.000000e+00,0.000000e+00,0.000000e+00,0.000000e+00,0.000000e+00,0.000000e+00,0.000000e+00,0.000000e+00,0.000000e+00,0.000000e+00,0.000000e+00,0.000000e+00,0.000000e+00,0.000000e+00
1.000000e+00,0.000000e+00,0.000000e+00,0.000000e+00,0.000000e+00,0.000000e+00,0.000000e+00,0.000000e+00,0.000000e+00,0.000000e+00,0.000000e+00,0.000000e+00,0.000000e+00,0.000000e+00,0.000000e+00
1.000000e+00,0.000000e+00,0.000000e+00,0.000000e+00,0.000000e+00,0.000000e+00,0.000000e+00,0.000000e+00,0.000000e+00,0.000000e+00,0.000000e+00,0.000000e+00,0.000000e+00,0.000000e+00,0.000000e+00
1.000000e+00,0.000000e+00,0.000000e+00,0.000000e+00,0.000000e+00,0.000000e+00,0.000000e+00,0.000000e+00,0.000000e+00,0.000000e+00,0.000000e+00,0.000000e+00,0.000000e+00,0.000000e+00,0.000000e+00
1.000000e+00,0.000000e+00,0.000000e+00,0.000000e+00,0.000000e+00,0.000000e+00,0.000000e+00,0.000000e+00,0.000000e+00,0.000000e+00,0.000000e+00,0.000000e+00,0.000000e+00,0.000000e+00,0.000000e+00
1.000000e+00,0.000000e+00,0.000000e+00,0.000000e+00,0.000000e+00,0.000000e+00,0.000000e+00,0.000000e+00,0.000000e+00,0.000000e+00,0.000000e+00,0.000000e+00,0.000000e+00,0.000000e+00,0.000000e+00
1.000000e+00,0.000000e+00,0.000000e+00,0.000000e+00,0.000000e+00,0.000000e+00,0.000000e+00,0.000000e+00,0.000000e+00,0.000000e+00,0.000000e+00,0.000000e+00,0.000000e+00,0.000000e+00,0.000000e+00
1.000000e+00,0.000000e+00,0.000000e+00,0.000000e+00,0.000000e+00,0.000000e+00,0.000000e+00,0.000000e+00,0.000000e+00,0.000000e+00,0.000000e+00,0.000000e+00,0.000000e+00,0.000000e+00,0.000000e+00
1.000000e+00,0.000000e+00,0.000000e+00,0.000000e+00,0.000000e+00,0.000000e+00,0.000000e+00,0.000000e+00,0.000000e+00,0.000000e+00,0.000000e+00,0.000000e+00,0.000000e+00,0.000000e+00,0.000000e+00
1.000000e+00,0.000000e+00,0.000000e+00,0.000000e+00,0.000000e+00,0.000000e+00,0.000000e+00,0.000000e+00,0.000000e+00,0.000000e+00,0.000000e+00,0.000000e+00,0.000000e+00,0.000000e+00,0.000000e+00
1.000000e+00,0.000000e+00,0.000000e+00,0.000000e+00,0.000000e+00,0.000000e+00,0.000000e+00,0.000000e+00,0.000000e+00,0.000000e+00,0.000000e+00,0.000000e+00,0.000000e+00,0.000000e+00,0.000000e+00
1.000000e+00,0.000000e+00,0.000000e+00,0.000000e+00,0.000000e+00,0.000000e+00,0.000000e+00,0.000000e+00,0.000000e+00,0.000000e+00,0.000000e+00,0.000000e+00,0.000000e+00,0.000000e+00,0.000000e+00
1.000000e+00,0.000000e+00,0.000000e+00,0.000000e+00,0.000000e+00,0.000000e+00,0.000000e+00,0.000000e+00,0.000000e+00,0.000000e+00,0.000000e+00,0.000000e+00,0.000000e+00,0.000000e+00,0.000000e+00
1.000000e+00,0.000000e+00,0.000000e+00,0.000000e+00,0.000000e+00,0.000000e+00,0.000000e+00,0.000000e+00,0.000000e+00,0.000000e+00,0.000000e+00,0.000000e+00,0.000000e+00,0.000000e+00,0.000000e+00
1.000000e+00,0.000000e+00,0.000000e+00,0.000000e+00,0.000000e+00,0.000000e+00,0.000000e+00,0.000000e+00,0.000000e+00,0.000000e+00,0.000000e+00,0.000000e+00,0.000000e+00,0.000000e+00,0.000000e+00
1.000000e+00,0.000000e+00,0.000000e+00,0.000000e+00,0.000000e+00,0.000000e+00,0.000000e+00,0.000000e+00,0.000000e+00,0.000000e+00,0.000000e+00,0.000000e+00,0.000000e+00,0.000000e+00,0.000000e+00
1.000000e+00,0.000000e+00,0.000000e+00,0.000000e+00,0.000000e+00,0.000000e+00,0.000000e+00,0.000000e+00,0.000000e+00,0.000000e+00,0.000000e+00,0.000000e+00,0.000000e+00,0.000000e+00,0.000000e+00
1.000000e+00,0.000000e+00,0.000000e+00,0.000000e+00,0.000000e+00,0.000000e+00,0.000000e+00,0.000000e+00,0.000000e+00,0.000000e+00,0.000000e+00,0.000000e+00,0.000000e+00,0.000000e+00,0.000000e+00
1.000000e+00,0.000000e+00,0.000000e+00,0.000000e+00,0.000000e+00,0.000000e+00,0.000000e+00,0.000000e+00,0.000000e+00,0.000000e+00,0.000000e+00,0.000000e+00,0.000000e+00,0.000000e+00,0.000000e+00
1.000000e+00,0.000000e+00,0.000000e+00,0.000000e+00,0.000000e+00,0.000000e+00,0.000000e+00,0.000000e+00,0.000000e+00,0.000000e+00,0.000000e+00,0.000000e+00,0.000000e+00,0.000000e+00,0.000000e+00
1.000000e+00,0.000000e+00,0.000000e+00,0.000000e+00,0.000000e+00,0.000000e+00,0.000000e+00,0.000000e+00,0.000000e+00,0.000000e+00,0.000000e+00,0.000000e+00,0.000000e+00,0.000000e+00,0.000000e+00
1.000000e+00,0.000000e+00,0.000000e+00,0.000000e+00,0.000000e+00,0.000000e+00,0.000000e+00,0.000000e+00,0.000000e+00,0.000000e+00,0.000000e+00,0.000000e+00,0.000000e+00,0.000000e+00,0.000000e+00
1.000000e+00,0.000000e+00,0.000000e+00,0.000000e+00,0.000000e+00,0.000000e+00,0.000000e+00,0.000000e+00,0.000000e+00,0.000000e+00,0.000000e+00,0.000000e+00,0.000000e+00,0.000000e+00,0.000000e+00
1.000000e+00,0.000000e+00,0.000000e+00,0.000000e+00,0.000000e+00,0.000000e+00,0.000000e+00,0.000000e+00,0.000000e+00,0.000000e+00,0.000000e+00,0.000000e+00,0.000000e+00,0.000000e+00,0.000000e+00
1.000000e+00,0.000000e+00,0.000000e+00,0.000000e+00,0.000000e+00,0.000000e+00,0.000000e+00,0.000000e+00,0.000000e+00,0.000000e+00,0.000000e+00,0.000000e+00,0.000000e+00,0.000000e+00,0.000000e+00
1.000000e+00,0.000000e+00,0.000000e+00,0.000000e+00,0.000000e+00,0.000000e+00,0.000000e+00,0.000000e+00,0.000000e+00,0.000000e+00,0.000000e+00,0.000000e+00,0.000000e+00,0.000000e+00,0.000000e+00
1.000000e+00,0.000000e+00,0.000000e+00,0.000000e+00,0.000000e+00,0.000000e+00,0.000000e+00,0.000000e+00,0.000000e+00,0.000000e+00,0.000000e+00,0.000000e+00,0.000000e+00,0.000000e+00,0.000000e+00
1.000000e+00,0.000000e+00,0.000000e+00,0.000000e+00,0.000000e+00,0.000000e+00,0.000000e+00,0.000000e+00,0.000000e+00,0.000000e+00,0.000000e+00,0.000000e+00,0.000000e+00,0.000000e+00,0.000000e+00
1.000000e+00,0.000000e+00,0.000000e+00,0.000000e+00,0.000000e+00,0.000000e+00,0.000000e+00,0.000000e+00,0.000000e+00,0.000000e+00,0.000000e+00,0.000000e+00,0.000000e+00,0.000000e+00,0.000000e+00
1.000000e+00,0.000000e+00,0.000000e+00,0.000000e+00,0.000000e+00,0.000000e+00,0.000000e+00,0.000000e+00,0.000000e+00,0.000000e+00,0.000000e+00,0.000000e+00,0.000000e+00,0.000000e+00,0.000000e+00
4.599042e-01,4.427407e-02,2.662983e-02,3.004105e-01,9.662482e-03,1.369152e-02,4.009859e-03,1.155621e-02,1.572699e-02,3.944260e-03,2.419461e-02,2.243295e-02,1.635494e-02,6.299097e-03,4.090850e-02
3.530872e-01,7.831132e-02,4.450214e-02,2.190076e-01,7.256995e-03,1.226979e-02,3.036235e-03,8.997088e-03,1.395274e-02,5.262024e-03,1.991293e-02,1.606803e-02,1.253991e-02,2.931174e-02,1.764842e-01
2.528638e-01,6.571726e-02,5.635886e-02,1.551794e-01,5.392419e-03,1.347981e-02,2.230933e-03,6.939252e-03,1.124830e-02,4.778392e-03,1.760063e-02,1.193129e-02,9.287078e-03,3.724688e-02,3.497457e-01
1.865146e-01,5.277934e-02,4.384853e-02,1.100114e-01,4.443467e-03,1.234205e-02,1.701345e-03,5.321834e-03,1.418046e-02,1.764036e-02,5.982913e-02,1.332868e-02,9.587690e-03,8.987021e-02,3.786009e-01
1.334576e-01,3.858992e-02,3.292001e-02,7.745328e-02,3.807219e-03,9.707917e-03,1.508411e-03,3.979883e-03,3.131257e-02,1.298597e-01,6.925488e-02,1.246182e-02,8.054463e-03,1.314151e-01,3.162173e-01
1.012614e-01,3.004825e-02,2.546377e-02,5.549121e-02,5.591459e-03,9.121843e-03,1.429193e-03,3.912823e-03,6.431272e-02,1.229596e-01,1.000673e-01,1.228018e-02,7.662317e-03,1.917707e-01,2.686272e-01
8.092256e-02,2.357759e-02,1.821731e-02,3.949431e-02,1.490714e-02,1.122291e-02,2.500583e-03,4.086199e-03,5.001160e-02,1.019577e-01,1.938951e-01,1.130971e-02,8.068766e-03,2.287441e-01,2.110844e-01
6.325322e-02,1.684258e-02,1.284926e-02,2.826592e-02,1.228177e-02,8.688866e-03,2.623725e-03,3.056390e-03,4.522759e-02,7.479666e-02,2.801433e-01,9.622357e-03,6.547536e-03,2.743171e-01,1.614838e-01
4.612562e-02,1.203335e-02,9.009290e-03,2.069278e-02,1.048639e-02,6.512722e-03,1.946621e-03,2.174011e-03,3.758465e-02,5.999811e-02,3.628896e-01,9.886389e-03,5.448986e-03,2.928701e-01,1.223414e-01
3.342206e-02,8.692585e-03,6.362487e-03,1.569476e-02,1.015275e-02,5.408534e-03,1.512075e-03,1.620487e-03,2.822795e-02,4.377846e-02,4.821975e-01,1.704600e-02,4.612428e-03,2.525516e-01,8.872037e-02
2.462245e-02,6.232422e-03,4.504639e-03,1.191512e-02,9.739240e-03,4.666324e-03,1.295736e-03,1.240561e-03,2.157620e-02,3.250957e-02,5.781834e-01,2.167086e-02,3.984536e-03,2.131559e-01,6.470312e-02
1.825850e-02,4.770407e-03,3.211170e-03,9.327306e-03,1.007987e-02,4.302453e-03,1.143869e-03,9.778516e-04,2.051190e-02,2.330247e-02,6.587678e-01,2.329429e-02,3.945615e-03,1.694797e-01,4.862681e-02
1.957134e-02,3.974232e-03,2.498645e-03,7.938686e-03,1.020807e-02,4.986268e-03,1.192100e-03,9.978282e-04,1.832688e-02,1.791202e-02,6.860601e-01,4.384615e-02,4.126189e-03,1.395755e-01,3.878598e-02
3.826819e-02,4.439714e-03,2.214564e-03,7.220584e-03,8.032010e-03,7.667196e-03,1.209346e-03,9.875630e-04,1.526090e-02,1.519745e-02,6.495978e-01,1.052947e-01,3.738266e-03,1.064554e-01,3.441638e-02
9.271221e-02,6.215421e-03,2.262841e-03,8.158309e-03,8.322872e-03,9.991781e-03,1.231993e-03,1.650185e-03,1.233337e-02,1.201658e-02,6.060138e-01,1.220899e-01,4.365122e-03,8.408184e-02,2.855384e-02
1.600029e-01,8.669163e-03,2.178456e-03,1.137977e-02,7.838218e-03,1.571553e-02,1.346173e-03,1.956383e-03,1.059188e-02,9.346061e-03,5.362163e-01,1.378872e-01,5.639472e-03,6.509728e-02,2.613532e-02
1.853949e-01,9.821014e-03,3.232770e-03,1.253607e-02,7.070194e-03,2.855956e-02,1.689552e-03,2.504182e-03,8.834866e-03,7.303018e-03,4.739081e-01,1.771574e-01,5.824181e-03,5.038806e-02,2.577617e-02
1.849676e-01,1.306590e-02,4.045135e-03,1.366633e-02,6.847946e-03,3.830025e-02,1.570420e-03,2.591531e-03,7.846771e-03,5.808887e-03,4.195722e-01,2.279956e-01,5.163414e-03,4.083767e-02,2.772043e-02
1.532469e-01,1.423859e-02,5.161356e-03,1.225345e-02,8.797430e-03,3.556760e-02,1.470783e-03,5.202715e-03,6.708657e-03,4.601174e-03,3.290228e-01,3.653190e-01,4.016741e-03,3.200429e-02,2.238854e-02
1.533753e-01,1.498743e-02,4.994832e-03,1.118242e-02,1.371645e-02,3.011568e-02,2.050989e-03,7.072171e-03,6.826041e-03,3.749072e-03,2.978920e-01,4.076288e-01,3.585145e-03,2.504237e-02,1.778130e-02
1.601432e-01,1.575377e-02,5.684232e-03,1.002132e-02,1.710069e-02,2.533091e-02,2.567270e-03,8.233768e-03,6.347350e-03,3.353549e-03,2.393331e-01,4.668890e-01,2.940743e-03,2.055673e-02,1.574443e-02
1.436458e-01,1.529594e-02,5.436304e-03,8.126683e-03,2.567463e-02,2.328697e-02,3.650409e-03,8.191667e-03,5.770823e-03,2.916516e-03,2.096404e-01,5.171571e-01,2.500898e-03,1.653066e-02,1.217521e-02
1.399435e-01,1.438068e-02,5.739609e-03,7.628560e-03,3.173091e-02,2.228477e-02,4.277960e-03,1.108475e-02,5.166356e-03,2.383779e-03,1.661040e-01,5.641787e-01,2.110716e-03,1.368115e-02,9.304590e-03
1.165480e-01,1.185966e-02,6.965921e-03,6.498505e-03,3.072989e-02,1.922150e-02,4.406245e-03,1.633226e-02,4.155254e-03,2.070190e-03,1.240458e-01,6.366519e-01,1.763358e-03,1.178318e-02,6.968301e-03
9.269953e-02,1.027038e-02,6.840204e-03,5.076196e-03,2.975485e-02,1.517866e-02,3.780229e-03,1.589794e-02,4.458055e-03,2.387028e-03,1.087190e-01,6.867480e-01,1.426532e-03,1.103048e-02,5.732962e-03
6.982932e-02,9.946112e-03,7.576770e-03,4.079081e-03,6.405391e-02,1.306113e-02,3.028178e-03,2.451022e-02,5.276895e-03,2.180986e-03,8.213802e-02,7.003355e-01,1.127742e-03,8.574164e-03,4.282017e-03
5.831074e-02,1.098469e-02,1.227513e-02,3.880959e-03,9.281196e-02,1.106345e-02,3.069782e-03,4.883622e-02,8.344170e-03,2.281339e-03,6.927020e-02,6.670341e-01,1.183248e-03,7.271694e-03,3.382323e-03
6.245198e-02,1.079146e-02,1.442811e-02,4.696235e-03,9.481757e-02,1.520235e-02,6.933316e-03,8.594488e-02,1.034902e-02,2.389584e-03,6.095912e-02,6.209992e-01,1.249146e-03,5.923001e-03,2.865109e-03
6.333423e-02,1.129132e-02,1.931377e-02,5.410616e-03,1.544604e-01,2.596018e-02,6.117196e-03,7.946758e-02,2.571737e-02,2.967278e-03,6.326783e-02,5.323679e-01,2.212862e-03,4.987478e-03,3.123970e-03
6.130368e-02,1.374468e-02,2.199344e-02,6.078191e-03,1.500221e-01,4.498635e-02,6.402513e-03,8.505673e-02,5.743109e-02,5.885980e-03,7.547140e-02,4.551304e-01,6.355852e-03,5.662438e-03,4.475133e-03
5.558888e-02,1.492064e-02,2.440698e-02,7.583177e-03,1.475723e-01,4.890613e-02,5.925795e-03,9.391345e-02,1.005791e-01,7.411644e-03,7.893150e-02,3.934372e-01,9.819526e-03,5.685872e-03,5.317838e-03
5.445043e-02,1.577565e-02,2.025058e-02,7.194834e-03,2.068020e-01,4.970028e-02,5.767079e-03,7.462371e-02,1.639548e-01,9.806957e-03,7.577266e-02,2.940782e-01,9.735732e-03,5.821805e-03,6.265374e-03
5.610492e-02,1.992475e-02,1.640465e-02,7.608162e-03,2.333902e-01,5.673690e-02,5.106200e-03,5.598582e-02,2.053914e-01,9.038282e-03,7.038500e-02,2.321553e-01,1.630547e-02,6.702447e-03,8.760451e-03
5.591551e-02,2.696737e-02,1.469096e-02,1.645473e-02,2.220434e-01,5.423256e-02,4.129384e-03,5.295059e-02,2.807516e-01,9.598573e-03,6.364296e-02,1.697645e-01,1.350805e-02,7.083729e-03,8.266037e-03
4.986124e-02,2.347347e-02,1.334408e-02,1.788687e-02,2.517824e-01,7.995798e-02,3.428543e-03,6.660588e-02,2.952237e-01,7.358504e-03,4.861985e-02,1.197937e-01,9.724285e-03,6.380156e-03,6.559301e-03
4.712250e-02,2.185863e-02,1.074512e-02,1.562056e-02,2.828951e-01,7.891347e-02,2.825662e-03,6.041080e-02,3.297437e-01,6.211532e-03,3.738016e-02,8.431575e-02,7.123034e-03,7.450788e-03,7.383173e-03
5.740724e-02,3.683381e-02,1.174908e-02,1.369093e-02,2.847106e-01,6.300915e-02,2.326336e-03,5.202239e-02,3.341681e-01,5.307782e-03,4.556700e-02,5.949966e-02,5.228789e-03,2.225358e-02,6.225637e-03
6.845196e-02,6.557661e-02,1.779845e-02,1.608695e-02,2.557801e-01,5.827908e-02,2.101222e-03,4.042896e-02,2.993175e-01,5.865219e-03,5.335182e-02,4.204874e-02,4.050157e-03,6.551749e-02,5.345706e-03
8.775473e-02,5.649348e-02,1.578077e-02,1.374890e-02,2.422674e-01,9.545512e-02,2.612646e-03,3.708550e-02,2.944074e-01,4.763210e-03,5.186501e-02,3.153674e-02,4.376102e-03,5.713009e-02,4.722924e-03
1.302564e-01,4.186431e-02,1.304339e-02,1.447687e-02,1.864384e-01,2.304427e-01,3.660104e-03,3.214000e-02,2.216058e-01,4.994135e-03,4.180258e-02,2.372544e-02,4.205585e-03,4.556453e-02,5.779725e-03
1.360194e-01,3.093395e-02,9.910845e-03,1.210120e-02,1.345468e-01,3.829094e-01,3.579837e-03,2.400156e-02,1.631533e-01,7.071236e-03,3.111932e-02,1.718151e-02,3.563698e-03,3.410468e-02,9.803282e-03
1.973649e-01,2.240117e-02,8.248162e-03,1.122773e-02,9.731855e-02,4.309727e-01,3.547805e-03,1.867716e-02,1.274586e-01,6.618586e-03,2.310726e-02,1.342818e-02,3.782240e-03,2.640903e-02,9.437935e-03
2.436654e-01,1.663790e-02,7.058371e-03,1.062925e-02,7.063395e-02,4.563612e-01,3.317093e-03,1.508542e-02,1.036064e-01,6.992935e-03,1.836302e-02,1.071268e-02,3.730913e-03,2.200416e-02,1.120142e-02
3.366588e-01,1.289166e-02,8.319577e-03,9.263737e-03,5.251776e-02,4.139078e-01,3.315753e-03,1.306597e-02,7.733595e-02,9.075431e-03,1.467860e-02,9.342029e-03,3.899887e-03,2.094262e-02,1.478441e-02
3.330616e-01,9.751181e-03,9.481508e-03,9.677411e-03,4.107857e-02,4.443822e-01,2.861513e-03,1.128820e-02,5.884141e-02,1.804578e-02,1.232808e-02,6.783697e-03,3.348521e-03,2.319667e-02,1.587372e-02
3.546749e-01,8.141484e-03,1.200500e-02,1.060052e-02,3.266685e-02,4.457250e-01,3.045806e-03,1.156051e-02,4.651497e-02,1.652003e-02,1.071199e-02,5.133197e-03,3.032905e-03,2.346418e-02,1.620278e-02
4.259492e-01,6.739933e-03,1.252198e-02,1.036539e-02,2.434486e-02,3.903301e-01,3.007193e-03,1.103567e-02,3.530597e-02,1.416780e-02,1.358321e-02,4.225492e-03,2.738554e-03,2.843986e-02,1.724485e-02
4.955625e-01,6.206250e-03,1.477527e-02,9.092932e-03,1.930118e-02,3.296442e-01,2.848125e-03,1.043339e-02,2.596868e-02,1.397004e-02,1.435461e-02,3.911724e-03,2.324887e-03,3.079527e-02,2.081091e-02
4.805883e-01,7.919006e-03,1.945313e-02,9.646625e-03,1.549463e-02,3.290231e-01,2.878116e-03,1.047756e-02,1.980156e-02,1.572573e-02,1.567014e-02,3.336464e-03,1.923999e-03,3.444895e-02,3.361270e-02
1.000000e+00,0.000000e+00,0.000000e+00,0.000000e+00,0.000000e+00,0.000000e+00,0.000000e+00,0.000000e+00,0.000000e+00,0.000000e+00,0.000000e+00,0.000000e+00,0.000000e+00,0.000000e+00,0.000000e+00
1.000000e+00,0.000000e+00,0.000000e+00,0.000000e+00,0.000000e+00,0.000000e+00,0.000000e+00,0.000000e+00,0.000000e+00,0.000000e+00,0.000000e+00,0.000000e+00,0.000000e+00,0.000000e+00,0.000000e+00
1.000000e+00,0.000000e+00,0.000000e+00,0.000000e+00,0.000000e+00,0.000000e+00,0.000000e+00,0.000000e+00,0.000000e+00,0.000000e+00,0.000000e+00,0.000000e+00,0.000000e+00,0.000000e+00,0.000000e+00
1.000000e+00,0.000000e+00,0.000000e+00,0.000000e+00,0.000000e+00,0.000000e+00,0.000000e+00,0.000000e+00,0.000000e+00,0.000000e+00,0.000000e+00,0.000000e+00,0.000000e+00,0.000000e+00,0.000000e+00
1.000000e+00,0.000000e+00,0.000000e+00,0.000000e+00,0.000000e+00,0.000000e+00,0.000000e+00,0.000000e+00,0.000000e+00,0.000000e+00,0.000000e+00,0.000000e+00,0.000000e+00,0.000000e+00,0.000000e+00
1.000000e+00,0.000000e+00,0.000000e+00,0.000000e+00,0.000000e+00,0.000000e+00,0.000000e+00,0.000000e+00,0.000000e+00,0.000000e+00,0.000000e+00,0.000000e+00,0.000000e+00,0.000000e+00,0.000000e+00
4.980684e-01,3.511065e-02,2.517067e-02,4.670458e-02,9.463181e-03,6.157363e-02,5.268869e-03,1.478423e-02,3.240531e-02,1.446868e-02,3.291374e-02,2.971769e-02,2.031424e-02,4.142594e-02,1.326102e-01
4.756557e-01,2.861501e-02,2.104943e-02,3.847757e-02,1.261157e-02,6.313814e-02,4.708190e-03,1.425292e-02,7.411069e-02,1.372845e-02,4.205844e-02,2.570743e-02,2.608243e-02,4.475424e-02,1.150498e-01
4.049156e-01,2.529358e-02,1.729988e-02,3.300248e-02,1.850710e-02,5.644844e-02,4.253061e-03,1.850978e-02,1.466745e-01,1.311893e-02,5.890345e-02,2.222099e-02,3.359677e-02,4.615501e-02,1.011005e-01
3.062111e-01,2.375754e-02,3.768969e-02,3.505034e-02,1.494284e-02,6.277758e-02,3.767734e-03,1.504110e-02,2.485756e-01,1.292952e-02,6.464349e-02,1.754187e-02,2.833586e-02,3.550597e-02,9.322989e-02
2.576369e-01,2.409480e-02,3.651149e-02,2.774870e-02,1.183830e-02,6.639059e-02,3.192671e-03,1.328490e-02,2.467125e-01,1.231819e-02,1.401873e-01,1.618930e-02,2.496890e-02,4.117330e-02,7.775213e-02
2.435890e-01,2.218557e-02,3.209614e-02,2.413250e-02,9.180614e-03,6.052217e-02,2.576234e-03,1.028930e-02,2.273314e-01,1.020387e-02,1.834713e-01,1.504129e-02,2.299130e-02,6.896149e-02,6.742772e-02
2.277692e-01,1.904736e-02,2.537048e-02,2.072436e-02,7.472621e-03,5.185490e-02,2.117677e-03,8.200499e-03,1.990921e-01,8.861080e-03,2.224903e-01,1.668551e-02,1.859677e-02,1.187999e-01,5.291715e-02
2.116953e-01,1.722832e-02,2.086845e-02,1.648261e-02,6.595580e-03,4.059370e-02,1.795807e-03,6.956031e-03,1.489250e-01,7.229160e-03,2.663262e-01,2.070561e-02,1.426835e-02,1.786052e-01,4.172470e-02
1.790974e-01,1.480279e-02,1.648340e-02,1.360604e-02,5.889447e-03,3.171816e-02,1.680382e-03,5.970702e-03,1.100167e-01,5.857021e-03,3.481205e-01,2.828573e-02,1.201099e-02,1.947779e-01,3.168288e-02
1.562134e-01,1.238628e-02,1.390010e-02,1.128187e-02,5.464444e-03,2.449452e-02,1.701810e-03,5.281472e-03,8.245358e-02,5.566701e-03,3.469457e-01,3.236397e-02,9.491213e-03,2.689145e-01,2.354045e-02
1.367429e-01,1.231688e-02,1.230010e-02,9.065603e-03,5.926404e-03,1.831388e-02,1.559353e-03,5.005560e-03,6.276761e-02,5.216392e-03,3.484968e-01,3.320519e-02,7.369935e-03,3.243007e-01,1.741274e-02
1.351923e-01,1.328230e-02,1.234958e-02,8.310480e-03,9.073652e-03,1.444834e-02,1.611107e-03,6.580655e-03,4.885370e-02,5.153372e-03,3.616066e-01,3.214929e-02,6.085379e-03,3.317322e-01,1.357100e-02
1.359617e-01,1.284157e-02,1.164915e-02,8.141081e-03,1.058464e-02,1.194405e-02,1.722813e-03,7.525440e-03,3.994823e-02,5.945663e-03,3.993287e-01,3.322117e-02,5.570822e-03,3.036068e-01,1.200815e-02
1.231493e-01,1.287808e-02,1.449282e-02,8.215995e-03,1.027555e-02,1.045494e-02,1.967137e-03,7.909210e-03,3.429802e-02,6.685786e-03,4.226947e-01,2.903563e-02,4.629378e-03,3.030746e-01,1.023883e-02
1.030428e-01,1.255116e-02,1.449736e-02,7.533153e-03,9.583851e-03,8.950716e-03,1.860874e-03,8.552976e-03,4.164398e-02,6.968794e-03,4.024101e-01,2.301754e-02,3.749208e-03,3.468900e-01,8.747521e-03
1.164386e-01,1.248971e-02,1.334012e-02,7.825701e-03,1.002867e-02,1.023872e-02,1.832795e-03,8.312328e-03,3.675403e-02,6.533423e-03,4.088232e-01,1.874205e-02,3.293883e-03,3.367055e-01,8.641217e-03
1.136084e-01,1.793173e-02,1.945447e-02,8.575297e-03,1.848168e-02,1.113275e-02,2.828586e-03,9.707679e-03,2.880369e-02,6.432763e-03,4.284664e-01,1.789397e-02,3.025920e-03,3.054471e-01,8.209670e-03
1.065521e-01,1.855838e-02,1.562413e-02,7.095960e-03,1.743206e-02,9.795803e-03,3.023456e-03,7.912353e-03,2.233984e-02,5.940731e-03,4.373384e-01,1.834906e-02,3.052081e-03,3.193870e-01,7.598709e-03
1.244034e-01,1.918983e-02,1.245665e-02,6.026349e-03,1.465316e-02,1.192652e-02,2.749891e-03,6.604481e-03,1.693750e-02,5.275410e-03,4.831004e-01,2.124835e-02,3.114499e-03,2.652419e-01,7.071676e-03
1.868859e-01,2.035058e-02,1.020035e-02,5.522113e-03,1.183082e-02,1.358239e-02,2.385461e-03,5.658300e-03,1.333728e-02,5.080034e-03,4.734299e-01,2.376137e-02,3.029997e-03,2.149481e-01,9.997333e-03
1.705485e-01,2.041969e-02,8.079962e-03,4.512465e-03,1.031076e-02,1.135540e-02,2.112228e-03,4.507757e-03,1.022754e-02,4.590454e-03,5.419658e-01,2.733034e-02,3.158008e-03,1.710341e-01,9.846957e-03
1.792482e-01,2.159362e-02,7.039795e-03,6.161758e-03,9.883067e-03,1.848298e-02,2.571107e-03,4.455091e-03,8.782507e-03,3.880344e-03,5.580822e-01,3.546158e-02,4.790750e-03,1.254340e-01,1.413300e-02
1.734717e-01,2.078767e-02,6.603621e-03,8.258273e-03,9.575871e-03,2.453288e-02,3.486611e-03,4.463293e-03,7.460828e-03,3.316344e-03,5.843260e-01,3.734248e-02,6.272611e-03,9.233933e-02,1.776241e-02
2.151462e-01,1.999614e-02,6.325316e-03,1.104928e-02,9.109337e-03,3.637562e-02,3.541145e-03,4.095094e-03,7.155690e-03,2.984945e-03,5.405796e-01,4.765569e-02,7.152733e-03,6.766517e-02,2.116809e-02
2.541403e-01,1.951170e-02,6.007310e-03,1.505950e-02,9.401572e-03,3.626077e-02,3.589487e-03,4.262907e-03,8.453893e-03,2.999922e-03,5.085366e-01,4.547421e-02,8.657587e-03,4.965410e-02,2.799011e-02
2.513311e-01,1.820243e-02,4.839728e-03,1.678813e-02,1.120398e-02,3.337730e-02,3.161245e-03,3.824223e-03,9.466242e-03,3.070002e-03,5.136229e-01,5.370074e-02,9.015139e-03,3.803197e-02,3.036494e-02
3.246288e-01,2.071910e-02,5.324404e-03,2.372639e-02,1.048053e-02,3.489231e-02,3.909907e-03,4.607892e-03,9.794990e-03,3.001169e-03,4.281540e-01,5.464985e-02,1.094909e-02,2.815359e-02,3.700788e-02
3.357559e-01,1.864234e-02,4.819324e-03,2.651129e-02,1.124645e-02,3.718941e-02,4.746981e-03,4.879064e-03,9.898481e-03,2.671859e-03,4.154063e-01,5.848770e-02,1.370250e-02,2.103396e-02,3.500846e-02
3.728811e-01,1.797595e-02,5.150323e-03,3.204505e-02,1.179149e-02,4.204606e-02,5.077802e-03,5.439243e-03,9.728902e-03,2.462477e-03,3.691322e-01,5.822679e-02,1.757930e-02,1.594011e-02,3.452313e-02
3.387982e-01,1.905137e-02,5.760448e-03,2.904001e-02,1.884077e-02,5.376329e-02,6.429753e-03,7.616180e-03,1.146759e-02,2.141093e-03,3.952340e-01,5.048882e-02,1.778341e-02,1.182286e-02,3.176218e-02
2.877974e-01,1.780376e-02,9.847833e-03,2.420206e-02,2.139531e-02,8.583857e-02,9.155291e-03,1.506247e-02,1.060431e-02,1.773822e-03,4.216076e-01,4.343589e-02,1.702547e-02,8.928367e-03,2.552182e-02
2.987272e-01,1.635715e-02,8.736204e-03,2.365360e-02,2.652667e-02,1.130799e-01,8.770409e-03,1.349043e-02,1.106802e-02,1.704678e-03,3.762720e-01,5.224694e-02,1.748999e-02,8.014904e-03,2.386193e-02
2.895116e-01,1.670006e-02,7.098535e-03,2.406229e-02,4.472114e-02,1.116334e-01,8.025282e-03,1.372183e-02,1.342555e-02,1.559598e-03,3.553536e-01,6.351571e-02,2.128742e-02,6.694284e-03,2.268971e-02
3.314103e-01,1.812104e-02,6.649224e-03,2.413128e-02,4.871543e-02,1.063570e-01,7.389696e-03,1.386487e-02,1.621946e-02,2.168097e-03,2.970349e-01,7.209132e-02,2.316628e-02,7.207216e-03,2.547385e-02
2.832655e-01,1.506906e-02,1.056149e-02,1.904190e-02,5.835129e-02,1.071464e-01,9.244662e-03,7.972357e-02,1.382834e-02,1.928456e-03,2.840640e-01,6.697956e-02,2.545047e-02,6.469764e-03,1.887551e-02
2.511423e-01,1.277982e-02,9.109743e-03,1.516050e-02,6.963244e-02,8.176915e-02,7.167056e-03,6.183071e-02,1.604936e-02,2.068106e-03,2.552788e-01,1.503095e-01,4.427254e-02,9.470891e-03,1.395911e-02
2.233855e-01,1.134370e-02,8.236322e-03,1.887635e-02,5.542115e-02,7.204324e-02,5.592341e-03,4.538639e-02,1.476962e-02,2.066806e-03,1.876716e-01,2.727714e-01,6.275439e-02,9.148067e-03,1.053304e-02
1.742282e-01,9.901546e-03,8.878779e-03,1.952663e-02,5.151743e-02,7.476074e-02,4.399862e-03,3.360491e-02,1.334471e-02,1.810291e-03,1.490623e-01,3.113592e-01,1.315383e-01,7.977171e-03,8.089907e-03
1.388780e-01,7.742732e-03,1.442480e-02,1.556765e-02,4.757344e-02,6.289650e-02,3.566272e-03,2.750352e-02,1.411467e-02,2.161967e-03,1.447333e-01,3.290541e-01,1.772050e-01,7.559025e-03,7.018966e-03
1.023855e-01,5.594484e-03,1.079693e-02,1.109212e-02,3.787223e-02,4.527564e-02,2.725278e-03,2.133167e-02,1.072583e-02,1.718970e-03,1.049362e-01,5.004338e-01,1.342911e-01,5.639212e-03,5.181148e-03
7.702394e-02,4.141123e-03,8.262628e-03,7.894966e-03,3.051085e-02,3.310480e-02,2.371838e-03,1.645760e-02,8.374400e-03,1.475169e-03,7.606488e-02,6.210729e-01,1.042956e-01,4.400485e-03,4.548869e-03
9.187140e-02,3.837162e-03,6.699503e-03,6.485039e-03,2.677324e-02,3.527596e-02,4.284378e-03,2.144773e-02,8.515278e-03,1.696742e-03,5.714824e-02,6.211563e-01,1.063745e-01,4.308206e-03,4.126292e-03
8.584858e-02,3.607340e-03,5.350023e-03,5.618813e-03,2.930427e-02,2.868141e-02,4.220118e-03,1.929200e-02,1.033444e-02,1.674143e-03,4.623044e-02,6.520486e-01,1.006687e-01,3.478591e-03,3.642576e-03
7.399853e-02,5.937685e-03,5.766092e-03,8.336128e-03,2.888293e-02,3.721164e-02,3.688045e-03,1.508422e-02,1.431631e-02,2.106522e-03,4.493479e-02,6.154395e-01,1.357819e-01,4.817352e-03,3.698403e-03
5.485924e-02,4.445777e-03,5.080950e-03,6.374413e-03,2.200978e-02,3.269579e-02,2.818684e-03,1.158181e-02,1.065620e-02,1.734955e-03,4.154000e-02,6.821106e-01,1.159233e-01,4.070389e-03,4.098113e-03
4.993530e-02,3.689165e-03,4.499114e-03,5.394936e-03,1.676517e-02,2.690748e-02,2.235440e-03,9.211130e-03,9.073004e-03,1.882444e-03,3.185849e-02,7.256530e-01,1.048122e-01,3.817352e-03,4.265709e-03
4.216123e-02,2.925396e-03,5.694686e-03,4.072512e-03,1.446011e-02,2.545809e-02,2.214275e-03,7.770294e-03,6.630911e-03,2.279315e-03,2.436113e-02,7.642006e-01,9.002818e-02,3.166419e-03,4.576849e-03
3.649820e-02,4.086188e-03,1.364230e-02,3.098900e-03,8.023226e-02,2.122755e-02,1.886855e-02,8.505174e-03,9.278988e-03,2.320039e-03,2.040437e-02,7.029003e-01,7.148871e-02,2.435812e-03,5.012673e-03
3.886256e-02,5.878334e-03,3.369438e-02,5.775210e-03,1.088078e-01,1.727929e-02,1.664035e-02,3.131584e-02,1.029635e-02,2.169520e-03,1.617350e-02,6.216304e-01,8.130381e-02,3.340485e-03,6.832171e-03
3.345972e-02,5.030976e-03,2.783004e-02,4.650252e-03,9.799799e-02,1.419373e-02,1.633939e-02,3.741150e-02,1.081655e-02,3.351347e-03,1.841258e-02,5.928739e-01,1.280261e-01,2.632904e-03,6.973114e-03
3.135597e-02,5.265269e-03,2.497457e-02,4.207856e-03,1.152470e-01,1.098626e-02,1.488615e-02,3.753668e-02,2.120038e-02,4.337691e-03,2.127096e-02,5.523534e-01,1.459752e-01,2.441229e-03,7.961297e-03
2.668135e-02,4.323858e-03,6.249451e-02,3.183368e-03,8.831151e-02,8.034892e-03,1.306999e-02,1.336402e-01,2.112506e-02,3.739192e-03,2.958668e-02,4.479134e-01,1.479084e-01,2.049548e-03,7.938078e-03
3.424126e-02,1.283193e-02,5.995110e-02,3.747386e-03,1.128510e-01,1.022976e-02,2.242269e-02,1.185413e-01,1.054170e-01,4.246136e-03,3.257071e-02,3.451298e-01,1.213738e-01,1.941420e-03,1.450461e-02
2.907148e-02,1.254885e-02,6.427848e-02,4.521497e-03,1.020611e-01,1.057090e-02,1.734365e-02,1.341638e-01,2.330671e-01,3.752348e-03,2.711901e-02,2.463857e-01,9.308592e-02,1.852070e-03,2.017816e-02
2.590746e-02,1.108982e-02,6.168730e-02,2.656454e-02,8.443400e-02,1.227944e-02,1.305191e-02,1.944461e-01,2.661813e-01,3.147759e-03,2.115518e-02,1.732773e-01,6.749984e-02,2.806365e-03,3.647170e-02
2.539774e-02,8.945937e-03,6.524234e-02,1.508548e-01,6.988952e-02,1.179459e-02,9.492322e-03,1.683229e-01,2.497433e-01,3.027708e-03,2.239468e-02,1.219309e-01,5.224472e-02,2.835584e-03,3.788290e-02
2.236980e-02,7.947423e-03,4.931112e-02,1.092724e-01,5.360385e-02,1.164317e-02,6.848357e-03,1.309309e-01,3.071452e-01,3.163958e-03,3.350417e-02,8.640593e-02,4.483676e-02,4.234577e-03,1.287824e-01
2.208548e-02,7.260365e-03,3.595144e-02,7.698776e-02,4.641514e-02,1.007822e-02,4.995873e-03,9.358494e-02,3.379328e-01,2.997722e-03,4.525292e-02,6.096714e-02,4.146207e-02,9.216694e-03,2.048114e-01
2.165034e-02,7.106222e-03,2.918841e-02,5.583213e-02,3.904709e-02,8.539151e-03,3.677378e-03,6.876719e-02,4.621356e-01,3.008440e-03,3.439694e-02,4.290400e-02,2.976675e-02,8.815954e-03,1.851644e-01
3.178298e-02,1.120082e-02,2.537492e-02,4.049763e-02,3.242841e-02,8.176984e-03,2.729723e-03,4.989276e-02,5.172870e-01,3.352344e-03,2.550345e-02,3.021166e-02,2.154199e-02,8.507386e-03,1.915119e-01
4.300078e-02,1.251029e-02,2.016816e-02,2.893252e-02,2.521050e-02,7.283420e-03,2.070015e-03,3.520342e-02,5.242275e-01,6.883336e-03,2.065482e-02,2.132052e-02,1.635469e-02,1.581676e-02,2.203632e-01
3.402771e-02,8.998604e-03,1.438549e-02,2.029416e-02,1.801962e-02,5.439555e-03,1.469615e-03,2.472848e-02,4.929144e-01,1.186440e-02,1.495721e-02,1.500241e-02,1.179536e-02,2.285696e-02,3.032460e-01
5.041245e-02,7.511665e-03,1.254473e-02,1.460106e-02,1.458687e-02,5.064324e-03,1.211329e-03,1.964455e-02,4.766114e-01,1.141545e-02,1.293744e-02,1.116945e-02,1.012542e-02,5.451303e-02,2.976509e-01
5.133500e-02,6.112518e-03,1.140365e-02,1.107825e-02,1.181030e-02,4.726017e-03,1.004301e-03,1.690365e-02,4.315766e-01,1.523098e-02,1.270451e-02,8.294263e-03,8.371324e-03,9.804751e-02,3.114012e-01
4.108411e-02,5.790451e-03,1.140811e-02,8.019887e-03,9.353051e-03,3.981241e-03,7.781704e-04,1.202850e-02,3.924494e-01,1.888555e-02,1.348539e-02,6.169895e-03,7.226003e-03,1.868380e-01,2.825023e-01
3.503940e-02,5.709409e-03,1.160577e-02,6.482393e-03,8.022653e-03,3.499516e-03,6.244769e-04,8.721713e-03,3.772094e-01,2.753796e-02,1.908999e-02,5.154234e-03,7.740467e-03,2.343262e-01,2.492364e-01
4.963889e-02,6.152092e-03,1.397331e-02,8.374128e-03,8.159837e-03,1.551809e-02,5.827289e-04,6.515319e-03,3.695382e-01,2.858510e-02,2.412830e-02,4.995077e-03,6.705864e-03,2.541456e-01,2.029875e-01
4.183545e-02,8.843400e-03,1.876904e-02,7.127501e-03,8.374953e-03,1.594224e-02,6.964881e-04,4.777316e-03,3.276010e-01,5.729492e-02,3.325269e-02,3.948933e-03,5.749190e-03,2.818485e-01,1.839385e-01
3.024717e-02,8.612269e-03,1.857066e-02,5.149028e-03,6.436917e-03,1.156958e-02,5.316968e-04,3.388676e-03,2.498087e-01,6.764702e-02,7.289917e-02,3.046777e-03,4.691849e-03,3.629275e-01,1.544731e-01
2.495115e-02,8.289018e-03,1.429191e-02,4.063333e-03,6.011804e-03,1.026048e-02,6.671839e-04,2.565074e-03,1.818940e-01,6.600802e-02,1.013458e-01,3.219827e-03,4.024339e-03,4.604394e-01,1.119687e-01
1.918986e-02,6.254319e-03,1.017461e-02,2.994490e-03,4.676538e-03,7.929252e-03,5.546440e-04,1.921945e-03,1.350260e-01,5.289180e-02,1.621152e-01,3.348681e-03,4.317251e-03,5.055579e-01,8.304757e-02
1.643619e-02,4.597208e-03,7.195575e-03,2.248571e-03,3.468411e-03,5.784822e-03,4.863741e-04,1.460024e-03,9.685177e-02,4.163218e-02,2.780809e-01,4.268722e-03,3.820516e-03,4.748375e-01,5.883131e-02
1.386289e-02,3.420790e-03,5.094509e-03,1.715411e-03,2.623420e-03,4.242572e-03,4.302112e-04,1.101787e-03,6.970923e-02,3.636204e-02,3.757904e-01,5.743178e-03,3.252496e-03,4.349217e-01,4.172941e-02
1.324232e-02,3.602304e-03,3.930925e-03,1.377348e-03,5.248051e-03,4.994325e-03,3.127579e-03,1.681183e-03,5.779618e-02,3.066411e-02,3.946617e-01,7.436980e-03,3.451266e-03,4.388427e-01,2.994305e-02
2.146361e-02,4.142894e-03,4.433573e-03,1.510381e-03,5.471959e-03,5.336058e-03,2.928066e-03,1.719079e-03,4.560008e-02,2.607048e-02,4.656668e-01,1.399407e-02,3.307959e-03,3.762109e-01,2.214413e-02
3.817084e-02,4.525736e-03,4.524391e-03,2.000758e-03,6.082012e-03,5.711867e-03,2.609488e-03,1.533839e-03,3.802050e-02,2.382072e-02,4.683804e-01,3.676829e-02,4.025441e-03,3.472360e-01,1.658976e-02
3.708236e-02,4.277864e-03,3.563319e-03,2.190131e-03,5.313650e-03,4.655461e-03,2.020763e-03,1.220291e-03,3.159516e-02,1.910991e-02,5.301064e-01,6.794877e-02,5.657118e-03,2.723430e-01,1.291585e-02
4.196962e-02,4.535363e-03,2.705046e-03,2.017923e-03,4.811287e-03,3.952016e-03,1.661697e-03,9.679061e-04,2.505239e-02,1.575136e-02,5.604316e-01,9.986354e-02,5.605397e-03,2.203446e-01,1.033030e-02
4.123322e-02,3.640007e-03,1.965885e-03,1.816536e-03,3.889262e-03,3.910681e-03,1.289243e-03,7.410247e-04,1.865129e-02,1.341165e-02,5.781859e-01,1.546922e-01,5.248013e-03,1.625579e-01,8.767198e-03
4.291521e-02,3.495706e-03,1.555805e-03,1.779068e-03,3.465694e-03,5.308917e-03,1.126780e-03,7.043772e-04,1.664840e-02,1.131897e-02,5.254610e-01,2.514919e-01,4.899464e-03,1.215541e-01,8.274685e-03
4.669948e-02,3.557394e-03,1.378285e-03,2.228405e-03,3.765348e-03,6.563075e-03,1.035719e-03,1.044151e-03,1.449517e-02,1.002161e-02,4.219015e-01,3.857725e-01,4.188234e-03,8.942291e-02,7.926241e-03
4.576782e-02,3.525108e-03,1.277450e-03,2.104292e-03,6.500601e-03,7.435289e-03,1.595255e-03,1.691586e-03,1.470968e-02,9.856714e-03,4.084545e-01,4.213530e-01,3.577013e-03,6.470650e-02,7.445225e-03
4.735674e-02,3.811578e-03,1.390022e-03,2.390672e-03,8.219100e-03,7.337639e-03,1.449483e-03,3.153199e-03,1.653930e-02,9.379165e-03,3.593538e-01,4.791670e-01,3.208894e-03,4.871322e-02,8.530148e-03
3.524400e-02,4.980904e-03,1.960893e-03,1.921701e-03,7.751891e-03,8.870978e-03,1.301913e-03,4.800787e-03,1.615471e-02,1.408208e-02,2.848261e-01,5.715964e-01,2.463291e-03,3.617901e-02,7.865403e-03
2.847925e-02,6.234288e-03,4.819149e-03,2.108192e-03,3.094646e-02,2.193159e-02,5.599685e-03,1.522275e-02,2.973370e-02,1.564018e-02,3.033800e-01,4.974749e-01,2.865034e-03,2.676552e-02,8.799430e-03
2.424059e-02,6.519328e-03,4.215961e-03,1.659742e-03,1.906460e-01,2.015837e-02,1.267120e-02,1.203102e-02,7.806177e-02,1.364077e-02,2.253015e-01,3.808340e-01,2.573143e-03,2.002109e-02,7.425554e-03
1.762929e-02,5.298772e-03,3.063086e-03,1.193446e-03,1.799709e-01,1.485543e-02,1.109463e-02,9.672981e-03,2.950789e-01,1.064082e-02,1.597156e-01,2.704144e-01,2.033566e-03,1.408524e-02,5.252958e-03
1.253763e-02,4.339157e-03,2.253217e-03,8.942948e-04,1.707478e-01,1.222875e-02,8.357133e-03,6.903856e-03,4.550922e-01,8.202386e-03,1.128258e-01,1.903373e-01,1.584101e-03,9.914705e-03,3.781707e-03
9.779118e-03,3.747937e-03,1.625124e-03,7.239990e-04,1.596955e-01,9.874150e-03,6.170863e-03,5.171898e-03,5.698528e-01,6.176105e-03,8.058260e-02,1.348710e-01,1.802864e-03,6.964586e-03,2.961446e-03
8.513504e-03,5.177489e-03,1.208493e-03,1.843590e-03,1.447882e-01,8.578210e-03,4.610806e-03,5.532491e-03,6.515470e-01,5.017399e-03,5.757233e-02,9.527348e-02,1.991099e-03,4.921536e-03,3.424461e-03
8.232466e-03,5.474509e-03,9.323878e-04,1.816745e-03,1.643301e-01,6.931810e-03,3.419963e-03,7.041487e-03,6.819803e-01,3.807766e-03,4.068745e-02,6.694088e-02,1.580319e-03,3.523497e-03,3.300377e-03
1.268203e-02,7.123412e-03,1.159127e-03,8.763243e-02,1.758731e-01,6.472597e-03,2.617905e-03,2.384912e-02,5.809805e-01,4.068621e-03,3.195960e-02,4.926435e-02,3.267847e-03,2.566705e-03,1.048263e-02
2.021563e-02,7.563954e-03,1.098778e-03,8.742839e-02,1.813998e-01,1.143670e-02,1.933357e-03,2.699628e-02,5.618107e-01,3.933165e-03,2.770595e-02,3.694036e-02,5.422958e-03,2.135566e-03,2.397833e-02
