1.000000e+00,0.000000e+00,0.000000e+00,0.000000e+00,0.000000e+00,0.000000e+00,0.000000e+00,0.000000e+00,0.000000e+00,0.000000e+00,0.000000e+00,0.000000e+00,0.000000e+00,0.000000e+00,0.000000e+00
1.000000e+00,0.000000e+00,0.000000e+00,0.000000e+00,0.000000e+00,0.000000e+00,0.000000e+00,0.000000e+00,0.000000e+00,0.000000e+00,0.000000e+00,0.000000e+00,0.000000e+00,0.000000e+00,0.000000e+00
1.000000e+00,0.000000e+00,0.000000e+00,0.000000e+00,0.000000e+00,0.000000e+00,0.000000e+00,0.000000e+00,0.000000e+00,0.000000e+00,0.000000e+00,0.000000e+00,0.000000e+00,0.000000e+00,0.000000e+00
1.000000e+00,0.000000e+00,0.000000e+00,0.000000e+00,0.000000e+00,0.000000e+00,0.000000e+00,0.000000e+00,0.000000e+00,0.000000e+00,0.000000e+00,0.000000e+00,0.000000e+00,0.000000e+00,0.000000e+00
1.000000e+00,0.000000e+00,0.000000e+00,0.000000e+00,0.000000e+00,0.000000e+00,0.000000e+00,0.000000e+00,0.000000e+00,0.000000e+00,0.000000e+00,0.000000e+00,0.000000e+00,0.000000e+00,0.000000e+00
1.000000e+00,0.000000e+00,0.000000e+00,0.000000e+00,0.000000e+00,0.000000e+00,0.000000e+00,0.000000e+00,0.000000e+00,0.000000e+00,0.000000e+00,0.000000e+00,0.000000e+00,0.000000e+00,0.000000e+00
1.000000e+00,0.000000e+00,0.000000e+00,0.000000e+00,0.000000e+00,0.000000e+00,0.000000e+00,0.000000e+00,0.000000e+00,0.000000e+00,0.000000e+00,0.000000e+00,0.000000e+00,0.000000e+00,0.000000e+00
1.000000e+00,0.000000e+00,0.000000e+00,0.000000e+00,0.000000e+00,0.000000e+00,0.000000e+00,0.000000e+00,0.000000e+00,0.000000e+00,0.000000e+00,0.000000e+00,0.000000e+00,0.000000e+00,0.000000e+00
1.000000e+00,0.000000e+00,0.000000e+00,0.000000e+00,0.000000e+00,0.000000e+00,0.000000e+00,0.000000e+00,0.000000e+00,0.000000e+00,0.000000e+00,0.000000e+00,0.000000e+00,0.000000e+00,0.000000e+00
1.000000e+00,0.000000e+00,0.000000e+00,0.000000e+00,0.000000e+00,0.000000e+00,0.000000e+00,0.000000e+00,0.000000e+00,0.000000e+00,0.000000e+00,0.000000e+00,0.000000e+00,0.000000e+00,0.000000e+00
1.000000e+00,0.000000e+00,0.000000e+00,0.000000e+00,0.000000e+00,0.000000e+00,0.000000e+00,0.000000e+00,0.000000e+00,0.000000e+00,0.000000e+00,0.000000e+00,0.000000e+00,0.000000e+00,0.000000e+00
1.000000e+00,0.000000e+00,0.000000e+00,0.000000e+00,0.000000e+00,0.000000e+00,0.000000e+00,0.000000e+00,0.000000e+00,0.000000e+00,0.000000e+00,0.000000e+00,0.000000e+00,0.000000e+00,0.000000e+00
1.000000e+00,0.000000e+00,0.000000e+00,0.000000e+00,0.000000e+00,0.000000e+00,0.000000e+00,0.000000e+00,0.000000e+00,0.000000e+00,0.000000e+00,0.000000e+00,0.000000e+00,0.000000e+00,0.000000e+00
3.839366e-01,5.018871e-02,1.276594e-01,2.524536e-01,2.790737e-02,1.454530e-02,5.553804e-03,2.472032e-02,1.126237e-02,3.758416e-03,9.984720e-03,3.098509e-02,1.899185e-02,3.806030e-03,3.424645e-02
4.447380e-01,4.986499e-02,1.177489e-01,1.979711e-01,2.571423e-02,1.648643e-02,5.438369e-03,2.010467e-02,1.042567e-02,4.274944e-03,9.558977e-03,3.131092e-02,2.224779e-02,4.851156e-03,3.926386e-02
4.132030e-01,5.040107e-02,1.280963e-01,1.972128e-01,2.377652e-02,1.887826e-02,6.703114e-03,1.992619e-02,8.901593e-03,3.704591e-03,1.052699e-02,4.722559e-02,3.027016e-02,4.330443e-03,3.684328e-02
4.518532e-01,4.418266e-02,1.027538e-01,1.755528e-01,2.062204e-02,2.226607e-02,6.949761e-03,1.870000e-02,8.087499e-03,3.182310e-03,1.203308e-02,5.843343e-02,3.785518e-02,4.012535e-03,3.351563e-02
4.671510e-01,4.823010e-02,1.096470e-01,1.608122e-01,2.170302e-02,2.200161e-02,6.599179e-03,1.959156e-02,7.630103e-03,2.740962e-03,1.217435e-02,5.144017e-02,3.326176e-02,4.150704e-03,3.286624e-02
1.000000e+00,0.000000e+00,0.000000e+00,0.000000e+00,0.000000e+00,0.000000e+00,0.000000e+00,0.000000e+00,0.000000e+00,0.000000e+00,0.000000e+00,0.000000e+00,0.000000e+00,0.000000e+00,0.000000e+00
1.000000e+00,0.000000e+00,0.000000e+00,0.000000e+00,0.000000e+00,0.000000e+00,0.000000e+00,0.000000e+00,0.000000e+00,0.000000e+00,0.000000e+00,0.000000e+00,0.000000e+00,0.000000e+00,0.000000e+00
1.000000e+00,0.000000e+00,0.000000e+00,0.000000e+00,0.000000e+00,0.000000e+00,0.000000e+00,0.000000e+00,0.000000e+00,0.000000e+00,0.000000e+00,0.000000e+00,0.000000e+00,0.000000e+00,0.000000e+00
1.000000e+00,0.000000e+00,0.000000e+00,0.000000e+00,0.000000e+00,0.000000e+00,0.000000e+00,0.000000e+00,0.000000e+00,0.000000e+00,0.000000e+00,0.000000e+00,0.000000e+00,0.000000e+00,0.000000e+00
4.823822e-01,4.488140e-02,5.885093e-02,2.525300e-01,1.640506e-02,1.814497e-02,5.866638e-03,1.674260e-02,1.079451e-02,2.140822e-03,8.748194e-03,3.275501e-02,2.597299e-02,2.795883e-03,2.098862e-02
4.965691e-01,3.921374e-02,6.939106e-02,2.424030e-01,1.325239e-02,1.744575e-02,5.044958e-03,1.398959e-02,1.109708e-02,2.211697e-03,9.079797e-03,2.855543e-02,2.386148e-02,2.969110e-03,2.491575e-02
4.328151e-01,3.348785e-02,1.414925e-01,2.516981e-01,1.029653e-02,1.524581e-02,3.814061e-03,1.207095e-02,9.812628e-03,2.207958e-03,1.005893e-02,2.852707e-02,2.089794e-02,2.790197e-03,2.478433e-02
1.000000e+00,0.000000e+00,0.000000e+00,0.000000e+00,0.000000e+00,0.000000e+00,0.000000e+00,0.000000e+00,0.000000e+00,0.000000e+00,0.000000e+00,0.000000e+00,0.000000e+00,0.000000e+00,0.000000e+00
1.000000e+00,0.000000e+00,0.000000e+00,0.000000e+00,0.000000e+00,0.000000e+00,0.000000e+00,0.000000e+00,0.000000e+00,0.000000e+00,0.000000e+00,0.000000e+00,0.000000e+00,0.000000e+00,0.000000e+00
1.000000e+00,0.000000e+00,0.000000e+00,0.000000e+00,0.000000e+00,0.000000e+00,0.000000e+00,0.000000e+00,0.000000e+00,0.000000e+00,0.000000e+00,0.000000e+00,0.000000e+00,0.000000e+00,0.000000e+00
1.000000e+00,0.000000e+00,0.000000e+00,0.000000e+00,0.000000e+00,0.000000e+00,0.000000e+00,0.000000e+00,0.000000e+00,0.000000e+00,0.000000e+00,0.000000e+00,0.000000e+00,0.000000e+00,0.000000e+00
1.000000e+00,0.000000e+00,0.000000e+00,0.000000e+00,0.000000e+00,0.000000e+00,0.000000e+00,0.000000e+00,0.000000e+00,0.000000e+00,0.000000e+00,0.000000e+00,0.000000e+00,0.000000e+00,0.000000e+00
1.000000e+00,0.000000e+00,0.000000e+00,0.000000e+00,0.000000e+00,0.000000e+00,0.000000e+00,0.000000e+00,0.000000e+00,0.000000e+00,0.000000e+00,0.000000e+00,0.000000e+00,0.000000e+00,0.000000e+00
1.000000e+00,0.000000e+00,0.000000e+00,0.000000e+00,0.000000e+00,0.000000e+00,0.000000e+00,0.000000e+00,0.000000e+00,0.000000e+00,0.000000e+00,0.000000e+00,0.000000e+00,0.000000e+00,0.000000e+00
1.000000e+00,0.000000e+00,0.000000e+00,0.000000e+00,0.000000e+00,0.000000e+00,0.000000e+00,0.000000e+00,0.000000e+00,0.000000e+00,0.000000e+00,0.000000e+00,0.000000e+00,0.000000e+00,0.000000e+00
1.000000e+00,0.000000e+00,0.000000e+00,0.000000e+00,0.000000e+00,0.000000e+00,0.000000e+00,0.000000e+00,0.000000e+00,0.000000e+00,0.000000e+00,0.000000e+00,0.000000e+00,0.000000e+00,0.000000e+00
1.000000e+00,0.000000e+00,0.000000e+00,0.000000e+00,0.000000e+00,0.000000e+00,0.000000e+00,0.000000e+00,0.000000e+00,0.000000e+00,0.000000e+00,0.000000e+00,0.000000e+00,0.000000e+00,0.000000e+00
1.000000e+00,0.000000e+00,0.000000e+00,0.000000e+00,0.000000e+00,0.000000e+00,0.000000e+00,0.000000e+00,0.000000e+00,0.000000e+00,0.000000e+00,0.000000e+00,0.000000e+00,0.000000e+00,0.000000e+00
1.000000e+00,0.000000e+00,0.000000e+00,0.000000e+00,0.000000e+00,0.000000e+00,0.000000e+00,0.000000e+00,0.000000e+00,0.000000e+00,0.000000e+00,0.000000e+00,0.000000e+00,0.000000e+00,0.000000e+00
1.000000e+00,0.000000e+00,0.000000e+00,0.000000e+00,0.000000e+00,0.000000e+00,0.000000e+00,0.000000e+00,0.000000e+00,0.000000e+00,0.000000e+00,0.000000e+00,0.000000e+00,0.000000e+00,0.000000e+00
1.000000e+00,0.000000e+00,0.000000e+00,0.000000e+00,0.000000e+00,0.000000e+00,0.000000e+00,0.000000e+00,0.000000e+00,0.000000e+00,0.000000e+00,0.000000e+00,0.000000e+00,0.000000e+00,0.000000e+00
1.000000e+00,0.000000e+00,0.000000e+00,0.000000e+00,0.000000e+00,0.000000e+00,0.000000e+00,0.000000e+00,0.000000e+00,0.000000e+00,0.000000e+00,0.000000e+00,0.000000e+00,0.000000e+00,0.000000e+00
1.000000e+00,0.000000e+00,0.000000e+00,0.000000e+00,0.000000e+00,0.000000e+00,0.000000e+00,0.000000e+00,0.000000e+00,0.000000e+00,0.000000e+00,0.000000e+00,0.000000e+00,0.000000e+00,0.000000e+00
1.000000e+00,0.000000e+00,0.000000e+00,0.000000e+00,0.000000e+00,0.000000e+00,0.000000e+00,0.000000e+00,0.000000e+00,0.000000e+00,0.000000e+00,0.000000e+00,0.000000e+00,0.000000e+00,0.000000e+00
1.000000e+00,0.000000e+00,0.000000e+00,0.000000e+00,0.000000e+00,0.000000e+00,0.000000e+00,0.000000e+00,0.000000e+00,0.000000e+00,0.000000e+00,0.000000e+00,0.000000e+00,0.000000e+00,0.000000e+00
1.000000e+00,0.000000e+00,0.000000e+00,0.000000e+00,0.000000e+00,0.000000e+00,0.000000e+00,0.000000e+00,0.000000e+00,0.000000e+00,0.000000e+00,0.000000e+00,0.000000e+00,0.000000e+00,0.000000e+00
1.000000e+00,0.000000e+00,0.000000e+00,0.000000e+00,0.000000e+00,0.000000e+00,0.000000e+00,0.000000e+00,0.000000e+00,0.000000e+00,0.000000e+00,0.000000e+00,0.000000e+00,0.000000e+00,0.000000e+00
3.786774e-01,6.903163e-03,3.082757e-02,2.462947e-02,3.502922e-03,9.854507e-03,6.648527e-03,5.097641e-01,1.328356e-03,1.099247e-03,3.453477e-03,7.783665e-03,6.806985e-03,2.703888e-03,6.016822e-03
2.992502e-01,5.302735e-03,2.934033e-02,2.062151e-02,3.186167e-03,8.105721e-03,8.489298e-03,6.020533e-01,1.068537e-03,1.086528e-03,2.667401e-03,6.054631e-03,5.630703e-03,2.412113e-03,4.730933e-03
2.253908e-01,3.917883e-03,2.524327e-02,1.565193e-02,2.916405e-03,6.311701e-03,8.748204e-03,6.932711e-01,8.473059e-04,1.026926e-03,2.004593e-03,4.673601e-03,4.458440e-03,1.917364e-03,3.620563e-03
1.931284e-01,3.029571e-03,2.305028e-02,1.204672e-02,3.241282e-03,5.452248e-03,9.268717e-03,7.337162e-01,8.039534e-04,1.573098e-03,1.604905e-03,4.194055e-03,4.081644e-03,1.499430e-03,3.309545e-03
1.757882e-01,2.270376e-03,1.952231e-02,9.056342e-03,3.752864e-03,4.595193e-03,7.919374e-03,7.618414e-01,6.359973e-04,1.543710e-03,1.348165e-03,4.068719e-03,3.786989e-03,1.120667e-03,2.749741e-03
2.086414e-01,1.882844e-03,1.491858e-02,6.795121e-03,5.788056e-03,5.536288e-03,7.407192e-03,7.287317e-01,6.138984e-04,1.458093e-03,1.470822e-03,8.023086e-03,4.537583e-03,9.383872e-04,3.256990e-03
2.555132e-01,1.618849e-03,1.155927e-02,5.368278e-03,7.701934e-03,7.000368e-03,6.646770e-03,6.766306e-01,6.827544e-04,1.475968e-03,1.912142e-03,1.310119e-02,5.296451e-03,9.401344e-04,4.552034e-03
2.311334e-01,1.351201e-03,8.786784e-03,4.083822e-03,8.872513e-03,6.300738e-03,5.664980e-03,7.081585e-01,6.610655e-04,1.268180e-03,1.701401e-03,1.204638e-02,5.091594e-03,8.020499e-04,4.077403e-03
2.221728e-01,1.145803e-03,7.248414e-03,3.223148e-03,9.579637e-03,6.436829e-03,5.410418e-03,7.181886e-01,6.260416e-04,1.218064e-03,1.689838e-03,1.272112e-02,5.375039e-03,7.465034e-04,4.217729e-03
2.182821e-01,1.026250e-03,6.656270e-03,2.656544e-03,1.032726e-02,6.662851e-03,5.104144e-03,7.230100e-01,7.113076e-04,1.260149e-03,1.801844e-03,1.195899e-02,5.003673e-03,7.754595e-04,4.763192e-03
2.127440e-01,9.393852e-04,6.425024e-03,2.295966e-03,9.005061e-03,7.263818e-03,6.126257e-03,7.298923e-01,6.887182e-04,1.134919e-03,1.662470e-03,1.194081e-02,4.666494e-03,7.212599e-04,4.493599e-03
1.904240e-01,8.546237e-04,6.074577e-03,1.958722e-03,8.242191e-03,7.063107e-03,6.137487e-03,7.564189e-01,6.438976e-04,1.072524e-03,1.515514e-03,1.062011e-02,4.162042e-03,6.669511e-04,4.145339e-03
1.890830e-01,1.004068e-03,5.546771e-03,2.301973e-03,8.298272e-03,8.422254e-03,5.811852e-03,7.533002e-01,9.012254e-04,1.031934e-03,1.629760e-03,1.298999e-02,4.532635e-03,7.065517e-04,4.439590e-03
1.940760e-01,1.067852e-03,5.274756e-03,2.438059e-03,9.022678e-03,9.247598e-03,5.887214e-03,7.423265e-01,1.115367e-03,1.048025e-03,1.747198e-03,1.612565e-02,5.166079e-03,7.567562e-04,4.700243e-03
2.134834e-01,1.211056e-03,4.889197e-03,2.340046e-03,1.003085e-02,8.618234e-03,5.328786e-03,7.204993e-01,1.116050e-03,1.101170e-03,1.933232e-03,1.712631e-02,6.015963e-03,9.148027e-04,5.391630e-03
2.403329e-01,2.008349e-03,4.575741e-03,3.217007e-03,1.021416e-02,7.884759e-03,4.298432e-03,6.902055e-01,1.324773e-03,1.381576e-03,2.476514e-03,1.748779e-02,6.834398e-03,1.092480e-03,6.665695e-03
2.214525e-01,2.692079e-03,3.985589e-03,6.885838e-03,1.401356e-02,7.844646e-03,3.641444e-03,6.659095e-01,2.602146e-03,1.570009e-03,4.094661e-03,3.355033e-02,2.290176e-02,1.437990e-03,7.417832e-03
2.122209e-01,2.714582e-03,3.001098e-03,8.131179e-03,1.635852e-02,7.036088e-03,3.381046e-03,5.986357e-01,6.374660e-03,1.540865e-03,1.007665e-02,6.452336e-02,5.467668e-02,4.727620e-03,6.601000e-03
2.104017e-01,3.198424e-03,2.675379e-03,9.192346e-03,1.612929e-02,8.393698e-03,3.345749e-03,6.038156e-01,7.606687e-03,1.271334e-03,1.202681e-02,6.144243e-02,4.954027e-02,5.025206e-03,5.935089e-03
2.339882e-01,5.459707e-03,2.757965e-03,1.737450e-02,1.560458e-02,9.008164e-03,2.845725e-03,4.884230e-01,1.643727e-02,1.652796e-03,2.289381e-02,7.891929e-02,8.842960e-02,8.508362e-03,7.697082e-03
1.749007e-01,5.176831e-03,2.308103e-03,2.978683e-02,1.302096e-02,8.037764e-03,2.331881e-03,3.558662e-01,5.262089e-02,5.618852e-03,4.851312e-02,1.109877e-01,1.582751e-01,1.533017e-02,1.722498e-02
1.259424e-01,4.830156e-03,1.791736e-03,2.627075e-02,9.898719e-03,6.177678e-03,1.840038e-03,2.509521e-01,6.605258e-02,7.524344e-03,6.408866e-02,2.111662e-01,1.895282e-01,1.507995e-02,1.885637e-02
1.083264e-01,4.851299e-03,1.486332e-03,3.984585e-02,8.929248e-03,5.715033e-03,1.653581e-03,1.834285e-01,1.417890e-01,1.002148e-02,7.470611e-02,1.795624e-01,1.970623e-01,2.116184e-02,2.146057e-02
9.526853e-02,4.141965e-03,1.236375e-03,4.263507e-02,1.185061e-02,6.116718e-03,1.737606e-03,1.319389e-01,1.272131e-01,9.218480e-03,1.009550e-01,2.095059e-01,2.187424e-01,2.133160e-02,1.810765e-02
7.111534e-02,3.254704e-03,1.010785e-03,3.682979e-02,1.151610e-02,5.484115e-03,1.386572e-03,9.431940e-02,1.296115e-01,7.639435e-03,9.004486e-02,1.589247e-01,3.471383e-01,2.692465e-02,1.479975e-02
5.176140e-02,2.431445e-03,9.345160e-04,2.864091e-02,1.983406e-02,4.334049e-03,1.320913e-03,6.665660e-02,1.230535e-01,5.987325e-03,9.733278e-02,1.193745e-01,4.360589e-01,2.596488e-02,1.631426e-02
3.995263e-02,1.774991e-03,7.934048e-04,2.090295e-02,1.861571e-02,3.479189e-03,1.291990e-03,4.719622e-02,1.358779e-01,5.552102e-03,1.006298e-01,9.524146e-02,4.833594e-01,2.533481e-02,1.999746e-02
3.890219e-02,1.453916e-03,8.761669e-04,1.672108e-02,1.865359e-02,4.179277e-03,1.278314e-03,3.464836e-02,1.190416e-01,5.698112e-03,8.845519e-02,7.846267e-02,5.412753e-01,3.053768e-02,1.981663e-02
2.850581e-02,1.104719e-03,8.138113e-04,1.250619e-02,1.471206e-02,3.402040e-03,9.907956e-04,2.684892e-02,9.020155e-02,5.007714e-03,1.058062e-01,7.612152e-02,5.892421e-01,2.939336e-02,1.534322e-02
2.091328e-02,8.558271e-04,9.051032e-04,1.021149e-02,1.272593e-02,2.745815e-03,9.293626e-04,3.787460e-02,7.141849e-02,4.366043e-03,1.275655e-01,9.082427e-02,5.801698e-01,2.611170e-02,1.238290e-02
1.904444e-02,8.508795e-04,1.633187e-03,1.625938e-02,1.656440e-02,2.278647e-03,8.360005e-04,4.461789e-02,6.118280e-02,4.284526e-03,1.307208e-01,7.508588e-02,5.819180e-01,2.402928e-02,2.069394e-02
4.091355e-02,1.382013e-03,6.265074e-03,7.063961e-02,2.290822e-02,2.493402e-03,1.286662e-03,6.373282e-02,5.956678e-02,5.146869e-03,1.303958e-01,5.734063e-02,4.930435e-01,2.461036e-02,2.027473e-02
5.359297e-02,2.139071e-03,9.959592e-03,8.817612e-02,3.032207e-02,2.714597e-03,1.296303e-03,8.585316e-02,5.966673e-02,6.002708e-03,1.460173e-01,4.996159e-02,4.271739e-01,2.125822e-02,1.586572e-02
4.345065e-02,2.220008e-03,8.928917e-03,7.280395e-02,2.530957e-02,2.912171e-03,1.138016e-03,7.271972e-02,5.380027e-02,5.736280e-03,1.605677e-01,6.567032e-02,4.506388e-01,2.078379e-02,1.331995e-02
3.349657e-02,2.220626e-03,1.314325e-02,5.883634e-02,3.514199e-02,2.477329e-03,8.581521e-04,5.475144e-02,5.294706e-02,4.845312e-03,2.047437e-01,7.069805e-02,4.398414e-01,1.576406e-02,1.023465e-02
2.704090e-02,2.265437e-03,1.828577e-02,5.282082e-02,5.927582e-02,1.963831e-03,7.310682e-04,5.276897e-02,5.639486e-02,5.137332e-03,1.947521e-01,6.093549e-02,4.455459e-01,1.358771e-02,8.493955e-03
2.733375e-02,3.236305e-03,3.974024e-02,4.140952e-02,1.355271e-01,2.075976e-03,8.341632e-04,4.628097e-02,1.204670e-01,4.549774e-03,1.633058e-01,4.955755e-02,3.485972e-01,1.063521e-02,6.449508e-03
2.801549e-02,1.348833e-02,6.707729e-02,3.265329e-02,1.161462e-01,1.829580e-03,6.499310e-04,4.228073e-02,2.797328e-01,3.622733e-03,1.199879e-01,3.589953e-02,2.462166e-01,7.770618e-03,4.628868e-03
2.634420e-02,1.241030e-02,1.052125e-01,3.535115e-02,1.003632e-01,1.532677e-03,7.177556e-04,1.425060e-01,2.672943e-01,3.661363e-03,9.469879e-02,2.585880e-02,1.751059e-01,5.627748e-03,3.315382e-03
3.291569e-02,1.280689e-02,1.142165e-01,4.776121e-02,9.254529e-02,1.876798e-03,1.554977e-03,2.306153e-01,2.402062e-01,3.321884e-03,7.382604e-02,1.840478e-02,1.233241e-01,4.122340e-03,2.502032e-03
8.293956e-02,3.490967e-02,9.861294e-02,5.842435e-02,1.072941e-01,2.544264e-03,1.577872e-03,1.960438e-01,2.426631e-01,5.888166e-03,6.328513e-02,1.335960e-02,8.679898e-02,3.280502e-03,2.377943e-03
1.227123e-01,3.583254e-02,7.632823e-02,6.156090e-02,1.240088e-01,4.320788e-03,1.620090e-03,2.025575e-01,2.237587e-01,8.999342e-03,6.117592e-02,1.029232e-02,6.169803e-02,2.971944e-03,2.162604e-03
1.661845e-01,3.956916e-02,5.770896e-02,5.939423e-02,1.321962e-01,5.255367e-03,1.492647e-03,1.855935e-01,2.170250e-01,9.377581e-03,6.383522e-02,1.000144e-02,4.600570e-02,3.421931e-03,2.938536e-03
1.897582e-01,3.799602e-02,4.363390e-02,5.674226e-02,1.301845e-01,5.326488e-03,1.349338e-03,1.741227e-01,2.152595e-01,1.150264e-02,8.371998e-02,9.233381e-03,3.396509e-02,4.240232e-03,2.965893e-03
2.133774e-01,4.250135e-02,3.771157e-02,5.576446e-02,1.212344e-01,6.404770e-03,2.231244e-03,1.491596e-01,2.339251e-01,1.663674e-02,6.813836e-02,1.498627e-02,2.884183e-02,4.542205e-03,4.544635e-03
3.069617e-01,3.915159e-02,2.881501e-02,4.242216e-02,1.196633e-01,7.208268e-03,3.007316e-03,1.094396e-01,2.218848e-01,1.779845e-02,5.103940e-02,1.861075e-02,2.214036e-02,4.639802e-03,7.217589e-03
3.942977e-01,3.486020e-02,2.269811e-02,3.445377e-02,1.067107e-01,9.072399e-03,4.336767e-03,8.167005e-02,1.975219e-01,1.618149e-02,3.937734e-02,2.392193e-02,1.811457e-02,5.697277e-03,1.108592e-02
4.887924e-01,2.897377e-02,1.811184e-02,2.835710e-02,8.794543e-02,9.373486e-03,4.313940e-03,6.390853e-02,1.575062e-01,1.971556e-02,3.103836e-02,2.408038e-02,1.481729e-02,7.090343e-03,1.597534e-02
1.000000e+00,0.000000e+00,0.000000e+00,0.000000e+00,0.000000e+00,0.000000e+00,0.000000e+00,0.000000e+00,0.000000e+00,0.000000e+00,0.000000e+00,0.000000e+00,0.000000e+00,0.000000e+00,0.000000e+00
3.996595e-01,1.703570e-02,1.193953e-02,2.124263e-02,4.728106e-02,7.599790e-02,4.047944e-03,3.456772e-02,8.671398e-02,1.370727e-02,5.121620e-02,2.070922e-01,9.912206e-03,4.868129e-03,1.471810e-02
3.530851e-01,1.470207e-02,1.538984e-02,2.168916e-02,3.391685e-02,1.470164e-01,5.510805e-03,2.573944e-02,6.293335e-02,1.375589e-02,4.367614e-02,2.357246e-01,8.790659e-03,4.473581e-03,1.359623e-02
3.080455e-01,1.351421e-02,1.684373e-02,1.986329e-02,2.485873e-02,1.849475e-01,5.938748e-03,1.885813e-02,4.623194e-02,1.116567e-02,3.701412e-02,2.866322e-01,8.140040e-03,4.530618e-03,1.341566e-02
2.972292e-01,1.289296e-02,1.544074e-02,1.887358e-02,1.916811e-02,1.724786e-01,5.263767e-03,1.394378e-02,3.431766e-02,8.626187e-03,3.087270e-02,3.425946e-01,7.467947e-03,5.361754e-03,1.546844e-02
2.607191e-01,1.205774e-02,1.391814e-02,2.050821e-02,1.567050e-02,1.668637e-01,4.500611e-03,1.039620e-02,2.565493e-02,6.948388e-03,2.773109e-02,4.059050e-01,7.284092e-03,6.324826e-03,1.551747e-02
2.235397e-01,1.074327e-02,1.129524e-02,2.112744e-02,1.314298e-02,1.376043e-01,3.479935e-03,7.762109e-03,1.944297e-02,5.678314e-03,3.161344e-02,4.864825e-01,5.906038e-03,6.096223e-03,1.608552e-02
2.060370e-01,8.990886e-03,8.666838e-03,1.770115e-02,1.250359e-02,1.040062e-01,2.611766e-03,5.852188e-03,1.477510e-02,4.323756e-03,3.210587e-02,5.578514e-01,4.439607e-03,6.867930e-03,1.326669e-02
1.929806e-01,7.918827e-03,6.765312e-03,1.575659e-02,1.254746e-02,7.768547e-02,1.978540e-03,4.465722e-03,1.156885e-02,3.262393e-03,3.216220e-02,6.107504e-01,3.377810e-03,7.894777e-03,1.088499e-02
1.695759e-01,7.125896e-03,5.594700e-03,1.304139e-02,1.301197e-02,5.754103e-02,1.501168e-03,3.556886e-03,8.465594e-03,2.439326e-03,3.456281e-02,6.638924e-01,2.543312e-03,8.535764e-03,8.611805e-03
1.334507e-01,5.804116e-03,4.266642e-03,1.003253e-02,1.292444e-02,4.152342e-02,1.104417e-03,2.656288e-03,6.381154e-03,1.834453e-03,3.189099e-02,7.314513e-01,1.971160e-03,8.243725e-03,6.464608e-03
9.989134e-02,6.082294e-03,3.415280e-03,7.574508e-03,1.931534e-02,3.030314e-02,8.710529e-04,2.042389e-03,4.983373e-03,1.643900e-03,3.848073e-02,7.686793e-01,1.611645e-03,9.590464e-03,5.515222e-03
7.180128e-02,4.696636e-03,2.565997e-03,5.513582e-03,2.832058e-02,2.341884e-02,8.389521e-04,1.843630e-03,3.974821e-03,1.378122e-03,5.309404e-02,7.879443e-01,1.542415e-03,9.027828e-03,4.038984e-03
5.428392e-02,4.089830e-03,2.253446e-03,4.232401e-03,3.689940e-02,1.912965e-02,8.138921e-04,2.560072e-03,3.259255e-03,1.246679e-03,7.502325e-02,7.836385e-01,1.625657e-03,7.878677e-03,3.065321e-03
4.072181e-02,3.173782e-03,1.669417e-03,3.034007e-03,2.825637e-02,1.558158e-02,6.838713e-04,2.095186e-03,2.512140e-03,9.963950e-04,1.009855e-01,7.896883e-01,1.579453e-03,6.764794e-03,2.257357e-03
3.249940e-02,3.241651e-03,1.400891e-03,2.298843e-03,2.738585e-02,1.209396e-02,6.091116e-04,1.762690e-03,2.176422e-03,8.013124e-04,1.038220e-01,8.031840e-01,1.316942e-03,5.669696e-03,1.737201e-03
2.752576e-02,3.165947e-03,1.285428e-03,1.770713e-03,2.639611e-02,1.014061e-02,6.047528e-04,1.801830e-03,1.808682e-03,6.609606e-04,1.141163e-01,8.032171e-01,1.111438e-03,5.035495e-03,1.358925e-03
2.363108e-02,2.953791e-03,1.074383e-03,1.320889e-03,2.240665e-02,8.642117e-03,6.179941e-04,1.548395e-03,1.420905e-03,5.669552e-04,1.349900e-01,7.933947e-01,1.052083e-03,5.331132e-03,1.048924e-03
1.955713e-02,2.627383e-03,9.346057e-04,1.026678e-03,1.838466e-02,7.427516e-03,5.647654e-04,1.376091e-03,1.079125e-03,4.758827e-04,1.266418e-01,8.133059e-01,9.426893e-04,4.856683e-03,7.991283e-04
1.992597e-02,2.627456e-03,1.340113e-03,1.174484e-03,1.751728e-02,6.604231e-03,5.650755e-04,2.208993e-03,1.027885e-03,5.321644e-04,1.359526e-01,8.036039e-01,9.189314e-04,5.332126e-03,6.687326e-04
2.688136e-02,3.008746e-03,1.833609e-03,1.265251e-03,1.791539e-02,5.899179e-03,5.452862e-04,2.778606e-03,9.824954e-04,6.237007e-04,1.395923e-01,7.904221e-01,9.196975e-04,6.727249e-03,6.049381e-04
2.496411e-02,3.113107e-03,2.060960e-03,1.331193e-03,1.708052e-02,6.058441e-03,8.505230e-04,2.606663e-03,8.701103e-04,6.161765e-04,1.409563e-01,7.918617e-01,9.307250e-04,6.175060e-03,5.243591e-04
2.205462e-02,2.851103e-03,1.916353e-03,1.220988e-03,1.532774e-02,6.172671e-03,1.312201e-03,2.515862e-03,7.163422e-04,5.640768e-04,1.230838e-01,8.159161e-01,8.055572e-04,5.124881e-03,4.176003e-04
2.253480e-02,2.764913e-03,1.933339e-03,1.201618e-03,1.259873e-02,5.618718e-03,1.483273e-03,2.422033e-03,5.866620e-04,5.740598e-04,1.158441e-01,8.270166e-01,7.649140e-04,4.312546e-03,3.436610e-04
3.305259e-02,4.410557e-03,3.371280e-03,1.882994e-03,1.260436e-02,7.385307e-03,1.802380e-03,2.762883e-03,5.569423e-04,7.114258e-04,1.214950e-01,8.046415e-01,7.430321e-04,4.170637e-03,4.090948e-04
4.058021e-02,6.052982e-03,5.470242e-03,3.178247e-03,1.276843e-02,7.905101e-03,1.945674e-03,3.552942e-03,6.398864e-04,8.593550e-04,1.513700e-01,7.602422e-01,7.036510e-04,4.239035e-03,4.920576e-04
5.762450e-02,7.391258e-03,5.696513e-03,4.326531e-03,1.371100e-02,8.981468e-03,1.898593e-03,3.848022e-03,6.676049e-04,8.981268e-04,1.689002e-01,7.200162e-01,6.908298e-04,4.766935e-03,5.822423e-04
5.662689e-02,9.232253e-03,6.624458e-03,3.723984e-03,1.632469e-02,9.222323e-03,1.857602e-03,3.587144e-03,8.157389e-04,1.158011e-03,1.796977e-01,7.041665e-01,7.240217e-04,5.403462e-03,8.350930e-04
5.706027e-02,9.949056e-03,6.338479e-03,3.421114e-03,2.081474e-02,1.127508e-02,1.738021e-03,4.098216e-03,8.455560e-04,1.149784e-03,1.860924e-01,6.903752e-01,7.311406e-04,5.296648e-03,8.142258e-04
5.782457e-02,1.151806e-02,5.636835e-03,2.801147e-03,3.591086e-02,1.019734e-02,2.513439e-03,4.016982e-03,1.004589e-03,2.597489e-03,2.271339e-01,6.315376e-01,6.620995e-04,5.389842e-03,1.255136e-03
5.366623e-02,1.102132e-02,4.641579e-03,2.254813e-03,3.965911e-02,9.331634e-03,3.434967e-03,3.903088e-03,1.090650e-03,3.827803e-03,2.687331e-01,5.913336e-01,5.867703e-04,5.199132e-03,1.316167e-03
4.750322e-02,1.068973e-02,3.877912e-03,1.816819e-03,5.649117e-02,9.739422e-03,5.853795e-03,4.470933e-03,1.386030e-03,4.887406e-03,3.043440e-01,5.411701e-01,5.941893e-04,5.918553e-03,1.256652e-03
4.290807e-02,9.032941e-03,4.577981e-03,1.739235e-03,6.037541e-02,1.112421e-02,9.380762e-03,8.093648e-03,1.856124e-03,5.738435e-03,4.176100e-01,4.197452e-01,8.856482e-04,5.698167e-03,1.234043e-03
3.862775e-02,8.828380e-03,5.943132e-03,1.766901e-03,8.721602e-02,1.174039e-02,1.237840e-02,1.071315e-02,2.747487e-03,8.102383e-03,4.722441e-01,3.301020e-01,1.496417e-03,6.528613e-03,1.564825e-03
3.527379e-02,8.438993e-03,8.037143e-03,1.633490e-03,8.705028e-02,1.200689e-02,1.124423e-02,9.190756e-03,3.747089e-03,8.557945e-03,5.633097e-01,2.417354e-01,2.024484e-03,5.490784e-03,2.259083e-03
3.187918e-02,1.130207e-02,1.324236e-02,1.668313e-03,8.409332e-02,1.062624e-02,8.904203e-03,7.945213e-03,4.678121e-03,9.763858e-03,6.234243e-01,1.799153e-01,2.189772e-03,5.622671e-03,4.745150e-03
2.547764e-02,9.645762e-03,1.522619e-02,1.414943e-03,7.280363e-02,8.376271e-03,7.028405e-03,8.835337e-03,5.956135e-03,8.879137e-03,6.951371e-01,1.305059e-01,1.879404e-03,4.778720e-03,4.055307e-03
2.566632e-02,9.868095e-03,1.625370e-02,1.629592e-03,6.652066e-02,6.666940e-03,5.155247e-03,1.919093e-02,7.790742e-03,9.004640e-03,7.244292e-01,9.646136e-02,1.520999e-03,6.008704e-03,3.832845e-03
3.343047e-02,1.757106e-02,1.827277e-02,1.885762e-03,7.099070e-02,6.127634e-03,3.742245e-03,5.106326e-02,1.226148e-02,9.141004e-03,6.878208e-01,7.375903e-02,1.331647e-03,7.500302e-03,5.101802e-03
4.206219e-02,3.246875e-02,2.280908e-02,2.392575e-03,7.255678e-02,6.370019e-03,2.819803e-03,8.242433e-02,6.056445e-02,1.110721e-02,5.873691e-01,5.648272e-02,1.606259e-03,1.144391e-02,7.522813e-03
5.938466e-02,4.263365e-02,2.178679e-02,2.823500e-03,7.327352e-02,9.006312e-03,2.204778e-03,1.002566e-01,9.208152e-02,1.444899e-02,5.074103e-01,4.570972e-02,3.917628e-03,1.465444e-02,1.040755e-02
1.008774e-01,4.163149e-02,1.902360e-02,4.390466e-03,9.004228e-02,1.226556e-02,2.178178e-03,1.064753e-01,1.143653e-01,1.447950e-02,4.063014e-01,4.387134e-02,7.974435e-03,1.503666e-02,2.108712e-02
1.932560e-01,3.832798e-02,1.550666e-02,6.514881e-03,8.805570e-02,1.422496e-02,2.480978e-03,9.957035e-02,1.278027e-01,1.328389e-02,2.975613e-01,4.904785e-02,1.117923e-02,1.296677e-02,3.022076e-02
2.112107e-01,3.637333e-02,1.238308e-02,1.304158e-02,8.394019e-02,1.616678e-02,2.195295e-03,7.238336e-02,1.145809e-01,1.264876e-02,2.120883e-01,8.244717e-02,1.958390e-02,1.776704e-02,9.318971e-02
2.515337e-01,3.034315e-02,1.331550e-02,2.612793e-02,6.260091e-02,1.920082e-02,3.248600e-03,5.321240e-02,9.553916e-02,1.396261e-02,1.560425e-01,1.172550e-01,3.327993e-02,2.669242e-02,9.764536e-02
2.762599e-01,2.405122e-02,1.164629e-02,3.329903e-02,4.967699e-02,2.166175e-02,4.709133e-03,4.067549e-02,7.580929e-02,1.146258e-02,1.242601e-01,1.517151e-01,6.578334e-02,2.905251e-02,7.993738e-02
3.440283e-01,1.862307e-02,9.406583e-03,2.967409e-02,3.768600e-02,2.292683e-02,5.329010e-03,3.035399e-02,5.975472e-02,9.876950e-03,1.044568e-01,1.628380e-01,7.337386e-02,2.912082e-02,6.255105e-02
3.590878e-01,1.492794e-02,7.849108e-03,2.866534e-02,3.370438e-02,4.160269e-02,5.780857e-03,2.532862e-02,5.290425e-02,9.523798e-03,8.430532e-02,1.801735e-01,7.750550e-02,2.727144e-02,5.136950e-02
3.102183e-01,1.268080e-02,7.148905e-03,2.592225e-02,3.108730e-02,5.492590e-02,6.413642e-03,2.593469e-02,5.086482e-02,1.130171e-02,6.967114e-02,2.440792e-01,8.147815e-02,2.800985e-02,4.026336e-02
2.489890e-01,1.036163e-02,5.611019e-03,2.067362e-02,2.622788e-02,5.107657e-02,6.250727e-03,2.232423e-02,4.597385e-02,1.697716e-02,5.844104e-02,3.203149e-01,7.993963e-02,5.071611e-02,3.612264e-02
1.956682e-01,9.198402e-03,4.581859e-03,1.704626e-02,2.449882e-02,6.466404e-02,6.536867e-03,1.955150e-02,4.669284e-02,1.776548e-02,4.852583e-02,3.786722e-01,7.684296e-02,5.836070e-02,3.139412e-02
1.604153e-01,7.649644e-03,4.022958e-03,1.353669e-02,1.975164e-02,7.276344e-02,5.229996e-03,1.436310e-02,3.812421e-02,2.217603e-02,5.700143e-02,3.508894e-01,6.412103e-02,1.325596e-01,3.739550e-02
1.220368e-01,7.662772e-03,3.719382e-03,1.010570e-02,1.595126e-02,5.478577e-02,3.987287e-03,1.045686e-02,3.500544e-02,7.617419e-02,5.705857e-02,2.879210e-01,5.141631e-02,2.278899e-01,3.582886e-02
1.003325e-01,6.132925e-03,3.453234e-03,7.397766e-03,1.197176e-02,4.033083e-02,3.211421e-03,7.734575e-03,2.762310e-02,1.195685e-01,6.940654e-02,2.504871e-01,3.889033e-02,2.850699e-01,2.838951e-02
9.785946e-02,5.624831e-03,3.035245e-03,5.542524e-03,9.504767e-03,3.020904e-02,2.508890e-03,5.862997e-03,2.388299e-02,1.533615e-01,8.480832e-02,2.599526e-01,3.035617e-02,2.652696e-01,2.222101e-02
9.116474e-02,7.191149e-03,4.350734e-03,4.094876e-03,9.653335e-03,2.593813e-02,2.023756e-03,4.943050e-03,2.703052e-02,2.224929e-01,8.678995e-02,2.250671e-01,2.392781e-02,2.485179e-01,1.681402e-02
1.062751e-01,1.434875e-02,7.971196e-03,6.239938e-03,1.341853e-02,2.366544e-02,2.440792e-03,8.527337e-03,4.067953e-02,2.047075e-01,7.063742e-02,2.637325e-01,2.252858e-02,1.957190e-01,1.910840e-02
1.750615e-01,1.290481e-02,9.209829e-03,8.884862e-03,1.335909e-02,2.290414e-02,2.671888e-03,8.748592e-03,3.616108e-02,1.705469e-01,6.286634e-02,2.848692e-01,2.195300e-02,1.489499e-01,2.090889e-02
2.170666e-01,1.098747e-02,8.337541e-03,1.034015e-02,1.124760e-02,2.184862e-02,2.283410e-03,7.116242e-03,3.275375e-02,1.486779e-01,5.941057e-02,3.133703e-01,2.049650e-02,1.155208e-01,2.054262e-02
2.158374e-01,1.351297e-02,7.012755e-03,9.374444e-03,1.197255e-02,1.805361e-02,1.848248e-03,5.584791e-03,3.495988e-02,1.946239e-01,6.308985e-02,2.883930e-01,1.631706e-02,1.006228e-01,1.879664e-02
2.564397e-01,1.390687e-02,6.147173e-03,9.677947e-03,1.363182e-02,1.598847e-02,1.852387e-03,4.945059e-03,3.391399e-02,1.861999e-01,6.267604e-02,2.794587e-01,1.342091e-02,8.368950e-02,1.805146e-02
3.131794e-01,1.597426e-02,5.664858e-03,2.356593e-02,1.354754e-02,1.735775e-02,2.436947e-03,5.826896e-03,3.939798e-02,1.515978e-01,5.532755e-02,2.548332e-01,1.205530e-02,6.228627e-02,2.694833e-02
2.607208e-01,1.337162e-02,4.703123e-03,2.498187e-02,1.488426e-02,1.801055e-02,2.348806e-03,6.040788e-03,4.740545e-02,1.166723e-01,7.022185e-02,3.403644e-01,1.015561e-02,4.595043e-02,2.416809e-02
2.139412e-01,1.255379e-02,4.155926e-03,2.397935e-02,1.923435e-02,1.662464e-02,3.492256e-03,8.480128e-03,8.504410e-02,9.020142e-02,6.152061e-02,3.978450e-01,8.214489e-03,3.372220e-02,2.099052e-02
1.764840e-01,1.280656e-02,4.372245e-03,2.185755e-02,4.397070e-02,1.593217e-02,4.919035e-03,4.243891e-02,1.249319e-01,6.607969e-02,7.136552e-02,3.647833e-01,7.013682e-03,2.531971e-02,1.772495e-02
1.356178e-01,1.872196e-02,7.085495e-03,1.873186e-02,4.060329e-02,1.979753e-02,6.556243e-03,7.722889e-02,1.646515e-01,4.832405e-02,7.099533e-02,3.533522e-01,5.403458e-03,1.869268e-02,1.423774e-02
1.006521e-01,1.684416e-02,6.572197e-03,1.376761e-02,5.228642e-02,1.777679e-02,6.707296e-03,6.874867e-02,3.118291e-01,3.589453e-02,6.771886e-02,2.722003e-01,4.432783e-03,1.418068e-02,1.038860e-02
7.472977e-02,1.532332e-02,9.376505e-03,2.306944e-02,6.861702e-02,2.354934e-02,5.781884e-03,5.568072e-02,3.995582e-01,2.922806e-02,6.282604e-02,2.044795e-01,6.628839e-03,1.098276e-02,1.016868e-02
5.648457e-02,1.401494e-02,9.061329e-03,2.352656e-02,8.273239e-02,3.011283e-02,5.041470e-03,4.869332e-02,4.632006e-01,2.282972e-02,5.891322e-02,1.579105e-01,8.634914e-03,8.483720e-03,1.036007e-02
4.664842e-02,1.387650e-02,8.037340e-03,1.832152e-02,1.194881e-01,2.763671e-02,4.374822e-03,3.791311e-02,5.205428e-01,1.669790e-02,4.485884e-02,1.173672e-01,8.657452e-03,6.209936e-03,9.369407e-03
3.693627e-02,1.183283e-02,6.690467e-03,1.358857e-02,1.071957e-01,2.295982e-02,3.683515e-03,3.973983e-02,6.027725e-01,1.202067e-02,3.414351e-02,8.778416e-02,8.593623e-03,4.483586e-03,7.574944e-03
3.424049e-02,1.177339e-02,8.984066e-03,1.490233e-02,1.294873e-01,1.970133e-02,3.992299e-03,5.970264e-02,5.987536e-01,8.650783e-03,2.604517e-02,6.376446e-02,9.452496e-03,3.290470e-03,7.259269e-03
2.894784e-02,1.062936e-02,7.635945e-03,1.683017e-02,1.081051e-01,1.649923e-02,3.018799e-03,1.026507e-01,5.940641e-01,6.262657e-03,2.601970e-02,5.341161e-02,1.739291e-02,2.435192e-03,6.096728e-03
3.014710e-02,1.010145e-02,6.833010e-03,1.358742e-02,1.013594e-01,1.634636e-02,2.303406e-03,1.359308e-01,5.923150e-01,4.753812e-03,2.245038e-02,3.976654e-02,1.684370e-02,2.020869e-03,5.240741e-03
3.952478e-02,1.144684e-02,6.842543e-03,1.121362e-02,1.280645e-01,1.509085e-02,2.743684e-03,1.098018e-01,6.060821e-01,3.581385e-03,1.795748e-02,2.879972e-02,1.296584e-02,1.856523e-03,4.028362e-03
5.004514e-02,1.321528e-02,5.973740e-03,9.810146e-03,1.500693e-01,1.214100e-02,2.823996e-03,8.217244e-02,6.212146e-01,2.708584e-03,1.413761e-02,2.061247e-02,9.910379e-03,1.810029e-03,3.355298e-03
5.151375e-02,1.447937e-02,5.600147e-03,4.470976e-02,2.414809e-01,1.143685e-02,4.089500e-03,1.137516e-01,4.698855e-01,2.126609e-03,1.159523e-02,1.612871e-02,8.574627e-03,1.436009e-03,3.191443e-03
5.067698e-02,1.213488e-02,8.367896e-03,8.389938e-02,2.453998e-01,8.998274e-03,4.197401e-03,1.382037e-01,4.139876e-01,1.857509e-03,9.054710e-03,1.198477e-02,7.013528e-03,1.179605e-03,3.044004e-03
4.873431e-02,9.658382e-03,2.246925e-02,1.178092e-01,2.403995e-01,7.601012e-03,4.567815e-03,1.719714e-01,3.501431e-01,1.642500e-03,7.275325e-03,8.846591e-03,5.439959e-03,9.310927e-04,2.510436e-03
3.439628e-02,7.139529e-03,2.336625e-02,3.109862e-01,1.692777e-01,5.551354e-03,3.210101e-03,1.205935e-01,2.464365e-01,1.448665e-03,5.899869e-02,1.018758e-02,5.848321e-03,7.173880e-04,1.841977e-03
2.469863e-02,5.241699e-03,1.732532e-02,4.097717e-01,1.197711e-01,4.252859e-03,2.264182e-03,8.513422e-02,1.741587e-01,1.909415e-03,1.249439e-01,1.595057e-02,1.245942e-02,6.836395e-04,1.434596e-03
2.899148e-02,3.935035e-03,1.300360e-02,3.182697e-01,1.006301e-01,5.547046e-03,2.442531e-03,6.322677e-02,1.245592e-01,2.147565e-03,2.043033e-01,1.067942e-01,2.322853e-02,1.781180e-03,1.139731e-03
6.522049e-02,3.417018e-03,1.022174e-02,2.356219e-01,9.355825e-02,1.500230e-02,2.547300e-03,4.934728e-02,9.167103e-02,2.203880e-03,2.098652e-01,1.792564e-01,3.704549e-02,3.839351e-03,1.182416e-03
8.003865e-02,3.715162e-03,1.161158e-02,1.738799e-01,7.297223e-02,3.153172e-02,2.145290e-03,3.692919e-02,7.196565e-02,3.750098e-03,1.785856e-01,2.752222e-01,4.989256e-02,6.218094e-03,1.542061e-03
7.517967e-02,3.692239e-03,1.095591e-02,1.320282e-01,8.228131e-02,3.272763e-02,1.720508e-03,2.684676e-02,5.708412e-02,5.810760e-03,1.570775e-01,3.333258e-01,5.816302e-02,2.107163e-02,2.034863e-03
6.971391e-02,3.600947e-03,8.312625e-03,9.985642e-02,7.711988e-02,3.063809e-02,1.278147e-03,1.932888e-02,4.520217e-02,6.794587e-03,1.574353e-01,3.605275e-01,5.382148e-02,6.367978e-02,2.690226e-03
6.433178e-02,6.973591e-03,6.521613e-03,7.601032e-02,7.817981e-02,2.609134e-02,1.018704e-03,1.393827e-02,4.821907e-02,7.450190e-03,1.408047e-01,3.977271e-01,4.496165e-02,8.420803e-02,3.563810e-03
8.624993e-02,6.593092e-03,5.052951e-03,6.801119e-02,8.507167e-02,2.573060e-02,9.733546e-04,1.121380e-02,4.088371e-02,6.052247e-03,1.254370e-01,4.154299e-01,3.323220e-02,8.579853e-02,4.269748e-03
7.839298e-02,5.777874e-03,3.926967e-03,5.916151e-02,9.474620e-02,2.550850e-02,8.959857e-04,8.914055e-03,3.339923e-02,4.890305e-03,1.081337e-01,4.633490e-01,2.496354e-02,8.360866e-02,4.331437e-03
6.577271e-02,4.426495e-03,2.966745e-03,4.645060e-02,1.313289e-01,2.448702e-02,7.895003e-04,7.011579e-03,2.603840e-02,3.919602e-03,1.326078e-01,4.459236e-01,1.868502e-02,8.420426e-02,5.387646e-03
5.949795e-02,3.614306e-03,2.251181e-03,3.422682e-02,1.324966e-01,2.146306e-02,7.628807e-04,5.388664e-03,2.123636e-02,3.446798e-03,1.795289e-01,4.287704e-01,1.392784e-02,8.699736e-02,6.390911e-03
7.680734e-02,3.912472e-03,1.921510e-03,2.456214e-02,1.152186e-01,1.804969e-02,1.253281e-03,4.542200e-03,1.780055e-02,3.641772e-03,1.981387e-01,4.456290e-01,1.088575e-02,7.207523e-02,5.561791e-03
8.936216e-02,3.612436e-03,3.046682e-03,1.778813e-02,1.315043e-01,1.946242e-02,2.722510e-03,6.876526e-03,1.471619e-02,3.655604e-03,2.316096e-01,4.069688e-01,8.854917e-03,5.468309e-02,5.136661e-03
1.023923e-01,4.486880e-03,3.390829e-03,1.335998e-02,1.202264e-01,2.037124e-02,2.736168e-03,5.820578e-03,1.252425e-02,3.396510e-03,2.362112e-01,4.163021e-01,7.438190e-03,4.545569e-02,5.887711e-03
1.130414e-01,4.874396e-03,5.011446e-03,1.021464e-02,9.885596e-02,2.281547e-02,2.797976e-03,6.729775e-03,1.088351e-02,3.638219e-03,2.557692e-01,4.127426e-01,6.177013e-03,3.965044e-02,6.797957e-03
1.204132e-01,4.500277e-03,5.352774e-03,8.492278e-03,7.396504e-02,3.376660e-02,2.297756e-03,5.918952e-03,1.029850e-02,4.259200e-03,2.621244e-01,4.157147e-01,5.233815e-03,3.715450e-02,1.050812e-02
1.355979e-01,5.544425e-03,4.915329e-03,8.487917e-03,5.883349e-02,3.320683e-02,1.879380e-03,5.110497e-03,1.287545e-02,7.271755e-03,2.815245e-01,3.918836e-01,4.818154e-03,3.286572e-02,1.518500e-02
1.708084e-01,5.757666e-03,4.156027e-03,7.408525e-03,4.575113e-02,2.625459e-02,1.639813e-03,4.859602e-03,1.742654e-02,8.881502e-03,3.018270e-01,3.526215e-01,5.125161e-03,3.214505e-02,1.533749e-02
1.883681e-01,6.819904e-03,3.437182e-03,7.839713e-03,3.817651e-02,2.179896e-02,1.359865e-03,4.064708e-03,2.363114e-02,9.874005e-03,3.179305e-01,3.235493e-01,5.783596e-03,3.106691e-02,1.629960e-02
2.397370e-01,8.349809e-03,3.459306e-03,1.011782e-02,3.445225e-02,2.232256e-02,2.400575e-03,4.635779e-03,2.363459e-02,1.025561e-02,3.060056e-01,2.831077e-01,5.612588e-03,2.936327e-02,1.654553e-02
2.735603e-01,8.921559e-03,3.577364e-03,1.076557e-02,3.428453e-02,2.286879e-02,2.415075e-03,4.935877e-03,2.458232e-02,1.105961e-02,2.823622e-01,2.640103e-01,5.783358e-03,3.332587e-02,1.754732e-02
2.618669e-01,1.120596e-02,3.841729e-03,1.430319e-02,3.181390e-02,2.303169e-02,2.916986e-03,5.640452e-03,2.525018e-02,1.248115e-02,2.935987e-01,2.525157e-01,6.303053e-03,3.638604e-02,1.884435e-02
2.103758e-01,9.989062e-03,3.856380e-03,1.250615e-02,2.400904e-02,2.473032e-02,2.811229e-03,5.126709e-03,2.142841e-02,1.152061e-02,3.400962e-01,2.715607e-01,5.807336e-03,3.787050e-02,1.831163e-02
1.662348e-01,8.727910e-03,4.161746e-03,1.023260e-02,1.886121e-02,2.590990e-02,2.757089e-03,5.033560e-03,1.779402e-02,9.396163e-03,3.430330e-01,3.273288e-01,5.075441e-03,3.725863e-02,1.819520e-02
1.215863e-01,1.659218e-02,8.785889e-03,9.770726e-03,2.364680e-02,2.581723e-02,2.731581e-03,4.707902e-03,2.390005e-02,1.287221e-02,3.127192e-01,3.578051e-01,3.882232e-03,3.303107e-02,4.215160e-02
8.696556e-02,5.246760e-02,2.428979e-02,9.750866e-03,4.169281e-02,1.992171e-02,3.046172e-03,5.055687e-03,9.630464e-02,1.731908e-02,2.573720e-01,3.070654e-01,3.077294e-03,2.600771e-02,4.966374e-02
6.466716e-02,5.330044e-02,3.579458e-02,9.320593e-03,4.261956e-02,4.000874e-02,3.807979e-03,1.590606e-02,1.063283e-01,1.994287e-02,2.567553e-01,2.406906e-01,3.197844e-03,2.032766e-02,8.733250e-02
5.280265e-02,4.221031e-02,1.184398e-01,1.941394e-02,4.180908e-02,5.825560e-02,3.623803e-03,1.499886e-02,7.880330e-02,1.738297e-02,1.986265e-01,1.731329e-01,4.158447e-03,1.514683e-02,1.611950e-01
3.961099e-02,3.163916e-02,3.158152e-01,4.859001e-02,3.530417e-02,4.960728e-02,3.007186e-03,1.371548e-02,5.604450e-02,1.270642e-02,1.404736e-01,1.224666e-01,3.138785e-03,1.072163e-02,1.171589e-01
4.278348e-02,2.569325e-02,4.545951e-01,4.343924e-02,4.502356e-02,4.078784e-02,2.442294e-03,1.029415e-02,4.053501e-02,9.889600e-03,1.006650e-01,8.618080e-02,2.769889e-03,8.072618e-03,8.682815e-02
5.035885e-02,2.472945e-02,5.212941e-01,4.243649e-02,6.531519e-02,3.584694e-02,2.300273e-03,8.089525e-03,3.235008e-02,7.509966e-03,7.259849e-02,6.161443e-02,3.193535e-03,6.510764e-03,6.585189e-02
