1.000000e+00,0.000000e+00,0.000000e+00,0.000000e+00,0.000000e+00,0.000000e+00,0.000000e+00,0.000000e+00,0.000000e+00,0.000000e+00,0.000000e+00,0.000000e+00,0.000000e+00,0.000000e+00,0.000000e+00
1.000000e+00,0.000000e+00,0.000000e+00,0.000000e+00,0.000000e+00,0.000000e+00,0.000000e+00,0.000000e+00,0.000000e+00,0.000000e+00,0.000000e+00,0.000000e+00,0.000000e+00,0.000000e+00,0.000000e+00
1.000000e+00,0.000000e+00,0.000000e+00,0.000000e+00,0.000000e+00,0.000000e+00,0.000000e+00,0.000000e+00,0.000000e+00,0.000000e+00,0.000000e+00,0.000000e+00,0.000000e+00,0.000000e+00,0.000000e+00
1.000000e+00,0.000000e+00,0.000000e+00,0.000000e+00,0.000000e+00,0.000000e+00,0.000000e+00,0.000000e+00,0.000000e+00,0.000000e+00,0.000000e+00,0.000000e+00,0.000000e+00,0.000000e+00,0.000000e+00
1.000000e+00,0.000000e+00,0.000000e+00,0.000000e+00,0.000000e+00,0.000000e+00,0.000000e+00,0.000000e+00,0.000000e+00,0.000000e+00,0.000000e+00,0.000000e+00,0.000000e+00,0.000000e+00,0.000000e+00
1.000000e+00,0.000000e+00,0.000000e+00,0.000000e+00,0.000000e+00,0.000000e+00,0.000000e+00,0.000000e+00,0.000000e+00,0.000000e+00,0.000000e+00,0.000000e+00,0.000000e+00,0.000000e+00,0.000000e+00
1.000000e+00,0.000000e+00,0.000000e+00,0.000000e+00,0.000000e+00,0.000000e+00,0.000000e+00,0.000000e+00,0.000000e+00,0.000000e+00,0.000000e+00,0.000000e+00,0.000000e+00,0.000000e+00,0.000000e+00
1.000000e+00,0.000000e+00,0.000000e+00,0.000000e+00,0.000000e+00,0.000000e+00,0.000000e+00,0.000000e+00,0.000000e+00,0.000000e+00,0.000000e+00,0.000000e+00,0.000000e+00,0.000000e+00,0.000000e+00
1.000000e+00,0.000000e+00,0.000000e+00,0.000000e+00,0.000000e+00,0.000000e+00,0.000000e+00,0.000000e+00,0.000000e+00,0.000000e+00,0.000000e+00,0.000000e+00,0.000000e+00,0.000000e+00,0.000000e+00
1.000000e+00,0.000000e+00,0.000000e+00,0.000000e+00,0.000000e+00,0.000000e+00,0.000000e+00,0.000000e+00,0.000000e+00,0.000000e+00,0.000000e+00,0.000000e+00,0.000000e+00,0.000000e+00,0.000000e+00
1.000000e+00,0.000000e+00,0.000000e+00,0.000000e+00,0.000000e+00,0.000000e+00,0.000000e+00,0.000000e+00,0.000000e+00,0.000000e+00,0.000000e+00,0.000000e+00,0.000000e+00,0.000000e+00,0.000000e+00
1.000000e+00,0.000000e+00,0.000000e+00,0.000000e+00,0.000000e+00,0.000000e+00,0.000000e+00,0.000000e+00,0.000000e+00,0.000000e+00,0.000000e+00,0.000000e+00,0.000000e+00,0.000000e+00,0.000000e+00
1.000000e+00,0.000000e+00,0.000000e+00,0.000000e+00,0.000000e+00,0.000000e+00,0.000000e+00,0.000000e+00,0.000000e+00,0.000000e+00,0.000000e+00,0.000000e+00,0.000000e+00,0.000000e+00,0.000000e+00
1.000000e+00,0.000000e+00,0.000000e+00,0.000000e+00,0.000000e+00,0.000000e+00,0.000000e+00,0.000000e+00,0.000000e+00,0.000000e+00,0.000000e+00,0.000000e+00,0.000000e+00,0.000000e+00,0.000000e+00
1.000000e+00,0.000000e+00,0.000000e+00,0.000000e+00,0.000000e+00,0.000000e+00,0.000000e+00,0.000000e+00,0.000000e+00,0.000000e+00,0.000000e+00,0.000000e+00,0.000000e+00,0.000000e+00,0.000000e+00
1.000000e+00,0.000000e+00,0.000000e+00,0.000000e+00,0.000000e+00,0.000000e+00,0.000000e+00,0.000000e+00,0.000000e+00,0.000000e+00,0.000000e+00,0.000000e+00,0.000000e+00,0.000000e+00,0.000000e+00
1.000000e+00,0.000000e+00,0.000000e+00,0.000000e+00,0.000000e+00,0.000000e+00,0.000000e+00,0.000000e+00,0.000000e+00,0.000000e+00,0.000000e+00,0.000000e+00,0.000000e+00,0.000000e+00,0.000000e+00
1.000000e+00,0.000000e+00,0.000000e+00,0.000000e+00,0.000000e+00,0.000000e+00,0.000000e+00,0.000000e+00,0.000000e+00,0.000000e+00,0.000000e+00,0.000000e+00,0.000000e+00,0.000000e+00,0.000000e+00
1.000000e+00,0.000000e+00,0.000000e+00,0.000000e+00,0.000000e+00,0.000000e+00,0.000000e+00,0.000000e+00,0.000000e+00,0.000000e+00,0.000000e+00,0.000000e+00,0.000000e+00,0.000000e+00,0.000000e+00
1.000000e+00,0.000000e+00,0.000000e+00,0.000000e+00,0.000000e+00,0.000000e+00,0.000000e+00,0.000000e+00,0.000000e+00,0.000000e+00,0.000000e+00,0.000000e+00,0.000000e+00,0.000000e+00,0.000000e+00
1.000000e+00,0.000000e+00,0.000000e+00,0.000000e+00,0.000000e+00,0.000000e+00,0.000000e+00,0.000000e+00,0.000000e+00,0.000000e+00,0.000000e+00,0.000000e+00,0.000000e+00,0.000000e+00,0.000000e+00
1.000000e+00,0.000000e+00,0.000000e+00,0.000000e+00,0.000000e+00,0.000000e+00,0.000000e+00,0.000000e+00,0.000000e+00,0.000000e+00,0.000000e+00,0.000000e+00,0.000000e+00,0.000000e+00,0.000000e+00
1.000000e+00,0.000000e+00,0.000000e+00,0.000000e+00,0.000000e+00,0.000000e+00,0.000000e+00,0.000000e+00,0.000000e+00,0.000000e+00,0.000000e+00,0.000000e+00,0.000000e+00,0.000000e+00,0.000000e+00
1.000000e+00,0.000000e+00,0.000000e+00,0.000000e+00,0.000000e+00,0.000000e+00,0.000000e+00,0.000000e+00,0.000000e+00,0.000000e+00,0.000000e+00,0.000000e+00,0.000000e+00,0.000000e+00,0.000000e+00
1.000000e+00,0.000000e+00,0.000000e+00,0.000000e+00,0.000000e+00,0.000000e+00,0.000000e+00,0.000000e+00,0.000000e+00,0.000000e+00,0.000000e+00,0.000000e+00,0.000000e+00,0.000000e+00,0.000000e+00
1.000000e+00,0.000000e+00,0.000000e+00,0.000000e+00,0.000000e+00,0.000000e+00,0.000000e+00,0.000000e+00,0.000000e+00,0.000000e+00,0.000000e+00,0.000000e+00,0.000000e+00,0.000000e+00,0.000000e+00
1.000000e+00,0.000000e+00,0.000000e+00,0.000000e+00,0.000000e+00,0.000000e+00,0.000000e+00,0.000000e+00,0.000000e+00,0.000000e+00,0.000000e+00,0.000000e+00,0.000000e+00,0.000000e+00,0.000000e+00
1.000000e+00,0.000000e+00,0.000000e+00,0.000000e+00,0.000000e+00,0.000000e+00,0.000000e+00,0.000000e+00,0.000000e+00,0.000000e+00,0.000000e+00,0.000000e+00,0.000000e+00,0.000000e+00,0.000000e+00
1.000000e+00,0.000000e+00,0.000000e+00,0.000000e+00,0.000000e+00,0.000000e+00,0.000000e+00,0.000000e+00,0.000000e+00,0.000000e+00,0.000000e+00,0.000000e+00,0.000000e+00,0.000000e+00,0.000000e+00
1.000000e+00,0.000000e+00,0.000000e+00,0.000000e+00,0.000000e+00,0.000000e+00,0.000000e+00,0.000000e+00,0.000000e+00,0.000000e+00,0.000000e+00,0.000000e+00,0.000000e+00,0.000000e+00,0.000000e+00
1.000000e+00,0.000000e+00,0.000000e+00,0.000000e+00,0.000000e+00,0.000000e+00,0.000000e+00,0.000000e+00,0.000000e+00,0.000000e+00,0.000000e+00,0.000000e+00,0.000000e+00,0.000000e+00,0.000000e+00
1.000000e+00,0.000000e+00,0.000000e+00,0.000000e+00,0.000000e+00,0.000000e+00,0.000000e+00,0.000000e+00,0.000000e+00,0.000000e+00,0.000000e+00,0.000000e+00,0.000000e+00,0.000000e+00,0.000000e+00
1.000000e+00,0.000000e+00,0.000000e+00,0.000000e+00,0.000000e+00,0.000000e+00,0.000000e+00,0.000000e+00,0.000000e+00,0.000000e+00,0.000000e+00,0.000000e+00,0.000000e+00,0.000000e+00,0.000000e+00
1.000000e+00,0.000000e+00,0.000000e+00,0.000000e+00,0.000000e+00,0.000000e+00,0.000000e+00,0.000000e+00,0.000000e+00,0.000000e+00,0.000000e+00,0.000000e+00,0.000000e+00,0.000000e+00,0.000000e+00
1.000000e+00,0.000000e+00,0.000000e+00,0.000000e+00,0.000000e+00,0.000000e+00,0.000000e+00,0.000000e+00,0.000000e+00,0.000000e+00,0.000000e+00,0.000000e+00,0.000000e+00,0.000000e+00,0.000000e+00
1.000000e+00,0.000000e+00,0.000000e+00,0.000000e+00,0.000000e+00,0.000000e+00,0.000000e+00,0.000000e+00,0.000000e+00,0.000000e+00,0.000000e+00,0.000000e+00,0.000000e+00,0.000000e+00,0.000000e+00
1.000000e+00,0.000000e+00,0.000000e+00,0.000000e+00,0.000000e+00,0.000000e+00,0.000000e+00,0.000000e+00,0.000000e+00,0.000000e+00,0.000000e+00,0.000000e+00,0.000000e+00,0.000000e+00,0.000000e+00
1.000000e+00,0.000000e+00,0.000000e+00,0.000000e+00,0.000000e+00,0.000000e+00,0.000000e+00,0.000000e+00,0.000000e+00,0.000000e+00,0.000000e+00,0.000000e+00,0.000000e+00,0.000000e+00,0.000000e+00
1.000000e+00,0.000000e+00,0.000000e+00,0.000000e+00,0.000000e+00,0.000000e+00,0.000000e+00,0.000000e+00,0.000000e+00,0.000000e+00,0.000000e+00,0.000000e+00,0.000000e+00,0.000000e+00,0.000000e+00
1.000000e+00,0.000000e+00,0.000000e+00,0.000000e+00,0.000000e+00,0.000000e+00,0.000000e+00,0.000000e+00,0.000000e+00,0.000000e+00,0.000000e+00,0.000000e+00,0.000000e+00,0.000000e+00,0.000000e+00
1.000000e+00,0.000000e+00,0.000000e+00,0.000000e+00,0.000000e+00,0.000000e+00,0.000000e+00,0.000000e+00,0.000000e+00,0.000000e+00,0.000000e+00,0.000000e+00,0.000000e+00,0.000000e+00,0.000000e+00
1.000000e+00,0.000000e+00,0.000000e+00,0.000000e+00,0.000000e+00,0.000000e+00,0.000000e+00,0.000000e+00,0.000000e+00,0.000000e+00,0.000000e+00,0.000000e+00,0.000000e+00,0.000000e+00,0.000000e+00
1.000000e+00,0.000000e+00,0.000000e+00,0.000000e+00,0.000000e+00,0.000000e+00,0.000000e+00,0.000000e+00,0.000000e+00,0.000000e+00,0.000000e+00,0.000000e+00,0.000000e+00,0.000000e+00,0.000000e+00
1.000000e+00,0.000000e+00,0.000000e+00,0.000000e+00,0.000000e+00,0.000000e+00,0.000000e+00,0.000000e+00,0.000000e+00,0.000000e+00,0.000000e+00,0.000000e+00,0.000000e+00,0.000000e+00,0.000000e+00
1.000000e+00,0.000000e+00,0.000000e+00,0.000000e+00,0.000000e+00,0.000000e+00,0.000000e+00,0.000000e+00,0.000000e+00,0.000000e+00,0.000000e+00,0.000000e+00,0.000000e+00,0.000000e+00,0.000000e+00
1.000000e+00,0.000000e+00,0.000000e+00,0.000000e+00,0.000000e+00,0.000000e+00,0.000000e+00,0.000000e+00,0.000000e+00,0.000000e+00,0.000000e+00,0.000000e+00,0.000000e+00,0.000000e+00,0.000000e+00
1.000000e+00,0.000000e+00,0.000000e+00,0.000000e+00,0.000000e+00,0.000000e+00,0.000000e+00,0.000000e+00,0.000000e+00,0.000000e+00,0.000000e+00,0.000000e+00,0.000000e+00,0.000000e+00,0.000000e+00
1.000000e+00,0.000000e+00,0.000000e+00,0.000000e+00,0.000000e+00,0.000000e+00,0.000000e+00,0.000000e+00,0.000000e+00,0.000000e+00,0.000000e+00,0.000000e+00,0.000000e+00,0.000000e+00,0.000000e+00
1.000000e+00,0.000000e+00,0.000000e+00,0.000000e+00,0.000000e+00,0.000000e+00,0.000000e+00,0.000000e+00,0.000000e+00,0.000000e+00,0.000000e+00,0.000000e+00,0.000000e+00,0.000000e+00,0.000000e+00
1.000000e+00,0.000000e+00,0.000000e+00,0.000000e+00,0.000000e+00,0.000000e+00,0.000000e+00,0.000000e+00,0.000000e+00,0.000000e+00,0.000000e+00,0.000000e+00,0.000000e+00,0.000000e+00,0.000000e+00
1.000000e+00,0.000000e+00,0.000000e+00,0.000000e+00,0.000000e+00,0.000000e+00,0.000000e+00,0.000000e+00,0.000000e+00,0.000000e+00,0.000000e+00,0.000000e+00,0.000000e+00,0.000000e+00,0.000000e+00
4.669074e-01,7.912000e-03,1.494862e-02,1.942958e-02,3.221392e-03,1.437696e-02,1.115997e-02,4.121370e-01,2.814138e-03,1.206397e-03,6.638209e-03,1.252379e-02,1.221046e-02,3.252515e-03,1.126157e-02
3.514839e-01,6.088853e-03,1.244453e-02,1.426248e-02,2.728570e-03,1.247217e-02,1.135073e-02,5.502898e-01,2.101659e-03,9.967963e-04,4.987836e-03,9.604225e-03,9.551663e-03,2.946219e-03,8.690684e-03
3.705363e-01,5.148272e-03,1.087498e-02,1.193893e-02,3.285728e-03,1.254339e-02,1.149500e-02,5.376977e-01,1.751570e-03,1.041272e-03,4.247446e-03,9.641292e-03,9.156778e-03,2.720480e-03,7.920994e-03
3.579509e-01,4.060899e-03,9.433325e-03,9.125380e-03,3.800513e-03,1.140404e-02,1.143312e-02,5.611042e-01,1.433142e-03,9.725366e-04,3.553701e-03,8.788071e-03,8.367406e-03,2.149354e-03,6.423445e-03
3.967256e-01,4.343422e-03,7.122199e-03,8.210292e-03,4.026702e-03,8.848803e-03,8.543774e-03,5.169016e-01,1.429760e-03,2.045069e-03,4.327509e-03,1.294223e-02,1.615503e-02,2.767107e-03,5.610975e-03
2.842055e-01,3.528951e-03,5.531485e-03,9.751757e-03,3.978033e-03,6.661509e-03,6.920114e-03,4.379006e-01,1.502076e-03,4.273399e-03,6.410424e-02,1.373750e-01,1.877099e-02,1.084552e-02,4.650829e-03
2.075256e-01,3.403340e-03,4.683848e-03,1.301895e-02,4.523473e-03,6.278139e-03,5.585620e-03,3.369777e-01,3.519025e-03,4.210480e-03,9.946245e-02,2.641945e-01,2.256592e-02,1.954572e-02,4.505299e-03
1.688111e-01,3.450603e-03,4.055933e-03,1.534204e-02,7.542254e-03,6.785046e-03,4.795613e-03,2.473497e-01,7.408302e-03,5.011072e-03,1.793264e-01,3.037244e-01,2.058093e-02,2.076863e-02,5.047957e-03
1.497115e-01,3.765240e-03,4.828193e-03,1.420045e-02,6.874745e-03,1.047127e-02,4.180248e-03,1.746801e-01,9.874336e-03,5.466044e-03,2.051292e-01,3.614174e-01,1.604600e-02,2.362157e-02,9.733682e-03
1.200384e-01,3.606559e-03,4.692500e-03,1.177899e-02,9.074993e-03,1.615188e-02,3.195205e-03,1.230558e-01,8.515386e-03,4.743946e-03,2.351089e-01,3.971815e-01,1.351431e-02,3.663239e-02,1.270932e-02
9.226838e-02,4.406384e-03,3.923521e-03,9.509026e-03,8.110631e-03,1.608341e-02,2.309534e-03,8.644014e-02,7.321864e-03,4.055465e-03,2.701878e-01,4.291201e-01,1.124318e-02,4.079844e-02,1.422208e-02
1.006934e-01,5.529707e-03,3.336253e-03,1.333059e-02,1.232425e-02,1.453897e-02,2.741923e-03,6.156849e-02,8.191347e-03,3.759486e-03,2.918065e-01,4.188136e-01,9.679746e-03,3.570231e-02,1.798332e-02
1.097340e-01,5.156830e-03,2.651431e-03,1.429077e-02,1.549332e-02,1.438684e-02,2.389855e-03,4.354631e-02,7.074427e-03,3.391781e-03,3.214721e-01,4.069312e-01,8.079734e-03,2.910290e-02,1.629847e-02
1.116173e-01,4.539242e-03,2.461123e-03,1.570813e-02,3.515562e-02,1.742005e-02,2.156670e-03,3.131228e-02,6.368209e-03,2.749562e-03,3.266017e-01,3.970304e-01,6.814830e-03,2.663462e-02,1.343025e-02
9.876998e-02,3.447631e-03,2.006710e-03,1.384833e-02,3.881912e-02,2.048100e-02,1.827914e-03,2.238030e-02,4.948687e-03,2.266298e-03,3.412609e-01,4.083987e-01,6.418487e-03,2.536030e-02,9.765627e-03
7.160734e-02,2.560352e-03,1.513845e-03,1.060677e-02,3.952985e-02,1.865441e-02,1.384434e-03,1.571836e-02,3.680831e-03,1.964502e-03,2.875378e-01,5.100331e-01,5.291750e-03,2.286546e-02,7.051232e-03
5.692895e-02,2.560370e-03,1.248459e-03,7.990808e-03,5.488204e-02,2.056571e-02,1.139338e-03,1.112392e-02,2.824992e-03,1.933574e-03,2.636576e-01,5.397201e-01,5.063152e-03,2.405728e-02,6.303800e-03
6.852140e-02,2.370717e-03,1.110255e-03,5.818517e-03,7.229725e-02,2.310208e-02,1.005181e-03,8.056611e-03,2.199494e-03,1.566024e-03,2.266971e-01,5.554371e-01,4.765348e-03,2.214335e-02,4.909598e-03
6.685223e-02,2.729920e-03,1.122514e-03,4.265141e-03,7.789328e-02,2.386104e-02,9.346507e-04,5.886302e-03,2.029536e-03,1.598557e-03,2.382106e-01,5.448934e-01,4.048147e-03,2.111044e-02,4.564179e-03
6.424689e-02,2.763517e-03,1.186014e-03,3.239352e-03,6.119632e-02,2.101321e-02,7.661951e-04,4.403874e-03,2.466545e-03,2.103396e-03,2.372095e-01,5.713142e-01,3.206886e-03,2.014741e-02,4.736725e-03
1.090680e-01,3.891102e-03,3.604094e-03,3.805157e-03,5.066017e-02,2.735442e-02,1.327087e-03,4.265377e-03,3.370804e-03,3.203664e-03,1.892387e-01,5.723842e-01,2.783951e-03,1.804973e-02,6.993554e-03
1.189720e-01,3.415802e-03,3.405456e-03,3.659434e-03,3.776539e-02,3.072455e-02,1.531058e-03,3.756263e-03,4.157327e-03,3.269615e-03,1.550735e-01,6.075286e-01,2.606951e-03,1.736473e-02,6.769379e-03
1.299950e-01,4.076987e-03,3.436340e-03,5.565036e-03,3.492562e-02,3.845813e-02,2.358375e-03,4.100970e-03,6.732863e-03,3.350408e-03,1.486044e-01,5.911430e-01,2.774201e-03,1.760488e-02,6.873756e-03
1.407071e-01,4.919405e-03,4.245975e-03,6.861051e-03,3.780560e-02,5.534797e-02,4.197394e-03,7.221451e-03,8.930920e-03,3.446116e-03,1.615321e-01,5.371947e-01,4.379621e-03,1.665345e-02,6.557143e-03
2.123154e-01,6.909169e-03,4.367330e-03,9.469278e-03,3.356905e-02,5.775720e-02,4.055610e-03,7.984388e-03,1.038779e-02,3.555466e-03,1.745129e-01,4.432969e-01,6.449933e-03,1.630606e-02,9.063515e-03
2.476439e-01,8.368436e-03,4.626635e-03,1.139832e-02,3.060708e-02,5.753268e-02,4.014771e-03,8.597119e-03,1.193163e-02,4.202184e-03,1.965528e-01,3.763400e-01,8.574965e-03,1.787251e-02,1.173706e-02
2.277854e-01,1.016362e-02,5.538616e-03,1.309917e-02,3.070041e-02,5.599505e-02,5.318504e-03,2.238082e-02,1.493268e-02,4.901046e-03,2.188821e-01,3.462869e-01,1.227065e-02,1.987041e-02,1.187465e-02
1.848868e-01,8.994932e-03,4.240863e-03,1.163454e-02,3.090956e-02,4.288688e-02,4.576716e-03,1.780870e-02,2.396986e-02,5.832768e-03,2.998147e-01,3.156897e-01,1.300354e-02,2.482311e-02,1.092727e-02
1.564909e-01,7.641238e-03,3.220230e-03,8.850142e-03,2.764000e-02,3.255523e-02,3.737978e-03,1.312135e-02,2.092935e-02,6.596861e-03,3.535362e-01,3.151900e-01,1.067270e-02,3.027219e-02,9.545646e-03
1.379974e-01,1.807376e-02,3.136180e-03,9.394104e-03,2.886181e-02,3.671229e-02,3.652535e-03,1.116727e-02,2.609367e-02,7.190864e-03,4.077633e-01,2.579525e-01,1.127791e-02,2.941722e-02,1.130924e-02
1.316397e-01,1.830086e-02,6.613324e-03,9.376548e-03,3.492599e-02,4.054077e-02,3.697405e-03,2.147842e-02,2.420722e-02,7.023759e-03,4.094338e-01,2.390568e-01,9.326310e-03,3.371785e-02,1.066135e-02
1.026243e-01,1.785990e-02,7.350513e-03,1.366815e-02,9.588902e-02,3.223062e-02,4.151374e-03,2.219871e-02,5.943034e-02,6.872032e-03,3.540142e-01,2.247741e-01,1.036053e-02,3.678810e-02,1.178812e-02
1.285873e-01,1.517738e-02,6.417802e-03,1.622398e-02,9.622573e-02,3.797219e-02,3.435823e-03,1.805880e-02,5.368992e-02,5.356763e-03,3.209041e-01,2.362147e-01,1.300472e-02,3.645096e-02,1.227982e-02
1.270602e-01,1.479187e-02,5.458553e-03,1.213837e-02,8.064295e-02,4.340759e-02,2.768849e-03,1.420287e-02,4.753101e-02,4.340502e-03,3.213226e-01,2.740321e-01,1.166479e-02,3.104826e-02,9.589492e-03
9.732202e-02,1.497293e-02,1.097366e-02,1.163692e-02,1.189880e-01,3.449517e-02,2.719027e-03,1.577676e-02,8.990514e-02,3.739730e-03,2.718849e-01,2.810192e-01,1.408062e-02,2.327694e-02,9.209039e-03
7.621177e-02,1.279015e-02,1.920073e-02,1.090038e-02,1.197172e-01,2.727471e-02,2.640820e-03,5.079623e-02,1.211116e-01,3.805364e-03,2.393721e-01,2.721997e-01,1.738525e-02,1.864650e-02,7.947656e-03
5.682917e-02,1.224753e-02,7.902991e-02,9.208286e-03,1.087160e-01,2.219594e-02,2.082185e-03,7.007978e-02,1.290464e-01,3.451352e-03,2.075216e-01,2.594241e-01,1.949812e-02,1.367524e-02,6.994505e-03
4.553349e-02,1.087507e-02,1.963602e-01,8.737890e-03,9.414195e-02,1.756211e-02,1.700412e-03,8.227522e-02,1.148643e-01,3.320374e-03,1.650354e-01,2.217492e-01,2.188632e-02,9.978662e-03,5.979352e-03
4.160833e-02,1.126002e-02,3.293615e-01,9.364450e-03,7.805436e-02,1.946671e-02,1.793083e-03,9.811828e-02,8.506997e-02,2.819336e-03,1.293800e-01,1.633191e-01,1.685555e-02,7.614917e-03,5.914387e-03
3.741344e-02,8.533333e-03,4.253644e-01,1.223202e-02,6.351792e-02,1.646025e-02,1.457138e-03,1.419044e-01,6.037856e-02,2.092679e-03,9.178486e-02,1.164557e-01,1.250793e-02,5.444751e-03,4.452506e-03
3.091086e-02,6.493651e-03,4.310625e-01,1.098308e-02,4.958544e-02,1.295817e-02,1.167623e-03,2.491351e-01,4.282551e-02,1.556762e-03,6.451437e-02,8.238660e-02,9.185792e-03,3.962977e-03,3.271558e-03
3.648910e-02,5.879391e-03,4.366943e-01,1.108269e-02,4.288028e-02,1.282080e-02,1.067874e-03,3.034212e-01,3.084370e-02,1.303177e-03,4.607861e-02,5.873927e-02,6.850594e-03,3.262757e-03,2.586300e-03
4.945684e-02,7.100049e-03,3.809580e-01,1.569169e-02,5.139736e-02,1.373690e-02,1.298514e-03,3.674039e-01,2.368594e-02,1.279628e-03,3.376639e-02,4.332066e-02,5.762339e-03,2.939497e-03,2.202343e-03
5.925413e-02,1.213968e-02,3.013978e-01,1.902192e-02,7.028768e-02,1.177064e-02,1.468072e-03,4.358609e-01,2.152863e-02,1.223183e-03,2.438665e-02,3.169693e-02,4.819044e-03,3.005827e-03,2.138924e-03
6.494817e-02,1.166632e-02,2.303117e-01,2.139784e-02,8.010761e-02,1.039361e-02,1.616305e-03,5.051145e-01,2.264709e-02,1.031491e-03,1.799326e-02,2.396932e-02,4.296497e-03,2.406384e-03,2.099950e-03
7.450898e-02,1.031185e-02,1.729556e-01,2.232263e-02,7.905230e-02,1.003861e-02,1.561882e-03,5.640718e-01,2.256996e-02,9.125062e-04,1.395230e-02,1.938573e-02,4.379878e-03,1.913346e-03,2.062715e-03
9.344126e-02,9.673502e-03,1.326975e-01,2.030584e-02,1.022604e-01,9.863611e-03,1.915766e-03,5.607488e-01,2.722917e-02,1.161634e-03,1.443997e-02,1.769453e-02,4.275572e-03,1.900609e-03,2.391799e-03
9.939535e-02,8.733958e-03,9.979458e-02,1.834937e-02,9.313408e-02,1.189024e-02,2.096578e-03,5.975232e-01,2.831789e-02,1.241832e-03,1.314842e-02,1.703062e-02,5.019045e-03,1.781417e-03,2.543430e-03
1.006172e-01,6.736195e-03,7.190521e-02,1.439674e-02,7.351395e-02,9.824608e-03,1.982487e-03,6.627663e-01,2.419205e-02,9.749270e-04,9.952511e-03,1.462891e-02,4.751262e-03,1.448905e-03,2.308771e-03
1.119742e-01,5.143693e-03,5.182503e-02,1.203279e-02,5.373442e-02,8.350474e-03,2.203776e-03,7.054904e-01,1.944800e-02,9.479335e-04,7.995911e-03,1.222476e-02,4.875371e-03,1.237093e-03,2.516172e-03
1.464524e-01,5.568075e-03,3.780797e-02,1.419495e-02,3.992328e-02,8.075200e-03,2.196410e-03,6.391691e-01,1.804933e-02,2.325192e-02,1.814025e-02,2.232414e-02,1.193009e-02,3.532473e-03,9.384423e-03
1.516461e-01,5.194161e-03,2.755511e-02,1.237815e-02,2.864080e-02,1.193027e-02,3.354701e-03,4.766665e-01,1.511560e-02,1.743787e-01,2.109619e-02,4.007338e-02,1.250567e-02,6.102997e-03,1.336178e-02
1.282573e-01,5.644032e-03,2.082489e-02,1.812465e-02,2.071363e-02,1.284562e-02,3.006817e-03,3.441878e-01,1.682788e-02,2.539539e-01,3.068343e-02,9.232576e-02,1.481596e-02,9.837293e-03,2.795108e-02
9.148531e-02,6.095823e-03,1.632589e-02,1.867434e-02,1.476480e-02,2.237246e-02,2.355632e-03,2.423304e-01,1.497945e-02,2.689819e-01,3.789049e-02,1.954044e-01,1.264212e-02,1.101629e-02,4.468068e-02
6.730858e-02,5.588762e-03,1.307826e-02,2.319822e-02,1.081118e-02,3.843445e-02,1.871689e-03,1.710151e-01,1.207355e-02,1.942074e-01,4.982277e-02,3.542294e-01,1.004417e-02,8.689359e-03,3.962722e-02
5.075222e-02,4.470489e-03,1.066493e-02,2.860186e-02,9.401374e-03,4.472432e-02,1.685311e-03,1.217409e-01,1.005425e-02,1.435368e-01,6.472223e-02,4.615453e-01,7.755052e-03,8.820420e-03,3.152451e-02
5.845328e-02,3.888613e-03,8.439744e-03,3.019114e-02,1.143621e-02,3.964737e-02,2.462547e-03,8.562089e-02,1.021558e-02,1.056216e-01,7.426188e-02,5.276955e-01,6.066039e-03,9.472273e-03,2.652731e-02
6.195676e-02,3.478337e-03,6.766296e-03,3.575769e-02,1.278327e-02,3.750240e-02,2.425275e-03,6.008574e-02,9.679627e-03,7.752689e-02,8.492416e-02,5.684710e-01,4.741445e-03,9.847383e-03,2.405370e-02
5.386514e-02,2.780034e-03,5.248212e-03,3.151522e-02,1.786715e-02,4.384430e-02,1.813107e-03,4.213995e-02,7.692565e-03,5.484981e-02,7.830137e-02,6.283291e-01,3.611875e-03,8.974854e-03,1.916731e-02
4.475703e-02,2.321750e-03,3.967023e-03,2.505115e-02,2.021098e-02,3.521305e-02,1.359500e-03,2.958478e-02,5.974499e-03,3.864610e-02,6.314355e-02,7.049810e-01,2.663397e-03,8.070835e-03,1.405543e-02
4.455651e-02,2.041707e-03,3.005935e-03,1.942820e-02,2.172760e-02,3.385867e-02,1.039720e-03,2.078812e-02,4.717132e-03,2.727181e-02,5.119261e-02,7.504967e-01,1.967936e-03,7.492250e-03,1.041512e-02
3.861239e-02,2.435904e-03,2.517759e-03,1.540066e-02,2.386663e-02,3.031301e-02,1.166847e-03,1.484889e-02,4.226591e-03,1.954273e-02,3.953408e-02,7.914692e-01,1.497028e-03,6.167746e-03,8.400581e-03
3.064057e-02,2.743822e-03,2.074006e-03,1.229699e-02,2.603124e-02,2.627518e-02,1.493301e-03,1.069749e-02,4.257080e-03,1.422112e-02,3.571156e-02,8.201022e-01,1.254946e-03,5.271678e-03,6.928900e-03
2.296884e-02,2.344032e-03,1.686054e-03,8.841026e-03,2.432022e-02,2.018172e-02,1.652106e-03,8.534255e-03,3.613186e-03,1.019412e-02,3.464124e-02,8.506238e-01,1.147900e-03,4.265562e-03,4.986027e-03
1.637944e-02,1.817292e-03,1.281118e-03,6.233355e-03,1.978488e-02,1.529465e-02,1.509182e-03,6.389911e-03,3.069734e-03,7.497947e-03,8.779913e-02,8.245853e-01,1.292137e-03,3.505172e-03,3.560806e-03
1.170438e-02,1.852074e-03,1.099478e-03,4.408470e-03,2.772809e-02,1.272395e-02,1.555559e-03,4.827852e-03,4.360578e-03,5.697646e-03,1.090664e-01,8.078331e-01,1.393715e-03,3.072985e-03,2.675814e-03
8.972076e-03,4.795832e-03,1.746331e-03,3.222897e-03,5.512633e-02,1.268854e-02,2.966508e-03,3.981350e-03,8.699214e-03,5.671513e-03,2.077119e-01,6.757272e-01,1.808695e-03,3.402436e-03,3.479165e-03
8.100485e-03,4.450037e-03,2.937150e-03,2.375163e-03,6.384628e-02,1.726641e-02,6.118190e-03,6.793074e-03,1.040970e-02,4.809118e-03,2.975920e-01,5.662688e-01,1.982250e-03,3.478985e-03,3.572386e-03
1.110534e-02,3.528713e-03,3.598436e-03,1.874873e-03,6.201361e-02,3.119189e-02,1.723978e-02,1.869849e-02,9.113804e-03,4.087226e-03,3.568354e-01,4.718497e-01,2.207027e-03,3.657774e-03,2.997962e-03
8.701340e-03,3.326781e-03,4.888250e-03,1.511009e-03,6.702595e-02,2.509353e-02,1.248836e-02,1.418697e-02,1.464040e-02,3.423719e-03,3.600014e-01,4.740980e-01,3.460020e-03,4.228842e-03,2.925460e-03
7.289601e-03,3.431651e-03,7.774075e-03,1.745872e-03,9.171402e-02,1.993247e-02,9.706879e-03,1.424615e-02,3.270104e-02,2.878884e-03,2.889004e-01,5.072078e-01,5.198941e-03,4.419037e-03,2.853172e-03
9.798386e-03,3.489751e-03,1.585708e-02,1.699572e-03,1.618882e-01,1.941508e-02,1.065372e-02,3.316635e-02,9.671262e-02,2.885315e-03,2.338541e-01,3.982491e-01,5.984270e-03,3.683906e-03,2.662545e-03
1.123760e-02,8.221855e-03,6.204718e-02,2.102423e-03,1.505832e-01,1.609914e-02,8.093964e-03,5.097949e-02,1.318441e-01,4.179961e-03,2.450789e-01,2.952611e-01,6.200539e-03,3.624728e-03,4.445797e-03
1.324623e-02,6.542737e-03,9.587167e-02,5.094507e-03,1.378657e-01,1.436631e-02,6.081441e-03,1.656679e-01,1.100155e-01,3.669272e-03,1.984818e-01,2.304648e-01,6.234351e-03,3.047624e-03,3.350209e-03
1.723061e-02,9.057725e-03,8.953329e-02,1.364992e-02,1.525783e-01,1.378099e-02,4.463694e-03,1.497144e-01,1.364358e-01,3.943614e-03,2.176763e-01,1.787322e-01,5.717033e-03,3.671162e-03,3.815052e-03
2.074243e-02,1.402086e-02,8.167560e-02,1.374576e-02,1.862788e-01,1.423476e-02,4.041588e-03,1.124259e-01,2.122441e-01,4.404681e-03,1.853883e-01,1.318740e-01,6.608479e-03,3.905030e-03,8.409818e-03
2.268910e-02,2.130796e-02,7.103815e-02,2.152846e-02,2.058275e-01,1.187720e-02,3.247778e-03,1.028357e-01,2.856095e-01,3.586178e-03,1.350868e-01,9.889051e-02,5.418205e-03,3.598867e-03,7.458040e-03
2.819306e-02,2.832572e-02,8.841898e-02,2.210405e-02,1.903027e-01,1.418390e-02,2.583754e-03,1.143826e-01,3.109806e-01,3.236629e-03,1.058657e-01,7.470973e-02,4.704427e-03,5.085192e-03,6.923032e-03
3.478232e-02,2.881200e-02,7.714336e-02,2.068766e-02,2.249260e-01,2.311915e-02,2.043143e-03,8.940410e-02,3.437463e-01,2.837916e-03,8.210987e-02,5.483855e-02,3.903324e-03,5.883541e-03,5.762799e-03
4.362786e-02,3.105380e-02,6.299850e-02,3.015949e-02,2.543878e-01,2.686610e-02,1.958719e-03,9.300321e-02,3.307436e-01,2.690916e-03,6.657272e-02,4.049859e-02,3.206777e-03,6.671032e-03,5.560971e-03
6.533641e-02,4.244557e-02,5.636281e-02,3.175190e-02,2.406370e-01,3.693047e-02,1.532430e-03,8.058050e-02,3.201106e-01,3.220832e-03,6.895445e-02,3.083435e-02,2.775779e-03,1.285417e-02,5.672617e-03
1.005866e-01,6.101099e-02,5.267023e-02,3.596227e-02,1.966344e-01,4.300208e-02,1.394059e-03,7.637918e-02,3.127837e-01,4.224523e-03,6.684701e-02,2.489474e-02,2.867738e-03,1.476899e-02,5.973427e-03
9.842539e-02,5.202027e-02,4.051792e-02,3.546852e-02,1.747586e-01,3.539323e-02,1.160581e-03,2.097332e-01,2.569763e-01,3.541165e-03,5.511162e-02,1.924449e-02,2.394625e-03,1.087424e-02,4.379880e-03
1.409705e-01,4.741009e-02,3.012351e-02,7.941704e-02,1.522352e-01,3.088477e-02,1.517127e-03,1.510643e-01,2.456357e-01,6.775689e-03,5.512790e-02,2.252772e-02,1.489843e-02,8.756045e-03,1.265603e-02
1.243616e-01,3.492188e-02,2.219428e-02,8.206706e-02,1.263137e-01,3.052844e-02,3.298692e-03,1.076684e-01,1.923810e-01,6.897628e-03,4.317455e-02,5.249687e-02,1.572305e-01,6.415437e-03,1.005002e-02
1.002740e-01,2.563824e-02,1.589788e-02,7.234251e-02,9.545349e-02,2.738639e-02,3.845999e-03,7.615256e-02,1.393155e-01,5.203469e-03,3.152343e-02,4.954323e-02,3.452271e-01,4.528377e-03,7.667814e-03
7.409824e-02,1.885431e-02,1.126897e-02,5.307065e-02,7.636333e-02,2.014006e-02,3.415254e-03,5.350402e-02,1.013808e-01,3.708167e-03,2.233799e-02,4.062069e-02,5.117924e-01,3.187828e-03,6.257315e-03
5.501407e-02,1.377737e-02,7.950968e-03,3.772033e-02,6.190331e-02,1.481604e-02,2.997680e-03,3.757842e-02,7.310203e-02,2.662410e-03,1.592482e-02,3.673561e-02,6.327400e-01,2.236677e-03,4.840266e-03
3.902937e-02,9.670234e-03,5.577520e-03,2.645354e-02,4.366201e-02,1.077641e-02,2.292642e-03,2.637317e-02,5.133265e-02,1.881032e-03,1.126677e-02,2.802731e-02,7.386165e-01,1.567297e-03,3.473520e-03
2.797259e-02,6.876547e-03,3.923733e-03,1.854796e-02,3.109911e-02,8.264422e-03,1.719988e-03,1.853049e-02,3.618224e-02,1.324446e-03,7.991107e-03,2.255007e-02,8.114176e-01,1.101951e-03,2.497751e-03
2.010029e-02,4.879150e-03,2.786333e-03,1.300927e-02,2.279621e-02,6.265605e-03,1.255064e-03,1.310846e-02,2.555940e-02,9.347639e-04,5.671817e-03,1.859671e-02,8.624441e-01,7.737059e-04,1.819045e-03
1.446460e-02,3.444998e-03,2.011955e-03,9.140540e-03,1.769025e-02,5.199995e-03,9.116236e-04,9.258085e-03,1.795743e-02,6.628619e-04,4.070603e-03,1.885045e-02,8.944341e-01,5.511714e-04,1.351306e-03
1.069926e-02,2.435569e-03,1.498911e-03,6.429909e-03,1.380287e-02,4.259916e-03,6.974213e-04,6.745652e-03,1.260730e-02,4.880638e-04,3.097193e-03,2.594947e-02,9.098437e-01,4.070330e-04,1.037756e-03
9.198568e-03,1.772779e-03,1.370781e-03,4.562232e-03,1.539639e-02,3.384359e-03,5.460809e-04,5.345190e-03,8.933111e-03,3.500939e-04,2.255084e-03,2.375906e-02,9.220365e-01,3.115645e-04,7.782463e-04
7.670949e-03,1.278797e-03,1.101674e-03,3.226462e-03,1.494158e-02,2.551345e-03,4.172065e-04,3.914542e-03,6.357484e-03,2.495412e-04,1.678157e-03,2.007181e-02,9.357429e-01,2.305661e-04,5.670185e-04
8.059657e-03,9.144271e-04,1.127325e-03,2.310077e-03,1.429082e-02,4.983927e-03,9.446384e-04,8.241310e-03,4.524190e-03,1.798392e-04,1.346291e-03,1.777289e-02,9.346813e-01,1.874638e-04,4.359274e-04
1.490225e-02,6.944709e-04,1.901699e-03,1.795553e-03,1.296194e-02,2.254543e-02,4.006401e-03,1.548862e-02,3.283100e-03,1.353978e-04,1.143537e-03,1.354918e-02,9.070621e-01,1.892232e-04,3.412272e-04
2.082054e-02,5.584398e-04,2.295277e-03,1.448518e-03,1.524640e-02,2.187802e-02,3.534059e-03,1.194918e-02,2.513561e-03,1.036025e-04,8.760433e-04,9.889188e-03,9.084371e-01,1.846419e-04,2.654405e-04
3.745890e-02,6.603969e-04,2.505934e-03,1.243960e-03,1.597022e-02,2.662706e-02,3.701809e-03,1.076654e-02,2.215591e-03,9.847666e-05,8.157493e-04,7.855048e-03,8.893523e-01,3.586644e-04,3.693294e-04
5.784797e-02,1.230493e-03,3.830347e-03,1.351536e-03,1.511145e-02,7.001109e-02,3.147607e-03,1.020447e-02,2.535576e-03,2.813431e-04,2.818160e-03,9.969026e-03,8.198725e-01,6.808032e-04,1.107658e-03
5.799717e-02,1.375918e-03,3.894109e-03,1.827834e-03,1.319388e-02,9.412646e-02,2.477250e-03,9.628455e-03,2.768273e-03,6.490825e-04,6.527761e-03,1.563866e-02,7.857897e-01,9.353556e-04,3.170053e-03
4.925243e-02,1.113797e-03,3.779030e-03,2.152563e-03,1.162485e-02,7.755838e-02,2.212124e-03,1.659214e-02,3.608335e-03,1.255216e-03,2.569441e-02,2.264241e-02,7.767764e-01,1.330385e-03,4.407539e-03
3.832898e-02,8.920413e-04,3.519500e-03,2.727368e-03,1.113351e-02,5.655613e-02,1.766442e-03,1.489319e-02,6.136994e-03,1.602138e-03,4.416492e-02,3.206658e-02,7.775595e-01,1.938422e-03,6.714294e-03
3.054972e-02,7.789604e-04,3.809361e-03,3.626778e-03,1.532911e-02,4.387193e-02,1.641574e-03,1.307299e-02,9.886740e-03,1.943595e-03,9.493147e-02,4.134993e-02,7.191881e-01,2.441807e-03,1.757798e-02
2.418821e-02,1.479613e-03,4.421022e-03,3.641652e-03,2.202957e-02,4.501349e-02,2.401330e-03,1.358496e-02,3.775998e-02,2.627493e-03,1.183347e-01,8.720283e-02,6.114089e-01,2.308621e-03,2.359769e-02
1.870916e-02,1.380916e-03,7.135849e-03,3.333383e-03,1.914784e-02,3.350563e-02,2.553174e-03,3.330788e-02,3.093106e-02,2.070789e-03,1.065910e-01,9.035732e-02,6.274778e-01,2.747425e-03,2.075072e-02
1.584538e-02,1.466737e-03,3.636329e-02,3.400926e-03,1.822058e-02,2.604124e-02,2.399893e-03,1.835513e-01,2.917303e-02,1.656954e-03,9.017004e-02,6.873546e-02,5.044644e-01,2.215885e-03,1.629496e-02
1.192465e-02,1.124544e-03,3.072069e-02,5.086137e-03,1.441200e-02,1.851091e-02,1.844184e-03,4.020228e-01,2.260780e-02,1.214340e-03,6.865978e-02,4.852176e-02,3.598936e-01,1.588308e-03,1.186848e-02
1.029122e-02,1.485214e-03,3.411945e-02,9.422501e-03,1.255082e-02,1.353624e-02,1.485092e-03,5.526032e-01,1.861024e-02,8.979673e-04,4.838451e-02,3.410953e-02,2.527192e-01,1.148890e-03,8.635936e-03
8.918067e-03,2.206803e-03,2.574067e-02,8.451446e-03,1.219503e-02,1.045039e-02,1.336954e-03,6.681929e-01,1.912750e-02,6.640049e-04,3.410396e-02,2.396408e-02,1.776782e-01,8.489985e-04,6.121004e-03
8.761395e-03,1.873709e-03,1.868448e-02,6.777341e-03,1.420756e-02,7.772653e-03,1.292225e-03,7.513236e-01,1.727790e-02,4.851720e-04,2.414340e-02,1.681068e-02,1.256377e-01,6.091639e-04,4.342976e-03
8.114742e-03,1.386304e-03,1.320493e-02,4.933899e-03,1.383057e-02,5.751840e-03,1.131054e-03,8.183621e-01,1.246621e-02,3.494438e-04,1.695509e-02,1.178229e-02,8.824151e-02,4.307345e-04,3.059247e-03
9.120044e-03,1.079999e-03,9.519335e-03,3.704767e-03,1.286182e-02,5.144977e-03,9.832747e-04,8.636421e-01,8.991939e-03,2.518524e-04,1.193087e-02,8.280331e-03,6.199259e-02,3.237000e-04,2.172343e-03
1.482271e-02,9.915505e-04,7.833162e-03,3.241805e-03,1.314307e-02,1.146233e-02,2.118585e-03,8.776121e-01,6.726388e-03,2.397175e-04,8.495722e-03,5.971762e-03,4.528770e-02,3.163835e-04,1.736995e-03
2.490456e-02,9.590492e-04,7.822895e-03,4.212398e-03,1.174707e-02,1.876241e-02,2.863957e-03,8.766878e-01,5.019128e-03,2.931508e-04,6.731982e-03,4.763491e-03,3.296719e-02,4.662155e-04,1.798669e-03
4.541346e-02,1.076828e-03,9.044597e-03,8.362845e-03,1.466996e-02,2.133228e-02,2.752267e-03,8.540963e-01,3.977657e-03,6.145277e-04,6.711838e-03,4.453378e-03,2.467287e-02,6.102941e-04,2.210910e-03
7.828391e-02,1.065588e-03,8.206950e-03,9.251934e-03,1.341581e-02,3.554403e-02,2.827004e-03,8.132674e-01,3.608942e-03,5.868654e-04,6.715766e-03,5.046464e-03,1.902793e-02,6.074005e-04,2.544030e-03
1.123725e-01,1.179621e-03,9.599386e-03,1.124459e-02,1.226634e-02,6.473459e-02,2.941139e-03,7.490258e-01,3.612884e-03,6.036209e-04,6.289472e-03,5.731789e-03,1.543100e-02,7.222657e-04,4.244933e-03
1.306588e-01,1.126226e-03,9.747501e-03,1.152314e-02,1.270141e-02,9.295909e-02,3.006174e-03,7.065426e-01,2.979442e-03,5.616600e-04,5.025628e-03,5.523096e-03,1.257136e-02,7.254058e-04,4.348437e-03
1.254036e-01,1.128983e-03,1.039702e-02,1.111943e-02,1.067057e-02,1.240331e-01,2.430408e-03,6.877985e-01,2.235302e-03,4.411904e-04,3.839292e-03,6.205831e-03,1.005162e-02,6.219688e-04,3.623193e-03
1.133801e-01,1.065125e-03,8.653308e-03,9.980614e-03,8.806151e-03,1.381216e-01,1.865133e-03,6.957144e-01,1.689219e-03,3.484469e-04,2.823683e-03,6.475178e-03,7.710120e-03,4.858953e-04,2.880975e-03
1.171150e-01,9.952609e-04,7.098358e-03,9.639874e-03,7.350169e-03,1.887272e-01,1.533279e-03,6.469285e-01,1.376308e-03,3.032057e-04,2.224644e-03,7.695481e-03,6.378421e-03,3.695897e-04,2.264646e-03
1.221021e-01,9.223132e-04,6.184316e-03,8.291375e-03,7.245289e-03,2.188733e-01,1.364191e-03,6.142612e-01,1.207773e-03,2.690853e-04,1.810345e-03,9.741399e-03,5.636782e-03,2.934392e-04,1.797131e-03
8.843160e-02,7.209700e-04,4.459540e-03,6.110627e-03,5.637742e-03,4.130887e-01,1.013263e-03,4.357059e-01,9.492962e-04,2.547476e-04,2.542658e-03,3.407358e-02,5.365901e-03,2.541585e-04,1.391290e-03
6.395483e-02,6.124382e-04,3.319374e-03,4.481972e-03,4.338614e-03,5.399541e-01,8.702072e-04,3.060893e-01,8.810608e-04,2.502149e-04,3.363789e-03,6.582408e-02,4.694310e-03,2.626182e-04,1.103001e-03
4.694011e-02,5.553080e-04,2.646292e-03,3.428579e-03,3.498099e-03,5.867305e-01,8.782130e-04,2.148007e-01,1.018486e-03,3.340948e-04,8.008001e-03,1.256397e-01,4.123540e-03,4.297764e-04,9.685297e-04
3.438973e-02,6.019624e-04,2.123959e-03,2.448570e-03,2.684408e-03,4.835308e-01,7.757596e-04,1.505585e-01,9.728678e-04,4.955165e-04,2.640610e-02,2.894221e-01,3.883212e-03,8.940246e-04,8.124543e-04
2.870670e-02,1.058106e-03,2.036355e-03,1.773648e-03,2.017865e-03,3.578758e-01,7.625272e-04,1.056511e-01,1.126277e-03,6.198542e-04,5.965115e-02,4.332017e-01,3.492633e-03,1.233178e-03,7.931418e-04
2.145074e-02,8.653736e-04,1.499039e-03,1.311978e-03,1.527545e-03,2.515580e-01,6.228616e-04,7.401210e-02,1.039263e-03,7.396684e-04,6.653336e-02,5.746704e-01,2.536688e-03,1.034993e-03,5.979575e-04
1.563290e-02,6.740200e-04,1.109488e-03,9.494315e-04,1.181561e-03,1.768543e-01,4.788131e-04,5.186036e-02,9.799545e-04,6.041995e-04,6.243828e-02,6.840823e-01,1.791809e-03,9.164312e-04,4.461339e-04
1.142719e-02,5.161856e-04,8.299930e-04,6.835450e-04,9.647990e-04,1.250916e-01,3.758196e-04,3.635740e-02,1.064387e-03,5.260499e-04,5.199878e-02,7.677145e-01,1.268514e-03,8.459702e-04,3.353288e-04
9.640904e-03,5.818846e-04,7.841719e-04,5.285944e-04,1.114374e-03,8.870260e-02,4.422553e-04,2.567289e-02,1.453584e-03,6.230382e-04,4.165721e-02,8.267890e-01,9.155991e-04,8.129782e-04,2.809545e-04
7.406669e-03,5.507327e-04,6.961101e-04,4.319681e-04,9.994123e-04,6.629927e-02,3.711528e-04,1.806482e-02,1.317005e-03,5.703424e-04,3.734125e-02,8.643212e-01,6.844822e-04,6.997813e-04,2.457669e-04
1.046400e-02,7.036984e-04,7.496375e-04,4.880778e-04,9.618030e-04,5.142574e-02,3.683364e-04,1.281532e-02,1.221374e-03,5.173882e-04,3.954326e-02,8.791038e-01,5.607986e-04,7.440092e-04,3.327983e-04
1.692367e-02,1.500260e-03,1.036357e-03,9.853012e-04,1.790592e-03,4.123631e-02,4.851166e-04,9.325540e-03,1.857851e-03,4.866067e-04,3.878719e-02,8.834717e-01,4.979583e-04,1.040884e-03,5.747097e-04
2.997389e-02,2.628312e-03,1.556985e-03,1.716624e-03,2.413972e-03,3.480239e-02,5.800689e-04,6.965473e-03,2.416378e-03,4.838092e-04,5.256943e-02,8.610306e-01,5.308507e-04,1.436925e-03,8.943214e-04
5.081095e-02,3.857839e-03,2.018765e-03,2.364163e-03,3.400489e-03,3.340345e-02,8.580071e-04,5.565238e-03,2.301337e-03,5.886791e-04,9.910357e-02,7.919362e-01,6.776606e-04,1.842490e-03,1.271180e-03
6.551122e-02,5.478318e-03,2.133559e-03,3.137273e-03,5.033788e-03,3.126155e-02,1.244616e-03,4.408889e-03,3.127724e-03,5.770386e-04,1.278274e-01,7.450240e-01,9.635187e-04,2.123180e-03,2.147959e-03
7.124248e-02,6.297629e-03,3.390797e-03,3.216705e-03,5.467204e-03,2.742401e-02,1.654799e-03,3.899745e-03,3.851333e-03,7.278118e-04,1.246888e-01,7.420645e-01,1.022890e-03,2.499633e-03,2.551640e-03
6.218658e-02,5.027623e-03,2.830972e-03,2.627719e-03,5.167710e-03,2.148286e-02,1.362951e-03,3.172469e-03,4.425933e-03,7.948013e-04,1.324497e-01,7.522686e-01,1.086002e-03,2.903383e-03,2.212726e-03
5.086729e-02,4.067718e-03,2.927369e-03,2.155901e-03,4.933120e-03,1.685266e-02,1.307782e-03,3.802053e-03,4.509566e-03,7.721655e-04,1.166335e-01,7.855291e-01,1.013116e-03,2.834655e-03,1.794007e-03
4.050235e-02,3.190539e-03,2.607536e-03,1.737092e-03,5.258638e-03,1.290125e-02,1.171914e-03,3.950673e-03,4.831308e-03,6.666525e-04,1.045170e-01,8.136971e-01,9.020378e-04,2.673173e-03,1.392815e-03
3.043618e-02,2.417138e-03,2.126480e-03,1.282379e-03,4.783342e-03,9.785850e-03,1.099337e-03,3.709772e-03,4.600383e-03,6.327771e-04,1.114718e-01,8.232920e-01,7.881123e-04,2.507463e-03,1.067017e-03
2.275548e-02,1.867433e-03,1.735627e-03,9.937480e-04,5.017571e-03,7.413700e-03,1.092679e-03,4.257377e-03,5.268981e-03,6.586781e-04,1.265108e-01,8.181072e-01,7.595394e-04,2.747768e-03,8.133387e-04
2.018535e-02,2.045676e-03,1.803391e-03,9.553891e-04,8.373486e-03,6.700429e-03,1.807769e-03,6.117927e-03,6.271642e-03,1.441496e-03,1.713003e-01,7.664138e-01,8.013211e-04,4.952330e-03,8.296403e-04
1.631170e-02,1.877830e-03,1.833126e-03,8.691247e-04,1.133222e-02,5.968400e-03,1.923743e-03,8.858826e-03,8.778219e-03,1.971417e-03,1.815164e-01,7.495388e-01,8.506208e-04,7.672349e-03,6.971563e-04
1.490820e-02,1.940622e-03,1.615954e-03,7.171914e-04,1.083643e-02,4.930491e-03,1.578071e-03,6.745005e-03,9.273072e-03,2.760015e-03,2.280533e-01,7.074030e-01,9.354235e-04,7.643554e-03,6.596009e-04
1.346568e-02,1.818863e-03,1.482138e-03,6.353826e-04,1.130132e-02,4.343041e-03,1.406870e-03,5.428886e-03,8.629981e-03,2.970366e-03,2.708538e-01,6.687328e-01,1.030375e-03,7.313627e-03,5.868631e-04
1.344732e-02,2.205119e-03,1.520374e-03,7.143721e-04,1.428699e-02,4.670830e-03,1.353650e-03,4.437193e-03,7.743639e-03,2.582339e-03,3.042842e-01,6.341040e-01,1.337087e-03,6.766676e-03,5.461454e-04
3.044004e-02,4.467419e-03,2.997195e-03,9.283231e-04,1.980336e-02,5.070287e-03,1.600249e-03,5.860432e-03,1.579948e-02,3.102513e-03,2.683234e-01,6.319998e-01,1.354702e-03,7.157837e-03,1.094998e-03
4.514044e-02,6.900623e-03,5.085248e-03,2.119028e-03,2.831661e-02,7.937627e-03,2.225807e-03,1.818471e-02,4.167430e-02,3.554747e-03,2.277496e-01,6.012930e-01,1.475225e-03,6.766443e-03,1.576615e-03
1.008482e-01,1.107898e-02,1.111651e-02,5.913626e-03,4.213687e-02,1.294314e-02,3.198919e-03,4.659825e-02,8.096457e-02,7.242794e-03,1.873085e-01,4.789921e-01,1.789931e-03,6.422115e-03,3.445505e-03
1.694477e-01,1.250666e-02,2.049217e-02,1.297029e-02,5.404535e-02,3.005771e-02,5.075589e-03,9.290265e-02,7.547525e-02,9.640083e-03,1.417228e-01,3.638439e-01,2.125523e-03,5.477129e-03,4.217086e-03
