1.000000e+00,0.000000e+00,0.000000e+00,0.000000e+00,0.000000e+00,0.000000e+00,0.000000e+00,0.000000e+00,0.000000e+00,0.000000e+00,0.000000e+00,0.000000e+00,0.000000e+00,0.000000e+00,0.000000e+00
1.000000e+00,0.000000e+00,0.000000e+00,0.000000e+00,0.000000e+00,0.000000e+00,0.000000e+00,0.000000e+00,0.000000e+00,0.000000e+00,0.000000e+00,0.000000e+00,0.000000e+00,0.000000e+00,0.000000e+00
1.000000e+00,0.000000e+00,0.000000e+00,0.000000e+00,0.000000e+00,0.000000e+00,0.000000e+00,0.000000e+00,0.000000e+00,0.000000e+00,0.000000e+00,0.000000e+00,0.000000e+00,0.000000e+00,0.000000e+00
1.000000e+00,0.000000e+00,0.000000e+00,0.000000e+00,0.000000e+00,0.000000e+00,0.000000e+00,0.000000e+00,0.000000e+00,0.000000e+00,0.000000e+00,0.000000e+00,0.000000e+00,0.000000e+00,0.000000e+00
1.000000e+00,0.000000e+00,0.000000e+00,0.000000e+00,0.000000e+00,0.000000e+00,0.000000e+00,0.000000e+00,0.000000e+00,0.000000e+00,0.000000e+00,0.000000e+00,0.000000e+00,0.000000e+00,0.000000e+00
1.000000e+00,0.000000e+00,0.000000e+00,0.000000e+00,0.000000e+00,0.000000e+00,0.000000e+00,0.000000e+00,0.000000e+00,0.000000e+00,0.000000e+00,0.000000e+00,0.000000e+00,0.000000e+00,0.000000e+00
1.000000e+00,0.000000e+00,0.000000e+00,0.000000e+00,0.000000e+00,0.000000e+00,0.000000e+00,0.000000e+00,0.000000e+00,0.000000e+00,0.000000e+00,0.000000e+00,0.000000e+00,0.000000e+00,0.000000e+00
1.000000e+00,0.000000e+00,0.000000e+00,0.000000e+00,0.000000e+00,0.000000e+00,0.000000e+00,0.000000e+00,0.000000e+00,0.000000e+00,0.000000e+00,0.000000e+00,0.000000e+00,0.000000e+00,0.000000e+00
1.000000e+00,0.000000e+00,0.000000e+00,0.000000e+00,0.000000e+00,0.000000e+00,0.000000e+00,0.000000e+00,0.000000e+00,0.000000e+00,0.000000e+00,0.000000e+00,0.000000e+00,0.000000e+00,0.000000e+00
1.000000e+00,0.000000e+00,0.000000e+00,0.000000e+00,0.000000e+00,0.000000e+00,0.000000e+00,0.000000e+00,0.000000e+00,0.000000e+00,0.000000e+00,0.000000e+00,0.000000e+00,0.000000e+00,0.000000e+00
1.000000e+00,0.000000e+00,0.000000e+00,0.000000e+00,0.000000e+00,0.000000e+00,0.000000e+00,0.000000e+00,0.000000e+00,0.000000e+00,0.000000e+00,0.000000e+00,0.000000e+00,0.000000e+00,0.000000e+00
1.000000e+00,0.000000e+00,0.000000e+00,0.000000e+00,0.000000e+00,0.000000e+00,0.000000e+00,0.000000e+00,0.000000e+00,0.000000e+00,0.000000e+00,0.000000e+00,0.000000e+00,0.000000e+00,0.000000e+00
1.000000e+00,0.000000e+00,0.000000e+00,0.000000e+00,0.000000e+00,0.000000e+00,0.000000e+00,0.000000e+00,0.000000e+00,0.000000e+00,0.000000e+00,0.000000e+00,0.000000e+00,0.000000e+00,0.000000e+00
1.000000e+00,0.000000e+00,0.000000e+00,0.000000e+00,0.000000e+00,0.000000e+00,0.000000e+00,0.000000e+00,0.000000e+00,0.000000e+00,0.000000e+00,0.000000e+00,0.000000e+00,0.000000e+00,0.000000e+00
1.000000e+00,0.000000e+00,0.000000e+00,0.000000e+00,0.000000e+00,0.000000e+00,0.000000e+00,0.000000e+00,0.000000e+00,0.000000e+00,0.000000e+00,0.000000e+00,0.000000e+00,0.000000e+00,0.000000e+00
1.000000e+00,0.000000e+00,0.000000e+00,0.000000e+00,0.000000e+00,0.000000e+00,0.000000e+00,0.000000e+00,0.000000e+00,0.000000e+00,0.000000e+00,0.000000e+00,0.000000e+00,0.000000e+00,0.000000e+00
1.000000e+00,0.000000e+00,0.000000e+00,0.000000e+00,0.000000e+00,0.000000e+00,0.000000e+00,0.000000e+00,0.000000e+00,0.000000e+00,0.000000e+00,0.000000e+00,0.000000e+00,0.000000e+00,0.000000e+00
1.000000e+00,0.000000e+00,0.000000e+00,0.000000e+00,0.000000e+00,0.000000e+00,0.000000e+00,0.000000e+00,0.000000e+00,0.000000e+00,0.000000e+00,0.000000e+00,0.000000e+00,0.000000e+00,0.000000e+00
1.000000e+00,0.000000e+00,0.000000e+00,0.000000e+00,0.000000e+00,0.000000e+00,0.000000e+00,0.000000e+00,0.000000e+00,0.000000e+00,0.000000e+00,0.000000e+00,0.000000e+00,0.000000e+00,0.000000e+00
1.000000e+00,0.000000e+00,0.000000e+00,0.000000e+00,0.000000e+00,0.000000e+00,0.000000e+00,0.000000e+00,0.000000e+00,0.000000e+00,0.000000e+00,0.000000e+00,0.000000e+00,0.000000e+00,0.000000e+00
1.000000e+00,0.000000e+00,0.000000e+00,0.000000e+00,0.000000e+00,0.000000e+00,0.000000e+00,0.000000e+00,0.000000e+00,0.000000e+00,0.000000e+00,0.000000e+00,0.000000e+00,0.000000e+00,0.000000e+00
1.000000e+00,0.000000e+00,0.000000e+00,0.000000e+00,0.000000e+00,0.000000e+00,0.000000e+00,0.000000e+00,0.000000e+00,0.000000e+00,0.000000e+00,0.000000e+00,0.000000e+00,0.000000e+00,0.000000e+00
1.000000e+00,0.000000e+00,0.000000e+00,0.000000e+00,0.000000e+00,0.000000e+00,0.000000e+00,0.000000e+00,0.000000e+00,0.000000e+00,0.000000e+00,0.000000e+00,0.000000e+00,0.000000e+00,0.000000e+00
1.000000e+00,0.000000e+00,0.000000e+00,0.000000e+00,0.000000e+00,0.000000e+00,0.000000e+00,0.000000e+00,0.000000e+00,0.000000e+00,0.000000e+00,0.000000e+00,0.000000e+00,0.000000e+00,0.000000e+00
1.000000e+00,0.000000e+00,0.000000e+00,0.000000e+00,0.000000e+00,0.000000e+00,0.000000e+00,0.000000e+00,0.000000e+00,0.000000e+00,0.000000e+00,0.000000e+00,0.000000e+00,0.000000e+00,0.000000e+00
1.000000e+00,0.000000e+00,0.000000e+00,0.000000e+00,0.000000e+00,0.000000e+00,0.000000e+00,0.000000e+00,0.000000e+00,0.000000e+00,0.000000e+00,0.000000e+00,0.000000e+00,0.000000e+00,0.000000e+00
1.000000e+00,0.000000e+00,0.000000e+00,0.000000e+00,0.000000e+00,0.000000e+00,0.000000e+00,0.000000e+00,0.000000e+00,0.000000e+00,0.000000e+00,0.000000e+00,0.000000e+00,0.000000e+00,0.000000e+00
4.463130e-01,3.518222e-02,3.025902e-02,1.422405e-01,1.173320e-02,2.761501e-02,6.286135e-03,2.201243e-02,2.555262e-02,3.826482e-03,7.756348e-02,1.084955e-01,2.751062e-02,7.308617e-03,2.810123e-02
3.909772e-01,4.571242e-02,3.749226e-02,1.665910e-01,1.577651e-02,2.545607e-02,6.390946e-03,2.101092e-02,3.474858e-02,4.817649e-03,7.636997e-02,9.729928e-02,2.669774e-02,9.726763e-03,4.093267e-02
2.892027e-01,4.694309e-02,1.035620e-01,2.204515e-01,1.458022e-02,2.141069e-02,5.142238e-03,1.943104e-02,3.475986e-02,5.218222e-03,6.553569e-02,8.758786e-02,2.455537e-02,1.074968e-02,5.086990e-02
3.235033e-01,5.689612e-02,8.124099e-02,1.952158e-01,2.140667e-02,2.289310e-02,6.086600e-03,1.758816e-02,3.223601e-02,5.036348e-03,5.907495e-02,8.114486e-02,3.050925e-02,1.353144e-02,5.363633e-02
2.558088e-01,7.348418e-02,8.390906e-02,3.033574e-01,2.140710e-02,1.890686e-02,5.086112e-03,1.698557e-02,2.801243e-02,3.813978e-03,4.539014e-02,6.410178e-02,2.421675e-02,1.085934e-02,4.466046e-02
3.216240e-01,6.982344e-02,7.899033e-02,2.646313e-01,2.445888e-02,2.023699e-02,4.979850e-03,1.529380e-02,2.482734e-02,3.345836e-03,3.905704e-02,5.476240e-02,2.454981e-02,9.793888e-03,4.362503e-02
4.002458e-01,6.437682e-02,6.323272e-02,2.157075e-01,2.622030e-02,2.238752e-02,4.928493e-03,1.350066e-02,2.274014e-02,3.280126e-03,3.263135e-02,4.927231e-02,2.715016e-02,9.372802e-03,4.495334e-02
4.510540e-01,6.024651e-02,4.939177e-02,1.814597e-01,2.605734e-02,2.648641e-02,5.631661e-03,1.236774e-02,2.107666e-02,3.347656e-03,2.774531e-02,5.126045e-02,2.993620e-02,8.857558e-03,4.508099e-02
1.000000e+00,0.000000e+00,0.000000e+00,0.000000e+00,0.000000e+00,0.000000e+00,0.000000e+00,0.000000e+00,0.000000e+00,0.000000e+00,0.000000e+00,0.000000e+00,0.000000e+00,0.000000e+00,0.000000e+00
1.000000e+00,0.000000e+00,0.000000e+00,0.000000e+00,0.000000e+00,0.000000e+00,0.000000e+00,0.000000e+00,0.000000e+00,0.000000e+00,0.000000e+00,0.000000e+00,0.000000e+00,0.000000e+00,0.000000e+00
1.000000e+00,0.000000e+00,0.000000e+00,0.000000e+00,0.000000e+00,0.000000e+00,0.000000e+00,0.000000e+00,0.000000e+00,0.000000e+00,0.000000e+00,0.000000e+00,0.000000e+00,0.000000e+00,0.000000e+00
1.000000e+00,0.000000e+00,0.000000e+00,0.000000e+00,0.000000e+00,0.000000e+00,0.000000e+00,0.000000e+00,0.000000e+00,0.000000e+00,0.000000e+00,0.000000e+00,0.000000e+00,0.000000e+00,0.000000e+00
1.000000e+00,0.000000e+00,0.000000e+00,0.000000e+00,0.000000e+00,0.000000e+00,0.000000e+00,0.000000e+00,0.000000e+00,0.000000e+00,0.000000e+00,0.000000e+00,0.000000e+00,0.000000e+00,0.000000e+00
1.000000e+00,0.000000e+00,0.000000e+00,0.000000e+00,0.000000e+00,0.000000e+00,0.000000e+00,0.000000e+00,0.000000e+00,0.000000e+00,0.000000e+00,0.000000e+00,0.000000e+00,0.000000e+00,0.000000e+00
1.000000e+00,0.000000e+00,0.000000e+00,0.000000e+00,0.000000e+00,0.000000e+00,0.000000e+00,0.000000e+00,0.000000e+00,0.000000e+00,0.000000e+00,0.000000e+00,0.000000e+00,0.000000e+00,0.000000e+00
1.000000e+00,0.000000e+00,0.000000e+00,0.000000e+00,0.000000e+00,0.000000e+00,0.000000e+00,0.000000e+00,0.000000e+00,0.000000e+00,0.000000e+00,0.000000e+00,0.000000e+00,0.000000e+00,0.000000e+00
1.000000e+00,0.000000e+00,0.000000e+00,0.000000e+00,0.000000e+00,0.000000e+00,0.000000e+00,0.000000e+00,0.000000e+00,0.000000e+00,0.000000e+00,0.000000e+00,0.000000e+00,0.000000e+00,0.000000e+00
1.000000e+00,0.000000e+00,0.000000e+00,0.000000e+00,0.000000e+00,0.000000e+00,0.000000e+00,0.000000e+00,0.000000e+00,0.000000e+00,0.000000e+00,0.000000e+00,0.000000e+00,0.000000e+00,0.000000e+00
1.000000e+00,0.000000e+00,0.000000e+00,0.000000e+00,0.000000e+00,0.000000e+00,0.000000e+00,0.000000e+00,0.000000e+00,0.000000e+00,0.000000e+00,0.000000e+00,0.000000e+00,0.000000e+00,0.000000e+00
1.000000e+00,0.000000e+00,0.000000e+00,0.000000e+00,0.000000e+00,0.000000e+00,0.000000e+00,0.000000e+00,0.000000e+00,0.000000e+00,0.000000e+00,0.000000e+00,0.000000e+00,0.000000e+00,0.000000e+00
1.000000e+00,0.000000e+00,0.000000e+00,0.000000e+00,0.000000e+00,0.000000e+00,0.000000e+00,0.000000e+00,0.000000e+00,0.000000e+00,0.000000e+00,0.000000e+00,0.000000e+00,0.000000e+00,0.000000e+00
1.000000e+00,0.000000e+00,0.000000e+00,0.000000e+00,0.000000e+00,0.000000e+00,0.000000e+00,0.000000e+00,0.000000e+00,0.000000e+00,0.000000e+00,0.000000e+00,0.000000e+00,0.000000e+00,0.000000e+00
1.000000e+00,0.000000e+00,0.000000e+00,0.000000e+00,0.000000e+00,0.000000e+00,0.000000e+00,0.000000e+00,0.000000e+00,0.000000e+00,0.000000e+00,0.000000e+00,0.000000e+00,0.000000e+00,0.000000e+00
1.000000e+00,0.000000e+00,0.000000e+00,0.000000e+00,0.000000e+00,0.000000e+00,0.000000e+00,0.000000e+00,0.000000e+00,0.000000e+00,0.000000e+00,0.000000e+00,0.000000e+00,0.000000e+00,0.000000e+00
1.000000e+00,0.000000e+00,0.000000e+00,0.000000e+00,0.000000e+00,0.000000e+00,0.000000e+00,0.000000e+00,0.000000e+00,0.000000e+00,0.000000e+00,0.000000e+00,0.000000e+00,0.000000e+00,0.000000e+00
1.000000e+00,0.000000e+00,0.000000e+00,0.000000e+00,0.000000e+00,0.000000e+00,0.000000e+00,0.000000e+00,0.000000e+00,0.000000e+00,0.000000e+00,0.000000e+00,0.000000e+00,0.000000e+00,0.000000e+00
1.000000e+00,0.000000e+00,0.000000e+00,0.000000e+00,0.000000e+00,0.000000e+00,0.000000e+00,0.000000e+00,0.000000e+00,0.000000e+00,0.000000e+00,0.000000e+00,0.000000e+00,0.000000e+00,0.000000e+00
1.000000e+00,0.000000e+00,0.000000e+00,0.000000e+00,0.000000e+00,0.000000e+00,0.000000e+00,0.000000e+00,0.000000e+00,0.000000e+00,0.000000e+00,0.000000e+00,0.000000e+00,0.000000e+00,0.000000e+00
1.000000e+00,0.000000e+00,0.000000e+00,0.000000e+00,0.000000e+00,0.000000e+00,0.000000e+00,0.000000e+00,0.000000e+00,0.000000e+00,0.000000e+00,0.000000e+00,0.000000e+00,0.000000e+00,0.000000e+00
1.000000e+00,0.000000e+00,0.000000e+00,0.000000e+00,0.000000e+00,0.000000e+00,0.000000e+00,0.000000e+00,0.000000e+00,0.000000e+00,0.000000e+00,0.000000e+00,0.000000e+00,0.000000e+00,0.000000e+00
1.000000e+00,0.000000e+00,0.000000e+00,0.000000e+00,0.000000e+00,0.000000e+00,0.000000e+00,0.000000e+00,0.000000e+00,0.000000e+00,0.000000e+00,0.000000e+00,0.000000e+00,0.000000e+00,0.000000e+00
1.000000e+00,0.000000e+00,0.000000e+00,0.000000e+00,0.000000e+00,0.000000e+00,0.000000e+00,0.000000e+00,0.000000e+00,0.000000e+00,0.000000e+00,0.000000e+00,0.000000e+00,0.000000e+00,0.000000e+00
1.000000e+00,0.000000e+00,0.000000e+00,0.000000e+00,0.000000e+00,0.000000e+00,0.000000e+00,0.000000e+00,0.000000e+00,0.000000e+00,0.000000e+00,0.000000e+00,0.000000e+00,0.000000e+00,0.000000e+00
1.000000e+00,0.000000e+00,0.000000e+00,0.000000e+00,0.000000e+00,0.000000e+00,0.000000e+00,0.000000e+00,0.000000e+00,0.000000e+00,0.000000e+00,0.000000e+00,0.000000e+00,0.000000e+00,0.000000e+00
1.000000e+00,0.000000e+00,0.000000e+00,0.000000e+00,0.000000e+00,0.000000e+00,0.000000e+00,0.000000e+00,0.000000e+00,0.000000e+00,0.000000e+00,0.000000e+00,0.000000e+00,0.000000e+00,0.000000e+00
4.197367e-01,6.505297e-03,8.343708e-03,2.454624e-02,3.409972e-03,5.257469e-02,4.507841e-03,2.855970e-02,6.137610e-03,9.981442e-03,5.978524e-02,3.397155e-01,1.041711e-02,5.545509e-03,2.023344e-02
3.524140e-01,7.303685e-03,8.643074e-03,2.649460e-02,3.468032e-03,5.163287e-02,3.588506e-03,2.100941e-02,6.763909e-03,9.310858e-03,6.273735e-02,4.117119e-01,8.443647e-03,5.317027e-03,2.116119e-02
2.760796e-01,8.576845e-03,7.400183e-03,3.262372e-02,5.095667e-03,4.672693e-02,2.808939e-03,1.515279e-02,8.016758e-03,7.866318e-03,7.476033e-02,4.826076e-01,6.965618e-03,5.394812e-03,1.992394e-02
2.733300e-01,9.766536e-03,7.089073e-03,4.687032e-02,1.419585e-02,3.960988e-02,2.235232e-03,1.130037e-02,9.892730e-03,6.638467e-03,7.611869e-02,4.690297e-01,5.595165e-03,5.914615e-03,2.241342e-02
2.765891e-01,9.363797e-03,6.329631e-03,5.230819e-02,2.092345e-02,3.921635e-02,1.851167e-03,8.600198e-03,9.481573e-03,5.409777e-03,7.292987e-02,4.656617e-01,4.581226e-03,6.366794e-03,2.038720e-02
2.678071e-01,1.005336e-02,6.518786e-03,6.137223e-02,3.645241e-02,3.952121e-02,1.604528e-03,6.711903e-03,9.467822e-03,4.361082e-03,6.412619e-02,4.633745e-01,4.286652e-03,5.960317e-03,1.838194e-02
2.546946e-01,1.035954e-02,7.236367e-03,6.535499e-02,4.303332e-02,4.388257e-02,1.520775e-03,5.412139e-03,8.760879e-03,3.784302e-03,5.415314e-02,4.769061e-01,3.934443e-03,4.876350e-03,1.609049e-02
2.295524e-01,1.011582e-02,8.664154e-03,5.834055e-02,4.251611e-02,5.759519e-02,1.322837e-03,4.139354e-03,7.951731e-03,3.458532e-03,6.788158e-02,4.845168e-01,3.668170e-03,4.502393e-03,1.577432e-02
2.639103e-01,1.858922e-02,1.171991e-02,6.005455e-02,3.777950e-02,6.030180e-02,2.335026e-03,4.083780e-03,8.528317e-03,4.023784e-03,7.957469e-02,4.179724e-01,4.231149e-03,4.822941e-03,2.207267e-02
2.947235e-01,1.938098e-02,1.030377e-02,5.606814e-02,3.754689e-02,5.971721e-02,2.805263e-03,4.013985e-03,9.094271e-03,3.953678e-03,9.163676e-02,3.782633e-01,4.956149e-03,5.167030e-03,2.236914e-02
2.939494e-01,1.837713e-02,8.502211e-03,4.445951e-02,3.317909e-02,5.277808e-02,3.413213e-03,4.181908e-03,8.210386e-03,4.674889e-03,1.522262e-01,3.424183e-01,5.386074e-03,6.279273e-03,2.196434e-02
2.352122e-01,1.777571e-02,6.993480e-03,3.491801e-02,3.132093e-02,4.843520e-02,4.234130e-03,4.269047e-03,8.881398e-03,5.338832e-03,2.606601e-01,3.099366e-01,6.312452e-03,5.800952e-03,1.991099e-02
1.890099e-01,2.808148e-02,1.084314e-02,3.356203e-02,3.583711e-02,5.403260e-02,5.596104e-03,1.750225e-02,1.545238e-02,7.153811e-03,2.932553e-01,2.624011e-01,6.739295e-03,5.905207e-03,3.462833e-02
1.394751e-01,2.693442e-02,1.094725e-02,2.641995e-02,3.307861e-02,5.395176e-02,4.767643e-03,1.603798e-02,2.409632e-02,9.497087e-03,3.456235e-01,2.622252e-01,8.426739e-03,6.493469e-03,3.202494e-02
1.053635e-01,2.516626e-02,9.911695e-03,1.968738e-02,3.542011e-02,4.954305e-02,3.939781e-03,1.335153e-02,3.098019e-02,1.133137e-02,3.267446e-01,3.222431e-01,8.698110e-03,1.077792e-02,2.684142e-02
7.803485e-02,2.486859e-02,2.123217e-02,1.500134e-02,5.181782e-02,3.698343e-02,3.051490e-03,1.937462e-02,3.429216e-02,1.115002e-02,3.210324e-01,3.366688e-01,1.249978e-02,1.141852e-02,2.257402e-02
5.805409e-02,2.094777e-02,2.519153e-02,1.246395e-02,4.862038e-02,3.006199e-02,2.901716e-03,6.899530e-02,3.468101e-02,1.123933e-02,3.097089e-01,3.250992e-01,2.334067e-02,1.143851e-02,1.725571e-02
4.947709e-02,1.773393e-02,3.297317e-02,1.215018e-02,7.738490e-02,2.509525e-02,2.971438e-03,1.066262e-01,7.283582e-02,1.200424e-02,2.633257e-01,2.780633e-01,2.386228e-02,1.250771e-02,1.298888e-02
4.127408e-02,1.629673e-02,2.866640e-02,9.441153e-03,1.123478e-01,2.243848e-02,2.977410e-03,8.703986e-02,2.090012e-01,1.011356e-02,2.101216e-01,2.115204e-01,1.857385e-02,1.076713e-02,9.420303e-03
4.445939e-02,1.397122e-02,3.392023e-02,1.179316e-02,1.172820e-01,1.891813e-02,2.621518e-03,1.046367e-01,1.855320e-01,1.974772e-02,2.562793e-01,1.598783e-01,1.474676e-02,9.221878e-03,6.991676e-03
4.719994e-02,1.390912e-02,5.093232e-02,2.283577e-02,1.423408e-01,1.902924e-02,2.679426e-03,1.110450e-01,1.881892e-01,1.508790e-02,2.428180e-01,1.188783e-01,1.230725e-02,7.418224e-03,5.329661e-03
5.203599e-02,1.334784e-02,3.743998e-02,2.043550e-02,1.460444e-01,2.136039e-02,2.294040e-03,8.406712e-02,2.317135e-01,1.140626e-02,2.647826e-01,9.482345e-02,1.031405e-02,5.945860e-03,3.989029e-03
7.063890e-02,1.209479e-02,2.717778e-02,2.454034e-02,1.643981e-01,2.836800e-02,2.300873e-03,6.779188e-02,2.717220e-01,8.729719e-03,2.020685e-01,9.906678e-02,1.121122e-02,5.273516e-03,4.617645e-03
7.870013e-02,1.327237e-02,2.135753e-02,6.088815e-02,1.332659e-01,2.473914e-02,2.068213e-03,5.633479e-02,3.311451e-01,8.319429e-03,1.498693e-01,9.298561e-02,1.479039e-02,4.239713e-03,8.024324e-03
1.065437e-01,1.527915e-02,1.815024e-02,5.569916e-02,1.662229e-01,2.223201e-02,2.026200e-03,7.500271e-02,2.896035e-01,8.087867e-03,1.172921e-01,8.789423e-02,1.900019e-02,5.536058e-03,1.143008e-02
1.354047e-01,2.295946e-02,1.707635e-02,5.472492e-02,2.152424e-01,2.086938e-02,2.170109e-03,7.783189e-02,2.527020e-01,8.042262e-03,8.671491e-02,6.616180e-02,1.571126e-02,6.541798e-03,1.784665e-02
1.886245e-01,2.896310e-02,1.577811e-02,5.965502e-02,2.288209e-01,2.151205e-02,2.255349e-03,6.186686e-02,2.197203e-01,8.343392e-03,6.705420e-02,5.388972e-02,1.359404e-02,7.855382e-03,2.206696e-02
2.362174e-01,3.376567e-02,1.417422e-02,5.100541e-02,1.904170e-01,1.949003e-02,2.197582e-03,1.109575e-01,2.017134e-01,7.872424e-03,5.041268e-02,4.123801e-02,1.179825e-02,6.602321e-03,2.213805e-02
2.110710e-01,2.968525e-02,1.200182e-02,3.863528e-02,1.487352e-01,1.606131e-02,2.374644e-03,2.888843e-01,1.484316e-01,6.018156e-03,3.639053e-02,3.090871e-02,8.809018e-03,5.002128e-03,1.699100e-02
1.753649e-01,2.331445e-02,1.012010e-02,3.028558e-02,1.318590e-01,1.363079e-02,2.909569e-03,4.280720e-01,1.075750e-01,4.753841e-03,2.623300e-02,2.251348e-02,6.599490e-03,4.152894e-03,1.261590e-02
1.413827e-01,1.708517e-02,7.943891e-03,2.203679e-02,1.019343e-01,1.175244e-02,3.234464e-03,5.616177e-01,7.681807e-02,3.625451e-03,1.869427e-02,1.636821e-02,5.320019e-03,3.182377e-03,9.004109e-03
1.310816e-01,1.258155e-02,6.214223e-03,1.647421e-02,7.779697e-02,1.078248e-02,3.427295e-03,6.435272e-01,5.530204e-02,2.791977e-03,1.398865e-02,1.247114e-02,4.446721e-03,2.597797e-03,6.516199e-03
1.192970e-01,9.536188e-03,4.752548e-03,1.226979e-02,5.804360e-02,1.699669e-02,2.992560e-03,7.022799e-01,3.972658e-02,2.000732e-03,1.023920e-02,9.417563e-03,4.988532e-03,2.646937e-03,4.812214e-03
1.059801e-01,6.937543e-03,4.402704e-03,9.422950e-03,4.328672e-02,1.683383e-02,2.728042e-03,7.565613e-01,2.848905e-02,1.466362e-03,7.410496e-03,6.864847e-03,3.823539e-03,2.291235e-03,3.501393e-03
9.623920e-02,5.131590e-03,4.256312e-03,7.708521e-03,3.621969e-02,1.426489e-02,2.646688e-03,7.939941e-01,2.046823e-02,1.111806e-03,5.432507e-03,4.958462e-03,2.976509e-03,2.042212e-03,2.549328e-03
8.078650e-02,3.889030e-03,4.973949e-03,6.697050e-03,3.050044e-02,1.216248e-02,4.349427e-03,8.267315e-01,1.491526e-02,9.001546e-04,4.037733e-03,3.624181e-03,2.489832e-03,1.936137e-03,2.006319e-03
6.626187e-02,2.845477e-03,5.196292e-03,5.784818e-03,2.510269e-02,1.009221e-02,5.424953e-03,8.573141e-01,1.072484e-02,7.077780e-04,2.939251e-03,2.632524e-03,1.938884e-03,1.508330e-03,1.526080e-03
5.988555e-02,2.108398e-03,5.239813e-03,4.558939e-03,1.949069e-02,8.710708e-03,5.723967e-03,8.774985e-01,7.998831e-03,6.004087e-04,2.156190e-03,1.983787e-03,1.557718e-03,1.155449e-03,1.331084e-03
5.537231e-02,1.600627e-03,4.338302e-03,3.498093e-03,1.643052e-02,6.595557e-03,5.584097e-03,8.939444e-01,5.766585e-03,4.721351e-04,1.623438e-03,1.573616e-03,1.280363e-03,8.456213e-04,1.074337e-03
6.077445e-02,1.226823e-03,3.588318e-03,2.777896e-03,1.278054e-02,5.469494e-03,5.016978e-03,8.982605e-01,4.229009e-03,3.890027e-04,1.277698e-03,1.509594e-03,1.132741e-03,6.319189e-04,9.350351e-04
7.297096e-02,9.734347e-04,2.900547e-03,2.331253e-03,1.027379e-02,4.866107e-03,4.987127e-03,8.914267e-01,3.116608e-03,3.657614e-04,1.104456e-03,2.051093e-03,1.244168e-03,5.015250e-04,8.864491e-04
7.192567e-02,7.988647e-04,2.361679e-03,2.246281e-03,1.047466e-02,3.953503e-03,4.193099e-03,8.957909e-01,2.435781e-03,3.605884e-04,9.876192e-04,2.021576e-03,1.222541e-03,4.104640e-04,8.167521e-04
8.082556e-02,2.814199e-03,2.286650e-03,4.092039e-03,1.208838e-02,4.139177e-03,3.337039e-03,8.236523e-01,1.581644e-02,2.195296e-03,6.814751e-03,1.327400e-02,2.385384e-02,1.601821e-03,3.208447e-03
7.524548e-02,3.429090e-03,2.153734e-03,5.729209e-03,1.730147e-02,3.901411e-03,2.770515e-03,7.510471e-01,4.528617e-02,3.451057e-03,1.519715e-02,1.533166e-02,4.851177e-02,3.004774e-03,7.639432e-03
6.006013e-02,3.183205e-03,1.717889e-03,9.409509e-03,2.239578e-02,3.233403e-03,2.157725e-03,6.281832e-01,9.445541e-02,5.783283e-03,3.538911e-02,1.822795e-02,9.931195e-02,4.081978e-03,1.240940e-02
5.035506e-02,3.927112e-03,1.497320e-03,1.390203e-02,2.588614e-02,1.026468e-02,8.235345e-03,4.931216e-01,1.251396e-01,4.484995e-03,3.968198e-02,1.524527e-02,1.930201e-01,3.334739e-03,1.190399e-02
4.625357e-02,3.224530e-03,1.562995e-03,1.057617e-02,2.460850e-02,1.068220e-02,1.325198e-01,4.315274e-01,9.047168e-02,3.460781e-03,6.996873e-02,1.232240e-02,1.495160e-01,2.542834e-03,1.076237e-02
3.510565e-02,2.457380e-03,1.351575e-03,7.569561e-03,1.845483e-02,1.405264e-02,3.344423e-01,3.355544e-01,6.373271e-02,2.577116e-03,4.991563e-02,9.217087e-03,1.157199e-01,1.837590e-03,8.011702e-03
7.846801e-02,4.729349e-03,1.931410e-03,6.192460e-03,1.953356e-02,1.708345e-02,3.366338e-01,2.921399e-01,5.039586e-02,2.212263e-03,4.482730e-02,1.100852e-02,1.245413e-01,1.900213e-03,8.402579e-03
8.208166e-02,6.801462e-03,2.082371e-03,4.724408e-03,3.484647e-02,1.440468e-02,2.940882e-01,2.287851e-01,4.322138e-02,2.477806e-03,6.903733e-02,1.289923e-02,1.910920e-01,2.184838e-03,1.127301e-02
7.430390e-02,5.334413e-03,3.128496e-03,3.465404e-03,3.605793e-02,1.103390e-02,2.260645e-01,1.620660e-01,3.318823e-02,3.993671e-03,5.583795e-02,1.832318e-02,3.470308e-01,2.588082e-03,1.758355e-02
6.413334e-02,4.023111e-03,2.756181e-03,2.520104e-03,3.174121e-02,8.358158e-03,1.621218e-01,1.143132e-01,2.419486e-02,3.907280e-03,4.407023e-02,2.623365e-02,4.930209e-01,2.747884e-03,1.585820e-02
4.606220e-02,3.086437e-03,2.687804e-03,1.819108e-03,4.239867e-02,7.381326e-03,1.335309e-01,9.192105e-02,1.818041e-02,3.646588e-03,3.989065e-02,2.150626e-02,5.679901e-01,3.001864e-03,1.689663e-02
3.595143e-02,2.595267e-03,3.765678e-03,1.884951e-03,5.115201e-02,1.001155e-02,9.581529e-02,6.589351e-02,1.358863e-02,2.882698e-03,2.998144e-02,2.007213e-02,6.509153e-01,2.289425e-03,1.320075e-02
2.922203e-02,2.085167e-03,4.063261e-03,2.602597e-03,4.877670e-02,1.795519e-02,6.822361e-02,4.716503e-02,1.081839e-02,2.385548e-03,2.400605e-02,1.869594e-02,7.120115e-01,1.945428e-03,1.004359e-02
2.164324e-02,1.599406e-03,3.099608e-03,2.051089e-03,3.773309e-02,1.524988e-02,4.806040e-02,3.329644e-02,8.371938e-03,1.787468e-03,2.074252e-02,2.234135e-02,7.745122e-01,1.570564e-03,7.940809e-03
1.575961e-02,1.276899e-03,2.357607e-03,1.655219e-03,2.889813e-02,1.503790e-02,3.380006e-02,2.347638e-02,6.431802e-03,1.411695e-03,1.660466e-02,3.796695e-02,8.066242e-01,1.376695e-03,7.322151e-03
1.304787e-02,1.131023e-03,2.337007e-03,2.312344e-03,3.026754e-02,2.260065e-02,2.387598e-02,1.859203e-02,6.117657e-03,1.166915e-03,1.461801e-02,3.305259e-02,8.236636e-01,1.400765e-03,5.815969e-03
1.026591e-02,8.622142e-04,1.703965e-03,2.354639e-03,2.332675e-02,5.662150e-02,1.684076e-02,1.418170e-02,4.777063e-03,9.143595e-04,2.624884e-02,5.919266e-02,7.771392e-01,1.197230e-03,4.373185e-03
8.730698e-03,6.563117e-04,1.831107e-03,2.074295e-03,2.039599e-02,5.305254e-02,1.200839e-02,1.149238e-02,3.761793e-03,9.006452e-04,4.386837e-02,1.676709e-01,6.687874e-01,1.011311e-03,3.757883e-03
7.218646e-03,6.369797e-04,7.072817e-03,1.791322e-03,7.033331e-02,4.054199e-02,1.011102e-02,1.334375e-02,4.953012e-03,9.257407e-04,5.250063e-02,2.191914e-01,5.669709e-01,7.814605e-04,3.626956e-03
6.101083e-03,5.445038e-04,7.103956e-03,1.517881e-03,6.962739e-02,3.049713e-02,7.771985e-03,2.322707e-02,4.696453e-03,1.035919e-03,4.978701e-02,2.853331e-01,5.085796e-01,6.231077e-04,3.553787e-03
6.051525e-03,5.653547e-04,1.081799e-02,1.496121e-03,7.427298e-02,2.225948e-02,6.362632e-03,4.606552e-02,5.622324e-03,9.774176e-04,4.921666e-02,3.580692e-01,4.145963e-01,4.811018e-04,3.145372e-03
8.481684e-03,7.050215e-04,2.200666e-02,1.427721e-03,7.206829e-02,2.502750e-02,7.137719e-03,8.867134e-02,6.975911e-03,1.117090e-03,4.172776e-02,3.305054e-01,3.890074e-01,1.110087e-03,4.030365e-03
1.258475e-02,7.957931e-04,2.680527e-02,1.698240e-03,7.271393e-02,1.921437e-02,8.010237e-03,1.376486e-01,7.110897e-03,9.344048e-04,3.113102e-02,3.384984e-01,3.380055e-01,1.596438e-03,3.252121e-03
2.659509e-02,8.497224e-04,2.447724e-02,2.960087e-03,7.623010e-02,1.830241e-02,2.106631e-02,1.096261e-01,5.730317e-03,7.727312e-04,2.229918e-02,2.995158e-01,3.854126e-01,3.274038e-03,2.888311e-03
3.336485e-02,7.927134e-04,1.766171e-02,2.908038e-03,8.803195e-02,2.024707e-02,2.655313e-02,8.066636e-02,4.711408e-03,6.283079e-04,1.603568e-02,2.707790e-01,4.304104e-01,4.470299e-03,2.739078e-03
5.291018e-02,9.011475e-04,1.264990e-02,4.366721e-03,8.736221e-02,2.499816e-02,2.242591e-02,5.780204e-02,4.099364e-03,5.082084e-04,1.253699e-02,2.829360e-01,4.304398e-01,3.266136e-03,2.797218e-03
6.097653e-02,1.705495e-03,9.434843e-03,1.789797e-02,1.356649e-01,4.147268e-02,2.148274e-02,5.004249e-02,4.492702e-03,4.899061e-04,1.072592e-02,2.239007e-01,4.153204e-01,2.451167e-03,3.941587e-03
6.658117e-02,2.480520e-03,7.058464e-03,2.265435e-02,1.645915e-01,5.471123e-02,1.870187e-02,3.857027e-02,5.857737e-03,4.284045e-04,8.651213e-03,2.041873e-01,3.991197e-01,1.894381e-03,4.511901e-03
6.608644e-02,2.609424e-03,5.100566e-03,1.969646e-02,1.243565e-01,4.277644e-02,1.453946e-02,2.761049e-02,5.161711e-03,4.946720e-04,6.674083e-03,1.515926e-01,5.277160e-01,1.650827e-03,3.934280e-03
7.625338e-02,2.964505e-03,4.165373e-03,2.385511e-02,1.066034e-01,3.464852e-02,1.160330e-02,3.231124e-02,5.104513e-03,4.866363e-04,7.072133e-03,1.189323e-01,5.714841e-01,1.332465e-03,3.183031e-03
1.185648e-01,3.496803e-03,4.280244e-03,2.165726e-02,1.161419e-01,2.777145e-02,9.919195e-03,4.685548e-02,4.995350e-03,5.310417e-04,6.420488e-03,9.555124e-02,5.393791e-01,1.513641e-03,2.922097e-03
1.254981e-01,3.542393e-03,4.764853e-02,5.966827e-02,9.276421e-02,2.448397e-02,9.053757e-03,1.141577e-01,4.195690e-03,6.686046e-04,5.329802e-03,6.962813e-02,4.393908e-01,1.347463e-03,2.622624e-03
1.681221e-01,3.048060e-03,5.558531e-02,5.282474e-02,7.188784e-02,2.314545e-02,9.309882e-03,1.701753e-01,3.890587e-03,6.780903e-04,4.619497e-03,5.054110e-02,3.824966e-01,1.176487e-03,2.498938e-03
1.751845e-01,3.484551e-03,6.219987e-02,4.037023e-02,5.615595e-02,2.674991e-02,1.569863e-01,1.476529e-01,3.146067e-03,1.316483e-03,4.376099e-03,4.079887e-02,2.776963e-01,1.316597e-03,2.565218e-03
2.154155e-01,4.364536e-03,7.890666e-02,3.130167e-02,4.327311e-02,4.719967e-02,1.853763e-01,1.339047e-01,2.853003e-03,1.357921e-03,4.541889e-03,3.547031e-02,2.094870e-01,2.072341e-03,4.475274e-03
2.509992e-01,4.845057e-03,6.103199e-02,2.524541e-02,3.637769e-02,6.258313e-02,2.117587e-01,1.309460e-01,2.661414e-03,1.392628e-03,4.104659e-03,3.356863e-02,1.654007e-01,1.848381e-03,7.236374e-03
3.147252e-01,4.224570e-03,4.480692e-02,1.952115e-02,2.863546e-02,4.883085e-02,2.529035e-01,1.092802e-01,2.693482e-03,1.900292e-03,4.872432e-03,3.639893e-02,1.203864e-01,2.193721e-03,8.626923e-03
3.839356e-01,3.762088e-03,3.263886e-02,1.546702e-02,2.309227e-02,4.121763e-02,2.554060e-01,8.647388e-02,2.532684e-03,2.489637e-03,5.352902e-03,4.479374e-02,9.127209e-02,2.589869e-03,8.975778e-03
3.740993e-01,4.883482e-03,2.348772e-02,1.319743e-02,2.356272e-02,3.734104e-02,2.483092e-01,6.603161e-02,4.404153e-03,2.973226e-03,7.101890e-03,1.065551e-01,7.621364e-02,2.807567e-03,9.031952e-03
3.530649e-01,3.860718e-03,1.672708e-02,1.185562e-02,2.079554e-02,4.076979e-02,1.904816e-01,4.955196e-02,7.961349e-03,2.757923e-03,2.602725e-02,1.571566e-01,1.078128e-01,2.770102e-03,8.406757e-03
3.521679e-01,3.315825e-03,1.191476e-02,1.075235e-02,1.760638e-02,4.289930e-02,1.767689e-01,3.729268e-02,9.362718e-03,2.494645e-03,3.369940e-02,1.603377e-01,1.315984e-01,2.658895e-03,7.130190e-03
3.100920e-01,2.567103e-03,8.434474e-03,7.937849e-03,1.296999e-02,4.508656e-02,1.514281e-01,2.693024e-02,1.104092e-02,2.212022e-03,3.243751e-02,2.298536e-01,1.494820e-01,3.692461e-03,5.835006e-03
2.597290e-01,2.660119e-03,6.041031e-03,6.183025e-03,1.725701e-02,3.601500e-02,1.160183e-01,1.938371e-02,3.162996e-02,3.716989e-03,3.006335e-02,2.673709e-01,1.959139e-01,3.156256e-03,4.861435e-03
1.851471e-01,2.695502e-03,4.477794e-03,4.567608e-03,1.962490e-02,2.616397e-02,8.326373e-02,1.377802e-02,3.473924e-02,4.089083e-03,2.404132e-02,3.508581e-01,2.399964e-01,2.680474e-03,3.876681e-03
1.305171e-01,3.316621e-03,3.630125e-03,3.304146e-03,1.952766e-02,1.860957e-02,5.927781e-02,9.813557e-03,3.321704e-02,4.432347e-03,1.905304e-02,4.212036e-01,2.682658e-01,2.456525e-03,3.375072e-03
9.406563e-02,2.621387e-03,2.951714e-03,2.352324e-03,1.979811e-02,1.351123e-02,4.219480e-02,8.501207e-03,4.206863e-02,6.901525e-03,1.555941e-02,5.077152e-01,2.354256e-01,2.767089e-03,3.566161e-03
7.355066e-02,1.133141e-02,5.044124e-03,2.628501e-03,6.090940e-02,1.180466e-02,3.020527e-02,1.403996e-02,1.177588e-01,2.514476e-02,1.377967e-02,4.347088e-01,1.894873e-01,2.840893e-03,6.765813e-03
5.987183e-02,2.362548e-02,1.138737e-02,4.035284e-03,1.264755e-01,1.291004e-02,2.307595e-02,3.080198e-02,1.569564e-01,4.378632e-02,1.068844e-02,3.385265e-01,1.467270e-01,2.601324e-03,8.530557e-03
5.255928e-02,2.101905e-02,9.547765e-03,4.370214e-03,1.170776e-01,1.396536e-02,1.718584e-02,2.617286e-02,1.376994e-01,4.223033e-02,1.372588e-02,4.082000e-01,1.251075e-01,3.769437e-03,7.369560e-03
4.467983e-02,1.736238e-02,7.753748e-03,4.843190e-03,1.102725e-01,1.518450e-02,1.259703e-02,2.314147e-02,1.300753e-01,4.090578e-02,1.807985e-02,4.430407e-01,1.214384e-01,4.277979e-03,6.347443e-03
4.103523e-02,1.377130e-02,6.434710e-03,5.397503e-03,9.109866e-02,2.060489e-02,9.328701e-03,2.071194e-02,1.279485e-01,3.323027e-02,4.322468e-02,4.367086e-01,1.409174e-01,4.271267e-03,5.316277e-03
3.016229e-02,1.021484e-02,4.618440e-03,4.750236e-03,6.511695e-02,1.652674e-02,6.600508e-03,1.487379e-02,1.116159e-01,2.420082e-02,5.055372e-02,4.883608e-01,1.627567e-01,5.434995e-03,4.213384e-03
2.159324e-02,7.509045e-03,3.370833e-03,3.967257e-03,4.782640e-02,1.266733e-02,4.798222e-03,1.083339e-02,1.353005e-01,1.749749e-02,5.249610e-02,5.293182e-01,1.455757e-01,4.165669e-03,3.080634e-03
1.708254e-02,6.868230e-03,3.321185e-03,4.520915e-03,5.928751e-02,1.487115e-02,5.498448e-03,1.145406e-02,2.003530e-01,1.383690e-02,7.794161e-02,4.599977e-01,1.177653e-01,4.545160e-03,2.656270e-03
1.445089e-02,7.720308e-03,3.689823e-03,5.210282e-03,6.428012e-02,3.444012e-02,5.394683e-03,1.355120e-02,2.293332e-01,1.099813e-02,1.033858e-01,4.005242e-01,1.000649e-01,3.903083e-03,3.053194e-03
1.274735e-02,1.455820e-02,3.772974e-03,8.940200e-03,5.785600e-02,4.883688e-02,5.380130e-03,1.595683e-02,2.180659e-01,9.893214e-03,1.298616e-01,3.662427e-01,9.630883e-02,7.049777e-03,4.529350e-03
1.252676e-02,1.469698e-02,3.850375e-03,8.474910e-03,5.585848e-02,4.859238e-02,5.157542e-03,1.537218e-02,1.903484e-01,8.534832e-03,1.291198e-01,3.615589e-01,1.324269e-01,9.113424e-03,4.368146e-03
2.416890e-02,1.232588e-02,4.947813e-03,7.553692e-03,4.679545e-02,1.128973e-01,1.549119e-02,3.676274e-02,1.466841e-01,7.975975e-03,1.298125e-01,3.098962e-01,1.302673e-01,1.007579e-02,4.345168e-03
7.920699e-02,1.037081e-02,4.258980e-03,6.358507e-03,3.752669e-02,9.646024e-02,1.287043e-02,2.903279e-02,1.065418e-01,8.061902e-03,1.170940e-01,3.546311e-01,1.085549e-01,2.385520e-02,5.175637e-03
1.463101e-01,8.426065e-03,3.601086e-03,6.628545e-03,3.213074e-02,8.200198e-02,1.037157e-02,2.285402e-02,7.742769e-02,6.382021e-03,1.021575e-01,3.719403e-01,1.021197e-01,2.251180e-02,5.136966e-03
1.372866e-01,6.447348e-03,2.778869e-03,5.703447e-03,2.444937e-02,7.334822e-02,7.556524e-03,1.758645e-02,5.526376e-02,4.812251e-03,8.612194e-02,4.679081e-01,8.562431e-02,2.087563e-02,4.237154e-03
1.156173e-01,5.173440e-03,2.121763e-03,4.363796e-03,1.762625e-02,6.749527e-02,5.450872e-03,1.375934e-02,4.046521e-02,3.533608e-03,6.595516e-02,5.717258e-01,6.638402e-02,1.673500e-02,3.593122e-03
1.140729e-01,5.368887e-03,1.990446e-03,3.777330e-03,1.336877e-02,8.242425e-02,4.081956e-03,1.147100e-02,3.313957e-02,2.649616e-03,5.504967e-02,6.043382e-01,5.207274e-02,1.263505e-02,3.559661e-03
1.007565e-01,5.141256e-03,1.689100e-03,3.009818e-03,9.866396e-03,8.117504e-02,2.968940e-03,9.624289e-03,2.946803e-02,1.961082e-03,4.385404e-02,6.585044e-01,3.907818e-02,9.758144e-03,3.144818e-03
9.356207e-02,5.475014e-03,1.510453e-03,2.512334e-03,7.993453e-03,7.604027e-02,2.256783e-03,1.162675e-02,2.985247e-02,1.526533e-03,3.366654e-02,6.935846e-01,2.999637e-02,7.524977e-03,2.871435e-03
7.683676e-02,6.151736e-03,1.903611e-03,2.543587e-03,7.334792e-03,7.980621e-02,1.995696e-03,4.654573e-02,3.495611e-02,1.542754e-03,2.441434e-02,6.845793e-01,2.333865e-02,5.477591e-03,2.573180e-03
6.682009e-02,6.976790e-03,1.632525e-03,3.332526e-03,6.112008e-03,9.940390e-02,1.624858e-03,3.896704e-02,3.714634e-02,1.946402e-03,1.791421e-02,6.806237e-01,3.027442e-02,4.388789e-03,2.836449e-03
5.552151e-02,5.991162e-03,1.740690e-03,3.548625e-03,5.706107e-03,8.418170e-02,1.674870e-03,7.249524e-02,3.824186e-02,2.057105e-03,1.345600e-02,6.718924e-01,3.753945e-02,3.343979e-03,2.609330e-03
4.278526e-02,5.772883e-03,1.967605e-03,4.652542e-03,5.910019e-03,8.181482e-02,1.424686e-03,5.348755e-02,5.590919e-02,2.284451e-03,1.034083e-02,6.316570e-01,9.625762e-02,2.611123e-03,3.124403e-03
3.349525e-02,6.530288e-03,2.585870e-03,6.516283e-03,5.977519e-03,6.626090e-02,1.190170e-03,3.834000e-02,1.098120e-01,2.840293e-03,8.269395e-03,5.436445e-01,1.688621e-01,2.080514e-03,3.594874e-03
2.720264e-02,6.657345e-03,3.928188e-03,9.163449e-03,8.872313e-03,5.125843e-02,1.117382e-03,2.787946e-02,1.405759e-01,2.670158e-03,7.984087e-03,4.152129e-01,2.896616e-01,2.677193e-03,5.138912e-03
2.064012e-02,5.566641e-03,2.964569e-03,7.037607e-03,7.218119e-03,3.809591e-02,1.020162e-03,1.985336e-02,1.146948e-01,1.996358e-03,6.108607e-03,2.996720e-01,4.682384e-01,2.132649e-03,4.760784e-03
1.613634e-02,5.115660e-03,2.302662e-03,5.360419e-03,5.744250e-03,3.070214e-02,9.698219e-04,1.419271e-02,9.745102e-02,1.537243e-03,4.786748e-03,2.205130e-01,5.895758e-01,1.612598e-03,3.999636e-03
1.219499e-02,4.199907e-03,1.957024e-03,4.067093e-03,4.509650e-03,2.258842e-02,8.214237e-04,1.015424e-02,8.527642e-02,1.144727e-03,3.580297e-03,1.578652e-01,6.864787e-01,1.299995e-03,3.861958e-03
9.171723e-03,3.087859e-03,1.563099e-03,2.957636e-03,3.722613e-03,1.847697e-02,8.420266e-04,7.744174e-03,6.101140e-02,8.219454e-04,2.812305e-03,1.141506e-01,7.688893e-01,1.056575e-03,3.691764e-03
8.658937e-03,2.416001e-03,4.058436e-03,2.259406e-03,1.109395e-02,1.345988e-02,2.210226e-03,1.915672e-02,4.551692e-02,6.514124e-04,2.720229e-03,8.141242e-02,7.995916e-01,1.054109e-03,5.739724e-03
7.996568e-03,2.112226e-03,3.158484e-03,1.902230e-03,1.074662e-02,1.014090e-02,1.692333e-03,1.394782e-02,3.490012e-02,4.929617e-04,2.062324e-03,5.804445e-02,8.477968e-01,8.090939e-04,4.197099e-03
7.232551e-03,2.042373e-03,2.465845e-03,1.685244e-03,1.000707e-02,7.778449e-03,1.266663e-03,1.018341e-02,2.668936e-02,3.947167e-04,1.655487e-03,4.147741e-02,8.834328e-01,6.006066e-04,3.088047e-03
6.334227e-03,1.738226e-03,1.841012e-03,1.342777e-03,7.897956e-03,5.958681e-03,9.260100e-04,7.324191e-03,2.081373e-02,3.225472e-04,1.356341e-03,2.965930e-02,9.117546e-01,4.692662e-04,2.261123e-03
5.630400e-03,1.414557e-03,1.403912e-03,1.146715e-03,6.348512e-03,4.777482e-03,6.904309e-04,5.406847e-03,1.604680e-02,2.521766e-04,1.104161e-03,2.134846e-02,9.323967e-01,3.801502e-04,1.652740e-03
4.990995e-03,1.190285e-03,1.078088e-03,8.737795e-04,5.163468e-03,3.880452e-03,5.486719e-04,3.980114e-03,1.301691e-02,2.103141e-04,9.111073e-04,1.641751e-02,9.461204e-01,3.527530e-04,1.265099e-03
4.970466e-03,1.311715e-03,9.700195e-04,6.846986e-04,4.176972e-03,3.801320e-03,4.591765e-04,3.451582e-03,1.158457e-02,2.006250e-04,8.288634e-04,1.237371e-02,9.537375e-01,3.862327e-04,1.062548e-03
1.107964e-02,2.082015e-03,9.606237e-03,1.036929e-03,9.474859e-03,4.904040e-03,7.687239e-04,5.861402e-03,1.721377e-02,1.883071e-04,1.040408e-03,9.545909e-03,9.255326e-01,5.635351e-04,1.101608e-03
1.466381e-02,4.985013e-03,2.239488e-02,3.132298e-03,1.357742e-02,7.415366e-03,1.146939e-03,1.478907e-02,4.181221e-02,3.457167e-04,1.049856e-03,7.384852e-03,8.654400e-01,5.005542e-04,1.362037e-03
1.327058e-02,6.479882e-03,2.117019e-02,2.904168e-03,1.380248e-02,9.736112e-03,1.435247e-03,1.429592e-02,6.551189e-02,3.047760e-04,9.757723e-04,5.718566e-03,8.422575e-01,3.922244e-04,1.744688e-03
1.510232e-02,9.463747e-03,1.894119e-02,2.358349e-03,2.148865e-02,1.215967e-02,2.546023e-03,1.141565e-02,7.496715e-02,3.751192e-04,9.559318e-04,4.387541e-03,8.233872e-01,3.157016e-04,2.135718e-03
1.666961e-02,2.269465e-02,1.661161e-02,2.333644e-03,3.216572e-02,1.531179e-02,5.364057e-03,1.083686e-02,1.540605e-01,4.860769e-04,1.048577e-03,3.416516e-03,7.159244e-01,2.896904e-04,2.786297e-03
1.590690e-02,2.742926e-02,1.332023e-02,2.654606e-03,3.977085e-02,2.013036e-02,5.490269e-03,1.115703e-02,2.416897e-01,4.361400e-04,1.028584e-03,2.670371e-03,6.151152e-01,2.502908e-04,2.950145e-03
1.606713e-02,3.763395e-02,1.011989e-02,4.372713e-03,6.045485e-02,2.694859e-02,5.059489e-03,1.399515e-02,3.684334e-01,4.038690e-04,8.370735e-04,1.974111e-03,4.484431e-01,3.263490e-04,4.930294e-03
1.437533e-02,5.412956e-02,7.562505e-03,7.106808e-03,8.138004e-02,4.099763e-02,4.445950e-03,1.599543e-02,4.452572e-01,3.847789e-04,6.373283e-04,1.515083e-03,3.212663e-01,3.692681e-04,4.576724e-03
1.514646e-02,4.615839e-02,6.184956e-03,7.126722e-02,7.458132e-02,4.087479e-02,4.260111e-03,5.090684e-02,4.487856e-01,6.068892e-04,9.428799e-04,1.298006e-03,2.277385e-01,3.549157e-04,1.089305e-02
1.319799e-02,3.332715e-02,5.203193e-03,5.684156e-02,6.114519e-02,3.083487e-02,3.092286e-03,2.639732e-01,3.614070e-01,4.517044e-04,1.225046e-03,1.035162e-03,1.600153e-01,2.748876e-04,7.975456e-03
2.393187e-02,2.506501e-02,9.108207e-03,6.633821e-02,7.031868e-02,3.317514e-02,4.291783e-03,3.238164e-01,3.176343e-01,5.471322e-04,2.117739e-03,1.125018e-03,1.130724e-01,3.945556e-04,9.063637e-03
2.310824e-02,1.847694e-02,1.254905e-01,1.697132e-01,5.397126e-02,2.498521e-02,3.147376e-03,2.544947e-01,2.298387e-01,7.581900e-04,2.921241e-03,1.343970e-03,8.011148e-02,3.380944e-04,1.130088e-02
7.241002e-02,1.738380e-02,1.130150e-01,1.920965e-01,5.900879e-02,2.448222e-02,3.192465e-03,2.203477e-01,2.047488e-01,1.352233e-03,9.147647e-03,2.430074e-03,5.771786e-02,6.947655e-04,2.197199e-02
7.679051e-02,1.431765e-02,8.438838e-02,1.574593e-01,5.380993e-02,2.263493e-02,2.786767e-03,3.268842e-01,1.826844e-01,1.166899e-03,1.550259e-02,2.321089e-03,4.178508e-02,6.345815e-04,1.683358e-02
5.712058e-02,1.030590e-02,6.052936e-02,1.130115e-01,4.452759e-02,1.645673e-02,2.173289e-03,4.981057e-01,1.372150e-01,9.776129e-04,1.546703e-02,1.777073e-03,2.965351e-02,4.818576e-04,1.219718e-02
4.297627e-02,7.321725e-03,4.274846e-02,7.953534e-02,3.349137e-02,1.171002e-02,1.575928e-03,6.385507e-01,9.815039e-02,7.838978e-04,1.199792e-02,1.301919e-03,2.089029e-02,3.571421e-04,8.608581e-03
3.589001e-02,5.334935e-03,3.150323e-02,5.622061e-02,2.636975e-02,9.704556e-03,1.252021e-03,7.319223e-01,6.902860e-02,8.278706e-04,9.290474e-03,1.063755e-03,1.501389e-02,3.078880e-04,6.270058e-03
3.108131e-02,3.817974e-03,2.239537e-02,4.015539e-02,2.241453e-02,8.475284e-03,1.104452e-03,7.975679e-01,4.853225e-02,7.778761e-04,7.192740e-03,8.478869e-04,1.089837e-02,2.653216e-04,4.473254e-03
