1.000000e+00,0.000000e+00,0.000000e+00,0.000000e+00,0.000000e+00,0.000000e+00,0.000000e+00,0.000000e+00,0.000000e+00,0.000000e+00,0.000000e+00,0.000000e+00,0.000000e+00,0.000000e+00,0.000000e+00
1.000000e+00,0.000000e+00,0.000000e+00,0.000000e+00,0.000000e+00,0.000000e+00,0.000000e+00,0.000000e+00,0.000000e+00,0.000000e+00,0.000000e+00,0.000000e+00,0.000000e+00,0.000000e+00,0.000000e+00
1.000000e+00,0.000000e+00,0.000000e+00,0.000000e+00,0.000000e+00,0.000000e+00,0.000000e+00,0.000000e+00,0.000000e+00,0.000000e+00,0.000000e+00,0.000000e+00,0.000000e+00,0.000000e+00,0.000000e+00
1.000000e+00,0.000000e+00,0.000000e+00,0.000000e+00,0.000000e+00,0.000000e+00,0.000000e+00,0.000000e+00,0.000000e+00,0.000000e+00,0.000000e+00,0.000000e+00,0.000000e+00,0.000000e+00,0.000000e+00
1.000000e+00,0.000000e+00,0.000000e+00,0.000000e+00,0.000000e+00,0.000000e+00,0.000000e+00,0.000000e+00,0.000000e+00,0.000000e+00,0.000000e+00,0.000000e+00,0.000000e+00,0.000000e+00,0.000000e+00
1.000000e+00,0.000000e+00,0.000000e+00,0.000000e+00,0.000000e+00,0.000000e+00,0.000000e+00,0.000000e+00,0.000000e+00,0.000000e+00,0.000000e+00,0.000000e+00,0.000000e+00,0.000000e+00,0.000000e+00
1.000000e+00,0.000000e+00,0.000000e+00,0.000000e+00,0.000000e+00,0.000000e+00,0.000000e+00,0.000000e+00,0.000000e+00,0.000000e+00,0.000000e+00,0.000000e+00,0.000000e+00,0.000000e+00,0.000000e+00
1.000000e+00,0.000000e+00,0.000000e+00,0.000000e+00,0.000000e+00,0.000000e+00,0.000000e+00,0.000000e+00,0.000000e+00,0.000000e+00,0.000000e+00,0.000000e+00,0.000000e+00,0.000000e+00,0.000000e+00
1.000000e+00,0.000000e+00,0.000000e+00,0.000000e+00,0.000000e+00,0.000000e+00,0.000000e+00,0.000000e+00,0.000000e+00,0.000000e+00,0.000000e+00,0.000000e+00,0.000000e+00,0.000000e+00,0.000000e+00
1.000000e+00,0.000000e+00,0.000000e+00,0.000000e+00,0.000000e+00,0.000000e+00,0.000000e+00,0.000000e+00,0.000000e+00,0.000000e+00,0.000000e+00,0.000000e+00,0.000000e+00,0.000000e+00,0.000000e+00
1.000000e+00,0.000000e+00,0.000000e+00,0.000000e+00,0.000000e+00,0.000000e+00,0.000000e+00,0.000000e+00,0.000000e+00,0.000000e+00,0.000000e+00,0.000000e+00,0.000000e+00,0.000000e+00,0.000000e+00
1.000000e+00,0.000000e+00,0.000000e+00,0.000000e+00,0.000000e+00,0.000000e+00,0.000000e+00,0.000000e+00,0.000000e+00,0.000000e+00,0.000000e+00,0.000000e+00,0.000000e+00,0.000000e+00,0.000000e+00
1.000000e+00,0.000000e+00,0.000000e+00,0.000000e+00,0.000000e+00,0.000000e+00,0.000000e+00,0.000000e+00,0.000000e+00,0.000000e+00,0.000000e+00,0.000000e+00,0.000000e+00,0.000000e+00,0.000000e+00
1.000000e+00,0.000000e+00,0.000000e+00,0.000000e+00,0.000000e+00,0.000000e+00,0.000000e+00,0.000000e+00,0.000000e+00,0.000000e+00,0.000000e+00,0.000000e+00,0.000000e+00,0.000000e+00,0.000000e+00
1.000000e+00,0.000000e+00,0.000000e+00,0.000000e+00,0.000000e+00,0.000000e+00,0.000000e+00,0.000000e+00,0.000000e+00,0.000000e+00,0.000000e+00,0.000000e+00,0.000000e+00,0.000000e+00,0.000000e+00
1.000000e+00,0.000000e+00,0.000000e+00,0.000000e+00,0.000000e+00,0.000000e+00,0.000000e+00,0.000000e+00,0.000000e+00,0.000000e+00,0.000000e+00,0.000000e+00,0.000000e+00,0.000000e+00,0.000000e+00
1.000000e+00,0.000000e+00,0.000000e+00,0.000000e+00,0.000000e+00,0.000000e+00,0.000000e+00,0.000000e+00,0.000000e+00,0.000000e+00,0.000000e+00,0.000000e+00,0.000000e+00,0.000000e+00,0.000000e+00
4.765795e-01,4.412225e-02,2.472240e-02,9.457828e-02,2.056598e-02,4.723767e-02,1.522249e-02,2.632988e-02,1.678910e-02,6.696806e-03,1.695063e-02,1.191783e-01,4.605835e-02,5.266957e-03,3.970136e-02
4.595327e-01,4.579349e-02,2.216162e-02,9.695894e-02,2.179858e-02,4.266903e-02,1.405769e-02,2.366637e-02,1.837998e-02,7.888925e-03,2.137035e-02,1.288554e-01,4.565436e-02,7.593698e-03,4.361883e-02
1.000000e+00,0.000000e+00,0.000000e+00,0.000000e+00,0.000000e+00,0.000000e+00,0.000000e+00,0.000000e+00,0.000000e+00,0.000000e+00,0.000000e+00,0.000000e+00,0.000000e+00,0.000000e+00,0.000000e+00
1.000000e+00,0.000000e+00,0.000000e+00,0.000000e+00,0.000000e+00,0.000000e+00,0.000000e+00,0.000000e+00,0.000000e+00,0.000000e+00,0.000000e+00,0.000000e+00,0.000000e+00,0.000000e+00,0.000000e+00
1.000000e+00,0.000000e+00,0.000000e+00,0.000000e+00,0.000000e+00,0.000000e+00,0.000000e+00,0.000000e+00,0.000000e+00,0.000000e+00,0.000000e+00,0.000000e+00,0.000000e+00,0.000000e+00,0.000000e+00
1.000000e+00,0.000000e+00,0.000000e+00,0.000000e+00,0.000000e+00,0.000000e+00,0.000000e+00,0.000000e+00,0.000000e+00,0.000000e+00,0.000000e+00,0.000000e+00,0.000000e+00,0.000000e+00,0.000000e+00
1.000000e+00,0.000000e+00,0.000000e+00,0.000000e+00,0.000000e+00,0.000000e+00,0.000000e+00,0.000000e+00,0.000000e+00,0.000000e+00,0.000000e+00,0.000000e+00,0.000000e+00,0.000000e+00,0.000000e+00
1.000000e+00,0.000000e+00,0.000000e+00,0.000000e+00,0.000000e+00,0.000000e+00,0.000000e+00,0.000000e+00,0.000000e+00,0.000000e+00,0.000000e+00,0.000000e+00,0.000000e+00,0.000000e+00,0.000000e+00
4.720255e-01,3.878762e-02,6.148394e-02,1.066547e-01,1.769640e-02,2.560009e-02,7.066753e-03,2.600386e-02,2.225361e-02,6.209389e-03,3.658736e-02,7.664764e-02,3.988683e-02,1.193288e-02,5.116343e-02
1.000000e+00,0.000000e+00,0.000000e+00,0.000000e+00,0.000000e+00,0.000000e+00,0.000000e+00,0.000000e+00,0.000000e+00,0.000000e+00,0.000000e+00,0.000000e+00,0.000000e+00,0.000000e+00,0.000000e+00
1.000000e+00,0.000000e+00,0.000000e+00,0.000000e+00,0.000000e+00,0.000000e+00,0.000000e+00,0.000000e+00,0.000000e+00,0.000000e+00,0.000000e+00,0.000000e+00,0.000000e+00,0.000000e+00,0.000000e+00
1.000000e+00,0.000000e+00,0.000000e+00,0.000000e+00,0.000000e+00,0.000000e+00,0.000000e+00,0.000000e+00,0.000000e+00,0.000000e+00,0.000000e+00,0.000000e+00,0.000000e+00,0.000000e+00,0.000000e+00
1.000000e+00,0.000000e+00,0.000000e+00,0.000000e+00,0.000000e+00,0.000000e+00,0.000000e+00,0.000000e+00,0.000000e+00,0.000000e+00,0.000000e+00,0.000000e+00,0.000000e+00,0.000000e+00,0.000000e+00
1.000000e+00,0.000000e+00,0.000000e+00,0.000000e+00,0.000000e+00,0.000000e+00,0.000000e+00,0.000000e+00,0.000000e+00,0.000000e+00,0.000000e+00,0.000000e+00,0.000000e+00,0.000000e+00,0.000000e+00
1.000000e+00,0.000000e+00,0.000000e+00,0.000000e+00,0.000000e+00,0.000000e+00,0.000000e+00,0.000000e+00,0.000000e+00,0.000000e+00,0.000000e+00,0.000000e+00,0.000000e+00,0.000000e+00,0.000000e+00
1.000000e+00,0.000000e+00,0.000000e+00,0.000000e+00,0.000000e+00,0.000000e+00,0.000000e+00,0.000000e+00,0.000000e+00,0.000000e+00,0.000000e+00,0.000000e+00,0.000000e+00,0.000000e+00,0.000000e+00
1.000000e+00,0.000000e+00,0.000000e+00,0.000000e+00,0.000000e+00,0.000000e+00,0.000000e+00,0.000000e+00,0.000000e+00,0.000000e+00,0.000000e+00,0.000000e+00,0.000000e+00,0.000000e+00,0.000000e+00
1.000000e+00,0.000000e+00,0.000000e+00,0.000000e+00,0.000000e+00,0.000000e+00,0.000000e+00,0.000000e+00,0.000000e+00,0.000000e+00,0.000000e+00,0.000000e+00,0.000000e+00,0.000000e+00,0.000000e+00
1.000000e+00,0.000000e+00,0.000000e+00,0.000000e+00,0.000000e+00,0.000000e+00,0.000000e+00,0.000000e+00,0.000000e+00,0.000000e+00,0.000000e+00,0.000000e+00,0.000000e+00,0.000000e+00,0.000000e+00
1.000000e+00,0.000000e+00,0.000000e+00,0.000000e+00,0.000000e+00,0.000000e+00,0.000000e+00,0.000000e+00,0.000000e+00,0.000000e+00,0.000000e+00,0.000000e+00,0.000000e+00,0.000000e+00,0.000000e+00
1.000000e+00,0.000000e+00,0.000000e+00,0.000000e+00,0.000000e+00,0.000000e+00,0.000000e+00,0.000000e+00,0.000000e+00,0.000000e+00,0.000000e+00,0.000000e+00,0.000000e+00,0.000000e+00,0.000000e+00
1.000000e+00,0.000000e+00,0.000000e+00,0.000000e+00,0.000000e+00,0.000000e+00,0.000000e+00,0.000000e+00,0.000000e+00,0.000000e+00,0.000000e+00,0.000000e+00,0.000000e+00,0.000000e+00,0.000000e+00
1.000000e+00,0.000000e+00,0.000000e+00,0.000000e+00,0.000000e+00,0.000000e+00,0.000000e+00,0.000000e+00,0.000000e+00,0.000000e+00,0.000000e+00,0.000000e+00,0.000000e+00,0.000000e+00,0.000000e+00
1.000000e+00,0.000000e+00,0.000000e+00,0.000000e+00,0.000000e+00,0.000000e+00,0.000000e+00,0.000000e+00,0.000000e+00,0.000000e+00,0.000000e+00,0.000000e+00,0.000000e+00,0.000000e+00,0.000000e+00
1.000000e+00,0.000000e+00,0.000000e+00,0.000000e+00,0.000000e+00,0.000000e+00,0.000000e+00,0.000000e+00,0.000000e+00,0.000000e+00,0.000000e+00,0.000000e+00,0.000000e+00,0.000000e+00,0.000000e+00
1.000000e+00,0.000000e+00,0.000000e+00,0.000000e+00,0.000000e+00,0.000000e+00,0.000000e+00,0.000000e+00,0.000000e+00,0.000000e+00,0.000000e+00,0.000000e+00,0.000000e+00,0.000000e+00,0.000000e+00
1.000000e+00,0.000000e+00,0.000000e+00,0.000000e+00,0.000000e+00,0.000000e+00,0.000000e+00,0.000000e+00,0.000000e+00,0.000000e+00,0.000000e+00,0.000000e+00,0.000000e+00,0.000000e+00,0.000000e+00
1.000000e+00,0.000000e+00,0.000000e+00,0.000000e+00,0.000000e+00,0.000000e+00,0.000000e+00,0.000000e+00,0.000000e+00,0.000000e+00,0.000000e+00,0.000000e+00,0.000000e+00,0.000000e+00,0.000000e+00
1.000000e+00,0.000000e+00,0.000000e+00,0.000000e+00,0.000000e+00,0.000000e+00,0.000000e+00,0.000000e+00,0.000000e+00,0.000000e+00,0.000000e+00,0.000000e+00,0.000000e+00,0.000000e+00,0.000000e+00
1.000000e+00,0.000000e+00,0.000000e+00,0.000000e+00,0.000000e+00,0.000000e+00,0.000000e+00,0.000000e+00,0.000000e+00,0.000000e+00,0.000000e+00,0.000000e+00,0.000000e+00,0.000000e+00,0.000000e+00
3.976415e-01,6.111654e-03,2.818925e-02,2.400886e-02,3.964877e-03,1.191053e-02,5.457669e-03,4.837385e-01,2.348939e-03,6.545105e-04,6.714264e-03,1.348982e-02,8.227229e-03,1.430347e-03,6.111958e-03
2.853776e-01,4.360818e-03,2.211093e-02,1.791207e-02,2.974571e-03,9.194957e-03,6.026600e-03,6.240301e-01,1.670369e-03,4.730900e-04,4.839214e-03,9.621867e-03,5.935805e-03,1.083283e-03,4.388765e-03
2.019906e-01,3.098112e-03,1.621936e-02,1.282812e-02,2.228733e-03,6.724847e-03,5.164588e-03,7.318718e-01,1.174670e-03,3.368915e-04,3.440154e-03,6.768219e-03,4.226042e-03,8.357821e-04,3.092137e-03
1.416358e-01,2.184217e-03,1.208619e-02,9.165656e-03,1.682193e-03,4.770034e-03,3.984021e-03,8.104872e-01,8.232105e-04,2.371457e-04,2.428617e-03,4.745993e-03,2.990345e-03,6.116167e-04,2.167790e-03
9.932746e-02,1.542824e-03,8.765922e-03,6.518814e-03,1.370118e-03,3.374941e-03,3.091309e-03,8.661108e-01,5.776681e-04,1.672575e-04,1.722090e-03,3.328805e-03,2.127805e-03,4.533179e-04,1.520822e-03
6.958088e-02,1.086755e-03,6.330240e-03,4.618902e-03,1.137289e-03,2.386375e-03,2.886105e-03,9.049485e-01,4.054548e-04,1.187068e-04,1.225859e-03,2.336459e-03,1.542054e-03,3.278270e-04,1.068540e-03
4.873886e-02,7.651883e-04,4.584937e-03,3.271403e-03,9.933400e-04,1.685117e-03,2.837605e-03,9.321046e-01,2.848634e-04,8.504541e-05,8.785339e-04,1.640648e-03,1.141777e-03,2.359063e-04,7.520717e-04
3.423895e-02,5.400823e-04,3.301427e-03,2.344472e-03,1.059181e-03,1.221629e-03,4.222562e-03,9.491949e-01,2.057216e-04,7.096925e-05,6.529434e-04,1.175019e-03,1.062297e-03,1.737749e-04,5.360606e-04
2.420290e-02,3.819614e-04,2.359748e-03,1.673306e-03,1.645376e-03,8.739131e-04,4.149681e-03,9.617832e-01,1.484128e-04,5.652503e-05,4.804968e-04,8.385110e-04,8.975038e-04,1.259244e-04,3.825992e-04
1.740684e-02,2.730464e-04,1.700118e-03,1.212255e-03,2.790026e-03,6.456800e-04,3.987712e-03,9.694929e-01,1.161040e-04,5.383847e-05,3.805691e-04,6.326215e-04,9.355961e-04,9.396535e-05,2.788219e-04
1.249008e-02,1.947810e-04,1.267939e-03,9.202335e-04,3.023122e-03,4.644297e-04,3.278940e-03,9.763116e-01,9.095692e-05,4.777525e-05,2.954774e-04,4.793620e-04,8.610693e-04,7.173833e-05,2.025577e-04
9.362770e-03,1.428971e-04,9.661653e-04,7.285480e-04,2.878252e-03,3.488754e-04,2.694351e-03,9.811981e-01,7.593418e-05,4.809416e-05,2.392210e-04,3.670138e-04,7.415047e-04,5.596800e-05,1.523549e-04
6.906366e-03,1.069747e-04,7.718660e-04,5.829411e-04,2.476198e-03,2.703884e-04,2.758414e-03,9.845417e-01,6.844326e-05,4.776264e-05,2.032604e-04,3.302657e-04,7.655965e-04,4.804219e-05,1.218697e-04
6.035656e-03,8.697871e-05,6.062472e-04,4.931129e-04,3.051592e-03,2.315691e-04,2.310051e-03,9.857360e-01,9.792935e-05,5.492564e-05,1.792482e-04,2.969069e-04,6.747271e-04,3.945870e-05,1.056410e-04
6.792553e-03,7.677671e-05,5.503295e-04,4.565204e-04,3.648699e-03,2.238612e-04,2.575538e-03,9.841383e-01,1.454672e-04,7.180679e-05,1.797659e-04,3.340819e-04,6.550877e-04,3.626441e-05,1.148668e-04
7.086631e-03,6.301168e-05,4.434524e-04,3.863844e-04,3.695692e-03,1.872204e-04,2.283182e-03,9.846177e-01,1.131727e-04,5.488937e-05,1.505580e-04,2.702094e-04,5.272868e-04,2.816286e-05,9.241178e-05
8.852785e-03,5.576995e-05,3.692633e-04,3.471439e-04,3.991313e-03,1.906458e-04,2.046685e-03,9.830745e-01,9.517009e-05,4.478039e-05,1.428657e-04,2.326678e-04,4.482207e-04,2.425460e-05,8.389751e-05
1.439637e-02,2.047386e-04,4.097677e-04,5.213912e-04,7.333240e-03,3.267520e-04,1.648718e-03,9.714569e-01,4.569158e-04,7.766070e-05,4.662987e-04,7.511802e-04,1.665611e-03,5.916898e-05,2.252925e-04
2.538680e-02,8.361521e-04,5.670785e-04,1.433114e-03,1.339540e-02,8.914177e-04,1.278681e-03,9.292168e-01,4.872908e-03,1.425282e-03,4.835773e-03,2.643025e-03,1.046112e-02,8.419494e-04,1.914447e-03
2.812029e-02,9.319933e-04,9.382293e-04,1.377209e-03,1.786318e-02,9.879305e-04,1.325272e-03,9.233887e-01,3.692775e-03,1.299340e-03,5.218111e-03,2.572450e-03,9.633482e-03,7.618241e-04,1.889208e-03
3.197575e-02,1.490555e-03,1.131103e-03,2.029243e-03,2.326089e-02,1.465650e-03,1.674268e-03,9.113902e-01,3.437367e-03,1.153738e-03,5.137724e-03,3.265187e-03,1.000420e-02,7.617188e-04,1.822388e-03
3.816980e-02,1.845361e-03,1.108153e-03,2.137669e-03,2.292106e-02,1.629291e-03,1.620528e-03,9.079047e-01,3.095620e-03,9.527396e-04,4.319761e-03,3.342083e-03,8.664994e-03,7.524283e-04,1.535767e-03
5.229815e-02,2.929954e-03,2.725565e-03,2.837575e-03,2.207272e-02,3.497153e-03,2.528955e-03,8.832472e-01,3.859679e-03,1.536437e-03,5.718628e-03,4.857759e-03,8.748192e-03,1.305110e-03,1.836936e-03
1.466884e-01,4.207213e-03,5.005003e-03,3.896204e-03,2.241645e-02,5.360246e-03,5.217453e-03,7.766811e-01,4.963351e-03,1.672620e-03,5.692579e-03,6.004432e-03,7.897697e-03,1.791387e-03,2.505818e-03
2.543253e-01,6.342039e-03,6.651931e-03,5.893456e-03,3.231924e-02,7.021605e-03,4.643611e-03,6.422325e-01,8.933139e-03,1.665217e-03,6.587338e-03,8.827129e-03,8.392548e-03,3.027467e-03,3.137506e-03
3.681808e-01,6.477596e-03,8.126371e-03,1.076260e-02,3.157227e-02,1.440227e-02,4.199444e-03,4.912151e-01,9.708334e-03,1.518841e-03,1.473364e-02,1.662343e-02,1.189164e-02,3.960594e-03,6.627207e-03
4.449177e-01,6.754195e-03,9.693553e-03,1.453725e-02,2.756524e-02,1.690814e-02,3.776134e-03,3.940833e-01,1.115861e-02,1.312556e-03,2.002374e-02,2.241533e-02,1.393458e-02,4.995822e-03,7.923841e-03
4.672552e-01,8.334296e-03,1.033586e-02,1.683008e-02,2.485030e-02,2.208579e-02,4.052971e-03,3.306252e-01,1.965845e-02,1.443739e-03,2.206691e-02,4.197989e-02,1.658096e-02,5.733833e-03,8.166587e-03
1.000000e+00,0.000000e+00,0.000000e+00,0.000000e+00,0.000000e+00,0.000000e+00,0.000000e+00,0.000000e+00,0.000000e+00,0.000000e+00,0.000000e+00,0.000000e+00,0.000000e+00,0.000000e+00,0.000000e+00
1.000000e+00,0.000000e+00,0.000000e+00,0.000000e+00,0.000000e+00,0.000000e+00,0.000000e+00,0.000000e+00,0.000000e+00,0.000000e+00,0.000000e+00,0.000000e+00,0.000000e+00,0.000000e+00,0.000000e+00
1.000000e+00,0.000000e+00,0.000000e+00,0.000000e+00,0.000000e+00,0.000000e+00,0.000000e+00,0.000000e+00,0.000000e+00,0.000000e+00,0.000000e+00,0.000000e+00,0.000000e+00,0.000000e+00,0.000000e+00
1.000000e+00,0.000000e+00,0.000000e+00,0.000000e+00,0.000000e+00,0.000000e+00,0.000000e+00,0.000000e+00,0.000000e+00,0.000000e+00,0.000000e+00,0.000000e+00,0.000000e+00,0.000000e+00,0.000000e+00
1.000000e+00,0.000000e+00,0.000000e+00,0.000000e+00,0.000000e+00,0.000000e+00,0.000000e+00,0.000000e+00,0.000000e+00,0.000000e+00,0.000000e+00,0.000000e+00,0.000000e+00,0.000000e+00,0.000000e+00
1.000000e+00,0.000000e+00,0.000000e+00,0.000000e+00,0.000000e+00,0.000000e+00,0.000000e+00,0.000000e+00,0.000000e+00,0.000000e+00,0.000000e+00,0.000000e+00,0.000000e+00,0.000000e+00,0.000000e+00
4.729273e-01,2.868514e-02,1.955013e-02,2.333397e-02,2.345249e-02,1.926334e-02,9.748223e-03,2.688628e-01,5.351061e-02,4.597784e-03,1.245845e-02,1.980509e-02,1.063639e-02,8.906921e-03,2.426134e-02
1.000000e+00,0.000000e+00,0.000000e+00,0.000000e+00,0.000000e+00,0.000000e+00,0.000000e+00,0.000000e+00,0.000000e+00,0.000000e+00,0.000000e+00,0.000000e+00,0.000000e+00,0.000000e+00,0.000000e+00
1.000000e+00,0.000000e+00,0.000000e+00,0.000000e+00,0.000000e+00,0.000000e+00,0.000000e+00,0.000000e+00,0.000000e+00,0.000000e+00,0.000000e+00,0.000000e+00,0.000000e+00,0.000000e+00,0.000000e+00
1.000000e+00,0.000000e+00,0.000000e+00,0.000000e+00,0.000000e+00,0.000000e+00,0.000000e+00,0.000000e+00,0.000000e+00,0.000000e+00,0.000000e+00,0.000000e+00,0.000000e+00,0.000000e+00,0.000000e+00
1.000000e+00,0.000000e+00,0.000000e+00,0.000000e+00,0.000000e+00,0.000000e+00,0.000000e+00,0.000000e+00,0.000000e+00,0.000000e+00,0.000000e+00,0.000000e+00,0.000000e+00,0.000000e+00,0.000000e+00
1.000000e+00,0.000000e+00,0.000000e+00,0.000000e+00,0.000000e+00,0.000000e+00,0.000000e+00,0.000000e+00,0.000000e+00,0.000000e+00,0.000000e+00,0.000000e+00,0.000000e+00,0.000000e+00,0.000000e+00
1.000000e+00,0.000000e+00,0.000000e+00,0.000000e+00,0.000000e+00,0.000000e+00,0.000000e+00,0.000000e+00,0.000000e+00,0.000000e+00,0.000000e+00,0.000000e+00,0.000000e+00,0.000000e+00,0.000000e+00
1.000000e+00,0.000000e+00,0.000000e+00,0.000000e+00,0.000000e+00,0.000000e+00,0.000000e+00,0.000000e+00,0.000000e+00,0.000000e+00,0.000000e+00,0.000000e+00,0.000000e+00,0.000000e+00,0.000000e+00
1.000000e+00,0.000000e+00,0.000000e+00,0.000000e+00,0.000000e+00,0.000000e+00,0.000000e+00,0.000000e+00,0.000000e+00,0.000000e+00,0.000000e+00,0.000000e+00,0.000000e+00,0.000000e+00,0.000000e+00
4.493189e-01,6.525825e-03,7.670610e-03,1.419903e-02,1.331541e-02,5.285974e-02,3.328203e-02,3.727328e-01,7.483844e-03,1.467463e-03,3.555646e-03,1.702754e-02,9.600560e-03,1.638089e-03,9.322572e-03
3.829955e-01,5.107370e-03,6.250336e-03,1.176258e-02,1.039577e-02,4.088311e-02,2.742664e-02,4.758053e-01,5.579178e-03,1.110533e-03,2.725713e-03,1.391899e-02,7.629794e-03,1.262577e-03,7.146502e-03
3.661988e-01,4.658011e-03,5.447747e-03,1.101530e-02,8.932509e-03,5.290395e-02,2.155768e-02,4.932213e-01,4.187703e-03,9.486833e-04,2.420875e-03,1.483491e-02,6.398509e-03,1.101032e-03,6.172999e-03
3.469111e-01,4.295434e-03,4.898290e-03,9.961548e-03,7.529426e-03,1.226544e-01,1.585708e-02,4.461524e-01,3.297711e-03,8.851010e-04,3.942533e-03,2.074401e-02,5.818305e-03,1.042311e-03,6.010288e-03
4.516635e-01,4.117722e-03,5.179643e-03,9.532584e-03,6.539619e-03,1.063932e-01,1.162355e-02,3.600233e-01,2.901660e-03,9.502805e-04,4.321666e-03,2.283533e-02,5.222847e-03,1.261269e-03,7.433893e-03
4.918501e-01,5.887127e-03,8.658659e-03,1.447951e-02,6.248347e-03,1.015734e-01,9.023329e-03,2.887669e-01,3.246159e-03,1.855928e-03,8.331164e-03,3.389016e-02,6.212760e-03,3.966770e-03,1.600969e-02
1.000000e+00,0.000000e+00,0.000000e+00,0.000000e+00,0.000000e+00,0.000000e+00,0.000000e+00,0.000000e+00,0.000000e+00,0.000000e+00,0.000000e+00,0.000000e+00,0.000000e+00,0.000000e+00,0.000000e+00
4.334085e-01,7.964483e-03,1.250657e-02,1.651609e-02,6.265287e-03,1.549749e-01,6.498606e-03,1.515639e-01,4.157349e-03,2.792838e-03,8.587126e-02,8.265175e-02,6.794253e-03,8.760503e-03,1.927378e-02
3.249050e-01,8.112074e-03,1.168183e-02,1.369906e-02,5.512869e-03,2.240540e-01,4.938528e-03,1.074817e-01,4.160749e-03,4.113733e-03,1.598622e-01,9.508722e-02,5.467626e-03,9.729775e-03,2.119363e-02
2.327457e-01,6.473633e-03,9.563065e-03,9.998403e-03,4.398738e-03,2.652328e-01,3.671017e-03,7.552354e-02,3.526271e-03,1.059071e-02,2.350947e-01,1.125006e-01,4.048262e-03,8.148108e-03,1.848445e-02
1.672412e-01,4.791265e-03,7.102112e-03,7.252777e-03,3.271771e-03,2.264800e-01,2.711995e-03,5.296628e-02,3.222439e-03,6.886616e-02,2.791314e-01,1.513060e-01,3.278066e-03,7.069271e-03,1.530937e-02
1.190178e-01,3.513638e-03,5.115776e-03,5.180823e-03,2.411036e-03,1.731789e-01,2.031418e-03,3.713119e-02,2.814584e-03,9.933493e-02,3.440432e-01,1.848384e-01,2.658082e-03,6.535986e-03,1.219427e-02
8.364762e-02,2.604974e-03,3.713204e-03,3.647842e-03,1.756585e-03,1.282796e-01,1.501523e-03,2.601378e-02,2.416844e-03,9.021610e-02,3.798143e-01,2.576824e-01,2.316445e-03,7.380885e-03,9.007887e-03
5.868581e-02,1.964545e-03,2.691429e-03,2.570653e-03,1.296535e-03,9.473399e-02,1.151450e-03,1.822435e-02,2.174131e-03,7.984181e-02,4.721183e-01,2.479885e-01,2.092889e-03,7.749614e-03,6.716013e-03
4.112022e-02,1.633412e-03,2.076876e-03,1.852628e-03,9.814436e-04,7.011336e-02,8.815486e-04,1.279057e-02,2.112576e-03,5.698109e-02,5.145126e-01,2.806236e-01,1.531685e-03,7.165546e-03,5.622846e-03
2.887523e-02,1.286458e-03,1.571859e-03,1.337770e-03,7.317377e-04,5.702269e-02,6.759955e-04,9.051448e-03,2.071136e-03,4.118241e-02,5.838885e-01,2.585585e-01,1.098405e-03,7.915312e-03,4.732509e-03
2.041227e-02,1.056181e-03,1.298984e-03,9.699254e-04,5.438803e-04,5.671226e-02,5.392878e-04,6.443697e-03,1.912327e-03,3.013965e-02,6.285818e-01,2.367484e-01,7.992190e-04,9.389259e-03,4.452831e-03
1.568222e-02,1.341469e-03,1.766796e-03,8.064607e-04,5.352442e-04,4.679723e-02,7.223996e-04,4.896326e-03,2.133971e-03,2.202534e-02,6.472907e-01,2.395393e-01,6.550426e-04,1.129724e-02,4.510188e-03
1.534187e-02,1.821968e-03,1.882792e-03,7.470443e-04,6.628099e-04,4.864879e-02,9.957689e-04,4.004516e-03,2.165651e-03,1.644282e-02,6.612473e-01,2.218223e-01,7.837467e-04,1.871522e-02,4.717365e-03
2.386513e-02,9.671306e-03,1.037800e-02,2.078741e-03,4.994641e-03,4.477880e-02,1.855984e-03,6.228527e-03,2.179610e-03,1.377873e-02,6.450438e-01,2.079683e-01,1.121033e-03,2.129737e-02,4.759922e-03
2.073742e-02,8.526225e-03,8.426799e-03,1.648487e-03,5.373063e-03,3.340672e-02,1.936321e-03,4.962412e-03,2.450290e-03,1.091907e-02,6.842663e-01,1.808912e-01,1.571473e-03,3.106831e-02,3.815924e-03
1.818492e-02,7.926607e-03,7.052694e-03,1.535546e-03,6.744721e-03,2.492418e-02,2.179328e-03,4.433466e-03,4.227162e-03,8.756588e-03,6.866570e-01,1.831127e-01,1.679318e-03,3.957850e-02,3.007289e-03
1.608468e-02,8.670239e-03,6.000279e-03,1.546692e-03,1.610376e-02,1.932225e-02,4.232908e-03,5.241902e-03,7.876225e-03,7.577314e-03,7.076924e-01,1.506709e-01,1.919328e-03,4.441755e-02,2.643599e-03
1.560971e-02,8.610491e-03,5.581298e-03,1.937554e-03,2.836831e-02,1.681329e-02,3.851301e-03,8.311789e-03,1.404430e-02,6.088752e-03,6.856868e-01,1.329605e-01,2.198771e-03,6.777684e-02,2.160324e-03
1.175747e-02,6.480025e-03,4.069366e-03,1.434181e-03,2.542610e-02,1.276815e-02,3.137638e-03,6.042677e-03,1.439869e-02,4.448228e-03,7.486285e-01,1.020836e-01,2.143323e-03,5.552453e-02,1.657605e-03
8.513425e-03,7.095168e-03,3.140190e-03,1.029293e-03,1.823903e-02,9.229797e-03,2.424079e-03,4.398269e-03,1.271155e-02,3.377178e-03,8.114462e-01,7.481816e-02,1.905152e-03,4.027796e-02,1.394587e-03
6.588317e-03,9.895643e-03,3.005550e-03,8.416359e-04,1.396246e-02,7.231006e-03,2.242127e-03,4.678479e-03,3.133395e-02,2.702659e-03,8.264726e-01,5.768479e-02,1.985933e-03,3.014620e-02,1.228624e-03
6.653881e-03,1.695769e-02,5.442800e-03,7.186839e-04,1.589646e-02,6.198050e-03,2.962505e-03,5.961964e-03,5.754812e-02,2.539549e-03,8.105511e-01,4.206430e-02,3.066800e-03,2.200926e-02,1.428866e-03
6.081406e-03,2.867248e-02,4.587913e-03,6.306349e-04,1.340896e-02,6.723075e-03,2.558678e-03,7.659403e-03,1.415202e-01,2.121923e-03,7.351137e-01,3.061779e-02,3.165796e-03,1.582659e-02,1.311420e-03
8.303137e-03,2.764515e-02,1.007822e-02,1.633745e-03,2.553380e-02,1.193717e-02,3.866093e-03,6.269387e-02,1.619191e-01,2.200948e-03,6.445827e-01,2.247043e-02,3.935876e-03,1.178423e-02,1.415648e-03
7.966778e-03,3.634508e-02,7.591961e-03,1.354694e-03,2.958426e-02,1.368526e-02,2.928494e-03,4.568089e-02,3.372593e-01,1.805412e-03,4.868376e-01,1.622737e-02,3.202827e-03,8.317925e-03,1.212212e-03
1.136465e-02,3.790395e-02,7.161983e-03,3.857715e-03,6.187833e-02,1.172743e-02,2.407185e-03,5.912915e-02,4.197174e-01,1.734145e-03,3.606153e-01,1.228374e-02,2.861326e-03,5.888351e-03,1.469451e-03
1.174679e-02,3.182466e-02,5.984989e-03,1.156950e-01,5.333395e-02,1.500556e-02,1.763970e-03,4.506283e-02,4.350899e-01,1.630693e-03,2.617486e-01,1.055052e-02,4.452148e-03,4.196746e-03,1.913762e-03
1.681935e-02,2.964839e-02,8.364739e-03,9.036423e-02,8.455216e-02,1.251421e-02,1.537226e-03,6.459306e-02,4.525416e-01,1.357225e-03,2.007661e-01,1.935309e-02,1.186867e-02,3.244578e-03,2.475532e-03
1.535626e-02,2.250905e-02,6.329371e-03,6.448755e-02,1.559651e-01,9.523822e-03,1.983445e-03,5.614363e-02,4.740687e-01,1.251470e-03,1.576137e-01,1.791680e-02,1.248109e-02,2.434049e-03,1.936003e-03
1.705175e-02,1.684125e-02,7.842348e-03,4.636120e-02,1.924086e-01,7.537602e-03,3.543467e-03,9.824890e-02,4.498692e-01,1.203172e-03,1.250891e-01,1.455241e-02,1.600980e-02,1.920282e-03,1.520902e-03
2.023368e-02,1.273036e-02,6.896441e-03,3.411809e-02,2.749029e-01,7.512894e-03,5.979179e-03,7.479320e-02,4.376858e-01,9.579291e-04,9.487829e-02,1.157328e-02,1.512554e-02,1.436604e-03,1.175829e-03
3.068649e-02,1.286631e-02,7.147517e-03,3.031820e-02,2.855060e-01,1.149897e-02,6.834675e-03,6.286000e-02,4.544921e-01,9.349043e-04,6.917278e-02,1.035827e-02,1.427484e-02,1.255810e-03,1.793168e-03
4.626170e-02,1.202871e-02,1.221734e-02,5.068371e-02,2.955739e-01,1.247660e-02,7.127436e-03,6.139973e-02,4.265634e-01,9.203048e-04,5.041028e-02,8.594261e-03,1.241662e-02,1.107120e-03,2.219004e-03
5.424478e-02,1.091711e-02,1.606859e-02,4.518307e-02,2.667648e-01,1.380347e-02,6.419745e-03,5.613426e-02,4.746880e-01,9.422842e-04,3.602802e-02,6.413581e-03,9.150405e-03,9.640836e-04,2.277876e-03
5.039568e-02,8.587697e-03,9.266799e-02,1.817671e-01,2.087757e-01,1.103019e-02,4.915622e-03,4.789771e-02,3.525121e-01,1.220165e-03,2.597812e-02,4.747211e-03,6.745425e-03,7.304404e-04,2.028998e-03
7.293227e-02,9.258647e-03,1.179556e-01,2.133561e-01,1.654477e-01,1.249249e-02,3.918464e-03,3.656263e-02,3.290952e-01,4.289273e-03,2.084935e-02,4.111857e-03,5.154438e-03,7.112953e-04,3.864635e-03
7.069327e-02,8.639194e-03,1.774933e-01,2.780480e-01,1.326033e-01,9.785515e-03,3.450395e-03,4.680230e-02,2.425940e-01,3.709943e-03,1.547123e-02,3.182949e-03,3.831199e-03,5.621950e-04,3.133399e-03
8.123838e-02,7.894474e-03,1.633045e-01,3.217679e-01,1.273399e-01,7.884282e-03,2.844707e-03,8.027792e-02,1.822352e-01,3.317755e-03,1.255378e-02,2.862011e-03,3.018860e-03,6.396301e-04,2.820803e-03
8.878565e-02,6.329454e-03,1.265859e-01,2.416445e-01,1.053773e-01,6.190740e-03,2.185202e-03,2.712980e-01,1.325056e-01,2.532010e-03,9.314597e-03,2.198636e-03,2.277318e-03,5.170898e-04,2.257988e-03
7.631851e-02,4.890420e-03,9.212608e-02,1.838084e-01,7.587648e-02,4.852077e-03,1.911512e-03,4.521782e-01,9.365370e-02,1.879786e-03,6.811379e-03,1.645714e-03,1.751195e-03,4.227321e-04,1.873764e-03
6.610404e-02,3.541444e-03,6.793521e-02,1.412620e-01,5.418339e-02,4.440904e-03,1.912455e-03,5.837883e-01,6.571354e-02,1.503606e-03,5.007373e-03,1.372990e-03,1.426433e-03,3.509602e-04,1.457458e-03
6.013661e-02,2.576478e-03,4.852521e-02,1.076964e-01,4.045599e-02,3.573822e-03,1.818963e-03,6.808285e-01,4.611418e-02,1.093607e-03,3.666460e-03,1.042648e-03,1.135007e-03,2.626095e-04,1.073594e-03
7.228395e-02,2.441766e-03,3.648432e-02,8.069749e-02,2.924780e-02,7.516284e-03,3.536276e-03,7.113232e-01,3.281708e-02,1.002167e-03,3.077278e-03,2.688421e-03,1.523425e-02,3.086906e-04,1.341041e-03
8.620420e-02,2.319858e-03,2.737729e-02,6.641071e-02,2.240138e-02,1.309763e-02,4.835828e-03,6.372568e-01,2.420973e-02,8.298011e-04,4.324120e-03,4.298777e-03,1.039037e-01,4.241472e-04,2.106083e-03
6.214984e-02,1.713817e-03,1.951308e-02,4.801264e-02,1.653609e-02,1.053929e-02,4.148024e-03,4.553079e-01,1.741199e-02,6.179032e-04,3.833536e-03,4.107841e-03,3.537610e-01,3.148541e-04,2.032194e-03
4.664748e-02,1.296274e-03,1.389182e-02,3.434711e-02,1.328722e-02,8.252266e-03,3.813024e-03,3.292485e-01,1.256229e-02,4.595728e-04,3.328466e-03,4.619256e-03,5.260482e-01,2.351356e-04,1.963452e-03
3.945844e-02,1.007840e-03,1.005965e-02,2.410733e-02,1.121656e-02,6.458946e-03,3.403852e-03,2.320113e-01,9.021428e-03,3.577666e-04,2.772383e-03,6.196080e-03,6.520590e-01,1.880750e-04,1.681420e-03
3.251937e-02,7.484163e-04,7.110700e-03,1.689692e-02,8.418064e-03,5.131107e-03,2.626374e-03,1.628560e-01,6.389227e-03,2.768873e-04,2.436408e-03,1.096394e-02,7.420546e-01,1.512033e-04,1.420829e-03
2.568390e-02,5.539179e-04,4.994723e-03,1.183706e-02,6.402625e-03,3.881596e-03,2.075442e-03,1.141643e-01,4.550095e-03,2.074418e-04,1.923873e-03,1.361580e-02,8.088712e-01,1.297669e-04,1.108324e-03
1.936090e-02,4.243134e-04,3.516455e-03,8.294538e-03,5.522831e-03,3.302956e-03,1.587660e-03,8.007126e-02,3.260118e-03,1.610926e-04,1.514191e-03,1.877539e-02,8.532358e-01,1.270356e-04,8.454766e-04
1.451072e-02,3.319227e-04,2.498239e-03,5.831676e-03,5.347637e-03,3.871525e-03,1.247158e-03,5.623627e-02,2.404670e-03,1.324246e-04,1.273814e-03,2.879168e-02,8.767061e-01,1.403197e-04,6.758097e-04
1.282709e-02,4.718492e-04,1.925012e-03,4.144644e-03,2.289178e-02,4.094989e-03,1.154500e-03,3.960769e-02,3.969267e-03,1.067286e-04,9.990493e-04,2.543799e-02,8.816863e-01,1.531476e-04,5.299585e-04
1.319711e-02,4.302045e-04,1.647283e-03,3.049085e-03,2.274504e-02,6.674203e-03,1.860522e-03,2.928089e-02,3.207888e-03,9.037944e-05,8.363150e-04,2.181617e-02,8.945583e-01,1.863217e-04,4.202279e-04
3.239524e-02,8.534251e-04,1.864295e-03,2.657292e-03,3.138958e-02,1.197925e-02,1.807334e-03,2.304706e-02,4.194521e-03,1.605583e-04,1.309090e-03,1.836380e-02,8.689669e-01,4.388115e-04,5.727200e-04
5.751677e-02,1.189496e-03,2.339719e-03,2.897481e-03,3.526669e-02,1.671529e-02,2.394820e-03,2.898014e-02,5.699166e-03,3.251841e-04,3.391964e-03,2.383246e-02,8.178892e-01,7.643789e-04,7.971662e-04
7.595515e-02,1.135456e-03,3.738115e-03,6.210558e-03,3.979488e-02,3.446359e-02,2.134689e-03,7.477367e-02,7.648719e-03,1.267296e-03,1.644330e-02,4.373142e-02,6.889992e-01,1.390563e-03,2.313336e-03
8.436053e-02,2.699993e-03,1.420209e-02,1.548222e-02,5.840788e-02,2.642324e-02,2.101293e-03,7.788555e-02,2.954734e-02,6.082608e-03,7.039631e-02,4.150365e-02,5.627822e-01,3.013440e-03,5.111635e-03
6.950910e-02,3.307605e-03,1.689649e-02,1.922189e-02,5.023064e-02,2.024271e-02,1.734739e-03,6.648645e-02,3.793732e-02,5.928098e-03,1.490989e-01,4.722924e-02,5.039940e-01,2.940703e-03,5.242115e-03
5.238353e-02,3.651180e-03,1.442464e-02,1.807513e-02,4.699805e-02,1.974445e-02,1.648093e-03,4.954152e-02,6.007945e-02,6.767592e-03,2.177001e-01,4.853958e-02,4.408292e-01,4.044702e-03,1.557276e-02
4.057901e-02,7.474365e-03,1.420246e-02,1.752338e-02,4.686536e-02,2.701755e-02,1.829803e-03,3.909462e-02,9.513853e-02,6.984069e-03,2.197676e-01,4.460803e-02,3.623671e-01,7.177789e-03,6.937036e-02
3.383246e-02,1.024147e-02,3.574986e-02,1.836038e-02,5.240507e-02,3.359865e-02,1.966714e-03,4.868759e-02,1.067710e-01,7.749290e-03,2.079656e-01,4.038744e-02,3.204874e-01,9.529048e-03,7.226808e-02
3.355286e-02,2.150574e-02,2.838863e-02,1.417780e-02,5.319402e-02,4.453428e-02,2.220946e-03,4.132070e-02,1.617202e-01,1.053384e-02,1.916703e-01,2.992522e-02,2.418897e-01,1.227414e-02,1.130916e-01
3.709496e-02,2.961501e-02,2.677710e-02,1.156336e-02,5.796975e-02,5.160265e-02,3.010193e-03,5.124411e-02,2.021010e-01,1.299930e-02,1.621966e-01,2.307238e-02,1.936828e-01,1.471030e-02,1.223605e-01
7.163863e-02,3.127489e-02,8.911096e-02,1.771878e-02,6.821030e-02,4.782276e-02,2.993113e-03,7.868981e-02,1.707040e-01,1.248274e-02,1.202498e-01,2.420039e-02,1.542248e-01,1.397966e-02,9.669925e-02
1.410352e-01,3.932443e-02,7.894835e-02,1.642856e-02,8.191748e-02,4.051261e-02,4.866413e-03,6.907753e-02,1.760282e-01,1.159936e-02,8.823878e-02,1.995514e-02,1.123163e-01,2.472958e-02,9.502198e-02
2.015790e-01,3.694596e-02,6.432454e-02,1.673443e-02,7.976800e-02,3.084957e-02,5.515527e-03,1.199844e-01,1.759634e-01,9.267914e-03,6.468075e-02,1.742856e-02,8.147093e-02,2.518622e-02,7.030091e-02
2.330190e-01,2.916262e-02,4.848932e-02,1.441320e-02,7.038201e-02,2.436271e-02,5.688222e-03,2.278270e-01,1.483193e-01,6.784422e-03,4.690278e-02,1.467405e-02,5.908772e-02,1.910189e-02,5.178582e-02
1.807840e-01,2.110584e-02,3.502792e-02,1.081590e-02,5.793710e-02,1.781777e-02,5.129843e-03,4.163426e-01,1.149230e-01,4.768017e-03,3.306707e-02,1.049167e-02,4.193630e-02,1.343741e-02,3.641560e-02
1.451987e-01,1.492904e-02,2.480404e-02,8.120442e-03,4.653899e-02,1.418249e-02,7.843212e-03,5.571984e-01,8.163837e-02,3.373292e-03,2.323486e-02,7.549952e-03,3.033734e-02,9.476031e-03,2.557488e-02
1.444192e-01,1.086674e-02,1.872462e-02,6.149678e-03,4.244323e-02,1.431048e-02,1.752745e-02,6.119298e-01,5.955922e-02,2.822235e-03,1.664478e-02,5.746293e-03,2.352437e-02,7.114854e-03,1.821711e-02
1.748366e-01,8.210870e-03,1.475135e-02,4.938650e-03,4.611468e-02,1.619563e-02,2.962134e-02,6.031051e-01,4.495262e-02,2.405464e-03,1.208305e-02,4.793252e-03,1.945508e-02,5.337603e-03,1.319876e-02
1.819127e-01,6.348582e-03,1.210508e-02,3.889043e-03,4.410727e-02,1.444872e-02,4.449200e-02,6.138662e-01,3.585609e-02,1.896088e-03,8.692010e-03,4.000150e-03,1.484105e-02,3.994578e-03,9.550489e-03
2.104857e-01,5.251557e-03,1.002258e-02,3.185049e-03,4.289752e-02,1.297165e-02,7.845770e-02,5.744610e-01,2.883392e-02,1.446622e-03,6.305868e-03,3.655135e-03,1.215960e-02,2.895270e-03,6.970823e-03
2.766427e-01,4.444097e-03,7.813522e-03,4.071110e-03,3.505071e-02,1.379594e-02,6.545354e-02,5.341843e-01,2.183896e-02,1.709056e-03,5.879997e-03,1.033264e-02,1.047992e-02,2.439775e-03,5.863683e-03
2.551327e-01,3.575311e-03,5.808213e-03,6.296136e-03,2.973444e-02,1.610211e-02,5.935400e-02,4.563447e-01,1.894099e-02,1.639085e-03,1.974746e-02,4.432109e-02,7.538130e-02,2.838205e-03,4.784224e-03
2.314998e-01,2.944541e-03,4.402909e-03,6.343241e-03,2.516316e-02,1.444227e-02,4.648368e-02,3.730708e-01,1.762524e-02,1.753840e-03,3.700326e-02,5.130898e-02,1.797459e-01,2.884519e-03,5.327897e-03
2.393815e-01,3.906436e-03,6.018704e-03,6.681101e-03,2.482303e-02,2.456839e-02,4.097035e-02,2.966886e-01,2.090857e-02,2.141416e-03,5.067662e-02,4.550960e-02,2.255138e-01,2.914083e-03,9.297753e-03
3.304787e-01,5.816610e-03,7.203004e-03,6.925859e-03,2.108140e-02,2.567463e-02,3.696088e-02,2.222273e-01,2.535253e-02,2.086035e-03,5.700502e-02,4.015882e-02,2.071819e-01,3.268202e-03,8.578991e-03
3.817220e-01,5.235910e-03,6.693126e-03,6.535752e-03,1.654030e-02,2.923738e-02,3.044754e-02,1.693239e-01,3.084065e-02,1.749203e-03,5.535098e-02,6.231418e-02,1.929104e-01,3.901371e-03,7.197354e-03
4.359834e-01,4.446064e-03,5.159989e-03,5.334496e-03,1.233836e-02,2.443982e-02,2.344581e-02,1.224774e-01,2.795700e-02,1.810415e-03,4.614976e-02,1.018090e-01,1.772463e-01,4.797550e-03,6.604552e-03
4.343978e-01,5.199678e-03,4.267622e-03,5.668928e-03,1.280722e-02,2.024673e-02,1.698539e-02,8.820301e-02,2.775344e-02,3.278968e-03,4.209457e-02,1.459762e-01,1.789697e-01,6.240502e-03,7.910195e-03
3.733503e-01,5.006760e-03,3.916342e-03,4.506486e-03,1.363409e-02,1.613346e-02,1.232591e-02,6.381607e-02,2.998096e-02,3.858761e-03,3.394695e-02,2.399872e-01,1.868824e-01,5.952813e-03,6.701490e-03
3.558627e-01,4.819117e-03,3.114115e-03,4.086561e-03,1.430358e-02,1.501547e-02,8.840282e-03,4.610967e-02,2.754212e-02,3.536679e-03,2.691706e-02,3.129522e-01,1.662161e-01,5.495367e-03,5.188919e-03
2.709791e-01,4.184192e-03,2.397106e-03,3.541106e-03,1.752582e-02,1.246912e-02,6.336866e-03,3.297362e-02,3.348573e-02,4.860435e-03,2.456184e-02,4.343781e-01,1.413530e-01,6.971207e-03,3.982682e-03
2.542987e-01,4.821304e-03,2.684555e-03,3.579615e-03,4.285429e-02,1.192887e-02,4.680311e-03,2.439775e-02,4.994994e-02,7.609481e-03,2.197779e-02,4.273937e-01,1.278208e-01,1.229695e-02,3.705827e-03
2.188167e-01,4.779761e-03,2.879007e-03,4.063881e-03,8.529099e-02,1.032848e-02,3.405035e-03,1.929187e-02,6.422498e-02,1.133276e-02,2.229561e-02,4.208723e-01,1.065260e-01,2.263942e-02,3.253221e-03
3.098272e-01,4.781873e-03,2.773029e-03,3.919489e-03,9.232179e-02,1.044083e-02,2.574449e-03,1.603872e-02,8.312144e-02,1.446101e-02,2.324022e-02,3.210889e-01,8.163703e-02,2.983882e-02,3.935150e-03
3.786468e-01,5.252314e-03,2.590982e-03,4.220915e-03,1.067179e-01,9.683571e-03,1.957168e-03,1.388720e-02,8.935848e-02,1.599133e-02,2.264609e-02,2.477288e-01,6.302071e-02,3.348295e-02,4.814772e-03
4.376371e-01,5.649315e-03,2.349508e-03,4.075776e-03,8.604108e-02,9.574958e-03,1.531590e-03,1.131160e-02,1.024768e-01,1.482355e-02,2.413043e-02,1.995327e-01,4.780609e-02,4.723452e-02,5.824971e-03
3.610924e-01,6.594639e-03,1.115309e-02,2.161632e-02,8.024344e-02,1.697814e-02,1.491208e-03,2.539655e-02,1.261431e-01,2.024291e-02,2.858903e-02,2.075897e-01,4.147172e-02,4.488138e-02,6.516274e-03
3.686291e-01,7.794726e-03,1.459838e-02,2.538420e-02,6.611395e-02,2.972291e-02,1.664285e-03,2.210675e-02,1.127685e-01,1.998187e-02,3.980245e-02,2.099084e-01,3.511304e-02,3.895798e-02,7.453419e-03
3.390773e-01,7.229601e-03,1.471932e-02,2.227258e-02,5.405487e-02,3.133496e-02,2.245915e-03,1.977330e-02,9.371520e-02,2.406483e-02,5.406384e-02,2.652840e-01,2.719626e-02,3.666381e-02,8.304141e-03
3.115913e-01,7.909477e-03,1.264668e-02,2.007906e-02,5.162153e-02,3.214629e-02,3.263027e-03,1.826557e-02,7.883143e-02,2.587515e-02,7.882673e-02,2.946055e-01,2.227699e-02,3.291447e-02,9.146752e-03
2.649263e-01,1.215588e-02,1.172971e-02,1.740049e-02,5.004031e-02,2.851626e-02,3.260759e-03,3.430465e-02,8.097094e-02,3.264613e-02,1.257098e-01,2.760649e-01,2.063751e-02,3.260649e-02,9.029889e-03
2.225140e-01,1.332982e-02,1.080998e-02,1.411012e-02,4.641718e-02,2.613197e-02,3.876164e-03,3.125070e-02,7.712498e-02,3.308930e-02,2.159461e-01,2.385101e-01,2.008354e-02,3.739709e-02,9.408895e-03
1.877658e-01,1.618361e-02,1.065367e-02,1.305555e-02,4.390422e-02,2.508057e-02,3.598762e-03,3.789011e-02,7.288583e-02,3.242140e-02,2.596262e-01,2.326753e-01,1.917317e-02,3.489342e-02,1.019240e-02
1.534290e-01,1.809620e-02,1.019789e-02,1.597413e-02,5.041275e-02,2.261521e-02,3.295091e-03,8.613239e-02,8.999161e-02,2.743277e-02,2.670752e-01,1.918997e-01,1.685764e-02,3.504568e-02,1.154469e-02
1.182045e-01,1.966897e-02,9.318920e-03,1.426344e-02,5.496550e-02,2.417707e-02,2.724186e-03,8.212058e-02,1.199343e-01,2.266544e-02,2.957210e-01,1.660480e-01,1.360035e-02,4.547371e-02,1.111407e-02
9.723942e-02,1.864341e-02,1.004468e-02,1.226520e-02,6.454381e-02,2.540532e-02,2.201684e-03,9.473432e-02,1.256585e-01,1.968063e-02,3.316318e-01,1.303788e-01,1.073912e-02,4.613063e-02,1.070256e-02
7.808245e-02,1.739507e-02,8.776994e-03,9.812245e-03,5.880149e-02,3.550456e-02,1.691887e-03,8.643083e-02,2.343999e-01,1.573109e-02,2.837812e-01,1.072642e-01,8.291383e-03,4.435543e-02,9.681240e-03
6.884807e-02,2.471553e-02,8.801282e-03,8.219284e-03,6.341758e-02,6.363595e-02,1.478701e-03,7.691703e-02,2.750992e-01,1.348907e-02,2.392895e-01,9.328321e-02,7.166590e-03,4.514508e-02,1.049392e-02
5.634509e-02,2.496532e-02,7.998825e-03,6.541546e-03,6.984556e-02,8.173545e-02,1.236655e-03,5.942813e-02,2.813534e-01,1.104910e-02,1.997115e-01,1.276858e-01,1.244883e-02,4.646948e-02,1.318528e-02
4.933307e-02,2.098922e-02,9.435200e-03,5.701113e-03,7.326307e-02,7.294859e-02,1.134973e-03,7.603745e-02,2.726849e-01,9.195001e-03,1.793958e-01,1.644650e-01,1.444864e-02,3.911050e-02,1.185756e-02
5.128632e-02,1.597989e-02,8.904214e-03,5.290465e-03,7.869416e-02,6.001407e-02,8.825578e-04,8.078279e-02,3.242270e-01,7.319286e-03,1.461877e-01,1.573127e-01,1.505002e-02,3.449037e-02,1.357841e-02
6.151647e-02,1.855991e-02,9.520724e-03,6.475800e-03,7.706088e-02,6.429923e-02,9.053138e-04,7.374689e-02,3.135748e-01,7.170987e-03,1.248668e-01,1.529881e-01,2.307907e-02,5.186066e-02,1.437436e-02
7.806426e-02,2.128488e-02,9.986829e-03,8.478085e-03,7.883821e-02,6.864284e-02,1.183028e-03,6.540412e-02,2.866999e-01,7.051221e-03,1.167782e-01,1.449792e-01,3.363893e-02,6.235562e-02,1.661472e-02
5.880423e-02,1.549270e-02,1.537911e-02,6.308928e-03,7.109857e-02,4.956697e-02,3.238342e-03,2.871220e-01,2.108738e-01,5.526490e-03,8.409854e-02,1.031326e-01,2.742258e-02,4.925324e-02,1.268191e-02
5.456069e-02,1.138341e-02,1.366953e-02,5.177067e-03,2.488568e-01,3.817185e-02,2.290137e-02,2.063307e-01,1.723304e-01,4.766658e-03,6.163077e-02,7.807694e-02,2.810991e-02,4.304375e-02,1.099013e-02
