1.000000e+00,0.000000e+00,0.000000e+00,0.000000e+00,0.000000e+00,0.000000e+00,0.000000e+00,0.000000e+00,0.000000e+00,0.000000e+00,0.000000e+00,0.000000e+00,0.000000e+00,0.000000e+00,0.000000e+00
1.000000e+00,0.000000e+00,0.000000e+00,0.000000e+00,0.000000e+00,0.000000e+00,0.000000e+00,0.000000e+00,0.000000e+00,0.000000e+00,0.000000e+00,0.000000e+00,0.000000e+00,0.000000e+00,0.000000e+00
1.000000e+00,0.000000e+00,0.000000e+00,0.000000e+00,0.000000e+00,0.000000e+00,0.000000e+00,0.000000e+00,0.000000e+00,0.000000e+00,0.000000e+00,0.000000e+00,0.000000e+00,0.000000e+00,0.000000e+00
1.000000e+00,0.000000e+00,0.000000e+00,0.000000e+00,0.000000e+00,0.000000e+00,0.000000e+00,0.000000e+00,0.000000e+00,0.000000e+00,0.000000e+00,0.000000e+00,0.000000e+00,0.000000e+00,0.000000e+00
1.000000e+00,0.000000e+00,0.000000e+00,0.000000e+00,0.000000e+00,0.000000e+00,0.000000e+00,0.000000e+00,0.000000e+00,0.000000e+00,0.000000e+00,0.000000e+00,0.000000e+00,0.000000e+00,0.000000e+00
1.000000e+00,0.000000e+00,0.000000e+00,0.000000e+00,0.000000e+00,0.000000e+00,0.000000e+00,0.000000e+00,0.000000e+00,0.000000e+00,0.000000e+00,0.000000e+00,0.000000e+00,0.000000e+00,0.000000e+00
1.000000e+00,0.000000e+00,0.000000e+00,0.000000e+00,0.000000e+00,0.000000e+00,0.000000e+00,0.000000e+00,0.000000e+00,0.000000e+00,0.000000e+00,0.000000e+00,0.000000e+00,0.000000e+00,0.000000e+00
1.000000e+00,0.000000e+00,0.000000e+00,0.000000e+00,0.000000e+00,0.000000e+00,0.000000e+00,0.000000e+00,0.000000e+00,0.000000e+00,0.000000e+00,0.000000e+00,0.000000e+00,0.000000e+00,0.000000e+00
1.000000e+00,0.000000e+00,0.000000e+00,0.000000e+00,0.000000e+00,0.000000e+00,0.000000e+00,0.000000e+00,0.000000e+00,0.000000e+00,0.000000e+00,0.000000e+00,0.000000e+00,0.000000e+00,0.000000e+00
1.000000e+00,0.000000e+00,0.000000e+00,0.000000e+00,0.000000e+00,0.000000e+00,0.000000e+00,0.000000e+00,0.000000e+00,0.000000e+00,0.000000e+00,0.000000e+00,0.000000e+00,0.000000e+00,0.000000e+00
1.000000e+00,0.000000e+00,0.000000e+00,0.000000e+00,0.000000e+00,0.000000e+00,0.000000e+00,0.000000e+00,0.000000e+00,0.000000e+00,0.000000e+00,0.000000e+00,0.000000e+00,0.000000e+00,0.000000e+00
1.000000e+00,0.000000e+00,0.000000e+00,0.000000e+00,0.000000e+00,0.000000e+00,0.000000e+00,0.000000e+00,0.000000e+00,0.000000e+00,0.000000e+00,0.000000e+00,0.000000e+00,0.000000e+00,0.000000e+00
1.000000e+00,0.000000e+00,0.000000e+00,0.000000e+00,0.000000e+00,0.000000e+00,0.000000e+00,0.000000e+00,0.000000e+00,0.000000e+00,0.000000e+00,0.000000e+00,0.000000e+00,0.000000e+00,0.000000e+00
1.000000e+00,0.000000e+00,0.000000e+00,0.000000e+00,0.000000e+00,0.000000e+00,0.000000e+00,0.000000e+00,0.000000e+00,0.000000e+00,0.000000e+00,0.000000e+00,0.000000e+00,0.000000e+00,0.000000e+00
1.000000e+00,0.000000e+00,0.000000e+00,0.000000e+00,0.000000e+00,0.000000e+00,0.000000e+00,0.000000e+00,0.000000e+00,0.000000e+00,0.000000e+00,0.000000e+00,0.000000e+00,0.000000e+00,0.000000e+00
1.000000e+00,0.000000e+00,0.000000e+00,0.000000e+00,0.000000e+00,0.000000e+00,0.000000e+00,0.000000e+00,0.000000e+00,0.000000e+00,0.000000e+00,0.000000e+00,0.000000e+00,0.000000e+00,0.000000e+00
1.000000e+00,0.000000e+00,0.000000e+00,0.000000e+00,0.000000e+00,0.000000e+00,0.000000e+00,0.000000e+00,0.000000e+00,0.000000e+00,0.000000e+00,0.000000e+00,0.000000e+00,0.000000e+00,0.000000e+00
1.000000e+00,0.000000e+00,0.000000e+00,0.000000e+00,0.000000e+00,0.000000e+00,0.000000e+00,0.000000e+00,0.000000e+00,0.000000e+00,0.000000e+00,0.000000e+00,0.000000e+00,0.000000e+00,0.000000e+00
1.000000e+00,0.000000e+00,0.000000e+00,0.000000e+00,0.000000e+00,0.000000e+00,0.000000e+00,0.000000e+00,0.000000e+00,0.000000e+00,0.000000e+00,0.000000e+00,0.000000e+00,0.000000e+00,0.000000e+00
1.000000e+00,0.000000e+00,0.000000e+00,0.000000e+00,0.000000e+00,0.000000e+00,0.000000e+00,0.000000e+00,0.000000e+00,0.000000e+00,0.000000e+00,0.000000e+00,0.000000e+00,0.000000e+00,0.000000e+00
1.000000e+00,0.000000e+00,0.000000e+00,0.000000e+00,0.000000e+00,0.000000e+00,0.000000e+00,0.000000e+00,0.000000e+00,0.000000e+00,0.000000e+00,0.000000e+00,0.000000e+00,0.000000e+00,0.000000e+00
1.000000e+00,0.000000e+00,0.000000e+00,0.000000e+00,0.000000e+00,0.000000e+00,0.000000e+00,0.000000e+00,0.000000e+00,0.000000e+00,0.000000e+00,0.000000e+00,0.000000e+00,0.000000e+00,0.000000e+00
1.000000e+00,0.000000e+00,0.000000e+00,0.000000e+00,0.000000e+00,0.000000e+00,0.000000e+00,0.000000e+00,0.000000e+00,0.000000e+00,0.000000e+00,0.000000e+00,0.000000e+00,0.000000e+00,0.000000e+00
1.000000e+00,0.000000e+00,0.000000e+00,0.000000e+00,0.000000e+00,0.000000e+00,0.000000e+00,0.000000e+00,0.000000e+00,0.000000e+00,0.000000e+00,0.000000e+00,0.000000e+00,0.000000e+00,0.000000e+00
1.000000e+00,0.000000e+00,0.000000e+00,0.000000e+00,0.000000e+00,0.000000e+00,0.000000e+00,0.000000e+00,0.000000e+00,0.000000e+00,0.000000e+00,0.000000e+00,0.000000e+00,0.000000e+00,0.000000e+00
1.000000e+00,0.000000e+00,0.000000e+00,0.000000e+00,0.000000e+00,0.000000e+00,0.000000e+00,0.000000e+00,0.000000e+00,0.000000e+00,0.000000e+00,0.000000e+00,0.000000e+00,0.000000e+00,0.000000e+00
1.000000e+00,0.000000e+00,0.000000e+00,0.000000e+00,0.000000e+00,0.000000e+00,0.000000e+00,0.000000e+00,0.000000e+00,0.000000e+00,0.000000e+00,0.000000e+00,0.000000e+00,0.000000e+00,0.000000e+00
1.000000e+00,0.000000e+00,0.000000e+00,0.000000e+00,0.000000e+00,0.000000e+00,0.000000e+00,0.000000e+00,0.000000e+00,0.000000e+00,0.000000e+00,0.000000e+00,0.000000e+00,0.000000e+00,0.000000e+00
1.000000e+00,0.000000e+00,0.000000e+00,0.000000e+00,0.000000e+00,0.000000e+00,0.000000e+00,0.000000e+00,0.000000e+00,0.000000e+00,0.000000e+00,0.000000e+00,0.000000e+00,0.000000e+00,0.000000e+00
1.000000e+00,0.000000e+00,0.000000e+00,0.000000e+00,0.000000e+00,0.000000e+00,0.000000e+00,0.000000e+00,0.000000e+00,0.000000e+00,0.000000e+00,0.000000e+00,0.000000e+00,0.000000e+00,0.000000e+00
1.000000e+00,0.000000e+00,0.000000e+00,0.000000e+00,0.000000e+00,0.000000e+00,0.000000e+00,0.000000e+00,0.000000e+00,0.000000e+00,0.000000e+00,0.000000e+00,0.000000e+00,0.000000e+00,0.000000e+00
1.000000e+00,0.000000e+00,0.000000e+00,0.000000e+00,0.000000e+00,0.000000e+00,0.000000e+00,0.000000e+00,0.000000e+00,0.000000e+00,0.000000e+00,0.000000e+00,0.000000e+00,0.000000e+00,0.000000e+00
1.000000e+00,0.000000e+00,0.000000e+00,0.000000e+00,0.000000e+00,0.000000e+00,0.000000e+00,0.000000e+00,0.000000e+00,0.000000e+00,0.000000e+00,0.000000e+00,0.000000e+00,0.000000e+00,0.000000e+00
1.000000e+00,0.000000e+00,0.000000e+00,0.000000e+00,0.000000e+00,0.000000e+00,0.000000e+00,0.000000e+00,0.000000e+00,0.000000e+00,0.000000e+00,0.000000e+00,0.000000e+00,0.000000e+00,0.000000e+00
1.000000e+00,0.000000e+00,0.000000e+00,0.000000e+00,0.000000e+00,0.000000e+00,0.000000e+00,0.000000e+00,0.000000e+00,0.000000e+00,0.000000e+00,0.000000e+00,0.000000e+00,0.000000e+00,0.000000e+00
1.000000e+00,0.000000e+00,0.000000e+00,0.000000e+00,0.000000e+00,0.000000e+00,0.000000e+00,0.000000e+00,0.000000e+00,0.000000e+00,0.000000e+00,0.000000e+00,0.000000e+00,0.000000e+00,0.000000e+00
1.000000e+00,0.000000e+00,0.000000e+00,0.000000e+00,0.000000e+00,0.000000e+00,0.000000e+00,0.000000e+00,0.000000e+00,0.000000e+00,0.000000e+00,0.000000e+00,0.000000e+00,0.000000e+00,0.000000e+00
1.000000e+00,0.000000e+00,0.000000e+00,0.000000e+00,0.000000e+00,0.000000e+00,0.000000e+00,0.000000e+00,0.000000e+00,0.000000e+00,0.000000e+00,0.000000e+00,0.000000e+00,0.000000e+00,0.000000e+00
1.000000e+00,0.000000e+00,0.000000e+00,0.000000e+00,0.000000e+00,0.000000e+00,0.000000e+00,0.000000e+00,0.000000e+00,0.000000e+00,0.000000e+00,0.000000e+00,0.000000e+00,0.000000e+00,0.000000e+00
1.000000e+00,0.000000e+00,0.000000e+00,0.000000e+00,0.000000e+00,0.000000e+00,0.000000e+00,0.000000e+00,0.000000e+00,0.000000e+00,0.000000e+00,0.000000e+00,0.000000e+00,0.000000e+00,0.000000e+00
1.000000e+00,0.000000e+00,0.000000e+00,0.000000e+00,0.000000e+00,0.000000e+00,0.000000e+00,0.000000e+00,0.000000e+00,0.000000e+00,0.000000e+00,0.000000e+00,0.000000e+00,0.000000e+00,0.000000e+00
1.000000e+00,0.000000e+00,0.000000e+00,0.000000e+00,0.000000e+00,0.000000e+00,0.000000e+00,0.000000e+00,0.000000e+00,0.000000e+00,0.000000e+00,0.000000e+00,0.000000e+00,0.000000e+00,0.000000e+00
1.000000e+00,0.000000e+00,0.000000e+00,0.000000e+00,0.000000e+00,0.000000e+00,0.000000e+00,0.000000e+00,0.000000e+00,0.000000e+00,0.000000e+00,0.000000e+00,0.000000e+00,0.000000e+00,0.000000e+00
1.000000e+00,0.000000e+00,0.000000e+00,0.000000e+00,0.000000e+00,0.000000e+00,0.000000e+00,0.000000e+00,0.000000e+00,0.000000e+00,0.000000e+00,0.000000e+00,0.000000e+00,0.000000e+00,0.000000e+00
1.000000e+00,0.000000e+00,0.000000e+00,0.000000e+00,0.000000e+00,0.000000e+00,0.000000e+00,0.000000e+00,0.000000e+00,0.000000e+00,0.000000e+00,0.000000e+00,0.000000e+00,0.000000e+00,0.000000e+00
1.000000e+00,0.000000e+00,0.000000e+00,0.000000e+00,0.000000e+00,0.000000e+00,0.000000e+00,0.000000e+00,0.000000e+00,0.000000e+00,0.000000e+00,0.000000e+00,0.000000e+00,0.000000e+00,0.000000e+00
1.000000e+00,0.000000e+00,0.000000e+00,0.000000e+00,0.000000e+00,0.000000e+00,0.000000e+00,0.000000e+00,0.000000e+00,0.000000e+00,0.000000e+00,0.000000e+00,0.000000e+00,0.000000e+00,0.000000e+00
1.000000e+00,0.000000e+00,0.000000e+00,0.000000e+00,0.000000e+00,0.000000e+00,0.000000e+00,0.000000e+00,0.000000e+00,0.000000e+00,0.000000e+00,0.000000e+00,0.000000e+00,0.000000e+00,0.000000e+00
1.000000e+00,0.000000e+00,0.000000e+00,0.000000e+00,0.000000e+00,0.000000e+00,0.000000e+00,0.000000e+00,0.000000e+00,0.000000e+00,0.000000e+00,0.000000e+00,0.000000e+00,0.000000e+00,0.000000e+00
1.000000e+00,0.000000e+00,0.000000e+00,0.000000e+00,0.000000e+00,0.000000e+00,0.000000e+00,0.000000e+00,0.000000e+00,0.000000e+00,0.000000e+00,0.000000e+00,0.000000e+00,0.000000e+00,0.000000e+00
1.000000e+00,0.000000e+00,0.000000e+00,0.000000e+00,0.000000e+00,0.000000e+00,0.000000e+00,0.000000e+00,0.000000e+00,0.000000e+00,0.000000e+00,0.000000e+00,0.000000e+00,0.000000e+00,0.000000e+00
1.000000e+00,0.000000e+00,0.000000e+00,0.000000e+00,0.000000e+00,0.000000e+00,0.000000e+00,0.000000e+00,0.000000e+00,0.000000e+00,0.000000e+00,0.000000e+00,0.000000e+00,0.000000e+00,0.000000e+00
1.000000e+00,0.000000e+00,0.000000e+00,0.000000e+00,0.000000e+00,0.000000e+00,0.000000e+00,0.000000e+00,0.000000e+00,0.000000e+00,0.000000e+00,0.000000e+00,0.000000e+00,0.000000e+00,0.000000e+00
1.000000e+00,0.000000e+00,0.000000e+00,0.000000e+00,0.000000e+00,0.000000e+00,0.000000e+00,0.000000e+00,0.000000e+00,0.000000e+00,0.000000e+00,0.000000e+00,0.000000e+00,0.000000e+00,0.000000e+00
1.000000e+00,0.000000e+00,0.000000e+00,0.000000e+00,0.000000e+00,0.000000e+00,0.000000e+00,0.000000e+00,0.000000e+00,0.000000e+00,0.000000e+00,0.000000e+00,0.000000e+00,0.000000e+00,0.000000e+00
1.000000e+00,0.000000e+00,0.000000e+00,0.000000e+00,0.000000e+00,0.000000e+00,0.000000e+00,0.000000e+00,0.000000e+00,0.000000e+00,0.000000e+00,0.000000e+00,0.000000e+00,0.000000e+00,0.000000e+00
1.000000e+00,0.000000e+00,0.000000e+00,0.000000e+00,0.000000e+00,0.000000e+00,0.000000e+00,0.000000e+00,0.000000e+00,0.000000e+00,0.000000e+00,0.000000e+00,0.000000e+00,0.000000e+00,0.000000e+00
1.000000e+00,0.000000e+00,0.000000e+00,0.000000e+00,0.000000e+00,0.000000e+00,0.000000e+00,0.000000e+00,0.000000e+00,0.000000e+00,0.000000e+00,0.000000e+00,0.000000e+00,0.000000e+00,0.000000e+00
4.837468e-01,4.628029e-02,1.591139e-01,1.752032e-01,4.282860e-03,8.698501e-03,2.202560e-03,7.591425e-03,1.123848e-02,6.234976e-03,6.605340e-03,8.322036e-03,1.177776e-02,2.741166e-03,6.596076e-02
4.469152e-01,4.420425e-02,2.022104e-01,1.432776e-01,4.210567e-03,9.198636e-03,2.051830e-03,8.878066e-03,9.885903e-03,8.377384e-03,6.689954e-03,8.996785e-03,1.228082e-02,3.340917e-03,8.948170e-02
4.482778e-01,3.716045e-02,1.492459e-01,1.163315e-01,4.338731e-03,1.543096e-02,2.136381e-03,7.542911e-03,1.987278e-02,7.282190e-03,8.340430e-03,8.736998e-03,2.988180e-02,6.405547e-03,1.390156e-01
3.724615e-01,2.938650e-02,1.097786e-01,9.061929e-02,3.784109e-03,2.304024e-02,1.842222e-03,6.131956e-03,2.564551e-02,6.189382e-03,9.329014e-03,1.267415e-02,6.820304e-02,2.162307e-02,2.192914e-01
2.657189e-01,2.578889e-02,8.113714e-02,2.906088e-01,3.313079e-03,1.665666e-02,1.536622e-03,4.453762e-03,3.248451e-02,5.070209e-03,7.413390e-03,9.924498e-03,5.036070e-02,1.568523e-02,1.898476e-01
1.872917e-01,1.866853e-02,6.444284e-02,4.392445e-01,2.497232e-03,1.191777e-02,1.151008e-03,3.220195e-03,2.977397e-02,4.291985e-03,6.872090e-03,7.264417e-03,3.640899e-02,1.156733e-02,1.753875e-01
1.520754e-01,1.390889e-02,4.705755e-02,3.913859e-01,2.506058e-03,9.802656e-03,1.335660e-03,2.788235e-03,3.012912e-02,4.829184e-03,1.352597e-01,1.183657e-02,5.912477e-02,8.658838e-03,1.293015e-01
1.852694e-01,2.431013e-02,3.583838e-02,3.069191e-01,7.384753e-03,9.301713e-03,2.009385e-03,5.509400e-03,7.846555e-02,6.557767e-03,1.167033e-01,2.848653e-02,6.996059e-02,1.288227e-02,1.104017e-01
2.039480e-01,2.546025e-02,3.597005e-02,2.643021e-01,2.701197e-02,1.118868e-02,2.443692e-03,7.145521e-03,9.499626e-02,1.985046e-02,8.849861e-02,2.318405e-02,5.434491e-02,2.033938e-02,1.213160e-01
1.955542e-01,3.056922e-02,4.185474e-02,2.577050e-01,2.288717e-02,1.353511e-02,2.513075e-03,6.671628e-03,8.496322e-02,2.435069e-02,7.505299e-02,2.404168e-02,4.052817e-02,2.428151e-02,1.554916e-01
1.866619e-01,2.750780e-02,3.613761e-02,2.630376e-01,1.790616e-02,1.346553e-02,1.930862e-03,5.688001e-03,8.057760e-02,5.129293e-02,7.784864e-02,2.878266e-02,3.990962e-02,2.012947e-02,1.491236e-01
2.139539e-01,2.605807e-02,2.820319e-02,1.916213e-01,1.377161e-02,1.529515e-02,1.723626e-03,5.377690e-03,6.516356e-02,1.315488e-01,8.552667e-02,2.797289e-02,3.184612e-02,4.666296e-02,1.152745e-01
3.258067e-01,2.404089e-02,2.125736e-02,1.399107e-01,1.050811e-02,1.412275e-02,1.714452e-03,6.153005e-03,4.969684e-02,1.146544e-01,7.262088e-02,2.570433e-02,2.662103e-02,5.589758e-02,1.112910e-01
3.328626e-01,2.661605e-02,1.695111e-02,1.062514e-01,8.486219e-03,1.377512e-02,1.629578e-03,7.237802e-03,4.381324e-02,1.107313e-01,1.057247e-01,2.482918e-02,2.146062e-02,8.219057e-02,9.744053e-02
3.313646e-01,2.905635e-02,1.615753e-02,8.635776e-02,6.683784e-03,2.352197e-02,1.505463e-03,7.075787e-03,3.522900e-02,8.493163e-02,1.807177e-01,2.364231e-02,1.772626e-02,7.404593e-02,8.198389e-02
3.498643e-01,2.821099e-02,1.357117e-02,7.032370e-02,5.542517e-03,2.782833e-02,1.575373e-03,6.576380e-03,3.049802e-02,6.395238e-02,2.106968e-01,2.623811e-02,1.489065e-02,7.410719e-02,7.612409e-02
2.888828e-01,2.613211e-02,1.049053e-02,5.385832e-02,4.351106e-03,2.614573e-02,1.264662e-03,5.000570e-03,2.590614e-02,4.801082e-02,3.419661e-01,2.216470e-02,1.267863e-02,7.505260e-02,5.809523e-02
2.190510e-01,2.826644e-02,7.773603e-03,3.855339e-02,3.402643e-03,1.997885e-02,9.491387e-04,3.856863e-03,2.417761e-02,3.488391e-02,4.656522e-01,1.874263e-02,1.006070e-02,8.308450e-02,4.156655e-02
1.875733e-01,3.386831e-02,7.115184e-03,2.775430e-02,3.348962e-03,1.822330e-02,8.061643e-04,3.524673e-03,2.288640e-02,2.596117e-02,4.972653e-01,2.222928e-02,9.556616e-03,1.087145e-01,3.117257e-02
1.603973e-01,2.881907e-02,7.606379e-03,2.052003e-02,3.348346e-03,1.658140e-02,7.178022e-04,4.402910e-03,3.631743e-02,2.123896e-02,4.839779e-01,3.632126e-02,9.517120e-03,1.443545e-01,2.587961e-02
1.327377e-01,2.668116e-02,7.660885e-03,1.492819e-02,3.162129e-03,1.415188e-02,6.074489e-04,3.888357e-03,3.875318e-02,1.949327e-02,4.547809e-01,3.736859e-02,8.194545e-03,2.169848e-01,2.060704e-02
1.160093e-01,2.226151e-02,6.474624e-03,1.142913e-02,2.855343e-03,1.322201e-02,5.391164e-04,2.964394e-03,4.256124e-02,1.910866e-02,4.270236e-01,3.284599e-02,7.038336e-03,2.804953e-01,1.517143e-02
9.735124e-02,2.197373e-02,7.100043e-03,8.843835e-03,2.484561e-03,2.207501e-02,4.953492e-04,2.440407e-03,6.093275e-02,1.728606e-02,3.551531e-01,2.979644e-02,5.942489e-03,3.565590e-01,1.156609e-02
9.445139e-02,2.864843e-02,6.039677e-03,6.786964e-03,2.202247e-03,2.176782e-02,5.150826e-04,2.205765e-03,8.504979e-02,1.594863e-02,2.953720e-01,3.840828e-02,4.766581e-03,3.885520e-01,9.285350e-03
7.785973e-02,3.113882e-02,4.809377e-03,5.177049e-03,2.157249e-03,3.858684e-02,4.203585e-04,1.765220e-03,1.023048e-01,1.420832e-02,2.850901e-01,3.566549e-02,3.997105e-03,3.894135e-01,7.406044e-03
5.797615e-02,3.332029e-02,3.560930e-03,3.740254e-03,1.885940e-03,8.704431e-02,3.237348e-04,1.286588e-03,1.068732e-01,1.293054e-02,2.463906e-01,2.794782e-02,3.011626e-03,4.079970e-01,5.710973e-03
4.150674e-02,7.828300e-02,3.432550e-03,2.718287e-03,2.000131e-03,1.670994e-01,2.493465e-04,1.055909e-03,1.267107e-01,1.135028e-02,1.871754e-01,2.056350e-02,2.260093e-03,3.506006e-01,4.994145e-03
3.056021e-02,6.579497e-02,2.839574e-03,2.070466e-03,2.123956e-03,1.556344e-01,1.816210e-04,1.216282e-03,2.347745e-01,1.087213e-02,1.429118e-01,1.497297e-02,1.751939e-03,3.280676e-01,6.227600e-03
2.435829e-02,5.511123e-02,2.396944e-03,1.786530e-03,3.307074e-03,1.286842e-01,1.405765e-04,1.903646e-03,3.477161e-01,1.050870e-02,1.189974e-01,1.109513e-02,1.452287e-03,2.853141e-01,7.227710e-03
2.979061e-02,5.188770e-02,2.214722e-03,1.945814e-03,4.516388e-03,1.138079e-01,1.308791e-04,2.927804e-03,3.362618e-01,1.100905e-02,1.380590e-01,1.042759e-02,1.728182e-03,2.815799e-01,1.371262e-02
3.373590e-02,5.495410e-02,2.234261e-03,2.985146e-03,8.733833e-03,1.026008e-01,1.443777e-04,9.168180e-03,3.489636e-01,1.180321e-02,1.632976e-01,8.119581e-03,1.798930e-03,2.369787e-01,1.448180e-02
3.100410e-02,4.464484e-02,2.206781e-03,3.143114e-03,1.509979e-02,8.145624e-02,2.993518e-04,1.853462e-02,3.658956e-01,1.120164e-02,1.489090e-01,8.691301e-03,2.987945e-03,2.535509e-01,1.237475e-02
3.682640e-02,5.203637e-02,1.255275e-02,5.016185e-03,2.505221e-02,7.178886e-02,5.521266e-04,5.194266e-02,3.536901e-01,1.456354e-02,1.213228e-01,7.997144e-03,4.583459e-03,2.248177e-01,1.725762e-02
4.039085e-02,4.416108e-02,2.219770e-02,5.690282e-03,3.296951e-02,5.764942e-02,1.036955e-03,5.797593e-02,3.288963e-01,2.705617e-02,1.012643e-01,6.754620e-03,7.205064e-03,2.426812e-01,2.407055e-02
3.922802e-02,3.782988e-02,2.314563e-02,4.989197e-03,4.680159e-02,4.458846e-02,1.910251e-03,5.582175e-02,2.884258e-01,3.464486e-02,8.336565e-02,5.938262e-03,1.618078e-02,2.839589e-01,3.317092e-02
3.292674e-02,2.887647e-02,2.401529e-02,5.761808e-03,3.852956e-02,3.323940e-02,1.720053e-03,1.665181e-01,2.324019e-01,2.988163e-02,6.430207e-02,6.812315e-03,1.540585e-02,2.882681e-01,3.134070e-02
2.591410e-02,2.046111e-02,2.189212e-02,6.363532e-03,5.115491e-02,2.445362e-02,3.179964e-03,3.013273e-01,1.740682e-01,2.692583e-02,4.753410e-02,5.647088e-03,1.416313e-02,2.523479e-01,2.456708e-02
1.848067e-02,1.433767e-02,2.333616e-02,4.623460e-03,3.743202e-02,1.713808e-02,2.394636e-03,4.969771e-01,1.222040e-01,1.908400e-02,3.398297e-02,4.032478e-03,1.027710e-02,1.782530e-01,1.744675e-02
1.368071e-02,1.008461e-02,3.777997e-02,4.234630e-03,2.897333e-02,1.206755e-02,1.783654e-03,6.185202e-01,8.622745e-02,1.360198e-02,2.410707e-02,2.866975e-03,7.323245e-03,1.263797e-01,1.236891e-02
1.061784e-02,7.560198e-03,1.090941e-01,3.987336e-03,3.486758e-02,8.668915e-03,4.910002e-03,6.256226e-01,6.282379e-02,9.683670e-03,1.694340e-02,2.017123e-03,5.300070e-03,8.910016e-02,8.803238e-03
8.116575e-03,5.771531e-03,1.021742e-01,3.211099e-03,3.017284e-02,6.213739e-03,5.955433e-03,7.001063e-01,4.493426e-02,6.920935e-03,1.187025e-02,1.414964e-03,3.917560e-03,6.297997e-02,6.240381e-03
6.070262e-03,4.229469e-03,8.445510e-02,2.479133e-03,3.137247e-02,4.433617e-03,5.196096e-03,7.642854e-01,3.200326e-02,4.871856e-03,8.315247e-03,9.932140e-04,2.766219e-03,4.414056e-02,4.388005e-03
5.951648e-03,3.484486e-03,6.993640e-02,2.105326e-03,5.179115e-02,3.215645e-03,4.243954e-03,7.898952e-01,2.310568e-02,3.522032e-03,5.851180e-03,7.098764e-04,1.983292e-03,3.107557e-02,3.128494e-03
5.378236e-03,2.682446e-03,5.692683e-02,1.808696e-03,6.656461e-02,2.420760e-03,8.414105e-03,8.064076e-01,1.650283e-02,2.539054e-03,4.119614e-03,5.040842e-04,1.521532e-03,2.199115e-02,2.218401e-03
6.635742e-03,2.354303e-03,5.122578e-02,1.375734e-03,5.624624e-02,1.992735e-03,1.582952e-02,8.283775e-01,1.188828e-02,1.882283e-03,2.903040e-03,3.864420e-04,1.715399e-03,1.552951e-02,1.657424e-03
8.912781e-03,2.309264e-03,4.038803e-02,1.042881e-03,5.140008e-02,1.779893e-03,2.986641e-02,8.363551e-01,8.998372e-03,1.485348e-03,2.053195e-03,3.047457e-04,2.659982e-03,1.112857e-02,1.315265e-03
1.508151e-02,2.480313e-03,3.021938e-02,9.063020e-04,4.451987e-02,2.036982e-03,9.656294e-02,7.846560e-01,8.826364e-03,1.214740e-03,1.470133e-03,3.207430e-04,2.742966e-03,7.823352e-03,1.138376e-03
2.379819e-02,3.617506e-03,2.153996e-02,7.963044e-04,3.656586e-02,7.929580e-03,2.365845e-01,6.322682e-01,1.719674e-02,1.178743e-03,1.129668e-03,3.572030e-04,1.007602e-02,5.588277e-03,1.373341e-03
3.728631e-02,6.238823e-03,1.562420e-02,6.822987e-04,2.837762e-02,1.394538e-02,3.578009e-01,4.857782e-01,1.795297e-02,1.314555e-03,1.195807e-03,5.887971e-04,2.677567e-02,4.005410e-03,2.433093e-03
4.314172e-02,6.408680e-03,1.148874e-02,6.693917e-04,2.242441e-02,1.127537e-02,4.989029e-01,3.591632e-01,1.724273e-02,1.172214e-03,1.263185e-03,8.295571e-04,2.046376e-02,2.844575e-03,2.709673e-03
4.597471e-02,5.640889e-03,8.433175e-03,6.510328e-04,1.681621e-02,9.321378e-03,6.035408e-01,2.716542e-01,1.384718e-02,1.083619e-03,1.436425e-03,9.013854e-04,1.581095e-02,2.017179e-03,2.870871e-03
5.532866e-02,5.284469e-03,6.935242e-03,9.108177e-04,1.384782e-02,8.850044e-03,6.504682e-01,2.245402e-01,1.174392e-02,1.379609e-03,1.499600e-03,9.039009e-04,1.300360e-02,1.465457e-03,3.838484e-03
6.501670e-02,4.377463e-03,6.138591e-03,1.010382e-03,1.063991e-02,8.186774e-03,7.055487e-01,1.718750e-01,8.796168e-03,1.342224e-03,1.270119e-03,8.710531e-04,9.567606e-03,1.085824e-03,4.273453e-03
6.179430e-02,3.578169e-03,4.928787e-03,9.465249e-04,7.898985e-03,7.015863e-03,7.630727e-01,1.292085e-01,6.556069e-03,1.094847e-03,1.040981e-03,7.968616e-04,7.206205e-03,7.816677e-04,4.079546e-03
7.624745e-02,1.298774e-02,3.461045e-02,5.432044e-02,7.751958e-03,1.632011e-02,5.823761e-01,9.088728e-02,8.919394e-03,4.753338e-02,7.909750e-03,1.801961e-02,1.091247e-02,1.557788e-03,2.964607e-02
5.626903e-02,1.844078e-02,5.832770e-02,1.311573e-01,6.454024e-03,1.512872e-02,4.203998e-01,6.385422e-02,1.364952e-02,1.007568e-01,4.133616e-02,2.029796e-02,2.375338e-02,1.580740e-03,2.859380e-02
4.124860e-02,1.538553e-02,4.478449e-02,1.054125e-01,4.723453e-03,1.397246e-02,3.011356e-01,4.505411e-02,2.000618e-02,1.757550e-01,6.593043e-02,2.345908e-02,7.252133e-02,4.881158e-03,6.573001e-02
3.294824e-02,1.337409e-02,3.769532e-02,9.924424e-02,3.755819e-03,1.340558e-02,2.162049e-01,3.202690e-02,3.022736e-02,2.918538e-01,6.797346e-02,2.335241e-02,6.551106e-02,7.741500e-03,6.468531e-02
2.642660e-02,1.026251e-02,2.737456e-02,7.563782e-02,3.867938e-03,1.254791e-02,1.608935e-01,2.273318e-02,3.045710e-02,3.261616e-01,8.361065e-02,2.628788e-02,7.567479e-02,1.290220e-02,1.051617e-01
1.981424e-02,9.075002e-03,1.986830e-02,5.577854e-02,5.150480e-03,9.454093e-03,1.127371e-01,1.597649e-02,4.325563e-02,2.515366e-01,9.930282e-02,2.013239e-02,6.146709e-02,4.955299e-02,2.268982e-01
1.480371e-02,1.083960e-02,1.774043e-02,4.457531e-02,5.022564e-03,8.163541e-03,7.900323e-02,1.141475e-02,3.899435e-02,1.820841e-01,1.162985e-01,1.507663e-02,5.004255e-02,4.821391e-02,3.577267e-01
1.122619e-02,1.337349e-02,5.815258e-02,4.658763e-02,4.669774e-03,1.049600e-02,5.544961e-02,8.218326e-03,1.961365e-01,1.313870e-01,8.882146e-02,1.109951e-02,3.842577e-02,3.581440e-02,2.901418e-01
1.352046e-02,1.158401e-02,5.831306e-02,3.349308e-02,3.593072e-03,1.062741e-02,3.893523e-02,5.841261e-03,1.551368e-01,1.353976e-01,7.028598e-02,8.148475e-03,2.834841e-02,1.825759e-01,2.441992e-01
1.963012e-02,2.119094e-02,4.991410e-02,2.668406e-02,4.896411e-03,9.297004e-03,2.756646e-02,5.099130e-03,1.584798e-01,1.055272e-01,8.853313e-02,1.014384e-02,3.597543e-02,1.821852e-01,2.548772e-01
1.618425e-02,1.896274e-02,3.907857e-02,1.931470e-02,4.681604e-03,8.453870e-03,1.935393e-02,3.782660e-03,1.362812e-01,9.983359e-02,1.185645e-01,9.069470e-03,3.402802e-02,1.831537e-01,2.892573e-01
1.317904e-02,1.614253e-02,3.050512e-02,1.386147e-02,4.464000e-03,7.016868e-03,1.362583e-02,2.915991e-03,1.017662e-01,7.708306e-02,1.018560e-01,6.906724e-03,2.613701e-02,1.723931e-01,4.121470e-01
2.492464e-02,1.727901e-02,2.798022e-02,1.000508e-02,3.748218e-03,6.112753e-03,9.708405e-03,2.658305e-03,7.932080e-02,5.707897e-02,8.798207e-02,5.515924e-03,2.078053e-02,2.435604e-01,4.033447e-01
2.005835e-02,1.732219e-02,2.488819e-02,7.069034e-03,2.976252e-03,4.758136e-03,6.826670e-03,1.951162e-03,6.524780e-02,4.276123e-02,7.176099e-02,3.973398e-03,1.483055e-02,2.938873e-01,4.216887e-01
1.778042e-02,1.920312e-02,2.378730e-02,5.128727e-03,2.480224e-03,3.960150e-03,4.899767e-03,1.860439e-03,5.459374e-02,3.116778e-02,5.339307e-02,2.927380e-03,1.073531e-02,3.918747e-01,3.762078e-01
2.963797e-02,1.681664e-02,4.683409e-02,4.635054e-03,3.322948e-03,4.450395e-03,3.951216e-03,2.640469e-03,4.814003e-02,2.686649e-02,4.008839e-02,2.590240e-03,8.691420e-03,3.549016e-01,4.064330e-01
6.356242e-02,1.441378e-02,3.807409e-02,4.006733e-03,3.780028e-03,5.867843e-03,3.150192e-03,4.492757e-03,4.361618e-02,2.283311e-02,3.057030e-02,2.420763e-03,7.186947e-03,3.921656e-01,3.638593e-01
1.590097e-01,1.556536e-02,4.406523e-02,4.149214e-03,3.934395e-03,9.845306e-03,3.031363e-03,7.680474e-03,3.995265e-02,1.804743e-02,2.303992e-02,2.816408e-03,7.559589e-03,3.640281e-01,2.972749e-01
1.397575e-01,1.247366e-02,4.076224e-02,3.789003e-03,8.877106e-03,8.919552e-03,2.224444e-03,1.524404e-02,5.766284e-02,1.924383e-02,1.776092e-02,2.325597e-03,5.996254e-03,3.767917e-01,2.881714e-01
1.405494e-01,1.075139e-02,3.451847e-02,3.520000e-03,1.194286e-02,7.842755e-03,1.798313e-03,3.005724e-02,6.462505e-02,1.597879e-02,1.451958e-02,2.053914e-03,5.062337e-03,4.315580e-01,2.252219e-01
1.727873e-01,9.830290e-03,3.497828e-02,7.842686e-03,1.430146e-02,7.675597e-03,1.526469e-03,3.021823e-02,1.173067e-01,1.507608e-02,1.423973e-02,2.569175e-03,4.474249e-03,4.001398e-01,1.670339e-01
1.841932e-01,1.108245e-02,5.080199e-02,5.110742e-02,2.332688e-02,9.587782e-03,1.377348e-03,2.462395e-02,1.322028e-01,1.638317e-02,1.924894e-02,6.094080e-03,8.101686e-03,3.387658e-01,1.231025e-01
1.560196e-01,1.069689e-02,8.893501e-02,4.000115e-02,2.517757e-02,1.045084e-02,1.296543e-03,2.214598e-02,1.693806e-01,3.383389e-02,2.257216e-02,4.898452e-03,6.455283e-03,3.105832e-01,9.755279e-02
1.266494e-01,1.067360e-02,1.332406e-01,2.947264e-02,2.016579e-02,9.411155e-03,1.066674e-03,1.635378e-02,1.652546e-01,6.923218e-02,2.294844e-02,4.003873e-03,6.197609e-03,3.088867e-01,7.644288e-02
1.200734e-01,1.489378e-02,1.954319e-01,7.897687e-02,2.909018e-02,9.303195e-03,9.877509e-04,1.233864e-02,1.519720e-01,5.514595e-02,1.908694e-02,3.925327e-03,6.087561e-03,2.359330e-01,6.675345e-02
1.643889e-01,1.173037e-02,1.551493e-01,6.027791e-02,2.495808e-02,8.377302e-03,9.823904e-04,9.914567e-03,1.863649e-01,6.873138e-02,1.629336e-02,3.828198e-03,5.313536e-03,2.336838e-01,5.000605e-02
1.883539e-01,9.270735e-03,1.164613e-01,4.469102e-02,2.361767e-02,6.870234e-03,8.246148e-04,8.897748e-03,2.050591e-01,9.452521e-02,1.366792e-02,3.547416e-03,4.154954e-03,2.399895e-01,4.006867e-02
2.005327e-01,7.868668e-03,1.013635e-01,3.473829e-02,1.897233e-02,6.924147e-03,7.676542e-04,7.514358e-03,2.126770e-01,1.164028e-01,1.433579e-02,3.152785e-03,3.486665e-03,2.372127e-01,3.405047e-02
2.514021e-01,8.368650e-03,1.011890e-01,4.107069e-02,1.989990e-02,7.565834e-03,8.170742e-04,7.676687e-03,2.090638e-01,9.803682e-02,1.431674e-02,4.118338e-03,3.392045e-03,2.041833e-01,2.889895e-02
2.328046e-01,9.272456e-03,8.144084e-02,3.094021e-02,1.835007e-02,6.605762e-03,7.281915e-04,6.732251e-03,2.011030e-01,1.456692e-01,1.462806e-02,3.483347e-03,3.070109e-03,2.183286e-01,2.684323e-02
1.698321e-01,7.236106e-03,5.964601e-02,2.203282e-02,1.334593e-02,5.224802e-03,5.623875e-04,4.834689e-03,1.554229e-01,2.665419e-01,1.251284e-02,2.652704e-03,2.609992e-03,2.548981e-01,2.264670e-02
1.247627e-01,6.943356e-03,4.600706e-02,1.566020e-02,1.085454e-02,4.859928e-03,4.676093e-04,3.693814e-03,1.184583e-01,3.007466e-01,1.116154e-02,1.957163e-03,2.103684e-03,3.320135e-01,2.030989e-02
9.474058e-02,1.137529e-02,6.078468e-02,6.951714e-02,1.692568e-02,4.383955e-03,5.335847e-04,8.407984e-03,1.168442e-01,3.368694e-01,9.829869e-03,1.776797e-03,2.000039e-03,2.435784e-01,2.243242e-02
7.129004e-02,1.326884e-02,4.789133e-02,5.610174e-02,1.451632e-02,3.914253e-03,4.380208e-04,7.085196e-03,1.239084e-01,4.259402e-01,1.470561e-02,1.782631e-03,3.068163e-03,1.926114e-01,2.347775e-02
5.311560e-02,1.738041e-02,4.828125e-02,4.517029e-02,1.412832e-02,3.615765e-03,4.063190e-04,6.821578e-03,1.171525e-01,4.908577e-01,1.979420e-02,1.908478e-03,5.147240e-03,1.522535e-01,2.396680e-02
3.850567e-02,1.447597e-02,4.968880e-02,3.226393e-02,1.132165e-02,3.221913e-03,4.006021e-04,5.039243e-03,9.458524e-02,5.868900e-01,2.199122e-02,2.184629e-03,9.653595e-03,1.100049e-01,1.977260e-02
3.293534e-02,1.423573e-02,7.163833e-02,3.207681e-02,1.225536e-02,3.196161e-03,4.073647e-04,6.859624e-03,8.601379e-02,5.961793e-01,2.838779e-02,3.441919e-03,1.348425e-02,7.962460e-02,1.926363e-02
2.853374e-02,1.276695e-02,2.269147e-01,3.089133e-02,1.626863e-02,3.074960e-03,7.894678e-04,3.800889e-02,7.134324e-02,4.584704e-01,2.478317e-02,3.434937e-03,1.157323e-02,5.662816e-02,1.651813e-02
3.155769e-02,1.884041e-02,2.671928e-01,6.321268e-02,5.560597e-02,5.735476e-03,2.477312e-03,4.817708e-02,8.405060e-02,3.333981e-01,1.950601e-02,2.718696e-03,8.882001e-03,4.191784e-02,1.672732e-02
4.008035e-02,2.917658e-02,3.059747e-01,6.619014e-02,9.845021e-02,9.267282e-03,3.844951e-03,4.922245e-02,8.716388e-02,2.410941e-01,1.493472e-02,2.069670e-03,6.478405e-03,3.073811e-02,1.531444e-02
4.193843e-02,3.565457e-02,3.232919e-01,1.669712e-01,9.259473e-02,9.996619e-03,5.651932e-03,3.842836e-02,6.311936e-02,1.705136e-01,1.113737e-02,1.526759e-03,4.691621e-03,2.160876e-02,1.287473e-02
5.109603e-02,3.746808e-02,3.752885e-01,1.779244e-01,9.223805e-02,1.024315e-02,6.217525e-03,3.187648e-02,4.756040e-02,1.229795e-01,8.304484e-03,1.243079e-03,3.854329e-03,1.529905e-02,1.840691e-02
6.726307e-02,3.625581e-02,3.085401e-01,1.831145e-01,1.152408e-01,1.184488e-02,1.241782e-02,1.035583e-01,3.665906e-02,8.690349e-02,6.820069e-03,1.309022e-03,3.944896e-03,1.089622e-02,1.523190e-02
1.036777e-01,3.339721e-02,2.330312e-01,1.336262e-01,9.798703e-02,1.288050e-02,5.261445e-02,2.130608e-01,2.641297e-02,6.299719e-02,5.135789e-03,1.258699e-03,3.767344e-03,7.766135e-03,1.238687e-02
1.094423e-01,2.769339e-02,1.746374e-01,9.671460e-02,7.851908e-02,1.111935e-02,1.156277e-01,2.987028e-01,1.878539e-02,4.508313e-02,3.829443e-03,1.156550e-03,3.346115e-03,5.510254e-03,9.832416e-03
8.868418e-02,1.992165e-02,1.244658e-01,6.864453e-02,5.798006e-02,8.452801e-03,1.710792e-01,3.988090e-01,1.320201e-02,3.164265e-02,2.832937e-03,8.699196e-04,2.531064e-03,3.882866e-03,7.001379e-03
7.291956e-02,1.474381e-02,8.874188e-02,4.852922e-02,4.232909e-02,6.422433e-03,2.304665e-01,4.516965e-01,9.317485e-03,2.225695e-02,2.085061e-03,6.817483e-04,1.908671e-03,2.742324e-03,5.158770e-03
7.342333e-02,1.123164e-02,6.269743e-02,3.429443e-02,3.205559e-02,6.426637e-03,2.733869e-01,4.720752e-01,6.820089e-03,1.576043e-02,1.880505e-03,9.331841e-04,2.206441e-03,1.990483e-03,4.817745e-03
1.411310e-01,8.975847e-03,4.484176e-02,2.435709e-02,2.865661e-02,8.714641e-03,3.108852e-01,4.038404e-01,6.050590e-03,1.136957e-02,1.543736e-03,1.211691e-03,2.449017e-03,1.449887e-03,4.523017e-03
1.801187e-01,6.839526e-03,3.216676e-02,1.728660e-02,2.297825e-02,1.156492e-02,2.981254e-01,4.060680e-01,4.822254e-03,8.397557e-03,1.493690e-03,1.607521e-03,2.853394e-03,1.128000e-03,4.549516e-03
1.848190e-01,5.143152e-03,2.340525e-02,1.250152e-02,1.798345e-02,1.369853e-02,3.202632e-01,3.965652e-01,3.596970e-03,7.271715e-03,1.700100e-03,1.506807e-03,3.229486e-03,1.151217e-03,7.164385e-03
1.945828e-01,4.018696e-03,1.719535e-02,9.159102e-03,1.409575e-02,1.449678e-02,3.496573e-01,3.711379e-01,2.916245e-03,6.125625e-03,1.854338e-03,1.740144e-03,3.528684e-03,1.005495e-03,8.485867e-03
2.299739e-01,3.451011e-03,1.294748e-02,7.121768e-03,1.170745e-02,1.529119e-02,3.804003e-01,3.131767e-01,2.948435e-03,5.120432e-03,1.717631e-03,2.499544e-03,3.846768e-03,9.459025e-04,8.851528e-03
1.968867e-01,2.957318e-03,9.607651e-03,5.333568e-03,9.147916e-03,1.224414e-02,5.045589e-01,2.374234e-01,2.338246e-03,3.938490e-03,1.383341e-03,1.977807e-03,3.120072e-03,7.464279e-04,8.336049e-03
1.638205e-01,2.663789e-03,7.310162e-03,4.127126e-03,7.945046e-03,9.792377e-03,5.805938e-01,2.049876e-01,2.063584e-03,3.060664e-03,1.163330e-03,1.661137e-03,2.469168e-03,5.885647e-04,7.753176e-03
1.405924e-01,2.222579e-03,5.590662e-03,3.282373e-03,7.200169e-03,7.650819e-03,6.480199e-01,1.700212e-01,1.689887e-03,2.415058e-03,9.642451e-04,1.433617e-03,1.936169e-03,4.767017e-04,6.504288e-03
1.148837e-01,1.838597e-03,4.340372e-03,2.599535e-03,7.360583e-03,5.916070e-03,7.077520e-01,1.432511e-01,1.351717e-03,1.890561e-03,7.653160e-04,1.175811e-03,1.494078e-03,3.733608e-04,5.007188e-03
1.065308e-01,1.825420e-03,3.767369e-03,2.321550e-03,9.542782e-03,5.129989e-03,7.507005e-01,1.089173e-01,1.055180e-03,1.656062e-03,7.786123e-04,1.096499e-03,1.377702e-03,4.307333e-04,4.869530e-03
1.493894e-01,3.805964e-03,6.092382e-03,8.642951e-03,1.357513e-02,1.059283e-02,6.906061e-01,7.973380e-02,1.973944e-03,7.259280e-03,4.216637e-03,4.037527e-03,2.572522e-03,2.139910e-03,1.536168e-02
1.540335e-01,6.368008e-03,9.771328e-03,4.026317e-02,1.523536e-02,2.011568e-02,5.232739e-01,5.785847e-02,9.748098e-03,6.981915e-02,1.163165e-02,9.294018e-03,4.513248e-03,9.922979e-03,5.815144e-02
1.698949e-01,1.566672e-02,1.261947e-02,3.931653e-02,1.657104e-02,2.607817e-02,4.185173e-01,4.353222e-02,2.199356e-02,1.178438e-01,1.892768e-02,1.105854e-02,6.415037e-03,1.376625e-02,6.779878e-02
1.679971e-01,1.628358e-02,1.695465e-02,4.856025e-02,1.574085e-02,3.093635e-02,3.007422e-01,3.372152e-02,2.901353e-02,1.086512e-01,4.636421e-02,2.036312e-02,2.626854e-02,1.309983e-02,1.253030e-01
1.307989e-01,1.971004e-02,7.164688e-02,1.088372e-01,1.463867e-02,2.394336e-02,2.109783e-01,2.464780e-02,3.603187e-02,8.785661e-02,6.546707e-02,3.211750e-02,4.592249e-02,1.062299e-02,1.167803e-01
1.079720e-01,1.839337e-02,1.169990e-01,1.246633e-01,1.185544e-02,1.887789e-02,1.479175e-01,1.802031e-02,3.538296e-02,6.549187e-02,1.244795e-01,4.183219e-02,4.725496e-02,9.716067e-03,1.111436e-01
1.748245e-01,1.814491e-02,1.086827e-01,1.086025e-01,1.247175e-02,1.751154e-02,1.043727e-01,1.444178e-02,4.626723e-02,4.879794e-02,1.411151e-01,4.815972e-02,4.028393e-02,1.128116e-02,1.050425e-01
1.485687e-01,3.844021e-02,1.173164e-01,1.804261e-01,1.320319e-02,2.045588e-02,7.374202e-02,1.107474e-02,4.541973e-02,3.513476e-02,1.296618e-01,5.689843e-02,3.865173e-02,9.891272e-03,8.111496e-02
1.379980e-01,3.490770e-02,1.205653e-01,2.114723e-01,1.345983e-02,2.305965e-02,5.243548e-02,9.688250e-03,5.249504e-02,2.847924e-02,1.177602e-01,7.693163e-02,4.199432e-02,8.309344e-03,7.044379e-02
1.369049e-01,3.747176e-02,1.345340e-01,1.741716e-01,1.168249e-02,2.161699e-02,3.710456e-02,7.734413e-03,6.209624e-02,3.358126e-02,9.542741e-02,7.038182e-02,3.925798e-02,1.098879e-02,1.270459e-01
1.644107e-01,3.155540e-02,1.212562e-01,1.898368e-01,1.028285e-02,2.231244e-02,2.682435e-02,7.243184e-03,6.211299e-02,2.799553e-02,8.009126e-02,6.063754e-02,3.813395e-02,1.975840e-02,1.375484e-01
2.297945e-01,2.900035e-02,9.312219e-02,1.635269e-01,1.002968e-02,2.257754e-02,1.949423e-02,6.371845e-03,5.812874e-02,2.358594e-02,7.734363e-02,5.604319e-02,3.641862e-02,2.481584e-02,1.497467e-01
3.588342e-01,2.617013e-02,6.711728e-02,1.307429e-01,1.110774e-02,2.413553e-02,1.629033e-02,1.080354e-02,4.574563e-02,1.781497e-02,6.711736e-02,5.007249e-02,3.301437e-02,2.169933e-02,1.193341e-01
4.365233e-01,2.515339e-02,4.991041e-02,1.129983e-01,9.729842e-03,2.447986e-02,1.263154e-02,1.027613e-02,4.260213e-02,1.457474e-02,5.720659e-02,4.403368e-02,3.079772e-02,1.902271e-02,1.100596e-01
4.950156e-01,2.466132e-02,3.691218e-02,9.366175e-02,8.710735e-03,2.349926e-02,1.017395e-02,9.800483e-03,3.600900e-02,1.147798e-02,5.043500e-02,4.179038e-02,3.120194e-02,1.929575e-02,1.073546e-01
1.000000e+00,0.000000e+00,0.000000e+00,0.000000e+00,0.000000e+00,0.000000e+00,0.000000e+00,0.000000e+00,0.000000e+00,0.000000e+00,0.000000e+00,0.000000e+00,0.000000e+00,0.000000e+00,0.000000e+00
1.000000e+00,0.000000e+00,0.000000e+00,0.000000e+00,0.000000e+00,0.000000e+00,0.000000e+00,0.000000e+00,0.000000e+00,0.000000e+00,0.000000e+00,0.000000e+00,0.000000e+00,0.000000e+00,0.000000e+00
1.000000e+00,0.000000e+00,0.000000e+00,0.000000e+00,0.000000e+00,0.000000e+00,0.000000e+00,0.000000e+00,0.000000e+00,0.000000e+00,0.000000e+00,0.000000e+00,0.000000e+00,0.000000e+00,0.000000e+00
1.000000e+00,0.000000e+00,0.000000e+00,0.000000e+00,0.000000e+00,0.000000e+00,0.000000e+00,0.000000e+00,0.000000e+00,0.000000e+00,0.000000e+00,0.000000e+00,0.000000e+00,0.000000e+00,0.000000e+00
4.450194e-01,2.312150e-02,1.245220e-02,5.824293e-02,4.603736e-03,3.183153e-02,3.603108e-03,3.747314e-03,3.429503e-02,8.751072e-03,5.685337e-02,3.660628e-02,3.077834e-02,4.789960e-02,2.021946e-01
3.963676e-01,2.930231e-02,3.181336e-02,5.409445e-02,5.495539e-03,2.897455e-02,3.169361e-03,5.692089e-03,3.328294e-02,1.051139e-02,9.291957e-02,4.736090e-02,2.886453e-02,6.808892e-02,1.640625e-01
3.011477e-01,2.471735e-02,6.066322e-02,5.162543e-02,1.085209e-02,2.338566e-02,2.733409e-03,5.542285e-03,4.241665e-02,2.070183e-02,1.422243e-01,4.065066e-02,2.713326e-02,1.105283e-01,1.356779e-01
2.647595e-01,2.466414e-02,5.675816e-02,4.537112e-02,1.123735e-02,2.025429e-02,2.419793e-03,4.860001e-03,5.874997e-02,7.180650e-02,1.176045e-01,3.068035e-02,2.219215e-02,1.590636e-01,1.095785e-01
1.969346e-01,1.976745e-02,1.087908e-01,3.451990e-02,1.553919e-02,1.669811e-02,5.381694e-03,2.388745e-02,5.109128e-02,9.971331e-02,1.054078e-01,2.264880e-02,2.137288e-02,1.969388e-01,8.130790e-02
1.423599e-01,1.594155e-02,2.780479e-01,3.706210e-02,1.759245e-02,1.307476e-02,4.702023e-03,2.340187e-02,7.216652e-02,7.639142e-02,8.096911e-02,1.721835e-02,1.744645e-02,1.441793e-01,5.944636e-02
1.054562e-01,1.353488e-02,2.474748e-01,4.031171e-02,1.902650e-02,1.282593e-02,3.768257e-03,2.024833e-02,5.981078e-02,2.088495e-01,7.768647e-02,1.524000e-02,2.175643e-02,1.086874e-01,4.532289e-02
7.895117e-02,1.099106e-02,2.102589e-01,3.820521e-02,3.168068e-02,9.985265e-03,3.917648e-03,8.020464e-02,4.966501e-02,2.394404e-01,7.417205e-02,1.456176e-02,3.171199e-02,9.176663e-02,3.448756e-02
5.757123e-02,8.287526e-03,1.598923e-01,3.274773e-02,3.303178e-02,7.548222e-03,2.963486e-03,8.963454e-02,4.106163e-02,3.489939e-01,6.412911e-02,1.559623e-02,3.380343e-02,7.649693e-02,2.824194e-02
4.133394e-02,6.461126e-03,1.208937e-01,2.606359e-02,4.511666e-02,5.703453e-03,2.787200e-03,1.063381e-01,3.175857e-02,3.989900e-01,5.893286e-02,1.625931e-02,4.379977e-02,6.952351e-02,2.603830e-02
3.091189e-02,6.547151e-03,1.078445e-01,3.820741e-02,5.330828e-02,4.359788e-03,2.285016e-03,2.525480e-01,2.852481e-02,3.052120e-01,4.773344e-02,1.257638e-02,3.750388e-02,5.324508e-02,1.919234e-02
2.571104e-02,9.209225e-03,1.009928e-01,4.419906e-02,6.861636e-02,4.691182e-03,2.432186e-03,2.847533e-01,2.791812e-02,2.898784e-01,3.978108e-02,1.163554e-02,3.637315e-02,3.990300e-02,1.390558e-02
1.921367e-02,8.237275e-03,7.660358e-02,4.032683e-02,7.246567e-02,3.674034e-03,2.206709e-03,4.012297e-01,2.605851e-02,2.382711e-01,3.144323e-02,9.682879e-03,3.098443e-02,2.970331e-02,9.899076e-03
1.497485e-02,5.948156e-03,5.710003e-02,2.979765e-02,6.109852e-02,2.801220e-03,2.272185e-03,5.541500e-01,1.932433e-02,1.721931e-01,2.292962e-02,7.013525e-03,2.251510e-02,2.087610e-02,7.005656e-03
1.138727e-02,4.245310e-03,4.155444e-02,2.120556e-02,4.680475e-02,2.139518e-03,1.990695e-03,6.780014e-01,1.380400e-02,1.218516e-01,1.643741e-02,5.000415e-03,1.600856e-02,1.463991e-02,4.929133e-03
