1.000000e+00,0.000000e+00,0.000000e+00,0.000000e+00,0.000000e+00,0.000000e+00,0.000000e+00,0.000000e+00,0.000000e+00,0.000000e+00,0.000000e+00,0.000000e+00,0.000000e+00,0.000000e+00,0.000000e+00
1.000000e+00,0.000000e+00,0.000000e+00,0.000000e+00,0.000000e+00,0.000000e+00,0.000000e+00,0.000000e+00,0.000000e+00,0.000000e+00,0.000000e+00,0.000000e+00,0.000000e+00,0.000000e+00,0.000000e+00
1.000000e+00,0.000000e+00,0.000000e+00,0.000000e+00,0.000000e+00,0.000000e+00,0.000000e+00,0.000000e+00,0.000000e+00,0.000000e+00,0.000000e+00,0.000000e+00,0.000000e+00,0.000000e+00,0.000000e+00
1.000000e+00,0.000000e+00,0.000000e+00,0.000000e+00,0.000000e+00,0.000000e+00,0.000000e+00,0.000000e+00,0.000000e+00,0.000000e+00,0.000000e+00,0.000000e+00,0.000000e+00,0.000000e+00,0.000000e+00
1.000000e+00,0.000000e+00,0.000000e+00,0.000000e+00,0.000000e+00,0.000000e+00,0.000000e+00,0.000000e+00,0.000000e+00,0.000000e+00,0.000000e+00,0.000000e+00,0.000000e+00,0.000000e+00,0.000000e+00
1.000000e+00,0.000000e+00,0.000000e+00,0.000000e+00,0.000000e+00,0.000000e+00,0.000000e+00,0.000000e+00,0.000000e+00,0.000000e+00,0.000000e+00,0.000000e+00,0.000000e+00,0.000000e+00,0.000000e+00
1.000000e+00,0.000000e+00,0.000000e+00,0.000000e+00,0.000000e+00,0.000000e+00,0.000000e+00,0.000000e+00,0.000000e+00,0.000000e+00,0.000000e+00,0.000000e+00,0.000000e+00,0.000000e+00,0.000000e+00
1.000000e+00,0.000000e+00,0.000000e+00,0.000000e+00,0.000000e+00,0.000000e+00,0.000000e+00,0.000000e+00,0.000000e+00,0.000000e+00,0.000000e+00,0.000000e+00,0.000000e+00,0.000000e+00,0.000000e+00
1.000000e+00,0.000000e+00,0.000000e+00,0.000000e+00,0.000000e+00,0.000000e+00,0.000000e+00,0.000000e+00,0.000000e+00,0.000000e+00,0.000000e+00,0.000000e+00,0.000000e+00,0.000000e+00,0.000000e+00
1.000000e+00,0.000000e+00,0.000000e+00,0.000000e+00,0.000000e+00,0.000000e+00,0.000000e+00,0.000000e+00,0.000000e+00,0.000000e+00,0.000000e+00,0.000000e+00,0.000000e+00,0.000000e+00,0.000000e+00
1.000000e+00,0.000000e+00,0.000000e+00,0.000000e+00,0.000000e+00,0.000000e+00,0.000000e+00,0.000000e+00,0.000000e+00,0.000000e+00,0.000000e+00,0.000000e+00,0.000000e+00,0.000000e+00,0.000000e+00
1.000000e+00,0.000000e+00,0.000000e+00,0.000000e+00,0.000000e+00,0.000000e+00,0.000000e+00,0.000000e+00,0.000000e+00,0.000000e+00,0.000000e+00,0.000000e+00,0.000000e+00,0.000000e+00,0.000000e+00
1.000000e+00,0.000000e+00,0.000000e+00,0.000000e+00,0.000000e+00,0.000000e+00,0.000000e+00,0.000000e+00,0.000000e+00,0.000000e+00,0.000000e+00,0.000000e+00,0.000000e+00,0.000000e+00,0.000000e+00
1.000000e+00,0.000000e+00,0.000000e+00,0.000000e+00,0.000000e+00,0.000000e+00,0.000000e+00,0.000000e+00,0.000000e+00,0.000000e+00,0.000000e+00,0.000000e+00,0.000000e+00,0.000000e+00,0.000000e+00
1.000000e+00,0.000000e+00,0.000000e+00,0.000000e+00,0.000000e+00,0.000000e+00,0.000000e+00,0.000000e+00,0.000000e+00,0.000000e+00,0.000000e+00,0.000000e+00,0.000000e+00,0.000000e+00,0.000000e+00
1.000000e+00,0.000000e+00,0.000000e+00,0.000000e+00,0.000000e+00,0.000000e+00,0.000000e+00,0.000000e+00,0.000000e+00,0.000000e+00,0.000000e+00,0.000000e+00,0.000000e+00,0.000000e+00,0.000000e+00
1.000000e+00,0.000000e+00,0.000000e+00,0.000000e+00,0.000000e+00,0.000000e+00,0.000000e+00,0.000000e+00,0.000000e+00,0.000000e+00,0.000000e+00,0.000000e+00,0.000000e+00,0.000000e+00,0.000000e+00
1.000000e+00,0.000000e+00,0.000000e+00,0.000000e+00,0.000000e+00,0.000000e+00,0.000000e+00,0.000000e+00,0.000000e+00,0.000000e+00,0.000000e+00,0.000000e+00,0.000000e+00,0.000000e+00,0.000000e+00
1.000000e+00,0.000000e+00,0.000000e+00,0.000000e+00,0.000000e+00,0.000000e+00,0.000000e+00,0.000000e+00,0.000000e+00,0.000000e+00,0.000000e+00,0.000000e+00,0.000000e+00,0.000000e+00,0.000000e+00
1.000000e+00,0.000000e+00,0.000000e+00,0.000000e+00,0.000000e+00,0.000000e+00,0.000000e+00,0.000000e+00,0.000000e+00,0.000000e+00,0.000000e+00,0.000000e+00,0.000000e+00,0.000000e+00,0.000000e+00
1.000000e+00,0.000000e+00,0.000000e+00,0.000000e+00,0.000000e+00,0.000000e+00,0.000000e+00,0.000000e+00,0.000000e+00,0.000000e+00,0.000000e+00,0.000000e+00,0.000000e+00,0.000000e+00,0.000000e+00
1.000000e+00,0.000000e+00,0.000000e+00,0.000000e+00,0.000000e+00,0.000000e+00,0.000000e+00,0.000000e+00,0.000000e+00,0.000000e+00,0.000000e+00,0.000000e+00,0.000000e+00,0.000000e+00,0.000000e+00
1.000000e+00,0.000000e+00,0.000000e+00,0.000000e+00,0.000000e+00,0.000000e+00,0.000000e+00,0.000000e+00,0.000000e+00,0.000000e+00,0.000000e+00,0.000000e+00,0.000000e+00,0.000000e+00,0.000000e+00
1.000000e+00,0.000000e+00,0.000000e+00,0.000000e+00,0.000000e+00,0.000000e+00,0.000000e+00,0.000000e+00,0.000000e+00,0.000000e+00,0.000000e+00,0.000000e+00,0.000000e+00,0.000000e+00,0.000000e+00
1.000000e+00,0.000000e+00,0.000000e+00,0.000000e+00,0.000000e+00,0.000000e+00,0.000000e+00,0.000000e+00,0.000000e+00,0.000000e+00,0.000000e+00,0.000000e+00,0.000000e+00,0.000000e+00,0.000000e+00
1.000000e+00,0.000000e+00,0.000000e+00,0.000000e+00,0.000000e+00,0.000000e+00,0.000000e+00,0.000000e+00,0.000000e+00,0.000000e+00,0.000000e+00,0.000000e+00,0.000000e+00,0.000000e+00,0.000000e+00
1.000000e+00,0.000000e+00,0.000000e+00,0.000000e+00,0.000000e+00,0.000000e+00,0.000000e+00,0.000000e+00,0.000000e+00,0.000000e+00,0.000000e+00,0.000000e+00,0.000000e+00,0.000000e+00,0.000000e+00
1.000000e+00,0.000000e+00,0.000000e+00,0.000000e+00,0.000000e+00,0.000000e+00,0.000000e+00,0.000000e+00,0.000000e+00,0.000000e+00,0.000000e+00,0.000000e+00,0.000000e+00,0.000000e+00,0.000000e+00
1.000000e+00,0.000000e+00,0.000000e+00,0.000000e+00,0.000000e+00,0.000000e+00,0.000000e+00,0.000000e+00,0.000000e+00,0.000000e+00,0.000000e+00,0.000000e+00,0.000000e+00,0.000000e+00,0.000000e+00
1.000000e+00,0.000000e+00,0.000000e+00,0.000000e+00,0.000000e+00,0.000000e+00,0.000000e+00,0.000000e+00,0.000000e+00,0.000000e+00,0.000000e+00,0.000000e+00,0.000000e+00,0.000000e+00,0.000000e+00
1.000000e+00,0.000000e+00,0.000000e+00,0.000000e+00,0.000000e+00,0.000000e+00,0.000000e+00,0.000000e+00,0.000000e+00,0.000000e+00,0.000000e+00,0.000000e+00,0.000000e+00,0.000000e+00,0.000000e+00
1.000000e+00,0.000000e+00,0.000000e+00,0.000000e+00,0.000000e+00,0.000000e+00,0.000000e+00,0.000000e+00,0.000000e+00,0.000000e+00,0.000000e+00,0.000000e+00,0.000000e+00,0.000000e+00,0.000000e+00
1.000000e+00,0.000000e+00,0.000000e+00,0.000000e+00,0.000000e+00,0.000000e+00,0.000000e+00,0.000000e+00,0.000000e+00,0.000000e+00,0.000000e+00,0.000000e+00,0.000000e+00,0.000000e+00,0.000000e+00
1.000000e+00,0.000000e+00,0.000000e+00,0.000000e+00,0.000000e+00,0.000000e+00,0.000000e+00,0.000000e+00,0.000000e+00,0.000000e+00,0.000000e+00,0.000000e+00,0.000000e+00,0.000000e+00,0.000000e+00
1.000000e+00,0.000000e+00,0.000000e+00,0.000000e+00,0.000000e+00,0.000000e+00,0.000000e+00,0.000000e+00,0.000000e+00,0.000000e+00,0.000000e+00,0.000000e+00,0.000000e+00,0.000000e+00,0.000000e+00
1.000000e+00,0.000000e+00,0.000000e+00,0.000000e+00,0.000000e+00,0.000000e+00,0.000000e+00,0.000000e+00,0.000000e+00,0.000000e+00,0.000000e+00,0.000000e+00,0.000000e+00,0.000000e+00,0.000000e+00
1.000000e+00,0.000000e+00,0.000000e+00,0.000000e+00,0.000000e+00,0.000000e+00,0.000000e+00,0.000000e+00,0.000000e+00,0.000000e+00,0.000000e+00,0.000000e+00,0.000000e+00,0.000000e+00,0.000000e+00
1.000000e+00,0.000000e+00,0.000000e+00,0.000000e+00,0.000000e+00,0.000000e+00,0.000000e+00,0.000000e+00,0.000000e+00,0.000000e+00,0.000000e+00,0.000000e+00,0.000000e+00,0.000000e+00,0.000000e+00
1.000000e+00,0.000000e+00,0.000000e+00,0.000000e+00,0.000000e+00,0.000000e+00,0.000000e+00,0.000000e+00,0.000000e+00,0.000000e+00,0.000000e+00,0.000000e+00,0.000000e+00,0.000000e+00,0.000000e+00
1.000000e+00,0.000000e+00,0.000000e+00,0.000000e+00,0.000000e+00,0.000000e+00,0.000000e+00,0.000000e+00,0.000000e+00,0.000000e+00,0.000000e+00,0.000000e+00,0.000000e+00,0.000000e+00,0.000000e+00
1.000000e+00,0.000000e+00,0.000000e+00,0.000000e+00,0.000000e+00,0.000000e+00,0.000000e+00,0.000000e+00,0.000000e+00,0.000000e+00,0.000000e+00,0.000000e+00,0.000000e+00,0.000000e+00,0.000000e+00
1.000000e+00,0.000000e+00,0.000000e+00,0.000000e+00,0.000000e+00,0.000000e+00,0.000000e+00,0.000000e+00,0.000000e+00,0.000000e+00,0.000000e+00,0.000000e+00,0.000000e+00,0.000000e+00,0.000000e+00
1.000000e+00,0.000000e+00,0.000000e+00,0.000000e+00,0.000000e+00,0.000000e+00,0.000000e+00,0.000000e+00,0.000000e+00,0.000000e+00,0.000000e+00,0.000000e+00,0.000000e+00,0.000000e+00,0.000000e+00
1.000000e+00,0.000000e+00,0.000000e+00,0.000000e+00,0.000000e+00,0.000000e+00,0.000000e+00,0.000000e+00,0.000000e+00,0.000000e+00,0.000000e+00,0.000000e+00,0.000000e+00,0.000000e+00,0.000000e+00
1.000000e+00,0.000000e+00,0.000000e+00,0.000000e+00,0.000000e+00,0.000000e+00,0.000000e+00,0.000000e+00,0.000000e+00,0.000000e+00,0.000000e+00,0.000000e+00,0.000000e+00,0.000000e+00,0.000000e+00
1.000000e+00,0.000000e+00,0.000000e+00,0.000000e+00,0.000000e+00,0.000000e+00,0.000000e+00,0.000000e+00,0.000000e+00,0.000000e+00,0.000000e+00,0.000000e+00,0.000000e+00,0.000000e+00,0.000000e+00
1.000000e+00,0.000000e+00,0.000000e+00,0.000000e+00,0.000000e+00,0.000000e+00,0.000000e+00,0.000000e+00,0.000000e+00,0.000000e+00,0.000000e+00,0.000000e+00,0.000000e+00,0.000000e+00,0.000000e+00
1.000000e+00,0.000000e+00,0.000000e+00,0.000000e+00,0.000000e+00,0.000000e+00,0.000000e+00,0.000000e+00,0.000000e+00,0.000000e+00,0.000000e+00,0.000000e+00,0.000000e+00,0.000000e+00,0.000000e+00
1.000000e+00,0.000000e+00,0.000000e+00,0.000000e+00,0.000000e+00,0.000000e+00,0.000000e+00,0.000000e+00,0.000000e+00,0.000000e+00,0.000000e+00,0.000000e+00,0.000000e+00,0.000000e+00,0.000000e+00
1.000000e+00,0.000000e+00,0.000000e+00,0.000000e+00,0.000000e+00,0.000000e+00,0.000000e+00,0.000000e+00,0.000000e+00,0.000000e+00,0.000000e+00,0.000000e+00,0.000000e+00,0.000000e+00,0.000000e+00
4.956364e-01,3.421462e-02,4.278450e-02,1.825261e-01,1.373845e-02,2.268946e-02,6.977339e-03,3.734672e-02,2.023893e-02,2.595316e-03,2.897167e-02,6.240996e-02,1.995554e-02,5.334704e-03,2.458031e-02
4.814857e-01,3.894734e-02,3.732950e-02,1.844975e-01,1.751649e-02,2.345481e-02,6.770578e-03,3.205737e-02,2.468529e-02,2.566791e-03,3.564702e-02,6.100912e-02,2.137857e-02,6.228213e-03,2.642576e-02
4.768485e-01,4.169861e-02,3.249222e-02,1.782036e-01,1.930525e-02,2.486931e-02,6.554219e-03,2.823364e-02,2.568023e-02,2.844002e-03,4.360900e-02,5.889244e-02,2.162101e-02,8.297422e-03,3.085054e-02
4.383958e-01,4.084421e-02,3.400596e-02,1.918733e-01,1.958561e-02,2.558430e-02,6.769420e-03,4.083812e-02,2.736841e-02,3.066858e-03,4.714388e-02,6.179690e-02,2.305938e-02,8.514376e-03,3.115339e-02
4.840653e-01,4.358159e-02,2.899477e-02,1.650401e-01,1.862460e-02,2.556004e-02,6.677374e-03,3.256967e-02,2.609565e-02,3.017816e-03,4.244842e-02,5.614256e-02,2.353741e-02,9.682233e-03,3.396240e-02
4.455559e-01,5.186025e-02,3.478746e-02,1.850778e-01,1.928957e-02,2.757730e-02,7.366196e-03,3.135373e-02,2.535009e-02,2.992312e-03,4.232972e-02,5.558572e-02,2.405850e-02,9.372618e-03,3.744278e-02
4.818822e-01,5.242287e-02,3.085798e-02,1.685793e-01,1.852381e-02,2.636145e-02,7.045917e-03,2.661927e-02,2.267736e-02,3.123774e-03,3.797998e-02,5.173769e-02,2.422394e-02,9.667819e-03,3.829656e-02
4.895927e-01,4.254071e-02,2.873454e-02,1.401495e-01,1.653473e-02,2.475408e-02,8.677537e-03,8.073525e-02,1.871910e-02,2.940119e-03,3.316339e-02,4.689360e-02,2.420803e-02,9.132894e-03,3.322385e-02
1.000000e+00,0.000000e+00,0.000000e+00,0.000000e+00,0.000000e+00,0.000000e+00,0.000000e+00,0.000000e+00,0.000000e+00,0.000000e+00,0.000000e+00,0.000000e+00,0.000000e+00,0.000000e+00,0.000000e+00
1.000000e+00,0.000000e+00,0.000000e+00,0.000000e+00,0.000000e+00,0.000000e+00,0.000000e+00,0.000000e+00,0.000000e+00,0.000000e+00,0.000000e+00,0.000000e+00,0.000000e+00,0.000000e+00,0.000000e+00
1.000000e+00,0.000000e+00,0.000000e+00,0.000000e+00,0.000000e+00,0.000000e+00,0.000000e+00,0.000000e+00,0.000000e+00,0.000000e+00,0.000000e+00,0.000000e+00,0.000000e+00,0.000000e+00,0.000000e+00
1.000000e+00,0.000000e+00,0.000000e+00,0.000000e+00,0.000000e+00,0.000000e+00,0.000000e+00,0.000000e+00,0.000000e+00,0.000000e+00,0.000000e+00,0.000000e+00,0.000000e+00,0.000000e+00,0.000000e+00
1.000000e+00,0.000000e+00,0.000000e+00,0.000000e+00,0.000000e+00,0.000000e+00,0.000000e+00,0.000000e+00,0.000000e+00,0.000000e+00,0.000000e+00,0.000000e+00,0.000000e+00,0.000000e+00,0.000000e+00
1.000000e+00,0.000000e+00,0.000000e+00,0.000000e+00,0.000000e+00,0.000000e+00,0.000000e+00,0.000000e+00,0.000000e+00,0.000000e+00,0.000000e+00,0.000000e+00,0.000000e+00,0.000000e+00,0.000000e+00
1.000000e+00,0.000000e+00,0.000000e+00,0.000000e+00,0.000000e+00,0.000000e+00,0.000000e+00,0.000000e+00,0.000000e+00,0.000000e+00,0.000000e+00,0.000000e+00,0.000000e+00,0.000000e+00,0.000000e+00
1.000000e+00,0.000000e+00,0.000000e+00,0.000000e+00,0.000000e+00,0.000000e+00,0.000000e+00,0.000000e+00,0.000000e+00,0.000000e+00,0.000000e+00,0.000000e+00,0.000000e+00,0.000000e+00,0.000000e+00
1.000000e+00,0.000000e+00,0.000000e+00,0.000000e+00,0.000000e+00,0.000000e+00,0.000000e+00,0.000000e+00,0.000000e+00,0.000000e+00,0.000000e+00,0.000000e+00,0.000000e+00,0.000000e+00,0.000000e+00
1.000000e+00,0.000000e+00,0.000000e+00,0.000000e+00,0.000000e+00,0.000000e+00,0.000000e+00,0.000000e+00,0.000000e+00,0.000000e+00,0.000000e+00,0.000000e+00,0.000000e+00,0.000000e+00,0.000000e+00
1.000000e+00,0.000000e+00,0.000000e+00,0.000000e+00,0.000000e+00,0.000000e+00,0.000000e+00,0.000000e+00,0.000000e+00,0.000000e+00,0.000000e+00,0.000000e+00,0.000000e+00,0.000000e+00,0.000000e+00
4.728715e-01,1.282082e-02,1.893314e-02,3.438303e-02,7.236721e-03,2.795206e-02,8.630012e-03,3.306468e-01,5.133163e-03,1.370393e-03,2.500519e-02,2.350837e-02,1.271718e-02,4.050543e-03,1.474099e-02
3.323754e-01,9.200433e-03,1.370481e-02,2.423509e-02,1.427892e-02,2.022036e-02,7.001635e-02,4.541401e-01,3.649747e-03,9.902177e-04,1.772280e-02,1.655463e-02,9.659105e-03,2.858570e-03,1.039348e-02
2.334284e-01,6.589704e-03,9.925016e-03,1.708295e-02,1.504358e-02,1.451415e-02,9.799924e-02,5.613760e-01,2.585268e-03,7.171836e-04,1.247859e-02,1.162360e-02,7.299442e-03,2.026601e-03,7.310219e-03
1.634927e-01,4.685773e-03,7.088408e-03,1.202261e-02,1.240857e-02,1.082894e-02,1.823131e-01,5.754175e-01,1.817561e-03,5.245733e-04,8.781380e-03,8.176148e-03,5.837215e-03,1.469358e-03,5.136222e-03
1.145138e-01,3.302601e-03,5.029575e-03,8.470678e-03,1.008221e-02,7.978728e-03,1.984890e-01,6.294101e-01,1.276295e-03,3.751511e-04,6.170284e-03,5.747338e-03,4.506055e-03,1.045019e-03,3.603191e-03
8.023853e-02,2.324038e-03,3.551824e-03,5.983032e-03,9.431937e-03,6.286221e-03,1.898209e-01,6.861038e-01,8.996326e-04,2.900931e-04,4.367820e-03,4.047027e-03,3.379681e-03,7.439477e-04,2.531542e-03
5.639134e-02,1.696904e-03,2.542074e-03,4.239081e-03,1.056943e-02,4.975921e-03,2.336612e-01,6.734728e-01,6.729176e-04,5.371440e-04,3.155456e-03,2.968737e-03,2.724866e-03,5.592640e-04,1.832892e-03
4.011754e-02,1.821802e-03,2.198600e-03,3.190896e-03,1.733768e-02,6.337150e-03,2.331938e-01,6.724721e-01,1.188593e-03,7.595483e-03,3.315562e-03,3.120048e-03,5.124616e-03,7.656249e-04,2.220430e-03
2.946576e-02,2.604580e-03,2.559005e-03,3.239550e-03,3.031690e-02,8.975801e-03,1.794777e-01,6.705050e-01,6.405810e-03,2.577205e-02,7.117679e-03,4.251210e-03,2.063120e-02,1.291544e-03,7.386084e-03
2.217695e-02,2.773782e-03,2.264902e-03,2.993220e-03,3.950926e-02,9.073274e-03,1.391354e-01,6.018525e-01,1.257741e-02,4.874805e-02,1.339815e-02,7.385752e-03,7.579570e-02,2.002042e-03,2.031368e-02
1.847461e-02,3.445990e-03,2.860999e-03,3.912444e-03,3.366425e-02,7.773147e-03,1.110824e-01,5.047176e-01,1.882181e-02,6.147690e-02,2.659625e-02,1.448197e-02,1.363591e-01,5.279827e-03,5.105273e-02
1.432453e-02,4.668617e-03,3.181180e-03,3.763025e-03,2.500096e-02,6.031462e-03,8.045756e-02,3.848388e-01,2.013470e-02,7.415961e-02,2.325230e-02,1.120909e-02,1.324080e-01,7.342611e-03,2.092276e-01
1.613847e-02,1.044822e-02,4.950524e-03,4.835461e-03,1.955590e-02,6.830915e-03,6.268403e-02,3.369104e-01,4.296685e-02,7.783747e-02,2.509445e-02,1.211589e-02,1.791007e-01,1.593571e-02,1.845950e-01
1.355906e-02,9.838024e-02,5.558101e-03,1.105850e-02,1.456010e-02,5.153298e-03,4.422799e-02,2.396342e-01,1.580041e-01,7.083032e-02,2.233746e-02,1.478831e-02,1.424508e-01,1.307643e-02,1.463810e-01
1.590147e-02,9.182874e-02,4.978051e-03,1.600732e-02,1.097139e-02,4.724001e-03,3.189790e-02,1.732474e-01,1.961424e-01,6.340314e-02,3.124786e-02,1.808678e-02,1.374840e-01,1.335115e-02,1.907284e-01
1.635612e-02,8.937377e-02,6.572440e-03,2.127929e-02,1.006071e-02,3.804896e-03,2.360117e-02,1.221598e-01,2.586544e-01,5.579735e-02,5.930652e-02,3.352396e-02,1.166310e-01,3.534373e-02,1.475348e-01
1.751111e-02,6.522303e-02,5.733606e-03,2.004997e-02,9.213489e-03,3.490072e-03,1.723082e-02,8.689129e-02,2.249916e-01,4.341379e-02,7.497486e-02,7.981190e-02,1.856799e-01,4.927928e-02,1.165053e-01
1.475935e-02,4.642349e-02,7.403935e-03,2.580502e-02,3.012299e-02,2.976106e-03,1.307253e-02,6.234922e-02,2.714271e-01,3.082748e-02,1.024595e-01,1.108208e-01,1.603046e-01,3.827605e-02,8.297192e-02
3.597904e-02,3.402647e-02,8.329928e-03,2.337081e-02,3.126485e-02,2.983883e-03,9.889908e-03,5.216298e-02,2.125779e-01,2.712649e-02,1.078189e-01,1.290243e-01,2.046627e-01,5.031473e-02,7.046715e-02
5.266758e-02,2.461915e-02,6.585904e-03,1.921502e-02,3.071608e-02,4.171154e-03,7.770381e-03,3.896484e-02,1.783246e-01,2.208388e-02,9.531292e-02,2.059388e-01,1.727138e-01,8.742055e-02,5.349537e-02
6.281082e-02,4.269982e-02,1.885773e-02,1.987666e-02,5.652193e-02,3.683435e-03,6.285745e-03,2.940446e-02,2.098955e-01,1.684086e-02,1.274535e-01,1.620046e-01,1.311876e-01,7.217473e-02,4.030265e-02
5.552614e-02,6.611689e-02,3.459883e-02,1.830526e-02,4.255048e-02,4.604243e-03,4.530788e-03,2.142993e-02,2.441128e-01,5.229183e-02,1.054126e-01,1.170349e-01,9.369034e-02,9.287184e-02,4.692316e-02
4.149078e-02,6.528803e-02,1.096449e-01,5.338946e-02,3.669465e-02,5.172111e-03,4.897917e-03,2.151736e-02,2.646035e-01,4.376815e-02,8.517779e-02,8.509734e-02,6.833776e-02,7.856943e-02,3.635082e-02
3.133554e-02,7.594152e-02,1.006528e-01,4.643643e-02,2.940650e-02,5.151120e-03,3.644702e-03,1.629889e-02,3.630727e-01,4.015841e-02,6.187462e-02,6.029802e-02,4.915701e-02,7.384428e-02,4.272750e-02
2.406654e-02,8.016864e-02,7.872578e-02,3.909080e-02,2.817055e-02,8.183660e-03,2.825398e-03,1.270327e-02,4.821566e-01,3.032529e-02,4.490338e-02,4.295729e-02,3.715690e-02,5.699487e-02,3.157106e-02
1.727681e-02,8.091539e-02,5.678103e-02,1.152370e-01,2.046717e-02,6.099002e-03,1.997540e-03,9.084905e-03,5.132819e-01,2.271823e-02,3.502921e-02,3.063711e-02,2.745977e-02,4.000016e-02,2.301470e-02
1.260688e-02,6.047128e-02,4.094284e-02,2.217519e-01,1.547539e-02,6.174211e-03,1.550416e-03,6.446572e-03,4.230336e-01,1.650821e-02,6.542117e-02,3.950975e-02,4.440656e-02,2.819297e-02,1.750827e-02
9.384653e-03,4.500327e-02,2.976072e-02,2.918586e-01,1.272092e-02,7.922846e-03,1.332665e-03,4.635345e-03,3.254346e-01,1.212788e-02,8.360651e-02,6.625848e-02,7.471406e-02,2.054996e-02,1.468952e-02
6.954656e-03,3.170873e-02,2.131684e-02,2.313109e-01,9.784484e-03,6.292032e-03,1.099315e-03,3.511065e-03,2.333929e-01,9.141014e-03,1.545282e-01,1.093170e-01,1.526096e-01,1.723759e-02,1.179565e-02
5.091923e-03,2.235201e-02,1.512352e-02,1.730845e-01,7.440364e-03,5.361089e-03,8.408013e-04,2.656217e-03,1.711367e-01,7.338893e-03,1.578716e-01,1.629122e-01,2.422044e-01,1.777005e-02,8.815666e-03
3.992818e-03,1.599048e-02,1.093628e-02,1.293889e-01,7.199727e-03,4.668800e-03,6.337407e-04,1.960044e-03,1.304594e-01,7.190181e-03,1.639959e-01,2.826504e-01,2.168282e-01,1.738697e-02,6.718111e-03
9.512924e-03,1.184152e-02,7.824887e-03,9.381115e-02,1.007266e-02,8.679483e-03,6.736361e-04,2.582336e-03,1.023079e-01,7.292405e-03,1.413751e-01,4.070482e-01,1.751424e-01,1.678983e-02,5.045560e-03
1.914839e-02,8.757384e-03,5.777557e-03,7.368842e-02,1.986589e-02,1.851803e-02,8.976354e-04,3.904604e-03,8.484155e-02,9.096428e-03,1.449835e-01,4.568932e-01,1.352161e-01,1.454744e-02,3.863802e-03
1.489488e-02,7.008800e-03,4.264300e-03,5.334578e-02,2.880421e-02,1.595354e-02,7.029482e-04,2.949267e-03,6.786131e-02,9.843269e-03,1.166230e-01,5.664203e-01,9.780577e-02,1.057495e-02,2.947723e-03
1.176990e-02,5.595973e-03,3.112764e-03,3.940846e-02,3.933574e-02,1.372524e-02,5.509275e-04,2.262958e-03,5.355458e-02,9.678597e-03,9.910369e-02,6.417283e-01,7.026640e-02,7.607707e-03,2.298741e-03
9.296658e-03,4.473098e-03,2.263448e-03,2.799666e-02,3.899225e-02,1.063778e-02,4.093574e-04,1.634570e-03,4.131292e-02,8.701780e-03,9.403263e-02,7.030814e-01,4.998990e-02,5.410886e-03,1.766716e-03
8.596352e-03,5.183746e-03,1.727527e-03,1.991374e-02,3.299947e-02,8.245111e-03,3.152490e-04,1.289641e-03,3.588047e-02,9.366056e-03,1.124007e-01,7.226578e-01,3.600337e-02,3.959811e-03,1.460955e-03
8.336667e-03,8.067014e-03,1.413365e-03,1.438346e-02,2.912362e-02,6.597083e-03,2.607200e-04,1.222596e-03,3.228173e-02,1.146549e-02,1.394700e-01,7.169192e-01,2.604219e-02,3.075476e-03,1.341375e-03
9.824577e-03,1.352292e-02,1.972304e-03,1.087510e-02,2.809031e-02,6.824038e-03,3.530588e-04,2.413611e-03,3.554109e-02,9.564647e-03,1.477397e-01,7.107354e-01,1.864265e-02,2.527227e-03,1.373442e-03
9.406572e-03,1.808081e-02,2.263955e-03,8.454720e-03,2.459235e-02,5.564243e-03,3.176441e-04,2.304966e-03,3.363842e-02,7.577258e-03,1.807494e-01,6.903560e-01,1.319296e-02,2.078515e-03,1.422158e-03
7.474880e-03,1.552006e-02,2.731853e-03,6.423912e-03,1.853913e-02,4.477636e-03,2.657287e-04,2.196817e-03,2.776144e-02,5.606461e-03,3.424087e-01,5.540913e-01,9.280317e-03,2.008338e-03,1.213536e-03
5.775542e-03,1.181363e-02,2.435782e-03,4.811848e-03,1.329018e-02,4.098586e-03,2.169360e-04,2.009389e-03,3.287952e-02,4.035091e-03,5.032414e-01,4.059347e-01,6.530018e-03,1.961111e-03,9.662574e-04
4.926499e-03,8.763624e-03,3.282477e-03,4.216383e-03,1.094898e-02,4.163596e-03,1.959291e-04,2.436914e-03,3.575708e-02,3.215386e-03,5.996390e-01,3.152085e-01,4.626118e-03,1.757774e-03,8.616854e-04
3.861657e-03,6.204983e-03,2.532016e-03,3.262597e-03,8.449161e-03,3.117018e-03,1.562567e-04,1.869604e-03,4.842596e-02,2.515890e-03,6.838039e-01,2.300346e-01,3.267067e-03,1.845731e-03,6.535623e-04
3.112061e-03,4.481621e-03,1.953136e-03,2.694815e-03,6.412250e-03,2.355369e-03,1.217813e-04,1.551322e-03,5.076655e-02,1.987153e-03,7.553349e-01,1.649456e-01,2.310542e-03,1.456613e-03,5.163130e-04
2.376942e-03,3.157760e-03,1.397815e-03,1.938114e-03,4.573483e-03,1.996903e-03,8.669081e-05,1.225339e-03,4.677167e-02,1.577000e-03,8.121691e-01,1.193032e-01,1.662011e-03,1.324128e-03,4.399098e-04
2.116872e-03,2.255504e-03,1.018569e-03,1.423986e-03,3.283370e-03,1.542393e-03,6.232826e-05,9.246343e-04,5.079693e-02,1.411710e-03,8.479581e-01,8.431108e-02,1.180037e-03,1.244326e-03,4.701311e-04
3.845897e-03,1.907348e-03,1.533266e-03,2.714019e-03,3.063103e-03,2.678679e-03,6.407002e-05,1.926524e-03,6.421835e-02,2.299441e-03,8.517610e-01,6.109598e-02,9.979144e-04,1.195198e-03,6.992419e-04
7.209489e-03,1.752548e-03,4.156231e-03,2.226840e-02,4.318002e-03,3.434989e-03,8.637514e-05,4.364774e-03,1.262750e-01,8.226767e-03,7.696733e-01,4.375974e-02,1.006132e-03,2.190238e-03,1.277924e-03
6.677874e-03,1.337621e-03,3.132561e-03,1.664941e-02,3.246263e-03,3.097095e-03,6.415870e-05,3.359876e-03,1.165815e-01,6.988450e-03,8.013079e-01,3.081184e-02,7.606046e-04,3.837667e-03,2.147267e-03
8.754495e-03,1.412749e-03,3.079070e-03,1.227586e-02,2.462796e-03,4.299160e-03,5.124619e-05,2.724109e-03,1.128622e-01,3.257553e-02,7.516614e-01,2.176195e-02,7.583088e-04,2.070025e-02,2.462085e-02
1.623094e-02,1.235324e-03,2.491569e-03,8.971072e-03,2.062938e-03,4.536853e-03,5.987104e-05,2.541693e-03,1.008874e-01,3.153384e-02,6.963973e-01,1.551387e-02,9.418967e-04,7.917249e-02,3.742288e-02
3.064626e-02,1.418301e-03,2.861777e-03,6.353783e-03,1.760298e-03,5.079134e-03,8.073705e-05,2.457825e-03,9.219819e-02,3.449790e-02,5.824345e-01,1.167189e-02,2.601358e-03,1.519194e-01,7.401858e-02
4.549544e-02,2.860635e-03,6.312641e-03,5.680346e-03,1.758763e-03,4.710249e-03,1.404552e-04,6.686911e-03,1.198755e-01,3.629842e-02,4.414918e-01,9.211292e-03,3.082358e-03,2.128630e-01,1.035321e-01
8.757336e-02,4.149643e-03,8.040735e-03,4.886965e-03,1.904304e-03,5.596112e-03,3.708771e-04,7.987646e-03,1.364216e-01,5.677975e-02,3.278103e-01,8.428109e-03,6.163904e-03,2.028386e-01,1.410481e-01
7.104017e-02,4.779763e-03,5.709257e-03,3.997873e-03,1.386344e-03,4.227429e-03,2.769378e-04,5.777480e-03,2.612614e-01,4.401260e-02,2.613063e-01,3.722549e-02,2.882572e-02,1.457013e-01,1.244720e-01
5.670616e-02,4.365876e-03,4.404929e-03,3.249735e-03,1.285912e-03,3.462468e-03,2.592360e-04,4.298120e-03,3.022517e-01,3.224140e-02,2.930561e-01,5.867465e-02,2.750619e-02,1.205034e-01,8.773413e-02
4.352666e-02,4.598897e-03,3.750329e-03,3.480966e-03,2.073598e-03,3.262913e-03,2.716726e-04,3.446283e-03,2.393618e-01,2.459823e-02,2.667725e-01,2.015810e-01,4.496792e-02,9.565418e-02,6.265299e-02
3.158379e-02,1.196022e-02,3.472079e-03,3.244024e-03,8.245765e-03,3.430892e-03,2.490403e-04,2.870249e-03,2.983119e-01,1.868769e-02,2.549714e-01,1.965509e-01,4.544162e-02,7.629295e-02,4.468741e-02
2.357752e-02,2.211308e-02,4.844533e-03,3.012929e-03,1.160001e-02,1.020083e-02,3.496032e-04,6.782615e-03,3.783673e-01,1.462351e-02,2.160477e-01,1.673523e-01,4.154079e-02,6.724284e-02,3.234444e-02
1.718026e-02,1.879426e-02,7.756140e-03,4.008701e-03,1.262684e-02,2.410768e-02,3.144160e-04,9.099391e-03,5.018452e-01,1.070104e-02,1.662148e-01,1.183675e-01,3.060895e-02,5.509201e-02,2.328272e-02
1.376140e-02,1.940839e-02,1.120430e-02,1.239573e-02,1.343886e-02,5.612231e-02,3.198585e-04,9.025881e-03,5.658784e-01,9.195658e-03,1.205988e-01,8.305053e-02,2.214894e-02,4.345898e-02,1.999189e-02
1.018311e-02,2.002596e-02,1.379978e-02,9.925736e-02,1.372659e-02,4.210314e-02,2.899027e-04,8.575719e-03,5.742399e-01,7.556054e-03,8.539346e-02,5.840888e-02,1.612076e-02,3.118982e-02,1.912959e-02
7.571386e-03,1.699369e-02,1.633934e-02,1.191477e-01,1.192169e-02,3.547482e-02,2.362939e-04,8.878220e-03,6.217529e-01,8.044960e-03,6.113183e-02,4.101902e-02,1.159290e-02,2.245302e-02,1.744229e-02
1.156757e-02,1.651924e-02,1.494897e-02,1.122558e-01,4.896797e-02,8.831324e-02,4.867261e-04,8.296344e-03,5.578455e-01,7.536493e-03,4.612698e-02,2.888440e-02,8.742184e-03,1.652171e-02,3.298686e-02
1.287702e-02,2.509183e-02,1.204672e-02,1.264100e-01,6.023840e-02,1.451449e-01,6.447159e-04,8.591669e-03,4.763160e-01,8.104695e-03,3.487822e-02,2.054483e-02,6.955056e-03,1.221680e-02,4.993910e-02
1.310415e-02,2.720859e-02,1.915905e-02,2.264603e-01,4.506453e-02,1.034509e-01,5.144607e-04,8.378356e-03,4.201889e-01,1.386481e-02,2.659067e-02,1.504516e-02,5.576825e-03,8.726394e-03,6.666682e-02
2.971245e-02,3.276575e-02,3.733993e-02,2.595935e-01,3.993640e-02,8.486437e-02,5.767106e-04,1.775727e-02,3.542192e-01,1.350562e-02,2.234268e-02,1.221995e-02,5.068235e-03,6.379280e-03,8.371866e-02
5.951635e-02,3.301676e-02,3.227241e-02,2.103869e-01,5.835847e-02,8.053324e-02,7.846836e-04,2.994442e-02,3.844627e-01,1.036337e-02,1.712466e-02,9.169588e-03,4.373610e-03,4.682399e-03,6.501050e-02
8.488800e-02,3.004664e-02,2.479175e-02,1.822379e-01,5.392232e-02,6.310523e-02,8.410517e-04,1.320582e-01,3.334928e-01,8.987664e-03,1.343180e-02,7.411875e-03,3.695289e-03,3.958278e-03,5.713127e-02
6.632706e-02,2.267825e-02,1.847326e-02,1.323795e-01,4.688551e-02,4.534982e-02,9.360277e-04,3.539144e-01,2.448653e-01,6.448722e-03,1.018745e-02,5.278300e-03,2.759218e-03,2.830779e-03,4.068637e-02
6.578174e-02,2.483114e-02,1.713458e-02,9.872167e-02,4.946029e-02,3.432111e-02,2.428225e-03,4.633913e-01,1.868570e-01,5.087319e-03,8.442295e-03,3.870195e-03,5.033802e-03,2.080712e-03,3.255861e-02
6.990138e-02,2.257861e-02,2.448007e-02,7.622567e-02,4.708205e-02,2.745791e-02,1.361197e-02,5.024368e-01,1.465155e-01,5.707092e-03,7.651960e-03,3.053548e-03,2.140382e-02,1.594529e-03,3.029917e-02
6.764443e-02,2.428627e-02,2.627931e-02,5.696897e-02,4.175484e-02,3.111084e-02,3.473365e-02,3.678256e-01,1.093033e-01,6.651031e-03,6.087916e-03,2.488468e-03,1.959632e-01,1.223344e-03,2.767896e-02
7.869802e-02,2.367440e-02,2.334180e-02,4.243304e-02,3.501673e-02,3.809968e-02,4.380871e-02,2.636575e-01,8.423056e-02,6.489859e-03,5.788441e-03,2.235102e-03,3.268038e-01,9.793843e-04,2.474286e-02
1.885110e-01,2.743892e-02,1.854100e-02,3.213486e-02,3.274371e-02,4.568308e-02,8.469759e-02,1.906698e-01,9.480198e-02,5.719485e-03,5.352839e-03,2.848606e-03,2.491697e-01,1.080785e-03,2.060662e-02
2.486548e-01,2.475759e-02,1.617347e-02,2.549908e-02,2.783054e-02,1.118273e-01,7.858124e-02,1.359315e-01,7.938884e-02,4.754431e-03,5.297870e-03,6.463921e-03,2.094902e-01,1.817413e-03,2.353172e-02
2.488465e-01,2.021044e-02,1.580438e-02,2.088031e-02,2.325166e-02,2.127593e-01,6.796948e-02,9.795269e-02,6.127495e-02,4.040082e-03,5.698033e-03,1.165323e-02,1.846456e-01,2.849338e-03,2.216399e-02
1.935866e-01,1.964489e-02,1.134614e-02,1.757010e-02,1.901189e-02,2.299036e-01,6.188475e-02,6.942040e-02,5.489535e-02,5.780122e-03,1.308507e-02,1.245059e-02,2.629060e-01,2.835145e-03,2.567936e-02
1.427044e-01,1.507955e-02,8.143443e-03,1.505637e-02,1.561309e-02,2.168855e-01,5.408052e-02,4.904801e-02,4.335659e-02,5.967888e-03,1.621159e-02,1.518485e-02,3.722824e-01,2.442393e-03,2.794339e-02
1.011732e-01,1.063836e-02,5.740708e-03,1.080520e-02,1.109354e-02,1.615757e-01,3.874231e-02,3.440065e-02,3.066605e-02,4.334349e-03,1.223367e-02,1.527319e-02,5.385514e-01,1.759721e-03,2.301199e-02
7.219180e-02,7.680381e-03,4.172158e-03,7.856165e-03,7.945914e-03,1.253331e-01,2.967929e-02,2.427952e-02,2.210608e-02,3.911097e-03,9.779837e-03,2.949585e-02,6.366060e-01,1.551272e-03,1.741157e-02
5.213492e-02,5.801735e-03,3.121332e-03,5.871489e-03,5.857155e-03,9.612293e-02,2.143551e-02,1.713715e-02,1.675913e-02,4.368623e-03,8.136868e-03,3.928852e-02,7.089785e-01,1.263479e-03,1.372272e-02
3.952484e-02,6.638266e-03,6.801158e-03,5.555764e-03,6.443813e-03,7.183860e-02,1.725037e-02,1.237058e-02,1.956923e-02,6.075465e-03,6.339905e-03,3.306568e-02,7.572067e-01,9.996177e-04,1.032005e-02
3.379957e-02,9.068767e-03,5.333672e-03,4.202313e-03,5.498030e-03,5.494655e-02,1.248671e-02,9.321399e-03,3.986761e-02,4.747452e-03,8.718649e-03,6.023727e-02,7.422066e-01,1.466059e-03,8.099392e-03
2.682341e-02,2.829297e-02,4.282707e-03,3.090425e-03,1.360977e-02,4.618051e-02,9.191327e-03,6.934790e-03,1.680621e-01,4.459633e-03,9.535141e-03,6.047570e-02,6.103486e-01,1.390822e-03,7.322141e-03
2.407134e-02,3.509422e-02,1.089985e-02,3.689761e-03,1.945932e-02,4.409175e-02,7.126351e-03,5.584625e-03,2.747850e-01,7.095303e-03,9.369967e-03,6.956959e-02,4.815048e-01,1.447469e-03,6.210720e-03
2.267238e-02,3.327030e-02,8.424738e-03,3.685154e-03,1.755359e-02,3.984739e-02,5.487016e-03,4.713861e-03,3.572096e-01,8.803485e-03,1.225391e-02,1.210786e-01,3.574207e-01,1.427563e-03,6.151802e-03
2.109914e-02,3.958628e-02,6.677045e-03,3.276294e-03,1.333165e-02,3.097897e-02,4.196107e-03,6.643080e-03,4.735911e-01,8.826587e-03,1.175932e-02,1.040883e-01,2.691294e-01,1.103063e-03,5.713610e-03
2.398288e-02,5.840607e-02,1.003687e-02,2.728448e-03,1.685837e-02,2.821226e-02,9.664916e-03,1.435879e-02,5.257733e-01,8.290884e-03,9.124367e-03,7.591522e-02,2.100160e-01,8.444574e-04,5.787184e-03
3.868647e-02,8.239247e-02,1.083240e-02,2.741740e-03,2.311654e-02,2.592701e-02,2.303108e-02,1.372529e-02,5.328382e-01,7.442481e-03,6.774422e-03,5.365846e-02,1.695826e-01,7.016464e-04,8.549200e-03
6.020807e-02,7.018153e-02,1.622109e-02,3.368867e-03,2.232315e-02,2.369814e-02,2.256552e-02,1.617254e-01,4.340497e-01,5.833806e-03,5.515312e-03,3.866900e-02,1.264122e-01,7.446801e-04,8.483568e-03
4.869423e-02,5.124366e-02,1.321518e-02,2.753498e-03,2.007510e-02,1.780068e-02,1.746137e-02,3.827461e-01,3.133404e-01,4.122244e-03,4.009593e-03,2.710770e-02,9.081823e-02,5.440856e-04,6.068037e-03
3.643646e-02,3.717573e-02,9.901925e-03,1.996121e-03,1.628594e-02,1.360559e-02,1.697573e-02,5.487213e-01,2.251591e-01,2.903840e-03,2.886608e-03,1.899276e-02,6.427328e-02,3.860655e-04,4.299612e-03
2.795323e-02,2.827956e-02,7.548334e-03,1.521648e-03,1.632489e-02,1.058511e-02,1.613206e-02,6.616423e-01,1.637402e-01,2.060893e-03,2.147347e-03,1.330685e-02,4.541927e-02,2.833023e-04,3.055082e-03
2.218221e-02,2.017409e-02,6.194761e-03,1.232057e-03,1.313859e-02,8.700198e-03,1.656513e-02,7.484070e-01,1.156076e-01,1.493848e-03,1.619010e-03,9.345604e-03,3.285351e-02,2.285356e-04,2.257872e-03
1.880684e-02,1.425623e-02,4.872885e-03,9.675972e-04,1.116308e-02,6.928859e-03,1.639968e-02,8.109392e-01,8.143845e-02,1.062529e-03,1.179063e-03,6.568675e-03,2.359236e-02,1.721755e-04,1.652438e-03
1.915818e-02,1.017829e-02,4.315727e-03,8.626058e-04,1.142797e-02,5.592730e-03,1.404951e-02,8.520917e-01,5.787513e-02,7.559503e-04,8.771390e-04,4.626864e-03,1.682705e-02,1.392930e-04,1.221914e-03
2.261442e-02,7.465284e-03,3.314361e-03,7.950774e-04,9.639551e-03,4.692829e-03,2.079565e-02,8.710386e-01,4.153275e-02,5.497651e-04,7.322844e-04,3.328000e-03,1.239767e-02,1.326735e-04,9.710399e-04
2.424171e-02,5.557247e-03,3.010423e-03,7.597014e-04,8.171219e-03,3.967861e-03,3.000585e-02,8.800322e-01,3.072032e-02,4.157701e-04,7.001748e-04,2.404227e-03,9.096454e-03,1.239932e-04,7.928014e-04
2.449311e-02,4.015078e-03,2.889281e-03,6.862507e-04,7.252710e-03,3.181302e-03,3.472120e-02,8.896559e-01,2.293921e-02,3.447077e-04,6.304560e-04,1.752086e-03,6.578122e-03,1.258245e-04,7.347663e-04
2.308257e-02,2.871099e-03,3.181128e-03,8.727180e-04,6.214741e-03,3.025145e-03,5.357797e-02,8.826437e-01,1.637482e-02,2.868099e-04,5.728339e-04,1.504969e-03,4.989889e-03,1.230569e-04,6.786522e-04
2.768825e-02,2.061961e-03,2.959079e-03,9.855328e-04,5.295884e-03,3.139780e-03,4.574816e-02,8.937733e-01,1.167950e-02,2.743864e-04,5.348189e-04,1.298062e-03,3.843814e-03,1.075264e-04,6.100115e-04
3.071769e-02,1.543190e-03,2.849708e-03,1.285853e-03,5.410129e-03,2.675498e-03,3.705552e-02,9.041085e-01,8.639948e-03,4.106956e-04,5.514304e-04,1.101978e-03,2.990646e-03,1.013177e-04,5.578461e-04
3.395044e-02,1.158883e-03,2.667206e-03,1.614339e-03,9.200173e-03,2.115623e-03,3.432146e-02,9.034854e-01,6.625207e-03,3.816893e-04,6.641309e-04,9.698842e-04,2.282532e-03,8.833731e-05,4.747011e-04
3.389661e-02,9.605464e-04,2.026368e-03,1.337387e-03,1.153969e-02,1.675814e-03,2.624902e-02,9.131398e-01,4.995601e-03,3.185447e-04,7.929296e-04,8.264057e-04,1.703478e-03,7.694573e-05,4.608462e-04
7.350109e-02,1.647465e-03,1.919444e-03,3.409008e-03,1.788726e-02,3.691937e-03,1.962649e-02,8.505963e-01,6.311124e-03,1.064696e-03,6.303611e-03,6.333553e-03,4.566329e-03,4.348189e-04,2.706898e-03
7.652681e-02,2.796086e-03,1.823212e-03,9.629540e-03,2.436282e-02,5.144825e-03,1.421624e-02,7.290790e-01,4.911122e-02,4.409949e-03,2.338228e-02,1.563915e-02,2.620190e-02,2.685081e-03,1.499187e-02
7.730544e-02,3.019651e-03,1.533513e-03,8.292523e-03,2.351338e-02,6.617113e-03,1.095550e-02,6.153290e-01,1.249089e-01,1.044214e-02,3.266013e-02,1.499525e-02,3.329843e-02,5.386456e-03,3.174262e-02
7.491590e-02,3.646757e-03,1.356063e-03,7.037286e-03,2.225985e-02,6.057197e-03,1.086762e-02,5.933315e-01,1.297402e-01,2.984634e-02,3.252387e-02,1.370714e-02,3.456870e-02,4.949454e-03,3.519212e-02
5.946099e-02,5.145990e-03,1.062201e-03,5.909713e-03,1.634245e-02,5.256861e-03,8.468220e-03,4.284156e-01,2.962400e-01,3.728633e-02,2.626658e-02,1.278991e-02,5.565900e-02,3.857838e-03,3.783831e-02
5.500696e-02,4.883430e-03,9.517267e-04,5.512017e-03,1.297222e-02,5.259157e-03,6.728747e-03,3.066328e-01,3.141662e-01,3.977853e-02,2.399372e-02,1.377625e-02,8.151437e-02,5.498881e-03,1.233249e-01
5.134648e-02,6.367611e-03,9.007546e-04,5.250717e-03,1.305121e-02,4.683785e-03,5.820858e-03,2.241341e-01,2.827072e-01,3.590900e-02,2.627303e-02,1.609991e-02,8.787530e-02,7.341364e-03,2.322387e-01
3.977700e-02,4.877903e-03,7.918089e-04,3.920144e-03,1.028831e-02,3.604590e-03,4.320209e-03,1.583671e-01,2.279109e-01,3.444934e-02,3.127145e-02,1.729802e-02,9.352946e-02,7.918505e-03,3.616753e-01
2.993689e-02,3.554576e-03,6.774337e-04,3.336257e-03,8.980782e-03,2.856719e-03,3.148051e-03,1.115858e-01,2.528848e-01,3.331397e-02,3.748639e-02,1.816967e-02,1.002887e-01,1.182546e-02,3.819545e-01
2.456108e-02,2.603359e-03,6.222164e-04,2.962739e-03,8.240627e-03,2.392136e-03,2.336052e-03,7.842213e-02,2.488579e-01,2.877999e-02,3.046721e-02,1.681700e-02,9.072128e-02,1.544690e-02,4.467694e-01
2.123821e-02,2.787259e-03,3.719999e-03,2.046391e-02,1.266183e-02,2.448436e-03,1.775119e-03,5.762712e-02,2.638746e-01,2.784370e-02,2.829719e-02,1.554167e-02,8.299046e-02,1.392034e-02,4.448102e-01
3.080825e-02,4.636031e-03,8.245577e-03,2.780094e-02,1.392251e-02,3.082615e-03,1.435816e-03,4.159646e-02,2.893386e-01,2.640040e-02,3.118933e-02,1.774457e-02,7.698005e-02,1.257798e-02,4.142409e-01
2.431012e-02,4.475086e-03,1.148739e-02,2.882301e-02,1.091433e-02,2.491413e-03,1.094622e-03,3.048038e-02,3.978825e-01,2.156597e-02,2.680897e-02,1.316502e-02,5.915061e-02,9.794370e-03,3.575563e-01
1.875662e-02,4.171812e-03,2.737854e-02,3.653615e-02,9.545257e-03,2.051384e-03,9.053785e-04,3.970496e-02,4.327833e-01,1.670637e-02,2.485416e-02,1.045904e-02,4.726370e-02,7.096775e-03,3.217866e-01
1.386853e-02,4.031532e-03,2.871533e-02,3.544827e-02,1.388123e-02,1.950559e-03,1.356886e-03,4.710414e-02,5.188244e-01,1.288994e-02,1.875766e-02,7.459786e-03,3.521261e-02,5.042595e-03,2.554565e-01
1.423891e-02,1.033353e-02,2.534230e-02,3.035081e-02,3.761971e-02,5.093333e-03,2.117215e-03,5.290522e-02,5.272418e-01,1.212074e-02,2.459151e-02,7.755884e-03,3.449691e-02,4.110520e-03,2.116816e-01
1.748076e-02,1.594982e-02,2.734666e-02,3.143500e-02,7.974693e-02,1.115678e-02,4.084840e-03,5.926538e-02,4.425505e-01,1.113765e-02,4.779028e-02,1.079062e-02,5.734792e-02,3.646363e-03,1.802706e-01
4.368798e-02,1.464757e-02,3.164365e-02,7.415249e-02,1.127836e-01,1.337016e-02,4.337304e-03,6.632977e-02,3.464441e-01,9.306714e-03,4.532742e-02,1.096436e-02,5.875544e-02,3.555132e-03,1.646943e-01
5.751103e-02,1.651451e-02,3.772150e-02,1.686129e-01,1.430323e-01,1.326040e-02,5.206760e-03,5.886002e-02,2.605766e-01,7.280089e-03,3.592731e-02,9.254309e-03,5.118407e-02,2.994543e-03,1.320637e-01
8.746577e-02,1.752027e-02,3.485068e-02,1.584747e-01,1.755114e-01,1.999003e-02,8.828484e-03,6.669214e-02,2.200404e-01,6.189022e-03,2.671477e-02,8.019295e-03,5.656634e-02,3.142645e-03,1.099940e-01
1.110777e-01,1.885715e-02,2.896508e-02,1.293889e-01,2.405669e-01,2.157736e-02,7.837916e-03,5.775265e-02,1.997280e-01,4.950076e-03,1.986984e-02,6.770481e-03,5.761541e-02,2.989996e-03,9.205250e-02
1.243628e-01,1.662666e-02,2.768123e-02,1.543952e-01,2.579830e-01,1.925451e-02,8.846221e-03,8.017867e-02,1.685635e-01,3.836358e-03,1.510632e-02,6.170393e-03,4.718138e-02,2.708848e-03,6.710494e-02
1.521135e-01,1.439817e-02,5.011637e-02,1.435340e-01,2.441699e-01,1.842383e-02,1.101433e-02,1.016477e-01,1.390567e-01,3.339977e-03,1.172248e-02,8.774526e-03,4.989503e-02,2.532956e-03,4.926058e-02
1.575336e-01,1.519889e-02,8.257221e-02,1.204990e-01,2.239164e-01,1.784968e-02,1.656857e-02,1.366678e-01,1.169530e-01,4.005960e-03,9.880898e-03,1.039619e-02,4.940907e-02,2.165404e-03,3.638332e-02
1.437031e-01,1.164097e-02,8.165732e-02,8.849902e-02,1.752594e-01,1.553720e-02,5.913541e-02,2.517475e-01,8.598309e-02,3.678946e-03,7.350014e-03,8.526336e-03,3.909727e-02,1.636042e-03,2.654842e-02
1.239911e-01,8.406546e-03,6.148209e-02,6.353480e-02,1.253372e-01,1.262917e-02,4.335776e-02,4.382727e-01,6.102945e-02,2.645917e-03,5.315678e-03,6.342836e-03,2.773946e-02,1.185632e-03,1.872970e-02
1.302220e-01,6.780613e-03,4.819229e-02,4.627663e-02,9.270124e-02,1.249801e-02,3.523619e-02,5.371609e-01,4.466325e-02,1.989699e-03,4.089840e-03,5.266630e-03,2.037036e-02,9.155798e-04,1.363678e-02
2.039414e-01,6.239954e-03,3.648492e-02,3.434520e-02,7.041956e-02,1.882967e-02,2.921965e-02,5.209677e-01,3.568275e-02,1.911587e-03,4.010915e-03,8.943500e-03,1.634756e-02,1.263852e-03,1.139174e-02
2.698429e-01,8.516574e-03,2.687619e-02,3.004206e-02,5.197901e-02,2.599523e-02,2.725464e-02,4.378478e-01,3.797912e-02,4.231730e-03,9.355417e-03,1.846003e-02,3.783478e-02,1.633292e-03,1.215121e-02
