1.000000e+00,0.000000e+00,0.000000e+00,0.000000e+00,0.000000e+00,0.000000e+00,0.000000e+00,0.000000e+00,0.000000e+00,0.000000e+00,0.000000e+00,0.000000e+00,0.000000e+00,0.000000e+00,0.000000e+00
1.000000e+00,0.000000e+00,0.000000e+00,0.000000e+00,0.000000e+00,0.000000e+00,0.000000e+00,0.000000e+00,0.000000e+00,0.000000e+00,0.000000e+00,0.000000e+00,0.000000e+00,0.000000e+00,0.000000e+00
1.000000e+00,0.000000e+00,0.000000e+00,0.000000e+00,0.000000e+00,0.000000e+00,0.000000e+00,0.000000e+00,0.000000e+00,0.000000e+00,0.000000e+00,0.000000e+00,0.000000e+00,0.000000e+00,0.000000e+00
1.000000e+00,0.000000e+00,0.000000e+00,0.000000e+00,0.000000e+00,0.000000e+00,0.000000e+00,0.000000e+00,0.000000e+00,0.000000e+00,0.000000e+00,0.000000e+00,0.000000e+00,0.000000e+00,0.000000e+00
1.000000e+00,0.000000e+00,0.000000e+00,0.000000e+00,0.000000e+00,0.000000e+00,0.000000e+00,0.000000e+00,0.000000e+00,0.000000e+00,0.000000e+00,0.000000e+00,0.000000e+00,0.000000e+00,0.000000e+00
1.000000e+00,0.000000e+00,0.000000e+00,0.000000e+00,0.000000e+00,0.000000e+00,0.000000e+00,0.000000e+00,0.000000e+00,0.000000e+00,0.000000e+00,0.000000e+00,0.000000e+00,0.000000e+00,0.000000e+00
1.000000e+00,0.000000e+00,0.000000e+00,0.000000e+00,0.000000e+00,0.000000e+00,0.000000e+00,0.000000e+00,0.000000e+00,0.000000e+00,0.000000e+00,0.000000e+00,0.000000e+00,0.000000e+00,0.000000e+00
1.000000e+00,0.000000e+00,0.000000e+00,0.000000e+00,0.000000e+00,0.000000e+00,0.000000e+00,0.000000e+00,0.000000e+00,0.000000e+00,0.000000e+00,0.000000e+00,0.000000e+00,0.000000e+00,0.000000e+00
1.000000e+00,0.000000e+00,0.000000e+00,0.000000e+00,0.000000e+00,0.000000e+00,0.000000e+00,0.000000e+00,0.000000e+00,0.000000e+00,0.000000e+00,0.000000e+00,0.000000e+00,0.000000e+00,0.000000e+00
1.000000e+00,0.000000e+00,0.000000e+00,0.000000e+00,0.000000e+00,0.000000e+00,0.000000e+00,0.000000e+00,0.000000e+00,0.000000e+00,0.000000e+00,0.000000e+00,0.000000e+00,0.000000e+00,0.000000e+00
1.000000e+00,0.000000e+00,0.000000e+00,0.000000e+00,0.000000e+00,0.000000e+00,0.000000e+00,0.000000e+00,0.000000e+00,0.000000e+00,0.000000e+00,0.000000e+00,0.000000e+00,0.000000e+00,0.000000e+00
1.000000e+00,0.000000e+00,0.000000e+00,0.000000e+00,0.000000e+00,0.000000e+00,0.000000e+00,0.000000e+00,0.000000e+00,0.000000e+00,0.000000e+00,0.000000e+00,0.000000e+00,0.000000e+00,0.000000e+00
1.000000e+00,0.000000e+00,0.000000e+00,0.000000e+00,0.000000e+00,0.000000e+00,0.000000e+00,0.000000e+00,0.000000e+00,0.000000e+00,0.000000e+00,0.000000e+00,0.000000e+00,0.000000e+00,0.000000e+00
1.000000e+00,0.000000e+00,0.000000e+00,0.000000e+00,0.000000e+00,0.000000e+00,0.000000e+00,0.000000e+00,0.000000e+00,0.000000e+00,0.000000e+00,0.000000e+00,0.000000e+00,0.000000e+00,0.000000e+00
1.000000e+00,0.000000e+00,0.000000e+00,0.000000e+00,0.000000e+00,0.000000e+00,0.000000e+00,0.000000e+00,0.000000e+00,0.000000e+00,0.000000e+00,0.000000e+00,0.000000e+00,0.000000e+00,0.000000e+00
1.000000e+00,0.000000e+00,0.000000e+00,0.000000e+00,0.000000e+00,0.000000e+00,0.000000e+00,0.000000e+00,0.000000e+00,0.000000e+00,0.000000e+00,0.000000e+00,0.000000e+00,0.000000e+00,0.000000e+00
1.000000e+00,0.000000e+00,0.000000e+00,0.000000e+00,0.000000e+00,0.000000e+00,0.000000e+00,0.000000e+00,0.000000e+00,0.000000e+00,0.000000e+00,0.000000e+00,0.000000e+00,0.000000e+00,0.000000e+00
1.000000e+00,0.000000e+00,0.000000e+00,0.000000e+00,0.000000e+00,0.000000e+00,0.000000e+00,0.000000e+00,0.000000e+00,0.000000e+00,0.000000e+00,0.000000e+00,0.000000e+00,0.000000e+00,0.000000e+00
1.000000e+00,0.000000e+00,0.000000e+00,0.000000e+00,0.000000e+00,0.000000e+00,0.000000e+00,0.000000e+00,0.000000e+00,0.000000e+00,0.000000e+00,0.000000e+00,0.000000e+00,0.000000e+00,0.000000e+00
1.000000e+00,0.000000e+00,0.000000e+00,0.000000e+00,0.000000e+00,0.000000e+00,0.000000e+00,0.000000e+00,0.000000e+00,0.000000e+00,0.000000e+00,0.000000e+00,0.000000e+00,0.000000e+00,0.000000e+00
1.000000e+00,0.000000e+00,0.000000e+00,0.000000e+00,0.000000e+00,0.000000e+00,0.000000e+00,0.000000e+00,0.000000e+00,0.000000e+00,0.000000e+00,0.000000e+00,0.000000e+00,0.000000e+00,0.000000e+00
1.000000e+00,0.000000e+00,0.000000e+00,0.000000e+00,0.000000e+00,0.000000e+00,0.000000e+00,0.000000e+00,0.000000e+00,0.000000e+00,0.000000e+00,0.000000e+00,0.000000e+00,0.000000e+00,0.000000e+00
1.000000e+00,0.000000e+00,0.000000e+00,0.000000e+00,0.000000e+00,0.000000e+00,0.000000e+00,0.000000e+00,0.000000e+00,0.000000e+00,0.000000e+00,0.000000e+00,0.000000e+00,0.000000e+00,0.000000e+00
1.000000e+00,0.000000e+00,0.000000e+00,0.000000e+00,0.000000e+00,0.000000e+00,0.000000e+00,0.000000e+00,0.000000e+00,0.000000e+00,0.000000e+00,0.000000e+00,0.000000e+00,0.000000e+00,0.000000e+00
1.000000e+00,0.000000e+00,0.000000e+00,0.000000e+00,0.000000e+00,0.000000e+00,0.000000e+00,0.000000e+00,0.000000e+00,0.000000e+00,0.000000e+00,0.000000e+00,0.000000e+00,0.000000e+00,0.000000e+00
1.000000e+00,0.000000e+00,0.000000e+00,0.000000e+00,0.000000e+00,0.000000e+00,0.000000e+00,0.000000e+00,0.000000e+00,0.000000e+00,0.000000e+00,0.000000e+00,0.000000e+00,0.000000e+00,0.000000e+00
1.000000e+00,0.000000e+00,0.000000e+00,0.000000e+00,0.000000e+00,0.000000e+00,0.000000e+00,0.000000e+00,0.000000e+00,0.000000e+00,0.000000e+00,0.000000e+00,0.000000e+00,0.000000e+00,0.000000e+00
1.000000e+00,0.000000e+00,0.000000e+00,0.000000e+00,0.000000e+00,0.000000e+00,0.000000e+00,0.000000e+00,0.000000e+00,0.000000e+00,0.000000e+00,0.000000e+00,0.000000e+00,0.000000e+00,0.000000e+00
1.000000e+00,0.000000e+00,0.000000e+00,0.000000e+00,0.000000e+00,0.000000e+00,0.000000e+00,0.000000e+00,0.000000e+00,0.000000e+00,0.000000e+00,0.000000e+00,0.000000e+00,0.000000e+00,0.000000e+00
1.000000e+00,0.000000e+00,0.000000e+00,0.000000e+00,0.000000e+00,0.000000e+00,0.000000e+00,0.000000e+00,0.000000e+00,0.000000e+00,0.000000e+00,0.000000e+00,0.000000e+00,0.000000e+00,0.000000e+00
1.000000e+00,0.000000e+00,0.000000e+00,0.000000e+00,0.000000e+00,0.000000e+00,0.000000e+00,0.000000e+00,0.000000e+00,0.000000e+00,0.000000e+00,0.000000e+00,0.000000e+00,0.000000e+00,0.000000e+00
1.000000e+00,0.000000e+00,0.000000e+00,0.000000e+00,0.000000e+00,0.000000e+00,0.000000e+00,0.000000e+00,0.000000e+00,0.000000e+00,0.000000e+00,0.000000e+00,0.000000e+00,0.000000e+00,0.000000e+00
1.000000e+00,0.000000e+00,0.000000e+00,0.000000e+00,0.000000e+00,0.000000e+00,0.000000e+00,0.000000e+00,0.000000e+00,0.000000e+00,0.000000e+00,0.000000e+00,0.000000e+00,0.000000e+00,0.000000e+00
1.000000e+00,0.000000e+00,0.000000e+00,0.000000e+00,0.000000e+00,0.000000e+00,0.000000e+00,0.000000e+00,0.000000e+00,0.000000e+00,0.000000e+00,0.000000e+00,0.000000e+00,0.000000e+00,0.000000e+00
1.000000e+00,0.000000e+00,0.000000e+00,0.000000e+00,0.000000e+00,0.000000e+00,0.000000e+00,0.000000e+00,0.000000e+00,0.000000e+00,0.000000e+00,0.000000e+00,0.000000e+00,0.000000e+00,0.000000e+00
1.000000e+00,0.000000e+00,0.000000e+00,0.000000e+00,0.000000e+00,0.000000e+00,0.000000e+00,0.000000e+00,0.000000e+00,0.000000e+00,0.000000e+00,0.000000e+00,0.000000e+00,0.000000e+00,0.000000e+00
1.000000e+00,0.000000e+00,0.000000e+00,0.000000e+00,0.000000e+00,0.000000e+00,0.000000e+00,0.000000e+00,0.000000e+00,0.000000e+00,0.000000e+00,0.000000e+00,0.000000e+00,0.000000e+00,0.000000e+00
1.000000e+00,0.000000e+00,0.000000e+00,0.000000e+00,0.000000e+00,0.000000e+00,0.000000e+00,0.000000e+00,0.000000e+00,0.000000e+00,0.000000e+00,0.000000e+00,0.000000e+00,0.000000e+00,0.000000e+00
1.000000e+00,0.000000e+00,0.000000e+00,0.000000e+00,0.000000e+00,0.000000e+00,0.000000e+00,0.000000e+00,0.000000e+00,0.000000e+00,0.000000e+00,0.000000e+00,0.000000e+00,0.000000e+00,0.000000e+00
1.000000e+00,0.000000e+00,0.000000e+00,0.000000e+00,0.000000e+00,0.000000e+00,0.000000e+00,0.000000e+00,0.000000e+00,0.000000e+00,0.000000e+00,0.000000e+00,0.000000e+00,0.000000e+00,0.000000e+00
1.000000e+00,0.000000e+00,0.000000e+00,0.000000e+00,0.000000e+00,0.000000e+00,0.000000e+00,0.000000e+00,0.000000e+00,0.000000e+00,0.000000e+00,0.000000e+00,0.000000e+00,0.000000e+00,0.000000e+00
1.000000e+00,0.000000e+00,0.000000e+00,0.000000e+00,0.000000e+00,0.000000e+00,0.000000e+00,0.000000e+00,0.000000e+00,0.000000e+00,0.000000e+00,0.000000e+00,0.000000e+00,0.000000e+00,0.000000e+00
1.000000e+00,0.000000e+00,0.000000e+00,0.000000e+00,0.000000e+00,0.000000e+00,0.000000e+00,0.000000e+00,0.000000e+00,0.000000e+00,0.000000e+00,0.000000e+00,0.000000e+00,0.000000e+00,0.000000e+00
1.000000e+00,0.000000e+00,0.000000e+00,0.000000e+00,0.000000e+00,0.000000e+00,0.000000e+00,0.000000e+00,0.000000e+00,0.000000e+00,0.000000e+00,0.000000e+00,0.000000e+00,0.000000e+00,0.000000e+00
1.000000e+00,0.000000e+00,0.000000e+00,0.000000e+00,0.000000e+00,0.000000e+00,0.000000e+00,0.000000e+00,0.000000e+00,0.000000e+00,0.000000e+00,0.000000e+00,0.000000e+00,0.000000e+00,0.000000e+00
1.000000e+00,0.000000e+00,0.000000e+00,0.000000e+00,0.000000e+00,0.000000e+00,0.000000e+00,0.000000e+00,0.000000e+00,0.000000e+00,0.000000e+00,0.000000e+00,0.000000e+00,0.000000e+00,0.000000e+00
1.000000e+00,0.000000e+00,0.000000e+00,0.000000e+00,0.000000e+00,0.000000e+00,0.000000e+00,0.000000e+00,0.000000e+00,0.000000e+00,0.000000e+00,0.000000e+00,0.000000e+00,0.000000e+00,0.000000e+00
1.000000e+00,0.000000e+00,0.000000e+00,0.000000e+00,0.000000e+00,0.000000e+00,0.000000e+00,0.000000e+00,0.000000e+00,0.000000e+00,0.000000e+00,0.000000e+00,0.000000e+00,0.000000e+00,0.000000e+00
1.000000e+00,0.000000e+00,0.000000e+00,0.000000e+00,0.000000e+00,0.000000e+00,0.000000e+00,0.000000e+00,0.000000e+00,0.000000e+00,0.000000e+00,0.000000e+00,0.000000e+00,0.000000e+00,0.000000e+00
1.000000e+00,0.000000e+00,0.000000e+00,0.000000e+00,0.000000e+00,0.000000e+00,0.000000e+00,0.000000e+00,0.000000e+00,0.000000e+00,0.000000e+00,0.000000e+00,0.000000e+00,0.000000e+00,0.000000e+00
4.110433e-01,3.558447e-02,3.269628e-02,1.454744e-01,6.496810e-03,2.024221e-02,4.567650e-03,2.788563e-02,5.618332e-02,3.464694e-03,1.369847e-01,5.252967e-02,1.247214e-02,1.856337e-02,3.581116e-02
3.504446e-01,5.223080e-02,2.991020e-02,1.755355e-01,9.646073e-03,1.877967e-02,4.829794e-03,2.440711e-02,6.960322e-02,4.192595e-03,1.302333e-01,4.958081e-02,1.256595e-02,2.032565e-02,4.771478e-02
2.721222e-01,5.048467e-02,4.659254e-02,2.568696e-01,1.229590e-02,1.808124e-02,5.472798e-03,4.040105e-02,6.939685e-02,3.541985e-03,1.057347e-01,4.779499e-02,1.140889e-02,1.697958e-02,4.282301e-02
2.393694e-01,5.712531e-02,5.123017e-02,2.842089e-01,1.597024e-02,1.686104e-02,5.603096e-03,3.509375e-02,7.217854e-02,3.939125e-03,9.507952e-02,4.743588e-02,1.139418e-02,1.697429e-02,4.753650e-02
2.422753e-01,6.333459e-02,5.457909e-02,2.764466e-01,1.913513e-02,1.694613e-02,5.897497e-03,3.264857e-02,6.395859e-02,4.696654e-03,8.169436e-02,4.943409e-02,1.356717e-02,1.759527e-02,5.779088e-02
2.954500e-01,6.885711e-02,4.354331e-02,2.359255e-01,2.010471e-02,1.663982e-02,5.567035e-03,2.646508e-02,5.420133e-02,5.091680e-03,7.162334e-02,4.875676e-02,1.623356e-02,2.340884e-02,6.813189e-02
3.032159e-01,6.890200e-02,4.587489e-02,2.130215e-01,2.015499e-02,1.896144e-02,5.493574e-03,2.627560e-02,4.639897e-02,5.276829e-03,6.448286e-02,5.524361e-02,2.236347e-02,2.628318e-02,7.805127e-02
3.013135e-01,6.494342e-02,5.779178e-02,1.916654e-01,1.957855e-02,1.916243e-02,5.484851e-03,2.846366e-02,4.212081e-02,5.368139e-03,6.350272e-02,6.349166e-02,2.670102e-02,2.911692e-02,8.129517e-02
3.092858e-01,5.914573e-02,7.048483e-02,1.714288e-01,1.785883e-02,1.903239e-02,5.662744e-03,2.890589e-02,4.174283e-02,5.985655e-03,6.338628e-02,6.109750e-02,2.924111e-02,2.761064e-02,8.913103e-02
3.402734e-01,4.546393e-02,9.146831e-02,1.396904e-01,1.640018e-02,1.953335e-02,1.075340e-02,6.202360e-02,3.487206e-02,4.845740e-03,5.667999e-02,5.512178e-02,3.088022e-02,2.201218e-02,6.998158e-02
2.855851e-01,3.332851e-02,7.365412e-02,1.006803e-01,1.331867e-02,4.597387e-02,8.293734e-02,1.308763e-01,2.544558e-02,3.631342e-03,4.150325e-02,4.280008e-02,5.216558e-02,1.609371e-02,5.200609e-02
2.253436e-01,2.562988e-02,7.404771e-02,7.635699e-02,1.657520e-02,5.018329e-02,1.446869e-01,1.383400e-01,1.897828e-02,2.802206e-03,3.213658e-02,3.564956e-02,1.084220e-01,1.207742e-02,3.877040e-02
2.062598e-01,1.883619e-02,6.313757e-02,5.637278e-02,1.416190e-02,7.601490e-02,1.781273e-01,1.816776e-01,1.387422e-02,2.240644e-03,2.374065e-02,2.813152e-02,9.844588e-02,1.022287e-02,2.875626e-02
1.969051e-01,1.383032e-02,5.263825e-02,4.196774e-02,1.157107e-02,8.226188e-02,2.036983e-01,2.401858e-01,1.002799e-02,1.716656e-03,1.718156e-02,2.143094e-02,7.735437e-02,8.097605e-03,2.113244e-02
2.458160e-01,1.044931e-02,4.106949e-02,3.113516e-02,9.408979e-03,9.158574e-02,2.276515e-01,2.197459e-01,7.367007e-03,1.363605e-03,1.274086e-02,1.700843e-02,6.202500e-02,6.338106e-03,1.629499e-02
3.155271e-01,8.179562e-03,3.445432e-02,2.430416e-02,8.038353e-03,8.137244e-02,2.318759e-01,1.993820e-01,5.524866e-03,1.134870e-03,9.545956e-03,1.395698e-02,4.878668e-02,4.923751e-03,1.299314e-02
3.468906e-01,6.210525e-03,2.999398e-02,1.920618e-02,7.122760e-03,6.320608e-02,2.842277e-01,1.678587e-01,4.228230e-03,9.235349e-04,7.043776e-03,1.107987e-02,3.830509e-02,3.620101e-03,1.008281e-02
4.362101e-01,5.242265e-03,2.397337e-02,1.471247e-02,6.383110e-03,5.098349e-02,2.682913e-01,1.308192e-01,3.357023e-03,9.620486e-04,5.730723e-03,1.035677e-02,2.952139e-02,3.150316e-03,1.030649e-02
1.000000e+00,0.000000e+00,0.000000e+00,0.000000e+00,0.000000e+00,0.000000e+00,0.000000e+00,0.000000e+00,0.000000e+00,0.000000e+00,0.000000e+00,0.000000e+00,0.000000e+00,0.000000e+00,0.000000e+00
1.000000e+00,0.000000e+00,0.000000e+00,0.000000e+00,0.000000e+00,0.000000e+00,0.000000e+00,0.000000e+00,0.000000e+00,0.000000e+00,0.000000e+00,0.000000e+00,0.000000e+00,0.000000e+00,0.000000e+00
1.000000e+00,0.000000e+00,0.000000e+00,0.000000e+00,0.000000e+00,0.000000e+00,0.000000e+00,0.000000e+00,0.000000e+00,0.000000e+00,0.000000e+00,0.000000e+00,0.000000e+00,0.000000e+00,0.000000e+00
4.579085e-01,3.243587e-03,1.125951e-02,7.409644e-03,6.308329e-03,5.304098e-02,3.312185e-01,8.285754e-02,1.505403e-03,1.709610e-03,4.030082e-03,1.169321e-02,1.417626e-02,1.982740e-03,1.165608e-02
3.501779e-01,2.765499e-03,8.316643e-03,5.593301e-03,6.113488e-03,5.921050e-02,4.382329e-01,7.726853e-02,1.158486e-03,1.949398e-03,4.979184e-03,9.029376e-03,2.371135e-02,1.537611e-03,9.955922e-03
2.511588e-01,2.220587e-03,6.178891e-03,4.209190e-03,5.585962e-03,5.459372e-02,4.965311e-01,6.902759e-02,1.059875e-03,2.257783e-03,1.088929e-02,1.688867e-02,6.516311e-02,1.763887e-03,1.247160e-02
1.787371e-01,2.113109e-03,4.588903e-03,3.104305e-03,4.687023e-03,4.155244e-02,4.397645e-01,5.442719e-02,2.130876e-03,2.260669e-02,1.739600e-02,4.873954e-02,9.761541e-02,1.663669e-02,6.590033e-02
1.297569e-01,1.851085e-03,3.288679e-03,2.408083e-03,5.955691e-03,3.025554e-02,3.144443e-01,3.855623e-02,2.708498e-03,2.141620e-02,4.197457e-02,6.073121e-02,1.534194e-01,2.726151e-02,1.659722e-01
9.325051e-02,1.862710e-03,2.457560e-03,2.403307e-03,1.686132e-02,2.414271e-02,2.336938e-01,2.786173e-02,4.293952e-03,1.832121e-02,5.958782e-02,7.776204e-02,1.986782e-01,3.326930e-02,2.055539e-01
6.642103e-02,4.798617e-03,1.883953e-03,1.873625e-03,1.389115e-02,1.956403e-02,1.652248e-01,1.972499e-02,3.710810e-03,5.150865e-02,4.674423e-02,1.477464e-01,2.589313e-01,2.946364e-02,1.685127e-01
4.727767e-02,8.473633e-03,1.686653e-03,1.844090e-03,1.449800e-02,1.860250e-02,1.179170e-01,1.417039e-02,5.707083e-03,4.308394e-02,3.587345e-02,2.829082e-01,2.613787e-01,2.524178e-02,1.213369e-01
4.852613e-02,1.154109e-02,2.636394e-03,1.715126e-03,1.388244e-02,1.497256e-02,8.562993e-02,1.218375e-02,1.556731e-02,3.715678e-02,3.359067e-02,3.628651e-01,2.539887e-01,1.905889e-02,8.668512e-02
4.379980e-02,1.463669e-02,5.754519e-03,4.229365e-03,2.536299e-02,1.502500e-02,6.210045e-02,1.352541e-02,6.539015e-02,3.026367e-02,3.443260e-02,3.999894e-01,2.082194e-01,1.577935e-02,6.149121e-02
3.974348e-02,1.342699e-02,6.682585e-03,4.558597e-03,2.448627e-02,1.483721e-02,4.466996e-02,1.161493e-02,9.975886e-02,2.368373e-02,4.015890e-02,4.581999e-01,1.625194e-01,1.218164e-02,4.347757e-02
3.380524e-02,1.307425e-02,7.756337e-03,6.496659e-03,2.615547e-02,1.363832e-02,3.222081e-02,1.082604e-02,1.286871e-01,2.081469e-02,3.863435e-02,5.049127e-01,1.221614e-01,9.692448e-03,3.112407e-02
3.840351e-02,1.552805e-02,7.592042e-03,8.994408e-03,3.147963e-02,1.300352e-02,2.358156e-02,1.563929e-02,1.799027e-01,2.258494e-02,4.792709e-02,4.713720e-01,9.350678e-02,7.894764e-03,2.258962e-02
3.052018e-02,1.707619e-02,6.493641e-03,7.008234e-03,4.397759e-02,1.061187e-02,1.748608e-02,1.289653e-02,3.640273e-01,1.770148e-02,4.222500e-02,3.376804e-01,7.008488e-02,5.920880e-03,1.628971e-02
2.883142e-02,4.388378e-02,5.932473e-03,7.141395e-03,6.449984e-02,9.668279e-03,1.277927e-02,1.150190e-02,4.600260e-01,1.455425e-02,3.562419e-02,2.377014e-01,5.079095e-02,5.016889e-03,1.204787e-02
2.391769e-02,5.395790e-02,5.541980e-03,7.060368e-03,7.970179e-02,7.565303e-03,9.179294e-03,1.596870e-02,5.340338e-01,1.199548e-02,3.028134e-02,1.683172e-01,3.885857e-02,4.739900e-03,8.880721e-03
2.454340e-02,4.164921e-02,6.215807e-03,3.804371e-02,1.282392e-01,7.148590e-03,7.654380e-03,7.863002e-02,4.695574e-01,9.094058e-03,2.765037e-02,1.193310e-01,3.141295e-02,4.263671e-03,6.566231e-03
6.717515e-02,3.401589e-02,6.980725e-03,4.097517e-02,1.513246e-01,8.652451e-03,5.942618e-03,6.047683e-02,4.492165e-01,8.928701e-03,3.625274e-02,8.916834e-02,2.957730e-02,4.958939e-03,6.354058e-03
1.279381e-01,2.629291e-02,7.854024e-03,4.052283e-02,1.567530e-01,1.240460e-02,5.038306e-03,9.651175e-02,3.743200e-01,7.740694e-03,3.933290e-02,6.521713e-02,2.865739e-02,6.020733e-03,5.395615e-03
1.962980e-01,2.093410e-02,1.032493e-02,3.801582e-02,1.467625e-01,1.408717e-02,4.127415e-03,8.032382e-02,2.986631e-01,8.421015e-03,5.169564e-02,7.910801e-02,3.976902e-02,6.508293e-03,4.961223e-03
1.862691e-01,1.753558e-02,9.582378e-03,9.576836e-02,1.239098e-01,2.110789e-02,3.660048e-03,7.596980e-02,2.449394e-01,6.990599e-03,5.364434e-02,8.319014e-02,6.597447e-02,5.203920e-03,6.254175e-03
2.979787e-01,1.717544e-02,8.188671e-03,8.180473e-02,9.305552e-02,2.383132e-02,4.153483e-03,6.353458e-02,1.922906e-01,5.683901e-03,5.070159e-02,7.308089e-02,7.470345e-02,5.253651e-03,8.563397e-03
3.111457e-01,2.371448e-02,6.350123e-03,7.498603e-02,7.308501e-02,2.080235e-02,4.166151e-03,5.172640e-02,2.237374e-01,4.897979e-03,4.664963e-02,6.120269e-02,8.231580e-02,5.461839e-03,9.758411e-03
2.220886e-01,2.396860e-02,4.932745e-03,8.310291e-02,5.348526e-02,1.703079e-02,3.220835e-03,4.127986e-02,3.305206e-01,6.884295e-03,5.345189e-02,4.762782e-02,9.056355e-02,6.959996e-03,1.488214e-02
1.568375e-01,3.146596e-02,4.404890e-03,9.681132e-02,3.971631e-02,1.343875e-02,2.464801e-03,3.196638e-02,4.132380e-01,5.964715e-03,5.167616e-02,3.570871e-02,8.242483e-02,6.577013e-03,2.730458e-02
1.104985e-01,3.044527e-02,3.948478e-03,1.753298e-01,3.055655e-02,1.022794e-02,1.796147e-03,2.278158e-02,4.291826e-01,4.559487e-03,4.731229e-02,2.676019e-02,7.977655e-02,4.791889e-03,2.203270e-02
7.854793e-02,2.234605e-02,3.849166e-03,1.300709e-01,2.410445e-02,6.545758e-02,1.408684e-03,1.633937e-02,3.216026e-01,3.746718e-03,4.679263e-02,4.813641e-02,2.088186e-01,4.426807e-03,2.435210e-02
5.626256e-02,1.670404e-02,4.344399e-03,1.144920e-01,2.441653e-02,7.574825e-02,1.131585e-03,1.196359e-02,2.509878e-01,3.260820e-03,4.344783e-02,1.045057e-01,2.560303e-01,3.882026e-03,3.282253e-02
3.980941e-02,1.246215e-02,3.203159e-03,8.196059e-02,1.880638e-02,5.917998e-02,8.747074e-04,8.497929e-03,1.853266e-01,2.341191e-03,3.277002e-02,1.073446e-01,4.180916e-01,2.784455e-03,2.654722e-02
2.807032e-02,1.011021e-02,2.461424e-03,6.004504e-02,1.373415e-02,4.389432e-02,7.375168e-04,6.147355e-03,1.388056e-01,1.736097e-03,2.333408e-02,9.266348e-02,5.567751e-01,2.059641e-03,1.942557e-02
2.055343e-02,7.926918e-03,1.800886e-03,4.244632e-02,1.149180e-02,3.942351e-02,6.449191e-04,4.658887e-03,1.053798e-01,1.285699e-03,1.677782e-02,1.003686e-01,6.314991e-01,1.594912e-03,1.414735e-02
1.723067e-02,9.983477e-03,3.251181e-03,1.070662e-01,1.027440e-02,4.168282e-02,6.282913e-04,4.127754e-03,9.796140e-02,1.260712e-03,1.305728e-02,1.430096e-01,5.375252e-01,1.446513e-03,1.149449e-02
1.430087e-02,8.773811e-03,2.473874e-03,7.567876e-02,8.153914e-03,3.655875e-02,7.175367e-04,3.470211e-03,7.867062e-02,9.447347e-04,9.609571e-03,1.263212e-01,6.245888e-01,1.173762e-03,8.563546e-03
1.437285e-02,9.902366e-03,4.793947e-03,6.974734e-02,1.269899e-02,3.572325e-02,1.517492e-03,4.823395e-03,8.164080e-02,9.370457e-04,8.541000e-03,1.266820e-01,6.179340e-01,2.053483e-03,8.632015e-03
1.052768e-02,7.726401e-03,3.582867e-03,4.911586e-02,1.015737e-02,2.620680e-02,1.286131e-03,3.576779e-03,5.856708e-02,7.091981e-04,6.652076e-03,1.024212e-01,7.109364e-01,1.551159e-03,6.983004e-03
7.926772e-03,6.005086e-03,2.727452e-03,3.461239e-02,8.672589e-03,2.034753e-02,1.071535e-03,2.943096e-03,4.270638e-02,5.254137e-04,5.071958e-03,8.142433e-02,7.793097e-01,1.221781e-03,5.433932e-03
8.008227e-03,5.688665e-03,2.672113e-03,2.462042e-02,7.851730e-03,1.964313e-02,1.112239e-03,2.636845e-03,3.440829e-02,4.454268e-04,4.148001e-03,6.526048e-02,8.169880e-01,2.070194e-03,4.446188e-03
7.129793e-03,4.971322e-03,2.296194e-03,1.757643e-02,6.767109e-03,1.530605e-02,1.058790e-03,3.059214e-03,2.638738e-02,3.944491e-04,3.139357e-03,4.722829e-02,8.585126e-01,1.855260e-03,4.317699e-03
1.119381e-02,5.396763e-03,2.092715e-03,1.260825e-02,6.717624e-03,1.301739e-02,1.661954e-03,3.190513e-03,2.299718e-02,3.917734e-04,2.487122e-03,3.491174e-02,8.766122e-01,1.701787e-03,5.019180e-03
2.080783e-02,5.682773e-03,4.095367e-03,1.090528e-02,8.062696e-03,1.127828e-02,1.977598e-03,3.818640e-02,2.067030e-02,4.723189e-04,2.124634e-03,2.584930e-02,8.427525e-01,1.542310e-03,5.592409e-03
2.161255e-02,4.975200e-03,1.060196e-02,9.600922e-03,7.565031e-03,9.037136e-03,1.640895e-03,1.658229e-01,1.862876e-02,5.677441e-04,2.257027e-03,1.872976e-02,7.213864e-01,1.297485e-03,6.276236e-03
1.771091e-02,3.783859e-03,9.339002e-03,7.202440e-03,5.805186e-03,6.862321e-03,1.475995e-03,4.005650e-01,1.373892e-02,4.819067e-04,1.880469e-03,1.333171e-02,5.117750e-01,9.292559e-04,5.118028e-03
1.508387e-02,3.027742e-03,8.226712e-03,5.374336e-03,4.916207e-03,5.436845e-03,1.429935e-03,5.688200e-01,9.787717e-03,3.731437e-04,1.405340e-03,9.412474e-03,3.620394e-01,6.610916e-04,4.005226e-03
1.556861e-02,2.546331e-03,6.959445e-03,4.233738e-03,4.274678e-03,5.591023e-03,1.309915e-03,6.838053e-01,7.280204e-03,2.927869e-04,1.098439e-03,6.685743e-03,2.566567e-01,5.079041e-04,3.189131e-03
1.620522e-02,1.947576e-03,5.241456e-03,3.404609e-03,4.025166e-03,5.166486e-03,1.009129e-03,7.687730e-01,5.240524e-03,2.287540e-04,8.651724e-04,4.791743e-03,1.803017e-01,4.178393e-04,2.381665e-03
1.531191e-02,1.452471e-03,3.944185e-03,2.667449e-03,4.229436e-03,4.060755e-03,7.734690e-04,8.311056e-01,3.734536e-03,1.858135e-04,6.739679e-04,3.400285e-03,1.263819e-01,3.217688e-04,1.756387e-03
1.424212e-02,1.215219e-03,3.019228e-03,2.025931e-03,4.854703e-03,3.058919e-03,6.028211e-04,8.749844e-01,2.740485e-03,2.023663e-04,5.713076e-04,2.405982e-03,8.851191e-02,2.458636e-04,1.318765e-03
1.324119e-02,1.045813e-03,2.466366e-03,1.578502e-03,4.483865e-03,2.276553e-03,4.645464e-04,9.069794e-01,1.987455e-03,1.705101e-04,4.564093e-04,1.702399e-03,6.198666e-02,1.863845e-04,9.738884e-04
1.553968e-02,9.078194e-04,1.910037e-03,1.327311e-03,3.410863e-03,1.784344e-03,3.827024e-04,9.270676e-01,1.461066e-03,1.497981e-04,4.701463e-04,1.270879e-03,4.344863e-02,1.455348e-04,7.234997e-04
1.415342e-02,6.801153e-04,1.539923e-03,1.147043e-03,2.632108e-03,1.321034e-03,3.306594e-04,9.446447e-01,1.058969e-03,1.112094e-04,3.815742e-04,9.266816e-04,3.043872e-02,1.099975e-04,5.238834e-04
1.474692e-02,5.984681e-04,1.257389e-03,1.290758e-03,2.040648e-03,1.136632e-03,4.260945e-04,9.545869e-01,8.377623e-04,9.294272e-05,3.537918e-04,7.310164e-04,2.140183e-02,9.078607e-05,4.080342e-04
2.044684e-02,5.930578e-04,1.244316e-03,1.474280e-03,1.887862e-03,1.040975e-03,7.509839e-04,9.549455e-01,6.889420e-04,1.079616e-04,4.153922e-04,7.997992e-04,1.511829e-02,9.653093e-05,3.893263e-04
2.549430e-02,5.820667e-04,1.349764e-03,1.594139e-03,1.797588e-03,1.168262e-03,9.184692e-04,9.535017e-01,5.983766e-04,1.436490e-04,4.635549e-04,1.017428e-03,1.078808e-02,1.050234e-04,4.776184e-04
5.170795e-02,1.149653e-03,2.146279e-03,3.103546e-03,2.028064e-03,3.126404e-03,1.060573e-03,8.961076e-01,1.675895e-03,5.341580e-04,5.337333e-03,1.434805e-02,1.325679e-02,2.271179e-03,2.146597e-03
6.383030e-02,2.096137e-03,2.588799e-03,4.019769e-03,2.425082e-03,3.519842e-03,1.512779e-03,7.478821e-01,5.110629e-03,8.940026e-03,2.538286e-02,6.029376e-02,5.635059e-02,1.078441e-02,5.262982e-03
5.126011e-02,2.812664e-03,2.263763e-03,5.706703e-03,2.313141e-03,3.783630e-03,1.539710e-03,5.646178e-01,1.887732e-02,1.133085e-02,4.452022e-02,1.740834e-01,6.462494e-02,3.572393e-02,1.654178e-02
5.916698e-02,5.248038e-03,2.090445e-03,7.816439e-03,2.294193e-03,4.881401e-03,1.606341e-03,4.225927e-01,2.973377e-02,1.338530e-02,6.861456e-02,1.826787e-01,5.843533e-02,9.734520e-02,4.411053e-02
1.115439e-01,5.819554e-03,1.947397e-03,1.021274e-02,2.349061e-03,7.145299e-03,1.880041e-03,3.113811e-01,3.461917e-02,1.546698e-02,8.600602e-02,2.006211e-01,5.155792e-02,1.106222e-01,4.882758e-02
9.017209e-02,5.388274e-03,1.636613e-03,7.907600e-03,3.158262e-03,6.420864e-03,1.572108e-03,2.194671e-01,2.865444e-02,1.526773e-02,1.400480e-01,3.064939e-01,4.003631e-02,9.640789e-02,3.736890e-02
9.655231e-02,4.692133e-03,1.471044e-03,6.002659e-03,4.030130e-03,5.895996e-03,1.375330e-03,1.549941e-01,2.240310e-02,1.498577e-02,1.614056e-01,3.639073e-01,3.295109e-02,1.002041e-01,2.912930e-02
1.522629e-01,7.290284e-03,2.194005e-03,4.622847e-03,8.185470e-03,8.590067e-03,1.185309e-03,1.113795e-01,1.821660e-02,1.361048e-02,1.507029e-01,3.771963e-01,3.297358e-02,8.899737e-02,2.259236e-02
1.307444e-01,8.423066e-03,2.699245e-03,3.390993e-03,1.088311e-02,8.763215e-03,1.129800e-03,7.972156e-02,1.405254e-02,1.133115e-02,1.454826e-01,4.663905e-01,2.598947e-02,7.474477e-02,1.625363e-02
1.055009e-01,8.051114e-03,3.213912e-03,2.574041e-03,1.126587e-02,7.430485e-03,9.871973e-04,5.650708e-02,1.084166e-02,8.548525e-03,1.365821e-01,5.529397e-01,2.020505e-02,6.360199e-02,1.175037e-02
8.324327e-02,7.416950e-03,2.999277e-03,1.892505e-03,9.991572e-03,6.662092e-03,7.709145e-04,3.986560e-02,8.552447e-03,7.400634e-03,1.559782e-01,5.959754e-01,1.476699e-02,5.599006e-02,8.494066e-03
6.045605e-02,5.727535e-03,2.499795e-03,1.405181e-03,8.838732e-03,5.203515e-03,6.259205e-04,2.811877e-02,6.942670e-03,5.960623e-03,2.522265e-01,5.452738e-01,1.072736e-02,5.993310e-02,6.060478e-03
4.395058e-02,4.383064e-03,2.069130e-03,1.051628e-03,7.579706e-03,4.507148e-03,5.057266e-04,1.978666e-02,5.964833e-03,5.447733e-03,3.510378e-01,4.796008e-01,7.958008e-03,6.171628e-02,4.440795e-03
3.113852e-02,3.150681e-03,1.489697e-03,7.537895e-04,5.489457e-03,3.356376e-03,3.662349e-04,1.386210e-02,4.720417e-03,4.834484e-03,5.050147e-01,3.641933e-01,5.917838e-03,5.251685e-02,3.195595e-03
2.192766e-02,2.252002e-03,1.072972e-03,5.552435e-04,4.076437e-03,2.493151e-03,2.686060e-04,9.728366e-03,4.152692e-03,4.104398e-03,6.198874e-01,2.695350e-01,4.400230e-03,5.327605e-02,2.269840e-03
1.571858e-02,1.768855e-03,8.931634e-04,5.087727e-04,3.852517e-03,2.221611e-03,3.525635e-04,6.984172e-03,9.117485e-03,4.863221e-03,6.775964e-01,1.953480e-01,3.611976e-03,7.518569e-02,1.976851e-03
1.350629e-02,1.878550e-03,5.177159e-03,2.637974e-03,7.356554e-03,6.113849e-03,2.959921e-03,3.964711e-02,2.071621e-02,6.502895e-03,5.573373e-01,1.478160e-01,2.878709e-03,1.836237e-01,1.847715e-03
1.247226e-02,2.538155e-02,6.691970e-02,3.776208e-03,1.644488e-02,2.608021e-02,3.432986e-03,5.801454e-02,3.290494e-02,7.211560e-03,4.688438e-01,1.055370e-01,2.256163e-03,1.688311e-01,1.893089e-03
2.284096e-02,7.376830e-02,5.678256e-02,5.978951e-03,3.354214e-02,8.965885e-02,2.575191e-03,5.053446e-02,8.532640e-02,9.445386e-03,3.491775e-01,7.432114e-02,1.685886e-03,1.414165e-01,2.945644e-03
2.700765e-02,1.492182e-01,5.473641e-02,7.352042e-03,3.495762e-02,9.420533e-02,1.884541e-03,5.239624e-02,1.409012e-01,8.270525e-03,2.576133e-01,5.245953e-02,1.313398e-03,1.150102e-01,2.673671e-03
3.260480e-02,2.376251e-01,7.570691e-02,1.822292e-02,3.277846e-02,7.649090e-02,1.501745e-03,5.305449e-02,1.438403e-01,8.024344e-03,1.856950e-01,3.709197e-02,1.028650e-03,9.396008e-02,2.374183e-03
3.788517e-02,3.693697e-01,5.990934e-02,1.565949e-02,2.464639e-02,5.937042e-02,1.151803e-03,4.430401e-02,1.216565e-01,7.603925e-03,1.357686e-01,2.638360e-02,8.106795e-04,9.258594e-02,2.894413e-03
5.638553e-02,4.496517e-01,4.667336e-02,1.280849e-02,2.069981e-02,4.584647e-02,9.638774e-04,3.885780e-02,1.079831e-01,8.173797e-03,9.966122e-02,1.910990e-02,6.774696e-04,8.750442e-02,5.003004e-03
6.915393e-02,5.459986e-01,3.420410e-02,1.002215e-02,1.602802e-02,3.348627e-02,7.145483e-04,2.998087e-02,9.335206e-02,7.206819e-03,7.184654e-02,1.426748e-02,6.537246e-04,6.586983e-02,7.215112e-03
8.003637e-02,6.187875e-01,2.578074e-02,8.537993e-03,1.278017e-02,2.448189e-02,5.466266e-04,2.391953e-02,7.866213e-02,5.593533e-03,5.257671e-02,1.086667e-02,6.678540e-04,4.942947e-02,7.332862e-03
1.375148e-01,5.601732e-01,2.740071e-02,1.257662e-02,1.916701e-02,2.017425e-02,7.291450e-04,2.948641e-02,7.837857e-02,4.707740e-03,4.468508e-02,1.057138e-02,1.217025e-03,4.183992e-02,1.137817e-02
1.954713e-01,5.044526e-01,2.526906e-02,1.300663e-02,1.885007e-02,1.618461e-02,8.167761e-04,2.758890e-02,8.377411e-02,5.705680e-03,4.257029e-02,1.137205e-02,1.599592e-03,3.547748e-02,1.786090e-02
1.506314e-01,4.748206e-01,2.341835e-02,3.279056e-02,1.464383e-02,1.250731e-02,6.603493e-04,2.071884e-02,6.459909e-02,5.122011e-03,1.316745e-01,1.548008e-02,3.451623e-03,2.970677e-02,1.977482e-02
1.063357e-01,3.924110e-01,1.710820e-02,2.361193e-02,1.031636e-02,9.108094e-03,4.663725e-04,1.459488e-02,4.598588e-02,3.961539e-03,3.153555e-01,1.395742e-02,2.945484e-03,2.862597e-02,1.521579e-02
7.869940e-02,2.875534e-01,1.264535e-02,1.823021e-02,7.913818e-03,8.496187e-03,4.063904e-04,1.043041e-02,3.360621e-02,3.507618e-03,4.426474e-01,1.670774e-02,3.058366e-03,6.450884e-02,1.158873e-02
5.575403e-02,2.051662e-01,9.774766e-03,1.347422e-02,6.012735e-03,1.778611e-02,4.108904e-04,7.397403e-03,2.410116e-02,2.765953e-03,5.704802e-01,1.728840e-02,3.044144e-03,5.788504e-02,8.658794e-03
3.972886e-02,1.443396e-01,7.135987e-03,1.003895e-02,6.346134e-03,1.769212e-02,3.762250e-04,5.224498e-03,1.732119e-02,2.459750e-03,6.578143e-01,2.093933e-02,2.811502e-03,6.148008e-02,6.291564e-03
2.817207e-02,1.022282e-01,5.469443e-03,7.444891e-03,8.127544e-03,1.453700e-02,3.616711e-04,3.692894e-03,1.580611e-02,2.148394e-03,7.185028e-01,2.319012e-02,2.930253e-03,6.257908e-02,4.809629e-03
1.991195e-02,7.227830e-02,4.034272e-03,5.255279e-03,6.454273e-03,1.111019e-02,2.769971e-04,2.605658e-03,1.128860e-02,2.191384e-03,7.843593e-01,1.864158e-02,2.238281e-03,5.544129e-02,3.912739e-03
1.411357e-02,5.130676e-02,3.206517e-03,3.777016e-03,5.501909e-03,8.485614e-03,2.228667e-04,1.852866e-03,8.497706e-03,2.319248e-03,8.117515e-01,1.734438e-02,1.935995e-03,6.670093e-02,2.983190e-03
9.907267e-03,3.599727e-02,2.273355e-03,2.653110e-03,4.580943e-03,6.078940e-03,1.717378e-04,1.305330e-03,6.374806e-03,2.273771e-03,8.502408e-01,1.422963e-02,1.583438e-03,6.020710e-02,2.122500e-03
7.006703e-03,2.527970e-02,1.615033e-03,1.868232e-03,4.402985e-03,4.346798e-03,2.764149e-04,9.471570e-04,6.174873e-03,2.934594e-03,8.794082e-01,1.335131e-02,1.322608e-03,4.953129e-02,1.534107e-03
5.170993e-03,1.779372e-02,1.172280e-03,1.327504e-03,3.998152e-03,3.135139e-03,2.608392e-04,7.038781e-04,4.975444e-03,2.854271e-03,9.003742e-01,1.390681e-02,1.078799e-03,4.210854e-02,1.139514e-03
5.802383e-03,1.273290e-02,9.344180e-04,1.012406e-03,8.355234e-03,2.492865e-03,3.845844e-04,9.128279e-04,6.575695e-03,3.666359e-03,8.876163e-01,1.791188e-02,9.787220e-04,4.970859e-02,9.148849e-04
8.976569e-03,9.915379e-03,1.025435e-03,9.357676e-04,2.461049e-02,3.504962e-03,6.364404e-04,1.868472e-03,9.242631e-03,5.838969e-03,8.297694e-01,2.462099e-02,8.958249e-04,7.740359e-02,7.552702e-04
2.058316e-02,1.043664e-02,2.043265e-03,1.450879e-03,2.020780e-02,3.867460e-03,7.699220e-04,4.213048e-03,1.612012e-02,7.202605e-03,7.885026e-01,3.795431e-02,8.521648e-04,8.473266e-02,1.063497e-03
1.873460e-02,1.102527e-02,2.204172e-03,2.023015e-03,1.796034e-02,4.620342e-03,7.250914e-04,9.653836e-03,1.126341e-01,1.088226e-02,6.804073e-01,4.735788e-02,7.942060e-04,7.959928e-02,1.378406e-03
1.412841e-02,9.276056e-02,2.003456e-03,1.770698e-03,1.672347e-02,1.335857e-02,5.954095e-04,8.511115e-03,2.443010e-01,8.436684e-03,5.017128e-01,3.623173e-02,6.780247e-04,5.774948e-02,1.038665e-03
1.014740e-02,1.797043e-01,2.320335e-03,1.900255e-03,2.848104e-02,2.269020e-02,4.621061e-04,6.228646e-03,3.208462e-01,6.330374e-03,3.533004e-01,2.563241e-02,5.397137e-04,4.063363e-02,7.830889e-04
7.548091e-03,2.497572e-01,3.901750e-03,2.204465e-03,3.786588e-02,2.707917e-02,3.813554e-04,4.756528e-03,3.644977e-01,4.996587e-03,2.491931e-01,1.814503e-02,4.676427e-04,2.856326e-02,6.423392e-04
6.328049e-03,3.034424e-01,9.578378e-03,8.389408e-02,3.606771e-02,2.406409e-02,2.964516e-04,9.200184e-03,3.086897e-01,4.191344e-03,1.782003e-01,1.313244e-02,1.054428e-03,2.023845e-02,1.622070e-03
8.207968e-03,3.133798e-01,8.420758e-03,8.778548e-02,4.114503e-02,2.349146e-02,2.651203e-04,1.163077e-02,3.437951e-01,4.422009e-03,1.269554e-01,9.360975e-03,1.018988e-03,1.458084e-02,5.540340e-03
1.457763e-02,2.601767e-01,7.846948e-03,9.049328e-02,6.611229e-02,3.809962e-02,3.663209e-04,1.453846e-02,3.882979e-01,3.752111e-03,9.045365e-02,6.673970e-03,9.385779e-04,1.037413e-02,7.298547e-03
2.840549e-02,1.990380e-01,8.257521e-03,1.517200e-01,8.357054e-02,3.141337e-02,6.624056e-04,3.587088e-02,3.648041e-01,3.813509e-03,6.424144e-02,5.093255e-03,1.444737e-03,7.361981e-03,1.430272e-02
6.152859e-02,1.539360e-01,7.035407e-03,1.515544e-01,1.379031e-01,3.450572e-02,1.514429e-03,3.349696e-02,3.427994e-01,2.868620e-03,4.563693e-02,4.017843e-03,1.593534e-03,5.263144e-03,1.634588e-02
6.372113e-02,1.330330e-01,7.331419e-03,1.753812e-01,1.191595e-01,2.941983e-02,1.542583e-03,4.346815e-02,3.436558e-01,3.210619e-03,3.323568e-02,3.542126e-03,2.246840e-03,3.943472e-03,3.710870e-02
6.685019e-02,1.056249e-01,1.788107e-02,2.167229e-01,1.006308e-01,2.306239e-02,1.467516e-03,4.375153e-02,3.398620e-01,3.419938e-03,2.410897e-02,2.972871e-03,2.483813e-03,2.946338e-03,4.821477e-02
8.226059e-02,9.532303e-02,2.050618e-02,2.135367e-01,9.779637e-02,2.432227e-02,1.667078e-03,4.306447e-02,3.240817e-01,3.889015e-03,1.816111e-02,3.237094e-03,3.586278e-03,2.570119e-03,6.599801e-02
8.391961e-02,8.164632e-02,5.331047e-02,2.320193e-01,8.188128e-02,1.975088e-02,1.548290e-03,4.283944e-02,3.100404e-01,4.248657e-03,1.344650e-02,2.579314e-03,2.995161e-03,2.031202e-03,6.774315e-02
1.070139e-01,9.597775e-02,4.762980e-02,1.980976e-01,8.499035e-02,2.211688e-02,1.701928e-03,4.733462e-02,3.063114e-01,3.866751e-03,1.094431e-02,2.579342e-03,2.855480e-03,2.269731e-03,6.631021e-02
1.413154e-01,9.042618e-02,3.960221e-02,1.780930e-01,8.208207e-02,2.957295e-02,2.062767e-03,6.531548e-02,2.858587e-01,3.866601e-03,1.005027e-02,2.953472e-03,3.735131e-03,2.557175e-03,6.250875e-02
1.796384e-01,9.137610e-02,3.729996e-02,1.577526e-01,7.582682e-02,3.808186e-02,2.863848e-03,5.738027e-02,2.660812e-01,3.967567e-03,1.003692e-02,3.807822e-03,3.720656e-03,4.343447e-03,6.782247e-02
1.409739e-01,7.458388e-02,3.696849e-02,2.638921e-01,6.038031e-02,2.794450e-02,2.323177e-03,4.349621e-02,2.639636e-01,3.753319e-03,9.106311e-03,3.374291e-03,3.263578e-03,3.308049e-03,6.266828e-02
1.011656e-01,5.981874e-02,2.699522e-02,2.147744e-01,4.511623e-02,3.035012e-02,2.018129e-03,3.059916e-02,3.598384e-01,3.628848e-03,1.246963e-02,1.244163e-02,4.540179e-02,3.480971e-03,5.190121e-02
7.343254e-02,4.288115e-02,1.905259e-02,1.547055e-01,3.230585e-02,1.835326e-01,2.876684e-03,2.164645e-02,2.723677e-01,2.770644e-03,1.079499e-02,3.178928e-02,1.107456e-01,2.724492e-03,3.837393e-02
5.215115e-02,3.045532e-02,1.343320e-02,1.094863e-01,2.289299e-02,1.312132e-01,2.503850e-03,1.564521e-02,1.931276e-01,2.002568e-03,7.816441e-03,3.486219e-02,3.550768e-01,1.920316e-03,2.741284e-02
3.682424e-02,2.148079e-02,9.465876e-03,7.670345e-02,1.609884e-02,9.224153e-02,1.804843e-03,1.097239e-02,1.355913e-01,1.428548e-03,5.539794e-03,4.766544e-02,5.229766e-01,1.349960e-03,1.985634e-02
2.644867e-02,1.519886e-02,6.742548e-03,5.382002e-02,1.146200e-02,7.318150e-02,1.348891e-03,7.761722e-03,9.539538e-02,1.011953e-03,4.110383e-03,8.355080e-02,6.046525e-01,9.524503e-04,1.436230e-02
1.956541e-02,1.082387e-02,4.872093e-03,3.796833e-02,8.445956e-03,6.617337e-02,1.224513e-03,5.591528e-03,6.765974e-02,7.365379e-04,3.173937e-03,8.558903e-02,6.773418e-01,6.736169e-04,1.016019e-02
1.421353e-02,7.691283e-03,3.510915e-03,2.663408e-02,6.346508e-03,6.344235e-02,1.112112e-03,4.345246e-03,4.783996e-02,5.249646e-04,2.419416e-03,8.872271e-02,7.254940e-01,4.768568e-04,7.226001e-03
1.144462e-02,5.523126e-03,3.206561e-03,1.885266e-02,5.332988e-03,6.420068e-02,1.567986e-03,5.435043e-03,3.435364e-02,3.956679e-04,2.399047e-03,7.730077e-02,7.638885e-01,3.948383e-04,5.703827e-03
9.584352e-03,3.933979e-03,2.551563e-03,1.333080e-02,5.045214e-03,5.035383e-02,1.602623e-03,4.458880e-03,2.428386e-02,3.048268e-04,1.957273e-03,7.075362e-02,8.071861e-01,3.053092e-04,4.347716e-03
7.281718e-03,2.791604e-03,1.895012e-03,9.437608e-03,4.824047e-03,3.814499e-02,1.201986e-03,3.348142e-03,1.709432e-02,2.426171e-04,1.554149e-03,8.702607e-02,8.215175e-01,2.336621e-04,3.406601e-03
6.435318e-03,2.033464e-03,1.389218e-03,6.728981e-03,5.453111e-03,2.963437e-02,9.435717e-04,2.569667e-03,1.233051e-02,2.368068e-04,1.557150e-03,9.760885e-02,8.299958e-01,2.763668e-04,2.806884e-03
5.309400e-03,1.763504e-03,1.103599e-03,4.853908e-03,5.219772e-03,2.550309e-02,8.194369e-04,2.065099e-03,9.633574e-03,2.563013e-04,1.648926e-03,1.226319e-01,8.165031e-01,2.700241e-04,2.418309e-03
4.712698e-03,2.490991e-03,3.376707e-03,3.584538e-03,2.428026e-02,1.886552e-02,9.803256e-04,1.688868e-03,1.077858e-02,6.253679e-04,1.877659e-03,1.311955e-01,7.922220e-01,2.708219e-04,3.050102e-03
4.270604e-03,4.231309e-03,1.787324e-02,2.611592e-03,2.918178e-02,1.462306e-02,1.709291e-03,2.593031e-03,1.180554e-02,5.902346e-04,1.665887e-03,1.158115e-01,7.893081e-01,2.361418e-04,3.488720e-03
3.419356e-03,1.292608e-02,7.888759e-02,1.921834e-03,2.249241e-02,1.073787e-02,1.824235e-03,3.486395e-03,1.401376e-02,7.141967e-04,1.307911e-03,9.996235e-02,7.450392e-01,1.916783e-04,3.075097e-03
7.464667e-03,1.565428e-02,1.122432e-01,1.751184e-03,1.656813e-02,1.156957e-02,1.604268e-03,4.519909e-03,1.703621e-02,2.388751e-03,1.188959e-03,7.043200e-02,7.276919e-01,4.357561e-04,9.451299e-03
2.094002e-02,1.565141e-02,9.063835e-02,1.368262e-03,1.230512e-02,8.808752e-03,1.342536e-03,3.701371e-03,1.551554e-02,3.746542e-03,1.183342e-03,4.958778e-02,7.182017e-01,6.603096e-04,5.634902e-02
2.727779e-02,1.177205e-02,6.631780e-02,1.058882e-03,9.595296e-03,6.970240e-03,1.127688e-03,2.886645e-03,1.281343e-02,5.889919e-03,9.401187e-04,3.476084e-02,5.139453e-01,5.739095e-04,3.040701e-01
1.997170e-02,8.345905e-03,4.699781e-02,7.879932e-04,6.891854e-03,4.972621e-03,8.491218e-04,2.090393e-03,9.267513e-03,5.417380e-03,6.767492e-04,2.438174e-02,3.607521e-01,4.217407e-04,5.081754e-01
1.521163e-02,6.032224e-03,3.562790e-02,8.282984e-04,5.107498e-03,3.773632e-03,6.364157e-04,1.534289e-03,6.630772e-03,7.488140e-03,5.020388e-04,1.710230e-02,2.530636e-01,3.119204e-04,6.461493e-01
1.082618e-02,4.687510e-03,3.495875e-02,1.772144e-03,3.649559e-03,2.768761e-03,4.537702e-04,1.082142e-03,5.102128e-03,1.718422e-02,3.911451e-04,1.199085e-02,1.771757e-01,2.618637e-04,7.276953e-01
7.761122e-03,3.612343e-03,2.923972e-02,1.272059e-03,2.605265e-03,2.008959e-03,3.285891e-04,7.628794e-04,3.670052e-03,1.481340e-02,4.368089e-04,8.420455e-03,1.241340e-01,3.695434e-04,8.005649e-01
