1.000000e+00,0.000000e+00,0.000000e+00,0.000000e+00,0.000000e+00,0.000000e+00,0.000000e+00,0.000000e+00,0.000000e+00,0.000000e+00,0.000000e+00,0.000000e+00,0.000000e+00,0.000000e+00,0.000000e+00
1.000000e+00,0.000000e+00,0.000000e+00,0.000000e+00,0.000000e+00,0.000000e+00,0.000000e+00,0.000000e+00,0.000000e+00,0.000000e+00,0.000000e+00,0.000000e+00,0.000000e+00,0.000000e+00,0.000000e+00
1.000000e+00,0.000000e+00,0.000000e+00,0.000000e+00,0.000000e+00,0.000000e+00,0.000000e+00,0.000000e+00,0.000000e+00,0.000000e+00,0.000000e+00,0.000000e+00,0.000000e+00,0.000000e+00,0.000000e+00
1.000000e+00,0.000000e+00,0.000000e+00,0.000000e+00,0.000000e+00,0.000000e+00,0.000000e+00,0.000000e+00,0.000000e+00,0.000000e+00,0.000000e+00,0.000000e+00,0.000000e+00,0.000000e+00,0.000000e+00
1.000000e+00,0.000000e+00,0.000000e+00,0.000000e+00,0.000000e+00,0.000000e+00,0.000000e+00,0.000000e+00,0.000000e+00,0.000000e+00,0.000000e+00,0.000000e+00,0.000000e+00,0.000000e+00,0.000000e+00
1.000000e+00,0.000000e+00,0.000000e+00,0.000000e+00,0.000000e+00,0.000000e+00,0.000000e+00,0.000000e+00,0.000000e+00,0.000000e+00,0.000000e+00,0.000000e+00,0.000000e+00,0.000000e+00,0.000000e+00
1.000000e+00,0.000000e+00,0.000000e+00,0.000000e+00,0.000000e+00,0.000000e+00,0.000000e+00,0.000000e+00,0.000000e+00,0.000000e+00,0.000000e+00,0.000000e+00,0.000000e+00,0.000000e+00,0.000000e+00
1.000000e+00,0.000000e+00,0.000000e+00,0.000000e+00,0.000000e+00,0.000000e+00,0.000000e+00,0.000000e+00,0.000000e+00,0.000000e+00,0.000000e+00,0.000000e+00,0.000000e+00,0.000000e+00,0.000000e+00
1.000000e+00,0.000000e+00,0.000000e+00,0.000000e+00,0.000000e+00,0.000000e+00,0.000000e+00,0.000000e+00,0.000000e+00,0.000000e+00,0.000000e+00,0.000000e+00,0.000000e+00,0.000000e+00,0.000000e+00
1.000000e+00,0.000000e+00,0.000000e+00,0.000000e+00,0.000000e+00,0.000000e+00,0.000000e+00,0.000000e+00,0.000000e+00,0.000000e+00,0.000000e+00,0.000000e+00,0.000000e+00,0.000000e+00,0.000000e+00
1.000000e+00,0.000000e+00,0.000000e+00,0.000000e+00,0.000000e+00,0.000000e+00,0.000000e+00,0.000000e+00,0.000000e+00,0.000000e+00,0.000000e+00,0.000000e+00,0.000000e+00,0.000000e+00,0.000000e+00
1.000000e+00,0.000000e+00,0.000000e+00,0.000000e+00,0.000000e+00,0.000000e+00,0.000000e+00,0.000000e+00,0.000000e+00,0.000000e+00,0.000000e+00,0.000000e+00,0.000000e+00,0.000000e+00,0.000000e+00
1.000000e+00,0.000000e+00,0.000000e+00,0.000000e+00,0.000000e+00,0.000000e+00,0.000000e+00,0.000000e+00,0.000000e+00,0.000000e+00,0.000000e+00,0.000000e+00,0.000000e+00,0.000000e+00,0.000000e+00
1.000000e+00,0.000000e+00,0.000000e+00,0.000000e+00,0.000000e+00,0.000000e+00,0.000000e+00,0.000000e+00,0.000000e+00,0.000000e+00,0.000000e+00,0.000000e+00,0.000000e+00,0.000000e+00,0.000000e+00
1.000000e+00,0.000000e+00,0.000000e+00,0.000000e+00,0.000000e+00,0.000000e+00,0.000000e+00,0.000000e+00,0.000000e+00,0.000000e+00,0.000000e+00,0.000000e+00,0.000000e+00,0.000000e+00,0.000000e+00
1.000000e+00,0.000000e+00,0.000000e+00,0.000000e+00,0.000000e+00,0.000000e+00,0.000000e+00,0.000000e+00,0.000000e+00,0.000000e+00,0.000000e+00,0.000000e+00,0.000000e+00,0.000000e+00,0.000000e+00
1.000000e+00,0.000000e+00,0.000000e+00,0.000000e+00,0.000000e+00,0.000000e+00,0.000000e+00,0.000000e+00,0.000000e+00,0.000000e+00,0.000000e+00,0.000000e+00,0.000000e+00,0.000000e+00,0.000000e+00
1.000000e+00,0.000000e+00,0.000000e+00,0.000000e+00,0.000000e+00,0.000000e+00,0.000000e+00,0.000000e+00,0.000000e+00,0.000000e+00,0.000000e+00,0.000000e+00,0.000000e+00,0.000000e+00,0.000000e+00
1.000000e+00,0.000000e+00,0.000000e+00,0.000000e+00,0.000000e+00,0.000000e+00,0.000000e+00,0.000000e+00,0.000000e+00,0.000000e+00,0.000000e+00,0.000000e+00,0.000000e+00,0.000000e+00,0.000000e+00
1.000000e+00,0.000000e+00,0.000000e+00,0.000000e+00,0.000000e+00,0.000000e+00,0.000000e+00,0.000000e+00,0.000000e+00,0.000000e+00,0.000000e+00,0.000000e+00,0.000000e+00,0.000000e+00,0.000000e+00
1.000000e+00,0.000000e+00,0.000000e+00,0.000000e+00,0.000000e+00,0.000000e+00,0.000000e+00,0.000000e+00,0.000000e+00,0.000000e+00,0.000000e+00,0.000000e+00,0.000000e+00,0.000000e+00,0.000000e+00
1.000000e+00,0.000000e+00,0.000000e+00,0.000000e+00,0.000000e+00,0.000000e+00,0.000000e+00,0.000000e+00,0.000000e+00,0.000000e+00,0.000000e+00,0.000000e+00,0.000000e+00,0.000000e+00,0.000000e+00
1.000000e+00,0.000000e+00,0.000000e+00,0.000000e+00,0.000000e+00,0.000000e+00,0.000000e+00,0.000000e+00,0.000000e+00,0.000000e+00,0.000000e+00,0.000000e+00,0.000000e+00,0.000000e+00,0.000000e+00
1.000000e+00,0.000000e+00,0.000000e+00,0.000000e+00,0.000000e+00,0.000000e+00,0.000000e+00,0.000000e+00,0.000000e+00,0.000000e+00,0.000000e+00,0.000000e+00,0.000000e+00,0.000000e+00,0.000000e+00
1.000000e+00,0.000000e+00,0.000000e+00,0.000000e+00,0.000000e+00,0.000000e+00,0.000000e+00,0.000000e+00,0.000000e+00,0.000000e+00,0.000000e+00,0.000000e+00,0.000000e+00,0.000000e+00,0.000000e+00
1.000000e+00,0.000000e+00,0.000000e+00,0.000000e+00,0.000000e+00,0.000000e+00,0.000000e+00,0.000000e+00,0.000000e+00,0.000000e+00,0.000000e+00,0.000000e+00,0.000000e+00,0.000000e+00,0.000000e+00
1.000000e+00,0.000000e+00,0.000000e+00,0.000000e+00,0.000000e+00,0.000000e+00,0.000000e+00,0.000000e+00,0.000000e+00,0.000000e+00,0.000000e+00,0.000000e+00,0.000000e+00,0.000000e+00,0.000000e+00
4.205673e-01,1.061092e-02,5.189110e-02,2.276151e-02,3.577072e-03,2.672594e-01,3.330564e-03,1.075088e-02,4.617482e-03,3.827073e-03,1.540273e-01,2.080062e-02,5.252717e-03,5.356258e-03,1.536972e-02
3.578538e-01,1.287229e-02,6.946219e-02,2.546111e-02,4.821497e-03,2.774428e-01,3.917055e-03,9.717403e-03,4.747256e-03,1.028119e-02,1.723797e-01,2.226955e-02,5.736157e-03,5.885520e-03,1.715239e-02
3.814772e-01,1.357176e-02,5.601043e-02,3.221539e-02,7.470781e-03,2.144215e-01,5.344967e-03,1.033109e-02,8.801843e-03,8.477984e-03,1.931838e-01,3.059939e-02,7.668007e-03,9.875102e-03,2.055074e-02
4.482335e-01,1.723515e-02,5.169475e-02,4.492814e-02,1.184808e-02,1.651600e-01,6.007023e-03,1.010926e-02,1.119217e-02,7.432525e-03,1.501779e-01,3.057758e-02,8.510049e-03,1.080738e-02,2.608648e-02
1.000000e+00,0.000000e+00,0.000000e+00,0.000000e+00,0.000000e+00,0.000000e+00,0.000000e+00,0.000000e+00,0.000000e+00,0.000000e+00,0.000000e+00,0.000000e+00,0.000000e+00,0.000000e+00,0.000000e+00
4.986950e-01,2.741263e-02,4.867415e-02,7.038564e-02,1.883620e-02,1.005013e-01,7.121940e-03,1.416149e-02,1.770041e-02,5.890951e-03,1.012286e-01,3.389615e-02,1.242951e-02,1.327517e-02,2.979090e-02
1.000000e+00,0.000000e+00,0.000000e+00,0.000000e+00,0.000000e+00,0.000000e+00,0.000000e+00,0.000000e+00,0.000000e+00,0.000000e+00,0.000000e+00,0.000000e+00,0.000000e+00,0.000000e+00,0.000000e+00
1.000000e+00,0.000000e+00,0.000000e+00,0.000000e+00,0.000000e+00,0.000000e+00,0.000000e+00,0.000000e+00,0.000000e+00,0.000000e+00,0.000000e+00,0.000000e+00,0.000000e+00,0.000000e+00,0.000000e+00
1.000000e+00,0.000000e+00,0.000000e+00,0.000000e+00,0.000000e+00,0.000000e+00,0.000000e+00,0.000000e+00,0.000000e+00,0.000000e+00,0.000000e+00,0.000000e+00,0.000000e+00,0.000000e+00,0.000000e+00
1.000000e+00,0.000000e+00,0.000000e+00,0.000000e+00,0.000000e+00,0.000000e+00,0.000000e+00,0.000000e+00,0.000000e+00,0.000000e+00,0.000000e+00,0.000000e+00,0.000000e+00,0.000000e+00,0.000000e+00
1.000000e+00,0.000000e+00,0.000000e+00,0.000000e+00,0.000000e+00,0.000000e+00,0.000000e+00,0.000000e+00,0.000000e+00,0.000000e+00,0.000000e+00,0.000000e+00,0.000000e+00,0.000000e+00,0.000000e+00
1.000000e+00,0.000000e+00,0.000000e+00,0.000000e+00,0.000000e+00,0.000000e+00,0.000000e+00,0.000000e+00,0.000000e+00,0.000000e+00,0.000000e+00,0.000000e+00,0.000000e+00,0.000000e+00,0.000000e+00
1.000000e+00,0.000000e+00,0.000000e+00,0.000000e+00,0.000000e+00,0.000000e+00,0.000000e+00,0.000000e+00,0.000000e+00,0.000000e+00,0.000000e+00,0.000000e+00,0.000000e+00,0.000000e+00,0.000000e+00
1.000000e+00,0.000000e+00,0.000000e+00,0.000000e+00,0.000000e+00,0.000000e+00,0.000000e+00,0.000000e+00,0.000000e+00,0.000000e+00,0.000000e+00,0.000000e+00,0.000000e+00,0.000000e+00,0.000000e+00
1.000000e+00,0.000000e+00,0.000000e+00,0.000000e+00,0.000000e+00,0.000000e+00,0.000000e+00,0.000000e+00,0.000000e+00,0.000000e+00,0.000000e+00,0.000000e+00,0.000000e+00,0.000000e+00,0.000000e+00
1.000000e+00,0.000000e+00,0.000000e+00,0.000000e+00,0.000000e+00,0.000000e+00,0.000000e+00,0.000000e+00,0.000000e+00,0.000000e+00,0.000000e+00,0.000000e+00,0.000000e+00,0.000000e+00,0.000000e+00
1.000000e+00,0.000000e+00,0.000000e+00,0.000000e+00,0.000000e+00,0.000000e+00,0.000000e+00,0.000000e+00,0.000000e+00,0.000000e+00,0.000000e+00,0.000000e+00,0.000000e+00,0.000000e+00,0.000000e+00
1.000000e+00,0.000000e+00,0.000000e+00,0.000000e+00,0.000000e+00,0.000000e+00,0.000000e+00,0.000000e+00,0.000000e+00,0.000000e+00,0.000000e+00,0.000000e+00,0.000000e+00,0.000000e+00,0.000000e+00
1.000000e+00,0.000000e+00,0.000000e+00,0.000000e+00,0.000000e+00,0.000000e+00,0.000000e+00,0.000000e+00,0.000000e+00,0.000000e+00,0.000000e+00,0.000000e+00,0.000000e+00,0.000000e+00,0.000000e+00
1.000000e+00,0.000000e+00,0.000000e+00,0.000000e+00,0.000000e+00,0.000000e+00,0.000000e+00,0.000000e+00,0.000000e+00,0.000000e+00,0.000000e+00,0.000000e+00,0.000000e+00,0.000000e+00,0.000000e+00
1.000000e+00,0.000000e+00,0.000000e+00,0.000000e+00,0.000000e+00,0.000000e+00,0.000000e+00,0.000000e+00,0.000000e+00,0.000000e+00,0.000000e+00,0.000000e+00,0.000000e+00,0.000000e+00,0.000000e+00
1.000000e+00,0.000000e+00,0.000000e+00,0.000000e+00,0.000000e+00,0.000000e+00,0.000000e+00,0.000000e+00,0.000000e+00,0.000000e+00,0.000000e+00,0.000000e+00,0.000000e+00,0.000000e+00,0.000000e+00
1.000000e+00,0.000000e+00,0.000000e+00,0.000000e+00,0.000000e+00,0.000000e+00,0.000000e+00,0.000000e+00,0.000000e+00,0.000000e+00,0.000000e+00,0.000000e+00,0.000000e+00,0.000000e+00,0.000000e+00
1.000000e+00,0.000000e+00,0.000000e+00,0.000000e+00,0.000000e+00,0.000000e+00,0.000000e+00,0.000000e+00,0.000000e+00,0.000000e+00,0.000000e+00,0.000000e+00,0.000000e+00,0.000000e+00,0.000000e+00
1.000000e+00,0.000000e+00,0.000000e+00,0.000000e+00,0.000000e+00,0.000000e+00,0.000000e+00,0.000000e+00,0.000000e+00,0.000000e+00,0.000000e+00,0.000000e+00,0.000000e+00,0.000000e+00,0.000000e+00
1.000000e+00,0.000000e+00,0.000000e+00,0.000000e+00,0.000000e+00,0.000000e+00,0.000000e+00,0.000000e+00,0.000000e+00,0.000000e+00,0.000000e+00,0.000000e+00,0.000000e+00,0.000000e+00,0.000000e+00
1.000000e+00,0.000000e+00,0.000000e+00,0.000000e+00,0.000000e+00,0.000000e+00,0.000000e+00,0.000000e+00,0.000000e+00,0.000000e+00,0.000000e+00,0.000000e+00,0.000000e+00,0.000000e+00,0.000000e+00
1.000000e+00,0.000000e+00,0.000000e+00,0.000000e+00,0.000000e+00,0.000000e+00,0.000000e+00,0.000000e+00,0.000000e+00,0.000000e+00,0.000000e+00,0.000000e+00,0.000000e+00,0.000000e+00,0.000000e+00
1.000000e+00,0.000000e+00,0.000000e+00,0.000000e+00,0.000000e+00,0.000000e+00,0.000000e+00,0.000000e+00,0.000000e+00,0.000000e+00,0.000000e+00,0.000000e+00,0.000000e+00,0.000000e+00,0.000000e+00
1.000000e+00,0.000000e+00,0.000000e+00,0.000000e+00,0.000000e+00,0.000000e+00,0.000000e+00,0.000000e+00,0.000000e+00,0.000000e+00,0.000000e+00,0.000000e+00,0.000000e+00,0.000000e+00,0.000000e+00
1.000000e+00,0.000000e+00,0.000000e+00,0.000000e+00,0.000000e+00,0.000000e+00,0.000000e+00,0.000000e+00,0.000000e+00,0.000000e+00,0.000000e+00,0.000000e+00,0.000000e+00,0.000000e+00,0.000000e+00
1.000000e+00,0.000000e+00,0.000000e+00,0.000000e+00,0.000000e+00,0.000000e+00,0.000000e+00,0.000000e+00,0.000000e+00,0.000000e+00,0.000000e+00,0.000000e+00,0.000000e+00,0.000000e+00,0.000000e+00
1.000000e+00,0.000000e+00,0.000000e+00,0.000000e+00,0.000000e+00,0.000000e+00,0.000000e+00,0.000000e+00,0.000000e+00,0.000000e+00,0.000000e+00,0.000000e+00,0.000000e+00,0.000000e+00,0.000000e+00
1.000000e+00,0.000000e+00,0.000000e+00,0.000000e+00,0.000000e+00,0.000000e+00,0.000000e+00,0.000000e+00,0.000000e+00,0.000000e+00,0.000000e+00,0.000000e+00,0.000000e+00,0.000000e+00,0.000000e+00
1.000000e+00,0.000000e+00,0.000000e+00,0.000000e+00,0.000000e+00,0.000000e+00,0.000000e+00,0.000000e+00,0.000000e+00,0.000000e+00,0.000000e+00,0.000000e+00,0.000000e+00,0.000000e+00,0.000000e+00
1.000000e+00,0.000000e+00,0.000000e+00,0.000000e+00,0.000000e+00,0.000000e+00,0.000000e+00,0.000000e+00,0.000000e+00,0.000000e+00,0.000000e+00,0.000000e+00,0.000000e+00,0.000000e+00,0.000000e+00
1.000000e+00,0.000000e+00,0.000000e+00,0.000000e+00,0.000000e+00,0.000000e+00,0.000000e+00,0.000000e+00,0.000000e+00,0.000000e+00,0.000000e+00,0.000000e+00,0.000000e+00,0.000000e+00,0.000000e+00
1.000000e+00,0.000000e+00,0.000000e+00,0.000000e+00,0.000000e+00,0.000000e+00,0.000000e+00,0.000000e+00,0.000000e+00,0.000000e+00,0.000000e+00,0.000000e+00,0.000000e+00,0.000000e+00,0.000000e+00
4.665637e-01,2.565192e-02,1.938717e-01,2.137344e-01,5.092099e-03,9.186871e-03,3.219674e-03,1.223671e-02,7.128987e-03,2.696844e-03,1.028974e-02,1.339065e-02,1.149079e-02,2.736961e-03,2.270889e-02
3.297666e-01,2.110593e-02,2.190749e-01,2.310913e-01,3.621410e-03,6.736859e-03,2.302942e-03,8.875815e-03,9.206168e-03,5.739702e-03,8.524368e-03,1.015466e-02,8.289868e-03,4.026410e-03,1.314831e-01
2.339725e-01,1.622998e-02,1.972868e-01,1.625617e-01,2.591041e-03,5.179937e-03,1.636838e-03,6.328284e-03,3.963482e-02,3.000937e-02,9.899862e-03,7.594270e-03,8.306979e-03,3.111489e-02,2.476527e-01
1.639303e-01,1.225646e-02,1.409454e-01,1.144931e-01,1.838257e-03,3.821761e-03,1.149727e-03,4.449926e-03,4.872035e-02,2.304251e-02,2.184289e-02,1.145046e-02,8.254613e-03,2.460928e-02,4.191949e-01
1.148071e-01,9.421011e-03,1.014347e-01,8.259466e-02,1.357111e-03,2.863267e-03,8.160340e-04,3.195920e-03,1.058323e-01,2.117108e-02,6.445584e-02,1.492656e-02,7.865340e-03,3.873468e-02,4.305243e-01
8.043041e-02,7.406889e-03,7.166407e-02,5.929711e-02,1.161707e-03,2.112376e-03,6.218384e-04,2.371507e-03,1.584658e-01,1.873532e-02,8.865982e-02,1.756717e-02,9.047287e-03,1.673823e-01,3.150763e-01
5.643767e-02,5.598911e-03,5.030879e-02,4.334423e-02,1.253954e-03,1.582906e-03,4.647261e-04,1.723077e-03,2.476921e-01,1.421889e-02,1.603737e-01,3.005102e-02,8.692002e-03,1.415898e-01,2.366682e-01
3.957879e-02,3.984909e-03,3.524751e-02,3.108722e-02,1.141976e-03,1.161352e-03,3.747574e-04,1.393644e-03,2.701447e-01,1.012971e-02,2.238708e-01,5.243636e-02,9.548843e-03,1.535031e-01,1.663963e-01
2.776081e-02,2.826764e-03,2.469994e-02,2.236701e-02,2.044933e-03,8.491754e-04,2.745423e-04,1.025810e-03,2.088014e-01,7.293723e-03,4.036129e-01,4.670012e-02,9.154217e-03,1.253291e-01,1.172595e-01
1.945940e-02,1.998815e-03,1.734264e-02,1.577054e-02,3.930438e-03,7.580287e-04,2.257369e-04,7.565160e-04,1.470702e-01,5.304873e-03,5.378672e-01,4.208064e-02,7.648990e-03,1.162673e-01,8.351869e-02
1.374217e-02,2.587136e-03,1.262777e-02,1.113190e-02,1.411333e-02,7.950659e-03,2.131500e-04,6.656863e-04,1.194623e-01,4.570519e-03,4.788042e-01,4.477798e-02,7.248196e-03,2.204182e-01,6.168682e-02
1.003241e-02,2.028969e-03,9.564453e-03,7.939341e-03,1.578640e-02,8.126551e-03,2.533528e-04,1.470294e-03,8.990120e-02,3.582300e-03,4.944229e-01,5.423250e-02,7.125877e-03,2.508002e-01,4.473333e-02
7.298561e-03,2.435406e-03,7.000398e-03,6.020002e-03,1.583810e-02,7.300165e-03,2.483795e-04,1.156601e-03,7.189441e-02,3.500385e-03,5.456498e-01,4.840572e-02,6.099578e-03,2.416115e-01,3.554106e-02
5.897595e-03,6.057829e-03,5.733433e-03,5.342848e-03,2.810630e-02,1.712359e-02,4.329745e-04,1.508011e-03,7.748395e-02,3.519373e-03,4.655674e-01,4.429320e-02,4.699063e-03,3.073528e-01,2.688168e-02
5.820051e-03,5.606360e-02,7.886858e-03,4.947076e-03,2.703873e-02,1.518683e-02,3.999570e-04,3.192830e-03,1.376360e-01,3.430388e-03,4.249455e-01,3.391933e-02,3.411805e-03,2.524948e-01,2.362616e-02
6.475889e-03,4.322439e-02,1.505650e-01,1.886985e-02,2.140893e-02,1.759285e-02,7.203202e-04,2.497208e-02,1.820657e-01,3.534164e-03,3.054121e-01,2.417478e-02,2.673077e-03,1.802398e-01,1.807122e-02
9.603383e-03,3.800773e-02,1.231597e-01,1.911300e-02,1.958850e-02,2.828158e-02,8.098116e-04,1.882924e-02,3.165302e-01,4.881120e-03,2.431764e-01,1.853696e-02,2.246280e-03,1.408839e-01,1.635212e-02
1.439656e-02,3.071106e-02,9.825439e-02,1.623542e-02,1.654256e-02,2.358719e-02,5.827767e-04,1.366436e-02,3.683765e-01,1.706901e-02,2.188093e-01,1.449120e-02,2.329834e-03,1.198801e-01,4.506963e-02
2.261568e-02,2.663955e-02,1.060807e-01,3.971015e-02,2.409739e-02,2.010653e-02,5.356353e-04,1.628071e-02,3.527171e-01,2.454690e-02,1.930368e-01,1.267474e-02,3.145977e-03,8.791645e-02,6.989565e-02
4.559880e-02,2.823400e-02,1.525604e-01,4.157477e-02,2.019750e-02,1.834840e-02,4.988614e-04,1.536665e-02,3.219118e-01,2.899245e-02,1.762456e-01,1.060754e-02,3.705576e-03,7.075703e-02,6.540050e-02
5.100563e-02,4.314150e-02,1.614760e-01,3.395948e-02,1.847603e-02,3.505981e-02,4.208321e-04,1.289399e-02,3.424510e-01,2.800935e-02,1.328079e-01,8.251152e-03,3.404216e-03,6.012479e-02,6.851818e-02
5.314584e-02,3.577784e-02,1.524688e-01,5.467101e-02,2.271980e-02,3.534375e-02,4.505147e-04,1.575127e-02,3.858680e-01,2.719486e-02,9.567544e-02,6.515632e-03,3.209430e-03,4.429445e-02,6.691337e-02
9.328566e-02,3.760226e-02,1.229384e-01,6.558447e-02,3.215133e-02,5.519975e-02,5.680282e-04,1.509685e-02,3.428004e-01,2.417778e-02,7.134749e-02,5.186906e-03,2.857325e-03,3.584551e-02,9.535781e-02
1.026015e-01,3.064851e-02,9.607490e-02,6.095152e-02,4.856256e-02,1.978961e-01,8.278694e-04,1.255615e-02,2.610813e-01,1.821956e-02,5.385401e-02,3.994757e-03,2.858316e-03,2.739563e-02,8.247729e-02
1.012065e-01,7.366525e-02,7.410226e-02,1.440411e-01,6.099926e-02,1.442759e-01,1.947777e-03,1.231767e-02,2.193472e-01,1.369193e-02,3.899310e-02,3.184238e-03,2.539626e-03,1.994382e-02,8.974442e-02
9.517282e-02,8.838786e-02,7.460201e-02,1.592791e-01,7.126500e-02,1.885249e-01,3.285984e-03,1.530961e-02,1.732857e-01,1.026658e-02,2.801334e-02,2.498559e-03,2.339302e-03,1.417424e-02,7.359499e-02
6.788929e-02,6.433437e-02,5.299165e-02,1.135110e-01,5.534965e-02,4.177397e-01,2.420196e-03,1.083452e-02,1.217073e-01,7.942670e-03,1.968615e-02,1.769398e-03,1.680986e-03,9.944933e-03,5.219815e-02
4.769956e-02,4.512018e-02,3.711762e-02,7.949432e-02,3.882855e-02,5.883430e-01,1.699101e-03,7.727103e-03,8.525489e-02,7.951514e-03,1.402761e-02,1.247377e-03,1.184459e-03,7.078563e-03,3.722611e-02
3.412144e-02,3.169388e-02,2.599753e-02,5.580749e-02,2.724498e-02,6.846474e-01,1.218882e-03,5.469901e-03,6.016945e-02,1.884452e-02,1.184773e-02,9.216985e-04,9.130595e-04,5.613902e-03,3.548812e-02
2.570016e-02,2.230407e-02,1.825668e-02,3.936503e-02,1.919189e-02,7.439747e-01,8.756287e-04,4.539190e-03,5.051002e-02,2.771818e-02,1.016933e-02,6.565818e-04,7.249836e-04,4.300706e-03,3.171284e-02
2.013793e-02,1.567775e-02,1.332213e-02,2.936994e-02,1.357976e-02,7.379472e-01,7.370666e-04,3.747069e-03,7.240918e-02,4.541166e-02,8.367983e-03,4.692608e-04,6.628409e-04,3.429011e-03,3.473116e-02
1.549214e-02,1.105015e-02,9.624065e-03,2.132564e-02,9.641051e-03,7.733446e-01,6.515741e-04,2.880478e-03,7.147650e-02,4.394109e-02,6.787665e-03,3.333185e-04,5.650835e-04,2.869205e-03,3.001744e-02
1.488944e-02,7.943022e-03,9.000466e-03,1.675116e-02,7.139485e-03,8.083581e-01,8.932542e-04,2.652467e-03,6.405219e-02,3.430300e-02,5.264124e-03,2.431564e-04,4.972009e-04,2.530321e-03,2.548253e-02
1.592235e-02,5.721495e-03,8.176078e-03,1.603683e-02,5.315592e-03,8.417262e-01,9.515311e-04,2.505668e-03,5.191448e-02,2.505657e-02,4.130419e-03,1.895596e-04,4.752044e-04,2.458144e-03,1.941989e-02
1.616889e-02,4.321811e-03,6.557900e-03,1.204248e-02,3.899106e-03,7.232364e-01,7.961128e-04,2.020097e-03,1.252260e-01,6.328183e-02,5.937968e-03,2.398125e-04,8.499509e-04,8.106620e-03,2.731493e-02
1.207315e-02,3.173459e-03,4.695765e-03,8.527736e-03,2.808573e-03,5.331919e-01,6.646329e-04,1.491497e-03,2.272385e-01,5.236536e-02,1.421006e-02,2.694109e-04,3.344703e-03,1.282742e-02,1.231179e-01
8.791261e-03,2.420641e-03,3.356016e-03,6.076766e-03,2.040676e-03,3.817518e-01,5.581327e-04,1.090155e-03,3.329934e-01,4.789458e-02,2.053589e-02,4.291616e-04,5.197432e-03,1.756564e-02,1.692985e-01
6.272652e-03,1.718831e-03,2.360472e-03,4.337098e-03,1.498416e-03,2.673380e-01,4.092221e-04,7.931382e-04,2.487010e-01,3.796413e-02,1.666635e-02,4.050320e-04,5.492179e-03,1.516795e-02,3.908756e-01
4.673030e-03,1.427736e-03,1.701510e-03,3.208235e-03,1.301541e-03,1.873529e-01,3.198081e-04,6.015013e-04,2.026874e-01,3.643558e-02,1.767761e-02,5.302969e-04,7.796521e-03,1.921610e-02,5.150703e-01
3.496400e-03,1.249603e-03,1.281739e-03,2.775142e-03,2.477809e-03,1.316819e-01,2.784833e-04,4.760791e-04,1.673280e-01,3.150895e-02,1.857648e-02,2.014177e-03,1.541104e-02,2.083941e-02,6.006048e-01
3.374804e-03,1.973816e-03,1.090812e-03,4.474403e-03,2.716914e-03,9.525034e-02,2.515527e-04,4.182503e-04,2.033088e-01,2.430760e-02,2.133252e-02,4.156136e-03,2.611541e-02,1.750817e-02,5.937205e-01
3.031790e-03,3.965130e-03,1.059582e-03,4.098585e-03,3.744512e-03,6.813826e-02,3.406806e-04,5.443950e-04,2.028257e-01,2.001054e-02,2.020366e-02,5.109914e-03,4.729336e-02,1.403917e-02,6.055948e-01
3.907936e-03,4.784478e-03,7.980862e-04,5.647392e-03,3.142393e-03,5.038552e-02,2.590269e-04,4.682213e-04,3.093110e-01,1.939838e-02,2.697157e-02,6.980856e-03,4.858498e-02,1.482763e-02,5.045326e-01
8.353438e-03,4.915652e-03,6.381885e-04,8.740697e-03,3.100703e-03,4.055442e-02,2.218111e-04,4.284364e-04,3.536592e-01,1.708802e-02,6.070736e-02,1.031375e-02,8.524413e-02,1.608108e-02,3.899532e-01
1.246530e-02,4.185296e-03,5.916632e-04,7.777717e-03,2.811696e-03,3.356413e-02,2.097292e-04,5.160710e-04,4.100822e-01,1.656742e-02,1.005474e-01,1.523582e-02,9.184551e-02,2.555692e-02,2.780432e-01
2.434110e-02,4.846447e-03,7.960909e-04,8.386724e-03,3.994218e-03,2.457226e-02,1.773378e-04,4.716851e-04,4.126045e-01,1.889993e-02,1.367891e-01,1.768356e-02,8.847127e-02,5.593412e-02,2.020318e-01
3.109102e-02,4.945450e-03,9.117211e-04,8.980674e-03,3.713124e-03,1.949117e-02,1.500439e-04,4.680615e-04,3.873022e-01,2.338320e-02,1.716437e-01,2.425814e-02,8.869061e-02,7.798964e-02,1.569813e-01
6.349394e-02,4.513636e-03,9.521261e-04,9.692473e-03,4.736062e-03,1.796819e-02,1.852908e-04,7.757893e-04,3.534579e-01,2.912080e-02,1.752218e-01,6.177910e-02,8.476586e-02,7.973779e-02,1.135993e-01
5.741581e-02,5.184522e-03,3.475158e-03,1.406407e-02,1.188237e-02,1.954209e-02,3.368498e-04,2.553796e-02,2.870678e-01,3.140866e-02,2.230700e-01,7.459736e-02,7.628001e-02,8.528329e-02,8.485403e-02
4.328674e-02,4.627625e-03,1.490367e-02,1.313952e-02,1.058395e-02,1.409328e-02,5.537857e-04,2.253320e-01,2.292223e-01,2.363299e-02,1.778132e-01,5.736683e-02,5.836120e-02,6.704796e-02,6.003506e-02
3.427671e-02,4.732339e-03,1.688374e-02,1.527424e-02,9.484513e-03,1.104337e-02,5.880910e-04,4.107303e-01,1.720258e-01,1.771657e-02,1.311448e-01,4.148183e-02,4.233575e-02,4.986079e-02,4.242120e-02
2.585510e-02,4.004608e-03,1.717725e-02,1.249660e-02,8.306036e-03,7.941634e-03,4.687053e-04,5.615991e-01,1.295061e-01,1.267767e-02,9.378466e-02,2.946507e-02,3.040469e-02,3.646060e-02,2.985218e-02
1.909840e-02,3.065257e-03,1.342002e-02,9.108718e-03,6.990104e-03,5.811349e-03,3.404797e-04,6.847591e-01,9.295650e-02,9.098257e-03,6.606036e-02,2.075789e-02,2.138755e-02,2.607471e-02,2.107134e-02
1.429849e-02,2.360938e-03,1.047302e-02,6.837645e-03,6.314306e-03,4.411392e-03,2.667523e-04,7.705896e-01,6.739134e-02,6.624289e-03,4.683383e-02,1.468413e-02,1.516821e-02,1.881168e-02,1.493435e-02
1.217028e-02,1.908665e-03,8.346681e-03,6.323579e-03,6.527895e-03,5.554020e-03,2.527024e-04,8.221114e-01,4.805877e-02,5.112649e-03,3.517975e-02,1.082160e-02,1.199066e-02,1.479840e-02,1.084296e-02
1.278827e-02,3.102462e-03,1.213080e-02,5.897695e-03,8.439414e-03,6.053025e-03,5.544226e-04,8.312271e-01,3.747565e-02,4.879677e-03,3.459272e-02,9.187641e-03,1.204708e-02,1.244853e-02,9.175532e-03
2.260749e-02,6.896691e-03,2.131432e-02,7.432966e-03,1.101604e-02,1.019317e-02,7.500439e-04,7.307854e-01,3.509808e-02,6.458852e-03,6.551531e-02,2.183175e-02,3.888218e-02,1.134645e-02,9.871366e-03
1.747533e-02,9.253189e-03,1.596439e-02,1.068585e-02,8.518441e-03,8.872237e-03,5.707866e-04,6.539479e-01,2.866334e-02,5.172291e-03,1.203588e-01,6.145078e-02,3.429207e-02,1.735124e-02,7.423387e-03
1.273451e-02,8.069532e-03,1.200739e-02,1.090883e-02,6.883348e-03,7.083150e-03,4.700748e-04,4.760966e-01,2.478044e-02,1.087405e-02,2.310694e-01,1.082121e-01,7.025011e-02,1.486957e-02,5.690937e-03
9.173385e-03,6.883846e-03,1.048736e-02,1.215853e-02,5.845664e-03,5.517476e-03,7.157398e-04,3.414149e-01,2.155514e-02,1.236941e-02,2.220969e-01,2.201839e-01,1.128322e-01,1.419484e-02,4.570811e-03
6.760298e-03,5.137456e-03,1.029556e-02,9.639781e-03,5.384210e-03,5.237748e-03,6.057928e-04,2.424133e-01,1.817623e-02,1.271884e-02,1.816456e-01,3.763536e-01,1.028098e-01,1.930947e-02,3.512317e-03
4.955734e-03,3.671862e-03,7.619102e-03,7.590789e-03,4.543906e-03,3.990267e-03,5.497464e-04,1.714352e-01,1.444588e-02,1.356171e-02,1.373398e-01,5.038964e-01,9.747434e-02,2.610445e-02,2.820918e-03
3.677912e-03,2.691131e-03,5.903428e-03,5.602626e-03,6.655210e-03,2.881615e-03,4.576254e-04,1.216466e-01,1.297448e-02,1.317541e-02,1.023571e-01,6.151555e-01,7.759421e-02,2.656478e-02,2.662396e-03
2.967312e-03,2.051478e-03,4.758490e-03,4.302727e-03,8.036411e-03,2.227393e-03,4.432952e-04,8.752122e-02,1.129114e-02,1.535393e-02,7.977215e-02,6.904831e-01,6.114576e-02,2.684721e-02,2.798403e-03
2.273552e-03,1.526627e-03,3.570881e-03,3.187234e-03,1.431282e-02,1.765744e-03,5.244497e-04,6.252528e-02,9.646651e-03,1.398396e-02,6.817053e-02,7.440457e-01,4.655828e-02,2.505476e-02,2.853488e-03
1.755447e-03,1.227662e-03,3.398430e-03,2.379383e-03,4.425496e-02,1.865544e-03,6.950790e-04,4.482533e-02,1.139447e-02,1.122346e-02,5.861684e-02,7.609291e-01,3.430790e-02,2.098010e-02,2.146316e-03
1.408176e-03,9.277840e-04,2.903803e-03,1.886557e-03,1.055087e-01,1.829966e-03,8.178182e-04,3.286530e-02,1.016842e-02,8.305495e-03,4.679406e-02,7.432603e-01,2.546515e-02,1.628383e-02,1.574704e-03
1.371380e-03,9.512958e-04,3.036486e-03,1.449584e-03,1.675054e-01,4.651213e-03,2.984661e-03,2.422260e-02,9.718493e-03,6.344852e-03,5.749140e-02,6.799865e-01,2.539065e-02,1.367856e-02,1.216844e-03
1.164894e-03,8.559725e-04,2.842675e-03,1.051338e-03,2.836904e-01,4.866741e-03,1.074901e-02,1.953764e-02,1.832009e-02,4.823862e-03,4.669922e-02,5.729204e-01,2.052904e-02,1.099436e-02,9.543664e-04
1.294184e-03,1.185754e-03,3.542775e-03,8.402256e-04,4.082534e-01,5.086796e-03,1.410708e-02,1.564658e-02,6.095128e-02,3.490636e-03,3.516548e-02,4.252050e-01,1.638500e-02,8.125520e-03,7.202659e-04
4.364753e-03,1.603876e-03,5.441933e-03,1.154854e-03,4.435739e-01,1.273599e-02,1.324172e-02,3.735105e-02,8.461191e-02,2.961918e-03,4.244939e-02,3.265817e-01,1.652666e-02,6.628260e-03,7.719861e-04
8.241227e-03,1.481070e-03,6.294383e-03,1.698453e-03,5.021806e-01,1.092792e-02,1.611505e-02,3.223076e-02,1.027325e-01,2.988213e-03,4.121710e-02,2.506036e-01,1.712505e-02,5.296265e-03,8.678703e-04
1.429299e-02,1.168312e-03,1.523858e-02,5.704141e-03,3.717411e-01,1.404636e-02,1.199665e-02,2.430646e-01,7.824881e-02,2.236325e-03,3.497771e-02,1.844046e-01,1.815527e-02,3.980665e-03,7.439555e-04
2.505820e-02,1.107339e-03,1.443753e-02,1.134013e-02,3.074004e-01,1.247963e-02,8.768353e-03,3.748884e-01,5.978796e-02,1.719131e-03,2.882263e-02,1.350014e-01,1.508419e-02,2.944415e-03,1.160337e-03
4.029269e-02,1.883521e-03,1.419152e-02,4.874220e-02,2.469049e-01,1.627088e-02,6.953418e-03,4.228131e-01,5.944182e-02,1.589663e-03,2.364618e-02,9.877949e-02,1.384238e-02,2.236792e-03,2.411511e-03
3.783797e-02,2.124546e-03,1.770981e-02,6.187763e-02,1.879120e-01,1.632615e-02,5.324850e-03,5.212289e-01,4.552111e-02,1.381616e-03,1.762873e-02,7.029966e-02,1.062367e-02,1.813508e-03,2.389822e-03
3.827808e-02,2.278727e-03,1.460470e-02,5.029123e-02,1.606418e-01,1.352266e-02,4.194403e-03,6.031357e-01,3.756772e-02,1.075533e-03,1.304757e-02,4.989852e-02,8.182286e-03,1.396464e-03,1.884607e-03
4.722104e-02,2.627511e-03,1.121313e-02,3.803971e-02,1.240546e-01,1.161548e-02,3.225845e-03,6.780858e-01,2.826521e-02,8.485639e-04,9.804857e-03,3.529962e-02,6.601098e-03,1.210825e-03,1.886705e-03
4.620035e-02,3.001246e-03,1.003158e-02,2.933335e-02,9.508725e-02,1.095857e-02,2.782123e-03,7.376162e-01,2.154413e-02,7.352667e-04,7.411025e-03,2.495026e-02,7.649336e-03,1.001063e-03,1.698227e-03
3.871745e-02,2.260602e-03,7.815385e-03,2.135408e-02,7.511534e-02,1.014059e-02,3.005282e-03,7.947364e-01,1.542225e-02,5.460605e-04,5.288374e-03,1.753429e-02,6.009807e-03,7.808459e-04,1.273299e-03
3.636949e-02,1.721471e-03,6.302706e-03,1.568695e-02,5.607206e-02,1.211547e-02,2.805828e-03,8.341209e-01,1.099011e-02,4.559139e-04,3.955784e-03,1.248530e-02,5.208613e-03,7.185511e-04,9.909113e-04
3.578935e-02,1.306657e-03,6.357448e-03,1.296908e-02,4.379160e-02,1.147580e-02,2.431968e-03,8.601206e-01,7.757958e-03,3.603527e-04,3.031846e-03,8.926174e-03,4.284881e-03,5.992399e-04,7.970711e-04
2.978710e-02,1.180777e-03,6.589241e-03,1.091672e-02,3.903895e-02,1.875354e-02,9.567184e-03,8.588712e-01,5.599197e-03,3.606930e-04,2.668032e-03,6.381554e-03,8.945051e-03,4.506962e-04,8.901283e-04
2.364043e-02,1.100021e-03,6.622772e-03,9.068572e-03,3.753214e-02,3.237782e-02,1.275613e-02,8.384398e-01,4.107399e-03,4.694361e-04,3.144823e-03,4.634604e-03,2.436303e-02,3.447604e-04,1.398295e-03
3.283783e-02,1.187718e-03,6.962925e-03,7.104325e-03,3.957379e-02,5.365321e-02,2.332175e-02,7.950367e-01,3.254680e-03,1.035867e-03,3.334724e-03,4.321746e-03,2.643311e-02,3.304831e-04,1.611083e-03
7.549527e-02,3.384668e-03,8.213557e-03,6.311798e-03,7.297838e-02,1.689640e-01,1.944494e-02,6.077138e-01,3.194431e-03,9.546482e-04,3.060180e-03,6.797029e-03,2.101683e-02,5.420642e-04,1.928373e-03
9.686095e-02,4.514695e-03,9.269297e-03,5.281380e-03,8.730894e-02,2.805986e-01,1.704791e-02,4.638098e-01,2.835614e-03,1.001951e-03,2.692782e-03,7.997055e-03,1.744598e-02,9.784076e-04,2.356680e-03
8.781709e-02,4.649302e-03,7.522160e-03,5.178886e-03,7.688498e-02,4.350085e-01,1.269574e-02,3.357407e-01,3.290233e-03,1.391448e-03,2.911510e-03,7.749305e-03,1.559991e-02,1.109819e-03,2.450339e-03
6.573397e-02,3.741432e-03,5.566806e-03,3.915877e-03,5.991416e-02,5.808699e-01,9.094041e-03,2.377439e-01,2.516181e-03,1.250665e-03,3.853292e-03,1.085212e-02,1.203301e-02,9.866596e-04,1.927921e-03
5.781571e-02,3.297808e-03,4.097853e-03,3.073599e-03,4.746382e-02,6.523118e-01,6.687192e-03,1.736414e-01,2.236975e-03,1.470997e-03,7.067923e-03,2.627129e-02,1.142474e-02,1.148668e-03,1.990260e-03
4.267289e-02,2.991787e-03,3.203537e-03,2.304913e-03,3.445001e-02,6.414599e-01,5.266490e-03,1.224458e-01,1.940682e-03,2.692745e-03,3.333572e-02,9.097925e-02,1.239588e-02,2.024971e-03,1.835466e-03
3.256680e-02,2.870690e-03,2.627308e-03,1.766494e-03,2.489104e-02,5.737146e-01,4.049432e-03,8.663704e-02,1.677497e-03,4.030427e-03,8.550022e-02,1.558563e-01,1.694651e-02,5.108875e-03,1.756880e-03
2.324800e-02,2.353311e-03,2.025745e-03,1.363675e-03,1.758336e-02,4.058473e-01,2.899678e-03,6.081313e-02,1.962200e-03,4.179989e-03,2.017435e-01,2.539718e-01,1.324761e-02,7.363241e-03,1.397534e-03
1.695422e-02,1.966070e-03,1.643004e-03,1.028955e-03,1.239129e-02,2.864520e-01,2.082867e-03,4.273304e-02,2.176124e-03,3.372931e-03,2.803765e-01,3.320000e-01,9.561637e-03,6.201945e-03,1.059491e-03
1.200508e-02,8.583998e-03,3.276294e-03,7.726008e-04,9.061445e-03,2.009097e-01,1.480740e-03,3.010152e-02,5.495091e-03,2.472314e-03,3.168046e-01,3.963516e-01,6.750204e-03,5.020613e-03,9.142314e-04
8.420269e-03,6.527161e-03,2.769603e-03,5.772047e-04,6.622212e-03,1.410044e-01,1.076152e-03,2.127615e-02,6.999683e-03,2.030588e-03,4.430963e-01,3.487214e-01,4.814588e-03,5.387759e-03,6.765436e-04
5.995835e-03,5.157503e-03,2.252467e-03,4.365258e-04,4.831063e-03,9.896351e-02,7.959346e-04,1.519327e-02,1.057085e-02,1.848795e-03,5.599217e-01,2.815697e-01,3.630666e-03,8.330939e-03,5.012988e-04
5.531971e-03,5.031714e-03,2.305285e-03,4.018157e-04,3.452309e-03,7.007585e-02,6.016330e-04,1.214587e-02,1.183164e-02,1.713323e-03,6.429889e-01,2.244619e-01,2.953563e-03,1.612194e-02,3.824002e-04
4.613236e-03,4.085021e-03,1.907775e-03,3.978377e-04,2.456762e-03,4.937425e-02,4.405571e-04,9.276970e-03,1.518378e-02,1.361203e-03,7.144831e-01,1.764630e-01,2.259000e-03,1.740017e-02,2.973675e-04
3.596658e-03,6.794560e-03,1.203274e-02,2.219741e-03,2.138758e-03,3.565817e-02,3.387065e-04,1.132943e-02,3.002329e-02,1.396158e-03,7.433301e-01,1.337108e-01,1.673458e-03,1.544923e-02,3.081884e-04
2.956600e-03,6.794672e-03,9.370426e-03,2.004009e-03,4.034447e-03,2.558259e-02,2.566116e-04,8.679827e-03,1.248884e-01,1.326701e-03,6.908244e-01,9.924123e-02,1.353809e-03,2.230632e-02,3.800567e-04
3.165651e-03,9.035860e-03,1.433781e-02,2.730920e-03,7.682386e-03,1.835657e-02,2.208748e-04,6.715002e-03,1.687740e-01,1.330397e-03,6.635451e-01,7.253507e-02,1.072291e-03,3.006870e-02,4.293506e-04
3.545107e-03,8.727041e-03,2.506907e-02,7.686577e-03,1.122578e-02,1.501507e-02,2.064579e-04,7.213620e-03,3.084646e-01,3.317228e-03,5.266398e-01,5.274412e-02,9.478076e-04,2.855836e-02,6.394060e-04
4.061372e-03,9.713420e-03,3.721623e-02,1.527662e-02,1.229645e-02,1.483617e-02,1.835935e-04,7.848299e-03,4.172240e-01,7.574843e-03,4.073719e-01,3.815997e-02,1.041945e-03,2.589838e-02,1.296721e-03
1.751747e-02,1.425583e-02,3.986301e-02,1.522110e-02,1.186243e-02,1.509905e-02,2.193076e-04,9.266201e-03,4.102097e-01,1.383067e-02,3.725385e-01,3.037598e-02,1.505276e-03,4.434915e-02,3.886408e-03
1.355922e-02,1.034194e-02,3.846303e-02,1.069287e-02,8.442608e-03,1.104216e-02,1.617574e-04,6.577173e-03,2.886147e-01,2.894054e-01,2.631025e-01,2.158055e-02,1.298708e-03,3.247051e-02,4.246920e-03
1.230528e-02,8.850059e-03,3.108501e-02,7.793681e-03,6.783612e-03,8.465501e-03,1.392852e-04,4.911697e-03,2.082901e-01,4.750969e-01,1.880563e-01,1.687811e-02,2.864748e-03,2.486243e-02,3.617360e-03
1.097154e-02,6.966771e-03,2.250724e-02,7.559017e-03,5.842617e-03,7.227101e-03,1.372402e-04,4.137671e-03,1.510973e-01,5.994881e-01,1.372749e-01,1.850415e-02,6.009057e-03,1.845756e-02,3.819684e-03
8.681633e-03,5.379456e-03,1.610457e-02,6.384836e-03,5.023479e-03,5.974974e-03,1.079949e-04,3.208155e-03,1.071325e-01,7.037444e-01,9.859121e-02,1.620283e-02,6.881296e-03,1.328702e-02,3.295701e-03
8.788353e-03,5.210515e-03,1.150384e-02,1.283840e-02,6.480823e-03,6.700600e-03,1.416955e-04,6.749907e-03,8.031321e-02,6.468947e-01,8.877529e-02,8.431913e-02,2.685358e-02,1.076695e-02,3.663072e-03
1.009599e-02,8.284431e-03,1.093444e-02,2.664744e-02,8.472059e-03,1.013385e-02,3.221769e-04,1.036818e-02,6.357296e-02,5.858629e-01,1.097407e-01,1.080539e-01,3.445299e-02,9.174373e-03,3.883652e-03
1.214589e-02,7.795223e-03,8.429786e-03,2.738180e-02,1.235395e-02,9.304730e-03,3.226437e-04,8.519454e-03,5.331565e-02,5.744420e-01,1.519061e-01,8.641142e-02,3.264155e-02,1.174892e-02,3.280837e-03
3.578223e-02,1.251029e-02,7.089692e-03,3.066029e-02,9.926082e-03,1.611192e-02,3.183010e-04,6.487104e-03,4.826607e-02,4.914063e-01,1.981643e-01,9.923549e-02,2.735245e-02,1.227367e-02,4.415881e-03
4.151227e-02,2.187373e-02,7.354227e-03,2.803236e-02,1.028605e-02,2.697908e-02,3.941610e-04,7.567193e-03,4.966421e-02,3.926884e-01,2.639344e-01,1.085731e-01,2.275702e-02,1.194406e-02,6.439690e-03
9.406094e-02,2.830672e-02,1.772822e-02,2.762513e-02,1.272311e-02,5.027685e-02,6.966931e-04,7.389305e-03,4.644929e-02,3.537147e-01,2.185741e-01,1.056646e-01,1.856911e-02,1.036012e-02,7.861030e-03
9.171519e-02,2.260846e-02,1.707983e-02,2.132583e-02,9.492271e-03,4.405515e-02,7.459635e-04,6.025219e-03,3.536704e-02,2.626656e-01,3.195725e-01,1.386632e-01,1.489436e-02,9.601047e-03,6.188284e-03
7.986712e-02,1.840705e-02,1.267517e-02,1.784909e-02,7.652406e-03,3.999013e-02,7.416650e-04,4.626817e-03,2.992729e-02,1.895497e-01,3.949035e-01,1.772010e-01,1.311198e-02,7.997241e-03,5.499772e-03
8.406556e-02,1.373853e-02,9.232806e-03,1.497851e-02,5.704868e-03,3.227124e-02,6.450916e-04,3.557729e-03,2.214947e-02,1.339390e-01,4.094453e-01,2.492305e-01,1.016429e-02,6.403728e-03,4.473346e-03
9.521301e-02,1.075423e-02,6.943140e-03,1.204664e-02,4.435011e-03,2.907452e-02,5.205596e-04,2.741732e-03,1.980371e-02,9.492131e-02,3.573604e-01,3.486694e-01,8.028907e-03,5.522474e-03,3.965025e-03
1.058450e-01,1.401189e-02,5.962543e-03,9.531944e-03,4.083103e-03,2.425659e-02,4.583796e-04,2.740497e-03,2.738969e-02,6.777369e-02,3.340275e-01,3.879683e-01,6.866620e-03,5.222945e-03,3.861364e-03
8.094338e-02,1.701164e-02,4.832382e-03,7.006049e-03,5.787176e-03,1.815504e-02,3.548433e-04,2.989614e-03,4.769333e-02,4.833237e-02,3.770184e-01,3.761705e-01,5.323204e-03,5.133368e-03,3.248801e-03
6.431811e-02,1.597486e-02,5.955502e-03,5.531993e-03,1.114722e-02,1.362873e-02,3.308599e-04,1.388061e-02,6.856016e-02,3.513191e-02,3.067188e-01,4.475407e-01,4.467084e-03,4.230758e-03,2.582696e-03
4.776074e-02,1.301543e-02,1.291823e-02,6.585430e-03,3.527343e-02,1.029935e-02,3.870219e-04,5.998979e-02,8.638007e-02,2.502450e-02,2.467715e-01,4.467980e-01,3.600974e-03,3.330009e-03,1.865651e-03
3.592218e-02,1.312863e-02,1.154249e-02,6.061517e-03,3.691887e-02,8.444508e-03,3.997412e-04,7.231735e-02,1.323645e-01,1.839643e-02,2.044785e-01,4.516732e-01,3.651569e-03,3.280432e-03,1.420156e-03
2.684687e-02,1.072736e-02,1.517406e-02,8.952653e-03,9.634140e-02,7.419353e-03,8.722091e-04,2.022011e-01,1.156184e-01,1.298667e-02,1.489978e-01,3.473482e-01,2.945972e-03,2.477362e-03,1.090647e-03
2.100851e-02,9.026247e-03,4.819397e-02,4.818358e-02,8.880855e-02,8.765054e-03,1.073338e-03,2.335446e-01,1.391956e-01,9.506015e-03,1.184868e-01,2.691158e-01,2.349894e-03,1.918795e-03,8.232468e-04
2.439191e-02,1.109117e-02,4.698317e-02,4.398260e-02,1.205574e-01,1.739556e-02,1.131054e-03,1.861355e-01,1.997571e-01,9.479837e-03,1.208711e-01,2.117643e-01,2.973496e-03,2.038012e-03,1.447847e-03
2.704047e-02,1.259823e-02,5.878606e-02,7.626858e-02,1.651499e-01,1.750102e-02,1.869488e-03,1.870260e-01,1.858286e-01,7.662921e-03,9.700583e-02,1.574329e-01,2.761714e-03,1.833289e-03,1.235000e-03
5.093499e-02,1.232530e-02,4.836322e-02,7.573230e-02,1.890810e-01,2.174777e-02,2.090364e-03,1.453353e-01,2.242429e-01,7.872842e-03,9.390200e-02,1.184786e-01,2.872515e-03,5.422786e-03,1.598131e-03
6.645229e-02,1.297056e-02,3.865151e-02,8.011132e-02,2.594609e-01,1.740916e-02,1.669212e-03,1.255082e-01,2.142899e-01,6.430161e-03,8.254379e-02,8.475254e-02,2.321129e-03,6.182200e-03,1.247208e-03
9.034501e-02,1.015535e-02,5.140480e-02,1.720175e-01,2.334574e-01,1.272034e-02,1.572220e-03,1.078151e-01,1.801810e-01,5.969437e-03,6.496395e-02,6.131449e-02,1.896626e-03,5.130076e-03,1.056717e-03
1.305292e-01,8.982649e-03,8.154470e-02,1.870270e-01,1.903619e-01,9.872581e-03,1.827737e-03,8.790424e-02,1.855307e-01,6.692675e-03,5.370077e-02,4.720952e-02,2.077183e-03,5.097756e-03,1.641443e-03
1.162952e-01,6.733700e-03,8.206842e-02,3.580850e-01,1.459590e-01,8.841278e-03,1.357792e-03,6.357580e-02,1.327531e-01,5.269473e-03,3.876478e-02,3.323797e-02,1.654104e-03,4.199762e-03,1.204719e-03
1.969153e-01,1.059819e-02,7.374398e-02,3.565259e-01,1.271713e-01,8.689114e-03,1.596306e-03,5.004284e-02,1.010120e-01,4.642015e-03,3.444802e-02,2.569954e-02,3.029169e-03,3.894947e-03,1.991338e-03
2.125947e-01,9.927565e-03,7.756351e-02,4.276097e-01,1.000387e-01,6.937010e-03,1.355247e-03,3.645672e-02,7.245640e-02,3.562524e-03,2.491019e-02,1.902746e-02,2.717732e-03,2.977512e-03,1.865068e-03
2.061151e-01,9.035874e-03,6.179583e-02,4.820296e-01,8.825284e-02,2.563713e-02,1.335284e-03,3.097804e-02,5.200607e-02,2.925840e-03,1.912276e-02,1.450057e-02,2.375540e-03,2.329726e-03,1.559752e-03
2.515307e-01,1.107845e-02,5.599563e-02,4.351166e-01,9.782402e-02,3.820173e-02,1.579329e-03,3.335947e-02,3.752053e-02,2.973451e-03,1.572186e-02,1.231436e-02,2.655073e-03,2.192389e-03,1.936291e-03
2.691368e-01,1.153826e-02,6.353115e-02,4.475933e-01,7.739207e-02,4.487386e-02,1.416228e-03,2.669262e-02,2.747841e-02,2.934471e-03,1.173799e-02,9.414542e-03,2.511798e-03,1.990906e-03,1.757505e-03
2.403139e-01,1.829588e-02,6.684968e-02,3.599364e-01,6.138954e-02,4.410725e-02,1.356883e-03,2.482944e-02,5.117568e-02,1.589358e-02,4.314219e-02,3.110845e-02,4.368479e-03,2.440801e-02,1.282458e-02
