1.000000e+00,0.000000e+00,0.000000e+00,0.000000e+00,0.000000e+00,0.000000e+00,0.000000e+00,0.000000e+00,0.000000e+00,0.000000e+00,0.000000e+00,0.000000e+00,0.000000e+00,0.000000e+00,0.000000e+00
1.000000e+00,0.000000e+00,0.000000e+00,0.000000e+00,0.000000e+00,0.000000e+00,0.000000e+00,0.000000e+00,0.000000e+00,0.000000e+00,0.000000e+00,0.000000e+00,0.000000e+00,0.000000e+00,0.000000e+00
1.000000e+00,0.000000e+00,0.000000e+00,0.000000e+00,0.000000e+00,0.000000e+00,0.000000e+00,0.000000e+00,0.000000e+00,0.000000e+00,0.000000e+00,0.000000e+00,0.000000e+00,0.000000e+00,0.000000e+00
1.000000e+00,0.000000e+00,0.000000e+00,0.000000e+00,0.000000e+00,0.000000e+00,0.000000e+00,0.000000e+00,0.000000e+00,0.000000e+00,0.000000e+00,0.000000e+00,0.000000e+00,0.000000e+00,0.000000e+00
1.000000e+00,0.000000e+00,0.000000e+00,0.000000e+00,0.000000e+00,0.000000e+00,0.000000e+00,0.000000e+00,0.000000e+00,0.000000e+00,0.000000e+00,0.000000e+00,0.000000e+00,0.000000e+00,0.000000e+00
1.000000e+00,0.000000e+00,0.000000e+00,0.000000e+00,0.000000e+00,0.000000e+00,0.000000e+00,0.000000e+00,0.000000e+00,0.000000e+00,0.000000e+00,0.000000e+00,0.000000e+00,0.000000e+00,0.000000e+00
1.000000e+00,0.000000e+00,0.000000e+00,0.000000e+00,0.000000e+00,0.000000e+00,0.000000e+00,0.000000e+00,0.000000e+00,0.000000e+00,0.000000e+00,0.000000e+00,0.000000e+00,0.000000e+00,0.000000e+00
1.000000e+00,0.000000e+00,0.000000e+00,0.000000e+00,0.000000e+00,0.000000e+00,0.000000e+00,0.000000e+00,0.000000e+00,0.000000e+00,0.000000e+00,0.000000e+00,0.000000e+00,0.000000e+00,0.000000e+00
1.000000e+00,0.000000e+00,0.000000e+00,0.000000e+00,0.000000e+00,0.000000e+00,0.000000e+00,0.000000e+00,0.000000e+00,0.000000e+00,0.000000e+00,0.000000e+00,0.000000e+00,0.000000e+00,0.000000e+00
1.000000e+00,0.000000e+00,0.000000e+00,0.000000e+00,0.000000e+00,0.000000e+00,0.000000e+00,0.000000e+00,0.000000e+00,0.000000e+00,0.000000e+00,0.000000e+00,0.000000e+00,0.000000e+00,0.000000e+00
1.000000e+00,0.000000e+00,0.000000e+00,0.000000e+00,0.000000e+00,0.000000e+00,0.000000e+00,0.000000e+00,0.000000e+00,0.000000e+00,0.000000e+00,0.000000e+00,0.000000e+00,0.000000e+00,0.000000e+00
1.000000e+00,0.000000e+00,0.000000e+00,0.000000e+00,0.000000e+00,0.000000e+00,0.000000e+00,0.000000e+00,0.000000e+00,0.000000e+00,0.000000e+00,0.000000e+00,0.000000e+00,0.000000e+00,0.000000e+00
1.000000e+00,0.000000e+00,0.000000e+00,0.000000e+00,0.000000e+00,0.000000e+00,0.000000e+00,0.000000e+00,0.000000e+00,0.000000e+00,0.000000e+00,0.000000e+00,0.000000e+00,0.000000e+00,0.000000e+00
1.000000e+00,0.000000e+00,0.000000e+00,0.000000e+00,0.000000e+00,0.000000e+00,0.000000e+00,0.000000e+00,0.000000e+00,0.000000e+00,0.000000e+00,0.000000e+00,0.000000e+00,0.000000e+00,0.000000e+00
1.000000e+00,0.000000e+00,0.000000e+00,0.000000e+00,0.000000e+00,0.000000e+00,0.000000e+00,0.000000e+00,0.000000e+00,0.000000e+00,0.000000e+00,0.000000e+00,0.000000e+00,0.000000e+00,0.000000e+00
1.000000e+00,0.000000e+00,0.000000e+00,0.000000e+00,0.000000e+00,0.000000e+00,0.000000e+00,0.000000e+00,0.000000e+00,0.000000e+00,0.000000e+00,0.000000e+00,0.000000e+00,0.000000e+00,0.000000e+00
1.000000e+00,0.000000e+00,0.000000e+00,0.000000e+00,0.000000e+00,0.000000e+00,0.000000e+00,0.000000e+00,0.000000e+00,0.000000e+00,0.000000e+00,0.000000e+00,0.000000e+00,0.000000e+00,0.000000e+00
1.000000e+00,0.000000e+00,0.000000e+00,0.000000e+00,0.000000e+00,0.000000e+00,0.000000e+00,0.000000e+00,0.000000e+00,0.000000e+00,0.000000e+00,0.000000e+00,0.000000e+00,0.000000e+00,0.000000e+00
1.000000e+00,0.000000e+00,0.000000e+00,0.000000e+00,0.000000e+00,0.000000e+00,0.000000e+00,0.000000e+00,0.000000e+00,0.000000e+00,0.000000e+00,0.000000e+00,0.000000e+00,0.000000e+00,0.000000e+00
1.000000e+00,0.000000e+00,0.000000e+00,0.000000e+00,0.000000e+00,0.000000e+00,0.000000e+00,0.000000e+00,0.000000e+00,0.000000e+00,0.000000e+00,0.000000e+00,0.000000e+00,0.000000e+00,0.000000e+00
1.000000e+00,0.000000e+00,0.000000e+00,0.000000e+00,0.000000e+00,0.000000e+00,0.000000e+00,0.000000e+00,0.000000e+00,0.000000e+00,0.000000e+00,0.000000e+00,0.000000e+00,0.000000e+00,0.000000e+00
1.000000e+00,0.000000e+00,0.000000e+00,0.000000e+00,0.000000e+00,0.000000e+00,0.000000e+00,0.000000e+00,0.000000e+00,0.000000e+00,0.000000e+00,0.000000e+00,0.000000e+00,0.000000e+00,0.000000e+00
1.000000e+00,0.000000e+00,0.000000e+00,0.000000e+00,0.000000e+00,0.000000e+00,0.000000e+00,0.000000e+00,0.000000e+00,0.000000e+00,0.000000e+00,0.000000e+00,0.000000e+00,0.000000e+00,0.000000e+00
1.000000e+00,0.000000e+00,0.000000e+00,0.000000e+00,0.000000e+00,0.000000e+00,0.000000e+00,0.000000e+00,0.000000e+00,0.000000e+00,0.000000e+00,0.000000e+00,0.000000e+00,0.000000e+00,0.000000e+00
1.000000e+00,0.000000e+00,0.000000e+00,0.000000e+00,0.000000e+00,0.000000e+00,0.000000e+00,0.000000e+00,0.000000e+00,0.000000e+00,0.000000e+00,0.000000e+00,0.000000e+00,0.000000e+00,0.000000e+00
1.000000e+00,0.000000e+00,0.000000e+00,0.000000e+00,0.000000e+00,0.000000e+00,0.000000e+00,0.000000e+00,0.000000e+00,0.000000e+00,0.000000e+00,0.000000e+00,0.000000e+00,0.000000e+00,0.000000e+00
1.000000e+00,0.000000e+00,0.000000e+00,0.000000e+00,0.000000e+00,0.000000e+00,0.000000e+00,0.000000e+00,0.000000e+00,0.000000e+00,0.000000e+00,0.000000e+00,0.000000e+00,0.000000e+00,0.000000e+00
1.000000e+00,0.000000e+00,0.000000e+00,0.000000e+00,0.000000e+00,0.000000e+00,0.000000e+00,0.000000e+00,0.000000e+00,0.000000e+00,0.000000e+00,0.000000e+00,0.000000e+00,0.000000e+00,0.000000e+00
4.739575e-01,2.583141e-02,1.578236e-02,3.386900e-02,4.374359e-03,2.650443e-02,2.544094e-03,6.448835e-03,2.485152e-02,7.683482e-03,6.864479e-02,1.330185e-02,8.682644e-03,1.220492e-01,1.654746e-01
4.601318e-01,2.528816e-02,1.437473e-02,3.537225e-02,3.888793e-03,2.602254e-02,2.270730e-03,5.927823e-03,2.598004e-02,8.315567e-03,6.552055e-02,1.284616e-02,8.643189e-03,1.260571e-01,1.793606e-01
4.965415e-01,2.549673e-02,1.270326e-02,3.475751e-02,3.737852e-03,2.358454e-02,2.269032e-03,5.512301e-03,2.288784e-02,7.847060e-03,5.666541e-02,1.246186e-02,8.194232e-03,1.163066e-01,1.710343e-01
3.992484e-01,3.698815e-02,3.029974e-02,5.017801e-02,4.159146e-03,2.103550e-02,2.352200e-03,8.617580e-03,3.521954e-02,7.175393e-03,5.520895e-02,1.446934e-02,9.527921e-03,1.268329e-01,1.986872e-01
3.545551e-01,3.813814e-02,5.741884e-02,6.619661e-02,5.390096e-03,1.793465e-02,2.636721e-03,1.077244e-02,3.981422e-02,6.793543e-03,5.010548e-02,1.720844e-02,1.317298e-02,1.177820e-01,2.020806e-01
4.256724e-01,3.472225e-02,4.604762e-02,6.298256e-02,7.643651e-03,1.669283e-02,2.654936e-03,9.729419e-03,3.655018e-02,5.912616e-03,5.590983e-02,2.010380e-02,1.498900e-02,9.665285e-02,1.637361e-01
4.909829e-01,3.071887e-02,3.623260e-02,5.447969e-02,8.233313e-03,1.833597e-02,2.764060e-03,8.905254e-03,3.079303e-02,5.578901e-03,5.226701e-02,2.312750e-02,1.631281e-02,8.047739e-02,1.407906e-01
4.930246e-01,3.244626e-02,3.766393e-02,6.282625e-02,8.948623e-03,2.224031e-02,3.696600e-03,1.402189e-02,3.125385e-02,5.973825e-03,5.230435e-02,2.613018e-02,1.813258e-02,6.542794e-02,1.259088e-01
4.340702e-01,3.459609e-02,9.437385e-02,8.898538e-02,9.374677e-03,2.283368e-02,4.249429e-03,1.816998e-02,2.848323e-02,6.164021e-03,4.996505e-02,2.956908e-02,1.731954e-02,4.934499e-02,1.125008e-01
1.000000e+00,0.000000e+00,0.000000e+00,0.000000e+00,0.000000e+00,0.000000e+00,0.000000e+00,0.000000e+00,0.000000e+00,0.000000e+00,0.000000e+00,0.000000e+00,0.000000e+00,0.000000e+00,0.000000e+00
1.000000e+00,0.000000e+00,0.000000e+00,0.000000e+00,0.000000e+00,0.000000e+00,0.000000e+00,0.000000e+00,0.000000e+00,0.000000e+00,0.000000e+00,0.000000e+00,0.000000e+00,0.000000e+00,0.000000e+00
1.000000e+00,0.000000e+00,0.000000e+00,0.000000e+00,0.000000e+00,0.000000e+00,0.000000e+00,0.000000e+00,0.000000e+00,0.000000e+00,0.000000e+00,0.000000e+00,0.000000e+00,0.000000e+00,0.000000e+00
1.000000e+00,0.000000e+00,0.000000e+00,0.000000e+00,0.000000e+00,0.000000e+00,0.000000e+00,0.000000e+00,0.000000e+00,0.000000e+00,0.000000e+00,0.000000e+00,0.000000e+00,0.000000e+00,0.000000e+00
1.000000e+00,0.000000e+00,0.000000e+00,0.000000e+00,0.000000e+00,0.000000e+00,0.000000e+00,0.000000e+00,0.000000e+00,0.000000e+00,0.000000e+00,0.000000e+00,0.000000e+00,0.000000e+00,0.000000e+00
1.000000e+00,0.000000e+00,0.000000e+00,0.000000e+00,0.000000e+00,0.000000e+00,0.000000e+00,0.000000e+00,0.000000e+00,0.000000e+00,0.000000e+00,0.000000e+00,0.000000e+00,0.000000e+00,0.000000e+00
1.000000e+00,0.000000e+00,0.000000e+00,0.000000e+00,0.000000e+00,0.000000e+00,0.000000e+00,0.000000e+00,0.000000e+00,0.000000e+00,0.000000e+00,0.000000e+00,0.000000e+00,0.000000e+00,0.000000e+00
1.000000e+00,0.000000e+00,0.000000e+00,0.000000e+00,0.000000e+00,0.000000e+00,0.000000e+00,0.000000e+00,0.000000e+00,0.000000e+00,0.000000e+00,0.000000e+00,0.000000e+00,0.000000e+00,0.000000e+00
1.000000e+00,0.000000e+00,0.000000e+00,0.000000e+00,0.000000e+00,0.000000e+00,0.000000e+00,0.000000e+00,0.000000e+00,0.000000e+00,0.000000e+00,0.000000e+00,0.000000e+00,0.000000e+00,0.000000e+00
1.000000e+00,0.000000e+00,0.000000e+00,0.000000e+00,0.000000e+00,0.000000e+00,0.000000e+00,0.000000e+00,0.000000e+00,0.000000e+00,0.000000e+00,0.000000e+00,0.000000e+00,0.000000e+00,0.000000e+00
1.000000e+00,0.000000e+00,0.000000e+00,0.000000e+00,0.000000e+00,0.000000e+00,0.000000e+00,0.000000e+00,0.000000e+00,0.000000e+00,0.000000e+00,0.000000e+00,0.000000e+00,0.000000e+00,0.000000e+00
1.000000e+00,0.000000e+00,0.000000e+00,0.000000e+00,0.000000e+00,0.000000e+00,0.000000e+00,0.000000e+00,0.000000e+00,0.000000e+00,0.000000e+00,0.000000e+00,0.000000e+00,0.000000e+00,0.000000e+00
1.000000e+00,0.000000e+00,0.000000e+00,0.000000e+00,0.000000e+00,0.000000e+00,0.000000e+00,0.000000e+00,0.000000e+00,0.000000e+00,0.000000e+00,0.000000e+00,0.000000e+00,0.000000e+00,0.000000e+00
1.000000e+00,0.000000e+00,0.000000e+00,0.000000e+00,0.000000e+00,0.000000e+00,0.000000e+00,0.000000e+00,0.000000e+00,0.000000e+00,0.000000e+00,0.000000e+00,0.000000e+00,0.000000e+00,0.000000e+00
1.000000e+00,0.000000e+00,0.000000e+00,0.000000e+00,0.000000e+00,0.000000e+00,0.000000e+00,0.000000e+00,0.000000e+00,0.000000e+00,0.000000e+00,0.000000e+00,0.000000e+00,0.000000e+00,0.000000e+00
1.000000e+00,0.000000e+00,0.000000e+00,0.000000e+00,0.000000e+00,0.000000e+00,0.000000e+00,0.000000e+00,0.000000e+00,0.000000e+00,0.000000e+00,0.000000e+00,0.000000e+00,0.000000e+00,0.000000e+00
1.000000e+00,0.000000e+00,0.000000e+00,0.000000e+00,0.000000e+00,0.000000e+00,0.000000e+00,0.000000e+00,0.000000e+00,0.000000e+00,0.000000e+00,0.000000e+00,0.000000e+00,0.000000e+00,0.000000e+00
1.000000e+00,0.000000e+00,0.000000e+00,0.000000e+00,0.000000e+00,0.000000e+00,0.000000e+00,0.000000e+00,0.000000e+00,0.000000e+00,0.000000e+00,0.000000e+00,0.000000e+00,0.000000e+00,0.000000e+00
1.000000e+00,0.000000e+00,0.000000e+00,0.000000e+00,0.000000e+00,0.000000e+00,0.000000e+00,0.000000e+00,0.000000e+00,0.000000e+00,0.000000e+00,0.000000e+00,0.000000e+00,0.000000e+00,0.000000e+00
1.000000e+00,0.000000e+00,0.000000e+00,0.000000e+00,0.000000e+00,0.000000e+00,0.000000e+00,0.000000e+00,0.000000e+00,0.000000e+00,0.000000e+00,0.000000e+00,0.000000e+00,0.000000e+00,0.000000e+00
1.000000e+00,0.000000e+00,0.000000e+00,0.000000e+00,0.000000e+00,0.000000e+00,0.000000e+00,0.000000e+00,0.000000e+00,0.000000e+00,0.000000e+00,0.000000e+00,0.000000e+00,0.000000e+00,0.000000e+00
1.000000e+00,0.000000e+00,0.000000e+00,0.000000e+00,0.000000e+00,0.000000e+00,0.000000e+00,0.000000e+00,0.000000e+00,0.000000e+00,0.000000e+00,0.000000e+00,0.000000e+00,0.000000e+00,0.000000e+00
1.000000e+00,0.000000e+00,0.000000e+00,0.000000e+00,0.000000e+00,0.000000e+00,0.000000e+00,0.000000e+00,0.000000e+00,0.000000e+00,0.000000e+00,0.000000e+00,0.000000e+00,0.000000e+00,0.000000e+00
1.000000e+00,0.000000e+00,0.000000e+00,0.000000e+00,0.000000e+00,0.000000e+00,0.000000e+00,0.000000e+00,0.000000e+00,0.000000e+00,0.000000e+00,0.000000e+00,0.000000e+00,0.000000e+00,0.000000e+00
1.000000e+00,0.000000e+00,0.000000e+00,0.000000e+00,0.000000e+00,0.000000e+00,0.000000e+00,0.000000e+00,0.000000e+00,0.000000e+00,0.000000e+00,0.000000e+00,0.000000e+00,0.000000e+00,0.000000e+00
1.000000e+00,0.000000e+00,0.000000e+00,0.000000e+00,0.000000e+00,0.000000e+00,0.000000e+00,0.000000e+00,0.000000e+00,0.000000e+00,0.000000e+00,0.000000e+00,0.000000e+00,0.000000e+00,0.000000e+00
1.000000e+00,0.000000e+00,0.000000e+00,0.000000e+00,0.000000e+00,0.000000e+00,0.000000e+00,0.000000e+00,0.000000e+00,0.000000e+00,0.000000e+00,0.000000e+00,0.000000e+00,0.000000e+00,0.000000e+00
1.000000e+00,0.000000e+00,0.000000e+00,0.000000e+00,0.000000e+00,0.000000e+00,0.000000e+00,0.000000e+00,0.000000e+00,0.000000e+00,0.000000e+00,0.000000e+00,0.000000e+00,0.000000e+00,0.000000e+00
1.000000e+00,0.000000e+00,0.000000e+00,0.000000e+00,0.000000e+00,0.000000e+00,0.000000e+00,0.000000e+00,0.000000e+00,0.000000e+00,0.000000e+00,0.000000e+00,0.000000e+00,0.000000e+00,0.000000e+00
1.000000e+00,0.000000e+00,0.000000e+00,0.000000e+00,0.000000e+00,0.000000e+00,0.000000e+00,0.000000e+00,0.000000e+00,0.000000e+00,0.000000e+00,0.000000e+00,0.000000e+00,0.000000e+00,0.000000e+00
1.000000e+00,0.000000e+00,0.000000e+00,0.000000e+00,0.000000e+00,0.000000e+00,0.000000e+00,0.000000e+00,0.000000e+00,0.000000e+00,0.000000e+00,0.000000e+00,0.000000e+00,0.000000e+00,0.000000e+00
1.000000e+00,0.000000e+00,0.000000e+00,0.000000e+00,0.000000e+00,0.000000e+00,0.000000e+00,0.000000e+00,0.000000e+00,0.000000e+00,0.000000e+00,0.000000e+00,0.000000e+00,0.000000e+00,0.000000e+00
4.978434e-01,2.354876e-02,1.228162e-01,1.509903e-01,4.562662e-03,1.056516e-02,2.738177e-03,1.113724e-02,7.473933e-03,3.573229e-03,8.240265e-03,1.514778e-02,1.301444e-02,4.069064e-03,1.242794e-01
3.682909e-01,2.287340e-02,1.676729e-01,1.192688e-01,4.145244e-03,9.071286e-03,2.342992e-03,1.027812e-02,1.195002e-02,5.909646e-03,9.211170e-03,1.279437e-02,1.138342e-02,1.937454e-02,2.254331e-01
2.749582e-01,2.968459e-02,1.830939e-01,8.868971e-02,3.751696e-03,1.380131e-02,1.962110e-03,8.052448e-03,2.274201e-02,7.779709e-03,1.559415e-02,1.003836e-02,8.885428e-03,3.002469e-02,3.009417e-01
1.941494e-01,2.561414e-02,1.304136e-01,6.484291e-02,2.805866e-03,1.051703e-02,1.403789e-03,5.841443e-03,7.028082e-02,6.621921e-03,1.252228e-01,1.030633e-02,7.192079e-03,5.172333e-02,2.930646e-01
1.363382e-01,2.025597e-02,9.428803e-02,4.697995e-02,2.100785e-03,7.564492e-03,1.020268e-03,4.312567e-03,1.360456e-01,5.721157e-03,1.950149e-01,1.107250e-02,5.808264e-03,7.072528e-02,2.627520e-01
9.547593e-02,1.425928e-02,6.606600e-02,3.304751e-02,2.035216e-03,5.322748e-03,7.243727e-04,3.114900e-03,1.056748e-01,4.423358e-03,4.067602e-01,9.801731e-03,4.655409e-03,6.011036e-02,1.885283e-01
6.688875e-02,1.001570e-02,4.626336e-02,2.349344e-02,2.788021e-03,3.829615e-03,5.529306e-04,2.291367e-03,8.169892e-02,3.426037e-03,5.185497e-01,4.975504e-02,4.094447e-03,5.361271e-02,1.327400e-01
4.684256e-02,7.120081e-03,3.242034e-02,1.652185e-02,7.531751e-03,2.769394e-03,4.555907e-04,1.848054e-03,7.060257e-02,2.652858e-03,5.877517e-01,7.747183e-02,3.691822e-03,4.911979e-02,9.319978e-02
3.284778e-02,5.012001e-03,2.270788e-02,1.191308e-02,8.480690e-03,2.315913e-03,3.332733e-04,1.324759e-03,5.097686e-02,1.989884e-03,6.516163e-01,7.554349e-02,3.464703e-03,6.573259e-02,6.574085e-02
2.305645e-02,3.540247e-03,1.594213e-02,8.552430e-03,8.652152e-03,2.150998e-03,2.881243e-04,9.615484e-04,3.784837e-02,1.708529e-03,6.604319e-01,1.042036e-01,3.248563e-03,8.313839e-02,4.627660e-02
1.630909e-02,4.948423e-03,1.308859e-02,6.130470e-03,2.859436e-02,4.704465e-03,4.396716e-04,1.116469e-03,3.474109e-02,2.330475e-03,6.116608e-01,1.037108e-01,3.913005e-03,1.343644e-01,3.394783e-02
1.382010e-02,3.975174e-03,1.009441e-02,4.929082e-03,2.384391e-02,8.171395e-03,4.737744e-04,2.334024e-03,3.103740e-02,2.412083e-03,6.387113e-01,7.752287e-02,3.910684e-03,1.534521e-01,2.531163e-02
1.558612e-02,6.687937e-03,1.019033e-02,5.749133e-03,2.012031e-02,1.055490e-02,1.273149e-03,8.292371e-03,5.866863e-02,4.599984e-03,5.999743e-01,6.158561e-02,3.583286e-03,1.740373e-01,1.909660e-02
1.432243e-02,1.404222e-02,9.457185e-03,6.884234e-03,1.893123e-02,1.886489e-02,2.348607e-03,8.629387e-03,7.246314e-02,9.425513e-03,5.714781e-01,4.683944e-02,3.061587e-03,1.856822e-01,1.756977e-02
2.430715e-02,1.730435e-02,1.136895e-02,7.958652e-03,3.337428e-02,4.175074e-02,2.283568e-03,1.041918e-02,7.197925e-02,1.073878e-02,5.174072e-01,3.754860e-02,2.589051e-03,1.974069e-01,1.356341e-02
3.002325e-02,2.991977e-02,1.089148e-02,7.406541e-03,3.655601e-02,6.875954e-02,1.725896e-03,9.915275e-03,1.479856e-01,1.921237e-02,4.341513e-01,3.085569e-02,2.230045e-03,1.540579e-01,1.630941e-02
2.140787e-02,2.603868e-02,3.047768e-02,2.062204e-02,2.854031e-02,5.234870e-02,1.284174e-03,7.458176e-03,3.036375e-01,2.268139e-02,3.082150e-01,2.240836e-02,5.086416e-03,1.086441e-01,4.114958e-02
2.048027e-02,2.856478e-02,3.499090e-02,2.462997e-02,3.182655e-02,1.237587e-01,2.042154e-03,7.995117e-03,2.747276e-01,3.039852e-02,2.570263e-01,2.523202e-02,1.039118e-02,8.444407e-02,4.349186e-02
1.887419e-02,2.784722e-02,3.187807e-02,5.538787e-02,4.201991e-02,1.710134e-01,2.101836e-03,9.579381e-03,2.849645e-01,3.306976e-02,1.880645e-01,1.931497e-02,9.356760e-03,6.325287e-02,4.327477e-02
1.588656e-02,2.582049e-02,2.709620e-02,5.086151e-02,3.996507e-02,2.294301e-01,1.801223e-03,7.608564e-03,2.911146e-01,3.715856e-02,1.350105e-01,1.429549e-02,7.721602e-03,4.685452e-02,6.937502e-02
1.348838e-02,2.308354e-02,2.099912e-02,4.395909e-02,3.484558e-02,2.635350e-01,1.403382e-03,7.960534e-03,3.203480e-01,3.866692e-02,9.846147e-02,1.056459e-02,6.196136e-03,3.398577e-02,8.250246e-02
1.873476e-02,2.178209e-02,1.829358e-02,6.214839e-02,7.186882e-02,2.999587e-01,2.120211e-03,1.718413e-02,2.859454e-01,2.863314e-02,6.998084e-02,8.088467e-03,4.887157e-03,2.445116e-02,6.592317e-02
4.026447e-02,2.325610e-02,1.406383e-02,7.488103e-02,1.312865e-01,3.256119e-01,3.610367e-03,1.553845e-02,2.252590e-01,2.025168e-02,4.992177e-02,5.922872e-03,3.832867e-03,1.762019e-02,4.867900e-02
4.271944e-02,4.384840e-02,1.377504e-02,1.301585e-01,1.433049e-01,2.934439e-01,4.468052e-03,1.328293e-02,1.837575e-01,1.533024e-02,3.554498e-02,4.277802e-03,3.008008e-03,1.247977e-02,6.060053e-02
7.284974e-02,4.875253e-02,1.277187e-02,1.329561e-01,1.401443e-01,3.224244e-01,5.288560e-03,1.010089e-02,1.454790e-01,1.132825e-02,2.644646e-02,3.377438e-03,2.643758e-03,9.067647e-03,5.636902e-02
5.466659e-02,3.534006e-02,9.109581e-03,9.538709e-02,1.022207e-01,5.095599e-01,3.867449e-03,7.139329e-03,1.035003e-01,8.894915e-03,1.879594e-02,2.407811e-03,1.954350e-03,6.421571e-03,4.073447e-02
4.089368e-02,2.519199e-02,6.569355e-03,6.775286e-02,7.244606e-02,6.402117e-01,2.780666e-03,6.059323e-03,7.346877e-02,1.225545e-02,1.424303e-02,1.743337e-03,1.430117e-03,4.955864e-03,2.999782e-02
2.975492e-02,1.781182e-02,4.616684e-03,4.768630e-02,5.084882e-02,7.182783e-01,1.963800e-03,4.616359e-03,5.362760e-02,2.093729e-02,1.178462e-02,1.250891e-03,1.070034e-03,4.059860e-03,3.169278e-02
2.387477e-02,1.260823e-02,3.427207e-03,3.404821e-02,3.572660e-02,7.396452e-01,1.480230e-03,1.475432e-02,4.234821e-02,4.755566e-02,1.084454e-02,8.999191e-04,9.008093e-04,3.324933e-03,2.856122e-02
1.784575e-02,9.009264e-03,2.506287e-03,2.435903e-02,2.508442e-02,7.546294e-01,1.058183e-03,1.132232e-02,3.130102e-02,8.770216e-02,8.235422e-03,6.355803e-04,6.784371e-04,2.491589e-03,2.314118e-02
1.317991e-02,6.484134e-03,2.151756e-03,1.756355e-02,1.769747e-02,7.283957e-01,7.988282e-04,8.303503e-03,2.629101e-02,1.449805e-01,6.476094e-03,4.487979e-04,5.265980e-04,2.060369e-03,2.464192e-02
1.075278e-02,4.796730e-03,7.160391e-03,2.011411e-02,1.268315e-02,7.564200e-01,6.442984e-04,7.139555e-03,2.588082e-02,1.253723e-01,4.859616e-03,3.197322e-04,4.171433e-04,1.546803e-03,2.189260e-02
1.116399e-02,3.836890e-03,9.385778e-03,2.059749e-02,9.449956e-03,7.892693e-01,6.307645e-04,5.643339e-03,2.442308e-02,1.024491e-01,4.009109e-03,2.439474e-04,3.480022e-04,1.324015e-03,1.722520e-02
1.658261e-02,3.367143e-03,9.967792e-03,2.253945e-02,7.430468e-03,7.550870e-01,8.067280e-04,5.445373e-03,4.745672e-02,9.982674e-02,5.305952e-03,2.688492e-04,1.427933e-03,4.441259e-03,2.004600e-02
1.215310e-02,2.671482e-03,7.130586e-03,1.587102e-02,5.353593e-03,7.034426e-01,6.284992e-04,3.918900e-03,9.876370e-02,8.261488e-02,1.163921e-02,3.077929e-04,1.917277e-03,6.111461e-03,4.747587e-02
8.715237e-03,2.383991e-03,5.061626e-03,1.156619e-02,4.150345e-03,5.236377e-01,4.926421e-04,2.820404e-03,2.567629e-01,6.889454e-02,2.452546e-02,1.013785e-03,5.255029e-03,7.616559e-03,7.710360e-02
6.224381e-03,2.216101e-03,3.591396e-03,8.166515e-03,3.028658e-03,3.668711e-01,3.552889e-04,1.993967e-03,2.807211e-01,5.694322e-02,2.602586e-02,8.522818e-04,4.693571e-03,7.089444e-03,2.312271e-01
4.608475e-03,2.070837e-03,2.640781e-03,5.803309e-03,2.919339e-03,2.594540e-01,3.282771e-04,1.535081e-03,2.192880e-01,5.828782e-02,3.190665e-02,1.301219e-03,5.937682e-03,1.836403e-02,3.855545e-01
3.314240e-03,1.587667e-03,1.906761e-03,4.108677e-03,2.486319e-03,1.822723e-01,3.277892e-04,1.122013e-03,1.712467e-01,4.692550e-02,3.598206e-02,1.663585e-03,7.227857e-03,3.133969e-02,5.084888e-01
2.337333e-03,1.253520e-03,1.349604e-03,2.886419e-03,2.140078e-03,1.283557e-01,3.156044e-04,8.098962e-04,1.707242e-01,3.758629e-02,4.009109e-02,3.401244e-03,3.835414e-02,5.303020e-02,5.173646e-01
1.861813e-03,1.376745e-03,1.008170e-03,2.058699e-03,1.910606e-03,9.038218e-02,2.748300e-04,6.217578e-04,1.979123e-01,2.829606e-02,3.401816e-02,3.135401e-03,3.907684e-02,6.328329e-02,5.347832e-01
2.768270e-03,1.263280e-03,7.562111e-04,1.640077e-03,2.100000e-03,6.575963e-02,2.997542e-04,6.549609e-04,2.848709e-01,2.093817e-02,3.650904e-02,3.378665e-03,3.113871e-02,6.297264e-02,4.849497e-01
4.374623e-03,1.331307e-03,1.030675e-03,1.786102e-03,3.106778e-03,4.981764e-02,4.218008e-04,1.308524e-03,3.667415e-01,2.068812e-02,5.649669e-02,6.046511e-03,3.936560e-02,4.992710e-02,3.975571e-01
7.115591e-03,2.008662e-03,1.445411e-03,1.737675e-03,2.707192e-03,3.809969e-02,4.817706e-04,1.056120e-03,3.877403e-01,2.585392e-02,7.870878e-02,1.355537e-02,4.912460e-02,4.728436e-02,3.430806e-01
5.535929e-03,2.179709e-03,1.841256e-03,1.376434e-03,2.668876e-03,2.718812e-02,4.579852e-04,8.411157e-04,2.814810e-01,2.179294e-02,1.772758e-01,1.422097e-02,6.036886e-02,4.113286e-02,3.616383e-01
5.013487e-03,1.920064e-03,2.044617e-03,1.174082e-03,2.190094e-03,1.960371e-02,3.660627e-04,6.835107e-04,2.096227e-01,3.348341e-02,1.506799e-01,1.153724e-02,4.789355e-02,9.496340e-02,4.188243e-01
4.505283e-03,2.053078e-03,6.191461e-03,2.347302e-03,2.383347e-03,1.672925e-02,4.680856e-04,8.269455e-04,1.651831e-01,2.923494e-02,1.346402e-01,1.189783e-02,3.648193e-02,2.246971e-01,3.623601e-01
3.466474e-03,1.953865e-03,1.493895e-02,2.551328e-03,2.484338e-03,1.292364e-02,5.374864e-04,2.375767e-03,1.220452e-01,2.294783e-02,1.301742e-01,1.027088e-02,2.730378e-02,3.491164e-01,2.969099e-01
2.761754e-03,2.255871e-03,1.644522e-02,3.112134e-03,2.425223e-03,1.056328e-02,8.717890e-04,1.042855e-02,9.198464e-02,1.724201e-02,1.027711e-01,8.551091e-03,2.071333e-02,4.957770e-01,2.140970e-01
2.452804e-03,1.865272e-03,1.763319e-02,3.477312e-03,2.267948e-03,8.730482e-03,1.406660e-03,5.808401e-02,6.932023e-02,1.286826e-02,7.731990e-02,6.893085e-03,1.572900e-02,5.669788e-01,1.549731e-01
2.128607e-03,1.471725e-03,2.976975e-02,7.009451e-03,2.826557e-03,6.399075e-03,2.222759e-03,2.463387e-01,5.318993e-02,9.330682e-03,5.651209e-02,5.189610e-03,1.181542e-02,4.541335e-01,1.116623e-01
2.006770e-03,1.141925e-03,5.034709e-02,6.393404e-03,3.198011e-03,4.714849e-03,9.030472e-03,4.171539e-01,4.224541e-02,7.432161e-03,4.109170e-02,3.746277e-03,1.015913e-02,3.216270e-01,7.971204e-02
1.994320e-03,8.645042e-04,4.258997e-02,4.899800e-03,3.278141e-03,3.504694e-03,1.061157e-02,5.707117e-01,3.043372e-02,5.689262e-03,2.971346e-02,2.670101e-03,7.836237e-03,2.284752e-01,5.672743e-02
1.925009e-03,7.071963e-04,3.597670e-02,3.653515e-03,4.949861e-03,2.763303e-03,7.020703e-02,6.148505e-01,2.186315e-02,5.177452e-03,2.140942e-02,1.887880e-03,1.161834e-02,1.613047e-01,4.170609e-02
2.059990e-03,6.232983e-04,2.937509e-02,3.014281e-03,6.475294e-03,2.135380e-03,1.021321e-01,6.536249e-01,1.636652e-02,4.304440e-03,1.560346e-02,1.337527e-03,1.615997e-02,1.149369e-01,3.185094e-02
2.326023e-03,6.065446e-04,2.816462e-02,2.425260e-03,9.389227e-03,1.708242e-03,1.346646e-01,6.711095e-01,1.263030e-02,3.617554e-03,1.193064e-02,9.580961e-04,1.437069e-02,8.232205e-02,2.377673e-02
2.795815e-03,8.499750e-04,3.187996e-02,2.092031e-03,9.732316e-03,1.452330e-03,1.761044e-01,6.548427e-01,1.164553e-02,4.117100e-03,8.949824e-03,7.311708e-04,1.735828e-02,5.898692e-02,1.846171e-02
3.100163e-03,1.227237e-03,3.755309e-02,1.886962e-03,8.390045e-03,1.528406e-03,3.018810e-01,5.203227e-01,1.038814e-02,4.556851e-03,6.426493e-03,5.616493e-04,4.237537e-02,4.172568e-02,1.807626e-02
6.618618e-03,1.719579e-03,3.715090e-02,1.962862e-03,9.782715e-03,2.479127e-03,4.128248e-01,3.892298e-01,1.459509e-02,5.843169e-03,5.495186e-03,5.640052e-04,5.265322e-02,3.032088e-02,2.876003e-02
1.475455e-02,2.925025e-03,4.741498e-02,3.103213e-03,1.580535e-02,3.595438e-03,4.826916e-01,2.932386e-01,2.420961e-02,7.203021e-03,4.826309e-03,5.565766e-04,4.529450e-02,2.300911e-02,3.137219e-02
2.650271e-02,3.561287e-03,4.033514e-02,3.423483e-03,1.414057e-02,5.011036e-03,5.625860e-01,2.171229e-01,2.999487e-02,6.860429e-03,3.958050e-03,6.716235e-04,3.932863e-02,1.716732e-02,2.933592e-02
3.744458e-02,5.966713e-03,4.217222e-02,3.610082e-03,1.965600e-02,5.945916e-03,5.825220e-01,1.623549e-01,4.596956e-02,7.531905e-03,4.190736e-03,8.962044e-04,4.060671e-02,1.341893e-02,2.771346e-02
4.238887e-02,8.963907e-03,3.167570e-02,4.463355e-03,3.209136e-02,1.420757e-02,4.954072e-01,1.221936e-01,5.338531e-02,1.114185e-02,3.040987e-02,3.459911e-03,7.323272e-02,1.064121e-02,6.633761e-02
4.297987e-02,7.841262e-03,2.290545e-02,6.432315e-03,2.672018e-02,1.781351e-02,5.045912e-01,8.728953e-02,4.164024e-02,1.085778e-02,5.425422e-02,2.833615e-02,8.348142e-02,9.403378e-03,5.545349e-02
3.914694e-02,5.792485e-03,1.642210e-02,6.490297e-03,2.200196e-02,1.637919e-02,4.932397e-01,6.252848e-02,3.321600e-02,1.118813e-02,5.085001e-02,2.813391e-02,1.319750e-01,8.775276e-03,7.386059e-02
2.948535e-02,4.271098e-03,1.184641e-02,4.889775e-03,1.954287e-02,1.205259e-02,4.451689e-01,4.404169e-02,2.697228e-02,1.575283e-02,4.608387e-02,3.109534e-02,1.534064e-01,1.203423e-02,1.433564e-01
2.107598e-02,3.141744e-03,8.539373e-03,3.527101e-03,1.473960e-02,8.891817e-03,3.379775e-01,3.102393e-02,2.554520e-02,1.338837e-02,6.421188e-02,3.936180e-02,1.914425e-01,2.045406e-02,2.166792e-01
1.523808e-02,2.818694e-03,6.395064e-03,2.515707e-03,1.105291e-02,6.502910e-03,2.764864e-01,2.190708e-02,2.056465e-02,1.015717e-02,5.101276e-02,9.029363e-02,3.102987e-01,1.913553e-02,1.556208e-01
1.094647e-02,3.788166e-03,4.714185e-03,1.797446e-03,8.727604e-03,5.217792e-03,2.035566e-01,1.574128e-02,1.757795e-02,8.756966e-03,4.353755e-02,1.736855e-01,3.671651e-01,2.312802e-02,1.116594e-01
8.205856e-03,5.778954e-03,3.947982e-03,1.394183e-03,7.250295e-03,4.355961e-03,1.479074e-01,1.185455e-02,2.386886e-02,1.083594e-02,4.068020e-02,2.234362e-01,3.934852e-01,3.350084e-02,8.349762e-02
6.116549e-03,2.390365e-02,3.302190e-03,1.023744e-03,5.837022e-03,3.455509e-03,1.070233e-01,8.484736e-03,2.830545e-02,1.345850e-02,8.586083e-02,2.349812e-01,3.331008e-01,8.343714e-02,6.170944e-02
5.255678e-03,2.394023e-02,2.663692e-03,1.079536e-03,6.447210e-03,3.062445e-03,7.832830e-02,6.165705e-03,4.419972e-02,2.176647e-02,1.255465e-01,2.734486e-01,2.467602e-01,9.754371e-02,6.379192e-02
4.784145e-03,2.196265e-02,2.432608e-03,1.208341e-03,7.215070e-03,2.874999e-03,5.653446e-02,4.684977e-03,5.735872e-02,2.509131e-02,1.737860e-01,3.119078e-01,1.758730e-01,1.022387e-01,5.204719e-02
4.261008e-03,3.641620e-02,4.216691e-03,1.169478e-03,8.124060e-03,2.864202e-03,4.000772e-02,3.842200e-03,9.039924e-02,2.209935e-02,2.019370e-01,2.686892e-01,1.238971e-01,1.519951e-01,4.008145e-02
3.682273e-03,2.285317e-01,1.572699e-02,1.092134e-03,8.565251e-03,3.267246e-03,2.833599e-02,3.352879e-03,1.221847e-01,1.698198e-02,1.459085e-01,1.940368e-01,8.765593e-02,1.099415e-01,3.073616e-02
2.648888e-03,3.634533e-01,1.145578e-02,9.143254e-04,8.382548e-03,3.744077e-03,1.983883e-02,2.398898e-03,1.745401e-01,1.200769e-02,1.026872e-01,1.363092e-01,6.168731e-02,7.771086e-02,2.222102e-02
1.877008e-03,4.902380e-01,8.128366e-03,4.255663e-03,1.070135e-02,3.148730e-03,1.388941e-02,1.872793e-03,1.746917e-01,8.578086e-03,7.220156e-02,9.545953e-02,4.327646e-02,5.450919e-02,1.717222e-02
1.396209e-03,4.686728e-01,6.283830e-03,2.006237e-02,3.950009e-02,3.202965e-03,9.749949e-03,7.209415e-03,2.381904e-01,6.185917e-03,5.105982e-02,6.693707e-02,3.049484e-02,3.836163e-02,1.269272e-02
1.236926e-03,4.995580e-01,5.131723e-03,5.765879e-02,5.608381e-02,4.531058e-03,6.888993e-03,1.549507e-02,1.927981e-01,4.762966e-03,3.591930e-02,4.687839e-02,2.154821e-02,2.693653e-02,2.457220e-02
1.507413e-03,5.011560e-01,4.578458e-03,7.267614e-02,6.295215e-02,1.036089e-02,4.902541e-03,1.770563e-02,1.744433e-01,4.969364e-03,2.533653e-02,3.283495e-02,1.527779e-02,1.901825e-02,5.228069e-02
4.640968e-03,4.309174e-01,5.809075e-03,1.310936e-01,7.375166e-02,1.837470e-02,3.985681e-03,1.782352e-02,1.782020e-01,6.814444e-03,1.856129e-02,2.303857e-02,1.155175e-02,1.342174e-02,6.201364e-02
7.245403e-03,3.108312e-01,1.686173e-02,2.206567e-01,6.237968e-02,2.259220e-02,3.488063e-03,2.454396e-02,1.895835e-01,9.489256e-03,1.362944e-02,1.618986e-02,8.946324e-03,9.490117e-03,8.407259e-02
2.819773e-02,2.340447e-01,2.111328e-02,2.048375e-01,6.201524e-02,5.286004e-02,3.811949e-03,2.719141e-02,1.874148e-01,1.490629e-02,1.002136e-02,1.143090e-02,7.172081e-03,6.805289e-03,1.281774e-01
4.100669e-02,1.801918e-01,1.815074e-02,1.478709e-01,5.966412e-02,4.442219e-02,3.002343e-03,2.062592e-02,2.243304e-01,2.516522e-02,7.750783e-03,8.077095e-03,5.733042e-03,4.994052e-03,2.090147e-01
3.820299e-02,1.413824e-01,1.355136e-02,1.058961e-01,5.126368e-02,3.270468e-02,2.249988e-03,1.512445e-02,3.182568e-01,2.757777e-02,5.855041e-03,5.691524e-03,4.644384e-03,3.569298e-03,2.340295e-01
3.885759e-02,1.302839e-01,1.053500e-02,7.841036e-02,4.403560e-02,2.539211e-02,1.755091e-03,1.149812e-02,4.006594e-01,2.637750e-02,4.551242e-03,4.066286e-03,4.535100e-03,2.586843e-03,2.164559e-01
2.763133e-02,9.425604e-02,7.891459e-03,5.813565e-02,3.089472e-02,1.784049e-02,1.232417e-03,8.163995e-03,4.321684e-01,2.961016e-02,4.314504e-03,2.875257e-03,3.398962e-03,2.082556e-03,2.795041e-01
1.968702e-02,6.990977e-02,9.655306e-03,4.515468e-02,2.194402e-02,1.257954e-02,8.729195e-04,5.782769e-03,3.936354e-01,2.982777e-02,3.386131e-03,2.142305e-03,2.461179e-03,4.997435e-03,3.779637e-01
1.381713e-02,4.909193e-02,7.612236e-03,3.161394e-02,1.537558e-02,8.826199e-03,6.177500e-04,4.048818e-03,2.766315e-01,2.301360e-02,3.272707e-03,1.564375e-03,1.730401e-03,2.863343e-02,5.341504e-01
9.790337e-03,3.459762e-02,8.386026e-03,2.233185e-02,1.088818e-02,6.261121e-03,4.651305e-04,2.858231e-03,1.973725e-01,1.771130e-02,1.820339e-02,2.418994e-03,1.468185e-03,1.111124e-01,5.561347e-01
7.201933e-03,2.452076e-02,2.013013e-02,1.617693e-02,7.874457e-03,4.688756e-03,4.236942e-04,2.032700e-03,1.409408e-01,1.857037e-02,3.228023e-02,1.127622e-02,2.444400e-03,2.278506e-01,4.835881e-01
5.455697e-03,1.723072e-02,1.454624e-02,1.137031e-02,5.583492e-03,3.442959e-03,3.287186e-04,1.456715e-03,1.018980e-01,2.425723e-02,3.042594e-02,8.740101e-03,1.941671e-03,4.076641e-01,3.656581e-01
4.112718e-03,1.301546e-02,1.078855e-02,8.050192e-03,4.021719e-03,2.645445e-03,2.685551e-04,1.033663e-03,9.812427e-02,2.698874e-02,2.958766e-02,6.489440e-03,1.456812e-03,5.175790e-01,2.758377e-01
3.780791e-03,1.112405e-02,8.736807e-03,6.480771e-03,3.109366e-03,2.833858e-03,2.532402e-04,7.980519e-04,9.321344e-02,2.844017e-02,2.504599e-02,4.918384e-03,1.130388e-03,6.049014e-01,2.052333e-01
1.015050e-02,1.324241e-02,9.109142e-03,9.623446e-03,3.733232e-03,5.926681e-03,4.362176e-04,1.982327e-03,1.379059e-01,2.719058e-02,2.387026e-02,6.866675e-03,1.497985e-03,6.008032e-01,1.476614e-01
8.897190e-03,1.514252e-02,2.197971e-02,9.855635e-03,3.620399e-03,6.024627e-03,4.226639e-04,1.651790e-03,1.433241e-01,3.043442e-02,2.169215e-02,6.919505e-03,2.054546e-03,6.189623e-01,1.090185e-01
8.552008e-03,1.214680e-02,2.669360e-02,7.426817e-03,3.157786e-03,5.244294e-03,3.660830e-04,1.349487e-03,1.732101e-01,6.147447e-02,1.879603e-02,5.347352e-03,2.079280e-03,5.747613e-01,9.939462e-02
9.670649e-03,1.053955e-02,2.174683e-02,5.570158e-03,2.505985e-03,4.581232e-03,2.965990e-04,1.098499e-03,1.978479e-01,5.567684e-02,1.854539e-02,4.012464e-03,2.298402e-03,5.724869e-01,9.312256e-02
1.673653e-02,9.134380e-03,2.050398e-02,7.365730e-03,2.747309e-03,5.447950e-03,4.912381e-04,7.557910e-03,2.665380e-01,4.431440e-02,2.927600e-02,3.158990e-03,3.353010e-03,5.130076e-01,7.036689e-02
3.367357e-02,8.284572e-03,1.722249e-02,7.190668e-03,5.256896e-03,6.316785e-03,4.665072e-04,7.280733e-03,2.819131e-01,3.221586e-02,3.294104e-02,2.383671e-03,3.033960e-03,5.090076e-01,5.281256e-02
3.822514e-02,7.121137e-03,1.295608e-02,5.860728e-03,6.727977e-03,5.641002e-03,3.950815e-04,5.799288e-03,2.737204e-01,2.685971e-02,1.211518e-01,2.373894e-03,3.857203e-03,4.461780e-01,4.313250e-02
3.025068e-02,6.317807e-03,9.862421e-03,4.778862e-03,5.096884e-03,4.833294e-03,3.173657e-04,4.393498e-03,4.029932e-01,1.985709e-02,9.688860e-02,1.977701e-03,3.943117e-03,3.752189e-01,3.327059e-02
2.978336e-02,7.423349e-03,7.397611e-03,3.950802e-03,4.246749e-03,5.859266e-03,3.124018e-04,3.472636e-03,4.849777e-01,1.487440e-02,8.084500e-02,1.561386e-03,3.408292e-03,3.270639e-01,2.482321e-02
3.235064e-02,6.781094e-03,1.273501e-02,5.319482e-03,1.453660e-02,7.231440e-03,2.607432e-03,6.640220e-03,5.455945e-01,1.204808e-02,6.374940e-02,1.415083e-03,3.498560e-03,2.664720e-01,1.902042e-02
4.133863e-02,7.975457e-03,1.675846e-02,1.874914e-02,1.275508e-01,2.844806e-02,5.784944e-03,5.239344e-03,4.700925e-01,9.535195e-03,4.858467e-02,1.267643e-03,3.497945e-03,1.950918e-01,2.008534e-02
8.293195e-02,1.291514e-02,1.565873e-02,1.992090e-02,1.797006e-01,7.254367e-02,1.442462e-02,4.090755e-03,3.820170e-01,7.676434e-03,3.857353e-02,1.040129e-03,3.649423e-03,1.442910e-01,2.056609e-02
7.125748e-02,1.378660e-02,1.221589e-02,2.267469e-02,2.737840e-01,1.361418e-01,1.866217e-02,3.351342e-03,2.920097e-01,6.405330e-03,2.781568e-02,7.841549e-04,3.032329e-03,1.022202e-01,1.585861e-02
6.243609e-02,2.179260e-02,1.819985e-02,6.726839e-02,3.190681e-01,1.578321e-01,1.854185e-02,3.558635e-03,2.175057e-01,5.960091e-03,1.993843e-02,6.488724e-04,2.366616e-03,7.180098e-02,1.308173e-02
1.095150e-01,2.990258e-02,3.095210e-02,7.694631e-02,3.021933e-01,1.589671e-01,1.595691e-02,3.227385e-03,1.794977e-01,5.610305e-03,1.745717e-02,8.799474e-04,2.634426e-03,5.319328e-02,1.306655e-02
1.682560e-01,3.657663e-02,4.639318e-02,6.630338e-02,2.743376e-01,1.543536e-01,1.222409e-02,2.801358e-03,1.482500e-01,7.767262e-03,1.727311e-02,1.456691e-03,3.416939e-03,3.982786e-02,2.076246e-02
2.454200e-01,3.237839e-02,3.677731e-02,5.505040e-02,2.511550e-01,1.447139e-01,1.461920e-02,3.224519e-03,1.370370e-01,8.280868e-03,1.359858e-02,3.331690e-03,4.026416e-03,3.259133e-02,1.779541e-02
2.130751e-01,3.034253e-02,2.854550e-02,4.958098e-02,2.401629e-01,2.386157e-01,1.664349e-02,6.168160e-03,1.081796e-01,7.654747e-03,1.389714e-02,4.317452e-03,3.793729e-03,2.353438e-02,1.548870e-02
1.842452e-01,2.606947e-02,2.250749e-02,3.891017e-02,2.378126e-01,2.303763e-01,1.150497e-01,9.570876e-03,8.091456e-02,6.412582e-03,1.148267e-02,3.964670e-03,3.784262e-03,1.710215e-02,1.179723e-02
1.592640e-01,1.994258e-02,1.893631e-02,2.780055e-02,2.071483e-01,1.935126e-01,2.446965e-01,2.269737e-02,5.770551e-02,5.864024e-03,1.133397e-02,3.848472e-03,5.094665e-03,1.266484e-02,9.490343e-03
1.365701e-01,1.535511e-02,1.560560e-02,2.007596e-02,2.025783e-01,1.700101e-01,3.270642e-01,1.911883e-02,4.121808e-02,9.656213e-03,1.395117e-02,3.404812e-03,5.148319e-03,1.007640e-02,1.016698e-02
1.037024e-01,1.093137e-02,1.152558e-02,1.494726e-02,1.944346e-01,1.334634e-01,4.071872e-01,1.481160e-02,2.943510e-02,3.279156e-02,1.602597e-02,5.221802e-03,5.444107e-03,8.165663e-03,1.191235e-02
1.150206e-01,8.694067e-03,8.691425e-03,1.467994e-02,1.567452e-01,1.072867e-01,4.826641e-01,1.148417e-02,2.220497e-02,2.478718e-02,1.295722e-02,8.868711e-03,7.456594e-03,6.636165e-03,1.182292e-02
1.385222e-01,7.149689e-03,6.819383e-03,1.430511e-02,1.327738e-01,8.291259e-02,5.216098e-01,9.072535e-03,1.648169e-02,1.900767e-02,1.107042e-02,1.272077e-02,9.577593e-03,6.329761e-03,1.164694e-02
2.113804e-01,6.851097e-03,5.521322e-03,1.561837e-02,1.110667e-01,6.274512e-02,4.967045e-01,7.081019e-03,1.247626e-02,1.476532e-02,9.636416e-03,1.453529e-02,1.111094e-02,6.664200e-03,1.384307e-02
1.614947e-01,1.203342e-02,6.124259e-03,7.488477e-02,9.072971e-02,6.794882e-02,3.652067e-01,5.437700e-03,1.230791e-02,1.859092e-02,2.061231e-02,2.583060e-02,8.988631e-02,6.338085e-03,4.257387e-02
1.142678e-01,1.168585e-02,5.438258e-03,9.750864e-02,6.408914e-02,6.179499e-02,2.575671e-01,3.922974e-03,1.296339e-02,1.439505e-02,1.853032e-02,5.203450e-02,2.308266e-01,5.018496e-03,4.995693e-02
8.018834e-02,8.864408e-03,4.508875e-03,7.338893e-02,4.596388e-02,5.096989e-02,1.807108e-01,2.814371e-03,1.458196e-02,1.082351e-02,1.497732e-02,9.992814e-02,3.689342e-01,3.678078e-03,3.966726e-02
5.646254e-02,8.398609e-03,6.534244e-03,6.081536e-02,3.589379e-02,4.133441e-02,1.268488e-01,2.156139e-03,2.611192e-02,8.751273e-03,1.458658e-02,1.517795e-01,4.247238e-01,2.807084e-03,3.279603e-02
4.080508e-02,6.426811e-03,4.790461e-03,4.391284e-02,3.381532e-02,3.536482e-02,8.893960e-02,1.603223e-03,3.759713e-02,6.355835e-03,1.367117e-02,2.498993e-01,4.066218e-01,2.648520e-03,2.754801e-02
2.958408e-02,4.804794e-03,3.583146e-03,3.095691e-02,5.289869e-02,2.836788e-02,6.257319e-02,1.189772e-03,3.068884e-02,4.853292e-03,1.060848e-02,3.120770e-01,4.053148e-01,1.959150e-03,2.053998e-02
2.182943e-02,3.501827e-03,2.551589e-03,2.175480e-02,3.791809e-02,2.242375e-02,4.384668e-02,8.773505e-04,2.195918e-02,3.527851e-03,8.176224e-03,4.876983e-01,3.081054e-01,1.386725e-03,1.444281e-02
1.548688e-02,2.528715e-03,1.901203e-03,1.529046e-02,2.717089e-02,2.326518e-02,3.083324e-02,7.280798e-04,1.641936e-02,2.563301e-03,6.182503e-03,6.212866e-01,2.251901e-01,9.855883e-04,1.016778e-02
1.117147e-02,1.930507e-03,1.525855e-03,1.076979e-02,2.031238e-02,1.901801e-02,2.200826e-02,7.535690e-04,1.411007e-02,1.950419e-03,4.682709e-03,7.060295e-01,1.777900e-01,7.166544e-04,7.230750e-03
8.183371e-03,2.452335e-03,1.274191e-03,7.629980e-03,1.505225e-02,1.772737e-02,1.567063e-02,8.192224e-04,2.403796e-02,1.590512e-03,3.753576e-03,7.282198e-01,1.676585e-01,5.733985e-04,5.356838e-03
5.985689e-03,3.630603e-03,1.151755e-03,5.420136e-03,1.115279e-02,1.751512e-02,1.154654e-02,1.399754e-03,3.478704e-02,1.534414e-03,3.586708e-03,7.381034e-01,1.591299e-01,5.596682e-04,4.496502e-03
5.120304e-03,6.786777e-03,1.060413e-03,3.978422e-03,8.480424e-03,1.708595e-02,8.223188e-03,1.725050e-03,4.822436e-02,1.240344e-03,3.210654e-03,7.409096e-01,1.497078e-01,5.532925e-04,3.693479e-03
4.440014e-03,1.106287e-02,1.167451e-03,3.077031e-03,6.616277e-03,2.253023e-02,5.906479e-03,5.479598e-03,7.752539e-02,9.775481e-04,2.830359e-03,6.948600e-01,1.600810e-01,4.770381e-04,2.968738e-03
4.963935e-03,8.409205e-03,1.756179e-03,2.563623e-03,6.502249e-03,1.817143e-02,5.272937e-03,1.261250e-01,6.490707e-02,8.018824e-04,2.881796e-03,6.027051e-01,1.515716e-01,5.201984e-04,2.847791e-03
5.029391e-03,6.067347e-03,2.696899e-03,2.035172e-03,5.873846e-03,1.538017e-02,5.478369e-03,3.463077e-01,4.644921e-02,5.936277e-04,2.220218e-03,4.483993e-01,1.107853e-01,4.728953e-04,2.210566e-03
4.567293e-03,4.347697e-03,3.089373e-03,1.566192e-03,5.238011e-03,1.255341e-02,5.360420e-03,5.251664e-01,3.310405e-02,4.352457e-04,1.665168e-03,3.211720e-01,7.975316e-02,3.665047e-04,1.615070e-03
