1.000000e+00,0.000000e+00,0.000000e+00,0.000000e+00,0.000000e+00,0.000000e+00,0.000000e+00,0.000000e+00,0.000000e+00,0.000000e+00,0.000000e+00,0.000000e+00,0.000000e+00,0.000000e+00,0.000000e+00
1.000000e+00,0.000000e+00,0.000000e+00,0.000000e+00,0.000000e+00,0.000000e+00,0.000000e+00,0.000000e+00,0.000000e+00,0.000000e+00,0.000000e+00,0.000000e+00,0.000000e+00,0.000000e+00,0.000000e+00
1.000000e+00,0.000000e+00,0.000000e+00,0.000000e+00,0.000000e+00,0.000000e+00,0.000000e+00,0.000000e+00,0.000000e+00,0.000000e+00,0.000000e+00,0.000000e+00,0.000000e+00,0.000000e+00,0.000000e+00
1.000000e+00,0.000000e+00,0.000000e+00,0.000000e+00,0.000000e+00,0.000000e+00,0.000000e+00,0.000000e+00,0.000000e+00,0.000000e+00,0.000000e+00,0.000000e+00,0.000000e+00,0.000000e+00,0.000000e+00
1.000000e+00,0.000000e+00,0.000000e+00,0.000000e+00,0.000000e+00,0.000000e+00,0.000000e+00,0.000000e+00,0.000000e+00,0.000000e+00,0.000000e+00,0.000000e+00,0.000000e+00,0.000000e+00,0.000000e+00
1.000000e+00,0.000000e+00,0.000000e+00,0.000000e+00,0.000000e+00,0.000000e+00,0.000000e+00,0.000000e+00,0.000000e+00,0.000000e+00,0.000000e+00,0.000000e+00,0.000000e+00,0.000000e+00,0.000000e+00
1.000000e+00,0.000000e+00,0.000000e+00,0.000000e+00,0.000000e+00,0.000000e+00,0.000000e+00,0.000000e+00,0.000000e+00,0.000000e+00,0.000000e+00,0.000000e+00,0.000000e+00,0.000000e+00,0.000000e+00
1.000000e+00,0.000000e+00,0.000000e+00,0.000000e+00,0.000000e+00,0.000000e+00,0.000000e+00,0.000000e+00,0.000000e+00,0.000000e+00,0.000000e+00,0.000000e+00,0.000000e+00,0.000000e+00,0.000000e+00
1.000000e+00,0.000000e+00,0.000000e+00,0.000000e+00,0.000000e+00,0.000000e+00,0.000000e+00,0.000000e+00,0.000000e+00,0.000000e+00,0.000000e+00,0.000000e+00,0.000000e+00,0.000000e+00,0.000000e+00
1.000000e+00,0.000000e+00,0.000000e+00,0.000000e+00,0.000000e+00,0.000000e+00,0.000000e+00,0.000000e+00,0.000000e+00,0.000000e+00,0.000000e+00,0.000000e+00,0.000000e+00,0.000000e+00,0.000000e+00
1.000000e+00,0.000000e+00,0.000000e+00,0.000000e+00,0.000000e+00,0.000000e+00,0.000000e+00,0.000000e+00,0.000000e+00,0.000000e+00,0.000000e+00,0.000000e+00,0.000000e+00,0.000000e+00,0.000000e+00
1.000000e+00,0.000000e+00,0.000000e+00,0.000000e+00,0.000000e+00,0.000000e+00,0.000000e+00,0.000000e+00,0.000000e+00,0.000000e+00,0.000000e+00,0.000000e+00,0.000000e+00,0.000000e+00,0.000000e+00
1.000000e+00,0.000000e+00,0.000000e+00,0.000000e+00,0.000000e+00,0.000000e+00,0.000000e+00,0.000000e+00,0.000000e+00,0.000000e+00,0.000000e+00,0.000000e+00,0.000000e+00,0.000000e+00,0.000000e+00
1.000000e+00,0.000000e+00,0.000000e+00,0.000000e+00,0.000000e+00,0.000000e+00,0.000000e+00,0.000000e+00,0.000000e+00,0.000000e+00,0.000000e+00,0.000000e+00,0.000000e+00,0.000000e+00,0.000000e+00
1.000000e+00,0.000000e+00,0.000000e+00,0.000000e+00,0.000000e+00,0.000000e+00,0.000000e+00,0.000000e+00,0.000000e+00,0.000000e+00,0.000000e+00,0.000000e+00,0.000000e+00,0.000000e+00,0.000000e+00
1.000000e+00,0.000000e+00,0.000000e+00,0.000000e+00,0.000000e+00,0.000000e+00,0.000000e+00,0.000000e+00,0.000000e+00,0.000000e+00,0.000000e+00,0.000000e+00,0.000000e+00,0.000000e+00,0.000000e+00
1.000000e+00,0.000000e+00,0.000000e+00,0.000000e+00,0.000000e+00,0.000000e+00,0.000000e+00,0.000000e+00,0.000000e+00,0.000000e+00,0.000000e+00,0.000000e+00,0.000000e+00,0.000000e+00,0.000000e+00
1.000000e+00,0.000000e+00,0.000000e+00,0.000000e+00,0.000000e+00,0.000000e+00,0.000000e+00,0.000000e+00,0.000000e+00,0.000000e+00,0.000000e+00,0.000000e+00,0.000000e+00,0.000000e+00,0.000000e+00
1.000000e+00,0.000000e+00,0.000000e+00,0.000000e+00,0.000000e+00,0.000000e+00,0.000000e+00,0.000000e+00,0.000000e+00,0.000000e+00,0.000000e+00,0.000000e+00,0.000000e+00,0.000000e+00,0.000000e+00
1.000000e+00,0.000000e+00,0.000000e+00,0.000000e+00,0.000000e+00,0.000000e+00,0.000000e+00,0.000000e+00,0.000000e+00,0.000000e+00,0.000000e+00,0.000000e+00,0.000000e+00,0.000000e+00,0.000000e+00
1.000000e+00,0.000000e+00,0.000000e+00,0.000000e+00,0.000000e+00,0.000000e+00,0.000000e+00,0.000000e+00,0.000000e+00,0.000000e+00,0.000000e+00,0.000000e+00,0.000000e+00,0.000000e+00,0.000000e+00
1.000000e+00,0.000000e+00,0.000000e+00,0.000000e+00,0.000000e+00,0.000000e+00,0.000000e+00,0.000000e+00,0.000000e+00,0.000000e+00,0.000000e+00,0.000000e+00,0.000000e+00,0.000000e+00,0.000000e+00
1.000000e+00,0.000000e+00,0.000000e+00,0.000000e+00,0.000000e+00,0.000000e+00,0.000000e+00,0.000000e+00,0.000000e+00,0.000000e+00,0.000000e+00,0.000000e+00,0.000000e+00,0.000000e+00,0.000000e+00
1.000000e+00,0.000000e+00,0.000000e+00,0.000000e+00,0.000000e+00,0.000000e+00,0.000000e+00,0.000000e+00,0.000000e+00,0.000000e+00,0.000000e+00,0.000000e+00,0.000000e+00,0.000000e+00,0.000000e+00
1.000000e+00,0.000000e+00,0.000000e+00,0.000000e+00,0.000000e+00,0.000000e+00,0.000000e+00,0.000000e+00,0.000000e+00,0.000000e+00,0.000000e+00,0.000000e+00,0.000000e+00,0.000000e+00,0.000000e+00
1.000000e+00,0.000000e+00,0.000000e+00,0.000000e+00,0.000000e+00,0.000000e+00,0.000000e+00,0.000000e+00,0.000000e+00,0.000000e+00,0.000000e+00,0.000000e+00,0.000000e+00,0.000000e+00,0.000000e+00
1.000000e+00,0.000000e+00,0.000000e+00,0.000000e+00,0.000000e+00,0.000000e+00,0.000000e+00,0.000000e+00,0.000000e+00,0.000000e+00,0.000000e+00,0.000000e+00,0.000000e+00,0.000000e+00,0.000000e+00
1.000000e+00,0.000000e+00,0.000000e+00,0.000000e+00,0.000000e+00,0.000000e+00,0.000000e+00,0.000000e+00,0.000000e+00,0.000000e+00,0.000000e+00,0.000000e+00,0.000000e+00,0.000000e+00,0.000000e+00
1.000000e+00,0.000000e+00,0.000000e+00,0.000000e+00,0.000000e+00,0.000000e+00,0.000000e+00,0.000000e+00,0.000000e+00,0.000000e+00,0.000000e+00,0.000000e+00,0.000000e+00,0.000000e+00,0.000000e+00
1.000000e+00,0.000000e+00,0.000000e+00,0.000000e+00,0.000000e+00,0.000000e+00,0.000000e+00,0.000000e+00,0.000000e+00,0.000000e+00,0.000000e+00,0.000000e+00,0.000000e+00,0.000000e+00,0.000000e+00
1.000000e+00,0.000000e+00,0.000000e+00,0.000000e+00,0.000000e+00,0.000000e+00,0.000000e+00,0.000000e+00,0.000000e+00,0.000000e+00,0.000000e+00,0.000000e+00,0.000000e+00,0.000000e+00,0.000000e+00
1.000000e+00,0.000000e+00,0.000000e+00,0.000000e+00,0.000000e+00,0.000000e+00,0.000000e+00,0.000000e+00,0.000000e+00,0.000000e+00,0.000000e+00,0.000000e+00,0.000000e+00,0.000000e+00,0.000000e+00
1.000000e+00,0.000000e+00,0.000000e+00,0.000000e+00,0.000000e+00,0.000000e+00,0.000000e+00,0.000000e+00,0.000000e+00,0.000000e+00,0.000000e+00,0.000000e+00,0.000000e+00,0.000000e+00,0.000000e+00
1.000000e+00,0.000000e+00,0.000000e+00,0.000000e+00,0.000000e+00,0.000000e+00,0.000000e+00,0.000000e+00,0.000000e+00,0.000000e+00,0.000000e+00,0.000000e+00,0.000000e+00,0.000000e+00,0.000000e+00
1.000000e+00,0.000000e+00,0.000000e+00,0.000000e+00,0.000000e+00,0.000000e+00,0.000000e+00,0.000000e+00,0.000000e+00,0.000000e+00,0.000000e+00,0.000000e+00,0.000000e+00,0.000000e+00,0.000000e+00
1.000000e+00,0.000000e+00,0.000000e+00,0.000000e+00,0.000000e+00,0.000000e+00,0.000000e+00,0.000000e+00,0.000000e+00,0.000000e+00,0.000000e+00,0.000000e+00,0.000000e+00,0.000000e+00,0.000000e+00
1.000000e+00,0.000000e+00,0.000000e+00,0.000000e+00,0.000000e+00,0.000000e+00,0.000000e+00,0.000000e+00,0.000000e+00,0.000000e+00,0.000000e+00,0.000000e+00,0.000000e+00,0.000000e+00,0.000000e+00
1.000000e+00,0.000000e+00,0.000000e+00,0.000000e+00,0.000000e+00,0.000000e+00,0.000000e+00,0.000000e+00,0.000000e+00,0.000000e+00,0.000000e+00,0.000000e+00,0.000000e+00,0.000000e+00,0.000000e+00
1.000000e+00,0.000000e+00,0.000000e+00,0.000000e+00,0.000000e+00,0.000000e+00,0.000000e+00,0.000000e+00,0.000000e+00,0.000000e+00,0.000000e+00,0.000000e+00,0.000000e+00,0.000000e+00,0.000000e+00
1.000000e+00,0.000000e+00,0.000000e+00,0.000000e+00,0.000000e+00,0.000000e+00,0.000000e+00,0.000000e+00,0.000000e+00,0.000000e+00,0.000000e+00,0.000000e+00,0.000000e+00,0.000000e+00,0.000000e+00
1.000000e+00,0.000000e+00,0.000000e+00,0.000000e+00,0.000000e+00,0.000000e+00,0.000000e+00,0.000000e+00,0.000000e+00,0.000000e+00,0.000000e+00,0.000000e+00,0.000000e+00,0.000000e+00,0.000000e+00
1.000000e+00,0.000000e+00,0.000000e+00,0.000000e+00,0.000000e+00,0.000000e+00,0.000000e+00,0.000000e+00,0.000000e+00,0.000000e+00,0.000000e+00,0.000000e+00,0.000000e+00,0.000000e+00,0.000000e+00
1.000000e+00,0.000000e+00,0.000000e+00,0.000000e+00,0.000000e+00,0.000000e+00,0.000000e+00,0.000000e+00,0.000000e+00,0.000000e+00,0.000000e+00,0.000000e+00,0.000000e+00,0.000000e+00,0.000000e+00
1.000000e+00,0.000000e+00,0.000000e+00,0.000000e+00,0.000000e+00,0.000000e+00,0.000000e+00,0.000000e+00,0.000000e+00,0.000000e+00,0.000000e+00,0.000000e+00,0.000000e+00,0.000000e+00,0.000000e+00
1.000000e+00,0.000000e+00,0.000000e+00,0.000000e+00,0.000000e+00,0.000000e+00,0.000000e+00,0.000000e+00,0.000000e+00,0.000000e+00,0.000000e+00,0.000000e+00,0.000000e+00,0.000000e+00,0.000000e+00
1.000000e+00,0.000000e+00,0.000000e+00,0.000000e+00,0.000000e+00,0.000000e+00,0.000000e+00,0.000000e+00,0.000000e+00,0.000000e+00,0.000000e+00,0.000000e+00,0.000000e+00,0.000000e+00,0.000000e+00
1.000000e+00,0.000000e+00,0.000000e+00,0.000000e+00,0.000000e+00,0.000000e+00,0.000000e+00,0.000000e+00,0.000000e+00,0.000000e+00,0.000000e+00,0.000000e+00,0.000000e+00,0.000000e+00,0.000000e+00
1.000000e+00,0.000000e+00,0.000000e+00,0.000000e+00,0.000000e+00,0.000000e+00,0.000000e+00,0.000000e+00,0.000000e+00,0.000000e+00,0.000000e+00,0.000000e+00,0.000000e+00,0.000000e+00,0.000000e+00
1.000000e+00,0.000000e+00,0.000000e+00,0.000000e+00,0.000000e+00,0.000000e+00,0.000000e+00,0.000000e+00,0.000000e+00,0.000000e+00,0.000000e+00,0.000000e+00,0.000000e+00,0.000000e+00,0.000000e+00
1.000000e+00,0.000000e+00,0.000000e+00,0.000000e+00,0.000000e+00,0.000000e+00,0.000000e+00,0.000000e+00,0.000000e+00,0.000000e+00,0.000000e+00,0.000000e+00,0.000000e+00,0.000000e+00,0.000000e+00
1.000000e+00,0.000000e+00,0.000000e+00,0.000000e+00,0.000000e+00,0.000000e+00,0.000000e+00,0.000000e+00,0.000000e+00,0.000000e+00,0.000000e+00,0.000000e+00,0.000000e+00,0.000000e+00,0.000000e+00
1.000000e+00,0.000000e+00,0.000000e+00,0.000000e+00,0.000000e+00,0.000000e+00,0.000000e+00,0.000000e+00,0.000000e+00,0.000000e+00,0.000000e+00,0.000000e+00,0.000000e+00,0.000000e+00,0.000000e+00
4.382048e-01,4.844484e-02,2.900975e-02,1.475102e-01,2.403888e-02,3.265864e-02,1.055434e-02,3.658783e-02,3.899124e-02,3.413923e-03,4.828422e-02,6.320059e-02,2.407430e-02,1.409929e-02,4.092716e-02
3.644966e-01,5.118991e-02,4.934715e-02,1.964341e-01,2.381408e-02,3.070846e-02,8.951656e-03,3.742541e-02,3.701982e-02,3.540403e-03,4.668781e-02,6.486607e-02,2.362937e-02,1.321773e-02,4.867141e-02
3.540050e-01,6.011251e-02,5.006855e-02,1.845132e-01,2.471247e-02,3.083470e-02,8.908221e-03,3.094427e-02,3.307807e-02,4.579656e-03,4.650384e-02,6.589047e-02,2.721013e-02,1.451571e-02,6.412320e-02
4.133331e-01,5.553483e-02,4.444761e-02,1.618277e-01,2.187316e-02,2.809131e-02,8.049833e-03,2.653661e-02,2.737524e-02,4.548752e-03,4.308647e-02,6.271265e-02,2.998356e-02,1.379471e-02,5.880461e-02
4.948094e-01,4.975326e-02,3.452078e-02,1.355145e-01,1.896239e-02,2.488380e-02,7.278115e-03,2.202793e-02,2.261900e-02,4.167280e-03,3.710772e-02,5.442957e-02,2.999743e-02,1.217315e-02,5.175582e-02
1.000000e+00,0.000000e+00,0.000000e+00,0.000000e+00,0.000000e+00,0.000000e+00,0.000000e+00,0.000000e+00,0.000000e+00,0.000000e+00,0.000000e+00,0.000000e+00,0.000000e+00,0.000000e+00,0.000000e+00
1.000000e+00,0.000000e+00,0.000000e+00,0.000000e+00,0.000000e+00,0.000000e+00,0.000000e+00,0.000000e+00,0.000000e+00,0.000000e+00,0.000000e+00,0.000000e+00,0.000000e+00,0.000000e+00,0.000000e+00
1.000000e+00,0.000000e+00,0.000000e+00,0.000000e+00,0.000000e+00,0.000000e+00,0.000000e+00,0.000000e+00,0.000000e+00,0.000000e+00,0.000000e+00,0.000000e+00,0.000000e+00,0.000000e+00,0.000000e+00
1.000000e+00,0.000000e+00,0.000000e+00,0.000000e+00,0.000000e+00,0.000000e+00,0.000000e+00,0.000000e+00,0.000000e+00,0.000000e+00,0.000000e+00,0.000000e+00,0.000000e+00,0.000000e+00,0.000000e+00
1.000000e+00,0.000000e+00,0.000000e+00,0.000000e+00,0.000000e+00,0.000000e+00,0.000000e+00,0.000000e+00,0.000000e+00,0.000000e+00,0.000000e+00,0.000000e+00,0.000000e+00,0.000000e+00,0.000000e+00
1.000000e+00,0.000000e+00,0.000000e+00,0.000000e+00,0.000000e+00,0.000000e+00,0.000000e+00,0.000000e+00,0.000000e+00,0.000000e+00,0.000000e+00,0.000000e+00,0.000000e+00,0.000000e+00,0.000000e+00
1.000000e+00,0.000000e+00,0.000000e+00,0.000000e+00,0.000000e+00,0.000000e+00,0.000000e+00,0.000000e+00,0.000000e+00,0.000000e+00,0.000000e+00,0.000000e+00,0.000000e+00,0.000000e+00,0.000000e+00
1.000000e+00,0.000000e+00,0.000000e+00,0.000000e+00,0.000000e+00,0.000000e+00,0.000000e+00,0.000000e+00,0.000000e+00,0.000000e+00,0.000000e+00,0.000000e+00,0.000000e+00,0.000000e+00,0.000000e+00
1.000000e+00,0.000000e+00,0.000000e+00,0.000000e+00,0.000000e+00,0.000000e+00,0.000000e+00,0.000000e+00,0.000000e+00,0.000000e+00,0.000000e+00,0.000000e+00,0.000000e+00,0.000000e+00,0.000000e+00
3.967016e-01,1.001204e-02,1.589687e-01,7.197329e-02,8.338359e-03,1.314499e-02,2.367439e-03,2.695184e-01,5.874317e-03,1.140278e-03,2.341016e-02,1.639783e-02,9.577512e-03,3.102139e-03,9.473027e-03
2.813098e-01,7.402049e-03,1.120614e-01,5.124345e-02,9.062925e-03,9.437303e-03,1.744879e-03,4.788650e-01,4.164305e-03,8.040715e-04,1.672888e-02,1.150499e-02,6.779015e-03,2.223105e-03,6.668871e-03
1.982050e-01,5.362515e-03,7.871652e-02,3.626295e-02,7.678865e-03,6.818146e-03,1.384251e-03,6.309991e-01,2.948913e-03,5.666543e-04,1.188559e-02,8.076630e-03,4.797705e-03,1.595472e-03,4.701694e-03
1.391648e-01,3.830529e-03,5.542440e-02,2.597307e-02,8.270760e-03,5.305024e-03,1.122226e-03,7.355397e-01,2.129305e-03,4.136514e-04,8.887648e-03,5.745453e-03,3.561304e-03,1.319915e-03,3.312215e-03
9.841345e-02,2.744316e-03,3.885532e-02,1.832576e-02,8.555260e-03,4.348616e-03,1.642422e-03,6.720833e-01,2.949835e-03,9.708719e-04,4.172940e-02,1.183819e-02,8.938856e-02,4.012535e-03,4.142182e-03
6.922106e-02,1.961487e-03,2.721221e-02,1.297123e-02,7.734208e-03,3.387722e-03,1.354381e-03,5.107653e-01,2.517997e-03,3.391742e-03,6.212389e-02,3.798136e-02,2.417741e-01,1.235203e-02,5.251213e-03
4.887513e-02,1.513262e-03,1.911712e-02,9.660425e-03,8.008617e-03,3.625547e-03,1.633378e-03,3.786634e-01,3.328845e-03,2.885897e-03,5.698190e-02,2.587046e-01,1.909743e-01,1.202171e-02,4.005938e-03
3.431920e-02,1.153990e-03,1.343982e-02,6.978547e-03,6.108105e-03,3.405365e-03,1.392268e-03,2.670564e-01,3.272354e-03,3.818160e-03,4.529449e-02,3.681147e-01,2.305353e-01,1.149039e-02,3.620858e-03
2.439428e-02,9.027026e-04,9.472286e-03,5.221079e-03,4.546220e-03,4.267943e-03,1.101521e-03,1.874225e-01,6.392903e-03,3.240795e-03,3.477315e-02,5.266706e-01,1.792374e-01,9.544598e-03,2.812028e-03
1.811722e-02,9.344043e-04,6.936460e-03,4.127325e-03,3.742042e-03,1.093109e-02,8.905511e-04,1.315823e-01,1.277959e-02,3.373165e-03,2.841074e-02,6.243433e-01,1.436403e-01,7.531446e-03,2.659956e-03
1.589183e-02,1.487442e-03,5.735838e-03,3.533905e-03,4.108014e-03,3.231910e-02,1.480919e-03,9.360613e-02,2.959074e-02,5.435239e-03,2.577302e-02,6.558185e-01,1.144702e-01,7.368525e-03,3.380553e-03
1.372991e-02,1.547163e-03,4.495040e-03,2.784164e-03,4.440518e-03,2.871026e-02,1.296162e-03,6.596356e-02,3.408054e-02,1.161291e-02,2.478451e-02,7.116105e-01,8.416434e-02,7.595703e-03,3.184725e-03
1.526543e-02,1.815995e-03,3.818492e-03,2.095807e-03,4.197309e-03,2.679457e-02,1.415619e-03,4.654092e-02,3.156193e-02,2.162648e-02,2.565567e-02,7.471651e-01,6.156531e-02,7.304073e-03,3.177215e-03
2.447304e-02,1.552745e-03,3.008803e-03,1.745068e-03,6.663875e-03,2.352710e-02,1.202199e-03,3.308100e-02,2.576550e-02,1.821953e-02,2.805363e-02,7.789758e-01,4.481743e-02,6.234333e-03,2.679858e-03
1.891601e-02,1.254149e-03,2.206463e-03,1.425475e-03,6.347350e-03,1.768191e-02,8.484459e-04,2.319727e-02,1.888935e-02,1.445194e-02,3.881903e-02,8.164716e-01,3.265713e-02,4.818229e-03,2.015676e-03
1.479246e-02,1.060300e-03,1.647998e-03,1.197891e-03,5.988245e-03,1.360005e-02,5.985274e-04,1.628972e-02,1.374062e-02,1.111815e-02,6.335928e-02,8.278216e-01,2.360193e-02,3.685575e-03,1.497646e-03
1.081013e-02,1.397082e-03,1.326991e-03,8.858011e-04,6.001399e-03,9.988184e-03,4.228012e-04,1.142245e-02,1.048957e-02,8.672546e-03,5.121999e-02,8.665993e-01,1.682000e-02,2.768313e-03,1.175420e-03
8.391248e-03,1.947823e-03,1.234163e-03,6.552390e-04,5.159391e-03,7.564486e-03,3.031235e-04,8.055612e-03,9.203092e-03,6.771709e-03,4.529250e-02,8.902558e-01,1.215506e-02,2.135969e-03,8.748106e-04
6.750777e-03,3.124578e-02,2.177781e-03,5.398786e-04,8.956224e-03,5.910069e-03,2.426750e-04,5.992560e-03,2.222330e-02,5.950765e-03,7.407097e-02,8.240716e-01,8.731172e-03,1.794882e-03,1.341632e-03
5.190496e-03,2.243283e-02,4.165731e-03,7.879678e-04,8.248301e-03,4.914245e-03,3.074800e-04,5.927627e-03,2.170514e-02,4.557665e-03,6.246847e-02,8.504431e-01,6.275713e-03,1.586559e-03,9.887280e-04
4.260281e-03,2.221915e-02,4.686290e-03,9.353939e-04,6.941442e-03,3.694705e-03,2.698959e-04,6.440740e-03,3.716950e-02,3.409619e-03,1.042313e-01,7.989442e-01,4.582281e-03,1.450285e-03,7.649825e-04
3.153420e-03,2.036301e-02,6.093675e-03,1.712734e-03,9.151530e-03,2.873769e-03,3.855188e-04,1.607810e-02,8.297562e-02,2.638032e-03,1.101378e-01,7.392213e-01,3.345628e-03,1.282338e-03,5.874856e-04
2.330360e-03,1.910001e-02,5.855889e-03,2.544925e-03,8.235891e-03,2.235507e-03,3.227637e-04,1.427615e-02,1.164540e-01,2.037799e-03,2.062743e-01,6.163720e-01,2.423422e-03,1.082546e-03,4.544233e-04
1.985660e-03,1.543281e-02,7.372371e-03,3.355676e-03,1.902498e-02,2.530087e-03,4.637899e-04,2.863164e-02,1.734020e-01,1.893229e-03,2.757861e-01,4.666790e-01,1.888663e-03,9.986958e-04,5.552465e-04
2.580689e-03,1.942544e-02,9.123881e-03,5.864675e-03,3.107776e-02,8.354697e-03,7.190215e-04,2.644066e-02,2.920230e-01,2.229394e-03,2.574920e-01,3.409244e-01,1.704124e-03,1.092197e-03,9.479971e-04
3.515157e-03,1.971025e-02,1.309891e-02,1.187308e-02,6.221612e-02,9.151623e-03,7.534561e-04,2.934506e-02,3.891436e-01,2.448081e-03,2.102082e-01,2.446659e-01,1.369090e-03,8.407235e-04,1.660702e-03
7.645089e-03,1.914362e-02,1.274831e-02,1.227927e-02,9.695104e-02,2.023480e-02,1.014410e-03,2.481121e-02,4.346908e-01,3.074743e-03,1.833741e-01,1.769977e-01,1.368943e-03,1.487483e-03,4.178393e-03
1.007826e-02,1.733569e-02,1.838187e-02,1.939223e-02,1.077303e-01,2.686353e-02,9.853232e-04,2.662122e-02,4.731438e-01,4.106050e-03,1.592680e-01,1.273259e-01,1.486583e-03,1.514468e-03,5.766631e-03
1.883031e-02,1.584932e-02,1.851470e-02,2.341298e-02,1.102689e-01,3.273806e-02,1.050434e-03,2.989952e-02,4.568449e-01,6.360407e-03,1.740378e-01,9.104211e-02,2.138004e-03,2.488566e-03,1.652394e-02
2.451588e-02,1.441609e-02,1.978347e-02,2.599991e-02,1.253623e-01,4.102340e-02,1.340121e-03,4.653977e-02,4.288591e-01,5.801967e-03,1.740813e-01,6.492168e-02,2.152077e-03,3.954328e-03,2.124857e-02
3.686016e-02,1.322940e-02,1.791524e-02,2.429162e-02,1.119852e-01,3.697021e-02,1.559225e-03,4.766339e-02,4.017814e-01,5.669374e-03,1.959331e-01,4.613013e-02,2.800497e-03,6.242159e-03,5.096888e-02
5.111117e-02,1.659300e-02,1.849544e-02,3.562466e-02,1.415254e-01,3.577151e-02,1.790117e-03,7.517451e-02,3.751463e-01,5.488511e-03,1.564643e-01,3.315133e-02,2.746346e-03,6.919228e-03,4.399810e-02
6.314266e-02,1.761032e-02,2.121235e-02,3.818714e-02,1.411691e-01,4.878537e-02,1.972996e-03,8.170632e-02,3.793723e-01,5.276275e-03,1.232726e-01,2.360802e-02,2.772110e-03,7.515578e-03,4.439681e-02
1.063437e-01,1.839273e-02,1.990486e-02,5.127425e-02,1.526634e-01,3.835404e-02,2.297915e-03,1.161050e-01,3.193872e-01,6.388935e-03,9.408811e-02,1.810174e-02,2.639753e-03,8.765080e-03,4.529333e-02
9.990469e-02,2.079977e-02,4.169379e-02,4.987926e-02,1.143062e-01,2.795993e-02,1.937142e-03,8.412606e-02,3.147042e-01,7.255677e-03,6.948847e-02,1.426371e-02,4.627412e-03,1.292292e-02,1.361308e-01
8.253914e-02,2.484201e-02,3.952334e-02,3.871361e-02,8.689474e-02,2.056125e-02,1.464879e-03,5.959287e-02,2.625729e-01,7.736900e-03,5.276963e-02,1.051707e-02,4.510691e-03,3.399615e-02,2.737648e-01
8.182266e-02,3.548487e-02,2.958617e-02,3.194560e-02,6.406131e-02,1.619519e-02,1.327249e-03,4.228670e-02,2.231297e-01,6.974866e-03,4.231591e-02,1.581443e-02,1.546136e-01,3.003942e-02,2.244024e-01
6.783003e-02,3.290508e-02,2.161616e-02,2.571410e-02,4.606737e-02,1.393577e-02,1.466549e-03,2.996729e-02,1.786854e-01,7.174037e-03,3.726834e-02,2.679750e-02,2.320650e-01,4.061162e-02,2.378958e-01
7.439343e-02,2.452587e-02,1.851074e-02,2.153753e-02,3.818078e-02,4.506418e-02,3.448384e-03,2.229884e-02,1.322971e-01,5.886777e-03,3.601051e-02,3.808562e-02,3.297879e-01,3.353384e-02,1.764385e-01
9.320922e-02,1.841689e-02,1.467936e-02,1.687961e-02,2.843758e-02,4.002646e-02,2.652881e-03,1.620184e-02,9.888723e-02,5.483993e-03,3.385209e-02,8.782366e-02,3.714818e-01,4.018286e-02,1.317845e-01
7.170188e-02,1.341609e-02,1.056804e-02,1.249688e-02,2.062373e-02,3.310079e-02,1.950338e-03,1.151458e-02,7.208556e-02,4.885448e-03,4.251612e-02,1.995954e-01,3.803852e-01,3.176092e-02,9.339906e-02
5.401349e-02,1.034591e-02,7.658476e-03,9.519153e-03,1.486043e-02,2.825393e-02,1.420725e-03,8.178855e-03,5.856666e-02,4.916812e-03,4.913976e-02,2.883613e-01,3.728002e-01,2.511392e-02,6.685042e-02
4.082722e-02,9.368014e-03,5.595370e-03,6.971311e-03,1.088718e-02,2.134369e-02,1.075450e-03,5.949023e-03,5.683841e-02,4.012355e-03,5.849063e-02,3.181347e-01,3.937791e-01,1.938323e-02,4.734430e-02
4.196922e-02,1.015107e-02,4.270684e-03,5.419069e-03,8.366096e-03,1.625534e-02,8.757201e-04,5.559259e-03,6.380385e-02,3.694156e-03,7.064943e-02,3.858010e-01,3.355303e-01,1.396246e-02,3.369232e-02
3.294009e-02,9.691658e-03,3.242451e-03,6.276271e-03,6.357461e-03,1.314105e-02,6.375900e-04,4.904110e-03,1.029639e-01,3.883331e-03,9.588140e-02,4.213118e-01,2.646538e-01,1.009590e-02,2.401922e-02
2.665281e-02,1.201555e-02,2.433370e-03,5.607207e-03,4.940304e-03,1.117101e-02,4.747590e-04,4.105135e-03,1.581697e-01,4.754986e-03,9.980942e-02,4.101658e-01,2.342675e-01,7.905181e-03,1.752713e-02
1.913475e-02,2.067133e-02,2.349296e-03,4.333936e-03,4.460753e-03,1.183271e-02,3.571129e-04,3.404877e-03,2.838913e-01,4.369166e-03,8.337028e-02,3.500769e-01,1.921425e-01,6.929842e-03,1.267524e-02
1.433638e-02,2.850278e-02,2.671080e-03,4.160275e-03,5.006395e-03,1.434404e-02,3.214742e-04,4.463171e-03,3.747228e-01,5.664736e-03,7.100274e-02,3.039736e-01,1.536186e-01,7.258173e-03,9.953639e-03
1.154102e-02,3.135395e-02,2.606522e-03,3.496115e-03,6.037814e-03,1.367568e-02,3.203237e-04,4.173801e-03,5.229260e-01,4.335912e-03,5.472580e-02,2.211656e-01,1.112240e-01,5.286146e-03,7.131258e-03
1.205846e-02,5.890559e-02,2.680382e-03,7.512338e-03,9.993101e-03,2.156603e-02,3.250703e-04,5.031641e-03,5.941453e-01,3.602215e-03,3.954232e-02,1.562083e-01,7.851871e-02,4.374306e-03,5.536179e-03
1.824229e-02,7.443076e-02,3.309346e-03,1.140770e-02,2.664691e-02,2.511067e-02,6.724249e-04,4.999235e-03,6.278321e-01,3.477331e-03,2.876390e-02,1.106539e-01,5.560137e-02,3.864082e-03,4.987983e-03
5.849255e-02,6.648174e-02,3.838153e-03,2.514153e-02,5.878014e-02,2.182142e-02,6.169311e-04,8.276277e-03,5.892541e-01,7.943748e-03,2.154060e-02,7.800480e-02,3.952131e-02,4.442212e-03,1.584449e-02
9.544422e-02,6.524816e-02,4.232365e-03,3.149128e-02,1.043982e-01,1.944382e-02,7.247629e-04,1.152638e-02,5.223975e-01,1.047758e-02,1.687316e-02,5.546257e-02,2.873112e-02,4.830313e-03,2.871853e-02
1.216780e-01,7.905939e-02,5.861370e-03,3.580890e-02,8.967225e-02,1.671257e-02,6.828798e-04,1.258003e-02,4.950274e-01,1.364952e-02,1.365488e-02,3.979076e-02,2.127372e-02,6.147855e-03,4.840045e-02
1.201256e-01,9.278585e-02,9.288564e-03,5.344520e-02,6.803843e-02,1.239760e-02,5.357247e-04,1.817504e-02,5.050260e-01,1.139049e-02,1.042433e-02,2.799789e-02,1.506735e-02,4.892244e-03,5.040967e-02
1.572825e-01,1.852929e-01,8.190349e-03,4.457416e-02,6.354409e-02,1.174157e-02,4.431245e-04,4.238091e-02,3.816352e-01,8.338555e-03,9.028217e-03,2.004925e-02,1.117221e-02,5.805539e-03,5.052141e-02
1.931393e-01,2.504110e-01,1.070692e-02,4.400107e-02,5.825797e-02,9.879727e-03,5.243320e-04,6.014282e-02,2.847662e-01,6.076415e-03,7.995751e-03,1.528378e-02,9.274531e-03,6.717119e-03,4.282314e-02
2.504480e-01,2.926504e-01,8.394809e-03,3.434486e-02,4.779843e-02,7.943886e-03,4.567811e-04,5.710727e-02,2.232832e-01,4.390763e-03,7.873190e-03,1.292290e-02,8.113161e-03,1.000592e-02,3.426639e-02
2.527364e-01,3.356814e-01,9.967467e-03,2.665797e-02,4.181929e-02,6.087798e-03,3.874644e-04,5.595196e-02,1.854822e-01,3.372409e-03,1.354518e-02,1.072971e-02,6.542984e-03,2.042967e-02,3.060807e-02
2.537328e-01,3.118839e-01,1.147800e-02,3.404813e-02,5.018948e-02,5.684775e-03,4.543390e-04,4.902609e-02,1.939433e-01,2.695680e-03,1.665053e-02,1.404925e-02,6.553968e-03,2.062804e-02,2.898168e-02
2.875336e-01,2.576047e-01,4.185174e-02,5.378586e-02,5.216018e-02,5.765195e-03,6.374200e-04,4.777627e-02,1.621434e-01,2.302672e-03,1.698860e-02,1.785889e-02,6.756583e-03,1.900785e-02,2.782700e-02
3.041111e-01,2.022605e-01,8.661343e-02,4.999902e-02,7.612807e-02,7.059589e-03,5.812222e-04,3.875371e-02,1.422703e-01,3.731279e-03,2.207535e-02,1.534597e-02,5.825635e-03,2.150087e-02,2.374390e-02
3.084879e-01,1.538296e-01,7.518185e-02,7.119748e-02,7.998221e-02,1.089932e-02,7.985564e-04,3.087966e-02,1.257189e-01,3.573707e-03,2.971415e-02,2.326054e-02,6.957580e-03,4.200733e-02,3.751120e-02
2.483708e-01,1.133681e-01,9.302701e-02,7.507708e-02,6.129007e-02,6.824639e-02,1.000969e-03,3.265807e-02,1.165251e-01,1.111800e-02,2.804379e-02,1.915806e-02,6.125163e-03,5.751179e-02,6.847955e-02
2.368978e-01,8.823395e-02,7.535765e-02,6.109067e-02,5.882030e-02,1.202096e-01,1.033262e-03,2.474185e-02,1.161429e-01,2.291202e-02,2.377830e-02,1.463139e-02,5.463566e-03,7.330614e-02,7.738063e-02
1.681154e-01,9.901066e-02,5.388149e-02,2.717499e-01,5.649837e-02,8.531438e-02,8.594819e-04,1.752928e-02,8.547525e-02,1.689650e-02,2.066778e-02,1.077008e-02,4.469298e-03,5.158585e-02,5.717632e-02
1.187794e-01,1.026879e-01,4.010418e-02,1.932494e-01,4.018958e-02,6.426869e-02,6.307487e-04,1.232039e-02,6.700961e-02,1.609674e-01,1.670153e-02,7.962426e-03,4.395882e-03,5.535198e-02,1.153810e-01
8.347642e-02,9.226556e-02,3.155657e-02,1.381001e-01,2.873835e-02,4.587732e-02,4.719126e-04,8.676722e-03,7.621838e-02,2.306256e-01,1.763882e-02,6.344253e-03,3.653048e-03,5.940876e-02,1.769482e-01
5.903975e-02,6.563618e-02,2.251559e-02,9.679782e-02,2.040701e-02,3.232358e-02,3.931962e-04,6.100959e-03,6.265172e-02,3.195371e-01,1.745732e-02,4.686650e-03,3.268074e-03,1.310827e-01,1.581023e-01
4.157000e-02,4.633481e-02,1.579988e-02,6.776682e-02,1.475462e-02,2.269909e-02,2.934510e-04,4.273699e-03,4.891993e-02,3.043745e-01,1.621316e-02,3.341088e-03,2.574957e-03,2.441381e-01,1.669458e-01
2.933719e-02,3.324848e-02,1.111576e-02,4.747243e-02,1.086130e-02,1.607646e-02,2.323966e-04,2.998665e-03,4.571849e-02,2.690160e-01,1.514141e-02,2.554606e-03,2.224850e-03,3.489716e-01,1.650303e-01
2.089271e-02,2.365485e-02,7.928025e-03,3.331294e-02,7.915259e-03,1.153155e-02,2.210112e-04,2.151830e-03,4.694387e-02,2.099498e-01,1.483393e-02,2.040041e-03,1.679041e-03,4.729412e-01,1.440040e-01
1.500832e-02,1.914582e-02,5.829632e-03,2.346659e-02,5.833492e-03,1.026390e-02,2.445623e-04,1.563357e-03,7.640982e-02,1.615430e-01,1.776881e-02,2.385285e-03,1.423650e-03,5.305305e-01,1.285832e-01
1.068932e-02,5.287549e-02,5.223116e-03,1.647986e-02,4.215794e-03,1.227224e-02,1.918701e-04,1.106460e-03,1.326449e-01,1.318737e-01,2.062481e-02,1.950643e-03,1.353034e-03,4.842321e-01,1.242667e-01
7.625397e-03,5.525243e-02,6.969941e-03,1.173932e-02,3.098256e-03,1.162034e-02,4.220811e-04,8.411371e-04,1.932203e-01,1.139582e-01,1.936429e-02,2.427362e-03,1.515189e-03,4.519467e-01,1.199990e-01
5.459342e-03,8.053081e-02,6.009766e-03,8.309734e-03,2.228663e-03,1.513240e-02,3.854503e-04,6.272363e-04,1.857997e-01,8.930939e-02,1.998867e-02,3.223847e-03,1.658529e-03,4.825814e-01,9.875502e-02
4.225788e-03,1.004039e-01,5.381121e-03,6.020879e-03,1.749514e-03,1.715714e-02,3.261996e-04,5.557028e-04,2.245059e-01,7.759370e-02,1.744292e-02,3.091888e-03,1.695688e-03,4.689540e-01,7.089569e-02
3.163567e-03,1.089487e-01,4.142253e-03,4.362408e-03,1.323314e-03,1.552794e-02,2.372554e-04,4.110308e-04,2.476771e-01,7.322799e-02,1.564501e-02,3.030978e-03,1.582486e-03,4.681708e-01,5.254902e-02
2.383088e-03,1.468412e-01,3.120865e-03,3.176011e-03,9.764203e-04,1.696980e-02,1.710160e-04,3.023906e-04,2.829433e-01,5.965040e-02,1.434391e-02,2.474257e-03,1.383524e-03,4.240134e-01,4.125042e-02
1.754013e-03,1.104037e-01,2.534104e-03,3.219285e-03,6.991797e-04,1.246404e-02,1.242384e-04,2.336684e-04,4.511696e-01,4.408842e-02,1.104532e-02,1.904404e-03,1.210649e-03,3.279447e-01,3.120467e-02
1.396259e-03,9.437492e-02,2.589257e-03,2.491974e-03,5.147937e-04,1.027767e-02,1.005186e-04,2.041246e-04,5.151318e-01,3.664384e-02,8.973754e-03,1.526242e-03,1.251746e-03,2.857535e-01,3.876953e-02
1.586751e-03,8.277797e-02,2.570130e-03,1.885493e-03,3.823686e-04,1.112540e-02,8.028492e-05,1.925513e-04,4.298251e-01,3.275157e-02,1.098588e-02,1.542898e-03,1.717527e-03,3.914069e-01,3.116916e-02
1.370005e-03,6.283065e-02,2.911706e-03,1.916774e-03,2.879564e-04,8.510566e-03,6.117900e-05,1.869168e-04,4.825801e-01,3.315813e-02,1.003482e-02,1.560312e-03,3.611069e-03,3.565006e-01,3.447923e-02
2.336736e-03,8.281137e-02,2.682200e-03,1.601470e-03,5.102123e-04,2.203801e-02,5.140337e-05,1.911390e-04,4.441460e-01,2.960715e-02,8.357788e-03,1.519474e-03,3.098378e-03,3.729404e-01,2.810830e-02
4.609404e-03,8.522254e-02,2.313211e-03,2.501684e-03,1.488320e-03,3.019218e-02,7.846773e-05,1.812567e-03,4.332672e-01,2.487893e-02,7.777373e-03,1.207619e-03,3.476249e-03,3.779023e-01,2.327194e-02
9.793024e-03,8.161615e-02,2.692857e-03,9.546846e-03,4.097793e-03,2.949614e-02,3.200856e-04,1.971746e-02,4.574230e-01,2.262908e-02,7.860144e-03,9.494743e-04,4.069659e-03,3.271574e-01,2.263088e-02
1.565355e-02,1.043473e-01,3.395900e-03,9.786726e-03,9.787112e-03,2.822513e-02,2.511955e-04,1.624766e-02,4.934552e-01,2.500147e-02,8.805413e-03,7.447681e-04,3.477488e-03,2.557136e-01,2.510754e-02
1.532562e-02,1.836870e-01,3.041566e-03,9.124862e-03,1.132784e-02,2.981004e-02,1.932184e-04,1.404091e-02,4.797547e-01,2.098645e-02,9.211374e-03,6.049502e-04,2.686840e-03,1.958602e-01,2.434455e-02
2.263872e-02,1.794970e-01,6.177011e-03,1.634369e-02,3.224838e-02,3.220564e-02,7.643324e-04,5.775555e-02,4.543029e-01,1.682187e-02,7.626506e-03,5.530725e-04,2.220567e-03,1.501120e-01,2.073275e-02
4.177938e-02,1.437602e-01,1.104325e-02,2.245063e-02,4.578954e-02,7.831444e-02,8.282795e-04,5.161090e-02,4.487340e-01,1.314272e-02,9.189866e-03,7.557902e-04,1.995265e-03,1.115810e-01,1.902478e-02
4.993352e-02,1.274536e-01,9.802694e-03,1.979401e-02,4.987276e-02,1.059419e-01,7.209631e-04,3.858051e-02,4.619002e-01,9.803748e-03,1.400752e-02,1.062371e-03,1.972450e-03,8.807597e-02,2.107786e-02
5.177760e-02,9.771713e-02,1.192904e-02,1.676941e-02,4.292195e-02,2.557501e-01,9.702269e-04,3.296124e-02,3.817538e-01,7.047226e-03,1.291572e-02,1.307108e-03,1.810458e-03,6.789894e-02,1.647004e-02
5.376419e-02,9.612052e-02,1.224984e-02,1.387547e-02,3.636228e-02,3.730846e-01,1.183999e-03,2.575223e-02,2.986948e-01,5.274339e-03,1.217949e-02,1.519426e-03,2.055560e-03,5.405469e-02,1.382853e-02
5.205067e-02,7.369870e-02,1.000368e-02,1.099734e-02,2.704141e-02,4.854653e-01,1.085633e-03,1.941266e-02,2.359961e-01,4.587842e-03,1.577000e-02,1.602055e-03,2.044964e-03,4.468310e-02,1.556061e-02
7.440975e-02,5.869247e-02,8.102358e-03,9.185323e-03,2.034530e-02,4.839231e-01,2.220270e-03,1.477575e-02,1.867935e-01,6.186493e-03,6.582858e-02,5.438702e-03,4.600739e-03,4.304599e-02,1.645162e-02
6.657346e-02,4.355970e-02,7.149832e-03,7.488059e-03,1.512120e-02,4.397205e-01,2.571001e-03,1.125129e-02,1.374358e-01,6.546489e-03,1.755031e-01,8.174211e-03,6.303483e-03,5.671778e-02,1.588408e-02
6.930641e-02,3.200825e-02,6.334469e-03,5.782080e-03,1.095383e-02,3.762569e-01,3.109124e-03,1.275046e-02,9.964707e-02,1.010576e-02,2.471849e-01,2.059763e-02,6.339014e-03,8.125198e-02,1.837206e-02
5.334982e-02,2.311004e-02,4.886914e-03,4.377423e-03,7.880631e-03,2.944743e-01,2.734968e-03,1.080542e-02,7.153307e-02,2.982101e-02,3.419594e-01,2.609253e-02,6.157241e-03,8.935191e-02,3.346530e-02
4.615919e-02,1.742988e-02,3.801266e-03,3.575384e-03,6.056246e-03,2.132897e-01,2.252017e-03,9.167659e-03,5.524966e-02,4.908162e-02,4.317488e-01,2.825231e-02,5.180832e-03,9.278690e-02,3.596849e-02
6.724855e-02,1.414750e-02,4.767556e-03,3.986077e-03,5.917822e-03,1.624085e-01,2.730775e-03,1.243616e-02,4.857308e-02,4.397082e-02,4.768111e-01,4.445043e-02,4.834601e-03,7.888677e-02,2.883030e-02
1.102610e-01,1.220628e-02,6.499908e-03,4.864453e-03,5.508965e-03,1.304803e-01,3.267364e-03,1.455549e-02,3.866481e-02,3.593452e-02,4.925044e-01,5.106271e-02,4.417381e-03,6.830969e-02,2.146281e-02
1.207099e-01,1.120436e-02,7.483924e-03,8.216451e-03,5.966103e-03,1.009244e-01,2.575432e-03,1.176680e-02,3.251860e-02,2.632291e-02,5.270554e-01,6.960191e-02,4.048433e-03,5.495109e-02,1.665425e-02
1.773719e-01,1.645998e-02,8.177682e-03,7.910052e-03,5.171984e-03,7.702841e-02,2.555203e-03,1.333776e-02,2.905517e-02,2.125879e-02,4.776075e-01,8.202963e-02,3.633006e-03,6.488460e-02,1.351843e-02
2.167957e-01,1.413395e-02,7.262883e-03,6.973818e-03,4.251908e-03,5.660420e-02,2.333700e-03,1.114141e-02,3.070853e-02,1.759334e-02,4.682051e-01,8.484480e-02,3.334042e-03,6.524510e-02,1.057166e-02
2.249724e-01,1.364285e-02,9.202255e-03,1.662405e-02,8.047595e-03,4.733359e-02,2.202211e-03,1.029142e-02,4.607289e-02,1.677867e-02,4.620192e-01,6.879473e-02,3.927724e-03,5.903061e-02,1.105979e-02
2.527409e-01,1.445962e-02,8.509749e-03,1.716678e-02,8.779950e-03,3.919658e-02,1.963498e-03,8.268707e-03,5.504105e-02,1.605286e-02,4.440721e-01,5.652532e-02,4.491857e-03,6.208077e-02,1.065027e-02
2.712136e-01,1.668651e-02,8.610906e-03,1.860418e-02,1.147981e-02,2.991042e-02,1.758974e-03,7.273962e-03,5.763907e-02,1.599077e-02,4.011434e-01,5.153461e-02,5.702708e-03,9.123872e-02,1.121234e-02
2.473720e-01,1.657514e-02,8.213876e-03,1.793927e-02,1.258841e-02,2.238812e-02,1.585355e-03,8.336661e-03,5.824888e-02,1.808061e-02,4.191411e-01,4.761084e-02,7.160852e-03,1.055448e-01,9.214043e-03
2.829328e-01,1.793915e-02,7.251935e-03,2.660207e-02,1.481366e-02,1.964893e-02,1.898174e-03,9.229250e-03,6.229344e-02,1.782717e-02,3.824461e-01,4.164912e-02,9.497386e-03,9.712752e-02,8.843332e-03
3.336261e-01,1.741397e-02,6.247143e-03,2.325315e-02,1.262707e-02,1.722999e-02,1.992796e-03,8.851312e-03,4.860115e-02,1.645603e-02,3.821588e-01,3.825964e-02,9.201435e-03,7.591498e-02,8.166501e-03
4.184640e-01,2.158667e-02,5.910115e-03,1.898558e-02,1.134530e-02,1.501456e-02,1.972558e-03,7.406944e-03,3.769170e-02,1.509428e-02,3.309457e-01,3.648499e-02,7.782995e-03,6.295949e-02,8.355090e-03
3.806883e-01,2.191979e-02,5.869223e-03,1.982471e-02,2.041044e-02,1.519534e-02,3.487207e-03,9.108609e-03,3.658584e-02,1.617898e-02,3.638060e-01,3.336774e-02,8.996007e-03,5.458685e-02,9.974930e-03
3.587200e-01,2.163406e-02,7.679062e-03,2.595730e-02,3.215312e-02,1.457954e-02,3.194097e-03,1.586070e-02,4.242208e-02,2.246308e-02,3.260865e-01,3.735557e-02,9.777464e-03,7.213876e-02,9.978737e-03
4.300759e-01,1.917431e-02,7.433428e-03,3.128527e-02,2.673592e-02,1.575197e-02,2.961000e-03,1.636456e-02,4.413401e-02,2.000760e-02,2.658153e-01,3.602566e-02,9.189866e-03,6.368031e-02,1.136490e-02
3.474496e-01,3.078590e-02,5.751254e-03,2.642642e-02,2.637077e-02,1.580028e-02,2.398736e-03,1.947356e-02,2.189123e-01,1.599475e-02,1.962820e-01,2.826145e-02,6.807247e-03,4.967362e-02,9.612151e-03
2.926179e-01,4.488895e-02,1.168333e-02,2.784260e-02,5.185988e-02,3.592026e-02,2.515258e-03,3.690843e-02,2.480791e-01,1.733268e-02,1.525538e-01,2.157208e-02,5.832394e-03,4.084993e-02,9.543463e-03
2.295815e-01,4.896151e-02,2.438872e-02,4.812397e-02,5.491741e-02,2.898575e-02,2.395253e-03,6.950683e-02,3.052001e-01,1.346525e-02,1.168349e-01,1.561792e-02,4.530548e-03,2.998272e-02,7.507605e-03
1.658954e-01,3.798535e-02,2.182653e-02,3.823385e-02,4.752474e-02,2.272001e-02,1.860202e-03,2.406146e-01,2.896315e-01,9.503707e-03,8.331697e-02,1.102795e-02,3.409997e-03,2.108095e-02,5.368275e-03
1.179084e-01,2.701982e-02,1.577140e-02,2.708921e-02,4.293767e-02,1.654439e-02,1.415045e-03,4.463792e-01,2.110613e-01,6.660197e-03,5.853261e-02,7.730260e-03,2.423250e-03,1.476469e-02,3.762588e-03
8.459714e-02,1.902054e-02,1.132181e-02,1.917521e-02,3.547283e-02,1.187180e-02,1.053596e-03,6.030506e-01,1.485797e-01,4.679497e-03,4.103803e-02,5.425320e-03,1.716709e-03,1.035458e-02,2.642663e-03
6.129589e-02,1.344257e-02,8.492542e-03,1.356974e-02,2.884673e-02,8.894785e-03,8.548156e-04,7.138788e-01,1.043984e-01,3.287324e-03,2.877906e-02,3.833620e-03,1.285334e-03,7.275594e-03,1.864898e-03
4.562197e-02,9.574223e-03,6.231659e-03,9.680561e-03,2.557809e-02,6.683111e-03,7.478704e-04,7.893085e-01,7.376631e-02,2.318630e-03,2.024470e-02,2.763374e-03,9.762659e-04,5.176236e-03,1.328457e-03
3.609890e-02,6.928455e-03,4.747519e-03,7.118034e-03,2.261686e-02,5.433562e-03,8.662187e-04,8.403040e-01,5.237992e-02,1.640411e-03,1.429655e-02,2.064510e-03,8.055007e-04,3.724330e-03,9.752275e-04
3.068697e-02,4.972358e-03,3.857618e-03,5.288803e-03,2.064004e-02,4.873567e-03,1.653126e-03,8.740176e-01,3.719623e-02,1.153689e-03,1.009111e-02,1.510341e-03,6.925773e-04,2.642217e-03,7.236973e-04
2.596313e-02,3.517320e-03,2.916598e-03,3.979381e-03,1.688066e-02,5.742045e-03,3.243871e-03,8.993483e-01,2.622553e-02,8.182586e-04,7.110551e-03,1.115906e-03,7.246513e-04,1.885034e-03,5.287951e-04
2.231220e-02,2.503073e-03,2.474503e-03,3.094129e-03,1.495038e-02,5.091714e-03,3.961991e-03,9.182189e-01,1.854397e-02,5.796750e-04,5.025029e-03,8.264878e-04,6.606533e-04,1.362484e-03,3.948209e-04
2.162910e-02,1.848453e-03,2.611284e-03,2.645234e-03,1.659023e-02,3.958044e-03,3.706057e-03,9.272563e-01,1.325149e-02,4.187470e-04,3.606904e-03,6.476980e-04,5.416992e-04,9.854963e-04,3.032383e-04
2.114676e-02,1.384026e-03,2.439042e-03,2.238233e-03,1.819752e-02,3.032500e-03,2.985805e-03,9.342723e-01,9.419496e-03,3.051970e-04,2.591891e-03,5.387673e-04,5.044352e-04,7.097345e-04,2.342927e-04
1.886919e-02,1.031258e-03,2.534800e-03,3.075193e-03,1.745006e-02,2.347582e-03,2.407651e-03,9.418665e-01,6.732931e-03,2.232449e-04,1.874800e-03,4.416736e-04,4.581411e-04,5.096894e-04,1.772107e-04
5.242375e-02,9.178694e-04,1.921128e-03,3.650592e-03,1.462635e-02,5.137818e-03,2.340960e-03,7.871467e-01,5.741928e-03,4.777255e-04,8.388355e-03,7.949619e-02,3.610516e-02,1.313741e-03,3.116249e-04
5.970699e-02,9.461998e-04,1.521920e-03,6.745274e-03,1.195230e-02,1.007473e-02,2.029023e-03,6.143171e-01,6.011700e-03,1.573874e-03,1.683801e-02,2.083074e-01,5.522116e-02,4.218853e-03,5.353432e-04
4.410291e-02,7.930448e-04,1.191990e-03,5.292317e-03,9.858651e-03,1.202948e-02,2.066766e-03,4.368139e-01,7.398729e-03,1.133632e-03,1.679903e-02,4.095124e-01,4.933861e-02,3.214031e-03,4.544551e-04
3.183280e-02,7.415430e-04,9.343118e-04,4.013834e-03,8.822744e-03,1.215701e-02,1.836676e-03,3.073505e-01,9.373443e-03,8.577003e-04,4.400005e-02,5.380116e-01,3.671708e-02,2.913817e-03,4.369558e-04
2.294758e-02,1.458583e-03,7.622357e-04,2.844425e-03,7.572724e-03,9.129260e-03,1.382228e-03,2.153011e-01,8.996900e-03,8.800138e-04,1.404022e-01,5.558652e-01,2.931988e-02,2.727701e-03,4.099837e-04
1.617512e-02,1.607748e-03,6.318724e-04,2.009353e-03,5.668628e-03,6.496559e-03,9.736919e-04,1.507749e-01,7.169005e-03,7.096723e-04,2.992074e-01,4.842345e-01,2.121473e-02,2.835298e-03,2.916100e-04
1.143211e-02,2.581912e-03,5.822500e-04,1.426593e-03,4.267581e-03,4.611349e-03,6.859917e-04,1.056001e-01,6.178415e-03,6.070692e-04,4.223225e-01,4.214892e-01,1.531525e-02,2.688455e-03,2.112111e-04
8.031992e-03,3.166552e-03,4.928319e-04,1.015631e-03,3.347964e-03,3.250843e-03,4.902324e-04,7.397650e-02,6.970819e-03,4.898023e-04,4.252563e-01,4.597245e-01,1.105953e-02,2.575382e-03,1.511165e-04
5.670893e-03,3.955137e-03,9.061611e-04,7.944320e-04,2.880612e-03,2.321792e-03,3.607931e-04,5.195164e-02,6.348879e-03,4.177703e-04,3.494290e-01,5.646745e-01,8.099243e-03,2.080058e-03,1.091732e-04
