1.000000e+00,0.000000e+00,0.000000e+00,0.000000e+00,0.000000e+00,0.000000e+00,0.000000e+00,0.000000e+00,0.000000e+00,0.000000e+00,0.000000e+00,0.000000e+00,0.000000e+00,0.000000e+00,0.000000e+00
1.000000e+00,0.000000e+00,0.000000e+00,0.000000e+00,0.000000e+00,0.000000e+00,0.000000e+00,0.000000e+00,0.000000e+00,0.000000e+00,0.000000e+00,0.000000e+00,0.000000e+00,0.000000e+00,0.000000e+00
1.000000e+00,0.000000e+00,0.000000e+00,0.000000e+00,0.000000e+00,0.000000e+00,0.000000e+00,0.000000e+00,0.000000e+00,0.000000e+00,0.000000e+00,0.000000e+00,0.000000e+00,0.000000e+00,0.000000e+00
1.000000e+00,0.000000e+00,0.000000e+00,0.000000e+00,0.000000e+00,0.000000e+00,0.000000e+00,0.000000e+00,0.000000e+00,0.000000e+00,0.000000e+00,0.000000e+00,0.000000e+00,0.000000e+00,0.000000e+00
1.000000e+00,0.000000e+00,0.000000e+00,0.000000e+00,0.000000e+00,0.000000e+00,0.000000e+00,0.000000e+00,0.000000e+00,0.000000e+00,0.000000e+00,0.000000e+00,0.000000e+00,0.000000e+00,0.000000e+00
1.000000e+00,0.000000e+00,0.000000e+00,0.000000e+00,0.000000e+00,0.000000e+00,0.000000e+00,0.000000e+00,0.000000e+00,0.000000e+00,0.000000e+00,0.000000e+00,0.000000e+00,0.000000e+00,0.000000e+00
1.000000e+00,0.000000e+00,0.000000e+00,0.000000e+00,0.000000e+00,0.000000e+00,0.000000e+00,0.000000e+00,0.000000e+00,0.000000e+00,0.000000e+00,0.000000e+00,0.000000e+00,0.000000e+00,0.000000e+00
1.000000e+00,0.000000e+00,0.000000e+00,0.000000e+00,0.000000e+00,0.000000e+00,0.000000e+00,0.000000e+00,0.000000e+00,0.000000e+00,0.000000e+00,0.000000e+00,0.000000e+00,0.000000e+00,0.000000e+00
1.000000e+00,0.000000e+00,0.000000e+00,0.000000e+00,0.000000e+00,0.000000e+00,0.000000e+00,0.000000e+00,0.000000e+00,0.000000e+00,0.000000e+00,0.000000e+00,0.000000e+00,0.000000e+00,0.000000e+00
1.000000e+00,0.000000e+00,0.000000e+00,0.000000e+00,0.000000e+00,0.000000e+00,0.000000e+00,0.000000e+00,0.000000e+00,0.000000e+00,0.000000e+00,0.000000e+00,0.000000e+00,0.000000e+00,0.000000e+00
1.000000e+00,0.000000e+00,0.000000e+00,0.000000e+00,0.000000e+00,0.000000e+00,0.000000e+00,0.000000e+00,0.000000e+00,0.000000e+00,0.000000e+00,0.000000e+00,0.000000e+00,0.000000e+00,0.000000e+00
1.000000e+00,0.000000e+00,0.000000e+00,0.000000e+00,0.000000e+00,0.000000e+00,0.000000e+00,0.000000e+00,0.000000e+00,0.000000e+00,0.000000e+00,0.000000e+00,0.000000e+00,0.000000e+00,0.000000e+00
1.000000e+00,0.000000e+00,0.000000e+00,0.000000e+00,0.000000e+00,0.000000e+00,0.000000e+00,0.000000e+00,0.000000e+00,0.000000e+00,0.000000e+00,0.000000e+00,0.000000e+00,0.000000e+00,0.000000e+00
1.000000e+00,0.000000e+00,0.000000e+00,0.000000e+00,0.000000e+00,0.000000e+00,0.000000e+00,0.000000e+00,0.000000e+00,0.000000e+00,0.000000e+00,0.000000e+00,0.000000e+00,0.000000e+00,0.000000e+00
1.000000e+00,0.000000e+00,0.000000e+00,0.000000e+00,0.000000e+00,0.000000e+00,0.000000e+00,0.000000e+00,0.000000e+00,0.000000e+00,0.000000e+00,0.000000e+00,0.000000e+00,0.000000e+00,0.000000e+00
1.000000e+00,0.000000e+00,0.000000e+00,0.000000e+00,0.000000e+00,0.000000e+00,0.000000e+00,0.000000e+00,0.000000e+00,0.000000e+00,0.000000e+00,0.000000e+00,0.000000e+00,0.000000e+00,0.000000e+00
1.000000e+00,0.000000e+00,0.000000e+00,0.000000e+00,0.000000e+00,0.000000e+00,0.000000e+00,0.000000e+00,0.000000e+00,0.000000e+00,0.000000e+00,0.000000e+00,0.000000e+00,0.000000e+00,0.000000e+00
1.000000e+00,0.000000e+00,0.000000e+00,0.000000e+00,0.000000e+00,0.000000e+00,0.000000e+00,0.000000e+00,0.000000e+00,0.000000e+00,0.000000e+00,0.000000e+00,0.000000e+00,0.000000e+00,0.000000e+00
1.000000e+00,0.000000e+00,0.000000e+00,0.000000e+00,0.000000e+00,0.000000e+00,0.000000e+00,0.000000e+00,0.000000e+00,0.000000e+00,0.000000e+00,0.000000e+00,0.000000e+00,0.000000e+00,0.000000e+00
1.000000e+00,0.000000e+00,0.000000e+00,0.000000e+00,0.000000e+00,0.000000e+00,0.000000e+00,0.000000e+00,0.000000e+00,0.000000e+00,0.000000e+00,0.000000e+00,0.000000e+00,0.000000e+00,0.000000e+00
1.000000e+00,0.000000e+00,0.000000e+00,0.000000e+00,0.000000e+00,0.000000e+00,0.000000e+00,0.000000e+00,0.000000e+00,0.000000e+00,0.000000e+00,0.000000e+00,0.000000e+00,0.000000e+00,0.000000e+00
1.000000e+00,0.000000e+00,0.000000e+00,0.000000e+00,0.000000e+00,0.000000e+00,0.000000e+00,0.000000e+00,0.000000e+00,0.000000e+00,0.000000e+00,0.000000e+00,0.000000e+00,0.000000e+00,0.000000e+00
1.000000e+00,0.000000e+00,0.000000e+00,0.000000e+00,0.000000e+00,0.000000e+00,0.000000e+00,0.000000e+00,0.000000e+00,0.000000e+00,0.000000e+00,0.000000e+00,0.000000e+00,0.000000e+00,0.000000e+00
1.000000e+00,0.000000e+00,0.000000e+00,0.000000e+00,0.000000e+00,0.000000e+00,0.000000e+00,0.000000e+00,0.000000e+00,0.000000e+00,0.000000e+00,0.000000e+00,0.000000e+00,0.000000e+00,0.000000e+00
1.000000e+00,0.000000e+00,0.000000e+00,0.000000e+00,0.000000e+00,0.000000e+00,0.000000e+00,0.000000e+00,0.000000e+00,0.000000e+00,0.000000e+00,0.000000e+00,0.000000e+00,0.000000e+00,0.000000e+00
1.000000e+00,0.000000e+00,0.000000e+00,0.000000e+00,0.000000e+00,0.000000e+00,0.000000e+00,0.000000e+00,0.000000e+00,0.000000e+00,0.000000e+00,0.000000e+00,0.000000e+00,0.000000e+00,0.000000e+00
1.000000e+00,0.000000e+00,0.000000e+00,0.000000e+00,0.000000e+00,0.000000e+00,0.000000e+00,0.000000e+00,0.000000e+00,0.000000e+00,0.000000e+00,0.000000e+00,0.000000e+00,0.000000e+00,0.000000e+00
1.000000e+00,0.000000e+00,0.000000e+00,0.000000e+00,0.000000e+00,0.000000e+00,0.000000e+00,0.000000e+00,0.000000e+00,0.000000e+00,0.000000e+00,0.000000e+00,0.000000e+00,0.000000e+00,0.000000e+00
1.000000e+00,0.000000e+00,0.000000e+00,0.000000e+00,0.000000e+00,0.000000e+00,0.000000e+00,0.000000e+00,0.000000e+00,0.000000e+00,0.000000e+00,0.000000e+00,0.000000e+00,0.000000e+00,0.000000e+00
1.000000e+00,0.000000e+00,0.000000e+00,0.000000e+00,0.000000e+00,0.000000e+00,0.000000e+00,0.000000e+00,0.000000e+00,0.000000e+00,0.000000e+00,0.000000e+00,0.000000e+00,0.000000e+00,0.000000e+00
1.000000e+00,0.000000e+00,0.000000e+00,0.000000e+00,0.000000e+00,0.000000e+00,0.000000e+00,0.000000e+00,0.000000e+00,0.000000e+00,0.000000e+00,0.000000e+00,0.000000e+00,0.000000e+00,0.000000e+00
1.000000e+00,0.000000e+00,0.000000e+00,0.000000e+00,0.000000e+00,0.000000e+00,0.000000e+00,0.000000e+00,0.000000e+00,0.000000e+00,0.000000e+00,0.000000e+00,0.000000e+00,0.000000e+00,0.000000e+00
1.000000e+00,0.000000e+00,0.000000e+00,0.000000e+00,0.000000e+00,0.000000e+00,0.000000e+00,0.000000e+00,0.000000e+00,0.000000e+00,0.000000e+00,0.000000e+00,0.000000e+00,0.000000e+00,0.000000e+00
1.000000e+00,0.000000e+00,0.000000e+00,0.000000e+00,0.000000e+00,0.000000e+00,0.000000e+00,0.000000e+00,0.000000e+00,0.000000e+00,0.000000e+00,0.000000e+00,0.000000e+00,0.000000e+00,0.000000e+00
1.000000e+00,0.000000e+00,0.000000e+00,0.000000e+00,0.000000e+00,0.000000e+00,0.000000e+00,0.000000e+00,0.000000e+00,0.000000e+00,0.000000e+00,0.000000e+00,0.000000e+00,0.000000e+00,0.000000e+00
1.000000e+00,0.000000e+00,0.000000e+00,0.000000e+00,0.000000e+00,0.000000e+00,0.000000e+00,0.000000e+00,0.000000e+00,0.000000e+00,0.000000e+00,0.000000e+00,0.000000e+00,0.000000e+00,0.000000e+00
1.000000e+00,0.000000e+00,0.000000e+00,0.000000e+00,0.000000e+00,0.000000e+00,0.000000e+00,0.000000e+00,0.000000e+00,0.000000e+00,0.000000e+00,0.000000e+00,0.000000e+00,0.000000e+00,0.000000e+00
1.000000e+00,0.000000e+00,0.000000e+00,0.000000e+00,0.000000e+00,0.000000e+00,0.000000e+00,0.000000e+00,0.000000e+00,0.000000e+00,0.000000e+00,0.000000e+00,0.000000e+00,0.000000e+00,0.000000e+00
1.000000e+00,0.000000e+00,0.000000e+00,0.000000e+00,0.000000e+00,0.000000e+00,0.000000e+00,0.000000e+00,0.000000e+00,0.000000e+00,0.000000e+00,0.000000e+00,0.000000e+00,0.000000e+00,0.000000e+00
1.000000e+00,0.000000e+00,0.000000e+00,0.000000e+00,0.000000e+00,0.000000e+00,0.000000e+00,0.000000e+00,0.000000e+00,0.000000e+00,0.000000e+00,0.000000e+00,0.000000e+00,0.000000e+00,0.000000e+00
1.000000e+00,0.000000e+00,0.000000e+00,0.000000e+00,0.000000e+00,0.000000e+00,0.000000e+00,0.000000e+00,0.000000e+00,0.000000e+00,0.000000e+00,0.000000e+00,0.000000e+00,0.000000e+00,0.000000e+00
1.000000e+00,0.000000e+00,0.000000e+00,0.000000e+00,0.000000e+00,0.000000e+00,0.000000e+00,0.000000e+00,0.000000e+00,0.000000e+00,0.000000e+00,0.000000e+00,0.000000e+00,0.000000e+00,0.000000e+00
1.000000e+00,0.000000e+00,0.000000e+00,0.000000e+00,0.000000e+00,0.000000e+00,0.000000e+00,0.000000e+00,0.000000e+00,0.000000e+00,0.000000e+00,0.000000e+00,0.000000e+00,0.000000e+00,0.000000e+00
1.000000e+00,0.000000e+00,0.000000e+00,0.000000e+00,0.000000e+00,0.000000e+00,0.000000e+00,0.000000e+00,0.000000e+00,0.000000e+00,0.000000e+00,0.000000e+00,0.000000e+00,0.000000e+00,0.000000e+00
1.000000e+00,0.000000e+00,0.000000e+00,0.000000e+00,0.000000e+00,0.000000e+00,0.000000e+00,0.000000e+00,0.000000e+00,0.000000e+00,0.000000e+00,0.000000e+00,0.000000e+00,0.000000e+00,0.000000e+00
1.000000e+00,0.000000e+00,0.000000e+00,0.000000e+00,0.000000e+00,0.000000e+00,0.000000e+00,0.000000e+00,0.000000e+00,0.000000e+00,0.000000e+00,0.000000e+00,0.000000e+00,0.000000e+00,0.000000e+00
1.000000e+00,0.000000e+00,0.000000e+00,0.000000e+00,0.000000e+00,0.000000e+00,0.000000e+00,0.000000e+00,0.000000e+00,0.000000e+00,0.000000e+00,0.000000e+00,0.000000e+00,0.000000e+00,0.000000e+00
1.000000e+00,0.000000e+00,0.000000e+00,0.000000e+00,0.000000e+00,0.000000e+00,0.000000e+00,0.000000e+00,0.000000e+00,0.000000e+00,0.000000e+00,0.000000e+00,0.000000e+00,0.000000e+00,0.000000e+00
1.000000e+00,0.000000e+00,0.000000e+00,0.000000e+00,0.000000e+00,0.000000e+00,0.000000e+00,0.000000e+00,0.000000e+00,0.000000e+00,0.000000e+00,0.000000e+00,0.000000e+00,0.000000e+00,0.000000e+00
1.000000e+00,0.000000e+00,0.000000e+00,0.000000e+00,0.000000e+00,0.000000e+00,0.000000e+00,0.000000e+00,0.000000e+00,0.000000e+00,0.000000e+00,0.000000e+00,0.000000e+00,0.000000e+00,0.000000e+00
1.000000e+00,0.000000e+00,0.000000e+00,0.000000e+00,0.000000e+00,0.000000e+00,0.000000e+00,0.000000e+00,0.000000e+00,0.000000e+00,0.000000e+00,0.000000e+00,0.000000e+00,0.000000e+00,0.000000e+00
1.000000e+00,0.000000e+00,0.000000e+00,0.000000e+00,0.000000e+00,0.000000e+00,0.000000e+00,0.000000e+00,0.000000e+00,0.000000e+00,0.000000e+00,0.000000e+00,0.000000e+00,0.000000e+00,0.000000e+00
1.000000e+00,0.000000e+00,0.000000e+00,0.000000e+00,0.000000e+00,0.000000e+00,0.000000e+00,0.000000e+00,0.000000e+00,0.000000e+00,0.000000e+00,0.000000e+00,0.000000e+00,0.000000e+00,0.000000e+00
1.000000e+00,0.000000e+00,0.000000e+00,0.000000e+00,0.000000e+00,0.000000e+00,0.000000e+00,0.000000e+00,0.000000e+00,0.000000e+00,0.000000e+00,0.000000e+00,0.000000e+00,0.000000e+00,0.000000e+00
1.000000e+00,0.000000e+00,0.000000e+00,0.000000e+00,0.000000e+00,0.000000e+00,0.000000e+00,0.000000e+00,0.000000e+00,0.000000e+00,0.000000e+00,0.000000e+00,0.000000e+00,0.000000e+00,0.000000e+00
1.000000e+00,0.000000e+00,0.000000e+00,0.000000e+00,0.000000e+00,0.000000e+00,0.000000e+00,0.000000e+00,0.000000e+00,0.000000e+00,0.000000e+00,0.000000e+00,0.000000e+00,0.000000e+00,0.000000e+00
1.000000e+00,0.000000e+00,0.000000e+00,0.000000e+00,0.000000e+00,0.000000e+00,0.000000e+00,0.000000e+00,0.000000e+00,0.000000e+00,0.000000e+00,0.000000e+00,0.000000e+00,0.000000e+00,0.000000e+00
1.000000e+00,0.000000e+00,0.000000e+00,0.000000e+00,0.000000e+00,0.000000e+00,0.000000e+00,0.000000e+00,0.000000e+00,0.000000e+00,0.000000e+00,0.000000e+00,0.000000e+00,0.000000e+00,0.000000e+00
1.000000e+00,0.000000e+00,0.000000e+00,0.000000e+00,0.000000e+00,0.000000e+00,0.000000e+00,0.000000e+00,0.000000e+00,0.000000e+00,0.000000e+00,0.000000e+00,0.000000e+00,0.000000e+00,0.000000e+00
1.000000e+00,0.000000e+00,0.000000e+00,0.000000e+00,0.000000e+00,0.000000e+00,0.000000e+00,0.000000e+00,0.000000e+00,0.000000e+00,0.000000e+00,0.000000e+00,0.000000e+00,0.000000e+00,0.000000e+00
1.000000e+00,0.000000e+00,0.000000e+00,0.000000e+00,0.000000e+00,0.000000e+00,0.000000e+00,0.000000e+00,0.000000e+00,0.000000e+00,0.000000e+00,0.000000e+00,0.000000e+00,0.000000e+00,0.000000e+00
1.000000e+00,0.000000e+00,0.000000e+00,0.000000e+00,0.000000e+00,0.000000e+00,0.000000e+00,0.000000e+00,0.000000e+00,0.000000e+00,0.000000e+00,0.000000e+00,0.000000e+00,0.000000e+00,0.000000e+00
4.169208e-01,1.043401e-02,1.208394e-02,1.425182e-02,1.008484e-02,2.369481e-02,1.556664e-01,3.074048e-01,3.590439e-03,9.846340e-04,7.193385e-03,9.994580e-03,1.204065e-02,4.605352e-03,1.104959e-02
3.156893e-01,8.180064e-03,1.059442e-02,1.047609e-02,8.787093e-03,2.287346e-02,2.140568e-01,3.684243e-01,2.783633e-03,7.832607e-04,5.479322e-03,7.775301e-03,1.168117e-02,3.887828e-03,8.528077e-03
2.253309e-01,5.891087e-03,8.118590e-03,7.542436e-03,6.760281e-03,2.256352e-02,2.955294e-01,3.972608e-01,1.983388e-03,5.683007e-04,3.920595e-03,5.732912e-03,9.830191e-03,2.841209e-03,6.126403e-03
1.581060e-01,4.142948e-03,5.943504e-03,5.340623e-03,5.226815e-03,1.652773e-02,2.324744e-01,5.503434e-01,1.392985e-03,4.022157e-04,2.767323e-03,4.034526e-03,6.976952e-03,2.014086e-03,4.306541e-03
1.114157e-01,2.995172e-03,4.930993e-03,4.497081e-03,4.191688e-03,2.958421e-02,1.889228e-01,6.332334e-01,1.068688e-03,3.793439e-04,2.063486e-03,3.365400e-03,8.631416e-03,1.490382e-03,3.230317e-03
8.009548e-02,2.618786e-03,5.125256e-03,4.724427e-03,4.169860e-03,4.104955e-02,1.814566e-01,5.823978e-01,2.929841e-03,4.826892e-03,3.024907e-03,6.306212e-03,7.242333e-02,1.817438e-03,7.033611e-03
5.796934e-02,2.551875e-03,4.472804e-03,4.941650e-03,8.301949e-03,3.123544e-02,1.439685e-01,5.992468e-01,5.024027e-03,9.922720e-03,1.436618e-02,9.628744e-03,9.152518e-02,4.699650e-03,1.214516e-02
4.145469e-02,2.012025e-03,3.176367e-03,4.155267e-03,7.133357e-03,2.219943e-02,1.020019e-01,4.377067e-01,5.676958e-03,1.366514e-02,4.974723e-02,2.343812e-02,2.161779e-01,2.536333e-02,4.609154e-02
3.039462e-02,2.295113e-03,2.784727e-03,7.410327e-03,9.682076e-03,1.634294e-02,7.174383e-02,3.082440e-01,1.496174e-02,1.756335e-02,4.579334e-02,1.940449e-02,1.818429e-01,9.829702e-02,1.732396e-01
2.292823e-02,2.137661e-03,2.682658e-03,8.985874e-03,8.031314e-03,1.273080e-02,5.044577e-02,2.165817e-01,1.743327e-02,3.784501e-02,3.686802e-02,1.662225e-02,1.487854e-01,1.010060e-01,3.169160e-01
1.642588e-02,1.628951e-03,2.223732e-03,8.699941e-03,6.701213e-03,9.448057e-03,3.541718e-02,1.519278e-01,1.420293e-02,2.690902e-02,2.951598e-02,1.259797e-02,1.179010e-01,7.550944e-02,4.908909e-01
1.312368e-02,1.401453e-03,1.880945e-03,1.155131e-02,8.537831e-03,7.093963e-03,2.494187e-02,1.099420e-01,1.845081e-02,1.982683e-02,2.615862e-02,9.992914e-03,1.100921e-01,5.946741e-02,5.775383e-01
1.250555e-02,3.475269e-03,5.294980e-03,9.297064e-03,7.874354e-03,5.710796e-03,1.771459e-02,7.858728e-02,2.295138e-02,1.496380e-02,2.135393e-02,7.324265e-03,8.118863e-02,4.844129e-02,6.633168e-01
1.346928e-02,3.698124e-03,5.066712e-03,6.752129e-03,1.710537e-02,4.706106e-03,1.246032e-02,5.558361e-02,3.211684e-02,1.250527e-02,1.649909e-02,5.150672e-03,5.734224e-02,3.701359e-02,7.205307e-01
1.106884e-02,3.305737e-03,5.239008e-03,4.814216e-03,1.737030e-02,4.771498e-03,8.760939e-03,3.960629e-02,2.828486e-02,9.214597e-03,1.213168e-02,3.612914e-03,4.046706e-02,2.748761e-02,7.838645e-01
1.853650e-02,1.447369e-02,4.966064e-02,8.598398e-03,1.511886e-02,4.528641e-03,6.276647e-03,2.821217e-02,1.453661e-01,7.553584e-03,8.799729e-03,2.551038e-03,2.854112e-02,1.952906e-02,6.422539e-01
3.821033e-02,5.107004e-02,6.223968e-02,1.011430e-02,1.480919e-02,1.029672e-02,4.543537e-03,2.057920e-02,1.691536e-01,8.150751e-03,6.831507e-03,1.819734e-03,2.085284e-02,1.392121e-02,5.674073e-01
5.921444e-02,5.764659e-02,6.517307e-02,8.223353e-03,1.585611e-02,1.452421e-02,3.619157e-03,1.519078e-02,1.265997e-01,8.474194e-03,5.154897e-03,1.300663e-03,1.500556e-02,1.012049e-02,5.938967e-01
6.904273e-02,7.103742e-02,5.910287e-02,1.271428e-02,1.937202e-02,1.556275e-02,2.883316e-03,1.226487e-02,1.039921e-01,1.078048e-02,4.593359e-03,1.271434e-03,1.249515e-02,8.658310e-03,5.962288e-01
6.424543e-02,6.515242e-02,1.086411e-01,1.893019e-02,1.920367e-02,1.276508e-02,2.225357e-03,9.502308e-03,8.286490e-02,1.860502e-02,3.526883e-03,1.048555e-03,9.405579e-03,7.017906e-03,5.768656e-01
1.422064e-01,7.009716e-02,9.366269e-02,1.902068e-02,2.329243e-02,1.276625e-02,1.974598e-03,7.789988e-03,7.300932e-02,1.492536e-02,3.256049e-03,1.173407e-03,7.813661e-03,7.799126e-03,5.212129e-01
1.889353e-01,7.548880e-02,7.742313e-02,2.333447e-02,3.116238e-02,1.996915e-02,2.419946e-03,6.275828e-03,6.070138e-02,1.206836e-02,3.121361e-03,1.307489e-03,6.747234e-03,7.853046e-03,4.831921e-01
2.756481e-01,6.639859e-02,6.046570e-02,2.419442e-02,2.797755e-02,1.673429e-02,2.286727e-03,5.064992e-03,5.235958e-02,9.368232e-03,3.263514e-03,1.920155e-03,7.243835e-03,8.043265e-03,4.390310e-01
3.249483e-01,5.771096e-02,5.170792e-02,2.522448e-02,2.944190e-02,3.793659e-02,2.625563e-03,5.267748e-03,5.293064e-02,1.440628e-02,5.568160e-03,3.614609e-03,7.131218e-03,1.587974e-02,3.656059e-01
2.977345e-01,4.773387e-02,4.246099e-02,2.800824e-02,2.704771e-02,1.451636e-01,2.712281e-03,6.981290e-03,4.001842e-02,2.327279e-02,7.018914e-03,3.868397e-03,8.126710e-03,1.329325e-02,3.065590e-01
3.489089e-01,4.520510e-02,3.417153e-02,2.487672e-02,2.699112e-02,1.530773e-01,2.356379e-03,6.200905e-03,4.046744e-02,2.759199e-02,6.987715e-03,3.951463e-03,8.029192e-03,1.989402e-02,2.512902e-01
4.609803e-01,3.866539e-02,2.904144e-02,2.166829e-02,2.446047e-02,1.241492e-01,2.438192e-03,6.561275e-03,3.727259e-02,2.383967e-02,6.255000e-03,4.603115e-03,7.397317e-03,2.194502e-02,1.907228e-01
3.929120e-01,9.157812e-02,2.574433e-02,1.119003e-01,2.218387e-02,9.053712e-02,2.067019e-03,5.482376e-03,3.581843e-02,2.246597e-02,7.032548e-03,4.869793e-03,7.383483e-03,1.658014e-02,1.634444e-01
2.779216e-01,2.061010e-01,2.030295e-02,7.907431e-02,1.596740e-02,6.627370e-02,1.508560e-03,3.885790e-03,9.922537e-02,1.653201e-02,1.226618e-02,3.942687e-03,1.362678e-02,2.552547e-02,1.578462e-01
1.998476e-01,1.885517e-01,1.460062e-02,5.573552e-02,1.156331e-02,4.990535e-02,1.203755e-03,2.770495e-03,2.024871e-01,1.264438e-02,1.921135e-02,3.273388e-03,2.739190e-02,6.162028e-02,1.491933e-01
1.465146e-01,1.342561e-01,1.032154e-02,3.906113e-02,9.456178e-03,3.547744e-02,9.025728e-04,2.122657e-03,3.027456e-01,1.049950e-02,2.722185e-02,2.503501e-03,2.950458e-02,9.330837e-02,1.561043e-01
1.030285e-01,9.404977e-02,7.270736e-03,2.737793e-02,6.826649e-03,2.506512e-02,6.422068e-04,1.530079e-03,5.034992e-01,7.616694e-03,2.012322e-02,1.790901e-03,2.130594e-02,6.881973e-02,1.110533e-01
7.361591e-02,6.606354e-02,5.245634e-03,1.925001e-02,4.877385e-03,1.800119e-02,4.748675e-04,1.090075e-03,5.927667e-01,6.000092e-03,1.468260e-02,1.657913e-03,1.562707e-02,9.865575e-02,8.199121e-02
5.341507e-02,4.698564e-02,3.981853e-03,1.363319e-02,3.489215e-03,1.305713e-02,3.734681e-04,7.818057e-04,5.802761e-01,6.379780e-03,1.258151e-02,1.545060e-03,1.221055e-02,1.775647e-01,7.372490e-02
3.873007e-02,3.313842e-02,3.133458e-03,9.733466e-03,2.492204e-03,9.409892e-03,3.172739e-04,5.670070e-04,4.932259e-01,9.033591e-03,1.214509e-02,1.589211e-03,9.689329e-03,3.147974e-01,6.199768e-02
3.176925e-02,2.379623e-02,3.543603e-03,6.953215e-03,2.069320e-03,6.985020e-03,2.975229e-04,4.367749e-04,4.070574e-01,5.149307e-02,1.582497e-02,1.454933e-03,7.494193e-03,3.721516e-01,6.867296e-02
2.342263e-02,1.691942e-02,3.513542e-03,4.935810e-03,1.664545e-03,5.120037e-03,2.489664e-04,3.251907e-04,4.039736e-01,6.626127e-02,1.634712e-02,1.139064e-03,5.608892e-03,3.700518e-01,8.046816e-02
1.894529e-02,1.257217e-02,6.863934e-03,3.684649e-03,1.502057e-03,4.369529e-03,3.469404e-04,4.618703e-04,3.726228e-01,8.653606e-02,1.449174e-02,1.006449e-03,4.355320e-03,3.763084e-01,9.593273e-02
1.447896e-02,9.083747e-03,5.223205e-03,3.218938e-03,1.169398e-03,4.851736e-03,3.123751e-04,3.737234e-04,4.281631e-01,6.895204e-02,2.206248e-02,1.925032e-03,1.672154e-02,3.416813e-01,8.178245e-02
1.411217e-02,6.989004e-03,4.538847e-03,3.817425e-03,1.147042e-03,8.612253e-03,5.426490e-04,4.562207e-04,4.523439e-01,5.675054e-02,4.184336e-02,5.479217e-03,4.924259e-02,2.802186e-01,7.390615e-02
1.623985e-02,5.401963e-03,4.833979e-03,4.050660e-03,1.465280e-03,1.199302e-02,4.597041e-04,6.663244e-04,3.537670e-01,4.096239e-02,6.088904e-02,8.098561e-03,1.051496e-01,2.220785e-01,1.639440e-01
1.657879e-02,5.482124e-03,4.940527e-03,5.004959e-03,2.015897e-03,1.836061e-02,5.555157e-04,7.836899e-04,2.901573e-01,2.953131e-02,5.614081e-02,8.284894e-03,9.816554e-02,1.781947e-01,2.858033e-01
1.222795e-02,4.705313e-03,3.728483e-03,4.289756e-03,1.855833e-03,1.560872e-02,8.516867e-04,1.169196e-03,2.311220e-01,2.166486e-02,4.099133e-02,1.820177e-02,2.450486e-01,1.282827e-01,2.702519e-01
8.742933e-03,3.351852e-03,2.657132e-03,3.249872e-03,1.443387e-03,1.243936e-02,6.831265e-04,1.005872e-03,1.652893e-01,1.547968e-02,2.904562e-02,2.125516e-02,4.537481e-01,9.015810e-02,1.914506e-01
6.284095e-03,2.420791e-03,1.891851e-03,2.433818e-03,1.163153e-03,1.133234e-02,6.483461e-04,8.764558e-04,1.183652e-01,1.105798e-02,2.122182e-02,2.393079e-02,5.989147e-01,6.345934e-02,1.359993e-01
4.547302e-03,1.961282e-03,1.473119e-03,2.065254e-03,1.612377e-03,1.178702e-02,7.562875e-04,1.248702e-03,8.440173e-02,8.109569e-03,1.635641e-02,2.710305e-02,6.960089e-01,4.497656e-02,9.759241e-02
3.459776e-03,2.242230e-03,1.506686e-03,2.135752e-03,2.160078e-03,1.013253e-02,8.043863e-04,2.491989e-03,6.221981e-02,5.918145e-03,1.303746e-02,2.920509e-02,7.613504e-01,3.192058e-02,7.141509e-02
2.931710e-03,2.813520e-03,2.488478e-03,2.190758e-03,3.872021e-03,9.166515e-03,1.124551e-03,4.288953e-03,4.911986e-02,4.560875e-03,1.083556e-02,2.825472e-02,7.999424e-01,2.286625e-02,5.554383e-02
2.741853e-03,4.247484e-03,1.198702e-02,3.044508e-03,5.051235e-03,9.315237e-03,1.811743e-03,3.831225e-03,3.798372e-02,3.727186e-03,9.246231e-03,2.087419e-02,8.059564e-01,1.764695e-02,6.253506e-02
2.065798e-03,3.267215e-03,1.756118e-02,2.338153e-03,5.160731e-03,7.374455e-03,2.468361e-03,3.081395e-03,2.734568e-02,3.712568e-03,7.637727e-03,1.517904e-02,7.860779e-01,1.337271e-02,1.033572e-01
5.504907e-03,4.341233e-03,1.685330e-02,3.027610e-03,7.809872e-03,8.384885e-03,2.133383e-03,2.600061e-03,4.592236e-02,5.398876e-03,8.749245e-03,1.280947e-02,7.545753e-01,1.113391e-02,1.107557e-01
5.564863e-03,3.276591e-03,1.325323e-02,2.567220e-03,6.953414e-03,6.919012e-03,2.338692e-03,2.085156e-03,3.665394e-02,9.280868e-03,9.849169e-03,1.379875e-02,6.791965e-01,8.865897e-03,1.993967e-01
5.527609e-03,2.568897e-03,1.008554e-02,3.396876e-03,6.914511e-03,5.968093e-03,2.499596e-03,1.982602e-03,3.173521e-02,1.493578e-02,1.855253e-02,3.271105e-02,5.602499e-01,9.020129e-03,2.938517e-01
5.564325e-03,1.985458e-03,7.309701e-03,4.742602e-03,1.740667e-02,5.944009e-03,3.355276e-03,3.691099e-03,4.827987e-02,1.451103e-02,6.783798e-02,3.847012e-02,4.908112e-01,6.824638e-03,2.832661e-01
5.554519e-03,1.482115e-03,5.956080e-03,4.669896e-03,1.986038e-02,1.169767e-02,7.026072e-03,9.019161e-03,4.288310e-02,1.187106e-02,1.416422e-01,4.301134e-02,4.525881e-01,4.940414e-03,2.377979e-01
6.208397e-03,1.376242e-03,4.927614e-03,6.482147e-03,3.331057e-02,4.666233e-02,5.156121e-03,7.012902e-03,5.206977e-02,9.518131e-03,1.552839e-01,9.588250e-02,4.010899e-01,3.772986e-03,1.712465e-01
5.423327e-03,1.147179e-03,3.632435e-03,5.547164e-03,2.644245e-02,6.409100e-02,3.673817e-03,5.157676e-03,4.564701e-02,7.494498e-03,1.635947e-01,1.915297e-01,3.526710e-01,2.873740e-03,1.210743e-01
4.125305e-03,8.861684e-04,2.764126e-03,4.086316e-03,1.881569e-02,1.178911e-01,2.606265e-03,3.666079e-03,3.453506e-02,5.497493e-03,1.224000e-01,2.837298e-01,3.120333e-01,2.085106e-03,8.487821e-02
3.839736e-03,1.147832e-03,3.668488e-03,3.539664e-03,1.545166e-02,9.428739e-02,1.931970e-03,3.279547e-03,3.664894e-02,4.437672e-03,9.462073e-02,3.689012e-01,3.068579e-01,1.682408e-03,5.970485e-02
3.931844e-03,1.225544e-03,5.773477e-03,2.954766e-03,2.965733e-02,7.283955e-02,1.651376e-03,3.121656e-03,4.219835e-02,3.611327e-03,7.402428e-02,4.104472e-01,3.051975e-01,1.360807e-03,4.200500e-02
6.448454e-03,2.131852e-03,1.207129e-02,2.707028e-03,6.829964e-02,5.268588e-02,3.380490e-03,7.500172e-03,8.620561e-02,3.099395e-03,6.214692e-02,4.037552e-01,2.583580e-01,1.417807e-03,2.979219e-02
1.027471e-02,6.179502e-03,1.871013e-02,2.581609e-03,9.880115e-02,3.882748e-02,5.431828e-03,1.923626e-02,1.866205e-01,2.803877e-03,4.949864e-02,3.375211e-01,2.012782e-01,1.233740e-03,2.100126e-02
1.451345e-02,5.879410e-03,1.217152e-01,1.682346e-02,9.485377e-02,3.500686e-02,4.744414e-03,6.863622e-02,1.756085e-01,2.722784e-03,4.030680e-02,2.492638e-01,1.534176e-01,1.231438e-03,1.527614e-02
1.619715e-02,5.948892e-03,3.201701e-01,2.710062e-02,7.266552e-02,2.751966e-02,3.822935e-03,5.550261e-02,1.388921e-01,3.051064e-03,3.028395e-02,1.759791e-01,1.103982e-01,1.042889e-03,1.142502e-02
1.575739e-02,7.231261e-03,4.581555e-01,3.300212e-02,5.200070e-02,2.355745e-02,2.929582e-03,5.271222e-02,1.069101e-01,4.863477e-03,2.527849e-02,1.246485e-01,8.217877e-02,9.560331e-04,9.818443e-03
1.928639e-02,1.287139e-02,5.503022e-01,3.691506e-02,3.868541e-02,1.724708e-02,3.731687e-03,3.869016e-02,1.018520e-01,5.423510e-03,1.887932e-02,8.749042e-02,5.889014e-02,7.909053e-04,8.944433e-03
3.034573e-02,2.730211e-02,5.508510e-01,3.492294e-02,4.294294e-02,2.299082e-02,9.675233e-03,2.859877e-02,1.146121e-01,5.856884e-03,1.530111e-02,6.145294e-02,4.273343e-02,6.561056e-04,1.175789e-02
4.362256e-02,2.413187e-02,5.274357e-01,8.829975e-02,5.638087e-02,2.067578e-02,1.225820e-02,2.246734e-02,1.020971e-01,5.683426e-03,1.149919e-02,4.324834e-02,3.043234e-02,5.404672e-04,1.122705e-02
4.049952e-02,1.982814e-02,5.510377e-01,1.295168e-01,5.351920e-02,1.928106e-02,1.120173e-02,1.664674e-02,8.046476e-02,5.121489e-03,8.728480e-03,3.045954e-02,2.159900e-02,4.155206e-04,1.168038e-02
6.353890e-02,2.062448e-02,4.359801e-01,1.194447e-01,1.189477e-01,5.191661e-02,2.129806e-02,1.635485e-02,9.254441e-02,4.803337e-03,6.663341e-03,2.150352e-02,1.547652e-02,3.212162e-04,1.058220e-02
6.990913e-02,2.171659e-02,3.074279e-01,9.035318e-02,1.545271e-01,4.399489e-02,1.697777e-02,1.591068e-01,9.297204e-02,3.415301e-03,5.063906e-03,1.542639e-02,1.118008e-02,2.623023e-04,7.666697e-03
5.622977e-02,1.593101e-02,2.166692e-01,6.490345e-02,1.520745e-01,3.581331e-02,1.272182e-02,3.461210e-01,6.908660e-02,2.406215e-03,3.650958e-03,1.086061e-02,7.916937e-03,1.940022e-04,5.420589e-03
4.084703e-02,1.118121e-02,1.518083e-01,4.573021e-02,1.111773e-01,2.543309e-02,8.977389e-03,5.349593e-01,4.849556e-02,1.686495e-03,2.590638e-03,7.612151e-03,5.565112e-03,1.375580e-04,3.798757e-03
2.936175e-02,7.839763e-03,1.062895e-01,3.204861e-02,7.849973e-02,1.784519e-02,6.298327e-03,6.728269e-01,3.397685e-02,1.182677e-03,1.827437e-03,5.336591e-03,3.905904e-03,9.725214e-05,2.663636e-03
2.148888e-02,5.511267e-03,7.443629e-02,2.245621e-02,5.582201e-02,1.254172e-02,4.430514e-03,7.688748e-01,2.383955e-02,8.320826e-04,1.307424e-03,3.761716e-03,2.757273e-03,6.907740e-05,1.871239e-03
1.686629e-02,3.869882e-03,5.213790e-02,1.577008e-02,3.938661e-02,9.246280e-03,3.182291e-03,8.350788e-01,1.678413e-02,5.855318e-04,9.738903e-04,2.712494e-03,2.029621e-03,5.104547e-05,1.325136e-03
1.579143e-02,2.719821e-03,3.652742e-02,1.113017e-02,2.768428e-02,8.139969e-03,2.330499e-03,8.775350e-01,1.178677e-02,4.132226e-04,9.266885e-04,2.185544e-03,1.840498e-03,4.298686e-05,9.456492e-04
1.491646e-02,1.912906e-03,2.560421e-02,7.894294e-03,1.953524e-02,9.539644e-03,1.909057e-03,9.043987e-01,8.302487e-03,2.938255e-04,1.189546e-03,1.781918e-03,1.981029e-03,3.603382e-05,7.046601e-04
2.019441e-02,1.373241e-03,1.800995e-02,5.691085e-03,1.453508e-02,1.931971e-02,1.716624e-03,9.066676e-01,5.966828e-03,2.151782e-04,1.577669e-03,1.655746e-03,2.438472e-03,3.901536e-05,5.993744e-04
3.007764e-02,1.499780e-03,1.292678e-02,5.180890e-03,1.210818e-02,5.505460e-02,1.699411e-03,7.163023e-01,5.657085e-03,2.232004e-03,4.843252e-02,1.328368e-02,9.258752e-02,4.402126e-04,2.517363e-03
3.349574e-02,1.711490e-03,9.384478e-03,4.118327e-03,9.657189e-03,4.544648e-02,1.409315e-03,5.460154e-01,5.923797e-03,5.180270e-03,9.342181e-02,2.629145e-02,2.130754e-01,9.384170e-04,3.930343e-03
2.677642e-02,1.527067e-03,6.847031e-03,3.411719e-03,8.152431e-03,3.764298e-02,1.183311e-03,3.907900e-01,5.872764e-03,6.689478e-03,1.509611e-01,3.881734e-02,3.155662e-01,9.864744e-04,4.775599e-03
2.909389e-02,3.551779e-03,5.714224e-03,5.855920e-03,6.584291e-03,4.121002e-02,1.378523e-03,2.803359e-01,2.552909e-02,5.314746e-03,1.358940e-01,1.192327e-01,3.334039e-01,1.986687e-03,4.914395e-03
2.170064e-02,2.894862e-03,4.245704e-03,4.531499e-03,5.456634e-03,3.625845e-02,1.148216e-03,1.965292e-01,2.192245e-02,3.923125e-03,1.104103e-01,2.221470e-01,3.634162e-01,1.788098e-03,3.627451e-03
1.589474e-02,2.195030e-03,3.117488e-03,3.402244e-03,4.989633e-03,2.752641e-02,1.038184e-03,1.380512e-01,1.756246e-02,2.984922e-03,9.474955e-02,2.637787e-01,4.205163e-01,1.422751e-03,2.770404e-03
1.172524e-02,1.795673e-03,2.879183e-03,2.452271e-03,5.481064e-03,1.949883e-02,8.479271e-04,9.780232e-02,1.931700e-02,2.988092e-03,8.258411e-02,3.159432e-01,4.326659e-01,1.452251e-03,2.566898e-03
9.074146e-03,1.397010e-03,2.430954e-03,1.810096e-03,5.880084e-03,1.383658e-02,6.917936e-04,7.063503e-02,1.922729e-02,2.628220e-03,7.927086e-02,3.605608e-01,4.290859e-01,1.393576e-03,2.077708e-03
8.257788e-03,1.502919e-03,2.681187e-03,1.373846e-03,1.390669e-02,9.992868e-03,7.638978e-04,5.172998e-02,2.812412e-02,2.752171e-03,6.566706e-02,4.204377e-01,3.889415e-01,2.057285e-03,1.810979e-03
6.575834e-03,2.733994e-03,6.316035e-03,1.134099e-03,3.779843e-02,7.470355e-03,8.935552e-04,4.384886e-02,5.363247e-02,3.340705e-03,5.238931e-02,4.527898e-01,3.241012e-01,5.320868e-03,1.654390e-03
5.886908e-03,2.517835e-03,7.044515e-03,1.022553e-03,5.185216e-02,6.415430e-03,1.990050e-03,3.994168e-02,4.316309e-02,4.166676e-03,4.122867e-02,5.163392e-01,2.675987e-01,8.985945e-03,1.846576e-03
9.209761e-03,2.566425e-03,1.639507e-02,1.256504e-03,7.418387e-02,6.982289e-03,3.937035e-03,3.522912e-02,4.252979e-02,9.740857e-03,4.511947e-02,5.128748e-01,2.105765e-01,2.182744e-02,7.571109e-03
1.061540e-02,3.883930e-03,1.673976e-02,1.159329e-03,1.029355e-01,5.762094e-03,3.817196e-03,2.832655e-02,6.589715e-02,1.700152e-02,3.942129e-02,4.869124e-01,1.818548e-01,2.271690e-02,1.295611e-02
9.426067e-03,5.782527e-03,1.246638e-02,1.145176e-03,1.139603e-01,4.948231e-03,2.801585e-03,2.364602e-02,2.219196e-01,1.385065e-02,3.221044e-02,3.876841e-01,1.431402e-01,1.695560e-02,1.006319e-02
9.538024e-03,8.775620e-03,1.050809e-02,2.867275e-03,1.070174e-01,4.814711e-03,2.143704e-03,2.941842e-02,3.707290e-01,1.440862e-02,2.963217e-02,2.820928e-01,1.083972e-01,1.239145e-02,7.265380e-03
9.315976e-03,9.213954e-03,8.092673e-03,3.298856e-03,8.975689e-02,3.994320e-03,1.600211e-03,2.839835e-02,4.938462e-01,1.587603e-02,2.397743e-02,2.160969e-01,8.240657e-02,8.852902e-03,5.272681e-03
1.579336e-02,1.361238e-02,6.963523e-03,4.487556e-03,7.955424e-02,7.090352e-03,1.323066e-03,2.802903e-02,5.730600e-01,1.403235e-02,1.996566e-02,1.610621e-01,6.467324e-02,6.347775e-03,4.005318e-03
1.700055e-02,1.315895e-02,5.560769e-03,4.358459e-03,7.623550e-02,9.069940e-03,1.373924e-03,2.563173e-02,6.387381e-01,1.135521e-02,1.717054e-02,1.203084e-01,5.250897e-02,4.521760e-03,3.007218e-03
2.292079e-02,2.221788e-02,7.405790e-03,7.236202e-02,6.065757e-02,7.873554e-03,1.118797e-03,2.826649e-02,6.225235e-01,8.727024e-03,1.382506e-02,8.604338e-02,3.993129e-02,3.205729e-03,2.921103e-03
4.495919e-02,2.160198e-02,9.370330e-03,7.271048e-02,5.377699e-02,7.190894e-03,1.341258e-03,4.038064e-02,6.277577e-01,7.080079e-03,1.316200e-02,6.249772e-02,3.315213e-02,2.335582e-03,2.682961e-03
6.911945e-02,2.088395e-02,8.711072e-03,7.182419e-02,6.714736e-02,6.428446e-03,1.616321e-03,4.021034e-02,6.170406e-01,5.155272e-03,1.397942e-02,4.538758e-02,2.803008e-02,1.783102e-03,2.682863e-03
1.041590e-01,2.126247e-02,1.688264e-02,1.289962e-01,8.265093e-02,5.805246e-03,1.450409e-03,5.062771e-02,4.886373e-01,4.186459e-03,2.407634e-02,3.662836e-02,2.883609e-02,2.069137e-03,3.731700e-03
1.127938e-01,1.732356e-02,1.293505e-02,9.631256e-02,1.184950e-01,4.396359e-03,1.359338e-03,4.214530e-02,4.602079e-01,3.006916e-03,3.799462e-02,3.468923e-02,5.355571e-02,1.746439e-03,3.038112e-03
1.071610e-01,1.428061e-02,9.758085e-03,7.520043e-02,1.202978e-01,3.677833e-03,1.433143e-03,9.762084e-02,4.120234e-01,2.150849e-03,4.296917e-02,3.627534e-02,7.320709e-02,1.442162e-03,2.502184e-03
9.963125e-02,1.132607e-02,7.580272e-03,5.707973e-02,1.215313e-01,3.343954e-03,1.406277e-03,1.437130e-01,4.287813e-01,1.552027e-03,3.344587e-02,2.914115e-02,5.844311e-02,1.073396e-03,1.951277e-03
8.946161e-02,1.205861e-02,5.571464e-03,7.386061e-02,9.891371e-02,1.306942e-02,2.135765e-03,1.184952e-01,3.823245e-01,1.221157e-03,3.060178e-02,2.918245e-02,1.403321e-01,8.505283e-04,1.921161e-03
6.347793e-02,9.142758e-03,4.080449e-03,6.754936e-02,7.122636e-02,1.352393e-02,1.617143e-03,8.336582e-02,2.715670e-01,8.920819e-04,2.161922e-02,2.147876e-02,3.683414e-01,6.086148e-04,1.509223e-03
4.470974e-02,6.509304e-03,2.905549e-03,5.045737e-02,5.026794e-02,1.303768e-02,1.168905e-03,5.849098e-02,1.920136e-01,6.312682e-04,1.519085e-02,1.586740e-02,5.472022e-01,4.284690e-04,1.118763e-03
3.137055e-02,4.685802e-03,2.073199e-03,3.629099e-02,3.541744e-02,9.884732e-03,8.320571e-04,4.100762e-02,1.365906e-01,4.698041e-04,1.070712e-02,1.201687e-02,6.768335e-01,3.044768e-04,1.515317e-03
2.198690e-02,3.327633e-03,1.468575e-03,2.548292e-02,2.483470e-02,7.408400e-03,5.927330e-04,2.872374e-02,9.617667e-02,3.356703e-04,7.549141e-03,8.849028e-03,7.717288e-01,2.177232e-04,1.317377e-03
1.541191e-02,2.350519e-03,1.037573e-03,1.787514e-02,1.742136e-02,5.706341e-03,4.276134e-04,2.013091e-02,6.783722e-02,2.386112e-04,5.325158e-03,6.657020e-03,8.383075e-01,1.552832e-04,1.117865e-03
1.120482e-02,2.951742e-03,2.473984e-03,1.329252e-02,1.253512e-02,5.960191e-03,5.745024e-04,1.426980e-02,5.193482e-02,2.260761e-04,3.900037e-03,6.245337e-03,8.727424e-01,2.339100e-04,1.454702e-03
8.178372e-03,2.287818e-03,2.037097e-03,9.463467e-03,8.986638e-03,6.385144e-03,4.937680e-04,1.019942e-02,3.728718e-02,1.766918e-04,2.933813e-03,4.744494e-03,9.054070e-01,1.964957e-04,1.222558e-03
6.329181e-03,1.730544e-03,1.681924e-03,6.734165e-03,7.185662e-03,5.741538e-03,5.599299e-04,8.439465e-03,2.672978e-02,1.402088e-04,2.692146e-03,5.486409e-03,9.248856e-01,3.886946e-04,1.274661e-03
4.681306e-03,1.252324e-03,1.262836e-03,4.757106e-03,5.388131e-03,4.209015e-03,4.479256e-04,6.012303e-03,1.890752e-02,1.082280e-04,2.066483e-03,4.843791e-03,9.447335e-01,2.891379e-04,1.040375e-03
3.391575e-03,9.293099e-04,1.006230e-03,3.405378e-03,3.948085e-03,3.142715e-03,3.499216e-04,4.261640e-03,1.377398e-02,8.446918e-05,1.623165e-03,3.898391e-03,9.591770e-01,2.071097e-04,8.009803e-04
2.468030e-03,8.031749e-04,7.814299e-04,2.416624e-03,3.061667e-03,2.248382e-03,2.812800e-04,3.010442e-03,9.994567e-03,6.438240e-05,1.216665e-03,3.066644e-03,9.698116e-01,1.492410e-04,6.258913e-04
1.868030e-03,1.114199e-03,6.459546e-04,1.756294e-03,2.532014e-03,1.785072e-03,2.252625e-04,2.152239e-03,7.754484e-03,5.159802e-05,9.903726e-04,2.848552e-03,9.755605e-01,1.218876e-04,5.935067e-04
1.721860e-03,1.018498e-03,6.143849e-04,1.340787e-03,3.041316e-03,1.380114e-03,1.785159e-04,1.631590e-03,6.164439e-03,4.358134e-05,7.735835e-04,2.455166e-03,9.790018e-01,1.146242e-04,5.197146e-04
1.692747e-03,8.484140e-04,5.480137e-04,9.736241e-04,3.055579e-03,1.094206e-03,1.466839e-04,1.203108e-03,4.718326e-03,3.902597e-05,6.000904e-04,1.959141e-03,9.825138e-01,9.055414e-05,5.166298e-04
1.842121e-03,6.285475e-04,4.962205e-04,7.057377e-04,3.266489e-03,1.777811e-03,2.001004e-04,1.156036e-03,3.405318e-03,2.911140e-05,4.822588e-04,1.564043e-03,9.839350e-01,8.105690e-05,4.300848e-04
2.269184e-03,6.297490e-04,6.996284e-04,5.540866e-04,4.350174e-03,2.243104e-03,2.688495e-04,8.890838e-04,2.793199e-03,2.514328e-05,4.421164e-04,1.362443e-03,9.829783e-01,9.121679e-05,4.036855e-04
2.231549e-03,4.911668e-04,6.468704e-04,4.276848e-04,4.060075e-03,2.419648e-03,2.337457e-04,6.764547e-04,2.075037e-03,2.117433e-05,4.121755e-04,1.176909e-03,9.847250e-01,6.832761e-05,3.341533e-04
2.549663e-03,5.887588e-04,1.478388e-03,3.563239e-04,6.839923e-03,2.313782e-03,2.854677e-04,6.275975e-04,2.231811e-03,2.515082e-05,4.747434e-04,1.067861e-03,9.807319e-01,7.647058e-05,3.521479e-04
2.995351e-03,5.648448e-04,1.238960e-03,2.823831e-04,8.550432e-03,1.855047e-03,3.195901e-04,5.346060e-04,1.913020e-03,2.429287e-05,4.215962e-04,1.477984e-03,9.794374e-01,6.042435e-05,3.240791e-04
3.584012e-03,6.975576e-04,1.435801e-03,2.514755e-04,1.323223e-02,1.670112e-03,4.855400e-04,5.734775e-04,1.977336e-03,2.795910e-05,4.057678e-04,1.962267e-03,9.732998e-01,4.931312e-05,3.473675e-04
3.380434e-03,5.670523e-04,1.442385e-03,1.995331e-04,1.781511e-02,1.414852e-03,5.449277e-04,5.296399e-04,1.843439e-03,3.443375e-05,3.536207e-04,2.547611e-03,9.689507e-01,4.125117e-05,3.350257e-04
2.929199e-03,4.206752e-04,1.183892e-03,1.565695e-04,1.575844e-02,1.134638e-03,4.663436e-04,4.847819e-04,1.422907e-03,3.179764e-05,3.492988e-04,2.811701e-03,9.725400e-01,3.346021e-05,2.763612e-04
2.532485e-03,3.035403e-04,9.264580e-04,1.254449e-04,1.392644e-02,1.093050e-03,3.858537e-04,4.077191e-04,1.087574e-03,2.971471e-05,3.473077e-04,2.970575e-03,9.755950e-01,3.250751e-05,2.363809e-04
2.351794e-03,2.369527e-04,7.692311e-04,1.508016e-04,1.248068e-02,8.907851e-04,3.253171e-04,3.485202e-04,9.644276e-04,2.474770e-05,3.378956e-04,3.299919e-03,9.775981e-01,2.781644e-05,1.930843e-04
2.120964e-03,1.959437e-04,6.362446e-04,1.600704e-04,1.121014e-02,7.109164e-04,2.769034e-04,3.063171e-04,1.096167e-03,2.188750e-05,3.583868e-04,4.153623e-03,9.785590e-01,2.790865e-05,1.655445e-04
1.824803e-03,1.867899e-04,5.336317e-04,1.513121e-04,9.871729e-03,5.555634e-04,2.264585e-04,2.600483e-04,1.479327e-03,2.022146e-05,3.624921e-04,7.066960e-03,9.772943e-01,2.863632e-05,1.377517e-04
1.537452e-03,2.460727e-04,4.822967e-04,1.459324e-04,8.534648e-03,4.717442e-04,1.850200e-04,2.721021e-04,2.045190e-03,1.817284e-05,3.594034e-04,9.453481e-03,9.760993e-01,2.557002e-05,1.236687e-04
1.571630e-03,4.038114e-04,5.575280e-04,1.565745e-04,8.186289e-03,4.858137e-04,2.206878e-04,4.252947e-04,2.859983e-03,2.370659e-05,3.289793e-04,1.362287e-02,9.709922e-01,2.951135e-05,1.351192e-04
1.870785e-03,7.576902e-04,7.151790e-04,1.803242e-04,7.248238e-03,5.151948e-04,2.538863e-04,7.339314e-04,3.251435e-03,3.172578e-05,2.715047e-04,1.289220e-02,9.711122e-01,3.049964e-05,1.352310e-04
2.068399e-03,1.124311e-03,1.254044e-03,2.086658e-04,6.856065e-03,6.035484e-04,3.215048e-04,1.075895e-03,3.742225e-03,4.622131e-05,2.400907e-04,1.243592e-02,9.698420e-01,2.862997e-05,1.525206e-04
2.049097e-03,9.609638e-04,1.769311e-03,1.843457e-04,7.271429e-03,6.444702e-04,4.890814e-04,1.874261e-03,3.282994e-03,4.829773e-05,2.104971e-04,9.983529e-03,9.710009e-01,2.734455e-05,2.035036e-04
2.201043e-03,7.541748e-04,1.543151e-03,1.433938e-04,6.914527e-03,1.150633e-03,5.969780e-04,2.660737e-03,2.827895e-03,3.772811e-05,1.816791e-04,7.696887e-03,9.730119e-01,2.283636e-05,2.564969e-04
4.950541e-03,9.138142e-04,1.525768e-03,1.294466e-04,8.567975e-03,2.412281e-03,8.329463e-04,2.276908e-03,4.723613e-03,4.710469e-05,2.867669e-04,6.241066e-03,9.666476e-01,5.876641e-05,3.853501e-04
6.153493e-03,7.313222e-04,1.395083e-03,1.830599e-04,8.487097e-03,1.923948e-02,1.521606e-03,4.293333e-03,4.271951e-03,1.589633e-04,5.984326e-04,6.004678e-03,9.460837e-01,1.028956e-04,7.749060e-04
6.184791e-03,5.863196e-04,2.396241e-03,3.028075e-04,8.742741e-03,2.056024e-02,1.777975e-03,1.899046e-02,4.258060e-03,3.073369e-04,1.258124e-03,6.803373e-03,9.253950e-01,1.247030e-04,2.311814e-03
8.134768e-03,4.517747e-04,2.947802e-03,2.403077e-03,7.728440e-03,6.096776e-02,1.480935e-03,2.011249e-02,4.626629e-03,5.078225e-04,5.276242e-03,1.299351e-02,8.696418e-01,1.642760e-04,2.562657e-03
1.104311e-02,3.846165e-04,7.189204e-03,1.392373e-02,2.490739e-02,5.635272e-02,1.322340e-03,3.620910e-02,8.611663e-03,5.944188e-04,1.471019e-02,1.561497e-02,8.061855e-01,1.919527e-04,2.759029e-03
