1.000000e+00,0.000000e+00,0.000000e+00,0.000000e+00,0.000000e+00,0.000000e+00,0.000000e+00,0.000000e+00,0.000000e+00,0.000000e+00,0.000000e+00,0.000000e+00,0.000000e+00,0.000000e+00,0.000000e+00
1.000000e+00,0.000000e+00,0.000000e+00,0.000000e+00,0.000000e+00,0.000000e+00,0.000000e+00,0.000000e+00,0.000000e+00,0.000000e+00,0.000000e+00,0.000000e+00,0.000000e+00,0.000000e+00,0.000000e+00
1.000000e+00,0.000000e+00,0.000000e+00,0.000000e+00,0.000000e+00,0.000000e+00,0.000000e+00,0.000000e+00,0.000000e+00,0.000000e+00,0.000000e+00,0.000000e+00,0.000000e+00,0.000000e+00,0.000000e+00
1.000000e+00,0.000000e+00,0.000000e+00,0.000000e+00,0.000000e+00,0.000000e+00,0.000000e+00,0.000000e+00,0.000000e+00,0.000000e+00,0.000000e+00,0.000000e+00,0.000000e+00,0.000000e+00,0.000000e+00
1.000000e+00,0.000000e+00,0.000000e+00,0.000000e+00,0.000000e+00,0.000000e+00,0.000000e+00,0.000000e+00,0.000000e+00,0.000000e+00,0.000000e+00,0.000000e+00,0.000000e+00,0.000000e+00,0.000000e+00
1.000000e+00,0.000000e+00,0.000000e+00,0.000000e+00,0.000000e+00,0.000000e+00,0.000000e+00,0.000000e+00,0.000000e+00,0.000000e+00,0.000000e+00,0.000000e+00,0.000000e+00,0.000000e+00,0.000000e+00
1.000000e+00,0.000000e+00,0.000000e+00,0.000000e+00,0.000000e+00,0.000000e+00,0.000000e+00,0.000000e+00,0.000000e+00,0.000000e+00,0.000000e+00,0.000000e+00,0.000000e+00,0.000000e+00,0.000000e+00
1.000000e+00,0.000000e+00,0.000000e+00,0.000000e+00,0.000000e+00,0.000000e+00,0.000000e+00,0.000000e+00,0.000000e+00,0.000000e+00,0.000000e+00,0.000000e+00,0.000000e+00,0.000000e+00,0.000000e+00
1.000000e+00,0.000000e+00,0.000000e+00,0.000000e+00,0.000000e+00,0.000000e+00,0.000000e+00,0.000000e+00,0.000000e+00,0.000000e+00,0.000000e+00,0.000000e+00,0.000000e+00,0.000000e+00,0.000000e+00
1.000000e+00,0.000000e+00,0.000000e+00,0.000000e+00,0.000000e+00,0.000000e+00,0.000000e+00,0.000000e+00,0.000000e+00,0.000000e+00,0.000000e+00,0.000000e+00,0.000000e+00,0.000000e+00,0.000000e+00
1.000000e+00,0.000000e+00,0.000000e+00,0.000000e+00,0.000000e+00,0.000000e+00,0.000000e+00,0.000000e+00,0.000000e+00,0.000000e+00,0.000000e+00,0.000000e+00,0.000000e+00,0.000000e+00,0.000000e+00
1.000000e+00,0.000000e+00,0.000000e+00,0.000000e+00,0.000000e+00,0.000000e+00,0.000000e+00,0.000000e+00,0.000000e+00,0.000000e+00,0.000000e+00,0.000000e+00,0.000000e+00,0.000000e+00,0.000000e+00
1.000000e+00,0.000000e+00,0.000000e+00,0.000000e+00,0.000000e+00,0.000000e+00,0.000000e+00,0.000000e+00,0.000000e+00,0.000000e+00,0.000000e+00,0.000000e+00,0.000000e+00,0.000000e+00,0.000000e+00
1.000000e+00,0.000000e+00,0.000000e+00,0.000000e+00,0.000000e+00,0.000000e+00,0.000000e+00,0.000000e+00,0.000000e+00,0.000000e+00,0.000000e+00,0.000000e+00,0.000000e+00,0.000000e+00,0.000000e+00
1.000000e+00,0.000000e+00,0.000000e+00,0.000000e+00,0.000000e+00,0.000000e+00,0.000000e+00,0.000000e+00,0.000000e+00,0.000000e+00,0.000000e+00,0.000000e+00,0.000000e+00,0.000000e+00,0.000000e+00
1.000000e+00,0.000000e+00,0.000000e+00,0.000000e+00,0.000000e+00,0.000000e+00,0.000000e+00,0.000000e+00,0.000000e+00,0.000000e+00,0.000000e+00,0.000000e+00,0.000000e+00,0.000000e+00,0.000000e+00
1.000000e+00,0.000000e+00,0.000000e+00,0.000000e+00,0.000000e+00,0.000000e+00,0.000000e+00,0.000000e+00,0.000000e+00,0.000000e+00,0.000000e+00,0.000000e+00,0.000000e+00,0.000000e+00,0.000000e+00
1.000000e+00,0.000000e+00,0.000000e+00,0.000000e+00,0.000000e+00,0.000000e+00,0.000000e+00,0.000000e+00,0.000000e+00,0.000000e+00,0.000000e+00,0.000000e+00,0.000000e+00,0.000000e+00,0.000000e+00
1.000000e+00,0.000000e+00,0.000000e+00,0.000000e+00,0.000000e+00,0.000000e+00,0.000000e+00,0.000000e+00,0.000000e+00,0.000000e+00,0.000000e+00,0.000000e+00,0.000000e+00,0.000000e+00,0.000000e+00
1.000000e+00,0.000000e+00,0.000000e+00,0.000000e+00,0.000000e+00,0.000000e+00,0.000000e+00,0.000000e+00,0.000000e+00,0.000000e+00,0.000000e+00,0.000000e+00,0.000000e+00,0.000000e+00,0.000000e+00
1.000000e+00,0.000000e+00,0.000000e+00,0.000000e+00,0.000000e+00,0.000000e+00,0.000000e+00,0.000000e+00,0.000000e+00,0.000000e+00,0.000000e+00,0.000000e+00,0.000000e+00,0.000000e+00,0.000000e+00
1.000000e+00,0.000000e+00,0.000000e+00,0.000000e+00,0.000000e+00,0.000000e+00,0.000000e+00,0.000000e+00,0.000000e+00,0.000000e+00,0.000000e+00,0.000000e+00,0.000000e+00,0.000000e+00,0.000000e+00
1.000000e+00,0.000000e+00,0.000000e+00,0.000000e+00,0.000000e+00,0.000000e+00,0.000000e+00,0.000000e+00,0.000000e+00,0.000000e+00,0.000000e+00,0.000000e+00,0.000000e+00,0.000000e+00,0.000000e+00
1.000000e+00,0.000000e+00,0.000000e+00,0.000000e+00,0.000000e+00,0.000000e+00,0.000000e+00,0.000000e+00,0.000000e+00,0.000000e+00,0.000000e+00,0.000000e+00,0.000000e+00,0.000000e+00,0.000000e+00
1.000000e+00,0.000000e+00,0.000000e+00,0.000000e+00,0.000000e+00,0.000000e+00,0.000000e+00,0.000000e+00,0.000000e+00,0.000000e+00,0.000000e+00,0.000000e+00,0.000000e+00,0.000000e+00,0.000000e+00
1.000000e+00,0.000000e+00,0.000000e+00,0.000000e+00,0.000000e+00,0.000000e+00,0.000000e+00,0.000000e+00,0.000000e+00,0.000000e+00,0.000000e+00,0.000000e+00,0.000000e+00,0.000000e+00,0.000000e+00
1.000000e+00,0.000000e+00,0.000000e+00,0.000000e+00,0.000000e+00,0.000000e+00,0.000000e+00,0.000000e+00,0.000000e+00,0.000000e+00,0.000000e+00,0.000000e+00,0.000000e+00,0.000000e+00,0.000000e+00
1.000000e+00,0.000000e+00,0.000000e+00,0.000000e+00,0.000000e+00,0.000000e+00,0.000000e+00,0.000000e+00,0.000000e+00,0.000000e+00,0.000000e+00,0.000000e+00,0.000000e+00,0.000000e+00,0.000000e+00
1.000000e+00,0.000000e+00,0.000000e+00,0.000000e+00,0.000000e+00,0.000000e+00,0.000000e+00,0.000000e+00,0.000000e+00,0.000000e+00,0.000000e+00,0.000000e+00,0.000000e+00,0.000000e+00,0.000000e+00
1.000000e+00,0.000000e+00,0.000000e+00,0.000000e+00,0.000000e+00,0.000000e+00,0.000000e+00,0.000000e+00,0.000000e+00,0.000000e+00,0.000000e+00,0.000000e+00,0.000000e+00,0.000000e+00,0.000000e+00
1.000000e+00,0.000000e+00,0.000000e+00,0.000000e+00,0.000000e+00,0.000000e+00,0.000000e+00,0.000000e+00,0.000000e+00,0.000000e+00,0.000000e+00,0.000000e+00,0.000000e+00,0.000000e+00,0.000000e+00
1.000000e+00,0.000000e+00,0.000000e+00,0.000000e+00,0.000000e+00,0.000000e+00,0.000000e+00,0.000000e+00,0.000000e+00,0.000000e+00,0.000000e+00,0.000000e+00,0.000000e+00,0.000000e+00,0.000000e+00
1.000000e+00,0.000000e+00,0.000000e+00,0.000000e+00,0.000000e+00,0.000000e+00,0.000000e+00,0.000000e+00,0.000000e+00,0.000000e+00,0.000000e+00,0.000000e+00,0.000000e+00,0.000000e+00,0.000000e+00
1.000000e+00,0.000000e+00,0.000000e+00,0.000000e+00,0.000000e+00,0.000000e+00,0.000000e+00,0.000000e+00,0.000000e+00,0.000000e+00,0.000000e+00,0.000000e+00,0.000000e+00,0.000000e+00,0.000000e+00
1.000000e+00,0.000000e+00,0.000000e+00,0.000000e+00,0.000000e+00,0.000000e+00,0.000000e+00,0.000000e+00,0.000000e+00,0.000000e+00,0.000000e+00,0.000000e+00,0.000000e+00,0.000000e+00,0.000000e+00
1.000000e+00,0.000000e+00,0.000000e+00,0.000000e+00,0.000000e+00,0.000000e+00,0.000000e+00,0.000000e+00,0.000000e+00,0.000000e+00,0.000000e+00,0.000000e+00,0.000000e+00,0.000000e+00,0.000000e+00
1.000000e+00,0.000000e+00,0.000000e+00,0.000000e+00,0.000000e+00,0.000000e+00,0.000000e+00,0.000000e+00,0.000000e+00,0.000000e+00,0.000000e+00,0.000000e+00,0.000000e+00,0.000000e+00,0.000000e+00
1.000000e+00,0.000000e+00,0.000000e+00,0.000000e+00,0.000000e+00,0.000000e+00,0.000000e+00,0.000000e+00,0.000000e+00,0.000000e+00,0.000000e+00,0.000000e+00,0.000000e+00,0.000000e+00,0.000000e+00
1.000000e+00,0.000000e+00,0.000000e+00,0.000000e+00,0.000000e+00,0.000000e+00,0.000000e+00,0.000000e+00,0.000000e+00,0.000000e+00,0.000000e+00,0.000000e+00,0.000000e+00,0.000000e+00,0.000000e+00
1.000000e+00,0.000000e+00,0.000000e+00,0.000000e+00,0.000000e+00,0.000000e+00,0.000000e+00,0.000000e+00,0.000000e+00,0.000000e+00,0.000000e+00,0.000000e+00,0.000000e+00,0.000000e+00,0.000000e+00
1.000000e+00,0.000000e+00,0.000000e+00,0.000000e+00,0.000000e+00,0.000000e+00,0.000000e+00,0.000000e+00,0.000000e+00,0.000000e+00,0.000000e+00,0.000000e+00,0.000000e+00,0.000000e+00,0.000000e+00
1.000000e+00,0.000000e+00,0.000000e+00,0.000000e+00,0.000000e+00,0.000000e+00,0.000000e+00,0.000000e+00,0.000000e+00,0.000000e+00,0.000000e+00,0.000000e+00,0.000000e+00,0.000000e+00,0.000000e+00
1.000000e+00,0.000000e+00,0.000000e+00,0.000000e+00,0.000000e+00,0.000000e+00,0.000000e+00,0.000000e+00,0.000000e+00,0.000000e+00,0.000000e+00,0.000000e+00,0.000000e+00,0.000000e+00,0.000000e+00
1.000000e+00,0.000000e+00,0.000000e+00,0.000000e+00,0.000000e+00,0.000000e+00,0.000000e+00,0.000000e+00,0.000000e+00,0.000000e+00,0.000000e+00,0.000000e+00,0.000000e+00,0.000000e+00,0.000000e+00
1.000000e+00,0.000000e+00,0.000000e+00,0.000000e+00,0.000000e+00,0.000000e+00,0.000000e+00,0.000000e+00,0.000000e+00,0.000000e+00,0.000000e+00,0.000000e+00,0.000000e+00,0.000000e+00,0.000000e+00
1.000000e+00,0.000000e+00,0.000000e+00,0.000000e+00,0.000000e+00,0.000000e+00,0.000000e+00,0.000000e+00,0.000000e+00,0.000000e+00,0.000000e+00,0.000000e+00,0.000000e+00,0.000000e+00,0.000000e+00
1.000000e+00,0.000000e+00,0.000000e+00,0.000000e+00,0.000000e+00,0.000000e+00,0.000000e+00,0.000000e+00,0.000000e+00,0.000000e+00,0.000000e+00,0.000000e+00,0.000000e+00,0.000000e+00,0.000000e+00
1.000000e+00,0.000000e+00,0.000000e+00,0.000000e+00,0.000000e+00,0.000000e+00,0.000000e+00,0.000000e+00,0.000000e+00,0.000000e+00,0.000000e+00,0.000000e+00,0.000000e+00,0.000000e+00,0.000000e+00
1.000000e+00,0.000000e+00,0.000000e+00,0.000000e+00,0.000000e+00,0.000000e+00,0.000000e+00,0.000000e+00,0.000000e+00,0.000000e+00,0.000000e+00,0.000000e+00,0.000000e+00,0.000000e+00,0.000000e+00
1.000000e+00,0.000000e+00,0.000000e+00,0.000000e+00,0.000000e+00,0.000000e+00,0.000000e+00,0.000000e+00,0.000000e+00,0.000000e+00,0.000000e+00,0.000000e+00,0.000000e+00,0.000000e+00,0.000000e+00
1.000000e+00,0.000000e+00,0.000000e+00,0.000000e+00,0.000000e+00,0.000000e+00,0.000000e+00,0.000000e+00,0.000000e+00,0.000000e+00,0.000000e+00,0.000000e+00,0.000000e+00,0.000000e+00,0.000000e+00
1.000000e+00,0.000000e+00,0.000000e+00,0.000000e+00,0.000000e+00,0.000000e+00,0.000000e+00,0.000000e+00,0.000000e+00,0.000000e+00,0.000000e+00,0.000000e+00,0.000000e+00,0.000000e+00,0.000000e+00
1.000000e+00,0.000000e+00,0.000000e+00,0.000000e+00,0.000000e+00,0.000000e+00,0.000000e+00,0.000000e+00,0.000000e+00,0.000000e+00,0.000000e+00,0.000000e+00,0.000000e+00,0.000000e+00,0.000000e+00
1.000000e+00,0.000000e+00,0.000000e+00,0.000000e+00,0.000000e+00,0.000000e+00,0.000000e+00,0.000000e+00,0.000000e+00,0.000000e+00,0.000000e+00,0.000000e+00,0.000000e+00,0.000000e+00,0.000000e+00
1.000000e+00,0.000000e+00,0.000000e+00,0.000000e+00,0.000000e+00,0.000000e+00,0.000000e+00,0.000000e+00,0.000000e+00,0.000000e+00,0.000000e+00,0.000000e+00,0.000000e+00,0.000000e+00,0.000000e+00
1.000000e+00,0.000000e+00,0.000000e+00,0.000000e+00,0.000000e+00,0.000000e+00,0.000000e+00,0.000000e+00,0.000000e+00,0.000000e+00,0.000000e+00,0.000000e+00,0.000000e+00,0.000000e+00,0.000000e+00
1.000000e+00,0.000000e+00,0.000000e+00,0.000000e+00,0.000000e+00,0.000000e+00,0.000000e+00,0.000000e+00,0.000000e+00,0.000000e+00,0.000000e+00,0.000000e+00,0.000000e+00,0.000000e+00,0.000000e+00
4.273346e-01,5.382136e-02,7.835796e-02,1.662587e-01,1.174511e-02,2.944523e-02,8.702382e-03,3.896931e-02,1.805487e-02,3.536610e-03,4.020295e-02,5.522217e-02,2.027014e-02,8.115840e-03,3.996281e-02
4.564638e-01,4.925157e-02,6.647506e-02,1.515710e-01,1.301481e-02,3.062613e-02,8.200459e-03,3.123328e-02,2.015181e-02,3.547811e-03,4.624808e-02,5.426518e-02,2.028587e-02,9.695194e-03,3.896988e-02
4.601233e-01,4.524954e-02,5.335138e-02,1.363590e-01,1.686139e-02,3.439118e-02,9.859031e-03,2.690971e-02,2.279155e-02,4.206722e-03,4.740748e-02,6.338511e-02,2.600989e-02,1.106481e-02,4.202990e-02
1.000000e+00,0.000000e+00,0.000000e+00,0.000000e+00,0.000000e+00,0.000000e+00,0.000000e+00,0.000000e+00,0.000000e+00,0.000000e+00,0.000000e+00,0.000000e+00,0.000000e+00,0.000000e+00,0.000000e+00
1.000000e+00,0.000000e+00,0.000000e+00,0.000000e+00,0.000000e+00,0.000000e+00,0.000000e+00,0.000000e+00,0.000000e+00,0.000000e+00,0.000000e+00,0.000000e+00,0.000000e+00,0.000000e+00,0.000000e+00
3.985578e-01,2.533365e-02,2.402726e-02,7.298987e-02,1.542432e-02,2.435477e-02,5.848060e-03,2.838813e-01,1.211022e-02,2.420889e-03,4.365317e-02,4.296150e-02,1.675493e-02,8.897406e-03,2.278494e-02
2.804610e-01,1.785361e-02,1.730802e-02,5.162946e-02,1.214998e-02,1.775822e-02,5.011872e-03,4.924399e-01,8.517095e-03,1.704035e-03,3.078702e-02,3.028951e-02,1.187862e-02,6.238539e-03,1.597316e-02
1.964281e-01,1.252108e-02,1.220463e-02,3.620319e-02,8.719773e-03,1.247134e-02,3.925480e-03,6.436860e-01,5.966090e-03,1.193336e-03,2.159008e-02,2.120708e-02,8.328605e-03,4.371151e-03,1.118410e-02
1.375650e-01,8.774535e-03,8.599217e-03,2.536757e-02,6.222724e-03,8.793558e-03,2.830515e-03,7.500952e-01,4.177641e-03,8.363504e-04,1.513540e-02,1.484907e-02,5.841479e-03,3.078675e-03,7.832972e-03
9.632209e-02,6.146193e-03,6.059362e-03,1.777794e-02,4.405993e-03,6.252951e-03,2.089235e-03,8.245282e-01,2.925637e-03,5.862992e-04,1.070005e-02,1.041050e-02,4.116861e-03,2.193995e-03,5.484736e-03
6.744668e-02,4.326060e-03,4.291768e-03,1.247434e-02,4.071760e-03,6.115840e-03,5.264379e-03,8.650556e-01,2.073786e-03,4.347998e-04,8.162631e-03,8.095654e-03,6.505468e-03,1.765059e-03,3.916254e-03
4.724292e-02,3.065564e-03,3.053958e-03,8.765492e-03,4.847203e-03,5.997908e-03,4.691605e-03,8.768525e-01,1.520885e-03,3.298585e-04,9.483280e-03,1.153716e-02,1.774763e-02,2.012401e-03,2.851687e-03
3.319087e-02,2.473590e-03,2.441906e-03,6.231047e-03,2.341784e-02,7.378212e-02,3.817692e-03,7.776861e-01,1.556466e-03,3.618724e-04,3.079798e-02,1.413135e-02,2.058152e-02,6.685504e-03,2.844170e-03
2.354162e-02,1.822425e-03,2.257871e-03,4.535368e-03,2.294421e-02,1.086798e-01,3.020608e-03,5.522694e-01,1.342624e-03,4.860319e-03,1.228409e-01,1.099669e-01,2.559407e-02,1.400410e-02,2.319812e-03
1.672111e-02,1.454871e-03,1.922692e-03,3.303109e-03,1.929468e-02,1.449456e-01,2.299463e-03,3.884920e-01,1.121537e-03,8.385764e-03,1.767084e-01,1.909637e-01,2.665920e-02,1.579287e-02,1.935011e-03
1.186881e-02,1.062794e-03,1.396907e-03,2.394063e-03,1.429901e-02,2.375008e-01,1.744498e-03,2.723163e-01,1.192845e-03,8.553935e-03,1.607792e-01,2.478501e-01,2.141205e-02,1.612131e-02,1.507416e-03
8.470054e-03,7.538993e-04,9.901798e-04,1.716328e-03,1.030887e-02,2.135046e-01,1.399083e-03,1.910155e-01,1.169739e-03,6.544649e-03,1.312744e-01,3.977496e-01,1.739154e-02,1.656460e-02,1.146912e-03
6.169261e-03,5.695905e-04,7.135473e-04,1.272748e-03,7.653264e-03,1.618943e-01,1.295675e-03,1.340486e-01,1.520169e-03,1.062537e-02,1.474936e-01,4.866712e-01,1.499148e-02,2.416720e-02,9.139381e-04
4.387804e-03,5.102324e-04,9.029240e-04,1.274391e-03,6.737882e-03,1.152540e-01,9.671443e-04,9.531750e-02,8.615420e-03,3.058817e-02,2.528690e-01,4.024524e-01,1.170121e-02,6.668972e-02,1.732219e-03
3.184150e-03,4.431696e-04,9.283769e-04,1.603643e-03,7.738476e-03,8.234069e-02,8.397815e-04,6.834282e-02,2.756632e-02,6.356934e-02,3.297173e-01,3.287415e-01,8.950978e-03,7.366975e-02,2.363703e-03
2.412494e-03,7.367737e-04,1.450544e-03,2.398365e-03,1.324905e-02,6.172689e-02,1.024580e-03,4.969238e-02,1.105519e-01,5.572524e-02,3.192207e-01,3.068879e-01,7.279717e-03,6.547353e-02,2.169984e-03
1.885648e-03,7.913487e-04,1.456438e-03,3.125526e-03,1.301515e-02,4.794659e-02,1.212425e-03,3.951633e-02,1.682702e-01,4.276602e-02,3.270918e-01,2.852504e-01,9.096617e-03,5.649369e-02,2.081833e-03
1.423127e-03,2.459449e-03,3.255208e-03,2.685334e-03,1.660991e-02,4.221231e-02,1.285818e-03,3.185567e-02,1.768588e-01,3.196908e-02,3.935254e-01,2.155727e-01,9.911806e-03,6.838694e-02,1.988552e-03
1.257149e-03,7.508083e-03,3.868227e-03,2.127516e-03,1.702701e-02,3.578661e-02,1.451912e-02,1.041333e-01,1.955087e-01,2.546004e-02,3.092886e-01,1.693317e-01,1.363343e-02,9.888409e-02,1.666589e-03
9.369379e-04,1.999616e-02,2.797181e-03,1.594679e-03,1.295149e-02,3.314801e-02,1.108568e-02,7.810564e-02,3.958767e-01,1.793620e-02,2.203978e-01,1.199086e-01,1.084709e-02,7.317996e-02,1.237840e-03
7.003509e-04,2.263805e-02,2.090749e-03,1.387735e-03,1.147755e-02,4.553085e-02,7.831574e-03,5.575683e-02,5.403931e-01,1.259562e-02,1.554012e-01,8.401558e-02,7.913842e-03,5.138107e-02,8.858456e-04
5.379296e-04,2.674581e-02,1.608990e-03,1.955664e-03,1.134967e-02,1.121031e-01,5.516352e-03,3.929535e-02,5.811487e-01,8.875463e-03,1.094315e-01,5.883577e-02,5.888212e-03,3.601373e-02,6.937449e-04
7.716878e-04,3.182844e-02,1.625310e-03,5.270877e-03,3.848008e-02,1.368726e-01,4.006966e-03,2.825719e-02,5.917032e-01,7.715975e-03,7.929606e-02,4.131418e-02,5.185119e-03,2.534652e-02,2.325797e-03
1.848918e-03,3.297419e-02,1.922255e-03,1.537163e-02,6.998488e-02,1.153107e-01,3.020855e-03,2.466124e-02,6.173763e-01,6.296371e-03,5.626485e-02,2.903182e-02,4.897088e-03,1.781958e-02,3.219265e-03
3.133121e-03,2.719306e-02,6.227972e-03,5.574142e-02,8.670129e-02,8.953891e-02,2.378030e-03,4.497925e-02,5.953967e-01,6.323548e-03,4.090454e-02,2.047429e-02,3.982602e-03,1.251437e-02,4.510880e-03
1.261898e-02,2.582004e-02,5.822452e-03,4.479722e-02,1.264374e-01,8.472831e-02,1.956115e-03,3.556822e-02,5.819809e-01,7.684783e-03,2.904465e-02,1.441044e-02,3.013448e-03,8.846192e-03,1.727085e-02
3.046265e-02,2.659951e-02,6.559593e-03,4.271143e-02,1.555771e-01,8.944789e-02,1.902085e-03,2.988031e-02,5.226603e-01,1.353034e-02,2.063826e-02,1.021408e-02,2.391323e-03,6.251152e-03,4.117401e-02
5.048139e-02,2.930108e-02,1.037135e-02,1.152905e-01,1.304093e-01,7.530132e-02,2.504096e-03,3.072234e-02,4.521160e-01,1.975047e-02,1.589824e-02,8.423821e-03,3.472701e-03,4.596467e-03,5.136088e-02
4.801958e-02,3.011301e-02,1.684181e-02,1.955767e-01,9.545875e-02,7.390016e-02,3.224625e-03,2.336065e-02,3.540106e-01,1.784826e-02,2.304783e-02,4.008742e-02,2.165174e-02,3.651774e-03,5.320712e-02
3.706002e-02,2.601177e-02,2.818291e-02,2.567946e-01,7.051241e-02,6.091283e-02,2.762408e-03,1.690092e-02,2.735577e-01,2.032144e-02,3.034594e-02,5.165046e-02,5.929114e-02,3.136058e-03,6.255942e-02
2.668453e-02,2.138861e-02,4.203303e-02,1.995883e-01,5.224383e-02,4.930277e-02,2.704472e-03,1.203551e-02,1.958898e-01,1.707506e-02,3.898161e-02,6.855813e-02,2.160097e-01,3.127651e-03,5.437703e-02
1.952450e-02,1.750121e-02,4.108207e-02,1.648931e-01,3.819722e-02,6.993602e-02,2.483967e-03,8.490161e-03,1.394730e-01,1.366081e-02,3.474702e-02,6.533254e-02,3.185263e-01,3.425070e-03,6.272697e-02
1.462808e-02,1.551455e-02,4.159971e-02,1.252536e-01,2.874260e-02,7.600072e-02,2.322846e-03,5.981578e-03,1.019035e-01,1.110756e-02,3.087499e-02,2.110164e-01,2.765041e-01,4.925349e-03,5.362442e-02
1.178586e-02,1.129224e-02,2.933142e-02,8.786514e-02,2.126626e-02,5.481013e-02,2.309760e-03,4.343795e-03,7.713359e-02,9.339050e-03,4.989287e-02,3.882010e-01,2.087653e-01,5.496012e-03,3.816764e-02
8.863820e-03,7.971734e-03,2.056739e-02,6.155334e-02,1.517764e-02,3.887218e-02,1.815448e-03,3.104965e-03,5.474004e-02,7.202409e-03,4.321669e-02,5.406929e-01,1.613863e-01,7.826684e-03,2.700844e-02
7.307510e-03,5.890306e-03,1.460721e-02,4.317177e-02,1.090381e-02,2.736007e-02,1.509171e-03,2.467044e-03,4.031489e-02,5.882606e-03,4.239865e-02,6.466183e-01,1.241246e-01,8.368190e-03,1.907587e-02
5.848522e-03,4.540894e-03,1.040439e-02,3.027995e-02,7.814096e-03,1.919876e-02,1.199872e-03,1.957490e-03,3.049516e-02,6.240321e-03,3.463309e-02,7.305444e-01,9.372382e-02,9.624256e-03,1.349501e-02
5.467023e-03,3.273721e-03,7.375189e-03,2.124140e-02,5.570232e-03,1.352936e-02,9.798482e-04,1.554495e-03,2.605464e-02,2.169375e-02,5.191053e-02,7.488248e-01,6.770426e-02,1.510555e-02,9.715259e-03
3.965666e-03,2.395661e-03,5.385364e-03,1.514169e-02,4.338051e-03,9.553238e-03,6.997435e-04,1.177435e-03,3.198236e-02,3.089977e-02,6.697403e-02,7.255150e-01,4.814431e-02,4.668108e-02,7.146617e-03
2.823114e-03,2.283980e-03,8.398280e-03,1.105296e-02,3.898773e-03,6.810131e-03,5.203877e-04,1.078923e-03,1.109339e-01,5.611052e-02,6.878018e-02,6.028712e-01,3.410964e-02,8.435690e-02,5.971065e-03
2.064215e-03,2.267620e-03,7.207131e-03,7.872016e-03,3.324750e-03,4.964430e-03,3.771662e-04,8.463405e-04,1.915033e-01,4.737547e-02,7.465629e-02,4.499954e-01,2.428107e-02,1.785096e-01,4.755135e-03
1.800057e-03,1.911772e-03,6.137745e-03,5.924819e-03,2.774123e-03,6.424138e-03,2.934647e-04,8.327947e-04,1.889512e-01,3.990062e-02,1.002065e-01,3.402550e-01,1.789842e-02,2.824466e-01,4.242739e-03
1.748516e-03,1.488092e-03,4.713816e-03,4.363071e-03,3.918354e-03,5.218389e-03,2.271175e-04,6.190437e-04,2.914562e-01,3.194385e-02,1.246659e-01,2.461673e-01,1.345993e-02,2.656130e-01,4.397360e-03
1.629642e-03,1.140229e-03,3.594564e-03,3.254941e-03,2.892643e-03,4.617246e-03,1.630296e-04,4.597757e-04,2.760696e-01,2.355757e-02,1.113859e-01,1.737678e-01,9.574250e-03,3.815126e-01,6.380167e-03
2.943191e-03,1.255729e-03,4.254146e-03,3.496468e-03,4.078899e-03,5.739205e-03,1.496030e-04,3.904294e-04,3.431816e-01,1.814069e-02,1.041185e-01,1.227979e-01,6.942549e-03,3.743909e-01,8.120221e-03
6.283333e-03,1.045994e-03,4.638381e-03,2.945008e-03,8.739351e-03,4.980117e-03,1.233435e-04,6.409935e-04,3.321508e-01,1.361822e-02,1.179459e-01,8.640685e-02,5.360037e-03,4.044472e-01,1.067445e-02
8.962533e-03,1.190391e-03,6.202878e-02,1.157234e-02,1.148229e-02,5.199869e-03,1.361335e-04,3.697125e-03,3.577911e-01,1.121677e-02,1.120374e-01,6.091575e-02,4.629086e-03,3.362739e-01,1.286652e-02
1.860309e-02,2.058062e-03,8.920835e-02,2.981029e-02,1.173848e-02,1.100073e-02,1.484858e-04,4.563265e-03,3.378869e-01,1.101795e-02,8.458837e-02,4.281698e-02,3.856574e-03,2.539673e-01,9.873514e-02
3.227479e-02,2.164388e-03,1.213001e-01,3.929638e-02,1.449890e-02,1.201396e-02,1.688202e-04,5.605138e-03,3.032716e-01,9.205516e-03,8.606657e-02,3.019281e-02,3.195601e-03,2.435535e-01,9.719186e-02
4.329783e-02,2.054472e-03,1.307335e-01,5.039883e-02,1.701202e-02,2.102740e-02,1.895823e-04,8.522494e-03,3.047321e-01,7.976354e-03,8.852129e-02,2.159728e-02,2.614109e-03,2.273844e-01,7.393835e-02
5.157846e-02,2.230167e-03,2.312105e-01,6.161570e-02,1.591132e-02,1.905428e-02,3.643668e-04,2.796693e-02,2.592710e-01,7.734197e-03,6.901290e-02,1.526571e-02,1.972830e-03,1.770010e-01,5.981056e-02
4.762756e-02,1.991807e-03,3.583306e-01,5.383393e-02,1.315793e-02,1.530822e-02,3.408121e-04,2.861638e-02,2.061211e-01,7.285371e-03,5.170730e-02,1.072330e-02,1.502350e-03,1.395975e-01,6.385578e-02
3.820811e-02,1.662188e-03,4.275538e-01,3.996470e-02,1.103047e-02,1.219601e-02,2.619549e-04,2.115703e-02,1.550081e-01,8.615523e-03,3.754736e-02,7.565474e-03,1.158391e-03,1.028990e-01,1.351720e-01
2.953462e-02,1.668181e-03,5.127723e-01,2.911378e-02,7.935356e-03,1.250551e-02,1.927902e-04,1.532290e-02,1.123414e-01,1.621031e-02,3.142050e-02,5.620524e-03,1.887263e-03,8.136244e-02,1.421122e-01
2.118157e-02,1.440923e-03,4.976174e-01,2.119362e-02,5.616458e-03,1.177374e-02,1.386656e-04,1.102711e-02,8.231009e-02,2.363513e-02,4.930735e-02,5.370259e-03,8.042008e-03,7.189161e-02,1.894541e-01
1.627366e-02,1.284059e-03,4.519659e-01,1.533451e-02,4.023819e-03,8.635412e-03,1.103534e-04,7.797686e-03,6.344956e-02,1.237759e-01,5.009180e-02,4.605670e-03,7.898894e-03,1.017977e-01,1.429551e-01
2.276224e-02,2.028271e-03,3.409435e-01,1.822963e-02,9.136228e-03,8.308865e-03,2.173358e-04,9.130873e-03,6.883243e-02,1.239414e-01,7.605556e-02,5.224193e-03,1.898051e-02,1.805949e-01,1.156141e-01
3.081719e-02,2.152861e-03,2.422845e-01,1.997591e-02,1.448980e-02,7.198151e-03,5.275188e-04,7.799204e-03,7.255188e-02,1.862156e-01,6.692581e-02,7.219956e-03,2.171170e-02,1.898886e-01,1.302414e-01
3.036923e-02,2.693536e-03,1.707921e-01,2.854401e-02,1.922892e-02,1.026511e-02,5.077116e-04,8.167882e-03,8.458135e-02,2.218514e-01,9.542285e-02,3.590190e-02,4.240723e-02,1.473464e-01,1.019203e-01
2.762619e-02,3.019558e-03,1.211503e-01,3.364236e-02,1.523476e-02,1.203855e-02,4.811404e-04,6.737441e-03,8.026633e-02,1.976238e-01,1.553572e-01,7.984683e-02,7.734361e-02,1.089371e-01,8.069491e-02
2.451615e-02,3.180831e-03,9.310826e-02,5.979318e-02,1.695033e-02,9.564176e-03,5.452887e-04,4.218803e-02,9.001735e-02,1.472070e-01,1.565812e-01,9.159851e-02,1.269423e-01,7.759771e-02,6.020967e-02
2.361812e-02,3.826195e-03,7.551357e-02,1.474869e-01,1.699953e-02,9.639938e-03,5.879730e-04,4.442240e-02,1.575060e-01,1.060630e-01,1.327589e-01,7.360574e-02,1.037894e-01,5.663437e-02,4.754802e-02
1.933778e-02,4.001476e-03,5.666287e-02,2.220812e-01,1.508732e-02,8.579847e-03,6.052135e-04,3.206579e-02,2.174751e-01,7.993533e-02,1.220289e-01,5.469765e-02,8.448973e-02,4.171661e-02,4.123522e-02
1.841355e-02,5.409197e-03,4.257789e-02,2.058093e-01,1.240474e-02,8.408205e-03,7.535963e-04,2.389886e-02,2.685879e-01,6.102045e-02,1.254872e-01,4.273902e-02,8.873536e-02,4.225019e-02,5.350458e-02
1.565248e-02,5.279366e-03,3.409645e-02,1.987254e-01,1.914090e-02,6.364095e-03,7.981531e-04,1.831959e-02,2.336443e-01,4.471180e-02,1.659749e-01,3.082303e-02,8.332378e-02,3.352394e-02,1.096217e-01
2.222728e-02,5.794425e-03,3.893549e-02,2.083067e-01,6.137654e-02,5.803785e-03,1.433439e-03,1.673890e-02,1.924461e-01,3.322338e-02,1.532645e-01,2.251750e-02,6.548718e-02,2.847196e-02,1.439728e-01
5.360049e-02,9.456348e-03,2.976248e-02,1.525175e-01,1.303437e-01,6.742685e-03,1.606048e-03,1.471782e-02,1.413542e-01,2.678492e-02,1.447546e-01,1.658152e-02,4.985693e-02,3.153179e-02,1.903890e-01
6.476615e-02,1.997393e-02,2.247759e-02,1.083622e-01,2.190622e-01,1.398033e-02,2.168763e-03,1.395828e-02,1.282212e-01,2.077891e-02,1.100307e-01,1.220820e-02,3.681109e-02,3.162827e-02,1.955722e-01
7.644631e-02,4.618736e-02,1.940215e-02,7.972139e-02,2.374756e-01,2.392470e-02,3.802960e-03,1.585132e-02,1.259941e-01,2.272758e-02,7.884172e-02,9.593694e-03,2.733366e-02,3.530716e-02,1.973903e-01
8.182066e-02,5.372240e-02,4.672730e-02,7.704374e-02,2.283092e-01,2.899026e-02,5.797453e-03,4.220070e-02,9.679294e-02,1.785610e-02,5.639751e-02,7.265932e-03,2.118999e-02,3.492916e-02,2.009566e-01
9.466119e-02,4.805198e-02,4.326972e-02,5.754546e-02,1.699293e-01,6.055511e-02,5.252157e-03,3.197703e-02,7.267129e-02,1.876021e-02,4.148844e-02,5.546655e-03,1.586617e-02,3.865468e-02,2.957706e-01
9.984063e-02,3.877302e-02,3.913444e-02,4.423284e-02,1.282486e-01,5.692248e-02,6.103328e-03,2.563502e-02,6.279023e-02,2.137101e-02,3.182764e-02,4.229676e-03,1.325784e-02,8.447947e-02,3.431539e-01
1.362070e-01,3.107735e-02,3.282967e-02,3.818313e-02,9.518221e-02,4.856546e-02,5.986662e-03,2.151679e-02,5.483529e-02,2.124438e-02,2.523800e-02,3.608248e-03,1.067604e-02,1.885848e-01,2.862650e-01
1.325168e-01,2.450007e-02,2.856515e-02,2.885383e-02,7.064382e-02,4.172333e-02,5.788932e-03,1.707734e-02,4.642136e-02,1.685228e-02,2.091795e-02,2.735119e-03,8.684298e-03,3.452847e-01,2.094351e-01
1.227355e-01,2.224076e-02,2.669953e-02,2.571661e-02,5.138966e-02,7.450913e-02,5.191428e-03,1.537145e-02,3.707396e-02,7.768988e-02,1.621690e-02,2.478176e-03,8.613873e-03,3.208304e-01,1.932428e-01
1.488281e-01,2.916637e-02,2.293538e-02,2.092052e-02,3.688061e-02,9.718290e-02,5.108392e-03,2.078375e-02,5.110847e-02,9.748649e-02,1.344379e-02,3.325878e-03,8.520601e-03,2.490426e-01,1.952662e-01
1.701243e-01,3.001587e-02,1.873130e-02,1.572984e-02,2.725024e-02,9.359604e-02,4.626929e-03,1.756757e-02,5.919483e-02,1.118207e-01,1.693885e-02,5.979553e-03,1.102272e-02,2.311385e-01,1.862627e-01
1.342416e-01,2.549215e-02,1.328765e-02,1.136353e-02,1.917886e-02,6.844801e-02,3.287903e-03,1.259251e-02,4.686129e-02,8.864620e-02,9.373567e-02,2.820282e-02,1.403059e-02,1.699333e-01,2.706978e-01
1.000864e-01,1.969946e-02,9.870345e-03,8.640428e-03,1.360809e-02,4.958881e-02,2.385809e-03,9.355260e-03,3.549922e-02,7.512898e-02,2.385002e-01,4.840784e-02,1.480868e-02,1.487864e-01,2.256342e-01
7.425831e-02,1.418262e-02,7.186259e-03,6.833442e-03,1.027835e-02,3.566780e-02,1.728098e-03,8.397320e-03,2.875891e-02,6.015106e-02,3.961975e-01,5.206994e-02,1.327836e-02,1.244550e-01,1.665570e-01
6.921615e-02,1.035298e-02,5.280182e-03,6.501645e-03,7.912801e-03,2.703079e-02,1.316256e-03,6.540837e-03,2.457155e-02,4.916739e-02,4.900980e-01,7.460557e-02,1.145690e-02,9.489940e-02,1.210495e-01
5.637451e-02,1.007227e-02,5.737616e-03,6.015470e-03,1.423311e-02,1.985072e-02,1.122531e-03,6.270841e-03,5.036697e-02,4.432412e-02,4.986969e-01,9.400152e-02,9.793692e-03,8.933538e-02,9.380434e-02
5.604788e-02,7.409888e-03,4.200976e-03,5.369260e-03,1.129915e-02,1.461818e-02,1.345828e-03,5.830615e-03,4.748307e-02,3.239385e-02,4.291285e-01,2.198367e-01,9.119678e-03,8.597672e-02,6.993981e-02
4.245604e-02,5.309376e-03,3.078619e-03,5.667715e-03,9.357422e-03,1.115822e-02,1.027085e-03,4.380391e-03,3.954516e-02,2.493054e-02,4.049087e-01,3.197401e-01,9.666367e-03,6.661783e-02,5.215643e-02
3.162731e-02,3.780854e-03,2.347826e-03,6.874482e-03,1.090312e-02,8.131738e-03,7.776994e-04,3.335448e-03,3.133777e-02,2.469125e-02,3.875412e-01,3.770204e-01,9.306210e-03,5.923104e-02,4.309374e-02
2.525368e-02,3.379487e-03,2.670751e-03,6.452138e-03,4.727786e-02,6.471913e-03,7.797842e-04,3.004700e-03,2.809222e-02,2.324514e-02,4.277948e-01,3.097208e-01,9.279115e-03,5.810388e-02,4.847375e-02
2.325592e-02,4.757745e-03,3.113596e-03,5.910472e-03,7.419357e-02,5.534863e-03,7.042184e-04,2.811571e-03,2.279668e-02,2.127809e-02,4.396650e-01,3.017072e-01,8.762548e-03,4.886567e-02,3.664299e-02
4.659045e-02,5.516636e-03,6.727002e-03,6.618457e-03,8.188665e-02,8.323958e-03,1.235536e-03,5.424267e-03,1.810619e-02,2.916375e-02,4.446372e-01,2.608667e-01,8.807924e-03,4.793774e-02,2.815756e-02
3.884996e-02,4.318655e-03,5.940112e-03,5.455018e-03,7.343572e-02,8.798368e-03,1.281187e-03,9.802044e-03,1.411501e-02,2.533539e-02,5.161556e-01,2.310110e-01,7.547341e-03,3.747641e-02,2.047822e-02
3.091295e-02,4.310078e-03,6.168535e-03,4.455421e-03,1.054815e-01,1.015543e-02,1.578250e-03,1.126571e-02,1.251517e-02,1.995471e-02,5.404484e-01,1.998853e-01,6.689034e-03,3.124687e-02,1.493267e-02
4.250885e-02,6.008751e-03,1.211135e-02,4.040744e-03,8.484214e-02,1.014271e-02,2.605771e-03,1.367727e-02,1.659833e-02,1.800433e-02,5.615053e-01,1.841449e-01,5.647279e-03,2.480091e-02,1.336146e-02
5.812354e-02,1.260770e-02,4.226454e-02,4.134640e-03,8.814334e-02,1.123037e-02,4.342955e-03,1.804387e-02,5.776298e-02,1.600224e-02,4.946946e-01,1.545774e-01,5.510837e-03,2.103997e-02,1.152094e-02
4.582140e-02,2.483363e-02,1.004956e-01,3.440297e-03,1.723816e-01,1.112496e-02,4.832247e-03,2.423002e-02,7.470222e-02,1.172922e-02,3.813555e-01,1.136728e-01,5.018759e-03,1.751764e-02,8.844147e-03
3.459000e-02,1.988186e-02,8.350547e-02,3.808245e-03,1.302470e-01,9.483846e-03,3.879810e-03,2.333527e-01,7.110436e-02,8.900554e-03,2.790590e-01,8.433650e-02,1.154517e-02,1.836764e-02,7.937818e-03
3.152490e-02,1.879819e-02,8.741301e-02,7.072915e-03,1.057041e-01,8.146509e-03,3.280140e-03,3.440879e-01,8.263646e-02,6.577630e-03,2.008421e-01,6.205956e-02,1.512225e-02,1.696212e-02,9.772277e-03
4.486308e-02,3.092451e-02,8.913080e-02,1.578029e-02,1.037327e-01,1.234795e-02,3.824099e-03,3.078520e-01,1.376627e-01,5.760281e-03,1.515774e-01,4.689294e-02,1.740185e-02,1.620881e-02,1.604046e-02
4.749326e-02,5.001025e-02,9.153549e-02,2.728050e-02,8.609138e-02,1.171852e-02,4.030560e-03,2.649701e-01,2.045098e-01,6.036493e-03,1.116523e-01,3.522120e-02,1.837998e-02,1.360381e-02,2.746630e-02
5.756154e-02,4.071753e-02,7.394241e-02,2.997587e-02,1.291147e-01,1.554675e-02,3.943469e-03,2.299260e-01,2.396776e-01,7.814937e-03,8.088767e-02,2.579261e-02,1.419150e-02,1.066382e-02,4.024351e-02
5.174128e-02,3.892507e-02,6.012234e-02,6.472933e-02,1.530263e-01,1.353487e-02,3.577207e-03,1.905085e-01,2.847453e-01,8.583719e-03,5.789741e-02,1.896697e-02,1.073813e-02,7.819101e-03,3.508440e-02
5.840525e-02,3.214265e-02,6.060574e-02,5.996390e-02,1.503948e-01,1.182184e-02,3.291084e-03,1.762021e-01,3.378677e-01,1.001230e-02,4.117702e-02,1.386562e-02,8.056786e-03,5.950736e-03,3.024242e-02
8.997213e-02,2.799754e-02,6.323966e-02,8.661844e-02,1.467499e-01,1.380963e-02,3.419526e-03,1.355702e-01,3.333410e-01,1.030087e-02,3.051529e-02,1.404582e-02,8.653622e-03,4.565036e-03,3.120136e-02
9.659354e-02,2.355236e-02,4.731955e-02,7.752083e-02,1.982915e-01,1.273674e-02,4.911431e-03,1.000488e-01,3.499161e-01,9.202122e-03,2.512909e-02,1.113127e-02,1.667242e-02,3.418662e-03,2.355567e-02
8.379729e-02,2.234564e-02,3.753055e-02,1.193762e-01,2.318548e-01,1.562328e-02,6.058124e-03,8.225640e-02,3.060674e-01,8.771962e-03,2.377325e-02,1.131388e-02,2.034310e-02,2.980539e-03,2.790767e-02
6.582551e-02,1.741477e-02,2.873227e-02,1.012536e-01,2.308087e-01,1.754897e-02,5.222101e-03,6.045686e-02,2.712359e-01,9.271387e-03,5.970883e-02,2.427125e-02,6.935550e-02,3.310236e-03,3.558412e-02
6.007704e-02,1.438189e-02,2.254427e-02,8.926636e-02,2.658429e-01,2.744158e-02,4.969821e-03,5.610395e-02,2.352354e-01,7.942643e-03,5.495777e-02,3.129960e-02,9.972690e-02,2.730160e-03,2.747982e-02
4.482301e-02,1.200964e-02,1.844279e-02,7.441887e-02,1.974682e-01,2.312918e-02,3.997315e-03,4.071610e-02,1.725213e-01,5.954009e-03,5.284150e-02,1.567574e-01,1.731620e-01,2.224371e-03,2.153443e-02
3.777968e-02,1.019739e-02,1.329446e-02,5.420255e-02,1.452422e-01,2.066936e-02,4.242350e-03,2.897341e-02,1.341850e-01,4.760741e-03,4.371647e-02,1.629786e-01,3.206236e-01,1.975742e-03,1.715836e-02
4.907674e-02,1.045201e-02,1.058692e-02,3.866920e-02,1.150171e-01,2.302350e-02,5.919727e-03,2.115291e-02,1.131277e-01,4.751609e-03,4.186049e-02,1.568166e-01,3.938159e-01,1.834995e-03,1.389458e-02
5.848611e-02,1.042435e-02,9.979713e-03,2.827757e-02,9.383242e-02,2.396256e-02,7.844513e-03,1.641610e-02,9.302128e-02,1.108441e-02,4.702708e-02,1.518898e-01,4.314982e-01,1.921179e-03,1.433473e-02
8.890647e-02,1.249563e-02,1.234242e-02,2.165360e-02,8.983149e-02,2.594522e-02,1.823824e-02,1.619854e-02,8.629919e-02,1.325777e-02,4.209253e-02,1.263228e-01,4.282723e-01,1.893473e-03,1.625034e-02
1.601046e-01,1.435761e-02,1.598413e-02,1.577466e-02,7.139600e-02,3.604258e-02,1.745419e-02,1.408084e-02,6.646445e-02,1.148014e-02,3.496883e-02,1.436184e-01,3.743103e-01,2.708636e-03,2.125471e-02
2.536648e-01,1.404166e-02,1.621863e-02,1.157981e-02,5.486125e-02,4.068348e-02,1.456005e-02,1.251047e-02,5.006697e-02,9.798256e-03,2.990555e-02,1.384831e-01,3.298475e-01,3.650894e-03,2.012746e-02
2.877141e-01,1.297390e-02,1.305351e-02,9.511751e-03,4.680665e-02,3.499940e-02,1.358208e-02,1.376485e-02,4.146914e-02,8.881709e-03,2.835777e-02,1.889840e-01,2.768574e-01,4.265476e-03,1.877815e-02
2.867839e-01,1.192095e-02,1.240739e-02,1.156262e-02,4.343976e-02,3.273233e-02,1.186467e-02,2.702468e-02,3.597450e-02,8.157372e-03,3.001951e-02,2.271489e-01,2.402062e-01,5.502962e-03,1.525427e-02
2.782230e-01,1.205827e-02,1.191114e-02,1.014569e-02,3.760450e-02,3.771040e-02,1.230732e-02,3.231592e-02,3.232497e-02,7.529732e-03,2.632362e-02,2.772304e-01,2.046475e-01,5.069686e-03,1.459777e-02
2.727712e-01,1.174173e-02,1.220883e-02,8.849008e-03,2.868815e-02,1.157259e-01,1.148672e-02,2.527546e-02,2.883010e-02,6.764290e-03,2.048733e-02,2.794510e-01,1.601230e-01,4.236684e-03,1.336055e-02
2.607135e-01,1.210718e-02,1.104080e-02,7.916423e-03,2.154573e-02,1.056668e-01,9.291416e-03,2.031302e-02,2.698807e-02,5.819650e-03,1.684205e-02,3.416166e-01,1.444936e-01,3.591846e-03,1.205334e-02
2.490370e-01,9.664743e-03,9.122266e-03,6.149344e-03,1.711751e-02,1.026512e-01,8.559549e-03,1.914378e-02,2.181733e-02,4.828190e-03,1.342743e-02,3.818672e-01,1.432303e-01,3.304109e-03,1.008003e-02
2.079388e-01,7.300314e-03,6.818665e-03,4.450195e-03,1.398360e-02,7.502329e-02,6.965957e-03,1.831051e-02,1.620041e-02,3.453031e-03,1.032375e-02,4.321575e-01,1.871590e-01,2.575910e-03,7.339129e-03
1.712558e-01,5.715858e-03,4.919849e-03,3.276742e-03,1.363460e-02,6.103589e-02,6.364838e-03,1.473716e-02,1.253769e-02,2.462714e-03,7.777285e-03,4.857197e-01,2.033167e-01,1.914426e-03,5.330679e-03
1.730821e-01,1.310748e-02,1.249752e-02,1.262311e-02,2.191751e-02,7.888633e-02,1.089066e-02,1.507265e-02,1.855795e-02,2.077369e-03,6.348406e-03,4.597811e-01,1.688153e-01,1.604751e-03,4.737686e-03
1.627239e-01,1.011803e-02,9.760476e-03,1.029624e-02,3.519240e-02,8.638781e-02,2.632463e-02,1.303929e-02,1.690082e-02,1.523839e-03,5.433683e-03,4.553883e-01,1.621440e-01,1.215005e-03,3.551485e-03
1.272773e-01,7.998142e-03,9.688362e-03,8.267453e-03,4.782638e-02,1.008241e-01,4.589130e-02,1.369198e-02,1.486864e-02,1.131159e-03,4.159071e-03,4.626535e-01,1.521810e-01,9.235011e-04,2.617980e-03
9.875157e-02,7.060715e-03,2.340055e-02,7.431680e-03,4.144395e-02,1.153498e-01,4.391398e-02,2.327581e-02,1.363607e-02,8.860611e-04,3.068287e-03,4.904103e-01,1.286060e-01,8.197558e-04,1.945347e-03
7.641590e-02,7.673476e-03,1.839226e-02,5.447710e-03,3.429883e-02,1.076982e-01,3.579803e-02,1.913264e-02,1.384457e-02,7.167344e-04,2.358363e-03,5.740990e-01,1.018558e-01,7.711897e-04,1.497341e-03
7.124761e-02,7.444661e-03,1.546128e-02,4.224002e-03,3.380906e-02,1.004865e-01,3.594289e-02,1.844191e-02,1.358487e-02,7.341398e-04,2.481980e-03,5.309463e-01,1.617030e-01,1.824711e-03,1.667131e-03
8.116361e-02,7.092086e-03,3.014551e-02,7.731402e-03,3.483271e-02,1.026247e-01,3.435285e-02,3.177799e-02,1.305233e-02,8.738466e-04,2.669715e-03,4.710610e-01,1.793753e-01,1.841894e-03,1.405123e-03
8.812747e-02,7.262099e-03,2.363047e-02,6.008631e-03,2.697312e-02,9.282523e-02,3.089318e-02,2.424397e-02,1.394943e-02,8.012036e-04,2.087855e-03,3.591453e-01,3.212205e-01,1.510922e-03,1.320656e-03
9.237376e-02,8.012317e-03,2.403809e-02,5.455666e-03,2.553843e-02,8.331976e-02,2.804234e-02,2.016949e-02,1.326381e-02,6.233663e-04,1.620377e-03,2.758932e-01,4.191545e-01,1.415085e-03,1.079952e-03
8.980779e-02,7.547600e-03,1.756170e-02,4.303022e-03,2.033975e-02,6.747407e-02,2.252672e-02,1.544464e-02,1.259718e-02,4.974217e-04,1.385807e-03,2.317288e-01,5.067415e-01,1.123189e-03,9.207486e-04
7.202876e-02,6.178605e-03,1.273630e-02,3.139261e-03,1.491608e-02,5.108521e-02,1.647754e-02,1.092842e-02,1.079793e-02,3.626807e-04,1.210037e-03,2.069931e-01,5.915018e-01,8.869490e-04,7.573848e-04
7.283581e-02,6.041630e-03,9.796571e-03,2.633545e-03,1.145739e-02,4.180674e-02,1.263981e-02,8.130267e-03,1.151626e-02,2.875686e-04,1.544402e-03,2.116006e-01,6.078610e-01,1.023381e-03,8.250474e-04
7.370175e-02,4.888292e-03,7.748915e-03,2.086597e-03,8.689724e-03,3.490613e-02,9.798657e-03,5.832714e-03,9.167534e-03,2.383928e-04,1.869570e-03,3.098440e-01,5.295861e-01,9.010740e-04,7.405069e-04
1.191451e-01,4.013700e-03,6.234277e-03,1.766954e-03,6.663396e-03,2.872895e-02,7.253714e-03,4.158523e-03,7.182910e-03,2.407742e-04,2.205745e-03,3.622918e-01,4.486167e-01,7.899790e-04,7.074084e-04
2.396835e-01,3.909952e-03,4.747088e-03,1.933676e-03,5.106815e-03,2.943594e-02,5.372550e-03,3.112982e-03,6.408385e-03,2.233190e-04,2.289924e-03,2.841274e-01,4.117744e-01,8.135898e-04,1.060473e-03
3.828146e-01,6.400318e-03,4.264414e-03,5.669348e-03,4.197581e-03,2.523685e-02,4.985115e-03,3.382562e-03,6.503262e-03,3.512294e-04,2.558019e-03,2.092173e-01,3.407761e-01,9.077335e-04,2.735585e-03
3.560028e-01,5.745310e-03,3.312245e-03,9.525656e-03,3.179582e-03,5.517533e-02,4.871562e-03,3.425393e-03,6.575538e-03,3.812240e-04,2.212813e-03,1.508721e-01,3.955298e-01,6.600544e-04,2.530591e-03
2.830819e-01,2.506160e-02,1.607199e-02,1.016974e-01,3.875400e-03,4.222491e-02,4.244625e-03,5.813449e-03,2.297641e-02,7.216086e-04,3.154203e-03,1.173729e-01,3.618688e-01,8.149488e-04,1.101986e-02
2.282475e-01,1.931475e-02,5.180472e-02,1.516844e-01,4.260866e-03,3.706799e-02,3.214435e-03,6.082094e-03,1.983915e-02,9.318813e-04,8.593991e-03,1.125085e-01,3.393301e-01,9.282753e-04,1.619136e-02
1.714144e-01,1.456272e-02,4.451566e-02,1.178648e-01,4.027527e-03,8.994903e-02,2.864965e-03,5.057363e-03,1.627729e-02,7.474837e-04,7.760311e-03,9.029950e-02,4.207382e-01,8.096180e-04,1.311112e-02
1.790699e-01,1.185806e-02,3.405943e-02,8.936571e-02,3.618570e-03,1.006782e-01,2.934615e-03,4.583515e-03,1.335541e-02,7.660906e-04,7.238661e-03,7.274354e-02,4.671195e-01,6.991887e-04,1.190967e-02
1.665085e-01,8.799694e-03,2.422956e-02,6.566653e-02,2.794109e-03,1.585546e-01,2.478685e-03,3.500538e-03,1.043840e-02,6.101069e-04,5.475352e-03,5.645414e-02,4.845993e-01,5.126128e-04,9.377910e-03
