1.000000e+00,0.000000e+00,0.000000e+00,0.000000e+00,0.000000e+00,0.000000e+00,0.000000e+00,0.000000e+00,0.000000e+00,0.000000e+00,0.000000e+00,0.000000e+00,0.000000e+00,0.000000e+00,0.000000e+00
1.000000e+00,0.000000e+00,0.000000e+00,0.000000e+00,0.000000e+00,0.000000e+00,0.000000e+00,0.000000e+00,0.000000e+00,0.000000e+00,0.000000e+00,0.000000e+00,0.000000e+00,0.000000e+00,0.000000e+00
1.000000e+00,0.000000e+00,0.000000e+00,0.000000e+00,0.000000e+00,0.000000e+00,0.000000e+00,0.000000e+00,0.000000e+00,0.000000e+00,0.000000e+00,0.000000e+00,0.000000e+00,0.000000e+00,0.000000e+00
1.000000e+00,0.000000e+00,0.000000e+00,0.000000e+00,0.000000e+00,0.000000e+00,0.000000e+00,0.000000e+00,0.000000e+00,0.000000e+00,0.000000e+00,0.000000e+00,0.000000e+00,0.000000e+00,0.000000e+00
1.000000e+00,0.000000e+00,0.000000e+00,0.000000e+00,0.000000e+00,0.000000e+00,0.000000e+00,0.000000e+00,0.000000e+00,0.000000e+00,0.000000e+00,0.000000e+00,0.000000e+00,0.000000e+00,0.000000e+00
1.000000e+00,0.000000e+00,0.000000e+00,0.000000e+00,0.000000e+00,0.000000e+00,0.000000e+00,0.000000e+00,0.000000e+00,0.000000e+00,0.000000e+00,0.000000e+00,0.000000e+00,0.000000e+00,0.000000e+00
1.000000e+00,0.000000e+00,0.000000e+00,0.000000e+00,0.000000e+00,0.000000e+00,0.000000e+00,0.000000e+00,0.000000e+00,0.000000e+00,0.000000e+00,0.000000e+00,0.000000e+00,0.000000e+00,0.000000e+00
1.000000e+00,0.000000e+00,0.000000e+00,0.000000e+00,0.000000e+00,0.000000e+00,0.000000e+00,0.000000e+00,0.000000e+00,0.000000e+00,0.000000e+00,0.000000e+00,0.000000e+00,0.000000e+00,0.000000e+00
1.000000e+00,0.000000e+00,0.000000e+00,0.000000e+00,0.000000e+00,0.000000e+00,0.000000e+00,0.000000e+00,0.000000e+00,0.000000e+00,0.000000e+00,0.000000e+00,0.000000e+00,0.000000e+00,0.000000e+00
1.000000e+00,0.000000e+00,0.000000e+00,0.000000e+00,0.000000e+00,0.000000e+00,0.000000e+00,0.000000e+00,0.000000e+00,0.000000e+00,0.000000e+00,0.000000e+00,0.000000e+00,0.000000e+00,0.000000e+00
1.000000e+00,0.000000e+00,0.000000e+00,0.000000e+00,0.000000e+00,0.000000e+00,0.000000e+00,0.000000e+00,0.000000e+00,0.000000e+00,0.000000e+00,0.000000e+00,0.000000e+00,0.000000e+00,0.000000e+00
1.000000e+00,0.000000e+00,0.000000e+00,0.000000e+00,0.000000e+00,0.000000e+00,0.000000e+00,0.000000e+00,0.000000e+00,0.000000e+00,0.000000e+00,0.000000e+00,0.000000e+00,0.000000e+00,0.000000e+00
1.000000e+00,0.000000e+00,0.000000e+00,0.000000e+00,0.000000e+00,0.000000e+00,0.000000e+00,0.000000e+00,0.000000e+00,0.000000e+00,0.000000e+00,0.000000e+00,0.000000e+00,0.000000e+00,0.000000e+00
1.000000e+00,0.000000e+00,0.000000e+00,0.000000e+00,0.000000e+00,0.000000e+00,0.000000e+00,0.000000e+00,0.000000e+00,0.000000e+00,0.000000e+00,0.000000e+00,0.000000e+00,0.000000e+00,0.000000e+00
1.000000e+00,0.000000e+00,0.000000e+00,0.000000e+00,0.000000e+00,0.000000e+00,0.000000e+00,0.000000e+00,0.000000e+00,0.000000e+00,0.000000e+00,0.000000e+00,0.000000e+00,0.000000e+00,0.000000e+00
1.000000e+00,0.000000e+00,0.000000e+00,0.000000e+00,0.000000e+00,0.000000e+00,0.000000e+00,0.000000e+00,0.000000e+00,0.000000e+00,0.000000e+00,0.000000e+00,0.000000e+00,0.000000e+00,0.000000e+00
1.000000e+00,0.000000e+00,0.000000e+00,0.000000e+00,0.000000e+00,0.000000e+00,0.000000e+00,0.000000e+00,0.000000e+00,0.000000e+00,0.000000e+00,0.000000e+00,0.000000e+00,0.000000e+00,0.000000e+00
1.000000e+00,0.000000e+00,0.000000e+00,0.000000e+00,0.000000e+00,0.000000e+00,0.000000e+00,0.000000e+00,0.000000e+00,0.000000e+00,0.000000e+00,0.000000e+00,0.000000e+00,0.000000e+00,0.000000e+00
1.000000e+00,0.000000e+00,0.000000e+00,0.000000e+00,0.000000e+00,0.000000e+00,0.000000e+00,0.000000e+00,0.000000e+00,0.000000e+00,0.000000e+00,0.000000e+00,0.000000e+00,0.000000e+00,0.000000e+00
1.000000e+00,0.000000e+00,0.000000e+00,0.000000e+00,0.000000e+00,0.000000e+00,0.000000e+00,0.000000e+00,0.000000e+00,0.000000e+00,0.000000e+00,0.000000e+00,0.000000e+00,0.000000e+00,0.000000e+00
1.000000e+00,0.000000e+00,0.000000e+00,0.000000e+00,0.000000e+00,0.000000e+00,0.000000e+00,0.000000e+00,0.000000e+00,0.000000e+00,0.000000e+00,0.000000e+00,0.000000e+00,0.000000e+00,0.000000e+00
1.000000e+00,0.000000e+00,0.000000e+00,0.000000e+00,0.000000e+00,0.000000e+00,0.000000e+00,0.000000e+00,0.000000e+00,0.000000e+00,0.000000e+00,0.000000e+00,0.000000e+00,0.000000e+00,0.000000e+00
1.000000e+00,0.000000e+00,0.000000e+00,0.000000e+00,0.000000e+00,0.000000e+00,0.000000e+00,0.000000e+00,0.000000e+00,0.000000e+00,0.000000e+00,0.000000e+00,0.000000e+00,0.000000e+00,0.000000e+00
1.000000e+00,0.000000e+00,0.000000e+00,0.000000e+00,0.000000e+00,0.000000e+00,0.000000e+00,0.000000e+00,0.000000e+00,0.000000e+00,0.000000e+00,0.000000e+00,0.000000e+00,0.000000e+00,0.000000e+00
1.000000e+00,0.000000e+00,0.000000e+00,0.000000e+00,0.000000e+00,0.000000e+00,0.000000e+00,0.000000e+00,0.000000e+00,0.000000e+00,0.000000e+00,0.000000e+00,0.000000e+00,0.000000e+00,0.000000e+00
1.000000e+00,0.000000e+00,0.000000e+00,0.000000e+00,0.000000e+00,0.000000e+00,0.000000e+00,0.000000e+00,0.000000e+00,0.000000e+00,0.000000e+00,0.000000e+00,0.000000e+00,0.000000e+00,0.000000e+00
1.000000e+00,0.000000e+00,0.000000e+00,0.000000e+00,0.000000e+00,0.000000e+00,0.000000e+00,0.000000e+00,0.000000e+00,0.000000e+00,0.000000e+00,0.000000e+00,0.000000e+00,0.000000e+00,0.000000e+00
1.000000e+00,0.000000e+00,0.000000e+00,0.000000e+00,0.000000e+00,0.000000e+00,0.000000e+00,0.000000e+00,0.000000e+00,0.000000e+00,0.000000e+00,0.000000e+00,0.000000e+00,0.000000e+00,0.000000e+00
1.000000e+00,0.000000e+00,0.000000e+00,0.000000e+00,0.000000e+00,0.000000e+00,0.000000e+00,0.000000e+00,0.000000e+00,0.000000e+00,0.000000e+00,0.000000e+00,0.000000e+00,0.000000e+00,0.000000e+00
1.000000e+00,0.000000e+00,0.000000e+00,0.000000e+00,0.000000e+00,0.000000e+00,0.000000e+00,0.000000e+00,0.000000e+00,0.000000e+00,0.000000e+00,0.000000e+00,0.000000e+00,0.000000e+00,0.000000e+00
1.000000e+00,0.000000e+00,0.000000e+00,0.000000e+00,0.000000e+00,0.000000e+00,0.000000e+00,0.000000e+00,0.000000e+00,0.000000e+00,0.000000e+00,0.000000e+00,0.000000e+00,0.000000e+00,0.000000e+00
1.000000e+00,0.000000e+00,0.000000e+00,0.000000e+00,0.000000e+00,0.000000e+00,0.000000e+00,0.000000e+00,0.000000e+00,0.000000e+00,0.000000e+00,0.000000e+00,0.000000e+00,0.000000e+00,0.000000e+00
1.000000e+00,0.000000e+00,0.000000e+00,0.000000e+00,0.000000e+00,0.000000e+00,0.000000e+00,0.000000e+00,0.000000e+00,0.000000e+00,0.000000e+00,0.000000e+00,0.000000e+00,0.000000e+00,0.000000e+00
1.000000e+00,0.000000e+00,0.000000e+00,0.000000e+00,0.000000e+00,0.000000e+00,0.000000e+00,0.000000e+00,0.000000e+00,0.000000e+00,0.000000e+00,0.000000e+00,0.000000e+00,0.000000e+00,0.000000e+00
1.000000e+00,0.000000e+00,0.000000e+00,0.000000e+00,0.000000e+00,0.000000e+00,0.000000e+00,0.000000e+00,0.000000e+00,0.000000e+00,0.000000e+00,0.000000e+00,0.000000e+00,0.000000e+00,0.000000e+00
1.000000e+00,0.000000e+00,0.000000e+00,0.000000e+00,0.000000e+00,0.000000e+00,0.000000e+00,0.000000e+00,0.000000e+00,0.000000e+00,0.000000e+00,0.000000e+00,0.000000e+00,0.000000e+00,0.000000e+00
1.000000e+00,0.000000e+00,0.000000e+00,0.000000e+00,0.000000e+00,0.000000e+00,0.000000e+00,0.000000e+00,0.000000e+00,0.000000e+00,0.000000e+00,0.000000e+00,0.000000e+00,0.000000e+00,0.000000e+00
1.000000e+00,0.000000e+00,0.000000e+00,0.000000e+00,0.000000e+00,0.000000e+00,0.000000e+00,0.000000e+00,0.000000e+00,0.000000e+00,0.000000e+00,0.000000e+00,0.000000e+00,0.000000e+00,0.000000e+00
1.000000e+00,0.000000e+00,0.000000e+00,0.000000e+00,0.000000e+00,0.000000e+00,0.000000e+00,0.000000e+00,0.000000e+00,0.000000e+00,0.000000e+00,0.000000e+00,0.000000e+00,0.000000e+00,0.000000e+00
1.000000e+00,0.000000e+00,0.000000e+00,0.000000e+00,0.000000e+00,0.000000e+00,0.000000e+00,0.000000e+00,0.000000e+00,0.000000e+00,0.000000e+00,0.000000e+00,0.000000e+00,0.000000e+00,0.000000e+00
1.000000e+00,0.000000e+00,0.000000e+00,0.000000e+00,0.000000e+00,0.000000e+00,0.000000e+00,0.000000e+00,0.000000e+00,0.000000e+00,0.000000e+00,0.000000e+00,0.000000e+00,0.000000e+00,0.000000e+00
1.000000e+00,0.000000e+00,0.000000e+00,0.000000e+00,0.000000e+00,0.000000e+00,0.000000e+00,0.000000e+00,0.000000e+00,0.000000e+00,0.000000e+00,0.000000e+00,0.000000e+00,0.000000e+00,0.000000e+00
1.000000e+00,0.000000e+00,0.000000e+00,0.000000e+00,0.000000e+00,0.000000e+00,0.000000e+00,0.000000e+00,0.000000e+00,0.000000e+00,0.000000e+00,0.000000e+00,0.000000e+00,0.000000e+00,0.000000e+00
1.000000e+00,0.000000e+00,0.000000e+00,0.000000e+00,0.000000e+00,0.000000e+00,0.000000e+00,0.000000e+00,0.000000e+00,0.000000e+00,0.000000e+00,0.000000e+00,0.000000e+00,0.000000e+00,0.000000e+00
1.000000e+00,0.000000e+00,0.000000e+00,0.000000e+00,0.000000e+00,0.000000e+00,0.000000e+00,0.000000e+00,0.000000e+00,0.000000e+00,0.000000e+00,0.000000e+00,0.000000e+00,0.000000e+00,0.000000e+00
1.000000e+00,0.000000e+00,0.000000e+00,0.000000e+00,0.000000e+00,0.000000e+00,0.000000e+00,0.000000e+00,0.000000e+00,0.000000e+00,0.000000e+00,0.000000e+00,0.000000e+00,0.000000e+00,0.000000e+00
1.000000e+00,0.000000e+00,0.000000e+00,0.000000e+00,0.000000e+00,0.000000e+00,0.000000e+00,0.000000e+00,0.000000e+00,0.000000e+00,0.000000e+00,0.000000e+00,0.000000e+00,0.000000e+00,0.000000e+00
1.000000e+00,0.000000e+00,0.000000e+00,0.000000e+00,0.000000e+00,0.000000e+00,0.000000e+00,0.000000e+00,0.000000e+00,0.000000e+00,0.000000e+00,0.000000e+00,0.000000e+00,0.000000e+00,0.000000e+00
1.000000e+00,0.000000e+00,0.000000e+00,0.000000e+00,0.000000e+00,0.000000e+00,0.000000e+00,0.000000e+00,0.000000e+00,0.000000e+00,0.000000e+00,0.000000e+00,0.000000e+00,0.000000e+00,0.000000e+00
1.000000e+00,0.000000e+00,0.000000e+00,0.000000e+00,0.000000e+00,0.000000e+00,0.000000e+00,0.000000e+00,0.000000e+00,0.000000e+00,0.000000e+00,0.000000e+00,0.000000e+00,0.000000e+00,0.000000e+00
1.000000e+00,0.000000e+00,0.000000e+00,0.000000e+00,0.000000e+00,0.000000e+00,0.000000e+00,0.000000e+00,0.000000e+00,0.000000e+00,0.000000e+00,0.000000e+00,0.000000e+00,0.000000e+00,0.000000e+00
1.000000e+00,0.000000e+00,0.000000e+00,0.000000e+00,0.000000e+00,0.000000e+00,0.000000e+00,0.000000e+00,0.000000e+00,0.000000e+00,0.000000e+00,0.000000e+00,0.000000e+00,0.000000e+00,0.000000e+00
1.000000e+00,0.000000e+00,0.000000e+00,0.000000e+00,0.000000e+00,0.000000e+00,0.000000e+00,0.000000e+00,0.000000e+00,0.000000e+00,0.000000e+00,0.000000e+00,0.000000e+00,0.000000e+00,0.000000e+00
1.000000e+00,0.000000e+00,0.000000e+00,0.000000e+00,0.000000e+00,0.000000e+00,0.000000e+00,0.000000e+00,0.000000e+00,0.000000e+00,0.000000e+00,0.000000e+00,0.000000e+00,0.000000e+00,0.000000e+00
4.877306e-01,4.657441e-02,1.290524e-01,1.094534e-01,2.288329e-02,3.491367e-02,2.225468e-02,5.219465e-02,1.468187e-02,3.244776e-03,9.586521e-03,2.947601e-02,1.372682e-02,2.622882e-03,2.160398e-02
4.706303e-01,5.593131e-02,1.090083e-01,1.255833e-01,2.689285e-02,3.317523e-02,1.815301e-02,4.317368e-02,2.010717e-02,4.247194e-03,1.288656e-02,3.015569e-02,1.403465e-02,3.394343e-03,3.262650e-02
4.692549e-01,5.966868e-02,8.746153e-02,1.301462e-01,2.949618e-02,3.326607e-02,1.516044e-02,3.594790e-02,2.265381e-02,5.291113e-03,1.416794e-02,3.323022e-02,1.579199e-02,4.440571e-03,4.402250e-02
4.780731e-01,6.662912e-02,6.861673e-02,1.271830e-01,2.740313e-02,3.268611e-02,1.311160e-02,2.964596e-02,2.261181e-02,6.519016e-03,1.614305e-02,3.472417e-02,1.788146e-02,5.679880e-03,5.309191e-02
4.529279e-01,7.507613e-02,6.060895e-02,1.340808e-01,2.604255e-02,3.236181e-02,1.185993e-02,2.644973e-02,2.216968e-02,7.883456e-03,1.933761e-02,3.793360e-02,1.972558e-02,7.035767e-03,6.650659e-02
4.422343e-01,5.910768e-02,6.562775e-02,1.261399e-01,2.331063e-02,2.769277e-02,1.075655e-02,7.612965e-02,1.980883e-02,6.602352e-03,1.980062e-02,3.726477e-02,2.094325e-02,6.651220e-03,5.792975e-02
1.000000e+00,0.000000e+00,0.000000e+00,0.000000e+00,0.000000e+00,0.000000e+00,0.000000e+00,0.000000e+00,0.000000e+00,0.000000e+00,0.000000e+00,0.000000e+00,0.000000e+00,0.000000e+00,0.000000e+00
1.000000e+00,0.000000e+00,0.000000e+00,0.000000e+00,0.000000e+00,0.000000e+00,0.000000e+00,0.000000e+00,0.000000e+00,0.000000e+00,0.000000e+00,0.000000e+00,0.000000e+00,0.000000e+00,0.000000e+00
1.000000e+00,0.000000e+00,0.000000e+00,0.000000e+00,0.000000e+00,0.000000e+00,0.000000e+00,0.000000e+00,0.000000e+00,0.000000e+00,0.000000e+00,0.000000e+00,0.000000e+00,0.000000e+00,0.000000e+00
1.000000e+00,0.000000e+00,0.000000e+00,0.000000e+00,0.000000e+00,0.000000e+00,0.000000e+00,0.000000e+00,0.000000e+00,0.000000e+00,0.000000e+00,0.000000e+00,0.000000e+00,0.000000e+00,0.000000e+00
3.939704e-01,1.744955e-02,8.995801e-02,3.842650e-02,7.388952e-03,1.618313e-02,1.848090e-02,3.517279e-01,5.406427e-03,2.096590e-03,8.267880e-03,1.479794e-02,1.081024e-02,4.114184e-03,2.092145e-02
2.825795e-01,1.250366e-02,8.268917e-02,2.901753e-02,5.425695e-03,1.268431e-02,1.695681e-02,5.105262e-01,3.820037e-03,1.503905e-03,5.936266e-03,1.057873e-02,7.799908e-03,3.045727e-03,1.493258e-02
1.992979e-01,8.807898e-03,7.022372e-02,2.192676e-02,3.911118e-03,9.224356e-03,1.266217e-02,6.403033e-01,2.681854e-03,1.062711e-03,4.199781e-03,7.469994e-03,5.536317e-03,2.174360e-03,1.051783e-02
1.401197e-01,6.199427e-03,6.047985e-02,1.664541e-02,2.931108e-03,7.082574e-03,1.135837e-02,7.311226e-01,1.883793e-03,7.574705e-04,3.003754e-03,5.296420e-03,4.125908e-03,1.592573e-03,7.401121e-03
9.844586e-02,4.354045e-03,4.706280e-02,1.205786e-02,2.518755e-03,5.154310e-03,1.572475e-02,7.975385e-01,1.323748e-03,5.382131e-04,2.135989e-03,3.725797e-03,3.072017e-03,1.141960e-03,5.205440e-03
6.903180e-02,3.063915e-03,3.419171e-02,8.623161e-03,2.132771e-03,3.747432e-03,1.794094e-02,8.490365e-01,9.303017e-04,3.846169e-04,1.528635e-03,2.620254e-03,2.287990e-03,8.215495e-04,3.658555e-03
4.917765e-02,2.337765e-03,2.560748e-02,6.533624e-03,3.133189e-03,4.116056e-03,3.200440e-02,8.615328e-01,7.438934e-04,4.631406e-04,1.459223e-03,2.270083e-03,7.084123e-03,6.490570e-04,2.887574e-03
3.452845e-02,1.799296e-03,1.959702e-02,4.869667e-03,3.999919e-03,3.479017e-03,5.119085e-02,8.424302e-01,6.513046e-04,1.202920e-03,1.462785e-03,2.820344e-03,2.716193e-02,7.655034e-04,4.040776e-03
2.443222e-02,1.296948e-03,1.381441e-02,3.783256e-03,3.693138e-03,4.020141e-03,4.114922e-02,6.458561e-01,8.316470e-04,1.078319e-03,2.323975e-03,1.253869e-02,2.229316e-01,1.535143e-03,2.071519e-02
1.771773e-02,9.651916e-04,9.737063e-03,3.036255e-03,4.442232e-03,4.342851e-03,3.133020e-02,4.697838e-01,1.408120e-03,8.890345e-04,2.866062e-03,1.465670e-02,3.803417e-01,2.043918e-03,5.643912e-02
1.267335e-02,9.294203e-04,7.075390e-03,2.237277e-03,3.651513e-03,4.000519e-03,2.305817e-02,3.310720e-01,2.270478e-03,2.427849e-03,3.299793e-03,1.448177e-02,4.238426e-01,5.009936e-03,1.639699e-01
8.910457e-03,8.577422e-04,5.112293e-03,1.614661e-03,2.773104e-03,2.910461e-03,1.641807e-02,2.318425e-01,2.934431e-03,3.065252e-03,2.750609e-03,1.087750e-02,3.345739e-01,7.603450e-03,3.677556e-01
6.267210e-03,7.390107e-04,3.610702e-03,1.182292e-03,2.132511e-03,2.131593e-03,1.163131e-02,1.623309e-01,4.811855e-03,3.378965e-03,2.362177e-03,7.973688e-03,2.642578e-01,1.406704e-02,5.131229e-01
4.479464e-03,7.061416e-04,2.599336e-03,1.118429e-03,1.641486e-03,5.487787e-03,8.162674e-03,1.136396e-01,1.181637e-02,5.740549e-03,4.637829e-03,6.328499e-03,1.992580e-01,3.741759e-02,5.969663e-01
3.278819e-03,7.267363e-04,1.852167e-03,1.126811e-03,1.622978e-03,7.382621e-03,5.727231e-03,7.955512e-02,1.605821e-02,9.834964e-03,6.325776e-03,4.886399e-03,1.481808e-01,3.670919e-02,6.767321e-01
2.446908e-03,8.353405e-04,1.383088e-03,1.305963e-03,1.249702e-03,8.373390e-03,4.018005e-03,5.569574e-02,1.672019e-02,8.960940e-03,2.857107e-02,5.365425e-03,1.141780e-01,7.204778e-02,6.788484e-01
1.836412e-03,8.237947e-04,1.144856e-03,9.905631e-04,1.065693e-03,6.819053e-03,2.827768e-03,3.898980e-02,1.448780e-02,6.731454e-03,4.629133e-02,4.277547e-03,8.629024e-02,1.395302e-01,6.478935e-01
1.495801e-03,7.817693e-04,1.103978e-03,7.147361e-04,1.007083e-03,5.533742e-03,1.994486e-03,2.729479e-02,1.295468e-02,6.275192e-03,8.313140e-02,3.577715e-03,6.396122e-02,2.273685e-01,5.628050e-01
1.683008e-03,1.155690e-03,1.968041e-03,5.113911e-04,1.016962e-03,5.307319e-03,1.421128e-03,1.911568e-02,1.361362e-02,7.994285e-03,9.798352e-02,2.605358e-03,4.572933e-02,2.766194e-01,5.232753e-01
2.267814e-03,9.675592e-04,1.720829e-03,3.689592e-04,8.790143e-04,5.371024e-03,1.002720e-03,1.338536e-02,1.537628e-02,7.328711e-03,8.229901e-02,1.949284e-03,3.273681e-02,3.077104e-01,5.266362e-01
2.198653e-03,1.792051e-03,1.806421e-03,2.725919e-04,6.608297e-04,1.103167e-02,7.161230e-04,9.373200e-03,1.482313e-02,7.686970e-03,6.802852e-02,2.065398e-03,2.524532e-02,3.666407e-01,4.876585e-01
2.249246e-03,1.778559e-03,2.008859e-03,2.090379e-04,4.816091e-04,1.219275e-02,5.055660e-04,6.562082e-03,1.942983e-02,9.352922e-03,6.992166e-02,1.623987e-03,1.846955e-02,3.404486e-01,5.147659e-01
1.939223e-03,1.638971e-03,2.324801e-03,1.932703e-04,3.454867e-04,2.810278e-02,3.571091e-04,4.594283e-03,1.726632e-02,8.549800e-03,8.178153e-02,2.765703e-03,1.917525e-02,2.721760e-01,5.587896e-01
2.183856e-03,2.303000e-03,3.196398e-03,2.000788e-04,2.562677e-04,2.675581e-02,2.506501e-04,3.216324e-03,2.565593e-02,8.007291e-03,1.403328e-01,2.337145e-03,1.557399e-02,2.284773e-01,5.412532e-01
4.133362e-03,5.824258e-03,4.429699e-03,1.984564e-04,2.047161e-04,2.195913e-02,1.765996e-04,2.251938e-03,3.434882e-02,1.036567e-02,1.725398e-01,1.805577e-03,1.164806e-02,1.955145e-01,5.345995e-01
3.644892e-03,1.081033e-02,4.475769e-03,1.877882e-04,1.519813e-04,2.211368e-02,1.261217e-04,1.577231e-03,3.789218e-02,1.014307e-02,1.288346e-01,1.454093e-03,8.475351e-03,1.802934e-01,5.898196e-01
4.113676e-03,1.413902e-02,4.908253e-03,2.218971e-04,1.279726e-04,2.161910e-02,9.791493e-05,1.107363e-03,7.148028e-02,1.158806e-02,9.429165e-02,1.174191e-03,6.473086e-03,2.423485e-01,5.263091e-01
1.146592e-02,1.671992e-02,2.188106e-02,9.548115e-04,3.637786e-04,2.489084e-02,9.957481e-05,8.484917e-04,1.331919e-01,1.745561e-02,7.213247e-02,8.852832e-04,4.973439e-03,2.157020e-01,4.784350e-01
1.340584e-02,1.395061e-02,1.739159e-02,7.552976e-04,4.090274e-04,4.868548e-02,8.991959e-05,6.895699e-04,2.259581e-01,1.465696e-02,5.221411e-02,6.883512e-04,3.827272e-03,2.294150e-01,3.778630e-01
1.493073e-02,1.072494e-02,1.690187e-02,6.382496e-04,5.734720e-04,4.241729e-02,7.694145e-05,7.703648e-04,3.545846e-01,1.386030e-02,3.746161e-02,5.129807e-04,2.874272e-03,2.137527e-01,2.899198e-01
2.199418e-02,7.841121e-03,1.665704e-02,5.159631e-04,8.155715e-04,3.120349e-02,6.469403e-05,8.494824e-04,4.108479e-01,1.284510e-02,2.754243e-02,4.512539e-04,2.216817e-03,2.502225e-01,2.159324e-01
4.181742e-02,6.321041e-03,1.468026e-02,8.215799e-04,3.693121e-03,2.381019e-02,6.705782e-05,2.106871e-03,4.976550e-01,1.076826e-02,2.061310e-02,6.175378e-04,2.218875e-03,2.141674e-01,1.606424e-01
4.605883e-02,4.989355e-03,1.182259e-02,9.231239e-04,3.441137e-03,1.903136e-02,5.329324e-05,1.756763e-03,5.029209e-01,9.250875e-03,2.646916e-02,1.158370e-03,2.222529e-03,2.322710e-01,1.376307e-01
4.556208e-02,3.710725e-03,9.449155e-03,8.456677e-04,3.380841e-03,1.479646e-02,4.129498e-05,2.910510e-03,5.927205e-01,8.041495e-03,2.241821e-02,1.084013e-03,1.693618e-03,1.948740e-01,9.847140e-02
4.548398e-02,2.868067e-03,7.407797e-03,7.917713e-04,4.214533e-03,1.156634e-02,3.415522e-05,4.380207e-03,6.421350e-01,7.956184e-03,1.752671e-02,9.689342e-04,1.324771e-03,1.818888e-01,7.145269e-02
4.477129e-02,2.155328e-03,5.967440e-03,6.924233e-04,6.170057e-03,9.183033e-03,4.254689e-05,5.108719e-03,6.660515e-01,8.196416e-03,1.319161e-02,8.372911e-04,1.005565e-03,1.852280e-01,5.139876e-02
6.063808e-02,1.944337e-03,6.253622e-03,1.436134e-03,6.610861e-03,7.905949e-03,1.889165e-04,8.078877e-03,6.564186e-01,1.109344e-02,1.042206e-02,9.514505e-04,8.822844e-04,1.864856e-01,4.068987e-02
6.893326e-02,1.713582e-03,5.396746e-03,1.394566e-03,9.894750e-03,6.792584e-03,2.900057e-04,9.108425e-03,6.765503e-01,1.465200e-02,8.272321e-03,1.015086e-03,7.573001e-04,1.627133e-01,3.251574e-02
6.905413e-02,1.758497e-03,4.260154e-03,1.431194e-03,9.231075e-03,5.543909e-03,3.571725e-04,7.793291e-03,6.937197e-01,1.492864e-02,7.143413e-03,9.244502e-04,6.336872e-04,1.584289e-01,2.479178e-02
7.693999e-02,3.636855e-03,3.677626e-03,3.343365e-03,7.703344e-03,2.708244e-02,3.728704e-04,5.712521e-03,5.498430e-01,1.797775e-02,5.836780e-03,1.650169e-03,1.425936e-03,1.462874e-01,1.485100e-01
5.570432e-02,3.495013e-03,2.707423e-03,2.727509e-03,5.557627e-03,2.151537e-02,2.916589e-04,4.017356e-03,4.184994e-01,1.444280e-02,7.372737e-03,2.182320e-03,1.316534e-03,1.308711e-01,3.292989e-01
4.625750e-02,2.921089e-03,2.460831e-03,2.271091e-03,4.251777e-03,2.028918e-02,5.226271e-04,2.866897e-03,3.073044e-01,1.223687e-02,1.504358e-02,8.899279e-03,1.769211e-03,3.062111e-01,2.666947e-01
3.882826e-02,2.278441e-03,2.339104e-03,1.704764e-03,3.245419e-03,1.858487e-02,6.082268e-04,2.042514e-03,2.215394e-01,9.845504e-03,1.997048e-02,7.172204e-03,1.465629e-03,4.571826e-01,2.131926e-01
3.054065e-02,1.923558e-03,2.113497e-03,1.432116e-03,2.630259e-03,1.386688e-02,6.173115e-04,1.490440e-03,1.660998e-01,8.343570e-03,2.572439e-02,5.456874e-03,1.123552e-03,5.768331e-01,1.618040e-01
2.542640e-02,1.892142e-03,1.768795e-03,1.997882e-03,2.511995e-03,1.166646e-02,5.984887e-04,1.153688e-03,1.507281e-01,1.788990e-02,3.127959e-02,5.230859e-03,1.421730e-03,6.194422e-01,1.269917e-01
2.104318e-02,1.768091e-03,1.780546e-03,5.354183e-03,3.177547e-03,9.604710e-03,6.619513e-04,1.076140e-03,1.537285e-01,1.029010e-01,3.440352e-02,4.761616e-03,2.249448e-03,5.462883e-01,1.112013e-01
3.449172e-02,1.422826e-03,1.708404e-03,4.261675e-03,2.534621e-03,8.910128e-03,8.465030e-04,1.084317e-03,1.430282e-01,1.184165e-01,4.177865e-02,5.379520e-03,2.126261e-03,5.492220e-01,8.478864e-02
3.169935e-02,1.194105e-03,1.432422e-03,3.599279e-03,3.378407e-03,7.221216e-03,7.348097e-04,1.077860e-03,1.252930e-01,1.273071e-01,5.018501e-02,5.281938e-03,2.041524e-03,5.656271e-01,7.392682e-02
2.316599e-02,1.025914e-03,1.316075e-03,3.836483e-03,2.885962e-03,8.674351e-03,8.678491e-04,1.016287e-03,1.203635e-01,1.336667e-01,1.103372e-01,7.701994e-03,3.126307e-03,5.248308e-01,5.718455e-02
1.673820e-02,8.770879e-04,1.189806e-03,3.565968e-03,2.764313e-03,1.147373e-02,8.933850e-04,9.463632e-04,1.132298e-01,1.382833e-01,1.280919e-01,7.052218e-03,4.064322e-03,5.213620e-01,4.946767e-02
1.411909e-02,1.519372e-03,2.344657e-03,1.141820e-02,7.532061e-03,1.159276e-02,1.333733e-03,2.278326e-03,8.930074e-02,1.558069e-01,1.701889e-01,1.378221e-02,1.114026e-02,4.498471e-01,5.779577e-02
1.568118e-02,1.328287e-03,2.019830e-03,1.090193e-02,5.730612e-02,9.773529e-03,1.867316e-03,1.877575e-02,7.126538e-02,1.428087e-01,1.697683e-01,1.733727e-02,2.854437e-02,3.604865e-01,9.213553e-02
1.230047e-02,1.649801e-03,1.640606e-03,8.916321e-03,2.272749e-01,9.975053e-03,1.796229e-03,1.480818e-02,7.327282e-02,1.167924e-01,1.385203e-01,1.368588e-02,2.661228e-02,2.672168e-01,8.553801e-02
9.799855e-03,9.609356e-03,1.980625e-03,7.150318e-03,3.978996e-01,8.480418e-03,1.437731e-03,1.084109e-02,9.352866e-02,8.199710e-02,9.809671e-02,9.706171e-03,1.915743e-02,1.873691e-01,6.294581e-02
8.162053e-03,1.390455e-02,2.063112e-03,6.061907e-03,5.139701e-01,7.147523e-03,1.123662e-03,7.866563e-03,1.131298e-01,5.754716e-02,7.079155e-02,6.942804e-03,1.384847e-02,1.313070e-01,4.613362e-02
1.016867e-02,1.494870e-02,3.316730e-03,4.292012e-02,5.131627e-01,6.107927e-03,1.514560e-03,1.261662e-02,1.635416e-01,4.079974e-02,5.046507e-02,5.058526e-03,1.027756e-02,9.205780e-02,3.304367e-02
8.152216e-03,1.248209e-02,2.726937e-03,5.106276e-02,3.707839e-01,4.407502e-03,1.101147e-03,9.625935e-03,3.764568e-01,2.878732e-02,3.560738e-02,3.576302e-03,7.282233e-03,6.445953e-02,2.348800e-02
1.495004e-02,1.125827e-02,2.563373e-03,5.662010e-02,3.084246e-01,4.187381e-03,1.175405e-03,1.886756e-02,4.649661e-01,2.053099e-02,2.619768e-02,2.649658e-03,5.298185e-03,4.517817e-02,1.713251e-02
3.157600e-02,1.055055e-02,2.778649e-03,4.776591e-02,2.359582e-01,1.770903e-02,1.419100e-03,3.127184e-02,5.338081e-01,1.452748e-02,2.177094e-02,2.566966e-03,4.241254e-03,3.174638e-02,1.230962e-02
3.366188e-02,8.183495e-03,2.317379e-03,6.005030e-02,1.760392e-01,2.481299e-02,1.159118e-03,2.561308e-02,5.983958e-01,1.039641e-02,2.002249e-02,2.600465e-03,5.479577e-03,2.232859e-02,8.939279e-03
2.373422e-02,5.918986e-03,1.754653e-03,7.985375e-02,1.338953e-01,2.537421e-02,8.827940e-04,1.805359e-02,4.242795e-01,8.905238e-03,2.201410e-01,3.561796e-03,2.881926e-02,1.619929e-02,8.626481e-03
1.693749e-02,4.319078e-03,1.323308e-03,8.736019e-02,1.123820e-01,2.628804e-02,6.762001e-04,1.276317e-02,3.132126e-01,7.502279e-03,3.291990e-01,3.164454e-03,2.560968e-02,3.899543e-02,2.026714e-02
1.227717e-02,3.183678e-03,9.807919e-04,8.013938e-02,8.522888e-02,1.966405e-02,4.970324e-04,9.099665e-03,2.250392e-01,5.824934e-03,3.601641e-01,3.808457e-03,2.365227e-02,1.423329e-01,2.810752e-02
8.698606e-03,3.029819e-03,2.179370e-03,5.742287e-02,6.083843e-02,1.467313e-02,3.682583e-04,6.441453e-03,1.608822e-01,4.390607e-03,3.350353e-01,3.226419e-03,1.876003e-02,3.005956e-01,2.345794e-02
6.141405e-03,2.248078e-03,2.110699e-03,4.042789e-02,4.302257e-02,1.093887e-02,2.681782e-04,4.552482e-03,1.146377e-01,3.451800e-03,2.544562e-01,2.535651e-03,1.453896e-02,4.831015e-01,1.756802e-02
4.317086e-03,2.456862e-03,3.538312e-03,2.836552e-02,3.029793e-02,1.036842e-02,1.906829e-04,3.202856e-03,8.278225e-02,2.464028e-03,1.808863e-01,1.860907e-03,1.048352e-02,6.261294e-01,1.265590e-02
3.035273e-03,1.948369e-03,2.814223e-03,1.986816e-02,2.175754e-02,8.107266e-03,1.344419e-04,2.246103e-03,6.072101e-02,1.747882e-03,1.272619e-01,1.320432e-03,7.369986e-03,7.326255e-01,9.041948e-03
2.158248e-03,1.645330e-03,2.101423e-03,1.393228e-02,1.557173e-02,6.835972e-03,9.555087e-05,1.576342e-03,4.527587e-02,1.250761e-03,8.947044e-02,9.484682e-04,5.184731e-03,8.071705e-01,6.782365e-03
1.704970e-03,1.401831e-03,1.539029e-03,9.767623e-03,1.105133e-02,6.403572e-03,6.976633e-05,1.111299e-03,3.624906e-02,9.325246e-04,6.279653e-02,6.743484e-04,3.655749e-03,8.566995e-01,5.942929e-03
1.704180e-03,1.195004e-03,1.206908e-03,6.865650e-03,7.833452e-03,7.065060e-03,5.302256e-05,7.873062e-04,2.982852e-02,8.217701e-04,4.407953e-02,4.811894e-04,2.601218e-03,8.867865e-01,8.690685e-03
4.612276e-03,9.645348e-04,1.819235e-03,4.868114e-03,5.494447e-03,1.682657e-02,4.277184e-05,5.850719e-04,2.201123e-02,6.737460e-04,3.128723e-02,3.530970e-04,1.868471e-03,9.017872e-01,6.806037e-03
1.465352e-02,8.742884e-04,1.355185e-03,3.489580e-03,4.009584e-03,1.243832e-02,5.094897e-05,5.232798e-04,1.665425e-02,9.447961e-04,2.248007e-02,2.949895e-04,1.499497e-03,9.155371e-01,5.194496e-03
3.319651e-02,1.582306e-03,1.194054e-03,2.764991e-03,3.496359e-03,1.031658e-02,1.103366e-04,8.167811e-04,1.866233e-02,1.319346e-03,1.702454e-02,4.164324e-04,1.565691e-03,9.034855e-01,4.048141e-03
4.675612e-02,2.232254e-03,1.244456e-03,3.537863e-03,3.013100e-03,1.672440e-02,2.930766e-04,1.993134e-03,3.333106e-02,1.595814e-03,1.437793e-02,7.964309e-04,2.114842e-03,8.684965e-01,3.492942e-03
4.284719e-02,2.071919e-03,1.146646e-03,2.647507e-03,2.228652e-03,3.469372e-02,2.330751e-04,1.553284e-03,2.429578e-02,1.362806e-03,1.193564e-02,6.614581e-04,1.685534e-03,8.682685e-01,4.368297e-03
4.017293e-02,1.977989e-03,1.189755e-03,2.202822e-03,1.889767e-03,3.484619e-02,1.981295e-04,1.242748e-03,1.838596e-02,1.242247e-03,8.994374e-03,5.046551e-04,1.263850e-03,8.821487e-01,3.739858e-03
3.841782e-02,2.003439e-03,1.221700e-03,2.126419e-03,1.827815e-03,3.154223e-02,1.972852e-04,9.800184e-04,1.812209e-02,1.008580e-03,8.328884e-03,4.450011e-04,1.005448e-03,8.888476e-01,3.925683e-03
4.230386e-02,2.809600e-03,1.319557e-03,2.043415e-03,1.588674e-03,4.098517e-02,2.131623e-04,8.411952e-04,2.078672e-02,1.028672e-03,1.162234e-02,4.799218e-04,8.552857e-04,8.654447e-01,7.677721e-03
3.745773e-02,2.582008e-03,1.081742e-03,1.599711e-03,1.146656e-03,9.181075e-02,2.167794e-04,6.861890e-04,1.600436e-02,4.085765e-03,9.251386e-03,8.837436e-04,1.546362e-03,6.190305e-01,2.126162e-01
5.412943e-02,2.963546e-03,1.391642e-03,2.559368e-03,1.025404e-03,1.346409e-01,5.528441e-04,1.011686e-03,2.958359e-02,1.052935e-02,1.095734e-02,2.293986e-03,2.969051e-03,5.330567e-01,2.123351e-01
8.699770e-02,2.787723e-03,1.354378e-03,2.824727e-03,1.261906e-03,1.084758e-01,6.743550e-04,1.186365e-03,3.865454e-02,1.430494e-02,2.530687e-02,4.076990e-03,6.353976e-03,4.857874e-01,2.199523e-01
7.768910e-02,2.267320e-03,1.244106e-03,2.441685e-03,1.706852e-03,8.677469e-02,5.577554e-04,1.692224e-03,3.711257e-02,2.753568e-02,7.273009e-02,9.829153e-03,2.431565e-02,3.737474e-01,2.803557e-01
5.715258e-02,1.721886e-03,1.143392e-03,2.807453e-03,5.676959e-03,6.262266e-02,4.649475e-04,5.521744e-03,4.940017e-02,6.878456e-02,1.482965e-01,1.112493e-02,2.422370e-02,2.922632e-01,2.687954e-01
4.249553e-02,1.340793e-03,9.417568e-04,2.739668e-03,1.868501e-02,4.648563e-02,6.844350e-04,1.000308e-02,4.717875e-02,6.442341e-02,2.136363e-01,9.401954e-03,2.348264e-02,2.133698e-01,3.051312e-01
3.990482e-02,1.943228e-03,9.338275e-04,8.289616e-03,2.627510e-02,4.963439e-02,1.350816e-03,1.020783e-02,6.794360e-02,5.235752e-02,1.971448e-01,1.479422e-02,4.323398e-02,1.582780e-01,3.277082e-01
5.756487e-02,2.377576e-03,9.756681e-04,9.985985e-03,2.966242e-02,7.192972e-02,4.141176e-03,8.561978e-03,6.338085e-02,4.594453e-02,1.603102e-01,3.647845e-02,5.179046e-02,1.626782e-01,2.942179e-01
5.562579e-02,2.826912e-03,2.288061e-03,9.320461e-03,2.230559e-02,5.643228e-02,3.938352e-03,8.101035e-03,4.959435e-02,4.179274e-02,1.277478e-01,7.980682e-02,6.546726e-02,2.418795e-01,2.328731e-01
6.723765e-02,2.890155e-03,2.310373e-03,8.516962e-03,1.703099e-02,4.868046e-02,3.884571e-03,7.270745e-03,3.966886e-02,3.268480e-02,1.004008e-01,1.277723e-01,9.332509e-02,2.747380e-01,1.735882e-01
4.995168e-02,2.476673e-03,2.792920e-03,7.794642e-03,1.455360e-02,3.675773e-02,3.081963e-03,1.042595e-02,3.046983e-02,2.651738e-02,8.138958e-02,1.259055e-01,8.553908e-02,3.887390e-01,1.336044e-01
3.769696e-02,1.942438e-03,2.376112e-03,6.161486e-03,1.150588e-02,2.780390e-02,2.498724e-03,9.299826e-03,2.257417e-02,2.036057e-02,6.756649e-02,1.618705e-01,8.571680e-02,4.307577e-01,1.118685e-01
2.702726e-02,1.491233e-03,1.929353e-03,5.344732e-03,1.092288e-02,2.185397e-02,1.961604e-03,8.097580e-03,2.001788e-02,1.561837e-02,7.341956e-02,2.263423e-01,1.527260e-01,3.249748e-01,1.082725e-01
1.904320e-02,1.118106e-03,2.542840e-03,4.160739e-03,1.011399e-02,1.548297e-02,3.053220e-03,1.220687e-02,1.514292e-02,1.224077e-02,9.491505e-02,2.193826e-01,2.361354e-01,2.299472e-01,1.245142e-01
1.421065e-02,1.751586e-03,4.064877e-02,4.675622e-03,1.504210e-02,1.122854e-02,3.250441e-03,2.248310e-02,2.201084e-02,1.047312e-02,1.204171e-01,1.803858e-01,2.776064e-01,1.621549e-01,1.136612e-01
1.148836e-02,1.421423e-03,2.162416e-01,1.551372e-02,1.348960e-02,8.075920e-03,2.574083e-03,5.487392e-02,2.446351e-02,8.135455e-03,1.110491e-01,1.297330e-01,2.083269e-01,1.136938e-01,8.091965e-02
1.190517e-02,1.739456e-03,2.662461e-01,5.960531e-02,2.405423e-02,6.520118e-03,2.241077e-03,4.780525e-02,4.547678e-02,7.266061e-03,1.286768e-01,9.721772e-02,1.579341e-01,8.143394e-02,6.187786e-02
2.721519e-02,8.493637e-03,3.194859e-01,4.882813e-02,2.833099e-02,5.281420e-03,1.852821e-03,3.604252e-02,4.443476e-02,7.319302e-03,1.777966e-01,7.090639e-02,1.170778e-01,5.925142e-02,4.768308e-02
3.511649e-02,1.302427e-02,4.186432e-01,3.762446e-02,3.433660e-02,1.098738e-02,1.469170e-03,2.602533e-02,4.384407e-02,6.051973e-03,1.588476e-01,5.012840e-02,8.377476e-02,4.267846e-02,3.744778e-02
5.297651e-02,1.475630e-02,4.496020e-01,3.746663e-02,3.839609e-02,3.023752e-02,1.438225e-03,1.947434e-02,5.802608e-02,7.307072e-03,1.256304e-01,3.538172e-02,5.919637e-02,3.349876e-02,3.661192e-02
6.793361e-02,1.635092e-02,3.853673e-01,3.486630e-02,2.953158e-02,2.844138e-02,1.076120e-03,1.427955e-02,1.322340e-01,7.436046e-03,8.964479e-02,2.501332e-02,4.190795e-02,2.493649e-02,1.009806e-01
8.920138e-02,2.137781e-02,3.230968e-01,2.799925e-02,2.573936e-02,5.111229e-02,1.068605e-03,1.115648e-02,1.545220e-01,9.162249e-03,6.530420e-02,1.800357e-02,3.028479e-02,3.926072e-02,1.327104e-01
2.054716e-01,1.936245e-02,2.369540e-01,2.534501e-02,2.912541e-02,5.946072e-02,1.891996e-03,1.766248e-02,1.344280e-01,1.044710e-02,5.334210e-02,1.588745e-02,2.773234e-02,3.796644e-02,1.249228e-01
2.614883e-01,2.373426e-02,1.989340e-01,4.132863e-02,3.965436e-02,6.244867e-02,3.141087e-03,2.434426e-02,1.097542e-01,1.122313e-02,4.022709e-02,1.745227e-02,2.116539e-02,3.682779e-02,1.082765e-01
3.221656e-01,2.106631e-02,1.599311e-01,5.118252e-02,3.414866e-02,5.193562e-02,3.069846e-03,3.159593e-02,1.111758e-01,1.699574e-02,3.099100e-02,1.742771e-02,1.664019e-02,3.577677e-02,9.589723e-02
3.547665e-01,2.178115e-02,1.258806e-01,4.491448e-02,2.960636e-02,9.387711e-02,2.690386e-03,2.913796e-02,8.870727e-02,3.023103e-02,2.448951e-02,1.397857e-02,1.235058e-02,3.366669e-02,9.392184e-02
3.458102e-01,2.660087e-02,9.703246e-02,3.911730e-02,2.476127e-02,9.089649e-02,2.156941e-03,2.140600e-02,7.622577e-02,5.447812e-02,2.132974e-02,1.383562e-02,1.039311e-02,4.427533e-02,1.316808e-01
2.464701e-01,1.985466e-02,6.893421e-02,2.781490e-02,1.749866e-02,2.037014e-01,1.572834e-03,1.510802e-02,5.731395e-02,5.347747e-02,3.647450e-02,1.105431e-02,8.026212e-03,8.023996e-02,1.524588e-01
1.747357e-01,1.455834e-02,4.861204e-02,1.965088e-02,1.248768e-02,1.883327e-01,1.482121e-03,1.070537e-02,5.420150e-02,5.408207e-02,6.808242e-02,9.550506e-03,6.604885e-03,1.241039e-01,2.128099e-01
1.230991e-01,1.054854e-02,3.417282e-02,1.387032e-02,8.888861e-03,1.399500e-01,1.348330e-03,7.581710e-03,5.404640e-02,4.929580e-02,1.095991e-01,1.038015e-02,5.830540e-03,2.422751e-01,1.891133e-01
8.665626e-02,7.601956e-03,2.403194e-02,9.901592e-03,6.431791e-03,9.881853e-02,9.894880e-04,5.346675e-03,4.782905e-02,5.353700e-02,1.295118e-01,3.956066e-02,6.599111e-03,2.085539e-01,2.746302e-01
6.127656e-02,5.479512e-03,1.695527e-02,7.246926e-03,4.991193e-03,7.020181e-02,7.893250e-04,3.782540e-03,4.232908e-02,4.840632e-02,1.969638e-01,1.350094e-01,7.594374e-03,1.749147e-01,2.240591e-01
4.537832e-02,3.942576e-03,1.189250e-02,5.232991e-03,3.731106e-03,4.941475e-02,6.243033e-04,2.704844e-03,3.294418e-02,3.736896e-02,2.309705e-01,2.404894e-01,7.125305e-03,1.318356e-01,1.963447e-01
3.264598e-02,2.798312e-03,8.336034e-03,3.757379e-03,1.063482e-02,3.467864e-02,4.595697e-04,2.034148e-03,2.354050e-02,2.970270e-02,2.980059e-01,3.004261e-01,7.105846e-03,1.011568e-01,1.447173e-01
2.315095e-02,2.031952e-03,5.843378e-03,2.681789e-03,4.318317e-02,2.434628e-02,3.703539e-04,1.640475e-03,1.849259e-02,2.414948e-02,4.249802e-01,2.394687e-01,6.482458e-03,7.583627e-02,1.073420e-01
3.276937e-02,1.624294e-03,4.250810e-03,2.565924e-03,5.099300e-02,1.832994e-02,6.255018e-04,1.848882e-03,1.533799e-02,2.616657e-02,3.987154e-01,2.990996e-01,7.730682e-03,5.742541e-02,8.251667e-02
3.660507e-02,1.563838e-03,3.233263e-03,2.651464e-03,6.809198e-02,1.485701e-02,1.062482e-03,2.048610e-03,1.563118e-02,3.677230e-02,3.693213e-01,3.200369e-01,9.577409e-03,5.103339e-02,6.751377e-02
2.848965e-02,1.319790e-03,2.513231e-03,2.045102e-03,5.401934e-02,1.106795e-02,9.662404e-04,1.861591e-03,1.430488e-02,4.535177e-02,3.992124e-01,3.201357e-01,1.325732e-02,5.575536e-02,4.969963e-02
2.466158e-02,3.363322e-03,4.183155e-03,1.774630e-03,4.202837e-02,1.240132e-02,1.084343e-03,2.761651e-03,2.519601e-02,5.220712e-02,3.988217e-01,3.304501e-01,1.263596e-02,4.868528e-02,3.974542e-02
2.353792e-02,3.241008e-03,8.226697e-03,1.921159e-03,3.149112e-02,2.905192e-02,5.498492e-03,1.586810e-02,2.236115e-02,5.621456e-02,3.769100e-01,3.461213e-01,1.095714e-02,3.963596e-02,2.896354e-02
2.879635e-02,4.273908e-03,1.062417e-02,3.429296e-03,2.574669e-02,3.911547e-02,9.786245e-03,2.691436e-02,1.980851e-02,6.300665e-02,3.230471e-01,3.816697e-01,9.064740e-03,3.351630e-02,2.120047e-02
2.349270e-02,2.318817e-02,9.597349e-03,2.794700e-03,7.873664e-02,5.692960e-02,9.661903e-03,2.560571e-02,8.280905e-02,5.897616e-02,2.630253e-01,3.138208e-01,7.149445e-03,2.849068e-02,1.572183e-02
2.034586e-02,2.134129e-02,1.364640e-02,4.270982e-03,7.457313e-02,4.502432e-02,7.894323e-03,4.939046e-02,1.016262e-01,7.598032e-02,2.791794e-01,2.575463e-01,5.991529e-03,3.046272e-02,1.272676e-02
2.279188e-02,2.503595e-02,2.056392e-02,6.038683e-03,7.688903e-02,3.587252e-02,6.936924e-03,7.273442e-02,9.635766e-02,7.959242e-02,2.620773e-01,2.481443e-01,5.174514e-03,3.222885e-02,9.561715e-03
2.418988e-02,2.727076e-02,2.551132e-02,5.235435e-03,8.897771e-02,3.335407e-02,7.426762e-03,6.594354e-02,1.208810e-01,6.476292e-02,2.620441e-01,2.330529e-01,4.255753e-03,3.003700e-02,7.056904e-03
2.057603e-02,2.082872e-02,3.047600e-02,4.603031e-03,2.374128e-01,3.003249e-02,6.574072e-03,9.751299e-02,1.144100e-01,4.568709e-02,1.907171e-01,1.708206e-01,3.471374e-03,2.184159e-02,5.036119e-03
1.849541e-02,1.538291e-02,2.571158e-02,3.682962e-03,3.329177e-01,4.938987e-02,6.621697e-03,8.497189e-02,1.520406e-01,3.208257e-02,1.363747e-01,1.206219e-01,2.593064e-03,1.553612e-02,3.577066e-03
1.432912e-02,1.337367e-02,2.138596e-02,2.844673e-03,3.125960e-01,4.077576e-02,5.066067e-03,6.548907e-02,3.053371e-01,2.253780e-02,9.619471e-02,8.470643e-02,1.902640e-03,1.090888e-02,2.552204e-03
1.116254e-02,1.097338e-02,1.529288e-02,2.102418e-03,2.918126e-01,4.582718e-02,4.216102e-03,5.247148e-02,4.120775e-01,1.589106e-02,6.754144e-02,5.940788e-02,1.564746e-03,7.674687e-03,1.984217e-03
9.438587e-03,8.994053e-03,1.144465e-02,1.671887e-03,3.045121e-01,4.101169e-02,3.933376e-03,8.171670e-02,4.288662e-01,1.118620e-02,4.737158e-02,4.162169e-02,1.237722e-03,5.482564e-03,1.510960e-03
1.154529e-02,7.068512e-03,8.288971e-03,1.430362e-03,3.261420e-01,3.188112e-02,4.021862e-03,9.885947e-02,4.342721e-01,7.870131e-03,3.319710e-02,2.919773e-02,9.413670e-04,3.952572e-03,1.331476e-03
1.543532e-02,6.077779e-03,6.065742e-03,1.506459e-03,3.629448e-01,2.622959e-02,3.747849e-03,1.078067e-01,4.157934e-01,5.560196e-03,2.328267e-02,2.050555e-02,7.568403e-04,2.848345e-03,1.438761e-03
4.640628e-02,6.079911e-03,4.475807e-03,1.982299e-03,3.261667e-01,2.079836e-02,3.363836e-03,9.575591e-02,4.549086e-01,3.987151e-03,1.659867e-02,1.477262e-02,8.704062e-04,2.202026e-03,1.631391e-03
5.868007e-02,6.325321e-03,3.319169e-03,2.708946e-03,2.875990e-01,1.598144e-02,2.976275e-03,1.018205e-01,4.904503e-01,2.976405e-03,1.222633e-02,1.083383e-02,9.963450e-04,1.657543e-03,1.448661e-03
7.686301e-02,7.227051e-03,3.443460e-03,8.164220e-03,2.635693e-01,1.173991e-02,2.965279e-03,1.405486e-01,4.614087e-01,2.255606e-03,9.334212e-03,8.373497e-03,1.395044e-03,1.246505e-03,1.465665e-03
8.407070e-02,9.306571e-03,3.841966e-03,2.818537e-02,2.155263e-01,9.603499e-03,2.467269e-03,1.710270e-01,4.006683e-01,3.125611e-03,2.213782e-02,2.296067e-02,1.607321e-02,2.575388e-03,8.430409e-03
1.155806e-01,1.169492e-02,5.521113e-03,3.601729e-02,1.767836e-01,1.079785e-02,2.048962e-03,1.731144e-01,3.870817e-01,3.339733e-03,2.126328e-02,2.622968e-02,1.552683e-02,3.449959e-03,1.155016e-02
1.108967e-01,8.430497e-03,1.563880e-02,3.918945e-02,1.344151e-01,9.643364e-03,2.173524e-03,3.364148e-01,2.843460e-01,2.453886e-03,1.533497e-02,1.925828e-02,1.107507e-02,2.468128e-03,8.261573e-03
8.238784e-02,6.022035e-03,1.269430e-02,2.884467e-02,9.910230e-02,8.113378e-03,1.665712e-03,5.187758e-01,2.008177e-01,1.726516e-03,1.094570e-02,1.351922e-02,7.858158e-03,1.732684e-03,5.794005e-03
6.058488e-02,4.307237e-03,1.045989e-02,2.197183e-02,7.276839e-02,6.204172e-03,1.415327e-03,6.520871e-01,1.408218e-01,1.225073e-03,7.818716e-03,9.473634e-03,5.575594e-03,1.221042e-03,4.065351e-03
4.448878e-02,3.079059e-03,7.579191e-03,1.579184e-02,8.202529e-02,9.333964e-03,1.232903e-03,7.164419e-01,9.862068e-02,8.775828e-04,5.831950e-03,6.721453e-03,4.162425e-03,8.678208e-04,2.945231e-03
3.211265e-02,2.215650e-03,5.560342e-03,1.247314e-02,2.064423e-01,2.136985e-02,1.114462e-03,6.306988e-01,6.907988e-02,6.618640e-04,6.354894e-03,4.888631e-03,3.346344e-03,6.402667e-04,3.041004e-03
