1.000000e+00,0.000000e+00,0.000000e+00,0.000000e+00,0.000000e+00,0.000000e+00,0.000000e+00,0.000000e+00,0.000000e+00,0.000000e+00,0.000000e+00,0.000000e+00,0.000000e+00,0.000000e+00,0.000000e+00
1.000000e+00,0.000000e+00,0.000000e+00,0.000000e+00,0.000000e+00,0.000000e+00,0.000000e+00,0.000000e+00,0.000000e+00,0.000000e+00,0.000000e+00,0.000000e+00,0.000000e+00,0.000000e+00,0.000000e+00
1.000000e+00,0.000000e+00,0.000000e+00,0.000000e+00,0.000000e+00,0.000000e+00,0.000000e+00,0.000000e+00,0.000000e+00,0.000000e+00,0.000000e+00,0.000000e+00,0.000000e+00,0.000000e+00,0.000000e+00
1.000000e+00,0.000000e+00,0.000000e+00,0.000000e+00,0.000000e+00,0.000000e+00,0.000000e+00,0.000000e+00,0.000000e+00,0.000000e+00,0.000000e+00,0.000000e+00,0.000000e+00,0.000000e+00,0.000000e+00
1.000000e+00,0.000000e+00,0.000000e+00,0.000000e+00,0.000000e+00,0.000000e+00,0.000000e+00,0.000000e+00,0.000000e+00,0.000000e+00,0.000000e+00,0.000000e+00,0.000000e+00,0.000000e+00,0.000000e+00
1.000000e+00,0.000000e+00,0.000000e+00,0.000000e+00,0.000000e+00,0.000000e+00,0.000000e+00,0.000000e+00,0.000000e+00,0.000000e+00,0.000000e+00,0.000000e+00,0.000000e+00,0.000000e+00,0.000000e+00
1.000000e+00,0.000000e+00,0.000000e+00,0.000000e+00,0.000000e+00,0.000000e+00,0.000000e+00,0.000000e+00,0.000000e+00,0.000000e+00,0.000000e+00,0.000000e+00,0.000000e+00,0.000000e+00,0.000000e+00
1.000000e+00,0.000000e+00,0.000000e+00,0.000000e+00,0.000000e+00,0.000000e+00,0.000000e+00,0.000000e+00,0.000000e+00,0.000000e+00,0.000000e+00,0.000000e+00,0.000000e+00,0.000000e+00,0.000000e+00
1.000000e+00,0.000000e+00,0.000000e+00,0.000000e+00,0.000000e+00,0.000000e+00,0.000000e+00,0.000000e+00,0.000000e+00,0.000000e+00,0.000000e+00,0.000000e+00,0.000000e+00,0.000000e+00,0.000000e+00
1.000000e+00,0.000000e+00,0.000000e+00,0.000000e+00,0.000000e+00,0.000000e+00,0.000000e+00,0.000000e+00,0.000000e+00,0.000000e+00,0.000000e+00,0.000000e+00,0.000000e+00,0.000000e+00,0.000000e+00
1.000000e+00,0.000000e+00,0.000000e+00,0.000000e+00,0.000000e+00,0.000000e+00,0.000000e+00,0.000000e+00,0.000000e+00,0.000000e+00,0.000000e+00,0.000000e+00,0.000000e+00,0.000000e+00,0.000000e+00
1.000000e+00,0.000000e+00,0.000000e+00,0.000000e+00,0.000000e+00,0.000000e+00,0.000000e+00,0.000000e+00,0.000000e+00,0.000000e+00,0.000000e+00,0.000000e+00,0.000000e+00,0.000000e+00,0.000000e+00
1.000000e+00,0.000000e+00,0.000000e+00,0.000000e+00,0.000000e+00,0.000000e+00,0.000000e+00,0.000000e+00,0.000000e+00,0.000000e+00,0.000000e+00,0.000000e+00,0.000000e+00,0.000000e+00,0.000000e+00
1.000000e+00,0.000000e+00,0.000000e+00,0.000000e+00,0.000000e+00,0.000000e+00,0.000000e+00,0.000000e+00,0.000000e+00,0.000000e+00,0.000000e+00,0.000000e+00,0.000000e+00,0.000000e+00,0.000000e+00
1.000000e+00,0.000000e+00,0.000000e+00,0.000000e+00,0.000000e+00,0.000000e+00,0.000000e+00,0.000000e+00,0.000000e+00,0.000000e+00,0.000000e+00,0.000000e+00,0.000000e+00,0.000000e+00,0.000000e+00
1.000000e+00,0.000000e+00,0.000000e+00,0.000000e+00,0.000000e+00,0.000000e+00,0.000000e+00,0.000000e+00,0.000000e+00,0.000000e+00,0.000000e+00,0.000000e+00,0.000000e+00,0.000000e+00,0.000000e+00
1.000000e+00,0.000000e+00,0.000000e+00,0.000000e+00,0.000000e+00,0.000000e+00,0.000000e+00,0.000000e+00,0.000000e+00,0.000000e+00,0.000000e+00,0.000000e+00,0.000000e+00,0.000000e+00,0.000000e+00
1.000000e+00,0.000000e+00,0.000000e+00,0.000000e+00,0.000000e+00,0.000000e+00,0.000000e+00,0.000000e+00,0.000000e+00,0.000000e+00,0.000000e+00,0.000000e+00,0.000000e+00,0.000000e+00,0.000000e+00
1.000000e+00,0.000000e+00,0.000000e+00,0.000000e+00,0.000000e+00,0.000000e+00,0.000000e+00,0.000000e+00,0.000000e+00,0.000000e+00,0.000000e+00,0.000000e+00,0.000000e+00,0.000000e+00,0.000000e+00
1.000000e+00,0.000000e+00,0.000000e+00,0.000000e+00,0.000000e+00,0.000000e+00,0.000000e+00,0.000000e+00,0.000000e+00,0.000000e+00,0.000000e+00,0.000000e+00,0.000000e+00,0.000000e+00,0.000000e+00
1.000000e+00,0.000000e+00,0.000000e+00,0.000000e+00,0.000000e+00,0.000000e+00,0.000000e+00,0.000000e+00,0.000000e+00,0.000000e+00,0.000000e+00,0.000000e+00,0.000000e+00,0.000000e+00,0.000000e+00
1.000000e+00,0.000000e+00,0.000000e+00,0.000000e+00,0.000000e+00,0.000000e+00,0.000000e+00,0.000000e+00,0.000000e+00,0.000000e+00,0.000000e+00,0.000000e+00,0.000000e+00,0.000000e+00,0.000000e+00
1.000000e+00,0.000000e+00,0.000000e+00,0.000000e+00,0.000000e+00,0.000000e+00,0.000000e+00,0.000000e+00,0.000000e+00,0.000000e+00,0.000000e+00,0.000000e+00,0.000000e+00,0.000000e+00,0.000000e+00
1.000000e+00,0.000000e+00,0.000000e+00,0.000000e+00,0.000000e+00,0.000000e+00,0.000000e+00,0.000000e+00,0.000000e+00,0.000000e+00,0.000000e+00,0.000000e+00,0.000000e+00,0.000000e+00,0.000000e+00
1.000000e+00,0.000000e+00,0.000000e+00,0.000000e+00,0.000000e+00,0.000000e+00,0.000000e+00,0.000000e+00,0.000000e+00,0.000000e+00,0.000000e+00,0.000000e+00,0.000000e+00,0.000000e+00,0.000000e+00
1.000000e+00,0.000000e+00,0.000000e+00,0.000000e+00,0.000000e+00,0.000000e+00,0.000000e+00,0.000000e+00,0.000000e+00,0.000000e+00,0.000000e+00,0.000000e+00,0.000000e+00,0.000000e+00,0.000000e+00
1.000000e+00,0.000000e+00,0.000000e+00,0.000000e+00,0.000000e+00,0.000000e+00,0.000000e+00,0.000000e+00,0.000000e+00,0.000000e+00,0.000000e+00,0.000000e+00,0.000000e+00,0.000000e+00,0.000000e+00
1.000000e+00,0.000000e+00,0.000000e+00,0.000000e+00,0.000000e+00,0.000000e+00,0.000000e+00,0.000000e+00,0.000000e+00,0.000000e+00,0.000000e+00,0.000000e+00,0.000000e+00,0.000000e+00,0.000000e+00
1.000000e+00,0.000000e+00,0.000000e+00,0.000000e+00,0.000000e+00,0.000000e+00,0.000000e+00,0.000000e+00,0.000000e+00,0.000000e+00,0.000000e+00,0.000000e+00,0.000000e+00,0.000000e+00,0.000000e+00
1.000000e+00,0.000000e+00,0.000000e+00,0.000000e+00,0.000000e+00,0.000000e+00,0.000000e+00,0.000000e+00,0.000000e+00,0.000000e+00,0.000000e+00,0.000000e+00,0.000000e+00,0.000000e+00,0.000000e+00
1.000000e+00,0.000000e+00,0.000000e+00,0.000000e+00,0.000000e+00,0.000000e+00,0.000000e+00,0.000000e+00,0.000000e+00,0.000000e+00,0.000000e+00,0.000000e+00,0.000000e+00,0.000000e+00,0.000000e+00
1.000000e+00,0.000000e+00,0.000000e+00,0.000000e+00,0.000000e+00,0.000000e+00,0.000000e+00,0.000000e+00,0.000000e+00,0.000000e+00,0.000000e+00,0.000000e+00,0.000000e+00,0.000000e+00,0.000000e+00
1.000000e+00,0.000000e+00,0.000000e+00,0.000000e+00,0.000000e+00,0.000000e+00,0.000000e+00,0.000000e+00,0.000000e+00,0.000000e+00,0.000000e+00,0.000000e+00,0.000000e+00,0.000000e+00,0.000000e+00
1.000000e+00,0.000000e+00,0.000000e+00,0.000000e+00,0.000000e+00,0.000000e+00,0.000000e+00,0.000000e+00,0.000000e+00,0.000000e+00,0.000000e+00,0.000000e+00,0.000000e+00,0.000000e+00,0.000000e+00
1.000000e+00,0.000000e+00,0.000000e+00,0.000000e+00,0.000000e+00,0.000000e+00,0.000000e+00,0.000000e+00,0.000000e+00,0.000000e+00,0.000000e+00,0.000000e+00,0.000000e+00,0.000000e+00,0.000000e+00
1.000000e+00,0.000000e+00,0.000000e+00,0.000000e+00,0.000000e+00,0.000000e+00,0.000000e+00,0.000000e+00,0.000000e+00,0.000000e+00,0.000000e+00,0.000000e+00,0.000000e+00,0.000000e+00,0.000000e+00
1.000000e+00,0.000000e+00,0.000000e+00,0.000000e+00,0.000000e+00,0.000000e+00,0.000000e+00,0.000000e+00,0.000000e+00,0.000000e+00,0.000000e+00,0.000000e+00,0.000000e+00,0.000000e+00,0.000000e+00
1.000000e+00,0.000000e+00,0.000000e+00,0.000000e+00,0.000000e+00,0.000000e+00,0.000000e+00,0.000000e+00,0.000000e+00,0.000000e+00,0.000000e+00,0.000000e+00,0.000000e+00,0.000000e+00,0.000000e+00
1.000000e+00,0.000000e+00,0.000000e+00,0.000000e+00,0.000000e+00,0.000000e+00,0.000000e+00,0.000000e+00,0.000000e+00,0.000000e+00,0.000000e+00,0.000000e+00,0.000000e+00,0.000000e+00,0.000000e+00
1.000000e+00,0.000000e+00,0.000000e+00,0.000000e+00,0.000000e+00,0.000000e+00,0.000000e+00,0.000000e+00,0.000000e+00,0.000000e+00,0.000000e+00,0.000000e+00,0.000000e+00,0.000000e+00,0.000000e+00
1.000000e+00,0.000000e+00,0.000000e+00,0.000000e+00,0.000000e+00,0.000000e+00,0.000000e+00,0.000000e+00,0.000000e+00,0.000000e+00,0.000000e+00,0.000000e+00,0.000000e+00,0.000000e+00,0.000000e+00
1.000000e+00,0.000000e+00,0.000000e+00,0.000000e+00,0.000000e+00,0.000000e+00,0.000000e+00,0.000000e+00,0.000000e+00,0.000000e+00,0.000000e+00,0.000000e+00,0.000000e+00,0.000000e+00,0.000000e+00
1.000000e+00,0.000000e+00,0.000000e+00,0.000000e+00,0.000000e+00,0.000000e+00,0.000000e+00,0.000000e+00,0.000000e+00,0.000000e+00,0.000000e+00,0.000000e+00,0.000000e+00,0.000000e+00,0.000000e+00
1.000000e+00,0.000000e+00,0.000000e+00,0.000000e+00,0.000000e+00,0.000000e+00,0.000000e+00,0.000000e+00,0.000000e+00,0.000000e+00,0.000000e+00,0.000000e+00,0.000000e+00,0.000000e+00,0.000000e+00
1.000000e+00,0.000000e+00,0.000000e+00,0.000000e+00,0.000000e+00,0.000000e+00,0.000000e+00,0.000000e+00,0.000000e+00,0.000000e+00,0.000000e+00,0.000000e+00,0.000000e+00,0.000000e+00,0.000000e+00
1.000000e+00,0.000000e+00,0.000000e+00,0.000000e+00,0.000000e+00,0.000000e+00,0.000000e+00,0.000000e+00,0.000000e+00,0.000000e+00,0.000000e+00,0.000000e+00,0.000000e+00,0.000000e+00,0.000000e+00
1.000000e+00,0.000000e+00,0.000000e+00,0.000000e+00,0.000000e+00,0.000000e+00,0.000000e+00,0.000000e+00,0.000000e+00,0.000000e+00,0.000000e+00,0.000000e+00,0.000000e+00,0.000000e+00,0.000000e+00
1.000000e+00,0.000000e+00,0.000000e+00,0.000000e+00,0.000000e+00,0.000000e+00,0.000000e+00,0.000000e+00,0.000000e+00,0.000000e+00,0.000000e+00,0.000000e+00,0.000000e+00,0.000000e+00,0.000000e+00
1.000000e+00,0.000000e+00,0.000000e+00,0.000000e+00,0.000000e+00,0.000000e+00,0.000000e+00,0.000000e+00,0.000000e+00,0.000000e+00,0.000000e+00,0.000000e+00,0.000000e+00,0.000000e+00,0.000000e+00
1.000000e+00,0.000000e+00,0.000000e+00,0.000000e+00,0.000000e+00,0.000000e+00,0.000000e+00,0.000000e+00,0.000000e+00,0.000000e+00,0.000000e+00,0.000000e+00,0.000000e+00,0.000000e+00,0.000000e+00
1.000000e+00,0.000000e+00,0.000000e+00,0.000000e+00,0.000000e+00,0.000000e+00,0.000000e+00,0.000000e+00,0.000000e+00,0.000000e+00,0.000000e+00,0.000000e+00,0.000000e+00,0.000000e+00,0.000000e+00
1.000000e+00,0.000000e+00,0.000000e+00,0.000000e+00,0.000000e+00,0.000000e+00,0.000000e+00,0.000000e+00,0.000000e+00,0.000000e+00,0.000000e+00,0.000000e+00,0.000000e+00,0.000000e+00,0.000000e+00
1.000000e+00,0.000000e+00,0.000000e+00,0.000000e+00,0.000000e+00,0.000000e+00,0.000000e+00,0.000000e+00,0.000000e+00,0.000000e+00,0.000000e+00,0.000000e+00,0.000000e+00,0.000000e+00,0.000000e+00
1.000000e+00,0.000000e+00,0.000000e+00,0.000000e+00,0.000000e+00,0.000000e+00,0.000000e+00,0.000000e+00,0.000000e+00,0.000000e+00,0.000000e+00,0.000000e+00,0.000000e+00,0.000000e+00,0.000000e+00
1.000000e+00,0.000000e+00,0.000000e+00,0.000000e+00,0.000000e+00,0.000000e+00,0.000000e+00,0.000000e+00,0.000000e+00,0.000000e+00,0.000000e+00,0.000000e+00,0.000000e+00,0.000000e+00,0.000000e+00
1.000000e+00,0.000000e+00,0.000000e+00,0.000000e+00,0.000000e+00,0.000000e+00,0.000000e+00,0.000000e+00,0.000000e+00,0.000000e+00,0.000000e+00,0.000000e+00,0.000000e+00,0.000000e+00,0.000000e+00
1.000000e+00,0.000000e+00,0.000000e+00,0.000000e+00,0.000000e+00,0.000000e+00,0.000000e+00,0.000000e+00,0.000000e+00,0.000000e+00,0.000000e+00,0.000000e+00,0.000000e+00,0.000000e+00,0.000000e+00
1.000000e+00,0.000000e+00,0.000000e+00,0.000000e+00,0.000000e+00,0.000000e+00,0.000000e+00,0.000000e+00,0.000000e+00,0.000000e+00,0.000000e+00,0.000000e+00,0.000000e+00,0.000000e+00,0.000000e+00
1.000000e+00,0.000000e+00,0.000000e+00,0.000000e+00,0.000000e+00,0.000000e+00,0.000000e+00,0.000000e+00,0.000000e+00,0.000000e+00,0.000000e+00,0.000000e+00,0.000000e+00,0.000000e+00,0.000000e+00
3.716096e-01,7.132445e-03,1.772379e-02,1.506666e-02,3.592700e-03,5.682426e-02,6.124466e-02,4.138155e-01,2.896259e-03,7.767893e-04,6.270255e-03,1.240297e-02,2.047757e-02,2.027787e-03,8.138754e-03
2.652646e-01,5.064200e-03,1.381733e-02,1.115563e-02,2.695214e-03,4.129165e-02,5.239504e-02,5.700363e-01,2.053862e-03,5.630962e-04,4.512424e-03,8.921431e-03,1.465419e-02,1.775409e-03,5.799662e-03
1.873887e-01,3.563926e-03,1.047805e-02,8.254607e-03,2.021399e-03,2.953606e-02,4.480942e-02,6.867903e-01,1.446046e-03,3.999086e-04,3.199724e-03,6.319173e-03,1.036326e-02,1.337065e-03,4.092323e-03
1.316561e-01,2.502946e-03,7.791380e-03,5.963171e-03,1.523799e-03,2.086098e-02,3.806283e-02,7.725157e-01,1.014436e-03,2.820370e-04,2.249546e-03,4.436187e-03,7.308170e-03,9.591166e-04,2.873678e-03
9.245122e-02,1.763043e-03,5.760286e-03,4.345791e-03,1.214177e-03,1.471081e-02,3.107347e-02,8.351724e-01,7.128507e-04,2.002500e-04,1.591093e-03,3.122140e-03,5.159330e-03,7.016689e-04,2.021494e-03
6.489972e-02,1.244942e-03,4.308260e-03,3.113411e-03,1.036964e-03,1.037173e-02,2.660024e-02,8.788053e-01,5.013515e-04,1.477219e-04,1.125862e-03,2.209574e-03,3.706022e-03,5.027607e-04,1.426135e-03
4.588827e-02,8.987442e-04,3.229008e-03,2.299317e-03,2.300413e-03,7.338316e-03,2.676998e-02,9.042429e-01,3.587882e-04,1.389473e-04,8.198196e-04,1.577560e-03,2.755072e-03,3.602873e-04,1.022588e-03
3.258877e-02,6.476846e-04,2.687983e-03,1.764135e-03,2.539166e-03,5.243112e-03,2.379056e-02,9.253171e-01,2.599068e-04,1.394224e-04,6.060536e-04,1.161120e-03,2.251066e-03,2.607521e-04,7.431252e-04
2.512059e-02,4.758693e-04,2.211257e-03,1.333970e-03,2.786329e-03,3.917554e-03,2.239712e-02,9.373688e-01,2.048732e-04,1.387097e-04,4.593785e-04,9.338938e-04,1.880566e-03,1.901503e-04,5.809877e-04
2.014395e-02,3.513037e-04,1.818573e-03,1.044640e-03,2.730879e-03,3.161477e-03,2.060115e-02,9.462020e-01,1.692017e-04,1.369822e-04,3.577751e-04,8.198622e-04,1.847097e-03,1.413301e-04,4.736779e-04
1.705630e-02,2.752513e-04,1.570460e-03,8.936973e-04,3.036055e-03,2.666604e-03,1.799412e-02,9.526169e-01,1.625136e-04,1.600245e-04,3.005821e-04,8.199192e-04,1.914494e-03,1.107247e-04,4.223438e-04
1.437718e-02,2.029034e-04,1.293531e-03,7.221138e-04,2.604224e-03,2.023860e-03,1.649941e-02,9.592544e-01,1.250372e-04,1.251023e-04,2.382846e-04,6.260032e-04,1.504907e-03,8.180844e-05,3.211331e-04
1.181616e-02,1.535828e-04,1.162117e-03,5.995142e-04,2.150736e-03,1.744685e-03,1.829586e-02,9.612579e-01,9.696921e-05,1.127402e-04,1.889341e-04,5.823220e-04,1.504984e-03,6.491814e-05,2.685169e-04
1.162661e-02,1.280617e-04,1.199228e-03,5.599664e-04,2.016502e-03,1.835495e-03,1.993186e-02,9.600093e-01,8.395926e-05,1.168207e-04,1.583791e-04,5.826765e-04,1.392232e-03,5.933437e-05,2.996039e-04
1.572054e-02,1.255352e-04,1.259630e-03,5.559850e-04,2.151033e-03,2.324174e-03,2.214422e-02,9.527246e-01,7.867981e-05,1.365996e-04,1.493855e-04,6.882488e-04,1.514194e-03,5.575142e-05,3.714123e-04
2.469533e-02,2.590366e-04,1.399626e-03,6.227917e-04,2.917320e-03,4.710842e-03,1.898692e-02,9.343265e-01,2.313977e-04,3.819849e-04,4.329970e-04,2.940756e-03,6.770757e-03,1.806428e-04,1.142972e-03
2.737294e-02,4.677207e-04,1.399042e-03,7.916031e-04,3.355172e-03,3.746472e-03,1.589036e-02,8.517940e-01,1.819652e-03,4.533678e-02,2.584992e-03,5.360390e-03,3.631172e-02,9.677834e-04,2.801242e-03
2.082098e-02,4.613492e-04,1.083487e-03,8.513961e-04,3.141659e-03,2.850364e-03,1.825948e-02,6.701919e-01,2.434087e-03,3.563099e-02,3.998309e-03,3.584711e-02,1.999716e-01,1.784206e-03,2.672901e-03
1.534564e-02,8.535803e-04,1.073479e-03,1.359949e-03,4.971481e-03,2.503674e-03,2.037012e-02,5.137147e-01,7.442906e-03,3.104058e-02,4.722347e-03,3.520869e-02,3.139178e-01,1.285315e-02,3.462179e-02
1.132980e-02,7.935664e-04,8.877421e-04,1.291082e-03,4.866595e-03,2.250809e-03,2.663051e-02,3.727525e-01,8.729447e-03,2.534912e-02,6.072802e-03,4.804159e-02,3.869702e-01,7.256727e-02,3.146689e-02
8.654474e-03,1.238563e-03,8.700927e-04,2.794089e-03,4.854258e-03,2.160507e-03,2.126622e-02,2.622235e-01,1.366610e-02,5.146483e-02,1.990702e-02,1.135423e-01,3.429830e-01,1.245043e-01,2.987062e-02
6.646717e-03,9.848174e-04,7.010107e-04,2.434884e-03,4.313893e-03,1.615478e-03,1.629357e-02,1.838286e-01,1.206109e-02,1.516301e-01,4.487703e-02,1.727788e-01,2.559839e-01,1.200743e-01,2.577570e-02
5.050944e-03,7.562925e-04,5.474241e-04,2.166326e-03,4.580926e-03,1.194365e-03,1.234364e-02,1.288660e-01,1.179034e-02,2.183071e-01,8.260767e-02,1.822279e-01,1.887245e-01,1.357689e-01,2.506758e-02
5.812492e-03,7.981042e-04,4.934968e-04,2.006208e-03,6.540200e-03,1.026462e-03,9.590778e-03,9.050457e-02,1.396333e-02,2.361641e-01,8.651591e-02,2.212680e-01,1.371062e-01,1.672103e-01,2.099979e-02
4.719800e-03,1.321394e-03,5.616292e-04,1.538049e-03,6.735017e-03,9.153358e-04,7.467223e-03,6.364417e-02,1.148554e-02,2.275996e-01,7.470176e-02,2.587951e-01,1.011053e-01,2.220163e-01,1.739378e-02
4.216908e-03,1.131477e-03,8.449401e-04,1.239000e-03,9.056858e-03,8.726454e-04,5.511336e-03,4.487349e-02,9.159890e-03,2.099535e-01,7.251546e-02,3.062012e-01,7.339587e-02,2.484577e-01,1.256980e-02
3.118016e-03,9.106004e-04,1.384100e-03,9.083076e-04,7.748793e-03,6.894830e-04,3.899593e-03,3.145974e-02,6.760708e-03,1.787644e-01,6.770171e-02,2.837365e-01,5.216386e-02,3.517276e-01,9.026553e-03
2.273296e-03,7.928190e-04,2.788580e-03,6.620084e-04,6.602199e-03,5.300791e-04,2.745210e-03,2.205046e-02,5.100209e-03,1.705116e-01,6.284881e-02,2.571521e-01,3.791250e-02,4.213294e-01,6.700737e-03
2.216083e-03,6.376897e-04,2.659605e-03,5.157976e-04,5.659208e-03,6.040464e-04,1.961716e-03,1.546751e-02,4.330764e-03,1.854499e-01,8.251201e-02,2.224956e-01,2.928542e-02,4.385927e-01,7.611911e-03
1.775339e-03,9.764325e-04,3.438977e-03,3.991146e-04,5.916243e-03,5.609264e-04,1.412202e-03,1.086902e-02,4.225485e-03,1.756447e-01,8.814853e-02,2.112005e-01,2.239984e-02,4.653375e-01,7.695301e-03
1.445003e-03,1.261310e-03,5.099135e-03,3.601515e-04,9.354530e-03,7.160888e-04,1.598244e-03,8.489770e-03,8.674229e-03,1.541636e-01,1.199367e-01,2.591487e-01,1.859087e-02,4.031806e-01,7.981194e-03
2.243233e-03,2.641711e-03,1.433737e-02,6.488119e-04,4.133236e-02,1.939462e-03,1.739486e-03,7.715109e-03,2.329263e-02,1.164742e-01,1.806539e-01,2.638163e-01,1.534796e-02,3.206747e-01,7.142728e-03
3.820233e-03,2.438040e-03,1.632829e-02,1.252582e-03,1.206822e-01,3.787844e-03,2.691705e-03,8.441784e-03,3.872374e-02,8.417325e-02,2.370477e-01,2.124487e-01,1.406181e-02,2.462799e-01,7.822355e-03
5.836112e-03,2.217629e-03,1.341403e-02,1.220764e-03,2.434184e-01,1.033490e-02,7.783038e-03,1.092902e-02,7.901588e-02,6.063582e-02,2.038283e-01,1.603884e-01,1.202054e-02,1.818868e-01,7.070364e-03
8.625138e-03,3.601425e-03,1.176804e-02,1.051931e-03,3.090448e-01,1.877360e-02,1.708264e-02,1.270615e-02,1.560258e-01,4.290774e-02,1.525643e-01,1.181581e-01,1.057995e-02,1.312217e-01,5.888731e-03
6.844639e-03,5.491813e-03,8.697037e-03,7.989800e-04,2.675350e-01,2.253628e-02,1.318697e-02,9.024438e-03,3.307813e-01,3.118937e-02,1.086441e-01,8.339355e-02,1.234732e-02,9.210081e-02,7.428509e-03
2.030927e-02,5.628954e-03,7.072858e-03,7.636049e-04,2.473092e-01,3.702347e-02,1.467796e-02,6.449671e-03,3.879290e-01,2.418615e-02,7.869411e-02,5.872714e-02,1.151986e-02,6.484225e-02,3.486652e-02
2.326118e-02,6.820975e-03,1.251145e-02,1.105303e-03,2.365993e-01,6.466877e-02,3.939492e-02,4.750745e-03,4.030527e-01,1.937228e-02,5.631560e-02,4.157326e-02,1.390768e-02,4.569464e-02,3.097122e-02
2.110231e-02,1.676393e-02,1.754746e-02,7.936293e-03,2.462112e-01,7.618953e-02,2.994588e-02,9.550613e-03,3.702124e-01,1.868905e-02,4.053744e-02,2.991233e-02,1.494193e-02,3.216153e-02,6.829804e-02
2.676505e-02,1.436231e-02,2.393896e-02,9.506516e-03,2.606964e-01,9.216110e-02,2.744793e-02,8.048344e-02,3.154384e-01,1.387307e-02,2.903345e-02,2.153248e-02,1.223071e-02,2.258901e-02,4.994119e-02
2.486163e-02,1.031545e-02,1.857637e-02,6.804276e-03,1.946165e-01,7.200839e-02,2.065133e-02,3.222479e-01,2.251379e-01,9.727757e-03,2.040812e-02,1.511985e-02,8.703846e-03,1.582317e-02,3.499754e-02
2.175069e-02,7.327527e-03,1.342092e-02,4.960615e-03,1.393598e-01,5.120274e-02,1.574238e-02,5.142931e-01,1.579031e-01,6.832978e-03,1.433107e-02,1.061374e-02,6.640901e-03,1.109763e-02,2.452282e-02
1.811821e-02,5.174669e-03,9.612643e-03,3.581498e-03,9.968348e-02,3.636722e-02,1.237445e-02,6.522647e-01,1.105897e-01,4.793163e-03,1.005490e-02,7.445365e-03,4.981320e-03,7.775627e-03,1.718310e-02
1.693336e-02,3.929643e-03,7.895561e-03,2.834256e-03,7.089937e-02,2.847558e-02,9.762979e-03,7.379923e-01,7.769930e-02,3.458800e-03,8.527140e-03,5.935064e-03,7.675915e-03,5.664258e-03,1.231647e-02
1.304938e-02,2.816945e-03,5.588554e-03,2.613070e-03,5.020588e-02,2.035827e-02,7.081557e-03,7.534529e-01,5.449278e-02,2.622324e-03,1.281893e-02,3.831706e-02,2.267839e-02,5.214803e-03,8.689133e-03
9.341393e-03,2.007296e-03,3.996220e-03,2.961224e-03,3.599859e-02,1.511235e-02,5.801601e-03,5.913538e-01,3.838808e-02,2.682932e-03,2.333993e-02,2.214554e-01,3.279886e-02,8.602630e-03,6.159670e-03
7.001693e-03,1.431083e-03,2.993071e-03,2.840310e-03,2.577433e-02,1.272898e-02,4.398067e-03,4.285338e-01,2.739590e-02,2.042954e-03,3.231351e-02,4.141086e-01,2.637353e-02,7.691213e-03,4.372988e-03
5.265162e-03,1.022396e-03,2.213877e-03,2.834534e-03,1.868742e-02,1.096385e-02,3.371186e-03,3.055206e-01,1.960230e-02,2.020566e-03,3.673567e-02,5.572651e-01,2.067953e-02,1.068147e-02,3.136363e-03
3.749658e-03,7.741828e-04,1.684593e-03,2.158139e-03,1.378397e-02,8.838292e-03,2.439065e-03,2.147795e-01,1.419140e-02,2.565994e-03,3.598170e-02,6.571938e-01,1.593682e-02,2.361379e-02,2.309086e-03
2.704392e-03,7.704824e-04,1.610536e-03,1.701959e-03,1.139469e-02,6.711316e-03,1.750851e-03,1.507992e-01,1.039652e-02,2.361570e-03,7.818472e-02,6.859372e-01,1.213459e-02,3.168654e-02,1.855477e-03
2.139484e-03,9.517497e-04,2.830370e-03,2.048465e-03,1.163397e-02,5.698417e-03,1.269261e-03,1.059733e-01,9.712695e-03,3.973769e-03,1.159491e-01,6.944785e-01,9.671077e-03,3.209010e-02,1.579732e-03
1.673790e-03,1.049267e-03,3.188347e-03,1.828613e-03,1.214183e-02,4.766174e-03,9.264727e-04,7.438568e-02,1.014438e-02,8.005948e-03,1.188448e-01,7.254235e-01,7.597508e-03,2.878173e-02,1.242139e-03
1.380485e-03,1.292248e-03,2.937802e-03,1.406033e-03,1.055109e-02,3.858550e-03,6.619024e-04,5.212277e-02,1.023137e-02,9.296993e-03,1.459251e-01,7.236406e-01,6.075955e-03,2.962489e-02,9.944245e-04
1.055600e-03,1.226594e-03,2.522015e-03,1.057113e-03,9.315735e-03,2.811894e-03,4.681896e-04,3.650238e-02,1.124083e-02,1.041005e-02,1.386331e-01,7.528148e-01,4.700832e-03,2.640224e-02,8.387549e-04
8.770014e-04,1.271460e-03,2.062146e-03,8.093935e-04,8.164315e-03,2.028730e-03,3.300466e-04,2.556481e-02,1.193900e-02,1.038133e-02,1.451101e-01,7.613987e-01,3.670855e-03,2.568118e-02,7.109932e-04
8.081508e-04,1.495648e-03,1.609788e-03,6.243351e-04,1.076083e-02,1.558666e-03,2.503081e-04,1.794358e-02,1.014720e-02,9.284370e-03,1.517196e-01,7.653155e-01,2.913769e-03,2.502269e-02,5.456831e-04
7.047093e-04,1.688170e-03,1.359417e-03,5.745968e-04,2.953702e-02,1.207115e-03,1.916062e-04,1.259606e-02,8.690553e-03,7.927935e-03,1.304591e-01,7.784550e-01,2.504745e-03,2.365373e-02,4.503471e-04
6.930543e-04,2.911239e-03,2.293386e-03,7.447028e-04,6.183895e-02,1.006024e-03,1.608776e-04,8.934475e-03,9.816046e-03,7.002166e-03,1.043965e-01,7.774918e-01,2.167221e-03,2.002522e-02,5.183481e-04
6.169826e-04,5.567005e-02,2.797545e-02,1.872672e-03,1.136805e-01,2.279961e-03,1.910909e-04,6.687899e-03,2.049479e-02,6.913939e-03,8.711034e-02,6.584961e-01,1.719562e-03,1.483022e-02,1.460482e-03
8.487296e-04,1.019620e-01,1.585477e-01,5.126071e-03,1.186459e-01,2.002364e-03,2.022441e-04,6.519445e-03,2.093174e-02,6.524865e-03,6.843451e-02,4.966480e-01,1.389093e-03,1.068394e-02,1.533490e-03
1.671637e-03,1.145294e-01,1.515541e-01,7.089105e-03,2.481690e-01,6.302206e-03,9.959892e-04,5.587471e-03,2.203850e-02,5.498918e-03,6.440070e-02,3.620229e-01,1.091968e-03,7.744764e-03,1.303502e-03
3.130732e-03,1.222439e-01,1.411654e-01,7.975838e-03,3.795970e-01,8.432048e-03,3.248059e-03,4.647275e-03,1.612834e-02,4.041762e-03,4.694894e-02,2.546362e-01,8.203896e-04,5.526777e-03,1.457487e-03
7.116984e-03,1.247392e-01,1.517151e-01,7.304695e-03,4.551172e-01,9.836096e-03,4.464852e-03,3.646493e-03,1.217802e-02,3.108728e-03,3.551168e-02,1.789251e-01,7.561125e-04,4.062738e-03,1.516997e-03
1.240135e-02,1.226281e-01,1.493533e-01,2.441275e-02,4.890122e-01,2.484225e-02,3.890621e-03,3.645520e-03,9.323649e-03,2.317037e-03,2.590956e-02,1.256879e-01,7.183139e-04,3.123345e-03,2.734112e-03
2.951748e-02,1.061422e-01,1.589046e-01,2.709395e-02,5.035103e-01,2.578259e-02,3.346175e-03,3.450739e-03,1.227980e-02,2.454693e-03,2.401911e-02,8.931769e-02,1.023286e-03,4.629430e-03,8.527910e-03
3.503819e-02,1.514466e-01,1.278924e-01,1.185668e-01,3.753061e-01,2.231013e-02,2.603452e-03,7.198805e-03,2.833648e-02,3.067913e-03,2.452461e-02,6.680919e-02,4.309501e-03,4.026738e-03,2.856320e-02
2.915551e-02,1.254630e-01,9.612475e-02,1.649685e-01,2.644803e-01,1.624344e-02,1.890775e-03,6.485363e-03,3.379241e-02,9.125285e-03,1.359929e-01,5.591757e-02,2.283593e-02,4.888122e-03,3.263628e-02
2.127166e-02,9.547348e-02,7.233293e-02,1.889114e-01,1.858069e-01,1.235613e-02,1.374290e-03,4.679408e-03,2.567053e-02,4.844207e-02,2.318892e-01,4.966081e-02,2.793076e-02,4.712300e-03,2.948823e-02
1.639895e-02,7.307833e-02,5.427165e-02,1.495492e-01,1.310896e-01,9.488651e-03,1.014705e-03,3.359517e-03,2.907853e-02,1.732840e-01,2.290773e-01,4.952095e-02,4.537074e-02,7.387562e-03,2.803033e-02
1.221401e-02,5.241141e-02,3.961918e-02,1.101600e-01,9.271324e-02,7.667759e-03,7.449633e-04,2.395501e-03,2.448826e-02,2.963189e-01,2.214667e-01,4.323403e-02,6.066229e-02,1.008864e-02,2.581517e-02
8.699804e-03,3.690057e-02,2.786645e-02,7.745554e-02,6.519821e-02,2.879632e-02,5.826986e-04,1.904156e-03,1.770681e-02,3.287900e-01,2.253424e-01,6.088670e-02,9.076430e-02,9.877049e-03,1.922901e-02
6.514763e-03,2.622097e-02,1.985756e-02,5.836840e-02,4.621858e-02,3.719500e-02,4.873401e-04,1.426604e-03,1.739191e-02,2.760902e-01,2.073905e-01,1.174400e-01,1.520112e-01,1.309987e-02,2.028718e-02
4.735389e-03,1.854834e-02,1.425571e-02,4.331113e-02,3.552560e-02,3.031360e-02,4.469914e-04,1.637053e-03,1.349667e-02,2.410133e-01,1.633750e-01,1.509642e-01,2.469688e-01,1.768263e-02,1.772563e-02
3.820533e-03,1.314687e-02,1.072466e-02,3.186123e-02,3.582672e-02,2.322456e-02,7.976942e-04,6.537064e-03,1.450447e-02,1.983227e-01,1.386933e-01,1.758244e-01,2.806881e-01,1.701003e-02,4.901778e-02
3.102900e-03,9.327405e-03,7.753701e-03,2.319894e-02,3.097256e-02,1.695621e-02,1.118691e-03,4.994877e-03,1.469914e-02,1.470401e-01,1.235628e-01,2.152058e-01,3.351770e-01,1.547021e-02,5.141975e-02
2.427622e-03,6.553616e-03,5.541896e-03,1.649789e-02,3.422191e-02,1.216164e-02,1.509771e-03,3.945421e-03,1.228488e-02,1.034431e-01,1.143274e-01,1.777033e-01,4.586571e-01,1.157466e-02,3.914982e-02
2.046540e-03,4.608770e-03,3.959723e-03,1.177489e-02,3.233205e-02,9.170969e-03,1.991406e-03,6.151363e-03,1.164440e-02,7.316435e-02,1.573265e-01,1.739185e-01,4.751961e-01,8.656473e-03,2.805800e-02
1.715572e-03,3.243835e-03,2.923230e-03,8.517418e-03,2.934033e-02,6.983246e-03,2.695198e-03,1.083222e-02,1.198564e-02,5.262676e-02,1.653223e-01,1.581977e-01,5.183330e-01,6.735151e-03,2.054844e-02
1.990552e-03,2.410054e-03,6.677595e-03,6.301544e-03,4.587317e-02,5.255893e-03,5.287664e-03,2.993069e-02,1.263927e-02,3.754342e-02,1.497547e-01,1.304586e-01,5.452177e-01,5.222350e-03,1.543684e-02
1.666430e-03,1.785705e-03,4.191979e-02,4.874137e-03,4.661745e-02,4.249789e-03,5.051603e-03,1.092414e-01,1.145186e-02,2.650918e-02,1.175379e-01,1.006960e-01,5.136306e-01,3.743342e-03,1.102479e-02
1.331551e-03,1.375710e-03,2.425194e-01,7.525758e-03,4.131842e-02,3.241050e-03,4.255696e-03,1.396617e-01,9.991442e-03,1.878954e-02,8.441007e-02,7.078647e-02,3.643398e-01,2.656170e-03,7.797305e-03
4.438260e-03,7.749918e-03,3.206757e-01,7.265062e-03,1.203546e-01,3.654990e-03,2.058583e-02,1.018886e-01,2.294039e-02,1.346186e-02,6.076299e-02,4.975132e-02,2.567322e-01,2.068454e-03,7.669891e-03
3.819901e-03,7.289927e-03,4.641630e-01,1.300279e-02,1.181735e-01,3.441202e-03,2.335440e-02,7.260168e-02,1.905412e-02,9.570375e-03,4.295120e-02,3.489733e-02,1.805874e-01,1.470488e-03,5.622761e-03
1.100898e-02,2.468675e-02,5.273999e-01,1.455965e-02,1.165689e-01,4.137018e-03,2.503635e-02,5.128226e-02,2.492445e-02,8.530607e-03,3.204152e-02,2.453626e-02,1.289749e-01,1.102344e-03,5.210161e-03
1.911490e-02,2.351737e-02,5.115522e-01,1.872401e-02,1.211631e-01,4.185119e-03,8.233561e-02,4.857987e-02,2.009590e-02,6.450049e-03,2.347191e-02,1.725658e-02,9.871376e-02,7.861689e-04,4.053579e-03
1.722589e-02,1.678051e-02,3.676238e-01,1.406160e-02,9.894149e-02,3.301478e-03,9.908038e-02,2.616434e-01,1.422141e-02,4.539976e-03,1.649255e-02,1.209302e-02,7.056041e-02,5.616567e-04,2.872418e-03
1.545574e-02,1.184072e-02,2.605734e-01,9.910752e-03,7.801378e-02,2.674588e-03,7.442768e-02,4.619501e-01,1.000764e-02,3.211445e-03,1.156663e-02,8.472716e-03,4.945797e-02,4.126451e-04,2.024306e-03
1.323452e-02,8.346114e-03,1.831524e-01,7.011075e-03,6.362871e-02,2.162625e-03,5.327604e-02,6.093842e-01,7.019066e-03,2.286183e-03,8.125328e-03,5.943630e-03,3.465675e-02,3.203270e-04,1.453090e-03
1.707184e-02,5.957962e-03,1.286451e-01,5.438443e-03,4.585810e-02,2.467217e-03,3.875703e-02,6.881747e-01,6.064131e-03,2.440055e-03,1.979560e-02,7.506051e-03,2.651379e-02,2.676721e-03,2.633226e-03
1.593990e-02,4.245848e-03,9.024068e-02,4.293428e-03,3.228045e-02,2.086573e-03,2.818064e-02,6.726373e-01,5.763985e-03,3.202018e-03,8.686785e-02,1.350604e-02,2.378054e-02,1.078608e-02,6.188637e-03
1.703579e-02,3.155150e-03,6.334144e-02,3.755749e-03,2.301571e-02,1.871312e-03,2.186469e-02,5.923867e-01,9.113839e-03,1.316013e-02,1.405638e-01,2.948505e-02,3.024975e-02,4.284640e-02,8.154536e-03
1.479449e-02,2.356616e-03,4.441191e-02,3.307873e-03,1.634642e-02,1.858096e-03,1.617343e-02,4.390538e-01,1.045980e-02,1.209287e-02,1.707787e-01,2.528546e-02,3.251657e-02,2.024876e-01,8.076350e-03
1.104834e-02,1.737106e-03,3.116303e-02,2.939053e-03,1.161388e-02,1.776493e-03,1.154525e-02,3.139603e-01,3.189993e-02,1.061429e-02,2.083688e-01,2.461489e-02,3.893627e-02,2.923541e-01,7.428311e-03
8.493960e-03,1.477710e-03,2.221746e-02,3.534694e-03,8.554667e-03,2.164686e-03,8.352689e-03,2.235514e-01,5.982155e-02,8.887785e-03,2.038356e-01,1.973077e-02,3.124568e-02,3.903530e-01,7.778349e-03
8.835563e-03,1.613465e-03,1.622730e-02,3.477262e-03,6.581086e-03,3.105683e-03,6.156747e-03,1.575186e-01,8.907704e-02,7.702846e-03,1.693253e-01,1.654759e-02,2.686063e-02,4.780184e-01,8.952588e-03
5.007031e-02,2.119428e-03,1.267704e-02,3.157049e-03,6.696556e-03,7.035972e-03,4.735106e-03,1.107200e-01,1.310991e-01,6.928806e-03,1.369010e-01,1.689527e-02,2.496142e-02,4.767726e-01,9.230394e-03
4.369970e-02,2.039366e-03,1.003610e-02,2.779404e-03,6.624581e-03,8.490784e-03,3.441994e-03,7.767580e-02,1.944815e-01,7.276296e-03,1.364987e-01,1.561383e-02,1.981870e-02,4.638612e-01,7.661998e-03
3.793854e-02,1.827043e-03,8.139865e-03,2.232797e-03,6.125764e-03,9.654189e-03,2.461507e-03,5.447911e-02,2.541807e-01,7.844392e-03,1.196095e-01,1.442968e-02,1.550354e-02,4.571025e-01,8.470773e-03
3.092319e-02,2.400907e-03,8.261845e-03,2.150804e-03,4.995126e-03,1.362346e-02,1.786655e-03,3.827092e-02,2.905923e-01,8.632356e-03,9.400999e-02,1.200975e-02,1.324593e-02,4.641072e-01,1.498972e-02
2.337145e-02,2.445149e-03,6.874669e-03,2.072640e-03,4.091780e-03,1.388589e-02,1.294656e-03,2.684063e-02,3.182708e-01,8.448809e-03,7.304522e-02,1.005983e-02,1.192224e-02,4.799327e-01,1.744366e-02
1.673474e-02,2.181605e-03,5.478583e-03,1.576266e-03,3.398563e-03,1.068789e-02,9.209893e-04,1.879750e-02,3.522949e-01,7.163845e-03,5.352785e-02,7.150881e-03,8.710099e-03,4.955918e-01,1.578452e-02
1.221450e-02,1.934209e-03,4.790060e-03,1.303384e-03,2.985686e-03,8.785081e-03,6.563602e-04,1.320268e-02,4.311375e-01,6.084315e-03,3.841069e-02,5.096868e-03,6.267008e-03,4.524532e-01,1.467858e-02
8.960443e-03,1.566171e-03,3.635542e-03,1.048842e-03,2.486139e-03,6.449714e-03,4.696447e-04,9.260043e-03,5.011209e-01,5.965748e-03,2.732299e-02,3.622169e-03,4.480292e-03,4.056338e-01,1.797758e-02
6.742343e-03,1.852741e-03,3.054435e-03,1.304273e-03,2.310531e-03,5.266064e-03,3.398811e-04,6.524849e-03,5.031825e-01,6.358959e-03,1.980932e-02,2.793053e-03,3.583595e-03,4.047150e-01,3.216252e-02
5.460153e-03,2.341277e-03,3.124613e-03,2.577139e-03,5.811070e-03,4.555375e-03,2.584128e-04,5.406836e-03,5.739819e-01,6.659410e-03,1.453581e-02,2.037774e-03,2.869337e-03,3.451961e-01,2.518474e-02
8.094017e-03,2.085967e-03,4.613440e-03,7.377273e-03,1.691439e-02,6.048271e-03,3.550694e-04,1.758075e-01,4.717992e-01,5.649873e-03,1.192644e-02,1.927682e-03,3.122553e-03,2.650359e-01,1.924245e-02
7.395230e-03,2.036776e-03,7.585829e-03,6.204150e-03,1.541131e-02,5.087664e-03,3.516265e-04,3.967981e-01,3.380626e-01,4.134296e-03,8.914708e-03,1.427711e-03,2.396919e-03,1.893645e-01,1.482866e-02
5.590287e-03,1.533717e-03,8.571642e-03,6.626807e-03,1.352431e-02,4.051693e-03,3.113627e-04,5.645028e-01,2.392641e-01,2.951655e-03,6.477959e-03,1.031261e-03,1.757603e-03,1.330392e-01,1.076555e-02
4.579510e-03,1.142449e-03,7.183312e-03,5.295367e-03,1.110133e-02,3.660260e-03,2.955336e-04,6.853533e-01,1.679376e-01,2.108888e-03,4.632468e-03,7.277568e-04,1.333957e-03,9.703825e-02,7.609936e-03
4.284275e-03,8.930468e-04,5.580691e-03,3.935914e-03,9.934937e-03,2.826935e-03,3.336777e-04,7.727997e-01,1.179371e-01,1.496496e-03,3.288983e-03,5.146555e-04,1.033156e-03,6.976973e-02,5.370684e-03
4.291912e-03,7.669670e-04,4.313160e-03,3.043176e-03,8.302412e-03,2.275141e-03,6.412721e-04,8.351868e-01,8.283304e-02,1.072967e-03,2.425218e-03,3.708023e-04,9.460367e-04,4.972861e-02,3.802481e-03
5.144629e-03,6.351710e-04,3.313613e-03,2.537296e-03,9.260338e-03,1.823595e-03,5.525489e-04,8.767974e-01,5.846279e-02,7.724104e-04,1.792897e-03,2.688178e-04,6.917604e-04,3.526424e-02,2.682487e-03
6.985756e-03,5.721784e-04,2.655420e-03,2.293406e-03,8.977517e-03,1.789692e-03,8.231849e-04,9.049075e-01,4.138246e-02,5.732110e-04,1.347260e-03,2.154670e-04,5.585288e-04,2.499564e-02,1.922851e-03
1.172828e-02,5.111131e-04,2.303990e-03,2.379061e-03,6.907925e-03,2.134600e-03,9.649509e-04,9.223163e-01,2.933720e-02,4.293578e-04,1.187447e-03,2.784968e-04,5.208306e-04,1.758203e-02,1.418444e-03
1.839950e-02,5.735119e-04,2.541689e-03,3.227449e-03,6.599816e-03,2.348091e-03,1.298776e-03,9.274539e-01,2.118494e-02,3.726043e-04,1.417445e-03,4.633004e-04,5.850402e-04,1.242013e-02,1.113847e-03
2.079501e-02,7.299675e-04,3.247728e-03,3.532651e-03,5.377426e-03,3.699080e-03,1.463303e-03,9.308611e-01,1.593516e-02,5.314808e-04,2.031033e-03,1.004774e-03,8.759630e-04,8.826319e-03,1.089078e-03
2.145586e-02,6.854354e-04,3.791668e-03,4.386550e-03,4.755849e-03,3.277805e-03,1.837658e-03,9.374213e-01,1.149017e-02,4.781125e-04,1.699539e-03,8.733094e-04,7.336813e-04,6.214595e-03,8.984673e-04
2.308184e-02,5.842320e-04,4.104927e-03,4.361804e-03,3.838977e-03,3.466543e-03,1.928141e-03,9.415520e-01,8.489993e-03,4.563351e-04,1.458795e-03,7.990896e-04,6.062545e-04,4.414771e-03,8.562133e-04
2.951146e-02,8.713821e-04,5.323492e-03,5.369979e-03,3.336731e-03,6.004741e-03,2.171983e-03,9.277738e-01,7.410190e-03,1.269439e-03,2.992833e-03,1.433383e-03,1.284388e-03,3.296229e-03,1.949919e-03
3.524229e-02,9.694830e-04,4.630651e-03,4.796431e-03,2.960736e-03,7.144918e-03,1.923015e-03,9.205946e-01,6.201869e-03,1.673139e-03,4.166542e-03,2.664672e-03,1.916270e-03,2.444238e-03,2.671221e-03
5.617524e-02,1.465089e-03,3.836834e-03,5.678069e-03,6.155858e-03,7.362687e-03,1.910199e-03,8.607537e-01,7.740270e-03,3.423508e-03,1.687321e-02,1.398890e-02,7.616561e-03,2.278039e-03,4.741994e-03
7.387866e-02,3.142696e-03,3.006486e-03,6.433148e-03,7.777268e-03,7.621170e-03,1.753074e-03,6.963897e-01,9.021650e-02,2.728926e-03,2.250565e-02,5.552939e-02,2.226182e-02,1.824854e-03,4.930703e-03
8.667110e-02,5.291597e-03,5.887284e-03,2.818038e-02,1.432873e-02,1.470634e-02,1.749241e-03,5.690956e-01,1.317937e-01,3.426014e-03,2.602730e-02,7.790953e-02,2.627905e-02,1.648239e-03,7.005946e-03
7.890655e-02,1.083527e-02,4.996960e-03,3.003877e-02,1.175628e-02,1.225344e-02,1.692379e-03,4.226963e-01,3.050280e-01,5.043803e-03,2.290721e-02,6.251036e-02,2.109920e-02,1.409533e-03,8.825895e-03
9.858488e-02,1.224074e-02,4.403109e-03,2.693587e-02,1.109697e-02,1.238124e-02,1.821267e-03,3.251390e-01,3.962318e-01,4.689928e-03,2.078542e-02,5.464686e-02,2.126204e-02,1.184109e-03,8.596746e-03
1.319770e-01,1.310016e-02,5.120733e-03,2.451565e-02,1.447579e-02,1.097982e-02,2.028483e-03,2.698859e-01,4.290692e-01,4.866001e-03,1.660601e-02,4.473561e-02,1.905398e-02,1.041995e-03,1.254372e-02
1.532146e-01,3.062846e-02,4.502741e-03,2.131390e-02,1.532475e-02,9.575666e-03,2.032841e-03,1.906359e-01,4.902971e-01,4.246385e-03,1.248645e-02,3.261491e-02,1.423211e-02,8.986030e-04,1.799556e-02
1.719319e-01,5.185973e-02,6.718271e-03,2.969091e-02,1.532504e-02,9.557521e-03,2.386910e-03,1.396058e-01,4.658845e-01,8.563787e-03,1.031315e-02,2.661973e-02,1.209170e-02,1.019869e-03,4.843111e-02
1.839474e-01,5.443006e-02,1.256549e-02,5.979823e-02,1.405521e-02,1.006292e-02,2.114836e-03,9.972727e-02,3.951855e-01,1.405848e-02,9.275815e-03,2.151123e-02,1.050005e-02,1.525688e-03,1.112418e-01
1.712483e-01,4.884234e-02,2.335960e-02,4.928970e-02,2.747888e-02,8.124284e-03,2.579883e-03,1.406784e-01,4.019665e-01,1.073922e-02,7.309739e-03,1.556241e-02,8.205540e-03,1.359520e-03,8.325575e-02
1.274883e-01,3.460508e-02,2.116843e-02,3.550823e-02,2.984777e-02,6.095856e-03,2.232472e-03,3.416235e-01,3.124093e-01,7.530906e-03,5.244240e-03,1.093903e-02,5.943291e-03,9.812859e-04,5.838239e-02
9.293265e-02,2.440318e-02,1.694765e-02,2.531638e-02,2.427096e-02,4.518417e-03,1.826063e-03,5.249178e-01,2.223024e-01,5.289822e-03,3.748051e-03,7.673511e-03,4.235881e-03,7.011582e-04,4.091615e-02
6.784850e-02,1.716306e-02,1.255308e-02,1.791989e-02,1.946873e-02,3.341918e-03,1.654316e-03,6.593226e-01,1.567712e-01,3.725409e-03,2.680206e-03,5.380866e-03,3.009786e-03,4.951037e-04,2.866536e-02
4.843892e-02,1.203065e-02,8.939322e-03,1.260095e-02,1.495853e-02,2.467201e-03,1.854436e-03,7.580305e-01,1.098052e-01,2.615315e-03,1.910077e-03,3.774407e-03,2.151345e-03,3.488132e-04,2.007439e-02
3.528634e-02,8.454927e-03,6.404244e-03,8.890067e-03,1.187472e-02,1.932758e-03,2.679101e-03,8.257892e-01,7.690398e-02,1.834982e-03,1.367541e-03,2.650835e-03,1.621328e-03,2.463573e-04,1.406373e-02
2.809046e-02,5.980079e-03,4.678440e-03,6.303672e-03,1.007467e-02,4.025191e-03,9.088308e-03,8.550138e-01,5.407353e-02,1.333468e-03,2.518610e-03,2.267586e-03,6.286540e-03,2.365748e-04,1.002911e-02
2.601381e-02,4.259420e-03,3.676346e-03,4.747206e-03,9.585145e-03,8.294000e-03,9.813061e-03,8.737988e-01,3.815665e-02,9.864417e-04,3.346517e-03,3.014750e-03,6.811938e-03,2.272391e-04,7.268647e-03
3.048854e-02,3.440349e-03,2.894156e-03,3.831605e-03,1.292013e-02,2.170788e-02,1.331130e-02,8.175092e-01,2.760074e-02,9.544599e-04,5.541947e-03,3.570970e-03,4.336737e-02,3.540725e-04,1.250730e-02
5.737319e-02,3.380910e-03,2.382590e-03,3.156080e-03,1.420316e-02,2.266464e-02,1.502653e-02,7.272434e-01,2.125137e-02,2.087398e-03,1.569594e-02,6.056198e-03,5.774940e-02,8.458488e-04,5.088333e-02
7.930420e-02,3.642553e-03,1.873710e-03,2.831879e-03,1.273128e-02,2.322213e-02,2.401252e-02,6.678827e-01,1.770975e-02,3.384408e-03,1.611274e-02,6.656967e-03,6.314146e-02,1.194718e-03,7.629895e-02
7.549417e-02,5.072766e-03,1.605044e-03,4.059043e-03,9.960018e-03,2.375508e-02,3.315768e-02,5.011930e-01,3.662061e-02,5.184635e-03,1.891632e-02,6.156007e-03,1.079960e-01,1.700822e-03,1.691288e-01
6.250588e-02,6.528639e-03,1.519426e-03,1.687338e-02,9.615226e-03,2.249540e-02,2.641513e-02,3.752969e-01,7.877618e-02,1.885111e-02,2.418716e-02,8.470789e-03,1.230621e-01,3.124329e-03,2.222783e-01
4.768258e-02,6.075995e-03,1.314293e-03,2.354190e-02,7.695211e-03,1.847276e-02,1.904516e-02,2.638123e-01,7.070900e-02,1.629081e-02,2.038089e-02,6.830537e-03,2.858478e-01,2.704401e-03,2.095963e-01
3.429247e-02,4.409024e-03,9.981795e-04,1.708523e-02,5.758550e-03,1.406663e-02,1.357483e-02,1.848066e-01,5.217520e-02,1.243204e-02,1.561915e-02,6.182674e-03,4.626456e-01,2.244257e-03,1.737095e-01
2.522846e-02,3.253868e-03,7.599878e-04,1.258360e-02,4.211696e-03,1.098563e-02,9.571228e-03,1.294564e-01,3.774938e-02,8.956008e-03,1.285882e-02,6.203146e-03,5.880975e-01,1.957001e-03,1.481274e-01
