1.000000e+00,0.000000e+00,0.000000e+00,0.000000e+00,0.000000e+00,0.000000e+00,0.000000e+00,0.000000e+00,0.000000e+00,0.000000e+00,0.000000e+00,0.000000e+00,0.000000e+00,0.000000e+00,0.000000e+00
1.000000e+00,0.000000e+00,0.000000e+00,0.000000e+00,0.000000e+00,0.000000e+00,0.000000e+00,0.000000e+00,0.000000e+00,0.000000e+00,0.000000e+00,0.000000e+00,0.000000e+00,0.000000e+00,0.000000e+00
1.000000e+00,0.000000e+00,0.000000e+00,0.000000e+00,0.000000e+00,0.000000e+00,0.000000e+00,0.000000e+00,0.000000e+00,0.000000e+00,0.000000e+00,0.000000e+00,0.000000e+00,0.000000e+00,0.000000e+00
1.000000e+00,0.000000e+00,0.000000e+00,0.000000e+00,0.000000e+00,0.000000e+00,0.000000e+00,0.000000e+00,0.000000e+00,0.000000e+00,0.000000e+00,0.000000e+00,0.000000e+00,0.000000e+00,0.000000e+00
1.000000e+00,0.000000e+00,0.000000e+00,0.000000e+00,0.000000e+00,0.000000e+00,0.000000e+00,0.000000e+00,0.000000e+00,0.000000e+00,0.000000e+00,0.000000e+00,0.000000e+00,0.000000e+00,0.000000e+00
1.000000e+00,0.000000e+00,0.000000e+00,0.000000e+00,0.000000e+00,0.000000e+00,0.000000e+00,0.000000e+00,0.000000e+00,0.000000e+00,0.000000e+00,0.000000e+00,0.000000e+00,0.000000e+00,0.000000e+00
1.000000e+00,0.000000e+00,0.000000e+00,0.000000e+00,0.000000e+00,0.000000e+00,0.000000e+00,0.000000e+00,0.000000e+00,0.000000e+00,0.000000e+00,0.000000e+00,0.000000e+00,0.000000e+00,0.000000e+00
1.000000e+00,0.000000e+00,0.000000e+00,0.000000e+00,0.000000e+00,0.000000e+00,0.000000e+00,0.000000e+00,0.000000e+00,0.000000e+00,0.000000e+00,0.000000e+00,0.000000e+00,0.000000e+00,0.000000e+00
1.000000e+00,0.000000e+00,0.000000e+00,0.000000e+00,0.000000e+00,0.000000e+00,0.000000e+00,0.000000e+00,0.000000e+00,0.000000e+00,0.000000e+00,0.000000e+00,0.000000e+00,0.000000e+00,0.000000e+00
1.000000e+00,0.000000e+00,0.000000e+00,0.000000e+00,0.000000e+00,0.000000e+00,0.000000e+00,0.000000e+00,0.000000e+00,0.000000e+00,0.000000e+00,0.000000e+00,0.000000e+00,0.000000e+00,0.000000e+00
1.000000e+00,0.000000e+00,0.000000e+00,0.000000e+00,0.000000e+00,0.000000e+00,0.000000e+00,0.000000e+00,0.000000e+00,0.000000e+00,0.000000e+00,0.000000e+00,0.000000e+00,0.000000e+00,0.000000e+00
1.000000e+00,0.000000e+00,0.000000e+00,0.000000e+00,0.000000e+00,0.000000e+00,0.000000e+00,0.000000e+00,0.000000e+00,0.000000e+00,0.000000e+00,0.000000e+00,0.000000e+00,0.000000e+00,0.000000e+00
1.000000e+00,0.000000e+00,0.000000e+00,0.000000e+00,0.000000e+00,0.000000e+00,0.000000e+00,0.000000e+00,0.000000e+00,0.000000e+00,0.000000e+00,0.000000e+00,0.000000e+00,0.000000e+00,0.000000e+00
1.000000e+00,0.000000e+00,0.000000e+00,0.000000e+00,0.000000e+00,0.000000e+00,0.000000e+00,0.000000e+00,0.000000e+00,0.000000e+00,0.000000e+00,0.000000e+00,0.000000e+00,0.000000e+00,0.000000e+00
1.000000e+00,0.000000e+00,0.000000e+00,0.000000e+00,0.000000e+00,0.000000e+00,0.000000e+00,0.000000e+00,0.000000e+00,0.000000e+00,0.000000e+00,0.000000e+00,0.000000e+00,0.000000e+00,0.000000e+00
1.000000e+00,0.000000e+00,0.000000e+00,0.000000e+00,0.000000e+00,0.000000e+00,0.000000e+00,0.000000e+00,0.000000e+00,0.000000e+00,0.000000e+00,0.000000e+00,0.000000e+00,0.000000e+00,0.000000e+00
1.000000e+00,0.000000e+00,0.000000e+00,0.000000e+00,0.000000e+00,0.000000e+00,0.000000e+00,0.000000e+00,0.000000e+00,0.000000e+00,0.000000e+00,0.000000e+00,0.000000e+00,0.000000e+00,0.000000e+00
1.000000e+00,0.000000e+00,0.000000e+00,0.000000e+00,0.000000e+00,0.000000e+00,0.000000e+00,0.000000e+00,0.000000e+00,0.000000e+00,0.000000e+00,0.000000e+00,0.000000e+00,0.000000e+00,0.000000e+00
1.000000e+00,0.000000e+00,0.000000e+00,0.000000e+00,0.000000e+00,0.000000e+00,0.000000e+00,0.000000e+00,0.000000e+00,0.000000e+00,0.000000e+00,0.000000e+00,0.000000e+00,0.000000e+00,0.000000e+00
1.000000e+00,0.000000e+00,0.000000e+00,0.000000e+00,0.000000e+00,0.000000e+00,0.000000e+00,0.000000e+00,0.000000e+00,0.000000e+00,0.000000e+00,0.000000e+00,0.000000e+00,0.000000e+00,0.000000e+00
1.000000e+00,0.000000e+00,0.000000e+00,0.000000e+00,0.000000e+00,0.000000e+00,0.000000e+00,0.000000e+00,0.000000e+00,0.000000e+00,0.000000e+00,0.000000e+00,0.000000e+00,0.000000e+00,0.000000e+00
1.000000e+00,0.000000e+00,0.000000e+00,0.000000e+00,0.000000e+00,0.000000e+00,0.000000e+00,0.000000e+00,0.000000e+00,0.000000e+00,0.000000e+00,0.000000e+00,0.000000e+00,0.000000e+00,0.000000e+00
1.000000e+00,0.000000e+00,0.000000e+00,0.000000e+00,0.000000e+00,0.000000e+00,0.000000e+00,0.000000e+00,0.000000e+00,0.000000e+00,0.000000e+00,0.000000e+00,0.000000e+00,0.000000e+00,0.000000e+00
1.000000e+00,0.000000e+00,0.000000e+00,0.000000e+00,0.000000e+00,0.000000e+00,0.000000e+00,0.000000e+00,0.000000e+00,0.000000e+00,0.000000e+00,0.000000e+00,0.000000e+00,0.000000e+00,0.000000e+00
1.000000e+00,0.000000e+00,0.000000e+00,0.000000e+00,0.000000e+00,0.000000e+00,0.000000e+00,0.000000e+00,0.000000e+00,0.000000e+00,0.000000e+00,0.000000e+00,0.000000e+00,0.000000e+00,0.000000e+00
1.000000e+00,0.000000e+00,0.000000e+00,0.000000e+00,0.000000e+00,0.000000e+00,0.000000e+00,0.000000e+00,0.000000e+00,0.000000e+00,0.000000e+00,0.000000e+00,0.000000e+00,0.000000e+00,0.000000e+00
1.000000e+00,0.000000e+00,0.000000e+00,0.000000e+00,0.000000e+00,0.000000e+00,0.000000e+00,0.000000e+00,0.000000e+00,0.000000e+00,0.000000e+00,0.000000e+00,0.000000e+00,0.000000e+00,0.000000e+00
1.000000e+00,0.000000e+00,0.000000e+00,0.000000e+00,0.000000e+00,0.000000e+00,0.000000e+00,0.000000e+00,0.000000e+00,0.000000e+00,0.000000e+00,0.000000e+00,0.000000e+00,0.000000e+00,0.000000e+00
1.000000e+00,0.000000e+00,0.000000e+00,0.000000e+00,0.000000e+00,0.000000e+00,0.000000e+00,0.000000e+00,0.000000e+00,0.000000e+00,0.000000e+00,0.000000e+00,0.000000e+00,0.000000e+00,0.000000e+00
1.000000e+00,0.000000e+00,0.000000e+00,0.000000e+00,0.000000e+00,0.000000e+00,0.000000e+00,0.000000e+00,0.000000e+00,0.000000e+00,0.000000e+00,0.000000e+00,0.000000e+00,0.000000e+00,0.000000e+00
1.000000e+00,0.000000e+00,0.000000e+00,0.000000e+00,0.000000e+00,0.000000e+00,0.000000e+00,0.000000e+00,0.000000e+00,0.000000e+00,0.000000e+00,0.000000e+00,0.000000e+00,0.000000e+00,0.000000e+00
1.000000e+00,0.000000e+00,0.000000e+00,0.000000e+00,0.000000e+00,0.000000e+00,0.000000e+00,0.000000e+00,0.000000e+00,0.000000e+00,0.000000e+00,0.000000e+00,0.000000e+00,0.000000e+00,0.000000e+00
1.000000e+00,0.000000e+00,0.000000e+00,0.000000e+00,0.000000e+00,0.000000e+00,0.000000e+00,0.000000e+00,0.000000e+00,0.000000e+00,0.000000e+00,0.000000e+00,0.000000e+00,0.000000e+00,0.000000e+00
1.000000e+00,0.000000e+00,0.000000e+00,0.000000e+00,0.000000e+00,0.000000e+00,0.000000e+00,0.000000e+00,0.000000e+00,0.000000e+00,0.000000e+00,0.000000e+00,0.000000e+00,0.000000e+00,0.000000e+00
1.000000e+00,0.000000e+00,0.000000e+00,0.000000e+00,0.000000e+00,0.000000e+00,0.000000e+00,0.000000e+00,0.000000e+00,0.000000e+00,0.000000e+00,0.000000e+00,0.000000e+00,0.000000e+00,0.000000e+00
1.000000e+00,0.000000e+00,0.000000e+00,0.000000e+00,0.000000e+00,0.000000e+00,0.000000e+00,0.000000e+00,0.000000e+00,0.000000e+00,0.000000e+00,0.000000e+00,0.000000e+00,0.000000e+00,0.000000e+00
1.000000e+00,0.000000e+00,0.000000e+00,0.000000e+00,0.000000e+00,0.000000e+00,0.000000e+00,0.000000e+00,0.000000e+00,0.000000e+00,0.000000e+00,0.000000e+00,0.000000e+00,0.000000e+00,0.000000e+00
1.000000e+00,0.000000e+00,0.000000e+00,0.000000e+00,0.000000e+00,0.000000e+00,0.000000e+00,0.000000e+00,0.000000e+00,0.000000e+00,0.000000e+00,0.000000e+00,0.000000e+00,0.000000e+00,0.000000e+00
1.000000e+00,0.000000e+00,0.000000e+00,0.000000e+00,0.000000e+00,0.000000e+00,0.000000e+00,0.000000e+00,0.000000e+00,0.000000e+00,0.000000e+00,0.000000e+00,0.000000e+00,0.000000e+00,0.000000e+00
1.000000e+00,0.000000e+00,0.000000e+00,0.000000e+00,0.000000e+00,0.000000e+00,0.000000e+00,0.000000e+00,0.000000e+00,0.000000e+00,0.000000e+00,0.000000e+00,0.000000e+00,0.000000e+00,0.000000e+00
1.000000e+00,0.000000e+00,0.000000e+00,0.000000e+00,0.000000e+00,0.000000e+00,0.000000e+00,0.000000e+00,0.000000e+00,0.000000e+00,0.000000e+00,0.000000e+00,0.000000e+00,0.000000e+00,0.000000e+00
1.000000e+00,0.000000e+00,0.000000e+00,0.000000e+00,0.000000e+00,0.000000e+00,0.000000e+00,0.000000e+00,0.000000e+00,0.000000e+00,0.000000e+00,0.000000e+00,0.000000e+00,0.000000e+00,0.000000e+00
1.000000e+00,0.000000e+00,0.000000e+00,0.000000e+00,0.000000e+00,0.000000e+00,0.000000e+00,0.000000e+00,0.000000e+00,0.000000e+00,0.000000e+00,0.000000e+00,0.000000e+00,0.000000e+00,0.000000e+00
1.000000e+00,0.000000e+00,0.000000e+00,0.000000e+00,0.000000e+00,0.000000e+00,0.000000e+00,0.000000e+00,0.000000e+00,0.000000e+00,0.000000e+00,0.000000e+00,0.000000e+00,0.000000e+00,0.000000e+00
1.000000e+00,0.000000e+00,0.000000e+00,0.000000e+00,0.000000e+00,0.000000e+00,0.000000e+00,0.000000e+00,0.000000e+00,0.000000e+00,0.000000e+00,0.000000e+00,0.000000e+00,0.000000e+00,0.000000e+00
1.000000e+00,0.000000e+00,0.000000e+00,0.000000e+00,0.000000e+00,0.000000e+00,0.000000e+00,0.000000e+00,0.000000e+00,0.000000e+00,0.000000e+00,0.000000e+00,0.000000e+00,0.000000e+00,0.000000e+00
1.000000e+00,0.000000e+00,0.000000e+00,0.000000e+00,0.000000e+00,0.000000e+00,0.000000e+00,0.000000e+00,0.000000e+00,0.000000e+00,0.000000e+00,0.000000e+00,0.000000e+00,0.000000e+00,0.000000e+00
1.000000e+00,0.000000e+00,0.000000e+00,0.000000e+00,0.000000e+00,0.000000e+00,0.000000e+00,0.000000e+00,0.000000e+00,0.000000e+00,0.000000e+00,0.000000e+00,0.000000e+00,0.000000e+00,0.000000e+00
1.000000e+00,0.000000e+00,0.000000e+00,0.000000e+00,0.000000e+00,0.000000e+00,0.000000e+00,0.000000e+00,0.000000e+00,0.000000e+00,0.000000e+00,0.000000e+00,0.000000e+00,0.000000e+00,0.000000e+00
1.000000e+00,0.000000e+00,0.000000e+00,0.000000e+00,0.000000e+00,0.000000e+00,0.000000e+00,0.000000e+00,0.000000e+00,0.000000e+00,0.000000e+00,0.000000e+00,0.000000e+00,0.000000e+00,0.000000e+00
1.000000e+00,0.000000e+00,0.000000e+00,0.000000e+00,0.000000e+00,0.000000e+00,0.000000e+00,0.000000e+00,0.000000e+00,0.000000e+00,0.000000e+00,0.000000e+00,0.000000e+00,0.000000e+00,0.000000e+00
1.000000e+00,0.000000e+00,0.000000e+00,0.000000e+00,0.000000e+00,0.000000e+00,0.000000e+00,0.000000e+00,0.000000e+00,0.000000e+00,0.000000e+00,0.000000e+00,0.000000e+00,0.000000e+00,0.000000e+00
1.000000e+00,0.000000e+00,0.000000e+00,0.000000e+00,0.000000e+00,0.000000e+00,0.000000e+00,0.000000e+00,0.000000e+00,0.000000e+00,0.000000e+00,0.000000e+00,0.000000e+00,0.000000e+00,0.000000e+00
1.000000e+00,0.000000e+00,0.000000e+00,0.000000e+00,0.000000e+00,0.000000e+00,0.000000e+00,0.000000e+00,0.000000e+00,0.000000e+00,0.000000e+00,0.000000e+00,0.000000e+00,0.000000e+00,0.000000e+00
1.000000e+00,0.000000e+00,0.000000e+00,0.000000e+00,0.000000e+00,0.000000e+00,0.000000e+00,0.000000e+00,0.000000e+00,0.000000e+00,0.000000e+00,0.000000e+00,0.000000e+00,0.000000e+00,0.000000e+00
1.000000e+00,0.000000e+00,0.000000e+00,0.000000e+00,0.000000e+00,0.000000e+00,0.000000e+00,0.000000e+00,0.000000e+00,0.000000e+00,0.000000e+00,0.000000e+00,0.000000e+00,0.000000e+00,0.000000e+00
1.000000e+00,0.000000e+00,0.000000e+00,0.000000e+00,0.000000e+00,0.000000e+00,0.000000e+00,0.000000e+00,0.000000e+00,0.000000e+00,0.000000e+00,0.000000e+00,0.000000e+00,0.000000e+00,0.000000e+00
1.000000e+00,0.000000e+00,0.000000e+00,0.000000e+00,0.000000e+00,0.000000e+00,0.000000e+00,0.000000e+00,0.000000e+00,0.000000e+00,0.000000e+00,0.000000e+00,0.000000e+00,0.000000e+00,0.000000e+00
4.777342e-01,6.139924e-02,3.823384e-02,1.612387e-01,1.305643e-02,2.801932e-02,8.565782e-03,2.987728e-02,3.548456e-02,3.569754e-03,3.219768e-02,3.323478e-02,1.390143e-02,1.078522e-02,5.270175e-02
4.903910e-01,6.103499e-02,3.576094e-02,1.546660e-01,1.334204e-02,2.569431e-02,7.102967e-03,2.468782e-02,3.600255e-02,3.707919e-03,3.228398e-02,3.134826e-02,1.404516e-02,1.231745e-02,5.761462e-02
4.521646e-01,5.169800e-02,4.828506e-02,1.622418e-01,1.239859e-02,2.348123e-02,6.565175e-03,5.798199e-02,3.091097e-02,3.531135e-03,3.326139e-02,3.899013e-02,1.716484e-02,1.177583e-02,4.954933e-02
3.593340e-01,4.195590e-02,1.224397e-01,1.815747e-01,1.051379e-02,1.963054e-02,5.464653e-03,8.750109e-02,2.443137e-02,3.096217e-03,3.583972e-02,4.112548e-02,1.622781e-02,1.019860e-02,4.066657e-02
3.133702e-01,3.578977e-02,1.990702e-01,1.826563e-01,8.737683e-03,1.634907e-02,4.540768e-03,8.433240e-02,2.047761e-02,2.632759e-03,3.764123e-02,3.734259e-02,1.396693e-02,9.062908e-03,3.402965e-02
2.781513e-01,2.913608e-02,2.046606e-01,2.052670e-01,9.069260e-03,1.635109e-02,3.886015e-03,1.182739e-01,1.651308e-02,2.279138e-03,3.572715e-02,3.348827e-02,1.302839e-02,7.950068e-03,2.621869e-02
2.073787e-01,2.075177e-02,1.589640e-01,1.598554e-01,9.342021e-03,1.252076e-02,3.105427e-03,3.297806e-01,1.174447e-02,1.680996e-03,2.699609e-02,2.405659e-02,9.562784e-03,5.717496e-03,1.854288e-02
1.474863e-01,1.502929e-02,1.138205e-01,1.137577e-01,7.362691e-03,9.205867e-03,3.620608e-03,5.198663e-01,8.321586e-03,1.190999e-03,1.937346e-02,1.688654e-02,6.905689e-03,4.122302e-03,1.305006e-02
1.043594e-01,1.076423e-02,8.134257e-02,8.039386e-02,5.433134e-03,6.733770e-03,3.525166e-03,6.575538e-01,5.895630e-03,8.462956e-04,1.396522e-02,1.188478e-02,5.115199e-03,2.983903e-03,9.203053e-03
7.330968e-02,7.587969e-03,5.713895e-02,5.638896e-02,3.969012e-03,4.878338e-03,8.722567e-03,7.529061e-01,4.136788e-03,6.018813e-04,9.814189e-03,8.339361e-03,3.636036e-03,2.113577e-03,6.456651e-03
5.166867e-02,5.380814e-03,4.025551e-02,3.963942e-02,3.335951e-03,3.902971e-03,2.505995e-02,7.926772e-01,3.185231e-03,6.740356e-04,7.471093e-03,6.524578e-03,1.385618e-02,1.699936e-03,4.668524e-03
3.646526e-02,3.853395e-03,2.822929e-02,2.778844e-02,6.277216e-03,3.072947e-03,2.500305e-02,7.304180e-01,4.195877e-03,9.464452e-04,1.702808e-02,2.043888e-02,8.590808e-02,6.421310e-03,3.953765e-03
2.589427e-02,2.860903e-03,1.979843e-02,2.046395e-02,9.908205e-03,3.858878e-03,1.889829e-02,5.396849e-01,5.307395e-03,8.500802e-04,1.700479e-02,3.562720e-02,2.870037e-01,7.222152e-03,5.616879e-03
1.825945e-02,2.173868e-03,1.392208e-02,1.463220e-02,7.390628e-03,4.648933e-03,1.402626e-02,3.832899e-01,4.062329e-03,7.427731e-04,2.288725e-02,3.403601e-02,4.657535e-01,5.727642e-03,8.447257e-03
1.279746e-02,1.609378e-03,9.792210e-03,1.037468e-02,5.252360e-03,3.855252e-03,1.013656e-02,2.686014e-01,3.012481e-03,5.539726e-04,1.629049e-02,2.432428e-02,6.167427e-01,4.067692e-03,1.258916e-02
8.978999e-03,1.221534e-03,6.911235e-03,7.354405e-03,3.742879e-03,3.116047e-03,7.264266e-03,1.880912e-01,2.207598e-03,4.445577e-04,1.163582e-02,1.774314e-02,7.255242e-01,2.891735e-03,1.287248e-02
6.374456e-03,9.933416e-04,5.601302e-03,5.325906e-03,3.474637e-03,3.772132e-03,5.586905e-03,1.322681e-01,2.518720e-03,4.885956e-04,9.396926e-03,1.295191e-02,7.342461e-01,2.353261e-03,7.464773e-02
5.967422e-03,1.907371e-03,1.406345e-02,2.900682e-02,4.208102e-03,7.697056e-03,4.108132e-03,9.480467e-02,1.371090e-02,1.486959e-03,9.477640e-03,9.648813e-03,5.817791e-01,2.519795e-03,2.196137e-01
7.462441e-03,5.674816e-03,1.626978e-02,2.738137e-02,5.022881e-03,1.598196e-02,3.021980e-03,6.795570e-02,2.094227e-02,2.300867e-03,1.011454e-02,7.418033e-03,4.449869e-01,3.185958e-03,3.622805e-01
7.391589e-03,8.034931e-03,1.492643e-02,2.268937e-02,7.496766e-03,1.896303e-02,2.250081e-03,4.820772e-02,2.656055e-02,5.589042e-03,9.049114e-03,6.214914e-03,3.217257e-01,4.096556e-03,4.968042e-01
6.133783e-03,8.842442e-03,1.189444e-02,1.726164e-02,6.307711e-03,1.798775e-02,1.643750e-03,3.399131e-02,2.679297e-02,7.734320e-03,8.105157e-03,4.827026e-03,2.299764e-01,5.180567e-03,6.133207e-01
5.285995e-03,2.476794e-02,9.025753e-03,1.390654e-02,4.910806e-03,1.722003e-02,1.193786e-03,2.398454e-02,5.359104e-02,1.272228e-02,1.529795e-02,5.133709e-03,1.678717e-01,9.377174e-03,6.357107e-01
4.788229e-03,5.416548e-02,7.676941e-03,1.235712e-02,4.164750e-03,1.952395e-02,8.696702e-04,1.717304e-02,1.659896e-01,1.137404e-02,1.596329e-02,4.145862e-03,1.197999e-01,9.059619e-03,5.529484e-01
9.974243e-03,7.065675e-02,1.565111e-02,1.351602e-02,1.585984e-02,2.091711e-02,9.011517e-04,1.370884e-02,2.244115e-01,9.829978e-03,2.466191e-02,3.870441e-03,8.731005e-02,8.698788e-03,4.800322e-01
1.964523e-02,1.072537e-01,6.983595e-02,4.363117e-02,2.601768e-02,3.083110e-02,1.528542e-03,1.232234e-02,2.199791e-01,1.049188e-02,1.905977e-02,2.882766e-03,6.180023e-02,6.331153e-03,3.683894e-01
2.435499e-02,1.010175e-01,1.161168e-01,1.272509e-01,2.707389e-02,4.209244e-02,1.418585e-03,1.096714e-02,1.967705e-01,1.084702e-02,1.520630e-02,2.147784e-03,4.380863e-02,4.916706e-03,2.760108e-01
3.085847e-02,7.720329e-02,1.712924e-01,1.918867e-01,3.008781e-02,3.111132e-02,1.591759e-03,5.493045e-02,1.569437e-01,8.470104e-03,1.182252e-02,1.544928e-03,3.094450e-02,3.721514e-03,1.975905e-01
3.016582e-02,6.110236e-02,2.559218e-01,2.294900e-01,2.341925e-02,2.353006e-02,1.304095e-03,6.284498e-02,1.240377e-01,8.710543e-03,9.844442e-03,1.165880e-03,2.195089e-02,2.884100e-03,1.436280e-01
3.548720e-02,5.072245e-02,3.509442e-01,1.895728e-01,1.877361e-02,1.858942e-02,1.072496e-03,7.514950e-02,1.050012e-01,1.037835e-02,9.321930e-03,1.022713e-03,1.579928e-02,2.579717e-03,1.155851e-01
3.298213e-02,3.661616e-02,4.610850e-01,1.494972e-01,1.370054e-02,1.406522e-02,8.195507e-04,8.660921e-02,8.628575e-02,1.055918e-02,7.466083e-03,8.344526e-04,1.131973e-02,2.128678e-03,8.603105e-02
3.187391e-02,2.663718e-02,4.776908e-01,1.364472e-01,1.051353e-02,1.078777e-02,7.291936e-04,1.508585e-01,6.514380e-02,9.111570e-03,5.939794e-03,7.370429e-04,8.181258e-03,1.726839e-03,6.362163e-02
3.899316e-02,1.956826e-02,4.615757e-01,1.180543e-01,8.418553e-03,8.543624e-03,1.037204e-03,2.253337e-01,4.903056e-02,8.428759e-03,5.845399e-03,8.191905e-04,6.257906e-03,1.451997e-03,4.664160e-02
3.834926e-02,1.423525e-02,4.852531e-01,9.316796e-02,6.354203e-03,7.499093e-03,1.395352e-03,2.489497e-01,3.715609e-02,2.067669e-02,4.959707e-03,8.778636e-04,4.696046e-03,1.352365e-03,3.507732e-02
3.027750e-02,1.017804e-02,5.546184e-01,7.896454e-02,5.225125e-03,5.600812e-03,1.346882e-03,2.332850e-01,2.739403e-02,1.794438e-02,3.954004e-03,8.247839e-04,3.623825e-03,1.109075e-03,2.565355e-02
2.479983e-02,7.553707e-03,6.280670e-01,6.379431e-02,4.764598e-03,4.350825e-03,1.471357e-03,1.950069e-01,2.034701e-02,2.280605e-02,3.033047e-03,7.292627e-04,2.866648e-03,1.009007e-03,1.940043e-02
2.304572e-02,6.173201e-03,6.074495e-01,5.150096e-02,4.902476e-03,3.691357e-03,1.712661e-03,2.315414e-01,1.634808e-02,3.188936e-02,2.504698e-03,6.930776e-04,2.665312e-03,1.106256e-03,1.477594e-02
2.934706e-02,5.810970e-03,5.403115e-01,4.206254e-02,5.679119e-03,3.758169e-03,1.991996e-03,2.915732e-01,1.520892e-02,4.128426e-02,3.355912e-03,1.140371e-03,3.225530e-03,2.904810e-03,1.234570e-02
4.755106e-02,6.442437e-03,5.034020e-01,4.192863e-02,5.337286e-03,4.930136e-03,2.549232e-03,2.920514e-01,2.129587e-02,4.290480e-02,4.367569e-03,1.998960e-03,8.524233e-03,4.234210e-03,1.248227e-02
7.923697e-02,1.634541e-02,4.149063e-01,3.917331e-02,6.837884e-03,5.885909e-03,2.960911e-03,3.019683e-01,3.409921e-02,4.734344e-02,7.382947e-03,4.558215e-03,1.386897e-02,7.093238e-03,1.833901e-02
1.046917e-01,2.240477e-02,3.038925e-01,3.538927e-02,7.686513e-03,8.287280e-03,2.439854e-03,2.826513e-01,6.143304e-02,4.066593e-02,3.161000e-02,1.301224e-02,1.619872e-02,1.063739e-02,5.899949e-02
1.164002e-01,2.156360e-02,2.203775e-01,3.968987e-02,9.042637e-03,9.452162e-03,2.330216e-03,2.776474e-01,1.017994e-01,3.006869e-02,6.479181e-02,1.613379e-02,2.302209e-02,1.081279e-02,5.686777e-02
1.823002e-01,1.980468e-02,1.641676e-01,5.747434e-02,1.357566e-02,1.957626e-02,3.092576e-03,2.587439e-01,1.113660e-01,2.152080e-02,5.270886e-02,2.087764e-02,1.937161e-02,1.140296e-02,4.401698e-02
1.596902e-01,2.042864e-02,1.196758e-01,6.859694e-02,1.124599e-02,1.715150e-02,2.671724e-03,2.873652e-01,1.388277e-01,1.636651e-02,4.907545e-02,2.311787e-02,1.922719e-02,1.391135e-02,5.264789e-02
1.428825e-01,2.294057e-02,8.812885e-02,5.560349e-02,1.123233e-02,1.287348e-02,2.122824e-03,2.936087e-01,1.922033e-01,1.273528e-02,5.201038e-02,2.737202e-02,1.923163e-02,1.477122e-02,5.228333e-02
1.260443e-01,1.827984e-02,6.401375e-02,4.548708e-02,1.688647e-02,1.003423e-02,2.062050e-03,3.405105e-01,2.286448e-01,9.588983e-03,4.734384e-02,2.548783e-02,1.699793e-02,1.062347e-02,3.799480e-02
1.180044e-01,1.414748e-02,4.596839e-02,3.754545e-02,2.190207e-02,8.955076e-03,2.187701e-03,4.532847e-01,1.859177e-01,7.141072e-03,3.728664e-02,1.971854e-02,1.358705e-02,7.489560e-03,2.686413e-02
1.148204e-01,1.053486e-02,3.276074e-02,2.892494e-02,1.963703e-02,1.330616e-02,3.672805e-03,5.637679e-01,1.310025e-01,5.044945e-03,2.658609e-02,1.425818e-02,1.129485e-02,5.302658e-03,1.908591e-02
8.279920e-02,7.629960e-03,2.408711e-02,2.367920e-02,1.414779e-02,1.606992e-02,2.814444e-03,6.337063e-01,9.239021e-02,3.855148e-03,3.479016e-02,2.190717e-02,2.309870e-02,5.322413e-03,1.370224e-02
5.828061e-02,5.618489e-03,1.701253e-02,1.756527e-02,1.009368e-02,1.151516e-02,2.113649e-03,6.645114e-01,6.493188e-02,3.027223e-03,7.359774e-02,2.929707e-02,2.507563e-02,7.674270e-03,9.685341e-03
4.080548e-02,4.107330e-03,1.193751e-02,1.274232e-02,7.111853e-03,8.136567e-03,1.502804e-03,4.730130e-01,4.564179e-02,4.594543e-03,2.538070e-01,3.455319e-02,7.781012e-02,1.713718e-02,7.099296e-03
2.857902e-02,2.915324e-03,8.591888e-03,1.023861e-02,5.070865e-03,5.879941e-03,1.160739e-03,3.379850e-01,3.237628e-02,7.978093e-02,2.052728e-01,1.185956e-01,1.369532e-01,2.107275e-02,5.527182e-03
2.012881e-02,2.466533e-03,6.783098e-03,8.260395e-03,3.763629e-03,4.404780e-03,9.357260e-04,2.384934e-01,2.640278e-02,1.643579e-01,1.728583e-01,1.831653e-01,1.227519e-01,4.089184e-02,4.335687e-03
1.417902e-02,1.925774e-03,5.442897e-03,6.593712e-03,3.070945e-03,3.315178e-03,8.398865e-04,1.672867e-01,2.014260e-02,2.294014e-01,1.487081e-01,1.975755e-01,9.583279e-02,1.020920e-01,3.593506e-03
1.004534e-02,1.544823e-03,4.161436e-03,5.781102e-03,2.911932e-03,2.538686e-03,7.237350e-04,1.173273e-01,1.545909e-02,2.466086e-01,1.468802e-01,2.662053e-01,7.207372e-02,1.046909e-01,3.047937e-03
7.257277e-03,1.327786e-03,3.343849e-03,4.583276e-03,4.101211e-03,1.926161e-03,6.114886e-04,8.228190e-02,1.256743e-02,2.934729e-01,1.414549e-01,2.889464e-01,5.332369e-02,1.015513e-01,3.250482e-03
5.307693e-03,9.883130e-04,2.554173e-03,3.353905e-03,5.699984e-03,2.288267e-03,1.114508e-03,5.855651e-02,9.400347e-03,2.687187e-01,1.504663e-01,3.690299e-01,3.964954e-02,7.935385e-02,3.517952e-03
3.832972e-03,7.387298e-04,1.922642e-03,2.451449e-03,1.026135e-02,1.687090e-03,8.794413e-04,4.124839e-02,6.838398e-03,2.243564e-01,1.281342e-01,4.701735e-01,2.934928e-02,7.467753e-02,3.448634e-03
2.722830e-03,5.297022e-04,1.394183e-03,1.769267e-03,1.180323e-02,1.219548e-03,6.656596e-04,2.892807e-02,5.129710e-03,1.886712e-01,1.122390e-01,5.573866e-01,2.169802e-02,6.232561e-02,3.517374e-03
1.963688e-03,3.797086e-04,1.035569e-03,1.284604e-03,1.497249e-02,8.993880e-04,4.889688e-04,2.035843e-02,3.845163e-03,1.365587e-01,1.036124e-01,6.482680e-01,1.600362e-02,4.747638e-02,2.853015e-03
1.447036e-03,2.767057e-04,8.788087e-04,9.367830e-04,2.926273e-02,6.786350e-04,4.595885e-04,1.445028e-02,3.123808e-03,9.957793e-02,1.170492e-01,6.806712e-01,1.221662e-02,3.655813e-02,2.412718e-03
1.120093e-03,2.166817e-04,9.509308e-04,7.552569e-04,7.860589e-02,5.388163e-04,4.414914e-04,1.077320e-02,2.758971e-03,7.417925e-02,1.131070e-01,6.759725e-01,9.679744e-03,2.883738e-02,2.062876e-03
1.517722e-03,1.869445e-04,1.186336e-03,6.400447e-04,2.046436e-01,6.712727e-04,4.770705e-04,1.323939e-02,4.697687e-03,5.761141e-02,1.040734e-01,5.785349e-01,8.505483e-03,2.230824e-02,1.706554e-03
1.672075e-03,1.871797e-04,1.925791e-03,5.885008e-04,3.679445e-01,5.768763e-04,8.817618e-04,2.338370e-02,4.956687e-03,4.142943e-02,8.635519e-02,4.450101e-01,7.351829e-03,1.630436e-02,1.432073e-03
1.365376e-03,1.695258e-04,1.906112e-03,4.673114e-04,5.188310e-01,6.590978e-04,2.244112e-03,3.224681e-02,4.264283e-03,2.937098e-02,6.335285e-02,3.266565e-01,5.738859e-03,1.167291e-02,1.054278e-03
1.451417e-03,1.409082e-04,1.689459e-03,3.926636e-04,5.470593e-01,6.567517e-04,3.779776e-03,1.274756e-01,3.954823e-03,2.079873e-02,4.636655e-02,2.314921e-01,5.299788e-03,8.668570e-03,7.735838e-04
2.031279e-03,1.371816e-04,1.517971e-03,5.853007e-04,6.307188e-01,7.730546e-04,3.479803e-03,1.320925e-01,4.082888e-03,1.482528e-02,3.439403e-02,1.631315e-01,5.311733e-03,6.354271e-03,5.643739e-04
7.492017e-03,4.617776e-04,4.211625e-03,1.635780e-03,5.947400e-01,9.097015e-04,3.965242e-03,2.014804e-01,1.260445e-02,1.082705e-02,3.029471e-02,1.156907e-01,9.981705e-03,5.167975e-03,5.368313e-04
1.046675e-02,7.078400e-04,2.444036e-02,2.456814e-03,5.051011e-01,1.153320e-03,6.745134e-03,3.068535e-01,1.449749e-02,8.110034e-03,2.455869e-02,8.155284e-02,9.064038e-03,3.850892e-03,4.412498e-04
1.404720e-02,1.823971e-03,2.246472e-02,2.060652e-03,5.710687e-01,1.562959e-03,5.645998e-03,2.481333e-01,3.604670e-02,7.632733e-03,2.093703e-02,5.740206e-02,6.800082e-03,3.971211e-03,4.027472e-04
2.601254e-02,3.126263e-03,2.194171e-02,2.015700e-03,6.172632e-01,2.225360e-03,4.450222e-03,2.004008e-01,4.819691e-02,6.860498e-03,1.695768e-02,4.065854e-02,5.310404e-03,4.123643e-03,4.564928e-04
2.873495e-02,2.632399e-03,1.641861e-02,1.753350e-03,6.772637e-01,3.193158e-03,5.445459e-03,1.420168e-01,6.705765e-02,4.986256e-03,1.222872e-02,2.965349e-02,4.961391e-03,2.969997e-03,6.839882e-04
5.325444e-02,2.842632e-03,1.324886e-02,3.726682e-03,6.820008e-01,1.264882e-02,5.662158e-03,1.074708e-01,6.424685e-02,3.623988e-03,9.900967e-03,2.474752e-02,1.272507e-02,2.218731e-03,1.681639e-03
6.879807e-02,3.651744e-03,9.548038e-03,4.141180e-03,6.854618e-01,1.246784e-02,4.795527e-03,8.225627e-02,7.883289e-02,2.632752e-03,8.103700e-03,2.017668e-02,1.521506e-02,1.853893e-03,2.064585e-03
1.035513e-01,5.759814e-03,7.596879e-03,7.520076e-03,6.088752e-01,1.517102e-02,4.191763e-03,6.988601e-02,1.208653e-01,2.101418e-03,8.856966e-03,1.889923e-02,2.161731e-02,1.984965e-03,3.122711e-03
1.169376e-01,1.437833e-02,7.388937e-03,2.601298e-02,4.473332e-01,1.776703e-02,3.311333e-03,5.089420e-02,2.474186e-01,3.488648e-03,9.639398e-03,2.200785e-02,2.453051e-02,2.004896e-03,6.886315e-03
1.948541e-01,1.308942e-02,8.685152e-03,3.509949e-02,3.447431e-01,2.890357e-02,3.639477e-03,4.459238e-02,2.548352e-01,3.507735e-03,1.082581e-02,2.364315e-02,2.299631e-02,2.362451e-03,8.222621e-03
2.414500e-01,1.204979e-02,7.246580e-03,6.588040e-02,2.458669e-01,5.599295e-02,3.250002e-03,3.439224e-02,2.018983e-01,3.402151e-03,1.511540e-02,6.307249e-02,3.188730e-02,2.738236e-03,1.575724e-02
2.471431e-01,9.766879e-03,5.736035e-03,6.170543e-02,1.765600e-01,4.904325e-02,3.087095e-03,2.596346e-02,1.694868e-01,3.749568e-03,3.100180e-02,1.024923e-01,9.749496e-02,2.886319e-03,1.388297e-02
2.117400e-01,8.411926e-03,5.099831e-03,4.802902e-02,1.356951e-01,3.682876e-02,3.414136e-03,1.981147e-02,1.361425e-01,5.749564e-03,4.659854e-02,1.191765e-01,2.072895e-01,3.351863e-03,1.266130e-02
2.194471e-01,7.832479e-03,6.068919e-03,4.360734e-02,1.008530e-01,3.232501e-02,4.119966e-03,1.809512e-02,1.208501e-01,5.386499e-03,6.033349e-02,1.192403e-01,2.458061e-01,3.445140e-03,1.258948e-02
1.965312e-01,7.089973e-03,6.052762e-03,3.347395e-02,7.341437e-02,2.691433e-02,4.104140e-03,1.523180e-02,1.017375e-01,4.737954e-03,7.023804e-02,1.191810e-01,3.232274e-01,3.494820e-03,1.457078e-02
1.549106e-01,6.161678e-03,6.450857e-03,2.698119e-02,5.788479e-02,2.676439e-02,4.029179e-03,1.523503e-02,8.247997e-02,5.967177e-03,6.509104e-02,1.801794e-01,3.398251e-01,3.582270e-03,2.445745e-02
1.361693e-01,5.568510e-03,7.335017e-03,2.421709e-02,4.445866e-02,2.681606e-02,4.317421e-03,1.493838e-02,6.538049e-02,5.658515e-03,5.925542e-02,2.133304e-01,3.520248e-01,7.827082e-03,3.270286e-02
9.939602e-02,4.532007e-03,8.698156e-03,1.859352e-02,3.509513e-02,2.179113e-02,3.846944e-03,1.361089e-02,5.103759e-02,5.386734e-03,6.041181e-02,3.053952e-01,3.272398e-01,6.857249e-03,3.810781e-02
7.291173e-02,4.662385e-03,8.154444e-03,1.403877e-02,5.178994e-02,3.010178e-02,7.479807e-03,1.780110e-02,8.445746e-02,4.796695e-03,5.837759e-02,3.070363e-01,3.010353e-01,5.125436e-03,3.223115e-02
6.515022e-02,5.009976e-03,7.725905e-03,1.084555e-02,4.476193e-02,3.333412e-02,1.025689e-02,2.954949e-02,7.163552e-02,4.587187e-03,4.441560e-02,4.072688e-01,2.327340e-01,4.164814e-03,2.856003e-02
6.752235e-02,7.059881e-03,7.990725e-03,2.460643e-02,1.339298e-01,3.252275e-02,1.310553e-02,3.325306e-02,8.230980e-02,5.630960e-03,3.600584e-02,3.257212e-01,2.027554e-01,3.312682e-03,2.427360e-02
1.100938e-01,6.286645e-03,7.185432e-03,1.948183e-02,1.065480e-01,2.914348e-02,1.372690e-02,3.022601e-02,6.388596e-02,6.742010e-03,4.176668e-02,2.967851e-01,1.968026e-01,3.505935e-03,6.781971e-02
1.123697e-01,6.603212e-03,6.248758e-03,2.371790e-02,8.524957e-02,2.532189e-02,1.262342e-02,4.289512e-02,6.136408e-02,7.093077e-03,5.080474e-02,2.791931e-01,2.152363e-01,6.582134e-03,6.469706e-02
1.342575e-01,7.733608e-03,1.005459e-02,2.038014e-02,8.310279e-02,2.099123e-02,1.079066e-02,6.468404e-02,5.263804e-02,6.593511e-03,6.686860e-02,2.344128e-01,2.334424e-01,5.875941e-03,4.817406e-02
1.303105e-01,6.286213e-03,2.257193e-02,2.127783e-02,6.903855e-02,1.617886e-02,8.219054e-03,1.864129e-01,4.128965e-02,5.441938e-03,5.711162e-02,1.772753e-01,2.198796e-01,4.409625e-03,3.429648e-02
1.406980e-01,5.701018e-03,1.383647e-01,4.028605e-02,5.646865e-02,1.337465e-02,6.301460e-03,1.905732e-01,3.786759e-02,5.174922e-03,4.401387e-02,1.291078e-01,1.632562e-01,3.291734e-03,2.552010e-02
1.118743e-01,1.601272e-02,2.639682e-01,3.235541e-02,1.164461e-01,1.172836e-02,7.550439e-03,1.404776e-01,3.712596e-02,3.694161e-03,3.158137e-02,9.053829e-02,1.155404e-01,2.437479e-03,1.866908e-02
8.595883e-02,2.015171e-01,2.088016e-01,2.926174e-02,1.021951e-01,9.890277e-03,5.826286e-03,1.007681e-01,6.930917e-02,2.669543e-03,2.312562e-02,6.349094e-02,8.126868e-02,1.768808e-03,1.414815e-02
6.336986e-02,1.568849e-01,1.704719e-01,2.336830e-01,9.824371e-02,7.455172e-03,4.741698e-03,7.726228e-02,5.607278e-02,1.899234e-03,1.664448e-02,4.453886e-02,5.710327e-02,1.262214e-03,1.036659e-02
5.454328e-02,1.487009e-01,1.601561e-01,2.597832e-01,1.093335e-01,8.360486e-03,4.400856e-03,6.740557e-02,9.239563e-02,1.436643e-03,1.248628e-02,3.144418e-02,4.046710e-02,1.025312e-03,8.061052e-03
4.082711e-02,1.249583e-01,1.448760e-01,4.116258e-01,8.307396e-02,6.137729e-03,3.211291e-03,5.173739e-02,6.597670e-02,1.134300e-03,9.213622e-03,2.207633e-02,2.843812e-02,7.378832e-04,5.975418e-03
5.903633e-02,1.105403e-01,1.579653e-01,4.334249e-01,7.207938e-02,6.346208e-03,2.952348e-03,4.169470e-02,5.510912e-02,1.469975e-03,1.099677e-02,1.593262e-02,2.076020e-02,6.738662e-04,1.101800e-02
1.015014e-01,1.014517e-01,1.264203e-01,3.708611e-01,1.360686e-01,1.355877e-02,3.652968e-03,4.734726e-02,5.187166e-02,1.133827e-03,9.519758e-03,1.156191e-02,1.529087e-02,7.271075e-04,9.032698e-03
1.344066e-01,1.662681e-01,1.006653e-01,2.812899e-01,1.490552e-01,1.348205e-02,3.114589e-03,3.968009e-02,7.115535e-02,9.866017e-04,8.409385e-03,9.310653e-03,1.210381e-02,1.242973e-03,8.829481e-03
1.193683e-01,1.341697e-01,7.551665e-02,3.596498e-01,1.467588e-01,2.027499e-02,2.817739e-03,4.890962e-02,5.586528e-02,8.651242e-04,7.889416e-03,9.401002e-03,9.500002e-03,1.399719e-03,7.613932e-03
8.497471e-02,9.602473e-02,5.352657e-02,3.970052e-01,1.057236e-01,1.671087e-02,2.019863e-03,3.444538e-02,3.935482e-02,1.462981e-03,1.282140e-01,2.621005e-02,7.595001e-03,1.191324e-03,5.540805e-03
5.958835e-02,6.785540e-02,3.805152e-02,3.547550e-01,7.421805e-02,1.196923e-02,1.416841e-03,2.420913e-02,2.782151e-02,1.429972e-03,1.782173e-01,1.498614e-01,5.716817e-03,9.233487e-04,3.966024e-03
4.177710e-02,4.773363e-02,2.723988e-02,2.957948e-01,5.204860e-02,8.719918e-03,9.940687e-04,1.705069e-02,1.969808e-02,1.132855e-03,1.759903e-01,3.041188e-01,4.197717e-03,6.930294e-04,2.810545e-03
2.925347e-02,3.344140e-02,1.911828e-02,2.086131e-01,3.811755e-02,6.605853e-03,6.975716e-04,1.194411e-02,1.400453e-02,8.981858e-04,2.166696e-01,4.149780e-01,3.177720e-03,5.078519e-04,1.972822e-03
2.048186e-02,2.341566e-02,1.342243e-02,1.467952e-01,2.727907e-02,5.301754e-03,4.903792e-04,8.368610e-03,1.000728e-02,6.649123e-04,1.806503e-01,5.589226e-01,2.450857e-03,3.644780e-04,1.384563e-03
1.435571e-02,1.640054e-02,9.402552e-03,1.028782e-01,6.168604e-02,4.118097e-03,4.026836e-04,5.875876e-03,1.204375e-02,5.287437e-04,2.222380e-01,5.468817e-01,1.932088e-03,2.793976e-04,9.766971e-04
1.010839e-02,1.149425e-02,6.588446e-03,7.209706e-02,4.818296e-02,3.440364e-03,2.854048e-04,4.119547e-03,9.000143e-03,3.993934e-04,1.695754e-01,6.623214e-01,1.450895e-03,2.352784e-04,7.009919e-04
7.178877e-03,8.989626e-03,4.737657e-03,5.087602e-02,8.873521e-02,3.007902e-03,2.121791e-04,2.920239e-03,2.051692e-02,4.159891e-04,1.707698e-01,6.395127e-01,1.355925e-03,1.997849e-04,5.711241e-04
5.063449e-03,7.653940e-03,3.419973e-03,3.591853e-02,9.498213e-02,2.470984e-03,1.574162e-04,2.094354e-03,3.629754e-02,2.313185e-03,1.360614e-01,6.709036e-01,1.754509e-03,4.057997e-04,5.032803e-04
3.562340e-03,7.200904e-03,2.913159e-03,2.528469e-02,8.137937e-02,1.833185e-03,1.265387e-04,1.793196e-03,7.447182e-02,2.854324e-03,1.001049e-01,6.957925e-01,1.850501e-03,4.486636e-04,3.839361e-04
2.521675e-03,1.005061e-02,2.652126e-03,1.776369e-02,6.219370e-02,1.415037e-03,1.007419e-04,3.194914e-03,1.970486e-01,2.695982e-03,7.414918e-02,6.227847e-01,2.470551e-03,6.313012e-04,3.272590e-04
1.777471e-03,7.720886e-03,2.011802e-03,1.250429e-02,4.593714e-02,1.298543e-03,1.057773e-04,3.693124e-03,4.243163e-01,1.963926e-03,5.224152e-02,4.436667e-01,2.047235e-03,4.770353e-04,2.383094e-04
1.430907e-03,6.513696e-03,2.701795e-03,9.199735e-03,3.597313e-02,1.812367e-03,1.998875e-04,2.731279e-02,5.422111e-01,2.110371e-03,3.854594e-02,3.279812e-01,3.202755e-03,5.838156e-04,2.205537e-04
1.293608e-03,6.520486e-03,7.842837e-03,7.671734e-03,3.995241e-02,3.795877e-03,1.925674e-04,2.659446e-02,6.411991e-01,2.142790e-03,2.761493e-02,2.314082e-01,2.971808e-03,5.149435e-04,2.841562e-04
1.404296e-03,6.179890e-03,1.271959e-02,6.890604e-03,6.750442e-02,3.316179e-03,3.665693e-04,3.209193e-02,6.819403e-01,2.059857e-03,1.966006e-02,1.625179e-01,2.636471e-03,4.097118e-04,3.021246e-04
7.891819e-03,7.521600e-03,1.861189e-02,2.032658e-02,1.802734e-01,6.068618e-03,1.522932e-03,5.604648e-02,5.681681e-01,1.889955e-03,1.418251e-02,1.139753e-01,2.210089e-03,4.747676e-04,8.359245e-04
2.612406e-02,1.028601e-02,1.844201e-02,3.068323e-02,2.580026e-01,6.806227e-03,2.759642e-03,8.898869e-02,4.615582e-01,1.709949e-03,1.056997e-02,8.020417e-02,2.137445e-03,5.069268e-04,1.220755e-03
3.896746e-02,1.752752e-02,1.904066e-02,9.515423e-02,2.807275e-01,7.232000e-03,2.216730e-03,8.951153e-02,3.640065e-01,2.529979e-03,1.486541e-02,5.845942e-02,4.783788e-03,7.452836e-04,4.231990e-03
3.119013e-02,1.891417e-02,1.958338e-02,1.374111e-01,2.179331e-01,7.681513e-03,1.715590e-03,7.531478e-02,2.798530e-01,9.757485e-03,8.902790e-02,7.205275e-02,1.832102e-02,1.283119e-03,1.996102e-02
2.292026e-02,1.498846e-02,2.353539e-02,1.600000e-01,1.570742e-01,6.362062e-03,1.348758e-03,5.752476e-02,2.013734e-01,1.246068e-02,1.855363e-01,1.000687e-01,3.467712e-02,1.156983e-03,2.097305e-02
1.664400e-02,1.080817e-02,1.881535e-02,1.286268e-01,1.134275e-01,5.180675e-03,1.222587e-03,4.109843e-02,1.476511e-01,3.673257e-02,2.492961e-01,1.227297e-01,8.763170e-02,1.633050e-03,1.850215e-02
1.212612e-02,7.629624e-03,1.424781e-02,9.600154e-02,8.730235e-02,3.853132e-03,9.792739e-04,2.980977e-02,1.084710e-01,4.207768e-02,2.953895e-01,1.260031e-01,1.609638e-01,1.447323e-03,1.369788e-02
8.938078e-03,5.392677e-03,1.049923e-02,7.289024e-02,6.526965e-02,3.274050e-03,8.034238e-04,2.382210e-02,8.434070e-02,7.503095e-02,3.301457e-01,1.191629e-01,1.885348e-01,1.959153e-03,9.936382e-03
8.054536e-03,3.882680e-03,8.452646e-03,5.225654e-02,5.084490e-02,2.496809e-03,1.061576e-03,6.233703e-02,8.209483e-02,7.863620e-02,3.677236e-01,1.103048e-01,1.603281e-01,4.101326e-03,7.424514e-03
7.695213e-03,2.938488e-03,8.208646e-03,3.748943e-02,4.009673e-02,1.922500e-03,1.810048e-03,1.695501e-01,8.420857e-02,7.668055e-02,3.403313e-01,8.780600e-02,1.299534e-01,5.622297e-03,5.686796e-03
7.446276e-03,3.439687e-03,1.679525e-02,5.159987e-02,3.886204e-02,1.991845e-03,2.813347e-03,1.986736e-01,1.773983e-01,7.302655e-02,2.549171e-01,6.393083e-02,9.814554e-02,4.525665e-03,6.434200e-03
6.639773e-03,5.493064e-03,1.308496e-02,3.810215e-02,3.773934e-02,2.464333e-03,2.454176e-03,1.474144e-01,3.899157e-01,5.203053e-02,1.807638e-01,4.518464e-02,6.997846e-02,3.464604e-03,5.270092e-03
5.545971e-03,6.369184e-03,9.593524e-03,2.748079e-02,4.054394e-02,2.795595e-03,2.158010e-03,1.079749e-01,5.428985e-01,3.713752e-02,1.281676e-01,3.175180e-02,4.974891e-02,2.767877e-03,5.065892e-03
7.798999e-03,9.278948e-03,1.492900e-02,8.181196e-02,5.115705e-02,4.382918e-03,2.258828e-03,8.576112e-02,5.508950e-01,2.671257e-02,9.227806e-02,2.343493e-02,4.171787e-02,2.070943e-03,5.511925e-03
1.173497e-02,1.300154e-02,1.998239e-02,8.329833e-02,5.755059e-02,8.081116e-03,3.047324e-03,7.666042e-02,5.689798e-01,2.134443e-02,7.122277e-02,1.889222e-02,3.852159e-02,1.791832e-03,5.890733e-03
1.975434e-02,2.619803e-02,1.896076e-02,6.180263e-02,7.493932e-02,8.222262e-03,2.696974e-03,6.435852e-02,5.855533e-01,1.804715e-02,6.108838e-02,1.461435e-02,3.148257e-02,1.603454e-03,1.067801e-02
2.723417e-02,3.570345e-02,4.159611e-02,5.540064e-02,8.074072e-02,9.861344e-03,5.140181e-03,5.592341e-02,5.776859e-01,1.484601e-02,4.735553e-02,1.131479e-02,2.415399e-02,1.486924e-03,1.155686e-02
3.910282e-02,3.169544e-02,5.256770e-02,4.453068e-02,7.487693e-02,8.732813e-03,7.738649e-03,9.287801e-02,5.623308e-01,1.175286e-02,3.556732e-02,8.425776e-03,1.870325e-02,1.283938e-03,9.812967e-03
3.795308e-02,2.308824e-02,3.813620e-02,3.192433e-02,6.001854e-02,7.543066e-03,1.454185e-02,2.793757e-01,4.461620e-01,8.471332e-03,2.542997e-02,5.991480e-03,1.336768e-02,9.301029e-04,7.066458e-03
4.788716e-02,1.685500e-02,2.772109e-02,2.286640e-02,4.789288e-02,5.916471e-03,1.498597e-02,4.483664e-01,3.235347e-01,6.246494e-03,1.809072e-02,4.296931e-03,9.592691e-03,6.785795e-04,5.068528e-03
9.375300e-02,1.353130e-02,2.050819e-02,1.666649e-02,3.966439e-02,6.886705e-03,1.538752e-02,5.192131e-01,2.410856e-01,5.027581e-03,1.291269e-02,3.437476e-03,7.259667e-03,5.756072e-04,4.090775e-03
8.428239e-02,9.819061e-03,1.608927e-02,1.219357e-02,2.975388e-02,1.327459e-02,1.999202e-02,6.166468e-01,1.716685e-01,3.742354e-03,9.376615e-03,3.051163e-03,6.214503e-03,6.059781e-04,3.289330e-03
7.441585e-02,7.679043e-03,1.392218e-02,9.184863e-03,2.341277e-02,2.466812e-02,2.103129e-02,6.711446e-01,1.215506e-01,3.308351e-03,9.488244e-03,3.396946e-03,1.241335e-02,6.244165e-04,3.759453e-03
7.213686e-02,6.330358e-03,1.307168e-02,7.091298e-03,1.940167e-02,2.427424e-02,2.042023e-02,7.196829e-01,8.631002e-02,2.675710e-03,9.095249e-03,3.371491e-03,1.206353e-02,6.055784e-04,3.469174e-03
9.023175e-02,5.029465e-03,1.504082e-02,5.794431e-03,1.758366e-02,2.342505e-02,1.732978e-02,7.366406e-01,6.279893e-02,2.284118e-03,7.681784e-03,3.101476e-03,9.435530e-03,5.814998e-04,3.041105e-03
9.944367e-02,4.013112e-03,1.395958e-02,4.759392e-03,1.386785e-02,3.841661e-02,1.854590e-02,7.397637e-01,4.494495e-02,1.926658e-03,6.159231e-03,3.050462e-03,7.530856e-03,5.231809e-04,3.094774e-03
1.142623e-01,3.937255e-03,1.872876e-02,4.432056e-03,1.056519e-02,1.077490e-01,1.945202e-02,6.492530e-01,3.377306e-02,2.163352e-03,7.579342e-03,8.293740e-03,1.268537e-02,8.804328e-04,6.244993e-03
1.110938e-01,3.735135e-03,1.895866e-02,3.775364e-03,8.580625e-03,1.356439e-01,1.748073e-02,6.257810e-01,2.572930e-02,1.867613e-03,1.024774e-02,1.276132e-02,1.678454e-02,1.051410e-03,6.508821e-03
1.122861e-01,4.588135e-03,2.400650e-02,3.609135e-03,1.220655e-02,2.056845e-01,1.871810e-02,5.306620e-01,1.962851e-02,2.299001e-03,1.317237e-02,1.694492e-02,2.716871e-02,1.449780e-03,7.575692e-03
1.361743e-01,4.680431e-03,2.182897e-02,3.434141e-03,1.480693e-02,2.042167e-01,1.526358e-02,5.247087e-01,1.528102e-02,1.962769e-03,1.137206e-02,1.504555e-02,2.219633e-02,1.345289e-03,7.682984e-03
