1.000000e+00,0.000000e+00,0.000000e+00,0.000000e+00,0.000000e+00,0.000000e+00,0.000000e+00,0.000000e+00,0.000000e+00,0.000000e+00,0.000000e+00,0.000000e+00,0.000000e+00,0.000000e+00,0.000000e+00
1.000000e+00,0.000000e+00,0.000000e+00,0.000000e+00,0.000000e+00,0.000000e+00,0.000000e+00,0.000000e+00,0.000000e+00,0.000000e+00,0.000000e+00,0.000000e+00,0.000000e+00,0.000000e+00,0.000000e+00
1.000000e+00,0.000000e+00,0.000000e+00,0.000000e+00,0.000000e+00,0.000000e+00,0.000000e+00,0.000000e+00,0.000000e+00,0.000000e+00,0.000000e+00,0.000000e+00,0.000000e+00,0.000000e+00,0.000000e+00
1.000000e+00,0.000000e+00,0.000000e+00,0.000000e+00,0.000000e+00,0.000000e+00,0.000000e+00,0.000000e+00,0.000000e+00,0.000000e+00,0.000000e+00,0.000000e+00,0.000000e+00,0.000000e+00,0.000000e+00
1.000000e+00,0.000000e+00,0.000000e+00,0.000000e+00,0.000000e+00,0.000000e+00,0.000000e+00,0.000000e+00,0.000000e+00,0.000000e+00,0.000000e+00,0.000000e+00,0.000000e+00,0.000000e+00,0.000000e+00
1.000000e+00,0.000000e+00,0.000000e+00,0.000000e+00,0.000000e+00,0.000000e+00,0.000000e+00,0.000000e+00,0.000000e+00,0.000000e+00,0.000000e+00,0.000000e+00,0.000000e+00,0.000000e+00,0.000000e+00
1.000000e+00,0.000000e+00,0.000000e+00,0.000000e+00,0.000000e+00,0.000000e+00,0.000000e+00,0.000000e+00,0.000000e+00,0.000000e+00,0.000000e+00,0.000000e+00,0.000000e+00,0.000000e+00,0.000000e+00
1.000000e+00,0.000000e+00,0.000000e+00,0.000000e+00,0.000000e+00,0.000000e+00,0.000000e+00,0.000000e+00,0.000000e+00,0.000000e+00,0.000000e+00,0.000000e+00,0.000000e+00,0.000000e+00,0.000000e+00
1.000000e+00,0.000000e+00,0.000000e+00,0.000000e+00,0.000000e+00,0.000000e+00,0.000000e+00,0.000000e+00,0.000000e+00,0.000000e+00,0.000000e+00,0.000000e+00,0.000000e+00,0.000000e+00,0.000000e+00
1.000000e+00,0.000000e+00,0.000000e+00,0.000000e+00,0.000000e+00,0.000000e+00,0.000000e+00,0.000000e+00,0.000000e+00,0.000000e+00,0.000000e+00,0.000000e+00,0.000000e+00,0.000000e+00,0.000000e+00
1.000000e+00,0.000000e+00,0.000000e+00,0.000000e+00,0.000000e+00,0.000000e+00,0.000000e+00,0.000000e+00,0.000000e+00,0.000000e+00,0.000000e+00,0.000000e+00,0.000000e+00,0.000000e+00,0.000000e+00
1.000000e+00,0.000000e+00,0.000000e+00,0.000000e+00,0.000000e+00,0.000000e+00,0.000000e+00,0.000000e+00,0.000000e+00,0.000000e+00,0.000000e+00,0.000000e+00,0.000000e+00,0.000000e+00,0.000000e+00
1.000000e+00,0.000000e+00,0.000000e+00,0.000000e+00,0.000000e+00,0.000000e+00,0.000000e+00,0.000000e+00,0.000000e+00,0.000000e+00,0.000000e+00,0.000000e+00,0.000000e+00,0.000000e+00,0.000000e+00
1.000000e+00,0.000000e+00,0.000000e+00,0.000000e+00,0.000000e+00,0.000000e+00,0.000000e+00,0.000000e+00,0.000000e+00,0.000000e+00,0.000000e+00,0.000000e+00,0.000000e+00,0.000000e+00,0.000000e+00
1.000000e+00,0.000000e+00,0.000000e+00,0.000000e+00,0.000000e+00,0.000000e+00,0.000000e+00,0.000000e+00,0.000000e+00,0.000000e+00,0.000000e+00,0.000000e+00,0.000000e+00,0.000000e+00,0.000000e+00
1.000000e+00,0.000000e+00,0.000000e+00,0.000000e+00,0.000000e+00,0.000000e+00,0.000000e+00,0.000000e+00,0.000000e+00,0.000000e+00,0.000000e+00,0.000000e+00,0.000000e+00,0.000000e+00,0.000000e+00
1.000000e+00,0.000000e+00,0.000000e+00,0.000000e+00,0.000000e+00,0.000000e+00,0.000000e+00,0.000000e+00,0.000000e+00,0.000000e+00,0.000000e+00,0.000000e+00,0.000000e+00,0.000000e+00,0.000000e+00
1.000000e+00,0.000000e+00,0.000000e+00,0.000000e+00,0.000000e+00,0.000000e+00,0.000000e+00,0.000000e+00,0.000000e+00,0.000000e+00,0.000000e+00,0.000000e+00,0.000000e+00,0.000000e+00,0.000000e+00
1.000000e+00,0.000000e+00,0.000000e+00,0.000000e+00,0.000000e+00,0.000000e+00,0.000000e+00,0.000000e+00,0.000000e+00,0.000000e+00,0.000000e+00,0.000000e+00,0.000000e+00,0.000000e+00,0.000000e+00
1.000000e+00,0.000000e+00,0.000000e+00,0.000000e+00,0.000000e+00,0.000000e+00,0.000000e+00,0.000000e+00,0.000000e+00,0.000000e+00,0.000000e+00,0.000000e+00,0.000000e+00,0.000000e+00,0.000000e+00
1.000000e+00,0.000000e+00,0.000000e+00,0.000000e+00,0.000000e+00,0.000000e+00,0.000000e+00,0.000000e+00,0.000000e+00,0.000000e+00,0.000000e+00,0.000000e+00,0.000000e+00,0.000000e+00,0.000000e+00
1.000000e+00,0.000000e+00,0.000000e+00,0.000000e+00,0.000000e+00,0.000000e+00,0.000000e+00,0.000000e+00,0.000000e+00,0.000000e+00,0.000000e+00,0.000000e+00,0.000000e+00,0.000000e+00,0.000000e+00
1.000000e+00,0.000000e+00,0.000000e+00,0.000000e+00,0.000000e+00,0.000000e+00,0.000000e+00,0.000000e+00,0.000000e+00,0.000000e+00,0.000000e+00,0.000000e+00,0.000000e+00,0.000000e+00,0.000000e+00
1.000000e+00,0.000000e+00,0.000000e+00,0.000000e+00,0.000000e+00,0.000000e+00,0.000000e+00,0.000000e+00,0.000000e+00,0.000000e+00,0.000000e+00,0.000000e+00,0.000000e+00,0.000000e+00,0.000000e+00
4.314741e-01,3.736065e-02,2.577585e-02,1.386513e-01,1.031895e-02,2.511469e-02,4.775620e-03,7.480114e-02,3.146384e-02,3.871296e-03,5.887413e-02,6.074024e-02,1.901264e-02,2.883382e-02,4.893176e-02
4.222112e-01,3.726857e-02,2.487204e-02,1.274534e-01,1.061504e-02,2.252372e-02,4.326055e-03,5.917929e-02,3.241578e-02,3.910309e-03,7.492803e-02,6.261554e-02,2.109306e-02,4.093736e-02,5.565060e-02
4.415490e-01,4.422012e-02,2.459268e-02,1.186310e-01,1.154668e-02,2.114301e-02,4.558097e-03,4.674402e-02,2.941898e-02,4.203712e-03,7.351733e-02,5.620254e-02,2.093294e-02,4.143304e-02,6.130693e-02
4.836596e-01,4.738282e-02,2.203350e-02,1.059072e-01,1.223588e-02,2.397938e-02,5.247983e-03,3.664953e-02,2.474612e-02,4.365124e-03,6.370775e-02,5.304866e-02,2.276828e-02,3.495491e-02,5.931336e-02
1.000000e+00,0.000000e+00,0.000000e+00,0.000000e+00,0.000000e+00,0.000000e+00,0.000000e+00,0.000000e+00,0.000000e+00,0.000000e+00,0.000000e+00,0.000000e+00,0.000000e+00,0.000000e+00,0.000000e+00
1.000000e+00,0.000000e+00,0.000000e+00,0.000000e+00,0.000000e+00,0.000000e+00,0.000000e+00,0.000000e+00,0.000000e+00,0.000000e+00,0.000000e+00,0.000000e+00,0.000000e+00,0.000000e+00,0.000000e+00
1.000000e+00,0.000000e+00,0.000000e+00,0.000000e+00,0.000000e+00,0.000000e+00,0.000000e+00,0.000000e+00,0.000000e+00,0.000000e+00,0.000000e+00,0.000000e+00,0.000000e+00,0.000000e+00,0.000000e+00
1.000000e+00,0.000000e+00,0.000000e+00,0.000000e+00,0.000000e+00,0.000000e+00,0.000000e+00,0.000000e+00,0.000000e+00,0.000000e+00,0.000000e+00,0.000000e+00,0.000000e+00,0.000000e+00,0.000000e+00
1.000000e+00,0.000000e+00,0.000000e+00,0.000000e+00,0.000000e+00,0.000000e+00,0.000000e+00,0.000000e+00,0.000000e+00,0.000000e+00,0.000000e+00,0.000000e+00,0.000000e+00,0.000000e+00,0.000000e+00
1.000000e+00,0.000000e+00,0.000000e+00,0.000000e+00,0.000000e+00,0.000000e+00,0.000000e+00,0.000000e+00,0.000000e+00,0.000000e+00,0.000000e+00,0.000000e+00,0.000000e+00,0.000000e+00,0.000000e+00
1.000000e+00,0.000000e+00,0.000000e+00,0.000000e+00,0.000000e+00,0.000000e+00,0.000000e+00,0.000000e+00,0.000000e+00,0.000000e+00,0.000000e+00,0.000000e+00,0.000000e+00,0.000000e+00,0.000000e+00
1.000000e+00,0.000000e+00,0.000000e+00,0.000000e+00,0.000000e+00,0.000000e+00,0.000000e+00,0.000000e+00,0.000000e+00,0.000000e+00,0.000000e+00,0.000000e+00,0.000000e+00,0.000000e+00,0.000000e+00
1.000000e+00,0.000000e+00,0.000000e+00,0.000000e+00,0.000000e+00,0.000000e+00,0.000000e+00,0.000000e+00,0.000000e+00,0.000000e+00,0.000000e+00,0.000000e+00,0.000000e+00,0.000000e+00,0.000000e+00
1.000000e+00,0.000000e+00,0.000000e+00,0.000000e+00,0.000000e+00,0.000000e+00,0.000000e+00,0.000000e+00,0.000000e+00,0.000000e+00,0.000000e+00,0.000000e+00,0.000000e+00,0.000000e+00,0.000000e+00
4.226514e-01,1.409331e-02,3.504421e-02,4.742483e-02,7.053974e-03,1.699124e-02,3.906969e-03,3.578341e-01,5.055200e-03,1.733955e-03,1.210899e-02,3.693258e-02,1.917614e-02,4.262125e-03,1.573102e-02
3.135207e-01,1.005138e-02,2.615631e-02,3.433166e-02,5.280333e-03,1.284176e-02,3.658693e-03,5.259891e-01,3.597826e-03,1.276194e-03,8.779129e-03,2.627198e-02,1.379309e-02,3.259799e-03,1.119209e-02
2.237732e-01,7.108185e-03,1.974385e-02,2.489228e-02,3.899523e-03,1.028162e-02,3.593541e-03,6.585510e-01,2.529300e-03,9.046532e-04,6.193735e-03,1.853258e-02,9.784534e-03,2.347733e-03,7.864252e-03
1.646217e-01,5.072362e-03,1.449974e-02,1.794292e-02,2.857336e-03,8.511026e-03,3.810472e-03,7.482326e-01,1.784303e-03,6.533634e-04,4.383260e-03,1.330849e-02,7.062679e-03,1.691966e-03,5.567735e-03
1.164260e-01,3.582523e-03,1.037776e-02,1.271442e-02,2.378361e-03,6.168270e-03,3.609240e-03,8.201932e-01,1.259723e-03,4.678074e-04,3.113023e-03,9.407649e-03,5.149657e-03,1.227566e-03,3.924879e-03
8.308090e-02,2.601225e-03,7.526421e-03,9.080023e-03,2.352421e-03,4.694368e-03,3.664801e-03,8.633411e-01,9.556811e-04,4.129968e-04,3.227379e-03,7.220624e-03,7.867678e-03,1.129365e-03,2.845032e-03
6.112956e-02,2.576239e-03,5.622565e-03,6.848398e-03,6.882492e-03,3.821773e-03,3.251309e-03,8.803384e-01,1.946465e-03,6.284339e-04,5.037355e-03,5.747029e-03,1.236852e-02,1.149016e-03,2.652517e-03
4.649362e-02,4.174207e-03,4.589055e-03,7.639398e-03,8.661871e-03,3.072109e-03,2.556652e-03,8.156698e-01,8.775307e-03,8.068713e-03,1.650926e-02,7.973153e-03,4.328261e-02,2.185097e-03,2.034918e-02
3.470495e-02,4.380023e-03,3.663775e-03,1.030378e-02,8.956934e-03,2.542133e-03,2.530434e-03,6.967257e-01,1.457283e-02,1.819387e-02,1.946511e-02,1.991993e-02,1.333452e-01,2.494369e-03,2.820100e-02
3.544270e-02,6.830727e-03,3.420533e-03,7.975297e-03,1.113709e-02,2.611637e-03,2.555165e-03,5.899462e-01,5.030644e-02,1.393640e-02,2.980854e-02,2.025892e-02,1.914242e-01,2.079924e-03,3.226619e-02
4.400660e-02,8.100776e-03,2.642118e-03,5.829165e-03,8.859321e-03,2.196998e-03,2.213044e-03,4.495492e-01,1.196802e-01,1.032949e-02,4.128942e-02,2.581624e-02,2.441685e-01,2.023290e-03,3.329566e-02
6.134236e-02,8.037291e-03,3.417711e-03,4.959747e-03,1.206338e-02,2.698818e-03,2.544741e-03,4.706595e-01,1.202325e-01,7.464640e-03,3.759303e-02,2.114868e-02,2.217148e-01,1.649152e-03,2.447362e-02
1.778127e-01,8.530956e-03,3.792595e-03,4.112111e-03,1.347314e-02,5.094484e-03,2.717288e-03,3.877840e-01,1.074674e-01,5.473826e-03,3.419209e-02,2.528294e-02,2.038047e-01,2.087698e-03,1.837413e-02
2.825267e-01,8.586578e-03,4.063701e-03,3.317535e-03,1.186809e-02,5.541025e-03,2.790350e-03,3.202633e-01,8.850470e-02,4.102773e-03,3.245072e-02,2.947859e-02,1.895787e-01,2.403734e-03,1.452357e-02
3.184164e-01,7.688148e-03,4.387224e-03,3.757581e-03,1.185174e-02,5.623894e-03,2.205787e-03,2.888302e-01,9.733889e-02,3.187605e-03,3.910817e-02,3.053289e-02,1.728633e-01,2.489411e-03,1.171880e-02
3.015301e-01,9.932200e-03,6.096827e-03,5.542872e-03,1.454422e-02,6.921208e-03,1.845603e-03,2.588657e-01,1.053845e-01,3.025344e-03,4.495654e-02,4.874954e-02,1.714683e-01,4.420911e-03,1.671617e-02
2.713204e-01,1.554715e-02,8.796637e-03,1.061383e-02,1.536964e-02,7.767925e-03,1.561419e-03,2.389570e-01,1.417862e-01,4.076764e-03,4.501081e-02,5.602148e-02,1.467862e-01,6.661315e-03,2.972330e-02
2.315097e-01,3.676478e-02,1.134111e-02,1.614060e-02,1.476671e-02,7.489876e-03,1.498943e-03,2.366057e-01,1.809807e-01,6.540440e-03,3.868277e-02,4.865825e-02,1.141833e-01,8.373743e-03,4.646346e-02
1.846519e-01,5.348220e-02,1.221621e-02,2.215813e-02,1.160108e-02,8.000958e-03,1.285026e-03,1.806642e-01,1.670715e-01,9.992005e-03,4.209220e-02,5.594014e-02,9.120444e-02,1.762698e-02,1.420131e-01
1.507131e-01,5.663977e-02,2.798859e-02,6.226387e-02,1.308394e-02,7.845584e-03,1.440235e-03,1.386680e-01,1.879981e-01,1.242318e-02,3.504920e-02,4.201306e-02,6.779565e-02,1.348443e-02,1.825933e-01
1.314474e-01,4.617865e-02,2.812251e-02,6.342103e-02,1.654416e-02,1.433864e-02,1.395003e-03,1.084283e-01,2.716145e-01,1.064006e-02,3.119973e-02,3.065145e-02,4.992016e-02,1.159905e-02,1.844994e-01
1.064265e-01,3.307803e-02,2.599241e-02,6.385240e-02,6.131070e-02,1.444305e-02,1.840479e-03,1.969775e-01,2.679395e-01,7.590784e-03,2.421327e-02,2.202989e-02,3.642707e-02,8.282281e-03,1.295962e-01
1.128253e-01,2.417900e-02,2.094428e-02,4.779711e-02,8.397184e-02,1.433333e-02,2.763661e-03,3.323421e-01,1.967291e-01,5.369449e-03,1.852638e-02,1.578257e-02,2.691423e-02,6.322117e-03,9.119947e-02
9.784083e-02,1.717931e-02,1.536538e-02,3.559199e-02,7.032995e-02,1.066437e-02,2.396333e-03,4.950052e-01,1.396965e-01,3.774259e-03,1.335082e-02,1.118242e-02,1.916586e-02,4.517508e-03,6.393921e-02
8.299669e-02,1.210068e-02,1.087349e-02,2.540909e-02,5.925430e-02,8.297988e-03,2.468769e-03,6.188407e-01,9.796061e-02,2.655453e-03,9.577804e-03,7.978805e-03,1.359885e-02,3.181242e-03,4.480550e-02
6.796148e-02,8.516605e-03,7.689471e-03,1.804548e-02,4.695928e-02,6.517038e-03,2.137731e-03,7.158003e-01,6.862111e-02,1.877752e-03,6.880789e-03,5.681763e-03,9.685581e-03,2.235411e-03,3.139017e-02
6.227643e-02,6.110871e-03,5.524665e-03,1.290762e-02,3.494494e-02,1.119964e-02,3.706684e-03,7.698210e-01,4.816922e-02,1.343397e-03,5.535144e-03,4.521772e-03,1.025353e-02,1.599560e-03,2.208544e-02
5.060156e-02,4.333484e-03,3.900457e-03,9.107278e-03,2.517765e-02,1.013153e-02,3.165697e-03,8.263296e-01,3.379118e-02,9.476269e-04,4.170238e-03,3.416759e-03,8.297981e-03,1.129441e-03,1.549944e-02
4.174673e-02,3.111242e-03,2.800855e-03,6.435065e-03,1.859940e-02,1.059808e-02,3.097193e-03,8.620183e-01,2.375339e-02,6.707557e-04,3.491822e-03,2.731648e-03,9.223444e-03,8.057483e-04,1.091631e-02
3.409367e-02,2.336407e-03,2.549795e-03,4.587658e-03,1.641247e-02,1.279311e-02,2.978602e-03,8.758587e-01,1.694119e-02,5.105938e-04,3.289823e-03,2.187461e-03,1.682646e-02,5.862195e-04,8.047826e-03
2.969335e-02,1.978827e-03,3.134347e-03,3.387836e-03,1.546339e-02,1.914120e-02,3.498504e-03,8.579407e-01,1.266625e-02,6.597247e-04,8.127419e-03,1.929906e-03,2.867510e-02,4.820620e-04,1.322140e-02
3.603674e-02,2.181299e-03,3.609008e-03,2.643313e-03,1.302264e-02,4.668163e-02,3.179191e-03,7.415209e-01,1.030599e-02,1.003950e-03,1.226030e-02,2.368146e-03,4.553382e-02,9.432056e-04,7.870980e-02
3.309346e-02,1.970953e-03,3.215857e-03,1.887291e-03,1.103716e-02,3.533797e-02,2.653807e-03,5.852277e-01,8.692777e-03,1.336582e-03,1.154172e-02,2.306474e-03,9.783152e-02,1.065537e-03,2.028012e-01
2.774070e-02,1.653141e-03,2.697814e-03,1.360590e-03,9.579055e-03,2.647328e-02,2.285626e-03,4.397017e-01,8.320870e-03,1.687945e-03,1.029519e-02,2.222188e-03,1.149256e-01,1.153572e-03,3.499027e-01
3.247336e-02,2.833911e-03,2.361586e-03,1.745130e-03,1.275025e-02,2.655211e-02,2.912349e-03,3.250597e-01,2.280487e-02,4.142785e-03,1.661730e-02,8.477374e-03,1.274981e-01,2.352685e-03,4.114184e-01
3.705080e-02,1.464222e-02,2.188983e-03,2.262493e-03,1.126212e-02,2.316331e-02,2.318285e-03,2.339489e-01,5.830971e-02,5.361933e-03,2.627162e-02,9.462437e-03,1.363440e-01,4.763531e-03,4.326497e-01
3.788942e-02,1.135723e-02,1.662427e-03,2.335655e-03,9.052912e-03,1.870313e-02,1.720217e-03,1.644180e-01,4.915951e-02,1.416211e-02,3.128847e-02,1.110479e-02,1.251358e-01,6.922493e-03,5.150878e-01
3.584745e-02,1.973042e-02,6.390661e-03,2.939926e-03,1.226919e-02,1.462797e-02,1.289475e-03,1.159362e-01,8.640823e-02,1.741331e-02,3.170826e-02,1.063080e-02,1.183860e-01,1.016265e-02,5.162595e-01
3.925805e-02,2.009228e-02,7.180379e-03,5.582581e-03,1.379959e-02,1.187886e-02,1.138173e-03,8.273545e-02,1.387285e-01,2.577239e-02,2.972651e-02,9.104153e-03,1.005869e-01,1.129936e-02,5.031169e-01
8.176759e-02,2.264804e-02,8.735521e-03,7.269086e-03,1.222879e-02,1.032249e-02,1.125693e-03,5.891358e-02,1.946767e-01,3.102244e-02,2.828418e-02,8.290246e-03,8.061063e-02,3.208943e-02,4.220156e-01
7.682484e-02,2.751088e-02,1.153815e-02,8.168865e-03,1.617805e-02,8.879784e-03,1.200704e-03,4.384262e-02,2.593698e-01,5.353381e-02,2.945036e-02,8.271241e-03,6.594753e-02,4.235148e-02,3.469319e-01
6.432284e-02,2.938112e-02,1.299451e-02,1.909520e-02,1.773209e-02,7.808711e-03,1.362170e-03,3.990467e-02,2.859876e-01,7.331917e-02,4.616856e-02,1.536958e-02,5.977632e-02,5.708536e-02,2.696921e-01
4.781222e-02,3.027845e-02,1.431140e-02,1.903186e-02,2.531896e-02,7.650146e-03,1.209422e-03,4.981136e-02,2.866482e-01,1.106875e-01,5.447469e-02,1.669921e-02,5.011793e-02,6.840422e-02,2.175445e-01
3.606687e-02,2.720746e-02,1.376517e-02,2.375005e-02,3.671046e-02,7.335790e-03,1.003796e-03,7.239477e-02,2.599268e-01,1.120737e-01,7.265089e-02,2.105692e-02,4.549061e-02,7.923324e-02,1.913335e-01
3.049228e-02,3.152988e-02,1.907389e-02,2.367071e-02,3.740588e-02,7.980075e-03,9.972584e-04,8.766532e-02,2.955816e-01,8.837189e-02,7.793657e-02,1.933277e-02,3.857199e-02,6.946904e-02,1.719209e-01
2.830541e-02,3.137023e-02,1.642953e-02,2.076448e-02,4.143180e-02,1.076609e-02,1.025519e-03,1.004087e-01,3.276038e-01,7.037374e-02,7.419418e-02,1.865896e-02,3.205937e-02,7.658713e-02,1.500210e-01
2.298273e-02,2.558523e-02,1.489281e-02,7.837992e-02,3.132546e-02,1.293731e-02,1.030151e-03,8.266155e-02,3.679479e-01,5.545177e-02,6.757752e-02,2.177473e-02,3.739193e-02,5.885070e-02,1.212102e-01
1.751943e-02,2.281722e-02,1.070925e-02,6.331822e-02,2.345567e-02,1.213080e-02,1.386345e-03,7.618143e-02,3.682400e-01,4.061081e-02,6.573111e-02,3.573266e-02,1.199536e-01,4.718109e-02,9.503233e-02
1.296911e-02,1.798230e-02,7.627587e-03,5.429748e-02,1.733771e-02,1.772118e-02,1.427834e-03,5.644871e-02,2.980831e-01,2.909827e-02,5.462441e-02,3.334622e-02,2.931046e-01,3.426110e-02,7.167034e-02
9.647645e-03,1.344866e-02,5.436836e-03,4.196898e-02,1.276278e-02,1.815058e-02,1.137767e-03,3.991184e-02,2.198524e-01,2.070636e-02,4.587160e-02,3.225109e-02,4.548088e-01,2.426571e-02,5.977890e-02
7.030715e-03,1.027199e-02,3.886306e-03,3.215908e-02,9.312527e-03,1.707865e-02,8.847201e-04,2.835391e-02,1.658809e-01,1.464551e-02,3.711960e-02,3.505797e-02,5.706744e-01,1.719401e-02,5.044965e-02
5.076058e-03,7.810368e-03,2.775752e-03,2.379153e-02,6.842121e-03,1.299926e-02,7.096446e-04,2.013804e-02,1.202455e-01,1.027727e-02,2.646205e-02,2.831290e-02,6.852157e-01,1.207870e-02,3.726508e-02
3.767212e-03,7.236598e-03,2.072863e-03,1.753051e-02,5.325213e-03,1.046002e-02,5.999759e-04,1.453637e-02,9.173930e-02,7.231519e-03,1.918475e-02,2.597000e-02,7.586547e-01,8.479160e-03,2.721185e-02
2.853453e-03,7.310401e-03,1.657637e-03,1.293616e-02,4.018025e-03,9.527504e-03,5.327514e-04,1.043773e-02,6.943413e-02,5.111559e-03,1.419461e-02,2.431442e-02,8.098441e-01,5.969701e-03,2.185792e-02
2.284080e-03,8.695397e-03,1.760992e-03,1.054788e-02,3.210291e-03,8.679398e-03,4.422554e-04,7.736907e-03,5.676775e-02,3.703704e-03,1.092738e-02,1.957072e-02,8.381159e-01,4.258065e-03,2.329935e-02
2.065086e-03,1.050380e-02,2.576511e-03,8.960076e-03,2.809827e-03,9.838793e-03,5.358557e-04,7.830688e-03,5.295566e-02,2.821835e-03,8.848099e-03,1.669930e-02,8.421500e-01,3.144633e-03,2.825988e-02
3.577639e-03,1.306970e-02,3.213590e-03,9.049725e-03,2.413279e-03,1.679181e-02,5.295990e-04,6.634671e-03,4.621635e-02,3.688337e-03,1.268037e-02,1.600633e-02,7.784955e-01,7.360494e-03,8.027259e-02
3.789022e-03,9.597744e-03,3.450313e-03,1.593593e-02,2.508081e-03,2.238539e-02,8.798511e-04,6.303287e-03,4.283281e-02,7.586831e-03,3.216670e-02,3.335064e-02,6.336062e-01,7.100330e-03,1.785069e-01
7.720217e-03,7.990714e-03,4.886982e-03,3.205090e-02,3.955318e-03,3.206588e-02,1.001117e-03,5.778327e-03,4.431559e-02,8.929278e-03,4.775861e-02,4.451410e-02,5.190838e-01,6.978417e-03,2.329708e-01
1.055214e-02,5.789173e-03,3.781896e-03,3.481119e-02,5.232692e-03,2.678630e-02,8.417381e-04,5.255334e-03,4.247981e-02,1.022203e-02,1.156926e-01,4.782005e-02,4.583714e-01,1.085580e-02,2.215079e-01
1.124771e-02,4.172051e-03,2.873179e-03,3.098918e-02,6.735694e-03,1.961960e-02,6.519455e-04,4.845647e-03,3.640400e-02,1.257513e-02,2.755827e-01,7.223342e-02,3.389975e-01,1.294208e-02,1.701302e-01
8.335437e-03,3.277939e-03,2.198488e-03,2.232557e-02,7.165446e-03,1.381806e-02,4.805255e-04,3.485517e-03,3.711864e-02,9.880937e-03,4.522026e-01,5.502293e-02,2.426447e-01,2.255216e-02,1.194911e-01
5.956864e-03,2.480781e-03,1.902707e-03,1.592789e-02,9.464363e-03,9.798447e-03,3.490367e-04,2.538459e-03,5.901390e-02,7.367250e-03,5.314702e-01,4.267692e-02,1.729432e-01,5.429725e-02,8.381277e-02
4.286409e-03,1.841725e-03,1.969857e-03,1.153304e-02,2.225914e-02,7.294888e-03,2.620761e-04,1.852939e-03,6.209373e-02,6.031502e-03,5.673573e-01,3.208001e-02,1.225022e-01,9.969798e-02,5.893715e-02
3.086972e-03,1.407938e-03,1.856343e-03,8.326505e-03,1.688004e-02,5.900895e-03,2.001540e-04,1.333842e-03,1.010389e-01,4.636760e-03,4.330836e-01,2.407848e-02,8.650340e-02,2.702369e-01,4.142918e-02
2.215647e-03,1.180302e-03,2.031712e-03,5.910801e-03,1.289201e-02,4.412730e-03,1.436009e-04,9.410684e-04,1.104765e-01,3.621826e-03,3.332143e-01,1.739407e-02,6.112053e-02,4.146320e-01,2.981278e-02
1.589738e-03,9.814646e-04,1.947855e-03,4.167031e-03,9.128821e-03,3.627056e-03,1.041989e-04,6.619902e-04,1.084535e-01,2.642752e-03,2.374025e-01,1.229352e-02,4.285806e-02,5.527361e-01,2.140542e-02
1.509828e-03,1.190131e-03,4.896809e-03,2.960783e-03,6.507256e-03,9.784247e-03,1.064920e-04,4.930727e-04,1.231100e-01,1.924673e-03,1.672301e-01,8.631570e-03,3.006086e-02,6.261788e-01,1.541532e-02
1.375771e-03,1.650411e-03,4.367945e-03,2.098205e-03,4.621509e-03,1.167939e-02,1.015210e-04,3.612959e-04,1.082829e-01,1.439827e-03,1.173033e-01,6.069092e-03,2.109562e-02,7.080708e-01,1.148249e-02
1.553086e-03,1.909345e-03,3.335463e-03,1.491955e-03,3.335220e-03,9.142900e-03,8.169180e-05,2.579423e-04,9.512289e-02,1.067871e-03,8.229648e-02,4.268151e-03,1.478490e-02,7.722319e-01,9.120118e-03
2.031708e-03,7.505911e-03,5.256151e-03,1.120120e-03,2.504604e-03,8.795358e-03,1.143223e-04,2.865982e-04,8.195461e-02,8.289585e-04,5.780657e-02,3.016037e-03,1.045196e-02,8.114091e-01,6.917867e-03
6.129581e-03,9.544913e-03,1.583452e-02,1.450028e-03,2.071083e-03,8.054120e-03,1.730273e-04,8.824724e-04,7.217221e-02,9.627098e-04,4.076482e-02,2.128140e-03,7.463293e-03,8.239542e-01,8.414798e-03
5.607887e-03,9.747528e-03,1.177493e-02,1.182025e-03,1.638439e-03,6.362864e-03,1.404185e-04,1.111008e-03,1.491335e-01,2.425368e-03,2.905811e-02,1.670796e-03,5.592654e-03,7.586160e-01,1.593842e-02
5.229899e-03,1.151846e-02,1.276701e-02,2.364443e-03,1.524110e-03,5.894036e-03,1.378773e-04,1.913896e-03,2.042062e-01,9.859473e-03,2.155174e-02,1.759763e-03,4.735278e-03,6.884844e-01,2.805342e-02
6.648984e-03,1.110698e-02,1.180998e-02,1.131764e-02,5.873747e-03,5.320039e-03,1.845819e-04,6.152528e-03,3.195767e-01,1.637154e-02,1.770823e-02,2.967996e-03,4.580683e-03,5.576414e-01,2.273897e-02
5.710295e-03,8.190004e-03,8.371479e-03,9.302188e-03,5.359975e-03,3.989001e-03,1.502871e-04,5.048405e-03,4.786543e-01,2.367222e-02,1.444197e-02,4.912394e-03,4.807621e-03,4.103129e-01,1.707698e-02
5.644454e-03,6.996853e-03,8.958345e-03,2.290251e-02,3.902770e-02,3.130445e-03,2.700859e-04,1.710299e-01,3.964938e-01,2.181924e-02,1.060142e-02,3.578535e-03,3.642596e-03,2.935858e-01,1.231840e-02
9.538628e-03,5.806678e-03,7.205159e-03,3.085137e-02,1.674278e-01,4.142015e-03,1.321953e-03,1.226418e-01,4.010563e-01,2.082212e-02,7.842815e-03,2.539997e-03,2.673948e-03,2.069569e-01,9.172495e-03
1.260133e-02,6.339489e-03,6.436015e-03,4.509751e-02,2.977800e-01,7.068533e-03,3.437148e-03,8.803482e-02,3.517976e-01,1.839407e-02,5.695985e-03,1.787444e-03,1.943569e-03,1.461650e-01,7.421456e-03
1.302684e-02,6.435771e-03,5.330403e-03,2.438921e-01,2.323133e-01,5.694300e-03,3.003669e-03,6.453088e-02,2.900011e-01,1.885878e-02,4.794593e-03,1.377207e-03,1.718531e-03,1.023655e-01,6.656999e-03
1.917917e-02,2.223138e-02,4.757225e-03,2.385686e-01,2.067936e-01,5.199949e-03,2.830428e-03,4.805646e-02,3.441257e-01,1.752496e-02,8.292667e-03,1.282552e-03,2.433917e-03,7.191910e-02,6.804307e-03
2.544082e-02,2.510146e-02,3.940536e-03,1.849643e-01,2.404018e-01,9.240178e-03,4.579903e-03,4.366340e-02,3.713998e-01,1.583931e-02,1.060315e-02,1.760460e-03,3.303144e-03,5.055992e-02,9.201856e-03
2.907776e-02,2.855700e-02,3.582646e-03,1.506029e-01,1.888384e-01,7.947256e-03,5.342749e-03,3.701378e-02,4.585135e-01,1.550836e-02,1.270973e-02,2.790790e-03,8.782679e-03,3.583281e-02,1.489975e-02
2.799712e-02,2.486917e-02,3.009805e-03,1.117864e-01,1.453909e-01,6.975802e-03,4.242701e-03,2.707874e-02,4.903376e-01,1.217027e-02,3.364172e-02,3.648536e-03,1.382929e-02,3.750511e-02,5.751693e-02
2.271018e-02,2.096814e-02,2.349386e-03,8.436818e-02,1.030471e-01,6.852027e-03,3.222943e-03,2.863182e-02,4.854906e-01,9.290715e-03,4.167241e-02,8.046034e-03,1.050505e-01,2.806517e-02,5.023494e-02
1.766096e-02,1.618730e-02,2.101638e-03,6.205835e-02,7.313023e-02,5.497834e-03,2.511975e-03,3.635915e-02,4.204620e-01,7.810533e-03,4.782809e-02,1.032962e-02,2.285098e-01,2.112745e-02,4.842512e-02
2.289357e-02,1.509835e-02,5.624582e-03,5.533946e-02,5.288215e-02,4.891294e-03,2.518394e-03,2.714751e-02,4.135961e-01,7.256023e-03,4.867074e-02,2.087758e-02,2.218429e-01,2.687033e-02,7.449106e-02
2.045340e-02,1.265009e-02,5.240491e-03,4.085935e-02,3.913338e-02,5.242924e-03,3.206778e-03,2.072590e-02,3.313414e-01,6.510826e-03,6.652761e-02,3.001973e-02,2.164949e-01,2.393274e-02,1.776604e-01
1.807647e-02,1.018701e-02,8.990170e-03,3.775645e-02,3.376689e-02,4.911545e-03,3.812124e-03,4.124137e-02,2.710108e-01,6.206108e-03,8.950301e-02,3.223682e-02,2.309051e-01,1.917644e-02,1.922197e-01
1.441710e-02,1.105402e-02,1.154455e-02,2.998682e-02,2.680945e-02,6.521268e-03,3.095507e-03,7.633486e-02,2.932412e-01,5.464616e-03,9.124877e-02,3.038406e-02,1.894397e-01,1.506393e-02,1.953942e-01
1.523332e-02,1.661426e-02,2.065986e-02,5.307418e-02,2.360084e-02,9.161165e-03,2.508136e-03,1.174702e-01,3.173351e-01,6.278151e-03,7.671733e-02,2.626310e-02,1.462052e-01,1.159095e-02,1.572882e-01
6.753051e-02,1.510734e-02,1.836981e-02,8.643816e-02,2.037663e-02,1.187197e-02,2.048170e-03,1.575011e-01,2.662578e-01,7.550037e-03,6.759874e-02,3.049536e-02,1.143297e-01,1.022048e-02,1.243042e-01
8.316906e-02,3.411763e-02,1.482008e-02,8.084472e-02,2.114014e-02,1.227294e-02,2.434639e-03,1.193086e-01,2.806183e-01,6.586971e-03,8.514664e-02,2.404514e-02,1.379424e-01,7.337028e-03,9.021574e-02
1.245662e-01,3.775068e-02,2.903532e-02,1.268029e-01,2.138312e-02,1.153485e-02,3.083498e-03,1.028239e-01,2.442077e-01,9.890748e-03,7.462075e-02,2.448585e-02,1.107466e-01,6.278958e-03,7.278889e-02
1.625306e-01,4.764776e-02,3.013027e-02,1.177023e-01,1.915183e-02,1.041134e-02,2.860149e-03,7.733411e-02,2.600682e-01,1.042719e-02,5.954928e-02,2.207075e-02,9.913870e-02,6.330810e-03,7.464673e-02
2.086258e-01,5.438720e-02,3.519360e-02,1.094595e-01,2.497534e-02,1.594613e-02,3.612294e-03,5.789929e-02,2.432771e-01,1.051893e-02,5.224986e-02,1.819853e-02,9.435754e-02,6.069774e-03,6.522914e-02
2.655713e-01,8.662006e-02,3.556293e-02,8.582622e-02,2.581083e-02,2.739427e-02,3.481545e-03,4.143159e-02,1.764118e-01,1.136597e-02,4.865304e-02,1.375210e-02,7.530812e-02,5.796456e-03,9.701379e-02
1.890469e-01,2.687400e-01,2.785089e-02,6.305900e-02,1.984921e-02,2.071943e-02,2.536389e-03,2.923149e-02,1.811159e-01,9.237116e-03,3.548668e-02,9.828534e-03,5.429150e-02,4.316369e-03,8.469056e-02
1.396206e-01,3.967475e-01,2.629817e-02,4.981380e-02,1.825957e-02,1.617016e-02,2.016088e-03,2.148885e-02,1.788249e-01,7.692656e-03,2.593749e-02,7.050828e-03,3.893162e-02,3.118338e-03,6.802949e-02
1.077581e-01,4.464160e-01,3.061091e-02,6.271720e-02,1.425100e-02,1.452777e-02,1.477459e-03,1.562076e-02,1.300560e-01,7.722863e-03,1.878415e-02,5.230501e-03,2.761316e-02,2.255408e-03,1.149588e-01
1.058095e-01,5.237923e-01,2.383074e-02,5.058660e-02,1.234217e-02,1.379371e-02,1.136681e-03,1.205375e-02,9.577878e-02,6.919397e-03,1.378638e-02,3.961074e-03,1.979327e-02,1.852140e-03,1.145636e-01
1.608049e-01,5.490354e-01,1.824835e-02,4.112768e-02,1.509042e-02,1.579762e-02,9.679839e-04,1.021013e-02,6.890206e-02,5.019276e-03,1.048086e-02,3.334218e-03,1.436319e-02,1.924691e-03,8.469315e-02
1.757331e-01,5.037853e-01,2.592463e-02,7.442403e-02,1.966988e-02,1.809762e-02,9.536672e-04,9.769915e-03,5.146657e-02,4.263478e-03,8.568203e-03,3.374344e-03,1.094965e-02,1.841716e-03,9.117791e-02
2.028599e-01,4.996644e-01,2.535583e-02,7.160705e-02,2.108315e-02,1.870080e-02,8.992040e-04,9.918667e-03,3.981389e-02,3.553811e-03,6.700350e-03,3.082798e-03,8.372976e-03,1.701948e-03,8.668526e-02
1.875073e-01,4.560538e-01,2.535396e-02,5.814360e-02,1.793211e-02,1.481788e-02,7.744140e-04,7.622592e-03,3.285852e-02,5.461422e-03,5.598878e-03,2.828762e-03,6.783385e-03,1.900807e-03,1.763625e-01
1.751021e-01,3.737844e-01,2.566209e-02,6.199382e-02,1.602921e-02,1.284245e-02,9.281921e-04,5.561016e-03,3.097072e-02,1.061972e-02,4.989838e-03,2.535755e-03,5.339758e-03,2.105844e-03,2.715351e-01
1.354099e-01,3.000063e-01,7.929959e-02,1.376441e-01,1.233396e-02,9.741277e-03,8.114656e-04,3.996974e-03,2.783809e-02,1.274183e-02,4.169440e-03,2.095283e-03,4.023572e-03,1.773138e-03,2.681150e-01
1.913866e-01,2.397789e-01,1.117580e-01,1.780532e-01,1.723354e-02,9.277509e-03,1.468466e-03,4.448927e-03,2.491575e-02,1.054920e-02,4.313047e-03,2.665941e-03,4.046545e-03,1.728837e-03,1.983756e-01
2.973173e-01,1.956801e-01,1.051881e-01,1.466167e-01,3.203723e-02,1.559781e-02,2.132339e-03,4.298044e-03,2.327432e-02,7.933022e-03,4.714514e-03,3.520487e-03,4.861385e-03,2.341980e-03,1.544867e-01
3.296393e-01,1.884342e-01,9.037305e-02,1.677298e-01,2.983615e-02,1.464875e-02,2.551451e-03,4.865850e-03,1.909501e-02,6.208051e-03,4.946508e-03,5.838191e-03,5.207632e-03,3.441796e-03,1.271844e-01
3.053722e-01,1.411210e-01,6.850061e-02,2.963941e-01,2.922385e-02,1.216347e-02,2.040483e-03,7.889358e-03,1.492010e-02,4.990563e-03,7.687785e-03,6.851912e-03,5.130433e-03,3.975853e-03,9.373828e-02
2.417566e-01,1.212313e-01,1.649589e-01,2.354530e-01,2.265253e-02,1.067373e-02,1.668751e-03,6.373644e-03,1.777172e-02,6.432819e-03,1.091374e-02,6.226846e-03,4.171936e-03,5.071177e-02,9.900260e-02
3.037950e-01,9.495506e-02,1.520774e-01,1.883520e-01,2.324845e-02,1.931576e-02,1.648538e-03,1.271628e-02,1.451613e-02,5.272573e-03,1.179536e-02,5.719439e-03,4.205024e-03,7.976902e-02,8.261389e-02
3.706591e-01,7.740672e-02,1.293357e-01,1.442866e-01,1.955782e-02,2.455823e-02,1.571188e-03,1.085045e-02,1.443828e-02,6.224746e-03,1.101692e-02,6.894702e-03,5.510141e-03,9.689906e-02,8.079018e-02
2.961952e-01,6.609176e-02,1.820312e-01,1.678459e-01,1.978966e-02,1.889571e-02,1.360025e-03,8.657949e-03,3.598038e-02,8.080773e-03,1.167710e-02,5.882705e-03,4.641289e-03,9.025549e-02,8.261465e-02
2.105192e-01,5.738154e-02,1.379433e-01,1.189800e-01,1.413491e-02,1.437720e-02,1.029580e-03,6.104673e-03,3.525592e-02,1.032847e-02,8.879991e-03,4.263745e-03,3.538964e-03,1.189212e-01,2.583413e-01
1.507256e-01,4.747554e-02,1.124128e-01,9.726296e-02,1.153230e-02,1.163513e-02,7.939059e-04,4.549153e-03,7.629035e-02,1.583426e-02,7.374125e-03,3.326868e-03,2.675540e-03,1.536642e-01,3.044472e-01
1.722654e-01,4.552410e-02,1.071206e-01,9.107434e-02,1.008331e-02,1.516606e-02,6.974269e-04,4.150796e-03,6.154094e-02,2.589772e-02,7.986572e-03,3.166404e-03,2.818179e-03,1.604336e-01,2.920746e-01
1.285698e-01,3.475258e-02,8.589218e-02,6.753539e-02,7.341936e-03,1.226984e-02,5.329695e-04,2.942731e-03,6.845768e-02,2.693878e-02,8.592893e-03,2.575940e-03,2.939858e-03,1.749495e-01,3.757080e-01
9.727126e-02,3.189593e-02,7.136248e-02,8.312230e-02,5.869227e-03,9.593770e-03,4.501210e-04,2.527463e-03,9.388721e-02,2.913228e-02,7.991577e-03,2.124408e-03,2.450732e-03,1.309783e-01,4.313429e-01
7.472434e-02,2.407449e-02,5.132009e-02,6.081986e-02,4.448883e-03,7.507353e-03,3.479975e-04,1.825083e-03,7.687974e-02,2.812451e-02,6.613056e-03,1.631129e-03,2.416524e-03,1.432807e-01,5.159861e-01
9.095031e-02,3.322271e-02,4.895697e-02,1.119194e-01,6.330456e-03,1.073774e-02,5.418605e-04,1.915684e-03,7.912505e-02,2.405006e-02,7.165710e-03,1.906221e-03,2.761533e-03,1.176812e-01,4.627351e-01
1.528087e-01,4.846306e-02,5.290603e-02,1.175859e-01,5.542994e-03,9.816615e-03,7.088592e-04,1.774129e-03,7.848106e-02,2.109936e-02,7.418646e-03,2.279168e-03,2.681608e-03,9.867495e-02,3.997589e-01
1.584017e-01,5.995511e-02,5.133346e-02,1.032699e-01,5.617123e-03,9.446332e-03,8.430859e-04,1.732043e-03,7.863628e-02,2.568275e-02,6.667187e-03,2.278446e-03,2.703306e-03,9.219662e-02,4.012366e-01
2.846453e-01,5.118024e-02,4.828091e-02,8.425329e-02,9.100398e-03,9.567436e-03,9.378482e-04,2.016419e-03,6.053814e-02,1.883455e-02,6.874777e-03,2.625840e-03,3.043576e-03,7.668541e-02,3.414158e-01
2.729805e-01,6.386164e-02,4.009996e-02,1.026933e-01,1.307991e-02,1.092246e-02,1.578606e-03,2.867206e-03,5.654813e-02,1.469143e-02,7.391877e-03,3.426568e-03,4.142578e-03,5.838326e-02,3.473325e-01
4.149430e-01,5.666016e-02,3.157184e-02,9.051156e-02,1.305922e-02,9.799135e-03,1.905750e-03,5.179536e-03,4.309039e-02,1.083177e-02,8.347423e-03,4.933177e-03,4.859705e-03,4.268614e-02,2.616212e-01
3.240007e-01,4.739629e-02,2.392075e-02,7.769809e-02,1.227903e-02,2.139756e-01,1.817470e-03,4.989355e-03,3.490598e-02,1.146836e-02,1.290043e-02,4.452595e-03,4.470570e-03,3.175320e-02,1.939716e-01
2.418937e-01,3.731112e-02,1.778975e-02,5.583667e-02,9.625500e-03,4.093422e-01,1.368769e-03,4.595798e-03,2.569058e-02,1.406144e-02,1.080902e-02,3.244881e-03,3.403156e-03,2.300110e-02,1.420263e-01
1.881275e-01,3.098007e-02,1.345082e-02,4.109684e-02,8.006867e-03,5.222717e-01,1.304227e-03,5.193585e-03,2.001110e-02,1.988843e-02,1.171926e-02,2.467091e-03,3.115316e-03,1.905367e-02,1.133136e-01
1.397086e-01,2.601611e-02,1.069226e-02,2.978770e-02,6.190889e-03,5.825746e-01,1.061810e-03,4.413107e-03,1.926041e-02,3.829235e-02,1.435616e-02,1.874032e-03,2.726748e-03,1.941891e-02,1.036263e-01
9.821589e-02,1.893540e-02,7.817916e-03,2.122695e-02,4.426090e-03,5.249286e-01,9.741014e-04,3.616338e-03,2.975958e-02,2.860806e-02,8.805262e-02,2.241275e-03,2.872659e-03,8.990870e-02,7.841586e-02
6.888982e-02,1.356481e-02,5.607540e-03,1.494605e-02,3.206201e-03,3.806482e-01,9.361519e-04,2.974730e-03,3.346865e-02,2.533318e-02,1.790461e-01,2.099353e-03,2.932428e-03,2.080626e-01,5.828416e-02
4.832634e-02,1.000996e-02,4.036703e-03,1.057026e-02,2.416330e-03,2.705361e-01,9.080472e-04,2.430404e-03,5.092068e-02,2.271700e-02,2.151430e-01,2.728879e-03,3.308301e-03,3.097622e-01,4.618577e-02
3.387358e-02,7.240102e-03,2.920425e-03,7.474556e-03,1.886407e-03,1.896366e-01,7.354778e-04,1.843179e-03,8.468126e-02,1.737430e-02,2.533846e-01,2.680824e-03,2.925632e-03,3.602126e-01,3.313048e-02
2.373787e-02,5.171771e-03,2.097317e-03,5.311287e-03,1.507912e-03,1.328289e-01,6.100746e-04,1.436675e-03,8.345412e-02,1.293552e-02,2.731504e-01,2.578019e-03,2.369775e-03,4.291075e-01,2.370282e-02
1.661877e-02,3.674471e-03,1.509360e-03,3.734917e-03,1.331722e-03,9.301081e-02,4.389043e-04,1.015424e-03,6.167573e-02,9.189264e-03,2.539494e-01,3.128234e-03,1.679660e-03,5.324276e-01,1.661568e-02
1.163459e-02,2.646307e-03,1.094403e-03,2.631868e-03,1.386711e-03,6.512990e-02,3.132564e-04,7.164875e-04,5.616479e-02,6.613068e-03,2.212867e-01,3.033942e-03,1.192484e-03,6.144997e-01,1.165576e-02
8.145401e-03,1.876361e-03,7.861681e-04,1.855199e-03,1.084902e-03,4.560280e-02,2.222070e-04,5.040998e-04,4.396262e-02,4.816507e-03,1.827993e-01,2.558623e-03,8.424055e-04,6.967635e-01,8.179914e-03
5.703548e-03,1.370702e-03,5.669194e-04,1.307716e-03,8.038349e-04,3.195174e-02,1.563970e-04,3.549159e-04,4.184537e-02,3.624007e-03,1.696856e-01,2.094257e-03,6.006255e-04,7.341791e-01,5.755361e-03
3.993744e-03,1.089901e-03,4.560884e-04,9.255147e-04,6.038245e-04,2.239809e-02,1.099255e-04,2.497726e-04,5.444089e-02,2.681150e-03,1.509812e-01,1.812942e-03,4.333789e-04,7.557753e-01,4.048444e-03
2.797455e-03,1.138488e-03,3.905898e-04,6.727319e-04,4.486374e-04,1.582368e-02,7.764868e-05,1.768839e-04,1.155907e-01,1.950779e-03,1.263588e-01,1.379979e-03,3.126817e-04,7.300068e-01,2.874123e-03
1.962217e-03,1.431901e-03,3.591903e-04,5.552697e-04,3.546097e-04,1.144738e-02,5.574524e-05,1.265926e-04,2.119491e-01,1.574559e-03,1.066868e-01,1.087165e-03,2.338061e-04,6.601267e-01,2.048949e-03
1.377998e-03,1.632275e-03,3.548062e-04,4.393546e-04,2.863712e-04,8.188026e-03,3.992540e-05,9.407995e-05,2.547654e-01,1.235979e-03,8.294336e-02,8.768681e-04,1.716087e-04,6.461163e-01,1.477683e-03
9.801905e-04,1.291178e-03,2.828016e-04,4.718183e-04,2.309353e-04,6.244391e-03,3.064967e-05,9.186407e-05,3.010306e-01,1.178980e-03,6.822027e-02,7.350151e-04,1.342732e-04,6.180047e-01,1.072368e-03
7.073887e-04,1.207733e-03,2.307898e-04,4.214960e-04,1.777661e-04,5.067537e-03,2.361952e-05,7.324817e-05,3.634501e-01,1.166478e-03,5.822985e-02,6.875051e-04,1.063869e-04,5.676363e-01,8.139187e-04
5.460538e-04,9.184558e-04,1.895095e-04,4.364735e-04,1.350399e-04,3.774539e-03,1.822977e-05,5.877724e-05,3.772586e-01,1.208338e-03,4.881610e-02,5.724182e-04,8.084947e-05,5.653499e-01,6.366922e-04
4.872923e-04,1.169206e-03,3.049325e-04,6.001933e-04,1.817623e-04,2.953656e-03,1.635301e-05,7.514341e-05,4.777763e-01,1.142189e-03,3.784915e-02,4.564138e-04,6.773329e-05,4.763463e-01,5.733211e-04
5.026265e-04,8.961315e-04,2.819647e-04,5.316219e-04,2.012192e-04,2.246755e-03,1.295435e-05,6.174829e-05,5.664380e-01,8.667464e-04,2.742588e-02,3.536135e-04,5.055957e-05,3.996097e-01,5.205323e-04
8.436788e-04,8.911949e-04,1.488996e-03,2.584263e-03,7.897887e-04,1.891231e-03,1.318359e-05,1.624220e-04,6.677694e-01,7.669959e-04,2.010064e-02,2.589162e-04,4.866125e-05,3.018450e-01,5.455418e-04
1.424978e-03,9.218277e-04,1.900793e-03,3.034383e-03,1.206107e-03,1.476937e-03,1.187726e-05,2.471140e-04,7.423464e-01,7.424873e-04,1.458246e-02,1.888817e-04,4.304485e-05,2.312960e-01,5.767470e-04
3.337282e-03,8.231125e-04,3.100319e-03,3.808453e-03,1.554812e-03,1.738253e-03,1.324277e-05,4.585311e-04,8.006616e-01,6.398188e-04,1.071046e-02,1.447836e-04,3.842193e-05,1.721728e-01,7.981603e-04
8.887889e-03,1.068080e-03,4.128688e-03,3.899025e-03,2.596136e-03,1.597775e-03,1.318132e-05,1.488788e-03,8.301953e-01,5.300462e-04,1.042902e-02,2.474698e-04,5.604413e-05,1.334807e-01,1.381927e-03
1.086275e-02,8.925953e-04,3.607376e-03,2.834726e-03,3.539653e-03,1.353135e-03,1.091287e-05,1.359091e-03,8.664055e-01,4.867586e-04,8.154693e-03,2.109983e-04,5.588143e-05,9.915105e-02,1.074840e-03
1.061141e-02,6.837345e-04,3.158894e-03,2.065498e-03,3.809686e-03,1.292871e-03,1.014525e-05,1.047130e-03,8.917981e-01,3.814259e-04,9.716601e-03,1.980099e-04,5.918606e-05,7.436734e-02,7.999214e-04
1.086897e-02,5.407422e-04,2.459117e-03,1.560619e-03,3.552169e-03,1.300802e-03,1.178881e-05,1.053208e-03,9.026953e-01,3.559733e-04,1.702510e-02,1.982329e-04,6.608767e-05,5.761189e-02,7.000405e-04
1.467638e-02,8.279664e-04,4.093495e-03,3.435525e-03,3.656519e-03,2.015564e-03,2.937902e-05,1.208628e-03,8.997046e-01,3.792319e-04,2.331456e-02,2.103428e-04,7.869749e-05,4.501051e-02,1.358732e-03
2.024555e-02,8.694689e-04,4.921203e-03,5.588417e-03,3.274243e-03,1.928186e-03,5.906182e-05,1.769742e-03,8.654943e-01,4.137239e-04,5.458157e-02,2.216060e-04,8.147891e-05,3.883492e-02,1.716579e-03
2.419110e-02,7.208261e-04,3.960398e-03,4.257916e-03,2.585577e-03,1.728269e-03,5.944358e-05,1.473893e-03,8.559134e-01,5.597039e-04,6.425299e-02,2.317107e-04,8.643848e-05,3.794932e-02,2.029025e-03
4.662174e-02,3.087888e-03,9.540377e-03,1.876784e-02,5.490343e-03,2.489776e-03,1.478841e-04,1.585713e-03,7.392200e-01,7.636286e-04,9.140294e-02,7.908423e-04,2.020119e-04,7.463323e-02,5.255762e-03
6.382129e-02,4.175551e-03,1.108486e-02,1.496624e-02,5.948322e-03,2.956803e-03,1.824366e-04,1.443943e-03,6.438128e-01,1.455358e-03,8.500933e-02,9.966758e-04,2.661083e-04,1.473538e-01,1.652657e-02
7.317577e-02,6.014247e-03,1.003755e-02,1.793219e-02,1.214904e-02,4.777282e-03,3.843849e-04,1.292318e-03,5.908020e-01,1.450117e-03,1.044344e-01,1.346463e-03,4.159318e-04,1.589178e-01,1.687054e-02
1.081822e-01,7.698006e-03,8.584185e-03,2.180726e-02,1.573912e-02,7.661568e-03,4.968658e-04,1.250110e-03,5.355572e-01,1.393212e-03,8.555789e-02,1.280268e-03,5.123001e-04,1.890230e-01,1.525691e-02
1.277861e-01,7.987920e-03,7.203457e-03,1.688810e-02,1.340261e-02,8.694056e-03,4.165553e-04,1.016482e-03,5.811722e-01,1.428801e-03,6.376825e-02,1.202455e-03,5.250613e-04,1.551765e-01,1.333144e-02
2.039490e-01,1.216054e-02,1.137321e-02,1.708617e-02,1.559688e-02,1.008046e-02,5.178570e-04,1.430824e-03,5.244746e-01,1.384153e-03,5.988114e-02,2.391374e-03,1.119476e-03,1.257086e-01,1.284563e-02
2.837707e-01,1.691185e-02,9.637683e-03,1.544182e-02,1.406782e-02,1.061807e-02,6.916123e-04,1.608186e-03,4.792984e-01,1.652733e-03,4.500285e-02,4.114740e-03,1.691390e-03,1.001783e-01,1.531386e-02
