1.000000e+00,0.000000e+00,0.000000e+00,0.000000e+00,0.000000e+00,0.000000e+00,0.000000e+00,0.000000e+00,0.000000e+00,0.000000e+00,0.000000e+00,0.000000e+00,0.000000e+00,0.000000e+00,0.000000e+00
1.000000e+00,0.000000e+00,0.000000e+00,0.000000e+00,0.000000e+00,0.000000e+00,0.000000e+00,0.000000e+00,0.000000e+00,0.000000e+00,0.000000e+00,0.000000e+00,0.000000e+00,0.000000e+00,0.000000e+00
1.000000e+00,0.000000e+00,0.000000e+00,0.000000e+00,0.000000e+00,0.000000e+00,0.000000e+00,0.000000e+00,0.000000e+00,0.000000e+00,0.000000e+00,0.000000e+00,0.000000e+00,0.000000e+00,0.000000e+00
1.000000e+00,0.000000e+00,0.000000e+00,0.000000e+00,0.000000e+00,0.000000e+00,0.000000e+00,0.000000e+00,0.000000e+00,0.000000e+00,0.000000e+00,0.000000e+00,0.000000e+00,0.000000e+00,0.000000e+00
1.000000e+00,0.000000e+00,0.000000e+00,0.000000e+00,0.000000e+00,0.000000e+00,0.000000e+00,0.000000e+00,0.000000e+00,0.000000e+00,0.000000e+00,0.000000e+00,0.000000e+00,0.000000e+00,0.000000e+00
1.000000e+00,0.000000e+00,0.000000e+00,0.000000e+00,0.000000e+00,0.000000e+00,0.000000e+00,0.000000e+00,0.000000e+00,0.000000e+00,0.000000e+00,0.000000e+00,0.000000e+00,0.000000e+00,0.000000e+00
1.000000e+00,0.000000e+00,0.000000e+00,0.000000e+00,0.000000e+00,0.000000e+00,0.000000e+00,0.000000e+00,0.000000e+00,0.000000e+00,0.000000e+00,0.000000e+00,0.000000e+00,0.000000e+00,0.000000e+00
1.000000e+00,0.000000e+00,0.000000e+00,0.000000e+00,0.000000e+00,0.000000e+00,0.000000e+00,0.000000e+00,0.000000e+00,0.000000e+00,0.000000e+00,0.000000e+00,0.000000e+00,0.000000e+00,0.000000e+00
1.000000e+00,0.000000e+00,0.000000e+00,0.000000e+00,0.000000e+00,0.000000e+00,0.000000e+00,0.000000e+00,0.000000e+00,0.000000e+00,0.000000e+00,0.000000e+00,0.000000e+00,0.000000e+00,0.000000e+00
1.000000e+00,0.000000e+00,0.000000e+00,0.000000e+00,0.000000e+00,0.000000e+00,0.000000e+00,0.000000e+00,0.000000e+00,0.000000e+00,0.000000e+00,0.000000e+00,0.000000e+00,0.000000e+00,0.000000e+00
1.000000e+00,0.000000e+00,0.000000e+00,0.000000e+00,0.000000e+00,0.000000e+00,0.000000e+00,0.000000e+00,0.000000e+00,0.000000e+00,0.000000e+00,0.000000e+00,0.000000e+00,0.000000e+00,0.000000e+00
1.000000e+00,0.000000e+00,0.000000e+00,0.000000e+00,0.000000e+00,0.000000e+00,0.000000e+00,0.000000e+00,0.000000e+00,0.000000e+00,0.000000e+00,0.000000e+00,0.000000e+00,0.000000e+00,0.000000e+00
1.000000e+00,0.000000e+00,0.000000e+00,0.000000e+00,0.000000e+00,0.000000e+00,0.000000e+00,0.000000e+00,0.000000e+00,0.000000e+00,0.000000e+00,0.000000e+00,0.000000e+00,0.000000e+00,0.000000e+00
1.000000e+00,0.000000e+00,0.000000e+00,0.000000e+00,0.000000e+00,0.000000e+00,0.000000e+00,0.000000e+00,0.000000e+00,0.000000e+00,0.000000e+00,0.000000e+00,0.000000e+00,0.000000e+00,0.000000e+00
1.000000e+00,0.000000e+00,0.000000e+00,0.000000e+00,0.000000e+00,0.000000e+00,0.000000e+00,0.000000e+00,0.000000e+00,0.000000e+00,0.000000e+00,0.000000e+00,0.000000e+00,0.000000e+00,0.000000e+00
1.000000e+00,0.000000e+00,0.000000e+00,0.000000e+00,0.000000e+00,0.000000e+00,0.000000e+00,0.000000e+00,0.000000e+00,0.000000e+00,0.000000e+00,0.000000e+00,0.000000e+00,0.000000e+00,0.000000e+00
1.000000e+00,0.000000e+00,0.000000e+00,0.000000e+00,0.000000e+00,0.000000e+00,0.000000e+00,0.000000e+00,0.000000e+00,0.000000e+00,0.000000e+00,0.000000e+00,0.000000e+00,0.000000e+00,0.000000e+00
1.000000e+00,0.000000e+00,0.000000e+00,0.000000e+00,0.000000e+00,0.000000e+00,0.000000e+00,0.000000e+00,0.000000e+00,0.000000e+00,0.000000e+00,0.000000e+00,0.000000e+00,0.000000e+00,0.000000e+00
1.000000e+00,0.000000e+00,0.000000e+00,0.000000e+00,0.000000e+00,0.000000e+00,0.000000e+00,0.000000e+00,0.000000e+00,0.000000e+00,0.000000e+00,0.000000e+00,0.000000e+00,0.000000e+00,0.000000e+00
1.000000e+00,0.000000e+00,0.000000e+00,0.000000e+00,0.000000e+00,0.000000e+00,0.000000e+00,0.000000e+00,0.000000e+00,0.000000e+00,0.000000e+00,0.000000e+00,0.000000e+00,0.000000e+00,0.000000e+00
1.000000e+00,0.000000e+00,0.000000e+00,0.000000e+00,0.000000e+00,0.000000e+00,0.000000e+00,0.000000e+00,0.000000e+00,0.000000e+00,0.000000e+00,0.000000e+00,0.000000e+00,0.000000e+00,0.000000e+00
1.000000e+00,0.000000e+00,0.000000e+00,0.000000e+00,0.000000e+00,0.000000e+00,0.000000e+00,0.000000e+00,0.000000e+00,0.000000e+00,0.000000e+00,0.000000e+00,0.000000e+00,0.000000e+00,0.000000e+00
1.000000e+00,0.000000e+00,0.000000e+00,0.000000e+00,0.000000e+00,0.000000e+00,0.000000e+00,0.000000e+00,0.000000e+00,0.000000e+00,0.000000e+00,0.000000e+00,0.000000e+00,0.000000e+00,0.000000e+00
1.000000e+00,0.000000e+00,0.000000e+00,0.000000e+00,0.000000e+00,0.000000e+00,0.000000e+00,0.000000e+00,0.000000e+00,0.000000e+00,0.000000e+00,0.000000e+00,0.000000e+00,0.000000e+00,0.000000e+00
1.000000e+00,0.000000e+00,0.000000e+00,0.000000e+00,0.000000e+00,0.000000e+00,0.000000e+00,0.000000e+00,0.000000e+00,0.000000e+00,0.000000e+00,0.000000e+00,0.000000e+00,0.000000e+00,0.000000e+00
1.000000e+00,0.000000e+00,0.000000e+00,0.000000e+00,0.000000e+00,0.000000e+00,0.000000e+00,0.000000e+00,0.000000e+00,0.000000e+00,0.000000e+00,0.000000e+00,0.000000e+00,0.000000e+00,0.000000e+00
1.000000e+00,0.000000e+00,0.000000e+00,0.000000e+00,0.000000e+00,0.000000e+00,0.000000e+00,0.000000e+00,0.000000e+00,0.000000e+00,0.000000e+00,0.000000e+00,0.000000e+00,0.000000e+00,0.000000e+00
1.000000e+00,0.000000e+00,0.000000e+00,0.000000e+00,0.000000e+00,0.000000e+00,0.000000e+00,0.000000e+00,0.000000e+00,0.000000e+00,0.000000e+00,0.000000e+00,0.000000e+00,0.000000e+00,0.000000e+00
1.000000e+00,0.000000e+00,0.000000e+00,0.000000e+00,0.000000e+00,0.000000e+00,0.000000e+00,0.000000e+00,0.000000e+00,0.000000e+00,0.000000e+00,0.000000e+00,0.000000e+00,0.000000e+00,0.000000e+00
1.000000e+00,0.000000e+00,0.000000e+00,0.000000e+00,0.000000e+00,0.000000e+00,0.000000e+00,0.000000e+00,0.000000e+00,0.000000e+00,0.000000e+00,0.000000e+00,0.000000e+00,0.000000e+00,0.000000e+00
1.000000e+00,0.000000e+00,0.000000e+00,0.000000e+00,0.000000e+00,0.000000e+00,0.000000e+00,0.000000e+00,0.000000e+00,0.000000e+00,0.000000e+00,0.000000e+00,0.000000e+00,0.000000e+00,0.000000e+00
1.000000e+00,0.000000e+00,0.000000e+00,0.000000e+00,0.000000e+00,0.000000e+00,0.000000e+00,0.000000e+00,0.000000e+00,0.000000e+00,0.000000e+00,0.000000e+00,0.000000e+00,0.000000e+00,0.000000e+00
1.000000e+00,0.000000e+00,0.000000e+00,0.000000e+00,0.000000e+00,0.000000e+00,0.000000e+00,0.000000e+00,0.000000e+00,0.000000e+00,0.000000e+00,0.000000e+00,0.000000e+00,0.000000e+00,0.000000e+00
1.000000e+00,0.000000e+00,0.000000e+00,0.000000e+00,0.000000e+00,0.000000e+00,0.000000e+00,0.000000e+00,0.000000e+00,0.000000e+00,0.000000e+00,0.000000e+00,0.000000e+00,0.000000e+00,0.000000e+00
1.000000e+00,0.000000e+00,0.000000e+00,0.000000e+00,0.000000e+00,0.000000e+00,0.000000e+00,0.000000e+00,0.000000e+00,0.000000e+00,0.000000e+00,0.000000e+00,0.000000e+00,0.000000e+00,0.000000e+00
1.000000e+00,0.000000e+00,0.000000e+00,0.000000e+00,0.000000e+00,0.000000e+00,0.000000e+00,0.000000e+00,0.000000e+00,0.000000e+00,0.000000e+00,0.000000e+00,0.000000e+00,0.000000e+00,0.000000e+00
4.845710e-01,2.657301e-02,4.808684e-02,8.605126e-02,4.895746e-03,2.517946e-02,3.689003e-03,1.562448e-02,5.068613e-02,4.633904e-03,1.028413e-01,3.298566e-02,1.002775e-02,4.323141e-02,6.092297e-02
1.000000e+00,0.000000e+00,0.000000e+00,0.000000e+00,0.000000e+00,0.000000e+00,0.000000e+00,0.000000e+00,0.000000e+00,0.000000e+00,0.000000e+00,0.000000e+00,0.000000e+00,0.000000e+00,0.000000e+00
1.000000e+00,0.000000e+00,0.000000e+00,0.000000e+00,0.000000e+00,0.000000e+00,0.000000e+00,0.000000e+00,0.000000e+00,0.000000e+00,0.000000e+00,0.000000e+00,0.000000e+00,0.000000e+00,0.000000e+00
1.000000e+00,0.000000e+00,0.000000e+00,0.000000e+00,0.000000e+00,0.000000e+00,0.000000e+00,0.000000e+00,0.000000e+00,0.000000e+00,0.000000e+00,0.000000e+00,0.000000e+00,0.000000e+00,0.000000e+00
4.815296e-01,4.585256e-02,6.000895e-02,1.130368e-01,7.458028e-03,1.968164e-02,4.427953e-03,2.118429e-02,2.846473e-02,4.569766e-03,6.650812e-02,3.296681e-02,1.462728e-02,3.356552e-02,6.611787e-02
1.000000e+00,0.000000e+00,0.000000e+00,0.000000e+00,0.000000e+00,0.000000e+00,0.000000e+00,0.000000e+00,0.000000e+00,0.000000e+00,0.000000e+00,0.000000e+00,0.000000e+00,0.000000e+00,0.000000e+00
1.000000e+00,0.000000e+00,0.000000e+00,0.000000e+00,0.000000e+00,0.000000e+00,0.000000e+00,0.000000e+00,0.000000e+00,0.000000e+00,0.000000e+00,0.000000e+00,0.000000e+00,0.000000e+00,0.000000e+00
1.000000e+00,0.000000e+00,0.000000e+00,0.000000e+00,0.000000e+00,0.000000e+00,0.000000e+00,0.000000e+00,0.000000e+00,0.000000e+00,0.000000e+00,0.000000e+00,0.000000e+00,0.000000e+00,0.000000e+00
1.000000e+00,0.000000e+00,0.000000e+00,0.000000e+00,0.000000e+00,0.000000e+00,0.000000e+00,0.000000e+00,0.000000e+00,0.000000e+00,0.000000e+00,0.000000e+00,0.000000e+00,0.000000e+00,0.000000e+00
1.000000e+00,0.000000e+00,0.000000e+00,0.000000e+00,0.000000e+00,0.000000e+00,0.000000e+00,0.000000e+00,0.000000e+00,0.000000e+00,0.000000e+00,0.000000e+00,0.000000e+00,0.000000e+00,0.000000e+00
1.000000e+00,0.000000e+00,0.000000e+00,0.000000e+00,0.000000e+00,0.000000e+00,0.000000e+00,0.000000e+00,0.000000e+00,0.000000e+00,0.000000e+00,0.000000e+00,0.000000e+00,0.000000e+00,0.000000e+00
1.000000e+00,0.000000e+00,0.000000e+00,0.000000e+00,0.000000e+00,0.000000e+00,0.000000e+00,0.000000e+00,0.000000e+00,0.000000e+00,0.000000e+00,0.000000e+00,0.000000e+00,0.000000e+00,0.000000e+00
1.000000e+00,0.000000e+00,0.000000e+00,0.000000e+00,0.000000e+00,0.000000e+00,0.000000e+00,0.000000e+00,0.000000e+00,0.000000e+00,0.000000e+00,0.000000e+00,0.000000e+00,0.000000e+00,0.000000e+00
1.000000e+00,0.000000e+00,0.000000e+00,0.000000e+00,0.000000e+00,0.000000e+00,0.000000e+00,0.000000e+00,0.000000e+00,0.000000e+00,0.000000e+00,0.000000e+00,0.000000e+00,0.000000e+00,0.000000e+00
1.000000e+00,0.000000e+00,0.000000e+00,0.000000e+00,0.000000e+00,0.000000e+00,0.000000e+00,0.000000e+00,0.000000e+00,0.000000e+00,0.000000e+00,0.000000e+00,0.000000e+00,0.000000e+00,0.000000e+00
1.000000e+00,0.000000e+00,0.000000e+00,0.000000e+00,0.000000e+00,0.000000e+00,0.000000e+00,0.000000e+00,0.000000e+00,0.000000e+00,0.000000e+00,0.000000e+00,0.000000e+00,0.000000e+00,0.000000e+00
1.000000e+00,0.000000e+00,0.000000e+00,0.000000e+00,0.000000e+00,0.000000e+00,0.000000e+00,0.000000e+00,0.000000e+00,0.000000e+00,0.000000e+00,0.000000e+00,0.000000e+00,0.000000e+00,0.000000e+00
1.000000e+00,0.000000e+00,0.000000e+00,0.000000e+00,0.000000e+00,0.000000e+00,0.000000e+00,0.000000e+00,0.000000e+00,0.000000e+00,0.000000e+00,0.000000e+00,0.000000e+00,0.000000e+00,0.000000e+00
1.000000e+00,0.000000e+00,0.000000e+00,0.000000e+00,0.000000e+00,0.000000e+00,0.000000e+00,0.000000e+00,0.000000e+00,0.000000e+00,0.000000e+00,0.000000e+00,0.000000e+00,0.000000e+00,0.000000e+00
1.000000e+00,0.000000e+00,0.000000e+00,0.000000e+00,0.000000e+00,0.000000e+00,0.000000e+00,0.000000e+00,0.000000e+00,0.000000e+00,0.000000e+00,0.000000e+00,0.000000e+00,0.000000e+00,0.000000e+00
1.000000e+00,0.000000e+00,0.000000e+00,0.000000e+00,0.000000e+00,0.000000e+00,0.000000e+00,0.000000e+00,0.000000e+00,0.000000e+00,0.000000e+00,0.000000e+00,0.000000e+00,0.000000e+00,0.000000e+00
1.000000e+00,0.000000e+00,0.000000e+00,0.000000e+00,0.000000e+00,0.000000e+00,0.000000e+00,0.000000e+00,0.000000e+00,0.000000e+00,0.000000e+00,0.000000e+00,0.000000e+00,0.000000e+00,0.000000e+00
1.000000e+00,0.000000e+00,0.000000e+00,0.000000e+00,0.000000e+00,0.000000e+00,0.000000e+00,0.000000e+00,0.000000e+00,0.000000e+00,0.000000e+00,0.000000e+00,0.000000e+00,0.000000e+00,0.000000e+00
1.000000e+00,0.000000e+00,0.000000e+00,0.000000e+00,0.000000e+00,0.000000e+00,0.000000e+00,0.000000e+00,0.000000e+00,0.000000e+00,0.000000e+00,0.000000e+00,0.000000e+00,0.000000e+00,0.000000e+00
4.886682e-01,7.581532e-03,3.387370e-02,2.985691e-02,4.029708e-03,2.175328e-02,7.047934e-03,3.304743e-01,4.514395e-03,1.209930e-03,1.722481e-02,2.639329e-02,1.306268e-02,3.768459e-03,1.054088e-02
3.468803e-01,5.496269e-03,3.030552e-02,2.343734e-02,2.975164e-03,1.765049e-02,7.352732e-03,5.097767e-01,3.238508e-03,8.951363e-04,1.272778e-02,1.900485e-02,9.426584e-03,3.094612e-03,7.738022e-03
2.469906e-01,4.040587e-03,2.512002e-02,1.709464e-02,2.214392e-03,1.396825e-02,9.201360e-03,6.412292e-01,2.301870e-03,6.516615e-04,9.035761e-03,1.343919e-02,6.760670e-03,2.402520e-03,5.549256e-03
1.750435e-01,2.958480e-03,2.080718e-02,1.250126e-02,1.626924e-03,1.103943e-02,1.015313e-02,7.371516e-01,1.636550e-03,4.673849e-04,6.417297e-03,9.485011e-03,4.876061e-03,1.846787e-03,3.989410e-03
1.233318e-01,2.133077e-03,1.544107e-02,9.036310e-03,1.309386e-03,7.994719e-03,8.714773e-03,8.116419e-01,1.154463e-03,3.323869e-04,4.557577e-03,6.675122e-03,3.469625e-03,1.391123e-03,2.816601e-03
8.740389e-02,1.545824e-03,1.148334e-02,6.532055e-03,1.090958e-03,5.825080e-03,8.284888e-03,8.632511e-01,8.215399e-04,2.421108e-04,3.229473e-03,4.725269e-03,2.521251e-03,1.028582e-03,2.014630e-03
6.221816e-02,1.116533e-03,8.879395e-03,4.788538e-03,9.608036e-04,4.267477e-03,9.141475e-03,8.980221e-01,5.923352e-04,1.797194e-04,2.320186e-03,3.363473e-03,1.911525e-03,7.806576e-04,1.457652e-03
4.425677e-02,8.113956e-04,6.737198e-03,3.491605e-03,1.114701e-03,3.172523e-03,1.087744e-02,9.217564e-01,4.461969e-04,1.433397e-04,1.659481e-03,2.411162e-03,1.487693e-03,5.668879e-04,1.067182e-03
3.139974e-02,5.835244e-04,5.072641e-03,2.598802e-03,1.135884e-03,2.325879e-03,1.030863e-02,9.408664e-01,3.248268e-04,1.118228e-04,1.188025e-03,1.739971e-03,1.167319e-03,4.088681e-04,7.677253e-04
2.222276e-02,4.250829e-04,3.974814e-03,1.994016e-03,1.185345e-03,1.786056e-03,9.676041e-03,9.542710e-01,2.423481e-04,1.041061e-04,9.271851e-04,1.300689e-03,1.020464e-03,3.035836e-04,5.664835e-04
1.597615e-02,3.179135e-04,3.298865e-03,1.580542e-03,1.662136e-03,1.372521e-03,8.631278e-03,9.635681e-01,1.853640e-04,1.354438e-04,7.206175e-04,9.946282e-04,8.992770e-04,2.274224e-04,4.297476e-04
1.213924e-02,2.803526e-04,2.756484e-03,1.414593e-03,3.270685e-03,1.335357e-03,7.617174e-03,9.676909e-01,1.885777e-04,2.291632e-04,6.410906e-04,8.907646e-04,9.787537e-04,1.834997e-04,3.832953e-04
9.415268e-03,3.350422e-04,2.167213e-03,1.189947e-03,4.177619e-03,1.107389e-03,6.154226e-03,8.697252e-01,4.369308e-04,4.020218e-03,4.770558e-03,8.079290e-03,8.319870e-02,1.344649e-03,3.877751e-03
6.787965e-03,2.802841e-04,1.749421e-03,9.666772e-04,3.273655e-03,8.906968e-04,5.000851e-03,7.631594e-01,3.875965e-04,1.596592e-02,2.868325e-02,2.265622e-02,1.152462e-01,3.007375e-02,4.878113e-03
5.593578e-03,4.217414e-04,1.306022e-03,7.378629e-04,2.624742e-03,1.064859e-03,3.719074e-03,5.847798e-01,3.583971e-03,1.742069e-02,1.151451e-01,2.663548e-02,1.030835e-01,1.240330e-01,9.850658e-03
4.050093e-03,4.248978e-04,9.180980e-04,5.542643e-04,1.883698e-03,8.918094e-04,2.649368e-03,4.110941e-01,2.034137e-02,1.303750e-02,1.274935e-01,2.468996e-02,8.921386e-02,2.936649e-01,9.092623e-03
3.060974e-03,6.635424e-04,6.563552e-04,4.699797e-04,1.552429e-03,8.726174e-04,1.899087e-03,2.887460e-01,6.389160e-02,1.089129e-02,1.197724e-01,2.038947e-02,6.848592e-02,4.052885e-01,1.335984e-02
2.188029e-03,6.061841e-04,4.658763e-04,3.531372e-04,1.164776e-03,6.509467e-04,1.331782e-03,2.021937e-01,1.133252e-01,8.897068e-03,9.163934e-02,1.544541e-02,4.957356e-02,4.985794e-01,1.358560e-02
1.606744e-03,5.768621e-04,3.383567e-04,2.912495e-04,9.290918e-04,6.762816e-04,9.380043e-04,1.416252e-01,1.532023e-01,7.055521e-03,6.845775e-02,1.196496e-02,3.559187e-02,5.653970e-01,1.134888e-02
2.219262e-03,1.289098e-03,3.235327e-04,6.079400e-04,7.612780e-04,7.218863e-03,7.037862e-04,9.930836e-02,1.644300e-01,7.300895e-03,7.148793e-02,1.181441e-02,2.580914e-02,5.952218e-01,1.150380e-02
2.048172e-03,1.603366e-03,3.319121e-04,5.918086e-04,5.894708e-04,5.689928e-03,5.039287e-04,6.957342e-02,1.622179e-01,5.742076e-03,6.581993e-02,9.490975e-03,1.882383e-02,6.473246e-01,9.648769e-03
1.668536e-03,2.864379e-03,3.555615e-04,5.454546e-04,4.819683e-04,4.301342e-03,3.563149e-04,4.872598e-02,1.893944e-01,4.400160e-03,5.921677e-02,7.268783e-03,1.379352e-02,6.586398e-01,7.987042e-03
1.688565e-03,5.265752e-03,6.657239e-04,4.686186e-04,4.194346e-04,3.909264e-03,2.585741e-04,3.415236e-02,2.403231e-01,4.470814e-03,4.504612e-02,5.535251e-03,1.045523e-02,6.395268e-01,7.814461e-03
1.501418e-03,7.377581e-03,5.611377e-04,3.873815e-04,3.303012e-04,3.248269e-03,1.851995e-04,2.391138e-02,2.663372e-01,4.682225e-03,3.323570e-02,4.108859e-03,7.797104e-03,6.357264e-01,1.060990e-02
1.336994e-03,1.129149e-02,6.902772e-04,3.464682e-04,3.709246e-04,2.574173e-03,1.322949e-04,1.674144e-02,3.384094e-01,6.992284e-03,2.450155e-02,2.999580e-03,5.921636e-03,5.765752e-01,1.111633e-02
1.116110e-03,1.091773e-02,8.023650e-04,2.673053e-04,3.894759e-04,2.140688e-03,9.476491e-05,1.172209e-02,4.226031e-01,7.570575e-03,1.761140e-02,2.191010e-03,4.334168e-03,5.050468e-01,1.319241e-02
9.349611e-04,8.050356e-03,6.971722e-04,2.520576e-04,4.445282e-04,1.565974e-03,6.718774e-05,8.208015e-03,5.550061e-01,6.359235e-03,1.285292e-02,1.539948e-03,3.050181e-03,3.900211e-01,1.095023e-02
1.313058e-03,6.670012e-03,1.924875e-03,7.974079e-04,1.130341e-03,1.925201e-03,5.002767e-05,5.817750e-03,6.156687e-01,5.840001e-03,9.507792e-03,1.094567e-03,2.186026e-03,3.333625e-01,1.271184e-02
1.734499e-03,5.409770e-03,2.210613e-03,1.511566e-03,1.892602e-03,1.628162e-03,3.606506e-05,4.119002e-03,6.788121e-01,6.906165e-03,6.999631e-03,7.715071e-04,1.550796e-03,2.682361e-01,1.818131e-02
3.517454e-03,1.086551e-02,8.486869e-03,6.418545e-03,1.693634e-02,2.730438e-03,9.816569e-05,7.009896e-03,7.007143e-01,6.408730e-03,5.347670e-03,5.597830e-04,1.241625e-03,2.048229e-01,2.484175e-02
5.279637e-03,1.235435e-02,2.290049e-02,4.504482e-02,1.286928e-02,2.964471e-03,1.283036e-04,5.366757e-03,5.745353e-01,8.575795e-03,4.831065e-03,4.469716e-04,1.417381e-03,1.553516e-01,1.479337e-01
9.877344e-03,2.400415e-02,2.920402e-02,4.009840e-02,1.178860e-02,2.918835e-03,2.004999e-04,6.479064e-03,5.466075e-01,9.663486e-03,4.322073e-03,3.799190e-04,1.794053e-03,1.297101e-01,1.829519e-01
1.020953e-02,5.459159e-02,5.105569e-02,4.475439e-02,9.571369e-03,3.074832e-03,1.550230e-04,5.392215e-03,4.964951e-01,7.963064e-03,4.115344e-03,4.474980e-04,1.956587e-03,9.943838e-02,2.107793e-01
9.192517e-03,4.412550e-02,3.803604e-02,4.175480e-02,7.189736e-03,2.633000e-03,1.166179e-04,3.902604e-03,3.954890e-01,6.799471e-03,3.638916e-03,3.962531e-04,3.070615e-03,7.265663e-02,3.709983e-01
7.408772e-03,3.391432e-02,2.715634e-02,2.952546e-02,5.139155e-03,1.972459e-03,8.419384e-05,2.821279e-03,2.858254e-01,5.640214e-03,3.046051e-03,4.525825e-04,3.255981e-03,5.388723e-02,5.398705e-01
5.584239e-03,2.392814e-02,1.929137e-02,2.109432e-02,3.657659e-03,1.419864e-03,6.066594e-05,1.992520e-03,2.283926e-01,5.967757e-03,2.685355e-03,5.390732e-04,3.197672e-03,4.788035e-02,6.343083e-01
5.087508e-03,1.696621e-02,1.433166e-02,1.551813e-02,2.632320e-03,1.134321e-03,5.249948e-05,1.440281e-03,2.231472e-01,1.369064e-02,4.083016e-03,1.423107e-03,4.281755e-03,6.720313e-02,6.290083e-01
8.190531e-03,1.299884e-02,1.355919e-02,1.368647e-02,2.477815e-03,1.031692e-03,1.168701e-04,1.294525e-03,1.726030e-01,1.487724e-02,7.472116e-03,2.787124e-03,4.166488e-03,1.713347e-01,5.734034e-01
1.112370e-02,9.615211e-03,1.230956e-02,1.063676e-02,2.180157e-03,8.718759e-04,9.833262e-05,1.090995e-03,1.325693e-01,1.883522e-02,8.780512e-03,2.356871e-03,3.587980e-03,2.513278e-01,5.346158e-01
8.799643e-03,7.050678e-03,9.185622e-03,7.568753e-03,1.796921e-03,7.208118e-04,8.121860e-05,8.319155e-04,9.612242e-02,1.773584e-02,9.521936e-03,2.216135e-03,2.962192e-03,3.241505e-01,5.112554e-01
7.780395e-03,5.037671e-03,6.756531e-03,5.393140e-03,1.828137e-03,6.925325e-04,7.557889e-05,6.123235e-04,8.607898e-02,1.456077e-02,9.014728e-03,1.654462e-03,2.447362e-03,4.783213e-01,3.797462e-01
6.205606e-03,3.646826e-03,4.887047e-03,3.822376e-03,1.638354e-03,9.109584e-04,8.498055e-05,4.678981e-04,9.493609e-02,1.112479e-02,1.247747e-02,1.432542e-03,2.245422e-03,5.692522e-01,2.868675e-01
4.459124e-03,2.604635e-03,3.501443e-03,2.685778e-03,1.226690e-03,7.997967e-04,6.740527e-05,3.297364e-04,8.042783e-02,8.846211e-03,1.009545e-02,1.062173e-03,1.735533e-03,6.779858e-01,2.041724e-01
3.145291e-03,1.858183e-03,2.487247e-03,1.889584e-03,8.831170e-04,5.933865e-04,5.087280e-05,2.316291e-04,6.608102e-02,6.977178e-03,7.349803e-03,7.646059e-04,1.241842e-03,7.597346e-01,1.467116e-01
2.204489e-03,1.306541e-03,1.744364e-03,1.322988e-03,6.458556e-04,4.199783e-04,3.723266e-05,1.622148e-04,4.894314e-02,5.614649e-03,5.304184e-03,5.407564e-04,8.753488e-04,8.265828e-01,1.042955e-01
1.554782e-03,9.201670e-04,1.224121e-03,9.268453e-04,4.736786e-04,2.998009e-04,2.840897e-05,1.142419e-04,3.586075e-02,4.449677e-03,5.931957e-03,4.417833e-04,6.375950e-04,8.359366e-01,1.111996e-01
1.099908e-03,6.519806e-04,8.788527e-04,6.521784e-04,3.629154e-04,2.168956e-04,2.567019e-05,8.125674e-05,2.923010e-02,3.943769e-03,8.335212e-03,3.686594e-04,4.827284e-04,8.405797e-01,1.130901e-01
8.249478e-04,4.730529e-04,6.948665e-04,4.666315e-04,3.266586e-04,1.763929e-04,2.675963e-05,6.182885e-05,2.687090e-02,7.754024e-03,1.060964e-02,3.973871e-04,4.632698e-04,8.651431e-01,8.571056e-02
6.944659e-04,3.395733e-04,4.971881e-04,3.373946e-04,2.742418e-04,1.370767e-04,3.068111e-05,4.620800e-05,2.442466e-02,8.373510e-03,1.104588e-02,4.295336e-04,3.952091e-04,8.897418e-01,6.323262e-02
7.431156e-04,2.759359e-04,3.712994e-04,2.698898e-04,3.292331e-04,2.727793e-04,4.350657e-05,7.982612e-05,2.387023e-02,2.007805e-02,3.681325e-02,4.570335e-04,4.000029e-04,8.662929e-01,4.970298e-02
7.458127e-04,2.077416e-04,2.697364e-04,2.353999e-04,3.283870e-04,2.678750e-04,9.175963e-05,7.174313e-05,1.991105e-02,2.253133e-02,6.002708e-02,4.197741e-04,3.909477e-04,8.568658e-01,3.763556e-02
7.452762e-04,1.572876e-04,1.988131e-04,2.369673e-04,3.301491e-04,2.653108e-04,1.239081e-04,7.021769e-05,1.914262e-02,2.451405e-02,6.747261e-02,5.045828e-04,3.862920e-04,8.577751e-01,2.807689e-02
1.185002e-03,3.314011e-04,1.929526e-04,5.074157e-04,6.419016e-03,1.010168e-03,2.678270e-04,5.119361e-04,6.468520e-02,3.838065e-02,9.869930e-02,9.084598e-04,6.142092e-04,7.621275e-01,2.415903e-02
1.369748e-03,2.949280e-04,1.619843e-04,5.018978e-04,6.203033e-03,1.448385e-03,2.523973e-04,5.551000e-04,1.521663e-01,3.225694e-02,1.082755e-01,1.072386e-03,5.766906e-04,6.753440e-01,1.952075e-02
2.626119e-03,3.298131e-04,2.670668e-04,3.927210e-03,8.099713e-03,2.545855e-03,2.495639e-04,8.708406e-04,2.626403e-01,4.381465e-02,1.069584e-01,1.515568e-03,2.048996e-03,5.340970e-01,3.000898e-02
2.562021e-03,5.345730e-04,5.279661e-04,5.329263e-03,7.484357e-03,2.457127e-03,2.547170e-04,7.445880e-04,2.822728e-01,4.438346e-02,1.456494e-01,3.030881e-03,7.545589e-03,4.648057e-01,3.241755e-02
2.309578e-03,8.919555e-04,5.847635e-04,5.847231e-03,8.053613e-03,4.173459e-03,2.085997e-04,5.977737e-04,2.364743e-01,3.950863e-02,2.744202e-01,5.645591e-03,1.645803e-02,3.724446e-01,3.238171e-02
1.746265e-03,1.322412e-03,4.494979e-04,4.752953e-03,8.268725e-03,4.108788e-03,1.940912e-04,5.980640e-04,1.869901e-01,3.402177e-02,3.975211e-01,1.419916e-02,2.911489e-02,2.926989e-01,2.401328e-02
1.594125e-03,1.963011e-03,4.327628e-04,5.672092e-03,9.515454e-03,3.923500e-03,2.064447e-04,6.669586e-04,1.433987e-01,3.389592e-02,4.612753e-01,2.848991e-02,5.094170e-02,2.392132e-01,1.881084e-02
1.387662e-03,3.361120e-03,3.450062e-04,4.361241e-03,7.421275e-03,3.677995e-03,1.827218e-04,5.689946e-04,1.261121e-01,3.737574e-02,4.968976e-01,5.176666e-02,6.500518e-02,1.868827e-01,1.465395e-02
1.446090e-03,3.428425e-03,2.894871e-04,3.188780e-03,5.675223e-03,3.123361e-03,1.667947e-04,5.412990e-04,1.749820e-01,3.062335e-02,4.915789e-01,8.074562e-02,5.631948e-02,1.365329e-01,1.135829e-02
1.332335e-03,3.246563e-03,6.090761e-04,2.457152e-03,5.820177e-03,2.614036e-03,2.471490e-04,1.043360e-03,2.472261e-01,2.486778e-02,4.683135e-01,8.138826e-02,4.504559e-02,1.070209e-01,8.768071e-03
1.712420e-03,7.634952e-03,2.046131e-03,2.395229e-03,6.121763e-03,2.784098e-03,2.313053e-04,9.929591e-03,2.846252e-01,3.322923e-02,4.195165e-01,9.515575e-02,4.451955e-02,8.318704e-02,6.911285e-03
3.156012e-03,1.494412e-02,3.741404e-03,2.043988e-03,1.420719e-02,3.113014e-03,2.552743e-04,9.501727e-03,4.233795e-01,2.775352e-02,3.278646e-01,6.969761e-02,3.474344e-02,6.032564e-02,5.273014e-03
3.282785e-03,3.410017e-02,3.682701e-03,2.483913e-03,1.479248e-02,3.845962e-03,2.210492e-04,8.636504e-03,5.586566e-01,1.986112e-02,2.304638e-01,4.893706e-02,2.457575e-02,4.258979e-02,3.870380e-03
1.030244e-02,3.979497e-02,1.266012e-02,1.031947e-02,4.390846e-02,1.068191e-02,3.158777e-04,2.760319e-02,5.810953e-01,1.435783e-02,1.629369e-01,3.434321e-02,1.750383e-02,3.058957e-02,3.586972e-03
2.152054e-02,6.657125e-02,1.469594e-02,1.721123e-02,6.250300e-02,8.420428e-03,5.794159e-04,4.923372e-02,5.685455e-01,1.104515e-02,1.160552e-01,2.428205e-02,1.262305e-02,2.294450e-02,3.769108e-03
3.830846e-02,1.682095e-01,1.343833e-02,2.554606e-02,7.158196e-02,6.695044e-03,6.330740e-04,4.580789e-02,4.736215e-01,1.003401e-02,9.331452e-02,1.718533e-02,9.077544e-03,2.291051e-02,3.636333e-03
4.304025e-02,3.135526e-01,1.094319e-02,2.359248e-02,5.692878e-02,5.424016e-03,4.982105e-04,3.478624e-02,3.758487e-01,1.303695e-02,7.387791e-02,1.217266e-02,6.556361e-03,2.569620e-02,4.045452e-03
6.384286e-02,2.883584e-01,8.459984e-03,2.145915e-02,5.715624e-02,6.070792e-03,4.800894e-04,2.643134e-02,4.152366e-01,1.269235e-02,6.062930e-02,8.724968e-03,4.870703e-03,2.229159e-02,3.295635e-03
5.817467e-02,2.203912e-01,8.627886e-03,1.430965e-01,4.374502e-02,4.781309e-03,4.246480e-04,2.044627e-02,3.041949e-01,9.834527e-03,1.422201e-01,1.884374e-02,5.692455e-03,1.612403e-02,3.402742e-03
4.114598e-02,3.557721e-01,7.215417e-03,1.297670e-01,3.149777e-02,3.393715e-03,3.127302e-04,1.442841e-02,2.149750e-01,7.247910e-03,1.603276e-01,1.509353e-02,4.474101e-03,1.170719e-02,2.641571e-03
2.982767e-02,2.839383e-01,7.704032e-03,1.926342e-01,3.186264e-02,2.644137e-03,2.630255e-04,1.066935e-02,1.524416e-01,6.104887e-03,1.633832e-01,9.008284e-02,3.814369e-03,2.240166e-02,2.228057e-03
2.157891e-02,2.126757e-01,6.618591e-03,1.734875e-01,2.263347e-02,2.341009e-03,2.027756e-04,7.630299e-03,1.084324e-01,4.630391e-03,2.846741e-01,1.253997e-01,3.083380e-03,2.462221e-02,1.989619e-03
1.579976e-02,1.497667e-01,5.071741e-03,1.297475e-01,1.897741e-02,5.095362e-03,1.853741e-04,5.481427e-03,7.639151e-02,3.501774e-03,3.275782e-01,2.176421e-01,4.158997e-03,3.904351e-02,1.558766e-03
1.117358e-02,1.048815e-01,3.670557e-03,9.278762e-02,1.949826e-02,4.372141e-03,1.371343e-04,3.879402e-03,5.353836e-02,2.523807e-03,2.827763e-01,3.801522e-01,3.483908e-03,3.599266e-02,1.132544e-03
7.938110e-03,7.343755e-02,2.606822e-03,6.568637e-02,2.153377e-02,3.582980e-03,1.036982e-04,2.739306e-03,3.753598e-02,1.830454e-03,2.316936e-01,5.098711e-01,3.135751e-03,3.748762e-02,8.168505e-04
5.814309e-03,5.148157e-02,1.866496e-03,4.671681e-02,3.132634e-02,3.886460e-03,8.570447e-05,1.970683e-03,2.638937e-02,1.330450e-03,2.125838e-01,5.662638e-01,2.500345e-03,4.714859e-02,6.352083e-04
4.266286e-03,3.621632e-02,1.462256e-03,3.351757e-02,4.825673e-02,3.971145e-03,7.987462e-05,1.432958e-03,1.874997e-02,1.003721e-03,1.765411e-01,6.261730e-01,2.025455e-03,4.573502e-02,5.685575e-04
3.185331e-03,2.554969e-02,1.302360e-03,2.414016e-02,4.754982e-02,4.074341e-03,9.076681e-05,1.113230e-03,1.386468e-02,8.138620e-04,1.712012e-01,6.453429e-01,1.689180e-03,5.960706e-02,4.753068e-04
2.489497e-03,1.816647e-02,1.104368e-03,1.729502e-02,3.813493e-02,3.207251e-03,7.822447e-05,8.970660e-04,1.006589e-02,7.012373e-04,1.989820e-01,6.552680e-01,1.347729e-03,5.189398e-02,3.682855e-04
2.122083e-03,1.357734e-02,8.515763e-04,1.224747e-02,3.947427e-02,2.532125e-03,7.635389e-05,7.136277e-04,7.458167e-03,7.680283e-04,2.272676e-01,6.452902e-01,1.470481e-03,4.584113e-02,3.095293e-04
1.683231e-03,1.015581e-02,6.434451e-04,8.617061e-03,3.935505e-02,3.058193e-03,1.008486e-04,5.843576e-04,5.395345e-03,1.009318e-03,2.979814e-01,5.934162e-01,1.594467e-03,3.616185e-02,2.433599e-04
1.618610e-03,8.318810e-03,6.321682e-04,6.100412e-03,3.136027e-02,2.702307e-03,1.621187e-04,6.373035e-04,3.973356e-03,1.161893e-03,3.435198e-01,5.684115e-01,1.391190e-03,2.978508e-02,2.251997e-04
1.496832e-03,6.287612e-03,6.725757e-04,4.616022e-03,3.515819e-02,6.641134e-03,2.307620e-03,3.677665e-03,3.143266e-03,9.341235e-04,3.571808e-01,5.529714e-01,1.344056e-03,2.338943e-02,1.792362e-04
1.763934e-03,4.633431e-03,5.833147e-04,3.321705e-03,2.909186e-02,6.520479e-03,2.955631e-03,3.304293e-03,2.462716e-03,7.638430e-04,4.685009e-01,4.570105e-01,1.368796e-03,1.749576e-02,2.228498e-04
2.275093e-03,3.344019e-03,5.186950e-04,2.376405e-03,2.202074e-02,1.057348e-02,4.073417e-03,3.021468e-03,2.196619e-03,6.649752e-04,5.468436e-01,3.873845e-01,1.527138e-03,1.289981e-02,2.799765e-04
2.862027e-03,2.671807e-03,1.092310e-03,1.778207e-03,1.677826e-02,2.532776e-02,8.333279e-03,3.562797e-03,2.282751e-03,6.999130e-04,6.436943e-01,2.790436e-01,1.794087e-03,9.270934e-03,8.079943e-04
6.058884e-03,6.116906e-03,4.965526e-03,1.891063e-03,4.112434e-02,3.811732e-02,1.739074e-02,1.078778e-02,1.440477e-02,2.102332e-03,6.411896e-01,2.027511e-01,1.863982e-03,7.745851e-03,3.489830e-03
5.279378e-03,1.967174e-01,1.685248e-02,1.771130e-03,3.908167e-02,2.763884e-02,1.248076e-02,1.018846e-02,3.639304e-02,2.294428e-03,4.891120e-01,1.423331e-01,1.461211e-03,5.605819e-03,1.279029e-02
7.019185e-03,1.763527e-01,4.139988e-02,2.360175e-03,5.955475e-02,3.437522e-02,9.596188e-03,3.258227e-02,1.248546e-01,1.967979e-03,3.941863e-01,9.999405e-02,1.321225e-03,4.120192e-03,1.031537e-02
6.819409e-03,1.878025e-01,6.895465e-02,3.989108e-03,5.788628e-02,3.624747e-02,7.218093e-03,2.982154e-02,2.159911e-01,1.630660e-03,2.995225e-01,7.052261e-02,1.525432e-03,2.928615e-03,9.140057e-03
6.845953e-03,1.411568e-01,5.086538e-02,1.334690e-02,6.284851e-02,8.621549e-02,5.245713e-03,3.229591e-02,1.783345e-01,1.627490e-03,2.522619e-01,9.070979e-02,6.585517e-02,2.539514e-03,9.851002e-03
5.803053e-03,1.002616e-01,3.637030e-02,1.399952e-02,5.620740e-02,1.042589e-01,3.811642e-03,2.644784e-02,1.377936e-01,1.783257e-03,2.412108e-01,1.116055e-01,1.484329e-01,2.163481e-03,9.850251e-03
4.909923e-03,7.041097e-02,2.677440e-02,1.112622e-02,4.948149e-02,7.437284e-02,2.761967e-03,2.052579e-02,1.017022e-01,1.517551e-03,2.438536e-01,1.429609e-01,2.409549e-01,1.546313e-03,7.100856e-03
4.304085e-03,4.952798e-02,1.909166e-02,1.008237e-02,4.683554e-02,5.541017e-02,2.101625e-03,1.485865e-02,7.984364e-02,1.800979e-03,2.464547e-01,1.721815e-01,2.910572e-01,1.196852e-03,5.253022e-03
3.445497e-03,3.479316e-02,1.346473e-02,7.982574e-03,4.071190e-02,4.039827e-02,1.644267e-03,1.065567e-02,6.135672e-02,1.848064e-03,2.982637e-01,1.496657e-01,3.309587e-01,9.616476e-04,3.849374e-03
2.974874e-03,2.457346e-02,1.000067e-02,5.946842e-03,3.456014e-02,3.070795e-02,1.376386e-03,9.816421e-03,4.890448e-02,1.750834e-03,3.096239e-01,1.268023e-01,3.891187e-01,8.582773e-04,2.984817e-03
3.342053e-03,1.776182e-02,7.370775e-03,6.588145e-03,3.624438e-02,5.342406e-02,1.295908e-03,8.813757e-03,4.568156e-02,1.388278e-03,2.698149e-01,1.829362e-01,3.620333e-01,1.025589e-03,2.279291e-03
2.691966e-03,1.261039e-02,5.253159e-03,5.071011e-03,2.892410e-02,4.673075e-02,9.458077e-04,6.267784e-03,3.317809e-02,1.012368e-03,2.304185e-01,3.641371e-01,2.603509e-01,7.875358e-04,1.620445e-03
2.032411e-03,8.872568e-03,3.731646e-03,3.664538e-03,2.102538e-02,3.501594e-02,6.971672e-04,4.415072e-03,2.407646e-02,7.827351e-04,1.892250e-01,5.182706e-01,1.864530e-01,5.955424e-04,1.141962e-03
1.493682e-03,6.229272e-03,2.627838e-03,2.613090e-03,1.508053e-02,2.565359e-02,5.039118e-04,3.109454e-03,1.726840e-02,6.392755e-04,1.526774e-01,6.386760e-01,1.321935e-01,4.317872e-04,8.023152e-04
1.289831e-03,4.393251e-03,1.859445e-03,1.870843e-03,1.216818e-02,1.968615e-02,3.647879e-04,2.196744e-03,1.370099e-02,5.964220e-04,1.426270e-01,7.041651e-01,9.416929e-02,3.418607e-04,5.700579e-04
1.019753e-03,3.106978e-03,1.310735e-03,1.354404e-03,8.867034e-03,1.426999e-02,2.570302e-04,1.542760e-03,9.869583e-03,5.294409e-04,1.777065e-01,7.131448e-01,6.635594e-02,2.570155e-04,4.079144e-04
8.253350e-04,2.307850e-03,9.493360e-04,1.005455e-03,6.763932e-03,1.032388e-02,1.818809e-04,1.086879e-03,7.343530e-03,5.360167e-04,2.466434e-01,6.748331e-01,4.663887e-02,2.228048e-04,3.377611e-04
8.928244e-04,2.039751e-03,7.542545e-04,7.668954e-04,5.574938e-03,7.729615e-03,1.292687e-04,7.940486e-04,5.438515e-03,8.892574e-04,2.453799e-01,6.963006e-01,3.278599e-02,2.040596e-04,3.200504e-04
1.430591e-03,3.349862e-03,1.314759e-03,6.471167e-04,6.117570e-03,5.822770e-03,9.331647e-05,6.855081e-04,4.285056e-03,1.407009e-03,2.707404e-01,6.805276e-01,2.305241e-02,1.821306e-04,3.439189e-04
1.893643e-03,4.061800e-03,3.463603e-03,6.977582e-04,5.152297e-03,4.580851e-03,7.111614e-05,9.786314e-04,3.270331e-03,1.300810e-03,2.771056e-01,6.806784e-01,1.620181e-02,2.112781e-04,3.320684e-04
1.925349e-03,5.622301e-03,5.167929e-02,3.804275e-03,5.647128e-03,6.396382e-03,1.085331e-04,2.549788e-02,3.551550e-03,1.319428e-03,2.116977e-01,6.708685e-01,1.144079e-02,1.855387e-04,2.553629e-04
2.315664e-03,6.269028e-03,5.427405e-02,4.418561e-03,5.333379e-03,6.933213e-03,1.049890e-04,2.255441e-02,3.715191e-03,1.210456e-03,1.878962e-01,6.963817e-01,8.064351e-03,2.847831e-04,2.439145e-04
1.846510e-03,7.827424e-03,4.722244e-02,4.038170e-03,4.263063e-03,5.682922e-03,8.269671e-05,1.792524e-02,8.243822e-03,1.051428e-03,3.706532e-01,5.244503e-01,5.671731e-03,8.210641e-04,2.198844e-04
1.676008e-03,9.423457e-03,3.650113e-02,3.471838e-03,5.464189e-03,4.771251e-03,7.245477e-05,1.315892e-02,1.248420e-02,8.884592e-04,5.346762e-01,3.725249e-01,3.984078e-03,7.082233e-04,1.947148e-04
1.607334e-03,8.958001e-03,2.833338e-02,6.731014e-03,8.620499e-03,4.892337e-03,1.188425e-04,1.266603e-02,2.752146e-02,8.934961e-04,6.311863e-01,2.648024e-01,2.798839e-03,6.413751e-04,2.286664e-04
1.784297e-03,8.216206e-03,2.441995e-02,1.315184e-02,1.070857e-02,4.745372e-03,1.666806e-04,1.235115e-02,4.817749e-02,1.032981e-03,6.796902e-01,1.927504e-01,1.978468e-03,5.565224e-04,2.698059e-04
5.014507e-03,7.852238e-03,5.842852e-02,5.860628e-02,5.135752e-02,4.981996e-03,5.119943e-04,3.275949e-02,5.600560e-02,1.757894e-03,5.817323e-01,1.386911e-01,1.413510e-03,4.760452e-04,4.109965e-04
9.783978e-03,8.114278e-03,4.916235e-02,7.026157e-02,9.312570e-02,4.738414e-03,7.158003e-04,2.941685e-02,8.077769e-02,1.548769e-03,5.517684e-01,9.840348e-02,1.050479e-03,6.294032e-04,5.028622e-04
1.465547e-02,8.168676e-03,6.403418e-02,1.864768e-01,1.117494e-01,4.360951e-03,7.632037e-04,3.187636e-02,7.721191e-02,1.239542e-03,4.279255e-01,6.965141e-02,7.577691e-04,5.543267e-04,5.745694e-04
1.768617e-02,7.346490e-03,1.198660e-01,2.944433e-01,9.792124e-02,3.458219e-03,6.274728e-04,2.548858e-02,6.536552e-02,1.096402e-03,3.159249e-01,4.920366e-02,5.484649e-04,4.539026e-04,5.696748e-04
2.810113e-02,7.041857e-03,1.498805e-01,3.119417e-01,1.124503e-01,3.549665e-03,5.004525e-04,1.881341e-02,8.094269e-02,1.770029e-03,2.468155e-01,3.524012e-02,4.305696e-04,1.427604e-03,1.094524e-03
3.624048e-02,9.056563e-03,1.199814e-01,3.266360e-01,2.044016e-01,4.077979e-03,4.966509e-04,1.489549e-02,6.362612e-02,1.350939e-03,1.904449e-01,2.537554e-02,3.778335e-04,1.911268e-03,1.127181e-03
7.815075e-02,1.586660e-02,9.173245e-02,2.764085e-01,2.690726e-01,6.375648e-03,3.910304e-04,1.070857e-02,5.124686e-02,1.176896e-03,1.738346e-01,1.970557e-02,9.121143e-04,3.078314e-03,1.339526e-03
1.098588e-01,4.018005e-02,7.168578e-02,2.377609e-01,3.167677e-01,1.027433e-02,3.245763e-04,8.849902e-03,3.957276e-02,9.883507e-04,1.382193e-01,1.676406e-02,1.856163e-03,4.460975e-03,2.436453e-03
1.119740e-01,3.303731e-02,6.988842e-02,3.028862e-01,2.789006e-01,9.844536e-03,4.515853e-04,3.645769e-02,2.985561e-02,8.769868e-04,9.862890e-02,1.593867e-02,2.199352e-03,6.523021e-03,2.537155e-03
1.469180e-01,3.028942e-02,7.782446e-02,3.489655e-01,2.140016e-01,1.112952e-02,5.533401e-04,2.742795e-02,2.750802e-02,1.355521e-03,7.666107e-02,1.484606e-02,2.965956e-03,1.371999e-02,5.833729e-03
2.009692e-01,2.358951e-02,6.297963e-02,3.446966e-01,1.530101e-01,9.267941e-03,6.223323e-04,2.143760e-02,7.512924e-02,3.884772e-03,6.058471e-02,1.441452e-02,4.671793e-03,1.307134e-02,1.167077e-02
3.213009e-01,2.087002e-02,4.827188e-02,2.665783e-01,1.104124e-01,8.958806e-03,6.125435e-04,1.629641e-02,9.381592e-02,5.828859e-03,5.956157e-02,1.190926e-02,4.932505e-03,1.497350e-02,1.567703e-02
2.906645e-01,2.121530e-02,3.475325e-02,1.925496e-01,7.830912e-02,7.384493e-03,5.407985e-04,1.218116e-02,2.290978e-01,1.322272e-02,5.034656e-02,9.387117e-03,6.096252e-03,1.431154e-02,3.993977e-02
2.303159e-01,1.716604e-02,2.476365e-02,1.473515e-01,5.585228e-02,5.539688e-03,4.724677e-04,9.296012e-03,4.056719e-01,1.063956e-02,3.776218e-02,6.966190e-03,6.154828e-03,1.019343e-02,3.185439e-02
3.605870e-01,1.449350e-02,1.820407e-02,1.147859e-01,4.570275e-02,5.516137e-03,1.021628e-03,8.395361e-03,3.345502e-01,8.700994e-03,3.206230e-02,7.944200e-03,1.072994e-02,8.035380e-03,2.927061e-02
4.416447e-01,1.545773e-02,1.489902e-02,1.269291e-01,3.663118e-02,7.188648e-03,2.115008e-03,1.277785e-02,2.520695e-01,6.932420e-03,2.638269e-02,1.162310e-02,1.265278e-02,6.248325e-03,2.644795e-02
1.000000e+00,0.000000e+00,0.000000e+00,0.000000e+00,0.000000e+00,0.000000e+00,0.000000e+00,0.000000e+00,0.000000e+00,0.000000e+00,0.000000e+00,0.000000e+00,0.000000e+00,0.000000e+00,0.000000e+00
1.000000e+00,0.000000e+00,0.000000e+00,0.000000e+00,0.000000e+00,0.000000e+00,0.000000e+00,0.000000e+00,0.000000e+00,0.000000e+00,0.000000e+00,0.000000e+00,0.000000e+00,0.000000e+00,0.000000e+00
1.000000e+00,0.000000e+00,0.000000e+00,0.000000e+00,0.000000e+00,0.000000e+00,0.000000e+00,0.000000e+00,0.000000e+00,0.000000e+00,0.000000e+00,0.000000e+00,0.000000e+00,0.000000e+00,0.000000e+00
4.813682e-01,1.277423e-02,3.883375e-02,1.926832e-01,2.928933e-02,1.504771e-02,3.912392e-03,6.975310e-02,7.834734e-02,2.464768e-03,1.836346e-02,2.578178e-02,1.023807e-02,4.616414e-03,1.652625e-02
3.961949e-01,1.044062e-02,6.404055e-02,1.857730e-01,2.807902e-02,1.358811e-02,3.382897e-03,1.692766e-01,6.223524e-02,2.914493e-03,1.656932e-02,2.113966e-02,8.401420e-03,3.810018e-03,1.415412e-02
2.899240e-01,7.621875e-03,5.018283e-02,1.369149e-01,2.143743e-02,1.044287e-02,2.970390e-03,3.881210e-01,4.373477e-02,2.104475e-03,1.207412e-02,1.530239e-02,6.222448e-03,2.737779e-03,1.020868e-02
2.146098e-01,5.752581e-03,3.862178e-02,1.022644e-01,1.873545e-02,7.867415e-03,2.527992e-03,5.432552e-01,3.082507e-02,1.566916e-03,8.982388e-03,1.108945e-02,4.555971e-03,1.969184e-03,7.376455e-03
1.573199e-01,4.098698e-03,2.858601e-02,7.440584e-02,1.462952e-02,6.265219e-03,1.885892e-03,6.652781e-01,2.166236e-02,1.192029e-03,6.632073e-03,7.995627e-03,3.400893e-03,1.420029e-03,5.227745e-03
1.130025e-01,2.914943e-03,2.277022e-02,5.456537e-02,1.107181e-02,5.065819e-03,1.450771e-03,7.549018e-01,1.519885e-02,8.787796e-04,4.850917e-03,5.869389e-03,2.742805e-03,1.028631e-03,3.687412e-03
7.996253e-02,2.067075e-03,1.799359e-02,3.865794e-02,8.555861e-03,3.649916e-03,1.133645e-03,8.237182e-01,1.064870e-02,6.335406e-04,3.492225e-03,4.138766e-03,2.020262e-03,7.338084e-04,2.593955e-03
5.668853e-02,1.460883e-03,1.340560e-02,2.720927e-02,6.898668e-03,2.616924e-03,8.756429e-04,8.737416e-01,7.459319e-03,4.559761e-04,2.480071e-03,2.909908e-03,1.457127e-03,5.172409e-04,1.823247e-03
4.048031e-02,1.032927e-03,9.945322e-03,1.915982e-02,5.952169e-03,1.905843e-03,6.921693e-04,9.087675e-01,5.225061e-03,3.258647e-04,1.778829e-03,2.045555e-03,1.044909e-03,3.636834e-04,1.280120e-03
2.907752e-02,7.307638e-04,7.304914e-03,1.346456e-02,5.225291e-03,1.381896e-03,5.709374e-04,9.336935e-01,3.661437e-03,2.337028e-04,1.296054e-03,1.445621e-03,7.592182e-04,2.556462e-04,8.988827e-04
2.099978e-02,5.240442e-04,5.394150e-03,9.457215e-03,4.264224e-03,1.078364e-03,4.707368e-04,9.515283e-01,2.572939e-03,1.763764e-04,9.651175e-04,1.082867e-03,6.581210e-04,1.859920e-04,6.417335e-04
