1.000000e+00,0.000000e+00,0.000000e+00,0.000000e+00,0.000000e+00,0.000000e+00,0.000000e+00,0.000000e+00,0.000000e+00,0.000000e+00,0.000000e+00,0.000000e+00,0.000000e+00,0.000000e+00,0.000000e+00
1.000000e+00,0.000000e+00,0.000000e+00,0.000000e+00,0.000000e+00,0.000000e+00,0.000000e+00,0.000000e+00,0.000000e+00,0.000000e+00,0.000000e+00,0.000000e+00,0.000000e+00,0.000000e+00,0.000000e+00
1.000000e+00,0.000000e+00,0.000000e+00,0.000000e+00,0.000000e+00,0.000000e+00,0.000000e+00,0.000000e+00,0.000000e+00,0.000000e+00,0.000000e+00,0.000000e+00,0.000000e+00,0.000000e+00,0.000000e+00
1.000000e+00,0.000000e+00,0.000000e+00,0.000000e+00,0.000000e+00,0.000000e+00,0.000000e+00,0.000000e+00,0.000000e+00,0.000000e+00,0.000000e+00,0.000000e+00,0.000000e+00,0.000000e+00,0.000000e+00
1.000000e+00,0.000000e+00,0.000000e+00,0.000000e+00,0.000000e+00,0.000000e+00,0.000000e+00,0.000000e+00,0.000000e+00,0.000000e+00,0.000000e+00,0.000000e+00,0.000000e+00,0.000000e+00,0.000000e+00
1.000000e+00,0.000000e+00,0.000000e+00,0.000000e+00,0.000000e+00,0.000000e+00,0.000000e+00,0.000000e+00,0.000000e+00,0.000000e+00,0.000000e+00,0.000000e+00,0.000000e+00,0.000000e+00,0.000000e+00
1.000000e+00,0.000000e+00,0.000000e+00,0.000000e+00,0.000000e+00,0.000000e+00,0.000000e+00,0.000000e+00,0.000000e+00,0.000000e+00,0.000000e+00,0.000000e+00,0.000000e+00,0.000000e+00,0.000000e+00
1.000000e+00,0.000000e+00,0.000000e+00,0.000000e+00,0.000000e+00,0.000000e+00,0.000000e+00,0.000000e+00,0.000000e+00,0.000000e+00,0.000000e+00,0.000000e+00,0.000000e+00,0.000000e+00,0.000000e+00
1.000000e+00,0.000000e+00,0.000000e+00,0.000000e+00,0.000000e+00,0.000000e+00,0.000000e+00,0.000000e+00,0.000000e+00,0.000000e+00,0.000000e+00,0.000000e+00,0.000000e+00,0.000000e+00,0.000000e+00
1.000000e+00,0.000000e+00,0.000000e+00,0.000000e+00,0.000000e+00,0.000000e+00,0.000000e+00,0.000000e+00,0.000000e+00,0.000000e+00,0.000000e+00,0.000000e+00,0.000000e+00,0.000000e+00,0.000000e+00
1.000000e+00,0.000000e+00,0.000000e+00,0.000000e+00,0.000000e+00,0.000000e+00,0.000000e+00,0.000000e+00,0.000000e+00,0.000000e+00,0.000000e+00,0.000000e+00,0.000000e+00,0.000000e+00,0.000000e+00
1.000000e+00,0.000000e+00,0.000000e+00,0.000000e+00,0.000000e+00,0.000000e+00,0.000000e+00,0.000000e+00,0.000000e+00,0.000000e+00,0.000000e+00,0.000000e+00,0.000000e+00,0.000000e+00,0.000000e+00
1.000000e+00,0.000000e+00,0.000000e+00,0.000000e+00,0.000000e+00,0.000000e+00,0.000000e+00,0.000000e+00,0.000000e+00,0.000000e+00,0.000000e+00,0.000000e+00,0.000000e+00,0.000000e+00,0.000000e+00
1.000000e+00,0.000000e+00,0.000000e+00,0.000000e+00,0.000000e+00,0.000000e+00,0.000000e+00,0.000000e+00,0.000000e+00,0.000000e+00,0.000000e+00,0.000000e+00,0.000000e+00,0.000000e+00,0.000000e+00
1.000000e+00,0.000000e+00,0.000000e+00,0.000000e+00,0.000000e+00,0.000000e+00,0.000000e+00,0.000000e+00,0.000000e+00,0.000000e+00,0.000000e+00,0.000000e+00,0.000000e+00,0.000000e+00,0.000000e+00
1.000000e+00,0.000000e+00,0.000000e+00,0.000000e+00,0.000000e+00,0.000000e+00,0.000000e+00,0.000000e+00,0.000000e+00,0.000000e+00,0.000000e+00,0.000000e+00,0.000000e+00,0.000000e+00,0.000000e+00
1.000000e+00,0.000000e+00,0.000000e+00,0.000000e+00,0.000000e+00,0.000000e+00,0.000000e+00,0.000000e+00,0.000000e+00,0.000000e+00,0.000000e+00,0.000000e+00,0.000000e+00,0.000000e+00,0.000000e+00
1.000000e+00,0.000000e+00,0.000000e+00,0.000000e+00,0.000000e+00,0.000000e+00,0.000000e+00,0.000000e+00,0.000000e+00,0.000000e+00,0.000000e+00,0.000000e+00,0.000000e+00,0.000000e+00,0.000000e+00
1.000000e+00,0.000000e+00,0.000000e+00,0.000000e+00,0.000000e+00,0.000000e+00,0.000000e+00,0.000000e+00,0.000000e+00,0.000000e+00,0.000000e+00,0.000000e+00,0.000000e+00,0.000000e+00,0.000000e+00
1.000000e+00,0.000000e+00,0.000000e+00,0.000000e+00,0.000000e+00,0.000000e+00,0.000000e+00,0.000000e+00,0.000000e+00,0.000000e+00,0.000000e+00,0.000000e+00,0.000000e+00,0.000000e+00,0.000000e+00
1.000000e+00,0.000000e+00,0.000000e+00,0.000000e+00,0.000000e+00,0.000000e+00,0.000000e+00,0.000000e+00,0.000000e+00,0.000000e+00,0.000000e+00,0.000000e+00,0.000000e+00,0.000000e+00,0.000000e+00
1.000000e+00,0.000000e+00,0.000000e+00,0.000000e+00,0.000000e+00,0.000000e+00,0.000000e+00,0.000000e+00,0.000000e+00,0.000000e+00,0.000000e+00,0.000000e+00,0.000000e+00,0.000000e+00,0.000000e+00
1.000000e+00,0.000000e+00,0.000000e+00,0.000000e+00,0.000000e+00,0.000000e+00,0.000000e+00,0.000000e+00,0.000000e+00,0.000000e+00,0.000000e+00,0.000000e+00,0.000000e+00,0.000000e+00,0.000000e+00
1.000000e+00,0.000000e+00,0.000000e+00,0.000000e+00,0.000000e+00,0.000000e+00,0.000000e+00,0.000000e+00,0.000000e+00,0.000000e+00,0.000000e+00,0.000000e+00,0.000000e+00,0.000000e+00,0.000000e+00
1.000000e+00,0.000000e+00,0.000000e+00,0.000000e+00,0.000000e+00,0.000000e+00,0.000000e+00,0.000000e+00,0.000000e+00,0.000000e+00,0.000000e+00,0.000000e+00,0.000000e+00,0.000000e+00,0.000000e+00
1.000000e+00,0.000000e+00,0.000000e+00,0.000000e+00,0.000000e+00,0.000000e+00,0.000000e+00,0.000000e+00,0.000000e+00,0.000000e+00,0.000000e+00,0.000000e+00,0.000000e+00,0.000000e+00,0.000000e+00
1.000000e+00,0.000000e+00,0.000000e+00,0.000000e+00,0.000000e+00,0.000000e+00,0.000000e+00,0.000000e+00,0.000000e+00,0.000000e+00,0.000000e+00,0.000000e+00,0.000000e+00,0.000000e+00,0.000000e+00
1.000000e+00,0.000000e+00,0.000000e+00,0.000000e+00,0.000000e+00,0.000000e+00,0.000000e+00,0.000000e+00,0.000000e+00,0.000000e+00,0.000000e+00,0.000000e+00,0.000000e+00,0.000000e+00,0.000000e+00
1.000000e+00,0.000000e+00,0.000000e+00,0.000000e+00,0.000000e+00,0.000000e+00,0.000000e+00,0.000000e+00,0.000000e+00,0.000000e+00,0.000000e+00,0.000000e+00,0.000000e+00,0.000000e+00,0.000000e+00
1.000000e+00,0.000000e+00,0.000000e+00,0.000000e+00,0.000000e+00,0.000000e+00,0.000000e+00,0.000000e+00,0.000000e+00,0.000000e+00,0.000000e+00,0.000000e+00,0.000000e+00,0.000000e+00,0.000000e+00
1.000000e+00,0.000000e+00,0.000000e+00,0.000000e+00,0.000000e+00,0.000000e+00,0.000000e+00,0.000000e+00,0.000000e+00,0.000000e+00,0.000000e+00,0.000000e+00,0.000000e+00,0.000000e+00,0.000000e+00
1.000000e+00,0.000000e+00,0.000000e+00,0.000000e+00,0.000000e+00,0.000000e+00,0.000000e+00,0.000000e+00,0.000000e+00,0.000000e+00,0.000000e+00,0.000000e+00,0.000000e+00,0.000000e+00,0.000000e+00
1.000000e+00,0.000000e+00,0.000000e+00,0.000000e+00,0.000000e+00,0.000000e+00,0.000000e+00,0.000000e+00,0.000000e+00,0.000000e+00,0.000000e+00,0.000000e+00,0.000000e+00,0.000000e+00,0.000000e+00
1.000000e+00,0.000000e+00,0.000000e+00,0.000000e+00,0.000000e+00,0.000000e+00,0.000000e+00,0.000000e+00,0.000000e+00,0.000000e+00,0.000000e+00,0.000000e+00,0.000000e+00,0.000000e+00,0.000000e+00
1.000000e+00,0.000000e+00,0.000000e+00,0.000000e+00,0.000000e+00,0.000000e+00,0.000000e+00,0.000000e+00,0.000000e+00,0.000000e+00,0.000000e+00,0.000000e+00,0.000000e+00,0.000000e+00,0.000000e+00
1.000000e+00,0.000000e+00,0.000000e+00,0.000000e+00,0.000000e+00,0.000000e+00,0.000000e+00,0.000000e+00,0.000000e+00,0.000000e+00,0.000000e+00,0.000000e+00,0.000000e+00,0.000000e+00,0.000000e+00
1.000000e+00,0.000000e+00,0.000000e+00,0.000000e+00,0.000000e+00,0.000000e+00,0.000000e+00,0.000000e+00,0.000000e+00,0.000000e+00,0.000000e+00,0.000000e+00,0.000000e+00,0.000000e+00,0.000000e+00
1.000000e+00,0.000000e+00,0.000000e+00,0.000000e+00,0.000000e+00,0.000000e+00,0.000000e+00,0.000000e+00,0.000000e+00,0.000000e+00,0.000000e+00,0.000000e+00,0.000000e+00,0.000000e+00,0.000000e+00
1.000000e+00,0.000000e+00,0.000000e+00,0.000000e+00,0.000000e+00,0.000000e+00,0.000000e+00,0.000000e+00,0.000000e+00,0.000000e+00,0.000000e+00,0.000000e+00,0.000000e+00,0.000000e+00,0.000000e+00
1.000000e+00,0.000000e+00,0.000000e+00,0.000000e+00,0.000000e+00,0.000000e+00,0.000000e+00,0.000000e+00,0.000000e+00,0.000000e+00,0.000000e+00,0.000000e+00,0.000000e+00,0.000000e+00,0.000000e+00
1.000000e+00,0.000000e+00,0.000000e+00,0.000000e+00,0.000000e+00,0.000000e+00,0.000000e+00,0.000000e+00,0.000000e+00,0.000000e+00,0.000000e+00,0.000000e+00,0.000000e+00,0.000000e+00,0.000000e+00
1.000000e+00,0.000000e+00,0.000000e+00,0.000000e+00,0.000000e+00,0.000000e+00,0.000000e+00,0.000000e+00,0.000000e+00,0.000000e+00,0.000000e+00,0.000000e+00,0.000000e+00,0.000000e+00,0.000000e+00
1.000000e+00,0.000000e+00,0.000000e+00,0.000000e+00,0.000000e+00,0.000000e+00,0.000000e+00,0.000000e+00,0.000000e+00,0.000000e+00,0.000000e+00,0.000000e+00,0.000000e+00,0.000000e+00,0.000000e+00
1.000000e+00,0.000000e+00,0.000000e+00,0.000000e+00,0.000000e+00,0.000000e+00,0.000000e+00,0.000000e+00,0.000000e+00,0.000000e+00,0.000000e+00,0.000000e+00,0.000000e+00,0.000000e+00,0.000000e+00
1.000000e+00,0.000000e+00,0.000000e+00,0.000000e+00,0.000000e+00,0.000000e+00,0.000000e+00,0.000000e+00,0.000000e+00,0.000000e+00,0.000000e+00,0.000000e+00,0.000000e+00,0.000000e+00,0.000000e+00
1.000000e+00,0.000000e+00,0.000000e+00,0.000000e+00,0.000000e+00,0.000000e+00,0.000000e+00,0.000000e+00,0.000000e+00,0.000000e+00,0.000000e+00,0.000000e+00,0.000000e+00,0.000000e+00,0.000000e+00
1.000000e+00,0.000000e+00,0.000000e+00,0.000000e+00,0.000000e+00,0.000000e+00,0.000000e+00,0.000000e+00,0.000000e+00,0.000000e+00,0.000000e+00,0.000000e+00,0.000000e+00,0.000000e+00,0.000000e+00
1.000000e+00,0.000000e+00,0.000000e+00,0.000000e+00,0.000000e+00,0.000000e+00,0.000000e+00,0.000000e+00,0.000000e+00,0.000000e+00,0.000000e+00,0.000000e+00,0.000000e+00,0.000000e+00,0.000000e+00
1.000000e+00,0.000000e+00,0.000000e+00,0.000000e+00,0.000000e+00,0.000000e+00,0.000000e+00,0.000000e+00,0.000000e+00,0.000000e+00,0.000000e+00,0.000000e+00,0.000000e+00,0.000000e+00,0.000000e+00
1.000000e+00,0.000000e+00,0.000000e+00,0.000000e+00,0.000000e+00,0.000000e+00,0.000000e+00,0.000000e+00,0.000000e+00,0.000000e+00,0.000000e+00,0.000000e+00,0.000000e+00,0.000000e+00,0.000000e+00
1.000000e+00,0.000000e+00,0.000000e+00,0.000000e+00,0.000000e+00,0.000000e+00,0.000000e+00,0.000000e+00,0.000000e+00,0.000000e+00,0.000000e+00,0.000000e+00,0.000000e+00,0.000000e+00,0.000000e+00
1.000000e+00,0.000000e+00,0.000000e+00,0.000000e+00,0.000000e+00,0.000000e+00,0.000000e+00,0.000000e+00,0.000000e+00,0.000000e+00,0.000000e+00,0.000000e+00,0.000000e+00,0.000000e+00,0.000000e+00
1.000000e+00,0.000000e+00,0.000000e+00,0.000000e+00,0.000000e+00,0.000000e+00,0.000000e+00,0.000000e+00,0.000000e+00,0.000000e+00,0.000000e+00,0.000000e+00,0.000000e+00,0.000000e+00,0.000000e+00
4.368658e-01,5.934753e-02,2.408472e-02,1.609374e-01,2.108838e-02,4.478122e-02,1.678037e-02,5.032129e-02,2.564996e-02,4.143126e-03,1.860473e-02,6.093310e-02,2.674128e-02,5.737768e-03,4.398342e-02
3.680810e-01,6.362403e-02,2.378471e-02,1.776204e-01,2.197774e-02,5.163297e-02,1.625237e-02,4.667035e-02,3.244906e-02,4.204461e-03,2.932953e-02,7.437015e-02,3.285819e-02,8.203764e-03,4.894124e-02
3.214950e-01,5.428773e-02,4.159637e-02,1.801084e-01,1.985153e-02,4.627311e-02,1.354109e-02,1.047521e-01,2.973132e-02,3.647601e-03,3.487824e-02,7.087607e-02,2.921344e-02,8.399129e-03,4.134888e-02
2.776369e-01,4.750057e-02,5.767797e-02,1.899910e-01,1.657690e-02,4.574761e-02,1.112843e-02,1.393179e-01,2.487684e-02,3.296602e-03,4.538171e-02,7.290722e-02,2.503370e-02,7.692999e-03,3.523384e-02
2.988146e-01,4.502357e-02,5.918234e-02,1.675076e-01,1.632923e-02,4.007765e-02,9.402591e-03,1.217645e-01,2.295468e-02,4.464104e-03,5.495436e-02,8.025721e-02,2.511575e-02,9.972032e-03,4.417976e-02
3.459327e-01,5.849375e-02,5.431707e-02,1.442832e-01,1.583441e-02,3.434502e-02,8.208545e-03,1.088697e-01,1.904222e-02,4.574453e-03,4.769830e-02,7.239428e-02,2.304207e-02,8.768337e-03,5.419608e-02
3.731210e-01,6.903664e-02,4.717375e-02,1.406158e-01,1.532403e-02,3.484093e-02,7.445348e-03,8.565791e-02,1.602667e-02,5.074552e-03,4.304472e-02,6.912205e-02,2.503569e-02,9.269459e-03,5.921150e-02
4.067454e-01,6.540328e-02,4.986413e-02,1.379223e-01,1.380889e-02,3.439959e-02,7.143350e-03,7.097600e-02,1.350556e-02,4.654592e-03,3.918216e-02,6.580050e-02,2.904912e-02,8.785023e-03,5.276007e-02
3.523064e-01,5.413084e-02,6.095226e-02,1.893828e-01,2.363807e-02,3.521984e-02,6.391514e-03,1.039366e-01,1.051550e-02,3.700623e-03,3.122360e-02,5.601095e-02,2.658106e-02,6.571298e-03,3.943855e-02
2.529624e-01,3.931807e-02,4.522666e-02,1.350994e-01,1.966495e-02,2.649074e-02,5.246139e-03,3.484731e-01,7.503864e-03,2.657628e-03,2.342849e-02,4.043902e-02,2.076120e-02,4.659441e-03,2.806892e-02
1.787791e-01,2.797791e-02,3.230266e-02,9.495581e-02,1.549992e-02,1.880176e-02,4.797926e-03,5.365267e-01,5.294530e-03,1.879303e-03,1.676376e-02,2.843080e-02,1.496964e-02,3.285567e-03,1.973449e-02
1.255674e-01,1.966417e-02,2.277755e-02,6.653536e-02,1.104181e-02,1.325986e-02,3.858166e-03,6.737922e-01,3.715739e-03,1.320954e-03,1.182609e-02,1.992410e-02,1.055293e-02,2.315546e-03,1.384805e-02
8.801631e-02,1.378877e-02,1.602448e-02,4.660948e-02,7.827454e-03,9.405628e-03,2.948612e-03,7.708108e-01,2.604105e-03,9.258137e-04,8.321490e-03,1.395050e-02,7.402488e-03,1.658183e-03,9.705825e-03
6.174389e-02,9.669582e-03,1.126306e-02,3.265304e-02,5.589173e-03,7.035592e-03,2.382560e-03,8.376463e-01,1.852449e-03,6.531095e-04,6.260451e-03,9.793207e-03,5.288185e-03,1.360106e-03,6.809262e-03
4.344333e-02,6.991772e-03,7.956933e-03,2.292211e-02,4.721108e-03,7.409523e-03,2.895396e-03,8.702569e-01,2.934907e-03,6.720767e-04,7.133534e-03,7.391038e-03,8.635917e-03,1.677691e-03,4.957772e-03
3.052999e-02,4.959777e-03,5.632011e-03,1.619169e-02,5.156239e-03,7.972036e-03,8.623581e-03,7.618032e-01,3.146100e-03,5.952840e-04,6.123441e-03,5.557150e-03,1.384346e-01,1.274597e-03,4.000351e-03
2.159627e-02,3.509582e-03,3.969646e-03,1.143132e-02,4.377199e-03,1.431413e-02,9.394038e-03,5.591425e-01,2.443734e-03,5.240226e-04,4.888533e-03,4.470527e-03,3.549061e-01,9.074912e-04,4.124826e-03
1.550608e-02,2.556525e-03,2.831634e-03,8.145615e-03,3.671275e-03,1.620145e-02,8.749531e-03,3.952291e-01,2.284710e-03,5.554081e-04,3.805839e-03,4.108079e-03,5.296768e-01,6.466732e-04,6.031230e-03
1.107237e-02,1.878475e-03,2.016057e-03,5.767467e-03,2.983916e-03,1.429547e-02,6.590057e-03,2.773833e-01,1.917020e-03,4.560706e-04,3.017020e-03,3.625266e-03,6.628942e-01,4.619508e-04,5.641309e-03
8.233512e-03,1.453756e-03,1.438885e-03,4.103973e-03,2.333792e-03,1.421691e-02,4.801270e-03,1.942416e-01,1.711647e-03,3.449247e-04,2.295302e-03,3.702895e-03,7.563986e-01,3.290375e-04,4.393867e-03
6.105712e-03,1.754607e-03,1.034538e-03,2.937593e-03,1.806225e-03,1.422238e-02,3.465591e-03,1.360395e-01,2.055103e-03,2.489464e-04,1.858993e-03,3.978407e-03,8.203307e-01,2.396820e-04,3.921993e-03
4.800889e-03,9.015385e-03,9.223937e-04,2.152373e-03,1.359643e-03,1.509765e-02,2.558612e-03,9.531709e-02,9.161224e-03,2.020814e-04,1.832147e-03,9.475773e-03,8.443705e-01,2.538643e-04,3.480393e-03
4.287613e-03,1.369714e-02,7.705326e-04,1.590828e-03,1.084359e-03,1.750492e-02,2.056325e-03,6.747124e-02,3.539236e-02,2.345598e-04,3.570974e-03,1.921743e-02,8.267499e-01,8.759845e-04,5.495775e-03
3.943468e-03,2.908807e-02,1.011733e-03,1.361495e-03,1.306595e-03,3.576197e-02,1.649956e-03,4.755341e-02,1.199084e-01,3.094435e-04,3.582431e-03,1.513983e-02,7.315206e-01,1.169908e-03,6.692616e-03
5.463987e-03,7.959044e-02,2.557274e-03,1.406657e-03,2.166918e-03,4.332446e-02,1.296192e-03,3.372684e-02,1.516137e-01,8.127250e-04,3.049478e-03,1.188635e-02,6.384737e-01,2.609665e-03,2.202160e-02
6.393113e-03,9.012899e-02,2.880299e-03,1.738343e-03,3.933220e-03,6.013338e-02,1.173126e-03,2.433036e-02,1.779310e-01,1.076702e-03,2.681291e-03,1.017368e-02,5.858004e-01,2.990212e-03,2.863595e-02
9.247816e-03,8.240405e-02,2.600312e-03,3.012318e-03,6.365270e-03,6.462722e-02,8.998767e-04,1.734772e-02,1.797887e-01,3.264347e-03,5.172902e-03,9.757054e-03,5.252373e-01,7.480568e-03,8.279448e-02
9.555830e-03,9.672053e-02,2.344116e-03,3.007859e-03,7.797793e-03,7.669348e-02,7.016867e-04,1.230542e-02,2.132131e-01,3.031340e-03,4.823562e-03,8.339942e-03,4.662107e-01,7.793334e-03,8.746128e-02
1.214022e-02,1.118158e-01,2.318464e-03,2.816709e-03,1.160534e-02,9.432480e-02,7.210396e-04,8.973121e-03,2.378471e-01,2.640183e-03,4.535830e-03,7.382763e-03,4.065911e-01,6.798749e-03,8.948873e-02
3.025673e-02,1.152007e-01,7.428424e-03,4.288603e-03,3.281718e-02,9.796906e-02,2.648060e-03,1.366588e-02,2.619676e-01,2.816814e-03,3.972981e-03,6.519400e-03,3.217350e-01,6.630104e-03,9.208344e-02
3.113719e-02,9.822269e-02,3.438284e-02,2.021136e-02,5.492911e-02,1.079743e-01,5.864229e-03,2.411658e-02,2.444053e-01,4.768996e-03,3.513492e-03,5.304108e-03,2.414561e-01,6.166507e-03,1.175472e-01
6.075240e-02,7.492889e-02,2.818022e-02,1.975739e-02,4.765070e-02,8.692268e-02,5.031741e-03,1.786146e-02,1.817939e-01,7.996065e-03,2.889486e-03,3.932617e-03,1.764233e-01,4.997543e-03,2.808816e-01
4.482330e-02,5.633887e-02,9.166725e-02,7.376472e-02,4.053027e-02,6.208766e-02,3.706663e-03,1.321623e-02,1.515593e-01,9.492048e-03,2.445095e-03,2.848115e-03,1.238723e-01,3.683373e-03,3.199647e-01
3.299471e-02,4.027712e-02,6.855322e-02,5.701840e-02,2.948228e-02,4.387332e-02,2.661128e-03,9.400175e-03,1.171698e-01,1.283135e-02,2.090219e-03,2.084637e-03,8.700735e-02,3.022445e-03,4.915338e-01
2.446518e-02,3.160272e-02,6.794162e-02,6.369333e-02,2.274737e-02,3.129962e-02,2.006564e-03,6.693181e-03,1.024656e-01,1.984091e-02,1.885313e-03,1.557976e-03,6.114636e-02,2.352312e-03,5.603019e-01
1.886944e-02,2.456731e-02,1.392274e-01,6.588057e-02,1.812954e-02,2.288252e-02,1.833033e-03,4.972220e-03,7.802133e-02,3.880437e-02,1.605263e-03,1.149526e-03,4.296854e-02,2.097480e-03,5.389915e-01
1.340582e-02,1.779187e-02,1.992926e-01,4.700769e-02,1.292567e-02,1.611831e-02,1.308003e-03,3.502607e-03,5.556836e-02,4.085708e-02,1.391505e-03,8.322502e-04,3.018832e-02,2.189275e-03,5.576206e-01
1.316502e-02,1.511450e-02,3.252079e-01,3.669277e-02,1.202602e-02,1.166784e-02,1.164003e-03,5.876365e-03,4.258489e-02,4.139742e-02,1.507250e-03,6.241426e-04,2.142707e-02,4.413369e-03,4.671315e-01
1.567526e-02,1.270794e-02,3.236550e-01,2.998370e-02,1.927343e-02,8.784357e-03,1.365052e-03,1.662648e-01,3.072512e-02,3.017188e-02,2.186072e-03,4.576649e-04,1.534490e-02,4.970404e-03,3.384344e-01
1.368643e-02,9.095773e-03,2.331907e-01,2.194001e-02,1.713417e-02,6.382275e-03,1.010441e-03,4.014587e-01,2.162722e-02,2.117022e-02,1.617942e-03,3.282332e-04,1.080823e-02,3.523834e-03,2.370258e-01
1.344357e-02,6.524311e-03,1.666926e-01,1.587564e-02,1.500663e-02,4.608500e-03,7.939291e-04,5.693573e-01,1.519840e-02,1.487875e-02,1.254002e-03,2.360244e-04,7.628826e-03,2.492738e-03,1.660088e-01
1.068700e-02,4.581946e-03,1.168081e-01,1.120114e-02,1.271060e-02,3.387587e-03,6.511491e-04,6.944746e-01,1.064782e-02,1.044250e-02,8.979779e-04,1.718671e-04,5.366484e-03,1.756619e-03,1.162146e-01
8.970977e-03,3.234944e-03,8.198161e-02,7.946464e-03,1.012414e-02,3.588600e-03,6.431380e-04,7.813025e-01,7.474548e-03,7.327764e-03,7.159837e-04,1.562892e-04,3.862130e-03,1.281211e-03,8.138978e-02
8.443055e-03,2.311660e-03,5.754981e-02,5.729045e-03,8.145209e-03,4.158138e-03,8.884156e-04,8.407949e-01,5.267787e-03,5.138220e-03,5.832271e-04,1.597015e-04,2.861935e-03,9.435357e-04,5.702540e-02
6.614494e-03,1.630575e-03,4.040103e-02,4.085806e-03,7.037589e-03,3.249430e-03,1.324634e-03,8.850849e-01,3.710357e-03,3.600847e-03,4.600598e-04,1.269108e-04,2.051670e-03,6.721710e-04,3.994961e-02
5.735367e-03,1.176196e-03,2.836343e-02,2.968294e-03,1.068774e-02,3.125212e-03,4.060705e-03,9.080421e-01,2.645924e-03,2.528008e-03,3.891595e-04,1.074146e-04,1.675439e-03,4.977983e-04,2.799731e-02
5.195736e-03,8.539704e-04,1.991033e-02,2.102836e-03,9.160839e-03,2.478146e-03,1.135007e-02,9.233900e-01,1.899329e-03,1.776912e-03,3.038294e-04,1.010666e-04,1.485312e-03,3.629060e-04,1.962874e-02
4.538833e-03,6.096134e-04,1.400084e-02,1.495085e-03,7.344230e-03,1.913340e-03,8.847062e-03,9.432229e-01,1.355867e-03,1.249276e-03,2.326802e-04,9.119965e-05,1.088711e-03,2.568070e-04,1.375362e-02
4.982269e-03,4.362801e-04,9.875643e-03,1.085832e-03,5.931022e-03,1.639224e-03,7.439122e-03,9.558099e-01,9.840504e-04,8.825785e-04,2.048945e-04,8.892213e-05,8.220976e-04,1.820316e-04,9.636179e-03
3.995896e-03,3.116967e-04,7.035096e-03,8.149576e-04,4.584660e-03,1.229476e-03,5.778655e-03,9.670624e-01,7.074115e-04,6.245151e-04,1.830128e-04,1.262101e-04,6.586612e-04,1.306177e-04,6.756776e-03
4.959461e-03,2.336574e-04,5.050979e-03,7.241127e-04,4.353419e-03,1.031566e-03,4.487643e-03,9.717826e-01,7.690361e-04,4.682394e-04,2.316245e-04,3.057264e-04,7.332949e-04,9.757584e-05,4.771141e-03
8.285876e-03,2.038361e-04,3.716173e-03,6.383808e-04,4.024076e-03,1.037862e-03,3.803993e-03,9.673765e-01,1.579508e-03,4.917654e-04,7.528563e-04,1.616702e-03,2.915157e-03,1.032588e-04,3.454112e-03
1.358920e-02,2.123971e-04,2.759254e-03,1.065015e-03,6.280955e-03,9.890797e-04,2.797977e-03,9.624991e-01,1.995900e-03,3.927786e-04,9.138727e-04,1.389669e-03,2.570425e-03,8.046380e-05,2.463960e-03
1.692548e-02,2.282463e-04,2.094369e-03,1.239105e-03,7.282759e-03,1.252403e-03,2.083139e-03,9.592198e-01,2.890558e-03,3.285971e-04,9.962515e-04,1.255287e-03,2.353643e-03,6.441248e-05,1.785992e-03
2.133546e-02,3.034984e-04,1.842685e-03,1.724118e-03,7.152748e-03,1.316812e-03,1.820582e-03,9.508467e-01,6.400607e-03,4.095538e-04,1.630206e-03,1.328132e-03,2.380698e-03,5.966285e-05,1.448556e-03
2.672837e-02,4.033925e-04,1.928947e-03,3.289052e-03,9.616135e-03,1.260367e-03,1.564807e-03,9.322503e-01,1.373583e-02,5.063798e-04,2.827947e-03,1.585564e-03,2.930948e-03,6.640336e-05,1.305614e-03
2.949854e-02,5.425803e-04,1.669515e-03,4.323648e-03,9.432967e-03,1.078389e-03,1.186119e-03,8.739664e-01,6.514087e-02,9.341964e-04,4.589098e-03,2.338742e-03,3.798019e-03,1.313747e-04,1.369594e-03
3.667345e-02,9.804436e-04,1.375598e-03,5.352557e-03,1.085804e-02,1.379259e-03,9.805554e-04,8.403452e-01,8.814897e-02,9.304656e-04,4.361656e-03,2.407171e-03,4.641857e-03,1.541387e-04,1.410652e-03
5.006507e-02,2.313064e-03,1.126270e-03,6.143807e-03,1.296116e-02,2.138460e-03,9.558896e-04,7.746363e-01,1.278230e-01,1.000419e-03,4.690605e-03,2.702753e-03,1.093960e-02,1.817550e-04,2.321820e-03
5.534192e-02,6.147172e-03,1.082084e-03,2.523617e-02,1.128976e-02,2.673911e-03,9.446840e-04,5.902858e-01,2.643629e-01,2.177488e-03,5.443789e-03,2.815299e-03,2.698942e-02,2.097644e-04,4.999961e-03
6.487857e-02,1.269969e-02,1.057066e-03,4.060225e-02,1.181191e-02,4.344546e-03,1.200831e-03,4.556442e-01,2.835668e-01,3.386334e-03,6.871401e-03,3.392226e-03,9.494544e-02,2.521516e-04,1.534660e-02
6.928338e-02,3.108302e-02,1.077586e-03,4.431893e-02,1.052963e-02,5.589454e-03,1.082905e-03,3.410214e-01,2.471556e-01,4.246627e-03,6.865002e-03,3.412456e-03,1.918884e-01,3.417504e-04,4.210392e-02
5.751724e-02,3.397532e-02,9.744304e-04,3.940681e-02,7.976440e-03,4.853856e-03,8.063074e-04,2.408517e-01,2.139313e-01,3.814417e-03,5.954798e-03,2.812525e-03,3.045702e-01,3.490482e-04,8.220563e-02
4.599214e-02,3.969013e-02,8.355966e-04,3.123721e-02,5.928090e-03,4.431942e-03,5.919139e-04,1.699001e-01,1.855955e-01,3.160782e-03,4.854630e-03,2.337545e-03,3.898039e-01,3.248900e-04,1.153156e-01
3.383194e-02,3.663907e-02,6.861098e-04,2.252458e-02,4.348007e-03,3.422785e-03,4.318091e-04,1.191261e-01,1.521807e-01,2.447067e-03,3.631276e-03,1.803211e-03,5.075244e-01,2.781586e-04,1.111248e-01
2.459739e-02,2.916078e-02,5.639269e-04,1.606450e-02,3.248366e-03,2.709922e-03,3.187985e-04,8.348408e-02,1.148455e-01,1.853465e-03,2.799058e-03,1.432039e-03,6.165394e-01,2.357563e-04,1.021471e-01
1.760622e-02,2.223352e-02,4.511964e-04,1.133792e-02,2.372745e-03,2.115856e-03,2.435600e-04,5.846437e-02,8.499202e-02,1.349594e-03,2.129236e-03,1.137009e-03,7.178916e-01,1.837682e-04,7.749140e-02
1.262997e-02,1.669161e-02,4.151060e-04,7.994500e-03,1.754751e-03,1.681714e-03,1.976290e-04,4.094306e-02,6.331608e-02,9.945233e-04,1.698937e-03,1.003791e-03,7.931365e-01,1.485424e-04,5.739327e-02
9.038288e-03,1.217311e-02,5.411187e-04,5.630256e-03,1.451570e-03,1.321911e-03,2.114953e-04,2.869796e-02,4.581949e-02,7.383385e-04,1.373940e-03,8.383214e-04,8.494217e-01,1.253806e-04,4.261700e-02
6.651238e-03,9.100149e-03,1.504202e-03,3.985756e-03,1.411120e-03,1.372485e-03,3.022699e-04,2.023401e-02,3.257456e-02,5.421893e-04,1.079485e-03,9.263360e-04,8.889918e-01,1.259999e-04,3.119836e-02
5.163029e-03,6.475981e-03,1.272229e-03,2.810121e-03,1.450732e-03,3.249321e-03,8.972872e-04,1.484011e-02,2.298172e-02,3.907697e-04,8.500898e-04,1.896761e-03,9.143463e-01,1.077733e-04,2.326779e-02
4.937985e-03,4.876028e-03,2.582924e-03,2.000681e-03,6.071215e-03,3.196965e-03,1.022651e-03,1.080960e-02,1.667460e-02,2.978425e-04,6.531877e-04,2.856076e-03,9.271255e-01,1.091532e-04,1.678565e-02
5.026806e-03,5.908518e-03,6.155503e-03,1.452357e-03,5.048602e-02,3.555711e-03,1.679695e-03,9.284648e-03,2.058018e-02,2.995768e-04,6.244347e-04,3.583339e-03,8.788707e-01,1.337213e-04,1.235883e-02
5.915323e-03,4.668391e-03,8.617265e-03,1.166866e-03,7.714437e-02,7.852268e-03,2.621286e-03,1.139443e-02,1.711302e-02,3.402094e-04,7.142292e-04,3.282024e-03,8.498247e-01,1.610409e-04,9.184644e-03
8.327713e-03,3.601599e-03,9.134812e-03,1.329235e-03,7.075410e-02,7.207917e-03,2.234295e-03,3.280580e-02,1.840692e-02,6.329470e-04,2.089945e-03,4.280305e-03,8.305057e-01,1.679850e-04,8.520701e-03
9.460326e-03,2.918630e-03,1.153163e-02,1.780709e-03,6.754544e-02,5.586225e-03,2.207509e-03,7.264558e-02,2.401197e-02,7.994071e-04,4.170762e-03,3.919051e-03,7.845790e-01,1.689472e-04,8.674858e-03
1.382723e-02,2.798661e-03,1.444775e-02,2.236728e-03,7.113546e-02,4.477227e-03,2.978759e-03,6.431485e-02,2.878216e-02,3.381365e-03,3.656376e-03,2.992451e-03,7.677921e-01,1.791139e-04,1.699976e-02
1.928462e-02,3.718618e-03,1.698694e-02,3.654555e-03,6.826293e-02,5.799577e-03,4.644245e-03,6.024794e-02,3.538869e-02,5.553054e-03,3.451790e-03,2.362621e-03,7.435741e-01,2.863248e-04,2.678392e-02
2.353656e-02,3.842330e-03,1.599555e-02,3.472589e-03,8.708759e-02,8.019088e-03,7.408277e-03,4.735491e-02,3.815147e-02,4.514841e-03,2.817668e-03,1.996136e-03,7.230601e-01,2.923887e-04,3.245046e-02
2.582533e-02,4.066123e-03,1.423987e-02,4.671129e-03,8.796490e-02,9.581160e-03,9.215907e-03,4.526167e-02,3.975276e-02,3.822238e-03,2.503784e-03,1.876099e-03,6.963131e-01,4.121095e-04,5.449385e-02
2.758238e-02,6.978358e-03,1.275641e-02,6.784724e-03,1.325688e-01,1.452213e-02,1.140597e-02,5.966246e-02,5.492832e-02,4.019596e-03,2.291715e-03,1.891462e-03,5.555708e-01,5.440824e-04,1.084927e-01
4.530782e-02,1.302635e-02,1.155649e-02,1.743600e-02,1.124722e-01,3.419256e-02,1.042327e-02,1.615899e-01,5.064361e-02,6.451503e-03,5.561380e-03,9.741424e-03,4.275975e-01,9.149383e-04,9.308499e-02
7.019717e-02,1.321922e-02,1.139164e-02,1.796810e-02,1.048434e-01,4.101883e-02,1.322803e-02,1.849929e-01,5.891350e-02,5.553356e-03,4.648762e-03,9.199791e-03,3.837889e-01,1.070998e-03,7.996538e-02
1.079500e-01,1.687885e-02,9.230243e-03,1.624773e-02,9.036952e-02,4.121575e-02,1.792836e-02,2.224150e-01,6.538443e-02,4.862537e-03,4.144574e-03,1.145397e-02,3.197566e-01,1.272078e-03,7.089026e-02
2.050825e-01,1.711764e-02,7.081171e-03,1.809807e-02,7.130295e-02,4.356205e-02,1.593541e-02,1.754737e-01,6.977250e-02,4.253463e-03,4.080428e-03,1.290586e-02,2.935849e-01,1.800883e-03,5.994851e-02
2.870269e-01,1.368806e-02,8.630745e-03,2.187081e-02,5.544727e-02,5.435207e-02,1.209109e-02,1.888301e-01,5.589457e-02,3.187586e-03,8.717787e-03,2.330022e-02,2.199872e-01,2.925982e-03,4.404956e-02
2.691839e-01,1.018838e-02,1.651942e-02,1.766361e-02,4.070082e-02,4.779807e-02,2.252929e-02,3.090528e-01,4.183678e-02,2.313151e-03,8.209295e-03,2.016228e-02,1.602978e-01,2.303266e-03,3.124120e-02
2.058358e-01,7.217645e-03,1.385747e-02,1.336254e-02,2.891863e-02,3.505106e-02,2.713542e-02,4.800648e-01,2.960291e-02,1.661493e-03,6.159528e-03,1.438881e-02,1.129501e-01,1.679039e-03,2.211482e-02
1.535890e-01,5.108781e-03,1.070820e-02,9.886840e-03,2.049564e-02,2.584835e-02,2.809478e-02,6.133772e-01,2.088865e-02,1.181460e-03,4.466389e-03,1.024076e-02,7.927395e-02,1.206293e-03,1.563367e-02
1.102782e-01,3.613431e-03,8.532159e-03,7.176892e-03,1.457617e-02,1.940835e-02,2.675124e-02,7.161054e-01,1.474865e-02,8.406863e-04,3.229477e-03,7.241324e-03,5.561233e-02,8.627333e-04,1.102304e-02
7.873905e-02,2.544415e-03,6.426745e-03,5.314688e-03,1.034603e-02,1.396600e-02,1.996205e-02,7.970394e-01,1.035175e-02,5.906670e-04,2.304964e-03,5.086039e-03,3.896902e-02,6.125648e-04,7.746628e-03
5.564272e-02,1.786499e-03,4.681220e-03,3.766159e-03,7.578357e-03,9.910084e-03,1.700454e-02,8.535912e-01,7.253425e-03,4.156322e-04,1.634461e-03,3.571050e-03,2.729999e-02,4.342392e-04,5.430344e-03
3.938816e-02,1.264149e-03,3.397767e-03,2.689010e-03,5.618813e-03,7.188829e-03,1.597396e-02,8.920197e-01,5.085759e-03,2.992639e-04,1.180709e-03,2.551983e-03,1.919994e-02,3.099478e-04,3.831930e-03
2.831110e-02,8.934537e-04,2.514240e-03,1.948872e-03,4.463828e-03,5.129561e-03,1.243335e-02,9.214580e-01,3.565822e-03,2.139980e-04,8.571177e-04,1.816708e-03,1.348080e-02,2.196867e-04,2.693355e-03
2.052604e-02,6.300259e-04,1.837408e-03,1.402855e-03,3.694139e-03,3.667556e-03,9.990240e-03,9.420884e-01,2.499234e-03,1.549228e-04,6.305149e-04,1.315492e-03,9.515668e-03,1.561668e-04,1.891309e-03
1.509621e-02,4.501614e-04,1.369046e-03,1.031636e-03,2.924698e-03,2.811405e-03,7.495963e-03,9.570912e-01,1.764543e-03,1.248972e-04,5.032906e-04,1.026690e-03,6.819664e-03,1.164506e-04,1.374138e-03
1.087801e-02,3.189738e-04,1.146378e-03,8.045280e-04,2.314832e-03,2.079846e-03,5.655065e-03,9.682608e-01,1.245708e-03,1.002252e-04,3.948132e-04,7.755633e-04,4.947374e-03,8.545852e-05,9.924072e-04
8.145943e-03,2.278843e-04,8.820624e-04,6.128439e-04,2.121023e-03,1.516250e-03,4.939297e-03,9.753315e-01,8.901361e-04,7.691764e-05,2.998615e-04,5.956138e-04,3.588172e-03,6.310129e-05,7.094680e-04
7.217858e-03,1.655342e-04,7.368919e-04,5.108815e-04,2.114033e-03,1.163530e-03,4.927373e-03,9.785502e-01,6.379491e-04,6.939546e-05,2.347346e-04,4.965149e-04,2.611315e-03,4.707860e-05,5.168105e-04
6.495921e-03,1.238240e-04,6.106491e-04,4.302167e-04,2.007709e-03,8.570927e-04,4.201407e-03,9.818621e-01,4.542448e-04,5.517451e-05,1.839383e-04,4.058729e-04,1.902974e-03,3.578129e-05,3.731962e-04
6.679518e-03,9.723307e-05,5.503077e-04,3.715350e-04,2.045476e-03,6.623270e-04,3.775015e-03,9.831710e-01,3.269840e-04,4.796766e-05,1.566390e-04,3.881684e-04,1.419277e-03,3.024620e-05,2.782966e-04
7.222779e-03,8.613221e-05,5.411814e-04,3.116381e-04,2.677124e-03,5.538620e-04,5.338167e-03,9.808766e-01,2.511118e-04,4.472299e-05,1.759499e-04,5.110356e-04,1.152650e-03,3.527350e-05,2.217245e-04
1.319481e-02,1.136791e-04,7.409887e-04,3.251247e-04,4.833896e-03,5.447459e-04,6.057451e-03,9.717460e-01,2.493579e-04,4.674156e-05,2.120101e-04,6.932544e-04,9.946997e-04,4.777987e-05,1.994800e-04
1.370599e-02,1.362477e-04,9.488360e-04,3.074192e-04,4.883446e-03,5.830448e-04,5.840176e-03,9.707029e-01,2.123416e-04,4.813579e-05,2.186762e-04,1.092857e-03,1.053889e-03,5.299994e-05,2.130388e-04
2.599113e-02,1.687612e-04,1.158388e-03,3.502026e-04,6.886944e-03,7.736600e-04,7.920229e-03,9.539481e-01,2.261252e-04,6.046259e-05,2.235294e-04,1.084022e-03,8.934200e-04,5.658681e-05,2.584140e-04
3.668825e-02,2.006371e-04,1.320135e-03,4.276833e-04,7.210714e-03,8.227060e-04,7.984764e-03,9.424649e-01,2.359364e-04,8.164463e-05,2.247872e-04,1.195807e-03,7.780086e-04,6.265717e-05,3.014107e-04
4.249253e-02,1.913798e-04,1.310874e-03,4.455826e-04,6.297551e-03,1.021396e-03,7.744473e-03,9.374375e-01,2.068545e-04,9.951367e-05,2.790164e-04,1.261737e-03,7.397290e-04,6.690855e-05,4.049707e-04
4.581682e-02,1.728738e-04,1.098718e-03,3.996459e-04,5.778079e-03,9.515663e-04,7.347690e-03,9.357273e-01,1.823875e-04,8.857668e-05,2.962958e-04,1.067702e-03,6.171698e-04,6.471820e-05,3.905119e-04
4.832034e-02,1.534575e-04,9.380426e-04,3.688550e-04,4.941867e-03,1.016319e-03,7.890157e-03,9.337960e-01,1.567080e-04,7.448973e-05,2.809158e-04,1.038227e-03,5.569211e-04,6.487117e-05,4.028019e-04
4.962933e-02,1.378075e-04,8.791469e-04,3.456947e-04,4.301566e-03,9.364088e-04,8.329499e-03,9.330441e-01,1.452186e-04,6.449671e-05,2.603892e-04,9.754088e-04,4.718322e-04,6.161141e-05,4.175113e-04
4.973760e-02,1.347661e-04,8.039577e-04,3.032382e-04,4.038043e-03,9.859347e-04,8.956242e-03,9.327099e-01,1.438104e-04,5.685299e-05,2.345854e-04,9.922910e-04,4.234239e-04,6.226302e-05,4.170724e-04
5.176813e-02,1.691113e-04,7.097757e-04,2.880314e-04,4.318599e-03,1.030173e-03,8.396098e-03,9.310333e-01,1.593629e-04,5.555150e-05,2.348613e-04,9.542572e-04,4.137563e-04,6.718390e-05,4.018765e-04
6.036312e-02,1.798272e-04,6.395111e-04,2.656054e-04,4.497201e-03,9.229856e-04,7.358994e-03,9.236507e-01,1.455877e-04,5.085397e-05,2.074916e-04,8.716777e-04,3.743168e-04,6.566934e-05,4.064608e-04
6.620043e-02,1.754804e-04,5.616050e-04,2.919573e-04,4.036607e-03,8.953254e-04,5.712588e-03,9.201078e-01,1.202159e-04,4.713040e-05,1.898356e-04,7.922480e-04,3.789419e-04,6.653051e-05,4.232371e-04
8.167587e-02,2.347042e-04,5.510316e-04,3.716052e-04,4.140589e-03,1.095437e-03,4.538174e-03,9.042817e-01,1.437020e-04,5.424963e-05,2.393348e-04,1.279940e-03,6.942978e-04,9.297999e-05,6.063377e-04
9.671758e-02,2.722326e-04,5.256996e-04,3.968670e-04,3.845118e-03,1.315717e-03,3.702627e-03,8.893815e-01,1.536846e-04,5.888685e-05,2.572131e-04,1.551760e-03,9.504514e-04,1.110050e-04,7.597025e-04
1.281522e-01,3.236183e-04,6.674795e-04,5.825303e-04,4.188450e-03,1.622146e-03,3.337435e-03,8.562554e-01,2.068055e-04,7.311815e-05,3.548470e-04,1.894636e-03,1.180686e-03,1.661621e-04,9.945499e-04
2.097232e-01,5.537346e-04,1.377673e-03,1.192232e-03,4.475616e-03,2.656941e-03,3.305207e-03,7.671343e-01,4.289413e-04,1.978237e-04,5.997663e-04,3.643970e-03,2.059907e-03,3.963176e-04,2.254357e-03
2.798253e-01,7.409812e-04,2.073855e-03,1.538690e-03,4.835153e-03,3.118715e-03,3.199416e-03,6.925730e-01,5.309600e-04,3.172126e-04,7.237935e-04,4.404918e-03,2.417678e-03,5.585162e-04,3.141851e-03
3.839382e-01,1.293861e-03,3.628116e-03,2.987370e-03,6.338365e-03,5.154756e-03,3.852290e-03,5.734176e-01,8.885553e-04,6.520423e-04,1.061111e-03,7.469087e-03,3.546398e-03,8.654257e-04,4.906769e-03
4.728976e-01,1.588348e-03,4.448856e-03,3.452489e-03,7.136611e-03,5.717838e-03,3.843912e-03,4.792170e-01,1.017684e-03,8.111974e-04,1.234974e-03,8.198810e-03,4.031484e-03,1.001550e-03,5.401625e-03
1.000000e+00,0.000000e+00,0.000000e+00,0.000000e+00,0.000000e+00,0.000000e+00,0.000000e+00,0.000000e+00,0.000000e+00,0.000000e+00,0.000000e+00,0.000000e+00,0.000000e+00,0.000000e+00,0.000000e+00
1.000000e+00,0.000000e+00,0.000000e+00,0.000000e+00,0.000000e+00,0.000000e+00,0.000000e+00,0.000000e+00,0.000000e+00,0.000000e+00,0.000000e+00,0.000000e+00,0.000000e+00,0.000000e+00,0.000000e+00
1.000000e+00,0.000000e+00,0.000000e+00,0.000000e+00,0.000000e+00,0.000000e+00,0.000000e+00,0.000000e+00,0.000000e+00,0.000000e+00,0.000000e+00,0.000000e+00,0.000000e+00,0.000000e+00,0.000000e+00
4.894199e-01,1.614700e-02,9.712950e-03,4.105175e-02,9.439353e-03,2.239726e-02,3.875739e-03,1.764726e-01,2.755549e-02,2.849510e-02,1.847836e-02,7.890943e-02,3.093415e-02,4.975552e-03,4.213536e-02
3.656322e-01,1.369229e-02,7.349349e-03,4.984371e-02,7.022297e-03,1.709544e-02,3.020309e-03,1.318920e-01,2.756193e-02,1.634249e-01,2.661929e-02,8.450490e-02,3.817938e-02,4.889806e-03,5.927217e-02
2.562172e-01,1.041441e-02,5.761602e-03,1.122180e-01,5.246764e-03,1.236803e-02,2.289642e-03,9.288538e-02,2.312374e-02,1.863995e-01,5.459021e-02,8.220208e-02,8.132289e-02,3.810989e-03,7.114954e-02
1.795364e-01,7.843059e-03,4.453066e-03,9.418677e-02,4.045889e-03,8.928348e-03,1.808755e-03,6.506453e-02,2.192187e-02,1.562034e-01,7.351055e-02,1.246333e-01,1.970816e-01,3.500555e-03,5.728187e-02
1.262201e-01,2.094886e-02,5.025669e-03,8.123980e-02,3.997621e-03,6.661549e-03,1.302453e-03,4.561028e-02,4.056096e-02,1.213012e-01,1.053523e-01,1.069460e-01,2.619034e-01,3.498394e-03,6.943139e-02
8.910743e-02,1.860967e-02,4.469077e-03,7.341419e-02,3.257349e-03,5.814559e-03,9.638479e-04,3.198647e-02,5.167630e-02,1.947682e-01,8.599541e-02,1.095118e-01,2.403614e-01,4.786885e-03,8.527738e-02
6.294279e-02,1.620269e-02,3.854793e-03,7.624310e-02,2.735813e-03,4.928680e-03,7.428295e-04,2.255645e-02,5.759668e-02,1.827752e-01,7.429302e-02,1.129000e-01,2.455800e-01,6.906789e-03,1.297412e-01
4.477776e-02,1.187255e-02,3.473766e-03,5.721836e-02,5.459243e-03,4.343351e-03,6.780741e-04,1.608230e-02,9.384556e-02,1.421673e-01,7.676159e-02,1.204217e-01,2.740517e-01,7.640259e-03,1.412065e-01
3.171273e-02,8.566205e-03,4.024548e-03,4.055353e-02,1.578194e-02,3.310689e-03,1.722701e-03,1.452267e-02,1.517009e-01,1.060506e-01,6.683560e-02,1.124387e-01,2.752010e-01,6.757976e-03,1.608202e-01
2.247079e-02,6.313650e-03,4.367908e-03,2.889210e-02,1.288354e-02,2.848361e-03,1.363868e-03,1.336670e-02,1.249034e-01,9.121259e-02,6.097275e-02,1.522268e-01,3.220830e-01,7.793694e-03,1.483009e-01
1.599480e-02,4.651044e-03,3.659521e-03,2.027040e-02,3.336350e-02,2.139539e-03,2.047887e-03,1.215203e-02,1.679603e-01,6.898678e-02,5.482631e-02,1.361249e-01,3.350020e-01,6.359704e-03,1.364612e-01
1.131387e-02,3.367315e-03,3.366178e-03,1.422949e-02,2.752527e-02,1.620761e-03,3.596849e-03,2.659126e-02,1.472714e-01,5.819186e-02,5.604854e-02,1.142963e-01,4.077908e-01,4.849096e-03,1.199409e-01
8.191411e-03,2.451788e-03,3.760974e-03,1.009664e-02,2.526255e-02,1.798239e-03,4.643047e-03,5.355086e-02,1.253916e-01,4.975201e-02,5.640266e-02,1.148095e-01,4.499382e-01,3.846521e-03,9.010392e-02
6.685229e-03,1.957761e-03,5.408533e-03,7.411429e-03,4.916304e-02,2.334442e-03,3.976920e-03,1.538345e-01,1.026207e-01,3.764586e-02,5.813710e-02,8.872619e-02,4.140292e-01,2.798585e-03,6.527049e-02
7.819334e-03,1.847577e-03,9.744048e-03,6.301633e-03,7.581358e-02,2.775289e-03,4.047424e-03,2.850109e-01,8.811209e-02,2.722736e-02,4.625411e-02,7.177729e-02,3.239726e-01,2.333403e-03,4.696336e-02
2.304799e-02,2.360500e-03,5.249431e-02,2.900945e-02,1.440671e-01,3.381057e-03,4.398710e-03,2.718399e-01,7.364143e-02,1.998388e-02,4.296163e-02,5.274852e-02,2.443588e-01,2.010140e-03,3.369643e-02
3.502453e-02,2.851270e-03,5.029378e-02,3.572221e-02,1.864742e-01,6.148502e-03,1.047595e-02,2.841434e-01,6.145755e-02,1.577264e-02,4.225323e-02,4.242391e-02,1.995498e-01,2.295556e-03,2.511346e-02
4.494716e-02,4.536177e-03,6.334821e-02,3.108029e-02,2.799464e-01,6.392068e-03,1.554284e-02,2.356924e-01,6.143091e-02,1.181427e-02,3.861136e-02,3.275760e-02,1.536789e-01,1.950835e-03,1.827060e-02
4.229406e-02,2.083176e-02,6.849262e-02,2.740434e-02,2.399488e-01,7.387692e-03,1.468158e-02,1.758247e-01,2.107350e-01,8.696400e-03,3.067768e-02,2.460354e-02,1.123358e-01,1.434537e-03,1.465157e-02
3.685520e-02,2.456158e-02,5.746371e-02,2.290919e-02,2.086947e-01,7.908896e-03,1.696520e-02,1.267631e-01,3.499738e-01,6.556780e-03,2.463087e-02,1.953657e-02,8.385062e-02,1.112861e-03,1.221698e-02
2.888075e-02,5.775155e-02,6.999478e-02,1.239843e-01,1.577462e-01,7.374278e-03,1.237634e-02,9.039859e-02,3.337133e-01,5.047338e-03,1.949092e-02,1.451041e-02,6.013028e-02,9.045523e-04,1.769635e-02
3.654785e-02,5.346815e-02,5.798295e-02,1.120910e-01,1.882925e-01,9.389728e-03,1.207552e-02,6.752473e-02,3.680592e-01,3.997825e-03,1.552283e-02,1.203804e-02,4.450953e-02,7.813176e-04,1.771884e-02
4.194125e-02,4.260387e-02,4.211220e-02,8.186673e-02,1.736327e-01,1.348211e-02,1.100688e-02,6.376135e-02,4.531128e-01,2.987145e-03,1.422608e-02,9.358676e-03,3.548392e-02,7.971309e-04,1.362718e-02
4.609502e-02,3.154976e-02,3.119884e-02,5.860291e-02,1.464332e-01,1.036727e-02,8.496149e-03,2.513614e-01,3.602649e-01,2.180083e-03,1.059562e-02,6.715403e-03,2.576196e-02,6.103966e-04,9.767180e-03
5.728326e-02,2.329899e-02,2.269055e-02,4.377771e-02,1.105223e-01,8.060095e-03,6.599738e-03,4.268510e-01,2.603994e-01,1.563817e-03,7.858270e-03,4.822935e-03,1.874726e-02,5.170867e-04,7.007527e-03
5.419587e-02,1.644752e-02,1.641279e-02,3.164194e-02,8.040188e-02,7.467813e-03,4.922886e-03,5.765371e-01,1.826545e-01,1.137051e-03,5.974393e-03,3.483233e-03,1.330386e-02,4.158831e-04,5.003310e-03
4.902419e-02,1.168448e-02,1.218317e-02,2.401174e-02,6.042996e-02,8.053618e-03,3.662906e-03,6.810806e-01,1.280012e-01,8.869446e-04,4.739183e-03,2.577591e-03,9.669505e-03,3.818964e-04,3.613117e-03
