1.000000e+00,0.000000e+00,0.000000e+00,0.000000e+00,0.000000e+00,0.000000e+00,0.000000e+00,0.000000e+00,0.000000e+00,0.000000e+00,0.000000e+00,0.000000e+00,0.000000e+00,0.000000e+00,0.000000e+00
1.000000e+00,0.000000e+00,0.000000e+00,0.000000e+00,0.000000e+00,0.000000e+00,0.000000e+00,0.000000e+00,0.000000e+00,0.000000e+00,0.000000e+00,0.000000e+00,0.000000e+00,0.000000e+00,0.000000e+00
1.000000e+00,0.000000e+00,0.000000e+00,0.000000e+00,0.000000e+00,0.000000e+00,0.000000e+00,0.000000e+00,0.000000e+00,0.000000e+00,0.000000e+00,0.000000e+00,0.000000e+00,0.000000e+00,0.000000e+00
1.000000e+00,0.000000e+00,0.000000e+00,0.000000e+00,0.000000e+00,0.000000e+00,0.000000e+00,0.000000e+00,0.000000e+00,0.000000e+00,0.000000e+00,0.000000e+00,0.000000e+00,0.000000e+00,0.000000e+00
1.000000e+00,0.000000e+00,0.000000e+00,0.000000e+00,0.000000e+00,0.000000e+00,0.000000e+00,0.000000e+00,0.000000e+00,0.000000e+00,0.000000e+00,0.000000e+00,0.000000e+00,0.000000e+00,0.000000e+00
1.000000e+00,0.000000e+00,0.000000e+00,0.000000e+00,0.000000e+00,0.000000e+00,0.000000e+00,0.000000e+00,0.000000e+00,0.000000e+00,0.000000e+00,0.000000e+00,0.000000e+00,0.000000e+00,0.000000e+00
1.000000e+00,0.000000e+00,0.000000e+00,0.000000e+00,0.000000e+00,0.000000e+00,0.000000e+00,0.000000e+00,0.000000e+00,0.000000e+00,0.000000e+00,0.000000e+00,0.000000e+00,0.000000e+00,0.000000e+00
1.000000e+00,0.000000e+00,0.000000e+00,0.000000e+00,0.000000e+00,0.000000e+00,0.000000e+00,0.000000e+00,0.000000e+00,0.000000e+00,0.000000e+00,0.000000e+00,0.000000e+00,0.000000e+00,0.000000e+00
1.000000e+00,0.000000e+00,0.000000e+00,0.000000e+00,0.000000e+00,0.000000e+00,0.000000e+00,0.000000e+00,0.000000e+00,0.000000e+00,0.000000e+00,0.000000e+00,0.000000e+00,0.000000e+00,0.000000e+00
1.000000e+00,0.000000e+00,0.000000e+00,0.000000e+00,0.000000e+00,0.000000e+00,0.000000e+00,0.000000e+00,0.000000e+00,0.000000e+00,0.000000e+00,0.000000e+00,0.000000e+00,0.000000e+00,0.000000e+00
1.000000e+00,0.000000e+00,0.000000e+00,0.000000e+00,0.000000e+00,0.000000e+00,0.000000e+00,0.000000e+00,0.000000e+00,0.000000e+00,0.000000e+00,0.000000e+00,0.000000e+00,0.000000e+00,0.000000e+00
1.000000e+00,0.000000e+00,0.000000e+00,0.000000e+00,0.000000e+00,0.000000e+00,0.000000e+00,0.000000e+00,0.000000e+00,0.000000e+00,0.000000e+00,0.000000e+00,0.000000e+00,0.000000e+00,0.000000e+00
1.000000e+00,0.000000e+00,0.000000e+00,0.000000e+00,0.000000e+00,0.000000e+00,0.000000e+00,0.000000e+00,0.000000e+00,0.000000e+00,0.000000e+00,0.000000e+00,0.000000e+00,0.000000e+00,0.000000e+00
1.000000e+00,0.000000e+00,0.000000e+00,0.000000e+00,0.000000e+00,0.000000e+00,0.000000e+00,0.000000e+00,0.000000e+00,0.000000e+00,0.000000e+00,0.000000e+00,0.000000e+00,0.000000e+00,0.000000e+00
1.000000e+00,0.000000e+00,0.000000e+00,0.000000e+00,0.000000e+00,0.000000e+00,0.000000e+00,0.000000e+00,0.000000e+00,0.000000e+00,0.000000e+00,0.000000e+00,0.000000e+00,0.000000e+00,0.000000e+00
1.000000e+00,0.000000e+00,0.000000e+00,0.000000e+00,0.000000e+00,0.000000e+00,0.000000e+00,0.000000e+00,0.000000e+00,0.000000e+00,0.000000e+00,0.000000e+00,0.000000e+00,0.000000e+00,0.000000e+00
1.000000e+00,0.000000e+00,0.000000e+00,0.000000e+00,0.000000e+00,0.000000e+00,0.000000e+00,0.000000e+00,0.000000e+00,0.000000e+00,0.000000e+00,0.000000e+00,0.000000e+00,0.000000e+00,0.000000e+00
1.000000e+00,0.000000e+00,0.000000e+00,0.000000e+00,0.000000e+00,0.000000e+00,0.000000e+00,0.000000e+00,0.000000e+00,0.000000e+00,0.000000e+00,0.000000e+00,0.000000e+00,0.000000e+00,0.000000e+00
1.000000e+00,0.000000e+00,0.000000e+00,0.000000e+00,0.000000e+00,0.000000e+00,0.000000e+00,0.000000e+00,0.000000e+00,0.000000e+00,0.000000e+00,0.000000e+00,0.000000e+00,0.000000e+00,0.000000e+00
1.000000e+00,0.000000e+00,0.000000e+00,0.000000e+00,0.000000e+00,0.000000e+00,0.000000e+00,0.000000e+00,0.000000e+00,0.000000e+00,0.000000e+00,0.000000e+00,0.000000e+00,0.000000e+00,0.000000e+00
1.000000e+00,0.000000e+00,0.000000e+00,0.000000e+00,0.000000e+00,0.000000e+00,0.000000e+00,0.000000e+00,0.000000e+00,0.000000e+00,0.000000e+00,0.000000e+00,0.000000e+00,0.000000e+00,0.000000e+00
1.000000e+00,0.000000e+00,0.000000e+00,0.000000e+00,0.000000e+00,0.000000e+00,0.000000e+00,0.000000e+00,0.000000e+00,0.000000e+00,0.000000e+00,0.000000e+00,0.000000e+00,0.000000e+00,0.000000e+00
1.000000e+00,0.000000e+00,0.000000e+00,0.000000e+00,0.000000e+00,0.000000e+00,0.000000e+00,0.000000e+00,0.000000e+00,0.000000e+00,0.000000e+00,0.000000e+00,0.000000e+00,0.000000e+00,0.000000e+00
1.000000e+00,0.000000e+00,0.000000e+00,0.000000e+00,0.000000e+00,0.000000e+00,0.000000e+00,0.000000e+00,0.000000e+00,0.000000e+00,0.000000e+00,0.000000e+00,0.000000e+00,0.000000e+00,0.000000e+00
1.000000e+00,0.000000e+00,0.000000e+00,0.000000e+00,0.000000e+00,0.000000e+00,0.000000e+00,0.000000e+00,0.000000e+00,0.000000e+00,0.000000e+00,0.000000e+00,0.000000e+00,0.000000e+00,0.000000e+00
1.000000e+00,0.000000e+00,0.000000e+00,0.000000e+00,0.000000e+00,0.000000e+00,0.000000e+00,0.000000e+00,0.000000e+00,0.000000e+00,0.000000e+00,0.000000e+00,0.000000e+00,0.000000e+00,0.000000e+00
1.000000e+00,0.000000e+00,0.000000e+00,0.000000e+00,0.000000e+00,0.000000e+00,0.000000e+00,0.000000e+00,0.000000e+00,0.000000e+00,0.000000e+00,0.000000e+00,0.000000e+00,0.000000e+00,0.000000e+00
1.000000e+00,0.000000e+00,0.000000e+00,0.000000e+00,0.000000e+00,0.000000e+00,0.000000e+00,0.000000e+00,0.000000e+00,0.000000e+00,0.000000e+00,0.000000e+00,0.000000e+00,0.000000e+00,0.000000e+00
1.000000e+00,0.000000e+00,0.000000e+00,0.000000e+00,0.000000e+00,0.000000e+00,0.000000e+00,0.000000e+00,0.000000e+00,0.000000e+00,0.000000e+00,0.000000e+00,0.000000e+00,0.000000e+00,0.000000e+00
1.000000e+00,0.000000e+00,0.000000e+00,0.000000e+00,0.000000e+00,0.000000e+00,0.000000e+00,0.000000e+00,0.000000e+00,0.000000e+00,0.000000e+00,0.000000e+00,0.000000e+00,0.000000e+00,0.000000e+00
1.000000e+00,0.000000e+00,0.000000e+00,0.000000e+00,0.000000e+00,0.000000e+00,0.000000e+00,0.000000e+00,0.000000e+00,0.000000e+00,0.000000e+00,0.000000e+00,0.000000e+00,0.000000e+00,0.000000e+00
1.000000e+00,0.000000e+00,0.000000e+00,0.000000e+00,0.000000e+00,0.000000e+00,0.000000e+00,0.000000e+00,0.000000e+00,0.000000e+00,0.000000e+00,0.000000e+00,0.000000e+00,0.000000e+00,0.000000e+00
1.000000e+00,0.000000e+00,0.000000e+00,0.000000e+00,0.000000e+00,0.000000e+00,0.000000e+00,0.000000e+00,0.000000e+00,0.000000e+00,0.000000e+00,0.000000e+00,0.000000e+00,0.000000e+00,0.000000e+00
1.000000e+00,0.000000e+00,0.000000e+00,0.000000e+00,0.000000e+00,0.000000e+00,0.000000e+00,0.000000e+00,0.000000e+00,0.000000e+00,0.000000e+00,0.000000e+00,0.000000e+00,0.000000e+00,0.000000e+00
1.000000e+00,0.000000e+00,0.000000e+00,0.000000e+00,0.000000e+00,0.000000e+00,0.000000e+00,0.000000e+00,0.000000e+00,0.000000e+00,0.000000e+00,0.000000e+00,0.000000e+00,0.000000e+00,0.000000e+00
1.000000e+00,0.000000e+00,0.000000e+00,0.000000e+00,0.000000e+00,0.000000e+00,0.000000e+00,0.000000e+00,0.000000e+00,0.000000e+00,0.000000e+00,0.000000e+00,0.000000e+00,0.000000e+00,0.000000e+00
1.000000e+00,0.000000e+00,0.000000e+00,0.000000e+00,0.000000e+00,0.000000e+00,0.000000e+00,0.000000e+00,0.000000e+00,0.000000e+00,0.000000e+00,0.000000e+00,0.000000e+00,0.000000e+00,0.000000e+00
1.000000e+00,0.000000e+00,0.000000e+00,0.000000e+00,0.000000e+00,0.000000e+00,0.000000e+00,0.000000e+00,0.000000e+00,0.000000e+00,0.000000e+00,0.000000e+00,0.000000e+00,0.000000e+00,0.000000e+00
1.000000e+00,0.000000e+00,0.000000e+00,0.000000e+00,0.000000e+00,0.000000e+00,0.000000e+00,0.000000e+00,0.000000e+00,0.000000e+00,0.000000e+00,0.000000e+00,0.000000e+00,0.000000e+00,0.000000e+00
1.000000e+00,0.000000e+00,0.000000e+00,0.000000e+00,0.000000e+00,0.000000e+00,0.000000e+00,0.000000e+00,0.000000e+00,0.000000e+00,0.000000e+00,0.000000e+00,0.000000e+00,0.000000e+00,0.000000e+00
1.000000e+00,0.000000e+00,0.000000e+00,0.000000e+00,0.000000e+00,0.000000e+00,0.000000e+00,0.000000e+00,0.000000e+00,0.000000e+00,0.000000e+00,0.000000e+00,0.000000e+00,0.000000e+00,0.000000e+00
1.000000e+00,0.000000e+00,0.000000e+00,0.000000e+00,0.000000e+00,0.000000e+00,0.000000e+00,0.000000e+00,0.000000e+00,0.000000e+00,0.000000e+00,0.000000e+00,0.000000e+00,0.000000e+00,0.000000e+00
1.000000e+00,0.000000e+00,0.000000e+00,0.000000e+00,0.000000e+00,0.000000e+00,0.000000e+00,0.000000e+00,0.000000e+00,0.000000e+00,0.000000e+00,0.000000e+00,0.000000e+00,0.000000e+00,0.000000e+00
1.000000e+00,0.000000e+00,0.000000e+00,0.000000e+00,0.000000e+00,0.000000e+00,0.000000e+00,0.000000e+00,0.000000e+00,0.000000e+00,0.000000e+00,0.000000e+00,0.000000e+00,0.000000e+00,0.000000e+00
1.000000e+00,0.000000e+00,0.000000e+00,0.000000e+00,0.000000e+00,0.000000e+00,0.000000e+00,0.000000e+00,0.000000e+00,0.000000e+00,0.000000e+00,0.000000e+00,0.000000e+00,0.000000e+00,0.000000e+00
1.000000e+00,0.000000e+00,0.000000e+00,0.000000e+00,0.000000e+00,0.000000e+00,0.000000e+00,0.000000e+00,0.000000e+00,0.000000e+00,0.000000e+00,0.000000e+00,0.000000e+00,0.000000e+00,0.000000e+00
1.000000e+00,0.000000e+00,0.000000e+00,0.000000e+00,0.000000e+00,0.000000e+00,0.000000e+00,0.000000e+00,0.000000e+00,0.000000e+00,0.000000e+00,0.000000e+00,0.000000e+00,0.000000e+00,0.000000e+00
1.000000e+00,0.000000e+00,0.000000e+00,0.000000e+00,0.000000e+00,0.000000e+00,0.000000e+00,0.000000e+00,0.000000e+00,0.000000e+00,0.000000e+00,0.000000e+00,0.000000e+00,0.000000e+00,0.000000e+00
1.000000e+00,0.000000e+00,0.000000e+00,0.000000e+00,0.000000e+00,0.000000e+00,0.000000e+00,0.000000e+00,0.000000e+00,0.000000e+00,0.000000e+00,0.000000e+00,0.000000e+00,0.000000e+00,0.000000e+00
1.000000e+00,0.000000e+00,0.000000e+00,0.000000e+00,0.000000e+00,0.000000e+00,0.000000e+00,0.000000e+00,0.000000e+00,0.000000e+00,0.000000e+00,0.000000e+00,0.000000e+00,0.000000e+00,0.000000e+00
1.000000e+00,0.000000e+00,0.000000e+00,0.000000e+00,0.000000e+00,0.000000e+00,0.000000e+00,0.000000e+00,0.000000e+00,0.000000e+00,0.000000e+00,0.000000e+00,0.000000e+00,0.000000e+00,0.000000e+00
1.000000e+00,0.000000e+00,0.000000e+00,0.000000e+00,0.000000e+00,0.000000e+00,0.000000e+00,0.000000e+00,0.000000e+00,0.000000e+00,0.000000e+00,0.000000e+00,0.000000e+00,0.000000e+00,0.000000e+00
1.000000e+00,0.000000e+00,0.000000e+00,0.000000e+00,0.000000e+00,0.000000e+00,0.000000e+00,0.000000e+00,0.000000e+00,0.000000e+00,0.000000e+00,0.000000e+00,0.000000e+00,0.000000e+00,0.000000e+00
1.000000e+00,0.000000e+00,0.000000e+00,0.000000e+00,0.000000e+00,0.000000e+00,0.000000e+00,0.000000e+00,0.000000e+00,0.000000e+00,0.000000e+00,0.000000e+00,0.000000e+00,0.000000e+00,0.000000e+00
1.000000e+00,0.000000e+00,0.000000e+00,0.000000e+00,0.000000e+00,0.000000e+00,0.000000e+00,0.000000e+00,0.000000e+00,0.000000e+00,0.000000e+00,0.000000e+00,0.000000e+00,0.000000e+00,0.000000e+00
4.723494e-01,2.793334e-02,4.008069e-02,5.460187e-02,1.122660e-02,1.223122e-01,1.574924e-02,1.838360e-02,1.045760e-02,3.118130e-03,2.043295e-02,1.290046e-01,5.158836e-02,3.775379e-03,1.898605e-02
3.521059e-01,2.383602e-02,7.591477e-02,4.989829e-02,1.278451e-02,1.494303e-01,9.335249e-02,2.771334e-02,8.529041e-03,2.765951e-03,1.711621e-02,1.141864e-01,5.367106e-02,2.938535e-03,1.575718e-02
2.694516e-01,1.769834e-02,1.474595e-01,3.810772e-02,1.118889e-02,1.412881e-01,1.839194e-01,3.121187e-02,6.440090e-03,2.273091e-03,1.278736e-02,8.319124e-02,4.072579e-02,2.257738e-03,1.199930e-02
2.101940e-01,1.311068e-02,1.913781e-01,3.147168e-02,9.110793e-03,1.239268e-01,2.516978e-01,5.129443e-02,4.811948e-03,1.778439e-03,9.405571e-03,6.018038e-02,3.084824e-02,1.722218e-03,9.068842e-03
1.539943e-01,9.305742e-03,1.497256e-01,2.292575e-02,6.769628e-03,9.312439e-02,4.337655e-01,4.617476e-02,3.428199e-03,1.278933e-03,6.649162e-03,4.262846e-02,2.242535e-02,1.252621e-03,6.551708e-03
1.395956e-01,6.971146e-03,1.146752e-01,1.744032e-02,5.458616e-03,9.037723e-02,4.954618e-01,6.518115e-02,2.569808e-03,1.008703e-03,4.838128e-03,3.097342e-02,1.934178e-02,9.888306e-04,5.118337e-03
1.164757e-01,5.124467e-03,8.395058e-02,1.266384e-02,4.396487e-03,7.519495e-02,5.911026e-01,6.143264e-02,1.899329e-03,7.768601e-04,3.482816e-03,2.231990e-02,1.644710e-02,7.690538e-04,3.963603e-03
1.254120e-01,3.902237e-03,7.233854e-02,1.216847e-02,3.755578e-03,6.667318e-02,5.870176e-01,8.947878e-02,1.542019e-03,6.462429e-04,2.623155e-03,1.675526e-02,1.385367e-02,6.331753e-04,3.200082e-03
1.535811e-01,2.980956e-03,6.907371e-02,1.451537e-02,3.261981e-03,5.653559e-02,5.370859e-01,1.315688e-01,1.296139e-03,5.445092e-04,2.056663e-03,1.291217e-02,1.135851e-02,5.458176e-04,2.682862e-03
1.735007e-01,2.402169e-03,5.673597e-02,1.553285e-02,3.050915e-03,5.222632e-02,4.287855e-01,2.407465e-01,1.128919e-03,4.965548e-04,1.712823e-03,1.020678e-02,1.039264e-02,5.584697e-04,2.522822e-03
1.702525e-01,2.005697e-03,4.546149e-02,1.509041e-02,3.076895e-03,5.099411e-02,3.636183e-01,3.248014e-01,1.128010e-03,4.092741e-04,1.409837e-03,8.220693e-03,1.076425e-02,4.844884e-04,2.282575e-03
1.625613e-01,1.631936e-03,3.660930e-02,1.446402e-02,3.024049e-03,3.988216e-02,2.946001e-01,4.265302e-01,9.385980e-04,3.412902e-04,1.138776e-03,6.658037e-03,9.208935e-03,4.297786e-04,1.981597e-03
2.164280e-01,1.528241e-03,3.120121e-02,1.385481e-02,4.081927e-03,3.272892e-02,2.244845e-01,4.525836e-01,1.040553e-03,4.083905e-04,1.135064e-03,8.263428e-03,9.652347e-03,4.324052e-04,2.176477e-03
2.718817e-01,1.618829e-03,2.859896e-02,1.260354e-02,5.196530e-03,2.938521e-02,1.700715e-01,4.524198e-01,1.165304e-03,5.190311e-04,1.281061e-03,1.179611e-02,1.021941e-02,5.175763e-04,2.725393e-03
2.751987e-01,1.855151e-03,2.363365e-02,1.089292e-02,6.738345e-03,2.803304e-02,1.228853e-01,4.930772e-01,1.266986e-03,6.713246e-04,1.624355e-03,1.753463e-02,1.271871e-02,6.145617e-04,3.255115e-03
3.128551e-01,1.951918e-03,1.868969e-02,1.148148e-02,8.035820e-03,3.114498e-02,8.849537e-02,4.807923e-01,1.933579e-03,6.984130e-04,1.991347e-03,2.396507e-02,1.295416e-02,9.842237e-04,4.026537e-03
3.143067e-01,2.176073e-03,1.493864e-02,1.245467e-02,8.464736e-03,3.562222e-02,6.495997e-02,4.915402e-01,2.307025e-03,6.709648e-04,2.198531e-03,2.901193e-02,1.573297e-02,1.295490e-03,4.319819e-03
2.768824e-01,5.699804e-03,1.399335e-02,3.583361e-02,9.293962e-03,3.274389e-02,4.618320e-02,4.106086e-01,1.482359e-02,6.680952e-03,1.310830e-02,9.111123e-02,2.927772e-02,2.820409e-03,1.093888e-02
2.229572e-01,7.906527e-03,1.229235e-02,5.607073e-02,7.836532e-03,2.879186e-02,3.280223e-02,3.116153e-01,4.972221e-02,2.955411e-02,2.580340e-02,1.157534e-01,7.168521e-02,3.350392e-03,2.385869e-02
1.575972e-01,6.877973e-03,9.070056e-03,5.946556e-02,6.918887e-03,2.108674e-02,2.315953e-02,2.194351e-01,6.917009e-02,2.316235e-02,5.375496e-02,1.103061e-01,2.094862e-01,3.030908e-03,2.747834e-02
1.105594e-01,7.180340e-03,6.615501e-03,7.101534e-02,6.788428e-03,1.502350e-02,1.635168e-02,1.538928e-01,2.870296e-01,1.734594e-02,4.228862e-02,8.352640e-02,1.593932e-01,2.166568e-03,2.082268e-02
7.749187e-02,9.039021e-03,4.737969e-03,7.886428e-02,5.649146e-03,1.085244e-02,1.152729e-02,1.077614e-01,4.551759e-01,1.333809e-02,3.168936e-02,6.031681e-02,1.159997e-01,1.540056e-03,1.601655e-02
5.448283e-02,1.059654e-02,3.713115e-03,2.269322e-01,4.409419e-03,8.773347e-03,8.083037e-03,7.548594e-02,4.358410e-01,1.063105e-02,2.338330e-02,4.248870e-02,8.200777e-02,1.094828e-03,1.207686e-02
3.835829e-02,1.266061e-02,3.051484e-03,3.685505e-01,3.687021e-03,7.117804e-03,5.679378e-03,5.287750e-02,3.824609e-01,8.437779e-03,1.875652e-02,2.999588e-02,5.815776e-02,7.880043e-04,9.420536e-03
2.885121e-02,1.420276e-02,5.608925e-03,4.343046e-01,7.318882e-03,9.464543e-03,4.040003e-03,3.820553e-02,3.445315e-01,6.438927e-03,3.272767e-02,2.217879e-02,4.360272e-02,6.744745e-04,7.849446e-03
2.315965e-02,1.832294e-02,6.377295e-03,4.666743e-01,7.648073e-03,2.871852e-02,2.893385e-03,2.785647e-02,2.807912e-01,4.993146e-03,7.492811e-02,1.717204e-02,3.307395e-02,6.055518e-04,6.785396e-03
3.364591e-02,2.053939e-02,1.000427e-02,4.065883e-01,1.688422e-02,2.409689e-02,2.833000e-03,2.087744e-02,2.899006e-01,4.050181e-03,1.259024e-01,1.327336e-02,2.511198e-02,4.867970e-04,5.805227e-03
2.506477e-02,1.953265e-02,9.775200e-03,5.450648e-01,1.851669e-02,1.745360e-02,2.137250e-03,1.504585e-02,2.146328e-01,3.462926e-03,9.597173e-02,9.454426e-03,1.784792e-02,3.840892e-04,5.655302e-03
3.503878e-02,1.789893e-02,1.053167e-02,5.158104e-01,2.239100e-02,1.433280e-02,2.104997e-03,1.155907e-02,2.135175e-01,3.746009e-03,1.108320e-01,7.557004e-03,1.403303e-02,1.545361e-03,1.910152e-02
1.037546e-01,1.785038e-02,9.000177e-03,3.801716e-01,4.571827e-02,1.409437e-02,3.942717e-03,1.558787e-02,2.719978e-01,3.238170e-03,9.738159e-02,8.503705e-03,1.209102e-02,1.680525e-03,1.498724e-02
1.491370e-01,2.303836e-02,1.017890e-02,3.393863e-01,7.910353e-02,1.563167e-02,6.515956e-03,2.736956e-02,2.186127e-01,3.534258e-03,8.786954e-02,1.056597e-02,1.205253e-02,2.520574e-03,1.448319e-02
1.202565e-01,2.828187e-02,5.969754e-02,4.151651e-01,7.236313e-02,1.346371e-02,6.234087e-03,2.650669e-02,1.570012e-01,3.529112e-03,6.475174e-02,8.539356e-03,1.003064e-02,2.021547e-03,1.215783e-02
9.039300e-02,2.042493e-02,1.421625e-01,4.278333e-01,5.690646e-02,9.854740e-03,4.683417e-03,5.976224e-02,1.111989e-01,2.714988e-03,4.825537e-02,6.610160e-03,8.714862e-03,1.513158e-03,8.971994e-03
6.878870e-02,1.450551e-02,1.153730e-01,3.370067e-01,5.985584e-02,7.142517e-03,3.585623e-03,2.583888e-01,7.855694e-02,1.942985e-03,3.592668e-02,4.725363e-03,6.790515e-03,1.085373e-03,6.325419e-03
5.188040e-02,1.023910e-02,8.226798e-02,2.384989e-01,4.606465e-02,5.308072e-03,2.564428e-03,4.666718e-01,5.511815e-02,1.739487e-03,2.609385e-02,3.370965e-03,4.924959e-03,7.741656e-04,4.483009e-03
4.943820e-02,7.451490e-03,5.883244e-02,1.687405e-01,3.941353e-02,5.396165e-03,2.045377e-03,5.992740e-01,3.885066e-02,1.472142e-03,1.898137e-02,2.593763e-03,3.754235e-03,5.581770e-04,3.197964e-03
7.472904e-02,5.403535e-03,4.163361e-02,1.189265e-01,2.897150e-02,1.004441e-02,1.651963e-03,6.563243e-01,2.745901e-02,1.240264e-03,1.552076e-02,5.232685e-03,1.005252e-02,4.642293e-04,2.345718e-03
8.450003e-02,4.044561e-03,2.957234e-02,8.503081e-02,2.154983e-02,1.207187e-02,1.364351e-03,6.747289e-01,2.004012e-02,1.057368e-03,1.646238e-02,2.007902e-02,2.689030e-02,5.515444e-04,2.056627e-03
1.144034e-01,3.847391e-03,2.176349e-02,6.551563e-02,2.153540e-02,3.875568e-02,2.542401e-03,5.644697e-01,1.913401e-02,8.969394e-04,2.088435e-02,3.304952e-02,9.017100e-02,7.413500e-04,2.289738e-03
9.748120e-02,3.068820e-03,1.561165e-02,4.716522e-02,1.602112e-02,1.054083e-01,3.454533e-03,4.243752e-01,1.525458e-02,6.807975e-04,1.743763e-02,7.031933e-02,1.811786e-01,6.474943e-04,1.895543e-03
9.826896e-02,2.428991e-03,1.176636e-02,3.518224e-02,1.172340e-02,1.306438e-01,4.671433e-03,3.060718e-01,1.555557e-02,6.278564e-04,2.028254e-02,1.502839e-01,2.098657e-01,7.356771e-04,1.891732e-03
7.324547e-02,1.940349e-03,8.528735e-03,2.539616e-02,8.659041e-03,1.131870e-01,3.697080e-03,2.154926e-01,1.353164e-02,6.674470e-04,2.211424e-02,2.543735e-01,2.568485e-01,7.184407e-04,1.599733e-03
6.063908e-02,2.207783e-03,6.774535e-03,1.870158e-02,8.350370e-03,8.585632e-02,3.476252e-03,1.551290e-01,1.549788e-02,1.910577e-03,3.530427e-02,2.545934e-01,3.480438e-01,1.715186e-03,1.799965e-03
4.841363e-02,1.924096e-03,5.106271e-03,1.400945e-02,6.798853e-03,6.686349e-02,2.930487e-03,1.092298e-01,1.395295e-02,3.051070e-03,3.701170e-02,2.925718e-01,3.934775e-01,2.674697e-03,1.984150e-03
4.489134e-02,1.875812e-03,3.939701e-03,1.011132e-02,6.403330e-03,4.915917e-02,2.293578e-03,7.664417e-02,1.857640e-02,9.786189e-03,3.527562e-02,4.012644e-01,3.349414e-01,2.878814e-03,1.958758e-03
4.580481e-02,1.831460e-03,3.122503e-03,7.456894e-03,1.169042e-02,3.703121e-02,2.221961e-03,5.458130e-02,2.560492e-02,1.785352e-02,3.158690e-02,4.583557e-01,2.979133e-01,3.068889e-03,1.876206e-03
3.318143e-02,1.928657e-03,2.940901e-03,5.658459e-03,1.580008e-02,2.835026e-02,2.046970e-03,3.881774e-02,2.762296e-02,2.534457e-02,2.812005e-02,5.296737e-01,2.562338e-01,2.606857e-03,1.673576e-03
2.477005e-02,2.308752e-03,4.002897e-03,4.150273e-03,1.699742e-02,2.091236e-02,1.688800e-03,2.765511e-02,3.239344e-02,2.960489e-02,3.094880e-02,5.551591e-01,2.448310e-01,2.786721e-03,1.790435e-03
1.867597e-02,2.040615e-03,3.372273e-03,3.028263e-03,1.597299e-02,1.502599e-02,1.299992e-03,1.962755e-02,3.229802e-02,3.455203e-02,3.252972e-02,6.216534e-01,1.960240e-01,2.390107e-03,1.509102e-03
1.508983e-02,6.249622e-03,3.608182e-03,2.460743e-03,1.363515e-02,1.095077e-02,9.801607e-04,1.440839e-02,3.560550e-02,4.749754e-02,4.683038e-02,6.523409e-01,1.466980e-01,2.237450e-03,1.407322e-03
1.462355e-02,1.961135e-02,4.061478e-03,2.608260e-03,1.903812e-02,8.929126e-03,7.944051e-04,1.540135e-02,1.280341e-01,5.797446e-02,5.485950e-02,5.574397e-01,1.128024e-01,2.472249e-03,1.349997e-03
1.188144e-02,2.061143e-02,4.029995e-03,2.538780e-03,1.482620e-02,6.744941e-03,6.029991e-04,1.349855e-02,9.792817e-02,5.331189e-02,1.533154e-01,5.324616e-01,8.479051e-02,2.398635e-03,1.059492e-03
8.977457e-03,2.158721e-02,3.113029e-03,2.163726e-03,1.184918e-02,4.784842e-03,4.306399e-04,1.045139e-02,1.451373e-01,4.104718e-02,1.708594e-01,5.142099e-01,6.264168e-02,1.979374e-03,7.677915e-04
6.466944e-03,2.100584e-02,2.298412e-03,1.637615e-03,8.537753e-03,3.368798e-03,3.037656e-04,7.641414e-03,1.538436e-01,3.030235e-02,2.349663e-01,4.821589e-01,4.533824e-02,1.570425e-03,5.595853e-04
4.577513e-03,3.246317e-02,1.686853e-03,1.193806e-03,6.233617e-03,2.371022e-03,2.133534e-04,5.603088e-03,3.485176e-01,2.132028e-02,1.776756e-01,3.646755e-01,3.195217e-02,1.119124e-03,3.973112e-04
3.283459e-03,3.045839e-02,1.405527e-03,1.386496e-03,4.640394e-03,1.692108e-03,1.515843e-04,6.980065e-03,4.433646e-01,1.514254e-02,1.772167e-01,2.904105e-01,2.261142e-02,9.603653e-04,2.958047e-04
2.428175e-03,2.558468e-02,1.017573e-03,1.258718e-03,3.403845e-03,1.257434e-03,1.079286e-04,6.007472e-03,5.768986e-01,1.084617e-02,1.431323e-01,2.112234e-01,1.590956e-02,7.082488e-04,2.159140e-04
2.423277e-03,2.198175e-02,1.046755e-03,5.458770e-03,3.900883e-03,1.055928e-03,8.617269e-05,2.051443e-02,6.592359e-01,1.440154e-02,1.061394e-01,1.518434e-01,1.122550e-02,5.237840e-04,1.625037e-04
3.364380e-03,2.341032e-02,1.483917e-03,9.511563e-03,5.020196e-03,1.055481e-03,7.331173e-05,2.268433e-02,7.072004e-01,1.635247e-02,9.381155e-02,1.075711e-01,7.881953e-03,4.425544e-04,1.364770e-04
8.382485e-03,2.537354e-02,4.729663e-03,2.214275e-02,1.311697e-02,3.209216e-03,8.681988e-05,5.203584e-02,6.965985e-01,1.283350e-02,7.871404e-02,7.623750e-02,5.576677e-03,7.305982e-04,2.318815e-04
4.168358e-02,2.354784e-02,7.338258e-03,2.628132e-02,1.756330e-02,9.109762e-03,9.245434e-05,9.102907e-02,6.454110e-01,1.133505e-02,6.347523e-02,5.525281e-02,4.439534e-03,1.815173e-03,1.625649e-03
5.636508e-02,2.318490e-02,8.122040e-03,2.799514e-02,1.908962e-02,9.909503e-03,1.242080e-04,9.901075e-02,6.413957e-01,9.390616e-03,5.549721e-02,4.071167e-02,3.465747e-03,3.524305e-03,2.213494e-03
8.538962e-02,2.436002e-02,8.563166e-03,2.632902e-02,2.724051e-02,9.521281e-03,2.568982e-04,1.566333e-01,5.582263e-01,7.377563e-03,5.069305e-02,3.144462e-02,4.049414e-03,6.260736e-03,3.654402e-03
8.669917e-02,3.243934e-02,1.005038e-02,4.022646e-02,2.654871e-02,1.027821e-02,2.307562e-04,1.175835e-01,5.546716e-01,5.847935e-03,7.590979e-02,2.402770e-02,3.366395e-03,8.097059e-03,4.022896e-03
8.688362e-02,3.252083e-02,4.251215e-02,1.240165e-01,3.708635e-02,1.201585e-02,4.475644e-04,1.173752e-01,4.492067e-01,4.722967e-03,5.733764e-02,1.909406e-02,2.946077e-03,9.065556e-03,4.768924e-03
1.051398e-01,3.227037e-02,7.401176e-02,1.999983e-01,4.132417e-02,2.687560e-02,6.221011e-04,9.249994e-02,3.444843e-01,3.851624e-03,4.672141e-02,1.519710e-02,2.699798e-03,1.013277e-02,4.170941e-03
1.334860e-01,2.961133e-02,1.221322e-01,2.426310e-01,4.007689e-02,2.809355e-02,6.430855e-04,6.805506e-02,2.632154e-01,3.812265e-03,3.981283e-02,1.271072e-02,2.607396e-03,9.364814e-03,3.747442e-03
1.830568e-01,2.561344e-02,1.140063e-01,2.783912e-01,4.467520e-02,2.841707e-02,1.148862e-03,4.963012e-02,2.020369e-01,5.823893e-03,3.546728e-02,1.266190e-02,3.429132e-03,1.186548e-02,3.776362e-03
2.344325e-01,2.562821e-02,1.105944e-01,2.566265e-01,3.397634e-02,2.389277e-02,9.544732e-04,3.561604e-02,1.509636e-01,1.772933e-02,5.519090e-02,2.052713e-02,5.887698e-03,1.563840e-02,1.234172e-02
2.855898e-01,2.292306e-02,1.090833e-01,1.997944e-01,2.950606e-02,2.045896e-02,8.786786e-04,2.645471e-02,1.608745e-01,1.658471e-02,6.046733e-02,1.827903e-02,9.731943e-03,2.252696e-02,1.684654e-02
3.033873e-01,1.902675e-02,9.255205e-02,1.479026e-01,2.555046e-02,2.337802e-02,1.876572e-03,2.618350e-02,1.967203e-01,1.391521e-02,6.503132e-02,1.540269e-02,1.140440e-02,3.783020e-02,1.983866e-02
3.362293e-01,1.889505e-02,9.841182e-02,1.476572e-01,2.369441e-02,2.663294e-02,2.507828e-03,2.208724e-02,1.734250e-01,1.110350e-02,6.286557e-02,1.326296e-02,1.032031e-02,3.261457e-02,2.029232e-02
3.261394e-01,2.036211e-02,1.710337e-01,1.514725e-01,2.054681e-02,2.224654e-02,2.387133e-03,1.711440e-02,1.448214e-01,8.967359e-03,5.013254e-02,1.088575e-02,8.808134e-03,2.504341e-02,2.003889e-02
3.727234e-01,1.681572e-02,1.880580e-01,1.301329e-01,1.533475e-02,2.100270e-02,1.905087e-03,1.307261e-02,1.108793e-01,8.077472e-03,5.736737e-02,1.001220e-02,9.071312e-03,2.735135e-02,1.819591e-02
3.439099e-01,1.993601e-02,1.663645e-01,9.908473e-02,1.166966e-02,1.805939e-02,1.602882e-03,1.132870e-02,1.054315e-01,9.612719e-03,1.254215e-01,1.218006e-02,1.595922e-02,4.246514e-02,1.697404e-02
3.418039e-01,1.907876e-02,1.309404e-01,9.952386e-02,1.071336e-02,1.701750e-02,1.463700e-03,9.986051e-03,1.059752e-01,1.032192e-02,1.560287e-01,1.152084e-02,1.542606e-02,5.300909e-02,1.719065e-02
3.748755e-01,1.764544e-02,1.129608e-01,9.345918e-02,9.599431e-03,1.886388e-02,1.391532e-03,8.236727e-03,9.719489e-02,1.038522e-02,1.515218e-01,1.205676e-02,1.519587e-02,6.033935e-02,1.627364e-02
3.824245e-01,1.399708e-02,8.687092e-02,6.724197e-02,7.822505e-03,1.743796e-02,1.125794e-03,6.362488e-03,8.266954e-02,9.037338e-03,2.253523e-01,9.673958e-03,1.458165e-02,6.203853e-02,1.336343e-02
3.744424e-01,1.211047e-02,6.916369e-02,4.856073e-02,6.838429e-03,1.885899e-02,9.520933e-04,5.016922e-03,1.045921e-01,8.857550e-03,2.276164e-01,7.952260e-03,1.299081e-02,9.075345e-02,1.129363e-02
3.710478e-01,1.039203e-02,5.564572e-02,3.516428e-02,5.957397e-03,1.914889e-02,8.236428e-04,4.051252e-03,1.701678e-01,7.957739e-03,1.800846e-01,6.257359e-03,1.028229e-02,1.119870e-01,1.103210e-02
3.095120e-01,1.293645e-02,6.279993e-02,3.771229e-02,6.017537e-03,1.816499e-02,8.130150e-04,3.352959e-03,2.620667e-01,9.797664e-03,1.310244e-01,4.722291e-03,7.850827e-03,1.169069e-01,1.632185e-02
2.647097e-01,2.040724e-02,1.147720e-01,5.464254e-02,8.177410e-03,2.051998e-02,9.592127e-04,2.998386e-03,2.496895e-01,1.115852e-02,9.754772e-02,3.859386e-03,6.429797e-03,1.198013e-01,2.432711e-02
2.454395e-01,2.412286e-02,1.066047e-01,4.517839e-02,1.960786e-02,1.735017e-02,1.314477e-03,6.660102e-03,2.929957e-01,9.224441e-03,7.274012e-02,3.455244e-03,5.061137e-03,1.302277e-01,2.001760e-02
2.419750e-01,2.294668e-02,9.337676e-02,3.530870e-02,2.720433e-02,1.663777e-02,1.648402e-03,8.343440e-03,3.060041e-01,7.822357e-03,5.322981e-02,3.107669e-03,4.122540e-03,1.617921e-01,1.648031e-02
2.770781e-01,2.793553e-02,6.878215e-02,3.146458e-02,3.726023e-02,1.673816e-02,1.570315e-03,7.727983e-03,3.070425e-01,7.080366e-03,3.904832e-02,2.788181e-03,3.441310e-03,1.556018e-01,1.644039e-02
3.431853e-01,2.570282e-02,5.199997e-02,2.981583e-02,3.428591e-02,1.969104e-02,1.840518e-03,7.347816e-03,2.805359e-01,6.482753e-03,2.942365e-02,3.473323e-03,3.494530e-03,1.471630e-01,1.555763e-02
3.237486e-01,2.058580e-02,3.874187e-02,2.369671e-02,2.962182e-02,1.911896e-02,1.637358e-03,6.907147e-03,3.478426e-01,5.392279e-03,2.203861e-02,3.467008e-03,3.004655e-03,1.409633e-01,1.323325e-02
3.688092e-01,1.714811e-02,2.872254e-02,2.005873e-02,2.334956e-02,1.787252e-02,1.517133e-03,6.025094e-03,3.491368e-01,4.414589e-03,1.690076e-02,4.233289e-03,2.995664e-03,1.262454e-01,1.257059e-02
4.136335e-01,1.392464e-02,2.103722e-02,1.632057e-02,1.792651e-02,1.563176e-02,1.328404e-03,5.080003e-03,3.526812e-01,3.581919e-03,1.315708e-02,4.389932e-03,2.730052e-03,1.071860e-01,1.139123e-02
4.724574e-01,2.790251e-02,3.107067e-02,3.940384e-02,1.947270e-02,1.391644e-02,1.945314e-03,5.327965e-03,2.719095e-01,3.476709e-03,1.140787e-02,5.004723e-03,2.897234e-03,7.903997e-02,1.476714e-02
1.000000e+00,0.000000e+00,0.000000e+00,0.000000e+00,0.000000e+00,0.000000e+00,0.000000e+00,0.000000e+00,0.000000e+00,0.000000e+00,0.000000e+00,0.000000e+00,0.000000e+00,0.000000e+00,0.000000e+00
1.000000e+00,0.000000e+00,0.000000e+00,0.000000e+00,0.000000e+00,0.000000e+00,0.000000e+00,0.000000e+00,0.000000e+00,0.000000e+00,0.000000e+00,0.000000e+00,0.000000e+00,0.000000e+00,0.000000e+00
3.889641e-01,3.845246e-02,1.001814e-01,4.694329e-02,9.375855e-03,1.055271e-02,1.467636e-03,3.524275e-03,1.185092e-01,7.850228e-03,8.119017e-03,5.178213e-03,3.329537e-03,1.673538e-01,9.019820e-02
3.151950e-01,3.068190e-02,8.353273e-02,3.424545e-02,7.003685e-03,9.213912e-03,1.141627e-03,2.761127e-03,9.144144e-02,8.616058e-03,8.697199e-03,4.195972e-03,3.028232e-03,2.993906e-01,1.008551e-01
2.297036e-01,2.687862e-02,1.058685e-01,3.926232e-02,5.810623e-03,7.395601e-03,8.587997e-04,1.990529e-03,8.362818e-02,1.688786e-02,7.951012e-03,3.565149e-03,2.299011e-03,2.781795e-01,1.897207e-01
1.649402e-01,1.901183e-02,7.630864e-02,2.755561e-02,4.161137e-03,5.365160e-03,6.103888e-04,1.422295e-03,6.077982e-02,2.625311e-02,7.568809e-03,3.046092e-03,1.725098e-03,4.507605e-01,1.504913e-01
1.225278e-01,1.357185e-02,5.534790e-02,1.944528e-02,3.074553e-03,3.961039e-03,4.717410e-04,1.043996e-03,4.564171e-02,5.114406e-02,7.359863e-03,2.848583e-03,1.326233e-03,5.533604e-01,1.188751e-01
8.913860e-02,9.740859e-03,3.932766e-02,1.367132e-02,2.380851e-03,2.976454e-03,3.635053e-04,7.669067e-04,3.497734e-02,1.543450e-01,8.029832e-03,2.213437e-03,9.802722e-04,5.526923e-01,8.839569e-02
6.366023e-02,6.929385e-03,2.769526e-02,9.580490e-03,1.827158e-03,2.144396e-03,2.708425e-04,5.506906e-04,2.593064e-02,2.141133e-01,7.275610e-03,1.749300e-03,7.198941e-04,5.721793e-01,6.537360e-02
5.357054e-02,5.267962e-03,1.969635e-02,6.748331e-03,1.773796e-03,1.669153e-03,3.739634e-04,4.312079e-04,2.299432e-02,2.329187e-01,8.036088e-03,2.518069e-03,8.869746e-04,5.878147e-01,5.529980e-02
4.117043e-02,3.920954e-03,1.403149e-02,5.444609e-03,2.818227e-03,1.488809e-03,4.967996e-04,4.620850e-04,2.111959e-02,2.657425e-01,2.318553e-02,4.516150e-03,2.441353e-03,5.609241e-01,5.223741e-02
3.589644e-02,3.040422e-03,1.033517e-02,4.397651e-03,3.244035e-03,1.279599e-03,5.644822e-04,4.822002e-04,2.350358e-02,3.136562e-01,3.399666e-02,6.806581e-03,3.219781e-03,5.147029e-01,4.487440e-02
3.990053e-02,2.813094e-03,8.021452e-03,4.434742e-03,4.440474e-03,2.281680e-03,1.051195e-03,6.997539e-04,2.593471e-02,3.382231e-01,3.212839e-02,6.209743e-03,4.817816e-03,4.803813e-01,4.866204e-02
4.155014e-02,3.671837e-03,1.661331e-02,7.391488e-03,1.088012e-02,3.468021e-03,6.924409e-03,1.562297e-02,2.486767e-02,3.952758e-01,4.005910e-02,7.609171e-03,8.514015e-03,3.767347e-01,4.081725e-02
9.459078e-02,6.162414e-03,4.347304e-02,7.827107e-03,2.211630e-02,2.325591e-02,1.550378e-02,2.350553e-02,2.228827e-02,3.663826e-01,3.770242e-02,9.827293e-03,9.858716e-03,2.775698e-01,3.993604e-02
1.763157e-01,6.431294e-03,6.712510e-02,7.710147e-03,1.826931e-02,2.748086e-02,2.470916e-02,2.135839e-02,1.765740e-02,3.046867e-01,6.247281e-02,1.285126e-02,1.088979e-02,2.083409e-01,3.370116e-02
2.440140e-01,7.555895e-03,7.049825e-02,7.508972e-03,1.654668e-02,2.900286e-02,2.212232e-02,1.806173e-02,1.427631e-02,2.917935e-01,6.618305e-02,1.530708e-02,1.131070e-02,1.544841e-01,3.133459e-02
2.432820e-01,9.353511e-03,5.671779e-02,7.338972e-03,3.023367e-02,4.247292e-02,1.656609e-02,1.600189e-02,1.505424e-02,3.472967e-01,5.147523e-02,1.317802e-02,1.000617e-02,1.138764e-01,2.714647e-02
2.226351e-01,1.006200e-02,5.574578e-02,6.235216e-03,3.772110e-02,4.380653e-02,1.382767e-02,1.361886e-02,1.747452e-02,4.117114e-01,4.052012e-02,1.407492e-02,8.936818e-03,8.301081e-02,2.061922e-02
2.218022e-01,1.302958e-02,6.523769e-02,8.166293e-03,3.953224e-02,3.552468e-02,1.792921e-02,2.851489e-02,2.187725e-02,3.794218e-01,3.612290e-02,2.950855e-02,1.909451e-02,6.471464e-02,1.952354e-02
1.720581e-01,3.047582e-02,6.247881e-02,6.759138e-03,3.052197e-02,3.039353e-02,1.367299e-02,4.003606e-02,3.388136e-02,4.293984e-01,3.288402e-02,3.506962e-02,1.947238e-02,4.664842e-02,1.624934e-02
1.321430e-01,2.927395e-02,4.704445e-02,5.517995e-03,2.459547e-02,2.392763e-02,1.052689e-02,4.415329e-02,5.693458e-02,4.773816e-01,3.041152e-02,4.924107e-02,2.234507e-02,3.382164e-02,1.268186e-02
1.151660e-01,2.532463e-02,3.530527e-02,5.180989e-03,2.616109e-02,1.896819e-02,1.251294e-02,6.905636e-02,7.626639e-02,4.672940e-01,2.408893e-02,4.462831e-02,4.096618e-02,2.571129e-02,1.336949e-02
9.134627e-02,2.246173e-02,3.015706e-02,6.046368e-03,2.253746e-02,1.677351e-02,1.143131e-02,8.919954e-02,7.356969e-02,5.026485e-01,2.015660e-02,3.834054e-02,4.270102e-02,1.894028e-02,1.369012e-02
7.752825e-02,2.302738e-02,3.140359e-02,7.168968e-03,1.986922e-02,1.741669e-02,1.054022e-02,9.003669e-02,1.134617e-01,4.654139e-01,2.451169e-02,4.919178e-02,4.370434e-02,1.409349e-02,1.263219e-02
8.827108e-02,2.209772e-02,2.703623e-02,8.143152e-03,1.716718e-02,1.586219e-02,8.424162e-03,9.207943e-02,1.284814e-01,4.427514e-01,2.555871e-02,6.160064e-02,3.857015e-02,1.083735e-02,1.311916e-02
8.262878e-02,1.849498e-02,2.065583e-02,7.760860e-03,1.729798e-02,1.184892e-02,6.766998e-03,7.085581e-02,1.312731e-01,4.848101e-01,2.709618e-02,6.447902e-02,3.486295e-02,8.658733e-03,1.250983e-02
9.605073e-02,1.734403e-02,1.932733e-02,1.970337e-02,1.725572e-02,1.171191e-02,5.537549e-03,7.946274e-02,1.327831e-01,3.878590e-01,4.718680e-02,1.108715e-01,2.999203e-02,9.106677e-03,1.580744e-02
9.799716e-02,1.863919e-02,1.611643e-02,1.878948e-02,1.477024e-02,1.189744e-02,4.645505e-03,6.640308e-02,1.771825e-01,3.183383e-01,5.344845e-02,1.478957e-01,3.064218e-02,7.768438e-03,1.546590e-02
8.393535e-02,1.800727e-02,2.279166e-02,2.113456e-02,1.192288e-02,1.274528e-02,3.874109e-03,5.632843e-02,1.534553e-01,2.371324e-01,9.635243e-02,2.210982e-01,3.824105e-02,8.703792e-03,1.427733e-02
7.303781e-02,2.023830e-02,1.845564e-02,1.715661e-02,9.977213e-03,1.102265e-02,2.772447e-03,4.217898e-02,1.655151e-01,2.703989e-01,1.426614e-01,1.730488e-01,3.395306e-02,8.736435e-03,1.084671e-02
6.353348e-02,2.146754e-02,1.400814e-02,1.328212e-02,9.154120e-03,9.443812e-03,2.028371e-03,3.318164e-02,2.210186e-01,2.784641e-01,1.567888e-01,1.331457e-01,2.872503e-02,7.471842e-03,8.286689e-03
5.000759e-02,2.616024e-02,1.085557e-02,2.265217e-02,7.759354e-03,9.865779e-03,1.473836e-03,2.606638e-02,3.430099e-01,2.022806e-01,1.452600e-01,1.096661e-01,2.721968e-02,9.398082e-03,8.324623e-03
3.894198e-02,3.332457e-02,9.026380e-03,3.046073e-02,7.045788e-03,9.414915e-03,1.107354e-03,1.932667e-02,3.823162e-01,1.477140e-01,1.468281e-01,1.149243e-01,2.580819e-02,2.191775e-02,1.184311e-02
3.362679e-02,4.690337e-02,7.043955e-03,3.101506e-02,7.593283e-03,9.503370e-03,8.113437e-04,1.511218e-02,3.947011e-01,1.111150e-01,1.680305e-01,1.076858e-01,2.425481e-02,3.128831e-02,1.131509e-02
2.513264e-02,4.712930e-02,5.567665e-03,2.274559e-02,7.555493e-03,1.058651e-02,6.057732e-04,1.323659e-02,4.083805e-01,8.035892e-02,2.400073e-01,8.505280e-02,1.887761e-02,2.572768e-02,9.035611e-03
1.908679e-02,5.670376e-02,4.245792e-03,1.626651e-02,7.403123e-03,1.375748e-02,4.436648e-04,9.529101e-03,4.423172e-01,5.711555e-02,2.645850e-01,6.512491e-02,1.405646e-02,2.202458e-02,7.340070e-03
1.542758e-02,5.068621e-02,3.925523e-03,1.195760e-02,9.574655e-03,1.308634e-02,3.226381e-04,9.515371e-03,5.131561e-01,4.128901e-02,2.490378e-01,4.736112e-02,1.026491e-02,1.815052e-02,6.244638e-03
1.388461e-02,4.114286e-02,2.963604e-03,8.733734e-03,1.019362e-02,1.197529e-02,2.322777e-04,8.222972e-03,5.670138e-01,2.949488e-02,2.444067e-01,3.431115e-02,7.534189e-03,1.453516e-02,5.355128e-03
1.712982e-02,4.007649e-02,2.161824e-03,6.835930e-03,1.307200e-02,1.030620e-02,1.733996e-04,9.253095e-03,6.144723e-01,2.113927e-02,2.164308e-01,2.510775e-02,5.449466e-03,1.197531e-02,6.416407e-03
1.973637e-02,3.088368e-02,1.623038e-03,5.205359e-03,1.309703e-02,7.770795e-03,1.359068e-04,1.085580e-02,6.814455e-01,1.547473e-02,1.728052e-01,1.801396e-02,3.978952e-03,1.096057e-02,8.013057e-03
3.466587e-02,2.361793e-02,8.090174e-03,1.022421e-02,2.820039e-02,9.760534e-03,3.936355e-04,6.169626e-02,6.506864e-01,1.200389e-02,1.249068e-01,1.313454e-02,3.064481e-03,1.024444e-02,9.310380e-03
4.505343e-02,1.806378e-02,2.293066e-02,2.025843e-02,7.379211e-02,9.302813e-03,4.199011e-04,8.040439e-02,5.976337e-01,9.578710e-03,8.988278e-02,9.619384e-03,2.377542e-03,7.950419e-03,1.273201e-02
4.569450e-02,1.392395e-02,2.468629e-02,2.245285e-02,1.064127e-01,7.335125e-03,4.057711e-04,7.850716e-02,5.870270e-01,8.317995e-03,6.553531e-02,6.852911e-03,1.730912e-03,6.481460e-03,2.463613e-02
5.211940e-02,1.200739e-02,7.006264e-02,3.893228e-02,1.129364e-01,6.356883e-03,3.881621e-04,7.864384e-02,4.805824e-01,1.228027e-02,4.766702e-02,5.009248e-03,1.417883e-03,5.508956e-03,7.608718e-02
7.685457e-02,1.077325e-02,2.027307e-01,4.122896e-02,1.040464e-01,6.105925e-03,4.692634e-04,5.907245e-02,3.466694e-01,1.149840e-02,3.444686e-02,3.665017e-03,1.222013e-03,5.602129e-03,9.561464e-02
6.869306e-02,1.398875e-02,2.593466e-01,7.813507e-02,1.309071e-01,8.459143e-03,1.650689e-03,4.654958e-02,2.491421e-01,1.015721e-02,2.461414e-02,2.695413e-03,1.191817e-03,4.813270e-03,9.965608e-02
6.876085e-02,2.093513e-02,2.619307e-01,1.242609e-01,1.513584e-01,1.205417e-02,2.384125e-03,3.647610e-02,1.780881e-01,8.614452e-03,1.747871e-02,1.982442e-03,1.102031e-03,4.250090e-03,1.103237e-01
5.486276e-02,2.203066e-02,2.525679e-01,2.652550e-01,1.205650e-01,1.007901e-02,1.854910e-03,2.649108e-02,1.263664e-01,7.127171e-03,1.275707e-02,1.420836e-03,8.062099e-04,3.147536e-03,9.466849e-02
3.915364e-02,1.910558e-02,2.753314e-01,2.568377e-01,8.474637e-02,7.262877e-03,1.311205e-03,1.864456e-02,9.166515e-02,2.919801e-02,2.902697e-02,1.153811e-03,7.652746e-04,3.109054e-03,1.426883e-01
3.052434e-02,2.213287e-02,2.770899e-01,1.876740e-01,5.977529e-02,5.683891e-03,1.070876e-03,1.345775e-02,7.141769e-02,3.982260e-02,4.039581e-02,8.693150e-03,4.868887e-03,1.585376e-02,2.215392e-01
2.223432e-02,2.051235e-02,2.798010e-01,1.353106e-01,4.228510e-02,4.768843e-03,9.389272e-04,1.042639e-02,6.319725e-02,6.445158e-02,7.627705e-02,2.247475e-02,7.581096e-03,2.146984e-02,2.282711e-01
2.414104e-02,1.972996e-02,2.160315e-01,9.895644e-02,3.018989e-02,3.929422e-03,8.389630e-04,7.932218e-03,6.221222e-02,5.479614e-02,2.411336e-01,3.631430e-02,7.773420e-03,2.539441e-02,1.706265e-01
3.602178e-02,1.790603e-02,1.682919e-01,7.686292e-02,2.177155e-02,3.649447e-03,7.597301e-04,7.308993e-03,5.748218e-02,4.278960e-02,3.811892e-01,3.215638e-02,6.647915e-03,2.217014e-02,1.249922e-01
4.703727e-02,1.632153e-02,1.204210e-01,6.414754e-02,1.608681e-02,4.056164e-03,8.663519e-04,5.874785e-03,5.472479e-02,3.420430e-02,4.788586e-01,3.844629e-02,6.719554e-03,2.101233e-02,9.122269e-02
4.648763e-02,1.281552e-02,8.473695e-02,4.820428e-02,1.217190e-02,3.797709e-03,8.409364e-04,4.472812e-03,4.629235e-02,2.681672e-02,5.355700e-01,8.774237e-02,6.013721e-03,1.926127e-02,6.477583e-02
4.719049e-02,1.621966e-02,6.169934e-02,1.298272e-01,4.661887e-02,2.756182e-02,1.445265e-03,4.682957e-03,3.496001e-02,2.526345e-02,4.427180e-01,9.284993e-02,5.796270e-03,1.573011e-02,4.743659e-02
1.305418e-01,1.481168e-02,4.593421e-02,1.046283e-01,4.427057e-02,2.780566e-02,3.102880e-03,4.294869e-03,2.795100e-02,2.258937e-02,3.997157e-01,1.178422e-01,6.274712e-03,1.401184e-02,3.622522e-02
1.946966e-01,1.435456e-02,3.410917e-02,8.478742e-02,3.961924e-02,2.877218e-02,4.304617e-03,4.665769e-03,2.329941e-02,1.991497e-02,3.566472e-01,1.428515e-01,8.784723e-03,1.257326e-02,3.061945e-02
