1.000000e+00,0.000000e+00,0.000000e+00,0.000000e+00,0.000000e+00,0.000000e+00,0.000000e+00,0.000000e+00,0.000000e+00,0.000000e+00,0.000000e+00,0.000000e+00,0.000000e+00,0.000000e+00,0.000000e+00
1.000000e+00,0.000000e+00,0.000000e+00,0.000000e+00,0.000000e+00,0.000000e+00,0.000000e+00,0.000000e+00,0.000000e+00,0.000000e+00,0.000000e+00,0.000000e+00,0.000000e+00,0.000000e+00,0.000000e+00
1.000000e+00,0.000000e+00,0.000000e+00,0.000000e+00,0.000000e+00,0.000000e+00,0.000000e+00,0.000000e+00,0.000000e+00,0.000000e+00,0.000000e+00,0.000000e+00,0.000000e+00,0.000000e+00,0.000000e+00
1.000000e+00,0.000000e+00,0.000000e+00,0.000000e+00,0.000000e+00,0.000000e+00,0.000000e+00,0.000000e+00,0.000000e+00,0.000000e+00,0.000000e+00,0.000000e+00,0.000000e+00,0.000000e+00,0.000000e+00
1.000000e+00,0.000000e+00,0.000000e+00,0.000000e+00,0.000000e+00,0.000000e+00,0.000000e+00,0.000000e+00,0.000000e+00,0.000000e+00,0.000000e+00,0.000000e+00,0.000000e+00,0.000000e+00,0.000000e+00
1.000000e+00,0.000000e+00,0.000000e+00,0.000000e+00,0.000000e+00,0.000000e+00,0.000000e+00,0.000000e+00,0.000000e+00,0.000000e+00,0.000000e+00,0.000000e+00,0.000000e+00,0.000000e+00,0.000000e+00
1.000000e+00,0.000000e+00,0.000000e+00,0.000000e+00,0.000000e+00,0.000000e+00,0.000000e+00,0.000000e+00,0.000000e+00,0.000000e+00,0.000000e+00,0.000000e+00,0.000000e+00,0.000000e+00,0.000000e+00
1.000000e+00,0.000000e+00,0.000000e+00,0.000000e+00,0.000000e+00,0.000000e+00,0.000000e+00,0.000000e+00,0.000000e+00,0.000000e+00,0.000000e+00,0.000000e+00,0.000000e+00,0.000000e+00,0.000000e+00
1.000000e+00,0.000000e+00,0.000000e+00,0.000000e+00,0.000000e+00,0.000000e+00,0.000000e+00,0.000000e+00,0.000000e+00,0.000000e+00,0.000000e+00,0.000000e+00,0.000000e+00,0.000000e+00,0.000000e+00
1.000000e+00,0.000000e+00,0.000000e+00,0.000000e+00,0.000000e+00,0.000000e+00,0.000000e+00,0.000000e+00,0.000000e+00,0.000000e+00,0.000000e+00,0.000000e+00,0.000000e+00,0.000000e+00,0.000000e+00
1.000000e+00,0.000000e+00,0.000000e+00,0.000000e+00,0.000000e+00,0.000000e+00,0.000000e+00,0.000000e+00,0.000000e+00,0.000000e+00,0.000000e+00,0.000000e+00,0.000000e+00,0.000000e+00,0.000000e+00
1.000000e+00,0.000000e+00,0.000000e+00,0.000000e+00,0.000000e+00,0.000000e+00,0.000000e+00,0.000000e+00,0.000000e+00,0.000000e+00,0.000000e+00,0.000000e+00,0.000000e+00,0.000000e+00,0.000000e+00
1.000000e+00,0.000000e+00,0.000000e+00,0.000000e+00,0.000000e+00,0.000000e+00,0.000000e+00,0.000000e+00,0.000000e+00,0.000000e+00,0.000000e+00,0.000000e+00,0.000000e+00,0.000000e+00,0.000000e+00
1.000000e+00,0.000000e+00,0.000000e+00,0.000000e+00,0.000000e+00,0.000000e+00,0.000000e+00,0.000000e+00,0.000000e+00,0.000000e+00,0.000000e+00,0.000000e+00,0.000000e+00,0.000000e+00,0.000000e+00
1.000000e+00,0.000000e+00,0.000000e+00,0.000000e+00,0.000000e+00,0.000000e+00,0.000000e+00,0.000000e+00,0.000000e+00,0.000000e+00,0.000000e+00,0.000000e+00,0.000000e+00,0.000000e+00,0.000000e+00
1.000000e+00,0.000000e+00,0.000000e+00,0.000000e+00,0.000000e+00,0.000000e+00,0.000000e+00,0.000000e+00,0.000000e+00,0.000000e+00,0.000000e+00,0.000000e+00,0.000000e+00,0.000000e+00,0.000000e+00
1.000000e+00,0.000000e+00,0.000000e+00,0.000000e+00,0.000000e+00,0.000000e+00,0.000000e+00,0.000000e+00,0.000000e+00,0.000000e+00,0.000000e+00,0.000000e+00,0.000000e+00,0.000000e+00,0.000000e+00
1.000000e+00,0.000000e+00,0.000000e+00,0.000000e+00,0.000000e+00,0.000000e+00,0.000000e+00,0.000000e+00,0.000000e+00,0.000000e+00,0.000000e+00,0.000000e+00,0.000000e+00,0.000000e+00,0.000000e+00
1.000000e+00,0.000000e+00,0.000000e+00,0.000000e+00,0.000000e+00,0.000000e+00,0.000000e+00,0.000000e+00,0.000000e+00,0.000000e+00,0.000000e+00,0.000000e+00,0.000000e+00,0.000000e+00,0.000000e+00
1.000000e+00,0.000000e+00,0.000000e+00,0.000000e+00,0.000000e+00,0.000000e+00,0.000000e+00,0.000000e+00,0.000000e+00,0.000000e+00,0.000000e+00,0.000000e+00,0.000000e+00,0.000000e+00,0.000000e+00
1.000000e+00,0.000000e+00,0.000000e+00,0.000000e+00,0.000000e+00,0.000000e+00,0.000000e+00,0.000000e+00,0.000000e+00,0.000000e+00,0.000000e+00,0.000000e+00,0.000000e+00,0.000000e+00,0.000000e+00
1.000000e+00,0.000000e+00,0.000000e+00,0.000000e+00,0.000000e+00,0.000000e+00,0.000000e+00,0.000000e+00,0.000000e+00,0.000000e+00,0.000000e+00,0.000000e+00,0.000000e+00,0.000000e+00,0.000000e+00
1.000000e+00,0.000000e+00,0.000000e+00,0.000000e+00,0.000000e+00,0.000000e+00,0.000000e+00,0.000000e+00,0.000000e+00,0.000000e+00,0.000000e+00,0.000000e+00,0.000000e+00,0.000000e+00,0.000000e+00
1.000000e+00,0.000000e+00,0.000000e+00,0.000000e+00,0.000000e+00,0.000000e+00,0.000000e+00,0.000000e+00,0.000000e+00,0.000000e+00,0.000000e+00,0.000000e+00,0.000000e+00,0.000000e+00,0.000000e+00
1.000000e+00,0.000000e+00,0.000000e+00,0.000000e+00,0.000000e+00,0.000000e+00,0.000000e+00,0.000000e+00,0.000000e+00,0.000000e+00,0.000000e+00,0.000000e+00,0.000000e+00,0.000000e+00,0.000000e+00
1.000000e+00,0.000000e+00,0.000000e+00,0.000000e+00,0.000000e+00,0.000000e+00,0.000000e+00,0.000000e+00,0.000000e+00,0.000000e+00,0.000000e+00,0.000000e+00,0.000000e+00,0.000000e+00,0.000000e+00
1.000000e+00,0.000000e+00,0.000000e+00,0.000000e+00,0.000000e+00,0.000000e+00,0.000000e+00,0.000000e+00,0.000000e+00,0.000000e+00,0.000000e+00,0.000000e+00,0.000000e+00,0.000000e+00,0.000000e+00
1.000000e+00,0.000000e+00,0.000000e+00,0.000000e+00,0.000000e+00,0.000000e+00,0.000000e+00,0.000000e+00,0.000000e+00,0.000000e+00,0.000000e+00,0.000000e+00,0.000000e+00,0.000000e+00,0.000000e+00
1.000000e+00,0.000000e+00,0.000000e+00,0.000000e+00,0.000000e+00,0.000000e+00,0.000000e+00,0.000000e+00,0.000000e+00,0.000000e+00,0.000000e+00,0.000000e+00,0.000000e+00,0.000000e+00,0.000000e+00
1.000000e+00,0.000000e+00,0.000000e+00,0.000000e+00,0.000000e+00,0.000000e+00,0.000000e+00,0.000000e+00,0.000000e+00,0.000000e+00,0.000000e+00,0.000000e+00,0.000000e+00,0.000000e+00,0.000000e+00
1.000000e+00,0.000000e+00,0.000000e+00,0.000000e+00,0.000000e+00,0.000000e+00,0.000000e+00,0.000000e+00,0.000000e+00,0.000000e+00,0.000000e+00,0.000000e+00,0.000000e+00,0.000000e+00,0.000000e+00
1.000000e+00,0.000000e+00,0.000000e+00,0.000000e+00,0.000000e+00,0.000000e+00,0.000000e+00,0.000000e+00,0.000000e+00,0.000000e+00,0.000000e+00,0.000000e+00,0.000000e+00,0.000000e+00,0.000000e+00
1.000000e+00,0.000000e+00,0.000000e+00,0.000000e+00,0.000000e+00,0.000000e+00,0.000000e+00,0.000000e+00,0.000000e+00,0.000000e+00,0.000000e+00,0.000000e+00,0.000000e+00,0.000000e+00,0.000000e+00
1.000000e+00,0.000000e+00,0.000000e+00,0.000000e+00,0.000000e+00,0.000000e+00,0.000000e+00,0.000000e+00,0.000000e+00,0.000000e+00,0.000000e+00,0.000000e+00,0.000000e+00,0.000000e+00,0.000000e+00
1.000000e+00,0.000000e+00,0.000000e+00,0.000000e+00,0.000000e+00,0.000000e+00,0.000000e+00,0.000000e+00,0.000000e+00,0.000000e+00,0.000000e+00,0.000000e+00,0.000000e+00,0.000000e+00,0.000000e+00
1.000000e+00,0.000000e+00,0.000000e+00,0.000000e+00,0.000000e+00,0.000000e+00,0.000000e+00,0.000000e+00,0.000000e+00,0.000000e+00,0.000000e+00,0.000000e+00,0.000000e+00,0.000000e+00,0.000000e+00
1.000000e+00,0.000000e+00,0.000000e+00,0.000000e+00,0.000000e+00,0.000000e+00,0.000000e+00,0.000000e+00,0.000000e+00,0.000000e+00,0.000000e+00,0.000000e+00,0.000000e+00,0.000000e+00,0.000000e+00
1.000000e+00,0.000000e+00,0.000000e+00,0.000000e+00,0.000000e+00,0.000000e+00,0.000000e+00,0.000000e+00,0.000000e+00,0.000000e+00,0.000000e+00,0.000000e+00,0.000000e+00,0.000000e+00,0.000000e+00
1.000000e+00,0.000000e+00,0.000000e+00,0.000000e+00,0.000000e+00,0.000000e+00,0.000000e+00,0.000000e+00,0.000000e+00,0.000000e+00,0.000000e+00,0.000000e+00,0.000000e+00,0.000000e+00,0.000000e+00
1.000000e+00,0.000000e+00,0.000000e+00,0.000000e+00,0.000000e+00,0.000000e+00,0.000000e+00,0.000000e+00,0.000000e+00,0.000000e+00,0.000000e+00,0.000000e+00,0.000000e+00,0.000000e+00,0.000000e+00
1.000000e+00,0.000000e+00,0.000000e+00,0.000000e+00,0.000000e+00,0.000000e+00,0.000000e+00,0.000000e+00,0.000000e+00,0.000000e+00,0.000000e+00,0.000000e+00,0.000000e+00,0.000000e+00,0.000000e+00
1.000000e+00,0.000000e+00,0.000000e+00,0.000000e+00,0.000000e+00,0.000000e+00,0.000000e+00,0.000000e+00,0.000000e+00,0.000000e+00,0.000000e+00,0.000000e+00,0.000000e+00,0.000000e+00,0.000000e+00
1.000000e+00,0.000000e+00,0.000000e+00,0.000000e+00,0.000000e+00,0.000000e+00,0.000000e+00,0.000000e+00,0.000000e+00,0.000000e+00,0.000000e+00,0.000000e+00,0.000000e+00,0.000000e+00,0.000000e+00
1.000000e+00,0.000000e+00,0.000000e+00,0.000000e+00,0.000000e+00,0.000000e+00,0.000000e+00,0.000000e+00,0.000000e+00,0.000000e+00,0.000000e+00,0.000000e+00,0.000000e+00,0.000000e+00,0.000000e+00
1.000000e+00,0.000000e+00,0.000000e+00,0.000000e+00,0.000000e+00,0.000000e+00,0.000000e+00,0.000000e+00,0.000000e+00,0.000000e+00,0.000000e+00,0.000000e+00,0.000000e+00,0.000000e+00,0.000000e+00
1.000000e+00,0.000000e+00,0.000000e+00,0.000000e+00,0.000000e+00,0.000000e+00,0.000000e+00,0.000000e+00,0.000000e+00,0.000000e+00,0.000000e+00,0.000000e+00,0.000000e+00,0.000000e+00,0.000000e+00
1.000000e+00,0.000000e+00,0.000000e+00,0.000000e+00,0.000000e+00,0.000000e+00,0.000000e+00,0.000000e+00,0.000000e+00,0.000000e+00,0.000000e+00,0.000000e+00,0.000000e+00,0.000000e+00,0.000000e+00
1.000000e+00,0.000000e+00,0.000000e+00,0.000000e+00,0.000000e+00,0.000000e+00,0.000000e+00,0.000000e+00,0.000000e+00,0.000000e+00,0.000000e+00,0.000000e+00,0.000000e+00,0.000000e+00,0.000000e+00
1.000000e+00,0.000000e+00,0.000000e+00,0.000000e+00,0.000000e+00,0.000000e+00,0.000000e+00,0.000000e+00,0.000000e+00,0.000000e+00,0.000000e+00,0.000000e+00,0.000000e+00,0.000000e+00,0.000000e+00
1.000000e+00,0.000000e+00,0.000000e+00,0.000000e+00,0.000000e+00,0.000000e+00,0.000000e+00,0.000000e+00,0.000000e+00,0.000000e+00,0.000000e+00,0.000000e+00,0.000000e+00,0.000000e+00,0.000000e+00
1.000000e+00,0.000000e+00,0.000000e+00,0.000000e+00,0.000000e+00,0.000000e+00,0.000000e+00,0.000000e+00,0.000000e+00,0.000000e+00,0.000000e+00,0.000000e+00,0.000000e+00,0.000000e+00,0.000000e+00
1.000000e+00,0.000000e+00,0.000000e+00,0.000000e+00,0.000000e+00,0.000000e+00,0.000000e+00,0.000000e+00,0.000000e+00,0.000000e+00,0.000000e+00,0.000000e+00,0.000000e+00,0.000000e+00,0.000000e+00
1.000000e+00,0.000000e+00,0.000000e+00,0.000000e+00,0.000000e+00,0.000000e+00,0.000000e+00,0.000000e+00,0.000000e+00,0.000000e+00,0.000000e+00,0.000000e+00,0.000000e+00,0.000000e+00,0.000000e+00
1.000000e+00,0.000000e+00,0.000000e+00,0.000000e+00,0.000000e+00,0.000000e+00,0.000000e+00,0.000000e+00,0.000000e+00,0.000000e+00,0.000000e+00,0.000000e+00,0.000000e+00,0.000000e+00,0.000000e+00
1.000000e+00,0.000000e+00,0.000000e+00,0.000000e+00,0.000000e+00,0.000000e+00,0.000000e+00,0.000000e+00,0.000000e+00,0.000000e+00,0.000000e+00,0.000000e+00,0.000000e+00,0.000000e+00,0.000000e+00
1.000000e+00,0.000000e+00,0.000000e+00,0.000000e+00,0.000000e+00,0.000000e+00,0.000000e+00,0.000000e+00,0.000000e+00,0.000000e+00,0.000000e+00,0.000000e+00,0.000000e+00,0.000000e+00,0.000000e+00
1.000000e+00,0.000000e+00,0.000000e+00,0.000000e+00,0.000000e+00,0.000000e+00,0.000000e+00,0.000000e+00,0.000000e+00,0.000000e+00,0.000000e+00,0.000000e+00,0.000000e+00,0.000000e+00,0.000000e+00
1.000000e+00,0.000000e+00,0.000000e+00,0.000000e+00,0.000000e+00,0.000000e+00,0.000000e+00,0.000000e+00,0.000000e+00,0.000000e+00,0.000000e+00,0.000000e+00,0.000000e+00,0.000000e+00,0.000000e+00
1.000000e+00,0.000000e+00,0.000000e+00,0.000000e+00,0.000000e+00,0.000000e+00,0.000000e+00,0.000000e+00,0.000000e+00,0.000000e+00,0.000000e+00,0.000000e+00,0.000000e+00,0.000000e+00,0.000000e+00
1.000000e+00,0.000000e+00,0.000000e+00,0.000000e+00,0.000000e+00,0.000000e+00,0.000000e+00,0.000000e+00,0.000000e+00,0.000000e+00,0.000000e+00,0.000000e+00,0.000000e+00,0.000000e+00,0.000000e+00
1.000000e+00,0.000000e+00,0.000000e+00,0.000000e+00,0.000000e+00,0.000000e+00,0.000000e+00,0.000000e+00,0.000000e+00,0.000000e+00,0.000000e+00,0.000000e+00,0.000000e+00,0.000000e+00,0.000000e+00
4.044869e-01,2.676998e-02,2.034246e-02,1.399377e-01,5.051515e-03,2.207033e-02,3.953249e-03,9.624772e-03,1.100680e-01,7.297809e-03,1.198440e-02,1.819042e-02,5.886583e-02,3.814977e-03,1.575417e-01
3.724888e-01,2.331659e-02,1.495698e-02,1.155022e-01,3.993213e-03,2.880365e-02,3.741486e-03,7.628794e-03,9.574482e-02,5.642321e-03,1.010635e-02,1.513441e-02,1.440075e-01,3.820071e-03,1.551128e-01
3.388820e-01,1.848262e-02,1.068420e-02,9.053659e-02,3.250757e-03,4.592431e-02,3.789289e-03,6.064840e-03,7.292990e-02,4.081268e-03,8.192064e-03,1.187235e-02,2.645634e-01,3.027393e-03,1.177190e-01
2.516898e-01,3.144360e-02,1.423956e-02,1.368622e-01,2.748640e-03,3.944218e-02,3.503926e-03,4.655674e-03,1.699387e-01,4.796447e-03,6.399746e-03,9.050546e-03,2.137713e-01,2.351619e-03,1.091062e-01
2.610553e-01,2.455841e-02,1.039487e-02,1.007853e-01,4.123344e-03,4.935567e-02,3.660158e-03,3.827950e-03,1.335273e-01,3.474173e-03,6.059060e-03,1.001247e-02,3.051033e-01,2.235695e-03,8.182699e-02
2.196636e-01,2.646196e-02,7.446793e-03,7.448032e-02,3.960000e-03,5.537288e-02,3.017411e-03,3.255962e-03,1.218568e-01,2.602223e-03,5.132226e-03,1.103219e-02,3.993053e-01,1.894127e-03,6.451826e-02
1.631498e-01,5.260058e-02,8.857798e-03,7.186580e-02,3.914299e-03,4.533889e-02,2.733923e-03,2.541269e-03,2.171803e-01,3.088932e-03,4.708933e-03,1.285223e-02,3.383495e-01,2.530281e-03,7.028738e-02
1.176803e-01,7.468448e-02,4.346261e-02,7.890563e-02,3.320214e-03,3.355967e-02,2.049604e-03,1.834601e-03,2.392157e-01,4.771582e-03,3.639508e-03,9.904756e-03,2.533492e-01,2.471607e-03,1.311504e-01
8.456669e-02,6.927202e-02,1.292221e-01,8.881342e-02,2.457701e-03,2.452198e-02,1.473365e-03,1.329952e-03,1.870969e-01,9.108541e-03,3.210745e-03,8.287208e-03,1.803035e-01,2.137539e-03,2.081983e-01
7.402755e-02,7.384080e-02,1.194575e-01,9.164345e-02,8.444815e-03,2.668138e-02,2.936102e-03,1.491174e-03,1.960340e-01,9.849485e-03,6.660448e-03,7.564213e-03,1.369750e-01,3.866022e-03,2.405281e-01
6.694707e-02,8.272766e-02,1.114223e-01,9.136808e-02,1.453993e-02,2.654015e-02,4.244747e-03,1.688714e-03,2.385556e-01,1.114457e-02,8.297144e-03,6.621360e-03,1.045895e-01,4.860675e-03,2.264526e-01
5.269076e-02,8.344223e-02,1.326999e-01,1.915305e-01,1.191367e-02,1.992578e-02,3.245910e-03,1.332498e-03,1.809479e-01,1.272843e-02,6.227028e-03,4.887932e-03,7.370673e-02,3.722926e-03,2.209978e-01
4.000412e-02,6.068934e-02,1.737300e-01,2.114103e-01,8.765921e-03,1.452765e-02,2.316133e-03,9.812423e-04,1.397428e-01,2.168702e-02,5.256562e-03,3.588003e-03,5.226322e-02,3.021217e-03,2.620165e-01
4.211582e-02,5.562371e-02,1.602758e-01,1.698132e-01,6.653610e-03,1.120894e-02,1.704100e-03,8.207038e-04,1.169460e-01,1.045938e-01,6.588243e-03,2.998043e-03,3.795342e-02,3.176935e-03,2.795278e-01
3.510943e-02,5.204865e-02,1.571893e-01,1.273400e-01,6.428544e-03,1.056846e-02,1.657090e-03,9.297829e-04,1.079479e-01,2.087898e-01,2.302645e-02,4.471026e-03,3.340951e-02,6.164860e-03,2.249192e-01
2.836658e-02,5.137315e-02,1.254766e-01,9.658160e-02,7.099332e-03,1.109510e-02,1.827038e-03,1.348540e-03,1.276684e-01,2.496624e-01,7.519295e-02,9.382922e-03,3.278169e-02,9.318240e-03,1.728254e-01
2.271531e-02,4.460595e-02,1.086430e-01,2.158850e-01,8.971370e-03,1.039420e-02,1.852048e-03,2.209570e-03,1.064081e-01,2.339230e-01,5.702739e-02,7.994802e-03,2.591693e-02,7.132010e-03,1.463214e-01
1.659961e-02,3.716035e-02,9.172600e-02,2.535552e-01,7.817004e-03,1.166615e-02,1.502883e-03,1.706550e-03,8.521598e-02,2.978132e-01,4.968584e-02,9.327943e-03,2.005130e-02,5.648706e-03,1.105233e-01
1.294799e-02,3.526802e-02,7.447483e-02,2.066746e-01,6.360498e-03,1.120130e-02,1.653560e-03,1.356960e-03,7.226284e-02,3.540458e-01,8.927639e-02,1.907847e-02,2.600419e-02,5.858916e-03,8.353558e-02
9.312748e-03,2.816252e-02,5.477296e-02,1.485769e-01,4.797622e-03,1.102601e-02,1.358625e-03,1.021973e-03,5.775338e-02,4.686801e-01,1.021320e-01,1.899278e-02,2.901567e-02,4.614269e-03,5.978244e-02
6.685022e-03,2.178260e-02,3.863991e-02,1.056124e-01,3.613302e-03,9.340810e-03,1.096719e-03,7.435103e-04,4.502935e-02,5.619653e-01,1.015165e-01,1.804429e-02,3.923051e-02,3.673073e-03,4.302654e-02
4.980707e-03,2.117994e-02,2.965792e-02,7.696773e-02,3.481824e-03,9.044822e-03,1.011437e-03,8.475789e-04,4.160922e-02,6.413960e-01,8.153491e-02,1.742221e-02,3.410370e-02,3.858306e-03,3.290354e-02
3.616338e-03,1.690693e-02,2.269396e-02,5.615268e-02,2.962373e-03,7.704692e-03,8.462404e-04,7.338832e-04,3.375387e-02,7.131072e-01,6.615426e-02,1.438531e-02,2.993764e-02,4.175532e-03,2.686900e-02
4.336616e-03,1.678442e-02,1.731096e-02,4.598960e-02,4.019761e-03,1.035923e-02,6.741505e-04,7.814886e-04,3.214687e-02,6.473306e-01,1.130122e-01,2.947076e-02,3.792958e-02,1.317785e-02,2.667575e-02
5.053774e-03,1.463471e-02,1.289739e-02,3.672655e-02,4.036367e-03,1.015007e-02,5.543804e-04,8.660470e-04,2.890806e-02,5.614673e-01,1.873814e-01,4.443113e-02,3.440413e-02,3.365567e-02,2.483292e-02
6.984175e-03,1.120168e-02,9.311059e-03,2.954110e-02,3.773461e-03,1.125555e-02,4.578941e-04,7.536478e-04,2.618885e-02,4.435781e-01,3.064353e-01,6.568231e-02,2.922206e-02,3.645547e-02,1.915935e-02
7.636626e-02,1.067599e-02,7.017716e-03,2.566360e-02,4.312578e-03,2.032410e-02,5.331933e-04,1.620370e-03,2.554999e-02,3.165616e-01,3.343374e-01,1.019373e-01,2.195637e-02,3.857072e-02,1.457279e-02
1.155474e-01,8.427065e-03,5.182601e-03,1.946690e-02,3.490898e-03,2.121748e-02,4.885918e-04,1.700008e-03,2.075318e-02,2.290848e-01,3.769580e-01,1.364746e-01,1.681382e-02,3.365782e-02,1.073685e-02
1.231824e-01,6.470779e-03,3.859749e-03,1.675853e-02,3.629512e-03,1.957607e-02,4.472703e-04,1.471828e-03,1.575138e-02,1.634274e-01,3.475802e-01,2.516207e-01,1.266768e-02,2.529148e-02,8.265020e-03
1.511552e-01,4.904924e-03,2.818658e-03,1.348297e-02,4.761840e-03,1.762820e-02,4.681691e-04,1.248303e-03,1.265160e-02,1.158172e-01,3.346179e-01,3.029859e-01,9.998702e-03,2.095979e-02,6.500634e-03
1.494747e-01,3.666810e-03,2.033703e-03,1.115608e-02,6.107213e-03,1.560436e-02,4.374290e-04,1.055303e-03,9.402475e-03,8.258604e-02,3.035501e-01,3.849598e-01,8.722388e-03,1.626526e-02,4.978234e-03
1.628485e-01,3.279394e-03,1.596714e-03,9.861979e-03,6.658184e-03,1.645150e-02,4.061456e-04,9.774682e-04,7.483124e-03,5.847767e-02,2.558958e-01,4.499294e-01,7.107866e-03,1.427391e-02,4.752385e-03
1.530067e-01,3.087242e-03,1.386890e-03,9.567520e-03,7.072142e-03,1.892436e-02,3.921541e-04,1.031582e-03,7.018583e-03,4.132080e-02,2.384979e-01,4.956455e-01,6.048247e-03,1.283092e-02,4.169526e-03
1.166748e-01,2.591167e-03,1.192256e-03,8.106116e-03,8.477630e-03,1.823945e-02,3.226693e-04,8.589557e-04,5.998680e-03,2.907749e-02,2.264080e-01,5.631067e-01,4.755625e-03,1.068036e-02,3.510057e-03
8.810371e-02,2.860086e-03,1.077485e-03,6.528562e-03,1.775138e-02,1.566880e-02,3.581069e-04,8.129519e-04,5.037165e-03,2.091558e-02,2.385915e-01,5.868203e-01,3.813847e-03,8.759391e-03,2.901121e-03
6.403573e-02,2.345593e-03,8.692440e-04,4.749762e-03,1.879229e-02,1.335874e-02,3.668659e-04,6.590065e-04,3.824055e-03,1.511841e-02,2.449441e-01,6.183819e-01,3.194839e-03,7.117070e-03,2.242470e-03
4.575851e-02,2.002802e-03,7.867103e-04,3.375301e-03,4.767261e-02,1.089196e-02,9.185176e-04,8.251756e-04,2.945476e-03,1.079278e-02,2.257661e-01,6.387323e-01,2.599237e-03,5.265777e-03,1.666749e-03
3.256392e-02,1.587446e-03,7.056199e-04,2.376765e-03,8.594167e-02,8.435030e-03,1.131826e-03,7.358030e-04,2.395335e-03,7.811272e-03,1.793419e-01,6.695173e-01,2.087100e-03,4.156635e-03,1.212399e-03
2.322466e-02,1.204023e-03,5.960556e-04,1.669056e-03,7.978332e-02,7.154108e-03,1.317429e-03,7.666972e-04,1.840608e-03,5.692401e-03,1.587926e-01,7.121098e-01,1.838588e-03,3.132420e-03,8.782538e-04
1.712671e-02,9.564130e-04,7.235444e-04,1.226892e-03,1.066690e-01,1.410614e-02,5.868836e-03,4.572053e-03,1.816518e-03,4.645536e-03,1.344444e-01,7.031127e-01,1.676326e-03,2.405743e-03,6.493335e-04
1.332898e-02,8.923840e-04,9.932364e-04,9.405171e-04,1.172551e-01,3.122130e-02,1.960730e-02,8.101862e-03,2.088791e-03,3.668372e-03,1.315942e-01,6.663292e-01,1.631472e-03,1.815340e-03,5.318995e-04
1.529640e-02,1.866072e-03,2.482408e-03,7.739064e-04,9.463371e-02,4.774481e-02,2.155437e-02,8.407340e-03,2.402125e-03,2.950772e-03,2.176989e-01,5.787931e-01,3.440145e-03,1.431884e-03,5.239682e-04
1.776850e-02,2.395543e-03,3.414326e-03,7.566038e-04,9.545323e-02,1.777578e-01,2.327841e-02,9.724503e-03,4.481659e-03,2.473090e-03,1.983174e-01,4.590182e-01,3.516866e-03,1.158131e-03,4.857478e-04
2.024822e-02,2.209076e-03,3.277603e-03,6.074418e-04,1.085744e-01,2.004309e-01,1.979527e-02,8.085735e-03,3.938176e-03,1.949851e-03,2.602860e-01,3.651003e-01,4.043768e-03,1.059106e-03,3.941638e-04
3.427572e-02,2.019521e-03,1.215292e-02,7.378024e-04,1.078566e-01,1.473068e-01,2.139132e-02,1.486499e-02,3.374375e-03,1.890660e-03,3.607131e-01,2.869852e-01,4.898641e-03,1.118744e-03,4.137044e-04
3.010697e-02,1.560188e-03,9.277943e-03,5.621426e-04,8.523427e-02,1.056025e-01,1.538997e-02,1.134398e-02,2.668191e-03,1.534332e-03,5.144810e-01,2.154727e-01,4.919499e-03,1.532339e-03,3.140170e-04
3.142944e-02,1.244643e-03,8.006708e-03,5.076362e-04,7.092258e-02,7.444640e-02,1.083098e-02,9.344915e-03,2.266827e-03,1.360578e-03,6.283133e-01,1.555690e-01,3.861541e-03,1.618486e-03,2.770206e-04
4.078152e-02,1.449568e-03,1.655322e-02,1.682230e-03,6.542060e-02,5.522893e-02,7.670621e-03,1.760099e-02,2.451465e-03,2.440385e-03,6.587179e-01,1.226770e-01,4.728627e-03,2.267584e-03,3.293406e-04
4.685367e-02,1.369711e-03,2.590719e-02,3.830712e-03,5.382112e-02,4.006235e-02,5.433848e-03,1.492562e-02,2.039956e-03,3.111940e-03,7.060775e-01,8.899733e-02,3.803251e-03,3.422463e-03,3.433958e-04
5.339245e-02,1.518387e-03,4.940370e-02,1.521357e-02,4.709942e-02,3.086047e-02,4.090866e-03,2.807218e-02,1.787536e-03,4.143888e-03,6.881039e-01,6.903828e-02,2.882036e-03,4.012407e-03,3.808899e-04
5.819686e-02,1.639978e-03,4.856607e-02,1.625948e-02,4.622452e-02,2.712077e-02,3.111544e-03,3.259307e-02,2.115745e-03,4.980662e-03,6.957440e-01,5.611338e-02,2.350073e-03,4.616780e-03,3.670369e-04
5.505296e-02,1.555670e-03,3.707429e-02,2.252167e-02,6.614006e-02,2.204949e-01,2.974227e-03,3.514795e-02,2.208088e-03,4.347949e-03,4.958668e-01,5.031344e-02,2.351170e-03,3.404393e-03,5.463603e-04
5.852231e-02,1.631208e-03,2.735824e-02,2.780621e-02,8.685419e-02,3.658884e-01,3.139943e-03,2.886576e-02,2.879778e-03,3.546294e-03,3.495148e-01,3.817908e-02,2.537639e-03,2.447373e-03,8.287795e-04
7.285449e-02,1.835586e-03,2.173525e-02,5.553654e-02,8.657062e-02,4.383407e-01,4.303584e-03,3.362424e-02,2.606347e-03,2.659030e-03,2.458521e-01,2.909979e-02,2.422703e-03,1.750758e-03,8.082628e-04
8.794241e-02,2.756187e-03,2.047518e-02,8.412705e-02,9.947106e-02,4.675350e-01,3.801358e-03,3.106883e-02,2.175359e-03,2.048259e-03,1.730960e-01,2.128939e-02,1.993232e-03,1.327265e-03,8.933485e-04
1.469339e-01,3.654252e-03,1.794945e-02,7.991651e-02,9.075300e-02,4.804884e-01,3.928049e-03,2.873410e-02,2.173070e-03,1.734893e-03,1.221270e-01,1.658428e-02,2.158847e-03,1.218393e-03,1.645837e-03
1.832066e-01,5.729974e-03,1.806053e-02,7.982731e-02,7.841913e-02,4.980840e-01,3.667230e-03,2.424150e-02,2.025470e-03,1.443730e-03,8.679970e-02,1.300823e-02,2.195037e-03,1.109537e-03,2.182056e-03
2.583846e-01,9.749735e-03,2.721298e-02,9.318911e-02,7.200497e-02,4.181138e-01,3.745989e-03,2.171460e-02,2.133438e-03,2.721840e-03,6.288551e-02,1.440867e-02,3.252205e-03,1.967195e-03,8.515456e-03
4.001265e-01,1.107144e-02,2.330896e-02,7.339345e-02,7.183207e-02,3.047272e-01,3.952641e-03,2.152330e-02,2.711602e-03,3.674951e-03,4.650061e-02,1.937070e-02,4.044206e-03,3.269962e-03,1.049241e-02
4.189271e-01,1.137472e-02,1.869587e-02,5.396637e-02,5.706385e-02,2.837858e-01,4.138395e-03,1.738378e-02,3.383551e-03,4.284565e-03,3.691131e-02,7.154044e-02,5.638611e-03,3.608567e-03,9.297017e-03
3.002974e-01,8.962507e-03,1.370231e-02,3.867082e-02,4.057892e-02,3.442191e-01,3.383181e-03,1.252162e-02,3.175850e-03,1.561220e-02,2.993285e-02,1.727248e-01,6.037265e-03,2.909444e-03,7.271633e-03
2.144873e-01,6.880738e-03,1.085901e-02,2.825432e-02,3.406650e-02,2.685181e-01,3.444730e-03,9.197275e-03,5.515095e-03,5.906294e-02,2.801997e-02,3.133342e-01,6.108255e-03,3.446304e-03,8.805182e-03
1.613915e-01,5.390119e-03,1.002036e-02,2.066091e-02,2.487907e-02,2.005255e-01,2.930562e-03,6.925171e-03,6.147837e-03,1.334059e-01,2.976226e-02,3.772234e-01,5.995394e-03,5.950812e-03,8.791329e-03
1.220783e-01,3.960140e-03,7.887192e-03,1.490639e-02,1.975867e-02,1.499598e-01,2.525352e-03,5.177152e-03,8.344566e-03,1.806691e-01,2.760268e-02,4.357986e-01,5.029857e-03,9.418624e-03,6.883673e-03
1.055566e-01,2.923003e-03,6.534394e-03,1.098831e-02,1.463409e-02,1.343351e-01,3.394692e-03,3.866027e-03,7.814808e-03,2.124025e-01,2.585907e-02,4.503979e-01,5.905348e-03,9.101300e-03,6.286841e-03
8.459333e-02,2.207737e-03,5.119998e-03,8.023678e-03,1.363905e-02,9.836838e-02,2.655903e-03,2.882132e-03,1.080083e-02,2.610857e-01,2.688583e-02,4.563973e-01,1.067654e-02,1.141784e-02,5.245827e-03
6.273304e-02,1.880560e-03,6.138089e-03,5.643781e-03,1.394098e-02,6.994386e-02,2.017084e-03,2.078619e-03,1.026088e-02,3.870634e-01,2.480713e-02,3.859861e-01,1.015723e-02,1.351429e-02,3.835054e-03
4.752301e-02,1.660519e-03,1.200017e-02,4.038323e-03,2.494493e-02,5.240243e-02,2.333098e-03,1.755443e-03,1.207626e-02,3.679165e-01,2.042140e-02,4.288123e-01,8.272455e-03,1.288710e-02,2.956088e-03
3.458178e-02,1.352729e-03,1.412739e-02,3.110277e-03,3.493837e-02,3.770950e-02,1.714874e-03,1.591665e-03,1.324188e-02,3.597728e-01,2.219876e-02,4.517991e-01,9.235006e-03,1.234794e-02,2.277966e-03
2.649688e-02,1.048991e-03,1.286732e-02,2.718664e-03,2.893296e-02,2.947379e-02,1.495000e-03,1.518328e-03,1.152043e-02,3.152660e-01,2.368575e-02,5.239431e-01,7.787715e-03,1.139026e-02,1.854917e-03
1.910429e-02,8.872072e-04,1.424263e-02,2.152276e-03,3.849757e-02,2.149536e-02,1.154951e-03,1.792522e-03,1.151860e-02,2.448312e-01,2.174393e-02,6.044178e-01,7.458486e-03,9.317865e-03,1.385319e-03
1.694000e-02,1.209413e-03,1.815517e-02,2.962360e-03,5.464766e-02,2.438646e-02,2.632566e-03,2.191842e-02,1.280582e-02,2.165461e-01,2.433785e-02,5.849230e-01,6.988438e-03,1.039287e-02,1.153889e-03
1.729762e-02,2.306640e-03,2.501923e-02,8.187056e-03,6.274539e-02,2.906067e-02,4.667221e-03,5.271970e-02,1.165223e-02,2.687553e-01,2.566899e-02,4.748938e-01,5.667414e-03,1.016422e-02,1.194524e-03
2.325700e-02,6.698553e-03,4.908706e-02,1.165586e-02,7.040372e-02,2.977328e-02,4.625182e-03,1.052436e-01,3.544704e-02,2.604081e-01,2.483548e-02,3.593544e-01,4.434331e-03,1.367434e-02,1.102125e-03
4.949913e-02,8.817062e-03,1.056097e-01,2.296817e-02,7.283760e-02,2.703052e-02,3.995094e-03,1.115879e-01,3.078258e-02,2.604910e-01,2.223553e-02,2.655516e-01,3.573627e-03,1.381807e-02,1.202442e-03
6.987511e-02,1.048875e-02,1.700055e-01,3.042288e-02,7.965231e-02,3.411545e-02,4.079191e-03,9.576730e-02,2.654883e-02,2.494162e-01,1.959772e-02,1.937182e-01,3.183111e-03,1.168250e-02,1.447071e-03
9.871965e-02,1.608486e-02,1.852618e-01,3.992403e-02,8.050268e-02,3.850028e-02,3.362850e-03,7.861990e-02,2.662570e-02,2.507560e-01,1.940111e-02,1.432618e-01,3.333132e-03,1.300070e-02,2.645507e-03
1.405929e-01,2.534702e-02,1.619661e-01,4.605056e-02,7.769848e-02,3.676471e-02,2.816411e-03,6.265205e-02,3.493617e-02,2.531696e-01,2.423947e-02,1.049540e-01,3.664915e-03,2.017269e-02,4.974838e-03
1.958510e-01,2.860475e-02,1.661565e-01,4.325770e-02,5.967851e-02,6.266506e-02,2.298131e-03,4.641816e-02,3.136927e-02,1.968111e-01,4.153813e-02,8.434300e-02,5.732510e-03,2.516216e-02,1.011408e-02
1.696330e-01,2.911359e-02,1.727232e-01,4.224611e-02,4.302776e-02,7.803504e-02,1.694869e-03,3.332025e-02,2.970752e-02,1.474897e-01,8.002918e-02,1.304824e-01,7.357038e-03,2.202160e-02,1.311889e-02
1.338326e-01,2.485803e-02,1.322580e-01,4.007666e-02,3.090500e-02,6.626461e-02,1.241774e-03,2.403408e-02,2.492818e-02,1.093606e-01,2.008218e-01,1.696067e-01,7.169588e-03,2.258529e-02,1.205714e-02
9.831086e-02,1.843767e-02,9.612510e-02,3.851547e-02,2.197080e-02,4.882131e-02,9.367099e-04,1.691719e-02,2.017546e-02,8.453329e-02,3.463768e-01,1.771778e-01,5.786026e-03,1.668621e-02,9.229336e-03
7.745208e-02,1.414975e-02,8.117563e-02,3.508409e-02,1.686190e-02,3.893453e-02,7.819764e-04,1.194892e-02,1.593443e-02,9.225561e-02,4.029619e-01,1.874811e-01,4.515859e-03,1.298170e-02,7.480542e-03
7.229247e-02,1.288599e-02,6.012200e-02,3.194029e-02,1.377860e-02,3.469416e-02,1.226006e-03,8.923710e-03,1.504454e-02,9.120121e-02,4.410229e-01,1.958319e-01,3.782257e-03,1.069915e-02,6.554855e-03
5.618572e-02,1.193907e-02,4.232944e-02,2.692405e-02,9.904240e-03,2.972179e-02,9.386623e-04,6.543729e-03,1.737295e-02,7.820914e-02,4.873025e-01,2.133951e-01,3.462690e-03,1.018012e-02,5.590831e-03
4.440063e-02,9.451262e-03,2.980607e-02,1.975652e-02,7.155908e-03,2.512326e-02,7.116619e-04,4.700723e-03,1.391495e-02,5.924430e-02,5.376335e-01,2.296923e-01,2.868948e-03,1.141295e-02,4.126996e-03
5.021379e-02,7.263933e-03,2.120199e-02,1.437078e-02,5.231048e-03,2.168426e-02,6.177088e-04,3.446826e-03,1.040071e-02,4.480494e-02,5.921955e-01,2.112176e-01,2.433187e-03,1.168956e-02,3.228247e-03
6.616408e-02,6.150425e-03,1.541751e-02,1.077366e-02,3.939994e-03,1.981048e-02,5.594779e-04,2.555788e-03,8.002421e-03,3.449232e-02,6.004024e-01,2.129022e-01,2.352597e-03,1.334047e-02,3.136246e-03
7.059892e-02,6.806812e-03,1.218770e-02,8.936367e-03,3.515465e-03,2.209773e-02,9.074304e-04,2.173436e-03,6.535060e-03,2.639199e-02,6.043548e-01,2.148390e-01,2.162032e-03,1.428543e-02,4.207926e-03
6.135498e-02,7.236145e-03,9.281238e-03,7.183202e-03,3.524313e-03,1.932843e-02,2.245876e-03,1.806790e-03,5.620857e-03,2.162315e-02,6.412925e-01,2.009416e-01,2.110634e-03,1.172062e-02,4.729684e-03
7.571052e-02,1.645019e-02,1.005389e-02,9.255747e-03,4.981749e-03,2.120184e-02,2.851670e-03,2.512265e-03,5.501407e-03,1.748135e-02,6.229491e-01,1.872473e-01,2.038159e-03,1.100067e-02,1.076419e-02
6.598101e-02,4.738176e-02,1.261442e-02,1.202102e-02,1.044245e-02,1.727069e-02,2.796195e-03,2.787085e-03,7.371248e-03,2.017168e-02,4.880686e-01,2.290606e-01,1.732979e-03,1.304905e-02,6.925113e-02
5.085409e-02,5.151146e-02,1.340737e-02,1.261163e-02,1.648287e-02,1.567947e-02,3.257532e-03,3.119349e-03,1.024673e-02,2.483009e-02,4.105480e-01,2.973127e-01,1.657840e-03,1.486399e-02,7.361676e-02
4.180665e-02,4.115859e-02,1.336653e-02,1.030790e-02,1.558324e-02,1.594884e-02,4.351250e-03,5.324971e-03,1.325455e-02,3.349138e-02,4.434369e-01,2.605109e-01,1.724561e-03,1.747653e-02,8.225727e-02
3.451921e-02,3.074979e-02,2.743016e-02,1.014133e-02,1.692300e-02,2.083721e-02,8.673972e-03,1.230504e-01,1.159055e-02,5.656578e-02,3.762449e-01,2.058583e-01,2.611907e-03,1.528368e-02,5.951978e-02
2.976263e-02,2.239520e-02,4.358168e-02,1.454753e-02,1.584621e-02,2.139010e-02,7.897464e-03,2.933278e-01,9.937220e-03,5.139184e-02,2.771807e-01,1.561635e-01,2.287033e-03,1.210820e-02,4.218294e-02
2.773116e-02,1.660270e-02,1.828067e-01,1.553645e-02,1.635890e-02,2.181967e-02,7.536707e-03,3.134639e-01,7.448077e-03,3.744696e-02,1.966771e-01,1.164387e-01,1.794348e-03,8.653202e-03,2.968544e-02
2.402830e-02,1.189625e-02,2.901645e-01,1.711742e-02,1.613591e-02,1.846926e-02,7.307666e-03,3.328754e-01,5.444209e-03,2.671556e-02,1.384135e-01,8.296850e-02,1.464554e-03,6.145469e-03,2.085344e-02
2.218172e-02,8.628367e-03,3.815529e-01,1.989733e-02,1.605562e-02,1.394142e-02,6.552332e-03,3.307459e-01,4.009545e-03,1.906865e-02,9.786163e-02,5.919447e-02,1.151465e-03,4.505127e-03,1.465348e-02
2.109988e-02,6.234931e-03,4.106019e-01,2.239016e-02,1.493131e-02,1.041664e-02,7.710392e-03,3.635896e-01,3.047664e-03,1.440039e-02,6.895944e-02,4.177858e-02,9.809672e-04,3.536400e-03,1.032175e-02
2.112944e-02,4.546227e-03,4.574550e-01,2.180566e-02,1.474049e-02,7.835815e-03,1.115631e-02,3.576476e-01,2.368361e-03,1.199570e-02,4.876141e-02,2.948043e-02,1.010085e-03,2.778596e-03,7.288824e-03
2.344069e-02,4.524870e-03,5.095564e-01,2.130860e-02,3.976058e-02,7.526001e-03,1.320108e-02,3.038833e-01,2.353027e-03,9.712556e-03,3.494265e-02,2.100859e-02,1.202469e-03,2.357753e-03,5.221421e-03
2.816948e-02,3.998242e-03,5.437118e-01,2.609941e-02,3.802119e-02,6.174379e-03,1.348799e-02,2.818364e-01,1.962068e-03,8.223144e-03,2.563347e-02,1.546410e-02,1.341796e-03,2.012364e-03,3.864178e-03
6.702530e-02,5.577874e-03,4.720850e-01,3.784014e-02,4.999846e-02,9.934258e-03,2.416842e-02,2.749911e-01,3.056067e-03,8.892806e-03,1.989340e-02,1.462701e-02,4.070490e-03,2.931513e-03,4.908111e-03
8.667215e-02,5.376216e-03,3.558788e-01,3.095326e-02,4.226912e-02,1.153482e-02,3.438497e-02,2.255387e-01,4.930134e-03,3.084727e-02,7.312668e-02,3.998556e-02,4.322477e-02,6.529611e-03,8.747931e-03
1.078765e-01,4.289786e-03,2.605715e-01,2.412932e-02,3.083200e-02,4.761657e-02,2.829890e-02,1.661407e-01,5.945738e-03,1.146535e-01,7.384421e-02,6.792680e-02,5.080523e-02,8.458586e-03,8.610592e-03
1.046371e-01,4.104130e-03,1.870566e-01,2.058831e-02,2.684464e-02,4.077933e-02,2.738345e-02,1.211730e-01,1.644668e-02,1.468210e-01,7.768468e-02,1.367381e-01,4.134128e-02,3.897225e-02,9.429451e-03
1.048772e-01,4.320483e-03,1.325044e-01,1.684474e-02,2.249789e-02,3.227082e-02,2.732652e-02,9.380356e-02,2.038834e-02,1.130647e-01,9.644920e-02,2.357386e-01,3.488873e-02,5.699091e-02,8.033916e-03
7.566501e-02,3.730135e-03,9.322370e-02,1.442348e-02,2.239360e-02,2.479164e-02,1.951426e-02,6.946289e-02,2.361569e-02,8.069741e-02,1.242753e-01,3.516635e-01,2.831184e-02,6.225139e-02,5.980168e-03
6.275308e-02,5.801702e-03,6.819814e-02,2.669550e-02,3.132880e-02,4.316623e-02,1.390146e-02,5.683413e-02,2.722307e-02,9.834478e-02,2.040598e-01,2.760326e-01,2.302157e-02,5.708520e-02,5.553913e-03
5.284050e-02,7.767857e-03,5.027418e-02,2.575074e-02,2.833854e-02,5.626214e-02,1.005157e-02,4.400760e-02,3.212170e-02,1.709154e-01,2.114369e-01,2.278905e-01,1.987067e-02,5.587208e-02,6.599648e-03
4.518341e-02,6.738312e-03,3.664455e-02,1.962447e-02,2.298815e-02,4.307443e-02,7.243669e-03,3.551638e-02,2.751784e-02,2.036993e-01,2.312062e-01,1.960491e-01,1.840770e-02,1.000072e-01,6.099324e-03
4.059448e-02,1.077817e-02,2.909671e-02,1.548486e-02,2.192171e-02,4.483632e-02,5.676303e-03,3.291028e-02,3.765834e-02,2.086695e-01,2.345657e-01,1.539500e-01,2.042217e-02,1.356410e-01,7.794453e-03
3.094391e-02,9.293886e-03,2.223057e-02,1.137944e-02,1.831666e-02,3.520934e-02,4.130252e-03,2.713986e-02,6.890406e-02,1.557964e-01,2.148028e-01,1.177906e-01,1.821103e-02,2.589663e-01,6.884888e-03
2.615438e-02,9.414596e-03,1.680076e-02,8.656623e-03,1.379066e-02,3.423263e-02,2.981894e-03,1.972833e-02,1.042866e-01,1.191267e-01,2.620297e-01,9.216032e-02,1.373798e-02,2.699735e-01,6.925238e-03
2.106841e-02,9.546177e-03,1.215796e-02,6.402145e-03,1.007652e-02,2.692262e-02,2.136371e-03,1.407298e-02,9.349535e-02,8.674716e-02,2.586152e-01,7.069062e-02,1.000931e-02,3.717328e-01,6.326369e-03
1.959167e-02,1.569574e-02,9.193974e-03,6.900537e-03,7.993924e-03,2.482791e-02,1.763215e-03,1.081169e-02,1.737007e-01,6.290732e-02,2.246786e-01,5.875910e-02,1.237885e-02,3.639195e-01,6.877241e-03
2.046104e-02,3.739756e-02,8.033381e-03,6.830324e-03,6.209142e-03,3.994761e-02,1.382763e-03,8.090404e-03,2.190131e-01,4.565960e-02,1.719214e-01,4.737795e-02,1.062649e-02,3.669070e-01,1.014222e-02
2.392606e-02,3.037082e-02,7.026523e-03,7.243521e-03,5.823296e-03,4.783854e-02,1.241604e-03,9.368682e-03,3.821519e-01,3.227440e-02,1.230155e-01,3.398502e-02,8.465221e-03,2.795115e-01,7.757488e-03
1.709714e-02,2.242256e-02,5.030727e-03,6.422913e-03,4.786817e-03,3.449700e-02,8.850229e-04,6.849353e-03,5.603060e-01,2.280475e-02,8.653146e-02,2.393816e-02,6.237157e-03,1.963530e-01,5.837905e-03
1.205820e-02,1.671872e-02,3.551529e-03,5.339049e-03,3.764037e-03,2.476187e-02,6.216536e-04,4.814738e-03,6.881135e-01,1.611801e-02,6.076865e-02,1.680939e-02,4.510846e-03,1.376838e-01,4.366043e-03
8.848591e-03,1.297333e-02,2.555937e-03,7.171736e-03,6.808718e-03,1.854341e-02,4.477779e-04,3.453025e-03,7.687782e-01,1.158753e-02,4.281398e-02,1.178973e-02,3.241546e-03,9.656385e-02,4.422586e-03
9.535480e-03,1.074026e-02,1.846634e-03,8.200266e-03,1.017208e-02,1.440156e-02,3.425017e-04,2.482122e-03,8.166649e-01,8.777944e-03,3.072148e-02,8.349893e-03,2.486594e-03,6.817884e-02,7.099345e-03
7.347561e-03,8.472647e-03,1.432670e-03,1.601725e-02,8.888220e-03,1.082402e-02,2.672996e-04,2.037707e-03,8.541412e-01,6.491837e-03,2.179516e-02,5.883649e-03,1.908323e-03,4.779198e-02,6.700397e-03
5.511176e-03,7.586507e-03,1.179675e-03,1.570978e-02,6.285425e-03,7.923511e-03,1.951333e-04,1.469107e-03,8.776524e-01,4.821491e-03,1.839110e-02,4.909844e-03,6.376745e-03,3.370493e-02,8.283136e-03
4.062443e-03,6.195432e-03,9.176338e-04,1.654048e-02,4.464915e-03,5.763767e-03,1.472100e-04,1.045794e-03,8.589625e-01,3.977305e-03,2.886706e-02,9.524709e-03,2.829235e-02,2.370643e-02,7.531986e-03
3.110779e-03,5.399684e-03,9.784766e-04,2.435008e-02,3.447512e-03,4.484878e-03,2.437298e-04,9.954827e-04,6.782914e-01,8.921766e-03,6.622674e-02,1.019399e-01,7.065299e-02,1.962250e-02,1.133411e-02
2.297059e-03,4.087153e-03,8.425664e-04,2.327906e-02,3.964602e-03,3.503316e-03,1.999064e-04,8.549311e-04,4.838133e-01,6.765006e-03,1.204351e-01,1.116987e-01,2.059826e-01,1.928816e-02,1.298853e-02
1.716254e-03,4.122322e-03,2.803480e-03,1.746443e-02,1.219753e-02,2.531866e-03,1.808398e-04,1.021474e-03,3.425799e-01,5.727006e-03,1.376061e-01,9.411927e-02,2.739105e-01,7.164764e-02,3.237151e-02
1.416857e-03,3.224302e-03,1.227400e-02,1.270980e-02,1.387254e-01,2.835899e-03,2.384294e-03,2.008101e-02,2.450188e-01,5.646137e-03,1.252582e-01,6.932301e-02,2.498576e-01,6.044519e-02,5.079954e-02
1.066542e-03,2.718896e-03,1.251418e-02,1.012162e-02,3.124437e-01,2.794290e-03,1.903390e-03,1.909581e-02,1.769188e-01,8.276824e-03,9.962702e-02,5.041411e-02,1.932496e-01,6.164441e-02,4.721082e-02
1.971707e-03,5.689551e-03,4.405911e-02,1.561368e-02,2.598358e-01,1.241269e-02,1.621587e-03,2.665498e-02,1.546038e-01,3.639545e-02,1.090684e-01,4.086263e-02,1.419926e-01,1.113596e-01,3.785846e-02
3.545273e-03,1.201765e-02,7.246423e-02,2.813371e-02,2.262548e-01,1.309368e-02,1.597691e-03,3.050973e-02,1.188238e-01,8.771788e-02,1.043310e-01,3.206941e-02,1.112811e-01,1.283828e-01,2.977729e-02
6.820548e-03,1.308022e-02,6.365282e-02,2.723483e-02,1.789578e-01,2.232344e-02,2.288179e-03,4.065793e-02,1.077156e-01,1.398932e-01,1.067809e-01,2.718730e-02,9.800087e-02,1.288603e-01,3.654619e-02
1.994479e-02,1.740093e-02,6.354337e-02,2.654674e-02,1.686416e-01,2.776975e-02,3.687075e-03,4.904497e-02,1.687599e-01,1.131641e-01,9.872844e-02,3.188623e-02,8.564717e-02,9.514538e-02,3.008948e-02
3.750963e-02,3.785119e-02,6.377085e-02,3.286326e-02,1.434082e-01,2.450744e-02,3.410510e-03,4.284258e-02,2.157875e-01,9.660831e-02,9.722206e-02,3.315825e-02,7.191341e-02,7.091606e-02,2.823076e-02
9.530207e-02,7.787565e-02,5.467070e-02,6.176918e-02,1.220702e-01,2.143772e-02,3.374706e-03,3.697472e-02,2.017546e-01,7.535543e-02,7.980356e-02,3.269293e-02,5.700164e-02,5.088433e-02,2.903260e-02
1.801316e-01,6.686777e-02,4.404173e-02,6.583287e-02,1.173696e-01,2.306572e-02,3.731283e-03,2.926603e-02,1.821795e-01,6.822833e-02,6.709152e-02,4.232680e-02,4.673864e-02,3.662280e-02,2.650584e-02
2.368303e-01,5.462189e-02,3.849436e-02,1.604105e-01,9.150144e-02,2.160808e-02,4.153939e-03,2.717392e-02,1.449398e-01,5.066760e-02,5.084946e-02,3.556416e-02,3.496645e-02,2.608756e-02,2.213052e-02
2.626314e-01,4.969271e-02,3.183552e-02,1.905342e-01,8.405390e-02,1.955688e-02,6.656103e-03,2.443601e-02,1.511573e-01,4.332186e-02,3.930257e-02,3.069660e-02,2.615576e-02,1.934646e-02,2.062273e-02
3.352951e-01,4.371455e-02,2.483059e-02,1.739186e-01,7.925681e-02,1.812206e-02,6.540711e-03,1.877793e-02,1.464151e-01,3.678311e-02,3.182726e-02,2.859556e-02,1.987789e-02,1.445644e-02,2.158818e-02
3.709165e-01,4.520988e-02,2.035193e-02,1.533009e-01,8.516213e-02,2.050753e-02,1.644359e-02,1.936347e-02,1.349546e-01,3.061404e-02,2.789808e-02,2.799928e-02,1.633588e-02,1.138114e-02,1.956099e-02
3.791302e-01,4.139059e-02,1.678777e-02,1.162674e-01,9.485950e-02,1.998983e-02,2.113160e-02,8.474039e-02,1.203566e-01,2.391246e-02,2.098959e-02,2.242532e-02,1.383423e-02,8.435789e-03,1.574867e-02
