1.000000e+00,0.000000e+00,0.000000e+00,0.000000e+00,0.000000e+00,0.000000e+00,0.000000e+00,0.000000e+00,0.000000e+00,0.000000e+00,0.000000e+00,0.000000e+00,0.000000e+00,0.000000e+00,0.000000e+00
1.000000e+00,0.000000e+00,0.000000e+00,0.000000e+00,0.000000e+00,0.000000e+00,0.000000e+00,0.000000e+00,0.000000e+00,0.000000e+00,0.000000e+00,0.000000e+00,0.000000e+00,0.000000e+00,0.000000e+00
1.000000e+00,0.000000e+00,0.000000e+00,0.000000e+00,0.000000e+00,0.000000e+00,0.000000e+00,0.000000e+00,0.000000e+00,0.000000e+00,0.000000e+00,0.000000e+00,0.000000e+00,0.000000e+00,0.000000e+00
1.000000e+00,0.000000e+00,0.000000e+00,0.000000e+00,0.000000e+00,0.000000e+00,0.000000e+00,0.000000e+00,0.000000e+00,0.000000e+00,0.000000e+00,0.000000e+00,0.000000e+00,0.000000e+00,0.000000e+00
1.000000e+00,0.000000e+00,0.000000e+00,0.000000e+00,0.000000e+00,0.000000e+00,0.000000e+00,0.000000e+00,0.000000e+00,0.000000e+00,0.000000e+00,0.000000e+00,0.000000e+00,0.000000e+00,0.000000e+00
1.000000e+00,0.000000e+00,0.000000e+00,0.000000e+00,0.000000e+00,0.000000e+00,0.000000e+00,0.000000e+00,0.000000e+00,0.000000e+00,0.000000e+00,0.000000e+00,0.000000e+00,0.000000e+00,0.000000e+00
1.000000e+00,0.000000e+00,0.000000e+00,0.000000e+00,0.000000e+00,0.000000e+00,0.000000e+00,0.000000e+00,0.000000e+00,0.000000e+00,0.000000e+00,0.000000e+00,0.000000e+00,0.000000e+00,0.000000e+00
1.000000e+00,0.000000e+00,0.000000e+00,0.000000e+00,0.000000e+00,0.000000e+00,0.000000e+00,0.000000e+00,0.000000e+00,0.000000e+00,0.000000e+00,0.000000e+00,0.000000e+00,0.000000e+00,0.000000e+00
1.000000e+00,0.000000e+00,0.000000e+00,0.000000e+00,0.000000e+00,0.000000e+00,0.000000e+00,0.000000e+00,0.000000e+00,0.000000e+00,0.000000e+00,0.000000e+00,0.000000e+00,0.000000e+00,0.000000e+00
1.000000e+00,0.000000e+00,0.000000e+00,0.000000e+00,0.000000e+00,0.000000e+00,0.000000e+00,0.000000e+00,0.000000e+00,0.000000e+00,0.000000e+00,0.000000e+00,0.000000e+00,0.000000e+00,0.000000e+00
1.000000e+00,0.000000e+00,0.000000e+00,0.000000e+00,0.000000e+00,0.000000e+00,0.000000e+00,0.000000e+00,0.000000e+00,0.000000e+00,0.000000e+00,0.000000e+00,0.000000e+00,0.000000e+00,0.000000e+00
1.000000e+00,0.000000e+00,0.000000e+00,0.000000e+00,0.000000e+00,0.000000e+00,0.000000e+00,0.000000e+00,0.000000e+00,0.000000e+00,0.000000e+00,0.000000e+00,0.000000e+00,0.000000e+00,0.000000e+00
1.000000e+00,0.000000e+00,0.000000e+00,0.000000e+00,0.000000e+00,0.000000e+00,0.000000e+00,0.000000e+00,0.000000e+00,0.000000e+00,0.000000e+00,0.000000e+00,0.000000e+00,0.000000e+00,0.000000e+00
1.000000e+00,0.000000e+00,0.000000e+00,0.000000e+00,0.000000e+00,0.000000e+00,0.000000e+00,0.000000e+00,0.000000e+00,0.000000e+00,0.000000e+00,0.000000e+00,0.000000e+00,0.000000e+00,0.000000e+00
1.000000e+00,0.000000e+00,0.000000e+00,0.000000e+00,0.000000e+00,0.000000e+00,0.000000e+00,0.000000e+00,0.000000e+00,0.000000e+00,0.000000e+00,0.000000e+00,0.000000e+00,0.000000e+00,0.000000e+00
1.000000e+00,0.000000e+00,0.000000e+00,0.000000e+00,0.000000e+00,0.000000e+00,0.000000e+00,0.000000e+00,0.000000e+00,0.000000e+00,0.000000e+00,0.000000e+00,0.000000e+00,0.000000e+00,0.000000e+00
1.000000e+00,0.000000e+00,0.000000e+00,0.000000e+00,0.000000e+00,0.000000e+00,0.000000e+00,0.000000e+00,0.000000e+00,0.000000e+00,0.000000e+00,0.000000e+00,0.000000e+00,0.000000e+00,0.000000e+00
1.000000e+00,0.000000e+00,0.000000e+00,0.000000e+00,0.000000e+00,0.000000e+00,0.000000e+00,0.000000e+00,0.000000e+00,0.000000e+00,0.000000e+00,0.000000e+00,0.000000e+00,0.000000e+00,0.000000e+00
1.000000e+00,0.000000e+00,0.000000e+00,0.000000e+00,0.000000e+00,0.000000e+00,0.000000e+00,0.000000e+00,0.000000e+00,0.000000e+00,0.000000e+00,0.000000e+00,0.000000e+00,0.000000e+00,0.000000e+00
1.000000e+00,0.000000e+00,0.000000e+00,0.000000e+00,0.000000e+00,0.000000e+00,0.000000e+00,0.000000e+00,0.000000e+00,0.000000e+00,0.000000e+00,0.000000e+00,0.000000e+00,0.000000e+00,0.000000e+00
1.000000e+00,0.000000e+00,0.000000e+00,0.000000e+00,0.000000e+00,0.000000e+00,0.000000e+00,0.000000e+00,0.000000e+00,0.000000e+00,0.000000e+00,0.000000e+00,0.000000e+00,0.000000e+00,0.000000e+00
1.000000e+00,0.000000e+00,0.000000e+00,0.000000e+00,0.000000e+00,0.000000e+00,0.000000e+00,0.000000e+00,0.000000e+00,0.000000e+00,0.000000e+00,0.000000e+00,0.000000e+00,0.000000e+00,0.000000e+00
1.000000e+00,0.000000e+00,0.000000e+00,0.000000e+00,0.000000e+00,0.000000e+00,0.000000e+00,0.000000e+00,0.000000e+00,0.000000e+00,0.000000e+00,0.000000e+00,0.000000e+00,0.000000e+00,0.000000e+00
1.000000e+00,0.000000e+00,0.000000e+00,0.000000e+00,0.000000e+00,0.000000e+00,0.000000e+00,0.000000e+00,0.000000e+00,0.000000e+00,0.000000e+00,0.000000e+00,0.000000e+00,0.000000e+00,0.000000e+00
1.000000e+00,0.000000e+00,0.000000e+00,0.000000e+00,0.000000e+00,0.000000e+00,0.000000e+00,0.000000e+00,0.000000e+00,0.000000e+00,0.000000e+00,0.000000e+00,0.000000e+00,0.000000e+00,0.000000e+00
1.000000e+00,0.000000e+00,0.000000e+00,0.000000e+00,0.000000e+00,0.000000e+00,0.000000e+00,0.000000e+00,0.000000e+00,0.000000e+00,0.000000e+00,0.000000e+00,0.000000e+00,0.000000e+00,0.000000e+00
1.000000e+00,0.000000e+00,0.000000e+00,0.000000e+00,0.000000e+00,0.000000e+00,0.000000e+00,0.000000e+00,0.000000e+00,0.000000e+00,0.000000e+00,0.000000e+00,0.000000e+00,0.000000e+00,0.000000e+00
1.000000e+00,0.000000e+00,0.000000e+00,0.000000e+00,0.000000e+00,0.000000e+00,0.000000e+00,0.000000e+00,0.000000e+00,0.000000e+00,0.000000e+00,0.000000e+00,0.000000e+00,0.000000e+00,0.000000e+00
1.000000e+00,0.000000e+00,0.000000e+00,0.000000e+00,0.000000e+00,0.000000e+00,0.000000e+00,0.000000e+00,0.000000e+00,0.000000e+00,0.000000e+00,0.000000e+00,0.000000e+00,0.000000e+00,0.000000e+00
1.000000e+00,0.000000e+00,0.000000e+00,0.000000e+00,0.000000e+00,0.000000e+00,0.000000e+00,0.000000e+00,0.000000e+00,0.000000e+00,0.000000e+00,0.000000e+00,0.000000e+00,0.000000e+00,0.000000e+00
1.000000e+00,0.000000e+00,0.000000e+00,0.000000e+00,0.000000e+00,0.000000e+00,0.000000e+00,0.000000e+00,0.000000e+00,0.000000e+00,0.000000e+00,0.000000e+00,0.000000e+00,0.000000e+00,0.000000e+00
1.000000e+00,0.000000e+00,0.000000e+00,0.000000e+00,0.000000e+00,0.000000e+00,0.000000e+00,0.000000e+00,0.000000e+00,0.000000e+00,0.000000e+00,0.000000e+00,0.000000e+00,0.000000e+00,0.000000e+00
1.000000e+00,0.000000e+00,0.000000e+00,0.000000e+00,0.000000e+00,0.000000e+00,0.000000e+00,0.000000e+00,0.000000e+00,0.000000e+00,0.000000e+00,0.000000e+00,0.000000e+00,0.000000e+00,0.000000e+00
1.000000e+00,0.000000e+00,0.000000e+00,0.000000e+00,0.000000e+00,0.000000e+00,0.000000e+00,0.000000e+00,0.000000e+00,0.000000e+00,0.000000e+00,0.000000e+00,0.000000e+00,0.000000e+00,0.000000e+00
1.000000e+00,0.000000e+00,0.000000e+00,0.000000e+00,0.000000e+00,0.000000e+00,0.000000e+00,0.000000e+00,0.000000e+00,0.000000e+00,0.000000e+00,0.000000e+00,0.000000e+00,0.000000e+00,0.000000e+00
1.000000e+00,0.000000e+00,0.000000e+00,0.000000e+00,0.000000e+00,0.000000e+00,0.000000e+00,0.000000e+00,0.000000e+00,0.000000e+00,0.000000e+00,0.000000e+00,0.000000e+00,0.000000e+00,0.000000e+00
1.000000e+00,0.000000e+00,0.000000e+00,0.000000e+00,0.000000e+00,0.000000e+00,0.000000e+00,0.000000e+00,0.000000e+00,0.000000e+00,0.000000e+00,0.000000e+00,0.000000e+00,0.000000e+00,0.000000e+00
1.000000e+00,0.000000e+00,0.000000e+00,0.000000e+00,0.000000e+00,0.000000e+00,0.000000e+00,0.000000e+00,0.000000e+00,0.000000e+00,0.000000e+00,0.000000e+00,0.000000e+00,0.000000e+00,0.000000e+00
1.000000e+00,0.000000e+00,0.000000e+00,0.000000e+00,0.000000e+00,0.000000e+00,0.000000e+00,0.000000e+00,0.000000e+00,0.000000e+00,0.000000e+00,0.000000e+00,0.000000e+00,0.000000e+00,0.000000e+00
1.000000e+00,0.000000e+00,0.000000e+00,0.000000e+00,0.000000e+00,0.000000e+00,0.000000e+00,0.000000e+00,0.000000e+00,0.000000e+00,0.000000e+00,0.000000e+00,0.000000e+00,0.000000e+00,0.000000e+00
1.000000e+00,0.000000e+00,0.000000e+00,0.000000e+00,0.000000e+00,0.000000e+00,0.000000e+00,0.000000e+00,0.000000e+00,0.000000e+00,0.000000e+00,0.000000e+00,0.000000e+00,0.000000e+00,0.000000e+00
1.000000e+00,0.000000e+00,0.000000e+00,0.000000e+00,0.000000e+00,0.000000e+00,0.000000e+00,0.000000e+00,0.000000e+00,0.000000e+00,0.000000e+00,0.000000e+00,0.000000e+00,0.000000e+00,0.000000e+00
4.927515e-01,9.294665e-02,3.818167e-02,1.313921e-01,1.667527e-02,2.339535e-02,5.872442e-03,1.572795e-02,1.842107e-02,7.281582e-03,2.891941e-02,3.077578e-02,1.389002e-02,1.171278e-02,7.205642e-02
4.354137e-01,1.134546e-01,4.118695e-02,1.422611e-01,1.886094e-02,2.645383e-02,6.513511e-03,1.600591e-02,1.975846e-02,8.515649e-03,3.145505e-02,3.314587e-02,1.529282e-02,1.280010e-02,7.888159e-02
4.220236e-01,1.208304e-01,3.828515e-02,1.406849e-01,1.914554e-02,2.513258e-02,6.573746e-03,1.466082e-02,1.946494e-02,9.240832e-03,2.999521e-02,3.359162e-02,1.698363e-02,1.499590e-02,8.839116e-02
4.521506e-01,1.111869e-01,3.254113e-02,1.234629e-01,1.765960e-02,2.667798e-02,6.086311e-03,1.308875e-02,1.801171e-02,9.116029e-03,2.954769e-02,3.162940e-02,1.764934e-02,1.849394e-02,9.269768e-02
4.713870e-01,1.059399e-01,2.816154e-02,1.097836e-01,1.585067e-02,2.674729e-02,5.314753e-03,1.182962e-02,1.739458e-02,8.651036e-03,2.985580e-02,2.902475e-02,1.732509e-02,2.202693e-02,1.007075e-01
4.485993e-01,1.109667e-01,4.222757e-02,1.131286e-01,1.636849e-02,2.698412e-02,5.680709e-03,1.754899e-02,1.857673e-02,7.402888e-03,3.808098e-02,2.701264e-02,1.628022e-02,2.070919e-02,9.043292e-02
4.867566e-01,9.752880e-02,3.894050e-02,1.024660e-01,1.429321e-02,2.559708e-02,5.661293e-03,1.580076e-02,1.735431e-02,7.358899e-03,4.095485e-02,2.783158e-02,1.791641e-02,1.906123e-02,8.247851e-02
1.000000e+00,0.000000e+00,0.000000e+00,0.000000e+00,0.000000e+00,0.000000e+00,0.000000e+00,0.000000e+00,0.000000e+00,0.000000e+00,0.000000e+00,0.000000e+00,0.000000e+00,0.000000e+00,0.000000e+00
1.000000e+00,0.000000e+00,0.000000e+00,0.000000e+00,0.000000e+00,0.000000e+00,0.000000e+00,0.000000e+00,0.000000e+00,0.000000e+00,0.000000e+00,0.000000e+00,0.000000e+00,0.000000e+00,0.000000e+00
1.000000e+00,0.000000e+00,0.000000e+00,0.000000e+00,0.000000e+00,0.000000e+00,0.000000e+00,0.000000e+00,0.000000e+00,0.000000e+00,0.000000e+00,0.000000e+00,0.000000e+00,0.000000e+00,0.000000e+00
1.000000e+00,0.000000e+00,0.000000e+00,0.000000e+00,0.000000e+00,0.000000e+00,0.000000e+00,0.000000e+00,0.000000e+00,0.000000e+00,0.000000e+00,0.000000e+00,0.000000e+00,0.000000e+00,0.000000e+00
1.000000e+00,0.000000e+00,0.000000e+00,0.000000e+00,0.000000e+00,0.000000e+00,0.000000e+00,0.000000e+00,0.000000e+00,0.000000e+00,0.000000e+00,0.000000e+00,0.000000e+00,0.000000e+00,0.000000e+00
1.000000e+00,0.000000e+00,0.000000e+00,0.000000e+00,0.000000e+00,0.000000e+00,0.000000e+00,0.000000e+00,0.000000e+00,0.000000e+00,0.000000e+00,0.000000e+00,0.000000e+00,0.000000e+00,0.000000e+00
1.000000e+00,0.000000e+00,0.000000e+00,0.000000e+00,0.000000e+00,0.000000e+00,0.000000e+00,0.000000e+00,0.000000e+00,0.000000e+00,0.000000e+00,0.000000e+00,0.000000e+00,0.000000e+00,0.000000e+00
1.000000e+00,0.000000e+00,0.000000e+00,0.000000e+00,0.000000e+00,0.000000e+00,0.000000e+00,0.000000e+00,0.000000e+00,0.000000e+00,0.000000e+00,0.000000e+00,0.000000e+00,0.000000e+00,0.000000e+00
1.000000e+00,0.000000e+00,0.000000e+00,0.000000e+00,0.000000e+00,0.000000e+00,0.000000e+00,0.000000e+00,0.000000e+00,0.000000e+00,0.000000e+00,0.000000e+00,0.000000e+00,0.000000e+00,0.000000e+00
1.000000e+00,0.000000e+00,0.000000e+00,0.000000e+00,0.000000e+00,0.000000e+00,0.000000e+00,0.000000e+00,0.000000e+00,0.000000e+00,0.000000e+00,0.000000e+00,0.000000e+00,0.000000e+00,0.000000e+00
1.000000e+00,0.000000e+00,0.000000e+00,0.000000e+00,0.000000e+00,0.000000e+00,0.000000e+00,0.000000e+00,0.000000e+00,0.000000e+00,0.000000e+00,0.000000e+00,0.000000e+00,0.000000e+00,0.000000e+00
1.000000e+00,0.000000e+00,0.000000e+00,0.000000e+00,0.000000e+00,0.000000e+00,0.000000e+00,0.000000e+00,0.000000e+00,0.000000e+00,0.000000e+00,0.000000e+00,0.000000e+00,0.000000e+00,0.000000e+00
1.000000e+00,0.000000e+00,0.000000e+00,0.000000e+00,0.000000e+00,0.000000e+00,0.000000e+00,0.000000e+00,0.000000e+00,0.000000e+00,0.000000e+00,0.000000e+00,0.000000e+00,0.000000e+00,0.000000e+00
3.912829e-01,2.696288e-02,2.127814e-02,1.400872e-02,2.604664e-03,1.130293e-02,1.676246e-03,4.944605e-03,4.641178e-02,8.947939e-02,3.520768e-02,7.328127e-03,7.903707e-03,2.750507e-01,6.455756e-02
3.760779e-01,2.121190e-02,1.783680e-02,1.453854e-02,4.777486e-03,1.629227e-02,3.675284e-03,6.671258e-03,7.512571e-02,8.177578e-02,4.279117e-02,8.241700e-03,9.257309e-03,2.669454e-01,5.478145e-02
3.726847e-01,1.716245e-02,1.484307e-02,1.951301e-02,6.326161e-03,2.023891e-02,4.708151e-03,6.713563e-03,8.514158e-02,8.004022e-02,4.689107e-02,1.620607e-02,1.297666e-02,2.411415e-01,5.541284e-02
3.131934e-01,1.369237e-02,1.156449e-02,1.656014e-02,6.297120e-03,1.744582e-02,3.851554e-03,5.597853e-03,8.327361e-02,1.406684e-01,6.400929e-02,1.912346e-02,1.134541e-02,2.348323e-01,5.854477e-02
2.689820e-01,1.076261e-02,9.024545e-03,1.754305e-02,6.175344e-03,1.490641e-02,3.129042e-03,5.034276e-03,7.538603e-02,2.219831e-01,7.204913e-02,3.024969e-02,1.267457e-02,1.934673e-01,5.863285e-02
2.867146e-01,8.261515e-03,6.685521e-03,1.513898e-02,6.683224e-03,1.301822e-02,2.399783e-03,4.345367e-03,5.975901e-02,2.913299e-01,6.714506e-02,2.671312e-02,1.336217e-02,1.507353e-01,4.770828e-02
2.873071e-01,6.583075e-03,4.846808e-03,1.381545e-02,5.705366e-03,1.060772e-02,1.866176e-03,3.873287e-03,5.113819e-02,3.335423e-01,6.185194e-02,2.705021e-02,1.630090e-02,1.275266e-01,4.798479e-02
4.248326e-01,6.656059e-03,4.283065e-03,1.110616e-02,6.404304e-03,8.706292e-03,1.501737e-03,3.269150e-03,4.094746e-02,2.659892e-01,5.355871e-02,2.126401e-02,1.601861e-02,9.353655e-02,4.192613e-02
4.162620e-01,1.629143e-02,5.674515e-03,1.153951e-02,6.452780e-03,5.929546e-02,1.986628e-03,4.831152e-03,4.435348e-02,2.432344e-01,4.820072e-02,1.688139e-02,1.399310e-02,7.214487e-02,3.885867e-02
3.597390e-01,2.357299e-02,6.358773e-03,1.038941e-02,8.256775e-03,1.206581e-01,2.350921e-03,4.560397e-03,3.908899e-02,2.663954e-01,4.687439e-02,1.526885e-02,1.282902e-02,5.322552e-02,3.043157e-02
2.905293e-01,6.434406e-02,1.193901e-02,4.118367e-02,1.415693e-02,1.280501e-01,6.525051e-03,1.136160e-02,5.323002e-02,2.414111e-01,4.290490e-02,1.508939e-02,1.240365e-02,4.019772e-02,2.667366e-02
2.308097e-01,6.546701e-02,3.003652e-02,4.589517e-02,2.520991e-02,1.472361e-01,1.898326e-02,2.234601e-02,5.445249e-02,2.278444e-01,4.611832e-02,1.667215e-02,1.401331e-02,3.056167e-02,2.435396e-02
1.960811e-01,5.186938e-02,3.789638e-02,3.774799e-02,2.800261e-02,2.191064e-01,3.031508e-02,3.987120e-02,4.559463e-02,2.040497e-01,3.825122e-02,1.730925e-02,1.134055e-02,2.217514e-02,2.038940e-02
1.815834e-01,4.217200e-02,5.163634e-02,3.043735e-02,2.452384e-02,2.493256e-01,5.805686e-02,5.008358e-02,3.499966e-02,1.880115e-01,2.982778e-02,1.588619e-02,1.006762e-02,1.666262e-02,1.672563e-02
1.594532e-01,3.320207e-02,9.049104e-02,3.102020e-02,2.353474e-02,1.908766e-01,8.988528e-02,1.075183e-01,2.668453e-02,1.758475e-01,2.293350e-02,1.394518e-02,9.200115e-03,1.244652e-02,1.296117e-02
1.645579e-01,2.593955e-02,1.046931e-01,2.851407e-02,2.338132e-02,1.385285e-01,1.659150e-01,1.260461e-01,2.346639e-02,1.373605e-01,1.760519e-02,1.480948e-02,9.598365e-03,9.377726e-03,1.020671e-02
1.487146e-01,1.872093e-02,8.503564e-02,2.451390e-02,1.981954e-02,9.896056e-02,2.391479e-01,1.955372e-01,1.777922e-02,1.011741e-01,1.320034e-02,1.418783e-02,8.690564e-03,6.803603e-03,7.714029e-03
1.804115e-01,1.578033e-02,1.010375e-01,1.959497e-02,1.783235e-02,8.331276e-02,2.625306e-01,1.701361e-01,1.485033e-02,7.490759e-02,1.041204e-02,1.899801e-02,1.685202e-02,5.209189e-03,8.134659e-03
2.451493e-01,1.480162e-02,1.189208e-01,1.748705e-02,1.584012e-02,6.526839e-02,2.246865e-01,1.545164e-01,1.630684e-02,5.798987e-02,8.890199e-03,2.929526e-02,1.675641e-02,4.222340e-03,9.868901e-03
2.746860e-01,1.358268e-02,1.358769e-01,1.705234e-02,1.493185e-02,5.386357e-02,2.032395e-01,1.505633e-01,1.728616e-02,4.454533e-02,8.180468e-03,3.478477e-02,1.705395e-02,3.618025e-03,1.073517e-02
2.297372e-01,1.200544e-02,1.321582e-01,1.499246e-02,1.268697e-02,4.350675e-02,2.840501e-01,1.538534e-01,1.777461e-02,3.294730e-02,7.472219e-03,2.758634e-02,1.743922e-02,2.734148e-03,1.105568e-02
2.261260e-01,1.085331e-02,1.194621e-01,1.239609e-02,9.737625e-03,4.199562e-02,3.034969e-01,1.250788e-01,1.421999e-02,3.200042e-02,1.928261e-02,3.055083e-02,2.888969e-02,1.102941e-02,1.488068e-02
2.853173e-01,1.096189e-02,9.115835e-02,1.320046e-02,8.833773e-03,4.186079e-02,2.457889e-01,1.005644e-01,1.478255e-02,2.688244e-02,4.120550e-02,5.742660e-02,2.971762e-02,1.335827e-02,1.894110e-02
2.809717e-01,1.210873e-02,6.667614e-02,1.301017e-02,7.301274e-03,3.555147e-02,2.688173e-01,7.448893e-02,1.326630e-02,2.239299e-02,5.531786e-02,6.468146e-02,4.314409e-02,2.457008e-02,1.770150e-02
2.540641e-01,1.256312e-02,4.987647e-02,1.654271e-02,7.329674e-03,3.994443e-02,2.788247e-01,5.514422e-02,1.578498e-02,1.974656e-02,5.939618e-02,1.130395e-01,3.736846e-02,1.913011e-02,2.124471e-02
1.882303e-01,1.003813e-02,3.580762e-02,1.545013e-02,7.137422e-03,3.416780e-02,2.040555e-01,3.971577e-02,1.625043e-02,1.868846e-02,5.596834e-02,3.072333e-01,3.157009e-02,1.648330e-02,1.920348e-02
1.357817e-01,7.283409e-03,2.532352e-02,1.304691e-02,6.459805e-03,2.757475e-02,1.499652e-01,2.838677e-02,1.451756e-02,1.507171e-02,5.128869e-02,4.710807e-01,2.682239e-02,1.267998e-02,1.471691e-02
1.000745e-01,1.124352e-02,1.899945e-02,1.008038e-02,8.405969e-03,2.125035e-02,1.081690e-01,2.042312e-02,1.470647e-02,1.400390e-02,5.440048e-02,5.659897e-01,2.749428e-02,1.173421e-02,1.302468e-02
7.085948e-02,8.147075e-03,1.349091e-02,7.349519e-03,9.628431e-03,1.571521e-02,7.822128e-02,1.452027e-02,1.244686e-02,1.123886e-02,4.505359e-02,6.731419e-01,2.128897e-02,9.609519e-03,9.288146e-03
5.019018e-02,5.855524e-03,9.647829e-03,5.600652e-03,1.534347e-02,1.203824e-02,5.566039e-02,1.048490e-02,1.205130e-02,8.439656e-03,3.754907e-02,7.462294e-01,1.703097e-02,7.299541e-03,6.578946e-03
3.567915e-02,4.445646e-03,7.460682e-03,4.434721e-03,1.854570e-02,9.358717e-03,3.955927e-02,7.577005e-03,1.159197e-02,6.158136e-03,2.909522e-02,8.030050e-01,1.284519e-02,5.535599e-03,4.708022e-03
2.803217e-02,3.870202e-03,5.892716e-03,3.922123e-03,1.845319e-02,1.103291e-02,2.806981e-02,5.776230e-03,1.003883e-02,4.800558e-03,2.373346e-02,8.387867e-01,9.593996e-03,4.210793e-03,3.786347e-03
2.277412e-02,3.002867e-03,4.687197e-03,3.114461e-03,2.511639e-02,9.832463e-03,2.001880e-02,5.209316e-03,9.610676e-03,3.643889e-03,1.808579e-02,8.619335e-01,7.024886e-03,3.190426e-03,2.755294e-03
1.607631e-02,2.276979e-03,3.492336e-03,2.249985e-03,8.411075e-02,7.186859e-03,1.636684e-02,4.150397e-03,8.523791e-03,2.836708e-03,1.554037e-02,8.275441e-01,5.274365e-03,2.406641e-03,1.963596e-03
1.188775e-02,1.831977e-03,2.784208e-03,1.643159e-03,1.034252e-01,5.902682e-03,1.302833e-02,3.477781e-03,8.564677e-03,3.077873e-03,1.796297e-02,8.187056e-01,4.261073e-03,1.987260e-03,1.459469e-03
9.032434e-03,1.612562e-03,2.199636e-03,1.187133e-03,8.238385e-02,1.682460e-02,1.033959e-02,3.966928e-03,1.004859e-02,6.070113e-03,3.393235e-02,8.117888e-01,6.919452e-03,2.575000e-03,1.118933e-03
7.096942e-03,1.787837e-03,1.941038e-03,9.934708e-04,8.410239e-02,9.400162e-02,9.332321e-03,5.282066e-03,2.243903e-02,5.042943e-03,7.291739e-02,6.791884e-01,1.276950e-02,2.091595e-03,1.013392e-03
5.731484e-03,4.060052e-03,1.691086e-03,8.210998e-04,1.093443e-01,1.024280e-01,9.816132e-03,4.481216e-03,1.348295e-01,3.597044e-03,9.665262e-02,5.026861e-01,2.146682e-02,1.603203e-03,7.912435e-04
4.736209e-03,4.987418e-03,1.577666e-03,7.608805e-04,9.331392e-02,1.288264e-01,7.630759e-03,6.771565e-03,2.107728e-01,2.670977e-03,1.067043e-01,4.027106e-01,2.628456e-02,1.555518e-03,6.963044e-04
4.589802e-03,7.071351e-03,2.137559e-03,1.911464e-03,7.772940e-02,1.576527e-01,5.896611e-03,1.373337e-02,2.501381e-01,2.249145e-03,1.084725e-01,3.353878e-01,3.018622e-02,2.009735e-03,8.341945e-04
7.732967e-03,5.713303e-03,2.573982e-03,1.843578e-03,7.062302e-02,1.848721e-01,6.867982e-03,2.701432e-02,1.968964e-01,1.834205e-03,1.053005e-01,3.518320e-01,3.383756e-02,2.070687e-03,9.873348e-04
1.367303e-02,4.901871e-03,2.925056e-03,1.929766e-03,7.976620e-02,1.552081e-01,7.313044e-03,3.517598e-02,1.541176e-01,1.663849e-03,1.188907e-01,3.870262e-01,3.322927e-02,3.022540e-03,1.156827e-03
1.745384e-02,3.688779e-03,2.365409e-03,1.626167e-03,8.070643e-02,1.137112e-01,5.915832e-03,3.103897e-02,1.165535e-01,1.292441e-03,9.778824e-02,4.944701e-01,2.894752e-02,3.460650e-03,9.809115e-04
2.218532e-02,3.112103e-03,2.042712e-03,1.327146e-03,6.395116e-02,8.371890e-02,4.364216e-03,3.182183e-02,8.703037e-02,9.651868e-04,8.070795e-02,5.907977e-01,2.319102e-02,3.939147e-03,8.452405e-04
2.778704e-02,2.492677e-03,1.667436e-03,1.106546e-03,5.059339e-02,6.456942e-02,3.125707e-03,2.620869e-02,6.474524e-02,7.074114e-04,8.806562e-02,6.390162e-01,2.081096e-02,8.263130e-03,8.406002e-04
4.708093e-02,4.365170e-03,2.652423e-03,2.455086e-03,7.055057e-02,6.653827e-02,3.017290e-03,3.857344e-02,9.201696e-02,1.071561e-03,9.541729e-02,5.304849e-01,2.534266e-02,1.877198e-02,1.661549e-03
6.029206e-02,4.060963e-03,2.292254e-03,2.659403e-03,6.917848e-02,6.282604e-02,2.623638e-03,3.273465e-02,7.794730e-02,9.396347e-04,1.261456e-01,4.822249e-01,3.032297e-02,4.392132e-02,1.830837e-03
7.205300e-02,3.868415e-03,2.781354e-03,2.306615e-03,7.816828e-02,5.846192e-02,5.006852e-03,3.034579e-02,6.290044e-02,8.776064e-04,1.006235e-01,5.154364e-01,2.606830e-02,3.933081e-02,1.770691e-03
9.546525e-02,5.743796e-03,7.544524e-03,2.478233e-03,7.704829e-02,6.728727e-02,7.447113e-03,4.684671e-02,5.319343e-02,8.415289e-04,8.208600e-02,4.891407e-01,3.072510e-02,3.157460e-02,2.577484e-03
8.307090e-02,6.268664e-03,5.984678e-03,1.897931e-03,6.600079e-02,6.269322e-02,5.714906e-03,3.617825e-02,4.403941e-02,6.308767e-04,7.119855e-02,5.568144e-01,3.382718e-02,2.374768e-02,1.932615e-03
7.841644e-02,8.122014e-03,5.105526e-03,1.597192e-03,6.266939e-02,4.905622e-02,4.510647e-03,2.916409e-02,3.483513e-02,4.877222e-04,6.278755e-02,6.043850e-01,3.899358e-02,1.813141e-02,1.738193e-03
8.362640e-02,6.923317e-03,4.320251e-03,1.245546e-03,5.455828e-02,3.758546e-02,4.208221e-03,2.239731e-02,2.684907e-02,3.919186e-04,5.370053e-02,6.516420e-01,3.595154e-02,1.525960e-02,1.340622e-03
1.106403e-01,6.093776e-03,9.613049e-03,1.259128e-03,7.609509e-02,3.203391e-02,1.066837e-02,3.111672e-02,2.581946e-02,3.411305e-04,4.539098e-02,5.973127e-01,4.080708e-02,1.151130e-02,1.297094e-03
1.137583e-01,5.782247e-03,8.904459e-03,1.039125e-03,6.105640e-02,3.217675e-02,1.252470e-02,2.610928e-02,2.400004e-02,3.209295e-04,3.311146e-02,5.474492e-01,1.244219e-01,8.279415e-03,1.065725e-03
1.047668e-01,4.909828e-03,7.209918e-03,8.157901e-04,4.680807e-02,2.728187e-02,1.024011e-02,1.974917e-02,1.998604e-02,2.621243e-04,2.446175e-02,4.893699e-01,2.371523e-01,6.136571e-03,8.497996e-04
9.804672e-02,4.032631e-03,6.145676e-03,7.294085e-04,4.050899e-02,2.608173e-02,1.296024e-02,1.546068e-02,1.635909e-02,2.179133e-04,1.819477e-02,3.806306e-01,3.752050e-01,4.635942e-03,7.906248e-04
1.067175e-01,3.541209e-03,6.542133e-03,6.235357e-04,3.293762e-02,2.092971e-02,1.327294e-02,1.192602e-02,1.238774e-02,1.987886e-04,1.325998e-02,3.283376e-01,4.450295e-01,3.628912e-03,6.668734e-04
1.297840e-01,4.294943e-03,1.052475e-02,1.185632e-03,3.095676e-02,2.155145e-02,1.561085e-02,1.081045e-02,1.121706e-02,2.798582e-04,9.768247e-03,2.683930e-01,4.818491e-01,2.802477e-03,9.713395e-04
1.882989e-01,5.668147e-03,1.160999e-02,1.525028e-03,2.700719e-02,2.196022e-02,1.400095e-02,1.079703e-02,1.093744e-02,3.546004e-04,7.092020e-03,2.039509e-01,4.931453e-01,2.183773e-03,1.468454e-03
2.327181e-01,5.275566e-03,1.610862e-02,2.068052e-03,2.425008e-02,2.029331e-02,1.481191e-02,1.569750e-02,9.345766e-03,4.409718e-04,5.240531e-03,1.738185e-01,4.765864e-01,1.704946e-03,1.639724e-03
2.260374e-01,5.851999e-03,1.997828e-02,2.287887e-03,2.335718e-02,1.970015e-02,1.518301e-02,1.800476e-02,8.114208e-03,1.108186e-03,4.105228e-03,1.746219e-01,4.751287e-01,3.710748e-03,2.810377e-03
2.320217e-01,6.323253e-03,1.927143e-02,1.855345e-03,2.265607e-02,1.865389e-02,1.840912e-02,1.534002e-02,6.985961e-03,1.659723e-03,3.172013e-03,1.997600e-01,4.407644e-01,9.830913e-03,3.296120e-03
3.037508e-01,5.973885e-03,1.512433e-02,1.861171e-03,2.382056e-02,1.774275e-02,1.670214e-02,1.194635e-02,6.048145e-03,1.812931e-03,2.429349e-03,1.493181e-01,4.299245e-01,7.488666e-03,6.056244e-03
3.720891e-01,7.278590e-03,1.606220e-02,2.276435e-03,2.288939e-02,1.647166e-02,2.034979e-02,1.233911e-02,5.793574e-03,2.463218e-03,2.083930e-03,1.388445e-01,3.647922e-01,6.206390e-03,1.005988e-02
3.650495e-01,5.754484e-03,1.204216e-02,3.083240e-03,1.789414e-02,4.182571e-02,1.652722e-02,9.963527e-03,5.085852e-03,3.601147e-03,4.469922e-03,1.152015e-01,3.842633e-01,6.646188e-03,8.591949e-03
3.183370e-01,5.054422e-03,1.177808e-02,7.658571e-03,1.478300e-02,3.910171e-02,1.267248e-02,8.725010e-03,6.980306e-03,8.340335e-03,1.149741e-02,1.999449e-01,3.387854e-01,7.668133e-03,8.673208e-03
4.185165e-01,4.570358e-03,9.499252e-03,1.066316e-02,1.528751e-02,3.608033e-02,1.066598e-02,9.068002e-03,9.986995e-03,8.642739e-03,1.579264e-02,1.720365e-01,2.627715e-01,8.087953e-03,8.330489e-03
3.798015e-01,6.410052e-03,9.335596e-03,3.606687e-02,1.997675e-02,3.166226e-02,9.036778e-03,8.314120e-03,2.389314e-02,1.433791e-02,2.260491e-02,1.518702e-01,2.588601e-01,1.056491e-02,1.726491e-02
2.754704e-01,5.355306e-03,7.030151e-03,3.460511e-02,1.576184e-02,2.625464e-02,6.520721e-03,6.264575e-03,2.765770e-02,1.512778e-02,3.270626e-02,1.646115e-01,3.285686e-01,1.477556e-02,3.928978e-02
2.620463e-01,5.952293e-03,5.726757e-03,4.884823e-02,1.549532e-02,2.240727e-02,5.147104e-03,5.651808e-03,3.202779e-02,1.430433e-02,3.981145e-02,1.329211e-01,2.831036e-01,2.133174e-02,1.052249e-01
1.993266e-01,4.800141e-03,4.734056e-03,4.888174e-02,1.584138e-02,2.146575e-02,3.980284e-03,5.213340e-03,3.152087e-02,2.597681e-02,5.981113e-02,1.326963e-01,2.986670e-01,2.519336e-02,1.218913e-01
1.775213e-01,5.410300e-03,4.433325e-03,5.697213e-02,1.387666e-02,1.866009e-02,4.289138e-03,5.513432e-03,5.857949e-02,3.907592e-02,8.327869e-02,1.417091e-01,2.740314e-01,2.294786e-02,9.370120e-02
1.672564e-01,1.355976e-02,5.054723e-03,4.491973e-02,1.111008e-02,1.637091e-02,3.400323e-03,4.893809e-03,7.212432e-02,6.442321e-02,1.125482e-01,1.272714e-01,2.535464e-01,2.134627e-02,8.217445e-02
1.476017e-01,1.058415e-02,5.061873e-03,3.768162e-02,1.061365e-02,1.452213e-02,2.764670e-03,6.961524e-03,6.254189e-02,8.383951e-02,1.296268e-01,1.225817e-01,2.530049e-01,2.226726e-02,9.034669e-02
1.366306e-01,8.996402e-03,1.303989e-02,3.514945e-02,1.818147e-02,2.271507e-02,3.575939e-03,3.797530e-02,5.766106e-02,6.933152e-02,1.326035e-01,1.189148e-01,2.545297e-01,1.985130e-02,7.084396e-02
1.985233e-01,8.119110e-03,1.072229e-02,3.632312e-02,1.818804e-02,1.938874e-02,2.875473e-03,2.810078e-02,4.779400e-02,6.251376e-02,1.528266e-01,1.099389e-01,2.238322e-01,2.369653e-02,5.715716e-02
2.551043e-01,7.607548e-03,9.096157e-03,3.302905e-02,1.665040e-02,1.773171e-02,2.509367e-03,2.180902e-02,4.597608e-02,4.729329e-02,1.781448e-01,1.080968e-01,1.852442e-01,2.749927e-02,4.420792e-02
1.848958e-01,6.705599e-03,1.232150e-02,2.787476e-02,1.535698e-02,1.446492e-02,2.154406e-03,2.299054e-02,4.559657e-02,3.961954e-02,2.212894e-01,1.361496e-01,1.959183e-01,3.550938e-02,3.915269e-02
1.409358e-01,6.891959e-03,2.196731e-02,2.947672e-02,1.922454e-02,1.230889e-02,1.821859e-03,3.241147e-02,7.864201e-02,3.526526e-02,2.402908e-01,1.479458e-01,1.653794e-01,3.730150e-02,3.013668e-02
1.082557e-01,7.703176e-03,3.008140e-02,3.025771e-02,2.568520e-02,9.942995e-03,1.645064e-03,3.691299e-02,1.413597e-01,2.751282e-02,2.652972e-01,1.353022e-01,1.268834e-01,3.101022e-02,2.215025e-02
8.807346e-02,7.915022e-03,1.501801e-01,3.307057e-02,2.272025e-02,8.717546e-03,1.725754e-03,4.252943e-02,1.340608e-01,2.155615e-02,2.608390e-01,9.839970e-02,9.064421e-02,2.369932e-02,1.586864e-02
7.024562e-02,1.183029e-02,2.245462e-01,3.903481e-02,1.915544e-02,1.998392e-02,1.903998e-03,3.318792e-02,1.488543e-01,1.957349e-02,2.454545e-01,7.116133e-02,6.400125e-02,1.874511e-02,1.232184e-02
6.623396e-02,9.629269e-03,3.336830e-01,3.807413e-02,1.694715e-02,1.713020e-02,1.955078e-03,2.831354e-02,1.117494e-01,1.523436e-02,2.416289e-01,5.136972e-02,4.555730e-02,1.366966e-02,8.824321e-03
8.974197e-02,1.428728e-02,3.604645e-01,5.605630e-02,2.800338e-02,1.577494e-02,2.011505e-03,2.241144e-02,9.159302e-02,2.119276e-02,2.083001e-01,3.693090e-02,3.263332e-02,1.368786e-02,6.910827e-03
1.161173e-01,2.098447e-02,3.277071e-01,8.348317e-02,4.178659e-02,1.545429e-02,1.963401e-03,1.887342e-02,7.441714e-02,4.529734e-02,1.840770e-01,2.705913e-02,2.406591e-02,1.314100e-02,5.572856e-03
1.543626e-01,4.693782e-02,2.528453e-01,8.910957e-02,3.922732e-02,1.282122e-02,1.560492e-03,1.641359e-02,6.829006e-02,9.634992e-02,1.625104e-01,2.095510e-02,1.799053e-02,1.422532e-02,6.400879e-03
1.548960e-01,6.379912e-02,1.976989e-01,8.889475e-02,4.141066e-02,1.005072e-02,1.239268e-03,1.475049e-02,6.728023e-02,1.672688e-01,1.411617e-01,1.578634e-02,1.326677e-02,1.692016e-02,5.576320e-03
1.711754e-01,5.543540e-02,1.595075e-01,8.968963e-02,5.439007e-02,8.214393e-03,1.020745e-03,1.425093e-02,6.090332e-02,2.102588e-01,1.229036e-01,1.230385e-02,9.751146e-03,2.498586e-02,5.209533e-03
2.191576e-01,5.162198e-02,1.225436e-01,7.688130e-02,6.544111e-02,7.171719e-03,1.228484e-03,1.459822e-02,7.549269e-02,2.239616e-01,9.731955e-02,1.069128e-02,7.349817e-03,2.182715e-02,4.714001e-03
2.818307e-01,5.034023e-02,8.848340e-02,6.443138e-02,6.217892e-02,6.426626e-03,1.457243e-03,1.880125e-02,1.043184e-01,2.048345e-01,7.709736e-02,1.117371e-02,5.997956e-03,1.747522e-02,5.153107e-03
4.128106e-01,4.034313e-02,6.575175e-02,5.032760e-02,5.365586e-02,6.734819e-03,2.333041e-03,1.729278e-02,8.852424e-02,1.679024e-01,5.665572e-02,1.259389e-02,5.067031e-03,1.361796e-02,6.389262e-03
1.000000e+00,0.000000e+00,0.000000e+00,0.000000e+00,0.000000e+00,0.000000e+00,0.000000e+00,0.000000e+00,0.000000e+00,0.000000e+00,0.000000e+00,0.000000e+00,0.000000e+00,0.000000e+00,0.000000e+00
1.000000e+00,0.000000e+00,0.000000e+00,0.000000e+00,0.000000e+00,0.000000e+00,0.000000e+00,0.000000e+00,0.000000e+00,0.000000e+00,0.000000e+00,0.000000e+00,0.000000e+00,0.000000e+00,0.000000e+00
4.425865e-01,2.078328e-02,3.604493e-02,2.366911e-02,2.380564e-02,8.017288e-03,1.651191e-03,9.903058e-03,5.282574e-02,2.986516e-01,3.385438e-02,1.102183e-02,5.507282e-03,1.138612e-02,2.029197e-02
3.168639e-01,1.487520e-02,2.746025e-02,1.695931e-02,1.695379e-02,5.978632e-03,1.212877e-03,7.194938e-03,3.789771e-02,4.899176e-01,2.585822e-02,8.828891e-03,5.163400e-03,9.643081e-03,1.519213e-02
2.242156e-01,1.096089e-02,1.993885e-02,1.332615e-02,1.198196e-02,5.738422e-03,9.201562e-04,5.121083e-03,2.745668e-02,6.142503e-01,2.582155e-02,1.187030e-02,8.684343e-03,8.350236e-03,1.136340e-02
1.574477e-01,8.101872e-03,1.421723e-02,1.014617e-02,8.475781e-03,5.026364e-03,6.897583e-04,3.626184e-03,2.038871e-02,6.901954e-01,3.381294e-02,1.647436e-02,1.336068e-02,8.920799e-03,9.116032e-03
1.108724e-01,6.397699e-03,1.104269e-02,7.612030e-03,6.074153e-03,1.033729e-02,6.245470e-04,2.613676e-03,1.493264e-02,7.279404e-01,4.046088e-02,3.379226e-02,1.294085e-02,6.947940e-03,7.410583e-03
8.138289e-02,6.696837e-03,8.045729e-03,6.417959e-03,4.402811e-03,1.425810e-02,5.617759e-04,1.917591e-03,1.219080e-02,6.506416e-01,1.040490e-01,7.967040e-02,1.469667e-02,8.578838e-03,6.489017e-03
6.357172e-02,5.918374e-03,5.906997e-03,9.704204e-03,4.333224e-03,1.318607e-02,7.323639e-04,1.984640e-03,2.083546e-02,5.515323e-01,1.455428e-01,1.417502e-01,1.754739e-02,1.154791e-02,5.906301e-03
5.448924e-02,1.138599e-02,8.754957e-03,1.182749e-01,5.781034e-03,1.253379e-02,8.728981e-04,2.209668e-03,3.847366e-02,4.057560e-01,1.371899e-01,1.625594e-01,1.922647e-02,1.311553e-02,9.376489e-03
4.081523e-02,1.276358e-02,1.040992e-02,1.425290e-01,1.354224e-02,1.074652e-02,1.009199e-03,2.208186e-03,8.562659e-02,2.982879e-01,1.771818e-01,1.640860e-01,1.907299e-02,1.359854e-02,8.122335e-03
5.353197e-02,1.296195e-02,1.245796e-02,1.389980e-01,2.289171e-02,9.993435e-03,1.399007e-03,8.605367e-03,1.287798e-01,2.291943e-01,1.955117e-01,1.412201e-01,2.117962e-02,1.621146e-02,7.063582e-03
6.798030e-02,1.872740e-02,1.145869e-02,1.099096e-01,2.067736e-02,9.880246e-03,2.002474e-03,1.439164e-02,1.696839e-01,2.162845e-01,1.799448e-01,1.257089e-01,2.343928e-02,2.290998e-02,7.000983e-03
7.505162e-02,2.451053e-02,8.596458e-03,8.223345e-02,2.010388e-02,9.625066e-03,2.328696e-03,1.595052e-02,2.596449e-01,1.738457e-01,1.516369e-01,1.251630e-01,2.257701e-02,2.211069e-02,6.621514e-03
6.113368e-02,3.184913e-02,9.044647e-03,9.026934e-02,3.276536e-02,8.467389e-03,3.118958e-03,2.738460e-02,3.614791e-01,1.227735e-01,1.210477e-01,9.138365e-02,1.718567e-02,1.693388e-02,5.163416e-03
6.253143e-02,5.899945e-02,9.588899e-03,8.379882e-02,3.596601e-02,1.412590e-02,3.140950e-03,2.665939e-02,4.266985e-01,8.835751e-02,9.124131e-02,6.677975e-02,1.453263e-02,1.297624e-02,4.603194e-03
7.135580e-02,9.952904e-02,1.421758e-02,8.545652e-02,3.606495e-02,1.324045e-02,2.993226e-03,2.433436e-02,4.373703e-01,6.920331e-02,7.015008e-02,4.841495e-02,1.248514e-02,1.056751e-02,4.616752e-03
7.551531e-02,1.299238e-01,1.743498e-02,8.846161e-02,4.936734e-02,1.102551e-02,2.962668e-03,2.882197e-02,4.281739e-01,5.403337e-02,5.335173e-02,3.597925e-02,1.025993e-02,9.172107e-03,5.516469e-03
1.063116e-01,1.341742e-01,1.773738e-02,7.670838e-02,8.144028e-02,1.242449e-02,3.103343e-03,4.162856e-02,3.920863e-01,4.376848e-02,4.008109e-02,2.689436e-02,8.339102e-03,9.115078e-03,6.187289e-03
1.666216e-01,1.102315e-01,2.199215e-02,6.720805e-02,9.791662e-02,1.241914e-02,4.181265e-03,4.795010e-02,3.482076e-01,4.624667e-02,3.080357e-02,2.109497e-02,8.398784e-03,7.711686e-03,9.016268e-03
2.194002e-01,9.327787e-02,1.902126e-02,5.529163e-02,9.710792e-02,1.202017e-02,4.175404e-03,4.697092e-02,3.355219e-01,4.866869e-02,2.390924e-02,1.817240e-02,7.257552e-03,7.250733e-03,1.195402e-02
2.539727e-01,7.402854e-02,3.875415e-02,1.284722e-01,7.469716e-02,1.089168e-02,3.391986e-03,4.003862e-02,2.688142e-01,4.399401e-02,1.830805e-02,1.552022e-02,6.495834e-03,5.357312e-03,1.726332e-02
3.512017e-01,5.733639e-02,3.824398e-02,1.201152e-01,6.954145e-02,1.134680e-02,4.444432e-03,3.934433e-02,2.204084e-01,3.268943e-02,1.542896e-02,1.488035e-02,6.369513e-03,4.214856e-03,1.443430e-02
3.696965e-01,4.098593e-02,2.787755e-02,8.722951e-02,1.595558e-01,1.043129e-02,1.429431e-02,3.004437e-02,1.925356e-01,2.351835e-02,1.191724e-02,1.284371e-02,5.296435e-03,3.199478e-03,1.057400e-02
3.651868e-01,3.147764e-02,2.113170e-02,6.205800e-02,1.814305e-01,1.160394e-02,2.306027e-02,4.057388e-02,2.105644e-01,1.744707e-02,9.035581e-03,9.889693e-03,5.615369e-03,2.458263e-03,8.466891e-03
3.369788e-01,2.501572e-02,1.558205e-02,4.401934e-02,1.856269e-01,1.144450e-02,1.851842e-02,3.503221e-02,2.857373e-01,1.322754e-02,7.092887e-03,7.461019e-03,4.402485e-03,2.211635e-03,7.649174e-03
3.151771e-01,2.167496e-02,1.241605e-02,3.143977e-02,1.885667e-01,1.584222e-02,1.439045e-02,3.888305e-02,3.280828e-01,9.602006e-03,6.062645e-03,5.550754e-03,3.493970e-03,2.006200e-03,6.811276e-03
3.184562e-01,1.785898e-02,1.034188e-02,2.288234e-02,1.910283e-01,2.024605e-02,1.189573e-02,3.770674e-02,3.411596e-01,7.004489e-03,5.309769e-03,4.556911e-03,3.094438e-03,1.939940e-03,6.518722e-03
2.977362e-01,1.420037e-02,9.548609e-03,1.671198e-02,2.105392e-01,2.376420e-02,1.006059e-02,3.410076e-02,3.564661e-01,5.408647e-03,4.752825e-03,3.998065e-03,2.723967e-03,2.429282e-03,7.559178e-03
3.380121e-01,1.221551e-02,8.457439e-03,1.229290e-02,2.198886e-01,2.048774e-02,7.974233e-03,3.030563e-02,3.222240e-01,4.584730e-03,4.435906e-03,4.087709e-03,2.808536e-03,2.570682e-03,9.654288e-03
3.438213e-01,1.032674e-02,6.733751e-03,9.159243e-03,2.375668e-01,1.827945e-02,6.046905e-03,2.310167e-02,3.191091e-01,3.577824e-03,4.376546e-03,3.929712e-03,2.741093e-03,2.592213e-03,8.637739e-03
3.716246e-01,9.575853e-03,5.062433e-03,7.018880e-03,2.222960e-01,1.463161e-02,4.479215e-03,1.676743e-02,3.248738e-01,3.207037e-03,3.935286e-03,4.215735e-03,2.404989e-03,2.463310e-03,7.443808e-03
4.037714e-01,1.238001e-02,4.651474e-03,8.650484e-03,1.883207e-01,1.370404e-02,4.000913e-03,1.379806e-02,3.171130e-01,4.531268e-03,5.057834e-03,6.643069e-03,2.311420e-03,3.574642e-03,1.149174e-02
4.300740e-01,2.419034e-02,6.302748e-03,3.240659e-02,1.547025e-01,1.349134e-02,4.581604e-03,1.514226e-02,2.619331e-01,6.896044e-03,6.588068e-03,1.764876e-02,3.405921e-03,4.336774e-03,1.830007e-02
4.121097e-01,3.206332e-02,1.522863e-02,7.814175e-02,1.121430e-01,1.580513e-02,3.918109e-03,1.637399e-02,1.950083e-01,9.590121e-03,1.185438e-02,3.472296e-02,7.344243e-03,5.200297e-03,5.049610e-02
3.929163e-01,2.803046e-02,1.280955e-02,6.466792e-02,8.222001e-02,1.593544e-02,3.225476e-03,1.296657e-02,1.602646e-01,2.491478e-02,1.346183e-02,3.100592e-02,9.189418e-03,1.054962e-02,1.378421e-01
2.938778e-01,3.033799e-02,2.250230e-02,1.062962e-01,5.827525e-02,1.277907e-02,2.428373e-03,1.042657e-02,1.772471e-01,2.881080e-02,1.236769e-02,2.512169e-02,8.263030e-03,8.382466e-03,2.028838e-01
2.117859e-01,2.469541e-02,1.964945e-02,1.000690e-01,4.104083e-02,9.349051e-03,1.843538e-03,7.734032e-03,2.267036e-01,5.293108e-02,9.443972e-03,1.823644e-02,6.426969e-03,6.859663e-03,2.632311e-01
1.546682e-01,2.105002e-02,2.510092e-02,1.061560e-01,2.892795e-02,7.073327e-03,1.399302e-03,6.371429e-03,2.761599e-01,7.652958e-02,7.737106e-03,1.339151e-02,5.174102e-03,5.278666e-03,2.649819e-01
1.090138e-01,1.874272e-02,2.482736e-02,8.836073e-02,2.028034e-02,5.013074e-03,9.983963e-04,4.688630e-03,4.300690e-01,7.334543e-02,6.477103e-03,9.667138e-03,5.153725e-03,3.760212e-03,1.996024e-01
7.970389e-02,2.291030e-02,2.036826e-02,6.614392e-02,1.423102e-02,3.695622e-03,7.368531e-04,3.669618e-03,5.437207e-01,6.469272e-02,7.533980e-03,7.405565e-03,1.235183e-02,2.892317e-03,1.499434e-01
5.645118e-02,6.483787e-02,4.235023e-02,5.557504e-02,9.974051e-03,2.663180e-03,5.214555e-04,2.661734e-03,5.399863e-01,7.080524e-02,6.262717e-03,5.665866e-03,1.090485e-02,2.414504e-03,1.289259e-01
4.321596e-02,6.700965e-02,7.105578e-02,5.030358e-02,7.083861e-03,2.119934e-03,4.102978e-04,2.109054e-03,5.542663e-01,6.374752e-02,6.401808e-03,5.863731e-03,1.126237e-02,3.564787e-03,1.115854e-01
3.906800e-02,7.198580e-02,9.257104e-02,4.545393e-02,5.255627e-03,1.987186e-03,3.544427e-04,2.109671e-03,5.110497e-01,5.939291e-02,9.176947e-03,8.880652e-03,1.344453e-02,9.250211e-03,1.300194e-01
5.145768e-02,1.349644e-01,9.229187e-02,4.567997e-02,4.734036e-03,2.400457e-03,3.657597e-04,1.994637e-03,4.192020e-01,4.957524e-02,8.052388e-03,7.980133e-03,1.077966e-02,1.046869e-02,1.600531e-01
8.474141e-02,1.474796e-01,9.566293e-02,4.042489e-02,1.194648e-02,7.768119e-03,1.022140e-03,3.906140e-03,3.824182e-01,3.741772e-02,8.932764e-03,7.847013e-03,8.964131e-03,1.407480e-02,1.473937e-01
1.116675e-01,1.564228e-01,9.567288e-02,4.303721e-02,3.384728e-02,2.023222e-02,2.538688e-03,5.371506e-03,3.217989e-01,2.938848e-02,1.084633e-02,5.950901e-03,7.069145e-03,1.327259e-02,1.428836e-01
1.376274e-01,1.504016e-01,8.536015e-02,6.535579e-02,5.569438e-02,4.639095e-02,6.184401e-03,1.508009e-02,2.428611e-01,2.337972e-02,1.454158e-02,7.019617e-03,9.284866e-03,1.501459e-02,1.258038e-01
1.327548e-01,1.541315e-01,7.560509e-02,6.817199e-02,7.092141e-02,8.489008e-02,1.153888e-02,1.930162e-02,1.843243e-01,1.931241e-02,1.388299e-02,8.790822e-03,1.859965e-02,1.919711e-02,1.185774e-01
1.688429e-01,2.390279e-01,5.906563e-02,5.615732e-02,6.147933e-02,6.866413e-02,8.488412e-03,1.551591e-02,1.481523e-01,1.700180e-02,1.451272e-02,1.116606e-02,1.736136e-02,1.723754e-02,9.732673e-02
1.450099e-01,2.567129e-01,6.426075e-02,6.617622e-02,6.262147e-02,6.825903e-02,6.985992e-03,1.501412e-02,1.334665e-01,2.467520e-02,1.451289e-02,1.221506e-02,1.509841e-02,1.431846e-02,1.006731e-01
