1.000000e+00,0.000000e+00,0.000000e+00,0.000000e+00,0.000000e+00,0.000000e+00,0.000000e+00,0.000000e+00,0.000000e+00,0.000000e+00,0.000000e+00,0.000000e+00,0.000000e+00,0.000000e+00,0.000000e+00
1.000000e+00,0.000000e+00,0.000000e+00,0.000000e+00,0.000000e+00,0.000000e+00,0.000000e+00,0.000000e+00,0.000000e+00,0.000000e+00,0.000000e+00,0.000000e+00,0.000000e+00,0.000000e+00,0.000000e+00
1.000000e+00,0.000000e+00,0.000000e+00,0.000000e+00,0.000000e+00,0.000000e+00,0.000000e+00,0.000000e+00,0.000000e+00,0.000000e+00,0.000000e+00,0.000000e+00,0.000000e+00,0.000000e+00,0.000000e+00
1.000000e+00,0.000000e+00,0.000000e+00,0.000000e+00,0.000000e+00,0.000000e+00,0.000000e+00,0.000000e+00,0.000000e+00,0.000000e+00,0.000000e+00,0.000000e+00,0.000000e+00,0.000000e+00,0.000000e+00
1.000000e+00,0.000000e+00,0.000000e+00,0.000000e+00,0.000000e+00,0.000000e+00,0.000000e+00,0.000000e+00,0.000000e+00,0.000000e+00,0.000000e+00,0.000000e+00,0.000000e+00,0.000000e+00,0.000000e+00
1.000000e+00,0.000000e+00,0.000000e+00,0.000000e+00,0.000000e+00,0.000000e+00,0.000000e+00,0.000000e+00,0.000000e+00,0.000000e+00,0.000000e+00,0.000000e+00,0.000000e+00,0.000000e+00,0.000000e+00
1.000000e+00,0.000000e+00,0.000000e+00,0.000000e+00,0.000000e+00,0.000000e+00,0.000000e+00,0.000000e+00,0.000000e+00,0.000000e+00,0.000000e+00,0.000000e+00,0.000000e+00,0.000000e+00,0.000000e+00
1.000000e+00,0.000000e+00,0.000000e+00,0.000000e+00,0.000000e+00,0.000000e+00,0.000000e+00,0.000000e+00,0.000000e+00,0.000000e+00,0.000000e+00,0.000000e+00,0.000000e+00,0.000000e+00,0.000000e+00
1.000000e+00,0.000000e+00,0.000000e+00,0.000000e+00,0.000000e+00,0.000000e+00,0.000000e+00,0.000000e+00,0.000000e+00,0.000000e+00,0.000000e+00,0.000000e+00,0.000000e+00,0.000000e+00,0.000000e+00
1.000000e+00,0.000000e+00,0.000000e+00,0.000000e+00,0.000000e+00,0.000000e+00,0.000000e+00,0.000000e+00,0.000000e+00,0.000000e+00,0.000000e+00,0.000000e+00,0.000000e+00,0.000000e+00,0.000000e+00
1.000000e+00,0.000000e+00,0.000000e+00,0.000000e+00,0.000000e+00,0.000000e+00,0.000000e+00,0.000000e+00,0.000000e+00,0.000000e+00,0.000000e+00,0.000000e+00,0.000000e+00,0.000000e+00,0.000000e+00
1.000000e+00,0.000000e+00,0.000000e+00,0.000000e+00,0.000000e+00,0.000000e+00,0.000000e+00,0.000000e+00,0.000000e+00,0.000000e+00,0.000000e+00,0.000000e+00,0.000000e+00,0.000000e+00,0.000000e+00
1.000000e+00,0.000000e+00,0.000000e+00,0.000000e+00,0.000000e+00,0.000000e+00,0.000000e+00,0.000000e+00,0.000000e+00,0.000000e+00,0.000000e+00,0.000000e+00,0.000000e+00,0.000000e+00,0.000000e+00
1.000000e+00,0.000000e+00,0.000000e+00,0.000000e+00,0.000000e+00,0.000000e+00,0.000000e+00,0.000000e+00,0.000000e+00,0.000000e+00,0.000000e+00,0.000000e+00,0.000000e+00,0.000000e+00,0.000000e+00
1.000000e+00,0.000000e+00,0.000000e+00,0.000000e+00,0.000000e+00,0.000000e+00,0.000000e+00,0.000000e+00,0.000000e+00,0.000000e+00,0.000000e+00,0.000000e+00,0.000000e+00,0.000000e+00,0.000000e+00
1.000000e+00,0.000000e+00,0.000000e+00,0.000000e+00,0.000000e+00,0.000000e+00,0.000000e+00,0.000000e+00,0.000000e+00,0.000000e+00,0.000000e+00,0.000000e+00,0.000000e+00,0.000000e+00,0.000000e+00
1.000000e+00,0.000000e+00,0.000000e+00,0.000000e+00,0.000000e+00,0.000000e+00,0.000000e+00,0.000000e+00,0.000000e+00,0.000000e+00,0.000000e+00,0.000000e+00,0.000000e+00,0.000000e+00,0.000000e+00
1.000000e+00,0.000000e+00,0.000000e+00,0.000000e+00,0.000000e+00,0.000000e+00,0.000000e+00,0.000000e+00,0.000000e+00,0.000000e+00,0.000000e+00,0.000000e+00,0.000000e+00,0.000000e+00,0.000000e+00
1.000000e+00,0.000000e+00,0.000000e+00,0.000000e+00,0.000000e+00,0.000000e+00,0.000000e+00,0.000000e+00,0.000000e+00,0.000000e+00,0.000000e+00,0.000000e+00,0.000000e+00,0.000000e+00,0.000000e+00
1.000000e+00,0.000000e+00,0.000000e+00,0.000000e+00,0.000000e+00,0.000000e+00,0.000000e+00,0.000000e+00,0.000000e+00,0.000000e+00,0.000000e+00,0.000000e+00,0.000000e+00,0.000000e+00,0.000000e+00
1.000000e+00,0.000000e+00,0.000000e+00,0.000000e+00,0.000000e+00,0.000000e+00,0.000000e+00,0.000000e+00,0.000000e+00,0.000000e+00,0.000000e+00,0.000000e+00,0.000000e+00,0.000000e+00,0.000000e+00
1.000000e+00,0.000000e+00,0.000000e+00,0.000000e+00,0.000000e+00,0.000000e+00,0.000000e+00,0.000000e+00,0.000000e+00,0.000000e+00,0.000000e+00,0.000000e+00,0.000000e+00,0.000000e+00,0.000000e+00
1.000000e+00,0.000000e+00,0.000000e+00,0.000000e+00,0.000000e+00,0.000000e+00,0.000000e+00,0.000000e+00,0.000000e+00,0.000000e+00,0.000000e+00,0.000000e+00,0.000000e+00,0.000000e+00,0.000000e+00
1.000000e+00,0.000000e+00,0.000000e+00,0.000000e+00,0.000000e+00,0.000000e+00,0.000000e+00,0.000000e+00,0.000000e+00,0.000000e+00,0.000000e+00,0.000000e+00,0.000000e+00,0.000000e+00,0.000000e+00
1.000000e+00,0.000000e+00,0.000000e+00,0.000000e+00,0.000000e+00,0.000000e+00,0.000000e+00,0.000000e+00,0.000000e+00,0.000000e+00,0.000000e+00,0.000000e+00,0.000000e+00,0.000000e+00,0.000000e+00
1.000000e+00,0.000000e+00,0.000000e+00,0.000000e+00,0.000000e+00,0.000000e+00,0.000000e+00,0.000000e+00,0.000000e+00,0.000000e+00,0.000000e+00,0.000000e+00,0.000000e+00,0.000000e+00,0.000000e+00
1.000000e+00,0.000000e+00,0.000000e+00,0.000000e+00,0.000000e+00,0.000000e+00,0.000000e+00,0.000000e+00,0.000000e+00,0.000000e+00,0.000000e+00,0.000000e+00,0.000000e+00,0.000000e+00,0.000000e+00
1.000000e+00,0.000000e+00,0.000000e+00,0.000000e+00,0.000000e+00,0.000000e+00,0.000000e+00,0.000000e+00,0.000000e+00,0.000000e+00,0.000000e+00,0.000000e+00,0.000000e+00,0.000000e+00,0.000000e+00
1.000000e+00,0.000000e+00,0.000000e+00,0.000000e+00,0.000000e+00,0.000000e+00,0.000000e+00,0.000000e+00,0.000000e+00,0.000000e+00,0.000000e+00,0.000000e+00,0.000000e+00,0.000000e+00,0.000000e+00
1.000000e+00,0.000000e+00,0.000000e+00,0.000000e+00,0.000000e+00,0.000000e+00,0.000000e+00,0.000000e+00,0.000000e+00,0.000000e+00,0.000000e+00,0.000000e+00,0.000000e+00,0.000000e+00,0.000000e+00
1.000000e+00,0.000000e+00,0.000000e+00,0.000000e+00,0.000000e+00,0.000000e+00,0.000000e+00,0.000000e+00,0.000000e+00,0.000000e+00,0.000000e+00,0.000000e+00,0.000000e+00,0.000000e+00,0.000000e+00
1.000000e+00,0.000000e+00,0.000000e+00,0.000000e+00,0.000000e+00,0.000000e+00,0.000000e+00,0.000000e+00,0.000000e+00,0.000000e+00,0.000000e+00,0.000000e+00,0.000000e+00,0.000000e+00,0.000000e+00
1.000000e+00,0.000000e+00,0.000000e+00,0.000000e+00,0.000000e+00,0.000000e+00,0.000000e+00,0.000000e+00,0.000000e+00,0.000000e+00,0.000000e+00,0.000000e+00,0.000000e+00,0.000000e+00,0.000000e+00
1.000000e+00,0.000000e+00,0.000000e+00,0.000000e+00,0.000000e+00,0.000000e+00,0.000000e+00,0.000000e+00,0.000000e+00,0.000000e+00,0.000000e+00,0.000000e+00,0.000000e+00,0.000000e+00,0.000000e+00
1.000000e+00,0.000000e+00,0.000000e+00,0.000000e+00,0.000000e+00,0.000000e+00,0.000000e+00,0.000000e+00,0.000000e+00,0.000000e+00,0.000000e+00,0.000000e+00,0.000000e+00,0.000000e+00,0.000000e+00
1.000000e+00,0.000000e+00,0.000000e+00,0.000000e+00,0.000000e+00,0.000000e+00,0.000000e+00,0.000000e+00,0.000000e+00,0.000000e+00,0.000000e+00,0.000000e+00,0.000000e+00,0.000000e+00,0.000000e+00
1.000000e+00,0.000000e+00,0.000000e+00,0.000000e+00,0.000000e+00,0.000000e+00,0.000000e+00,0.000000e+00,0.000000e+00,0.000000e+00,0.000000e+00,0.000000e+00,0.000000e+00,0.000000e+00,0.000000e+00
1.000000e+00,0.000000e+00,0.000000e+00,0.000000e+00,0.000000e+00,0.000000e+00,0.000000e+00,0.000000e+00,0.000000e+00,0.000000e+00,0.000000e+00,0.000000e+00,0.000000e+00,0.000000e+00,0.000000e+00
1.000000e+00,0.000000e+00,0.000000e+00,0.000000e+00,0.000000e+00,0.000000e+00,0.000000e+00,0.000000e+00,0.000000e+00,0.000000e+00,0.000000e+00,0.000000e+00,0.000000e+00,0.000000e+00,0.000000e+00
4.774574e-01,4.379928e-02,1.987559e-02,1.667881e-01,1.463322e-02,2.743799e-02,9.831133e-03,3.418242e-02,2.599896e-02,2.297181e-03,4.131947e-02,7.898550e-02,2.127696e-02,4.731165e-03,3.138559e-02
3.784591e-01,4.513977e-02,5.265723e-02,2.119855e-01,1.521987e-02,2.768981e-02,9.412172e-03,4.679395e-02,2.819113e-02,2.278349e-03,4.309569e-02,8.343169e-02,1.914392e-02,5.549366e-03,3.095241e-02
3.167888e-01,5.042953e-02,9.303655e-02,2.292311e-01,1.616620e-02,2.547164e-02,8.129494e-03,4.268209e-02,3.147735e-02,2.743185e-03,4.438175e-02,7.705989e-02,1.710610e-02,6.668007e-03,3.862825e-02
2.501987e-01,5.469586e-02,1.518188e-01,2.448713e-01,1.725011e-02,2.231473e-02,6.895597e-03,3.870906e-02,3.118263e-02,3.217810e-03,4.346086e-02,6.875017e-02,1.582004e-02,7.844809e-03,4.296957e-02
2.857491e-01,6.455179e-02,1.203628e-01,2.227547e-01,2.280583e-02,2.305011e-02,7.925326e-03,3.169188e-02,3.220010e-02,3.652092e-03,4.826692e-02,6.356130e-02,1.809522e-02,1.063144e-02,4.470142e-02
2.740333e-01,6.616610e-02,1.190743e-01,2.291550e-01,3.097890e-02,2.439921e-02,9.110328e-03,3.861536e-02,2.826110e-02,3.602189e-03,4.180273e-02,5.923102e-02,1.890232e-02,1.060733e-02,4.606080e-02
3.469989e-01,6.624180e-02,8.866081e-02,1.964377e-01,3.904556e-02,2.480096e-02,1.068915e-02,3.119186e-02,2.719849e-02,3.391379e-03,3.547732e-02,5.613194e-02,2.285912e-02,9.494791e-03,4.138007e-02
2.819686e-01,8.630408e-02,8.181757e-02,3.040166e-01,3.481807e-02,2.011546e-02,8.602660e-03,2.621965e-02,2.197465e-02,2.837173e-03,2.798745e-02,4.330625e-02,1.828833e-02,7.192861e-03,3.455054e-02
4.163810e-01,6.720673e-02,6.204216e-02,2.312743e-01,2.886505e-02,2.170443e-02,7.479760e-03,2.042324e-02,1.933027e-02,2.678031e-03,2.290252e-02,4.069509e-02,2.214630e-02,5.906366e-03,3.096478e-02
1.000000e+00,0.000000e+00,0.000000e+00,0.000000e+00,0.000000e+00,0.000000e+00,0.000000e+00,0.000000e+00,0.000000e+00,0.000000e+00,0.000000e+00,0.000000e+00,0.000000e+00,0.000000e+00,0.000000e+00
4.749076e-01,4.298812e-02,3.768340e-02,1.478353e-01,1.976782e-02,3.022070e-02,6.494911e-03,1.529131e-02,1.496132e-02,2.311692e-03,3.003468e-02,1.084984e-01,3.771313e-02,5.380996e-03,2.591065e-02
1.000000e+00,0.000000e+00,0.000000e+00,0.000000e+00,0.000000e+00,0.000000e+00,0.000000e+00,0.000000e+00,0.000000e+00,0.000000e+00,0.000000e+00,0.000000e+00,0.000000e+00,0.000000e+00,0.000000e+00
1.000000e+00,0.000000e+00,0.000000e+00,0.000000e+00,0.000000e+00,0.000000e+00,0.000000e+00,0.000000e+00,0.000000e+00,0.000000e+00,0.000000e+00,0.000000e+00,0.000000e+00,0.000000e+00,0.000000e+00
1.000000e+00,0.000000e+00,0.000000e+00,0.000000e+00,0.000000e+00,0.000000e+00,0.000000e+00,0.000000e+00,0.000000e+00,0.000000e+00,0.000000e+00,0.000000e+00,0.000000e+00,0.000000e+00,0.000000e+00
1.000000e+00,0.000000e+00,0.000000e+00,0.000000e+00,0.000000e+00,0.000000e+00,0.000000e+00,0.000000e+00,0.000000e+00,0.000000e+00,0.000000e+00,0.000000e+00,0.000000e+00,0.000000e+00,0.000000e+00
1.000000e+00,0.000000e+00,0.000000e+00,0.000000e+00,0.000000e+00,0.000000e+00,0.000000e+00,0.000000e+00,0.000000e+00,0.000000e+00,0.000000e+00,0.000000e+00,0.000000e+00,0.000000e+00,0.000000e+00
1.000000e+00,0.000000e+00,0.000000e+00,0.000000e+00,0.000000e+00,0.000000e+00,0.000000e+00,0.000000e+00,0.000000e+00,0.000000e+00,0.000000e+00,0.000000e+00,0.000000e+00,0.000000e+00,0.000000e+00
1.000000e+00,0.000000e+00,0.000000e+00,0.000000e+00,0.000000e+00,0.000000e+00,0.000000e+00,0.000000e+00,0.000000e+00,0.000000e+00,0.000000e+00,0.000000e+00,0.000000e+00,0.000000e+00,0.000000e+00
1.000000e+00,0.000000e+00,0.000000e+00,0.000000e+00,0.000000e+00,0.000000e+00,0.000000e+00,0.000000e+00,0.000000e+00,0.000000e+00,0.000000e+00,0.000000e+00,0.000000e+00,0.000000e+00,0.000000e+00
1.000000e+00,0.000000e+00,0.000000e+00,0.000000e+00,0.000000e+00,0.000000e+00,0.000000e+00,0.000000e+00,0.000000e+00,0.000000e+00,0.000000e+00,0.000000e+00,0.000000e+00,0.000000e+00,0.000000e+00
4.460045e-01,5.024910e-03,4.576334e-03,7.658593e-02,2.996911e-02,1.406537e-02,6.160240e-03,5.034118e-03,9.155682e-02,4.330756e-02,6.901111e-02,1.027343e-01,9.364512e-02,3.441161e-03,8.883400e-03
3.277576e-01,6.553403e-03,5.487397e-03,9.484411e-02,2.802296e-02,3.517164e-02,7.647444e-03,1.318606e-02,1.255940e-01,6.347578e-02,5.641396e-02,1.234116e-01,9.533911e-02,4.411749e-03,1.268318e-02
2.549364e-01,5.985844e-03,4.892829e-03,9.103576e-02,2.182443e-02,5.926675e-02,7.585384e-03,1.253624e-02,1.079198e-01,5.795678e-02,4.597850e-02,2.082253e-01,1.051509e-01,4.033988e-03,1.267113e-02
2.234131e-01,7.879800e-03,4.002902e-03,7.033157e-02,1.673089e-02,5.421645e-02,5.802060e-03,9.613696e-03,1.014867e-01,4.262768e-02,3.880549e-02,2.850968e-01,1.231578e-01,3.777714e-03,1.305736e-02
2.187802e-01,9.348582e-03,4.138823e-03,6.990717e-02,1.377075e-02,1.230435e-01,5.075683e-03,8.206885e-03,1.027311e-01,3.302117e-02,3.227163e-02,2.513479e-01,1.063737e-01,3.937985e-03,1.804495e-02
2.605985e-01,3.633209e-02,7.109142e-03,7.188983e-02,1.253984e-02,9.886090e-02,4.031150e-03,7.374412e-03,9.948103e-02,2.742425e-02,2.812305e-02,2.048983e-01,9.305928e-02,3.849855e-03,4.442839e-02
2.753975e-01,5.537828e-02,2.438653e-02,9.447446e-02,1.096378e-02,8.126569e-02,3.697937e-03,7.654358e-03,1.048487e-01,2.740880e-02,2.189007e-02,1.535005e-01,7.196946e-02,3.544019e-03,6.361999e-02
2.502797e-01,1.017863e-01,3.302388e-02,8.019248e-02,9.004585e-03,6.050806e-02,2.812726e-03,5.825914e-03,1.356794e-01,3.470976e-02,1.605699e-02,1.094371e-01,5.340912e-02,2.831501e-03,1.044424e-01
2.738138e-01,1.120179e-01,2.770906e-02,7.557420e-02,7.907018e-03,4.692347e-02,2.304934e-03,4.732798e-03,1.756757e-01,2.761612e-02,1.295606e-02,8.302027e-02,4.103982e-02,2.599848e-03,1.061091e-01
3.532133e-01,1.140904e-01,2.179566e-02,6.877401e-02,6.296071e-03,3.668421e-02,1.967602e-03,4.414919e-03,1.563561e-01,2.158592e-02,1.153648e-02,6.411941e-02,3.252966e-02,2.370198e-03,1.042662e-01
4.064866e-01,9.379188e-02,2.134904e-02,5.562061e-02,1.231412e-02,3.361099e-02,2.255266e-03,4.372577e-03,1.628280e-01,1.679618e-02,1.484152e-02,5.112879e-02,2.949492e-02,4.325832e-03,9.078369e-02
4.081270e-01,7.134379e-02,3.505515e-02,7.790524e-02,2.015090e-02,2.966160e-02,2.244365e-03,1.873718e-02,1.567027e-01,1.305562e-02,1.731573e-02,4.357195e-02,3.036352e-02,4.268157e-03,7.149712e-02
4.085552e-01,5.945604e-02,2.924673e-02,6.309782e-02,3.546612e-02,3.826422e-02,2.795485e-03,2.047500e-02,1.781821e-01,9.609694e-03,1.968803e-02,4.047901e-02,3.030339e-02,8.805292e-03,5.557592e-02
3.742834e-01,5.235723e-02,3.109011e-02,6.901702e-02,4.731224e-02,6.963023e-02,3.706324e-03,2.397253e-02,1.688872e-01,9.030755e-03,1.888319e-02,4.124958e-02,3.339663e-02,8.652436e-03,4.853107e-02
3.191193e-01,5.285230e-02,2.528409e-02,7.258628e-02,5.823991e-02,7.368012e-02,4.619564e-03,2.377634e-02,1.964906e-01,1.326288e-02,1.605852e-02,3.361202e-02,3.228676e-02,7.585140e-03,7.054615e-02
2.399366e-01,5.066505e-02,2.456285e-02,1.367066e-01,4.441163e-02,5.445747e-02,3.617139e-03,2.031378e-02,2.534011e-01,1.778935e-02,1.496151e-02,3.065380e-02,3.371303e-02,5.926647e-03,6.888345e-02
2.329383e-01,5.129072e-02,2.091801e-02,1.215793e-01,3.443651e-02,5.959201e-02,3.709737e-03,2.952129e-02,2.848043e-01,1.457425e-02,2.145197e-02,3.063994e-02,3.403094e-02,4.774630e-03,5.573811e-02
2.187018e-01,3.759754e-02,1.538233e-02,8.962335e-02,2.868708e-02,4.609094e-02,6.553683e-02,1.126382e-01,2.468892e-01,1.078584e-02,2.634951e-02,2.339942e-02,3.311209e-02,3.452377e-03,4.175347e-02
2.750866e-01,2.976951e-02,1.257480e-02,6.409894e-02,2.418764e-02,4.466249e-02,1.089884e-01,1.053164e-01,2.258431e-01,8.199632e-03,2.044690e-02,1.987235e-02,2.668017e-02,2.646093e-03,3.162687e-02
2.516977e-01,2.359280e-02,1.013681e-02,4.609187e-02,2.256346e-02,3.983883e-02,2.200632e-01,1.044638e-01,1.892943e-01,6.897963e-03,1.625738e-02,1.664386e-02,2.606837e-02,2.004282e-03,2.438530e-02
2.901431e-01,1.906980e-02,8.862368e-03,3.387111e-02,2.251133e-02,4.672969e-02,2.547921e-01,9.941279e-02,1.444664e-01,5.667969e-03,1.266076e-02,1.567267e-02,2.443672e-02,1.610004e-03,2.009315e-02
2.758320e-01,1.709980e-02,7.703917e-03,2.439967e-02,2.895985e-02,4.429705e-02,2.978732e-01,1.164881e-01,1.201182e-01,4.663567e-03,9.742404e-03,1.204728e-02,2.327006e-02,1.510973e-03,1.599383e-02
2.439789e-01,1.331098e-02,7.053863e-03,1.749666e-02,3.136891e-02,3.846947e-02,3.787832e-01,1.145586e-01,1.007180e-01,3.870784e-03,7.772798e-03,9.400740e-03,1.937611e-02,1.237798e-03,1.260333e-02
2.435716e-01,1.654866e-02,7.295866e-03,1.317139e-02,6.571869e-02,3.598483e-02,3.056865e-01,1.655628e-01,9.810028e-02,3.474288e-03,5.967715e-03,7.358998e-03,1.949551e-02,1.103773e-03,1.095906e-02
2.668478e-01,1.499664e-02,6.725886e-03,1.005949e-02,8.789557e-02,3.121240e-02,2.473292e-01,2.077723e-01,8.554658e-02,3.190379e-03,4.580718e-03,6.417971e-03,1.755315e-02,9.583121e-04,8.913641e-03
2.493394e-01,1.282707e-02,7.914071e-03,7.600016e-03,8.550364e-02,2.477099e-02,2.088715e-01,2.762551e-01,9.227963e-02,2.612158e-03,4.013808e-03,5.800537e-03,1.389844e-02,8.965819e-04,7.417086e-03
2.387705e-01,1.032639e-02,9.193351e-03,6.269351e-03,6.354528e-02,1.937681e-02,1.960506e-01,3.478659e-01,7.801381e-02,2.359933e-03,3.709043e-03,5.403964e-03,1.181605e-02,8.774456e-04,6.421527e-03
2.183355e-01,8.643311e-03,9.413334e-03,5.450862e-03,4.977617e-02,1.556092e-02,1.806458e-01,4.195430e-01,6.451363e-02,2.150309e-03,3.582762e-03,5.126977e-03,1.082878e-02,8.431643e-04,5.585436e-03
2.183178e-01,6.757343e-03,1.144946e-02,5.072867e-03,3.718775e-02,1.675249e-02,1.469559e-01,4.814233e-01,4.761576e-02,2.335535e-03,3.721986e-03,6.068675e-03,8.670845e-03,1.102701e-03,6.567613e-03
2.185616e-01,5.189261e-03,1.111008e-02,4.616016e-03,2.775588e-02,2.193180e-02,1.214432e-01,5.259494e-01,3.550432e-02,1.921636e-03,3.834825e-03,7.169312e-03,7.763424e-03,1.129566e-03,6.119750e-03
1.639151e-01,3.792077e-03,9.030533e-03,3.964308e-03,2.268157e-02,1.673298e-02,1.089079e-01,6.230221e-01,2.626132e-02,1.524359e-03,3.189892e-03,5.443189e-03,6.089848e-03,8.377450e-04,4.607140e-03
1.536088e-01,3.390817e-03,8.048166e-03,3.638322e-03,1.761315e-02,1.270774e-02,8.098740e-02,6.736941e-01,1.937807e-02,2.092755e-03,7.716407e-03,6.252523e-03,5.819725e-03,7.917440e-04,4.260225e-03
1.792167e-01,3.513375e-03,7.045283e-03,8.329848e-03,1.637250e-02,1.619513e-02,6.374702e-02,6.063531e-01,1.730454e-02,3.281448e-03,2.618044e-02,3.509359e-02,8.424934e-03,2.731841e-03,6.210129e-03
1.661725e-01,4.601934e-03,6.491441e-03,1.922080e-02,1.706558e-02,1.687316e-02,4.841148e-02,4.913885e-01,1.896475e-02,2.180606e-02,8.423231e-02,6.052426e-02,2.425753e-02,5.047778e-03,1.494193e-02
1.895115e-01,3.929100e-03,6.690116e-03,1.945446e-02,1.585484e-02,1.551603e-02,5.459409e-02,4.605791e-01,2.098861e-02,1.934677e-02,8.364443e-02,6.344114e-02,2.619343e-02,6.849024e-03,1.340736e-02
2.383307e-01,5.727910e-03,7.425473e-03,3.527438e-02,1.855462e-02,1.618818e-02,4.556425e-02,3.697213e-01,2.676286e-02,1.537298e-02,9.179792e-02,7.322097e-02,3.320189e-02,9.321117e-03,1.353539e-02
3.043321e-01,1.012283e-02,1.141182e-02,6.054951e-02,1.657619e-02,1.964206e-02,3.458223e-02,2.733574e-01,2.599607e-02,1.221600e-02,8.683603e-02,8.198182e-02,3.527273e-02,9.660552e-03,1.746259e-02
2.942454e-01,1.053944e-02,1.184795e-02,9.666250e-02,1.338617e-02,2.302098e-02,2.513974e-02,1.975297e-01,2.531061e-02,1.001932e-02,9.716845e-02,1.323664e-01,3.630227e-02,9.688870e-03,1.677215e-02
2.577926e-01,9.464169e-03,9.808738e-03,9.185179e-02,1.179599e-02,1.809504e-02,1.782207e-02,1.395045e-01,2.522954e-02,9.554820e-03,1.567533e-01,1.900140e-01,3.441749e-02,1.302161e-02,1.487439e-02
2.152859e-01,7.856909e-03,8.545311e-03,7.484153e-02,1.663502e-02,1.483925e-02,1.285624e-02,9.916762e-02,7.821936e-02,7.912757e-03,1.808683e-01,2.303800e-01,2.993385e-02,1.069144e-02,1.196659e-02
2.477200e-01,7.016238e-03,8.255065e-03,6.889242e-02,2.099592e-02,1.367489e-02,9.217609e-03,7.040939e-02,9.715560e-02,1.930391e-02,1.894630e-01,1.926153e-01,3.041761e-02,1.264389e-02,1.221910e-02
2.836641e-01,5.997631e-03,1.099481e-02,1.221716e-01,2.106837e-02,1.389504e-02,6.823670e-03,6.261564e-02,7.807461e-02,2.076251e-02,1.751518e-01,1.452602e-01,3.196977e-02,1.176666e-02,9.783677e-03
2.594287e-01,6.769859e-03,1.500072e-02,1.114697e-01,3.175026e-02,1.380257e-02,5.591879e-03,4.611536e-02,8.442917e-02,3.940983e-02,2.279706e-01,1.091001e-01,2.915620e-02,1.201786e-02,7.987262e-03
1.928113e-01,1.074950e-02,1.706591e-02,9.880728e-02,2.854203e-02,1.582095e-02,4.399459e-03,5.222940e-02,1.194446e-01,7.497619e-02,2.432394e-01,8.855692e-02,3.321971e-02,1.320968e-02,6.927682e-03
1.515899e-01,1.039021e-02,1.580191e-02,7.818350e-02,2.655313e-02,1.855736e-02,3.626464e-03,6.189097e-02,1.178054e-01,1.469197e-01,2.568815e-01,6.696245e-02,2.865455e-02,1.075560e-02,5.427275e-03
1.434193e-01,1.929871e-02,2.007401e-02,6.381664e-02,2.834623e-02,3.206606e-02,2.966365e-03,5.241075e-02,1.582403e-01,1.810692e-01,2.108019e-01,4.984991e-02,2.241909e-02,9.570882e-03,5.650685e-03
1.744362e-01,2.707137e-02,1.808514e-02,5.858025e-02,2.919599e-02,5.018891e-02,2.997160e-03,5.718742e-02,1.746107e-01,1.695291e-01,1.645905e-01,3.838784e-02,1.815025e-02,1.041629e-02,6.572803e-03
1.838797e-01,4.209122e-02,1.487029e-02,5.207755e-02,3.397212e-02,4.973170e-02,2.587202e-03,4.634590e-02,2.038075e-01,1.749056e-01,1.296756e-01,3.032626e-02,1.518871e-02,1.250849e-02,8.032156e-03
1.565099e-01,3.209398e-02,1.391954e-02,1.313184e-01,3.598684e-02,3.864984e-02,2.472566e-03,5.881616e-02,2.628725e-01,1.237752e-01,9.387524e-02,2.244161e-02,1.170789e-02,8.929119e-03,6.631219e-03
1.609555e-01,2.930358e-02,1.108591e-02,1.392541e-01,8.393261e-02,3.529196e-02,5.257735e-03,4.947727e-02,2.803434e-01,8.835475e-02,7.260094e-02,1.945231e-02,9.667935e-03,7.339049e-03,7.682824e-03
1.295444e-01,2.302573e-02,1.300968e-02,2.794465e-01,6.613196e-02,2.612075e-02,3.930988e-03,4.424030e-02,2.621773e-01,6.524882e-02,5.226077e-02,1.436578e-02,7.526108e-03,5.251227e-03,7.719621e-03
1.161650e-01,2.122251e-02,1.167254e-02,2.465412e-01,9.941237e-02,2.314821e-02,4.263117e-03,3.657578e-02,3.232210e-01,4.809810e-02,3.851691e-02,1.113560e-02,6.486405e-03,3.810512e-03,9.730860e-03
8.511243e-02,1.701920e-02,1.432208e-02,2.888128e-01,9.927990e-02,1.778879e-02,3.642281e-03,4.744845e-02,3.395461e-01,3.456343e-02,2.830348e-02,8.547973e-03,5.215054e-03,2.696147e-03,7.701766e-03
6.369991e-02,1.494311e-02,4.289513e-02,3.714901e-01,7.369824e-02,1.276996e-02,2.711836e-03,4.114313e-02,3.089362e-01,2.716141e-02,2.120885e-02,6.266809e-03,4.057207e-03,1.924187e-03,7.093956e-03
6.856240e-02,1.609172e-02,6.758969e-02,3.924397e-01,7.369132e-02,9.930026e-03,2.376513e-03,5.859113e-02,2.542201e-01,2.265795e-02,1.680848e-02,4.962471e-03,3.430359e-03,1.426843e-03,7.221401e-03
1.105330e-01,3.440750e-02,6.629212e-02,3.363037e-01,9.411247e-02,9.874943e-03,2.877558e-03,7.039264e-02,2.258276e-01,1.768037e-02,1.382305e-02,4.537353e-03,3.203107e-03,1.140394e-03,8.994228e-03
8.303584e-02,2.647937e-02,8.161199e-02,4.582551e-01,6.839807e-02,7.495003e-03,2.125331e-03,5.439704e-02,1.619470e-01,1.623419e-02,2.455782e-02,4.031470e-03,3.475193e-03,8.310023e-04,7.125719e-03
5.896273e-02,2.021568e-02,9.764021e-02,5.430324e-01,4.820687e-02,5.387439e-03,1.499974e-03,3.841564e-02,1.162557e-01,1.225710e-02,4.427046e-02,4.087574e-03,3.903876e-03,6.119527e-04,5.252421e-03
4.139750e-02,1.473910e-02,2.010323e-01,4.710882e-01,3.388596e-02,3.987626e-03,1.082717e-03,2.729745e-02,8.223072e-02,1.489880e-02,8.672738e-02,9.390345e-03,6.829238e-03,1.075079e-03,4.337699e-03
2.910862e-02,1.049890e-02,1.470971e-01,3.581383e-01,2.390908e-02,2.921990e-03,7.779343e-04,1.920888e-02,5.825413e-02,1.317224e-02,2.984169e-01,1.236339e-02,1.903071e-02,3.631741e-03,3.470179e-03
2.104160e-02,8.110916e-03,1.070606e-01,2.611873e-01,1.717403e-02,2.498648e-03,5.672117e-04,1.368468e-02,4.586659e-02,3.737986e-02,4.055483e-01,1.657214e-02,3.396633e-02,2.596307e-02,3.378834e-03
1.782383e-02,1.842721e-02,8.065304e-02,1.953356e-01,1.243739e-02,6.366514e-03,4.837534e-04,1.066615e-02,4.364495e-02,1.231721e-01,4.022436e-01,2.041123e-02,3.301837e-02,3.157640e-02,3.739860e-03
1.478252e-02,5.683905e-02,5.948346e-02,1.541752e-01,9.192180e-03,1.186925e-02,3.652436e-04,7.838067e-03,6.204761e-02,1.459213e-01,3.756397e-01,2.146200e-02,2.942737e-02,4.637697e-02,4.580138e-03
1.436307e-02,4.892319e-02,5.618866e-02,1.307341e-01,7.438680e-03,2.502723e-02,8.533962e-04,1.684501e-02,7.769884e-02,1.614035e-01,3.666068e-01,1.754486e-02,2.882917e-02,4.382132e-02,3.722080e-03
1.160460e-02,4.183539e-02,5.374392e-02,2.525098e-01,6.550423e-03,2.610070e-02,6.343377e-04,1.353451e-02,1.153168e-01,1.230932e-01,2.758048e-01,1.632176e-02,2.568857e-02,3.363191e-02,3.629314e-03
1.111242e-02,4.325830e-02,4.632938e-02,2.085301e-01,6.333685e-03,3.709655e-02,6.295217e-04,1.110998e-02,1.185976e-01,1.233830e-01,3.079734e-01,1.958973e-02,2.912022e-02,3.242879e-02,4.507395e-03
1.030330e-02,5.695636e-02,3.602729e-02,1.745163e-01,5.683320e-03,3.260591e-02,7.267106e-04,9.399739e-03,1.282292e-01,1.490500e-01,2.812368e-01,3.456744e-02,3.770653e-02,3.694845e-02,6.042663e-03
1.095346e-02,6.683423e-02,2.758611e-02,1.404488e-01,5.391129e-03,3.162697e-02,7.133526e-04,7.306589e-03,1.518285e-01,1.563417e-01,2.624932e-01,4.579917e-02,4.325772e-02,4.214549e-02,7.273496e-03
1.733116e-02,7.200280e-02,2.345134e-02,1.335136e-01,5.774522e-03,2.736720e-02,1.029176e-03,6.597016e-03,1.810580e-01,1.328784e-01,2.350315e-01,5.152122e-02,6.106156e-02,3.566853e-02,1.571396e-02
3.612430e-02,6.277334e-02,1.858423e-02,1.205010e-01,5.638434e-03,2.622741e-02,1.124869e-03,5.886297e-03,1.764996e-01,1.321658e-01,2.304672e-01,5.923356e-02,7.583352e-02,2.992264e-02,1.901785e-02
2.737834e-02,5.597942e-02,1.657425e-02,1.670597e-01,4.770911e-03,2.116255e-02,8.881952e-04,4.385204e-03,2.479875e-01,9.936464e-02,1.927193e-01,5.700878e-02,6.758043e-02,2.174518e-02,1.539566e-02
2.122400e-02,4.143897e-02,1.294442e-02,1.705526e-01,3.902125e-03,2.103281e-02,7.649878e-04,3.157736e-03,2.111747e-01,7.050056e-02,2.129320e-01,1.183649e-01,8.398528e-02,1.612671e-02,1.189817e-02
1.512005e-02,2.982934e-02,9.428720e-03,1.264344e-01,3.142004e-03,1.568657e-02,5.896995e-04,2.245296e-03,1.565690e-01,5.105295e-02,3.382202e-01,1.261092e-01,1.045019e-01,1.214256e-02,8.928126e-03
1.197995e-02,2.186958e-02,1.234672e-02,8.982321e-02,2.093310e-02,1.388223e-02,3.670077e-03,8.760138e-03,1.426961e-01,3.722933e-02,3.426316e-01,1.173657e-01,1.601313e-01,9.061202e-03,7.619767e-03
9.337351e-03,1.558913e-02,8.808536e-03,6.313497e-02,4.671187e-02,1.023444e-02,2.842927e-03,7.600851e-03,1.655057e-01,2.723830e-02,3.816479e-01,9.832714e-02,1.507078e-01,6.771546e-03,5.541485e-03
1.150882e-02,1.228743e-02,7.509850e-03,4.488072e-02,1.260128e-01,9.594647e-03,4.064292e-03,4.194548e-02,2.018035e-01,2.033800e-02,3.081084e-01,8.085676e-02,1.220905e-01,4.958805e-03,4.040042e-03
1.447988e-02,1.275819e-02,7.402507e-03,3.340615e-02,1.106400e-01,8.301662e-03,3.241956e-03,7.987326e-02,2.543507e-01,1.513587e-02,2.577822e-01,8.677003e-02,1.091191e-01,3.801957e-03,2.936531e-03
1.278751e-02,9.938939e-03,5.947518e-03,2.485063e-02,8.540245e-02,6.167060e-03,2.557219e-03,2.048894e-01,2.690168e-01,1.111262e-02,2.045605e-01,6.877341e-02,8.915287e-02,2.754466e-03,2.088509e-03
1.055240e-02,7.937054e-03,4.436434e-03,1.838488e-02,6.640276e-02,4.563329e-03,1.900571e-03,3.007982e-01,3.089334e-01,7.983571e-03,1.501403e-01,4.901074e-02,6.551217e-02,1.957212e-03,1.486889e-03
8.780781e-03,5.681306e-03,3.219842e-03,1.334349e-02,5.420727e-02,3.220016e-03,1.366715e-03,4.819545e-01,2.295253e-01,5.659394e-03,1.092184e-01,3.454083e-02,4.684863e-02,1.376964e-03,1.056507e-03
6.812784e-03,4.110678e-03,2.375851e-03,9.786881e-03,4.079656e-02,2.474885e-03,1.059837e-03,6.311533e-01,1.614117e-01,4.259242e-03,7.688815e-02,2.424120e-02,3.289343e-02,9.774533e-04,7.580164e-04
5.430681e-03,2.905917e-03,1.711352e-03,7.132812e-03,3.105852e-02,1.924689e-03,8.313423e-04,7.375326e-01,1.131405e-01,3.065120e-03,5.397898e-02,1.699673e-02,2.306405e-02,6.915788e-04,5.351803e-04
5.840752e-03,2.074996e-03,1.216820e-03,5.284963e-03,2.980216e-02,1.495169e-03,6.754559e-04,8.045880e-01,7.962216e-02,2.264246e-03,3.810781e-02,1.193809e-02,1.622384e-02,4.879966e-04,3.775644e-04
6.175618e-03,1.475164e-03,8.874676e-04,4.002319e-03,3.685429e-02,1.495572e-03,6.060698e-04,8.437649e-01,5.589838e-02,1.601749e-03,2.682697e-02,8.378695e-03,1.141368e-02,3.481391e-04,2.710026e-04
9.552440e-03,1.047026e-03,6.574973e-04,3.056623e-03,3.322712e-02,1.465215e-03,4.987462e-04,8.768236e-01,3.922094e-02,1.137077e-03,1.893051e-02,5.889799e-03,8.039053e-03,2.544685e-04,1.998681e-04
8.545133e-03,7.449421e-04,4.798390e-04,2.244372e-03,3.635958e-02,1.255981e-03,4.233497e-04,8.982458e-01,2.748986e-02,7.996216e-04,1.330606e-02,4.131869e-03,5.647161e-03,1.836478e-04,1.428224e-04
7.388216e-03,5.287234e-04,3.544459e-04,1.649528e-03,3.224750e-02,9.510888e-04,3.332529e-04,9.202545e-01,1.928181e-02,5.622692e-04,9.348914e-03,2.899916e-03,3.964516e-03,1.336447e-04,1.017063e-04
6.532659e-03,3.787582e-04,2.697730e-04,1.234677e-03,2.683276e-02,7.131987e-04,2.817818e-04,9.382634e-01,1.352281e-02,3.958205e-04,6.574685e-03,2.038099e-03,2.789259e-03,9.794618e-05,7.435116e-05
7.922606e-03,2.773787e-04,2.339475e-04,9.867121e-04,2.338439e-02,5.723178e-04,4.110841e-04,9.482366e-01,9.504494e-03,2.783991e-04,4.636594e-03,1.447035e-03,1.976463e-03,7.358803e-05,5.838408e-05
9.724481e-03,2.085217e-04,2.149341e-04,9.580343e-04,2.120142e-02,4.466469e-04,4.014415e-04,9.541630e-01,6.677361e-03,1.964337e-04,3.273519e-03,1.029024e-03,1.404477e-03,5.485971e-05,4.581574e-05
1.417388e-02,1.491363e-04,1.729956e-04,7.815587e-04,1.532160e-02,3.405293e-04,3.144613e-04,9.598038e-01,4.680359e-03,1.387980e-04,2.307625e-03,7.392635e-04,9.984295e-04,4.123092e-05,3.638354e-05
1.711193e-02,1.073316e-04,1.420756e-04,6.264435e-04,1.100831e-02,2.766541e-04,2.876923e-04,9.641348e-01,3.283489e-03,9.789818e-05,1.626568e-03,5.257951e-04,7.101413e-04,3.015827e-05,3.066394e-05
2.857356e-02,1.082190e-04,1.654723e-04,5.873340e-04,8.107259e-03,3.303194e-04,2.692130e-04,9.568045e-01,2.350132e-03,8.523137e-05,1.272672e-03,5.504315e-04,6.594150e-04,3.879572e-05,9.745155e-05
4.506440e-02,2.794774e-04,7.088986e-04,1.163638e-03,6.478746e-03,3.858596e-04,2.653793e-04,9.396776e-01,1.911846e-03,2.628083e-04,1.201158e-03,1.078800e-03,1.048817e-03,7.012882e-05,4.024329e-04
5.055329e-02,3.374376e-04,6.580556e-04,9.292246e-04,5.562947e-03,3.977942e-04,2.996915e-04,9.353511e-01,1.423220e-03,2.199281e-04,1.018654e-03,1.111015e-03,1.614979e-03,7.601046e-05,4.466544e-04
7.937440e-02,4.877336e-04,7.421932e-04,1.045831e-03,5.271607e-03,1.243840e-03,7.340503e-04,8.877125e-01,1.713968e-03,2.521733e-04,1.816613e-03,1.868316e-03,1.664225e-02,1.114339e-04,9.830558e-04
1.013975e-01,1.182603e-03,1.729394e-03,1.555891e-03,6.137843e-03,3.358935e-03,1.680051e-03,8.287379e-01,2.256106e-03,4.663312e-04,3.545746e-03,5.225569e-03,4.076537e-02,1.350279e-04,1.825832e-03
1.419077e-01,3.671713e-03,6.142885e-03,2.220381e-03,6.975892e-03,8.643950e-03,3.731976e-03,6.977994e-01,3.905530e-03,1.389438e-03,1.254475e-02,1.059593e-02,9.357741e-02,3.071540e-04,6.585938e-03
1.328217e-01,7.718528e-03,5.435721e-02,1.584057e-02,1.932368e-02,1.050655e-02,2.939811e-03,5.004824e-01,3.481566e-02,2.450677e-02,1.696293e-02,1.127178e-02,1.474643e-01,1.063911e-03,1.992415e-02
1.994753e-01,1.768513e-02,4.561957e-02,1.241937e-02,1.694220e-02,1.960604e-02,2.453302e-03,3.608800e-01,3.644056e-02,2.302633e-02,1.549519e-02,1.072958e-02,1.542005e-01,1.823924e-03,8.320308e-02
1.627834e-01,8.149638e-02,3.489067e-02,9.572731e-03,1.422994e-02,2.008419e-02,2.016925e-03,2.532523e-01,1.100762e-01,1.723072e-02,1.222363e-02,8.652873e-03,1.256575e-01,2.528724e-03,1.453039e-01
1.252547e-01,1.198277e-01,2.869566e-02,1.759879e-02,1.281257e-02,1.618489e-02,1.515313e-03,1.783280e-01,2.073440e-01,1.443650e-02,9.903128e-03,6.370315e-03,9.393646e-02,2.651441e-03,1.651405e-01
9.868779e-02,1.360078e-01,2.270336e-02,1.708704e-02,1.653521e-02,1.554783e-02,1.187233e-03,1.264618e-01,2.825884e-01,1.148798e-02,7.715371e-03,4.865564e-03,7.327181e-02,2.216650e-03,1.836362e-01
7.740909e-02,1.378418e-01,1.939425e-02,3.112701e-02,1.983012e-02,1.725002e-02,1.134178e-03,9.769838e-02,3.410550e-01,1.208255e-02,6.301049e-03,3.770492e-03,5.680424e-02,1.811669e-03,1.764902e-01
6.398564e-02,1.278145e-01,1.556430e-02,4.102968e-02,2.486569e-02,2.157061e-02,1.319577e-03,7.503766e-02,3.616175e-01,1.019525e-02,5.658072e-03,2.939684e-03,4.664171e-02,1.611830e-03,2.001484e-01
5.111998e-02,9.873049e-02,1.258370e-02,7.616243e-02,3.497747e-02,2.239125e-02,2.686433e-03,6.672177e-02,3.649478e-01,9.310872e-03,1.885243e-02,4.616360e-03,4.559625e-02,2.236846e-03,1.890659e-01
4.476215e-02,8.384614e-02,1.115982e-02,1.082973e-01,2.864406e-02,2.469034e-02,2.724026e-03,5.748840e-02,3.787512e-01,9.013833e-03,1.771457e-02,4.040825e-03,4.172322e-02,2.492935e-03,1.846512e-01
3.500279e-02,6.109404e-02,3.039831e-02,2.182860e-01,2.675606e-02,1.895639e-02,3.251123e-03,6.005544e-02,3.479852e-01,7.797244e-03,1.433838e-02,3.340861e-03,3.146899e-02,2.079244e-03,1.391899e-01
4.979142e-02,5.974108e-02,5.741505e-02,1.817640e-01,4.335504e-02,2.355895e-02,4.682013e-03,4.714375e-02,3.250239e-01,1.420909e-02,1.406727e-02,2.828450e-03,2.567785e-02,3.672969e-03,1.470692e-01
5.321623e-02,5.362775e-02,5.598057e-02,1.408113e-01,5.864166e-02,2.528546e-02,8.287681e-03,5.675408e-02,3.570447e-01,1.169495e-02,1.280394e-02,2.777073e-03,2.095496e-02,3.188794e-03,1.389308e-01
6.357823e-02,4.575003e-02,8.595324e-02,1.340978e-01,5.389153e-02,2.129239e-02,8.390739e-03,1.468296e-01,2.921728e-01,1.030480e-02,1.038568e-02,2.507658e-03,1.796342e-02,2.608961e-03,1.042731e-01
5.500376e-02,3.741208e-02,1.013279e-01,1.186147e-01,4.320349e-02,1.603456e-02,8.166501e-03,2.906963e-01,2.152938e-01,8.950987e-03,8.140565e-03,1.909064e-03,1.623057e-02,2.022347e-03,7.699337e-02
4.276164e-02,2.684390e-02,7.908069e-02,8.927127e-02,3.354674e-02,1.174201e-02,6.916670e-03,4.745893e-01,1.537462e-01,6.325976e-03,5.855401e-03,1.355698e-03,1.211431e-02,1.459450e-03,5.439077e-02
3.172911e-02,1.885389e-02,5.584528e-02,6.271590e-02,2.492278e-02,8.377462e-03,5.396825e-03,6.268712e-01,1.078252e-01,4.456099e-03,4.204841e-03,9.592003e-04,8.653263e-03,1.035673e-03,3.815325e-02
2.603836e-02,1.323685e-02,3.956912e-02,4.426287e-02,1.864160e-02,6.198728e-03,4.201575e-03,7.315402e-01,7.578107e-02,3.129523e-03,2.975289e-03,6.836689e-04,6.281426e-03,7.322703e-04,2.672747e-02
2.229310e-02,9.297537e-03,2.808945e-02,3.119341e-02,1.392896e-02,8.781593e-03,3.043718e-03,8.013757e-01,5.309828e-02,2.247184e-03,2.215731e-03,6.162968e-04,4.548380e-03,5.303298e-04,1.874031e-02
1.951973e-02,6.529930e-03,1.986235e-02,2.201470e-02,1.080899e-02,8.326125e-03,2.321990e-03,8.526194e-01,3.738083e-02,1.577153e-03,1.608042e-03,5.483652e-04,3.365516e-03,3.765649e-04,1.314031e-02
1.707622e-02,4.596494e-03,1.426636e-02,1.573557e-02,8.827944e-03,8.593898e-03,1.933362e-03,8.875718e-01,2.636857e-02,1.109587e-03,1.209554e-03,5.600150e-04,2.582954e-03,2.677799e-04,9.299868e-03
2.074842e-02,3.287456e-03,1.163311e-02,1.142262e-02,1.050419e-02,7.582563e-03,2.016448e-03,9.028836e-01,1.882876e-02,7.861968e-04,8.931994e-04,5.857097e-04,2.023157e-03,1.948460e-04,6.609739e-03
4.661578e-02,2.580518e-03,1.068994e-02,9.992066e-03,1.475229e-02,2.182374e-02,4.067750e-03,8.623013e-01,1.421880e-02,7.077830e-04,1.158763e-03,1.761694e-03,2.713196e-03,2.090385e-04,6.407336e-03
7.491682e-02,2.842539e-03,8.936092e-03,1.444032e-02,1.297669e-02,3.863443e-02,1.077218e-02,8.083559e-01,1.243133e-02,1.082673e-03,1.713045e-03,2.684091e-03,3.028233e-03,3.290327e-04,6.856651e-03
1.152374e-01,5.685391e-03,9.699123e-03,1.504491e-02,1.272853e-02,4.170626e-02,1.400840e-02,7.516167e-01,1.192654e-02,1.661568e-03,3.240840e-03,3.622581e-03,4.289761e-03,5.022859e-04,9.029824e-03
2.296548e-01,8.355862e-03,9.715356e-03,2.152020e-02,1.314121e-02,6.369042e-02,1.186576e-02,5.828577e-01,1.104648e-02,2.054726e-03,7.763291e-03,4.919063e-03,1.462250e-02,1.716683e-03,1.707603e-02
2.554008e-01,9.328574e-03,7.912140e-03,3.058358e-02,1.121942e-02,1.087061e-01,8.924924e-03,4.275213e-01,3.863237e-02,5.158060e-03,2.107507e-02,1.029967e-02,2.105684e-02,5.671724e-03,3.850950e-02
2.463343e-01,9.478312e-03,7.415168e-03,3.017020e-02,8.934723e-03,1.339774e-01,6.973438e-03,3.038668e-01,4.458655e-02,1.021007e-02,8.010121e-02,1.830359e-02,3.538181e-02,2.108717e-02,4.317937e-02
1.781853e-01,1.400034e-02,1.004968e-02,3.090209e-02,6.833257e-03,1.064490e-01,5.127050e-03,2.134788e-01,4.065027e-02,1.087462e-02,2.312782e-01,2.031913e-02,3.246292e-02,4.321646e-02,5.617281e-02
1.268854e-01,1.508158e-02,9.307246e-03,2.851725e-02,5.285673e-03,7.709609e-02,3.703627e-03,1.497832e-01,5.798449e-02,1.105489e-02,2.890466e-01,1.709182e-02,2.472556e-02,1.384803e-01,4.595632e-02
9.055451e-02,1.910119e-02,3.880431e-02,1.031779e-01,4.330915e-03,5.489923e-02,2.636491e-03,1.052057e-01,1.451422e-01,1.080694e-02,2.383213e-01,1.323939e-02,1.877628e-02,1.075719e-01,4.743182e-02
6.814891e-02,2.298631e-02,1.219381e-01,1.460114e-01,6.471503e-03,4.083239e-02,2.114098e-03,7.469027e-02,1.329646e-01,1.515097e-02,2.097294e-01,1.105665e-02,1.442407e-02,9.020810e-02,4.327326e-02
5.268224e-02,3.914143e-02,1.167288e-01,1.226383e-01,5.643511e-03,3.184219e-02,1.605360e-03,5.272179e-02,1.426775e-01,5.119542e-02,1.835078e-01,9.513399e-03,1.138324e-02,1.209539e-01,5.776516e-02
4.411942e-02,8.497147e-02,9.281205e-02,1.060557e-01,4.691511e-03,2.664074e-02,1.262481e-03,3.745284e-02,1.718347e-01,4.630467e-02,1.447752e-01,9.896673e-03,1.392735e-02,1.614181e-01,5.383720e-02
4.482381e-02,8.191147e-02,6.912716e-02,1.217575e-01,5.215669e-03,2.479316e-02,1.207564e-03,2.837866e-02,2.391452e-01,3.979889e-02,1.285367e-01,1.209500e-02,1.562339e-02,1.433838e-01,4.420197e-02
4.388798e-02,7.052970e-02,5.117432e-02,1.173572e-01,7.088435e-03,2.164103e-02,1.224969e-03,2.080215e-02,2.758053e-01,4.531930e-02,1.328157e-01,1.448833e-02,1.786655e-02,1.416663e-01,3.833278e-02
5.384653e-02,7.199858e-02,3.729611e-02,1.072005e-01,8.427192e-03,1.902327e-02,1.285715e-03,1.562462e-02,3.205227e-01,4.094816e-02,1.203893e-01,1.381738e-02,1.616138e-02,1.345977e-01,3.886094e-02
4.297476e-02,7.076280e-02,3.213403e-02,9.210765e-02,6.363451e-03,1.478595e-02,9.572266e-04,1.121683e-02,4.342633e-01,3.230812e-02,9.743778e-02,1.243509e-02,1.480805e-02,9.997301e-02,3.747196e-02
8.817963e-02,5.909500e-02,3.078051e-02,7.758845e-02,5.571614e-03,1.854232e-02,1.142757e-03,8.693583e-03,4.086920e-01,2.636349e-02,9.822579e-02,2.941544e-02,3.359703e-02,7.451961e-02,3.959281e-02
7.169106e-02,5.001869e-02,2.421838e-02,5.929351e-02,4.760676e-03,1.824923e-02,1.161285e-03,6.442223e-03,3.196581e-01,2.438319e-02,1.312745e-01,7.386734e-02,1.053116e-01,5.598299e-02,5.368729e-02
5.492392e-02,4.742396e-02,2.939866e-02,5.304974e-02,1.107228e-02,2.380447e-02,3.360529e-03,8.061504e-03,2.648563e-01,2.038427e-02,1.294263e-01,9.676012e-02,1.437461e-01,4.300294e-02,7.072896e-02
6.097041e-02,5.411215e-02,7.306063e-02,4.138079e-02,1.493872e-02,2.264020e-02,4.856088e-03,1.287076e-02,2.269290e-01,2.384350e-02,1.026596e-01,1.110110e-01,1.325610e-01,3.738627e-02,8.077992e-02
5.139153e-02,6.282528e-02,7.007395e-02,3.284765e-02,2.208507e-02,2.418413e-02,9.226961e-03,2.765935e-02,2.272886e-01,1.942839e-02,9.004916e-02,1.240248e-01,1.350906e-01,2.962888e-02,7.419565e-02
5.393008e-02,5.310658e-02,6.870639e-02,2.993177e-02,4.761470e-02,4.939623e-02,1.692398e-02,8.815362e-02,1.962993e-01,1.930485e-02,7.869639e-02,1.068971e-01,1.130741e-01,2.295007e-02,5.501482e-02
4.166166e-02,5.205987e-02,5.797596e-02,2.311549e-02,4.645570e-02,9.489900e-02,1.466464e-02,6.936575e-02,1.837685e-01,1.499873e-02,7.401732e-02,1.281264e-01,1.405302e-01,1.791496e-02,4.044570e-02
3.776310e-02,4.499365e-02,4.719575e-02,1.962379e-02,5.044395e-02,8.168965e-02,1.635652e-02,5.622442e-02,1.907680e-01,1.258886e-02,5.710474e-02,1.066912e-01,2.340130e-01,1.369212e-02,3.085124e-02
3.383552e-02,4.234666e-02,3.893670e-02,1.682103e-02,5.183647e-02,1.139113e-01,1.296116e-02,5.786202e-02,1.965618e-01,1.098240e-02,4.419100e-02,8.848250e-02,2.576175e-01,1.034269e-02,2.331125e-02
3.363821e-02,3.286664e-02,2.881370e-02,1.276982e-02,6.457082e-02,1.063279e-01,1.003273e-02,4.505708e-02,1.656893e-01,9.065414e-03,3.382044e-02,8.872150e-02,3.410781e-01,9.054727e-03,1.849374e-02
