1.000000e+00,0.000000e+00,0.000000e+00,0.000000e+00,0.000000e+00,0.000000e+00,0.000000e+00,0.000000e+00,0.000000e+00,0.000000e+00,0.000000e+00,0.000000e+00,0.000000e+00,0.000000e+00,0.000000e+00
1.000000e+00,0.000000e+00,0.000000e+00,0.000000e+00,0.000000e+00,0.000000e+00,0.000000e+00,0.000000e+00,0.000000e+00,0.000000e+00,0.000000e+00,0.000000e+00,0.000000e+00,0.000000e+00,0.000000e+00
1.000000e+00,0.000000e+00,0.000000e+00,0.000000e+00,0.000000e+00,0.000000e+00,0.000000e+00,0.000000e+00,0.000000e+00,0.000000e+00,0.000000e+00,0.000000e+00,0.000000e+00,0.000000e+00,0.000000e+00
1.000000e+00,0.000000e+00,0.000000e+00,0.000000e+00,0.000000e+00,0.000000e+00,0.000000e+00,0.000000e+00,0.000000e+00,0.000000e+00,0.000000e+00,0.000000e+00,0.000000e+00,0.000000e+00,0.000000e+00
1.000000e+00,0.000000e+00,0.000000e+00,0.000000e+00,0.000000e+00,0.000000e+00,0.000000e+00,0.000000e+00,0.000000e+00,0.000000e+00,0.000000e+00,0.000000e+00,0.000000e+00,0.000000e+00,0.000000e+00
1.000000e+00,0.000000e+00,0.000000e+00,0.000000e+00,0.000000e+00,0.000000e+00,0.000000e+00,0.000000e+00,0.000000e+00,0.000000e+00,0.000000e+00,0.000000e+00,0.000000e+00,0.000000e+00,0.000000e+00
1.000000e+00,0.000000e+00,0.000000e+00,0.000000e+00,0.000000e+00,0.000000e+00,0.000000e+00,0.000000e+00,0.000000e+00,0.000000e+00,0.000000e+00,0.000000e+00,0.000000e+00,0.000000e+00,0.000000e+00
1.000000e+00,0.000000e+00,0.000000e+00,0.000000e+00,0.000000e+00,0.000000e+00,0.000000e+00,0.000000e+00,0.000000e+00,0.000000e+00,0.000000e+00,0.000000e+00,0.000000e+00,0.000000e+00,0.000000e+00
1.000000e+00,0.000000e+00,0.000000e+00,0.000000e+00,0.000000e+00,0.000000e+00,0.000000e+00,0.000000e+00,0.000000e+00,0.000000e+00,0.000000e+00,0.000000e+00,0.000000e+00,0.000000e+00,0.000000e+00
1.000000e+00,0.000000e+00,0.000000e+00,0.000000e+00,0.000000e+00,0.000000e+00,0.000000e+00,0.000000e+00,0.000000e+00,0.000000e+00,0.000000e+00,0.000000e+00,0.000000e+00,0.000000e+00,0.000000e+00
1.000000e+00,0.000000e+00,0.000000e+00,0.000000e+00,0.000000e+00,0.000000e+00,0.000000e+00,0.000000e+00,0.000000e+00,0.000000e+00,0.000000e+00,0.000000e+00,0.000000e+00,0.000000e+00,0.000000e+00
1.000000e+00,0.000000e+00,0.000000e+00,0.000000e+00,0.000000e+00,0.000000e+00,0.000000e+00,0.000000e+00,0.000000e+00,0.000000e+00,0.000000e+00,0.000000e+00,0.000000e+00,0.000000e+00,0.000000e+00
1.000000e+00,0.000000e+00,0.000000e+00,0.000000e+00,0.000000e+00,0.000000e+00,0.000000e+00,0.000000e+00,0.000000e+00,0.000000e+00,0.000000e+00,0.000000e+00,0.000000e+00,0.000000e+00,0.000000e+00
1.000000e+00,0.000000e+00,0.000000e+00,0.000000e+00,0.000000e+00,0.000000e+00,0.000000e+00,0.000000e+00,0.000000e+00,0.000000e+00,0.000000e+00,0.000000e+00,0.000000e+00,0.000000e+00,0.000000e+00
1.000000e+00,0.000000e+00,0.000000e+00,0.000000e+00,0.000000e+00,0.000000e+00,0.000000e+00,0.000000e+00,0.000000e+00,0.000000e+00,0.000000e+00,0.000000e+00,0.000000e+00,0.000000e+00,0.000000e+00
1.000000e+00,0.000000e+00,0.000000e+00,0.000000e+00,0.000000e+00,0.000000e+00,0.000000e+00,0.000000e+00,0.000000e+00,0.000000e+00,0.000000e+00,0.000000e+00,0.000000e+00,0.000000e+00,0.000000e+00
1.000000e+00,0.000000e+00,0.000000e+00,0.000000e+00,0.000000e+00,0.000000e+00,0.000000e+00,0.000000e+00,0.000000e+00,0.000000e+00,0.000000e+00,0.000000e+00,0.000000e+00,0.000000e+00,0.000000e+00
1.000000e+00,0.000000e+00,0.000000e+00,0.000000e+00,0.000000e+00,0.000000e+00,0.000000e+00,0.000000e+00,0.000000e+00,0.000000e+00,0.000000e+00,0.000000e+00,0.000000e+00,0.000000e+00,0.000000e+00
1.000000e+00,0.000000e+00,0.000000e+00,0.000000e+00,0.000000e+00,0.000000e+00,0.000000e+00,0.000000e+00,0.000000e+00,0.000000e+00,0.000000e+00,0.000000e+00,0.000000e+00,0.000000e+00,0.000000e+00
1.000000e+00,0.000000e+00,0.000000e+00,0.000000e+00,0.000000e+00,0.000000e+00,0.000000e+00,0.000000e+00,0.000000e+00,0.000000e+00,0.000000e+00,0.000000e+00,0.000000e+00,0.000000e+00,0.000000e+00
1.000000e+00,0.000000e+00,0.000000e+00,0.000000e+00,0.000000e+00,0.000000e+00,0.000000e+00,0.000000e+00,0.000000e+00,0.000000e+00,0.000000e+00,0.000000e+00,0.000000e+00,0.000000e+00,0.000000e+00
1.000000e+00,0.000000e+00,0.000000e+00,0.000000e+00,0.000000e+00,0.000000e+00,0.000000e+00,0.000000e+00,0.000000e+00,0.000000e+00,0.000000e+00,0.000000e+00,0.000000e+00,0.000000e+00,0.000000e+00
1.000000e+00,0.000000e+00,0.000000e+00,0.000000e+00,0.000000e+00,0.000000e+00,0.000000e+00,0.000000e+00,0.000000e+00,0.000000e+00,0.000000e+00,0.000000e+00,0.000000e+00,0.000000e+00,0.000000e+00
1.000000e+00,0.000000e+00,0.000000e+00,0.000000e+00,0.000000e+00,0.000000e+00,0.000000e+00,0.000000e+00,0.000000e+00,0.000000e+00,0.000000e+00,0.000000e+00,0.000000e+00,0.000000e+00,0.000000e+00
1.000000e+00,0.000000e+00,0.000000e+00,0.000000e+00,0.000000e+00,0.000000e+00,0.000000e+00,0.000000e+00,0.000000e+00,0.000000e+00,0.000000e+00,0.000000e+00,0.000000e+00,0.000000e+00,0.000000e+00
1.000000e+00,0.000000e+00,0.000000e+00,0.000000e+00,0.000000e+00,0.000000e+00,0.000000e+00,0.000000e+00,0.000000e+00,0.000000e+00,0.000000e+00,0.000000e+00,0.000000e+00,0.000000e+00,0.000000e+00
1.000000e+00,0.000000e+00,0.000000e+00,0.000000e+00,0.000000e+00,0.000000e+00,0.000000e+00,0.000000e+00,0.000000e+00,0.000000e+00,0.000000e+00,0.000000e+00,0.000000e+00,0.000000e+00,0.000000e+00
1.000000e+00,0.000000e+00,0.000000e+00,0.000000e+00,0.000000e+00,0.000000e+00,0.000000e+00,0.000000e+00,0.000000e+00,0.000000e+00,0.000000e+00,0.000000e+00,0.000000e+00,0.000000e+00,0.000000e+00
1.000000e+00,0.000000e+00,0.000000e+00,0.000000e+00,0.000000e+00,0.000000e+00,0.000000e+00,0.000000e+00,0.000000e+00,0.000000e+00,0.000000e+00,0.000000e+00,0.000000e+00,0.000000e+00,0.000000e+00
1.000000e+00,0.000000e+00,0.000000e+00,0.000000e+00,0.000000e+00,0.000000e+00,0.000000e+00,0.000000e+00,0.000000e+00,0.000000e+00,0.000000e+00,0.000000e+00,0.000000e+00,0.000000e+00,0.000000e+00
1.000000e+00,0.000000e+00,0.000000e+00,0.000000e+00,0.000000e+00,0.000000e+00,0.000000e+00,0.000000e+00,0.000000e+00,0.000000e+00,0.000000e+00,0.000000e+00,0.000000e+00,0.000000e+00,0.000000e+00
1.000000e+00,0.000000e+00,0.000000e+00,0.000000e+00,0.000000e+00,0.000000e+00,0.000000e+00,0.000000e+00,0.000000e+00,0.000000e+00,0.000000e+00,0.000000e+00,0.000000e+00,0.000000e+00,0.000000e+00
1.000000e+00,0.000000e+00,0.000000e+00,0.000000e+00,0.000000e+00,0.000000e+00,0.000000e+00,0.000000e+00,0.000000e+00,0.000000e+00,0.000000e+00,0.000000e+00,0.000000e+00,0.000000e+00,0.000000e+00
1.000000e+00,0.000000e+00,0.000000e+00,0.000000e+00,0.000000e+00,0.000000e+00,0.000000e+00,0.000000e+00,0.000000e+00,0.000000e+00,0.000000e+00,0.000000e+00,0.000000e+00,0.000000e+00,0.000000e+00
1.000000e+00,0.000000e+00,0.000000e+00,0.000000e+00,0.000000e+00,0.000000e+00,0.000000e+00,0.000000e+00,0.000000e+00,0.000000e+00,0.000000e+00,0.000000e+00,0.000000e+00,0.000000e+00,0.000000e+00
1.000000e+00,0.000000e+00,0.000000e+00,0.000000e+00,0.000000e+00,0.000000e+00,0.000000e+00,0.000000e+00,0.000000e+00,0.000000e+00,0.000000e+00,0.000000e+00,0.000000e+00,0.000000e+00,0.000000e+00
1.000000e+00,0.000000e+00,0.000000e+00,0.000000e+00,0.000000e+00,0.000000e+00,0.000000e+00,0.000000e+00,0.000000e+00,0.000000e+00,0.000000e+00,0.000000e+00,0.000000e+00,0.000000e+00,0.000000e+00
1.000000e+00,0.000000e+00,0.000000e+00,0.000000e+00,0.000000e+00,0.000000e+00,0.000000e+00,0.000000e+00,0.000000e+00,0.000000e+00,0.000000e+00,0.000000e+00,0.000000e+00,0.000000e+00,0.000000e+00
1.000000e+00,0.000000e+00,0.000000e+00,0.000000e+00,0.000000e+00,0.000000e+00,0.000000e+00,0.000000e+00,0.000000e+00,0.000000e+00,0.000000e+00,0.000000e+00,0.000000e+00,0.000000e+00,0.000000e+00
1.000000e+00,0.000000e+00,0.000000e+00,0.000000e+00,0.000000e+00,0.000000e+00,0.000000e+00,0.000000e+00,0.000000e+00,0.000000e+00,0.000000e+00,0.000000e+00,0.000000e+00,0.000000e+00,0.000000e+00
1.000000e+00,0.000000e+00,0.000000e+00,0.000000e+00,0.000000e+00,0.000000e+00,0.000000e+00,0.000000e+00,0.000000e+00,0.000000e+00,0.000000e+00,0.000000e+00,0.000000e+00,0.000000e+00,0.000000e+00
1.000000e+00,0.000000e+00,0.000000e+00,0.000000e+00,0.000000e+00,0.000000e+00,0.000000e+00,0.000000e+00,0.000000e+00,0.000000e+00,0.000000e+00,0.000000e+00,0.000000e+00,0.000000e+00,0.000000e+00
1.000000e+00,0.000000e+00,0.000000e+00,0.000000e+00,0.000000e+00,0.000000e+00,0.000000e+00,0.000000e+00,0.000000e+00,0.000000e+00,0.000000e+00,0.000000e+00,0.000000e+00,0.000000e+00,0.000000e+00
1.000000e+00,0.000000e+00,0.000000e+00,0.000000e+00,0.000000e+00,0.000000e+00,0.000000e+00,0.000000e+00,0.000000e+00,0.000000e+00,0.000000e+00,0.000000e+00,0.000000e+00,0.000000e+00,0.000000e+00
1.000000e+00,0.000000e+00,0.000000e+00,0.000000e+00,0.000000e+00,0.000000e+00,0.000000e+00,0.000000e+00,0.000000e+00,0.000000e+00,0.000000e+00,0.000000e+00,0.000000e+00,0.000000e+00,0.000000e+00
1.000000e+00,0.000000e+00,0.000000e+00,0.000000e+00,0.000000e+00,0.000000e+00,0.000000e+00,0.000000e+00,0.000000e+00,0.000000e+00,0.000000e+00,0.000000e+00,0.000000e+00,0.000000e+00,0.000000e+00
1.000000e+00,0.000000e+00,0.000000e+00,0.000000e+00,0.000000e+00,0.000000e+00,0.000000e+00,0.000000e+00,0.000000e+00,0.000000e+00,0.000000e+00,0.000000e+00,0.000000e+00,0.000000e+00,0.000000e+00
1.000000e+00,0.000000e+00,0.000000e+00,0.000000e+00,0.000000e+00,0.000000e+00,0.000000e+00,0.000000e+00,0.000000e+00,0.000000e+00,0.000000e+00,0.000000e+00,0.000000e+00,0.000000e+00,0.000000e+00
1.000000e+00,0.000000e+00,0.000000e+00,0.000000e+00,0.000000e+00,0.000000e+00,0.000000e+00,0.000000e+00,0.000000e+00,0.000000e+00,0.000000e+00,0.000000e+00,0.000000e+00,0.000000e+00,0.000000e+00
1.000000e+00,0.000000e+00,0.000000e+00,0.000000e+00,0.000000e+00,0.000000e+00,0.000000e+00,0.000000e+00,0.000000e+00,0.000000e+00,0.000000e+00,0.000000e+00,0.000000e+00,0.000000e+00,0.000000e+00
1.000000e+00,0.000000e+00,0.000000e+00,0.000000e+00,0.000000e+00,0.000000e+00,0.000000e+00,0.000000e+00,0.000000e+00,0.000000e+00,0.000000e+00,0.000000e+00,0.000000e+00,0.000000e+00,0.000000e+00
1.000000e+00,0.000000e+00,0.000000e+00,0.000000e+00,0.000000e+00,0.000000e+00,0.000000e+00,0.000000e+00,0.000000e+00,0.000000e+00,0.000000e+00,0.000000e+00,0.000000e+00,0.000000e+00,0.000000e+00
1.000000e+00,0.000000e+00,0.000000e+00,0.000000e+00,0.000000e+00,0.000000e+00,0.000000e+00,0.000000e+00,0.000000e+00,0.000000e+00,0.000000e+00,0.000000e+00,0.000000e+00,0.000000e+00,0.000000e+00
1.000000e+00,0.000000e+00,0.000000e+00,0.000000e+00,0.000000e+00,0.000000e+00,0.000000e+00,0.000000e+00,0.000000e+00,0.000000e+00,0.000000e+00,0.000000e+00,0.000000e+00,0.000000e+00,0.000000e+00
1.000000e+00,0.000000e+00,0.000000e+00,0.000000e+00,0.000000e+00,0.000000e+00,0.000000e+00,0.000000e+00,0.000000e+00,0.000000e+00,0.000000e+00,0.000000e+00,0.000000e+00,0.000000e+00,0.000000e+00
1.000000e+00,0.000000e+00,0.000000e+00,0.000000e+00,0.000000e+00,0.000000e+00,0.000000e+00,0.000000e+00,0.000000e+00,0.000000e+00,0.000000e+00,0.000000e+00,0.000000e+00,0.000000e+00,0.000000e+00
1.000000e+00,0.000000e+00,0.000000e+00,0.000000e+00,0.000000e+00,0.000000e+00,0.000000e+00,0.000000e+00,0.000000e+00,0.000000e+00,0.000000e+00,0.000000e+00,0.000000e+00,0.000000e+00,0.000000e+00
1.000000e+00,0.000000e+00,0.000000e+00,0.000000e+00,0.000000e+00,0.000000e+00,0.000000e+00,0.000000e+00,0.000000e+00,0.000000e+00,0.000000e+00,0.000000e+00,0.000000e+00,0.000000e+00,0.000000e+00
1.000000e+00,0.000000e+00,0.000000e+00,0.000000e+00,0.000000e+00,0.000000e+00,0.000000e+00,0.000000e+00,0.000000e+00,0.000000e+00,0.000000e+00,0.000000e+00,0.000000e+00,0.000000e+00,0.000000e+00
1.000000e+00,0.000000e+00,0.000000e+00,0.000000e+00,0.000000e+00,0.000000e+00,0.000000e+00,0.000000e+00,0.000000e+00,0.000000e+00,0.000000e+00,0.000000e+00,0.000000e+00,0.000000e+00,0.000000e+00
4.908581e-01,1.647131e-02,3.111086e-03,2.667696e-01,2.083929e-02,9.533697e-03,1.761842e-03,4.487422e-03,2.728308e-03,1.919306e-03,1.515573e-01,9.827387e-03,9.736164e-03,1.957662e-03,8.441571e-03
3.442445e-01,1.178431e-02,2.473122e-03,3.201146e-01,2.125111e-02,6.958523e-03,1.354004e-03,3.239297e-03,2.219142e-03,2.749071e-03,2.566234e-01,8.612699e-03,9.539783e-03,2.846771e-03,5.989815e-03
2.460858e-01,8.421321e-03,1.998068e-03,2.598136e-01,1.706071e-02,5.976508e-03,1.050630e-03,2.403772e-03,2.454255e-03,5.274191e-03,3.391279e-01,8.747759e-02,1.391423e-02,4.564376e-03,4.377148e-03
1.726623e-01,5.907610e-03,1.411458e-03,1.842600e-01,2.416074e-02,4.393911e-03,7.476679e-04,1.692333e-03,2.076541e-03,4.733206e-03,4.820014e-01,9.540224e-02,1.315715e-02,4.295987e-03,3.097535e-03
1.219256e-01,4.220392e-03,1.092746e-03,1.331772e-01,1.293132e-01,6.247956e-03,6.037685e-04,1.307191e-03,9.219210e-03,4.196999e-03,3.806164e-01,1.854218e-01,1.565132e-02,4.696280e-03,2.309965e-03
8.555947e-02,3.000693e-03,9.347947e-04,9.452415e-02,1.184391e-01,2.253881e-02,6.776371e-04,1.083724e-03,1.037277e-02,3.399524e-03,2.742583e-01,3.609312e-01,1.888293e-02,3.587570e-03,1.809282e-03
6.127509e-02,2.337302e-03,7.309986e-04,6.853690e-02,9.270323e-02,2.991291e-02,6.420696e-04,9.312974e-04,2.059476e-02,3.171262e-03,1.988210e-01,4.852736e-01,3.045070e-02,2.941461e-03,1.677510e-03
4.415413e-02,3.523357e-03,6.713633e-04,5.305928e-02,6.720497e-02,1.651830e-01,6.923993e-04,9.722407e-04,3.565961e-02,2.695022e-03,1.428453e-01,4.482948e-01,2.994702e-02,2.537131e-03,2.560330e-03
3.104438e-02,3.008554e-03,6.519429e-04,3.914120e-02,4.749039e-02,3.712907e-01,7.099301e-04,1.094205e-03,3.267899e-02,2.070689e-03,1.019393e-01,3.392181e-01,2.552596e-02,1.918231e-03,2.217318e-03
2.394653e-02,4.660026e-03,7.837889e-04,3.264011e-02,3.643106e-02,4.031498e-01,8.071386e-04,2.960935e-03,9.102277e-02,2.877743e-03,7.426428e-02,2.956320e-01,2.640773e-02,1.637741e-03,2.778396e-03
1.764642e-02,1.183111e-02,9.972311e-04,2.480603e-02,2.763718e-02,2.958196e-01,8.114368e-04,2.736141e-03,2.879562e-01,2.513861e-03,5.415761e-02,2.463845e-01,2.211732e-02,1.359501e-03,3.225862e-03
1.666155e-02,1.570268e-02,1.134529e-03,2.377293e-02,2.043189e-02,2.430340e-01,6.846775e-04,2.418989e-03,3.948258e-01,2.510312e-03,4.225694e-02,2.055183e-01,2.329308e-02,2.327883e-03,5.426365e-03
1.283271e-02,1.562658e-02,1.193341e-03,1.813070e-02,1.539832e-02,2.319632e-01,6.727512e-04,2.092835e-03,3.833192e-01,2.365639e-03,3.553368e-02,2.451912e-01,2.855807e-02,2.065212e-03,5.056615e-03
1.114296e-02,1.465674e-02,1.296971e-03,1.501612e-02,1.177765e-02,2.446761e-01,7.515760e-04,2.356386e-03,3.165900e-01,3.138405e-03,3.198418e-02,3.049115e-01,3.481495e-02,2.210262e-03,4.676250e-03
2.459963e-02,1.845333e-02,2.010262e-03,1.274517e-02,9.954513e-03,2.190250e-01,1.087897e-03,2.757088e-03,2.766772e-01,4.718998e-03,2.999110e-02,3.384902e-01,5.065431e-02,2.440552e-03,6.394800e-03
2.242480e-02,2.060242e-02,2.404124e-03,1.003237e-02,1.442087e-02,1.628404e-01,1.686888e-03,2.362789e-03,3.311897e-01,4.059012e-03,2.448218e-02,3.371713e-01,5.815896e-02,1.965215e-03,6.199036e-03
3.251012e-02,2.809947e-02,4.244735e-03,1.251782e-02,2.117587e-02,1.257297e-01,2.924017e-03,3.510384e-03,3.947718e-01,5.112629e-03,2.023222e-02,2.801983e-01,5.671320e-02,1.944637e-03,1.031510e-02
3.480702e-02,2.110483e-02,3.270337e-03,9.276738e-03,2.033735e-02,9.318194e-02,3.136570e-03,9.014245e-03,2.887160e-01,3.843494e-03,1.545606e-02,4.057773e-01,8.239116e-02,1.475474e-03,8.211556e-03
2.980123e-02,1.723513e-02,2.562636e-03,6.848236e-03,2.086121e-02,6.970308e-02,2.783258e-03,1.276959e-02,2.161000e-01,2.890641e-03,1.201575e-02,5.099509e-01,8.908099e-02,1.208776e-03,6.188578e-03
2.698204e-02,1.728383e-02,3.910478e-03,5.378548e-03,5.272077e-02,5.091245e-02,4.751185e-03,1.579385e-02,1.716895e-01,2.093040e-03,8.978696e-03,5.336717e-01,1.003665e-01,9.038743e-04,4.563530e-03
4.151941e-02,1.559907e-02,5.781920e-02,3.369804e-02,8.484839e-02,3.990385e-02,7.915428e-03,5.029441e-02,1.288680e-01,1.595550e-03,7.136518e-03,4.350668e-01,9.155621e-02,7.919909e-04,3.387148e-03
8.678170e-02,1.608244e-02,4.600547e-02,2.665911e-02,9.558620e-02,3.993546e-02,9.863745e-03,4.643059e-02,1.170389e-01,1.250954e-03,7.023086e-03,4.111790e-01,9.229149e-02,1.025681e-03,2.846138e-03
8.587112e-02,1.616996e-02,6.404711e-02,5.956614e-02,1.431214e-01,5.268030e-02,1.536020e-02,6.034356e-02,8.850922e-02,9.930287e-04,6.423935e-03,3.259419e-01,7.739758e-02,1.249215e-03,2.325346e-03
9.947541e-02,1.715599e-02,6.280916e-02,6.371320e-02,1.616127e-01,7.380994e-02,1.857261e-02,5.042627e-02,8.813119e-02,9.272330e-04,6.600015e-03,2.659978e-01,8.715133e-02,1.220147e-03,2.396975e-03
1.263827e-01,2.118919e-02,6.109113e-02,5.317409e-02,1.366335e-01,8.420919e-02,2.012242e-02,4.125226e-02,9.537083e-02,1.478895e-03,8.396160e-03,2.257878e-01,1.198129e-01,1.177307e-03,3.921609e-03
1.456772e-01,1.890253e-02,7.607996e-02,1.199008e-01,1.228367e-01,6.623287e-02,1.658889e-02,3.934663e-02,8.286519e-02,2.744101e-03,9.227741e-03,1.664361e-01,1.243357e-01,2.148246e-03,6.677325e-03
1.264061e-01,1.452656e-02,1.969614e-01,1.612158e-01,1.052934e-01,4.820999e-02,1.223531e-02,4.122208e-02,5.964940e-02,2.828243e-03,7.821812e-03,1.193937e-01,9.561667e-02,1.938220e-03,6.681292e-03
9.754792e-02,1.027445e-02,1.432698e-01,1.361137e-01,1.019709e-01,3.408915e-02,8.762431e-03,2.611350e-01,4.186345e-02,1.987417e-03,5.723420e-03,8.371898e-02,6.747762e-02,1.371178e-03,4.694487e-03
7.251790e-02,7.233046e-03,1.011286e-01,9.854890e-02,1.229708e-01,2.402229e-02,6.259173e-03,4.222269e-01,2.935833e-02,1.392997e-03,4.057203e-03,5.862984e-02,4.740060e-02,9.628938e-04,3.290585e-03
5.240677e-02,5.081628e-03,7.092965e-02,6.914540e-02,9.956732e-02,1.690063e-02,4.426881e-03,5.798846e-01,2.055588e-02,9.768062e-04,2.872148e-03,4.105502e-02,3.321564e-02,6.754001e-04,2.306249e-03
3.774683e-02,3.561921e-03,4.969289e-02,4.845037e-02,7.398016e-02,1.189394e-02,3.114065e-03,7.003627e-01,1.439021e-02,6.844586e-04,2.025445e-03,2.874249e-02,2.326587e-02,4.735018e-04,1.615135e-03
2.843315e-02,2.503153e-03,3.481041e-02,3.395527e-02,5.504925e-02,8.455001e-03,2.210309e-03,7.846471e-01,1.007607e-02,4.803458e-04,1.449778e-03,2.013574e-02,1.632728e-02,3.341718e-04,1.132964e-03
2.333760e-02,1.763085e-03,2.438981e-02,2.383085e-02,4.059513e-02,6.258411e-03,1.594758e-03,8.426580e-01,7.070406e-03,3.374298e-04,1.164656e-03,1.429629e-02,1.166330e-02,2.399654e-04,8.003187e-04
2.279082e-02,1.279877e-03,1.710654e-02,1.680998e-02,2.928771e-02,4.800505e-03,1.165602e-03,8.776698e-01,5.016070e-03,2.421598e-04,1.939035e-03,1.114091e-02,9.967847e-03,1.929968e-04,5.901902e-04
2.277599e-02,9.868364e-04,1.205090e-02,1.205649e-02,2.203069e-02,3.723273e-03,8.660365e-04,8.985312e-01,3.695908e-03,2.236986e-04,3.127167e-03,8.885580e-03,1.027979e-02,2.674823e-04,4.990111e-04
3.410834e-02,1.511541e-03,8.903412e-03,9.885198e-03,1.997054e-02,3.362448e-03,8.696495e-04,8.413123e-01,1.416473e-02,5.410329e-04,2.319764e-02,1.073545e-02,2.925730e-02,8.149834e-04,1.365504e-03
4.089154e-02,1.999101e-03,6.427224e-03,7.815809e-03,1.665604e-02,4.885433e-03,8.441810e-04,6.603841e-01,2.040488e-02,7.031834e-04,4.021712e-02,1.090470e-02,1.851021e-01,7.488031e-04,2.015826e-03
3.709072e-02,3.297866e-03,4.638090e-03,6.339496e-03,1.358063e-02,4.771578e-03,7.885606e-04,4.862411e-01,6.256506e-02,6.688404e-04,5.930028e-02,1.156770e-02,3.037605e-01,6.272812e-04,4.762274e-03
3.363604e-02,5.960980e-03,3.583610e-03,1.354850e-02,1.123535e-02,4.494475e-03,7.982343e-04,3.499839e-01,2.427487e-01,6.758559e-04,4.588404e-02,9.228028e-03,2.726416e-01,5.698645e-04,5.010807e-03
5.195763e-02,6.244351e-03,5.825717e-03,1.856580e-02,1.201957e-02,7.000103e-03,1.197048e-03,2.756453e-01,2.243755e-01,1.037370e-03,7.997058e-02,1.902663e-02,2.866672e-01,8.858277e-04,9.581411e-03
1.047430e-01,1.085711e-02,4.809681e-03,1.553405e-02,1.066236e-02,6.044607e-03,1.154793e-03,2.042964e-01,2.264612e-01,9.793427e-04,6.183980e-02,1.738337e-02,3.247847e-01,8.759394e-04,9.573627e-03
1.031749e-01,2.729573e-02,4.235014e-03,1.521311e-02,9.184662e-03,6.728603e-03,1.069715e-03,1.502185e-01,2.832347e-01,9.500830e-04,4.679518e-02,1.452418e-02,3.237180e-01,1.132415e-03,1.252528e-02
9.528637e-02,5.737887e-02,4.245977e-03,2.977927e-02,1.019604e-02,6.112874e-03,9.116696e-04,1.081165e-01,3.599482e-01,4.447746e-03,3.426992e-02,1.095574e-02,2.461218e-01,1.554781e-03,3.067423e-02
1.000623e-01,8.847260e-02,4.146156e-03,3.927760e-02,1.174215e-02,5.683591e-03,7.914857e-04,7.628459e-02,3.715454e-01,1.079915e-02,2.636534e-02,8.271988e-03,1.864128e-01,2.248541e-03,6.789637e-02
1.019062e-01,1.244651e-01,4.246212e-03,4.452269e-02,1.182476e-02,4.993510e-03,6.898803e-04,5.359449e-02,3.888392e-01,1.163201e-02,2.332155e-02,8.630162e-03,1.388926e-01,1.884311e-03,8.055729e-02
1.380407e-01,1.043060e-01,3.490481e-03,4.239172e-02,1.593323e-02,1.181961e-02,9.645257e-04,3.899923e-02,4.232076e-01,9.715724e-03,2.083353e-02,8.062546e-03,1.078049e-01,2.434250e-03,7.199593e-02
1.212157e-01,8.310656e-02,7.259090e-03,6.902193e-02,1.627661e-02,1.335478e-02,9.822052e-04,3.583826e-02,4.694137e-01,8.939728e-03,1.721637e-02,6.424631e-03,7.815970e-02,2.588857e-03,7.020193e-02
2.065113e-01,6.616924e-02,1.340047e-02,6.082413e-02,1.956388e-02,2.255043e-02,1.759921e-03,3.171520e-02,3.731013e-01,1.236286e-02,1.434323e-02,6.906497e-03,5.790030e-02,7.144353e-03,1.057470e-01
2.969571e-01,5.732659e-02,1.327695e-02,5.501681e-02,3.016462e-02,4.160640e-02,2.780225e-03,2.615691e-02,2.983008e-01,1.204699e-02,1.185835e-02,7.656772e-03,4.313569e-02,9.262016e-03,9.445378e-02
3.431130e-01,4.874904e-02,1.048638e-02,4.771552e-02,3.295073e-02,7.225288e-02,3.595575e-03,3.174268e-02,2.446101e-01,1.025710e-02,1.094566e-02,7.120072e-03,3.342611e-02,9.783844e-03,9.325129e-02
3.198850e-01,3.887374e-02,9.483429e-03,4.281932e-02,3.282865e-02,1.356435e-01,5.549642e-03,4.332235e-02,2.328321e-01,9.569108e-03,9.900116e-03,6.325987e-03,2.579558e-02,9.156381e-03,7.801505e-02
2.757553e-01,3.222588e-02,5.846049e-02,9.465954e-02,2.738738e-02,1.232780e-01,4.495909e-03,3.924825e-02,2.102309e-01,1.035827e-02,8.869871e-03,5.982278e-03,1.971836e-02,7.810261e-03,8.151934e-02
2.768885e-01,3.307161e-02,7.193940e-02,8.978397e-02,2.413497e-02,9.422184e-02,3.680709e-03,3.039461e-02,2.072473e-01,1.537834e-02,1.005179e-02,7.387666e-03,1.865601e-02,8.145181e-03,1.090181e-01
2.974822e-01,4.629097e-02,6.797846e-02,7.265562e-02,2.589347e-02,8.561014e-02,3.358298e-03,2.642628e-02,1.955102e-01,1.878073e-02,9.534127e-03,7.483108e-03,1.666781e-02,8.862680e-03,1.174659e-01
3.083686e-01,4.297098e-02,9.490809e-02,8.600683e-02,2.262076e-02,6.521491e-02,3.063180e-03,2.605926e-02,1.792536e-01,2.040703e-02,1.201900e-02,9.970231e-03,1.728398e-02,7.592534e-03,1.042610e-01
3.367913e-01,3.432436e-02,7.624105e-02,7.373640e-02,2.029255e-02,4.787217e-02,2.846299e-03,9.459086e-02,1.774080e-01,1.505054e-02,1.555319e-02,9.342281e-03,1.363923e-02,6.423953e-03,7.588775e-02
3.728872e-01,3.254785e-02,6.674086e-02,6.297822e-02,1.900610e-02,3.604430e-02,4.423863e-03,1.471061e-01,1.470231e-01,1.154527e-02,2.096275e-02,7.480444e-03,1.159230e-02,4.812947e-03,5.484870e-02
3.982430e-01,2.910773e-02,5.157273e-02,4.921006e-02,1.892316e-02,2.730024e-02,5.388785e-03,2.249898e-01,1.092747e-01,8.607010e-03,1.668943e-02,5.832889e-03,1.121679e-02,3.705343e-03,3.993843e-02
3.075317e-01,2.107406e-02,3.755105e-02,3.560871e-02,1.633399e-02,1.961702e-02,4.365552e-03,4.193216e-01,7.744738e-02,6.063637e-03,1.204789e-02,4.156034e-03,8.166498e-03,2.633423e-03,2.808146e-02
2.242012e-01,1.487294e-02,2.670939e-02,2.535646e-02,1.324110e-02,1.402294e-02,3.305890e-03,5.806060e-01,5.460946e-02,4.256250e-03,8.578504e-03,2.932393e-03,5.783409e-03,1.855635e-03,1.966847e-02
1.645957e-01,1.052934e-02,1.908742e-02,1.815879e-02,1.046663e-02,1.119172e-02,2.761769e-03,6.939543e-01,3.834102e-02,3.015610e-03,6.255466e-03,2.209296e-03,4.232134e-03,1.393924e-03,1.380677e-02
1.323639e-01,7.539182e-03,1.379476e-02,1.348808e-02,1.350560e-02,8.777382e-03,2.574646e-03,7.584201e-01,2.701384e-02,2.130310e-03,4.652684e-03,1.774637e-03,3.181779e-03,1.054917e-03,9.728243e-03
9.982085e-02,5.354525e-03,9.829956e-03,9.818101e-03,1.301980e-02,6.427648e-03,2.283895e-03,8.182675e-01,1.908801e-02,1.500886e-03,3.329364e-03,1.330465e-03,2.294997e-03,7.897761e-04,6.844221e-03
7.386625e-02,3.786714e-03,7.011739e-03,7.132723e-03,1.349194e-02,4.623519e-03,1.913532e-03,8.633184e-01,1.345089e-02,1.056902e-03,2.362937e-03,9.624740e-04,1.644932e-03,5.678160e-04,4.809231e-03
6.611045e-02,2.794146e-03,5.664089e-03,5.507211e-03,1.307754e-02,3.658618e-03,2.220628e-03,8.826451e-01,9.638975e-03,7.742422e-04,1.752660e-03,8.950929e-04,1.312349e-03,4.364225e-04,3.512513e-03
1.037766e-01,2.422694e-03,5.770292e-03,4.346769e-03,1.158436e-02,6.543668e-03,5.464589e-03,8.421801e-01,7.730561e-03,6.357232e-04,1.481481e-03,2.780184e-03,1.918177e-03,4.150587e-04,2.949684e-03
1.261187e-01,2.187127e-03,5.291291e-03,3.529986e-03,1.152314e-02,8.081925e-03,7.446605e-03,8.171287e-01,5.739721e-03,6.063067e-04,1.792613e-03,4.340739e-03,2.262786e-03,4.702189e-04,3.480074e-03
1.203284e-01,2.236765e-03,4.544395e-03,2.877572e-03,1.051016e-02,7.539632e-03,6.331679e-03,8.054101e-01,5.505827e-03,1.153871e-03,8.232283e-03,1.348413e-02,6.426414e-03,1.532498e-03,3.886279e-03
1.550165e-01,1.934258e-03,3.335890e-03,2.589012e-03,8.041268e-03,1.219815e-02,5.144822e-03,6.579860e-01,5.474649e-03,2.981622e-03,3.063056e-02,7.988063e-02,1.965796e-02,1.140744e-02,3.721260e-03
1.621078e-01,1.709459e-03,2.931068e-03,2.329134e-03,6.249773e-03,1.659335e-02,6.047072e-03,5.120608e-01,5.645528e-03,2.775068e-03,6.865557e-02,1.120872e-01,2.073692e-02,7.575469e-02,4.316450e-03
1.374329e-01,1.706881e-03,2.535419e-03,2.400996e-03,5.625149e-03,1.494516e-02,5.463545e-03,3.787461e-01,7.200793e-03,2.551277e-03,1.289264e-01,1.098020e-01,1.685017e-02,1.820289e-01,3.784185e-03
1.126684e-01,2.220059e-03,2.378799e-03,3.507076e-03,5.207787e-03,1.249691e-02,4.530197e-03,2.914886e-01,7.722322e-03,2.353468e-03,2.066661e-01,1.154013e-01,1.469884e-02,2.143146e-01,4.345521e-03
1.368517e-01,2.711196e-03,2.317322e-03,3.958468e-03,6.989358e-03,9.804950e-03,5.246966e-03,2.078130e-01,9.711765e-03,2.739086e-03,3.284898e-01,9.514933e-02,1.090508e-02,1.737745e-01,3.537569e-03
2.297498e-01,2.865759e-03,2.378868e-03,5.500259e-03,6.897056e-03,8.233013e-03,4.945392e-03,1.487181e-01,9.241280e-03,2.715096e-03,3.397571e-01,8.196796e-02,8.602124e-03,1.452477e-01,3.180488e-03
2.900019e-01,5.486224e-03,3.777219e-03,1.137651e-02,8.718157e-03,9.506235e-03,4.754846e-03,1.082729e-01,1.159970e-02,3.509160e-03,2.938512e-01,8.328043e-02,7.893292e-03,1.528438e-01,5.128459e-03
3.286808e-01,7.841487e-03,3.866663e-03,1.252045e-02,8.318589e-03,1.761864e-02,4.992513e-03,7.704371e-02,1.106918e-02,3.531301e-03,2.776682e-01,7.185532e-02,8.919554e-03,1.580238e-01,8.049798e-03
3.165914e-01,1.346946e-02,1.154308e-02,1.541814e-02,8.382266e-03,3.320570e-02,4.201803e-03,5.619685e-02,1.129192e-02,3.627374e-03,2.929812e-01,6.279206e-02,8.641811e-03,1.527579e-01,8.899105e-03
2.569884e-01,1.350016e-02,9.210105e-03,1.166018e-02,6.828917e-03,3.689676e-02,3.154226e-03,3.987050e-02,1.481443e-02,3.458601e-03,3.125395e-01,5.183363e-02,8.023711e-03,2.238906e-01,7.330306e-03
1.961041e-01,3.175509e-02,7.318104e-03,9.064278e-03,5.856187e-03,3.349298e-02,2.262408e-03,2.812837e-02,3.154794e-02,3.685414e-03,3.281738e-01,4.776017e-02,7.889213e-03,2.606662e-01,6.295729e-03
1.406179e-01,2.675764e-02,6.539191e-03,7.702972e-03,6.436924e-03,2.695016e-02,1.672080e-03,1.984620e-02,6.724404e-02,4.357501e-03,4.183976e-01,4.745519e-02,6.141217e-03,2.129143e-01,6.967132e-03
9.980121e-02,3.415272e-02,7.736533e-03,6.849779e-03,8.625219e-03,2.061678e-02,1.225483e-03,1.398892e-02,1.715083e-01,5.135027e-03,4.030035e-01,3.740320e-02,4.820333e-03,1.760217e-01,9.111364e-03
7.260729e-02,3.290223e-02,1.876343e-02,1.420406e-02,1.027376e-02,1.828747e-02,9.054284e-04,1.281167e-02,2.922532e-01,4.769054e-03,3.568356e-01,2.685148e-02,3.501424e-03,1.251700e-01,9.863995e-03
5.268459e-02,5.117059e-02,3.101366e-02,3.194713e-02,1.609272e-02,2.624055e-02,1.036913e-03,1.720254e-02,3.895346e-01,4.298908e-03,2.588069e-01,1.978870e-02,2.868066e-03,8.821499e-02,9.099167e-03
3.769083e-02,4.957749e-02,2.277694e-02,2.916543e-02,2.106635e-02,3.024275e-02,8.504715e-04,1.223828e-02,5.228908e-01,3.501524e-03,1.836342e-01,1.436075e-02,2.183502e-03,6.194973e-02,7.871010e-03
2.699455e-02,3.666691e-02,1.684652e-02,4.826538e-02,5.345613e-02,2.372518e-02,8.068485e-04,1.103525e-02,5.884326e-01,3.039839e-03,1.292022e-01,1.029848e-02,1.642547e-03,4.340801e-02,6.179602e-03
1.967342e-02,2.823964e-02,1.641109e-02,1.384836e-01,7.568761e-02,2.429152e-02,6.941950e-04,1.459857e-02,5.383732e-01,4.718935e-03,9.083711e-02,7.338571e-03,1.252235e-03,3.043133e-02,8.969031e-03
1.577595e-02,2.381068e-02,1.362108e-02,2.045349e-01,1.052260e-01,4.535930e-02,6.190197e-04,1.736516e-02,4.535069e-01,7.106513e-03,6.493260e-02,5.407867e-03,1.161906e-03,2.140894e-02,2.016320e-02
2.088044e-02,2.473590e-02,1.117889e-02,1.561658e-01,1.316525e-01,6.747069e-02,8.068371e-04,1.513326e-02,3.961284e-01,1.071733e-02,4.967838e-02,4.031384e-03,1.419686e-03,1.560344e-02,9.439705e-02
2.638316e-02,2.452558e-02,8.663381e-03,1.169388e-01,1.261998e-01,1.542715e-01,8.959787e-04,1.403223e-02,3.471459e-01,1.571031e-02,3.585856e-02,2.905982e-03,1.307887e-03,1.158153e-02,1.135794e-01
3.468782e-02,2.880958e-02,6.598209e-03,8.536944e-02,1.124059e-01,2.639830e-01,1.004044e-03,1.432551e-02,2.778486e-01,1.747122e-02,2.565560e-02,2.056933e-03,1.083225e-03,9.119300e-03,1.195818e-01
5.483137e-02,4.267668e-02,9.084110e-03,7.331003e-02,1.009393e-01,2.496403e-01,1.363063e-03,1.957639e-02,2.570345e-01,1.697932e-02,1.846433e-02,1.512881e-03,1.067518e-03,6.794725e-03,1.467255e-01
5.315186e-02,4.723019e-02,1.251658e-02,1.170049e-01,8.807326e-02,1.892992e-01,1.449146e-03,2.164068e-02,2.823298e-01,1.543657e-02,1.325427e-02,1.160034e-03,8.616465e-04,4.832147e-03,1.517597e-01
4.710156e-02,4.167949e-02,1.789381e-02,2.024415e-01,6.241165e-02,1.351574e-01,1.079951e-03,1.633166e-02,2.297107e-01,1.752139e-02,1.976807e-02,1.620172e-03,1.977261e-03,3.679178e-03,2.016262e-01
3.338042e-02,5.205093e-02,3.362487e-02,1.600311e-01,4.405240e-02,9.486552e-02,7.670944e-04,1.152671e-02,1.890488e-01,1.731739e-02,1.804805e-02,1.847805e-03,1.788456e-03,6.185572e-03,3.354650e-01
3.346623e-02,5.733031e-02,6.543626e-02,1.619473e-01,3.362415e-02,7.393496e-02,7.836573e-04,1.276124e-02,1.400850e-01,1.465965e-02,6.840082e-02,4.209817e-03,3.405610e-03,3.520235e-02,2.947526e-01
2.386281e-02,4.885758e-02,9.064991e-02,1.210204e-01,2.390902e-02,5.232277e-02,7.093480e-04,9.211960e-03,1.073819e-01,1.274136e-02,2.025062e-01,2.793971e-02,4.068597e-03,5.604008e-02,2.187784e-01
1.701564e-02,3.820579e-02,1.122195e-01,8.592206e-02,1.742033e-02,3.803512e-02,5.910677e-04,6.969866e-03,7.897545e-02,9.905078e-03,2.796376e-01,3.704915e-02,3.562666e-03,1.162476e-01,1.582431e-01
1.256581e-02,2.741560e-02,8.782393e-02,6.138002e-02,1.282947e-02,2.749650e-02,5.387655e-04,5.480299e-03,5.651796e-02,9.038545e-03,4.429197e-01,2.927168e-02,2.800390e-03,1.122257e-01,1.116957e-01
9.529819e-03,1.941786e-02,6.527767e-02,4.419938e-02,9.910519e-03,2.052787e-02,4.460219e-04,4.515236e-03,4.246254e-02,9.560427e-03,5.488760e-01,2.556457e-02,2.361052e-03,1.161797e-01,8.117143e-02
6.997104e-03,1.385318e-02,4.689801e-02,3.101535e-02,7.883211e-03,1.483459e-02,3.411629e-04,3.262282e-03,3.894442e-02,1.027782e-02,4.357962e-01,2.132671e-02,1.768371e-03,3.096277e-01,5.717395e-02
5.570399e-03,1.013310e-02,3.445290e-02,2.205545e-02,6.656572e-03,1.849442e-02,3.071761e-04,2.475379e-03,3.352373e-02,1.076560e-02,4.455656e-01,1.719243e-02,1.724602e-03,3.498957e-01,4.118690e-02
4.670080e-03,9.768306e-03,4.234673e-02,1.619773e-02,7.189633e-03,4.157973e-02,1.173077e-03,3.009219e-03,3.302936e-02,9.788393e-03,4.561329e-01,1.347548e-02,1.599471e-03,3.287573e-01,3.128267e-02
4.068149e-03,7.053646e-03,3.019561e-02,1.154158e-02,6.611695e-03,3.408964e-02,9.184239e-04,2.402187e-03,2.510003e-02,7.990292e-03,4.259854e-01,1.141573e-02,2.544876e-03,4.072531e-01,2.282970e-02
3.737633e-03,5.784771e-03,2.221391e-02,8.188508e-03,5.232938e-03,2.743370e-02,6.785501e-04,1.811127e-03,2.550862e-02,6.781794e-03,3.723823e-01,9.537928e-03,2.147480e-03,4.920995e-01,1.646124e-02
2.977880e-03,4.265261e-03,1.571232e-02,5.791726e-03,4.279973e-03,2.148734e-02,4.893598e-04,1.297333e-03,2.752453e-02,5.131878e-03,3.132199e-01,9.540507e-03,1.637816e-03,5.748313e-01,1.181283e-02
3.547513e-03,7.689309e-03,1.350655e-02,4.193452e-03,2.488212e-02,1.919672e-02,5.059645e-04,1.101634e-03,6.180372e-02,4.711654e-03,2.654939e-01,8.936877e-03,1.340974e-03,5.728900e-01,1.019959e-02
4.918107e-03,7.133011e-03,1.631146e-02,3.686004e-03,3.830164e-02,2.348470e-02,6.550940e-04,1.120110e-03,6.485123e-02,4.977164e-03,2.778209e-01,9.461680e-03,1.323499e-03,5.364650e-01,9.490325e-03
7.697474e-03,1.065747e-02,1.811666e-02,4.405319e-03,3.371071e-02,2.742583e-02,7.961035e-04,1.188095e-03,1.173824e-01,7.183972e-03,2.356056e-01,8.724158e-03,1.552249e-03,5.002609e-01,2.529303e-02
1.456109e-02,1.000387e-02,1.792045e-02,4.207622e-03,2.419872e-02,3.457907e-02,7.340335e-04,1.673497e-03,1.190102e-01,7.285554e-03,2.161591e-01,6.847989e-03,1.337760e-03,5.193676e-01,2.211341e-02
3.509744e-02,1.415022e-02,3.982138e-02,6.626787e-03,2.090725e-02,3.533315e-02,1.813039e-03,6.006071e-03,2.045208e-01,9.552973e-03,1.763753e-01,5.382353e-03,1.503013e-03,4.230688e-01,1.984154e-02
6.039480e-02,1.343082e-02,5.926999e-02,8.381727e-03,2.185363e-02,3.149786e-02,2.053962e-03,7.731386e-03,2.606089e-01,1.431490e-02,1.464272e-01,4.525434e-03,1.603233e-03,3.505635e-01,1.734273e-02
9.533159e-02,1.186154e-02,1.033666e-01,1.413576e-02,1.991547e-02,3.458757e-02,2.354603e-03,1.333103e-02,2.747656e-01,1.603612e-02,1.147655e-01,3.772611e-03,1.694905e-03,2.753075e-01,1.877346e-02
9.533504e-02,9.755429e-03,2.659375e-01,2.051863e-02,1.708808e-02,2.895703e-02,1.871224e-03,1.168452e-02,2.249127e-01,1.298842e-02,8.533200e-02,3.012843e-03,1.624725e-03,2.058261e-01,1.515569e-02
1.071703e-01,9.421838e-03,2.626733e-01,2.273764e-02,2.358720e-02,2.639767e-02,1.695432e-03,9.642258e-03,2.213485e-01,1.177614e-02,7.166288e-02,3.039137e-03,1.542211e-03,2.137582e-01,1.354731e-02
1.166348e-01,1.848098e-02,3.093292e-01,2.445913e-02,2.338260e-02,2.151648e-02,1.981572e-03,2.319210e-02,1.995018e-01,1.409980e-02,5.950697e-02,3.305539e-03,1.690331e-03,1.686854e-01,1.423321e-02
1.195471e-01,1.727628e-02,3.250558e-01,5.597499e-02,3.417075e-02,1.630409e-02,1.657375e-03,5.303944e-02,1.716516e-01,1.307747e-02,4.872191e-02,3.312451e-03,1.688007e-03,1.259415e-01,1.258115e-02
1.172276e-01,1.464560e-02,3.110349e-01,7.547602e-02,4.695898e-02,1.358936e-02,2.379880e-03,7.186289e-02,1.759664e-01,1.025697e-02,4.827086e-02,3.225856e-03,2.266802e-03,9.666441e-02,1.017344e-02
1.059110e-01,1.361292e-02,3.387747e-01,6.218826e-02,5.626316e-02,1.153988e-02,4.610430e-03,1.005654e-01,1.522215e-01,8.557242e-03,4.104529e-02,2.653739e-03,2.076303e-03,9.227018e-02,7.709824e-03
1.002574e-01,1.458929e-02,3.909824e-01,5.182884e-02,4.964777e-02,1.304802e-02,6.698625e-03,1.101470e-01,1.176394e-01,1.059181e-02,3.206296e-02,2.202193e-03,2.436768e-03,9.140269e-02,6.464793e-03
1.425489e-01,1.373252e-02,3.639926e-01,4.563711e-02,5.504239e-02,1.396270e-02,1.306738e-02,1.099536e-01,9.235502e-02,1.302755e-02,2.782464e-02,2.406305e-03,3.261431e-03,9.770219e-02,5.485664e-03
2.249629e-01,1.336222e-02,2.770603e-01,3.707692e-02,5.849690e-02,1.602034e-02,2.550310e-02,1.218332e-01,7.448011e-02,1.222541e-02,2.430249e-02,3.117637e-03,5.354734e-03,9.988981e-02,6.313844e-03
2.666497e-01,1.610176e-02,2.109012e-01,3.064681e-02,5.248398e-02,1.592440e-02,4.249425e-02,1.441069e-01,6.062116e-02,1.035046e-02,2.370723e-02,3.615293e-03,6.277576e-03,1.098150e-01,6.304232e-03
2.721586e-01,1.835643e-02,1.546631e-01,2.304415e-02,3.981913e-02,1.535283e-02,9.235708e-02,1.962704e-01,5.301800e-02,7.875596e-03,1.829299e-02,3.650952e-03,7.944328e-03,9.128466e-02,5.911819e-03
2.734108e-01,1.577133e-02,1.111055e-01,1.684972e-02,3.050386e-02,1.395140e-02,1.138460e-01,2.666199e-01,5.119917e-02,5.837660e-03,1.404693e-02,3.212649e-03,8.029157e-03,7.057700e-02,5.038948e-03
3.037682e-01,1.366965e-02,8.036449e-02,1.271897e-02,2.508877e-02,1.284703e-02,1.223303e-01,2.967325e-01,5.103596e-02,4.557032e-03,1.048823e-02,3.843460e-03,6.902680e-03,5.092700e-02,4.725718e-03
3.607253e-01,1.232790e-02,6.160761e-02,1.043348e-02,2.146560e-02,1.705781e-02,1.161827e-01,2.890031e-01,4.244683e-02,3.944265e-03,8.241081e-03,6.917375e-03,6.768038e-03,3.673207e-02,6.146804e-03
3.193361e-01,1.030425e-02,4.915110e-02,9.795954e-03,1.918693e-02,2.061871e-02,1.350216e-01,3.444780e-01,3.366924e-02,3.667298e-03,6.911944e-03,7.584869e-03,6.784933e-03,2.703350e-02,6.455579e-03
3.177581e-01,8.685931e-03,3.855819e-02,1.027583e-02,2.335241e-02,1.968271e-02,1.079242e-01,3.963602e-01,2.862595e-02,3.382393e-03,6.300519e-03,7.531484e-03,5.685475e-03,1.959687e-02,6.279652e-03
3.030412e-01,7.038696e-03,3.033267e-02,1.035592e-02,2.524096e-02,2.063417e-02,8.510064e-02,4.546638e-01,2.231666e-02,2.959315e-03,5.351050e-03,6.998704e-03,5.303379e-03,1.427081e-02,6.392010e-03
2.917304e-01,7.439687e-03,2.401394e-02,1.433218e-02,2.056171e-02,4.517785e-02,6.542085e-02,3.488400e-01,2.125462e-02,6.247991e-03,1.294655e-02,3.908865e-02,7.064632e-02,1.234259e-02,1.995661e-02
3.120358e-01,1.128481e-02,1.985511e-02,1.360725e-02,1.782142e-02,4.434891e-02,4.957037e-02,2.888440e-01,2.370317e-02,1.252105e-02,1.734358e-02,3.003642e-02,7.002611e-02,9.985756e-03,7.901614e-02
2.786807e-01,1.096568e-02,1.509771e-02,1.110974e-02,1.622675e-02,3.579013e-02,3.701536e-02,3.096955e-01,2.660643e-02,1.143477e-02,2.837094e-02,2.362140e-02,6.079347e-02,9.578264e-03,1.250131e-01
2.957095e-01,1.148063e-02,1.132544e-02,1.348880e-02,1.351011e-02,3.396185e-02,2.680556e-02,2.264724e-01,4.713646e-02,1.725044e-02,2.609721e-02,2.501649e-02,6.555829e-02,1.002197e-02,1.761649e-01
2.791079e-01,2.015954e-02,9.542621e-03,2.409034e-02,1.029054e-02,2.981418e-02,1.932978e-02,1.647736e-01,1.001155e-01,2.908111e-02,2.189853e-02,2.607192e-02,6.730089e-02,8.689175e-03,1.897344e-01
3.658452e-01,1.824441e-02,1.014789e-02,2.680055e-02,9.673424e-03,2.403007e-02,1.405043e-02,1.191488e-01,1.054221e-01,2.250856e-02,1.863828e-02,2.357645e-02,5.366047e-02,7.095435e-03,1.811580e-01
4.661081e-01,1.768991e-02,9.244579e-03,2.550586e-02,1.117252e-02,2.085808e-02,1.037101e-02,8.598642e-02,9.022160e-02,1.761822e-02,1.384744e-02,1.783036e-02,4.096853e-02,5.385326e-03,1.671920e-01
1.000000e+00,0.000000e+00,0.000000e+00,0.000000e+00,0.000000e+00,0.000000e+00,0.000000e+00,0.000000e+00,0.000000e+00,0.000000e+00,0.000000e+00,0.000000e+00,0.000000e+00,0.000000e+00,0.000000e+00
4.701046e-01,4.933655e-02,1.227320e-02,2.631140e-02,1.416829e-02,1.964138e-02,6.666490e-03,4.358307e-02,1.105513e-01,1.504424e-02,1.127196e-02,1.270526e-02,3.233506e-02,6.165978e-03,1.698412e-01
4.074233e-01,9.610349e-02,1.346738e-02,2.562142e-02,1.652621e-02,1.590612e-02,5.349315e-03,3.208509e-02,1.761857e-01,1.658094e-02,1.053185e-02,1.051629e-02,3.206325e-02,5.335260e-03,1.363044e-01
3.124012e-01,1.277281e-01,3.099791e-02,8.678021e-02,1.469531e-02,1.282441e-02,4.036911e-03,2.286564e-02,1.686955e-01,2.019162e-02,8.638964e-03,8.525060e-03,2.428003e-02,3.943858e-03,1.533953e-01
2.842359e-01,1.063148e-01,6.826086e-02,1.237555e-01,1.957341e-02,1.986051e-02,3.813859e-03,1.843220e-02,1.677333e-01,1.740117e-02,9.054792e-03,9.465622e-03,2.063033e-02,3.664433e-03,1.278034e-01
2.763782e-01,8.784073e-02,7.860647e-02,1.185963e-01,3.691569e-02,4.469201e-02,5.418479e-03,1.498844e-02,1.578232e-01,1.716387e-02,9.688066e-03,7.904825e-03,1.773561e-02,4.416072e-03,1.218321e-01
2.868285e-01,7.124335e-02,1.132438e-01,1.533978e-01,3.508540e-02,4.293315e-02,4.723235e-03,1.327042e-02,1.279496e-01,1.365904e-02,1.260353e-02,7.324912e-03,1.526196e-02,4.276010e-03,9.819940e-02
3.468692e-01,5.395209e-02,9.322390e-02,1.216050e-01,2.886352e-02,3.407736e-02,3.846603e-03,1.037774e-02,1.508963e-01,1.315930e-02,1.550846e-02,8.204325e-03,1.425063e-02,8.164352e-03,9.700132e-02
