1.000000e+00,0.000000e+00,0.000000e+00,0.000000e+00,0.000000e+00,0.000000e+00,0.000000e+00,0.000000e+00,0.000000e+00,0.000000e+00,0.000000e+00,0.000000e+00,0.000000e+00,0.000000e+00,0.000000e+00
1.000000e+00,0.000000e+00,0.000000e+00,0.000000e+00,0.000000e+00,0.000000e+00,0.000000e+00,0.000000e+00,0.000000e+00,0.000000e+00,0.000000e+00,0.000000e+00,0.000000e+00,0.000000e+00,0.000000e+00
1.000000e+00,0.000000e+00,0.000000e+00,0.000000e+00,0.000000e+00,0.000000e+00,0.000000e+00,0.000000e+00,0.000000e+00,0.000000e+00,0.000000e+00,0.000000e+00,0.000000e+00,0.000000e+00,0.000000e+00
1.000000e+00,0.000000e+00,0.000000e+00,0.000000e+00,0.000000e+00,0.000000e+00,0.000000e+00,0.000000e+00,0.000000e+00,0.000000e+00,0.000000e+00,0.000000e+00,0.000000e+00,0.000000e+00,0.000000e+00
1.000000e+00,0.000000e+00,0.000000e+00,0.000000e+00,0.000000e+00,0.000000e+00,0.000000e+00,0.000000e+00,0.000000e+00,0.000000e+00,0.000000e+00,0.000000e+00,0.000000e+00,0.000000e+00,0.000000e+00
1.000000e+00,0.000000e+00,0.000000e+00,0.000000e+00,0.000000e+00,0.000000e+00,0.000000e+00,0.000000e+00,0.000000e+00,0.000000e+00,0.000000e+00,0.000000e+00,0.000000e+00,0.000000e+00,0.000000e+00
1.000000e+00,0.000000e+00,0.000000e+00,0.000000e+00,0.000000e+00,0.000000e+00,0.000000e+00,0.000000e+00,0.000000e+00,0.000000e+00,0.000000e+00,0.000000e+00,0.000000e+00,0.000000e+00,0.000000e+00
1.000000e+00,0.000000e+00,0.000000e+00,0.000000e+00,0.000000e+00,0.000000e+00,0.000000e+00,0.000000e+00,0.000000e+00,0.000000e+00,0.000000e+00,0.000000e+00,0.000000e+00,0.000000e+00,0.000000e+00
1.000000e+00,0.000000e+00,0.000000e+00,0.000000e+00,0.000000e+00,0.000000e+00,0.000000e+00,0.000000e+00,0.000000e+00,0.000000e+00,0.000000e+00,0.000000e+00,0.000000e+00,0.000000e+00,0.000000e+00
1.000000e+00,0.000000e+00,0.000000e+00,0.000000e+00,0.000000e+00,0.000000e+00,0.000000e+00,0.000000e+00,0.000000e+00,0.000000e+00,0.000000e+00,0.000000e+00,0.000000e+00,0.000000e+00,0.000000e+00
1.000000e+00,0.000000e+00,0.000000e+00,0.000000e+00,0.000000e+00,0.000000e+00,0.000000e+00,0.000000e+00,0.000000e+00,0.000000e+00,0.000000e+00,0.000000e+00,0.000000e+00,0.000000e+00,0.000000e+00
1.000000e+00,0.000000e+00,0.000000e+00,0.000000e+00,0.000000e+00,0.000000e+00,0.000000e+00,0.000000e+00,0.000000e+00,0.000000e+00,0.000000e+00,0.000000e+00,0.000000e+00,0.000000e+00,0.000000e+00
1.000000e+00,0.000000e+00,0.000000e+00,0.000000e+00,0.000000e+00,0.000000e+00,0.000000e+00,0.000000e+00,0.000000e+00,0.000000e+00,0.000000e+00,0.000000e+00,0.000000e+00,0.000000e+00,0.000000e+00
1.000000e+00,0.000000e+00,0.000000e+00,0.000000e+00,0.000000e+00,0.000000e+00,0.000000e+00,0.000000e+00,0.000000e+00,0.000000e+00,0.000000e+00,0.000000e+00,0.000000e+00,0.000000e+00,0.000000e+00
1.000000e+00,0.000000e+00,0.000000e+00,0.000000e+00,0.000000e+00,0.000000e+00,0.000000e+00,0.000000e+00,0.000000e+00,0.000000e+00,0.000000e+00,0.000000e+00,0.000000e+00,0.000000e+00,0.000000e+00
1.000000e+00,0.000000e+00,0.000000e+00,0.000000e+00,0.000000e+00,0.000000e+00,0.000000e+00,0.000000e+00,0.000000e+00,0.000000e+00,0.000000e+00,0.000000e+00,0.000000e+00,0.000000e+00,0.000000e+00
1.000000e+00,0.000000e+00,0.000000e+00,0.000000e+00,0.000000e+00,0.000000e+00,0.000000e+00,0.000000e+00,0.000000e+00,0.000000e+00,0.000000e+00,0.000000e+00,0.000000e+00,0.000000e+00,0.000000e+00
1.000000e+00,0.000000e+00,0.000000e+00,0.000000e+00,0.000000e+00,0.000000e+00,0.000000e+00,0.000000e+00,0.000000e+00,0.000000e+00,0.000000e+00,0.000000e+00,0.000000e+00,0.000000e+00,0.000000e+00
1.000000e+00,0.000000e+00,0.000000e+00,0.000000e+00,0.000000e+00,0.000000e+00,0.000000e+00,0.000000e+00,0.000000e+00,0.000000e+00,0.000000e+00,0.000000e+00,0.000000e+00,0.000000e+00,0.000000e+00
1.000000e+00,0.000000e+00,0.000000e+00,0.000000e+00,0.000000e+00,0.000000e+00,0.000000e+00,0.000000e+00,0.000000e+00,0.000000e+00,0.000000e+00,0.000000e+00,0.000000e+00,0.000000e+00,0.000000e+00
1.000000e+00,0.000000e+00,0.000000e+00,0.000000e+00,0.000000e+00,0.000000e+00,0.000000e+00,0.000000e+00,0.000000e+00,0.000000e+00,0.000000e+00,0.000000e+00,0.000000e+00,0.000000e+00,0.000000e+00
1.000000e+00,0.000000e+00,0.000000e+00,0.000000e+00,0.000000e+00,0.000000e+00,0.000000e+00,0.000000e+00,0.000000e+00,0.000000e+00,0.000000e+00,0.000000e+00,0.000000e+00,0.000000e+00,0.000000e+00
1.000000e+00,0.000000e+00,0.000000e+00,0.000000e+00,0.000000e+00,0.000000e+00,0.000000e+00,0.000000e+00,0.000000e+00,0.000000e+00,0.000000e+00,0.000000e+00,0.000000e+00,0.000000e+00,0.000000e+00
1.000000e+00,0.000000e+00,0.000000e+00,0.000000e+00,0.000000e+00,0.000000e+00,0.000000e+00,0.000000e+00,0.000000e+00,0.000000e+00,0.000000e+00,0.000000e+00,0.000000e+00,0.000000e+00,0.000000e+00
1.000000e+00,0.000000e+00,0.000000e+00,0.000000e+00,0.000000e+00,0.000000e+00,0.000000e+00,0.000000e+00,0.000000e+00,0.000000e+00,0.000000e+00,0.000000e+00,0.000000e+00,0.000000e+00,0.000000e+00
1.000000e+00,0.000000e+00,0.000000e+00,0.000000e+00,0.000000e+00,0.000000e+00,0.000000e+00,0.000000e+00,0.000000e+00,0.000000e+00,0.000000e+00,0.000000e+00,0.000000e+00,0.000000e+00,0.000000e+00
1.000000e+00,0.000000e+00,0.000000e+00,0.000000e+00,0.000000e+00,0.000000e+00,0.000000e+00,0.000000e+00,0.000000e+00,0.000000e+00,0.000000e+00,0.000000e+00,0.000000e+00,0.000000e+00,0.000000e+00
1.000000e+00,0.000000e+00,0.000000e+00,0.000000e+00,0.000000e+00,0.000000e+00,0.000000e+00,0.000000e+00,0.000000e+00,0.000000e+00,0.000000e+00,0.000000e+00,0.000000e+00,0.000000e+00,0.000000e+00
1.000000e+00,0.000000e+00,0.000000e+00,0.000000e+00,0.000000e+00,0.000000e+00,0.000000e+00,0.000000e+00,0.000000e+00,0.000000e+00,0.000000e+00,0.000000e+00,0.000000e+00,0.000000e+00,0.000000e+00
1.000000e+00,0.000000e+00,0.000000e+00,0.000000e+00,0.000000e+00,0.000000e+00,0.000000e+00,0.000000e+00,0.000000e+00,0.000000e+00,0.000000e+00,0.000000e+00,0.000000e+00,0.000000e+00,0.000000e+00
1.000000e+00,0.000000e+00,0.000000e+00,0.000000e+00,0.000000e+00,0.000000e+00,0.000000e+00,0.000000e+00,0.000000e+00,0.000000e+00,0.000000e+00,0.000000e+00,0.000000e+00,0.000000e+00,0.000000e+00
1.000000e+00,0.000000e+00,0.000000e+00,0.000000e+00,0.000000e+00,0.000000e+00,0.000000e+00,0.000000e+00,0.000000e+00,0.000000e+00,0.000000e+00,0.000000e+00,0.000000e+00,0.000000e+00,0.000000e+00
1.000000e+00,0.000000e+00,0.000000e+00,0.000000e+00,0.000000e+00,0.000000e+00,0.000000e+00,0.000000e+00,0.000000e+00,0.000000e+00,0.000000e+00,0.000000e+00,0.000000e+00,0.000000e+00,0.000000e+00
1.000000e+00,0.000000e+00,0.000000e+00,0.000000e+00,0.000000e+00,0.000000e+00,0.000000e+00,0.000000e+00,0.000000e+00,0.000000e+00,0.000000e+00,0.000000e+00,0.000000e+00,0.000000e+00,0.000000e+00
1.000000e+00,0.000000e+00,0.000000e+00,0.000000e+00,0.000000e+00,0.000000e+00,0.000000e+00,0.000000e+00,0.000000e+00,0.000000e+00,0.000000e+00,0.000000e+00,0.000000e+00,0.000000e+00,0.000000e+00
1.000000e+00,0.000000e+00,0.000000e+00,0.000000e+00,0.000000e+00,0.000000e+00,0.000000e+00,0.000000e+00,0.000000e+00,0.000000e+00,0.000000e+00,0.000000e+00,0.000000e+00,0.000000e+00,0.000000e+00
1.000000e+00,0.000000e+00,0.000000e+00,0.000000e+00,0.000000e+00,0.000000e+00,0.000000e+00,0.000000e+00,0.000000e+00,0.000000e+00,0.000000e+00,0.000000e+00,0.000000e+00,0.000000e+00,0.000000e+00
1.000000e+00,0.000000e+00,0.000000e+00,0.000000e+00,0.000000e+00,0.000000e+00,0.000000e+00,0.000000e+00,0.000000e+00,0.000000e+00,0.000000e+00,0.000000e+00,0.000000e+00,0.000000e+00,0.000000e+00
1.000000e+00,0.000000e+00,0.000000e+00,0.000000e+00,0.000000e+00,0.000000e+00,0.000000e+00,0.000000e+00,0.000000e+00,0.000000e+00,0.000000e+00,0.000000e+00,0.000000e+00,0.000000e+00,0.000000e+00
1.000000e+00,0.000000e+00,0.000000e+00,0.000000e+00,0.000000e+00,0.000000e+00,0.000000e+00,0.000000e+00,0.000000e+00,0.000000e+00,0.000000e+00,0.000000e+00,0.000000e+00,0.000000e+00,0.000000e+00
1.000000e+00,0.000000e+00,0.000000e+00,0.000000e+00,0.000000e+00,0.000000e+00,0.000000e+00,0.000000e+00,0.000000e+00,0.000000e+00,0.000000e+00,0.000000e+00,0.000000e+00,0.000000e+00,0.000000e+00
1.000000e+00,0.000000e+00,0.000000e+00,0.000000e+00,0.000000e+00,0.000000e+00,0.000000e+00,0.000000e+00,0.000000e+00,0.000000e+00,0.000000e+00,0.000000e+00,0.000000e+00,0.000000e+00,0.000000e+00
1.000000e+00,0.000000e+00,0.000000e+00,0.000000e+00,0.000000e+00,0.000000e+00,0.000000e+00,0.000000e+00,0.000000e+00,0.000000e+00,0.000000e+00,0.000000e+00,0.000000e+00,0.000000e+00,0.000000e+00
1.000000e+00,0.000000e+00,0.000000e+00,0.000000e+00,0.000000e+00,0.000000e+00,0.000000e+00,0.000000e+00,0.000000e+00,0.000000e+00,0.000000e+00,0.000000e+00,0.000000e+00,0.000000e+00,0.000000e+00
1.000000e+00,0.000000e+00,0.000000e+00,0.000000e+00,0.000000e+00,0.000000e+00,0.000000e+00,0.000000e+00,0.000000e+00,0.000000e+00,0.000000e+00,0.000000e+00,0.000000e+00,0.000000e+00,0.000000e+00
1.000000e+00,0.000000e+00,0.000000e+00,0.000000e+00,0.000000e+00,0.000000e+00,0.000000e+00,0.000000e+00,0.000000e+00,0.000000e+00,0.000000e+00,0.000000e+00,0.000000e+00,0.000000e+00,0.000000e+00
1.000000e+00,0.000000e+00,0.000000e+00,0.000000e+00,0.000000e+00,0.000000e+00,0.000000e+00,0.000000e+00,0.000000e+00,0.000000e+00,0.000000e+00,0.000000e+00,0.000000e+00,0.000000e+00,0.000000e+00
1.000000e+00,0.000000e+00,0.000000e+00,0.000000e+00,0.000000e+00,0.000000e+00,0.000000e+00,0.000000e+00,0.000000e+00,0.000000e+00,0.000000e+00,0.000000e+00,0.000000e+00,0.000000e+00,0.000000e+00
1.000000e+00,0.000000e+00,0.000000e+00,0.000000e+00,0.000000e+00,0.000000e+00,0.000000e+00,0.000000e+00,0.000000e+00,0.000000e+00,0.000000e+00,0.000000e+00,0.000000e+00,0.000000e+00,0.000000e+00
1.000000e+00,0.000000e+00,0.000000e+00,0.000000e+00,0.000000e+00,0.000000e+00,0.000000e+00,0.000000e+00,0.000000e+00,0.000000e+00,0.000000e+00,0.000000e+00,0.000000e+00,0.000000e+00,0.000000e+00
3.714942e-01,1.718518e-02,2.134378e-02,8.899552e-02,7.033940e-03,9.521700e-03,3.455796e-03,4.299784e-01,4.209509e-03,1.016782e-03,6.911096e-03,1.549247e-02,1.161754e-02,1.882875e-03,9.861231e-03
2.623949e-01,1.209930e-02,1.535495e-02,6.280156e-02,5.344537e-03,6.821439e-03,2.619809e-03,5.962517e-01,2.980663e-03,7.202188e-04,5.006183e-03,1.095791e-02,8.309727e-03,1.359791e-03,6.977298e-03
1.844392e-01,8.499926e-03,1.091561e-02,4.409180e-02,3.933223e-03,4.918932e-03,1.992451e-03,7.155378e-01,2.093543e-03,5.069763e-04,3.572769e-03,7.710339e-03,5.888394e-03,9.905929e-04,4.908448e-03
1.300389e-01,5.992063e-03,7.726131e-03,3.099877e-02,3.112387e-03,3.539777e-03,1.500603e-03,7.988162e-01,1.472838e-03,3.580622e-04,2.626826e-03,5.428442e-03,4.209860e-03,7.285450e-04,3.450530e-03
9.267585e-02,4.279144e-03,5.474553e-03,2.184932e-02,2.755968e-03,2.729572e-03,1.115224e-03,8.549734e-01,1.118041e-03,2.602212e-04,2.316332e-03,3.899468e-03,3.290791e-03,7.857183e-04,2.476315e-03
6.821486e-02,3.122190e-03,3.894403e-03,1.548940e-02,5.824033e-03,2.353424e-03,9.549164e-04,8.601352e-01,1.852976e-03,2.343378e-04,1.387666e-02,4.207380e-03,1.550728e-02,2.491786e-03,1.841117e-03
5.598725e-02,2.459418e-03,2.797031e-03,1.123178e-02,5.766669e-03,2.007191e-03,9.964483e-04,7.154491e-01,1.956803e-03,1.378389e-03,5.575087e-02,1.946980e-02,1.105997e-01,1.206873e-02,2.080830e-03
4.363916e-02,3.641913e-03,2.199091e-03,2.844545e-02,1.032212e-02,2.357993e-03,8.245375e-04,5.979798e-01,4.422384e-02,5.190760e-03,7.456437e-02,4.666622e-02,1.089135e-01,2.795295e-02,3.078331e-03
6.173198e-02,3.687134e-03,3.037732e-03,3.675332e-02,1.585157e-02,3.669996e-03,9.381108e-04,5.228865e-01,3.957669e-02,6.527751e-03,6.318118e-02,6.641129e-02,1.473143e-01,2.493535e-02,3.497218e-03
1.113315e-01,5.146244e-03,5.166693e-03,4.066526e-02,1.279780e-02,6.167256e-03,1.651283e-03,3.763754e-01,3.611157e-02,5.799660e-03,6.442435e-02,1.177506e-01,1.896893e-01,1.935977e-02,7.563185e-03
1.419460e-01,5.426102e-03,6.503119e-03,4.171810e-02,1.672679e-02,8.603703e-03,1.697851e-03,2.676002e-01,3.118493e-02,6.349715e-03,7.627472e-02,1.170408e-01,2.571739e-01,1.490145e-02,6.852777e-03
1.580769e-01,5.814412e-03,5.527307e-03,4.796242e-02,3.086990e-02,7.861280e-03,2.059367e-03,1.908101e-01,3.859390e-02,7.441862e-03,1.006228e-01,1.132027e-01,2.657593e-01,1.819952e-02,7.198476e-03
1.413648e-01,6.413423e-03,4.708161e-03,7.435680e-02,3.185421e-02,7.372309e-03,2.215580e-03,1.393492e-01,8.557244e-02,8.355019e-03,9.925092e-02,9.545031e-02,2.716302e-01,2.043682e-02,1.166982e-02
1.750822e-01,6.547708e-03,6.651155e-03,8.811370e-02,4.466551e-02,7.483999e-03,2.640652e-03,1.098088e-01,7.761247e-02,8.862165e-03,1.089309e-01,8.093429e-02,2.500826e-01,2.151193e-02,1.107193e-02
2.149193e-01,6.306444e-03,1.063349e-02,7.870418e-02,4.736573e-02,8.187507e-03,2.820447e-03,8.203696e-02,6.781640e-02,1.247290e-02,1.276271e-01,7.093962e-02,2.386688e-01,2.005452e-02,1.144662e-02
2.165305e-01,6.997123e-03,1.105934e-02,5.665280e-02,9.187016e-02,1.021389e-02,4.763308e-03,6.231070e-02,5.568748e-02,9.969216e-03,1.055180e-01,8.820173e-02,2.517605e-01,1.744439e-02,1.102077e-02
1.795604e-01,6.398159e-03,8.570802e-03,4.100660e-02,9.275258e-02,1.495775e-02,4.459280e-03,4.510115e-02,5.446008e-02,7.621425e-03,7.947280e-02,1.606252e-01,2.800956e-01,1.360097e-02,1.131727e-02
1.452837e-01,1.388288e-02,6.838390e-03,3.297627e-02,7.528871e-02,1.979390e-02,6.183498e-03,4.205726e-02,1.116575e-01,7.541563e-03,6.377769e-02,1.491211e-01,2.557070e-01,1.686754e-02,5.302301e-02
1.077679e-01,1.533040e-02,5.291801e-03,2.478807e-02,5.748078e-02,1.725797e-02,6.913027e-03,3.493903e-02,1.393553e-01,6.825915e-03,5.406389e-02,2.046978e-01,2.643521e-01,1.620276e-02,4.473320e-02
7.972242e-02,1.290401e-02,5.313783e-03,1.780717e-02,4.408700e-02,1.339548e-02,1.004749e-02,9.306786e-02,1.102041e-01,6.306223e-03,5.295997e-02,1.931851e-01,2.929770e-01,1.428850e-02,5.373390e-02
9.102476e-02,1.105140e-02,2.118716e-02,3.229911e-02,3.593963e-02,1.077320e-02,8.049631e-03,2.359056e-01,8.753920e-02,5.377597e-03,4.546161e-02,1.397262e-01,2.238588e-01,1.068452e-02,4.112159e-02
9.190267e-02,8.621981e-03,3.330078e-02,1.029345e-01,3.001120e-02,9.133051e-03,6.239315e-03,3.124762e-01,6.663801e-02,4.460995e-03,3.486955e-02,1.007252e-01,1.613770e-01,7.595052e-03,2.971449e-02
1.653919e-01,9.663174e-03,3.681705e-02,1.058346e-01,2.689399e-02,1.960360e-02,5.704252e-03,3.224690e-01,5.278572e-02,3.791636e-03,2.620997e-02,7.701033e-02,1.162812e-01,5.612898e-03,2.593061e-02
2.233108e-01,8.541044e-03,3.513355e-02,1.140556e-01,2.406672e-02,2.585500e-02,4.908096e-03,3.331528e-01,4.023943e-02,2.928919e-03,1.953703e-02,5.846673e-02,8.581927e-02,4.112151e-03,1.987285e-02
2.229533e-01,9.119163e-03,3.716554e-02,1.093664e-01,2.581303e-02,2.351923e-02,5.459623e-03,3.930432e-01,3.132561e-02,2.289515e-03,1.437640e-02,4.181502e-02,6.604277e-02,3.030659e-03,1.468061e-02
2.337226e-01,9.919293e-03,3.494520e-02,8.645834e-02,2.697510e-02,2.879199e-02,5.665487e-03,4.235454e-01,2.433018e-02,1.731190e-03,1.088529e-02,2.984122e-02,6.968997e-02,2.242183e-03,1.125662e-02
2.042231e-01,9.843724e-03,3.236722e-02,6.386476e-02,3.700078e-02,2.382626e-02,6.231881e-03,5.046616e-01,2.049234e-02,1.323589e-03,8.178417e-03,2.115592e-02,5.563675e-02,1.696039e-03,9.497716e-03
1.527029e-01,7.377128e-03,2.488935e-02,4.534218e-02,2.864124e-02,2.134245e-02,6.501894e-03,6.259146e-01,1.463987e-02,1.033030e-03,5.937187e-03,1.494208e-02,4.235274e-02,1.314053e-03,7.069429e-03
1.192066e-01,5.427952e-03,1.826153e-02,3.224681e-02,2.267910e-02,2.295575e-02,7.242586e-03,7.063431e-01,1.038758e-02,8.101796e-04,4.358246e-03,1.059744e-02,3.325963e-02,9.983785e-04,5.225199e-03
1.088109e-01,4.384968e-03,1.350003e-02,2.367982e-02,2.050310e-02,3.850736e-02,6.841772e-03,7.170311e-01,7.677008e-03,7.190196e-04,4.002873e-03,8.186418e-03,4.108900e-02,7.708180e-04,4.295883e-03
8.402622e-02,3.206903e-03,9.807209e-03,1.783296e-02,1.559747e-02,2.844449e-02,4.998656e-03,7.859677e-01,5.660084e-03,5.901230e-04,3.699441e-03,6.546869e-03,2.979780e-02,5.828632e-04,3.241206e-03
7.316540e-02,3.037435e-03,7.923930e-03,1.572061e-02,1.305971e-02,2.395207e-02,4.021677e-03,7.817333e-01,5.263590e-03,1.201708e-03,1.616398e-02,9.377334e-03,3.814477e-02,6.808276e-04,6.553647e-03
7.592339e-02,3.223273e-03,6.169749e-03,1.378508e-02,1.302233e-02,4.168825e-02,4.796477e-03,6.365277e-01,1.022006e-02,1.648298e-03,1.957303e-02,7.411877e-03,1.550769e-01,6.662073e-04,1.026742e-02
7.406956e-02,3.143224e-03,5.554073e-03,1.400951e-02,1.294930e-02,5.907851e-02,6.896673e-03,5.288737e-01,1.309897e-02,2.085625e-03,1.647123e-02,5.981752e-03,2.440524e-01,5.936179e-04,1.314190e-02
6.485184e-02,3.036732e-03,4.528104e-03,1.079707e-02,1.119618e-02,4.516686e-02,6.029045e-03,4.453515e-01,1.141222e-02,1.651283e-03,1.393708e-02,5.352061e-03,3.621379e-01,4.593700e-04,1.409270e-02
4.991735e-02,5.620073e-03,3.510222e-03,8.937331e-03,9.249808e-03,3.559491e-02,4.541684e-03,3.269355e-01,1.840868e-02,1.364192e-03,1.277983e-02,4.864954e-03,5.050541e-01,3.680630e-04,1.285334e-02
3.821243e-02,6.075117e-03,2.635439e-03,7.239377e-03,7.592745e-03,2.729349e-02,3.431804e-03,2.356724e-01,2.257255e-02,1.126433e-03,1.029696e-02,4.331922e-03,6.222252e-01,2.844170e-04,1.100975e-02
2.893458e-02,5.289272e-03,1.901532e-03,5.335479e-03,5.650216e-03,2.011745e-02,2.589179e-03,1.658642e-01,2.428688e-02,8.692236e-04,8.034372e-03,3.802228e-03,7.169505e-01,2.259987e-04,1.014891e-02
2.205703e-02,4.656778e-03,1.553252e-03,4.136460e-03,5.255952e-03,1.666025e-02,2.993952e-03,1.166537e-01,2.662355e-02,7.100599e-04,6.327262e-03,3.624020e-03,7.791362e-01,2.000732e-04,9.411458e-03
1.720260e-02,4.969574e-03,2.297350e-03,5.764009e-03,6.850445e-03,1.559620e-02,3.208735e-03,8.379404e-02,3.504904e-02,7.553597e-04,5.230881e-03,3.774360e-03,8.026530e-01,2.918553e-04,1.256256e-02
1.643171e-02,1.620601e-02,3.098302e-03,6.914410e-03,8.088459e-03,1.367109e-02,2.447791e-03,6.194815e-02,1.266932e-01,9.110136e-04,4.799475e-03,3.964668e-03,7.186845e-01,6.665556e-04,1.547464e-02
1.937641e-02,1.450657e-02,1.397595e-02,1.408798e-02,1.110945e-02,1.178843e-02,2.228627e-03,5.848549e-02,1.177665e-01,1.028718e-03,4.160359e-03,3.823205e-03,7.103198e-01,7.441503e-04,1.659844e-02
1.937407e-02,1.359765e-02,1.223814e-02,1.432202e-02,1.598314e-02,9.112446e-03,1.828688e-03,4.348158e-02,1.396091e-01,9.456747e-04,3.399729e-03,3.294175e-03,7.055038e-01,6.580567e-04,1.665169e-02
1.706606e-02,1.405971e-02,1.005486e-02,1.292856e-02,1.664059e-02,8.035053e-03,1.555461e-03,4.470560e-02,2.109300e-01,8.788312e-04,3.092672e-03,2.867946e-03,6.317144e-01,5.617331e-04,2.490848e-02
2.055452e-02,8.773652e-02,9.108989e-03,1.332366e-02,2.137248e-02,1.326919e-02,1.495066e-03,3.475541e-02,2.943364e-01,2.029568e-03,2.493789e-03,2.186111e-03,4.648377e-01,5.305455e-04,3.196997e-02
1.879778e-02,6.549776e-02,4.506442e-02,1.081896e-01,1.982847e-02,1.286269e-02,1.983933e-03,5.991976e-02,2.843918e-01,4.238171e-03,2.987154e-03,1.833638e-03,3.371153e-01,6.615348e-04,3.662802e-02
3.559830e-02,5.767135e-02,4.352926e-02,1.064429e-01,4.124093e-02,2.294571e-02,4.998371e-03,7.461907e-02,3.171284e-01,3.461855e-03,3.018293e-03,2.017518e-03,2.468235e-01,7.211125e-04,3.978331e-02
6.778973e-02,5.056758e-02,3.668199e-02,8.876936e-02,9.135658e-02,8.405871e-02,7.454755e-03,6.076085e-02,2.675550e-01,3.075027e-03,3.578120e-03,1.855386e-03,1.902661e-01,8.016423e-04,4.542916e-02
1.204970e-01,6.104442e-02,3.092484e-02,7.878493e-02,8.873658e-02,1.072238e-01,6.839657e-03,5.072072e-02,2.033491e-01,3.864369e-03,3.849756e-03,2.369646e-03,1.599510e-01,1.467311e-03,8.037691e-02
9.519488e-02,7.737154e-02,6.192534e-02,2.197774e-01,6.938660e-02,7.812512e-02,5.136757e-03,3.896332e-02,1.501648e-01,3.254582e-03,3.464933e-03,2.394854e-03,1.124712e-01,1.155828e-03,8.121280e-02
9.908210e-02,5.662541e-02,4.840628e-02,1.896464e-01,6.226350e-02,5.773424e-02,3.919709e-03,2.161027e-01,1.075279e-01,2.468484e-03,1.547561e-02,2.017058e-03,7.963411e-02,1.093529e-03,5.800294e-02
8.690976e-02,4.066419e-02,3.802774e-02,1.600663e-01,6.715950e-02,4.294733e-02,3.278812e-03,3.680880e-01,7.689331e-02,1.776243e-03,1.418229e-02,1.603539e-03,5.626900e-02,9.016671e-04,4.123234e-02
6.344996e-02,2.852420e-02,2.673553e-02,1.123898e-01,5.082240e-02,3.033531e-02,2.337777e-03,5.495265e-01,5.391964e-02,1.258629e-03,1.047001e-02,1.158438e-03,3.950593e-02,6.375728e-04,2.892838e-02
4.541119e-02,1.998839e-02,1.877691e-02,7.875716e-02,3.727062e-02,2.140635e-02,1.681762e-03,6.813856e-01,3.775364e-02,8.949179e-04,7.448483e-03,8.222989e-04,2.768942e-02,4.486069e-04,2.026468e-02
3.331877e-02,1.402375e-02,1.318127e-02,5.527520e-02,2.642678e-02,1.700633e-02,1.204174e-03,7.666243e-01,2.659957e-02,6.686297e-04,8.087326e-03,1.248471e-03,2.171129e-02,4.024484e-04,1.422165e-02
2.703235e-02,1.036775e-02,9.280817e-03,3.911283e-02,1.875769e-02,1.252109e-02,8.596419e-04,5.880712e-01,1.949248e-02,1.906569e-03,1.324159e-01,4.446579e-02,8.266526e-02,2.426121e-03,1.062451e-02
2.949933e-02,7.526832e-03,6.512747e-03,2.772277e-02,1.325673e-02,9.135463e-03,6.348974e-04,4.559627e-01,1.419879e-02,2.112769e-03,1.527981e-01,1.729503e-01,9.545646e-02,4.723879e-03,7.508173e-03
2.092031e-02,5.313665e-03,4.573796e-03,1.958501e-02,9.365125e-03,6.683655e-03,4.711808e-04,3.272403e-01,1.034239e-02,2.126917e-03,1.141218e-01,3.343865e-01,1.355781e-01,3.984761e-03,5.306559e-03
1.521446e-02,3.773724e-03,3.294281e-03,1.396262e-02,6.738058e-03,5.211049e-03,6.437263e-04,2.379034e-01,8.148550e-03,2.160905e-03,8.391078e-02,5.073539e-01,1.041747e-01,3.763575e-03,3.746282e-03
1.074141e-02,2.745776e-03,2.361092e-03,9.840091e-03,5.031695e-03,4.461967e-03,6.474055e-04,1.672339e-01,6.801845e-03,1.686889e-03,6.676318e-02,6.419224e-01,7.439197e-02,2.725704e-03,2.644764e-03
7.538158e-03,1.964283e-03,1.664643e-03,6.905669e-03,4.332139e-03,3.405337e-03,4.685845e-04,1.172595e-01,5.804660e-03,1.298267e-03,5.007828e-02,7.427335e-01,5.273508e-02,1.957950e-03,1.853995e-03
5.318453e-03,2.129707e-03,1.289165e-03,4.859850e-03,4.861706e-03,2.690791e-03,3.479470e-04,8.261382e-02,6.188458e-03,1.734483e-03,4.549012e-02,8.019270e-01,3.758828e-02,1.650745e-03,1.309561e-03
3.858821e-03,1.943529e-03,1.530738e-03,3.466876e-03,4.145495e-03,2.810853e-03,2.626025e-04,5.808226e-02,5.849159e-03,2.212414e-03,5.134454e-02,8.354714e-01,2.679800e-02,1.295916e-03,9.274477e-04
2.786444e-03,2.577100e-03,1.439373e-03,2.465757e-03,3.162256e-03,3.404136e-03,1.910182e-04,4.071772e-02,4.377758e-03,1.769990e-03,6.171680e-02,8.549196e-01,1.885487e-02,9.628735e-04,6.543373e-04
1.983878e-03,2.258696e-03,1.128295e-03,1.756985e-03,2.391172e-03,2.530004e-03,1.384125e-04,2.855965e-02,3.481456e-03,1.372422e-03,1.007198e-01,8.392285e-01,1.326259e-02,7.256624e-04,4.626057e-04
1.471718e-03,1.846221e-03,8.710544e-04,1.261686e-03,1.940964e-03,2.002470e-03,1.062851e-04,2.001165e-02,3.281109e-03,1.104338e-03,9.784089e-02,8.577802e-01,9.361409e-03,7.812651e-04,3.388011e-04
1.520032e-03,1.529586e-03,8.296974e-04,9.460398e-04,1.800452e-03,1.664452e-03,9.150210e-05,1.404162e-02,3.006031e-03,9.556818e-04,8.471863e-02,8.811640e-01,6.610730e-03,8.398336e-04,2.817583e-04
1.247384e-03,1.265025e-03,7.427951e-04,6.798751e-04,1.522435e-03,1.464974e-03,6.998179e-05,9.837641e-03,2.311604e-03,8.081652e-04,8.425004e-02,8.895158e-01,4.714855e-03,1.330350e-03,2.391327e-04
9.878055e-04,1.139060e-03,6.907687e-04,4.857865e-04,1.526399e-03,1.369488e-03,5.464915e-05,6.893473e-03,1.994696e-03,6.420853e-04,8.588769e-02,8.933787e-01,3.398680e-03,1.361323e-03,1.892994e-04
7.594324e-04,2.318102e-03,1.394203e-03,4.118842e-04,3.285659e-03,1.246052e-03,4.543173e-05,4.906950e-03,2.087959e-03,6.320384e-04,1.417180e-01,8.373015e-01,2.412282e-03,1.242576e-03,2.379024e-04
5.999318e-04,2.138117e-03,1.533028e-03,3.190803e-04,6.457741e-03,1.072702e-03,4.581872e-05,3.497636e-03,2.696829e-03,8.220735e-04,1.614501e-01,8.159420e-01,1.738423e-03,1.480758e-03,2.057231e-04
4.555645e-04,1.829560e-03,1.523782e-03,2.674317e-04,1.408824e-02,1.032294e-03,5.228122e-05,2.593228e-03,3.622293e-03,8.258350e-04,1.411473e-01,8.295552e-01,1.279642e-03,1.525644e-03,2.017834e-04
5.639938e-04,1.759321e-03,5.112466e-03,7.262004e-04,4.143570e-02,1.370645e-03,3.125521e-04,5.045964e-03,3.110148e-03,8.094832e-04,1.225980e-01,8.140318e-01,1.043817e-03,1.868630e-03,2.112281e-04
6.157257e-04,1.511654e-03,5.475279e-03,1.222312e-03,5.255103e-02,1.289687e-03,3.540571e-04,1.073766e-02,2.868451e-03,6.856824e-04,9.366275e-02,8.261785e-01,7.888529e-04,1.867434e-03,1.909165e-04
9.474778e-04,2.213457e-03,5.747964e-03,2.615686e-03,6.857754e-02,1.268192e-03,3.586607e-04,2.798107e-02,7.299149e-03,6.041624e-04,7.821046e-02,8.016897e-01,6.103271e-04,1.636961e-03,2.390681e-04
1.233606e-03,2.137622e-03,8.657361e-03,3.712897e-03,5.573032e-02,1.228998e-03,3.494278e-04,1.383726e-01,8.629502e-03,5.718771e-04,6.325822e-02,7.140163e-01,6.187294e-04,1.260004e-03,2.225327e-04
1.273900e-03,1.556442e-03,7.444419e-03,3.169041e-03,4.109140e-02,9.792114e-04,2.600462e-04,3.103485e-01,7.014151e-03,4.855630e-04,4.694227e-02,5.770581e-01,1.259942e-03,9.477804e-04,1.692359e-04
1.068881e-03,1.110562e-03,5.839440e-03,2.457267e-03,2.917850e-02,7.771148e-04,1.900333e-04,5.046208e-01,4.965403e-03,4.016742e-04,3.338114e-02,4.142314e-01,9.759552e-04,6.695188e-04,1.322571e-04
1.100082e-03,8.060939e-04,4.481531e-03,1.959231e-03,2.149021e-02,7.504937e-04,1.422210e-04,6.440864e-01,3.549142e-03,3.475119e-04,2.376427e-02,2.961673e-01,7.741723e-04,4.774517e-04,1.039213e-04
1.483667e-03,6.038183e-04,3.499970e-03,1.626024e-03,1.712368e-02,1.584393e-03,1.129275e-04,7.446131e-01,2.533414e-03,3.003296e-04,1.689391e-02,2.084813e-01,7.179865e-04,3.461374e-04,7.933311e-05
2.076743e-03,4.547484e-04,2.938173e-03,1.341940e-03,1.400833e-02,2.258535e-03,9.430626e-05,8.147733e-01,1.812508e-03,2.634597e-04,1.199432e-02,1.464323e-01,1.208657e-03,2.773797e-04,6.529354e-05
3.208623e-03,3.885176e-04,2.531066e-03,1.134852e-03,1.308721e-02,2.275116e-03,8.634152e-05,8.629898e-01,1.310097e-03,2.203301e-04,8.578194e-03,1.026333e-01,1.257677e-03,2.366709e-04,6.220207e-05
5.472722e-03,4.038728e-04,2.266151e-03,1.065989e-03,1.215899e-02,2.061771e-03,1.124625e-04,8.959100e-01,1.035820e-03,1.681010e-04,6.140604e-03,7.185809e-02,1.035471e-03,2.439449e-04,6.600134e-05
8.101277e-03,3.855765e-04,2.123694e-03,1.313999e-03,1.232712e-02,1.662280e-03,1.494332e-04,9.172071e-01,8.145272e-04,1.243305e-04,4.394387e-03,5.031869e-02,8.006976e-04,2.183313e-04,5.863008e-05
1.081526e-02,3.513109e-04,1.827492e-03,1.663549e-03,1.096899e-02,1.261778e-03,1.467603e-04,9.327950e-01,7.450827e-04,9.760470e-05,3.158243e-03,3.527357e-02,6.364851e-04,2.099484e-04,4.896638e-05
1.325527e-02,3.302318e-04,1.824658e-03,2.718323e-03,9.215203e-03,9.413506e-04,1.483278e-04,9.430532e-01,6.782248e-04,7.838014e-05,2.281762e-03,2.473763e-02,5.038481e-04,1.911862e-04,4.245252e-05
1.780171e-02,3.931294e-04,1.938856e-03,4.498315e-03,9.849614e-03,7.186443e-04,1.759786e-04,9.440806e-01,7.574375e-04,6.597923e-05,1.695188e-03,1.738434e-02,4.219074e-04,1.741606e-04,4.422263e-05
3.880306e-02,3.828416e-04,1.939226e-03,7.272496e-03,8.848727e-03,5.613407e-04,1.691742e-04,9.252466e-01,2.307269e-03,7.818386e-05,1.325644e-03,1.246645e-02,3.539033e-04,1.696604e-04,7.542929e-05
9.311950e-02,5.411914e-04,1.940619e-03,1.098049e-02,1.038638e-02,5.155214e-04,1.628911e-04,8.607178e-01,8.693162e-03,1.702244e-04,1.664062e-03,1.025773e-02,4.969212e-04,2.204233e-04,1.331254e-04
1.093679e-01,7.133468e-04,1.756181e-03,8.514172e-02,1.050844e-02,7.834841e-04,1.500253e-04,7.449624e-01,2.048010e-02,3.304743e-04,5.676500e-03,1.748225e-02,1.766969e-03,5.388892e-04,3.413731e-04
8.823679e-02,1.077427e-03,1.550598e-03,6.374696e-02,1.240134e-02,7.305809e-04,1.570730e-04,6.207471e-01,1.877807e-01,4.730627e-04,7.029369e-03,1.287872e-02,1.513978e-03,1.019141e-03,6.572071e-04
6.438168e-02,8.086088e-04,1.167322e-03,4.793881e-02,9.852999e-03,5.497052e-04,1.254223e-04,4.461052e-01,4.065560e-01,4.143672e-04,9.654995e-03,9.272017e-03,1.289364e-03,1.006888e-03,8.766370e-04
4.810009e-02,5.824282e-04,8.428479e-04,3.427231e-02,8.881181e-03,4.294509e-04,1.052788e-04,3.158641e-01,5.529445e-01,3.517629e-04,2.575111e-02,7.255940e-03,1.877651e-03,1.804593e-03,9.368148e-04
3.612322e-02,4.239905e-04,6.375224e-04,2.430324e-02,7.522532e-03,3.643647e-04,8.958022e-05,2.266005e-01,6.708534e-01,2.749400e-04,2.308808e-02,5.305669e-03,1.686295e-03,1.905479e-03,8.212144e-04
2.625268e-02,3.376136e-04,4.619790e-04,1.704379e-02,5.559071e-03,3.135158e-04,6.847912e-05,1.590000e-01,7.647142e-01,2.354289e-04,1.758357e-02,3.804722e-03,1.546817e-03,2.134432e-03,9.436965e-04
1.860602e-02,2.943326e-04,3.296893e-04,1.208668e-02,3.935552e-03,2.926162e-04,5.106246e-05,1.113658e-01,8.334497e-01,2.163945e-04,1.251919e-02,2.728707e-03,1.746586e-03,1.557893e-03,8.197385e-04
1.747286e-02,3.012559e-04,2.866242e-04,8.596545e-03,3.200515e-03,7.260995e-04,7.359813e-05,7.820000e-02,8.686622e-01,3.172260e-04,1.147127e-02,2.056226e-03,3.559716e-03,2.214249e-03,2.861612e-03
2.824483e-02,4.284573e-04,7.516523e-04,8.219514e-03,3.122272e-03,1.949340e-03,1.273329e-04,5.529086e-02,8.593020e-01,4.681759e-04,2.104724e-02,4.863426e-03,7.154381e-03,3.326544e-03,5.703887e-03
1.136626e-01,1.061329e-03,2.091257e-03,7.938635e-03,4.115988e-03,9.552856e-03,4.623716e-04,3.998943e-02,7.329259e-01,1.584299e-03,2.506940e-02,6.084830e-03,1.107441e-02,1.082342e-02,3.356323e-02
1.115541e-01,1.803025e-03,7.256644e-03,5.888960e-03,3.872035e-03,7.689984e-03,5.891155e-04,2.867051e-02,6.043164e-01,9.863689e-02,2.125239e-02,4.506718e-03,9.382783e-03,4.627543e-02,4.830500e-02
1.070865e-01,3.055481e-03,8.270930e-03,5.031601e-03,3.285595e-03,7.168386e-03,4.835379e-04,2.059308e-02,4.513911e-01,2.544961e-01,2.869792e-02,5.670661e-03,1.886768e-02,3.911256e-02,4.678887e-02
1.163993e-01,4.253021e-03,6.716561e-03,4.754064e-03,4.195874e-03,5.839871e-03,5.504282e-04,1.499159e-02,3.410832e-01,3.105872e-01,4.564663e-02,9.268957e-03,4.065974e-02,3.165479e-02,6.339870e-02
1.099743e-01,6.481335e-03,6.551688e-03,5.575417e-03,6.431450e-03,5.332956e-03,7.719815e-04,1.344564e-02,2.706744e-01,3.690622e-01,6.721348e-02,9.223446e-03,4.266770e-02,2.619948e-02,6.039447e-02
1.041225e-01,2.343628e-02,7.076432e-03,7.392870e-03,8.180463e-03,4.993060e-03,1.231043e-03,1.848022e-02,2.345810e-01,3.614056e-01,7.140262e-02,9.192587e-03,4.218245e-02,2.734163e-02,7.898126e-02
8.452810e-02,2.396219e-02,3.322903e-02,5.986463e-02,4.988573e-02,8.938110e-03,1.711135e-02,4.200302e-02,2.139626e-01,2.623037e-01,7.462134e-02,7.341321e-03,3.565438e-02,2.111503e-02,6.547952e-02
1.087808e-01,2.424436e-02,2.883115e-02,5.907960e-02,4.849394e-02,1.004300e-02,1.325863e-02,3.111042e-02,2.295285e-01,1.849547e-01,1.357984e-01,8.330036e-03,3.729408e-02,2.908009e-02,5.117231e-02
9.936383e-02,2.149083e-02,2.402557e-02,5.526781e-02,5.515424e-02,1.105665e-02,1.310000e-02,2.453839e-02,2.273069e-01,1.307446e-01,1.896355e-01,1.076953e-02,4.583349e-02,5.092204e-02,4.079048e-02
7.363849e-02,1.684082e-02,1.893656e-02,4.121384e-02,4.084574e-02,8.234601e-03,9.395505e-03,1.816383e-02,2.045789e-01,9.213280e-02,2.887624e-01,1.639723e-02,8.958679e-02,4.926082e-02,3.201163e-02
5.649582e-02,1.461076e-02,2.031042e-02,3.554707e-02,3.020974e-02,7.113016e-03,6.711839e-03,1.351412e-02,1.957391e-01,6.616731e-02,3.493478e-01,1.918678e-02,7.442596e-02,7.951405e-02,3.110621e-02
4.687449e-02,1.391915e-02,2.081853e-02,3.070137e-02,2.567220e-02,6.747267e-03,5.309447e-03,1.049752e-02,2.179069e-01,5.207451e-02,3.418351e-01,2.566160e-02,5.891768e-02,1.020251e-01,4.103901e-02
3.727097e-02,1.384674e-02,2.943118e-02,3.074008e-02,4.768972e-02,6.104687e-03,6.149243e-03,1.097143e-02,2.212022e-01,5.455101e-02,2.963728e-01,2.575381e-02,4.899780e-02,1.250315e-01,4.588687e-02
2.965501e-02,1.394029e-02,3.190570e-02,2.509823e-02,1.086713e-01,6.363477e-03,1.015627e-02,1.211863e-02,2.644082e-01,4.383358e-02,2.335567e-01,1.987744e-02,3.652590e-02,1.256766e-01,3.821247e-02
2.122740e-02,1.689948e-02,2.591061e-02,2.067585e-02,1.007535e-01,5.225838e-03,7.455408e-03,9.300794e-03,4.407333e-01,3.120010e-02,1.651708e-01,1.417631e-02,2.586085e-02,8.843308e-02,2.697665e-02
1.532604e-02,2.903471e-02,2.105659e-02,1.883322e-02,7.604770e-02,6.475757e-03,5.347925e-03,6.722968e-03,5.696906e-01,2.271419e-02,1.184895e-01,1.013613e-02,1.851510e-02,6.218060e-02,1.942891e-02
2.439478e-02,3.417202e-02,3.357822e-02,2.054709e-02,7.199641e-02,2.301779e-02,3.889007e-03,5.234091e-03,5.755178e-01,2.227516e-02,9.790944e-02,7.964131e-03,1.530011e-02,4.417266e-02,2.003132e-02
2.319070e-02,4.044887e-02,1.092894e-01,6.125505e-02,7.861860e-02,1.898537e-02,3.866734e-03,5.241708e-03,4.866817e-01,2.450773e-02,7.046963e-02,5.799896e-03,1.110357e-02,3.127072e-02,2.927028e-02
3.841231e-02,6.146490e-02,1.487796e-01,6.459802e-02,9.257361e-02,2.017695e-02,7.056812e-03,5.201802e-03,4.269291e-01,2.023946e-02,5.105444e-02,4.368459e-03,8.164189e-03,2.233237e-02,2.864787e-02
3.272165e-02,5.276414e-02,2.686651e-01,1.289870e-01,6.999242e-02,1.524832e-02,5.219257e-03,4.524756e-03,3.106036e-01,1.717395e-02,3.758791e-02,3.572542e-03,6.290033e-03,1.589874e-02,3.075051e-02
9.837747e-02,6.728074e-02,2.156835e-01,1.453497e-01,5.630349e-02,1.541959e-02,4.113530e-03,6.452398e-03,2.837427e-01,1.888385e-02,3.366168e-02,6.302539e-03,6.745943e-03,1.159861e-02,3.008428e-02
1.323081e-01,7.689700e-02,1.700086e-01,1.346908e-01,5.570685e-02,1.741148e-02,4.292826e-03,7.774349e-02,2.358803e-01,1.421202e-02,3.199789e-02,9.164609e-03,7.358512e-03,8.625846e-03,2.370169e-02
1.255738e-01,6.384644e-02,1.349496e-01,1.471051e-01,4.785257e-02,1.817294e-02,5.930161e-03,1.657760e-01,2.064007e-01,1.155772e-02,3.365169e-02,8.442294e-03,6.089817e-03,6.272115e-03,1.837899e-02
1.301166e-01,5.620200e-02,1.089128e-01,1.248886e-01,4.512216e-02,1.986501e-02,7.786211e-03,2.483513e-01,1.871370e-01,9.970604e-03,2.918581e-02,7.699528e-03,5.229350e-03,4.770911e-03,1.476211e-02
1.837075e-01,6.648421e-02,1.068317e-01,9.627360e-02,3.976152e-02,2.535188e-02,1.045905e-02,2.547854e-01,1.511611e-01,8.592673e-03,2.571570e-02,8.867076e-03,5.039600e-03,4.081562e-03,1.288743e-02
2.170562e-01,7.038051e-02,8.366581e-02,7.128246e-02,3.305167e-02,2.170289e-02,1.028228e-02,3.182951e-01,1.180806e-01,8.610444e-03,2.022006e-02,8.324482e-03,4.592356e-03,3.340233e-03,1.111497e-02
2.287594e-01,5.606314e-02,6.197882e-02,5.147302e-02,2.688399e-02,1.785033e-02,8.392567e-03,4.124488e-01,9.080342e-02,6.535669e-03,1.524792e-02,7.106183e-03,3.878746e-03,2.668322e-03,9.909661e-03
2.702570e-01,4.305847e-02,4.695864e-02,3.916346e-02,2.111394e-02,1.594856e-02,6.591152e-03,4.441558e-01,6.818134e-02,5.244947e-03,1.259882e-02,7.816372e-03,3.741256e-03,2.789502e-03,1.238073e-02
2.997172e-01,3.436564e-02,3.561291e-02,3.041751e-02,1.660182e-02,1.481716e-02,5.424853e-03,4.661731e-01,5.207898e-02,4.615278e-03,1.036822e-02,9.725893e-03,3.664059e-03,2.743079e-03,1.367433e-02
3.398687e-01,2.487184e-02,2.663484e-02,2.356268e-02,1.254224e-02,1.379648e-02,4.345045e-03,4.748761e-01,3.857934e-02,3.608388e-03,8.756442e-03,9.866020e-03,3.315208e-03,2.665052e-03,1.271161e-02
3.620890e-01,1.829911e-02,2.070489e-02,1.926909e-02,1.007978e-02,1.377839e-02,3.715588e-03,4.792715e-01,2.892652e-02,3.283199e-03,8.167851e-03,1.048466e-02,3.265057e-03,3.113795e-03,1.555155e-02
3.443465e-01,1.354854e-02,1.584251e-02,1.572899e-02,8.335139e-03,1.172884e-02,3.041372e-03,5.238817e-01,2.262949e-02,2.638318e-03,8.033013e-03,1.075734e-02,3.019054e-03,2.919482e-03,1.354970e-02
3.275117e-01,1.114289e-02,1.269557e-02,1.519320e-02,7.555543e-03,1.174195e-02,2.558003e-03,5.477399e-01,1.714578e-02,2.206054e-03,9.143074e-03,1.386336e-02,3.701368e-03,3.260195e-03,1.454147e-02
3.370347e-01,9.707056e-03,1.089032e-02,1.633120e-02,7.038076e-03,1.273847e-02,2.366132e-03,5.352030e-01,1.375630e-02,1.935943e-03,9.793611e-03,1.802450e-02,4.887685e-03,3.777976e-03,1.651502e-02
3.160112e-01,7.849425e-03,9.050895e-03,1.568316e-02,6.420295e-03,1.249555e-02,1.921245e-03,5.449456e-01,2.315152e-02,2.251582e-03,9.783439e-03,1.715476e-02,5.597389e-03,4.126126e-03,2.355782e-02
3.071307e-01,6.032616e-03,7.432137e-03,1.249732e-02,5.680440e-03,1.144867e-02,1.614126e-03,5.638671e-01,2.459355e-02,2.103044e-03,8.395732e-03,1.472244e-02,5.427675e-03,3.977982e-03,2.507645e-02
3.291140e-01,6.195548e-03,1.081050e-02,2.672681e-02,6.037875e-03,1.454979e-02,1.953409e-03,4.840600e-01,4.802983e-02,2.194145e-03,8.960569e-03,2.004895e-02,8.036282e-03,5.370419e-03,2.791192e-02
3.643152e-01,6.323737e-03,4.978260e-02,3.856534e-02,4.927027e-03,2.023837e-02,2.236749e-03,3.694733e-01,6.187517e-02,2.551340e-03,1.035130e-02,2.595579e-02,1.049463e-02,5.438701e-03,2.747064e-02
3.816016e-01,5.616275e-03,1.293320e-01,4.021078e-02,4.433026e-03,2.312050e-02,2.243091e-03,2.857130e-01,4.829885e-02,2.436171e-03,1.003996e-02,2.930852e-02,1.088556e-02,4.983813e-03,2.177676e-02
4.764411e-01,5.620411e-03,1.236297e-01,3.315368e-02,5.086383e-03,2.236060e-02,2.390891e-03,2.157431e-01,3.889116e-02,2.635165e-03,9.808013e-03,2.485262e-02,9.982130e-03,7.646364e-03,2.175870e-02
1.000000e+00,0.000000e+00,0.000000e+00,0.000000e+00,0.000000e+00,0.000000e+00,0.000000e+00,0.000000e+00,0.000000e+00,0.000000e+00,0.000000e+00,0.000000e+00,0.000000e+00,0.000000e+00,0.000000e+00
1.000000e+00,0.000000e+00,0.000000e+00,0.000000e+00,0.000000e+00,0.000000e+00,0.000000e+00,0.000000e+00,0.000000e+00,0.000000e+00,0.000000e+00,0.000000e+00,0.000000e+00,0.000000e+00,0.000000e+00
1.000000e+00,0.000000e+00,0.000000e+00,0.000000e+00,0.000000e+00,0.000000e+00,0.000000e+00,0.000000e+00,0.000000e+00,0.000000e+00,0.000000e+00,0.000000e+00,0.000000e+00,0.000000e+00,0.000000e+00
1.000000e+00,0.000000e+00,0.000000e+00,0.000000e+00,0.000000e+00,0.000000e+00,0.000000e+00,0.000000e+00,0.000000e+00,0.000000e+00,0.000000e+00,0.000000e+00,0.000000e+00,0.000000e+00,0.000000e+00
4.538472e-01,3.562920e-03,6.402534e-02,1.138005e-02,4.053069e-03,1.431443e-02,1.788410e-03,4.141834e-02,1.358907e-01,1.837225e-02,1.740842e-02,8.304046e-03,6.437783e-03,2.052421e-01,1.395489e-02
3.852369e-01,3.087627e-03,4.750754e-02,8.453568e-03,4.319949e-03,1.279726e-02,1.461570e-03,2.943794e-02,2.098236e-01,2.976110e-02,1.532179e-02,6.144523e-03,4.789048e-03,2.293247e-01,1.253286e-02
2.783537e-01,4.816565e-03,3.542927e-02,6.767151e-03,3.494706e-03,2.330522e-02,1.183322e-03,2.104046e-02,3.234899e-01,3.904984e-02,2.424421e-02,5.588580e-03,3.783304e-03,2.181649e-01,1.128890e-02
2.412735e-01,6.096279e-03,2.687307e-02,5.762489e-03,4.373164e-03,6.937315e-02,1.376770e-03,1.493012e-02,3.112327e-01,9.493063e-02,2.674967e-02,9.055406e-03,5.870450e-03,1.656079e-01,1.649466e-02
2.809296e-01,6.472197e-03,1.967985e-02,5.054769e-03,6.695831e-03,1.093734e-01,1.509437e-03,1.136929e-02,2.775914e-01,9.331597e-02,2.624389e-02,1.042166e-02,1.045348e-02,1.227579e-01,1.813133e-02
2.869768e-01,9.067720e-03,1.701766e-02,4.531289e-03,8.912314e-03,1.055954e-01,2.697010e-03,9.411511e-03,3.207916e-01,8.204718e-02,2.107272e-02,1.079107e-02,1.004171e-02,9.404714e-02,1.699897e-02
2.899049e-01,1.294317e-02,1.739671e-02,4.835908e-03,1.000800e-02,1.067723e-01,2.802321e-03,8.902288e-03,3.459502e-01,7.001347e-02,1.634751e-02,1.125081e-02,8.647275e-03,7.657175e-02,1.765345e-02
3.072728e-01,1.288439e-02,1.600970e-02,5.791270e-03,1.041448e-02,2.090813e-01,3.079874e-03,7.666841e-03,2.593981e-01,5.079988e-02,1.302073e-02,1.520716e-02,8.230687e-03,6.243975e-02,1.870306e-02
3.879222e-01,1.122712e-02,1.306045e-02,7.261773e-03,8.563141e-03,2.240969e-01,2.677964e-03,6.092616e-03,1.900628e-01,3.605100e-02,1.116662e-02,2.221515e-02,9.470981e-03,4.767266e-02,2.245868e-02
4.653382e-01,1.071229e-02,1.023443e-02,9.083264e-03,7.994512e-03,2.117634e-01,2.417633e-03,4.837959e-03,1.435636e-01,2.599093e-02,9.526085e-03,2.333008e-02,9.688722e-03,3.890362e-02,2.661532e-02
4.893483e-01,1.127264e-02,1.024146e-02,1.844798e-02,7.377909e-03,2.111948e-01,3.207142e-03,4.054506e-03,1.063639e-01,1.982192e-02,1.248738e-02,3.797751e-02,9.500857e-03,2.868637e-02,3.001744e-02
3.604242e-01,8.471884e-03,7.685346e-03,1.427573e-02,5.424569e-03,3.812797e-01,2.405456e-03,2.904605e-03,7.482730e-02,1.446657e-02,2.260033e-02,5.399654e-02,7.548126e-03,2.047752e-02,2.321210e-02
