1.000000e+00,0.000000e+00,0.000000e+00,0.000000e+00,0.000000e+00,0.000000e+00,0.000000e+00,0.000000e+00,0.000000e+00,0.000000e+00,0.000000e+00,0.000000e+00,0.000000e+00,0.000000e+00,0.000000e+00
1.000000e+00,0.000000e+00,0.000000e+00,0.000000e+00,0.000000e+00,0.000000e+00,0.000000e+00,0.000000e+00,0.000000e+00,0.000000e+00,0.000000e+00,0.000000e+00,0.000000e+00,0.000000e+00,0.000000e+00
1.000000e+00,0.000000e+00,0.000000e+00,0.000000e+00,0.000000e+00,0.000000e+00,0.000000e+00,0.000000e+00,0.000000e+00,0.000000e+00,0.000000e+00,0.000000e+00,0.000000e+00,0.000000e+00,0.000000e+00
1.000000e+00,0.000000e+00,0.000000e+00,0.000000e+00,0.000000e+00,0.000000e+00,0.000000e+00,0.000000e+00,0.000000e+00,0.000000e+00,0.000000e+00,0.000000e+00,0.000000e+00,0.000000e+00,0.000000e+00
1.000000e+00,0.000000e+00,0.000000e+00,0.000000e+00,0.000000e+00,0.000000e+00,0.000000e+00,0.000000e+00,0.000000e+00,0.000000e+00,0.000000e+00,0.000000e+00,0.000000e+00,0.000000e+00,0.000000e+00
1.000000e+00,0.000000e+00,0.000000e+00,0.000000e+00,0.000000e+00,0.000000e+00,0.000000e+00,0.000000e+00,0.000000e+00,0.000000e+00,0.000000e+00,0.000000e+00,0.000000e+00,0.000000e+00,0.000000e+00
1.000000e+00,0.000000e+00,0.000000e+00,0.000000e+00,0.000000e+00,0.000000e+00,0.000000e+00,0.000000e+00,0.000000e+00,0.000000e+00,0.000000e+00,0.000000e+00,0.000000e+00,0.000000e+00,0.000000e+00
1.000000e+00,0.000000e+00,0.000000e+00,0.000000e+00,0.000000e+00,0.000000e+00,0.000000e+00,0.000000e+00,0.000000e+00,0.000000e+00,0.000000e+00,0.000000e+00,0.000000e+00,0.000000e+00,0.000000e+00
1.000000e+00,0.000000e+00,0.000000e+00,0.000000e+00,0.000000e+00,0.000000e+00,0.000000e+00,0.000000e+00,0.000000e+00,0.000000e+00,0.000000e+00,0.000000e+00,0.000000e+00,0.000000e+00,0.000000e+00
1.000000e+00,0.000000e+00,0.000000e+00,0.000000e+00,0.000000e+00,0.000000e+00,0.000000e+00,0.000000e+00,0.000000e+00,0.000000e+00,0.000000e+00,0.000000e+00,0.000000e+00,0.000000e+00,0.000000e+00
1.000000e+00,0.000000e+00,0.000000e+00,0.000000e+00,0.000000e+00,0.000000e+00,0.000000e+00,0.000000e+00,0.000000e+00,0.000000e+00,0.000000e+00,0.000000e+00,0.000000e+00,0.000000e+00,0.000000e+00
1.000000e+00,0.000000e+00,0.000000e+00,0.000000e+00,0.000000e+00,0.000000e+00,0.000000e+00,0.000000e+00,0.000000e+00,0.000000e+00,0.000000e+00,0.000000e+00,0.000000e+00,0.000000e+00,0.000000e+00
1.000000e+00,0.000000e+00,0.000000e+00,0.000000e+00,0.000000e+00,0.000000e+00,0.000000e+00,0.000000e+00,0.000000e+00,0.000000e+00,0.000000e+00,0.000000e+00,0.000000e+00,0.000000e+00,0.000000e+00
1.000000e+00,0.000000e+00,0.000000e+00,0.000000e+00,0.000000e+00,0.000000e+00,0.000000e+00,0.000000e+00,0.000000e+00,0.000000e+00,0.000000e+00,0.000000e+00,0.000000e+00,0.000000e+00,0.000000e+00
1.000000e+00,0.000000e+00,0.000000e+00,0.000000e+00,0.000000e+00,0.000000e+00,0.000000e+00,0.000000e+00,0.000000e+00,0.000000e+00,0.000000e+00,0.000000e+00,0.000000e+00,0.000000e+00,0.000000e+00
1.000000e+00,0.000000e+00,0.000000e+00,0.000000e+00,0.000000e+00,0.000000e+00,0.000000e+00,0.000000e+00,0.000000e+00,0.000000e+00,0.000000e+00,0.000000e+00,0.000000e+00,0.000000e+00,0.000000e+00
1.000000e+00,0.000000e+00,0.000000e+00,0.000000e+00,0.000000e+00,0.000000e+00,0.000000e+00,0.000000e+00,0.000000e+00,0.000000e+00,0.000000e+00,0.000000e+00,0.000000e+00,0.000000e+00,0.000000e+00
1.000000e+00,0.000000e+00,0.000000e+00,0.000000e+00,0.000000e+00,0.000000e+00,0.000000e+00,0.000000e+00,0.000000e+00,0.000000e+00,0.000000e+00,0.000000e+00,0.000000e+00,0.000000e+00,0.000000e+00
1.000000e+00,0.000000e+00,0.000000e+00,0.000000e+00,0.000000e+00,0.000000e+00,0.000000e+00,0.000000e+00,0.000000e+00,0.000000e+00,0.000000e+00,0.000000e+00,0.000000e+00,0.000000e+00,0.000000e+00
1.000000e+00,0.000000e+00,0.000000e+00,0.000000e+00,0.000000e+00,0.000000e+00,0.000000e+00,0.000000e+00,0.000000e+00,0.000000e+00,0.000000e+00,0.000000e+00,0.000000e+00,0.000000e+00,0.000000e+00
1.000000e+00,0.000000e+00,0.000000e+00,0.000000e+00,0.000000e+00,0.000000e+00,0.000000e+00,0.000000e+00,0.000000e+00,0.000000e+00,0.000000e+00,0.000000e+00,0.000000e+00,0.000000e+00,0.000000e+00
1.000000e+00,0.000000e+00,0.000000e+00,0.000000e+00,0.000000e+00,0.000000e+00,0.000000e+00,0.000000e+00,0.000000e+00,0.000000e+00,0.000000e+00,0.000000e+00,0.000000e+00,0.000000e+00,0.000000e+00
1.000000e+00,0.000000e+00,0.000000e+00,0.000000e+00,0.000000e+00,0.000000e+00,0.000000e+00,0.000000e+00,0.000000e+00,0.000000e+00,0.000000e+00,0.000000e+00,0.000000e+00,0.000000e+00,0.000000e+00
1.000000e+00,0.000000e+00,0.000000e+00,0.000000e+00,0.000000e+00,0.000000e+00,0.000000e+00,0.000000e+00,0.000000e+00,0.000000e+00,0.000000e+00,0.000000e+00,0.000000e+00,0.000000e+00,0.000000e+00
1.000000e+00,0.000000e+00,0.000000e+00,0.000000e+00,0.000000e+00,0.000000e+00,0.000000e+00,0.000000e+00,0.000000e+00,0.000000e+00,0.000000e+00,0.000000e+00,0.000000e+00,0.000000e+00,0.000000e+00
1.000000e+00,0.000000e+00,0.000000e+00,0.000000e+00,0.000000e+00,0.000000e+00,0.000000e+00,0.000000e+00,0.000000e+00,0.000000e+00,0.000000e+00,0.000000e+00,0.000000e+00,0.000000e+00,0.000000e+00
1.000000e+00,0.000000e+00,0.000000e+00,0.000000e+00,0.000000e+00,0.000000e+00,0.000000e+00,0.000000e+00,0.000000e+00,0.000000e+00,0.000000e+00,0.000000e+00,0.000000e+00,0.000000e+00,0.000000e+00
1.000000e+00,0.000000e+00,0.000000e+00,0.000000e+00,0.000000e+00,0.000000e+00,0.000000e+00,0.000000e+00,0.000000e+00,0.000000e+00,0.000000e+00,0.000000e+00,0.000000e+00,0.000000e+00,0.000000e+00
1.000000e+00,0.000000e+00,0.000000e+00,0.000000e+00,0.000000e+00,0.000000e+00,0.000000e+00,0.000000e+00,0.000000e+00,0.000000e+00,0.000000e+00,0.000000e+00,0.000000e+00,0.000000e+00,0.000000e+00
1.000000e+00,0.000000e+00,0.000000e+00,0.000000e+00,0.000000e+00,0.000000e+00,0.000000e+00,0.000000e+00,0.000000e+00,0.000000e+00,0.000000e+00,0.000000e+00,0.000000e+00,0.000000e+00,0.000000e+00
1.000000e+00,0.000000e+00,0.000000e+00,0.000000e+00,0.000000e+00,0.000000e+00,0.000000e+00,0.000000e+00,0.000000e+00,0.000000e+00,0.000000e+00,0.000000e+00,0.000000e+00,0.000000e+00,0.000000e+00
1.000000e+00,0.000000e+00,0.000000e+00,0.000000e+00,0.000000e+00,0.000000e+00,0.000000e+00,0.000000e+00,0.000000e+00,0.000000e+00,0.000000e+00,0.000000e+00,0.000000e+00,0.000000e+00,0.000000e+00
1.000000e+00,0.000000e+00,0.000000e+00,0.000000e+00,0.000000e+00,0.000000e+00,0.000000e+00,0.000000e+00,0.000000e+00,0.000000e+00,0.000000e+00,0.000000e+00,0.000000e+00,0.000000e+00,0.000000e+00
1.000000e+00,0.000000e+00,0.000000e+00,0.000000e+00,0.000000e+00,0.000000e+00,0.000000e+00,0.000000e+00,0.000000e+00,0.000000e+00,0.000000e+00,0.000000e+00,0.000000e+00,0.000000e+00,0.000000e+00
1.000000e+00,0.000000e+00,0.000000e+00,0.000000e+00,0.000000e+00,0.000000e+00,0.000000e+00,0.000000e+00,0.000000e+00,0.000000e+00,0.000000e+00,0.000000e+00,0.000000e+00,0.000000e+00,0.000000e+00
1.000000e+00,0.000000e+00,0.000000e+00,0.000000e+00,0.000000e+00,0.000000e+00,0.000000e+00,0.000000e+00,0.000000e+00,0.000000e+00,0.000000e+00,0.000000e+00,0.000000e+00,0.000000e+00,0.000000e+00
1.000000e+00,0.000000e+00,0.000000e+00,0.000000e+00,0.000000e+00,0.000000e+00,0.000000e+00,0.000000e+00,0.000000e+00,0.000000e+00,0.000000e+00,0.000000e+00,0.000000e+00,0.000000e+00,0.000000e+00
1.000000e+00,0.000000e+00,0.000000e+00,0.000000e+00,0.000000e+00,0.000000e+00,0.000000e+00,0.000000e+00,0.000000e+00,0.000000e+00,0.000000e+00,0.000000e+00,0.000000e+00,0.000000e+00,0.000000e+00
1.000000e+00,0.000000e+00,0.000000e+00,0.000000e+00,0.000000e+00,0.000000e+00,0.000000e+00,0.000000e+00,0.000000e+00,0.000000e+00,0.000000e+00,0.000000e+00,0.000000e+00,0.000000e+00,0.000000e+00
1.000000e+00,0.000000e+00,0.000000e+00,0.000000e+00,0.000000e+00,0.000000e+00,0.000000e+00,0.000000e+00,0.000000e+00,0.000000e+00,0.000000e+00,0.000000e+00,0.000000e+00,0.000000e+00,0.000000e+00
1.000000e+00,0.000000e+00,0.000000e+00,0.000000e+00,0.000000e+00,0.000000e+00,0.000000e+00,0.000000e+00,0.000000e+00,0.000000e+00,0.000000e+00,0.000000e+00,0.000000e+00,0.000000e+00,0.000000e+00
1.000000e+00,0.000000e+00,0.000000e+00,0.000000e+00,0.000000e+00,0.000000e+00,0.000000e+00,0.000000e+00,0.000000e+00,0.000000e+00,0.000000e+00,0.000000e+00,0.000000e+00,0.000000e+00,0.000000e+00
1.000000e+00,0.000000e+00,0.000000e+00,0.000000e+00,0.000000e+00,0.000000e+00,0.000000e+00,0.000000e+00,0.000000e+00,0.000000e+00,0.000000e+00,0.000000e+00,0.000000e+00,0.000000e+00,0.000000e+00
1.000000e+00,0.000000e+00,0.000000e+00,0.000000e+00,0.000000e+00,0.000000e+00,0.000000e+00,0.000000e+00,0.000000e+00,0.000000e+00,0.000000e+00,0.000000e+00,0.000000e+00,0.000000e+00,0.000000e+00
1.000000e+00,0.000000e+00,0.000000e+00,0.000000e+00,0.000000e+00,0.000000e+00,0.000000e+00,0.000000e+00,0.000000e+00,0.000000e+00,0.000000e+00,0.000000e+00,0.000000e+00,0.000000e+00,0.000000e+00
1.000000e+00,0.000000e+00,0.000000e+00,0.000000e+00,0.000000e+00,0.000000e+00,0.000000e+00,0.000000e+00,0.000000e+00,0.000000e+00,0.000000e+00,0.000000e+00,0.000000e+00,0.000000e+00,0.000000e+00
1.000000e+00,0.000000e+00,0.000000e+00,0.000000e+00,0.000000e+00,0.000000e+00,0.000000e+00,0.000000e+00,0.000000e+00,0.000000e+00,0.000000e+00,0.000000e+00,0.000000e+00,0.000000e+00,0.000000e+00
1.000000e+00,0.000000e+00,0.000000e+00,0.000000e+00,0.000000e+00,0.000000e+00,0.000000e+00,0.000000e+00,0.000000e+00,0.000000e+00,0.000000e+00,0.000000e+00,0.000000e+00,0.000000e+00,0.000000e+00
1.000000e+00,0.000000e+00,0.000000e+00,0.000000e+00,0.000000e+00,0.000000e+00,0.000000e+00,0.000000e+00,0.000000e+00,0.000000e+00,0.000000e+00,0.000000e+00,0.000000e+00,0.000000e+00,0.000000e+00
1.000000e+00,0.000000e+00,0.000000e+00,0.000000e+00,0.000000e+00,0.000000e+00,0.000000e+00,0.000000e+00,0.000000e+00,0.000000e+00,0.000000e+00,0.000000e+00,0.000000e+00,0.000000e+00,0.000000e+00
1.000000e+00,0.000000e+00,0.000000e+00,0.000000e+00,0.000000e+00,0.000000e+00,0.000000e+00,0.000000e+00,0.000000e+00,0.000000e+00,0.000000e+00,0.000000e+00,0.000000e+00,0.000000e+00,0.000000e+00
1.000000e+00,0.000000e+00,0.000000e+00,0.000000e+00,0.000000e+00,0.000000e+00,0.000000e+00,0.000000e+00,0.000000e+00,0.000000e+00,0.000000e+00,0.000000e+00,0.000000e+00,0.000000e+00,0.000000e+00
1.000000e+00,0.000000e+00,0.000000e+00,0.000000e+00,0.000000e+00,0.000000e+00,0.000000e+00,0.000000e+00,0.000000e+00,0.000000e+00,0.000000e+00,0.000000e+00,0.000000e+00,0.000000e+00,0.000000e+00
1.000000e+00,0.000000e+00,0.000000e+00,0.000000e+00,0.000000e+00,0.000000e+00,0.000000e+00,0.000000e+00,0.000000e+00,0.000000e+00,0.000000e+00,0.000000e+00,0.000000e+00,0.000000e+00,0.000000e+00
1.000000e+00,0.000000e+00,0.000000e+00,0.000000e+00,0.000000e+00,0.000000e+00,0.000000e+00,0.000000e+00,0.000000e+00,0.000000e+00,0.000000e+00,0.000000e+00,0.000000e+00,0.000000e+00,0.000000e+00
1.000000e+00,0.000000e+00,0.000000e+00,0.000000e+00,0.000000e+00,0.000000e+00,0.000000e+00,0.000000e+00,0.000000e+00,0.000000e+00,0.000000e+00,0.000000e+00,0.000000e+00,0.000000e+00,0.000000e+00
1.000000e+00,0.000000e+00,0.000000e+00,0.000000e+00,0.000000e+00,0.000000e+00,0.000000e+00,0.000000e+00,0.000000e+00,0.000000e+00,0.000000e+00,0.000000e+00,0.000000e+00,0.000000e+00,0.000000e+00
1.000000e+00,0.000000e+00,0.000000e+00,0.000000e+00,0.000000e+00,0.000000e+00,0.000000e+00,0.000000e+00,0.000000e+00,0.000000e+00,0.000000e+00,0.000000e+00,0.000000e+00,0.000000e+00,0.000000e+00
1.000000e+00,0.000000e+00,0.000000e+00,0.000000e+00,0.000000e+00,0.000000e+00,0.000000e+00,0.000000e+00,0.000000e+00,0.000000e+00,0.000000e+00,0.000000e+00,0.000000e+00,0.000000e+00,0.000000e+00
1.000000e+00,0.000000e+00,0.000000e+00,0.000000e+00,0.000000e+00,0.000000e+00,0.000000e+00,0.000000e+00,0.000000e+00,0.000000e+00,0.000000e+00,0.000000e+00,0.000000e+00,0.000000e+00,0.000000e+00
4.726309e-01,2.918590e-02,2.646463e-02,2.168595e-01,4.038475e-03,1.078828e-02,2.768651e-03,7.982480e-03,1.830163e-02,1.424819e-02,1.034512e-02,1.299293e-02,1.282838e-02,1.868540e-03,1.586964e-01
3.308731e-01,3.045635e-02,9.527450e-02,1.992963e-01,2.841110e-03,7.585531e-03,1.945860e-03,5.713241e-03,3.348003e-02,1.696763e-02,3.037067e-02,1.018345e-02,1.051703e-02,1.772029e-03,2.227231e-01
2.316892e-01,2.319148e-02,8.002466e-02,2.093554e-01,2.599802e-03,5.642815e-03,1.494245e-03,4.175134e-03,4.360592e-02,1.446697e-02,9.993105e-02,1.094421e-02,2.221141e-02,5.262205e-02,1.980457e-01
1.622175e-01,1.647953e-02,5.672767e-02,1.512057e-01,3.316585e-03,4.335969e-03,1.091503e-03,2.999198e-03,3.477862e-02,4.078024e-02,1.926806e-01,1.323472e-02,2.531968e-02,5.082730e-02,2.440052e-01
1.135663e-01,1.165721e-02,3.974567e-02,1.062580e-01,6.527820e-03,3.375151e-03,7.895473e-04,2.133882e-03,2.620129e-02,7.712833e-02,3.564229e-01,2.274827e-02,1.851323e-02,3.960116e-02,1.753312e-01
7.950764e-02,8.180015e-03,2.784875e-02,7.455001e-02,1.193318e-02,2.967803e-03,5.625979e-04,1.593541e-03,1.945978e-02,5.820676e-02,5.060258e-01,4.134652e-02,1.333864e-02,3.063311e-02,1.238459e-01
5.566356e-02,5.739438e-03,1.950787e-02,5.225026e-02,1.372256e-02,2.458140e-03,4.018791e-04,1.127600e-03,1.408766e-02,5.151356e-02,6.168263e-01,4.478002e-02,9.672269e-03,2.350596e-02,8.874297e-02
3.899057e-02,4.066562e-03,1.370480e-02,3.667957e-02,2.005805e-02,3.917372e-03,3.119241e-04,8.221433e-04,1.046812e-02,4.276669e-02,6.841341e-01,4.752082e-02,7.684524e-03,2.567522e-02,6.319957e-02
2.732970e-02,2.887963e-03,9.658728e-03,2.580467e-02,1.823426e-02,1.211855e-02,2.705017e-04,5.959214e-04,7.597071e-03,3.382399e-02,7.329312e-01,5.231830e-02,6.677176e-03,2.531264e-02,4.443936e-02
1.916849e-02,2.084764e-03,6.809837e-03,1.848083e-02,1.902550e-02,1.585804e-02,2.197764e-04,4.266252e-04,5.649831e-03,2.664234e-02,7.772996e-01,4.995082e-02,5.306676e-03,2.151468e-02,3.156213e-02
1.385745e-02,1.554102e-03,4.939619e-03,1.468930e-02,1.889210e-02,2.271121e-02,1.782502e-04,3.844303e-04,5.466678e-03,2.249513e-02,6.915507e-01,1.459380e-01,5.661067e-03,2.777935e-02,2.390270e-02
1.018162e-02,1.285440e-03,3.970731e-03,1.147009e-02,2.458847e-02,3.161304e-02,1.821745e-04,1.524415e-03,6.234790e-03,1.984815e-02,6.611567e-01,1.753372e-01,6.419492e-03,2.879656e-02,1.739119e-02
1.238371e-02,1.189600e-03,3.281916e-03,1.215599e-02,3.923932e-02,2.857637e-02,2.408192e-04,9.004305e-03,8.972422e-03,1.902101e-02,6.244789e-01,1.963390e-01,6.696681e-03,2.462272e-02,1.379731e-02
1.015011e-02,1.693830e-03,2.486186e-03,1.314981e-02,2.088980e-01,2.037965e-02,2.220208e-04,8.636944e-03,1.747699e-02,1.527130e-02,4.958057e-01,1.705438e-01,5.175662e-03,1.903617e-02,1.107386e-02
8.648853e-03,2.743375e-03,4.197274e-03,1.697166e-02,2.877493e-01,1.492355e-02,9.260520e-04,6.061659e-02,7.275300e-02,1.178907e-02,3.648649e-01,1.259389e-01,3.826125e-03,1.491379e-02,9.137621e-03
6.321686e-03,2.887790e-03,4.333460e-03,3.515762e-02,2.119781e-01,1.181963e-02,6.975337e-04,4.753805e-02,2.997312e-01,8.927370e-03,2.588294e-01,8.888593e-02,3.160842e-03,1.136495e-02,8.366452e-03
5.019035e-03,3.723891e-03,5.228613e-03,2.663462e-02,1.584744e-01,1.693011e-02,5.685000e-04,3.929043e-02,4.546590e-01,8.818479e-03,1.882316e-01,6.697418e-02,5.298799e-03,1.099520e-02,9.153123e-03
4.036154e-03,3.917803e-03,4.298520e-03,2.087009e-02,1.178944e-01,1.224613e-01,4.614804e-04,2.863710e-02,4.610206e-01,9.737317e-03,1.382960e-01,4.971092e-02,1.521142e-02,1.277767e-02,1.066922e-02
3.442785e-03,5.830079e-03,6.353025e-03,3.350767e-02,8.989428e-02,1.008861e-01,3.619218e-04,2.064421e-02,5.557421e-01,1.011602e-02,1.008933e-01,3.531871e-02,1.263608e-02,9.320095e-03,1.505368e-02
7.113626e-03,7.321383e-03,6.987755e-03,2.961476e-02,7.508957e-02,1.311323e-01,3.183333e-04,1.583281e-02,4.988151e-01,2.097429e-02,8.971433e-02,2.716934e-02,3.145448e-02,8.370795e-03,5.009116e-02
5.552820e-03,6.763380e-03,5.187577e-03,2.148763e-02,5.678245e-02,1.747141e-01,4.510129e-04,1.735846e-02,5.043914e-01,1.678153e-02,7.379449e-02,1.995270e-02,5.142929e-02,7.242174e-03,3.811101e-02
7.206999e-03,6.413998e-03,4.242569e-03,1.668871e-02,5.407332e-02,2.778081e-01,6.784074e-04,2.078128e-02,4.439163e-01,1.268144e-02,5.879534e-02,1.538009e-02,4.484729e-02,7.005129e-03,2.948099e-02
2.053660e-02,1.055928e-02,1.107461e-02,8.005121e-02,7.451625e-02,2.432464e-01,1.710933e-03,5.639646e-02,3.723436e-01,9.525148e-03,4.368405e-02,1.187077e-02,3.368715e-02,5.415086e-03,2.538243e-02
4.593349e-02,1.437735e-02,2.355886e-02,1.698795e-01,7.978266e-02,2.242810e-01,3.889985e-03,5.757573e-02,2.783558e-01,7.801317e-03,3.156897e-02,9.054001e-03,2.519555e-02,4.028108e-03,2.471763e-02
8.588634e-02,2.219559e-02,3.912861e-02,1.778923e-01,1.122070e-01,2.063936e-01,4.738606e-03,4.697343e-02,2.200074e-01,6.547273e-03,2.392645e-02,7.121055e-03,1.982030e-02,3.408144e-03,2.375380e-02
7.581718e-02,2.739294e-02,6.376269e-02,3.049574e-01,1.054763e-01,1.494661e-01,3.799897e-03,3.423858e-02,1.640193e-01,6.035124e-03,1.790621e-02,5.333240e-03,1.424799e-02,2.521169e-03,2.502583e-02
6.128118e-02,5.326429e-02,8.577439e-02,2.673011e-01,8.866680e-02,2.377061e-01,3.113422e-03,2.534548e-02,1.209130e-01,5.192409e-03,1.318788e-02,3.973211e-03,1.011107e-02,1.894618e-03,2.227502e-02
4.308232e-02,3.908781e-02,6.034545e-02,1.876017e-01,6.413659e-02,4.589570e-01,2.197420e-03,1.885787e-02,8.474319e-02,4.800043e-03,9.286499e-03,2.785848e-03,7.083428e-03,1.349963e-03,1.568486e-02
3.159219e-02,2.840638e-02,4.323362e-02,1.336449e-01,4.604850e-02,5.758949e-01,1.621883e-03,1.350778e-02,6.147971e-02,3.514211e-02,8.610761e-03,2.002029e-03,5.081673e-03,1.483976e-03,1.224964e-02
2.257820e-02,2.023076e-02,3.046762e-02,9.516839e-02,3.289527e-02,6.857365e-01,1.260396e-03,9.817404e-03,4.600014e-02,3.345057e-02,6.600866e-03,1.410504e-03,3.704518e-03,1.295429e-03,9.383440e-03
1.642670e-02,1.494310e-02,2.152247e-02,6.749010e-02,2.357852e-02,7.551159e-01,9.786662e-04,7.197231e-03,3.735769e-02,3.562338e-02,6.072630e-03,1.007185e-03,2.767801e-03,1.204804e-03,8.713758e-03
1.181189e-02,1.119229e-02,1.559895e-02,4.879098e-02,1.803982e-02,7.960597e-01,8.503940e-04,5.689470e-03,3.133205e-02,4.418443e-02,4.969283e-03,7.178381e-04,2.084824e-03,1.008405e-03,7.669672e-03
9.500570e-03,9.031029e-03,1.171548e-02,3.560462e-02,1.478903e-02,8.091143e-01,7.507112e-04,4.323946e-03,2.475620e-02,6.506801e-02,3.930901e-03,5.101410e-04,1.550576e-03,1.030432e-03,8.323999e-03
7.563921e-03,6.937604e-03,8.520191e-03,2.537505e-02,1.138647e-02,8.045110e-01,6.234564e-04,3.293202e-03,2.030997e-02,9.637619e-02,3.404665e-03,3.660568e-04,1.177759e-03,1.252704e-03,8.901719e-03
7.379631e-03,5.994055e-03,6.426356e-03,1.837642e-02,8.937000e-03,7.782076e-01,5.735656e-04,2.852265e-03,2.734682e-02,1.263780e-01,3.861078e-03,2.701840e-04,1.000938e-03,2.087988e-03,1.030805e-02
1.172864e-02,6.072429e-03,6.513289e-03,1.425182e-02,7.863904e-03,7.505957e-01,6.754285e-04,3.782281e-03,3.012734e-02,1.453300e-01,5.016290e-03,2.299826e-04,8.337849e-04,3.998303e-03,1.298082e-02
1.680022e-02,5.767517e-03,8.797946e-03,1.151438e-02,7.426303e-03,7.189757e-01,1.122054e-03,4.891854e-03,3.757318e-02,1.511431e-01,1.002451e-02,2.349426e-04,7.616658e-04,9.343985e-03,1.562268e-02
1.329872e-02,6.100070e-03,7.071579e-03,8.235132e-03,6.678872e-03,5.793757e-01,1.124755e-03,3.582406e-03,3.251037e-02,2.192428e-01,8.471925e-02,1.346587e-03,1.580496e-03,1.062172e-02,2.451161e-02
9.691272e-03,4.538065e-03,5.085797e-03,5.826283e-03,4.800993e-03,4.786540e-01,8.739475e-04,2.563038e-03,4.205120e-02,1.751705e-01,6.422064e-02,1.215468e-03,3.782497e-03,1.605336e-02,1.854730e-01
6.831018e-03,3.197582e-03,3.566821e-03,4.079556e-03,3.366655e-03,3.454296e-01,6.189201e-04,1.805035e-03,3.043245e-02,1.457545e-01,5.144543e-02,8.891325e-04,2.774584e-03,1.593701e-02,3.838717e-01
4.799899e-03,2.244431e-03,2.501642e-03,2.857276e-03,2.363180e-03,2.423180e-01,4.371134e-04,1.267214e-03,2.234594e-02,1.113188e-01,4.196285e-02,6.843034e-04,2.087106e-03,1.443844e-02,5.483737e-01
3.459458e-03,1.629451e-03,1.783190e-03,2.013877e-03,1.678598e-03,1.729850e-01,3.407961e-04,9.264037e-04,1.774027e-02,9.242094e-02,4.577862e-02,1.584505e-03,5.841513e-03,2.943629e-02,6.223811e-01
2.515662e-03,1.334244e-03,1.305250e-03,1.456314e-03,1.248258e-03,1.278810e-01,2.705806e-04,6.855233e-04,1.709788e-02,8.028518e-02,6.279331e-02,8.533465e-03,1.367822e-02,3.873368e-02,6.421814e-01
1.895840e-03,1.141665e-03,9.997059e-04,1.114373e-03,9.704645e-04,9.376174e-02,2.302957e-04,5.478967e-04,2.003710e-02,8.471680e-02,6.129621e-02,2.802441e-02,4.969558e-02,6.215836e-02,5.934095e-01
1.343473e-03,8.668838e-04,7.740759e-04,7.946749e-04,8.028967e-04,6.572788e-02,1.631226e-04,3.856740e-04,1.513539e-02,6.259725e-02,4.570390e-02,1.991228e-02,3.504230e-02,4.428811e-02,7.064620e-01
1.099307e-03,8.384858e-04,6.723022e-04,6.987744e-04,1.291107e-03,4.701281e-02,1.611389e-04,3.006487e-04,3.349997e-02,9.664286e-02,7.846993e-02,1.495083e-02,2.551894e-02,6.329393e-02,6.355489e-01
1.167699e-03,8.967477e-04,6.093807e-04,6.602918e-04,2.262664e-03,3.345968e-02,1.702020e-04,2.945301e-04,3.519062e-02,1.163375e-01,9.336257e-02,1.123295e-02,1.823874e-02,7.049631e-02,6.156201e-01
9.554724e-04,6.689162e-04,4.577138e-04,6.910985e-04,1.632865e-02,2.381800e-02,1.920394e-04,4.188086e-04,2.670108e-02,8.923849e-02,8.031751e-02,8.448544e-03,1.294127e-02,5.576111e-02,6.830612e-01
6.927737e-04,4.979788e-04,3.522999e-04,5.324068e-04,1.503302e-02,1.671238e-02,1.592876e-04,3.506997e-04,1.997303e-02,9.746625e-02,7.581685e-02,6.339538e-03,9.237502e-03,4.422174e-02,7.126142e-01
5.460592e-04,4.444330e-04,3.727005e-04,4.196298e-04,3.546761e-02,1.180598e-02,1.483803e-04,3.744849e-04,1.678188e-02,1.178253e-01,9.510713e-02,5.619081e-03,7.154497e-03,3.856146e-02,6.693713e-01
4.947778e-04,7.109987e-04,2.255077e-03,3.796080e-04,4.033700e-02,8.604820e-03,1.368672e-04,5.019628e-04,2.090459e-02,1.624289e-01,1.410554e-01,7.605571e-03,6.434538e-03,4.560585e-02,5.625441e-01
5.444162e-04,8.108419e-04,3.379504e-03,3.708703e-04,1.105452e-01,7.106715e-03,6.605917e-04,2.949163e-03,1.804707e-02,1.270911e-01,2.460704e-01,6.821059e-03,5.002222e-03,3.990561e-02,4.306953e-01
1.732267e-03,1.328719e-03,4.686348e-02,1.878298e-03,1.096097e-01,6.050757e-03,5.032370e-03,2.970365e-02,2.548312e-02,1.021110e-01,2.838823e-01,8.420486e-03,5.823418e-03,5.043695e-02,3.216435e-01
4.840355e-03,2.212194e-03,9.202549e-02,5.432071e-03,8.896448e-02,5.251422e-03,4.740406e-03,8.823356e-02,2.935827e-02,8.881457e-02,2.661141e-01,1.447782e-02,8.307653e-03,6.620249e-02,2.350251e-01
1.095901e-02,1.305841e-02,1.203369e-01,1.168166e-02,6.603219e-02,6.576391e-03,3.799883e-03,1.144507e-01,7.760550e-02,6.942292e-02,2.326112e-01,1.442294e-02,9.183052e-03,8.311073e-02,1.667486e-01
1.167703e-02,1.507377e-02,2.525944e-01,1.690855e-02,4.749914e-02,6.376611e-03,3.298801e-03,1.198194e-01,7.743394e-02,5.307952e-02,1.846165e-01,1.196710e-02,9.630870e-03,7.146125e-02,1.185630e-01
1.878395e-02,2.416524e-02,2.070344e-01,1.485166e-02,3.760557e-02,8.627702e-03,3.531445e-03,1.355637e-01,1.704193e-01,4.328301e-02,1.523197e-01,9.733543e-03,8.498065e-03,8.133954e-02,8.424316e-02
1.797163e-02,4.273816e-02,1.673139e-01,4.706635e-02,3.502999e-02,8.187557e-03,2.829483e-03,1.530516e-01,2.547218e-01,3.106113e-02,1.084897e-01,7.257828e-03,6.612550e-03,5.741956e-02,6.024878e-02
2.530965e-02,4.794922e-02,1.248343e-01,6.495722e-02,4.211868e-02,1.813999e-02,2.287432e-03,1.338539e-01,3.405083e-01,2.347603e-02,7.866200e-02,5.273534e-03,4.987062e-03,4.342370e-02,4.421902e-02
1.922515e-02,3.774844e-02,9.324285e-02,3.002372e-01,3.422997e-02,1.433897e-02,1.642454e-03,9.413423e-02,2.537989e-01,1.668856e-02,6.204277e-02,4.388898e-03,5.253487e-03,3.047732e-02,3.255093e-02
1.378620e-02,2.691020e-02,6.699669e-02,4.181893e-01,2.756398e-02,1.163428e-02,1.412510e-03,6.593483e-02,1.796632e-01,2.135859e-02,7.453793e-02,1.202595e-02,3.477132e-02,2.153236e-02,2.368279e-02
9.734405e-03,1.891537e-02,4.724844e-02,3.412532e-01,1.999337e-02,9.386314e-03,1.001665e-03,4.617396e-02,1.260037e-01,1.637962e-02,1.419664e-01,2.890173e-02,1.606129e-01,1.523514e-02,1.719394e-02
7.335816e-03,1.336059e-02,3.334169e-02,2.482866e-01,1.531622e-02,9.143765e-03,8.534291e-04,3.256844e-02,8.996595e-02,1.167501e-02,1.185427e-01,7.102032e-02,3.244667e-01,1.165986e-02,1.246298e-02
6.196710e-03,9.539881e-03,2.355556e-02,1.776657e-01,1.231644e-02,8.108007e-03,7.985227e-04,2.290712e-02,6.702247e-02,8.359008e-03,9.518077e-02,1.243854e-01,4.249538e-01,9.486868e-03,9.523806e-03
7.154378e-03,7.986406e-03,1.690269e-02,1.261287e-01,1.124779e-02,1.069354e-02,1.248345e-03,1.622127e-02,5.632583e-02,7.596580e-03,8.001276e-02,2.448715e-01,3.966644e-01,8.686039e-03,8.259811e-03
6.624800e-03,6.514429e-03,1.206798e-02,8.873139e-02,8.859333e-03,1.475546e-02,1.307921e-03,1.207069e-02,4.108629e-02,8.547939e-03,6.346702e-02,4.018545e-01,3.160504e-01,1.159157e-02,6.470290e-03
5.427077e-03,5.049558e-03,8.571536e-03,6.244640e-02,7.556717e-03,2.194525e-02,1.047526e-03,8.726387e-03,2.965514e-02,6.777385e-03,7.074013e-02,5.123008e-01,2.445288e-01,1.047732e-02,4.749903e-03
4.754782e-03,3.733493e-03,6.157777e-03,4.392905e-02,7.953656e-03,1.728163e-02,8.176243e-04,6.454535e-03,2.388389e-02,6.529931e-03,1.193120e-01,5.687543e-01,1.748854e-01,1.200446e-02,3.547504e-03
3.996636e-03,2.813615e-03,4.399538e-03,3.098772e-02,7.606857e-03,1.330724e-02,5.957041e-04,4.799463e-03,2.019221e-02,9.190494e-03,1.273339e-01,6.378316e-01,1.241384e-01,1.020633e-02,2.600339e-03
4.636704e-03,2.538693e-03,3.422619e-03,2.226741e-02,8.313777e-03,1.027536e-02,4.589867e-04,4.016224e-03,1.629471e-02,2.376611e-02,1.485893e-01,6.550391e-01,8.982674e-02,8.591847e-03,1.962336e-03
4.499330e-03,2.157473e-03,2.553628e-03,1.589178e-02,6.562023e-03,7.932116e-03,3.321113e-04,2.908000e-03,1.255462e-02,3.072426e-02,1.702276e-01,6.682631e-01,6.436557e-02,9.513139e-03,1.515236e-03
5.232658e-03,1.158491e-02,2.644029e-03,1.126157e-02,6.276682e-03,7.052659e-03,2.482919e-04,2.275406e-03,1.196831e-02,3.572099e-02,2.335783e-01,6.106581e-01,4.713440e-02,1.273860e-02,1.625085e-03
4.085671e-03,1.109159e-02,2.938869e-03,7.986789e-03,8.640116e-03,5.769528e-03,2.198960e-04,1.891452e-03,1.319204e-02,3.320003e-02,3.615662e-01,5.012352e-01,3.320288e-02,1.327332e-02,1.706384e-03
3.055360e-03,8.907408e-03,2.434551e-03,5.672241e-03,7.538225e-03,4.493630e-03,2.022830e-04,1.418344e-03,1.564837e-02,2.505004e-02,4.968961e-01,3.909439e-01,2.335666e-02,1.296701e-02,1.415925e-03
3.063798e-03,7.885821e-03,4.361148e-03,4.324093e-03,6.379596e-03,1.374604e-02,2.101585e-04,1.701958e-03,2.721125e-02,1.914186e-02,5.638978e-01,3.172208e-01,1.652963e-02,1.287448e-02,1.451588e-03
4.541595e-03,6.698956e-03,5.111502e-03,3.288468e-03,5.596085e-03,1.252417e-02,1.873999e-04,1.791866e-03,3.689621e-02,1.464706e-02,6.350271e-01,2.342404e-01,1.168122e-02,2.610377e-02,1.664263e-03
4.729124e-03,6.204897e-03,9.881157e-03,3.288399e-03,7.461369e-03,1.417683e-02,3.877734e-04,3.028446e-03,4.307530e-02,1.197953e-02,6.958164e-01,1.690502e-01,8.224597e-03,2.104330e-02,1.652647e-03
5.084573e-03,9.209929e-03,9.823790e-03,3.265630e-03,2.031756e-02,1.127100e-02,4.930871e-04,3.208888e-03,6.023243e-02,1.025000e-02,7.196733e-01,1.201415e-01,5.815287e-03,1.944664e-02,1.766430e-03
4.575359e-03,3.041269e-02,8.663693e-03,3.355045e-03,2.321927e-02,9.746666e-03,5.669205e-04,4.865943e-03,2.091645e-01,9.248286e-03,5.896504e-01,8.594223e-02,4.146182e-03,1.447728e-02,1.965563e-03
3.565151e-03,4.005142e-02,6.846170e-03,5.565101e-03,3.294814e-02,9.084898e-03,4.518295e-04,4.053597e-03,3.986296e-01,7.915895e-03,4.143656e-01,6.039655e-02,2.958642e-03,1.018324e-02,2.984228e-03
2.936944e-03,3.668147e-02,6.164109e-03,2.282024e-02,8.081666e-02,3.053872e-02,4.413453e-04,4.256914e-03,4.608056e-01,6.294470e-03,2.904612e-01,4.253075e-02,2.372829e-03,7.153410e-03,5.725358e-03
2.871303e-03,3.203825e-02,5.952167e-03,3.455062e-02,1.713006e-01,2.540980e-02,7.170545e-04,4.962843e-03,4.483853e-01,6.651733e-03,2.039749e-01,2.993114e-02,1.863803e-03,5.049468e-03,2.634102e-02
7.427235e-03,2.741592e-02,5.177574e-03,3.285808e-02,2.820609e-01,2.779582e-02,1.093403e-03,4.117273e-03,4.080275e-01,5.624487e-03,1.440935e-01,2.115510e-02,1.430579e-03,3.672711e-03,2.804995e-02
1.009373e-02,2.002374e-02,3.896031e-03,2.522329e-02,3.969870e-01,2.529227e-02,3.458488e-02,4.334372e-03,3.359232e-01,3.990753e-03,1.012402e-01,1.483397e-02,1.071025e-03,2.602609e-03,1.990293e-02
1.710416e-02,1.480869e-02,1.109931e-02,1.897547e-02,3.245550e-01,2.317511e-02,1.698624e-01,6.919571e-03,3.091031e-01,3.061959e-03,7.186313e-02,1.044611e-02,2.799741e-03,1.892153e-03,1.433415e-02
1.754302e-02,1.136038e-02,9.918522e-03,1.379819e-02,2.652084e-01,2.047461e-02,3.198206e-01,9.050511e-03,2.498143e-01,3.906613e-03,5.086323e-02,7.382761e-03,8.844821e-03,1.477566e-03,1.053645e-02
1.589611e-02,8.462274e-03,8.725228e-03,1.039231e-02,2.384290e-01,1.817381e-02,4.331881e-01,1.122651e-02,1.886208e-01,6.279179e-03,3.625651e-02,5.430818e-03,9.957513e-03,1.128376e-03,7.833522e-03
1.253822e-02,6.085113e-03,7.164113e-03,7.533140e-03,1.760985e-01,1.405276e-02,5.791240e-01,1.222985e-02,1.353795e-01,5.686508e-03,2.585993e-02,4.019381e-03,7.694691e-03,8.354614e-04,5.698928e-03
1.141088e-02,4.605887e-03,7.355118e-03,5.482480e-03,1.388062e-01,1.178537e-02,6.719862e-01,1.140248e-02,9.709284e-02,5.647287e-03,1.897481e-02,3.182715e-03,7.024269e-03,6.754501e-04,4.568104e-03
8.273718e-03,4.034440e-03,8.764863e-03,3.927345e-03,1.178549e-01,1.018881e-02,6.913729e-01,1.144453e-02,6.852333e-02,1.810984e-02,1.593412e-02,2.396335e-03,6.075601e-03,1.694363e-03,3.140492e-02
1.790944e-02,8.475792e-03,3.098545e-02,3.545750e-03,1.221805e-01,2.133331e-02,5.820886e-01,1.143846e-02,4.913808e-02,3.282273e-02,1.328278e-02,2.025754e-03,5.887112e-03,4.780048e-03,9.410614e-02
1.667047e-02,1.338005e-02,3.971189e-02,3.088072e-03,1.077060e-01,2.119850e-02,4.309313e-01,1.039705e-02,3.969410e-02,9.468660e-02,1.164996e-02,1.788849e-03,6.505450e-03,1.128307e-02,1.913086e-01
1.586308e-02,1.706481e-02,3.430277e-02,2.370451e-03,7.665096e-02,3.149766e-02,3.153322e-01,7.937388e-03,6.338608e-02,1.490056e-01,1.203152e-02,1.484749e-03,6.215256e-03,2.193945e-02,2.449180e-01
1.862996e-02,1.453825e-02,2.604923e-02,1.794947e-03,5.446855e-02,3.570516e-02,2.387685e-01,6.180674e-03,7.321672e-02,1.948217e-01,1.414561e-02,1.334460e-03,5.816417e-03,3.235197e-02,2.821780e-01
1.575435e-02,1.055837e-02,1.846381e-02,1.447195e-03,3.872879e-02,2.614991e-02,1.760694e-01,4.461898e-03,7.374041e-02,1.441877e-01,1.331094e-02,1.404871e-03,4.722229e-03,3.055058e-02,4.404496e-01
1.591872e-02,7.754021e-03,1.473180e-02,1.180053e-03,2.803309e-02,2.284803e-02,1.264093e-01,3.369531e-03,8.559221e-02,1.096460e-01,1.548594e-02,1.862763e-03,4.515032e-03,3.998545e-02,5.226681e-01
1.643169e-02,5.940159e-03,1.272425e-02,9.623483e-04,1.994933e-02,1.922531e-02,8.984205e-02,2.495158e-03,1.392055e-01,8.646225e-02,1.670934e-02,2.663057e-03,4.071359e-03,5.095492e-02,5.323633e-01
1.252348e-02,5.077930e-03,9.283460e-03,7.770802e-04,1.414782e-02,1.569903e-02,6.303264e-02,1.764701e-03,1.760422e-01,6.366334e-02,1.870172e-02,2.473921e-03,3.351811e-03,6.904602e-02,5.444149e-01
1.447886e-02,4.512772e-03,7.067123e-03,7.961966e-04,1.046369e-02,1.751511e-02,4.445035e-02,1.306659e-03,2.064338e-01,5.297971e-02,2.216559e-02,7.128497e-03,4.141327e-03,1.382442e-01,4.683162e-01
1.462765e-02,3.686243e-03,5.262763e-03,2.052775e-03,8.123057e-03,1.700124e-02,3.129109e-02,1.337916e-03,3.417332e-01,6.222065e-02,2.961989e-02,7.867338e-03,9.353685e-03,1.260018e-01,3.398207e-01
1.208800e-02,3.306653e-03,3.754002e-03,2.475975e-03,6.546061e-03,1.470299e-02,2.217001e-02,1.047351e-03,3.083098e-01,9.056704e-02,9.607922e-02,2.262119e-02,2.347254e-02,1.070457e-01,2.858135e-01
1.034426e-02,5.325906e-03,2.884341e-03,3.462543e-03,6.714005e-03,1.126309e-02,1.570867e-02,8.629031e-04,2.668746e-01,8.621420e-02,2.205991e-01,3.002304e-02,4.365897e-02,8.250080e-02,2.135637e-01
9.481134e-03,1.256385e-02,2.497500e-03,8.475493e-03,7.069936e-03,9.255990e-03,1.105976e-02,1.100884e-03,4.010020e-01,6.896076e-02,1.823702e-01,2.362745e-02,4.063704e-02,6.566197e-02,1.562360e-01
8.263481e-03,1.722919e-02,7.541086e-03,1.360475e-02,1.141606e-02,7.258947e-03,8.026741e-03,2.905941e-03,4.635997e-01,5.584772e-02,1.704226e-01,2.119674e-02,4.363018e-02,5.482414e-02,1.142327e-01
6.946369e-03,1.789051e-02,9.994207e-03,2.701586e-02,1.022048e-02,6.575442e-03,5.763279e-03,2.500226e-03,4.746123e-01,4.415863e-02,1.706110e-01,2.238511e-02,5.100071e-02,4.430991e-02,1.060160e-01
5.145263e-03,1.348410e-02,9.270393e-03,2.582969e-02,1.296325e-02,5.284105e-03,4.081175e-03,2.276163e-03,4.224508e-01,5.119969e-02,2.313283e-01,2.190187e-02,6.082010e-02,4.457438e-02,8.939073e-02
4.500875e-03,1.277034e-02,7.505223e-03,2.779964e-02,1.105708e-02,4.396668e-03,2.902493e-03,1.813315e-03,5.315039e-01,4.221949e-02,1.781514e-01,2.105414e-02,5.099174e-02,3.723017e-02,6.610358e-02
3.824530e-03,1.121154e-02,7.385350e-03,4.702546e-02,1.397183e-02,3.886420e-03,2.077021e-03,1.527229e-03,5.741387e-01,3.232493e-02,1.515433e-01,3.284472e-02,4.220561e-02,2.794468e-02,4.808877e-02
3.053557e-03,8.547146e-03,5.495784e-03,4.687651e-02,1.063551e-02,4.084127e-03,1.477610e-03,1.211963e-03,5.523652e-01,2.330309e-02,1.930454e-01,6.232195e-02,3.231267e-02,2.029889e-02,3.497053e-02
3.181912e-03,6.362406e-03,4.149200e-03,3.679513e-02,1.241077e-02,3.336468e-03,1.119512e-03,8.945718e-04,4.054085e-01,1.912109e-02,2.320963e-01,2.034950e-01,2.956223e-02,1.649907e-02,2.556784e-02
2.541062e-03,4.693000e-03,3.055710e-03,2.670851e-02,1.224842e-02,2.775391e-03,8.555784e-04,6.809882e-04,2.936645e-01,1.414843e-02,3.145977e-01,2.644171e-01,2.785844e-02,1.352211e-02,1.823305e-02
1.904822e-03,3.444934e-03,2.170915e-03,1.903612e-02,1.022151e-02,2.393208e-03,8.283035e-04,5.883872e-04,2.089086e-01,1.001555e-02,4.800123e-01,2.143733e-01,2.270322e-02,1.000718e-02,1.339165e-02
1.706895e-03,1.131202e-02,2.699384e-03,1.362512e-02,9.938506e-03,1.876254e-02,3.845587e-03,1.023483e-03,1.502121e-01,7.240231e-03,5.889274e-01,1.542725e-01,1.705858e-02,7.121574e-03,1.225401e-02
2.809979e-03,1.748922e-02,3.167843e-03,1.015552e-02,3.627119e-02,8.555520e-02,1.769260e-02,4.462573e-03,1.936238e-01,5.287673e-03,4.817297e-01,1.138508e-01,1.327927e-02,5.175537e-03,9.449107e-03
3.301109e-03,2.306686e-02,5.275999e-03,7.365718e-03,3.815383e-02,8.495423e-02,3.058964e-02,1.213680e-02,3.059505e-01,3.851909e-03,3.736039e-01,8.057076e-02,1.988919e-02,3.801863e-03,7.487789e-03
2.550197e-03,2.986845e-02,4.475781e-03,5.319634e-03,3.150158e-02,8.102046e-02,2.214355e-02,9.157785e-03,4.331851e-01,2.873103e-03,2.622538e-01,5.650131e-02,5.076693e-02,2.716400e-03,5.665920e-03
2.102294e-03,4.773980e-02,6.123186e-03,1.236826e-02,3.006364e-02,8.408073e-02,1.585111e-02,8.907422e-03,5.108492e-01,2.910672e-03,1.864924e-01,3.994853e-02,4.389168e-02,2.003007e-03,6.668002e-03
2.858811e-03,9.440294e-02,6.743324e-03,2.273691e-02,2.303684e-02,1.518469e-01,1.117465e-02,7.404905e-03,4.440529e-01,6.119792e-03,1.400865e-01,2.954142e-02,3.716033e-02,1.583293e-03,2.125037e-02
6.162953e-03,7.555176e-02,5.500905e-03,1.718723e-02,4.465884e-02,1.748711e-01,9.177113e-03,7.525553e-03,4.840580e-01,5.224275e-03,1.000666e-01,2.090639e-02,2.873077e-02,1.302351e-03,1.907605e-02
8.443434e-03,5.953033e-02,1.320596e-02,1.066058e-01,3.797943e-02,1.501212e-01,6.690953e-03,9.331191e-03,4.054912e-01,1.630133e-02,7.762516e-02,1.531198e-02,2.373813e-02,1.208926e-03,6.841498e-02
1.402988e-02,5.330042e-02,1.894149e-02,9.596385e-02,2.862366e-02,1.290737e-01,5.208811e-03,7.459756e-03,3.666285e-01,2.313708e-02,5.782281e-02,1.162671e-02,1.985622e-02,1.260538e-03,1.670665e-01
2.722622e-02,5.268631e-02,2.875597e-02,1.033547e-01,2.186468e-02,1.157820e-01,4.367147e-03,6.351190e-03,3.105683e-01,3.031319e-02,4.208233e-02,8.642520e-03,1.700835e-02,1.277349e-03,2.297197e-01
2.209194e-02,7.456617e-02,3.903670e-02,1.810072e-01,1.613416e-02,8.279666e-02,3.148766e-03,4.601764e-03,2.511374e-01,2.558846e-02,3.211660e-02,6.408784e-03,1.271201e-02,1.387614e-03,2.472657e-01
1.837133e-02,5.888729e-02,3.028306e-02,1.382755e-01,1.186855e-02,5.897919e-02,2.267424e-03,3.454767e-03,1.986778e-01,2.337084e-02,2.509075e-02,4.810261e-03,1.048825e-02,1.644996e-03,4.135298e-01
2.908814e-02,5.926608e-02,3.432281e-02,1.070668e-01,1.029980e-02,4.388591e-02,1.730695e-03,4.786198e-03,1.882425e-01,2.802058e-02,2.352256e-02,4.247434e-03,1.353486e-02,2.612750e-03,4.493729e-01
4.132542e-02,5.885933e-02,3.890619e-02,9.259813e-02,1.388549e-02,3.825208e-02,1.808509e-03,1.566996e-02,2.287952e-01,2.897197e-02,2.166868e-02,3.287416e-03,1.324226e-02,3.119261e-03,3.996101e-01
6.171774e-02,6.670229e-02,4.152483e-02,8.056398e-02,2.481368e-02,4.978506e-02,2.832840e-03,1.422268e-02,2.376328e-01,2.830360e-02,1.746921e-02,2.567061e-03,1.045459e-02,3.618467e-03,3.577912e-01
7.738747e-02,1.120026e-01,3.523528e-02,6.596483e-02,5.491153e-02,5.235619e-02,4.268823e-03,1.858944e-02,2.390489e-01,2.323005e-02,1.343318e-02,1.889162e-03,1.089044e-02,3.464725e-03,2.873273e-01
6.175270e-02,9.867325e-02,4.312129e-02,6.655671e-02,4.393350e-02,4.081246e-02,3.228620e-03,1.773210e-02,3.535474e-01,2.372659e-02,1.064587e-02,1.407043e-03,8.230686e-03,2.927026e-03,2.237048e-01
4.745946e-02,7.403198e-02,8.599516e-02,5.318151e-02,3.136453e-02,2.934576e-02,2.390852e-03,1.396886e-02,3.468988e-01,6.942923e-02,9.141169e-03,1.251127e-03,7.043447e-03,3.492331e-03,2.250059e-01
6.167244e-02,7.138588e-02,9.837447e-02,6.031278e-02,2.366437e-02,2.141735e-02,1.933541e-03,1.140600e-02,3.859899e-01,6.527665e-02,8.360108e-03,1.481661e-03,6.135649e-03,3.204497e-03,1.793848e-01
4.504237e-02,5.326709e-02,1.383128e-01,6.559213e-02,1.667812e-02,1.506390e-02,1.369453e-03,8.674914e-03,4.511587e-01,5.462868e-02,6.824583e-03,1.227034e-03,5.071509e-03,2.285513e-03,1.348032e-01
4.384822e-02,4.384261e-02,1.757228e-01,5.369095e-02,1.192390e-02,1.090942e-02,1.028529e-03,7.708633e-03,4.582307e-01,5.614106e-02,6.355260e-03,1.503078e-03,6.667032e-03,2.287545e-03,1.201404e-01
1.223820e-01,3.893409e-02,1.780211e-01,4.843126e-02,1.018283e-02,8.827783e-03,1.053662e-03,9.504952e-03,3.685921e-01,5.160446e-02,9.469417e-03,2.208051e-03,1.008799e-02,2.642219e-03,1.380582e-01
2.583845e-01,3.915495e-02,1.352186e-01,4.456704e-02,1.081952e-02,9.985415e-03,1.134033e-03,9.014628e-03,3.018949e-01,3.833856e-02,1.244093e-02,3.219146e-03,1.104896e-02,5.785596e-03,1.189933e-01
2.665984e-01,6.774586e-02,1.124481e-01,5.705695e-02,8.874687e-03,1.305582e-02,1.042546e-03,7.544552e-03,3.046785e-01,3.150365e-02,1.008052e-02,2.948230e-03,1.175246e-02,8.081576e-03,9.658824e-02
2.695441e-01,9.534588e-02,1.031245e-01,6.080475e-02,7.021093e-03,1.337717e-02,8.325495e-04,6.207664e-03,2.899193e-01,2.677617e-02,8.173136e-03,2.928525e-03,1.262258e-02,8.198442e-03,9.512422e-02
2.306694e-01,1.846523e-01,9.161051e-02,7.176843e-02,5.401654e-03,1.085976e-02,6.817014e-04,4.847446e-03,2.625507e-01,2.250187e-02,9.252246e-03,3.580108e-03,1.151761e-02,9.358078e-03,8.074825e-02
2.326999e-01,1.907624e-01,6.740972e-02,6.947789e-02,9.811075e-03,1.400786e-02,6.527153e-04,5.558026e-03,2.420513e-01,1.674082e-02,1.253044e-02,4.387101e-03,4.301074e-02,8.928460e-03,8.197148e-02
1.886069e-01,1.585865e-01,4.753690e-02,6.345561e-02,7.827316e-03,1.122532e-02,5.026637e-04,4.201633e-03,2.495312e-01,1.213548e-02,1.033909e-02,4.252504e-03,1.714463e-01,7.127001e-03,6.322546e-02
1.550825e-01,1.301564e-01,3.516659e-02,5.597114e-02,6.494897e-03,9.428441e-03,4.867945e-04,3.350722e-03,2.593422e-01,1.058947e-02,9.430156e-03,5.195790e-03,2.429531e-01,9.574248e-03,6.677750e-02
1.175966e-01,1.161939e-01,3.138797e-02,5.642750e-02,5.384944e-03,8.423361e-03,4.317223e-04,2.809639e-03,3.427439e-01,1.277949e-02,8.603187e-03,7.068221e-03,2.006694e-01,1.153799e-02,7.794209e-02
1.047086e-01,1.000849e-01,4.077913e-02,9.408090e-02,4.996409e-03,1.526494e-02,6.549398e-04,2.752540e-03,2.844205e-01,1.685415e-02,1.983819e-02,2.336344e-02,1.728688e-01,3.992636e-02,7.940620e-02
9.963261e-02,8.438528e-02,3.723657e-02,7.624984e-02,5.697591e-03,1.928674e-02,8.351064e-04,2.649749e-03,2.287145e-01,1.666526e-02,2.299413e-02,5.043080e-02,1.797588e-01,7.635462e-02,9.910847e-02
