1.000000e+00,0.000000e+00,0.000000e+00,0.000000e+00,0.000000e+00,0.000000e+00,0.000000e+00,0.000000e+00,0.000000e+00,0.000000e+00,0.000000e+00,0.000000e+00,0.000000e+00,0.000000e+00,0.000000e+00
1.000000e+00,0.000000e+00,0.000000e+00,0.000000e+00,0.000000e+00,0.000000e+00,0.000000e+00,0.000000e+00,0.000000e+00,0.000000e+00,0.000000e+00,0.000000e+00,0.000000e+00,0.000000e+00,0.000000e+00
1.000000e+00,0.000000e+00,0.000000e+00,0.000000e+00,0.000000e+00,0.000000e+00,0.000000e+00,0.000000e+00,0.000000e+00,0.000000e+00,0.000000e+00,0.000000e+00,0.000000e+00,0.000000e+00,0.000000e+00
1.000000e+00,0.000000e+00,0.000000e+00,0.000000e+00,0.000000e+00,0.000000e+00,0.000000e+00,0.000000e+00,0.000000e+00,0.000000e+00,0.000000e+00,0.000000e+00,0.000000e+00,0.000000e+00,0.000000e+00
1.000000e+00,0.000000e+00,0.000000e+00,0.000000e+00,0.000000e+00,0.000000e+00,0.000000e+00,0.000000e+00,0.000000e+00,0.000000e+00,0.000000e+00,0.000000e+00,0.000000e+00,0.000000e+00,0.000000e+00
1.000000e+00,0.000000e+00,0.000000e+00,0.000000e+00,0.000000e+00,0.000000e+00,0.000000e+00,0.000000e+00,0.000000e+00,0.000000e+00,0.000000e+00,0.000000e+00,0.000000e+00,0.000000e+00,0.000000e+00
1.000000e+00,0.000000e+00,0.000000e+00,0.000000e+00,0.000000e+00,0.000000e+00,0.000000e+00,0.000000e+00,0.000000e+00,0.000000e+00,0.000000e+00,0.000000e+00,0.000000e+00,0.000000e+00,0.000000e+00
1.000000e+00,0.000000e+00,0.000000e+00,0.000000e+00,0.000000e+00,0.000000e+00,0.000000e+00,0.000000e+00,0.000000e+00,0.000000e+00,0.000000e+00,0.000000e+00,0.000000e+00,0.000000e+00,0.000000e+00
1.000000e+00,0.000000e+00,0.000000e+00,0.000000e+00,0.000000e+00,0.000000e+00,0.000000e+00,0.000000e+00,0.000000e+00,0.000000e+00,0.000000e+00,0.000000e+00,0.000000e+00,0.000000e+00,0.000000e+00
1.000000e+00,0.000000e+00,0.000000e+00,0.000000e+00,0.000000e+00,0.000000e+00,0.000000e+00,0.000000e+00,0.000000e+00,0.000000e+00,0.000000e+00,0.000000e+00,0.000000e+00,0.000000e+00,0.000000e+00
1.000000e+00,0.000000e+00,0.000000e+00,0.000000e+00,0.000000e+00,0.000000e+00,0.000000e+00,0.000000e+00,0.000000e+00,0.000000e+00,0.000000e+00,0.000000e+00,0.000000e+00,0.000000e+00,0.000000e+00
1.000000e+00,0.000000e+00,0.000000e+00,0.000000e+00,0.000000e+00,0.000000e+00,0.000000e+00,0.000000e+00,0.000000e+00,0.000000e+00,0.000000e+00,0.000000e+00,0.000000e+00,0.000000e+00,0.000000e+00
1.000000e+00,0.000000e+00,0.000000e+00,0.000000e+00,0.000000e+00,0.000000e+00,0.000000e+00,0.000000e+00,0.000000e+00,0.000000e+00,0.000000e+00,0.000000e+00,0.000000e+00,0.000000e+00,0.000000e+00
1.000000e+00,0.000000e+00,0.000000e+00,0.000000e+00,0.000000e+00,0.000000e+00,0.000000e+00,0.000000e+00,0.000000e+00,0.000000e+00,0.000000e+00,0.000000e+00,0.000000e+00,0.000000e+00,0.000000e+00
1.000000e+00,0.000000e+00,0.000000e+00,0.000000e+00,0.000000e+00,0.000000e+00,0.000000e+00,0.000000e+00,0.000000e+00,0.000000e+00,0.000000e+00,0.000000e+00,0.000000e+00,0.000000e+00,0.000000e+00
1.000000e+00,0.000000e+00,0.000000e+00,0.000000e+00,0.000000e+00,0.000000e+00,0.000000e+00,0.000000e+00,0.000000e+00,0.000000e+00,0.000000e+00,0.000000e+00,0.000000e+00,0.000000e+00,0.000000e+00
1.000000e+00,0.000000e+00,0.000000e+00,0.000000e+00,0.000000e+00,0.000000e+00,0.000000e+00,0.000000e+00,0.000000e+00,0.000000e+00,0.000000e+00,0.000000e+00,0.000000e+00,0.000000e+00,0.000000e+00
1.000000e+00,0.000000e+00,0.000000e+00,0.000000e+00,0.000000e+00,0.000000e+00,0.000000e+00,0.000000e+00,0.000000e+00,0.000000e+00,0.000000e+00,0.000000e+00,0.000000e+00,0.000000e+00,0.000000e+00
1.000000e+00,0.000000e+00,0.000000e+00,0.000000e+00,0.000000e+00,0.000000e+00,0.000000e+00,0.000000e+00,0.000000e+00,0.000000e+00,0.000000e+00,0.000000e+00,0.000000e+00,0.000000e+00,0.000000e+00
1.000000e+00,0.000000e+00,0.000000e+00,0.000000e+00,0.000000e+00,0.000000e+00,0.000000e+00,0.000000e+00,0.000000e+00,0.000000e+00,0.000000e+00,0.000000e+00,0.000000e+00,0.000000e+00,0.000000e+00
1.000000e+00,0.000000e+00,0.000000e+00,0.000000e+00,0.000000e+00,0.000000e+00,0.000000e+00,0.000000e+00,0.000000e+00,0.000000e+00,0.000000e+00,0.000000e+00,0.000000e+00,0.000000e+00,0.000000e+00
1.000000e+00,0.000000e+00,0.000000e+00,0.000000e+00,0.000000e+00,0.000000e+00,0.000000e+00,0.000000e+00,0.000000e+00,0.000000e+00,0.000000e+00,0.000000e+00,0.000000e+00,0.000000e+00,0.000000e+00
1.000000e+00,0.000000e+00,0.000000e+00,0.000000e+00,0.000000e+00,0.000000e+00,0.000000e+00,0.000000e+00,0.000000e+00,0.000000e+00,0.000000e+00,0.000000e+00,0.000000e+00,0.000000e+00,0.000000e+00
1.000000e+00,0.000000e+00,0.000000e+00,0.000000e+00,0.000000e+00,0.000000e+00,0.000000e+00,0.000000e+00,0.000000e+00,0.000000e+00,0.000000e+00,0.000000e+00,0.000000e+00,0.000000e+00,0.000000e+00
1.000000e+00,0.000000e+00,0.000000e+00,0.000000e+00,0.000000e+00,0.000000e+00,0.000000e+00,0.000000e+00,0.000000e+00,0.000000e+00,0.000000e+00,0.000000e+00,0.000000e+00,0.000000e+00,0.000000e+00
1.000000e+00,0.000000e+00,0.000000e+00,0.000000e+00,0.000000e+00,0.000000e+00,0.000000e+00,0.000000e+00,0.000000e+00,0.000000e+00,0.000000e+00,0.000000e+00,0.000000e+00,0.000000e+00,0.000000e+00
1.000000e+00,0.000000e+00,0.000000e+00,0.000000e+00,0.000000e+00,0.000000e+00,0.000000e+00,0.000000e+00,0.000000e+00,0.000000e+00,0.000000e+00,0.000000e+00,0.000000e+00,0.000000e+00,0.000000e+00
1.000000e+00,0.000000e+00,0.000000e+00,0.000000e+00,0.000000e+00,0.000000e+00,0.000000e+00,0.000000e+00,0.000000e+00,0.000000e+00,0.000000e+00,0.000000e+00,0.000000e+00,0.000000e+00,0.000000e+00
1.000000e+00,0.000000e+00,0.000000e+00,0.000000e+00,0.000000e+00,0.000000e+00,0.000000e+00,0.000000e+00,0.000000e+00,0.000000e+00,0.000000e+00,0.000000e+00,0.000000e+00,0.000000e+00,0.000000e+00
1.000000e+00,0.000000e+00,0.000000e+00,0.000000e+00,0.000000e+00,0.000000e+00,0.000000e+00,0.000000e+00,0.000000e+00,0.000000e+00,0.000000e+00,0.000000e+00,0.000000e+00,0.000000e+00,0.000000e+00
1.000000e+00,0.000000e+00,0.000000e+00,0.000000e+00,0.000000e+00,0.000000e+00,0.000000e+00,0.000000e+00,0.000000e+00,0.000000e+00,0.000000e+00,0.000000e+00,0.000000e+00,0.000000e+00,0.000000e+00
1.000000e+00,0.000000e+00,0.000000e+00,0.000000e+00,0.000000e+00,0.000000e+00,0.000000e+00,0.000000e+00,0.000000e+00,0.000000e+00,0.000000e+00,0.000000e+00,0.000000e+00,0.000000e+00,0.000000e+00
1.000000e+00,0.000000e+00,0.000000e+00,0.000000e+00,0.000000e+00,0.000000e+00,0.000000e+00,0.000000e+00,0.000000e+00,0.000000e+00,0.000000e+00,0.000000e+00,0.000000e+00,0.000000e+00,0.000000e+00
1.000000e+00,0.000000e+00,0.000000e+00,0.000000e+00,0.000000e+00,0.000000e+00,0.000000e+00,0.000000e+00,0.000000e+00,0.000000e+00,0.000000e+00,0.000000e+00,0.000000e+00,0.000000e+00,0.000000e+00
1.000000e+00,0.000000e+00,0.000000e+00,0.000000e+00,0.000000e+00,0.000000e+00,0.000000e+00,0.000000e+00,0.000000e+00,0.000000e+00,0.000000e+00,0.000000e+00,0.000000e+00,0.000000e+00,0.000000e+00
1.000000e+00,0.000000e+00,0.000000e+00,0.000000e+00,0.000000e+00,0.000000e+00,0.000000e+00,0.000000e+00,0.000000e+00,0.000000e+00,0.000000e+00,0.000000e+00,0.000000e+00,0.000000e+00,0.000000e+00
1.000000e+00,0.000000e+00,0.000000e+00,0.000000e+00,0.000000e+00,0.000000e+00,0.000000e+00,0.000000e+00,0.000000e+00,0.000000e+00,0.000000e+00,0.000000e+00,0.000000e+00,0.000000e+00,0.000000e+00
1.000000e+00,0.000000e+00,0.000000e+00,0.000000e+00,0.000000e+00,0.000000e+00,0.000000e+00,0.000000e+00,0.000000e+00,0.000000e+00,0.000000e+00,0.000000e+00,0.000000e+00,0.000000e+00,0.000000e+00
1.000000e+00,0.000000e+00,0.000000e+00,0.000000e+00,0.000000e+00,0.000000e+00,0.000000e+00,0.000000e+00,0.000000e+00,0.000000e+00,0.000000e+00,0.000000e+00,0.000000e+00,0.000000e+00,0.000000e+00
1.000000e+00,0.000000e+00,0.000000e+00,0.000000e+00,0.000000e+00,0.000000e+00,0.000000e+00,0.000000e+00,0.000000e+00,0.000000e+00,0.000000e+00,0.000000e+00,0.000000e+00,0.000000e+00,0.000000e+00
1.000000e+00,0.000000e+00,0.000000e+00,0.000000e+00,0.000000e+00,0.000000e+00,0.000000e+00,0.000000e+00,0.000000e+00,0.000000e+00,0.000000e+00,0.000000e+00,0.000000e+00,0.000000e+00,0.000000e+00
1.000000e+00,0.000000e+00,0.000000e+00,0.000000e+00,0.000000e+00,0.000000e+00,0.000000e+00,0.000000e+00,0.000000e+00,0.000000e+00,0.000000e+00,0.000000e+00,0.000000e+00,0.000000e+00,0.000000e+00
1.000000e+00,0.000000e+00,0.000000e+00,0.000000e+00,0.000000e+00,0.000000e+00,0.000000e+00,0.000000e+00,0.000000e+00,0.000000e+00,0.000000e+00,0.000000e+00,0.000000e+00,0.000000e+00,0.000000e+00
1.000000e+00,0.000000e+00,0.000000e+00,0.000000e+00,0.000000e+00,0.000000e+00,0.000000e+00,0.000000e+00,0.000000e+00,0.000000e+00,0.000000e+00,0.000000e+00,0.000000e+00,0.000000e+00,0.000000e+00
1.000000e+00,0.000000e+00,0.000000e+00,0.000000e+00,0.000000e+00,0.000000e+00,0.000000e+00,0.000000e+00,0.000000e+00,0.000000e+00,0.000000e+00,0.000000e+00,0.000000e+00,0.000000e+00,0.000000e+00
1.000000e+00,0.000000e+00,0.000000e+00,0.000000e+00,0.000000e+00,0.000000e+00,0.000000e+00,0.000000e+00,0.000000e+00,0.000000e+00,0.000000e+00,0.000000e+00,0.000000e+00,0.000000e+00,0.000000e+00
1.000000e+00,0.000000e+00,0.000000e+00,0.000000e+00,0.000000e+00,0.000000e+00,0.000000e+00,0.000000e+00,0.000000e+00,0.000000e+00,0.000000e+00,0.000000e+00,0.000000e+00,0.000000e+00,0.000000e+00
1.000000e+00,0.000000e+00,0.000000e+00,0.000000e+00,0.000000e+00,0.000000e+00,0.000000e+00,0.000000e+00,0.000000e+00,0.000000e+00,0.000000e+00,0.000000e+00,0.000000e+00,0.000000e+00,0.000000e+00
1.000000e+00,0.000000e+00,0.000000e+00,0.000000e+00,0.000000e+00,0.000000e+00,0.000000e+00,0.000000e+00,0.000000e+00,0.000000e+00,0.000000e+00,0.000000e+00,0.000000e+00,0.000000e+00,0.000000e+00
1.000000e+00,0.000000e+00,0.000000e+00,0.000000e+00,0.000000e+00,0.000000e+00,0.000000e+00,0.000000e+00,0.000000e+00,0.000000e+00,0.000000e+00,0.000000e+00,0.000000e+00,0.000000e+00,0.000000e+00
1.000000e+00,0.000000e+00,0.000000e+00,0.000000e+00,0.000000e+00,0.000000e+00,0.000000e+00,0.000000e+00,0.000000e+00,0.000000e+00,0.000000e+00,0.000000e+00,0.000000e+00,0.000000e+00,0.000000e+00
1.000000e+00,0.000000e+00,0.000000e+00,0.000000e+00,0.000000e+00,0.000000e+00,0.000000e+00,0.000000e+00,0.000000e+00,0.000000e+00,0.000000e+00,0.000000e+00,0.000000e+00,0.000000e+00,0.000000e+00
1.000000e+00,0.000000e+00,0.000000e+00,0.000000e+00,0.000000e+00,0.000000e+00,0.000000e+00,0.000000e+00,0.000000e+00,0.000000e+00,0.000000e+00,0.000000e+00,0.000000e+00,0.000000e+00,0.000000e+00
4.043467e-01,1.645998e-02,3.594498e-02,3.009461e-02,7.009295e-03,3.199849e-01,4.226821e-02,3.427105e-02,5.995599e-03,1.969501e-03,1.665112e-02,2.586423e-02,3.271139e-02,4.140908e-03,2.228750e-02
3.847372e-01,1.372005e-02,4.263816e-02,2.368429e-02,7.333177e-03,3.212128e-01,5.676377e-02,6.075111e-02,4.844178e-03,1.606093e-03,1.238198e-02,2.056578e-02,2.776522e-02,3.483730e-03,1.851239e-02
2.995181e-01,1.040834e-02,5.899429e-02,1.858667e-02,6.424287e-03,2.901931e-01,1.301970e-01,1.151907e-01,3.587920e-03,1.239736e-03,9.011865e-03,1.575794e-02,2.419150e-02,2.738167e-03,1.396039e-02
2.262962e-01,7.641335e-03,1.315219e-01,1.749544e-02,5.636022e-03,2.131030e-01,1.426703e-01,2.041369e-01,2.630732e-03,9.268945e-04,6.465331e-03,1.169314e-02,1.767146e-02,2.001628e-03,1.010976e-02
1.682292e-01,5.484766e-03,1.179233e-01,1.478376e-02,4.296206e-03,1.965844e-01,1.947881e-01,2.572724e-01,1.950103e-03,7.066469e-04,4.604080e-03,8.576022e-03,1.570114e-02,1.525973e-03,7.574017e-03
1.331336e-01,3.958734e-03,9.635086e-02,1.247467e-02,3.418519e-03,1.590555e-01,2.096419e-01,3.514342e-01,1.421563e-03,5.360659e-04,3.272984e-03,6.211368e-03,1.235515e-02,1.173593e-03,5.561367e-03
1.104472e-01,3.003923e-03,9.966607e-02,1.323468e-02,3.229526e-03,1.318182e-01,2.004017e-01,4.143075e-01,1.056292e-03,5.338736e-04,2.386477e-03,4.687048e-03,9.994926e-03,9.530491e-04,4.279612e-03
8.435153e-02,2.521999e-03,1.186134e-01,1.295178e-02,4.249673e-03,9.820542e-02,2.407920e-01,4.179382e-01,8.644979e-04,8.215296e-04,1.798019e-03,3.856753e-03,8.834635e-03,7.913667e-04,3.409158e-03
7.481603e-02,2.125815e-03,1.423207e-01,1.599346e-02,5.587871e-03,7.483323e-02,2.246291e-01,4.425648e-01,7.672330e-04,8.926537e-04,1.417736e-03,3.234342e-03,7.432484e-03,6.302175e-04,2.754442e-03
6.970982e-02,1.760895e-03,1.250336e-01,1.854508e-02,6.545521e-03,5.610318e-02,1.807046e-01,5.269475e-01,6.937837e-04,1.006929e-03,1.120560e-03,2.736623e-03,6.409950e-03,5.042136e-04,2.177746e-03
7.441699e-02,1.827091e-03,1.156837e-01,2.116696e-02,6.996648e-03,4.577586e-02,1.627911e-01,5.568582e-01,6.290606e-04,1.114104e-03,9.763526e-04,2.865548e-03,6.375656e-03,4.828092e-04,2.039887e-03
5.880130e-02,1.557010e-03,8.884206e-02,1.621144e-02,6.731881e-03,4.341870e-02,1.504804e-01,6.174190e-01,5.569760e-04,1.124140e-03,7.788834e-04,3.240368e-03,8.635874e-03,4.547718e-04,1.747245e-03
7.300670e-02,1.449469e-03,6.927866e-02,1.406790e-02,9.614039e-03,9.498137e-02,1.135867e-01,5.963284e-01,1.552678e-03,1.654372e-03,2.176338e-03,4.259515e-03,1.501154e-02,5.079822e-04,2.524324e-03
6.530276e-02,1.605736e-03,5.472934e-02,1.157350e-02,1.108525e-02,7.830816e-02,9.314580e-02,5.680981e-01,3.857431e-03,4.444099e-03,1.240630e-02,9.428686e-03,8.002988e-02,1.573242e-03,4.411708e-03
4.776325e-02,1.311958e-03,3.982955e-02,8.832195e-03,8.100366e-03,5.564633e-02,6.654868e-02,4.145210e-01,4.558368e-02,4.335102e-02,5.259294e-02,3.109061e-02,1.014026e-01,6.885760e-02,1.456815e-02
3.423934e-02,1.029382e-03,2.800010e-02,6.522266e-03,6.021340e-03,3.968907e-02,4.680100e-02,2.972935e-01,8.064844e-02,4.411429e-02,1.132803e-01,6.506059e-02,1.082949e-01,1.168804e-01,1.212509e-02
2.425503e-02,7.510615e-04,1.967514e-02,5.076161e-03,4.490767e-03,2.789148e-02,3.308803e-02,2.096320e-01,6.230289e-02,3.686356e-02,1.315282e-01,2.455521e-01,8.606746e-02,1.039667e-01,8.859419e-03
1.706918e-02,5.536147e-04,1.380326e-02,3.709490e-03,3.232380e-03,1.955168e-02,2.322435e-02,1.471226e-01,5.027363e-02,2.768396e-02,1.074240e-01,3.830362e-01,8.484618e-02,1.117148e-01,6.754595e-03
1.213831e-02,4.920810e-04,9.746116e-03,2.740688e-03,2.557087e-03,1.373054e-02,1.641272e-02,1.035090e-01,4.248883e-02,3.440442e-02,1.666916e-01,3.603090e-01,6.504963e-02,1.612485e-01,8.481378e-03
8.611851e-03,4.025780e-04,6.835324e-03,2.006883e-03,1.871323e-03,9.630323e-03,1.153072e-02,7.260495e-02,4.549226e-02,2.906043e-02,1.208235e-01,4.302738e-01,5.835235e-02,1.957633e-01,6.740354e-03
6.065240e-03,3.926824e-04,4.794856e-03,1.462453e-03,1.540744e-03,6.757704e-03,8.096610e-03,5.086888e-02,6.041528e-02,2.212656e-02,8.821395e-02,4.883419e-01,4.291025e-02,2.130390e-01,4.973844e-03
4.291464e-03,4.142401e-04,3.395936e-03,1.144187e-03,1.763555e-03,4.761722e-03,5.685662e-03,3.576449e-02,1.370258e-01,1.634103e-02,6.677871e-02,3.955196e-01,3.063882e-02,2.928146e-01,3.660131e-03
3.108630e-03,6.149247e-04,2.410031e-03,1.054727e-03,1.474242e-03,3.698345e-03,3.993357e-03,2.508555e-02,2.039642e-01,1.304170e-02,5.844457e-02,2.842014e-01,2.172662e-02,3.741821e-01,2.999534e-03
2.206602e-03,8.580621e-04,1.721156e-03,8.094776e-04,1.165353e-03,2.882131e-03,2.798559e-03,1.757181e-02,2.704782e-01,9.988111e-03,4.810808e-02,2.022284e-01,1.542131e-02,4.212135e-01,2.549170e-03
1.668004e-03,1.476048e-03,2.154231e-03,1.351138e-03,2.702251e-03,6.612490e-03,1.976388e-03,1.245282e-02,4.046809e-01,7.810423e-03,3.834526e-02,1.421313e-01,1.295206e-02,3.610349e-01,2.651651e-03
1.260243e-03,2.207340e-03,2.229034e-03,1.129580e-03,3.288693e-03,5.228601e-03,1.392134e-03,8.824187e-03,4.830134e-01,6.082756e-03,2.934508e-02,9.990068e-02,9.495508e-03,3.441159e-01,2.486823e-03
1.223116e-03,3.317560e-03,3.263627e-03,8.579196e-04,2.663006e-03,5.889271e-03,9.784983e-04,6.259651e-03,5.180125e-01,4.915956e-03,2.265707e-02,7.005612e-02,6.864788e-03,3.504896e-01,2.551255e-03
3.499321e-03,4.223206e-03,1.053744e-02,1.060844e-03,2.550249e-03,1.170298e-02,7.116204e-04,5.353160e-03,5.440723e-01,4.471158e-03,1.835152e-02,4.937326e-02,5.132185e-03,3.358856e-01,3.075043e-03
6.746108e-03,4.375186e-03,9.381230e-03,1.141321e-03,3.519171e-03,1.371814e-02,5.586234e-04,4.347969e-03,5.340247e-01,3.750016e-03,1.447891e-02,3.465544e-02,3.780858e-03,3.626108e-01,2.911491e-03
1.315326e-02,4.123123e-03,1.394167e-02,2.855417e-03,7.569974e-03,1.138735e-01,2.056637e-03,1.193369e-02,4.717129e-01,3.289718e-03,1.120741e-02,2.436373e-02,2.838590e-03,3.140507e-01,3.029596e-03
2.538354e-02,3.327599e-03,2.432169e-02,8.929498e-03,1.002234e-02,1.811162e-01,6.272539e-03,5.695577e-02,4.100691e-01,3.119134e-03,8.586222e-03,1.713124e-02,2.160829e-03,2.396394e-01,2.964919e-03
3.625223e-02,2.708049e-03,3.783672e-02,6.742597e-03,1.006156e-02,1.884310e-01,7.001652e-02,1.120652e-01,3.202849e-01,2.481452e-03,8.233463e-03,1.204404e-02,2.057900e-03,1.882003e-01,2.584084e-03
3.823694e-02,2.139600e-03,3.250590e-02,4.820374e-03,9.572501e-03,1.500033e-01,2.600802e-01,1.053356e-01,2.302222e-01,2.156491e-03,7.142861e-03,8.451157e-03,3.311554e-03,1.429479e-01,3.073454e-03
4.077538e-02,1.759652e-03,2.709901e-02,3.566177e-03,8.278104e-03,1.197837e-01,4.018800e-01,1.017685e-01,1.664762e-01,2.040583e-03,6.304139e-03,5.962465e-03,3.773314e-03,1.076517e-01,2.881209e-03
3.555935e-02,1.312278e-03,2.239322e-02,2.716387e-03,6.374747e-03,8.643673e-02,5.331051e-01,1.019081e-01,1.177128e-01,1.664233e-03,4.655935e-03,4.222851e-03,3.492617e-03,7.624320e-02,2.202385e-03
2.844897e-02,9.609564e-04,1.711313e-02,1.983375e-03,5.186864e-03,6.285524e-02,6.345714e-01,9.959891e-02,8.290675e-02,1.329421e-03,3.333293e-03,2.987607e-03,3.111566e-03,5.386607e-02,1.746536e-03
2.133815e-02,7.113923e-04,1.267260e-02,1.486238e-03,4.383049e-03,4.648079e-02,7.148454e-01,9.201843e-02,5.821768e-02,1.038548e-03,2.380523e-03,2.108698e-03,3.008746e-03,3.780115e-02,1.508651e-03
1.617839e-02,5.609726e-04,9.414282e-03,1.059510e-03,4.121066e-03,3.431886e-02,7.898182e-01,6.754955e-02,4.104043e-02,9.317755e-04,2.014296e-03,1.508901e-03,2.812580e-03,2.674009e-02,1.931055e-03
1.373365e-02,8.197951e-04,7.682616e-03,8.079674e-04,6.143134e-03,2.570257e-02,8.217614e-01,5.040829e-02,3.158055e-02,1.996633e-03,4.141527e-03,1.233400e-03,2.335718e-03,2.036272e-02,1.129013e-02
1.504630e-02,3.351841e-03,8.415025e-03,6.975393e-04,1.208908e-02,2.040218e-02,7.127130e-01,3.635545e-02,3.820609e-02,1.249415e-02,3.168668e-02,2.518068e-03,3.788093e-03,7.378951e-02,2.844703e-02
1.175062e-02,3.923194e-03,7.359928e-03,5.289339e-04,1.161397e-02,1.532188e-02,6.381807e-01,2.611397e-02,5.246475e-02,2.318969e-02,4.184021e-02,3.885074e-03,4.791471e-03,1.154644e-01,4.357129e-02
8.761931e-03,3.090304e-03,5.756647e-03,4.451491e-04,1.291054e-02,1.209115e-02,4.757018e-01,1.854929e-02,6.896436e-02,5.460370e-02,6.524883e-02,6.914167e-03,6.485787e-03,1.880123e-01,7.246396e-02
6.599014e-03,2.376138e-03,4.131871e-03,5.255063e-04,1.049025e-02,9.973822e-03,3.352990e-01,1.312187e-02,1.582929e-01,4.697931e-02,5.784231e-02,5.466715e-03,5.806025e-03,2.061321e-01,1.369631e-01
4.773732e-03,1.709539e-03,2.948347e-03,4.499470e-04,8.680477e-03,7.426475e-03,2.353254e-01,9.269943e-03,2.207972e-01,3.470987e-02,5.587400e-02,4.343137e-03,5.874497e-03,2.793415e-01,1.284760e-01
3.753849e-03,1.332780e-03,2.098142e-03,4.750722e-04,6.319068e-03,7.109798e-03,1.649373e-01,6.561690e-03,3.001164e-01,3.917912e-02,4.716738e-02,3.682079e-03,5.215923e-03,2.947043e-01,1.173472e-01
2.952019e-03,1.403838e-03,1.608284e-03,5.479410e-04,4.846320e-03,7.135812e-03,1.155839e-01,4.637853e-03,3.184762e-01,4.745649e-02,5.183735e-02,3.246278e-03,5.338205e-03,3.088375e-01,1.260920e-01
5.239249e-03,2.184365e-03,2.255263e-03,6.619655e-04,4.030351e-03,8.438665e-03,8.134349e-02,3.479020e-03,2.972233e-01,9.094414e-02,5.984121e-02,3.735561e-03,6.379510e-03,3.103838e-01,1.238601e-01
5.366821e-03,2.414071e-03,2.056508e-02,7.337791e-04,3.797588e-03,9.668666e-03,5.835255e-02,2.961834e-03,2.509720e-01,2.048339e-01,6.353975e-02,3.713808e-03,6.404144e-03,2.542410e-01,1.124349e-01
4.682733e-03,1.996697e-03,1.709017e-02,1.037674e-03,4.645726e-03,8.399820e-03,4.139164e-02,2.201693e-03,1.867417e-01,3.556209e-01,4.900875e-02,3.342113e-03,5.720868e-03,2.179589e-01,1.001607e-01
3.528799e-03,1.539760e-03,1.395253e-02,1.020366e-03,4.078096e-03,6.399150e-03,2.910713e-02,1.620181e-03,1.352063e-01,5.183929e-01,3.725967e-02,3.195559e-03,9.439517e-03,1.608027e-01,7.445733e-02
2.510216e-03,1.090906e-03,9.954600e-03,2.028004e-03,3.633728e-03,4.556225e-03,2.039626e-02,2.065175e-03,9.948398e-02,6.445253e-01,2.813981e-02,3.164552e-03,7.672812e-03,1.161001e-01,5.467825e-02
1.997390e-03,9.691750e-04,1.230557e-02,2.033518e-02,6.016588e-03,3.716621e-03,1.471444e-02,3.016540e-02,1.009739e-01,5.762681e-01,2.679008e-02,4.036367e-03,1.296702e-02,9.495074e-02,9.379347e-02
1.691685e-03,1.034714e-03,1.111885e-01,3.824067e-02,8.921478e-03,2.785750e-03,1.065468e-02,1.518951e-01,8.207282e-02,4.120024e-01,2.422119e-02,3.363303e-03,1.265578e-02,6.820633e-02,7.106563e-02
1.916957e-03,3.154546e-03,1.848126e-01,7.398368e-02,1.813493e-02,2.638234e-03,7.573464e-03,1.325071e-01,1.325966e-01,2.969362e-01,1.998496e-02,2.670925e-03,1.103490e-02,5.016869e-02,6.188618e-02
4.509298e-03,5.033049e-03,2.839516e-01,8.735637e-02,3.720199e-02,4.122962e-03,5.710408e-03,1.091825e-01,1.401778e-01,2.117941e-01,1.568987e-02,2.035480e-03,8.303389e-03,3.696929e-02,4.796191e-02
2.869697e-02,1.014666e-02,3.306407e-01,7.041959e-02,9.554977e-02,1.952879e-02,8.424276e-03,8.436792e-02,1.072878e-01,1.504558e-01,1.296210e-02,1.530688e-03,6.399730e-03,2.845527e-02,4.513402e-02
3.879414e-02,3.977362e-02,2.912234e-01,6.223770e-02,1.586776e-01,4.515070e-02,1.673890e-02,6.902636e-02,8.720277e-02,1.062867e-01,9.384067e-03,1.225450e-03,5.448626e-03,2.087466e-02,4.795524e-02
3.414660e-02,1.045228e-01,2.206765e-01,8.820194e-02,2.054344e-01,5.041188e-02,1.477280e-02,7.442840e-02,6.673446e-02,7.521692e-02,6.926173e-03,9.671426e-04,4.183579e-03,1.540540e-02,3.797104e-02
2.998419e-02,1.157878e-01,1.605624e-01,1.285628e-01,2.316302e-01,4.160056e-02,1.170411e-02,1.190455e-01,6.000349e-02,5.321821e-02,5.479594e-03,8.606491e-04,3.199022e-03,1.104593e-02,2.731560e-02
2.699290e-02,8.300988e-02,1.150589e-01,9.421042e-02,1.900508e-01,3.033987e-02,8.477555e-03,3.380249e-01,4.214508e-02,3.729324e-02,4.328352e-03,6.928738e-04,2.474876e-03,7.747476e-03,1.915296e-02
2.367239e-02,5.933877e-02,8.307295e-02,6.834210e-02,1.460603e-01,2.174017e-02,6.125866e-03,5.106374e-01,2.964317e-02,2.611790e-02,3.743128e-03,5.491891e-04,2.098181e-03,5.435818e-03,1.342267e-02
1.778562e-02,4.165555e-02,5.829993e-02,4.810255e-02,1.140908e-01,1.548564e-02,4.489206e-03,6.429101e-01,2.079170e-02,1.829703e-02,2.836335e-03,4.142631e-04,1.623683e-03,3.809216e-03,9.408392e-03
1.402240e-02,2.919817e-02,4.087754e-02,3.381509e-02,8.349268e-02,1.160734e-02,3.790119e-03,7.424380e-01,1.458383e-02,1.281769e-02,2.162533e-03,3.949133e-04,1.521360e-03,2.671002e-03,6.607387e-03
1.286588e-02,2.050018e-02,2.880967e-02,2.391145e-02,6.776560e-02,1.010036e-02,7.639513e-03,7.956473e-01,1.030391e-02,9.047765e-03,2.460283e-03,4.418972e-04,3.791835e-03,1.881813e-03,4.832606e-03
1.364999e-02,1.442010e-02,2.025170e-02,1.701890e-02,6.269708e-02,1.184644e-02,6.973402e-03,8.229663e-01,7.589801e-03,6.347307e-03,2.295031e-03,7.370104e-04,8.299256e-03,1.336922e-03,3.570698e-03
1.669880e-02,1.036378e-02,1.424725e-02,1.665740e-02,5.139054e-02,4.104334e-02,6.139226e-03,6.547388e-01,6.690107e-03,4.662324e-03,2.383639e-02,5.100957e-03,1.333592e-01,1.046089e-03,1.402578e-02
1.939152e-02,7.518896e-03,1.027230e-02,1.670819e-02,3.830769e-02,4.191916e-02,1.179574e-02,4.840727e-01,6.083667e-03,3.685351e-03,2.510798e-02,8.949280e-03,2.900462e-01,8.901529e-04,3.525116e-02
2.190321e-02,5.373044e-03,7.319743e-03,1.250965e-02,2.956525e-02,3.922553e-02,1.069972e-02,3.444330e-01,5.560609e-03,2.833089e-03,3.020089e-02,1.228922e-02,4.359217e-01,7.004886e-04,4.146493e-02
1.890251e-02,3.928085e-03,5.262636e-03,9.372937e-03,2.991708e-02,3.533832e-02,9.573096e-03,2.437192e-01,5.082453e-03,2.726588e-03,5.841569e-02,1.506823e-02,4.964042e-01,6.001903e-04,6.568892e-02
1.908701e-02,3.120909e-03,4.232116e-03,8.349816e-03,3.014043e-02,4.593826e-02,8.193160e-03,1.808639e-01,6.871804e-03,2.893623e-03,8.825366e-02,2.256964e-02,5.203965e-01,6.975094e-04,5.839170e-02
2.020234e-02,2.590637e-03,3.530915e-03,7.559563e-03,2.640857e-02,5.480643e-02,7.066442e-03,1.335094e-01,9.999614e-03,3.372199e-03,1.127711e-01,2.945416e-02,5.389433e-01,7.214171e-04,4.906377e-02
1.725174e-02,2.966462e-03,5.541165e-03,8.607404e-03,2.495702e-02,9.631146e-02,5.965467e-03,9.936708e-02,2.361256e-02,7.249666e-03,1.065012e-01,3.951500e-02,4.974245e-01,1.355878e-03,6.337328e-02
1.371839e-02,7.187537e-03,4.547762e-03,7.453515e-03,2.089581e-02,9.842581e-02,4.321804e-03,7.301668e-02,1.571688e-01,5.674176e-03,9.480054e-02,3.261654e-02,4.231333e-01,1.312758e-03,5.572646e-02
1.122904e-02,1.327497e-02,3.517555e-03,8.167419e-03,1.797912e-02,1.144349e-01,3.225516e-03,5.229637e-02,2.895201e-01,5.289425e-03,7.631721e-02,2.914178e-02,3.266371e-01,1.362965e-03,4.760647e-02
9.096194e-03,1.693732e-02,2.700998e-03,9.295993e-03,1.582019e-02,1.585509e-01,2.351650e-03,3.744996e-02,3.473518e-01,4.661082e-03,6.297399e-02,2.794031e-02,2.505094e-01,1.604152e-03,5.275603e-02
7.320172e-03,1.969495e-02,2.183380e-03,1.024667e-02,1.730176e-02,2.002880e-01,1.715379e-03,2.695008e-02,3.739652e-01,4.454860e-03,5.989968e-02,2.788265e-02,1.926817e-01,1.746282e-03,5.366923e-02
5.619164e-03,2.309700e-02,1.633103e-03,1.797408e-02,1.378322e-02,3.034340e-01,1.223310e-03,1.909043e-02,3.501896e-01,5.123236e-03,4.750594e-02,2.106563e-02,1.398501e-01,2.398147e-03,4.801296e-02
5.400178e-03,3.109853e-02,1.401215e-03,4.765750e-02,1.000693e-02,2.942015e-01,8.970269e-04,1.357882e-02,3.705208e-01,6.917838e-03,4.037512e-02,1.825527e-02,1.066772e-01,4.245470e-03,4.876669e-02
6.633243e-03,3.133351e-02,1.306631e-03,6.912240e-02,7.534988e-03,2.582845e-01,8.140526e-04,9.892249e-03,3.624482e-01,1.343924e-02,4.894611e-02,2.355727e-02,9.116933e-02,1.173793e-02,6.378032e-02
8.051863e-03,3.112137e-02,1.380200e-03,6.070585e-02,5.510312e-03,2.099207e-01,6.877685e-04,7.058757e-03,2.809652e-01,2.414466e-02,5.414302e-02,3.732409e-02,7.754004e-02,8.216140e-02,1.192848e-01
1.457699e-02,2.850432e-02,1.803825e-03,5.388313e-02,4.196702e-03,1.858460e-01,8.398086e-04,6.227561e-03,2.235516e-01,2.793861e-02,6.594313e-02,1.065936e-01,6.799760e-02,9.583715e-02,1.162601e-01
1.505684e-02,2.194733e-02,1.953963e-03,4.802695e-02,3.076362e-03,3.038988e-01,1.292588e-03,5.222521e-03,1.834898e-01,2.229795e-02,8.094180e-02,1.072540e-01,5.160812e-02,6.878794e-02,8.514503e-02
5.858624e-02,2.113610e-02,2.031954e-03,3.625148e-02,9.093273e-03,2.168603e-01,1.091863e-03,4.382698e-03,1.983241e-01,1.972632e-02,1.614895e-01,1.101634e-01,4.048143e-02,5.809470e-02,6.228668e-02
1.260494e-01,1.946384e-02,2.164214e-03,2.701279e-02,2.494334e-02,1.561667e-01,9.116528e-04,4.908723e-03,1.962747e-01,1.733682e-02,1.979905e-01,1.001067e-01,3.170814e-02,4.961342e-02,4.534904e-02
2.069612e-01,1.687128e-02,5.419572e-03,2.024072e-02,5.791792e-02,1.109272e-01,1.230567e-03,8.616482e-03,1.744812e-01,1.713284e-02,1.966521e-01,7.955371e-02,2.486881e-02,4.602224e-02,3.310420e-02
1.751686e-01,2.018406e-02,4.888607e-03,1.489845e-02,4.888545e-02,7.978676e-02,1.038153e-03,9.542790e-03,1.503707e-01,1.652369e-02,3.171907e-01,6.974747e-02,1.973507e-02,4.617164e-02,2.586793e-02
1.501156e-01,2.121835e-02,2.167674e-02,1.395548e-02,5.242278e-02,6.242026e-02,1.028272e-03,1.365272e-02,1.409069e-01,1.648339e-02,3.783610e-01,5.481752e-02,1.763583e-02,3.606049e-02,1.924461e-02
1.276955e-01,2.522498e-02,5.545944e-02,3.385617e-02,7.589120e-02,1.383017e-01,1.122379e-03,1.212042e-02,1.106117e-01,1.262631e-02,3.122043e-01,4.012864e-02,1.372798e-02,2.606709e-02,1.496214e-02
1.125747e-01,2.866425e-02,5.152209e-02,2.963737e-02,8.057468e-02,2.670121e-01,1.878684e-03,1.036727e-02,8.540665e-02,9.541190e-03,2.535982e-01,2.907878e-02,1.026958e-02,1.898456e-02,1.088988e-02
9.955737e-02,3.056419e-02,4.362371e-02,3.141186e-02,9.148895e-02,3.727259e-01,4.508924e-03,1.418780e-02,6.509523e-02,1.053582e-02,1.844317e-01,2.110559e-02,7.512341e-03,1.500009e-02,8.250549e-03
8.465207e-02,4.075659e-02,4.396812e-02,3.760489e-02,1.028031e-01,4.433299e-01,4.732932e-03,1.566013e-02,4.850974e-02,7.653652e-03,1.328706e-01,1.492016e-02,5.377225e-03,1.098332e-02,6.177626e-03
1.034759e-01,3.487668e-02,6.714514e-02,3.346200e-02,1.314110e-01,4.487247e-01,4.797840e-03,1.212432e-02,3.513527e-02,5.936832e-03,9.492711e-02,1.062200e-02,3.853254e-03,8.349623e-03,5.158383e-03
1.057633e-01,5.055794e-02,6.276996e-02,4.100163e-02,1.655962e-01,4.045388e-01,3.746626e-03,1.429257e-02,3.619242e-02,5.349843e-03,7.700142e-02,1.106992e-02,3.764066e-03,8.001476e-03,1.035379e-02
7.735141e-02,7.208110e-02,4.805020e-02,4.709348e-02,1.179022e-01,3.072390e-01,2.650349e-03,1.088060e-02,7.551365e-02,1.666927e-02,7.983106e-02,8.044402e-03,5.107128e-03,9.244246e-03,1.223419e-01
6.142733e-02,6.110713e-02,3.713707e-02,6.440283e-02,8.703561e-02,2.529392e-01,1.972591e-03,1.278864e-02,1.117569e-01,1.355767e-02,1.832689e-01,6.250742e-03,6.279038e-03,1.003372e-02,9.004271e-02
4.475437e-02,6.056683e-02,4.085103e-02,7.016529e-02,6.221486e-02,1.951792e-01,1.468129e-03,1.001626e-02,1.573044e-01,4.096512e-02,1.888828e-01,6.902318e-03,1.401683e-02,1.254704e-02,9.416550e-02
3.614841e-02,6.393057e-02,4.876149e-02,8.291867e-02,4.589338e-02,1.463247e-01,1.141301e-03,7.596694e-03,1.628745e-01,4.737547e-02,1.811493e-01,8.042207e-03,2.157976e-02,2.163939e-02,1.246241e-01
2.923713e-02,5.694891e-02,4.015123e-02,6.797031e-02,3.566740e-02,1.086571e-01,8.920474e-04,5.931381e-03,1.488823e-01,6.179195e-02,2.415248e-01,6.851258e-03,2.753093e-02,4.866187e-02,1.193014e-01
2.249967e-02,5.005769e-02,2.900825e-02,5.508182e-02,2.682868e-02,7.817557e-02,7.020910e-04,4.312544e-03,2.539589e-01,5.283546e-02,1.805660e-01,5.440244e-03,2.356284e-02,4.810631e-02,1.688640e-01
2.120989e-02,3.976475e-02,5.032461e-02,4.764894e-02,2.115227e-02,5.635829e-02,9.870703e-04,5.559604e-03,2.867646e-01,4.002354e-02,1.551543e-01,4.329168e-03,2.023894e-02,1.160797e-01,1.344044e-01
1.583578e-02,3.063080e-02,4.825682e-02,4.880945e-02,1.602229e-02,4.028771e-02,8.095019e-04,4.238465e-03,4.324939e-01,3.426861e-02,1.136293e-01,3.257794e-03,1.566993e-02,9.503174e-02,1.007579e-01
2.388791e-02,3.431341e-02,9.788863e-02,4.377821e-02,1.564597e-02,3.297276e-02,1.387883e-03,4.608765e-03,4.038238e-01,3.865673e-02,9.881990e-02,6.705057e-03,2.373170e-02,8.713112e-02,8.664814e-02
2.664570e-02,4.712659e-02,8.799575e-02,3.255782e-02,1.246773e-02,2.358845e-02,1.135993e-03,5.103502e-03,4.169845e-01,3.943469e-02,7.594279e-02,6.594748e-03,1.928694e-02,8.675787e-02,1.183770e-01
3.397875e-02,5.126954e-02,8.151048e-02,2.405641e-02,9.920526e-03,1.773340e-02,9.289637e-04,4.649307e-03,3.681391e-01,5.612779e-02,6.373666e-02,5.791309e-03,1.623917e-02,1.014103e-01,1.645082e-01
3.961283e-02,5.152085e-02,6.973533e-02,1.724564e-02,7.668117e-03,1.398400e-02,7.260831e-04,5.169201e-03,2.761135e-01,8.679385e-02,6.189051e-02,5.704286e-03,1.572413e-02,1.398329e-01,2.082788e-01
3.545740e-02,4.417801e-02,6.304464e-02,1.266270e-02,7.419701e-03,1.065126e-02,5.591129e-04,4.854838e-03,2.338157e-01,2.076544e-01,6.488405e-02,4.426090e-03,1.336214e-02,1.139880e-01,1.830419e-01
4.916387e-02,3.339658e-02,5.438105e-02,9.271014e-03,7.684368e-03,8.455444e-03,5.140185e-04,5.737054e-03,1.941684e-01,1.664293e-01,7.530673e-02,3.607778e-03,1.146426e-02,2.292934e-01,1.511267e-01
5.097049e-02,3.304340e-02,4.052405e-02,7.732436e-03,7.300096e-03,9.157937e-03,4.624585e-04,5.022404e-03,1.938353e-01,1.482430e-01,7.925184e-02,3.735028e-03,1.350027e-02,1.795519e-01,2.276695e-01
4.024697e-02,3.049245e-02,2.980174e-02,6.240749e-03,6.675903e-03,8.600667e-03,3.786662e-04,6.042967e-03,1.785607e-01,1.417163e-01,1.320193e-01,6.635511e-03,3.845927e-02,1.471981e-01,2.269307e-01
5.976490e-02,3.129948e-02,2.503501e-02,5.429181e-02,6.587280e-03,6.895917e-03,3.934134e-04,5.690586e-03,2.839270e-01,1.065335e-01,1.016297e-01,6.172433e-03,3.084094e-02,1.096954e-01,1.712426e-01
9.360098e-02,4.876618e-02,2.206687e-02,6.492329e-02,7.867869e-03,8.212959e-03,5.324686e-04,4.819354e-03,2.982689e-01,8.760028e-02,7.921855e-02,6.496739e-03,2.713990e-02,9.480508e-02,1.556806e-01
1.194705e-01,6.007597e-02,1.697215e-02,4.954442e-02,7.001503e-03,7.170346e-03,4.843313e-04,4.183668e-03,2.396902e-01,6.647711e-02,6.322204e-02,5.981365e-03,2.330154e-02,8.348522e-02,2.529396e-01
1.412169e-01,7.270732e-02,2.064531e-02,5.647010e-02,6.119683e-03,9.487940e-03,5.256186e-04,3.627097e-03,2.527584e-01,6.609841e-02,5.887593e-02,7.779585e-03,1.953295e-02,7.088045e-02,2.132743e-01
1.786036e-01,6.847811e-02,1.644120e-02,4.704184e-02,7.527769e-03,1.711866e-02,4.793754e-04,4.335204e-03,2.275492e-01,5.641133e-02,7.855760e-02,1.056832e-02,1.785303e-02,6.874432e-02,2.002904e-01
1.846617e-01,5.190527e-02,1.282151e-02,3.434246e-02,6.808917e-03,1.467697e-02,3.959752e-04,3.820605e-03,1.871319e-01,4.898123e-02,1.803058e-01,1.170215e-02,1.830398e-02,8.748759e-02,1.566539e-01
2.123142e-01,3.973731e-02,9.594115e-03,2.488090e-02,6.315740e-03,1.397595e-02,3.456433e-04,3.851853e-03,1.574338e-01,4.187795e-02,2.110262e-01,1.164502e-02,1.740486e-02,1.251142e-01,1.244821e-01
1.666062e-01,3.827739e-02,7.059989e-03,1.834986e-02,5.256121e-03,1.362648e-02,2.856955e-04,3.623181e-03,1.374156e-01,3.465762e-02,2.967068e-01,1.099136e-02,1.628736e-02,1.286163e-01,1.222401e-01
1.358092e-01,4.444341e-02,5.809712e-03,1.645641e-02,4.851513e-03,1.315855e-02,2.857400e-04,4.271704e-03,1.307233e-01,4.307218e-02,3.577787e-01,1.073078e-02,1.383447e-02,1.173133e-01,1.014609e-01
1.129738e-01,5.051834e-02,5.454077e-03,1.896304e-02,5.392503e-03,1.480921e-02,3.122851e-04,4.051491e-03,1.199101e-01,4.754919e-02,3.928556e-01,1.055291e-02,1.175857e-02,1.241023e-01,8.079657e-02
1.271558e-01,4.957884e-02,1.184381e-02,1.852521e-02,5.818026e-03,1.370491e-02,6.429044e-04,7.121760e-03,1.187976e-01,4.720208e-02,3.668067e-01,1.061613e-02,1.100395e-02,1.480149e-01,6.316739e-02
1.403385e-01,4.273209e-02,1.323657e-02,1.783421e-02,6.802422e-03,1.281011e-02,7.665210e-04,6.935560e-03,1.344302e-01,5.487257e-02,3.063254e-01,1.068424e-02,1.088198e-02,1.933370e-01,4.801251e-02
1.271688e-01,3.542980e-02,5.269607e-02,1.616751e-02,1.308049e-02,1.185675e-02,1.382507e-03,1.341477e-02,1.182218e-01,4.982460e-02,2.765099e-01,8.832165e-03,1.078807e-02,2.289857e-01,3.564113e-02
1.180472e-01,3.009256e-02,4.400567e-02,1.419048e-02,1.900880e-02,1.439642e-02,1.297860e-03,3.791730e-02,1.222446e-01,4.526090e-02,2.699389e-01,1.126941e-02,1.025651e-02,2.360881e-01,2.598526e-02
1.180671e-01,2.649739e-02,3.797587e-02,1.197407e-02,1.957352e-02,1.977490e-02,1.430132e-03,6.363940e-02,1.375118e-01,4.051445e-02,2.303748e-01,9.614469e-03,9.218704e-03,2.541402e-01,1.969321e-02
1.203315e-01,2.058286e-02,8.983473e-02,1.597055e-02,4.538444e-02,2.142921e-02,1.495128e-03,1.495668e-01,1.163011e-01,3.005054e-02,1.739398e-01,7.902812e-03,7.240555e-03,1.857672e-01,1.420277e-02
1.387458e-01,1.839272e-02,1.794974e-01,1.604196e-02,4.582082e-02,2.163992e-02,1.395108e-03,1.656979e-01,9.719053e-02,2.202255e-02,1.330530e-01,7.639012e-03,5.594623e-03,1.364302e-01,1.083844e-02
1.112885e-01,1.669726e-02,3.275252e-01,2.248247e-02,4.462827e-02,1.637908e-02,1.156232e-03,1.518684e-01,7.791613e-02,1.652345e-02,9.536850e-02,6.823319e-03,4.295738e-03,9.724741e-02,9.800136e-03
1.087089e-01,2.934686e-02,3.278190e-01,3.294662e-02,5.218453e-02,1.607601e-02,2.197612e-03,1.417816e-01,1.190820e-01,1.188795e-02,7.063756e-02,6.120011e-03,3.402104e-03,7.033966e-02,7.469654e-03
1.360088e-01,3.876745e-02,3.183905e-01,3.410938e-02,5.520340e-02,3.122970e-02,2.413684e-03,1.176226e-01,1.338189e-01,8.878786e-03,5.429416e-02,6.125933e-03,2.885547e-03,5.310310e-02,7.148086e-03
1.482494e-01,3.293683e-02,4.014474e-01,4.873855e-02,4.825980e-02,2.506733e-02,2.251421e-03,9.419299e-02,1.012416e-01,6.516404e-03,3.936471e-02,5.315131e-03,2.306565e-03,3.816238e-02,5.949542e-03
2.360435e-01,4.307036e-02,3.284655e-01,4.634122e-02,7.525169e-02,3.000290e-02,2.512797e-03,7.638005e-02,8.684970e-02,4.770650e-03,2.898495e-02,4.438731e-03,2.031235e-03,2.892054e-02,5.936263e-03
2.743998e-01,4.142486e-02,3.201611e-01,5.648429e-02,8.878671e-02,3.882533e-02,2.309074e-03,5.832687e-02,6.360789e-02,3.399225e-03,2.102729e-02,3.483002e-03,2.033420e-03,2.102797e-02,4.703299e-03
3.397601e-01,4.086875e-02,2.873897e-01,5.902486e-02,9.009340e-02,4.131947e-02,3.166479e-03,4.549304e-02,4.785679e-02,2.556193e-03,1.575489e-02,4.084747e-03,2.641585e-03,1.577349e-02,4.216566e-03
3.692080e-01,4.093594e-02,2.331490e-01,7.316776e-02,9.550709e-02,5.529136e-02,4.349802e-03,4.237525e-02,3.892500e-02,2.038205e-03,1.316026e-02,9.567847e-03,4.933160e-03,1.259797e-02,4.793469e-03
3.971882e-01,3.703425e-02,2.320128e-01,9.642728e-02,8.358940e-02,4.379523e-02,4.492117e-03,3.333893e-02,2.987090e-02,1.539744e-03,1.005598e-02,1.217416e-02,5.272442e-03,9.165867e-03,4.042798e-03
4.543762e-01,3.492248e-02,2.161896e-01,9.927841e-02,6.404566e-02,3.671996e-02,5.762234e-03,2.677944e-02,2.344969e-02,2.903937e-03,7.657823e-03,1.023481e-02,4.516353e-03,7.277483e-03,5.886018e-03
1.000000e+00,0.000000e+00,0.000000e+00,0.000000e+00,0.000000e+00,0.000000e+00,0.000000e+00,0.000000e+00,0.000000e+00,0.000000e+00,0.000000e+00,0.000000e+00,0.000000e+00,0.000000e+00,0.000000e+00
1.000000e+00,0.000000e+00,0.000000e+00,0.000000e+00,0.000000e+00,0.000000e+00,0.000000e+00,0.000000e+00,0.000000e+00,0.000000e+00,0.000000e+00,0.000000e+00,0.000000e+00,0.000000e+00,0.000000e+00
1.000000e+00,0.000000e+00,0.000000e+00,0.000000e+00,0.000000e+00,0.000000e+00,0.000000e+00,0.000000e+00,0.000000e+00,0.000000e+00,0.000000e+00,0.000000e+00,0.000000e+00,0.000000e+00,0.000000e+00
1.000000e+00,0.000000e+00,0.000000e+00,0.000000e+00,0.000000e+00,0.000000e+00,0.000000e+00,0.000000e+00,0.000000e+00,0.000000e+00,0.000000e+00,0.000000e+00,0.000000e+00,0.000000e+00,0.000000e+00
1.000000e+00,0.000000e+00,0.000000e+00,0.000000e+00,0.000000e+00,0.000000e+00,0.000000e+00,0.000000e+00,0.000000e+00,0.000000e+00,0.000000e+00,0.000000e+00,0.000000e+00,0.000000e+00,0.000000e+00
4.954837e-01,2.405780e-02,3.334214e-02,1.428613e-01,1.405481e-02,1.533802e-02,1.747117e-03,4.712590e-03,1.301122e-01,2.282273e-02,2.114854e-02,1.461214e-02,4.172821e-02,2.590373e-03,3.538828e-02
3.499841e-01,4.590129e-02,2.824078e-02,1.612994e-01,1.088729e-02,1.135573e-02,1.379552e-03,3.735728e-03,2.318254e-01,3.118907e-02,2.278252e-02,1.404660e-02,4.533294e-02,2.188322e-03,3.985121e-02
2.464007e-01,8.068631e-02,2.563264e-02,1.794327e-01,8.244254e-03,8.546998e-03,1.072958e-03,2.996035e-03,2.691792e-01,4.013687e-02,2.366991e-02,1.459073e-02,3.936579e-02,2.381324e-03,5.766360e-02
1.818679e-01,1.133553e-01,2.485126e-02,1.558547e-01,6.497734e-03,7.172844e-03,8.383729e-04,2.296747e-03,2.916654e-01,3.348438e-02,2.490566e-02,1.571113e-02,3.089125e-02,7.237785e-03,1.033695e-01
1.431548e-01,1.012909e-01,2.356304e-02,1.272400e-01,4.999110e-03,7.663874e-03,6.699548e-04,1.850173e-03,2.735495e-01,3.025906e-02,4.532193e-02,4.349809e-02,4.268208e-02,2.231887e-02,1.319387e-01
1.045092e-01,8.444829e-02,2.033957e-02,1.019205e-01,3.597602e-03,6.692970e-03,5.893102e-04,1.413651e-03,2.160093e-01,2.691280e-02,6.428239e-02,1.514471e-01,3.977125e-02,6.272704e-02,1.153390e-01
7.499553e-02,6.209242e-02,1.503379e-02,7.465175e-02,2.815570e-03,5.893344e-03,5.020919e-04,1.948466e-03,1.809827e-01,2.571562e-02,9.893598e-02,2.603453e-01,6.224377e-02,5.114891e-02,8.269484e-02
5.386327e-02,6.194842e-02,1.193999e-02,5.485028e-02,3.579282e-03,4.333694e-03,3.798925e-04,1.642921e-03,2.605093e-01,1.887667e-02,1.582022e-01,2.199354e-01,5.075090e-02,3.941985e-02,5.976800e-02
3.919914e-02,5.159644e-02,9.349838e-03,4.430716e-02,4.335932e-03,4.110642e-03,3.280963e-04,2.368609e-03,3.583392e-01,1.671605e-02,1.560691e-01,1.852232e-01,4.328354e-02,3.854309e-02,4.622992e-02
2.775249e-02,4.311627e-02,7.021684e-03,3.567543e-02,4.174018e-03,4.064531e-03,2.626526e-04,2.156393e-03,4.864842e-01,1.378671e-02,1.263204e-01,1.384479e-01,3.385283e-02,4.073758e-02,3.614694e-02
