1.000000e+00,0.000000e+00,0.000000e+00,0.000000e+00,0.000000e+00,0.000000e+00,0.000000e+00,0.000000e+00,0.000000e+00,0.000000e+00,0.000000e+00,0.000000e+00,0.000000e+00,0.000000e+00,0.000000e+00
1.000000e+00,0.000000e+00,0.000000e+00,0.000000e+00,0.000000e+00,0.000000e+00,0.000000e+00,0.000000e+00,0.000000e+00,0.000000e+00,0.000000e+00,0.000000e+00,0.000000e+00,0.000000e+00,0.000000e+00
1.000000e+00,0.000000e+00,0.000000e+00,0.000000e+00,0.000000e+00,0.000000e+00,0.000000e+00,0.000000e+00,0.000000e+00,0.000000e+00,0.000000e+00,0.000000e+00,0.000000e+00,0.000000e+00,0.000000e+00
1.000000e+00,0.000000e+00,0.000000e+00,0.000000e+00,0.000000e+00,0.000000e+00,0.000000e+00,0.000000e+00,0.000000e+00,0.000000e+00,0.000000e+00,0.000000e+00,0.000000e+00,0.000000e+00,0.000000e+00
1.000000e+00,0.000000e+00,0.000000e+00,0.000000e+00,0.000000e+00,0.000000e+00,0.000000e+00,0.000000e+00,0.000000e+00,0.000000e+00,0.000000e+00,0.000000e+00,0.000000e+00,0.000000e+00,0.000000e+00
1.000000e+00,0.000000e+00,0.000000e+00,0.000000e+00,0.000000e+00,0.000000e+00,0.000000e+00,0.000000e+00,0.000000e+00,0.000000e+00,0.000000e+00,0.000000e+00,0.000000e+00,0.000000e+00,0.000000e+00
1.000000e+00,0.000000e+00,0.000000e+00,0.000000e+00,0.000000e+00,0.000000e+00,0.000000e+00,0.000000e+00,0.000000e+00,0.000000e+00,0.000000e+00,0.000000e+00,0.000000e+00,0.000000e+00,0.000000e+00
1.000000e+00,0.000000e+00,0.000000e+00,0.000000e+00,0.000000e+00,0.000000e+00,0.000000e+00,0.000000e+00,0.000000e+00,0.000000e+00,0.000000e+00,0.000000e+00,0.000000e+00,0.000000e+00,0.000000e+00
1.000000e+00,0.000000e+00,0.000000e+00,0.000000e+00,0.000000e+00,0.000000e+00,0.000000e+00,0.000000e+00,0.000000e+00,0.000000e+00,0.000000e+00,0.000000e+00,0.000000e+00,0.000000e+00,0.000000e+00
1.000000e+00,0.000000e+00,0.000000e+00,0.000000e+00,0.000000e+00,0.000000e+00,0.000000e+00,0.000000e+00,0.000000e+00,0.000000e+00,0.000000e+00,0.000000e+00,0.000000e+00,0.000000e+00,0.000000e+00
1.000000e+00,0.000000e+00,0.000000e+00,0.000000e+00,0.000000e+00,0.000000e+00,0.000000e+00,0.000000e+00,0.000000e+00,0.000000e+00,0.000000e+00,0.000000e+00,0.000000e+00,0.000000e+00,0.000000e+00
1.000000e+00,0.000000e+00,0.000000e+00,0.000000e+00,0.000000e+00,0.000000e+00,0.000000e+00,0.000000e+00,0.000000e+00,0.000000e+00,0.000000e+00,0.000000e+00,0.000000e+00,0.000000e+00,0.000000e+00
1.000000e+00,0.000000e+00,0.000000e+00,0.000000e+00,0.000000e+00,0.000000e+00,0.000000e+00,0.000000e+00,0.000000e+00,0.000000e+00,0.000000e+00,0.000000e+00,0.000000e+00,0.000000e+00,0.000000e+00
1.000000e+00,0.000000e+00,0.000000e+00,0.000000e+00,0.000000e+00,0.000000e+00,0.000000e+00,0.000000e+00,0.000000e+00,0.000000e+00,0.000000e+00,0.000000e+00,0.000000e+00,0.000000e+00,0.000000e+00
1.000000e+00,0.000000e+00,0.000000e+00,0.000000e+00,0.000000e+00,0.000000e+00,0.000000e+00,0.000000e+00,0.000000e+00,0.000000e+00,0.000000e+00,0.000000e+00,0.000000e+00,0.000000e+00,0.000000e+00
1.000000e+00,0.000000e+00,0.000000e+00,0.000000e+00,0.000000e+00,0.000000e+00,0.000000e+00,0.000000e+00,0.000000e+00,0.000000e+00,0.000000e+00,0.000000e+00,0.000000e+00,0.000000e+00,0.000000e+00
1.000000e+00,0.000000e+00,0.000000e+00,0.000000e+00,0.000000e+00,0.000000e+00,0.000000e+00,0.000000e+00,0.000000e+00,0.000000e+00,0.000000e+00,0.000000e+00,0.000000e+00,0.000000e+00,0.000000e+00
1.000000e+00,0.000000e+00,0.000000e+00,0.000000e+00,0.000000e+00,0.000000e+00,0.000000e+00,0.000000e+00,0.000000e+00,0.000000e+00,0.000000e+00,0.000000e+00,0.000000e+00,0.000000e+00,0.000000e+00
1.000000e+00,0.000000e+00,0.000000e+00,0.000000e+00,0.000000e+00,0.000000e+00,0.000000e+00,0.000000e+00,0.000000e+00,0.000000e+00,0.000000e+00,0.000000e+00,0.000000e+00,0.000000e+00,0.000000e+00
1.000000e+00,0.000000e+00,0.000000e+00,0.000000e+00,0.000000e+00,0.000000e+00,0.000000e+00,0.000000e+00,0.000000e+00,0.000000e+00,0.000000e+00,0.000000e+00,0.000000e+00,0.000000e+00,0.000000e+00
1.000000e+00,0.000000e+00,0.000000e+00,0.000000e+00,0.000000e+00,0.000000e+00,0.000000e+00,0.000000e+00,0.000000e+00,0.000000e+00,0.000000e+00,0.000000e+00,0.000000e+00,0.000000e+00,0.000000e+00
1.000000e+00,0.000000e+00,0.000000e+00,0.000000e+00,0.000000e+00,0.000000e+00,0.000000e+00,0.000000e+00,0.000000e+00,0.000000e+00,0.000000e+00,0.000000e+00,0.000000e+00,0.000000e+00,0.000000e+00
1.000000e+00,0.000000e+00,0.000000e+00,0.000000e+00,0.000000e+00,0.000000e+00,0.000000e+00,0.000000e+00,0.000000e+00,0.000000e+00,0.000000e+00,0.000000e+00,0.000000e+00,0.000000e+00,0.000000e+00
1.000000e+00,0.000000e+00,0.000000e+00,0.000000e+00,0.000000e+00,0.000000e+00,0.000000e+00,0.000000e+00,0.000000e+00,0.000000e+00,0.000000e+00,0.000000e+00,0.000000e+00,0.000000e+00,0.000000e+00
1.000000e+00,0.000000e+00,0.000000e+00,0.000000e+00,0.000000e+00,0.000000e+00,0.000000e+00,0.000000e+00,0.000000e+00,0.000000e+00,0.000000e+00,0.000000e+00,0.000000e+00,0.000000e+00,0.000000e+00
1.000000e+00,0.000000e+00,0.000000e+00,0.000000e+00,0.000000e+00,0.000000e+00,0.000000e+00,0.000000e+00,0.000000e+00,0.000000e+00,0.000000e+00,0.000000e+00,0.000000e+00,0.000000e+00,0.000000e+00
1.000000e+00,0.000000e+00,0.000000e+00,0.000000e+00,0.000000e+00,0.000000e+00,0.000000e+00,0.000000e+00,0.000000e+00,0.000000e+00,0.000000e+00,0.000000e+00,0.000000e+00,0.000000e+00,0.000000e+00
1.000000e+00,0.000000e+00,0.000000e+00,0.000000e+00,0.000000e+00,0.000000e+00,0.000000e+00,0.000000e+00,0.000000e+00,0.000000e+00,0.000000e+00,0.000000e+00,0.000000e+00,0.000000e+00,0.000000e+00
1.000000e+00,0.000000e+00,0.000000e+00,0.000000e+00,0.000000e+00,0.000000e+00,0.000000e+00,0.000000e+00,0.000000e+00,0.000000e+00,0.000000e+00,0.000000e+00,0.000000e+00,0.000000e+00,0.000000e+00
1.000000e+00,0.000000e+00,0.000000e+00,0.000000e+00,0.000000e+00,0.000000e+00,0.000000e+00,0.000000e+00,0.000000e+00,0.000000e+00,0.000000e+00,0.000000e+00,0.000000e+00,0.000000e+00,0.000000e+00
1.000000e+00,0.000000e+00,0.000000e+00,0.000000e+00,0.000000e+00,0.000000e+00,0.000000e+00,0.000000e+00,0.000000e+00,0.000000e+00,0.000000e+00,0.000000e+00,0.000000e+00,0.000000e+00,0.000000e+00
1.000000e+00,0.000000e+00,0.000000e+00,0.000000e+00,0.000000e+00,0.000000e+00,0.000000e+00,0.000000e+00,0.000000e+00,0.000000e+00,0.000000e+00,0.000000e+00,0.000000e+00,0.000000e+00,0.000000e+00
1.000000e+00,0.000000e+00,0.000000e+00,0.000000e+00,0.000000e+00,0.000000e+00,0.000000e+00,0.000000e+00,0.000000e+00,0.000000e+00,0.000000e+00,0.000000e+00,0.000000e+00,0.000000e+00,0.000000e+00
1.000000e+00,0.000000e+00,0.000000e+00,0.000000e+00,0.000000e+00,0.000000e+00,0.000000e+00,0.000000e+00,0.000000e+00,0.000000e+00,0.000000e+00,0.000000e+00,0.000000e+00,0.000000e+00,0.000000e+00
1.000000e+00,0.000000e+00,0.000000e+00,0.000000e+00,0.000000e+00,0.000000e+00,0.000000e+00,0.000000e+00,0.000000e+00,0.000000e+00,0.000000e+00,0.000000e+00,0.000000e+00,0.000000e+00,0.000000e+00
1.000000e+00,0.000000e+00,0.000000e+00,0.000000e+00,0.000000e+00,0.000000e+00,0.000000e+00,0.000000e+00,0.000000e+00,0.000000e+00,0.000000e+00,0.000000e+00,0.000000e+00,0.000000e+00,0.000000e+00
1.000000e+00,0.000000e+00,0.000000e+00,0.000000e+00,0.000000e+00,0.000000e+00,0.000000e+00,0.000000e+00,0.000000e+00,0.000000e+00,0.000000e+00,0.000000e+00,0.000000e+00,0.000000e+00,0.000000e+00
1.000000e+00,0.000000e+00,0.000000e+00,0.000000e+00,0.000000e+00,0.000000e+00,0.000000e+00,0.000000e+00,0.000000e+00,0.000000e+00,0.000000e+00,0.000000e+00,0.000000e+00,0.000000e+00,0.000000e+00
1.000000e+00,0.000000e+00,0.000000e+00,0.000000e+00,0.000000e+00,0.000000e+00,0.000000e+00,0.000000e+00,0.000000e+00,0.000000e+00,0.000000e+00,0.000000e+00,0.000000e+00,0.000000e+00,0.000000e+00
1.000000e+00,0.000000e+00,0.000000e+00,0.000000e+00,0.000000e+00,0.000000e+00,0.000000e+00,0.000000e+00,0.000000e+00,0.000000e+00,0.000000e+00,0.000000e+00,0.000000e+00,0.000000e+00,0.000000e+00
1.000000e+00,0.000000e+00,0.000000e+00,0.000000e+00,0.000000e+00,0.000000e+00,0.000000e+00,0.000000e+00,0.000000e+00,0.000000e+00,0.000000e+00,0.000000e+00,0.000000e+00,0.000000e+00,0.000000e+00
1.000000e+00,0.000000e+00,0.000000e+00,0.000000e+00,0.000000e+00,0.000000e+00,0.000000e+00,0.000000e+00,0.000000e+00,0.000000e+00,0.000000e+00,0.000000e+00,0.000000e+00,0.000000e+00,0.000000e+00
1.000000e+00,0.000000e+00,0.000000e+00,0.000000e+00,0.000000e+00,0.000000e+00,0.000000e+00,0.000000e+00,0.000000e+00,0.000000e+00,0.000000e+00,0.000000e+00,0.000000e+00,0.000000e+00,0.000000e+00
1.000000e+00,0.000000e+00,0.000000e+00,0.000000e+00,0.000000e+00,0.000000e+00,0.000000e+00,0.000000e+00,0.000000e+00,0.000000e+00,0.000000e+00,0.000000e+00,0.000000e+00,0.000000e+00,0.000000e+00
1.000000e+00,0.000000e+00,0.000000e+00,0.000000e+00,0.000000e+00,0.000000e+00,0.000000e+00,0.000000e+00,0.000000e+00,0.000000e+00,0.000000e+00,0.000000e+00,0.000000e+00,0.000000e+00,0.000000e+00
1.000000e+00,0.000000e+00,0.000000e+00,0.000000e+00,0.000000e+00,0.000000e+00,0.000000e+00,0.000000e+00,0.000000e+00,0.000000e+00,0.000000e+00,0.000000e+00,0.000000e+00,0.000000e+00,0.000000e+00
1.000000e+00,0.000000e+00,0.000000e+00,0.000000e+00,0.000000e+00,0.000000e+00,0.000000e+00,0.000000e+00,0.000000e+00,0.000000e+00,0.000000e+00,0.000000e+00,0.000000e+00,0.000000e+00,0.000000e+00
1.000000e+00,0.000000e+00,0.000000e+00,0.000000e+00,0.000000e+00,0.000000e+00,0.000000e+00,0.000000e+00,0.000000e+00,0.000000e+00,0.000000e+00,0.000000e+00,0.000000e+00,0.000000e+00,0.000000e+00
1.000000e+00,0.000000e+00,0.000000e+00,0.000000e+00,0.000000e+00,0.000000e+00,0.000000e+00,0.000000e+00,0.000000e+00,0.000000e+00,0.000000e+00,0.000000e+00,0.000000e+00,0.000000e+00,0.000000e+00
1.000000e+00,0.000000e+00,0.000000e+00,0.000000e+00,0.000000e+00,0.000000e+00,0.000000e+00,0.000000e+00,0.000000e+00,0.000000e+00,0.000000e+00,0.000000e+00,0.000000e+00,0.000000e+00,0.000000e+00
1.000000e+00,0.000000e+00,0.000000e+00,0.000000e+00,0.000000e+00,0.000000e+00,0.000000e+00,0.000000e+00,0.000000e+00,0.000000e+00,0.000000e+00,0.000000e+00,0.000000e+00,0.000000e+00,0.000000e+00
1.000000e+00,0.000000e+00,0.000000e+00,0.000000e+00,0.000000e+00,0.000000e+00,0.000000e+00,0.000000e+00,0.000000e+00,0.000000e+00,0.000000e+00,0.000000e+00,0.000000e+00,0.000000e+00,0.000000e+00
1.000000e+00,0.000000e+00,0.000000e+00,0.000000e+00,0.000000e+00,0.000000e+00,0.000000e+00,0.000000e+00,0.000000e+00,0.000000e+00,0.000000e+00,0.000000e+00,0.000000e+00,0.000000e+00,0.000000e+00
1.000000e+00,0.000000e+00,0.000000e+00,0.000000e+00,0.000000e+00,0.000000e+00,0.000000e+00,0.000000e+00,0.000000e+00,0.000000e+00,0.000000e+00,0.000000e+00,0.000000e+00,0.000000e+00,0.000000e+00
1.000000e+00,0.000000e+00,0.000000e+00,0.000000e+00,0.000000e+00,0.000000e+00,0.000000e+00,0.000000e+00,0.000000e+00,0.000000e+00,0.000000e+00,0.000000e+00,0.000000e+00,0.000000e+00,0.000000e+00
1.000000e+00,0.000000e+00,0.000000e+00,0.000000e+00,0.000000e+00,0.000000e+00,0.000000e+00,0.000000e+00,0.000000e+00,0.000000e+00,0.000000e+00,0.000000e+00,0.000000e+00,0.000000e+00,0.000000e+00
1.000000e+00,0.000000e+00,0.000000e+00,0.000000e+00,0.000000e+00,0.000000e+00,0.000000e+00,0.000000e+00,0.000000e+00,0.000000e+00,0.000000e+00,0.000000e+00,0.000000e+00,0.000000e+00,0.000000e+00
1.000000e+00,0.000000e+00,0.000000e+00,0.000000e+00,0.000000e+00,0.000000e+00,0.000000e+00,0.000000e+00,0.000000e+00,0.000000e+00,0.000000e+00,0.000000e+00,0.000000e+00,0.000000e+00,0.000000e+00
1.000000e+00,0.000000e+00,0.000000e+00,0.000000e+00,0.000000e+00,0.000000e+00,0.000000e+00,0.000000e+00,0.000000e+00,0.000000e+00,0.000000e+00,0.000000e+00,0.000000e+00,0.000000e+00,0.000000e+00
1.000000e+00,0.000000e+00,0.000000e+00,0.000000e+00,0.000000e+00,0.000000e+00,0.000000e+00,0.000000e+00,0.000000e+00,0.000000e+00,0.000000e+00,0.000000e+00,0.000000e+00,0.000000e+00,0.000000e+00
4.826256e-01,4.132285e-03,4.023666e-02,4.577248e-03,2.813449e-03,3.011607e-02,2.180903e-01,1.295246e-01,2.924874e-03,2.939282e-03,1.267176e-02,5.528330e-03,4.714902e-03,1.374063e-02,4.536402e-02
4.003564e-01,3.504927e-03,3.402195e-02,3.875399e-03,4.891314e-03,2.767818e-02,3.042397e-01,1.490561e-01,2.785025e-03,3.315996e-03,1.012975e-02,5.936672e-03,5.250196e-03,1.068100e-02,3.427738e-02
3.338134e-01,3.130806e-03,2.709104e-02,3.037445e-03,5.544146e-03,2.668582e-02,3.915182e-01,1.471366e-01,2.399088e-03,3.278301e-03,8.486263e-03,5.868869e-03,5.250058e-03,8.900008e-03,2.785993e-02
3.165535e-01,3.071534e-03,2.547292e-02,2.969024e-03,5.392331e-03,3.145982e-02,3.906905e-01,1.716624e-01,2.090479e-03,2.902061e-03,7.134520e-03,5.145534e-03,5.176113e-03,7.182683e-03,2.309656e-02
3.168113e-01,2.813248e-03,2.105416e-02,3.353405e-03,8.108728e-03,3.360078e-02,3.452338e-01,2.223146e-01,2.165549e-03,2.919841e-03,6.090185e-03,5.450833e-03,6.004199e-03,5.787965e-03,1.829146e-02
3.849974e-01,2.544263e-03,1.697904e-02,3.585267e-03,8.414875e-03,3.866863e-02,2.839959e-01,2.189400e-01,1.891754e-03,2.583322e-03,4.889422e-03,6.538880e-03,6.214999e-03,4.644922e-03,1.511125e-02
4.716094e-01,2.835535e-03,1.435373e-02,4.572693e-03,1.005510e-02,3.917715e-02,2.217507e-01,1.946789e-01,1.956696e-03,2.541548e-03,4.242021e-03,7.975688e-03,6.975680e-03,3.876235e-03,1.339889e-02
1.000000e+00,0.000000e+00,0.000000e+00,0.000000e+00,0.000000e+00,0.000000e+00,0.000000e+00,0.000000e+00,0.000000e+00,0.000000e+00,0.000000e+00,0.000000e+00,0.000000e+00,0.000000e+00,0.000000e+00
4.880163e-01,2.514423e-03,1.039427e-02,4.407574e-03,1.791368e-02,3.303509e-02,1.277328e-01,2.778906e-01,2.205902e-03,2.508506e-03,4.209002e-03,9.906517e-03,7.309773e-03,2.586868e-03,9.368674e-03
4.849373e-01,2.370131e-03,1.057982e-02,4.004532e-03,1.931769e-02,2.989523e-02,1.006920e-01,3.126417e-01,2.071489e-03,2.216622e-03,3.916366e-03,9.625078e-03,6.499629e-03,2.163149e-03,9.069254e-03
3.871292e-01,1.835175e-03,7.762760e-03,3.051311e-03,1.846313e-02,2.276283e-02,7.494827e-02,4.560532e-01,1.748295e-03,1.638088e-03,3.153441e-03,8.018896e-03,5.128779e-03,1.579553e-03,6.727131e-03
3.106098e-01,1.971399e-03,5.853537e-03,2.702298e-03,2.099474e-02,2.358231e-02,5.744427e-02,5.400373e-01,2.470084e-03,1.341627e-03,3.642052e-03,7.493945e-03,1.535023e-02,1.190854e-03,5.315579e-03
2.402708e-01,3.128644e-03,4.350940e-03,2.123461e-03,1.989944e-02,1.715426e-02,4.943122e-02,5.499376e-01,1.745605e-02,1.185882e-02,6.962813e-03,6.557847e-03,5.922478e-02,1.309286e-03,1.033401e-02
1.817782e-01,3.712095e-03,3.340199e-03,2.123019e-03,2.131476e-02,1.306928e-02,4.562785e-02,4.915804e-01,2.419638e-02,2.498472e-02,2.022050e-02,7.164472e-03,1.407841e-01,1.904982e-03,1.819915e-02
1.306082e-01,6.701168e-03,2.824804e-03,2.311428e-02,2.786192e-02,9.823455e-03,4.191629e-02,3.551103e-01,1.645139e-01,3.195732e-02,1.923033e-02,1.174224e-02,1.495095e-01,1.875587e-03,2.321070e-02
9.329777e-02,5.145344e-03,2.304922e-03,2.287106e-02,2.205002e-02,7.581013e-03,3.131539e-02,2.502167e-01,1.412841e-01,4.256153e-02,1.569458e-02,1.598761e-02,3.206962e-01,2.155727e-03,2.683804e-02
6.666881e-02,3.924377e-03,1.657800e-03,2.013618e-02,2.408726e-02,5.726401e-03,2.241876e-02,1.756117e-01,1.379740e-01,3.282726e-02,2.837507e-02,1.612022e-02,4.353039e-01,2.035455e-03,2.713290e-02
4.998216e-02,3.571384e-03,1.706852e-03,1.594702e-02,2.613607e-02,4.428084e-03,1.594942e-02,1.252450e-01,1.362345e-01,2.451120e-02,2.644679e-02,1.352612e-02,5.208911e-01,2.424232e-03,3.300010e-02
3.756822e-02,3.391387e-03,1.621287e-03,1.303794e-02,4.212988e-02,5.062116e-03,1.149306e-02,8.893701e-02,1.319842e-01,1.974481e-02,2.091371e-02,4.044808e-02,5.419405e-01,2.837668e-03,3.889016e-02
2.921484e-02,3.616060e-03,1.721866e-03,1.045158e-02,4.816164e-02,9.143239e-03,8.376742e-03,6.266367e-02,1.295211e-01,2.101790e-02,1.905297e-02,4.889387e-02,5.480416e-01,3.479441e-03,5.664343e-02
2.254416e-02,3.363971e-03,1.878001e-03,7.665887e-03,3.742360e-02,9.084538e-03,6.051148e-03,4.415573e-02,1.060900e-01,1.528555e-02,2.042857e-02,1.323097e-01,5.327455e-01,3.244543e-03,5.772906e-02
1.934059e-02,2.894136e-03,1.713781e-03,6.204067e-03,2.872025e-02,1.145340e-02,4.451372e-03,3.120761e-02,8.476314e-02,1.122788e-02,1.842478e-02,1.526436e-01,5.751792e-01,3.156457e-03,4.861971e-02
1.734969e-02,3.454109e-03,1.940968e-03,4.777994e-03,2.278716e-02,5.291823e-02,4.035108e-03,2.431131e-02,6.574680e-02,9.397331e-03,2.201470e-02,1.664735e-01,5.585620e-01,2.795714e-03,4.343530e-02
1.742163e-02,4.511733e-03,1.818564e-03,3.805172e-03,2.148996e-02,4.431741e-02,3.079095e-03,1.944696e-02,6.197494e-02,8.361850e-03,2.530332e-02,1.836563e-01,5.691826e-01,2.717085e-03,3.291335e-02
1.991763e-02,3.806369e-03,1.812457e-03,2.942436e-03,2.981626e-02,3.886683e-02,2.661975e-03,1.456432e-02,4.968791e-02,6.419910e-03,1.849768e-02,1.497351e-01,6.357549e-01,2.146702e-03,2.336942e-02
2.058260e-02,4.291414e-03,1.573928e-03,2.349209e-03,3.395839e-02,3.922880e-02,2.532588e-03,1.232981e-02,4.335837e-02,4.877280e-03,1.365064e-02,1.676150e-01,6.352787e-01,1.780875e-03,1.659237e-02
3.052125e-02,3.883381e-03,2.203613e-03,2.083363e-03,2.924055e-02,3.580186e-02,2.558148e-03,1.064637e-02,3.472492e-02,3.949231e-03,1.024148e-02,1.880633e-01,6.327537e-01,1.526091e-03,1.180274e-02
4.230294e-02,4.107025e-03,1.712065e-03,1.730240e-03,2.608620e-02,3.257235e-02,2.176632e-03,8.760376e-03,2.854362e-02,3.032682e-03,7.961942e-03,2.111253e-01,6.198878e-01,1.335850e-03,8.664860e-03
4.160753e-02,4.397354e-03,1.356101e-03,1.345621e-03,2.707611e-02,3.260984e-02,2.367899e-03,6.882532e-03,2.683473e-02,2.327253e-03,6.117058e-03,2.157647e-01,6.238061e-01,1.264191e-03,6.242941e-03
5.589005e-02,8.502834e-03,2.448191e-03,1.363444e-03,3.231987e-02,2.821994e-02,3.575164e-03,7.855216e-03,2.938435e-02,2.308837e-03,6.538938e-03,2.773429e-01,5.366393e-01,1.883109e-03,5.727855e-03
5.711597e-02,1.373789e-02,1.793188e-02,3.358412e-03,2.728339e-02,2.662961e-02,4.488199e-03,3.544246e-02,4.262006e-02,2.876427e-03,5.477781e-03,2.159965e-01,5.392363e-01,1.847354e-03,5.957838e-03
5.611391e-02,1.883978e-02,1.747576e-02,3.687276e-03,2.231532e-02,3.509162e-02,4.642420e-03,4.278517e-02,5.643337e-02,2.993856e-03,5.324052e-03,1.622066e-01,5.622377e-01,1.868261e-03,7.984849e-03
9.505878e-02,3.118643e-02,2.266259e-02,8.411145e-03,1.794451e-02,4.494117e-02,5.569749e-03,5.124751e-02,8.181084e-02,4.173175e-03,4.643132e-03,1.261250e-01,4.894689e-01,2.451187e-03,1.430587e-02
1.095940e-01,4.586138e-02,4.253806e-02,1.053657e-02,1.442041e-02,5.292785e-02,5.631952e-03,5.169138e-02,9.893128e-02,5.594000e-03,4.420084e-03,9.376758e-02,4.355224e-01,3.257363e-03,2.530560e-02
1.166259e-01,5.067102e-02,3.483401e-02,1.057322e-02,1.444455e-02,5.777052e-02,6.888928e-03,3.980082e-02,2.123253e-01,4.288659e-03,5.280209e-03,7.394916e-02,3.475546e-01,2.969434e-03,2.202361e-02
9.733208e-02,6.622525e-02,2.822576e-02,1.069416e-02,1.504960e-02,5.509681e-02,6.156801e-03,3.454313e-02,2.477070e-01,3.364784e-03,4.500553e-03,6.340715e-02,3.406729e-01,2.312617e-03,2.471136e-02
8.192714e-02,6.394464e-02,2.239307e-02,1.275538e-02,1.502885e-02,7.868783e-02,6.074090e-03,3.001279e-02,2.532747e-01,2.663931e-03,3.872125e-03,6.575104e-02,3.331815e-01,1.887844e-03,2.854506e-02
8.322357e-02,4.823947e-02,1.896319e-02,1.071412e-02,1.642438e-02,6.248256e-02,9.176563e-03,2.278957e-02,2.158262e-01,2.279508e-03,3.611848e-03,6.138776e-02,3.804941e-01,1.712218e-03,6.267489e-02
7.579152e-02,3.479622e-02,1.508381e-02,8.979633e-03,1.710962e-02,4.907175e-02,1.078871e-02,1.677015e-02,1.716803e-01,1.943101e-03,4.180917e-03,5.208094e-02,4.313309e-01,1.610667e-03,1.087818e-01
6.056569e-02,2.470566e-02,1.169894e-02,7.110343e-03,1.695891e-02,4.154006e-02,1.117728e-02,1.273940e-02,1.277586e-01,2.140835e-03,1.338535e-02,5.343967e-02,4.413302e-01,1.773543e-03,1.736755e-01
4.347490e-02,1.761553e-02,1.362242e-02,5.671767e-03,1.470986e-02,3.129506e-02,1.151285e-02,1.026569e-02,9.101397e-02,3.212371e-03,1.179686e-02,4.234389e-02,3.983915e-01,1.373342e-03,3.037000e-01
3.056490e-02,1.237233e-02,1.101890e-02,4.222095e-03,1.609406e-02,2.213082e-02,1.097419e-02,6.675135e-02,6.404243e-02,3.095539e-03,1.117318e-02,3.146982e-02,3.850254e-01,1.068715e-03,3.299963e-01
2.185944e-02,8.662978e-03,7.934792e-03,3.364963e-03,1.142293e-02,1.556388e-02,8.367364e-03,3.179865e-01,4.483997e-02,2.295161e-03,9.464163e-03,2.207481e-02,2.772656e-01,7.724589e-04,2.481249e-01
1.564281e-02,6.065983e-03,5.768711e-03,2.716571e-03,8.940186e-03,1.101751e-02,1.745296e-02,5.036903e-01,3.140314e-02,1.643489e-03,7.408754e-03,1.547592e-02,1.958374e-01,5.422357e-04,1.763940e-01
1.099533e-02,4.249654e-03,4.065120e-03,1.949828e-03,8.468691e-03,8.223582e-03,1.487867e-01,5.110885e-01,2.199620e-02,1.155081e-03,5.371709e-03,1.083671e-02,1.387318e-01,3.812230e-04,1.237000e-01
7.838485e-03,2.982475e-03,2.868522e-03,1.425949e-03,9.232121e-03,7.454246e-03,3.448370e-01,4.032057e-01,1.542979e-02,8.203736e-04,4.033948e-03,7.595855e-03,1.031832e-01,2.740135e-04,8.881836e-02
5.682785e-03,2.100641e-03,2.031921e-03,1.064349e-03,1.013355e-02,8.674920e-03,4.837453e-01,3.084916e-01,1.090233e-02,6.106987e-04,3.987206e-03,5.365424e-03,8.228692e-02,1.978949e-04,7.472448e-02
4.093339e-03,1.483411e-03,1.496434e-03,8.329649e-04,8.753270e-03,8.788643e-03,5.964313e-01,2.408672e-01,7.676387e-03,4.452416e-04,3.127790e-03,3.782220e-03,6.632563e-02,1.436072e-04,5.575266e-02
2.916366e-03,1.042692e-03,1.172805e-03,6.634106e-04,6.378116e-03,7.093115e-03,6.988023e-01,1.825236e-01,5.391958e-03,3.253893e-04,2.301197e-03,2.663404e-03,4.920883e-02,1.033581e-04,3.941346e-02
2.095467e-03,7.336655e-04,8.708341e-04,5.149990e-04,4.599240e-03,5.504692e-03,7.795538e-01,1.356630e-01,3.785507e-03,2.348925e-04,1.710957e-03,1.874839e-03,3.489326e-02,7.626964e-05,2.788866e-02
1.567446e-03,5.260642e-04,9.657133e-04,4.700141e-04,3.620744e-03,4.175013e-03,8.241991e-01,1.142372e-01,2.678027e-03,1.887176e-04,1.339055e-03,1.320412e-03,2.486418e-02,6.127845e-05,1.978701e-02
1.248956e-03,3.785937e-04,9.378823e-04,4.144734e-04,3.009716e-03,3.226676e-03,8.608838e-01,9.362448e-02,1.936924e-03,1.519824e-04,1.310381e-03,9.434657e-04,1.768882e-02,5.250443e-05,1.419136e-02
9.975135e-04,2.742877e-04,8.378797e-04,3.262431e-04,2.439025e-03,2.417273e-03,8.930572e-01,7.381817e-02,1.371547e-03,1.188250e-04,9.885436e-04,6.689987e-04,1.254653e-02,4.979075e-05,1.008818e-02
9.054845e-04,2.054418e-04,7.626919e-04,2.764298e-04,2.184696e-03,1.853973e-03,9.173706e-01,5.775889e-02,9.745901e-04,1.015037e-04,7.850842e-04,4.768942e-04,8.995673e-03,4.960129e-05,7.298486e-03
2.905726e-03,2.484419e-04,6.799932e-04,4.001730e-04,8.814850e-03,1.554760e-03,8.568385e-01,1.071303e-01,1.516738e-03,2.747866e-04,5.365211e-03,5.612476e-04,6.875942e-03,1.354147e-04,6.697934e-03
2.271364e-03,2.714995e-04,5.250678e-04,3.849570e-04,7.175176e-03,1.155495e-03,7.577440e-01,8.235919e-02,1.961002e-03,2.502368e-03,1.905538e-02,7.514204e-03,1.618685e-02,4.645681e-03,9.624783e-02
1.956622e-03,3.530848e-04,4.149154e-04,4.241738e-04,7.888937e-03,9.352162e-04,6.519421e-01,6.185712e-02,3.050505e-03,5.124964e-03,2.699676e-02,8.392351e-03,4.625832e-02,4.206832e-03,1.801981e-01
1.476979e-03,3.058207e-04,3.606102e-04,3.733817e-04,7.204015e-03,9.286111e-04,4.768487e-01,4.355388e-02,6.028097e-03,2.621570e-02,2.447086e-02,8.267891e-03,1.243127e-01,6.670913e-03,2.729819e-01
1.129824e-03,2.691986e-04,4.278354e-04,3.048890e-04,5.978425e-03,7.900299e-04,3.533420e-01,3.067883e-02,6.024751e-03,2.631918e-02,2.123688e-02,7.167738e-03,2.161517e-01,7.792939e-03,3.223858e-01
8.058161e-04,1.985231e-04,5.667188e-04,2.368866e-04,4.772064e-03,5.748242e-04,2.491191e-01,2.160737e-02,5.196390e-03,1.926486e-02,1.779077e-02,5.587756e-03,2.685759e-01,6.195898e-03,3.995072e-01
6.201508e-04,1.867104e-04,9.751933e-04,2.277193e-04,4.815235e-03,5.060512e-04,1.752137e-01,1.553759e-02,6.712330e-03,1.438403e-02,1.347494e-02,4.476332e-03,2.204070e-01,5.020402e-03,5.374426e-01
1.526523e-03,2.389027e-03,1.180675e-02,2.454549e-03,4.160728e-02,1.261853e-03,1.306934e-01,3.131748e-02,3.531082e-02,1.119949e-02,1.527319e-02,3.572802e-03,1.944889e-01,3.831335e-03,5.132666e-01
4.871651e-03,2.674110e-03,2.137771e-02,7.023884e-03,9.308732e-02,3.238384e-03,9.307344e-02,1.102318e-01,4.524323e-02,8.664386e-03,1.956271e-02,3.191584e-03,1.572833e-01,2.881029e-03,4.275955e-01
6.124479e-03,2.102714e-03,2.052689e-02,8.498255e-03,1.295888e-01,6.873820e-03,6.587479e-02,2.237194e-01,5.597481e-02,6.480781e-03,1.973064e-02,3.595065e-03,1.249230e-01,2.161623e-03,3.238249e-01
4.170758e-02,1.086535e-02,2.439909e-02,1.020084e-02,2.520220e-01,7.268996e-03,4.857084e-02,1.853345e-01,7.571194e-02,4.741420e-03,1.777435e-02,3.479355e-03,8.858508e-02,1.565335e-03,2.277733e-01
4.075849e-02,2.927036e-02,1.817308e-02,1.616697e-02,3.957224e-01,1.150390e-02,3.800621e-02,1.329613e-01,7.309180e-02,3.382156e-03,1.347975e-02,3.140033e-03,6.262644e-02,1.108308e-03,1.606088e-01
3.389206e-02,4.940554e-02,1.317809e-02,2.112496e-02,5.171347e-01,1.397806e-02,3.110495e-02,9.428179e-02,5.371048e-02,2.381846e-03,9.967946e-03,2.348841e-03,4.417045e-02,7.817862e-04,1.125385e-01
2.852394e-02,5.678704e-02,1.185672e-02,1.835714e-01,4.484664e-01,1.275579e-02,2.712445e-02,6.951226e-02,3.950889e-02,1.748655e-03,7.327067e-03,1.857703e-03,3.147590e-02,5.611292e-04,7.892266e-02
3.099896e-02,6.415878e-02,9.952632e-03,2.280894e-01,4.572977e-01,1.261744e-02,2.807965e-02,5.314426e-02,2.913919e-02,1.289079e-03,5.544841e-03,1.420713e-03,2.242510e-02,4.116407e-04,5.543058e-02
6.597528e-02,8.039168e-02,8.756031e-03,1.793703e-01,4.901585e-01,1.142504e-02,3.181160e-02,4.123120e-02,2.666612e-02,1.032882e-03,4.719387e-03,1.292861e-03,1.691516e-02,3.525617e-04,3.990142e-02
5.724854e-02,7.279345e-02,1.023203e-02,1.880840e-01,5.189531e-01,1.029888e-02,2.781704e-02,4.497159e-02,2.238414e-02,8.411790e-04,4.016629e-03,1.136375e-03,1.281230e-02,2.935108e-04,2.811728e-02
4.499936e-02,5.252492e-02,7.549655e-03,1.345198e-01,6.238403e-01,7.651996e-03,2.254229e-02,5.437243e-02,1.648938e-02,6.435326e-04,3.428558e-03,8.657638e-04,1.058180e-02,2.372256e-04,1.975300e-02
5.274444e-02,3.796107e-02,5.682909e-03,9.535136e-02,6.315749e-01,6.057760e-03,3.757210e-02,7.139313e-02,1.277305e-02,6.067056e-04,1.160757e-02,1.064725e-03,1.799524e-02,4.334100e-04,1.718163e-02
4.866542e-02,2.710463e-02,4.178546e-03,6.756798e-02,6.367760e-01,4.979033e-03,6.927453e-02,6.768223e-02,1.017956e-02,5.510354e-04,1.593575e-02,1.383196e-03,2.657707e-02,4.438453e-04,1.870118e-02
4.350590e-02,1.909918e-02,3.037977e-03,4.755507e-02,7.014513e-01,4.836934e-03,5.707739e-02,4.895367e-02,7.323554e-03,5.317906e-04,2.284506e-02,1.255159e-03,2.104477e-02,3.739354e-04,2.110831e-02
4.500075e-02,1.346105e-02,2.151632e-03,3.361185e-02,7.440221e-01,4.525803e-03,4.498774e-02,3.486500e-02,5.940303e-03,4.818113e-04,2.441854e-02,1.512692e-03,1.835540e-02,3.935365e-04,2.627175e-02
4.596253e-02,9.559900e-03,1.691895e-03,2.828291e-02,5.922527e-01,1.323464e-02,5.021037e-02,2.591161e-02,6.158081e-03,1.838263e-03,8.977249e-02,5.947425e-03,4.303150e-02,4.957452e-04,8.564994e-02
3.617857e-02,7.076035e-03,1.250498e-03,2.151085e-02,4.255566e-01,1.045886e-02,7.069793e-02,1.832296e-02,5.021407e-03,1.915417e-03,7.655970e-02,1.143966e-02,1.141299e-01,5.023993e-04,1.993792e-01
2.811218e-02,5.233443e-03,9.493051e-04,2.008385e-02,3.055604e-01,8.162116e-03,5.227000e-02,1.300413e-02,4.214904e-03,1.747314e-03,1.183164e-01,2.907104e-02,1.578635e-01,6.093559e-04,2.548020e-01
2.342740e-02,4.405018e-03,1.373631e-03,1.512956e-02,2.166542e-01,9.086617e-03,3.758501e-02,9.139989e-03,4.911760e-03,1.640316e-03,9.493737e-02,4.070755e-02,2.740840e-01,6.225151e-04,2.662950e-01
2.498638e-02,3.564661e-03,1.202564e-03,1.159521e-02,1.530810e-01,2.022862e-02,2.732349e-02,6.534888e-03,1.025573e-02,1.661476e-03,7.654390e-02,6.038253e-02,3.910591e-01,9.529823e-04,2.106275e-01
2.054277e-02,2.807282e-03,1.091329e-03,9.552312e-03,1.078928e-01,3.339337e-02,1.956461e-02,4.833254e-03,1.146423e-02,1.481413e-03,5.996658e-02,7.722417e-02,4.858763e-01,1.068838e-03,1.632408e-01
1.523299e-02,8.464877e-03,2.923477e-03,2.510283e-02,7.727854e-02,3.223705e-02,1.404396e-02,5.553521e-03,3.011279e-02,1.676378e-03,4.498197e-02,9.393865e-02,5.142318e-01,1.114246e-03,1.331070e-01
1.235194e-02,1.573245e-02,7.283354e-03,7.791738e-02,5.481977e-02,3.439862e-02,1.007633e-02,5.738751e-03,5.464000e-02,2.343498e-03,3.673086e-02,9.053302e-02,4.937087e-01,1.243738e-03,1.024817e-01
1.433788e-02,2.371920e-02,5.671973e-03,5.745262e-02,4.071253e-02,8.725625e-02,7.174414e-03,4.684569e-03,1.616072e-01,2.914359e-03,3.818155e-02,6.694488e-02,4.008770e-01,1.719124e-03,8.674648e-02
1.243334e-02,6.392721e-02,5.626904e-03,5.909608e-02,2.885908e-02,1.271662e-01,5.093268e-03,3.671808e-03,2.285623e-01,4.918225e-03,3.502604e-02,4.882274e-02,2.974533e-01,1.769038e-03,7.757459e-02
1.166439e-02,6.912934e-02,4.719584e-03,4.710498e-02,2.171001e-02,1.664984e-01,3.678695e-03,3.311897e-03,2.688818e-01,5.811993e-03,3.305883e-02,3.523521e-02,2.188472e-01,1.692513e-03,1.086552e-01
2.133917e-02,1.031920e-01,3.953779e-03,4.696756e-02,1.635383e-02,1.835097e-01,2.663977e-03,3.300706e-03,2.995717e-01,6.768751e-03,2.404129e-02,2.514995e-02,1.562029e-01,1.669606e-03,1.053151e-01
2.183828e-02,8.567370e-02,3.988976e-03,1.093201e-01,1.371168e-02,1.713430e-01,1.971634e-03,1.436597e-02,3.333904e-01,9.135287e-03,1.955763e-02,1.833605e-02,1.136596e-01,1.407926e-03,8.229973e-02
2.199702e-02,6.445509e-02,4.948466e-03,1.114369e-01,1.880860e-02,1.358469e-01,1.610892e-03,1.314081e-02,3.432802e-01,1.284707e-02,8.783138e-02,1.661220e-02,9.047593e-02,3.291657e-03,7.341687e-02
1.876486e-02,5.120223e-02,7.366469e-03,1.052711e-01,1.472094e-02,9.618881e-02,1.192959e-03,9.763207e-03,4.356106e-01,1.333394e-02,6.892295e-02,1.289642e-02,6.750865e-02,5.392423e-03,9.186441e-02
1.575576e-02,4.497993e-02,6.869234e-03,8.478457e-02,1.156227e-02,6.799594e-02,9.959454e-04,7.241535e-03,3.953748e-01,1.276090e-02,9.282656e-02,1.938893e-02,8.169276e-02,1.757832e-02,1.401925e-01
1.696354e-02,3.890520e-02,6.288391e-03,6.750194e-02,1.319831e-02,7.287088e-02,1.335662e-03,7.007732e-03,3.790427e-01,1.015641e-02,1.136850e-01,1.943823e-02,8.960245e-02,2.012847e-02,1.438751e-01
1.442957e-02,3.341242e-02,7.959147e-03,6.037960e-02,1.460442e-02,5.359904e-02,1.189915e-03,6.813202e-03,3.818497e-01,1.026752e-02,8.800481e-02,1.520429e-02,6.762005e-02,2.214570e-02,2.225206e-01
1.077313e-02,3.752121e-02,6.361761e-03,4.458060e-02,1.054124e-02,4.445540e-02,9.155754e-04,4.905120e-03,3.120888e-01,9.593314e-03,6.517141e-02,1.763534e-02,5.389493e-02,3.868636e-02,3.428758e-01
9.543680e-03,3.798757e-02,5.132336e-03,3.884962e-02,8.141409e-03,3.654993e-02,7.739500e-04,3.682825e-03,2.438101e-01,9.262086e-03,6.442460e-02,3.608712e-02,7.548963e-02,1.017310e-01,3.285341e-01
1.352188e-02,3.399182e-02,6.095115e-03,3.951363e-02,9.566420e-03,3.521584e-02,7.504657e-04,2.954574e-03,1.982242e-01,9.769754e-03,7.828440e-02,4.985978e-02,1.103881e-01,1.181786e-01,2.936854e-01
1.710277e-02,3.465765e-02,6.374665e-03,3.180354e-02,8.455087e-03,2.919003e-02,1.300127e-03,2.730910e-03,1.711157e-01,1.264745e-02,6.849464e-02,9.235706e-02,1.089675e-01,1.376236e-01,2.771793e-01
1.443539e-02,2.788385e-02,5.547960e-03,2.362779e-02,6.909155e-03,2.275642e-02,1.124994e-03,2.170824e-03,1.439205e-01,1.523634e-02,6.712753e-02,1.866882e-01,1.434363e-01,1.341396e-01,2.049951e-01
1.489084e-02,2.250306e-02,4.120643e-03,1.677799e-02,5.143766e-03,1.805560e-02,9.159463e-04,1.610137e-03,1.115387e-01,1.870528e-02,6.421962e-02,3.474518e-01,1.272726e-01,1.004880e-01,1.463060e-01
2.481682e-02,1.793498e-02,3.304773e-03,1.226612e-02,4.400367e-03,1.638182e-02,1.145363e-03,2.336958e-03,9.662238e-02,1.921121e-02,5.636389e-02,4.630290e-01,1.059515e-01,7.261039e-02,1.036245e-01
4.815558e-02,1.389468e-02,2.552270e-03,9.177404e-03,4.533520e-03,1.490670e-02,1.152912e-03,2.294066e-03,7.913496e-02,1.953523e-02,5.307341e-02,5.415263e-01,8.455783e-02,5.208354e-02,7.342160e-02
3.486675e-02,1.077419e-02,1.921304e-03,6.603536e-03,4.952904e-03,1.108455e-02,9.785282e-04,2.768756e-03,9.701365e-02,1.609598e-02,4.410076e-02,6.169007e-01,6.360559e-02,3.682557e-02,5.150725e-02
2.522864e-02,8.508883e-03,1.424087e-03,4.766430e-03,5.623569e-03,8.202957e-03,8.536855e-04,3.082283e-03,1.126259e-01,1.336993e-02,4.061565e-02,6.659232e-01,4.757036e-02,2.602196e-02,3.618237e-02
1.776075e-02,6.439222e-03,1.078470e-03,3.357422e-03,8.536981e-03,5.989891e-03,8.779588e-04,2.966559e-03,3.579177e-01,9.423989e-03,3.032530e-02,4.776519e-01,3.410793e-02,1.822899e-02,2.533688e-02
1.248027e-02,5.982092e-03,8.666378e-04,2.438632e-03,7.783508e-03,4.688555e-03,6.774368e-04,4.127365e-03,5.421160e-01,6.691437e-03,2.186657e-02,3.357152e-01,2.403161e-02,1.278699e-02,1.774764e-02
8.846288e-03,5.150097e-03,7.931615e-04,1.962235e-03,1.161202e-02,3.936842e-03,6.012273e-04,8.122981e-03,6.647856e-01,4.831682e-03,1.568199e-02,2.353732e-01,1.690261e-02,8.964501e-03,1.243558e-02
6.353968e-03,6.323454e-03,8.798601e-04,7.151871e-03,2.397254e-02,4.309811e-03,5.409830e-04,8.844970e-03,7.344028e-01,3.999169e-03,1.122832e-02,1.648124e-01,1.199555e-02,6.289769e-03,8.894622e-03
4.880613e-03,7.191284e-03,1.604800e-03,1.639031e-02,3.967714e-02,5.511384e-03,6.858386e-04,1.079200e-02,7.635396e-01,4.386520e-03,9.085792e-03,1.156105e-01,9.061454e-03,4.450764e-03,7.132201e-03
7.012581e-03,9.364977e-03,2.263352e-03,3.409906e-02,3.983438e-02,1.375114e-02,9.746932e-04,1.409078e-02,7.236156e-01,1.044544e-02,1.658994e-02,9.523171e-02,1.754381e-02,3.305755e-03,1.187684e-02
1.977453e-02,9.387026e-03,2.231539e-03,4.029012e-02,4.684337e-02,1.457002e-02,1.121344e-03,1.438188e-02,7.249408e-01,8.530974e-03,1.406534e-02,7.545416e-02,1.563156e-02,2.508078e-03,1.026927e-02
4.117386e-02,8.627418e-03,2.193823e-03,3.528576e-02,5.321627e-02,1.267004e-02,1.268008e-03,1.984940e-02,7.075891e-01,7.753258e-03,1.415116e-02,6.630979e-02,1.512114e-02,2.415766e-03,1.237522e-02
4.951809e-02,1.234415e-02,2.743071e-03,2.813458e-02,6.128679e-02,9.919053e-03,1.174087e-03,2.342287e-02,7.024667e-01,6.849368e-03,1.527177e-02,5.000124e-02,1.223586e-02,2.284427e-03,2.234803e-02
6.194726e-02,1.505516e-02,3.995766e-03,3.750282e-02,5.722986e-02,7.965889e-03,1.054079e-03,3.819863e-02,5.960999e-01,1.560290e-02,2.928909e-02,4.115276e-02,1.247964e-02,3.612482e-03,7.881382e-02
4.623796e-02,1.627025e-02,4.362411e-03,1.138218e-01,4.662138e-02,6.447910e-03,7.918820e-04,2.754941e-02,5.360141e-01,2.644850e-02,6.930161e-02,3.033906e-02,1.160696e-02,3.540673e-03,6.064615e-02
3.277854e-02,1.209383e-02,3.588876e-03,9.482992e-02,3.352575e-02,4.901369e-03,6.485076e-04,1.961264e-02,4.578310e-01,2.180787e-02,1.640046e-01,5.709908e-02,2.957855e-02,1.487021e-02,5.282927e-02
2.344913e-02,8.909016e-03,3.037725e-03,7.084861e-02,2.543753e-02,3.689235e-03,5.299199e-04,1.413479e-02,3.615299e-01,1.739882e-02,2.151553e-01,7.707295e-02,5.127930e-02,7.861863e-02,4.890913e-02
1.978109e-02,7.229581e-03,8.382149e-03,5.314753e-02,4.927203e-02,3.389024e-03,7.623866e-04,1.357326e-02,2.638524e-01,1.669405e-02,2.714852e-01,8.979431e-02,5.481919e-02,9.530886e-02,5.250895e-02
1.484898e-02,5.840247e-03,1.050032e-02,3.823104e-02,3.778252e-02,2.514438e-03,6.559809e-04,1.087734e-02,1.979870e-01,1.660178e-02,2.732381e-01,9.606491e-02,4.314021e-02,2.091272e-01,4.259001e-02
1.236937e-02,5.190829e-03,1.161885e-02,2.833984e-02,2.719729e-02,1.960025e-03,5.663284e-04,1.111550e-02,1.444204e-01,1.702151e-02,2.737800e-01,8.164655e-02,3.239749e-02,3.167030e-01,3.567302e-02
9.997332e-03,5.597693e-03,2.431600e-02,2.124447e-02,2.027878e-02,3.519906e-03,6.226001e-04,4.431066e-02,1.071851e-01,1.825127e-02,2.494052e-01,6.038746e-02,2.484091e-02,3.793215e-01,3.072106e-02
1.104022e-02,5.173542e-03,3.427368e-02,1.988102e-02,1.557394e-02,4.413761e-03,6.135438e-04,5.347010e-02,8.500420e-02,2.250580e-02,2.211666e-01,4.352912e-02,1.830002e-02,4.424096e-01,2.264495e-02
9.022692e-03,4.444539e-03,5.527306e-02,1.827608e-02,1.167640e-02,3.849084e-03,6.961389e-04,2.418392e-01,6.272451e-02,2.081798e-02,1.642984e-01,3.076933e-02,1.338848e-02,3.469382e-01,1.598601e-02
1.202450e-02,6.901002e-03,1.713223e-01,1.652119e-02,9.919429e-03,5.796764e-03,1.502326e-03,2.501028e-01,4.906604e-02,3.025942e-02,1.213655e-01,2.178860e-02,9.837057e-03,2.820014e-01,1.159172e-02
9.705015e-03,9.663051e-03,3.298500e-01,7.402174e-02,8.764484e-03,5.340161e-03,1.170253e-03,1.767529e-01,4.580741e-02,2.273642e-02,8.594684e-02,1.530481e-02,7.033764e-03,1.988825e-01,9.020758e-03
8.747554e-03,7.541778e-03,3.629107e-01,2.109529e-01,7.393889e-03,4.102251e-03,9.670343e-04,1.243677e-01,3.439030e-02,1.624997e-02,6.074263e-02,1.073887e-02,5.009639e-03,1.394062e-01,6.478614e-03
1.320224e-02,8.449934e-03,4.037350e-01,2.687181e-01,9.398187e-03,5.029509e-03,1.031945e-03,8.771849e-02,2.939240e-02,1.340202e-02,4.329536e-02,7.559981e-03,3.717612e-03,9.786063e-02,7.488630e-03
3.004073e-02,1.445307e-02,3.274059e-01,2.182478e-01,6.570050e-02,1.275231e-02,9.999743e-02,6.436615e-02,2.898937e-02,1.701439e-02,3.157541e-02,5.475649e-03,9.541723e-03,6.866834e-02,5.771256e-03
7.225461e-02,3.205153e-02,2.852216e-01,1.658191e-01,1.197358e-01,1.825416e-02,9.316444e-02,5.065341e-02,3.992997e-02,2.719361e-02,2.344509e-02,4.137171e-03,1.428053e-02,4.832278e-02,5.536335e-03
6.112961e-02,2.520899e-02,2.067847e-01,1.170799e-01,9.778538e-02,1.693058e-02,2.934127e-01,4.364409e-02,2.996813e-02,2.010117e-02,1.744206e-02,3.006451e-03,2.787749e-02,3.387494e-02,5.753748e-03
4.374655e-02,1.777877e-02,1.450424e-01,8.202784e-02,7.287260e-02,1.437743e-02,4.784086e-01,4.531493e-02,2.206985e-02,1.435699e-02,1.306419e-02,2.170763e-03,2.002191e-02,2.372104e-02,5.026253e-03
3.108481e-02,1.254629e-02,1.016414e-01,5.747544e-02,5.507671e-02,1.137661e-02,6.202800e-01,3.437028e-02,1.665295e-02,1.062991e-02,9.885139e-03,1.581431e-03,1.592267e-02,1.661307e-02,4.863331e-03
2.242931e-02,8.959391e-03,7.132895e-02,4.031586e-02,4.157152e-02,1.030046e-02,7.214609e-01,2.656139e-02,1.199815e-02,8.336413e-03,7.735512e-03,1.268178e-03,1.244129e-02,1.164683e-02,3.645840e-03
1.683592e-02,6.969484e-03,5.025129e-02,2.858114e-02,3.149055e-02,8.294078e-03,7.814261e-01,2.436256e-02,8.836711e-03,8.649619e-03,9.805460e-03,1.506009e-03,1.008394e-02,8.206279e-03,4.700833e-03
1.568483e-02,8.709414e-03,3.585672e-02,2.164704e-02,2.390007e-02,8.918658e-03,6.551026e-01,2.005341e-02,3.620302e-02,3.594485e-02,9.242892e-02,8.297341e-03,2.069818e-02,6.163616e-03,1.039135e-02
1.118172e-02,7.123583e-03,2.539577e-02,1.536190e-02,1.680271e-02,6.397786e-03,4.744696e-01,1.426142e-02,4.875555e-02,2.529157e-01,7.732496e-02,6.219542e-03,1.869584e-02,6.193082e-03,1.890082e-02
8.389348e-03,6.731775e-03,1.827344e-02,1.168340e-02,1.209164e-02,4.732143e-03,3.668220e-01,1.037732e-02,7.823560e-02,3.026903e-01,9.610949e-02,9.012818e-03,3.007830e-02,1.203118e-02,3.274124e-02
6.014100e-03,5.093278e-03,1.314170e-02,1.043258e-02,8.809056e-03,3.765714e-03,2.595152e-01,7.469199e-03,1.453880e-01,3.681774e-01,7.574178e-02,2.505535e-02,2.918126e-02,1.054419e-02,3.167119e-02
4.452348e-03,4.731952e-03,9.538637e-03,1.096912e-02,6.559873e-03,3.186887e-03,1.828024e-01,5.504443e-03,1.552500e-01,3.227940e-01,9.711367e-02,5.693702e-02,4.797307e-02,2.397588e-02,6.821074e-02
3.578537e-03,1.895415e-02,7.697999e-03,9.781244e-03,5.005639e-03,3.178919e-03,1.280227e-01,4.334198e-03,1.378994e-01,3.471929e-01,1.349967e-01,6.517946e-02,3.957801e-02,2.673960e-02,6.786048e-02
3.318459e-03,1.680751e-02,5.793902e-03,7.714089e-03,4.561093e-03,9.667395e-03,8.974098e-02,3.359436e-03,1.049565e-01,4.662718e-01,1.210580e-01,5.632442e-02,3.237442e-02,2.417426e-02,5.387774e-02
3.889717e-03,2.001016e-02,4.485248e-03,8.131769e-03,4.705682e-03,1.705483e-02,6.295714e-02,2.966172e-03,8.677123e-02,5.302902e-01,1.038437e-01,6.046295e-02,3.147012e-02,2.008030e-02,4.288080e-02
1.021594e-02,1.954418e-02,3.337490e-03,1.131763e-02,5.321939e-03,2.009993e-02,4.417980e-02,2.603942e-03,6.972706e-02,4.502984e-01,1.948537e-01,9.040569e-02,2.690900e-02,1.931498e-02,3.187029e-02
8.796316e-03,1.471033e-02,2.413464e-03,1.188166e-02,4.606268e-03,1.583778e-02,3.097967e-02,2.125780e-03,5.312247e-02,4.203340e-01,2.588089e-01,1.082428e-01,2.701230e-02,1.716502e-02,2.396323e-02
