1.000000e+00,0.000000e+00,0.000000e+00,0.000000e+00,0.000000e+00,0.000000e+00,0.000000e+00,0.000000e+00,0.000000e+00,0.000000e+00,0.000000e+00,0.000000e+00,0.000000e+00,0.000000e+00,0.000000e+00
1.000000e+00,0.000000e+00,0.000000e+00,0.000000e+00,0.000000e+00,0.000000e+00,0.000000e+00,0.000000e+00,0.000000e+00,0.000000e+00,0.000000e+00,0.000000e+00,0.000000e+00,0.000000e+00,0.000000e+00
1.000000e+00,0.000000e+00,0.000000e+00,0.000000e+00,0.000000e+00,0.000000e+00,0.000000e+00,0.000000e+00,0.000000e+00,0.000000e+00,0.000000e+00,0.000000e+00,0.000000e+00,0.000000e+00,0.000000e+00
1.000000e+00,0.000000e+00,0.000000e+00,0.000000e+00,0.000000e+00,0.000000e+00,0.000000e+00,0.000000e+00,0.000000e+00,0.000000e+00,0.000000e+00,0.000000e+00,0.000000e+00,0.000000e+00,0.000000e+00
1.000000e+00,0.000000e+00,0.000000e+00,0.000000e+00,0.000000e+00,0.000000e+00,0.000000e+00,0.000000e+00,0.000000e+00,0.000000e+00,0.000000e+00,0.000000e+00,0.000000e+00,0.000000e+00,0.000000e+00
1.000000e+00,0.000000e+00,0.000000e+00,0.000000e+00,0.000000e+00,0.000000e+00,0.000000e+00,0.000000e+00,0.000000e+00,0.000000e+00,0.000000e+00,0.000000e+00,0.000000e+00,0.000000e+00,0.000000e+00
1.000000e+00,0.000000e+00,0.000000e+00,0.000000e+00,0.000000e+00,0.000000e+00,0.000000e+00,0.000000e+00,0.000000e+00,0.000000e+00,0.000000e+00,0.000000e+00,0.000000e+00,0.000000e+00,0.000000e+00
1.000000e+00,0.000000e+00,0.000000e+00,0.000000e+00,0.000000e+00,0.000000e+00,0.000000e+00,0.000000e+00,0.000000e+00,0.000000e+00,0.000000e+00,0.000000e+00,0.000000e+00,0.000000e+00,0.000000e+00
1.000000e+00,0.000000e+00,0.000000e+00,0.000000e+00,0.000000e+00,0.000000e+00,0.000000e+00,0.000000e+00,0.000000e+00,0.000000e+00,0.000000e+00,0.000000e+00,0.000000e+00,0.000000e+00,0.000000e+00
1.000000e+00,0.000000e+00,0.000000e+00,0.000000e+00,0.000000e+00,0.000000e+00,0.000000e+00,0.000000e+00,0.000000e+00,0.000000e+00,0.000000e+00,0.000000e+00,0.000000e+00,0.000000e+00,0.000000e+00
1.000000e+00,0.000000e+00,0.000000e+00,0.000000e+00,0.000000e+00,0.000000e+00,0.000000e+00,0.000000e+00,0.000000e+00,0.000000e+00,0.000000e+00,0.000000e+00,0.000000e+00,0.000000e+00,0.000000e+00
1.000000e+00,0.000000e+00,0.000000e+00,0.000000e+00,0.000000e+00,0.000000e+00,0.000000e+00,0.000000e+00,0.000000e+00,0.000000e+00,0.000000e+00,0.000000e+00,0.000000e+00,0.000000e+00,0.000000e+00
1.000000e+00,0.000000e+00,0.000000e+00,0.000000e+00,0.000000e+00,0.000000e+00,0.000000e+00,0.000000e+00,0.000000e+00,0.000000e+00,0.000000e+00,0.000000e+00,0.000000e+00,0.000000e+00,0.000000e+00
1.000000e+00,0.000000e+00,0.000000e+00,0.000000e+00,0.000000e+00,0.000000e+00,0.000000e+00,0.000000e+00,0.000000e+00,0.000000e+00,0.000000e+00,0.000000e+00,0.000000e+00,0.000000e+00,0.000000e+00
1.000000e+00,0.000000e+00,0.000000e+00,0.000000e+00,0.000000e+00,0.000000e+00,0.000000e+00,0.000000e+00,0.000000e+00,0.000000e+00,0.000000e+00,0.000000e+00,0.000000e+00,0.000000e+00,0.000000e+00
1.000000e+00,0.000000e+00,0.000000e+00,0.000000e+00,0.000000e+00,0.000000e+00,0.000000e+00,0.000000e+00,0.000000e+00,0.000000e+00,0.000000e+00,0.000000e+00,0.000000e+00,0.000000e+00,0.000000e+00
1.000000e+00,0.000000e+00,0.000000e+00,0.000000e+00,0.000000e+00,0.000000e+00,0.000000e+00,0.000000e+00,0.000000e+00,0.000000e+00,0.000000e+00,0.000000e+00,0.000000e+00,0.000000e+00,0.000000e+00
1.000000e+00,0.000000e+00,0.000000e+00,0.000000e+00,0.000000e+00,0.000000e+00,0.000000e+00,0.000000e+00,0.000000e+00,0.000000e+00,0.000000e+00,0.000000e+00,0.000000e+00,0.000000e+00,0.000000e+00
1.000000e+00,0.000000e+00,0.000000e+00,0.000000e+00,0.000000e+00,0.000000e+00,0.000000e+00,0.000000e+00,0.000000e+00,0.000000e+00,0.000000e+00,0.000000e+00,0.000000e+00,0.000000e+00,0.000000e+00
1.000000e+00,0.000000e+00,0.000000e+00,0.000000e+00,0.000000e+00,0.000000e+00,0.000000e+00,0.000000e+00,0.000000e+00,0.000000e+00,0.000000e+00,0.000000e+00,0.000000e+00,0.000000e+00,0.000000e+00
1.000000e+00,0.000000e+00,0.000000e+00,0.000000e+00,0.000000e+00,0.000000e+00,0.000000e+00,0.000000e+00,0.000000e+00,0.000000e+00,0.000000e+00,0.000000e+00,0.000000e+00,0.000000e+00,0.000000e+00
1.000000e+00,0.000000e+00,0.000000e+00,0.000000e+00,0.000000e+00,0.000000e+00,0.000000e+00,0.000000e+00,0.000000e+00,0.000000e+00,0.000000e+00,0.000000e+00,0.000000e+00,0.000000e+00,0.000000e+00
1.000000e+00,0.000000e+00,0.000000e+00,0.000000e+00,0.000000e+00,0.000000e+00,0.000000e+00,0.000000e+00,0.000000e+00,0.000000e+00,0.000000e+00,0.000000e+00,0.000000e+00,0.000000e+00,0.000000e+00
1.000000e+00,0.000000e+00,0.000000e+00,0.000000e+00,0.000000e+00,0.000000e+00,0.000000e+00,0.000000e+00,0.000000e+00,0.000000e+00,0.000000e+00,0.000000e+00,0.000000e+00,0.000000e+00,0.000000e+00
1.000000e+00,0.000000e+00,0.000000e+00,0.000000e+00,0.000000e+00,0.000000e+00,0.000000e+00,0.000000e+00,0.000000e+00,0.000000e+00,0.000000e+00,0.000000e+00,0.000000e+00,0.000000e+00,0.000000e+00
1.000000e+00,0.000000e+00,0.000000e+00,0.000000e+00,0.000000e+00,0.000000e+00,0.000000e+00,0.000000e+00,0.000000e+00,0.000000e+00,0.000000e+00,0.000000e+00,0.000000e+00,0.000000e+00,0.000000e+00
1.000000e+00,0.000000e+00,0.000000e+00,0.000000e+00,0.000000e+00,0.000000e+00,0.000000e+00,0.000000e+00,0.000000e+00,0.000000e+00,0.000000e+00,0.000000e+00,0.000000e+00,0.000000e+00,0.000000e+00
1.000000e+00,0.000000e+00,0.000000e+00,0.000000e+00,0.000000e+00,0.000000e+00,0.000000e+00,0.000000e+00,0.000000e+00,0.000000e+00,0.000000e+00,0.000000e+00,0.000000e+00,0.000000e+00,0.000000e+00
1.000000e+00,0.000000e+00,0.000000e+00,0.000000e+00,0.000000e+00,0.000000e+00,0.000000e+00,0.000000e+00,0.000000e+00,0.000000e+00,0.000000e+00,0.000000e+00,0.000000e+00,0.000000e+00,0.000000e+00
1.000000e+00,0.000000e+00,0.000000e+00,0.000000e+00,0.000000e+00,0.000000e+00,0.000000e+00,0.000000e+00,0.000000e+00,0.000000e+00,0.000000e+00,0.000000e+00,0.000000e+00,0.000000e+00,0.000000e+00
1.000000e+00,0.000000e+00,0.000000e+00,0.000000e+00,0.000000e+00,0.000000e+00,0.000000e+00,0.000000e+00,0.000000e+00,0.000000e+00,0.000000e+00,0.000000e+00,0.000000e+00,0.000000e+00,0.000000e+00
1.000000e+00,0.000000e+00,0.000000e+00,0.000000e+00,0.000000e+00,0.000000e+00,0.000000e+00,0.000000e+00,0.000000e+00,0.000000e+00,0.000000e+00,0.000000e+00,0.000000e+00,0.000000e+00,0.000000e+00
1.000000e+00,0.000000e+00,0.000000e+00,0.000000e+00,0.000000e+00,0.000000e+00,0.000000e+00,0.000000e+00,0.000000e+00,0.000000e+00,0.000000e+00,0.000000e+00,0.000000e+00,0.000000e+00,0.000000e+00
1.000000e+00,0.000000e+00,0.000000e+00,0.000000e+00,0.000000e+00,0.000000e+00,0.000000e+00,0.000000e+00,0.000000e+00,0.000000e+00,0.000000e+00,0.000000e+00,0.000000e+00,0.000000e+00,0.000000e+00
1.000000e+00,0.000000e+00,0.000000e+00,0.000000e+00,0.000000e+00,0.000000e+00,0.000000e+00,0.000000e+00,0.000000e+00,0.000000e+00,0.000000e+00,0.000000e+00,0.000000e+00,0.000000e+00,0.000000e+00
1.000000e+00,0.000000e+00,0.000000e+00,0.000000e+00,0.000000e+00,0.000000e+00,0.000000e+00,0.000000e+00,0.000000e+00,0.000000e+00,0.000000e+00,0.000000e+00,0.000000e+00,0.000000e+00,0.000000e+00
1.000000e+00,0.000000e+00,0.000000e+00,0.000000e+00,0.000000e+00,0.000000e+00,0.000000e+00,0.000000e+00,0.000000e+00,0.000000e+00,0.000000e+00,0.000000e+00,0.000000e+00,0.000000e+00,0.000000e+00
1.000000e+00,0.000000e+00,0.000000e+00,0.000000e+00,0.000000e+00,0.000000e+00,0.000000e+00,0.000000e+00,0.000000e+00,0.000000e+00,0.000000e+00,0.000000e+00,0.000000e+00,0.000000e+00,0.000000e+00
1.000000e+00,0.000000e+00,0.000000e+00,0.000000e+00,0.000000e+00,0.000000e+00,0.000000e+00,0.000000e+00,0.000000e+00,0.000000e+00,0.000000e+00,0.000000e+00,0.000000e+00,0.000000e+00,0.000000e+00
1.000000e+00,0.000000e+00,0.000000e+00,0.000000e+00,0.000000e+00,0.000000e+00,0.000000e+00,0.000000e+00,0.000000e+00,0.000000e+00,0.000000e+00,0.000000e+00,0.000000e+00,0.000000e+00,0.000000e+00
1.000000e+00,0.000000e+00,0.000000e+00,0.000000e+00,0.000000e+00,0.000000e+00,0.000000e+00,0.000000e+00,0.000000e+00,0.000000e+00,0.000000e+00,0.000000e+00,0.000000e+00,0.000000e+00,0.000000e+00
1.000000e+00,0.000000e+00,0.000000e+00,0.000000e+00,0.000000e+00,0.000000e+00,0.000000e+00,0.000000e+00,0.000000e+00,0.000000e+00,0.000000e+00,0.000000e+00,0.000000e+00,0.000000e+00,0.000000e+00
1.000000e+00,0.000000e+00,0.000000e+00,0.000000e+00,0.000000e+00,0.000000e+00,0.000000e+00,0.000000e+00,0.000000e+00,0.000000e+00,0.000000e+00,0.000000e+00,0.000000e+00,0.000000e+00,0.000000e+00
1.000000e+00,0.000000e+00,0.000000e+00,0.000000e+00,0.000000e+00,0.000000e+00,0.000000e+00,0.000000e+00,0.000000e+00,0.000000e+00,0.000000e+00,0.000000e+00,0.000000e+00,0.000000e+00,0.000000e+00
1.000000e+00,0.000000e+00,0.000000e+00,0.000000e+00,0.000000e+00,0.000000e+00,0.000000e+00,0.000000e+00,0.000000e+00,0.000000e+00,0.000000e+00,0.000000e+00,0.000000e+00,0.000000e+00,0.000000e+00
1.000000e+00,0.000000e+00,0.000000e+00,0.000000e+00,0.000000e+00,0.000000e+00,0.000000e+00,0.000000e+00,0.000000e+00,0.000000e+00,0.000000e+00,0.000000e+00,0.000000e+00,0.000000e+00,0.000000e+00
1.000000e+00,0.000000e+00,0.000000e+00,0.000000e+00,0.000000e+00,0.000000e+00,0.000000e+00,0.000000e+00,0.000000e+00,0.000000e+00,0.000000e+00,0.000000e+00,0.000000e+00,0.000000e+00,0.000000e+00
1.000000e+00,0.000000e+00,0.000000e+00,0.000000e+00,0.000000e+00,0.000000e+00,0.000000e+00,0.000000e+00,0.000000e+00,0.000000e+00,0.000000e+00,0.000000e+00,0.000000e+00,0.000000e+00,0.000000e+00
1.000000e+00,0.000000e+00,0.000000e+00,0.000000e+00,0.000000e+00,0.000000e+00,0.000000e+00,0.000000e+00,0.000000e+00,0.000000e+00,0.000000e+00,0.000000e+00,0.000000e+00,0.000000e+00,0.000000e+00
1.000000e+00,0.000000e+00,0.000000e+00,0.000000e+00,0.000000e+00,0.000000e+00,0.000000e+00,0.000000e+00,0.000000e+00,0.000000e+00,0.000000e+00,0.000000e+00,0.000000e+00,0.000000e+00,0.000000e+00
1.000000e+00,0.000000e+00,0.000000e+00,0.000000e+00,0.000000e+00,0.000000e+00,0.000000e+00,0.000000e+00,0.000000e+00,0.000000e+00,0.000000e+00,0.000000e+00,0.000000e+00,0.000000e+00,0.000000e+00
1.000000e+00,0.000000e+00,0.000000e+00,0.000000e+00,0.000000e+00,0.000000e+00,0.000000e+00,0.000000e+00,0.000000e+00,0.000000e+00,0.000000e+00,0.000000e+00,0.000000e+00,0.000000e+00,0.000000e+00
1.000000e+00,0.000000e+00,0.000000e+00,0.000000e+00,0.000000e+00,0.000000e+00,0.000000e+00,0.000000e+00,0.000000e+00,0.000000e+00,0.000000e+00,0.000000e+00,0.000000e+00,0.000000e+00,0.000000e+00
4.858328e-01,3.915737e-03,1.135976e-02,1.009166e-02,2.597474e-03,8.749547e-03,8.721203e-03,4.417395e-01,1.078216e-03,7.933738e-04,3.431481e-03,8.613324e-03,6.153050e-03,1.040672e-03,5.882251e-03
4.387217e-01,3.281270e-03,9.237987e-03,7.809089e-03,3.844863e-03,8.248335e-03,7.989742e-03,4.934434e-01,1.036656e-03,1.054988e-03,3.126815e-03,8.819098e-03,6.766435e-03,1.000842e-03,5.618754e-03
4.820239e-01,3.144808e-03,8.318515e-03,7.146973e-03,5.437592e-03,9.961965e-03,7.253502e-03,4.429609e-01,1.470075e-03,1.343257e-03,3.715447e-03,1.225352e-02,7.777932e-03,1.222436e-03,5.969191e-03
4.786740e-01,2.839653e-03,7.614153e-03,6.313900e-03,7.456264e-03,9.723436e-03,6.712805e-03,4.467462e-01,1.718455e-03,1.513237e-03,3.496756e-03,1.295328e-02,7.318442e-03,1.175058e-03,5.744344e-03
4.812517e-01,2.494307e-03,7.088512e-03,5.431336e-03,8.334434e-03,9.230202e-03,6.162801e-03,4.479838e-01,1.741966e-03,1.823654e-03,2.985911e-03,1.239461e-02,6.695936e-03,1.111484e-03,5.269296e-03
4.918156e-01,2.341517e-03,6.778337e-03,5.012427e-03,8.263259e-03,9.283252e-03,5.719011e-03,4.391868e-01,1.731796e-03,1.844090e-03,2.670135e-03,1.292211e-02,6.395587e-03,1.068320e-03,4.967827e-03
1.000000e+00,0.000000e+00,0.000000e+00,0.000000e+00,0.000000e+00,0.000000e+00,0.000000e+00,0.000000e+00,0.000000e+00,0.000000e+00,0.000000e+00,0.000000e+00,0.000000e+00,0.000000e+00,0.000000e+00
1.000000e+00,0.000000e+00,0.000000e+00,0.000000e+00,0.000000e+00,0.000000e+00,0.000000e+00,0.000000e+00,0.000000e+00,0.000000e+00,0.000000e+00,0.000000e+00,0.000000e+00,0.000000e+00,0.000000e+00
1.000000e+00,0.000000e+00,0.000000e+00,0.000000e+00,0.000000e+00,0.000000e+00,0.000000e+00,0.000000e+00,0.000000e+00,0.000000e+00,0.000000e+00,0.000000e+00,0.000000e+00,0.000000e+00,0.000000e+00
4.985963e-01,1.960507e-03,5.366251e-03,4.413323e-03,6.488886e-03,1.042478e-02,4.849039e-03,4.325208e-01,1.478656e-03,1.237679e-03,2.591965e-03,1.720792e-02,7.011154e-03,1.019563e-03,4.833134e-03
4.970490e-01,1.778051e-03,4.889747e-03,3.933562e-03,6.226112e-03,9.615286e-03,4.511885e-03,4.390396e-01,1.369728e-03,1.179614e-03,2.343081e-03,1.634018e-02,6.357975e-03,9.202448e-04,4.445844e-03
1.000000e+00,0.000000e+00,0.000000e+00,0.000000e+00,0.000000e+00,0.000000e+00,0.000000e+00,0.000000e+00,0.000000e+00,0.000000e+00,0.000000e+00,0.000000e+00,0.000000e+00,0.000000e+00,0.000000e+00
1.000000e+00,0.000000e+00,0.000000e+00,0.000000e+00,0.000000e+00,0.000000e+00,0.000000e+00,0.000000e+00,0.000000e+00,0.000000e+00,0.000000e+00,0.000000e+00,0.000000e+00,0.000000e+00,0.000000e+00
1.000000e+00,0.000000e+00,0.000000e+00,0.000000e+00,0.000000e+00,0.000000e+00,0.000000e+00,0.000000e+00,0.000000e+00,0.000000e+00,0.000000e+00,0.000000e+00,0.000000e+00,0.000000e+00,0.000000e+00
4.887182e-01,2.245012e-03,5.725718e-03,5.558140e-03,6.574935e-03,1.275454e-02,4.291108e-03,4.241635e-01,1.355763e-03,1.194033e-03,3.254489e-03,2.660732e-02,9.315937e-03,1.262636e-03,6.978720e-03
4.727281e-01,1.885934e-03,4.899154e-03,4.895706e-03,6.093932e-03,1.246324e-02,3.857557e-03,4.473738e-01,1.193548e-03,1.098381e-03,2.848349e-03,2.446761e-02,8.694375e-03,1.137746e-03,6.362604e-03
4.329034e-01,1.502327e-03,4.174279e-03,3.780013e-03,5.672816e-03,1.003381e-02,3.216728e-03,5.025470e-01,9.653973e-04,9.460939e-04,2.226857e-03,1.877064e-02,6.840939e-03,9.348485e-04,5.484816e-03
3.954312e-01,1.240022e-03,3.586152e-03,2.942290e-03,5.108071e-03,7.883698e-03,2.731316e-03,5.528117e-01,7.653086e-04,8.139788e-04,1.792612e-03,1.408636e-02,5.340393e-03,7.960081e-04,4.670889e-03
3.471607e-01,1.314246e-03,3.126420e-03,2.917334e-03,4.809653e-03,6.853311e-03,2.378526e-03,6.031644e-01,6.667042e-04,8.997425e-04,1.893544e-03,1.375855e-02,5.789505e-03,8.442170e-04,4.423163e-03
2.727634e-01,2.583385e-03,2.793896e-03,1.616042e-02,5.959343e-03,5.605011e-03,1.744497e-03,5.945206e-01,2.774720e-03,4.042586e-03,1.892157e-02,1.706452e-02,4.453681e-02,3.362966e-03,7.166213e-03
1.961569e-01,3.192368e-03,2.373200e-03,4.320731e-02,5.664690e-03,5.403624e-03,1.248243e-03,5.243421e-01,6.141261e-03,5.457508e-03,6.202944e-02,1.337907e-02,6.702715e-02,7.232159e-03,5.714494e-02
1.387736e-01,4.116538e-03,2.106572e-03,4.993633e-02,4.782853e-03,4.043187e-03,9.044126e-04,4.075030e-01,1.155342e-02,9.235196e-03,8.607712e-02,9.899713e-03,1.163944e-01,7.099366e-03,1.475743e-01
9.752675e-02,3.268505e-03,1.670186e-03,3.816792e-02,3.686120e-03,3.017523e-03,7.080134e-04,2.887565e-01,1.343044e-02,7.492722e-03,7.984820e-02,7.303020e-03,1.623567e-01,6.964319e-03,2.858031e-01
6.873348e-02,2.560522e-03,1.404871e-03,2.914627e-02,2.970828e-03,2.285233e-03,6.204622e-04,2.045139e-01,1.432699e-02,8.548545e-03,6.572650e-02,5.415835e-03,1.324911e-01,9.205068e-03,4.520504e-01
4.844279e-02,2.194004e-03,1.255211e-03,2.516901e-02,2.617145e-03,1.799620e-03,5.525688e-04,1.438086e-01,1.396090e-02,1.031070e-02,5.575743e-02,4.378564e-03,1.034915e-01,1.257389e-02,5.736880e-01
3.410019e-02,2.385566e-03,1.625554e-03,1.930339e-02,2.419068e-03,1.313513e-03,4.377068e-04,1.012419e-01,1.395441e-02,1.053435e-02,4.624474e-02,3.566074e-03,7.820348e-02,1.705791e-02,6.676121e-01
2.395811e-02,2.136274e-03,3.337372e-03,1.397815e-02,3.255264e-03,9.941799e-04,1.034046e-03,7.991659e-02,1.515408e-02,9.468943e-03,3.822111e-02,3.004882e-03,8.264539e-02,1.480702e-02,7.080885e-01
1.704650e-02,1.766308e-03,1.253256e-02,1.084244e-02,3.560124e-03,9.055096e-04,2.312214e-03,2.223076e-01,1.267535e-02,7.161587e-03,3.059899e-02,2.849474e-03,7.500232e-02,1.098456e-02,5.894544e-01
1.273481e-02,2.130244e-03,9.202930e-02,1.296783e-02,8.489179e-03,1.078898e-03,4.522486e-03,3.112652e-01,1.201249e-02,5.130182e-03,2.188626e-02,2.128695e-03,5.451049e-02,7.887656e-03,4.512262e-01
1.098032e-02,1.500508e-02,1.649437e-01,2.058366e-02,2.264484e-02,4.636707e-03,5.229173e-03,3.136655e-01,4.628703e-02,3.903951e-03,1.691150e-02,1.647279e-03,3.953588e-02,5.693144e-03,3.283321e-01
1.174472e-02,2.083624e-02,2.077284e-01,4.552767e-02,8.527496e-02,3.891971e-03,4.936381e-03,2.788206e-01,5.072920e-02,3.172228e-03,1.491914e-02,1.355160e-03,2.889300e-02,4.077560e-03,2.380926e-01
1.081060e-02,1.843675e-02,2.005544e-01,1.732334e-01,1.400692e-01,3.724665e-03,4.501650e-03,2.048386e-01,3.884766e-02,2.337411e-03,1.130874e-02,1.065447e-03,2.047129e-02,2.877408e-03,1.669227e-01
2.008696e-02,8.038951e-02,1.647493e-01,2.117682e-01,1.466596e-01,3.719419e-03,3.981567e-03,1.526119e-01,6.630367e-02,1.933516e-03,1.204349e-02,9.732103e-04,1.522087e-02,2.039591e-03,1.175191e-01
2.053954e-02,7.028154e-02,1.820586e-01,2.793450e-01,1.546001e-01,3.049773e-03,3.655627e-03,1.133629e-01,6.210446e-02,1.539446e-03,1.222933e-02,7.370175e-04,1.258161e-02,1.438380e-03,8.247666e-02
4.276804e-02,5.235948e-02,1.468770e-01,2.015468e-01,1.898605e-01,3.438147e-03,9.214446e-03,2.271872e-01,4.517100e-02,1.125633e-03,1.038184e-02,6.649517e-04,1.044612e-02,1.022715e-03,5.793620e-02
4.258025e-02,3.793307e-02,1.145779e-01,1.453989e-01,1.663479e-01,4.001843e-03,2.651506e-02,3.669134e-01,3.228741e-02,9.585865e-04,8.853969e-03,5.505339e-04,1.139311e-02,7.396342e-04,4.094842e-02
3.280568e-02,2.762404e-02,8.461192e-02,1.083589e-01,1.355024e-01,3.885086e-03,3.342251e-02,4.789284e-01,2.663767e-02,2.168295e-03,1.670078e-02,1.030189e-03,1.718021e-02,7.385521e-04,3.040530e-02
2.662999e-02,2.079462e-02,6.101049e-02,8.089233e-02,1.108550e-01,7.192321e-03,3.963962e-02,4.649764e-01,2.094371e-02,3.194682e-03,1.425012e-02,1.200164e-03,1.234154e-01,5.842595e-04,2.442093e-02
2.139476e-02,1.495014e-02,4.387277e-02,5.944673e-02,9.777641e-02,7.113570e-03,9.229332e-02,4.422609e-01,1.607158e-02,4.207573e-03,1.791584e-02,4.732837e-03,1.573396e-01,7.325320e-04,1.989142e-02
5.208148e-02,1.086734e-02,3.185196e-02,4.483388e-02,7.472519e-02,1.196267e-02,7.632599e-02,4.202830e-01,1.510551e-02,4.344136e-03,2.640616e-02,1.722273e-02,1.953698e-01,1.339957e-03,1.728017e-02
7.220972e-02,8.466377e-03,2.360361e-02,3.311328e-02,5.910489e-02,2.043622e-02,6.487881e-02,3.263290e-01,1.580145e-02,4.099067e-03,9.870027e-02,2.454608e-02,2.303510e-01,1.428582e-03,1.693167e-02
6.459352e-02,6.543372e-03,1.812315e-02,2.479578e-02,4.960105e-02,3.999552e-02,4.952583e-02,2.446701e-01,2.212380e-02,4.024675e-03,1.584167e-01,2.393275e-02,2.653253e-01,1.357073e-03,2.697127e-02
6.199453e-02,6.106753e-03,1.411055e-02,1.822765e-02,8.570372e-02,3.208467e-02,4.106296e-02,1.933116e-01,3.630973e-02,3.989642e-03,1.321257e-01,2.320705e-02,3.227679e-01,1.245318e-03,2.775221e-02
8.022635e-02,7.132642e-03,1.340974e-02,1.817688e-02,1.234663e-01,2.886858e-02,3.728467e-02,1.574062e-01,9.034957e-02,5.063125e-03,1.015579e-01,1.958430e-02,2.918138e-01,1.398547e-03,2.426137e-02
8.524907e-02,5.974362e-03,1.020599e-02,1.990334e-02,1.098956e-01,4.450127e-02,2.829005e-02,1.144922e-01,8.128358e-02,5.356974e-03,1.089422e-01,4.459720e-02,3.189353e-01,2.323498e-03,2.004937e-02
6.635446e-02,4.638067e-03,7.903918e-03,1.752380e-02,9.043839e-02,3.980106e-02,2.071826e-02,8.267505e-02,7.304360e-02,5.205435e-03,1.577734e-01,7.443872e-02,3.344877e-01,2.178639e-03,2.281952e-02
4.953460e-02,3.857575e-03,6.166669e-03,1.291454e-02,1.081143e-01,2.957676e-02,1.525103e-02,5.908726e-02,7.982416e-02,4.620883e-03,2.156981e-01,7.835317e-02,3.137639e-01,1.787803e-03,2.144920e-02
1.103111e-01,3.834902e-03,5.300425e-03,1.257420e-02,1.004784e-01,3.086830e-02,1.224590e-02,4.309458e-02,6.208602e-02,6.004031e-03,1.710760e-01,1.033901e-01,2.932388e-01,2.276297e-03,4.322095e-02
8.799005e-02,4.051068e-03,5.637270e-03,9.255393e-03,8.089179e-02,2.749873e-02,9.067731e-03,3.066273e-02,4.527355e-02,6.080029e-03,1.514192e-01,1.043544e-01,3.157739e-01,3.267938e-03,1.187762e-01
6.355736e-02,3.087355e-03,5.687037e-03,7.029650e-03,6.457350e-02,2.260125e-02,7.283877e-03,4.030220e-02,3.390237e-02,5.095762e-03,1.305591e-01,9.246004e-02,3.877224e-01,3.747253e-03,1.323908e-01
4.572725e-02,2.519201e-03,6.815978e-03,7.058664e-03,5.139749e-02,1.721001e-02,5.496554e-03,3.821766e-02,2.521755e-02,3.972725e-03,1.254231e-01,7.633780e-02,4.338434e-01,3.954035e-03,1.568085e-01
3.903620e-02,3.124161e-03,2.627822e-02,1.641924e-02,4.504219e-02,1.524456e-02,4.065896e-03,3.316742e-02,2.436537e-02,7.121220e-03,1.418098e-01,6.672170e-02,3.864651e-01,7.277433e-03,1.838614e-01
3.461034e-02,1.286263e-02,9.802727e-02,2.862789e-02,5.277006e-02,1.319486e-02,4.801904e-03,3.421144e-02,6.134103e-02,8.884314e-03,1.281867e-01,5.148692e-02,2.926772e-01,5.745389e-03,1.725720e-01
3.230787e-02,2.315740e-02,9.180719e-02,2.873896e-02,4.873692e-02,1.147759e-02,4.004496e-03,2.835414e-02,9.139450e-02,9.383174e-03,1.043111e-01,3.747968e-02,2.133165e-01,4.984287e-03,2.705461e-01
4.323615e-02,4.323981e-02,7.797796e-02,2.244409e-02,4.862342e-02,1.114629e-02,3.503072e-03,2.101922e-02,1.535266e-01,7.559167e-03,7.505120e-02,2.674590e-02,1.516199e-01,4.650305e-03,3.096569e-01
3.927308e-02,6.560608e-02,6.221324e-02,1.680937e-02,4.281983e-02,1.145049e-02,2.830043e-03,1.592604e-02,2.451971e-01,6.136502e-03,5.431631e-02,1.896507e-02,1.073240e-01,3.873981e-03,3.072588e-01
4.809767e-02,5.545990e-02,5.197138e-02,2.145791e-02,6.587644e-02,5.225088e-02,3.054096e-03,5.309245e-02,2.904158e-01,5.000348e-03,3.944423e-02,1.379689e-02,7.634669e-02,3.361449e-03,2.203739e-01
4.350005e-02,4.929905e-02,5.348810e-02,2.819015e-02,1.031478e-01,1.340298e-01,3.739448e-03,1.173086e-01,2.134098e-01,3.998417e-03,2.840061e-02,9.839888e-03,5.373564e-02,2.498717e-03,1.554140e-01
4.041154e-02,3.700987e-02,4.690599e-02,2.801079e-02,1.338147e-01,1.342246e-01,2.987233e-03,1.737345e-01,2.189519e-01,4.404620e-03,2.270960e-02,7.299299e-03,3.805490e-02,1.857442e-03,1.096231e-01
3.507314e-02,2.645288e-02,3.384840e-02,2.223871e-02,1.057099e-01,1.006693e-01,3.044861e-03,1.381339e-01,3.057655e-01,1.276746e-02,7.897385e-02,1.017912e-02,4.198029e-02,1.957441e-03,8.320533e-02
2.684748e-02,1.885500e-02,2.409464e-02,1.788288e-02,7.728837e-02,7.135705e-02,2.421807e-03,1.000981e-01,3.195196e-01,1.443513e-02,1.759912e-01,1.208449e-02,5.912521e-02,3.094174e-03,7.690483e-02
1.961964e-02,1.385048e-02,1.750367e-02,1.283074e-02,5.765375e-02,5.091470e-02,2.013466e-03,7.056165e-02,2.394190e-01,1.792030e-02,1.907252e-01,8.974117e-03,5.454675e-02,8.865264e-03,2.346013e-01
1.494276e-02,1.034932e-02,1.547358e-02,9.369006e-03,4.510203e-02,3.643348e-02,1.485378e-03,4.981744e-02,1.947157e-01,1.603670e-02,1.427558e-01,6.391783e-03,3.939777e-02,1.354999e-02,4.041792e-01
1.183080e-02,7.745083e-03,1.333052e-02,6.823058e-03,3.371380e-02,2.677345e-02,1.095635e-03,3.521619e-02,1.467419e-01,1.261878e-02,1.047215e-01,4.525854e-03,2.805201e-02,1.183450e-02,5.549769e-01
9.776067e-03,6.700905e-03,1.024402e-02,5.508676e-03,2.448311e-02,2.442833e-02,8.040722e-04,2.496095e-02,1.635911e-01,1.045157e-02,7.534767e-02,3.333370e-03,2.075952e-02,1.009767e-02,6.095129e-01
7.441662e-03,7.313734e-03,1.008993e-02,7.018399e-03,1.750018e-02,2.260452e-02,6.159800e-04,1.754786e-02,2.631073e-01,9.778051e-03,5.661719e-02,2.831117e-03,1.630842e-02,8.269732e-03,5.529559e-01
2.260390e-02,8.073291e-03,1.873412e-02,6.890410e-03,1.279065e-02,2.791464e-02,6.153537e-04,1.248890e-02,2.939330e-01,2.689411e-02,6.255928e-02,3.020340e-03,1.509869e-02,2.377871e-02,4.646046e-01
2.635699e-02,8.097781e-03,1.934816e-02,5.002506e-03,9.293516e-03,2.272187e-02,4.550531e-04,8.782788e-03,3.305409e-01,6.685359e-02,6.207700e-02,2.419371e-03,1.332326e-02,3.236219e-02,3.923650e-01
2.308924e-02,7.457167e-03,1.471769e-02,3.940547e-03,6.591571e-03,1.869091e-02,3.310715e-04,6.191642e-03,3.845368e-01,6.337028e-02,4.722296e-02,2.591165e-03,1.353704e-02,2.907452e-02,3.786574e-01
2.657619e-02,7.747123e-03,2.024602e-02,5.672967e-03,4.905032e-03,1.488588e-02,2.629424e-04,4.496977e-03,4.888760e-01,5.357080e-02,3.732533e-02,3.083617e-03,1.522858e-02,3.234377e-02,2.847788e-01
3.069375e-02,7.535886e-03,2.731954e-02,7.042990e-03,4.079040e-03,1.270443e-02,2.939040e-04,3.574135e-03,4.126214e-01,1.044724e-01,7.573893e-02,4.628313e-03,2.622810e-02,5.546957e-02,2.275976e-01
2.480950e-02,3.429999e-02,2.399792e-02,6.056365e-03,3.971618e-03,9.940070e-03,2.528425e-04,2.580225e-03,3.577668e-01,1.329159e-01,8.151469e-02,3.994880e-03,2.229389e-02,6.060319e-02,2.350022e-01
1.933093e-02,8.606125e-02,2.468349e-02,1.076840e-02,3.794344e-03,8.066861e-03,2.776702e-04,2.401271e-03,4.220006e-01,1.075759e-01,6.419556e-02,3.223986e-03,1.878919e-02,4.882956e-02,1.800010e-01
1.617526e-02,1.550427e-01,7.973890e-02,1.553683e-02,5.057126e-03,8.491696e-03,3.768762e-04,3.718204e-03,3.692384e-01,8.351485e-02,4.938757e-02,2.762062e-03,1.643748e-02,4.033849e-02,1.541836e-01
1.863125e-02,1.510965e-01,1.592535e-01,1.931662e-02,7.505928e-03,2.062098e-02,5.874747e-04,1.788321e-02,3.060035e-01,6.497221e-02,3.689634e-02,2.479380e-03,1.568152e-02,3.157946e-02,1.474922e-01
1.974259e-02,1.363761e-01,2.006318e-01,2.241414e-02,1.154263e-02,1.757914e-02,1.844563e-03,1.175049e-01,2.252569e-01,4.661439e-02,2.698675e-02,1.823857e-03,1.242286e-02,2.274696e-02,1.365125e-01
2.277176e-02,1.191443e-01,1.751794e-01,1.827823e-02,1.334151e-02,1.812782e-02,7.234432e-03,2.848472e-01,1.619724e-01,3.318437e-02,1.913452e-02,1.309264e-03,9.590122e-03,1.626316e-02,9.962155e-02
2.506907e-02,8.850679e-02,1.404010e-01,1.436660e-02,1.196840e-02,3.006114e-02,9.885468e-02,2.634367e-01,1.164797e-01,2.360248e-02,1.394547e-02,1.293043e-03,8.651227e-02,1.157901e-02,7.392360e-02
2.813484e-02,6.562223e-02,1.028549e-01,1.084290e-02,1.237825e-02,3.043313e-02,2.002486e-01,2.912691e-01,8.584472e-02,1.680728e-02,1.021122e-02,1.238330e-03,8.061537e-02,8.297566e-03,5.520152e-02
2.373942e-02,4.629726e-02,7.313959e-02,8.002575e-03,1.099761e-02,2.823993e-02,3.694915e-01,2.473659e-01,6.090444e-02,1.186160e-02,7.303645e-03,1.052392e-03,6.628662e-02,5.855834e-03,3.946171e-02
1.950049e-02,3.265828e-02,5.194117e-02,5.780948e-03,8.923585e-03,2.409436e-02,5.091720e-01,2.040111e-01,4.310742e-02,8.385244e-03,5.263883e-03,8.738230e-04,5.433674e-02,4.131522e-03,2.781942e-02
1.397864e-02,2.292344e-02,3.686458e-02,4.123809e-03,6.615364e-03,1.845996e-02,6.232170e-01,1.674249e-01,3.025580e-02,5.900973e-03,3.706551e-03,6.507533e-04,4.343633e-02,2.900644e-03,1.954124e-02
1.005316e-02,1.618585e-02,2.602489e-02,2.946155e-03,5.292423e-03,1.820299e-02,7.124543e-01,1.253378e-01,2.139972e-02,4.181245e-03,2.981791e-03,5.575842e-04,3.835014e-02,2.040480e-03,1.399150e-02
9.146988e-03,1.157436e-02,1.880733e-02,2.276017e-03,4.953817e-03,2.173278e-02,7.610266e-01,1.050551e-01,1.554994e-02,2.999117e-03,2.413072e-03,5.316460e-04,3.240978e-02,1.458787e-03,1.006460e-02
7.463891e-03,8.283958e-03,1.623279e-02,2.009121e-03,5.570258e-03,1.602462e-02,7.810474e-01,1.162524e-01,1.106244e-02,2.176319e-03,1.772081e-03,4.796413e-04,2.339557e-02,1.061789e-03,7.167640e-03
8.806519e-03,6.220229e-03,1.480198e-02,1.700750e-03,7.408406e-03,1.593142e-02,7.950732e-01,1.128370e-01,8.082665e-03,1.803613e-03,1.688763e-03,6.588913e-04,1.874449e-02,7.991668e-04,5.442879e-03
9.910800e-03,4.950602e-03,1.292941e-02,1.968474e-03,1.191269e-02,1.885884e-02,7.284656e-01,1.754726e-01,6.210148e-03,2.093230e-03,2.292215e-03,1.112736e-03,1.886205e-02,6.005530e-04,4.360091e-03
1.465155e-02,3.748633e-03,1.120233e-02,2.165148e-03,1.220410e-02,1.844351e-02,5.363415e-01,3.708467e-01,4.689855e-03,2.193739e-03,2.781870e-03,1.768324e-03,1.503260e-02,4.727338e-04,3.457421e-03
1.165157e-02,4.054336e-03,2.161253e-02,3.545855e-03,1.114793e-02,1.560676e-02,3.929331e-01,3.146786e-01,4.076085e-03,1.204124e-01,2.924104e-02,2.735228e-02,2.175394e-02,1.600624e-02,5.927369e-03
8.936748e-03,3.433039e-03,1.628615e-02,5.313165e-03,9.883087e-03,1.191158e-02,2.757270e-01,2.331465e-01,4.218989e-03,1.081802e-01,1.156432e-01,1.211765e-01,2.678777e-02,5.065597e-02,8.700122e-03
6.886641e-03,2.836668e-03,1.170594e-02,4.208930e-03,8.133046e-03,8.661991e-03,1.937382e-01,1.674998e-01,3.471551e-03,8.953644e-02,1.472915e-01,1.649317e-01,3.287391e-02,1.469782e-01,1.124549e-02
5.000302e-03,2.213875e-03,8.243266e-03,3.152242e-03,6.364828e-03,6.173796e-03,1.359437e-01,1.199716e-01,4.447547e-03,6.337260e-02,1.101522e-01,3.134749e-01,5.882895e-02,1.541775e-01,8.482790e-03
3.713621e-03,1.705269e-03,5.838941e-03,2.466040e-03,5.423972e-03,4.424813e-03,9.538464e-02,8.458027e-02,1.373323e-02,5.517797e-02,8.305600e-02,3.624672e-01,5.774377e-02,2.159543e-01,8.330071e-03
2.670703e-03,1.284309e-03,4.124827e-03,1.876920e-03,4.695342e-03,3.180082e-03,6.692005e-02,5.961413e-02,3.259716e-02,5.132595e-02,6.658068e-02,3.255563e-01,5.314136e-02,3.180824e-01,8.349819e-03
2.193380e-03,1.370917e-03,2.967576e-03,1.536437e-03,4.406132e-03,2.624977e-03,4.711114e-02,4.206938e-02,3.649460e-02,5.004429e-02,5.347842e-02,3.041641e-01,4.096717e-02,3.980758e-01,1.249575e-02
1.660002e-03,1.888884e-03,2.147511e-03,1.170617e-03,4.036524e-03,1.952372e-03,3.304105e-02,2.957640e-02,4.597572e-02,3.751798e-02,4.023317e-02,3.367680e-01,3.179216e-02,4.230867e-01,9.152912e-03
1.348244e-03,1.527078e-03,1.563887e-03,8.995892e-04,3.064321e-03,1.498298e-03,2.313957e-02,2.073754e-02,8.368257e-02,2.775203e-02,3.040679e-02,2.625664e-01,2.365560e-02,5.113480e-01,6.810083e-03
1.007311e-03,2.711600e-03,1.148553e-03,6.516334e-04,2.240743e-03,1.303700e-03,1.619964e-02,1.451971e-02,1.027170e-01,2.032635e-02,2.811967e-02,1.876455e-01,1.679171e-02,5.989226e-01,5.694340e-03
8.843964e-04,4.333249e-03,9.150743e-04,5.165450e-04,1.741401e-03,1.583728e-03,1.134404e-02,1.018492e-02,1.178844e-01,1.470013e-02,2.709501e-02,1.336233e-01,1.186217e-02,6.584406e-01,4.891019e-03
7.268157e-04,4.813632e-03,9.576434e-04,4.200686e-04,1.488687e-03,1.382242e-03,7.941460e-03,7.141928e-03,2.850972e-01,1.052812e-02,2.237738e-02,9.382876e-02,8.377897e-03,5.510892e-01,3.828904e-03
6.847326e-04,4.322859e-03,9.631384e-04,3.824359e-04,1.162976e-03,1.353379e-03,5.559844e-03,5.004494e-03,3.674618e-01,7.651866e-03,1.880652e-02,6.582677e-02,5.912684e-03,5.118197e-01,3.086912e-03
6.815809e-04,4.583745e-03,1.544336e-03,3.466691e-04,8.524883e-04,1.897698e-03,3.893318e-03,3.528296e-03,3.210163e-01,5.448629e-03,1.404887e-02,4.611175e-02,4.176365e-03,5.887077e-01,3.162378e-03
7.687452e-04,3.560469e-03,1.588122e-03,2.956257e-04,6.260333e-04,1.813595e-03,2.726234e-03,2.478895e-03,3.185273e-01,3.961426e-03,1.076031e-02,3.230109e-02,2.947037e-03,6.148854e-01,2.759759e-03
1.144889e-03,2.849212e-03,1.907327e-03,2.895570e-04,4.865307e-04,1.660237e-03,1.909329e-03,1.744240e-03,3.300367e-01,2.859164e-03,8.644059e-03,2.263128e-02,2.077788e-03,6.194735e-01,2.286229e-03
2.271534e-03,2.694193e-03,3.304797e-03,7.344986e-04,4.090432e-04,2.770574e-03,1.346420e-03,1.291875e-03,3.248704e-01,2.630477e-03,6.872964e-03,1.589108e-02,1.516298e-03,6.293845e-01,4.011378e-03
3.751255e-03,2.451164e-03,4.023337e-03,7.393244e-04,5.278511e-04,4.330624e-03,9.626299e-04,1.385623e-03,3.121785e-01,2.394002e-03,5.478826e-03,1.114921e-02,1.133241e-03,6.454975e-01,3.996892e-03
7.435435e-03,2.072070e-03,3.470626e-03,9.477611e-04,7.463045e-03,3.723902e-03,8.342399e-04,1.347427e-03,3.127367e-01,1.884604e-03,6.293256e-03,7.821338e-03,8.432686e-04,6.401070e-01,3.019393e-03
3.100376e-02,2.799826e-03,5.768730e-03,4.654278e-03,1.746752e-02,8.242719e-03,1.115122e-03,5.161895e-03,3.717472e-01,1.991959e-03,8.575557e-03,6.356356e-03,2.782595e-03,5.258366e-01,6.495770e-03
4.843231e-02,2.726882e-03,7.792869e-03,2.343486e-02,1.840323e-02,1.042153e-02,1.042927e-03,5.252494e-02,3.954391e-01,2.195322e-03,1.262715e-02,4.738290e-03,2.548752e-03,4.108989e-01,6.772887e-03
4.582326e-02,2.324826e-03,1.980546e-02,1.744776e-02,1.681348e-02,8.875141e-03,9.885433e-03,2.243270e-01,3.284602e-01,2.038258e-03,1.272824e-02,3.587939e-03,2.317654e-03,3.000417e-01,5.523681e-03
3.927365e-02,1.976172e-03,2.269716e-02,1.285118e-02,1.394551e-02,8.430297e-03,1.970085e-02,3.989424e-01,2.464810e-01,1.771605e-03,9.637501e-03,2.652143e-03,3.046773e-03,2.134901e-01,5.103610e-03
3.739287e-02,1.859581e-03,5.771464e-02,1.026565e-02,2.566704e-02,9.043289e-03,6.672442e-02,4.321511e-01,1.837829e-01,1.554820e-03,7.578968e-03,1.901684e-03,3.404691e-03,1.569508e-01,4.007533e-03
2.943067e-02,1.556749e-03,4.354244e-02,7.705937e-03,2.162077e-02,7.604376e-03,5.253704e-02,5.819092e-01,1.296650e-01,1.159451e-03,5.388967e-03,1.361355e-03,3.231149e-03,1.103761e-01,2.910760e-03
2.389111e-02,1.241483e-03,3.126188e-02,5.645153e-03,2.008618e-02,6.180509e-03,3.931326e-02,6.924914e-01,9.165414e-02,9.192315e-04,3.917703e-03,9.913148e-04,2.697636e-03,7.762475e-02,2.084266e-03
2.185997e-02,1.000549e-03,2.258423e-02,4.403841e-03,1.891311e-02,5.572632e-03,5.435968e-02,7.429321e-01,6.447708e-02,7.792254e-04,2.810138e-03,7.220688e-04,3.279952e-03,5.461906e-02,1.686428e-03
2.210662e-02,8.220328e-04,1.733645e-02,3.456722e-03,1.543732e-02,5.321705e-03,5.876165e-02,7.847504e-01,4.570840e-02,6.525050e-04,2.022296e-03,5.417099e-04,2.925835e-03,3.835955e-02,1.796849e-03
2.637667e-02,9.648025e-04,1.572541e-02,3.115886e-03,1.317018e-02,6.304824e-03,1.853165e-01,6.807259e-01,3.302785e-02,8.604535e-04,1.542068e-03,5.743924e-04,3.113790e-03,2.706665e-02,2.114736e-03
3.190294e-02,1.016560e-03,2.020044e-02,4.052304e-03,1.226498e-02,1.025830e-02,2.555963e-01,6.094910e-01,2.437435e-02,2.176988e-03,1.753719e-03,7.218937e-04,4.074547e-03,1.917312e-02,2.942703e-03
3.503432e-02,1.904799e-03,3.022253e-02,4.152330e-03,1.273995e-02,9.378337e-03,2.731140e-01,5.502474e-01,2.083000e-02,1.955116e-02,1.182728e-02,1.348366e-03,5.604842e-03,1.448540e-02,9.559358e-03
2.573306e-02,1.775352e-03,3.362878e-02,3.857856e-03,9.741232e-03,7.277981e-03,2.820349e-01,3.993551e-01,2.922376e-02,5.011179e-02,3.633818e-02,3.769938e-03,4.921996e-03,6.828734e-02,4.394284e-02
1.877704e-02,1.521854e-03,2.466181e-02,2.870741e-03,7.405607e-03,5.808165e-03,2.091222e-01,2.861245e-01,4.275551e-02,5.510119e-02,9.251502e-02,5.487664e-03,6.135557e-03,1.957447e-01,4.596847e-02
1.360015e-02,1.223670e-03,1.747470e-02,2.175746e-03,5.486127e-03,4.417790e-03,1.591680e-01,2.015397e-01,4.978980e-02,5.169706e-02,9.289508e-02,1.138379e-02,5.491906e-03,3.341151e-01,4.954140e-02
9.746289e-03,1.094969e-03,1.263456e-02,1.590932e-03,4.040186e-03,3.400542e-03,1.118158e-01,1.412716e-01,4.598507e-02,4.955210e-02,8.254352e-02,8.528115e-03,4.200712e-03,4.836429e-01,3.995273e-02
7.010858e-03,9.996776e-04,9.356993e-03,1.259371e-03,2.971567e-03,2.675367e-03,7.862361e-02,9.904424e-02,4.606411e-02,4.611197e-02,8.050943e-02,6.478816e-03,3.236229e-03,5.817155e-01,3.394230e-02
5.321409e-03,1.558320e-03,6.987454e-03,1.090179e-03,4.566757e-03,2.789167e-03,5.543588e-02,6.979511e-02,5.276266e-02,3.854258e-02,7.723203e-02,4.956208e-03,2.628304e-03,6.411365e-01,3.519738e-02
4.274970e-03,2.437547e-03,5.153333e-03,9.375233e-04,7.091172e-03,2.635973e-03,3.896469e-02,4.919049e-02,5.768739e-02,3.261939e-02,7.454411e-02,3.882473e-03,2.208672e-03,6.848358e-01,3.353648e-02
3.318266e-03,2.744039e-03,3.716556e-03,7.370629e-04,7.430684e-03,2.286714e-03,2.744848e-02,3.458701e-02,9.134817e-02,3.036228e-02,5.720560e-02,3.521896e-03,1.857665e-03,7.010332e-01,3.240241e-02
2.538023e-03,2.345122e-03,2.666989e-03,5.801802e-04,5.620749e-03,1.946081e-03,1.928214e-02,2.424692e-02,1.487159e-01,2.611883e-02,4.513897e-02,2.770295e-03,1.490971e-03,6.902676e-01,2.627132e-02
2.649913e-03,3.006333e-03,2.397873e-03,5.457121e-04,4.375376e-03,3.317766e-03,1.358875e-02,1.708453e-02,2.101261e-01,4.111425e-02,3.659254e-02,2.429000e-03,1.664164e-03,6.386197e-01,2.248817e-02
3.191169e-03,4.091552e-03,2.573321e-03,4.731170e-04,3.213600e-03,3.441042e-03,9.565373e-03,1.203128e-02,2.211263e-01,3.866960e-02,2.848689e-02,2.014498e-03,1.702033e-03,6.405551e-01,2.886523e-02
3.436964e-03,3.853732e-03,2.384997e-03,3.683628e-04,2.456922e-03,2.878220e-03,6.710328e-03,8.439052e-03,2.346993e-01,3.834350e-02,2.173079e-02,1.523550e-03,1.466889e-03,6.352689e-01,3.643852e-02
6.200404e-03,4.168505e-03,3.204921e-03,3.594755e-04,2.049738e-03,3.224073e-03,4.732818e-03,6.006858e-03,2.528574e-01,3.134419e-02,1.589422e-02,1.122821e-03,1.400723e-03,6.240284e-01,4.340542e-02
9.975011e-03,4.195216e-03,4.402185e-03,3.819240e-04,4.316446e-03,3.932669e-03,3.323656e-03,4.465127e-03,2.318925e-01,2.553702e-02,1.161125e-02,8.140932e-04,1.116618e-03,6.432179e-01,5.081843e-02
2.917958e-02,7.647713e-03,4.626771e-02,1.286171e-02,2.214998e-02,5.297147e-03,2.930033e-03,8.108657e-03,2.197976e-01,2.238614e-02,8.788130e-03,6.249458e-04,9.540735e-04,5.676986e-01,4.530795e-02
5.280709e-02,1.084321e-02,1.189310e-01,1.721548e-02,2.626111e-02,7.041492e-03,2.152801e-03,7.308692e-03,1.943082e-01,1.819408e-02,6.644768e-03,4.516869e-04,7.101448e-04,4.945148e-01,4.261546e-02
5.852840e-02,1.045890e-02,8.972584e-02,1.262635e-02,2.688017e-02,9.518264e-03,1.530974e-03,5.523712e-03,1.924895e-01,1.402041e-02,5.376734e-03,3.244152e-04,5.331140e-04,5.244024e-01,4.806081e-02
4.984279e-02,7.780504e-03,6.484418e-02,8.926718e-03,1.974468e-02,7.510359e-03,1.083645e-03,3.993261e-03,1.536618e-01,1.043439e-02,4.318890e-03,2.290235e-04,3.950072e-04,6.314090e-01,3.582574e-02
4.432038e-02,5.884117e-03,4.768554e-02,6.399702e-03,1.468704e-02,6.939113e-03,7.879558e-04,2.931596e-03,1.432268e-01,8.440013e-03,3.310767e-03,1.656196e-04,3.051929e-04,6.787746e-01,3.614152e-02
4.055181e-02,4.765130e-03,3.486539e-02,4.653161e-03,1.124606e-02,5.934166e-03,5.797436e-04,2.122189e-03,1.359872e-01,6.465774e-03,3.026909e-03,1.240908e-04,2.374895e-04,7.204096e-01,2.903119e-02
7.122974e-02,3.965722e-02,2.817796e-02,1.070187e-02,1.312115e-02,1.570870e-02,1.235290e-03,2.195952e-03,1.443556e-01,8.202812e-03,2.635308e-03,2.542540e-04,3.309122e-04,6.347498e-01,2.744338e-02
1.010542e-01,3.040762e-02,2.229019e-02,9.545851e-03,1.110361e-02,1.465377e-02,1.466267e-03,1.952949e-03,1.696523e-01,7.920228e-03,4.017934e-03,2.914409e-04,4.813136e-04,6.015422e-01,2.362005e-02
1.785773e-01,2.412858e-02,2.049731e-02,1.062757e-02,1.047898e-02,1.440703e-02,2.134353e-03,2.701114e-03,1.877672e-01,6.892305e-03,7.563343e-03,8.118675e-04,8.965794e-04,5.132963e-01,1.922005e-02
2.992277e-01,2.150520e-02,1.832272e-02,1.128409e-02,1.182360e-02,1.372399e-02,2.479029e-03,2.681670e-03,1.794090e-01,5.935844e-03,8.227147e-03,1.190258e-03,1.039262e-03,4.064353e-01,1.671512e-02
2.562565e-01,4.414028e-02,2.387356e-02,1.825611e-01,1.482837e-02,1.084074e-02,1.966106e-03,2.725542e-03,1.414154e-01,7.114804e-03,7.344656e-03,1.909326e-03,1.779405e-03,2.851674e-01,1.807687e-02
1.812411e-01,1.150049e-01,2.228598e-02,1.292807e-01,1.051372e-02,8.139551e-03,1.408499e-03,2.002145e-03,1.449086e-01,9.598156e-03,1.515367e-02,2.733239e-03,1.937598e-02,2.145988e-01,1.237549e-01
1.274334e-01,8.645646e-02,1.591176e-02,9.072194e-02,7.385247e-03,5.892254e-03,9.925368e-04,1.421932e-03,1.262154e-01,1.366295e-02,3.716389e-02,1.008110e-02,1.678892e-02,1.604783e-01,2.993939e-01
8.997215e-02,6.122746e-02,1.130937e-02,6.383292e-02,1.014842e-02,5.182893e-03,7.120552e-04,1.232082e-03,9.431668e-02,2.660894e-02,3.984220e-02,9.281087e-03,5.673596e-02,1.169522e-01,4.126456e-01
6.307812e-02,4.299430e-02,7.950984e-03,4.478110e-02,9.555250e-03,3.775054e-03,5.132465e-04,8.822599e-04,7.743562e-02,1.188458e-01,3.327040e-02,6.991846e-03,4.133515e-02,8.761096e-02,4.609799e-01
4.426032e-02,3.019497e-02,5.584671e-03,3.155452e-02,1.316809e-02,2.921147e-03,3.881281e-04,6.790385e-04,5.799164e-02,1.020378e-01,3.197909e-02,6.021814e-03,3.164072e-02,6.703519e-02,5.745429e-01
3.190239e-02,2.136423e-02,4.019854e-03,2.526247e-02,3.891164e-02,3.169862e-03,4.081966e-04,1.165859e-03,6.818827e-02,9.783573e-02,6.261525e-02,8.911926e-03,4.662821e-02,7.295764e-02,5.166585e-01
2.349132e-02,1.509497e-02,2.978601e-03,1.911743e-02,3.376836e-02,3.436068e-03,4.774016e-04,5.072003e-03,5.292170e-02,9.373379e-02,2.033715e-01,2.354823e-02,6.227843e-02,6.537108e-02,3.953391e-01
