1.000000e+00,0.000000e+00,0.000000e+00,0.000000e+00,0.000000e+00,0.000000e+00,0.000000e+00,0.000000e+00,0.000000e+00,0.000000e+00,0.000000e+00,0.000000e+00,0.000000e+00,0.000000e+00,0.000000e+00
1.000000e+00,0.000000e+00,0.000000e+00,0.000000e+00,0.000000e+00,0.000000e+00,0.000000e+00,0.000000e+00,0.000000e+00,0.000000e+00,0.000000e+00,0.000000e+00,0.000000e+00,0.000000e+00,0.000000e+00
1.000000e+00,0.000000e+00,0.000000e+00,0.000000e+00,0.000000e+00,0.000000e+00,0.000000e+00,0.000000e+00,0.000000e+00,0.000000e+00,0.000000e+00,0.000000e+00,0.000000e+00,0.000000e+00,0.000000e+00
1.000000e+00,0.000000e+00,0.000000e+00,0.000000e+00,0.000000e+00,0.000000e+00,0.000000e+00,0.000000e+00,0.000000e+00,0.000000e+00,0.000000e+00,0.000000e+00,0.000000e+00,0.000000e+00,0.000000e+00
1.000000e+00,0.000000e+00,0.000000e+00,0.000000e+00,0.000000e+00,0.000000e+00,0.000000e+00,0.000000e+00,0.000000e+00,0.000000e+00,0.000000e+00,0.000000e+00,0.000000e+00,0.000000e+00,0.000000e+00
1.000000e+00,0.000000e+00,0.000000e+00,0.000000e+00,0.000000e+00,0.000000e+00,0.000000e+00,0.000000e+00,0.000000e+00,0.000000e+00,0.000000e+00,0.000000e+00,0.000000e+00,0.000000e+00,0.000000e+00
1.000000e+00,0.000000e+00,0.000000e+00,0.000000e+00,0.000000e+00,0.000000e+00,0.000000e+00,0.000000e+00,0.000000e+00,0.000000e+00,0.000000e+00,0.000000e+00,0.000000e+00,0.000000e+00,0.000000e+00
1.000000e+00,0.000000e+00,0.000000e+00,0.000000e+00,0.000000e+00,0.000000e+00,0.000000e+00,0.000000e+00,0.000000e+00,0.000000e+00,0.000000e+00,0.000000e+00,0.000000e+00,0.000000e+00,0.000000e+00
1.000000e+00,0.000000e+00,0.000000e+00,0.000000e+00,0.000000e+00,0.000000e+00,0.000000e+00,0.000000e+00,0.000000e+00,0.000000e+00,0.000000e+00,0.000000e+00,0.000000e+00,0.000000e+00,0.000000e+00
1.000000e+00,0.000000e+00,0.000000e+00,0.000000e+00,0.000000e+00,0.000000e+00,0.000000e+00,0.000000e+00,0.000000e+00,0.000000e+00,0.000000e+00,0.000000e+00,0.000000e+00,0.000000e+00,0.000000e+00
1.000000e+00,0.000000e+00,0.000000e+00,0.000000e+00,0.000000e+00,0.000000e+00,0.000000e+00,0.000000e+00,0.000000e+00,0.000000e+00,0.000000e+00,0.000000e+00,0.000000e+00,0.000000e+00,0.000000e+00
1.000000e+00,0.000000e+00,0.000000e+00,0.000000e+00,0.000000e+00,0.000000e+00,0.000000e+00,0.000000e+00,0.000000e+00,0.000000e+00,0.000000e+00,0.000000e+00,0.000000e+00,0.000000e+00,0.000000e+00
1.000000e+00,0.000000e+00,0.000000e+00,0.000000e+00,0.000000e+00,0.000000e+00,0.000000e+00,0.000000e+00,0.000000e+00,0.000000e+00,0.000000e+00,0.000000e+00,0.000000e+00,0.000000e+00,0.000000e+00
1.000000e+00,0.000000e+00,0.000000e+00,0.000000e+00,0.000000e+00,0.000000e+00,0.000000e+00,0.000000e+00,0.000000e+00,0.000000e+00,0.000000e+00,0.000000e+00,0.000000e+00,0.000000e+00,0.000000e+00
1.000000e+00,0.000000e+00,0.000000e+00,0.000000e+00,0.000000e+00,0.000000e+00,0.000000e+00,0.000000e+00,0.000000e+00,0.000000e+00,0.000000e+00,0.000000e+00,0.000000e+00,0.000000e+00,0.000000e+00
1.000000e+00,0.000000e+00,0.000000e+00,0.000000e+00,0.000000e+00,0.000000e+00,0.000000e+00,0.000000e+00,0.000000e+00,0.000000e+00,0.000000e+00,0.000000e+00,0.000000e+00,0.000000e+00,0.000000e+00
1.000000e+00,0.000000e+00,0.000000e+00,0.000000e+00,0.000000e+00,0.000000e+00,0.000000e+00,0.000000e+00,0.000000e+00,0.000000e+00,0.000000e+00,0.000000e+00,0.000000e+00,0.000000e+00,0.000000e+00
1.000000e+00,0.000000e+00,0.000000e+00,0.000000e+00,0.000000e+00,0.000000e+00,0.000000e+00,0.000000e+00,0.000000e+00,0.000000e+00,0.000000e+00,0.000000e+00,0.000000e+00,0.000000e+00,0.000000e+00
1.000000e+00,0.000000e+00,0.000000e+00,0.000000e+00,0.000000e+00,0.000000e+00,0.000000e+00,0.000000e+00,0.000000e+00,0.000000e+00,0.000000e+00,0.000000e+00,0.000000e+00,0.000000e+00,0.000000e+00
1.000000e+00,0.000000e+00,0.000000e+00,0.000000e+00,0.000000e+00,0.000000e+00,0.000000e+00,0.000000e+00,0.000000e+00,0.000000e+00,0.000000e+00,0.000000e+00,0.000000e+00,0.000000e+00,0.000000e+00
1.000000e+00,0.000000e+00,0.000000e+00,0.000000e+00,0.000000e+00,0.000000e+00,0.000000e+00,0.000000e+00,0.000000e+00,0.000000e+00,0.000000e+00,0.000000e+00,0.000000e+00,0.000000e+00,0.000000e+00
1.000000e+00,0.000000e+00,0.000000e+00,0.000000e+00,0.000000e+00,0.000000e+00,0.000000e+00,0.000000e+00,0.000000e+00,0.000000e+00,0.000000e+00,0.000000e+00,0.000000e+00,0.000000e+00,0.000000e+00
1.000000e+00,0.000000e+00,0.000000e+00,0.000000e+00,0.000000e+00,0.000000e+00,0.000000e+00,0.000000e+00,0.000000e+00,0.000000e+00,0.000000e+00,0.000000e+00,0.000000e+00,0.000000e+00,0.000000e+00
1.000000e+00,0.000000e+00,0.000000e+00,0.000000e+00,0.000000e+00,0.000000e+00,0.000000e+00,0.000000e+00,0.000000e+00,0.000000e+00,0.000000e+00,0.000000e+00,0.000000e+00,0.000000e+00,0.000000e+00
1.000000e+00,0.000000e+00,0.000000e+00,0.000000e+00,0.000000e+00,0.000000e+00,0.000000e+00,0.000000e+00,0.000000e+00,0.000000e+00,0.000000e+00,0.000000e+00,0.000000e+00,0.000000e+00,0.000000e+00
1.000000e+00,0.000000e+00,0.000000e+00,0.000000e+00,0.000000e+00,0.000000e+00,0.000000e+00,0.000000e+00,0.000000e+00,0.000000e+00,0.000000e+00,0.000000e+00,0.000000e+00,0.000000e+00,0.000000e+00
1.000000e+00,0.000000e+00,0.000000e+00,0.000000e+00,0.000000e+00,0.000000e+00,0.000000e+00,0.000000e+00,0.000000e+00,0.000000e+00,0.000000e+00,0.000000e+00,0.000000e+00,0.000000e+00,0.000000e+00
1.000000e+00,0.000000e+00,0.000000e+00,0.000000e+00,0.000000e+00,0.000000e+00,0.000000e+00,0.000000e+00,0.000000e+00,0.000000e+00,0.000000e+00,0.000000e+00,0.000000e+00,0.000000e+00,0.000000e+00
1.000000e+00,0.000000e+00,0.000000e+00,0.000000e+00,0.000000e+00,0.000000e+00,0.000000e+00,0.000000e+00,0.000000e+00,0.000000e+00,0.000000e+00,0.000000e+00,0.000000e+00,0.000000e+00,0.000000e+00
1.000000e+00,0.000000e+00,0.000000e+00,0.000000e+00,0.000000e+00,0.000000e+00,0.000000e+00,0.000000e+00,0.000000e+00,0.000000e+00,0.000000e+00,0.000000e+00,0.000000e+00,0.000000e+00,0.000000e+00
1.000000e+00,0.000000e+00,0.000000e+00,0.000000e+00,0.000000e+00,0.000000e+00,0.000000e+00,0.000000e+00,0.000000e+00,0.000000e+00,0.000000e+00,0.000000e+00,0.000000e+00,0.000000e+00,0.000000e+00
1.000000e+00,0.000000e+00,0.000000e+00,0.000000e+00,0.000000e+00,0.000000e+00,0.000000e+00,0.000000e+00,0.000000e+00,0.000000e+00,0.000000e+00,0.000000e+00,0.000000e+00,0.000000e+00,0.000000e+00
1.000000e+00,0.000000e+00,0.000000e+00,0.000000e+00,0.000000e+00,0.000000e+00,0.000000e+00,0.000000e+00,0.000000e+00,0.000000e+00,0.000000e+00,0.000000e+00,0.000000e+00,0.000000e+00,0.000000e+00
1.000000e+00,0.000000e+00,0.000000e+00,0.000000e+00,0.000000e+00,0.000000e+00,0.000000e+00,0.000000e+00,0.000000e+00,0.000000e+00,0.000000e+00,0.000000e+00,0.000000e+00,0.000000e+00,0.000000e+00
1.000000e+00,0.000000e+00,0.000000e+00,0.000000e+00,0.000000e+00,0.000000e+00,0.000000e+00,0.000000e+00,0.000000e+00,0.000000e+00,0.000000e+00,0.000000e+00,0.000000e+00,0.000000e+00,0.000000e+00
1.000000e+00,0.000000e+00,0.000000e+00,0.000000e+00,0.000000e+00,0.000000e+00,0.000000e+00,0.000000e+00,0.000000e+00,0.000000e+00,0.000000e+00,0.000000e+00,0.000000e+00,0.000000e+00,0.000000e+00
1.000000e+00,0.000000e+00,0.000000e+00,0.000000e+00,0.000000e+00,0.000000e+00,0.000000e+00,0.000000e+00,0.000000e+00,0.000000e+00,0.000000e+00,0.000000e+00,0.000000e+00,0.000000e+00,0.000000e+00
1.000000e+00,0.000000e+00,0.000000e+00,0.000000e+00,0.000000e+00,0.000000e+00,0.000000e+00,0.000000e+00,0.000000e+00,0.000000e+00,0.000000e+00,0.000000e+00,0.000000e+00,0.000000e+00,0.000000e+00
1.000000e+00,0.000000e+00,0.000000e+00,0.000000e+00,0.000000e+00,0.000000e+00,0.000000e+00,0.000000e+00,0.000000e+00,0.000000e+00,0.000000e+00,0.000000e+00,0.000000e+00,0.000000e+00,0.000000e+00
1.000000e+00,0.000000e+00,0.000000e+00,0.000000e+00,0.000000e+00,0.000000e+00,0.000000e+00,0.000000e+00,0.000000e+00,0.000000e+00,0.000000e+00,0.000000e+00,0.000000e+00,0.000000e+00,0.000000e+00
1.000000e+00,0.000000e+00,0.000000e+00,0.000000e+00,0.000000e+00,0.000000e+00,0.000000e+00,0.000000e+00,0.000000e+00,0.000000e+00,0.000000e+00,0.000000e+00,0.000000e+00,0.000000e+00,0.000000e+00
1.000000e+00,0.000000e+00,0.000000e+00,0.000000e+00,0.000000e+00,0.000000e+00,0.000000e+00,0.000000e+00,0.000000e+00,0.000000e+00,0.000000e+00,0.000000e+00,0.000000e+00,0.000000e+00,0.000000e+00
1.000000e+00,0.000000e+00,0.000000e+00,0.000000e+00,0.000000e+00,0.000000e+00,0.000000e+00,0.000000e+00,0.000000e+00,0.000000e+00,0.000000e+00,0.000000e+00,0.000000e+00,0.000000e+00,0.000000e+00
1.000000e+00,0.000000e+00,0.000000e+00,0.000000e+00,0.000000e+00,0.000000e+00,0.000000e+00,0.000000e+00,0.000000e+00,0.000000e+00,0.000000e+00,0.000000e+00,0.000000e+00,0.000000e+00,0.000000e+00
1.000000e+00,0.000000e+00,0.000000e+00,0.000000e+00,0.000000e+00,0.000000e+00,0.000000e+00,0.000000e+00,0.000000e+00,0.000000e+00,0.000000e+00,0.000000e+00,0.000000e+00,0.000000e+00,0.000000e+00
1.000000e+00,0.000000e+00,0.000000e+00,0.000000e+00,0.000000e+00,0.000000e+00,0.000000e+00,0.000000e+00,0.000000e+00,0.000000e+00,0.000000e+00,0.000000e+00,0.000000e+00,0.000000e+00,0.000000e+00
1.000000e+00,0.000000e+00,0.000000e+00,0.000000e+00,0.000000e+00,0.000000e+00,0.000000e+00,0.000000e+00,0.000000e+00,0.000000e+00,0.000000e+00,0.000000e+00,0.000000e+00,0.000000e+00,0.000000e+00
1.000000e+00,0.000000e+00,0.000000e+00,0.000000e+00,0.000000e+00,0.000000e+00,0.000000e+00,0.000000e+00,0.000000e+00,0.000000e+00,0.000000e+00,0.000000e+00,0.000000e+00,0.000000e+00,0.000000e+00
4.508798e-01,7.375619e-02,3.516106e-02,1.924770e-01,1.054177e-02,2.155118e-02,4.287556e-03,2.233726e-02,4.351996e-02,4.300277e-03,3.430584e-02,1.730487e-02,6.991427e-03,1.092308e-02,7.166287e-02
3.502985e-01,7.330505e-02,5.623520e-02,2.685963e-01,1.574128e-02,1.972866e-02,5.414142e-03,4.392529e-02,4.113973e-02,3.484428e-03,2.966264e-02,1.803273e-02,6.989103e-03,9.415613e-03,5.803137e-02
3.509162e-01,8.280043e-02,4.676982e-02,2.491910e-01,2.101901e-02,2.032173e-02,5.971210e-03,3.649724e-02,4.491519e-02,3.833185e-03,3.415784e-02,2.262386e-02,9.525606e-03,1.125816e-02,6.019962e-02
3.422134e-01,8.897299e-02,3.975645e-02,2.281259e-01,2.630539e-02,2.136183e-02,6.666652e-03,3.148473e-02,4.790734e-02,4.549581e-03,3.719419e-02,2.649071e-02,1.203160e-02,1.565685e-02,7.128239e-02
3.577231e-01,9.756773e-02,3.300428e-02,2.080998e-01,2.721772e-02,2.272535e-02,6.800994e-03,2.572797e-02,4.171269e-02,5.101562e-03,3.677127e-02,2.960375e-02,1.509125e-02,1.788001e-02,7.497262e-02
3.066297e-01,1.052665e-01,4.173345e-02,2.477814e-01,2.905119e-02,2.362496e-02,6.975689e-03,2.976884e-02,3.911956e-02,4.557884e-03,3.434990e-02,2.948779e-02,1.490821e-02,1.628787e-02,7.045721e-02
3.283466e-01,1.061336e-01,3.896993e-02,2.219505e-01,2.580292e-02,2.455082e-02,6.742900e-03,2.488838e-02,3.449462e-02,5.470455e-03,3.535353e-02,3.085838e-02,1.689790e-02,1.905944e-02,8.048002e-02
4.265344e-01,8.755603e-02,3.146855e-02,1.760547e-01,2.189803e-02,2.392293e-02,6.424332e-03,2.125391e-02,2.797016e-02,5.415245e-03,3.140341e-02,3.039270e-02,1.861817e-02,1.748836e-02,7.359909e-02
3.390606e-01,1.417763e-01,4.191117e-02,2.500987e-01,1.878015e-02,1.897348e-02,5.328218e-03,1.847057e-02,2.298521e-02,4.377067e-03,2.542797e-02,2.365099e-02,1.474462e-02,1.325177e-02,6.116316e-02
4.925726e-01,1.044011e-01,3.108434e-02,1.836955e-01,1.470935e-02,1.646356e-02,4.439695e-03,1.516777e-02,1.761064e-02,3.522517e-03,2.024973e-02,2.157038e-02,1.608956e-02,1.037997e-02,4.804332e-02
1.000000e+00,0.000000e+00,0.000000e+00,0.000000e+00,0.000000e+00,0.000000e+00,0.000000e+00,0.000000e+00,0.000000e+00,0.000000e+00,0.000000e+00,0.000000e+00,0.000000e+00,0.000000e+00,0.000000e+00
1.000000e+00,0.000000e+00,0.000000e+00,0.000000e+00,0.000000e+00,0.000000e+00,0.000000e+00,0.000000e+00,0.000000e+00,0.000000e+00,0.000000e+00,0.000000e+00,0.000000e+00,0.000000e+00,0.000000e+00
1.000000e+00,0.000000e+00,0.000000e+00,0.000000e+00,0.000000e+00,0.000000e+00,0.000000e+00,0.000000e+00,0.000000e+00,0.000000e+00,0.000000e+00,0.000000e+00,0.000000e+00,0.000000e+00,0.000000e+00
1.000000e+00,0.000000e+00,0.000000e+00,0.000000e+00,0.000000e+00,0.000000e+00,0.000000e+00,0.000000e+00,0.000000e+00,0.000000e+00,0.000000e+00,0.000000e+00,0.000000e+00,0.000000e+00,0.000000e+00
1.000000e+00,0.000000e+00,0.000000e+00,0.000000e+00,0.000000e+00,0.000000e+00,0.000000e+00,0.000000e+00,0.000000e+00,0.000000e+00,0.000000e+00,0.000000e+00,0.000000e+00,0.000000e+00,0.000000e+00
1.000000e+00,0.000000e+00,0.000000e+00,0.000000e+00,0.000000e+00,0.000000e+00,0.000000e+00,0.000000e+00,0.000000e+00,0.000000e+00,0.000000e+00,0.000000e+00,0.000000e+00,0.000000e+00,0.000000e+00
1.000000e+00,0.000000e+00,0.000000e+00,0.000000e+00,0.000000e+00,0.000000e+00,0.000000e+00,0.000000e+00,0.000000e+00,0.000000e+00,0.000000e+00,0.000000e+00,0.000000e+00,0.000000e+00,0.000000e+00
1.000000e+00,0.000000e+00,0.000000e+00,0.000000e+00,0.000000e+00,0.000000e+00,0.000000e+00,0.000000e+00,0.000000e+00,0.000000e+00,0.000000e+00,0.000000e+00,0.000000e+00,0.000000e+00,0.000000e+00
3.928544e-01,5.047496e-02,2.003516e-02,2.836292e-01,5.104250e-03,1.757910e-02,3.926112e-03,8.383134e-03,6.301724e-02,9.506273e-03,9.051770e-03,1.382025e-02,5.278876e-02,2.396415e-03,6.743304e-02
2.773104e-01,6.323355e-02,1.905720e-02,2.833617e-01,4.547294e-03,1.459276e-02,3.202792e-03,6.154570e-03,1.180165e-01,8.449203e-03,1.099102e-02,1.098649e-02,8.994898e-02,2.097477e-03,8.805002e-02
1.965337e-01,4.733472e-02,1.705591e-02,2.288913e-01,4.188420e-03,1.352926e-02,2.446166e-03,4.701685e-03,1.024546e-01,8.818811e-03,1.162010e-02,1.272696e-02,2.684707e-01,1.592105e-03,7.963557e-02
1.381065e-01,3.754380e-02,1.267588e-02,1.621251e-01,3.465577e-03,1.064223e-02,1.886353e-03,3.372759e-03,8.505560e-02,6.417660e-03,8.670547e-03,1.212051e-02,3.816445e-01,1.260900e-03,1.350121e-01
9.670974e-02,2.707123e-02,8.939300e-03,1.135872e-01,2.481693e-03,7.757443e-03,1.354235e-03,2.372285e-03,6.017029e-02,4.640858e-03,6.194658e-03,9.076911e-03,4.769396e-01,1.052737e-03,1.816518e-01
6.776695e-02,1.930565e-02,6.369117e-03,7.969847e-02,1.856737e-03,6.147516e-03,1.021248e-03,1.678052e-03,4.270304e-02,3.440925e-03,4.846031e-03,7.658563e-03,4.832472e-01,2.713790e-03,2.715467e-01
4.749683e-02,1.411103e-02,4.757524e-03,5.595486e-02,1.345852e-03,4.899915e-03,7.470067e-04,1.178303e-03,3.062226e-02,2.888635e-03,3.727593e-03,7.081327e-03,4.813874e-01,2.531836e-03,3.412696e-01
3.329527e-02,9.987012e-03,3.602199e-03,3.929345e-02,9.731758e-04,3.949651e-03,5.454174e-04,8.307750e-04,2.163226e-02,2.316628e-03,2.893884e-03,6.481242e-03,4.668322e-01,2.058439e-03,4.053084e-01
2.356003e-02,7.054220e-03,2.625057e-03,2.770447e-02,7.305944e-04,4.682097e-03,3.979975e-04,5.856320e-04,1.552117e-02,1.913920e-03,2.399227e-03,7.584704e-03,4.024078e-01,3.652687e-03,4.991804e-01
1.665583e-02,4.996594e-03,1.924744e-03,1.949187e-02,5.800415e-04,4.155579e-03,2.977745e-04,4.136177e-04,1.112699e-02,1.642522e-03,2.167807e-03,8.024064e-03,3.116315e-01,4.718076e-03,6.121730e-01
1.182570e-02,3.550499e-03,1.397890e-03,1.414484e-02,1.045836e-03,8.387562e-03,2.056286e-03,4.781484e-04,8.788787e-03,1.689960e-03,2.758612e-03,9.069134e-03,2.666765e-01,4.236906e-03,6.638933e-01
8.452198e-03,2.554905e-03,1.005323e-03,1.035925e-02,1.004268e-03,9.210342e-03,1.622384e-03,3.919747e-04,6.742410e-03,2.485897e-03,4.606889e-03,2.333082e-02,3.907556e-01,3.101710e-03,5.343760e-01
6.045686e-03,1.837695e-03,7.322837e-04,7.628406e-03,1.004393e-03,1.767614e-02,1.295758e-03,3.108481e-04,5.118750e-03,3.203908e-03,7.260669e-03,4.068634e-02,5.029323e-01,2.260594e-03,4.020063e-01
4.341108e-03,1.317914e-03,5.532668e-04,6.291117e-03,1.928399e-03,1.317657e-02,1.032445e-03,3.212347e-04,4.096438e-03,7.864172e-03,2.954520e-02,6.529616e-02,5.623448e-01,2.251806e-03,2.996393e-01
3.131159e-03,9.470119e-04,5.868591e-04,4.855204e-03,2.146987e-03,1.063314e-02,1.151171e-03,1.133589e-03,3.625482e-03,9.559728e-03,4.093385e-02,1.029954e-01,6.026304e-01,1.853852e-03,2.138162e-01
2.268430e-03,6.702542e-04,7.073745e-04,3.513663e-03,3.593251e-03,7.774812e-03,2.136699e-03,2.445233e-03,3.122319e-03,9.416131e-03,8.538006e-02,1.139365e-01,6.122246e-01,1.665100e-03,1.511456e-01
1.906070e-03,4.818613e-04,1.367004e-03,3.167710e-03,6.178084e-03,1.021180e-02,3.396391e-02,1.586341e-02,2.910914e-03,8.417987e-03,7.436495e-02,9.550668e-02,6.353145e-01,1.799007e-03,1.085461e-01
1.972051e-03,3.579182e-04,1.837573e-03,4.050530e-03,8.175734e-03,2.060466e-02,4.659680e-02,2.933838e-02,3.542105e-03,8.797634e-03,6.754058e-02,9.795484e-02,6.282499e-01,3.342475e-03,7.763882e-02
2.235183e-03,3.371816e-04,1.569175e-03,3.616542e-03,1.785591e-01,1.487829e-02,3.447453e-02,4.159439e-02,8.876493e-03,1.261695e-02,5.799588e-02,7.421793e-02,5.059696e-01,5.485472e-03,5.757328e-02
2.730160e-03,4.726991e-04,1.556456e-03,3.654905e-03,2.958114e-01,1.145311e-02,2.577483e-02,7.117814e-02,3.458931e-02,1.120268e-02,4.360270e-02,5.370583e-02,3.936746e-01,4.824203e-03,4.576895e-02
4.631248e-03,7.599312e-04,2.390110e-03,1.035301e-02,3.224652e-01,1.003126e-02,1.982799e-02,1.610063e-01,6.240176e-02,8.753324e-03,3.248602e-02,3.929337e-02,2.877289e-01,3.549868e-03,3.432169e-02
9.845896e-03,1.614519e-03,1.218617e-02,2.785408e-02,2.705216e-01,9.920123e-03,1.964215e-02,2.181858e-01,1.092972e-01,9.011498e-03,2.633553e-02,3.099323e-02,2.219316e-01,2.596487e-03,3.006417e-02
2.666994e-02,2.819607e-03,3.673662e-02,4.219716e-02,2.793573e-01,9.088047e-03,2.478583e-02,2.121315e-01,1.198002e-01,6.855260e-03,2.114625e-02,2.451388e-02,1.683882e-01,1.911587e-03,2.359856e-02
4.184794e-02,3.901221e-03,8.283003e-02,7.132427e-02,2.866052e-01,7.565563e-03,2.903576e-02,1.794182e-01,1.210067e-01,5.217386e-03,1.533576e-02,1.786311e-02,1.194982e-01,1.385172e-03,1.716542e-02
4.663642e-02,5.674424e-03,1.419799e-01,8.985479e-02,2.973849e-01,6.368768e-03,3.605993e-02,1.387542e-01,1.124870e-01,3.738169e-03,1.096166e-02,1.276815e-02,8.421607e-02,1.008892e-03,1.210664e-02
6.824070e-02,7.372114e-03,1.178866e-01,7.766268e-02,3.592899e-01,5.839299e-03,5.298169e-02,1.042678e-01,1.175302e-01,2.692009e-03,7.917495e-03,9.208385e-03,5.962703e-02,7.611164e-04,8.722943e-03
5.556588e-02,6.252265e-03,8.419912e-02,5.837132e-02,4.103827e-01,5.052948e-03,1.476400e-01,7.501256e-02,9.471977e-02,1.931730e-03,5.599020e-03,6.583731e-03,4.197047e-02,5.462138e-04,6.172298e-03
6.139981e-02,6.378085e-03,6.112977e-02,4.723459e-02,4.439518e-01,6.751391e-03,1.685249e-01,5.485859e-02,9.570986e-02,1.888469e-03,4.172418e-03,5.086491e-03,3.770792e-02,4.358072e-04,4.770090e-03
7.614192e-02,6.617793e-03,4.404422e-02,3.842266e-02,4.572017e-01,7.641026e-03,1.429744e-01,1.110428e-01,7.375510e-02,1.471388e-03,3.437974e-03,4.079651e-03,2.927453e-02,3.520252e-04,3.542826e-03
7.436526e-02,4.863873e-03,3.107842e-02,2.769317e-02,3.431445e-01,1.634962e-02,3.226185e-01,8.329129e-02,5.282263e-02,1.219302e-03,3.232473e-03,3.562912e-03,3.246994e-02,2.998463e-04,2.988273e-03
8.824141e-02,3.575299e-03,2.189098e-02,1.974093e-02,2.474916e-01,3.655700e-02,3.899395e-01,5.979467e-02,3.871545e-02,1.037507e-03,3.069535e-03,4.304027e-03,8.196042e-02,3.028752e-04,3.378864e-03
1.009188e-01,2.816402e-03,1.573665e-02,1.436584e-02,1.787457e-01,4.447458e-02,4.414562e-01,4.393581e-02,2.989865e-02,1.383987e-03,3.024552e-03,7.155528e-03,1.124287e-01,2.950779e-04,3.363470e-03
9.096453e-02,2.123570e-03,1.151993e-02,1.024988e-02,1.294553e-01,5.349573e-02,5.264492e-01,3.341680e-02,2.281880e-02,1.319398e-03,3.365745e-03,6.986436e-03,1.036956e-01,2.634781e-04,3.875697e-03
1.557725e-01,2.727137e-03,8.655464e-03,8.228062e-03,1.016276e-01,5.562317e-02,4.633341e-01,2.409644e-02,1.772365e-02,2.887911e-03,6.383924e-03,9.272714e-03,1.246068e-01,8.768154e-04,1.818377e-02
1.739346e-01,3.106328e-03,6.293943e-03,6.870997e-03,7.629757e-02,4.613534e-02,4.424390e-01,1.741328e-02,1.322597e-02,3.093668e-03,8.250652e-03,1.372871e-02,1.400571e-01,1.498175e-03,4.765470e-02
1.662764e-01,3.130732e-03,4.684810e-03,6.535541e-03,5.923017e-02,3.799228e-02,3.716403e-01,1.280301e-02,1.123506e-02,3.182642e-03,9.175505e-03,1.692269e-02,1.919727e-01,1.635420e-03,1.035827e-01
1.935489e-01,3.440866e-03,3.949070e-03,6.104547e-03,5.163885e-02,3.631999e-02,2.675885e-01,1.021322e-02,9.339947e-03,3.889940e-03,8.270870e-03,1.589322e-02,2.232548e-01,2.102511e-03,1.644447e-01
2.672732e-01,3.281954e-03,3.067947e-03,5.125956e-03,3.867782e-02,4.462451e-02,1.898863e-01,7.554366e-03,7.667225e-03,4.316244e-03,8.659583e-03,1.421912e-02,2.219987e-01,2.246459e-03,1.814006e-01
4.044869e-01,3.355098e-03,2.815764e-03,4.648195e-03,2.800104e-02,4.818242e-02,1.341850e-01,5.685065e-03,6.552025e-03,3.626435e-03,8.339440e-03,1.470423e-02,1.897101e-01,2.017316e-03,1.436909e-01
4.320336e-01,3.495661e-03,2.359223e-03,5.745971e-03,2.062299e-02,5.260015e-02,9.528999e-02,4.447124e-03,8.831449e-03,3.724741e-03,9.040397e-03,2.022212e-02,2.145445e-01,2.151271e-03,1.248908e-01
4.488113e-01,3.544468e-03,2.804897e-03,8.305939e-03,1.568609e-02,7.009901e-02,7.022611e-02,5.111993e-03,1.205256e-02,3.169193e-03,9.599283e-03,2.451064e-02,1.901014e-01,2.887560e-03,1.330895e-01
3.480926e-01,3.291517e-03,2.827892e-03,8.689133e-03,2.151350e-02,5.307261e-02,5.117844e-02,4.684564e-03,4.350086e-02,3.464547e-03,1.473736e-02,3.479602e-02,1.936308e-01,2.878752e-03,2.136414e-01
2.568629e-01,2.544706e-03,2.294006e-03,8.193262e-03,1.636015e-02,4.358689e-02,3.698844e-02,4.222679e-03,3.553208e-02,3.761790e-03,1.621230e-02,6.672848e-02,2.825861e-01,2.922280e-03,2.212040e-01
1.837517e-01,1.940631e-03,1.829162e-03,6.931344e-03,1.295107e-02,3.531164e-02,2.610813e-02,3.439934e-03,2.880914e-02,3.733846e-03,1.775908e-02,1.256519e-01,3.828549e-01,2.219679e-03,1.667078e-01
1.353081e-01,1.732380e-03,1.397932e-03,5.428901e-03,1.072175e-02,2.720530e-02,1.851456e-02,3.005872e-03,2.919782e-02,3.609713e-03,2.045888e-02,1.724049e-01,4.401262e-01,2.614954e-03,1.282726e-01
1.021830e-01,1.823051e-03,1.486179e-03,6.588357e-03,1.516534e-02,2.487087e-02,1.366064e-02,5.741719e-03,4.178669e-02,4.056393e-03,3.187423e-02,1.986898e-01,4.406236e-01,2.802789e-03,1.086473e-01
7.570356e-02,2.565550e-03,1.417379e-03,5.693713e-03,1.547146e-02,2.189993e-02,9.766098e-03,8.158185e-03,3.788227e-02,4.261099e-03,4.482460e-02,2.244936e-01,4.576101e-01,2.972441e-03,8.727997e-02
5.728709e-02,8.806642e-03,5.254484e-03,5.563990e-03,2.647578e-02,3.075574e-02,7.276162e-03,2.753032e-02,7.587957e-02,5.237890e-03,4.686727e-02,2.001557e-01,4.216977e-01,2.832801e-03,7.837889e-02
4.063565e-02,8.949045e-03,3.984916e-03,1.491780e-02,1.920670e-02,3.923912e-02,5.116947e-03,2.075308e-02,3.016233e-01,3.896611e-03,3.470664e-02,1.416962e-01,3.077311e-01,2.079034e-03,5.546382e-02
3.041081e-02,7.321384e-03,2.938007e-03,1.306936e-02,1.455742e-02,4.601420e-02,3.613016e-03,1.559562e-02,4.515277e-01,3.063837e-03,3.208835e-02,1.026452e-01,2.315571e-01,2.643654e-03,4.295425e-02
2.620317e-02,6.708234e-03,2.659774e-03,1.087863e-02,1.727522e-02,7.059496e-02,2.763837e-03,1.276978e-02,4.832680e-01,2.903087e-03,5.396409e-02,7.456198e-02,1.973883e-01,3.208665e-03,3.485231e-02
1.885551e-02,5.625301e-03,1.929094e-03,8.646744e-03,1.250652e-02,5.215343e-02,1.946680e-03,9.091052e-03,6.143463e-01,2.364201e-03,3.913309e-02,5.272335e-02,1.531143e-01,2.341939e-03,2.522254e-02
1.354043e-02,4.468426e-03,1.393683e-03,6.323717e-03,9.430325e-03,4.031650e-02,1.373963e-03,6.835442e-03,7.100366e-01,1.896024e-03,3.077744e-02,3.732909e-02,1.158381e-01,1.750674e-03,1.868953e-02
9.503946e-03,3.414837e-03,9.780381e-04,4.498909e-03,6.605955e-03,2.828604e-02,9.626015e-04,4.790861e-03,7.947140e-01,1.425560e-03,2.178602e-02,2.626207e-02,8.223461e-02,1.248745e-03,1.328786e-02
7.260528e-03,2.605826e-03,6.978332e-04,3.256611e-03,4.727260e-03,2.308835e-02,6.886392e-04,3.494223e-03,7.997625e-01,1.582708e-03,2.772170e-02,1.985093e-02,7.751443e-02,2.182668e-03,2.556575e-02
5.188656e-03,2.064701e-03,5.251950e-04,2.417275e-03,3.383019e-03,1.630027e-02,4.934372e-04,2.494411e-03,8.544841e-01,1.257591e-03,2.009979e-02,1.434560e-02,5.601541e-02,1.674128e-03,1.925640e-02
4.679089e-03,2.570682e-03,4.662453e-04,1.866448e-03,2.704502e-03,1.333919e-02,4.267495e-04,2.288000e-03,8.624282e-01,1.327877e-03,1.899466e-02,1.196437e-02,5.407146e-02,2.132158e-03,2.074032e-02
4.802857e-03,4.985624e-03,8.455378e-04,2.028048e-03,2.439900e-03,1.803903e-02,4.222507e-04,3.040769e-03,8.083059e-01,1.532311e-03,2.228963e-02,9.899830e-03,5.089199e-02,4.501146e-03,6.597518e-02
3.826126e-03,2.226178e-02,3.384018e-03,2.370613e-03,2.500948e-03,3.286278e-02,3.494555e-04,3.291968e-03,6.905058e-01,2.742338e-03,1.776206e-02,7.163161e-03,4.283381e-02,4.674792e-03,1.634703e-01
7.950986e-03,1.018606e-01,1.150125e-02,3.724372e-03,6.564385e-03,5.344905e-02,4.278411e-04,5.774083e-03,5.894049e-01,5.086377e-03,1.455023e-02,5.310180e-03,4.072431e-02,4.176946e-03,1.494945e-01
6.406516e-03,1.318104e-01,3.946019e-02,6.079346e-03,5.060506e-03,3.958947e-02,3.156559e-04,4.242846e-03,5.760259e-01,5.322185e-03,1.086624e-02,4.239551e-03,2.976904e-02,3.222788e-03,1.375894e-01
7.421085e-03,1.329089e-01,1.069185e-01,8.694821e-03,4.644729e-03,2.955554e-02,2.960807e-04,3.432253e-03,4.792940e-01,9.901382e-03,1.030926e-02,4.666434e-03,2.436064e-02,7.119888e-03,1.704765e-01
1.074738e-02,1.644071e-01,1.127848e-01,7.739765e-03,5.953184e-03,2.457555e-02,4.441473e-04,3.797804e-03,3.755587e-01,1.672040e-02,1.400943e-02,5.239755e-03,2.691898e-02,1.369550e-02,2.174075e-01
1.750831e-02,1.405225e-01,9.370106e-02,6.334693e-03,5.608791e-03,1.842023e-02,4.489064e-04,3.326414e-03,2.932922e-01,2.312744e-02,1.637372e-02,8.615886e-03,2.406038e-02,4.561779e-02,3.030417e-01
3.331833e-02,2.048619e-01,1.091084e-01,8.167912e-03,6.783269e-03,1.467380e-02,4.569246e-04,3.410591e-03,2.483705e-01,3.599720e-02,1.359418e-02,7.265053e-03,2.026062e-02,3.414496e-02,2.595864e-01
6.642692e-02,2.235293e-01,8.785974e-02,1.138662e-02,1.260791e-02,1.705383e-02,7.840780e-04,4.665067e-03,2.584041e-01,3.339673e-02,1.187758e-02,5.970831e-03,1.768450e-02,2.512887e-02,2.232239e-01
1.077218e-01,2.348042e-01,7.024454e-02,1.091325e-02,2.416544e-02,2.119165e-02,1.585906e-03,1.187915e-02,2.654880e-01,2.560124e-02,1.053719e-02,4.876919e-03,1.956533e-02,1.971507e-02,1.717103e-01
1.556562e-01,2.101334e-01,5.454400e-02,1.381785e-02,5.445226e-02,2.379959e-02,8.036644e-03,2.402987e-02,2.534334e-01,1.901080e-02,9.037293e-03,4.014008e-03,2.242402e-02,1.513976e-02,1.324709e-01
2.175311e-01,1.700422e-01,4.520981e-02,1.853065e-02,4.917726e-02,3.637630e-02,7.123663e-03,1.898289e-02,2.337211e-01,1.919176e-02,7.713872e-03,4.738557e-03,4.537757e-02,1.217230e-02,1.141110e-01
2.294217e-01,1.879943e-01,3.539601e-02,1.836516e-02,3.866204e-02,4.064851e-02,5.965617e-03,1.486734e-02,2.403919e-01,1.951494e-02,6.694810e-03,5.952979e-03,5.682340e-02,9.081387e-03,9.021983e-02
2.886351e-01,1.775072e-01,4.324127e-02,2.973982e-02,3.218707e-02,4.227449e-02,5.205348e-03,1.410307e-02,1.970746e-01,1.868185e-02,1.029745e-02,1.104559e-02,4.891540e-02,8.422079e-03,7.266968e-02
3.378026e-01,1.551895e-01,3.703000e-02,4.837266e-02,2.598039e-02,3.423037e-02,4.101893e-03,1.224602e-02,1.639968e-01,2.111608e-02,1.739747e-02,1.932921e-02,4.618696e-02,8.183897e-03,6.883624e-02
4.142442e-01,1.337333e-01,2.774559e-02,3.955169e-02,2.096941e-02,2.806374e-02,3.582065e-03,1.113809e-02,1.456323e-01,1.915722e-02,2.203363e-02,2.514150e-02,4.171174e-02,1.121312e-02,5.608235e-02
4.324175e-01,1.175785e-01,2.443987e-02,3.119113e-02,1.532888e-02,2.526512e-02,3.110184e-03,9.101210e-03,1.152742e-01,2.114465e-02,2.634119e-02,4.949147e-02,4.629650e-02,2.994244e-02,5.307723e-02
3.645064e-01,1.002816e-01,1.785978e-02,2.952804e-02,1.350990e-02,2.525483e-02,2.678705e-03,8.178369e-03,1.510548e-01,1.543786e-02,2.308909e-02,4.201013e-02,1.434103e-01,2.153602e-02,4.166427e-02
2.783104e-01,8.317243e-02,1.300048e-02,2.258101e-02,1.201175e-02,2.928470e-02,2.240231e-03,6.779389e-03,1.392860e-01,1.111722e-02,1.851991e-02,3.513857e-02,2.985288e-01,1.586967e-02,3.415950e-02
2.076851e-01,8.638653e-02,1.289291e-02,1.871499e-02,1.061942e-02,3.112808e-02,1.997653e-03,6.816624e-03,1.456088e-01,9.390108e-03,1.467118e-02,2.814779e-02,3.826075e-01,1.173540e-02,3.159803e-02
1.563602e-01,8.602839e-02,1.076694e-02,1.453486e-02,9.173339e-03,3.241966e-02,1.673871e-03,6.506511e-03,1.387118e-01,8.914835e-03,1.347783e-02,2.390922e-02,4.505907e-01,9.006533e-03,3.792538e-02
1.719552e-01,1.023507e-01,8.492214e-03,1.269095e-02,7.923720e-03,4.053806e-02,1.455394e-03,5.992959e-03,1.389820e-01,8.747337e-03,1.785553e-02,2.519942e-02,3.979308e-01,9.816942e-03,5.006890e-02
1.684481e-01,1.345330e-01,7.081553e-03,1.362942e-02,6.745078e-03,3.666539e-02,1.323645e-03,5.748746e-03,1.244058e-01,1.089566e-02,1.374563e-02,1.995530e-02,3.949209e-01,7.472882e-03,5.442902e-02
1.608253e-01,2.312970e-01,7.268670e-03,1.567929e-02,5.083532e-03,3.034378e-02,1.117136e-03,4.686346e-03,1.134654e-01,1.423890e-02,1.120131e-02,1.647877e-02,2.979493e-01,8.311506e-03,8.205374e-02
2.312739e-01,1.989034e-01,8.134322e-03,1.405946e-02,4.460013e-03,2.713371e-02,1.142845e-03,7.100866e-03,1.109656e-01,1.279544e-02,1.373699e-02,1.710281e-02,2.546857e-01,1.924106e-02,7.926385e-02
2.719390e-01,1.548926e-01,7.157537e-03,1.212946e-02,5.204490e-03,2.864902e-02,1.009445e-03,6.504131e-03,9.373336e-02,9.348878e-03,1.182145e-02,1.936054e-02,3.023868e-01,1.534316e-02,6.052022e-02
2.333656e-01,1.103784e-01,5.247806e-03,9.276086e-03,4.791399e-03,2.375005e-02,9.543172e-04,5.344483e-03,7.058007e-02,6.629543e-03,9.064122e-03,1.622610e-02,4.490573e-01,1.123476e-02,4.410000e-02
2.297493e-01,8.392289e-02,3.216899e-02,1.055242e-02,5.709579e-03,3.963979e-02,1.557241e-03,5.469038e-03,6.031960e-02,7.204945e-03,9.482796e-03,1.499403e-02,4.335906e-01,1.214953e-02,5.348936e-02
2.131966e-01,6.475505e-02,2.404307e-02,8.551016e-03,7.917313e-03,3.688832e-02,1.401471e-03,5.676609e-03,5.181266e-02,5.635353e-03,1.176859e-02,1.735744e-02,4.914451e-01,1.333313e-02,4.621831e-02
1.798313e-01,4.973627e-02,1.867397e-02,7.699684e-03,7.460261e-03,4.886425e-02,1.550559e-03,5.999355e-03,4.498295e-02,4.302172e-03,1.173014e-02,2.799543e-02,5.419410e-01,1.079821e-02,3.843440e-02
1.488460e-01,4.488373e-02,1.475923e-02,6.185993e-03,9.279393e-03,4.731703e-02,1.457810e-03,5.490622e-03,4.737644e-02,3.579925e-03,1.064085e-02,2.535545e-02,5.932606e-01,8.797530e-03,3.276934e-02
1.721415e-01,4.514442e-02,1.682526e-02,5.757422e-03,1.252316e-02,4.688306e-02,1.743482e-03,6.494584e-03,4.814044e-02,4.391377e-03,1.153972e-02,3.426131e-02,5.451656e-01,1.321807e-02,3.577059e-02
2.011469e-01,4.165246e-02,2.857179e-02,8.760056e-03,1.191987e-02,9.554890e-02,2.257478e-03,7.802232e-03,4.917788e-02,6.615881e-03,1.048054e-02,3.748512e-02,4.304979e-01,1.183659e-02,5.624640e-02
1.935945e-01,4.131206e-02,2.448210e-02,7.760341e-03,1.245998e-02,1.248382e-01,2.445319e-03,7.592268e-03,7.615787e-02,6.270125e-03,1.015650e-02,5.325987e-02,3.729444e-01,1.123732e-02,5.548920e-02
1.763321e-01,3.985006e-02,3.579736e-02,2.708205e-02,1.457633e-02,1.062831e-01,2.918138e-03,1.115709e-02,1.140449e-01,1.192243e-02,1.217584e-02,7.256103e-02,3.147722e-01,9.845504e-03,5.068184e-02
1.901941e-01,3.345454e-02,3.210707e-02,2.331046e-02,2.162805e-02,9.304292e-02,5.942786e-03,1.741646e-02,1.275377e-01,1.010811e-02,1.621218e-02,9.148658e-02,2.853923e-01,9.636512e-03,4.253024e-02
1.895122e-01,2.737940e-02,2.753350e-02,1.860037e-02,3.435152e-02,8.020991e-02,1.326452e-02,1.906519e-02,1.461512e-01,8.845185e-03,1.777410e-02,1.132115e-01,2.625604e-01,8.255048e-03,3.328592e-02
1.539146e-01,2.201466e-02,2.424076e-02,1.372641e-02,3.253125e-02,8.373409e-02,1.384864e-02,1.849138e-02,1.283622e-01,7.582695e-03,1.536692e-02,2.305746e-01,2.233618e-01,6.233610e-03,2.601631e-02
1.477706e-01,1.694941e-02,1.946558e-02,1.021448e-02,2.961172e-02,6.713353e-02,1.108722e-02,1.838868e-02,1.006976e-01,6.243431e-03,1.538584e-02,3.425033e-01,1.905189e-01,4.994551e-03,1.903514e-02
1.253402e-01,1.962956e-02,2.697445e-02,3.196409e-02,2.537451e-02,6.478115e-02,8.623274e-03,1.478729e-02,8.777173e-02,1.122987e-02,1.503167e-02,3.892584e-01,1.581643e-01,4.293714e-03,1.677569e-02
1.032714e-01,1.613850e-02,2.049278e-02,2.355170e-02,2.630449e-02,7.644609e-02,6.384345e-03,1.144922e-02,7.079351e-02,8.745611e-03,2.744745e-02,4.147427e-01,1.765016e-01,4.965894e-03,1.276471e-02
8.415536e-02,1.431725e-02,2.242050e-02,1.731796e-02,2.060839e-02,7.923558e-02,5.023655e-03,9.557356e-03,5.161541e-02,8.465517e-03,2.596070e-02,4.848691e-01,1.569971e-01,5.281761e-03,1.417441e-02
7.177601e-02,1.864729e-02,4.156347e-02,1.312111e-02,1.972863e-02,8.335251e-02,4.351446e-03,1.057594e-02,4.167891e-02,8.984865e-03,2.279562e-02,4.864957e-01,1.344265e-01,4.607435e-03,3.789460e-02
6.381106e-02,1.743119e-02,9.346384e-02,1.093068e-02,1.943429e-02,7.671355e-02,5.129686e-03,2.552412e-02,3.450012e-02,1.440436e-02,1.874258e-02,4.665501e-01,1.126503e-01,4.144607e-03,3.656961e-02
5.899449e-02,3.746566e-02,1.519487e-01,4.297833e-02,1.699478e-02,8.531491e-02,3.994266e-03,2.063844e-02,4.009521e-02,2.789551e-02,1.585520e-02,3.452669e-01,9.648541e-02,3.601517e-03,5.247072e-02
5.302165e-02,6.110309e-02,1.203923e-01,3.501683e-02,1.622142e-02,1.355207e-01,3.772406e-03,1.787656e-02,6.770919e-02,2.738963e-02,1.710465e-02,2.833177e-01,9.409226e-02,3.910700e-03,6.355098e-02
5.603816e-02,6.911667e-02,9.445103e-02,3.012750e-02,3.766239e-02,1.231954e-01,7.754823e-03,2.184147e-02,8.697839e-02,2.517904e-02,1.315091e-02,2.590117e-01,1.083804e-01,3.705107e-03,6.340708e-02
4.692899e-02,9.816715e-02,7.056919e-02,3.119496e-02,3.738975e-02,1.399115e-01,7.428812e-03,2.119206e-02,1.634894e-01,2.203744e-02,9.990522e-03,1.910681e-01,9.138467e-02,2.803536e-03,6.644403e-02
4.014233e-02,1.238558e-01,5.342190e-02,2.579352e-02,3.142821e-02,1.455732e-01,6.453339e-03,2.003296e-02,2.137489e-01,1.874517e-02,7.348406e-03,1.388317e-01,9.220941e-02,2.256156e-03,8.015898e-02
3.174063e-02,1.862303e-01,3.888168e-02,2.864749e-02,2.430317e-02,1.200233e-01,4.844393e-03,1.497790e-02,2.752533e-01,2.078020e-02,5.916017e-03,9.788357e-02,7.773256e-02,1.675879e-03,7.110959e-02
2.510169e-02,2.332495e-01,2.918252e-02,2.230039e-02,2.097810e-02,1.195071e-01,3.862686e-03,1.139672e-02,3.188922e-01,1.647636e-02,4.967491e-03,7.068180e-02,6.470250e-02,1.324962e-03,5.737594e-02
2.289404e-02,2.773621e-01,2.068441e-02,3.530357e-02,1.648057e-02,9.764751e-02,3.169360e-03,9.657669e-03,3.443488e-01,1.342701e-02,5.365409e-03,5.189746e-02,5.488332e-02,1.151989e-03,4.572676e-02
2.332583e-02,1.977483e-01,1.472320e-02,3.199636e-02,1.866082e-02,1.143863e-01,4.653654e-03,7.743006e-03,2.828112e-01,1.298178e-02,1.134937e-02,4.396106e-02,1.714404e-01,3.130776e-03,6.108788e-02
1.944311e-02,1.400918e-01,1.052071e-02,2.636795e-02,1.541477e-02,9.193707e-02,4.314445e-03,5.761629e-03,2.043055e-01,1.391761e-02,3.132569e-02,4.037849e-02,3.175257e-01,6.747639e-03,7.194795e-02
1.477331e-02,9.878269e-02,7.434390e-03,2.076716e-02,1.124339e-02,7.231848e-02,3.136274e-03,5.187099e-03,1.569869e-01,1.592931e-02,1.004050e-01,3.628478e-02,3.845177e-01,1.273339e-02,5.950018e-02
1.169914e-02,6.945567e-02,5.233363e-03,1.772521e-02,8.126082e-03,7.045765e-02,2.268616e-03,4.513237e-03,1.749829e-01,1.899087e-02,1.524754e-01,4.407859e-02,3.191365e-01,5.193340e-02,4.892337e-02
1.007729e-02,4.899114e-02,3.791610e-03,1.782618e-02,6.206977e-03,6.333733e-02,1.648420e-03,3.512824e-03,1.999619e-01,1.986012e-02,1.542913e-01,1.019556e-01,2.900894e-01,3.941781e-02,3.903200e-02
8.616614e-03,3.479174e-02,3.039906e-03,1.466330e-02,6.311283e-03,4.841075e-02,1.298283e-03,3.094453e-03,1.622291e-01,2.550581e-02,2.039705e-01,1.679849e-01,2.446182e-01,3.453893e-02,4.092618e-02
7.666401e-03,2.477530e-02,2.317672e-03,1.258120e-02,5.812875e-03,3.802489e-02,9.898988e-04,2.411655e-03,1.316561e-01,3.243248e-02,2.447159e-01,2.102642e-01,1.948486e-01,3.948423e-02,5.201857e-02
5.911420e-03,1.758680e-02,1.851085e-03,1.070054e-02,8.293482e-03,2.909104e-02,1.106772e-03,1.851980e-03,1.076481e-01,3.067150e-02,2.306171e-01,3.015155e-01,1.776821e-01,3.069494e-02,4.477765e-02
4.795637e-03,1.294244e-02,1.782852e-03,9.265323e-03,1.002529e-02,2.306848e-02,1.417579e-03,1.610910e-03,1.044075e-01,3.266256e-02,2.363747e-01,3.387237e-01,1.612955e-01,2.427741e-02,3.735012e-02
3.755121e-03,9.489888e-03,1.667837e-03,6.880385e-03,1.138928e-02,1.989772e-02,1.146411e-03,1.954435e-03,9.876800e-02,2.928356e-02,2.159814e-01,4.103449e-01,1.450700e-01,1.793260e-02,2.643841e-02
2.952307e-03,6.922760e-03,1.563478e-03,5.581122e-03,2.611054e-02,2.070429e-02,1.797805e-03,2.513754e-03,8.384588e-02,4.056117e-02,1.693898e-01,4.764346e-01,1.289541e-01,1.378002e-02,1.888836e-02
2.259452e-03,5.110291e-03,1.472337e-03,4.518673e-03,3.068949e-02,1.824131e-02,1.522455e-03,2.181182e-03,7.433122e-02,3.989989e-02,1.335935e-01,5.573287e-01,1.051716e-01,1.036654e-02,1.331334e-02
1.967904e-03,4.013407e-03,1.582564e-03,3.327580e-03,3.222489e-02,1.456884e-02,1.199523e-03,1.946938e-03,6.248970e-02,3.954265e-02,1.160413e-01,6.089817e-01,9.404763e-02,8.388527e-03,9.676856e-03
2.153218e-03,3.601802e-03,1.502708e-03,2.534563e-03,3.359704e-02,1.132696e-02,9.063528e-04,2.000361e-03,7.400289e-02,4.171822e-02,1.029603e-01,6.229656e-01,8.653753e-02,7.068050e-03,7.124319e-03
3.011700e-03,4.418784e-03,2.555674e-03,2.332037e-03,4.599016e-02,1.026995e-02,9.649749e-04,5.613085e-03,1.181905e-01,3.902010e-02,9.227733e-02,5.889139e-01,7.513303e-02,6.052346e-03,5.256410e-03
5.511751e-03,6.151605e-03,3.344804e-03,2.249016e-03,6.383584e-02,8.840287e-03,1.120815e-03,1.361220e-02,1.999098e-01,3.717779e-02,7.482499e-02,5.080093e-01,6.551314e-02,5.890704e-03,4.007863e-03
1.401953e-02,7.358920e-03,3.910275e-03,2.225435e-03,7.163807e-02,1.080743e-02,1.137544e-03,1.595794e-02,2.151867e-01,3.602817e-02,5.724786e-02,5.044645e-01,5.070788e-02,6.262911e-03,3.046770e-03
1.481475e-02,7.035815e-03,3.055625e-03,1.807073e-03,7.560414e-02,9.060876e-03,1.767309e-03,1.425455e-02,2.711675e-01,2.783337e-02,4.814834e-02,4.759811e-01,4.245786e-02,4.785279e-03,2.226372e-03
1.382626e-02,6.046706e-03,2.297129e-03,1.393251e-03,7.200667e-02,7.235877e-03,2.232205e-03,1.172624e-02,3.218549e-01,2.186305e-02,3.978512e-02,4.607941e-01,3.381071e-02,3.511821e-03,1.615960e-03
1.379995e-02,5.381604e-03,2.379810e-03,1.117580e-03,1.125988e-01,6.480666e-03,2.673427e-03,1.304006e-02,3.121399e-01,1.723938e-02,2.981723e-02,4.515053e-01,2.793323e-02,2.707032e-03,1.186028e-03
1.212405e-02,4.385934e-03,2.247920e-03,9.159354e-04,1.234786e-01,5.254298e-03,2.405384e-03,1.423716e-02,2.839499e-01,1.343371e-02,2.337407e-02,4.887766e-01,2.237559e-02,2.176533e-03,8.643970e-04
1.168656e-02,5.220842e-03,2.688699e-03,8.086210e-04,1.600159e-01,6.334452e-03,2.642884e-03,1.548118e-02,3.000719e-01,1.068317e-02,1.859161e-02,4.444796e-01,1.863875e-02,1.980086e-03,6.756720e-04
1.350830e-02,8.518834e-03,3.592538e-03,1.074512e-03,2.142150e-01,1.086431e-02,3.015845e-03,3.090907e-02,3.399583e-01,8.569179e-03,1.478616e-02,3.333603e-01,1.507708e-02,1.934886e-03,6.156233e-04
1.250841e-02,1.549247e-02,5.674817e-03,1.215115e-03,1.905034e-01,1.763466e-02,2.594359e-03,3.905637e-02,4.383854e-01,6.990612e-03,1.214875e-02,2.427167e-01,1.235500e-02,2.172351e-03,5.515590e-04
1.407530e-02,3.012701e-02,6.007067e-03,1.283025e-03,1.501063e-01,2.965005e-02,2.205233e-03,5.394093e-02,4.362698e-01,5.737055e-03,1.405913e-02,2.385365e-01,1.037216e-02,7.005844e-03,6.245895e-04
1.624232e-02,5.008565e-02,1.635059e-02,2.027099e-03,1.391203e-01,3.086127e-02,3.123535e-03,1.070099e-01,4.279058e-01,4.432994e-03,1.335456e-02,1.734642e-01,7.931117e-03,7.359413e-03,7.313457e-04
1.847732e-02,7.085906e-02,1.450643e-02,1.925812e-03,1.321889e-01,5.652606e-02,3.119608e-03,1.072486e-01,4.345288e-01,3.365104e-03,1.246236e-02,1.266460e-01,6.121844e-03,1.102504e-02,9.990851e-04
3.440568e-02,1.088940e-01,1.298263e-02,2.604952e-03,1.360761e-01,4.663327e-02,2.626788e-03,1.431656e-01,3.907886e-01,2.451976e-03,1.293182e-02,8.994778e-02,4.560856e-03,1.082616e-02,1.103726e-03
5.042498e-02,1.631987e-01,1.002072e-02,2.778790e-03,1.773681e-01,4.754471e-02,2.287355e-03,1.110195e-01,3.408231e-01,1.923122e-03,1.214042e-02,6.350759e-02,3.410214e-03,1.012547e-02,3.427050e-03
