1.000000e+00,0.000000e+00,0.000000e+00,0.000000e+00,0.000000e+00,0.000000e+00,0.000000e+00,0.000000e+00,0.000000e+00,0.000000e+00,0.000000e+00,0.000000e+00,0.000000e+00,0.000000e+00,0.000000e+00
1.000000e+00,0.000000e+00,0.000000e+00,0.000000e+00,0.000000e+00,0.000000e+00,0.000000e+00,0.000000e+00,0.000000e+00,0.000000e+00,0.000000e+00,0.000000e+00,0.000000e+00,0.000000e+00,0.000000e+00
1.000000e+00,0.000000e+00,0.000000e+00,0.000000e+00,0.000000e+00,0.000000e+00,0.000000e+00,0.000000e+00,0.000000e+00,0.000000e+00,0.000000e+00,0.000000e+00,0.000000e+00,0.000000e+00,0.000000e+00
1.000000e+00,0.000000e+00,0.000000e+00,0.000000e+00,0.000000e+00,0.000000e+00,0.000000e+00,0.000000e+00,0.000000e+00,0.000000e+00,0.000000e+00,0.000000e+00,0.000000e+00,0.000000e+00,0.000000e+00
1.000000e+00,0.000000e+00,0.000000e+00,0.000000e+00,0.000000e+00,0.000000e+00,0.000000e+00,0.000000e+00,0.000000e+00,0.000000e+00,0.000000e+00,0.000000e+00,0.000000e+00,0.000000e+00,0.000000e+00
1.000000e+00,0.000000e+00,0.000000e+00,0.000000e+00,0.000000e+00,0.000000e+00,0.000000e+00,0.000000e+00,0.000000e+00,0.000000e+00,0.000000e+00,0.000000e+00,0.000000e+00,0.000000e+00,0.000000e+00
1.000000e+00,0.000000e+00,0.000000e+00,0.000000e+00,0.000000e+00,0.000000e+00,0.000000e+00,0.000000e+00,0.000000e+00,0.000000e+00,0.000000e+00,0.000000e+00,0.000000e+00,0.000000e+00,0.000000e+00
1.000000e+00,0.000000e+00,0.000000e+00,0.000000e+00,0.000000e+00,0.000000e+00,0.000000e+00,0.000000e+00,0.000000e+00,0.000000e+00,0.000000e+00,0.000000e+00,0.000000e+00,0.000000e+00,0.000000e+00
1.000000e+00,0.000000e+00,0.000000e+00,0.000000e+00,0.000000e+00,0.000000e+00,0.000000e+00,0.000000e+00,0.000000e+00,0.000000e+00,0.000000e+00,0.000000e+00,0.000000e+00,0.000000e+00,0.000000e+00
1.000000e+00,0.000000e+00,0.000000e+00,0.000000e+00,0.000000e+00,0.000000e+00,0.000000e+00,0.000000e+00,0.000000e+00,0.000000e+00,0.000000e+00,0.000000e+00,0.000000e+00,0.000000e+00,0.000000e+00
1.000000e+00,0.000000e+00,0.000000e+00,0.000000e+00,0.000000e+00,0.000000e+00,0.000000e+00,0.000000e+00,0.000000e+00,0.000000e+00,0.000000e+00,0.000000e+00,0.000000e+00,0.000000e+00,0.000000e+00
1.000000e+00,0.000000e+00,0.000000e+00,0.000000e+00,0.000000e+00,0.000000e+00,0.000000e+00,0.000000e+00,0.000000e+00,0.000000e+00,0.000000e+00,0.000000e+00,0.000000e+00,0.000000e+00,0.000000e+00
1.000000e+00,0.000000e+00,0.000000e+00,0.000000e+00,0.000000e+00,0.000000e+00,0.000000e+00,0.000000e+00,0.000000e+00,0.000000e+00,0.000000e+00,0.000000e+00,0.000000e+00,0.000000e+00,0.000000e+00
1.000000e+00,0.000000e+00,0.000000e+00,0.000000e+00,0.000000e+00,0.000000e+00,0.000000e+00,0.000000e+00,0.000000e+00,0.000000e+00,0.000000e+00,0.000000e+00,0.000000e+00,0.000000e+00,0.000000e+00
1.000000e+00,0.000000e+00,0.000000e+00,0.000000e+00,0.000000e+00,0.000000e+00,0.000000e+00,0.000000e+00,0.000000e+00,0.000000e+00,0.000000e+00,0.000000e+00,0.000000e+00,0.000000e+00,0.000000e+00
1.000000e+00,0.000000e+00,0.000000e+00,0.000000e+00,0.000000e+00,0.000000e+00,0.000000e+00,0.000000e+00,0.000000e+00,0.000000e+00,0.000000e+00,0.000000e+00,0.000000e+00,0.000000e+00,0.000000e+00
1.000000e+00,0.000000e+00,0.000000e+00,0.000000e+00,0.000000e+00,0.000000e+00,0.000000e+00,0.000000e+00,0.000000e+00,0.000000e+00,0.000000e+00,0.000000e+00,0.000000e+00,0.000000e+00,0.000000e+00
1.000000e+00,0.000000e+00,0.000000e+00,0.000000e+00,0.000000e+00,0.000000e+00,0.000000e+00,0.000000e+00,0.000000e+00,0.000000e+00,0.000000e+00,0.000000e+00,0.000000e+00,0.000000e+00,0.000000e+00
1.000000e+00,0.000000e+00,0.000000e+00,0.000000e+00,0.000000e+00,0.000000e+00,0.000000e+00,0.000000e+00,0.000000e+00,0.000000e+00,0.000000e+00,0.000000e+00,0.000000e+00,0.000000e+00,0.000000e+00
1.000000e+00,0.000000e+00,0.000000e+00,0.000000e+00,0.000000e+00,0.000000e+00,0.000000e+00,0.000000e+00,0.000000e+00,0.000000e+00,0.000000e+00,0.000000e+00,0.000000e+00,0.000000e+00,0.000000e+00
1.000000e+00,0.000000e+00,0.000000e+00,0.000000e+00,0.000000e+00,0.000000e+00,0.000000e+00,0.000000e+00,0.000000e+00,0.000000e+00,0.000000e+00,0.000000e+00,0.000000e+00,0.000000e+00,0.000000e+00
1.000000e+00,0.000000e+00,0.000000e+00,0.000000e+00,0.000000e+00,0.000000e+00,0.000000e+00,0.000000e+00,0.000000e+00,0.000000e+00,0.000000e+00,0.000000e+00,0.000000e+00,0.000000e+00,0.000000e+00
1.000000e+00,0.000000e+00,0.000000e+00,0.000000e+00,0.000000e+00,0.000000e+00,0.000000e+00,0.000000e+00,0.000000e+00,0.000000e+00,0.000000e+00,0.000000e+00,0.000000e+00,0.000000e+00,0.000000e+00
1.000000e+00,0.000000e+00,0.000000e+00,0.000000e+00,0.000000e+00,0.000000e+00,0.000000e+00,0.000000e+00,0.000000e+00,0.000000e+00,0.000000e+00,0.000000e+00,0.000000e+00,0.000000e+00,0.000000e+00
1.000000e+00,0.000000e+00,0.000000e+00,0.000000e+00,0.000000e+00,0.000000e+00,0.000000e+00,0.000000e+00,0.000000e+00,0.000000e+00,0.000000e+00,0.000000e+00,0.000000e+00,0.000000e+00,0.000000e+00
1.000000e+00,0.000000e+00,0.000000e+00,0.000000e+00,0.000000e+00,0.000000e+00,0.000000e+00,0.000000e+00,0.000000e+00,0.000000e+00,0.000000e+00,0.000000e+00,0.000000e+00,0.000000e+00,0.000000e+00
1.000000e+00,0.000000e+00,0.000000e+00,0.000000e+00,0.000000e+00,0.000000e+00,0.000000e+00,0.000000e+00,0.000000e+00,0.000000e+00,0.000000e+00,0.000000e+00,0.000000e+00,0.000000e+00,0.000000e+00
1.000000e+00,0.000000e+00,0.000000e+00,0.000000e+00,0.000000e+00,0.000000e+00,0.000000e+00,0.000000e+00,0.000000e+00,0.000000e+00,0.000000e+00,0.000000e+00,0.000000e+00,0.000000e+00,0.000000e+00
1.000000e+00,0.000000e+00,0.000000e+00,0.000000e+00,0.000000e+00,0.000000e+00,0.000000e+00,0.000000e+00,0.000000e+00,0.000000e+00,0.000000e+00,0.000000e+00,0.000000e+00,0.000000e+00,0.000000e+00
1.000000e+00,0.000000e+00,0.000000e+00,0.000000e+00,0.000000e+00,0.000000e+00,0.000000e+00,0.000000e+00,0.000000e+00,0.000000e+00,0.000000e+00,0.000000e+00,0.000000e+00,0.000000e+00,0.000000e+00
1.000000e+00,0.000000e+00,0.000000e+00,0.000000e+00,0.000000e+00,0.000000e+00,0.000000e+00,0.000000e+00,0.000000e+00,0.000000e+00,0.000000e+00,0.000000e+00,0.000000e+00,0.000000e+00,0.000000e+00
1.000000e+00,0.000000e+00,0.000000e+00,0.000000e+00,0.000000e+00,0.000000e+00,0.000000e+00,0.000000e+00,0.000000e+00,0.000000e+00,0.000000e+00,0.000000e+00,0.000000e+00,0.000000e+00,0.000000e+00
1.000000e+00,0.000000e+00,0.000000e+00,0.000000e+00,0.000000e+00,0.000000e+00,0.000000e+00,0.000000e+00,0.000000e+00,0.000000e+00,0.000000e+00,0.000000e+00,0.000000e+00,0.000000e+00,0.000000e+00
1.000000e+00,0.000000e+00,0.000000e+00,0.000000e+00,0.000000e+00,0.000000e+00,0.000000e+00,0.000000e+00,0.000000e+00,0.000000e+00,0.000000e+00,0.000000e+00,0.000000e+00,0.000000e+00,0.000000e+00
1.000000e+00,0.000000e+00,0.000000e+00,0.000000e+00,0.000000e+00,0.000000e+00,0.000000e+00,0.000000e+00,0.000000e+00,0.000000e+00,0.000000e+00,0.000000e+00,0.000000e+00,0.000000e+00,0.000000e+00
1.000000e+00,0.000000e+00,0.000000e+00,0.000000e+00,0.000000e+00,0.000000e+00,0.000000e+00,0.000000e+00,0.000000e+00,0.000000e+00,0.000000e+00,0.000000e+00,0.000000e+00,0.000000e+00,0.000000e+00
1.000000e+00,0.000000e+00,0.000000e+00,0.000000e+00,0.000000e+00,0.000000e+00,0.000000e+00,0.000000e+00,0.000000e+00,0.000000e+00,0.000000e+00,0.000000e+00,0.000000e+00,0.000000e+00,0.000000e+00
1.000000e+00,0.000000e+00,0.000000e+00,0.000000e+00,0.000000e+00,0.000000e+00,0.000000e+00,0.000000e+00,0.000000e+00,0.000000e+00,0.000000e+00,0.000000e+00,0.000000e+00,0.000000e+00,0.000000e+00
1.000000e+00,0.000000e+00,0.000000e+00,0.000000e+00,0.000000e+00,0.000000e+00,0.000000e+00,0.000000e+00,0.000000e+00,0.000000e+00,0.000000e+00,0.000000e+00,0.000000e+00,0.000000e+00,0.000000e+00
1.000000e+00,0.000000e+00,0.000000e+00,0.000000e+00,0.000000e+00,0.000000e+00,0.000000e+00,0.000000e+00,0.000000e+00,0.000000e+00,0.000000e+00,0.000000e+00,0.000000e+00,0.000000e+00,0.000000e+00
1.000000e+00,0.000000e+00,0.000000e+00,0.000000e+00,0.000000e+00,0.000000e+00,0.000000e+00,0.000000e+00,0.000000e+00,0.000000e+00,0.000000e+00,0.000000e+00,0.000000e+00,0.000000e+00,0.000000e+00
1.000000e+00,0.000000e+00,0.000000e+00,0.000000e+00,0.000000e+00,0.000000e+00,0.000000e+00,0.000000e+00,0.000000e+00,0.000000e+00,0.000000e+00,0.000000e+00,0.000000e+00,0.000000e+00,0.000000e+00
1.000000e+00,0.000000e+00,0.000000e+00,0.000000e+00,0.000000e+00,0.000000e+00,0.000000e+00,0.000000e+00,0.000000e+00,0.000000e+00,0.000000e+00,0.000000e+00,0.000000e+00,0.000000e+00,0.000000e+00
1.000000e+00,0.000000e+00,0.000000e+00,0.000000e+00,0.000000e+00,0.000000e+00,0.000000e+00,0.000000e+00,0.000000e+00,0.000000e+00,0.000000e+00,0.000000e+00,0.000000e+00,0.000000e+00,0.000000e+00
1.000000e+00,0.000000e+00,0.000000e+00,0.000000e+00,0.000000e+00,0.000000e+00,0.000000e+00,0.000000e+00,0.000000e+00,0.000000e+00,0.000000e+00,0.000000e+00,0.000000e+00,0.000000e+00,0.000000e+00
1.000000e+00,0.000000e+00,0.000000e+00,0.000000e+00,0.000000e+00,0.000000e+00,0.000000e+00,0.000000e+00,0.000000e+00,0.000000e+00,0.000000e+00,0.000000e+00,0.000000e+00,0.000000e+00,0.000000e+00
1.000000e+00,0.000000e+00,0.000000e+00,0.000000e+00,0.000000e+00,0.000000e+00,0.000000e+00,0.000000e+00,0.000000e+00,0.000000e+00,0.000000e+00,0.000000e+00,0.000000e+00,0.000000e+00,0.000000e+00
1.000000e+00,0.000000e+00,0.000000e+00,0.000000e+00,0.000000e+00,0.000000e+00,0.000000e+00,0.000000e+00,0.000000e+00,0.000000e+00,0.000000e+00,0.000000e+00,0.000000e+00,0.000000e+00,0.000000e+00
1.000000e+00,0.000000e+00,0.000000e+00,0.000000e+00,0.000000e+00,0.000000e+00,0.000000e+00,0.000000e+00,0.000000e+00,0.000000e+00,0.000000e+00,0.000000e+00,0.000000e+00,0.000000e+00,0.000000e+00
1.000000e+00,0.000000e+00,0.000000e+00,0.000000e+00,0.000000e+00,0.000000e+00,0.000000e+00,0.000000e+00,0.000000e+00,0.000000e+00,0.000000e+00,0.000000e+00,0.000000e+00,0.000000e+00,0.000000e+00
1.000000e+00,0.000000e+00,0.000000e+00,0.000000e+00,0.000000e+00,0.000000e+00,0.000000e+00,0.000000e+00,0.000000e+00,0.000000e+00,0.000000e+00,0.000000e+00,0.000000e+00,0.000000e+00,0.000000e+00
1.000000e+00,0.000000e+00,0.000000e+00,0.000000e+00,0.000000e+00,0.000000e+00,0.000000e+00,0.000000e+00,0.000000e+00,0.000000e+00,0.000000e+00,0.000000e+00,0.000000e+00,0.000000e+00,0.000000e+00
1.000000e+00,0.000000e+00,0.000000e+00,0.000000e+00,0.000000e+00,0.000000e+00,0.000000e+00,0.000000e+00,0.000000e+00,0.000000e+00,0.000000e+00,0.000000e+00,0.000000e+00,0.000000e+00,0.000000e+00
1.000000e+00,0.000000e+00,0.000000e+00,0.000000e+00,0.000000e+00,0.000000e+00,0.000000e+00,0.000000e+00,0.000000e+00,0.000000e+00,0.000000e+00,0.000000e+00,0.000000e+00,0.000000e+00,0.000000e+00
1.000000e+00,0.000000e+00,0.000000e+00,0.000000e+00,0.000000e+00,0.000000e+00,0.000000e+00,0.000000e+00,0.000000e+00,0.000000e+00,0.000000e+00,0.000000e+00,0.000000e+00,0.000000e+00,0.000000e+00
1.000000e+00,0.000000e+00,0.000000e+00,0.000000e+00,0.000000e+00,0.000000e+00,0.000000e+00,0.000000e+00,0.000000e+00,0.000000e+00,0.000000e+00,0.000000e+00,0.000000e+00,0.000000e+00,0.000000e+00
1.000000e+00,0.000000e+00,0.000000e+00,0.000000e+00,0.000000e+00,0.000000e+00,0.000000e+00,0.000000e+00,0.000000e+00,0.000000e+00,0.000000e+00,0.000000e+00,0.000000e+00,0.000000e+00,0.000000e+00
1.000000e+00,0.000000e+00,0.000000e+00,0.000000e+00,0.000000e+00,0.000000e+00,0.000000e+00,0.000000e+00,0.000000e+00,0.000000e+00,0.000000e+00,0.000000e+00,0.000000e+00,0.000000e+00,0.000000e+00
1.000000e+00,0.000000e+00,0.000000e+00,0.000000e+00,0.000000e+00,0.000000e+00,0.000000e+00,0.000000e+00,0.000000e+00,0.000000e+00,0.000000e+00,0.000000e+00,0.000000e+00,0.000000e+00,0.000000e+00
1.000000e+00,0.000000e+00,0.000000e+00,0.000000e+00,0.000000e+00,0.000000e+00,0.000000e+00,0.000000e+00,0.000000e+00,0.000000e+00,0.000000e+00,0.000000e+00,0.000000e+00,0.000000e+00,0.000000e+00
4.978266e-01,1.725625e-02,1.842592e-02,1.262914e-01,1.160059e-02,4.549775e-02,4.721486e-03,1.369962e-02,2.040128e-02,1.246595e-03,1.142213e-02,1.105087e-01,1.006090e-01,1.545407e-03,1.894725e-02
3.825667e-01,1.252528e-02,1.369301e-02,2.059712e-01,1.358349e-02,4.484276e-02,3.544847e-03,1.061836e-02,4.065130e-02,1.089326e-03,1.900807e-02,1.145626e-01,1.219223e-01,1.142829e-03,1.427789e-02
3.191597e-01,1.893691e-02,1.085441e-02,1.996562e-01,1.299899e-02,3.563042e-02,3.149329e-03,9.209645e-03,1.564511e-01,1.385586e-03,2.102705e-02,9.045558e-02,1.035353e-01,1.007406e-03,1.654241e-02
3.267618e-01,1.878455e-02,8.754602e-03,1.722050e-01,1.450491e-02,2.701960e-02,3.561432e-03,8.204119e-03,2.216431e-01,1.820931e-03,2.494963e-02,6.659111e-02,8.622452e-02,1.058390e-03,1.791627e-02
2.663248e-01,2.940632e-02,7.791433e-03,1.794853e-01,1.303660e-02,2.599727e-02,3.759258e-03,6.737693e-03,2.760909e-01,3.749704e-03,2.089081e-02,4.741533e-02,9.610032e-02,8.973258e-04,2.231700e-02
1.887272e-01,3.400041e-02,8.484514e-03,1.675714e-01,9.586753e-03,2.111313e-02,2.919561e-03,4.913318e-03,3.421839e-01,5.953577e-03,2.057350e-02,3.455615e-02,7.992925e-02,1.264094e-03,7.822324e-02
1.363463e-01,2.756926e-02,7.197789e-03,1.446770e-01,7.326680e-03,1.956349e-02,2.939804e-03,3.877420e-03,3.452603e-01,6.631089e-03,5.055122e-02,2.947378e-02,1.170102e-01,2.101237e-03,9.947436e-02
1.036461e-01,2.052045e-02,5.360698e-03,1.165392e-01,5.471713e-03,1.749964e-02,2.938932e-03,3.178311e-03,3.724359e-01,6.542615e-03,4.314955e-02,3.386140e-02,1.346818e-01,8.894258e-03,1.252794e-01
7.764626e-02,1.465670e-02,4.299607e-03,9.168430e-02,4.390887e-03,4.707239e-02,3.747321e-03,2.713646e-03,2.696869e-01,5.941906e-03,3.849581e-02,3.250194e-02,2.936496e-01,7.361706e-03,1.061510e-01
5.762289e-02,1.028886e-02,3.131288e-03,6.446214e-02,5.633448e-03,3.605769e-02,3.057470e-03,3.575818e-03,1.910270e-01,4.328747e-03,3.312938e-02,4.909749e-02,4.577504e-01,5.461211e-03,7.537612e-02
4.575348e-02,7.344336e-03,2.320388e-03,4.540798e-02,1.870193e-02,2.644495e-02,2.698376e-03,2.811145e-03,1.384557e-01,3.931961e-03,2.778177e-02,1.064931e-01,5.045466e-01,8.058080e-03,5.925015e-02
3.868796e-02,5.458460e-03,1.896161e-03,3.247681e-02,2.674701e-02,1.921688e-02,2.304344e-03,3.113086e-03,1.032888e-01,4.713423e-03,2.471755e-02,1.820894e-01,4.923843e-01,8.356276e-03,5.454953e-02
4.229055e-02,5.069198e-03,4.461830e-03,2.768638e-02,3.955875e-02,1.595976e-02,2.549770e-03,4.241621e-02,1.273726e-01,1.240220e-02,2.817436e-02,1.712617e-01,4.135718e-01,1.269259e-02,5.453222e-02
3.171760e-02,5.843962e-03,4.274662e-03,2.248218e-02,3.572323e-02,1.225315e-02,1.980230e-03,3.887811e-02,1.605195e-01,1.705107e-02,2.855168e-02,1.326021e-01,4.399071e-01,1.420807e-02,5.400745e-02
2.270612e-02,6.334964e-03,4.361954e-03,1.971334e-02,2.933589e-02,9.360473e-03,1.443161e-03,3.008517e-02,2.233627e-01,1.474655e-02,3.672929e-02,1.125709e-01,4.353088e-01,1.506062e-02,3.888015e-02
1.647107e-02,5.678293e-03,3.401700e-03,1.672289e-02,2.174293e-02,7.211171e-03,1.044867e-03,2.227560e-02,2.344825e-01,1.244325e-02,6.748671e-02,1.076098e-01,4.116351e-01,4.359188e-02,2.820228e-02
1.236999e-02,4.674837e-03,2.960531e-03,1.361008e-02,1.583365e-02,5.691737e-03,7.504809e-04,1.589070e-02,2.200440e-01,1.039432e-02,1.001740e-01,1.095104e-01,3.481614e-01,1.189329e-01,2.100104e-02
1.053325e-02,3.884336e-03,2.680231e-03,1.113079e-02,1.127999e-02,4.322178e-03,5.447723e-04,1.132054e-02,2.060506e-01,9.049379e-03,1.103902e-01,1.490533e-01,2.648048e-01,1.895397e-01,1.541592e-02
8.718758e-03,3.093765e-03,3.001997e-03,8.815655e-03,8.003017e-03,3.812663e-03,4.122597e-04,8.128057e-03,2.278288e-01,8.584565e-03,1.318573e-01,1.422130e-01,2.021947e-01,2.314774e-01,1.185811e-02
8.466784e-03,2.688043e-03,2.099986e-02,2.065240e-02,6.771337e-03,5.413933e-03,8.099574e-04,1.152768e-02,2.818649e-01,9.532401e-03,1.513840e-01,1.107513e-01,1.449578e-01,2.115453e-01,1.263441e-02
8.456955e-03,2.427336e-03,2.499643e-02,2.847467e-02,5.138214e-03,5.585437e-03,7.577332e-04,9.252992e-03,2.485795e-01,9.814221e-03,1.594367e-01,8.333020e-02,1.041698e-01,2.988632e-01,1.071659e-02
8.152384e-03,2.000612e-03,1.945234e-02,2.282442e-02,3.777665e-03,4.791128e-03,5.612327e-04,6.805772e-03,1.974189e-01,8.306338e-03,1.547896e-01,6.313547e-02,7.534904e-02,4.245645e-01,8.070610e-03
6.330849e-03,1.805072e-03,1.466697e-02,1.697568e-02,2.775861e-03,3.607958e-03,4.017476e-04,4.925048e-03,1.778170e-01,6.811293e-03,1.459721e-01,4.621481e-02,5.465243e-02,5.110611e-01,5.981992e-03
5.257703e-03,1.590273e-03,1.181193e-02,1.549125e-02,2.126487e-03,3.151881e-03,2.964571e-04,4.495903e-03,1.536478e-01,6.546657e-03,1.723007e-01,3.369082e-02,3.965420e-02,5.451980e-01,4.739935e-03
4.711120e-03,1.344195e-03,8.966455e-03,1.331308e-02,1.570055e-03,4.646555e-03,2.354902e-04,3.473601e-03,1.359373e-01,5.473893e-03,1.720708e-01,2.479241e-02,2.928949e-02,5.892516e-01,4.924003e-03
3.957351e-03,1.145542e-03,6.620517e-03,1.288543e-02,1.143639e-03,4.799966e-03,1.762985e-04,2.624631e-03,1.138845e-01,4.739975e-03,2.263602e-01,2.429243e-02,2.896993e-02,5.604104e-01,7.989133e-03
4.190808e-03,1.155952e-03,5.408643e-03,1.308898e-02,1.286542e-03,8.322270e-03,6.416290e-04,2.277529e-03,1.109751e-01,5.776427e-03,2.075949e-01,2.572967e-02,4.170339e-02,5.554317e-01,1.641654e-02
5.786657e-03,1.275749e-03,4.793448e-03,1.135381e-02,4.536466e-03,8.328646e-03,5.666786e-04,1.407634e-02,8.392642e-02,8.111581e-03,2.391640e-01,7.604493e-02,5.269809e-02,4.759551e-01,1.338214e-02
4.531564e-03,9.397318e-04,3.605852e-03,8.945450e-03,3.415592e-03,7.787647e-03,5.103390e-04,6.781458e-02,6.015136e-02,7.429583e-03,2.001582e-01,8.486462e-02,5.209872e-02,4.879913e-01,9.755417e-03
4.505161e-03,8.558714e-04,1.298471e-02,2.429977e-02,1.037294e-02,5.816740e-03,4.839849e-04,1.069242e-01,4.870724e-02,1.296805e-02,1.781689e-01,7.003635e-02,5.509378e-02,4.600592e-01,8.723101e-03
5.250154e-03,1.100994e-03,2.461575e-02,2.678269e-02,1.800345e-02,4.736061e-03,5.050300e-04,2.020836e-01,7.658869e-02,1.503186e-02,1.412941e-01,5.050733e-02,4.478040e-02,3.810769e-01,7.642956e-03
5.944098e-03,4.553807e-03,3.312881e-02,3.181102e-02,3.131069e-02,4.994041e-03,1.000130e-03,1.949976e-01,1.904875e-01,1.271821e-02,1.091248e-01,3.594851e-02,3.452682e-02,3.020470e-01,7.406999e-03
5.915426e-03,5.598595e-03,3.438813e-02,5.815292e-02,3.043585e-02,5.389458e-03,8.626785e-04,2.647227e-01,2.297877e-01,9.341619e-03,8.274151e-02,2.609585e-02,2.676660e-02,2.138997e-01,5.901167e-03
5.456861e-03,5.255275e-03,2.633956e-02,4.244428e-02,3.543007e-02,3.980502e-03,6.849694e-04,4.264211e-01,1.884642e-01,6.903778e-03,6.154678e-02,1.892227e-02,2.266767e-02,1.509660e-01,4.516681e-03
4.952952e-03,4.042470e-03,1.872227e-02,3.055819e-02,2.912640e-02,2.970271e-03,5.361204e-04,5.863497e-01,1.349663e-01,4.897272e-03,4.435216e-02,1.337798e-02,1.620619e-02,1.057080e-01,3.233677e-03
5.114367e-03,2.919155e-03,1.328768e-02,2.190483e-02,2.228036e-02,2.478338e-03,4.134451e-04,7.041755e-01,9.563474e-02,3.446740e-03,3.120397e-02,9.410948e-03,1.144553e-02,7.400837e-02,2.276073e-03
6.379595e-03,2.183021e-03,9.578754e-03,1.589207e-02,1.917577e-02,2.200752e-03,3.292923e-04,7.841594e-01,6.763071e-02,2.423683e-03,2.192638e-02,6.619343e-03,8.075497e-03,5.181962e-02,1.606202e-03
8.974340e-03,1.658907e-03,6.854178e-03,1.228578e-02,1.604292e-02,2.883838e-03,2.612920e-04,8.382294e-01,4.763872e-02,1.700142e-03,1.544932e-02,4.768179e-03,5.804302e-03,3.629950e-02,1.149248e-03
1.198087e-02,1.305029e-03,4.930326e-03,1.015075e-02,1.398231e-02,2.944027e-03,2.144511e-04,8.748857e-01,3.350867e-02,1.193761e-03,1.092214e-02,3.486173e-03,4.234705e-03,2.543421e-02,8.268729e-04
1.214245e-02,1.004543e-03,3.548253e-03,7.644147e-03,1.160876e-02,2.579805e-03,1.834071e-04,9.049430e-01,2.374795e-02,8.381925e-04,7.739974e-03,2.537419e-03,3.060715e-03,1.782369e-02,5.977809e-04
1.324078e-02,7.921586e-04,2.681148e-03,6.211574e-03,8.795707e-03,3.665583e-03,2.290010e-04,9.234637e-01,1.726416e-02,5.955686e-04,5.573247e-03,2.065152e-03,2.459764e-03,1.251903e-02,4.435679e-04
1.784727e-02,7.039404e-04,2.090814e-03,4.670000e-03,8.658359e-03,4.631069e-03,4.900193e-04,9.306855e-01,1.307952e-02,4.315303e-04,4.034067e-03,1.597533e-03,1.944626e-03,8.796502e-03,3.394604e-04
2.522581e-02,6.282071e-04,1.748405e-03,3.735216e-03,7.873235e-03,4.752635e-03,8.328672e-04,9.329118e-01,9.552066e-03,3.215782e-04,3.004768e-03,1.353086e-03,1.565348e-03,6.208210e-03,2.869455e-04
3.475616e-02,5.754868e-04,1.617531e-03,3.490936e-03,7.772630e-03,4.693097e-03,9.430273e-04,9.291440e-01,7.044365e-03,2.720091e-04,2.403624e-03,1.233802e-03,1.396541e-03,4.396941e-03,2.599562e-04
4.304774e-02,5.309255e-04,1.832192e-03,3.249394e-03,6.267175e-03,4.406824e-03,1.104090e-03,9.264441e-01,5.186489e-03,2.313035e-04,1.834515e-03,1.254371e-03,1.189043e-03,3.145248e-03,2.766285e-04
1.325384e-01,1.041762e-03,2.072500e-03,3.654782e-03,5.721969e-03,5.655340e-03,1.228874e-03,8.271248e-01,5.186722e-03,2.881986e-04,2.403148e-03,6.916453e-03,2.990120e-03,2.543322e-03,6.336959e-04
1.741586e-01,1.992275e-03,1.671368e-03,7.035918e-03,5.137889e-03,7.906459e-03,1.214236e-03,6.514234e-01,6.264688e-03,6.074170e-04,8.455550e-03,8.739413e-02,4.210626e-02,3.174923e-03,1.456915e-03
1.382185e-01,1.794301e-03,1.338644e-03,6.812044e-03,4.297228e-03,8.262347e-03,1.204249e-03,4.874520e-01,6.959676e-03,4.708193e-03,1.864426e-02,1.301500e-01,1.810840e-01,7.094689e-03,1.979851e-03
1.066916e-01,1.640547e-03,1.080319e-03,6.401539e-03,3.508632e-03,6.387237e-03,1.077605e-03,3.603647e-01,1.118701e-02,5.669450e-03,2.695701e-02,1.798878e-01,2.736214e-01,1.368701e-02,1.838168e-03
1.058821e-01,1.875648e-03,1.185646e-03,6.682041e-03,3.676581e-03,6.498743e-03,1.579511e-03,2.601963e-01,2.238258e-02,5.379384e-03,2.520108e-02,3.189312e-01,2.241800e-01,1.372280e-02,2.626435e-03
8.804500e-02,2.222374e-03,1.069678e-03,5.486406e-03,3.730436e-03,5.703232e-03,1.786549e-03,1.859275e-01,2.249850e-02,5.927190e-03,2.517859e-02,4.627004e-01,1.740889e-01,1.284512e-02,2.790152e-03
6.400587e-02,1.909360e-03,8.172296e-04,4.243731e-03,4.937860e-03,4.268141e-03,1.475331e-03,1.308831e-01,2.177619e-02,7.511384e-03,2.368814e-02,5.894864e-01,1.309220e-01,1.194395e-02,2.131322e-03
4.530083e-02,2.257007e-03,9.518433e-04,3.110856e-03,7.113117e-03,3.162187e-03,1.190922e-03,9.185101e-02,1.721127e-02,1.207595e-02,2.292705e-02,6.724854e-01,9.734712e-02,2.142716e-02,1.588295e-03
3.258255e-02,2.972040e-03,9.417935e-04,2.247384e-03,8.292202e-03,2.464334e-03,9.568940e-04,6.470567e-02,1.337283e-02,1.447561e-02,2.606415e-02,7.209931e-01,7.336433e-02,3.539465e-02,1.172481e-03
2.360598e-02,6.977191e-03,1.030157e-03,1.614465e-03,7.219775e-03,1.934363e-03,6.915244e-04,4.608744e-02,9.807805e-03,1.086260e-02,2.130279e-02,7.817965e-01,5.372054e-02,3.249507e-02,8.538002e-04
1.938170e-02,8.668580e-03,8.367796e-04,1.168149e-03,5.602028e-03,1.544478e-03,5.165043e-04,3.282434e-02,8.343538e-03,9.437314e-03,2.329682e-02,8.194550e-01,3.907168e-02,2.920941e-02,6.436835e-04
1.516619e-02,7.958724e-03,7.595177e-04,8.669002e-04,4.637542e-03,1.212545e-03,3.955231e-04,2.326090e-02,8.659523e-03,8.301221e-03,3.016010e-02,8.452975e-01,2.829112e-02,2.455076e-02,4.819821e-04
1.413859e-02,6.925778e-03,1.694870e-03,8.118554e-04,7.937824e-03,1.491820e-03,3.805922e-04,1.656155e-02,9.257136e-03,8.644450e-03,4.874010e-02,8.410988e-01,2.069353e-02,2.117568e-02,4.474178e-04
1.578557e-02,6.593387e-03,2.198133e-03,8.597550e-04,8.974530e-03,1.737797e-03,2.979801e-04,1.175919e-02,1.194044e-02,8.571316e-03,7.636055e-02,8.169934e-01,1.559547e-02,2.182072e-02,5.117595e-04
2.166823e-02,6.479111e-03,4.265644e-03,1.738502e-03,2.999928e-02,2.090618e-03,4.027906e-04,8.903787e-03,1.118251e-02,9.619857e-03,9.581538e-02,7.760079e-01,1.158504e-02,1.947517e-02,7.662040e-04
2.930705e-02,5.012726e-03,3.499434e-03,2.263163e-03,3.143406e-02,2.378002e-03,4.898074e-04,6.945800e-03,8.737043e-03,7.823300e-03,1.254786e-01,7.509133e-01,8.593519e-03,1.647601e-02,6.481234e-04
2.480145e-02,9.297643e-03,3.889291e-03,2.015755e-03,5.179844e-02,2.662210e-03,5.736381e-04,6.987277e-03,9.801324e-03,6.152696e-03,1.109332e-01,7.497007e-01,6.775704e-03,1.403460e-02,5.760704e-04
1.876253e-02,7.498654e-03,3.357758e-03,2.006701e-03,4.173164e-02,2.161139e-03,4.491131e-04,8.022519e-03,1.008981e-02,5.678478e-03,1.101380e-01,7.727367e-01,5.263213e-03,1.163562e-02,4.681193e-04
1.503316e-02,6.406696e-03,3.260369e-03,1.982940e-03,3.275077e-02,1.853407e-03,3.390720e-04,7.559290e-03,1.056958e-02,6.379043e-03,1.723659e-01,7.257276e-01,4.124785e-03,1.124057e-02,4.068583e-04
2.365367e-02,6.964376e-03,3.509971e-03,2.132909e-03,2.555037e-02,1.636064e-03,2.867254e-04,7.109443e-03,1.110863e-02,7.840815e-03,3.516423e-01,5.373520e-01,3.538236e-03,1.719571e-02,4.787929e-04
3.382411e-02,6.532834e-03,4.189000e-03,2.564621e-03,2.231707e-02,1.977161e-03,3.224417e-04,6.216551e-03,1.059566e-02,8.579684e-03,4.620520e-01,4.147767e-01,3.502636e-03,2.201559e-02,5.339230e-04
4.257873e-02,6.151263e-03,4.795713e-03,2.869919e-03,1.916516e-02,2.250720e-03,3.111168e-04,6.116737e-03,9.694719e-03,9.759100e-03,5.501906e-01,3.201815e-01,4.191441e-03,2.114800e-02,5.952756e-04
4.993904e-02,7.507233e-03,6.515929e-03,2.809761e-03,1.639479e-02,1.087455e-02,1.138495e-03,5.383040e-03,1.076264e-02,8.862591e-03,6.126742e-01,2.427743e-01,4.428540e-03,1.721811e-02,2.716755e-03
6.242555e-02,7.442867e-03,7.847166e-03,3.430180e-03,2.378230e-02,1.136996e-02,1.244229e-03,1.493044e-02,1.161750e-02,8.892875e-03,5.904329e-01,2.299028e-01,5.305004e-03,1.885689e-02,2.519180e-03
7.124273e-02,6.091313e-03,8.023732e-03,6.192742e-03,5.050235e-02,1.182855e-02,1.602613e-03,3.339984e-02,1.710993e-02,8.950381e-03,5.164416e-01,2.417045e-01,7.414002e-03,1.701037e-02,2.485258e-03
5.613069e-02,4.881558e-03,1.014051e-02,6.748901e-03,4.258947e-02,9.474279e-03,1.231966e-03,2.028183e-01,2.465773e-02,1.309443e-02,4.043706e-01,1.976995e-01,8.347469e-03,1.567670e-02,2.137858e-03
4.437215e-02,3.742590e-03,1.142752e-02,6.906743e-03,3.829685e-02,9.463549e-03,9.896330e-04,3.270594e-01,4.474305e-02,1.457488e-02,3.229738e-01,1.540743e-01,7.282377e-03,1.239484e-02,1.698268e-03
3.640398e-02,9.236521e-03,1.259712e-02,1.222414e-02,3.227957e-02,1.136387e-02,7.770054e-04,3.038733e-01,2.057528e-01,1.350531e-02,2.360020e-01,1.096157e-01,5.672095e-03,9.354524e-03,1.342086e-03
3.309353e-02,1.154358e-02,1.704251e-02,1.410852e-02,4.176921e-02,1.244170e-02,6.681667e-04,2.419395e-01,3.405443e-01,1.554349e-02,1.808087e-01,7.772542e-02,4.331681e-03,7.327481e-03,1.112216e-03
3.373748e-02,9.673711e-03,1.892213e-02,1.802341e-02,4.745781e-02,1.159716e-02,7.855056e-04,2.970171e-01,3.431056e-01,1.296456e-02,1.418747e-01,5.505296e-02,3.363856e-03,5.481561e-03,9.424688e-04
5.424398e-02,1.299841e-02,1.587990e-02,2.839487e-02,6.162111e-02,1.739996e-02,6.623585e-04,2.666326e-01,3.595849e-01,1.560271e-02,1.151854e-01,4.117592e-02,2.823112e-03,6.109395e-03,1.685408e-03
8.436905e-02,2.028221e-02,1.476491e-02,6.558182e-02,6.481996e-02,2.406394e-02,6.494436e-04,2.562380e-01,3.127548e-01,1.462297e-02,9.686372e-02,3.170378e-02,2.748533e-03,6.609856e-03,3.926925e-03
7.955372e-02,2.736724e-02,1.316679e-02,6.542440e-02,6.633843e-02,2.655729e-02,5.104169e-04,2.853678e-01,3.135605e-01,1.218405e-02,7.477801e-02,2.322538e-02,2.381464e-03,5.596438e-03,3.987997e-03
8.820096e-02,3.407251e-02,1.262357e-02,7.184903e-02,5.805342e-02,2.328671e-02,4.845799e-04,3.283875e-01,2.652972e-01,2.189642e-02,6.488709e-02,1.823945e-02,2.299234e-03,6.004651e-03,4.417625e-03
8.063063e-02,3.090168e-02,9.717210e-03,6.475182e-02,4.609239e-02,1.955875e-02,5.639818e-04,4.071950e-01,2.494253e-01,1.653736e-02,4.882423e-02,1.396712e-02,2.725152e-03,4.557798e-03,4.551446e-03
7.979396e-02,2.386917e-02,7.234534e-03,9.394792e-02,3.300149e-02,1.533180e-02,4.492232e-04,3.466302e-01,2.012244e-01,1.466193e-02,9.201819e-02,4.702554e-02,3.562211e-02,3.869726e-03,5.319743e-03
5.676791e-02,1.736224e-02,5.633688e-03,1.846857e-01,2.343248e-02,1.133529e-02,3.276276e-04,2.486828e-01,1.442168e-01,1.128607e-02,1.201147e-01,1.215714e-01,4.749373e-02,2.971258e-03,4.118427e-03
4.000030e-02,1.220688e-02,4.284638e-03,1.491214e-01,1.664789e-02,8.281973e-03,2.398926e-04,1.756828e-01,1.033665e-01,8.532207e-03,2.114197e-01,2.074860e-01,5.722759e-02,2.555853e-03,2.946315e-03
2.925065e-02,8.684213e-03,3.446775e-03,1.187492e-01,1.360222e-02,1.003497e-02,2.922243e-04,1.262978e-01,7.710152e-02,6.176388e-03,1.973211e-01,3.390258e-01,6.519203e-02,2.652925e-03,2.172241e-03
2.075415e-02,6.141421e-03,2.852718e-03,8.648248e-02,1.353164e-02,1.285705e-02,2.535113e-04,8.933736e-02,5.776652e-02,4.598391e-03,1.765924e-01,4.627507e-01,6.154823e-02,2.950279e-03,1.583147e-03
1.465843e-02,4.341279e-03,2.118410e-03,6.192389e-02,1.398969e-02,9.919455e-03,2.055005e-04,6.274516e-02,4.245928e-02,3.759068e-03,1.448632e-01,5.817502e-01,5.247141e-02,3.650698e-03,1.144401e-03
1.032044e-02,3.072968e-03,1.610101e-03,4.391671e-02,1.364385e-02,7.401918e-03,1.565307e-04,4.406436e-02,3.056930e-02,3.498673e-03,1.159741e-01,6.788112e-01,4.177584e-02,4.356356e-03,8.276555e-04
7.298505e-03,2.214723e-03,1.340794e-03,3.112933e-02,2.046675e-02,5.747078e-03,1.238115e-04,3.095069e-02,2.234404e-02,3.396027e-03,1.107792e-01,7.249951e-01,3.298912e-02,5.619796e-03,6.049513e-04
5.142495e-03,1.596991e-03,1.014892e-03,2.186411e-02,2.436281e-02,4.128461e-03,9.087624e-05,2.174100e-02,1.646696e-02,2.704647e-03,8.474507e-02,7.832236e-01,2.760879e-02,4.879411e-03,4.298489e-04
3.741416e-03,1.180982e-03,8.010084e-04,1.536765e-02,1.069990e-01,3.135791e-03,9.196025e-05,1.584395e-02,1.430689e-02,2.365192e-03,7.103176e-02,7.374874e-01,2.374260e-02,3.597195e-03,3.071660e-04
2.667668e-03,8.341252e-04,5.803267e-04,1.078457e-02,8.283504e-02,2.344531e-03,7.536229e-05,1.121238e-02,1.070176e-02,1.751622e-03,5.249408e-02,8.024758e-01,1.838531e-02,2.641303e-03,2.161412e-04
1.944618e-03,6.322008e-04,4.533989e-04,7.566872e-03,6.388167e-02,1.876406e-03,6.460229e-05,7.944570e-03,9.564678e-03,1.355491e-03,3.886186e-02,8.481072e-01,1.564350e-02,1.949462e-03,1.534273e-04
1.446081e-03,4.846926e-04,3.786310e-04,5.309326e-03,4.557697e-02,2.146262e-03,5.979501e-05,5.659147e-03,8.949753e-03,1.201736e-03,3.100597e-02,8.798728e-01,1.618617e-02,1.604617e-03,1.180418e-04
1.120912e-03,3.656941e-04,3.014176e-04,3.744475e-03,3.275538e-02,2.647390e-03,7.506072e-05,4.049067e-03,9.211091e-03,1.203048e-03,2.777970e-02,8.980348e-01,1.723232e-02,1.384281e-03,9.545271e-05
9.494523e-04,5.881636e-04,8.660894e-04,2.742860e-03,4.066502e-02,2.661809e-03,5.446983e-04,3.315797e-03,2.488386e-02,1.528656e-03,3.091335e-02,8.726043e-01,1.616660e-02,1.450758e-03,1.186773e-04
8.056887e-04,4.302809e-04,7.517072e-04,2.032448e-03,3.770763e-02,4.472979e-03,8.304145e-04,3.131844e-03,2.522595e-02,1.595650e-03,4.047346e-02,8.517213e-01,2.893429e-02,1.541627e-03,3.447548e-04
7.771287e-04,3.779715e-04,7.239769e-04,1.527711e-03,3.087423e-02,1.198008e-02,6.821512e-04,4.591621e-03,4.273176e-02,1.387080e-03,4.632593e-02,8.147600e-01,4.165303e-02,1.315847e-03,2.914683e-04
1.063022e-03,7.783181e-04,9.541200e-04,1.191106e-03,2.621534e-02,1.740077e-02,5.964617e-04,5.262120e-03,7.278057e-02,1.417568e-03,3.963114e-02,7.916330e-01,3.941680e-02,1.407753e-03,2.519767e-04
1.102969e-03,8.476301e-04,1.191530e-03,9.043785e-04,3.204207e-02,1.475495e-02,5.391664e-04,7.495504e-03,1.498692e-01,1.171291e-03,3.615498e-02,7.160178e-01,3.662709e-02,1.091142e-03,1.903238e-04
1.119454e-03,2.003360e-03,3.044408e-03,7.066079e-04,2.711614e-02,1.253938e-02,6.265898e-04,8.447356e-03,2.700817e-01,1.088306e-03,2.835418e-02,6.139228e-01,2.985998e-02,9.030278e-04,1.867517e-04
1.702007e-03,1.754098e-03,4.602109e-03,7.376544e-04,2.970701e-02,1.508625e-02,8.971198e-04,3.167737e-02,2.745501e-01,1.060857e-03,2.380925e-02,5.861046e-01,2.717518e-02,9.080940e-04,2.282906e-04
4.566025e-03,1.689683e-03,8.052262e-03,8.724284e-04,8.528037e-02,1.276424e-02,3.255162e-03,3.621732e-02,3.309098e-01,9.017615e-04,2.043250e-02,4.727784e-01,2.130094e-02,7.569677e-04,2.221670e-04
2.817755e-02,2.013962e-03,1.653519e-02,3.316801e-03,1.366280e-01,1.467181e-02,4.325892e-03,9.206276e-02,2.987629e-01,1.979029e-03,2.642182e-02,3.562861e-01,1.735335e-02,9.403673e-04,5.243834e-04
5.569956e-02,2.568156e-03,1.848870e-02,5.275894e-03,2.025620e-01,1.591473e-02,4.843651e-03,8.787143e-02,2.732291e-01,3.302700e-03,4.856163e-02,2.644017e-01,1.471726e-02,1.903873e-03,6.596284e-04
7.920298e-02,4.008388e-03,1.651702e-02,5.371290e-03,2.940823e-01,1.551755e-02,3.787033e-03,7.243512e-02,2.340267e-01,4.500915e-03,5.394308e-02,1.988833e-01,1.200085e-02,5.068810e-03,6.546522e-04
1.309482e-01,4.030111e-03,1.929096e-02,1.158298e-02,3.461798e-01,1.282164e-02,2.965096e-03,7.687102e-02,1.819465e-01,3.869982e-03,4.743101e-02,1.460904e-01,1.034946e-02,4.858373e-03,7.643764e-04
1.559120e-01,4.265282e-03,1.973160e-02,1.345274e-02,3.888146e-01,1.157904e-02,2.518994e-03,6.987690e-02,1.476370e-01,3.395442e-03,5.023630e-02,1.170515e-01,9.231118e-03,5.287124e-03,1.010309e-03
1.823832e-01,5.964986e-03,1.800099e-02,2.170980e-02,3.381149e-01,1.303895e-02,2.083933e-03,6.546443e-02,1.325525e-01,3.548554e-03,9.687854e-02,1.029455e-01,9.566015e-03,5.533845e-03,2.213869e-03
1.852562e-01,6.968661e-03,1.415720e-02,2.187467e-02,3.414457e-01,1.504974e-02,1.635025e-03,5.425376e-02,1.230208e-01,3.308715e-03,1.340121e-01,8.360022e-02,8.041590e-03,4.728096e-03,2.647448e-03
2.171817e-01,8.758130e-03,1.351654e-02,4.189187e-02,2.787857e-01,1.702486e-02,1.812867e-03,5.889789e-02,1.419019e-01,3.845700e-03,1.203757e-01,7.862698e-02,9.021917e-03,4.637212e-03,3.721085e-03
2.133302e-01,1.638659e-02,1.321574e-02,3.963232e-02,2.172330e-01,1.816158e-02,1.786506e-03,6.095947e-02,2.476638e-01,3.671090e-03,9.068420e-02,6.091658e-02,7.657801e-03,4.434239e-03,4.266945e-03
2.181749e-01,2.074970e-02,1.164267e-02,3.752125e-02,1.639758e-01,1.617844e-02,1.938586e-03,6.355976e-02,3.263324e-01,3.796252e-03,6.877800e-02,5.123275e-02,6.862653e-03,4.043845e-03,5.212969e-03
1.560408e-01,1.572834e-02,9.666611e-03,9.756227e-02,1.153577e-01,1.157759e-02,1.379524e-03,4.563790e-02,2.325199e-01,2.989017e-03,2.364058e-01,6.193520e-02,5.732813e-03,3.402787e-03,4.063809e-03
1.100545e-01,1.456329e-02,9.273550e-03,2.296906e-01,8.147962e-02,8.439968e-03,9.786194e-04,3.399232e-02,1.693890e-01,2.289854e-03,2.308188e-01,9.896431e-02,4.245246e-03,2.563891e-03,3.256435e-03
7.729002e-02,1.052331e-02,6.774634e-03,1.686743e-01,5.718699e-02,6.265996e-03,6.891958e-04,2.384592e-02,1.189002e-01,1.739640e-03,2.758360e-01,2.446613e-01,3.121886e-03,2.157448e-03,2.333210e-03
5.416257e-02,7.436950e-03,4.860781e-03,1.199547e-01,4.097089e-02,5.359885e-03,4.863880e-04,1.671475e-02,8.331225e-02,1.334064e-03,2.330540e-01,4.263760e-01,2.359794e-03,1.945353e-03,1.671605e-03
3.799072e-02,5.318996e-03,3.537542e-03,8.524094e-02,3.468974e-02,5.973484e-03,3.565549e-04,1.173279e-02,5.847889e-02,1.064900e-03,2.089798e-01,5.416675e-01,2.039660e-03,1.671198e-03,1.257341e-03
2.667764e-02,3.785630e-03,2.577983e-03,6.005745e-02,2.927006e-02,4.603305e-03,2.546767e-04,8.256015e-03,4.103879e-02,8.892448e-04,1.714847e-01,6.468915e-01,1.693632e-03,1.591141e-03,9.282625e-04
1.886901e-02,2.714602e-03,1.846160e-03,4.227814e-02,2.365392e-02,3.909269e-03,1.801386e-04,5.799002e-03,2.882073e-02,6.791536e-04,1.633710e-01,7.042858e-01,1.304767e-03,1.570600e-03,7.176923e-04
1.347483e-02,2.135800e-03,1.340679e-03,3.014706e-02,1.869819e-02,3.859115e-03,1.279864e-04,4.071519e-03,2.028234e-02,5.684482e-04,1.688123e-01,7.333296e-01,1.016470e-03,1.378254e-03,7.574138e-04
9.684831e-03,1.852478e-03,1.040004e-03,2.152883e-02,1.564081e-02,3.938141e-03,9.302850e-05,2.871002e-03,1.436119e-02,4.798068e-04,1.461059e-01,7.795523e-01,7.986638e-04,1.206832e-03,8.461473e-04
7.163783e-03,2.245097e-03,8.629216e-04,1.554049e-02,1.851816e-02,3.957814e-03,8.347512e-05,2.034526e-03,1.025035e-02,4.442597e-04,1.420123e-01,7.937112e-01,7.331237e-04,1.217999e-03,1.224442e-03
5.374139e-03,1.864876e-03,7.115147e-04,1.096268e-02,1.632809e-02,3.625531e-03,8.582373e-05,1.472007e-03,7.367106e-03,4.358528e-04,1.197710e-01,8.286135e-01,6.017522e-04,1.508527e-03,1.277599e-03
4.159356e-03,1.765332e-03,6.467692e-04,7.788633e-03,1.506042e-02,3.593519e-03,1.104077e-04,1.078454e-03,5.376544e-03,5.508452e-04,1.103410e-01,8.456683e-01,5.304583e-04,1.664205e-03,1.665630e-03
3.434659e-03,1.904801e-03,1.004476e-03,5.597736e-03,1.158812e-02,4.398530e-03,1.559320e-04,9.245283e-04,3.983493e-03,8.053738e-04,1.132358e-01,8.480384e-01,4.709141e-04,1.662688e-03,2.794450e-03
2.854974e-03,1.664820e-03,1.333110e-03,3.997762e-03,8.666028e-03,6.179083e-03,1.771462e-04,1.041599e-03,3.024395e-03,8.757598e-04,1.292682e-01,8.346798e-01,4.127947e-04,1.894259e-03,3.930233e-03
2.460612e-03,1.413940e-03,1.527911e-03,2.917182e-03,6.745025e-03,7.859793e-03,1.920703e-04,1.486513e-03,2.687949e-03,9.804448e-04,1.661279e-01,7.965561e-01,4.185168e-04,2.786898e-03,5.839086e-03
1.930436e-03,1.143130e-03,1.623394e-03,2.098117e-03,5.020658e-03,8.602427e-03,1.849058e-04,1.549134e-03,2.404531e-03,1.277093e-03,1.960194e-01,7.690008e-01,4.001145e-04,3.223613e-03,5.522262e-03
1.474312e-03,8.971536e-04,1.704772e-03,1.502269e-03,3.916379e-03,7.303108e-03,1.718784e-04,1.292838e-03,1.953725e-03,1.326957e-03,1.737866e-01,7.971101e-01,3.421807e-04,2.934034e-03,4.283722e-03
1.130877e-03,7.124085e-04,1.903589e-03,1.106216e-03,3.163107e-03,6.381188e-03,1.467176e-04,1.118257e-03,1.819348e-03,1.253074e-03,1.692922e-01,8.054479e-01,2.764052e-04,2.840684e-03,3.407982e-03
8.809188e-04,9.124838e-04,5.724440e-03,8.253990e-04,2.815907e-03,5.134966e-03,1.159634e-04,1.002633e-03,2.698810e-03,1.116170e-03,3.089726e-01,6.603026e-01,2.182300e-04,5.676312e-03,3.602600e-03
7.098052e-04,1.368531e-03,1.796966e-02,7.282918e-04,4.096442e-03,4.850677e-03,9.468205e-05,9.395802e-04,5.591839e-03,1.224572e-03,3.834369e-01,5.696725e-01,1.876332e-04,5.318597e-03,3.810277e-03
9.108899e-04,1.406132e-03,6.698164e-02,2.497823e-03,4.610115e-03,8.887311e-03,5.043448e-04,8.607553e-03,3.017425e-02,2.051876e-03,3.937543e-01,4.708446e-01,3.115283e-04,4.452056e-03,4.005520e-03
2.069153e-03,1.156572e-02,1.276285e-01,9.405560e-03,1.188050e-02,9.493940e-03,1.655378e-03,1.631743e-02,5.944508e-02,2.182173e-03,3.808509e-01,3.588545e-01,4.024736e-04,4.117649e-03,4.130983e-03
5.040539e-03,1.638434e-02,2.172682e-01,7.454342e-02,1.746551e-02,3.614355e-02,1.484657e-03,1.502234e-02,5.251618e-02,2.936420e-03,2.979555e-01,2.524403e-01,7.218072e-04,3.066189e-03,7.010962e-03
1.256197e-02,2.666540e-02,2.647485e-01,8.996803e-02,9.224176e-02,3.335564e-02,2.833536e-03,1.082903e-02,3.831914e-02,2.503090e-03,2.373658e-01,1.769026e-01,1.081710e-03,2.529653e-03,8.094228e-03
1.447330e-02,3.512134e-02,2.470319e-01,1.597243e-01,1.649299e-01,3.118689e-02,3.333166e-03,8.211318e-03,2.815497e-02,1.988022e-03,1.718493e-01,1.240053e-01,1.070969e-03,1.835337e-03,7.084034e-03
3.610500e-02,4.555099e-02,2.209412e-01,1.836946e-01,1.995417e-01,3.066689e-02,3.836015e-03,6.040030e-03,2.519287e-02,2.202119e-03,1.484652e-01,8.727618e-02,1.053884e-03,2.220339e-03,7.213067e-03
6.885985e-02,6.395262e-02,1.770655e-01,2.178005e-01,2.070226e-01,3.904586e-02,4.212721e-03,4.691650e-03,2.851646e-02,2.140825e-03,1.134632e-01,6.154409e-02,1.263135e-03,3.355301e-03,7.065670e-03
9.780784e-02,7.525583e-02,1.379033e-01,2.402114e-01,1.816481e-01,5.002237e-02,4.405578e-03,6.204824e-03,5.808066e-02,2.181071e-03,8.479430e-02,4.363956e-02,2.082379e-03,5.769989e-03,9.992791e-03
1.635559e-01,8.675440e-02,1.068240e-01,1.977246e-01,1.468158e-01,4.458246e-02,3.491685e-03,5.812701e-03,9.578244e-02,3.782111e-03,7.524025e-02,3.188091e-02,2.918005e-03,1.124873e-02,2.358604e-02
1.295119e-01,1.689719e-01,7.808217e-02,2.498575e-01,1.127754e-01,3.259949e-02,2.667164e-03,5.595364e-03,1.068216e-01,3.270328e-03,5.446725e-02,2.265466e-02,2.526059e-03,8.194263e-03,2.200489e-02
1.017604e-01,1.407973e-01,6.840585e-02,1.847656e-01,8.076402e-02,2.454935e-02,1.898894e-03,4.449427e-03,1.564777e-01,3.645107e-03,4.096048e-02,1.616000e-02,2.192052e-03,1.664663e-02,1.565272e-01
7.539756e-02,1.073683e-01,5.339566e-02,1.315509e-01,5.671453e-02,1.848136e-02,1.355395e-03,3.476432e-03,1.563441e-01,5.245698e-03,3.065855e-02,1.161706e-02,2.284826e-03,2.485198e-02,3.212576e-01
