1.000000e+00,0.000000e+00,0.000000e+00,0.000000e+00,0.000000e+00,0.000000e+00,0.000000e+00,0.000000e+00,0.000000e+00,0.000000e+00,0.000000e+00,0.000000e+00,0.000000e+00,0.000000e+00,0.000000e+00
1.000000e+00,0.000000e+00,0.000000e+00,0.000000e+00,0.000000e+00,0.000000e+00,0.000000e+00,0.000000e+00,0.000000e+00,0.000000e+00,0.000000e+00,0.000000e+00,0.000000e+00,0.000000e+00,0.000000e+00
1.000000e+00,0.000000e+00,0.000000e+00,0.000000e+00,0.000000e+00,0.000000e+00,0.000000e+00,0.000000e+00,0.000000e+00,0.000000e+00,0.000000e+00,0.000000e+00,0.000000e+00,0.000000e+00,0.000000e+00
1.000000e+00,0.000000e+00,0.000000e+00,0.000000e+00,0.000000e+00,0.000000e+00,0.000000e+00,0.000000e+00,0.000000e+00,0.000000e+00,0.000000e+00,0.000000e+00,0.000000e+00,0.000000e+00,0.000000e+00
1.000000e+00,0.000000e+00,0.000000e+00,0.000000e+00,0.000000e+00,0.000000e+00,0.000000e+00,0.000000e+00,0.000000e+00,0.000000e+00,0.000000e+00,0.000000e+00,0.000000e+00,0.000000e+00,0.000000e+00
1.000000e+00,0.000000e+00,0.000000e+00,0.000000e+00,0.000000e+00,0.000000e+00,0.000000e+00,0.000000e+00,0.000000e+00,0.000000e+00,0.000000e+00,0.000000e+00,0.000000e+00,0.000000e+00,0.000000e+00
1.000000e+00,0.000000e+00,0.000000e+00,0.000000e+00,0.000000e+00,0.000000e+00,0.000000e+00,0.000000e+00,0.000000e+00,0.000000e+00,0.000000e+00,0.000000e+00,0.000000e+00,0.000000e+00,0.000000e+00
1.000000e+00,0.000000e+00,0.000000e+00,0.000000e+00,0.000000e+00,0.000000e+00,0.000000e+00,0.000000e+00,0.000000e+00,0.000000e+00,0.000000e+00,0.000000e+00,0.000000e+00,0.000000e+00,0.000000e+00
1.000000e+00,0.000000e+00,0.000000e+00,0.000000e+00,0.000000e+00,0.000000e+00,0.000000e+00,0.000000e+00,0.000000e+00,0.000000e+00,0.000000e+00,0.000000e+00,0.000000e+00,0.000000e+00,0.000000e+00
1.000000e+00,0.000000e+00,0.000000e+00,0.000000e+00,0.000000e+00,0.000000e+00,0.000000e+00,0.000000e+00,0.000000e+00,0.000000e+00,0.000000e+00,0.000000e+00,0.000000e+00,0.000000e+00,0.000000e+00
1.000000e+00,0.000000e+00,0.000000e+00,0.000000e+00,0.000000e+00,0.000000e+00,0.000000e+00,0.000000e+00,0.000000e+00,0.000000e+00,0.000000e+00,0.000000e+00,0.000000e+00,0.000000e+00,0.000000e+00
1.000000e+00,0.000000e+00,0.000000e+00,0.000000e+00,0.000000e+00,0.000000e+00,0.000000e+00,0.000000e+00,0.000000e+00,0.000000e+00,0.000000e+00,0.000000e+00,0.000000e+00,0.000000e+00,0.000000e+00
1.000000e+00,0.000000e+00,0.000000e+00,0.000000e+00,0.000000e+00,0.000000e+00,0.000000e+00,0.000000e+00,0.000000e+00,0.000000e+00,0.000000e+00,0.000000e+00,0.000000e+00,0.000000e+00,0.000000e+00
1.000000e+00,0.000000e+00,0.000000e+00,0.000000e+00,0.000000e+00,0.000000e+00,0.000000e+00,0.000000e+00,0.000000e+00,0.000000e+00,0.000000e+00,0.000000e+00,0.000000e+00,0.000000e+00,0.000000e+00
1.000000e+00,0.000000e+00,0.000000e+00,0.000000e+00,0.000000e+00,0.000000e+00,0.000000e+00,0.000000e+00,0.000000e+00,0.000000e+00,0.000000e+00,0.000000e+00,0.000000e+00,0.000000e+00,0.000000e+00
1.000000e+00,0.000000e+00,0.000000e+00,0.000000e+00,0.000000e+00,0.000000e+00,0.000000e+00,0.000000e+00,0.000000e+00,0.000000e+00,0.000000e+00,0.000000e+00,0.000000e+00,0.000000e+00,0.000000e+00
1.000000e+00,0.000000e+00,0.000000e+00,0.000000e+00,0.000000e+00,0.000000e+00,0.000000e+00,0.000000e+00,0.000000e+00,0.000000e+00,0.000000e+00,0.000000e+00,0.000000e+00,0.000000e+00,0.000000e+00
1.000000e+00,0.000000e+00,0.000000e+00,0.000000e+00,0.000000e+00,0.000000e+00,0.000000e+00,0.000000e+00,0.000000e+00,0.000000e+00,0.000000e+00,0.000000e+00,0.000000e+00,0.000000e+00,0.000000e+00
1.000000e+00,0.000000e+00,0.000000e+00,0.000000e+00,0.000000e+00,0.000000e+00,0.000000e+00,0.000000e+00,0.000000e+00,0.000000e+00,0.000000e+00,0.000000e+00,0.000000e+00,0.000000e+00,0.000000e+00
1.000000e+00,0.000000e+00,0.000000e+00,0.000000e+00,0.000000e+00,0.000000e+00,0.000000e+00,0.000000e+00,0.000000e+00,0.000000e+00,0.000000e+00,0.000000e+00,0.000000e+00,0.000000e+00,0.000000e+00
1.000000e+00,0.000000e+00,0.000000e+00,0.000000e+00,0.000000e+00,0.000000e+00,0.000000e+00,0.000000e+00,0.000000e+00,0.000000e+00,0.000000e+00,0.000000e+00,0.000000e+00,0.000000e+00,0.000000e+00
1.000000e+00,0.000000e+00,0.000000e+00,0.000000e+00,0.000000e+00,0.000000e+00,0.000000e+00,0.000000e+00,0.000000e+00,0.000000e+00,0.000000e+00,0.000000e+00,0.000000e+00,0.000000e+00,0.000000e+00
1.000000e+00,0.000000e+00,0.000000e+00,0.000000e+00,0.000000e+00,0.000000e+00,0.000000e+00,0.000000e+00,0.000000e+00,0.000000e+00,0.000000e+00,0.000000e+00,0.000000e+00,0.000000e+00,0.000000e+00
1.000000e+00,0.000000e+00,0.000000e+00,0.000000e+00,0.000000e+00,0.000000e+00,0.000000e+00,0.000000e+00,0.000000e+00,0.000000e+00,0.000000e+00,0.000000e+00,0.000000e+00,0.000000e+00,0.000000e+00
1.000000e+00,0.000000e+00,0.000000e+00,0.000000e+00,0.000000e+00,0.000000e+00,0.000000e+00,0.000000e+00,0.000000e+00,0.000000e+00,0.000000e+00,0.000000e+00,0.000000e+00,0.000000e+00,0.000000e+00
1.000000e+00,0.000000e+00,0.000000e+00,0.000000e+00,0.000000e+00,0.000000e+00,0.000000e+00,0.000000e+00,0.000000e+00,0.000000e+00,0.000000e+00,0.000000e+00,0.000000e+00,0.000000e+00,0.000000e+00
1.000000e+00,0.000000e+00,0.000000e+00,0.000000e+00,0.000000e+00,0.000000e+00,0.000000e+00,0.000000e+00,0.000000e+00,0.000000e+00,0.000000e+00,0.000000e+00,0.000000e+00,0.000000e+00,0.000000e+00
1.000000e+00,0.000000e+00,0.000000e+00,0.000000e+00,0.000000e+00,0.000000e+00,0.000000e+00,0.000000e+00,0.000000e+00,0.000000e+00,0.000000e+00,0.000000e+00,0.000000e+00,0.000000e+00,0.000000e+00
1.000000e+00,0.000000e+00,0.000000e+00,0.000000e+00,0.000000e+00,0.000000e+00,0.000000e+00,0.000000e+00,0.000000e+00,0.000000e+00,0.000000e+00,0.000000e+00,0.000000e+00,0.000000e+00,0.000000e+00
1.000000e+00,0.000000e+00,0.000000e+00,0.000000e+00,0.000000e+00,0.000000e+00,0.000000e+00,0.000000e+00,0.000000e+00,0.000000e+00,0.000000e+00,0.000000e+00,0.000000e+00,0.000000e+00,0.000000e+00
1.000000e+00,0.000000e+00,0.000000e+00,0.000000e+00,0.000000e+00,0.000000e+00,0.000000e+00,0.000000e+00,0.000000e+00,0.000000e+00,0.000000e+00,0.000000e+00,0.000000e+00,0.000000e+00,0.000000e+00
1.000000e+00,0.000000e+00,0.000000e+00,0.000000e+00,0.000000e+00,0.000000e+00,0.000000e+00,0.000000e+00,0.000000e+00,0.000000e+00,0.000000e+00,0.000000e+00,0.000000e+00,0.000000e+00,0.000000e+00
1.000000e+00,0.000000e+00,0.000000e+00,0.000000e+00,0.000000e+00,0.000000e+00,0.000000e+00,0.000000e+00,0.000000e+00,0.000000e+00,0.000000e+00,0.000000e+00,0.000000e+00,0.000000e+00,0.000000e+00
1.000000e+00,0.000000e+00,0.000000e+00,0.000000e+00,0.000000e+00,0.000000e+00,0.000000e+00,0.000000e+00,0.000000e+00,0.000000e+00,0.000000e+00,0.000000e+00,0.000000e+00,0.000000e+00,0.000000e+00
1.000000e+00,0.000000e+00,0.000000e+00,0.000000e+00,0.000000e+00,0.000000e+00,0.000000e+00,0.000000e+00,0.000000e+00,0.000000e+00,0.000000e+00,0.000000e+00,0.000000e+00,0.000000e+00,0.000000e+00
1.000000e+00,0.000000e+00,0.000000e+00,0.000000e+00,0.000000e+00,0.000000e+00,0.000000e+00,0.000000e+00,0.000000e+00,0.000000e+00,0.000000e+00,0.000000e+00,0.000000e+00,0.000000e+00,0.000000e+00
1.000000e+00,0.000000e+00,0.000000e+00,0.000000e+00,0.000000e+00,0.000000e+00,0.000000e+00,0.000000e+00,0.000000e+00,0.000000e+00,0.000000e+00,0.000000e+00,0.000000e+00,0.000000e+00,0.000000e+00
1.000000e+00,0.000000e+00,0.000000e+00,0.000000e+00,0.000000e+00,0.000000e+00,0.000000e+00,0.000000e+00,0.000000e+00,0.000000e+00,0.000000e+00,0.000000e+00,0.000000e+00,0.000000e+00,0.000000e+00
1.000000e+00,0.000000e+00,0.000000e+00,0.000000e+00,0.000000e+00,0.000000e+00,0.000000e+00,0.000000e+00,0.000000e+00,0.000000e+00,0.000000e+00,0.000000e+00,0.000000e+00,0.000000e+00,0.000000e+00
1.000000e+00,0.000000e+00,0.000000e+00,0.000000e+00,0.000000e+00,0.000000e+00,0.000000e+00,0.000000e+00,0.000000e+00,0.000000e+00,0.000000e+00,0.000000e+00,0.000000e+00,0.000000e+00,0.000000e+00
1.000000e+00,0.000000e+00,0.000000e+00,0.000000e+00,0.000000e+00,0.000000e+00,0.000000e+00,0.000000e+00,0.000000e+00,0.000000e+00,0.000000e+00,0.000000e+00,0.000000e+00,0.000000e+00,0.000000e+00
1.000000e+00,0.000000e+00,0.000000e+00,0.000000e+00,0.000000e+00,0.000000e+00,0.000000e+00,0.000000e+00,0.000000e+00,0.000000e+00,0.000000e+00,0.000000e+00,0.000000e+00,0.000000e+00,0.000000e+00
1.000000e+00,0.000000e+00,0.000000e+00,0.000000e+00,0.000000e+00,0.000000e+00,0.000000e+00,0.000000e+00,0.000000e+00,0.000000e+00,0.000000e+00,0.000000e+00,0.000000e+00,0.000000e+00,0.000000e+00
1.000000e+00,0.000000e+00,0.000000e+00,0.000000e+00,0.000000e+00,0.000000e+00,0.000000e+00,0.000000e+00,0.000000e+00,0.000000e+00,0.000000e+00,0.000000e+00,0.000000e+00,0.000000e+00,0.000000e+00
1.000000e+00,0.000000e+00,0.000000e+00,0.000000e+00,0.000000e+00,0.000000e+00,0.000000e+00,0.000000e+00,0.000000e+00,0.000000e+00,0.000000e+00,0.000000e+00,0.000000e+00,0.000000e+00,0.000000e+00
1.000000e+00,0.000000e+00,0.000000e+00,0.000000e+00,0.000000e+00,0.000000e+00,0.000000e+00,0.000000e+00,0.000000e+00,0.000000e+00,0.000000e+00,0.000000e+00,0.000000e+00,0.000000e+00,0.000000e+00
1.000000e+00,0.000000e+00,0.000000e+00,0.000000e+00,0.000000e+00,0.000000e+00,0.000000e+00,0.000000e+00,0.000000e+00,0.000000e+00,0.000000e+00,0.000000e+00,0.000000e+00,0.000000e+00,0.000000e+00
1.000000e+00,0.000000e+00,0.000000e+00,0.000000e+00,0.000000e+00,0.000000e+00,0.000000e+00,0.000000e+00,0.000000e+00,0.000000e+00,0.000000e+00,0.000000e+00,0.000000e+00,0.000000e+00,0.000000e+00
1.000000e+00,0.000000e+00,0.000000e+00,0.000000e+00,0.000000e+00,0.000000e+00,0.000000e+00,0.000000e+00,0.000000e+00,0.000000e+00,0.000000e+00,0.000000e+00,0.000000e+00,0.000000e+00,0.000000e+00
1.000000e+00,0.000000e+00,0.000000e+00,0.000000e+00,0.000000e+00,0.000000e+00,0.000000e+00,0.000000e+00,0.000000e+00,0.000000e+00,0.000000e+00,0.000000e+00,0.000000e+00,0.000000e+00,0.000000e+00
1.000000e+00,0.000000e+00,0.000000e+00,0.000000e+00,0.000000e+00,0.000000e+00,0.000000e+00,0.000000e+00,0.000000e+00,0.000000e+00,0.000000e+00,0.000000e+00,0.000000e+00,0.000000e+00,0.000000e+00
1.000000e+00,0.000000e+00,0.000000e+00,0.000000e+00,0.000000e+00,0.000000e+00,0.000000e+00,0.000000e+00,0.000000e+00,0.000000e+00,0.000000e+00,0.000000e+00,0.000000e+00,0.000000e+00,0.000000e+00
1.000000e+00,0.000000e+00,0.000000e+00,0.000000e+00,0.000000e+00,0.000000e+00,0.000000e+00,0.000000e+00,0.000000e+00,0.000000e+00,0.000000e+00,0.000000e+00,0.000000e+00,0.000000e+00,0.000000e+00
4.044322e-01,7.259351e-03,2.929793e-02,2.922582e-02,5.021757e-03,2.035926e-02,1.084588e-02,4.252938e-01,4.799467e-03,9.717061e-04,1.063922e-02,2.184816e-02,1.615977e-02,3.210327e-03,1.063541e-02
2.863733e-01,5.175139e-03,2.249343e-02,2.092945e-02,3.630050e-03,1.721679e-02,1.041147e-02,5.842204e-01,3.403480e-03,6.946076e-04,7.587096e-03,1.571123e-02,1.186929e-02,2.504392e-03,7.779913e-03
2.015688e-01,3.651443e-03,1.642661e-02,1.481700e-02,2.697226e-03,1.289877e-02,1.188072e-02,7.011315e-01,2.386949e-03,4.903129e-04,5.336605e-03,1.103128e-02,8.417903e-03,1.788338e-03,5.476565e-03
1.417276e-01,2.586504e-03,1.198913e-02,1.051101e-02,2.121941e-03,9.975116e-03,2.249034e-02,7.736424e-01,1.676941e-03,3.498396e-04,3.769653e-03,7.758838e-03,6.246873e-03,1.288711e-03,3.865116e-03
9.944585e-02,1.826998e-03,9.317130e-03,7.530179e-03,1.840671e-03,7.157948e-03,1.967794e-02,8.355753e-01,1.177820e-03,2.587685e-04,2.671421e-03,5.454925e-03,4.419456e-03,9.253294e-04,2.720321e-03
7.030173e-02,1.293785e-03,6.906740e-03,5.413825e-03,1.860165e-03,5.160679e-03,1.594329e-02,8.806301e-01,8.276810e-04,1.909177e-04,1.893917e-03,3.842833e-03,3.160285e-03,6.583802e-04,1.915672e-03
4.941465e-02,9.198936e-04,5.191531e-03,3.841236e-03,1.956868e-03,3.686634e-03,1.516639e-02,9.109160e-01,5.837804e-04,1.460511e-04,1.348303e-03,2.713511e-03,2.290733e-03,4.694075e-04,1.355083e-03
3.487612e-02,6.509188e-04,3.843538e-03,2.733750e-03,1.952291e-03,2.656210e-03,1.332160e-02,9.335951e-01,4.117058e-04,1.236440e-04,9.579768e-04,1.922979e-03,1.663515e-03,3.331090e-04,9.576231e-04
2.499901e-02,4.633158e-04,2.850548e-03,1.974155e-03,2.356901e-03,1.928802e-03,1.108256e-02,9.497366e-01,2.922006e-04,1.022686e-04,6.877308e-04,1.377297e-03,1.233594e-03,2.367124e-04,6.783238e-04
1.851495e-02,3.566165e-04,2.312356e-03,1.556399e-03,3.324331e-03,1.456508e-03,9.430885e-03,9.591281e-01,2.421054e-04,2.163559e-04,5.273183e-04,1.069369e-03,1.109560e-03,1.872591e-04,5.678828e-04
1.564971e-02,3.603794e-04,2.266046e-03,1.501390e-03,6.891504e-03,1.278328e-03,7.809233e-03,9.596812e-01,3.743233e-04,5.127615e-04,4.925968e-04,8.603644e-04,1.288574e-03,1.811167e-04,8.526018e-04
1.681082e-02,6.781401e-04,3.133011e-03,2.036037e-03,1.390064e-02,1.534326e-03,6.382282e-03,9.430925e-01,2.517453e-03,1.885529e-03,6.847481e-04,8.180219e-04,2.086109e-03,2.069877e-04,4.233424e-03
2.070347e-02,8.617128e-04,3.781572e-03,2.073108e-03,1.414515e-02,2.042106e-03,5.771783e-03,9.313406e-01,2.651920e-03,3.576322e-03,7.992289e-04,9.030087e-04,2.507775e-03,1.837835e-04,8.658533e-03
2.547745e-02,3.154464e-03,5.685317e-03,2.422285e-03,1.302817e-02,2.831464e-03,4.488401e-03,7.919248e-01,2.942270e-02,5.797391e-02,3.052519e-03,2.399385e-03,1.038198e-02,1.533468e-03,4.622373e-02
1.907448e-02,3.663449e-03,6.229279e-03,2.022933e-02,9.633790e-03,2.570162e-03,3.206438e-03,5.602853e-01,1.750997e-01,7.497363e-02,6.840073e-03,3.400696e-03,4.664854e-02,1.818338e-03,6.632680e-02
1.619495e-02,4.376695e-03,6.156907e-03,2.699251e-02,1.098667e-02,3.447356e-03,2.535697e-03,4.023016e-01,2.048545e-01,8.312885e-02,1.097812e-02,3.798453e-03,1.214586e-01,2.001471e-03,1.007877e-01
1.312646e-02,3.604500e-03,5.625708e-03,2.214707e-02,1.739801e-02,4.417514e-03,2.363397e-03,2.831807e-01,1.569385e-01,6.580042e-02,1.164334e-02,4.533403e-03,2.838339e-01,2.342815e-03,1.230443e-01
9.373509e-03,2.597790e-03,4.125824e-03,1.610939e-02,1.279838e-02,5.945828e-03,1.733215e-03,1.982760e-01,1.120067e-01,4.819284e-02,1.115582e-02,1.028621e-02,4.661108e-01,1.847130e-03,9.944069e-02
6.713416e-03,1.903584e-03,3.015536e-03,1.152331e-02,9.181529e-03,7.042688e-03,1.403526e-03,1.388148e-01,8.045451e-02,3.476354e-02,9.626034e-03,3.740115e-02,5.820912e-01,1.930439e-03,7.413482e-02
4.771335e-03,1.399440e-03,2.244413e-03,8.142615e-03,6.729308e-03,5.416573e-03,1.167305e-03,9.717819e-02,5.725952e-02,2.531112e-02,7.549635e-03,4.162355e-02,6.832336e-01,1.539564e-03,5.643380e-02
3.567128e-03,1.072446e-03,1.661695e-03,5.746705e-03,5.132639e-03,4.069177e-03,1.029079e-03,6.804793e-02,4.159850e-02,1.853320e-02,6.742759e-03,4.782377e-02,7.504404e-01,1.388425e-03,4.314618e-02
5.726899e-03,9.085856e-04,1.313964e-03,4.332639e-03,5.151624e-03,9.538758e-03,2.546527e-03,4.773332e-02,3.325062e-02,1.592655e-02,6.142913e-03,1.290656e-01,7.052355e-01,1.620908e-03,3.150557e-02
4.144821e-03,6.775609e-04,9.827761e-04,3.124225e-03,4.381264e-03,9.286986e-03,2.103680e-03,3.345374e-02,2.505158e-02,1.414133e-02,5.375993e-03,3.490905e-01,5.246309e-01,1.416353e-03,2.213829e-02
3.012425e-03,5.087571e-04,7.773371e-04,2.243903e-03,4.016682e-03,9.310447e-03,1.789402e-03,2.346849e-02,1.860477e-02,1.316910e-02,4.704655e-03,5.237364e-01,3.779691e-01,1.165135e-03,1.552343e-02
2.175674e-03,3.637018e-04,5.734693e-04,1.601796e-03,5.040294e-03,9.379214e-03,1.363649e-03,1.647791e-02,1.363104e-02,9.867219e-03,4.048144e-03,6.542461e-01,2.694846e-01,8.685493e-04,1.087868e-02
1.559398e-03,2.696351e-04,4.442187e-04,1.155420e-03,9.509536e-03,8.826245e-03,1.139270e-03,1.159254e-02,1.007027e-02,7.485926e-03,3.484491e-03,7.423434e-01,1.938220e-01,6.694926e-04,7.628076e-03
1.115615e-03,1.933828e-04,3.223385e-04,8.242584e-04,1.211297e-02,6.739848e-03,8.757922e-04,8.141539e-03,7.924651e-03,5.432798e-03,3.029739e-03,8.076717e-01,1.397215e-01,5.335703e-04,5.360320e-03
8.061185e-04,1.400187e-04,2.434791e-04,5.922329e-04,9.456275e-03,6.209757e-03,6.762599e-04,5.735925e-03,5.965018e-03,4.281656e-03,3.032190e-03,8.552316e-01,1.034330e-01,4.328451e-04,3.763588e-03
6.327076e-04,1.151268e-04,2.219927e-04,4.349191e-04,8.747985e-03,6.139593e-03,7.413470e-04,4.149550e-03,5.654574e-03,3.330092e-03,3.282791e-03,8.855416e-01,7.798193e-02,3.773439e-04,2.648561e-03
7.809071e-04,1.280308e-03,1.964042e-03,3.364712e-04,1.439517e-02,6.150373e-03,1.109163e-03,3.446957e-03,2.336304e-02,5.000289e-03,5.212600e-03,8.722072e-01,6.246883e-02,4.178277e-04,1.866845e-03
1.039916e-03,4.597353e-02,5.561868e-02,2.783924e-04,1.654905e-02,5.271780e-03,1.345431e-03,2.933038e-03,9.011651e-02,6.203058e-03,9.454531e-03,7.136065e-01,4.977036e-02,4.548187e-04,1.384436e-03
1.429074e-03,4.134033e-02,1.746434e-01,3.137192e-04,2.318285e-02,8.140403e-03,1.743576e-03,5.418758e-03,1.437803e-01,9.523174e-03,8.665969e-03,5.437726e-01,3.641235e-02,5.588394e-04,1.074689e-03
1.685385e-03,4.278320e-02,2.386932e-01,3.933014e-04,2.207627e-02,4.643903e-02,1.515248e-03,4.908117e-03,1.934254e-01,7.605918e-03,6.903413e-03,4.051894e-01,2.666418e-02,6.546744e-04,1.063273e-03
1.899229e-03,6.761317e-02,2.000085e-01,5.821216e-04,1.813593e-02,3.618788e-02,1.093215e-03,3.620385e-03,3.466395e-01,7.041921e-03,5.405667e-03,2.881635e-01,1.960355e-02,5.197671e-04,3.485644e-03
3.331461e-03,7.865501e-02,1.528953e-01,3.952006e-03,3.291376e-02,2.768337e-02,9.901343e-04,2.719500e-03,4.624793e-01,7.779223e-03,3.933285e-03,2.018964e-01,1.428508e-02,4.037229e-04,6.082422e-03
6.042533e-03,8.375900e-02,1.678987e-01,1.631305e-02,4.208558e-02,2.127462e-02,9.503195e-04,2.725785e-03,4.786143e-01,1.130994e-02,2.880279e-03,1.414475e-01,1.055962e-02,3.030768e-04,1.383577e-02
8.897021e-03,1.000477e-01,1.263527e-01,1.510398e-02,6.475189e-02,2.027351e-02,1.265789e-03,2.331647e-03,5.217601e-01,9.781295e-03,2.627254e-03,9.990890e-02,8.621330e-03,2.667569e-04,1.801014e-02
9.509563e-03,7.788955e-02,1.100288e-01,1.903789e-01,6.373373e-02,1.491775e-02,1.222700e-03,5.925757e-03,4.023385e-01,1.010614e-02,3.331752e-03,7.036465e-02,7.080107e-03,2.273355e-04,3.294471e-02
2.436360e-02,7.094999e-02,8.017024e-02,1.460195e-01,1.205997e-01,2.276002e-02,1.914090e-03,1.245094e-02,4.219384e-01,7.925278e-03,2.853394e-03,4.954796e-02,5.390511e-03,2.199622e-04,3.289635e-02
2.925402e-02,6.036416e-02,6.220831e-02,2.382462e-01,1.557555e-01,1.923489e-02,1.638449e-03,3.637102e-02,3.202029e-01,6.304466e-03,3.814004e-03,3.505681e-02,4.170741e-03,2.051940e-04,2.717331e-02
4.173440e-02,1.532161e-01,5.505165e-02,1.796484e-01,1.448673e-01,2.830058e-02,1.517363e-03,5.316799e-02,2.815698e-01,4.765068e-03,3.418099e-03,2.493624e-02,3.385708e-03,2.495041e-04,2.417186e-02
7.191551e-02,1.288788e-01,6.023422e-02,1.933289e-01,1.612040e-01,2.496930e-02,1.486439e-03,7.778279e-02,2.282150e-01,4.097009e-03,3.465964e-03,1.838281e-02,2.921333e-03,3.014520e-04,2.281645e-02
1.058950e-01,1.257422e-01,5.874119e-02,1.630881e-01,1.552892e-01,3.522335e-02,1.504273e-03,6.068007e-02,2.495623e-01,3.317724e-03,3.486422e-03,1.390582e-02,2.874758e-03,6.477892e-04,2.004172e-02
1.114634e-01,1.207041e-01,4.672383e-02,2.058419e-01,1.687414e-01,2.607879e-02,1.663769e-03,6.101399e-02,2.193304e-01,2.426531e-03,3.976302e-03,1.180857e-02,3.347074e-03,6.151054e-04,1.626476e-02
1.248761e-01,1.063448e-01,3.902679e-02,1.726446e-01,1.985886e-01,2.675086e-02,9.694579e-03,8.131421e-02,2.044882e-01,2.174745e-03,7.201280e-03,9.790860e-03,3.615828e-03,6.692116e-04,1.281915e-02
1.287036e-01,1.078255e-01,3.249294e-02,1.359026e-01,2.339655e-01,2.638497e-02,5.312118e-02,9.939303e-02,1.530737e-01,1.768148e-03,7.155103e-03,6.984490e-03,3.266608e-03,5.071895e-04,9.455478e-03
1.084323e-01,7.758424e-02,2.343376e-02,9.543407e-02,1.875107e-01,2.238438e-02,1.903584e-01,1.597549e-01,1.128206e-01,1.454005e-03,5.714574e-03,4.989036e-03,2.968526e-03,3.942447e-04,6.766274e-03
1.253337e-01,5.756611e-02,1.806357e-02,6.723908e-02,1.532643e-01,3.421631e-02,2.747569e-01,1.608827e-01,8.805529e-02,1.366132e-03,4.798888e-03,4.105378e-03,4.709510e-03,3.890544e-04,5.252976e-03
1.541809e-01,4.278396e-02,1.499504e-02,4.751515e-02,1.421430e-01,3.230971e-02,2.688718e-01,1.990165e-01,7.407903e-02,1.799863e-03,5.330668e-03,3.756667e-03,8.126041e-03,3.617320e-04,4.729896e-03
1.229212e-01,3.017359e-02,1.150780e-02,3.347886e-02,1.065790e-01,2.378053e-02,2.570930e-01,3.421946e-01,5.327548e-02,1.604607e-03,4.137640e-03,2.969017e-03,6.279544e-03,2.951387e-04,3.709994e-03
1.281912e-01,2.124370e-02,1.320011e-02,2.449422e-02,7.902773e-02,1.883955e-02,2.012956e-01,4.575666e-01,3.969932e-02,1.405386e-03,3.157557e-03,2.464849e-03,6.338685e-03,2.346271e-04,2.840947e-03
1.245379e-01,1.511462e-02,1.236178e-02,1.849638e-02,6.325914e-02,1.942402e-02,1.677600e-01,5.347840e-01,2.971191e-02,1.268496e-03,2.739379e-03,2.478912e-03,5.366047e-03,2.541257e-04,2.443234e-03
1.234797e-01,1.214243e-02,4.022592e-02,1.723797e-02,5.376848e-02,3.833145e-02,1.296850e-01,5.181280e-01,2.750918e-02,1.076574e-02,1.250555e-02,4.118799e-03,7.149902e-03,7.064479e-04,4.245337e-03
1.329980e-01,9.813569e-03,3.906018e-02,1.873101e-02,5.112872e-02,5.161382e-02,1.056964e-01,4.731850e-01,3.270143e-02,1.496235e-02,1.924252e-02,1.619677e-02,2.597930e-02,1.228623e-03,7.462202e-03
1.319899e-01,1.044205e-02,3.367870e-02,1.729543e-02,5.963857e-02,5.092555e-02,9.065922e-02,4.517988e-01,3.478583e-02,1.497544e-02,1.689129e-02,3.333184e-02,4.241918e-02,2.048729e-03,9.119505e-03
1.484542e-01,9.247005e-03,3.360824e-02,2.089109e-02,8.920541e-02,4.188257e-02,7.914414e-02,3.998643e-01,2.869504e-02,1.257565e-02,2.532438e-02,3.119358e-02,6.693725e-02,3.722739e-03,9.254482e-03
1.614076e-01,8.592134e-03,2.894127e-02,1.673935e-02,7.459416e-02,3.154344e-02,5.898155e-02,3.628595e-01,2.242711e-02,9.587872e-03,2.344827e-02,3.189831e-02,1.566140e-01,3.619784e-03,8.745722e-03
2.256826e-01,8.782120e-03,3.168267e-02,1.513123e-02,6.108996e-02,2.641517e-02,4.285182e-02,2.753245e-01,2.659249e-02,1.016302e-02,3.448919e-02,4.577812e-02,1.823119e-01,5.854371e-03,7.850893e-03
2.746367e-01,7.370691e-03,2.896079e-02,1.163273e-02,4.535493e-02,4.771218e-02,3.303749e-02,2.048793e-01,2.263166e-02,8.202587e-03,3.967568e-02,5.808045e-02,2.007530e-01,7.729353e-03,9.342354e-03
2.969334e-01,1.691913e-02,3.299059e-02,9.099755e-03,5.303342e-02,4.274690e-02,2.570212e-02,1.475217e-01,2.898315e-02,7.703036e-03,3.215132e-02,4.691125e-02,2.395514e-01,7.665738e-03,1.208717e-02
2.597204e-01,1.822093e-02,2.784664e-02,7.321415e-03,5.461193e-02,4.369132e-02,2.096638e-02,1.111833e-01,3.160528e-02,8.584036e-03,2.744567e-02,4.798643e-02,3.195198e-01,6.985987e-03,1.431052e-02
2.140406e-01,1.576070e-02,2.312805e-02,7.018249e-03,7.879286e-02,4.140006e-02,1.635952e-02,8.761075e-02,8.941720e-02,1.050351e-02,2.759904e-02,5.591957e-02,3.159741e-01,5.410749e-03,1.106504e-02
1.963912e-01,1.861159e-02,1.908728e-02,7.348584e-03,6.971215e-02,3.932069e-02,1.206117e-02,6.409319e-02,1.992984e-01,2.030496e-02,2.337467e-02,5.020666e-02,2.652454e-01,5.433003e-03,9.511087e-03
1.711501e-01,2.311713e-02,1.555594e-02,7.158563e-03,6.657747e-02,3.750692e-02,9.178315e-03,4.883537e-02,3.155853e-01,1.987468e-02,1.982341e-02,4.079204e-02,2.081649e-01,4.676300e-03,1.200365e-02
1.286054e-01,2.328525e-02,1.863887e-02,1.202564e-02,5.239969e-02,3.982181e-02,6.905374e-03,3.632836e-02,3.626398e-01,2.486350e-02,2.233599e-02,5.952288e-02,1.670947e-01,6.337593e-03,3.919526e-02
9.492511e-02,2.531609e-02,1.486501e-02,1.144546e-02,5.123592e-02,4.521235e-02,5.794737e-03,3.001122e-02,4.100249e-01,2.175258e-02,3.555967e-02,6.069916e-02,1.577054e-01,5.413125e-03,3.003923e-02
7.150990e-02,2.186399e-02,1.103544e-02,8.805399e-03,4.472301e-02,3.388219e-02,5.030923e-03,2.734475e-02,5.065424e-01,1.590600e-02,4.538871e-02,4.821483e-02,1.337257e-01,3.966559e-03,2.206018e-02
6.726953e-02,4.340093e-02,1.384390e-02,1.068604e-02,3.966752e-02,3.096987e-02,4.271099e-03,4.050662e-02,5.355254e-01,1.252676e-02,3.888405e-02,3.726855e-02,1.038322e-01,3.373530e-03,1.797404e-02
7.463615e-02,3.736489e-02,1.243449e-01,5.703906e-02,4.921858e-02,2.303886e-02,3.447426e-03,4.608780e-02,4.135539e-01,1.293758e-02,3.324459e-02,2.813893e-02,7.980342e-02,2.699211e-03,1.444479e-02
1.167486e-01,3.388573e-02,1.004185e-01,5.893134e-02,5.734722e-02,2.225845e-02,3.471755e-03,4.218850e-02,3.703459e-01,1.247692e-02,4.106271e-02,3.095030e-02,8.930101e-02,2.949019e-03,1.766414e-02
1.362730e-01,3.281733e-02,8.885760e-02,5.059945e-02,9.083015e-02,1.884589e-02,3.589402e-03,3.552872e-02,3.197327e-01,1.079276e-02,4.936829e-02,3.932235e-02,1.020409e-01,3.540322e-03,1.786116e-02
1.698312e-01,2.707842e-02,6.669329e-02,4.530360e-02,9.146352e-02,1.648027e-02,3.691262e-03,3.506880e-02,2.969565e-01,8.508808e-03,4.778749e-02,3.673383e-02,1.340910e-01,3.437295e-03,1.687474e-02
1.504095e-01,2.205474e-02,4.806752e-02,3.514008e-02,7.493683e-02,1.350940e-02,3.786191e-03,4.609895e-02,3.376174e-01,6.467940e-03,4.393619e-02,3.414211e-02,1.636109e-01,3.520487e-03,1.670183e-02
1.535886e-01,1.771452e-02,3.822066e-02,4.533092e-02,6.852990e-02,1.236269e-02,3.529337e-03,1.081917e-01,2.978079e-01,5.226004e-03,4.685436e-02,3.099988e-02,1.508651e-01,3.766675e-03,1.701182e-02
1.169136e-01,1.603013e-02,3.028001e-02,1.300918e-01,6.782383e-02,1.097455e-02,2.688525e-03,7.638073e-02,3.014184e-01,4.165182e-03,5.295288e-02,3.852403e-02,1.297485e-01,4.719026e-03,1.728891e-02
8.280453e-02,1.329109e-02,2.907951e-02,2.472522e-01,6.867003e-02,8.220293e-03,1.943447e-03,5.359694e-02,2.482862e-01,3.116306e-03,6.134870e-02,6.850494e-02,9.770754e-02,3.496415e-03,1.268194e-02
5.804579e-02,9.353501e-03,2.098825e-02,2.224229e-01,4.839961e-02,6.099190e-03,1.383521e-03,3.754963e-02,1.777363e-01,3.462022e-03,9.086181e-02,2.315682e-01,8.044241e-02,2.736553e-03,8.950358e-03
4.076529e-02,6.651808e-03,1.631832e-02,1.785615e-01,3.820798e-02,5.235410e-03,1.007919e-03,2.645403e-02,1.281975e-01,3.178773e-03,1.194083e-01,3.508863e-01,7.619791e-02,2.567697e-03,6.361270e-03
2.905171e-02,4.732845e-03,1.196761e-02,1.308066e-01,4.009483e-02,6.389471e-03,7.917503e-04,1.871238e-02,1.133887e-01,6.436196e-03,1.044355e-01,4.612219e-01,6.532910e-02,2.053613e-03,4.587780e-03
2.102658e-02,3.391806e-03,8.439586e-03,9.254564e-02,3.259427e-02,1.021528e-02,6.022380e-04,1.323928e-02,8.278517e-02,6.046380e-03,7.659012e-02,5.973358e-01,5.023173e-02,1.649454e-03,3.306642e-03
1.507139e-02,2.446110e-03,5.963910e-03,6.544952e-02,2.758096e-02,1.580282e-02,4.662363e-04,9.365106e-03,6.072228e-02,5.288784e-03,5.699607e-02,6.917907e-01,3.934336e-02,1.352868e-03,2.359937e-03
1.062975e-02,1.736431e-03,4.307213e-03,4.603840e-02,2.045504e-02,2.088763e-02,3.742777e-04,6.643643e-03,4.335538e-02,4.251448e-03,4.202907e-02,7.654124e-01,3.111855e-02,1.076946e-03,1.683861e-03
7.529372e-03,1.309944e-03,3.312723e-03,3.241470e-02,1.629799e-02,2.029239e-02,3.576590e-04,4.822622e-03,3.509816e-02,3.932192e-03,3.171529e-02,8.144218e-01,2.636785e-02,9.257803e-04,1.201490e-03
5.397520e-03,1.002036e-03,2.494207e-03,2.278771e-02,1.257612e-02,1.975105e-02,2.928817e-04,3.477638e-03,2.722998e-02,3.612090e-03,2.615446e-02,8.523989e-01,2.098742e-02,9.670738e-04,8.710048e-04
4.026742e-03,9.474285e-04,2.829809e-03,1.610968e-02,1.459515e-02,2.392517e-02,3.801989e-04,2.793094e-03,4.925542e-02,3.949051e-03,2.297714e-02,8.384962e-01,1.790878e-02,1.173349e-03,6.328408e-04
3.031949e-03,8.315335e-04,2.240255e-03,1.132215e-02,2.523546e-02,3.487954e-02,5.632256e-04,2.214821e-03,1.156012e-01,3.582758e-03,1.907282e-02,7.640694e-01,1.579075e-02,1.097425e-03,4.667174e-04
2.472206e-03,6.871615e-04,1.763576e-03,7.957868e-03,4.934739e-02,2.996333e-02,5.835762e-04,2.499054e-03,1.385454e-01,3.305785e-03,1.719543e-02,7.296935e-01,1.465021e-02,9.874761e-04,3.479601e-04
1.872016e-03,6.125832e-04,1.425505e-03,5.592895e-03,4.725115e-02,2.304757e-02,4.565213e-04,2.477908e-03,1.115758e-01,2.539482e-03,1.423024e-02,7.752098e-01,1.252245e-02,9.357805e-04,2.502197e-04
1.550952e-03,6.306206e-04,1.258430e-03,3.984192e-03,4.028255e-02,1.881960e-02,3.761755e-04,2.319284e-03,1.005984e-01,2.108753e-03,1.221626e-02,8.021993e-01,1.233159e-02,1.130784e-03,1.931199e-04
1.633129e-03,9.178949e-04,1.000240e-03,2.862360e-03,4.456899e-02,2.336166e-02,3.794843e-04,2.282480e-03,1.186459e-01,1.826496e-03,1.370288e-02,7.688806e-01,1.861898e-02,1.147245e-03,1.717065e-04
1.619053e-03,7.513425e-04,7.370538e-04,2.060473e-03,4.202783e-02,1.914900e-02,3.255129e-04,2.280857e-03,9.449115e-02,1.567158e-03,1.262924e-02,8.030986e-01,1.818895e-02,9.300335e-04,1.437704e-04
3.466651e-03,5.549057e-04,5.343071e-04,1.466734e-03,3.262002e-02,1.362777e-02,2.525701e-04,1.852484e-03,6.737302e-02,1.224965e-03,9.561050e-03,8.499975e-01,1.656260e-02,7.961367e-04,1.093339e-04
1.466146e-02,4.906079e-04,4.083423e-04,1.165489e-03,2.891538e-02,9.979315e-03,2.194107e-04,1.644348e-03,4.961773e-02,1.172536e-03,9.098909e-03,8.470670e-01,3.461484e-02,8.428838e-04,1.017418e-04
2.641104e-02,5.476857e-04,3.304990e-04,9.725507e-04,2.485155e-02,8.489502e-03,2.284318e-04,1.394197e-03,3.829060e-02,1.220168e-03,9.808241e-03,8.128623e-01,7.368474e-02,8.038891e-04,1.046806e-04
2.975000e-02,5.226867e-04,2.784788e-04,7.913017e-04,2.006481e-02,8.246473e-03,4.262988e-04,1.473385e-03,3.212953e-02,1.000734e-03,9.015508e-03,6.699172e-01,2.256298e-01,6.362484e-04,1.175786e-04
3.528833e-02,4.809658e-04,5.339911e-04,7.572884e-04,1.708614e-02,1.215967e-02,2.067974e-03,7.007701e-03,2.525405e-02,8.972344e-04,8.056920e-03,6.792940e-01,2.104385e-01,5.455047e-04,1.317537e-04
4.933166e-02,4.404836e-04,7.003895e-03,6.705418e-03,1.852888e-02,2.814322e-02,3.226402e-03,7.202598e-02,1.864165e-02,8.379934e-04,6.694571e-03,6.243944e-01,1.633154e-01,5.413052e-04,1.688182e-04
6.967872e-02,7.709238e-04,8.104458e-03,2.606018e-02,1.115863e-01,5.464896e-02,4.183389e-03,6.990732e-02,3.568250e-02,8.827361e-04,7.250393e-03,4.701301e-01,1.400979e-01,4.461297e-04,5.701011e-04
9.259911e-02,1.447707e-03,8.005558e-03,4.584777e-02,1.558053e-01,7.785854e-02,5.156036e-03,5.185759e-02,8.883788e-02,8.313254e-04,7.462143e-03,3.486050e-01,1.145883e-01,4.257763e-04,6.720624e-04
9.473435e-02,1.529409e-03,1.521370e-02,8.174969e-02,1.554362e-01,1.391279e-01,5.508215e-03,4.061942e-02,7.423328e-02,7.886199e-04,9.208204e-03,2.965367e-01,8.406617e-02,3.868536e-04,8.613036e-04
9.058880e-02,1.613792e-03,1.966976e-02,1.108160e-01,1.472505e-01,2.138069e-01,5.261912e-03,3.132268e-02,6.366013e-02,6.999029e-04,1.251029e-02,2.409607e-01,6.068147e-02,3.901397e-04,7.670792e-04
9.101443e-02,5.688473e-03,2.036804e-02,2.051227e-01,1.612864e-01,1.766144e-01,8.987607e-03,3.712256e-02,5.648364e-02,9.005530e-04,1.296150e-02,1.759958e-01,4.550789e-02,7.661193e-04,1.179981e-03
1.037099e-01,7.577551e-03,2.311493e-02,2.933928e-01,1.318015e-01,1.617231e-01,8.315668e-03,2.790369e-02,4.366893e-02,8.516185e-04,1.270546e-02,1.381595e-01,4.487194e-02,9.631449e-04,1.240376e-03
1.405926e-01,8.990784e-03,2.183045e-02,3.313026e-01,1.172524e-01,1.418803e-01,8.451917e-03,2.181105e-02,3.274687e-02,8.539140e-04,1.309814e-02,1.109055e-01,4.738564e-02,1.415040e-03,1.482821e-03
1.583152e-01,7.212273e-03,2.639699e-02,3.942939e-01,9.716025e-02,1.041585e-01,6.947055e-03,3.578860e-02,2.406247e-02,7.992012e-04,1.080003e-02,8.041577e-02,5.067119e-02,1.375479e-03,1.603206e-03
1.368008e-01,5.675687e-03,2.978336e-02,3.629954e-01,8.024754e-02,7.497437e-02,5.285423e-03,1.771979e-01,1.793821e-02,8.330621e-04,9.014887e-03,5.749259e-02,3.907443e-02,1.132193e-03,1.554204e-03
9.941006e-02,4.059777e-03,2.190785e-02,2.585247e-01,5.925972e-02,5.274607e-02,3.745607e-03,4.103635e-01,1.286330e-02,6.068127e-04,6.689706e-03,4.035559e-02,2.750500e-02,8.149808e-04,1.147368e-03
7.379492e-02,2.915810e-03,1.571396e-02,1.818277e-01,4.460609e-02,3.707726e-02,2.672269e-03,5.780986e-01,9.043064e-03,4.306757e-04,4.805578e-03,2.828950e-02,1.931470e-02,5.809867e-04,8.289191e-04
7.452117e-02,2.553674e-03,1.217654e-02,1.291838e-01,3.387322e-02,2.738506e-02,1.976901e-03,6.665561e-01,6.768758e-03,7.527006e-04,5.658944e-03,2.160372e-02,1.502989e-02,8.015884e-04,1.157905e-03
9.464663e-02,2.134405e-03,8.791573e-03,9.367497e-02,2.427985e-02,2.112553e-02,1.598365e-03,5.396476e-01,6.011071e-03,1.744107e-03,2.026257e-02,1.160662e-01,6.577047e-02,3.026095e-03,1.220474e-03
8.162751e-02,1.634582e-03,6.317064e-03,6.834012e-02,1.734940e-02,1.604582e-02,1.223255e-03,4.053407e-01,5.289771e-03,1.692776e-03,2.430810e-02,1.848543e-01,1.817666e-01,3.187674e-03,1.022316e-03
7.231590e-02,1.286584e-03,4.961180e-03,4.879272e-02,1.270479e-02,1.295574e-02,1.144511e-03,2.992010e-01,5.543004e-03,1.720820e-03,2.877552e-02,3.162631e-01,1.889623e-01,4.559280e-03,8.134932e-04
5.800456e-02,9.972757e-04,4.072550e-03,3.443941e-02,1.042291e-02,1.113807e-02,1.101155e-03,2.133116e-01,6.232447e-03,1.328133e-03,2.297738e-02,4.847658e-01,1.470106e-01,3.607478e-03,5.906588e-04
4.343730e-02,7.333359e-04,2.930411e-03,2.421098e-02,8.477401e-03,8.788435e-03,8.001871e-04,1.498395e-01,6.211814e-03,1.049480e-03,1.948527e-02,6.165130e-01,1.143677e-01,2.731378e-03,4.238398e-04
3.049570e-02,5.176287e-04,2.066812e-03,1.695361e-02,6.430291e-03,6.206402e-03,5.634722e-04,1.049851e-01,4.661181e-03,7.833331e-04,1.476436e-02,7.214408e-01,8.788805e-02,1.944176e-03,2.990899e-04
2.211099e-02,8.855457e-04,1.704500e-03,1.192691e-02,5.451764e-03,4.435766e-03,4.058062e-04,7.368335e-02,4.126010e-03,1.187537e-03,1.168174e-02,7.835857e-01,7.677604e-02,1.816991e-03,2.213609e-04
1.591851e-02,2.058493e-03,1.880791e-03,8.389276e-03,4.803814e-03,3.463988e-03,2.978534e-04,5.243191e-02,7.311196e-03,6.994176e-03,2.144232e-02,8.071703e-01,6.364714e-02,3.993645e-03,1.966063e-04
1.176276e-02,1.869702e-03,1.457958e-03,6.021271e-03,3.811710e-03,3.563812e-03,2.285229e-04,3.703047e-02,7.855123e-03,9.727452e-03,1.206586e-01,7.387677e-01,4.851904e-02,8.519305e-03,2.065502e-04
8.978334e-03,1.441481e-03,1.080197e-03,4.392301e-03,3.017612e-03,3.314151e-03,1.757966e-04,2.615768e-02,7.531227e-03,8.819038e-03,1.521576e-01,7.373522e-01,3.545596e-02,9.904129e-03,2.222547e-04
7.112682e-03,1.245033e-03,8.849352e-04,3.160759e-03,2.623515e-03,2.619551e-03,1.377353e-04,1.852299e-02,6.215272e-03,7.347214e-03,1.832884e-01,7.298775e-01,2.548872e-02,1.123319e-02,2.425123e-04
6.864381e-03,1.174039e-03,7.306762e-04,2.345770e-03,2.167598e-03,2.062041e-03,1.187927e-04,1.316575e-02,6.797078e-03,6.791357e-03,2.556381e-01,6.705358e-01,1.833556e-02,1.297557e-02,2.974156e-04
1.089012e-02,1.098662e-03,7.498577e-04,1.776090e-03,1.650585e-03,2.099928e-03,1.060711e-04,9.402908e-03,6.192396e-03,5.085087e-03,3.490943e-01,5.860559e-01,1.302990e-02,1.219668e-02,5.715104e-04
8.769665e-03,1.228001e-03,6.816338e-04,1.312072e-03,1.383686e-03,1.692420e-03,8.376293e-05,6.640228e-03,6.671260e-03,3.970662e-03,4.419476e-01,5.044243e-01,9.275560e-03,1.131312e-02,6.060278e-04
7.665997e-03,3.029306e-03,9.859502e-04,1.094961e-03,1.525715e-03,1.521784e-03,7.435721e-05,4.741113e-03,9.666245e-03,4.038174e-03,5.129519e-01,4.326519e-01,6.685707e-03,1.241434e-02,9.525315e-04
6.115210e-03,2.506601e-03,1.111202e-03,1.087438e-03,1.786068e-03,2.065734e-03,7.966172e-05,3.367078e-03,1.206951e-02,8.420119e-03,4.817870e-01,4.602689e-01,4.935068e-03,1.296041e-02,1.439968e-03
4.647634e-03,3.441622e-03,1.722695e-03,1.246805e-03,4.772484e-03,2.979380e-03,1.564836e-04,2.491903e-03,7.186221e-02,1.007815e-02,4.323162e-01,4.461268e-01,4.308865e-03,1.087055e-02,2.978178e-03
4.143224e-03,3.545030e-03,2.091821e-03,1.433863e-03,4.113797e-02,4.710341e-03,3.796648e-03,3.691845e-03,1.814650e-01,1.229323e-02,3.535115e-01,3.703046e-01,3.632977e-03,1.013550e-02,4.106554e-03
4.007440e-03,3.194031e-03,2.524544e-03,4.123130e-03,5.106763e-02,1.065051e-02,5.140920e-03,5.803470e-03,1.684571e-01,2.547022e-02,3.606279e-01,3.321977e-01,6.739279e-03,1.102739e-02,8.968711e-03
4.067270e-03,3.828493e-03,2.579436e-03,3.688412e-03,4.684794e-02,9.734035e-03,5.255850e-03,7.891006e-03,2.743191e-01,2.448488e-02,3.075492e-01,2.808180e-01,8.966601e-03,1.152529e-02,8.444453e-03
3.141666e-03,7.574033e-03,1.917809e-03,2.638624e-03,3.561559e-02,7.151673e-03,3.808883e-03,5.623816e-03,4.639090e-01,1.841289e-02,2.287733e-01,1.994160e-01,7.036837e-03,8.382328e-03,6.597579e-03
2.244745e-03,6.190494e-03,1.351807e-03,1.907514e-03,2.636762e-02,5.342435e-03,2.693574e-03,3.995379e-03,6.187929e-01,1.315944e-02,1.618294e-01,1.401523e-01,5.175969e-03,5.971658e-03,4.824820e-03
1.623806e-03,5.242290e-03,1.059560e-03,2.540683e-03,2.057374e-02,8.192278e-03,1.891362e-03,2.855658e-03,7.202795e-01,1.060296e-02,1.143552e-01,9.824581e-02,3.926495e-03,4.253607e-03,4.357170e-03
2.207167e-03,6.138924e-03,1.101327e-03,2.514697e-03,6.116105e-02,9.040430e-03,1.638949e-03,2.289239e-03,7.399374e-01,8.813847e-03,8.046511e-02,6.882235e-02,2.894875e-03,3.090559e-03,9.884124e-03
2.387410e-03,7.622055e-03,1.275025e-03,6.580514e-03,7.756177e-02,1.293751e-02,1.934079e-03,4.748907e-03,7.545359e-01,6.857888e-03,5.663171e-02,4.824273e-02,2.472563e-03,2.299812e-03,1.391220e-02
3.989657e-03,1.902803e-02,1.598499e-03,9.205421e-03,9.214799e-02,2.750337e-02,2.065072e-03,6.919043e-03,6.509771e-01,5.051015e-03,4.088061e-02,3.415024e-02,9.153615e-02,1.892882e-03,1.305491e-02
4.848227e-03,2.138879e-02,1.576326e-03,1.125414e-02,9.896962e-02,3.142613e-02,2.354093e-03,8.263464e-03,5.802940e-01,3.717275e-03,2.983733e-02,2.420671e-02,1.697278e-01,1.400353e-03,1.073579e-02
5.670233e-03,2.114910e-02,2.260324e-03,1.091388e-01,8.652613e-02,7.074670e-02,1.946940e-03,9.777140e-03,4.940924e-01,4.001583e-03,2.447571e-02,1.899868e-02,1.325033e-01,1.099354e-03,1.761364e-02
7.395243e-03,2.018200e-02,3.374014e-03,9.837350e-02,7.752210e-02,9.016213e-02,1.872966e-03,1.255516e-02,4.264200e-01,3.502146e-03,1.955880e-02,1.590366e-02,2.037418e-01,9.787604e-04,1.845779e-02
9.615101e-03,1.854669e-02,3.022902e-03,8.353630e-02,6.079395e-02,7.618871e-02,1.567314e-03,9.906092e-03,3.348916e-01,2.899595e-03,1.559162e-02,1.368503e-02,3.510419e-01,8.221910e-04,1.789108e-02
8.221384e-03,2.048990e-02,5.785325e-03,8.855306e-02,4.317704e-02,6.097946e-02,1.195319e-03,7.204398e-03,3.345598e-01,3.367361e-03,1.985124e-02,1.926404e-02,3.692737e-01,7.699130e-04,1.730820e-02
7.606841e-03,1.598588e-02,4.465603e-03,6.849740e-02,3.313855e-02,5.764142e-02,1.009302e-03,5.622975e-03,2.465115e-01,2.520158e-03,1.963811e-02,1.890149e-02,5.047123e-01,6.825606e-04,1.306593e-02
6.119861e-03,1.151806e-02,3.350916e-03,4.932836e-02,2.416400e-02,5.838804e-02,9.323900e-04,4.096511e-03,1.753202e-01,1.900946e-03,1.546916e-02,1.772290e-02,6.155429e-01,6.963020e-04,1.544952e-02
4.326701e-03,8.165519e-03,3.040748e-03,3.457283e-02,1.715540e-02,4.123690e-02,7.696690e-04,2.884806e-03,1.228286e-01,1.757487e-03,1.126646e-02,1.299255e-02,6.658700e-01,5.669644e-04,7.256533e-02
3.075439e-03,5.783900e-03,2.892246e-03,2.425749e-02,1.246917e-02,2.971798e-02,5.867440e-04,2.039442e-03,8.610215e-02,2.259162e-03,8.602286e-03,9.503243e-03,6.293857e-01,8.672582e-04,1.824578e-01
2.382634e-03,4.295872e-03,3.856979e-03,1.701332e-02,8.944727e-03,2.109732e-02,4.302660e-04,1.487794e-03,6.048787e-02,3.595992e-03,7.163894e-03,6.897386e-03,4.491258e-01,1.223902e-03,4.119963e-01
1.789437e-03,3.292432e-03,9.243586e-03,1.192275e-02,6.306392e-03,1.596653e-02,3.296697e-04,1.104732e-03,4.248881e-02,3.844502e-03,7.984997e-03,5.155127e-03,3.165873e-01,1.177505e-03,5.728062e-01
1.625929e-03,6.901293e-03,1.563832e-01,8.842280e-03,4.571018e-03,1.277311e-02,2.990531e-04,8.413401e-04,3.300031e-02,8.275045e-03,6.916910e-03,3.699420e-03,2.218571e-01,9.754409e-04,5.330386e-01
1.611179e-03,1.119618e-01,2.308694e-01,7.320041e-03,3.499077e-03,1.543424e-02,4.439375e-04,6.642715e-04,5.145337e-02,7.775339e-03,6.091163e-03,2.741683e-03,1.568992e-01,8.118657e-04,4.024234e-01
2.581653e-03,1.427262e-01,2.816975e-01,1.361469e-02,2.951796e-03,1.772350e-02,3.589113e-04,6.089426e-04,9.167260e-02,9.727189e-03,1.444765e-02,2.583553e-03,1.136722e-01,8.458128e-04,3.047879e-01
2.159462e-03,1.542826e-01,2.894009e-01,1.039521e-01,2.427224e-03,1.355018e-02,2.623526e-04,5.243253e-04,1.119966e-01,1.069707e-02,1.194062e-02,2.009270e-03,8.007430e-02,8.161765e-04,2.159067e-01
3.551479e-03,1.327055e-01,3.179575e-01,1.370720e-01,7.855996e-03,1.595844e-02,5.293347e-04,7.242941e-04,1.460364e-01,1.041204e-02,1.115850e-02,1.606453e-03,5.734515e-02,7.380709e-04,1.563489e-01
