1.000000e+00,0.000000e+00,0.000000e+00,0.000000e+00,0.000000e+00,0.000000e+00,0.000000e+00,0.000000e+00,0.000000e+00,0.000000e+00,0.000000e+00,0.000000e+00,0.000000e+00,0.000000e+00,0.000000e+00
1.000000e+00,0.000000e+00,0.000000e+00,0.000000e+00,0.000000e+00,0.000000e+00,0.000000e+00,0.000000e+00,0.000000e+00,0.000000e+00,0.000000e+00,0.000000e+00,0.000000e+00,0.000000e+00,0.000000e+00
1.000000e+00,0.000000e+00,0.000000e+00,0.000000e+00,0.000000e+00,0.000000e+00,0.000000e+00,0.000000e+00,0.000000e+00,0.000000e+00,0.000000e+00,0.000000e+00,0.000000e+00,0.000000e+00,0.000000e+00
1.000000e+00,0.000000e+00,0.000000e+00,0.000000e+00,0.000000e+00,0.000000e+00,0.000000e+00,0.000000e+00,0.000000e+00,0.000000e+00,0.000000e+00,0.000000e+00,0.000000e+00,0.000000e+00,0.000000e+00
1.000000e+00,0.000000e+00,0.000000e+00,0.000000e+00,0.000000e+00,0.000000e+00,0.000000e+00,0.000000e+00,0.000000e+00,0.000000e+00,0.000000e+00,0.000000e+00,0.000000e+00,0.000000e+00,0.000000e+00
1.000000e+00,0.000000e+00,0.000000e+00,0.000000e+00,0.000000e+00,0.000000e+00,0.000000e+00,0.000000e+00,0.000000e+00,0.000000e+00,0.000000e+00,0.000000e+00,0.000000e+00,0.000000e+00,0.000000e+00
1.000000e+00,0.000000e+00,0.000000e+00,0.000000e+00,0.000000e+00,0.000000e+00,0.000000e+00,0.000000e+00,0.000000e+00,0.000000e+00,0.000000e+00,0.000000e+00,0.000000e+00,0.000000e+00,0.000000e+00
1.000000e+00,0.000000e+00,0.000000e+00,0.000000e+00,0.000000e+00,0.000000e+00,0.000000e+00,0.000000e+00,0.000000e+00,0.000000e+00,0.000000e+00,0.000000e+00,0.000000e+00,0.000000e+00,0.000000e+00
1.000000e+00,0.000000e+00,0.000000e+00,0.000000e+00,0.000000e+00,0.000000e+00,0.000000e+00,0.000000e+00,0.000000e+00,0.000000e+00,0.000000e+00,0.000000e+00,0.000000e+00,0.000000e+00,0.000000e+00
1.000000e+00,0.000000e+00,0.000000e+00,0.000000e+00,0.000000e+00,0.000000e+00,0.000000e+00,0.000000e+00,0.000000e+00,0.000000e+00,0.000000e+00,0.000000e+00,0.000000e+00,0.000000e+00,0.000000e+00
1.000000e+00,0.000000e+00,0.000000e+00,0.000000e+00,0.000000e+00,0.000000e+00,0.000000e+00,0.000000e+00,0.000000e+00,0.000000e+00,0.000000e+00,0.000000e+00,0.000000e+00,0.000000e+00,0.000000e+00
1.000000e+00,0.000000e+00,0.000000e+00,0.000000e+00,0.000000e+00,0.000000e+00,0.000000e+00,0.000000e+00,0.000000e+00,0.000000e+00,0.000000e+00,0.000000e+00,0.000000e+00,0.000000e+00,0.000000e+00
1.000000e+00,0.000000e+00,0.000000e+00,0.000000e+00,0.000000e+00,0.000000e+00,0.000000e+00,0.000000e+00,0.000000e+00,0.000000e+00,0.000000e+00,0.000000e+00,0.000000e+00,0.000000e+00,0.000000e+00
1.000000e+00,0.000000e+00,0.000000e+00,0.000000e+00,0.000000e+00,0.000000e+00,0.000000e+00,0.000000e+00,0.000000e+00,0.000000e+00,0.000000e+00,0.000000e+00,0.000000e+00,0.000000e+00,0.000000e+00
1.000000e+00,0.000000e+00,0.000000e+00,0.000000e+00,0.000000e+00,0.000000e+00,0.000000e+00,0.000000e+00,0.000000e+00,0.000000e+00,0.000000e+00,0.000000e+00,0.000000e+00,0.000000e+00,0.000000e+00
1.000000e+00,0.000000e+00,0.000000e+00,0.000000e+00,0.000000e+00,0.000000e+00,0.000000e+00,0.000000e+00,0.000000e+00,0.000000e+00,0.000000e+00,0.000000e+00,0.000000e+00,0.000000e+00,0.000000e+00
1.000000e+00,0.000000e+00,0.000000e+00,0.000000e+00,0.000000e+00,0.000000e+00,0.000000e+00,0.000000e+00,0.000000e+00,0.000000e+00,0.000000e+00,0.000000e+00,0.000000e+00,0.000000e+00,0.000000e+00
1.000000e+00,0.000000e+00,0.000000e+00,0.000000e+00,0.000000e+00,0.000000e+00,0.000000e+00,0.000000e+00,0.000000e+00,0.000000e+00,0.000000e+00,0.000000e+00,0.000000e+00,0.000000e+00,0.000000e+00
1.000000e+00,0.000000e+00,0.000000e+00,0.000000e+00,0.000000e+00,0.000000e+00,0.000000e+00,0.000000e+00,0.000000e+00,0.000000e+00,0.000000e+00,0.000000e+00,0.000000e+00,0.000000e+00,0.000000e+00
1.000000e+00,0.000000e+00,0.000000e+00,0.000000e+00,0.000000e+00,0.000000e+00,0.000000e+00,0.000000e+00,0.000000e+00,0.000000e+00,0.000000e+00,0.000000e+00,0.000000e+00,0.000000e+00,0.000000e+00
1.000000e+00,0.000000e+00,0.000000e+00,0.000000e+00,0.000000e+00,0.000000e+00,0.000000e+00,0.000000e+00,0.000000e+00,0.000000e+00,0.000000e+00,0.000000e+00,0.000000e+00,0.000000e+00,0.000000e+00
1.000000e+00,0.000000e+00,0.000000e+00,0.000000e+00,0.000000e+00,0.000000e+00,0.000000e+00,0.000000e+00,0.000000e+00,0.000000e+00,0.000000e+00,0.000000e+00,0.000000e+00,0.000000e+00,0.000000e+00
1.000000e+00,0.000000e+00,0.000000e+00,0.000000e+00,0.000000e+00,0.000000e+00,0.000000e+00,0.000000e+00,0.000000e+00,0.000000e+00,0.000000e+00,0.000000e+00,0.000000e+00,0.000000e+00,0.000000e+00
1.000000e+00,0.000000e+00,0.000000e+00,0.000000e+00,0.000000e+00,0.000000e+00,0.000000e+00,0.000000e+00,0.000000e+00,0.000000e+00,0.000000e+00,0.000000e+00,0.000000e+00,0.000000e+00,0.000000e+00
1.000000e+00,0.000000e+00,0.000000e+00,0.000000e+00,0.000000e+00,0.000000e+00,0.000000e+00,0.000000e+00,0.000000e+00,0.000000e+00,0.000000e+00,0.000000e+00,0.000000e+00,0.000000e+00,0.000000e+00
1.000000e+00,0.000000e+00,0.000000e+00,0.000000e+00,0.000000e+00,0.000000e+00,0.000000e+00,0.000000e+00,0.000000e+00,0.000000e+00,0.000000e+00,0.000000e+00,0.000000e+00,0.000000e+00,0.000000e+00
1.000000e+00,0.000000e+00,0.000000e+00,0.000000e+00,0.000000e+00,0.000000e+00,0.000000e+00,0.000000e+00,0.000000e+00,0.000000e+00,0.000000e+00,0.000000e+00,0.000000e+00,0.000000e+00,0.000000e+00
1.000000e+00,0.000000e+00,0.000000e+00,0.000000e+00,0.000000e+00,0.000000e+00,0.000000e+00,0.000000e+00,0.000000e+00,0.000000e+00,0.000000e+00,0.000000e+00,0.000000e+00,0.000000e+00,0.000000e+00
1.000000e+00,0.000000e+00,0.000000e+00,0.000000e+00,0.000000e+00,0.000000e+00,0.000000e+00,0.000000e+00,0.000000e+00,0.000000e+00,0.000000e+00,0.000000e+00,0.000000e+00,0.000000e+00,0.000000e+00
1.000000e+00,0.000000e+00,0.000000e+00,0.000000e+00,0.000000e+00,0.000000e+00,0.000000e+00,0.000000e+00,0.000000e+00,0.000000e+00,0.000000e+00,0.000000e+00,0.000000e+00,0.000000e+00,0.000000e+00
1.000000e+00,0.000000e+00,0.000000e+00,0.000000e+00,0.000000e+00,0.000000e+00,0.000000e+00,0.000000e+00,0.000000e+00,0.000000e+00,0.000000e+00,0.000000e+00,0.000000e+00,0.000000e+00,0.000000e+00
1.000000e+00,0.000000e+00,0.000000e+00,0.000000e+00,0.000000e+00,0.000000e+00,0.000000e+00,0.000000e+00,0.000000e+00,0.000000e+00,0.000000e+00,0.000000e+00,0.000000e+00,0.000000e+00,0.000000e+00
1.000000e+00,0.000000e+00,0.000000e+00,0.000000e+00,0.000000e+00,0.000000e+00,0.000000e+00,0.000000e+00,0.000000e+00,0.000000e+00,0.000000e+00,0.000000e+00,0.000000e+00,0.000000e+00,0.000000e+00
1.000000e+00,0.000000e+00,0.000000e+00,0.000000e+00,0.000000e+00,0.000000e+00,0.000000e+00,0.000000e+00,0.000000e+00,0.000000e+00,0.000000e+00,0.000000e+00,0.000000e+00,0.000000e+00,0.000000e+00
1.000000e+00,0.000000e+00,0.000000e+00,0.000000e+00,0.000000e+00,0.000000e+00,0.000000e+00,0.000000e+00,0.000000e+00,0.000000e+00,0.000000e+00,0.000000e+00,0.000000e+00,0.000000e+00,0.000000e+00
1.000000e+00,0.000000e+00,0.000000e+00,0.000000e+00,0.000000e+00,0.000000e+00,0.000000e+00,0.000000e+00,0.000000e+00,0.000000e+00,0.000000e+00,0.000000e+00,0.000000e+00,0.000000e+00,0.000000e+00
1.000000e+00,0.000000e+00,0.000000e+00,0.000000e+00,0.000000e+00,0.000000e+00,0.000000e+00,0.000000e+00,0.000000e+00,0.000000e+00,0.000000e+00,0.000000e+00,0.000000e+00,0.000000e+00,0.000000e+00
1.000000e+00,0.000000e+00,0.000000e+00,0.000000e+00,0.000000e+00,0.000000e+00,0.000000e+00,0.000000e+00,0.000000e+00,0.000000e+00,0.000000e+00,0.000000e+00,0.000000e+00,0.000000e+00,0.000000e+00
1.000000e+00,0.000000e+00,0.000000e+00,0.000000e+00,0.000000e+00,0.000000e+00,0.000000e+00,0.000000e+00,0.000000e+00,0.000000e+00,0.000000e+00,0.000000e+00,0.000000e+00,0.000000e+00,0.000000e+00
1.000000e+00,0.000000e+00,0.000000e+00,0.000000e+00,0.000000e+00,0.000000e+00,0.000000e+00,0.000000e+00,0.000000e+00,0.000000e+00,0.000000e+00,0.000000e+00,0.000000e+00,0.000000e+00,0.000000e+00
1.000000e+00,0.000000e+00,0.000000e+00,0.000000e+00,0.000000e+00,0.000000e+00,0.000000e+00,0.000000e+00,0.000000e+00,0.000000e+00,0.000000e+00,0.000000e+00,0.000000e+00,0.000000e+00,0.000000e+00
1.000000e+00,0.000000e+00,0.000000e+00,0.000000e+00,0.000000e+00,0.000000e+00,0.000000e+00,0.000000e+00,0.000000e+00,0.000000e+00,0.000000e+00,0.000000e+00,0.000000e+00,0.000000e+00,0.000000e+00
1.000000e+00,0.000000e+00,0.000000e+00,0.000000e+00,0.000000e+00,0.000000e+00,0.000000e+00,0.000000e+00,0.000000e+00,0.000000e+00,0.000000e+00,0.000000e+00,0.000000e+00,0.000000e+00,0.000000e+00
1.000000e+00,0.000000e+00,0.000000e+00,0.000000e+00,0.000000e+00,0.000000e+00,0.000000e+00,0.000000e+00,0.000000e+00,0.000000e+00,0.000000e+00,0.000000e+00,0.000000e+00,0.000000e+00,0.000000e+00
1.000000e+00,0.000000e+00,0.000000e+00,0.000000e+00,0.000000e+00,0.000000e+00,0.000000e+00,0.000000e+00,0.000000e+00,0.000000e+00,0.000000e+00,0.000000e+00,0.000000e+00,0.000000e+00,0.000000e+00
1.000000e+00,0.000000e+00,0.000000e+00,0.000000e+00,0.000000e+00,0.000000e+00,0.000000e+00,0.000000e+00,0.000000e+00,0.000000e+00,0.000000e+00,0.000000e+00,0.000000e+00,0.000000e+00,0.000000e+00
1.000000e+00,0.000000e+00,0.000000e+00,0.000000e+00,0.000000e+00,0.000000e+00,0.000000e+00,0.000000e+00,0.000000e+00,0.000000e+00,0.000000e+00,0.000000e+00,0.000000e+00,0.000000e+00,0.000000e+00
1.000000e+00,0.000000e+00,0.000000e+00,0.000000e+00,0.000000e+00,0.000000e+00,0.000000e+00,0.000000e+00,0.000000e+00,0.000000e+00,0.000000e+00,0.000000e+00,0.000000e+00,0.000000e+00,0.000000e+00
1.000000e+00,0.000000e+00,0.000000e+00,0.000000e+00,0.000000e+00,0.000000e+00,0.000000e+00,0.000000e+00,0.000000e+00,0.000000e+00,0.000000e+00,0.000000e+00,0.000000e+00,0.000000e+00,0.000000e+00
1.000000e+00,0.000000e+00,0.000000e+00,0.000000e+00,0.000000e+00,0.000000e+00,0.000000e+00,0.000000e+00,0.000000e+00,0.000000e+00,0.000000e+00,0.000000e+00,0.000000e+00,0.000000e+00,0.000000e+00
1.000000e+00,0.000000e+00,0.000000e+00,0.000000e+00,0.000000e+00,0.000000e+00,0.000000e+00,0.000000e+00,0.000000e+00,0.000000e+00,0.000000e+00,0.000000e+00,0.000000e+00,0.000000e+00,0.000000e+00
1.000000e+00,0.000000e+00,0.000000e+00,0.000000e+00,0.000000e+00,0.000000e+00,0.000000e+00,0.000000e+00,0.000000e+00,0.000000e+00,0.000000e+00,0.000000e+00,0.000000e+00,0.000000e+00,0.000000e+00
1.000000e+00,0.000000e+00,0.000000e+00,0.000000e+00,0.000000e+00,0.000000e+00,0.000000e+00,0.000000e+00,0.000000e+00,0.000000e+00,0.000000e+00,0.000000e+00,0.000000e+00,0.000000e+00,0.000000e+00
1.000000e+00,0.000000e+00,0.000000e+00,0.000000e+00,0.000000e+00,0.000000e+00,0.000000e+00,0.000000e+00,0.000000e+00,0.000000e+00,0.000000e+00,0.000000e+00,0.000000e+00,0.000000e+00,0.000000e+00
1.000000e+00,0.000000e+00,0.000000e+00,0.000000e+00,0.000000e+00,0.000000e+00,0.000000e+00,0.000000e+00,0.000000e+00,0.000000e+00,0.000000e+00,0.000000e+00,0.000000e+00,0.000000e+00,0.000000e+00
4.769096e-01,5.406634e-02,1.494139e-02,1.651323e-01,2.056209e-02,2.164957e-02,8.139575e-03,2.264844e-02,2.895659e-02,3.825268e-03,3.215577e-02,7.567964e-02,2.561178e-02,8.208249e-03,4.151332e-02
4.217173e-01,6.505151e-02,1.502259e-02,1.808553e-01,2.401486e-02,2.157891e-02,9.345656e-03,2.200210e-02,3.543088e-02,4.207571e-03,3.656896e-02,7.686072e-02,2.956901e-02,1.070471e-02,4.706990e-02
3.783077e-01,6.831059e-02,1.953673e-02,2.050208e-01,2.350928e-02,2.502206e-02,9.254555e-03,2.782204e-02,3.693998e-02,3.796459e-03,4.316532e-02,7.675550e-02,2.686827e-02,1.093081e-02,4.475999e-02
3.150162e-01,5.592624e-02,3.835543e-02,1.680485e-01,2.933594e-02,4.514668e-02,9.947844e-02,5.045233e-02,2.807628e-02,3.117978e-03,3.601769e-02,6.446767e-02,2.381440e-02,8.380795e-03,3.436539e-02
2.223461e-01,3.960026e-02,3.659555e-02,1.187648e-01,2.197589e-02,3.288547e-02,3.204437e-01,6.712125e-02,1.974251e-02,2.260258e-03,2.536616e-02,4.528457e-02,1.752838e-02,5.903217e-03,2.418187e-02
1.632499e-01,2.830383e-02,3.411842e-02,8.446171e-02,1.669239e-02,2.624242e-02,4.271791e-01,1.190688e-01,1.399354e-02,1.699261e-03,1.801111e-02,3.218375e-02,1.337434e-02,4.235344e-03,1.718614e-02
1.242194e-01,2.087769e-02,3.949091e-02,6.201888e-02,1.321205e-02,2.083807e-02,3.935571e-01,2.528154e-01,9.951101e-03,1.305130e-03,1.284327e-02,2.307288e-02,1.020763e-02,3.105625e-03,1.248489e-02
9.144683e-02,1.489431e-02,3.312395e-02,4.412624e-02,9.824681e-03,1.580616e-02,4.249634e-01,3.136517e-01,7.017834e-03,9.485140e-04,9.084344e-03,1.630214e-02,7.595847e-03,2.280945e-03,8.933160e-03
6.800703e-02,1.066002e-02,2.622327e-02,3.136863e-02,7.390811e-03,1.203335e-02,3.896914e-01,4.174185e-01,4.950318e-03,6.906189e-04,6.429563e-03,1.147846e-02,5.575465e-03,1.690556e-03,6.392115e-03
5.019352e-02,7.545359e-03,1.895330e-02,2.208116e-02,5.466496e-03,8.759247e-03,3.048185e-01,5.557920e-01,3.489044e-03,4.947779e-04,4.576985e-03,8.082327e-03,3.994581e-03,1.223986e-03,4.528848e-03
3.915187e-02,5.433171e-03,1.396353e-02,1.560509e-02,4.276189e-03,6.775392e-03,2.439578e-01,6.515371e-01,2.477155e-03,3.696115e-04,3.286429e-03,5.800996e-03,3.134387e-03,9.257272e-04,3.305686e-03
3.038974e-02,3.896667e-03,1.074879e-02,1.110622e-02,3.334706e-03,5.355716e-03,1.938197e-01,7.270383e-01,1.762312e-03,2.746032e-04,2.365336e-03,4.227685e-03,2.554581e-03,6.948414e-04,2.430940e-03
2.339023e-02,2.907580e-03,8.114960e-03,8.034606e-03,3.167809e-03,4.144744e-03,1.534327e-01,7.854159e-01,1.319902e-03,2.354642e-04,1.788530e-03,3.224317e-03,2.280384e-03,5.710158e-04,1.971941e-03
3.149258e-02,2.466019e-03,6.386389e-03,6.029469e-03,3.800771e-03,3.666882e-03,1.261599e-01,8.088269e-01,1.079507e-03,2.565860e-04,1.473306e-03,3.020642e-03,2.411871e-03,5.024087e-04,2.426848e-03
3.024999e-02,1.906654e-03,5.314957e-03,4.547645e-03,4.003419e-03,3.124312e-03,9.321535e-02,8.472927e-01,8.454199e-04,2.284622e-04,1.242588e-03,2.823292e-03,2.458690e-03,4.764851e-04,2.270091e-03
5.514335e-02,1.492708e-03,4.749895e-03,3.504717e-03,3.946197e-03,4.091575e-03,7.278879e-02,8.407689e-01,7.187100e-04,2.264655e-04,1.168143e-03,4.600768e-03,3.469353e-03,5.405212e-04,2.789911e-03
8.036588e-02,1.175507e-03,3.990221e-03,2.752164e-03,3.589064e-03,4.659345e-03,5.699440e-02,8.306365e-01,6.185658e-04,2.056859e-04,1.199686e-03,6.076543e-03,3.780135e-03,5.840466e-04,3.372255e-03
8.159456e-02,1.023314e-03,3.628762e-03,2.287173e-03,3.652421e-03,8.331338e-03,4.743311e-02,8.316837e-01,5.765994e-04,1.914681e-04,9.749086e-04,7.279438e-03,7.555570e-03,4.468674e-04,3.340734e-03
1.299632e-01,1.331211e-03,3.858191e-03,2.607377e-03,4.438655e-03,1.234078e-02,3.976037e-02,7.696074e-01,8.256104e-04,2.379466e-04,1.100430e-03,1.426758e-02,1.378807e-02,4.336414e-04,5.439578e-03
1.056958e-01,1.344688e-03,3.242895e-03,2.119799e-03,5.737131e-03,9.778530e-03,3.283830e-02,7.955389e-01,1.077952e-03,2.471707e-04,1.814455e-03,1.387393e-02,2.103959e-02,7.616748e-04,4.889254e-03
2.268003e-01,2.728638e-03,3.739041e-03,4.106001e-03,1.034280e-02,1.646647e-02,2.412056e-02,6.472877e-01,3.099212e-03,3.820391e-04,2.693516e-03,2.500903e-02,2.497681e-02,1.362168e-03,6.885738e-03
3.448569e-01,2.911224e-03,4.069040e-03,7.559720e-03,1.015410e-02,2.215365e-02,1.744126e-02,4.980031e-01,4.560602e-03,4.887143e-04,4.275143e-03,4.700428e-02,2.646512e-02,1.818341e-03,8.238842e-03
3.111086e-01,4.524959e-03,4.404888e-03,1.551498e-02,1.062582e-02,2.902829e-02,1.289867e-02,3.873492e-01,9.222601e-03,9.869131e-04,8.445810e-03,1.528958e-01,3.829343e-02,2.659814e-03,1.204026e-02
3.458740e-01,7.632497e-03,6.248117e-03,2.896496e-02,9.656847e-03,3.551963e-02,1.006304e-02,2.887532e-01,9.927328e-03,1.522550e-03,1.089338e-02,1.843384e-01,4.133143e-02,3.498452e-03,1.577616e-02
2.998088e-01,9.490924e-03,6.043760e-03,4.256167e-02,9.367950e-03,3.097650e-02,7.708958e-03,2.124671e-01,1.311786e-02,2.838439e-03,1.631510e-02,2.509956e-01,7.515178e-02,4.482425e-03,1.867304e-02
2.273405e-01,9.936693e-03,6.280175e-03,6.254126e-02,7.621707e-03,2.678174e-02,5.665947e-03,1.510932e-01,1.462729e-02,3.247152e-03,1.727063e-02,3.520606e-01,8.831164e-02,4.386966e-03,2.283451e-02
1.607706e-01,7.340416e-03,4.574132e-03,5.336329e-02,5.682808e-03,2.077072e-02,4.052997e-03,1.060942e-01,1.259615e-02,2.485665e-03,1.670718e-02,4.602738e-01,1.245245e-01,3.531308e-03,1.723228e-02
1.139216e-01,5.527806e-03,3.347433e-03,4.971714e-02,7.274841e-03,1.645642e-02,3.122226e-03,7.473306e-02,3.291365e-02,2.112489e-03,2.299203e-02,4.858400e-01,1.656280e-01,2.990193e-03,1.342313e-02
8.145320e-02,4.457127e-03,2.719938e-03,4.267066e-02,8.799574e-03,1.224999e-02,2.748650e-03,5.274938e-02,8.474295e-02,1.622619e-03,2.535010e-02,4.640431e-01,2.034824e-01,2.439739e-03,1.047069e-02
5.732239e-02,3.168094e-03,2.573943e-03,3.028608e-02,1.040508e-02,8.872910e-03,2.141072e-03,3.964725e-02,8.460048e-02,1.486441e-03,2.601101e-02,3.758092e-01,3.474538e-01,2.167015e-03,8.055270e-03
4.426481e-02,2.355956e-03,3.176398e-03,2.286247e-02,1.400050e-02,8.225155e-03,1.821438e-03,3.065889e-02,7.668936e-02,2.573590e-03,3.340432e-02,2.938545e-01,4.538612e-01,2.415914e-03,9.835453e-03
3.382200e-02,2.000556e-03,6.446508e-03,1.801636e-02,2.371817e-02,6.270262e-03,1.451163e-03,2.791886e-02,6.216434e-02,2.258234e-03,4.132719e-02,2.201369e-01,5.414758e-01,2.048115e-03,1.094556e-02
3.240861e-02,1.846926e-03,6.152464e-03,1.947198e-02,2.411487e-02,8.631906e-03,1.211624e-03,2.263730e-02,5.322281e-02,3.404623e-03,5.433969e-02,1.997152e-01,5.619876e-01,2.055755e-03,8.798653e-03
2.895264e-02,1.588559e-03,5.369319e-03,1.679693e-02,2.468134e-02,1.150368e-02,9.399978e-04,1.759201e-02,4.157671e-02,4.092505e-03,7.424861e-02,1.707786e-01,5.922609e-01,1.905038e-03,7.713201e-03
2.062128e-02,1.143847e-03,4.087484e-03,1.190737e-02,1.845810e-02,8.712311e-03,7.018228e-04,1.342295e-02,3.111747e-02,3.254169e-03,8.459414e-02,1.285865e-01,6.659765e-01,1.396485e-03,6.019571e-03
1.470310e-02,8.277863e-04,3.897444e-03,8.578488e-03,1.510505e-02,8.029453e-03,1.075776e-03,2.915304e-02,2.426300e-02,3.098069e-03,1.187674e-01,1.030250e-01,6.634461e-01,1.069566e-03,4.960777e-03
1.119221e-02,6.202011e-04,3.778613e-03,6.309818e-03,1.286930e-02,7.609860e-03,1.764489e-03,3.699572e-02,2.045353e-02,2.909658e-03,1.819539e-01,8.718938e-02,6.208529e-01,9.954914e-04,4.504804e-03
8.081891e-03,4.564292e-04,2.880117e-03,4.908155e-03,1.041739e-02,5.697535e-03,1.389083e-03,7.094590e-02,1.571399e-02,2.589843e-03,1.798173e-01,6.844472e-02,6.229228e-01,1.032962e-03,4.701891e-03
6.722275e-03,3.705987e-04,2.717489e-03,7.608779e-03,1.278943e-02,4.708268e-03,1.710207e-03,1.407489e-01,1.439498e-02,2.524178e-03,1.749106e-01,5.419556e-02,5.692300e-01,1.122547e-03,6.246286e-03
8.074411e-03,3.384218e-04,6.297954e-03,2.661678e-02,2.197281e-02,3.624425e-03,1.809763e-03,2.543326e-01,1.987049e-02,2.330346e-03,1.699591e-01,4.179163e-02,4.369905e-01,1.233021e-03,4.757682e-03
8.414297e-03,3.130786e-04,9.673477e-03,3.203205e-02,2.497218e-02,2.806359e-03,1.614237e-03,4.193495e-01,2.284379e-02,1.941027e-03,1.306389e-01,2.989492e-02,3.111292e-01,9.229351e-04,3.454048e-03
1.317423e-02,5.113614e-04,1.092133e-02,2.870106e-02,2.459480e-02,2.189389e-03,1.417364e-03,5.381781e-01,3.114726e-02,1.496591e-03,1.002979e-01,2.214348e-02,2.220773e-01,6.875158e-04,2.462342e-03
1.000018e-02,5.252744e-04,8.209730e-03,2.136786e-02,2.602480e-02,1.575058e-03,1.243789e-03,6.566008e-01,2.889029e-02,1.060884e-03,7.106415e-02,1.554151e-02,1.556772e-01,4.855468e-04,1.732894e-03
8.636510e-03,7.679826e-04,6.146965e-03,1.708212e-02,3.267533e-02,1.182539e-03,1.378331e-03,7.322989e-01,2.750854e-02,7.573864e-04,5.000616e-02,1.092295e-02,1.090728e-01,3.423284e-04,1.221181e-03
9.507837e-03,6.226914e-04,4.646156e-03,1.282254e-02,2.558922e-02,1.623971e-03,1.122128e-03,8.011687e-01,2.172591e-02,5.370073e-04,3.513179e-02,7.779858e-03,7.660196e-02,2.517425e-04,8.685395e-04
1.126934e-02,5.125875e-04,3.557672e-03,9.390484e-03,2.196086e-02,1.527435e-03,1.131995e-03,8.485805e-01,1.706152e-02,3.781639e-04,2.464137e-02,5.492431e-03,5.369562e-02,1.827849e-04,6.172523e-04
1.437624e-02,4.091224e-04,2.729525e-03,6.908121e-03,1.986882e-02,1.620813e-03,1.363191e-03,8.800144e-01,1.294390e-02,2.668894e-04,1.730643e-02,3.908983e-03,3.770185e-02,1.357675e-04,4.458761e-04
1.871942e-02,3.373272e-04,2.030025e-03,5.078419e-03,1.752144e-02,3.181837e-03,1.448122e-03,9.002199e-01,9.253147e-03,1.907762e-04,1.215746e-02,2.810742e-03,2.661941e-02,1.029247e-04,3.289157e-04
2.015983e-02,3.506300e-04,1.639431e-03,4.028458e-03,1.606395e-02,6.463013e-03,1.899374e-03,9.118448e-01,6.867575e-03,1.455132e-04,8.597751e-03,2.121913e-03,1.944602e-02,9.352213e-05,2.781705e-04
2.381477e-02,4.927727e-04,1.578620e-03,3.748657e-03,1.684847e-02,6.797934e-03,1.820246e-03,9.171566e-01,5.289839e-03,1.214674e-04,6.239234e-03,1.816092e-03,1.387847e-02,1.019647e-04,2.947695e-04
3.205764e-02,5.244498e-04,1.392667e-03,3.152599e-03,1.547578e-02,5.536388e-03,1.784287e-03,9.181325e-01,4.980485e-03,1.179969e-04,4.625387e-03,1.802287e-03,1.001715e-02,1.052598e-04,2.949935e-04
4.599967e-02,6.641806e-04,1.485203e-03,3.083822e-03,1.582612e-02,5.044741e-03,2.228107e-03,9.062488e-01,4.809685e-03,1.386525e-04,3.781947e-03,2.481398e-03,7.659952e-03,1.479358e-04,3.997184e-04
5.594940e-02,6.796216e-04,2.137140e-03,3.018635e-03,1.331497e-02,4.744894e-03,2.843510e-03,9.005698e-01,4.196040e-03,1.566770e-04,3.047755e-03,2.833063e-03,5.840610e-03,1.727671e-04,4.950420e-04
8.528813e-02,8.340289e-04,2.938996e-03,2.713755e-03,1.125493e-02,5.463463e-03,3.792385e-03,8.704326e-01,3.765614e-03,2.455611e-04,2.712820e-03,4.286782e-03,5.133856e-03,2.617697e-04,8.752837e-04
8.479869e-02,7.529855e-04,2.876214e-03,2.396496e-03,9.578493e-03,5.540769e-03,4.139674e-03,8.751907e-01,2.853454e-03,2.544530e-04,2.276364e-03,3.987562e-03,4.227218e-03,2.668947e-04,8.599862e-04
9.435993e-02,8.005718e-04,3.255787e-03,2.269088e-03,7.866951e-03,6.738397e-03,3.858661e-03,8.638351e-01,2.242573e-03,5.757903e-04,2.495602e-03,5.527018e-03,4.543072e-03,4.191936e-04,1.212185e-03
1.198677e-01,1.459392e-03,3.579590e-03,2.688335e-03,6.710254e-03,9.471808e-03,3.671742e-03,8.113791e-01,2.811481e-03,2.391828e-03,6.501411e-03,1.403356e-02,9.621947e-03,1.782169e-03,4.029639e-03
1.237317e-01,2.000448e-03,2.905010e-03,2.251820e-03,6.849648e-03,1.738008e-02,3.474319e-03,7.720304e-01,3.069390e-03,2.565532e-03,8.749328e-03,1.318562e-02,3.024609e-02,2.270850e-03,9.289673e-03
1.598580e-01,2.245745e-03,2.615905e-03,1.976938e-03,6.640193e-03,2.071263e-02,4.195645e-03,6.843174e-01,4.012922e-03,2.451065e-03,1.089761e-02,1.586313e-02,6.733599e-02,3.434885e-03,1.344193e-02
1.716841e-01,2.677382e-03,2.480131e-03,2.092850e-03,6.740262e-03,2.609072e-02,7.859500e-03,4.909749e-01,5.028462e-03,2.086366e-03,9.886966e-03,4.228739e-02,2.097691e-01,3.270115e-03,1.707174e-02
1.389122e-01,2.370949e-03,1.845204e-03,1.831993e-03,5.686769e-03,2.289865e-02,6.424312e-03,3.464784e-01,9.354481e-03,1.771262e-03,8.077007e-03,1.204904e-01,3.177989e-01,2.841877e-03,1.321765e-02
1.121137e-01,2.332433e-03,1.877491e-03,1.441597e-03,5.905779e-03,1.816323e-02,5.072324e-03,2.447942e-01,9.805929e-03,1.489252e-03,6.321786e-03,1.245391e-01,4.542307e-01,2.238693e-03,9.673710e-03
8.051298e-02,1.880670e-03,1.373188e-03,1.037855e-03,5.262679e-03,1.289685e-02,3.710046e-03,1.714998e-01,9.162000e-03,1.237018e-03,4.999048e-03,1.323618e-01,5.654323e-01,1.673020e-03,6.960742e-03
5.667515e-02,3.495146e-03,1.062801e-03,7.354050e-04,6.054485e-03,9.526630e-03,2.857631e-03,1.201158e-01,7.717356e-03,1.176670e-03,3.667820e-03,1.367417e-01,6.438959e-01,1.237861e-03,5.039648e-03
3.990318e-02,3.900040e-03,8.216465e-04,5.423117e-04,1.018120e-02,7.146187e-03,2.743133e-03,8.421528e-02,7.053823e-03,3.116642e-03,3.696768e-03,1.709595e-01,6.611300e-01,9.640111e-04,3.626281e-03
2.800619e-02,2.897737e-03,6.596706e-04,4.774483e-04,1.107126e-02,5.199666e-03,1.994714e-03,5.911196e-02,7.730821e-03,4.213307e-03,4.882921e-03,3.415413e-01,5.289218e-01,7.188796e-04,2.572225e-03
1.970268e-02,2.136560e-03,5.507180e-04,4.047569e-04,1.191306e-02,4.441941e-03,1.529167e-03,4.171552e-02,8.032684e-03,4.334444e-03,5.407411e-03,4.520919e-01,4.453772e-01,5.367612e-04,1.825193e-03
1.391259e-02,1.590204e-03,4.701680e-04,3.179469e-04,1.069979e-02,3.806198e-03,1.119760e-03,2.928231e-02,6.843125e-03,1.155174e-02,6.095285e-03,5.764012e-01,3.361205e-01,4.871631e-04,1.302066e-03
9.820896e-03,1.156727e-03,3.599689e-04,2.459993e-04,9.128031e-03,2.866437e-03,8.155225e-04,2.058530e-02,6.471962e-03,1.217863e-02,5.508874e-03,6.782951e-01,2.512155e-01,4.216289e-04,9.295375e-04
7.153517e-03,8.594816e-04,2.955896e-04,1.970283e-04,1.369219e-02,2.274804e-03,6.810073e-04,1.454940e-02,7.294894e-03,1.086173e-02,4.688509e-03,7.487665e-01,1.875334e-01,4.720704e-04,6.799287e-04
6.341162e-03,8.451451e-04,5.155064e-04,1.860198e-04,3.192943e-02,3.227733e-03,1.150291e-03,1.074691e-02,2.089951e-02,1.007829e-02,4.308453e-03,7.717305e-01,1.370759e-01,4.574796e-04,5.077006e-04
6.669234e-03,1.013449e-03,6.447638e-04,1.727150e-04,6.841663e-02,3.774022e-03,1.935456e-03,8.369975e-03,1.034694e-01,1.030112e-02,4.295716e-03,6.887702e-01,1.013563e-01,4.151847e-04,3.959466e-04
8.824952e-03,9.396407e-04,8.629150e-04,3.344618e-04,9.676716e-02,3.453427e-03,1.877976e-03,1.451017e-02,1.200594e-01,1.041752e-02,4.221419e-03,6.611533e-01,7.589365e-02,3.893617e-04,2.947175e-04
6.984552e-03,1.159432e-03,8.121220e-04,4.825695e-04,1.007109e-01,5.940001e-03,2.472966e-03,1.774893e-02,3.058645e-01,7.874799e-03,4.022616e-03,4.910411e-01,5.436511e-02,3.031738e-04,2.173340e-04
5.391544e-03,9.795231e-04,6.257115e-04,3.998418e-04,8.007324e-02,5.292497e-03,2.066757e-03,1.570501e-02,4.905776e-01,5.561747e-03,3.069160e-03,3.507409e-01,3.912447e-02,2.305501e-04,1.614367e-04
4.902500e-03,1.358144e-03,5.376409e-04,6.050410e-04,7.956120e-02,2.560200e-02,1.713659e-03,1.130291e-02,5.895525e-01,4.049656e-03,2.288547e-03,2.469949e-01,3.104432e-02,2.324359e-04,2.546576e-04
8.137239e-03,1.552411e-03,6.080783e-04,1.015864e-03,1.206985e-01,3.055788e-02,1.662386e-03,8.804975e-03,6.227596e-01,3.006942e-03,1.819490e-03,1.734519e-01,2.526704e-02,2.123788e-04,4.453979e-04
1.178068e-02,2.900377e-03,8.157984e-04,2.500986e-03,1.185212e-01,3.593940e-02,1.825258e-03,6.421562e-03,6.427481e-01,3.029804e-03,1.625951e-03,1.220004e-01,4.184794e-02,2.603957e-04,7.782300e-03
1.506529e-02,3.713230e-03,9.661396e-04,2.834431e-03,1.677131e-01,4.184270e-02,2.767814e-03,4.611985e-03,6.288564e-01,2.474768e-03,1.647102e-03,8.579778e-02,3.328871e-02,2.773432e-04,8.143204e-03
1.547392e-02,5.441431e-03,1.462723e-03,1.260216e-02,1.797325e-01,7.898498e-02,7.065224e-03,4.505008e-03,5.879355e-01,2.893619e-03,1.423625e-03,6.072235e-02,2.717523e-02,2.560677e-04,1.432568e-02
4.367430e-02,9.607536e-03,2.073871e-03,1.932916e-02,1.708550e-01,1.593587e-01,9.708348e-03,4.972083e-03,4.818757e-01,2.678217e-03,1.656966e-03,4.397292e-02,2.895220e-02,3.406256e-04,2.094450e-02
6.608022e-02,1.075602e-02,9.897253e-03,4.216988e-02,1.491367e-01,2.008241e-01,9.871994e-03,1.093076e-02,3.984604e-01,3.116031e-03,1.548908e-03,3.199050e-02,2.636884e-02,4.340180e-04,3.841440e-02
6.531775e-02,9.471923e-03,9.849069e-02,9.650280e-02,1.116804e-01,1.554645e-01,7.902127e-03,5.304125e-02,2.911769e-01,6.869714e-03,2.119796e-03,2.289004e-02,2.208504e-02,3.873302e-04,5.659969e-02
8.599984e-02,7.784657e-03,9.144834e-02,7.347813e-02,1.191802e-01,1.354366e-01,1.092123e-02,1.751201e-01,2.159906e-01,5.135508e-03,3.220624e-03,1.647374e-02,1.849724e-02,5.081946e-04,4.080496e-02
9.357518e-02,1.333175e-02,7.870913e-02,5.782212e-02,1.184826e-01,1.021552e-01,1.982321e-02,2.786153e-01,1.622553e-01,4.454306e-03,6.599644e-03,1.191751e-02,2.034820e-02,6.604181e-04,3.125008e-02
1.242831e-01,1.501368e-02,6.061543e-02,4.390566e-02,1.190751e-01,7.652868e-02,3.199951e-02,3.087428e-01,1.349222e-01,4.999515e-03,6.436120e-03,8.756938e-03,3.984462e-02,8.223279e-04,2.405435e-02
1.146423e-01,1.395477e-02,5.182872e-02,3.413920e-02,1.075726e-01,5.813205e-02,2.872850e-02,4.143991e-01,1.070970e-01,4.095623e-03,6.200991e-03,6.538969e-03,3.371757e-02,7.862615e-04,1.816637e-02
1.403378e-01,1.058515e-02,4.928549e-02,2.634853e-02,8.335010e-02,5.960260e-02,2.368616e-02,4.695575e-01,7.734745e-02,3.691846e-03,6.448556e-03,5.954023e-03,2.678252e-02,9.055487e-04,1.611679e-02
1.533582e-01,8.048972e-03,3.989819e-02,2.062955e-02,7.057650e-02,6.392186e-02,2.153475e-02,5.069314e-01,5.657296e-02,3.559812e-03,1.133306e-02,7.323646e-03,2.239502e-02,1.018901e-03,1.289722e-02
1.952324e-01,6.783864e-03,3.010098e-02,1.851404e-02,5.183494e-02,7.292599e-02,1.804970e-02,4.443512e-01,4.499330e-02,6.901674e-03,3.788102e-02,1.974015e-02,3.940457e-02,1.789443e-03,1.149677e-02
1.887607e-01,6.536971e-03,2.220521e-02,1.489253e-02,3.974798e-02,7.518303e-02,1.527845e-02,3.826674e-01,1.263607e-01,6.164987e-03,3.441493e-02,1.699566e-02,5.536487e-02,2.295150e-03,1.313142e-02
1.843484e-01,5.808732e-03,1.740006e-02,1.284610e-02,3.016356e-02,1.546285e-01,1.281432e-02,3.049777e-01,1.163297e-01,4.831324e-03,2.614156e-02,1.350333e-02,9.694266e-02,2.351758e-03,1.691216e-02
1.990549e-01,5.548708e-03,1.423222e-02,1.171981e-02,2.416955e-02,1.476279e-01,1.125881e-02,2.207368e-01,1.225486e-01,5.475475e-03,2.054649e-02,1.412231e-02,1.797588e-01,2.361294e-03,2.083825e-02
1.709965e-01,4.205499e-03,1.059480e-02,8.973951e-03,1.856714e-02,1.525983e-01,9.445807e-03,1.575045e-01,9.149158e-02,4.550767e-03,1.715888e-02,1.565938e-02,3.158002e-01,1.914972e-03,2.053759e-02
1.625184e-01,4.483855e-03,1.031177e-02,1.154211e-02,1.879877e-02,1.316026e-01,1.059521e-02,1.117713e-01,1.358873e-01,6.408012e-03,1.351016e-02,2.074295e-02,3.366050e-01,2.249667e-03,2.297286e-02
1.453173e-01,3.381714e-03,7.659501e-03,8.369182e-03,1.419548e-02,1.047013e-01,1.324893e-02,7.926656e-02,9.801409e-02,5.075432e-03,1.151756e-02,5.210838e-02,4.340949e-01,2.440683e-03,2.060907e-02
1.346322e-01,2.640248e-03,6.576490e-03,6.004480e-03,1.193965e-02,9.330086e-02,1.321244e-02,5.633348e-02,7.022210e-02,3.805988e-03,9.527662e-03,5.358748e-02,5.183594e-01,2.573869e-03,1.728371e-02
9.685104e-02,1.886414e-03,4.664242e-03,4.241670e-03,9.370340e-03,8.272073e-02,1.075534e-02,3.953715e-02,4.950475e-02,3.443746e-03,9.952785e-03,9.905981e-02,5.708714e-01,2.162430e-03,1.497818e-02
7.024741e-02,1.439294e-03,3.824523e-03,3.000709e-03,1.954577e-02,6.842342e-02,1.015360e-02,2.778229e-02,3.586536e-02,3.618171e-03,1.147341e-02,1.168770e-01,6.108449e-01,2.024398e-03,1.487974e-02
5.021762e-02,1.126566e-03,3.538730e-03,2.137940e-03,1.695978e-02,5.063119e-02,8.014796e-03,1.956731e-02,2.562463e-02,3.696106e-03,1.535354e-02,9.901877e-02,6.889838e-01,1.712327e-03,1.341689e-02
3.577865e-02,8.277850e-04,2.668927e-03,1.517891e-03,1.297404e-02,3.962386e-02,5.992711e-03,1.378777e-02,1.814447e-02,5.474444e-03,2.981554e-02,8.765395e-02,7.330050e-01,1.710314e-03,1.102458e-02
2.556181e-02,5.956300e-04,2.026541e-03,1.078931e-03,9.756887e-03,2.865808e-02,4.365114e-03,9.817781e-03,1.305755e-02,6.020314e-03,4.595453e-02,7.408493e-02,7.682615e-01,1.638981e-03,9.121452e-03
1.828316e-02,4.333180e-04,1.576558e-03,8.245960e-04,9.903083e-03,2.014038e-02,3.333054e-03,7.391446e-03,9.917443e-03,7.766937e-03,6.181024e-02,5.935888e-02,7.900062e-01,1.272180e-03,7.982499e-03
1.320505e-02,3.258238e-04,1.156553e-03,6.837078e-04,1.266110e-02,1.414808e-02,2.528844e-03,5.998362e-03,9.068757e-03,1.103664e-02,7.370809e-02,4.758699e-02,8.002095e-01,9.479832e-04,6.734452e-03
1.021594e-02,5.246355e-04,1.825487e-03,1.057034e-03,7.627220e-02,1.055763e-02,2.282192e-03,3.228733e-02,2.589796e-02,1.564604e-02,8.622403e-02,3.888810e-02,6.897836e-01,6.845906e-04,7.853163e-03
8.023317e-03,3.807746e-04,1.980476e-03,2.134317e-03,5.676698e-02,7.901742e-03,2.343026e-03,2.282530e-01,1.951757e-02,1.266246e-02,7.442512e-02,3.287350e-02,5.466715e-01,4.890384e-04,5.577150e-03
6.706556e-03,2.731908e-04,1.965113e-03,2.248938e-03,4.135896e-02,5.887847e-03,3.168579e-03,4.372705e-01,1.413712e-02,9.117190e-03,5.626092e-02,2.411051e-02,3.932157e-01,3.479119e-04,3.930819e-03
5.839426e-03,2.031358e-04,1.917346e-03,1.702297e-03,3.105128e-02,4.273189e-03,5.395344e-03,5.969738e-01,1.013928e-02,6.502245e-03,3.990291e-02,1.704050e-02,2.760350e-01,2.531756e-04,2.771002e-03
6.043986e-03,1.776515e-04,1.864501e-03,1.320168e-03,2.302450e-02,3.413643e-03,5.472086e-03,7.096967e-01,7.533890e-03,4.657534e-03,2.858880e-02,1.213341e-02,1.939085e-01,1.832045e-04,1.981491e-03
1.107323e-02,1.945779e-04,1.608402e-03,1.156901e-03,2.078013e-02,3.504640e-03,5.627624e-03,7.802831e-01,5.835992e-03,3.284781e-03,2.024990e-02,8.654933e-03,1.361977e-01,1.346027e-04,1.413388e-03
1.857491e-02,2.055740e-04,1.353890e-03,1.247220e-03,2.197247e-02,4.207604e-03,5.466701e-03,8.203501e-01,4.955039e-03,2.305564e-03,1.463088e-02,6.759758e-03,9.682740e-02,1.050533e-04,1.037791e-03
2.382962e-02,2.093186e-04,1.255712e-03,1.271041e-03,2.278826e-02,5.015416e-03,6.382360e-03,8.482440e-01,3.949541e-03,1.621415e-03,1.040507e-02,5.405074e-03,6.874765e-02,8.269068e-05,7.928276e-04
4.145305e-02,3.378014e-04,1.515600e-03,1.630972e-03,1.955952e-02,1.652708e-02,1.145341e-02,8.354106e-01,3.147689e-03,1.176991e-03,7.431902e-03,6.646215e-03,5.281577e-02,8.260061e-05,8.107089e-04
3.794596e-02,2.903470e-04,1.412773e-03,1.584082e-03,1.725012e-02,1.398489e-02,1.094911e-02,8.650515e-01,2.277552e-03,8.311065e-04,5.261056e-03,4.956704e-03,3.753661e-02,6.288000e-05,6.052634e-04
3.254652e-02,2.456511e-04,1.353493e-03,1.414663e-03,1.578707e-02,1.119734e-02,8.674555e-03,8.921875e-01,1.620097e-03,5.884118e-04,3.767035e-03,3.554610e-03,2.657326e-02,5.142791e-05,4.383469e-04
2.902352e-02,2.264099e-04,1.727083e-03,1.409481e-03,1.319636e-02,8.908710e-03,6.944195e-03,9.124352e-01,1.178169e-03,4.211992e-04,2.734403e-03,2.602223e-03,1.881300e-02,4.475690e-05,3.352934e-04
2.885398e-02,2.357837e-04,2.583851e-03,1.587032e-03,1.194833e-02,6.841703e-03,6.130889e-03,9.230318e-01,9.020007e-04,3.075499e-04,2.008393e-03,1.927842e-03,1.332128e-02,4.154933e-05,2.779562e-04
2.938564e-02,2.370015e-04,2.539934e-03,1.468415e-03,9.644677e-03,6.237533e-03,5.648701e-03,9.308318e-01,6.996258e-04,2.399517e-04,1.566548e-03,1.537209e-03,9.672150e-03,4.325373e-05,2.476113e-04
2.285631e-02,2.390398e-04,1.895134e-03,1.344985e-03,7.098166e-03,4.504859e-03,4.103359e-03,8.825164e-01,7.355576e-04,2.128691e-03,1.472146e-02,2.893756e-02,2.606242e-02,2.588513e-03,2.675203e-04
1.674877e-02,2.210621e-04,1.344025e-03,1.064090e-03,5.188290e-03,3.272971e-03,2.919483e-03,6.553256e-01,7.054412e-04,8.748248e-02,1.679487e-02,9.520418e-02,1.004192e-01,1.143674e-02,1.872756e-03
1.237673e-02,2.259127e-04,9.581434e-04,8.353344e-04,3.823702e-03,2.531281e-03,2.197768e-03,4.636154e-01,2.171487e-03,1.079437e-01,2.465876e-02,2.472771e-01,1.073576e-01,2.231026e-02,1.716824e-03
9.746673e-03,3.558699e-04,7.396394e-04,8.205883e-04,2.920038e-03,2.535284e-03,1.849668e-03,3.291560e-01,6.110779e-03,1.092505e-01,2.896901e-02,3.778788e-01,1.048095e-01,2.333015e-02,1.527525e-03
7.311260e-03,4.270395e-04,5.806682e-04,1.017954e-03,2.333828e-03,1.949606e-03,1.431343e-03,2.311547e-01,9.307753e-03,1.238610e-01,3.165285e-02,4.858353e-01,8.138990e-02,2.025933e-02,1.487451e-03
5.351561e-03,3.620520e-04,4.550648e-04,1.517072e-03,2.245337e-03,1.414177e-03,1.074800e-03,1.624223e-01,1.133010e-02,1.100787e-01,3.903466e-02,5.565895e-01,8.243395e-02,2.437355e-02,1.317113e-03
3.916235e-03,3.044197e-04,3.953289e-04,2.577379e-03,2.227753e-03,1.056112e-03,8.079486e-04,1.140295e-01,9.731688e-03,2.776225e-01,3.498974e-02,4.316719e-01,6.593490e-02,5.110178e-02,3.632855e-03
2.896306e-03,2.593523e-04,3.961161e-04,3.010764e-03,2.370123e-03,8.079838e-04,5.978109e-04,8.024707e-02,9.263238e-03,2.932100e-01,4.317704e-02,4.261147e-01,5.790733e-02,7.544126e-02,4.300942e-03
2.086278e-03,2.648541e-04,8.044012e-04,2.723942e-03,3.438170e-03,6.362026e-04,4.519871e-04,5.640680e-02,8.697558e-03,2.752914e-01,5.103270e-02,4.361591e-01,5.021866e-02,1.077723e-01,4.015651e-03
1.471205e-03,1.955101e-04,6.100353e-04,1.980768e-03,3.662326e-03,4.689093e-04,3.604660e-04,3.955533e-02,6.869622e-03,2.675537e-01,7.880261e-02,4.523716e-01,4.102816e-02,9.990081e-02,5.168964e-03
1.066343e-03,2.057919e-04,8.152543e-04,1.458955e-03,6.558370e-03,4.014604e-04,3.948139e-04,2.863164e-02,1.014615e-02,2.384836e-01,1.063323e-01,4.788425e-01,3.477421e-02,8.630944e-02,5.579226e-03
9.246370e-04,2.413072e-04,8.949249e-04,1.237669e-03,2.028276e-02,1.631908e-03,6.705582e-04,2.115700e-02,9.850929e-03,2.532023e-01,1.263420e-01,4.448034e-01,3.097226e-02,8.014445e-02,7.643960e-03
1.421537e-03,7.372194e-04,2.015993e-03,1.574517e-03,4.862337e-02,2.065155e-03,7.230998e-04,1.685635e-02,2.150973e-02,2.433650e-01,1.379162e-01,4.221486e-01,2.585289e-02,6.873494e-02,6.455402e-03
2.172878e-03,7.994247e-04,3.639365e-03,1.574162e-03,1.679146e-01,2.040599e-03,1.297956e-03,2.018742e-02,2.739674e-02,2.064240e-01,1.334400e-01,3.546021e-01,2.109358e-02,5.211740e-02,5.299876e-03
7.087721e-03,2.392740e-03,1.014129e-02,5.996695e-03,2.459788e-01,6.552226e-03,1.898666e-03,2.345103e-02,4.274923e-02,1.690918e-01,1.107157e-01,2.920130e-01,2.923039e-02,4.350280e-02,9.197827e-03
1.475254e-02,2.952799e-03,1.217874e-02,6.489418e-03,2.981985e-01,6.293528e-03,2.525650e-03,2.196856e-02,8.792959e-02,1.317814e-01,1.073719e-01,2.364544e-01,3.125713e-02,3.213822e-02,7.707671e-03
1.295511e-02,2.104567e-03,1.036849e-02,1.542026e-02,2.175449e-01,4.452241e-03,1.974227e-03,2.572300e-01,6.344308e-02,9.253786e-02,9.906588e-02,1.682814e-01,2.663695e-02,2.258053e-02,5.404472e-03
1.021768e-02,1.577419e-03,8.212500e-03,1.168959e-02,1.553317e-01,3.170765e-03,1.433188e-03,4.647719e-01,5.138407e-02,6.481747e-02,7.040194e-02,1.182768e-01,1.909479e-02,1.582570e-02,3.794523e-03
7.875279e-03,1.168445e-03,6.445899e-03,8.841430e-03,1.133023e-01,2.250107e-03,1.032986e-03,6.157703e-01,3.798052e-02,4.539378e-02,4.968107e-02,8.292729e-02,1.358381e-02,1.108594e-02,2.660774e-03
6.579637e-03,1.048895e-03,4.866145e-03,6.377302e-03,8.344119e-02,1.670766e-03,7.421623e-04,7.227403e-01,2.840860e-02,3.178550e-02,3.497272e-02,5.810754e-02,9.609704e-03,7.777906e-03,1.871608e-03
6.238160e-03,8.123062e-04,3.632806e-03,4.741220e-03,6.000183e-02,1.492932e-03,5.368024e-04,7.998608e-01,2.140399e-02,2.225990e-02,2.464051e-02,4.074624e-02,6.847618e-03,5.461294e-03,1.323571e-03
7.151559e-03,7.608262e-04,3.132870e-03,4.358397e-03,4.435375e-02,3.781429e-03,4.547352e-04,8.482676e-01,1.602083e-02,1.559522e-02,1.737366e-02,2.858536e-02,5.194453e-03,3.881231e-03,1.088031e-03
8.301478e-03,7.248996e-04,2.538045e-03,3.582674e-03,3.568168e-02,6.146501e-03,6.012708e-04,8.770465e-01,1.451590e-02,1.092493e-02,1.227316e-02,2.007592e-02,3.935837e-03,2.764320e-03,8.869200e-04
1.075691e-02,7.611926e-04,2.324713e-03,2.770806e-03,3.244861e-02,5.430290e-03,1.262116e-03,8.950932e-01,1.288374e-02,7.669572e-03,8.680710e-03,1.415007e-02,2.986656e-03,2.019213e-03,7.622148e-04
1.406139e-02,8.557800e-04,2.138095e-03,2.272842e-03,3.097386e-02,6.474791e-03,2.882778e-03,8.984796e-01,1.504020e-02,5.444827e-03,6.309691e-03,1.014071e-02,2.653661e-03,1.548366e-03,7.234097e-04
1.608525e-02,8.581887e-04,2.063117e-03,1.954240e-03,2.873571e-02,7.085274e-03,3.221410e-03,9.038290e-01,1.598351e-02,3.885743e-03,4.635973e-03,7.371400e-03,2.316794e-03,1.208271e-03,7.661913e-04
1.811693e-02,7.493662e-04,1.821383e-03,1.578307e-03,2.316102e-02,6.669732e-03,3.086425e-03,9.143749e-01,1.496356e-02,2.784386e-03,3.436488e-03,5.615773e-03,1.929214e-03,9.120445e-04,8.004662e-04
2.120644e-02,1.066559e-03,1.711424e-03,1.345904e-03,1.828391e-02,9.923780e-03,3.194555e-03,9.126308e-01,1.508487e-02,2.159961e-03,2.849296e-03,4.566157e-03,3.569457e-03,7.212347e-04,1.685709e-03
2.558890e-02,2.523694e-03,1.507742e-03,1.251866e-03,1.379503e-02,1.249421e-02,2.761309e-03,9.021977e-01,1.508947e-02,2.409517e-03,3.343791e-03,4.837106e-03,7.145927e-03,6.909923e-04,4.362836e-03
3.467298e-02,3.274260e-03,1.792351e-03,1.164188e-03,1.085793e-02,1.598522e-02,2.508724e-03,8.799806e-01,1.383099e-02,4.817567e-03,4.819695e-03,4.944986e-03,1.019881e-02,1.240831e-03,9.910951e-03
5.284017e-02,3.189292e-03,1.648298e-03,9.868729e-04,9.583873e-03,1.470329e-02,2.726358e-03,8.525980e-01,1.231148e-02,4.218989e-03,7.085896e-03,4.323532e-03,1.364315e-02,1.848539e-03,1.829239e-02
