1.000000e+00,0.000000e+00,0.000000e+00,0.000000e+00,0.000000e+00,0.000000e+00,0.000000e+00,0.000000e+00,0.000000e+00,0.000000e+00,0.000000e+00,0.000000e+00,0.000000e+00,0.000000e+00,0.000000e+00
1.000000e+00,0.000000e+00,0.000000e+00,0.000000e+00,0.000000e+00,0.000000e+00,0.000000e+00,0.000000e+00,0.000000e+00,0.000000e+00,0.000000e+00,0.000000e+00,0.000000e+00,0.000000e+00,0.000000e+00
1.000000e+00,0.000000e+00,0.000000e+00,0.000000e+00,0.000000e+00,0.000000e+00,0.000000e+00,0.000000e+00,0.000000e+00,0.000000e+00,0.000000e+00,0.000000e+00,0.000000e+00,0.000000e+00,0.000000e+00
1.000000e+00,0.000000e+00,0.000000e+00,0.000000e+00,0.000000e+00,0.000000e+00,0.000000e+00,0.000000e+00,0.000000e+00,0.000000e+00,0.000000e+00,0.000000e+00,0.000000e+00,0.000000e+00,0.000000e+00
1.000000e+00,0.000000e+00,0.000000e+00,0.000000e+00,0.000000e+00,0.000000e+00,0.000000e+00,0.000000e+00,0.000000e+00,0.000000e+00,0.000000e+00,0.000000e+00,0.000000e+00,0.000000e+00,0.000000e+00
1.000000e+00,0.000000e+00,0.000000e+00,0.000000e+00,0.000000e+00,0.000000e+00,0.000000e+00,0.000000e+00,0.000000e+00,0.000000e+00,0.000000e+00,0.000000e+00,0.000000e+00,0.000000e+00,0.000000e+00
1.000000e+00,0.000000e+00,0.000000e+00,0.000000e+00,0.000000e+00,0.000000e+00,0.000000e+00,0.000000e+00,0.000000e+00,0.000000e+00,0.000000e+00,0.000000e+00,0.000000e+00,0.000000e+00,0.000000e+00
1.000000e+00,0.000000e+00,0.000000e+00,0.000000e+00,0.000000e+00,0.000000e+00,0.000000e+00,0.000000e+00,0.000000e+00,0.000000e+00,0.000000e+00,0.000000e+00,0.000000e+00,0.000000e+00,0.000000e+00
1.000000e+00,0.000000e+00,0.000000e+00,0.000000e+00,0.000000e+00,0.000000e+00,0.000000e+00,0.000000e+00,0.000000e+00,0.000000e+00,0.000000e+00,0.000000e+00,0.000000e+00,0.000000e+00,0.000000e+00
1.000000e+00,0.000000e+00,0.000000e+00,0.000000e+00,0.000000e+00,0.000000e+00,0.000000e+00,0.000000e+00,0.000000e+00,0.000000e+00,0.000000e+00,0.000000e+00,0.000000e+00,0.000000e+00,0.000000e+00
1.000000e+00,0.000000e+00,0.000000e+00,0.000000e+00,0.000000e+00,0.000000e+00,0.000000e+00,0.000000e+00,0.000000e+00,0.000000e+00,0.000000e+00,0.000000e+00,0.000000e+00,0.000000e+00,0.000000e+00
1.000000e+00,0.000000e+00,0.000000e+00,0.000000e+00,0.000000e+00,0.000000e+00,0.000000e+00,0.000000e+00,0.000000e+00,0.000000e+00,0.000000e+00,0.000000e+00,0.000000e+00,0.000000e+00,0.000000e+00
1.000000e+00,0.000000e+00,0.000000e+00,0.000000e+00,0.000000e+00,0.000000e+00,0.000000e+00,0.000000e+00,0.000000e+00,0.000000e+00,0.000000e+00,0.000000e+00,0.000000e+00,0.000000e+00,0.000000e+00
1.000000e+00,0.000000e+00,0.000000e+00,0.000000e+00,0.000000e+00,0.000000e+00,0.000000e+00,0.000000e+00,0.000000e+00,0.000000e+00,0.000000e+00,0.000000e+00,0.000000e+00,0.000000e+00,0.000000e+00
1.000000e+00,0.000000e+00,0.000000e+00,0.000000e+00,0.000000e+00,0.000000e+00,0.000000e+00,0.000000e+00,0.000000e+00,0.000000e+00,0.000000e+00,0.000000e+00,0.000000e+00,0.000000e+00,0.000000e+00
1.000000e+00,0.000000e+00,0.000000e+00,0.000000e+00,0.000000e+00,0.000000e+00,0.000000e+00,0.000000e+00,0.000000e+00,0.000000e+00,0.000000e+00,0.000000e+00,0.000000e+00,0.000000e+00,0.000000e+00
1.000000e+00,0.000000e+00,0.000000e+00,0.000000e+00,0.000000e+00,0.000000e+00,0.000000e+00,0.000000e+00,0.000000e+00,0.000000e+00,0.000000e+00,0.000000e+00,0.000000e+00,0.000000e+00,0.000000e+00
1.000000e+00,0.000000e+00,0.000000e+00,0.000000e+00,0.000000e+00,0.000000e+00,0.000000e+00,0.000000e+00,0.000000e+00,0.000000e+00,0.000000e+00,0.000000e+00,0.000000e+00,0.000000e+00,0.000000e+00
1.000000e+00,0.000000e+00,0.000000e+00,0.000000e+00,0.000000e+00,0.000000e+00,0.000000e+00,0.000000e+00,0.000000e+00,0.000000e+00,0.000000e+00,0.000000e+00,0.000000e+00,0.000000e+00,0.000000e+00
1.000000e+00,0.000000e+00,0.000000e+00,0.000000e+00,0.000000e+00,0.000000e+00,0.000000e+00,0.000000e+00,0.000000e+00,0.000000e+00,0.000000e+00,0.000000e+00,0.000000e+00,0.000000e+00,0.000000e+00
1.000000e+00,0.000000e+00,0.000000e+00,0.000000e+00,0.000000e+00,0.000000e+00,0.000000e+00,0.000000e+00,0.000000e+00,0.000000e+00,0.000000e+00,0.000000e+00,0.000000e+00,0.000000e+00,0.000000e+00
1.000000e+00,0.000000e+00,0.000000e+00,0.000000e+00,0.000000e+00,0.000000e+00,0.000000e+00,0.000000e+00,0.000000e+00,0.000000e+00,0.000000e+00,0.000000e+00,0.000000e+00,0.000000e+00,0.000000e+00
1.000000e+00,0.000000e+00,0.000000e+00,0.000000e+00,0.000000e+00,0.000000e+00,0.000000e+00,0.000000e+00,0.000000e+00,0.000000e+00,0.000000e+00,0.000000e+00,0.000000e+00,0.000000e+00,0.000000e+00
1.000000e+00,0.000000e+00,0.000000e+00,0.000000e+00,0.000000e+00,0.000000e+00,0.000000e+00,0.000000e+00,0.000000e+00,0.000000e+00,0.000000e+00,0.000000e+00,0.000000e+00,0.000000e+00,0.000000e+00
1.000000e+00,0.000000e+00,0.000000e+00,0.000000e+00,0.000000e+00,0.000000e+00,0.000000e+00,0.000000e+00,0.000000e+00,0.000000e+00,0.000000e+00,0.000000e+00,0.000000e+00,0.000000e+00,0.000000e+00
1.000000e+00,0.000000e+00,0.000000e+00,0.000000e+00,0.000000e+00,0.000000e+00,0.000000e+00,0.000000e+00,0.000000e+00,0.000000e+00,0.000000e+00,0.000000e+00,0.000000e+00,0.000000e+00,0.000000e+00
1.000000e+00,0.000000e+00,0.000000e+00,0.000000e+00,0.000000e+00,0.000000e+00,0.000000e+00,0.000000e+00,0.000000e+00,0.000000e+00,0.000000e+00,0.000000e+00,0.000000e+00,0.000000e+00,0.000000e+00
1.000000e+00,0.000000e+00,0.000000e+00,0.000000e+00,0.000000e+00,0.000000e+00,0.000000e+00,0.000000e+00,0.000000e+00,0.000000e+00,0.000000e+00,0.000000e+00,0.000000e+00,0.000000e+00,0.000000e+00
1.000000e+00,0.000000e+00,0.000000e+00,0.000000e+00,0.000000e+00,0.000000e+00,0.000000e+00,0.000000e+00,0.000000e+00,0.000000e+00,0.000000e+00,0.000000e+00,0.000000e+00,0.000000e+00,0.000000e+00
1.000000e+00,0.000000e+00,0.000000e+00,0.000000e+00,0.000000e+00,0.000000e+00,0.000000e+00,0.000000e+00,0.000000e+00,0.000000e+00,0.000000e+00,0.000000e+00,0.000000e+00,0.000000e+00,0.000000e+00
1.000000e+00,0.000000e+00,0.000000e+00,0.000000e+00,0.000000e+00,0.000000e+00,0.000000e+00,0.000000e+00,0.000000e+00,0.000000e+00,0.000000e+00,0.000000e+00,0.000000e+00,0.000000e+00,0.000000e+00
1.000000e+00,0.000000e+00,0.000000e+00,0.000000e+00,0.000000e+00,0.000000e+00,0.000000e+00,0.000000e+00,0.000000e+00,0.000000e+00,0.000000e+00,0.000000e+00,0.000000e+00,0.000000e+00,0.000000e+00
1.000000e+00,0.000000e+00,0.000000e+00,0.000000e+00,0.000000e+00,0.000000e+00,0.000000e+00,0.000000e+00,0.000000e+00,0.000000e+00,0.000000e+00,0.000000e+00,0.000000e+00,0.000000e+00,0.000000e+00
1.000000e+00,0.000000e+00,0.000000e+00,0.000000e+00,0.000000e+00,0.000000e+00,0.000000e+00,0.000000e+00,0.000000e+00,0.000000e+00,0.000000e+00,0.000000e+00,0.000000e+00,0.000000e+00,0.000000e+00
1.000000e+00,0.000000e+00,0.000000e+00,0.000000e+00,0.000000e+00,0.000000e+00,0.000000e+00,0.000000e+00,0.000000e+00,0.000000e+00,0.000000e+00,0.000000e+00,0.000000e+00,0.000000e+00,0.000000e+00
1.000000e+00,0.000000e+00,0.000000e+00,0.000000e+00,0.000000e+00,0.000000e+00,0.000000e+00,0.000000e+00,0.000000e+00,0.000000e+00,0.000000e+00,0.000000e+00,0.000000e+00,0.000000e+00,0.000000e+00
1.000000e+00,0.000000e+00,0.000000e+00,0.000000e+00,0.000000e+00,0.000000e+00,0.000000e+00,0.000000e+00,0.000000e+00,0.000000e+00,0.000000e+00,0.000000e+00,0.000000e+00,0.000000e+00,0.000000e+00
1.000000e+00,0.000000e+00,0.000000e+00,0.000000e+00,0.000000e+00,0.000000e+00,0.000000e+00,0.000000e+00,0.000000e+00,0.000000e+00,0.000000e+00,0.000000e+00,0.000000e+00,0.000000e+00,0.000000e+00
1.000000e+00,0.000000e+00,0.000000e+00,0.000000e+00,0.000000e+00,0.000000e+00,0.000000e+00,0.000000e+00,0.000000e+00,0.000000e+00,0.000000e+00,0.000000e+00,0.000000e+00,0.000000e+00,0.000000e+00
1.000000e+00,0.000000e+00,0.000000e+00,0.000000e+00,0.000000e+00,0.000000e+00,0.000000e+00,0.000000e+00,0.000000e+00,0.000000e+00,0.000000e+00,0.000000e+00,0.000000e+00,0.000000e+00,0.000000e+00
1.000000e+00,0.000000e+00,0.000000e+00,0.000000e+00,0.000000e+00,0.000000e+00,0.000000e+00,0.000000e+00,0.000000e+00,0.000000e+00,0.000000e+00,0.000000e+00,0.000000e+00,0.000000e+00,0.000000e+00
1.000000e+00,0.000000e+00,0.000000e+00,0.000000e+00,0.000000e+00,0.000000e+00,0.000000e+00,0.000000e+00,0.000000e+00,0.000000e+00,0.000000e+00,0.000000e+00,0.000000e+00,0.000000e+00,0.000000e+00
1.000000e+00,0.000000e+00,0.000000e+00,0.000000e+00,0.000000e+00,0.000000e+00,0.000000e+00,0.000000e+00,0.000000e+00,0.000000e+00,0.000000e+00,0.000000e+00,0.000000e+00,0.000000e+00,0.000000e+00
4.099076e-01,6.054801e-02,2.398165e-02,2.052913e-01,3.001661e-02,3.941108e-02,1.939615e-02,6.064818e-02,3.229715e-02,2.818378e-03,2.323588e-02,3.925336e-02,1.419539e-02,4.163703e-03,3.483551e-02
3.319873e-01,7.960750e-02,2.366415e-02,2.459874e-01,3.943199e-02,3.628662e-02,2.024759e-02,5.615156e-02,3.683288e-02,3.511003e-03,2.418526e-02,4.178432e-02,1.461039e-02,4.753185e-03,4.095884e-02
2.806495e-01,9.715220e-02,2.434420e-02,2.659907e-01,4.397284e-02,3.411784e-02,1.921633e-02,4.890817e-02,4.106322e-02,4.384132e-03,2.673849e-02,4.346862e-02,1.546625e-02,6.290153e-03,4.823739e-02
2.391608e-01,1.268322e-01,2.348713e-02,2.797990e-01,4.401405e-02,3.078564e-02,1.845971e-02,4.218524e-02,4.019967e-02,4.875807e-03,2.689792e-02,4.236037e-02,1.631214e-02,7.507453e-03,5.712295e-02
1.800704e-01,1.230933e-01,3.337108e-02,3.698083e-01,4.079318e-02,2.732921e-02,1.532234e-02,4.604580e-02,3.588115e-02,3.872510e-03,2.171168e-02,3.504289e-02,1.330643e-02,6.052699e-03,4.829907e-02
1.672960e-01,1.360116e-01,3.153307e-02,3.687323e-01,3.796504e-02,2.467601e-02,1.462953e-02,3.762427e-02,4.264676e-02,4.344260e-03,2.384372e-02,3.429279e-02,1.452719e-02,7.529205e-03,5.434831e-02
1.852349e-01,1.376775e-01,2.787385e-02,3.355587e-01,3.800891e-02,2.514182e-02,1.445052e-02,3.109643e-02,4.224886e-02,4.843174e-03,2.965478e-02,3.715026e-02,1.968585e-02,1.032550e-02,6.104889e-02
2.150261e-01,1.339607e-01,2.584675e-02,3.001339e-01,3.829269e-02,2.602097e-02,1.334565e-02,2.709453e-02,4.093542e-02,5.997573e-03,2.825474e-02,3.851640e-02,2.331934e-02,1.046776e-02,7.278752e-02
2.012704e-01,1.199811e-01,4.378276e-02,3.087221e-01,3.842663e-02,2.771245e-02,1.300144e-02,3.172134e-02,3.448270e-02,5.217254e-03,2.947559e-02,4.860903e-02,2.412554e-02,9.431244e-03,6.404044e-02
1.648392e-01,8.913134e-02,1.517504e-01,2.295416e-01,3.645530e-02,5.066954e-02,5.662552e-02,5.753704e-02,2.461531e-02,4.113860e-03,2.450397e-02,3.864318e-02,1.909192e-02,6.805654e-03,4.567609e-02
1.256378e-01,6.528212e-02,2.582923e-01,1.810827e-01,2.979360e-02,4.296943e-02,7.386899e-02,1.012227e-01,1.755821e-02,3.276519e-03,1.919621e-02,2.934723e-02,1.496262e-02,4.923860e-03,3.258570e-02
9.878223e-02,4.633356e-02,2.331946e-01,1.298533e-01,2.165745e-02,3.652054e-02,2.395923e-01,1.052811e-01,1.249211e-02,2.429879e-03,1.367107e-02,2.121878e-02,1.215320e-02,3.528926e-03,2.329095e-02
8.254871e-02,3.261011e-02,1.771638e-01,9.199676e-02,1.565514e-02,2.789222e-02,4.195204e-01,8.871869e-02,8.808360e-03,1.749742e-03,9.644369e-03,1.529292e-02,9.383284e-03,2.532682e-03,1.648279e-02
7.028899e-02,2.324420e-02,1.370190e-01,6.525809e-02,1.162455e-02,2.232713e-02,5.375997e-01,8.489115e-02,6.280502e-03,1.304978e-03,6.928702e-03,1.161257e-02,7.826002e-03,1.890854e-03,1.190359e-02
5.669672e-02,1.656989e-02,1.038849e-01,4.657419e-02,8.725473e-03,1.751610e-02,5.897560e-01,1.237774e-01,4.546706e-03,1.024040e-03,5.066919e-03,8.740511e-03,6.962101e-03,1.514342e-03,8.644653e-03
4.662615e-02,1.168496e-02,7.514437e-02,3.284743e-02,6.365526e-03,1.383388e-02,6.603014e-01,1.260028e-01,3.244753e-03,7.537492e-04,3.637543e-03,6.404609e-03,5.720556e-03,1.151298e-03,6.280931e-03
3.386126e-02,8.206276e-03,5.302215e-02,2.303177e-02,4.612474e-03,1.008539e-02,7.195957e-01,1.279848e-01,2.292663e-03,5.385285e-04,2.573666e-03,4.576115e-03,4.351642e-03,8.296407e-04,4.437917e-03
2.549965e-02,5.827602e-03,3.768102e-02,1.629764e-02,3.358725e-03,7.518933e-03,6.858176e-01,2.036352e-01,1.627398e-03,3.889658e-04,1.823886e-03,3.307236e-03,3.408293e-03,6.092424e-04,3.198535e-03
2.122601e-02,4.254481e-03,2.714179e-02,1.175351e-02,2.649507e-03,5.784316e-03,6.129037e-01,3.028092e-01,1.189138e-03,3.019508e-04,1.341236e-03,2.477218e-03,3.074203e-03,5.124082e-04,2.581261e-03
2.121796e-02,3.202519e-03,2.145511e-02,9.442234e-03,2.302245e-03,4.881984e-03,5.430556e-01,3.843081e-01,9.283887e-04,2.598445e-04,1.040688e-03,2.125183e-03,3.069801e-03,4.657795e-04,2.244569e-03
2.253997e-02,2.548501e-03,1.670424e-02,7.826962e-03,2.417351e-03,4.183081e-03,4.812422e-01,4.529295e-01,8.134985e-04,2.534476e-04,9.213864e-04,1.842713e-03,3.063792e-03,4.839952e-04,2.229317e-03
2.687911e-02,1.999196e-03,1.264693e-02,5.836143e-03,2.320476e-03,3.924768e-03,4.752204e-01,4.607348e-01,6.669239e-04,2.244371e-04,7.878015e-04,2.202121e-03,3.695708e-03,4.708848e-04,2.390182e-03
3.825825e-02,1.637984e-03,9.878346e-03,4.306650e-03,2.157903e-03,4.808514e-03,4.446157e-01,4.813074e-01,5.921092e-04,2.096458e-04,6.915846e-04,2.831389e-03,5.617642e-03,4.050802e-04,2.681801e-03
8.059523e-02,1.522754e-03,8.052675e-03,3.593008e-03,2.750783e-03,7.023110e-03,3.685462e-01,5.066445e-01,6.161480e-04,2.340051e-04,9.412188e-04,6.524323e-03,7.438827e-03,4.364215e-04,5.080684e-03
9.911613e-02,2.180695e-03,6.781809e-03,4.242494e-03,4.672123e-03,7.586739e-03,2.771515e-01,5.600657e-01,1.434506e-03,3.364547e-04,3.100047e-03,1.505380e-02,1.008836e-02,1.226231e-03,6.963297e-03
7.464340e-02,2.167337e-03,5.137202e-03,4.605480e-03,5.194847e-03,5.893575e-03,2.226956e-01,5.377889e-01,1.748480e-03,1.128257e-03,3.140356e-02,7.057658e-02,1.969601e-02,1.188898e-02,5.431654e-03
9.452605e-02,3.268469e-03,4.286533e-03,6.463296e-03,6.629676e-03,6.259958e-03,1.879923e-01,4.292938e-01,4.694051e-03,2.082619e-03,4.667139e-02,8.520883e-02,5.677393e-02,5.838142e-02,7.467676e-03
9.777190e-02,4.563211e-03,3.993756e-03,1.064314e-02,7.345305e-03,7.011893e-03,1.593708e-01,3.326526e-01,9.213593e-03,4.267569e-03,8.528526e-02,1.103762e-01,5.985928e-02,9.961488e-02,8.030517e-03
1.247045e-01,7.825213e-03,4.681333e-03,2.359082e-02,1.873106e-02,1.397951e-02,1.311894e-01,2.415152e-01,2.549799e-02,1.606642e-02,8.843397e-02,1.603961e-01,4.873149e-02,8.178696e-02,1.286996e-02
1.330132e-01,8.423425e-03,4.707380e-03,3.278561e-02,2.234809e-02,1.626857e-02,1.015712e-01,1.718428e-01,2.780911e-02,1.478155e-02,1.030466e-01,2.411704e-01,3.823714e-02,6.826850e-02,1.572626e-02
1.164160e-01,9.539279e-03,4.826035e-03,4.539194e-02,2.303289e-02,1.457183e-02,7.557818e-02,1.219851e-01,2.487740e-02,1.326236e-02,9.898828e-02,3.456424e-01,3.130756e-02,5.959833e-02,1.498239e-02
1.266727e-01,8.680855e-03,4.766070e-03,5.427216e-02,2.365523e-02,1.859104e-02,5.966385e-02,8.676492e-02,2.495858e-02,1.219723e-02,9.750608e-02,3.983093e-01,2.357012e-02,4.612272e-02,1.426910e-02
1.231391e-01,8.299168e-03,4.910062e-03,4.522090e-02,3.187193e-02,2.493850e-02,4.373789e-02,6.164646e-02,2.355064e-02,9.243838e-03,8.927764e-02,4.687571e-01,1.843920e-02,3.532187e-02,1.164574e-02
1.383034e-01,7.510697e-03,4.723093e-03,3.799669e-02,3.826229e-02,2.788041e-02,3.129470e-02,4.354845e-02,2.047911e-02,7.763356e-03,9.306636e-02,4.985646e-01,1.396941e-02,2.658610e-02,1.005128e-02
1.023572e-01,5.472427e-03,3.420468e-03,2.812979e-02,3.432724e-02,2.119490e-02,2.234253e-02,3.094377e-02,1.681449e-02,6.467162e-03,1.091242e-01,5.813457e-01,1.083948e-02,1.997321e-02,7.247468e-03
7.546970e-02,4.588967e-03,2.943154e-03,2.068906e-02,6.167956e-02,1.603822e-02,1.772363e-02,2.288166e-02,3.534997e-02,4.863756e-03,9.527729e-02,6.141097e-01,8.330169e-03,1.450092e-02,5.554304e-03
6.113816e-02,3.563473e-03,2.460209e-03,1.495681e-02,1.412504e-01,1.332714e-02,1.768951e-02,1.751598e-02,4.486468e-02,4.314228e-03,9.214689e-02,5.650165e-01,6.505235e-03,1.076723e-02,4.483625e-03
6.946942e-02,3.288551e-03,4.759174e-03,1.200061e-02,1.891061e-01,1.792989e-02,1.506640e-02,2.921253e-02,4.281375e-02,5.830880e-03,8.111054e-02,5.101622e-01,6.353950e-03,9.325640e-03,3.570343e-03
6.656732e-02,3.038643e-03,6.339637e-03,9.392026e-03,2.333430e-01,1.713337e-02,1.377535e-02,3.083703e-02,4.405305e-02,6.841553e-03,8.604006e-02,4.631858e-01,8.503659e-03,7.999936e-03,2.949616e-03
4.924712e-02,3.220859e-03,5.366011e-03,7.317749e-03,2.337823e-01,1.502738e-02,1.034072e-02,3.062745e-02,1.140142e-01,7.259002e-03,7.403146e-02,4.234975e-01,1.685341e-02,7.177778e-03,2.237093e-03
3.643887e-02,3.209775e-03,4.233335e-03,5.450821e-03,2.052391e-01,1.250459e-02,7.831834e-03,2.906043e-02,2.647566e-01,6.043281e-03,5.960085e-02,3.387868e-01,1.965827e-02,5.560584e-03,1.624716e-03
2.694751e-02,2.699544e-03,3.529903e-03,4.057657e-03,1.511170e-01,9.309702e-03,5.588456e-03,8.199637e-02,3.437320e-01,4.516661e-03,6.106360e-02,2.626146e-01,3.747864e-02,4.192585e-03,1.155781e-03
1.971399e-02,2.578307e-03,2.800613e-03,3.150651e-03,1.100734e-01,7.441868e-03,3.972912e-03,1.510902e-01,4.182072e-01,3.257575e-03,5.162925e-02,1.886360e-01,3.362414e-02,3.004033e-03,8.198380e-04
1.460499e-02,2.047398e-03,2.288516e-03,2.561987e-03,7.865864e-02,5.270181e-03,2.825455e-03,3.502699e-01,3.292814e-01,2.316470e-03,4.251027e-02,1.337767e-01,3.088710e-02,2.121264e-03,5.796414e-04
1.169663e-02,1.480695e-03,1.647298e-03,2.059028e-03,5.709264e-02,4.299191e-03,2.004558e-03,5.343829e-01,2.362083e-01,1.626708e-03,3.002791e-02,9.377483e-02,2.179419e-02,1.490333e-03,4.147634e-04
1.203744e-02,1.075972e-03,1.204719e-03,1.916319e-03,4.120453e-02,5.351370e-03,1.432806e-03,6.636241e-01,1.668970e-01,1.144232e-03,2.117613e-02,6.585433e-02,1.572038e-02,1.049584e-03,3.111284e-04
1.042656e-02,7.656787e-04,9.657252e-04,1.616729e-03,3.059512e-02,8.778436e-03,1.035435e-03,7.524489e-01,1.172611e-01,8.099813e-04,1.489967e-02,4.615126e-02,1.327742e-02,7.417357e-04,2.262225e-04
1.287150e-02,6.197435e-04,9.149489e-04,1.900595e-03,2.260776e-02,3.122045e-02,9.222539e-04,7.784513e-01,8.220986e-02,5.708642e-04,1.050815e-02,3.245048e-02,2.403796e-02,5.303851e-04,1.837239e-04
1.337036e-02,4.990835e-04,7.946927e-04,3.147151e-03,1.805610e-02,3.183297e-02,9.644869e-04,8.174888e-01,5.763682e-02,4.044190e-04,7.444379e-03,2.280248e-02,2.504390e-02,3.741885e-04,1.401455e-04
1.087688e-02,4.071881e-04,6.432716e-04,2.635843e-03,1.504191e-02,2.481879e-02,1.017697e-03,8.625647e-01,4.059636e-02,2.876104e-04,5.271466e-03,1.603175e-02,1.942413e-02,2.652681e-04,1.171407e-04
8.819884e-03,3.104218e-04,5.169348e-04,2.115092e-03,1.204211e-02,1.877276e-02,8.632196e-04,8.980063e-01,2.857831e-02,2.046447e-04,3.721755e-03,1.127601e-02,1.448456e-02,1.891328e-04,9.894692e-05
8.741339e-03,2.414483e-04,4.313087e-04,1.586985e-03,9.795877e-03,1.397689e-02,7.719992e-04,9.227940e-01,2.007626e-02,1.474263e-04,2.630061e-03,7.926897e-03,1.064682e-02,1.366007e-04,9.614225e-05
9.073886e-03,2.017309e-04,3.325622e-04,1.241631e-03,7.293844e-03,1.085804e-02,7.660884e-04,9.403545e-01,1.417655e-02,1.099453e-04,1.877991e-03,5.677436e-03,7.852705e-03,1.014750e-04,8.174539e-05
9.190190e-03,1.659494e-04,2.679100e-04,1.004890e-03,5.549089e-03,8.527620e-03,7.515747e-04,9.530764e-01,1.002341e-02,9.084824e-05,1.346436e-03,4.168367e-03,5.683805e-03,7.734755e-05,7.618495e-05
1.096016e-02,1.440536e-04,2.979981e-04,9.324671e-04,4.439696e-03,6.494012e-03,1.085671e-03,9.596614e-01,7.264716e-03,9.040448e-05,9.991805e-04,3.280452e-03,4.197039e-03,6.481726e-05,8.801855e-05
1.485642e-02,1.409988e-04,5.874120e-04,1.158310e-03,3.850547e-03,5.020658e-03,1.466178e-03,9.605440e-01,5.401629e-03,1.087948e-04,7.965228e-04,2.726058e-03,3.154134e-03,6.505367e-05,1.233323e-04
2.963874e-02,2.478553e-04,1.975749e-03,1.699146e-03,3.456754e-03,5.320006e-03,3.825821e-03,9.417113e-01,4.519334e-03,1.878857e-04,9.280100e-04,3.271390e-03,2.668554e-03,1.635299e-04,3.859600e-04
8.467689e-02,7.902056e-04,3.794679e-03,2.374959e-03,3.834639e-03,7.356650e-03,5.862952e-03,8.729613e-01,4.006719e-03,1.023222e-03,1.876104e-03,5.362066e-03,2.924838e-03,5.932795e-04,2.561551e-03
9.628743e-02,4.720339e-03,1.257458e-02,4.470984e-03,5.184626e-03,4.191336e-02,6.357661e-03,7.314394e-01,1.141985e-02,1.063583e-02,9.151920e-03,1.461574e-02,1.143924e-02,7.677318e-03,3.211192e-02
1.053401e-01,5.645764e-03,1.545750e-02,4.169784e-03,5.752956e-03,3.605988e-02,5.438371e-03,7.133402e-01,1.188195e-02,1.130620e-02,9.966377e-03,1.448984e-02,1.131181e-02,8.783672e-03,4.105577e-02
1.304104e-01,4.917307e-03,1.303873e-02,3.682135e-03,5.768594e-03,2.985154e-02,4.281402e-03,7.217926e-01,9.023122e-03,8.348004e-03,8.286740e-03,1.206286e-02,9.717653e-03,6.660781e-03,3.215816e-02
1.558968e-01,4.913354e-03,1.047570e-02,3.736975e-03,6.030834e-03,2.339321e-02,3.414121e-03,7.187186e-01,6.855133e-03,6.253649e-03,7.435325e-03,1.184925e-02,9.339135e-03,5.343865e-03,2.634403e-02
1.845215e-01,4.750139e-03,1.132624e-02,5.893988e-03,7.653072e-03,2.805926e-02,3.744496e-03,6.861829e-01,6.011696e-03,4.786220e-03,6.578226e-03,1.190929e-02,1.189535e-02,4.119150e-03,2.256849e-02
1.878482e-01,4.103114e-03,9.611119e-03,5.084622e-03,8.351518e-03,2.169158e-02,3.009405e-03,7.072889e-01,4.487631e-03,3.479223e-03,5.313723e-03,9.521675e-03,1.000978e-02,3.076426e-03,1.712304e-02
2.065348e-01,3.726299e-03,8.170505e-03,4.580404e-03,9.394193e-03,1.658059e-02,2.428457e-03,7.050918e-01,3.393848e-03,2.581632e-03,4.268759e-03,8.438012e-03,9.280938e-03,2.307503e-03,1.322223e-02
2.684312e-01,4.232956e-03,1.165705e-02,5.991241e-03,1.796307e-02,1.574445e-02,3.458114e-03,6.231215e-01,3.218161e-03,2.240809e-03,4.356073e-03,1.258763e-02,1.355269e-02,1.872261e-03,1.157282e-02
3.017969e-01,5.238678e-03,1.150548e-02,6.041251e-03,2.438564e-02,3.641788e-02,4.257539e-03,4.589171e-01,3.892106e-03,2.004865e-03,6.221380e-03,2.942309e-02,9.681442e-02,1.938618e-03,1.114505e-02
2.854778e-01,5.087355e-03,1.077563e-02,5.343401e-03,3.337827e-02,3.686295e-02,4.836418e-03,3.271732e-01,8.164320e-03,2.140026e-03,1.140498e-02,3.190194e-02,2.006683e-01,2.771535e-03,3.401384e-02
2.607674e-01,4.050591e-03,7.852193e-03,4.004930e-03,3.014397e-02,2.896445e-02,4.455736e-03,2.310583e-01,1.032502e-02,2.002890e-03,1.231602e-02,5.220725e-02,3.049658e-01,2.833694e-03,4.405174e-02
1.964606e-01,3.200376e-03,6.077925e-03,2.837579e-03,2.846352e-02,2.154649e-02,3.848549e-03,1.619265e-01,9.531334e-03,2.494955e-03,1.012339e-02,6.572221e-02,3.668387e-01,2.858280e-03,1.180697e-01
1.450267e-01,2.402194e-03,5.008836e-03,2.011074e-03,2.199552e-02,1.555220e-02,3.101771e-03,1.134379e-01,8.142687e-03,2.858289e-03,8.059695e-03,6.917055e-02,3.132541e-01,3.038305e-03,2.869402e-01
1.034831e-01,1.876863e-03,3.832047e-03,1.456931e-03,1.724510e-02,1.110218e-02,2.474686e-03,7.943043e-02,7.055608e-03,6.178070e-03,7.112395e-03,1.089142e-01,3.231679e-01,3.047052e-03,3.236234e-01
7.285372e-02,1.498862e-03,2.905540e-03,1.143923e-03,1.410022e-02,8.043536e-03,2.366958e-03,5.572084e-02,7.366204e-03,7.811268e-03,7.386955e-03,1.548300e-01,3.106848e-01,3.096588e-03,3.501905e-01
5.159751e-02,2.224827e-03,2.809038e-03,1.094415e-03,1.787086e-02,6.799670e-03,3.839284e-03,4.000162e-02,1.724040e-02,9.047706e-03,9.040954e-03,2.163628e-01,2.618239e-01,3.712522e-03,3.565345e-01
3.653537e-02,2.073056e-03,3.134683e-03,1.074824e-03,4.592630e-02,5.424777e-03,4.604231e-02,3.369261e-02,2.817046e-02,9.570818e-03,8.438826e-03,2.399862e-01,2.041776e-01,3.176313e-03,3.325758e-01
2.624663e-02,2.159463e-03,5.493533e-03,1.088525e-03,4.112512e-02,4.569283e-03,5.612302e-02,4.658903e-02,3.247705e-02,1.013157e-02,8.742280e-03,2.876755e-01,1.799531e-01,2.927294e-03,2.946986e-01
1.917103e-02,2.437505e-03,1.298770e-02,1.793068e-03,3.535359e-02,4.660050e-03,5.753357e-02,1.122000e-01,3.615130e-02,1.043893e-02,1.002267e-02,3.200148e-01,1.522689e-01,2.449969e-03,2.225169e-01
1.433673e-02,2.094377e-03,1.305987e-02,2.179606e-03,3.206348e-02,4.174771e-03,5.880884e-02,2.175344e-01,3.158026e-02,8.964038e-03,1.068457e-02,3.077413e-01,1.306971e-01,2.141950e-03,1.639387e-01
1.095034e-02,2.035525e-03,1.505772e-02,2.434061e-03,2.668689e-02,4.179236e-03,6.677321e-02,3.165705e-01,2.670036e-02,6.929762e-03,9.870513e-03,2.781891e-01,1.117150e-01,1.732168e-03,1.201757e-01
1.004794e-02,2.084995e-03,1.488023e-02,2.306516e-03,2.206276e-02,7.074991e-03,7.556588e-02,4.301268e-01,2.201842e-02,5.450151e-03,8.399569e-03,2.132666e-01,9.916250e-02,1.333259e-03,8.621950e-02
1.130317e-02,3.454921e-03,1.691652e-02,2.276924e-03,1.786545e-02,1.577909e-02,6.482647e-02,4.659390e-01,2.168357e-02,4.085853e-03,6.822971e-03,1.857886e-01,1.190494e-01,1.020516e-03,6.318751e-02
2.186321e-02,3.560611e-03,1.912069e-02,2.046747e-03,1.715093e-02,1.601979e-02,5.261201e-02,5.451642e-01,1.952241e-02,2.933566e-03,5.212340e-03,1.459252e-01,1.015880e-01,9.821448e-04,4.629810e-02
1.983890e-02,3.150735e-03,1.580013e-02,1.672192e-03,1.634085e-02,1.345759e-02,4.197125e-02,6.308414e-01,1.614092e-02,2.087122e-03,3.746511e-03,1.033514e-01,9.548619e-02,7.637871e-04,3.535113e-02
1.900332e-02,2.893807e-03,1.603065e-02,1.403013e-03,1.673653e-02,1.158067e-02,3.369033e-02,6.877388e-01,1.342458e-02,1.518987e-03,2.753140e-03,7.305333e-02,9.076129e-02,6.394400e-04,2.877208e-02
2.437221e-02,2.322445e-03,1.243578e-02,1.331324e-03,1.795910e-02,1.057159e-02,3.366008e-02,7.195714e-01,1.032713e-02,1.151538e-03,1.965895e-03,5.134103e-02,9.128514e-02,4.972959e-04,2.120811e-02
2.522248e-02,1.805645e-03,9.781597e-03,1.466301e-03,1.855301e-02,9.288620e-03,2.824089e-02,7.663558e-01,7.948160e-03,8.650905e-04,1.405333e-03,3.604688e-02,7.695663e-02,3.785683e-04,1.568499e-02
2.381827e-02,1.361888e-03,8.567262e-03,1.735794e-03,1.652263e-02,8.034963e-03,2.543817e-02,8.055493e-01,5.833595e-03,6.548294e-04,1.027559e-03,2.542568e-02,6.412367e-02,2.792975e-04,1.162705e-02
4.553454e-02,1.250511e-03,7.156763e-03,2.852381e-03,1.819915e-02,8.118100e-03,2.679158e-02,8.071581e-01,4.475615e-03,5.654334e-04,8.246852e-04,1.806082e-02,5.017055e-02,2.141430e-04,8.627563e-03
5.045794e-02,1.116218e-03,6.566551e-03,4.009129e-03,1.688429e-02,8.068990e-03,3.136645e-02,8.181551e-01,3.371859e-03,5.047469e-04,7.870314e-04,1.332896e-02,3.888978e-02,1.742773e-04,6.318578e-03
5.678707e-02,1.070710e-03,8.901998e-03,4.450454e-03,1.384330e-02,8.218834e-03,3.406303e-02,8.236136e-01,2.593694e-03,6.451218e-04,9.514089e-04,1.088781e-02,2.893052e-02,2.036601e-04,4.838663e-03
6.778947e-02,1.319093e-03,8.528957e-03,4.308189e-03,1.076339e-02,1.014452e-02,2.758286e-02,7.929757e-01,2.203888e-03,3.496821e-03,9.913452e-03,1.962882e-02,3.547626e-02,1.212281e-03,4.656330e-03
6.306095e-02,1.880023e-03,6.908067e-03,4.010970e-03,8.045898e-03,9.511411e-03,2.042419e-02,7.736718e-01,2.683772e-03,6.093586e-03,1.598122e-02,2.678686e-02,5.155748e-02,3.316943e-03,6.066872e-03
6.751970e-02,2.597284e-03,6.094780e-03,4.532978e-03,6.077711e-03,1.159144e-02,1.514018e-02,6.249887e-01,7.501810e-03,8.821687e-03,2.252869e-02,3.949928e-02,1.607133e-01,7.288519e-03,1.510398e-02
8.289661e-02,3.280917e-03,5.444551e-03,4.908668e-03,4.845897e-03,1.177685e-02,1.114092e-02,4.813161e-01,8.361299e-03,9.009032e-03,3.868079e-02,5.071834e-02,2.530225e-01,1.493715e-02,1.966039e-02
1.055831e-01,5.542160e-03,8.547287e-03,1.208014e-02,8.025384e-03,1.218924e-02,8.478149e-03,3.536080e-01,1.744707e-02,8.064083e-03,3.901114e-02,5.475535e-02,3.347459e-01,1.281717e-02,1.910594e-02
1.848339e-01,5.697861e-03,9.239457e-03,1.202594e-02,8.877650e-03,1.701533e-02,6.550476e-03,2.717009e-01,1.846971e-02,6.296993e-03,3.608268e-02,5.228770e-02,3.424784e-01,1.101048e-02,1.743252e-02
2.743489e-01,5.935327e-03,1.009473e-02,1.016474e-02,1.384535e-02,1.635593e-02,5.359495e-03,2.013784e-01,2.372390e-02,5.502054e-03,3.175684e-02,4.773799e-02,3.247592e-01,9.673703e-03,1.936346e-02
3.323679e-01,6.181127e-03,8.776125e-03,7.730533e-03,1.443121e-02,1.248737e-02,4.124277e-03,1.471301e-01,2.609235e-02,4.889680e-03,2.715386e-02,3.911943e-02,3.304079e-01,7.960794e-03,3.114736e-02
3.803085e-01,5.924182e-03,7.224262e-03,5.702042e-03,1.488517e-02,9.514931e-03,3.280188e-03,1.065029e-01,2.463923e-02,4.224465e-03,2.303819e-02,3.657692e-02,3.295069e-01,6.660706e-03,4.201140e-02
4.381107e-01,5.709627e-03,7.650923e-03,5.453189e-03,2.389508e-02,9.082782e-03,3.199277e-03,8.600239e-02,3.531740e-02,4.729321e-03,2.499634e-02,3.194973e-02,2.724044e-01,5.595057e-03,4.590381e-02
4.216359e-01,5.223670e-03,7.061961e-03,6.037548e-03,2.430438e-02,9.537471e-03,2.907037e-03,7.872060e-02,4.161359e-02,5.274892e-03,3.171277e-02,4.968297e-02,2.758670e-01,5.197220e-03,3.522302e-02
3.319473e-01,4.014136e-03,5.936706e-03,5.496976e-03,4.178068e-02,7.629008e-03,2.685403e-03,8.778955e-02,4.256850e-02,4.630471e-03,4.169860e-02,4.841964e-02,3.404247e-01,4.249884e-03,3.072853e-02
2.344618e-01,3.122325e-03,5.074909e-03,4.406537e-03,4.984094e-02,5.700632e-03,2.202285e-03,9.089951e-02,4.325901e-02,4.485956e-03,3.847535e-02,5.279876e-02,4.379053e-01,3.269766e-03,2.409689e-02
1.674243e-01,2.456954e-03,3.915871e-03,3.656273e-03,4.759933e-02,4.550825e-03,1.644710e-03,9.278044e-02,4.344881e-02,4.914010e-03,3.523143e-02,7.617557e-02,4.960238e-01,2.595877e-03,1.758176e-02
1.215326e-01,2.345168e-03,6.237119e-03,3.276673e-03,5.042502e-02,3.546129e-03,1.296484e-03,1.313190e-01,5.477931e-02,4.624659e-03,2.873378e-02,7.099295e-02,5.063332e-01,2.024198e-03,1.253378e-02
9.310503e-02,2.174170e-03,5.601007e-03,3.075324e-03,1.165065e-01,4.449915e-03,1.739776e-03,1.142722e-01,8.090056e-02,4.102030e-03,2.735273e-02,6.014664e-02,4.748989e-01,1.856478e-03,9.818838e-03
7.421279e-02,2.849407e-03,5.760396e-03,2.526927e-03,1.495132e-01,4.296551e-03,3.377741e-03,1.233387e-01,2.036956e-01,3.235630e-03,2.043943e-02,4.704490e-02,3.509352e-01,1.395408e-03,7.378081e-03
6.578876e-02,4.295748e-03,1.011069e-02,3.492848e-03,1.314965e-01,1.298772e-02,4.173142e-03,1.073397e-01,3.420874e-01,2.580919e-03,1.511691e-02,3.638595e-02,2.576598e-01,1.018653e-03,5.465361e-03
6.243432e-02,4.578158e-03,1.174644e-02,5.587927e-03,1.066352e-01,1.783403e-02,3.968090e-03,1.212234e-01,4.378183e-01,2.062809e-03,1.099209e-02,2.698725e-02,1.834173e-01,7.445693e-04,3.970028e-03
5.427520e-02,4.133628e-03,8.798831e-03,4.952518e-03,1.131049e-01,1.333144e-02,4.061936e-03,2.362010e-01,4.000464e-01,1.481029e-03,7.836035e-03,1.918664e-02,1.292626e-01,5.276384e-04,2.800215e-03
4.350659e-02,3.027231e-03,6.292212e-03,4.206350e-03,1.154673e-01,9.795148e-03,3.593066e-03,4.061336e-01,2.948343e-01,1.044652e-03,5.538508e-03,1.350811e-02,9.071326e-02,3.712912e-04,1.968399e-03
3.248711e-02,2.134604e-03,4.455901e-03,3.154861e-03,8.245627e-02,7.729639e-03,2.684769e-03,5.790137e-01,2.065215e-01,7.356990e-04,3.898776e-03,9.472406e-03,6.360739e-02,2.632489e-04,1.384125e-03
2.430491e-02,1.501541e-03,3.126555e-03,2.241617e-03,5.857664e-02,5.917351e-03,1.910328e-03,7.022233e-01,1.445883e-01,5.160656e-04,2.738745e-03,6.638722e-03,4.456081e-02,1.848545e-04,9.702775e-04
1.955533e-02,1.058506e-03,2.194482e-03,1.613248e-03,4.178226e-02,4.397738e-03,1.369292e-03,7.878020e-01,1.012352e-01,3.628286e-04,1.930422e-03,4.667294e-03,3.122024e-02,1.302859e-04,6.808417e-04
1.614137e-02,7.521712e-04,1.539841e-03,1.251063e-03,3.030676e-02,3.101454e-03,9.771044e-04,8.476415e-01,7.090967e-02,2.560783e-04,1.372550e-03,3.306506e-03,2.187383e-02,9.253232e-05,4.775803e-04
1.306166e-02,5.329849e-04,1.080403e-03,9.206800e-04,2.164603e-02,2.191622e-03,6.925152e-04,8.909959e-01,4.965718e-02,1.802458e-04,9.749357e-04,2.339261e-03,1.532587e-02,6.559561e-05,3.351301e-04
1.688382e-02,4.253327e-04,7.965536e-04,8.982989e-04,1.636782e-02,1.784718e-03,5.311997e-04,9.134559e-01,3.484243e-02,1.306773e-04,7.865716e-04,1.914492e-03,1.087755e-02,5.814315e-05,2.465000e-04
1.912435e-02,3.708898e-04,6.117711e-04,7.352920e-04,1.238469e-02,1.413903e-03,4.458000e-04,9.299757e-01,2.447513e-02,1.010307e-04,7.121596e-04,1.625063e-03,7.767551e-03,5.443344e-05,2.022522e-04
1.934052e-02,3.057585e-04,4.905108e-04,6.170562e-04,9.272084e-03,1.092983e-03,3.811406e-04,9.435209e-01,1.719142e-02,8.050165e-05,6.404758e-04,1.331746e-03,5.515339e-03,5.071842e-05,1.688474e-04
2.115286e-02,2.773130e-04,4.712817e-04,6.833349e-04,7.134406e-03,9.177737e-04,4.443763e-04,9.505329e-01,1.214567e-02,8.325968e-05,7.019421e-04,1.204612e-03,3.993537e-03,6.358770e-05,1.932016e-04
2.253659e-02,2.426073e-04,5.040234e-04,7.502396e-04,5.583274e-03,7.274699e-04,4.423626e-04,9.558369e-01,8.584347e-03,8.825528e-05,6.113752e-04,9.697871e-04,2.866658e-03,6.062608e-05,1.955349e-04
4.323282e-02,2.919175e-04,8.262502e-04,1.381299e-03,4.540320e-03,1.078233e-03,6.899410e-04,9.360334e-01,6.735393e-03,1.247780e-04,8.942700e-04,1.304402e-03,2.261096e-03,1.461770e-04,4.597708e-04
6.935793e-02,1.289684e-03,1.269884e-03,4.020136e-03,4.484088e-03,1.410906e-03,8.192229e-04,8.914043e-01,9.118767e-03,7.403925e-04,4.456208e-03,4.821433e-03,3.818874e-03,5.561401e-04,2.432049e-03
7.967237e-02,1.244892e-03,1.187393e-03,3.884280e-03,4.205281e-03,2.057163e-03,1.283323e-03,8.755726e-01,7.280249e-03,6.895934e-04,4.256999e-03,6.789119e-03,8.560391e-03,5.894287e-04,2.726933e-03
1.025066e-01,4.933215e-03,2.042405e-03,5.924257e-03,7.219574e-03,5.956099e-03,3.037485e-03,8.083116e-01,6.766848e-03,2.004849e-03,4.584437e-03,2.634810e-02,1.394400e-02,1.194505e-03,5.226112e-03
1.492754e-01,5.029391e-03,2.546596e-03,5.153757e-03,6.972386e-03,6.873057e-03,2.848075e-03,7.682853e-01,5.062738e-03,1.687412e-03,4.297153e-03,2.152798e-02,1.370873e-02,1.317061e-03,5.414966e-03
2.464781e-01,6.547601e-03,3.544213e-03,5.111522e-03,8.732772e-03,9.722606e-03,2.489788e-03,6.415798e-01,5.041812e-03,2.478324e-03,6.820472e-03,2.401103e-02,2.286777e-02,2.662480e-03,1.191168e-02
2.836050e-01,8.519767e-03,4.942386e-03,6.205640e-03,1.155926e-02,1.365269e-02,2.417730e-03,4.900198e-01,1.212706e-02,5.658349e-03,1.483721e-02,3.488403e-02,7.446220e-02,5.825475e-03,3.128341e-02
3.064338e-01,1.512588e-02,1.187629e-02,1.823892e-02,1.655540e-02,1.421385e-02,2.515356e-03,3.776567e-01,2.297839e-02,9.457889e-03,1.904051e-02,4.927629e-02,8.205017e-02,7.456846e-03,4.712373e-02
4.379583e-01,1.420480e-02,1.232327e-02,1.962147e-02,1.613456e-02,1.264637e-02,2.746782e-03,2.718119e-01,1.915330e-02,8.220571e-03,1.892372e-02,4.752557e-02,7.159492e-02,7.581837e-03,3.955263e-02
1.000000e+00,0.000000e+00,0.000000e+00,0.000000e+00,0.000000e+00,0.000000e+00,0.000000e+00,0.000000e+00,0.000000e+00,0.000000e+00,0.000000e+00,0.000000e+00,0.000000e+00,0.000000e+00,0.000000e+00
1.000000e+00,0.000000e+00,0.000000e+00,0.000000e+00,0.000000e+00,0.000000e+00,0.000000e+00,0.000000e+00,0.000000e+00,0.000000e+00,0.000000e+00,0.000000e+00,0.000000e+00,0.000000e+00,0.000000e+00
1.000000e+00,0.000000e+00,0.000000e+00,0.000000e+00,0.000000e+00,0.000000e+00,0.000000e+00,0.000000e+00,0.000000e+00,0.000000e+00,0.000000e+00,0.000000e+00,0.000000e+00,0.000000e+00,0.000000e+00
1.000000e+00,0.000000e+00,0.000000e+00,0.000000e+00,0.000000e+00,0.000000e+00,0.000000e+00,0.000000e+00,0.000000e+00,0.000000e+00,0.000000e+00,0.000000e+00,0.000000e+00,0.000000e+00,0.000000e+00
1.000000e+00,0.000000e+00,0.000000e+00,0.000000e+00,0.000000e+00,0.000000e+00,0.000000e+00,0.000000e+00,0.000000e+00,0.000000e+00,0.000000e+00,0.000000e+00,0.000000e+00,0.000000e+00,0.000000e+00
1.000000e+00,0.000000e+00,0.000000e+00,0.000000e+00,0.000000e+00,0.000000e+00,0.000000e+00,0.000000e+00,0.000000e+00,0.000000e+00,0.000000e+00,0.000000e+00,0.000000e+00,0.000000e+00,0.000000e+00
1.000000e+00,0.000000e+00,0.000000e+00,0.000000e+00,0.000000e+00,0.000000e+00,0.000000e+00,0.000000e+00,0.000000e+00,0.000000e+00,0.000000e+00,0.000000e+00,0.000000e+00,0.000000e+00,0.000000e+00
1.000000e+00,0.000000e+00,0.000000e+00,0.000000e+00,0.000000e+00,0.000000e+00,0.000000e+00,0.000000e+00,0.000000e+00,0.000000e+00,0.000000e+00,0.000000e+00,0.000000e+00,0.000000e+00,0.000000e+00
1.000000e+00,0.000000e+00,0.000000e+00,0.000000e+00,0.000000e+00,0.000000e+00,0.000000e+00,0.000000e+00,0.000000e+00,0.000000e+00,0.000000e+00,0.000000e+00,0.000000e+00,0.000000e+00,0.000000e+00
1.000000e+00,0.000000e+00,0.000000e+00,0.000000e+00,0.000000e+00,0.000000e+00,0.000000e+00,0.000000e+00,0.000000e+00,0.000000e+00,0.000000e+00,0.000000e+00,0.000000e+00,0.000000e+00,0.000000e+00
4.985669e-01,1.187689e-02,3.670676e-02,1.084574e-01,9.866463e-02,1.862892e-02,1.394956e-02,4.458553e-02,5.277578e-02,4.455387e-03,6.822368e-03,2.930339e-02,5.679391e-02,4.109006e-03,1.430361e-02
3.553225e-01,8.663486e-03,2.989513e-02,8.422528e-02,2.156535e-01,1.679011e-02,1.648221e-02,1.509464e-01,3.876612e-02,3.137818e-03,4.884723e-03,2.060162e-02,4.157458e-02,2.894964e-03,1.016151e-02
2.578839e-01,6.526015e-03,2.185444e-02,6.079784e-02,2.023349e-01,1.555606e-02,1.462101e-02,3.332347e-01,2.758837e-02,2.215060e-03,3.534746e-03,1.444907e-02,3.020514e-02,2.041307e-03,7.157522e-03
1.896782e-01,5.105127e-03,1.732045e-02,4.503028e-02,1.654922e-01,1.217847e-02,1.169373e-02,4.913782e-01,1.944232e-02,1.619068e-03,2.824358e-03,1.022803e-02,2.151238e-02,1.453442e-03,5.043716e-03
1.360180e-01,3.754499e-03,1.264718e-02,4.135471e-02,1.218055e-01,9.441748e-03,9.132063e-03,4.747680e-01,1.839870e-02,2.256558e-02,7.150865e-02,3.184287e-02,3.648425e-02,2.278003e-03,8.000216e-03
9.831941e-02,2.743703e-03,9.267463e-03,3.177287e-02,8.602305e-02,7.507954e-03,6.830772e-03,3.892623e-01,2.339524e-02,7.555129e-02,1.506876e-01,4.126912e-02,5.264279e-02,1.428087e-02,1.044555e-02
6.971760e-02,2.099047e-03,6.814959e-03,2.490938e-02,6.036665e-02,5.478945e-03,5.213709e-03,2.809622e-01,5.427660e-02,1.124706e-01,2.290940e-01,3.833781e-02,7.316074e-02,2.485541e-02,1.224232e-02
4.887485e-02,1.614945e-03,4.936109e-03,1.775940e-02,4.275988e-02,4.059949e-03,3.705059e-03,1.976596e-01,6.343646e-02,1.103781e-01,2.067489e-01,2.747985e-02,5.432025e-02,2.042355e-01,1.203119e-02
3.434142e-02,1.963221e-03,3.806536e-03,1.296675e-02,3.046707e-02,3.343472e-03,2.616745e-03,1.384662e-01,1.175338e-01,9.863702e-02,1.850403e-01,1.971526e-02,3.979637e-02,2.915841e-01,1.972192e-02
2.420878e-02,1.920412e-03,2.961503e-03,1.072265e-02,2.166259e-02,4.942942e-03,1.892067e-03,9.697844e-02,3.352769e-01,7.036696e-02,1.402215e-01,1.555893e-02,3.058859e-02,2.251870e-01,1.751079e-02
1.746945e-02,2.263489e-03,2.448536e-03,1.201866e-02,1.598926e-02,2.907517e-02,1.703277e-03,6.805838e-02,3.903816e-01,5.183812e-02,1.368746e-01,1.527607e-02,2.677419e-02,2.132898e-01,1.653946e-02
1.710190e-02,3.510793e-03,1.874596e-03,2.754566e-02,1.161754e-02,3.872438e-02,1.618539e-03,4.784863e-02,4.033278e-01,3.722879e-02,1.150922e-01,6.436764e-02,3.301621e-02,1.805796e-01,1.654576e-02
1.808924e-02,6.984378e-03,1.581869e-03,3.513540e-02,8.759398e-03,5.916520e-02,1.893980e-03,3.432344e-02,3.417816e-01,2.810246e-02,1.149607e-01,1.168446e-01,4.660449e-02,1.646211e-01,2.115208e-02
1.414984e-02,2.330489e-02,1.576174e-03,2.771022e-02,6.938606e-03,4.523797e-02,1.486255e-03,2.444951e-02,2.796019e-01,2.311861e-02,1.758435e-01,1.273004e-01,5.881969e-02,1.660482e-01,2.441418e-02
1.179908e-02,4.751128e-02,1.702670e-03,2.172477e-02,5.328835e-03,3.950461e-02,1.171885e-03,1.739806e-02,2.397313e-01,2.618318e-02,1.535021e-01,1.157573e-01,4.325563e-02,2.420687e-01,3.336056e-02
8.645395e-03,1.020673e-01,2.981712e-03,1.705354e-02,5.294617e-03,3.417721e-02,8.648077e-04,1.227403e-02,2.426348e-01,6.080678e-02,1.463835e-01,9.563255e-02,3.164000e-02,1.986323e-01,4.091135e-02
6.500534e-03,7.439929e-02,2.327218e-03,1.342841e-02,8.633394e-03,3.087382e-02,8.427615e-04,8.732812e-03,2.616613e-01,1.880761e-01,1.198005e-01,7.223914e-02,2.503813e-02,1.459572e-01,4.148937e-02
4.854562e-03,5.581021e-02,1.906474e-03,1.073283e-02,1.407661e-02,2.320707e-02,7.868013e-04,6.314354e-03,2.685776e-01,3.019837e-01,9.738044e-02,5.491235e-02,1.919917e-02,1.058548e-01,3.440299e-02
3.935107e-03,5.727901e-02,2.383364e-03,1.020768e-02,1.852481e-02,1.863226e-02,7.482689e-04,4.846964e-03,3.086796e-01,3.167306e-01,8.620338e-02,4.366229e-02,1.603318e-02,7.894509e-02,3.318830e-02
3.719768e-03,4.266413e-02,1.901811e-03,1.400799e-02,1.403926e-02,1.902171e-02,5.476420e-04,3.835218e-03,3.828709e-01,2.842757e-01,6.718493e-02,3.194882e-02,1.548782e-02,6.171171e-02,5.678258e-02
3.085801e-03,3.296234e-02,1.510443e-03,1.425119e-02,1.029004e-02,2.216622e-02,3.937462e-04,3.120013e-03,4.716591e-01,2.537313e-01,4.945923e-02,2.278062e-02,1.149894e-02,4.484330e-02,5.824774e-02
