1.000000e+00,0.000000e+00,0.000000e+00,0.000000e+00,0.000000e+00,0.000000e+00,0.000000e+00,0.000000e+00,0.000000e+00,0.000000e+00,0.000000e+00,0.000000e+00,0.000000e+00,0.000000e+00,0.000000e+00
1.000000e+00,0.000000e+00,0.000000e+00,0.000000e+00,0.000000e+00,0.000000e+00,0.000000e+00,0.000000e+00,0.000000e+00,0.000000e+00,0.000000e+00,0.000000e+00,0.000000e+00,0.000000e+00,0.000000e+00
1.000000e+00,0.000000e+00,0.000000e+00,0.000000e+00,0.000000e+00,0.000000e+00,0.000000e+00,0.000000e+00,0.000000e+00,0.000000e+00,0.000000e+00,0.000000e+00,0.000000e+00,0.000000e+00,0.000000e+00
1.000000e+00,0.000000e+00,0.000000e+00,0.000000e+00,0.000000e+00,0.000000e+00,0.000000e+00,0.000000e+00,0.000000e+00,0.000000e+00,0.000000e+00,0.000000e+00,0.000000e+00,0.000000e+00,0.000000e+00
1.000000e+00,0.000000e+00,0.000000e+00,0.000000e+00,0.000000e+00,0.000000e+00,0.000000e+00,0.000000e+00,0.000000e+00,0.000000e+00,0.000000e+00,0.000000e+00,0.000000e+00,0.000000e+00,0.000000e+00
1.000000e+00,0.000000e+00,0.000000e+00,0.000000e+00,0.000000e+00,0.000000e+00,0.000000e+00,0.000000e+00,0.000000e+00,0.000000e+00,0.000000e+00,0.000000e+00,0.000000e+00,0.000000e+00,0.000000e+00
1.000000e+00,0.000000e+00,0.000000e+00,0.000000e+00,0.000000e+00,0.000000e+00,0.000000e+00,0.000000e+00,0.000000e+00,0.000000e+00,0.000000e+00,0.000000e+00,0.000000e+00,0.000000e+00,0.000000e+00
1.000000e+00,0.000000e+00,0.000000e+00,0.000000e+00,0.000000e+00,0.000000e+00,0.000000e+00,0.000000e+00,0.000000e+00,0.000000e+00,0.000000e+00,0.000000e+00,0.000000e+00,0.000000e+00,0.000000e+00
1.000000e+00,0.000000e+00,0.000000e+00,0.000000e+00,0.000000e+00,0.000000e+00,0.000000e+00,0.000000e+00,0.000000e+00,0.000000e+00,0.000000e+00,0.000000e+00,0.000000e+00,0.000000e+00,0.000000e+00
1.000000e+00,0.000000e+00,0.000000e+00,0.000000e+00,0.000000e+00,0.000000e+00,0.000000e+00,0.000000e+00,0.000000e+00,0.000000e+00,0.000000e+00,0.000000e+00,0.000000e+00,0.000000e+00,0.000000e+00
1.000000e+00,0.000000e+00,0.000000e+00,0.000000e+00,0.000000e+00,0.000000e+00,0.000000e+00,0.000000e+00,0.000000e+00,0.000000e+00,0.000000e+00,0.000000e+00,0.000000e+00,0.000000e+00,0.000000e+00
1.000000e+00,0.000000e+00,0.000000e+00,0.000000e+00,0.000000e+00,0.000000e+00,0.000000e+00,0.000000e+00,0.000000e+00,0.000000e+00,0.000000e+00,0.000000e+00,0.000000e+00,0.000000e+00,0.000000e+00
1.000000e+00,0.000000e+00,0.000000e+00,0.000000e+00,0.000000e+00,0.000000e+00,0.000000e+00,0.000000e+00,0.000000e+00,0.000000e+00,0.000000e+00,0.000000e+00,0.000000e+00,0.000000e+00,0.000000e+00
1.000000e+00,0.000000e+00,0.000000e+00,0.000000e+00,0.000000e+00,0.000000e+00,0.000000e+00,0.000000e+00,0.000000e+00,0.000000e+00,0.000000e+00,0.000000e+00,0.000000e+00,0.000000e+00,0.000000e+00
1.000000e+00,0.000000e+00,0.000000e+00,0.000000e+00,0.000000e+00,0.000000e+00,0.000000e+00,0.000000e+00,0.000000e+00,0.000000e+00,0.000000e+00,0.000000e+00,0.000000e+00,0.000000e+00,0.000000e+00
1.000000e+00,0.000000e+00,0.000000e+00,0.000000e+00,0.000000e+00,0.000000e+00,0.000000e+00,0.000000e+00,0.000000e+00,0.000000e+00,0.000000e+00,0.000000e+00,0.000000e+00,0.000000e+00,0.000000e+00
1.000000e+00,0.000000e+00,0.000000e+00,0.000000e+00,0.000000e+00,0.000000e+00,0.000000e+00,0.000000e+00,0.000000e+00,0.000000e+00,0.000000e+00,0.000000e+00,0.000000e+00,0.000000e+00,0.000000e+00
1.000000e+00,0.000000e+00,0.000000e+00,0.000000e+00,0.000000e+00,0.000000e+00,0.000000e+00,0.000000e+00,0.000000e+00,0.000000e+00,0.000000e+00,0.000000e+00,0.000000e+00,0.000000e+00,0.000000e+00
1.000000e+00,0.000000e+00,0.000000e+00,0.000000e+00,0.000000e+00,0.000000e+00,0.000000e+00,0.000000e+00,0.000000e+00,0.000000e+00,0.000000e+00,0.000000e+00,0.000000e+00,0.000000e+00,0.000000e+00
1.000000e+00,0.000000e+00,0.000000e+00,0.000000e+00,0.000000e+00,0.000000e+00,0.000000e+00,0.000000e+00,0.000000e+00,0.000000e+00,0.000000e+00,0.000000e+00,0.000000e+00,0.000000e+00,0.000000e+00
1.000000e+00,0.000000e+00,0.000000e+00,0.000000e+00,0.000000e+00,0.000000e+00,0.000000e+00,0.000000e+00,0.000000e+00,0.000000e+00,0.000000e+00,0.000000e+00,0.000000e+00,0.000000e+00,0.000000e+00
1.000000e+00,0.000000e+00,0.000000e+00,0.000000e+00,0.000000e+00,0.000000e+00,0.000000e+00,0.000000e+00,0.000000e+00,0.000000e+00,0.000000e+00,0.000000e+00,0.000000e+00,0.000000e+00,0.000000e+00
1.000000e+00,0.000000e+00,0.000000e+00,0.000000e+00,0.000000e+00,0.000000e+00,0.000000e+00,0.000000e+00,0.000000e+00,0.000000e+00,0.000000e+00,0.000000e+00,0.000000e+00,0.000000e+00,0.000000e+00
1.000000e+00,0.000000e+00,0.000000e+00,0.000000e+00,0.000000e+00,0.000000e+00,0.000000e+00,0.000000e+00,0.000000e+00,0.000000e+00,0.000000e+00,0.000000e+00,0.000000e+00,0.000000e+00,0.000000e+00
1.000000e+00,0.000000e+00,0.000000e+00,0.000000e+00,0.000000e+00,0.000000e+00,0.000000e+00,0.000000e+00,0.000000e+00,0.000000e+00,0.000000e+00,0.000000e+00,0.000000e+00,0.000000e+00,0.000000e+00
1.000000e+00,0.000000e+00,0.000000e+00,0.000000e+00,0.000000e+00,0.000000e+00,0.000000e+00,0.000000e+00,0.000000e+00,0.000000e+00,0.000000e+00,0.000000e+00,0.000000e+00,0.000000e+00,0.000000e+00
1.000000e+00,0.000000e+00,0.000000e+00,0.000000e+00,0.000000e+00,0.000000e+00,0.000000e+00,0.000000e+00,0.000000e+00,0.000000e+00,0.000000e+00,0.000000e+00,0.000000e+00,0.000000e+00,0.000000e+00
1.000000e+00,0.000000e+00,0.000000e+00,0.000000e+00,0.000000e+00,0.000000e+00,0.000000e+00,0.000000e+00,0.000000e+00,0.000000e+00,0.000000e+00,0.000000e+00,0.000000e+00,0.000000e+00,0.000000e+00
1.000000e+00,0.000000e+00,0.000000e+00,0.000000e+00,0.000000e+00,0.000000e+00,0.000000e+00,0.000000e+00,0.000000e+00,0.000000e+00,0.000000e+00,0.000000e+00,0.000000e+00,0.000000e+00,0.000000e+00
1.000000e+00,0.000000e+00,0.000000e+00,0.000000e+00,0.000000e+00,0.000000e+00,0.000000e+00,0.000000e+00,0.000000e+00,0.000000e+00,0.000000e+00,0.000000e+00,0.000000e+00,0.000000e+00,0.000000e+00
1.000000e+00,0.000000e+00,0.000000e+00,0.000000e+00,0.000000e+00,0.000000e+00,0.000000e+00,0.000000e+00,0.000000e+00,0.000000e+00,0.000000e+00,0.000000e+00,0.000000e+00,0.000000e+00,0.000000e+00
1.000000e+00,0.000000e+00,0.000000e+00,0.000000e+00,0.000000e+00,0.000000e+00,0.000000e+00,0.000000e+00,0.000000e+00,0.000000e+00,0.000000e+00,0.000000e+00,0.000000e+00,0.000000e+00,0.000000e+00
1.000000e+00,0.000000e+00,0.000000e+00,0.000000e+00,0.000000e+00,0.000000e+00,0.000000e+00,0.000000e+00,0.000000e+00,0.000000e+00,0.000000e+00,0.000000e+00,0.000000e+00,0.000000e+00,0.000000e+00
1.000000e+00,0.000000e+00,0.000000e+00,0.000000e+00,0.000000e+00,0.000000e+00,0.000000e+00,0.000000e+00,0.000000e+00,0.000000e+00,0.000000e+00,0.000000e+00,0.000000e+00,0.000000e+00,0.000000e+00
1.000000e+00,0.000000e+00,0.000000e+00,0.000000e+00,0.000000e+00,0.000000e+00,0.000000e+00,0.000000e+00,0.000000e+00,0.000000e+00,0.000000e+00,0.000000e+00,0.000000e+00,0.000000e+00,0.000000e+00
1.000000e+00,0.000000e+00,0.000000e+00,0.000000e+00,0.000000e+00,0.000000e+00,0.000000e+00,0.000000e+00,0.000000e+00,0.000000e+00,0.000000e+00,0.000000e+00,0.000000e+00,0.000000e+00,0.000000e+00
1.000000e+00,0.000000e+00,0.000000e+00,0.000000e+00,0.000000e+00,0.000000e+00,0.000000e+00,0.000000e+00,0.000000e+00,0.000000e+00,0.000000e+00,0.000000e+00,0.000000e+00,0.000000e+00,0.000000e+00
1.000000e+00,0.000000e+00,0.000000e+00,0.000000e+00,0.000000e+00,0.000000e+00,0.000000e+00,0.000000e+00,0.000000e+00,0.000000e+00,0.000000e+00,0.000000e+00,0.000000e+00,0.000000e+00,0.000000e+00
1.000000e+00,0.000000e+00,0.000000e+00,0.000000e+00,0.000000e+00,0.000000e+00,0.000000e+00,0.000000e+00,0.000000e+00,0.000000e+00,0.000000e+00,0.000000e+00,0.000000e+00,0.000000e+00,0.000000e+00
1.000000e+00,0.000000e+00,0.000000e+00,0.000000e+00,0.000000e+00,0.000000e+00,0.000000e+00,0.000000e+00,0.000000e+00,0.000000e+00,0.000000e+00,0.000000e+00,0.000000e+00,0.000000e+00,0.000000e+00
1.000000e+00,0.000000e+00,0.000000e+00,0.000000e+00,0.000000e+00,0.000000e+00,0.000000e+00,0.000000e+00,0.000000e+00,0.000000e+00,0.000000e+00,0.000000e+00,0.000000e+00,0.000000e+00,0.000000e+00
1.000000e+00,0.000000e+00,0.000000e+00,0.000000e+00,0.000000e+00,0.000000e+00,0.000000e+00,0.000000e+00,0.000000e+00,0.000000e+00,0.000000e+00,0.000000e+00,0.000000e+00,0.000000e+00,0.000000e+00
4.626023e-01,5.167461e-02,3.503513e-02,2.421230e-01,1.722706e-02,2.546889e-02,6.517224e-03,2.617142e-02,1.777000e-02,2.432205e-03,2.351596e-02,3.687112e-02,1.682771e-02,5.545939e-03,3.021739e-02
4.428353e-01,6.424912e-02,3.587789e-02,2.342880e-01,1.949111e-02,2.727105e-02,7.215074e-03,2.312300e-02,2.024223e-02,3.141266e-03,2.371311e-02,3.691456e-02,1.792569e-02,6.249861e-03,3.746273e-02
1.000000e+00,0.000000e+00,0.000000e+00,0.000000e+00,0.000000e+00,0.000000e+00,0.000000e+00,0.000000e+00,0.000000e+00,0.000000e+00,0.000000e+00,0.000000e+00,0.000000e+00,0.000000e+00,0.000000e+00
1.000000e+00,0.000000e+00,0.000000e+00,0.000000e+00,0.000000e+00,0.000000e+00,0.000000e+00,0.000000e+00,0.000000e+00,0.000000e+00,0.000000e+00,0.000000e+00,0.000000e+00,0.000000e+00,0.000000e+00
1.000000e+00,0.000000e+00,0.000000e+00,0.000000e+00,0.000000e+00,0.000000e+00,0.000000e+00,0.000000e+00,0.000000e+00,0.000000e+00,0.000000e+00,0.000000e+00,0.000000e+00,0.000000e+00,0.000000e+00
4.624648e-01,5.071842e-02,1.006955e-01,1.920432e-01,1.227259e-02,2.378165e-02,5.768989e-03,2.245324e-02,1.333465e-02,2.617089e-03,1.980737e-02,3.435423e-02,1.912685e-02,5.041161e-03,3.552024e-02
1.000000e+00,0.000000e+00,0.000000e+00,0.000000e+00,0.000000e+00,0.000000e+00,0.000000e+00,0.000000e+00,0.000000e+00,0.000000e+00,0.000000e+00,0.000000e+00,0.000000e+00,0.000000e+00,0.000000e+00
4.418271e-01,4.042297e-02,1.438689e-01,1.986238e-01,8.128488e-03,1.853402e-02,3.771559e-03,2.534804e-02,1.163495e-02,2.184054e-03,2.151417e-02,2.862640e-02,1.752857e-02,5.305079e-03,3.268201e-02
4.250566e-01,3.068187e-02,2.145723e-01,1.603267e-01,6.834559e-03,1.611886e-02,3.260841e-03,4.877374e-02,8.760977e-03,1.772890e-03,1.739620e-02,2.220095e-02,1.485272e-02,4.242501e-03,2.514827e-02
4.801990e-01,2.322843e-02,2.024992e-01,1.218728e-01,5.712112e-03,1.421623e-02,3.186594e-03,7.455850e-02,6.546977e-03,1.467367e-03,1.384658e-02,1.740804e-02,1.222135e-02,3.461509e-03,1.957527e-02
1.000000e+00,0.000000e+00,0.000000e+00,0.000000e+00,0.000000e+00,0.000000e+00,0.000000e+00,0.000000e+00,0.000000e+00,0.000000e+00,0.000000e+00,0.000000e+00,0.000000e+00,0.000000e+00,0.000000e+00
1.000000e+00,0.000000e+00,0.000000e+00,0.000000e+00,0.000000e+00,0.000000e+00,0.000000e+00,0.000000e+00,0.000000e+00,0.000000e+00,0.000000e+00,0.000000e+00,0.000000e+00,0.000000e+00,0.000000e+00
1.000000e+00,0.000000e+00,0.000000e+00,0.000000e+00,0.000000e+00,0.000000e+00,0.000000e+00,0.000000e+00,0.000000e+00,0.000000e+00,0.000000e+00,0.000000e+00,0.000000e+00,0.000000e+00,0.000000e+00
4.866239e-01,7.461446e-03,8.835000e-02,3.729061e-02,2.646166e-03,8.918904e-03,4.138839e-03,3.340579e-01,1.945902e-03,7.575596e-04,5.621095e-03,7.715502e-03,5.614200e-03,1.465055e-03,7.392967e-03
3.843665e-01,5.368873e-03,6.668651e-02,2.703488e-02,2.252719e-03,7.011177e-03,4.134617e-03,4.805039e-01,1.393453e-03,6.019289e-04,4.036468e-03,5.795702e-03,4.316845e-03,1.086554e-03,5.409908e-03
3.825296e-01,3.963718e-03,4.974343e-02,1.959241e-02,2.160392e-03,7.224069e-03,5.201647e-03,5.093133e-01,1.054746e-03,6.347582e-04,3.116847e-03,5.669546e-03,4.186903e-03,8.738639e-04,4.734726e-03
3.352122e-01,2.940293e-03,3.769886e-02,1.421042e-02,2.122897e-03,6.382613e-03,4.991856e-03,5.792109e-01,7.815704e-04,6.195095e-04,2.386962e-03,5.139315e-03,3.573957e-03,7.013794e-04,4.027181e-03
2.681504e-01,2.115745e-03,2.831001e-02,1.029964e-02,2.396725e-03,4.977953e-03,4.668669e-03,6.656041e-01,5.644609e-04,4.908117e-04,1.814648e-03,4.112926e-03,2.948225e-03,5.490747e-04,2.996634e-03
1.956374e-01,1.515293e-03,2.125686e-02,7.397343e-03,2.650273e-03,3.684342e-03,4.550527e-03,7.532121e-01,4.033373e-04,3.865604e-04,1.319838e-03,3.048789e-03,2.353839e-03,4.069119e-04,2.176591e-03
1.408985e-01,1.112465e-03,1.560540e-02,5.293661e-03,2.677920e-03,2.877015e-03,4.604589e-03,8.188875e-01,3.015280e-04,3.640852e-04,9.708674e-04,2.381406e-03,2.030079e-03,3.124344e-04,1.682530e-03
1.016408e-01,8.145699e-04,1.150997e-02,3.781751e-03,2.791756e-03,2.151347e-03,4.707452e-03,8.663023e-01,2.253438e-04,2.999129e-04,7.370177e-04,1.832560e-03,1.673315e-03,2.470015e-04,1.284910e-03
7.342222e-02,6.277953e-04,8.781212e-03,2.761576e-03,3.154703e-03,1.685211e-03,4.069882e-03,8.998557e-01,2.082704e-04,3.822683e-04,6.043046e-04,1.497706e-03,1.590915e-03,2.336977e-04,1.124553e-03
5.881824e-02,5.764320e-04,6.509063e-03,2.350343e-03,8.033672e-03,1.590144e-03,3.422640e-03,9.107781e-01,5.586917e-04,6.988177e-04,7.591284e-04,1.726858e-03,2.768324e-03,2.623819e-04,1.147155e-03
4.330843e-02,6.462394e-04,4.610829e-03,1.923229e-03,6.909512e-03,1.258355e-03,2.528084e-03,7.244425e-01,2.787482e-03,9.513676e-03,4.144855e-02,2.603879e-02,1.238491e-01,7.776527e-03,2.958678e-03
3.150652e-02,5.902465e-04,3.247442e-03,2.650565e-03,6.237285e-03,9.964902e-04,1.807107e-03,5.426942e-01,8.079396e-03,8.977325e-03,6.743104e-02,4.963759e-02,2.645962e-01,7.572137e-03,3.976513e-03
2.358523e-02,5.245332e-04,2.294544e-03,2.275699e-03,4.635117e-03,7.359852e-04,1.297520e-03,3.841306e-01,7.164457e-03,7.121500e-03,5.753892e-02,4.741847e-02,4.504882e-01,6.803415e-03,3.985865e-03
2.347311e-02,4.742885e-04,1.636026e-03,2.140262e-03,3.652707e-03,6.090035e-04,9.533318e-04,2.714160e-01,9.717107e-03,6.186934e-03,5.589788e-02,4.648173e-02,5.661148e-01,5.973030e-03,5.273756e-03
1.804861e-02,2.412329e-03,1.650651e-03,2.786829e-03,7.815359e-03,5.033102e-04,6.873679e-04,1.911786e-01,1.748170e-01,4.694187e-03,5.255731e-02,4.816964e-02,4.848888e-01,4.380603e-03,5.409453e-03
2.344250e-02,9.489001e-03,1.811028e-03,8.399701e-03,1.110265e-02,9.605017e-04,8.775482e-04,1.382091e-01,3.595533e-01,4.202019e-03,4.174321e-02,3.471145e-02,3.521049e-01,3.570648e-03,9.822354e-03
4.340174e-02,8.254747e-03,2.038204e-03,6.964179e-02,7.143641e-02,2.701339e-03,9.149610e-04,9.850546e-02,3.511206e-01,3.514804e-03,4.771224e-02,2.599363e-02,2.640409e-01,2.773633e-03,7.949563e-03
3.066239e-02,5.864537e-03,1.550583e-03,6.667563e-02,7.180028e-02,2.731829e-03,6.912946e-04,6.986062e-02,2.518191e-01,3.297243e-03,1.842936e-01,2.453176e-02,2.779601e-01,2.017343e-03,6.243738e-03
2.182177e-02,4.182169e-03,1.155310e-03,5.171715e-02,5.588070e-02,2.288505e-03,4.951742e-04,4.922859e-02,1.811640e-01,3.137146e-03,3.297952e-01,2.210588e-02,2.708321e-01,1.475316e-03,4.720994e-03
1.560348e-02,2.980970e-03,9.092243e-04,3.699556e-02,4.271452e-02,1.704530e-03,3.694994e-04,3.559991e-02,1.357552e-01,3.701794e-03,4.369291e-01,2.564381e-02,2.550857e-01,1.389180e-03,4.617563e-03
1.212519e-02,3.176127e-03,1.422392e-03,2.667876e-02,3.275702e-02,3.291018e-03,5.088856e-04,2.890689e-02,1.075282e-01,9.690205e-03,4.489065e-01,2.453458e-02,2.479476e-01,2.713449e-03,4.981324e-02
9.512871e-03,3.628981e-03,2.156843e-03,1.961789e-02,3.222959e-02,8.707435e-03,7.468697e-04,2.550427e-02,9.859461e-02,1.122285e-02,3.936798e-01,2.735402e-02,2.457336e-01,4.915368e-03,1.163950e-01
7.200059e-03,3.328570e-03,2.515696e-03,1.435995e-02,3.441627e-02,1.494982e-02,1.525752e-03,3.507645e-02,8.141703e-02,1.122859e-02,3.349327e-01,3.150686e-02,2.923741e-01,4.727344e-03,1.304409e-01
5.666589e-03,2.777500e-03,2.399947e-03,1.097195e-02,2.790580e-02,1.293389e-02,1.411467e-03,7.995455e-02,6.743149e-02,8.871203e-03,2.527896e-01,2.969426e-02,3.861743e-01,3.561356e-03,1.074562e-01
4.530113e-03,2.191471e-03,2.396650e-03,8.184361e-03,2.082069e-02,9.638208e-03,1.784787e-03,2.363520e-01,5.103365e-02,6.311384e-03,1.825523e-01,2.462371e-02,3.672735e-01,2.623003e-03,7.968423e-02
3.296208e-03,1.550654e-03,1.818876e-03,5.757684e-03,1.478508e-02,6.802177e-03,1.294525e-03,4.549323e-01,3.626774e-02,4.419871e-03,1.280899e-01,1.775229e-02,2.654962e-01,1.844799e-03,5.589188e-02
2.425631e-03,1.104571e-03,1.336472e-03,4.061916e-03,1.049651e-02,4.813067e-03,9.316230e-04,6.162778e-01,2.563191e-02,3.095719e-03,8.974174e-02,1.261778e-02,1.870294e-01,1.294316e-03,3.914153e-02
3.304134e-03,8.304469e-04,1.210893e-03,3.142054e-03,7.762981e-03,4.512588e-03,7.008144e-04,7.214782e-01,1.839585e-02,2.180781e-03,6.308848e-02,9.691627e-03,1.352421e-01,9.633497e-04,2.749575e-02
3.775172e-03,5.980764e-04,1.090551e-03,2.374109e-03,5.915504e-03,5.516942e-03,5.378163e-04,7.947420e-01,1.298940e-02,1.545594e-03,4.434807e-02,7.271316e-03,9.925584e-02,7.489974e-04,1.929062e-02
5.108889e-03,4.307494e-04,1.038943e-03,1.851782e-03,5.773199e-03,4.871120e-03,5.209616e-04,8.486247e-01,9.189347e-03,1.103469e-03,3.118681e-02,5.146784e-03,7.101655e-02,5.925812e-04,1.354403e-02
7.212958e-03,3.356450e-04,9.214468e-04,1.508598e-03,5.531338e-03,4.058995e-03,4.742460e-04,8.863229e-01,6.533969e-03,7.846076e-04,2.189146e-02,3.651459e-03,5.079700e-02,4.579039e-04,9.517490e-03
9.083989e-03,2.950296e-04,1.155528e-03,1.527916e-03,4.449354e-03,4.460262e-03,4.372221e-04,9.096927e-01,4.617657e-03,5.771575e-04,1.553694e-02,2.795177e-03,3.799690e-02,5.502072e-04,6.823953e-03
1.277014e-02,2.477119e-04,1.341150e-03,1.298563e-03,3.944420e-03,5.586463e-03,7.504283e-04,9.227906e-01,3.286621e-03,4.199440e-04,1.100235e-02,2.177180e-03,2.903419e-02,4.487577e-04,4.901461e-03
1.720587e-02,2.566712e-04,1.551832e-03,1.339202e-03,3.968819e-03,7.987041e-03,1.624352e-03,9.268173e-01,2.375663e-03,3.103583e-04,7.851304e-03,1.779476e-03,2.296888e-02,3.840860e-04,3.579109e-03
1.993659e-02,2.264310e-04,1.572917e-03,1.346681e-03,4.345930e-03,9.949964e-03,3.877005e-03,9.293262e-01,1.744559e-03,2.334548e-04,5.626375e-03,1.377235e-03,1.753928e-02,2.875493e-04,2.609874e-03
1.890997e-02,1.846352e-04,1.761925e-03,1.191001e-03,3.382678e-03,8.530959e-03,3.926834e-03,9.409006e-01,1.295914e-03,1.910233e-04,4.032930e-03,1.075448e-03,1.244394e-02,2.142838e-04,1.957910e-03
1.934737e-02,1.776190e-04,1.565965e-03,1.112343e-03,2.659689e-03,7.257831e-03,4.761744e-03,9.473261e-01,1.017165e-03,2.046123e-04,3.050251e-03,9.325183e-04,8.919691e-03,1.661057e-04,1.500991e-03
2.662490e-02,8.554864e-04,1.423738e-03,1.128849e-03,2.906785e-03,1.454724e-02,4.907016e-03,8.193756e-01,3.768411e-02,3.376009e-03,3.076522e-02,1.275568e-02,3.155922e-02,4.952519e-03,7.137665e-03
3.195932e-02,1.147503e-03,1.406886e-03,1.302519e-03,2.936568e-03,1.905867e-02,5.417497e-03,7.046856e-01,4.418481e-02,9.443904e-03,4.651342e-02,2.371460e-02,8.977538e-02,6.169047e-03,1.228431e-02
5.082677e-02,2.005670e-03,1.486563e-03,2.505458e-03,2.528455e-03,1.670176e-02,4.893267e-03,5.142273e-01,8.013444e-02,1.517376e-02,5.013533e-02,6.486060e-02,1.643258e-01,1.503402e-02,1.516081e-02
4.739723e-02,2.198745e-03,1.750346e-03,2.532098e-03,3.050768e-03,1.315268e-02,4.379900e-03,3.627885e-01,6.018382e-02,2.049213e-02,4.586442e-02,9.091999e-02,3.095562e-01,1.647788e-02,1.925538e-02
7.014832e-02,4.816259e-03,2.245744e-03,3.127683e-03,6.130809e-03,1.311303e-02,8.468040e-03,2.588260e-01,5.201198e-02,1.945229e-02,3.602304e-02,1.791004e-01,3.013271e-01,1.807436e-02,2.713491e-02
5.285674e-02,4.337403e-03,1.780995e-03,2.425871e-03,5.355918e-03,1.003969e-02,6.871840e-03,1.813755e-01,3.959834e-02,2.121477e-02,2.720202e-02,3.270433e-01,2.868068e-01,1.353800e-02,1.955272e-02
4.052507e-02,6.176046e-03,1.990719e-03,2.219818e-03,7.485884e-03,7.651624e-03,5.346251e-03,1.270851e-01,3.766105e-02,3.538003e-02,2.137293e-02,4.135272e-01,2.690915e-01,1.022004e-02,1.426678e-02
2.980220e-02,4.784404e-03,1.751052e-03,1.684275e-03,9.645345e-03,6.007760e-03,5.942771e-03,8.915517e-02,3.954801e-02,3.269894e-02,1.656698e-02,5.007693e-01,2.421873e-01,9.039586e-03,1.041699e-02
2.119327e-02,3.452603e-03,1.290492e-03,1.326215e-03,9.876532e-03,4.737001e-03,5.038127e-03,6.250993e-02,3.181842e-02,2.637049e-02,1.497351e-02,5.940815e-01,2.082990e-01,7.470758e-03,7.562203e-03
1.531894e-02,2.479816e-03,9.615514e-04,1.111557e-03,8.317973e-03,7.825810e-03,4.022161e-03,4.384289e-02,2.554299e-02,2.058788e-02,1.383553e-02,6.816639e-01,1.632799e-01,5.813075e-03,5.395979e-03
1.096494e-02,1.919262e-03,8.131353e-04,1.483847e-03,7.764156e-03,1.388215e-02,3.250810e-03,3.093034e-02,2.015575e-02,2.235187e-02,1.710912e-02,7.152306e-01,1.444510e-01,5.632927e-03,4.060197e-03
7.759939e-03,1.629861e-03,7.571859e-04,1.854324e-03,7.546855e-03,2.156825e-02,2.475720e-03,2.176373e-02,1.608619e-02,1.876009e-02,1.929842e-02,7.425030e-01,1.307577e-01,4.311318e-03,2.927320e-03
5.537171e-03,1.226114e-03,6.592468e-04,1.611985e-03,6.716439e-03,4.725979e-02,1.787881e-03,1.530203e-02,1.410311e-02,1.413530e-02,1.798692e-02,7.610466e-01,1.071922e-01,3.328816e-03,2.106342e-03
3.911858e-03,9.202249e-04,5.562401e-04,1.210613e-03,6.939963e-03,3.756325e-02,1.352835e-03,1.079183e-02,1.176084e-02,1.014601e-02,1.353253e-02,8.146350e-01,8.262739e-02,2.541437e-03,1.509958e-03
2.781394e-03,7.146376e-04,5.399627e-04,9.114260e-04,8.015385e-03,3.634036e-02,1.077051e-03,7.666906e-03,1.093128e-02,7.303930e-03,1.067724e-02,8.479708e-01,6.203871e-02,1.944602e-03,1.086338e-03
2.003573e-03,5.990100e-04,5.216495e-04,6.893161e-04,8.476183e-03,2.958534e-02,8.272781e-04,5.503392e-03,1.165170e-02,5.258587e-03,8.769068e-03,8.782910e-01,4.547785e-02,1.565872e-03,7.801184e-04
1.442662e-03,4.998056e-04,4.471494e-04,5.146320e-04,7.427654e-03,2.723102e-02,6.376868e-04,3.954254e-03,1.026131e-02,3.791866e-03,7.239435e-03,9.011134e-01,3.363148e-02,1.241643e-03,5.659368e-04
1.135058e-03,5.642867e-04,6.397128e-04,4.197025e-04,7.580472e-03,2.554753e-02,6.050743e-04,3.146378e-03,1.421032e-02,2.819945e-03,6.715521e-03,9.082686e-01,2.680716e-02,1.113693e-03,4.265939e-04
9.965809e-04,5.794835e-04,8.379339e-04,3.521911e-04,7.095668e-03,2.371746e-02,5.123970e-04,2.580487e-03,1.451602e-02,2.166668e-03,6.449016e-03,9.151440e-01,2.362233e-02,1.070622e-03,3.591165e-04
2.638345e-03,6.415281e-04,9.207227e-04,3.512498e-04,9.666443e-03,2.746304e-02,6.190535e-04,2.483570e-03,1.268948e-02,1.741144e-03,6.074867e-03,9.138158e-01,1.888282e-02,1.438504e-03,5.734338e-04
4.787308e-03,1.511048e-03,2.172721e-03,5.610042e-04,9.310054e-03,3.270760e-02,7.354408e-04,2.879453e-03,1.727137e-02,1.487083e-03,6.770927e-03,8.932718e-01,2.371644e-02,1.765647e-03,1.052023e-03
7.294938e-03,2.317173e-03,3.798335e-03,8.451389e-04,8.488292e-03,6.234977e-02,1.038938e-03,4.745080e-03,1.968863e-02,1.733043e-03,7.862211e-03,8.360793e-01,4.080788e-02,1.757594e-03,1.193672e-03
1.161459e-02,9.745348e-03,1.103309e-02,2.255648e-03,1.021231e-02,1.121843e-01,1.495070e-03,6.256486e-03,3.418364e-02,2.478030e-03,1.639901e-02,7.029799e-01,7.503469e-02,2.220298e-03,1.907619e-03
1.202773e-02,8.918219e-03,9.494916e-03,2.555715e-03,9.668841e-03,9.681809e-02,1.667246e-03,6.759022e-03,3.024099e-02,2.365563e-03,1.994215e-02,6.499118e-01,1.424740e-01,2.264315e-03,4.891516e-03
1.205793e-02,7.181479e-03,7.069710e-03,3.223752e-03,8.509411e-03,1.158528e-01,1.730842e-03,7.357165e-03,2.663561e-02,3.310007e-03,3.639073e-02,5.224708e-01,2.044610e-01,4.970332e-03,3.877845e-02
9.674143e-03,5.744550e-03,5.346127e-03,2.823683e-03,6.344139e-03,8.885291e-02,1.337363e-03,6.412560e-03,2.068665e-02,4.915451e-03,6.328657e-02,4.555481e-01,1.890208e-01,7.865188e-03,1.321418e-01
9.652911e-03,4.534066e-03,4.162282e-03,2.572199e-03,4.695389e-03,6.368334e-02,1.062399e-03,6.204926e-03,1.910922e-02,7.131903e-03,7.072693e-02,3.661347e-01,1.549778e-01,1.764691e-02,2.677051e-01
9.834632e-03,4.622662e-03,3.278126e-03,3.264918e-03,4.117192e-03,4.664587e-02,1.003569e-03,8.854629e-03,4.712035e-02,3.258784e-02,8.531375e-02,3.402903e-01,1.370280e-01,2.616067e-02,2.498775e-01
7.375298e-03,4.926894e-03,2.386787e-03,2.786252e-03,3.627120e-03,3.348514e-02,7.874411e-04,6.434747e-03,7.708557e-02,4.159520e-02,1.084982e-01,2.843361e-01,1.047431e-01,5.865259e-02,2.632796e-01
5.339297e-03,5.556231e-03,1.814907e-03,2.467984e-03,4.164936e-03,2.395008e-02,6.242694e-04,4.783235e-03,1.499563e-01,6.824897e-02,1.018866e-01,2.590797e-01,7.787878e-02,7.296260e-02,2.212862e-01
4.253742e-03,5.349412e-03,1.528959e-03,3.142367e-03,4.889812e-03,1.793111e-02,4.946060e-04,3.649585e-03,2.654386e-01,6.318665e-02,1.067743e-01,2.108793e-01,5.697782e-02,6.925844e-02,1.862454e-01
4.862717e-03,6.120097e-03,2.634449e-03,4.634532e-03,5.871859e-03,1.483919e-02,5.482944e-04,3.844666e-03,2.943165e-01,6.543934e-02,1.237817e-01,1.846482e-01,4.500865e-02,8.417362e-02,1.592763e-01
1.490949e-02,6.380226e-03,3.042196e-03,7.417543e-03,8.840744e-03,1.285583e-02,6.062763e-04,4.074495e-03,2.859824e-01,7.578893e-02,1.482080e-01,1.581452e-01,4.706138e-02,8.668707e-02,1.400003e-01
1.639467e-02,5.483209e-03,4.947839e-03,2.203548e-02,9.444518e-03,1.334597e-02,5.441526e-04,4.590337e-03,3.045811e-01,7.086941e-02,1.762848e-01,1.399022e-01,5.268051e-02,7.208664e-02,1.068092e-01
1.532403e-02,4.704560e-03,6.306485e-03,1.857276e-02,8.746701e-03,1.848697e-02,6.266662e-04,4.833240e-03,2.689829e-01,5.796516e-02,2.312353e-01,1.656447e-01,6.457253e-02,5.548861e-02,7.850937e-02
1.929791e-02,4.046869e-03,6.944441e-03,2.054830e-02,9.192593e-03,2.200337e-02,7.318051e-04,4.797734e-03,2.359192e-01,1.495546e-01,2.089697e-01,1.402142e-01,7.172297e-02,4.330629e-02,6.274992e-02
2.181451e-02,3.412904e-03,6.860556e-03,2.273798e-02,1.203311e-02,1.855773e-02,1.212366e-03,8.238474e-03,1.983359e-01,2.153518e-01,2.021089e-01,1.128553e-01,8.462083e-02,4.147857e-02,5.038102e-02
1.829919e-02,2.731000e-03,5.200491e-03,1.921762e-02,2.299872e-02,1.528953e-02,1.339010e-03,1.253162e-02,1.516386e-01,2.865679e-01,1.869403e-01,9.692357e-02,8.614127e-02,3.851788e-02,5.566327e-02
1.828467e-02,3.712185e-03,5.772175e-03,1.761871e-02,4.931147e-02,1.452170e-02,2.632047e-03,2.939573e-02,1.933943e-01,2.122878e-01,2.097271e-01,7.751990e-02,8.893757e-02,3.189094e-02,4.499367e-02
2.030341e-02,5.901512e-03,1.232381e-02,2.288670e-02,1.200485e-01,2.440945e-02,5.970668e-03,2.318776e-02,2.277279e-01,1.550346e-01,1.914869e-01,5.775202e-02,7.503273e-02,2.466677e-02,3.326724e-02
2.320496e-02,6.358321e-03,1.571169e-02,3.870234e-02,2.509312e-01,8.152308e-02,1.383408e-02,1.732134e-02,1.660330e-01,1.095547e-01,1.406122e-01,4.062492e-02,5.459486e-02,1.743820e-02,2.355510e-02
2.416378e-02,6.842013e-03,2.808680e-02,1.356940e-01,2.878201e-01,7.463991e-02,1.714322e-02,1.610655e-02,1.342416e-01,7.765146e-02,1.004822e-01,2.866898e-02,3.906438e-02,1.234188e-02,1.705315e-02
4.510096e-02,1.866431e-02,2.739129e-02,1.272535e-01,2.663149e-01,7.414435e-02,1.432385e-02,1.447442e-02,1.654385e-01,6.214071e-02,7.364415e-02,2.032480e-02,2.801166e-02,8.948736e-03,5.382387e-02
5.598973e-02,1.913524e-02,2.616324e-02,1.197067e-01,3.388773e-01,6.530614e-02,2.729720e-02,2.650557e-02,1.364645e-01,4.527633e-02,5.276528e-02,1.473565e-02,2.064656e-02,6.956873e-03,4.417367e-02
7.348055e-02,1.865708e-02,2.695966e-02,8.767416e-02,4.303760e-01,6.778710e-02,2.312422e-02,2.246293e-02,1.127741e-01,3.201346e-02,3.783320e-02,1.106774e-02,1.592980e-02,7.413819e-03,3.244624e-02
6.402104e-02,2.442616e-02,2.229913e-02,9.044193e-02,4.930595e-01,5.651182e-02,1.776875e-02,2.414414e-02,9.522472e-02,2.369373e-02,2.742692e-02,9.318664e-03,1.239935e-02,5.416087e-03,3.384805e-02
6.369971e-02,2.738641e-02,1.847459e-02,1.062681e-01,4.747328e-01,6.239391e-02,1.496626e-02,3.294448e-02,9.404392e-02,2.035744e-02,2.297347e-02,8.750875e-03,1.153544e-02,4.345896e-03,3.712661e-02
1.442639e-01,3.040761e-02,1.668679e-02,8.335480e-02,3.751905e-01,5.422201e-02,2.031440e-02,6.698124e-02,1.214602e-01,1.511667e-02,1.904494e-02,9.858806e-03,1.160643e-02,3.492288e-03,2.799939e-02
2.584414e-01,3.752929e-02,1.481835e-02,6.934136e-02,2.786927e-01,5.408366e-02,3.240985e-02,7.360300e-02,9.973498e-02,1.236514e-02,1.650641e-02,1.333024e-02,1.251811e-02,3.364935e-03,2.326064e-02
3.582493e-01,4.663487e-02,1.426054e-02,5.898127e-02,1.993588e-01,5.726285e-02,3.060410e-02,6.099533e-02,8.491047e-02,1.262015e-02,1.548650e-02,1.653855e-02,1.755956e-02,4.643409e-03,2.189421e-02
4.539785e-01,5.098208e-02,1.462137e-02,4.687844e-02,1.431484e-01,5.169984e-02,2.378136e-02,4.671740e-02,8.188573e-02,1.561879e-02,1.461847e-02,1.573754e-02,1.561985e-02,6.307065e-03,1.840508e-02
1.000000e+00,0.000000e+00,0.000000e+00,0.000000e+00,0.000000e+00,0.000000e+00,0.000000e+00,0.000000e+00,0.000000e+00,0.000000e+00,0.000000e+00,0.000000e+00,0.000000e+00,0.000000e+00,0.000000e+00
1.000000e+00,0.000000e+00,0.000000e+00,0.000000e+00,0.000000e+00,0.000000e+00,0.000000e+00,0.000000e+00,0.000000e+00,0.000000e+00,0.000000e+00,0.000000e+00,0.000000e+00,0.000000e+00,0.000000e+00
1.000000e+00,0.000000e+00,0.000000e+00,0.000000e+00,0.000000e+00,0.000000e+00,0.000000e+00,0.000000e+00,0.000000e+00,0.000000e+00,0.000000e+00,0.000000e+00,0.000000e+00,0.000000e+00,0.000000e+00
1.000000e+00,0.000000e+00,0.000000e+00,0.000000e+00,0.000000e+00,0.000000e+00,0.000000e+00,0.000000e+00,0.000000e+00,0.000000e+00,0.000000e+00,0.000000e+00,0.000000e+00,0.000000e+00,0.000000e+00
1.000000e+00,0.000000e+00,0.000000e+00,0.000000e+00,0.000000e+00,0.000000e+00,0.000000e+00,0.000000e+00,0.000000e+00,0.000000e+00,0.000000e+00,0.000000e+00,0.000000e+00,0.000000e+00,0.000000e+00
1.000000e+00,0.000000e+00,0.000000e+00,0.000000e+00,0.000000e+00,0.000000e+00,0.000000e+00,0.000000e+00,0.000000e+00,0.000000e+00,0.000000e+00,0.000000e+00,0.000000e+00,0.000000e+00,0.000000e+00
4.263600e-01,1.983393e-02,9.425174e-03,2.392760e-02,1.974486e-02,1.066922e-01,7.286789e-03,1.142693e-02,4.104941e-02,1.015788e-02,1.123014e-02,2.712286e-02,2.171018e-01,1.293726e-02,5.570319e-02
3.358656e-01,1.493960e-02,6.987897e-03,1.776723e-02,1.499390e-02,8.153001e-02,6.269605e-03,8.832594e-03,3.101012e-02,7.726809e-03,8.635137e-03,2.652781e-02,3.818666e-01,1.075143e-02,4.629556e-02
2.710059e-01,1.177332e-02,5.182598e-03,1.335265e-02,1.189986e-02,5.953710e-02,5.183679e-03,6.554863e-03,2.563719e-02,6.955051e-03,6.941384e-03,2.030587e-02,4.930698e-01,8.849490e-03,5.375124e-02
2.145467e-01,8.690668e-03,3.845508e-03,9.766403e-03,1.075055e-02,4.381876e-02,4.284704e-03,4.795040e-03,2.419885e-02,1.838323e-02,8.883854e-03,1.839030e-02,4.360241e-01,9.375837e-03,1.842455e-01
1.690136e-01,6.247734e-03,2.808599e-03,7.234973e-03,9.012254e-03,3.672948e-02,3.362030e-03,3.419038e-03,2.166681e-02,1.792015e-02,1.208871e-02,1.922103e-02,3.874307e-01,7.739637e-03,2.961052e-01
1.204446e-01,4.395778e-03,1.998253e-03,5.156418e-03,8.451480e-03,2.761743e-02,2.622719e-03,2.431175e-03,1.893005e-02,1.746708e-02,1.314210e-02,1.892196e-02,4.113471e-01,6.120299e-03,3.409536e-01
8.662760e-02,3.178485e-03,1.641672e-03,3.930609e-03,1.662019e-02,1.995243e-02,2.686558e-03,2.101876e-03,2.126805e-02,2.752074e-02,1.526851e-02,2.424107e-02,3.554839e-01,4.874455e-03,4.146038e-01
6.140803e-02,2.384260e-03,4.561930e-03,4.249725e-03,2.342904e-02,1.456131e-02,2.756762e-03,9.940731e-03,2.286898e-02,2.757284e-02,1.761785e-02,2.396662e-02,3.183188e-01,3.977123e-03,4.623860e-01
4.313110e-02,1.699813e-03,3.919045e-03,4.215917e-03,1.797230e-02,1.032359e-02,2.683076e-03,1.865158e-01,1.674490e-02,2.035826e-02,2.059148e-02,1.865739e-02,2.479967e-01,2.903138e-03,4.022875e-01
3.131168e-02,1.446150e-03,6.172513e-03,6.879122e-03,1.691715e-02,7.698625e-03,4.563648e-03,2.790785e-01,2.007935e-02,1.656059e-02,2.265608e-02,1.525701e-02,1.855621e-01,2.188507e-03,3.836290e-01
2.329512e-02,8.122463e-03,7.063946e-03,6.314164e-03,1.785533e-02,1.209522e-02,5.793752e-03,2.627175e-01,1.424346e-01,1.457328e-02,1.937035e-02,1.206665e-02,1.331462e-01,1.669570e-03,3.334819e-01
1.793224e-02,1.050319e-02,7.910907e-03,5.658310e-03,2.079239e-02,2.390677e-02,4.956280e-03,1.987081e-01,3.373637e-01,1.163551e-02,1.514473e-02,8.701552e-03,9.435211e-02,1.201217e-03,2.412331e-01
2.154214e-02,1.060313e-02,1.295840e-02,1.446994e-02,4.514650e-02,5.135995e-02,9.333652e-03,1.627211e-01,3.952638e-01,1.024121e-02,1.211059e-02,6.276659e-03,6.766120e-02,8.692126e-04,1.794426e-01
2.723609e-02,9.075245e-03,1.205562e-02,2.748862e-02,7.389247e-02,5.101810e-02,9.541936e-03,1.768477e-01,4.094829e-01,9.195874e-03,9.028362e-03,4.579838e-03,4.969991e-02,7.131429e-04,1.301442e-01
3.382165e-02,7.687486e-03,9.722539e-03,2.164356e-02,6.988344e-02,8.416265e-02,9.019999e-03,2.689462e-01,3.498925e-01,6.564595e-03,6.574399e-03,3.266627e-03,3.603278e-02,5.826055e-04,9.219900e-02
2.638012e-02,5.574815e-03,7.089262e-03,1.564702e-02,5.578808e-02,6.730441e-02,7.395710e-03,4.655711e-01,2.469892e-01,4.779886e-03,4.680021e-03,2.293314e-03,2.532733e-02,4.318288e-04,6.474791e-02
1.946409e-02,3.966189e-03,5.082456e-03,1.105209e-02,4.103934e-02,4.859911e-02,1.078745e-02,6.149914e-01,1.729745e-01,3.506241e-03,3.373113e-03,1.625929e-03,1.784093e-02,3.166788e-04,4.538051e-02
1.427504e-02,2.817407e-03,3.739301e-03,7.778700e-03,2.982966e-02,3.447738e-02,1.394740e-02,7.212237e-01,1.211214e-01,2.561782e-03,2.410582e-03,1.159663e-03,1.263646e-02,2.286836e-04,3.179284e-02
1.053510e-02,2.002154e-03,2.893152e-03,5.502775e-03,2.201067e-02,2.442516e-02,1.092214e-02,8.010277e-01,8.480842e-02,1.893910e-03,1.712299e-03,8.216967e-04,8.970996e-03,1.726822e-04,2.230109e-02
8.482615e-03,1.525338e-03,2.987503e-03,4.018964e-03,1.969834e-02,1.779615e-02,9.093045e-03,8.509207e-01,5.942895e-02,1.661084e-03,1.248253e-03,5.941832e-04,6.476381e-03,1.577263e-04,1.591080e-02
9.436807e-03,1.241441e-03,4.751001e-03,3.238546e-03,1.669697e-02,1.298406e-02,7.341477e-03,8.828160e-01,4.172792e-02,1.776132e-03,9.744051e-04,4.429817e-04,4.618546e-03,1.471882e-04,1.180658e-02
9.699988e-03,1.279946e-03,5.636571e-03,2.844605e-03,1.396050e-02,9.834386e-03,6.411923e-03,9.055752e-01,2.944003e-02,1.728518e-03,8.185767e-04,3.678977e-04,3.388796e-03,1.716061e-04,8.841563e-03
1.036541e-02,2.462605e-03,6.845266e-03,2.991130e-03,1.377377e-02,9.029806e-03,5.055574e-03,9.133500e-01,2.138961e-02,3.049570e-03,8.945247e-04,3.338418e-04,2.611500e-03,2.745908e-04,7.572815e-03
1.676009e-02,6.456283e-03,1.779416e-02,5.645880e-03,1.609512e-02,9.864997e-03,4.230588e-03,8.799391e-01,2.198393e-02,5.315600e-03,1.769688e-03,4.826441e-04,2.287813e-03,1.229284e-03,1.014494e-02
2.148893e-02,7.649648e-03,4.366663e-02,6.197143e-03,1.414979e-02,1.173440e-02,3.740319e-03,7.318323e-01,4.552675e-02,8.026101e-02,6.657140e-03,2.034324e-03,3.830746e-03,7.827353e-03,1.340353e-02
1.933970e-02,5.995946e-03,4.117068e-02,4.910169e-03,1.042491e-02,8.676101e-03,3.023648e-03,5.287830e-01,1.150348e-01,2.130030e-01,8.985996e-03,1.796598e-03,3.435962e-03,1.204926e-02,2.337016e-02
2.822728e-02,7.667921e-03,9.953341e-02,1.864867e-02,1.052694e-02,7.825612e-03,2.348786e-03,3.965554e-01,1.759778e-01,1.909222e-01,9.692892e-03,2.722733e-03,3.332138e-03,1.004798e-02,3.597025e-02
5.275952e-02,1.041753e-02,1.104006e-01,1.505513e-02,8.962693e-03,7.972261e-03,2.057762e-03,3.019297e-01,2.160006e-01,1.769311e-01,8.292424e-03,2.745281e-03,2.587203e-03,1.333707e-02,7.055112e-02
5.193598e-02,8.983427e-03,9.253934e-02,1.155124e-02,6.394409e-03,6.905132e-03,1.644269e-03,2.174588e-01,2.838597e-01,1.619968e-01,1.413210e-02,2.240709e-03,2.178764e-03,6.436675e-02,7.381272e-02
6.245492e-02,6.942762e-03,7.157467e-02,9.041937e-03,4.607829e-03,6.159811e-03,1.226843e-03,1.564989e-01,3.175547e-01,1.733715e-01,1.951375e-02,2.203803e-03,2.400677e-03,1.045291e-01,6.191885e-02
5.039259e-02,5.252034e-03,5.110234e-02,8.972962e-03,3.440605e-03,5.921461e-03,8.961108e-04,1.098637e-01,4.415470e-01,1.280088e-01,1.624614e-02,2.336686e-03,2.885504e-03,9.094880e-02,8.218531e-02
4.378369e-02,4.211716e-03,3.628584e-02,6.818885e-03,3.183328e-03,4.771671e-03,7.289597e-04,7.710826e-02,3.957579e-01,9.698343e-02,1.366450e-02,2.172850e-03,3.000392e-03,2.245697e-01,8.695893e-02
3.867196e-02,5.023846e-03,2.564212e-02,5.160686e-03,2.941362e-03,4.210887e-03,5.647872e-04,5.413828e-02,3.191374e-01,7.446852e-02,1.256286e-02,1.907991e-03,3.236356e-03,3.397983e-01,1.125348e-01
3.095382e-02,7.231924e-03,1.937852e-02,4.186291e-03,2.625527e-03,3.997728e-03,4.471673e-04,3.802277e-02,3.234747e-01,6.431957e-02,1.097575e-02,1.504828e-03,2.743297e-03,3.564661e-01,1.336720e-01
2.328266e-02,6.625631e-03,1.399710e-02,3.055695e-03,2.412421e-03,3.175144e-03,3.463219e-04,2.669209e-02,3.089206e-01,5.798252e-02,8.945637e-03,1.139016e-03,2.163173e-03,3.704035e-01,1.708585e-01
1.966261e-02,1.175936e-02,2.861810e-02,2.808640e-03,2.993617e-03,3.105160e-03,2.939944e-04,1.946519e-02,4.047776e-01,5.617163e-02,7.987205e-03,8.929158e-04,1.778605e-03,2.923109e-01,1.473745e-01
1.933837e-02,1.218940e-02,2.411138e-02,2.402864e-03,3.233045e-03,3.966072e-03,2.842201e-04,1.394251e-02,5.186613e-01,4.528581e-02,6.617616e-03,7.170648e-04,1.375273e-03,2.302101e-01,1.176649e-01
2.026320e-02,1.083756e-02,2.511308e-02,2.114586e-03,3.150990e-03,4.297748e-03,2.682989e-04,1.009140e-02,5.869849e-01,3.774931e-02,5.609185e-03,5.335314e-04,1.032317e-03,1.948368e-01,9.711708e-02
1.975971e-02,9.389002e-03,2.709934e-02,1.894728e-03,2.785214e-03,3.922863e-03,2.291513e-04,7.192213e-03,6.233503e-01,3.393272e-02,5.316726e-03,4.331486e-04,8.428200e-04,1.847969e-01,7.905512e-02
1.814924e-02,7.779674e-03,3.229052e-02,1.664908e-03,2.402183e-03,3.781359e-03,1.794785e-04,5.068454e-03,6.387769e-01,3.283059e-02,5.651010e-03,3.585774e-04,7.676342e-04,1.829820e-01,6.731747e-02
1.421983e-02,6.692464e-03,6.916571e-02,1.940359e-03,2.011235e-03,3.120712e-03,1.638622e-04,3.579798e-03,6.244550e-01,3.723032e-02,8.468738e-03,3.993959e-04,8.248686e-04,1.504680e-01,7.725973e-02
1.023220e-02,5.439770e-03,8.742166e-02,3.655432e-03,1.549689e-03,2.297213e-03,1.447863e-04,2.565321e-03,5.384372e-01,1.359307e-01,1.471028e-02,8.000731e-04,2.713855e-03,1.176870e-01,7.641475e-02
7.598103e-03,4.738818e-03,6.954096e-02,4.499111e-03,1.337539e-03,1.686950e-03,1.450280e-04,1.966064e-03,5.027164e-01,1.692097e-01,5.844831e-02,3.409499e-03,6.034904e-03,1.006614e-01,6.800716e-02
5.469122e-03,3.456938e-03,4.912279e-02,4.115150e-03,1.036483e-03,1.207802e-03,1.479620e-04,1.406918e-03,4.623616e-01,1.205553e-01,1.165408e-01,1.038537e-01,7.899265e-03,7.470389e-02,4.812218e-02
4.072145e-03,2.555443e-03,3.453982e-02,4.034579e-03,1.199455e-03,9.181993e-04,1.813417e-04,1.083302e-03,3.607030e-01,8.796163e-02,2.337588e-01,1.563671e-01,8.668676e-03,6.888152e-02,3.507502e-02
3.176065e-03,2.196005e-03,2.441053e-02,3.076806e-03,1.605383e-03,7.031930e-04,1.578678e-04,8.747267e-04,2.602149e-01,6.521460e-02,3.451640e-01,1.884779e-01,8.081912e-03,7.140023e-02,2.524590e-02
2.307883e-03,1.577372e-03,1.713969e-02,2.269676e-03,1.454409e-03,5.856327e-04,1.393522e-04,6.336880e-04,1.853018e-01,4.817916e-02,4.848984e-01,1.778593e-01,7.392363e-03,5.202709e-02,1.823414e-02
1.901635e-03,1.182413e-03,1.235748e-02,1.714328e-03,3.435051e-03,1.497794e-03,4.389000e-04,1.705163e-03,1.301450e-01,4.058183e-02,4.947437e-01,2.435613e-01,8.560570e-03,4.078406e-02,1.739074e-02
2.646187e-03,9.661387e-04,8.915669e-03,1.253337e-03,5.213188e-03,1.469813e-03,3.774109e-04,1.371373e-03,9.134698e-02,3.082757e-02,4.170074e-01,3.853022e-01,7.311953e-03,3.282788e-02,1.316288e-02
3.657878e-03,7.449401e-04,6.472377e-03,9.678832e-04,7.081211e-03,1.714248e-03,4.099671e-04,1.222040e-03,6.420403e-02,2.431035e-02,3.540775e-01,4.934949e-01,6.048302e-03,2.602271e-02,9.571710e-03
8.138157e-03,6.802430e-04,4.756580e-03,9.465582e-04,5.881394e-03,3.862228e-03,5.811773e-04,9.962845e-04,4.532611e-02,1.775733e-02,3.436588e-01,5.343885e-01,5.443010e-03,2.069231e-02,6.891363e-03
1.663561e-02,6.548088e-04,3.550330e-03,8.992925e-04,4.558263e-03,5.770431e-03,4.974729e-04,8.297888e-04,3.197610e-02,1.285687e-02,2.647809e-01,6.311432e-01,4.308514e-03,1.650598e-02,5.032477e-03
2.207501e-02,1.087328e-03,2.758937e-03,9.856090e-04,4.120058e-03,6.425004e-03,6.575194e-04,6.939543e-04,2.268164e-02,9.213069e-03,2.289410e-01,6.797670e-01,3.994835e-03,1.254978e-02,4.049268e-03
1.830116e-02,1.007848e-03,2.133393e-03,8.091450e-04,3.617921e-03,6.196417e-03,9.564966e-04,6.570690e-04,1.608127e-02,6.713192e-03,1.920810e-01,7.354371e-01,3.036533e-03,1.004491e-02,2.926529e-03
1.542228e-02,1.033130e-03,1.919033e-03,6.681769e-04,3.207548e-03,5.649814e-03,9.170237e-04,6.272224e-04,1.165473e-02,4.996257e-03,1.488544e-01,7.926984e-01,2.291903e-03,7.853007e-03,2.207119e-03
