1.000000e+00,0.000000e+00,0.000000e+00,0.000000e+00,0.000000e+00,0.000000e+00,0.000000e+00,0.000000e+00,0.000000e+00,0.000000e+00,0.000000e+00,0.000000e+00,0.000000e+00,0.000000e+00,0.000000e+00
1.000000e+00,0.000000e+00,0.000000e+00,0.000000e+00,0.000000e+00,0.000000e+00,0.000000e+00,0.000000e+00,0.000000e+00,0.000000e+00,0.000000e+00,0.000000e+00,0.000000e+00,0.000000e+00,0.000000e+00
1.000000e+00,0.000000e+00,0.000000e+00,0.000000e+00,0.000000e+00,0.000000e+00,0.000000e+00,0.000000e+00,0.000000e+00,0.000000e+00,0.000000e+00,0.000000e+00,0.000000e+00,0.000000e+00,0.000000e+00
1.000000e+00,0.000000e+00,0.000000e+00,0.000000e+00,0.000000e+00,0.000000e+00,0.000000e+00,0.000000e+00,0.000000e+00,0.000000e+00,0.000000e+00,0.000000e+00,0.000000e+00,0.000000e+00,0.000000e+00
1.000000e+00,0.000000e+00,0.000000e+00,0.000000e+00,0.000000e+00,0.000000e+00,0.000000e+00,0.000000e+00,0.000000e+00,0.000000e+00,0.000000e+00,0.000000e+00,0.000000e+00,0.000000e+00,0.000000e+00
1.000000e+00,0.000000e+00,0.000000e+00,0.000000e+00,0.000000e+00,0.000000e+00,0.000000e+00,0.000000e+00,0.000000e+00,0.000000e+00,0.000000e+00,0.000000e+00,0.000000e+00,0.000000e+00,0.000000e+00
1.000000e+00,0.000000e+00,0.000000e+00,0.000000e+00,0.000000e+00,0.000000e+00,0.000000e+00,0.000000e+00,0.000000e+00,0.000000e+00,0.000000e+00,0.000000e+00,0.000000e+00,0.000000e+00,0.000000e+00
1.000000e+00,0.000000e+00,0.000000e+00,0.000000e+00,0.000000e+00,0.000000e+00,0.000000e+00,0.000000e+00,0.000000e+00,0.000000e+00,0.000000e+00,0.000000e+00,0.000000e+00,0.000000e+00,0.000000e+00
1.000000e+00,0.000000e+00,0.000000e+00,0.000000e+00,0.000000e+00,0.000000e+00,0.000000e+00,0.000000e+00,0.000000e+00,0.000000e+00,0.000000e+00,0.000000e+00,0.000000e+00,0.000000e+00,0.000000e+00
1.000000e+00,0.000000e+00,0.000000e+00,0.000000e+00,0.000000e+00,0.000000e+00,0.000000e+00,0.000000e+00,0.000000e+00,0.000000e+00,0.000000e+00,0.000000e+00,0.000000e+00,0.000000e+00,0.000000e+00
1.000000e+00,0.000000e+00,0.000000e+00,0.000000e+00,0.000000e+00,0.000000e+00,0.000000e+00,0.000000e+00,0.000000e+00,0.000000e+00,0.000000e+00,0.000000e+00,0.000000e+00,0.000000e+00,0.000000e+00
1.000000e+00,0.000000e+00,0.000000e+00,0.000000e+00,0.000000e+00,0.000000e+00,0.000000e+00,0.000000e+00,0.000000e+00,0.000000e+00,0.000000e+00,0.000000e+00,0.000000e+00,0.000000e+00,0.000000e+00
1.000000e+00,0.000000e+00,0.000000e+00,0.000000e+00,0.000000e+00,0.000000e+00,0.000000e+00,0.000000e+00,0.000000e+00,0.000000e+00,0.000000e+00,0.000000e+00,0.000000e+00,0.000000e+00,0.000000e+00
1.000000e+00,0.000000e+00,0.000000e+00,0.000000e+00,0.000000e+00,0.000000e+00,0.000000e+00,0.000000e+00,0.000000e+00,0.000000e+00,0.000000e+00,0.000000e+00,0.000000e+00,0.000000e+00,0.000000e+00
1.000000e+00,0.000000e+00,0.000000e+00,0.000000e+00,0.000000e+00,0.000000e+00,0.000000e+00,0.000000e+00,0.000000e+00,0.000000e+00,0.000000e+00,0.000000e+00,0.000000e+00,0.000000e+00,0.000000e+00
1.000000e+00,0.000000e+00,0.000000e+00,0.000000e+00,0.000000e+00,0.000000e+00,0.000000e+00,0.000000e+00,0.000000e+00,0.000000e+00,0.000000e+00,0.000000e+00,0.000000e+00,0.000000e+00,0.000000e+00
1.000000e+00,0.000000e+00,0.000000e+00,0.000000e+00,0.000000e+00,0.000000e+00,0.000000e+00,0.000000e+00,0.000000e+00,0.000000e+00,0.000000e+00,0.000000e+00,0.000000e+00,0.000000e+00,0.000000e+00
1.000000e+00,0.000000e+00,0.000000e+00,0.000000e+00,0.000000e+00,0.000000e+00,0.000000e+00,0.000000e+00,0.000000e+00,0.000000e+00,0.000000e+00,0.000000e+00,0.000000e+00,0.000000e+00,0.000000e+00
1.000000e+00,0.000000e+00,0.000000e+00,0.000000e+00,0.000000e+00,0.000000e+00,0.000000e+00,0.000000e+00,0.000000e+00,0.000000e+00,0.000000e+00,0.000000e+00,0.000000e+00,0.000000e+00,0.000000e+00
1.000000e+00,0.000000e+00,0.000000e+00,0.000000e+00,0.000000e+00,0.000000e+00,0.000000e+00,0.000000e+00,0.000000e+00,0.000000e+00,0.000000e+00,0.000000e+00,0.000000e+00,0.000000e+00,0.000000e+00
1.000000e+00,0.000000e+00,0.000000e+00,0.000000e+00,0.000000e+00,0.000000e+00,0.000000e+00,0.000000e+00,0.000000e+00,0.000000e+00,0.000000e+00,0.000000e+00,0.000000e+00,0.000000e+00,0.000000e+00
1.000000e+00,0.000000e+00,0.000000e+00,0.000000e+00,0.000000e+00,0.000000e+00,0.000000e+00,0.000000e+00,0.000000e+00,0.000000e+00,0.000000e+00,0.000000e+00,0.000000e+00,0.000000e+00,0.000000e+00
1.000000e+00,0.000000e+00,0.000000e+00,0.000000e+00,0.000000e+00,0.000000e+00,0.000000e+00,0.000000e+00,0.000000e+00,0.000000e+00,0.000000e+00,0.000000e+00,0.000000e+00,0.000000e+00,0.000000e+00
1.000000e+00,0.000000e+00,0.000000e+00,0.000000e+00,0.000000e+00,0.000000e+00,0.000000e+00,0.000000e+00,0.000000e+00,0.000000e+00,0.000000e+00,0.000000e+00,0.000000e+00,0.000000e+00,0.000000e+00
1.000000e+00,0.000000e+00,0.000000e+00,0.000000e+00,0.000000e+00,0.000000e+00,0.000000e+00,0.000000e+00,0.000000e+00,0.000000e+00,0.000000e+00,0.000000e+00,0.000000e+00,0.000000e+00,0.000000e+00
1.000000e+00,0.000000e+00,0.000000e+00,0.000000e+00,0.000000e+00,0.000000e+00,0.000000e+00,0.000000e+00,0.000000e+00,0.000000e+00,0.000000e+00,0.000000e+00,0.000000e+00,0.000000e+00,0.000000e+00
1.000000e+00,0.000000e+00,0.000000e+00,0.000000e+00,0.000000e+00,0.000000e+00,0.000000e+00,0.000000e+00,0.000000e+00,0.000000e+00,0.000000e+00,0.000000e+00,0.000000e+00,0.000000e+00,0.000000e+00
1.000000e+00,0.000000e+00,0.000000e+00,0.000000e+00,0.000000e+00,0.000000e+00,0.000000e+00,0.000000e+00,0.000000e+00,0.000000e+00,0.000000e+00,0.000000e+00,0.000000e+00,0.000000e+00,0.000000e+00
1.000000e+00,0.000000e+00,0.000000e+00,0.000000e+00,0.000000e+00,0.000000e+00,0.000000e+00,0.000000e+00,0.000000e+00,0.000000e+00,0.000000e+00,0.000000e+00,0.000000e+00,0.000000e+00,0.000000e+00
1.000000e+00,0.000000e+00,0.000000e+00,0.000000e+00,0.000000e+00,0.000000e+00,0.000000e+00,0.000000e+00,0.000000e+00,0.000000e+00,0.000000e+00,0.000000e+00,0.000000e+00,0.000000e+00,0.000000e+00
1.000000e+00,0.000000e+00,0.000000e+00,0.000000e+00,0.000000e+00,0.000000e+00,0.000000e+00,0.000000e+00,0.000000e+00,0.000000e+00,0.000000e+00,0.000000e+00,0.000000e+00,0.000000e+00,0.000000e+00
1.000000e+00,0.000000e+00,0.000000e+00,0.000000e+00,0.000000e+00,0.000000e+00,0.000000e+00,0.000000e+00,0.000000e+00,0.000000e+00,0.000000e+00,0.000000e+00,0.000000e+00,0.000000e+00,0.000000e+00
1.000000e+00,0.000000e+00,0.000000e+00,0.000000e+00,0.000000e+00,0.000000e+00,0.000000e+00,0.000000e+00,0.000000e+00,0.000000e+00,0.000000e+00,0.000000e+00,0.000000e+00,0.000000e+00,0.000000e+00
1.000000e+00,0.000000e+00,0.000000e+00,0.000000e+00,0.000000e+00,0.000000e+00,0.000000e+00,0.000000e+00,0.000000e+00,0.000000e+00,0.000000e+00,0.000000e+00,0.000000e+00,0.000000e+00,0.000000e+00
1.000000e+00,0.000000e+00,0.000000e+00,0.000000e+00,0.000000e+00,0.000000e+00,0.000000e+00,0.000000e+00,0.000000e+00,0.000000e+00,0.000000e+00,0.000000e+00,0.000000e+00,0.000000e+00,0.000000e+00
1.000000e+00,0.000000e+00,0.000000e+00,0.000000e+00,0.000000e+00,0.000000e+00,0.000000e+00,0.000000e+00,0.000000e+00,0.000000e+00,0.000000e+00,0.000000e+00,0.000000e+00,0.000000e+00,0.000000e+00
1.000000e+00,0.000000e+00,0.000000e+00,0.000000e+00,0.000000e+00,0.000000e+00,0.000000e+00,0.000000e+00,0.000000e+00,0.000000e+00,0.000000e+00,0.000000e+00,0.000000e+00,0.000000e+00,0.000000e+00
1.000000e+00,0.000000e+00,0.000000e+00,0.000000e+00,0.000000e+00,0.000000e+00,0.000000e+00,0.000000e+00,0.000000e+00,0.000000e+00,0.000000e+00,0.000000e+00,0.000000e+00,0.000000e+00,0.000000e+00
1.000000e+00,0.000000e+00,0.000000e+00,0.000000e+00,0.000000e+00,0.000000e+00,0.000000e+00,0.000000e+00,0.000000e+00,0.000000e+00,0.000000e+00,0.000000e+00,0.000000e+00,0.000000e+00,0.000000e+00
1.000000e+00,0.000000e+00,0.000000e+00,0.000000e+00,0.000000e+00,0.000000e+00,0.000000e+00,0.000000e+00,0.000000e+00,0.000000e+00,0.000000e+00,0.000000e+00,0.000000e+00,0.000000e+00,0.000000e+00
1.000000e+00,0.000000e+00,0.000000e+00,0.000000e+00,0.000000e+00,0.000000e+00,0.000000e+00,0.000000e+00,0.000000e+00,0.000000e+00,0.000000e+00,0.000000e+00,0.000000e+00,0.000000e+00,0.000000e+00
1.000000e+00,0.000000e+00,0.000000e+00,0.000000e+00,0.000000e+00,0.000000e+00,0.000000e+00,0.000000e+00,0.000000e+00,0.000000e+00,0.000000e+00,0.000000e+00,0.000000e+00,0.000000e+00,0.000000e+00
1.000000e+00,0.000000e+00,0.000000e+00,0.000000e+00,0.000000e+00,0.000000e+00,0.000000e+00,0.000000e+00,0.000000e+00,0.000000e+00,0.000000e+00,0.000000e+00,0.000000e+00,0.000000e+00,0.000000e+00
1.000000e+00,0.000000e+00,0.000000e+00,0.000000e+00,0.000000e+00,0.000000e+00,0.000000e+00,0.000000e+00,0.000000e+00,0.000000e+00,0.000000e+00,0.000000e+00,0.000000e+00,0.000000e+00,0.000000e+00
1.000000e+00,0.000000e+00,0.000000e+00,0.000000e+00,0.000000e+00,0.000000e+00,0.000000e+00,0.000000e+00,0.000000e+00,0.000000e+00,0.000000e+00,0.000000e+00,0.000000e+00,0.000000e+00,0.000000e+00
1.000000e+00,0.000000e+00,0.000000e+00,0.000000e+00,0.000000e+00,0.000000e+00,0.000000e+00,0.000000e+00,0.000000e+00,0.000000e+00,0.000000e+00,0.000000e+00,0.000000e+00,0.000000e+00,0.000000e+00
1.000000e+00,0.000000e+00,0.000000e+00,0.000000e+00,0.000000e+00,0.000000e+00,0.000000e+00,0.000000e+00,0.000000e+00,0.000000e+00,0.000000e+00,0.000000e+00,0.000000e+00,0.000000e+00,0.000000e+00
1.000000e+00,0.000000e+00,0.000000e+00,0.000000e+00,0.000000e+00,0.000000e+00,0.000000e+00,0.000000e+00,0.000000e+00,0.000000e+00,0.000000e+00,0.000000e+00,0.000000e+00,0.000000e+00,0.000000e+00
1.000000e+00,0.000000e+00,0.000000e+00,0.000000e+00,0.000000e+00,0.000000e+00,0.000000e+00,0.000000e+00,0.000000e+00,0.000000e+00,0.000000e+00,0.000000e+00,0.000000e+00,0.000000e+00,0.000000e+00
1.000000e+00,0.000000e+00,0.000000e+00,0.000000e+00,0.000000e+00,0.000000e+00,0.000000e+00,0.000000e+00,0.000000e+00,0.000000e+00,0.000000e+00,0.000000e+00,0.000000e+00,0.000000e+00,0.000000e+00
1.000000e+00,0.000000e+00,0.000000e+00,0.000000e+00,0.000000e+00,0.000000e+00,0.000000e+00,0.000000e+00,0.000000e+00,0.000000e+00,0.000000e+00,0.000000e+00,0.000000e+00,0.000000e+00,0.000000e+00
1.000000e+00,0.000000e+00,0.000000e+00,0.000000e+00,0.000000e+00,0.000000e+00,0.000000e+00,0.000000e+00,0.000000e+00,0.000000e+00,0.000000e+00,0.000000e+00,0.000000e+00,0.000000e+00,0.000000e+00
1.000000e+00,0.000000e+00,0.000000e+00,0.000000e+00,0.000000e+00,0.000000e+00,0.000000e+00,0.000000e+00,0.000000e+00,0.000000e+00,0.000000e+00,0.000000e+00,0.000000e+00,0.000000e+00,0.000000e+00
1.000000e+00,0.000000e+00,0.000000e+00,0.000000e+00,0.000000e+00,0.000000e+00,0.000000e+00,0.000000e+00,0.000000e+00,0.000000e+00,0.000000e+00,0.000000e+00,0.000000e+00,0.000000e+00,0.000000e+00
1.000000e+00,0.000000e+00,0.000000e+00,0.000000e+00,0.000000e+00,0.000000e+00,0.000000e+00,0.000000e+00,0.000000e+00,0.000000e+00,0.000000e+00,0.000000e+00,0.000000e+00,0.000000e+00,0.000000e+00
1.000000e+00,0.000000e+00,0.000000e+00,0.000000e+00,0.000000e+00,0.000000e+00,0.000000e+00,0.000000e+00,0.000000e+00,0.000000e+00,0.000000e+00,0.000000e+00,0.000000e+00,0.000000e+00,0.000000e+00
1.000000e+00,0.000000e+00,0.000000e+00,0.000000e+00,0.000000e+00,0.000000e+00,0.000000e+00,0.000000e+00,0.000000e+00,0.000000e+00,0.000000e+00,0.000000e+00,0.000000e+00,0.000000e+00,0.000000e+00
1.000000e+00,0.000000e+00,0.000000e+00,0.000000e+00,0.000000e+00,0.000000e+00,0.000000e+00,0.000000e+00,0.000000e+00,0.000000e+00,0.000000e+00,0.000000e+00,0.000000e+00,0.000000e+00,0.000000e+00
1.000000e+00,0.000000e+00,0.000000e+00,0.000000e+00,0.000000e+00,0.000000e+00,0.000000e+00,0.000000e+00,0.000000e+00,0.000000e+00,0.000000e+00,0.000000e+00,0.000000e+00,0.000000e+00,0.000000e+00
1.000000e+00,0.000000e+00,0.000000e+00,0.000000e+00,0.000000e+00,0.000000e+00,0.000000e+00,0.000000e+00,0.000000e+00,0.000000e+00,0.000000e+00,0.000000e+00,0.000000e+00,0.000000e+00,0.000000e+00
1.000000e+00,0.000000e+00,0.000000e+00,0.000000e+00,0.000000e+00,0.000000e+00,0.000000e+00,0.000000e+00,0.000000e+00,0.000000e+00,0.000000e+00,0.000000e+00,0.000000e+00,0.000000e+00,0.000000e+00
3.907579e-01,7.661814e-03,4.126252e-03,1.313202e-02,3.544475e-01,4.012194e-02,1.184118e-02,1.380154e-01,3.260436e-03,2.566461e-03,5.755633e-03,9.198949e-03,9.579774e-03,2.704877e-03,6.829917e-03
2.738228e-01,5.434714e-03,3.001070e-03,9.476727e-03,2.511539e-01,2.835962e-02,8.716526e-03,3.920027e-01,2.292181e-03,1.830106e-03,4.057121e-03,6.441792e-03,6.721089e-03,1.901933e-03,4.787833e-03
1.918514e-01,3.837224e-03,2.329227e-03,6.936523e-03,1.769105e-01,1.998575e-02,6.769262e-03,5.699958e-01,1.660268e-03,2.488603e-03,3.048787e-03,4.545581e-03,4.876055e-03,1.380415e-03,3.384681e-03
1.344364e-01,2.724712e-03,1.826106e-03,5.445107e-03,1.239794e-01,1.427754e-02,5.767919e-03,5.775744e-01,1.337810e-03,2.892864e-02,2.213497e-02,1.957448e-02,1.243617e-02,4.686101e-02,2.695454e-03
9.424365e-02,1.997527e-03,1.399347e-03,4.566940e-03,8.705496e-02,1.034958e-02,4.800241e-03,4.483860e-01,1.599345e-03,3.812065e-02,1.688373e-01,6.693414e-02,1.241102e-02,5.716605e-02,2.133400e-03
6.603052e-02,1.650186e-03,1.224044e-03,3.945355e-03,6.122763e-02,7.592396e-03,3.471196e-03,3.270938e-01,1.847434e-03,3.307072e-02,2.013998e-01,1.658377e-01,2.353726e-02,1.003462e-01,1.725781e-03
4.626216e-02,1.608101e-03,9.140818e-04,3.053208e-03,4.299239e-02,5.417608e-03,2.454816e-03,2.318804e-01,3.686536e-03,2.465023e-02,1.656264e-01,1.659894e-01,1.801556e-02,2.861157e-01,1.333395e-03
3.242348e-02,2.106620e-03,7.211636e-04,2.294247e-03,3.021805e-02,3.911845e-03,1.731794e-03,1.635307e-01,6.816907e-03,1.885198e-02,1.336509e-01,1.455349e-01,1.393857e-02,4.430476e-01,1.221180e-03
2.289968e-02,5.579426e-03,7.852931e-04,9.885872e-03,2.130414e-02,7.397655e-03,1.239960e-03,1.162915e-01,2.730321e-02,1.458487e-02,1.140765e-01,1.231958e-01,1.137025e-02,5.173867e-01,6.699216e-03
1.925512e-02,7.302309e-03,9.555313e-04,1.207663e-02,1.591637e-02,1.215058e-02,1.054190e-03,8.210360e-02,5.605018e-02,1.287893e-02,1.440554e-01,1.000212e-01,9.687552e-03,5.205127e-01,5.979718e-03
1.413329e-02,7.171549e-03,1.303967e-03,1.383478e-02,1.293247e-02,1.010631e-02,8.851789e-04,5.798443e-02,1.740417e-01,1.067708e-02,1.333806e-01,9.103905e-02,8.202159e-03,4.595945e-01,4.712868e-03
1.023776e-02,5.469020e-03,1.450690e-03,1.030124e-02,9.579201e-03,8.315155e-03,6.301177e-04,4.062983e-02,3.256606e-01,7.763141e-03,1.038486e-01,6.697436e-02,6.576272e-03,3.989439e-01,3.620178e-03
8.340990e-03,4.690141e-03,2.202710e-03,1.070615e-02,7.145706e-03,1.557659e-02,4.837100e-04,2.859658e-02,3.899947e-01,6.166196e-03,9.186034e-02,4.767879e-02,5.146833e-03,3.775699e-01,3.840641e-03
7.902814e-03,4.107034e-03,4.653431e-03,9.823412e-03,5.394322e-03,3.057299e-02,4.495664e-04,2.025862e-02,3.587566e-01,6.701289e-03,1.080081e-01,3.664313e-02,6.720611e-03,3.960817e-01,3.926427e-03
9.069880e-03,3.197367e-03,4.106672e-03,8.338894e-03,5.873467e-03,2.975966e-02,3.737679e-04,1.437078e-02,3.766152e-01,5.617793e-03,1.007975e-01,2.697763e-02,5.513354e-03,4.051355e-01,4.252639e-03
9.089472e-03,2.407660e-03,3.267565e-03,7.276399e-03,5.262929e-03,2.290238e-02,2.794260e-04,1.012857e-02,4.487845e-01,5.207844e-03,8.966503e-02,2.024715e-02,4.575317e-03,3.670748e-01,3.830966e-03
9.033199e-03,2.859364e-03,5.617957e-03,7.614892e-03,5.209917e-03,1.873001e-02,2.278574e-04,7.361491e-03,5.294576e-01,5.676338e-03,7.632174e-02,1.461716e-02,3.681123e-03,3.089722e-01,4.619194e-03
1.053381e-02,2.334996e-03,2.199747e-02,8.012777e-03,4.719227e-03,2.033203e-02,3.086070e-04,8.102218e-03,5.596606e-01,5.912072e-03,6.714465e-02,1.126176e-02,3.725579e-03,2.719805e-01,3.973629e-03
3.386845e-02,3.314006e-03,2.314594e-02,1.144556e-02,5.059723e-03,1.741903e-02,2.735704e-04,6.314239e-03,5.547266e-01,7.573900e-03,5.834594e-02,8.608744e-03,3.122038e-03,2.599477e-01,6.834582e-03
4.340563e-02,5.067875e-03,2.760922e-02,1.302871e-02,5.786010e-03,1.669330e-02,5.585649e-04,5.948904e-03,5.353782e-01,1.197428e-02,5.533517e-02,6.895361e-03,2.923110e-03,2.583564e-01,1.103935e-02
4.331762e-02,6.186273e-03,3.299914e-02,1.324757e-02,6.807679e-03,1.442517e-02,5.409142e-04,1.196792e-02,5.334017e-01,1.488058e-02,4.984738e-02,5.525656e-03,2.576270e-03,2.487887e-01,1.548748e-02
5.412212e-02,1.853821e-02,3.600466e-02,1.305852e-02,1.048273e-02,3.778528e-02,6.760765e-04,1.245132e-02,4.600771e-01,2.383830e-02,5.391876e-02,4.243854e-03,2.391397e-03,2.294913e-01,4.292042e-02
6.575307e-02,1.827863e-02,5.182737e-02,1.210118e-02,1.067519e-02,5.481120e-02,7.275256e-04,1.598884e-02,4.201848e-01,2.445812e-02,4.683977e-02,3.220582e-03,2.104281e-03,2.263039e-01,4.672562e-02
7.783008e-02,1.607761e-02,1.009787e-01,1.046110e-02,1.347289e-02,5.930698e-02,9.559513e-04,2.080809e-02,4.035870e-01,2.548889e-02,3.629534e-02,2.378495e-03,1.811591e-03,1.881544e-01,4.239289e-02
8.002871e-02,1.561986e-02,1.415374e-01,9.252066e-03,1.641600e-02,4.802198e-02,8.149116e-04,2.028821e-02,3.575015e-01,2.517684e-02,3.525954e-02,1.860423e-03,1.608550e-03,1.999919e-01,4.662211e-02
8.814696e-02,1.581879e-02,1.718255e-01,8.441087e-03,2.649133e-02,4.465743e-02,1.044509e-03,5.488295e-02,3.272576e-01,2.038070e-02,3.088574e-02,2.015761e-03,1.663577e-03,1.669150e-01,3.957303e-02
9.335965e-02,1.375756e-02,1.316731e-01,6.873097e-03,2.592248e-02,5.219646e-02,8.154253e-04,4.672604e-02,3.212547e-01,1.945083e-02,2.750605e-02,1.702433e-03,1.774789e-03,1.804352e-01,7.655217e-02
8.858375e-02,1.175713e-02,1.047123e-01,6.927862e-03,2.265488e-02,5.901383e-02,6.390278e-04,4.230832e-02,3.694053e-01,1.866410e-02,2.634158e-02,1.469173e-03,1.831787e-03,1.768022e-01,6.888876e-02
8.734602e-02,9.719370e-03,9.622330e-02,5.791301e-03,1.785009e-02,5.075987e-02,5.158707e-04,3.168498e-02,3.716916e-01,1.445810e-02,9.548637e-02,4.806705e-03,1.859641e-03,1.560606e-01,5.574613e-02
1.098403e-01,1.046658e-02,1.408990e-01,7.896638e-02,1.895487e-02,3.975166e-02,1.037034e-03,4.893271e-02,2.984357e-01,1.083575e-02,7.359694e-02,4.750503e-03,1.791973e-03,1.183047e-01,4.343599e-02
1.570763e-01,1.006833e-02,1.468220e-01,6.896683e-02,2.942586e-02,4.029919e-02,1.061771e-03,4.064697e-02,2.756390e-01,7.885780e-03,7.720219e-02,5.853247e-03,1.748064e-03,1.047446e-01,3.255979e-02
1.565516e-01,9.050761e-03,1.590191e-01,5.360932e-02,3.980372e-02,3.446264e-02,9.628398e-04,3.253476e-02,2.797557e-01,6.056982e-03,9.095709e-02,1.315326e-02,2.300454e-03,9.792562e-02,2.385605e-02
1.542081e-01,8.954428e-03,1.598206e-01,4.131183e-02,3.581820e-02,2.724713e-02,7.305052e-04,2.703818e-02,2.849253e-01,5.439010e-03,8.047855e-02,1.033767e-02,3.099685e-03,1.015905e-01,5.900019e-02
1.122041e-01,6.986507e-03,1.214864e-01,2.989889e-02,2.589605e-02,1.968992e-02,5.312896e-04,1.933082e-02,3.097014e-01,6.353715e-03,6.196480e-02,8.195427e-03,3.631887e-03,1.133928e-01,1.607360e-01
7.903132e-02,5.311883e-03,8.736355e-02,2.103621e-02,1.831242e-02,1.389504e-02,3.853439e-04,1.354684e-02,2.451383e-01,6.368826e-03,5.048378e-02,6.014413e-03,2.696023e-03,2.355906e-01,2.148255e-01
5.555770e-02,4.070845e-03,6.204397e-02,1.511220e-02,1.306245e-02,9.911681e-03,2.811995e-04,9.494836e-03,1.899354e-01,6.214300e-03,4.068012e-02,4.701479e-03,2.071787e-03,4.043648e-01,1.824972e-01
4.007699e-02,3.658874e-03,4.485253e-02,1.139377e-02,9.576015e-03,7.922383e-03,2.513331e-04,6.683435e-03,1.804943e-01,1.048757e-02,3.289878e-02,3.937976e-03,1.651765e-03,5.058791e-01,1.402352e-01
2.827325e-02,4.759956e-03,3.239455e-02,8.131534e-03,6.928435e-03,6.102499e-03,1.954052e-04,4.688982e-03,2.166127e-01,1.245103e-02,2.544117e-02,2.917959e-03,1.266915e-03,5.384867e-01,1.113489e-01
1.998837e-02,4.632754e-03,2.281604e-02,5.792956e-03,4.994653e-03,4.850455e-03,1.580587e-04,3.290865e-03,2.046872e-01,1.074792e-02,1.949677e-02,2.235396e-03,1.013594e-03,6.078485e-01,8.744637e-02
1.472546e-02,3.737380e-03,1.607958e-02,4.150868e-03,3.625206e-03,4.258606e-03,1.464420e-04,2.318262e-03,1.807019e-01,9.364280e-03,1.589394e-02,1.714786e-03,8.460663e-04,6.700459e-01,7.239127e-02
1.206516e-02,2.958124e-03,1.150054e-02,3.011606e-03,2.762377e-03,3.488068e-03,1.308479e-04,1.647644e-03,1.568232e-01,1.050248e-02,1.632195e-02,1.511641e-03,6.998646e-04,7.167143e-01,5.986219e-02
8.986890e-03,2.199108e-03,8.831522e-03,2.305604e-03,2.182298e-03,2.647186e-03,1.066335e-04,1.168348e-03,1.151689e-01,1.601516e-02,2.295173e-02,2.264186e-03,8.187789e-04,7.697591e-01,4.459456e-02
6.680458e-03,1.666987e-03,6.469172e-03,1.968865e-03,1.821442e-03,2.060995e-03,8.331647e-05,8.411440e-04,9.190618e-02,2.604122e-02,2.921325e-02,3.262437e-03,8.316746e-04,7.931970e-01,3.395586e-02
5.164530e-03,1.272050e-03,4.845553e-03,1.498106e-03,1.382365e-03,1.529870e-03,6.955344e-05,6.051371e-04,6.744867e-02,3.521814e-02,4.983927e-02,3.125134e-03,7.979083e-04,7.988619e-01,2.834184e-02
3.867963e-03,9.655971e-04,3.482203e-03,1.198846e-03,1.135809e-03,1.173174e-03,6.658219e-05,4.510867e-04,4.900314e-02,5.158591e-02,1.071372e-01,3.404211e-03,8.442915e-04,7.543845e-01,2.129949e-02
2.884411e-03,8.545096e-04,2.497960e-03,9.130102e-04,9.217596e-04,8.961608e-04,6.202258e-05,3.343101e-04,3.624539e-02,4.934450e-02,1.505413e-01,4.405474e-03,9.761501e-04,7.329094e-01,1.621362e-02
3.888652e-03,1.053989e-03,2.019250e-03,1.339934e-03,8.764489e-04,9.773589e-04,1.657744e-04,3.908722e-04,3.394259e-02,5.215717e-02,1.823813e-01,7.236934e-03,2.121065e-03,6.990408e-01,1.240783e-02
8.267807e-03,1.213280e-03,1.971403e-03,2.350533e-03,9.609678e-04,1.149953e-03,3.642573e-04,7.008434e-04,3.324715e-02,4.996332e-02,1.864292e-01,8.214099e-03,2.476495e-03,6.930676e-01,9.623128e-03
7.619438e-03,3.160168e-03,2.373375e-03,4.393832e-03,4.186076e-03,2.228650e-03,4.648681e-04,1.147469e-03,3.229352e-02,5.162627e-02,2.130888e-01,9.443331e-03,2.447163e-03,6.562909e-01,9.236097e-03
8.080090e-03,8.551416e-03,3.089031e-03,5.128372e-03,6.339717e-03,3.123373e-03,5.014242e-04,1.289621e-03,2.920161e-02,4.190443e-02,3.166691e-01,1.164407e-02,2.511875e-03,5.525129e-01,9.452937e-03
1.116983e-02,9.791801e-03,6.369201e-03,8.033004e-03,8.333202e-03,6.034521e-03,1.222216e-03,2.737355e-03,3.365993e-02,5.688996e-02,3.239270e-01,1.162385e-02,2.991535e-03,5.055062e-01,1.171031e-02
1.726617e-02,8.845520e-03,8.791579e-03,9.201831e-03,1.118468e-02,1.045789e-02,5.635209e-03,3.401556e-03,4.196412e-02,6.578970e-02,3.284972e-01,1.399854e-02,5.081313e-03,4.542648e-01,1.561999e-02
2.428349e-02,7.773927e-03,1.137329e-02,7.898133e-03,1.580205e-02,1.278307e-02,8.223205e-03,3.865288e-03,3.968145e-02,7.799442e-02,3.239559e-01,1.513873e-02,8.195372e-03,4.242625e-01,1.876918e-02
2.409823e-02,6.771714e-03,1.070184e-02,6.689889e-03,1.452218e-02,1.572292e-02,7.265812e-03,3.703783e-03,3.381124e-02,6.426830e-02,4.451615e-01,2.211928e-02,1.676757e-02,3.121093e-01,1.628646e-02
3.337964e-02,5.915174e-03,1.667617e-02,6.292193e-03,3.104847e-02,2.085661e-02,1.182357e-02,2.573797e-02,3.291174e-02,6.499100e-02,4.322747e-01,2.575098e-02,3.158486e-02,2.470574e-01,1.369951e-02
5.133005e-02,8.223625e-03,2.405061e-02,1.111007e-02,1.009591e-01,3.562156e-02,1.341220e-02,2.054249e-02,3.776814e-02,6.301625e-02,3.442578e-01,2.776427e-02,5.602526e-02,1.941655e-01,1.175309e-02
8.325340e-02,9.092545e-03,3.708963e-02,8.785016e-03,1.298653e-01,6.640881e-02,1.214363e-02,1.925385e-02,3.658740e-02,5.464912e-02,2.767794e-01,2.634746e-02,4.998127e-02,1.616700e-01,2.809324e-02
8.613961e-02,8.700894e-03,4.102834e-02,7.379722e-03,1.484429e-01,1.425942e-01,1.377995e-02,2.168325e-02,3.483732e-02,4.919738e-02,2.179093e-01,2.227666e-02,4.012639e-02,1.343152e-01,3.158881e-02
8.905035e-02,9.363317e-03,3.449281e-02,1.288680e-02,1.709709e-01,1.467256e-01,1.056060e-02,5.159533e-02,3.244127e-02,4.021736e-02,2.025924e-01,1.692713e-02,2.999251e-02,1.272253e-01,2.495830e-02
1.168832e-01,1.148690e-02,4.106964e-02,1.371865e-02,1.631389e-01,1.189220e-01,7.819808e-03,7.177434e-02,3.314315e-02,3.236789e-02,2.255642e-01,1.653259e-02,2.245899e-02,1.035086e-01,2.161108e-02
1.260251e-01,1.039262e-02,5.408542e-02,1.663795e-02,1.768315e-01,8.953895e-02,6.193757e-03,1.678566e-01,2.751451e-02,2.363010e-02,1.790697e-01,1.419591e-02,1.681264e-02,7.499801e-02,1.621728e-02
1.024935e-01,7.686652e-03,5.328237e-02,1.691736e-02,1.493908e-01,6.445861e-02,7.048474e-03,3.476391e-01,1.991039e-02,1.660977e-02,1.280625e-01,1.010424e-02,1.227539e-02,5.263377e-02,1.148709e-02
8.561581e-02,5.553678e-03,4.190438e-02,1.311798e-02,1.900465e-01,4.667257e-02,1.428408e-02,4.239507e-01,1.423450e-02,1.169215e-02,9.074354e-02,7.276211e-03,9.859040e-03,3.691006e-02,8.138865e-03
7.869057e-02,4.197793e-03,3.417374e-02,1.124314e-02,1.789526e-01,3.751175e-02,2.151920e-02,5.039832e-01,1.028244e-02,8.270833e-03,6.463704e-02,5.367551e-03,9.089204e-03,2.601114e-02,6.069824e-03
6.966446e-02,3.862105e-03,2.573573e-02,1.031722e-02,1.995257e-01,6.016503e-02,3.126636e-02,4.916808e-01,7.707711e-03,5.922932e-03,4.592866e-02,4.090399e-03,2.124883e-02,1.823622e-02,4.647955e-03
7.587329e-02,3.249227e-03,1.864751e-02,9.253478e-03,1.852902e-01,6.229791e-02,4.055588e-02,5.186341e-01,5.930190e-03,4.247750e-03,3.265183e-02,3.413016e-03,2.300196e-02,1.283491e-02,4.118889e-03
7.608210e-02,2.555229e-03,1.461524e-02,1.044243e-02,1.654303e-01,5.358345e-02,4.031966e-02,5.728061e-01,5.163183e-03,3.192131e-03,2.307192e-02,2.673433e-03,1.721429e-02,9.043888e-03,3.806757e-03
1.015691e-01,2.143687e-03,1.326952e-02,1.423314e-02,1.507832e-01,4.698278e-02,4.414193e-02,5.759293e-01,4.908164e-03,2.859413e-03,1.649643e-02,2.869229e-03,1.342959e-02,6.449783e-03,3.934782e-03
9.802126e-02,2.021114e-03,1.165073e-02,1.690076e-02,1.263000e-01,3.628167e-02,3.568783e-02,6.337200e-01,3.972003e-03,2.207208e-03,1.187505e-02,3.065534e-03,1.016883e-02,4.604246e-03,3.523720e-03
1.356989e-01,2.851777e-03,1.575669e-02,2.341025e-02,9.936041e-02,3.903843e-02,3.374649e-02,6.060950e-01,4.839541e-03,2.405232e-03,1.020645e-02,7.407483e-03,1.022350e-02,3.470096e-03,5.489734e-03
1.611440e-01,4.399381e-03,1.509701e-02,3.430866e-02,7.271750e-02,1.113819e-01,2.707256e-02,4.573166e-01,1.159784e-02,9.717803e-03,1.795281e-02,2.751806e-02,1.522545e-02,3.126437e-03,3.142396e-02
1.246904e-01,7.141877e-03,1.339393e-02,3.659269e-02,5.166867e-02,1.652918e-01,2.037404e-02,3.224202e-01,2.037615e-02,7.266381e-02,3.594437e-02,5.787602e-02,3.271468e-02,3.395518e-03,3.545580e-02
1.052080e-01,1.097216e-02,1.073952e-02,5.469841e-02,3.803729e-02,1.826319e-01,1.583782e-02,2.269018e-01,4.016551e-02,1.122654e-01,3.898045e-02,8.220588e-02,3.923542e-02,3.297355e-03,3.882311e-02
7.842746e-02,8.505221e-03,9.496662e-03,4.487383e-02,2.909694e-02,1.416874e-01,1.229054e-02,1.622283e-01,3.713345e-02,9.537737e-02,4.261990e-02,1.583601e-01,1.181124e-01,6.590617e-03,5.519987e-02
8.898803e-02,7.340247e-03,7.179896e-03,3.351280e-02,2.156027e-02,1.040908e-01,9.657274e-03,1.139180e-01,3.261461e-02,9.510005e-02,3.375024e-02,2.403678e-01,1.426112e-01,8.062166e-03,6.124672e-02
1.157151e-01,7.432159e-03,6.836377e-03,2.520676e-02,2.096717e-02,8.033832e-02,8.048642e-03,8.051411e-02,3.497148e-02,8.565331e-02,2.973061e-02,2.186272e-01,2.062418e-01,7.932157e-03,7.178476e-02
1.311067e-01,1.465045e-02,6.267412e-03,1.973156e-02,1.834462e-02,6.049511e-02,7.258360e-03,5.721214e-02,4.008986e-02,1.777370e-01,2.311703e-02,2.121433e-01,1.588399e-01,6.287311e-03,6.671914e-02
1.878014e-01,2.312482e-02,6.383906e-03,1.626365e-02,1.517573e-02,4.477183e-02,6.524896e-03,4.051305e-02,3.496946e-02,1.956806e-01,1.889472e-02,2.106328e-01,1.311428e-01,5.169841e-03,6.295057e-02
1.776316e-01,2.902007e-02,6.773254e-03,1.309942e-02,1.813837e-02,3.262201e-02,1.485780e-02,3.020268e-02,3.534636e-02,2.573963e-01,1.754797e-02,1.753225e-01,1.138295e-01,5.517196e-03,7.269496e-02
2.030863e-01,2.370899e-02,6.257718e-03,1.495788e-02,3.395776e-02,2.554341e-02,1.254491e-02,4.391341e-02,3.759000e-02,3.035006e-01,1.384810e-02,1.322737e-01,8.960750e-02,5.196678e-03,5.401299e-02
1.919785e-01,2.168226e-02,7.359588e-03,1.491306e-02,6.157151e-02,2.603261e-02,1.258956e-02,6.086304e-02,4.447678e-02,3.305854e-01,1.103882e-02,9.662250e-02,7.502170e-02,4.627137e-03,4.063748e-02
2.198799e-01,2.255786e-02,6.448037e-03,1.400909e-02,5.921166e-02,2.223852e-02,1.152644e-02,5.887938e-02,7.499778e-02,3.311371e-01,8.620290e-03,7.033870e-02,6.184214e-02,4.009111e-03,3.430393e-02
2.206697e-01,2.131814e-02,5.288708e-03,1.304773e-02,6.125970e-02,2.112017e-02,1.138708e-02,5.607741e-02,1.133972e-01,3.301536e-01,7.261007e-03,5.299388e-02,5.216328e-02,3.307856e-03,3.055456e-02
2.061463e-01,1.967336e-02,4.572723e-03,1.199961e-02,6.483810e-02,1.758511e-02,1.147492e-02,4.963161e-02,1.550365e-01,3.443388e-01,6.073565e-03,3.962716e-02,4.243134e-02,2.645878e-03,2.392498e-02
1.709805e-01,3.583050e-02,4.816573e-03,1.376168e-02,5.587556e-02,1.459085e-02,1.262521e-02,3.721511e-02,2.370009e-01,3.176098e-01,6.465456e-03,3.006287e-02,3.627839e-02,2.088409e-03,2.479815e-02
1.942890e-01,4.256137e-02,4.275924e-03,1.359565e-02,5.646326e-02,1.349511e-02,1.029221e-02,2.939406e-02,2.735250e-01,2.568464e-01,8.000624e-03,2.520903e-02,3.408273e-02,2.190950e-03,3.577868e-02
1.824637e-01,7.582700e-02,4.017023e-03,2.187680e-02,4.371028e-02,1.253167e-02,7.793335e-03,2.265292e-02,3.179870e-01,2.028241e-01,1.182367e-02,2.158255e-02,3.368368e-02,2.752996e-03,3.847327e-02
2.227535e-01,7.686825e-02,1.746313e-02,4.049241e-02,3.594950e-02,1.301574e-02,6.551162e-03,2.284973e-02,2.943585e-01,1.532867e-01,1.881133e-02,2.418034e-02,3.487841e-02,4.018864e-03,3.452242e-02
2.572714e-01,5.940206e-02,2.074267e-02,3.717089e-02,4.081412e-02,1.692237e-02,1.080818e-02,1.914131e-02,2.616613e-01,1.158517e-01,2.021603e-02,5.670027e-02,3.525995e-02,4.966646e-03,4.307115e-02
2.791879e-01,4.579436e-02,1.695080e-02,2.842980e-02,4.519746e-02,1.761548e-02,1.786858e-02,1.974507e-02,2.950847e-01,8.604886e-02,2.015002e-02,4.870065e-02,3.093274e-02,6.470217e-03,4.182340e-02
3.194411e-01,4.491976e-02,2.019327e-02,3.005351e-02,4.559350e-02,1.799899e-02,1.744406e-02,2.841208e-02,2.688708e-01,6.616998e-02,1.844500e-02,4.144343e-02,3.376815e-02,7.052704e-03,4.019372e-02
3.214859e-01,5.256015e-02,1.813608e-02,2.426152e-02,4.252039e-02,1.864736e-02,1.684343e-02,3.082929e-02,2.714151e-01,4.993175e-02,1.901818e-02,4.619303e-02,4.714984e-02,7.866425e-03,3.314158e-02
3.043593e-01,5.063709e-02,2.329822e-02,2.945735e-02,4.004901e-02,2.563972e-02,1.562855e-02,5.149772e-02,2.443672e-01,3.588720e-02,1.669937e-02,4.914525e-02,7.959013e-02,7.253578e-03,2.649030e-02
2.579695e-01,3.859293e-02,2.385924e-02,2.505296e-02,5.196032e-02,2.791646e-02,1.413379e-01,8.890373e-02,1.796086e-01,2.582207e-02,1.263889e-02,3.672692e-02,6.349437e-02,5.667019e-03,2.044905e-02
1.874234e-01,2.863709e-02,4.798216e-02,2.087145e-02,5.112943e-02,3.589713e-02,2.946617e-01,7.692361e-02,1.274168e-01,1.951594e-02,9.116020e-03,2.798460e-02,5.311087e-02,4.071791e-03,1.525800e-02
1.342364e-01,2.132582e-02,4.239110e-02,2.017860e-02,1.363905e-01,3.761933e-02,2.890005e-01,6.335066e-02,9.049973e-02,5.520163e-02,7.324184e-03,2.038288e-02,6.354269e-02,3.143962e-03,1.541189e-02
1.047361e-01,2.028940e-02,3.182124e-02,1.604575e-02,1.898319e-01,4.666489e-02,2.304405e-01,4.536126e-02,6.586281e-02,1.462868e-01,6.768238e-03,2.122881e-02,5.036422e-02,2.695900e-03,2.160216e-02
7.445735e-02,1.449802e-02,2.251848e-02,1.179741e-02,1.431292e-01,3.541830e-02,1.892843e-01,3.224884e-02,4.659723e-02,3.360853e-01,6.372729e-03,1.776399e-02,3.928582e-02,2.793420e-03,2.774947e-02
7.543279e-02,1.101881e-02,1.601333e-02,1.007737e-02,1.119883e-01,3.178360e-02,1.433123e-01,2.358704e-02,3.438504e-02,4.017268e-01,1.033243e-02,5.386116e-02,3.824551e-02,3.753742e-03,3.448173e-02
6.423505e-02,8.067391e-03,1.141171e-02,8.380206e-03,7.907763e-02,2.537501e-02,1.023306e-01,1.676902e-02,2.565520e-02,4.083275e-01,1.277697e-02,1.689625e-01,3.722562e-02,5.057565e-03,2.634794e-02
5.092765e-02,5.826594e-03,8.139898e-03,6.568386e-03,5.590738e-02,1.923345e-02,7.415555e-02,1.197557e-02,1.879905e-02,3.811558e-01,1.655485e-02,2.871208e-01,3.754716e-02,5.957655e-03,2.013025e-02
6.005821e-02,5.273773e-03,6.672048e-03,5.495315e-03,4.181241e-02,1.451348e-02,5.276668e-02,8.889008e-03,2.023905e-02,2.894180e-01,2.441505e-02,4.140538e-01,3.047084e-02,8.806096e-03,1.711628e-02
7.085328e-02,8.514548e-03,6.729099e-03,5.035162e-03,3.103860e-02,1.107660e-02,3.740026e-02,6.413601e-03,2.143069e-02,2.289713e-01,2.258509e-02,4.868420e-01,3.277779e-02,1.407790e-02,1.625414e-02
6.221288e-02,9.840913e-03,5.455277e-03,3.718721e-03,2.234517e-02,8.132070e-03,2.630275e-02,4.615790e-03,1.885102e-02,1.968514e-01,5.420015e-02,5.236661e-01,3.445276e-02,1.661237e-02,1.274262e-02
5.229546e-02,7.745730e-03,4.433104e-03,2.850266e-03,1.669815e-02,5.984879e-03,1.848778e-02,3.908701e-03,1.593093e-02,1.608381e-01,9.022290e-02,5.605460e-01,2.827538e-02,2.140881e-02,1.037372e-02
4.740357e-02,9.091054e-03,5.322643e-03,2.623839e-03,1.251822e-02,4.465421e-03,1.312612e-02,3.708483e-03,2.355631e-02,1.329403e-01,1.633770e-01,5.081890e-01,2.964904e-02,3.391736e-02,1.011169e-02
5.628742e-02,9.116685e-03,5.564199e-03,2.451458e-03,9.299531e-03,3.653812e-03,9.371549e-03,3.668943e-03,2.535034e-02,1.038436e-01,2.185872e-01,4.847178e-01,2.322677e-02,3.748594e-02,7.374718e-03
4.761645e-02,1.071210e-02,6.160073e-03,2.037463e-03,6.881023e-03,3.336222e-03,6.679136e-03,3.184190e-03,2.479266e-02,7.532141e-02,3.410397e-01,4.087418e-01,1.869082e-02,3.916638e-02,5.640601e-03
3.352157e-02,1.007026e-02,4.635723e-03,1.482840e-03,4.972874e-03,2.471300e-03,4.688371e-03,2.382484e-03,2.454685e-02,5.317017e-02,5.006260e-01,3.039935e-01,1.350243e-02,3.580915e-02,4.126431e-03
2.370851e-02,7.642063e-03,3.382728e-03,1.077343e-03,3.767142e-03,1.784875e-03,3.288242e-03,1.796505e-03,5.419917e-02,3.767081e-02,5.953306e-01,2.187775e-01,9.558558e-03,3.482959e-02,3.186334e-03
1.699214e-02,5.899349e-03,2.509882e-03,8.127749e-04,3.528466e-03,1.330097e-03,2.309116e-03,1.393919e-03,8.797850e-02,2.679563e-02,6.523948e-01,1.545594e-01,6.759488e-03,3.341142e-02,3.325066e-03
1.305271e-02,4.452305e-03,1.968857e-03,6.038427e-04,3.281413e-03,1.248994e-03,1.641581e-03,1.179162e-03,8.811294e-02,1.932224e-02,7.068703e-01,1.084276e-01,4.838868e-03,4.088639e-02,4.112730e-03
1.518523e-02,3.288851e-03,1.770347e-03,7.514209e-04,4.971506e-03,2.963660e-03,1.225049e-03,2.943312e-03,7.992730e-02,1.522321e-02,7.444698e-01,7.682575e-02,3.943681e-03,4.154988e-02,4.961039e-03
2.734552e-02,2.553968e-03,1.598812e-03,7.850588e-04,4.164161e-03,6.524624e-03,9.680192e-04,3.479529e-03,9.058748e-02,2.899347e-02,7.002105e-01,5.908310e-02,6.385243e-03,4.871537e-02,1.860513e-02
3.336821e-02,2.303683e-03,1.460522e-03,1.113122e-03,3.839472e-03,8.329706e-03,7.910967e-04,3.576498e-03,1.339200e-01,4.192676e-02,6.000139e-01,4.613102e-02,7.395784e-03,9.165622e-02,2.417394e-02
4.383037e-02,8.220327e-03,2.268932e-03,2.269861e-03,4.996601e-03,7.680785e-03,7.164099e-04,3.872618e-03,2.035986e-01,3.696774e-02,5.042378e-01,4.476798e-02,1.127717e-02,8.789254e-02,3.740229e-02
5.820632e-02,6.619704e-03,2.490537e-03,2.087223e-02,5.327553e-03,8.288615e-03,6.209622e-04,1.422649e-02,2.309848e-01,2.826547e-02,4.379646e-01,3.434445e-02,1.220007e-02,1.089574e-01,3.063077e-02
6.006478e-02,7.653712e-03,2.294529e-03,1.689776e-02,5.296657e-03,9.229964e-03,5.766316e-04,1.224941e-02,2.424850e-01,2.069027e-02,3.895867e-01,2.504833e-02,1.144655e-02,1.631459e-01,3.333381e-02
7.715332e-02,1.065371e-02,4.244763e-03,1.503701e-02,1.431779e-02,8.212123e-03,5.408998e-04,1.003518e-02,2.472759e-01,1.642495e-02,3.103395e-01,1.800592e-02,9.165308e-03,2.133104e-01,4.528315e-02
8.298760e-02,1.077254e-02,5.295116e-02,4.260882e-02,2.512403e-02,1.344406e-02,1.473924e-03,1.736724e-02,2.734334e-01,1.233788e-02,2.226860e-01,1.280024e-02,7.149916e-03,1.792859e-01,4.557721e-02
7.442482e-02,9.401645e-03,1.828037e-01,9.009667e-02,2.791763e-02,1.125216e-02,1.149409e-03,1.371930e-02,2.358747e-01,9.207943e-03,1.577533e-01,9.078805e-03,5.259473e-03,1.295381e-01,4.252233e-02
6.857949e-02,9.820268e-03,2.617106e-01,8.265748e-02,4.551183e-02,1.025521e-02,9.330978e-04,1.525876e-02,2.181814e-01,7.620298e-03,1.181896e-01,6.476525e-03,3.949031e-03,1.052626e-01,4.559378e-02
7.058071e-02,1.079000e-02,3.206730e-01,6.614250e-02,9.488301e-02,1.063358e-02,9.825103e-04,1.450868e-02,1.838483e-01,6.233543e-03,8.658841e-02,4.657010e-03,2.938399e-03,8.851291e-02,3.802745e-02
7.925576e-02,2.009816e-02,3.100090e-01,7.176988e-02,8.587963e-02,1.016702e-02,8.651993e-04,1.306266e-02,1.441335e-01,9.267685e-03,6.292027e-02,3.539883e-03,2.636940e-03,7.633753e-02,1.100569e-01
9.587859e-02,2.037100e-02,3.033850e-01,6.196562e-02,8.615096e-02,8.386142e-03,8.990635e-04,2.673125e-02,1.433812e-01,8.802658e-03,4.781182e-02,2.660409e-03,2.319287e-03,1.029895e-01,8.826743e-02
1.004822e-01,2.062556e-02,2.937518e-01,6.221581e-02,9.019179e-02,8.308005e-03,9.954676e-04,4.890630e-02,1.310307e-01,1.019216e-02,3.589487e-02,2.035769e-03,1.969477e-03,1.231386e-01,7.026146e-02
1.067045e-01,2.664498e-02,3.174236e-01,5.002965e-02,7.233465e-02,6.638723e-03,1.002036e-03,4.596975e-02,1.744147e-01,8.435432e-03,2.661458e-02,1.873072e-03,1.774305e-03,1.036310e-01,5.650903e-02
1.340198e-01,2.818186e-02,3.252497e-01,4.012721e-02,6.599845e-02,6.058064e-03,1.115935e-03,3.834004e-02,2.097188e-01,6.214564e-03,1.960873e-02,1.876912e-03,1.622326e-03,8.016833e-02,4.169936e-02
2.082782e-01,2.934391e-02,3.096310e-01,3.563541e-02,7.015794e-02,6.720646e-03,1.272840e-03,3.291973e-02,1.857704e-01,5.035598e-03,1.473930e-02,2.130499e-03,1.624975e-03,6.347331e-02,3.326625e-02
2.914802e-01,4.305265e-02,2.292066e-01,2.723246e-02,5.516306e-02,2.181307e-02,1.179661e-03,2.872688e-02,1.476323e-01,4.913787e-03,2.731026e-02,1.309619e-02,3.511079e-03,6.799120e-02,3.769066e-02
2.468107e-01,7.886220e-02,1.690289e-01,2.052811e-02,3.952854e-02,2.146313e-02,1.112553e-03,2.156723e-02,1.755731e-01,4.780671e-03,5.129974e-02,1.010561e-02,2.700482e-03,9.164220e-02,6.499679e-02
2.246729e-01,6.393582e-02,1.203967e-01,1.515278e-02,2.799476e-02,1.934423e-02,1.143485e-03,1.609130e-02,1.339838e-01,3.997148e-03,1.417130e-01,8.928938e-03,3.241686e-03,1.576127e-01,6.179078e-02
1.714457e-01,4.735174e-02,8.477988e-02,1.103010e-02,1.970485e-02,1.567516e-02,8.970007e-04,1.149153e-02,9.884550e-02,3.184666e-03,2.519431e-01,8.515576e-03,3.116638e-03,2.215595e-01,5.045908e-02
1.214008e-01,3.333370e-02,5.942317e-02,7.853091e-03,1.386985e-02,1.170884e-02,7.005049e-04,8.068575e-03,6.973682e-02,2.312496e-03,4.317938e-01,7.136161e-03,2.507865e-03,1.937487e-01,3.640551e-02
8.515737e-02,2.337341e-02,4.161553e-02,5.566302e-03,9.858606e-03,8.250182e-03,5.731150e-04,5.671054e-03,4.969732e-02,1.922137e-03,5.532097e-01,6.592761e-03,1.962346e-03,1.809123e-01,2.563777e-02
5.987306e-02,1.639909e-02,2.914505e-02,3.941661e-03,7.017221e-03,5.839217e-03,4.709403e-04,3.996453e-03,3.537455e-02,1.520849e-03,6.390596e-01,8.458986e-03,1.697871e-03,1.689941e-01,1.821129e-02
4.194130e-02,1.148732e-02,2.040826e-02,2.811724e-03,5.014131e-03,4.145110e-03,3.812631e-04,2.802881e-03,2.509937e-02,1.271388e-03,7.302350e-01,6.969769e-03,1.519235e-03,1.330936e-01,1.281963e-02
2.939268e-02,8.058076e-03,1.429653e-02,2.015625e-03,3.685090e-03,3.030022e-03,3.156222e-04,1.968266e-03,1.768135e-02,1.021134e-03,7.978116e-01,5.907801e-03,1.199775e-03,1.045899e-01,9.026600e-03
2.060908e-02,5.649116e-03,1.001290e-02,1.428185e-03,2.638479e-03,2.185469e-03,2.436963e-04,1.381037e-03,1.245487e-02,8.250469e-04,8.490293e-01,5.385757e-03,9.124651e-04,8.086916e-02,6.375471e-03
1.463894e-02,4.047936e-03,7.039058e-03,1.063969e-03,2.005346e-03,1.717711e-03,1.949230e-04,9.845840e-04,9.154263e-03,1.013191e-03,8.710028e-01,9.259863e-03,7.475367e-04,7.248680e-02,4.643149e-03
1.061613e-02,2.978675e-03,4.940733e-03,8.312809e-04,1.522332e-03,1.393175e-03,1.610951e-04,7.045376e-04,6.807947e-03,1.481404e-03,8.851780e-01,1.233605e-02,6.174924e-04,6.690729e-02,3.523953e-03
7.789375e-03,2.297561e-03,3.468823e-03,6.407134e-04,1.988237e-03,1.064776e-03,2.316574e-04,5.375976e-04,4.940325e-03,1.411262e-03,9.054390e-01,1.324390e-02,5.773470e-04,5.377631e-02,2.593176e-03
6.025788e-03,1.978378e-03,2.530464e-03,5.419253e-04,2.977491e-03,1.136425e-03,6.065441e-04,7.267625e-04,3.692666e-03,1.275211e-03,9.145762e-01,1.598996e-02,6.155492e-04,4.522276e-02,2.103854e-03
