1.000000e+00,0.000000e+00,0.000000e+00,0.000000e+00,0.000000e+00,0.000000e+00,0.000000e+00,0.000000e+00,0.000000e+00,0.000000e+00,0.000000e+00,0.000000e+00,0.000000e+00,0.000000e+00,0.000000e+00
1.000000e+00,0.000000e+00,0.000000e+00,0.000000e+00,0.000000e+00,0.000000e+00,0.000000e+00,0.000000e+00,0.000000e+00,0.000000e+00,0.000000e+00,0.000000e+00,0.000000e+00,0.000000e+00,0.000000e+00
1.000000e+00,0.000000e+00,0.000000e+00,0.000000e+00,0.000000e+00,0.000000e+00,0.000000e+00,0.000000e+00,0.000000e+00,0.000000e+00,0.000000e+00,0.000000e+00,0.000000e+00,0.000000e+00,0.000000e+00
1.000000e+00,0.000000e+00,0.000000e+00,0.000000e+00,0.000000e+00,0.000000e+00,0.000000e+00,0.000000e+00,0.000000e+00,0.000000e+00,0.000000e+00,0.000000e+00,0.000000e+00,0.000000e+00,0.000000e+00
1.000000e+00,0.000000e+00,0.000000e+00,0.000000e+00,0.000000e+00,0.000000e+00,0.000000e+00,0.000000e+00,0.000000e+00,0.000000e+00,0.000000e+00,0.000000e+00,0.000000e+00,0.000000e+00,0.000000e+00
1.000000e+00,0.000000e+00,0.000000e+00,0.000000e+00,0.000000e+00,0.000000e+00,0.000000e+00,0.000000e+00,0.000000e+00,0.000000e+00,0.000000e+00,0.000000e+00,0.000000e+00,0.000000e+00,0.000000e+00
1.000000e+00,0.000000e+00,0.000000e+00,0.000000e+00,0.000000e+00,0.000000e+00,0.000000e+00,0.000000e+00,0.000000e+00,0.000000e+00,0.000000e+00,0.000000e+00,0.000000e+00,0.000000e+00,0.000000e+00
1.000000e+00,0.000000e+00,0.000000e+00,0.000000e+00,0.000000e+00,0.000000e+00,0.000000e+00,0.000000e+00,0.000000e+00,0.000000e+00,0.000000e+00,0.000000e+00,0.000000e+00,0.000000e+00,0.000000e+00
1.000000e+00,0.000000e+00,0.000000e+00,0.000000e+00,0.000000e+00,0.000000e+00,0.000000e+00,0.000000e+00,0.000000e+00,0.000000e+00,0.000000e+00,0.000000e+00,0.000000e+00,0.000000e+00,0.000000e+00
1.000000e+00,0.000000e+00,0.000000e+00,0.000000e+00,0.000000e+00,0.000000e+00,0.000000e+00,0.000000e+00,0.000000e+00,0.000000e+00,0.000000e+00,0.000000e+00,0.000000e+00,0.000000e+00,0.000000e+00
1.000000e+00,0.000000e+00,0.000000e+00,0.000000e+00,0.000000e+00,0.000000e+00,0.000000e+00,0.000000e+00,0.000000e+00,0.000000e+00,0.000000e+00,0.000000e+00,0.000000e+00,0.000000e+00,0.000000e+00
1.000000e+00,0.000000e+00,0.000000e+00,0.000000e+00,0.000000e+00,0.000000e+00,0.000000e+00,0.000000e+00,0.000000e+00,0.000000e+00,0.000000e+00,0.000000e+00,0.000000e+00,0.000000e+00,0.000000e+00
1.000000e+00,0.000000e+00,0.000000e+00,0.000000e+00,0.000000e+00,0.000000e+00,0.000000e+00,0.000000e+00,0.000000e+00,0.000000e+00,0.000000e+00,0.000000e+00,0.000000e+00,0.000000e+00,0.000000e+00
1.000000e+00,0.000000e+00,0.000000e+00,0.000000e+00,0.000000e+00,0.000000e+00,0.000000e+00,0.000000e+00,0.000000e+00,0.000000e+00,0.000000e+00,0.000000e+00,0.000000e+00,0.000000e+00,0.000000e+00
1.000000e+00,0.000000e+00,0.000000e+00,0.000000e+00,0.000000e+00,0.000000e+00,0.000000e+00,0.000000e+00,0.000000e+00,0.000000e+00,0.000000e+00,0.000000e+00,0.000000e+00,0.000000e+00,0.000000e+00
1.000000e+00,0.000000e+00,0.000000e+00,0.000000e+00,0.000000e+00,0.000000e+00,0.000000e+00,0.000000e+00,0.000000e+00,0.000000e+00,0.000000e+00,0.000000e+00,0.000000e+00,0.000000e+00,0.000000e+00
1.000000e+00,0.000000e+00,0.000000e+00,0.000000e+00,0.000000e+00,0.000000e+00,0.000000e+00,0.000000e+00,0.000000e+00,0.000000e+00,0.000000e+00,0.000000e+00,0.000000e+00,0.000000e+00,0.000000e+00
1.000000e+00,0.000000e+00,0.000000e+00,0.000000e+00,0.000000e+00,0.000000e+00,0.000000e+00,0.000000e+00,0.000000e+00,0.000000e+00,0.000000e+00,0.000000e+00,0.000000e+00,0.000000e+00,0.000000e+00
1.000000e+00,0.000000e+00,0.000000e+00,0.000000e+00,0.000000e+00,0.000000e+00,0.000000e+00,0.000000e+00,0.000000e+00,0.000000e+00,0.000000e+00,0.000000e+00,0.000000e+00,0.000000e+00,0.000000e+00
1.000000e+00,0.000000e+00,0.000000e+00,0.000000e+00,0.000000e+00,0.000000e+00,0.000000e+00,0.000000e+00,0.000000e+00,0.000000e+00,0.000000e+00,0.000000e+00,0.000000e+00,0.000000e+00,0.000000e+00
1.000000e+00,0.000000e+00,0.000000e+00,0.000000e+00,0.000000e+00,0.000000e+00,0.000000e+00,0.000000e+00,0.000000e+00,0.000000e+00,0.000000e+00,0.000000e+00,0.000000e+00,0.000000e+00,0.000000e+00
1.000000e+00,0.000000e+00,0.000000e+00,0.000000e+00,0.000000e+00,0.000000e+00,0.000000e+00,0.000000e+00,0.000000e+00,0.000000e+00,0.000000e+00,0.000000e+00,0.000000e+00,0.000000e+00,0.000000e+00
1.000000e+00,0.000000e+00,0.000000e+00,0.000000e+00,0.000000e+00,0.000000e+00,0.000000e+00,0.000000e+00,0.000000e+00,0.000000e+00,0.000000e+00,0.000000e+00,0.000000e+00,0.000000e+00,0.000000e+00
1.000000e+00,0.000000e+00,0.000000e+00,0.000000e+00,0.000000e+00,0.000000e+00,0.000000e+00,0.000000e+00,0.000000e+00,0.000000e+00,0.000000e+00,0.000000e+00,0.000000e+00,0.000000e+00,0.000000e+00
1.000000e+00,0.000000e+00,0.000000e+00,0.000000e+00,0.000000e+00,0.000000e+00,0.000000e+00,0.000000e+00,0.000000e+00,0.000000e+00,0.000000e+00,0.000000e+00,0.000000e+00,0.000000e+00,0.000000e+00
1.000000e+00,0.000000e+00,0.000000e+00,0.000000e+00,0.000000e+00,0.000000e+00,0.000000e+00,0.000000e+00,0.000000e+00,0.000000e+00,0.000000e+00,0.000000e+00,0.000000e+00,0.000000e+00,0.000000e+00
1.000000e+00,0.000000e+00,0.000000e+00,0.000000e+00,0.000000e+00,0.000000e+00,0.000000e+00,0.000000e+00,0.000000e+00,0.000000e+00,0.000000e+00,0.000000e+00,0.000000e+00,0.000000e+00,0.000000e+00
1.000000e+00,0.000000e+00,0.000000e+00,0.000000e+00,0.000000e+00,0.000000e+00,0.000000e+00,0.000000e+00,0.000000e+00,0.000000e+00,0.000000e+00,0.000000e+00,0.000000e+00,0.000000e+00,0.000000e+00
1.000000e+00,0.000000e+00,0.000000e+00,0.000000e+00,0.000000e+00,0.000000e+00,0.000000e+00,0.000000e+00,0.000000e+00,0.000000e+00,0.000000e+00,0.000000e+00,0.000000e+00,0.000000e+00,0.000000e+00
1.000000e+00,0.000000e+00,0.000000e+00,0.000000e+00,0.000000e+00,0.000000e+00,0.000000e+00,0.000000e+00,0.000000e+00,0.000000e+00,0.000000e+00,0.000000e+00,0.000000e+00,0.000000e+00,0.000000e+00
1.000000e+00,0.000000e+00,0.000000e+00,0.000000e+00,0.000000e+00,0.000000e+00,0.000000e+00,0.000000e+00,0.000000e+00,0.000000e+00,0.000000e+00,0.000000e+00,0.000000e+00,0.000000e+00,0.000000e+00
1.000000e+00,0.000000e+00,0.000000e+00,0.000000e+00,0.000000e+00,0.000000e+00,0.000000e+00,0.000000e+00,0.000000e+00,0.000000e+00,0.000000e+00,0.000000e+00,0.000000e+00,0.000000e+00,0.000000e+00
1.000000e+00,0.000000e+00,0.000000e+00,0.000000e+00,0.000000e+00,0.000000e+00,0.000000e+00,0.000000e+00,0.000000e+00,0.000000e+00,0.000000e+00,0.000000e+00,0.000000e+00,0.000000e+00,0.000000e+00
1.000000e+00,0.000000e+00,0.000000e+00,0.000000e+00,0.000000e+00,0.000000e+00,0.000000e+00,0.000000e+00,0.000000e+00,0.000000e+00,0.000000e+00,0.000000e+00,0.000000e+00,0.000000e+00,0.000000e+00
1.000000e+00,0.000000e+00,0.000000e+00,0.000000e+00,0.000000e+00,0.000000e+00,0.000000e+00,0.000000e+00,0.000000e+00,0.000000e+00,0.000000e+00,0.000000e+00,0.000000e+00,0.000000e+00,0.000000e+00
1.000000e+00,0.000000e+00,0.000000e+00,0.000000e+00,0.000000e+00,0.000000e+00,0.000000e+00,0.000000e+00,0.000000e+00,0.000000e+00,0.000000e+00,0.000000e+00,0.000000e+00,0.000000e+00,0.000000e+00
1.000000e+00,0.000000e+00,0.000000e+00,0.000000e+00,0.000000e+00,0.000000e+00,0.000000e+00,0.000000e+00,0.000000e+00,0.000000e+00,0.000000e+00,0.000000e+00,0.000000e+00,0.000000e+00,0.000000e+00
1.000000e+00,0.000000e+00,0.000000e+00,0.000000e+00,0.000000e+00,0.000000e+00,0.000000e+00,0.000000e+00,0.000000e+00,0.000000e+00,0.000000e+00,0.000000e+00,0.000000e+00,0.000000e+00,0.000000e+00
1.000000e+00,0.000000e+00,0.000000e+00,0.000000e+00,0.000000e+00,0.000000e+00,0.000000e+00,0.000000e+00,0.000000e+00,0.000000e+00,0.000000e+00,0.000000e+00,0.000000e+00,0.000000e+00,0.000000e+00
1.000000e+00,0.000000e+00,0.000000e+00,0.000000e+00,0.000000e+00,0.000000e+00,0.000000e+00,0.000000e+00,0.000000e+00,0.000000e+00,0.000000e+00,0.000000e+00,0.000000e+00,0.000000e+00,0.000000e+00
1.000000e+00,0.000000e+00,0.000000e+00,0.000000e+00,0.000000e+00,0.000000e+00,0.000000e+00,0.000000e+00,0.000000e+00,0.000000e+00,0.000000e+00,0.000000e+00,0.000000e+00,0.000000e+00,0.000000e+00
1.000000e+00,0.000000e+00,0.000000e+00,0.000000e+00,0.000000e+00,0.000000e+00,0.000000e+00,0.000000e+00,0.000000e+00,0.000000e+00,0.000000e+00,0.000000e+00,0.000000e+00,0.000000e+00,0.000000e+00
1.000000e+00,0.000000e+00,0.000000e+00,0.000000e+00,0.000000e+00,0.000000e+00,0.000000e+00,0.000000e+00,0.000000e+00,0.000000e+00,0.000000e+00,0.000000e+00,0.000000e+00,0.000000e+00,0.000000e+00
1.000000e+00,0.000000e+00,0.000000e+00,0.000000e+00,0.000000e+00,0.000000e+00,0.000000e+00,0.000000e+00,0.000000e+00,0.000000e+00,0.000000e+00,0.000000e+00,0.000000e+00,0.000000e+00,0.000000e+00
1.000000e+00,0.000000e+00,0.000000e+00,0.000000e+00,0.000000e+00,0.000000e+00,0.000000e+00,0.000000e+00,0.000000e+00,0.000000e+00,0.000000e+00,0.000000e+00,0.000000e+00,0.000000e+00,0.000000e+00
1.000000e+00,0.000000e+00,0.000000e+00,0.000000e+00,0.000000e+00,0.000000e+00,0.000000e+00,0.000000e+00,0.000000e+00,0.000000e+00,0.000000e+00,0.000000e+00,0.000000e+00,0.000000e+00,0.000000e+00
1.000000e+00,0.000000e+00,0.000000e+00,0.000000e+00,0.000000e+00,0.000000e+00,0.000000e+00,0.000000e+00,0.000000e+00,0.000000e+00,0.000000e+00,0.000000e+00,0.000000e+00,0.000000e+00,0.000000e+00
1.000000e+00,0.000000e+00,0.000000e+00,0.000000e+00,0.000000e+00,0.000000e+00,0.000000e+00,0.000000e+00,0.000000e+00,0.000000e+00,0.000000e+00,0.000000e+00,0.000000e+00,0.000000e+00,0.000000e+00
1.000000e+00,0.000000e+00,0.000000e+00,0.000000e+00,0.000000e+00,0.000000e+00,0.000000e+00,0.000000e+00,0.000000e+00,0.000000e+00,0.000000e+00,0.000000e+00,0.000000e+00,0.000000e+00,0.000000e+00
1.000000e+00,0.000000e+00,0.000000e+00,0.000000e+00,0.000000e+00,0.000000e+00,0.000000e+00,0.000000e+00,0.000000e+00,0.000000e+00,0.000000e+00,0.000000e+00,0.000000e+00,0.000000e+00,0.000000e+00
1.000000e+00,0.000000e+00,0.000000e+00,0.000000e+00,0.000000e+00,0.000000e+00,0.000000e+00,0.000000e+00,0.000000e+00,0.000000e+00,0.000000e+00,0.000000e+00,0.000000e+00,0.000000e+00,0.000000e+00
1.000000e+00,0.000000e+00,0.000000e+00,0.000000e+00,0.000000e+00,0.000000e+00,0.000000e+00,0.000000e+00,0.000000e+00,0.000000e+00,0.000000e+00,0.000000e+00,0.000000e+00,0.000000e+00,0.000000e+00
1.000000e+00,0.000000e+00,0.000000e+00,0.000000e+00,0.000000e+00,0.000000e+00,0.000000e+00,0.000000e+00,0.000000e+00,0.000000e+00,0.000000e+00,0.000000e+00,0.000000e+00,0.000000e+00,0.000000e+00
1.000000e+00,0.000000e+00,0.000000e+00,0.000000e+00,0.000000e+00,0.000000e+00,0.000000e+00,0.000000e+00,0.000000e+00,0.000000e+00,0.000000e+00,0.000000e+00,0.000000e+00,0.000000e+00,0.000000e+00
1.000000e+00,0.000000e+00,0.000000e+00,0.000000e+00,0.000000e+00,0.000000e+00,0.000000e+00,0.000000e+00,0.000000e+00,0.000000e+00,0.000000e+00,0.000000e+00,0.000000e+00,0.000000e+00,0.000000e+00
1.000000e+00,0.000000e+00,0.000000e+00,0.000000e+00,0.000000e+00,0.000000e+00,0.000000e+00,0.000000e+00,0.000000e+00,0.000000e+00,0.000000e+00,0.000000e+00,0.000000e+00,0.000000e+00,0.000000e+00
1.000000e+00,0.000000e+00,0.000000e+00,0.000000e+00,0.000000e+00,0.000000e+00,0.000000e+00,0.000000e+00,0.000000e+00,0.000000e+00,0.000000e+00,0.000000e+00,0.000000e+00,0.000000e+00,0.000000e+00
1.000000e+00,0.000000e+00,0.000000e+00,0.000000e+00,0.000000e+00,0.000000e+00,0.000000e+00,0.000000e+00,0.000000e+00,0.000000e+00,0.000000e+00,0.000000e+00,0.000000e+00,0.000000e+00,0.000000e+00
1.000000e+00,0.000000e+00,0.000000e+00,0.000000e+00,0.000000e+00,0.000000e+00,0.000000e+00,0.000000e+00,0.000000e+00,0.000000e+00,0.000000e+00,0.000000e+00,0.000000e+00,0.000000e+00,0.000000e+00
1.000000e+00,0.000000e+00,0.000000e+00,0.000000e+00,0.000000e+00,0.000000e+00,0.000000e+00,0.000000e+00,0.000000e+00,0.000000e+00,0.000000e+00,0.000000e+00,0.000000e+00,0.000000e+00,0.000000e+00
1.000000e+00,0.000000e+00,0.000000e+00,0.000000e+00,0.000000e+00,0.000000e+00,0.000000e+00,0.000000e+00,0.000000e+00,0.000000e+00,0.000000e+00,0.000000e+00,0.000000e+00,0.000000e+00,0.000000e+00
4.007192e-01,7.195748e-03,1.709549e-01,7.964458e-02,6.160950e-03,1.308107e-02,3.354186e-03,2.670195e-01,2.838779e-03,6.940187e-04,7.728407e-03,2.373712e-02,1.010959e-02,1.343916e-03,5.417946e-03
2.858814e-01,5.091826e-03,1.267103e-01,6.111260e-02,5.416414e-03,9.631524e-03,2.525317e-03,4.666330e-01,2.029293e-03,5.008720e-04,5.623691e-03,1.677668e-02,7.230762e-03,9.683404e-04,3.867986e-03
2.010467e-01,3.584214e-03,9.307028e-02,4.598008e-02,4.598044e-03,7.004168e-03,1.856276e-03,6.166126e-01,1.434361e-03,3.577003e-04,4.054970e-03,1.180497e-02,5.170256e-03,6.901585e-04,2.735315e-03
1.412143e-01,2.523215e-03,6.643638e-02,3.241054e-02,3.666793e-03,4.946563e-03,1.393376e-03,7.287633e-01,1.009745e-03,2.556731e-04,2.927017e-03,8.300309e-03,3.737717e-03,4.925154e-04,1.922536e-03
9.920314e-02,1.827695e-03,4.823326e-02,2.347654e-02,4.998682e-03,3.707544e-03,1.959645e-03,7.952132e-01,9.654938e-04,2.825105e-04,2.871318e-03,6.656397e-03,8.678790e-03,4.823162e-04,1.443487e-03
6.990784e-02,1.351264e-03,3.799006e-02,1.789976e-02,9.476785e-03,3.589590e-03,5.147356e-03,7.908918e-01,1.122196e-03,3.644559e-04,2.427600e-03,5.155429e-03,5.261280e-02,3.682032e-04,1.694879e-03
4.926027e-02,1.039585e-03,3.004004e-02,1.371907e-02,1.134669e-02,6.265902e-03,3.306361e-02,7.397122e-01,1.071011e-03,2.972986e-04,1.793855e-03,3.858055e-03,1.070004e-01,2.640236e-04,1.267978e-03
3.523150e-02,8.558769e-04,2.553321e-02,1.013795e-02,1.363511e-02,1.156182e-02,1.103870e-01,6.930660e-01,8.488205e-04,2.423082e-04,1.317533e-03,2.891502e-03,9.314060e-02,1.905900e-04,9.602022e-04
2.660706e-02,1.017207e-03,2.623716e-02,7.579535e-03,1.414660e-02,1.319178e-02,1.141161e-01,5.732838e-01,8.407468e-04,2.948561e-04,1.175987e-03,2.768003e-03,2.178220e-01,1.466908e-04,7.725891e-04
2.048086e-02,7.975830e-04,1.927083e-02,5.357129e-03,1.067731e-02,1.085105e-02,8.427708e-02,4.091306e-01,7.009782e-04,2.596675e-04,1.400190e-03,2.840065e-03,4.330591e-01,1.141014e-04,7.834517e-04
1.665786e-02,6.237468e-04,1.371177e-02,3.780217e-03,7.771838e-03,8.752517e-03,5.998265e-02,2.876257e-01,5.675146e-04,2.139422e-04,1.778585e-03,3.365451e-03,5.938125e-01,1.007656e-04,1.254950e-03
1.272307e-02,5.291892e-04,9.622921e-03,2.676989e-03,5.851100e-03,8.088541e-03,4.256990e-02,2.016445e-01,5.633057e-04,2.405150e-04,2.055267e-03,9.547018e-03,7.020806e-01,1.479891e-04,1.659103e-03
1.101109e-02,5.256437e-04,6.772607e-03,1.903473e-03,4.456150e-03,8.873723e-03,3.042158e-02,1.417032e-01,5.785486e-04,2.538414e-04,2.241333e-03,1.741617e-02,7.716268e-01,2.344637e-04,1.981330e-03
9.297875e-03,6.405062e-04,4.801334e-03,1.376014e-03,3.488727e-03,8.266885e-03,2.174866e-02,1.000751e-01,6.311942e-04,3.606322e-04,2.186255e-03,5.143480e-02,7.919540e-01,2.713730e-04,3.466665e-03
7.608657e-03,7.345578e-04,3.630719e-03,1.188187e-03,3.839167e-03,7.286445e-03,1.536682e-02,7.094970e-02,1.372031e-03,3.071830e-04,2.143595e-03,1.153829e-01,7.667117e-01,3.336512e-04,3.144761e-03
6.447716e-03,6.955816e-04,2.667314e-03,1.132852e-03,3.939702e-03,9.414919e-03,1.097172e-02,5.000953e-02,2.086298e-03,2.651188e-04,2.104811e-03,2.344005e-01,6.730333e-01,3.408908e-04,2.489800e-03
7.902143e-03,9.239444e-04,2.469518e-03,9.911119e-04,7.639323e-03,9.746047e-03,9.667034e-03,4.141667e-02,4.072522e-03,2.533954e-04,1.879963e-03,3.113222e-01,5.992773e-01,4.455780e-04,1.993282e-03
1.340182e-02,1.851811e-03,2.379901e-03,1.240447e-03,1.190205e-02,1.297862e-02,8.842831e-03,3.401266e-02,7.507002e-03,2.529659e-04,1.827758e-03,3.303986e-01,5.712175e-01,5.552350e-04,1.630856e-03
1.847016e-02,4.071485e-03,4.597277e-03,1.110949e-02,2.119297e-02,4.851621e-02,7.841361e-03,3.009798e-02,1.175380e-02,1.365189e-03,5.950500e-03,2.981316e-01,5.231049e-01,1.194171e-03,1.260282e-02
1.579761e-02,5.326787e-03,3.867876e-03,1.431394e-02,1.665347e-02,8.002557e-02,6.626595e-03,2.341612e-02,3.023507e-02,5.479347e-03,2.365883e-02,2.462130e-01,4.884269e-01,4.693361e-03,3.526544e-02
1.482994e-02,6.116229e-03,4.070850e-03,1.422208e-02,1.763530e-02,7.729147e-02,6.226724e-03,2.204604e-02,3.215736e-02,5.269226e-03,9.573460e-02,2.317072e-01,4.346014e-01,6.067919e-03,3.202361e-02
1.450744e-02,1.198289e-02,2.816093e-02,1.382256e-02,1.933357e-02,7.061398e-02,5.311636e-03,2.910622e-02,7.236175e-02,7.174246e-03,1.005716e-01,1.728405e-01,3.580090e-01,7.582721e-03,8.862104e-02
1.357023e-02,1.888464e-02,3.869390e-02,1.174992e-02,1.905786e-02,7.287379e-02,4.089086e-03,2.590769e-02,1.026224e-01,6.918634e-03,9.109318e-02,1.371731e-01,2.968047e-01,1.372499e-02,1.468359e-01
1.170138e-02,2.084766e-02,3.827498e-02,1.169143e-02,1.693323e-02,6.108877e-02,3.133305e-03,2.494183e-02,8.884405e-02,6.579617e-03,6.814491e-02,1.114510e-01,2.460572e-01,2.052484e-02,2.697858e-01
1.038506e-02,7.049070e-02,6.434635e-02,1.966042e-02,1.266107e-02,4.554612e-02,2.320941e-03,1.845253e-02,1.314003e-01,1.534776e-02,5.044691e-02,8.027634e-02,1.799869e-01,1.643216e-02,2.822464e-01
1.153352e-02,6.322080e-02,7.328592e-02,1.667116e-02,1.332556e-02,3.724328e-02,2.436076e-03,2.112646e-02,1.077445e-01,1.285240e-02,4.666986e-02,5.839650e-02,1.359051e-01,2.346869e-02,3.761202e-01
1.292460e-02,6.057212e-02,6.967263e-02,1.488367e-02,1.237634e-02,2.760162e-02,2.963022e-03,2.615468e-02,1.108027e-01,1.051361e-02,3.576903e-02,4.313296e-02,1.090446e-01,2.001798e-02,4.435704e-01
1.464050e-02,5.813805e-02,6.520309e-02,1.187875e-02,1.187967e-02,2.056517e-02,2.875461e-03,3.830482e-02,1.019656e-01,7.949998e-03,2.618013e-02,3.090673e-02,8.186450e-02,1.683793e-02,5.108095e-01
1.449145e-02,5.686945e-02,8.113279e-02,1.114492e-02,1.421252e-02,1.606554e-02,2.780996e-03,6.866723e-02,1.199991e-01,6.450365e-03,1.978866e-02,2.211560e-02,6.077818e-02,1.441233e-02,4.910909e-01
1.380497e-02,4.530263e-02,8.028140e-02,1.471215e-02,1.149163e-02,1.231063e-02,2.217412e-03,2.028303e-01,1.056487e-01,8.345569e-03,1.488898e-02,1.584522e-02,4.476545e-02,1.123859e-02,4.163164e-01
1.148078e-02,3.540217e-02,5.917464e-02,1.075352e-02,1.138270e-02,9.102994e-03,1.633620e-03,3.770439e-01,9.080209e-02,5.964357e-03,1.058362e-02,1.114111e-02,3.175119e-02,8.133274e-03,3.256501e-01
9.993238e-03,2.729631e-02,4.694476e-02,7.789315e-03,1.176598e-02,6.702826e-03,1.371698e-03,5.419334e-01,6.732247e-02,4.217352e-03,7.445983e-03,7.807524e-03,2.250472e-02,5.903605e-03,2.310009e-01
1.025097e-02,2.179380e-02,3.604655e-02,5.958856e-03,1.456462e-02,5.928860e-03,1.330018e-03,6.492054e-01,5.598645e-02,2.996664e-03,5.259194e-03,5.477633e-03,1.641924e-02,4.660064e-03,1.641217e-01
1.262810e-02,1.720576e-02,2.679481e-02,4.833236e-03,2.228921e-02,4.480931e-03,1.107945e-03,7.256936e-01,4.318084e-02,2.203956e-03,3.805769e-03,3.900299e-03,1.188871e-02,3.980403e-03,1.160064e-01
1.126525e-02,1.218424e-02,1.906911e-02,3.598313e-03,1.674540e-02,3.414201e-03,9.239833e-04,8.019731e-01,3.091634e-02,1.564933e-03,2.760157e-03,2.804124e-03,8.450638e-03,3.060379e-03,8.126988e-02
1.379221e-02,8.985118e-03,1.357872e-02,2.933464e-03,1.407037e-02,2.493495e-03,7.109080e-04,8.500383e-01,2.285566e-02,1.121215e-03,2.044132e-03,2.117927e-03,6.001895e-03,2.253000e-03,5.700365e-02
1.566558e-02,6.538528e-03,9.679028e-03,2.807918e-03,1.060366e-02,2.012841e-03,5.440957e-04,8.839600e-01,1.706668e-02,8.178912e-04,1.724286e-03,2.335264e-03,4.473417e-03,1.701254e-03,4.006953e-02
1.727904e-02,4.713587e-03,6.902091e-03,2.238237e-03,8.348741e-03,1.536474e-03,4.296397e-04,9.088642e-01,1.333610e-02,5.823359e-04,1.356503e-03,1.823615e-03,3.271974e-03,1.213922e-03,2.810353e-02
1.810761e-02,3.361481e-03,4.983364e-03,1.743404e-03,6.202508e-03,1.183739e-03,3.384037e-04,9.289091e-01,9.461483e-03,4.171674e-04,1.009950e-03,1.373049e-03,2.335750e-03,8.638736e-04,1.970918e-02
2.456085e-02,2.416905e-03,3.654562e-03,1.690483e-03,4.573270e-03,1.028928e-03,3.199762e-04,9.364865e-01,6.779973e-03,3.005410e-04,8.331705e-04,1.174659e-03,1.711066e-03,6.251878e-04,1.384383e-02
3.767636e-02,1.723756e-03,2.662181e-03,1.468873e-03,3.436671e-03,9.073693e-04,3.375667e-04,9.333680e-01,4.993271e-03,2.143407e-04,6.884455e-04,1.075170e-03,1.279418e-03,4.512054e-04,9.717341e-03
6.241312e-02,1.262645e-03,2.041608e-03,1.319534e-03,2.763645e-03,1.141059e-03,5.872805e-04,9.146946e-01,3.661044e-03,1.583674e-04,6.060018e-04,1.104930e-03,1.046896e-03,3.406656e-04,6.858576e-03
6.715466e-02,9.293826e-04,1.573492e-03,1.231915e-03,2.813373e-03,1.165704e-03,7.202171e-04,9.141277e-01,2.672778e-03,1.163169e-04,4.970570e-04,1.004223e-03,8.922078e-04,2.558258e-04,4.845099e-03
6.507003e-02,7.162517e-04,1.191586e-03,1.095601e-03,2.820330e-03,1.159854e-03,6.272961e-04,9.193684e-01,1.943045e-03,9.028833e-05,4.316834e-04,9.568190e-04,8.199399e-04,2.074517e-04,3.501401e-03
7.745676e-02,5.690307e-04,9.513380e-04,1.017694e-03,3.444959e-03,1.362246e-03,6.471711e-04,9.079475e-01,1.489359e-03,7.378368e-05,4.073947e-04,1.069628e-03,8.080501e-04,1.722622e-04,2.582753e-03
1.405782e-01,6.959125e-04,8.930486e-04,1.145117e-03,4.830150e-03,1.397332e-03,5.235220e-04,8.365291e-01,1.428362e-03,1.693377e-04,1.529145e-03,4.474323e-03,2.881416e-03,4.740556e-04,2.450994e-03
2.344220e-01,1.445260e-03,9.120065e-04,2.426066e-03,8.406726e-03,2.242289e-03,5.774566e-04,6.814536e-01,5.223817e-03,4.370241e-04,9.485476e-03,2.624451e-02,2.029349e-02,2.094668e-03,4.335716e-03
3.104531e-01,1.477638e-03,1.000801e-03,3.757796e-03,2.027829e-02,4.080754e-03,7.297534e-04,5.679049e-01,7.220188e-03,5.575307e-04,1.256826e-02,2.643595e-02,3.611089e-02,2.923251e-03,4.500802e-03
3.076317e-01,1.330253e-03,1.270980e-03,5.579338e-03,5.729511e-02,3.843444e-03,1.886904e-03,4.197794e-01,1.628305e-02,2.545283e-03,5.453473e-02,2.942458e-02,8.748430e-02,3.636095e-03,7.474849e-03
2.666849e-01,1.067012e-03,1.082241e-03,5.864155e-03,4.279287e-02,3.983580e-03,1.668867e-03,3.018813e-01,1.842536e-02,2.609337e-03,5.283305e-02,2.631049e-02,2.640763e-01,2.848850e-03,7.871729e-03
2.024009e-01,1.069542e-03,7.911127e-04,5.781918e-03,3.029717e-02,3.969774e-03,1.331039e-03,2.121933e-01,2.338867e-02,2.014068e-03,4.057720e-02,2.814719e-02,4.380872e-01,2.414821e-03,7.536105e-03
1.429533e-01,1.348161e-03,6.536117e-04,4.572206e-03,2.181577e-02,3.377849e-03,1.233019e-03,1.488191e-01,9.236860e-02,1.568724e-03,4.077806e-02,2.638803e-02,4.958540e-01,2.555457e-03,1.571413e-02
1.017482e-01,1.190856e-03,7.205945e-04,3.451894e-03,1.572173e-02,2.987646e-03,1.146724e-03,1.055704e-01,8.552307e-02,1.305714e-03,4.103069e-02,2.630378e-02,5.812478e-01,3.175831e-03,2.887496e-02
7.211348e-02,9.593292e-04,8.464404e-04,2.709185e-03,1.187960e-02,2.324540e-03,9.137208e-04,7.469302e-02,8.523527e-02,9.685652e-04,3.054001e-02,2.329426e-02,6.651822e-01,2.537860e-03,2.580241e-02
5.078672e-02,1.037878e-03,7.047301e-04,1.983694e-03,8.437922e-03,2.047018e-03,6.843794e-04,5.242503e-02,7.303291e-02,7.217220e-04,2.205420e-02,2.260621e-02,7.296558e-01,1.922210e-03,3.189952e-02
3.600063e-02,1.278525e-03,6.897057e-04,1.489205e-03,6.070292e-03,1.886076e-03,5.298504e-04,3.681310e-02,7.870543e-02,5.891100e-04,1.594933e-02,1.884600e-02,7.491369e-01,1.595337e-03,5.042044e-02
2.586447e-02,1.365035e-03,7.884300e-04,1.083439e-03,4.379204e-03,1.697264e-03,4.033439e-04,2.584122e-02,5.982187e-02,6.728908e-04,1.156156e-02,1.367426e-02,7.055120e-01,1.631719e-03,1.457032e-01
1.860600e-02,1.897100e-03,1.066197e-03,8.362837e-04,3.276978e-03,1.669250e-03,3.185599e-04,1.814878e-02,5.051021e-02,9.557982e-04,8.519924e-03,9.998143e-03,5.575028e-01,1.386327e-03,3.253077e-01
1.358970e-02,3.122283e-03,1.664032e-03,7.122546e-04,2.491272e-03,1.776934e-03,2.979805e-04,1.282578e-02,5.408360e-02,1.795224e-03,6.551166e-03,7.434222e-03,4.283157e-01,1.222959e-03,4.641169e-01
9.657456e-03,3.267710e-03,1.555026e-03,5.255753e-04,1.783217e-03,1.529056e-03,2.163278e-04,9.067848e-03,3.874540e-02,1.371950e-03,4.740369e-03,5.255813e-03,3.008856e-01,1.232570e-03,6.201661e-01
7.004542e-03,5.430832e-03,1.618811e-03,4.451786e-04,1.321964e-03,1.451210e-03,1.796836e-04,6.620845e-03,3.545498e-02,1.218778e-03,3.506129e-03,3.759620e-03,2.114586e-01,1.007357e-03,7.195215e-01
6.729680e-03,5.486713e-02,2.461869e-02,3.710880e-03,1.117158e-03,2.826313e-03,4.520371e-04,4.958435e-03,5.130361e-02,2.169199e-03,3.156866e-03,4.953607e-03,1.521779e-01,7.888911e-04,6.861696e-01
6.307522e-03,4.188941e-02,1.874677e-02,3.900149e-03,1.186309e-03,4.189297e-03,4.426047e-04,4.955173e-03,5.935910e-02,2.423637e-03,2.920589e-03,3.805791e-03,1.088452e-01,8.378202e-04,7.401906e-01
7.035088e-03,3.115195e-02,1.405692e-02,4.546428e-03,1.114618e-03,3.704373e-03,3.626681e-04,3.739746e-03,5.254368e-02,3.295094e-03,3.708282e-03,3.514888e-03,7.852878e-02,1.136012e-03,7.915614e-01
6.299528e-03,2.529193e-02,1.103635e-02,5.613192e-03,8.598216e-04,5.163843e-03,4.966159e-04,3.127344e-03,7.051781e-02,3.847213e-03,3.847953e-03,3.331243e-03,5.698138e-02,1.389765e-03,8.021960e-01
7.983190e-03,2.103475e-02,2.384054e-02,2.196344e-02,8.568072e-04,6.636906e-03,5.088774e-04,2.937838e-03,1.191603e-01,5.638561e-03,6.282687e-03,3.894156e-03,4.424217e-02,1.447609e-03,7.335722e-01
7.042158e-03,1.776829e-02,4.233499e-02,3.874963e-02,7.783579e-04,5.058255e-03,3.731984e-04,2.144838e-03,2.808272e-01,5.673978e-03,6.445497e-03,3.923951e-03,3.414062e-02,1.311386e-03,5.534276e-01
1.521643e-02,1.728220e-02,3.497207e-02,3.033548e-02,1.069489e-03,5.938704e-03,3.458411e-04,2.249701e-03,2.347013e-01,5.477129e-03,1.147182e-02,3.710903e-03,2.620237e-02,2.745137e-03,6.082814e-01
1.571482e-02,1.385696e-02,7.480848e-02,7.880202e-02,4.006827e-03,5.244911e-03,5.396890e-04,3.444970e-03,1.908055e-01,4.710730e-03,1.646403e-02,3.058171e-03,2.097518e-02,4.185460e-03,5.633822e-01
2.121831e-02,1.160421e-02,1.929836e-01,6.687729e-02,6.315279e-03,4.825442e-03,4.956967e-04,3.226764e-03,1.465842e-01,3.747097e-03,1.278555e-02,2.464432e-03,1.559379e-02,4.252144e-03,5.070261e-01
2.085134e-02,1.087799e-02,3.335879e-01,5.130073e-02,9.667057e-03,4.682330e-03,7.213126e-04,5.271384e-03,1.104793e-01,2.864542e-03,9.172441e-03,1.790814e-03,1.123080e-02,4.371373e-03,4.231307e-01
1.698261e-02,9.929829e-03,4.921198e-01,5.528366e-02,9.892924e-03,3.495238e-03,5.383746e-04,4.067574e-03,8.680386e-02,2.375914e-03,6.536626e-03,1.291150e-03,7.986791e-03,3.141065e-03,2.995545e-01
2.525947e-02,2.344538e-02,4.183221e-01,1.272497e-01,2.981594e-02,3.362382e-03,5.817241e-04,2.888279e-02,8.388037e-02,2.919541e-03,1.208769e-02,1.237934e-03,7.283662e-03,2.697861e-03,2.329733e-01
3.007283e-02,1.831351e-02,3.591038e-01,1.532514e-01,2.935241e-02,3.606150e-03,1.195422e-03,1.597835e-01,6.092824e-02,2.147987e-03,1.016624e-02,9.175263e-04,5.393048e-03,2.019498e-03,1.637484e-01
2.445021e-02,1.294104e-02,2.560113e-01,1.094487e-01,2.483958e-02,3.565696e-03,1.331017e-03,3.951437e-01,4.270846e-02,1.520248e-03,7.302913e-03,6.532610e-04,3.863685e-03,1.424078e-03,1.147960e-01
1.882138e-02,9.162012e-03,1.804558e-01,7.710785e-02,2.946391e-02,4.152465e-03,2.213390e-03,5.575137e-01,2.994900e-02,1.109398e-03,5.301691e-03,4.660162e-04,2.797333e-03,1.007214e-03,8.047884e-02
1.481442e-02,6.538233e-03,1.271377e-01,5.474893e-02,4.088345e-02,3.348684e-03,1.940795e-03,6.639667e-01,2.120614e-02,9.415466e-04,4.189336e-03,3.454052e-04,2.355537e-03,7.170579e-04,5.686615e-02
1.435281e-02,4.658476e-03,8.929592e-02,3.863110e-02,5.294918e-02,3.158623e-03,4.224232e-03,7.270216e-01,1.493816e-02,1.016033e-03,3.691490e-03,2.756866e-04,3.894845e-03,5.176050e-04,4.137428e-02
1.595822e-02,3.314539e-03,6.262278e-02,2.728981e-02,5.677614e-02,3.213369e-03,5.569374e-03,7.741345e-01,1.074643e-02,7.655516e-04,3.122347e-03,2.670553e-04,6.240946e-03,3.805688e-04,2.959834e-02
3.935336e-02,2.722578e-03,4.433901e-02,1.983370e-02,5.569637e-02,6.630979e-03,6.804266e-03,7.842934e-01,7.892949e-03,6.720792e-04,2.693710e-03,7.809962e-04,6.701007e-03,3.719247e-04,2.121362e-02
7.293586e-02,4.897712e-03,3.284432e-02,1.136299e-01,6.607649e-02,7.412581e-03,7.627079e-03,6.204911e-01,1.682646e-02,4.818005e-03,1.382093e-02,7.752978e-03,1.186557e-02,1.856609e-03,1.714428e-02
6.787014e-02,7.218501e-03,2.587066e-02,1.703107e-01,1.206193e-01,7.888324e-03,1.267452e-02,4.818356e-01,2.017107e-02,8.419039e-03,3.849463e-02,8.911600e-03,1.345965e-02,2.516922e-03,1.373933e-02
8.982517e-02,7.295669e-03,2.318565e-02,1.350058e-01,1.932437e-01,8.166566e-03,1.941701e-02,4.380248e-01,1.594083e-02,6.936890e-03,3.116603e-02,7.770241e-03,1.128049e-02,2.135218e-03,1.060604e-02
8.847603e-02,2.045101e-02,3.352496e-02,1.467410e-01,1.592081e-01,1.354432e-02,2.217724e-02,3.211139e-01,1.938754e-02,8.080177e-03,4.739084e-02,2.763732e-02,6.804136e-02,3.901039e-03,2.032520e-02
9.731928e-02,1.897037e-02,2.863901e-02,1.121407e-01,1.223431e-01,1.571347e-02,2.357234e-02,2.322120e-01,1.755134e-02,8.395145e-03,5.024201e-02,9.605979e-02,1.529880e-01,5.475854e-03,1.837766e-02
1.655781e-01,1.776459e-02,3.483829e-02,8.798201e-02,9.992348e-02,1.942733e-02,3.808563e-02,1.730690e-01,1.550858e-02,9.030837e-03,5.045643e-02,1.197888e-01,1.433961e-01,8.897716e-03,1.625321e-02
1.377416e-01,1.285192e-02,2.552405e-02,6.206932e-02,7.488064e-02,1.535236e-02,2.827501e-02,1.229078e-01,1.220377e-02,6.670868e-03,3.863572e-02,2.383995e-01,2.053219e-01,7.073727e-03,1.209181e-02
1.104746e-01,9.438095e-03,1.847804e-02,4.370290e-02,5.535913e-02,1.225420e-02,2.089392e-02,8.718570e-02,9.400973e-03,5.397133e-03,2.831119e-02,3.877620e-01,1.964745e-01,6.116598e-03,8.751133e-03
9.103608e-02,6.833370e-03,1.313955e-02,3.067534e-02,3.963356e-02,1.201891e-02,1.935267e-02,6.181093e-02,7.261662e-03,5.126184e-03,2.090174e-02,5.189942e-01,1.598493e-01,6.731406e-03,6.635029e-03
6.453243e-02,4.895269e-03,9.230510e-03,2.148565e-02,2.835826e-02,9.072565e-03,1.379457e-02,4.334366e-02,5.372758e-03,4.232080e-03,1.637052e-02,5.868703e-01,1.815542e-01,5.694551e-03,5.192681e-03
4.645434e-02,3.670325e-03,6.581918e-03,1.506658e-02,2.059258e-02,6.905916e-03,9.821209e-03,3.036460e-02,4.500643e-03,8.080962e-03,1.431074e-02,6.701102e-01,1.541384e-01,5.247300e-03,4.154321e-03
3.390623e-02,2.771280e-03,4.727418e-03,1.058125e-02,1.542715e-02,6.347083e-03,7.099946e-03,2.128664e-02,1.072265e-02,1.522189e-02,1.225804e-02,7.032223e-01,1.490215e-01,4.365510e-03,3.041131e-03
2.797352e-02,2.711461e-03,3.559838e-03,7.499159e-03,2.305496e-02,7.578791e-03,6.154015e-03,1.509548e-02,8.391227e-02,2.247882e-02,1.149474e-02,6.427792e-01,1.400137e-01,3.372476e-03,2.321520e-03
2.393007e-02,2.950537e-03,2.965797e-03,5.457728e-03,6.591395e-02,7.697223e-03,7.559297e-03,1.137151e-02,2.535517e-01,2.109330e-02,9.565733e-03,4.750662e-01,1.086655e-01,2.433769e-03,1.777590e-03
2.724567e-02,3.411587e-03,1.306836e-02,5.038470e-03,9.337740e-02,9.453882e-03,1.038432e-02,2.940764e-02,3.097907e-01,2.085983e-02,1.092917e-02,3.588582e-01,1.045926e-01,1.971075e-03,1.611078e-03
2.148791e-02,3.969120e-03,9.271779e-03,3.659042e-03,8.067702e-02,7.500993e-03,8.329478e-03,2.076296e-02,4.865996e-01,1.489017e-02,8.269601e-03,2.570975e-01,7.488257e-02,1.386932e-03,1.215373e-03
1.624966e-02,4.348468e-03,6.578061e-03,2.708143e-03,6.251086e-02,6.774383e-03,6.103605e-03,1.457437e-02,6.271169e-01,1.061664e-02,6.557690e-03,1.806471e-01,5.317216e-02,9.755604e-04,1.066420e-03
1.237284e-02,4.552870e-03,4.731682e-03,2.000290e-03,5.210767e-02,6.914324e-03,4.707245e-03,1.023018e-02,7.182747e-01,7.597993e-03,6.285111e-03,1.280271e-01,4.020382e-02,6.959716e-04,1.298197e-03
1.026086e-02,1.032598e-02,3.787159e-03,2.311055e-03,4.639035e-02,6.789874e-03,3.708665e-03,7.174963e-03,7.568094e-01,7.642007e-03,5.444865e-03,9.130400e-02,3.467273e-02,5.299803e-04,1.284810e-02
9.663834e-03,3.571458e-02,4.295483e-03,6.410393e-03,3.911012e-02,5.757599e-03,2.932228e-03,5.228191e-03,7.424736e-01,7.732232e-03,5.325350e-03,6.538115e-02,2.966806e-02,4.566013e-04,3.985056e-02
1.885908e-02,3.420586e-02,8.234013e-03,6.606712e-03,9.400304e-02,1.241287e-02,4.820846e-03,4.606309e-03,6.573513e-01,1.183895e-02,6.850802e-03,4.839125e-02,3.090967e-02,6.065638e-04,6.030276e-02
3.923355e-02,2.819676e-02,7.548966e-03,6.122635e-03,9.965208e-02,1.695312e-02,4.437021e-03,3.701278e-03,6.323451e-01,1.332142e-02,5.947049e-03,3.548395e-02,2.486272e-02,1.141446e-03,8.105290e-02
4.909262e-02,2.401732e-02,6.186605e-03,5.515141e-03,1.111176e-01,2.323956e-02,3.724518e-03,3.134642e-03,6.176268e-01,1.357669e-02,6.680596e-03,2.688560e-02,2.049287e-02,1.177745e-03,8.753170e-02
4.057118e-02,4.397882e-02,8.319328e-03,2.815408e-02,8.447441e-02,1.737430e-02,2.718094e-03,2.526407e-03,5.585189e-01,1.545430e-02,6.804133e-03,2.112744e-02,1.859435e-02,1.215248e-03,1.501689e-01
3.324133e-02,6.644609e-02,6.675338e-03,2.852116e-02,6.103215e-02,1.336970e-02,1.948177e-03,2.074586e-03,5.251102e-01,1.382112e-02,7.950777e-03,1.831389e-02,1.826048e-02,2.253221e-03,2.009817e-01
2.554711e-02,7.817245e-02,5.210634e-03,5.460395e-02,4.420869e-02,1.467359e-02,1.401855e-03,1.624859e-03,4.838326e-01,9.815998e-03,7.571799e-03,1.526435e-02,1.135182e-01,1.683723e-03,1.428701e-01
2.359799e-02,5.577006e-02,4.691947e-03,4.010920e-02,3.651459e-02,6.463929e-02,5.211815e-03,3.229842e-03,3.643045e-01,7.060650e-03,1.073387e-02,1.718291e-02,2.610652e-01,1.214109e-03,1.046740e-01
1.862488e-02,3.983828e-02,5.194272e-03,3.086214e-02,2.859710e-02,8.626777e-02,3.938797e-03,3.040431e-03,2.610292e-01,5.213019e-03,1.005163e-02,3.991302e-02,3.909044e-01,1.014628e-03,7.551046e-02
1.695047e-02,2.843034e-02,4.700691e-03,2.405536e-02,2.206367e-02,7.434919e-02,3.584556e-03,3.152226e-03,1.860058e-01,4.095193e-03,8.373700e-03,3.118468e-02,5.378755e-01,7.984391e-04,5.438019e-02
3.823932e-02,2.073115e-02,5.417291e-03,1.734321e-02,2.194147e-02,8.345550e-02,6.505534e-03,5.623285e-03,1.324589e-01,3.045909e-03,7.234344e-03,2.569195e-02,5.927779e-01,8.335272e-04,3.870076e-02
3.930581e-02,1.493425e-02,4.355785e-03,1.245458e-02,1.796438e-02,7.237577e-02,5.828803e-03,5.466698e-03,9.453052e-02,2.269670e-03,6.238398e-03,2.505617e-02,6.707925e-01,6.962839e-04,2.773042e-02
8.921868e-02,1.321250e-02,3.958052e-03,1.016981e-02,1.787227e-02,7.524895e-02,7.565158e-03,6.019988e-03,7.749816e-02,3.635874e-03,1.029899e-02,4.679754e-02,6.138452e-01,1.675528e-03,2.298321e-02
1.005356e-01,1.047699e-02,3.327834e-03,7.938602e-03,1.422915e-02,7.115414e-02,9.029999e-03,7.330876e-03,5.728053e-02,3.501744e-03,1.014722e-02,5.711276e-02,6.284316e-01,2.008510e-03,1.749442e-02
7.670737e-02,8.026322e-03,2.731628e-03,6.152983e-03,1.059211e-02,1.128314e-01,7.302294e-03,5.635442e-03,4.117830e-02,3.469427e-03,1.130619e-02,1.139092e-01,5.835571e-01,2.874307e-03,1.372590e-02
6.505926e-02,5.999801e-03,2.184366e-03,4.787530e-03,7.693931e-03,9.798709e-02,6.854800e-03,4.171448e-03,3.000131e-02,5.182282e-03,1.293900e-02,2.430050e-01,5.007308e-01,3.060093e-03,1.034333e-02
5.052783e-02,4.398747e-03,1.680828e-03,3.650268e-03,5.676129e-03,8.370067e-02,5.740086e-03,3.028365e-03,2.222154e-02,9.227046e-03,1.499918e-02,3.555181e-01,4.283446e-01,2.934607e-03,8.351963e-03
5.415979e-02,3.311415e-03,1.455553e-03,2.753531e-03,4.827265e-03,6.161090e-02,5.265982e-03,2.268080e-03,1.732231e-02,1.048356e-02,1.768610e-02,4.416144e-01,3.647965e-01,4.463457e-03,7.981142e-03
4.841768e-02,2.593275e-03,1.184220e-03,2.102269e-03,3.742275e-03,4.575315e-02,4.939792e-03,1.713771e-03,1.376793e-02,1.172433e-02,1.779552e-02,4.798549e-01,3.554691e-01,4.653548e-03,6.288186e-03
3.860435e-02,1.942069e-03,9.493115e-04,1.563239e-03,2.773738e-03,5.751081e-02,3.954398e-03,1.297147e-03,1.038098e-02,1.168626e-02,1.564977e-02,5.620321e-01,2.810089e-01,5.938734e-03,4.708208e-03
2.724212e-02,1.395241e-03,7.493127e-04,1.143189e-03,1.992981e-03,2.043178e-01,2.865130e-03,9.294100e-04,7.638142e-03,1.029338e-02,1.265839e-02,5.209941e-01,1.993868e-01,4.890118e-03,3.503887e-03
1.913362e-02,9.886882e-04,5.913703e-04,8.376579e-04,1.499553e-03,3.571443e-01,2.039243e-03,6.730221e-04,5.620395e-03,7.901302e-03,9.667624e-03,4.464930e-01,1.410235e-01,3.839279e-03,2.547545e-03
1.361520e-02,7.417693e-04,6.801033e-04,8.083286e-04,4.467493e-03,2.683681e-01,1.644478e-03,6.341700e-04,6.950202e-03,7.733556e-03,1.014559e-02,5.723332e-01,1.059064e-01,3.941769e-03,2.029656e-03
1.002594e-02,5.938626e-04,7.721073e-04,9.306417e-04,6.007156e-03,2.142770e-01,1.381851e-03,5.735495e-04,1.025820e-02,7.865369e-03,1.026006e-02,6.483941e-01,8.222020e-02,4.665027e-03,1.774959e-03
8.057276e-03,7.876945e-04,1.807194e-03,1.105622e-03,7.300425e-03,1.690063e-01,1.236253e-03,8.424588e-04,1.694014e-02,1.122744e-02,1.029581e-02,6.976643e-01,6.670430e-02,5.072054e-03,1.952832e-03
6.367307e-03,7.885259e-04,1.654004e-03,9.819366e-04,6.344316e-03,1.205408e-01,9.265145e-04,7.691210e-04,1.570491e-02,3.653403e-02,1.021772e-02,7.359147e-01,5.647560e-02,5.049319e-03,1.731216e-03
5.856735e-03,8.247715e-04,1.664162e-03,9.480653e-04,1.458792e-02,8.562833e-02,7.896797e-04,1.471294e-03,2.057298e-02,4.638277e-02,9.298692e-03,7.490313e-01,5.689331e-02,4.596699e-03,1.453333e-03
9.784184e-03,1.103429e-03,1.752737e-03,1.005963e-03,2.212865e-02,6.058666e-02,8.265889e-04,2.721202e-03,4.912959e-02,8.607963e-02,8.839260e-03,6.943831e-01,5.625284e-02,4.154478e-03,1.251630e-03
1.358511e-02,1.367841e-03,1.574388e-03,8.805135e-04,4.105747e-02,4.329981e-02,1.436331e-03,2.776109e-03,1.938235e-01,7.177755e-02,7.631328e-03,5.636758e-01,5.293977e-02,3.197581e-03,9.769589e-04
2.002932e-02,5.153805e-03,2.046058e-03,7.459225e-04,3.696451e-02,3.120031e-02,1.262559e-03,3.507311e-03,3.250676e-01,5.580651e-02,6.638764e-03,4.611861e-01,4.725431e-02,2.349895e-03,7.869718e-04
1.715202e-02,9.565188e-03,2.224314e-03,5.766051e-04,3.133801e-02,2.229060e-02,1.069703e-03,3.116494e-03,4.926694e-01,3.995715e-02,5.195055e-03,3.365602e-01,3.599102e-02,1.687279e-03,6.068695e-04
1.370004e-02,1.331239e-02,2.141620e-03,4.519167e-04,2.608025e-02,1.632863e-02,9.069329e-04,2.930586e-03,6.060435e-01,2.849178e-02,4.078758e-03,2.564889e-01,2.732312e-02,1.240532e-03,4.810684e-04
1.038211e-02,1.684781e-02,3.187535e-03,4.806785e-04,2.237606e-02,1.554315e-02,1.244568e-03,6.738809e-03,6.961725e-01,2.053739e-02,3.267591e-03,1.819703e-01,1.987904e-02,9.229956e-04,4.495242e-04
8.641459e-03,2.152960e-02,2.653805e-03,3.985664e-04,2.153951e-02,2.845061e-02,1.009354e-03,5.753861e-03,7.463974e-01,1.551009e-02,3.167148e-03,1.292845e-01,1.438489e-02,7.764344e-04,5.027783e-04
8.425836e-03,2.025151e-02,2.112334e-03,7.643752e-04,2.420288e-02,4.872904e-02,1.017773e-03,5.059511e-03,7.685675e-01,1.236403e-02,3.116994e-03,9.162030e-02,1.061755e-02,6.306292e-04,2.519764e-03
8.554098e-03,1.627399e-02,1.750308e-03,1.838927e-03,5.275219e-02,5.119041e-02,1.423064e-03,6.285190e-03,7.689008e-01,1.021419e-02,2.709204e-03,6.467255e-02,8.100384e-03,5.441330e-04,4.790546e-03
9.215789e-03,1.534063e-02,1.379201e-03,1.526737e-03,6.392726e-02,6.294166e-02,1.659572e-03,5.647550e-03,7.710978e-01,7.532690e-03,2.502718e-03,4.633364e-02,6.126506e-03,6.418477e-04,4.126391e-03
1.472990e-02,1.585358e-02,1.341432e-03,9.932578e-03,8.047943e-02,7.703421e-02,3.688794e-03,1.107635e-02,7.309586e-01,5.944160e-03,2.801977e-03,3.368770e-02,5.188115e-03,5.823511e-04,6.700873e-03
1.506255e-02,1.355871e-02,1.043863e-03,7.968961e-03,9.016559e-02,1.081105e-01,3.611825e-03,9.647630e-03,7.092893e-01,4.416050e-03,3.005662e-03,2.403340e-02,3.862452e-03,5.873489e-04,5.636193e-03
3.067754e-02,1.149733e-02,1.121491e-03,9.899434e-03,8.806849e-02,1.413592e-01,4.987964e-03,1.782972e-02,6.604725e-01,3.527014e-03,3.833022e-03,1.795264e-02,3.101915e-03,7.116455e-04,4.960114e-03
4.794988e-02,9.186610e-03,1.030312e-03,1.225959e-02,2.274584e-01,1.072920e-01,5.182012e-03,4.236972e-02,5.190327e-01,2.613042e-03,3.552425e-03,1.365212e-02,4.190126e-03,6.011785e-04,3.629905e-03
4.839484e-02,6.989657e-03,1.331659e-03,9.691464e-03,2.434797e-01,8.449663e-02,2.181159e-02,1.771704e-01,3.842921e-01,1.986346e-03,2.907139e-03,1.078719e-02,3.552219e-03,5.325319e-04,2.576539e-03
4.054768e-02,5.008335e-03,1.297905e-03,7.092811e-03,1.848866e-01,6.255374e-02,2.973730e-02,3.789726e-01,2.733544e-01,1.533371e-03,2.251001e-03,7.691664e-03,2.794608e-03,4.523320e-04,1.825602e-03
4.406057e-02,3.724020e-03,1.557350e-03,6.591240e-03,2.352333e-01,6.120383e-02,8.766536e-02,3.356471e-01,1.943637e-01,2.406286e-03,9.323312e-03,6.234152e-03,9.106303e-03,4.808045e-04,2.402669e-03
