1.000000e+00,0.000000e+00,0.000000e+00,0.000000e+00,0.000000e+00,0.000000e+00,0.000000e+00,0.000000e+00,0.000000e+00,0.000000e+00,0.000000e+00,0.000000e+00,0.000000e+00,0.000000e+00,0.000000e+00
1.000000e+00,0.000000e+00,0.000000e+00,0.000000e+00,0.000000e+00,0.000000e+00,0.000000e+00,0.000000e+00,0.000000e+00,0.000000e+00,0.000000e+00,0.000000e+00,0.000000e+00,0.000000e+00,0.000000e+00
1.000000e+00,0.000000e+00,0.000000e+00,0.000000e+00,0.000000e+00,0.000000e+00,0.000000e+00,0.000000e+00,0.000000e+00,0.000000e+00,0.000000e+00,0.000000e+00,0.000000e+00,0.000000e+00,0.000000e+00
1.000000e+00,0.000000e+00,0.000000e+00,0.000000e+00,0.000000e+00,0.000000e+00,0.000000e+00,0.000000e+00,0.000000e+00,0.000000e+00,0.000000e+00,0.000000e+00,0.000000e+00,0.000000e+00,0.000000e+00
1.000000e+00,0.000000e+00,0.000000e+00,0.000000e+00,0.000000e+00,0.000000e+00,0.000000e+00,0.000000e+00,0.000000e+00,0.000000e+00,0.000000e+00,0.000000e+00,0.000000e+00,0.000000e+00,0.000000e+00
1.000000e+00,0.000000e+00,0.000000e+00,0.000000e+00,0.000000e+00,0.000000e+00,0.000000e+00,0.000000e+00,0.000000e+00,0.000000e+00,0.000000e+00,0.000000e+00,0.000000e+00,0.000000e+00,0.000000e+00
1.000000e+00,0.000000e+00,0.000000e+00,0.000000e+00,0.000000e+00,0.000000e+00,0.000000e+00,0.000000e+00,0.000000e+00,0.000000e+00,0.000000e+00,0.000000e+00,0.000000e+00,0.000000e+00,0.000000e+00
1.000000e+00,0.000000e+00,0.000000e+00,0.000000e+00,0.000000e+00,0.000000e+00,0.000000e+00,0.000000e+00,0.000000e+00,0.000000e+00,0.000000e+00,0.000000e+00,0.000000e+00,0.000000e+00,0.000000e+00
1.000000e+00,0.000000e+00,0.000000e+00,0.000000e+00,0.000000e+00,0.000000e+00,0.000000e+00,0.000000e+00,0.000000e+00,0.000000e+00,0.000000e+00,0.000000e+00,0.000000e+00,0.000000e+00,0.000000e+00
1.000000e+00,0.000000e+00,0.000000e+00,0.000000e+00,0.000000e+00,0.000000e+00,0.000000e+00,0.000000e+00,0.000000e+00,0.000000e+00,0.000000e+00,0.000000e+00,0.000000e+00,0.000000e+00,0.000000e+00
1.000000e+00,0.000000e+00,0.000000e+00,0.000000e+00,0.000000e+00,0.000000e+00,0.000000e+00,0.000000e+00,0.000000e+00,0.000000e+00,0.000000e+00,0.000000e+00,0.000000e+00,0.000000e+00,0.000000e+00
1.000000e+00,0.000000e+00,0.000000e+00,0.000000e+00,0.000000e+00,0.000000e+00,0.000000e+00,0.000000e+00,0.000000e+00,0.000000e+00,0.000000e+00,0.000000e+00,0.000000e+00,0.000000e+00,0.000000e+00
1.000000e+00,0.000000e+00,0.000000e+00,0.000000e+00,0.000000e+00,0.000000e+00,0.000000e+00,0.000000e+00,0.000000e+00,0.000000e+00,0.000000e+00,0.000000e+00,0.000000e+00,0.000000e+00,0.000000e+00
1.000000e+00,0.000000e+00,0.000000e+00,0.000000e+00,0.000000e+00,0.000000e+00,0.000000e+00,0.000000e+00,0.000000e+00,0.000000e+00,0.000000e+00,0.000000e+00,0.000000e+00,0.000000e+00,0.000000e+00
1.000000e+00,0.000000e+00,0.000000e+00,0.000000e+00,0.000000e+00,0.000000e+00,0.000000e+00,0.000000e+00,0.000000e+00,0.000000e+00,0.000000e+00,0.000000e+00,0.000000e+00,0.000000e+00,0.000000e+00
1.000000e+00,0.000000e+00,0.000000e+00,0.000000e+00,0.000000e+00,0.000000e+00,0.000000e+00,0.000000e+00,0.000000e+00,0.000000e+00,0.000000e+00,0.000000e+00,0.000000e+00,0.000000e+00,0.000000e+00
1.000000e+00,0.000000e+00,0.000000e+00,0.000000e+00,0.000000e+00,0.000000e+00,0.000000e+00,0.000000e+00,0.000000e+00,0.000000e+00,0.000000e+00,0.000000e+00,0.000000e+00,0.000000e+00,0.000000e+00
1.000000e+00,0.000000e+00,0.000000e+00,0.000000e+00,0.000000e+00,0.000000e+00,0.000000e+00,0.000000e+00,0.000000e+00,0.000000e+00,0.000000e+00,0.000000e+00,0.000000e+00,0.000000e+00,0.000000e+00
1.000000e+00,0.000000e+00,0.000000e+00,0.000000e+00,0.000000e+00,0.000000e+00,0.000000e+00,0.000000e+00,0.000000e+00,0.000000e+00,0.000000e+00,0.000000e+00,0.000000e+00,0.000000e+00,0.000000e+00
1.000000e+00,0.000000e+00,0.000000e+00,0.000000e+00,0.000000e+00,0.000000e+00,0.000000e+00,0.000000e+00,0.000000e+00,0.000000e+00,0.000000e+00,0.000000e+00,0.000000e+00,0.000000e+00,0.000000e+00
4.547917e-01,6.005245e-02,9.203829e-02,1.375904e-01,2.631814e-02,2.668684e-02,7.243371e-03,3.160673e-02,2.342539e-02,5.452069e-03,1.691454e-02,2.991568e-02,1.277026e-02,1.092501e-02,6.426916e-02
3.978224e-01,7.662648e-02,8.651614e-02,1.633797e-01,2.515014e-02,2.490787e-02,6.993204e-03,2.787521e-02,2.858031e-02,6.128878e-03,2.106723e-02,3.034629e-02,1.406954e-02,1.192744e-02,7.860917e-02
4.595400e-01,6.963716e-02,6.681417e-02,1.406100e-01,2.177401e-02,2.345506e-02,6.113565e-03,2.327586e-02,2.560160e-02,5.746447e-03,2.149459e-02,2.974553e-02,1.642965e-02,1.341326e-02,7.634912e-02
4.059214e-01,7.401716e-02,6.436901e-02,1.756010e-01,2.111638e-02,2.291824e-02,5.671694e-03,2.392559e-02,2.766887e-02,5.296482e-03,2.764625e-02,3.390456e-02,1.948142e-02,1.526233e-02,7.719969e-02
3.800010e-01,7.372218e-02,7.467946e-02,1.793996e-01,1.996212e-02,2.326625e-02,5.759420e-03,2.258087e-02,2.799129e-02,5.527384e-03,3.013673e-02,3.795884e-02,2.267792e-02,1.474864e-02,8.158836e-02
3.562678e-01,7.686710e-02,9.251519e-02,1.998753e-01,1.793496e-02,1.982230e-02,5.507419e-03,2.195945e-02,2.654207e-02,4.838358e-03,3.264974e-02,3.633395e-02,2.136130e-02,1.297362e-02,7.455150e-02
4.487061e-01,6.437999e-02,7.105921e-02,1.674397e-01,1.574681e-02,1.888106e-02,5.038849e-03,1.815060e-02,2.191192e-02,4.295408e-03,2.924977e-02,3.484907e-02,2.250627e-02,1.146616e-02,6.631912e-02
1.000000e+00,0.000000e+00,0.000000e+00,0.000000e+00,0.000000e+00,0.000000e+00,0.000000e+00,0.000000e+00,0.000000e+00,0.000000e+00,0.000000e+00,0.000000e+00,0.000000e+00,0.000000e+00,0.000000e+00
1.000000e+00,0.000000e+00,0.000000e+00,0.000000e+00,0.000000e+00,0.000000e+00,0.000000e+00,0.000000e+00,0.000000e+00,0.000000e+00,0.000000e+00,0.000000e+00,0.000000e+00,0.000000e+00,0.000000e+00
4.725622e-01,4.267897e-02,1.114773e-01,1.750470e-01,1.300874e-02,1.739146e-02,4.852350e-03,2.024850e-02,1.297404e-02,2.871994e-03,2.139187e-02,3.602672e-02,2.128244e-02,6.247842e-03,4.193867e-02
1.000000e+00,0.000000e+00,0.000000e+00,0.000000e+00,0.000000e+00,0.000000e+00,0.000000e+00,0.000000e+00,0.000000e+00,0.000000e+00,0.000000e+00,0.000000e+00,0.000000e+00,0.000000e+00,0.000000e+00
1.000000e+00,0.000000e+00,0.000000e+00,0.000000e+00,0.000000e+00,0.000000e+00,0.000000e+00,0.000000e+00,0.000000e+00,0.000000e+00,0.000000e+00,0.000000e+00,0.000000e+00,0.000000e+00,0.000000e+00
1.000000e+00,0.000000e+00,0.000000e+00,0.000000e+00,0.000000e+00,0.000000e+00,0.000000e+00,0.000000e+00,0.000000e+00,0.000000e+00,0.000000e+00,0.000000e+00,0.000000e+00,0.000000e+00,0.000000e+00
1.000000e+00,0.000000e+00,0.000000e+00,0.000000e+00,0.000000e+00,0.000000e+00,0.000000e+00,0.000000e+00,0.000000e+00,0.000000e+00,0.000000e+00,0.000000e+00,0.000000e+00,0.000000e+00,0.000000e+00
1.000000e+00,0.000000e+00,0.000000e+00,0.000000e+00,0.000000e+00,0.000000e+00,0.000000e+00,0.000000e+00,0.000000e+00,0.000000e+00,0.000000e+00,0.000000e+00,0.000000e+00,0.000000e+00,0.000000e+00
1.000000e+00,0.000000e+00,0.000000e+00,0.000000e+00,0.000000e+00,0.000000e+00,0.000000e+00,0.000000e+00,0.000000e+00,0.000000e+00,0.000000e+00,0.000000e+00,0.000000e+00,0.000000e+00,0.000000e+00
1.000000e+00,0.000000e+00,0.000000e+00,0.000000e+00,0.000000e+00,0.000000e+00,0.000000e+00,0.000000e+00,0.000000e+00,0.000000e+00,0.000000e+00,0.000000e+00,0.000000e+00,0.000000e+00,0.000000e+00
1.000000e+00,0.000000e+00,0.000000e+00,0.000000e+00,0.000000e+00,0.000000e+00,0.000000e+00,0.000000e+00,0.000000e+00,0.000000e+00,0.000000e+00,0.000000e+00,0.000000e+00,0.000000e+00,0.000000e+00
1.000000e+00,0.000000e+00,0.000000e+00,0.000000e+00,0.000000e+00,0.000000e+00,0.000000e+00,0.000000e+00,0.000000e+00,0.000000e+00,0.000000e+00,0.000000e+00,0.000000e+00,0.000000e+00,0.000000e+00
1.000000e+00,0.000000e+00,0.000000e+00,0.000000e+00,0.000000e+00,0.000000e+00,0.000000e+00,0.000000e+00,0.000000e+00,0.000000e+00,0.000000e+00,0.000000e+00,0.000000e+00,0.000000e+00,0.000000e+00
1.000000e+00,0.000000e+00,0.000000e+00,0.000000e+00,0.000000e+00,0.000000e+00,0.000000e+00,0.000000e+00,0.000000e+00,0.000000e+00,0.000000e+00,0.000000e+00,0.000000e+00,0.000000e+00,0.000000e+00
1.000000e+00,0.000000e+00,0.000000e+00,0.000000e+00,0.000000e+00,0.000000e+00,0.000000e+00,0.000000e+00,0.000000e+00,0.000000e+00,0.000000e+00,0.000000e+00,0.000000e+00,0.000000e+00,0.000000e+00
1.000000e+00,0.000000e+00,0.000000e+00,0.000000e+00,0.000000e+00,0.000000e+00,0.000000e+00,0.000000e+00,0.000000e+00,0.000000e+00,0.000000e+00,0.000000e+00,0.000000e+00,0.000000e+00,0.000000e+00
1.000000e+00,0.000000e+00,0.000000e+00,0.000000e+00,0.000000e+00,0.000000e+00,0.000000e+00,0.000000e+00,0.000000e+00,0.000000e+00,0.000000e+00,0.000000e+00,0.000000e+00,0.000000e+00,0.000000e+00
1.000000e+00,0.000000e+00,0.000000e+00,0.000000e+00,0.000000e+00,0.000000e+00,0.000000e+00,0.000000e+00,0.000000e+00,0.000000e+00,0.000000e+00,0.000000e+00,0.000000e+00,0.000000e+00,0.000000e+00
1.000000e+00,0.000000e+00,0.000000e+00,0.000000e+00,0.000000e+00,0.000000e+00,0.000000e+00,0.000000e+00,0.000000e+00,0.000000e+00,0.000000e+00,0.000000e+00,0.000000e+00,0.000000e+00,0.000000e+00
1.000000e+00,0.000000e+00,0.000000e+00,0.000000e+00,0.000000e+00,0.000000e+00,0.000000e+00,0.000000e+00,0.000000e+00,0.000000e+00,0.000000e+00,0.000000e+00,0.000000e+00,0.000000e+00,0.000000e+00
1.000000e+00,0.000000e+00,0.000000e+00,0.000000e+00,0.000000e+00,0.000000e+00,0.000000e+00,0.000000e+00,0.000000e+00,0.000000e+00,0.000000e+00,0.000000e+00,0.000000e+00,0.000000e+00,0.000000e+00
1.000000e+00,0.000000e+00,0.000000e+00,0.000000e+00,0.000000e+00,0.000000e+00,0.000000e+00,0.000000e+00,0.000000e+00,0.000000e+00,0.000000e+00,0.000000e+00,0.000000e+00,0.000000e+00,0.000000e+00
1.000000e+00,0.000000e+00,0.000000e+00,0.000000e+00,0.000000e+00,0.000000e+00,0.000000e+00,0.000000e+00,0.000000e+00,0.000000e+00,0.000000e+00,0.000000e+00,0.000000e+00,0.000000e+00,0.000000e+00
1.000000e+00,0.000000e+00,0.000000e+00,0.000000e+00,0.000000e+00,0.000000e+00,0.000000e+00,0.000000e+00,0.000000e+00,0.000000e+00,0.000000e+00,0.000000e+00,0.000000e+00,0.000000e+00,0.000000e+00
1.000000e+00,0.000000e+00,0.000000e+00,0.000000e+00,0.000000e+00,0.000000e+00,0.000000e+00,0.000000e+00,0.000000e+00,0.000000e+00,0.000000e+00,0.000000e+00,0.000000e+00,0.000000e+00,0.000000e+00
1.000000e+00,0.000000e+00,0.000000e+00,0.000000e+00,0.000000e+00,0.000000e+00,0.000000e+00,0.000000e+00,0.000000e+00,0.000000e+00,0.000000e+00,0.000000e+00,0.000000e+00,0.000000e+00,0.000000e+00
1.000000e+00,0.000000e+00,0.000000e+00,0.000000e+00,0.000000e+00,0.000000e+00,0.000000e+00,0.000000e+00,0.000000e+00,0.000000e+00,0.000000e+00,0.000000e+00,0.000000e+00,0.000000e+00,0.000000e+00
1.000000e+00,0.000000e+00,0.000000e+00,0.000000e+00,0.000000e+00,0.000000e+00,0.000000e+00,0.000000e+00,0.000000e+00,0.000000e+00,0.000000e+00,0.000000e+00,0.000000e+00,0.000000e+00,0.000000e+00
1.000000e+00,0.000000e+00,0.000000e+00,0.000000e+00,0.000000e+00,0.000000e+00,0.000000e+00,0.000000e+00,0.000000e+00,0.000000e+00,0.000000e+00,0.000000e+00,0.000000e+00,0.000000e+00,0.000000e+00
1.000000e+00,0.000000e+00,0.000000e+00,0.000000e+00,0.000000e+00,0.000000e+00,0.000000e+00,0.000000e+00,0.000000e+00,0.000000e+00,0.000000e+00,0.000000e+00,0.000000e+00,0.000000e+00,0.000000e+00
3.780720e-01,3.272543e-03,3.686931e-02,1.985059e-02,2.212134e-03,1.235989e-02,5.307528e-03,5.079232e-01,1.588707e-03,5.681794e-04,4.616242e-03,1.259902e-02,9.173068e-03,1.325849e-03,4.261745e-03
2.868548e-01,2.339671e-03,2.648423e-02,1.432229e-02,1.985636e-03,9.289928e-03,4.212630e-03,6.298774e-01,1.126315e-03,4.179837e-04,3.327747e-03,9.078277e-03,6.680111e-03,9.728067e-04,3.030161e-03
2.053080e-01,1.658831e-03,1.921034e-02,1.022589e-02,1.812723e-03,6.595938e-03,3.151542e-03,7.345874e-01,7.911175e-04,2.977864e-04,2.352449e-03,6.407569e-03,4.777464e-03,6.882988e-04,2.134714e-03
1.446265e-01,1.171243e-03,1.363874e-02,7.213042e-03,2.193498e-03,4.666611e-03,2.403102e-03,8.117405e-01,5.561259e-04,2.131338e-04,1.663971e-03,4.502414e-03,3.426423e-03,4.840323e-04,1.500738e-03
1.020260e-01,8.291603e-04,9.738442e-03,5.093511e-03,2.576876e-03,3.314149e-03,1.936178e-03,8.656710e-01,3.929090e-04,1.557260e-04,1.189699e-03,3.173164e-03,2.504298e-03,3.410314e-04,1.057967e-03
7.236459e-02,5.896395e-04,6.957537e-03,3.594887e-03,2.710467e-03,2.358043e-03,1.575885e-03,9.034396e-01,2.840617e-04,1.210605e-04,8.570168e-04,2.259638e-03,1.894738e-03,2.416606e-04,7.512343e-04
5.141718e-02,4.205464e-04,5.066007e-03,2.548746e-03,2.480823e-03,1.685604e-03,1.327995e-03,9.303167e-01,2.029922e-04,9.106891e-05,6.208702e-04,1.627000e-03,1.487638e-03,1.724704e-04,5.343471e-04
3.709410e-02,2.980828e-04,3.622932e-03,1.802249e-03,2.328622e-03,1.208415e-03,1.069695e-03,9.491510e-01,1.446589e-04,6.682528e-05,4.503301e-04,1.162517e-03,1.099136e-03,1.223563e-04,3.790382e-04
2.838458e-02,2.131459e-04,2.571088e-03,1.286052e-03,2.532657e-03,8.639111e-04,9.492758e-04,9.607152e-01,1.042299e-04,4.957251e-05,3.274198e-04,8.309503e-04,8.146538e-04,8.705308e-05,2.702113e-04
2.262180e-02,1.550625e-04,1.835544e-03,9.263401e-04,2.242154e-03,6.445997e-04,8.871683e-04,9.687868e-01,7.945822e-05,4.135636e-05,2.565869e-04,6.121245e-04,6.433966e-04,6.427595e-05,2.033176e-04
1.801107e-02,1.186115e-04,1.337687e-03,6.943671e-04,2.245156e-03,5.054346e-04,7.431035e-04,9.747397e-01,7.586801e-05,4.642341e-05,2.347959e-04,4.809777e-04,5.419734e-04,5.388880e-05,1.709650e-04
1.438110e-02,9.412545e-05,1.012160e-03,5.546639e-04,3.299242e-03,3.967802e-04,7.209236e-04,9.782660e-01,7.038680e-05,4.652688e-05,1.861127e-04,3.673809e-04,4.210517e-04,4.388887e-05,1.395906e-04
1.758710e-02,2.086211e-04,9.012169e-04,5.739417e-04,3.767608e-03,4.530200e-04,6.533630e-04,9.716181e-01,2.962523e-04,1.959031e-04,6.123726e-04,1.020112e-03,1.628785e-03,1.991609e-04,2.844558e-04
1.904991e-02,3.758523e-04,7.568876e-04,4.393306e-04,6.185023e-03,6.840767e-04,6.070214e-04,9.666954e-01,3.979055e-04,2.429989e-04,8.302770e-04,8.905063e-04,2.050573e-03,2.013534e-04,5.928293e-04
2.532347e-02,1.180631e-03,8.033732e-04,6.573055e-04,1.415933e-02,1.011475e-03,5.473365e-04,9.162543e-01,2.594189e-03,1.129054e-03,3.000195e-03,3.080983e-03,2.648799e-02,6.323736e-04,3.137903e-03
2.159361e-02,1.452818e-03,6.925851e-04,1.076053e-03,1.197105e-02,2.697835e-03,7.561482e-04,6.891018e-01,5.101122e-03,1.178309e-03,4.743312e-03,2.554230e-02,2.278225e-01,1.189047e-03,5.081545e-03
1.797909e-02,1.656148e-03,8.958152e-04,1.717472e-03,1.272292e-02,4.552903e-03,1.098139e-03,5.064528e-01,4.999309e-03,1.025609e-03,6.377362e-03,2.448851e-02,3.984647e-01,1.079436e-03,1.648980e-02
1.529372e-02,1.466338e-03,1.156387e-03,1.886596e-03,1.363812e-02,4.284702e-03,1.644465e-03,3.764168e-01,6.187046e-03,9.551053e-04,1.516557e-02,3.132186e-02,5.111710e-01,1.236544e-03,1.817577e-02
1.194188e-02,1.079135e-03,8.948949e-04,1.444040e-03,1.198915e-02,3.662648e-03,1.513277e-03,2.643849e-01,5.348091e-03,8.603219e-04,1.417656e-02,7.289958e-02,5.850123e-01,1.373037e-03,2.342023e-02
8.900264e-03,7.942392e-04,6.677095e-04,1.113171e-03,9.447173e-03,3.292137e-03,1.347644e-03,1.852770e-01,4.788937e-03,6.831246e-04,1.072446e-02,8.467476e-02,6.656457e-01,1.408314e-03,2.123531e-02
6.464045e-03,5.823610e-04,5.098578e-04,7.855188e-04,6.961915e-03,2.752716e-03,1.142832e-03,1.297292e-01,3.835361e-03,5.204789e-04,8.113306e-03,1.285062e-01,6.891357e-01,2.507709e-03,1.845277e-02
4.664683e-03,4.980661e-04,5.072171e-04,5.681685e-04,5.693993e-03,2.411054e-03,9.623937e-04,9.085085e-02,3.168752e-03,4.835774e-04,6.663867e-03,1.762595e-01,6.843931e-01,2.674274e-03,2.020053e-02
3.412589e-03,6.732618e-04,1.235693e-03,4.303694e-04,7.594008e-03,4.616994e-03,1.489021e-03,6.374077e-02,3.222216e-03,5.599417e-04,6.604732e-03,2.178172e-01,6.709865e-01,2.321330e-03,1.529536e-02
2.886150e-03,7.124750e-04,1.578519e-03,4.648608e-04,6.937172e-03,3.830739e-02,2.292622e-03,4.470841e-02,4.781899e-03,7.415249e-04,7.481339e-03,2.093491e-01,6.656319e-01,2.947199e-03,1.117936e-02
2.614928e-03,8.623055e-04,2.376965e-03,4.504025e-04,8.614360e-03,1.606739e-01,2.391261e-03,3.158361e-02,5.041277e-03,7.251395e-04,8.588941e-03,1.933408e-01,5.720043e-01,2.330036e-03,8.401769e-03
3.072355e-03,1.241335e-03,4.326445e-03,6.908798e-04,1.035555e-02,1.905813e-01,2.148539e-03,2.257488e-02,5.210251e-03,1.687299e-03,1.296568e-02,2.310363e-01,5.039519e-01,2.157104e-03,8.000247e-03
4.684078e-03,2.347219e-03,7.765882e-03,9.271675e-04,2.032625e-02,1.568508e-01,3.599515e-03,1.623831e-02,7.943599e-03,3.690841e-03,1.622520e-02,2.556899e-01,4.936560e-01,1.964439e-03,8.090690e-03
6.667747e-03,3.689873e-03,1.643434e-02,4.205486e-03,2.618046e-02,2.652851e-01,3.540720e-03,1.303035e-02,1.251651e-02,6.296583e-03,1.743835e-02,2.386489e-01,3.758664e-01,2.011013e-03,8.188177e-03
6.539539e-03,9.814315e-03,1.477233e-02,4.611332e-03,2.353844e-02,2.724386e-01,3.391904e-03,1.231489e-02,4.108103e-02,6.742394e-03,2.031797e-02,2.749955e-01,2.999598e-01,1.696465e-03,7.785331e-03
5.559588e-03,1.311740e-02,1.211824e-02,4.301211e-03,1.765889e-02,2.947801e-01,2.841380e-03,9.019282e-03,5.358331e-02,8.268644e-03,2.193372e-02,2.932235e-01,2.548302e-01,1.433406e-03,7.331099e-03
5.831159e-03,4.916978e-02,1.263673e-02,4.634401e-03,1.323275e-02,2.228373e-01,2.527437e-03,6.975315e-03,8.836716e-02,1.040332e-02,2.174421e-02,3.235478e-01,2.262777e-01,1.594978e-03,1.022001e-02
1.028217e-02,6.683761e-02,1.581213e-02,3.985743e-03,1.458108e-02,1.928032e-01,3.499456e-03,7.375632e-03,1.520043e-01,8.980596e-03,1.900645e-02,2.832722e-01,2.011840e-01,1.987062e-03,1.838841e-02
3.698540e-02,7.164133e-02,2.048383e-02,5.068280e-03,2.198857e-02,1.849345e-01,4.394978e-03,7.533818e-03,2.100722e-01,1.623682e-02,1.527160e-02,2.060302e-01,1.721418e-01,2.998195e-03,2.421848e-02
3.954821e-02,7.323463e-02,5.085160e-02,3.111570e-02,2.164900e-02,1.395329e-01,4.025408e-03,9.225231e-03,1.750827e-01,3.321920e-02,1.539855e-02,1.489067e-01,1.548893e-01,2.790854e-03,1.005300e-01
5.229118e-02,9.417309e-02,4.026892e-02,2.798373e-02,2.776564e-02,1.441584e-01,4.689697e-03,1.224451e-02,1.929720e-01,2.965902e-02,1.536778e-02,1.224173e-01,1.532307e-01,3.525177e-03,7.925293e-02
6.139577e-02,9.463920e-02,3.025372e-02,2.256304e-02,4.313834e-02,1.498661e-01,6.756288e-03,1.180412e-02,2.387082e-01,2.826546e-02,1.254316e-02,1.127378e-01,1.158636e-01,6.415308e-03,6.504983e-02
1.066209e-01,7.784672e-02,2.338097e-02,2.635496e-02,8.620116e-02,1.312584e-01,9.429283e-03,1.202231e-02,2.185891e-01,2.655626e-02,1.154445e-02,1.194222e-01,8.865613e-02,8.686448e-03,5.343070e-02
1.142401e-01,8.046557e-02,2.925783e-02,5.259776e-02,7.537107e-02,1.044815e-01,9.778975e-03,1.271173e-02,1.982548e-01,3.387956e-02,1.147271e-02,9.806198e-02,8.067183e-02,8.615096e-03,9.013946e-02
1.102537e-01,5.819330e-02,5.835313e-02,6.388881e-02,7.026093e-02,8.178506e-02,1.349583e-02,1.599844e-01,1.475276e-01,2.398184e-02,8.638331e-03,7.176012e-02,6.051410e-02,6.743898e-03,6.461889e-02
9.185620e-02,4.196316e-02,4.795830e-02,5.410241e-02,9.652022e-02,6.494100e-02,3.413869e-02,2.908079e-01,1.093894e-01,1.694900e-02,6.237891e-03,5.130850e-02,4.364957e-02,4.809590e-03,4.536823e-02
7.284342e-02,2.983427e-02,3.735391e-02,4.016952e-02,1.018748e-01,4.888574e-02,1.662836e-01,3.055431e-01,7.796735e-02,1.197855e-02,4.429132e-03,3.603444e-02,3.126771e-02,3.432839e-03,3.210149e-02
6.020369e-02,2.124156e-02,2.816955e-02,2.952998e-02,9.430006e-02,3.595495e-02,2.000431e-01,3.902488e-01,5.525945e-02,8.473280e-03,3.202619e-03,2.532286e-02,2.281515e-02,2.523937e-03,2.271103e-02
4.866063e-02,1.623716e-02,2.232843e-02,2.262469e-02,8.341592e-02,2.844452e-02,2.861871e-01,3.768346e-01,3.943566e-02,7.165167e-03,3.748376e-03,1.912148e-02,2.625242e-02,2.017510e-03,1.752630e-02
3.672116e-02,1.206732e-02,1.739175e-02,1.698718e-02,6.834999e-02,2.328545e-02,4.265538e-01,3.054841e-01,2.775719e-02,5.193532e-03,2.772844e-03,1.348006e-02,2.957037e-02,1.472547e-03,1.291261e-02
2.893371e-02,1.265534e-02,1.431711e-02,1.735917e-02,1.076852e-01,4.234981e-02,3.618631e-01,2.765005e-01,1.989620e-02,7.608587e-03,3.028977e-03,9.627379e-03,8.262926e-02,1.454840e-03,1.409088e-02
2.103295e-02,1.070469e-02,1.145092e-02,1.518166e-02,1.119637e-01,3.692007e-02,3.405848e-01,1.998689e-01,1.433712e-02,2.613156e-02,5.840079e-03,7.197824e-03,1.656703e-01,1.486631e-03,3.162883e-02
1.751309e-02,9.297687e-03,8.643241e-03,1.111445e-02,8.415299e-02,3.464629e-02,3.543419e-01,1.434709e-01,1.411332e-02,4.109987e-02,7.475148e-02,1.487546e-02,1.364891e-01,5.442996e-03,5.004731e-02
1.719816e-02,9.869555e-03,6.370005e-03,8.390828e-03,6.207798e-02,2.863659e-02,2.916538e-01,1.018509e-01,2.120227e-02,6.992877e-02,1.830621e-01,1.727519e-02,1.126040e-01,1.076732e-02,5.911263e-02
2.222932e-02,7.763412e-03,4.869502e-03,6.689928e-03,4.700598e-02,2.805506e-02,3.041836e-01,7.254785e-02,3.156307e-02,5.563318e-02,2.306288e-01,4.454390e-02,8.866108e-02,1.055882e-02,4.506649e-02
3.189252e-02,7.743746e-03,4.773490e-03,7.573504e-03,3.696767e-02,2.709036e-02,3.730652e-01,5.214067e-02,5.837394e-02,4.420426e-02,1.722916e-01,6.993946e-02,6.757131e-02,9.093123e-03,3.727919e-02
2.372010e-02,6.342628e-03,4.869224e-03,6.436739e-03,2.727375e-02,3.301498e-02,2.910979e-01,3.676480e-02,4.705056e-02,3.720502e-02,1.286988e-01,2.708482e-01,5.003901e-02,7.475105e-03,2.916325e-02
1.840080e-02,6.692958e-03,4.281695e-03,4.912269e-03,2.067550e-02,2.864384e-02,2.101895e-01,2.599002e-02,3.707816e-02,3.507433e-02,1.117284e-01,4.293453e-01,3.850789e-02,6.111662e-03,2.236763e-02
1.698457e-02,6.427459e-03,3.362648e-03,3.806345e-03,1.684463e-02,2.408331e-02,1.502569e-01,1.852233e-02,2.778795e-02,2.746585e-02,8.796176e-02,5.622594e-01,3.185861e-02,5.807524e-03,1.657067e-02
1.434735e-02,4.826961e-03,2.551757e-03,2.974572e-03,1.870955e-02,2.039863e-02,1.067707e-01,1.329141e-02,2.275859e-02,2.099903e-02,7.138196e-02,6.460340e-01,3.659305e-02,6.328187e-03,1.203433e-02
1.170561e-02,3.737215e-03,1.907114e-03,2.384156e-03,1.630841e-02,1.645483e-02,7.512422e-02,9.506249e-03,1.770265e-02,1.932745e-02,6.106926e-02,7.107970e-01,3.716911e-02,7.493564e-03,9.313301e-03
8.293596e-03,2.803709e-03,2.064718e-03,1.713165e-03,1.855250e-02,1.303668e-02,5.297504e-02,6.859300e-03,1.793543e-02,1.542629e-02,4.967786e-02,7.604775e-01,3.575397e-02,7.525226e-03,6.904972e-03
5.987801e-03,2.061125e-03,2.204140e-03,1.258967e-03,2.383882e-02,1.222773e-02,3.740213e-02,5.124361e-03,1.771191e-02,1.319999e-02,3.946149e-02,7.962409e-01,3.062410e-02,7.500303e-03,5.156253e-03
4.391558e-03,1.480101e-03,1.803026e-03,9.371819e-04,2.238276e-02,1.448797e-02,2.634556e-02,5.113485e-03,1.549989e-02,1.337852e-02,3.099650e-02,8.277993e-01,2.384596e-02,7.825759e-03,3.712402e-03
3.105229e-03,1.054036e-03,1.371837e-03,6.658934e-04,2.816108e-02,1.076104e-02,1.898581e-02,4.160271e-03,1.256447e-02,1.058695e-02,2.268727e-02,8.583609e-01,1.817759e-02,6.692046e-03,2.665538e-03
2.189390e-03,7.756191e-04,1.289769e-03,4.758506e-04,5.574624e-02,7.699981e-03,1.398094e-02,3.177030e-03,1.105208e-02,9.207970e-03,1.689347e-02,8.558016e-01,1.451027e-02,5.165973e-03,2.033801e-03
1.589800e-03,6.088428e-04,1.229046e-03,3.422946e-04,5.417332e-02,5.670127e-03,1.050233e-02,2.752071e-03,8.686451e-03,1.155310e-02,1.285165e-02,8.715668e-01,1.265281e-02,4.343468e-03,1.477889e-03
1.215266e-03,4.929784e-04,1.195197e-03,2.610395e-04,1.103567e-01,4.647927e-03,8.885613e-03,2.943318e-03,1.333064e-02,9.434095e-03,1.007796e-02,8.210402e-01,1.165892e-02,3.355386e-03,1.104778e-03
1.281790e-03,5.898817e-04,1.735986e-03,2.543328e-04,1.382599e-01,1.237282e-02,1.692986e-02,7.852809e-03,1.687300e-02,8.644043e-03,8.618476e-03,7.695595e-01,1.342154e-02,2.773688e-03,8.323877e-04
1.427559e-03,1.342162e-03,3.955105e-03,2.039537e-04,1.074520e-01,2.185661e-02,1.439378e-02,7.506130e-03,2.125213e-02,9.716436e-03,7.890806e-03,7.704971e-01,2.844347e-02,3.351576e-03,7.112321e-04
2.122396e-03,1.166209e-03,3.533600e-03,1.935968e-04,9.276835e-02,1.673546e-02,1.225204e-02,1.248936e-02,3.796290e-02,9.668020e-03,8.389006e-03,7.633862e-01,3.482631e-02,3.853769e-03,6.526748e-04
2.089173e-03,8.699834e-04,2.809018e-03,1.776447e-04,7.776602e-02,1.215587e-02,8.677738e-03,1.061927e-02,4.264591e-02,9.862667e-03,8.097403e-03,7.883196e-01,3.241827e-02,3.007348e-03,4.841180e-04
1.934814e-03,6.688162e-04,2.228720e-03,1.557396e-04,7.401250e-02,9.001349e-03,6.617442e-03,8.745091e-03,5.600482e-02,9.378303e-03,7.262908e-03,7.824484e-01,3.881681e-02,2.338809e-03,3.854443e-04
3.769496e-03,7.856115e-04,2.484197e-03,2.142627e-04,1.141281e-01,7.705702e-03,8.008745e-03,1.124973e-02,1.527768e-01,9.089334e-03,8.487958e-03,6.408228e-01,3.827967e-02,1.816228e-03,3.813379e-04
1.065452e-02,1.207953e-03,3.682765e-03,1.468583e-03,9.761983e-02,3.815890e-02,7.468103e-03,2.140974e-02,1.437703e-01,2.851041e-02,9.421172e-03,5.929930e-01,4.084726e-02,1.975676e-03,8.117498e-04
2.111151e-02,1.514622e-03,4.615524e-03,1.835872e-03,8.829641e-02,9.757979e-02,6.918951e-03,2.095011e-02,1.498298e-01,4.832488e-02,1.217253e-02,5.039904e-01,3.972309e-02,2.243511e-03,8.929982e-04
3.663632e-02,2.135493e-03,4.725138e-03,1.642156e-03,6.923340e-02,8.495173e-02,5.381393e-03,1.783192e-02,1.185280e-01,4.035311e-02,1.741047e-02,5.613701e-01,3.512289e-02,3.351335e-03,1.326552e-03
4.099150e-02,3.692318e-03,5.617402e-03,1.514570e-03,6.413981e-02,7.979167e-02,4.620295e-03,1.551840e-02,1.174492e-01,3.287370e-02,1.999028e-02,5.687165e-01,3.908195e-02,4.011330e-03,1.991035e-03
7.390861e-02,7.698737e-03,1.454355e-02,6.210537e-03,7.767084e-02,8.135340e-02,7.583171e-03,2.140526e-02,1.441160e-01,3.964817e-02,1.825970e-02,4.524720e-01,4.311588e-02,4.186301e-03,7.827792e-03
8.080161e-02,1.439469e-02,1.417615e-02,5.654317e-03,7.158338e-02,9.161636e-02,6.288109e-03,2.155450e-02,2.153621e-01,3.620077e-02,2.360690e-02,3.519152e-01,4.417137e-02,1.336658e-02,9.308025e-03
7.995359e-02,1.798335e-02,1.090059e-02,5.146964e-03,6.775031e-02,7.860579e-02,6.063318e-03,2.487744e-02,3.255835e-01,2.828186e-02,2.455220e-02,2.681842e-01,3.843522e-02,1.572197e-02,7.959678e-03
6.161359e-02,4.418022e-02,8.606103e-03,9.789421e-03,5.158503e-02,5.873871e-02,4.474396e-03,2.737366e-02,4.460047e-01,2.234226e-02,1.870507e-02,1.961343e-01,3.113291e-02,1.205833e-02,7.261262e-03
4.992276e-02,3.659664e-02,6.320254e-03,8.172354e-03,4.476994e-02,4.900895e-02,4.319909e-03,2.258782e-02,5.626059e-01,1.661959e-02,1.563286e-02,1.441060e-01,2.425469e-02,9.436250e-03,5.646071e-03
3.677803e-02,1.086781e-01,5.022851e-03,6.897089e-02,3.434493e-02,3.528949e-02,3.049981e-03,1.649875e-02,5.296243e-01,1.429483e-02,1.193312e-02,1.015488e-01,1.950314e-02,6.854109e-03,7.608552e-03
3.097149e-02,9.848318e-02,5.340546e-03,7.202218e-02,2.684688e-02,2.692879e-02,2.239239e-03,1.229893e-02,5.323011e-01,1.266029e-02,1.720965e-02,7.607798e-02,5.480001e-02,8.054839e-03,2.376488e-02
3.132892e-02,8.126602e-02,4.574827e-03,6.710511e-02,7.568571e-02,3.156590e-02,2.474498e-03,9.546206e-03,4.856137e-01,1.023671e-02,1.878874e-02,5.602345e-02,5.841242e-02,7.435370e-03,5.994239e-02
5.321827e-02,6.031361e-02,4.351488e-03,6.892852e-02,1.393010e-01,4.749903e-02,5.477109e-03,1.305020e-02,4.162030e-01,7.726268e-03,1.868543e-02,4.200139e-02,5.767512e-02,6.973283e-03,5.859621e-02
7.954742e-02,4.547552e-02,2.438945e-02,8.109546e-02,1.705436e-01,7.031100e-02,7.302006e-03,1.670000e-02,3.296732e-01,6.988830e-03,1.815016e-02,3.087634e-02,5.521851e-02,5.917108e-03,5.781143e-02
6.183546e-02,3.517012e-02,8.072989e-02,6.781782e-02,1.231031e-01,5.116185e-02,5.284739e-03,1.287111e-02,2.396148e-01,8.972887e-03,1.421233e-02,2.204363e-02,4.098528e-02,5.551012e-03,2.306460e-01
1.196961e-01,3.061279e-02,6.557649e-02,5.598672e-02,1.177386e-01,1.034111e-01,6.251486e-03,1.376197e-02,1.861389e-01,7.276467e-03,1.989831e-02,2.100946e-02,5.285924e-02,9.442448e-03,1.903398e-01
1.354195e-01,2.950468e-02,7.102537e-02,1.041359e-01,1.120634e-01,1.056204e-01,9.411637e-03,3.753676e-02,1.349596e-01,6.809033e-03,2.524171e-02,2.240920e-02,5.167326e-02,8.691138e-03,1.454985e-01
1.080311e-01,2.565532e-02,2.268038e-01,1.417946e-01,8.736967e-02,8.265687e-02,8.303031e-03,3.411600e-02,9.658718e-02,5.115091e-03,1.961521e-02,1.678250e-02,3.779652e-02,6.720900e-03,1.026523e-01
9.287137e-02,2.248452e-02,2.295819e-01,1.823481e-01,8.069919e-02,6.657130e-02,1.002063e-02,1.088808e-01,6.989746e-02,3.791919e-03,1.528794e-02,1.209562e-02,2.715649e-02,5.654135e-03,7.265859e-02
7.395443e-02,1.652739e-02,1.800830e-01,1.419735e-01,7.875286e-02,4.958843e-02,8.893425e-03,3.028728e-01,4.936589e-02,2.717158e-03,1.136098e-02,8.658144e-03,1.960695e-02,4.321488e-03,5.132351e-02
6.065764e-02,1.178635e-02,1.304220e-01,1.000467e-01,5.794280e-02,3.548412e-02,7.316953e-03,4.913178e-01,3.474975e-02,1.949006e-03,8.399722e-03,6.263047e-03,1.419179e-02,3.145629e-03,3.632669e-02
4.983129e-02,8.542743e-03,9.891949e-02,7.089519e-02,4.197527e-02,2.792755e-02,9.594493e-03,6.171738e-01,2.443650e-02,1.436237e-03,6.213141e-03,4.561256e-03,1.037249e-02,2.329580e-03,2.579105e-02
4.023704e-02,6.164968e-03,7.350635e-02,5.048197e-02,3.052609e-02,2.063854e-02,8.961951e-03,7.147547e-01,1.720989e-02,1.063443e-03,4.978133e-03,3.585117e-03,7.905411e-03,1.748940e-03,1.823751e-02
3.037223e-02,4.524056e-03,5.388264e-02,3.645316e-02,2.257169e-02,1.512728e-02,7.785796e-03,7.885561e-01,1.216005e-02,8.194509e-04,4.236663e-03,2.789866e-03,6.253938e-03,1.495498e-03,1.297159e-02
2.530306e-02,3.486310e-03,3.976467e-02,2.656275e-02,1.695156e-02,1.673577e-02,1.101729e-02,8.259494e-01,8.701824e-03,7.274917e-04,3.731000e-03,2.680015e-03,7.019588e-03,1.422368e-03,9.946913e-03
2.331430e-02,2.964739e-03,3.189348e-02,2.114817e-02,1.433947e-02,4.709610e-02,4.765217e-02,7.568061e-01,7.528973e-03,3.705238e-03,4.490314e-03,2.613887e-03,2.596661e-02,1.238761e-03,9.241727e-03
1.912004e-02,3.155273e-03,2.629527e-02,1.589675e-02,1.151497e-02,3.981549e-02,1.291418e-01,6.472403e-01,7.972834e-03,2.294350e-02,1.042481e-02,3.423774e-03,4.477891e-02,3.494523e-03,1.478181e-02
2.041592e-02,3.841846e-03,1.983300e-02,1.292721e-02,1.118902e-02,3.784568e-02,1.345742e-01,5.048503e-01,9.062528e-03,2.316192e-02,2.832574e-02,2.425303e-02,1.354703e-01,4.884499e-03,2.936488e-02
2.143335e-02,5.039010e-03,1.496277e-02,1.041618e-02,1.210197e-02,3.658623e-02,1.194806e-01,3.880804e-01,9.352322e-03,2.257959e-02,2.415678e-02,4.831578e-02,2.537513e-01,3.842940e-03,2.990093e-02
2.128457e-02,7.077890e-03,1.393803e-02,8.936175e-03,1.419663e-02,5.627793e-02,1.936788e-01,2.884956e-01,1.868075e-02,1.771574e-02,1.898480e-02,9.042710e-02,2.199285e-01,4.670413e-03,2.570705e-02
2.202481e-02,5.582338e-03,1.432766e-02,8.603216e-03,1.311973e-02,9.774492e-02,2.218068e-01,2.139551e-01,1.692754e-02,1.337903e-02,2.264459e-02,1.109129e-01,2.083698e-01,9.044891e-03,2.155668e-02
1.684041e-02,4.296676e-03,1.296948e-02,6.726151e-03,1.208923e-02,9.788539e-02,1.695361e-01,1.540830e-01,1.414844e-02,9.842166e-03,2.058200e-02,2.267025e-01,2.301550e-01,8.393755e-03,1.574978e-02
1.267633e-02,3.099687e-03,9.385569e-03,4.809114e-03,9.537241e-03,6.894899e-02,1.192046e-01,1.085113e-01,1.079248e-02,7.188614e-03,1.644040e-02,3.681107e-01,2.436275e-01,6.272880e-03,1.139462e-02
1.269146e-02,2.414645e-03,6.867032e-03,3.468139e-03,7.806242e-03,4.910802e-02,8.528582e-02,7.678238e-02,8.872738e-03,6.171176e-03,1.313991e-02,4.979613e-01,2.140038e-01,7.168083e-03,8.259229e-03
1.230958e-02,1.791585e-03,4.949997e-03,2.457158e-03,5.973978e-03,3.587127e-02,6.037813e-02,5.392776e-02,7.702366e-03,6.265187e-03,1.153724e-02,6.107224e-01,1.728512e-01,7.023371e-03,6.238805e-03
1.136876e-02,1.381596e-03,3.590166e-03,1.823911e-03,4.931184e-03,2.611404e-02,4.272355e-02,3.796975e-02,8.116213e-03,7.665400e-03,1.145777e-02,6.704825e-01,1.604610e-01,7.097268e-03,4.816988e-03
8.809699e-03,1.039338e-03,2.576001e-03,1.328943e-03,3.593513e-03,1.890187e-02,3.020905e-02,2.665307e-02,6.894080e-03,8.327766e-03,9.565887e-03,7.395550e-01,1.316672e-01,7.288988e-03,3.589625e-03
7.452622e-03,1.185621e-03,1.901840e-03,9.623792e-04,2.614384e-03,1.410311e-02,2.129028e-02,1.870525e-02,7.592792e-03,1.132870e-02,9.683074e-03,7.216904e-01,1.653309e-01,1.261608e-02,3.542540e-03
8.341480e-03,1.766449e-03,1.420691e-03,8.540144e-04,1.968491e-03,1.159302e-02,1.502394e-02,1.317422e-02,1.441172e-02,1.618040e-02,9.301553e-03,7.188771e-01,1.565195e-01,2.655572e-02,4.011711e-03
1.020204e-02,4.064631e-03,1.297522e-03,8.423289e-04,1.907302e-03,1.322305e-02,1.108620e-02,9.633197e-03,2.943522e-02,1.879580e-02,9.869786e-03,7.071826e-01,1.433871e-01,3.169565e-02,7.377550e-03
1.214061e-02,7.007203e-03,1.969876e-03,9.749519e-04,4.097136e-03,2.727165e-02,9.170374e-03,7.322635e-03,5.600533e-02,1.910054e-02,9.021169e-03,6.812183e-01,1.251672e-01,2.952353e-02,1.000955e-02
1.032108e-02,6.337702e-03,1.708619e-03,9.640460e-04,3.736255e-03,3.086355e-02,7.071723e-03,5.384061e-03,4.903530e-02,1.640132e-02,8.538838e-03,7.217596e-01,1.011735e-01,2.665685e-02,1.004765e-02
8.657831e-03,6.091224e-03,1.351469e-03,1.021107e-03,3.183567e-03,2.625487e-02,5.232098e-03,3.937566e-03,4.045783e-02,1.401070e-02,8.575957e-03,7.703598e-01,7.945979e-02,2.270467e-02,8.701570e-03
8.755682e-03,5.758213e-03,1.096283e-03,9.489223e-04,2.598109e-03,2.266399e-02,3.842919e-03,2.995279e-03,3.445859e-02,1.107731e-02,9.392187e-03,8.035740e-01,6.631063e-02,1.910121e-02,7.426652e-03
1.099666e-02,5.122466e-03,1.085875e-03,9.553062e-04,3.153986e-03,2.738776e-02,2.796576e-03,2.354445e-03,3.034798e-02,8.705966e-03,1.589686e-02,8.057947e-01,6.317037e-02,1.653481e-02,5.696283e-03
1.666945e-02,1.096879e-02,5.467206e-03,1.692005e-03,3.407334e-03,5.422878e-02,2.388930e-03,2.815438e-03,3.286218e-02,9.424637e-03,1.886012e-02,7.657765e-01,5.283543e-02,1.690530e-02,5.697901e-03
3.029941e-02,1.149643e-02,1.045731e-02,2.311566e-03,4.418278e-03,6.702008e-02,3.131594e-03,5.623803e-03,3.137883e-02,1.082389e-02,2.053982e-02,7.284598e-01,5.049738e-02,1.711167e-02,6.430115e-03
3.193542e-02,1.415056e-02,1.522923e-02,2.244674e-03,5.303332e-03,6.835905e-02,3.712036e-03,2.129693e-02,3.245747e-02,1.013903e-02,1.769713e-02,6.976402e-01,5.699789e-02,1.654171e-02,6.295268e-03
3.153184e-02,2.243246e-02,2.273438e-02,2.436393e-03,5.016755e-03,6.719825e-02,3.798318e-03,2.294206e-02,3.755440e-02,8.753459e-03,1.466100e-02,6.920996e-01,4.870166e-02,1.353671e-02,6.602755e-03
3.750559e-02,4.064733e-02,3.781394e-02,4.342326e-03,4.606879e-03,8.758353e-02,3.558285e-03,1.853778e-02,3.741740e-02,1.362120e-02,1.841579e-02,6.246852e-01,4.288492e-02,1.373137e-02,1.464843e-02
4.531559e-02,3.270901e-02,6.497893e-02,4.568594e-03,5.057629e-03,6.951979e-02,4.409708e-03,9.144852e-02,3.165320e-02,1.123506e-02,1.515590e-02,5.680395e-01,3.222910e-02,1.247133e-02,1.120809e-02
3.619162e-02,2.384867e-02,6.335615e-02,3.652682e-03,5.141029e-03,5.065002e-02,5.316125e-03,3.004192e-01,2.536214e-02,8.229997e-03,1.124257e-02,4.248371e-01,2.407537e-02,9.264276e-03,8.413021e-03
2.644890e-02,1.682112e-02,4.697293e-02,2.698589e-03,4.259045e-03,3.619453e-02,4.647161e-03,5.020499e-01,1.800035e-02,5.785461e-03,7.898526e-03,2.987509e-01,1.701246e-02,6.531639e-03,5.928442e-03
2.018432e-02,1.182088e-02,3.422689e-02,2.212574e-03,4.061590e-03,2.621028e-02,3.786639e-03,6.444629e-01,1.272330e-02,4.055453e-03,5.559291e-03,2.098785e-01,1.204228e-02,4.613508e-03,4.161666e-03
1.592340e-02,8.312216e-03,2.435990e-02,1.692805e-03,3.585872e-03,1.873829e-02,2.765313e-03,7.468616e-01,8.975148e-03,2.851473e-03,3.917278e-03,1.472387e-01,8.563262e-03,3.282855e-03,2.931934e-03
1.415040e-02,5.870531e-03,1.723434e-02,1.339544e-03,4.119209e-03,1.332839e-02,1.976069e-03,8.170987e-01,6.368822e-03,2.018651e-03,2.785007e-03,1.031674e-01,6.057506e-03,2.406514e-03,2.078827e-03
1.266298e-02,4.151145e-03,1.218387e-02,1.106272e-03,3.665204e-03,9.555597e-03,1.440586e-03,8.673124e-01,4.524095e-03,1.432177e-03,2.015497e-03,7.236299e-02,4.353769e-03,1.746643e-03,1.486652e-03
1.332268e-02,2.966370e-03,8.807858e-03,8.943208e-04,4.439602e-03,7.242919e-03,1.246755e-03,8.989012e-01,3.252264e-03,1.026932e-03,1.593982e-03,5.077628e-02,3.162420e-03,1.282637e-03,1.083659e-03
1.546076e-02,2.158244e-03,6.381480e-03,7.875740e-04,7.799685e-03,5.402036e-03,1.003894e-03,9.170055e-01,2.388028e-03,7.308959e-04,1.246914e-03,3.561390e-02,2.279948e-03,9.475813e-04,7.934356e-04
1.548461e-02,1.578575e-03,4.766074e-03,7.856460e-04,7.063163e-03,3.939218e-03,8.519419e-04,9.342676e-01,1.739497e-03,5.217562e-04,1.018606e-03,2.499511e-02,1.661773e-03,7.465972e-04,5.797350e-04
1.831662e-02,1.188144e-03,3.582460e-03,8.360419e-04,6.445414e-03,3.197421e-03,9.001882e-04,9.431520e-01,1.297622e-03,3.813772e-04,8.352882e-04,1.760323e-02,1.254063e-03,5.706534e-04,4.394249e-04
2.085859e-02,9.461180e-04,2.649447e-03,7.434011e-04,6.281929e-03,2.673050e-03,9.541345e-04,9.484305e-01,1.022211e-03,2.854957e-04,7.527492e-04,1.246384e-02,1.139593e-03,4.429729e-04,3.558913e-04
1.729119e-02,7.204750e-04,2.143825e-03,7.072091e-04,7.954453e-03,1.988819e-03,1.015542e-03,9.563764e-01,7.783516e-04,2.108167e-04,5.931880e-04,8.752869e-03,8.695249e-04,3.225741e-04,2.747842e-04
1.490934e-02,5.401605e-04,1.657714e-03,6.796796e-04,7.446675e-03,1.487181e-03,1.021687e-03,9.637710e-01,5.782474e-04,1.570820e-04,4.554061e-04,6.161045e-03,6.772179e-04,2.352948e-04,2.222461e-04
1.911232e-02,4.379610e-04,2.182079e-03,1.054525e-03,1.045786e-02,1.740873e-03,4.005831e-03,9.540648e-01,5.312266e-04,1.442016e-04,4.271353e-04,4.520810e-03,8.857665e-04,1.936446e-04,2.409050e-04
2.208050e-02,3.720910e-04,2.042589e-03,9.029545e-04,9.115487e-03,3.971239e-02,6.317705e-03,8.795122e-01,8.651714e-04,1.309778e-04,4.463182e-04,3.296584e-03,3.470011e-02,1.515926e-04,3.533297e-04
2.670871e-02,3.849031e-04,2.177058e-03,9.489559e-04,1.318990e-02,6.130030e-02,1.212170e-02,8.033934e-01,1.136114e-03,1.078558e-04,4.621246e-04,2.421931e-03,7.509415e-02,1.218085e-04,4.310981e-04
3.658474e-02,4.574156e-04,2.868320e-03,1.314934e-03,3.013984e-02,6.782722e-02,1.885918e-02,7.779026e-01,9.153049e-04,9.237026e-05,4.546126e-04,2.179360e-03,5.988636e-02,9.361232e-05,4.241289e-04
5.645032e-02,4.639945e-04,2.768164e-03,1.212198e-03,3.968806e-02,8.094907e-02,1.718436e-02,7.470013e-01,6.878446e-04,7.672268e-05,4.395496e-04,2.148470e-03,5.048198e-02,7.330431e-05,3.746737e-04
1.038014e-01,1.957138e-03,3.906812e-03,1.798851e-03,4.956250e-02,1.455264e-01,1.405991e-02,5.840319e-01,8.209853e-04,1.509005e-04,1.575916e-03,7.505334e-03,8.424260e-02,9.820321e-05,9.611208e-04
1.230797e-01,2.969844e-03,3.194025e-03,1.788628e-03,5.363657e-02,1.107632e-01,1.162046e-02,4.276311e-01,1.293237e-03,3.481874e-04,2.708393e-03,1.111673e-02,2.481119e-01,1.266109e-04,1.611411e-03
1.095226e-01,2.727565e-03,2.501657e-03,1.812232e-03,6.487315e-02,8.180550e-02,9.915412e-03,3.108422e-01,2.211870e-03,9.074251e-04,4.702887e-03,1.407440e-02,3.912823e-01,3.385849e-04,2.482223e-03
9.314545e-02,2.666704e-03,2.145882e-03,1.560909e-03,6.211647e-02,6.038972e-02,8.616250e-03,2.237695e-01,3.466131e-03,1.721751e-03,8.302703e-03,1.885768e-02,5.091240e-01,9.241588e-04,3.192769e-03
7.814114e-02,2.858656e-03,1.635821e-03,1.256215e-03,4.912159e-02,4.483459e-02,6.966888e-03,1.588656e-01,4.303117e-03,1.356591e-03,1.071684e-02,2.645149e-02,6.094591e-01,1.112266e-03,2.920072e-03
5.617234e-02,2.518371e-03,1.254232e-03,1.103818e-03,3.547322e-02,3.301478e-02,5.384076e-03,1.115058e-01,5.408619e-03,1.088898e-03,9.452553e-03,5.413992e-02,6.797463e-01,1.010852e-03,2.726258e-03
4.006296e-02,3.305925e-03,1.117553e-03,8.813984e-04,2.646557e-02,2.428300e-02,4.057638e-03,7.829039e-02,1.236780e-02,8.739818e-04,7.684215e-03,7.486151e-02,7.220912e-01,8.211901e-04,2.835715e-03
2.848476e-02,3.282940e-03,1.029910e-03,6.792083e-04,2.025692e-02,1.751737e-02,3.059189e-03,5.499231e-02,1.582045e-02,7.206547e-04,5.919711e-03,1.014119e-01,7.437698e-01,6.330574e-04,2.421842e-03
2.083916e-02,1.202321e-02,5.100105e-03,6.013610e-04,1.663512e-02,1.489532e-02,2.551548e-03,3.899046e-02,2.903565e-02,9.906063e-04,5.464778e-03,1.015182e-01,7.477449e-01,1.134300e-03,2.475276e-03
1.610899e-02,2.808778e-02,1.112438e-02,5.426997e-04,1.677128e-02,1.108374e-02,2.075551e-03,2.828362e-02,4.101564e-02,1.315215e-03,5.936976e-03,9.221306e-02,7.403996e-01,1.702338e-03,3.339137e-03
