1.000000e+00,0.000000e+00,0.000000e+00,0.000000e+00,0.000000e+00,0.000000e+00,0.000000e+00,0.000000e+00,0.000000e+00,0.000000e+00,0.000000e+00,0.000000e+00,0.000000e+00,0.000000e+00,0.000000e+00
1.000000e+00,0.000000e+00,0.000000e+00,0.000000e+00,0.000000e+00,0.000000e+00,0.000000e+00,0.000000e+00,0.000000e+00,0.000000e+00,0.000000e+00,0.000000e+00,0.000000e+00,0.000000e+00,0.000000e+00
1.000000e+00,0.000000e+00,0.000000e+00,0.000000e+00,0.000000e+00,0.000000e+00,0.000000e+00,0.000000e+00,0.000000e+00,0.000000e+00,0.000000e+00,0.000000e+00,0.000000e+00,0.000000e+00,0.000000e+00
1.000000e+00,0.000000e+00,0.000000e+00,0.000000e+00,0.000000e+00,0.000000e+00,0.000000e+00,0.000000e+00,0.000000e+00,0.000000e+00,0.000000e+00,0.000000e+00,0.000000e+00,0.000000e+00,0.000000e+00
1.000000e+00,0.000000e+00,0.000000e+00,0.000000e+00,0.000000e+00,0.000000e+00,0.000000e+00,0.000000e+00,0.000000e+00,0.000000e+00,0.000000e+00,0.000000e+00,0.000000e+00,0.000000e+00,0.000000e+00
1.000000e+00,0.000000e+00,0.000000e+00,0.000000e+00,0.000000e+00,0.000000e+00,0.000000e+00,0.000000e+00,0.000000e+00,0.000000e+00,0.000000e+00,0.000000e+00,0.000000e+00,0.000000e+00,0.000000e+00
1.000000e+00,0.000000e+00,0.000000e+00,0.000000e+00,0.000000e+00,0.000000e+00,0.000000e+00,0.000000e+00,0.000000e+00,0.000000e+00,0.000000e+00,0.000000e+00,0.000000e+00,0.000000e+00,0.000000e+00
1.000000e+00,0.000000e+00,0.000000e+00,0.000000e+00,0.000000e+00,0.000000e+00,0.000000e+00,0.000000e+00,0.000000e+00,0.000000e+00,0.000000e+00,0.000000e+00,0.000000e+00,0.000000e+00,0.000000e+00
1.000000e+00,0.000000e+00,0.000000e+00,0.000000e+00,0.000000e+00,0.000000e+00,0.000000e+00,0.000000e+00,0.000000e+00,0.000000e+00,0.000000e+00,0.000000e+00,0.000000e+00,0.000000e+00,0.000000e+00
1.000000e+00,0.000000e+00,0.000000e+00,0.000000e+00,0.000000e+00,0.000000e+00,0.000000e+00,0.000000e+00,0.000000e+00,0.000000e+00,0.000000e+00,0.000000e+00,0.000000e+00,0.000000e+00,0.000000e+00
1.000000e+00,0.000000e+00,0.000000e+00,0.000000e+00,0.000000e+00,0.000000e+00,0.000000e+00,0.000000e+00,0.000000e+00,0.000000e+00,0.000000e+00,0.000000e+00,0.000000e+00,0.000000e+00,0.000000e+00
1.000000e+00,0.000000e+00,0.000000e+00,0.000000e+00,0.000000e+00,0.000000e+00,0.000000e+00,0.000000e+00,0.000000e+00,0.000000e+00,0.000000e+00,0.000000e+00,0.000000e+00,0.000000e+00,0.000000e+00
1.000000e+00,0.000000e+00,0.000000e+00,0.000000e+00,0.000000e+00,0.000000e+00,0.000000e+00,0.000000e+00,0.000000e+00,0.000000e+00,0.000000e+00,0.000000e+00,0.000000e+00,0.000000e+00,0.000000e+00
1.000000e+00,0.000000e+00,0.000000e+00,0.000000e+00,0.000000e+00,0.000000e+00,0.000000e+00,0.000000e+00,0.000000e+00,0.000000e+00,0.000000e+00,0.000000e+00,0.000000e+00,0.000000e+00,0.000000e+00
1.000000e+00,0.000000e+00,0.000000e+00,0.000000e+00,0.000000e+00,0.000000e+00,0.000000e+00,0.000000e+00,0.000000e+00,0.000000e+00,0.000000e+00,0.000000e+00,0.000000e+00,0.000000e+00,0.000000e+00
1.000000e+00,0.000000e+00,0.000000e+00,0.000000e+00,0.000000e+00,0.000000e+00,0.000000e+00,0.000000e+00,0.000000e+00,0.000000e+00,0.000000e+00,0.000000e+00,0.000000e+00,0.000000e+00,0.000000e+00
1.000000e+00,0.000000e+00,0.000000e+00,0.000000e+00,0.000000e+00,0.000000e+00,0.000000e+00,0.000000e+00,0.000000e+00,0.000000e+00,0.000000e+00,0.000000e+00,0.000000e+00,0.000000e+00,0.000000e+00
1.000000e+00,0.000000e+00,0.000000e+00,0.000000e+00,0.000000e+00,0.000000e+00,0.000000e+00,0.000000e+00,0.000000e+00,0.000000e+00,0.000000e+00,0.000000e+00,0.000000e+00,0.000000e+00,0.000000e+00
1.000000e+00,0.000000e+00,0.000000e+00,0.000000e+00,0.000000e+00,0.000000e+00,0.000000e+00,0.000000e+00,0.000000e+00,0.000000e+00,0.000000e+00,0.000000e+00,0.000000e+00,0.000000e+00,0.000000e+00
1.000000e+00,0.000000e+00,0.000000e+00,0.000000e+00,0.000000e+00,0.000000e+00,0.000000e+00,0.000000e+00,0.000000e+00,0.000000e+00,0.000000e+00,0.000000e+00,0.000000e+00,0.000000e+00,0.000000e+00
1.000000e+00,0.000000e+00,0.000000e+00,0.000000e+00,0.000000e+00,0.000000e+00,0.000000e+00,0.000000e+00,0.000000e+00,0.000000e+00,0.000000e+00,0.000000e+00,0.000000e+00,0.000000e+00,0.000000e+00
1.000000e+00,0.000000e+00,0.000000e+00,0.000000e+00,0.000000e+00,0.000000e+00,0.000000e+00,0.000000e+00,0.000000e+00,0.000000e+00,0.000000e+00,0.000000e+00,0.000000e+00,0.000000e+00,0.000000e+00
1.000000e+00,0.000000e+00,0.000000e+00,0.000000e+00,0.000000e+00,0.000000e+00,0.000000e+00,0.000000e+00,0.000000e+00,0.000000e+00,0.000000e+00,0.000000e+00,0.000000e+00,0.000000e+00,0.000000e+00
1.000000e+00,0.000000e+00,0.000000e+00,0.000000e+00,0.000000e+00,0.000000e+00,0.000000e+00,0.000000e+00,0.000000e+00,0.000000e+00,0.000000e+00,0.000000e+00,0.000000e+00,0.000000e+00,0.000000e+00
1.000000e+00,0.000000e+00,0.000000e+00,0.000000e+00,0.000000e+00,0.000000e+00,0.000000e+00,0.000000e+00,0.000000e+00,0.000000e+00,0.000000e+00,0.000000e+00,0.000000e+00,0.000000e+00,0.000000e+00
1.000000e+00,0.000000e+00,0.000000e+00,0.000000e+00,0.000000e+00,0.000000e+00,0.000000e+00,0.000000e+00,0.000000e+00,0.000000e+00,0.000000e+00,0.000000e+00,0.000000e+00,0.000000e+00,0.000000e+00
1.000000e+00,0.000000e+00,0.000000e+00,0.000000e+00,0.000000e+00,0.000000e+00,0.000000e+00,0.000000e+00,0.000000e+00,0.000000e+00,0.000000e+00,0.000000e+00,0.000000e+00,0.000000e+00,0.000000e+00
1.000000e+00,0.000000e+00,0.000000e+00,0.000000e+00,0.000000e+00,0.000000e+00,0.000000e+00,0.000000e+00,0.000000e+00,0.000000e+00,0.000000e+00,0.000000e+00,0.000000e+00,0.000000e+00,0.000000e+00
1.000000e+00,0.000000e+00,0.000000e+00,0.000000e+00,0.000000e+00,0.000000e+00,0.000000e+00,0.000000e+00,0.000000e+00,0.000000e+00,0.000000e+00,0.000000e+00,0.000000e+00,0.000000e+00,0.000000e+00
1.000000e+00,0.000000e+00,0.000000e+00,0.000000e+00,0.000000e+00,0.000000e+00,0.000000e+00,0.000000e+00,0.000000e+00,0.000000e+00,0.000000e+00,0.000000e+00,0.000000e+00,0.000000e+00,0.000000e+00
1.000000e+00,0.000000e+00,0.000000e+00,0.000000e+00,0.000000e+00,0.000000e+00,0.000000e+00,0.000000e+00,0.000000e+00,0.000000e+00,0.000000e+00,0.000000e+00,0.000000e+00,0.000000e+00,0.000000e+00
1.000000e+00,0.000000e+00,0.000000e+00,0.000000e+00,0.000000e+00,0.000000e+00,0.000000e+00,0.000000e+00,0.000000e+00,0.000000e+00,0.000000e+00,0.000000e+00,0.000000e+00,0.000000e+00,0.000000e+00
1.000000e+00,0.000000e+00,0.000000e+00,0.000000e+00,0.000000e+00,0.000000e+00,0.000000e+00,0.000000e+00,0.000000e+00,0.000000e+00,0.000000e+00,0.000000e+00,0.000000e+00,0.000000e+00,0.000000e+00
1.000000e+00,0.000000e+00,0.000000e+00,0.000000e+00,0.000000e+00,0.000000e+00,0.000000e+00,0.000000e+00,0.000000e+00,0.000000e+00,0.000000e+00,0.000000e+00,0.000000e+00,0.000000e+00,0.000000e+00
1.000000e+00,0.000000e+00,0.000000e+00,0.000000e+00,0.000000e+00,0.000000e+00,0.000000e+00,0.000000e+00,0.000000e+00,0.000000e+00,0.000000e+00,0.000000e+00,0.000000e+00,0.000000e+00,0.000000e+00
1.000000e+00,0.000000e+00,0.000000e+00,0.000000e+00,0.000000e+00,0.000000e+00,0.000000e+00,0.000000e+00,0.000000e+00,0.000000e+00,0.000000e+00,0.000000e+00,0.000000e+00,0.000000e+00,0.000000e+00
1.000000e+00,0.000000e+00,0.000000e+00,0.000000e+00,0.000000e+00,0.000000e+00,0.000000e+00,0.000000e+00,0.000000e+00,0.000000e+00,0.000000e+00,0.000000e+00,0.000000e+00,0.000000e+00,0.000000e+00
1.000000e+00,0.000000e+00,0.000000e+00,0.000000e+00,0.000000e+00,0.000000e+00,0.000000e+00,0.000000e+00,0.000000e+00,0.000000e+00,0.000000e+00,0.000000e+00,0.000000e+00,0.000000e+00,0.000000e+00
1.000000e+00,0.000000e+00,0.000000e+00,0.000000e+00,0.000000e+00,0.000000e+00,0.000000e+00,0.000000e+00,0.000000e+00,0.000000e+00,0.000000e+00,0.000000e+00,0.000000e+00,0.000000e+00,0.000000e+00
1.000000e+00,0.000000e+00,0.000000e+00,0.000000e+00,0.000000e+00,0.000000e+00,0.000000e+00,0.000000e+00,0.000000e+00,0.000000e+00,0.000000e+00,0.000000e+00,0.000000e+00,0.000000e+00,0.000000e+00
1.000000e+00,0.000000e+00,0.000000e+00,0.000000e+00,0.000000e+00,0.000000e+00,0.000000e+00,0.000000e+00,0.000000e+00,0.000000e+00,0.000000e+00,0.000000e+00,0.000000e+00,0.000000e+00,0.000000e+00
1.000000e+00,0.000000e+00,0.000000e+00,0.000000e+00,0.000000e+00,0.000000e+00,0.000000e+00,0.000000e+00,0.000000e+00,0.000000e+00,0.000000e+00,0.000000e+00,0.000000e+00,0.000000e+00,0.000000e+00
1.000000e+00,0.000000e+00,0.000000e+00,0.000000e+00,0.000000e+00,0.000000e+00,0.000000e+00,0.000000e+00,0.000000e+00,0.000000e+00,0.000000e+00,0.000000e+00,0.000000e+00,0.000000e+00,0.000000e+00
1.000000e+00,0.000000e+00,0.000000e+00,0.000000e+00,0.000000e+00,0.000000e+00,0.000000e+00,0.000000e+00,0.000000e+00,0.000000e+00,0.000000e+00,0.000000e+00,0.000000e+00,0.000000e+00,0.000000e+00
1.000000e+00,0.000000e+00,0.000000e+00,0.000000e+00,0.000000e+00,0.000000e+00,0.000000e+00,0.000000e+00,0.000000e+00,0.000000e+00,0.000000e+00,0.000000e+00,0.000000e+00,0.000000e+00,0.000000e+00
1.000000e+00,0.000000e+00,0.000000e+00,0.000000e+00,0.000000e+00,0.000000e+00,0.000000e+00,0.000000e+00,0.000000e+00,0.000000e+00,0.000000e+00,0.000000e+00,0.000000e+00,0.000000e+00,0.000000e+00
1.000000e+00,0.000000e+00,0.000000e+00,0.000000e+00,0.000000e+00,0.000000e+00,0.000000e+00,0.000000e+00,0.000000e+00,0.000000e+00,0.000000e+00,0.000000e+00,0.000000e+00,0.000000e+00,0.000000e+00
1.000000e+00,0.000000e+00,0.000000e+00,0.000000e+00,0.000000e+00,0.000000e+00,0.000000e+00,0.000000e+00,0.000000e+00,0.000000e+00,0.000000e+00,0.000000e+00,0.000000e+00,0.000000e+00,0.000000e+00
1.000000e+00,0.000000e+00,0.000000e+00,0.000000e+00,0.000000e+00,0.000000e+00,0.000000e+00,0.000000e+00,0.000000e+00,0.000000e+00,0.000000e+00,0.000000e+00,0.000000e+00,0.000000e+00,0.000000e+00
1.000000e+00,0.000000e+00,0.000000e+00,0.000000e+00,0.000000e+00,0.000000e+00,0.000000e+00,0.000000e+00,0.000000e+00,0.000000e+00,0.000000e+00,0.000000e+00,0.000000e+00,0.000000e+00,0.000000e+00
1.000000e+00,0.000000e+00,0.000000e+00,0.000000e+00,0.000000e+00,0.000000e+00,0.000000e+00,0.000000e+00,0.000000e+00,0.000000e+00,0.000000e+00,0.000000e+00,0.000000e+00,0.000000e+00,0.000000e+00
1.000000e+00,0.000000e+00,0.000000e+00,0.000000e+00,0.000000e+00,0.000000e+00,0.000000e+00,0.000000e+00,0.000000e+00,0.000000e+00,0.000000e+00,0.000000e+00,0.000000e+00,0.000000e+00,0.000000e+00
1.000000e+00,0.000000e+00,0.000000e+00,0.000000e+00,0.000000e+00,0.000000e+00,0.000000e+00,0.000000e+00,0.000000e+00,0.000000e+00,0.000000e+00,0.000000e+00,0.000000e+00,0.000000e+00,0.000000e+00
1.000000e+00,0.000000e+00,0.000000e+00,0.000000e+00,0.000000e+00,0.000000e+00,0.000000e+00,0.000000e+00,0.000000e+00,0.000000e+00,0.000000e+00,0.000000e+00,0.000000e+00,0.000000e+00,0.000000e+00
1.000000e+00,0.000000e+00,0.000000e+00,0.000000e+00,0.000000e+00,0.000000e+00,0.000000e+00,0.000000e+00,0.000000e+00,0.000000e+00,0.000000e+00,0.000000e+00,0.000000e+00,0.000000e+00,0.000000e+00
1.000000e+00,0.000000e+00,0.000000e+00,0.000000e+00,0.000000e+00,0.000000e+00,0.000000e+00,0.000000e+00,0.000000e+00,0.000000e+00,0.000000e+00,0.000000e+00,0.000000e+00,0.000000e+00,0.000000e+00
1.000000e+00,0.000000e+00,0.000000e+00,0.000000e+00,0.000000e+00,0.000000e+00,0.000000e+00,0.000000e+00,0.000000e+00,0.000000e+00,0.000000e+00,0.000000e+00,0.000000e+00,0.000000e+00,0.000000e+00
1.000000e+00,0.000000e+00,0.000000e+00,0.000000e+00,0.000000e+00,0.000000e+00,0.000000e+00,0.000000e+00,0.000000e+00,0.000000e+00,0.000000e+00,0.000000e+00,0.000000e+00,0.000000e+00,0.000000e+00
1.000000e+00,0.000000e+00,0.000000e+00,0.000000e+00,0.000000e+00,0.000000e+00,0.000000e+00,0.000000e+00,0.000000e+00,0.000000e+00,0.000000e+00,0.000000e+00,0.000000e+00,0.000000e+00,0.000000e+00
1.000000e+00,0.000000e+00,0.000000e+00,0.000000e+00,0.000000e+00,0.000000e+00,0.000000e+00,0.000000e+00,0.000000e+00,0.000000e+00,0.000000e+00,0.000000e+00,0.000000e+00,0.000000e+00,0.000000e+00
1.000000e+00,0.000000e+00,0.000000e+00,0.000000e+00,0.000000e+00,0.000000e+00,0.000000e+00,0.000000e+00,0.000000e+00,0.000000e+00,0.000000e+00,0.000000e+00,0.000000e+00,0.000000e+00,0.000000e+00
4.634824e-01,2.046277e-02,9.854650e-03,4.382953e-02,1.288137e-01,2.795865e-02,1.593325e-02,2.116399e-01,6.433800e-03,1.113039e-03,1.009017e-02,2.172264e-02,2.639544e-02,1.964402e-03,1.030577e-02
3.537255e-01,1.914051e-02,1.320455e-02,3.339927e-02,2.614212e-01,2.419435e-02,1.197207e-02,1.527534e-01,1.234703e-02,2.071238e-03,5.547518e-02,1.584913e-02,2.104390e-02,8.314091e-03,1.508858e-02
2.980809e-01,1.904466e-02,1.080003e-02,2.704406e-02,3.469424e-01,2.453003e-02,1.035503e-02,1.125924e-01,1.649219e-02,2.663090e-03,6.880754e-02,1.223363e-02,1.806941e-02,1.521930e-02,1.712533e-02
2.256030e-01,1.499764e-02,8.141684e-03,2.159683e-02,4.708408e-01,3.341233e-02,8.549707e-03,8.036579e-02,1.355545e-02,2.576607e-03,5.791052e-02,9.370483e-03,1.334588e-02,2.564628e-02,1.408707e-02
1.690683e-01,1.203665e-02,6.156147e-03,1.791192e-02,3.648286e-01,3.403987e-02,6.925295e-03,5.830409e-02,1.656929e-02,2.613014e-03,6.012643e-02,1.901677e-02,1.377290e-02,2.008506e-01,1.778024e-02
1.568045e-01,9.088681e-03,4.506702e-03,1.525780e-02,2.605440e-01,3.138102e-02,5.489859e-03,4.226915e-02,2.045230e-02,2.492727e-03,5.630592e-02,3.405564e-02,2.410228e-02,3.220471e-01,1.520241e-02
1.184206e-01,6.666090e-03,3.229174e-03,1.103898e-02,1.842526e-01,2.406638e-02,4.107026e-03,2.975893e-02,3.993471e-02,2.118883e-03,5.469204e-02,4.446007e-02,2.389977e-02,4.402061e-01,1.314863e-02
9.325368e-02,5.301305e-03,2.348133e-03,8.111689e-03,1.302332e-01,1.930612e-02,3.058654e-03,2.098817e-02,6.918265e-02,1.792385e-03,5.498390e-02,5.149395e-02,2.184048e-02,5.067058e-01,1.139996e-02
6.684611e-02,4.730518e-03,1.669365e-03,5.896784e-03,9.161016e-02,1.540027e-02,2.221404e-03,1.476265e-02,1.194514e-01,2.308552e-03,5.661073e-02,4.854055e-02,1.700367e-02,5.420091e-01,1.093873e-02
4.795348e-02,6.705307e-03,1.205764e-03,4.534933e-03,6.427930e-02,1.235581e-02,1.617815e-03,1.038687e-02,1.395795e-01,2.942309e-03,7.502362e-02,4.113246e-02,1.348463e-02,5.680195e-01,1.077868e-02
3.472940e-02,7.172687e-03,9.189048e-04,3.780866e-03,4.511819e-02,9.721125e-03,1.160313e-03,7.307049e-03,1.373000e-01,3.265039e-03,8.357309e-02,3.106638e-02,9.838065e-03,6.146433e-01,1.040551e-02
2.565718e-02,2.495477e-02,9.943474e-04,5.174018e-03,3.315659e-02,8.485556e-03,8.882717e-04,5.250996e-03,1.932525e-01,5.274070e-03,9.927879e-02,2.296629e-02,7.097655e-03,5.491940e-01,1.837492e-02
1.827531e-02,2.748313e-02,8.774322e-04,4.120771e-03,2.426706e-02,7.231891e-03,6.578594e-04,3.730383e-03,2.908153e-01,4.751363e-03,9.381104e-02,1.728196e-02,5.046390e-03,4.880226e-01,1.362752e-02
1.288974e-02,2.852097e-02,9.162021e-04,3.141321e-03,1.757422e-02,6.052579e-03,4.871374e-04,2.725308e-03,3.964050e-01,4.181329e-03,7.215928e-02,1.316477e-02,3.579456e-03,4.282618e-01,9.940853e-03
1.007175e-02,2.759015e-02,8.309461e-03,1.116595e-02,1.796102e-02,1.110541e-02,6.288036e-04,1.171015e-02,5.041662e-01,5.929470e-03,5.466897e-02,9.655516e-03,2.730166e-03,3.161642e-01,8.142718e-03
1.192244e-02,2.973022e-02,1.551088e-02,4.258431e-02,2.671411e-02,1.772965e-02,6.500367e-04,1.132036e-02,5.315420e-01,1.045074e-02,4.429023e-02,7.648704e-03,2.565165e-03,2.394618e-01,7.879328e-03
1.726409e-02,2.740917e-02,1.383028e-02,4.296334e-02,3.472339e-02,1.562694e-02,6.325802e-04,1.280853e-02,5.803500e-01,1.368824e-02,3.765853e-02,6.640154e-03,3.457122e-03,1.821999e-01,1.074772e-02
1.549430e-02,2.848077e-02,1.173912e-02,3.578826e-02,4.328187e-02,1.723969e-02,8.601771e-04,1.178453e-02,6.245326e-01,1.772403e-02,3.147798e-02,6.230024e-03,4.554680e-03,1.349147e-01,1.589716e-02
1.877228e-02,2.904627e-02,1.226533e-02,5.155421e-02,3.907080e-02,1.877236e-02,2.071585e-03,2.727089e-02,6.244650e-01,1.469124e-02,2.740531e-02,5.452396e-03,5.490037e-03,1.061025e-01,1.756976e-02
4.103100e-02,2.465127e-02,1.184789e-02,4.791383e-02,2.983808e-02,2.594067e-02,2.692502e-03,2.129594e-02,5.622916e-01,1.197829e-02,4.013260e-02,5.603631e-03,1.000950e-02,1.454337e-01,1.933952e-02
6.997120e-02,2.040147e-02,9.919125e-03,3.717349e-02,2.348139e-02,2.263585e-02,2.787934e-03,1.627775e-02,4.456055e-01,9.955631e-03,4.473421e-02,5.949634e-03,1.082379e-02,2.598531e-01,2.042988e-02
9.927467e-02,1.737198e-02,9.469453e-03,4.017596e-02,1.873956e-02,2.546402e-02,2.360813e-03,1.438051e-02,3.562751e-01,9.055549e-03,5.582644e-02,1.183337e-02,1.350828e-02,3.040034e-01,2.226088e-02
1.139190e-01,1.460866e-02,8.691862e-03,3.152966e-02,1.566298e-02,2.550021e-02,1.847451e-03,1.336922e-02,3.114377e-01,7.991767e-03,5.526545e-02,1.337765e-02,1.242177e-02,3.521813e-01,2.219533e-02
1.162095e-01,2.333864e-02,9.630096e-03,2.415455e-02,1.531539e-02,2.390068e-02,1.505947e-03,1.213111e-02,2.528696e-01,7.724696e-03,5.372026e-02,1.025138e-02,9.490233e-03,4.179510e-01,2.180687e-02
1.247075e-01,2.650054e-02,1.921248e-02,2.456868e-02,1.559734e-02,2.569323e-02,1.501185e-03,1.942956e-02,2.407770e-01,1.361888e-02,5.286539e-02,8.149874e-03,7.631604e-03,3.700487e-01,4.969808e-02
1.211048e-01,2.637326e-02,2.293586e-02,2.634909e-02,1.573868e-02,2.710143e-02,1.343303e-03,1.760194e-02,2.333273e-01,1.736822e-02,5.233874e-02,6.050451e-03,6.131166e-03,3.350871e-01,9.114873e-02
9.209985e-02,3.999587e-02,2.680003e-02,5.080567e-02,1.277575e-02,1.974929e-02,1.015885e-03,1.278582e-02,3.323323e-01,1.506958e-02,3.822936e-02,4.319706e-03,4.515954e-03,2.366973e-01,1.128076e-01
8.721960e-02,3.125032e-02,2.607454e-02,5.019463e-02,1.756015e-02,1.624152e-02,8.970301e-04,1.123678e-02,3.968687e-01,1.371638e-02,3.060431e-02,3.195660e-03,3.576812e-03,1.758009e-01,1.355626e-01
1.264610e-01,3.212050e-02,2.861078e-02,5.904724e-02,2.304554e-02,1.836654e-02,1.033659e-03,1.016444e-02,3.387998e-01,1.234453e-02,4.453251e-02,2.897206e-03,5.329513e-03,1.681759e-01,1.290708e-01
2.006474e-01,2.827458e-02,2.311358e-02,5.033628e-02,2.101083e-02,1.806574e-02,1.054530e-03,8.673661e-03,2.737950e-01,1.029603e-02,5.220784e-02,3.581662e-03,5.828443e-03,1.956261e-01,1.074883e-01
2.185986e-01,3.428846e-02,3.467823e-02,6.740741e-02,2.929538e-02,1.765393e-02,1.976320e-03,1.508212e-02,2.332784e-01,8.469279e-03,4.659992e-02,4.298066e-03,6.634239e-03,1.854287e-01,9.631105e-02
1.601609e-01,2.901563e-02,3.270370e-02,5.334569e-02,2.137286e-02,1.306770e-02,1.411390e-03,1.083599e-02,1.975005e-01,8.104281e-03,3.591700e-02,3.481789e-03,6.069302e-03,1.337780e-01,2.932353e-01
1.291519e-01,3.172319e-02,3.656354e-02,3.822923e-02,1.810138e-02,1.211751e-02,1.082182e-03,8.146818e-03,1.849441e-01,7.051921e-03,4.003665e-02,3.231897e-03,7.135373e-03,1.135928e-01,3.688915e-01
9.753389e-02,2.361229e-02,2.657913e-02,2.739366e-02,1.353714e-02,9.765256e-03,8.489538e-04,5.900187e-03,1.786318e-01,6.103299e-03,4.971647e-02,4.950039e-03,7.473640e-03,2.008614e-01,3.470929e-01
6.845459e-02,1.678302e-02,1.931824e-02,1.925269e-02,9.601508e-03,7.354592e-03,6.509240e-04,4.154785e-03,1.503236e-01,4.734774e-03,6.240770e-02,3.972807e-03,5.557158e-03,3.744668e-01,2.529669e-01
4.801619e-02,1.193214e-02,1.436752e-02,1.356851e-02,7.102644e-03,5.586882e-03,4.872343e-04,2.920711e-03,1.244470e-01,4.194015e-03,5.994710e-02,3.065953e-03,3.997302e-03,5.179012e-01,1.824656e-01
3.372538e-02,8.464924e-03,1.013518e-02,9.648519e-03,5.101386e-03,4.259273e-03,3.769220e-04,2.057407e-03,1.257695e-01,4.501711e-03,6.137912e-02,2.431249e-03,2.849871e-03,5.997317e-01,1.295679e-01
2.367267e-02,5.995491e-03,7.127069e-03,6.912781e-03,3.677675e-03,3.181861e-03,2.757003e-04,1.445566e-03,1.246696e-01,4.457028e-03,6.137187e-02,1.834165e-03,2.019686e-03,6.617923e-01,9.156650e-02
1.685009e-02,4.328953e-03,5.022167e-03,5.001549e-03,2.691918e-03,2.504431e-03,2.156732e-04,1.035042e-03,1.202145e-01,4.701263e-03,7.623097e-02,1.594740e-03,1.475992e-03,6.929516e-01,6.518105e-02
1.245975e-02,3.174623e-03,3.572230e-03,3.869773e-03,2.053468e-03,2.165497e-03,2.048662e-04,8.057585e-04,1.180241e-01,5.539541e-03,9.564874e-02,1.683593e-03,1.103802e-03,7.035370e-01,4.615726e-02
9.147803e-03,2.456010e-03,2.605439e-03,3.130208e-03,1.790642e-03,1.851162e-03,1.881535e-04,6.664311e-04,9.210277e-02,6.899772e-03,1.282229e-01,1.797626e-03,9.194872e-04,7.150946e-01,3.312700e-02
7.473961e-03,1.836416e-03,2.056807e-03,2.419954e-03,1.924812e-03,1.679732e-03,1.920304e-04,5.838142e-04,6.905747e-02,6.239512e-03,1.380059e-01,1.740249e-03,7.190449e-04,7.426333e-01,2.343700e-02
5.820557e-03,1.369210e-03,1.766901e-03,1.879611e-03,1.663511e-03,1.575091e-03,1.652595e-04,4.709733e-04,5.276156e-02,5.497277e-03,1.356018e-01,1.683131e-03,5.327718e-04,7.727330e-01,1.647938e-02
5.029447e-03,1.106491e-03,1.630456e-03,1.570533e-03,1.475045e-03,1.815948e-03,1.418007e-04,3.691209e-04,4.420483e-02,4.618859e-03,1.458841e-01,1.559893e-03,4.023311e-04,7.784534e-01,1.173777e-02
3.808928e-03,1.008985e-03,2.040428e-03,1.784012e-03,1.523784e-03,1.756539e-03,1.304385e-04,4.148797e-04,3.961596e-02,4.040307e-03,1.530448e-01,1.536213e-03,3.262651e-04,7.804890e-01,8.479389e-03
3.082017e-03,1.278959e-03,3.033461e-03,1.941203e-03,2.095596e-03,2.254354e-03,1.422582e-04,6.175076e-04,3.711991e-02,4.535177e-03,1.647643e-01,1.507774e-03,2.942486e-04,7.709935e-01,6.339764e-03
3.401047e-03,1.933469e-03,3.493285e-03,2.101421e-03,3.880176e-03,2.806108e-03,1.920426e-04,7.883372e-04,3.875212e-02,6.986982e-03,2.164003e-01,2.249600e-03,4.089609e-04,7.111388e-01,5.467360e-03
5.080891e-03,2.060844e-03,3.190265e-03,2.824059e-03,3.502149e-03,2.976715e-03,2.066027e-04,7.836078e-04,4.384294e-02,8.645973e-03,2.653813e-01,2.745722e-03,5.002110e-04,6.537231e-01,4.535632e-03
6.821707e-03,2.629930e-03,2.894712e-03,3.088375e-03,3.474207e-03,3.545493e-03,2.642904e-04,7.223478e-04,4.481212e-02,1.254623e-02,3.296870e-01,5.149354e-03,9.400693e-04,5.784334e-01,4.990845e-03
1.198373e-02,3.955079e-03,6.995869e-03,3.243112e-03,6.309853e-03,5.165640e-03,3.827974e-04,3.787451e-03,4.545972e-02,1.658257e-02,3.450540e-01,6.429547e-03,1.799995e-03,5.384516e-01,4.399104e-03
1.755270e-02,4.978055e-03,7.435505e-03,3.735657e-03,6.618846e-03,5.157801e-03,3.906319e-04,4.020661e-03,4.371282e-02,1.634586e-02,3.943873e-01,7.458726e-03,2.475858e-03,4.818606e-01,3.868998e-03
3.678860e-02,1.654215e-02,8.139100e-03,5.800316e-03,6.179684e-03,6.182794e-03,6.597726e-04,4.808366e-03,4.802359e-02,1.578414e-02,4.275468e-01,1.414168e-02,2.173655e-03,4.002104e-01,7.018998e-03
3.634300e-02,4.747866e-02,1.574788e-02,7.067223e-03,6.857322e-03,5.949418e-03,6.865710e-04,6.374325e-03,7.737853e-02,1.821188e-02,4.154781e-01,1.551796e-02,2.233611e-03,3.345706e-01,1.010500e-02
3.637705e-02,6.115238e-02,3.166161e-02,5.824042e-03,8.985501e-03,7.795137e-03,5.754640e-04,5.665275e-03,1.452943e-01,2.405694e-02,3.665974e-01,1.202868e-02,1.922957e-03,2.585279e-01,3.353551e-02
3.590458e-02,4.730878e-02,2.923316e-02,6.243399e-03,9.680772e-03,1.070761e-02,4.489424e-04,4.772157e-03,3.051919e-01,2.225403e-02,2.770048e-01,9.090324e-03,1.713739e-03,1.973954e-01,4.305052e-02
3.625162e-02,3.828437e-02,2.482537e-02,4.939089e-03,1.148148e-02,1.215789e-02,3.456470e-04,4.171908e-03,3.527263e-01,1.756456e-02,2.993349e-01,6.925351e-03,1.564433e-03,1.529935e-01,3.643364e-02
4.672987e-02,3.574552e-02,2.799992e-02,4.309422e-03,1.501670e-02,1.505542e-02,3.907873e-04,4.684101e-03,4.244537e-01,1.648012e-02,2.413396e-01,5.089321e-03,1.511448e-03,1.197384e-01,4.145576e-02
4.494344e-02,2.824471e-02,2.325175e-02,3.622847e-03,1.249447e-02,1.833950e-02,3.005253e-04,3.947506e-03,4.930504e-01,1.246167e-02,2.080199e-01,3.825694e-03,1.312266e-03,1.128762e-01,3.330921e-02
4.440665e-02,2.071256e-02,1.943817e-02,4.016447e-03,1.075688e-02,2.070928e-02,3.522169e-04,5.319172e-03,5.198177e-01,9.127415e-03,2.223123e-01,2.870525e-03,1.102920e-03,9.461501e-02,2.444278e-02
5.007381e-02,1.565392e-02,1.531910e-02,4.064313e-03,9.245355e-03,1.922572e-02,2.853860e-04,4.114557e-03,4.782994e-01,7.273496e-03,2.242124e-01,2.143111e-03,1.040215e-03,1.501817e-01,1.886759e-02
4.726946e-02,1.136006e-02,1.118298e-02,2.995305e-03,7.043220e-03,1.488635e-02,2.129927e-04,2.949108e-03,4.889715e-01,5.350264e-03,1.877940e-01,1.545258e-03,9.540674e-04,2.030988e-01,1.438669e-02
4.685916e-02,8.112620e-03,8.458004e-03,2.228557e-03,5.308022e-03,1.951763e-02,2.565714e-04,2.138822e-03,4.478987e-01,3.859949e-03,1.899971e-01,1.190568e-03,8.744356e-04,2.525518e-01,1.074802e-02
5.184310e-02,5.949642e-03,6.541949e-03,2.054931e-03,4.041718e-03,3.580802e-02,3.283539e-04,2.254916e-03,3.679621e-01,2.870089e-03,2.559060e-01,1.281644e-03,1.038655e-03,2.536306e-01,8.488286e-03
5.573539e-02,6.316415e-03,5.293139e-03,2.806246e-03,3.703418e-03,4.541657e-02,3.564309e-04,2.361060e-03,2.715657e-01,2.597517e-03,3.638401e-01,1.236513e-02,4.870197e-03,2.090318e-01,1.374089e-02
5.362084e-02,5.236648e-03,3.950045e-03,3.308254e-03,3.614720e-03,5.762016e-02,6.242045e-04,2.682539e-03,2.096652e-01,2.818749e-03,3.518930e-01,2.403848e-02,7.935029e-03,2.600031e-01,1.298911e-02
3.955162e-02,4.138122e-03,2.844072e-03,2.685277e-03,2.760972e-03,4.306121e-02,4.614147e-04,1.932206e-03,1.897724e-01,3.569614e-03,4.278231e-01,1.945095e-02,6.703964e-03,2.426402e-01,1.260491e-02
2.793078e-02,3.117638e-03,2.006276e-03,1.910514e-03,1.983782e-03,3.167888e-02,3.253834e-04,1.357745e-03,1.350208e-01,2.751880e-03,4.511321e-01,1.787399e-02,4.957594e-03,3.090493e-01,8.903350e-03
1.988856e-02,2.449122e-03,1.422337e-03,1.389390e-03,1.422229e-03,2.305714e-02,2.320568e-04,9.589771e-04,9.654165e-02,2.396912e-03,4.880310e-01,1.794588e-02,3.747732e-03,3.342030e-01,6.314060e-03
1.406022e-02,1.987526e-03,1.009781e-03,1.050042e-03,1.025060e-03,1.642937e-02,1.663323e-04,6.818133e-04,6.883372e-02,1.861396e-03,5.605826e-01,1.481665e-02,2.804314e-03,3.102018e-01,4.489325e-03
1.005673e-02,1.549431e-03,7.527125e-04,7.563806e-04,7.864815e-04,1.164060e-02,1.305406e-04,4.989085e-04,4.929621e-02,1.478012e-03,5.276907e-01,1.187831e-02,2.016699e-03,3.782446e-01,3.223610e-03
7.142982e-03,1.354473e-03,5.800613e-04,5.655456e-04,7.650365e-04,8.304977e-03,1.196167e-04,3.647579e-04,3.568400e-02,1.237226e-03,5.103457e-01,1.014208e-02,1.529422e-03,4.195042e-01,2.359921e-03
5.126364e-03,1.220639e-03,5.327642e-04,4.114784e-04,1.738029e-03,5.971648e-03,1.308029e-04,2.737582e-04,2.607916e-02,1.542019e-03,5.202646e-01,8.677937e-03,1.146691e-03,4.251550e-01,1.729052e-03
3.688620e-03,9.775423e-04,5.301268e-04,3.057026e-04,1.650035e-03,4.315533e-03,1.189517e-04,2.122927e-04,1.944412e-02,1.421902e-03,5.085812e-01,7.166645e-03,8.371494e-04,4.494977e-01,1.252585e-03
2.713278e-03,7.889815e-04,6.360466e-04,2.348183e-04,1.932864e-03,3.208167e-03,1.066516e-04,1.784071e-04,1.529698e-02,1.356198e-03,4.875795e-01,6.289323e-03,6.647967e-04,4.780540e-01,9.598967e-04
2.017207e-03,6.451661e-04,5.584261e-04,1.832214e-04,1.730327e-03,2.744798e-03,9.842981e-05,1.414638e-04,1.097399e-02,1.326150e-03,5.039616e-01,5.107335e-03,6.088396e-04,4.691758e-01,7.272474e-04
1.566829e-03,6.501864e-04,7.994898e-04,1.534494e-04,2.074441e-03,2.428550e-03,1.402604e-04,1.297627e-04,8.449230e-03,1.966336e-03,4.890255e-01,4.572147e-03,6.198767e-04,4.867425e-01,6.814996e-04
1.307298e-03,1.021775e-03,3.019135e-03,2.190791e-04,2.664207e-03,2.763570e-03,1.274856e-04,2.166397e-04,1.217518e-02,3.539773e-03,4.472012e-01,3.668467e-03,5.199682e-04,5.207616e-01,7.946914e-04
1.172123e-03,1.313447e-02,5.248694e-03,4.697724e-04,4.372360e-03,1.378378e-02,1.425236e-04,3.395561e-04,2.352299e-02,7.093771e-03,4.352736e-01,3.210853e-03,4.130442e-04,4.893306e-01,2.491827e-03
1.206020e-03,1.015175e-02,4.220149e-03,7.187998e-04,3.902621e-03,1.129510e-02,1.393015e-04,3.834399e-04,3.942644e-02,1.521951e-02,4.327796e-01,3.301342e-03,4.290853e-04,4.715296e-01,5.297299e-03
4.255363e-03,8.275077e-03,3.442313e-03,7.378825e-04,3.412730e-03,8.496855e-03,1.438688e-04,5.631053e-04,4.192026e-02,1.440839e-02,4.474400e-01,2.744166e-03,4.162981e-04,4.590666e-01,4.677149e-03
4.558754e-03,1.007084e-02,2.709554e-03,9.875764e-04,3.257641e-03,7.980060e-03,1.477044e-04,5.248123e-04,4.020372e-02,2.015985e-02,4.924650e-01,3.685975e-03,6.307682e-04,4.048706e-01,7.747103e-03
1.284845e-02,9.985285e-03,3.013329e-03,1.416637e-03,3.685984e-03,9.042997e-03,3.599047e-04,1.313599e-03,4.133954e-02,3.036318e-02,5.390193e-01,5.849162e-03,1.621483e-03,3.311382e-01,9.002932e-03
2.356665e-02,4.925321e-02,2.143257e-02,1.960332e-03,2.416427e-02,1.346379e-02,6.071201e-04,2.158128e-03,3.831125e-02,3.064712e-02,4.868799e-01,8.077847e-03,1.981040e-03,2.890261e-01,8.470694e-03
6.352907e-02,7.323995e-02,4.345313e-02,2.667264e-03,3.568244e-02,4.097547e-02,1.071262e-03,2.175885e-03,3.522342e-02,2.579383e-02,4.396524e-01,5.922503e-03,1.905099e-03,2.183507e-01,1.035749e-02
9.071626e-02,1.188350e-01,1.335551e-01,7.059806e-03,4.132780e-02,3.955909e-02,1.211367e-03,2.021702e-03,3.028796e-02,2.028808e-02,3.384362e-01,4.478180e-03,1.826023e-03,1.582194e-01,1.217800e-02
1.172351e-01,1.351488e-01,2.268285e-01,6.935811e-03,3.961920e-02,3.631634e-02,1.294990e-03,1.715447e-03,2.448494e-02,1.536509e-02,2.587880e-01,3.315182e-03,1.542387e-03,1.171404e-01,1.426998e-02
1.205513e-01,1.353475e-01,2.480347e-01,7.617975e-03,4.794177e-02,5.156659e-02,1.325539e-03,2.035981e-03,3.413689e-02,1.262058e-02,2.067219e-01,3.409825e-03,1.766559e-03,1.093682e-01,1.755466e-02
1.195314e-01,1.558724e-01,2.691028e-01,7.835105e-03,5.716480e-02,4.672865e-02,1.476296e-03,2.048771e-03,4.230523e-02,1.003279e-02,1.651159e-01,3.425497e-03,2.180074e-03,1.007131e-01,1.646710e-02
1.212484e-01,1.760924e-01,2.136898e-01,1.509492e-02,7.525763e-02,4.382491e-02,1.369925e-03,2.790668e-03,4.550962e-02,9.014336e-03,1.487059e-01,4.656103e-03,2.724741e-03,1.199794e-01,2.004122e-02
1.436089e-01,1.751568e-01,1.697324e-01,1.606770e-02,7.306149e-02,3.554524e-02,1.134115e-03,4.015493e-03,5.528768e-02,8.449974e-03,1.352587e-01,5.677431e-03,3.390591e-03,1.562614e-01,1.735211e-02
1.582950e-01,1.423926e-01,1.405345e-01,1.906534e-02,5.850458e-02,2.835454e-02,1.243547e-03,4.913241e-03,7.369929e-02,8.082190e-03,1.240632e-01,9.537101e-03,4.470026e-03,2.061701e-01,2.067475e-02
1.993828e-01,1.193814e-01,1.344436e-01,1.947666e-02,5.262213e-02,3.360667e-02,2.232582e-03,7.048603e-03,7.573949e-02,1.400764e-02,1.066474e-01,1.253900e-02,6.354927e-03,1.969666e-01,1.955053e-02
2.401460e-01,9.885281e-02,1.425639e-01,1.710694e-02,4.962597e-02,9.435150e-02,3.567831e-03,6.648758e-03,6.469224e-02,1.352371e-02,8.475512e-02,1.491174e-02,1.052961e-02,1.418053e-01,1.691866e-02
3.197140e-01,7.168106e-02,1.240903e-01,1.527169e-02,4.320559e-02,1.423646e-01,5.747793e-03,6.397257e-03,5.213682e-02,1.195655e-02,6.318806e-02,1.730869e-02,1.260357e-02,1.006530e-01,1.368107e-02
3.813127e-01,5.302837e-02,1.009272e-01,1.379705e-02,3.477864e-02,1.865988e-01,8.719124e-03,8.946050e-03,4.300161e-02,8.579620e-03,4.638741e-02,1.688875e-02,1.473063e-02,7.119087e-02,1.111331e-02
3.757755e-01,4.224589e-02,8.095056e-02,1.369206e-02,2.649078e-02,2.645190e-01,1.127357e-02,1.331709e-02,3.758837e-02,6.229538e-03,3.346216e-02,1.653274e-02,1.640119e-02,5.061203e-02,1.090953e-02
3.062715e-01,3.560904e-02,6.173759e-02,1.282582e-02,2.024073e-02,3.880776e-01,9.073036e-03,1.197872e-02,3.597505e-02,5.121860e-03,2.555160e-02,1.771367e-02,1.842664e-02,3.643813e-02,1.495904e-02
2.751622e-01,3.117053e-02,4.777135e-02,1.387760e-02,1.593775e-02,4.538911e-01,8.263667e-03,1.169916e-02,3.225576e-02,4.235251e-03,1.967937e-02,1.796276e-02,2.080888e-02,2.631854e-02,2.096607e-02
3.064664e-01,3.478447e-02,4.152903e-02,2.070620e-02,1.323716e-02,3.875732e-01,8.198740e-03,1.509277e-02,3.116874e-02,4.334012e-03,1.870721e-02,2.026435e-02,2.102102e-02,2.480581e-02,5.211095e-02
2.728717e-01,5.378594e-02,4.723155e-02,4.203192e-02,2.075256e-02,3.158324e-01,9.670134e-03,2.545722e-02,3.394726e-02,5.696556e-03,2.344786e-02,3.142436e-02,2.062031e-02,2.460592e-02,7.262442e-02
2.360238e-01,4.461516e-02,4.422447e-02,5.938834e-02,1.839521e-02,2.598903e-01,1.025784e-02,3.519835e-02,6.790657e-02,7.771625e-03,2.461818e-02,4.872147e-02,3.057227e-02,2.211243e-02,9.030399e-02
1.713193e-01,3.466468e-02,3.483563e-02,1.699015e-01,1.403907e-02,1.830185e-01,7.408943e-03,2.606809e-02,1.497907e-01,6.562877e-03,3.059683e-02,4.621445e-02,3.363191e-02,1.765406e-02,7.429354e-02
1.868902e-01,2.710072e-02,2.596585e-02,1.513456e-01,1.117073e-02,1.361394e-01,5.941649e-03,2.060306e-02,1.848879e-01,6.095905e-03,5.351929e-02,4.328255e-02,4.936516e-02,1.984617e-02,7.784586e-02
1.424953e-01,2.124079e-02,1.884509e-02,1.172537e-01,9.160851e-03,9.829679e-02,4.583545e-03,1.612103e-02,1.495505e-01,5.014997e-03,5.007771e-02,3.203718e-02,7.170083e-02,1.864715e-02,2.449746e-01
1.000738e-01,1.529251e-02,1.351235e-02,8.290891e-02,6.884706e-03,6.924543e-02,3.236562e-03,1.161141e-02,1.067914e-01,3.992964e-03,3.593512e-02,2.413552e-02,2.229466e-01,1.338558e-02,2.900472e-01
7.073229e-02,1.476149e-02,9.803565e-03,5.877322e-02,5.797863e-03,4.895977e-02,2.379296e-03,8.503114e-03,9.970816e-02,4.018471e-03,2.631261e-02,1.906864e-02,3.249413e-01,9.704151e-03,2.965361e-01
5.107385e-02,1.099690e-02,1.897673e-02,4.146987e-02,1.375327e-02,3.698092e-02,1.089051e-02,7.773850e-03,7.174447e-02,2.996046e-03,1.984542e-02,1.631384e-02,4.323676e-01,7.364715e-03,2.574520e-01
3.827062e-02,1.283201e-02,1.519162e-02,2.965459e-02,2.185073e-02,2.820136e-02,1.012802e-02,7.590603e-03,5.742729e-02,2.326475e-03,1.490863e-02,1.315156e-02,4.858991e-01,5.836821e-03,2.567306e-01
3.058762e-02,1.390629e-02,8.482562e-02,2.627173e-02,3.103152e-02,2.090524e-02,1.076628e-02,1.020469e-02,4.864198e-02,2.215211e-03,1.482327e-02,1.124431e-02,4.287709e-01,4.855466e-03,2.609499e-01
3.136095e-02,3.045537e-02,8.262806e-02,2.034578e-02,4.144381e-02,1.566895e-02,8.119642e-03,1.408102e-02,4.821576e-02,1.879157e-03,1.351774e-02,9.735139e-03,4.376498e-01,3.847046e-03,2.410518e-01
7.646205e-02,4.350917e-02,9.951952e-02,1.751601e-02,5.448066e-02,1.286796e-02,6.139822e-03,1.391406e-02,4.886365e-02,1.753918e-03,1.220536e-02,1.005516e-02,4.050751e-01,3.525525e-03,1.941120e-01
1.004826e-01,7.964524e-02,1.997336e-01,2.366138e-02,4.546820e-02,1.156848e-02,4.802098e-03,1.335205e-02,4.573698e-02,2.183431e-03,9.667690e-03,8.350400e-03,3.106745e-01,2.698764e-03,1.419746e-01
1.506579e-01,1.240000e-01,1.598354e-01,2.497386e-02,5.405833e-02,1.938902e-02,4.300298e-03,1.585043e-02,4.973644e-02,2.569195e-03,8.921743e-03,8.175558e-03,2.585562e-01,2.313266e-03,1.166625e-01
1.459450e-01,1.918034e-01,1.281338e-01,2.120709e-02,4.383471e-02,1.824961e-02,5.498727e-03,1.871355e-02,5.831567e-02,2.324414e-03,9.117718e-03,8.888443e-03,2.584528e-01,2.246824e-03,8.726823e-02
1.273204e-01,2.005183e-01,1.159104e-01,2.293046e-02,5.290493e-02,2.235610e-02,9.833848e-03,2.341671e-02,7.697932e-02,3.574413e-03,1.295337e-02,7.955307e-03,2.422523e-01,2.275913e-03,7.881831e-02
1.511258e-01,2.189053e-01,8.822557e-02,2.871024e-02,4.796649e-02,1.949403e-02,9.643567e-03,1.975923e-02,1.113576e-01,5.900181e-03,1.533075e-02,8.741118e-03,2.035191e-01,2.571219e-03,6.874979e-02
1.426453e-01,2.217700e-01,7.671463e-02,4.706718e-02,6.143339e-02,2.006483e-02,9.476700e-03,5.557869e-02,1.312271e-01,4.969249e-03,1.594641e-02,7.407459e-03,1.503123e-01,2.079797e-03,5.330693e-02
1.620770e-01,1.926381e-01,6.046427e-02,5.547062e-02,8.896545e-02,2.779414e-02,9.323318e-03,5.494176e-02,1.510218e-01,5.044275e-03,1.579387e-02,9.901044e-03,1.197465e-01,2.299002e-03,4.451887e-02
2.096929e-01,1.930304e-01,4.399145e-02,4.865776e-02,8.957744e-02,2.505413e-02,8.193062e-03,4.480381e-02,1.566857e-01,4.227886e-03,1.341510e-02,1.466906e-02,1.045463e-01,2.139286e-03,4.131556e-02
2.202055e-01,1.804506e-01,3.290829e-02,4.046709e-02,8.330376e-02,3.385070e-02,7.302945e-03,3.885430e-02,1.985135e-01,4.135642e-03,1.225602e-02,1.475411e-02,8.942288e-02,2.459618e-03,4.111492e-02
2.236719e-01,1.891350e-01,2.613578e-02,3.563137e-02,8.674829e-02,3.998893e-02,7.514248e-03,3.300337e-02,2.184453e-01,4.240284e-03,9.620276e-03,1.218129e-02,7.155610e-02,2.181482e-03,3.994643e-02
2.584678e-01,1.520206e-01,2.365284e-02,3.670683e-02,8.478177e-02,6.516258e-02,1.269229e-02,2.555232e-02,1.945730e-01,4.818162e-03,1.018239e-02,1.497062e-02,6.951162e-02,2.900778e-03,4.400635e-02
2.863597e-01,1.224393e-01,1.862992e-02,3.184104e-02,7.802076e-02,9.893530e-02,1.283572e-02,1.912356e-02,1.986271e-01,3.894447e-03,1.032039e-02,1.570494e-02,6.511956e-02,2.870632e-03,3.527761e-02
3.426730e-01,1.100596e-01,1.476309e-02,3.326105e-02,7.273011e-02,9.375054e-02,1.284884e-02,1.510045e-02,1.910759e-01,3.779441e-03,1.187928e-02,1.428716e-02,4.997080e-02,2.851441e-03,3.096929e-02
3.163100e-01,1.129402e-01,1.925844e-02,1.374531e-01,7.154480e-02,6.890022e-02,9.980837e-03,1.740374e-02,1.527438e-01,3.806351e-03,1.161587e-02,1.165410e-02,3.634056e-02,2.531616e-03,2.751632e-02
2.804497e-01,8.442581e-02,2.445746e-02,2.172019e-01,9.861290e-02,5.317909e-02,1.016337e-02,2.573607e-02,1.305252e-01,3.108998e-03,1.072173e-02,8.902895e-03,3.004662e-02,2.042416e-03,2.042580e-02
2.171049e-01,5.975330e-02,2.122509e-02,1.564000e-01,8.973126e-02,3.887983e-02,1.195484e-02,2.534249e-01,9.659684e-02,2.218329e-03,8.205735e-03,6.640142e-03,2.180763e-02,1.517304e-03,1.453988e-02
1.932030e-01,4.240834e-02,2.005176e-02,1.123233e-01,8.753368e-02,2.955075e-02,3.004025e-02,3.724253e-01,7.170779e-02,1.619017e-03,6.246148e-03,5.067841e-03,1.618099e-02,1.161269e-03,1.048053e-02
1.429002e-01,2.977269e-02,1.480110e-02,7.893550e-02,6.864788e-02,2.106920e-02,1.618870e-01,4.023597e-01,5.033122e-02,1.197090e-03,4.487358e-03,3.665154e-03,1.165538e-02,8.806383e-04,7.409745e-03
1.051634e-01,2.086072e-02,1.059940e-02,5.530754e-02,4.958114e-02,1.522984e-02,3.764556e-01,3.101008e-01,3.527912e-02,8.687399e-04,3.164572e-03,2.648647e-03,8.871024e-03,6.296372e-04,5.239781e-03
7.711145e-02,1.462525e-02,7.725264e-03,3.884700e-02,3.751272e-02,1.142250e-02,5.060991e-01,2.656555e-01,2.474130e-02,6.768885e-04,2.255817e-03,1.929837e-03,7.203208e-03,4.699562e-04,3.724131e-03
5.656205e-02,1.031921e-02,5.580719e-03,2.770329e-02,2.862098e-02,1.002649e-02,5.792520e-01,2.500569e-01,1.750187e-02,7.314759e-04,2.312589e-03,1.679610e-03,6.311096e-03,3.748243e-04,2.966775e-03
4.201960e-02,7.330562e-03,4.006732e-03,1.968059e-02,2.282119e-02,1.033486e-02,6.659743e-01,1.933583e-01,1.251576e-02,9.722706e-04,2.663509e-03,1.560670e-03,1.288240e-02,3.365080e-04,3.542659e-03
3.661649e-02,5.486136e-03,3.009046e-03,1.415587e-02,2.763337e-02,1.972252e-02,6.647403e-01,1.695648e-01,9.141388e-03,4.696955e-03,4.656136e-03,1.668752e-03,1.776379e-02,2.784929e-03,1.835944e-02
5.254915e-02,4.217429e-03,2.774543e-03,1.127257e-02,3.122866e-02,1.817525e-02,5.931989e-01,1.242278e-01,7.977013e-03,1.717857e-02,9.302259e-03,5.810222e-03,7.052228e-02,5.022549e-03,4.654282e-02
9.137943e-02,3.688981e-03,2.470698e-03,9.441146e-03,3.089977e-02,1.924575e-02,5.190275e-01,9.344143e-02,9.047411e-03,2.508952e-02,1.148943e-02,1.856564e-02,1.144292e-01,7.538123e-03,4.424599e-02
1.417333e-01,4.132232e-03,2.680521e-03,9.118936e-03,2.856643e-02,1.921991e-02,3.823154e-01,6.756333e-02,1.038680e-02,3.240458e-02,1.314935e-02,3.152043e-02,1.849130e-01,7.723786e-03,6.457201e-02
2.032424e-01,5.213504e-03,2.419533e-03,8.830684e-03,2.474517e-02,1.906162e-02,2.908308e-01,4.957832e-02,8.552860e-03,2.749543e-02,1.300721e-02,3.824997e-02,2.421664e-01,6.834213e-03,5.977198e-02
1.709517e-01,4.177521e-03,2.073212e-03,6.974979e-03,2.245394e-02,1.677217e-02,2.116822e-01,3.535067e-02,1.449108e-02,4.999835e-02,1.240361e-02,1.308151e-01,2.544174e-01,1.098391e-02,5.645426e-02
1.205394e-01,3.301572e-03,1.533136e-03,5.127895e-03,1.625629e-02,1.205595e-02,1.493882e-01,2.477297e-02,1.078504e-02,1.237614e-01,9.407210e-03,1.870466e-01,2.757565e-01,8.015212e-03,5.225259e-02
8.515379e-02,2.592640e-03,1.311766e-03,3.783643e-03,1.193868e-02,8.788156e-03,1.052190e-01,1.736199e-02,7.941430e-03,3.163518e-01,7.617287e-03,1.657799e-01,2.147016e-01,5.992853e-03,4.546545e-02
5.972130e-02,1.926778e-03,1.176607e-03,2.724763e-03,9.218514e-03,6.304310e-03,7.444070e-02,1.225701e-02,5.923771e-03,4.916249e-01,6.009391e-03,1.271602e-01,1.578678e-01,4.331589e-03,3.931246e-02
4.264859e-02,1.553223e-03,1.304611e-03,1.954191e-03,7.864408e-03,4.634120e-03,5.255175e-02,8.793047e-03,4.630882e-03,6.203742e-01,4.569057e-03,9.505513e-02,1.145537e-01,3.130063e-03,3.638306e-02
