1.000000e+00,0.000000e+00,0.000000e+00,0.000000e+00,0.000000e+00,0.000000e+00,0.000000e+00,0.000000e+00,0.000000e+00,0.000000e+00,0.000000e+00,0.000000e+00,0.000000e+00,0.000000e+00,0.000000e+00
1.000000e+00,0.000000e+00,0.000000e+00,0.000000e+00,0.000000e+00,0.000000e+00,0.000000e+00,0.000000e+00,0.000000e+00,0.000000e+00,0.000000e+00,0.000000e+00,0.000000e+00,0.000000e+00,0.000000e+00
1.000000e+00,0.000000e+00,0.000000e+00,0.000000e+00,0.000000e+00,0.000000e+00,0.000000e+00,0.000000e+00,0.000000e+00,0.000000e+00,0.000000e+00,0.000000e+00,0.000000e+00,0.000000e+00,0.000000e+00
1.000000e+00,0.000000e+00,0.000000e+00,0.000000e+00,0.000000e+00,0.000000e+00,0.000000e+00,0.000000e+00,0.000000e+00,0.000000e+00,0.000000e+00,0.000000e+00,0.000000e+00,0.000000e+00,0.000000e+00
1.000000e+00,0.000000e+00,0.000000e+00,0.000000e+00,0.000000e+00,0.000000e+00,0.000000e+00,0.000000e+00,0.000000e+00,0.000000e+00,0.000000e+00,0.000000e+00,0.000000e+00,0.000000e+00,0.000000e+00
1.000000e+00,0.000000e+00,0.000000e+00,0.000000e+00,0.000000e+00,0.000000e+00,0.000000e+00,0.000000e+00,0.000000e+00,0.000000e+00,0.000000e+00,0.000000e+00,0.000000e+00,0.000000e+00,0.000000e+00
1.000000e+00,0.000000e+00,0.000000e+00,0.000000e+00,0.000000e+00,0.000000e+00,0.000000e+00,0.000000e+00,0.000000e+00,0.000000e+00,0.000000e+00,0.000000e+00,0.000000e+00,0.000000e+00,0.000000e+00
1.000000e+00,0.000000e+00,0.000000e+00,0.000000e+00,0.000000e+00,0.000000e+00,0.000000e+00,0.000000e+00,0.000000e+00,0.000000e+00,0.000000e+00,0.000000e+00,0.000000e+00,0.000000e+00,0.000000e+00
1.000000e+00,0.000000e+00,0.000000e+00,0.000000e+00,0.000000e+00,0.000000e+00,0.000000e+00,0.000000e+00,0.000000e+00,0.000000e+00,0.000000e+00,0.000000e+00,0.000000e+00,0.000000e+00,0.000000e+00
1.000000e+00,0.000000e+00,0.000000e+00,0.000000e+00,0.000000e+00,0.000000e+00,0.000000e+00,0.000000e+00,0.000000e+00,0.000000e+00,0.000000e+00,0.000000e+00,0.000000e+00,0.000000e+00,0.000000e+00
1.000000e+00,0.000000e+00,0.000000e+00,0.000000e+00,0.000000e+00,0.000000e+00,0.000000e+00,0.000000e+00,0.000000e+00,0.000000e+00,0.000000e+00,0.000000e+00,0.000000e+00,0.000000e+00,0.000000e+00
1.000000e+00,0.000000e+00,0.000000e+00,0.000000e+00,0.000000e+00,0.000000e+00,0.000000e+00,0.000000e+00,0.000000e+00,0.000000e+00,0.000000e+00,0.000000e+00,0.000000e+00,0.000000e+00,0.000000e+00
1.000000e+00,0.000000e+00,0.000000e+00,0.000000e+00,0.000000e+00,0.000000e+00,0.000000e+00,0.000000e+00,0.000000e+00,0.000000e+00,0.000000e+00,0.000000e+00,0.000000e+00,0.000000e+00,0.000000e+00
1.000000e+00,0.000000e+00,0.000000e+00,0.000000e+00,0.000000e+00,0.000000e+00,0.000000e+00,0.000000e+00,0.000000e+00,0.000000e+00,0.000000e+00,0.000000e+00,0.000000e+00,0.000000e+00,0.000000e+00
1.000000e+00,0.000000e+00,0.000000e+00,0.000000e+00,0.000000e+00,0.000000e+00,0.000000e+00,0.000000e+00,0.000000e+00,0.000000e+00,0.000000e+00,0.000000e+00,0.000000e+00,0.000000e+00,0.000000e+00
1.000000e+00,0.000000e+00,0.000000e+00,0.000000e+00,0.000000e+00,0.000000e+00,0.000000e+00,0.000000e+00,0.000000e+00,0.000000e+00,0.000000e+00,0.000000e+00,0.000000e+00,0.000000e+00,0.000000e+00
1.000000e+00,0.000000e+00,0.000000e+00,0.000000e+00,0.000000e+00,0.000000e+00,0.000000e+00,0.000000e+00,0.000000e+00,0.000000e+00,0.000000e+00,0.000000e+00,0.000000e+00,0.000000e+00,0.000000e+00
1.000000e+00,0.000000e+00,0.000000e+00,0.000000e+00,0.000000e+00,0.000000e+00,0.000000e+00,0.000000e+00,0.000000e+00,0.000000e+00,0.000000e+00,0.000000e+00,0.000000e+00,0.000000e+00,0.000000e+00
1.000000e+00,0.000000e+00,0.000000e+00,0.000000e+00,0.000000e+00,0.000000e+00,0.000000e+00,0.000000e+00,0.000000e+00,0.000000e+00,0.000000e+00,0.000000e+00,0.000000e+00,0.000000e+00,0.000000e+00
1.000000e+00,0.000000e+00,0.000000e+00,0.000000e+00,0.000000e+00,0.000000e+00,0.000000e+00,0.000000e+00,0.000000e+00,0.000000e+00,0.000000e+00,0.000000e+00,0.000000e+00,0.000000e+00,0.000000e+00
1.000000e+00,0.000000e+00,0.000000e+00,0.000000e+00,0.000000e+00,0.000000e+00,0.000000e+00,0.000000e+00,0.000000e+00,0.000000e+00,0.000000e+00,0.000000e+00,0.000000e+00,0.000000e+00,0.000000e+00
1.000000e+00,0.000000e+00,0.000000e+00,0.000000e+00,0.000000e+00,0.000000e+00,0.000000e+00,0.000000e+00,0.000000e+00,0.000000e+00,0.000000e+00,0.000000e+00,0.000000e+00,0.000000e+00,0.000000e+00
1.000000e+00,0.000000e+00,0.000000e+00,0.000000e+00,0.000000e+00,0.000000e+00,0.000000e+00,0.000000e+00,0.000000e+00,0.000000e+00,0.000000e+00,0.000000e+00,0.000000e+00,0.000000e+00,0.000000e+00
1.000000e+00,0.000000e+00,0.000000e+00,0.000000e+00,0.000000e+00,0.000000e+00,0.000000e+00,0.000000e+00,0.000000e+00,0.000000e+00,0.000000e+00,0.000000e+00,0.000000e+00,0.000000e+00,0.000000e+00
1.000000e+00,0.000000e+00,0.000000e+00,0.000000e+00,0.000000e+00,0.000000e+00,0.000000e+00,0.000000e+00,0.000000e+00,0.000000e+00,0.000000e+00,0.000000e+00,0.000000e+00,0.000000e+00,0.000000e+00
1.000000e+00,0.000000e+00,0.000000e+00,0.000000e+00,0.000000e+00,0.000000e+00,0.000000e+00,0.000000e+00,0.000000e+00,0.000000e+00,0.000000e+00,0.000000e+00,0.000000e+00,0.000000e+00,0.000000e+00
1.000000e+00,0.000000e+00,0.000000e+00,0.000000e+00,0.000000e+00,0.000000e+00,0.000000e+00,0.000000e+00,0.000000e+00,0.000000e+00,0.000000e+00,0.000000e+00,0.000000e+00,0.000000e+00,0.000000e+00
1.000000e+00,0.000000e+00,0.000000e+00,0.000000e+00,0.000000e+00,0.000000e+00,0.000000e+00,0.000000e+00,0.000000e+00,0.000000e+00,0.000000e+00,0.000000e+00,0.000000e+00,0.000000e+00,0.000000e+00
1.000000e+00,0.000000e+00,0.000000e+00,0.000000e+00,0.000000e+00,0.000000e+00,0.000000e+00,0.000000e+00,0.000000e+00,0.000000e+00,0.000000e+00,0.000000e+00,0.000000e+00,0.000000e+00,0.000000e+00
1.000000e+00,0.000000e+00,0.000000e+00,0.000000e+00,0.000000e+00,0.000000e+00,0.000000e+00,0.000000e+00,0.000000e+00,0.000000e+00,0.000000e+00,0.000000e+00,0.000000e+00,0.000000e+00,0.000000e+00
1.000000e+00,0.000000e+00,0.000000e+00,0.000000e+00,0.000000e+00,0.000000e+00,0.000000e+00,0.000000e+00,0.000000e+00,0.000000e+00,0.000000e+00,0.000000e+00,0.000000e+00,0.000000e+00,0.000000e+00
1.000000e+00,0.000000e+00,0.000000e+00,0.000000e+00,0.000000e+00,0.000000e+00,0.000000e+00,0.000000e+00,0.000000e+00,0.000000e+00,0.000000e+00,0.000000e+00,0.000000e+00,0.000000e+00,0.000000e+00
1.000000e+00,0.000000e+00,0.000000e+00,0.000000e+00,0.000000e+00,0.000000e+00,0.000000e+00,0.000000e+00,0.000000e+00,0.000000e+00,0.000000e+00,0.000000e+00,0.000000e+00,0.000000e+00,0.000000e+00
1.000000e+00,0.000000e+00,0.000000e+00,0.000000e+00,0.000000e+00,0.000000e+00,0.000000e+00,0.000000e+00,0.000000e+00,0.000000e+00,0.000000e+00,0.000000e+00,0.000000e+00,0.000000e+00,0.000000e+00
1.000000e+00,0.000000e+00,0.000000e+00,0.000000e+00,0.000000e+00,0.000000e+00,0.000000e+00,0.000000e+00,0.000000e+00,0.000000e+00,0.000000e+00,0.000000e+00,0.000000e+00,0.000000e+00,0.000000e+00
1.000000e+00,0.000000e+00,0.000000e+00,0.000000e+00,0.000000e+00,0.000000e+00,0.000000e+00,0.000000e+00,0.000000e+00,0.000000e+00,0.000000e+00,0.000000e+00,0.000000e+00,0.000000e+00,0.000000e+00
1.000000e+00,0.000000e+00,0.000000e+00,0.000000e+00,0.000000e+00,0.000000e+00,0.000000e+00,0.000000e+00,0.000000e+00,0.000000e+00,0.000000e+00,0.000000e+00,0.000000e+00,0.000000e+00,0.000000e+00
1.000000e+00,0.000000e+00,0.000000e+00,0.000000e+00,0.000000e+00,0.000000e+00,0.000000e+00,0.000000e+00,0.000000e+00,0.000000e+00,0.000000e+00,0.000000e+00,0.000000e+00,0.000000e+00,0.000000e+00
1.000000e+00,0.000000e+00,0.000000e+00,0.000000e+00,0.000000e+00,0.000000e+00,0.000000e+00,0.000000e+00,0.000000e+00,0.000000e+00,0.000000e+00,0.000000e+00,0.000000e+00,0.000000e+00,0.000000e+00
1.000000e+00,0.000000e+00,0.000000e+00,0.000000e+00,0.000000e+00,0.000000e+00,0.000000e+00,0.000000e+00,0.000000e+00,0.000000e+00,0.000000e+00,0.000000e+00,0.000000e+00,0.000000e+00,0.000000e+00
1.000000e+00,0.000000e+00,0.000000e+00,0.000000e+00,0.000000e+00,0.000000e+00,0.000000e+00,0.000000e+00,0.000000e+00,0.000000e+00,0.000000e+00,0.000000e+00,0.000000e+00,0.000000e+00,0.000000e+00
1.000000e+00,0.000000e+00,0.000000e+00,0.000000e+00,0.000000e+00,0.000000e+00,0.000000e+00,0.000000e+00,0.000000e+00,0.000000e+00,0.000000e+00,0.000000e+00,0.000000e+00,0.000000e+00,0.000000e+00
1.000000e+00,0.000000e+00,0.000000e+00,0.000000e+00,0.000000e+00,0.000000e+00,0.000000e+00,0.000000e+00,0.000000e+00,0.000000e+00,0.000000e+00,0.000000e+00,0.000000e+00,0.000000e+00,0.000000e+00
1.000000e+00,0.000000e+00,0.000000e+00,0.000000e+00,0.000000e+00,0.000000e+00,0.000000e+00,0.000000e+00,0.000000e+00,0.000000e+00,0.000000e+00,0.000000e+00,0.000000e+00,0.000000e+00,0.000000e+00
1.000000e+00,0.000000e+00,0.000000e+00,0.000000e+00,0.000000e+00,0.000000e+00,0.000000e+00,0.000000e+00,0.000000e+00,0.000000e+00,0.000000e+00,0.000000e+00,0.000000e+00,0.000000e+00,0.000000e+00
1.000000e+00,0.000000e+00,0.000000e+00,0.000000e+00,0.000000e+00,0.000000e+00,0.000000e+00,0.000000e+00,0.000000e+00,0.000000e+00,0.000000e+00,0.000000e+00,0.000000e+00,0.000000e+00,0.000000e+00
1.000000e+00,0.000000e+00,0.000000e+00,0.000000e+00,0.000000e+00,0.000000e+00,0.000000e+00,0.000000e+00,0.000000e+00,0.000000e+00,0.000000e+00,0.000000e+00,0.000000e+00,0.000000e+00,0.000000e+00
1.000000e+00,0.000000e+00,0.000000e+00,0.000000e+00,0.000000e+00,0.000000e+00,0.000000e+00,0.000000e+00,0.000000e+00,0.000000e+00,0.000000e+00,0.000000e+00,0.000000e+00,0.000000e+00,0.000000e+00
1.000000e+00,0.000000e+00,0.000000e+00,0.000000e+00,0.000000e+00,0.000000e+00,0.000000e+00,0.000000e+00,0.000000e+00,0.000000e+00,0.000000e+00,0.000000e+00,0.000000e+00,0.000000e+00,0.000000e+00
1.000000e+00,0.000000e+00,0.000000e+00,0.000000e+00,0.000000e+00,0.000000e+00,0.000000e+00,0.000000e+00,0.000000e+00,0.000000e+00,0.000000e+00,0.000000e+00,0.000000e+00,0.000000e+00,0.000000e+00
1.000000e+00,0.000000e+00,0.000000e+00,0.000000e+00,0.000000e+00,0.000000e+00,0.000000e+00,0.000000e+00,0.000000e+00,0.000000e+00,0.000000e+00,0.000000e+00,0.000000e+00,0.000000e+00,0.000000e+00
1.000000e+00,0.000000e+00,0.000000e+00,0.000000e+00,0.000000e+00,0.000000e+00,0.000000e+00,0.000000e+00,0.000000e+00,0.000000e+00,0.000000e+00,0.000000e+00,0.000000e+00,0.000000e+00,0.000000e+00
1.000000e+00,0.000000e+00,0.000000e+00,0.000000e+00,0.000000e+00,0.000000e+00,0.000000e+00,0.000000e+00,0.000000e+00,0.000000e+00,0.000000e+00,0.000000e+00,0.000000e+00,0.000000e+00,0.000000e+00
1.000000e+00,0.000000e+00,0.000000e+00,0.000000e+00,0.000000e+00,0.000000e+00,0.000000e+00,0.000000e+00,0.000000e+00,0.000000e+00,0.000000e+00,0.000000e+00,0.000000e+00,0.000000e+00,0.000000e+00
1.000000e+00,0.000000e+00,0.000000e+00,0.000000e+00,0.000000e+00,0.000000e+00,0.000000e+00,0.000000e+00,0.000000e+00,0.000000e+00,0.000000e+00,0.000000e+00,0.000000e+00,0.000000e+00,0.000000e+00
1.000000e+00,0.000000e+00,0.000000e+00,0.000000e+00,0.000000e+00,0.000000e+00,0.000000e+00,0.000000e+00,0.000000e+00,0.000000e+00,0.000000e+00,0.000000e+00,0.000000e+00,0.000000e+00,0.000000e+00
1.000000e+00,0.000000e+00,0.000000e+00,0.000000e+00,0.000000e+00,0.000000e+00,0.000000e+00,0.000000e+00,0.000000e+00,0.000000e+00,0.000000e+00,0.000000e+00,0.000000e+00,0.000000e+00,0.000000e+00
1.000000e+00,0.000000e+00,0.000000e+00,0.000000e+00,0.000000e+00,0.000000e+00,0.000000e+00,0.000000e+00,0.000000e+00,0.000000e+00,0.000000e+00,0.000000e+00,0.000000e+00,0.000000e+00,0.000000e+00
1.000000e+00,0.000000e+00,0.000000e+00,0.000000e+00,0.000000e+00,0.000000e+00,0.000000e+00,0.000000e+00,0.000000e+00,0.000000e+00,0.000000e+00,0.000000e+00,0.000000e+00,0.000000e+00,0.000000e+00
1.000000e+00,0.000000e+00,0.000000e+00,0.000000e+00,0.000000e+00,0.000000e+00,0.000000e+00,0.000000e+00,0.000000e+00,0.000000e+00,0.000000e+00,0.000000e+00,0.000000e+00,0.000000e+00,0.000000e+00
1.000000e+00,0.000000e+00,0.000000e+00,0.000000e+00,0.000000e+00,0.000000e+00,0.000000e+00,0.000000e+00,0.000000e+00,0.000000e+00,0.000000e+00,0.000000e+00,0.000000e+00,0.000000e+00,0.000000e+00
1.000000e+00,0.000000e+00,0.000000e+00,0.000000e+00,0.000000e+00,0.000000e+00,0.000000e+00,0.000000e+00,0.000000e+00,0.000000e+00,0.000000e+00,0.000000e+00,0.000000e+00,0.000000e+00,0.000000e+00
3.702785e-01,1.196117e-02,3.582647e-02,4.003525e-02,5.044712e-03,1.270977e-01,3.048071e-01,2.238505e-02,3.489791e-03,8.511469e-04,5.184182e-03,2.163469e-02,3.744036e-02,1.195844e-03,1.276807e-02
2.615196e-01,8.435762e-03,2.569395e-02,2.815281e-02,3.830110e-03,1.224591e-01,4.642670e-01,2.345052e-02,2.477541e-03,6.456525e-04,3.646058e-03,1.529021e-02,3.024342e-02,8.461148e-04,9.042127e-03
1.847770e-01,5.920789e-03,1.810310e-02,1.972918e-02,2.801869e-03,9.143464e-02,6.086671e-01,2.463259e-02,1.743019e-03,4.593048e-04,2.561336e-03,1.074384e-02,2.147000e-02,5.995002e-04,6.356608e-03
1.299213e-01,4.155296e-03,1.286105e-02,1.383381e-02,2.052663e-03,6.551584e-02,7.206379e-01,2.000230e-02,1.227170e-03,3.243916e-04,1.796303e-03,7.549357e-03,1.523389e-02,4.242784e-04,4.464465e-03
9.178796e-02,2.920484e-03,9.184749e-03,9.708876e-03,1.487851e-03,4.690514e-02,7.971537e-01,1.896069e-02,8.665110e-04,2.291335e-04,1.262501e-03,5.304459e-03,1.077751e-02,3.022035e-04,3.148281e-03
6.830930e-02,2.084617e-03,6.655837e-03,6.853918e-03,1.151196e-03,3.477895e-02,8.375357e-01,2.682391e-02,6.215944e-04,1.668963e-04,9.047521e-04,3.767745e-03,7.824058e-03,2.258644e-04,2.295584e-03
6.895483e-02,1.681291e-03,5.027078e-03,5.042891e-03,1.008007e-03,2.894721e-02,8.442590e-01,3.223193e-02,5.006563e-04,1.354411e-04,7.125947e-04,2.906976e-03,6.325013e-03,1.874377e-04,2.079544e-03
8.181962e-02,1.492950e-03,4.144826e-03,3.841346e-03,1.650091e-03,2.528881e-02,8.211775e-01,4.684112e-02,5.212527e-04,2.122537e-04,7.027218e-04,2.995653e-03,6.369719e-03,2.340497e-04,2.708086e-03
1.005066e-01,1.714356e-03,3.418837e-03,3.457457e-03,3.815730e-03,3.208186e-02,7.844281e-01,4.959877e-02,5.916869e-04,3.471118e-04,9.665181e-04,4.507183e-03,1.056329e-02,2.641606e-04,3.738362e-03
9.410973e-02,2.121875e-03,3.048070e-03,4.298526e-03,5.460700e-03,2.859201e-02,6.907472e-01,6.758496e-02,1.528717e-03,1.738474e-03,4.666053e-03,1.633054e-02,6.984976e-02,1.180677e-03,8.742693e-03
8.114067e-02,1.724862e-03,2.305215e-03,3.473389e-03,4.295937e-03,2.454493e-02,5.915645e-01,5.141621e-02,1.194220e-03,1.720938e-03,6.446477e-03,2.280098e-02,1.902860e-01,1.711067e-03,1.537461e-02
7.100689e-02,1.523029e-03,1.805024e-03,2.946247e-03,3.535091e-03,1.945499e-02,5.581976e-01,3.760289e-02,9.853919e-04,1.635036e-03,7.141289e-03,2.752339e-02,2.461199e-01,2.229042e-03,1.829420e-02
5.869581e-02,1.177622e-03,1.351913e-03,2.157413e-03,5.224770e-03,1.705538e-02,4.604848e-01,2.803973e-02,1.056241e-03,1.764851e-03,1.090902e-02,6.225615e-02,3.185451e-01,3.580111e-03,2.770107e-02
4.972959e-02,2.021799e-03,1.677441e-03,1.654039e-03,1.540474e-02,2.284097e-02,4.118128e-01,2.535041e-02,3.202274e-03,1.640748e-03,1.022380e-02,7.940049e-02,3.415920e-01,4.149821e-03,2.929906e-02
4.095968e-02,1.928460e-03,1.469972e-03,1.519533e-03,4.360569e-02,3.662531e-02,3.206235e-01,2.064237e-02,9.292437e-03,2.757116e-03,1.056540e-02,1.180250e-01,3.551081e-01,5.119035e-03,3.175827e-02
3.523709e-02,2.982068e-03,1.529740e-03,1.256927e-03,6.322701e-02,4.677593e-02,2.506945e-01,1.853465e-02,1.919959e-02,4.003769e-03,9.539465e-03,1.877090e-01,3.264766e-01,5.050477e-03,2.778324e-02
3.269882e-02,4.361690e-03,1.625797e-03,9.718078e-04,9.575202e-02,4.229738e-02,1.936467e-01,2.186066e-02,2.856984e-02,4.656993e-03,9.369814e-03,2.453225e-01,2.932944e-01,4.049443e-03,2.152216e-02
2.409194e-02,3.245057e-03,1.291206e-03,7.783511e-04,9.392344e-02,3.832848e-02,1.389796e-01,2.646832e-02,3.113908e-02,5.389008e-03,1.201468e-02,3.591353e-01,2.457376e-01,3.070412e-03,1.640750e-02
1.981740e-02,2.684318e-03,1.013254e-03,6.000439e-04,8.690436e-02,2.921733e-02,9.857474e-02,2.744449e-02,4.692889e-02,7.205836e-03,1.156612e-02,4.310262e-01,2.217318e-01,2.697399e-03,1.258779e-02
1.573287e-02,2.498432e-03,9.354820e-04,5.907154e-04,1.142960e-01,2.926832e-02,6.965904e-02,2.793364e-02,4.511464e-02,9.541646e-03,1.252059e-02,4.564649e-01,2.013280e-01,2.465248e-03,1.165043e-02
1.222237e-02,2.912948e-03,1.158620e-03,8.016657e-04,1.039948e-01,3.404941e-02,4.925459e-02,2.197910e-02,3.860347e-02,1.041295e-02,1.191271e-02,5.109038e-01,1.901314e-01,2.773026e-03,8.889098e-03
9.682266e-03,3.267946e-03,1.266770e-03,8.217329e-04,8.321273e-02,3.682256e-02,3.457302e-02,1.584574e-02,3.216222e-02,1.063247e-02,1.116440e-02,5.732301e-01,1.773145e-01,3.463714e-03,6.539697e-03
7.800240e-03,2.587508e-03,1.095210e-03,9.790428e-04,6.168025e-02,6.775509e-02,2.436668e-02,1.145401e-02,2.523972e-02,1.007990e-02,9.659464e-03,6.229472e-01,1.456093e-01,3.974750e-03,4.771561e-03
5.807824e-03,1.900213e-03,9.872899e-04,9.353809e-04,4.407306e-02,7.254675e-02,1.724681e-02,8.101757e-03,2.024471e-02,8.048803e-03,8.542243e-03,6.955372e-01,1.086520e-01,3.906855e-03,3.469116e-03
6.014658e-03,1.492783e-03,8.255536e-04,1.028131e-03,3.126977e-02,5.923803e-02,1.328098e-02,5.848857e-03,1.709659e-02,1.196642e-02,8.455234e-03,7.529334e-01,8.163765e-02,6.198108e-03,2.713760e-03
4.911613e-03,1.295266e-03,9.572761e-04,8.644627e-04,2.343781e-02,4.263176e-02,1.000200e-02,4.350316e-03,1.511389e-02,1.342898e-02,7.168653e-03,8.075934e-01,6.042803e-02,5.853301e-03,1.963219e-03
5.551696e-03,1.249670e-03,1.170737e-03,7.811062e-04,1.749505e-02,3.209019e-02,7.370999e-03,3.274013e-03,1.453366e-02,1.280110e-02,7.517625e-03,8.441973e-01,4.414753e-02,6.319038e-03,1.500312e-03
1.925083e-02,1.181689e-03,9.792689e-04,7.300821e-04,1.255785e-02,2.398735e-02,5.314610e-03,2.459025e-03,1.206662e-02,1.594687e-02,1.133256e-02,8.535562e-01,3.133966e-02,7.714665e-03,1.582765e-03
2.707499e-02,1.147150e-03,8.440018e-04,6.483541e-04,9.021925e-03,1.781079e-02,3.755288e-03,1.808280e-03,1.047136e-02,1.318634e-02,1.285288e-02,8.704498e-01,2.226230e-02,6.800218e-03,1.866309e-03
2.853588e-02,1.062564e-03,7.250102e-04,5.333460e-04,6.444403e-03,1.326552e-02,2.651549e-03,1.332585e-03,8.554235e-03,1.104936e-02,1.209228e-02,8.903837e-01,1.580011e-02,5.750312e-03,1.819135e-03
3.186160e-02,8.239973e-04,7.019116e-04,4.529981e-04,4.697076e-03,2.056666e-02,2.072437e-03,1.273067e-03,6.295344e-03,8.684657e-03,1.141610e-02,8.939208e-01,1.131119e-02,4.462615e-03,1.459523e-03
3.893076e-02,7.255074e-04,6.648414e-04,5.106858e-04,3.524567e-03,1.669162e-02,1.549390e-03,1.207588e-03,4.921701e-03,8.102591e-03,1.046264e-02,8.994322e-01,8.241648e-03,3.743886e-03,1.290444e-03
3.638264e-02,5.452249e-04,5.374386e-04,4.268434e-04,2.544004e-03,1.325615e-02,1.146305e-03,1.042848e-03,3.673959e-03,7.355788e-03,1.585298e-02,9.072324e-01,5.915117e-03,3.096483e-03,9.918825e-04
3.182882e-02,4.547302e-04,4.840410e-04,4.435756e-04,1.907271e-03,1.029269e-02,8.437596e-04,9.215525e-04,2.869720e-03,6.642041e-03,1.421397e-02,9.212058e-01,4.303656e-03,2.819094e-03,7.693221e-04
2.847418e-02,4.453514e-04,5.317690e-04,4.574354e-04,1.506869e-03,8.796776e-03,6.479710e-04,8.714666e-04,2.377852e-03,5.956931e-03,1.896722e-02,9.245050e-01,3.115205e-03,2.639205e-03,7.068235e-04
2.480801e-02,4.313145e-04,4.449111e-04,4.440147e-04,1.260627e-03,7.006098e-03,4.954302e-04,7.226290e-04,2.026393e-03,4.766779e-03,1.936765e-02,9.327965e-01,2.313176e-03,2.438921e-03,6.776254e-04
2.785912e-02,6.937156e-04,7.213993e-04,6.376300e-04,1.538571e-03,8.222698e-03,4.875352e-04,7.896256e-04,2.078415e-03,3.866366e-03,1.878936e-02,9.290956e-01,1.771905e-03,2.406921e-03,1.041073e-03
2.700765e-02,1.307474e-03,1.444386e-03,8.723986e-04,2.797588e-03,1.372306e-02,8.037068e-04,1.118442e-03,1.778454e-03,2.928654e-03,2.667395e-02,9.144107e-01,1.342495e-03,2.143681e-03,1.647303e-03
2.235802e-02,1.992278e-03,1.585204e-03,9.756639e-04,3.755499e-03,1.193624e-02,1.115669e-03,1.213604e-03,1.440424e-03,2.208575e-03,3.275508e-02,9.141630e-01,1.162726e-03,1.933781e-03,1.404271e-03
1.930214e-02,1.896509e-03,1.549087e-03,9.372388e-04,4.096675e-03,9.881499e-03,1.222650e-03,1.512122e-03,1.247516e-03,1.731158e-03,3.099244e-02,9.216882e-01,1.056045e-03,1.702591e-03,1.184137e-03
1.762822e-02,2.126335e-03,1.835857e-03,8.924258e-04,5.476819e-03,1.052208e-02,1.830548e-03,1.901655e-03,1.319089e-03,1.497679e-03,3.814027e-02,9.128377e-01,1.012502e-03,1.823757e-03,1.155084e-03
1.652645e-02,4.286851e-03,2.474009e-03,1.148224e-03,1.502796e-02,1.071600e-02,2.790270e-03,3.104924e-03,2.741215e-03,1.348558e-03,4.998292e-02,8.855191e-01,1.183300e-03,1.750374e-03,1.399763e-03
1.249562e-02,3.452305e-03,2.161450e-03,8.730806e-04,1.268242e-02,1.361912e-02,4.290888e-03,2.947361e-03,2.420835e-03,2.968703e-03,5.982502e-02,8.771492e-01,1.245315e-03,2.283537e-03,1.585065e-03
1.029213e-02,2.865109e-03,2.106432e-03,6.596772e-04,1.006433e-02,1.341307e-02,4.029581e-03,2.713954e-03,2.600895e-03,4.230619e-02,1.028088e-01,7.992212e-01,1.123885e-03,3.446426e-03,2.348255e-03
8.264700e-03,4.205378e-03,3.400125e-03,5.527479e-04,1.219272e-02,1.276431e-02,4.139784e-03,2.795738e-03,6.401861e-03,6.251024e-02,1.684447e-01,6.983637e-01,1.305256e-03,7.113753e-03,7.545084e-03
7.987622e-03,6.746737e-03,5.356998e-03,7.456780e-04,1.317713e-02,1.073087e-02,3.915191e-03,3.601037e-03,1.785290e-02,7.971427e-02,2.800349e-01,5.420430e-01,1.601453e-03,1.050737e-02,1.598483e-02
7.034786e-03,8.445169e-03,4.713169e-03,7.697457e-04,1.137484e-02,9.187113e-03,3.159875e-03,3.207483e-03,3.596991e-02,9.423025e-02,3.556949e-01,4.275402e-01,1.802844e-03,1.669417e-02,2.017554e-02
7.265378e-03,4.656797e-02,9.348903e-03,8.185995e-04,1.050125e-02,9.952532e-03,2.393581e-03,2.833658e-03,5.106585e-02,1.082541e-01,3.165501e-01,3.440792e-01,2.360083e-03,2.736457e-02,6.064422e-02
9.091930e-03,4.438971e-02,1.946916e-02,1.484619e-03,2.274559e-02,2.503690e-02,2.439431e-03,7.991672e-03,6.036567e-02,1.098310e-01,3.118781e-01,2.752055e-01,3.546908e-03,2.588171e-02,8.064204e-02
1.201256e-02,3.896716e-02,2.493474e-02,1.601302e-03,3.459237e-02,3.570754e-02,3.353109e-03,1.027742e-02,5.006608e-02,8.459982e-02,3.869492e-01,2.152104e-01,4.716881e-03,1.992613e-02,7.708527e-02
1.381400e-02,2.960409e-02,1.948391e-02,1.358222e-03,2.816807e-02,3.061476e-02,2.430355e-03,1.040170e-02,1.003184e-01,6.267820e-02,3.469774e-01,1.537383e-01,4.254167e-03,3.000713e-02,1.661512e-01
1.460960e-02,2.353558e-02,1.893058e-02,2.049954e-03,3.672763e-02,2.521311e-02,1.895155e-03,2.456044e-02,1.794104e-01,5.023818e-02,3.183815e-01,1.130083e-01,3.864405e-03,4.046909e-02,1.471060e-01
1.883572e-02,2.262716e-02,1.894688e-02,3.522560e-03,3.568542e-02,2.775096e-02,1.640333e-03,5.095640e-02,2.094157e-01,3.969592e-02,2.527306e-01,8.277642e-02,5.921270e-03,9.447150e-02,1.350231e-01
3.976150e-02,1.925420e-02,1.597987e-02,5.035994e-03,4.702117e-02,2.391916e-02,1.869458e-03,5.671389e-02,1.965478e-01,2.907892e-02,2.213843e-01,6.049652e-02,9.198223e-03,1.562041e-01,1.175349e-01
4.439090e-02,1.730923e-02,1.381400e-02,6.662716e-03,5.225498e-02,2.005629e-02,1.797519e-03,5.542598e-02,1.820288e-01,2.109856e-02,1.874461e-01,4.397778e-02,1.063676e-02,2.492944e-01,9.380594e-02
6.102455e-02,1.667216e-02,1.466536e-02,1.552804e-02,7.583036e-02,1.916899e-02,1.654102e-03,6.889149e-02,1.474703e-01,1.567838e-02,1.475559e-01,3.132492e-02,8.817733e-03,3.001477e-01,7.556998e-02
8.157612e-02,1.567141e-02,1.825215e-02,4.911354e-02,7.557751e-02,2.179951e-02,1.588276e-03,6.265050e-02,1.122028e-01,1.136842e-02,1.087804e-01,2.244798e-02,6.909304e-03,3.564461e-01,5.561589e-02
1.040323e-01,2.896370e-02,2.881628e-02,6.665669e-02,6.514439e-02,4.055339e-02,1.812619e-03,4.731057e-02,9.111709e-02,9.006835e-03,9.516726e-02,1.734290e-02,8.058559e-03,3.417425e-01,5.427493e-02
1.052185e-01,6.898345e-02,4.015995e-02,7.993746e-02,7.494688e-02,7.128147e-02,4.144723e-03,3.480703e-02,7.925092e-02,6.774447e-03,8.864986e-02,1.377872e-02,9.538870e-03,2.739509e-01,4.857684e-02
1.091148e-01,8.859745e-02,4.307361e-02,7.754148e-02,8.788462e-02,9.522269e-02,6.611956e-03,2.584429e-02,7.260671e-02,5.251746e-03,7.554978e-02,1.131970e-02,9.424304e-03,2.503666e-01,4.159030e-02
1.070706e-01,9.684707e-02,4.542779e-02,1.488416e-01,9.979244e-02,8.613542e-02,7.974009e-03,2.405370e-02,6.972052e-02,4.187028e-03,5.590096e-02,9.451658e-03,1.023327e-02,1.974702e-01,3.689383e-02
1.123149e-01,8.918237e-02,5.902841e-02,1.908849e-01,1.000775e-01,7.463892e-02,8.241969e-03,2.442635e-02,7.346822e-02,4.835267e-03,4.078432e-02,7.342480e-03,1.639023e-02,1.568663e-01,4.151784e-02
1.379156e-01,9.046184e-02,6.228297e-02,1.695735e-01,1.306088e-01,5.989879e-02,7.943505e-03,3.007106e-02,9.903418e-02,5.381298e-03,3.085091e-02,6.579692e-03,1.779431e-02,1.160088e-01,3.559479e-02
2.121819e-01,8.372013e-02,5.485640e-02,1.336288e-01,1.181866e-01,5.519487e-02,7.643119e-03,2.951217e-02,1.170197e-01,7.511025e-03,2.433922e-02,5.700107e-03,2.526937e-02,8.369999e-02,4.153672e-02
2.781371e-01,7.194924e-02,4.986962e-02,1.076161e-01,9.981913e-02,5.352198e-02,7.425257e-03,2.780579e-02,1.391117e-01,9.046910e-03,2.004657e-02,7.709943e-03,2.657655e-02,6.074164e-02,4.062250e-02
3.458379e-01,6.418960e-02,4.078556e-02,8.149140e-02,7.833143e-02,8.033436e-02,7.054051e-03,2.860343e-02,1.213491e-01,8.318678e-03,1.640735e-02,7.198983e-03,3.478842e-02,4.423986e-02,4.106995e-02
3.546196e-01,4.995956e-02,3.240085e-02,6.255607e-02,6.165481e-02,1.487830e-01,7.611284e-03,2.608397e-02,9.237929e-02,6.770580e-03,1.281251e-02,7.391219e-03,6.563605e-02,3.195266e-02,3.938857e-02
3.871141e-01,3.925521e-02,2.791977e-02,4.897132e-02,4.661060e-02,1.805979e-01,9.494025e-03,2.317419e-02,7.846574e-02,7.290787e-03,1.095049e-02,1.122751e-02,6.729227e-02,2.346655e-02,3.816953e-02
3.276238e-01,3.000298e-02,2.033804e-02,3.679334e-02,3.349728e-02,2.046335e-01,8.863901e-03,1.822048e-02,5.734494e-02,5.732836e-03,8.635857e-03,9.303142e-03,1.861357e-01,1.667275e-02,3.620137e-02
2.313164e-01,2.148757e-02,1.436165e-02,2.611495e-02,2.379772e-02,1.547417e-01,6.523635e-03,1.292795e-02,4.073645e-02,4.087815e-03,6.288028e-03,6.835511e-03,3.992231e-01,1.172002e-02,3.983744e-02
1.658751e-01,1.573665e-02,1.203442e-02,1.946618e-02,1.828873e-02,1.229846e-01,7.422193e-03,9.362344e-03,3.239453e-02,3.877005e-03,6.830133e-03,7.985244e-03,5.154495e-01,8.893745e-03,5.339966e-02
1.217303e-01,1.145177e-02,1.002663e-02,1.433837e-02,1.408096e-02,1.395660e-01,1.197020e-02,7.146756e-03,2.447167e-02,4.264346e-03,6.791194e-03,1.415131e-02,5.022532e-01,6.542908e-03,1.112143e-01
8.622595e-02,8.060580e-03,7.156797e-03,1.015782e-02,1.003231e-02,3.055786e-01,9.004838e-03,5.024249e-03,1.728461e-02,3.288018e-03,6.056223e-03,1.740543e-02,4.177979e-01,4.686506e-03,9.224018e-02
6.419589e-02,5.680122e-03,5.506910e-03,7.824618e-03,8.542768e-03,3.903661e-01,6.734659e-03,3.802043e-03,1.286179e-02,3.137969e-03,9.761352e-03,2.980882e-02,3.419970e-01,3.414104e-03,1.063659e-01
4.594191e-02,4.022435e-03,4.042596e-03,6.304973e-03,8.178601e-03,4.126043e-01,4.812831e-03,2.835966e-03,1.185156e-02,3.255007e-03,2.098163e-02,5.461220e-02,3.297544e-01,2.451673e-03,8.834988e-02
4.240878e-02,5.428924e-03,4.558937e-03,6.042732e-03,6.589983e-02,2.993340e-01,5.099281e-03,5.124666e-03,1.157657e-01,4.131510e-03,2.295509e-02,7.828042e-02,2.740080e-01,1.798679e-03,6.916354e-02
3.999751e-02,7.225948e-03,5.286154e-03,5.978490e-03,8.516708e-02,2.132351e-01,9.352507e-03,7.244835e-03,2.610178e-01,4.197204e-03,1.931357e-02,6.199826e-02,2.082287e-01,1.375544e-03,7.038138e-02
3.425111e-02,1.034163e-02,4.784291e-03,6.790988e-03,7.601205e-02,1.569273e-01,7.304247e-03,6.129939e-03,4.239872e-01,3.646846e-03,1.699832e-02,4.670291e-02,1.506861e-01,1.123108e-03,5.431390e-02
4.243712e-02,1.091799e-02,5.003802e-03,2.633109e-02,7.425907e-02,1.167047e-01,6.067093e-03,1.051627e-02,5.105736e-01,3.124257e-03,1.345117e-02,3.355192e-02,1.072339e-01,9.449456e-04,3.888296e-02
7.699920e-02,9.587032e-03,4.443657e-03,2.041629e-02,7.133458e-02,1.130354e-01,5.510566e-03,1.036941e-02,5.436227e-01,2.650516e-03,1.040938e-02,2.409734e-02,7.808732e-02,8.015457e-04,2.863503e-02
1.768280e-01,8.426351e-03,4.743487e-03,1.689240e-02,8.374971e-02,1.390412e-01,9.295570e-03,1.349212e-02,4.351075e-01,2.861934e-03,9.585172e-03,2.027258e-02,5.747718e-02,1.349936e-03,2.087678e-02
2.198354e-01,8.995382e-03,5.186009e-03,1.350926e-02,7.573838e-02,1.170075e-01,1.117915e-02,1.700525e-02,4.377902e-01,4.391226e-03,8.754295e-03,2.001300e-02,4.292695e-02,1.525493e-03,1.614251e-02
2.379775e-01,2.209966e-02,1.432227e-02,1.817800e-02,6.083949e-02,1.085157e-01,1.007687e-02,1.490622e-02,3.544174e-01,1.665751e-02,1.420358e-02,2.888183e-02,4.901201e-02,3.010813e-03,4.690112e-02
2.595444e-01,2.687012e-02,1.438488e-02,1.520673e-02,4.919769e-02,1.111300e-01,8.220526e-03,2.193907e-02,3.462372e-01,1.550994e-02,2.049907e-02,2.570364e-02,4.301891e-02,5.378665e-03,3.715919e-02
2.323200e-01,3.010222e-02,1.322941e-02,2.186417e-02,3.950671e-02,1.159111e-01,7.267495e-03,6.315970e-02,2.872311e-01,1.795274e-02,2.913018e-02,3.465014e-02,6.084016e-02,6.887086e-03,3.994779e-02
2.282315e-01,3.142404e-02,1.110578e-02,1.903542e-02,2.980768e-02,9.232285e-02,5.473391e-03,4.803744e-02,3.035383e-01,1.798944e-02,3.780566e-02,3.040973e-02,5.406302e-02,3.435980e-02,5.639596e-02
2.116791e-01,3.495174e-02,9.231947e-03,1.444605e-02,2.460458e-02,7.661063e-02,4.198320e-03,3.558936e-02,2.902403e-01,1.749274e-02,4.760886e-02,2.316829e-02,4.490480e-02,6.416336e-02,1.011100e-01
1.553431e-01,4.477875e-02,7.659451e-03,1.188038e-02,1.830683e-02,5.540115e-02,3.017011e-03,2.522545e-02,3.659340e-01,2.432685e-02,3.506864e-02,1.662650e-02,3.471126e-02,5.122407e-02,1.504966e-01
1.119291e-01,4.371072e-02,5.726723e-03,9.642283e-03,1.308732e-02,3.995793e-02,2.170910e-03,1.780196e-02,4.977594e-01,1.818564e-02,2.515544e-02,1.182483e-02,2.574421e-02,4.002390e-02,1.372796e-01
1.000333e-01,5.837896e-02,4.442065e-03,8.020962e-03,1.089965e-02,2.976499e-02,1.712758e-03,1.311905e-02,4.595319e-01,1.422500e-02,1.923517e-02,8.922567e-03,1.911753e-02,3.396279e-02,2.186333e-01
1.363197e-01,9.752026e-02,4.375185e-03,6.864208e-03,9.137352e-03,2.365901e-02,1.352985e-03,9.937838e-03,3.733188e-01,1.071575e-02,1.845505e-02,7.141091e-03,1.513427e-02,4.214928e-02,2.439192e-01
1.815416e-01,1.039795e-01,5.577531e-03,7.095585e-03,1.014476e-02,2.201477e-02,1.461192e-03,1.182094e-02,3.100226e-01,7.887486e-03,1.567447e-02,6.030608e-03,1.260344e-02,6.038367e-02,2.437620e-01
2.090985e-01,8.360265e-02,4.397515e-02,1.431755e-02,1.406106e-02,2.249151e-02,1.640729e-03,9.292021e-03,2.732376e-01,8.718009e-03,1.503209e-02,8.397738e-03,1.164002e-02,5.447303e-02,2.300223e-01
1.706269e-01,6.822488e-02,6.865002e-02,1.239987e-02,1.148211e-02,1.946489e-02,1.194685e-03,6.862634e-03,2.870435e-01,1.244536e-02,2.451942e-02,6.454886e-03,8.974517e-03,9.965880e-02,2.019976e-01
1.429297e-01,5.581709e-02,6.415259e-02,9.482666e-03,8.893230e-03,1.541666e-02,8.695008e-04,4.994716e-03,3.288221e-01,1.445541e-02,5.076770e-02,5.100249e-03,7.580704e-03,1.176788e-01,1.730389e-01
1.283090e-01,4.787000e-02,5.272780e-02,8.852577e-03,9.172284e-03,2.108625e-02,7.851813e-04,4.123663e-03,3.401140e-01,1.537307e-02,4.854622e-02,4.799919e-03,7.155567e-03,1.458873e-01,1.651971e-01
1.216632e-01,4.223538e-02,5.341856e-02,1.067541e-02,8.573828e-03,2.211339e-02,7.473857e-04,3.267036e-03,2.567618e-01,1.564802e-02,3.938480e-02,4.446186e-03,5.762990e-03,2.521019e-01,1.632001e-01
8.645384e-02,2.970094e-02,4.001950e-02,7.505320e-03,6.128348e-03,1.563681e-02,5.341014e-04,2.309493e-03,1.821016e-01,3.963602e-02,2.848519e-02,3.320832e-03,4.269668e-03,4.237301e-01,1.301682e-01
6.841314e-02,2.155351e-02,4.289104e-02,6.008090e-03,5.019383e-03,1.165205e-02,4.580026e-04,2.127350e-03,1.345037e-01,1.223935e-01,2.483697e-02,2.728125e-03,3.706155e-03,4.560779e-01,9.763119e-02
8.947801e-02,1.670408e-02,3.688763e-02,5.619320e-03,5.772098e-03,1.227876e-02,4.346838e-04,1.962771e-03,1.038854e-01,1.815632e-01,2.175458e-02,2.501226e-03,3.992493e-03,4.389202e-01,7.824555e-02
7.861871e-02,1.204372e-02,2.784504e-02,4.284024e-03,4.738992e-03,9.767980e-03,4.262720e-04,1.595716e-03,7.583092e-02,3.844254e-01,1.939025e-02,2.520150e-03,6.322399e-03,3.139927e-01,5.819781e-02
8.321959e-02,8.968634e-03,2.024369e-02,3.480073e-03,6.339245e-03,8.158143e-03,3.784206e-04,1.366704e-03,5.813320e-02,5.107576e-01,1.703597e-02,2.748185e-03,9.575211e-03,2.251195e-01,4.447581e-02
1.475630e-01,7.889582e-03,1.840652e-02,9.553216e-03,2.181447e-02,1.552446e-02,2.399469e-03,3.165142e-02,4.878202e-02,4.522379e-01,1.898568e-02,5.317297e-03,1.998373e-02,1.618330e-01,3.805822e-02
1.664584e-01,6.217263e-03,1.184496e-01,2.291979e-02,1.978098e-02,1.326106e-02,2.834853e-03,8.167849e-02,4.045555e-02,3.371624e-01,1.902950e-02,5.413464e-03,2.344036e-02,1.144274e-01,2.847093e-02
1.465684e-01,5.025470e-03,9.549492e-02,4.798891e-02,1.851330e-02,1.075070e-02,3.060292e-03,2.248523e-01,3.629942e-02,2.605397e-01,1.870022e-02,5.388621e-03,2.275313e-02,8.141145e-02,2.265317e-02
1.313906e-01,4.288234e-03,9.452175e-02,4.838609e-02,2.021364e-02,8.908560e-03,3.472322e-03,3.546146e-01,2.718570e-02,1.956522e-01,1.482280e-02,4.407383e-03,1.797110e-02,5.770158e-02,1.646350e-02
1.214028e-01,4.476609e-03,7.308213e-02,4.544956e-02,1.974694e-02,8.334196e-03,5.381543e-03,4.785128e-01,2.018339e-02,1.419436e-01,1.143694e-02,3.494926e-03,1.365610e-02,4.091162e-02,1.198692e-02
9.112850e-02,4.075954e-03,5.375165e-02,3.662294e-02,1.701909e-02,6.888015e-03,5.218470e-03,6.106778e-01,1.452235e-02,9.976727e-02,8.984901e-03,2.658159e-03,1.098181e-02,2.874763e-02,8.955397e-03
6.686239e-02,3.050321e-03,4.166973e-02,3.031971e-02,1.350912e-02,5.531575e-03,3.980476e-03,7.098897e-01,1.051500e-02,7.000565e-02,7.131897e-03,2.047154e-03,8.582464e-03,2.024607e-02,6.658711e-03
5.612222e-02,3.309706e-03,3.096818e-02,2.792071e-02,2.214522e-02,7.580921e-03,3.056332e-03,7.539061e-01,8.100860e-03,4.926790e-02,8.796532e-03,1.824369e-03,7.675773e-03,1.434724e-02,4.977935e-03
4.457018e-02,2.462948e-03,2.262061e-02,2.128480e-02,3.117884e-02,6.241648e-03,2.294978e-03,8.012313e-01,5.947953e-03,3.451926e-02,6.798617e-03,1.391620e-03,5.665980e-03,1.024393e-02,3.547378e-03
3.487942e-02,1.905899e-03,1.637465e-02,1.585058e-02,4.949639e-02,5.878856e-03,1.782271e-03,8.254192e-01,4.401463e-03,2.417682e-02,5.026120e-03,9.958621e-04,4.033835e-03,7.280714e-03,2.497984e-03
2.749098e-02,1.388765e-03,1.174193e-02,1.141870e-02,4.230871e-02,4.794472e-03,1.354201e-03,8.651102e-01,3.161695e-03,1.693296e-02,3.704894e-03,7.215852e-04,2.898437e-03,5.206305e-03,1.766217e-03
2.219201e-02,1.014183e-03,8.287051e-03,8.115837e-03,3.260752e-02,3.513698e-03,1.020177e-03,8.989438e-01,2.254476e-03,1.185709e-02,2.658215e-03,5.379835e-04,2.096157e-03,3.654368e-03,1.247544e-03
1.909038e-02,7.451118e-04,5.827822e-03,5.776421e-03,2.461950e-02,2.589019e-03,7.635863e-04,9.233754e-01,1.610623e-03,8.302430e-03,1.900533e-03,4.206291e-04,1.534271e-03,2.562018e-03,8.822799e-04
1.527738e-02,5.333021e-04,4.101212e-03,4.107693e-03,1.821617e-02,1.861376e-03,5.564272e-04,9.432518e-01,1.134606e-03,5.812045e-03,1.339726e-03,3.039811e-04,1.088345e-03,1.795653e-03,6.202472e-04
1.466862e-02,3.887156e-04,2.894595e-03,2.923626e-03,1.382064e-02,1.376169e-03,4.319763e-04,9.549401e-01,8.070621e-04,4.069109e-03,9.518447e-04,2.356682e-04,7.931665e-04,1.260077e-03,4.386904e-04
1.393368e-02,2.943838e-04,2.061855e-03,2.104462e-03,1.099575e-02,1.085040e-03,3.824034e-04,9.629285e-01,5.822889e-04,2.850410e-03,7.062663e-04,2.226545e-04,6.357156e-04,8.893882e-04,3.271744e-04
1.465271e-02,2.443491e-04,1.492729e-03,1.532151e-03,9.472732e-03,8.696062e-04,4.552207e-04,9.666275e-01,4.394104e-04,1.999253e-03,5.468118e-04,2.316805e-04,5.426330e-04,6.358068e-04,2.573926e-04
1.537989e-02,2.001335e-04,1.086932e-03,1.133529e-03,7.892323e-03,7.166079e-04,4.699800e-04,9.696508e-01,3.264163e-04,1.402646e-03,4.166652e-04,2.112105e-04,4.523356e-04,4.540599e-04,2.064935e-04
1.530872e-02,1.581051e-04,8.002436e-04,8.328540e-04,6.989474e-03,5.734478e-04,5.830547e-04,9.721767e-01,2.515720e-04,9.840678e-04,3.132665e-04,1.829475e-04,3.640330e-04,3.226411e-04,1.589740e-04
1.662507e-02,1.253617e-04,6.024900e-04,6.171328e-04,5.798497e-03,5.210070e-04,7.644718e-04,9.729354e-01,1.928682e-04,6.939080e-04,2.480198e-04,1.765056e-04,3.230552e-04,2.351706e-04,1.410729e-04
2.012506e-02,1.223265e-04,5.939539e-04,5.336094e-04,5.253385e-03,4.735228e-04,1.009471e-03,9.700020e-01,1.913981e-04,5.046456e-04,2.554823e-04,2.525036e-04,3.551351e-04,1.808012e-04,1.467531e-04
3.613304e-02,2.659654e-04,6.006367e-04,5.050143e-04,6.022750e-03,6.709034e-04,1.130999e-03,9.498774e-01,4.665642e-04,4.303076e-04,5.954732e-04,9.311878e-04,1.804705e-03,2.305221e-04,3.345022e-04
4.110376e-02,5.047161e-04,8.057171e-04,8.722790e-04,1.965524e-02,1.107252e-03,1.960011e-03,9.224019e-01,2.767758e-03,4.382648e-04,1.285492e-03,1.371728e-03,4.870822e-03,2.590823e-04,5.960743e-04
3.495527e-02,5.540515e-04,1.066590e-03,1.512774e-03,2.954012e-02,1.026758e-02,4.464979e-03,7.483991e-01,6.754872e-03,4.780553e-04,2.131080e-03,1.597107e-03,1.564178e-01,2.955077e-04,1.565129e-03
3.658713e-02,6.500771e-04,1.416135e-03,1.781988e-03,4.986964e-02,1.611938e-02,1.509181e-02,6.284889e-01,7.438373e-03,4.811051e-04,2.766769e-03,1.908761e-03,2.338330e-01,2.906261e-04,3.276390e-03
3.592575e-02,8.849793e-04,2.009283e-03,2.056429e-03,7.388753e-02,1.424280e-02,1.430552e-02,4.782506e-01,9.675734e-03,8.594559e-04,9.335744e-03,8.131117e-03,3.470310e-01,3.315609e-04,3.072569e-03
3.101245e-02,7.790492e-04,1.495240e-03,1.558615e-03,6.309510e-02,1.151599e-02,1.126197e-02,3.400569e-01,7.517083e-03,7.163221e-04,1.017810e-02,8.547453e-03,5.077389e-01,2.698599e-04,4.257045e-03
3.065566e-02,6.858520e-04,1.142005e-03,1.196358e-03,5.659701e-02,9.225333e-03,9.089977e-03,2.409901e-01,6.196413e-03,6.932205e-04,1.013904e-02,1.199431e-02,6.165276e-01,2.469509e-04,4.620218e-03
2.418859e-02,5.642530e-04,9.005779e-04,9.412623e-04,4.237103e-02,7.294217e-03,7.009191e-03,1.693575e-01,6.051902e-03,5.544631e-04,7.846166e-03,1.100096e-02,7.179210e-01,2.213953e-04,3.777459e-03
2.064217e-02,4.690413e-04,6.926720e-04,7.077758e-04,3.053335e-02,6.057188e-03,4.990933e-03,1.186518e-01,4.414343e-03,4.326102e-04,6.056640e-03,1.417825e-02,7.890295e-01,2.045672e-04,2.939129e-03
1.651482e-02,3.881426e-04,5.623281e-04,5.424836e-04,2.215101e-02,5.286221e-03,3.783494e-03,8.314413e-02,3.281896e-03,3.290680e-04,4.364901e-03,1.146061e-02,8.458331e-01,1.942692e-04,2.163605e-03
1.307196e-02,3.195586e-04,4.298550e-04,3.916380e-04,1.627502e-02,4.347644e-03,2.836851e-03,5.823310e-02,2.421811e-03,2.666397e-04,3.180625e-03,1.010086e-02,8.863859e-01,1.774666e-04,1.561058e-03
1.074422e-02,3.710222e-04,4.625029e-04,2.956403e-04,1.603423e-02,3.736356e-03,2.135373e-03,4.082349e-02,2.090934e-03,2.341237e-04,2.506452e-03,1.035294e-02,9.088222e-01,2.260293e-04,1.164439e-03
1.155790e-02,4.730258e-04,5.884250e-04,2.500029e-04,1.895409e-02,3.741775e-03,1.613589e-03,2.866988e-02,1.913388e-03,2.575153e-04,2.285950e-03,1.111020e-02,9.173920e-01,2.997161e-04,8.924861e-04
1.149182e-02,5.320155e-04,9.488286e-04,2.336578e-04,2.485497e-02,3.732866e-03,1.251327e-03,2.053123e-02,1.795008e-03,2.430665e-04,1.946530e-03,1.568706e-02,9.158276e-01,2.461379e-04,6.778860e-04
1.817971e-02,1.780323e-03,1.486148e-03,3.403176e-04,3.048735e-02,3.565095e-03,1.193684e-03,1.578753e-02,3.752044e-03,2.830383e-04,1.498530e-03,1.463128e-02,9.061636e-01,2.807001e-04,5.706603e-04
5.019194e-02,2.017331e-03,1.685587e-03,6.301650e-04,3.145310e-02,7.278752e-03,1.219171e-03,1.296986e-02,4.347892e-03,3.045906e-04,1.275947e-03,1.332374e-02,8.725526e-01,2.545833e-04,4.947357e-04
4.959461e-02,1.663468e-03,1.981350e-03,6.332715e-04,2.540958e-02,5.805555e-03,1.099288e-03,1.185685e-02,3.822305e-03,3.268848e-04,9.728147e-04,1.107398e-02,8.851536e-01,1.987383e-04,4.077307e-04
4.553515e-02,1.466372e-03,1.723276e-03,5.078935e-04,2.103205e-02,4.673135e-03,1.068285e-03,8.931572e-03,3.317358e-03,2.692046e-04,7.305145e-04,9.847471e-03,9.004067e-01,1.570281e-04,3.340078e-04
3.484154e-02,1.330100e-03,1.501660e-03,3.862653e-04,1.663043e-02,3.762300e-03,9.086366e-04,7.036477e-03,2.838456e-03,2.013045e-04,5.568923e-04,8.962434e-03,9.206413e-01,1.253371e-04,2.768512e-04
