1.000000e+00,0.000000e+00,0.000000e+00,0.000000e+00,0.000000e+00,0.000000e+00,0.000000e+00,0.000000e+00,0.000000e+00,0.000000e+00,0.000000e+00,0.000000e+00,0.000000e+00,0.000000e+00,0.000000e+00
1.000000e+00,0.000000e+00,0.000000e+00,0.000000e+00,0.000000e+00,0.000000e+00,0.000000e+00,0.000000e+00,0.000000e+00,0.000000e+00,0.000000e+00,0.000000e+00,0.000000e+00,0.000000e+00,0.000000e+00
1.000000e+00,0.000000e+00,0.000000e+00,0.000000e+00,0.000000e+00,0.000000e+00,0.000000e+00,0.000000e+00,0.000000e+00,0.000000e+00,0.000000e+00,0.000000e+00,0.000000e+00,0.000000e+00,0.000000e+00
1.000000e+00,0.000000e+00,0.000000e+00,0.000000e+00,0.000000e+00,0.000000e+00,0.000000e+00,0.000000e+00,0.000000e+00,0.000000e+00,0.000000e+00,0.000000e+00,0.000000e+00,0.000000e+00,0.000000e+00
1.000000e+00,0.000000e+00,0.000000e+00,0.000000e+00,0.000000e+00,0.000000e+00,0.000000e+00,0.000000e+00,0.000000e+00,0.000000e+00,0.000000e+00,0.000000e+00,0.000000e+00,0.000000e+00,0.000000e+00
1.000000e+00,0.000000e+00,0.000000e+00,0.000000e+00,0.000000e+00,0.000000e+00,0.000000e+00,0.000000e+00,0.000000e+00,0.000000e+00,0.000000e+00,0.000000e+00,0.000000e+00,0.000000e+00,0.000000e+00
1.000000e+00,0.000000e+00,0.000000e+00,0.000000e+00,0.000000e+00,0.000000e+00,0.000000e+00,0.000000e+00,0.000000e+00,0.000000e+00,0.000000e+00,0.000000e+00,0.000000e+00,0.000000e+00,0.000000e+00
1.000000e+00,0.000000e+00,0.000000e+00,0.000000e+00,0.000000e+00,0.000000e+00,0.000000e+00,0.000000e+00,0.000000e+00,0.000000e+00,0.000000e+00,0.000000e+00,0.000000e+00,0.000000e+00,0.000000e+00
1.000000e+00,0.000000e+00,0.000000e+00,0.000000e+00,0.000000e+00,0.000000e+00,0.000000e+00,0.000000e+00,0.000000e+00,0.000000e+00,0.000000e+00,0.000000e+00,0.000000e+00,0.000000e+00,0.000000e+00
1.000000e+00,0.000000e+00,0.000000e+00,0.000000e+00,0.000000e+00,0.000000e+00,0.000000e+00,0.000000e+00,0.000000e+00,0.000000e+00,0.000000e+00,0.000000e+00,0.000000e+00,0.000000e+00,0.000000e+00
1.000000e+00,0.000000e+00,0.000000e+00,0.000000e+00,0.000000e+00,0.000000e+00,0.000000e+00,0.000000e+00,0.000000e+00,0.000000e+00,0.000000e+00,0.000000e+00,0.000000e+00,0.000000e+00,0.000000e+00
1.000000e+00,0.000000e+00,0.000000e+00,0.000000e+00,0.000000e+00,0.000000e+00,0.000000e+00,0.000000e+00,0.000000e+00,0.000000e+00,0.000000e+00,0.000000e+00,0.000000e+00,0.000000e+00,0.000000e+00
1.000000e+00,0.000000e+00,0.000000e+00,0.000000e+00,0.000000e+00,0.000000e+00,0.000000e+00,0.000000e+00,0.000000e+00,0.000000e+00,0.000000e+00,0.000000e+00,0.000000e+00,0.000000e+00,0.000000e+00
1.000000e+00,0.000000e+00,0.000000e+00,0.000000e+00,0.000000e+00,0.000000e+00,0.000000e+00,0.000000e+00,0.000000e+00,0.000000e+00,0.000000e+00,0.000000e+00,0.000000e+00,0.000000e+00,0.000000e+00
1.000000e+00,0.000000e+00,0.000000e+00,0.000000e+00,0.000000e+00,0.000000e+00,0.000000e+00,0.000000e+00,0.000000e+00,0.000000e+00,0.000000e+00,0.000000e+00,0.000000e+00,0.000000e+00,0.000000e+00
1.000000e+00,0.000000e+00,0.000000e+00,0.000000e+00,0.000000e+00,0.000000e+00,0.000000e+00,0.000000e+00,0.000000e+00,0.000000e+00,0.000000e+00,0.000000e+00,0.000000e+00,0.000000e+00,0.000000e+00
1.000000e+00,0.000000e+00,0.000000e+00,0.000000e+00,0.000000e+00,0.000000e+00,0.000000e+00,0.000000e+00,0.000000e+00,0.000000e+00,0.000000e+00,0.000000e+00,0.000000e+00,0.000000e+00,0.000000e+00
1.000000e+00,0.000000e+00,0.000000e+00,0.000000e+00,0.000000e+00,0.000000e+00,0.000000e+00,0.000000e+00,0.000000e+00,0.000000e+00,0.000000e+00,0.000000e+00,0.000000e+00,0.000000e+00,0.000000e+00
1.000000e+00,0.000000e+00,0.000000e+00,0.000000e+00,0.000000e+00,0.000000e+00,0.000000e+00,0.000000e+00,0.000000e+00,0.000000e+00,0.000000e+00,0.000000e+00,0.000000e+00,0.000000e+00,0.000000e+00
1.000000e+00,0.000000e+00,0.000000e+00,0.000000e+00,0.000000e+00,0.000000e+00,0.000000e+00,0.000000e+00,0.000000e+00,0.000000e+00,0.000000e+00,0.000000e+00,0.000000e+00,0.000000e+00,0.000000e+00
1.000000e+00,0.000000e+00,0.000000e+00,0.000000e+00,0.000000e+00,0.000000e+00,0.000000e+00,0.000000e+00,0.000000e+00,0.000000e+00,0.000000e+00,0.000000e+00,0.000000e+00,0.000000e+00,0.000000e+00
1.000000e+00,0.000000e+00,0.000000e+00,0.000000e+00,0.000000e+00,0.000000e+00,0.000000e+00,0.000000e+00,0.000000e+00,0.000000e+00,0.000000e+00,0.000000e+00,0.000000e+00,0.000000e+00,0.000000e+00
1.000000e+00,0.000000e+00,0.000000e+00,0.000000e+00,0.000000e+00,0.000000e+00,0.000000e+00,0.000000e+00,0.000000e+00,0.000000e+00,0.000000e+00,0.000000e+00,0.000000e+00,0.000000e+00,0.000000e+00
1.000000e+00,0.000000e+00,0.000000e+00,0.000000e+00,0.000000e+00,0.000000e+00,0.000000e+00,0.000000e+00,0.000000e+00,0.000000e+00,0.000000e+00,0.000000e+00,0.000000e+00,0.000000e+00,0.000000e+00
1.000000e+00,0.000000e+00,0.000000e+00,0.000000e+00,0.000000e+00,0.000000e+00,0.000000e+00,0.000000e+00,0.000000e+00,0.000000e+00,0.000000e+00,0.000000e+00,0.000000e+00,0.000000e+00,0.000000e+00
1.000000e+00,0.000000e+00,0.000000e+00,0.000000e+00,0.000000e+00,0.000000e+00,0.000000e+00,0.000000e+00,0.000000e+00,0.000000e+00,0.000000e+00,0.000000e+00,0.000000e+00,0.000000e+00,0.000000e+00
1.000000e+00,0.000000e+00,0.000000e+00,0.000000e+00,0.000000e+00,0.000000e+00,0.000000e+00,0.000000e+00,0.000000e+00,0.000000e+00,0.000000e+00,0.000000e+00,0.000000e+00,0.000000e+00,0.000000e+00
1.000000e+00,0.000000e+00,0.000000e+00,0.000000e+00,0.000000e+00,0.000000e+00,0.000000e+00,0.000000e+00,0.000000e+00,0.000000e+00,0.000000e+00,0.000000e+00,0.000000e+00,0.000000e+00,0.000000e+00
1.000000e+00,0.000000e+00,0.000000e+00,0.000000e+00,0.000000e+00,0.000000e+00,0.000000e+00,0.000000e+00,0.000000e+00,0.000000e+00,0.000000e+00,0.000000e+00,0.000000e+00,0.000000e+00,0.000000e+00
1.000000e+00,0.000000e+00,0.000000e+00,0.000000e+00,0.000000e+00,0.000000e+00,0.000000e+00,0.000000e+00,0.000000e+00,0.000000e+00,0.000000e+00,0.000000e+00,0.000000e+00,0.000000e+00,0.000000e+00
1.000000e+00,0.000000e+00,0.000000e+00,0.000000e+00,0.000000e+00,0.000000e+00,0.000000e+00,0.000000e+00,0.000000e+00,0.000000e+00,0.000000e+00,0.000000e+00,0.000000e+00,0.000000e+00,0.000000e+00
1.000000e+00,0.000000e+00,0.000000e+00,0.000000e+00,0.000000e+00,0.000000e+00,0.000000e+00,0.000000e+00,0.000000e+00,0.000000e+00,0.000000e+00,0.000000e+00,0.000000e+00,0.000000e+00,0.000000e+00
1.000000e+00,0.000000e+00,0.000000e+00,0.000000e+00,0.000000e+00,0.000000e+00,0.000000e+00,0.000000e+00,0.000000e+00,0.000000e+00,0.000000e+00,0.000000e+00,0.000000e+00,0.000000e+00,0.000000e+00
1.000000e+00,0.000000e+00,0.000000e+00,0.000000e+00,0.000000e+00,0.000000e+00,0.000000e+00,0.000000e+00,0.000000e+00,0.000000e+00,0.000000e+00,0.000000e+00,0.000000e+00,0.000000e+00,0.000000e+00
1.000000e+00,0.000000e+00,0.000000e+00,0.000000e+00,0.000000e+00,0.000000e+00,0.000000e+00,0.000000e+00,0.000000e+00,0.000000e+00,0.000000e+00,0.000000e+00,0.000000e+00,0.000000e+00,0.000000e+00
1.000000e+00,0.000000e+00,0.000000e+00,0.000000e+00,0.000000e+00,0.000000e+00,0.000000e+00,0.000000e+00,0.000000e+00,0.000000e+00,0.000000e+00,0.000000e+00,0.000000e+00,0.000000e+00,0.000000e+00
1.000000e+00,0.000000e+00,0.000000e+00,0.000000e+00,0.000000e+00,0.000000e+00,0.000000e+00,0.000000e+00,0.000000e+00,0.000000e+00,0.000000e+00,0.000000e+00,0.000000e+00,0.000000e+00,0.000000e+00
1.000000e+00,0.000000e+00,0.000000e+00,0.000000e+00,0.000000e+00,0.000000e+00,0.000000e+00,0.000000e+00,0.000000e+00,0.000000e+00,0.000000e+00,0.000000e+00,0.000000e+00,0.000000e+00,0.000000e+00
1.000000e+00,0.000000e+00,0.000000e+00,0.000000e+00,0.000000e+00,0.000000e+00,0.000000e+00,0.000000e+00,0.000000e+00,0.000000e+00,0.000000e+00,0.000000e+00,0.000000e+00,0.000000e+00,0.000000e+00
1.000000e+00,0.000000e+00,0.000000e+00,0.000000e+00,0.000000e+00,0.000000e+00,0.000000e+00,0.000000e+00,0.000000e+00,0.000000e+00,0.000000e+00,0.000000e+00,0.000000e+00,0.000000e+00,0.000000e+00
1.000000e+00,0.000000e+00,0.000000e+00,0.000000e+00,0.000000e+00,0.000000e+00,0.000000e+00,0.000000e+00,0.000000e+00,0.000000e+00,0.000000e+00,0.000000e+00,0.000000e+00,0.000000e+00,0.000000e+00
4.661729e-01,5.278844e-02,1.066584e-01,2.115624e-01,1.108804e-02,1.487245e-02,4.585407e-03,1.017153e-02,1.234991e-02,3.154910e-03,9.408118e-03,2.051526e-02,2.200315e-02,2.679536e-03,5.198946e-02
1.000000e+00,0.000000e+00,0.000000e+00,0.000000e+00,0.000000e+00,0.000000e+00,0.000000e+00,0.000000e+00,0.000000e+00,0.000000e+00,0.000000e+00,0.000000e+00,0.000000e+00,0.000000e+00,0.000000e+00
1.000000e+00,0.000000e+00,0.000000e+00,0.000000e+00,0.000000e+00,0.000000e+00,0.000000e+00,0.000000e+00,0.000000e+00,0.000000e+00,0.000000e+00,0.000000e+00,0.000000e+00,0.000000e+00,0.000000e+00
4.887539e-01,3.977953e-02,1.360692e-01,1.704925e-01,7.645451e-03,1.472560e-02,3.134545e-03,9.232601e-03,1.075925e-02,3.422873e-03,1.136253e-02,2.658083e-02,2.275131e-02,3.221740e-03,5.206813e-02
1.000000e+00,0.000000e+00,0.000000e+00,0.000000e+00,0.000000e+00,0.000000e+00,0.000000e+00,0.000000e+00,0.000000e+00,0.000000e+00,0.000000e+00,0.000000e+00,0.000000e+00,0.000000e+00,0.000000e+00
4.648453e-01,4.271477e-02,1.148013e-01,2.596022e-01,6.872199e-03,1.231620e-02,2.303772e-03,7.274705e-03,7.387581e-03,2.542145e-03,8.673036e-03,1.856840e-02,1.639708e-02,2.482601e-03,3.321870e-02
4.491160e-01,3.929670e-02,1.774533e-01,2.267362e-01,5.588971e-03,1.299252e-02,2.188590e-03,7.154331e-03,6.061976e-03,2.738772e-03,8.673157e-03,1.668176e-02,1.370624e-02,2.234927e-03,2.937640e-02
1.000000e+00,0.000000e+00,0.000000e+00,0.000000e+00,0.000000e+00,0.000000e+00,0.000000e+00,0.000000e+00,0.000000e+00,0.000000e+00,0.000000e+00,0.000000e+00,0.000000e+00,0.000000e+00,0.000000e+00
1.000000e+00,0.000000e+00,0.000000e+00,0.000000e+00,0.000000e+00,0.000000e+00,0.000000e+00,0.000000e+00,0.000000e+00,0.000000e+00,0.000000e+00,0.000000e+00,0.000000e+00,0.000000e+00,0.000000e+00
1.000000e+00,0.000000e+00,0.000000e+00,0.000000e+00,0.000000e+00,0.000000e+00,0.000000e+00,0.000000e+00,0.000000e+00,0.000000e+00,0.000000e+00,0.000000e+00,0.000000e+00,0.000000e+00,0.000000e+00
1.000000e+00,0.000000e+00,0.000000e+00,0.000000e+00,0.000000e+00,0.000000e+00,0.000000e+00,0.000000e+00,0.000000e+00,0.000000e+00,0.000000e+00,0.000000e+00,0.000000e+00,0.000000e+00,0.000000e+00
1.000000e+00,0.000000e+00,0.000000e+00,0.000000e+00,0.000000e+00,0.000000e+00,0.000000e+00,0.000000e+00,0.000000e+00,0.000000e+00,0.000000e+00,0.000000e+00,0.000000e+00,0.000000e+00,0.000000e+00
1.000000e+00,0.000000e+00,0.000000e+00,0.000000e+00,0.000000e+00,0.000000e+00,0.000000e+00,0.000000e+00,0.000000e+00,0.000000e+00,0.000000e+00,0.000000e+00,0.000000e+00,0.000000e+00,0.000000e+00
1.000000e+00,0.000000e+00,0.000000e+00,0.000000e+00,0.000000e+00,0.000000e+00,0.000000e+00,0.000000e+00,0.000000e+00,0.000000e+00,0.000000e+00,0.000000e+00,0.000000e+00,0.000000e+00,0.000000e+00
1.000000e+00,0.000000e+00,0.000000e+00,0.000000e+00,0.000000e+00,0.000000e+00,0.000000e+00,0.000000e+00,0.000000e+00,0.000000e+00,0.000000e+00,0.000000e+00,0.000000e+00,0.000000e+00,0.000000e+00
1.000000e+00,0.000000e+00,0.000000e+00,0.000000e+00,0.000000e+00,0.000000e+00,0.000000e+00,0.000000e+00,0.000000e+00,0.000000e+00,0.000000e+00,0.000000e+00,0.000000e+00,0.000000e+00,0.000000e+00
1.000000e+00,0.000000e+00,0.000000e+00,0.000000e+00,0.000000e+00,0.000000e+00,0.000000e+00,0.000000e+00,0.000000e+00,0.000000e+00,0.000000e+00,0.000000e+00,0.000000e+00,0.000000e+00,0.000000e+00
1.000000e+00,0.000000e+00,0.000000e+00,0.000000e+00,0.000000e+00,0.000000e+00,0.000000e+00,0.000000e+00,0.000000e+00,0.000000e+00,0.000000e+00,0.000000e+00,0.000000e+00,0.000000e+00,0.000000e+00
1.000000e+00,0.000000e+00,0.000000e+00,0.000000e+00,0.000000e+00,0.000000e+00,0.000000e+00,0.000000e+00,0.000000e+00,0.000000e+00,0.000000e+00,0.000000e+00,0.000000e+00,0.000000e+00,0.000000e+00
4.797185e-01,7.357837e-03,1.135563e-02,1.452102e-02,8.737383e-03,2.057600e-02,3.870798e-01,2.183206e-02,2.564904e-03,1.562722e-03,3.833744e-03,1.466102e-02,1.637373e-02,1.866652e-03,7.959041e-03
3.429498e-01,5.305184e-03,1.001144e-02,1.032995e-02,7.065586e-03,1.566441e-02,4.966986e-01,7.596987e-02,1.856434e-03,1.190452e-03,2.747504e-03,1.068136e-02,1.238079e-02,1.396744e-03,5.751938e-03
2.436910e-01,3.830911e-03,8.996043e-03,7.586473e-03,5.784877e-03,1.349398e-02,5.982883e-01,9.171322e-02,1.356837e-03,1.007335e-03,1.997673e-03,7.913811e-03,9.151335e-03,1.084326e-03,4.103913e-03
2.262687e-01,3.636448e-03,1.242318e-02,6.145412e-03,7.709295e-03,2.028275e-02,5.901926e-01,1.084266e-01,1.231105e-03,1.794172e-03,1.816844e-03,7.351897e-03,7.876887e-03,1.240223e-03,3.603893e-03
2.322228e-01,4.725872e-03,1.081209e-02,5.777420e-03,3.098127e-02,2.933430e-02,5.514203e-01,9.857236e-02,1.500610e-03,6.985344e-03,2.137097e-03,7.814066e-03,8.162922e-03,1.987039e-03,7.566471e-03
1.792947e-01,7.296113e-03,8.958397e-03,5.256290e-03,1.161318e-01,3.548302e-02,4.749238e-01,8.487633e-02,2.349450e-03,4.829255e-02,2.373083e-03,6.161952e-03,8.344471e-03,2.478829e-03,1.777920e-02
1.373437e-01,6.707543e-03,6.977581e-03,4.338781e-03,1.679309e-01,3.614462e-02,3.500975e-01,6.711781e-02,2.908422e-03,1.743132e-01,2.862190e-03,4.732815e-03,8.874353e-03,2.761998e-03,2.688848e-02
1.451072e-01,7.471400e-03,6.806052e-03,3.876465e-03,1.501489e-01,3.895369e-02,2.571625e-01,4.924639e-02,2.677092e-03,2.714734e-01,6.586974e-03,8.597852e-03,1.355282e-02,3.977886e-03,3.436137e-02
1.546811e-01,6.878290e-03,8.928291e-03,3.467182e-03,1.223053e-01,1.228877e-01,1.855250e-01,3.606430e-02,2.486470e-03,2.234326e-01,1.265950e-02,1.203237e-02,3.970078e-02,1.265460e-02,5.629642e-02
1.377887e-01,6.106980e-03,6.850936e-03,3.421301e-03,9.116033e-02,9.897017e-02,1.402021e-01,2.638130e-02,3.905307e-03,1.595043e-01,1.768505e-02,2.040220e-02,9.899305e-02,1.344249e-01,5.420331e-02
1.038287e-01,4.596526e-03,4.994964e-03,3.939900e-03,6.484099e-02,7.427063e-02,9.987190e-02,1.912577e-02,1.944256e-02,1.205632e-01,2.122764e-02,3.683152e-02,1.323366e-01,2.227636e-01,7.136542e-02
8.330353e-02,3.589608e-03,3.921633e-03,4.035848e-03,4.733592e-02,5.542291e-02,7.151643e-02,1.407186e-02,6.228302e-02,8.944494e-02,2.137918e-02,3.808079e-02,1.577165e-01,2.597885e-01,8.810931e-02
7.147616e-02,3.434353e-03,3.042090e-03,1.101905e-02,3.509699e-02,5.428512e-02,5.140065e-02,1.035362e-02,7.415871e-02,7.445321e-02,4.174920e-02,3.951357e-02,1.404694e-01,2.321252e-01,1.574227e-01
7.363032e-02,3.313462e-03,2.296250e-03,1.036632e-02,2.513204e-02,4.738035e-02,3.634382e-02,7.402454e-03,9.087353e-02,5.454229e-02,8.782881e-02,3.759126e-02,1.514982e-01,2.150896e-01,1.567112e-01
5.867177e-02,8.118827e-03,3.644179e-03,8.414914e-03,1.841705e-02,3.459280e-02,2.550032e-02,5.305487e-03,1.584794e-01,3.960155e-02,8.889046e-02,2.803517e-02,1.118531e-01,2.363628e-01,1.741121e-01
5.133819e-02,1.653262e-02,5.422468e-03,6.260559e-03,1.435186e-02,2.666654e-02,1.793409e-02,3.821464e-03,1.880215e-01,2.931237e-02,6.976277e-02,1.993159e-02,7.981915e-02,2.497033e-01,2.211215e-01
5.545038e-02,1.733015e-02,4.937526e-03,4.741604e-03,1.188776e-02,2.312675e-02,1.266291e-02,2.787301e-03,1.772782e-01,2.278965e-02,6.003091e-02,1.432103e-02,5.688199e-02,3.185104e-01,2.172635e-01
4.719609e-02,1.353175e-02,4.217736e-03,3.743507e-03,8.817152e-03,1.926307e-02,8.902225e-03,2.001862e-03,2.216696e-01,1.761694e-02,5.339868e-02,1.053502e-02,4.072877e-02,3.818808e-01,1.664968e-01
3.869997e-02,1.111656e-02,3.201127e-03,2.765508e-03,6.557260e-03,1.583336e-02,6.261099e-03,1.431855e-03,2.572329e-01,1.339502e-02,4.073727e-02,7.696943e-03,2.916703e-02,4.415984e-01,1.243057e-01
2.906376e-02,9.311226e-03,2.414731e-03,2.047254e-03,4.871556e-03,1.205336e-02,4.393774e-03,1.018613e-03,3.234324e-01,9.864235e-03,3.043619e-02,5.542682e-03,2.084733e-02,4.549724e-01,8.973036e-02
2.326839e-02,1.372593e-02,3.661416e-03,3.202727e-03,4.962713e-03,1.375603e-02,3.191590e-03,9.584965e-04,3.805810e-01,7.988301e-03,2.605636e-02,5.122571e-03,1.749585e-02,4.278067e-01,6.822194e-02
2.227332e-02,1.529106e-02,4.084639e-03,7.730911e-03,7.504745e-03,2.076774e-02,2.619868e-03,1.339405e-03,4.059970e-01,8.682190e-03,2.674998e-02,6.125036e-03,1.728388e-02,3.965110e-01,5.703925e-02
2.072263e-02,1.234550e-02,3.402017e-03,7.237327e-03,5.848329e-03,1.622494e-02,1.913433e-03,1.341082e-03,3.624541e-01,7.300611e-03,2.498496e-02,4.855598e-03,1.329591e-02,4.657136e-01,5.235998e-02
1.631180e-02,1.304901e-02,4.880958e-03,1.505824e-02,4.950256e-03,1.546953e-02,1.507728e-03,1.856224e-03,3.487853e-01,6.866672e-03,2.524815e-02,4.666160e-03,1.411570e-02,4.402362e-01,8.699805e-02
1.347017e-02,1.127627e-02,2.901614e-02,2.442802e-02,4.001724e-03,1.436787e-02,1.119504e-03,1.560961e-03,4.200396e-01,6.905559e-03,2.844193e-02,9.462381e-03,1.729017e-02,3.209019e-01,9.771785e-02
1.553796e-02,1.008576e-02,2.874009e-02,2.182627e-02,3.333656e-03,1.321724e-02,8.503126e-04,1.816775e-03,4.250314e-01,1.365699e-02,5.852204e-02,3.405036e-02,3.253096e-02,2.559876e-01,8.481260e-02
1.755478e-02,8.354785e-03,2.750985e-02,1.876317e-02,3.191299e-03,1.086930e-02,6.292511e-04,1.672100e-03,3.728773e-01,2.313226e-02,1.035325e-01,5.052458e-02,4.397156e-02,2.490743e-01,6.834289e-02
1.293534e-02,6.689438e-03,2.011255e-02,1.385959e-02,2.428660e-03,7.993980e-03,4.496149e-04,1.269314e-03,2.829417e-01,1.802696e-02,1.069585e-01,3.909117e-02,3.522445e-02,3.914641e-01,6.055461e-02
9.647381e-03,6.002114e-03,1.501087e-02,1.003084e-02,1.902301e-03,7.106218e-03,3.334272e-04,9.568469e-04,2.262952e-01,1.406928e-02,8.694348e-02,2.808395e-02,2.716839e-02,4.451360e-01,1.213136e-01
8.010006e-03,4.696787e-03,1.080900e-02,7.156875e-03,1.391464e-03,5.697191e-03,2.477453e-04,8.016587e-04,1.976924e-01,1.482527e-02,7.652471e-02,2.186697e-02,2.186518e-02,4.347038e-01,1.937110e-01
7.359968e-03,3.899490e-03,7.859268e-03,5.371459e-03,1.016208e-03,4.336952e-03,1.889204e-04,8.932976e-04,2.084866e-01,2.169358e-02,1.459819e-01,2.629218e-02,2.386683e-02,3.435272e-01,1.992262e-01
6.207074e-03,3.144198e-03,5.713027e-03,4.248338e-03,7.464629e-04,3.183201e-03,1.409290e-04,9.691058e-04,2.117496e-01,2.702204e-02,2.388039e-01,3.253020e-02,2.102572e-02,2.691993e-01,1.753169e-01
5.022352e-03,2.677877e-03,4.335842e-03,4.191550e-03,8.112160e-04,2.421075e-03,1.308262e-04,9.503716e-04,1.752096e-01,2.392330e-02,3.663993e-01,7.205814e-02,2.084248e-02,1.931798e-01,1.278462e-01
3.787093e-03,2.826383e-03,3.261089e-03,4.499900e-03,9.013020e-04,2.019843e-03,2.555418e-04,8.252321e-04,2.352320e-01,2.356656e-02,3.402674e-01,1.354621e-01,1.810789e-02,1.372961e-01,9.169151e-02
3.041711e-03,2.148438e-03,2.327919e-03,3.644614e-03,7.513926e-04,1.798157e-03,2.704295e-04,6.352990e-04,2.020600e-01,1.700913e-02,2.639293e-01,3.250978e-01,1.525171e-02,9.728955e-02,6.474456e-02
2.237205e-03,1.601217e-03,1.708273e-03,2.783006e-03,5.980511e-04,1.782334e-03,2.328005e-04,4.587041e-04,1.547907e-01,1.214222e-02,1.894688e-01,5.048769e-01,1.322693e-02,6.842799e-02,4.566485e-02
1.727315e-03,1.244733e-03,1.228241e-03,2.176733e-03,8.066538e-04,1.580263e-03,3.174766e-04,3.471778e-04,1.149969e-01,8.569651e-03,2.808076e-01,4.933262e-01,1.276824e-02,4.806788e-02,3.203496e-02
1.330583e-03,1.108883e-03,9.352026e-04,1.587257e-03,1.140116e-03,2.352436e-03,3.128272e-04,2.652711e-04,8.133941e-02,6.434164e-03,2.066505e-01,6.291575e-01,1.085603e-02,3.399404e-02,2.253581e-02
9.880775e-04,9.910316e-04,6.961387e-04,1.133333e-03,1.034449e-03,5.953523e-03,2.600151e-04,2.114495e-04,5.729246e-02,4.762662e-03,1.506897e-01,7.243087e-01,1.149430e-02,2.425950e-02,1.592467e-02
7.976297e-04,8.131414e-04,5.052558e-04,8.035420e-04,7.861284e-04,4.781999e-03,1.970846e-04,1.803358e-04,4.052672e-02,3.676710e-03,1.109921e-01,7.970574e-01,9.667494e-03,1.798914e-02,1.122536e-02
7.199220e-04,6.809641e-04,3.768682e-04,5.780791e-04,8.274621e-04,3.636183e-03,1.482205e-04,1.768307e-04,2.966682e-02,3.207060e-03,8.301793e-02,8.464503e-01,8.234430e-03,1.432529e-02,7.953606e-03
5.946612e-04,5.481745e-04,2.757713e-04,4.151686e-04,1.089144e-03,3.116535e-03,1.140737e-04,1.501309e-04,2.206409e-02,2.816465e-03,6.102675e-02,8.846639e-01,6.361733e-03,1.116805e-02,5.595311e-03
6.260361e-04,7.419017e-04,2.546552e-04,3.275700e-04,1.237728e-03,3.542440e-03,1.510777e-04,2.763387e-04,1.802615e-02,3.901703e-03,4.702586e-02,9.046848e-01,4.775318e-03,1.045450e-02,3.973957e-03
8.466436e-04,2.183055e-03,4.468741e-04,3.874514e-04,5.486035e-03,1.934374e-02,7.835781e-04,1.089368e-03,2.682745e-02,6.262234e-03,4.620336e-02,8.716697e-01,4.607893e-03,1.092436e-02,2.938236e-03
9.359315e-04,2.304856e-03,9.232094e-04,6.591665e-04,1.753273e-02,2.705993e-02,7.744133e-04,1.106288e-03,2.587877e-02,5.795435e-03,4.244412e-02,8.571809e-01,4.783884e-03,1.016068e-02,2.459757e-03
1.124894e-03,2.175999e-03,8.381741e-04,5.496189e-04,1.384035e-02,2.916812e-02,8.132462e-04,1.155426e-03,2.321850e-02,4.304835e-03,4.764966e-02,8.547466e-01,7.435406e-03,1.118623e-02,1.793039e-03
1.233318e-03,1.770031e-03,6.586195e-04,4.273628e-04,1.098096e-02,2.657989e-02,7.186723e-04,9.433121e-04,2.245952e-02,3.123941e-03,4.334958e-02,8.686060e-01,8.524713e-03,9.340931e-03,1.283169e-03
2.205828e-03,2.075571e-03,6.096321e-04,4.533181e-04,1.052551e-02,4.416037e-02,6.071572e-04,1.028257e-03,3.249494e-02,2.391178e-03,4.423323e-02,8.372517e-01,1.251874e-02,8.483956e-03,9.606327e-04
2.490251e-03,1.940902e-03,5.326262e-04,4.523078e-04,9.630223e-03,4.751362e-02,5.606947e-04,1.023854e-03,3.209183e-02,1.922589e-03,4.824215e-02,8.302643e-01,1.566220e-02,6.939549e-03,7.330059e-04
3.636186e-03,1.930522e-03,4.790357e-04,3.986279e-04,8.417989e-03,4.017487e-02,5.494975e-04,1.096383e-03,2.961374e-02,1.507397e-03,4.447263e-02,8.453994e-01,1.573963e-02,6.011776e-03,5.723771e-04
3.886934e-03,2.765437e-03,5.884046e-04,3.102445e-04,6.777332e-03,3.690081e-02,4.553476e-04,9.692112e-04,2.655975e-02,1.390304e-03,3.581270e-02,8.610626e-01,1.675947e-02,5.267528e-03,4.938954e-04
5.725591e-03,2.717567e-03,6.465458e-04,2.431685e-04,5.862609e-03,3.768061e-02,4.133982e-04,9.130631e-04,2.048187e-02,1.287960e-03,2.964695e-02,8.731201e-01,1.669101e-02,4.149717e-03,4.198308e-04
7.256669e-03,2.388710e-03,9.540571e-04,2.076116e-04,5.231265e-03,3.569867e-02,3.506625e-04,9.427701e-04,1.544512e-02,1.098679e-03,2.646495e-02,8.810159e-01,1.938530e-02,3.186925e-03,3.727436e-04
9.043062e-03,2.003159e-03,1.101030e-03,1.783745e-04,4.332875e-03,3.709163e-02,2.950678e-04,9.609060e-04,1.143434e-02,9.258830e-04,2.498956e-02,8.872585e-01,1.744103e-02,2.605198e-03,3.394298e-04
1.411780e-02,1.534937e-03,1.620010e-03,4.110567e-04,6.792923e-03,2.975544e-02,5.004098e-04,4.523750e-03,9.006553e-03,8.628385e-04,3.904370e-02,8.739280e-01,1.527149e-02,2.217240e-03,4.138871e-04
1.635841e-02,1.394420e-03,2.045290e-03,3.213671e-04,6.154771e-03,2.580686e-02,6.892055e-04,4.475446e-03,6.999472e-03,8.125514e-04,3.849947e-02,8.811551e-01,1.251021e-02,2.377342e-03,4.001146e-04
1.901147e-02,1.760465e-03,3.641699e-03,2.838994e-04,5.849150e-03,2.451600e-02,9.475604e-04,6.404236e-03,5.849940e-03,9.299518e-04,3.386197e-02,8.830057e-01,1.086851e-02,2.564691e-03,5.048481e-04
4.506233e-02,8.603095e-03,2.136842e-02,6.360640e-04,7.047432e-03,4.672131e-02,1.282463e-03,1.716189e-02,8.583372e-03,1.343613e-03,3.066394e-02,7.927109e-01,1.378419e-02,3.574654e-03,1.456417e-03
7.042289e-02,1.128610e-02,4.406372e-02,7.023332e-04,6.587684e-03,7.147855e-02,1.315040e-03,2.928283e-02,8.256200e-03,1.457972e-03,2.526375e-02,7.126293e-01,1.099941e-02,4.117569e-03,2.136762e-03
1.273017e-01,1.132937e-02,7.302896e-02,1.993260e-03,1.475762e-02,7.037570e-02,3.012870e-03,2.648718e-02,8.222602e-03,1.789251e-03,2.530816e-02,6.166053e-01,9.087309e-03,6.301015e-03,4.399742e-03
1.239555e-01,1.197914e-02,5.752547e-02,1.958358e-03,1.276697e-02,8.472583e-02,2.751214e-03,1.963062e-02,8.360785e-03,1.845495e-03,2.276988e-02,6.319548e-01,8.542509e-03,6.136711e-03,5.096649e-03
1.356489e-01,3.613039e-02,1.020237e-01,2.024078e-02,5.062043e-02,7.523693e-02,5.594325e-03,1.953596e-02,3.926119e-02,4.858993e-03,1.847250e-02,4.661548e-01,9.498836e-03,4.860154e-03,1.186212e-02
1.199831e-01,1.289670e-01,8.717662e-02,1.744580e-02,5.031212e-02,7.143944e-02,4.759586e-03,1.710860e-02,1.123829e-01,4.201212e-03,1.552812e-02,3.449064e-01,7.967185e-03,3.820791e-03,1.400119e-02
1.021101e-01,1.532988e-01,8.872042e-02,4.985599e-02,4.534704e-02,5.840998e-02,4.289078e-03,1.378259e-02,1.624338e-01,5.189165e-03,1.200933e-02,2.503643e-01,1.036267e-02,2.915131e-03,4.091167e-02
7.671656e-02,1.261891e-01,7.228733e-02,7.220489e-02,3.528727e-02,7.738884e-02,4.619297e-03,1.293185e-02,2.143844e-01,9.355276e-03,2.002627e-02,1.915977e-01,2.718972e-02,4.094772e-03,5.572672e-02
5.602150e-02,1.149716e-01,5.614068e-02,1.083437e-01,2.499603e-02,5.511288e-02,3.452956e-03,9.469199e-03,2.377859e-01,7.131966e-03,1.985093e-02,2.405041e-01,2.214077e-02,2.976493e-03,4.110121e-02
4.120107e-02,8.308566e-02,4.693972e-02,1.226487e-01,2.115676e-02,4.154670e-02,2.629252e-03,7.326766e-03,2.534817e-01,5.358327e-03,4.050923e-02,2.840256e-01,1.677745e-02,2.188158e-03,3.112491e-02
3.384338e-02,5.864910e-02,3.301905e-02,9.157962e-02,1.550657e-02,3.289888e-02,1.874455e-03,5.354282e-03,1.828165e-01,3.956139e-03,5.878493e-02,4.440618e-01,1.396772e-02,1.706862e-03,2.198078e-02
3.243050e-02,4.152934e-02,2.320421e-02,6.556447e-02,1.178969e-02,2.494367e-02,1.330378e-03,3.898422e-03,1.334712e-01,2.932845e-03,7.430646e-02,5.565257e-01,1.118978e-02,1.377124e-03,1.550627e-02
2.528987e-02,2.971809e-02,1.637944e-02,4.633424e-02,1.015981e-02,1.889332e-02,9.574888e-04,2.837494e-03,9.714238e-02,2.517558e-03,1.020446e-01,6.259455e-01,8.636131e-03,2.060471e-03,1.108363e-02
1.845168e-02,2.153067e-02,1.156587e-02,3.266850e-02,8.161321e-03,1.927308e-02,6.825579e-04,2.038546e-03,7.169572e-02,1.919877e-03,1.309481e-01,6.644170e-01,6.460458e-03,2.301769e-03,7.884865e-03
1.514238e-02,1.577197e-02,8.368836e-03,2.318571e-02,9.017671e-03,1.923330e-02,5.432224e-04,1.584237e-03,5.279795e-02,1.538774e-03,1.787951e-01,6.605134e-01,5.088331e-03,2.723605e-03,5.695453e-03
1.123899e-02,1.140602e-02,5.946731e-03,1.635665e-02,1.050887e-02,1.462642e-02,4.295853e-04,1.168467e-03,3.845571e-02,1.187140e-03,2.234188e-01,6.534633e-01,4.002913e-03,3.662179e-03,4.128285e-03
8.787300e-03,8.516689e-03,4.247521e-03,1.165554e-02,1.444138e-02,1.133488e-02,3.754543e-04,9.834941e-04,2.982085e-02,1.121869e-03,2.057180e-01,6.927724e-01,3.173949e-03,3.792956e-03,3.257749e-03
1.778699e-02,9.136257e-03,6.146266e-03,8.883105e-03,2.743415e-02,1.516275e-02,7.363282e-04,4.087331e-03,2.784173e-02,1.609291e-03,1.883346e-01,6.828963e-01,2.661694e-03,4.547422e-03,2.735761e-03
1.502424e-02,7.035812e-03,4.461736e-03,6.316145e-03,2.111506e-02,1.135656e-02,6.268359e-04,3.224143e-03,2.218651e-02,2.251783e-03,1.989433e-01,6.977737e-01,2.292486e-03,4.802192e-03,2.589471e-03
1.511102e-02,5.453361e-03,3.241559e-03,4.529175e-03,1.709075e-02,8.416837e-03,5.297704e-04,2.519818e-03,1.765959e-02,2.348885e-03,1.780760e-01,7.334902e-01,1.967495e-03,7.237081e-03,2.328438e-03
1.194156e-02,4.195041e-03,2.332924e-03,3.252855e-03,1.525055e-02,8.850169e-03,6.383891e-04,1.893062e-03,1.451920e-02,2.912311e-03,2.275828e-01,6.914988e-01,1.706958e-03,1.085958e-02,2.565791e-03
9.590497e-03,3.804152e-03,1.788822e-03,2.364621e-03,1.192945e-02,1.045317e-02,7.860481e-04,1.471059e-03,1.185964e-02,4.177804e-03,2.342258e-01,6.891485e-01,1.377643e-03,1.321155e-02,3.811273e-03
7.005491e-03,3.576131e-03,2.148104e-03,1.741355e-03,1.240138e-02,9.970063e-03,1.093938e-03,1.298876e-03,1.077050e-02,7.611589e-03,2.787727e-01,6.431491e-01,1.407279e-03,1.331043e-02,5.743070e-03
5.238938e-03,5.320634e-03,3.725756e-03,1.374106e-03,1.077711e-02,1.342284e-02,1.088568e-03,1.102030e-03,1.218746e-02,1.112492e-02,3.972138e-01,5.110539e-01,1.825570e-03,1.308295e-02,1.146144e-02
4.057438e-03,9.463231e-03,5.846848e-03,1.199955e-03,9.510748e-03,2.142753e-02,1.021763e-03,9.125234e-04,1.324430e-02,1.380063e-02,4.623404e-01,4.161106e-01,2.564512e-03,1.621217e-02,2.228735e-02
3.998740e-03,4.714260e-02,3.175487e-02,1.796715e-03,1.088823e-02,7.454946e-02,1.520417e-03,1.150579e-03,1.384454e-02,1.294267e-02,4.293687e-01,3.120922e-01,3.446043e-03,1.299735e-02,4.250694e-02
3.783250e-03,1.034530e-01,1.305907e-01,5.780673e-03,2.397352e-02,6.805430e-02,1.939773e-03,1.300903e-03,1.779816e-02,1.178316e-02,3.294652e-01,2.328772e-01,3.549803e-03,9.782392e-03,5.586793e-02
7.012181e-03,7.493666e-02,1.973954e-01,6.229500e-03,4.304126e-02,6.663074e-02,2.393801e-02,3.259634e-02,1.612672e-02,1.654321e-02,2.891146e-01,1.723985e-01,3.657626e-03,7.714698e-03,4.266458e-02
1.047476e-02,8.274015e-02,2.575035e-01,6.287062e-03,6.076454e-02,7.474062e-02,1.734479e-02,2.434711e-02,2.514419e-02,1.479469e-02,2.487517e-01,1.259815e-01,3.675863e-03,5.799682e-03,4.164981e-02
8.989451e-03,1.045142e-01,3.271216e-01,1.239955e-02,5.700652e-02,6.197938e-02,1.257227e-02,2.024974e-02,4.422119e-02,1.537557e-02,1.910894e-01,9.575148e-02,6.374530e-03,4.439326e-03,3.791567e-02
7.614969e-03,1.691842e-01,2.602724e-01,1.410509e-02,4.997046e-02,6.439989e-02,9.164658e-03,1.606238e-02,1.326691e-01,2.072276e-02,1.363573e-01,7.000776e-02,7.075564e-03,3.173100e-03,3.922021e-02
6.952960e-03,1.853279e-01,1.914095e-01,1.329326e-02,4.428004e-02,5.893238e-02,6.980199e-03,1.180950e-02,2.600704e-01,1.892702e-02,9.762505e-02,5.063009e-02,8.194680e-03,2.265500e-03,4.330151e-02
5.337751e-03,2.573653e-01,1.360884e-01,4.620805e-02,3.123403e-02,4.284922e-02,4.896252e-03,8.564062e-03,2.894233e-01,1.690857e-02,7.235156e-02,3.623604e-02,9.508495e-03,1.678608e-03,4.135038e-02
1.331315e-02,2.124891e-01,9.859065e-02,3.787668e-02,4.795246e-02,5.324390e-02,4.903913e-03,1.079250e-02,3.454802e-01,1.341424e-02,5.839518e-02,2.665224e-02,1.061415e-02,2.271082e-03,6.401051e-02
2.823149e-02,1.793898e-01,7.473744e-02,4.082833e-02,8.597831e-02,5.083057e-02,5.894097e-03,1.865722e-02,3.445050e-01,1.180459e-02,4.452048e-02,1.981443e-02,9.793133e-03,3.404915e-03,8.161023e-02
4.248837e-02,1.376126e-01,6.276864e-02,9.437688e-02,7.015541e-02,6.646805e-02,5.220428e-03,2.259275e-02,2.958856e-01,1.341572e-02,4.362797e-02,1.617021e-02,1.394434e-02,3.313703e-03,1.119594e-01
5.359692e-02,1.013879e-01,4.592597e-02,9.211424e-02,7.462549e-02,8.425683e-02,4.793511e-03,3.078855e-02,3.378363e-01,9.946119e-03,4.284634e-02,1.246157e-02,1.848461e-02,3.365871e-03,8.756986e-02
7.851439e-02,7.460396e-02,5.144336e-02,1.397683e-01,6.832767e-02,8.161876e-02,3.900412e-03,7.048984e-02,2.818399e-01,8.309875e-03,3.267078e-02,9.273190e-03,1.453745e-02,2.826657e-03,8.187552e-02
8.523355e-02,5.328048e-02,3.796308e-02,1.081767e-01,5.595269e-02,7.919422e-02,3.105853e-03,2.509869e-01,2.182770e-01,5.917237e-03,2.421787e-02,6.655641e-03,1.088561e-02,2.223456e-03,5.792980e-02
6.538467e-02,3.742288e-02,2.689227e-02,7.902117e-02,4.249916e-02,5.794339e-02,2.320333e-03,4.550483e-01,1.576232e-01,4.158551e-03,1.713328e-02,4.676029e-03,7.710850e-03,1.583158e-03,4.058283e-02
5.068620e-02,2.629946e-02,1.896482e-02,5.586149e-02,3.133670e-02,4.083243e-02,1.678704e-03,6.100154e-01,1.108842e-01,2.937645e-03,1.218624e-02,3.297430e-03,5.470789e-03,1.119440e-03,2.842907e-02
4.103609e-02,1.848059e-02,1.336264e-02,3.946562e-02,2.296952e-02,2.927229e-02,1.249358e-03,7.183332e-01,7.794907e-02,2.070193e-03,8.707997e-03,2.382138e-03,4.002135e-03,7.964428e-04,1.992271e-02
3.932874e-02,1.328593e-02,1.033494e-02,2.805291e-02,1.649016e-02,2.290092e-02,9.711052e-04,7.839891e-01,5.489039e-02,1.508863e-03,7.059049e-03,2.157400e-03,3.361908e-03,9.410942e-04,1.472750e-02
5.651701e-02,1.041840e-02,9.400615e-03,2.014821e-02,1.215067e-02,1.355987e-01,2.492952e-03,6.573618e-01,4.171337e-02,1.338026e-03,7.761902e-03,2.662488e-03,2.762038e-02,8.469328e-04,1.396850e-02
7.335702e-02,7.667509e-03,7.047703e-03,1.467510e-02,8.947289e-03,2.074776e-01,2.291996e-03,5.867600e-01,3.035485e-02,1.095752e-03,8.452564e-03,4.457838e-03,3.502560e-02,8.774842e-04,1.151172e-02
8.721258e-02,6.984946e-03,9.781886e-03,1.680635e-02,8.504039e-03,2.040187e-01,5.727825e-03,4.451533e-01,3.177564e-02,2.084227e-03,1.258557e-02,1.359507e-02,1.310336e-01,1.980709e-03,2.275561e-02
1.059433e-01,5.691777e-03,8.009003e-03,1.529770e-02,7.812741e-03,2.495189e-01,5.053361e-03,3.562837e-01,2.626409e-02,3.245634e-03,1.945635e-02,3.788687e-02,1.247385e-01,3.504426e-03,3.129359e-02
9.954754e-02,4.424773e-03,1.061492e-02,1.272493e-02,6.331853e-03,2.054007e-01,5.433118e-03,2.583444e-01,1.993368e-02,4.370399e-03,2.628982e-02,8.712240e-02,2.234510e-01,3.876612e-03,3.213387e-02
8.897210e-02,3.545328e-03,1.058519e-02,1.067838e-02,5.650768e-03,1.617289e-01,6.540408e-03,1.823563e-01,1.537429e-02,4.361318e-03,2.449882e-02,1.503742e-01,3.034656e-01,3.710434e-03,2.815804e-02
1.262797e-01,2.699895e-03,8.501718e-03,8.340307e-03,5.690908e-03,1.585287e-01,1.102491e-02,1.295961e-01,1.271766e-02,3.940082e-03,2.523098e-02,1.627536e-01,3.112870e-01,3.662023e-03,2.974655e-02
1.023485e-01,2.098467e-03,6.005542e-03,6.322143e-03,5.317201e-03,1.359414e-01,8.107999e-03,9.098821e-02,1.050203e-02,3.796335e-03,3.440876e-02,2.328473e-01,3.345806e-01,3.660310e-03,2.307522e-02
7.544320e-02,1.576465e-03,4.220796e-03,4.781591e-03,4.614352e-03,1.549124e-01,5.944062e-03,6.383166e-02,8.109132e-03,3.761645e-03,4.271645e-02,2.386556e-01,3.718352e-01,2.968656e-03,1.662877e-02
5.570892e-02,1.171862e-03,2.964479e-03,3.452581e-03,3.573254e-03,1.108417e-01,4.244620e-03,4.472976e-02,6.129190e-03,5.768069e-03,7.215226e-02,3.679146e-01,3.071914e-01,2.299240e-03,1.185798e-02
3.957213e-02,8.397507e-04,2.079559e-03,2.441525e-03,2.652869e-03,7.840762e-02,3.005404e-03,3.133092e-02,4.636766e-03,9.506652e-03,6.834715e-02,5.113192e-01,2.357683e-01,1.685962e-03,8.406177e-03
2.808698e-02,6.053102e-04,1.460577e-03,1.737675e-03,2.945583e-03,5.531652e-02,2.137237e-03,2.195284e-02,4.288337e-03,1.141156e-02,6.185564e-02,5.966683e-01,2.043839e-01,1.214225e-03,5.935275e-03
2.015196e-02,4.567589e-04,1.032697e-03,1.247074e-03,2.633404e-03,3.904284e-02,1.523019e-03,1.540252e-02,4.321417e-03,1.331666e-02,4.955902e-02,6.526527e-01,1.936036e-01,8.706615e-04,4.185611e-03
1.446859e-02,3.505429e-04,7.330872e-04,9.065937e-04,2.268910e-03,2.772428e-02,1.083748e-03,1.084538e-02,4.397694e-03,2.284360e-02,3.992158e-02,7.064994e-01,1.643750e-01,6.264778e-04,2.955098e-03
1.040030e-02,3.948321e-04,5.915302e-04,7.531133e-04,1.894454e-02,1.952308e-02,8.798728e-04,8.567014e-03,4.199911e-02,2.235248e-02,3.195950e-02,7.178423e-01,1.232725e-01,4.481348e-04,2.071652e-03
8.531389e-03,4.802894e-04,8.109559e-04,1.350616e-03,4.809877e-02,1.398994e-02,1.606348e-03,1.447809e-02,6.446773e-02,3.037911e-02,2.584195e-02,6.965879e-01,9.156749e-02,3.425392e-04,1.466895e-03
1.070477e-02,6.143748e-04,9.810259e-04,1.889923e-03,6.730977e-02,1.064204e-02,1.969388e-03,2.019314e-02,1.191244e-01,3.378974e-02,2.097939e-02,6.389068e-01,7.155532e-02,2.882882e-04,1.051578e-03
1.154307e-02,6.682117e-03,1.691300e-03,1.668736e-03,6.037576e-02,7.625274e-03,1.581854e-03,1.799615e-02,3.183365e-01,3.325194e-02,1.741797e-02,4.641568e-01,5.662889e-02,2.315446e-04,8.120820e-04
1.129292e-02,6.966108e-03,2.258533e-03,2.610811e-03,8.733025e-02,5.939238e-03,1.488735e-03,1.915430e-02,4.312649e-01,3.585023e-02,1.644861e-02,3.329269e-01,4.563058e-02,2.000782e-04,6.378360e-04
2.877388e-02,8.937214e-03,4.421269e-03,7.883029e-03,1.216088e-01,6.988212e-03,1.980705e-03,2.144980e-02,4.426421e-01,6.412631e-02,1.944507e-02,2.361617e-01,3.423331e-02,5.675357e-04,7.811153e-04
5.966504e-02,1.377638e-02,7.378380e-03,1.515808e-02,1.218249e-01,7.606741e-03,2.277692e-03,2.276433e-02,4.279663e-01,9.936249e-02,2.450007e-02,1.690810e-01,2.560971e-02,1.332678e-03,1.696151e-03
9.207249e-02,2.483383e-02,8.204965e-03,1.766784e-02,1.188739e-01,7.177774e-03,2.125881e-03,1.880480e-02,4.193489e-01,1.186273e-01,2.714335e-02,1.218986e-01,1.893136e-02,1.538163e-03,2.750887e-03
1.476842e-01,2.995387e-02,8.209889e-03,3.608030e-02,1.238598e-01,7.711652e-03,3.007368e-03,1.934032e-02,3.456122e-01,1.415734e-01,2.544626e-02,8.986842e-02,1.413402e-02,2.166933e-03,5.351357e-03
1.875726e-01,3.714502e-02,6.779916e-03,2.937425e-02,1.083697e-01,8.447523e-03,3.491431e-03,1.941599e-02,3.135385e-01,1.635728e-01,2.928755e-02,7.160197e-02,1.186077e-02,3.709920e-03,5.832104e-03
2.459041e-01,3.055201e-02,5.915317e-03,2.786517e-02,9.464219e-02,9.915927e-03,3.891685e-03,3.002251e-02,2.764826e-01,1.554111e-01,2.532648e-02,7.152414e-02,1.194737e-02,4.200196e-03,6.399277e-03
1.789231e-01,2.835158e-02,4.430560e-03,3.213776e-02,7.641741e-02,1.474992e-02,2.832452e-03,2.254203e-02,2.077347e-01,1.096291e-01,1.931494e-01,9.279792e-02,1.407973e-02,1.696465e-02,5.259677e-03
1.328850e-01,4.202526e-02,5.697033e-03,1.250154e-01,9.169628e-02,1.818136e-02,2.105228e-03,1.789237e-02,1.607599e-01,7.733239e-02,2.170206e-01,7.651902e-02,1.185576e-02,1.600196e-02,5.012378e-03
9.606406e-02,3.218088e-02,4.431451e-03,9.776771e-02,7.058819e-02,1.323264e-02,1.515818e-03,1.291816e-02,1.139057e-01,5.448226e-02,4.071887e-01,6.136164e-02,9.138587e-03,2.128214e-02,3.942110e-03
7.119637e-02,2.345313e-02,3.399516e-03,7.158916e-02,5.376656e-02,1.036976e-02,1.132460e-03,9.330315e-03,8.115115e-02,3.855582e-02,5.458452e-01,5.072712e-02,6.917536e-03,2.942883e-02,3.137159e-03
5.131964e-02,1.684932e-02,2.590474e-03,5.055132e-02,3.909308e-02,7.501146e-03,8.125889e-04,6.591624e-03,5.774972e-02,2.734769e-02,6.534826e-01,4.145779e-02,5.050872e-03,3.732038e-02,2.281782e-03
3.846778e-02,1.208479e-02,1.905270e-03,3.585054e-02,2.943244e-02,5.648890e-03,5.803436e-04,4.654862e-03,4.106372e-02,1.979608e-02,7.044716e-01,3.584432e-02,4.011590e-03,6.425701e-02,1.930737e-03
3.104463e-02,8.749242e-03,1.438799e-03,2.579906e-02,2.280646e-02,4.482203e-03,4.215497e-04,3.316946e-03,2.934634e-02,1.413926e-02,7.180907e-01,3.011366e-02,3.602802e-03,1.050202e-01,1.628211e-03
2.284697e-02,6.266681e-03,1.082791e-03,1.850584e-02,1.655523e-02,3.638459e-03,3.029804e-04,2.349242e-03,2.070813e-02,1.010332e-02,7.715015e-01,2.480025e-02,3.237681e-03,9.690316e-02,1.197790e-03
1.734291e-02,4.623451e-03,8.317973e-04,1.335684e-02,1.317883e-02,3.741133e-03,2.324859e-04,1.691745e-03,1.476811e-02,7.363298e-03,7.777829e-01,2.805919e-02,2.922581e-03,1.131649e-01,9.399214e-04
1.334327e-02,3.896523e-03,7.307032e-04,9.428803e-03,1.197794e-02,3.239743e-03,2.068335e-04,1.209181e-03,1.070962e-02,5.628839e-03,8.061658e-01,2.565642e-02,2.375719e-03,1.046494e-01,7.812836e-04
1.005291e-02,3.688733e-03,1.244097e-03,6.779903e-03,1.092796e-02,3.194748e-03,3.164852e-04,9.240911e-04,8.232407e-03,5.582904e-03,8.346690e-01,2.525797e-02,3.104056e-03,8.501525e-02,1.009505e-03
8.066858e-03,3.105800e-03,1.346871e-03,4.841643e-03,8.701861e-03,2.697864e-03,2.810179e-04,7.960095e-04,6.550100e-03,4.646006e-03,8.635528e-01,2.200295e-02,2.667409e-03,6.977531e-02,9.675050e-04
6.079028e-03,2.322288e-03,1.018493e-03,3.400554e-03,6.333864e-03,1.945878e-03,2.098225e-04,6.394075e-04,4.971128e-03,3.692460e-03,8.944019e-01,1.684418e-02,2.154245e-03,5.521433e-02,7.724250e-04
4.620446e-03,1.707094e-03,7.535035e-04,2.400195e-03,4.682544e-03,1.441396e-03,1.665786e-04,4.901448e-04,4.308028e-03,4.233009e-03,9.129335e-01,1.422150e-02,2.062243e-03,4.534273e-02,6.371004e-04
4.668158e-03,1.512668e-03,6.191137e-04,1.715578e-03,3.756144e-03,1.158196e-03,2.191055e-04,4.696554e-04,5.486089e-03,7.984203e-03,9.065017e-01,1.415875e-02,2.513345e-03,4.859418e-02,6.431725e-04
1.692129e-02,2.855694e-03,8.274986e-04,1.490228e-03,4.621851e-03,1.657811e-03,6.876398e-04,8.157383e-04,1.231394e-02,1.416969e-02,8.195782e-01,2.260249e-02,2.395173e-03,9.770766e-02,1.355153e-03
2.360575e-02,4.316767e-03,1.046229e-03,1.525729e-03,7.807048e-03,2.781966e-03,1.700127e-03,1.236990e-03,1.985302e-02,1.909180e-02,7.804305e-01,2.644988e-02,2.790860e-03,1.048491e-01,2.514204e-03
4.727253e-02,7.211707e-03,1.549678e-03,1.496200e-03,9.031711e-03,4.669463e-03,3.148503e-03,1.553415e-03,2.653519e-02,2.434352e-02,7.314352e-01,2.878543e-02,2.798539e-03,1.067054e-01,3.463572e-03
6.661521e-02,1.139425e-02,3.790531e-03,1.636298e-03,9.247076e-03,5.027921e-03,4.092522e-03,2.876993e-03,3.206138e-02,2.723028e-02,6.741239e-01,3.146957e-02,2.661956e-03,1.223734e-01,5.398712e-03
