1.000000e+00,0.000000e+00,0.000000e+00,0.000000e+00,0.000000e+00,0.000000e+00,0.000000e+00,0.000000e+00,0.000000e+00,0.000000e+00,0.000000e+00,0.000000e+00,0.000000e+00,0.000000e+00,0.000000e+00
1.000000e+00,0.000000e+00,0.000000e+00,0.000000e+00,0.000000e+00,0.000000e+00,0.000000e+00,0.000000e+00,0.000000e+00,0.000000e+00,0.000000e+00,0.000000e+00,0.000000e+00,0.000000e+00,0.000000e+00
1.000000e+00,0.000000e+00,0.000000e+00,0.000000e+00,0.000000e+00,0.000000e+00,0.000000e+00,0.000000e+00,0.000000e+00,0.000000e+00,0.000000e+00,0.000000e+00,0.000000e+00,0.000000e+00,0.000000e+00
1.000000e+00,0.000000e+00,0.000000e+00,0.000000e+00,0.000000e+00,0.000000e+00,0.000000e+00,0.000000e+00,0.000000e+00,0.000000e+00,0.000000e+00,0.000000e+00,0.000000e+00,0.000000e+00,0.000000e+00
1.000000e+00,0.000000e+00,0.000000e+00,0.000000e+00,0.000000e+00,0.000000e+00,0.000000e+00,0.000000e+00,0.000000e+00,0.000000e+00,0.000000e+00,0.000000e+00,0.000000e+00,0.000000e+00,0.000000e+00
1.000000e+00,0.000000e+00,0.000000e+00,0.000000e+00,0.000000e+00,0.000000e+00,0.000000e+00,0.000000e+00,0.000000e+00,0.000000e+00,0.000000e+00,0.000000e+00,0.000000e+00,0.000000e+00,0.000000e+00
1.000000e+00,0.000000e+00,0.000000e+00,0.000000e+00,0.000000e+00,0.000000e+00,0.000000e+00,0.000000e+00,0.000000e+00,0.000000e+00,0.000000e+00,0.000000e+00,0.000000e+00,0.000000e+00,0.000000e+00
1.000000e+00,0.000000e+00,0.000000e+00,0.000000e+00,0.000000e+00,0.000000e+00,0.000000e+00,0.000000e+00,0.000000e+00,0.000000e+00,0.000000e+00,0.000000e+00,0.000000e+00,0.000000e+00,0.000000e+00
1.000000e+00,0.000000e+00,0.000000e+00,0.000000e+00,0.000000e+00,0.000000e+00,0.000000e+00,0.000000e+00,0.000000e+00,0.000000e+00,0.000000e+00,0.000000e+00,0.000000e+00,0.000000e+00,0.000000e+00
1.000000e+00,0.000000e+00,0.000000e+00,0.000000e+00,0.000000e+00,0.000000e+00,0.000000e+00,0.000000e+00,0.000000e+00,0.000000e+00,0.000000e+00,0.000000e+00,0.000000e+00,0.000000e+00,0.000000e+00
1.000000e+00,0.000000e+00,0.000000e+00,0.000000e+00,0.000000e+00,0.000000e+00,0.000000e+00,0.000000e+00,0.000000e+00,0.000000e+00,0.000000e+00,0.000000e+00,0.000000e+00,0.000000e+00,0.000000e+00
1.000000e+00,0.000000e+00,0.000000e+00,0.000000e+00,0.000000e+00,0.000000e+00,0.000000e+00,0.000000e+00,0.000000e+00,0.000000e+00,0.000000e+00,0.000000e+00,0.000000e+00,0.000000e+00,0.000000e+00
1.000000e+00,0.000000e+00,0.000000e+00,0.000000e+00,0.000000e+00,0.000000e+00,0.000000e+00,0.000000e+00,0.000000e+00,0.000000e+00,0.000000e+00,0.000000e+00,0.000000e+00,0.000000e+00,0.000000e+00
1.000000e+00,0.000000e+00,0.000000e+00,0.000000e+00,0.000000e+00,0.000000e+00,0.000000e+00,0.000000e+00,0.000000e+00,0.000000e+00,0.000000e+00,0.000000e+00,0.000000e+00,0.000000e+00,0.000000e+00
1.000000e+00,0.000000e+00,0.000000e+00,0.000000e+00,0.000000e+00,0.000000e+00,0.000000e+00,0.000000e+00,0.000000e+00,0.000000e+00,0.000000e+00,0.000000e+00,0.000000e+00,0.000000e+00,0.000000e+00
1.000000e+00,0.000000e+00,0.000000e+00,0.000000e+00,0.000000e+00,0.000000e+00,0.000000e+00,0.000000e+00,0.000000e+00,0.000000e+00,0.000000e+00,0.000000e+00,0.000000e+00,0.000000e+00,0.000000e+00
1.000000e+00,0.000000e+00,0.000000e+00,0.000000e+00,0.000000e+00,0.000000e+00,0.000000e+00,0.000000e+00,0.000000e+00,0.000000e+00,0.000000e+00,0.000000e+00,0.000000e+00,0.000000e+00,0.000000e+00
1.000000e+00,0.000000e+00,0.000000e+00,0.000000e+00,0.000000e+00,0.000000e+00,0.000000e+00,0.000000e+00,0.000000e+00,0.000000e+00,0.000000e+00,0.000000e+00,0.000000e+00,0.000000e+00,0.000000e+00
1.000000e+00,0.000000e+00,0.000000e+00,0.000000e+00,0.000000e+00,0.000000e+00,0.000000e+00,0.000000e+00,0.000000e+00,0.000000e+00,0.000000e+00,0.000000e+00,0.000000e+00,0.000000e+00,0.000000e+00
1.000000e+00,0.000000e+00,0.000000e+00,0.000000e+00,0.000000e+00,0.000000e+00,0.000000e+00,0.000000e+00,0.000000e+00,0.000000e+00,0.000000e+00,0.000000e+00,0.000000e+00,0.000000e+00,0.000000e+00
1.000000e+00,0.000000e+00,0.000000e+00,0.000000e+00,0.000000e+00,0.000000e+00,0.000000e+00,0.000000e+00,0.000000e+00,0.000000e+00,0.000000e+00,0.000000e+00,0.000000e+00,0.000000e+00,0.000000e+00
1.000000e+00,0.000000e+00,0.000000e+00,0.000000e+00,0.000000e+00,0.000000e+00,0.000000e+00,0.000000e+00,0.000000e+00,0.000000e+00,0.000000e+00,0.000000e+00,0.000000e+00,0.000000e+00,0.000000e+00
1.000000e+00,0.000000e+00,0.000000e+00,0.000000e+00,0.000000e+00,0.000000e+00,0.000000e+00,0.000000e+00,0.000000e+00,0.000000e+00,0.000000e+00,0.000000e+00,0.000000e+00,0.000000e+00,0.000000e+00
1.000000e+00,0.000000e+00,0.000000e+00,0.000000e+00,0.000000e+00,0.000000e+00,0.000000e+00,0.000000e+00,0.000000e+00,0.000000e+00,0.000000e+00,0.000000e+00,0.000000e+00,0.000000e+00,0.000000e+00
1.000000e+00,0.000000e+00,0.000000e+00,0.000000e+00,0.000000e+00,0.000000e+00,0.000000e+00,0.000000e+00,0.000000e+00,0.000000e+00,0.000000e+00,0.000000e+00,0.000000e+00,0.000000e+00,0.000000e+00
1.000000e+00,0.000000e+00,0.000000e+00,0.000000e+00,0.000000e+00,0.000000e+00,0.000000e+00,0.000000e+00,0.000000e+00,0.000000e+00,0.000000e+00,0.000000e+00,0.000000e+00,0.000000e+00,0.000000e+00
1.000000e+00,0.000000e+00,0.000000e+00,0.000000e+00,0.000000e+00,0.000000e+00,0.000000e+00,0.000000e+00,0.000000e+00,0.000000e+00,0.000000e+00,0.000000e+00,0.000000e+00,0.000000e+00,0.000000e+00
1.000000e+00,0.000000e+00,0.000000e+00,0.000000e+00,0.000000e+00,0.000000e+00,0.000000e+00,0.000000e+00,0.000000e+00,0.000000e+00,0.000000e+00,0.000000e+00,0.000000e+00,0.000000e+00,0.000000e+00
1.000000e+00,0.000000e+00,0.000000e+00,0.000000e+00,0.000000e+00,0.000000e+00,0.000000e+00,0.000000e+00,0.000000e+00,0.000000e+00,0.000000e+00,0.000000e+00,0.000000e+00,0.000000e+00,0.000000e+00
1.000000e+00,0.000000e+00,0.000000e+00,0.000000e+00,0.000000e+00,0.000000e+00,0.000000e+00,0.000000e+00,0.000000e+00,0.000000e+00,0.000000e+00,0.000000e+00,0.000000e+00,0.000000e+00,0.000000e+00
1.000000e+00,0.000000e+00,0.000000e+00,0.000000e+00,0.000000e+00,0.000000e+00,0.000000e+00,0.000000e+00,0.000000e+00,0.000000e+00,0.000000e+00,0.000000e+00,0.000000e+00,0.000000e+00,0.000000e+00
1.000000e+00,0.000000e+00,0.000000e+00,0.000000e+00,0.000000e+00,0.000000e+00,0.000000e+00,0.000000e+00,0.000000e+00,0.000000e+00,0.000000e+00,0.000000e+00,0.000000e+00,0.000000e+00,0.000000e+00
1.000000e+00,0.000000e+00,0.000000e+00,0.000000e+00,0.000000e+00,0.000000e+00,0.000000e+00,0.000000e+00,0.000000e+00,0.000000e+00,0.000000e+00,0.000000e+00,0.000000e+00,0.000000e+00,0.000000e+00
1.000000e+00,0.000000e+00,0.000000e+00,0.000000e+00,0.000000e+00,0.000000e+00,0.000000e+00,0.000000e+00,0.000000e+00,0.000000e+00,0.000000e+00,0.000000e+00,0.000000e+00,0.000000e+00,0.000000e+00
1.000000e+00,0.000000e+00,0.000000e+00,0.000000e+00,0.000000e+00,0.000000e+00,0.000000e+00,0.000000e+00,0.000000e+00,0.000000e+00,0.000000e+00,0.000000e+00,0.000000e+00,0.000000e+00,0.000000e+00
1.000000e+00,0.000000e+00,0.000000e+00,0.000000e+00,0.000000e+00,0.000000e+00,0.000000e+00,0.000000e+00,0.000000e+00,0.000000e+00,0.000000e+00,0.000000e+00,0.000000e+00,0.000000e+00,0.000000e+00
1.000000e+00,0.000000e+00,0.000000e+00,0.000000e+00,0.000000e+00,0.000000e+00,0.000000e+00,0.000000e+00,0.000000e+00,0.000000e+00,0.000000e+00,0.000000e+00,0.000000e+00,0.000000e+00,0.000000e+00
1.000000e+00,0.000000e+00,0.000000e+00,0.000000e+00,0.000000e+00,0.000000e+00,0.000000e+00,0.000000e+00,0.000000e+00,0.000000e+00,0.000000e+00,0.000000e+00,0.000000e+00,0.000000e+00,0.000000e+00
1.000000e+00,0.000000e+00,0.000000e+00,0.000000e+00,0.000000e+00,0.000000e+00,0.000000e+00,0.000000e+00,0.000000e+00,0.000000e+00,0.000000e+00,0.000000e+00,0.000000e+00,0.000000e+00,0.000000e+00
1.000000e+00,0.000000e+00,0.000000e+00,0.000000e+00,0.000000e+00,0.000000e+00,0.000000e+00,0.000000e+00,0.000000e+00,0.000000e+00,0.000000e+00,0.000000e+00,0.000000e+00,0.000000e+00,0.000000e+00
1.000000e+00,0.000000e+00,0.000000e+00,0.000000e+00,0.000000e+00,0.000000e+00,0.000000e+00,0.000000e+00,0.000000e+00,0.000000e+00,0.000000e+00,0.000000e+00,0.000000e+00,0.000000e+00,0.000000e+00
1.000000e+00,0.000000e+00,0.000000e+00,0.000000e+00,0.000000e+00,0.000000e+00,0.000000e+00,0.000000e+00,0.000000e+00,0.000000e+00,0.000000e+00,0.000000e+00,0.000000e+00,0.000000e+00,0.000000e+00
1.000000e+00,0.000000e+00,0.000000e+00,0.000000e+00,0.000000e+00,0.000000e+00,0.000000e+00,0.000000e+00,0.000000e+00,0.000000e+00,0.000000e+00,0.000000e+00,0.000000e+00,0.000000e+00,0.000000e+00
1.000000e+00,0.000000e+00,0.000000e+00,0.000000e+00,0.000000e+00,0.000000e+00,0.000000e+00,0.000000e+00,0.000000e+00,0.000000e+00,0.000000e+00,0.000000e+00,0.000000e+00,0.000000e+00,0.000000e+00
1.000000e+00,0.000000e+00,0.000000e+00,0.000000e+00,0.000000e+00,0.000000e+00,0.000000e+00,0.000000e+00,0.000000e+00,0.000000e+00,0.000000e+00,0.000000e+00,0.000000e+00,0.000000e+00,0.000000e+00
1.000000e+00,0.000000e+00,0.000000e+00,0.000000e+00,0.000000e+00,0.000000e+00,0.000000e+00,0.000000e+00,0.000000e+00,0.000000e+00,0.000000e+00,0.000000e+00,0.000000e+00,0.000000e+00,0.000000e+00
1.000000e+00,0.000000e+00,0.000000e+00,0.000000e+00,0.000000e+00,0.000000e+00,0.000000e+00,0.000000e+00,0.000000e+00,0.000000e+00,0.000000e+00,0.000000e+00,0.000000e+00,0.000000e+00,0.000000e+00
1.000000e+00,0.000000e+00,0.000000e+00,0.000000e+00,0.000000e+00,0.000000e+00,0.000000e+00,0.000000e+00,0.000000e+00,0.000000e+00,0.000000e+00,0.000000e+00,0.000000e+00,0.000000e+00,0.000000e+00
1.000000e+00,0.000000e+00,0.000000e+00,0.000000e+00,0.000000e+00,0.000000e+00,0.000000e+00,0.000000e+00,0.000000e+00,0.000000e+00,0.000000e+00,0.000000e+00,0.000000e+00,0.000000e+00,0.000000e+00
1.000000e+00,0.000000e+00,0.000000e+00,0.000000e+00,0.000000e+00,0.000000e+00,0.000000e+00,0.000000e+00,0.000000e+00,0.000000e+00,0.000000e+00,0.000000e+00,0.000000e+00,0.000000e+00,0.000000e+00
1.000000e+00,0.000000e+00,0.000000e+00,0.000000e+00,0.000000e+00,0.000000e+00,0.000000e+00,0.000000e+00,0.000000e+00,0.000000e+00,0.000000e+00,0.000000e+00,0.000000e+00,0.000000e+00,0.000000e+00
1.000000e+00,0.000000e+00,0.000000e+00,0.000000e+00,0.000000e+00,0.000000e+00,0.000000e+00,0.000000e+00,0.000000e+00,0.000000e+00,0.000000e+00,0.000000e+00,0.000000e+00,0.000000e+00,0.000000e+00
1.000000e+00,0.000000e+00,0.000000e+00,0.000000e+00,0.000000e+00,0.000000e+00,0.000000e+00,0.000000e+00,0.000000e+00,0.000000e+00,0.000000e+00,0.000000e+00,0.000000e+00,0.000000e+00,0.000000e+00
1.000000e+00,0.000000e+00,0.000000e+00,0.000000e+00,0.000000e+00,0.000000e+00,0.000000e+00,0.000000e+00,0.000000e+00,0.000000e+00,0.000000e+00,0.000000e+00,0.000000e+00,0.000000e+00,0.000000e+00
1.000000e+00,0.000000e+00,0.000000e+00,0.000000e+00,0.000000e+00,0.000000e+00,0.000000e+00,0.000000e+00,0.000000e+00,0.000000e+00,0.000000e+00,0.000000e+00,0.000000e+00,0.000000e+00,0.000000e+00
1.000000e+00,0.000000e+00,0.000000e+00,0.000000e+00,0.000000e+00,0.000000e+00,0.000000e+00,0.000000e+00,0.000000e+00,0.000000e+00,0.000000e+00,0.000000e+00,0.000000e+00,0.000000e+00,0.000000e+00
1.000000e+00,0.000000e+00,0.000000e+00,0.000000e+00,0.000000e+00,0.000000e+00,0.000000e+00,0.000000e+00,0.000000e+00,0.000000e+00,0.000000e+00,0.000000e+00,0.000000e+00,0.000000e+00,0.000000e+00
1.000000e+00,0.000000e+00,0.000000e+00,0.000000e+00,0.000000e+00,0.000000e+00,0.000000e+00,0.000000e+00,0.000000e+00,0.000000e+00,0.000000e+00,0.000000e+00,0.000000e+00,0.000000e+00,0.000000e+00
1.000000e+00,0.000000e+00,0.000000e+00,0.000000e+00,0.000000e+00,0.000000e+00,0.000000e+00,0.000000e+00,0.000000e+00,0.000000e+00,0.000000e+00,0.000000e+00,0.000000e+00,0.000000e+00,0.000000e+00
1.000000e+00,0.000000e+00,0.000000e+00,0.000000e+00,0.000000e+00,0.000000e+00,0.000000e+00,0.000000e+00,0.000000e+00,0.000000e+00,0.000000e+00,0.000000e+00,0.000000e+00,0.000000e+00,0.000000e+00
1.000000e+00,0.000000e+00,0.000000e+00,0.000000e+00,0.000000e+00,0.000000e+00,0.000000e+00,0.000000e+00,0.000000e+00,0.000000e+00,0.000000e+00,0.000000e+00,0.000000e+00,0.000000e+00,0.000000e+00
1.000000e+00,0.000000e+00,0.000000e+00,0.000000e+00,0.000000e+00,0.000000e+00,0.000000e+00,0.000000e+00,0.000000e+00,0.000000e+00,0.000000e+00,0.000000e+00,0.000000e+00,0.000000e+00,0.000000e+00
3.995528e-01,2.421540e-02,1.589036e-02,5.822475e-02,1.079445e-02,2.263562e-02,6.089061e-03,7.534719e-03,4.660408e-03,2.468730e-03,3.597217e-02,3.784705e-01,1.500195e-02,3.115568e-03,1.537356e-02
3.076573e-01,2.368345e-02,1.275474e-02,5.263757e-02,9.052305e-03,2.352451e-02,4.455766e-03,5.652662e-03,6.134314e-03,2.459834e-03,6.082854e-02,4.482070e-01,1.378536e-02,3.974845e-03,2.519179e-02
2.239505e-01,1.735555e-02,9.110401e-03,3.887151e-02,6.780687e-03,2.172073e-02,3.227088e-03,4.054132e-03,4.813097e-03,1.889745e-03,6.511703e-02,5.691918e-01,1.018440e-02,3.719439e-03,2.001391e-02
1.574786e-01,1.226258e-02,6.421580e-03,2.740820e-02,5.275508e-03,1.644740e-02,2.270498e-03,2.871740e-03,4.482805e-03,1.467565e-03,5.343138e-02,6.853650e-01,7.383693e-03,3.109905e-03,1.432357e-02
1.103609e-01,8.649232e-03,4.520351e-03,1.929922e-02,4.056493e-03,1.261362e-02,1.596710e-03,2.032822e-03,3.855005e-03,1.166548e-03,4.208903e-02,7.718387e-01,5.353290e-03,2.426306e-03,1.014182e-02
7.736622e-02,6.176549e-03,3.178656e-03,1.354940e-02,3.032749e-03,9.400717e-03,1.125442e-03,1.456322e-03,3.739895e-03,9.133762e-04,5.265701e-02,8.142899e-01,3.809471e-03,2.097443e-03,7.206859e-03
5.448491e-02,4.783163e-03,2.274625e-03,9.572573e-03,3.176390e-03,7.126224e-03,8.047080e-04,1.159500e-03,5.371409e-03,9.485245e-04,4.794551e-02,8.525226e-01,2.722615e-03,1.825785e-03,5.281461e-03
3.818851e-02,3.439162e-03,1.653114e-03,6.789719e-03,3.573492e-03,6.460536e-03,5.923347e-04,9.614865e-04,4.722806e-03,9.793264e-04,4.103857e-02,8.844320e-01,1.978150e-03,1.399443e-03,3.791394e-03
2.679059e-02,2.564300e-03,1.209260e-03,4.821595e-03,3.349100e-03,4.787935e-03,5.024270e-04,7.622920e-04,4.647091e-03,1.148364e-03,3.839492e-02,9.054902e-01,1.448732e-03,1.196296e-03,2.886953e-03
1.884048e-02,3.325611e-03,1.295921e-03,3.541329e-03,5.391718e-03,3.916992e-03,7.187653e-04,1.013616e-03,4.794393e-03,2.842271e-03,4.506616e-02,9.038508e-01,1.046922e-03,1.041575e-03,3.313519e-03
1.331722e-02,2.603708e-03,1.065971e-03,2.548942e-03,4.952290e-03,3.174863e-03,6.335509e-04,1.035982e-03,4.798597e-03,4.610373e-03,5.143052e-02,9.052776e-01,8.374017e-04,1.028760e-03,2.684329e-03
9.655561e-03,2.156266e-03,9.462556e-04,1.838767e-03,4.088561e-03,2.482044e-03,5.063151e-04,9.551949e-04,4.843410e-03,5.849390e-03,8.367252e-02,8.788112e-01,7.157617e-04,1.116224e-03,2.362626e-03
7.239384e-03,1.940508e-03,1.363773e-03,1.454164e-03,3.561111e-03,2.516810e-03,5.838471e-04,1.223459e-03,5.012072e-03,6.635345e-03,8.476353e-02,8.791282e-01,7.257069e-04,1.534004e-03,2.318124e-03
6.201296e-03,1.571118e-03,1.261445e-03,1.079929e-03,2.727626e-03,3.647804e-03,5.423818e-04,1.235399e-03,4.940663e-03,5.786257e-03,8.921497e-02,8.771406e-01,7.920583e-04,1.833134e-03,2.025370e-03
9.674629e-03,1.322562e-03,1.340766e-03,8.674685e-04,2.390745e-03,5.769215e-03,7.915734e-04,1.456253e-03,5.518215e-03,5.758883e-03,1.399310e-01,8.198308e-01,9.886448e-04,2.426833e-03,1.932438e-03
1.697182e-02,1.703166e-03,1.790991e-03,1.705965e-03,3.473682e-03,7.815061e-03,1.301603e-03,2.256226e-03,1.087669e-02,6.151312e-03,1.443500e-01,7.934379e-01,1.379047e-03,4.072968e-03,2.713652e-03
3.274816e-02,2.214418e-03,1.763367e-03,2.398741e-03,3.583215e-03,8.253864e-03,1.337530e-03,2.333178e-03,1.132929e-02,6.823602e-03,1.390444e-01,7.756599e-01,1.647093e-03,6.720744e-03,4.142522e-03
5.489633e-02,4.110433e-03,4.213225e-03,2.498630e-03,4.867842e-03,1.126641e-02,1.483745e-03,3.529472e-03,1.163628e-02,9.275685e-03,1.848693e-01,6.872391e-01,1.775031e-03,1.244968e-02,5.888863e-03
5.819255e-02,3.697687e-03,3.886096e-03,2.033670e-03,4.948636e-03,1.105589e-02,1.343457e-03,3.649639e-03,1.092638e-02,9.970435e-03,2.389762e-01,6.258847e-01,1.926253e-03,1.829454e-02,5.213920e-03
7.205293e-02,3.102406e-03,3.502201e-03,1.828720e-03,4.194669e-03,1.083466e-02,1.134231e-03,3.973824e-03,1.183824e-02,8.932175e-03,2.902293e-01,5.572630e-01,2.090736e-03,2.437909e-02,4.643856e-03
6.166409e-02,2.975866e-03,2.804878e-03,1.480429e-03,4.034730e-03,8.770254e-03,8.890959e-04,3.368319e-03,1.581051e-02,8.133535e-03,3.735415e-01,4.878733e-01,1.671902e-03,2.292173e-02,4.059853e-03
5.496246e-02,3.202287e-03,2.397073e-03,1.418143e-03,6.452307e-03,7.845300e-03,7.864173e-04,2.743026e-03,2.107339e-02,8.350509e-03,4.722874e-01,3.921276e-01,1.414617e-03,2.099622e-02,3.943296e-03
4.177773e-02,4.855854e-03,2.809767e-03,1.345103e-03,9.786568e-03,6.237837e-03,5.836455e-04,2.405253e-03,2.266283e-02,7.452372e-03,5.663448e-01,3.062676e-01,1.045936e-03,2.209107e-02,4.333650e-03
3.243412e-02,4.688925e-02,4.027663e-02,1.967690e-03,2.262855e-02,7.870747e-03,1.370571e-03,2.973257e-03,3.706089e-02,2.580668e-02,4.556920e-01,2.955762e-01,1.031025e-03,2.184163e-02,6.580827e-03
2.684794e-02,1.095246e-01,7.200707e-02,3.914752e-03,4.105999e-02,1.217520e-02,2.014488e-03,3.945857e-03,5.056123e-02,3.985403e-02,3.798946e-01,2.289613e-01,9.421916e-04,1.881036e-02,9.486306e-03
2.657695e-02,2.004727e-01,8.921514e-02,1.161238e-02,9.121052e-02,1.196556e-02,3.931481e-03,3.010517e-03,6.361447e-02,3.149758e-02,2.764843e-01,1.627461e-01,7.588294e-04,1.354686e-02,1.335657e-02
2.997478e-02,2.675975e-01,1.145841e-01,1.186505e-02,1.213913e-01,1.525642e-02,5.066767e-03,2.444990e-03,5.794517e-02,2.460778e-02,2.082661e-01,1.149429e-01,6.499604e-04,9.741428e-03,1.566576e-02
3.924613e-02,2.753009e-01,1.182145e-01,9.692756e-03,1.483269e-01,1.416496e-02,4.106058e-03,2.959081e-03,6.556324e-02,2.125873e-02,1.984631e-01,8.113470e-02,5.927549e-04,7.718992e-03,1.325711e-02
4.796808e-02,3.583845e-01,8.827909e-02,8.027164e-03,1.278590e-01,1.096213e-02,3.042676e-03,4.431924e-03,7.468171e-02,2.069694e-02,1.782436e-01,5.786645e-02,5.162169e-04,6.573179e-03,1.246737e-02
5.654640e-02,4.233281e-01,6.913502e-02,9.196594e-03,1.181908e-01,8.806056e-03,2.672757e-03,8.433547e-03,8.343283e-02,1.697302e-02,1.426697e-01,4.200389e-02,6.610202e-04,6.822914e-03,1.112732e-02
6.951644e-02,4.739599e-01,6.767082e-02,1.627052e-02,9.669323e-02,7.752804e-03,2.334313e-03,1.281925e-02,7.848919e-02,1.670875e-02,1.057138e-01,3.252415e-02,8.765839e-04,5.688158e-03,1.298210e-02
1.002066e-01,4.899455e-01,5.144870e-02,1.282201e-02,8.480085e-02,7.280566e-03,2.400356e-03,1.034981e-02,9.451127e-02,2.248980e-02,8.130947e-02,2.578365e-02,9.482403e-04,5.646010e-03,1.005720e-02
1.158713e-01,4.673279e-01,3.677081e-02,1.712778e-02,1.058391e-01,9.092500e-03,3.966792e-03,8.295901e-03,1.025515e-01,3.320219e-02,6.216278e-02,2.175538e-02,1.515823e-03,4.963242e-03,9.557023e-03
1.373667e-01,3.903158e-01,2.765584e-02,2.204172e-02,1.589129e-01,1.525132e-02,4.412228e-03,8.111292e-03,1.064756e-01,4.521222e-02,4.725226e-02,2.083000e-02,1.907318e-03,5.105993e-03,9.148787e-03
1.022454e-01,2.860138e-01,2.107054e-02,8.915133e-02,1.198100e-01,1.848234e-02,3.281373e-03,5.992579e-03,7.603092e-02,3.174695e-02,4.073923e-02,1.372230e-01,5.732005e-02,3.890994e-03,7.001516e-03
7.453726e-02,2.072041e-01,1.683596e-02,9.244180e-02,9.305511e-02,1.531104e-02,2.438384e-03,4.397333e-03,5.615580e-02,2.256100e-02,3.692869e-02,2.380491e-01,1.311954e-01,3.256177e-03,5.632837e-03
5.422802e-02,1.692340e-01,1.885653e-02,1.134646e-01,8.333107e-02,1.172230e-02,1.760683e-03,3.183168e-03,4.287849e-02,2.413908e-02,6.066354e-02,2.581323e-01,1.495584e-01,3.122753e-03,5.725042e-03
3.868311e-02,1.336292e-01,1.705497e-02,8.735485e-02,7.270196e-02,1.140905e-02,1.345746e-03,2.390585e-03,3.221278e-02,2.352487e-02,1.378489e-01,2.600653e-01,1.722082e-01,4.438322e-03,5.132153e-03
2.740190e-02,9.458127e-02,1.215097e-02,6.220167e-02,5.461056e-02,9.522698e-03,9.750029e-04,1.699735e-03,2.360374e-02,1.735600e-02,1.132368e-01,4.391385e-01,1.303292e-01,8.819528e-03,4.372423e-03
1.931369e-02,6.642278e-02,8.580881e-03,4.386067e-02,3.929175e-02,7.710186e-03,7.057762e-04,1.204429e-03,1.856340e-02,1.260239e-02,8.749215e-02,5.808733e-01,9.622354e-02,1.374096e-02,3.414127e-03
1.368664e-02,4.675536e-02,6.079012e-03,3.099640e-02,2.785798e-02,8.195054e-03,6.517579e-04,8.966844e-04,1.603507e-02,9.965930e-03,6.573441e-02,6.850843e-01,7.371470e-02,1.162209e-02,2.724605e-03
9.683732e-03,3.315656e-02,4.295664e-03,2.182453e-02,2.010862e-02,1.034790e-02,5.346356e-04,7.115537e-04,1.532531e-02,7.538348e-03,5.204286e-02,7.562350e-01,5.575610e-02,1.017154e-02,2.267743e-03
6.904199e-03,2.343449e-02,3.044585e-03,1.536986e-02,1.425309e-02,9.395477e-03,5.329780e-04,5.701741e-04,1.163984e-02,5.673794e-03,3.768007e-02,8.188362e-01,4.308195e-02,7.682690e-03,1.900589e-03
4.963930e-03,1.663774e-02,2.184414e-03,1.084841e-02,1.077374e-02,7.956239e-03,4.453818e-04,5.672466e-04,1.038669e-02,4.253840e-03,2.706543e-02,8.642245e-01,3.216650e-02,6.080633e-03,1.445293e-03
4.009608e-03,1.223944e-02,1.677312e-03,7.759426e-03,9.021979e-03,6.913489e-03,4.250819e-04,7.540424e-04,9.038935e-03,3.324714e-03,2.010198e-02,8.930883e-01,2.462794e-02,5.717968e-03,1.299833e-03
3.142957e-03,8.677245e-03,1.233996e-03,5.529858e-03,8.649318e-03,5.343595e-03,3.625493e-04,8.818732e-04,7.796413e-03,2.422170e-03,1.552433e-02,9.140643e-01,2.083912e-02,4.561310e-03,9.709265e-04
2.676579e-03,6.286924e-03,9.457541e-04,3.948193e-03,1.947373e-02,5.455608e-03,5.573063e-04,1.258413e-03,6.553453e-03,1.769701e-03,1.332952e-02,9.154200e-01,1.810598e-02,3.504137e-03,7.147151e-04
2.205471e-03,4.594043e-03,9.390098e-04,2.850894e-03,1.681543e-02,6.468880e-03,5.655548e-04,1.778238e-03,4.926706e-03,1.289236e-03,1.220110e-02,9.264081e-01,1.573888e-02,2.647278e-03,5.711960e-04
3.244431e-03,3.569987e-03,1.374393e-03,2.080235e-03,1.516686e-02,5.335983e-03,4.924546e-04,1.852295e-03,4.188585e-03,1.037786e-03,1.238884e-02,9.309415e-01,1.500053e-02,2.768667e-03,5.574580e-04
3.852725e-03,2.833254e-03,1.780392e-03,1.540639e-03,1.487151e-02,5.149760e-03,9.024893e-04,2.287042e-03,4.240758e-03,8.636930e-04,1.076794e-02,9.313012e-01,1.657433e-02,2.525936e-03,5.082900e-04
5.941434e-03,2.080051e-03,1.791250e-03,1.201031e-03,1.392948e-02,5.011123e-03,1.055335e-03,3.870163e-03,3.703380e-03,6.527563e-04,8.597238e-03,9.302144e-01,1.961204e-02,1.958926e-03,3.813886e-04
6.729200e-03,1.487997e-03,1.505612e-03,9.130091e-04,1.207166e-02,5.204390e-03,1.087137e-03,4.352293e-03,2.879580e-03,4.779405e-04,6.332786e-03,9.386227e-01,1.662732e-02,1.427826e-03,2.804949e-04
2.482123e-02,1.272086e-03,7.321252e-03,6.919235e-04,1.288120e-02,6.674372e-03,2.695565e-03,6.070225e-03,2.279390e-03,3.916682e-04,5.043252e-03,9.160819e-01,1.232670e-02,1.179430e-03,2.697583e-04
2.811049e-02,1.022759e-03,6.519352e-03,5.004205e-04,1.015884e-02,5.871984e-03,2.239671e-03,5.750210e-03,1.700881e-03,2.919305e-04,3.814717e-03,9.225789e-01,1.034102e-02,8.823292e-04,2.164829e-04
2.702524e-02,7.884101e-04,5.121750e-03,3.665728e-04,8.232058e-03,5.106771e-03,2.225085e-03,5.669070e-03,1.287603e-03,2.207898e-04,3.097743e-03,9.299571e-01,1.007222e-02,6.647665e-04,1.647992e-04
3.354235e-02,6.422586e-04,4.064393e-03,2.871302e-04,6.328012e-03,5.276832e-03,1.983595e-03,5.266092e-03,1.029628e-03,2.152635e-04,4.800028e-03,9.263859e-01,9.086618e-03,9.325706e-04,1.593156e-04
3.755283e-02,5.450848e-04,3.322018e-03,2.301479e-04,5.067867e-03,4.812605e-03,1.821407e-03,4.836397e-03,8.523433e-04,1.969152e-04,6.703976e-03,9.245187e-01,8.371519e-03,1.010407e-03,1.577615e-04
5.182473e-02,5.623339e-04,3.347029e-03,2.818109e-04,4.109892e-03,4.732770e-03,1.811140e-03,3.990525e-03,9.233347e-04,2.944095e-04,2.090434e-02,8.896964e-01,1.446764e-02,2.808798e-03,2.448717e-04
6.673609e-02,8.692986e-04,3.344207e-03,4.802164e-04,3.459777e-03,4.734754e-03,2.108745e-03,3.453992e-03,1.368250e-03,5.312409e-04,1.863884e-02,8.595426e-01,2.913550e-02,4.876801e-03,7.196433e-04
1.018869e-01,5.411656e-03,6.632802e-03,2.322041e-03,6.630094e-03,9.708716e-03,9.300764e-03,3.774510e-03,9.171309e-03,7.666256e-04,1.571523e-02,7.834265e-01,3.693800e-02,4.423414e-03,3.891446e-03
1.055750e-01,2.184415e-02,2.180901e-02,3.404566e-02,3.520046e-02,2.294848e-02,2.711213e-02,4.156282e-03,3.347950e-02,2.320217e-03,1.238022e-02,6.125251e-01,3.584529e-02,4.302240e-03,2.645621e-02
1.143070e-01,2.371283e-02,2.769531e-02,4.434066e-02,4.064709e-02,4.831836e-02,3.414849e-02,7.292503e-03,2.784838e-02,2.012424e-03,9.250224e-03,5.462033e-01,4.640473e-02,3.484602e-03,2.433398e-02
1.019878e-01,1.873013e-02,6.485889e-02,1.808798e-01,3.438339e-02,4.397652e-02,2.828125e-02,4.233751e-02,2.071778e-02,2.057176e-03,6.917519e-03,3.860237e-01,4.536925e-02,2.553927e-03,2.092526e-02
1.026292e-01,1.388701e-02,5.721112e-02,1.324381e-01,2.881570e-02,3.759346e-02,3.171764e-02,2.343552e-01,1.581186e-02,1.490118e-03,4.958279e-03,2.714645e-01,5.017442e-02,1.878024e-03,1.557542e-02
8.032310e-02,1.010227e-02,5.607383e-02,9.789208e-02,2.391429e-02,2.919222e-02,2.923054e-02,4.154331e-01,1.150338e-02,1.265476e-03,3.559995e-03,1.901537e-01,3.823858e-02,1.398566e-03,1.171875e-02
6.473117e-02,7.238970e-03,4.180495e-02,7.007265e-02,1.898554e-02,2.160143e-02,2.219540e-02,5.710512e-01,8.448213e-03,9.128828e-04,2.549062e-03,1.331512e-01,2.797370e-02,9.996982e-04,8.283762e-03
5.278522e-02,5.162459e-03,3.109113e-02,5.027358e-02,1.548645e-02,1.561996e-02,1.656043e-02,6.844891e-01,6.178240e-03,6.446730e-04,1.801891e-03,9.322272e-02,2.015523e-02,7.085262e-04,5.820331e-03
6.192793e-02,4.241820e-03,3.159902e-02,3.597010e-02,1.824747e-02,1.205780e-02,1.344373e-02,7.291600e-01,4.905834e-03,1.250690e-03,1.646602e-03,6.540129e-02,1.473056e-02,5.869881e-04,4.830190e-03
7.753350e-02,3.879369e-03,2.397546e-02,2.630100e-02,1.519757e-02,1.042079e-02,9.803537e-03,7.568998e-01,4.382284e-03,1.197924e-03,4.076011e-03,4.782869e-02,1.269200e-02,6.824578e-04,5.129574e-03
1.070487e-01,3.706909e-03,1.835858e-02,2.231693e-02,1.308914e-02,1.549163e-02,7.664698e-03,7.211596e-01,5.674180e-03,1.496564e-03,1.017611e-02,4.264547e-02,2.405713e-02,1.289151e-03,5.825159e-03
1.296819e-01,4.547818e-03,3.127005e-02,3.429496e-02,3.580530e-02,2.912332e-02,1.070203e-02,6.431087e-01,6.202263e-03,2.119249e-03,9.258468e-03,3.592956e-02,2.157843e-02,1.171937e-03,5.205999e-03
1.411467e-01,3.892854e-03,4.185206e-02,3.243867e-02,5.301658e-02,4.012617e-02,3.563412e-02,5.813803e-01,7.114928e-03,2.062980e-03,8.879906e-03,2.700470e-02,2.025167e-02,9.634925e-04,4.234883e-03
1.091078e-01,3.371919e-03,4.126441e-02,3.173170e-02,4.055292e-02,1.955925e-01,2.914620e-02,4.355396e-01,7.644945e-03,1.582613e-03,8.873668e-03,1.964154e-02,7.158156e-02,7.275377e-04,3.641010e-03
1.091062e-01,3.297410e-03,2.987448e-02,2.979585e-02,3.409038e-02,1.684978e-01,2.298049e-02,3.092943e-01,1.317648e-02,1.823268e-03,1.796893e-02,2.064880e-02,2.334082e-01,8.568390e-04,5.180438e-03
9.005232e-02,2.754283e-03,2.159121e-02,2.356133e-02,2.684178e-02,1.319232e-01,1.828521e-02,2.172838e-01,1.516777e-02,1.763949e-03,2.147254e-02,2.067609e-02,4.021212e-01,7.863581e-04,5.718875e-03
6.615768e-02,2.298937e-03,1.522730e-02,1.685802e-02,1.942846e-02,9.368801e-02,1.296046e-02,1.523332e-01,1.265485e-02,1.346138e-03,1.619202e-02,2.293099e-02,5.594835e-01,7.405185e-04,7.699816e-03
4.856942e-02,1.869317e-03,1.085849e-02,1.206725e-02,1.491328e-02,6.716067e-02,9.243098e-03,1.072360e-01,9.467448e-03,1.013106e-03,1.263700e-02,2.629081e-02,6.709768e-01,6.850864e-04,7.012196e-03
3.633496e-02,1.499819e-03,7.640469e-03,8.518770e-03,1.100325e-02,4.753333e-02,6.601590e-03,7.532310e-02,7.013487e-03,7.371582e-04,9.157282e-03,2.205427e-02,7.606210e-01,5.957443e-04,5.365728e-03
2.679744e-02,1.425556e-03,5.397345e-03,6.145205e-03,8.712754e-03,3.372490e-02,4.706615e-03,5.323517e-02,6.034734e-03,5.443338e-04,6.635383e-03,1.971802e-02,8.221197e-01,6.048246e-04,4.198049e-03
1.941949e-02,2.186754e-03,3.868746e-03,4.498051e-03,7.188095e-03,2.417199e-02,3.350017e-03,3.763435e-02,7.684579e-03,4.286918e-04,4.956801e-03,1.613278e-02,8.642241e-01,7.270511e-04,3.528501e-03
1.529162e-02,3.258399e-03,2.826330e-03,3.304482e-03,5.870980e-03,1.742548e-02,2.396012e-03,2.648382e-02,9.796463e-03,3.611862e-04,3.810514e-03,1.313819e-02,8.909377e-01,1.531254e-03,3.567552e-03
1.273661e-02,4.886822e-03,2.077473e-03,2.404732e-03,5.674501e-03,1.268336e-02,1.723760e-03,1.871119e-02,1.423896e-02,3.034750e-04,3.088543e-03,1.205656e-02,9.040422e-01,1.426692e-03,3.945046e-03
1.334893e-02,7.874419e-03,1.604191e-03,1.828846e-03,4.523600e-03,9.881357e-03,1.257334e-03,1.322444e-02,1.844614e-02,3.416486e-04,3.385611e-03,1.403599e-02,9.017153e-01,2.639471e-03,5.892674e-03
1.165140e-02,2.056897e-02,2.117842e-03,1.392470e-03,4.526188e-03,1.161630e-02,1.112418e-03,9.859849e-03,3.638970e-02,4.229060e-04,3.620986e-03,1.471247e-02,8.691438e-01,3.696317e-03,9.168298e-03
1.051786e-02,5.406068e-02,3.448897e-03,1.175475e-03,4.757918e-03,1.539126e-02,9.515591e-04,8.794371e-03,7.288399e-02,5.891009e-04,5.022784e-03,1.810313e-02,7.829478e-01,4.124663e-03,1.723046e-02
9.161826e-03,8.553933e-02,2.196111e-02,1.155739e-03,4.722935e-03,2.472251e-02,7.788351e-04,1.774012e-02,1.067216e-01,1.049006e-03,4.838274e-03,1.717851e-02,6.782446e-01,5.130018e-03,2.105555e-02
9.384835e-03,1.034430e-01,7.915507e-02,1.437119e-03,5.574560e-03,2.874853e-02,6.873404e-04,2.771007e-02,1.508506e-01,1.176156e-03,4.762091e-03,1.357139e-02,5.437553e-01,4.783834e-03,2.496007e-02
1.172058e-02,1.282952e-01,8.203150e-02,5.648028e-03,5.526391e-03,3.397720e-02,7.593600e-04,3.195337e-02,2.106836e-01,2.848752e-03,5.152741e-03,1.373043e-02,4.270613e-01,3.848036e-03,3.676356e-02
1.386106e-02,1.016427e-01,8.866008e-02,1.215978e-02,6.255991e-03,3.443122e-02,1.067200e-03,4.884407e-02,2.491040e-01,1.475198e-02,5.013576e-03,1.096771e-02,3.363367e-01,2.883552e-03,7.402035e-02
1.997284e-02,8.210641e-02,7.762934e-02,2.383192e-02,7.413271e-03,4.035056e-02,1.345535e-03,7.172672e-02,2.739033e-01,1.942113e-02,5.512472e-03,1.018458e-02,2.643738e-01,2.327441e-03,9.990067e-02
1.859083e-02,6.944923e-02,5.913176e-02,3.521039e-02,7.945093e-03,3.679346e-02,1.496735e-03,8.459643e-02,3.217294e-01,2.048784e-02,6.368135e-03,9.759371e-03,1.970163e-01,1.935427e-03,1.294895e-01
2.016230e-02,5.882587e-02,4.339871e-02,3.079307e-02,1.006150e-02,2.976035e-02,1.681695e-03,8.408435e-02,2.911052e-01,1.628607e-02,5.913510e-03,9.024197e-03,1.430014e-01,2.231357e-03,2.536704e-01
2.292478e-02,4.621395e-02,3.188664e-02,2.541776e-02,7.560519e-03,2.218842e-02,1.234684e-03,6.533963e-02,2.257827e-01,1.428206e-02,5.515804e-03,7.038031e-03,1.012971e-01,2.776704e-03,4.205412e-01
2.531420e-02,3.764758e-02,2.475060e-02,2.062516e-02,6.707497e-03,1.651553e-02,1.029185e-03,5.183847e-02,1.848002e-01,1.101498e-02,5.160919e-03,5.548490e-03,7.196657e-02,2.795100e-03,5.342855e-01
3.117096e-02,3.034744e-02,2.250110e-02,1.669109e-02,7.288074e-03,1.318505e-02,1.206479e-03,4.232643e-02,1.466718e-01,8.596566e-03,4.387597e-03,4.261966e-03,5.135245e-02,2.725524e-03,6.172875e-01
3.120885e-02,2.844424e-02,2.248002e-02,1.383543e-02,8.880772e-03,1.203390e-02,1.406805e-03,4.049748e-02,1.223674e-01,8.010800e-03,3.831846e-03,3.440612e-03,3.674059e-02,2.714431e-03,6.641068e-01
4.068860e-02,2.729894e-02,2.862325e-02,3.289544e-02,9.451666e-03,1.010692e-02,1.771847e-03,3.643158e-02,1.068090e-01,6.739836e-03,4.027284e-03,6.044801e-03,2.848014e-02,3.088576e-03,6.575421e-01
6.520075e-02,3.313550e-02,3.019653e-02,2.664956e-02,8.129430e-03,9.097626e-03,2.759263e-03,2.785462e-02,9.377148e-02,7.794756e-03,4.091525e-03,8.166253e-03,2.335012e-02,3.821445e-03,6.559811e-01
6.013934e-02,3.811844e-02,2.768267e-02,2.023790e-02,7.338406e-03,8.248791e-03,2.624917e-03,2.316168e-02,8.846039e-02,6.686173e-03,4.474383e-03,6.758356e-03,1.743887e-02,3.591934e-03,6.850377e-01
6.701098e-02,4.214235e-02,2.397541e-02,1.759970e-02,6.590358e-03,7.586949e-03,2.284845e-03,1.928355e-02,7.878322e-02,5.880559e-03,5.598300e-03,5.698746e-03,1.378716e-02,3.953476e-03,6.998244e-01
7.068725e-02,4.172730e-02,1.875442e-02,1.513247e-02,6.680358e-03,6.867744e-03,1.904103e-03,2.102638e-02,6.910548e-02,5.261736e-03,4.790503e-03,4.461107e-03,1.033506e-02,5.322732e-03,7.179434e-01
6.521115e-02,1.330642e-01,1.808957e-02,2.120730e-02,7.210278e-03,5.890075e-03,1.406950e-03,1.541075e-02,1.884978e-01,4.487538e-03,6.872225e-03,4.462853e-03,9.280218e-03,5.086040e-03,5.138232e-01
4.775505e-02,9.532046e-02,1.496523e-02,1.885855e-02,6.745947e-03,4.371785e-03,1.205898e-03,1.144991e-02,3.836423e-01,5.094877e-03,2.534167e-02,4.965099e-03,7.682597e-03,1.167175e-02,3.609290e-01
3.407259e-02,6.704254e-02,1.074274e-02,1.472300e-02,5.544767e-03,3.813495e-03,9.682817e-04,8.195154e-03,3.022513e-01,3.882250e-03,2.167935e-01,7.164644e-03,6.629380e-03,6.357491e-02,2.546015e-01
2.397869e-02,4.721867e-02,7.923481e-03,1.125276e-02,5.108236e-03,3.624346e-03,7.164041e-04,5.839097e-03,2.158879e-01,2.910651e-03,2.559519e-01,1.174993e-02,6.233719e-03,2.223593e-01,1.792451e-01
1.680544e-02,3.348404e-02,6.115965e-03,8.097372e-03,5.797274e-03,4.029803e-03,5.142563e-04,4.126500e-03,1.591525e-01,2.187148e-03,2.038520e-01,1.078981e-02,4.652645e-03,4.143184e-01,1.260769e-01
1.177791e-02,2.708502e-02,5.487223e-03,5.761766e-03,1.056425e-02,6.931479e-03,3.699113e-04,2.908877e-03,1.324904e-01,1.762133e-03,1.695564e-01,8.437665e-03,3.637247e-03,5.233216e-01,8.990810e-02
8.597481e-03,2.132105e-02,5.427934e-03,4.712105e-03,8.859943e-03,1.187052e-02,2.825828e-04,2.235460e-03,1.152836e-01,2.552180e-03,1.483534e-01,6.154917e-03,3.031448e-03,5.977230e-01,6.359427e-02
6.342061e-03,1.753113e-02,5.256300e-03,3.631851e-03,7.089003e-03,1.187301e-02,2.024504e-04,1.632354e-03,9.672707e-02,1.944708e-03,1.143112e-01,4.394674e-03,2.229721e-03,6.820786e-01,4.475577e-02
4.917481e-03,1.450831e-02,5.048797e-03,3.308382e-03,7.701421e-03,1.289289e-02,1.530749e-04,1.296137e-03,8.876349e-02,1.518988e-03,9.039179e-02,3.153575e-03,1.706297e-03,7.330353e-01,3.160398e-02
6.944157e-03,1.235686e-02,1.429019e-02,5.803921e-03,8.661166e-03,2.569469e-02,1.969487e-04,1.763760e-03,1.546169e-01,2.349602e-03,7.450558e-02,2.717804e-03,2.531641e-03,6.647567e-01,2.281008e-02
8.160001e-03,9.894597e-03,1.544274e-02,5.686388e-03,7.909141e-03,2.217891e-02,1.650389e-04,1.844831e-03,1.851480e-01,2.940218e-03,5.965494e-02,2.174751e-03,2.385707e-03,6.599646e-01,1.645018e-02
9.559216e-03,9.022882e-03,1.492399e-02,4.610906e-03,5.860311e-03,1.905162e-02,1.327375e-04,1.590058e-03,2.022707e-01,3.171479e-03,4.502003e-02,1.614679e-03,2.003887e-03,6.687906e-01,1.237686e-02
9.693503e-03,7.018076e-03,1.130231e-02,3.846322e-03,4.218746e-03,1.510520e-02,1.011270e-04,1.249838e-03,1.744543e-01,2.664264e-03,3.360829e-02,1.192879e-03,1.712673e-03,7.247887e-01,9.043815e-03
9.559474e-03,5.480282e-03,8.405386e-03,3.091748e-03,3.118550e-03,1.206294e-02,7.724507e-05,9.548613e-04,1.453081e-01,2.120452e-03,2.685374e-02,9.022173e-04,1.493296e-03,7.737865e-01,6.785179e-03
1.002314e-02,4.294206e-03,6.119391e-03,2.277056e-03,2.230614e-03,1.487469e-02,6.040701e-05,7.056195e-04,1.104278e-01,1.715426e-03,2.172088e-02,7.117087e-04,1.229328e-03,8.181940e-01,5.415750e-03
1.461430e-02,4.368648e-03,5.246839e-03,2.109620e-03,1.689429e-03,2.888685e-02,7.631586e-05,6.656373e-04,8.815196e-02,1.641212e-03,1.739334e-02,5.520131e-04,1.154892e-03,8.288388e-01,4.610080e-03
3.248448e-02,5.417631e-03,4.373594e-03,2.479159e-03,1.259719e-03,2.619024e-02,1.202485e-04,7.467977e-04,7.800984e-02,1.750118e-03,1.825901e-02,6.080792e-04,1.438613e-03,8.218883e-01,4.974139e-03
3.697740e-02,5.428327e-03,4.412964e-03,3.162834e-03,1.210980e-03,2.195804e-02,2.375356e-04,1.440827e-03,1.026270e-01,2.023167e-03,1.521899e-02,5.562033e-04,1.471731e-03,7.979010e-01,5.372906e-03
4.120511e-02,5.383788e-03,7.656575e-03,3.406360e-02,3.856657e-03,1.813118e-02,6.919906e-04,2.795785e-03,1.912936e-01,4.812373e-03,1.834769e-02,1.560948e-03,4.845561e-03,6.532384e-01,1.211669e-02
3.658608e-02,6.287155e-03,6.182152e-03,5.612053e-02,4.887182e-03,1.643310e-02,7.755281e-04,3.102179e-03,2.141986e-01,6.993955e-03,3.679645e-02,4.216345e-03,9.766546e-03,5.802458e-01,1.740839e-02
4.778095e-02,7.896623e-03,6.951409e-03,7.469673e-02,4.661208e-03,1.659437e-02,8.599105e-04,3.154094e-03,2.073311e-01,1.081535e-02,4.022135e-02,5.998874e-03,1.584748e-02,4.965300e-01,6.066050e-02
1.031600e-01,1.286035e-02,7.588198e-03,5.981089e-02,7.630908e-03,1.442050e-02,1.559937e-03,3.754549e-03,2.459777e-01,1.101573e-02,4.458915e-02,5.104272e-03,1.275158e-02,4.204336e-01,4.934253e-02
1.202240e-01,2.480940e-02,1.076316e-02,5.486820e-02,1.055661e-02,1.401316e-02,1.767108e-03,1.894164e-02,2.988799e-01,1.784580e-02,3.594535e-02,4.215201e-03,9.930211e-03,3.333529e-01,4.388741e-02
1.097520e-01,2.098589e-02,2.304202e-02,4.272888e-02,1.230036e-02,1.179217e-02,2.002551e-02,1.088927e-01,2.935789e-01,2.076107e-02,3.257358e-02,3.395670e-03,9.038157e-03,2.590526e-01,3.208052e-02
1.023776e-01,1.606661e-02,3.839776e-02,4.286418e-02,2.278656e-02,1.321404e-02,1.809598e-02,2.423890e-01,2.358700e-01,2.186711e-02,2.609119e-02,2.789265e-03,6.789685e-03,1.867181e-01,2.368291e-02
8.685020e-02,1.171394e-02,4.978766e-02,3.708129e-02,1.925600e-02,1.439889e-02,1.816842e-02,3.977684e-01,1.716425e-01,1.758895e-02,1.959297e-02,2.233703e-03,5.191289e-03,1.316604e-01,1.706541e-02
8.942863e-02,8.899966e-03,6.412722e-02,2.949745e-02,1.693693e-02,1.748135e-02,2.331758e-02,4.671792e-01,1.377169e-01,1.691219e-02,1.443607e-02,2.680010e-03,4.606933e-03,9.424439e-02,1.253522e-02
6.562990e-02,6.279354e-03,5.306336e-02,2.137885e-02,1.343425e-02,1.279454e-02,2.353518e-02,6.037149e-01,9.774121e-02,1.192040e-02,1.018323e-02,1.911727e-03,3.443375e-03,6.617243e-02,8.797240e-03
4.790852e-02,4.450272e-03,4.074050e-02,1.535923e-02,1.157114e-02,1.006267e-02,2.233688e-02,7.066249e-01,6.870010e-02,8.392069e-03,7.215542e-03,1.385312e-03,2.677453e-03,4.639553e-02,6.179816e-03
3.497036e-02,3.157155e-03,2.910323e-02,1.087936e-02,1.002925e-02,8.285542e-03,2.217832e-02,7.820043e-01,4.829463e-02,5.896525e-03,5.114937e-03,9.975845e-04,2.151395e-03,3.258852e-02,4.348861e-03
2.592092e-02,2.248718e-03,2.093424e-02,7.752120e-03,1.007858e-02,6.455719e-03,1.761988e-02,8.389138e-01,3.392671e-02,4.135187e-03,3.633090e-03,7.121372e-04,1.748879e-03,2.285720e-02,3.062830e-03
1.902637e-02,1.640727e-03,1.504550e-02,5.545144e-03,1.049782e-02,4.868209e-03,1.446995e-02,8.793328e-01,2.386233e-02,2.906498e-03,2.597477e-03,5.177769e-04,1.486428e-03,1.604170e-02,2.161240e-03
1.479386e-02,1.174624e-03,1.073321e-02,3.984974e-03,1.016229e-02,3.742995e-03,1.168239e-02,9.086853e-01,1.681189e-02,2.040569e-03,1.869702e-03,3.853290e-04,1.160859e-03,1.124721e-02,1.524783e-03
1.269115e-02,9.099817e-04,7.898358e-03,2.932102e-03,1.163806e-02,3.372767e-03,1.024834e-02,9.250114e-01,1.189424e-02,1.445513e-03,1.501496e-03,3.412544e-04,1.103385e-03,7.894991e-03,1.117042e-03
1.209028e-02,7.071400e-04,5.919126e-03,2.276334e-03,1.208602e-02,2.615200e-03,8.416908e-03,9.376862e-01,8.421014e-03,1.023916e-03,1.217570e-03,2.986969e-04,9.077396e-04,5.536704e-03,7.971487e-04
1.046057e-02,5.816356e-04,4.520102e-03,1.804621e-03,1.266352e-02,2.287821e-03,7.410440e-03,9.468342e-01,5.975075e-03,7.290889e-04,1.011576e-03,3.147711e-04,9.367954e-04,3.885577e-03,5.842365e-04
1.323885e-02,5.684666e-04,3.814250e-03,1.573537e-03,1.319638e-02,2.477553e-03,7.198896e-03,9.472730e-01,4.309026e-03,5.530794e-04,8.995637e-04,5.717099e-04,1.087523e-03,2.743578e-03,4.945741e-04
1.460213e-02,5.157250e-04,2.911218e-03,1.250634e-03,1.343921e-02,2.001430e-03,6.834361e-03,9.503098e-01,3.072382e-03,4.030580e-04,7.047894e-04,6.134395e-04,9.799870e-04,1.936540e-03,4.254093e-04
1.658859e-02,6.732729e-04,2.357881e-03,1.106644e-03,1.941495e-02,2.245835e-03,7.610819e-03,9.423602e-01,2.256038e-03,3.436488e-04,6.448490e-04,8.760105e-04,1.448776e-03,1.406094e-03,6.664080e-04
2.446351e-02,8.542603e-04,2.333814e-03,1.339541e-03,2.263596e-02,3.142877e-03,6.929175e-03,9.298832e-01,1.807495e-03,5.245542e-04,7.219542e-04,1.116552e-03,1.649349e-03,1.074494e-03,1.523299e-03
2.314028e-02,9.443809e-04,1.989669e-03,1.355354e-03,2.269282e-02,3.458916e-03,5.593036e-03,9.317792e-01,1.642863e-03,8.564309e-04,8.559902e-04,1.018861e-03,1.644875e-03,8.268665e-04,2.200473e-03
