1.000000e+00,0.000000e+00,0.000000e+00,0.000000e+00,0.000000e+00,0.000000e+00,0.000000e+00,0.000000e+00,0.000000e+00,0.000000e+00,0.000000e+00,0.000000e+00,0.000000e+00,0.000000e+00,0.000000e+00
1.000000e+00,0.000000e+00,0.000000e+00,0.000000e+00,0.000000e+00,0.000000e+00,0.000000e+00,0.000000e+00,0.000000e+00,0.000000e+00,0.000000e+00,0.000000e+00,0.000000e+00,0.000000e+00,0.000000e+00
1.000000e+00,0.000000e+00,0.000000e+00,0.000000e+00,0.000000e+00,0.000000e+00,0.000000e+00,0.000000e+00,0.000000e+00,0.000000e+00,0.000000e+00,0.000000e+00,0.000000e+00,0.000000e+00,0.000000e+00
1.000000e+00,0.000000e+00,0.000000e+00,0.000000e+00,0.000000e+00,0.000000e+00,0.000000e+00,0.000000e+00,0.000000e+00,0.000000e+00,0.000000e+00,0.000000e+00,0.000000e+00,0.000000e+00,0.000000e+00
1.000000e+00,0.000000e+00,0.000000e+00,0.000000e+00,0.000000e+00,0.000000e+00,0.000000e+00,0.000000e+00,0.000000e+00,0.000000e+00,0.000000e+00,0.000000e+00,0.000000e+00,0.000000e+00,0.000000e+00
1.000000e+00,0.000000e+00,0.000000e+00,0.000000e+00,0.000000e+00,0.000000e+00,0.000000e+00,0.000000e+00,0.000000e+00,0.000000e+00,0.000000e+00,0.000000e+00,0.000000e+00,0.000000e+00,0.000000e+00
1.000000e+00,0.000000e+00,0.000000e+00,0.000000e+00,0.000000e+00,0.000000e+00,0.000000e+00,0.000000e+00,0.000000e+00,0.000000e+00,0.000000e+00,0.000000e+00,0.000000e+00,0.000000e+00,0.000000e+00
1.000000e+00,0.000000e+00,0.000000e+00,0.000000e+00,0.000000e+00,0.000000e+00,0.000000e+00,0.000000e+00,0.000000e+00,0.000000e+00,0.000000e+00,0.000000e+00,0.000000e+00,0.000000e+00,0.000000e+00
1.000000e+00,0.000000e+00,0.000000e+00,0.000000e+00,0.000000e+00,0.000000e+00,0.000000e+00,0.000000e+00,0.000000e+00,0.000000e+00,0.000000e+00,0.000000e+00,0.000000e+00,0.000000e+00,0.000000e+00
1.000000e+00,0.000000e+00,0.000000e+00,0.000000e+00,0.000000e+00,0.000000e+00,0.000000e+00,0.000000e+00,0.000000e+00,0.000000e+00,0.000000e+00,0.000000e+00,0.000000e+00,0.000000e+00,0.000000e+00
1.000000e+00,0.000000e+00,0.000000e+00,0.000000e+00,0.000000e+00,0.000000e+00,0.000000e+00,0.000000e+00,0.000000e+00,0.000000e+00,0.000000e+00,0.000000e+00,0.000000e+00,0.000000e+00,0.000000e+00
1.000000e+00,0.000000e+00,0.000000e+00,0.000000e+00,0.000000e+00,0.000000e+00,0.000000e+00,0.000000e+00,0.000000e+00,0.000000e+00,0.000000e+00,0.000000e+00,0.000000e+00,0.000000e+00,0.000000e+00
1.000000e+00,0.000000e+00,0.000000e+00,0.000000e+00,0.000000e+00,0.000000e+00,0.000000e+00,0.000000e+00,0.000000e+00,0.000000e+00,0.000000e+00,0.000000e+00,0.000000e+00,0.000000e+00,0.000000e+00
1.000000e+00,0.000000e+00,0.000000e+00,0.000000e+00,0.000000e+00,0.000000e+00,0.000000e+00,0.000000e+00,0.000000e+00,0.000000e+00,0.000000e+00,0.000000e+00,0.000000e+00,0.000000e+00,0.000000e+00
1.000000e+00,0.000000e+00,0.000000e+00,0.000000e+00,0.000000e+00,0.000000e+00,0.000000e+00,0.000000e+00,0.000000e+00,0.000000e+00,0.000000e+00,0.000000e+00,0.000000e+00,0.000000e+00,0.000000e+00
1.000000e+00,0.000000e+00,0.000000e+00,0.000000e+00,0.000000e+00,0.000000e+00,0.000000e+00,0.000000e+00,0.000000e+00,0.000000e+00,0.000000e+00,0.000000e+00,0.000000e+00,0.000000e+00,0.000000e+00
1.000000e+00,0.000000e+00,0.000000e+00,0.000000e+00,0.000000e+00,0.000000e+00,0.000000e+00,0.000000e+00,0.000000e+00,0.000000e+00,0.000000e+00,0.000000e+00,0.000000e+00,0.000000e+00,0.000000e+00
1.000000e+00,0.000000e+00,0.000000e+00,0.000000e+00,0.000000e+00,0.000000e+00,0.000000e+00,0.000000e+00,0.000000e+00,0.000000e+00,0.000000e+00,0.000000e+00,0.000000e+00,0.000000e+00,0.000000e+00
1.000000e+00,0.000000e+00,0.000000e+00,0.000000e+00,0.000000e+00,0.000000e+00,0.000000e+00,0.000000e+00,0.000000e+00,0.000000e+00,0.000000e+00,0.000000e+00,0.000000e+00,0.000000e+00,0.000000e+00
1.000000e+00,0.000000e+00,0.000000e+00,0.000000e+00,0.000000e+00,0.000000e+00,0.000000e+00,0.000000e+00,0.000000e+00,0.000000e+00,0.000000e+00,0.000000e+00,0.000000e+00,0.000000e+00,0.000000e+00
1.000000e+00,0.000000e+00,0.000000e+00,0.000000e+00,0.000000e+00,0.000000e+00,0.000000e+00,0.000000e+00,0.000000e+00,0.000000e+00,0.000000e+00,0.000000e+00,0.000000e+00,0.000000e+00,0.000000e+00
1.000000e+00,0.000000e+00,0.000000e+00,0.000000e+00,0.000000e+00,0.000000e+00,0.000000e+00,0.000000e+00,0.000000e+00,0.000000e+00,0.000000e+00,0.000000e+00,0.000000e+00,0.000000e+00,0.000000e+00
1.000000e+00,0.000000e+00,0.000000e+00,0.000000e+00,0.000000e+00,0.000000e+00,0.000000e+00,0.000000e+00,0.000000e+00,0.000000e+00,0.000000e+00,0.000000e+00,0.000000e+00,0.000000e+00,0.000000e+00
1.000000e+00,0.000000e+00,0.000000e+00,0.000000e+00,0.000000e+00,0.000000e+00,0.000000e+00,0.000000e+00,0.000000e+00,0.000000e+00,0.000000e+00,0.000000e+00,0.000000e+00,0.000000e+00,0.000000e+00
1.000000e+00,0.000000e+00,0.000000e+00,0.000000e+00,0.000000e+00,0.000000e+00,0.000000e+00,0.000000e+00,0.000000e+00,0.000000e+00,0.000000e+00,0.000000e+00,0.000000e+00,0.000000e+00,0.000000e+00
1.000000e+00,0.000000e+00,0.000000e+00,0.000000e+00,0.000000e+00,0.000000e+00,0.000000e+00,0.000000e+00,0.000000e+00,0.000000e+00,0.000000e+00,0.000000e+00,0.000000e+00,0.000000e+00,0.000000e+00
1.000000e+00,0.000000e+00,0.000000e+00,0.000000e+00,0.000000e+00,0.000000e+00,0.000000e+00,0.000000e+00,0.000000e+00,0.000000e+00,0.000000e+00,0.000000e+00,0.000000e+00,0.000000e+00,0.000000e+00
1.000000e+00,0.000000e+00,0.000000e+00,0.000000e+00,0.000000e+00,0.000000e+00,0.000000e+00,0.000000e+00,0.000000e+00,0.000000e+00,0.000000e+00,0.000000e+00,0.000000e+00,0.000000e+00,0.000000e+00
1.000000e+00,0.000000e+00,0.000000e+00,0.000000e+00,0.000000e+00,0.000000e+00,0.000000e+00,0.000000e+00,0.000000e+00,0.000000e+00,0.000000e+00,0.000000e+00,0.000000e+00,0.000000e+00,0.000000e+00
1.000000e+00,0.000000e+00,0.000000e+00,0.000000e+00,0.000000e+00,0.000000e+00,0.000000e+00,0.000000e+00,0.000000e+00,0.000000e+00,0.000000e+00,0.000000e+00,0.000000e+00,0.000000e+00,0.000000e+00
1.000000e+00,0.000000e+00,0.000000e+00,0.000000e+00,0.000000e+00,0.000000e+00,0.000000e+00,0.000000e+00,0.000000e+00,0.000000e+00,0.000000e+00,0.000000e+00,0.000000e+00,0.000000e+00,0.000000e+00
1.000000e+00,0.000000e+00,0.000000e+00,0.000000e+00,0.000000e+00,0.000000e+00,0.000000e+00,0.000000e+00,0.000000e+00,0.000000e+00,0.000000e+00,0.000000e+00,0.000000e+00,0.000000e+00,0.000000e+00
1.000000e+00,0.000000e+00,0.000000e+00,0.000000e+00,0.000000e+00,0.000000e+00,0.000000e+00,0.000000e+00,0.000000e+00,0.000000e+00,0.000000e+00,0.000000e+00,0.000000e+00,0.000000e+00,0.000000e+00
1.000000e+00,0.000000e+00,0.000000e+00,0.000000e+00,0.000000e+00,0.000000e+00,0.000000e+00,0.000000e+00,0.000000e+00,0.000000e+00,0.000000e+00,0.000000e+00,0.000000e+00,0.000000e+00,0.000000e+00
1.000000e+00,0.000000e+00,0.000000e+00,0.000000e+00,0.000000e+00,0.000000e+00,0.000000e+00,0.000000e+00,0.000000e+00,0.000000e+00,0.000000e+00,0.000000e+00,0.000000e+00,0.000000e+00,0.000000e+00
1.000000e+00,0.000000e+00,0.000000e+00,0.000000e+00,0.000000e+00,0.000000e+00,0.000000e+00,0.000000e+00,0.000000e+00,0.000000e+00,0.000000e+00,0.000000e+00,0.000000e+00,0.000000e+00,0.000000e+00
1.000000e+00,0.000000e+00,0.000000e+00,0.000000e+00,0.000000e+00,0.000000e+00,0.000000e+00,0.000000e+00,0.000000e+00,0.000000e+00,0.000000e+00,0.000000e+00,0.000000e+00,0.000000e+00,0.000000e+00
1.000000e+00,0.000000e+00,0.000000e+00,0.000000e+00,0.000000e+00,0.000000e+00,0.000000e+00,0.000000e+00,0.000000e+00,0.000000e+00,0.000000e+00,0.000000e+00,0.000000e+00,0.000000e+00,0.000000e+00
1.000000e+00,0.000000e+00,0.000000e+00,0.000000e+00,0.000000e+00,0.000000e+00,0.000000e+00,0.000000e+00,0.000000e+00,0.000000e+00,0.000000e+00,0.000000e+00,0.000000e+00,0.000000e+00,0.000000e+00
1.000000e+00,0.000000e+00,0.000000e+00,0.000000e+00,0.000000e+00,0.000000e+00,0.000000e+00,0.000000e+00,0.000000e+00,0.000000e+00,0.000000e+00,0.000000e+00,0.000000e+00,0.000000e+00,0.000000e+00
1.000000e+00,0.000000e+00,0.000000e+00,0.000000e+00,0.000000e+00,0.000000e+00,0.000000e+00,0.000000e+00,0.000000e+00,0.000000e+00,0.000000e+00,0.000000e+00,0.000000e+00,0.000000e+00,0.000000e+00
1.000000e+00,0.000000e+00,0.000000e+00,0.000000e+00,0.000000e+00,0.000000e+00,0.000000e+00,0.000000e+00,0.000000e+00,0.000000e+00,0.000000e+00,0.000000e+00,0.000000e+00,0.000000e+00,0.000000e+00
1.000000e+00,0.000000e+00,0.000000e+00,0.000000e+00,0.000000e+00,0.000000e+00,0.000000e+00,0.000000e+00,0.000000e+00,0.000000e+00,0.000000e+00,0.000000e+00,0.000000e+00,0.000000e+00,0.000000e+00
1.000000e+00,0.000000e+00,0.000000e+00,0.000000e+00,0.000000e+00,0.000000e+00,0.000000e+00,0.000000e+00,0.000000e+00,0.000000e+00,0.000000e+00,0.000000e+00,0.000000e+00,0.000000e+00,0.000000e+00
1.000000e+00,0.000000e+00,0.000000e+00,0.000000e+00,0.000000e+00,0.000000e+00,0.000000e+00,0.000000e+00,0.000000e+00,0.000000e+00,0.000000e+00,0.000000e+00,0.000000e+00,0.000000e+00,0.000000e+00
1.000000e+00,0.000000e+00,0.000000e+00,0.000000e+00,0.000000e+00,0.000000e+00,0.000000e+00,0.000000e+00,0.000000e+00,0.000000e+00,0.000000e+00,0.000000e+00,0.000000e+00,0.000000e+00,0.000000e+00
1.000000e+00,0.000000e+00,0.000000e+00,0.000000e+00,0.000000e+00,0.000000e+00,0.000000e+00,0.000000e+00,0.000000e+00,0.000000e+00,0.000000e+00,0.000000e+00,0.000000e+00,0.000000e+00,0.000000e+00
1.000000e+00,0.000000e+00,0.000000e+00,0.000000e+00,0.000000e+00,0.000000e+00,0.000000e+00,0.000000e+00,0.000000e+00,0.000000e+00,0.000000e+00,0.000000e+00,0.000000e+00,0.000000e+00,0.000000e+00
1.000000e+00,0.000000e+00,0.000000e+00,0.000000e+00,0.000000e+00,0.000000e+00,0.000000e+00,0.000000e+00,0.000000e+00,0.000000e+00,0.000000e+00,0.000000e+00,0.000000e+00,0.000000e+00,0.000000e+00
1.000000e+00,0.000000e+00,0.000000e+00,0.000000e+00,0.000000e+00,0.000000e+00,0.000000e+00,0.000000e+00,0.000000e+00,0.000000e+00,0.000000e+00,0.000000e+00,0.000000e+00,0.000000e+00,0.000000e+00
1.000000e+00,0.000000e+00,0.000000e+00,0.000000e+00,0.000000e+00,0.000000e+00,0.000000e+00,0.000000e+00,0.000000e+00,0.000000e+00,0.000000e+00,0.000000e+00,0.000000e+00,0.000000e+00,0.000000e+00
1.000000e+00,0.000000e+00,0.000000e+00,0.000000e+00,0.000000e+00,0.000000e+00,0.000000e+00,0.000000e+00,0.000000e+00,0.000000e+00,0.000000e+00,0.000000e+00,0.000000e+00,0.000000e+00,0.000000e+00
1.000000e+00,0.000000e+00,0.000000e+00,0.000000e+00,0.000000e+00,0.000000e+00,0.000000e+00,0.000000e+00,0.000000e+00,0.000000e+00,0.000000e+00,0.000000e+00,0.000000e+00,0.000000e+00,0.000000e+00
1.000000e+00,0.000000e+00,0.000000e+00,0.000000e+00,0.000000e+00,0.000000e+00,0.000000e+00,0.000000e+00,0.000000e+00,0.000000e+00,0.000000e+00,0.000000e+00,0.000000e+00,0.000000e+00,0.000000e+00
1.000000e+00,0.000000e+00,0.000000e+00,0.000000e+00,0.000000e+00,0.000000e+00,0.000000e+00,0.000000e+00,0.000000e+00,0.000000e+00,0.000000e+00,0.000000e+00,0.000000e+00,0.000000e+00,0.000000e+00
1.000000e+00,0.000000e+00,0.000000e+00,0.000000e+00,0.000000e+00,0.000000e+00,0.000000e+00,0.000000e+00,0.000000e+00,0.000000e+00,0.000000e+00,0.000000e+00,0.000000e+00,0.000000e+00,0.000000e+00
1.000000e+00,0.000000e+00,0.000000e+00,0.000000e+00,0.000000e+00,0.000000e+00,0.000000e+00,0.000000e+00,0.000000e+00,0.000000e+00,0.000000e+00,0.000000e+00,0.000000e+00,0.000000e+00,0.000000e+00
1.000000e+00,0.000000e+00,0.000000e+00,0.000000e+00,0.000000e+00,0.000000e+00,0.000000e+00,0.000000e+00,0.000000e+00,0.000000e+00,0.000000e+00,0.000000e+00,0.000000e+00,0.000000e+00,0.000000e+00
1.000000e+00,0.000000e+00,0.000000e+00,0.000000e+00,0.000000e+00,0.000000e+00,0.000000e+00,0.000000e+00,0.000000e+00,0.000000e+00,0.000000e+00,0.000000e+00,0.000000e+00,0.000000e+00,0.000000e+00
4.592153e-01,4.398254e-02,2.909437e-02,2.328893e-01,4.860435e-03,4.457668e-02,1.169622e-02,6.967744e-03,1.567911e-02,5.637910e-03,8.261665e-03,1.808077e-02,3.929827e-02,1.895083e-03,7.786471e-02
3.223713e-01,3.221738e-02,2.074128e-02,2.185944e-01,3.672132e-03,3.477321e-02,8.384150e-03,5.038233e-03,1.894649e-02,4.349959e-03,1.008932e-02,1.999739e-02,2.338366e-01,1.611468e-03,6.537671e-02
2.263685e-01,2.317274e-02,1.465053e-02,1.923264e-01,2.777188e-03,2.894944e-02,6.032191e-03,3.617068e-03,1.813163e-02,3.389947e-03,9.919259e-03,3.808036e-02,3.825756e-01,1.158983e-03,4.885017e-02
1.587662e-01,1.758664e-02,1.068353e-02,1.408453e-01,2.973486e-03,2.301906e-02,4.366742e-03,2.766595e-03,2.109868e-02,2.522370e-03,7.511031e-03,3.353072e-02,5.366838e-01,8.511998e-04,3.679475e-02
1.115047e-01,1.326723e-02,8.124612e-03,1.022359e-01,3.142503e-03,1.757201e-02,3.177652e-03,2.201148e-03,1.746244e-02,2.054505e-03,5.820917e-03,3.339478e-02,6.504093e-01,6.441570e-04,2.898817e-02
7.898198e-02,1.247326e-02,6.845857e-03,7.468915e-02,4.076933e-03,1.596567e-02,2.560719e-03,1.963191e-03,2.218604e-02,2.354242e-03,5.392733e-03,3.078233e-02,7.156211e-01,6.319886e-04,2.547482e-02
5.942084e-02,1.001682e-02,7.306778e-03,5.558867e-02,4.076741e-03,1.344335e-02,2.185824e-03,2.124644e-03,2.241370e-02,2.025657e-03,5.405500e-03,3.322704e-02,7.524118e-01,8.245610e-04,2.952806e-02
4.961026e-02,7.865864e-03,6.552082e-03,4.092907e-02,4.027513e-03,1.465183e-02,1.939973e-03,2.324011e-03,2.014766e-02,2.062165e-03,6.255924e-03,5.018961e-02,7.285185e-01,1.260571e-03,6.366493e-02
4.123317e-02,8.393775e-03,1.802599e-02,4.877366e-02,8.576801e-03,1.897577e-02,1.741349e-03,2.504076e-03,2.953420e-02,3.564045e-03,5.286458e-03,6.055114e-02,6.874437e-01,2.834364e-03,6.256144e-02
4.412479e-02,9.432925e-03,2.591456e-02,4.179749e-02,1.209579e-02,2.060748e-02,1.910742e-03,3.848503e-03,6.105287e-02,5.079712e-03,8.140290e-03,8.487763e-02,5.771924e-01,3.893994e-03,1.000309e-01
4.075813e-02,8.043168e-03,3.489643e-02,3.275075e-02,1.020740e-02,2.080436e-02,2.590789e-03,5.121115e-03,5.520023e-02,1.421682e-02,1.320008e-02,1.232685e-01,5.310946e-01,5.962457e-03,1.018851e-01
5.176802e-02,7.151415e-03,2.529057e-02,2.404003e-02,8.708150e-03,1.895229e-02,3.748271e-03,5.320702e-03,5.751894e-02,1.334078e-02,1.174660e-02,1.719745e-01,5.062127e-01,4.898086e-03,8.932890e-02
5.933695e-02,6.491847e-03,1.806755e-02,1.786210e-02,9.579021e-03,1.757205e-02,6.023648e-03,5.463097e-03,7.858911e-02,1.210583e-02,9.660716e-03,2.120431e-01,4.735345e-01,3.789268e-03,6.988110e-02
1.343734e-01,8.442669e-03,1.481764e-02,6.610941e-02,7.601551e-03,1.891239e-02,4.522844e-03,4.106604e-03,1.220270e-01,1.095382e-02,7.974731e-03,1.672579e-01,3.792818e-01,3.049083e-03,5.056906e-02
2.089036e-01,1.157518e-02,1.096361e-02,5.370742e-02,7.692834e-03,2.022605e-02,4.301437e-03,4.200754e-03,1.255012e-01,9.129740e-03,9.251387e-03,1.527046e-01,3.411638e-01,3.254436e-03,3.742406e-02
2.550134e-01,1.382092e-02,8.541846e-03,4.551231e-02,1.546793e-02,2.052998e-02,6.248026e-03,6.269041e-03,1.331438e-01,8.384890e-03,8.882860e-03,1.263940e-01,3.206819e-01,2.795509e-03,2.831358e-02
2.926264e-01,3.315765e-02,7.862197e-03,4.149681e-02,1.325119e-02,2.050885e-02,4.985814e-03,5.756909e-03,1.557429e-01,7.520364e-03,1.004396e-02,1.275676e-01,2.532022e-01,3.492326e-03,2.278479e-02
3.495150e-01,3.469514e-02,7.668625e-03,3.235120e-02,1.203469e-02,2.066841e-02,4.825626e-03,5.952587e-03,1.609845e-01,6.893064e-03,1.086464e-02,1.310084e-01,1.989305e-01,4.481003e-03,1.912662e-02
4.130512e-01,3.177400e-02,6.432026e-03,2.605987e-02,1.749745e-02,2.281009e-02,4.953790e-03,6.124849e-03,1.659234e-01,5.913624e-03,9.018171e-03,1.003673e-01,1.704654e-01,3.775871e-03,1.583300e-02
4.733393e-01,2.651946e-02,6.610744e-03,2.280414e-02,1.775948e-02,2.456405e-02,5.018603e-03,1.564845e-02,1.450039e-01,4.635023e-03,8.028544e-03,7.992928e-02,1.525309e-01,3.315143e-03,1.429299e-02
4.915590e-01,2.394535e-02,5.998751e-03,2.102309e-02,1.823436e-02,2.603163e-02,4.457697e-03,1.411215e-02,1.350489e-01,3.814786e-03,9.449758e-03,8.547999e-02,1.381563e-01,3.965087e-03,1.872306e-02
4.852430e-01,2.502166e-02,9.124357e-03,2.042320e-02,1.981974e-02,3.091924e-02,5.480437e-03,1.507462e-02,1.507757e-01,3.720458e-03,9.407958e-03,7.299002e-02,1.292626e-01,3.880497e-03,1.885653e-02
4.413142e-01,2.880734e-02,7.928352e-03,1.900293e-02,2.194501e-02,3.321718e-02,6.001949e-03,1.908891e-02,1.831252e-01,3.721827e-03,9.933491e-03,6.895958e-02,1.327098e-01,4.375652e-03,1.986853e-02
3.841767e-01,2.786241e-02,6.876738e-03,1.563278e-02,3.621239e-02,3.276419e-02,5.217440e-02,1.836334e-02,2.289407e-01,3.954398e-03,8.731297e-03,5.918372e-02,1.047859e-01,3.430333e-03,1.691063e-02
3.620654e-01,2.521311e-02,5.649867e-03,1.344557e-02,3.624396e-02,3.382327e-02,3.827317e-02,1.475200e-02,2.977159e-01,3.532298e-03,7.486757e-03,5.010271e-02,9.328437e-02,3.037237e-03,1.537427e-02
4.475682e-01,2.214097e-02,5.145133e-03,1.236401e-02,5.514773e-02,3.260387e-02,2.943668e-02,1.248492e-02,2.425005e-01,3.023864e-03,5.908074e-03,4.377337e-02,7.274380e-02,2.538619e-03,1.262022e-02
4.766465e-01,2.286472e-02,5.169189e-03,1.071466e-02,8.360751e-02,2.570833e-02,2.575194e-02,1.453935e-02,2.181373e-01,3.142309e-03,4.911968e-03,3.721583e-02,5.836046e-02,2.257192e-03,1.097263e-02
1.000000e+00,0.000000e+00,0.000000e+00,0.000000e+00,0.000000e+00,0.000000e+00,0.000000e+00,0.000000e+00,0.000000e+00,0.000000e+00,0.000000e+00,0.000000e+00,0.000000e+00,0.000000e+00,0.000000e+00
1.000000e+00,0.000000e+00,0.000000e+00,0.000000e+00,0.000000e+00,0.000000e+00,0.000000e+00,0.000000e+00,0.000000e+00,0.000000e+00,0.000000e+00,0.000000e+00,0.000000e+00,0.000000e+00,0.000000e+00
4.535747e-01,1.688331e-02,1.252417e-02,1.512557e-01,6.240515e-02,3.199964e-02,1.888532e-02,1.274700e-02,1.031428e-01,4.291084e-03,1.669893e-02,5.220605e-02,5.159352e-02,2.157308e-03,9.635217e-03
3.824048e-01,1.777589e-02,9.816452e-03,1.503307e-01,6.599748e-02,2.641837e-02,1.443419e-02,9.664085e-03,8.003643e-02,3.610708e-03,2.067577e-02,8.327307e-02,1.230630e-01,3.054383e-03,9.444661e-03
2.709298e-01,1.257976e-02,6.954494e-03,1.065492e-01,4.896665e-02,2.026839e-02,1.031505e-02,7.097874e-03,5.735463e-02,2.647234e-03,2.974598e-02,9.984834e-02,3.173907e-01,2.516089e-03,6.835810e-03
2.065377e-01,9.178454e-03,5.134129e-03,7.532267e-02,4.215465e-02,1.767965e-02,7.460736e-03,6.380938e-03,4.550921e-02,1.981451e-03,3.759582e-02,9.326871e-02,4.447712e-01,1.976086e-03,5.048681e-03
1.540517e-01,7.424415e-03,4.203470e-03,5.313811e-02,3.726762e-02,1.305563e-02,5.575597e-03,6.999563e-03,5.087121e-02,1.618647e-03,3.477285e-02,1.273257e-01,4.983633e-01,1.518380e-03,3.813813e-03
1.197473e-01,6.561537e-03,3.644558e-03,3.802839e-02,3.527017e-02,1.077115e-02,4.577857e-03,8.860699e-03,4.814080e-02,1.818532e-03,2.992102e-02,1.749306e-01,5.134163e-01,1.380454e-03,2.930596e-03
8.546605e-02,5.780258e-03,3.070215e-03,2.701780e-02,3.109490e-02,8.502055e-03,4.286030e-03,1.002404e-02,4.240391e-02,1.888673e-03,2.460526e-02,2.195072e-01,5.315486e-01,1.815750e-03,2.989296e-03
6.110730e-02,5.713264e-03,2.593938e-03,1.917131e-02,2.710368e-02,7.317342e-03,3.305466e-03,7.856681e-03,3.289128e-02,2.504238e-03,3.003564e-02,3.256408e-01,4.700616e-01,2.267729e-03,2.429753e-03
4.427350e-02,5.848676e-03,2.395973e-03,1.396136e-02,2.750093e-02,7.451097e-03,2.567628e-03,7.340620e-03,3.011362e-02,4.409694e-03,5.416656e-02,3.848470e-01,4.096389e-01,3.413287e-03,2.071086e-03
4.098750e-02,5.148925e-03,2.753568e-03,1.035424e-02,3.047343e-02,7.795448e-03,2.037953e-03,7.068762e-03,2.950896e-02,9.418568e-03,1.165007e-01,4.296964e-01,3.027914e-01,3.812239e-03,1.651913e-03
3.879202e-02,4.921764e-03,2.232122e-03,7.549768e-03,3.056311e-02,6.604929e-03,1.555411e-03,5.403825e-03,2.640401e-02,1.567807e-02,2.062574e-01,4.329962e-01,2.159148e-01,3.810159e-03,1.316388e-03
8.161949e-02,5.714474e-03,2.803263e-03,5.900176e-03,2.552903e-02,8.345116e-03,1.328357e-03,4.715029e-03,2.023347e-02,2.800772e-02,2.452119e-01,4.120205e-01,1.526762e-01,4.584168e-03,1.311078e-03
1.666925e-01,5.330111e-03,3.003210e-03,4.821343e-03,1.899360e-02,1.191638e-02,1.257590e-03,4.416072e-03,1.552875e-02,3.951976e-02,2.095175e-01,4.006561e-01,1.081403e-01,8.397330e-03,1.809455e-03
2.225430e-01,8.683223e-03,5.418891e-03,5.977345e-03,1.474502e-02,2.071289e-02,1.353686e-03,4.985002e-03,1.310628e-02,3.962531e-02,2.215858e-01,3.435546e-01,7.707974e-02,1.467962e-02,5.949537e-03
2.358406e-01,8.328847e-03,5.506310e-03,6.765523e-03,1.179718e-02,2.010532e-02,1.234445e-03,4.868119e-03,1.254012e-02,3.337486e-02,1.759981e-01,3.988491e-01,5.482975e-02,2.159449e-02,8.367333e-03
2.161669e-01,7.555946e-03,5.592062e-03,8.977758e-03,1.232036e-02,1.750776e-02,1.308822e-03,7.664504e-03,1.208929e-02,2.948502e-02,1.387496e-01,4.706321e-01,3.973134e-02,2.471494e-02,7.503645e-03
2.340190e-01,9.563579e-03,6.871022e-03,1.296984e-02,1.194077e-02,1.577229e-02,1.478845e-03,1.019246e-02,1.254386e-02,2.504926e-02,1.135977e-01,4.715353e-01,3.069863e-02,3.624431e-02,7.523161e-03
1.932306e-01,7.906660e-03,6.258868e-03,9.793502e-03,8.629791e-03,1.263822e-02,1.347940e-03,1.037515e-02,2.346007e-02,1.900432e-02,2.091638e-01,4.188570e-01,2.216381e-02,5.098231e-02,6.187939e-03
1.659271e-01,7.277226e-03,5.698589e-03,8.062281e-03,6.824633e-03,1.336009e-02,1.266271e-03,9.562643e-03,2.305738e-02,1.431857e-02,1.966540e-01,4.741339e-01,1.611161e-02,5.207360e-02,5.672083e-03
1.305849e-01,1.234766e-02,1.660576e-02,7.436328e-03,1.366899e-02,1.320527e-02,1.315705e-03,1.599357e-02,2.536553e-02,1.231793e-02,2.220199e-01,4.683781e-01,1.194402e-02,4.334336e-02,5.472973e-03
9.612210e-02,1.088952e-02,1.253834e-02,6.186889e-03,1.145750e-02,9.994947e-03,1.053736e-03,1.570141e-02,1.017823e-01,9.720102e-03,2.252278e-01,4.437537e-01,8.914609e-03,4.208864e-02,4.568368e-03
7.369853e-02,1.298780e-02,1.247452e-02,4.950125e-03,9.451743e-03,9.055129e-03,8.710237e-04,1.868041e-02,2.406553e-01,7.218022e-03,2.242528e-01,3.404761e-01,6.606100e-03,3.520702e-02,3.415408e-03
5.847231e-02,1.137376e-02,1.007690e-02,4.225779e-03,8.718590e-03,1.023376e-02,7.017873e-04,1.564797e-02,3.139073e-01,5.373414e-03,2.629265e-01,2.563074e-01,4.896682e-03,3.447827e-02,2.659642e-03
4.589115e-02,9.984484e-03,8.045330e-03,3.304514e-03,6.790064e-03,8.263713e-03,5.259940e-04,1.155934e-02,3.684060e-01,4.357426e-03,2.967689e-01,1.927187e-01,3.593249e-03,3.732220e-02,2.468881e-03
3.434044e-02,1.428064e-02,1.041317e-02,3.687753e-03,8.047596e-03,1.181647e-02,4.142174e-04,1.238408e-02,3.857349e-01,3.907347e-03,3.437806e-01,1.366485e-01,2.594752e-03,2.967020e-02,2.279398e-03
3.069116e-02,1.852458e-02,1.108834e-02,4.637590e-03,1.004496e-02,1.340497e-02,3.706222e-04,1.356442e-02,4.406610e-01,3.978789e-03,3.289488e-01,9.622762e-02,1.986449e-03,2.327031e-02,2.600394e-03
3.290398e-02,1.646702e-02,8.702994e-03,4.277747e-03,2.785449e-02,1.109530e-02,3.123600e-04,1.196316e-02,5.004288e-01,3.399955e-03,2.917296e-01,6.818583e-02,1.681387e-03,1.761720e-02,3.380195e-03
3.520144e-02,1.326039e-02,1.758701e-02,6.884848e-02,5.186550e-02,1.135241e-02,3.392795e-04,2.548552e-02,4.917695e-01,5.056096e-03,2.118794e-01,4.860314e-02,1.462496e-03,1.285215e-02,4.437262e-03
3.622246e-02,1.400508e-02,1.699884e-02,8.091083e-02,5.052976e-02,1.430728e-02,3.021541e-04,2.555421e-02,5.171565e-01,1.488887e-02,1.643122e-01,3.611266e-02,2.565505e-03,1.270948e-02,1.342423e-02
3.620607e-02,1.328352e-02,1.488425e-02,6.332245e-02,7.083520e-02,2.382001e-02,3.512447e-04,2.313735e-02,4.946896e-01,1.375818e-02,1.549353e-01,2.660956e-02,3.014561e-03,1.284697e-02,4.830574e-02
3.952072e-02,1.072012e-02,1.240667e-02,5.349367e-02,1.237685e-01,3.048908e-02,7.635428e-04,3.174844e-02,4.953064e-01,1.162324e-02,1.166228e-01,2.003066e-02,2.998149e-03,1.203897e-02,3.846902e-02
5.033072e-02,9.095786e-03,2.439158e-02,6.046246e-02,1.733612e-01,2.687744e-02,1.082545e-03,7.365977e-02,4.252723e-01,9.011452e-03,8.458717e-02,1.575174e-02,4.635284e-03,9.300144e-03,3.218041e-02
5.567707e-02,2.151759e-02,2.934912e-02,6.019378e-02,1.439307e-01,2.744572e-02,1.067422e-03,7.048006e-02,4.269923e-01,1.077720e-02,6.448671e-02,1.182418e-02,4.968219e-03,1.172836e-02,5.956153e-02
7.434389e-02,1.941276e-02,2.419793e-02,5.327978e-02,1.211164e-01,7.176501e-02,1.074572e-03,9.393290e-02,4.088682e-01,9.352420e-03,4.800324e-02,8.664851e-03,4.582131e-03,1.002579e-02,5.138018e-02
1.322557e-01,2.569980e-02,3.774894e-02,5.730630e-02,1.341975e-01,1.061499e-01,3.736193e-03,7.659335e-02,3.182189e-01,6.798841e-03,3.776333e-02,6.770156e-03,4.611475e-03,1.135082e-02,4.079894e-02
1.703257e-01,2.871204e-02,4.374689e-02,6.378152e-02,1.346258e-01,1.318223e-01,5.163894e-03,6.140317e-02,2.731335e-01,5.283304e-03,2.895757e-02,5.341421e-03,4.023083e-03,9.177808e-03,3.450210e-02
1.496999e-01,7.694456e-02,4.024341e-02,5.339495e-02,1.164606e-01,1.487909e-01,4.204457e-03,4.801177e-02,2.859422e-01,4.167262e-03,2.228301e-02,3.928888e-03,3.726952e-03,9.218894e-03,3.298226e-02
1.306572e-01,1.084239e-01,4.506779e-02,7.908925e-02,1.053217e-01,1.205557e-01,3.754496e-03,4.112815e-02,2.874737e-01,3.926314e-03,1.770190e-02,3.616061e-03,4.008424e-03,8.124423e-03,4.115089e-02
1.373935e-01,1.111305e-01,3.305768e-02,6.666294e-02,9.589783e-02,1.075062e-01,3.093908e-03,3.440703e-02,3.477641e-01,3.031030e-03,1.465071e-02,3.123056e-03,3.526105e-03,6.327094e-03,3.242833e-02
1.834958e-01,9.709549e-02,2.602621e-02,8.387177e-02,8.769919e-02,7.959965e-02,3.287495e-03,5.474187e-02,3.297364e-01,2.591718e-03,1.422039e-02,4.116039e-03,3.820720e-03,4.912180e-03,2.478511e-02
2.608344e-01,9.212138e-02,2.400561e-02,7.863981e-02,7.535988e-02,6.165074e-02,3.133930e-03,5.985880e-02,2.923332e-01,2.762831e-03,1.355305e-02,5.899246e-03,5.058563e-03,4.262982e-03,2.052557e-02
2.568826e-01,7.102288e-02,2.083781e-02,1.238320e-01,7.572427e-02,5.523125e-02,3.037469e-03,4.422559e-02,2.162081e-01,7.979277e-03,3.439438e-02,1.560915e-02,5.081328e-02,3.254106e-03,2.094783e-02
1.922226e-01,5.226207e-02,1.622214e-02,1.007417e-01,6.149351e-02,5.851423e-02,3.068747e-03,3.171296e-02,1.574444e-01,8.395074e-03,6.002231e-02,1.493944e-02,1.217237e-01,4.329763e-03,1.169073e-01
1.471142e-01,3.753374e-02,1.262201e-02,7.294134e-02,5.308814e-02,4.528140e-02,2.384199e-03,2.337687e-02,1.121305e-01,8.666398e-03,6.729577e-02,1.847122e-02,2.652243e-01,4.923379e-03,1.289465e-01
1.280927e-01,2.921708e-02,1.775067e-02,5.845966e-02,8.481652e-02,3.359625e-02,2.339156e-03,1.761502e-02,8.150254e-02,1.074056e-02,5.614636e-02,2.010855e-02,2.810507e-01,4.284671e-03,1.742796e-01
1.553453e-01,2.199808e-02,1.536312e-02,4.279086e-02,1.012840e-01,2.548484e-02,2.566100e-03,1.373729e-02,6.237531e-02,1.224919e-02,5.204736e-02,1.965681e-02,2.549868e-01,6.477078e-03,2.136379e-01
1.748990e-01,1.718664e-02,3.652065e-02,3.829264e-02,1.196836e-01,3.723651e-02,3.580193e-03,1.313855e-02,5.017950e-02,1.142714e-02,5.047121e-02,2.773823e-02,2.423077e-01,6.099999e-03,1.712384e-01
1.401652e-01,1.239203e-02,2.910924e-02,2.791327e-02,1.034342e-01,3.102766e-02,3.016331e-03,9.834121e-03,3.605996e-02,1.015484e-02,4.155198e-02,4.061542e-02,2.320450e-01,5.512072e-03,2.771686e-01
1.144364e-01,9.831133e-03,3.016593e-02,3.146788e-02,1.217809e-01,3.987199e-02,2.633499e-03,8.097284e-03,2.785479e-02,8.075071e-03,3.811184e-02,5.343111e-02,2.243938e-01,4.187812e-03,2.856605e-01
8.423653e-02,7.307196e-03,2.302039e-02,2.689416e-02,1.181138e-01,3.228495e-02,2.013750e-03,6.420932e-03,2.085243e-02,7.659774e-03,3.923002e-02,9.948213e-02,2.742913e-01,3.973117e-03,2.542195e-01
6.437297e-02,5.491909e-03,1.719811e-02,2.368009e-02,1.305902e-01,2.647710e-02,1.625278e-03,5.731740e-03,1.714359e-02,7.234850e-03,4.085480e-02,1.176877e-01,3.369820e-01,3.251975e-03,2.016776e-01
4.569831e-02,4.034068e-03,1.274045e-02,1.716355e-02,1.073326e-01,1.980780e-02,1.435484e-03,5.015897e-03,1.344363e-02,5.968707e-03,3.528005e-02,2.052878e-01,3.706712e-01,3.011961e-03,1.531086e-01
3.233457e-02,2.924166e-03,9.215198e-03,1.213436e-02,8.877883e-02,1.507117e-02,2.519661e-03,4.445632e-03,1.031714e-02,4.752028e-03,2.890570e-02,2.521367e-01,4.206254e-01,2.579096e-03,1.132603e-01
2.286424e-02,2.087718e-03,6.608318e-03,8.560685e-03,6.770687e-02,1.174034e-02,2.579919e-03,3.700978e-03,8.027356e-03,3.649602e-03,2.551943e-02,4.212243e-01,3.335145e-01,2.221806e-03,7.999387e-02
1.617700e-02,1.492165e-03,4.714010e-03,6.017839e-03,5.178150e-02,9.439987e-03,2.744596e-03,3.072654e-03,6.355955e-03,2.933159e-03,1.889415e-02,5.503574e-01,2.675384e-01,2.283558e-03,5.619768e-02
1.144101e-02,1.063542e-03,3.321158e-03,4.238764e-03,3.683915e-02,7.396258e-03,1.998302e-03,2.205609e-03,4.671006e-03,2.188351e-03,1.369972e-02,6.730140e-01,1.966607e-01,1.878440e-03,3.938395e-02
8.144429e-03,7.729304e-04,2.355870e-03,2.983499e-03,2.914911e-02,5.556604e-03,1.517018e-03,1.702820e-03,3.573880e-03,1.789340e-03,1.103284e-02,7.522700e-01,1.500541e-01,1.470605e-03,2.762698e-02
6.287396e-03,5.470925e-04,1.827026e-03,2.116263e-03,2.222860e-02,7.911738e-03,6.552110e-02,7.857153e-03,2.618552e-03,1.600080e-03,8.609276e-03,7.406561e-01,1.109282e-01,1.773530e-03,1.951786e-02
8.864878e-03,5.334615e-04,2.366167e-03,1.567250e-03,1.794376e-02,8.938805e-03,5.296129e-02,9.614168e-03,2.239914e-03,2.184227e-03,6.713051e-03,7.891464e-01,8.115485e-02,1.997291e-03,1.377449e-02
1.826733e-02,5.379668e-04,2.298602e-03,1.451306e-03,1.464660e-02,4.121587e-02,3.824236e-02,9.224599e-03,1.789942e-03,2.210474e-03,5.458033e-03,7.846730e-01,6.762500e-02,2.573911e-03,9.785072e-03
1.703877e-02,4.132259e-04,1.856978e-03,1.121340e-03,1.220895e-02,3.193815e-02,2.809875e-02,9.080673e-03,1.355106e-03,2.083240e-03,4.312939e-03,8.264357e-01,5.506710e-02,2.086701e-03,6.902396e-03
1.551538e-02,3.607968e-04,1.858946e-03,8.632910e-04,1.576851e-02,2.364202e-02,2.865201e-02,8.442312e-03,1.153477e-03,2.100189e-03,4.118467e-03,8.435472e-01,4.683324e-02,2.202309e-03,4.941859e-03
2.001287e-02,4.246102e-04,4.307594e-03,8.856416e-04,1.954144e-02,2.246203e-02,5.509811e-02,1.863116e-02,9.395452e-04,2.269178e-03,3.199792e-03,8.083375e-01,3.778989e-02,2.520858e-03,3.579851e-03
1.981014e-02,5.209124e-04,3.826830e-03,6.724060e-04,2.019429e-02,1.709456e-02,4.619407e-02,1.562015e-02,7.774127e-04,1.769872e-03,2.472734e-03,8.341554e-01,3.199483e-02,2.337093e-03,2.559263e-03
3.040401e-02,1.428985e-03,6.954364e-03,6.144755e-04,1.004202e-01,1.285810e-02,9.882692e-02,1.239524e-02,1.440379e-03,1.359045e-03,2.028302e-03,6.972163e-01,3.012576e-02,1.957113e-03,1.970720e-03
4.617395e-02,1.569205e-03,1.044790e-02,6.366740e-03,1.937030e-01,1.044801e-02,1.038171e-01,2.228597e-02,2.458470e-03,1.337925e-03,1.838827e-03,5.669517e-01,2.918417e-02,1.879027e-03,1.537984e-03
9.981546e-02,4.300572e-03,2.935856e-02,1.110784e-02,2.122702e-01,1.006267e-02,1.081806e-01,2.662944e-02,6.549464e-03,1.861864e-03,2.634488e-03,4.550116e-01,2.572077e-02,2.490804e-03,4.005610e-03
1.319708e-01,1.548042e-02,7.584390e-02,1.907078e-02,1.947796e-01,9.058542e-03,8.586530e-02,3.368157e-02,1.946356e-02,2.232046e-03,8.832743e-03,3.606298e-01,3.305138e-02,3.487528e-03,6.552160e-03
1.651861e-01,1.850707e-02,6.605496e-02,1.623437e-02,1.664801e-01,8.218962e-03,6.719108e-02,3.181338e-02,2.221326e-02,1.902586e-03,9.255448e-03,3.826112e-01,3.415851e-02,3.551493e-03,6.621563e-03
1.532393e-01,1.947027e-02,6.897069e-02,1.799940e-02,1.396641e-01,7.392590e-03,5.594390e-02,3.863126e-02,2.371922e-02,1.591648e-03,1.204770e-02,3.738151e-01,7.607272e-02,4.499336e-03,6.942910e-03
1.628031e-01,1.977300e-02,5.252662e-02,1.448076e-02,1.099942e-01,8.285071e-03,4.707254e-02,3.374145e-02,2.784163e-02,1.287264e-03,1.146251e-02,3.783614e-01,1.217162e-01,4.458777e-03,6.195475e-03
1.897208e-01,2.008485e-02,4.185956e-02,2.299996e-02,9.650551e-02,1.176633e-02,3.728638e-02,5.334990e-02,3.034900e-02,1.130621e-03,1.403324e-02,3.353428e-01,1.335426e-01,5.983781e-03,6.044776e-03
1.865960e-01,2.774034e-02,2.974529e-02,1.730247e-02,7.477892e-02,1.825289e-02,2.719595e-02,4.063178e-02,4.557951e-02,9.069692e-04,1.728364e-02,2.623919e-01,2.416038e-01,5.084518e-03,4.906105e-03
2.105311e-01,2.687740e-02,2.440317e-02,5.060690e-02,6.178248e-02,1.945189e-02,2.026797e-02,4.038581e-02,4.177776e-02,9.186846e-04,1.768328e-02,2.048896e-01,2.679158e-01,6.809652e-03,5.698563e-03
2.567267e-01,2.374411e-02,2.123476e-02,5.971592e-02,5.036464e-02,1.702666e-02,1.464004e-02,3.337280e-02,3.938909e-02,1.046007e-03,1.624566e-02,1.544893e-01,2.969205e-01,7.041023e-03,8.042814e-03
3.218595e-01,2.046910e-02,1.732401e-02,6.321104e-02,3.930866e-02,1.917732e-02,1.086656e-02,2.604815e-02,3.992619e-02,1.539127e-03,1.570703e-02,1.232827e-01,2.788086e-01,8.778875e-03,1.369316e-02
4.338062e-01,1.706823e-02,1.488966e-02,5.395738e-02,3.167542e-02,2.186429e-02,8.333484e-03,1.923003e-02,3.445069e-02,1.223583e-03,1.442251e-02,9.370297e-02,2.348127e-01,8.159094e-03,1.240364e-02
4.390047e-01,1.387530e-02,1.928511e-02,1.334558e-01,2.889333e-02,1.729869e-02,6.733158e-03,2.047212e-02,2.796196e-02,1.624302e-03,1.700698e-02,8.541156e-02,1.717088e-01,7.011763e-03,1.025644e-02
4.402647e-01,1.173063e-02,3.636286e-02,1.872512e-01,2.419993e-02,1.645871e-02,5.948094e-03,2.081043e-02,2.161045e-02,1.639874e-03,1.590320e-02,7.770114e-02,1.253877e-01,5.950717e-03,8.780377e-03
4.952048e-01,1.047472e-02,3.942103e-02,1.788292e-01,2.265335e-02,1.525009e-02,6.254124e-03,3.132997e-02,1.680147e-02,1.625102e-03,1.533200e-02,6.097596e-02,9.317416e-02,5.050335e-03,7.623644e-03
1.000000e+00,0.000000e+00,0.000000e+00,0.000000e+00,0.000000e+00,0.000000e+00,0.000000e+00,0.000000e+00,0.000000e+00,0.000000e+00,0.000000e+00,0.000000e+00,0.000000e+00,0.000000e+00,0.000000e+00
4.267727e-01,1.088930e-02,2.246058e-02,1.504383e-01,1.362044e-02,2.109477e-02,4.881668e-03,1.755733e-02,1.432000e-01,8.773278e-03,1.475419e-02,4.504214e-02,9.931877e-02,3.378547e-03,1.781811e-02
3.054215e-01,8.767510e-03,1.626254e-02,1.230269e-01,9.829424e-03,2.110085e-02,4.745025e-03,1.279588e-02,1.413690e-01,7.013756e-03,1.136086e-02,3.570612e-02,2.860237e-01,2.452307e-03,1.412469e-02
2.245284e-01,6.992996e-03,1.166304e-02,9.216868e-02,7.294873e-03,2.139478e-02,4.358239e-03,9.178421e-03,1.125102e-01,5.206517e-03,8.425736e-03,2.819113e-02,4.543306e-01,1.819243e-03,1.193718e-02
1.622676e-01,1.029636e-02,1.482767e-02,1.159901e-01,5.821502e-03,1.923051e-02,4.102874e-03,6.728820e-03,2.475708e-01,4.704141e-03,6.171625e-03,2.158687e-02,3.666074e-01,1.437751e-03,1.265595e-02
1.224570e-01,8.013234e-03,1.053066e-02,8.376927e-02,4.553289e-03,3.734832e-02,3.419252e-03,4.905538e-03,1.813794e-01,3.305539e-03,4.584811e-03,1.698846e-02,5.077642e-01,1.068702e-03,9.912338e-03
9.544051e-02,6.102204e-03,7.536463e-03,5.971687e-02,4.108699e-03,3.947213e-02,4.122816e-03,3.942230e-03,1.294843e-01,2.334709e-03,4.291611e-03,1.455456e-02,6.185338e-01,8.317647e-04,9.527331e-03
1.014416e-01,4.632534e-03,5.559611e-03,4.224811e-02,3.661053e-03,4.652266e-02,3.892752e-03,3.853104e-03,9.167483e-02,1.667223e-03,4.062381e-03,1.552094e-02,6.662409e-01,7.825092e-04,8.239875e-03
1.154027e-01,3.548816e-03,4.035672e-03,2.994579e-02,7.205673e-03,3.745693e-02,5.967031e-03,3.320029e-03,6.551738e-02,1.204590e-03,4.090042e-03,1.571774e-02,6.990176e-01,7.509502e-04,6.819027e-03
1.679438e-01,3.383340e-03,3.637482e-03,2.203544e-02,1.347532e-02,7.356630e-02,1.103412e-02,9.389019e-03,4.828728e-02,9.440387e-04,4.140905e-03,1.986057e-02,6.163510e-01,7.396625e-04,5.211752e-03
1.628300e-01,3.438267e-03,3.181058e-03,1.633216e-02,1.455683e-02,1.850803e-01,1.082277e-02,9.181082e-03,3.585055e-02,8.076841e-04,3.772859e-03,2.222487e-02,5.270725e-01,6.292369e-04,4.219861e-03
1.177919e-01,3.515338e-03,2.587981e-03,1.163781e-02,1.127543e-02,1.615198e-01,8.529474e-03,7.201658e-03,2.854512e-02,7.439673e-04,4.279295e-03,2.262248e-02,6.157023e-01,5.378202e-04,3.509664e-03
8.675727e-02,2.687801e-03,2.102864e-03,8.273633e-03,9.771636e-03,1.148158e-01,6.640403e-03,5.548314e-03,2.154226e-02,5.965451e-04,3.771514e-03,1.903571e-02,7.151800e-01,5.866938e-04,2.689548e-03
6.799272e-02,2.055721e-03,1.820846e-03,5.944768e-03,9.275564e-03,8.253236e-02,5.386781e-03,4.999080e-03,1.610529e-02,4.484371e-04,3.223604e-03,1.478739e-02,7.829534e-01,4.957776e-04,1.978275e-03
6.468140e-02,1.923678e-03,1.493332e-03,4.530245e-03,8.988366e-03,6.047618e-02,4.263264e-03,4.447254e-03,1.282291e-02,3.595262e-04,2.792923e-03,1.529558e-02,8.157717e-01,4.335933e-04,1.720053e-03
8.867450e-02,3.148585e-03,2.625117e-03,4.879664e-03,1.288572e-02,8.512060e-02,3.896670e-03,4.140558e-03,1.075782e-02,4.951820e-04,2.790957e-03,1.910624e-02,7.573032e-01,5.082701e-04,3.666841e-03
7.612492e-02,2.867321e-03,3.003611e-03,3.674209e-03,1.438433e-02,6.956726e-02,5.187816e-03,5.890183e-03,8.198105e-03,4.258709e-04,2.572894e-03,2.490915e-02,7.795105e-01,5.884633e-04,3.095351e-03
9.458264e-02,2.766657e-03,3.274687e-03,2.858295e-03,1.677871e-02,6.413394e-02,5.395836e-03,7.053753e-03,6.638572e-03,3.618545e-04,2.098037e-03,2.259052e-02,7.685076e-01,4.780044e-04,2.480840e-03
7.785769e-02,2.147899e-03,2.733627e-03,2.054559e-03,1.321024e-02,5.668174e-02,4.779422e-03,6.613742e-03,4.884744e-03,2.643104e-04,1.864878e-03,1.880718e-02,8.057619e-01,3.977520e-04,1.940304e-03
7.542775e-02,1.686991e-03,2.327011e-03,1.547360e-03,1.177360e-02,5.315369e-02,4.034317e-03,5.887735e-03,3.945553e-03,1.965242e-04,1.566132e-03,1.748449e-02,8.190975e-01,3.167941e-04,1.554548e-03
9.120601e-02,1.545970e-03,3.526777e-03,1.342087e-03,1.021654e-02,8.665325e-02,5.400542e-03,5.595235e-03,3.859085e-03,1.577069e-04,1.493889e-03,1.506512e-02,7.722706e-01,2.782457e-04,1.389044e-03
8.612536e-02,1.968657e-03,3.491285e-03,1.091288e-03,9.324173e-03,8.714227e-02,5.670315e-03,5.415119e-03,5.215339e-03,1.277349e-04,1.316911e-03,1.362996e-02,7.779465e-01,2.223583e-04,1.312824e-03
6.826615e-02,1.539165e-03,2.724656e-03,8.236297e-04,7.880415e-03,1.094340e-01,4.573153e-03,4.428752e-03,4.256881e-03,9.693674e-05,1.420439e-03,1.113501e-02,7.820109e-01,1.961890e-04,1.213820e-03
5.405980e-02,1.357144e-03,2.355045e-03,6.585083e-04,6.425132e-03,1.449819e-01,4.202228e-03,3.994776e-03,3.414636e-03,8.574699e-05,1.384648e-03,9.773918e-03,7.659269e-01,1.609051e-04,1.218729e-03
4.265574e-02,1.133172e-03,1.948405e-03,5.105610e-04,5.590310e-03,1.628116e-01,4.035816e-03,3.288931e-03,2.623721e-03,7.592663e-05,1.196130e-03,7.551585e-03,7.651498e-01,1.267323e-04,1.301508e-03
3.902677e-02,9.807775e-04,1.746742e-03,4.149409e-04,6.480065e-03,1.421029e-01,4.450312e-03,4.517176e-03,2.244659e-03,7.162863e-05,1.121352e-03,6.365132e-03,7.890494e-01,1.291198e-04,1.299044e-03
3.373597e-02,7.986876e-04,1.383564e-03,3.334993e-04,5.970535e-03,1.146578e-01,3.698494e-03,3.789348e-03,1.816610e-03,7.493775e-05,9.499682e-04,6.305178e-03,8.249580e-01,1.153243e-04,1.412191e-03
2.797299e-02,1.031211e-03,1.696998e-03,4.779806e-04,5.155032e-03,9.879827e-02,3.061110e-03,3.127256e-03,1.805875e-03,9.563728e-05,8.902901e-04,6.070404e-03,8.473216e-01,1.199686e-04,2.375319e-03
2.461913e-02,1.659738e-03,2.617433e-03,5.934765e-04,4.533355e-03,8.422142e-02,2.677951e-03,3.794584e-03,2.798362e-03,1.558081e-04,9.045004e-04,5.749280e-03,8.606244e-01,1.594003e-04,4.891141e-03
2.093983e-02,1.617442e-03,2.514018e-03,5.146805e-04,8.059234e-03,6.410145e-02,4.266705e-03,3.534839e-03,3.442829e-03,1.384371e-04,9.236207e-04,1.238667e-02,8.723041e-01,1.916360e-04,5.064543e-03
2.091308e-02,1.417043e-03,2.311131e-03,4.864833e-04,8.580890e-03,4.773332e-02,5.258814e-03,3.619421e-03,3.095709e-03,1.282363e-04,9.084700e-04,1.485496e-02,8.859503e-01,1.692933e-04,4.572848e-03
1.877235e-02,1.422130e-03,2.452467e-03,4.028974e-04,8.480624e-03,3.581617e-02,5.128606e-03,3.005991e-03,2.863031e-03,1.195965e-04,8.266533e-04,1.339017e-02,9.035476e-01,1.384796e-04,3.633210e-03
2.532799e-02,4.602517e-03,3.870323e-03,3.488056e-04,1.001963e-02,2.690051e-02,5.969485e-03,3.544102e-03,4.209792e-03,1.148011e-04,7.177836e-04,1.199163e-02,8.992736e-01,1.181806e-04,2.990854e-03
3.402338e-02,5.542128e-03,4.791610e-03,7.889302e-04,1.234714e-02,2.180622e-02,7.013571e-03,4.337406e-03,7.746434e-03,1.556838e-04,6.930088e-04,9.603553e-03,8.881212e-01,1.525591e-04,2.877171e-03
3.320727e-02,4.603807e-03,3.743871e-03,6.345548e-04,1.169989e-02,1.809640e-02,6.561686e-03,3.966833e-03,6.156757e-03,1.301133e-04,6.812629e-04,7.767207e-03,8.998338e-01,1.324889e-04,2.784101e-03
5.032464e-02,4.652119e-03,5.298959e-03,8.877681e-04,1.128611e-02,2.251725e-02,7.860199e-03,3.258147e-03,9.556543e-03,1.812067e-04,9.335707e-04,6.448222e-03,8.727148e-01,1.722334e-04,3.908319e-03
