1.000000e+00,0.000000e+00,0.000000e+00,0.000000e+00,0.000000e+00,0.000000e+00,0.000000e+00,0.000000e+00,0.000000e+00,0.000000e+00,0.000000e+00,0.000000e+00,0.000000e+00,0.000000e+00,0.000000e+00
1.000000e+00,0.000000e+00,0.000000e+00,0.000000e+00,0.000000e+00,0.000000e+00,0.000000e+00,0.000000e+00,0.000000e+00,0.000000e+00,0.000000e+00,0.000000e+00,0.000000e+00,0.000000e+00,0.000000e+00
1.000000e+00,0.000000e+00,0.000000e+00,0.000000e+00,0.000000e+00,0.000000e+00,0.000000e+00,0.000000e+00,0.000000e+00,0.000000e+00,0.000000e+00,0.000000e+00,0.000000e+00,0.000000e+00,0.000000e+00
1.000000e+00,0.000000e+00,0.000000e+00,0.000000e+00,0.000000e+00,0.000000e+00,0.000000e+00,0.000000e+00,0.000000e+00,0.000000e+00,0.000000e+00,0.000000e+00,0.000000e+00,0.000000e+00,0.000000e+00
1.000000e+00,0.000000e+00,0.000000e+00,0.000000e+00,0.000000e+00,0.000000e+00,0.000000e+00,0.000000e+00,0.000000e+00,0.000000e+00,0.000000e+00,0.000000e+00,0.000000e+00,0.000000e+00,0.000000e+00
1.000000e+00,0.000000e+00,0.000000e+00,0.000000e+00,0.000000e+00,0.000000e+00,0.000000e+00,0.000000e+00,0.000000e+00,0.000000e+00,0.000000e+00,0.000000e+00,0.000000e+00,0.000000e+00,0.000000e+00
1.000000e+00,0.000000e+00,0.000000e+00,0.000000e+00,0.000000e+00,0.000000e+00,0.000000e+00,0.000000e+00,0.000000e+00,0.000000e+00,0.000000e+00,0.000000e+00,0.000000e+00,0.000000e+00,0.000000e+00
1.000000e+00,0.000000e+00,0.000000e+00,0.000000e+00,0.000000e+00,0.000000e+00,0.000000e+00,0.000000e+00,0.000000e+00,0.000000e+00,0.000000e+00,0.000000e+00,0.000000e+00,0.000000e+00,0.000000e+00
1.000000e+00,0.000000e+00,0.000000e+00,0.000000e+00,0.000000e+00,0.000000e+00,0.000000e+00,0.000000e+00,0.000000e+00,0.000000e+00,0.000000e+00,0.000000e+00,0.000000e+00,0.000000e+00,0.000000e+00
1.000000e+00,0.000000e+00,0.000000e+00,0.000000e+00,0.000000e+00,0.000000e+00,0.000000e+00,0.000000e+00,0.000000e+00,0.000000e+00,0.000000e+00,0.000000e+00,0.000000e+00,0.000000e+00,0.000000e+00
1.000000e+00,0.000000e+00,0.000000e+00,0.000000e+00,0.000000e+00,0.000000e+00,0.000000e+00,0.000000e+00,0.000000e+00,0.000000e+00,0.000000e+00,0.000000e+00,0.000000e+00,0.000000e+00,0.000000e+00
1.000000e+00,0.000000e+00,0.000000e+00,0.000000e+00,0.000000e+00,0.000000e+00,0.000000e+00,0.000000e+00,0.000000e+00,0.000000e+00,0.000000e+00,0.000000e+00,0.000000e+00,0.000000e+00,0.000000e+00
1.000000e+00,0.000000e+00,0.000000e+00,0.000000e+00,0.000000e+00,0.000000e+00,0.000000e+00,0.000000e+00,0.000000e+00,0.000000e+00,0.000000e+00,0.000000e+00,0.000000e+00,0.000000e+00,0.000000e+00
1.000000e+00,0.000000e+00,0.000000e+00,0.000000e+00,0.000000e+00,0.000000e+00,0.000000e+00,0.000000e+00,0.000000e+00,0.000000e+00,0.000000e+00,0.000000e+00,0.000000e+00,0.000000e+00,0.000000e+00
1.000000e+00,0.000000e+00,0.000000e+00,0.000000e+00,0.000000e+00,0.000000e+00,0.000000e+00,0.000000e+00,0.000000e+00,0.000000e+00,0.000000e+00,0.000000e+00,0.000000e+00,0.000000e+00,0.000000e+00
1.000000e+00,0.000000e+00,0.000000e+00,0.000000e+00,0.000000e+00,0.000000e+00,0.000000e+00,0.000000e+00,0.000000e+00,0.000000e+00,0.000000e+00,0.000000e+00,0.000000e+00,0.000000e+00,0.000000e+00
1.000000e+00,0.000000e+00,0.000000e+00,0.000000e+00,0.000000e+00,0.000000e+00,0.000000e+00,0.000000e+00,0.000000e+00,0.000000e+00,0.000000e+00,0.000000e+00,0.000000e+00,0.000000e+00,0.000000e+00
1.000000e+00,0.000000e+00,0.000000e+00,0.000000e+00,0.000000e+00,0.000000e+00,0.000000e+00,0.000000e+00,0.000000e+00,0.000000e+00,0.000000e+00,0.000000e+00,0.000000e+00,0.000000e+00,0.000000e+00
1.000000e+00,0.000000e+00,0.000000e+00,0.000000e+00,0.000000e+00,0.000000e+00,0.000000e+00,0.000000e+00,0.000000e+00,0.000000e+00,0.000000e+00,0.000000e+00,0.000000e+00,0.000000e+00,0.000000e+00
1.000000e+00,0.000000e+00,0.000000e+00,0.000000e+00,0.000000e+00,0.000000e+00,0.000000e+00,0.000000e+00,0.000000e+00,0.000000e+00,0.000000e+00,0.000000e+00,0.000000e+00,0.000000e+00,0.000000e+00
1.000000e+00,0.000000e+00,0.000000e+00,0.000000e+00,0.000000e+00,0.000000e+00,0.000000e+00,0.000000e+00,0.000000e+00,0.000000e+00,0.000000e+00,0.000000e+00,0.000000e+00,0.000000e+00,0.000000e+00
1.000000e+00,0.000000e+00,0.000000e+00,0.000000e+00,0.000000e+00,0.000000e+00,0.000000e+00,0.000000e+00,0.000000e+00,0.000000e+00,0.000000e+00,0.000000e+00,0.000000e+00,0.000000e+00,0.000000e+00
1.000000e+00,0.000000e+00,0.000000e+00,0.000000e+00,0.000000e+00,0.000000e+00,0.000000e+00,0.000000e+00,0.000000e+00,0.000000e+00,0.000000e+00,0.000000e+00,0.000000e+00,0.000000e+00,0.000000e+00
1.000000e+00,0.000000e+00,0.000000e+00,0.000000e+00,0.000000e+00,0.000000e+00,0.000000e+00,0.000000e+00,0.000000e+00,0.000000e+00,0.000000e+00,0.000000e+00,0.000000e+00,0.000000e+00,0.000000e+00
1.000000e+00,0.000000e+00,0.000000e+00,0.000000e+00,0.000000e+00,0.000000e+00,0.000000e+00,0.000000e+00,0.000000e+00,0.000000e+00,0.000000e+00,0.000000e+00,0.000000e+00,0.000000e+00,0.000000e+00
1.000000e+00,0.000000e+00,0.000000e+00,0.000000e+00,0.000000e+00,0.000000e+00,0.000000e+00,0.000000e+00,0.000000e+00,0.000000e+00,0.000000e+00,0.000000e+00,0.000000e+00,0.000000e+00,0.000000e+00
1.000000e+00,0.000000e+00,0.000000e+00,0.000000e+00,0.000000e+00,0.000000e+00,0.000000e+00,0.000000e+00,0.000000e+00,0.000000e+00,0.000000e+00,0.000000e+00,0.000000e+00,0.000000e+00,0.000000e+00
1.000000e+00,0.000000e+00,0.000000e+00,0.000000e+00,0.000000e+00,0.000000e+00,0.000000e+00,0.000000e+00,0.000000e+00,0.000000e+00,0.000000e+00,0.000000e+00,0.000000e+00,0.000000e+00,0.000000e+00
1.000000e+00,0.000000e+00,0.000000e+00,0.000000e+00,0.000000e+00,0.000000e+00,0.000000e+00,0.000000e+00,0.000000e+00,0.000000e+00,0.000000e+00,0.000000e+00,0.000000e+00,0.000000e+00,0.000000e+00
1.000000e+00,0.000000e+00,0.000000e+00,0.000000e+00,0.000000e+00,0.000000e+00,0.000000e+00,0.000000e+00,0.000000e+00,0.000000e+00,0.000000e+00,0.000000e+00,0.000000e+00,0.000000e+00,0.000000e+00
1.000000e+00,0.000000e+00,0.000000e+00,0.000000e+00,0.000000e+00,0.000000e+00,0.000000e+00,0.000000e+00,0.000000e+00,0.000000e+00,0.000000e+00,0.000000e+00,0.000000e+00,0.000000e+00,0.000000e+00
1.000000e+00,0.000000e+00,0.000000e+00,0.000000e+00,0.000000e+00,0.000000e+00,0.000000e+00,0.000000e+00,0.000000e+00,0.000000e+00,0.000000e+00,0.000000e+00,0.000000e+00,0.000000e+00,0.000000e+00
1.000000e+00,0.000000e+00,0.000000e+00,0.000000e+00,0.000000e+00,0.000000e+00,0.000000e+00,0.000000e+00,0.000000e+00,0.000000e+00,0.000000e+00,0.000000e+00,0.000000e+00,0.000000e+00,0.000000e+00
1.000000e+00,0.000000e+00,0.000000e+00,0.000000e+00,0.000000e+00,0.000000e+00,0.000000e+00,0.000000e+00,0.000000e+00,0.000000e+00,0.000000e+00,0.000000e+00,0.000000e+00,0.000000e+00,0.000000e+00
1.000000e+00,0.000000e+00,0.000000e+00,0.000000e+00,0.000000e+00,0.000000e+00,0.000000e+00,0.000000e+00,0.000000e+00,0.000000e+00,0.000000e+00,0.000000e+00,0.000000e+00,0.000000e+00,0.000000e+00
1.000000e+00,0.000000e+00,0.000000e+00,0.000000e+00,0.000000e+00,0.000000e+00,0.000000e+00,0.000000e+00,0.000000e+00,0.000000e+00,0.000000e+00,0.000000e+00,0.000000e+00,0.000000e+00,0.000000e+00
1.000000e+00,0.000000e+00,0.000000e+00,0.000000e+00,0.000000e+00,0.000000e+00,0.000000e+00,0.000000e+00,0.000000e+00,0.000000e+00,0.000000e+00,0.000000e+00,0.000000e+00,0.000000e+00,0.000000e+00
1.000000e+00,0.000000e+00,0.000000e+00,0.000000e+00,0.000000e+00,0.000000e+00,0.000000e+00,0.000000e+00,0.000000e+00,0.000000e+00,0.000000e+00,0.000000e+00,0.000000e+00,0.000000e+00,0.000000e+00
1.000000e+00,0.000000e+00,0.000000e+00,0.000000e+00,0.000000e+00,0.000000e+00,0.000000e+00,0.000000e+00,0.000000e+00,0.000000e+00,0.000000e+00,0.000000e+00,0.000000e+00,0.000000e+00,0.000000e+00
1.000000e+00,0.000000e+00,0.000000e+00,0.000000e+00,0.000000e+00,0.000000e+00,0.000000e+00,0.000000e+00,0.000000e+00,0.000000e+00,0.000000e+00,0.000000e+00,0.000000e+00,0.000000e+00,0.000000e+00
1.000000e+00,0.000000e+00,0.000000e+00,0.000000e+00,0.000000e+00,0.000000e+00,0.000000e+00,0.000000e+00,0.000000e+00,0.000000e+00,0.000000e+00,0.000000e+00,0.000000e+00,0.000000e+00,0.000000e+00
1.000000e+00,0.000000e+00,0.000000e+00,0.000000e+00,0.000000e+00,0.000000e+00,0.000000e+00,0.000000e+00,0.000000e+00,0.000000e+00,0.000000e+00,0.000000e+00,0.000000e+00,0.000000e+00,0.000000e+00
1.000000e+00,0.000000e+00,0.000000e+00,0.000000e+00,0.000000e+00,0.000000e+00,0.000000e+00,0.000000e+00,0.000000e+00,0.000000e+00,0.000000e+00,0.000000e+00,0.000000e+00,0.000000e+00,0.000000e+00
1.000000e+00,0.000000e+00,0.000000e+00,0.000000e+00,0.000000e+00,0.000000e+00,0.000000e+00,0.000000e+00,0.000000e+00,0.000000e+00,0.000000e+00,0.000000e+00,0.000000e+00,0.000000e+00,0.000000e+00
1.000000e+00,0.000000e+00,0.000000e+00,0.000000e+00,0.000000e+00,0.000000e+00,0.000000e+00,0.000000e+00,0.000000e+00,0.000000e+00,0.000000e+00,0.000000e+00,0.000000e+00,0.000000e+00,0.000000e+00
1.000000e+00,0.000000e+00,0.000000e+00,0.000000e+00,0.000000e+00,0.000000e+00,0.000000e+00,0.000000e+00,0.000000e+00,0.000000e+00,0.000000e+00,0.000000e+00,0.000000e+00,0.000000e+00,0.000000e+00
1.000000e+00,0.000000e+00,0.000000e+00,0.000000e+00,0.000000e+00,0.000000e+00,0.000000e+00,0.000000e+00,0.000000e+00,0.000000e+00,0.000000e+00,0.000000e+00,0.000000e+00,0.000000e+00,0.000000e+00
1.000000e+00,0.000000e+00,0.000000e+00,0.000000e+00,0.000000e+00,0.000000e+00,0.000000e+00,0.000000e+00,0.000000e+00,0.000000e+00,0.000000e+00,0.000000e+00,0.000000e+00,0.000000e+00,0.000000e+00
1.000000e+00,0.000000e+00,0.000000e+00,0.000000e+00,0.000000e+00,0.000000e+00,0.000000e+00,0.000000e+00,0.000000e+00,0.000000e+00,0.000000e+00,0.000000e+00,0.000000e+00,0.000000e+00,0.000000e+00
1.000000e+00,0.000000e+00,0.000000e+00,0.000000e+00,0.000000e+00,0.000000e+00,0.000000e+00,0.000000e+00,0.000000e+00,0.000000e+00,0.000000e+00,0.000000e+00,0.000000e+00,0.000000e+00,0.000000e+00
1.000000e+00,0.000000e+00,0.000000e+00,0.000000e+00,0.000000e+00,0.000000e+00,0.000000e+00,0.000000e+00,0.000000e+00,0.000000e+00,0.000000e+00,0.000000e+00,0.000000e+00,0.000000e+00,0.000000e+00
1.000000e+00,0.000000e+00,0.000000e+00,0.000000e+00,0.000000e+00,0.000000e+00,0.000000e+00,0.000000e+00,0.000000e+00,0.000000e+00,0.000000e+00,0.000000e+00,0.000000e+00,0.000000e+00,0.000000e+00
1.000000e+00,0.000000e+00,0.000000e+00,0.000000e+00,0.000000e+00,0.000000e+00,0.000000e+00,0.000000e+00,0.000000e+00,0.000000e+00,0.000000e+00,0.000000e+00,0.000000e+00,0.000000e+00,0.000000e+00
1.000000e+00,0.000000e+00,0.000000e+00,0.000000e+00,0.000000e+00,0.000000e+00,0.000000e+00,0.000000e+00,0.000000e+00,0.000000e+00,0.000000e+00,0.000000e+00,0.000000e+00,0.000000e+00,0.000000e+00
1.000000e+00,0.000000e+00,0.000000e+00,0.000000e+00,0.000000e+00,0.000000e+00,0.000000e+00,0.000000e+00,0.000000e+00,0.000000e+00,0.000000e+00,0.000000e+00,0.000000e+00,0.000000e+00,0.000000e+00
1.000000e+00,0.000000e+00,0.000000e+00,0.000000e+00,0.000000e+00,0.000000e+00,0.000000e+00,0.000000e+00,0.000000e+00,0.000000e+00,0.000000e+00,0.000000e+00,0.000000e+00,0.000000e+00,0.000000e+00
4.336601e-01,2.555068e-02,3.292516e-02,2.300419e-01,1.094024e-02,6.811525e-03,1.682420e-03,7.186196e-03,2.115897e-02,3.336222e-02,1.598165e-01,5.950734e-03,1.670113e-02,1.423799e-03,1.278845e-02
3.052251e-01,1.994365e-02,2.580996e-02,1.841993e-01,8.198755e-03,5.029166e-03,1.329160e-03,5.777719e-03,1.221799e-01,4.053621e-02,2.398701e-01,5.037205e-03,2.005808e-02,2.098824e-03,1.470698e-02
2.161863e-01,1.771390e-02,2.102596e-02,1.507113e-01,6.170758e-03,3.960345e-03,1.046629e-03,4.254558e-03,2.440404e-01,8.114693e-02,1.947905e-01,3.888312e-03,1.624712e-02,2.826309e-03,3.599065e-02
1.543482e-01,3.994640e-02,1.653374e-02,1.094128e-01,4.605046e-03,3.606272e-03,8.009876e-04,3.057200e-03,3.071095e-01,1.258368e-01,1.423046e-01,3.116543e-03,1.270033e-02,5.059713e-03,7.156192e-02
1.083375e-01,3.595271e-02,1.306809e-02,8.414061e-02,3.317032e-03,2.650286e-03,5.693940e-04,2.198685e-03,4.595762e-01,1.190223e-01,1.002458e-01,2.382613e-03,9.856714e-03,4.302920e-03,5.437921e-02
7.597225e-02,2.935706e-02,1.633935e-02,8.672450e-02,2.380085e-03,1.903288e-03,4.015354e-04,1.563198e-03,5.601921e-01,9.733465e-02,7.119682e-02,1.906637e-03,7.826590e-03,4.000047e-03,4.290186e-02
5.731684e-02,2.538796e-02,1.583457e-02,6.389502e-02,1.770033e-03,1.835127e-03,3.185086e-04,1.163427e-03,5.431480e-01,9.902269e-02,5.079577e-02,1.882893e-03,6.579918e-03,6.149772e-02,6.955147e-02
4.593958e-02,2.159808e-02,1.210042e-02,4.580588e-02,1.316342e-03,2.236370e-03,2.843612e-04,8.558423e-04,4.619588e-01,7.970010e-02,3.850132e-02,1.821234e-03,5.619968e-03,1.541931e-01,1.280685e-01
3.665735e-02,2.154819e-02,1.010905e-02,3.256343e-02,1.005807e-03,1.974298e-03,2.291831e-04,6.399581e-04,3.415539e-01,6.769172e-02,2.983664e-02,1.545942e-03,4.899057e-03,2.108746e-01,2.388709e-01
3.032611e-02,2.133568e-02,7.255537e-02,3.014523e-02,1.009815e-03,2.388097e-03,2.465037e-04,7.728884e-04,3.067750e-01,6.242462e-02,3.109635e-02,2.430404e-03,6.808690e-03,2.050464e-01,2.266388e-01
2.597907e-02,1.801172e-02,8.730231e-02,2.419719e-02,9.218060e-04,2.705323e-03,2.560507e-04,6.243385e-04,2.247626e-01,5.082772e-02,2.484956e-02,2.086191e-03,5.738903e-03,3.462555e-01,1.854817e-01
1.886950e-02,1.329071e-02,6.454536e-02,1.699199e-02,7.140005e-04,2.156412e-03,1.959413e-04,4.503973e-04,1.594607e-01,4.226181e-02,1.878846e-02,1.507120e-03,4.139898e-03,5.149478e-01,1.416799e-01
1.856199e-02,1.029928e-02,4.631691e-02,1.200052e-02,6.134107e-04,2.011070e-03,1.923749e-04,3.659962e-04,1.161888e-01,3.772777e-02,1.654646e-02,1.208515e-03,3.186914e-03,6.229931e-01,1.117869e-01
5.285818e-02,8.859303e-03,3.390631e-02,8.826935e-03,6.414274e-04,2.658647e-03,2.123516e-04,3.324749e-04,8.631737e-02,3.861769e-02,1.654415e-02,1.087862e-03,2.658148e-03,6.542655e-01,9.221361e-02
7.649642e-02,7.429142e-03,2.701267e-02,7.958945e-03,1.148302e-03,4.787036e-03,4.093151e-04,4.949146e-04,6.877990e-02,4.670691e-02,1.566843e-02,1.271085e-03,2.529096e-03,6.693318e-01,6.997600e-02
7.637042e-02,5.471271e-03,1.976553e-02,6.017314e-03,9.559660e-04,4.417653e-03,3.779072e-04,4.166286e-04,5.079513e-02,3.969808e-02,1.333287e-02,1.099257e-03,2.195595e-03,7.277775e-01,5.130881e-02
6.371295e-02,4.257535e-03,1.510967e-02,4.353091e-03,1.049277e-03,4.025153e-03,3.076857e-04,3.550493e-04,5.060245e-02,7.168420e-02,1.130632e-02,8.406019e-04,1.650713e-03,7.268545e-01,4.389078e-02
5.899772e-02,3.625222e-03,1.131995e-02,3.145124e-03,1.009736e-03,3.695607e-03,2.775735e-04,3.233220e-04,5.276604e-02,7.833695e-02,1.051222e-02,7.303844e-04,1.387431e-03,7.369477e-01,3.692497e-02
5.791663e-02,4.866226e-03,8.476088e-03,2.309817e-03,1.015741e-03,4.089989e-03,2.674858e-04,2.960884e-04,4.379193e-02,8.000834e-02,1.365939e-02,6.957602e-04,1.386138e-03,7.469036e-01,3.431676e-02
5.440870e-02,5.480816e-03,8.179938e-03,2.265653e-03,1.421332e-03,4.035394e-03,2.750698e-04,3.246863e-04,4.739350e-02,7.417788e-02,1.247765e-02,6.596950e-04,1.157788e-03,7.596596e-01,2.808222e-02
4.167990e-02,4.199256e-03,6.287844e-03,1.734492e-03,1.112633e-03,3.027237e-03,2.172487e-04,2.534428e-04,3.991897e-02,5.998160e-02,9.819765e-03,4.950240e-04,8.678372e-04,8.067930e-01,2.361181e-02
3.440674e-02,3.294633e-03,8.403122e-03,1.315197e-03,1.186639e-03,2.371531e-03,1.650569e-04,2.699088e-04,5.816132e-02,6.677198e-02,8.685589e-03,3.909397e-04,6.555595e-04,7.886309e-01,2.529089e-02
4.247282e-02,3.347970e-03,1.376872e-02,1.037339e-03,1.710985e-03,2.196142e-03,1.632783e-04,4.804920e-04,1.035823e-01,9.241764e-02,7.028235e-03,3.943755e-04,5.914284e-04,6.959130e-01,3.489543e-02
7.184653e-02,7.102001e-03,2.897769e-02,1.295044e-03,5.947992e-03,4.183499e-03,3.162821e-04,4.069495e-03,1.579348e-01,1.048781e-01,6.329292e-03,8.966905e-04,8.288421e-04,5.546532e-01,5.074068e-02
6.734005e-02,1.060711e-02,6.195609e-02,1.618177e-03,1.381166e-02,8.475418e-03,2.784889e-04,5.617677e-03,1.908815e-01,1.631130e-01,5.470217e-03,7.634020e-04,9.371967e-04,4.088761e-01,6.025395e-02
6.240357e-02,2.334860e-02,5.408360e-02,5.079483e-03,3.996570e-02,7.668995e-03,7.852487e-04,4.720373e-02,2.332574e-01,1.443839e-01,5.867633e-03,8.995251e-04,1.345586e-03,3.225889e-01,5.111820e-02
7.495029e-02,4.783598e-02,5.186125e-02,6.214286e-02,4.533050e-02,6.503040e-03,7.702082e-04,6.243904e-02,2.088468e-01,1.149853e-01,5.878703e-03,1.102198e-03,2.387450e-03,2.372794e-01,7.768700e-02
1.116658e-01,5.024250e-02,4.850793e-02,5.279973e-02,5.165751e-02,6.683663e-03,9.243450e-04,9.476563e-02,1.936759e-01,9.382410e-02,5.376499e-03,1.209019e-03,2.097066e-03,2.137096e-01,7.286076e-02
1.186700e-01,6.564361e-02,6.165981e-02,4.385691e-02,4.380567e-02,7.438810e-03,8.515097e-04,1.053410e-01,2.388119e-01,7.313835e-02,4.961382e-03,1.714874e-03,1.865853e-03,1.584062e-01,7.383417e-02
1.539744e-01,7.058180e-02,9.186463e-02,4.366982e-02,3.545245e-02,9.741679e-03,1.444625e-03,1.114797e-01,2.165916e-01,5.280330e-02,6.373273e-03,4.765296e-03,2.788984e-03,1.320514e-01,6.641712e-02
1.864297e-01,8.632992e-02,7.313507e-02,3.361474e-02,3.991666e-02,1.194333e-02,1.316119e-03,8.779163e-02,2.656904e-01,3.780433e-02,6.073733e-03,4.227684e-03,2.726736e-03,1.109952e-01,5.200471e-02
3.073832e-01,7.320250e-02,5.917298e-02,2.735023e-02,3.360172e-02,1.270839e-02,1.824166e-03,7.328708e-02,2.168130e-01,2.903314e-02,9.637561e-03,8.344308e-03,5.444807e-03,9.360027e-02,4.859668e-02
4.167141e-01,5.759981e-02,4.440641e-02,2.088067e-02,3.028541e-02,1.510628e-02,2.096228e-03,5.616950e-02,1.868938e-01,2.277874e-02,1.275154e-02,9.466657e-03,6.572606e-03,8.104035e-02,3.723788e-02
4.070221e-01,4.626209e-02,3.190216e-02,1.948160e-02,2.213839e-02,1.269393e-02,1.833679e-03,4.005563e-02,1.688307e-01,2.309350e-02,1.708877e-02,1.554852e-02,2.219259e-02,6.086982e-02,1.109865e-01
3.449096e-01,4.825651e-02,2.665814e-02,2.531839e-02,1.828753e-02,1.346317e-02,1.891668e-03,2.968853e-02,1.392020e-01,3.420108e-02,8.977201e-02,2.310434e-02,4.863043e-02,5.840098e-02,9.821559e-02
3.080326e-01,4.249195e-02,1.966295e-02,2.544001e-02,1.581853e-02,1.625788e-02,1.695098e-03,2.127786e-02,1.117458e-01,3.250401e-02,1.276397e-01,8.854437e-02,5.792562e-02,4.856966e-02,8.239394e-02
2.191641e-01,3.107984e-02,1.495413e-02,3.039493e-02,1.872522e-02,1.601822e-02,1.767727e-03,1.532151e-02,8.412359e-02,2.397858e-02,3.218571e-01,7.066787e-02,4.830329e-02,3.478421e-02,6.885975e-02
1.581333e-01,2.477740e-02,1.676851e-02,3.025295e-02,2.325195e-02,2.433519e-02,2.575847e-03,1.132800e-02,7.226144e-02,2.007097e-02,4.175758e-01,6.498156e-02,4.542953e-02,2.582107e-02,6.243652e-02
1.128698e-01,2.203724e-02,1.537306e-02,2.841781e-02,3.729960e-02,2.520068e-02,2.919593e-03,9.133933e-03,7.241005e-02,1.733755e-02,4.440260e-01,6.870499e-02,4.957842e-02,4.500168e-02,4.968954e-02
8.126180e-02,1.879169e-02,1.378189e-02,2.131492e-02,4.772291e-02,2.810578e-02,2.390888e-03,7.220241e-03,5.918020e-02,1.882619e-02,4.632055e-01,8.976264e-02,6.254162e-02,4.226932e-02,4.362442e-02
5.917428e-02,1.563526e-02,1.148675e-02,1.546035e-02,7.475586e-02,2.471246e-02,1.933891e-03,5.487707e-03,5.448214e-02,1.762670e-02,4.553621e-01,1.179764e-01,6.979758e-02,3.786962e-02,3.823892e-02
5.120335e-02,1.315271e-02,1.099690e-02,1.224937e-02,7.522137e-02,2.904030e-02,4.429401e-03,9.654160e-03,4.724839e-02,1.588533e-02,3.972981e-01,1.809478e-01,7.984147e-02,4.252903e-02,3.030222e-02
4.298670e-02,1.044977e-02,8.389128e-03,9.250808e-03,5.931507e-02,2.306450e-02,4.596819e-03,8.964825e-03,3.693419e-02,1.458629e-02,3.008455e-01,2.654147e-01,1.132567e-01,7.793920e-02,2.400580e-02
3.658856e-02,7.775501e-03,7.176772e-03,6.934344e-03,4.549996e-02,2.074462e-02,3.978210e-03,7.298549e-03,2.745788e-02,1.099826e-02,2.261061e-01,3.885928e-01,1.250779e-01,6.819883e-02,1.757175e-02
3.186423e-02,5.851477e-03,5.637175e-03,4.989129e-03,3.701884e-02,1.556822e-02,3.344993e-03,6.408006e-03,2.019515e-02,8.592924e-03,1.638547e-01,5.140901e-01,1.144689e-01,5.548334e-02,1.263289e-02
3.392954e-02,4.841746e-03,4.688365e-03,3.773481e-03,3.413089e-02,1.319471e-02,3.301432e-03,6.578985e-03,1.543910e-02,8.063425e-03,1.177453e-01,5.904639e-01,1.024942e-01,5.237708e-02,8.977850e-03
3.505289e-02,4.225282e-03,4.390772e-03,3.068780e-03,3.024423e-02,1.160255e-02,3.006643e-03,1.135378e-02,1.287743e-02,6.506967e-03,8.605663e-02,6.513231e-01,9.526606e-02,3.851784e-02,6.507006e-03
2.775213e-02,3.388825e-03,3.705807e-03,2.365167e-03,2.795429e-02,9.522936e-03,3.070899e-03,9.205565e-03,1.143368e-02,5.273398e-03,6.393301e-02,7.216315e-01,7.861278e-02,2.744705e-02,4.702927e-03
2.352129e-02,2.555594e-03,3.154533e-03,1.774895e-03,3.016003e-02,8.209868e-03,3.101988e-03,1.383145e-02,8.625673e-03,4.258792e-03,4.629575e-02,7.676691e-01,6.235182e-02,2.094383e-02,3.545369e-03
2.058128e-02,1.815069e-03,2.392957e-03,1.261692e-03,2.261847e-02,6.765517e-03,5.170687e-03,1.168484e-02,6.255285e-03,3.326951e-03,3.261096e-02,8.226416e-01,4.550173e-02,1.486177e-02,2.511224e-03
2.457637e-02,1.390428e-03,2.796414e-03,1.075298e-03,2.285409e-02,8.737447e-03,1.409185e-02,4.257303e-02,5.014813e-03,2.696284e-03,2.323861e-02,8.042090e-01,3.432115e-02,1.062126e-02,1.803942e-03
3.101346e-02,1.429052e-03,3.222633e-03,8.441042e-04,3.261459e-02,6.821257e-03,1.799031e-02,3.161892e-02,4.252141e-03,2.135623e-03,1.655598e-02,8.150212e-01,2.748631e-02,7.694487e-03,1.299945e-03
4.184192e-02,1.385448e-03,3.440613e-03,7.039341e-04,2.890208e-02,5.750725e-03,1.823596e-02,2.550095e-02,3.355395e-03,1.882616e-03,1.202887e-02,8.277217e-01,2.217486e-02,6.121673e-03,9.531905e-04
6.323313e-02,1.244967e-03,4.068083e-03,8.927430e-04,2.406281e-02,5.452165e-03,1.693643e-02,2.244476e-02,2.545160e-03,1.597545e-03,9.329091e-03,8.234733e-01,1.836482e-02,5.637098e-03,7.178027e-04
8.634140e-02,2.241023e-03,5.024897e-03,1.054555e-03,2.352832e-02,5.737287e-03,1.571311e-02,2.001482e-02,2.602287e-03,1.428334e-03,7.923404e-03,8.024515e-01,2.027188e-02,4.942642e-03,7.245427e-04
1.437843e-01,4.495520e-03,5.947080e-03,2.219857e-03,2.352292e-02,1.436833e-02,1.438865e-02,1.920008e-02,4.685353e-03,1.472734e-03,7.489079e-03,7.158677e-01,3.572535e-02,4.111798e-03,2.721281e-03
1.538729e-01,3.714548e-03,2.839579e-02,5.468698e-03,4.212759e-02,4.380241e-02,2.068308e-02,3.312969e-02,5.400557e-03,1.179756e-03,6.922582e-03,5.623360e-01,8.728489e-02,3.274515e-03,2.406980e-03
1.457700e-01,2.971424e-03,2.426190e-02,7.082816e-03,4.124387e-02,5.637161e-02,2.106759e-02,4.757281e-02,6.139466e-03,9.465006e-04,6.928285e-03,5.113137e-01,1.238798e-01,2.509411e-03,1.940861e-03
1.291699e-01,2.547180e-03,2.109396e-02,6.103197e-03,5.549816e-02,5.837820e-02,1.751919e-02,4.081385e-02,7.219723e-03,7.988042e-04,1.548368e-02,4.523963e-01,1.854635e-01,5.891419e-03,1.622981e-03
1.530260e-01,3.399311e-03,2.805427e-02,7.653583e-03,6.557257e-02,5.240292e-02,1.454632e-02,3.760725e-02,9.467633e-03,1.146159e-03,1.903835e-02,3.860980e-01,2.142660e-01,5.687528e-03,2.034151e-03
1.864531e-01,4.581245e-03,3.008276e-02,1.363540e-02,6.430059e-02,5.170248e-02,1.281298e-02,5.764446e-02,1.173016e-02,1.485528e-03,1.958273e-02,3.061486e-01,2.318911e-01,5.148491e-03,2.800404e-03
2.777961e-01,3.903674e-03,2.344738e-02,1.508103e-02,4.830527e-02,4.027678e-02,9.778042e-03,1.134605e-01,1.068748e-02,1.113012e-03,1.942164e-02,2.482366e-01,1.815799e-01,4.600379e-03,2.312391e-03
3.666251e-01,4.355983e-03,1.978983e-02,1.956780e-02,3.822229e-02,4.444784e-02,8.053219e-03,9.741285e-02,1.006070e-02,9.296471e-04,1.927968e-02,2.063842e-01,1.576916e-01,4.587862e-03,2.591412e-03
4.764738e-01,5.127021e-03,1.727142e-02,2.302858e-02,2.936285e-02,4.606178e-02,6.442491e-03,7.247078e-02,9.955992e-03,1.089463e-03,1.615515e-02,1.528701e-01,1.305682e-01,5.478361e-03,7.643965e-03
4.302588e-01,7.366139e-03,4.573516e-02,1.226877e-01,2.648760e-02,3.396255e-02,5.740759e-03,7.255058e-02,1.248313e-02,3.334307e-03,1.666115e-02,1.112054e-01,9.473193e-02,4.759730e-03,1.203503e-02
3.060448e-01,7.887438e-03,3.638464e-02,2.871399e-01,1.885767e-02,2.424504e-02,4.091730e-03,5.355806e-02,2.192022e-02,1.043613e-02,3.141115e-02,7.944220e-02,8.622616e-02,3.648596e-03,2.870630e-02
2.486896e-01,3.023839e-02,2.762955e-02,3.240203e-01,1.477248e-02,2.034375e-02,3.463401e-03,3.942328e-02,4.104671e-02,1.077131e-02,3.343551e-02,5.903194e-02,1.059053e-01,3.132275e-03,3.809629e-02
1.816047e-01,3.731152e-02,2.302601e-02,3.960903e-01,1.146396e-02,1.477263e-02,2.742388e-03,2.782927e-02,9.572033e-02,1.254862e-02,3.025110e-02,4.232441e-02,8.142598e-02,2.729982e-03,4.015883e-02
1.281688e-01,3.687999e-02,1.895110e-02,3.288923e-01,8.666647e-03,1.227244e-02,2.205013e-03,1.982931e-02,1.393837e-01,1.074453e-02,5.437420e-02,3.641142e-02,1.651399e-01,2.113352e-03,3.596730e-02
9.141567e-02,2.871566e-02,1.372371e-02,2.570750e-01,7.999354e-03,1.497279e-02,1.883351e-03,1.420958e-02,1.355473e-01,7.963235e-03,5.322178e-02,2.747340e-02,3.120095e-01,1.524554e-03,3.226522e-02
6.597053e-02,3.701179e-02,1.323479e-02,2.569802e-01,8.505067e-03,1.258562e-02,1.674485e-03,1.020867e-02,2.202592e-01,6.891641e-03,4.306644e-02,2.200940e-02,2.718275e-01,1.246562e-03,2.852815e-02
6.723060e-02,2.925110e-02,1.223190e-02,1.947305e-01,1.231530e-02,2.909953e-02,2.299448e-03,7.911874e-03,2.789662e-01,6.711842e-03,3.738825e-02,2.009660e-02,2.680310e-01,1.796813e-03,3.193899e-02
8.755964e-02,2.302586e-02,9.098119e-03,1.396580e-01,1.193242e-02,3.444946e-02,2.928723e-03,8.029441e-03,2.662148e-01,6.559343e-03,3.593261e-02,2.104042e-02,3.033506e-01,2.652146e-03,4.756844e-02
1.078360e-01,2.935500e-02,9.505581e-03,1.187327e-01,1.382474e-02,3.884862e-02,3.040848e-03,9.872552e-03,2.856420e-01,5.736317e-03,2.999550e-02,1.844261e-02,2.819793e-01,2.769213e-03,4.441901e-02
1.965066e-01,2.375432e-02,1.022783e-02,9.203176e-02,1.266979e-02,5.025479e-02,3.418551e-03,8.903016e-03,2.356195e-01,4.949939e-03,3.981721e-02,2.024906e-02,2.592429e-01,4.787280e-03,3.756748e-02
2.052610e-01,2.025854e-02,9.333995e-03,7.193831e-02,1.151772e-02,7.006693e-02,3.260058e-03,7.119890e-03,1.909800e-01,4.523290e-03,5.205050e-02,2.956617e-02,2.785916e-01,7.647362e-03,3.788454e-02
2.748462e-01,1.986036e-02,1.581583e-02,8.695739e-02,1.280535e-02,6.412676e-02,4.320385e-03,8.138152e-03,1.676601e-01,3.804628e-03,4.456341e-02,3.045445e-02,2.297417e-01,6.342534e-03,3.056272e-02
2.145717e-01,1.979861e-02,1.436314e-02,7.709432e-02,2.077120e-02,5.298042e-02,4.645137e-03,7.143028e-03,1.440656e-01,3.027275e-03,5.448103e-02,4.152547e-02,3.143875e-01,5.661343e-03,2.548429e-02
1.634436e-01,1.481786e-02,1.101970e-02,5.597534e-02,2.268247e-02,4.046653e-02,4.403381e-03,7.217651e-03,1.114547e-01,2.478969e-03,4.988144e-02,4.555085e-02,4.468009e-01,4.549229e-03,1.925741e-02
1.294915e-01,1.108535e-02,8.928548e-03,3.988316e-02,4.199066e-02,2.991622e-02,4.983470e-03,1.097156e-02,1.070243e-01,2.141771e-03,5.762072e-02,3.802234e-02,4.989538e-01,3.490580e-03,1.549605e-02
9.880868e-02,8.249653e-03,1.480398e-02,2.948366e-02,7.727933e-02,2.354760e-02,9.676194e-03,6.545925e-02,8.363204e-02,1.668018e-03,5.582606e-02,2.902624e-02,4.888135e-01,2.518356e-03,1.120741e-02
9.540667e-02,8.114006e-03,1.692183e-02,2.296166e-02,9.543417e-02,2.060000e-02,9.332197e-03,7.697210e-02,9.036286e-02,1.441958e-03,5.585196e-02,2.612468e-02,4.700778e-01,1.936707e-03,8.461416e-03
7.667416e-02,7.119198e-03,1.549126e-02,1.705788e-02,1.277631e-01,1.771342e-02,1.143697e-02,9.246046e-02,8.506336e-02,1.199744e-03,6.408498e-02,2.342338e-02,4.523408e-01,1.510344e-03,6.660919e-03
6.153286e-02,5.556972e-03,2.586951e-02,1.435830e-02,1.450668e-01,1.356332e-02,1.848825e-02,1.695631e-01,7.430601e-02,1.156053e-03,6.351581e-02,1.885588e-02,3.803240e-01,1.137860e-03,6.705285e-03
4.990874e-02,4.729510e-03,2.000980e-02,1.059696e-02,2.014853e-01,1.090982e-02,1.786289e-02,1.241932e-01,2.104336e-01,8.721901e-04,4.784730e-02,1.696858e-02,2.782963e-01,8.216663e-04,5.064079e-03
4.391661e-02,4.023227e-03,1.538741e-02,7.798919e-03,2.074083e-01,8.747870e-03,2.058748e-02,8.866630e-02,3.471726e-01,7.025094e-04,3.541839e-02,1.490005e-02,2.009943e-01,5.940035e-04,3.682053e-03
3.955488e-02,4.068436e-03,1.129381e-02,9.228925e-03,1.640740e-01,1.064082e-02,1.628860e-02,6.310462e-02,4.930893e-01,5.730037e-04,2.645582e-02,1.393223e-02,1.443819e-01,4.309676e-04,2.882770e-03
4.249509e-02,4.009498e-03,8.228564e-03,1.031359e-02,1.349125e-01,1.198548e-02,1.333566e-02,4.494205e-02,5.887587e-01,5.237589e-04,1.959239e-02,1.373913e-02,1.042150e-01,3.274655e-04,2.621112e-03
4.672342e-02,4.866959e-03,7.525751e-03,1.691438e-02,1.309729e-01,1.386300e-02,1.153285e-02,3.518228e-02,6.197093e-01,6.472275e-04,1.493007e-02,1.556873e-02,7.791135e-02,3.235838e-04,3.328254e-03
5.311560e-02,1.206737e-02,6.939133e-03,1.986055e-02,1.153929e-01,1.614611e-02,9.140352e-03,2.689990e-02,6.412722e-01,9.533609e-04,1.213940e-02,1.672130e-02,6.308263e-02,3.482840e-04,5.920989e-03
4.502649e-02,2.005064e-02,9.134494e-03,3.967400e-02,9.633224e-02,1.658516e-02,7.679362e-03,2.284113e-02,6.517527e-01,1.669395e-03,9.603792e-03,1.712115e-02,5.121078e-02,3.587123e-04,1.096005e-02
3.675243e-02,2.040870e-02,8.693692e-03,9.391138e-02,7.391448e-02,2.249088e-02,6.201746e-03,1.895433e-02,6.438121e-01,1.988458e-03,7.482713e-03,1.369107e-02,3.880415e-02,3.338546e-04,1.256007e-02
3.263422e-02,2.302027e-02,9.453604e-03,1.066487e-01,5.766704e-02,2.426428e-02,4.826402e-03,1.409653e-02,6.646951e-01,3.430963e-03,5.862721e-03,1.071294e-02,2.906855e-02,2.713251e-04,1.334731e-02
3.692765e-02,2.295268e-02,9.242475e-03,9.930532e-02,7.210018e-02,3.655067e-02,4.847900e-03,1.154766e-02,6.507485e-01,4.325457e-03,4.708820e-03,8.131975e-03,2.107354e-02,2.357181e-04,1.730144e-02
3.164721e-02,1.820887e-02,9.592160e-03,2.423583e-01,5.980967e-02,2.794798e-02,3.557962e-03,9.226973e-03,5.236574e-01,5.614195e-03,2.570196e-02,7.949742e-03,1.912203e-02,4.387289e-04,1.516684e-02
2.842357e-02,1.389757e-02,1.075475e-02,3.439191e-01,5.767700e-02,3.153558e-02,2.764485e-03,7.147399e-03,3.957245e-01,4.463105e-03,3.850818e-02,1.344837e-02,3.862996e-02,3.563189e-04,1.275007e-02
2.337167e-02,1.024234e-02,8.453040e-03,3.048771e-01,4.444449e-02,2.651155e-02,2.090572e-03,5.227920e-03,2.940704e-01,4.321185e-03,1.117272e-01,4.513383e-02,1.050571e-01,7.097124e-04,1.376188e-02
2.457359e-02,7.443692e-03,6.365879e-03,2.288438e-01,3.317748e-02,2.145142e-02,1.773843e-03,4.356210e-03,2.244604e-01,3.414867e-03,1.328344e-01,6.298392e-02,2.353972e-01,7.796459e-04,1.214367e-02
2.119703e-02,5.895920e-03,4.868641e-03,1.696465e-01,2.559309e-02,2.445198e-02,1.680361e-03,4.165703e-03,2.041025e-01,3.694056e-03,1.311344e-01,8.421937e-02,3.093495e-01,6.821322e-04,9.318661e-03
1.964530e-02,9.024739e-03,1.177813e-02,1.679609e-01,2.590492e-02,3.060984e-02,3.991437e-03,9.864514e-03,2.265574e-01,6.483378e-03,1.020828e-01,7.469842e-02,3.023251e-01,1.027742e-03,8.045349e-03
2.174619e-02,7.447170e-03,9.722145e-03,1.288999e-01,3.162839e-02,3.648730e-02,5.338510e-03,2.181474e-02,1.942160e-01,5.969999e-03,9.097490e-02,1.030610e-01,3.333464e-01,1.157309e-03,8.189985e-03
1.925143e-02,6.200446e-03,7.160839e-03,9.211443e-02,2.926542e-02,3.326468e-02,4.363336e-03,1.942226e-02,1.886449e-01,5.727536e-03,7.031485e-02,1.587745e-01,3.585157e-01,9.525316e-04,6.027114e-03
1.735167e-02,5.589163e-03,6.141966e-03,6.720601e-02,2.490616e-02,4.746775e-02,4.330424e-03,2.097019e-02,1.806857e-01,6.993799e-03,5.314511e-02,2.156358e-01,3.438799e-01,9.411449e-04,4.755208e-03
1.774176e-02,8.939932e-03,5.291284e-03,4.996606e-02,2.983976e-02,4.157775e-02,4.270729e-03,1.934310e-02,2.819299e-01,9.197313e-03,4.471929e-02,1.864867e-01,2.948970e-01,9.436236e-04,4.855772e-03
7.369687e-02,7.934595e-03,1.495323e-02,3.607103e-02,4.211528e-02,1.135306e-01,3.479565e-02,3.925797e-02,2.323756e-01,9.912709e-03,3.387261e-02,1.429007e-01,2.139211e-01,8.413409e-04,3.820706e-03
7.742912e-02,6.420220e-03,1.381706e-02,2.601197e-02,4.417127e-02,2.659904e-01,2.787730e-02,4.044838e-02,1.838204e-01,8.456681e-03,2.535276e-02,1.113923e-01,1.648897e-01,9.083942e-04,3.014119e-03
1.542074e-01,5.216020e-03,1.076058e-02,1.897218e-02,4.220176e-02,3.072763e-01,2.376986e-02,3.553095e-02,1.366375e-01,6.172577e-03,1.895510e-02,1.034194e-01,1.332389e-01,8.544812e-04,2.786942e-03
1.621951e-01,4.144559e-03,8.446121e-03,1.408011e-02,3.775188e-02,3.516069e-01,1.913929e-02,3.095381e-02,9.939500e-02,4.523969e-03,1.452952e-02,1.241336e-01,1.256831e-01,8.075770e-04,2.609409e-03
1.900330e-01,4.600204e-03,1.400302e-02,1.996630e-02,3.772613e-02,2.963990e-01,1.658123e-02,5.551756e-02,7.365839e-02,3.538842e-03,1.253686e-02,1.578367e-01,1.146016e-01,8.251441e-04,2.176028e-03
1.639797e-01,3.895336e-03,1.052846e-02,1.463327e-02,3.540554e-02,2.152617e-01,1.281799e-02,4.166810e-02,5.478124e-02,2.730939e-03,1.179393e-02,2.771811e-01,1.520693e-01,8.837437e-04,2.369593e-03
1.355733e-01,3.207836e-03,8.295165e-03,1.110708e-02,3.282611e-02,1.533844e-01,1.031522e-02,3.263389e-02,3.958275e-02,2.125422e-03,1.033689e-02,4.088224e-01,1.485600e-01,1.051867e-03,2.177685e-03
1.005479e-01,4.554666e-03,7.400895e-03,8.068407e-03,2.613984e-02,1.147260e-01,7.677115e-03,2.372022e-02,2.931111e-02,4.621646e-03,9.994691e-03,5.266740e-01,1.331853e-01,9.661259e-04,2.411996e-03
1.031604e-01,1.176336e-02,1.717656e-02,9.897307e-03,3.354707e-02,8.786622e-02,7.061273e-03,2.192207e-02,2.590109e-02,6.777792e-03,8.407915e-03,5.275894e-01,1.344856e-01,1.273539e-03,3.170406e-03
1.004022e-01,1.220510e-02,1.568287e-02,1.003332e-02,2.699449e-02,7.009465e-02,5.781241e-03,1.700957e-02,2.531687e-02,1.800025e-02,1.064869e-02,4.627194e-01,2.179531e-01,3.192804e-03,3.965403e-03
8.372024e-02,1.200960e-02,1.268016e-02,8.947404e-03,6.065684e-02,6.061488e-02,1.590480e-02,1.605197e-02,1.006489e-01,1.609966e-02,1.343355e-02,4.247139e-01,1.664285e-01,2.632597e-03,5.457000e-03
7.248520e-02,1.023381e-02,1.234208e-02,7.250902e-03,8.998325e-02,4.661967e-02,8.615950e-02,2.750100e-02,8.518364e-02,2.833433e-02,1.538532e-02,3.688813e-01,1.365979e-01,2.698807e-03,1.034336e-02
9.331293e-02,9.609924e-03,1.049196e-02,9.003770e-03,1.780882e-01,4.073750e-02,6.676402e-02,2.190424e-02,1.065483e-01,2.323860e-02,1.311149e-02,2.703178e-01,1.450802e-01,2.241082e-03,9.550057e-03
9.880891e-02,7.613824e-03,8.051482e-03,7.383476e-03,2.079719e-01,4.563169e-02,5.194356e-02,1.747857e-02,8.519156e-02,1.805071e-02,2.916387e-02,2.020984e-01,2.097795e-01,1.787595e-03,9.045023e-03
1.600977e-01,7.192096e-03,7.439523e-03,1.219629e-02,1.731576e-01,4.101641e-02,4.096998e-02,2.995090e-02,8.596578e-02,1.443624e-02,3.820374e-02,1.504624e-01,2.288800e-01,1.871030e-03,8.160302e-03
1.591766e-01,6.890587e-03,8.273730e-03,1.001214e-02,1.365576e-01,3.239113e-02,3.092700e-02,1.048467e-01,7.096379e-02,1.116260e-02,4.203080e-02,1.140978e-01,2.611461e-01,2.602301e-03,8.921072e-03
1.222188e-01,5.125990e-03,6.539426e-03,8.125614e-03,1.210535e-01,2.573421e-02,2.873339e-02,8.254340e-02,5.470356e-02,8.400444e-03,5.447796e-02,8.483825e-02,3.772051e-01,2.056510e-03,1.824383e-02
1.051330e-01,5.051060e-03,7.456989e-03,6.337462e-03,1.078682e-01,2.042964e-02,2.529749e-02,6.255792e-02,4.246625e-02,8.080721e-03,5.198568e-02,6.250526e-02,4.227172e-01,1.615013e-03,7.049818e-02
1.296255e-01,5.169777e-03,1.078532e-02,6.387983e-03,9.764092e-02,2.238415e-02,2.220384e-02,5.873735e-02,3.322312e-02,8.371080e-03,4.438868e-02,4.712940e-02,4.414682e-01,1.369653e-03,7.111508e-02
2.092142e-01,4.719537e-03,9.875479e-03,6.746913e-03,7.414184e-02,3.531853e-02,1.920255e-02,5.296163e-02,2.652550e-02,8.652714e-03,5.865549e-02,4.957206e-02,3.832306e-01,2.257322e-03,5.892575e-02
2.369300e-01,4.432682e-03,1.490557e-02,8.937823e-03,5.939693e-02,4.249617e-02,1.465312e-02,4.586778e-02,2.157560e-02,8.250413e-03,6.670379e-02,7.328941e-02,3.459993e-01,1.900571e-03,5.466092e-02
2.475158e-01,4.247308e-03,1.187681e-02,1.014294e-02,4.506329e-02,6.391358e-02,1.091453e-02,3.365185e-02,1.960049e-02,7.865251e-03,8.123261e-02,1.414648e-01,2.810448e-01,1.663883e-03,3.980216e-02
1.971108e-01,3.514534e-03,1.479261e-02,9.569590e-03,3.730454e-02,4.810768e-02,9.074854e-03,4.424685e-02,2.114813e-02,1.066034e-02,1.204115e-01,1.347583e-01,3.110496e-01,1.514889e-03,3.673586e-02
1.871353e-01,3.493656e-03,1.449582e-02,1.179922e-02,3.408406e-02,4.314850e-02,8.635882e-03,3.706811e-02,2.667550e-02,1.541723e-02,1.200707e-01,1.534746e-01,3.004115e-01,1.954862e-03,4.213513e-02
1.630438e-01,4.135481e-03,1.251730e-02,9.535467e-03,4.593435e-02,3.492185e-02,8.727053e-03,2.947281e-02,4.158691e-02,1.652727e-02,1.101202e-01,1.795148e-01,2.942507e-01,1.889980e-03,4.782210e-02
1.313486e-01,3.479851e-03,9.690342e-03,7.385616e-03,4.224969e-02,2.657575e-02,7.526121e-03,2.716534e-02,3.647382e-02,1.881008e-02,1.041663e-01,2.455122e-01,2.950268e-01,1.838167e-03,4.275139e-02
1.017772e-01,2.990699e-03,7.720779e-03,6.505807e-03,4.017363e-02,1.977671e-02,6.445099e-03,3.259573e-02,3.126745e-02,2.944156e-02,1.051923e-01,2.865713e-01,2.873442e-01,2.109825e-03,4.008782e-02
7.933141e-02,2.408792e-03,1.844636e-02,1.131539e-02,4.901393e-02,1.413397e-02,5.318284e-03,2.185654e-01,2.595373e-02,2.340270e-02,8.673318e-02,2.082188e-01,2.231347e-01,1.966524e-03,3.205679e-02
7.361511e-02,2.108668e-03,1.676787e-02,1.068315e-02,1.228416e-01,1.472151e-02,1.240689e-02,2.155839e-01,2.754097e-02,2.372289e-02,8.021638e-02,1.797431e-01,1.856604e-01,2.915936e-03,3.147152e-02
5.953660e-02,2.436323e-03,1.719840e-02,1.698795e-02,1.009532e-01,1.266762e-02,1.304296e-02,3.337933e-01,4.289571e-02,1.843601e-02,6.062719e-02,1.481905e-01,1.449103e-01,2.648508e-03,2.567544e-02
7.047099e-02,2.524685e-03,1.342864e-02,1.040848e-01,9.439220e-02,1.409370e-02,1.145864e-02,3.364393e-01,4.260907e-02,1.658520e-02,4.827739e-02,1.141410e-01,1.104222e-01,2.204928e-03,1.886724e-02
1.062644e-01,3.567692e-03,1.126316e-02,1.216346e-01,1.073129e-01,1.559362e-02,9.842022e-03,3.046918e-01,4.904336e-02,1.474830e-02,4.459620e-02,1.037228e-01,8.893804e-02,2.390536e-03,1.639041e-02
1.390582e-01,4.918119e-03,1.187130e-02,1.413992e-01,1.012481e-01,1.486391e-02,1.002070e-02,2.807161e-01,5.772958e-02,1.237056e-02,4.167756e-02,8.888752e-02,7.745934e-02,2.981335e-03,1.479842e-02
1.855879e-01,9.645829e-03,1.264620e-02,1.118823e-01,8.893773e-02,2.913568e-02,1.078346e-02,2.236047e-01,7.117005e-02,1.040425e-02,4.446256e-02,1.130418e-01,6.843651e-02,4.120730e-03,1.614031e-02
2.006787e-01,9.962190e-03,1.467440e-02,1.789086e-01,8.843218e-02,2.587481e-02,8.635388e-03,2.139565e-01,6.327805e-02,8.159454e-03,3.470074e-02,8.500522e-02,5.115145e-02,3.944970e-03,1.263734e-02
3.648567e-01,9.675417e-03,1.456923e-02,1.361446e-01,6.843401e-02,2.364282e-02,6.703638e-03,1.584926e-01,5.718169e-02,6.445173e-03,2.957268e-02,6.930397e-02,3.926271e-02,5.144223e-03,1.057053e-02
4.193728e-01,1.041339e-02,2.116696e-02,1.147995e-01,5.429078e-02,2.737787e-02,6.231492e-03,1.464444e-01,4.490761e-02,5.398565e-03,2.602485e-02,7.188568e-02,3.717984e-02,5.294212e-03,9.212033e-03
4.667057e-01,1.229022e-02,4.037164e-02,9.335491e-02,4.486464e-02,2.605072e-02,1.240922e-02,1.281824e-01,3.334754e-02,5.654208e-03,2.329664e-02,6.213458e-02,3.771445e-02,4.807080e-03,8.816114e-03
4.978211e-01,1.177979e-02,3.737369e-02,7.674772e-02,3.533471e-02,3.117943e-02,2.178528e-02,1.236744e-01,2.659435e-02,6.027102e-03,2.161152e-02,5.445803e-02,4.019160e-02,4.837656e-03,1.058370e-02
4.843383e-01,1.156878e-02,3.379669e-02,5.880445e-02,2.766166e-02,4.453444e-02,6.428061e-02,1.172824e-01,2.195969e-02,4.585611e-03,1.634278e-02,5.328597e-02,4.544327e-02,4.216079e-03,1.189930e-02
1.000000e+00,0.000000e+00,0.000000e+00,0.000000e+00,0.000000e+00,0.000000e+00,0.000000e+00,0.000000e+00,0.000000e+00,0.000000e+00,0.000000e+00,0.000000e+00,0.000000e+00,0.000000e+00,0.000000e+00
1.000000e+00,0.000000e+00,0.000000e+00,0.000000e+00,0.000000e+00,0.000000e+00,0.000000e+00,0.000000e+00,0.000000e+00,0.000000e+00,0.000000e+00,0.000000e+00,0.000000e+00,0.000000e+00,0.000000e+00
4.958711e-01,1.188121e-02,2.353077e-02,3.797083e-02,1.920130e-02,6.156801e-02,6.604765e-02,1.330777e-01,2.138442e-02,3.244022e-03,9.849285e-03,4.846281e-02,5.095122e-02,2.434831e-03,1.452491e-02
4.855723e-01,1.150508e-02,2.421484e-02,3.387940e-02,1.730507e-02,6.325930e-02,7.202251e-02,1.585755e-01,2.048076e-02,2.802452e-03,8.359412e-03,4.281453e-02,4.168399e-02,2.158685e-03,1.536609e-02
