1.000000e+00,0.000000e+00,0.000000e+00,0.000000e+00,0.000000e+00,0.000000e+00,0.000000e+00,0.000000e+00,0.000000e+00,0.000000e+00,0.000000e+00,0.000000e+00,0.000000e+00,0.000000e+00,0.000000e+00
1.000000e+00,0.000000e+00,0.000000e+00,0.000000e+00,0.000000e+00,0.000000e+00,0.000000e+00,0.000000e+00,0.000000e+00,0.000000e+00,0.000000e+00,0.000000e+00,0.000000e+00,0.000000e+00,0.000000e+00
1.000000e+00,0.000000e+00,0.000000e+00,0.000000e+00,0.000000e+00,0.000000e+00,0.000000e+00,0.000000e+00,0.000000e+00,0.000000e+00,0.000000e+00,0.000000e+00,0.000000e+00,0.000000e+00,0.000000e+00
1.000000e+00,0.000000e+00,0.000000e+00,0.000000e+00,0.000000e+00,0.000000e+00,0.000000e+00,0.000000e+00,0.000000e+00,0.000000e+00,0.000000e+00,0.000000e+00,0.000000e+00,0.000000e+00,0.000000e+00
1.000000e+00,0.000000e+00,0.000000e+00,0.000000e+00,0.000000e+00,0.000000e+00,0.000000e+00,0.000000e+00,0.000000e+00,0.000000e+00,0.000000e+00,0.000000e+00,0.000000e+00,0.000000e+00,0.000000e+00
1.000000e+00,0.000000e+00,0.000000e+00,0.000000e+00,0.000000e+00,0.000000e+00,0.000000e+00,0.000000e+00,0.000000e+00,0.000000e+00,0.000000e+00,0.000000e+00,0.000000e+00,0.000000e+00,0.000000e+00
1.000000e+00,0.000000e+00,0.000000e+00,0.000000e+00,0.000000e+00,0.000000e+00,0.000000e+00,0.000000e+00,0.000000e+00,0.000000e+00,0.000000e+00,0.000000e+00,0.000000e+00,0.000000e+00,0.000000e+00
1.000000e+00,0.000000e+00,0.000000e+00,0.000000e+00,0.000000e+00,0.000000e+00,0.000000e+00,0.000000e+00,0.000000e+00,0.000000e+00,0.000000e+00,0.000000e+00,0.000000e+00,0.000000e+00,0.000000e+00
1.000000e+00,0.000000e+00,0.000000e+00,0.000000e+00,0.000000e+00,0.000000e+00,0.000000e+00,0.000000e+00,0.000000e+00,0.000000e+00,0.000000e+00,0.000000e+00,0.000000e+00,0.000000e+00,0.000000e+00
1.000000e+00,0.000000e+00,0.000000e+00,0.000000e+00,0.000000e+00,0.000000e+00,0.000000e+00,0.000000e+00,0.000000e+00,0.000000e+00,0.000000e+00,0.000000e+00,0.000000e+00,0.000000e+00,0.000000e+00
1.000000e+00,0.000000e+00,0.000000e+00,0.000000e+00,0.000000e+00,0.000000e+00,0.000000e+00,0.000000e+00,0.000000e+00,0.000000e+00,0.000000e+00,0.000000e+00,0.000000e+00,0.000000e+00,0.000000e+00
1.000000e+00,0.000000e+00,0.000000e+00,0.000000e+00,0.000000e+00,0.000000e+00,0.000000e+00,0.000000e+00,0.000000e+00,0.000000e+00,0.000000e+00,0.000000e+00,0.000000e+00,0.000000e+00,0.000000e+00
1.000000e+00,0.000000e+00,0.000000e+00,0.000000e+00,0.000000e+00,0.000000e+00,0.000000e+00,0.000000e+00,0.000000e+00,0.000000e+00,0.000000e+00,0.000000e+00,0.000000e+00,0.000000e+00,0.000000e+00
1.000000e+00,0.000000e+00,0.000000e+00,0.000000e+00,0.000000e+00,0.000000e+00,0.000000e+00,0.000000e+00,0.000000e+00,0.000000e+00,0.000000e+00,0.000000e+00,0.000000e+00,0.000000e+00,0.000000e+00
1.000000e+00,0.000000e+00,0.000000e+00,0.000000e+00,0.000000e+00,0.000000e+00,0.000000e+00,0.000000e+00,0.000000e+00,0.000000e+00,0.000000e+00,0.000000e+00,0.000000e+00,0.000000e+00,0.000000e+00
1.000000e+00,0.000000e+00,0.000000e+00,0.000000e+00,0.000000e+00,0.000000e+00,0.000000e+00,0.000000e+00,0.000000e+00,0.000000e+00,0.000000e+00,0.000000e+00,0.000000e+00,0.000000e+00,0.000000e+00
1.000000e+00,0.000000e+00,0.000000e+00,0.000000e+00,0.000000e+00,0.000000e+00,0.000000e+00,0.000000e+00,0.000000e+00,0.000000e+00,0.000000e+00,0.000000e+00,0.000000e+00,0.000000e+00,0.000000e+00
1.000000e+00,0.000000e+00,0.000000e+00,0.000000e+00,0.000000e+00,0.000000e+00,0.000000e+00,0.000000e+00,0.000000e+00,0.000000e+00,0.000000e+00,0.000000e+00,0.000000e+00,0.000000e+00,0.000000e+00
1.000000e+00,0.000000e+00,0.000000e+00,0.000000e+00,0.000000e+00,0.000000e+00,0.000000e+00,0.000000e+00,0.000000e+00,0.000000e+00,0.000000e+00,0.000000e+00,0.000000e+00,0.000000e+00,0.000000e+00
1.000000e+00,0.000000e+00,0.000000e+00,0.000000e+00,0.000000e+00,0.000000e+00,0.000000e+00,0.000000e+00,0.000000e+00,0.000000e+00,0.000000e+00,0.000000e+00,0.000000e+00,0.000000e+00,0.000000e+00
1.000000e+00,0.000000e+00,0.000000e+00,0.000000e+00,0.000000e+00,0.000000e+00,0.000000e+00,0.000000e+00,0.000000e+00,0.000000e+00,0.000000e+00,0.000000e+00,0.000000e+00,0.000000e+00,0.000000e+00
1.000000e+00,0.000000e+00,0.000000e+00,0.000000e+00,0.000000e+00,0.000000e+00,0.000000e+00,0.000000e+00,0.000000e+00,0.000000e+00,0.000000e+00,0.000000e+00,0.000000e+00,0.000000e+00,0.000000e+00
1.000000e+00,0.000000e+00,0.000000e+00,0.000000e+00,0.000000e+00,0.000000e+00,0.000000e+00,0.000000e+00,0.000000e+00,0.000000e+00,0.000000e+00,0.000000e+00,0.000000e+00,0.000000e+00,0.000000e+00
1.000000e+00,0.000000e+00,0.000000e+00,0.000000e+00,0.000000e+00,0.000000e+00,0.000000e+00,0.000000e+00,0.000000e+00,0.000000e+00,0.000000e+00,0.000000e+00,0.000000e+00,0.000000e+00,0.000000e+00
1.000000e+00,0.000000e+00,0.000000e+00,0.000000e+00,0.000000e+00,0.000000e+00,0.000000e+00,0.000000e+00,0.000000e+00,0.000000e+00,0.000000e+00,0.000000e+00,0.000000e+00,0.000000e+00,0.000000e+00
1.000000e+00,0.000000e+00,0.000000e+00,0.000000e+00,0.000000e+00,0.000000e+00,0.000000e+00,0.000000e+00,0.000000e+00,0.000000e+00,0.000000e+00,0.000000e+00,0.000000e+00,0.000000e+00,0.000000e+00
1.000000e+00,0.000000e+00,0.000000e+00,0.000000e+00,0.000000e+00,0.000000e+00,0.000000e+00,0.000000e+00,0.000000e+00,0.000000e+00,0.000000e+00,0.000000e+00,0.000000e+00,0.000000e+00,0.000000e+00
1.000000e+00,0.000000e+00,0.000000e+00,0.000000e+00,0.000000e+00,0.000000e+00,0.000000e+00,0.000000e+00,0.000000e+00,0.000000e+00,0.000000e+00,0.000000e+00,0.000000e+00,0.000000e+00,0.000000e+00
1.000000e+00,0.000000e+00,0.000000e+00,0.000000e+00,0.000000e+00,0.000000e+00,0.000000e+00,0.000000e+00,0.000000e+00,0.000000e+00,0.000000e+00,0.000000e+00,0.000000e+00,0.000000e+00,0.000000e+00
1.000000e+00,0.000000e+00,0.000000e+00,0.000000e+00,0.000000e+00,0.000000e+00,0.000000e+00,0.000000e+00,0.000000e+00,0.000000e+00,0.000000e+00,0.000000e+00,0.000000e+00,0.000000e+00,0.000000e+00
1.000000e+00,0.000000e+00,0.000000e+00,0.000000e+00,0.000000e+00,0.000000e+00,0.000000e+00,0.000000e+00,0.000000e+00,0.000000e+00,0.000000e+00,0.000000e+00,0.000000e+00,0.000000e+00,0.000000e+00
1.000000e+00,0.000000e+00,0.000000e+00,0.000000e+00,0.000000e+00,0.000000e+00,0.000000e+00,0.000000e+00,0.000000e+00,0.000000e+00,0.000000e+00,0.000000e+00,0.000000e+00,0.000000e+00,0.000000e+00
1.000000e+00,0.000000e+00,0.000000e+00,0.000000e+00,0.000000e+00,0.000000e+00,0.000000e+00,0.000000e+00,0.000000e+00,0.000000e+00,0.000000e+00,0.000000e+00,0.000000e+00,0.000000e+00,0.000000e+00
1.000000e+00,0.000000e+00,0.000000e+00,0.000000e+00,0.000000e+00,0.000000e+00,0.000000e+00,0.000000e+00,0.000000e+00,0.000000e+00,0.000000e+00,0.000000e+00,0.000000e+00,0.000000e+00,0.000000e+00
1.000000e+00,0.000000e+00,0.000000e+00,0.000000e+00,0.000000e+00,0.000000e+00,0.000000e+00,0.000000e+00,0.000000e+00,0.000000e+00,0.000000e+00,0.000000e+00,0.000000e+00,0.000000e+00,0.000000e+00
1.000000e+00,0.000000e+00,0.000000e+00,0.000000e+00,0.000000e+00,0.000000e+00,0.000000e+00,0.000000e+00,0.000000e+00,0.000000e+00,0.000000e+00,0.000000e+00,0.000000e+00,0.000000e+00,0.000000e+00
1.000000e+00,0.000000e+00,0.000000e+00,0.000000e+00,0.000000e+00,0.000000e+00,0.000000e+00,0.000000e+00,0.000000e+00,0.000000e+00,0.000000e+00,0.000000e+00,0.000000e+00,0.000000e+00,0.000000e+00
1.000000e+00,0.000000e+00,0.000000e+00,0.000000e+00,0.000000e+00,0.000000e+00,0.000000e+00,0.000000e+00,0.000000e+00,0.000000e+00,0.000000e+00,0.000000e+00,0.000000e+00,0.000000e+00,0.000000e+00
1.000000e+00,0.000000e+00,0.000000e+00,0.000000e+00,0.000000e+00,0.000000e+00,0.000000e+00,0.000000e+00,0.000000e+00,0.000000e+00,0.000000e+00,0.000000e+00,0.000000e+00,0.000000e+00,0.000000e+00
1.000000e+00,0.000000e+00,0.000000e+00,0.000000e+00,0.000000e+00,0.000000e+00,0.000000e+00,0.000000e+00,0.000000e+00,0.000000e+00,0.000000e+00,0.000000e+00,0.000000e+00,0.000000e+00,0.000000e+00
1.000000e+00,0.000000e+00,0.000000e+00,0.000000e+00,0.000000e+00,0.000000e+00,0.000000e+00,0.000000e+00,0.000000e+00,0.000000e+00,0.000000e+00,0.000000e+00,0.000000e+00,0.000000e+00,0.000000e+00
1.000000e+00,0.000000e+00,0.000000e+00,0.000000e+00,0.000000e+00,0.000000e+00,0.000000e+00,0.000000e+00,0.000000e+00,0.000000e+00,0.000000e+00,0.000000e+00,0.000000e+00,0.000000e+00,0.000000e+00
1.000000e+00,0.000000e+00,0.000000e+00,0.000000e+00,0.000000e+00,0.000000e+00,0.000000e+00,0.000000e+00,0.000000e+00,0.000000e+00,0.000000e+00,0.000000e+00,0.000000e+00,0.000000e+00,0.000000e+00
1.000000e+00,0.000000e+00,0.000000e+00,0.000000e+00,0.000000e+00,0.000000e+00,0.000000e+00,0.000000e+00,0.000000e+00,0.000000e+00,0.000000e+00,0.000000e+00,0.000000e+00,0.000000e+00,0.000000e+00
1.000000e+00,0.000000e+00,0.000000e+00,0.000000e+00,0.000000e+00,0.000000e+00,0.000000e+00,0.000000e+00,0.000000e+00,0.000000e+00,0.000000e+00,0.000000e+00,0.000000e+00,0.000000e+00,0.000000e+00
1.000000e+00,0.000000e+00,0.000000e+00,0.000000e+00,0.000000e+00,0.000000e+00,0.000000e+00,0.000000e+00,0.000000e+00,0.000000e+00,0.000000e+00,0.000000e+00,0.000000e+00,0.000000e+00,0.000000e+00
1.000000e+00,0.000000e+00,0.000000e+00,0.000000e+00,0.000000e+00,0.000000e+00,0.000000e+00,0.000000e+00,0.000000e+00,0.000000e+00,0.000000e+00,0.000000e+00,0.000000e+00,0.000000e+00,0.000000e+00
1.000000e+00,0.000000e+00,0.000000e+00,0.000000e+00,0.000000e+00,0.000000e+00,0.000000e+00,0.000000e+00,0.000000e+00,0.000000e+00,0.000000e+00,0.000000e+00,0.000000e+00,0.000000e+00,0.000000e+00
1.000000e+00,0.000000e+00,0.000000e+00,0.000000e+00,0.000000e+00,0.000000e+00,0.000000e+00,0.000000e+00,0.000000e+00,0.000000e+00,0.000000e+00,0.000000e+00,0.000000e+00,0.000000e+00,0.000000e+00
1.000000e+00,0.000000e+00,0.000000e+00,0.000000e+00,0.000000e+00,0.000000e+00,0.000000e+00,0.000000e+00,0.000000e+00,0.000000e+00,0.000000e+00,0.000000e+00,0.000000e+00,0.000000e+00,0.000000e+00
1.000000e+00,0.000000e+00,0.000000e+00,0.000000e+00,0.000000e+00,0.000000e+00,0.000000e+00,0.000000e+00,0.000000e+00,0.000000e+00,0.000000e+00,0.000000e+00,0.000000e+00,0.000000e+00,0.000000e+00
1.000000e+00,0.000000e+00,0.000000e+00,0.000000e+00,0.000000e+00,0.000000e+00,0.000000e+00,0.000000e+00,0.000000e+00,0.000000e+00,0.000000e+00,0.000000e+00,0.000000e+00,0.000000e+00,0.000000e+00
1.000000e+00,0.000000e+00,0.000000e+00,0.000000e+00,0.000000e+00,0.000000e+00,0.000000e+00,0.000000e+00,0.000000e+00,0.000000e+00,0.000000e+00,0.000000e+00,0.000000e+00,0.000000e+00,0.000000e+00
1.000000e+00,0.000000e+00,0.000000e+00,0.000000e+00,0.000000e+00,0.000000e+00,0.000000e+00,0.000000e+00,0.000000e+00,0.000000e+00,0.000000e+00,0.000000e+00,0.000000e+00,0.000000e+00,0.000000e+00
1.000000e+00,0.000000e+00,0.000000e+00,0.000000e+00,0.000000e+00,0.000000e+00,0.000000e+00,0.000000e+00,0.000000e+00,0.000000e+00,0.000000e+00,0.000000e+00,0.000000e+00,0.000000e+00,0.000000e+00
4.388480e-01,4.253910e-02,5.339687e-02,2.006848e-01,9.605864e-03,6.142861e-02,7.546381e-03,1.991706e-02,2.525343e-02,3.846438e-03,1.490250e-02,2.772172e-02,3.372395e-02,5.324849e-03,5.526044e-02
4.421772e-01,3.176090e-02,3.888316e-02,1.536958e-01,7.988449e-03,9.185475e-02,6.672657e-03,1.590237e-02,2.369498e-02,2.908485e-03,1.329365e-02,2.088891e-02,1.006057e-01,4.515377e-03,4.515758e-02
3.396590e-01,4.733066e-02,4.820374e-02,2.815823e-01,8.720632e-03,7.144362e-02,5.630942e-03,1.279147e-02,4.143763e-02,2.769273e-03,1.072410e-02,1.629345e-02,7.269806e-02,3.727427e-03,3.698776e-02
2.726643e-01,4.223061e-02,4.187682e-02,3.737501e-01,8.158501e-03,5.331317e-02,4.524136e-03,9.393165e-03,5.524333e-02,4.239505e-03,1.244487e-02,1.418023e-02,6.087095e-02,3.373057e-03,4.373727e-02
2.436184e-01,3.307772e-02,3.644320e-02,3.045215e-01,6.381414e-03,6.423398e-02,3.747540e-03,7.447518e-03,4.180844e-02,3.244046e-03,1.227603e-02,1.418838e-02,1.877134e-01,2.701256e-03,3.859718e-02
2.277259e-01,2.421881e-02,2.599028e-02,2.215072e-01,5.135632e-03,6.626715e-02,3.764167e-03,6.033388e-03,3.064379e-02,2.352874e-03,9.569192e-03,1.158047e-02,3.339726e-01,1.972375e-03,2.926617e-02
1.668035e-01,1.730684e-02,1.825540e-02,1.571075e-01,3.747127e-03,1.244162e-01,2.882521e-03,4.439228e-03,2.184905e-02,1.663896e-03,6.799689e-03,8.593610e-03,4.430559e-01,1.387723e-03,2.169186e-02
1.205258e-01,1.230064e-02,1.284465e-02,1.110040e-01,2.764878e-03,1.015948e-01,2.204993e-03,3.273670e-03,1.649642e-02,1.198079e-03,4.937426e-03,8.127223e-03,5.827565e-01,9.841187e-04,1.898672e-02
8.515112e-02,8.723446e-03,9.058489e-03,7.813632e-02,2.087246e-03,8.990098e-02,1.661487e-03,2.351019e-03,1.202682e-02,8.610509e-04,3.543542e-03,7.199305e-03,6.811911e-01,6.927828e-04,1.741525e-02
5.985007e-02,6.153365e-03,6.361041e-03,5.476119e-02,1.853785e-03,6.979229e-02,1.257929e-03,1.672186e-03,8.563540e-03,6.076125e-04,2.576150e-03,5.966603e-03,7.629790e-01,4.898300e-04,1.711541e-02
4.219694e-02,4.747974e-03,4.912337e-03,3.855733e-02,2.339084e-03,5.054370e-02,9.933137e-04,1.194525e-03,6.521554e-03,4.464668e-04,1.840664e-03,4.892856e-03,8.267617e-01,3.465468e-04,1.370504e-02
3.067089e-02,3.482542e-03,3.601726e-03,2.729916e-02,2.325436e-03,7.580100e-02,9.007367e-04,9.669189e-04,5.357059e-03,3.549041e-04,1.541366e-03,6.321384e-03,8.291777e-01,2.681419e-04,1.193101e-02
2.547486e-02,2.838302e-03,3.041302e-03,2.177102e-02,4.808376e-03,6.163960e-02,1.171295e-03,1.840019e-03,7.739363e-03,5.976103e-04,1.858529e-03,8.251967e-03,8.455603e-01,5.270010e-04,1.288046e-02
2.015408e-02,2.101142e-03,2.367168e-03,1.687737e-02,7.208322e-03,5.892359e-02,1.323503e-03,2.906867e-03,7.625831e-03,5.316342e-04,3.635322e-03,9.547974e-03,8.542022e-01,4.481269e-04,1.214690e-02
4.323766e-02,2.362424e-03,3.333258e-03,2.631542e-02,1.237075e-02,7.212172e-02,2.300829e-03,5.738641e-03,1.410766e-02,1.269125e-03,5.610478e-03,1.239483e-02,7.874402e-01,6.846564e-04,1.071233e-02
4.484251e-02,2.156461e-03,1.224736e-02,2.854348e-02,1.294016e-02,6.476410e-02,1.752409e-03,1.191500e-02,2.860749e-02,2.012525e-03,1.305567e-02,1.848732e-02,7.390203e-01,9.985160e-04,1.865666e-02
7.254247e-02,3.363680e-03,2.053745e-02,5.850861e-02,4.235826e-02,5.678244e-02,2.987179e-03,1.542815e-02,3.836681e-02,1.913184e-03,1.646858e-02,2.029184e-02,6.334687e-01,8.596110e-04,1.612305e-02
1.501671e-01,5.713867e-03,2.963782e-02,1.115999e-01,6.462089e-02,4.203584e-02,2.971270e-03,1.540813e-02,7.155418e-02,1.968922e-03,1.568517e-02,1.919160e-02,4.564390e-01,7.072859e-04,1.229905e-02
2.198982e-01,5.891521e-03,2.674694e-02,1.159312e-01,7.879893e-02,3.704926e-02,4.393661e-03,1.359745e-02,1.124785e-01,2.216540e-03,1.501633e-02,2.023579e-02,3.363102e-01,6.913100e-04,1.074420e-02
2.843736e-01,7.242289e-03,2.632320e-02,1.195581e-01,1.002888e-01,3.099741e-02,5.283952e-03,3.766885e-02,8.994684e-02,2.169874e-03,1.773380e-02,2.242887e-02,2.455943e-01,9.943648e-04,9.395761e-03
2.843095e-01,9.397343e-03,2.843453e-02,1.311159e-01,1.189159e-01,4.291694e-02,4.943556e-03,3.785353e-02,8.210577e-02,2.120371e-03,2.015108e-02,3.127529e-02,1.942601e-01,2.350849e-03,9.849411e-03
2.811107e-01,1.177362e-02,2.367578e-02,1.182644e-01,1.519626e-01,5.125219e-02,5.383339e-03,3.115175e-02,1.094188e-01,2.323111e-03,2.001291e-02,3.183716e-02,1.442674e-01,2.073891e-03,1.549243e-02
2.453527e-01,2.112414e-02,2.127612e-02,1.543209e-01,1.119047e-01,4.460182e-02,4.191778e-03,2.573586e-02,1.230707e-01,2.595948e-03,8.357051e-02,3.475648e-02,1.041520e-01,6.441907e-03,1.690452e-02
1.796589e-01,3.396951e-02,1.624309e-02,1.924603e-01,8.255448e-02,3.154856e-02,3.007345e-03,1.819335e-02,2.218315e-01,2.030018e-03,9.730576e-02,3.035190e-02,7.332556e-02,4.679875e-03,1.283983e-02
2.201223e-01,2.611687e-02,1.246289e-02,1.798179e-01,5.998425e-02,2.443562e-02,2.419937e-03,1.340403e-02,1.659095e-01,3.417481e-03,1.369008e-01,8.783423e-02,5.295131e-02,3.714593e-03,1.050836e-02
2.863055e-01,1.922324e-02,9.045934e-03,1.409536e-01,4.340329e-02,1.944357e-02,2.037902e-03,1.003914e-02,1.246418e-01,2.798882e-03,1.696624e-01,1.200378e-01,3.995647e-02,4.142832e-03,8.307755e-03
3.310418e-01,1.654322e-02,7.077214e-03,1.069873e-01,3.308767e-02,2.089437e-02,1.991882e-03,7.934662e-03,9.448611e-02,2.387599e-03,1.744786e-01,1.590890e-01,3.029320e-02,4.297843e-03,9.409669e-03
3.095255e-01,1.352618e-02,5.444678e-03,7.694339e-02,3.218370e-02,2.264452e-02,2.504162e-03,6.555050e-03,6.825157e-02,1.931633e-03,1.565247e-01,2.708020e-01,2.171676e-02,3.860146e-03,7.586111e-03
2.322369e-01,1.016501e-02,3.904898e-03,5.644253e-02,3.467646e-02,1.960247e-02,1.957480e-03,4.953809e-03,5.242628e-02,1.583028e-03,1.403076e-01,4.163389e-01,1.596631e-02,3.752898e-03,5.685465e-03
1.771199e-01,7.977012e-03,2.822170e-03,4.116182e-02,3.079683e-02,1.714274e-02,1.477606e-03,3.568840e-03,4.088288e-02,1.345567e-03,1.135258e-01,5.424904e-01,1.161262e-02,3.311831e-03,4.764019e-03
1.331687e-01,5.971364e-03,2.042785e-03,3.061206e-02,4.848509e-02,1.443778e-02,1.148839e-03,2.641156e-03,3.137517e-02,1.532284e-03,1.100852e-01,6.036699e-01,8.513172e-03,2.610033e-03,3.706481e-03
1.003903e-01,4.471821e-03,1.478914e-03,2.237496e-02,4.762118e-02,1.148826e-02,8.532700e-04,1.959783e-03,2.454130e-02,1.370811e-03,9.561059e-02,6.769108e-01,6.184753e-03,1.979338e-03,2.763964e-03
9.560911e-02,3.743912e-03,1.349744e-03,1.632834e-02,4.478143e-02,1.002204e-02,9.132975e-04,2.668055e-03,1.938691e-02,1.153205e-03,9.089798e-02,7.048481e-01,4.524592e-03,1.682019e-03,2.091367e-03
9.098991e-02,3.135617e-03,1.089479e-03,1.244804e-02,4.190710e-02,8.812981e-03,9.690577e-04,2.619817e-03,1.726640e-02,9.957791e-04,9.134017e-02,7.218523e-01,3.440806e-03,1.416556e-03,1.716069e-03
1.365611e-01,3.580234e-03,1.714466e-03,1.170855e-02,3.609705e-02,1.406581e-02,1.994471e-03,4.670123e-03,1.513073e-02,8.664471e-04,7.016110e-02,6.965271e-01,2.936608e-03,1.521983e-03,2.464311e-03
1.518119e-01,5.393776e-03,2.990816e-03,1.089361e-02,3.739535e-02,1.632728e-02,2.828919e-03,1.174442e-02,2.318886e-02,1.158236e-03,5.707406e-02,6.718343e-01,2.690466e-03,1.730670e-03,2.937315e-03
1.749201e-01,5.576788e-03,3.334725e-03,1.053772e-02,3.103030e-02,1.871927e-02,3.580429e-03,1.370904e-02,2.371177e-02,1.292028e-03,4.542716e-02,6.592523e-01,2.922312e-03,2.125913e-03,3.860181e-03
2.203241e-01,8.547682e-03,4.010277e-03,1.073409e-02,2.754672e-02,2.769123e-02,4.922712e-03,1.544139e-02,3.244220e-02,2.047704e-03,4.981720e-02,5.796921e-01,5.153745e-03,3.671688e-03,7.957244e-03
2.747956e-01,9.172811e-03,4.062224e-03,1.246053e-02,2.633295e-02,3.889484e-02,5.772040e-03,1.555650e-02,3.118517e-02,2.133583e-03,5.922914e-02,4.980758e-01,6.638994e-03,4.837929e-03,1.085189e-02
2.912816e-01,1.057116e-02,4.781604e-03,1.737611e-02,2.929469e-02,7.750630e-02,8.743971e-03,2.078979e-02,3.319332e-02,1.980661e-03,8.053644e-02,3.949745e-01,1.072629e-02,5.558669e-03,1.268493e-02
3.052046e-01,1.213014e-02,5.572265e-03,2.350905e-02,4.005879e-02,1.102917e-01,1.167246e-02,2.389649e-02,3.182947e-02,1.792767e-03,1.117423e-01,2.887331e-01,1.361156e-02,4.753332e-03,1.520194e-02
3.716421e-01,1.330614e-02,6.949390e-03,2.315934e-02,4.642732e-02,1.351043e-01,1.238341e-02,2.255719e-02,2.830847e-02,1.858038e-03,9.358101e-02,2.136286e-01,1.243196e-02,4.209337e-03,1.445350e-02
4.453579e-01,1.342746e-02,7.031203e-03,2.551493e-02,4.025613e-02,1.337128e-01,1.076605e-02,1.812369e-02,2.300138e-02,1.667055e-03,8.247133e-02,1.614243e-01,1.644660e-02,3.802240e-03,1.699697e-02
4.659837e-01,1.297300e-02,6.798218e-03,2.984820e-02,3.913670e-02,1.440554e-01,1.001854e-02,1.521466e-02,2.311574e-02,1.606644e-03,8.206367e-02,1.257127e-01,2.229298e-02,3.256491e-03,1.792335e-02
3.685831e-01,1.252900e-02,9.172091e-03,2.643061e-02,7.278478e-02,1.207960e-01,8.946344e-03,1.634096e-02,3.216614e-02,1.664591e-03,1.932113e-01,1.004585e-01,1.971951e-02,3.783544e-03,1.341355e-02
3.305218e-01,1.260606e-02,1.488187e-02,2.403260e-02,8.863682e-02,9.493703e-02,7.761179e-03,2.444825e-02,4.511327e-02,1.996021e-03,2.373480e-01,7.983244e-02,1.961362e-02,7.090235e-03,1.118078e-02
3.156016e-01,1.214751e-02,1.565712e-02,2.004877e-02,7.922518e-02,7.196528e-02,6.129865e-03,2.050076e-02,3.843652e-02,1.935280e-03,3.204566e-01,6.307137e-02,1.775050e-02,7.967829e-03,9.105814e-03
3.032584e-01,1.164551e-02,1.335018e-02,1.662548e-02,6.302900e-02,5.477066e-02,4.884738e-03,1.729545e-02,3.117162e-02,1.772249e-03,3.870808e-01,5.957775e-02,1.764474e-02,9.681156e-03,8.212239e-03
3.372027e-01,1.068890e-02,1.148515e-02,1.635179e-02,5.144757e-02,4.722473e-02,4.417125e-03,1.669100e-02,2.712816e-02,1.891675e-03,3.617562e-01,6.971326e-02,2.296229e-02,1.204884e-02,8.990544e-03
4.017951e-01,1.319710e-02,1.463174e-02,2.914914e-02,4.716264e-02,3.928071e-02,3.784817e-03,1.482754e-02,2.669453e-02,2.580844e-03,2.816243e-01,7.460617e-02,2.152397e-02,1.773408e-02,1.140726e-02
4.283898e-01,2.518486e-02,1.519925e-02,2.611078e-02,4.140965e-02,4.380859e-02,4.185080e-03,2.195136e-02,3.954358e-02,2.733345e-03,2.099588e-01,6.569295e-02,3.655241e-02,2.352797e-02,1.575152e-02
4.764518e-01,2.768146e-02,1.417300e-02,2.568058e-02,4.343253e-02,3.586412e-02,4.347799e-03,3.014497e-02,3.696542e-02,2.904209e-03,1.622734e-01,6.086565e-02,3.460692e-02,2.531060e-02,1.929756e-02
4.878276e-01,2.514133e-02,1.463336e-02,2.610296e-02,4.560185e-02,4.100605e-02,5.106752e-03,3.430348e-02,3.973913e-02,3.314047e-03,1.290986e-01,7.284670e-02,3.493432e-02,2.255426e-02,1.778955e-02
4.783179e-01,2.016266e-02,1.353513e-02,2.450427e-02,6.922358e-02,3.723035e-02,5.062762e-03,7.214390e-02,3.696682e-02,2.675808e-03,9.865748e-02,6.834873e-02,3.683207e-02,1.932038e-02,1.701814e-02
1.000000e+00,0.000000e+00,0.000000e+00,0.000000e+00,0.000000e+00,0.000000e+00,0.000000e+00,0.000000e+00,0.000000e+00,0.000000e+00,0.000000e+00,0.000000e+00,0.000000e+00,0.000000e+00,0.000000e+00
1.000000e+00,0.000000e+00,0.000000e+00,0.000000e+00,0.000000e+00,0.000000e+00,0.000000e+00,0.000000e+00,0.000000e+00,0.000000e+00,0.000000e+00,0.000000e+00,0.000000e+00,0.000000e+00,0.000000e+00
4.805800e-01,1.227211e-02,1.870066e-02,1.183541e-02,5.849542e-02,3.366677e-02,2.763923e-02,1.768139e-01,3.332582e-02,1.697209e-03,4.101876e-02,3.977271e-02,4.652105e-02,8.822374e-03,8.838534e-03
4.534685e-01,1.114482e-02,1.682382e-02,9.502903e-03,7.995053e-02,3.170355e-02,2.366291e-02,2.154748e-01,2.857696e-02,1.538473e-03,3.073943e-02,3.913271e-02,4.462454e-02,7.048254e-03,6.607792e-03
4.201501e-01,1.223330e-02,1.483895e-02,7.776902e-03,1.184628e-01,3.114714e-02,2.433620e-02,2.368581e-01,2.750521e-02,1.515900e-03,2.278914e-02,3.227350e-02,3.917337e-02,5.904332e-03,5.035045e-03
4.427317e-01,1.299862e-02,1.294259e-02,7.199274e-03,9.445041e-02,2.686975e-02,2.535404e-02,2.274524e-01,3.079307e-02,3.355450e-03,1.638632e-02,2.430330e-02,6.587556e-02,4.457719e-03,4.829816e-03
4.516032e-01,1.237178e-02,1.228199e-02,7.464918e-03,7.718630e-02,3.074422e-02,2.873140e-02,2.201802e-01,4.014799e-02,4.174799e-03,1.199755e-02,2.178804e-02,7.254342e-02,3.450288e-03,5.334006e-03
4.544328e-01,1.013878e-02,1.190450e-02,7.519715e-03,6.233699e-02,3.297134e-02,2.632932e-02,2.577443e-01,3.289163e-02,4.150608e-03,9.223081e-03,2.075710e-02,6.061907e-02,2.691495e-03,6.289272e-03
1.000000e+00,0.000000e+00,0.000000e+00,0.000000e+00,0.000000e+00,0.000000e+00,0.000000e+00,0.000000e+00,0.000000e+00,0.000000e+00,0.000000e+00,0.000000e+00,0.000000e+00,0.000000e+00,0.000000e+00
1.000000e+00,0.000000e+00,0.000000e+00,0.000000e+00,0.000000e+00,0.000000e+00,0.000000e+00,0.000000e+00,0.000000e+00,0.000000e+00,0.000000e+00,0.000000e+00,0.000000e+00,0.000000e+00,0.000000e+00
4.178768e-01,2.960638e-02,8.944272e-03,1.612098e-02,3.165514e-02,4.505093e-02,5.103796e-02,1.037102e-01,4.480256e-02,7.448628e-03,8.804540e-02,5.447346e-02,7.009101e-02,6.354935e-03,2.478135e-02
3.134464e-01,3.181887e-02,9.244494e-03,2.855667e-02,2.375075e-02,3.833752e-02,3.980963e-02,7.448604e-02,1.152207e-01,1.704926e-02,1.180751e-01,8.229962e-02,7.101697e-02,1.049370e-02,2.639425e-02
2.300792e-01,3.486954e-02,1.093486e-02,7.444879e-02,2.007532e-02,3.455740e-02,2.857937e-02,5.237602e-02,2.235506e-01,4.064338e-02,9.333535e-02,6.529835e-02,5.222283e-02,8.298239e-03,3.073062e-02
1.761467e-01,4.975348e-02,2.482273e-02,7.057758e-02,2.312461e-02,3.291125e-02,2.239638e-02,3.779367e-02,2.771678e-01,4.403869e-02,9.488289e-02,5.876482e-02,4.576585e-02,1.038977e-02,3.146376e-02
1.801343e-01,4.258610e-02,2.262377e-02,7.151113e-02,2.298920e-02,3.102902e-02,1.800236e-02,2.831728e-02,2.935175e-01,3.275052e-02,1.084369e-01,6.722165e-02,4.212975e-02,1.112985e-02,2.762060e-02
1.319939e-01,3.630258e-02,1.764528e-02,6.482509e-02,1.891643e-02,2.778597e-02,1.325989e-02,2.052207e-02,2.345503e-01,3.402369e-02,2.030049e-01,1.100555e-01,3.981222e-02,2.409149e-02,2.321086e-02
9.877143e-02,2.886595e-02,1.631599e-02,6.317020e-02,1.608104e-02,3.455224e-02,9.427348e-03,1.474152e-02,1.746366e-01,2.858894e-02,2.710602e-01,1.629464e-01,3.791966e-02,2.171470e-02,2.120783e-02
1.178059e-01,2.470354e-02,1.792852e-02,6.051148e-02,2.444230e-02,3.008478e-02,7.197877e-03,1.174898e-02,1.276870e-01,2.189014e-02,3.320040e-01,1.507785e-01,2.856716e-02,2.621839e-02,1.843139e-02
1.456691e-01,1.938437e-02,4.281101e-02,8.950162e-02,3.618685e-02,4.084521e-02,6.025131e-03,1.639093e-02,9.715028e-02,1.632907e-02,3.008543e-01,1.266804e-01,2.143562e-02,2.513175e-02,1.560433e-02
1.740279e-01,1.808775e-02,4.521665e-02,9.003086e-02,6.286497e-02,3.299591e-02,7.141662e-03,1.577775e-02,8.748220e-02,1.220044e-02,2.768574e-01,1.148464e-01,1.743245e-02,3.095893e-02,1.407869e-02
2.222672e-01,1.512264e-02,5.813131e-02,7.635405e-02,5.844723e-02,4.286050e-02,6.085294e-03,4.116625e-02,6.891985e-02,9.260107e-03,2.422824e-01,9.828003e-02,1.441070e-02,3.299555e-02,1.341681e-02
2.488128e-01,1.417597e-02,8.659564e-02,5.972883e-02,4.726351e-02,4.648186e-02,4.815827e-03,6.520871e-02,6.766784e-02,7.372984e-03,2.069308e-01,7.783409e-02,1.189559e-02,4.103005e-02,1.418546e-02
2.809017e-01,1.325646e-02,8.669153e-02,4.673317e-02,4.126801e-02,5.048396e-02,3.921857e-03,9.428164e-02,6.501295e-02,6.191517e-03,1.777404e-01,6.162813e-02,9.999701e-03,4.588051e-02,1.600851e-02
3.434670e-01,1.477636e-02,9.333183e-02,3.941182e-02,3.992113e-02,4.731963e-02,3.265811e-03,7.959545e-02,6.407547e-02,6.290230e-03,1.428574e-01,4.678877e-02,8.835503e-03,5.087219e-02,1.919147e-02
3.806072e-01,1.758649e-02,8.838271e-02,3.525669e-02,4.007822e-02,4.599344e-02,2.814983e-03,7.791695e-02,5.832809e-02,7.281097e-03,1.250905e-01,3.801913e-02,9.728335e-03,4.950155e-02,2.341463e-02
3.422220e-01,2.707576e-02,7.321115e-02,5.236851e-02,3.504528e-02,4.555572e-02,4.102172e-03,6.656271e-02,8.487852e-02,8.901801e-03,1.148550e-01,4.735436e-02,1.599994e-02,4.194171e-02,3.992543e-02
2.800929e-01,3.333806e-02,5.359472e-02,4.826032e-02,2.762782e-02,3.669965e-02,3.217500e-03,5.099368e-02,2.098000e-01,8.795022e-03,1.119262e-01,4.065958e-02,1.474848e-02,3.540641e-02,4.483984e-02
2.872011e-01,3.788667e-02,4.403017e-02,5.108674e-02,2.927284e-02,4.712971e-02,3.993167e-03,5.198012e-02,1.966249e-01,7.154516e-03,1.058898e-01,4.663752e-02,1.577810e-02,3.402437e-02,4.131031e-02
2.376746e-01,3.407374e-02,3.812598e-02,6.153783e-02,2.184074e-02,3.776522e-02,3.071761e-03,3.808138e-02,3.084806e-01,1.088525e-02,8.397460e-02,3.639343e-02,1.281381e-02,2.616822e-02,4.911288e-02
2.097507e-01,2.805858e-02,2.934416e-02,6.297959e-02,1.625282e-02,4.193342e-02,2.860141e-03,2.756858e-02,3.512181e-01,1.102341e-02,7.862751e-02,3.168564e-02,1.669857e-02,2.021729e-02,7.178155e-02
2.270214e-01,2.434169e-02,2.272982e-02,8.316767e-02,1.488813e-02,3.637917e-02,2.798690e-03,2.150582e-02,3.374444e-01,1.028330e-02,7.771157e-02,3.272707e-02,2.189888e-02,2.154985e-02,6.555257e-02
2.063203e-01,1.807592e-02,1.672187e-02,6.488624e-02,3.513541e-02,2.885953e-02,2.394577e-03,1.754793e-02,2.539424e-01,7.841675e-03,1.761384e-01,5.695194e-02,4.768881e-02,2.019018e-02,4.730481e-02
1.866825e-01,1.414563e-02,1.265686e-02,4.928061e-02,6.020132e-02,2.125531e-02,1.921782e-03,1.387164e-02,1.881316e-01,6.969385e-03,2.722452e-01,5.991407e-02,4.307725e-02,3.360400e-02,3.604279e-02
1.498861e-01,1.134512e-02,1.001849e-02,3.925106e-02,6.423059e-02,1.723723e-02,1.612771e-03,1.139147e-02,1.536154e-01,7.522505e-03,3.331919e-01,4.810558e-02,4.561911e-02,7.987215e-02,2.710045e-02
1.150165e-01,8.622873e-03,8.285705e-03,3.420527e-02,5.928371e-02,1.400747e-02,1.333262e-03,9.599446e-03,1.401023e-01,6.694207e-03,4.016114e-01,3.822324e-02,4.185573e-02,1.012566e-01,1.990220e-02
1.207435e-01,7.195406e-03,7.375979e-03,2.874472e-02,4.321642e-02,1.172295e-02,1.173218e-03,7.756968e-03,1.177922e-01,5.805552e-03,4.039717e-01,3.290489e-02,3.378030e-02,1.621943e-01,1.562186e-02
1.103841e-01,6.799750e-03,1.043515e-02,3.965808e-02,3.222646e-02,1.007220e-02,1.037133e-03,7.833610e-03,1.474470e-01,7.226584e-03,3.877518e-01,2.623343e-02,2.997947e-02,1.691637e-01,1.375163e-02
1.012225e-01,7.796736e-03,1.001477e-02,3.404341e-02,2.600672e-02,8.633411e-03,9.571968e-04,6.863331e-03,1.414375e-01,9.416191e-03,3.585511e-01,2.119973e-02,2.886758e-02,2.312170e-01,1.377289e-02
7.666594e-02,9.299259e-03,9.255006e-03,2.719641e-02,2.007541e-02,7.109723e-03,7.878767e-04,5.314850e-03,1.342574e-01,8.605395e-03,2.936151e-01,1.757160e-02,2.544600e-02,3.535472e-01,1.125275e-02
7.468197e-02,1.921248e-02,9.436397e-03,2.185032e-02,1.586700e-02,6.227110e-03,7.551770e-04,4.079985e-03,1.357961e-01,7.354839e-03,2.646112e-01,1.351637e-02,2.011489e-02,3.964035e-01,1.009269e-02
1.636218e-01,2.368201e-02,9.294586e-03,2.054108e-02,1.191083e-02,1.007080e-02,1.099678e-03,3.577698e-03,1.264026e-01,6.796064e-03,2.102322e-01,1.100010e-02,1.641005e-02,3.765546e-01,8.805983e-03
2.041442e-01,3.807075e-02,3.719501e-02,2.586813e-02,1.098417e-02,4.160207e-02,3.127848e-03,6.339163e-03,1.209182e-01,5.474161e-03,1.654761e-01,8.519829e-03,1.309669e-02,3.113315e-01,7.852156e-03
1.744524e-01,2.823230e-02,2.194174e-01,2.926204e-02,1.161442e-02,3.844859e-02,3.712331e-03,1.180681e-02,1.026876e-01,4.298433e-03,1.235982e-01,6.447468e-03,1.054495e-02,2.291055e-01,6.371633e-03
1.601498e-01,2.448444e-02,3.377522e-01,2.366052e-02,1.655278e-02,3.654230e-02,2.862386e-03,9.256568e-03,9.369479e-02,4.647545e-03,9.116443e-02,5.592038e-03,8.054409e-03,1.705177e-01,1.506814e-02
1.466215e-01,3.133981e-02,3.806303e-01,2.653156e-02,3.362568e-02,5.323221e-02,2.509044e-03,8.341799e-03,8.684354e-02,4.265587e-03,6.802540e-02,4.720186e-03,6.831332e-03,1.321646e-01,1.431753e-02
1.542231e-01,3.753129e-02,3.393138e-01,3.109490e-02,5.307596e-02,9.142071e-02,2.304722e-03,7.537713e-03,8.355976e-02,3.852471e-03,5.390163e-02,6.738116e-03,7.551810e-03,1.101111e-01,1.778295e-02
1.473630e-01,4.058130e-02,2.988984e-01,2.918492e-02,7.103315e-02,1.338344e-01,1.973971e-03,8.575357e-03,8.570003e-02,3.857282e-03,4.442620e-02,7.970682e-03,7.022956e-03,9.867291e-02,2.090541e-02
1.554230e-01,4.598892e-02,2.695727e-01,3.126734e-02,7.018055e-02,1.281966e-01,1.621763e-03,9.327713e-03,1.061555e-01,5.587241e-03,4.019816e-02,1.027175e-02,6.976824e-03,8.531535e-02,3.391660e-02
1.853608e-01,5.868676e-02,2.258596e-01,6.537797e-02,6.148816e-02,1.075903e-01,1.840895e-03,1.004425e-02,8.820947e-02,6.302833e-03,4.053693e-02,1.957142e-02,1.002213e-02,7.034264e-02,4.876580e-02
2.487405e-01,5.419042e-02,1.797503e-01,5.676049e-02,5.616377e-02,8.937857e-02,1.748589e-03,8.999255e-03,1.039124e-01,6.885954e-03,3.563068e-02,1.788136e-02,8.948656e-03,8.443780e-02,4.657130e-02
2.722639e-01,4.553888e-02,1.810989e-01,5.743267e-02,5.013623e-02,7.595212e-02,1.704108e-03,7.351835e-03,1.208574e-01,6.969335e-03,2.996132e-02,1.635634e-02,8.474308e-03,8.254547e-02,4.335717e-02
3.158863e-01,3.717246e-02,1.388106e-01,5.522217e-02,4.956319e-02,6.280936e-02,2.095136e-03,7.876767e-03,1.427883e-01,6.591867e-03,2.666268e-02,1.793699e-02,8.577066e-03,8.841117e-02,3.959602e-02
3.429710e-01,3.410075e-02,1.057466e-01,4.838512e-02,4.567913e-02,5.581591e-02,2.063966e-03,7.038455e-03,1.616442e-01,6.640082e-03,2.555932e-02,1.856642e-02,8.233534e-03,9.360116e-02,4.395439e-02
3.842240e-01,4.114623e-02,7.924414e-02,3.878056e-02,4.271601e-02,4.832150e-02,2.237747e-03,7.108595e-03,1.639651e-01,6.386206e-03,2.340730e-02,1.605169e-02,8.742461e-03,9.422281e-02,4.344574e-02
3.831960e-01,6.021180e-02,6.431030e-02,7.448918e-02,3.850201e-02,4.746376e-02,2.756666e-03,9.061335e-03,1.253207e-01,5.793170e-03,2.251243e-02,2.809534e-02,1.321325e-02,7.265032e-02,5.242382e-02
2.796983e-01,4.841186e-02,4.769263e-02,3.116497e-01,2.768669e-02,3.345891e-02,1.963690e-03,6.555493e-03,8.920237e-02,5.306464e-03,2.302409e-02,2.103438e-02,1.016096e-02,5.120286e-02,4.295166e-02
2.251377e-01,3.855994e-02,3.707457e-02,2.557831e-01,1.999497e-02,2.431724e-02,1.460195e-03,4.790763e-03,1.008203e-01,1.140604e-02,3.796399e-02,1.811156e-02,1.112732e-02,4.627566e-02,1.671766e-01
1.908999e-01,3.045564e-02,3.117879e-02,2.056610e-01,1.439431e-02,1.779215e-02,1.123588e-03,3.698364e-03,1.274849e-01,1.298498e-02,3.571576e-02,1.468275e-02,1.116125e-02,4.057070e-02,2.621958e-01
2.038544e-01,2.510680e-02,2.753039e-02,1.478189e-01,1.170125e-02,1.381170e-02,8.939969e-04,2.885895e-03,1.422904e-01,1.817732e-02,3.912535e-02,1.170580e-02,1.203919e-02,7.461528e-02,2.684434e-01
1.960288e-01,2.479859e-02,2.738745e-02,1.453639e-01,8.959030e-03,1.061051e-02,7.044402e-04,2.774951e-03,2.310271e-01,1.676544e-02,3.175072e-02,9.100508e-03,1.058820e-02,5.496976e-02,2.291706e-01
1.678337e-01,2.225250e-02,4.457781e-02,1.471105e-01,7.724589e-03,9.384065e-03,5.994049e-04,2.378720e-03,1.898883e-01,1.909206e-02,4.575312e-02,7.456942e-03,1.269816e-02,5.053177e-02,2.727185e-01
1.630700e-01,1.938147e-02,6.813356e-02,1.940248e-01,6.997292e-03,7.855330e-03,7.014046e-04,2.529081e-03,2.072484e-01,1.697101e-02,4.053281e-02,6.259793e-03,1.147299e-02,4.017390e-02,2.146481e-01
2.011882e-01,1.918327e-02,7.376535e-02,1.959896e-01,1.137625e-02,1.047218e-02,1.069727e-03,3.764656e-03,1.794105e-01,1.486898e-02,6.251380e-02,7.000561e-03,1.377552e-02,4.454251e-02,1.610789e-01
2.211311e-01,2.588820e-02,6.553172e-02,1.722025e-01,5.055602e-02,6.959753e-02,8.594451e-03,7.438102e-03,1.370680e-01,1.198192e-02,5.325175e-02,9.242149e-03,1.357622e-02,3.407013e-02,1.198703e-01
2.257238e-01,3.147997e-02,6.206961e-02,1.978804e-01,5.501105e-02,8.251944e-02,8.267930e-03,7.567970e-03,1.167926e-01,1.081843e-02,4.373461e-02,1.145394e-02,1.870773e-02,2.762016e-02,1.003523e-01
2.288965e-01,3.070947e-02,1.076968e-01,2.064279e-01,4.330970e-02,7.013097e-02,6.231733e-03,8.773655e-03,1.061621e-01,1.268463e-02,3.405822e-02,9.239565e-03,1.515190e-02,2.200279e-02,9.852406e-02
2.547408e-01,3.302534e-02,8.551344e-02,1.678021e-01,3.911957e-02,5.396610e-02,5.301911e-03,9.694727e-03,1.892522e-01,1.148221e-02,3.781398e-02,8.759400e-03,1.350494e-02,1.654252e-02,7.348084e-02
2.197980e-01,4.400128e-02,6.212851e-02,1.308410e-01,2.945981e-02,4.455871e-02,4.665743e-03,8.839955e-03,3.060688e-01,1.350267e-02,4.255790e-02,8.118331e-03,1.522794e-02,1.274194e-02,5.748940e-02
2.361475e-01,3.483385e-02,4.650020e-02,1.086166e-01,2.276600e-02,3.603255e-02,5.721645e-03,1.111809e-02,3.699345e-01,1.118446e-02,3.339935e-02,1.099194e-02,1.461137e-02,9.964681e-03,4.817724e-02
3.110247e-01,2.861495e-02,4.126611e-02,9.052987e-02,2.175285e-02,3.003461e-02,6.958131e-03,2.267186e-02,3.034877e-01,1.054811e-02,3.296254e-02,2.057008e-02,2.521373e-02,8.719346e-03,4.564540e-02
4.154389e-01,2.386051e-02,3.309322e-02,7.460066e-02,1.860238e-02,2.622238e-02,6.444891e-03,4.997049e-02,2.242163e-01,9.473988e-03,2.654990e-02,2.365677e-02,2.353829e-02,7.133263e-03,3.719806e-02
4.874714e-01,2.078311e-02,2.857832e-02,6.235180e-02,1.467312e-02,2.688836e-02,5.861059e-03,7.982314e-02,1.634698e-01,7.491360e-03,2.166614e-02,2.059479e-02,1.902465e-02,6.021417e-03,3.530153e-02
1.000000e+00,0.000000e+00,0.000000e+00,0.000000e+00,0.000000e+00,0.000000e+00,0.000000e+00,0.000000e+00,0.000000e+00,0.000000e+00,0.000000e+00,0.000000e+00,0.000000e+00,0.000000e+00,0.000000e+00
4.927898e-01,1.486405e-02,1.727266e-02,4.070347e-02,1.270404e-02,2.955628e-02,4.190637e-03,2.274589e-01,8.326440e-02,4.234438e-03,1.419149e-02,1.862710e-02,1.278582e-02,4.188442e-03,2.316849e-02
4.232155e-01,1.183974e-02,1.288308e-02,3.100927e-02,1.140303e-02,3.081002e-02,3.579291e-03,3.525268e-01,5.938258e-02,3.140078e-03,1.144576e-02,1.727202e-02,1.050097e-02,3.444885e-03,1.754695e-02
4.182128e-01,1.035677e-02,1.061508e-02,2.534552e-02,1.180895e-02,3.526430e-02,3.823787e-03,3.836518e-01,4.272531e-02,2.571742e-03,9.479403e-03,1.769198e-02,9.719936e-03,3.188474e-03,1.554412e-02
3.976724e-01,8.720702e-03,9.182191e-03,2.136421e-02,1.225721e-02,3.341468e-02,3.851413e-03,4.295355e-01,3.175202e-02,2.303032e-03,7.939918e-03,1.725674e-02,8.632552e-03,2.733271e-03,1.338416e-02
3.406965e-01,8.200047e-03,7.622620e-03,1.744530e-02,1.216533e-02,2.809021e-02,3.604628e-03,5.128416e-01,2.452229e-02,1.949178e-03,6.225864e-03,1.522103e-02,7.225286e-03,2.346360e-03,1.184378e-02
3.225073e-01,7.436321e-03,6.958877e-03,1.552061e-02,1.030201e-02,2.321495e-02,3.541375e-03,5.479436e-01,2.066018e-02,1.771318e-03,5.499376e-03,1.504032e-02,6.696669e-03,2.120631e-03,1.078643e-02
2.969182e-01,6.552228e-03,7.115706e-03,1.664530e-02,8.384209e-03,1.879191e-02,2.814811e-03,5.854481e-01,1.721573e-02,1.595279e-03,5.207896e-03,1.565011e-02,5.921456e-03,2.048943e-03,9.690086e-03
2.252268e-01,1.342911e-02,2.544835e-02,2.070435e-01,7.327412e-03,1.458705e-02,2.111946e-03,4.294408e-01,2.360658e-02,2.595702e-03,1.178906e-02,1.461417e-02,9.159856e-03,1.635906e-03,1.198375e-02
1.611442e-01,1.134667e-02,1.943702e-02,2.747083e-01,1.135276e-02,1.169999e-02,1.880650e-03,3.052188e-01,7.461489e-02,3.183217e-03,5.041917e-02,1.315989e-02,5.035744e-02,1.418903e-03,1.005813e-02
1.302256e-01,1.024077e-02,1.741452e-02,2.493135e-01,1.746271e-02,1.025114e-02,2.660000e-03,2.196141e-01,7.252400e-02,4.390507e-03,7.165504e-02,1.198304e-02,1.657493e-01,1.991475e-03,1.452433e-02
1.433106e-01,9.100555e-03,1.411745e-02,1.798430e-01,2.449016e-02,9.464139e-03,3.496254e-03,1.650510e-01,6.309105e-02,3.913234e-03,7.019009e-02,1.085249e-02,2.889640e-01,2.607779e-03,1.150815e-02
1.276921e-01,7.383456e-03,1.146228e-02,1.273275e-01,3.241022e-02,9.024262e-03,3.745924e-03,1.241822e-01,4.548361e-02,3.050378e-03,6.731084e-02,1.218063e-02,4.177290e-01,2.271045e-03,8.746566e-03
1.106558e-01,5.664817e-03,8.874658e-03,8.978866e-02,3.679669e-02,7.840946e-03,3.809975e-03,8.966572e-02,3.470174e-02,2.648015e-03,6.114969e-02,1.366394e-02,5.255821e-01,2.262818e-03,6.894388e-03
2.051990e-01,5.194221e-03,7.065853e-03,6.357675e-02,3.901049e-02,8.597665e-03,4.202316e-03,6.635382e-02,3.257273e-02,2.718120e-03,5.123577e-02,2.345333e-02,4.830448e-01,2.305871e-03,5.469194e-03
2.095894e-01,6.900107e-03,1.000352e-02,4.665472e-02,4.739719e-02,8.740677e-03,6.320133e-03,5.525725e-02,3.358421e-02,2.657934e-03,4.172700e-02,2.178185e-02,5.021356e-01,2.686310e-03,4.563993e-03
1.936443e-01,7.536982e-03,8.278520e-03,3.403103e-02,4.414165e-02,1.227938e-02,6.413797e-03,4.065836e-02,3.779864e-02,3.277783e-03,3.657551e-02,6.021193e-02,5.060059e-01,3.625181e-03,5.520886e-03
1.794099e-01,8.097662e-03,6.907738e-03,2.462371e-02,5.117257e-02,1.158414e-02,5.213523e-03,2.979246e-02,4.495378e-02,3.881426e-03,3.209589e-02,9.543099e-02,4.983570e-01,3.348330e-03,5.130804e-03
2.203344e-01,7.968271e-03,5.280925e-03,1.773224e-02,4.602287e-02,1.013652e-02,4.146717e-03,2.168046e-02,3.850118e-02,5.030706e-03,2.541663e-02,1.924008e-01,3.976640e-01,3.342181e-03,4.342169e-03
3.079233e-01,9.090105e-03,4.332072e-03,1.307925e-02,4.514696e-02,1.080874e-02,3.457397e-03,1.665980e-02,3.675598e-02,8.688280e-03,1.996868e-02,2.205102e-01,2.962082e-01,3.513567e-03,3.857462e-03
3.953416e-01,9.932903e-03,5.822046e-03,1.036267e-02,4.172553e-02,1.379140e-02,3.135884e-03,1.552986e-02,3.480742e-02,1.003563e-02,1.582770e-02,2.148312e-01,2.220117e-01,3.552354e-03,3.292064e-03
3.894028e-01,1.102393e-02,6.194360e-03,8.590544e-03,4.122986e-02,1.402145e-02,2.846335e-03,2.024588e-02,4.267863e-02,1.329226e-02,1.334063e-02,2.670234e-01,1.638535e-01,3.447788e-03,2.808686e-03
4.145102e-01,1.415345e-02,6.418779e-03,9.587377e-03,5.383124e-02,1.463257e-02,3.030045e-03,2.391084e-02,6.211584e-02,1.252824e-02,1.152561e-02,2.415733e-01,1.261086e-01,3.080376e-03,2.993554e-03
