1.000000e+00,0.000000e+00,0.000000e+00,0.000000e+00,0.000000e+00,0.000000e+00,0.000000e+00,0.000000e+00,0.000000e+00,0.000000e+00,0.000000e+00,0.000000e+00,0.000000e+00,0.000000e+00,0.000000e+00
1.000000e+00,0.000000e+00,0.000000e+00,0.000000e+00,0.000000e+00,0.000000e+00,0.000000e+00,0.000000e+00,0.000000e+00,0.000000e+00,0.000000e+00,0.000000e+00,0.000000e+00,0.000000e+00,0.000000e+00
1.000000e+00,0.000000e+00,0.000000e+00,0.000000e+00,0.000000e+00,0.000000e+00,0.000000e+00,0.000000e+00,0.000000e+00,0.000000e+00,0.000000e+00,0.000000e+00,0.000000e+00,0.000000e+00,0.000000e+00
1.000000e+00,0.000000e+00,0.000000e+00,0.000000e+00,0.000000e+00,0.000000e+00,0.000000e+00,0.000000e+00,0.000000e+00,0.000000e+00,0.000000e+00,0.000000e+00,0.000000e+00,0.000000e+00,0.000000e+00
1.000000e+00,0.000000e+00,0.000000e+00,0.000000e+00,0.000000e+00,0.000000e+00,0.000000e+00,0.000000e+00,0.000000e+00,0.000000e+00,0.000000e+00,0.000000e+00,0.000000e+00,0.000000e+00,0.000000e+00
1.000000e+00,0.000000e+00,0.000000e+00,0.000000e+00,0.000000e+00,0.000000e+00,0.000000e+00,0.000000e+00,0.000000e+00,0.000000e+00,0.000000e+00,0.000000e+00,0.000000e+00,0.000000e+00,0.000000e+00
1.000000e+00,0.000000e+00,0.000000e+00,0.000000e+00,0.000000e+00,0.000000e+00,0.000000e+00,0.000000e+00,0.000000e+00,0.000000e+00,0.000000e+00,0.000000e+00,0.000000e+00,0.000000e+00,0.000000e+00
1.000000e+00,0.000000e+00,0.000000e+00,0.000000e+00,0.000000e+00,0.000000e+00,0.000000e+00,0.000000e+00,0.000000e+00,0.000000e+00,0.000000e+00,0.000000e+00,0.000000e+00,0.000000e+00,0.000000e+00
1.000000e+00,0.000000e+00,0.000000e+00,0.000000e+00,0.000000e+00,0.000000e+00,0.000000e+00,0.000000e+00,0.000000e+00,0.000000e+00,0.000000e+00,0.000000e+00,0.000000e+00,0.000000e+00,0.000000e+00
1.000000e+00,0.000000e+00,0.000000e+00,0.000000e+00,0.000000e+00,0.000000e+00,0.000000e+00,0.000000e+00,0.000000e+00,0.000000e+00,0.000000e+00,0.000000e+00,0.000000e+00,0.000000e+00,0.000000e+00
1.000000e+00,0.000000e+00,0.000000e+00,0.000000e+00,0.000000e+00,0.000000e+00,0.000000e+00,0.000000e+00,0.000000e+00,0.000000e+00,0.000000e+00,0.000000e+00,0.000000e+00,0.000000e+00,0.000000e+00
1.000000e+00,0.000000e+00,0.000000e+00,0.000000e+00,0.000000e+00,0.000000e+00,0.000000e+00,0.000000e+00,0.000000e+00,0.000000e+00,0.000000e+00,0.000000e+00,0.000000e+00,0.000000e+00,0.000000e+00
1.000000e+00,0.000000e+00,0.000000e+00,0.000000e+00,0.000000e+00,0.000000e+00,0.000000e+00,0.000000e+00,0.000000e+00,0.000000e+00,0.000000e+00,0.000000e+00,0.000000e+00,0.000000e+00,0.000000e+00
1.000000e+00,0.000000e+00,0.000000e+00,0.000000e+00,0.000000e+00,0.000000e+00,0.000000e+00,0.000000e+00,0.000000e+00,0.000000e+00,0.000000e+00,0.000000e+00,0.000000e+00,0.000000e+00,0.000000e+00
1.000000e+00,0.000000e+00,0.000000e+00,0.000000e+00,0.000000e+00,0.000000e+00,0.000000e+00,0.000000e+00,0.000000e+00,0.000000e+00,0.000000e+00,0.000000e+00,0.000000e+00,0.000000e+00,0.000000e+00
1.000000e+00,0.000000e+00,0.000000e+00,0.000000e+00,0.000000e+00,0.000000e+00,0.000000e+00,0.000000e+00,0.000000e+00,0.000000e+00,0.000000e+00,0.000000e+00,0.000000e+00,0.000000e+00,0.000000e+00
1.000000e+00,0.000000e+00,0.000000e+00,0.000000e+00,0.000000e+00,0.000000e+00,0.000000e+00,0.000000e+00,0.000000e+00,0.000000e+00,0.000000e+00,0.000000e+00,0.000000e+00,0.000000e+00,0.000000e+00
1.000000e+00,0.000000e+00,0.000000e+00,0.000000e+00,0.000000e+00,0.000000e+00,0.000000e+00,0.000000e+00,0.000000e+00,0.000000e+00,0.000000e+00,0.000000e+00,0.000000e+00,0.000000e+00,0.000000e+00
1.000000e+00,0.000000e+00,0.000000e+00,0.000000e+00,0.000000e+00,0.000000e+00,0.000000e+00,0.000000e+00,0.000000e+00,0.000000e+00,0.000000e+00,0.000000e+00,0.000000e+00,0.000000e+00,0.000000e+00
1.000000e+00,0.000000e+00,0.000000e+00,0.000000e+00,0.000000e+00,0.000000e+00,0.000000e+00,0.000000e+00,0.000000e+00,0.000000e+00,0.000000e+00,0.000000e+00,0.000000e+00,0.000000e+00,0.000000e+00
1.000000e+00,0.000000e+00,0.000000e+00,0.000000e+00,0.000000e+00,0.000000e+00,0.000000e+00,0.000000e+00,0.000000e+00,0.000000e+00,0.000000e+00,0.000000e+00,0.000000e+00,0.000000e+00,0.000000e+00
1.000000e+00,0.000000e+00,0.000000e+00,0.000000e+00,0.000000e+00,0.000000e+00,0.000000e+00,0.000000e+00,0.000000e+00,0.000000e+00,0.000000e+00,0.000000e+00,0.000000e+00,0.000000e+00,0.000000e+00
1.000000e+00,0.000000e+00,0.000000e+00,0.000000e+00,0.000000e+00,0.000000e+00,0.000000e+00,0.000000e+00,0.000000e+00,0.000000e+00,0.000000e+00,0.000000e+00,0.000000e+00,0.000000e+00,0.000000e+00
1.000000e+00,0.000000e+00,0.000000e+00,0.000000e+00,0.000000e+00,0.000000e+00,0.000000e+00,0.000000e+00,0.000000e+00,0.000000e+00,0.000000e+00,0.000000e+00,0.000000e+00,0.000000e+00,0.000000e+00
1.000000e+00,0.000000e+00,0.000000e+00,0.000000e+00,0.000000e+00,0.000000e+00,0.000000e+00,0.000000e+00,0.000000e+00,0.000000e+00,0.000000e+00,0.000000e+00,0.000000e+00,0.000000e+00,0.000000e+00
1.000000e+00,0.000000e+00,0.000000e+00,0.000000e+00,0.000000e+00,0.000000e+00,0.000000e+00,0.000000e+00,0.000000e+00,0.000000e+00,0.000000e+00,0.000000e+00,0.000000e+00,0.000000e+00,0.000000e+00
1.000000e+00,0.000000e+00,0.000000e+00,0.000000e+00,0.000000e+00,0.000000e+00,0.000000e+00,0.000000e+00,0.000000e+00,0.000000e+00,0.000000e+00,0.000000e+00,0.000000e+00,0.000000e+00,0.000000e+00
1.000000e+00,0.000000e+00,0.000000e+00,0.000000e+00,0.000000e+00,0.000000e+00,0.000000e+00,0.000000e+00,0.000000e+00,0.000000e+00,0.000000e+00,0.000000e+00,0.000000e+00,0.000000e+00,0.000000e+00
1.000000e+00,0.000000e+00,0.000000e+00,0.000000e+00,0.000000e+00,0.000000e+00,0.000000e+00,0.000000e+00,0.000000e+00,0.000000e+00,0.000000e+00,0.000000e+00,0.000000e+00,0.000000e+00,0.000000e+00
1.000000e+00,0.000000e+00,0.000000e+00,0.000000e+00,0.000000e+00,0.000000e+00,0.000000e+00,0.000000e+00,0.000000e+00,0.000000e+00,0.000000e+00,0.000000e+00,0.000000e+00,0.000000e+00,0.000000e+00
1.000000e+00,0.000000e+00,0.000000e+00,0.000000e+00,0.000000e+00,0.000000e+00,0.000000e+00,0.000000e+00,0.000000e+00,0.000000e+00,0.000000e+00,0.000000e+00,0.000000e+00,0.000000e+00,0.000000e+00
1.000000e+00,0.000000e+00,0.000000e+00,0.000000e+00,0.000000e+00,0.000000e+00,0.000000e+00,0.000000e+00,0.000000e+00,0.000000e+00,0.000000e+00,0.000000e+00,0.000000e+00,0.000000e+00,0.000000e+00
1.000000e+00,0.000000e+00,0.000000e+00,0.000000e+00,0.000000e+00,0.000000e+00,0.000000e+00,0.000000e+00,0.000000e+00,0.000000e+00,0.000000e+00,0.000000e+00,0.000000e+00,0.000000e+00,0.000000e+00
1.000000e+00,0.000000e+00,0.000000e+00,0.000000e+00,0.000000e+00,0.000000e+00,0.000000e+00,0.000000e+00,0.000000e+00,0.000000e+00,0.000000e+00,0.000000e+00,0.000000e+00,0.000000e+00,0.000000e+00
1.000000e+00,0.000000e+00,0.000000e+00,0.000000e+00,0.000000e+00,0.000000e+00,0.000000e+00,0.000000e+00,0.000000e+00,0.000000e+00,0.000000e+00,0.000000e+00,0.000000e+00,0.000000e+00,0.000000e+00
1.000000e+00,0.000000e+00,0.000000e+00,0.000000e+00,0.000000e+00,0.000000e+00,0.000000e+00,0.000000e+00,0.000000e+00,0.000000e+00,0.000000e+00,0.000000e+00,0.000000e+00,0.000000e+00,0.000000e+00
1.000000e+00,0.000000e+00,0.000000e+00,0.000000e+00,0.000000e+00,0.000000e+00,0.000000e+00,0.000000e+00,0.000000e+00,0.000000e+00,0.000000e+00,0.000000e+00,0.000000e+00,0.000000e+00,0.000000e+00
1.000000e+00,0.000000e+00,0.000000e+00,0.000000e+00,0.000000e+00,0.000000e+00,0.000000e+00,0.000000e+00,0.000000e+00,0.000000e+00,0.000000e+00,0.000000e+00,0.000000e+00,0.000000e+00,0.000000e+00
1.000000e+00,0.000000e+00,0.000000e+00,0.000000e+00,0.000000e+00,0.000000e+00,0.000000e+00,0.000000e+00,0.000000e+00,0.000000e+00,0.000000e+00,0.000000e+00,0.000000e+00,0.000000e+00,0.000000e+00
1.000000e+00,0.000000e+00,0.000000e+00,0.000000e+00,0.000000e+00,0.000000e+00,0.000000e+00,0.000000e+00,0.000000e+00,0.000000e+00,0.000000e+00,0.000000e+00,0.000000e+00,0.000000e+00,0.000000e+00
1.000000e+00,0.000000e+00,0.000000e+00,0.000000e+00,0.000000e+00,0.000000e+00,0.000000e+00,0.000000e+00,0.000000e+00,0.000000e+00,0.000000e+00,0.000000e+00,0.000000e+00,0.000000e+00,0.000000e+00
1.000000e+00,0.000000e+00,0.000000e+00,0.000000e+00,0.000000e+00,0.000000e+00,0.000000e+00,0.000000e+00,0.000000e+00,0.000000e+00,0.000000e+00,0.000000e+00,0.000000e+00,0.000000e+00,0.000000e+00
1.000000e+00,0.000000e+00,0.000000e+00,0.000000e+00,0.000000e+00,0.000000e+00,0.000000e+00,0.000000e+00,0.000000e+00,0.000000e+00,0.000000e+00,0.000000e+00,0.000000e+00,0.000000e+00,0.000000e+00
1.000000e+00,0.000000e+00,0.000000e+00,0.000000e+00,0.000000e+00,0.000000e+00,0.000000e+00,0.000000e+00,0.000000e+00,0.000000e+00,0.000000e+00,0.000000e+00,0.000000e+00,0.000000e+00,0.000000e+00
1.000000e+00,0.000000e+00,0.000000e+00,0.000000e+00,0.000000e+00,0.000000e+00,0.000000e+00,0.000000e+00,0.000000e+00,0.000000e+00,0.000000e+00,0.000000e+00,0.000000e+00,0.000000e+00,0.000000e+00
1.000000e+00,0.000000e+00,0.000000e+00,0.000000e+00,0.000000e+00,0.000000e+00,0.000000e+00,0.000000e+00,0.000000e+00,0.000000e+00,0.000000e+00,0.000000e+00,0.000000e+00,0.000000e+00,0.000000e+00
1.000000e+00,0.000000e+00,0.000000e+00,0.000000e+00,0.000000e+00,0.000000e+00,0.000000e+00,0.000000e+00,0.000000e+00,0.000000e+00,0.000000e+00,0.000000e+00,0.000000e+00,0.000000e+00,0.000000e+00
1.000000e+00,0.000000e+00,0.000000e+00,0.000000e+00,0.000000e+00,0.000000e+00,0.000000e+00,0.000000e+00,0.000000e+00,0.000000e+00,0.000000e+00,0.000000e+00,0.000000e+00,0.000000e+00,0.000000e+00
4.736614e-01,1.602616e-02,6.255262e-03,3.142470e-02,1.131205e-02,1.482031e-01,5.222579e-02,1.565387e-02,1.127423e-02,1.618157e-03,5.391038e-03,1.090311e-01,1.068909e-01,9.897838e-04,1.004250e-02
3.478170e-01,1.593322e-02,7.139296e-03,3.273099e-02,1.082162e-02,2.329039e-01,4.038309e-02,1.284509e-02,1.382768e-02,1.804330e-03,6.401522e-03,1.335698e-01,1.329618e-01,8.926123e-04,9.967980e-03
3.097641e-01,2.916481e-02,7.915759e-03,6.153291e-02,1.860904e-02,1.886150e-01,3.390551e-02,1.256265e-02,2.155904e-02,2.360496e-03,8.821517e-03,1.552886e-01,1.333733e-01,1.349748e-03,1.517747e-02
2.697718e-01,3.480074e-02,9.914903e-03,8.767197e-02,2.743038e-02,1.531897e-01,2.950112e-02,1.530781e-02,2.641282e-02,2.708001e-03,1.106923e-02,1.756316e-01,1.372856e-01,1.730507e-03,1.757388e-02
2.428816e-01,3.808155e-02,9.937463e-03,1.001378e-01,3.013882e-02,1.269215e-01,2.401256e-02,1.403668e-02,2.729764e-02,3.129006e-03,1.153332e-02,1.850312e-01,1.634574e-01,2.451184e-03,2.095240e-02
2.315991e-01,4.663044e-02,1.043365e-02,1.136477e-01,3.261693e-02,1.046832e-01,2.091708e-02,1.311731e-02,2.677331e-02,3.459522e-03,1.203609e-02,1.811043e-01,1.733626e-01,2.927193e-03,2.669165e-02
2.755828e-01,4.666308e-02,1.000988e-02,1.068836e-01,2.985955e-02,8.808521e-02,1.757471e-02,1.144840e-02,2.420172e-02,3.703760e-03,1.154545e-02,1.660036e-01,1.754842e-01,3.059685e-03,2.989442e-02
3.864623e-01,4.116532e-02,8.877269e-03,8.983199e-02,2.414564e-02,7.250714e-02,1.506800e-02,1.060946e-02,2.053454e-02,3.617410e-03,1.083190e-02,1.367547e-01,1.468214e-01,3.366230e-03,2.940674e-02
4.851192e-01,3.638187e-02,7.946351e-03,7.552648e-02,1.961596e-02,6.006004e-02,1.265152e-02,9.741776e-03,1.735043e-02,3.536927e-03,1.043959e-02,1.102029e-01,1.192259e-01,3.482566e-03,2.871855e-02
1.000000e+00,0.000000e+00,0.000000e+00,0.000000e+00,0.000000e+00,0.000000e+00,0.000000e+00,0.000000e+00,0.000000e+00,0.000000e+00,0.000000e+00,0.000000e+00,0.000000e+00,0.000000e+00,0.000000e+00
4.477887e-01,2.714969e-02,4.411113e-02,1.135010e-01,1.374087e-02,4.018274e-02,8.773995e-03,8.515299e-02,1.344479e-02,3.847966e-03,1.125202e-02,7.607633e-02,8.052050e-02,4.234985e-03,3.022223e-02
3.369292e-01,2.027986e-02,5.695485e-02,8.975936e-02,1.044693e-02,3.421500e-02,7.179226e-03,2.671616e-01,1.031084e-02,3.021695e-03,9.441112e-03,6.074803e-02,6.447689e-02,3.589679e-03,2.548566e-02
3.268552e-01,1.659208e-02,4.696671e-02,6.675394e-02,8.540626e-03,2.836157e-02,7.088025e-03,3.644257e-01,7.686917e-03,2.489117e-03,7.450025e-03,4.560661e-02,4.876098e-02,2.960928e-03,1.946161e-02
2.609224e-01,1.215597e-02,3.731865e-02,4.822036e-02,6.434169e-03,2.268302e-02,6.578549e-03,5.080297e-01,5.486466e-03,1.840310e-03,5.477840e-03,3.297287e-02,3.530648e-02,2.279188e-03,1.429397e-02
1.919000e-01,8.673046e-03,2.875343e-02,3.449080e-02,4.708311e-03,1.767728e-02,6.082696e-03,6.379474e-01,3.865697e-03,1.315326e-03,3.940653e-03,2.352330e-02,2.522367e-02,1.717733e-03,1.018053e-02
1.386383e-01,6.237500e-03,2.116440e-02,2.489645e-02,3.504742e-03,1.404645e-02,5.575697e-03,7.350731e-01,2.733298e-03,9.730281e-04,2.907354e-03,1.731306e-02,1.829275e-02,1.415516e-03,7.228322e-03
9.768333e-02,4.443374e-03,1.510592e-02,1.768115e-02,2.810863e-03,1.024497e-02,4.452717e-03,7.411479e-01,1.953865e-03,1.052077e-03,1.193959e-02,4.422883e-02,3.375160e-02,8.327910e-03,5.175883e-03
6.849813e-02,3.119686e-03,1.060894e-02,1.258989e-02,2.104898e-03,7.273865e-03,3.254755e-03,5.405742e-01,1.416332e-03,1.439864e-03,1.454727e-02,1.835307e-01,1.353743e-01,1.147684e-02,4.190291e-03
4.802986e-02,2.194935e-03,7.453481e-03,8.965607e-03,1.672656e-03,5.154838e-03,2.391720e-03,3.854909e-01,1.114750e-03,2.177674e-03,1.491766e-02,3.921573e-01,1.072424e-01,1.798305e-02,3.053166e-03
3.385803e-02,1.555693e-03,5.295216e-03,6.404293e-03,1.742989e-03,4.106286e-03,1.923317e-03,2.733698e-01,1.201424e-03,2.341296e-03,2.893670e-02,5.345733e-01,7.878037e-02,2.366518e-02,2.246126e-03
2.384676e-02,1.108829e-03,3.751517e-03,4.619543e-03,1.468753e-03,3.046026e-03,1.411271e-03,1.924384e-01,1.041049e-03,3.659053e-03,3.319088e-02,6.081731e-01,5.848519e-02,6.209895e-02,1.660659e-03
1.702405e-02,8.219563e-04,2.742704e-03,3.763300e-03,6.866071e-03,2.310429e-03,1.027340e-03,1.349520e-01,1.725695e-03,4.619438e-03,3.151033e-02,6.675862e-01,4.247529e-02,8.123703e-02,1.338187e-03
2.184749e-02,8.643727e-04,2.357144e-03,3.905100e-03,7.390753e-03,4.865807e-03,1.253772e-03,9.577148e-02,6.481410e-03,5.937532e-03,5.081981e-02,6.499131e-01,3.242423e-02,1.147323e-01,1.435645e-03
3.599795e-02,1.581768e-03,3.434355e-03,5.828831e-03,1.058436e-02,9.577833e-03,1.812389e-03,6.933789e-02,1.694606e-02,8.590417e-03,7.409648e-02,5.733308e-01,2.682293e-02,1.601225e-01,1.935482e-03
7.485492e-02,2.982765e-03,6.483089e-03,7.711193e-03,1.259077e-02,1.082145e-02,2.869943e-03,5.283570e-02,2.432062e-02,1.474839e-02,9.011118e-02,4.677836e-01,2.294249e-02,2.062864e-01,2.657500e-03
9.611148e-02,4.532134e-03,1.123531e-02,8.751124e-03,1.265136e-02,2.891774e-02,3.206702e-03,4.257777e-02,2.743566e-02,1.786287e-02,9.950543e-02,4.225983e-01,2.200498e-02,1.995148e-01,3.094401e-03
1.864980e-01,5.048223e-03,1.025924e-02,9.360811e-03,1.154403e-02,4.042473e-02,2.910698e-03,3.185753e-02,2.437675e-02,1.667199e-02,9.010192e-02,3.347472e-01,2.041895e-02,2.099696e-01,5.810330e-03
2.014653e-01,1.399650e-02,1.077796e-02,7.670286e-03,9.151671e-03,3.339492e-02,2.530845e-03,2.341629e-02,3.062938e-02,1.301991e-02,9.194849e-02,2.494983e-01,1.512567e-02,2.903923e-01,6.982122e-03
2.442821e-01,1.699601e-02,6.139776e-02,1.527151e-02,8.018225e-03,3.991005e-02,4.730074e-03,3.694011e-02,4.320201e-02,1.028396e-02,7.692822e-02,1.930510e-01,1.164526e-02,2.300586e-01,7.285114e-03
2.346279e-01,2.143996e-02,1.153955e-01,7.398435e-02,6.733346e-03,7.111643e-02,5.416221e-03,2.738528e-02,3.875291e-02,8.414553e-03,5.965462e-02,1.372253e-01,9.424223e-03,1.748411e-01,1.558821e-02
3.337346e-01,2.108839e-02,9.058094e-02,7.219408e-02,6.710130e-03,6.851372e-02,4.692420e-03,2.015675e-02,3.661761e-02,7.764108e-03,5.351175e-02,1.061477e-01,9.432609e-03,1.491130e-01,1.974221e-02
3.468636e-01,2.117839e-02,6.548490e-02,5.354711e-02,8.750578e-03,5.195602e-02,3.617840e-03,1.547679e-02,8.195837e-02,1.049019e-02,6.409668e-02,8.844295e-02,1.674416e-02,1.277728e-01,4.361968e-02
2.929529e-01,2.829769e-02,4.665790e-02,4.980493e-02,1.391515e-02,4.168559e-02,2.793955e-03,1.209036e-02,1.918181e-01,1.090082e-02,5.803906e-02,6.891447e-02,1.594606e-02,1.108190e-01,5.536393e-02
2.273296e-01,3.533135e-02,3.381006e-02,5.269513e-02,2.407404e-02,3.426408e-02,2.183276e-03,1.007900e-02,2.741325e-01,1.240272e-02,4.917466e-02,5.162092e-02,1.452758e-02,8.545158e-02,9.292352e-02
1.676683e-01,5.951283e-02,2.550500e-02,5.877170e-02,4.056715e-02,3.659046e-02,1.882872e-03,9.173426e-03,3.352133e-01,1.169115e-02,3.758685e-02,3.744064e-02,1.125254e-02,6.706814e-02,1.000756e-01
1.256211e-01,6.360028e-02,2.495716e-02,1.271636e-01,4.663839e-02,3.122688e-02,1.772218e-03,1.436319e-02,3.373634e-01,1.460165e-02,3.149704e-02,2.744726e-02,1.036423e-02,4.911608e-02,9.426749e-02
1.256875e-01,5.949394e-02,4.005400e-02,1.377079e-01,6.860670e-02,3.131931e-02,2.425352e-03,2.411183e-02,3.211054e-01,1.490357e-02,2.451813e-02,2.007150e-02,8.318236e-03,3.883324e-02,8.284336e-02
1.188016e-01,5.531863e-02,3.449924e-02,1.507718e-01,9.397419e-02,3.353016e-02,3.191979e-03,4.095128e-02,3.231592e-01,1.172783e-02,1.859196e-02,1.436967e-02,6.224203e-03,2.962385e-02,6.526434e-02
1.211838e-01,6.497082e-02,2.776718e-02,1.188350e-01,9.946950e-02,3.961812e-02,2.929391e-03,4.035258e-02,3.591566e-01,9.833714e-03,1.465641e-02,1.088545e-02,5.037780e-03,2.554004e-02,5.976351e-02
1.101243e-01,1.013370e-01,2.399769e-02,1.128566e-01,9.799669e-02,4.506768e-02,2.933884e-03,4.769061e-02,3.501551e-01,8.284757e-03,1.076877e-02,8.025933e-03,4.331251e-03,1.894332e-02,5.748633e-02
1.022822e-01,1.866401e-01,2.021236e-02,9.761566e-02,8.690840e-02,4.652919e-02,2.416446e-03,4.580746e-02,3.223462e-01,6.635196e-03,8.192146e-03,6.186571e-03,3.617015e-03,1.496121e-02,4.964988e-02
9.299050e-02,2.030172e-01,2.476402e-02,1.221212e-01,7.826427e-02,3.572628e-02,1.965648e-03,7.901461e-02,2.843747e-01,5.635297e-03,6.602448e-03,4.780148e-03,3.020087e-03,1.073339e-02,4.699019e-02
8.053860e-02,1.699048e-01,9.035221e-02,2.006647e-01,6.729750e-02,2.987930e-02,1.655486e-03,8.349200e-02,2.172916e-01,4.284919e-03,5.112387e-03,3.521595e-03,2.388283e-03,7.584158e-03,3.603248e-02
7.839575e-02,1.368337e-01,8.300941e-02,1.550120e-01,5.837648e-02,2.792761e-02,1.738887e-03,2.459151e-01,1.692899e-01,3.117467e-03,4.684332e-03,2.623030e-03,2.034919e-03,5.354516e-03,2.568693e-02
5.976644e-02,9.670842e-02,7.797139e-02,1.159851e-01,4.348373e-02,2.239862e-02,1.610577e-03,4.296762e-01,1.207178e-01,2.232545e-03,3.928786e-03,1.881831e-03,1.545956e-03,3.764605e-03,1.832806e-02
4.717827e-02,6.832084e-02,7.900139e-02,1.009122e-01,3.299756e-02,1.698147e-02,1.342134e-03,5.427496e-01,8.539679e-02,1.876563e-03,3.939472e-03,1.566892e-03,1.277758e-03,2.697739e-03,1.376138e-02
3.779588e-02,4.853310e-02,6.257074e-02,1.659159e-01,2.371495e-02,1.377013e-02,9.718314e-04,5.096095e-01,6.308615e-02,6.272913e-03,4.015085e-02,6.528327e-03,3.993951e-03,3.528555e-03,1.355720e-02
2.745846e-02,3.411139e-02,4.468983e-02,1.324967e-01,1.671595e-02,1.007905e-02,6.880974e-04,3.884156e-01,4.674846e-02,5.422132e-03,2.459241e-01,1.557596e-02,1.651739e-02,5.210760e-03,9.946049e-03
2.250954e-02,2.481437e-02,3.204177e-02,1.089409e-01,1.192429e-02,7.723168e-03,5.058192e-04,2.983643e-01,5.201631e-02,7.148058e-03,3.689676e-01,2.060753e-02,2.570969e-02,8.707865e-03,1.001875e-02
1.791680e-02,1.792234e-02,2.684533e-02,1.953267e-01,8.859129e-03,6.028661e-03,3.835023e-04,2.160732e-01,1.155941e-01,6.778403e-03,3.187519e-01,1.924969e-02,3.082069e-02,9.056741e-03,1.039272e-02
1.567745e-02,1.327289e-02,1.981612e-02,1.709182e-01,6.631183e-03,6.363522e-03,3.426420e-04,1.529538e-01,1.532395e-01,6.306915e-03,3.679774e-01,2.203765e-02,4.191246e-02,1.069236e-02,1.185800e-02
1.317424e-02,9.989166e-03,1.441684e-02,1.429762e-01,4.917140e-03,6.234464e-03,3.464281e-04,1.075503e-01,2.110419e-01,5.286420e-03,3.668713e-01,2.976071e-02,6.479500e-02,1.077111e-02,1.186888e-02
1.148209e-02,7.442087e-03,1.081938e-02,1.105492e-01,4.224985e-03,5.072091e-03,3.642136e-04,7.603936e-02,2.007869e-01,5.150867e-03,2.867763e-01,6.061789e-02,1.946542e-01,1.024131e-02,1.577916e-02
1.033318e-02,6.140398e-03,8.412625e-03,8.039457e-02,1.847494e-02,4.167501e-03,4.787119e-04,5.426596e-02,1.613092e-01,4.249999e-03,2.489806e-01,6.579391e-02,3.064788e-01,9.317008e-03,2.120261e-02
9.672506e-03,5.037707e-03,7.794817e-03,6.051628e-02,6.563637e-02,3.407254e-03,1.228880e-03,4.190464e-02,1.443772e-01,4.932772e-03,1.868470e-01,6.974392e-02,3.525848e-01,1.128858e-02,3.502735e-02
8.348100e-03,4.812263e-03,1.046821e-02,4.563034e-02,7.038228e-02,3.162654e-03,1.687541e-03,3.311819e-02,1.177159e-01,5.442987e-03,1.419128e-01,7.234162e-02,4.146365e-01,1.516223e-02,5.517835e-02
1.403521e-02,5.436461e-03,1.372881e-02,3.509840e-02,6.195122e-02,3.916573e-03,2.248018e-03,3.173722e-02,9.693369e-02,7.744020e-03,1.276557e-01,7.436564e-02,4.420005e-01,1.908018e-02,6.406833e-02
3.938905e-02,1.212244e-02,3.973486e-02,4.703249e-02,8.441938e-02,6.966974e-03,2.449770e-03,2.769085e-02,1.590838e-01,8.285418e-03,1.033299e-01,5.894284e-02,3.337390e-01,2.517261e-02,5.164058e-02
5.824453e-02,1.578071e-02,4.458350e-02,3.796957e-02,1.343399e-01,9.234834e-03,2.523794e-03,2.194348e-02,1.556441e-01,1.301832e-02,9.876020e-02,4.528587e-02,2.439080e-01,6.890585e-02,4.985738e-02
1.017685e-01,1.594174e-02,4.151253e-02,4.067998e-02,1.120531e-01,1.138715e-02,3.925025e-03,2.760860e-02,2.093759e-01,1.662332e-02,9.492655e-02,4.519875e-02,1.777474e-01,5.918778e-02,4.206380e-02
1.368314e-01,2.522884e-02,4.295192e-02,3.303578e-02,9.423040e-02,1.301393e-02,3.971405e-03,2.515186e-02,2.409456e-01,2.622811e-02,8.362574e-02,4.255867e-02,1.340941e-01,6.144819e-02,3.668411e-02
2.103481e-01,2.376110e-02,3.772609e-02,3.918584e-02,7.846501e-02,2.034344e-02,6.649630e-03,3.175118e-02,2.182454e-01,2.015323e-02,6.471912e-02,6.568919e-02,1.021047e-01,4.933435e-02,3.152369e-02
2.245210e-01,3.625147e-02,3.770373e-02,3.073938e-02,6.560218e-02,3.203502e-02,1.041821e-02,4.630817e-02,2.122423e-01,2.011656e-02,5.834397e-02,5.986990e-02,7.809027e-02,5.639203e-02,3.136577e-02
1.973742e-01,5.377713e-02,2.932186e-02,3.104305e-02,5.800349e-02,4.515032e-02,9.294494e-03,3.737704e-02,2.735408e-01,1.869154e-02,4.780195e-02,5.472882e-02,7.144329e-02,4.357382e-02,2.887822e-02
1.666558e-01,4.934710e-02,3.010250e-02,7.411823e-02,6.429925e-02,4.174834e-02,7.840153e-03,3.231640e-02,3.244249e-01,1.690400e-02,3.775872e-02,4.097387e-02,5.367102e-02,3.129904e-02,2.854071e-02
1.468864e-01,4.383537e-02,2.240577e-02,7.395567e-02,8.559781e-02,4.130932e-02,7.754188e-03,2.416370e-02,3.649681e-01,1.441956e-02,3.934179e-02,3.612731e-02,4.504025e-02,2.350110e-02,3.069365e-02
1.390677e-01,3.834813e-02,1.644222e-02,6.408810e-02,1.384897e-01,6.074575e-02,6.429539e-03,2.824394e-02,3.575901e-01,1.127672e-02,3.460102e-02,2.711616e-02,3.511819e-02,1.860371e-02,2.383894e-02
1.140932e-01,3.049624e-02,1.353485e-02,1.675819e-01,9.950832e-02,4.473363e-02,4.605392e-03,2.045979e-02,3.755919e-01,1.198901e-02,2.648684e-02,1.962336e-02,2.605889e-02,1.331335e-02,3.192338e-02
1.258572e-01,2.754045e-02,1.120790e-02,1.628147e-01,1.074346e-01,5.357056e-02,3.907163e-03,1.640847e-02,3.604975e-01,1.060484e-02,2.352524e-02,1.816484e-02,2.405055e-02,1.063735e-02,4.377867e-02
1.076531e-01,2.253930e-02,9.296302e-03,1.779403e-01,1.801252e-01,5.164861e-02,4.006081e-03,3.093964e-02,3.149333e-01,8.311718e-03,1.831705e-02,1.370057e-02,1.868764e-02,7.851750e-03,3.404945e-02
9.729793e-02,1.933865e-02,7.360102e-03,1.652673e-01,2.511838e-01,6.040231e-02,4.331952e-03,3.206068e-02,2.806869e-01,6.375466e-03,1.388685e-02,1.041850e-02,1.561603e-02,5.650415e-03,3.012319e-02
1.299329e-01,1.888920e-02,6.423598e-03,1.738794e-01,2.079550e-01,5.142923e-02,3.939689e-03,4.126383e-02,2.867305e-01,5.598045e-03,1.236189e-02,9.386335e-03,1.385964e-02,4.650804e-03,3.369997e-02
1.493673e-01,1.765248e-02,7.715592e-03,2.315736e-01,1.826398e-01,4.357798e-02,3.743015e-03,4.980402e-02,2.349680e-01,5.645454e-03,1.187421e-02,8.064266e-03,1.134571e-02,3.845971e-03,3.818257e-02
2.591227e-01,1.946366e-02,6.766840e-03,2.103099e-01,1.530821e-01,3.713593e-02,4.373637e-03,3.867414e-02,1.912892e-01,4.700810e-03,1.128149e-02,1.157419e-02,1.245252e-02,3.585390e-03,3.618762e-02
2.910601e-01,2.314211e-02,7.367656e-03,1.753735e-01,1.353336e-01,4.355173e-02,3.959463e-03,3.322683e-02,2.024998e-01,3.792661e-03,1.228560e-02,1.620767e-02,1.202027e-02,4.400047e-03,3.577909e-02
3.308213e-01,2.498417e-02,9.448282e-03,1.656805e-01,1.044263e-01,3.831969e-02,3.580339e-03,3.572968e-02,1.787508e-01,3.288337e-03,1.390042e-02,3.403261e-02,1.681996e-02,5.315125e-03,3.490248e-02
2.377522e-01,1.794663e-02,1.389346e-02,1.329988e-01,8.297759e-02,2.934993e-02,2.755600e-03,2.754082e-01,1.295103e-01,2.375901e-03,1.043169e-02,2.399566e-02,1.209807e-02,3.829625e-03,2.467632e-02
1.708037e-01,1.268351e-02,1.225420e-02,9.873414e-02,5.907754e-02,2.120958e-02,2.037573e-03,4.769418e-01,9.127573e-02,1.744228e-03,7.612121e-03,1.682624e-02,8.695970e-03,2.717159e-03,1.738656e-02
1.349846e-01,9.402203e-03,1.331536e-02,7.273499e-02,4.398924e-02,1.866939e-02,1.678181e-03,5.891724e-01,6.508199e-02,2.500331e-03,1.213125e-02,1.249860e-02,8.019189e-03,2.192833e-03,1.362944e-02
1.085185e-01,7.663231e-03,1.621928e-02,5.975965e-02,3.746815e-02,1.592698e-02,1.434896e-03,6.405061e-01,5.163074e-02,1.371281e-02,1.308525e-02,1.099572e-02,7.409935e-03,2.138135e-03,1.353071e-02
9.945614e-02,1.113666e-02,1.295050e-02,5.298046e-02,2.891775e-02,1.987185e-02,1.340200e-03,4.949224e-01,6.449003e-02,4.941828e-02,5.614328e-02,2.702668e-02,4.840556e-02,4.468248e-03,2.847195e-02
7.307614e-02,1.368439e-02,1.204872e-02,8.188047e-02,2.207248e-02,1.421164e-02,1.005643e-03,3.639922e-01,1.759246e-01,4.071883e-02,9.288898e-02,2.427793e-02,5.169337e-02,4.550641e-03,2.797404e-02
5.258371e-02,2.793227e-02,1.190330e-02,8.492198e-02,1.587711e-02,1.051797e-02,8.214359e-04,2.624708e-01,2.580538e-01,3.171438e-02,9.137349e-02,1.833156e-02,4.594066e-02,1.022760e-02,7.732991e-02
3.798645e-02,2.496359e-02,1.333528e-02,1.459590e-01,1.341174e-02,7.912383e-03,6.474087e-04,1.981924e-01,3.430223e-01,2.293511e-02,7.951197e-02,1.320016e-02,3.489023e-02,7.592134e-03,5.643969e-02
2.781975e-02,2.091460e-02,1.295058e-02,1.540142e-01,9.812978e-03,6.552405e-03,4.953727e-04,1.439773e-01,3.420452e-01,1.770661e-02,1.557924e-01,1.047435e-02,3.074756e-02,7.141351e-03,5.955536e-02
2.316560e-02,1.784234e-02,1.130590e-02,1.290901e-01,8.500860e-03,7.083772e-03,4.529186e-04,1.226710e-01,2.724157e-01,1.309678e-02,2.613091e-01,9.148707e-03,3.099410e-02,9.795439e-03,8.312760e-02
1.861199e-02,1.580682e-02,9.596685e-03,9.680068e-02,1.818920e-02,6.441068e-03,3.665325e-04,8.658025e-02,2.251505e-01,9.826861e-03,3.432201e-01,7.266487e-03,2.549855e-02,1.247941e-02,1.241649e-01
1.815882e-02,2.873198e-02,4.199320e-02,1.099377e-01,1.577749e-02,5.939301e-03,3.891869e-04,6.340255e-02,2.646130e-01,8.932495e-03,2.772116e-01,5.916045e-03,2.012726e-02,1.241226e-02,1.264571e-01
3.525871e-02,4.612302e-02,4.638634e-02,9.077308e-02,1.268797e-02,1.109366e-02,5.415921e-04,4.579071e-02,3.228196e-01,1.296175e-02,2.186959e-01,5.338901e-03,1.658979e-02,1.883034e-02,1.161086e-01
4.809988e-02,9.574857e-02,3.765382e-02,7.466314e-02,9.366765e-03,1.364663e-02,5.065431e-04,3.254683e-02,3.690309e-01,2.624165e-02,1.591606e-01,4.613215e-03,1.503632e-02,1.570172e-02,9.798345e-02
6.589701e-02,9.583029e-02,2.978972e-02,5.872647e-02,7.973382e-03,1.943851e-02,7.544714e-04,2.391628e-02,4.120889e-01,2.852160e-02,1.310659e-01,4.550678e-03,1.905452e-02,1.529126e-02,8.710106e-02
5.170573e-02,8.102560e-02,2.539501e-02,5.281181e-02,6.742113e-03,1.580725e-02,7.616066e-04,1.832067e-02,5.226430e-01,2.162616e-02,9.751581e-02,3.782065e-03,1.620886e-02,1.355103e-02,7.210332e-02
1.358913e-01,6.622008e-02,2.854197e-02,5.986413e-02,1.401701e-02,4.144843e-02,3.218433e-03,1.667861e-02,4.416009e-01,1.717332e-02,7.467581e-02,8.292290e-03,1.615846e-02,1.355669e-02,6.266265e-02
2.595479e-01,6.417053e-02,2.543869e-02,5.717491e-02,1.841081e-02,5.062747e-02,3.302162e-03,1.335343e-02,3.270126e-01,1.363360e-02,6.169884e-02,1.418213e-02,1.642160e-02,1.469630e-02,6.032903e-02
2.609835e-01,7.021070e-02,2.135162e-02,7.347766e-02,1.618472e-02,4.305623e-02,4.118101e-03,1.104051e-02,3.418957e-01,1.135083e-02,4.740815e-02,1.877904e-02,1.715221e-02,1.117566e-02,5.181529e-02
3.682130e-01,5.480999e-02,1.761060e-02,6.849805e-02,1.521481e-02,4.766668e-02,4.388768e-03,9.786962e-03,2.598812e-01,9.388395e-03,3.841035e-02,2.675993e-02,2.395873e-02,9.959930e-03,4.545266e-02
4.714436e-01,4.481450e-02,1.571881e-02,5.907856e-02,1.476926e-02,4.540219e-02,4.058998e-03,9.444614e-03,1.879051e-01,7.919686e-03,3.265346e-02,3.110591e-02,2.430960e-02,1.052943e-02,4.084631e-02
1.000000e+00,0.000000e+00,0.000000e+00,0.000000e+00,0.000000e+00,0.000000e+00,0.000000e+00,0.000000e+00,0.000000e+00,0.000000e+00,0.000000e+00,0.000000e+00,0.000000e+00,0.000000e+00,0.000000e+00
1.000000e+00,0.000000e+00,0.000000e+00,0.000000e+00,0.000000e+00,0.000000e+00,0.000000e+00,0.000000e+00,0.000000e+00,0.000000e+00,0.000000e+00,0.000000e+00,0.000000e+00,0.000000e+00,0.000000e+00
1.000000e+00,0.000000e+00,0.000000e+00,0.000000e+00,0.000000e+00,0.000000e+00,0.000000e+00,0.000000e+00,0.000000e+00,0.000000e+00,0.000000e+00,0.000000e+00,0.000000e+00,0.000000e+00,0.000000e+00
1.000000e+00,0.000000e+00,0.000000e+00,0.000000e+00,0.000000e+00,0.000000e+00,0.000000e+00,0.000000e+00,0.000000e+00,0.000000e+00,0.000000e+00,0.000000e+00,0.000000e+00,0.000000e+00,0.000000e+00
3.798285e-01,3.259718e-02,1.271411e-02,9.727146e-02,1.881360e-02,4.550805e-02,4.994359e-03,5.824870e-03,2.053843e-01,5.767959e-03,1.491470e-02,6.208404e-02,4.653304e-02,5.747951e-03,6.201581e-02
2.777431e-01,5.127720e-02,2.256620e-02,1.166519e-01,1.536477e-02,3.945560e-02,3.895960e-03,4.693472e-03,2.993055e-01,8.495523e-03,1.193205e-02,4.841910e-02,3.766258e-02,4.375439e-03,5.816159e-02
2.060660e-01,6.818569e-02,2.253059e-02,1.061371e-01,1.577532e-02,5.022265e-02,3.506893e-03,3.631664e-03,3.520738e-01,1.033126e-02,9.948263e-03,3.625940e-02,3.491556e-02,3.606935e-03,7.680875e-02
1.525678e-01,8.226676e-02,3.758629e-02,1.803130e-01,1.240358e-02,4.339401e-02,2.627222e-03,3.255653e-03,3.480112e-01,9.197991e-03,7.543975e-03,2.591414e-02,2.536783e-02,2.775944e-03,6.677464e-02
1.169028e-01,1.597916e-01,3.875014e-02,1.443925e-01,1.021908e-02,3.984462e-02,2.112119e-03,2.505637e-03,3.530321e-01,1.263675e-02,6.405538e-03,1.864485e-02,2.145771e-02,2.616243e-03,7.068831e-02
1.238358e-01,2.019321e-01,3.524791e-02,1.291095e-01,1.382489e-02,4.683871e-02,2.236541e-03,2.910161e-03,3.089515e-01,1.235303e-02,7.173589e-03,1.500113e-02,2.156874e-02,2.997608e-03,7.601880e-02
1.351814e-01,2.130400e-01,3.840090e-02,1.726794e-01,1.025313e-02,3.464027e-02,1.683719e-03,2.580320e-03,2.656439e-01,1.259488e-02,6.920875e-03,1.177911e-02,1.693332e-02,2.750556e-03,7.491833e-02
1.542465e-01,1.698608e-01,8.974244e-02,1.833067e-01,1.121818e-02,2.991985e-02,1.568914e-03,3.601080e-03,2.256472e-01,1.502162e-02,7.916951e-03,1.016987e-02,1.617004e-02,3.792254e-03,7.781756e-02
1.901158e-01,1.354804e-01,1.248337e-01,1.803364e-01,9.013915e-03,2.518199e-02,1.446188e-03,3.613645e-03,2.087177e-01,1.711603e-02,8.240581e-03,9.981615e-03,1.531342e-02,3.694473e-03,6.691398e-02
3.104409e-01,1.090826e-01,9.831950e-02,1.543647e-01,9.934402e-03,2.222207e-02,1.924697e-03,3.332053e-03,1.712886e-01,1.523732e-02,1.000260e-02,1.054312e-02,2.270494e-02,3.773227e-03,5.682919e-02
2.764492e-01,9.265594e-02,1.544850e-01,1.774574e-01,8.125554e-03,1.728475e-02,1.485663e-03,3.032732e-03,1.566130e-01,1.760031e-02,1.009083e-02,1.029333e-02,2.118455e-02,4.139971e-03,4.910173e-02
3.244864e-01,7.798485e-02,1.467032e-01,1.543888e-01,9.636485e-03,1.532421e-02,1.925553e-03,5.280605e-03,1.432179e-01,1.755104e-02,1.041364e-02,1.038517e-02,3.010576e-02,6.166270e-03,4.643008e-02
3.937449e-01,7.006821e-02,1.158868e-01,1.234236e-01,1.116899e-02,1.594989e-02,2.282645e-03,7.153885e-03,1.271246e-01,1.569190e-02,1.073430e-02,9.703875e-03,4.335389e-02,6.684004e-03,4.702848e-02
4.627584e-01,5.585593e-02,8.486458e-02,9.651131e-02,1.685368e-02,1.842630e-02,3.273416e-03,8.588361e-03,1.102629e-01,1.410925e-02,1.313397e-02,1.175608e-02,5.098779e-02,8.030485e-03,4.458752e-02
4.484209e-01,4.864871e-02,6.076358e-02,7.278841e-02,3.646408e-02,2.041380e-02,4.359350e-03,8.377589e-03,9.912845e-02,1.137022e-02,1.186886e-02,1.315337e-02,1.146256e-01,8.152568e-03,4.146451e-02
4.591840e-01,3.985269e-02,5.863702e-02,6.409524e-02,3.258769e-02,1.847042e-02,5.492208e-03,1.832437e-02,1.064607e-01,1.059481e-02,1.303378e-02,1.476026e-02,1.010337e-01,8.929606e-03,4.854352e-02
4.697339e-01,3.487026e-02,5.576524e-02,5.260387e-02,3.000034e-02,1.661034e-02,4.911811e-03,2.428760e-02,1.100633e-01,8.346340e-03,1.576675e-02,2.010671e-02,1.071772e-01,8.882388e-03,4.087399e-02
4.669186e-01,3.907946e-02,4.643048e-02,4.270858e-02,3.264596e-02,1.564319e-02,4.003299e-03,2.369314e-02,9.610349e-02,6.371047e-03,1.492194e-02,1.958968e-02,1.426125e-01,8.781480e-03,4.049717e-02
4.363858e-01,3.171180e-02,9.894879e-02,4.005956e-02,3.023507e-02,1.499546e-02,4.796393e-03,2.858863e-02,8.265021e-02,4.916634e-03,1.398023e-02,3.102619e-02,1.386707e-01,8.967287e-03,3.406733e-02
4.578379e-01,3.317479e-02,7.522775e-02,3.292891e-02,2.726185e-02,1.441579e-02,4.281750e-03,3.396137e-02,6.957000e-02,3.659270e-03,1.256306e-02,3.254137e-02,1.587363e-01,8.812269e-03,3.502765e-02
4.723818e-01,2.561350e-02,7.660507e-02,4.045496e-02,2.557910e-02,1.265227e-02,4.069566e-03,5.311146e-02,5.881441e-02,2.848841e-03,1.015927e-02,2.717984e-02,1.563974e-01,6.838246e-03,2.729426e-02
1.000000e+00,0.000000e+00,0.000000e+00,0.000000e+00,0.000000e+00,0.000000e+00,0.000000e+00,0.000000e+00,0.000000e+00,0.000000e+00,0.000000e+00,0.000000e+00,0.000000e+00,0.000000e+00,0.000000e+00
1.000000e+00,0.000000e+00,0.000000e+00,0.000000e+00,0.000000e+00,0.000000e+00,0.000000e+00,0.000000e+00,0.000000e+00,0.000000e+00,0.000000e+00,0.000000e+00,0.000000e+00,0.000000e+00,0.000000e+00
1.000000e+00,0.000000e+00,0.000000e+00,0.000000e+00,0.000000e+00,0.000000e+00,0.000000e+00,0.000000e+00,0.000000e+00,0.000000e+00,0.000000e+00,0.000000e+00,0.000000e+00,0.000000e+00,0.000000e+00
1.000000e+00,0.000000e+00,0.000000e+00,0.000000e+00,0.000000e+00,0.000000e+00,0.000000e+00,0.000000e+00,0.000000e+00,0.000000e+00,0.000000e+00,0.000000e+00,0.000000e+00,0.000000e+00,0.000000e+00
1.000000e+00,0.000000e+00,0.000000e+00,0.000000e+00,0.000000e+00,0.000000e+00,0.000000e+00,0.000000e+00,0.000000e+00,0.000000e+00,0.000000e+00,0.000000e+00,0.000000e+00,0.000000e+00,0.000000e+00
1.000000e+00,0.000000e+00,0.000000e+00,0.000000e+00,0.000000e+00,0.000000e+00,0.000000e+00,0.000000e+00,0.000000e+00,0.000000e+00,0.000000e+00,0.000000e+00,0.000000e+00,0.000000e+00,0.000000e+00
1.000000e+00,0.000000e+00,0.000000e+00,0.000000e+00,0.000000e+00,0.000000e+00,0.000000e+00,0.000000e+00,0.000000e+00,0.000000e+00,0.000000e+00,0.000000e+00,0.000000e+00,0.000000e+00,0.000000e+00
1.000000e+00,0.000000e+00,0.000000e+00,0.000000e+00,0.000000e+00,0.000000e+00,0.000000e+00,0.000000e+00,0.000000e+00,0.000000e+00,0.000000e+00,0.000000e+00,0.000000e+00,0.000000e+00,0.000000e+00
1.000000e+00,0.000000e+00,0.000000e+00,0.000000e+00,0.000000e+00,0.000000e+00,0.000000e+00,0.000000e+00,0.000000e+00,0.000000e+00,0.000000e+00,0.000000e+00,0.000000e+00,0.000000e+00,0.000000e+00
4.503869e-01,1.792187e-02,7.461394e-02,8.156168e-02,7.587890e-02,2.330873e-02,2.394449e-02,1.550753e-01,3.172376e-02,3.537049e-03,5.429004e-03,9.596763e-03,3.433368e-02,1.763193e-03,1.092468e-02
4.094526e-01,1.398712e-02,8.176287e-02,7.332111e-02,6.442740e-02,1.780476e-02,2.008032e-02,2.184951e-01,2.787013e-02,2.627141e-03,4.341194e-03,7.519452e-03,4.727671e-02,1.347282e-03,9.686857e-03
3.130125e-01,1.014393e-02,9.717248e-02,6.187995e-02,5.529936e-02,1.306928e-02,1.648479e-02,3.580559e-01,2.123941e-02,1.872190e-03,3.188041e-03,5.403816e-03,3.479060e-02,9.653865e-04,7.422357e-03
2.401478e-01,7.472619e-03,7.617223e-02,4.467456e-02,4.568944e-02,9.874963e-03,1.357338e-02,5.085534e-01,1.557261e-02,1.323522e-03,2.328626e-03,3.820687e-03,2.477602e-02,6.792495e-04,5.340898e-03
1.976289e-01,5.625448e-03,6.221366e-02,3.446402e-02,4.064101e-02,9.152623e-03,1.066092e-02,5.982227e-01,1.146685e-02,9.640299e-04,2.012559e-03,2.917695e-03,1.926969e-02,4.974416e-04,4.262383e-03
1.477597e-01,4.093753e-03,4.539905e-02,2.544480e-02,5.852836e-02,8.087071e-03,1.213519e-02,6.609032e-01,8.501079e-03,8.597943e-04,1.930639e-03,2.229587e-03,1.546840e-02,3.736895e-04,8.285627e-03
1.127175e-01,2.961113e-03,3.223365e-02,1.826247e-02,5.332211e-02,5.836205e-03,9.634786e-03,7.371205e-01,6.941681e-03,6.295363e-04,1.461000e-03,1.709585e-03,1.099399e-02,2.760912e-04,5.899762e-03
8.584084e-02,2.188680e-03,2.328749e-02,1.333749e-02,4.751332e-02,4.364803e-03,8.139987e-03,7.943528e-01,5.573795e-03,5.587774e-04,1.112989e-03,1.341444e-03,7.828871e-03,2.208882e-04,4.337860e-03
8.348826e-02,1.787312e-03,1.681022e-02,1.008892e-02,7.376720e-02,3.948934e-03,1.490072e-02,7.766952e-01,5.902687e-03,6.509685e-04,8.925271e-04,1.253731e-03,5.979339e-03,2.042352e-04,3.629695e-03
1.021869e-01,1.516018e-03,1.215941e-02,7.814538e-03,9.805053e-02,4.581693e-03,1.435035e-02,7.409389e-01,6.360104e-03,5.842990e-04,8.205887e-04,1.462762e-03,5.050952e-03,2.622382e-04,3.860626e-03
1.499945e-01,1.882568e-03,9.299857e-03,7.801825e-03,1.339160e-01,1.194925e-02,1.856001e-02,6.438701e-01,5.693519e-03,9.049904e-04,1.815995e-03,2.871926e-03,5.205652e-03,5.957225e-04,5.638061e-03
2.378461e-01,6.146631e-03,8.846973e-03,1.155470e-02,1.237900e-01,5.021365e-02,1.655371e-02,4.771150e-01,8.815734e-03,1.875817e-03,2.715987e-02,8.103894e-03,6.815711e-03,2.420627e-03,1.274161e-02
2.906848e-01,7.775682e-03,1.250872e-02,2.525074e-02,9.319142e-02,6.123412e-02,1.390943e-02,3.441200e-01,9.898949e-03,3.417124e-03,7.807717e-02,2.724306e-02,1.320942e-02,3.894189e-03,1.558521e-02
2.074778e-01,8.036071e-03,1.212770e-02,2.356739e-02,6.718279e-02,1.800592e-01,1.027000e-02,2.414576e-01,1.521712e-02,7.944707e-03,8.426067e-02,6.044292e-02,3.105951e-02,5.598160e-03,4.529838e-02
1.499358e-01,1.186243e-02,1.261187e-02,2.399989e-02,4.948060e-02,1.804994e-01,7.818321e-03,1.697327e-01,2.982900e-02,2.355507e-02,9.441262e-02,1.041031e-01,4.914604e-02,6.233459e-03,8.677965e-02
1.057322e-01,2.946511e-02,2.019366e-02,3.095179e-02,3.523441e-02,1.327428e-01,5.568768e-03,1.189193e-01,6.678128e-02,3.431089e-02,8.006151e-02,9.434862e-02,3.946407e-02,9.711906e-03,1.965136e-01
7.914530e-02,2.312737e-02,1.285499e-01,9.243432e-02,2.924261e-02,9.505337e-02,4.205320e-03,9.336395e-02,6.164066e-02,2.594236e-02,8.957660e-02,8.092169e-02,3.268627e-02,8.811338e-03,1.552989e-01
6.389105e-02,2.071706e-02,2.006618e-01,1.365299e-01,2.394786e-02,7.857262e-02,3.328900e-03,6.787761e-02,5.437423e-02,2.160332e-02,7.941718e-02,6.602863e-02,2.506561e-02,1.058866e-02,1.473956e-01
5.926479e-02,2.421778e-02,2.371967e-01,1.530884e-01,2.976435e-02,8.156729e-02,3.632404e-03,5.189200e-02,6.401210e-02,1.956094e-02,6.676069e-02,4.993990e-02,1.995979e-02,1.501401e-02,1.241289e-01
6.460517e-02,4.916798e-02,2.468826e-01,1.492304e-01,3.253072e-02,7.443517e-02,3.597571e-03,4.247354e-02,7.774544e-02,1.943455e-02,6.010205e-02,3.876748e-02,1.676240e-02,1.954421e-02,1.047208e-01
4.905634e-02,5.070511e-02,2.212733e-01,2.400765e-01,2.689027e-02,6.207728e-02,2.847117e-03,3.060823e-02,8.012171e-02,1.767343e-02,4.512067e-02,2.795956e-02,1.386547e-02,1.501736e-02,1.167077e-01
4.311639e-02,1.258159e-01,2.065135e-01,1.993791e-01,3.354411e-02,4.736901e-02,2.625043e-03,2.817664e-02,1.088237e-01,1.747782e-02,4.034320e-02,2.183119e-02,1.624103e-02,1.453704e-02,9.420627e-02
3.497574e-02,1.170018e-01,2.480331e-01,2.279586e-01,2.881517e-02,3.492621e-02,2.054783e-03,2.264130e-02,1.130546e-01,1.593303e-02,3.486097e-02,1.654127e-02,1.384815e-02,1.125239e-02,7.810290e-02
3.567339e-02,9.697498e-02,3.029515e-01,2.232629e-01,2.270063e-02,2.543335e-02,1.602190e-03,2.047744e-02,1.309514e-01,1.322738e-02,3.110689e-02,1.443294e-02,1.251204e-02,9.294890e-03,5.939808e-02
3.905442e-02,8.603812e-02,3.706103e-01,1.870374e-01,1.762580e-02,1.826994e-02,1.331005e-03,1.944751e-02,1.383188e-01,1.555766e-02,2.779013e-02,1.116484e-02,1.049982e-02,7.962769e-03,4.929152e-02
