1.000000e+00,0.000000e+00,0.000000e+00,0.000000e+00,0.000000e+00,0.000000e+00,0.000000e+00,0.000000e+00,0.000000e+00,0.000000e+00,0.000000e+00,0.000000e+00,0.000000e+00,0.000000e+00,0.000000e+00
1.000000e+00,0.000000e+00,0.000000e+00,0.000000e+00,0.000000e+00,0.000000e+00,0.000000e+00,0.000000e+00,0.000000e+00,0.000000e+00,0.000000e+00,0.000000e+00,0.000000e+00,0.000000e+00,0.000000e+00
1.000000e+00,0.000000e+00,0.000000e+00,0.000000e+00,0.000000e+00,0.000000e+00,0.000000e+00,0.000000e+00,0.000000e+00,0.000000e+00,0.000000e+00,0.000000e+00,0.000000e+00,0.000000e+00,0.000000e+00
1.000000e+00,0.000000e+00,0.000000e+00,0.000000e+00,0.000000e+00,0.000000e+00,0.000000e+00,0.000000e+00,0.000000e+00,0.000000e+00,0.000000e+00,0.000000e+00,0.000000e+00,0.000000e+00,0.000000e+00
1.000000e+00,0.000000e+00,0.000000e+00,0.000000e+00,0.000000e+00,0.000000e+00,0.000000e+00,0.000000e+00,0.000000e+00,0.000000e+00,0.000000e+00,0.000000e+00,0.000000e+00,0.000000e+00,0.000000e+00
1.000000e+00,0.000000e+00,0.000000e+00,0.000000e+00,0.000000e+00,0.000000e+00,0.000000e+00,0.000000e+00,0.000000e+00,0.000000e+00,0.000000e+00,0.000000e+00,0.000000e+00,0.000000e+00,0.000000e+00
1.000000e+00,0.000000e+00,0.000000e+00,0.000000e+00,0.000000e+00,0.000000e+00,0.000000e+00,0.000000e+00,0.000000e+00,0.000000e+00,0.000000e+00,0.000000e+00,0.000000e+00,0.000000e+00,0.000000e+00
1.000000e+00,0.000000e+00,0.000000e+00,0.000000e+00,0.000000e+00,0.000000e+00,0.000000e+00,0.000000e+00,0.000000e+00,0.000000e+00,0.000000e+00,0.000000e+00,0.000000e+00,0.000000e+00,0.000000e+00
1.000000e+00,0.000000e+00,0.000000e+00,0.000000e+00,0.000000e+00,0.000000e+00,0.000000e+00,0.000000e+00,0.000000e+00,0.000000e+00,0.000000e+00,0.000000e+00,0.000000e+00,0.000000e+00,0.000000e+00
1.000000e+00,0.000000e+00,0.000000e+00,0.000000e+00,0.000000e+00,0.000000e+00,0.000000e+00,0.000000e+00,0.000000e+00,0.000000e+00,0.000000e+00,0.000000e+00,0.000000e+00,0.000000e+00,0.000000e+00
1.000000e+00,0.000000e+00,0.000000e+00,0.000000e+00,0.000000e+00,0.000000e+00,0.000000e+00,0.000000e+00,0.000000e+00,0.000000e+00,0.000000e+00,0.000000e+00,0.000000e+00,0.000000e+00,0.000000e+00
1.000000e+00,0.000000e+00,0.000000e+00,0.000000e+00,0.000000e+00,0.000000e+00,0.000000e+00,0.000000e+00,0.000000e+00,0.000000e+00,0.000000e+00,0.000000e+00,0.000000e+00,0.000000e+00,0.000000e+00
1.000000e+00,0.000000e+00,0.000000e+00,0.000000e+00,0.000000e+00,0.000000e+00,0.000000e+00,0.000000e+00,0.000000e+00,0.000000e+00,0.000000e+00,0.000000e+00,0.000000e+00,0.000000e+00,0.000000e+00
1.000000e+00,0.000000e+00,0.000000e+00,0.000000e+00,0.000000e+00,0.000000e+00,0.000000e+00,0.000000e+00,0.000000e+00,0.000000e+00,0.000000e+00,0.000000e+00,0.000000e+00,0.000000e+00,0.000000e+00
1.000000e+00,0.000000e+00,0.000000e+00,0.000000e+00,0.000000e+00,0.000000e+00,0.000000e+00,0.000000e+00,0.000000e+00,0.000000e+00,0.000000e+00,0.000000e+00,0.000000e+00,0.000000e+00,0.000000e+00
1.000000e+00,0.000000e+00,0.000000e+00,0.000000e+00,0.000000e+00,0.000000e+00,0.000000e+00,0.000000e+00,0.000000e+00,0.000000e+00,0.000000e+00,0.000000e+00,0.000000e+00,0.000000e+00,0.000000e+00
1.000000e+00,0.000000e+00,0.000000e+00,0.000000e+00,0.000000e+00,0.000000e+00,0.000000e+00,0.000000e+00,0.000000e+00,0.000000e+00,0.000000e+00,0.000000e+00,0.000000e+00,0.000000e+00,0.000000e+00
1.000000e+00,0.000000e+00,0.000000e+00,0.000000e+00,0.000000e+00,0.000000e+00,0.000000e+00,0.000000e+00,0.000000e+00,0.000000e+00,0.000000e+00,0.000000e+00,0.000000e+00,0.000000e+00,0.000000e+00
1.000000e+00,0.000000e+00,0.000000e+00,0.000000e+00,0.000000e+00,0.000000e+00,0.000000e+00,0.000000e+00,0.000000e+00,0.000000e+00,0.000000e+00,0.000000e+00,0.000000e+00,0.000000e+00,0.000000e+00
1.000000e+00,0.000000e+00,0.000000e+00,0.000000e+00,0.000000e+00,0.000000e+00,0.000000e+00,0.000000e+00,0.000000e+00,0.000000e+00,0.000000e+00,0.000000e+00,0.000000e+00,0.000000e+00,0.000000e+00
1.000000e+00,0.000000e+00,0.000000e+00,0.000000e+00,0.000000e+00,0.000000e+00,0.000000e+00,0.000000e+00,0.000000e+00,0.000000e+00,0.000000e+00,0.000000e+00,0.000000e+00,0.000000e+00,0.000000e+00
1.000000e+00,0.000000e+00,0.000000e+00,0.000000e+00,0.000000e+00,0.000000e+00,0.000000e+00,0.000000e+00,0.000000e+00,0.000000e+00,0.000000e+00,0.000000e+00,0.000000e+00,0.000000e+00,0.000000e+00
1.000000e+00,0.000000e+00,0.000000e+00,0.000000e+00,0.000000e+00,0.000000e+00,0.000000e+00,0.000000e+00,0.000000e+00,0.000000e+00,0.000000e+00,0.000000e+00,0.000000e+00,0.000000e+00,0.000000e+00
1.000000e+00,0.000000e+00,0.000000e+00,0.000000e+00,0.000000e+00,0.000000e+00,0.000000e+00,0.000000e+00,0.000000e+00,0.000000e+00,0.000000e+00,0.000000e+00,0.000000e+00,0.000000e+00,0.000000e+00
1.000000e+00,0.000000e+00,0.000000e+00,0.000000e+00,0.000000e+00,0.000000e+00,0.000000e+00,0.000000e+00,0.000000e+00,0.000000e+00,0.000000e+00,0.000000e+00,0.000000e+00,0.000000e+00,0.000000e+00
1.000000e+00,0.000000e+00,0.000000e+00,0.000000e+00,0.000000e+00,0.000000e+00,0.000000e+00,0.000000e+00,0.000000e+00,0.000000e+00,0.000000e+00,0.000000e+00,0.000000e+00,0.000000e+00,0.000000e+00
1.000000e+00,0.000000e+00,0.000000e+00,0.000000e+00,0.000000e+00,0.000000e+00,0.000000e+00,0.000000e+00,0.000000e+00,0.000000e+00,0.000000e+00,0.000000e+00,0.000000e+00,0.000000e+00,0.000000e+00
1.000000e+00,0.000000e+00,0.000000e+00,0.000000e+00,0.000000e+00,0.000000e+00,0.000000e+00,0.000000e+00,0.000000e+00,0.000000e+00,0.000000e+00,0.000000e+00,0.000000e+00,0.000000e+00,0.000000e+00
1.000000e+00,0.000000e+00,0.000000e+00,0.000000e+00,0.000000e+00,0.000000e+00,0.000000e+00,0.000000e+00,0.000000e+00,0.000000e+00,0.000000e+00,0.000000e+00,0.000000e+00,0.000000e+00,0.000000e+00
1.000000e+00,0.000000e+00,0.000000e+00,0.000000e+00,0.000000e+00,0.000000e+00,0.000000e+00,0.000000e+00,0.000000e+00,0.000000e+00,0.000000e+00,0.000000e+00,0.000000e+00,0.000000e+00,0.000000e+00
1.000000e+00,0.000000e+00,0.000000e+00,0.000000e+00,0.000000e+00,0.000000e+00,0.000000e+00,0.000000e+00,0.000000e+00,0.000000e+00,0.000000e+00,0.000000e+00,0.000000e+00,0.000000e+00,0.000000e+00
1.000000e+00,0.000000e+00,0.000000e+00,0.000000e+00,0.000000e+00,0.000000e+00,0.000000e+00,0.000000e+00,0.000000e+00,0.000000e+00,0.000000e+00,0.000000e+00,0.000000e+00,0.000000e+00,0.000000e+00
1.000000e+00,0.000000e+00,0.000000e+00,0.000000e+00,0.000000e+00,0.000000e+00,0.000000e+00,0.000000e+00,0.000000e+00,0.000000e+00,0.000000e+00,0.000000e+00,0.000000e+00,0.000000e+00,0.000000e+00
1.000000e+00,0.000000e+00,0.000000e+00,0.000000e+00,0.000000e+00,0.000000e+00,0.000000e+00,0.000000e+00,0.000000e+00,0.000000e+00,0.000000e+00,0.000000e+00,0.000000e+00,0.000000e+00,0.000000e+00
1.000000e+00,0.000000e+00,0.000000e+00,0.000000e+00,0.000000e+00,0.000000e+00,0.000000e+00,0.000000e+00,0.000000e+00,0.000000e+00,0.000000e+00,0.000000e+00,0.000000e+00,0.000000e+00,0.000000e+00
1.000000e+00,0.000000e+00,0.000000e+00,0.000000e+00,0.000000e+00,0.000000e+00,0.000000e+00,0.000000e+00,0.000000e+00,0.000000e+00,0.000000e+00,0.000000e+00,0.000000e+00,0.000000e+00,0.000000e+00
1.000000e+00,0.000000e+00,0.000000e+00,0.000000e+00,0.000000e+00,0.000000e+00,0.000000e+00,0.000000e+00,0.000000e+00,0.000000e+00,0.000000e+00,0.000000e+00,0.000000e+00,0.000000e+00,0.000000e+00
1.000000e+00,0.000000e+00,0.000000e+00,0.000000e+00,0.000000e+00,0.000000e+00,0.000000e+00,0.000000e+00,0.000000e+00,0.000000e+00,0.000000e+00,0.000000e+00,0.000000e+00,0.000000e+00,0.000000e+00
1.000000e+00,0.000000e+00,0.000000e+00,0.000000e+00,0.000000e+00,0.000000e+00,0.000000e+00,0.000000e+00,0.000000e+00,0.000000e+00,0.000000e+00,0.000000e+00,0.000000e+00,0.000000e+00,0.000000e+00
1.000000e+00,0.000000e+00,0.000000e+00,0.000000e+00,0.000000e+00,0.000000e+00,0.000000e+00,0.000000e+00,0.000000e+00,0.000000e+00,0.000000e+00,0.000000e+00,0.000000e+00,0.000000e+00,0.000000e+00
1.000000e+00,0.000000e+00,0.000000e+00,0.000000e+00,0.000000e+00,0.000000e+00,0.000000e+00,0.000000e+00,0.000000e+00,0.000000e+00,0.000000e+00,0.000000e+00,0.000000e+00,0.000000e+00,0.000000e+00
1.000000e+00,0.000000e+00,0.000000e+00,0.000000e+00,0.000000e+00,0.000000e+00,0.000000e+00,0.000000e+00,0.000000e+00,0.000000e+00,0.000000e+00,0.000000e+00,0.000000e+00,0.000000e+00,0.000000e+00
1.000000e+00,0.000000e+00,0.000000e+00,0.000000e+00,0.000000e+00,0.000000e+00,0.000000e+00,0.000000e+00,0.000000e+00,0.000000e+00,0.000000e+00,0.000000e+00,0.000000e+00,0.000000e+00,0.000000e+00
1.000000e+00,0.000000e+00,0.000000e+00,0.000000e+00,0.000000e+00,0.000000e+00,0.000000e+00,0.000000e+00,0.000000e+00,0.000000e+00,0.000000e+00,0.000000e+00,0.000000e+00,0.000000e+00,0.000000e+00
4.946374e-01,3.004951e-02,1.119534e-02,9.712064e-02,1.055192e-02,2.586885e-02,7.300185e-03,1.763858e-02,2.876520e-02,4.288398e-03,7.654144e-02,9.858033e-02,2.768274e-02,1.751933e-02,5.226012e-02
4.219676e-01,3.542512e-02,1.689834e-02,1.167008e-01,1.157462e-02,2.596236e-02,7.239647e-03,2.127694e-02,4.153402e-02,4.624541e-03,8.973837e-02,8.778331e-02,2.793176e-02,2.382013e-02,6.752242e-02
3.576083e-01,3.808526e-02,2.996729e-02,1.281986e-01,1.292873e-02,3.335059e-02,9.589795e-03,3.462544e-02,4.880031e-02,4.525534e-03,9.968963e-02,7.735118e-02,2.786784e-02,2.593542e-02,7.147603e-02
3.489946e-01,4.074115e-02,2.698590e-02,1.185623e-01,1.356624e-02,3.550551e-02,1.004279e-02,2.933931e-02,6.034535e-02,5.797077e-03,9.692304e-02,6.438380e-02,2.616636e-02,3.459669e-02,8.804987e-02
3.405332e-01,4.294975e-02,2.463658e-02,1.116006e-01,1.364851e-02,3.435836e-02,9.592921e-03,2.505171e-02,6.431404e-02,7.381278e-03,9.106135e-02,5.509418e-02,2.414368e-02,4.403920e-02,1.115946e-01
2.752683e-01,3.769368e-02,3.011699e-02,1.220243e-01,1.317697e-02,4.567518e-02,1.282389e-02,9.097756e-02,7.140208e-02,6.000858e-03,7.825159e-02,4.937899e-02,2.587175e-02,4.390128e-02,9.743651e-02
1.974273e-01,2.697621e-02,2.479678e-02,8.804072e-02,9.737729e-03,3.710854e-02,1.777520e-02,3.310620e-01,5.103744e-02,4.260785e-03,5.569117e-02,3.546280e-02,1.946355e-02,3.123527e-02,6.992456e-02
1.505881e-01,2.004282e-02,2.542046e-02,6.739887e-02,1.194842e-02,3.627172e-02,2.314174e-02,4.668548e-01,3.731999e-02,3.118775e-03,4.238623e-02,2.622258e-02,1.599942e-02,2.261385e-02,5.067229e-02
1.187160e-01,1.564495e-02,2.918100e-02,5.112640e-02,9.948910e-03,2.984083e-02,2.933313e-02,5.686671e-01,2.692842e-02,2.346712e-03,3.092125e-02,1.941833e-02,1.293046e-02,1.721453e-02,3.778188e-02
1.134734e-01,1.356245e-02,3.790133e-02,3.989114e-02,9.529071e-03,2.738738e-02,5.600964e-02,5.881054e-01,1.971075e-02,1.889964e-03,2.268457e-02,1.456422e-02,1.215255e-02,1.378020e-02,2.935786e-02
1.113117e-01,1.367335e-02,5.592269e-02,3.416916e-02,1.087455e-02,2.904218e-02,1.055432e-01,5.513525e-01,1.432235e-02,1.536575e-03,1.638055e-02,1.120276e-02,1.184066e-02,1.051898e-02,2.230884e-02
2.131547e-01,1.538497e-02,6.045602e-02,2.940084e-02,1.403928e-02,4.396465e-02,1.178323e-01,4.259761e-01,1.088507e-02,1.661566e-03,1.298014e-02,1.262304e-02,1.303746e-02,8.283869e-03,2.031997e-02
1.903321e-01,1.580235e-02,5.338685e-02,4.083456e-02,1.351069e-02,1.741376e-01,9.029278e-02,3.194551e-01,1.085611e-02,1.917717e-03,1.217210e-02,1.574017e-02,2.711315e-02,7.615390e-03,2.683334e-02
1.347225e-01,5.222935e-02,4.203444e-02,1.126686e-01,1.159713e-02,1.366359e-01,7.123841e-02,2.241727e-01,5.546959e-02,1.745324e-02,1.156364e-02,1.884033e-02,6.930726e-02,5.666697e-03,3.640023e-02
1.067832e-01,6.537627e-02,3.203817e-02,1.680923e-01,1.047507e-02,1.154930e-01,5.686263e-02,1.584399e-01,6.844065e-02,1.796543e-02,1.041074e-02,1.566289e-02,1.271634e-01,4.128019e-03,4.266855e-02
8.649903e-02,5.645487e-02,2.313174e-02,1.385588e-01,8.468127e-03,9.531420e-02,4.266905e-02,1.122432e-01,8.784328e-02,1.319337e-02,8.406462e-03,1.205582e-02,2.550803e-01,3.038282e-03,5.704354e-02
6.190369e-02,6.962518e-02,2.911519e-02,1.179236e-01,7.117999e-03,7.247949e-02,3.102774e-02,7.873196e-02,1.843939e-01,1.041890e-02,6.422457e-03,9.564568e-03,2.658435e-01,2.397742e-03,5.303417e-02
4.641195e-02,6.808975e-02,2.844566e-02,1.092166e-01,5.780915e-03,6.130661e-02,2.225329e-02,5.546258e-02,2.643043e-01,9.398032e-03,1.184639e-02,4.659964e-02,2.145193e-01,4.622841e-03,5.174208e-02
4.283713e-02,5.344540e-02,2.423047e-02,8.036907e-02,4.669131e-03,1.355686e-01,1.616489e-02,4.107537e-02,2.432191e-01,8.884075e-03,1.831510e-02,5.451235e-02,1.962653e-01,1.361805e-02,6.682603e-02
3.399636e-02,6.310894e-02,2.008849e-02,5.772027e-02,3.698982e-03,1.091713e-01,1.155681e-02,2.912264e-02,3.486516e-01,8.015025e-03,1.707039e-02,4.292502e-02,1.585905e-01,1.808976e-02,7.819402e-02
2.491478e-02,7.493642e-02,1.622032e-02,4.329979e-02,2.722600e-03,1.097906e-01,8.143125e-03,2.076034e-02,3.603966e-01,8.510699e-03,1.366947e-02,3.778408e-02,1.168501e-01,2.908811e-02,1.329130e-01
2.023609e-02,6.916459e-02,1.176877e-02,3.077323e-02,2.412125e-03,1.531264e-01,5.864000e-03,1.541346e-02,4.063115e-01,6.236169e-03,9.887692e-03,2.728258e-02,9.678054e-02,2.457891e-02,1.201640e-01
1.732831e-02,6.761537e-02,8.556010e-03,2.318223e-02,2.952053e-03,1.685134e-01,4.281906e-03,1.136795e-02,4.856416e-01,4.649136e-03,7.111315e-03,1.944418e-02,7.338719e-02,1.818691e-02,8.778246e-02
1.629765e-02,5.708069e-02,1.153067e-02,8.175848e-02,9.382231e-03,1.713421e-01,3.549160e-03,1.128079e-02,4.745209e-01,6.922084e-03,5.651132e-03,1.378900e-02,5.489153e-02,1.301364e-02,6.898995e-02
1.563176e-02,4.558080e-02,9.539448e-03,6.939641e-02,1.455663e-02,2.207908e-01,3.139662e-03,9.546174e-03,4.619984e-01,1.139264e-02,4.428315e-03,9.993405e-03,4.430012e-02,9.495450e-03,7.020997e-02
1.667668e-02,3.349817e-02,1.092347e-02,1.110724e-01,2.844692e-02,1.830462e-01,3.231036e-03,8.220066e-02,4.229294e-01,8.679783e-03,3.496108e-03,7.106974e-03,3.189963e-02,6.685360e-03,5.010717e-02
3.631745e-02,2.969812e-02,1.996122e-02,1.082464e-01,5.758788e-02,1.854094e-01,5.236117e-03,7.363290e-02,3.442232e-01,9.152181e-03,4.487206e-03,5.376234e-03,2.413838e-02,4.981264e-03,9.155209e-02
5.074033e-02,3.044783e-02,2.439524e-02,1.030093e-01,9.895937e-02,1.725564e-01,8.299387e-03,7.714649e-02,3.018703e-01,8.809609e-03,4.112080e-03,3.988019e-03,1.950539e-02,3.722614e-03,9.243756e-02
5.891562e-02,3.592724e-02,3.272627e-02,8.892226e-02,9.688380e-02,2.141723e-01,7.893842e-03,5.645574e-02,2.725515e-01,9.599246e-03,4.007328e-03,2.973406e-03,1.631808e-02,3.068832e-03,9.958451e-02
5.177496e-02,3.441555e-02,4.171625e-02,7.609361e-02,8.302393e-02,1.739006e-01,7.022708e-03,4.122646e-02,2.966571e-01,1.149863e-02,4.034915e-03,2.277287e-03,1.448766e-02,2.886010e-03,1.589843e-01
3.644915e-02,2.620694e-02,7.746442e-02,7.051232e-02,5.886001e-02,1.219966e-01,4.952217e-03,2.891427e-02,2.918965e-01,1.312646e-02,3.184286e-03,1.634842e-03,1.031129e-02,2.225564e-03,2.522651e-01
2.562759e-02,1.955792e-02,7.583974e-02,4.967555e-02,4.133000e-02,8.568979e-02,3.488261e-03,2.028083e-02,2.985534e-01,1.508667e-02,4.949436e-03,1.464249e-03,7.432906e-03,9.366342e-03,3.416572e-01
1.802188e-02,1.522440e-02,2.064282e-01,4.306312e-02,2.958513e-02,6.088325e-02,2.496239e-03,1.425049e-02,2.624137e-01,1.432350e-02,6.164912e-03,1.487369e-03,5.431671e-03,8.251659e-03,3.119743e-01
1.283133e-02,1.237647e-02,2.609515e-01,3.093951e-02,2.116151e-02,4.338558e-02,1.858268e-03,1.011836e-02,1.964072e-01,3.117860e-02,5.450002e-02,3.962472e-03,5.176768e-03,2.990710e-02,2.852452e-01
9.194571e-03,1.236335e-02,2.795313e-01,2.292407e-02,1.510987e-02,3.108737e-02,1.423677e-03,7.449174e-03,1.566499e-01,2.640437e-02,1.551053e-01,6.719959e-03,6.429256e-03,4.225698e-02,2.273508e-01
6.580781e-03,9.723872e-03,2.048002e-01,1.709928e-02,1.120476e-02,2.206124e-02,1.079718e-03,5.430047e-03,1.239321e-01,3.417591e-02,3.364933e-01,6.213119e-03,5.430844e-03,4.780667e-02,1.679681e-01
4.813423e-03,7.120661e-03,1.440186e-01,1.248539e-02,7.954769e-03,1.557967e-02,7.991196e-04,3.850132e-03,8.880665e-02,2.475650e-02,5.198807e-01,5.613392e-03,4.540336e-03,4.114360e-02,1.186371e-01
3.516652e-03,5.080518e-03,1.009513e-01,9.024502e-03,5.640620e-03,1.104398e-02,6.015963e-04,2.720993e-03,6.279291e-02,1.776546e-02,6.521133e-01,4.975446e-03,3.657530e-03,3.676844e-02,8.334669e-02
2.783250e-03,3.679560e-03,7.081890e-02,6.558974e-03,4.229446e-03,8.029206e-03,4.981934e-04,2.057588e-03,4.502977e-02,1.285044e-02,7.184510e-01,4.644871e-03,3.893759e-03,5.726033e-02,5.921473e-02
2.232638e-03,2.678125e-03,4.978932e-02,5.037091e-03,3.689719e-03,5.877548e-03,4.601768e-04,1.538671e-03,3.241250e-02,9.612058e-03,7.552422e-01,5.048238e-03,4.222019e-03,7.710976e-02,4.504991e-02
1.764445e-03,2.126786e-03,3.508992e-02,3.603918e-03,2.887058e-03,4.377741e-03,3.669471e-04,1.144518e-03,2.330367e-02,7.672178e-03,7.673869e-01,8.933680e-03,3.489837e-03,1.056781e-01,3.217426e-02
1.706816e-03,2.006933e-03,2.508229e-02,2.714603e-03,2.443661e-03,3.548164e-03,3.312263e-04,1.077398e-03,1.721989e-02,7.728301e-03,7.521409e-01,1.306825e-02,3.196955e-03,1.437882e-01,2.394642e-02
2.149102e-03,1.783687e-03,2.142796e-02,2.172343e-03,2.259863e-03,6.352117e-03,5.509382e-04,2.759357e-03,1.305103e-02,2.003440e-02,6.873426e-01,1.285080e-02,3.040372e-03,2.038331e-01,2.039227e-02
2.365163e-03,5.103020e-03,2.007632e-02,1.831472e-03,2.387487e-03,5.418336e-03,5.099444e-04,2.929017e-03,2.206157e-02,1.842635e-02,6.609219e-01,1.658040e-02,2.569300e-03,2.239026e-01,1.491711e-02
3.243080e-03,6.602630e-03,1.869084e-02,1.737283e-03,2.827096e-03,5.775658e-03,5.220236e-04,4.965601e-03,4.762547e-02,1.789187e-02,6.064900e-01,1.604558e-02,2.391681e-03,2.535106e-01,1.168050e-02
3.517668e-03,7.361609e-03,1.609102e-02,1.705852e-03,5.627254e-03,5.833630e-03,4.991087e-04,4.192685e-03,1.391158e-01,1.740456e-02,5.433327e-01,1.632433e-02,1.915513e-03,2.286148e-01,8.463447e-03
2.737809e-03,6.370140e-03,1.159706e-02,1.253722e-03,4.724654e-03,4.403853e-03,3.682878e-04,3.101216e-03,3.603480e-01,1.356069e-02,3.990275e-01,1.261172e-02,1.432955e-03,1.722765e-01,6.185829e-03
2.094479e-03,4.980766e-03,8.411535e-03,9.258204e-04,4.080628e-03,3.330964e-03,2.618569e-04,2.241832e-03,5.283915e-01,1.024017e-02,2.873182e-01,9.210590e-03,1.043524e-03,1.329666e-01,4.501566e-03
2.739204e-03,7.962631e-03,7.878952e-03,8.806431e-04,6.363323e-03,4.228118e-03,2.013817e-04,2.042705e-03,6.183935e-01,9.829885e-03,2.215560e-01,6.796311e-03,8.410038e-04,1.065844e-01,3.701926e-03
3.951359e-03,7.161735e-03,1.305275e-02,4.680545e-03,9.564390e-03,8.077491e-03,5.532217e-04,1.457463e-02,6.598476e-01,9.086384e-03,1.726353e-01,5.126388e-03,9.267993e-04,8.783500e-02,2.926395e-03
1.004695e-02,6.479018e-03,2.367892e-02,1.853462e-02,1.159918e-02,4.499102e-02,1.529924e-03,3.164414e-02,5.959046e-01,9.685897e-03,1.515089e-01,4.033735e-03,1.065403e-03,8.653432e-02,2.763345e-03
2.319787e-02,5.171754e-03,2.290886e-02,2.442252e-02,1.129196e-02,5.003709e-02,1.528672e-03,3.391757e-02,5.703882e-01,1.159390e-02,1.281759e-01,3.022955e-03,8.552670e-04,1.109015e-01,2.585974e-03
4.586899e-02,4.389412e-03,2.478464e-02,3.159004e-02,1.047219e-02,4.574336e-02,1.963929e-03,3.990817e-02,5.657960e-01,1.133936e-02,1.169789e-01,2.374160e-03,7.935421e-04,9.560556e-02,2.391763e-03
6.548528e-02,5.347187e-03,1.996592e-02,2.504495e-02,1.124204e-02,4.053061e-02,1.526602e-03,3.431650e-02,5.487331e-01,9.658290e-03,1.380944e-01,1.964599e-03,9.254583e-04,9.466395e-02,2.501150e-03
7.109205e-02,5.293272e-03,1.571727e-02,1.874743e-02,9.342439e-03,3.706788e-02,1.137416e-03,2.737447e-02,5.127248e-01,7.413654e-03,1.998411e-01,1.774272e-03,1.155511e-03,8.893003e-02,2.388425e-03
8.172897e-02,4.650505e-03,1.650820e-02,1.506585e-02,8.264968e-03,3.293278e-02,9.814254e-04,2.853283e-02,4.610495e-01,6.049424e-03,2.459545e-01,1.740047e-03,1.231522e-03,9.225727e-02,3.052275e-03
9.108023e-02,5.191479e-03,1.409204e-02,1.154030e-02,7.370245e-03,6.476568e-02,8.380741e-04,2.541241e-02,4.113692e-01,4.842786e-03,2.824719e-01,2.158833e-03,1.095990e-03,7.484736e-02,2.923460e-03
1.034224e-01,5.417421e-03,2.564952e-02,3.464752e-02,1.084706e-02,1.529358e-01,1.287339e-03,3.041561e-02,3.410981e-01,3.803138e-03,2.281051e-01,2.587747e-03,1.157062e-03,5.395359e-02,4.672660e-03
7.269070e-02,4.266881e-03,1.910472e-02,2.488561e-02,7.627423e-03,1.072471e-01,9.022889e-04,2.132219e-02,2.451838e-01,5.851012e-03,1.599307e-01,1.868679e-03,8.558527e-04,3.849171e-02,2.897714e-01
5.110569e-02,3.262517e-03,1.354121e-02,1.745422e-02,5.347225e-03,7.516404e-02,6.323726e-04,1.495508e-02,1.742890e-01,6.807628e-03,1.142166e-01,3.041423e-03,9.103536e-04,2.902573e-02,4.902470e-01
3.593031e-02,2.544840e-03,1.022357e-02,1.225218e-02,3.760950e-03,5.270376e-02,4.476701e-04,1.051758e-02,1.285597e-01,6.376433e-02,8.355359e-02,3.376720e-03,2.305907e-03,7.749141e-02,5.125675e-01
2.562245e-02,2.404904e-03,7.744850e-03,8.622486e-03,2.676578e-03,3.717328e-02,3.216268e-04,7.431422e-03,9.700678e-02,1.250839e-01,7.191443e-02,5.233039e-03,5.754928e-03,1.659613e-01,4.370480e-01
1.820305e-02,1.827762e-03,5.661409e-03,6.065515e-03,1.978795e-03,2.618677e-02,2.318520e-04,5.264917e-03,7.045446e-02,2.325784e-01,6.002158e-02,4.271654e-03,5.017781e-03,2.039697e-01,3.582664e-01
1.280284e-02,1.398746e-03,4.042909e-03,4.289693e-03,1.570488e-03,1.857211e-02,1.719992e-04,3.719221e-03,5.106823e-02,3.487559e-01,5.231559e-02,3.533466e-03,3.801254e-03,2.246478e-01,2.693098e-01
9.003337e-03,1.061776e-03,2.912644e-03,3.038499e-03,1.549326e-03,1.318281e-02,1.336823e-04,2.630286e-03,3.659530e-02,4.267850e-01,4.046735e-02,3.585424e-03,2.946665e-03,2.508507e-01,2.052573e-01
6.382634e-03,8.508866e-04,2.123548e-03,2.353875e-03,3.271514e-03,9.928963e-03,1.229666e-04,1.886745e-03,2.816585e-02,5.024489e-01,3.669931e-02,3.932082e-03,2.556774e-03,2.193328e-01,1.799433e-01
4.581478e-03,7.041624e-04,1.578242e-03,3.708777e-03,1.032232e-02,7.740901e-03,1.359377e-04,1.689977e-03,2.282059e-02,4.830952e-01,3.448333e-02,3.266437e-03,3.436558e-03,1.713440e-01,2.510921e-01
3.384287e-03,6.528989e-04,1.242742e-03,4.137057e-03,1.639783e-02,6.051701e-03,1.403137e-04,1.559434e-03,1.853969e-02,4.761663e-01,3.094209e-02,3.064258e-03,5.238182e-03,1.283488e-01,3.041345e-01
2.579005e-03,5.585813e-04,1.269554e-03,4.496024e-03,1.459798e-02,5.247565e-03,2.449725e-04,1.888411e-03,1.434483e-02,4.831554e-01,3.842583e-02,3.708019e-03,8.202912e-03,9.552137e-02,3.257595e-01
2.247023e-03,6.892196e-04,1.494606e-03,6.542467e-03,1.874222e-02,4.845463e-03,2.599304e-04,2.626480e-03,1.339462e-02,5.022641e-01,5.902465e-02,6.113244e-03,1.451930e-02,7.213900e-02,2.950977e-01
1.934226e-03,8.365501e-04,1.617300e-03,5.372548e-03,1.400173e-02,5.118685e-03,2.352331e-04,2.198144e-03,1.123654e-02,5.200204e-01,1.019405e-01,4.003535e-02,3.596979e-02,5.117444e-02,2.083085e-01
1.542056e-03,7.859172e-04,1.276097e-03,4.011230e-03,1.035128e-02,4.702637e-03,1.850376e-04,1.859266e-03,1.451566e-02,5.046259e-01,1.213580e-01,1.060285e-01,4.658586e-02,3.611021e-02,1.460624e-01
1.298586e-03,1.666341e-03,1.135838e-03,2.905575e-03,7.533331e-03,3.885374e-03,1.534481e-04,1.407212e-03,2.772434e-02,5.152233e-01,1.307380e-01,1.249529e-01,5.251470e-02,2.595660e-02,1.029044e-01
1.002136e-03,1.055923e-02,1.233427e-03,2.072318e-03,5.650257e-03,2.745159e-03,1.193451e-04,1.018881e-03,2.453444e-01,3.737044e-01,1.045149e-01,1.136935e-01,4.750901e-02,1.851894e-02,7.231414e-02
8.573696e-04,3.229766e-02,4.864137e-03,1.509137e-03,4.640721e-03,1.972527e-03,9.179654e-05,8.771830e-04,4.285334e-01,2.625428e-01,7.692763e-02,8.533187e-02,3.588260e-02,1.301270e-02,5.065850e-02
8.124507e-04,3.899295e-02,3.682477e-03,1.449523e-03,5.571418e-03,1.622536e-03,6.627329e-05,6.601018e-04,5.789912e-01,1.841542e-01,5.401006e-02,6.002327e-02,2.528286e-02,9.132255e-03,3.554847e-02
1.445126e-03,4.838525e-02,2.886581e-03,3.888712e-03,1.667091e-02,2.533964e-03,5.959188e-05,4.854159e-04,6.492305e-01,1.414766e-01,3.862127e-02,4.218581e-02,1.800553e-02,6.479279e-03,2.764544e-02
2.939975e-03,4.475097e-02,3.687868e-03,1.472526e-02,1.668369e-02,5.059354e-03,5.886068e-05,3.792190e-04,6.623580e-01,1.464195e-01,3.090621e-02,3.009898e-02,1.440535e-02,4.819808e-03,2.270691e-02
1.228140e-02,4.716086e-02,1.016995e-02,2.276075e-02,2.434349e-02,5.476547e-03,1.787949e-04,7.345746e-04,6.311645e-01,1.520006e-01,2.628033e-02,2.241524e-02,1.424139e-02,3.985106e-03,2.680651e-02
5.608535e-02,5.301323e-02,8.355469e-03,2.315246e-02,3.408361e-02,5.990132e-03,2.139604e-04,1.142296e-03,6.106802e-01,1.158923e-01,3.225025e-02,1.721207e-02,1.171996e-02,6.879679e-03,2.332906e-02
1.061877e-01,5.516840e-02,7.529151e-03,1.848391e-02,3.122309e-02,1.120985e-02,3.440961e-04,2.331556e-03,5.127887e-01,8.206818e-02,7.192855e-02,1.389329e-02,9.504728e-03,6.036010e-02,1.697880e-02
8.426313e-02,4.607669e-02,5.938271e-03,1.364855e-02,2.549213e-02,1.099885e-02,3.067722e-04,1.848517e-03,3.772692e-01,5.926939e-02,1.855122e-01,1.304348e-02,7.933707e-03,1.504957e-01,1.790331e-02
6.538372e-02,3.579526e-02,4.550660e-03,9.946439e-03,1.882606e-02,1.250905e-02,2.466719e-04,1.599357e-03,2.702746e-01,4.207071e-02,3.202088e-01,1.277556e-02,6.553815e-03,1.848255e-01,1.443377e-02
4.737966e-02,2.972305e-02,5.489646e-03,8.617561e-03,1.405786e-02,5.415068e-02,2.664959e-04,1.931091e-03,2.004814e-01,3.025510e-02,4.196777e-01,1.171075e-02,5.560803e-03,1.599493e-01,1.074885e-02
3.397989e-02,3.129346e-02,1.038056e-02,7.062687e-03,1.052774e-02,1.593662e-01,2.556233e-04,1.859103e-03,1.876085e-01,2.217457e-02,3.572407e-01,8.879694e-03,4.525824e-03,1.557578e-01,9.087606e-03
2.463441e-02,2.327757e-02,1.741489e-01,1.399577e-02,7.883511e-03,1.207866e-01,4.716002e-04,3.331008e-03,1.539406e-01,1.586503e-02,3.261672e-01,6.453661e-03,3.764146e-03,1.187438e-01,6.536176e-03
1.803639e-02,2.044331e-02,3.383911e-01,1.385139e-02,5.920000e-03,1.059295e-01,4.227349e-04,2.523286e-03,1.248865e-01,1.157669e-02,2.336427e-01,4.964711e-03,2.705571e-03,1.118573e-01,4.848813e-03
1.359357e-02,2.003171e-02,3.934898e-01,1.103811e-02,4.687027e-03,8.350354e-02,3.337942e-04,1.870205e-03,1.313446e-01,9.898378e-03,1.832815e-01,3.965457e-03,1.974981e-03,1.369975e-01,3.989905e-03
1.092091e-02,1.833231e-02,2.934332e-01,8.573178e-03,3.688794e-03,8.257324e-02,2.685004e-04,1.545688e-03,2.257549e-01,9.415008e-03,1.608440e-01,3.587457e-03,1.668802e-03,1.759107e-01,3.483274e-03
8.230393e-03,1.619354e-02,2.203643e-01,6.654098e-03,3.231518e-03,7.033584e-02,2.124091e-04,1.521047e-03,2.637928e-01,9.842755e-03,1.384696e-01,3.638746e-03,1.369400e-03,2.533035e-01,2.840157e-03
6.429273e-03,2.468424e-02,1.831087e-01,6.042477e-03,3.116693e-03,5.330995e-02,1.890728e-04,1.388365e-03,3.385249e-01,2.118319e-02,1.029884e-01,3.272642e-03,1.187640e-03,2.505667e-01,4.007750e-03
5.662013e-03,2.386837e-02,1.362699e-01,6.221183e-03,3.147309e-03,3.980576e-02,1.600407e-04,3.466767e-03,4.635935e-01,2.292799e-02,7.572665e-02,2.952640e-03,1.203519e-03,2.104172e-01,4.577094e-03
8.767232e-03,1.999888e-02,9.992138e-02,7.104775e-03,3.976217e-03,7.175668e-02,4.547861e-04,4.677465e-03,5.031600e-01,2.131985e-02,5.893634e-02,3.296137e-03,2.272487e-03,1.895790e-01,4.778813e-03
3.458088e-02,1.555707e-02,7.023333e-02,9.095488e-03,4.266802e-03,5.622534e-02,4.776518e-04,4.191374e-03,5.696144e-01,2.246062e-02,5.557015e-02,4.307889e-03,4.521288e-03,1.444992e-01,4.398598e-03
6.797434e-02,1.304230e-02,4.957665e-02,1.402487e-02,5.994963e-03,4.916235e-02,4.788574e-04,8.338624e-03,5.771036e-01,2.905011e-02,5.805756e-02,5.786441e-03,6.949676e-03,1.093357e-01,5.124064e-03
6.414591e-02,2.626555e-02,3.552072e-02,3.657373e-02,1.248650e-02,3.782543e-02,3.872802e-04,9.597362e-03,5.905696e-01,2.913451e-02,4.388791e-02,5.136791e-03,6.737728e-03,8.306338e-02,1.866767e-02
5.421996e-02,3.391183e-02,2.681637e-02,8.146910e-02,1.817581e-02,3.168304e-02,3.057285e-04,1.141884e-02,5.876521e-01,2.637044e-02,3.192791e-02,3.793189e-03,5.129666e-03,5.933737e-02,2.778870e-02
6.617875e-02,2.951599e-02,1.992734e-02,7.280734e-02,6.338619e-02,3.083199e-02,5.269350e-04,2.034805e-02,5.794097e-01,2.011462e-02,2.323416e-02,2.864364e-03,3.998049e-03,4.256418e-02,2.429237e-02
7.963638e-02,2.372146e-02,1.458532e-02,7.068674e-02,1.479504e-01,3.550946e-02,1.471561e-03,3.124832e-02,5.079834e-01,1.499081e-02,1.691203e-02,2.074393e-03,3.133839e-03,3.054173e-02,1.955418e-02
1.017548e-01,2.326493e-02,1.110543e-02,6.976832e-02,1.480004e-01,5.264562e-02,1.743644e-03,3.724418e-02,4.825413e-01,1.154245e-02,1.342564e-02,1.665398e-03,2.485786e-03,2.332619e-02,1.948593e-02
9.215268e-02,2.624194e-02,1.306028e-02,1.578942e-01,1.127525e-01,5.762524e-02,1.529932e-03,5.515660e-02,3.728812e-01,1.032998e-02,1.042016e-02,1.427676e-03,2.498595e-03,1.678316e-02,6.924584e-02
9.701158e-02,2.836695e-02,1.167321e-02,1.648092e-01,1.005456e-01,9.303401e-02,1.611835e-03,7.496125e-02,3.173156e-01,1.011735e-02,9.332486e-03,1.414523e-03,2.540110e-03,1.249486e-02,7.477146e-02
9.823161e-02,2.595614e-02,9.864486e-03,1.429162e-01,9.681912e-02,1.761630e-01,1.997315e-03,8.035272e-02,2.681284e-01,8.853069e-03,8.952189e-03,1.465675e-03,2.508189e-03,9.950909e-03,6.784104e-02
1.040804e-01,2.496456e-02,1.020774e-02,1.234448e-01,8.392275e-02,1.997558e-01,2.931495e-03,1.610152e-01,2.068016e-01,7.844243e-03,7.961245e-03,1.683067e-03,2.423470e-03,7.521783e-03,5.544185e-02
1.081132e-01,2.256625e-02,1.255328e-02,9.819116e-02,7.062645e-02,2.157861e-01,3.252008e-03,2.444036e-01,1.588708e-01,6.745358e-03,6.422861e-03,1.515643e-03,1.976091e-03,5.635125e-03,4.334214e-02
1.460107e-01,3.254828e-02,1.268525e-02,7.534233e-02,6.006546e-02,2.308029e-01,2.831786e-03,2.246471e-01,1.551870e-01,6.551462e-03,5.583365e-03,1.784681e-03,2.048520e-03,4.498146e-03,3.941300e-02
2.195369e-01,3.729013e-02,1.087813e-02,5.766748e-02,5.647448e-02,1.984848e-01,3.147612e-03,2.008741e-01,1.599184e-01,6.118236e-03,5.941446e-03,3.183969e-03,2.708822e-03,4.161594e-03,3.361389e-02
2.375950e-01,3.670837e-02,1.003357e-02,4.761393e-02,5.467645e-02,1.631284e-01,3.875290e-03,2.434132e-01,1.523356e-01,5.297307e-03,6.223237e-03,3.706264e-03,3.269556e-03,3.969832e-03,2.815395e-02
3.017185e-01,5.169075e-02,1.101001e-02,3.965148e-02,4.778947e-02,1.244854e-01,3.900866e-03,2.171180e-01,1.453633e-01,6.413627e-03,7.979531e-03,5.816306e-03,4.890854e-03,5.139393e-03,2.703257e-02
3.377267e-01,9.131938e-02,1.334265e-02,3.043166e-02,4.362980e-02,9.806406e-02,3.717394e-03,1.830039e-01,1.365107e-01,8.686161e-03,7.813481e-03,6.124591e-03,5.099993e-03,7.972015e-03,2.655753e-02
4.592569e-01,8.788183e-02,1.106241e-02,2.444671e-02,3.395934e-02,7.332601e-02,3.527738e-03,1.313872e-01,1.078000e-01,8.966807e-03,7.909022e-03,7.697992e-03,6.802478e-03,8.757987e-03,2.721761e-02
1.000000e+00,0.000000e+00,0.000000e+00,0.000000e+00,0.000000e+00,0.000000e+00,0.000000e+00,0.000000e+00,0.000000e+00,0.000000e+00,0.000000e+00,0.000000e+00,0.000000e+00,0.000000e+00,0.000000e+00
1.000000e+00,0.000000e+00,0.000000e+00,0.000000e+00,0.000000e+00,0.000000e+00,0.000000e+00,0.000000e+00,0.000000e+00,0.000000e+00,0.000000e+00,0.000000e+00,0.000000e+00,0.000000e+00,0.000000e+00
1.000000e+00,0.000000e+00,0.000000e+00,0.000000e+00,0.000000e+00,0.000000e+00,0.000000e+00,0.000000e+00,0.000000e+00,0.000000e+00,0.000000e+00,0.000000e+00,0.000000e+00,0.000000e+00,0.000000e+00
1.000000e+00,0.000000e+00,0.000000e+00,0.000000e+00,0.000000e+00,0.000000e+00,0.000000e+00,0.000000e+00,0.000000e+00,0.000000e+00,0.000000e+00,0.000000e+00,0.000000e+00,0.000000e+00,0.000000e+00
1.000000e+00,0.000000e+00,0.000000e+00,0.000000e+00,0.000000e+00,0.000000e+00,0.000000e+00,0.000000e+00,0.000000e+00,0.000000e+00,0.000000e+00,0.000000e+00,0.000000e+00,0.000000e+00,0.000000e+00
1.000000e+00,0.000000e+00,0.000000e+00,0.000000e+00,0.000000e+00,0.000000e+00,0.000000e+00,0.000000e+00,0.000000e+00,0.000000e+00,0.000000e+00,0.000000e+00,0.000000e+00,0.000000e+00,0.000000e+00
1.000000e+00,0.000000e+00,0.000000e+00,0.000000e+00,0.000000e+00,0.000000e+00,0.000000e+00,0.000000e+00,0.000000e+00,0.000000e+00,0.000000e+00,0.000000e+00,0.000000e+00,0.000000e+00,0.000000e+00
4.527444e-01,7.022597e-02,1.433068e-02,1.457468e-01,9.825531e-03,1.642209e-02,2.531675e-03,1.103631e-02,6.978403e-02,2.556866e-02,1.719171e-02,2.594318e-02,1.601475e-02,7.679071e-03,1.149552e-01
1.000000e+00,0.000000e+00,0.000000e+00,0.000000e+00,0.000000e+00,0.000000e+00,0.000000e+00,0.000000e+00,0.000000e+00,0.000000e+00,0.000000e+00,0.000000e+00,0.000000e+00,0.000000e+00,0.000000e+00
4.764074e-01,6.351911e-02,9.904802e-03,9.240630e-02,1.092016e-02,1.285418e-02,3.076447e-03,7.280281e-03,1.378805e-01,1.707209e-02,1.344506e-02,2.022016e-02,1.360058e-02,6.580701e-03,1.148323e-01
4.322176e-01,7.508674e-02,8.240770e-03,7.415331e-02,1.061412e-02,1.361909e-02,2.657973e-03,8.203169e-03,1.766636e-01,1.587607e-02,1.194209e-02,2.312866e-02,1.533612e-02,6.478010e-03,1.257827e-01
3.582991e-01,9.305665e-02,7.036774e-03,6.244580e-02,1.186744e-02,1.384749e-02,2.427820e-03,9.180166e-03,2.295428e-01,1.430098e-02,9.757929e-03,2.044853e-02,1.897868e-02,6.592943e-03,1.422169e-01
3.001921e-01,1.263567e-01,1.167849e-02,4.674286e-02,1.829470e-02,1.547937e-02,3.214600e-03,2.072812e-02,2.574559e-01,1.098886e-02,7.404467e-03,1.582896e-02,3.925849e-02,5.573264e-03,1.208031e-01
2.287449e-01,1.873050e-01,1.453577e-02,3.422418e-02,1.903715e-02,1.611392e-02,3.090716e-03,2.990357e-02,2.766106e-01,8.988312e-03,5.527483e-03,1.170861e-02,4.859988e-02,4.635022e-03,1.109748e-01
1.858203e-01,2.279301e-01,1.842573e-02,2.788557e-02,1.708884e-02,2.365951e-02,2.607820e-03,3.577614e-02,2.752226e-01,8.733565e-03,4.404854e-03,9.280071e-03,5.740835e-02,4.830881e-03,1.009256e-01
1.608670e-01,3.160074e-01,2.001188e-02,2.366411e-02,1.556004e-02,2.261340e-02,2.304110e-03,3.895859e-02,2.454152e-01,7.680374e-03,3.476879e-03,7.068179e-03,4.790438e-02,4.098081e-03,8.437037e-02
1.328889e-01,3.524015e-01,2.029049e-02,2.104164e-02,1.226635e-02,2.442690e-02,1.945063e-03,3.223961e-02,1.963687e-01,1.627564e-02,3.129277e-03,5.839791e-03,5.302475e-02,4.011542e-03,1.238499e-01
1.032495e-01,4.213295e-01,1.485451e-02,1.719398e-02,1.036104e-02,1.946340e-02,1.562865e-03,2.524140e-02,2.188343e-01,1.493567e-02,2.937206e-03,4.554607e-03,4.519989e-02,2.920231e-03,9.736188e-02
7.901200e-02,4.608929e-01,1.080266e-02,1.350127e-02,8.448715e-03,1.515398e-02,1.206082e-03,1.890837e-02,2.560217e-01,1.256094e-02,2.725352e-03,3.684467e-03,4.180785e-02,2.087343e-03,7.318626e-02
5.661533e-02,4.664949e-01,8.092574e-03,1.086451e-02,6.267691e-03,1.101125e-02,9.152786e-04,1.343820e-02,3.189896e-01,9.677451e-03,2.951290e-03,3.767140e-03,3.554793e-02,1.551088e-03,5.381584e-02
4.054786e-02,4.836863e-01,5.978116e-03,8.453933e-03,4.541667e-03,8.211717e-03,6.779081e-04,9.614114e-03,3.305882e-01,7.306364e-03,3.114300e-03,4.923519e-03,4.023189e-02,1.416634e-03,5.070751e-02
2.924339e-02,4.548942e-01,5.338965e-03,1.146875e-02,3.393408e-03,6.172742e-03,5.213682e-04,7.037853e-03,3.868579e-01,7.592525e-03,3.274497e-03,6.121741e-03,3.289225e-02,2.809762e-03,4.238056e-02
2.236535e-02,4.485832e-01,1.133923e-02,1.063998e-02,3.010614e-03,5.899333e-03,4.744979e-04,5.720946e-03,3.292820e-01,1.752493e-02,6.435064e-03,1.102947e-02,3.132435e-02,2.324305e-02,7.312799e-02
2.160325e-02,3.749955e-01,1.121603e-02,1.135978e-02,2.969280e-03,8.761423e-03,4.800159e-04,5.552489e-03,2.768930e-01,1.817317e-02,1.119541e-02,4.293627e-02,5.638561e-02,4.772116e-02,1.097576e-01
1.651699e-02,2.685063e-01,9.139076e-03,1.025008e-02,2.538133e-03,7.653955e-03,4.363201e-04,4.025768e-03,2.171360e-01,1.473012e-02,1.157939e-02,6.555589e-02,5.252299e-02,2.054725e-01,1.139365e-01
1.393431e-02,1.906189e-01,6.910868e-03,9.651075e-03,2.695754e-03,6.264539e-03,4.153737e-04,2.978653e-03,1.880616e-01,1.244308e-02,1.290265e-02,9.849088e-02,6.752303e-02,2.908970e-01,9.621227e-02
1.621035e-02,1.376924e-01,5.081411e-03,7.666542e-03,3.467693e-03,6.342169e-03,4.339745e-04,2.438326e-03,1.557499e-01,1.031536e-02,1.394802e-02,1.796290e-01,1.289844e-01,2.559328e-01,7.610764e-02
1.446336e-02,1.185137e-01,8.475049e-03,5.646558e-03,6.253474e-03,1.104166e-02,5.335058e-04,2.351274e-03,2.072917e-01,1.088851e-02,1.327215e-02,1.736652e-01,1.475623e-01,1.942594e-01,8.578224e-02
1.474203e-02,1.062233e-01,8.684628e-03,4.353731e-03,7.934637e-03,1.362133e-02,7.465781e-04,2.599080e-03,2.604706e-01,1.181119e-02,1.209500e-02,1.683914e-01,1.423793e-01,1.561018e-01,8.984546e-02
1.186830e-02,8.656559e-02,1.641357e-02,3.914816e-03,1.214414e-02,1.231265e-02,1.366851e-03,8.578869e-03,3.304707e-01,1.091215e-02,1.365849e-02,1.264051e-01,1.112409e-01,1.151680e-01,1.389798e-01
1.365862e-02,7.075671e-02,1.293774e-02,3.796245e-03,1.272790e-02,1.202031e-02,1.309329e-03,1.036110e-02,4.079943e-01,9.601515e-03,1.128899e-02,9.050178e-02,8.038783e-02,8.237959e-02,1.802781e-01
1.844436e-02,6.202269e-02,9.943679e-03,3.850967e-03,1.271961e-02,1.271177e-02,1.273258e-03,1.097421e-02,4.908839e-01,8.955259e-03,9.734256e-03,6.593190e-02,5.983354e-02,5.932253e-02,1.733981e-01
2.277410e-02,6.321560e-02,9.290768e-03,5.835973e-03,1.435371e-02,1.808095e-02,1.367047e-03,4.467040e-02,5.086460e-01,8.848228e-03,9.005964e-03,4.867440e-02,4.534861e-02,4.236355e-02,1.575247e-01
2.784792e-02,5.726213e-02,8.454009e-03,5.220079e-03,2.189728e-02,2.590054e-02,2.591839e-03,5.796961e-02,5.422433e-01,7.174031e-03,7.485225e-03,3.539757e-02,3.987038e-02,3.030656e-02,1.303795e-01
3.160053e-02,4.270967e-02,8.900277e-03,5.043571e-03,5.508029e-02,3.522788e-02,6.454456e-02,8.496097e-02,4.836856e-01,5.521796e-03,5.511933e-03,2.497247e-02,3.108924e-02,2.132027e-02,9.983096e-02
5.686567e-02,3.606793e-02,7.957226e-03,5.449046e-03,5.167864e-02,6.943477e-02,5.000048e-02,6.389520e-02,5.099269e-01,4.209139e-03,4.344613e-03,1.840532e-02,3.000919e-02,1.528392e-02,7.647198e-02
6.055110e-02,3.143878e-02,9.300439e-03,5.234369e-03,4.990305e-02,1.015415e-01,4.071173e-02,6.156551e-02,5.233644e-01,3.124937e-03,3.300967e-03,1.326298e-02,2.795860e-02,1.085807e-02,5.788359e-02
7.195047e-02,3.641517e-02,8.132534e-03,5.260383e-03,4.123902e-02,1.333999e-01,2.966443e-02,5.323597e-02,5.258245e-01,2.646601e-03,2.747581e-03,1.009061e-02,2.833723e-02,7.913169e-03,4.314242e-02
7.808354e-02,4.955671e-02,1.328197e-02,1.340086e-02,4.986456e-02,1.305620e-01,2.318160e-02,5.347581e-02,5.079605e-01,3.286062e-03,2.388900e-03,8.165872e-03,2.428499e-02,5.779895e-03,3.672674e-02
8.582349e-02,5.378436e-02,1.939306e-02,1.887322e-02,4.839716e-02,1.108721e-01,3.928027e-02,6.594405e-02,4.553982e-01,5.272450e-03,3.270872e-03,1.296328e-02,3.652377e-02,4.439251e-03,3.976449e-02
8.382309e-02,4.196570e-02,1.728076e-02,1.451749e-02,3.847450e-02,8.284947e-02,1.883393e-01,9.569930e-02,3.554464e-01,4.528008e-03,2.938478e-03,9.932172e-03,3.144424e-02,3.246805e-03,2.951430e-02
9.992623e-02,3.585615e-02,1.431408e-02,1.113444e-02,2.993782e-02,6.208996e-02,2.121569e-01,1.628204e-01,3.059689e-01,4.150275e-03,2.555616e-03,7.598059e-03,2.443737e-02,2.380760e-03,2.467309e-02
1.825742e-01,3.824316e-02,1.356030e-02,1.070017e-02,2.449236e-02,5.222359e-02,1.873903e-01,1.445820e-01,2.820248e-01,5.257722e-03,3.161461e-03,8.953352e-03,2.282303e-02,2.043878e-03,2.196968e-02
2.593800e-01,3.787706e-02,1.432806e-02,1.084353e-02,2.199307e-02,4.430022e-02,1.791927e-01,1.193961e-01,2.488974e-01,6.091609e-03,3.334523e-03,9.945983e-03,2.181247e-02,1.870075e-03,2.073717e-02
3.577068e-01,3.433756e-02,1.473299e-02,1.242392e-02,2.157825e-02,3.829871e-02,1.505664e-01,9.339132e-02,2.099697e-01,7.782932e-03,3.774136e-03,1.136316e-02,2.049559e-02,2.019976e-03,2.155865e-02
4.737287e-01,2.897247e-02,1.425060e-02,1.247186e-02,1.921439e-02,3.178970e-02,1.233090e-01,7.110508e-02,1.605573e-01,9.632205e-03,3.570629e-03,1.201144e-02,1.610666e-02,1.959304e-03,2.132081e-02
1.000000e+00,0.000000e+00,0.000000e+00,0.000000e+00,0.000000e+00,0.000000e+00,0.000000e+00,0.000000e+00,0.000000e+00,0.000000e+00,0.000000e+00,0.000000e+00,0.000000e+00,0.000000e+00,0.000000e+00
1.000000e+00,0.000000e+00,0.000000e+00,0.000000e+00,0.000000e+00,0.000000e+00,0.000000e+00,0.000000e+00,0.000000e+00,0.000000e+00,0.000000e+00,0.000000e+00,0.000000e+00,0.000000e+00,0.000000e+00
1.000000e+00,0.000000e+00,0.000000e+00,0.000000e+00,0.000000e+00,0.000000e+00,0.000000e+00,0.000000e+00,0.000000e+00,0.000000e+00,0.000000e+00,0.000000e+00,0.000000e+00,0.000000e+00,0.000000e+00
