1.000000e+00,0.000000e+00,0.000000e+00,0.000000e+00,0.000000e+00,0.000000e+00,0.000000e+00,0.000000e+00,0.000000e+00,0.000000e+00,0.000000e+00,0.000000e+00,0.000000e+00,0.000000e+00,0.000000e+00
1.000000e+00,0.000000e+00,0.000000e+00,0.000000e+00,0.000000e+00,0.000000e+00,0.000000e+00,0.000000e+00,0.000000e+00,0.000000e+00,0.000000e+00,0.000000e+00,0.000000e+00,0.000000e+00,0.000000e+00
1.000000e+00,0.000000e+00,0.000000e+00,0.000000e+00,0.000000e+00,0.000000e+00,0.000000e+00,0.000000e+00,0.000000e+00,0.000000e+00,0.000000e+00,0.000000e+00,0.000000e+00,0.000000e+00,0.000000e+00
1.000000e+00,0.000000e+00,0.000000e+00,0.000000e+00,0.000000e+00,0.000000e+00,0.000000e+00,0.000000e+00,0.000000e+00,0.000000e+00,0.000000e+00,0.000000e+00,0.000000e+00,0.000000e+00,0.000000e+00
1.000000e+00,0.000000e+00,0.000000e+00,0.000000e+00,0.000000e+00,0.000000e+00,0.000000e+00,0.000000e+00,0.000000e+00,0.000000e+00,0.000000e+00,0.000000e+00,0.000000e+00,0.000000e+00,0.000000e+00
1.000000e+00,0.000000e+00,0.000000e+00,0.000000e+00,0.000000e+00,0.000000e+00,0.000000e+00,0.000000e+00,0.000000e+00,0.000000e+00,0.000000e+00,0.000000e+00,0.000000e+00,0.000000e+00,0.000000e+00
1.000000e+00,0.000000e+00,0.000000e+00,0.000000e+00,0.000000e+00,0.000000e+00,0.000000e+00,0.000000e+00,0.000000e+00,0.000000e+00,0.000000e+00,0.000000e+00,0.000000e+00,0.000000e+00,0.000000e+00
1.000000e+00,0.000000e+00,0.000000e+00,0.000000e+00,0.000000e+00,0.000000e+00,0.000000e+00,0.000000e+00,0.000000e+00,0.000000e+00,0.000000e+00,0.000000e+00,0.000000e+00,0.000000e+00,0.000000e+00
1.000000e+00,0.000000e+00,0.000000e+00,0.000000e+00,0.000000e+00,0.000000e+00,0.000000e+00,0.000000e+00,0.000000e+00,0.000000e+00,0.000000e+00,0.000000e+00,0.000000e+00,0.000000e+00,0.000000e+00
1.000000e+00,0.000000e+00,0.000000e+00,0.000000e+00,0.000000e+00,0.000000e+00,0.000000e+00,0.000000e+00,0.000000e+00,0.000000e+00,0.000000e+00,0.000000e+00,0.000000e+00,0.000000e+00,0.000000e+00
1.000000e+00,0.000000e+00,0.000000e+00,0.000000e+00,0.000000e+00,0.000000e+00,0.000000e+00,0.000000e+00,0.000000e+00,0.000000e+00,0.000000e+00,0.000000e+00,0.000000e+00,0.000000e+00,0.000000e+00
1.000000e+00,0.000000e+00,0.000000e+00,0.000000e+00,0.000000e+00,0.000000e+00,0.000000e+00,0.000000e+00,0.000000e+00,0.000000e+00,0.000000e+00,0.000000e+00,0.000000e+00,0.000000e+00,0.000000e+00
1.000000e+00,0.000000e+00,0.000000e+00,0.000000e+00,0.000000e+00,0.000000e+00,0.000000e+00,0.000000e+00,0.000000e+00,0.000000e+00,0.000000e+00,0.000000e+00,0.000000e+00,0.000000e+00,0.000000e+00
1.000000e+00,0.000000e+00,0.000000e+00,0.000000e+00,0.000000e+00,0.000000e+00,0.000000e+00,0.000000e+00,0.000000e+00,0.000000e+00,0.000000e+00,0.000000e+00,0.000000e+00,0.000000e+00,0.000000e+00
1.000000e+00,0.000000e+00,0.000000e+00,0.000000e+00,0.000000e+00,0.000000e+00,0.000000e+00,0.000000e+00,0.000000e+00,0.000000e+00,0.000000e+00,0.000000e+00,0.000000e+00,0.000000e+00,0.000000e+00
1.000000e+00,0.000000e+00,0.000000e+00,0.000000e+00,0.000000e+00,0.000000e+00,0.000000e+00,0.000000e+00,0.000000e+00,0.000000e+00,0.000000e+00,0.000000e+00,0.000000e+00,0.000000e+00,0.000000e+00
1.000000e+00,0.000000e+00,0.000000e+00,0.000000e+00,0.000000e+00,0.000000e+00,0.000000e+00,0.000000e+00,0.000000e+00,0.000000e+00,0.000000e+00,0.000000e+00,0.000000e+00,0.000000e+00,0.000000e+00
1.000000e+00,0.000000e+00,0.000000e+00,0.000000e+00,0.000000e+00,0.000000e+00,0.000000e+00,0.000000e+00,0.000000e+00,0.000000e+00,0.000000e+00,0.000000e+00,0.000000e+00,0.000000e+00,0.000000e+00
1.000000e+00,0.000000e+00,0.000000e+00,0.000000e+00,0.000000e+00,0.000000e+00,0.000000e+00,0.000000e+00,0.000000e+00,0.000000e+00,0.000000e+00,0.000000e+00,0.000000e+00,0.000000e+00,0.000000e+00
1.000000e+00,0.000000e+00,0.000000e+00,0.000000e+00,0.000000e+00,0.000000e+00,0.000000e+00,0.000000e+00,0.000000e+00,0.000000e+00,0.000000e+00,0.000000e+00,0.000000e+00,0.000000e+00,0.000000e+00
1.000000e+00,0.000000e+00,0.000000e+00,0.000000e+00,0.000000e+00,0.000000e+00,0.000000e+00,0.000000e+00,0.000000e+00,0.000000e+00,0.000000e+00,0.000000e+00,0.000000e+00,0.000000e+00,0.000000e+00
1.000000e+00,0.000000e+00,0.000000e+00,0.000000e+00,0.000000e+00,0.000000e+00,0.000000e+00,0.000000e+00,0.000000e+00,0.000000e+00,0.000000e+00,0.000000e+00,0.000000e+00,0.000000e+00,0.000000e+00
1.000000e+00,0.000000e+00,0.000000e+00,0.000000e+00,0.000000e+00,0.000000e+00,0.000000e+00,0.000000e+00,0.000000e+00,0.000000e+00,0.000000e+00,0.000000e+00,0.000000e+00,0.000000e+00,0.000000e+00
1.000000e+00,0.000000e+00,0.000000e+00,0.000000e+00,0.000000e+00,0.000000e+00,0.000000e+00,0.000000e+00,0.000000e+00,0.000000e+00,0.000000e+00,0.000000e+00,0.000000e+00,0.000000e+00,0.000000e+00
1.000000e+00,0.000000e+00,0.000000e+00,0.000000e+00,0.000000e+00,0.000000e+00,0.000000e+00,0.000000e+00,0.000000e+00,0.000000e+00,0.000000e+00,0.000000e+00,0.000000e+00,0.000000e+00,0.000000e+00
1.000000e+00,0.000000e+00,0.000000e+00,0.000000e+00,0.000000e+00,0.000000e+00,0.000000e+00,0.000000e+00,0.000000e+00,0.000000e+00,0.000000e+00,0.000000e+00,0.000000e+00,0.000000e+00,0.000000e+00
1.000000e+00,0.000000e+00,0.000000e+00,0.000000e+00,0.000000e+00,0.000000e+00,0.000000e+00,0.000000e+00,0.000000e+00,0.000000e+00,0.000000e+00,0.000000e+00,0.000000e+00,0.000000e+00,0.000000e+00
1.000000e+00,0.000000e+00,0.000000e+00,0.000000e+00,0.000000e+00,0.000000e+00,0.000000e+00,0.000000e+00,0.000000e+00,0.000000e+00,0.000000e+00,0.000000e+00,0.000000e+00,0.000000e+00,0.000000e+00
1.000000e+00,0.000000e+00,0.000000e+00,0.000000e+00,0.000000e+00,0.000000e+00,0.000000e+00,0.000000e+00,0.000000e+00,0.000000e+00,0.000000e+00,0.000000e+00,0.000000e+00,0.000000e+00,0.000000e+00
1.000000e+00,0.000000e+00,0.000000e+00,0.000000e+00,0.000000e+00,0.000000e+00,0.000000e+00,0.000000e+00,0.000000e+00,0.000000e+00,0.000000e+00,0.000000e+00,0.000000e+00,0.000000e+00,0.000000e+00
1.000000e+00,0.000000e+00,0.000000e+00,0.000000e+00,0.000000e+00,0.000000e+00,0.000000e+00,0.000000e+00,0.000000e+00,0.000000e+00,0.000000e+00,0.000000e+00,0.000000e+00,0.000000e+00,0.000000e+00
1.000000e+00,0.000000e+00,0.000000e+00,0.000000e+00,0.000000e+00,0.000000e+00,0.000000e+00,0.000000e+00,0.000000e+00,0.000000e+00,0.000000e+00,0.000000e+00,0.000000e+00,0.000000e+00,0.000000e+00
1.000000e+00,0.000000e+00,0.000000e+00,0.000000e+00,0.000000e+00,0.000000e+00,0.000000e+00,0.000000e+00,0.000000e+00,0.000000e+00,0.000000e+00,0.000000e+00,0.000000e+00,0.000000e+00,0.000000e+00
1.000000e+00,0.000000e+00,0.000000e+00,0.000000e+00,0.000000e+00,0.000000e+00,0.000000e+00,0.000000e+00,0.000000e+00,0.000000e+00,0.000000e+00,0.000000e+00,0.000000e+00,0.000000e+00,0.000000e+00
1.000000e+00,0.000000e+00,0.000000e+00,0.000000e+00,0.000000e+00,0.000000e+00,0.000000e+00,0.000000e+00,0.000000e+00,0.000000e+00,0.000000e+00,0.000000e+00,0.000000e+00,0.000000e+00,0.000000e+00
4.652110e-01,4.268776e-02,1.181619e-02,9.034824e-02,2.773572e-02,9.270996e-02,2.899905e-02,2.765124e-02,2.118091e-02,2.426094e-03,7.088403e-03,7.171869e-02,8.536914e-02,2.028954e-03,2.302861e-02
3.696684e-01,5.408227e-02,1.291756e-02,1.195963e-01,3.343074e-02,1.040367e-01,3.001623e-02,2.885489e-02,2.783004e-02,2.714923e-03,7.376076e-03,8.490965e-02,9.359479e-02,2.069350e-03,2.890216e-02
3.560777e-01,5.626975e-02,1.301305e-02,1.215846e-01,3.623007e-02,1.045663e-01,3.148220e-02,2.691886e-02,2.848230e-02,2.656602e-03,7.521309e-03,8.679159e-02,9.809409e-02,2.175857e-03,2.813564e-02
3.134281e-01,5.970059e-02,1.450206e-02,1.473674e-01,4.048190e-02,1.004473e-01,2.973023e-02,2.864565e-02,2.959817e-02,2.857625e-03,8.732391e-03,9.227309e-02,9.930715e-02,2.587797e-03,3.034050e-02
2.554438e-01,6.056986e-02,2.539113e-02,1.722196e-01,4.660542e-02,1.106270e-01,2.698922e-02,3.126824e-02,3.161485e-02,3.370853e-03,9.770343e-03,9.692271e-02,9.269518e-02,2.542288e-03,3.396937e-02
2.753080e-01,6.596357e-02,2.229266e-02,1.727388e-01,4.742448e-02,9.307680e-02,2.310094e-02,2.621732e-02,3.162869e-02,3.562672e-03,1.092594e-02,9.573282e-02,9.016943e-02,3.503000e-03,3.835483e-02
2.832898e-01,7.164113e-02,1.973143e-02,1.708793e-01,4.304478e-02,8.205678e-02,2.002694e-02,2.240168e-02,3.219855e-02,3.772126e-03,1.307044e-02,9.908152e-02,8.988485e-02,4.623988e-03,4.429667e-02
2.391555e-01,7.607913e-02,4.018280e-02,2.018361e-01,4.407571e-02,7.148847e-02,1.721623e-02,2.533126e-02,2.951052e-02,4.197032e-03,1.629979e-02,1.021801e-01,7.981119e-02,4.855079e-03,4.778113e-02
2.464193e-01,8.339018e-02,3.705129e-02,2.113577e-01,4.246360e-02,6.107137e-02,1.486446e-02,2.203230e-02,3.152117e-02,4.873690e-03,1.869052e-02,9.562749e-02,7.147297e-02,5.403376e-03,5.376063e-02
1.749647e-01,8.752994e-02,3.759881e-02,3.945454e-01,3.039969e-02,4.305882e-02,1.057397e-02,1.590807e-02,2.333997e-02,3.861017e-03,1.396657e-02,6.741154e-02,5.056561e-02,3.885468e-03,4.239050e-02
1.260219e-01,6.477565e-02,3.989387e-02,5.406282e-01,2.169790e-02,3.035138e-02,7.534359e-03,1.154175e-02,1.809553e-02,4.339780e-03,1.259517e-02,4.785477e-02,3.610247e-02,2.827112e-03,3.574025e-02
1.879343e-01,5.785442e-02,5.159969e-02,4.843941e-01,1.684542e-02,2.338312e-02,5.679484e-03,9.347260e-03,1.575767e-02,5.036339e-03,1.411180e-02,3.616142e-02,3.045641e-02,3.949483e-03,5.748912e-02
1.726407e-01,5.638170e-02,4.165159e-02,4.614614e-01,1.461562e-02,1.863728e-02,5.277521e-03,7.301094e-03,3.937664e-02,1.035477e-02,1.807252e-02,2.759157e-02,2.881015e-02,3.850909e-03,9.397658e-02
1.700193e-01,4.752069e-02,3.092389e-02,4.230855e-01,1.138761e-02,2.278112e-02,4.796602e-03,6.037921e-03,5.397946e-02,8.938355e-03,1.559255e-02,2.004464e-02,1.066601e-01,2.939119e-03,7.529329e-02
1.298831e-01,6.992742e-02,2.635069e-02,4.007504e-01,8.060242e-03,1.763872e-02,3.466609e-03,4.356468e-03,1.466912e-01,7.373873e-03,1.178479e-02,1.502849e-02,8.014777e-02,2.440517e-03,7.609978e-02
1.395544e-01,5.599086e-02,1.981856e-02,3.222753e-01,6.234694e-03,2.444560e-02,2.969199e-03,3.549481e-03,1.877580e-01,5.872320e-03,1.107559e-02,1.318243e-02,1.322835e-01,2.590087e-03,7.239993e-02
1.027082e-01,6.406347e-02,2.970185e-02,3.836555e-01,4.744927e-03,1.766042e-02,2.227408e-03,2.662723e-03,1.891209e-01,5.195064e-03,8.699453e-03,9.868729e-03,9.523274e-02,2.141521e-03,8.231712e-02
1.836714e-01,6.438848e-02,3.222263e-02,2.987274e-01,3.664595e-03,1.611720e-02,1.663017e-03,2.228702e-03,1.836782e-01,5.417281e-03,9.559682e-03,1.019980e-02,7.969495e-02,3.501048e-03,1.052657e-01
3.409805e-01,4.853490e-02,2.428164e-02,2.180746e-01,4.723486e-03,1.382060e-02,1.619691e-03,2.567858e-03,1.658399e-01,4.529921e-03,1.252596e-02,1.109896e-02,6.963930e-02,3.439083e-03,7.832361e-02
4.645368e-01,4.074699e-02,1.861155e-02,1.599533e-01,4.499614e-03,1.418013e-02,2.257936e-03,4.001510e-03,1.364499e-01,5.392089e-03,1.117212e-02,1.061613e-02,5.557593e-02,4.833527e-03,6.717256e-02
3.761745e-01,4.036841e-02,4.994541e-02,2.389627e-01,3.709590e-03,1.460250e-02,1.749463e-03,3.114766e-03,1.125139e-01,1.281692e-02,8.927124e-03,8.853334e-03,4.359763e-02,4.015749e-03,8.064799e-02
4.060859e-01,3.353242e-02,4.401700e-02,1.850542e-01,3.081724e-03,1.504511e-02,1.332848e-03,2.602058e-03,9.040767e-02,1.342950e-02,8.170393e-03,7.193774e-03,3.856132e-02,5.837455e-03,1.456486e-01
1.000000e+00,0.000000e+00,0.000000e+00,0.000000e+00,0.000000e+00,0.000000e+00,0.000000e+00,0.000000e+00,0.000000e+00,0.000000e+00,0.000000e+00,0.000000e+00,0.000000e+00,0.000000e+00,0.000000e+00
1.000000e+00,0.000000e+00,0.000000e+00,0.000000e+00,0.000000e+00,0.000000e+00,0.000000e+00,0.000000e+00,0.000000e+00,0.000000e+00,0.000000e+00,0.000000e+00,0.000000e+00,0.000000e+00,0.000000e+00
1.000000e+00,0.000000e+00,0.000000e+00,0.000000e+00,0.000000e+00,0.000000e+00,0.000000e+00,0.000000e+00,0.000000e+00,0.000000e+00,0.000000e+00,0.000000e+00,0.000000e+00,0.000000e+00,0.000000e+00
1.000000e+00,0.000000e+00,0.000000e+00,0.000000e+00,0.000000e+00,0.000000e+00,0.000000e+00,0.000000e+00,0.000000e+00,0.000000e+00,0.000000e+00,0.000000e+00,0.000000e+00,0.000000e+00,0.000000e+00
1.000000e+00,0.000000e+00,0.000000e+00,0.000000e+00,0.000000e+00,0.000000e+00,0.000000e+00,0.000000e+00,0.000000e+00,0.000000e+00,0.000000e+00,0.000000e+00,0.000000e+00,0.000000e+00,0.000000e+00
1.000000e+00,0.000000e+00,0.000000e+00,0.000000e+00,0.000000e+00,0.000000e+00,0.000000e+00,0.000000e+00,0.000000e+00,0.000000e+00,0.000000e+00,0.000000e+00,0.000000e+00,0.000000e+00,0.000000e+00
1.000000e+00,0.000000e+00,0.000000e+00,0.000000e+00,0.000000e+00,0.000000e+00,0.000000e+00,0.000000e+00,0.000000e+00,0.000000e+00,0.000000e+00,0.000000e+00,0.000000e+00,0.000000e+00,0.000000e+00
1.000000e+00,0.000000e+00,0.000000e+00,0.000000e+00,0.000000e+00,0.000000e+00,0.000000e+00,0.000000e+00,0.000000e+00,0.000000e+00,0.000000e+00,0.000000e+00,0.000000e+00,0.000000e+00,0.000000e+00
1.000000e+00,0.000000e+00,0.000000e+00,0.000000e+00,0.000000e+00,0.000000e+00,0.000000e+00,0.000000e+00,0.000000e+00,0.000000e+00,0.000000e+00,0.000000e+00,0.000000e+00,0.000000e+00,0.000000e+00
4.994785e-01,1.098251e-02,1.210558e-02,3.100447e-02,6.210835e-03,1.960578e-02,1.673714e-03,2.939946e-03,3.294303e-02,4.306871e-02,3.745621e-02,6.107083e-02,1.718342e-01,1.784488e-02,5.178088e-02
3.742362e-01,9.328183e-03,1.102913e-02,2.463316e-02,8.274208e-03,2.438435e-02,1.680270e-03,3.411963e-03,3.593403e-02,6.274085e-02,5.282483e-02,7.042594e-02,2.473206e-01,1.405432e-02,5.972211e-02
2.816930e-01,8.195742e-03,8.728601e-03,2.190069e-02,8.629662e-03,2.906179e-02,1.613132e-03,2.995915e-03,3.534584e-02,1.027035e-01,6.450354e-02,7.626721e-02,2.566621e-01,1.112275e-02,9.057663e-02
2.566504e-01,8.237962e-03,7.489691e-03,2.053118e-02,8.447150e-03,8.736870e-02,1.567823e-03,3.251888e-03,3.456106e-02,1.137410e-01,8.488696e-02,9.805246e-02,1.965485e-01,9.843841e-03,6.882145e-02
2.599616e-01,8.261767e-03,5.676862e-03,2.001459e-02,7.547312e-03,7.648300e-02,1.217303e-03,2.950423e-03,3.284886e-02,1.280362e-01,1.041944e-01,1.357579e-01,1.559102e-01,8.216240e-03,5.292330e-02
2.521876e-01,9.910100e-03,4.484981e-03,2.102754e-02,6.248405e-03,6.232011e-02,9.603353e-04,2.973593e-03,3.733306e-02,1.306312e-01,1.102118e-01,1.926581e-01,1.221615e-01,7.508595e-03,3.938304e-02
2.402970e-01,1.076925e-02,4.018465e-03,2.148944e-02,1.190584e-02,4.693846e-02,1.162239e-03,5.018267e-03,7.695446e-02,1.069210e-01,1.239811e-01,2.226600e-01,9.144412e-02,6.389428e-03,3.005091e-02
1.783593e-01,1.010331e-02,3.312624e-03,1.666071e-02,1.704559e-02,3.387581e-02,1.016933e-03,4.810726e-03,2.917625e-01,7.598743e-02,9.834066e-02,1.764332e-01,6.600622e-02,4.773907e-03,2.151112e-02
1.437021e-01,1.257231e-02,8.312022e-03,1.418095e-02,1.578410e-02,2.527685e-02,1.424122e-03,2.854655e-02,4.207340e-01,5.456555e-02,7.287401e-02,1.348624e-01,4.715071e-02,4.324011e-03,1.569031e-02
1.121332e-01,1.566170e-02,1.990660e-02,1.306291e-02,1.533894e-02,1.953818e-02,1.394127e-03,2.967128e-02,5.270511e-01,4.002469e-02,5.816765e-02,9.842376e-02,3.327305e-02,3.934563e-03,1.241825e-02
8.844541e-02,1.227467e-02,3.079492e-02,1.900933e-02,2.180543e-02,1.548263e-02,1.716646e-03,6.391633e-02,5.636583e-01,2.860335e-02,4.868614e-02,7.022142e-02,2.365091e-02,2.937999e-03,8.796557e-03
8.147283e-02,1.377185e-02,4.467304e-02,4.479414e-02,3.195354e-02,1.846543e-02,2.457751e-03,7.380083e-02,5.368947e-01,2.720027e-02,3.632488e-02,5.013223e-02,1.718679e-02,2.816112e-03,1.805556e-02
7.258446e-02,2.034334e-02,4.277394e-02,4.811981e-02,3.858224e-02,1.986140e-02,2.402158e-03,6.651602e-02,5.614238e-01,2.388592e-02,2.818005e-02,3.595406e-02,1.262638e-02,3.592444e-03,2.315392e-02
8.610395e-02,3.311595e-02,3.755828e-02,4.230402e-02,7.691554e-02,1.820827e-02,2.449767e-03,6.564227e-02,5.055836e-01,3.261971e-02,2.759218e-02,2.601135e-02,9.797501e-03,1.459557e-02,2.150196e-02
1.116196e-01,5.077451e-02,5.797461e-02,4.169879e-02,8.769965e-02,1.764536e-02,2.042869e-03,6.980965e-02,4.268510e-01,3.607805e-02,2.908502e-02,1.954323e-02,7.348967e-03,1.819837e-02,2.363029e-02
1.097474e-01,4.605394e-02,9.707575e-02,8.727680e-02,6.971680e-02,1.742103e-02,1.580728e-03,5.415678e-02,3.612132e-01,5.557422e-02,3.695422e-02,1.746755e-02,7.459454e-03,1.368275e-02,2.461930e-02
7.992981e-02,4.082621e-02,8.868164e-02,1.390152e-01,5.559661e-02,1.429330e-02,1.230214e-03,3.953859e-02,2.601492e-01,4.180181e-02,1.539452e-01,4.238693e-02,1.092479e-02,1.084110e-02,2.083948e-02
5.806858e-02,4.553679e-02,1.114134e-01,1.886878e-01,4.097440e-02,1.474345e-02,9.217737e-04,2.896466e-02,2.101409e-01,3.741455e-02,1.475031e-01,7.488917e-02,1.036184e-02,8.151256e-03,2.222839e-02
4.170348e-02,3.347022e-02,8.247562e-02,1.431540e-01,2.925771e-02,1.121271e-02,7.016353e-04,2.054380e-02,1.533975e-01,2.761956e-02,2.531245e-01,1.685690e-01,1.045013e-02,7.205980e-03,1.711412e-02
2.941168e-02,2.422131e-02,5.780142e-02,1.008539e-01,2.059584e-02,8.556346e-03,5.015790e-04,1.440953e-02,1.147600e-01,2.143851e-02,2.320820e-01,3.439541e-01,9.681783e-03,9.453719e-03,1.227824e-02
2.072434e-02,1.740844e-02,4.047646e-02,7.085346e-02,1.457838e-02,6.370146e-03,3.669900e-04,1.011154e-02,1.009545e-01,1.987303e-02,2.522791e-01,4.176005e-01,9.858308e-03,9.765103e-03,8.779742e-03
1.504041e-02,1.421279e-02,2.839300e-02,4.988689e-02,1.034084e-02,5.133333e-03,2.843381e-04,7.116810e-03,1.073992e-01,2.355313e-02,3.014317e-01,4.098482e-01,1.036488e-02,1.044539e-02,6.549089e-03
1.064800e-02,1.094976e-02,1.994961e-02,3.515375e-02,7.558089e-03,3.890341e-03,2.522464e-04,5.018990e-03,1.114202e-01,2.905033e-02,3.082061e-01,4.311968e-01,9.718711e-03,1.198052e-02,5.006470e-03
7.691141e-03,9.458018e-03,1.446388e-02,2.485195e-02,6.610789e-03,3.032967e-03,5.248147e-04,3.593131e-03,1.236155e-01,4.077940e-02,3.597533e-01,3.711979e-01,8.397706e-03,1.981124e-02,6.218274e-03
5.758158e-03,8.538339e-03,1.028131e-02,1.750407e-02,6.708857e-03,2.431486e-03,4.699496e-04,2.677755e-03,1.993617e-01,5.162273e-02,3.770404e-01,2.859835e-01,7.639466e-03,1.898947e-02,4.992812e-03
4.240987e-03,7.229926e-03,7.450355e-03,1.234954e-02,6.203542e-03,2.407942e-03,5.189198e-04,2.701944e-03,3.446878e-01,4.579304e-02,3.247775e-01,2.151030e-01,6.161233e-03,1.650859e-02,3.865669e-03
3.176672e-03,6.970194e-03,5.291008e-03,8.678907e-03,4.516599e-03,2.794795e-03,5.091232e-04,5.438057e-03,5.174467e-01,3.336086e-02,2.383275e-01,1.541476e-01,4.472395e-03,1.210613e-02,2.763491e-03
2.527798e-03,6.390834e-03,3.882975e-03,6.547070e-03,3.588160e-03,3.131886e-03,1.624528e-03,7.587156e-02,5.487314e-01,2.787091e-02,1.878236e-01,1.171028e-01,3.626482e-03,9.206781e-03,2.073225e-03
2.282208e-03,4.841322e-03,4.199719e-03,9.432664e-03,4.248931e-03,4.114048e-03,5.810367e-03,2.178753e-01,4.536606e-01,2.628944e-02,1.732749e-01,8.276598e-02,2.895459e-03,6.820746e-03,1.488396e-03
7.607392e-03,3.778398e-03,3.963312e-03,1.190844e-02,1.591252e-02,4.926856e-03,1.131927e-02,2.994618e-01,3.556426e-01,6.193607e-02,1.567368e-01,5.827615e-02,2.418166e-03,5.042420e-03,1.069763e-03
1.266449e-02,3.485181e-03,2.921605e-03,1.068852e-02,1.578484e-02,4.104983e-03,8.248600e-03,2.206876e-01,2.932297e-01,1.566828e-01,2.238160e-01,4.098284e-02,1.893484e-03,4.032261e-03,7.771375e-04
3.808289e-02,3.148368e-03,2.898037e-03,3.129451e-02,1.815413e-02,4.287570e-03,6.527972e-03,1.887449e-01,2.179089e-01,2.518543e-01,2.007487e-01,3.003814e-02,2.569730e-03,3.160884e-03,5.809573e-04
6.393944e-02,2.878750e-03,2.603076e-03,3.961343e-02,1.724998e-02,4.574404e-03,5.019916e-03,1.409105e-01,1.644498e-01,3.317460e-01,1.975448e-01,2.328357e-02,3.095317e-03,2.608382e-03,4.827084e-04
8.586749e-02,3.455965e-03,2.318616e-03,3.460743e-02,1.443127e-02,3.910195e-03,3.664907e-03,1.054426e-01,1.385544e-01,4.028199e-01,1.794850e-01,1.823029e-02,2.967429e-03,3.537104e-03,7.074472e-04
1.087527e-01,1.279527e-02,4.369282e-03,1.023722e-01,2.356957e-02,5.039485e-03,2.952962e-03,9.651166e-02,1.649709e-01,2.910148e-01,1.473497e-01,2.457989e-02,8.292520e-03,3.009211e-03,4.419803e-03
9.453723e-02,1.339841e-02,1.467269e-02,2.700121e-01,2.312127e-02,4.173934e-03,2.240484e-03,7.193097e-02,1.470737e-01,2.084955e-01,1.106181e-01,2.404411e-02,7.841762e-03,2.260495e-03,5.579290e-03
1.204352e-01,1.832596e-02,1.359550e-02,2.316345e-01,3.192830e-02,6.500262e-03,2.007973e-03,6.532082e-02,2.199470e-01,1.584427e-01,9.473474e-02,2.004617e-02,7.015596e-03,3.879780e-03,6.185312e-03
1.636839e-01,2.263843e-02,1.138380e-02,1.742212e-01,3.653294e-02,8.902853e-03,1.994171e-03,6.075875e-02,2.708655e-01,1.306784e-01,8.383729e-02,1.724063e-02,6.028179e-03,4.643586e-03,6.590440e-03
2.258388e-01,2.452351e-02,8.705607e-03,1.272570e-01,3.951859e-02,1.488404e-02,1.694802e-03,4.781843e-02,2.952428e-01,1.052339e-01,7.173599e-02,1.357582e-02,6.019864e-03,7.550587e-03,1.040026e-02
2.394507e-01,4.023440e-02,9.941666e-03,9.859040e-02,4.648884e-02,3.029567e-02,1.719056e-03,3.844571e-02,3.045079e-01,8.859987e-02,5.921623e-02,1.033327e-02,7.575552e-03,1.029107e-02,1.430968e-02
2.660537e-01,4.682278e-02,1.525866e-02,8.238318e-02,5.160958e-02,3.546767e-02,3.467329e-03,3.278753e-02,2.925391e-01,8.285701e-02,4.694118e-02,9.193875e-03,8.392582e-03,1.005465e-02,1.617109e-02
3.240536e-01,5.367243e-02,1.954407e-02,6.325058e-02,5.740291e-02,3.584921e-02,4.151479e-03,2.532366e-02,2.601500e-01,7.066562e-02,3.832414e-02,9.980980e-03,9.824395e-03,9.082079e-03,1.872484e-02
3.704407e-01,5.093280e-02,1.766887e-02,4.812913e-02,6.297316e-02,3.397311e-02,5.028690e-03,1.976641e-02,2.497360e-01,6.519499e-02,2.943303e-02,1.039502e-02,9.067099e-03,7.453667e-03,1.980737e-02
4.448475e-01,5.702029e-02,1.801429e-02,3.598923e-02,4.948081e-02,3.060358e-02,5.992707e-03,1.510602e-02,2.247342e-01,5.116607e-02,2.295685e-02,1.018488e-02,7.945345e-03,6.487355e-03,1.947096e-02
4.801127e-01,6.747808e-02,1.740484e-02,3.401766e-02,4.019574e-02,2.798237e-02,6.331392e-03,1.193524e-02,1.865495e-01,3.986746e-02,2.066729e-02,2.293278e-02,1.011462e-02,6.380593e-03,2.802975e-02
4.412891e-01,7.549981e-02,1.901742e-02,5.470692e-02,3.245664e-02,2.899906e-02,6.484141e-03,1.004854e-02,1.643938e-01,3.430974e-02,2.191431e-02,3.815041e-02,1.233337e-02,6.868524e-03,5.352819e-02
4.254403e-01,6.069459e-02,1.625487e-02,4.816836e-02,2.480583e-02,3.938022e-02,5.156775e-03,9.166189e-03,1.333333e-01,2.776605e-02,3.356010e-02,6.616196e-02,1.273874e-02,9.846103e-03,8.752672e-02
3.292203e-01,4.763298e-02,1.767840e-02,4.066315e-02,1.844644e-02,7.530504e-02,4.252521e-03,7.279123e-03,9.756502e-02,2.714217e-02,1.014534e-01,1.406110e-01,1.173581e-02,9.824513e-03,7.119022e-02
2.817790e-01,3.682954e-02,1.632250e-02,3.199346e-02,1.497405e-02,8.114010e-02,4.036454e-03,6.946365e-03,7.080220e-02,2.053817e-02,2.043206e-01,1.228800e-01,1.148466e-02,3.893529e-02,5.701751e-02
2.175234e-01,2.784577e-02,1.489737e-02,2.805120e-02,1.224259e-02,6.530269e-02,3.235695e-03,5.506115e-03,5.428242e-02,4.850492e-02,2.556435e-01,1.364704e-01,9.325581e-03,7.726580e-02,4.390255e-02
1.630302e-01,2.124838e-02,1.247637e-02,2.217270e-02,9.766990e-03,5.160798e-02,2.712998e-03,4.826169e-03,4.218867e-02,5.240380e-02,2.945073e-01,1.456645e-01,8.129199e-03,1.359170e-01,3.334771e-02
1.163721e-01,1.646235e-02,9.020169e-03,1.587424e-02,6.991240e-03,3.738935e-02,2.023525e-03,3.712126e-03,3.335211e-02,8.172063e-02,3.291944e-01,1.595908e-01,7.800332e-03,1.546803e-01,2.581627e-02
8.208915e-02,1.751620e-02,6.653777e-03,1.130526e-02,4.973877e-03,2.683739e-02,1.444336e-03,2.803732e-03,2.870762e-02,9.071752e-02,4.176491e-01,1.412235e-01,7.318466e-03,1.410805e-01,1.967961e-02
5.783174e-02,2.561600e-02,4.861084e-03,8.086951e-03,3.587821e-03,1.893659e-02,1.024644e-03,2.142487e-03,6.571568e-02,8.761471e-02,4.309079e-01,1.224434e-01,7.635465e-03,1.420751e-01,2.152045e-02
4.050779e-02,2.318302e-02,3.432206e-03,5.673348e-03,2.535532e-03,1.348804e-02,7.221759e-04,1.526437e-03,9.179284e-02,6.977631e-02,4.472073e-01,9.520249e-02,7.536632e-03,1.641586e-01,3.325726e-02
2.837363e-02,2.805247e-02,2.446492e-03,3.975469e-03,1.805627e-03,9.676172e-03,5.081629e-04,1.088694e-03,1.540579e-01,5.131201e-02,3.981092e-01,7.041343e-02,6.390709e-03,2.104599e-01,3.333016e-02
1.990419e-02,2.814481e-02,1.749386e-03,2.788385e-03,1.288819e-03,7.361550e-03,3.569446e-04,7.817915e-04,1.749598e-01,3.616606e-02,3.438391e-01,5.072824e-02,4.773424e-03,2.986742e-01,2.848324e-02
1.402703e-02,6.957324e-02,1.361490e-03,1.957453e-03,9.990304e-04,5.795006e-03,2.519708e-04,5.864377e-04,1.721991e-01,2.543007e-02,3.113619e-01,3.605412e-02,3.552139e-03,3.313363e-01,2.551466e-02
9.918528e-03,6.978069e-02,1.049176e-03,1.400970e-03,1.024656e-03,4.656500e-03,1.825075e-04,5.970938e-04,1.655159e-01,1.791117e-02,2.489799e-01,2.570477e-02,2.628233e-03,4.307173e-01,1.993264e-02
7.481710e-03,9.041223e-02,2.043091e-03,1.342253e-03,5.840381e-03,3.985039e-03,1.373771e-04,3.788911e-03,2.269544e-01,1.265908e-02,1.836405e-01,1.820546e-02,2.086108e-03,4.263131e-01,1.511038e-02
6.105190e-03,1.269448e-01,6.908233e-03,1.379364e-03,1.011619e-02,3.483192e-03,1.065802e-04,6.615966e-03,2.774097e-01,8.938504e-03,1.370626e-01,1.287256e-02,1.686690e-03,3.888500e-01,1.152053e-02
6.436069e-03,1.420774e-01,8.977745e-03,1.408736e-03,9.823287e-03,3.101248e-03,1.260942e-04,8.514609e-03,3.415436e-01,6.296157e-03,9.980383e-02,9.048201e-03,1.264167e-03,3.528494e-01,8.729469e-03
6.555232e-03,2.073332e-01,7.260116e-03,1.246897e-03,8.802368e-03,3.213425e-03,1.012908e-04,8.393439e-03,3.773426e-01,4.465654e-03,7.112183e-02,6.351910e-03,9.221051e-04,2.902305e-01,6.659450e-03
8.841749e-03,2.219215e-01,6.100276e-03,2.168092e-03,1.703562e-02,3.387492e-03,1.461712e-04,1.221991e-02,4.126526e-01,3.387300e-03,5.213223e-02,4.458796e-03,7.204718e-04,2.471901e-01,7.637691e-03
2.351895e-02,1.764102e-01,3.406313e-02,2.012762e-02,5.363185e-02,1.052243e-02,5.825987e-04,3.828276e-02,3.575610e-01,3.484676e-03,3.985490e-02,3.136822e-03,6.351304e-04,2.171875e-01,2.100042e-02
3.836959e-02,1.369992e-01,6.953461e-02,2.545703e-02,6.995851e-02,2.281889e-02,8.879123e-04,4.345497e-02,2.893266e-01,7.409599e-03,3.163549e-02,2.218090e-03,8.495311e-04,1.956051e-01,6.547483e-02
5.708808e-02,1.133414e-01,8.616917e-02,3.804752e-02,1.198574e-01,3.612442e-02,1.902040e-03,4.951784e-02,2.402882e-01,7.009742e-03,2.354329e-02,1.579221e-03,9.072543e-04,1.581366e-01,6.648789e-02
8.517423e-02,1.079710e-01,7.783129e-02,4.098669e-02,1.619455e-01,6.023461e-02,2.056598e-03,3.707103e-02,2.051167e-01,6.455707e-03,1.728934e-02,1.125390e-03,9.942995e-04,1.209264e-01,7.482125e-02
7.109369e-02,8.242139e-02,7.708946e-02,5.081151e-02,1.196245e-01,4.450820e-02,1.669887e-03,2.686358e-02,1.532366e-01,1.617638e-02,1.250577e-02,9.463625e-04,1.111834e-03,8.495391e-02,2.569869e-01
6.810373e-02,6.939007e-02,7.586361e-02,3.729792e-02,8.579294e-02,3.201609e-02,1.236947e-03,1.913471e-02,1.125579e-01,1.342976e-02,9.225491e-03,8.088454e-04,1.013780e-03,6.234172e-02,4.117864e-01
5.138795e-02,5.065450e-02,5.568393e-02,2.700728e-02,6.046319e-02,2.269872e-02,8.858102e-04,1.342779e-02,8.904129e-02,1.138810e-02,6.793237e-03,6.285896e-04,8.668602e-04,4.664528e-02,5.624274e-01
3.967286e-02,3.855466e-02,4.129866e-02,2.006264e-02,4.277437e-02,1.646363e-02,6.599142e-04,9.450275e-03,7.281037e-02,1.108687e-02,8.339274e-03,6.939467e-04,7.654169e-04,5.641946e-02,6.409476e-01
3.089503e-02,2.766775e-02,2.928095e-02,1.413639e-02,3.002588e-02,1.173784e-02,4.876525e-04,6.630342e-03,5.352476e-02,1.143464e-02,9.423625e-03,7.218007e-04,6.378960e-04,1.183926e-01,6.550028e-01
2.355753e-02,1.962902e-02,2.064621e-02,9.958657e-03,2.108746e-02,8.383899e-03,3.680666e-04,4.668036e-03,3.961201e-02,1.355613e-02,1.598937e-02,1.022572e-03,6.223897e-04,2.605635e-01,5.603352e-01
1.682566e-02,1.407739e-02,1.611700e-02,7.657988e-03,1.497608e-02,6.263099e-03,3.827350e-04,3.398245e-03,3.030930e-02,2.178805e-02,1.612467e-02,9.461007e-04,6.583802e-04,4.248942e-01,4.255811e-01
1.191401e-02,1.009399e-02,1.240950e-02,5.426576e-03,1.068092e-02,5.320615e-03,3.142409e-04,2.464485e-03,2.330499e-02,5.728439e-02,2.096876e-02,8.258465e-04,6.707969e-04,5.135124e-01,3.248085e-01
8.942426e-03,7.407187e-03,1.937340e-02,4.452024e-03,8.694660e-03,4.448979e-03,3.127899e-04,1.862940e-03,2.091950e-02,8.773625e-02,2.545686e-02,7.762357e-04,6.943259e-04,5.570852e-01,2.518372e-01
7.113475e-03,5.270067e-03,1.594361e-02,3.398369e-03,6.254497e-03,3.377735e-03,2.823212e-04,1.454398e-03,1.688628e-02,1.053588e-01,3.029755e-02,6.282065e-04,5.816102e-04,6.091908e-01,1.939622e-01
5.342664e-03,3.754269e-03,1.164828e-02,2.417262e-03,4.410521e-03,2.616350e-03,2.128617e-04,1.055327e-03,1.372783e-02,1.266326e-01,4.027862e-02,4.580900e-04,4.768376e-04,6.331993e-01,1.537691e-01
4.221533e-03,3.400458e-03,9.529578e-03,1.812810e-03,3.176853e-03,2.817135e-03,2.185546e-04,9.030820e-04,2.189228e-02,1.351735e-01,4.906836e-02,3.861430e-04,5.639505e-04,6.158944e-01,1.509414e-01
3.774546e-03,5.240923e-03,8.559591e-03,1.519962e-03,2.378692e-03,1.172878e-02,2.713343e-04,9.119658e-04,4.593170e-02,1.344091e-01,5.586576e-02,4.666871e-04,7.179846e-04,5.354662e-01,1.927567e-01
4.862737e-03,1.367777e-02,1.769146e-02,5.331798e-03,2.984728e-03,3.885537e-02,7.659551e-04,4.230992e-03,1.001092e-01,1.362927e-01,5.732311e-02,8.102584e-04,1.790841e-03,4.395692e-01,1.757039e-01
6.874316e-03,2.021815e-02,3.267568e-02,4.850538e-03,3.623421e-03,5.349817e-02,1.332301e-03,7.623017e-03,1.353497e-01,1.382505e-01,5.397560e-02,1.270496e-03,2.374252e-03,3.951123e-01,1.429716e-01
1.273757e-02,3.344037e-02,5.246735e-02,5.593177e-03,5.769177e-03,7.255314e-02,1.520185e-03,1.633864e-02,1.766495e-01,1.205978e-01,4.837336e-02,1.151979e-03,2.090105e-03,3.459694e-01,1.047481e-01
1.385288e-02,5.344898e-02,9.352559e-02,1.700888e-02,9.347457e-03,5.830577e-02,1.995087e-03,4.531721e-02,2.203552e-01,1.026022e-01,3.851867e-02,1.101630e-03,2.105857e-03,2.635239e-01,7.899056e-02
2.068205e-02,7.477705e-02,1.072821e-01,1.456320e-02,1.577819e-02,5.301751e-02,1.513657e-03,5.088330e-02,2.578990e-01,8.766453e-02,3.193896e-02,9.074227e-04,1.698887e-03,2.216585e-01,5.973561e-02
2.651874e-02,7.169851e-02,9.853698e-02,7.205442e-02,2.572515e-02,4.171148e-02,1.134527e-03,6.089192e-02,2.824354e-01,7.585689e-02,2.365166e-02,1.029646e-03,1.785093e-03,1.598599e-01,5.710968e-02
4.783838e-02,5.911957e-02,8.060218e-02,6.431721e-02,6.201485e-02,3.478041e-02,9.398554e-04,1.040281e-01,2.965000e-01,6.648752e-02,1.755019e-02,9.401240e-04,1.536861e-03,1.161628e-01,4.718190e-02
4.917473e-02,4.942477e-02,5.839813e-02,1.109474e-01,5.072356e-02,2.686791e-02,7.235720e-04,8.980304e-02,3.448622e-01,6.639702e-02,1.316180e-02,8.013760e-04,2.069102e-03,8.229990e-02,5.434544e-02
5.275510e-02,7.797730e-02,4.240395e-02,1.100604e-01,4.329466e-02,2.304691e-02,6.068122e-04,6.476857e-02,3.571229e-01,6.846769e-02,1.046933e-02,7.702082e-04,2.753299e-03,5.800934e-02,8.749348e-02
4.044525e-02,6.090228e-02,3.297383e-02,1.779655e-01,3.294560e-02,1.667139e-02,4.773565e-04,4.747840e-02,3.658521e-01,5.861861e-02,8.026486e-03,6.238412e-04,2.404398e-03,4.075088e-02,1.138640e-01
5.373047e-02,6.136992e-02,2.847696e-02,1.435786e-01,3.726636e-02,1.561471e-02,8.435149e-04,4.150683e-02,3.553822e-01,5.988455e-02,6.796330e-03,1.289589e-03,2.853218e-03,2.977586e-02,1.616308e-01
7.949233e-02,5.675370e-02,2.222293e-02,1.114863e-01,7.804875e-02,4.851648e-02,1.320395e-03,4.620356e-02,3.380730e-01,4.509848e-02,6.466914e-03,1.380893e-03,2.696715e-03,2.339133e-02,1.388483e-01
8.785440e-02,4.931911e-02,2.167265e-02,1.029337e-01,7.035383e-02,5.224404e-02,1.598954e-03,6.416947e-02,3.088737e-01,3.832454e-02,6.489536e-03,1.481009e-03,2.502725e-03,1.977831e-02,1.724041e-01
1.086114e-01,8.712140e-02,1.883629e-02,7.763506e-02,6.840277e-02,1.034002e-01,1.509180e-03,5.207783e-02,2.565402e-01,2.958505e-02,7.794704e-03,1.413004e-03,2.709050e-03,2.100416e-02,1.633598e-01
1.072770e-01,1.032517e-01,2.850903e-02,7.186125e-02,8.527001e-02,1.349652e-01,1.678774e-03,5.320070e-02,2.153464e-01,2.194543e-02,9.032637e-03,1.622569e-03,2.396723e-03,1.986513e-02,1.437776e-01
8.025362e-02,1.124483e-01,2.885905e-02,2.032876e-01,6.525054e-02,1.054101e-01,1.388633e-03,3.745165e-02,1.649998e-01,3.042156e-02,9.763772e-03,1.978489e-03,3.084602e-03,1.422045e-02,1.411819e-01
5.665797e-02,9.058215e-02,3.778932e-02,1.569823e-01,4.616250e-02,7.735496e-02,1.022379e-03,2.628670e-02,1.262137e-01,1.346778e-01,1.543805e-02,1.824896e-03,3.388676e-03,1.099844e-02,2.146201e-01
4.076029e-02,7.832819e-02,2.888254e-02,1.117183e-01,3.284422e-02,5.583329e-02,7.904509e-04,1.844567e-02,1.553208e-01,1.331949e-01,4.616598e-02,3.103727e-03,5.429854e-03,4.570228e-02,2.434795e-01
3.102119e-02,5.916310e-02,2.132661e-02,8.008141e-02,2.364828e-02,4.256362e-02,7.771043e-04,1.327913e-02,1.332798e-01,1.667501e-01,8.039922e-02,4.428147e-03,6.615339e-03,6.542414e-02,2.712428e-01
2.247256e-02,4.231944e-02,1.545633e-02,5.656726e-02,1.710907e-02,3.118074e-02,6.709838e-04,9.404206e-03,1.029623e-01,1.584477e-01,9.899376e-02,4.075299e-03,5.296663e-03,1.166851e-01,3.183586e-01
1.583005e-02,3.039193e-02,1.120786e-02,3.982261e-02,1.230048e-02,2.230984e-02,5.199464e-04,6.615486e-03,7.478114e-02,1.497713e-01,8.799280e-02,3.145493e-03,3.949363e-03,2.008949e-01,3.404668e-01
1.112859e-02,2.140770e-02,7.998202e-03,2.794821e-02,9.101021e-03,1.573976e-02,3.804103e-04,4.664237e-03,5.402205e-02,1.105963e-01,7.509783e-02,2.476208e-03,2.992824e-03,2.460302e-01,4.104164e-01
7.952276e-03,1.507904e-02,5.880729e-03,1.970129e-02,8.933160e-03,1.115436e-02,2.907359e-04,3.408972e-03,3.926203e-02,8.103496e-02,7.501003e-02,2.010547e-03,2.359254e-03,2.550252e-01,4.728974e-01
5.627987e-03,1.064921e-02,4.467582e-03,1.394745e-02,6.808862e-03,8.123802e-03,2.756106e-04,2.732887e-03,2.911528e-02,6.169193e-02,7.251896e-02,1.540796e-03,1.936819e-03,2.453494e-01,5.352134e-01
4.066781e-03,7.718180e-03,7.186881e-03,1.122909e-02,5.330763e-03,7.193285e-03,3.939890e-04,5.343072e-03,2.291900e-02,5.259879e-02,7.618883e-02,1.236521e-03,1.724780e-03,3.130581e-01,4.838119e-01
3.570491e-03,5.924096e-03,3.942607e-02,1.345650e-02,5.429336e-03,7.258897e-03,7.222458e-03,7.084839e-02,1.886230e-02,4.236583e-02,6.144679e-02,9.518506e-04,1.599771e-03,3.624721e-01,3.591651e-01
4.618825e-03,5.846606e-03,5.678822e-02,1.741411e-02,7.942636e-03,1.878251e-02,1.421635e-02,9.948172e-02,2.079584e-02,3.680613e-02,4.968387e-02,8.007977e-04,1.545076e-03,3.942720e-01,2.710053e-01
1.266945e-02,6.361904e-03,1.286578e-01,2.279026e-02,2.609325e-02,4.440738e-02,1.580011e-02,8.766069e-02,1.818617e-02,3.184065e-02,3.730614e-02,6.330725e-04,1.293404e-03,3.701938e-01,1.961058e-01
2.006208e-02,5.358858e-03,1.117330e-01,1.933074e-02,4.656337e-02,4.478998e-02,1.150318e-01,1.464790e-01,1.475418e-02,2.689460e-02,2.676132e-02,5.095194e-04,1.771872e-03,2.805111e-01,1.394486e-01
2.114014e-02,4.291869e-03,8.605085e-02,1.600150e-02,5.435491e-02,5.041768e-02,2.568454e-01,1.529588e-01,1.105341e-02,2.067737e-02,1.915450e-02,3.947102e-04,1.783226e-03,2.058083e-01,9.906738e-02
2.168348e-02,5.246057e-03,7.616466e-02,1.542505e-02,4.838517e-02,2.712544e-01,1.866881e-01,1.152400e-01,8.725298e-03,1.801964e-02,1.425273e-02,4.463422e-04,2.311344e-03,1.453732e-01,7.078456e-02
1.975115e-02,5.313637e-03,6.569516e-02,1.331823e-02,3.733305e-02,4.396982e-01,1.371681e-01,8.539229e-02,6.588602e-03,1.789036e-02,1.307547e-02,1.303986e-03,4.378362e-03,1.025629e-01,5.053061e-02
3.590827e-02,7.419148e-03,6.923608e-02,1.098423e-02,2.870016e-02,4.841760e-01,1.016962e-01,6.299539e-02,5.930167e-03,4.191897e-02,1.607818e-02,4.885710e-03,1.141297e-02,7.352788e-02,4.513066e-02
6.151284e-02,1.778028e-02,1.348014e-01,1.741915e-02,3.824165e-02,3.541296e-01,7.541534e-02,5.059354e-02,1.442654e-02,9.356572e-02,2.367641e-02,7.474918e-03,1.630683e-02,5.272609e-02,4.192972e-02
8.751930e-02,2.377183e-02,1.920376e-01,2.427637e-02,5.308612e-02,2.594687e-01,5.587563e-02,3.893307e-02,2.283541e-02,1.070969e-01,2.779850e-02,8.566866e-03,1.507507e-02,3.828967e-02,4.536891e-02
7.668661e-02,4.300343e-02,2.753597e-01,9.974386e-02,4.419487e-02,1.831797e-01,3.949333e-02,2.824431e-02,2.009912e-02,8.104554e-02,2.340252e-02,9.117048e-03,1.163258e-02,2.710298e-02,3.769434e-02
8.972712e-02,4.514448e-02,2.815880e-01,1.383632e-01,3.354270e-02,1.316241e-01,2.802240e-02,2.097688e-02,3.550405e-02,7.905874e-02,3.420614e-02,1.101691e-02,9.747352e-03,1.962915e-02,4.184879e-02
1.021774e-01,7.181518e-02,2.068561e-01,1.288599e-01,2.611372e-02,9.737707e-02,1.985047e-02,1.644840e-02,7.115730e-02,8.008996e-02,6.477144e-02,1.770179e-02,1.351216e-02,2.309436e-02,6.017476e-02
1.005534e-01,6.426908e-02,2.294099e-01,1.899655e-01,2.181739e-02,7.275746e-02,1.413228e-02,1.291520e-02,7.394826e-02,6.014806e-02,5.405597e-02,1.686379e-02,1.257047e-02,1.932841e-02,5.726479e-02
1.026882e-01,5.244654e-02,2.165733e-01,1.739396e-01,1.605780e-02,5.779601e-02,1.005535e-02,9.409516e-03,1.017818e-01,6.117273e-02,1.039681e-01,1.464108e-02,1.072267e-02,2.147228e-02,4.727505e-02
8.250333e-02,5.322958e-02,1.722532e-01,1.307739e-01,1.188768e-02,4.429088e-02,7.164674e-03,6.800249e-03,1.052803e-01,5.437421e-02,2.399506e-01,1.506410e-02,9.141419e-03,3.128757e-02,3.599847e-02
7.025563e-02,5.742207e-02,1.435268e-01,1.767142e-01,9.522641e-03,3.425312e-02,5.148911e-03,5.771628e-03,1.247812e-01,4.499246e-02,2.431403e-01,1.282930e-02,7.447382e-03,3.337664e-02,3.081772e-02
1.223599e-01,5.639116e-02,1.056512e-01,1.609176e-01,9.187349e-03,2.804665e-02,3.825412e-03,5.927922e-03,1.493691e-01,3.929257e-02,2.316198e-01,1.715340e-02,7.364086e-03,3.753266e-02,2.536121e-02
9.337156e-02,5.240822e-02,1.399886e-01,2.763568e-01,7.900145e-03,2.100996e-02,2.756911e-03,4.540582e-03,1.306045e-01,2.986002e-02,1.652992e-01,1.287202e-02,5.719573e-03,2.891492e-02,2.839705e-02
9.656852e-02,6.431014e-02,2.019052e-01,2.604055e-01,7.425591e-03,1.701434e-02,2.215476e-03,5.013021e-03,1.218347e-01,3.042786e-02,1.240505e-01,1.098201e-02,5.467662e-03,2.542209e-02,2.695753e-02
1.234382e-01,9.334531e-02,1.583237e-01,1.988282e-01,8.258503e-03,1.464251e-02,1.768125e-03,6.232385e-03,1.514570e-01,4.252637e-02,1.302603e-01,9.575048e-03,4.895742e-03,3.005460e-02,2.639402e-02
1.527362e-01,1.216705e-01,1.469040e-01,1.459423e-01,1.104527e-02,1.376083e-02,1.613786e-03,8.939348e-03,1.627209e-01,4.196268e-02,1.164077e-01,8.873914e-03,4.040946e-03,3.931062e-02,2.407092e-02
1.549753e-01,1.146710e-01,1.288132e-01,1.668255e-01,2.640274e-02,1.501848e-02,2.658975e-03,2.701431e-02,1.445424e-01,5.106664e-02,9.315033e-02,7.374829e-03,4.685225e-03,3.339143e-02,2.940966e-02
1.506686e-01,9.643961e-02,1.217975e-01,1.998909e-01,3.014662e-02,2.245508e-02,2.576529e-03,2.416253e-02,1.373316e-01,5.333642e-02,6.872396e-02,8.231104e-03,5.989977e-03,2.658463e-02,5.166503e-02
1.783360e-01,8.165805e-02,1.155836e-01,2.126246e-01,3.112828e-02,3.196670e-02,2.369653e-03,2.188752e-02,1.301560e-01,5.157229e-02,5.371834e-02,8.498143e-03,7.707023e-03,2.215442e-02,5.063947e-02
2.322042e-01,7.961459e-02,1.095328e-01,1.675549e-01,6.628036e-02,3.955949e-02,2.763055e-03,1.856878e-02,1.081933e-01,5.407050e-02,4.205187e-02,7.535945e-03,7.657425e-03,2.169943e-02,4.271337e-02
2.943611e-01,8.849922e-02,8.660076e-02,1.467416e-01,7.562426e-02,4.284187e-02,4.460541e-03,1.461323e-02,8.406503e-02,4.427916e-02,3.425195e-02,1.115892e-02,1.178876e-02,1.923700e-02,4.147658e-02
3.012834e-01,1.268859e-01,6.347539e-02,1.251491e-01,7.226871e-02,3.755154e-02,4.918557e-03,1.294803e-02,9.592779e-02,3.824414e-02,2.791115e-02,1.307823e-02,1.517495e-02,1.555476e-02,4.962838e-02
3.989016e-01,1.079204e-01,4.788515e-02,1.021581e-01,6.952450e-02,3.702514e-02,1.002104e-02,1.466735e-02,8.626084e-02,2.908129e-02,2.077071e-02,1.218996e-02,1.230406e-02,1.217843e-02,3.911148e-02
4.748735e-01,1.060712e-01,3.507840e-02,7.751926e-02,5.811942e-02,4.270652e-02,8.867648e-03,1.225925e-02,8.174810e-02,2.243438e-02,1.605278e-02,1.238822e-02,1.059218e-02,1.000283e-02,3.128630e-02
1.000000e+00,0.000000e+00,0.000000e+00,0.000000e+00,0.000000e+00,0.000000e+00,0.000000e+00,0.000000e+00,0.000000e+00,0.000000e+00,0.000000e+00,0.000000e+00,0.000000e+00,0.000000e+00,0.000000e+00
1.000000e+00,0.000000e+00,0.000000e+00,0.000000e+00,0.000000e+00,0.000000e+00,0.000000e+00,0.000000e+00,0.000000e+00,0.000000e+00,0.000000e+00,0.000000e+00,0.000000e+00,0.000000e+00,0.000000e+00
