1.000000e+00,0.000000e+00,0.000000e+00,0.000000e+00,0.000000e+00,0.000000e+00,0.000000e+00,0.000000e+00,0.000000e+00,0.000000e+00,0.000000e+00,0.000000e+00,0.000000e+00,0.000000e+00,0.000000e+00
1.000000e+00,0.000000e+00,0.000000e+00,0.000000e+00,0.000000e+00,0.000000e+00,0.000000e+00,0.000000e+00,0.000000e+00,0.000000e+00,0.000000e+00,0.000000e+00,0.000000e+00,0.000000e+00,0.000000e+00
1.000000e+00,0.000000e+00,0.000000e+00,0.000000e+00,0.000000e+00,0.000000e+00,0.000000e+00,0.000000e+00,0.000000e+00,0.000000e+00,0.000000e+00,0.000000e+00,0.000000e+00,0.000000e+00,0.000000e+00
1.000000e+00,0.000000e+00,0.000000e+00,0.000000e+00,0.000000e+00,0.000000e+00,0.000000e+00,0.000000e+00,0.000000e+00,0.000000e+00,0.000000e+00,0.000000e+00,0.000000e+00,0.000000e+00,0.000000e+00
1.000000e+00,0.000000e+00,0.000000e+00,0.000000e+00,0.000000e+00,0.000000e+00,0.000000e+00,0.000000e+00,0.000000e+00,0.000000e+00,0.000000e+00,0.000000e+00,0.000000e+00,0.000000e+00,0.000000e+00
1.000000e+00,0.000000e+00,0.000000e+00,0.000000e+00,0.000000e+00,0.000000e+00,0.000000e+00,0.000000e+00,0.000000e+00,0.000000e+00,0.000000e+00,0.000000e+00,0.000000e+00,0.000000e+00,0.000000e+00
1.000000e+00,0.000000e+00,0.000000e+00,0.000000e+00,0.000000e+00,0.000000e+00,0.000000e+00,0.000000e+00,0.000000e+00,0.000000e+00,0.000000e+00,0.000000e+00,0.000000e+00,0.000000e+00,0.000000e+00
1.000000e+00,0.000000e+00,0.000000e+00,0.000000e+00,0.000000e+00,0.000000e+00,0.000000e+00,0.000000e+00,0.000000e+00,0.000000e+00,0.000000e+00,0.000000e+00,0.000000e+00,0.000000e+00,0.000000e+00
1.000000e+00,0.000000e+00,0.000000e+00,0.000000e+00,0.000000e+00,0.000000e+00,0.000000e+00,0.000000e+00,0.000000e+00,0.000000e+00,0.000000e+00,0.000000e+00,0.000000e+00,0.000000e+00,0.000000e+00
1.000000e+00,0.000000e+00,0.000000e+00,0.000000e+00,0.000000e+00,0.000000e+00,0.000000e+00,0.000000e+00,0.000000e+00,0.000000e+00,0.000000e+00,0.000000e+00,0.000000e+00,0.000000e+00,0.000000e+00
1.000000e+00,0.000000e+00,0.000000e+00,0.000000e+00,0.000000e+00,0.000000e+00,0.000000e+00,0.000000e+00,0.000000e+00,0.000000e+00,0.000000e+00,0.000000e+00,0.000000e+00,0.000000e+00,0.000000e+00
1.000000e+00,0.000000e+00,0.000000e+00,0.000000e+00,0.000000e+00,0.000000e+00,0.000000e+00,0.000000e+00,0.000000e+00,0.000000e+00,0.000000e+00,0.000000e+00,0.000000e+00,0.000000e+00,0.000000e+00
1.000000e+00,0.000000e+00,0.000000e+00,0.000000e+00,0.000000e+00,0.000000e+00,0.000000e+00,0.000000e+00,0.000000e+00,0.000000e+00,0.000000e+00,0.000000e+00,0.000000e+00,0.000000e+00,0.000000e+00
1.000000e+00,0.000000e+00,0.000000e+00,0.000000e+00,0.000000e+00,0.000000e+00,0.000000e+00,0.000000e+00,0.000000e+00,0.000000e+00,0.000000e+00,0.000000e+00,0.000000e+00,0.000000e+00,0.000000e+00
1.000000e+00,0.000000e+00,0.000000e+00,0.000000e+00,0.000000e+00,0.000000e+00,0.000000e+00,0.000000e+00,0.000000e+00,0.000000e+00,0.000000e+00,0.000000e+00,0.000000e+00,0.000000e+00,0.000000e+00
1.000000e+00,0.000000e+00,0.000000e+00,0.000000e+00,0.000000e+00,0.000000e+00,0.000000e+00,0.000000e+00,0.000000e+00,0.000000e+00,0.000000e+00,0.000000e+00,0.000000e+00,0.000000e+00,0.000000e+00
1.000000e+00,0.000000e+00,0.000000e+00,0.000000e+00,0.000000e+00,0.000000e+00,0.000000e+00,0.000000e+00,0.000000e+00,0.000000e+00,0.000000e+00,0.000000e+00,0.000000e+00,0.000000e+00,0.000000e+00
1.000000e+00,0.000000e+00,0.000000e+00,0.000000e+00,0.000000e+00,0.000000e+00,0.000000e+00,0.000000e+00,0.000000e+00,0.000000e+00,0.000000e+00,0.000000e+00,0.000000e+00,0.000000e+00,0.000000e+00
1.000000e+00,0.000000e+00,0.000000e+00,0.000000e+00,0.000000e+00,0.000000e+00,0.000000e+00,0.000000e+00,0.000000e+00,0.000000e+00,0.000000e+00,0.000000e+00,0.000000e+00,0.000000e+00,0.000000e+00
1.000000e+00,0.000000e+00,0.000000e+00,0.000000e+00,0.000000e+00,0.000000e+00,0.000000e+00,0.000000e+00,0.000000e+00,0.000000e+00,0.000000e+00,0.000000e+00,0.000000e+00,0.000000e+00,0.000000e+00
1.000000e+00,0.000000e+00,0.000000e+00,0.000000e+00,0.000000e+00,0.000000e+00,0.000000e+00,0.000000e+00,0.000000e+00,0.000000e+00,0.000000e+00,0.000000e+00,0.000000e+00,0.000000e+00,0.000000e+00
1.000000e+00,0.000000e+00,0.000000e+00,0.000000e+00,0.000000e+00,0.000000e+00,0.000000e+00,0.000000e+00,0.000000e+00,0.000000e+00,0.000000e+00,0.000000e+00,0.000000e+00,0.000000e+00,0.000000e+00
1.000000e+00,0.000000e+00,0.000000e+00,0.000000e+00,0.000000e+00,0.000000e+00,0.000000e+00,0.000000e+00,0.000000e+00,0.000000e+00,0.000000e+00,0.000000e+00,0.000000e+00,0.000000e+00,0.000000e+00
1.000000e+00,0.000000e+00,0.000000e+00,0.000000e+00,0.000000e+00,0.000000e+00,0.000000e+00,0.000000e+00,0.000000e+00,0.000000e+00,0.000000e+00,0.000000e+00,0.000000e+00,0.000000e+00,0.000000e+00
1.000000e+00,0.000000e+00,0.000000e+00,0.000000e+00,0.000000e+00,0.000000e+00,0.000000e+00,0.000000e+00,0.000000e+00,0.000000e+00,0.000000e+00,0.000000e+00,0.000000e+00,0.000000e+00,0.000000e+00
1.000000e+00,0.000000e+00,0.000000e+00,0.000000e+00,0.000000e+00,0.000000e+00,0.000000e+00,0.000000e+00,0.000000e+00,0.000000e+00,0.000000e+00,0.000000e+00,0.000000e+00,0.000000e+00,0.000000e+00
1.000000e+00,0.000000e+00,0.000000e+00,0.000000e+00,0.000000e+00,0.000000e+00,0.000000e+00,0.000000e+00,0.000000e+00,0.000000e+00,0.000000e+00,0.000000e+00,0.000000e+00,0.000000e+00,0.000000e+00
1.000000e+00,0.000000e+00,0.000000e+00,0.000000e+00,0.000000e+00,0.000000e+00,0.000000e+00,0.000000e+00,0.000000e+00,0.000000e+00,0.000000e+00,0.000000e+00,0.000000e+00,0.000000e+00,0.000000e+00
1.000000e+00,0.000000e+00,0.000000e+00,0.000000e+00,0.000000e+00,0.000000e+00,0.000000e+00,0.000000e+00,0.000000e+00,0.000000e+00,0.000000e+00,0.000000e+00,0.000000e+00,0.000000e+00,0.000000e+00
1.000000e+00,0.000000e+00,0.000000e+00,0.000000e+00,0.000000e+00,0.000000e+00,0.000000e+00,0.000000e+00,0.000000e+00,0.000000e+00,0.000000e+00,0.000000e+00,0.000000e+00,0.000000e+00,0.000000e+00
1.000000e+00,0.000000e+00,0.000000e+00,0.000000e+00,0.000000e+00,0.000000e+00,0.000000e+00,0.000000e+00,0.000000e+00,0.000000e+00,0.000000e+00,0.000000e+00,0.000000e+00,0.000000e+00,0.000000e+00
1.000000e+00,0.000000e+00,0.000000e+00,0.000000e+00,0.000000e+00,0.000000e+00,0.000000e+00,0.000000e+00,0.000000e+00,0.000000e+00,0.000000e+00,0.000000e+00,0.000000e+00,0.000000e+00,0.000000e+00
1.000000e+00,0.000000e+00,0.000000e+00,0.000000e+00,0.000000e+00,0.000000e+00,0.000000e+00,0.000000e+00,0.000000e+00,0.000000e+00,0.000000e+00,0.000000e+00,0.000000e+00,0.000000e+00,0.000000e+00
1.000000e+00,0.000000e+00,0.000000e+00,0.000000e+00,0.000000e+00,0.000000e+00,0.000000e+00,0.000000e+00,0.000000e+00,0.000000e+00,0.000000e+00,0.000000e+00,0.000000e+00,0.000000e+00,0.000000e+00
1.000000e+00,0.000000e+00,0.000000e+00,0.000000e+00,0.000000e+00,0.000000e+00,0.000000e+00,0.000000e+00,0.000000e+00,0.000000e+00,0.000000e+00,0.000000e+00,0.000000e+00,0.000000e+00,0.000000e+00
1.000000e+00,0.000000e+00,0.000000e+00,0.000000e+00,0.000000e+00,0.000000e+00,0.000000e+00,0.000000e+00,0.000000e+00,0.000000e+00,0.000000e+00,0.000000e+00,0.000000e+00,0.000000e+00,0.000000e+00
1.000000e+00,0.000000e+00,0.000000e+00,0.000000e+00,0.000000e+00,0.000000e+00,0.000000e+00,0.000000e+00,0.000000e+00,0.000000e+00,0.000000e+00,0.000000e+00,0.000000e+00,0.000000e+00,0.000000e+00
1.000000e+00,0.000000e+00,0.000000e+00,0.000000e+00,0.000000e+00,0.000000e+00,0.000000e+00,0.000000e+00,0.000000e+00,0.000000e+00,0.000000e+00,0.000000e+00,0.000000e+00,0.000000e+00,0.000000e+00
1.000000e+00,0.000000e+00,0.000000e+00,0.000000e+00,0.000000e+00,0.000000e+00,0.000000e+00,0.000000e+00,0.000000e+00,0.000000e+00,0.000000e+00,0.000000e+00,0.000000e+00,0.000000e+00,0.000000e+00
1.000000e+00,0.000000e+00,0.000000e+00,0.000000e+00,0.000000e+00,0.000000e+00,0.000000e+00,0.000000e+00,0.000000e+00,0.000000e+00,0.000000e+00,0.000000e+00,0.000000e+00,0.000000e+00,0.000000e+00
1.000000e+00,0.000000e+00,0.000000e+00,0.000000e+00,0.000000e+00,0.000000e+00,0.000000e+00,0.000000e+00,0.000000e+00,0.000000e+00,0.000000e+00,0.000000e+00,0.000000e+00,0.000000e+00,0.000000e+00
1.000000e+00,0.000000e+00,0.000000e+00,0.000000e+00,0.000000e+00,0.000000e+00,0.000000e+00,0.000000e+00,0.000000e+00,0.000000e+00,0.000000e+00,0.000000e+00,0.000000e+00,0.000000e+00,0.000000e+00
1.000000e+00,0.000000e+00,0.000000e+00,0.000000e+00,0.000000e+00,0.000000e+00,0.000000e+00,0.000000e+00,0.000000e+00,0.000000e+00,0.000000e+00,0.000000e+00,0.000000e+00,0.000000e+00,0.000000e+00
1.000000e+00,0.000000e+00,0.000000e+00,0.000000e+00,0.000000e+00,0.000000e+00,0.000000e+00,0.000000e+00,0.000000e+00,0.000000e+00,0.000000e+00,0.000000e+00,0.000000e+00,0.000000e+00,0.000000e+00
1.000000e+00,0.000000e+00,0.000000e+00,0.000000e+00,0.000000e+00,0.000000e+00,0.000000e+00,0.000000e+00,0.000000e+00,0.000000e+00,0.000000e+00,0.000000e+00,0.000000e+00,0.000000e+00,0.000000e+00
1.000000e+00,0.000000e+00,0.000000e+00,0.000000e+00,0.000000e+00,0.000000e+00,0.000000e+00,0.000000e+00,0.000000e+00,0.000000e+00,0.000000e+00,0.000000e+00,0.000000e+00,0.000000e+00,0.000000e+00
1.000000e+00,0.000000e+00,0.000000e+00,0.000000e+00,0.000000e+00,0.000000e+00,0.000000e+00,0.000000e+00,0.000000e+00,0.000000e+00,0.000000e+00,0.000000e+00,0.000000e+00,0.000000e+00,0.000000e+00
1.000000e+00,0.000000e+00,0.000000e+00,0.000000e+00,0.000000e+00,0.000000e+00,0.000000e+00,0.000000e+00,0.000000e+00,0.000000e+00,0.000000e+00,0.000000e+00,0.000000e+00,0.000000e+00,0.000000e+00
1.000000e+00,0.000000e+00,0.000000e+00,0.000000e+00,0.000000e+00,0.000000e+00,0.000000e+00,0.000000e+00,0.000000e+00,0.000000e+00,0.000000e+00,0.000000e+00,0.000000e+00,0.000000e+00,0.000000e+00
1.000000e+00,0.000000e+00,0.000000e+00,0.000000e+00,0.000000e+00,0.000000e+00,0.000000e+00,0.000000e+00,0.000000e+00,0.000000e+00,0.000000e+00,0.000000e+00,0.000000e+00,0.000000e+00,0.000000e+00
1.000000e+00,0.000000e+00,0.000000e+00,0.000000e+00,0.000000e+00,0.000000e+00,0.000000e+00,0.000000e+00,0.000000e+00,0.000000e+00,0.000000e+00,0.000000e+00,0.000000e+00,0.000000e+00,0.000000e+00
1.000000e+00,0.000000e+00,0.000000e+00,0.000000e+00,0.000000e+00,0.000000e+00,0.000000e+00,0.000000e+00,0.000000e+00,0.000000e+00,0.000000e+00,0.000000e+00,0.000000e+00,0.000000e+00,0.000000e+00
1.000000e+00,0.000000e+00,0.000000e+00,0.000000e+00,0.000000e+00,0.000000e+00,0.000000e+00,0.000000e+00,0.000000e+00,0.000000e+00,0.000000e+00,0.000000e+00,0.000000e+00,0.000000e+00,0.000000e+00
3.777222e-01,1.664093e-02,6.472643e-03,2.876080e-02,5.111229e-02,1.272807e-01,2.833997e-01,1.563705e-02,5.844793e-03,1.742157e-03,9.138092e-03,1.795181e-02,3.342862e-02,3.194243e-03,2.167404e-02
2.653401e-01,1.262906e-02,4.707859e-03,2.936164e-02,4.052107e-02,1.143701e-01,2.865494e-01,1.158410e-02,8.350426e-03,3.948640e-03,1.995426e-02,1.471879e-02,1.627126e-01,2.551862e-03,2.270010e-02
1.859355e-01,1.007378e-02,3.601461e-03,3.758714e-02,3.135312e-02,8.521570e-02,2.270691e-01,8.380543e-03,2.159500e-02,2.522381e-02,4.148325e-02,1.356929e-02,1.703869e-01,3.613605e-03,1.349118e-01
1.303543e-01,7.275938e-03,2.586900e-03,3.180309e-02,2.227056e-02,6.105248e-02,1.607121e-01,6.063525e-03,1.995584e-02,1.984844e-02,1.297013e-01,1.274797e-02,1.805905e-01,4.939528e-03,2.100976e-01
9.177051e-02,5.379613e-03,1.887020e-03,2.321217e-02,1.662326e-02,4.575422e-02,1.132560e-01,4.513861e-03,1.735881e-02,1.434224e-02,9.632744e-02,9.454791e-03,1.330994e-01,4.229058e-03,4.227916e-01
6.466701e-02,4.019513e-03,1.433597e-03,1.695568e-02,1.234923e-02,3.644698e-02,7.966150e-02,3.381977e-03,1.485625e-02,1.036216e-02,7.123852e-02,7.160614e-03,9.791938e-02,3.518921e-03,5.760287e-01
4.561999e-02,3.829747e-03,1.541474e-03,1.368705e-02,9.559664e-03,4.133882e-02,5.591629e-02,2.489241e-03,1.564646e-02,8.101592e-03,5.876809e-02,1.208439e-02,9.107051e-02,3.373056e-03,6.369737e-01
3.229327e-02,3.187090e-03,1.349582e-03,1.076016e-02,8.507951e-03,3.341958e-02,3.922465e-02,1.830692e-03,1.481364e-02,1.397562e-02,4.743267e-02,1.904283e-02,8.736515e-02,3.130797e-03,6.836663e-01
2.303574e-02,2.500299e-03,1.457814e-03,8.476705e-03,9.891963e-03,2.583371e-02,2.752976e-02,1.394732e-03,1.399188e-02,2.315193e-02,3.915522e-02,3.843464e-02,9.038288e-02,2.717772e-03,6.920450e-01
1.650007e-02,1.872723e-03,1.651382e-03,6.546617e-03,2.592119e-02,2.563732e-02,1.929717e-02,1.305876e-03,1.495102e-02,2.058550e-02,3.674772e-02,5.615421e-02,8.475359e-02,2.273130e-03,6.858025e-01
1.189576e-02,1.505791e-03,1.609295e-03,5.464641e-03,3.442366e-02,4.316638e-02,1.353519e-02,1.231486e-03,1.962211e-02,2.398378e-02,3.714487e-02,1.174684e-01,1.013339e-01,2.113387e-03,5.855013e-01
8.821957e-03,1.623922e-03,1.657716e-03,4.557612e-03,1.064792e-01,5.521694e-02,9.513815e-03,1.670478e-03,3.549120e-02,2.566384e-02,3.418577e-02,1.150975e-01,9.114674e-02,1.749167e-03,5.071241e-01
6.606551e-03,2.144857e-03,1.683861e-03,4.756369e-03,1.162189e-01,4.512183e-02,8.836484e-03,4.419796e-03,1.087356e-01,2.854745e-02,3.301405e-02,1.465454e-01,9.561898e-02,1.713558e-03,3.960364e-01
4.754324e-03,1.986058e-03,1.725074e-03,4.001440e-03,8.476625e-02,4.890652e-02,6.935870e-03,3.509905e-03,8.927225e-02,2.271195e-02,2.613612e-02,3.244980e-01,9.921402e-02,1.343636e-03,2.802385e-01
3.515754e-03,1.725812e-03,1.435799e-03,2.862075e-03,5.987472e-02,5.311485e-02,5.769121e-03,2.804093e-03,7.009658e-02,1.655900e-02,1.976989e-02,4.392716e-01,1.250344e-01,1.064840e-03,1.971015e-01
2.601668e-03,1.551700e-03,1.117316e-03,2.028904e-03,4.252815e-02,6.114916e-02,4.682949e-03,2.206980e-03,5.404162e-02,1.193306e-02,1.453580e-02,5.492576e-01,1.131868e-01,8.675741e-04,1.383107e-01
3.056200e-03,4.011410e-03,1.088594e-03,1.477147e-03,3.304599e-02,5.035436e-02,4.037915e-03,2.242234e-03,1.001613e-01,8.888377e-03,1.172409e-02,5.772979e-01,1.041741e-01,1.123122e-03,9.731723e-02
2.538717e-03,2.941818e-03,8.184270e-04,1.113249e-03,2.332279e-02,5.861273e-02,2.897788e-03,1.730374e-03,7.486638e-02,7.064419e-03,1.188054e-02,6.440830e-01,9.800290e-02,1.853684e-03,6.827314e-02
2.717489e-03,2.243273e-03,9.129937e-04,1.033925e-03,1.686342e-02,5.085016e-02,2.191578e-03,2.375274e-03,6.076967e-02,7.047966e-03,1.719416e-02,6.804552e-01,1.050590e-01,2.354652e-03,4.793126e-02
2.820078e-03,3.465389e-03,4.837467e-03,1.412019e-03,1.666602e-02,3.694193e-02,1.816384e-03,2.977519e-03,1.043565e-01,1.725021e-02,2.857449e-02,6.368365e-01,1.033987e-01,4.091077e-03,3.455580e-02
2.792712e-03,1.197469e-02,9.784412e-03,1.611774e-03,1.333735e-02,2.776548e-02,1.640910e-03,2.524794e-03,9.450132e-02,6.837764e-02,3.648365e-02,5.963959e-01,9.944712e-02,6.359505e-03,2.700272e-02
2.179782e-03,1.917844e-02,1.115774e-02,1.197504e-03,1.041683e-02,2.024598e-02,1.939934e-03,2.203961e-03,1.240645e-01,1.066239e-01,3.722624e-02,5.338971e-01,8.891771e-02,1.230678e-02,2.844356e-02
1.973589e-03,1.601354e-02,8.999916e-03,1.125422e-03,8.187735e-03,1.481254e-02,1.644837e-03,2.338559e-03,1.873153e-01,8.813007e-02,3.912859e-02,4.804316e-01,6.764898e-02,3.961387e-02,4.263543e-02
1.994273e-03,2.462334e-02,7.487246e-03,1.063676e-03,7.529310e-03,1.834401e-02,1.543046e-03,2.589532e-03,2.466694e-01,1.062322e-01,4.638347e-02,3.589464e-01,4.969336e-02,4.098652e-02,8.591418e-02
2.040268e-03,3.254582e-02,6.504117e-03,9.993864e-04,8.714848e-03,1.335735e-02,1.188832e-03,2.514126e-03,3.899865e-01,9.564373e-02,4.062772e-02,2.551621e-01,3.550931e-02,3.430178e-02,8.090410e-02
2.039994e-03,4.592210e-02,5.066547e-03,8.884128e-04,9.719905e-03,9.682436e-03,8.814938e-04,1.961183e-03,4.957420e-01,7.249998e-02,3.149205e-02,1.799350e-01,2.510717e-02,2.572489e-02,9.333681e-02
1.925513e-03,5.201880e-02,4.201237e-03,4.466038e-03,1.093662e-02,8.006513e-03,6.422864e-04,1.668754e-03,5.970479e-01,5.385451e-02,2.250775e-02,1.265776e-01,1.794001e-02,1.891550e-02,7.929100e-02
4.272870e-03,4.841999e-02,3.186817e-03,4.292058e-03,1.135471e-02,7.967308e-03,5.174750e-04,1.547582e-03,6.720091e-01,4.028515e-02,1.606393e-02,8.876996e-02,1.349427e-02,1.532628e-02,7.249258e-02
4.394555e-03,4.653316e-02,3.094591e-03,8.349977e-03,1.157037e-02,6.704454e-03,3.928572e-04,1.819714e-03,7.317585e-01,3.061661e-02,1.181347e-02,6.232454e-02,9.906506e-03,1.133465e-02,5.938615e-02
1.310135e-02,3.870765e-02,4.630222e-03,1.052444e-02,1.155373e-02,6.760002e-03,5.357112e-04,3.263884e-03,7.265851e-01,2.692948e-02,1.053235e-02,4.458889e-02,1.036946e-02,9.175260e-03,8.274256e-02
2.838696e-02,5.420272e-02,4.047168e-03,8.914614e-03,1.302707e-02,7.238615e-03,7.360489e-04,4.083466e-03,6.426255e-01,2.169080e-02,9.065167e-03,3.237501e-02,8.309656e-03,1.162759e-02,1.536697e-01
3.803322e-02,5.714532e-02,1.176728e-02,1.553861e-02,1.391106e-02,6.578450e-03,7.533106e-04,1.278318e-02,6.164609e-01,1.666785e-02,8.185498e-03,2.450567e-02,7.352883e-03,1.028581e-02,1.600310e-01
5.851970e-02,7.005264e-02,1.230445e-02,1.277576e-02,1.485838e-02,6.642630e-03,6.852179e-04,1.874616e-02,6.025586e-01,1.274740e-02,7.509158e-03,1.817912e-02,5.698351e-03,1.247898e-02,1.462434e-01
7.093099e-02,6.908017e-02,2.222589e-02,2.901924e-02,3.377727e-02,6.344044e-03,9.474250e-04,7.536533e-02,5.270994e-01,1.007394e-02,6.168541e-03,1.332946e-02,4.361356e-03,1.109205e-02,1.201849e-01
5.152334e-02,5.201853e-02,2.473580e-02,2.153480e-02,2.454078e-02,5.351408e-03,6.678161e-04,5.299344e-02,4.651809e-01,8.322787e-03,1.178314e-02,9.541414e-03,3.809361e-03,8.990297e-03,2.590062e-01
4.083932e-02,4.104494e-02,2.483868e-02,1.621162e-02,1.917518e-02,5.071817e-03,4.867497e-04,3.736408e-02,4.953079e-01,6.588824e-03,1.600105e-02,7.074378e-03,3.899412e-03,1.169021e-02,2.744058e-01
2.900664e-02,2.904037e-02,1.811342e-02,1.143981e-02,1.348312e-02,3.709078e-03,3.659963e-04,2.617504e-02,5.024557e-01,4.880668e-03,2.190921e-02,5.138445e-03,2.926683e-03,8.674187e-02,2.446139e-01
2.036974e-02,2.050035e-02,1.290405e-02,8.056791e-03,9.443161e-03,2.613648e-03,2.642353e-04,1.833412e-02,5.290246e-01,3.882552e-03,6.554244e-02,4.730543e-03,2.408894e-03,1.272058e-01,1.747190e-01
1.442212e-02,1.441845e-02,9.180685e-03,5.714956e-03,6.692133e-03,1.844267e-03,1.920576e-04,1.287247e-02,4.831481e-01,3.029297e-03,2.176136e-01,5.610531e-03,2.385301e-03,9.810907e-02,1.247670e-01
1.036663e-02,1.015279e-02,6.555073e-03,4.010869e-03,4.775636e-03,1.357218e-03,1.617399e-04,9.029053e-03,3.498779e-01,2.233514e-03,3.985735e-01,3.201629e-02,2.884673e-03,8.033554e-02,8.766961e-02
7.291807e-03,7.126132e-03,4.615802e-03,2.812903e-03,3.405400e-03,9.809133e-04,1.200181e-04,6.325620e-03,2.506732e-01,1.575424e-03,5.316053e-01,6.003357e-02,2.561833e-03,5.946782e-02,6.140433e-02
5.127975e-03,5.024781e-03,3.240344e-03,1.974544e-03,2.569940e-03,7.277458e-04,1.046927e-04,4.431265e-03,1.761429e-01,1.116862e-03,5.997847e-01,1.117804e-01,2.122205e-03,4.285861e-02,4.299302e-02
3.602146e-03,3.543572e-03,2.305399e-03,1.393173e-03,2.288614e-03,6.140874e-04,8.254725e-05,3.105095e-03,1.234081e-01,8.093318e-04,4.746993e-01,3.211939e-01,1.694828e-03,3.115201e-02,3.010794e-02
2.541409e-03,2.510981e-03,1.717432e-03,9.937135e-04,5.702855e-03,5.309471e-04,2.290791e-04,2.192088e-03,8.658972e-02,6.083457e-04,3.681903e-01,4.795994e-01,1.640064e-03,2.584867e-02,2.110511e-02
1.828383e-03,1.788025e-03,1.276966e-03,7.312144e-04,4.806468e-03,4.961164e-04,2.087984e-04,1.546871e-03,6.086132e-02,5.369592e-04,3.094831e-01,5.754915e-01,1.570267e-03,2.457690e-02,1.479717e-02
1.499288e-03,1.400959e-03,1.085634e-03,5.599697e-04,5.601822e-03,6.345437e-04,2.586234e-04,1.115093e-03,4.297695e-02,5.357536e-04,2.771262e-01,6.336253e-01,1.785598e-03,2.134090e-02,1.045338e-02
1.321165e-03,1.127087e-03,8.795952e-04,4.801075e-04,7.720080e-03,6.854059e-04,5.413318e-04,8.337711e-04,3.083794e-02,5.702893e-04,4.174429e-01,5.088250e-01,2.563318e-03,1.876820e-02,7.403883e-03
1.306294e-03,8.371072e-04,6.836770e-04,3.534141e-04,5.832067e-03,7.348304e-04,4.893918e-04,6.249165e-04,2.173456e-02,6.417941e-04,3.607451e-01,5.840856e-01,2.063585e-03,1.463884e-02,5.228807e-03
1.539395e-03,6.769479e-04,5.650892e-04,2.840636e-04,4.356615e-03,1.428871e-03,3.700987e-04,4.924757e-04,1.542478e-02,7.634375e-04,3.431617e-01,6.141028e-01,1.615315e-03,1.142860e-02,3.789855e-03
2.858553e-03,5.545373e-04,6.219685e-04,2.445116e-04,3.708759e-03,5.674127e-03,4.505792e-04,8.716158e-04,1.106067e-02,9.938801e-04,2.679591e-01,6.923146e-01,1.330386e-03,8.656535e-03,2.700199e-03
3.404375e-03,8.549974e-04,6.509879e-04,2.723133e-04,5.874978e-03,5.363636e-03,3.991181e-04,9.838722e-04,8.011364e-03,9.508418e-04,2.133366e-01,7.496096e-01,1.235189e-03,7.049700e-03,2.002461e-03
3.998923e-03,1.589575e-03,8.895487e-04,5.404264e-04,3.647438e-02,9.253775e-03,1.522423e-03,3.260888e-03,6.706993e-03,9.642278e-04,2.103041e-01,7.149888e-01,1.651152e-03,6.204782e-03,1.649984e-03
2.045680e-02,4.430902e-03,3.067848e-03,1.010369e-03,1.238646e-01,8.534359e-03,3.092624e-03,8.672075e-03,1.136406e-02,1.054620e-03,1.612774e-01,6.445057e-01,1.504911e-03,5.354727e-03,1.809003e-03
3.996526e-02,9.187786e-03,1.351611e-02,1.559132e-03,2.025615e-01,1.149771e-02,3.181242e-03,2.249400e-02,1.426782e-02,1.810274e-03,1.245001e-01,5.460069e-01,1.765590e-03,5.626353e-03,2.060280e-03
3.790062e-02,1.009082e-02,2.092960e-02,1.746278e-03,2.121491e-01,1.016802e-02,3.349920e-03,4.082911e-02,2.886500e-02,1.862815e-03,9.155126e-02,5.326059e-01,1.803347e-03,4.511415e-03,1.636836e-03
3.592465e-02,1.344683e-02,2.223137e-02,1.613193e-03,2.084532e-01,9.135165e-03,3.063927e-03,4.684301e-02,7.940969e-02,2.701019e-03,7.322238e-02,4.955896e-01,2.171437e-03,4.770975e-03,1.423586e-03
3.554731e-02,1.081548e-02,3.572530e-02,6.680796e-03,1.807253e-01,9.423502e-03,3.228181e-03,1.303075e-01,7.515097e-02,2.618439e-03,6.190781e-02,4.402233e-01,2.298685e-03,4.271592e-03,1.075852e-03
2.785629e-02,9.874467e-03,3.438197e-02,5.436463e-03,1.483711e-01,8.847684e-03,2.347150e-03,9.662982e-02,8.433321e-02,3.021385e-03,1.029787e-01,4.683669e-01,1.894190e-03,4.552192e-03,1.108461e-03
2.539883e-02,9.952620e-03,4.478540e-02,6.442778e-03,1.393789e-01,8.471861e-03,1.773811e-03,7.318848e-02,8.202543e-02,2.879464e-03,9.219694e-02,5.063143e-01,1.740289e-03,4.511520e-03,9.392843e-04
2.203057e-02,1.447795e-02,4.836231e-02,7.502246e-03,1.366948e-01,8.128364e-03,1.875429e-03,6.101726e-02,6.551001e-02,3.000794e-03,8.012640e-02,5.449919e-01,1.389964e-03,3.851694e-03,1.040298e-03
2.565149e-02,1.703756e-02,5.114784e-02,7.033054e-03,1.274227e-01,8.927422e-03,1.927583e-03,5.244483e-02,6.793800e-02,3.989400e-03,8.714215e-02,5.421134e-01,1.390714e-03,4.112157e-03,1.721654e-03
2.949104e-02,1.594447e-02,4.768207e-02,6.542235e-03,1.209422e-01,1.077248e-02,2.127996e-03,5.667056e-02,1.005092e-01,4.625834e-03,8.550455e-02,5.114845e-01,1.707252e-03,3.920366e-03,2.075263e-03
3.057079e-02,1.425679e-02,6.119084e-02,1.275888e-02,1.558079e-01,9.330831e-03,1.795536e-03,9.677748e-02,1.370543e-01,3.907698e-03,6.276526e-02,4.066822e-01,1.938963e-03,3.067851e-03,2.094721e-03
3.663693e-02,1.694150e-02,7.528850e-02,2.744525e-02,2.401253e-01,1.170368e-02,1.829161e-03,7.934522e-02,1.524018e-01,3.347682e-03,4.691981e-02,3.014542e-01,1.803139e-03,2.417425e-03,2.340503e-03
5.303924e-02,2.111406e-02,6.814989e-02,3.376903e-02,2.938064e-01,1.660441e-02,1.779980e-03,6.871188e-02,1.650696e-01,3.682969e-03,4.689575e-02,2.178819e-01,2.194780e-03,3.645059e-03,3.654953e-03
9.172282e-02,2.417653e-02,5.774428e-02,4.449534e-02,2.995328e-01,1.597066e-02,1.745937e-03,5.880655e-02,1.683100e-01,3.969320e-03,4.947574e-02,1.618835e-01,4.567466e-03,9.380499e-03,8.218507e-03
1.282069e-01,2.930968e-02,5.166979e-02,4.965632e-02,2.878896e-01,1.796582e-02,1.822715e-03,4.629381e-02,1.428641e-01,6.548046e-03,5.738090e-02,1.248429e-01,5.995762e-03,1.522348e-02,3.433006e-02
1.576109e-01,3.901364e-02,4.473045e-02,8.033444e-02,2.657605e-01,1.677184e-02,2.094635e-03,5.657458e-02,1.177975e-01,7.729560e-03,5.663873e-02,1.029634e-01,7.039921e-03,1.630844e-02,2.863142e-02
1.961698e-01,3.588056e-02,3.746560e-02,8.406316e-02,2.262618e-01,1.670564e-02,2.303340e-03,4.675253e-02,1.324777e-01,9.954983e-03,7.175124e-02,8.235198e-02,7.422513e-03,2.668504e-02,2.375406e-02
1.669810e-01,2.770760e-02,2.780728e-02,6.272403e-02,1.911092e-01,2.156963e-01,6.147745e-03,3.948143e-02,9.502547e-02,9.688199e-03,5.400638e-02,6.044415e-02,5.729429e-03,1.956862e-02,1.788308e-02
1.451791e-01,2.165453e-02,2.014630e-02,4.705032e-02,1.490142e-01,3.717871e-01,4.899871e-03,3.089871e-02,6.919431e-02,1.603450e-02,4.267931e-02,4.546261e-02,5.302610e-03,1.636895e-02,1.432752e-02
1.064351e-01,1.544534e-02,1.443265e-02,3.369606e-02,1.052629e-01,3.647588e-01,3.792096e-03,2.766504e-02,5.113307e-02,1.516520e-01,3.405307e-02,3.244378e-02,4.675522e-03,1.245355e-02,4.210109e-02
8.850764e-02,1.103115e-02,1.210050e-02,2.778853e-02,7.441212e-02,3.656431e-01,4.039195e-03,1.092731e-01,4.305205e-02,1.274291e-01,4.189240e-02,2.458828e-02,1.218357e-02,1.189789e-02,4.616141e-02
7.477066e-02,8.448640e-03,1.269901e-02,2.446055e-02,5.406643e-02,3.571603e-01,4.622459e-03,1.411561e-01,5.008283e-02,1.125808e-01,4.443318e-02,1.861386e-02,1.676139e-02,1.065702e-02,6.948677e-02
9.169213e-02,6.994586e-03,1.839135e-02,2.105476e-02,4.052309e-02,4.316072e-01,4.678155e-03,1.072295e-01,4.204168e-02,1.054868e-01,3.320396e-02,1.387203e-02,1.304415e-02,8.776268e-03,6.140429e-02
1.230380e-01,5.658826e-03,1.888484e-02,2.241370e-02,3.248366e-02,4.411972e-01,5.025828e-03,8.443297e-02,3.459971e-02,1.232506e-01,2.582399e-02,1.081227e-02,1.095361e-02,7.994980e-03,5.342977e-02
2.087210e-01,5.789632e-03,1.767464e-02,2.226121e-02,2.804164e-02,4.187244e-01,5.937780e-03,6.674544e-02,2.723709e-02,1.069608e-01,2.160328e-02,9.276513e-03,9.057658e-03,8.545223e-03,4.342365e-02
3.334587e-01,5.909995e-03,1.660404e-02,1.905081e-02,2.350597e-02,3.576052e-01,5.711761e-03,5.224000e-02,2.248544e-02,9.242163e-02,1.645500e-02,7.309056e-03,6.903698e-03,7.432109e-03,3.290664e-02
2.708012e-01,5.502732e-03,1.564563e-02,1.619110e-02,1.805093e-02,3.476280e-01,4.746200e-03,4.045019e-02,2.383138e-02,7.742418e-02,2.016410e-02,6.119526e-03,6.580699e-03,8.091653e-03,1.387725e-01
1.918803e-01,9.573357e-03,1.751625e-02,1.991291e-02,1.348177e-02,2.589866e-01,3.627416e-03,2.885469e-02,4.592872e-02,9.143359e-02,3.236691e-02,5.924951e-03,1.330655e-02,1.084030e-02,2.563657e-01
1.362681e-01,9.652211e-03,1.612527e-02,1.907681e-02,1.015984e-02,1.959146e-01,2.960489e-03,2.057804e-02,8.402529e-02,1.329678e-01,4.139283e-02,7.125654e-03,1.922344e-02,1.857446e-02,2.859552e-01
9.580329e-02,7.767388e-03,1.186091e-02,1.408428e-02,7.387737e-03,1.382086e-01,2.139530e-03,1.451959e-02,6.390559e-02,1.003934e-01,5.096370e-02,6.867354e-03,2.620311e-02,3.593673e-02,4.239587e-01
6.802541e-02,7.167104e-03,8.512978e-03,1.000954e-02,5.313362e-03,9.721497e-02,1.597984e-03,1.028965e-02,5.137229e-02,9.276460e-02,5.733990e-02,6.268627e-03,2.378539e-02,5.368255e-02,5.066556e-01
5.538292e-02,6.458949e-03,6.274470e-03,7.863577e-03,4.707019e-03,6.919250e-02,1.188663e-03,7.439461e-03,4.193835e-02,7.315610e-02,4.453314e-02,4.808752e-03,1.850807e-02,4.098040e-02,6.175677e-01
5.097506e-02,1.571074e-02,1.832536e-02,5.201292e-02,1.810118e-02,5.143874e-02,1.462602e-03,7.005146e-03,5.029372e-02,5.532698e-02,5.926624e-02,5.839924e-03,1.981513e-02,3.665316e-02,5.577731e-01
4.590909e-02,1.776300e-02,2.282037e-02,5.610713e-02,1.768316e-02,3.961666e-02,1.277131e-03,6.098646e-03,5.290339e-02,5.695722e-02,7.818523e-02,9.464953e-03,2.280768e-02,3.306514e-02,5.393412e-01
4.204615e-02,1.824193e-02,4.707208e-02,4.531765e-02,1.611917e-02,4.154665e-02,1.049856e-03,5.101028e-03,4.523680e-02,1.106416e-01,1.265003e-01,1.307060e-02,4.150318e-02,2.974978e-02,4.168032e-01
3.167654e-02,1.963202e-02,3.630969e-02,3.683031e-02,1.477492e-02,3.131535e-02,9.090579e-04,5.058779e-03,8.618261e-02,8.775070e-02,1.395840e-01,2.148817e-02,1.277003e-01,5.434472e-02,3.064428e-01
2.264555e-02,1.500044e-02,2.617135e-02,2.880106e-02,1.781326e-02,2.530151e-02,8.517578e-04,4.594007e-03,9.274792e-02,6.189253e-02,1.291160e-01,7.381967e-02,2.297678e-01,5.044097e-02,2.210361e-01
2.080807e-02,1.145906e-02,1.905048e-02,2.699113e-02,1.369835e-02,2.215732e-02,8.951193e-04,4.384852e-03,1.555591e-01,4.698998e-02,1.836127e-01,6.566781e-02,1.724129e-01,9.582406e-02,1.604890e-01
2.312449e-02,1.032483e-02,1.520691e-02,2.316733e-02,1.109958e-02,1.689724e-02,8.773874e-04,3.987190e-03,2.202266e-01,3.499430e-02,2.204821e-01,5.636715e-02,1.261754e-01,1.225360e-01,1.145335e-01
3.548203e-02,1.316963e-02,1.170667e-02,2.311182e-02,8.871973e-03,1.855915e-02,1.011745e-03,4.946324e-03,2.532303e-01,3.048504e-02,2.480406e-01,5.451719e-02,9.227252e-02,1.228276e-01,8.176737e-02
4.589776e-02,1.624672e-02,8.679606e-03,1.833046e-02,6.541740e-03,1.607161e-02,8.813409e-04,4.003403e-03,2.204258e-01,2.345645e-02,3.552883e-01,5.010558e-02,6.769290e-02,1.081797e-01,5.819870e-02
1.482299e-01,1.864748e-02,7.254932e-03,1.945519e-02,5.400393e-03,1.395764e-02,1.090018e-03,4.545070e-03,1.845146e-01,2.017710e-02,3.208779e-01,5.558994e-02,5.118097e-02,1.063501e-01,4.272878e-02
1.116929e-01,2.380276e-02,7.203394e-03,1.475324e-02,4.742595e-03,1.910322e-02,9.292013e-04,4.262450e-03,1.699329e-01,1.837523e-02,3.815103e-01,5.140545e-02,3.900867e-02,1.206142e-01,3.266353e-02
8.161108e-02,2.083849e-02,5.430136e-03,1.122577e-02,3.515905e-03,1.640045e-02,6.867864e-04,3.165685e-03,1.342362e-01,1.528164e-02,4.996915e-01,4.261236e-02,3.129284e-02,1.097092e-01,2.430197e-02
6.260817e-02,1.564075e-02,3.896680e-03,8.197642e-03,2.817771e-03,1.206390e-02,5.665167e-04,2.354004e-03,1.070107e-01,1.286548e-02,6.028360e-01,3.670596e-02,2.491824e-02,8.987185e-02,1.764647e-02
6.242282e-02,1.384051e-02,4.552567e-03,7.952011e-03,3.718135e-03,9.517571e-03,9.320450e-04,3.556247e-03,1.248716e-01,1.913651e-02,5.471830e-01,3.880905e-02,1.928634e-02,1.308911e-01,1.333059e-02
6.170109e-02,1.645885e-02,6.544576e-03,6.444131e-03,4.339190e-03,8.687216e-03,1.438975e-03,5.052477e-03,1.734920e-01,2.326799e-02,4.846360e-01,3.791128e-02,1.584260e-02,1.437962e-01,1.038744e-02
6.454562e-02,1.483565e-02,5.880039e-03,1.067477e-02,6.507047e-03,7.715364e-03,1.357546e-03,4.869942e-03,1.559425e-01,2.327851e-02,5.249088e-01,3.133601e-02,1.221440e-02,1.255814e-01,1.035253e-02
6.735104e-02,1.262939e-02,4.754877e-03,1.078459e-02,8.345107e-03,6.553655e-03,1.274126e-03,4.401017e-03,1.508428e-01,2.274856e-02,5.194618e-01,3.263432e-02,9.732116e-03,1.397476e-01,8.739077e-03
6.183096e-02,2.276772e-02,4.447783e-03,8.797568e-03,8.010969e-03,6.537991e-03,1.051203e-03,3.895918e-03,1.491391e-01,2.010479e-02,5.091723e-01,5.371829e-02,9.450529e-03,1.338558e-01,7.219190e-03
8.218203e-02,3.393780e-02,3.863331e-03,7.897922e-03,7.738087e-03,9.451018e-03,9.003411e-04,3.766708e-03,1.470691e-01,1.704495e-02,4.809485e-01,4.926962e-02,8.485647e-03,1.393139e-01,8.131146e-03
1.154572e-01,7.303783e-02,4.401153e-03,6.832082e-03,6.880412e-03,1.371294e-02,7.613422e-04,4.448906e-03,1.351602e-01,1.403910e-02,3.990780e-01,4.204144e-02,7.308589e-03,1.685762e-01,8.264578e-03
1.588418e-01,8.780825e-02,5.067199e-03,5.788476e-03,6.664457e-03,2.163212e-02,7.257783e-04,4.500256e-03,1.199682e-01,1.162261e-02,3.467184e-01,4.099937e-02,6.284987e-03,1.763810e-01,6.997142e-03
2.519661e-01,8.052625e-02,7.703553e-03,7.184182e-03,7.558187e-03,3.108570e-02,7.535209e-04,6.033669e-03,1.017825e-01,8.727154e-03,2.948323e-01,3.590357e-02,6.104097e-03,1.534354e-01,6.403914e-03
3.311561e-01,6.941730e-02,1.406373e-02,9.421839e-03,1.078251e-02,2.694141e-02,8.475831e-04,7.251969e-03,8.758458e-02,6.684972e-03,2.402899e-01,3.539466e-02,6.443758e-03,1.469626e-01,6.757111e-03
3.029194e-01,5.507404e-02,1.751934e-02,1.167668e-02,1.841068e-02,2.728438e-02,1.221580e-03,7.138642e-03,8.581063e-02,5.700874e-03,3.018536e-01,3.624109e-02,8.109877e-03,1.144450e-01,6.594153e-03
2.619699e-01,6.195928e-02,2.242232e-02,1.088177e-02,2.807891e-02,2.158632e-02,1.102631e-03,8.362824e-03,1.094647e-01,5.804724e-03,3.098957e-01,4.629719e-02,7.918882e-03,9.877867e-02,5.476214e-03
2.088241e-01,5.910078e-02,2.119265e-02,8.538962e-03,3.176351e-02,1.732478e-02,1.959702e-03,9.633942e-03,1.057155e-01,5.293999e-03,3.960848e-01,4.757440e-02,9.733716e-03,7.216673e-02,5.092381e-03
1.698476e-01,7.504406e-02,3.326496e-02,9.320697e-03,6.285605e-02,1.528606e-02,3.689101e-03,2.370111e-02,1.258155e-01,5.435522e-03,3.631288e-01,4.348652e-02,1.087637e-02,5.334494e-02,4.902757e-03
1.592949e-01,6.992136e-02,3.240144e-02,8.673910e-03,1.156888e-01,1.654656e-02,5.131898e-03,4.378191e-02,1.201337e-01,8.052737e-03,3.284071e-01,3.517780e-02,9.856502e-03,4.245613e-02,4.475220e-03
1.641963e-01,7.168624e-02,4.334788e-02,1.167128e-02,1.765820e-01,1.523266e-02,5.074344e-03,7.930490e-02,9.979423e-02,6.807582e-03,2.509827e-01,2.850435e-02,7.890199e-03,3.490656e-02,4.018776e-03
1.977400e-01,5.771177e-02,4.017571e-02,1.117632e-02,2.361776e-01,1.756592e-02,5.027399e-03,7.126091e-02,9.032530e-02,6.681792e-03,1.977975e-01,2.557423e-02,6.237307e-03,3.230117e-02,4.247097e-03
1.861912e-01,6.101792e-02,3.339826e-02,1.092249e-02,3.300235e-01,1.812051e-02,3.931832e-03,5.685845e-02,7.384186e-02,7.593700e-03,1.624434e-01,1.941841e-02,4.868087e-03,2.699793e-02,4.372421e-03
1.874116e-01,4.927140e-02,2.790536e-02,1.156283e-02,2.854859e-01,2.158389e-02,3.025948e-03,4.711761e-02,6.935479e-02,2.389101e-02,2.056557e-01,1.583308e-02,4.922208e-03,4.056734e-02,6.411322e-03
2.489277e-01,3.813161e-02,2.290535e-02,1.255570e-02,2.381547e-01,1.911930e-02,2.712051e-03,4.496389e-02,6.668562e-02,3.288904e-02,1.941787e-01,1.698388e-02,5.061658e-03,4.852307e-02,8.207725e-03
2.450834e-01,3.673359e-02,2.094436e-02,1.266529e-02,2.378597e-01,1.841537e-02,2.673845e-03,4.129040e-02,7.251495e-02,4.977064e-02,1.696146e-01,2.029898e-02,6.484738e-03,5.419112e-02,1.145906e-02
1.823410e-01,3.077739e-02,1.553003e-02,1.098061e-02,1.700296e-01,1.421626e-02,2.203513e-03,3.077494e-02,2.632128e-01,4.303156e-02,1.289388e-01,1.799426e-02,6.930036e-03,4.413891e-02,3.890030e-02
1.278771e-01,2.197692e-02,1.093377e-02,9.058005e-03,1.191774e-01,1.332519e-02,1.790548e-03,2.172798e-02,2.254812e-01,3.051458e-02,9.212065e-02,1.797845e-02,2.490394e-01,3.097407e-02,2.802486e-02
8.970106e-02,1.580006e-02,7.789136e-03,7.820254e-03,8.377296e-02,2.029307e-02,1.707908e-03,1.621459e-02,2.155620e-01,2.157474e-02,6.520909e-02,1.393777e-02,3.977480e-01,2.170671e-02,2.116278e-02
6.284265e-02,1.258590e-02,5.730706e-03,7.133973e-03,5.866288e-02,1.481049e-02,1.246353e-03,1.135751e-02,4.151508e-01,1.521208e-02,4.569252e-02,1.002913e-02,3.087981e-01,1.522265e-02,1.552427e-02
4.442964e-02,9.382098e-03,6.182796e-03,6.841058e-03,4.134803e-02,1.193879e-02,2.019606e-03,8.085978e-03,4.966240e-01,1.126449e-02,3.235399e-02,9.884517e-03,2.883369e-01,1.089289e-02,2.041522e-02
3.208578e-02,7.160432e-03,5.280625e-03,6.425325e-03,2.983124e-02,9.910820e-03,5.720955e-03,6.270647e-03,4.140281e-01,8.322814e-03,2.388509e-02,1.268547e-02,3.881898e-01,7.954917e-03,4.224795e-02
2.559724e-02,5.693079e-03,4.738041e-03,7.761342e-03,2.504380e-02,8.884267e-03,6.370171e-03,4.833914e-03,3.482748e-01,6.139085e-03,1.766338e-02,1.434438e-02,4.833589e-01,5.840294e-03,3.545732e-02
1.972685e-02,4.516654e-03,4.051381e-03,5.928732e-03,1.894527e-02,7.296090e-03,6.392629e-03,8.092091e-03,2.611226e-01,4.745694e-03,1.398997e-02,1.689842e-02,5.766777e-01,4.834444e-03,4.678141e-02
1.498725e-02,3.758699e-03,3.180905e-03,4.786747e-03,1.368373e-02,6.711199e-03,4.732763e-03,6.152222e-03,2.942246e-01,3.522979e-03,1.020706e-02,1.388755e-02,5.813906e-01,3.634106e-03,3.513946e-02
1.305121e-02,3.286962e-03,2.843195e-03,3.577306e-03,9.997301e-03,6.467196e-03,4.369089e-03,4.420497e-03,2.330667e-01,2.634380e-03,7.516063e-03,1.091157e-02,6.686960e-01,2.597611e-03,2.656483e-02
1.538887e-02,3.096368e-03,3.167780e-03,3.748397e-03,7.772244e-03,8.257786e-03,4.008878e-03,3.224569e-03,2.156703e-01,2.358378e-03,6.861594e-03,1.086986e-02,6.924477e-01,2.337844e-03,2.078944e-02
2.524833e-02,2.909700e-03,2.551622e-03,3.703213e-03,6.236952e-03,9.289147e-03,3.480703e-03,2.497612e-03,1.820114e-01,2.714694e-03,7.335718e-03,1.421379e-02,7.187722e-01,1.989443e-03,1.704548e-02
4.162692e-02,2.314556e-03,1.965039e-03,3.070503e-03,5.147527e-03,7.137267e-03,2.663508e-03,1.850996e-03,1.310782e-01,2.159907e-03,6.038532e-03,2.230041e-02,7.554334e-01,1.619182e-03,1.559395e-02
6.728720e-02,2.093103e-03,1.665192e-03,2.967263e-03,5.026577e-03,8.190650e-03,2.322595e-03,1.456194e-03,9.682881e-02,1.690421e-03,5.348736e-03,2.282037e-02,7.686093e-01,1.873063e-03,1.182041e-02
8.332326e-02,2.051772e-03,1.572770e-03,2.638108e-03,6.958868e-03,7.421797e-03,2.070836e-03,1.263127e-03,6.970841e-02,1.475568e-03,5.101264e-03,2.884478e-02,7.764844e-01,1.641131e-03,9.443880e-03
1.150131e-01,2.336627e-03,1.733030e-03,2.598668e-03,8.047854e-03,1.020244e-02,2.046011e-03,1.232267e-03,5.034054e-02,1.200757e-03,4.999623e-03,3.141900e-02,7.596272e-01,1.958938e-03,7.243924e-03
9.120843e-02,2.157183e-03,2.476917e-03,2.313334e-03,1.721360e-02,9.837158e-03,2.268260e-03,1.306856e-03,3.604273e-02,1.223245e-03,4.778738e-03,2.525223e-02,7.963393e-01,1.694063e-03,5.887893e-03
6.954323e-02,1.774795e-03,2.089407e-03,1.757895e-03,1.591236e-02,7.263428e-03,1.758337e-03,1.060226e-03,2.584004e-02,1.146597e-03,4.194635e-03,2.393644e-02,8.377932e-01,1.324063e-03,4.605319e-03
8.423096e-02,1.905276e-03,2.742964e-03,1.893550e-03,1.778090e-02,6.849051e-03,1.483436e-03,1.383901e-03,1.996878e-02,1.214920e-03,4.201748e-03,2.007316e-02,8.315876e-01,1.240552e-03,3.443246e-03
1.398684e-01,2.318881e-03,5.181026e-03,1.692010e-03,1.912905e-02,6.476796e-03,1.330903e-03,1.777145e-03,1.715864e-02,1.543182e-03,4.182674e-03,1.668189e-02,7.785953e-01,1.254317e-03,2.809808e-03
1.775157e-01,2.336436e-03,5.982768e-03,1.810838e-03,1.646419e-02,1.066643e-02,1.080098e-03,2.161860e-03,1.441515e-02,1.720756e-03,7.201718e-03,2.152252e-02,7.331128e-01,1.668447e-03,2.340336e-03
1.725926e-01,3.635088e-03,1.063048e-02,3.661087e-03,3.281909e-02,1.681281e-02,2.562576e-03,5.884326e-03,2.527817e-02,4.122038e-03,1.235365e-02,6.043154e-02,6.436114e-01,1.966333e-03,3.638758e-03
1.341736e-01,2.937359e-03,1.146692e-02,6.194946e-03,3.599928e-02,1.813839e-02,2.469854e-03,3.194078e-02,3.329476e-02,5.248111e-03,1.607602e-02,5.967325e-02,6.367030e-01,1.966430e-03,3.717299e-03
9.912834e-02,2.213625e-03,9.427692e-03,7.012134e-03,2.641211e-02,1.799875e-02,2.022989e-03,5.536276e-02,3.276881e-02,6.435261e-03,2.133490e-02,1.052218e-01,6.085742e-01,1.777333e-03,4.309377e-03
7.718021e-02,2.268193e-03,1.364634e-02,7.870596e-03,4.663061e-02,1.372433e-02,2.987752e-03,8.388130e-02,7.658314e-02,7.695738e-03,2.355522e-02,9.265237e-02,5.446131e-01,1.468866e-03,5.242345e-03
7.598639e-02,2.904132e-03,2.707567e-02,1.548161e-02,1.389919e-01,1.288037e-02,1.246487e-02,8.549312e-02,7.052442e-02,1.073175e-02,2.066798e-02,6.947234e-02,4.492234e-01,1.343265e-03,6.758872e-03
5.524901e-02,3.733672e-03,2.099529e-02,2.453254e-01,1.292124e-01,1.006694e-02,8.980866e-03,6.987520e-02,5.736643e-02,8.252383e-03,1.620022e-02,5.013895e-02,3.177570e-01,9.752655e-04,5.871050e-03
5.166926e-02,4.309320e-03,2.154192e-02,2.041361e-01,1.281370e-01,9.719182e-03,7.948733e-03,1.427638e-01,8.278176e-02,8.404862e-03,1.608390e-02,4.288385e-02,2.710244e-01,9.262044e-04,7.669695e-03
5.506038e-02,6.507009e-03,1.871416e-02,2.749324e-01,1.238154e-01,8.383598e-03,6.303408e-03,1.800893e-01,6.554320e-02,6.108030e-03,1.349800e-02,3.300422e-02,2.002447e-01,7.548219e-04,7.041382e-03
8.598931e-02,8.130537e-03,2.077737e-02,2.345981e-01,1.314096e-01,8.156704e-03,7.386962e-03,2.226216e-01,6.251925e-02,4.875869e-03,1.170033e-02,2.851618e-02,1.590658e-01,9.269291e-04,1.332546e-02
9.810496e-02,1.332724e-02,2.258556e-02,1.834136e-01,1.375815e-01,8.440740e-03,1.017803e-02,2.039735e-01,8.060788e-02,5.262280e-03,1.051556e-02,2.218164e-02,1.333312e-01,1.422722e-03,6.907365e-02
1.003871e-01,2.459695e-02,2.257683e-02,1.649374e-01,1.056493e-01,1.010298e-02,9.012035e-03,2.188907e-01,1.474549e-01,6.594493e-03,9.800857e-03,1.712504e-02,9.909701e-02,2.062306e-03,6.171224e-02
1.183499e-01,2.830421e-02,2.107213e-02,1.280010e-01,1.084969e-01,2.266626e-02,8.361584e-03,1.838579e-01,2.145488e-01,5.589158e-03,1.044981e-02,1.730771e-02,7.788107e-02,2.768818e-03,5.234483e-02
