1.000000e+00,0.000000e+00,0.000000e+00,0.000000e+00,0.000000e+00,0.000000e+00,0.000000e+00,0.000000e+00,0.000000e+00,0.000000e+00,0.000000e+00,0.000000e+00,0.000000e+00,0.000000e+00,0.000000e+00
1.000000e+00,0.000000e+00,0.000000e+00,0.000000e+00,0.000000e+00,0.000000e+00,0.000000e+00,0.000000e+00,0.000000e+00,0.000000e+00,0.000000e+00,0.000000e+00,0.000000e+00,0.000000e+00,0.000000e+00
1.000000e+00,0.000000e+00,0.000000e+00,0.000000e+00,0.000000e+00,0.000000e+00,0.000000e+00,0.000000e+00,0.000000e+00,0.000000e+00,0.000000e+00,0.000000e+00,0.000000e+00,0.000000e+00,0.000000e+00
1.000000e+00,0.000000e+00,0.000000e+00,0.000000e+00,0.000000e+00,0.000000e+00,0.000000e+00,0.000000e+00,0.000000e+00,0.000000e+00,0.000000e+00,0.000000e+00,0.000000e+00,0.000000e+00,0.000000e+00
1.000000e+00,0.000000e+00,0.000000e+00,0.000000e+00,0.000000e+00,0.000000e+00,0.000000e+00,0.000000e+00,0.000000e+00,0.000000e+00,0.000000e+00,0.000000e+00,0.000000e+00,0.000000e+00,0.000000e+00
1.000000e+00,0.000000e+00,0.000000e+00,0.000000e+00,0.000000e+00,0.000000e+00,0.000000e+00,0.000000e+00,0.000000e+00,0.000000e+00,0.000000e+00,0.000000e+00,0.000000e+00,0.000000e+00,0.000000e+00
1.000000e+00,0.000000e+00,0.000000e+00,0.000000e+00,0.000000e+00,0.000000e+00,0.000000e+00,0.000000e+00,0.000000e+00,0.000000e+00,0.000000e+00,0.000000e+00,0.000000e+00,0.000000e+00,0.000000e+00
1.000000e+00,0.000000e+00,0.000000e+00,0.000000e+00,0.000000e+00,0.000000e+00,0.000000e+00,0.000000e+00,0.000000e+00,0.000000e+00,0.000000e+00,0.000000e+00,0.000000e+00,0.000000e+00,0.000000e+00
1.000000e+00,0.000000e+00,0.000000e+00,0.000000e+00,0.000000e+00,0.000000e+00,0.000000e+00,0.000000e+00,0.000000e+00,0.000000e+00,0.000000e+00,0.000000e+00,0.000000e+00,0.000000e+00,0.000000e+00
1.000000e+00,0.000000e+00,0.000000e+00,0.000000e+00,0.000000e+00,0.000000e+00,0.000000e+00,0.000000e+00,0.000000e+00,0.000000e+00,0.000000e+00,0.000000e+00,0.000000e+00,0.000000e+00,0.000000e+00
1.000000e+00,0.000000e+00,0.000000e+00,0.000000e+00,0.000000e+00,0.000000e+00,0.000000e+00,0.000000e+00,0.000000e+00,0.000000e+00,0.000000e+00,0.000000e+00,0.000000e+00,0.000000e+00,0.000000e+00
1.000000e+00,0.000000e+00,0.000000e+00,0.000000e+00,0.000000e+00,0.000000e+00,0.000000e+00,0.000000e+00,0.000000e+00,0.000000e+00,0.000000e+00,0.000000e+00,0.000000e+00,0.000000e+00,0.000000e+00
1.000000e+00,0.000000e+00,0.000000e+00,0.000000e+00,0.000000e+00,0.000000e+00,0.000000e+00,0.000000e+00,0.000000e+00,0.000000e+00,0.000000e+00,0.000000e+00,0.000000e+00,0.000000e+00,0.000000e+00
1.000000e+00,0.000000e+00,0.000000e+00,0.000000e+00,0.000000e+00,0.000000e+00,0.000000e+00,0.000000e+00,0.000000e+00,0.000000e+00,0.000000e+00,0.000000e+00,0.000000e+00,0.000000e+00,0.000000e+00
1.000000e+00,0.000000e+00,0.000000e+00,0.000000e+00,0.000000e+00,0.000000e+00,0.000000e+00,0.000000e+00,0.000000e+00,0.000000e+00,0.000000e+00,0.000000e+00,0.000000e+00,0.000000e+00,0.000000e+00
1.000000e+00,0.000000e+00,0.000000e+00,0.000000e+00,0.000000e+00,0.000000e+00,0.000000e+00,0.000000e+00,0.000000e+00,0.000000e+00,0.000000e+00,0.000000e+00,0.000000e+00,0.000000e+00,0.000000e+00
1.000000e+00,0.000000e+00,0.000000e+00,0.000000e+00,0.000000e+00,0.000000e+00,0.000000e+00,0.000000e+00,0.000000e+00,0.000000e+00,0.000000e+00,0.000000e+00,0.000000e+00,0.000000e+00,0.000000e+00
1.000000e+00,0.000000e+00,0.000000e+00,0.000000e+00,0.000000e+00,0.000000e+00,0.000000e+00,0.000000e+00,0.000000e+00,0.000000e+00,0.000000e+00,0.000000e+00,0.000000e+00,0.000000e+00,0.000000e+00
1.000000e+00,0.000000e+00,0.000000e+00,0.000000e+00,0.000000e+00,0.000000e+00,0.000000e+00,0.000000e+00,0.000000e+00,0.000000e+00,0.000000e+00,0.000000e+00,0.000000e+00,0.000000e+00,0.000000e+00
1.000000e+00,0.000000e+00,0.000000e+00,0.000000e+00,0.000000e+00,0.000000e+00,0.000000e+00,0.000000e+00,0.000000e+00,0.000000e+00,0.000000e+00,0.000000e+00,0.000000e+00,0.000000e+00,0.000000e+00
1.000000e+00,0.000000e+00,0.000000e+00,0.000000e+00,0.000000e+00,0.000000e+00,0.000000e+00,0.000000e+00,0.000000e+00,0.000000e+00,0.000000e+00,0.000000e+00,0.000000e+00,0.000000e+00,0.000000e+00
1.000000e+00,0.000000e+00,0.000000e+00,0.000000e+00,0.000000e+00,0.000000e+00,0.000000e+00,0.000000e+00,0.000000e+00,0.000000e+00,0.000000e+00,0.000000e+00,0.000000e+00,0.000000e+00,0.000000e+00
1.000000e+00,0.000000e+00,0.000000e+00,0.000000e+00,0.000000e+00,0.000000e+00,0.000000e+00,0.000000e+00,0.000000e+00,0.000000e+00,0.000000e+00,0.000000e+00,0.000000e+00,0.000000e+00,0.000000e+00
1.000000e+00,0.000000e+00,0.000000e+00,0.000000e+00,0.000000e+00,0.000000e+00,0.000000e+00,0.000000e+00,0.000000e+00,0.000000e+00,0.000000e+00,0.000000e+00,0.000000e+00,0.000000e+00,0.000000e+00
1.000000e+00,0.000000e+00,0.000000e+00,0.000000e+00,0.000000e+00,0.000000e+00,0.000000e+00,0.000000e+00,0.000000e+00,0.000000e+00,0.000000e+00,0.000000e+00,0.000000e+00,0.000000e+00,0.000000e+00
1.000000e+00,0.000000e+00,0.000000e+00,0.000000e+00,0.000000e+00,0.000000e+00,0.000000e+00,0.000000e+00,0.000000e+00,0.000000e+00,0.000000e+00,0.000000e+00,0.000000e+00,0.000000e+00,0.000000e+00
1.000000e+00,0.000000e+00,0.000000e+00,0.000000e+00,0.000000e+00,0.000000e+00,0.000000e+00,0.000000e+00,0.000000e+00,0.000000e+00,0.000000e+00,0.000000e+00,0.000000e+00,0.000000e+00,0.000000e+00
1.000000e+00,0.000000e+00,0.000000e+00,0.000000e+00,0.000000e+00,0.000000e+00,0.000000e+00,0.000000e+00,0.000000e+00,0.000000e+00,0.000000e+00,0.000000e+00,0.000000e+00,0.000000e+00,0.000000e+00
1.000000e+00,0.000000e+00,0.000000e+00,0.000000e+00,0.000000e+00,0.000000e+00,0.000000e+00,0.000000e+00,0.000000e+00,0.000000e+00,0.000000e+00,0.000000e+00,0.000000e+00,0.000000e+00,0.000000e+00
1.000000e+00,0.000000e+00,0.000000e+00,0.000000e+00,0.000000e+00,0.000000e+00,0.000000e+00,0.000000e+00,0.000000e+00,0.000000e+00,0.000000e+00,0.000000e+00,0.000000e+00,0.000000e+00,0.000000e+00
1.000000e+00,0.000000e+00,0.000000e+00,0.000000e+00,0.000000e+00,0.000000e+00,0.000000e+00,0.000000e+00,0.000000e+00,0.000000e+00,0.000000e+00,0.000000e+00,0.000000e+00,0.000000e+00,0.000000e+00
1.000000e+00,0.000000e+00,0.000000e+00,0.000000e+00,0.000000e+00,0.000000e+00,0.000000e+00,0.000000e+00,0.000000e+00,0.000000e+00,0.000000e+00,0.000000e+00,0.000000e+00,0.000000e+00,0.000000e+00
1.000000e+00,0.000000e+00,0.000000e+00,0.000000e+00,0.000000e+00,0.000000e+00,0.000000e+00,0.000000e+00,0.000000e+00,0.000000e+00,0.000000e+00,0.000000e+00,0.000000e+00,0.000000e+00,0.000000e+00
1.000000e+00,0.000000e+00,0.000000e+00,0.000000e+00,0.000000e+00,0.000000e+00,0.000000e+00,0.000000e+00,0.000000e+00,0.000000e+00,0.000000e+00,0.000000e+00,0.000000e+00,0.000000e+00,0.000000e+00
1.000000e+00,0.000000e+00,0.000000e+00,0.000000e+00,0.000000e+00,0.000000e+00,0.000000e+00,0.000000e+00,0.000000e+00,0.000000e+00,0.000000e+00,0.000000e+00,0.000000e+00,0.000000e+00,0.000000e+00
1.000000e+00,0.000000e+00,0.000000e+00,0.000000e+00,0.000000e+00,0.000000e+00,0.000000e+00,0.000000e+00,0.000000e+00,0.000000e+00,0.000000e+00,0.000000e+00,0.000000e+00,0.000000e+00,0.000000e+00
1.000000e+00,0.000000e+00,0.000000e+00,0.000000e+00,0.000000e+00,0.000000e+00,0.000000e+00,0.000000e+00,0.000000e+00,0.000000e+00,0.000000e+00,0.000000e+00,0.000000e+00,0.000000e+00,0.000000e+00
1.000000e+00,0.000000e+00,0.000000e+00,0.000000e+00,0.000000e+00,0.000000e+00,0.000000e+00,0.000000e+00,0.000000e+00,0.000000e+00,0.000000e+00,0.000000e+00,0.000000e+00,0.000000e+00,0.000000e+00
1.000000e+00,0.000000e+00,0.000000e+00,0.000000e+00,0.000000e+00,0.000000e+00,0.000000e+00,0.000000e+00,0.000000e+00,0.000000e+00,0.000000e+00,0.000000e+00,0.000000e+00,0.000000e+00,0.000000e+00
1.000000e+00,0.000000e+00,0.000000e+00,0.000000e+00,0.000000e+00,0.000000e+00,0.000000e+00,0.000000e+00,0.000000e+00,0.000000e+00,0.000000e+00,0.000000e+00,0.000000e+00,0.000000e+00,0.000000e+00
1.000000e+00,0.000000e+00,0.000000e+00,0.000000e+00,0.000000e+00,0.000000e+00,0.000000e+00,0.000000e+00,0.000000e+00,0.000000e+00,0.000000e+00,0.000000e+00,0.000000e+00,0.000000e+00,0.000000e+00
1.000000e+00,0.000000e+00,0.000000e+00,0.000000e+00,0.000000e+00,0.000000e+00,0.000000e+00,0.000000e+00,0.000000e+00,0.000000e+00,0.000000e+00,0.000000e+00,0.000000e+00,0.000000e+00,0.000000e+00
1.000000e+00,0.000000e+00,0.000000e+00,0.000000e+00,0.000000e+00,0.000000e+00,0.000000e+00,0.000000e+00,0.000000e+00,0.000000e+00,0.000000e+00,0.000000e+00,0.000000e+00,0.000000e+00,0.000000e+00
1.000000e+00,0.000000e+00,0.000000e+00,0.000000e+00,0.000000e+00,0.000000e+00,0.000000e+00,0.000000e+00,0.000000e+00,0.000000e+00,0.000000e+00,0.000000e+00,0.000000e+00,0.000000e+00,0.000000e+00
1.000000e+00,0.000000e+00,0.000000e+00,0.000000e+00,0.000000e+00,0.000000e+00,0.000000e+00,0.000000e+00,0.000000e+00,0.000000e+00,0.000000e+00,0.000000e+00,0.000000e+00,0.000000e+00,0.000000e+00
1.000000e+00,0.000000e+00,0.000000e+00,0.000000e+00,0.000000e+00,0.000000e+00,0.000000e+00,0.000000e+00,0.000000e+00,0.000000e+00,0.000000e+00,0.000000e+00,0.000000e+00,0.000000e+00,0.000000e+00
1.000000e+00,0.000000e+00,0.000000e+00,0.000000e+00,0.000000e+00,0.000000e+00,0.000000e+00,0.000000e+00,0.000000e+00,0.000000e+00,0.000000e+00,0.000000e+00,0.000000e+00,0.000000e+00,0.000000e+00
4.227772e-01,5.693576e-02,4.374612e-02,1.225573e-01,8.185104e-03,2.054365e-02,5.005946e-03,1.619841e-02,3.952700e-02,5.496346e-03,1.028682e-01,3.039264e-02,1.371812e-02,3.992821e-02,7.212008e-02
3.973889e-01,6.273074e-02,3.987174e-02,1.352118e-01,1.020148e-02,1.900415e-02,5.182372e-03,1.462317e-02,4.976322e-02,5.097675e-03,1.010622e-01,3.180958e-02,1.556196e-02,3.909292e-02,7.339816e-02
3.766667e-01,6.428650e-02,3.712041e-02,1.339907e-01,1.345626e-02,2.046342e-02,5.591752e-03,1.479731e-02,5.325038e-02,5.658815e-03,9.626649e-02,3.613659e-02,1.885736e-02,4.019896e-02,8.325844e-02
4.219947e-01,6.569940e-02,3.062368e-02,1.235525e-01,1.555599e-02,2.028665e-02,5.367006e-03,1.380684e-02,4.486207e-02,5.605682e-03,7.997209e-02,3.575666e-02,1.899461e-02,3.788584e-02,8.003628e-02
4.670588e-01,6.786811e-02,2.526506e-02,1.116933e-01,1.619478e-02,2.007457e-02,5.123302e-03,1.299136e-02,3.702142e-02,5.674453e-03,6.373534e-02,3.337610e-02,1.868101e-02,3.568629e-02,7.955614e-02
1.000000e+00,0.000000e+00,0.000000e+00,0.000000e+00,0.000000e+00,0.000000e+00,0.000000e+00,0.000000e+00,0.000000e+00,0.000000e+00,0.000000e+00,0.000000e+00,0.000000e+00,0.000000e+00,0.000000e+00
4.718747e-01,7.979208e-02,2.526740e-02,1.003938e-01,1.743723e-02,2.715353e-02,7.060501e-03,1.465109e-02,3.047525e-02,6.591301e-03,4.194376e-02,2.964183e-02,2.304425e-02,2.677087e-02,9.790237e-02
3.534450e-01,1.072870e-01,2.300644e-02,1.503870e-01,1.337432e-02,2.026255e-02,5.251695e-03,1.111083e-02,3.212192e-02,7.957946e-03,3.067118e-02,2.230885e-02,1.830030e-02,2.024788e-02,1.842670e-01
2.850196e-01,9.348948e-02,2.000196e-02,1.505238e-01,1.009019e-02,1.529401e-02,3.933964e-03,8.669989e-03,3.779913e-02,1.108155e-02,2.356504e-02,1.697719e-02,1.573790e-02,1.635779e-02,2.914585e-01
2.081531e-01,8.448624e-02,4.879182e-02,2.613806e-01,7.806911e-03,1.128103e-02,3.009399e-03,8.499972e-03,3.324428e-02,9.861337e-03,1.755691e-02,1.244487e-02,1.175668e-02,1.206770e-02,2.696592e-01
1.487815e-01,6.810992e-02,1.546718e-01,3.237284e-01,5.635363e-03,8.137190e-03,2.155926e-03,6.309132e-03,2.483566e-02,8.129099e-03,1.297865e-02,8.952802e-03,8.504190e-03,8.574910e-03,2.104954e-01
1.121573e-01,6.026953e-02,1.812084e-01,2.349310e-01,4.049124e-03,6.244925e-03,1.588984e-03,4.861136e-03,2.081170e-02,7.894806e-03,1.014268e-02,6.664708e-03,6.750308e-03,1.074501e-02,3.316804e-01
8.156344e-02,4.753654e-02,1.354637e-01,1.673493e-01,3.070090e-03,5.172820e-03,1.176872e-03,3.463237e-03,5.589855e-02,6.513699e-03,1.215162e-02,4.986001e-03,5.373092e-03,3.332681e-02,4.369542e-01
5.752584e-02,3.356774e-02,9.488904e-02,1.173497e-01,2.162233e-03,3.823415e-03,8.553293e-04,2.432099e-03,5.370213e-02,4.852777e-03,5.120960e-02,5.742745e-03,3.953476e-03,7.897653e-02,4.889574e-01
4.037201e-02,2.366738e-02,6.645410e-02,8.232333e-02,1.527693e-03,2.739009e-03,6.111961e-04,1.722512e-03,6.946635e-02,3.880402e-03,1.487493e-01,7.806407e-03,3.100667e-03,8.405720e-02,4.635224e-01
2.829168e-02,1.659328e-02,4.653152e-02,5.772506e-02,1.588340e-03,1.958792e-03,4.319972e-04,1.429686e-03,5.597776e-02,4.209567e-03,3.417131e-01,3.108863e-02,3.240821e-03,6.559861e-02,3.436212e-01
1.983075e-02,1.164065e-02,3.257876e-02,4.049005e-02,1.494029e-03,1.399793e-03,3.125602e-04,1.292045e-03,4.327746e-02,3.675177e-03,4.677775e-01,6.042302e-02,3.439328e-03,5.579575e-02,2.565731e-01
1.391754e-02,8.200828e-03,2.281092e-02,2.838916e-02,1.562168e-03,1.004499e-03,2.569421e-04,9.929305e-04,3.793755e-02,3.143772e-03,5.701983e-01,7.756360e-02,3.888883e-03,4.850799e-02,1.816249e-01
9.798899e-03,5.811933e-03,1.597987e-02,1.991934e-02,1.834554e-03,7.986327e-04,2.827024e-04,7.438625e-04,2.915790e-02,2.286658e-03,5.092212e-01,2.338575e-01,3.388564e-03,3.777898e-02,1.291395e-01
6.880325e-03,4.102582e-03,1.121750e-02,1.400191e-02,2.639546e-03,6.655360e-04,3.046068e-04,5.538634e-04,2.143387e-02,1.695178e-03,5.085927e-01,3.046928e-01,2.929553e-03,2.940824e-02,9.088182e-02
4.857549e-03,2.896408e-03,7.892775e-03,9.990541e-03,2.546551e-03,9.764784e-04,2.597151e-04,4.016702e-04,1.534919e-02,1.317429e-03,4.106041e-01,4.535773e-01,2.402294e-03,2.306790e-02,6.386004e-02
3.460541e-03,2.136008e-03,5.612210e-03,7.057370e-03,3.384396e-03,8.309487e-04,2.277406e-04,2.957905e-04,1.208409e-02,1.175594e-03,3.259765e-01,5.721756e-01,1.997788e-03,1.834722e-02,4.523826e-02
2.765851e-03,1.531046e-03,3.990101e-03,5.002313e-03,2.976765e-03,1.021086e-03,2.568139e-04,2.934294e-04,8.955196e-03,1.022451e-03,2.452302e-01,6.799405e-01,1.650783e-03,1.359746e-02,3.176608e-02
2.144497e-03,1.229832e-03,2.872726e-03,3.651351e-03,3.088491e-03,1.098093e-03,4.155491e-04,2.407098e-04,6.854234e-03,9.424608e-04,3.591113e-01,5.841566e-01,1.531059e-03,1.010254e-02,2.256056e-02
2.481963e-03,1.029378e-03,2.049317e-03,2.674599e-03,2.665225e-03,1.268433e-03,3.899388e-04,2.259948e-04,5.060223e-03,8.898255e-04,3.020607e-01,6.536460e-01,1.279047e-03,8.273305e-03,1.600602e-02
1.975583e-03,1.076816e-03,1.751747e-03,1.915308e-03,1.212637e-02,1.740233e-03,4.625467e-04,5.440752e-04,4.895165e-03,9.930544e-04,2.350652e-01,7.179366e-01,1.214849e-03,6.970303e-03,1.133209e-02
1.562038e-03,8.228597e-04,1.291653e-03,1.360354e-03,1.006914e-02,1.509890e-03,3.577362e-04,6.115742e-04,3.710633e-03,9.526848e-04,1.750106e-01,7.884873e-01,9.516840e-04,5.336081e-03,7.965768e-03
1.274227e-03,2.162453e-03,5.397985e-03,1.212651e-03,1.039577e-02,2.277978e-03,2.935292e-04,1.512205e-03,9.260409e-03,1.042863e-03,2.533250e-01,6.983529e-01,7.181503e-04,4.507429e-03,8.266466e-03
1.349281e-03,2.239336e-03,6.896801e-03,1.085745e-03,1.901768e-02,4.559641e-03,1.147911e-03,4.514083e-03,9.078303e-03,1.209198e-03,2.053627e-01,7.316493e-01,9.503902e-04,4.619904e-03,6.319774e-03
1.932360e-03,2.344016e-03,6.357860e-03,9.209360e-04,4.208335e-02,4.065258e-03,1.080370e-03,5.523463e-03,9.955779e-03,1.284475e-03,1.535295e-01,7.609845e-01,1.186358e-03,4.110044e-03,4.641699e-03
7.512788e-03,3.364743e-03,8.284486e-03,1.609426e-03,7.779592e-02,5.913227e-03,2.041019e-03,3.513638e-02,2.963206e-02,2.130627e-03,1.167254e-01,7.009708e-01,1.727859e-03,3.725854e-03,3.429311e-03
1.045320e-02,4.706494e-03,8.036995e-03,1.382252e-03,7.996037e-02,5.152875e-03,2.134680e-03,3.253580e-02,6.414428e-02,2.106840e-03,8.761501e-02,6.935883e-01,2.020738e-03,3.515890e-03,2.646344e-03
1.499562e-02,1.919973e-02,4.717378e-02,1.428513e-03,1.292189e-01,5.107795e-03,2.017270e-03,2.990695e-02,1.303712e-01,3.046621e-03,6.632937e-02,5.429015e-01,1.961645e-03,3.395341e-03,2.945745e-03
1.950949e-02,2.583898e-02,4.386824e-02,1.740383e-03,1.067826e-01,4.949148e-03,1.615955e-03,2.647266e-02,1.292675e-01,8.936753e-03,1.699210e-01,4.393070e-01,1.820658e-03,1.134380e-02,8.625781e-03
1.552858e-02,2.846135e-02,3.566357e-02,1.862937e-03,8.493270e-02,6.144093e-03,1.507642e-03,2.630901e-02,2.213586e-01,8.947717e-03,1.679265e-01,3.818913e-01,1.881131e-03,1.046856e-02,7.116232e-03
1.580059e-02,2.470140e-02,3.444764e-02,2.778585e-03,7.232427e-02,7.426830e-03,1.208590e-03,2.705380e-02,1.922778e-01,7.724731e-03,2.108632e-01,3.859516e-01,1.575194e-03,1.034028e-02,5.525509e-03
1.644156e-02,2.580705e-02,3.015224e-02,3.021920e-03,6.095667e-02,8.367577e-03,9.718565e-04,2.211139e-02,1.804779e-01,7.123451e-03,2.406743e-01,3.861292e-01,1.434864e-03,1.009711e-02,6.232831e-03
2.223928e-02,2.535848e-02,2.502176e-02,4.156038e-03,7.466464e-02,2.647869e-02,1.365022e-03,1.864472e-02,1.567571e-01,6.345053e-03,2.520535e-01,3.676947e-01,2.180087e-03,8.227102e-03,8.813836e-03
2.799964e-02,2.817329e-02,2.733370e-02,4.433719e-03,2.401193e-01,2.388809e-02,2.957600e-03,1.596410e-02,1.497514e-01,6.245695e-03,1.825829e-01,2.723719e-01,1.812901e-03,6.298037e-03,1.006765e-02
3.052218e-02,2.344250e-02,6.293633e-02,1.717921e-02,3.410764e-01,1.965592e-02,2.771710e-03,4.046292e-02,1.164185e-01,5.163674e-03,1.290730e-01,1.975801e-01,1.621666e-03,4.621735e-03,7.474100e-03
3.819385e-02,2.988932e-02,6.168416e-02,2.009944e-02,4.510017e-01,1.944025e-02,2.263730e-03,3.110158e-02,9.058008e-02,4.214684e-03,9.513467e-02,1.394166e-01,1.404332e-03,3.605279e-03,1.197039e-02
5.330545e-02,3.671196e-02,6.367728e-02,5.239476e-02,4.654509e-01,1.956899e-02,2.234789e-03,3.461937e-02,8.041981e-02,3.947177e-03,6.927040e-02,9.961130e-02,1.382199e-03,3.194272e-03,1.421130e-02
8.203832e-02,4.136830e-02,1.449059e-01,8.531313e-02,3.759069e-01,1.763485e-02,2.065693e-03,2.697088e-02,6.515417e-02,5.498773e-03,5.385374e-02,7.175113e-02,1.616081e-03,3.941588e-03,2.198054e-02
8.586652e-02,4.183634e-02,2.118305e-01,1.387068e-01,3.078233e-01,1.920599e-02,2.523639e-03,2.121801e-02,5.049545e-02,5.035026e-03,4.042080e-02,5.139302e-02,1.665272e-03,4.947113e-03,1.703226e-02
7.286961e-02,3.299165e-02,1.691684e-01,1.228631e-01,2.953463e-01,1.587854e-01,4.285129e-03,1.924026e-02,3.773264e-02,3.851765e-03,2.872792e-02,3.630735e-02,1.687249e-03,3.638984e-03,1.250415e-02
5.591054e-02,2.577500e-02,1.193035e-01,8.719567e-02,2.099375e-01,3.904397e-01,3.305454e-03,1.412569e-02,2.689149e-02,6.398328e-03,2.103166e-02,2.577037e-02,1.585586e-03,2.839611e-03,9.489905e-03
4.272870e-02,1.901925e-02,8.389062e-02,6.200999e-02,1.477818e-01,4.788899e-01,2.412280e-03,1.031121e-02,1.964172e-02,8.509072e-02,1.672106e-02,1.840016e-02,1.401087e-03,2.497852e-03,9.203577e-03
3.389579e-02,1.450743e-02,5.949872e-02,4.485380e-02,1.042595e-01,5.861167e-01,1.852394e-03,9.846415e-03,1.588844e-02,8.987466e-02,1.407115e-02,1.338677e-02,1.382540e-03,2.274569e-03,8.291026e-03
4.273571e-02,1.238204e-02,4.702002e-02,3.752370e-02,7.462338e-02,6.056138e-01,1.736800e-03,2.935197e-02,2.119196e-02,9.164885e-02,1.445721e-02,1.031040e-02,2.231400e-03,2.462353e-03,6.710316e-03
6.715932e-02,1.054712e-02,5.406335e-02,3.280286e-02,5.575288e-02,5.675817e-01,2.000561e-03,3.329524e-02,3.472444e-02,1.065934e-01,1.394681e-02,8.372167e-03,3.498588e-03,2.222054e-03,7.439489e-03
1.143851e-01,1.012758e-02,1.117358e-01,3.421125e-02,4.339574e-02,4.875258e-01,2.992595e-03,4.711912e-02,2.853584e-02,8.638771e-02,1.181889e-02,6.871955e-03,3.353260e-03,2.397091e-03,9.142287e-03
2.097234e-01,1.058329e-02,9.852637e-02,3.420913e-02,3.676162e-02,4.093567e-01,5.068842e-03,5.150081e-02,2.323278e-02,7.574334e-02,1.141818e-02,7.525459e-03,4.295228e-03,3.935439e-03,1.811940e-02
2.655023e-01,1.114848e-02,9.386104e-02,3.264280e-02,3.099103e-02,3.533420e-01,6.896675e-03,6.702993e-02,1.841499e-02,7.170185e-02,9.774522e-03,6.920797e-03,6.265442e-03,5.147186e-03,2.036097e-02
1.993474e-01,1.237794e-02,1.207176e-01,6.224277e-02,2.324292e-02,2.609277e-01,5.210175e-03,5.170298e-02,5.432723e-02,1.312736e-01,1.341060e-02,6.379563e-03,9.088487e-03,4.132572e-03,4.561848e-02
1.412045e-01,1.125213e-02,9.164980e-02,5.764605e-02,1.647735e-02,1.986937e-01,3.803337e-03,3.664863e-02,7.330775e-02,1.483244e-01,2.275968e-02,6.287802e-03,1.307899e-02,3.797938e-03,1.750679e-01
9.939598e-02,1.055931e-02,6.486527e-02,4.141366e-02,1.169581e-02,1.433511e-01,2.750666e-03,2.577996e-02,5.818077e-02,1.164828e-01,2.089031e-02,5.683797e-03,1.448945e-02,3.299635e-03,3.811615e-01
6.989238e-02,1.362967e-02,4.620586e-02,3.056407e-02,8.335697e-03,1.037430e-01,2.027350e-03,1.811943e-02,4.891353e-02,1.072503e-01,1.775383e-02,4.458138e-03,1.375548e-02,3.029364e-03,5.123219e-01
4.975859e-02,1.120044e-02,3.259968e-02,2.434829e-02,6.102357e-03,7.458011e-02,1.460398e-03,1.274913e-02,4.121610e-02,7.630249e-02,1.825486e-02,3.759301e-03,1.661118e-02,3.689684e-03,6.273674e-01
3.722028e-02,1.085024e-02,2.326672e-02,2.830399e-02,5.460364e-03,5.506752e-02,1.151477e-03,9.230884e-03,6.196540e-02,5.433365e-02,2.068693e-02,4.386611e-03,1.932574e-02,7.050225e-03,6.617000e-01
2.937059e-02,9.711402e-03,1.656394e-02,2.552696e-02,4.233042e-03,4.327813e-02,9.529220e-04,6.744301e-03,9.139183e-02,3.963175e-02,2.559508e-02,6.465008e-03,2.704727e-02,1.213699e-02,6.613507e-01
2.645009e-02,1.070306e-02,1.179571e-02,2.432849e-02,4.213888e-03,3.861858e-02,7.852503e-04,5.014050e-03,1.470735e-01,3.044538e-02,3.929070e-02,7.379932e-03,2.907849e-02,1.165435e-02,6.131685e-01
3.913936e-02,1.671170e-02,8.409133e-03,2.214339e-02,4.780000e-03,3.120759e-02,6.832061e-04,4.164656e-03,1.830582e-01,2.342920e-02,6.562795e-02,1.048534e-02,4.520643e-02,1.800172e-02,5.269521e-01
3.495458e-02,1.289480e-02,5.960958e-03,1.676250e-02,4.087308e-03,2.435127e-02,5.413795e-04,3.026245e-03,2.088819e-01,2.511839e-02,1.302025e-01,1.970344e-02,5.277041e-02,2.530830e-02,4.354360e-01
3.031800e-02,9.639433e-03,4.312359e-03,1.288946e-02,3.878595e-03,1.793490e-02,4.915997e-04,2.282228e-03,2.412009e-01,2.498827e-02,1.596706e-01,2.451916e-02,6.614384e-02,3.893635e-02,3.627943e-01
2.497374e-02,7.395367e-03,3.093855e-03,1.049797e-02,4.977646e-03,1.308519e-02,5.245256e-04,1.717539e-03,2.194097e-01,2.552090e-02,2.220696e-01,3.981436e-02,6.696270e-02,3.679373e-02,3.231632e-01
2.801408e-02,7.438396e-03,2.890628e-03,7.865130e-03,1.845630e-02,1.039943e-02,1.153697e-03,2.747971e-03,1.834457e-01,3.192886e-02,2.739761e-01,4.306323e-02,6.681382e-02,8.442759e-02,2.373790e-01
2.476938e-02,1.022435e-02,3.333398e-03,6.258154e-03,5.768595e-02,8.658748e-03,1.274896e-03,3.393747e-03,1.725149e-01,3.636952e-02,2.744296e-01,4.651836e-02,7.019438e-02,1.096646e-01,1.747100e-01
4.345447e-02,1.093558e-02,3.938396e-03,6.804219e-03,4.580846e-02,6.614661e-03,1.176861e-03,3.734851e-03,1.408124e-01,3.423665e-02,3.533703e-01,4.675509e-02,6.159854e-02,1.102158e-01,1.305436e-01
5.779011e-02,1.130280e-02,4.224018e-03,5.597085e-03,3.411346e-02,5.272469e-03,1.040517e-03,3.542563e-03,1.227517e-01,2.986249e-02,3.983288e-01,5.518441e-02,4.795794e-02,1.308228e-01,9.220876e-02
7.293072e-02,8.544385e-03,3.445485e-03,4.594686e-03,2.470535e-02,4.809260e-03,8.104780e-04,2.893017e-03,9.420422e-02,2.620164e-02,4.594052e-01,7.405326e-02,3.656662e-02,1.215042e-01,6.533147e-02
7.943760e-02,7.525443e-03,2.800650e-03,3.529153e-03,1.759453e-02,4.122005e-03,6.057970e-04,2.262955e-03,6.847887e-02,2.097146e-02,5.571736e-01,5.972619e-02,2.695402e-02,1.024226e-01,4.639510e-02
1.092602e-01,7.138278e-03,3.035711e-03,3.202458e-03,1.257963e-02,4.915484e-03,5.300681e-04,2.304763e-03,5.206948e-02,1.886750e-02,5.774697e-01,5.270569e-02,2.152369e-02,1.007826e-01,3.361480e-02
1.074924e-01,6.100939e-03,2.753774e-03,2.516184e-03,9.405789e-03,3.903066e-03,5.764507e-04,2.499078e-03,5.025961e-02,1.932302e-02,6.164040e-01,4.308361e-02,1.698949e-02,9.151231e-02,2.718033e-02
9.220665e-02,4.839310e-03,2.272507e-03,2.053051e-03,6.738969e-03,3.444999e-03,5.508701e-04,1.949048e-03,3.806311e-02,1.676114e-02,6.744793e-01,3.530483e-02,1.279316e-02,8.812652e-02,2.041657e-02
8.623992e-02,3.860028e-03,1.828550e-03,2.069926e-03,4.948942e-03,3.061543e-03,5.476406e-04,1.504831e-03,2.914340e-02,1.678286e-02,7.130893e-01,2.930582e-02,9.779694e-03,8.288603e-02,1.495154e-02
6.743497e-02,2.909024e-03,1.371601e-03,1.640436e-03,3.590720e-03,2.448529e-03,5.265307e-04,1.161065e-03,2.225299e-02,1.622086e-02,7.661549e-01,2.355406e-02,7.593677e-03,7.239896e-02,1.074174e-02
5.236355e-02,2.459151e-03,1.092081e-03,1.439205e-03,2.878059e-03,2.162640e-03,5.373426e-04,9.294744e-04,1.819897e-02,1.577361e-02,8.075596e-01,1.828562e-02,6.294247e-03,6.222758e-02,7.798896e-03
3.727455e-02,1.808369e-03,7.859046e-04,1.060598e-03,2.221015e-03,1.595978e-03,4.229026e-04,6.826035e-04,1.512242e-02,1.322098e-02,8.532269e-01,1.477023e-02,4.945405e-03,4.731265e-02,5.549469e-03
3.125678e-02,2.283919e-03,7.385752e-04,8.833475e-04,2.857361e-03,1.455541e-03,6.809287e-04,7.211324e-04,2.306595e-02,1.418081e-02,8.522121e-01,1.824424e-02,4.345590e-03,4.289832e-02,4.175354e-03
3.108106e-02,4.183863e-03,7.081500e-04,1.019376e-03,3.045107e-03,1.685905e-03,9.339140e-04,8.162425e-04,3.309213e-02,1.656440e-02,8.336044e-01,2.667403e-02,3.941226e-03,3.907431e-02,3.575862e-03
4.447377e-02,1.796920e-02,9.271618e-04,1.834157e-03,5.164828e-03,2.628047e-03,1.099094e-03,1.348547e-03,6.135707e-02,2.387106e-02,7.506185e-01,4.245480e-02,3.586498e-03,3.728965e-02,5.377676e-03
5.026047e-02,6.140686e-02,1.571280e-03,2.298723e-03,8.051928e-03,3.597221e-03,1.327206e-03,2.194764e-03,1.011331e-01,3.137407e-02,6.382078e-01,5.298685e-02,3.569812e-03,3.453657e-02,7.483332e-03
4.581273e-02,8.834030e-02,5.514005e-03,2.612583e-03,8.982632e-03,8.494470e-03,1.735238e-03,7.017231e-03,1.201584e-01,5.266505e-02,5.634592e-01,4.912110e-02,4.284517e-03,3.193760e-02,9.865037e-03
4.246221e-02,8.658547e-02,8.137239e-03,2.708022e-03,9.371645e-03,2.090968e-02,2.038458e-03,8.861453e-03,1.223732e-01,5.289413e-02,5.491381e-01,4.570670e-02,5.083251e-03,3.294026e-02,1.079024e-02
4.501697e-02,1.039601e-01,1.446099e-02,2.939324e-03,1.821841e-02,2.902495e-02,2.061273e-03,9.935903e-03,1.930465e-01,7.011095e-02,4.148492e-01,3.813026e-02,5.573265e-03,4.209830e-02,1.057350e-02
5.558198e-02,8.899870e-02,2.916651e-02,7.255927e-03,3.928007e-02,3.158485e-02,4.658055e-03,5.869920e-02,2.087387e-01,7.421100e-02,3.109504e-01,2.918013e-02,6.947415e-03,4.504075e-02,9.706452e-03
5.301939e-02,6.800240e-02,7.744321e-02,1.583674e-02,4.114823e-02,2.596803e-02,4.417322e-03,1.759643e-01,1.722265e-01,7.001824e-02,2.246346e-01,2.179089e-02,6.648272e-03,3.537118e-02,7.510724e-03
7.090466e-02,5.610568e-02,7.617962e-02,3.711696e-02,7.248471e-02,3.815508e-02,3.850577e-03,1.374328e-01,1.494253e-01,1.029282e-01,1.665813e-01,1.645182e-02,5.557862e-03,6.042953e-02,6.395861e-03
8.273157e-02,4.575345e-02,7.483264e-02,7.395324e-02,9.569011e-02,4.899152e-02,5.057601e-03,1.125965e-01,1.247938e-01,1.097415e-01,1.281972e-01,1.354172e-02,4.602627e-03,7.383406e-02,5.682321e-03
9.386033e-02,3.547220e-02,6.455890e-02,8.071227e-02,9.922650e-02,4.768158e-02,4.612394e-03,8.892818e-02,1.129776e-01,1.659494e-01,1.033633e-01,1.244897e-02,4.398066e-03,8.011913e-02,5.691206e-03
9.929605e-02,2.591387e-02,4.937604e-02,1.024349e-01,9.089565e-02,4.160081e-02,3.580408e-03,7.024677e-02,1.072753e-01,2.234183e-01,8.294192e-02,1.202813e-02,5.532446e-03,8.083457e-02,4.624921e-03
1.238121e-01,2.077189e-02,4.039488e-02,1.046367e-01,9.407751e-02,3.647400e-02,2.794573e-03,5.703396e-02,1.046009e-01,2.067780e-01,7.504010e-02,1.215752e-02,7.281825e-03,1.096975e-01,4.448731e-03
1.552709e-01,1.834889e-02,3.906398e-02,1.118250e-01,1.130871e-01,3.302069e-02,2.343906e-03,6.116006e-02,1.136669e-01,1.683795e-01,6.356910e-02,1.866136e-02,6.314775e-03,8.566969e-02,9.618282e-03
2.124873e-01,1.538352e-02,3.926419e-02,1.414745e-01,1.050831e-01,2.807346e-02,2.944340e-03,5.271624e-02,1.079490e-01,1.383558e-01,5.290210e-02,2.527253e-02,6.116411e-03,6.294743e-02,9.030174e-03
2.531182e-01,1.252694e-02,4.650415e-02,1.614999e-01,9.716360e-02,2.587595e-02,3.053572e-03,4.142027e-02,9.562679e-02,1.276129e-01,4.669983e-02,2.850663e-02,5.189050e-03,4.633351e-02,8.868762e-03
3.324492e-01,9.573540e-03,3.850057e-02,1.225392e-01,8.514233e-02,2.021751e-02,4.059365e-02,6.728531e-02,7.945137e-02,9.840813e-02,3.583584e-02,2.342600e-02,5.789699e-03,3.303363e-02,7.754036e-03
4.471567e-01,8.485505e-03,3.219876e-02,9.178563e-02,6.745134e-02,1.876447e-02,4.035253e-02,5.441752e-02,6.482711e-02,8.009933e-02,2.862125e-02,2.371928e-02,6.276187e-03,2.488964e-02,1.095477e-02
1.000000e+00,0.000000e+00,0.000000e+00,0.000000e+00,0.000000e+00,0.000000e+00,0.000000e+00,0.000000e+00,0.000000e+00,0.000000e+00,0.000000e+00,0.000000e+00,0.000000e+00,0.000000e+00,0.000000e+00
1.000000e+00,0.000000e+00,0.000000e+00,0.000000e+00,0.000000e+00,0.000000e+00,0.000000e+00,0.000000e+00,0.000000e+00,0.000000e+00,0.000000e+00,0.000000e+00,0.000000e+00,0.000000e+00,0.000000e+00
1.000000e+00,0.000000e+00,0.000000e+00,0.000000e+00,0.000000e+00,0.000000e+00,0.000000e+00,0.000000e+00,0.000000e+00,0.000000e+00,0.000000e+00,0.000000e+00,0.000000e+00,0.000000e+00,0.000000e+00
1.000000e+00,0.000000e+00,0.000000e+00,0.000000e+00,0.000000e+00,0.000000e+00,0.000000e+00,0.000000e+00,0.000000e+00,0.000000e+00,0.000000e+00,0.000000e+00,0.000000e+00,0.000000e+00,0.000000e+00
3.840982e-01,7.877680e-03,1.407755e-02,2.814738e-02,2.972223e-01,7.352713e-02,3.568821e-02,3.637349e-02,2.848920e-02,1.988404e-02,1.579832e-02,2.936314e-02,9.121572e-03,8.080224e-03,1.225161e-02
2.825912e-01,5.906407e-03,1.185042e-02,2.035099e-02,4.479263e-01,5.481374e-02,4.957753e-02,3.291633e-02,2.044076e-02,1.970005e-02,1.149381e-02,2.095967e-02,6.731286e-03,5.839408e-03,8.902110e-03
2.072101e-01,4.303132e-03,8.744761e-03,1.460507e-02,5.216869e-01,3.961946e-02,5.521799e-02,2.453083e-02,1.461652e-02,6.881890e-02,8.750313e-03,1.491581e-02,4.905069e-03,4.424230e-03,7.650847e-03
1.534962e-01,3.202930e-03,6.340884e-03,1.059646e-02,5.392510e-01,2.902430e-02,5.765678e-02,1.791957e-02,1.055216e-02,1.368604e-01,7.928438e-03,1.085591e-02,3.708767e-03,3.671454e-03,8.934669e-03
1.170197e-01,3.061751e-03,4.850447e-03,8.229986e-03,5.786674e-01,2.450752e-02,8.985063e-02,1.334436e-02,7.669198e-03,1.156003e-01,8.688378e-03,7.927340e-03,3.034540e-03,6.925886e-03,1.062256e-02
9.408323e-02,3.046508e-03,3.917343e-03,6.401059e-03,5.784062e-01,2.291574e-02,1.478400e-01,1.070803e-02,5.552973e-03,8.844744e-02,8.839438e-03,5.916761e-03,2.786688e-03,1.104183e-02,1.009678e-02
9.997445e-02,3.660060e-03,3.803313e-03,5.333136e-03,5.199997e-01,3.313140e-02,1.499375e-01,9.895524e-03,4.445232e-03,7.108764e-02,3.131559e-02,5.139269e-03,5.577989e-03,4.275070e-02,1.394852e-02
7.150376e-02,3.787572e-03,3.182638e-03,4.418553e-03,3.821671e-01,2.881522e-02,1.066838e-01,7.565466e-03,9.619420e-03,6.442531e-02,2.094783e-01,5.418045e-03,4.974807e-03,8.407498e-02,1.388500e-02
5.074286e-02,3.337338e-03,2.433813e-03,3.397108e-03,2.703591e-01,2.709460e-02,7.510646e-02,5.647420e-03,1.214986e-02,4.573629e-02,2.841740e-01,4.497063e-03,3.726616e-03,1.971342e-01,1.446333e-02
3.575543e-02,2.621206e-03,1.730170e-03,2.408477e-03,1.896586e-01,2.003880e-02,5.267869e-02,4.033525e-03,9.988235e-03,3.319011e-02,4.403669e-01,5.147060e-03,2.813254e-03,1.879820e-01,1.158755e-02
2.510235e-02,1.974820e-03,1.223301e-03,1.695969e-03,1.328975e-01,1.418577e-02,3.697911e-02,2.850876e-03,7.559167e-03,2.416146e-02,5.354187e-01,5.288349e-03,2.020766e-03,2.001404e-01,8.501464e-03
1.764271e-02,1.818020e-03,8.818763e-04,1.218963e-03,9.336790e-02,1.003135e-02,2.593783e-02,2.036917e-03,6.031955e-03,1.786020e-02,5.767260e-01,6.231638e-03,1.466304e-03,2.326297e-01,6.118700e-03
1.237684e-02,1.435769e-03,6.424829e-04,8.658036e-04,6.546026e-02,7.059161e-03,1.817984e-02,1.452834e-03,4.467484e-03,1.301969e-02,6.509037e-01,7.844444e-03,1.054767e-03,2.109207e-01,4.316281e-03
8.700393e-03,1.440880e-03,6.275018e-04,6.355791e-04,4.593405e-02,5.062054e-03,1.278946e-02,1.096421e-03,3.307185e-03,9.985227e-03,6.954317e-01,9.654155e-03,7.638608e-04,2.015203e-01,3.051207e-03
6.120222e-03,1.824593e-03,6.452120e-04,5.082658e-04,3.233426e-02,3.896206e-03,8.991316e-03,8.492131e-04,2.516002e-03,7.634883e-03,7.082595e-01,1.836208e-02,5.510754e-04,2.053608e-01,2.146424e-03
4.359285e-03,2.357606e-03,6.618444e-04,4.421732e-04,2.294250e-02,4.193047e-03,6.612949e-03,7.296331e-04,2.290199e-03,6.723847e-03,6.736957e-01,2.649286e-02,4.120968e-04,2.465682e-01,1.518076e-03
3.136827e-03,2.660755e-02,2.241554e-03,5.691773e-04,2.750332e-02,2.378387e-02,6.462198e-03,1.639075e-03,3.941298e-03,6.300399e-03,6.447586e-01,2.532348e-02,3.467478e-04,2.262763e-01,1.109660e-03
2.678671e-03,2.323465e-02,3.038908e-03,8.661161e-04,2.671962e-02,1.945886e-02,4.973459e-03,1.791784e-03,5.858536e-03,5.196087e-03,6.142699e-01,3.275131e-02,3.767837e-04,2.579430e-01,8.424954e-04
2.239531e-03,3.235183e-02,3.572866e-03,8.436606e-04,2.255815e-02,1.957161e-02,3.748201e-03,1.668507e-03,1.134575e-02,5.085076e-03,5.877846e-01,3.261023e-02,3.584232e-04,2.755632e-01,6.983364e-04
2.493660e-03,3.060484e-02,3.746025e-03,1.224364e-03,1.797681e-02,1.555702e-02,2.692918e-03,1.456404e-03,1.384067e-02,4.525440e-03,5.901289e-01,2.770553e-02,3.615843e-04,2.870380e-01,6.478502e-04
4.240946e-03,4.238147e-02,5.243097e-03,1.933909e-03,1.689911e-02,1.166702e-02,1.970428e-03,1.198842e-03,1.994690e-02,4.827146e-03,5.576447e-01,2.262954e-02,4.355354e-04,3.081066e-01,8.747752e-04
1.282616e-02,4.174883e-02,1.251928e-02,5.383413e-03,4.077452e-02,1.227634e-02,1.897211e-03,3.291597e-03,4.108058e-02,6.334578e-03,5.231915e-01,1.814278e-02,9.784058e-04,2.771883e-01,2.366509e-03
1.514105e-02,3.225897e-02,2.087888e-02,6.778374e-03,5.353043e-02,1.102341e-02,1.549331e-03,7.218273e-03,4.311066e-02,1.113487e-02,5.331386e-01,1.404179e-02,1.122396e-03,2.452066e-01,3.866325e-03
1.363463e-02,2.525878e-02,1.685415e-02,6.441366e-03,4.723632e-02,9.462322e-03,1.403493e-03,5.724613e-03,4.550821e-02,1.878318e-02,5.558240e-01,1.307278e-02,1.876257e-03,2.342777e-01,4.642159e-03
1.352706e-02,2.002564e-02,1.510476e-02,1.008041e-02,4.031190e-02,9.717446e-03,1.473655e-03,1.151399e-02,1.097372e-01,2.358831e-02,5.147210e-01,1.554614e-02,2.021985e-03,2.077052e-01,4.925164e-03
1.273201e-02,1.661183e-02,1.394803e-02,1.171470e-02,3.578155e-02,9.806319e-03,1.699830e-03,8.858466e-03,1.375589e-01,3.499383e-02,4.890910e-01,2.102796e-02,3.461303e-03,1.927936e-01,9.920673e-03
1.574441e-02,1.751904e-02,1.424506e-02,2.219941e-02,4.938652e-02,1.488510e-02,1.643111e-03,1.300399e-02,1.665061e-01,3.117000e-02,4.355850e-01,2.471142e-02,7.737909e-03,1.744268e-01,1.123609e-02
3.506280e-02,1.512531e-02,3.937871e-02,2.510375e-02,4.362096e-02,4.243536e-02,2.159446e-03,5.012720e-02,1.358346e-01,4.448095e-02,3.743322e-01,2.006133e-02,6.473567e-03,1.555012e-01,1.030263e-02
6.901500e-02,1.296374e-02,1.136706e-01,3.106124e-02,3.585071e-02,7.953117e-02,1.990732e-03,5.692492e-02,1.069780e-01,3.833358e-02,2.958542e-01,1.560609e-02,5.566931e-03,1.262264e-01,1.042658e-02
1.001817e-01,1.099096e-02,1.163525e-01,3.559210e-02,2.916285e-02,1.596067e-01,2.493854e-03,7.408301e-02,8.725806e-02,3.133753e-02,2.294219e-01,1.330669e-02,4.692043e-03,9.350038e-02,1.201962e-02
1.174525e-01,1.050344e-02,1.298472e-01,3.599646e-02,2.831182e-02,1.707988e-01,7.520101e-03,1.162757e-01,7.270591e-02,2.494084e-02,1.799478e-01,1.472738e-02,7.667928e-03,7.203579e-02,1.126839e-02
1.099922e-01,1.276803e-02,1.404471e-01,2.919330e-02,2.981232e-02,1.462168e-01,1.471472e-02,2.250255e-01,5.824825e-02,1.849888e-02,1.306474e-01,1.351531e-02,9.822208e-03,5.199957e-02,9.098437e-03
8.623910e-02,9.440415e-03,1.123101e-01,2.235785e-02,2.814976e-02,1.033048e-01,4.432262e-02,3.843532e-01,4.266249e-02,1.333879e-02,9.253423e-02,9.883372e-03,7.972310e-03,3.664415e-02,6.486810e-03
6.674114e-02,7.044349e-03,8.238900e-02,1.648700e-02,2.668691e-02,7.325608e-02,1.203618e-01,4.555945e-01,3.089971e-02,9.570569e-03,6.519683e-02,7.250563e-03,8.044558e-03,2.579592e-02,4.681095e-03
5.082604e-02,5.474801e-03,6.023568e-02,1.187898e-02,2.104178e-02,5.450490e-02,1.326893e-01,5.520058e-01,2.182885e-02,6.779542e-03,4.574746e-02,5.166081e-03,1.013772e-02,1.825841e-02,3.424604e-03
3.789732e-02,3.947096e-03,4.306632e-02,8.601128e-03,1.618465e-02,3.978093e-02,1.333431e-01,6.371769e-01,1.538154e-02,4.782390e-03,3.212937e-02,3.676956e-03,8.749534e-03,1.282069e-02,2.462037e-03
2.783250e-02,2.811006e-03,3.061282e-02,6.255463e-03,3.956097e-02,2.812729e-02,1.359401e-01,6.715338e-01,1.111007e-02,3.362686e-03,2.264054e-02,2.589456e-03,6.866435e-03,9.001817e-03,1.755045e-03
2.116573e-02,2.047640e-03,2.209901e-02,4.641242e-03,3.527443e-02,1.990945e-02,1.229877e-01,7.310778e-01,7.962381e-03,2.367207e-03,1.592450e-02,1.832500e-03,5.092847e-03,6.355871e-03,1.261711e-03
1.578488e-02,1.515181e-03,1.616681e-02,3.464283e-03,3.347414e-02,1.421565e-02,1.669870e-01,7.189214e-01,5.727735e-03,1.676951e-03,1.128898e-02,1.340851e-03,4.004454e-03,4.495697e-03,9.359987e-04
1.372568e-02,1.271341e-03,1.596043e-02,3.531336e-03,2.698134e-02,1.051171e-02,1.358999e-01,7.706256e-01,4.102332e-03,1.235995e-03,8.050841e-03,1.017233e-03,3.163496e-03,3.204577e-03,7.182164e-04
1.237284e-02,1.133683e-03,1.497215e-02,3.701857e-03,2.372234e-02,8.024782e-03,1.044605e-01,8.157313e-01,2.940960e-03,9.371596e-04,5.872237e-03,7.776805e-04,2.505759e-03,2.274216e-03,5.724287e-04
1.235609e-02,9.330110e-04,1.204625e-02,3.491617e-03,2.430670e-02,6.049294e-03,7.623862e-02,8.526861e-01,2.151600e-03,7.012021e-04,4.345585e-03,6.819192e-04,1.954145e-03,1.611651e-03,4.462248e-04
1.272702e-02,7.327010e-04,8.988189e-03,3.040672e-03,2.388863e-02,4.444046e-03,5.483751e-02,8.823042e-01,1.563110e-03,5.090541e-04,3.284701e-03,5.793141e-04,1.607210e-03,1.137215e-03,3.564168e-04
1.296804e-02,5.533222e-04,6.587779e-03,2.515286e-03,2.059302e-02,3.243086e-03,3.897939e-02,9.078465e-01,1.135677e-03,3.605415e-04,2.384477e-03,4.803629e-04,1.271995e-03,8.027006e-04,2.777541e-04
1.563931e-02,4.287295e-04,4.798177e-03,2.032900e-03,1.757112e-02,2.564637e-03,2.792391e-02,9.238434e-01,8.862876e-04,2.550138e-04,1.746763e-03,4.746114e-04,1.034901e-03,5.745129e-04,2.257517e-04
1.831246e-02,3.405159e-04,3.548450e-03,1.677245e-03,1.610185e-02,2.202966e-03,2.035967e-02,9.331769e-01,7.181510e-04,1.816027e-04,1.324083e-03,4.670412e-04,9.774044e-04,4.186058e-04,1.931273e-04
2.543109e-02,3.022349e-04,3.025774e-03,1.952518e-03,1.589069e-02,2.044588e-03,1.547927e-02,9.317478e-01,7.551173e-04,1.401849e-04,1.178012e-03,5.737492e-04,9.469953e-04,3.148058e-04,2.172723e-04
6.006875e-02,4.724597e-04,2.909662e-03,3.015735e-03,1.496222e-02,2.367000e-03,1.167219e-02,8.960971e-01,1.449179e-03,2.891022e-04,1.774717e-03,1.860866e-03,2.093889e-03,3.203932e-04,6.469100e-04
8.122734e-02,6.200857e-04,2.551978e-03,4.218791e-03,1.341477e-02,2.388277e-03,8.780017e-03,8.714749e-01,1.601580e-03,3.243753e-04,2.103453e-03,4.594162e-03,5.456152e-03,3.552574e-04,8.889915e-04
1.620440e-01,1.131326e-03,2.308281e-03,7.521096e-03,1.205095e-02,2.989290e-03,7.949205e-03,7.441660e-01,3.448981e-03,4.578750e-04,8.629521e-03,2.652442e-02,1.790196e-02,1.013097e-03,1.864131e-03
1.937820e-01,1.122504e-03,2.173778e-03,7.249666e-03,9.767354e-03,3.154162e-03,7.348813e-03,7.138017e-01,3.576655e-03,4.057320e-04,9.152638e-03,2.505102e-02,2.075389e-02,1.030523e-03,1.629638e-03
2.424211e-01,1.629078e-03,2.761616e-03,7.991113e-03,9.015301e-03,3.545665e-03,9.641706e-03,6.673034e-01,3.950111e-03,5.329283e-04,8.871144e-03,2.185374e-02,1.753547e-02,1.299443e-03,1.648232e-03
3.641751e-01,2.288784e-03,3.017091e-03,9.026965e-03,9.657686e-03,4.504099e-03,9.102453e-03,5.313604e-01,6.824112e-03,7.386649e-04,1.034293e-02,2.416522e-02,2.100899e-02,1.490746e-03,2.296829e-03
3.642300e-01,9.511852e-03,4.185096e-03,7.797238e-02,2.764898e-02,1.287318e-02,7.538768e-03,3.982263e-01,1.386441e-02,8.686546e-04,1.382660e-02,4.190146e-02,2.137725e-02,1.418772e-03,4.556395e-03
3.589104e-01,9.017111e-03,4.800129e-03,6.278635e-02,2.474983e-02,1.488513e-02,6.327761e-03,2.877602e-01,8.460208e-02,9.720533e-04,2.307184e-02,8.943181e-02,2.581526e-02,1.606990e-03,5.263027e-03
4.078542e-01,9.471393e-03,6.988015e-03,5.257134e-02,2.572614e-02,1.661357e-02,6.297411e-03,2.174626e-01,9.627713e-02,1.153273e-03,2.849580e-02,9.683973e-02,2.538870e-02,1.871923e-03,6.988813e-03
