1.000000e+00,0.000000e+00,0.000000e+00,0.000000e+00,0.000000e+00,0.000000e+00,0.000000e+00,0.000000e+00,0.000000e+00,0.000000e+00,0.000000e+00,0.000000e+00,0.000000e+00,0.000000e+00,0.000000e+00
1.000000e+00,0.000000e+00,0.000000e+00,0.000000e+00,0.000000e+00,0.000000e+00,0.000000e+00,0.000000e+00,0.000000e+00,0.000000e+00,0.000000e+00,0.000000e+00,0.000000e+00,0.000000e+00,0.000000e+00
1.000000e+00,0.000000e+00,0.000000e+00,0.000000e+00,0.000000e+00,0.000000e+00,0.000000e+00,0.000000e+00,0.000000e+00,0.000000e+00,0.000000e+00,0.000000e+00,0.000000e+00,0.000000e+00,0.000000e+00
1.000000e+00,0.000000e+00,0.000000e+00,0.000000e+00,0.000000e+00,0.000000e+00,0.000000e+00,0.000000e+00,0.000000e+00,0.000000e+00,0.000000e+00,0.000000e+00,0.000000e+00,0.000000e+00,0.000000e+00
1.000000e+00,0.000000e+00,0.000000e+00,0.000000e+00,0.000000e+00,0.000000e+00,0.000000e+00,0.000000e+00,0.000000e+00,0.000000e+00,0.000000e+00,0.000000e+00,0.000000e+00,0.000000e+00,0.000000e+00
1.000000e+00,0.000000e+00,0.000000e+00,0.000000e+00,0.000000e+00,0.000000e+00,0.000000e+00,0.000000e+00,0.000000e+00,0.000000e+00,0.000000e+00,0.000000e+00,0.000000e+00,0.000000e+00,0.000000e+00
1.000000e+00,0.000000e+00,0.000000e+00,0.000000e+00,0.000000e+00,0.000000e+00,0.000000e+00,0.000000e+00,0.000000e+00,0.000000e+00,0.000000e+00,0.000000e+00,0.000000e+00,0.000000e+00,0.000000e+00
1.000000e+00,0.000000e+00,0.000000e+00,0.000000e+00,0.000000e+00,0.000000e+00,0.000000e+00,0.000000e+00,0.000000e+00,0.000000e+00,0.000000e+00,0.000000e+00,0.000000e+00,0.000000e+00,0.000000e+00
1.000000e+00,0.000000e+00,0.000000e+00,0.000000e+00,0.000000e+00,0.000000e+00,0.000000e+00,0.000000e+00,0.000000e+00,0.000000e+00,0.000000e+00,0.000000e+00,0.000000e+00,0.000000e+00,0.000000e+00
1.000000e+00,0.000000e+00,0.000000e+00,0.000000e+00,0.000000e+00,0.000000e+00,0.000000e+00,0.000000e+00,0.000000e+00,0.000000e+00,0.000000e+00,0.000000e+00,0.000000e+00,0.000000e+00,0.000000e+00
1.000000e+00,0.000000e+00,0.000000e+00,0.000000e+00,0.000000e+00,0.000000e+00,0.000000e+00,0.000000e+00,0.000000e+00,0.000000e+00,0.000000e+00,0.000000e+00,0.000000e+00,0.000000e+00,0.000000e+00
1.000000e+00,0.000000e+00,0.000000e+00,0.000000e+00,0.000000e+00,0.000000e+00,0.000000e+00,0.000000e+00,0.000000e+00,0.000000e+00,0.000000e+00,0.000000e+00,0.000000e+00,0.000000e+00,0.000000e+00
1.000000e+00,0.000000e+00,0.000000e+00,0.000000e+00,0.000000e+00,0.000000e+00,0.000000e+00,0.000000e+00,0.000000e+00,0.000000e+00,0.000000e+00,0.000000e+00,0.000000e+00,0.000000e+00,0.000000e+00
1.000000e+00,0.000000e+00,0.000000e+00,0.000000e+00,0.000000e+00,0.000000e+00,0.000000e+00,0.000000e+00,0.000000e+00,0.000000e+00,0.000000e+00,0.000000e+00,0.000000e+00,0.000000e+00,0.000000e+00
1.000000e+00,0.000000e+00,0.000000e+00,0.000000e+00,0.000000e+00,0.000000e+00,0.000000e+00,0.000000e+00,0.000000e+00,0.000000e+00,0.000000e+00,0.000000e+00,0.000000e+00,0.000000e+00,0.000000e+00
1.000000e+00,0.000000e+00,0.000000e+00,0.000000e+00,0.000000e+00,0.000000e+00,0.000000e+00,0.000000e+00,0.000000e+00,0.000000e+00,0.000000e+00,0.000000e+00,0.000000e+00,0.000000e+00,0.000000e+00
1.000000e+00,0.000000e+00,0.000000e+00,0.000000e+00,0.000000e+00,0.000000e+00,0.000000e+00,0.000000e+00,0.000000e+00,0.000000e+00,0.000000e+00,0.000000e+00,0.000000e+00,0.000000e+00,0.000000e+00
1.000000e+00,0.000000e+00,0.000000e+00,0.000000e+00,0.000000e+00,0.000000e+00,0.000000e+00,0.000000e+00,0.000000e+00,0.000000e+00,0.000000e+00,0.000000e+00,0.000000e+00,0.000000e+00,0.000000e+00
1.000000e+00,0.000000e+00,0.000000e+00,0.000000e+00,0.000000e+00,0.000000e+00,0.000000e+00,0.000000e+00,0.000000e+00,0.000000e+00,0.000000e+00,0.000000e+00,0.000000e+00,0.000000e+00,0.000000e+00
1.000000e+00,0.000000e+00,0.000000e+00,0.000000e+00,0.000000e+00,0.000000e+00,0.000000e+00,0.000000e+00,0.000000e+00,0.000000e+00,0.000000e+00,0.000000e+00,0.000000e+00,0.000000e+00,0.000000e+00
1.000000e+00,0.000000e+00,0.000000e+00,0.000000e+00,0.000000e+00,0.000000e+00,0.000000e+00,0.000000e+00,0.000000e+00,0.000000e+00,0.000000e+00,0.000000e+00,0.000000e+00,0.000000e+00,0.000000e+00
1.000000e+00,0.000000e+00,0.000000e+00,0.000000e+00,0.000000e+00,0.000000e+00,0.000000e+00,0.000000e+00,0.000000e+00,0.000000e+00,0.000000e+00,0.000000e+00,0.000000e+00,0.000000e+00,0.000000e+00
1.000000e+00,0.000000e+00,0.000000e+00,0.000000e+00,0.000000e+00,0.000000e+00,0.000000e+00,0.000000e+00,0.000000e+00,0.000000e+00,0.000000e+00,0.000000e+00,0.000000e+00,0.000000e+00,0.000000e+00
1.000000e+00,0.000000e+00,0.000000e+00,0.000000e+00,0.000000e+00,0.000000e+00,0.000000e+00,0.000000e+00,0.000000e+00,0.000000e+00,0.000000e+00,0.000000e+00,0.000000e+00,0.000000e+00,0.000000e+00
1.000000e+00,0.000000e+00,0.000000e+00,0.000000e+00,0.000000e+00,0.000000e+00,0.000000e+00,0.000000e+00,0.000000e+00,0.000000e+00,0.000000e+00,0.000000e+00,0.000000e+00,0.000000e+00,0.000000e+00
1.000000e+00,0.000000e+00,0.000000e+00,0.000000e+00,0.000000e+00,0.000000e+00,0.000000e+00,0.000000e+00,0.000000e+00,0.000000e+00,0.000000e+00,0.000000e+00,0.000000e+00,0.000000e+00,0.000000e+00
1.000000e+00,0.000000e+00,0.000000e+00,0.000000e+00,0.000000e+00,0.000000e+00,0.000000e+00,0.000000e+00,0.000000e+00,0.000000e+00,0.000000e+00,0.000000e+00,0.000000e+00,0.000000e+00,0.000000e+00
1.000000e+00,0.000000e+00,0.000000e+00,0.000000e+00,0.000000e+00,0.000000e+00,0.000000e+00,0.000000e+00,0.000000e+00,0.000000e+00,0.000000e+00,0.000000e+00,0.000000e+00,0.000000e+00,0.000000e+00
1.000000e+00,0.000000e+00,0.000000e+00,0.000000e+00,0.000000e+00,0.000000e+00,0.000000e+00,0.000000e+00,0.000000e+00,0.000000e+00,0.000000e+00,0.000000e+00,0.000000e+00,0.000000e+00,0.000000e+00
1.000000e+00,0.000000e+00,0.000000e+00,0.000000e+00,0.000000e+00,0.000000e+00,0.000000e+00,0.000000e+00,0.000000e+00,0.000000e+00,0.000000e+00,0.000000e+00,0.000000e+00,0.000000e+00,0.000000e+00
1.000000e+00,0.000000e+00,0.000000e+00,0.000000e+00,0.000000e+00,0.000000e+00,0.000000e+00,0.000000e+00,0.000000e+00,0.000000e+00,0.000000e+00,0.000000e+00,0.000000e+00,0.000000e+00,0.000000e+00
1.000000e+00,0.000000e+00,0.000000e+00,0.000000e+00,0.000000e+00,0.000000e+00,0.000000e+00,0.000000e+00,0.000000e+00,0.000000e+00,0.000000e+00,0.000000e+00,0.000000e+00,0.000000e+00,0.000000e+00
1.000000e+00,0.000000e+00,0.000000e+00,0.000000e+00,0.000000e+00,0.000000e+00,0.000000e+00,0.000000e+00,0.000000e+00,0.000000e+00,0.000000e+00,0.000000e+00,0.000000e+00,0.000000e+00,0.000000e+00
4.464055e-01,5.917511e-02,2.859321e-02,1.258221e-01,1.731298e-02,2.826452e-02,8.022883e-03,2.508346e-02,4.379720e-02,5.735870e-03,5.068585e-02,3.788831e-02,1.882975e-02,2.606922e-02,7.831398e-02
3.400124e-01,7.433682e-02,4.180538e-02,1.865993e-01,1.575495e-02,2.411002e-02,6.683527e-03,2.995623e-02,5.909485e-02,4.883985e-03,5.881065e-02,3.542084e-02,1.626942e-02,2.668511e-02,7.957654e-02
3.122414e-01,8.302312e-02,3.832064e-02,1.789647e-01,1.682968e-02,2.342027e-02,6.622482e-03,2.537967e-02,6.766043e-02,5.724751e-03,6.198405e-02,3.703923e-02,1.876771e-02,3.237473e-02,9.164718e-02
2.622650e-01,7.628784e-02,5.103758e-02,1.837030e-01,1.837317e-02,2.715093e-02,6.827629e-03,3.111118e-02,7.169507e-02,5.463968e-03,7.084633e-02,4.493421e-02,1.919009e-02,3.697019e-02,9.414385e-02
2.641566e-01,7.341965e-02,4.097174e-02,1.555850e-01,1.724283e-02,3.082009e-02,6.497702e-03,2.585366e-02,6.797612e-02,6.225995e-03,7.562637e-02,4.282337e-02,2.126735e-02,5.731563e-02,1.142178e-01
2.415194e-01,7.255468e-02,3.414017e-02,1.359514e-01,1.530631e-02,3.751869e-02,5.861901e-03,2.191662e-02,6.942728e-02,7.083326e-03,7.868025e-02,3.899546e-02,2.334376e-02,7.514678e-02,1.425540e-01
2.355725e-01,6.576984e-02,2.900866e-02,1.211584e-01,1.341037e-02,4.644986e-02,5.545272e-03,1.834163e-02,7.042509e-02,9.745769e-03,8.468340e-02,3.862550e-02,2.423983e-02,7.818949e-02,1.588345e-01
3.152821e-01,5.997034e-02,2.391436e-02,1.055179e-01,1.178120e-02,5.103975e-02,5.145864e-03,1.546431e-02,5.604663e-02,9.265034e-03,8.184860e-02,4.063427e-02,2.421472e-02,6.387204e-02,1.360030e-01
3.040230e-01,5.978227e-02,2.290546e-02,1.099399e-01,1.032913e-02,5.077693e-02,4.538305e-03,1.519014e-02,5.852164e-02,1.126525e-02,7.783668e-02,4.212292e-02,2.633502e-02,5.702879e-02,1.494046e-01
2.808359e-01,5.690040e-02,5.279780e-02,1.523808e-01,1.018987e-02,4.112725e-02,4.284974e-03,2.202985e-02,5.510323e-02,1.008453e-02,6.673919e-02,4.705022e-02,3.028016e-02,4.365009e-02,1.265457e-01
3.305706e-01,5.321880e-02,5.016272e-02,1.332397e-01,1.005185e-02,3.800583e-02,4.449829e-03,2.379964e-02,4.882094e-02,9.443990e-03,5.834001e-02,4.435078e-02,2.772700e-02,4.018945e-02,1.276289e-01
4.324619e-01,4.447226e-02,4.035874e-02,1.072993e-01,8.683668e-03,3.398637e-02,4.694049e-03,2.082106e-02,3.835239e-02,8.771671e-03,4.842591e-02,4.040904e-02,2.659000e-02,3.531704e-02,1.093567e-01
1.000000e+00,0.000000e+00,0.000000e+00,0.000000e+00,0.000000e+00,0.000000e+00,0.000000e+00,0.000000e+00,0.000000e+00,0.000000e+00,0.000000e+00,0.000000e+00,0.000000e+00,0.000000e+00,0.000000e+00
1.000000e+00,0.000000e+00,0.000000e+00,0.000000e+00,0.000000e+00,0.000000e+00,0.000000e+00,0.000000e+00,0.000000e+00,0.000000e+00,0.000000e+00,0.000000e+00,0.000000e+00,0.000000e+00,0.000000e+00
1.000000e+00,0.000000e+00,0.000000e+00,0.000000e+00,0.000000e+00,0.000000e+00,0.000000e+00,0.000000e+00,0.000000e+00,0.000000e+00,0.000000e+00,0.000000e+00,0.000000e+00,0.000000e+00,0.000000e+00
1.000000e+00,0.000000e+00,0.000000e+00,0.000000e+00,0.000000e+00,0.000000e+00,0.000000e+00,0.000000e+00,0.000000e+00,0.000000e+00,0.000000e+00,0.000000e+00,0.000000e+00,0.000000e+00,0.000000e+00
1.000000e+00,0.000000e+00,0.000000e+00,0.000000e+00,0.000000e+00,0.000000e+00,0.000000e+00,0.000000e+00,0.000000e+00,0.000000e+00,0.000000e+00,0.000000e+00,0.000000e+00,0.000000e+00,0.000000e+00
1.000000e+00,0.000000e+00,0.000000e+00,0.000000e+00,0.000000e+00,0.000000e+00,0.000000e+00,0.000000e+00,0.000000e+00,0.000000e+00,0.000000e+00,0.000000e+00,0.000000e+00,0.000000e+00,0.000000e+00
1.000000e+00,0.000000e+00,0.000000e+00,0.000000e+00,0.000000e+00,0.000000e+00,0.000000e+00,0.000000e+00,0.000000e+00,0.000000e+00,0.000000e+00,0.000000e+00,0.000000e+00,0.000000e+00,0.000000e+00
4.499641e-01,1.954750e-02,1.524294e-01,3.784363e-02,3.881688e-03,1.426286e-02,3.638703e-03,1.157372e-02,5.344139e-02,1.804183e-02,1.825591e-02,1.319405e-02,1.266764e-02,8.233358e-02,1.089240e-01
3.152847e-01,1.771328e-02,1.136459e-01,2.665211e-02,2.758414e-03,1.023030e-02,2.605199e-03,8.140177e-03,4.748863e-02,1.314112e-02,1.362450e-02,9.568930e-03,9.062779e-03,1.345508e-01,2.755332e-01
2.212443e-01,1.685219e-02,8.050412e-02,1.916610e-02,2.031168e-03,7.310015e-03,1.875155e-03,5.777899e-03,6.929602e-02,1.036002e-02,4.076568e-02,9.435275e-03,6.725341e-03,2.077913e-01,3.008654e-01
1.551535e-01,1.308690e-02,5.645253e-02,1.356339e-02,1.457454e-03,5.167414e-03,1.343426e-03,4.068083e-03,9.251040e-02,7.699360e-03,8.493491e-02,8.613536e-03,4.902711e-03,2.344774e-01,3.165691e-01
1.087579e-01,9.311522e-03,3.965166e-02,9.565898e-03,1.068867e-03,3.682777e-03,9.647816e-04,2.862712e-03,8.117392e-02,5.662108e-03,1.260374e-01,6.192175e-03,3.556194e-03,3.484013e-01,2.531108e-01
7.627626e-02,6.570762e-03,2.782338e-02,6.860328e-03,1.092087e-03,2.811299e-03,6.950976e-04,2.052296e-03,5.844980e-02,4.915016e-03,2.999840e-01,5.349400e-03,3.035995e-03,2.933922e-01,2.106921e-01
5.390397e-02,4.667477e-03,1.949700e-02,5.108443e-03,1.144669e-03,2.130548e-03,5.635810e-04,1.462444e-03,4.428236e-02,4.705864e-03,3.583743e-01,5.724090e-03,2.618043e-03,3.391301e-01,1.566872e-01
3.787865e-02,3.341977e-03,1.366120e-02,3.770053e-03,1.037021e-03,1.847356e-03,4.152348e-04,1.034356e-03,3.447447e-02,5.502864e-03,3.787636e-01,5.190250e-03,2.112606e-03,3.999057e-01,1.110646e-01
2.668682e-02,2.531637e-03,9.592295e-03,2.771678e-03,1.020625e-03,2.985730e-03,3.061798e-04,7.578188e-04,2.599961e-02,4.714435e-03,3.962527e-01,6.241779e-03,1.733375e-03,4.405096e-01,7.789577e-02
1.882432e-02,1.924551e-03,6.735114e-03,2.060397e-03,1.416765e-03,3.525219e-03,2.372166e-04,5.791734e-04,1.929835e-02,3.920092e-03,4.092552e-01,5.464383e-03,1.386707e-03,4.707112e-01,5.466135e-02
1.339169e-02,1.471285e-03,4.810492e-03,1.554069e-03,2.679057e-03,4.234428e-03,2.614743e-04,5.118348e-04,1.422453e-02,3.160742e-03,3.860663e-01,5.577413e-03,1.314227e-03,5.224338e-01,3.830860e-02
9.456407e-03,1.098631e-03,3.406834e-03,1.163329e-03,4.549359e-03,4.055741e-03,2.684701e-04,4.860166e-04,1.088275e-02,2.833025e-03,3.383887e-01,5.342162e-03,1.416253e-03,5.897979e-01,2.685451e-02
6.990047e-03,9.133621e-04,2.509526e-03,9.735090e-04,4.215587e-03,3.744910e-03,2.277693e-04,3.967619e-04,8.305357e-03,3.378610e-03,3.770559e-01,6.029652e-03,1.409554e-03,5.649273e-01,1.892209e-02
5.045244e-03,7.634329e-04,1.853569e-03,7.985066e-04,3.659490e-03,2.949142e-03,1.915189e-04,3.065352e-04,6.537985e-03,3.805039e-03,4.308912e-01,8.026138e-03,1.398497e-03,5.204234e-01,1.335034e-02
4.102470e-03,8.702533e-04,1.507394e-03,8.716913e-04,3.790758e-03,2.328306e-03,1.667017e-04,3.030375e-04,5.243192e-03,3.310748e-03,5.147696e-01,8.906237e-03,1.452035e-03,4.428644e-01,9.513161e-03
3.002111e-03,9.868919e-04,1.207311e-03,7.652472e-04,4.226313e-03,1.955197e-03,1.525428e-04,2.475820e-04,4.233669e-03,3.064132e-03,5.425490e-01,1.010267e-02,1.313880e-03,4.193807e-01,6.812680e-03
2.276613e-03,1.480419e-03,1.505400e-03,5.982965e-04,5.928308e-03,1.768561e-03,1.573376e-04,2.211943e-04,3.513851e-03,3.401214e-03,5.616734e-01,1.198317e-02,1.163189e-03,3.994111e-01,4.917935e-03
2.095775e-03,1.423426e-03,1.392997e-03,5.360310e-04,1.112072e-02,1.952685e-03,3.647117e-04,5.763529e-04,3.387367e-03,2.866533e-03,6.078406e-01,1.214046e-02,1.230891e-03,3.493829e-01,3.688552e-03
1.565679e-03,1.083891e-03,9.925875e-04,4.021015e-04,8.120876e-03,1.459054e-03,2.797475e-04,4.266470e-04,2.634915e-03,2.215280e-03,7.149686e-01,9.504092e-03,1.025266e-03,2.526683e-01,2.652984e-03
1.486986e-03,9.640462e-04,7.310940e-04,3.253110e-04,6.258362e-03,1.198832e-03,2.279252e-04,3.329363e-04,2.796438e-03,2.373710e-03,7.732113e-01,1.052410e-02,9.569482e-04,1.966058e-01,2.006110e-03
1.395353e-03,1.779168e-03,6.380779e-04,3.430724e-04,6.789089e-03,1.329427e-03,4.202224e-04,3.840800e-04,6.912087e-03,2.831730e-03,7.882308e-01,1.982573e-02,9.063252e-04,1.662583e-01,1.956573e-03
1.552939e-03,2.170400e-03,6.146345e-04,4.195471e-04,6.399976e-03,1.453690e-03,3.949940e-04,5.124316e-04,5.922212e-03,2.691427e-03,7.953919e-01,2.638025e-02,9.207351e-04,1.532966e-01,1.878289e-03
1.370874e-03,1.123373e-02,1.061295e-03,8.936746e-04,4.918302e-02,2.838034e-03,1.662378e-03,4.738110e-04,9.671962e-03,3.978834e-03,7.161520e-01,3.770924e-02,1.305873e-03,1.585442e-01,3.921138e-03
1.649219e-03,1.347205e-02,4.874532e-03,1.068411e-03,4.278606e-02,2.616239e-03,1.876893e-03,8.202210e-04,1.473269e-02,1.192096e-02,6.390873e-01,4.650950e-02,1.257459e-03,1.795890e-01,3.773950e-02
2.118166e-03,1.216419e-02,5.320956e-03,1.065769e-03,3.812873e-02,3.672791e-03,2.083323e-03,1.154097e-03,1.426353e-02,1.634381e-02,6.531398e-01,5.533797e-02,1.411049e-03,1.546051e-01,3.919075e-02
4.978701e-03,9.261770e-03,6.174056e-03,2.294668e-03,5.302945e-02,1.315160e-02,1.052423e-02,4.202139e-02,1.970507e-02,1.925938e-02,5.927171e-01,4.971612e-02,1.977440e-03,1.460262e-01,2.916281e-02
1.055334e-02,1.608338e-02,1.294963e-02,2.247446e-03,8.016692e-02,1.517110e-02,1.102064e-02,3.968287e-02,5.910246e-02,2.463343e-02,5.154199e-01,4.659061e-02,2.124548e-03,1.304161e-01,3.383772e-02
2.665802e-02,1.470436e-02,1.689300e-02,2.901906e-03,1.211578e-01,1.590189e-02,8.689651e-03,4.154719e-02,7.038162e-02,2.286191e-02,4.837093e-01,3.770611e-02,2.785072e-03,9.531783e-02,3.878430e-02
4.919095e-02,1.226723e-02,1.845802e-02,2.712946e-03,1.748553e-01,2.805906e-02,7.399542e-03,3.197091e-02,5.821284e-02,2.705083e-02,4.524909e-01,3.117593e-02,3.177373e-03,7.372402e-02,2.925421e-02
7.665448e-02,1.490371e-02,3.793862e-02,5.877416e-03,1.925526e-01,3.441542e-02,6.852240e-03,2.795511e-02,5.416308e-02,3.107287e-02,3.915204e-01,3.474794e-02,6.482114e-03,6.177180e-02,2.309224e-02
9.349260e-02,1.519202e-02,3.132694e-02,6.937516e-03,1.779021e-01,3.299058e-02,5.970825e-03,2.594539e-02,4.854914e-02,2.617033e-02,4.194583e-01,3.600154e-02,6.213785e-03,5.328158e-02,2.056733e-02
1.079974e-01,1.741848e-02,2.922776e-02,7.398209e-03,1.789134e-01,3.466883e-02,5.144027e-03,2.294007e-02,5.008062e-02,2.405199e-02,4.238799e-01,3.060788e-02,5.632034e-03,4.568029e-02,1.635914e-02
1.592306e-01,1.990759e-02,2.919665e-02,7.662660e-03,1.649446e-01,3.604896e-02,4.434523e-03,2.207096e-02,6.034212e-02,2.524784e-02,3.770686e-01,3.094261e-02,6.449847e-03,4.170470e-02,1.474768e-02
1.866103e-01,2.461923e-02,2.782630e-02,3.943563e-02,1.820208e-01,4.119526e-02,4.943469e-03,2.721503e-02,7.273160e-02,3.216503e-02,2.722172e-01,3.075613e-02,6.555190e-03,3.314048e-02,1.856837e-02
2.159393e-01,2.777613e-02,2.456026e-02,6.098556e-02,1.483198e-01,3.400317e-02,4.793499e-03,2.434339e-02,1.172521e-01,3.637614e-02,2.045650e-01,3.145061e-02,1.126806e-02,2.834941e-02,3.001760e-02
2.703212e-01,3.137267e-02,3.016946e-02,5.517926e-02,1.367287e-01,2.809055e-02,5.044638e-03,3.137447e-02,1.312996e-01,3.389081e-02,1.531108e-01,3.493254e-02,9.438061e-03,2.493042e-02,2.411685e-02
2.622397e-01,2.948391e-02,3.926484e-02,4.808164e-02,1.306692e-01,3.102223e-02,4.824214e-03,3.233460e-02,1.074851e-01,1.126098e-01,1.202057e-01,3.240952e-02,8.320136e-03,2.151092e-02,1.953847e-02
2.492855e-01,2.397241e-02,4.391039e-02,3.841127e-02,1.050256e-01,3.033703e-02,4.382984e-03,3.380453e-02,8.320292e-02,2.277698e-01,8.684887e-02,2.809636e-02,7.862884e-03,2.015666e-02,1.693283e-02
2.250191e-01,2.117604e-02,3.620249e-02,3.875831e-02,9.584817e-02,3.134088e-02,3.977977e-03,3.305905e-02,8.148369e-02,2.801071e-01,7.444061e-02,2.629663e-02,1.499345e-02,2.000108e-02,1.729535e-02
2.502568e-01,2.016205e-02,2.939907e-02,3.941810e-02,7.494167e-02,2.831803e-02,3.252085e-03,2.577410e-02,6.798196e-02,2.961386e-01,7.456271e-02,2.397650e-02,1.863734e-02,2.801454e-02,1.916642e-02
2.209969e-01,2.346197e-02,2.456276e-02,3.630454e-02,6.684870e-02,2.535695e-02,3.500208e-03,1.983725e-02,5.858150e-02,2.881224e-01,1.314845e-01,2.754620e-02,2.050295e-02,3.146464e-02,2.142864e-02
1.805714e-01,2.073823e-02,1.877054e-02,3.135650e-02,5.650601e-02,2.225031e-02,2.979918e-03,1.550178e-02,4.663600e-02,2.307179e-01,2.760457e-01,2.460313e-02,1.857029e-02,2.724191e-02,2.751036e-02
1.470136e-01,2.001504e-02,1.613612e-02,3.362942e-02,4.633741e-02,2.110105e-02,2.548137e-03,1.150523e-02,3.802599e-02,2.209346e-01,3.008639e-01,3.745835e-02,2.909281e-02,2.863150e-02,4.670691e-02
1.065135e-01,1.527336e-02,1.445154e-02,2.998827e-02,4.046255e-02,2.119416e-02,2.106380e-03,8.295611e-03,3.055135e-02,1.707320e-01,3.547910e-01,6.321229e-02,2.993040e-02,3.917091e-02,7.332671e-02
7.804041e-02,1.126365e-02,1.202391e-02,2.941689e-02,4.305407e-02,2.430268e-02,1.700358e-03,6.115589e-03,2.537221e-02,1.415331e-01,3.354739e-01,6.169166e-02,2.993961e-02,3.493149e-02,1.651404e-01
6.005917e-02,8.672345e-03,9.907805e-03,2.690222e-02,4.077915e-02,3.199691e-02,1.371555e-03,4.424405e-03,2.393917e-02,1.242508e-01,3.467073e-01,1.008830e-01,3.624433e-02,2.865475e-02,1.552070e-01
4.581850e-02,8.575467e-03,8.662822e-03,2.568622e-02,4.429193e-02,2.450930e-02,1.071269e-03,3.259453e-03,2.914339e-02,9.857282e-02,3.691792e-01,1.542370e-01,3.757396e-02,2.638226e-02,1.230364e-01
3.376961e-02,6.754600e-03,7.299608e-03,1.955563e-02,4.970453e-02,1.748423e-02,1.879718e-03,4.772741e-03,3.967455e-02,7.159980e-02,4.322235e-01,1.679304e-01,2.871491e-02,2.041979e-02,9.821633e-02
2.636232e-02,7.612811e-03,7.446314e-03,1.462119e-02,4.172670e-02,1.299284e-02,2.585628e-03,8.535374e-03,9.158866e-02,5.196232e-02,4.706866e-01,1.533404e-01,2.262813e-02,1.658333e-02,7.132725e-02
2.401107e-02,1.116055e-02,8.351576e-03,1.278807e-02,3.605246e-02,1.179880e-02,2.081164e-03,1.002217e-02,1.132234e-01,4.124205e-02,5.026084e-01,1.395966e-01,2.061339e-02,1.454428e-02,5.190586e-02
2.351097e-02,1.029730e-02,8.662392e-03,1.267831e-02,3.384783e-02,9.944232e-03,2.105057e-03,2.490332e-02,1.771546e-01,3.114442e-02,4.396363e-01,1.595842e-01,1.781327e-02,1.132989e-02,3.738783e-02
4.105803e-02,1.123791e-02,1.020340e-02,3.134944e-02,2.906377e-02,1.328839e-02,1.700539e-03,2.321311e-02,1.802623e-01,2.576315e-02,4.051132e-01,1.579385e-01,3.035056e-02,1.129354e-02,2.816413e-02
3.801806e-02,8.794050e-03,8.584170e-03,2.566640e-02,2.208887e-02,1.051702e-02,1.472457e-03,2.298572e-02,1.465155e-01,2.110470e-02,4.057540e-01,2.182403e-01,3.918298e-02,9.782417e-03,2.129336e-02
3.103510e-02,6.672899e-03,7.288244e-03,2.030111e-02,2.073034e-02,7.732152e-03,1.269411e-03,2.078671e-02,1.597681e-01,1.766601e-02,3.976666e-01,2.080594e-01,7.609765e-02,9.231232e-03,1.569494e-02
3.265937e-02,6.268899e-03,8.645409e-03,1.950333e-02,1.600338e-01,7.545434e-03,1.575433e-03,2.970653e-02,1.516531e-01,1.605763e-02,3.211834e-01,1.588290e-01,6.726682e-02,7.697643e-03,1.137413e-02
4.497515e-02,8.547720e-03,9.638184e-03,4.216921e-02,1.532441e-01,1.007140e-02,1.427726e-03,2.228895e-02,2.880464e-01,1.270614e-02,2.305183e-01,1.126817e-01,4.936155e-02,5.752716e-03,8.570698e-03
7.820800e-02,9.110589e-03,8.497708e-03,4.065175e-02,2.086225e-01,1.008146e-02,1.314527e-03,1.695353e-02,3.213441e-01,9.750582e-03,1.663354e-01,8.089419e-02,3.650232e-02,4.435064e-03,7.298304e-03
7.947236e-02,1.122785e-02,7.255802e-03,5.367685e-02,2.079314e-01,1.003831e-02,1.948474e-03,1.955658e-02,3.843598e-01,7.838347e-03,1.223370e-01,5.762754e-02,2.690117e-02,3.463689e-03,6.364738e-03
7.076427e-02,1.619147e-02,6.844666e-03,2.362754e-01,1.813440e-01,9.080934e-03,2.005714e-03,2.427782e-02,2.896571e-01,5.934892e-03,8.852493e-02,4.127575e-02,1.966691e-02,2.648016e-03,5.508159e-03
8.677465e-02,2.107131e-02,8.009615e-03,3.238377e-01,1.673723e-01,1.096321e-02,2.063654e-03,3.084175e-02,2.192616e-01,5.431544e-03,6.896673e-02,3.091503e-02,1.534519e-02,3.073998e-03,6.071736e-03
1.149254e-01,1.813306e-02,1.301864e-02,2.527512e-01,2.512424e-01,1.104183e-02,2.553413e-03,2.547945e-02,1.931271e-01,8.741748e-03,6.048776e-02,2.536297e-02,1.367684e-02,3.780875e-03,5.677333e-03
1.807782e-01,1.907649e-02,1.738734e-02,2.456271e-01,2.203531e-01,1.199613e-02,3.331745e-03,2.412783e-02,1.672899e-01,8.577000e-03,5.447544e-02,2.297622e-02,1.276600e-02,4.700100e-03,6.537447e-03
1.947755e-01,2.818873e-02,1.403443e-02,2.042205e-01,1.924403e-01,1.028944e-02,3.293701e-03,1.812010e-02,2.184778e-01,1.414436e-02,4.680257e-02,2.040513e-02,1.167149e-02,4.096104e-03,1.903986e-02
2.287523e-01,2.585435e-02,1.153493e-02,1.747251e-01,1.698677e-01,1.050858e-02,6.625094e-03,8.134233e-02,1.878783e-01,1.145717e-02,3.906089e-02,2.108983e-02,1.269302e-02,3.325321e-03,1.528512e-02
3.187927e-01,2.677300e-02,1.236651e-02,1.513274e-01,1.295178e-01,1.758011e-02,6.649792e-03,6.759496e-02,1.635783e-01,9.696562e-03,3.263683e-02,2.705786e-02,1.373841e-02,3.386807e-03,1.930303e-02
3.758751e-01,2.717139e-02,1.196846e-02,1.467993e-01,1.051418e-01,2.067451e-02,7.457561e-03,6.314645e-02,1.334849e-01,7.897377e-03,2.891548e-02,3.171530e-02,1.573881e-02,3.452758e-03,2.056082e-02
3.903310e-01,2.570632e-02,1.167231e-02,1.212994e-01,9.743658e-02,2.023034e-02,6.417695e-03,5.076002e-02,1.776318e-01,6.327886e-03,2.498611e-02,3.074158e-02,1.396274e-02,3.097586e-03,1.939861e-02
3.713765e-01,3.255396e-02,1.149968e-02,1.855526e-01,9.070158e-02,1.813537e-02,7.376645e-03,5.787874e-02,1.393505e-01,5.153401e-03,2.199560e-02,2.631633e-02,1.229792e-02,2.641479e-03,1.716966e-02
4.234914e-01,2.555063e-02,1.256287e-02,1.568697e-01,9.176596e-02,1.673098e-02,6.591647e-03,6.753835e-02,1.223075e-01,4.359652e-03,1.895050e-02,2.652602e-02,1.097270e-02,2.409463e-03,1.337261e-02
4.375435e-01,2.123706e-02,2.926985e-02,1.664831e-01,8.788124e-02,1.571154e-02,6.118280e-03,7.097974e-02,9.764583e-02,4.209745e-03,1.629231e-02,2.414292e-02,9.414856e-03,2.221091e-03,1.084906e-02
4.677014e-01,1.838904e-02,5.757281e-02,1.593092e-01,7.835722e-02,1.581216e-02,5.326808e-03,6.377777e-02,7.367808e-02,3.786546e-03,1.415984e-02,2.287160e-02,8.204554e-03,2.069663e-03,8.983409e-03
4.197615e-01,2.159598e-02,5.360816e-02,1.393496e-01,1.183598e-01,1.353633e-02,4.681340e-03,6.154191e-02,1.137653e-01,4.726443e-03,1.245728e-02,1.956003e-02,6.960246e-03,1.891265e-03,8.204816e-03
3.535933e-01,2.132379e-02,4.280731e-02,1.501051e-01,1.932530e-01,1.136595e-02,3.988072e-03,5.408249e-02,1.253740e-01,4.155485e-03,1.106646e-02,1.483523e-02,6.016579e-03,1.604889e-03,6.428393e-03
3.341821e-01,2.092696e-02,3.384821e-02,1.420866e-01,2.104826e-01,1.141673e-02,3.731692e-03,4.287042e-02,1.541794e-01,3.597919e-03,1.144760e-02,1.682247e-02,6.881437e-03,1.787360e-03,5.738571e-03
3.196079e-01,1.728686e-02,3.035272e-02,1.384618e-01,2.131139e-01,1.224680e-02,3.148563e-03,4.888782e-02,1.779155e-01,2.818579e-03,1.039992e-02,1.406096e-02,5.747662e-03,1.612170e-03,4.338840e-03
3.379112e-01,2.297959e-02,3.090454e-02,1.262825e-01,1.911785e-01,1.850967e-02,2.739639e-03,3.680718e-02,1.960111e-01,2.426242e-03,9.486827e-03,1.243087e-02,5.485673e-03,1.678031e-03,5.168514e-03
3.482471e-01,3.378998e-02,3.604707e-02,1.199028e-01,1.673259e-01,3.970723e-02,2.499122e-03,2.756332e-02,1.910187e-01,2.180275e-03,7.828150e-03,1.083503e-02,5.592796e-03,1.739985e-03,5.722548e-03
3.807972e-01,3.477360e-02,4.082521e-02,1.224268e-01,1.602352e-01,3.519594e-02,4.649858e-03,2.362768e-02,1.553551e-01,2.987551e-03,8.058883e-03,1.453886e-02,7.612724e-03,1.785695e-03,7.129687e-03
3.998336e-01,2.680929e-02,3.368025e-02,9.884308e-02,1.983531e-01,3.665476e-02,3.127344e-02,2.786225e-02,1.105818e-01,4.255272e-03,7.347984e-03,1.064047e-02,5.939513e-03,1.528762e-03,6.396537e-03
3.112678e-01,2.901710e-02,2.535819e-02,9.052798e-02,2.342171e-01,2.985541e-02,2.429430e-02,2.030594e-02,1.379224e-01,2.122393e-02,3.422377e-02,8.381163e-03,9.553157e-03,9.103425e-03,1.474839e-02
2.416151e-01,2.222729e-02,1.786035e-02,6.492098e-02,1.659588e-01,2.209077e-02,1.757754e-02,1.435923e-02,3.303482e-01,2.305452e-02,3.241198e-02,6.806963e-03,1.146319e-02,9.099385e-03,2.020575e-02
1.960404e-01,1.715729e-02,1.261160e-02,4.618914e-02,1.172233e-01,1.609965e-02,1.244993e-02,1.010002e-02,4.458006e-01,2.096947e-02,5.044360e-02,5.393155e-03,1.299232e-02,1.259584e-02,2.393365e-02
1.481453e-01,1.263520e-02,8.896523e-03,3.253831e-02,8.295232e-02,1.165219e-02,8.789007e-03,7.112046e-03,5.488157e-01,1.623773e-02,4.671047e-02,4.158231e-03,1.119008e-02,3.839678e-02,2.177022e-02
1.067615e-01,9.029170e-03,6.268189e-03,2.299096e-02,5.816591e-02,8.785348e-03,6.182769e-03,5.035651e-03,6.679784e-01,1.169115e-02,3.378750e-02,3.069420e-03,8.932692e-03,3.225391e-02,1.906740e-02
8.361020e-02,6.551454e-03,4.522013e-03,1.639757e-02,4.095207e-02,7.081510e-03,4.370119e-03,3.563935e-03,6.968753e-01,8.832360e-03,2.570234e-02,2.637541e-03,8.933648e-03,6.011867e-02,2.985132e-02
7.616954e-02,5.113788e-03,3.408882e-03,1.211078e-02,2.895435e-02,7.906144e-03,3.137950e-03,2.553359e-03,7.010598e-01,7.673848e-03,2.108104e-02,2.418030e-03,8.216307e-03,9.258187e-02,2.761431e-02
9.676230e-02,4.440778e-03,2.660193e-03,9.492272e-03,2.141988e-02,8.755186e-03,2.531138e-03,2.045380e-03,6.290827e-01,7.134544e-03,2.497466e-02,3.146975e-03,1.143477e-02,1.086325e-01,6.748673e-02
7.384843e-02,3.536517e-03,1.939175e-03,6.977115e-03,1.521253e-02,8.107818e-03,1.899833e-03,1.516534e-03,5.922423e-01,9.167977e-03,2.583298e-02,3.446750e-03,9.871411e-03,1.912480e-01,5.515273e-02
5.360227e-02,2.796820e-03,1.442922e-03,4.953060e-03,1.067532e-02,6.321565e-03,1.392247e-03,1.078083e-03,5.047958e-01,8.771162e-03,2.404184e-02,3.048618e-03,7.477743e-03,3.266032e-01,4.299941e-02
3.887977e-02,2.131639e-03,1.094164e-03,3.584028e-03,7.534043e-03,4.830007e-03,1.020720e-03,8.265351e-04,4.346454e-01,1.007658e-02,2.731264e-02,2.624369e-03,5.775047e-03,4.261438e-01,3.352129e-02
2.890560e-02,1.638579e-03,8.186724e-04,2.690052e-03,5.403414e-03,3.546184e-03,7.805596e-04,6.608289e-04,3.672531e-01,1.562088e-02,4.386947e-02,3.090226e-03,6.192262e-03,4.774790e-01,4.205126e-02
2.068158e-02,1.341068e-03,6.141022e-04,1.946093e-03,3.968194e-03,2.782753e-03,5.665941e-04,4.780393e-04,3.102468e-01,1.532241e-02,5.822527e-02,2.435448e-03,5.357242e-03,5.248225e-01,5.121202e-02
1.498969e-02,1.395756e-03,4.698898e-04,1.477037e-03,2.877854e-03,2.377532e-03,4.294062e-04,3.696693e-04,3.329225e-01,1.798613e-02,1.444714e-01,4.604374e-03,6.926944e-03,4.229752e-01,4.572654e-02
1.126976e-02,1.969876e-03,3.850613e-04,1.345068e-03,2.329411e-03,2.340873e-03,3.699947e-04,2.857376e-04,2.888461e-01,2.272309e-02,2.907895e-01,1.149987e-02,9.811133e-03,3.209985e-01,3.503610e-02
8.543112e-03,2.838448e-03,3.136530e-04,1.217833e-03,1.831979e-03,2.082167e-03,3.011962e-04,2.164854e-04,2.462323e-01,3.758855e-02,3.773738e-01,3.602017e-02,1.181072e-02,2.479282e-01,2.570144e-02
6.213109e-03,2.493423e-03,2.337830e-04,1.018025e-03,1.432602e-03,1.788809e-03,2.303670e-04,1.644246e-04,1.831097e-01,3.828220e-02,4.813791e-01,7.271716e-02,1.285107e-02,1.797686e-01,1.831760e-02
4.433996e-03,1.919786e-03,1.752582e-04,7.616598e-04,2.138390e-03,1.443780e-03,2.231303e-04,1.330595e-04,1.465546e-01,3.315932e-02,5.947443e-01,5.903382e-02,1.299193e-02,1.289840e-01,1.330285e-02
3.893501e-03,8.459642e-02,3.334568e-03,1.012955e-03,9.067996e-03,2.315618e-03,4.405309e-04,2.829075e-04,2.583035e-01,3.398909e-02,4.409250e-01,4.399439e-02,1.287911e-02,9.200371e-02,1.296065e-02
2.766631e-03,6.907329e-02,2.406310e-03,8.057423e-04,7.755411e-03,1.930808e-03,3.409813e-04,2.226254e-04,4.679942e-01,2.399611e-02,3.092122e-01,3.083215e-02,9.074274e-03,6.443135e-02,9.157806e-03
2.157933e-03,7.349129e-02,1.933099e-03,8.366883e-04,1.088300e-02,2.201786e-03,2.625309e-04,2.103908e-04,5.928423e-01,1.746609e-02,2.170282e-01,2.160545e-02,6.447563e-03,4.513645e-02,7.497102e-03
2.051489e-03,7.845717e-02,2.265596e-03,2.543528e-03,1.552718e-02,4.657594e-03,2.099315e-04,2.990767e-04,6.400781e-01,1.388331e-02,1.732579e-01,1.582854e-02,7.363631e-03,3.179196e-02,1.178504e-02
2.626783e-03,7.663526e-02,2.454996e-03,3.298412e-03,3.643156e-02,4.122048e-03,3.385773e-04,7.213965e-04,6.736941e-01,1.129132e-02,1.311008e-01,1.188960e-02,6.754658e-03,2.242683e-02,1.621361e-02
3.605473e-03,8.898497e-02,3.483159e-03,6.729986e-03,3.655668e-02,3.460660e-03,3.087334e-04,1.287281e-03,6.317369e-01,1.523254e-02,9.695414e-02,8.974981e-03,5.502766e-03,1.647609e-02,8.070569e-02
1.126408e-02,8.352248e-02,3.472935e-03,1.773107e-02,3.675522e-02,3.406213e-03,3.120685e-04,8.306827e-03,6.381915e-01,1.652658e-02,7.599336e-02,7.813598e-03,5.309796e-03,1.264203e-02,7.875226e-02
2.675096e-02,7.483622e-02,4.050133e-03,1.932945e-02,3.838842e-02,4.921522e-03,3.429350e-04,1.248378e-02,6.233908e-01,1.854421e-02,5.700172e-02,6.910936e-03,5.076761e-03,1.040608e-02,9.756619e-02
3.037401e-02,1.003615e-01,7.509002e-03,3.863939e-02,2.945845e-02,5.452534e-03,3.688614e-04,1.185945e-02,5.535907e-01,1.706088e-02,4.606618e-02,1.076608e-02,7.886344e-03,9.797537e-03,1.308092e-01
3.713532e-02,1.019431e-01,6.212687e-03,2.921357e-02,2.949178e-02,6.929417e-03,4.468850e-04,1.995405e-02,5.817633e-01,1.408174e-02,3.495501e-02,8.562266e-03,6.476853e-03,9.132179e-03,1.137019e-01
5.191484e-02,1.289457e-01,5.990391e-03,3.501038e-02,2.335524e-02,9.327797e-03,4.457117e-04,2.162916e-02,5.342358e-01,1.326052e-02,2.658725e-02,8.215533e-03,7.303734e-03,8.828811e-03,1.249492e-01
7.052650e-02,1.431902e-01,5.517512e-03,3.526992e-02,1.821673e-02,2.231715e-02,6.065032e-04,2.473094e-02,5.021354e-01,1.526732e-02,2.135821e-02,7.770822e-03,7.426462e-03,8.648686e-03,1.170176e-01
8.994685e-02,1.470958e-01,4.851719e-03,3.311107e-02,1.566214e-02,3.907594e-02,6.640960e-04,2.314752e-02,4.787500e-01,1.489316e-02,2.005849e-02,6.855006e-03,1.033336e-02,8.118339e-03,1.074364e-01
1.326191e-01,1.724718e-01,1.517924e-02,4.065691e-02,1.440072e-02,3.595783e-02,1.209448e-03,2.126614e-02,4.044547e-01,1.260860e-02,1.677069e-02,6.142809e-03,1.616098e-02,7.501822e-03,1.025992e-01
1.635535e-01,1.488207e-01,1.334691e-02,3.495329e-02,2.046868e-02,7.523432e-02,1.536458e-03,3.747654e-02,3.267519e-01,9.807827e-03,1.636994e-02,5.115858e-03,1.613410e-02,9.363569e-03,1.210664e-01
1.716928e-01,1.440254e-01,1.030974e-02,2.725076e-02,2.319942e-02,5.997236e-02,2.266292e-03,4.127032e-02,2.930169e-01,8.041753e-03,1.535502e-02,4.786144e-03,5.832916e-02,1.063611e-02,1.298478e-01
1.790266e-01,1.112822e-01,9.038137e-03,2.001759e-02,2.698180e-02,4.559618e-02,3.228069e-03,3.119279e-02,2.233772e-01,7.353928e-03,1.387407e-02,5.992590e-03,1.236643e-01,1.750551e-02,1.818690e-01
2.464323e-01,8.665883e-02,7.251226e-03,1.639292e-02,3.159910e-02,4.113387e-02,4.115208e-03,2.309292e-02,1.802135e-01,6.880552e-03,1.366719e-02,1.018077e-02,1.439977e-01,1.998685e-02,1.683971e-01
3.411728e-01,6.596474e-02,5.892820e-03,1.276401e-02,2.536299e-02,3.550954e-02,3.875242e-03,1.712201e-02,1.315574e-01,7.757816e-03,1.383734e-02,1.853152e-02,1.275526e-01,4.174719e-02,1.513520e-01
4.480080e-01,5.161953e-02,4.723386e-03,1.197554e-02,2.113551e-02,3.236210e-02,4.182694e-03,1.292235e-02,9.932349e-02,7.016217e-03,1.247287e-02,2.958540e-02,1.096843e-01,3.580372e-02,1.191849e-01
1.000000e+00,0.000000e+00,0.000000e+00,0.000000e+00,0.000000e+00,0.000000e+00,0.000000e+00,0.000000e+00,0.000000e+00,0.000000e+00,0.000000e+00,0.000000e+00,0.000000e+00,0.000000e+00,0.000000e+00
1.000000e+00,0.000000e+00,0.000000e+00,0.000000e+00,0.000000e+00,0.000000e+00,0.000000e+00,0.000000e+00,0.000000e+00,0.000000e+00,0.000000e+00,0.000000e+00,0.000000e+00,0.000000e+00,0.000000e+00
1.000000e+00,0.000000e+00,0.000000e+00,0.000000e+00,0.000000e+00,0.000000e+00,0.000000e+00,0.000000e+00,0.000000e+00,0.000000e+00,0.000000e+00,0.000000e+00,0.000000e+00,0.000000e+00,0.000000e+00
1.000000e+00,0.000000e+00,0.000000e+00,0.000000e+00,0.000000e+00,0.000000e+00,0.000000e+00,0.000000e+00,0.000000e+00,0.000000e+00,0.000000e+00,0.000000e+00,0.000000e+00,0.000000e+00,0.000000e+00
1.000000e+00,0.000000e+00,0.000000e+00,0.000000e+00,0.000000e+00,0.000000e+00,0.000000e+00,0.000000e+00,0.000000e+00,0.000000e+00,0.000000e+00,0.000000e+00,0.000000e+00,0.000000e+00,0.000000e+00
1.000000e+00,0.000000e+00,0.000000e+00,0.000000e+00,0.000000e+00,0.000000e+00,0.000000e+00,0.000000e+00,0.000000e+00,0.000000e+00,0.000000e+00,0.000000e+00,0.000000e+00,0.000000e+00,0.000000e+00
1.000000e+00,0.000000e+00,0.000000e+00,0.000000e+00,0.000000e+00,0.000000e+00,0.000000e+00,0.000000e+00,0.000000e+00,0.000000e+00,0.000000e+00,0.000000e+00,0.000000e+00,0.000000e+00,0.000000e+00
1.000000e+00,0.000000e+00,0.000000e+00,0.000000e+00,0.000000e+00,0.000000e+00,0.000000e+00,0.000000e+00,0.000000e+00,0.000000e+00,0.000000e+00,0.000000e+00,0.000000e+00,0.000000e+00,0.000000e+00
4.726528e-01,1.409690e-02,6.808252e-03,1.110420e-02,5.012142e-03,1.657687e-02,1.142843e-03,4.357465e-03,4.001876e-02,6.075851e-03,1.880195e-02,3.748707e-01,1.175707e-02,4.076414e-03,1.264774e-02
4.761676e-01,1.542450e-02,7.641578e-03,1.003825e-02,5.664414e-03,1.321410e-02,8.905490e-04,5.127112e-03,4.157844e-02,5.278354e-03,2.143374e-02,3.750220e-01,9.342801e-03,3.621887e-03,9.554727e-03
3.891614e-01,3.188134e-02,1.147872e-02,7.881547e-03,5.400121e-03,1.090690e-02,7.227755e-04,8.506570e-03,4.607875e-02,4.604075e-03,4.792976e-02,4.178156e-01,7.106054e-03,2.904864e-03,7.621536e-03
2.863058e-01,2.927430e-02,1.148323e-02,6.354656e-03,4.893380e-03,8.253483e-03,5.794376e-04,1.275743e-02,6.158800e-02,4.786710e-03,1.271922e-01,4.330172e-01,5.175788e-03,2.762557e-03,5.575821e-03
2.071441e-01,2.596521e-02,1.027890e-02,5.280714e-03,6.859051e-03,6.350589e-03,5.113754e-04,1.435128e-02,1.490993e-01,4.693032e-03,1.389870e-01,4.203809e-01,3.765687e-03,2.149374e-03,4.183395e-03
1.461197e-01,2.891666e-02,9.006074e-03,4.114090e-03,8.079298e-03,4.706930e-03,4.625162e-04,1.243895e-02,2.619092e-01,1.117817e-02,1.524126e-01,3.526086e-01,3.120073e-03,1.779691e-03,3.147466e-03
1.032693e-01,2.343382e-02,7.279650e-03,3.415387e-03,8.243706e-03,3.628063e-03,4.437677e-04,1.148208e-02,4.003811e-01,1.441155e-02,1.492533e-01,2.682085e-01,2.755499e-03,1.407707e-03,2.386528e-03
7.527234e-02,1.979192e-02,6.784169e-03,5.199973e-03,9.936890e-03,4.689630e-03,4.494776e-04,1.213492e-02,4.209617e-01,1.622686e-02,2.076566e-01,2.136571e-01,2.828941e-03,1.552331e-03,2.857067e-03
5.366778e-02,1.457872e-02,4.836641e-03,3.722987e-03,8.655028e-03,3.350049e-03,3.494391e-04,9.036809e-03,5.689381e-01,1.212502e-02,1.635249e-01,1.514688e-01,2.150781e-03,1.464380e-03,2.130609e-03
4.080176e-02,1.317382e-02,3.551213e-03,3.069688e-03,8.221277e-03,2.657635e-03,2.886280e-04,8.153008e-03,6.217917e-01,1.093852e-02,1.665655e-01,1.137185e-01,1.898629e-03,3.054549e-03,2.115617e-03
3.520110e-02,1.517576e-02,3.712957e-03,2.486476e-03,1.109311e-02,2.548335e-03,2.906187e-04,9.003458e-03,6.370585e-01,1.493956e-02,1.691706e-01,8.598825e-02,2.012655e-03,8.971361e-03,2.347280e-03
3.795166e-02,1.749332e-02,3.980841e-03,2.334755e-03,1.023152e-02,2.801713e-03,4.311524e-04,8.158410e-03,5.714427e-01,3.021973e-02,2.241642e-01,7.132745e-02,2.119589e-03,1.345528e-02,3.887702e-03
4.871754e-02,1.528359e-02,1.065625e-02,4.664553e-03,2.964257e-02,4.269882e-03,1.731221e-03,2.414647e-02,4.679986e-01,3.878582e-02,2.710104e-01,5.869956e-02,4.560996e-03,1.483840e-02,4.994159e-03
5.218282e-02,1.357424e-02,8.220351e-03,5.477992e-03,2.214920e-02,8.507967e-03,1.369429e-03,1.742039e-02,3.571337e-01,2.996314e-02,3.973888e-01,6.194384e-02,4.106123e-03,1.621133e-02,4.350699e-03
8.270040e-02,1.278358e-02,6.384538e-03,5.595376e-03,1.677148e-02,1.571473e-02,1.046462e-03,1.308213e-02,2.666712e-01,2.188761e-02,4.383369e-01,9.679516e-02,3.400375e-03,1.502729e-02,3.802815e-03
9.541914e-02,1.329012e-02,5.801871e-03,9.641686e-03,1.759355e-02,2.063660e-02,9.425207e-04,1.199273e-02,1.982361e-01,1.837553e-02,4.407939e-01,1.437754e-01,4.407417e-03,1.435199e-02,4.741392e-03
1.359726e-01,1.739650e-02,5.024777e-03,9.455379e-03,1.584906e-02,2.297292e-02,8.291040e-04,1.264994e-02,1.559489e-01,1.805819e-02,4.260007e-01,1.575395e-01,4.659774e-03,1.317651e-02,4.466186e-03
1.347236e-01,1.380894e-02,4.219252e-03,8.620063e-03,1.314582e-02,2.547047e-02,9.266906e-04,9.863561e-03,1.117300e-01,1.435312e-02,5.091597e-01,1.351511e-01,4.522732e-03,1.043625e-02,3.868694e-03
2.057524e-01,1.238408e-02,4.132769e-03,1.152694e-02,1.076191e-02,2.747092e-02,1.257225e-03,8.343607e-03,8.044021e-02,1.203677e-02,4.432877e-01,1.631504e-01,5.250590e-03,9.352863e-03,4.851615e-03
2.889001e-01,1.208180e-02,3.556223e-03,1.821232e-02,1.024991e-02,2.641643e-02,1.214072e-03,6.601534e-03,6.020803e-02,1.012970e-02,3.741153e-01,1.659597e-01,5.745193e-03,8.821206e-03,7.788485e-03
4.058824e-01,1.214012e-02,3.629860e-03,1.910287e-02,8.678216e-03,2.538959e-02,1.284168e-03,5.882898e-03,4.421690e-02,7.830283e-03,2.928852e-01,1.515782e-01,5.266160e-03,7.843250e-03,8.389859e-03
4.978502e-01,1.259830e-02,3.782065e-03,1.951918e-02,8.071633e-03,2.862892e-02,1.613647e-03,5.471881e-03,3.277333e-02,5.937767e-03,2.301338e-01,1.318799e-01,4.833903e-03,6.794989e-03,1.011048e-02
4.853974e-01,1.339823e-02,3.276340e-03,1.838255e-02,9.777442e-03,3.165384e-02,1.994398e-03,4.738116e-03,2.431374e-02,4.362479e-03,2.622336e-01,1.196680e-01,5.318816e-03,5.609850e-03,9.875206e-03
4.431069e-01,1.426505e-02,2.766812e-03,1.546729e-02,1.057526e-02,3.049411e-02,1.985688e-03,3.837118e-03,1.880345e-02,3.279444e-03,2.786813e-01,1.574786e-01,4.670223e-03,4.943275e-03,9.645555e-03
4.317277e-01,1.577709e-02,2.627900e-03,1.377415e-02,1.161343e-02,2.880545e-02,2.085626e-03,3.369073e-03,1.558810e-02,2.537038e-03,2.657406e-01,1.883953e-01,4.064399e-03,4.644697e-03,9.249438e-03
3.996730e-01,1.382320e-02,2.197273e-03,1.131721e-02,1.219923e-02,2.600905e-02,2.094536e-03,3.169901e-03,1.266383e-02,2.017499e-03,2.690906e-01,2.290551e-01,3.856422e-03,5.032937e-03,7.800288e-03
3.519025e-01,1.150676e-02,1.767482e-03,9.276721e-03,1.065390e-02,2.312071e-02,1.803616e-03,2.586413e-03,1.063004e-02,1.672404e-03,2.804132e-01,2.794980e-01,3.392114e-03,5.018133e-03,6.758064e-03
