1.000000e+00,0.000000e+00,0.000000e+00,0.000000e+00,0.000000e+00,0.000000e+00,0.000000e+00,0.000000e+00,0.000000e+00,0.000000e+00,0.000000e+00,0.000000e+00,0.000000e+00,0.000000e+00,0.000000e+00
1.000000e+00,0.000000e+00,0.000000e+00,0.000000e+00,0.000000e+00,0.000000e+00,0.000000e+00,0.000000e+00,0.000000e+00,0.000000e+00,0.000000e+00,0.000000e+00,0.000000e+00,0.000000e+00,0.000000e+00
1.000000e+00,0.000000e+00,0.000000e+00,0.000000e+00,0.000000e+00,0.000000e+00,0.000000e+00,0.000000e+00,0.000000e+00,0.000000e+00,0.000000e+00,0.000000e+00,0.000000e+00,0.000000e+00,0.000000e+00
1.000000e+00,0.000000e+00,0.000000e+00,0.000000e+00,0.000000e+00,0.000000e+00,0.000000e+00,0.000000e+00,0.000000e+00,0.000000e+00,0.000000e+00,0.000000e+00,0.000000e+00,0.000000e+00,0.000000e+00
1.000000e+00,0.000000e+00,0.000000e+00,0.000000e+00,0.000000e+00,0.000000e+00,0.000000e+00,0.000000e+00,0.000000e+00,0.000000e+00,0.000000e+00,0.000000e+00,0.000000e+00,0.000000e+00,0.000000e+00
1.000000e+00,0.000000e+00,0.000000e+00,0.000000e+00,0.000000e+00,0.000000e+00,0.000000e+00,0.000000e+00,0.000000e+00,0.000000e+00,0.000000e+00,0.000000e+00,0.000000e+00,0.000000e+00,0.000000e+00
1.000000e+00,0.000000e+00,0.000000e+00,0.000000e+00,0.000000e+00,0.000000e+00,0.000000e+00,0.000000e+00,0.000000e+00,0.000000e+00,0.000000e+00,0.000000e+00,0.000000e+00,0.000000e+00,0.000000e+00
1.000000e+00,0.000000e+00,0.000000e+00,0.000000e+00,0.000000e+00,0.000000e+00,0.000000e+00,0.000000e+00,0.000000e+00,0.000000e+00,0.000000e+00,0.000000e+00,0.000000e+00,0.000000e+00,0.000000e+00
1.000000e+00,0.000000e+00,0.000000e+00,0.000000e+00,0.000000e+00,0.000000e+00,0.000000e+00,0.000000e+00,0.000000e+00,0.000000e+00,0.000000e+00,0.000000e+00,0.000000e+00,0.000000e+00,0.000000e+00
1.000000e+00,0.000000e+00,0.000000e+00,0.000000e+00,0.000000e+00,0.000000e+00,0.000000e+00,0.000000e+00,0.000000e+00,0.000000e+00,0.000000e+00,0.000000e+00,0.000000e+00,0.000000e+00,0.000000e+00
1.000000e+00,0.000000e+00,0.000000e+00,0.000000e+00,0.000000e+00,0.000000e+00,0.000000e+00,0.000000e+00,0.000000e+00,0.000000e+00,0.000000e+00,0.000000e+00,0.000000e+00,0.000000e+00,0.000000e+00
1.000000e+00,0.000000e+00,0.000000e+00,0.000000e+00,0.000000e+00,0.000000e+00,0.000000e+00,0.000000e+00,0.000000e+00,0.000000e+00,0.000000e+00,0.000000e+00,0.000000e+00,0.000000e+00,0.000000e+00
1.000000e+00,0.000000e+00,0.000000e+00,0.000000e+00,0.000000e+00,0.000000e+00,0.000000e+00,0.000000e+00,0.000000e+00,0.000000e+00,0.000000e+00,0.000000e+00,0.000000e+00,0.000000e+00,0.000000e+00
1.000000e+00,0.000000e+00,0.000000e+00,0.000000e+00,0.000000e+00,0.000000e+00,0.000000e+00,0.000000e+00,0.000000e+00,0.000000e+00,0.000000e+00,0.000000e+00,0.000000e+00,0.000000e+00,0.000000e+00
1.000000e+00,0.000000e+00,0.000000e+00,0.000000e+00,0.000000e+00,0.000000e+00,0.000000e+00,0.000000e+00,0.000000e+00,0.000000e+00,0.000000e+00,0.000000e+00,0.000000e+00,0.000000e+00,0.000000e+00
1.000000e+00,0.000000e+00,0.000000e+00,0.000000e+00,0.000000e+00,0.000000e+00,0.000000e+00,0.000000e+00,0.000000e+00,0.000000e+00,0.000000e+00,0.000000e+00,0.000000e+00,0.000000e+00,0.000000e+00
1.000000e+00,0.000000e+00,0.000000e+00,0.000000e+00,0.000000e+00,0.000000e+00,0.000000e+00,0.000000e+00,0.000000e+00,0.000000e+00,0.000000e+00,0.000000e+00,0.000000e+00,0.000000e+00,0.000000e+00
1.000000e+00,0.000000e+00,0.000000e+00,0.000000e+00,0.000000e+00,0.000000e+00,0.000000e+00,0.000000e+00,0.000000e+00,0.000000e+00,0.000000e+00,0.000000e+00,0.000000e+00,0.000000e+00,0.000000e+00
1.000000e+00,0.000000e+00,0.000000e+00,0.000000e+00,0.000000e+00,0.000000e+00,0.000000e+00,0.000000e+00,0.000000e+00,0.000000e+00,0.000000e+00,0.000000e+00,0.000000e+00,0.000000e+00,0.000000e+00
1.000000e+00,0.000000e+00,0.000000e+00,0.000000e+00,0.000000e+00,0.000000e+00,0.000000e+00,0.000000e+00,0.000000e+00,0.000000e+00,0.000000e+00,0.000000e+00,0.000000e+00,0.000000e+00,0.000000e+00
1.000000e+00,0.000000e+00,0.000000e+00,0.000000e+00,0.000000e+00,0.000000e+00,0.000000e+00,0.000000e+00,0.000000e+00,0.000000e+00,0.000000e+00,0.000000e+00,0.000000e+00,0.000000e+00,0.000000e+00
1.000000e+00,0.000000e+00,0.000000e+00,0.000000e+00,0.000000e+00,0.000000e+00,0.000000e+00,0.000000e+00,0.000000e+00,0.000000e+00,0.000000e+00,0.000000e+00,0.000000e+00,0.000000e+00,0.000000e+00
1.000000e+00,0.000000e+00,0.000000e+00,0.000000e+00,0.000000e+00,0.000000e+00,0.000000e+00,0.000000e+00,0.000000e+00,0.000000e+00,0.000000e+00,0.000000e+00,0.000000e+00,0.000000e+00,0.000000e+00
1.000000e+00,0.000000e+00,0.000000e+00,0.000000e+00,0.000000e+00,0.000000e+00,0.000000e+00,0.000000e+00,0.000000e+00,0.000000e+00,0.000000e+00,0.000000e+00,0.000000e+00,0.000000e+00,0.000000e+00
1.000000e+00,0.000000e+00,0.000000e+00,0.000000e+00,0.000000e+00,0.000000e+00,0.000000e+00,0.000000e+00,0.000000e+00,0.000000e+00,0.000000e+00,0.000000e+00,0.000000e+00,0.000000e+00,0.000000e+00
1.000000e+00,0.000000e+00,0.000000e+00,0.000000e+00,0.000000e+00,0.000000e+00,0.000000e+00,0.000000e+00,0.000000e+00,0.000000e+00,0.000000e+00,0.000000e+00,0.000000e+00,0.000000e+00,0.000000e+00
1.000000e+00,0.000000e+00,0.000000e+00,0.000000e+00,0.000000e+00,0.000000e+00,0.000000e+00,0.000000e+00,0.000000e+00,0.000000e+00,0.000000e+00,0.000000e+00,0.000000e+00,0.000000e+00,0.000000e+00
1.000000e+00,0.000000e+00,0.000000e+00,0.000000e+00,0.000000e+00,0.000000e+00,0.000000e+00,0.000000e+00,0.000000e+00,0.000000e+00,0.000000e+00,0.000000e+00,0.000000e+00,0.000000e+00,0.000000e+00
1.000000e+00,0.000000e+00,0.000000e+00,0.000000e+00,0.000000e+00,0.000000e+00,0.000000e+00,0.000000e+00,0.000000e+00,0.000000e+00,0.000000e+00,0.000000e+00,0.000000e+00,0.000000e+00,0.000000e+00
1.000000e+00,0.000000e+00,0.000000e+00,0.000000e+00,0.000000e+00,0.000000e+00,0.000000e+00,0.000000e+00,0.000000e+00,0.000000e+00,0.000000e+00,0.000000e+00,0.000000e+00,0.000000e+00,0.000000e+00
1.000000e+00,0.000000e+00,0.000000e+00,0.000000e+00,0.000000e+00,0.000000e+00,0.000000e+00,0.000000e+00,0.000000e+00,0.000000e+00,0.000000e+00,0.000000e+00,0.000000e+00,0.000000e+00,0.000000e+00
1.000000e+00,0.000000e+00,0.000000e+00,0.000000e+00,0.000000e+00,0.000000e+00,0.000000e+00,0.000000e+00,0.000000e+00,0.000000e+00,0.000000e+00,0.000000e+00,0.000000e+00,0.000000e+00,0.000000e+00
4.860024e-01,6.313136e-02,4.553754e-02,1.556045e-01,7.559359e-03,2.381555e-02,4.076027e-03,2.328701e-02,1.546578e-02,5.549608e-03,1.815659e-02,1.675649e-02,6.017261e-03,7.205996e-03,1.218345e-01
4.072987e-01,7.813141e-02,4.908598e-02,1.844245e-01,8.510005e-03,2.283923e-02,3.731299e-03,2.068216e-02,2.494645e-02,6.747566e-03,2.269563e-02,1.762249e-02,7.229049e-03,7.581145e-03,1.384744e-01
3.571712e-01,8.266941e-02,4.610167e-02,1.771345e-01,1.208781e-02,2.366039e-02,4.265590e-03,1.875939e-02,3.389945e-02,9.322449e-03,3.031021e-02,1.973347e-02,9.145565e-03,1.252730e-02,1.632116e-01
3.121847e-01,7.772852e-02,5.138640e-02,1.772218e-01,1.441953e-02,2.807098e-02,4.464055e-03,2.002142e-02,3.935009e-02,1.023258e-02,4.140913e-02,2.499284e-02,1.187964e-02,1.888457e-02,1.677538e-01
2.936261e-01,7.897684e-02,5.270693e-02,1.821570e-01,1.545310e-02,2.741454e-02,4.822820e-03,1.943943e-02,4.245162e-02,1.042542e-02,4.426433e-02,2.783328e-02,1.297806e-02,2.151277e-02,1.659378e-01
3.454652e-01,7.739808e-02,4.251891e-02,1.627902e-01,1.629872e-02,2.652027e-02,5.469538e-03,1.812461e-02,3.980586e-02,9.454997e-03,4.170054e-02,2.715810e-02,1.467125e-02,2.455919e-02,1.480645e-01
3.244747e-01,8.095411e-02,3.715222e-02,1.618711e-01,1.744051e-02,2.710761e-02,6.177096e-03,1.759018e-02,4.155687e-02,1.044264e-02,4.393708e-02,3.110035e-02,1.793223e-02,3.252951e-02,1.497338e-01
2.715694e-01,8.260606e-02,4.753456e-02,1.827003e-01,1.767146e-02,3.107378e-02,6.775578e-03,2.373488e-02,4.581428e-02,8.978510e-03,4.949339e-02,3.427708e-02,1.839595e-02,3.425719e-02,1.451176e-01
2.514142e-01,8.313584e-02,5.578519e-02,1.921661e-01,1.929147e-02,2.882344e-02,7.290304e-03,2.933730e-02,4.896723e-02,7.839904e-03,5.030473e-02,3.715914e-02,1.916358e-02,3.628911e-02,1.330324e-01
2.842341e-01,8.564669e-02,4.748935e-02,1.850315e-01,2.076489e-02,2.693833e-02,7.399919e-03,2.684362e-02,4.849849e-02,7.338622e-03,5.007073e-02,3.793862e-02,2.097181e-02,3.370602e-02,1.171273e-01
3.403814e-01,7.123380e-02,3.868683e-02,1.622055e-01,1.858456e-02,2.686314e-02,7.082644e-03,2.604219e-02,4.444178e-02,6.455338e-03,7.333572e-02,4.061062e-02,2.125173e-02,2.995396e-02,9.287083e-02
3.534221e-01,6.322242e-02,3.243589e-02,1.471993e-01,1.638548e-02,2.844053e-02,6.598502e-03,2.431327e-02,4.330388e-02,6.304192e-03,1.027384e-01,4.369648e-02,2.208615e-02,2.999299e-02,7.986041e-02
2.685227e-01,4.822607e-02,2.422299e-02,1.125618e-01,1.238589e-02,2.517109e-02,4.747636e-03,1.783606e-02,3.946150e-02,6.470128e-03,1.393891e-01,7.187402e-02,2.076309e-02,1.159548e-01,9.241312e-02
3.354974e-01,3.835735e-02,1.978803e-02,1.065084e-01,1.094343e-02,2.451999e-02,4.595318e-03,1.724691e-02,3.653419e-02,6.195786e-03,1.153660e-01,7.393035e-02,2.128830e-02,9.734972e-02,9.187888e-02
4.102180e-01,3.407573e-02,1.620303e-02,9.856972e-02,1.047529e-02,2.519139e-02,4.544168e-03,1.599412e-02,3.538211e-02,5.861781e-03,9.086329e-02,6.284083e-02,2.245372e-02,7.520289e-02,9.212397e-02
3.973195e-01,3.963324e-02,2.980066e-02,1.510505e-01,1.151676e-02,2.518736e-02,5.174955e-03,1.887123e-02,3.830268e-02,5.715943e-03,7.057910e-02,5.136259e-02,2.038123e-02,5.757466e-02,7.752962e-02
4.677769e-01,3.315676e-02,3.205143e-02,1.413759e-01,1.016483e-02,2.263043e-02,4.546191e-03,1.683595e-02,3.499190e-02,6.370512e-03,5.433280e-02,4.014781e-02,1.739458e-02,4.764258e-02,7.058143e-02
1.000000e+00,0.000000e+00,0.000000e+00,0.000000e+00,0.000000e+00,0.000000e+00,0.000000e+00,0.000000e+00,0.000000e+00,0.000000e+00,0.000000e+00,0.000000e+00,0.000000e+00,0.000000e+00,0.000000e+00
1.000000e+00,0.000000e+00,0.000000e+00,0.000000e+00,0.000000e+00,0.000000e+00,0.000000e+00,0.000000e+00,0.000000e+00,0.000000e+00,0.000000e+00,0.000000e+00,0.000000e+00,0.000000e+00,0.000000e+00
1.000000e+00,0.000000e+00,0.000000e+00,0.000000e+00,0.000000e+00,0.000000e+00,0.000000e+00,0.000000e+00,0.000000e+00,0.000000e+00,0.000000e+00,0.000000e+00,0.000000e+00,0.000000e+00,0.000000e+00
1.000000e+00,0.000000e+00,0.000000e+00,0.000000e+00,0.000000e+00,0.000000e+00,0.000000e+00,0.000000e+00,0.000000e+00,0.000000e+00,0.000000e+00,0.000000e+00,0.000000e+00,0.000000e+00,0.000000e+00
1.000000e+00,0.000000e+00,0.000000e+00,0.000000e+00,0.000000e+00,0.000000e+00,0.000000e+00,0.000000e+00,0.000000e+00,0.000000e+00,0.000000e+00,0.000000e+00,0.000000e+00,0.000000e+00,0.000000e+00
1.000000e+00,0.000000e+00,0.000000e+00,0.000000e+00,0.000000e+00,0.000000e+00,0.000000e+00,0.000000e+00,0.000000e+00,0.000000e+00,0.000000e+00,0.000000e+00,0.000000e+00,0.000000e+00,0.000000e+00
3.861310e-01,3.781103e-02,8.059919e-03,4.277069e-02,3.583383e-03,1.239742e-02,2.402925e-03,5.509832e-03,2.038871e-02,4.786731e-03,1.965946e-02,2.745311e-02,1.093670e-02,1.635592e-01,2.545500e-01
2.750481e-01,2.875930e-02,5.846170e-03,3.035527e-02,2.636022e-03,9.902467e-03,1.733589e-03,3.891902e-03,2.028831e-02,3.523456e-03,1.597292e-02,1.996288e-02,7.952804e-03,1.714727e-01,4.026541e-01
1.929491e-01,2.264735e-02,4.232459e-03,2.149469e-02,1.885076e-03,7.045946e-03,1.230225e-03,2.740901e-03,1.993912e-02,2.753427e-03,7.767915e-02,1.930701e-02,5.966194e-03,1.694304e-01,4.506989e-01
1.351368e-01,1.642466e-02,3.038327e-03,1.520784e-02,1.361086e-03,5.023438e-03,8.662437e-04,1.929313e-03,2.299868e-02,2.287820e-03,1.672020e-01,1.820504e-02,4.666060e-03,1.646729e-01,4.409798e-01
9.476893e-02,1.183559e-02,2.192757e-03,1.081259e-02,1.453622e-03,3.644460e-03,6.614847e-04,1.454446e-03,1.842776e-02,2.668880e-03,2.443175e-01,1.663233e-02,3.683188e-03,2.588822e-01,3.285642e-01
6.650770e-02,8.375167e-03,1.609722e-03,7.707337e-03,2.771634e-03,2.833220e-03,5.599560e-04,1.104353e-03,1.398214e-02,4.450681e-03,3.925011e-01,1.284333e-02,3.180374e-03,2.468512e-01,2.347222e-01
4.672994e-02,5.908080e-03,1.144164e-03,5.499316e-03,3.040341e-03,2.397821e-03,4.344503e-04,8.018197e-04,1.079277e-02,4.360775e-03,4.487554e-01,1.166445e-02,2.885141e-03,2.899502e-01,1.656354e-01
3.312681e-02,4.195404e-03,8.255327e-04,4.068813e-03,5.298564e-03,2.077156e-03,4.107830e-04,6.338088e-04,9.805037e-03,7.005725e-03,4.097010e-01,9.671144e-03,3.918941e-03,3.896862e-01,1.195751e-01
2.343189e-02,2.977969e-03,5.944008e-04,2.942666e-03,5.174355e-03,1.779009e-03,3.253116e-04,4.901151e-04,7.934360e-03,6.647873e-03,3.803241e-01,8.875105e-03,3.787078e-03,4.704414e-01,8.427437e-02
1.775477e-02,2.256398e-03,5.286417e-04,2.181345e-03,1.173070e-02,3.312691e-03,9.847900e-04,8.265424e-04,6.504095e-03,7.443402e-03,3.536925e-01,8.773389e-03,3.325123e-03,5.214046e-01,5.928097e-02
1.435134e-02,1.747608e-03,5.984424e-04,1.797567e-03,1.247875e-02,3.746642e-03,1.451486e-03,1.138436e-03,5.069831e-03,7.636430e-03,3.570238e-01,8.157957e-03,2.975626e-03,5.400019e-01,4.182421e-02
1.186629e-02,1.465294e-03,6.773116e-04,1.693114e-03,1.201814e-02,3.704309e-03,1.239643e-03,1.218191e-03,3.997770e-03,6.366228e-03,3.768558e-01,8.165685e-03,2.995894e-03,5.382850e-01,2.945129e-02
1.024103e-02,1.298816e-03,7.759293e-04,1.469371e-03,1.303683e-02,3.878395e-03,1.216933e-03,1.143224e-03,3.175045e-03,5.347016e-03,4.603753e-01,8.485173e-03,2.832541e-03,4.660146e-01,2.070979e-02
8.829517e-03,1.049989e-03,6.887372e-04,1.189734e-03,1.080285e-02,3.261951e-03,9.952163e-04,8.997312e-04,2.503881e-03,4.472070e-03,5.481693e-01,9.020004e-03,2.561029e-03,3.909719e-01,1.458414e-02
1.148599e-02,1.143885e-03,1.632886e-03,1.220824e-03,1.207138e-02,4.745961e-03,1.009262e-03,1.181633e-03,2.387823e-03,4.393026e-03,5.941308e-01,1.983137e-02,2.335937e-03,3.320417e-01,1.038762e-02
8.413688e-03,8.886261e-04,1.251431e-03,9.520160e-04,9.525807e-03,3.715675e-03,7.398471e-04,8.906947e-04,2.428838e-03,3.442062e-03,6.468379e-01,3.066307e-02,1.935237e-03,2.809989e-01,7.316247e-03
6.630965e-03,9.839028e-04,1.067213e-03,9.135847e-04,9.583922e-03,4.252372e-03,5.482864e-04,7.758606e-04,2.215845e-03,2.622357e-03,6.696047e-01,3.901008e-02,1.596297e-03,2.549204e-01,5.274283e-03
5.219889e-03,4.655193e-03,1.190992e-03,7.893358e-04,1.987652e-02,5.599768e-03,6.060858e-04,8.931626e-04,2.293168e-03,2.494869e-03,6.641180e-01,4.726804e-02,1.531509e-03,2.394532e-01,4.010281e-03
3.870968e-03,3.567958e-03,9.263217e-04,6.087833e-04,1.515874e-02,4.154140e-03,5.402820e-04,6.911510e-04,1.952007e-03,2.119082e-03,7.299025e-01,4.424299e-02,1.297157e-03,1.880855e-01,2.882353e-03
2.976520e-03,1.253211e-02,1.651574e-03,6.911451e-04,1.943580e-02,4.104865e-03,6.857723e-04,5.757735e-04,2.963264e-02,5.033133e-03,6.991368e-01,6.772279e-02,1.197457e-03,1.509575e-01,3.666089e-03
2.235627e-03,9.076260e-03,1.195422e-03,5.281179e-04,1.439445e-02,3.165477e-03,5.411201e-04,4.495769e-04,2.098510e-02,4.230452e-03,7.711069e-01,5.377895e-02,1.050623e-03,1.145367e-01,2.725204e-03
1.823771e-03,6.948092e-03,9.553060e-04,4.697793e-04,1.213745e-02,2.806531e-03,4.550140e-04,4.023018e-04,1.549538e-02,4.778606e-03,7.943460e-01,5.932418e-02,1.127788e-03,9.662403e-02,2.305766e-03
1.525890e-03,7.739188e-03,1.111264e-03,7.317455e-04,4.693200e-02,2.779297e-03,1.051743e-03,4.379318e-04,1.743010e-02,6.290447e-03,7.323177e-01,8.715875e-02,1.366772e-03,9.004018e-02,3.086892e-03
1.520736e-03,1.036234e-02,3.510775e-03,9.099427e-04,6.620170e-02,2.835623e-03,1.415689e-03,5.949838e-04,2.731846e-02,1.055319e-02,6.646371e-01,1.094368e-01,1.791014e-03,9.144694e-02,7.464622e-03
1.382543e-03,9.563472e-03,3.604023e-03,9.641361e-04,5.791261e-02,4.047916e-03,1.366984e-03,2.197886e-03,3.208592e-02,1.196800e-02,6.657857e-01,1.223468e-01,2.745281e-03,7.620974e-02,7.818983e-03
1.614068e-03,1.937717e-02,7.479883e-03,1.605169e-03,9.087512e-02,4.752858e-03,2.238817e-03,7.225351e-03,5.733348e-02,2.225327e-02,5.424297e-01,1.067030e-01,3.056850e-03,9.972440e-02,3.333083e-02
3.108909e-03,1.508627e-02,9.382835e-03,1.739153e-03,9.086713e-02,7.483988e-03,6.506953e-03,1.248906e-01,5.083693e-02,2.599544e-02,4.234555e-01,1.162520e-01,5.619205e-03,8.798078e-02,3.079425e-02
4.501463e-03,1.657175e-02,1.177912e-02,6.742572e-03,7.740012e-02,1.308836e-02,4.863292e-03,1.712316e-01,6.921142e-02,2.236146e-02,3.741558e-01,1.038294e-01,1.683722e-02,6.942067e-02,3.800578e-02
1.764085e-02,1.763727e-02,1.740604e-02,1.177787e-02,1.390052e-01,1.411755e-02,4.533144e-03,1.501087e-01,1.015181e-01,1.949626e-02,3.263612e-01,7.862310e-02,1.545321e-02,5.301836e-02,3.330315e-02
2.257486e-02,1.813952e-02,3.661601e-02,5.012694e-02,1.421769e-01,1.415330e-02,3.949338e-03,1.881009e-01,9.597334e-02,1.546821e-02,2.449219e-01,7.341160e-02,2.303238e-02,4.066549e-02,3.068927e-02
3.740789e-02,2.219103e-02,4.632516e-02,5.738118e-02,1.484617e-01,1.822732e-02,4.928393e-03,1.771821e-01,1.019215e-01,1.315168e-02,2.010553e-01,7.842305e-02,3.042531e-02,3.048373e-02,3.243469e-02
6.137572e-02,3.584559e-02,4.388899e-02,5.355119e-02,1.846126e-01,1.702793e-02,5.479095e-03,1.485073e-01,1.216920e-01,1.253550e-02,1.627989e-01,6.169847e-02,2.742759e-02,2.317297e-02,4.038624e-02
5.443899e-02,3.219227e-02,3.456547e-02,5.540749e-02,1.342974e-01,1.331588e-02,4.078938e-03,1.107897e-01,3.017666e-01,1.397149e-02,1.221744e-01,4.537526e-02,2.305486e-02,1.752648e-02,3.704477e-02
6.636154e-02,3.189164e-02,3.027463e-02,4.935763e-02,1.124205e-01,1.410637e-02,3.579718e-03,8.324313e-02,3.466952e-01,3.670610e-02,1.160935e-01,3.568190e-02,2.019567e-02,1.769676e-02,3.569564e-02
5.756447e-02,2.864959e-02,2.610426e-02,4.219037e-02,8.385527e-02,1.109728e-02,2.861375e-03,6.552834e-02,4.538439e-01,4.398382e-02,9.694982e-02,2.703141e-02,1.698732e-02,1.620525e-02,2.714757e-02
5.865020e-02,2.441090e-02,3.030148e-02,3.244959e-02,6.668735e-02,1.068557e-02,2.459399e-03,5.528742e-02,4.806162e-01,3.454922e-02,1.280964e-01,2.342440e-02,1.504792e-02,1.650479e-02,2.082927e-02
6.954425e-02,2.193845e-02,2.967841e-02,2.714719e-02,5.395829e-02,1.079319e-02,2.348179e-03,4.644771e-02,4.529723e-01,2.979133e-02,1.731299e-01,2.943191e-02,1.472590e-02,2.088076e-02,1.721222e-02
1.143748e-01,2.141089e-02,2.370839e-02,2.981439e-02,4.978595e-02,1.221700e-02,2.843976e-03,4.170810e-02,3.660499e-01,2.605821e-02,2.277718e-01,2.819062e-02,1.564730e-02,2.124442e-02,1.917435e-02
1.286775e-01,2.124351e-02,1.730223e-02,3.127427e-02,3.835828e-02,1.340404e-02,2.549068e-03,3.128066e-02,3.057726e-01,2.152110e-02,2.997589e-01,2.836631e-02,1.697267e-02,2.136959e-02,2.214918e-02
1.663562e-01,1.856296e-02,1.288905e-02,2.980445e-02,3.026880e-02,2.000402e-02,1.993066e-03,2.290726e-02,2.367162e-01,1.957745e-02,3.359182e-01,2.603313e-02,2.336882e-02,2.056028e-02,3.504004e-02
1.534113e-01,1.527849e-02,9.476486e-03,2.732139e-02,2.817556e-02,2.267091e-02,1.659652e-03,1.667215e-02,1.742005e-01,1.723300e-02,3.539482e-01,5.946644e-02,3.799155e-02,1.851019e-02,6.398419e-02
1.513934e-01,1.251851e-02,7.395476e-03,2.793072e-02,2.126733e-02,3.374433e-02,1.417279e-03,1.215700e-02,1.269124e-01,1.475187e-02,2.851636e-01,1.935544e-01,4.640585e-02,1.577690e-02,4.961099e-02
1.186597e-01,9.335670e-03,6.266566e-03,2.374460e-02,1.572679e-02,3.637996e-02,1.112015e-03,8.624652e-03,9.105575e-02,1.927882e-02,2.705409e-01,3.057104e-01,4.094028e-02,1.326584e-02,3.935803e-02
8.455411e-02,7.455525e-03,5.028645e-03,1.903066e-02,1.354209e-02,2.839173e-02,8.767426e-04,6.097486e-03,7.764941e-02,2.035195e-02,2.572230e-01,3.790914e-01,4.444846e-02,1.635063e-02,3.990815e-02
5.961631e-02,5.322262e-03,3.789423e-03,1.397055e-02,1.357057e-02,2.010590e-02,6.777159e-04,4.420405e-03,5.642536e-02,1.587246e-02,2.531198e-01,4.781868e-01,3.385673e-02,1.272022e-02,2.834552e-02
4.316755e-02,3.923144e-03,3.242506e-03,1.172642e-02,2.476345e-02,1.451002e-02,1.383477e-03,4.241936e-03,4.797053e-02,1.199420e-02,2.512312e-01,5.257911e-01,2.594359e-02,9.812174e-03,2.029871e-02
3.596592e-02,4.345805e-03,4.110098e-03,1.157038e-02,3.018540e-02,1.178373e-02,1.281664e-03,6.511215e-03,5.796427e-02,8.951893e-03,2.371622e-01,5.456907e-01,2.115014e-02,7.755916e-03,1.557060e-02
3.089750e-02,1.383743e-02,5.273367e-03,1.046790e-02,2.576327e-02,1.493306e-02,1.148524e-03,6.782318e-03,9.590605e-02,9.271560e-03,2.690954e-01,4.727207e-01,2.058726e-02,8.696963e-03,1.461871e-02
2.759021e-02,1.318144e-02,5.350055e-03,9.510627e-03,2.138027e-02,1.470189e-02,9.979863e-04,8.832917e-03,1.251569e-01,1.082235e-02,2.930748e-01,4.226631e-01,2.538887e-02,1.027705e-02,1.107151e-02
4.780465e-02,1.147287e-02,1.390938e-02,8.783289e-03,2.371736e-02,1.403858e-02,1.990076e-03,3.102579e-02,1.230170e-01,1.941803e-02,2.723793e-01,3.766166e-01,2.995149e-02,1.717510e-02,8.700479e-03
6.035483e-02,1.220558e-02,1.252658e-02,8.884914e-03,2.165391e-02,1.159298e-02,1.814181e-03,2.839071e-02,1.692298e-01,1.800798e-02,2.066702e-01,3.982807e-01,2.660980e-02,1.601938e-02,7.758466e-03
5.528833e-02,1.385703e-02,1.065114e-02,8.839296e-03,1.944919e-02,1.019027e-02,1.518317e-03,2.714309e-02,2.147070e-01,1.616896e-02,1.610696e-01,4.147788e-01,2.634250e-02,1.341864e-02,6.577902e-03
1.030664e-01,2.718725e-02,1.062159e-02,1.235452e-02,2.077314e-02,1.445869e-02,2.389967e-03,4.044973e-02,2.262314e-01,1.915004e-02,1.313934e-01,3.468319e-01,2.442409e-02,1.300507e-02,7.662835e-03
1.660757e-01,3.199568e-02,9.775725e-03,1.596447e-02,2.127776e-02,1.964931e-02,2.678139e-03,4.034752e-02,2.171161e-01,2.171791e-02,1.056676e-01,3.055819e-01,2.131061e-02,1.138422e-02,9.457289e-03
1.518263e-01,2.678959e-02,8.499905e-03,1.474973e-02,5.674804e-02,1.780805e-02,4.669756e-03,3.341732e-02,2.998700e-01,1.936076e-02,9.270849e-02,2.353389e-01,2.148545e-02,9.187568e-03,7.540157e-03
1.749287e-01,2.180800e-02,1.005709e-02,4.055843e-02,6.288635e-02,1.564561e-02,3.982760e-03,3.438395e-02,3.381340e-01,1.693791e-02,7.217357e-02,1.759688e-01,1.884069e-02,7.307143e-03,6.386982e-03
1.594560e-01,2.139711e-02,9.111024e-03,3.864547e-02,8.667254e-02,1.680569e-02,3.394279e-03,2.710325e-02,4.011762e-01,1.578994e-02,5.580559e-02,1.354022e-01,1.510712e-02,7.254498e-03,6.879105e-03
1.504719e-01,2.657199e-02,6.851869e-03,3.197462e-02,9.574253e-02,1.372433e-02,2.851222e-03,2.194049e-02,4.614624e-01,1.934880e-02,4.484789e-02,9.838944e-02,1.214316e-02,6.967954e-03,6.711381e-03
1.448352e-01,2.523663e-02,5.286315e-03,3.891987e-02,1.361314e-01,1.180196e-02,2.337254e-03,1.702303e-02,4.602917e-01,2.191475e-02,3.653120e-02,7.204586e-02,1.025587e-02,6.617782e-03,1.077116e-02
1.284260e-01,2.557932e-02,4.223145e-03,5.560957e-02,1.191640e-01,1.016450e-02,1.991496e-03,1.677717e-02,5.096716e-01,2.076769e-02,3.009348e-02,5.226258e-02,9.197440e-03,6.311977e-03,9.759974e-03
1.012034e-01,2.232849e-02,4.267904e-03,7.132658e-02,1.193772e-01,8.326239e-03,1.798986e-03,2.485352e-02,5.477870e-01,1.763608e-02,2.285863e-02,3.750405e-02,7.703605e-03,5.084834e-03,7.943552e-03
8.917166e-02,1.971740e-02,3.857276e-03,6.923650e-02,2.098486e-01,1.064400e-02,2.251145e-03,2.470271e-02,4.961184e-01,1.415845e-02,1.659797e-02,2.661772e-02,5.853688e-03,3.676428e-03,7.548060e-03
1.006989e-01,2.250229e-02,4.052735e-03,6.169856e-02,2.426544e-01,1.844708e-02,2.683589e-03,1.942621e-02,4.539306e-01,1.681694e-02,1.302593e-02,1.937711e-02,5.050973e-03,2.732266e-03,1.690251e-02
9.506667e-02,2.310453e-02,4.316134e-03,8.903456e-02,2.988792e-01,2.192385e-02,4.914452e-03,1.713185e-02,3.835711e-01,1.375125e-02,1.044130e-02,1.421485e-02,4.332214e-03,2.040739e-03,1.727734e-02
1.182498e-01,3.182785e-02,5.179342e-03,1.123445e-01,2.679799e-01,2.087837e-02,5.037919e-03,1.766437e-02,3.412284e-01,1.217109e-02,8.825087e-03,1.152591e-02,4.534323e-03,1.832653e-03,4.072040e-02
1.131421e-01,2.820338e-02,4.111906e-03,1.016165e-01,2.603026e-01,2.029344e-02,4.905079e-03,1.881916e-02,3.882491e-01,8.918728e-03,6.868105e-03,8.965847e-03,3.864799e-03,1.444859e-03,3.029433e-02
1.397135e-01,3.555237e-02,4.506750e-03,1.991693e-01,2.269917e-01,1.717656e-02,4.835973e-03,2.318842e-02,2.952628e-01,7.528950e-03,5.969613e-03,9.375122e-03,3.805881e-03,1.234201e-03,2.568885e-02
2.311910e-01,3.650268e-02,7.373435e-03,1.562380e-01,1.869174e-01,2.768934e-02,4.511167e-03,2.032728e-02,2.799054e-01,7.012212e-03,5.486891e-03,8.967873e-03,4.200972e-03,1.542574e-03,2.213384e-02
2.602106e-01,4.131930e-02,1.016745e-02,1.206953e-01,1.513693e-01,6.631187e-02,4.135762e-03,1.730100e-02,2.836737e-01,6.119352e-03,5.206841e-03,8.176763e-03,5.329702e-03,1.647450e-03,1.833561e-02
3.103421e-01,5.041235e-02,1.180282e-02,1.516196e-01,1.229672e-01,5.119079e-02,4.371879e-03,1.721634e-02,2.202708e-01,5.034699e-03,7.303244e-03,1.698290e-02,9.475828e-03,2.420901e-03,1.858843e-02
3.511267e-01,5.117453e-02,1.391528e-02,1.172162e-01,1.129305e-01,4.028760e-02,6.708429e-03,2.077466e-02,2.297166e-01,4.941536e-03,6.639391e-03,1.432554e-02,1.032808e-02,2.459131e-03,1.745589e-02
3.980510e-01,4.569837e-02,1.641414e-02,9.460174e-02,1.025338e-01,3.753229e-02,7.014842e-03,3.202373e-02,2.129461e-01,4.373767e-03,6.674628e-03,1.267673e-02,1.188160e-02,2.372060e-03,1.520525e-02
4.517121e-01,3.601236e-02,1.811274e-02,7.619350e-02,1.154581e-01,3.109589e-02,6.772062e-03,4.584126e-02,1.734899e-01,3.870576e-03,6.095682e-03,1.120715e-02,9.610010e-03,2.090852e-03,1.243774e-02
4.997522e-01,2.766620e-02,4.402465e-02,6.927104e-02,9.486637e-02,2.857779e-02,6.976317e-03,4.338644e-02,1.367408e-01,3.447967e-03,8.356050e-03,1.484570e-02,8.518692e-03,2.262704e-03,1.130713e-02
1.000000e+00,0.000000e+00,0.000000e+00,0.000000e+00,0.000000e+00,0.000000e+00,0.000000e+00,0.000000e+00,0.000000e+00,0.000000e+00,0.000000e+00,0.000000e+00,0.000000e+00,0.000000e+00,0.000000e+00
4.226382e-01,2.551442e-02,7.778767e-02,5.727050e-02,5.143553e-02,4.522832e-02,6.493240e-03,3.569974e-02,8.804026e-02,5.707357e-03,4.010934e-02,1.417271e-02,2.890275e-02,1.839229e-02,8.260767e-02
3.409080e-01,2.654684e-02,5.964606e-02,5.110516e-02,3.677416e-02,4.054534e-02,5.074590e-03,2.740682e-02,1.342826e-01,8.950030e-03,6.405851e-02,1.351643e-02,7.498480e-02,2.943921e-02,8.676139e-02
2.476542e-01,2.104437e-02,4.249644e-02,3.893084e-02,2.625927e-02,2.974758e-02,3.784999e-03,2.002599e-02,2.473873e-01,9.161579e-03,5.856534e-02,1.125501e-02,8.206153e-02,3.405839e-02,1.275672e-01
1.899725e-01,1.603093e-02,3.022349e-02,2.828361e-02,1.952985e-02,2.302920e-02,3.742883e-03,1.555348e-02,3.225758e-01,7.758629e-03,6.300139e-02,1.404815e-02,9.676000e-02,4.815034e-02,1.213397e-01
1.363828e-01,1.150275e-02,2.124875e-02,2.027418e-02,1.397816e-02,1.763342e-02,2.885295e-03,1.125737e-02,4.470462e-01,6.302750e-03,5.024950e-02,1.055900e-02,7.233223e-02,6.628875e-02,1.120589e-01
9.696243e-02,8.584997e-03,1.500544e-02,1.503720e-02,1.037084e-02,1.276582e-02,2.227417e-03,7.956562e-03,4.717047e-01,5.324843e-03,4.767877e-02,9.328715e-03,6.034144e-02,1.186768e-01,1.180340e-01
6.858563e-02,7.114615e-03,1.069213e-02,1.120964e-02,7.625970e-03,9.544231e-03,1.649456e-03,5.691746e-03,5.251660e-01,5.729802e-03,6.045537e-02,1.405085e-02,4.840560e-02,1.127603e-01,1.113187e-01
4.858941e-02,5.593294e-03,7.521371e-03,8.025772e-03,5.558787e-03,6.968180e-03,1.225314e-03,4.019279e-03,4.443528e-01,5.512998e-03,5.623116e-02,1.355507e-02,3.758980e-02,2.561858e-01,9.907104e-02
3.994424e-02,5.266861e-03,5.373497e-03,5.941233e-03,4.627564e-03,6.242732e-03,1.213427e-03,3.127172e-03,4.082413e-01,5.611821e-03,7.138652e-02,1.250884e-02,3.007342e-02,3.113911e-01,8.905030e-02
3.151998e-02,5.601341e-03,3.912085e-03,4.622346e-03,3.640574e-03,5.484289e-03,1.147329e-03,2.488050e-03,3.378273e-01,6.797251e-03,9.679316e-02,1.302171e-02,2.463421e-02,3.893557e-01,7.315469e-02
2.414807e-02,4.957967e-03,2.920083e-03,3.488401e-03,3.117987e-03,4.838908e-03,9.543319e-04,1.856495e-03,3.045105e-01,6.104968e-03,1.066425e-01,1.175622e-02,1.901051e-02,4.427438e-01,6.294916e-02
1.960158e-02,6.253039e-03,2.464717e-03,2.613382e-03,3.640731e-03,5.248209e-03,8.985750e-04,1.921673e-03,2.471339e-01,5.800070e-03,1.653081e-01,1.097845e-02,1.618848e-02,4.596933e-01,5.225576e-02
1.529916e-02,8.891225e-03,2.542593e-03,2.107487e-03,3.234664e-03,4.815419e-03,6.650054e-04,1.402556e-03,2.334702e-01,6.226274e-03,1.497375e-01,8.984149e-03,1.199104e-02,5.109773e-01,3.965534e-02
1.336562e-02,7.161182e-03,2.076483e-03,1.826598e-03,2.681275e-03,4.799711e-03,4.950210e-04,1.037357e-03,2.952244e-01,6.794639e-03,1.183867e-01,7.678068e-03,8.827475e-03,4.990069e-01,3.063859e-02
1.010633e-02,8.514394e-03,2.256579e-03,2.026815e-03,2.371843e-03,5.776005e-03,3.680879e-04,7.658210e-04,3.911729e-01,6.177083e-03,8.671030e-02,5.471005e-03,6.310154e-03,4.448501e-01,2.712255e-02
8.151430e-03,6.413832e-03,1.820189e-03,2.082313e-03,1.877683e-03,4.511984e-03,2.803028e-04,5.663141e-04,4.708209e-01,5.107550e-03,6.161891e-02,3.914827e-03,4.513748e-03,4.073159e-01,2.100407e-02
8.954551e-03,6.184322e-03,8.084249e-03,6.052114e-03,2.408627e-03,4.880139e-03,2.617618e-04,7.968945e-04,5.210519e-01,5.246189e-03,4.537792e-02,2.868632e-03,3.358876e-03,3.642480e-01,2.022571e-02
1.639740e-02,5.838023e-03,7.528069e-03,4.973334e-03,2.691965e-03,8.287836e-03,3.508385e-04,1.155903e-03,5.464622e-01,4.133303e-03,3.354887e-02,2.168079e-03,2.649016e-03,3.456399e-01,1.817517e-02
1.689688e-02,5.300984e-03,5.914209e-03,3.704799e-03,3.190347e-03,7.225989e-03,2.776732e-04,9.674636e-04,5.644839e-01,3.278169e-03,2.592905e-02,1.781699e-03,2.500693e-03,3.394479e-01,1.910014e-02
3.788277e-02,4.776211e-03,6.598386e-03,8.783352e-03,5.878690e-03,7.886318e-03,4.602199e-04,2.199220e-03,5.669438e-01,3.079008e-03,2.725427e-02,2.491911e-03,4.256360e-03,2.972161e-01,2.429337e-02
4.252700e-02,3.945781e-03,5.166291e-03,7.258897e-03,4.825358e-03,1.485488e-02,3.526645e-04,1.759488e-03,5.310111e-01,2.601881e-03,2.631483e-02,3.786695e-03,5.497889e-03,3.231157e-01,2.698145e-02
5.698946e-02,4.441050e-03,7.211324e-03,1.573932e-02,6.214398e-03,2.457280e-02,5.481793e-04,2.845221e-03,5.042938e-01,2.617305e-03,2.257196e-02,4.369655e-03,5.575418e-03,3.091796e-01,3.283053e-02
4.235677e-02,4.026165e-03,5.892977e-03,1.177591e-02,6.116279e-03,1.879399e-02,4.120450e-04,2.091630e-03,5.409189e-01,4.157076e-03,2.008842e-02,3.369414e-03,4.802143e-03,2.969922e-01,3.820601e-02
3.379897e-02,3.189299e-03,4.563305e-03,9.033959e-03,5.843787e-03,1.451905e-02,3.222364e-04,1.688816e-03,6.067451e-01,3.667975e-03,2.020644e-02,2.641147e-03,4.297254e-03,2.565605e-01,3.292214e-02
3.192472e-02,2.975508e-03,3.654378e-03,7.475534e-03,4.450098e-03,1.062719e-02,2.538969e-04,1.263945e-03,6.508527e-01,3.541497e-03,5.708307e-02,2.656362e-03,6.548920e-03,1.867048e-01,2.998732e-02
2.504035e-02,2.629616e-03,2.970469e-03,7.227956e-03,3.491317e-03,7.699905e-03,1.997975e-04,9.875349e-04,6.030648e-01,3.962058e-03,1.661002e-01,6.545370e-03,1.101334e-02,1.357473e-01,2.332003e-02
2.208792e-02,2.391276e-03,2.596322e-03,6.640989e-03,3.085925e-03,5.960183e-03,2.429901e-04,8.586796e-04,5.535533e-01,5.406722e-03,2.139508e-01,3.644792e-02,1.756726e-02,1.092911e-01,1.991861e-02
1.578468e-02,1.747021e-03,1.874222e-03,5.370060e-03,2.447399e-03,4.269949e-03,2.008369e-04,6.594335e-04,4.011044e-01,5.303491e-03,3.040822e-01,1.288687e-01,2.900914e-02,8.440334e-02,1.487516e-02
1.143081e-02,1.519879e-03,1.511887e-03,4.265052e-03,4.222019e-03,3.088116e-03,2.146399e-04,6.085743e-04,3.008967e-01,8.964924e-03,3.282708e-01,1.753818e-01,6.918631e-02,6.806934e-02,2.236919e-02
8.529160e-03,1.418445e-03,1.321092e-03,4.275030e-03,2.988886e-02,3.128854e-03,4.509036e-04,7.015741e-04,2.240821e-01,1.024370e-02,3.464081e-01,1.739343e-01,1.083076e-01,5.688300e-02,3.042736e-02
6.528663e-03,1.060929e-03,1.059456e-03,4.452243e-03,2.789699e-02,6.501537e-03,4.993776e-04,1.012272e-03,1.592149e-01,8.631332e-03,2.992103e-01,2.309294e-01,1.411520e-01,4.567901e-02,6.617159e-02
5.198131e-03,1.190972e-03,1.304825e-03,3.702398e-03,2.876972e-02,9.751524e-03,5.862848e-04,1.109582e-03,1.130727e-01,7.954237e-03,2.520131e-01,2.616465e-01,1.929457e-01,3.379845e-02,8.695589e-02
4.411240e-03,1.432545e-03,1.446292e-03,3.092782e-03,2.570363e-02,1.743045e-02,8.484902e-04,1.388498e-03,8.548604e-02,7.505026e-03,1.983112e-01,2.935374e-01,2.627552e-01,2.699092e-02,6.966018e-02
3.850723e-03,1.262123e-03,1.971203e-03,2.628379e-03,2.355587e-02,1.712578e-02,1.197816e-03,2.223318e-03,6.554959e-02,9.117772e-03,1.662150e-01,3.155066e-01,3.015517e-01,2.628333e-02,6.196079e-02
3.201407e-03,1.160744e-03,1.945473e-03,2.375151e-03,2.410302e-02,1.384615e-02,1.116551e-03,2.374991e-03,5.024219e-02,1.518323e-02,1.345272e-01,2.720182e-01,3.753142e-01,5.688366e-02,4.570780e-02
2.655186e-03,8.417276e-04,1.745002e-03,1.810219e-03,4.180576e-02,9.908658e-03,1.335873e-03,3.670569e-03,3.661962e-02,1.600815e-02,1.034868e-01,3.445740e-01,3.577951e-01,4.122792e-02,3.651538e-02
2.293156e-03,6.081163e-04,1.464387e-03,1.325653e-03,3.855446e-02,7.194332e-03,1.251708e-03,3.929590e-03,2.620165e-02,1.405551e-02,7.565974e-02,5.025977e-01,2.692113e-01,2.934467e-02,2.630807e-02
2.000156e-03,4.655013e-04,1.812670e-03,9.428131e-04,3.337722e-02,8.822572e-03,1.552738e-03,3.679425e-03,1.856306e-02,1.084332e-02,5.615210e-02,6.300781e-01,1.924309e-01,2.076106e-02,1.851832e-02
1.752832e-03,3.426314e-04,1.739275e-03,6.844880e-04,3.219942e-02,7.906082e-03,2.076400e-03,5.810531e-03,1.342697e-02,8.168750e-03,4.185436e-02,7.184149e-01,1.378633e-01,1.473310e-02,1.302693e-02
3.394835e-03,2.777534e-04,2.712455e-03,5.289206e-04,5.259401e-02,6.561534e-03,1.308349e-02,4.387410e-02,1.058232e-02,6.216585e-03,3.384582e-02,6.958541e-01,1.106073e-01,1.055001e-02,9.316750e-03
3.479859e-03,2.136524e-04,2.354049e-03,4.005492e-04,5.060571e-02,5.091663e-03,1.083466e-02,4.425609e-02,8.600336e-03,4.553724e-03,2.687838e-02,7.357538e-01,9.294474e-02,7.466388e-03,6.566393e-03
4.299283e-03,2.024669e-04,2.011402e-03,3.434747e-04,5.984540e-02,3.883779e-03,1.005779e-02,4.660583e-02,1.043002e-02,3.581089e-03,3.152691e-02,7.107108e-01,1.063930e-01,5.463066e-03,4.645678e-03
8.123329e-03,1.749820e-03,9.441454e-03,7.864191e-04,6.567384e-02,3.183952e-03,8.131763e-03,5.679791e-02,1.973590e-02,4.454834e-03,4.740530e-02,6.357667e-01,1.309347e-01,4.329018e-03,3.485102e-03
8.501076e-03,2.171381e-02,2.578516e-02,1.083752e-03,5.473818e-02,2.530088e-03,5.899827e-03,4.971625e-02,7.857731e-02,5.122117e-03,5.532485e-02,5.583470e-01,1.266251e-01,3.398645e-03,2.636843e-03
6.701631e-03,1.794758e-02,1.926026e-02,1.163706e-03,4.076773e-02,2.063369e-03,4.217370e-03,3.881761e-02,9.277670e-02,6.835952e-03,5.000329e-02,6.042513e-01,1.046755e-01,6.934133e-03,3.583877e-03
5.401171e-03,1.439250e-02,1.371030e-02,1.064662e-03,2.988429e-02,1.840349e-03,2.979683e-03,2.773774e-02,2.491523e-01,6.815773e-03,4.806538e-02,4.961913e-01,8.122289e-02,1.621456e-02,5.327066e-03
4.356027e-03,1.302178e-02,1.011551e-02,1.088339e-03,2.225632e-02,2.389023e-03,2.110024e-03,2.371696e-02,4.161243e-01,5.608957e-03,4.266297e-02,3.750920e-01,5.955163e-02,1.552569e-02,6.380408e-03
3.181962e-03,1.503227e-02,7.700677e-03,8.394871e-04,1.666571e-02,3.245092e-03,1.492906e-03,1.670670e-02,5.700478e-01,4.296004e-03,3.269003e-02,2.632078e-01,4.188084e-02,1.657528e-02,6.437454e-03
2.511766e-03,1.266973e-02,5.915703e-03,6.186568e-04,1.321279e-02,4.576425e-03,1.071521e-03,1.175135e-02,6.786432e-01,3.172893e-03,2.421188e-02,1.845220e-01,2.956500e-02,1.938320e-02,8.173941e-03
2.035193e-03,9.300852e-03,4.276622e-03,4.553390e-04,9.859387e-03,4.557018e-03,7.568618e-04,8.238175e-03,7.564725e-01,2.424262e-03,1.740289e-02,1.292906e-01,2.082309e-02,1.604412e-02,1.806307e-02
3.689792e-03,6.810759e-03,3.237322e-03,3.677809e-04,8.715576e-03,4.013575e-03,5.465925e-04,5.893359e-03,8.118553e-01,1.992423e-03,1.265141e-02,9.053913e-02,1.462863e-02,1.781541e-02,1.724294e-02
5.319174e-03,5.479164e-03,3.560964e-03,4.478024e-04,8.552529e-03,3.365716e-03,4.007435e-04,4.525089e-03,8.490772e-01,1.805370e-03,9.126363e-03,6.340522e-02,1.030530e-02,1.692255e-02,1.770682e-02
7.767409e-03,4.050152e-03,3.054553e-03,3.870724e-04,7.472868e-03,2.550271e-03,2.959325e-04,3.454685e-03,8.551148e-01,1.960391e-03,6.979768e-03,4.441141e-02,7.269909e-03,2.701142e-02,2.821934e-02
1.086994e-02,3.056958e-03,2.427591e-03,3.228257e-04,5.893864e-03,2.025676e-03,2.174297e-04,2.511956e-03,8.573276e-01,1.798822e-03,5.405616e-03,3.115534e-02,5.199747e-03,3.011169e-02,4.167493e-02
1.291759e-02,2.452161e-03,1.826949e-03,3.643513e-04,5.240190e-03,1.921336e-03,1.656972e-04,1.969723e-03,8.216956e-01,3.757347e-03,7.192753e-03,2.215333e-02,5.217526e-03,2.794626e-02,8.517927e-02
1.049347e-02,1.920921e-03,1.366934e-03,3.745357e-04,3.996704e-03,1.702851e-03,1.219412e-04,1.487773e-03,8.290820e-01,4.688427e-03,1.659232e-02,1.635758e-02,5.219453e-03,2.739624e-02,7.919888e-02
7.439693e-03,1.501707e-03,1.086694e-03,2.721972e-04,2.821175e-03,1.213122e-03,8.647514e-05,1.055167e-03,8.711762e-01,3.630579e-03,1.438420e-02,1.148066e-02,3.693255e-03,2.319700e-02,5.696183e-02
5.409628e-03,1.136840e-03,8.823216e-04,2.463462e-04,1.993908e-03,8.647691e-04,6.523397e-05,7.520464e-04,8.289945e-01,6.029125e-03,7.462253e-02,1.408917e-02,3.756768e-03,2.027181e-02,4.088499e-02
4.063183e-03,8.349102e-04,6.643542e-04,1.971384e-04,1.428650e-03,6.232846e-04,5.101968e-05,5.375769e-04,6.766514e-01,5.029999e-03,2.216112e-01,3.943621e-02,3.985014e-03,1.565814e-02,2.922794e-02
2.945614e-03,5.996463e-04,4.812645e-04,1.475267e-04,1.086776e-03,4.561150e-04,6.337999e-05,3.829745e-04,4.852709e-01,3.608698e-03,2.327556e-01,2.367822e-01,3.665003e-03,1.122986e-02,2.052454e-02
2.083374e-03,4.302743e-04,3.541004e-04,1.066532e-04,9.781407e-04,3.363453e-04,5.448057e-05,2.698957e-04,3.406418e-01,2.536532e-03,1.702212e-01,4.567966e-01,2.786889e-03,8.023010e-03,1.438074e-02
1.469597e-03,3.085721e-04,2.544849e-04,7.812656e-05,9.742082e-04,2.599764e-04,4.281910e-05,1.903166e-04,2.387599e-01,1.784893e-03,1.250808e-01,6.128312e-01,2.144695e-03,5.745600e-03,1.007480e-02
1.041565e-03,2.270912e-04,1.854137e-04,5.638591e-05,1.238737e-03,2.482405e-04,3.483874e-05,1.397858e-04,1.671912e-01,1.258443e-03,9.287272e-02,7.226953e-01,1.611866e-03,4.142551e-03,7.055842e-03
7.416800e-04,1.649211e-04,1.348766e-04,4.224173e-05,1.150253e-03,2.009605e-04,2.727367e-05,1.054975e-04,1.170582e-01,8.898362e-04,6.753530e-02,8.027810e-01,1.194963e-03,3.031816e-03,4.941093e-03
5.354343e-04,1.238496e-04,1.105713e-04,3.350800e-05,8.519330e-04,1.994621e-04,2.690240e-05,9.495232e-05,8.197211e-02,6.317021e-04,4.820105e-02,8.606377e-01,8.589026e-04,2.261872e-03,3.460082e-03
6.460298e-04,1.298265e-04,1.242397e-04,4.869963e-05,6.365294e-04,3.776103e-04,3.772740e-05,1.034327e-04,5.745021e-02,4.592825e-04,3.820924e-02,8.969450e-01,6.202376e-04,1.777993e-03,2.434007e-03
7.340603e-04,1.590334e-04,1.597064e-04,6.476984e-05,5.498519e-04,4.898094e-04,9.024241e-05,1.581854e-04,4.031567e-02,3.386344e-04,2.875667e-02,9.245595e-01,4.502479e-04,1.457178e-03,1.716491e-03
7.770548e-04,1.067448e-03,5.080248e-04,1.580898e-04,4.750307e-03,8.407447e-04,1.876989e-04,8.737211e-04,3.013104e-02,3.272128e-04,2.274187e-02,9.347811e-01,3.431063e-04,1.181638e-03,1.330990e-03
1.089827e-03,1.184102e-03,5.699985e-04,1.669693e-04,7.645749e-03,1.524028e-03,2.810084e-04,1.362163e-03,2.335968e-02,3.546680e-04,1.719134e-02,9.429484e-01,2.785934e-04,1.053430e-03,9.901089e-04
1.043164e-03,1.283362e-03,7.923297e-04,1.739772e-04,1.473599e-02,1.595150e-03,4.937112e-04,3.102933e-03,1.743752e-02,3.275808e-04,1.375001e-02,9.434551e-01,2.390474e-04,8.573013e-04,7.128377e-04
1.280192e-03,1.100463e-03,9.245585e-04,1.838504e-04,3.082476e-02,2.459919e-03,9.167355e-04,4.758849e-03,1.887351e-02,3.837186e-04,1.203514e-02,9.245543e-01,3.224091e-04,8.681180e-04,5.134431e-04
3.922847e-03,1.956131e-03,1.279977e-03,3.796644e-04,3.090781e-02,3.086932e-03,1.491833e-03,1.328466e-02,3.331668e-02,5.730906e-04,1.103796e-02,8.969436e-01,4.841182e-04,8.870008e-04,4.477067e-04
4.352350e-03,2.139404e-02,7.468213e-02,4.502118e-04,3.613104e-02,3.052276e-03,1.537659e-03,1.324322e-02,7.544510e-02,8.489797e-04,1.087310e-02,7.558399e-01,7.334752e-04,7.890321e-04,6.274356e-04
5.451225e-03,2.632737e-02,2.317070e-01,7.312490e-04,3.637834e-02,2.582590e-03,1.537730e-03,1.454325e-02,8.289701e-02,1.685070e-03,1.019800e-02,5.834510e-01,7.872668e-04,7.196845e-04,1.003293e-03
