1.000000e+00,0.000000e+00,0.000000e+00,0.000000e+00,0.000000e+00,0.000000e+00,0.000000e+00,0.000000e+00,0.000000e+00,0.000000e+00,0.000000e+00,0.000000e+00,0.000000e+00,0.000000e+00,0.000000e+00
1.000000e+00,0.000000e+00,0.000000e+00,0.000000e+00,0.000000e+00,0.000000e+00,0.000000e+00,0.000000e+00,0.000000e+00,0.000000e+00,0.000000e+00,0.000000e+00,0.000000e+00,0.000000e+00,0.000000e+00
1.000000e+00,0.000000e+00,0.000000e+00,0.000000e+00,0.000000e+00,0.000000e+00,0.000000e+00,0.000000e+00,0.000000e+00,0.000000e+00,0.000000e+00,0.000000e+00,0.000000e+00,0.000000e+00,0.000000e+00
1.000000e+00,0.000000e+00,0.000000e+00,0.000000e+00,0.000000e+00,0.000000e+00,0.000000e+00,0.000000e+00,0.000000e+00,0.000000e+00,0.000000e+00,0.000000e+00,0.000000e+00,0.000000e+00,0.000000e+00
1.000000e+00,0.000000e+00,0.000000e+00,0.000000e+00,0.000000e+00,0.000000e+00,0.000000e+00,0.000000e+00,0.000000e+00,0.000000e+00,0.000000e+00,0.000000e+00,0.000000e+00,0.000000e+00,0.000000e+00
1.000000e+00,0.000000e+00,0.000000e+00,0.000000e+00,0.000000e+00,0.000000e+00,0.000000e+00,0.000000e+00,0.000000e+00,0.000000e+00,0.000000e+00,0.000000e+00,0.000000e+00,0.000000e+00,0.000000e+00
1.000000e+00,0.000000e+00,0.000000e+00,0.000000e+00,0.000000e+00,0.000000e+00,0.000000e+00,0.000000e+00,0.000000e+00,0.000000e+00,0.000000e+00,0.000000e+00,0.000000e+00,0.000000e+00,0.000000e+00
1.000000e+00,0.000000e+00,0.000000e+00,0.000000e+00,0.000000e+00,0.000000e+00,0.000000e+00,0.000000e+00,0.000000e+00,0.000000e+00,0.000000e+00,0.000000e+00,0.000000e+00,0.000000e+00,0.000000e+00
1.000000e+00,0.000000e+00,0.000000e+00,0.000000e+00,0.000000e+00,0.000000e+00,0.000000e+00,0.000000e+00,0.000000e+00,0.000000e+00,0.000000e+00,0.000000e+00,0.000000e+00,0.000000e+00,0.000000e+00
1.000000e+00,0.000000e+00,0.000000e+00,0.000000e+00,0.000000e+00,0.000000e+00,0.000000e+00,0.000000e+00,0.000000e+00,0.000000e+00,0.000000e+00,0.000000e+00,0.000000e+00,0.000000e+00,0.000000e+00
1.000000e+00,0.000000e+00,0.000000e+00,0.000000e+00,0.000000e+00,0.000000e+00,0.000000e+00,0.000000e+00,0.000000e+00,0.000000e+00,0.000000e+00,0.000000e+00,0.000000e+00,0.000000e+00,0.000000e+00
1.000000e+00,0.000000e+00,0.000000e+00,0.000000e+00,0.000000e+00,0.000000e+00,0.000000e+00,0.000000e+00,0.000000e+00,0.000000e+00,0.000000e+00,0.000000e+00,0.000000e+00,0.000000e+00,0.000000e+00
1.000000e+00,0.000000e+00,0.000000e+00,0.000000e+00,0.000000e+00,0.000000e+00,0.000000e+00,0.000000e+00,0.000000e+00,0.000000e+00,0.000000e+00,0.000000e+00,0.000000e+00,0.000000e+00,0.000000e+00
1.000000e+00,0.000000e+00,0.000000e+00,0.000000e+00,0.000000e+00,0.000000e+00,0.000000e+00,0.000000e+00,0.000000e+00,0.000000e+00,0.000000e+00,0.000000e+00,0.000000e+00,0.000000e+00,0.000000e+00
1.000000e+00,0.000000e+00,0.000000e+00,0.000000e+00,0.000000e+00,0.000000e+00,0.000000e+00,0.000000e+00,0.000000e+00,0.000000e+00,0.000000e+00,0.000000e+00,0.000000e+00,0.000000e+00,0.000000e+00
1.000000e+00,0.000000e+00,0.000000e+00,0.000000e+00,0.000000e+00,0.000000e+00,0.000000e+00,0.000000e+00,0.000000e+00,0.000000e+00,0.000000e+00,0.000000e+00,0.000000e+00,0.000000e+00,0.000000e+00
1.000000e+00,0.000000e+00,0.000000e+00,0.000000e+00,0.000000e+00,0.000000e+00,0.000000e+00,0.000000e+00,0.000000e+00,0.000000e+00,0.000000e+00,0.000000e+00,0.000000e+00,0.000000e+00,0.000000e+00
1.000000e+00,0.000000e+00,0.000000e+00,0.000000e+00,0.000000e+00,0.000000e+00,0.000000e+00,0.000000e+00,0.000000e+00,0.000000e+00,0.000000e+00,0.000000e+00,0.000000e+00,0.000000e+00,0.000000e+00
1.000000e+00,0.000000e+00,0.000000e+00,0.000000e+00,0.000000e+00,0.000000e+00,0.000000e+00,0.000000e+00,0.000000e+00,0.000000e+00,0.000000e+00,0.000000e+00,0.000000e+00,0.000000e+00,0.000000e+00
1.000000e+00,0.000000e+00,0.000000e+00,0.000000e+00,0.000000e+00,0.000000e+00,0.000000e+00,0.000000e+00,0.000000e+00,0.000000e+00,0.000000e+00,0.000000e+00,0.000000e+00,0.000000e+00,0.000000e+00
1.000000e+00,0.000000e+00,0.000000e+00,0.000000e+00,0.000000e+00,0.000000e+00,0.000000e+00,0.000000e+00,0.000000e+00,0.000000e+00,0.000000e+00,0.000000e+00,0.000000e+00,0.000000e+00,0.000000e+00
1.000000e+00,0.000000e+00,0.000000e+00,0.000000e+00,0.000000e+00,0.000000e+00,0.000000e+00,0.000000e+00,0.000000e+00,0.000000e+00,0.000000e+00,0.000000e+00,0.000000e+00,0.000000e+00,0.000000e+00
1.000000e+00,0.000000e+00,0.000000e+00,0.000000e+00,0.000000e+00,0.000000e+00,0.000000e+00,0.000000e+00,0.000000e+00,0.000000e+00,0.000000e+00,0.000000e+00,0.000000e+00,0.000000e+00,0.000000e+00
1.000000e+00,0.000000e+00,0.000000e+00,0.000000e+00,0.000000e+00,0.000000e+00,0.000000e+00,0.000000e+00,0.000000e+00,0.000000e+00,0.000000e+00,0.000000e+00,0.000000e+00,0.000000e+00,0.000000e+00
1.000000e+00,0.000000e+00,0.000000e+00,0.000000e+00,0.000000e+00,0.000000e+00,0.000000e+00,0.000000e+00,0.000000e+00,0.000000e+00,0.000000e+00,0.000000e+00,0.000000e+00,0.000000e+00,0.000000e+00
1.000000e+00,0.000000e+00,0.000000e+00,0.000000e+00,0.000000e+00,0.000000e+00,0.000000e+00,0.000000e+00,0.000000e+00,0.000000e+00,0.000000e+00,0.000000e+00,0.000000e+00,0.000000e+00,0.000000e+00
1.000000e+00,0.000000e+00,0.000000e+00,0.000000e+00,0.000000e+00,0.000000e+00,0.000000e+00,0.000000e+00,0.000000e+00,0.000000e+00,0.000000e+00,0.000000e+00,0.000000e+00,0.000000e+00,0.000000e+00
1.000000e+00,0.000000e+00,0.000000e+00,0.000000e+00,0.000000e+00,0.000000e+00,0.000000e+00,0.000000e+00,0.000000e+00,0.000000e+00,0.000000e+00,0.000000e+00,0.000000e+00,0.000000e+00,0.000000e+00
1.000000e+00,0.000000e+00,0.000000e+00,0.000000e+00,0.000000e+00,0.000000e+00,0.000000e+00,0.000000e+00,0.000000e+00,0.000000e+00,0.000000e+00,0.000000e+00,0.000000e+00,0.000000e+00,0.000000e+00
1.000000e+00,0.000000e+00,0.000000e+00,0.000000e+00,0.000000e+00,0.000000e+00,0.000000e+00,0.000000e+00,0.000000e+00,0.000000e+00,0.000000e+00,0.000000e+00,0.000000e+00,0.000000e+00,0.000000e+00
1.000000e+00,0.000000e+00,0.000000e+00,0.000000e+00,0.000000e+00,0.000000e+00,0.000000e+00,0.000000e+00,0.000000e+00,0.000000e+00,0.000000e+00,0.000000e+00,0.000000e+00,0.000000e+00,0.000000e+00
1.000000e+00,0.000000e+00,0.000000e+00,0.000000e+00,0.000000e+00,0.000000e+00,0.000000e+00,0.000000e+00,0.000000e+00,0.000000e+00,0.000000e+00,0.000000e+00,0.000000e+00,0.000000e+00,0.000000e+00
1.000000e+00,0.000000e+00,0.000000e+00,0.000000e+00,0.000000e+00,0.000000e+00,0.000000e+00,0.000000e+00,0.000000e+00,0.000000e+00,0.000000e+00,0.000000e+00,0.000000e+00,0.000000e+00,0.000000e+00
1.000000e+00,0.000000e+00,0.000000e+00,0.000000e+00,0.000000e+00,0.000000e+00,0.000000e+00,0.000000e+00,0.000000e+00,0.000000e+00,0.000000e+00,0.000000e+00,0.000000e+00,0.000000e+00,0.000000e+00
1.000000e+00,0.000000e+00,0.000000e+00,0.000000e+00,0.000000e+00,0.000000e+00,0.000000e+00,0.000000e+00,0.000000e+00,0.000000e+00,0.000000e+00,0.000000e+00,0.000000e+00,0.000000e+00,0.000000e+00
1.000000e+00,0.000000e+00,0.000000e+00,0.000000e+00,0.000000e+00,0.000000e+00,0.000000e+00,0.000000e+00,0.000000e+00,0.000000e+00,0.000000e+00,0.000000e+00,0.000000e+00,0.000000e+00,0.000000e+00
1.000000e+00,0.000000e+00,0.000000e+00,0.000000e+00,0.000000e+00,0.000000e+00,0.000000e+00,0.000000e+00,0.000000e+00,0.000000e+00,0.000000e+00,0.000000e+00,0.000000e+00,0.000000e+00,0.000000e+00
1.000000e+00,0.000000e+00,0.000000e+00,0.000000e+00,0.000000e+00,0.000000e+00,0.000000e+00,0.000000e+00,0.000000e+00,0.000000e+00,0.000000e+00,0.000000e+00,0.000000e+00,0.000000e+00,0.000000e+00
1.000000e+00,0.000000e+00,0.000000e+00,0.000000e+00,0.000000e+00,0.000000e+00,0.000000e+00,0.000000e+00,0.000000e+00,0.000000e+00,0.000000e+00,0.000000e+00,0.000000e+00,0.000000e+00,0.000000e+00
1.000000e+00,0.000000e+00,0.000000e+00,0.000000e+00,0.000000e+00,0.000000e+00,0.000000e+00,0.000000e+00,0.000000e+00,0.000000e+00,0.000000e+00,0.000000e+00,0.000000e+00,0.000000e+00,0.000000e+00
1.000000e+00,0.000000e+00,0.000000e+00,0.000000e+00,0.000000e+00,0.000000e+00,0.000000e+00,0.000000e+00,0.000000e+00,0.000000e+00,0.000000e+00,0.000000e+00,0.000000e+00,0.000000e+00,0.000000e+00
1.000000e+00,0.000000e+00,0.000000e+00,0.000000e+00,0.000000e+00,0.000000e+00,0.000000e+00,0.000000e+00,0.000000e+00,0.000000e+00,0.000000e+00,0.000000e+00,0.000000e+00,0.000000e+00,0.000000e+00
1.000000e+00,0.000000e+00,0.000000e+00,0.000000e+00,0.000000e+00,0.000000e+00,0.000000e+00,0.000000e+00,0.000000e+00,0.000000e+00,0.000000e+00,0.000000e+00,0.000000e+00,0.000000e+00,0.000000e+00
1.000000e+00,0.000000e+00,0.000000e+00,0.000000e+00,0.000000e+00,0.000000e+00,0.000000e+00,0.000000e+00,0.000000e+00,0.000000e+00,0.000000e+00,0.000000e+00,0.000000e+00,0.000000e+00,0.000000e+00
1.000000e+00,0.000000e+00,0.000000e+00,0.000000e+00,0.000000e+00,0.000000e+00,0.000000e+00,0.000000e+00,0.000000e+00,0.000000e+00,0.000000e+00,0.000000e+00,0.000000e+00,0.000000e+00,0.000000e+00
1.000000e+00,0.000000e+00,0.000000e+00,0.000000e+00,0.000000e+00,0.000000e+00,0.000000e+00,0.000000e+00,0.000000e+00,0.000000e+00,0.000000e+00,0.000000e+00,0.000000e+00,0.000000e+00,0.000000e+00
1.000000e+00,0.000000e+00,0.000000e+00,0.000000e+00,0.000000e+00,0.000000e+00,0.000000e+00,0.000000e+00,0.000000e+00,0.000000e+00,0.000000e+00,0.000000e+00,0.000000e+00,0.000000e+00,0.000000e+00
1.000000e+00,0.000000e+00,0.000000e+00,0.000000e+00,0.000000e+00,0.000000e+00,0.000000e+00,0.000000e+00,0.000000e+00,0.000000e+00,0.000000e+00,0.000000e+00,0.000000e+00,0.000000e+00,0.000000e+00
1.000000e+00,0.000000e+00,0.000000e+00,0.000000e+00,0.000000e+00,0.000000e+00,0.000000e+00,0.000000e+00,0.000000e+00,0.000000e+00,0.000000e+00,0.000000e+00,0.000000e+00,0.000000e+00,0.000000e+00
1.000000e+00,0.000000e+00,0.000000e+00,0.000000e+00,0.000000e+00,0.000000e+00,0.000000e+00,0.000000e+00,0.000000e+00,0.000000e+00,0.000000e+00,0.000000e+00,0.000000e+00,0.000000e+00,0.000000e+00
1.000000e+00,0.000000e+00,0.000000e+00,0.000000e+00,0.000000e+00,0.000000e+00,0.000000e+00,0.000000e+00,0.000000e+00,0.000000e+00,0.000000e+00,0.000000e+00,0.000000e+00,0.000000e+00,0.000000e+00
1.000000e+00,0.000000e+00,0.000000e+00,0.000000e+00,0.000000e+00,0.000000e+00,0.000000e+00,0.000000e+00,0.000000e+00,0.000000e+00,0.000000e+00,0.000000e+00,0.000000e+00,0.000000e+00,0.000000e+00
1.000000e+00,0.000000e+00,0.000000e+00,0.000000e+00,0.000000e+00,0.000000e+00,0.000000e+00,0.000000e+00,0.000000e+00,0.000000e+00,0.000000e+00,0.000000e+00,0.000000e+00,0.000000e+00,0.000000e+00
1.000000e+00,0.000000e+00,0.000000e+00,0.000000e+00,0.000000e+00,0.000000e+00,0.000000e+00,0.000000e+00,0.000000e+00,0.000000e+00,0.000000e+00,0.000000e+00,0.000000e+00,0.000000e+00,0.000000e+00
1.000000e+00,0.000000e+00,0.000000e+00,0.000000e+00,0.000000e+00,0.000000e+00,0.000000e+00,0.000000e+00,0.000000e+00,0.000000e+00,0.000000e+00,0.000000e+00,0.000000e+00,0.000000e+00,0.000000e+00
1.000000e+00,0.000000e+00,0.000000e+00,0.000000e+00,0.000000e+00,0.000000e+00,0.000000e+00,0.000000e+00,0.000000e+00,0.000000e+00,0.000000e+00,0.000000e+00,0.000000e+00,0.000000e+00,0.000000e+00
4.648395e-01,4.874376e-02,6.486196e-02,1.556240e-01,1.343026e-02,2.753789e-02,8.229035e-03,4.027775e-02,2.813627e-02,3.561900e-03,4.325700e-02,3.107334e-02,1.463672e-02,1.111615e-02,4.467444e-02
4.086975e-01,6.314902e-02,5.782134e-02,1.615183e-01,1.716758e-02,2.620397e-02,9.088785e-03,3.441571e-02,4.188423e-02,4.329821e-03,4.958308e-02,3.254765e-02,1.703767e-02,1.677757e-02,5.977784e-02
3.812098e-01,7.142396e-02,4.838848e-02,1.568989e-01,1.960754e-02,2.631331e-02,9.444881e-03,3.008189e-02,4.808993e-02,5.233153e-03,5.322817e-02,3.355478e-02,1.841587e-02,2.222313e-02,7.588625e-02
3.459412e-01,8.069569e-02,4.056098e-02,1.519427e-01,2.321962e-02,2.517109e-02,9.461695e-03,2.513727e-02,5.591161e-02,7.895553e-03,4.825877e-02,3.076651e-02,1.760289e-02,2.778023e-02,1.096543e-01
2.878126e-01,9.619366e-02,4.614052e-02,2.301417e-01,2.253583e-02,2.106982e-02,8.498888e-03,2.584377e-02,5.092581e-02,6.986741e-03,4.183331e-02,2.557527e-02,1.519970e-02,2.196141e-02,9.928101e-02
3.401717e-01,8.909862e-02,3.993038e-02,2.048363e-01,2.264543e-02,2.006905e-02,8.121973e-03,2.179900e-02,4.810930e-02,6.163562e-03,4.291305e-02,2.682881e-02,1.763728e-02,2.049828e-02,9.117728e-02
3.924570e-01,8.117060e-02,3.376492e-02,1.689658e-01,2.128283e-02,2.333149e-02,7.718971e-03,1.869949e-02,4.064485e-02,6.058537e-03,4.156885e-02,3.230878e-02,2.261148e-02,2.014020e-02,8.927618e-02
4.403183e-01,7.461140e-02,2.776547e-02,1.463497e-01,2.012293e-02,2.381383e-02,7.169272e-03,1.636934e-02,3.457535e-02,5.940797e-03,3.974714e-02,3.409740e-02,2.417186e-02,1.799272e-02,8.695455e-02
3.121856e-01,1.010826e-01,2.645925e-02,3.360265e-01,1.518360e-02,1.687093e-02,5.095857e-03,1.187009e-02,2.576686e-02,4.307183e-03,2.875885e-02,2.397594e-02,1.712601e-02,1.266250e-02,6.262836e-02
2.334602e-01,7.459594e-02,5.129392e-02,4.628233e-01,1.230792e-02,1.349518e-02,3.631541e-03,9.307774e-03,1.960598e-02,3.432026e-03,2.915981e-02,1.753295e-02,1.290570e-02,9.236353e-03,4.721148e-02
2.063411e-01,6.163970e-02,9.445148e-02,4.498325e-01,1.042266e-02,1.289994e-02,2.707569e-03,7.613941e-03,1.711383e-02,4.648548e-03,2.985315e-02,1.465708e-02,1.206217e-02,1.088212e-02,6.487428e-02
2.022329e-01,6.742139e-02,7.810381e-02,3.520574e-01,8.468998e-03,1.096661e-02,2.460790e-03,6.653233e-03,7.804064e-02,1.102934e-02,2.446272e-02,1.208201e-02,1.280907e-02,9.973307e-03,1.232378e-01
1.943278e-01,5.907621e-02,6.336587e-02,2.540446e-01,6.606149e-03,1.096003e-02,1.952869e-03,5.917484e-03,1.725232e-01,1.488361e-02,2.028523e-02,9.624930e-03,1.363056e-02,9.363719e-03,1.634378e-01
1.408208e-01,4.929992e-02,4.568060e-02,1.791364e-01,4.710000e-03,8.312252e-03,1.444817e-03,4.483505e-03,3.376837e-01,1.482787e-02,1.753660e-02,7.141301e-03,1.044475e-02,1.813948e-02,1.603380e-01
9.994040e-02,3.574007e-02,3.224678e-02,1.257860e-01,3.337072e-03,5.944575e-03,1.251669e-03,3.231547e-03,3.492596e-01,1.130037e-02,3.110850e-02,6.770132e-03,8.142494e-03,1.673042e-01,1.186366e-01
7.006460e-02,2.510889e-02,2.266561e-02,8.824953e-02,2.446811e-03,4.172930e-03,8.938817e-04,2.284467e-03,4.395564e-01,1.133370e-02,9.509623e-02,1.970189e-02,7.138266e-03,1.240852e-01,8.720159e-02
4.924702e-02,1.760407e-02,1.592719e-02,6.184675e-02,2.038104e-03,2.990072e-03,6.758967e-04,1.635037e-03,3.371850e-01,1.082643e-02,2.624910e-01,7.151788e-02,7.086429e-03,9.299864e-02,6.593046e-02
3.479183e-02,1.236282e-02,1.121692e-02,4.337454e-02,1.753828e-03,2.195420e-03,5.438902e-04,1.173940e-03,2.705306e-01,1.020093e-02,3.769216e-01,1.048645e-01,7.168494e-03,7.373145e-02,4.916927e-02
2.439093e-02,8.672799e-03,7.863663e-03,3.042113e-02,1.485758e-03,1.563476e-03,3.880663e-04,8.293664e-04,1.983023e-01,7.756756e-03,4.861717e-01,1.362661e-01,6.100128e-03,5.486260e-02,3.492516e-02
1.711936e-02,6.096538e-03,5.544086e-03,2.133445e-02,2.533264e-03,1.382692e-03,3.337389e-04,6.106396e-04,1.399661e-01,5.687594e-03,5.599949e-01,1.672818e-01,6.402832e-03,4.108770e-02,2.462438e-02
1.202268e-02,4.318281e-03,3.997188e-03,1.500223e-02,4.942288e-03,1.392558e-03,3.255515e-04,4.614166e-04,9.848553e-02,4.437449e-03,4.435485e-01,3.563370e-01,6.443926e-03,3.089408e-02,1.739128e-02
8.568247e-03,3.129353e-03,3.133624e-03,1.060562e-02,8.457813e-03,1.986791e-03,3.955048e-04,5.668277e-04,6.948534e-02,3.756734e-03,3.227062e-01,5.240990e-01,5.282504e-03,2.544035e-02,1.238601e-02
6.145688e-03,2.263084e-03,2.328510e-03,7.484500e-03,6.400645e-03,1.887224e-03,3.437471e-04,4.948439e-04,4.891336e-02,2.792661e-03,2.387268e-01,6.499334e-01,4.035891e-03,1.945240e-02,8.797260e-03
4.795281e-03,2.019677e-03,2.312362e-03,5.284230e-03,5.204315e-03,1.740853e-03,3.010669e-04,6.427069e-04,3.521474e-02,2.296756e-03,1.935859e-01,7.187827e-01,3.150562e-03,1.817140e-02,6.497458e-03
3.753837e-03,1.583469e-03,1.909988e-03,3.755050e-03,4.213140e-03,1.640211e-03,2.903358e-04,4.864774e-04,2.527929e-02,2.388595e-03,1.629998e-01,7.697898e-01,2.682226e-03,1.441037e-02,4.817499e-03
2.823025e-03,1.246616e-03,1.812905e-03,2.696011e-03,3.669113e-03,1.590673e-03,3.979025e-04,4.331033e-04,1.864197e-02,2.023095e-03,1.379485e-01,8.089176e-01,2.313077e-03,1.188211e-02,3.604198e-03
3.561544e-03,1.226676e-03,1.794507e-03,2.053006e-03,9.920714e-03,4.620316e-03,1.947347e-03,1.332620e-03,1.388243e-02,2.086544e-03,1.520006e-01,7.904892e-01,2.206528e-03,1.002324e-02,2.854647e-03
2.868945e-03,9.910535e-04,1.411124e-03,1.474174e-03,9.793129e-03,3.499432e-03,1.466406e-03,1.170673e-03,1.027579e-02,1.717736e-03,1.167930e-01,8.367592e-01,1.716041e-03,8.014846e-03,2.048468e-03
2.459750e-03,3.257966e-03,3.327378e-03,1.135237e-03,1.530308e-02,3.429211e-03,1.092391e-03,2.215097e-03,1.012267e-02,2.089687e-03,1.088986e-01,8.350653e-01,1.473587e-03,7.167755e-03,2.962330e-03
1.866489e-03,5.099798e-03,1.463055e-02,1.060283e-03,1.649346e-02,3.638689e-03,8.387216e-04,7.075995e-03,1.097778e-02,1.785185e-03,9.426878e-02,8.328573e-01,1.158086e-03,5.598931e-03,2.649984e-03
1.736026e-03,1.076014e-02,2.727927e-02,1.745062e-03,1.920060e-02,4.346482e-03,8.685470e-04,3.765390e-02,2.268418e-02,1.971986e-03,7.327616e-02,7.905243e-01,1.322393e-03,4.466704e-03,2.164309e-03
2.531017e-03,8.400176e-03,2.491500e-02,5.038044e-03,2.707647e-02,4.270896e-03,9.762638e-04,1.314310e-01,2.441258e-02,1.895181e-03,5.655470e-02,7.057537e-01,1.669777e-03,3.511548e-03,1.563792e-03
4.814927e-03,1.738517e-02,4.290888e-02,2.023181e-02,6.819077e-02,5.668635e-03,1.110325e-03,2.360405e-01,2.454443e-02,1.780056e-03,4.459557e-02,5.269002e-01,1.946538e-03,2.749389e-03,1.132799e-03
9.639432e-03,1.946032e-02,5.343021e-02,2.132745e-02,8.593799e-02,7.679353e-03,3.149124e-03,2.565394e-01,6.960102e-02,2.401043e-03,3.881034e-02,4.251780e-01,2.423183e-03,3.368941e-03,1.054221e-03
1.168120e-02,2.804597e-02,5.151945e-02,1.675193e-02,8.927338e-02,9.324396e-03,2.524029e-03,1.914690e-01,2.109798e-01,2.959443e-03,4.186964e-02,3.350266e-01,2.298455e-03,4.772922e-03,1.503864e-03
2.456761e-02,2.837940e-02,5.516205e-02,1.805261e-02,1.318937e-01,1.029396e-02,2.465842e-03,1.493233e-01,2.515468e-01,4.824852e-03,4.666806e-02,2.662169e-01,2.929604e-03,5.526247e-03,2.149002e-03
5.051062e-02,2.943180e-02,6.246205e-02,3.407691e-02,1.436597e-01,1.432530e-02,2.100609e-03,1.195487e-01,2.340201e-01,9.936559e-03,7.551311e-02,2.087019e-01,3.772781e-03,8.335192e-03,3.604654e-03
6.987251e-02,2.711469e-02,4.822119e-02,2.814131e-02,1.223425e-01,1.536775e-02,1.620841e-03,8.731895e-02,2.541267e-01,1.167945e-02,1.317316e-01,1.739983e-01,3.929195e-03,1.806081e-02,6.474241e-03
9.363358e-02,2.301425e-02,4.432436e-02,3.134327e-02,1.445881e-01,1.473349e-02,1.557541e-03,8.266915e-02,2.632582e-01,1.637398e-02,1.101506e-01,1.430065e-01,4.545321e-03,1.861680e-02,8.184895e-03
1.383419e-01,2.199243e-02,3.800294e-02,4.021788e-02,1.484014e-01,1.421619e-02,1.455368e-03,6.425682e-02,2.417362e-01,1.728016e-02,1.133490e-01,1.166880e-01,4.348216e-03,2.125748e-02,1.845598e-02
2.080577e-01,2.113875e-02,3.342521e-02,4.989942e-02,1.426929e-01,1.628429e-02,2.055175e-03,5.477572e-02,2.031491e-01,1.646466e-02,9.553573e-02,1.108270e-01,4.952949e-03,2.091848e-02,1.982297e-02
2.586283e-01,2.109717e-02,3.570347e-02,5.306531e-02,1.162648e-01,2.236061e-02,2.843389e-03,5.243683e-02,1.875149e-01,1.412530e-02,8.833060e-02,1.014061e-01,5.014611e-03,1.883642e-02,2.237209e-02
2.791302e-01,2.662230e-02,2.908966e-02,6.070936e-02,9.416161e-02,2.372339e-02,2.834803e-03,4.203581e-02,1.613758e-01,1.431578e-02,9.629911e-02,1.056729e-01,5.126108e-03,2.909472e-02,2.980844e-02
3.308645e-01,2.607217e-02,2.257315e-02,5.621530e-02,8.719208e-02,2.213353e-02,2.395751e-03,3.396386e-02,1.453449e-01,1.937205e-02,9.477839e-02,8.933125e-02,6.590222e-03,3.292632e-02,3.024656e-02
2.349460e-01,1.866317e-02,1.596224e-02,3.957766e-02,6.383324e-02,3.015142e-01,1.759376e-03,2.546845e-02,1.022633e-01,1.381687e-02,6.942648e-02,6.290652e-02,4.689610e-03,2.352145e-02,2.165140e-02
1.653731e-01,1.322089e-02,1.122205e-02,2.781790e-02,4.522045e-02,5.052221e-01,1.252306e-03,1.819099e-02,7.172164e-02,1.141894e-02,4.943805e-02,4.410935e-02,3.301753e-03,1.685358e-02,1.563687e-02
1.161239e-01,9.275249e-03,7.862379e-03,1.949704e-02,3.166686e-02,5.919670e-01,9.024507e-04,1.306335e-02,5.336706e-02,5.303655e-02,3.590481e-02,3.089903e-02,2.359676e-03,1.215421e-02,2.192050e-02
8.198749e-02,6.505914e-03,5.514402e-03,1.368406e-02,2.218698e-02,4.872428e-01,6.427596e-04,9.302434e-03,4.952982e-02,2.436848e-01,2.643024e-02,2.167854e-02,1.722999e-03,9.080269e-03,2.080649e-02
6.764594e-02,4.613792e-03,4.105653e-03,1.067177e-02,1.579190e-02,5.099061e-01,6.385200e-04,8.116474e-03,5.948840e-02,2.100095e-01,2.451202e-02,1.538381e-02,1.804509e-03,9.068361e-03,5.824332e-02
5.758404e-02,3.328968e-03,5.408022e-03,1.072674e-02,1.156943e-02,5.287072e-01,7.890577e-04,1.088813e-02,6.286766e-02,2.089754e-01,2.014670e-02,1.091182e-02,1.601185e-03,7.765522e-03,5.873010e-02
4.905353e-02,2.619433e-03,5.912797e-03,9.631909e-03,8.699809e-03,5.135969e-01,7.649574e-04,1.044306e-02,5.881630e-02,2.579708e-01,1.657204e-02,7.815348e-03,1.393054e-03,6.686278e-03,5.002381e-02
4.229015e-02,2.270458e-03,5.585984e-03,8.463297e-03,7.137337e-03,4.602926e-01,9.489568e-04,9.248193e-03,4.559197e-02,3.550904e-01,1.278706e-02,5.620684e-03,1.290675e-03,6.477839e-03,3.690441e-02
3.060438e-02,2.068202e-03,4.370957e-03,6.447638e-03,5.408629e-03,3.670141e-01,7.260565e-04,7.136300e-03,9.706756e-02,3.820600e-01,1.344024e-02,4.361463e-03,2.151422e-03,7.642028e-03,6.950103e-02
2.179120e-02,2.287225e-03,3.366698e-03,4.976769e-03,4.333708e-03,2.718075e-01,6.538322e-04,6.641216e-03,8.835716e-02,2.840348e-01,1.556124e-02,3.466300e-03,4.742690e-03,7.750320e-03,2.802294e-01
1.561183e-02,3.960647e-03,2.905232e-03,3.657945e-03,3.219365e-03,1.960250e-01,5.384544e-04,5.120238e-03,6.823579e-02,2.247190e-01,1.652282e-02,2.798327e-03,4.499663e-03,1.309108e-02,4.390947e-01
1.236369e-02,1.087463e-01,6.932396e-03,4.982486e-03,2.504615e-03,1.411300e-01,5.092865e-04,4.502167e-03,9.603752e-02,1.670782e-01,2.934389e-02,2.574646e-03,5.834413e-03,1.668500e-02,4.007754e-01
1.042822e-02,1.020271e-01,6.896209e-03,4.166533e-03,1.896460e-03,1.055857e-01,7.829961e-04,4.029883e-03,1.462258e-01,1.271435e-01,1.119063e-01,4.122082e-03,8.071309e-03,3.892741e-02,3.277905e-01
8.698977e-03,8.054122e-02,5.437878e-03,3.201800e-03,1.435470e-03,7.936289e-02,7.426766e-04,3.201830e-03,1.118851e-01,9.429882e-02,2.582384e-01,4.505113e-03,8.778485e-03,8.708775e-02,2.525836e-01
7.161077e-03,5.922643e-02,4.066894e-03,3.581840e-03,1.766251e-03,5.615819e-02,6.111563e-04,2.597263e-03,1.082508e-01,7.117540e-02,4.036362e-01,5.094186e-03,1.146826e-02,7.759808e-02,1.876080e-01
9.280262e-03,4.786850e-02,3.201040e-03,3.122454e-03,1.572115e-03,4.011902e-02,4.861547e-04,2.267283e-03,8.591579e-02,5.246270e-02,5.148528e-01,5.907309e-03,9.988536e-03,7.424206e-02,1.487140e-01
8.680188e-03,4.612371e-02,3.139547e-03,3.228749e-03,1.352184e-02,2.948546e-02,6.370433e-04,3.789850e-03,9.315294e-02,3.967452e-02,4.910191e-01,8.027082e-03,1.211509e-02,1.046674e-01,1.427375e-01
1.012222e-02,4.371628e-02,3.250824e-03,4.836176e-03,3.265593e-02,2.153206e-02,9.748853e-04,6.681032e-03,8.561751e-02,2.897607e-02,5.434396e-01,6.740544e-03,9.576556e-03,9.429272e-02,1.075876e-01
8.375740e-03,3.341188e-02,2.584230e-03,4.298640e-03,2.580715e-02,1.595006e-02,8.386661e-04,5.108248e-03,7.739034e-02,2.203300e-02,6.059006e-01,9.289431e-03,8.291581e-03,9.694513e-02,8.377529e-02
8.242708e-03,3.296757e-02,2.722851e-03,4.297554e-03,2.626163e-02,1.284991e-02,7.798445e-04,4.033564e-03,1.097372e-01,1.846939e-02,5.806404e-01,1.548904e-02,9.958567e-03,1.089820e-01,6.456784e-02
8.109874e-03,2.594643e-02,2.248635e-03,3.882448e-03,2.005486e-02,1.030114e-02,6.527168e-04,3.187929e-03,8.168400e-02,1.395940e-02,6.580062e-01,1.466248e-02,8.692135e-03,1.022792e-01,4.633249e-02
1.476326e-02,2.319993e-02,3.093031e-03,3.705474e-03,2.097194e-02,1.054912e-02,7.769269e-04,3.518863e-03,6.628420e-02,1.187109e-02,6.327492e-01,1.776988e-02,9.407217e-03,1.472802e-01,3.405957e-02
2.640138e-02,1.857359e-02,2.371439e-03,3.491405e-03,1.514929e-02,9.191833e-03,5.730554e-04,2.665069e-03,4.927027e-02,9.226710e-03,6.655248e-01,1.619720e-02,7.973803e-03,1.492269e-01,2.416316e-02
4.609589e-02,1.999134e-02,2.307619e-03,3.777224e-03,1.147501e-02,8.672893e-03,5.179421e-04,2.136245e-03,4.235648e-02,8.099413e-03,6.117200e-01,1.919096e-02,7.249463e-03,1.985134e-01,1.789610e-02
4.146032e-02,1.536602e-02,1.905899e-03,3.211025e-03,8.396784e-03,7.250405e-03,4.101756e-04,1.600358e-03,3.253254e-02,6.673444e-03,6.445065e-01,2.078371e-02,6.868897e-03,1.961510e-01,1.288290e-02
3.130909e-02,1.427085e-02,1.730057e-03,2.976202e-03,7.783225e-03,6.427687e-03,5.324915e-04,1.294362e-03,4.089767e-02,8.390002e-03,6.368564e-01,2.006162e-02,6.178379e-03,2.116811e-01,9.610925e-03
2.378638e-02,3.252318e-02,3.779759e-03,2.949554e-03,1.629285e-02,9.209914e-03,8.312414e-04,1.663037e-03,1.541767e-01,1.058000e-02,5.194542e-01,1.578860e-02,6.104979e-03,1.950018e-01,7.857816e-03
2.628141e-02,3.353897e-02,5.754268e-03,4.624183e-03,1.519579e-02,1.263220e-02,9.468544e-04,5.859703e-03,1.873958e-01,1.435239e-02,4.783150e-01,1.374457e-02,6.038997e-03,1.886394e-01,6.680372e-03
2.409227e-02,2.914509e-02,4.949208e-03,4.844991e-03,1.617026e-02,1.494856e-02,8.118054e-04,6.846184e-03,1.803775e-01,1.396566e-02,4.999440e-01,1.194957e-02,7.322538e-03,1.788667e-01,5.765636e-03
2.309719e-02,3.718979e-02,5.599773e-03,5.075217e-03,1.628817e-02,1.368177e-02,7.191551e-04,5.799116e-03,1.614481e-01,1.213644e-02,5.000349e-01,1.299880e-02,7.524556e-03,1.928852e-01,5.521786e-03
2.557245e-02,3.607922e-02,6.386454e-03,5.321539e-03,1.463590e-02,3.788453e-02,6.374735e-04,6.100620e-03,1.459593e-01,1.123211e-02,4.563466e-01,1.154812e-02,6.957241e-03,2.304676e-01,4.870844e-03
4.080529e-02,3.571348e-02,6.333694e-03,4.605222e-03,1.342155e-02,7.364658e-02,4.995210e-04,5.238506e-03,1.499660e-01,9.331611e-03,3.804235e-01,1.014693e-02,6.594643e-03,2.586636e-01,4.609790e-03
4.273585e-02,6.761120e-02,7.702477e-03,4.790206e-03,1.665458e-02,8.666317e-02,5.033135e-04,4.530921e-03,1.669860e-01,9.047265e-03,3.338729e-01,8.183464e-03,5.695648e-03,2.382372e-01,6.785800e-03
5.288116e-02,6.340958e-02,1.089212e-02,7.127599e-03,1.884152e-02,9.036720e-02,4.781852e-04,4.877719e-03,2.008813e-01,7.864563e-03,2.853840e-01,6.522254e-03,5.188805e-03,2.369293e-01,8.354721e-03
5.713218e-02,8.267058e-02,2.096231e-02,9.870097e-03,1.889936e-02,1.034779e-01,4.923411e-04,1.052526e-02,2.373090e-01,7.459278e-03,2.347519e-01,6.675077e-03,4.465239e-03,1.969581e-01,8.351513e-03
5.920972e-02,6.800054e-02,1.791747e-02,8.846581e-03,1.635983e-02,1.231047e-01,4.040092e-04,1.336850e-02,2.979480e-01,6.321918e-03,2.110172e-01,5.913673e-03,3.479312e-03,1.607872e-01,7.321371e-03
6.922346e-02,5.317783e-02,4.340760e-02,2.915543e-02,2.804984e-02,1.015965e-01,4.864765e-04,3.353941e-02,3.296682e-01,5.214151e-03,1.717543e-01,5.158664e-03,2.904757e-03,1.202292e-01,6.434287e-03
6.707297e-02,4.446602e-02,3.511783e-02,2.787577e-02,2.638125e-02,9.102709e-02,4.039549e-04,2.579472e-02,3.054592e-01,4.923251e-03,2.477442e-01,4.183282e-03,2.223315e-03,1.110987e-01,6.228413e-03
7.888623e-02,3.999431e-02,2.790432e-02,3.547428e-02,3.941861e-02,7.428742e-02,4.294860e-04,2.175232e-02,2.977901e-01,6.208325e-03,2.510203e-01,3.680777e-03,1.837790e-03,1.158473e-01,5.468430e-03
8.378915e-02,3.107849e-02,2.167054e-02,4.500167e-02,5.307151e-02,5.971258e-02,3.583441e-04,1.687405e-02,2.829477e-01,6.582838e-03,2.762604e-01,3.371817e-03,1.585049e-03,1.129272e-01,4.768739e-03
9.716880e-02,2.433586e-02,1.846506e-02,5.297431e-02,5.438522e-02,5.610687e-02,4.026860e-04,1.422136e-02,3.368403e-01,4.997976e-03,2.354975e-01,4.339892e-03,1.568873e-03,9.489512e-02,3.800119e-03
9.973332e-02,3.254180e-02,1.958748e-02,5.715965e-02,5.313377e-02,6.672370e-02,3.630149e-04,1.110326e-02,3.613186e-01,4.171931e-03,1.730185e-01,6.408763e-03,2.831612e-03,8.148857e-02,3.041605e-02
9.449223e-02,2.603029e-02,1.734080e-02,4.746049e-02,4.055678e-02,7.348000e-02,3.999385e-04,9.356454e-03,3.640765e-01,1.854003e-02,1.500844e-01,6.617695e-03,6.386654e-03,7.663669e-02,6.854101e-02
6.923696e-02,2.347203e-02,1.496233e-02,5.419361e-02,2.987358e-02,5.550678e-02,3.261127e-04,6.716331e-03,3.983005e-01,2.264497e-02,1.142547e-01,5.428325e-03,6.775302e-03,5.604413e-02,1.422644e-01
4.895461e-02,1.820321e-02,1.079029e-02,3.865277e-02,2.130367e-02,4.134044e-02,2.431432e-04,4.710157e-03,3.152779e-01,1.711622e-02,8.092304e-02,4.014691e-03,5.140875e-03,5.112655e-02,3.422025e-01
3.886181e-02,1.300915e-02,7.630899e-03,2.726578e-02,1.499496e-02,2.915426e-02,2.357999e-04,3.364592e-03,2.881062e-01,1.305565e-02,6.476904e-02,3.872327e-03,4.760964e-03,2.003665e-01,2.905522e-01
2.838668e-02,9.223523e-03,5.391134e-03,1.911799e-02,1.053433e-02,2.049635e-02,2.001935e-04,2.370143e-03,2.927579e-01,9.512460e-03,6.424168e-02,3.641500e-03,3.455823e-03,2.031250e-01,3.275454e-01
2.016367e-02,6.569648e-03,3.921337e-03,1.350980e-02,7.654746e-03,1.440157e-02,1.777634e-04,1.685730e-03,3.359627e-01,8.482733e-03,8.577506e-02,4.951015e-03,2.858656e-03,2.097992e-01,2.840864e-01
1.514310e-02,4.746763e-03,3.021900e-03,9.782449e-03,5.972206e-03,1.023787e-02,1.869985e-04,1.382809e-03,2.798421e-01,7.654485e-03,1.592133e-01,7.859810e-03,3.570677e-03,1.901182e-01,3.012673e-01
1.163888e-02,3.434062e-03,2.229416e-03,7.071171e-03,8.271595e-03,7.431012e-03,5.738020e-04,1.601644e-03,2.047349e-01,8.000743e-03,2.715368e-01,4.412006e-02,5.765035e-03,2.029539e-01,2.206370e-01
8.488748e-03,2.450873e-03,1.612224e-03,5.015036e-03,6.507059e-03,5.316729e-03,6.394071e-04,1.169828e-03,1.477298e-01,6.552036e-03,3.724171e-01,9.342400e-02,5.136810e-03,1.872218e-01,1.563186e-01
6.056586e-03,1.734309e-03,1.145818e-03,3.528185e-03,5.137343e-03,3.760937e-03,5.909374e-04,8.355058e-04,1.044440e-01,5.117634e-03,4.750929e-01,1.148936e-01,4.058267e-03,1.633624e-01,1.102416e-01
4.317342e-03,1.224834e-03,8.225092e-04,2.476593e-03,4.809151e-03,2.759289e-03,5.650157e-04,6.048455e-04,7.359931e-02,4.439227e-03,4.744910e-01,2.123893e-01,3.361504e-03,1.367693e-01,7.737087e-02
3.035925e-03,8.640849e-04,5.950672e-04,1.747538e-03,4.080970e-03,1.989919e-03,5.671048e-04,4.436459e-04,5.204526e-02,3.794431e-03,5.801081e-01,1.842254e-01,2.644693e-03,1.095505e-01,5.430737e-02
2.168554e-03,7.453116e-04,6.689674e-04,1.288659e-03,4.617488e-03,1.556034e-03,9.776447e-04,4.158689e-04,3.993309e-02,3.300873e-03,6.266934e-01,1.912053e-01,2.314229e-03,8.552404e-02,3.859054e-02
1.580368e-03,5.498002e-04,5.541551e-04,9.515441e-04,3.545502e-03,1.118428e-03,7.141752e-04,3.161144e-04,2.914638e-02,2.427048e-03,7.198453e-01,1.494138e-01,1.853289e-03,6.080531e-02,2.717879e-02
1.173675e-03,4.577481e-04,5.696596e-04,7.150556e-04,2.700288e-03,8.194343e-04,5.247717e-04,2.580199e-04,2.202491e-02,1.944224e-03,7.773861e-01,1.271352e-01,1.667893e-03,4.331284e-02,1.931021e-02
2.497612e-03,4.413242e-04,8.117731e-04,7.667990e-04,2.957379e-03,1.278735e-03,1.303785e-03,2.858265e-03,1.713537e-02,1.814965e-03,7.446452e-01,1.748871e-01,2.355603e-03,3.250030e-02,1.374576e-02
2.512868e-03,3.969253e-04,6.477964e-04,7.557240e-04,2.708826e-03,1.889665e-03,1.066461e-03,2.416334e-03,1.526324e-02,1.599756e-03,7.571385e-01,1.773152e-01,2.259066e-03,2.430597e-02,9.723759e-03
2.114645e-03,4.102904e-04,9.033649e-04,7.759538e-04,4.013230e-03,1.676291e-03,1.402272e-03,2.718615e-03,1.580265e-02,1.229996e-03,7.092840e-01,2.311966e-01,2.313492e-03,1.930655e-02,6.852146e-03
1.607722e-03,6.270093e-03,1.293505e-03,6.016814e-04,4.006492e-03,1.503336e-03,1.002052e-03,2.047489e-03,3.649873e-02,9.744859e-04,5.995244e-01,3.224704e-01,2.158497e-03,1.488907e-02,5.152100e-03
1.206704e-03,4.667399e-03,1.101804e-03,4.833491e-04,3.691879e-03,2.039901e-03,7.479746e-04,1.630743e-03,2.918765e-02,8.222389e-04,5.003347e-01,4.371400e-01,1.872668e-03,1.143446e-02,3.638558e-03
1.052823e-03,5.698504e-03,1.303944e-03,3.778519e-04,2.685193e-02,1.713109e-03,6.429132e-04,1.449609e-03,2.343199e-01,6.395230e-04,3.574871e-01,3.554490e-01,1.704990e-03,8.721999e-03,2.586840e-03
1.107690e-03,1.762173e-02,2.643737e-03,3.877463e-04,2.423815e-02,3.435879e-03,5.699297e-04,3.042271e-03,3.235604e-01,9.096500e-04,2.925323e-01,3.193921e-01,1.730648e-03,6.755329e-03,2.072448e-03
1.289798e-03,1.533043e-02,2.453155e-03,4.317213e-04,4.838700e-02,8.225513e-03,6.677884e-04,3.921867e-03,4.430341e-01,8.683229e-04,2.226004e-01,2.442481e-01,1.481189e-03,5.527923e-03,1.532607e-03
1.474761e-03,1.314781e-02,2.240629e-03,4.561107e-04,3.856913e-02,7.520073e-03,6.705446e-04,4.037254e-03,5.809276e-01,1.210523e-03,1.637146e-01,1.785236e-01,2.049083e-03,4.281924e-03,1.176266e-03
1.802039e-03,1.050482e-02,1.993672e-03,1.379556e-03,3.631315e-02,8.971611e-03,7.583023e-04,5.682018e-03,6.550151e-01,1.296931e-03,1.217748e-01,1.432797e-01,6.744789e-03,3.442256e-03,1.041252e-03
2.135985e-03,8.470873e-03,1.615373e-03,2.400948e-03,2.928571e-02,9.974924e-03,8.031500e-04,8.241424e-03,6.187340e-01,2.165898e-03,1.214033e-01,1.456412e-01,4.445865e-02,3.332775e-03,1.335786e-03
2.372208e-03,7.049446e-03,1.200333e-03,2.376848e-03,2.461802e-02,1.260369e-02,7.987131e-04,6.033774e-03,5.770292e-01,2.427580e-03,1.266695e-01,1.747402e-01,5.748678e-02,3.361704e-03,1.231991e-03
7.231173e-03,5.848317e-03,1.275269e-03,2.340694e-03,5.195257e-02,1.072493e-02,9.810996e-03,2.753162e-02,5.259356e-01,6.483139e-03,1.238896e-01,1.490355e-01,7.378002e-02,2.756094e-03,1.404470e-03
1.824067e-02,6.735578e-03,1.169992e-03,1.142246e-02,8.096518e-02,1.067984e-02,8.019266e-03,2.794925e-02,5.267662e-01,6.208450e-03,1.117950e-01,1.122974e-01,7.250279e-02,3.121733e-03,2.126149e-03
2.358098e-02,6.539911e-03,9.593400e-04,1.004250e-02,9.448935e-02,1.433027e-02,7.443696e-03,2.198732e-02,5.268971e-01,6.141408e-03,9.868713e-02,9.240325e-02,9.043209e-02,3.120568e-03,2.945014e-03
1.965118e-02,5.838641e-03,8.451553e-04,1.309542e-02,8.144067e-02,1.673786e-02,5.423639e-03,1.604312e-02,4.166787e-01,5.810294e-03,1.009735e-01,1.238894e-01,1.868640e-01,3.132858e-03,3.575496e-03
2.146613e-02,9.303283e-03,1.020207e-03,1.409387e-02,7.107887e-02,2.772394e-02,4.188579e-03,1.405916e-02,3.561767e-01,6.869540e-03,1.076100e-01,1.076726e-01,2.493901e-01,3.069450e-03,6.277519e-03
1.960187e-02,1.889341e-02,1.437548e-03,1.481761e-02,6.194565e-02,4.876991e-02,3.206611e-03,1.293797e-02,3.105109e-01,6.833466e-03,9.509794e-02,9.015416e-02,2.960485e-01,3.456888e-03,1.628754e-02
1.739753e-02,3.921961e-02,1.473236e-03,1.491106e-02,4.755997e-02,5.446632e-02,2.725813e-03,1.087182e-02,2.964350e-01,6.473758e-03,7.079180e-02,8.103684e-02,3.350427e-01,3.900783e-03,1.769378e-02
1.392660e-02,4.583955e-02,1.191030e-03,1.738913e-02,3.415395e-02,4.107030e-02,2.012967e-03,8.188677e-03,4.610387e-01,5.679750e-03,5.087609e-02,5.750429e-02,2.409552e-01,3.197652e-03,1.697612e-02
3.324792e-02,4.037269e-02,1.585085e-03,1.500182e-02,3.671499e-02,4.716571e-02,3.290720e-03,9.235566e-03,3.661835e-01,4.688435e-03,3.758919e-02,4.894172e-02,3.365924e-01,3.052006e-03,1.633830e-02
7.602120e-02,3.493857e-02,3.015826e-03,1.341558e-02,4.523827e-02,4.892997e-02,5.505454e-03,1.223370e-02,2.867491e-01,3.957948e-03,2.839213e-02,4.332546e-02,3.802545e-01,3.101141e-03,1.492110e-02
6.285092e-02,2.487569e-02,2.275203e-03,9.842768e-03,3.395223e-02,3.875937e-02,3.972356e-03,9.220641e-03,2.027163e-01,2.837618e-03,2.047131e-02,4.001096e-02,5.347406e-01,2.365409e-03,1.110869e-02
5.756078e-02,1.801181e-02,1.777397e-03,7.282393e-03,2.635766e-02,2.994623e-02,3.103226e-03,7.293445e-03,1.435215e-01,2.169252e-03,1.471404e-02,3.748057e-02,6.405419e-01,1.826296e-03,8.413572e-03
6.359693e-02,1.331035e-02,1.571851e-03,5.949873e-03,2.060437e-02,2.708125e-02,2.650350e-03,6.767503e-03,1.022259e-01,1.715910e-03,1.091586e-02,3.584307e-02,6.993785e-01,1.513835e-03,6.874339e-03
6.182409e-02,1.007952e-02,1.656541e-03,4.412381e-03,3.118933e-02,2.041949e-02,2.776887e-03,5.707100e-03,7.310265e-02,1.251684e-03,8.151198e-03,3.246213e-02,7.407378e-01,1.215301e-03,5.013848e-03
5.241614e-02,7.411622e-03,1.277784e-03,3.223314e-03,2.675207e-02,1.537989e-02,2.130174e-03,4.194122e-03,5.266153e-02,9.005268e-04,5.937829e-03,2.495980e-02,7.978890e-01,1.071588e-03,3.794526e-03
9.636039e-02,5.830584e-03,1.247621e-03,3.472263e-03,2.450269e-02,1.276222e-02,1.700466e-03,3.959239e-03,3.838227e-02,6.818313e-04,4.804510e-03,2.199397e-02,7.800260e-01,9.748191e-04,3.301141e-03
1.278910e-01,5.101741e-03,1.895337e-03,3.955494e-03,2.377064e-02,1.148527e-02,1.707580e-03,7.623904e-03,2.952207e-02,7.679875e-04,4.203568e-03,1.801485e-02,7.593521e-01,1.026465e-03,3.681965e-03
1.097372e-01,3.819744e-03,2.469438e-03,3.990277e-03,2.134994e-02,9.003832e-03,1.641536e-03,2.336616e-02,2.290130e-02,6.531523e-04,3.922142e-03,1.742215e-02,7.760096e-01,8.126419e-04,2.900968e-03
1.192310e-01,3.181154e-03,5.883924e-03,8.703862e-03,1.993263e-02,7.747757e-03,2.060985e-03,7.001675e-02,1.721854e-02,6.172686e-04,4.045829e-03,1.703435e-02,7.207669e-01,8.640724e-04,2.695045e-03
1.587793e-01,3.307566e-03,5.418723e-03,1.695492e-02,2.001004e-02,6.775569e-03,2.616774e-03,5.235151e-02,1.501409e-02,6.182629e-04,3.560229e-03,1.447825e-02,6.958306e-01,7.574882e-04,3.526759e-03
2.567459e-01,7.688171e-03,5.766785e-03,4.199262e-02,2.233011e-02,8.368319e-03,3.926675e-03,4.119439e-02,2.630898e-02,2.133611e-03,4.056228e-03,1.404513e-02,5.512724e-01,1.005894e-03,1.316480e-02
2.628074e-01,6.763573e-03,7.843955e-03,5.781037e-02,2.646777e-02,1.215185e-02,8.409403e-03,6.736940e-02,3.439881e-02,1.687300e-03,4.232695e-03,1.247674e-02,4.863014e-01,8.716413e-04,1.040766e-02
2.592248e-01,6.790729e-03,8.677977e-03,7.810262e-02,3.060996e-02,1.326970e-02,8.419387e-03,1.035308e-01,3.915270e-02,1.291634e-03,4.277232e-03,1.261156e-02,4.251771e-01,8.144451e-04,8.049425e-03
3.229203e-01,8.929921e-03,7.715794e-03,6.911284e-02,2.984964e-02,1.812814e-02,7.746148e-03,8.953664e-02,5.150673e-02,1.082947e-03,4.439761e-03,1.572486e-02,3.651435e-01,1.050922e-03,7.111815e-03
3.346722e-01,1.128488e-02,8.764322e-03,6.208760e-02,3.730847e-02,2.036685e-02,1.056366e-02,1.058057e-01,6.362853e-02,9.525471e-04,4.777719e-03,2.171681e-02,3.101283e-01,1.188919e-03,6.753553e-03
2.593282e-01,9.296936e-03,6.442228e-03,4.566377e-02,3.621928e-02,1.530281e-02,7.990340e-03,3.210191e-01,5.454221e-02,6.913653e-04,3.599006e-03,1.589737e-02,2.182804e-01,8.974716e-04,4.829527e-03
1.894920e-01,7.358337e-03,9.740466e-03,3.768037e-02,3.088442e-02,1.225736e-02,5.962176e-03,4.934366e-01,4.007271e-02,5.550382e-04,2.609279e-03,1.147169e-02,1.542266e-01,6.947974e-04,3.558149e-03
1.413817e-01,5.752891e-03,1.311905e-02,2.913321e-02,2.498715e-02,9.355756e-03,4.574722e-03,6.202505e-01,2.905456e-02,4.511526e-04,1.896169e-03,8.183475e-03,1.086448e-01,5.436795e-04,2.671248e-03
1.319629e-01,4.974686e-03,1.735174e-02,2.402506e-02,1.877960e-02,1.039177e-02,4.927999e-03,6.755617e-01,2.241272e-02,4.212004e-04,1.448686e-03,6.235837e-03,7.866874e-02,4.897706e-04,2.347520e-03
1.615309e-01,4.932766e-03,1.516145e-02,1.828512e-02,1.418355e-02,1.165880e-02,5.362584e-03,6.842158e-01,1.746383e-02,4.214100e-04,1.253103e-03,5.201286e-03,5.701544e-02,6.075116e-04,2.706413e-03
1.753813e-01,4.268819e-03,1.171128e-02,1.334110e-02,1.039730e-02,1.010452e-02,4.106679e-03,7.052332e-01,1.426003e-02,3.617503e-04,1.123216e-03,4.807136e-03,4.161425e-02,5.993423e-04,2.690139e-03
2.851929e-01,4.286247e-03,9.703324e-03,1.051213e-02,7.992048e-03,9.946385e-03,3.398737e-03,6.096760e-01,1.630226e-02,3.717085e-04,1.454726e-03,5.628114e-03,3.107444e-02,8.470719e-04,3.613864e-03
3.815924e-01,4.112330e-03,8.436427e-03,8.756933e-03,6.284143e-03,1.003367e-02,2.898548e-03,5.235299e-01,1.645244e-02,4.147446e-04,1.901224e-03,6.638870e-03,2.304420e-02,1.144529e-03,4.759578e-03
1.000000e+00,0.000000e+00,0.000000e+00,0.000000e+00,0.000000e+00,0.000000e+00,0.000000e+00,0.000000e+00,0.000000e+00,0.000000e+00,0.000000e+00,0.000000e+00,0.000000e+00,0.000000e+00,0.000000e+00
1.000000e+00,0.000000e+00,0.000000e+00,0.000000e+00,0.000000e+00,0.000000e+00,0.000000e+00,0.000000e+00,0.000000e+00,0.000000e+00,0.000000e+00,0.000000e+00,0.000000e+00,0.000000e+00,0.000000e+00
