1.000000e+00,0.000000e+00,0.000000e+00,0.000000e+00,0.000000e+00,0.000000e+00,0.000000e+00,0.000000e+00,0.000000e+00,0.000000e+00,0.000000e+00,0.000000e+00,0.000000e+00,0.000000e+00,0.000000e+00
1.000000e+00,0.000000e+00,0.000000e+00,0.000000e+00,0.000000e+00,0.000000e+00,0.000000e+00,0.000000e+00,0.000000e+00,0.000000e+00,0.000000e+00,0.000000e+00,0.000000e+00,0.000000e+00,0.000000e+00
1.000000e+00,0.000000e+00,0.000000e+00,0.000000e+00,0.000000e+00,0.000000e+00,0.000000e+00,0.000000e+00,0.000000e+00,0.000000e+00,0.000000e+00,0.000000e+00,0.000000e+00,0.000000e+00,0.000000e+00
1.000000e+00,0.000000e+00,0.000000e+00,0.000000e+00,0.000000e+00,0.000000e+00,0.000000e+00,0.000000e+00,0.000000e+00,0.000000e+00,0.000000e+00,0.000000e+00,0.000000e+00,0.000000e+00,0.000000e+00
1.000000e+00,0.000000e+00,0.000000e+00,0.000000e+00,0.000000e+00,0.000000e+00,0.000000e+00,0.000000e+00,0.000000e+00,0.000000e+00,0.000000e+00,0.000000e+00,0.000000e+00,0.000000e+00,0.000000e+00
1.000000e+00,0.000000e+00,0.000000e+00,0.000000e+00,0.000000e+00,0.000000e+00,0.000000e+00,0.000000e+00,0.000000e+00,0.000000e+00,0.000000e+00,0.000000e+00,0.000000e+00,0.000000e+00,0.000000e+00
1.000000e+00,0.000000e+00,0.000000e+00,0.000000e+00,0.000000e+00,0.000000e+00,0.000000e+00,0.000000e+00,0.000000e+00,0.000000e+00,0.000000e+00,0.000000e+00,0.000000e+00,0.000000e+00,0.000000e+00
1.000000e+00,0.000000e+00,0.000000e+00,0.000000e+00,0.000000e+00,0.000000e+00,0.000000e+00,0.000000e+00,0.000000e+00,0.000000e+00,0.000000e+00,0.000000e+00,0.000000e+00,0.000000e+00,0.000000e+00
1.000000e+00,0.000000e+00,0.000000e+00,0.000000e+00,0.000000e+00,0.000000e+00,0.000000e+00,0.000000e+00,0.000000e+00,0.000000e+00,0.000000e+00,0.000000e+00,0.000000e+00,0.000000e+00,0.000000e+00
1.000000e+00,0.000000e+00,0.000000e+00,0.000000e+00,0.000000e+00,0.000000e+00,0.000000e+00,0.000000e+00,0.000000e+00,0.000000e+00,0.000000e+00,0.000000e+00,0.000000e+00,0.000000e+00,0.000000e+00
1.000000e+00,0.000000e+00,0.000000e+00,0.000000e+00,0.000000e+00,0.000000e+00,0.000000e+00,0.000000e+00,0.000000e+00,0.000000e+00,0.000000e+00,0.000000e+00,0.000000e+00,0.000000e+00,0.000000e+00
1.000000e+00,0.000000e+00,0.000000e+00,0.000000e+00,0.000000e+00,0.000000e+00,0.000000e+00,0.000000e+00,0.000000e+00,0.000000e+00,0.000000e+00,0.000000e+00,0.000000e+00,0.000000e+00,0.000000e+00
1.000000e+00,0.000000e+00,0.000000e+00,0.000000e+00,0.000000e+00,0.000000e+00,0.000000e+00,0.000000e+00,0.000000e+00,0.000000e+00,0.000000e+00,0.000000e+00,0.000000e+00,0.000000e+00,0.000000e+00
1.000000e+00,0.000000e+00,0.000000e+00,0.000000e+00,0.000000e+00,0.000000e+00,0.000000e+00,0.000000e+00,0.000000e+00,0.000000e+00,0.000000e+00,0.000000e+00,0.000000e+00,0.000000e+00,0.000000e+00
1.000000e+00,0.000000e+00,0.000000e+00,0.000000e+00,0.000000e+00,0.000000e+00,0.000000e+00,0.000000e+00,0.000000e+00,0.000000e+00,0.000000e+00,0.000000e+00,0.000000e+00,0.000000e+00,0.000000e+00
1.000000e+00,0.000000e+00,0.000000e+00,0.000000e+00,0.000000e+00,0.000000e+00,0.000000e+00,0.000000e+00,0.000000e+00,0.000000e+00,0.000000e+00,0.000000e+00,0.000000e+00,0.000000e+00,0.000000e+00
1.000000e+00,0.000000e+00,0.000000e+00,0.000000e+00,0.000000e+00,0.000000e+00,0.000000e+00,0.000000e+00,0.000000e+00,0.000000e+00,0.000000e+00,0.000000e+00,0.000000e+00,0.000000e+00,0.000000e+00
1.000000e+00,0.000000e+00,0.000000e+00,0.000000e+00,0.000000e+00,0.000000e+00,0.000000e+00,0.000000e+00,0.000000e+00,0.000000e+00,0.000000e+00,0.000000e+00,0.000000e+00,0.000000e+00,0.000000e+00
1.000000e+00,0.000000e+00,0.000000e+00,0.000000e+00,0.000000e+00,0.000000e+00,0.000000e+00,0.000000e+00,0.000000e+00,0.000000e+00,0.000000e+00,0.000000e+00,0.000000e+00,0.000000e+00,0.000000e+00
1.000000e+00,0.000000e+00,0.000000e+00,0.000000e+00,0.000000e+00,0.000000e+00,0.000000e+00,0.000000e+00,0.000000e+00,0.000000e+00,0.000000e+00,0.000000e+00,0.000000e+00,0.000000e+00,0.000000e+00
1.000000e+00,0.000000e+00,0.000000e+00,0.000000e+00,0.000000e+00,0.000000e+00,0.000000e+00,0.000000e+00,0.000000e+00,0.000000e+00,0.000000e+00,0.000000e+00,0.000000e+00,0.000000e+00,0.000000e+00
1.000000e+00,0.000000e+00,0.000000e+00,0.000000e+00,0.000000e+00,0.000000e+00,0.000000e+00,0.000000e+00,0.000000e+00,0.000000e+00,0.000000e+00,0.000000e+00,0.000000e+00,0.000000e+00,0.000000e+00
1.000000e+00,0.000000e+00,0.000000e+00,0.000000e+00,0.000000e+00,0.000000e+00,0.000000e+00,0.000000e+00,0.000000e+00,0.000000e+00,0.000000e+00,0.000000e+00,0.000000e+00,0.000000e+00,0.000000e+00
1.000000e+00,0.000000e+00,0.000000e+00,0.000000e+00,0.000000e+00,0.000000e+00,0.000000e+00,0.000000e+00,0.000000e+00,0.000000e+00,0.000000e+00,0.000000e+00,0.000000e+00,0.000000e+00,0.000000e+00
1.000000e+00,0.000000e+00,0.000000e+00,0.000000e+00,0.000000e+00,0.000000e+00,0.000000e+00,0.000000e+00,0.000000e+00,0.000000e+00,0.000000e+00,0.000000e+00,0.000000e+00,0.000000e+00,0.000000e+00
1.000000e+00,0.000000e+00,0.000000e+00,0.000000e+00,0.000000e+00,0.000000e+00,0.000000e+00,0.000000e+00,0.000000e+00,0.000000e+00,0.000000e+00,0.000000e+00,0.000000e+00,0.000000e+00,0.000000e+00
1.000000e+00,0.000000e+00,0.000000e+00,0.000000e+00,0.000000e+00,0.000000e+00,0.000000e+00,0.000000e+00,0.000000e+00,0.000000e+00,0.000000e+00,0.000000e+00,0.000000e+00,0.000000e+00,0.000000e+00
1.000000e+00,0.000000e+00,0.000000e+00,0.000000e+00,0.000000e+00,0.000000e+00,0.000000e+00,0.000000e+00,0.000000e+00,0.000000e+00,0.000000e+00,0.000000e+00,0.000000e+00,0.000000e+00,0.000000e+00
1.000000e+00,0.000000e+00,0.000000e+00,0.000000e+00,0.000000e+00,0.000000e+00,0.000000e+00,0.000000e+00,0.000000e+00,0.000000e+00,0.000000e+00,0.000000e+00,0.000000e+00,0.000000e+00,0.000000e+00
1.000000e+00,0.000000e+00,0.000000e+00,0.000000e+00,0.000000e+00,0.000000e+00,0.000000e+00,0.000000e+00,0.000000e+00,0.000000e+00,0.000000e+00,0.000000e+00,0.000000e+00,0.000000e+00,0.000000e+00
1.000000e+00,0.000000e+00,0.000000e+00,0.000000e+00,0.000000e+00,0.000000e+00,0.000000e+00,0.000000e+00,0.000000e+00,0.000000e+00,0.000000e+00,0.000000e+00,0.000000e+00,0.000000e+00,0.000000e+00
1.000000e+00,0.000000e+00,0.000000e+00,0.000000e+00,0.000000e+00,0.000000e+00,0.000000e+00,0.000000e+00,0.000000e+00,0.000000e+00,0.000000e+00,0.000000e+00,0.000000e+00,0.000000e+00,0.000000e+00
1.000000e+00,0.000000e+00,0.000000e+00,0.000000e+00,0.000000e+00,0.000000e+00,0.000000e+00,0.000000e+00,0.000000e+00,0.000000e+00,0.000000e+00,0.000000e+00,0.000000e+00,0.000000e+00,0.000000e+00
1.000000e+00,0.000000e+00,0.000000e+00,0.000000e+00,0.000000e+00,0.000000e+00,0.000000e+00,0.000000e+00,0.000000e+00,0.000000e+00,0.000000e+00,0.000000e+00,0.000000e+00,0.000000e+00,0.000000e+00
1.000000e+00,0.000000e+00,0.000000e+00,0.000000e+00,0.000000e+00,0.000000e+00,0.000000e+00,0.000000e+00,0.000000e+00,0.000000e+00,0.000000e+00,0.000000e+00,0.000000e+00,0.000000e+00,0.000000e+00
1.000000e+00,0.000000e+00,0.000000e+00,0.000000e+00,0.000000e+00,0.000000e+00,0.000000e+00,0.000000e+00,0.000000e+00,0.000000e+00,0.000000e+00,0.000000e+00,0.000000e+00,0.000000e+00,0.000000e+00
1.000000e+00,0.000000e+00,0.000000e+00,0.000000e+00,0.000000e+00,0.000000e+00,0.000000e+00,0.000000e+00,0.000000e+00,0.000000e+00,0.000000e+00,0.000000e+00,0.000000e+00,0.000000e+00,0.000000e+00
1.000000e+00,0.000000e+00,0.000000e+00,0.000000e+00,0.000000e+00,0.000000e+00,0.000000e+00,0.000000e+00,0.000000e+00,0.000000e+00,0.000000e+00,0.000000e+00,0.000000e+00,0.000000e+00,0.000000e+00
1.000000e+00,0.000000e+00,0.000000e+00,0.000000e+00,0.000000e+00,0.000000e+00,0.000000e+00,0.000000e+00,0.000000e+00,0.000000e+00,0.000000e+00,0.000000e+00,0.000000e+00,0.000000e+00,0.000000e+00
1.000000e+00,0.000000e+00,0.000000e+00,0.000000e+00,0.000000e+00,0.000000e+00,0.000000e+00,0.000000e+00,0.000000e+00,0.000000e+00,0.000000e+00,0.000000e+00,0.000000e+00,0.000000e+00,0.000000e+00
1.000000e+00,0.000000e+00,0.000000e+00,0.000000e+00,0.000000e+00,0.000000e+00,0.000000e+00,0.000000e+00,0.000000e+00,0.000000e+00,0.000000e+00,0.000000e+00,0.000000e+00,0.000000e+00,0.000000e+00
1.000000e+00,0.000000e+00,0.000000e+00,0.000000e+00,0.000000e+00,0.000000e+00,0.000000e+00,0.000000e+00,0.000000e+00,0.000000e+00,0.000000e+00,0.000000e+00,0.000000e+00,0.000000e+00,0.000000e+00
1.000000e+00,0.000000e+00,0.000000e+00,0.000000e+00,0.000000e+00,0.000000e+00,0.000000e+00,0.000000e+00,0.000000e+00,0.000000e+00,0.000000e+00,0.000000e+00,0.000000e+00,0.000000e+00,0.000000e+00
1.000000e+00,0.000000e+00,0.000000e+00,0.000000e+00,0.000000e+00,0.000000e+00,0.000000e+00,0.000000e+00,0.000000e+00,0.000000e+00,0.000000e+00,0.000000e+00,0.000000e+00,0.000000e+00,0.000000e+00
1.000000e+00,0.000000e+00,0.000000e+00,0.000000e+00,0.000000e+00,0.000000e+00,0.000000e+00,0.000000e+00,0.000000e+00,0.000000e+00,0.000000e+00,0.000000e+00,0.000000e+00,0.000000e+00,0.000000e+00
4.573815e-01,5.093742e-02,1.236806e-02,1.160219e-01,2.101626e-02,3.980409e-02,1.854555e-02,2.475692e-02,3.392613e-02,3.716107e-03,2.919826e-02,1.189787e-01,4.412180e-02,4.586435e-03,2.464090e-02
4.151054e-01,5.784216e-02,1.236385e-02,1.236368e-01,2.517342e-02,4.547054e-02,1.999752e-02,2.411027e-02,3.629130e-02,4.006401e-03,2.587742e-02,1.231551e-01,5.537360e-02,4.608575e-03,2.698758e-02
4.017006e-01,6.426275e-02,1.239719e-02,1.312674e-01,2.851116e-02,4.468443e-02,1.960405e-02,2.395267e-02,3.745721e-02,3.964853e-03,2.262763e-02,1.174004e-01,5.926856e-02,4.277293e-03,2.862386e-02
3.778134e-01,7.740852e-02,1.326170e-02,1.440576e-01,3.216704e-02,4.188902e-02,1.862662e-02,2.398865e-02,3.958558e-02,4.242117e-03,1.959115e-02,1.089514e-01,6.084712e-02,4.079927e-03,3.349022e-02
3.042830e-01,6.844954e-02,2.289491e-02,1.401401e-01,5.247298e-02,5.809160e-02,6.148957e-02,6.037906e-02,3.268613e-02,3.294347e-03,1.648027e-02,9.412412e-02,5.492293e-02,3.303750e-03,2.698776e-02
2.880825e-01,5.834456e-02,4.354629e-02,1.395641e-01,4.407667e-02,9.023333e-02,5.860496e-02,7.381838e-02,2.616876e-02,2.811457e-03,1.465242e-02,8.169416e-02,5.322734e-02,2.659708e-03,2.251538e-02
2.261616e-01,4.416038e-02,5.768620e-02,1.082027e-01,3.660257e-02,8.488598e-02,1.580771e-01,1.251113e-01,1.928424e-02,2.120222e-03,1.138023e-02,6.277278e-02,4.437884e-02,2.056767e-03,1.711917e-02
1.744455e-01,3.147312e-02,7.720318e-02,7.961904e-02,2.711722e-02,9.277639e-02,2.926594e-01,1.048267e-01,1.368150e-02,1.582895e-03,8.356747e-03,4.613332e-02,3.590593e-02,1.586354e-03,1.263286e-02
1.335121e-01,2.255800e-02,7.012267e-02,5.765022e-02,1.975694e-02,1.124326e-01,3.700725e-01,1.236889e-01,9.689947e-03,1.194852e-03,6.166481e-03,3.350054e-02,2.883121e-02,1.262011e-03,9.561106e-03
9.510047e-02,1.587993e-02,5.130034e-02,4.068881e-02,1.409344e-02,8.701716e-02,4.638083e-01,1.678219e-01,6.803542e-03,8.531509e-04,4.354669e-03,2.355497e-02,2.103485e-02,9.195451e-04,6.769029e-03
6.718057e-02,1.113848e-02,3.639033e-02,2.853588e-02,9.948377e-03,6.627773e-02,5.823272e-01,1.528178e-01,4.767887e-03,6.020901e-04,3.056545e-03,1.651960e-02,1.502926e-02,6.534964e-04,4.754756e-03
4.962676e-02,7.850134e-03,2.682362e-02,2.017140e-02,7.178067e-03,5.514236e-02,5.576938e-01,2.431845e-01,3.350647e-03,4.416388e-04,2.167925e-03,1.163159e-02,1.084022e-02,5.110786e-04,3.386258e-03
3.601564e-02,5.554778e-03,1.934409e-02,1.426826e-02,5.300671e-03,4.419751e-02,5.742537e-01,2.779684e-01,2.356615e-03,3.194017e-04,1.554284e-03,8.182493e-03,7.901125e-03,3.826461e-04,2.400389e-03
2.598296e-02,3.933603e-03,1.411799e-02,1.020521e-02,4.061900e-03,3.555679e-02,5.650818e-01,3.242888e-01,1.672668e-03,2.519054e-04,1.141885e-03,5.789672e-03,5.895055e-03,3.009683e-04,1.718766e-03
1.989206e-02,2.865933e-03,1.070791e-02,7.624853e-03,4.037472e-03,2.715830e-02,4.782168e-01,4.371471e-01,1.218520e-03,2.370138e-04,8.325708e-04,4.158833e-03,4.384084e-03,2.572305e-04,1.261319e-03
2.120863e-02,2.237947e-03,8.552228e-03,5.814396e-03,4.451388e-03,2.035184e-02,3.939400e-01,5.335432e-01,9.078659e-04,2.889825e-04,6.193432e-04,3.188854e-03,3.566841e-03,2.608717e-04,1.067561e-03
2.295796e-02,1.773627e-03,7.524084e-03,4.676966e-03,5.140251e-03,1.532600e-02,3.570376e-01,5.769076e-01,7.228162e-04,3.361528e-04,4.881090e-04,2.660617e-03,3.190543e-03,3.003617e-04,9.572565e-04
1.810865e-02,1.335002e-03,6.944647e-03,3.515207e-03,6.103233e-03,1.103350e-02,3.626780e-01,5.834755e-01,5.307071e-04,2.768930e-04,3.756928e-04,2.016646e-03,2.590842e-03,2.565203e-04,7.589177e-04
1.580706e-02,1.180029e-03,6.195162e-03,2.777914e-03,6.325866e-03,8.303429e-03,3.498649e-01,6.031156e-01,4.070331e-04,4.069871e-04,3.809478e-04,1.633347e-03,2.475356e-03,2.432875e-04,8.831008e-04
1.684182e-02,1.499181e-03,5.306519e-03,2.451912e-03,8.469150e-03,8.300385e-03,3.436787e-01,5.996768e-01,4.413110e-04,2.344145e-03,9.007490e-04,1.807140e-03,3.965224e-03,3.491136e-04,3.967700e-03
5.135663e-02,2.617073e-03,4.896867e-03,2.488820e-03,9.457247e-03,3.489118e-02,3.119127e-01,5.487277e-01,8.922002e-04,5.308007e-03,1.516212e-03,2.498358e-03,1.013011e-02,4.284643e-04,1.287847e-02
3.656505e-02,2.105683e-03,3.816373e-03,1.987069e-03,7.828661e-03,3.061661e-02,2.383702e-01,4.097353e-01,1.114875e-03,6.036520e-03,1.446389e-03,2.063056e-03,2.439094e-01,3.907153e-04,1.401417e-02
2.748720e-02,1.769603e-03,2.778280e-03,1.660233e-03,6.580628e-03,2.439179e-02,1.714591e-01,2.948126e-01,1.627441e-03,4.861952e-03,1.822045e-03,2.105084e-03,4.373518e-01,3.629569e-04,2.092937e-02
1.968467e-02,1.317742e-03,2.059980e-03,1.409995e-03,7.593664e-03,1.964377e-02,1.262586e-01,2.079667e-01,1.667997e-03,3.964352e-03,1.773852e-03,1.829731e-03,5.734717e-01,3.000402e-04,3.105719e-02
1.422233e-02,9.731940e-04,1.498781e-03,1.218521e-03,1.195927e-02,1.445361e-02,9.062214e-02,1.460109e-01,1.815816e-03,3.135146e-03,1.737752e-03,1.628708e-03,6.696793e-01,2.697039e-04,4.077489e-02
1.140668e-02,8.231614e-04,1.089212e-03,8.984448e-04,9.801824e-03,1.143521e-02,6.444270e-02,1.022887e-01,1.518145e-03,2.466677e-03,1.335835e-03,1.967374e-03,7.545804e-01,1.997440e-04,3.574589e-02
8.416943e-03,5.927074e-04,7.736148e-04,6.398401e-04,7.035770e-03,8.637326e-03,4.545312e-02,7.162514e-02,1.129421e-03,1.814594e-03,1.010190e-03,2.258448e-03,8.213718e-01,1.443179e-04,2.909677e-02
6.069571e-03,4.576330e-04,8.342911e-04,4.734375e-04,7.805213e-03,7.800992e-03,4.730566e-02,5.064885e-02,1.264703e-03,1.373447e-03,1.233103e-03,4.788330e-03,8.378443e-01,2.479015e-04,3.185257e-02
5.424287e-03,4.215107e-04,6.768784e-04,3.613099e-04,6.273001e-03,7.365133e-03,3.372821e-02,3.554900e-02,1.186287e-03,9.974714e-04,1.151486e-03,5.323787e-03,8.753115e-01,2.296306e-04,2.600050e-02
5.570862e-03,3.388484e-04,5.461997e-04,3.050137e-04,6.123534e-03,1.855719e-02,2.410768e-02,2.501760e-02,1.218247e-03,7.282553e-04,1.349600e-03,7.303498e-03,8.896862e-01,3.186136e-04,1.882866e-02
8.350980e-03,8.473209e-04,5.663321e-04,5.845405e-04,5.465207e-03,3.438764e-02,1.708723e-02,1.793855e-02,5.522781e-03,7.461823e-04,8.564217e-03,1.540744e-02,8.697076e-01,1.034645e-03,1.378936e-02
1.010962e-02,2.147437e-03,8.245111e-04,8.445260e-04,5.849582e-03,4.341650e-02,1.234410e-02,1.478269e-02,2.088638e-02,7.928665e-04,8.993517e-03,2.527801e-02,8.429410e-01,8.565058e-04,9.932752e-03
1.185824e-02,7.408243e-03,8.733764e-04,1.528339e-03,9.282783e-03,6.289087e-02,9.355339e-03,1.079127e-02,8.109795e-02,1.072135e-03,8.033540e-03,2.685347e-02,7.605472e-01,6.373185e-04,7.769965e-03
1.331737e-02,1.110276e-02,8.012565e-04,2.313123e-03,9.704104e-03,8.647625e-02,6.732871e-03,7.915711e-03,1.215318e-01,1.460879e-03,7.664880e-03,2.695535e-02,6.975147e-01,4.685898e-04,6.040442e-03
1.954475e-02,2.064066e-02,2.121455e-03,5.079048e-03,1.252992e-02,1.278267e-01,5.320619e-03,7.225859e-03,1.730833e-01,1.495352e-03,9.258294e-03,2.914001e-02,5.798884e-01,4.893392e-04,6.356364e-03
2.256436e-02,2.398793e-02,2.128290e-03,1.356840e-02,1.295960e-02,1.524257e-01,4.108919e-03,6.856354e-03,2.187166e-01,2.095411e-03,1.626578e-02,4.182385e-02,4.739823e-01,7.530850e-04,7.763356e-03
2.485434e-02,1.916645e-02,3.016386e-03,1.395740e-02,1.443799e-02,1.377292e-01,3.259216e-03,2.331391e-02,1.936694e-01,1.701407e-03,1.452373e-02,3.791555e-02,5.035367e-01,7.104452e-04,8.207840e-03
2.104901e-02,1.992437e-02,3.077664e-03,2.428828e-02,1.481215e-02,2.241320e-01,2.815789e-03,1.869567e-02,2.272951e-01,2.585315e-03,1.963818e-02,3.048086e-02,3.712576e-01,1.221563e-03,1.872633e-02
1.607082e-02,2.030708e-02,3.051756e-03,4.590151e-02,1.554674e-02,2.679645e-01,2.278439e-03,1.845676e-02,2.516218e-01,2.888815e-03,2.070951e-02,2.446155e-02,2.887738e-01,1.076209e-03,2.089057e-02
1.476494e-02,5.058847e-02,3.485445e-03,1.309029e-01,1.154224e-02,2.176784e-01,1.630008e-03,1.331489e-02,2.812510e-01,2.531026e-03,2.272103e-02,1.833134e-02,2.090907e-01,9.307081e-04,2.123689e-02
4.666111e-02,3.744570e-02,3.861110e-03,9.603779e-02,2.125590e-02,2.178423e-01,1.288084e-03,1.046663e-02,2.490691e-01,2.104596e-03,4.123038e-02,2.433358e-02,2.290781e-01,2.274371e-03,1.705122e-02
3.564648e-02,3.475188e-02,5.746322e-03,1.573046e-01,3.022576e-02,1.568320e-01,1.036690e-03,8.008081e-03,2.322489e-01,2.123208e-03,5.081675e-02,4.619337e-02,2.232476e-01,2.163088e-03,1.365525e-02
3.086258e-02,3.492076e-02,7.909568e-03,1.977141e-01,2.809200e-02,1.257328e-01,9.517404e-04,6.936076e-03,2.222435e-01,3.004965e-03,7.027578e-02,4.617567e-02,2.091470e-01,3.158915e-03,1.287455e-02
4.018057e-02,4.168013e-02,8.696702e-03,1.634863e-01,3.753578e-02,1.258132e-01,1.354912e-03,6.151941e-03,2.753572e-01,3.237537e-03,7.341282e-02,3.718634e-02,1.590289e-01,7.336861e-03,1.954078e-02
1.110397e-01,3.885375e-02,1.182039e-02,1.274127e-01,3.906757e-02,1.268189e-01,1.673612e-03,7.415007e-03,2.528128e-01,5.424713e-03,6.997722e-02,2.953289e-02,1.192692e-01,1.556275e-02,4.331870e-02
1.560171e-01,5.356957e-02,1.447511e-02,9.965113e-02,4.793896e-02,1.083758e-01,3.378094e-03,9.030196e-03,2.252531e-01,9.138850e-03,5.349874e-02,2.467381e-02,9.679896e-02,1.441025e-02,8.379040e-02
1.907973e-01,5.646776e-02,1.392681e-02,8.133300e-02,7.462914e-02,8.583945e-02,6.243293e-03,2.524451e-02,2.418207e-01,8.524958e-03,4.009154e-02,2.076573e-02,7.135622e-02,1.251895e-02,7.044063e-02
1.537519e-01,4.381502e-02,1.142630e-02,5.969060e-02,8.661044e-02,6.169228e-02,7.626067e-03,2.226375e-01,1.931198e-01,6.034445e-03,2.845303e-02,1.480072e-02,5.066768e-02,9.307663e-03,5.036658e-02
1.283354e-01,3.316630e-02,9.252686e-03,4.343548e-02,7.680741e-02,4.506143e-02,7.790515e-03,3.999333e-01,1.398654e-01,4.405219e-03,2.072066e-02,1.075969e-02,3.672544e-02,6.869159e-03,3.687191e-02
9.436976e-02,2.410595e-02,1.191710e-02,3.157555e-02,5.716340e-02,3.447182e-02,6.707925e-03,5.576283e-01,9.833176e-02,3.285903e-03,1.489826e-02,7.811589e-03,2.618763e-02,4.941504e-03,2.660358e-02
7.067116e-02,1.738312e-02,9.719552e-03,2.357626e-02,4.336973e-02,2.539505e-02,6.263068e-03,6.747394e-01,6.934997e-02,2.382127e-03,1.068051e-02,5.543909e-03,1.860268e-02,3.537052e-03,1.878646e-02
5.336821e-02,1.232017e-02,8.181553e-03,1.757114e-02,3.396244e-02,1.820684e-02,5.402735e-03,7.602762e-01,4.879233e-02,1.687363e-03,7.553664e-03,3.898019e-03,1.309171e-02,2.500397e-03,1.318721e-02
4.012242e-02,8.849546e-03,6.476845e-03,1.269761e-02,2.738656e-02,1.498287e-02,1.425869e-02,8.103774e-01,3.444913e-02,1.235071e-03,5.485697e-03,2.753175e-03,9.842323e-03,1.790178e-03,9.292371e-03
3.538909e-02,6.740413e-03,5.884959e-03,9.271232e-03,2.370645e-02,1.526043e-02,1.656355e-02,8.390250e-01,2.443192e-02,9.726965e-04,4.203225e-03,1.999624e-03,8.521808e-03,1.351037e-03,6.678578e-03
2.887421e-02,5.376934e-03,5.384409e-03,6.870856e-03,1.962900e-02,2.150952e-02,2.014969e-02,8.542871e-01,1.740470e-02,9.078642e-04,3.825020e-03,1.807482e-03,7.758747e-03,1.038355e-03,5.176136e-03
2.718624e-02,3.932620e-03,7.654428e-03,5.783826e-03,2.600655e-02,2.703369e-02,2.549000e-02,8.404952e-01,1.232317e-02,4.468196e-03,3.267879e-03,1.366402e-03,8.523464e-03,8.392311e-04,5.629171e-03
2.623037e-02,2.855780e-03,6.739171e-03,4.279102e-03,2.076343e-02,3.502131e-02,2.698589e-02,8.459648e-01,8.729440e-03,6.070421e-03,2.503354e-03,1.003381e-03,7.478467e-03,6.202449e-04,4.754832e-03
2.489795e-02,8.792040e-03,1.627050e-02,4.434005e-03,2.685280e-02,1.177675e-01,2.201946e-02,6.814585e-01,7.069643e-03,5.626738e-02,5.675703e-03,3.730305e-03,1.087624e-02,2.859876e-03,1.102814e-02
3.283339e-02,6.572676e-03,1.566485e-02,3.399451e-03,2.298518e-02,1.875676e-01,1.685636e-02,5.422202e-01,6.697756e-03,5.022889e-02,1.511622e-02,3.774381e-03,2.131312e-02,1.042780e-02,6.434217e-02
4.357760e-02,5.125774e-03,1.439398e-02,2.661952e-03,2.192105e-02,1.565872e-01,1.454072e-02,4.532881e-01,8.464803e-03,6.194346e-02,1.842258e-02,3.031286e-03,2.091871e-02,2.366684e-02,1.514559e-01
3.903880e-02,4.914141e-03,1.251788e-02,2.241028e-03,2.448103e-02,1.184651e-01,1.396354e-02,3.221297e-01,2.159799e-02,1.073105e-01,2.306981e-02,3.882813e-03,2.641038e-02,2.795316e-02,2.520241e-01
3.924468e-02,5.219930e-03,1.203439e-02,2.244088e-03,2.641005e-02,9.056845e-02,1.862988e-02,2.316203e-01,2.517499e-02,1.985292e-01,4.186492e-02,5.634702e-03,2.704688e-02,3.954894e-02,2.362286e-01
3.231848e-02,4.280712e-03,9.243961e-03,2.753863e-03,2.129910e-02,6.740092e-02,1.834879e-02,1.631754e-01,2.904563e-02,1.561233e-01,7.403703e-02,1.077419e-02,2.975146e-02,1.749212e-01,2.065260e-01
3.461074e-02,4.018913e-03,7.883475e-03,3.413907e-03,1.684734e-02,5.455136e-02,1.813749e-02,1.149988e-01,3.172000e-02,1.397699e-01,9.254791e-02,1.601677e-02,2.755700e-02,2.473746e-01,1.905518e-01
1.210618e-01,1.040350e-02,8.214287e-03,6.398532e-03,1.565009e-02,4.495890e-02,1.540331e-02,8.269288e-02,3.478567e-02,1.177458e-01,1.005504e-01,2.327932e-02,2.374103e-02,2.506059e-01,1.445087e-01
8.805694e-02,9.747242e-03,8.381139e-03,5.135390e-03,1.268821e-02,4.039702e-02,1.111707e-02,5.805643e-02,4.470770e-02,8.640970e-02,1.043933e-01,1.934404e-02,1.804707e-02,3.844716e-01,1.090472e-01
6.933795e-02,9.214934e-03,6.568056e-03,4.331751e-03,1.193027e-02,3.507791e-02,7.952202e-03,4.092519e-02,5.809000e-02,6.503869e-02,1.114137e-01,1.813875e-02,1.503074e-02,4.676559e-01,7.929403e-02
5.053829e-02,7.288412e-03,4.751693e-03,3.265487e-03,1.691819e-02,2.498245e-02,5.630107e-03,2.871746e-02,1.172487e-01,4.721781e-02,1.035773e-01,1.795872e-02,1.308166e-02,5.022961e-01,5.652767e-02
3.606852e-02,5.407161e-03,3.401991e-03,2.523588e-03,1.794450e-02,1.776972e-02,3.992870e-03,2.019840e-02,2.007314e-01,3.480732e-02,8.732516e-02,1.708908e-02,1.025932e-02,5.020333e-01,4.044768e-02
2.870386e-02,4.155347e-03,2.699332e-03,2.978684e-03,1.474169e-02,1.692476e-02,3.171465e-03,1.450149e-02,3.407512e-01,2.764706e-02,7.292340e-02,1.896823e-02,8.944407e-03,4.134503e-01,2.943882e-02
2.332751e-02,3.302486e-03,2.109158e-03,2.752015e-03,1.120092e-02,1.285674e-02,2.275707e-03,1.035089e-02,3.908700e-01,2.142875e-02,6.736736e-02,1.739066e-02,7.465238e-03,4.060381e-01,2.126448e-02
1.686064e-02,2.773105e-03,1.702351e-03,2.171491e-03,1.118283e-02,9.263886e-03,1.602577e-03,7.263721e-03,4.429871e-01,1.628293e-02,7.061684e-02,1.373302e-02,5.960376e-03,3.819253e-01,1.567381e-02
1.217351e-02,2.043936e-03,1.304893e-03,1.706338e-03,8.895336e-03,6.703144e-03,1.125549e-03,5.099355e-03,5.657666e-01,1.185877e-02,5.302645e-02,9.695717e-03,4.246633e-03,3.050260e-01,1.132781e-02
8.674179e-03,1.562617e-03,1.103194e-03,1.380740e-03,7.662002e-03,4.860745e-03,7.943213e-04,3.612403e-03,6.488998e-01,8.661581e-03,3.880439e-02,6.853315e-03,3.045354e-03,2.558890e-01,8.196377e-03
6.900936e-03,1.201829e-03,8.770509e-04,1.175883e-03,6.401353e-03,4.709779e-03,5.653102e-04,2.551235e-03,6.781191e-01,6.445210e-03,3.807886e-02,5.229501e-03,2.613840e-03,2.380273e-01,7.102828e-03
5.084114e-03,9.619297e-04,7.859693e-04,1.007894e-03,5.414491e-03,3.996715e-03,4.006800e-04,1.792213e-03,6.414261e-01,4.807039e-03,3.734732e-02,3.855241e-03,2.043198e-03,2.854012e-01,5.675909e-03
4.330795e-03,7.267787e-04,7.829070e-04,8.331485e-04,5.901493e-03,3.089115e-03,2.941493e-04,1.359237e-03,7.132841e-01,3.685235e-03,3.004434e-02,3.036834e-03,1.687525e-03,2.266031e-01,4.341128e-03
4.823891e-03,6.939681e-04,1.201663e-03,6.916930e-04,5.851738e-03,3.729271e-03,2.474589e-04,1.551541e-03,7.466250e-01,3.259191e-03,2.548436e-02,2.731075e-03,1.599100e-03,1.980858e-01,3.424248e-03
7.304560e-03,7.374485e-04,1.492273e-03,6.659008e-04,5.277325e-03,6.340710e-03,1.965417e-04,1.273254e-03,7.335186e-01,3.309238e-03,2.795824e-02,3.399651e-03,2.078423e-03,2.028679e-01,3.579918e-03
6.196303e-03,6.490665e-04,1.195619e-03,6.740850e-04,4.433267e-03,5.107061e-03,1.582695e-04,1.154759e-03,6.997362e-01,3.356624e-03,4.081110e-02,4.240612e-03,4.448023e-03,2.247546e-01,3.084304e-03
5.713470e-03,5.906190e-04,1.108669e-03,5.900511e-04,4.022384e-03,4.283796e-03,1.488699e-04,8.953876e-04,6.392058e-01,3.665652e-03,4.571988e-02,3.274977e-03,3.671164e-03,2.842204e-01,2.888848e-03
9.014076e-03,1.054822e-03,8.018331e-03,9.330869e-04,4.337281e-03,4.533114e-03,1.485176e-04,1.122958e-03,5.795096e-01,6.642646e-03,5.690416e-02,3.183373e-03,4.272637e-03,3.156658e-01,4.659540e-03
8.896073e-03,1.094000e-03,6.276355e-03,1.568345e-03,5.170280e-03,5.009205e-03,2.852730e-04,9.629348e-04,5.598616e-01,4.177072e-02,6.152662e-02,1.160124e-02,1.761347e-02,2.664039e-01,1.195999e-02
7.823332e-03,1.296594e-03,5.289910e-03,3.225053e-03,1.363547e-02,9.036819e-03,1.235328e-03,1.013937e-03,5.300757e-01,5.969483e-02,6.525299e-02,1.333875e-02,3.623680e-02,2.283902e-01,2.445429e-02
6.814079e-03,1.061844e-03,5.010068e-03,7.216536e-03,3.960638e-02,8.405648e-03,2.357387e-03,7.716988e-02,4.276309e-01,7.185191e-02,8.416830e-02,2.769798e-02,4.351110e-02,1.791574e-01,1.834050e-02
4.908272e-03,1.457307e-03,3.555965e-03,5.258652e-03,2.844731e-02,7.618232e-03,1.754489e-03,5.536660e-02,5.758468e-01,5.125472e-02,6.227586e-02,2.486218e-02,3.817343e-02,1.261652e-01,1.305498e-02
5.126729e-03,2.205090e-03,3.139637e-03,5.845000e-03,3.451841e-02,8.948901e-03,1.081930e-02,7.076922e-02,6.077616e-01,4.013560e-02,5.088612e-02,2.029437e-02,4.024775e-02,8.937863e-02,9.923656e-03
1.199007e-02,1.899841e-03,2.928317e-03,9.784094e-03,6.652308e-02,2.692483e-02,1.313265e-02,5.228476e-02,6.344267e-01,2.902269e-02,3.692383e-02,1.440379e-02,2.977492e-02,6.266443e-02,7.316048e-03
1.986539e-02,2.056203e-03,2.894377e-03,2.214242e-02,8.070552e-02,4.487770e-02,1.250595e-02,4.236057e-02,6.428237e-01,2.113524e-02,2.674282e-02,1.023613e-02,2.171939e-02,4.395956e-02,5.975051e-03
4.600788e-02,2.871583e-03,3.131445e-03,3.195116e-02,1.111672e-01,6.075212e-02,1.087000e-02,4.042152e-02,5.972851e-01,1.541140e-02,1.976575e-02,7.441632e-03,1.652963e-02,3.097019e-02,5.423450e-03
1.051248e-01,7.420856e-03,3.961290e-03,2.853380e-02,1.340408e-01,8.265401e-02,9.573272e-03,3.130127e-02,5.214918e-01,1.105688e-02,1.639926e-02,5.692444e-03,1.476025e-02,2.238481e-02,5.604472e-03
1.153940e-01,1.362592e-02,3.874018e-03,5.431006e-02,2.037308e-01,7.889721e-02,1.422162e-02,3.343827e-02,4.147385e-01,7.930861e-03,1.436765e-02,6.276168e-03,1.799590e-02,1.629112e-02,4.907907e-03
1.825791e-01,1.720169e-02,3.514057e-03,5.708236e-02,1.817899e-01,8.489271e-02,1.160000e-02,2.775466e-02,3.640462e-01,6.239738e-03,1.325668e-02,1.052401e-02,1.939293e-02,1.337489e-02,6.751019e-03
1.751039e-01,1.493102e-02,3.234757e-03,5.705869e-02,2.085420e-01,7.154346e-02,1.142775e-02,9.954545e-02,2.971401e-01,4.523058e-03,1.235197e-02,1.070297e-02,1.857252e-02,1.013426e-02,5.188129e-03
2.091588e-01,1.214931e-02,3.855316e-03,4.363247e-02,2.114893e-01,5.751073e-02,1.415016e-02,1.603186e-01,2.355054e-01,3.327872e-03,1.064582e-02,1.007681e-02,1.676684e-02,7.464841e-03,3.947738e-03
2.938815e-01,1.133894e-02,4.898731e-03,3.618259e-02,2.111092e-01,4.675736e-02,1.605733e-02,1.252404e-01,1.711889e-01,3.165268e-03,2.481834e-02,1.493711e-02,2.984984e-02,6.038778e-03,4.535724e-03
2.744994e-01,1.087766e-02,4.467888e-03,3.462910e-02,1.572944e-01,4.612732e-02,1.412470e-02,9.356203e-02,1.330249e-01,4.689934e-03,2.506618e-02,3.117248e-02,1.583103e-01,5.085919e-03,7.067831e-03
2.213089e-01,1.115956e-02,4.667916e-03,3.848150e-02,1.122962e-01,4.714545e-02,1.158651e-02,6.834835e-02,1.069102e-01,4.827708e-03,2.346325e-02,4.743237e-02,2.897772e-01,4.255436e-03,8.339418e-03
1.841331e-01,8.823531e-03,4.103482e-03,3.049402e-02,8.165175e-02,5.021144e-02,1.008123e-02,5.233240e-02,8.097164e-02,3.814575e-03,2.357106e-02,5.832563e-02,4.004282e-01,3.121223e-03,7.936697e-03
1.498986e-01,1.034789e-02,4.076248e-03,3.219266e-02,6.573627e-02,6.187314e-02,1.382064e-02,3.893054e-02,8.799100e-02,2.888091e-03,1.858336e-02,5.653598e-02,4.484869e-01,2.388045e-03,6.250588e-03
1.166017e-01,7.759472e-03,3.006027e-03,2.276423e-02,4.696439e-02,4.760800e-02,1.052167e-02,2.786437e-02,6.211858e-02,2.069984e-03,1.364120e-02,6.226611e-02,5.702137e-01,1.728715e-03,4.871903e-03
9.292619e-02,5.962226e-03,2.347028e-03,1.639597e-02,3.480156e-02,3.963993e-02,8.875892e-03,2.033785e-02,4.865243e-02,1.501322e-03,1.062589e-02,5.530390e-02,6.574048e-01,1.309135e-03,3.915940e-03
7.453704e-02,4.352028e-03,1.717324e-03,1.176923e-02,2.516180e-02,3.423475e-02,6.585246e-03,1.471826e-02,3.606220e-02,1.076580e-03,7.933013e-03,4.581758e-02,7.321092e-01,9.904061e-04,2.935402e-03
5.461928e-02,3.161914e-03,1.270931e-03,8.343664e-03,1.936161e-02,2.712920e-02,4.960728e-03,1.050725e-02,2.551552e-02,7.811517e-04,5.964148e-03,5.174490e-02,7.835680e-01,7.274068e-04,2.344360e-03
4.456156e-02,2.715702e-03,1.078390e-03,6.006165e-03,1.523162e-02,2.048092e-02,3.800985e-03,7.742642e-03,1.915064e-02,6.029327e-04,4.750438e-03,4.109928e-02,8.299689e-01,7.189082e-04,2.091052e-03
3.329148e-02,2.121349e-03,9.510090e-04,4.257676e-03,1.283895e-02,1.504769e-02,2.988542e-03,5.591027e-03,1.407288e-02,4.933427e-04,3.490773e-03,3.176969e-02,8.707867e-01,5.395201e-04,1.759510e-03
2.579186e-02,1.871065e-03,1.582521e-03,3.148087e-03,1.409848e-02,1.165760e-02,3.081620e-03,4.915354e-03,1.101164e-02,4.856710e-04,2.725580e-03,2.730280e-02,8.903490e-01,4.178772e-04,1.560862e-03
2.794592e-02,1.864586e-03,1.855195e-03,2.623156e-03,1.627324e-02,8.687551e-03,2.745369e-03,5.024849e-03,9.066382e-03,5.167695e-04,2.078131e-03,2.213974e-02,8.976038e-01,3.419988e-04,1.233393e-03
2.490891e-02,2.447499e-03,1.806363e-03,1.993506e-03,1.773117e-02,6.966396e-03,2.300943e-03,4.006110e-03,8.282205e-03,4.397529e-04,1.648560e-03,2.244869e-02,9.037279e-01,2.952887e-04,9.967829e-04
2.345847e-02,2.809473e-03,2.067536e-03,1.902826e-03,1.876859e-02,6.363386e-03,2.318786e-03,3.520457e-03,9.125452e-03,4.448821e-04,1.496366e-03,2.290576e-02,9.033934e-01,3.585339e-04,1.066060e-03
2.852323e-02,4.803522e-03,2.360842e-03,1.711185e-03,1.610808e-02,6.912746e-03,2.094839e-03,2.943051e-03,1.390020e-02,4.144805e-04,1.266731e-03,1.805170e-02,8.995746e-01,4.261487e-04,9.086197e-04
3.651518e-02,7.219552e-03,2.852262e-03,1.400032e-03,1.476416e-02,9.017821e-03,1.872089e-03,2.869130e-03,1.553388e-02,3.638090e-04,1.163279e-03,1.603315e-02,8.891389e-01,5.099846e-04,7.466989e-04
4.496451e-02,1.545940e-02,4.044304e-03,1.094437e-03,1.400589e-02,9.923599e-03,2.455682e-03,2.903342e-03,2.008310e-02,3.753520e-04,1.008018e-03,1.800410e-02,8.643480e-01,6.276802e-04,7.026021e-04
5.246766e-02,1.816573e-02,5.276189e-03,8.897828e-04,1.393519e-02,1.207327e-02,3.201179e-03,3.892429e-03,2.777208e-02,3.656035e-04,8.603498e-04,1.874578e-02,8.408838e-01,7.284302e-04,7.425491e-04
6.034220e-02,1.456768e-02,4.980089e-03,1.969737e-03,1.416297e-02,1.185186e-02,3.094531e-03,9.448441e-03,2.686246e-02,4.879737e-04,9.489161e-04,1.485438e-02,8.343135e-01,7.701425e-04,1.345132e-03
6.420395e-02,1.174929e-02,3.658415e-03,1.476436e-03,1.111623e-02,9.339070e-03,2.365221e-03,8.408999e-03,2.139301e-02,3.613781e-04,7.270511e-04,1.171431e-02,8.518940e-01,5.731688e-04,1.019453e-03
6.542102e-02,1.010936e-02,2.811176e-03,1.143693e-03,1.107599e-02,8.040377e-03,2.330087e-03,7.155356e-03,2.276305e-02,2.989759e-04,5.533582e-04,1.119771e-02,8.558902e-01,4.336038e-04,7.760643e-04
6.532691e-02,9.396384e-03,2.553651e-03,2.733249e-03,1.031110e-02,8.285403e-03,2.505968e-03,6.247225e-03,2.837563e-02,3.665722e-04,5.743870e-04,1.069790e-02,8.514200e-01,3.538345e-04,8.517883e-04
5.864921e-02,1.028473e-02,1.930894e-03,2.036989e-03,7.887412e-03,9.780199e-03,1.926086e-03,5.298085e-03,2.689243e-02,2.936481e-04,4.920287e-04,1.193346e-02,8.615374e-01,2.775491e-04,7.798967e-04
4.736550e-02,8.201137e-03,1.511647e-03,1.521366e-03,6.988590e-03,7.776362e-03,1.551276e-03,4.167128e-03,2.204474e-02,2.360646e-04,4.317759e-04,1.110196e-02,8.862356e-01,2.070951e-04,6.597409e-04
4.051234e-02,8.106567e-03,1.626578e-03,1.313988e-03,9.040508e-03,6.387817e-03,1.367076e-03,3.172094e-03,2.233123e-02,2.262169e-04,4.303416e-04,1.777905e-02,8.869835e-01,1.983894e-04,5.243256e-04
3.396704e-02,6.377799e-03,1.419692e-03,1.098270e-03,9.792486e-03,5.127694e-03,1.037913e-03,2.457093e-03,1.779719e-02,1.770359e-04,4.649239e-04,1.618571e-02,9.034977e-01,1.686928e-04,4.307608e-04
4.927867e-02,5.311421e-03,1.134404e-03,1.395903e-03,9.944028e-03,4.294679e-03,8.861716e-04,2.150212e-03,1.613447e-02,1.447296e-04,5.789527e-04,1.388425e-02,8.936977e-01,5.611501e-04,6.032496e-04
6.178091e-02,4.480244e-03,8.986548e-04,1.537131e-03,1.025917e-02,3.722958e-03,7.515852e-04,2.544775e-03,1.378701e-02,1.272686e-04,7.417285e-04,1.609617e-02,8.819190e-01,6.488892e-04,7.045959e-04
5.951104e-02,4.654933e-03,1.264484e-03,1.876232e-03,1.307300e-02,3.602377e-03,8.788289e-04,2.755465e-03,1.215105e-02,3.788724e-04,1.955622e-03,2.002123e-02,8.764259e-01,6.767468e-04,7.742593e-04
5.198583e-02,3.828065e-03,1.697073e-03,1.664543e-03,1.594880e-02,4.510257e-03,1.268838e-03,4.229498e-03,1.005088e-02,7.031139e-04,3.546614e-03,2.186601e-02,8.768047e-01,6.980224e-04,1.197685e-03
5.160521e-02,3.122778e-03,6.630179e-03,1.948897e-03,2.320276e-02,4.469537e-03,2.108946e-03,2.747841e-02,1.270911e-02,7.810975e-04,5.917876e-03,2.074116e-02,8.372059e-01,5.847991e-04,1.493332e-03
9.031731e-02,2.742469e-03,1.583950e-02,6.173614e-03,3.227089e-02,2.365492e-02,2.302491e-03,2.764294e-02,1.058515e-02,6.596672e-04,8.064603e-03,1.669690e-02,7.612106e-01,4.658640e-04,1.373126e-03
1.119325e-01,2.705861e-03,1.544539e-02,9.212448e-03,4.258028e-02,3.668696e-02,2.866628e-03,2.254862e-02,1.129150e-02,5.464910e-04,6.813813e-03,1.308641e-02,7.226584e-01,3.834546e-04,1.241217e-03
1.117106e-01,2.511264e-03,4.332111e-02,3.694319e-02,5.600109e-02,4.165487e-02,5.708815e-03,3.857159e-02,1.074372e-02,5.646569e-04,5.842416e-03,1.107170e-02,6.335831e-01,4.406350e-04,1.331255e-03
9.287135e-02,1.980528e-03,6.105515e-02,1.418556e-01,5.062529e-02,3.504729e-02,5.713054e-03,5.083299e-02,9.786797e-03,6.545722e-04,5.040912e-03,8.558342e-03,5.342666e-01,4.160634e-04,1.295477e-03
8.727069e-02,1.867802e-03,4.894370e-02,1.222655e-01,5.257248e-02,3.842422e-02,9.766964e-03,5.471790e-02,1.396310e-02,5.712780e-04,4.954623e-03,8.847455e-03,5.534220e-01,6.257848e-04,1.786484e-03
8.690069e-02,1.514192e-03,3.466556e-02,9.002323e-02,4.580416e-02,3.759952e-02,8.198844e-03,4.006492e-02,1.398728e-02,5.388138e-04,4.850301e-03,7.469668e-03,6.190295e-01,7.104382e-04,8.642896e-03
7.846346e-02,1.333317e-03,2.502732e-02,6.517857e-02,3.760387e-02,3.852506e-02,6.399634e-03,2.872667e-02,1.614009e-02,4.858693e-04,4.508452e-03,9.583459e-03,6.470747e-01,7.123449e-04,4.023717e-02
8.942769e-02,2.040992e-03,1.869160e-02,9.937455e-02,3.172251e-02,4.219004e-02,9.112338e-03,2.383041e-02,1.777595e-02,9.776449e-04,4.841384e-03,1.165420e-02,5.954638e-01,9.365454e-04,5.196040e-02
8.508366e-02,1.717468e-03,1.633224e-02,1.332636e-01,2.421312e-02,4.348581e-02,6.571387e-03,4.152266e-02,1.401527e-02,7.706972e-04,7.662931e-03,9.788209e-03,5.768254e-01,8.563859e-04,3.789108e-02
8.619066e-02,4.974582e-03,1.980669e-02,2.168665e-01,1.873286e-02,4.536919e-02,4.688280e-03,3.668971e-02,1.854065e-02,5.892184e-03,6.536569e-02,1.557990e-02,4.228738e-01,3.414920e-03,3.501441e-02
6.057384e-02,4.118510e-03,1.422396e-02,4.086610e-01,1.367922e-02,3.187032e-02,3.290038e-03,2.584819e-02,1.485784e-02,4.487625e-03,6.801326e-02,2.661353e-02,2.966619e-01,2.418080e-03,2.468270e-02
4.293656e-02,3.010157e-03,1.011803e-02,3.893605e-01,1.019157e-02,2.260545e-02,2.313280e-03,1.827913e-02,1.185358e-02,3.382241e-03,1.315781e-01,1.267950e-01,2.082997e-01,1.870055e-03,1.740670e-02
3.023197e-02,2.129426e-03,7.118209e-03,2.826103e-01,8.139443e-03,1.704684e-02,1.624221e-03,1.282032e-02,8.704672e-03,3.040621e-03,1.600152e-01,3.066205e-01,1.463418e-01,1.349719e-03,1.220674e-02
2.123708e-02,1.498840e-03,4.998253e-03,1.995221e-01,8.915151e-03,1.248492e-02,1.139284e-03,8.978248e-03,6.399970e-03,2.211794e-03,1.250436e-01,4.954075e-01,1.026170e-01,9.823818e-04,8.563912e-03
1.491026e-02,1.055461e-03,3.505574e-03,1.403932e-01,1.311602e-02,9.282207e-03,7.986899e-04,6.288328e-03,4.631636e-03,1.577945e-03,1.012408e-01,6.245335e-01,7.189073e-02,7.676848e-04,6.007923e-03
1.054308e-02,8.472265e-04,2.464902e-03,9.888823e-02,4.487061e-02,7.297011e-03,5.610233e-04,4.415695e-03,3.468978e-03,1.134529e-03,8.598917e-02,6.840249e-01,5.040815e-02,8.364655e-04,4.249975e-03
7.607592e-03,7.399314e-04,1.741584e-03,7.013235e-02,9.389277e-02,8.526802e-03,4.012482e-04,3.124418e-03,2.770533e-03,8.319683e-04,7.266864e-02,6.983986e-01,3.539247e-02,7.362692e-04,3.034739e-03
5.441276e-03,5.445298e-04,1.229469e-03,4.949467e-02,8.220875e-02,7.069030e-03,2.829357e-04,2.202159e-03,2.059618e-03,5.989299e-04,7.627863e-02,7.449512e-01,2.481479e-02,6.717332e-04,2.152266e-03
3.876983e-03,4.762043e-04,8.821235e-04,3.492138e-02,6.563415e-02,5.444741e-03,2.000497e-04,1.555933e-03,1.523460e-03,4.588449e-04,6.812892e-02,7.971349e-01,1.741145e-02,7.738083e-04,1.577106e-03
2.754417e-03,5.533032e-04,6.698358e-04,2.483974e-02,6.404383e-02,3.958588e-03,1.423747e-04,1.106885e-03,1.181469e-03,4.185121e-04,6.745938e-02,8.186859e-01,1.221127e-02,7.799580e-04,1.194627e-03
1.997862e-03,6.538217e-04,5.724528e-04,1.756589e-02,5.089588e-02,2.951924e-03,1.037626e-04,7.877975e-04,9.152852e-04,4.122490e-04,1.087022e-01,8.040259e-01,8.578251e-03,8.612025e-04,9.755964e-04
1.498554e-03,6.925004e-04,4.920349e-04,1.235308e-02,4.039719e-02,2.172158e-03,7.792470e-05,5.720149e-04,8.458493e-04,4.947489e-04,1.262943e-01,8.063105e-01,6.056511e-03,9.485418e-04,7.941251e-04
1.224532e-03,7.672814e-04,4.726488e-04,8.689653e-03,3.150346e-02,1.761320e-03,6.205092e-05,4.621509e-04,6.970838e-04,4.370331e-04,1.217333e-01,8.263361e-01,4.332194e-03,9.324303e-04,5.888318e-04
1.023043e-03,7.710418e-04,6.290178e-04,6.128158e-03,2.339739e-02,1.614925e-03,6.884648e-05,5.408172e-04,5.791888e-04,4.582689e-04,9.816021e-02,8.620989e-01,3.149867e-03,9.371029e-04,4.432626e-04
1.053951e-03,1.257989e-03,2.941418e-03,4.380390e-03,1.850411e-02,1.552074e-03,9.414458e-05,1.134190e-03,5.576131e-04,8.007740e-04,1.096890e-01,8.541056e-01,2.314704e-03,1.172839e-03,4.412864e-04
2.607457e-03,2.916212e-03,4.088252e-02,5.147157e-03,1.490379e-02,3.615680e-03,2.499305e-04,8.382060e-03,7.024798e-04,1.679670e-03,1.036755e-01,8.119233e-01,1.714814e-03,1.217085e-03,3.823850e-04
2.961521e-03,3.249022e-03,3.120357e-02,3.968942e-03,1.128292e-02,3.259427e-03,2.135617e-04,6.882320e-03,7.493785e-04,1.685294e-03,1.033071e-01,8.284317e-01,1.303653e-03,1.211504e-03,2.901556e-04
3.102109e-03,3.644098e-03,2.571350e-02,3.410229e-03,9.408117e-03,3.065150e-03,3.423456e-04,6.283964e-03,7.896837e-04,1.597345e-03,8.910355e-02,8.510232e-01,1.066115e-03,1.223466e-03,2.271326e-04
2.447127e-03,2.880855e-03,1.858789e-02,2.427943e-03,6.745397e-03,2.289085e-03,2.545254e-04,4.598455e-03,8.892536e-04,1.216331e-03,1.866007e-01,7.686524e-01,7.813537e-04,1.453244e-03,1.754185e-04
1.935931e-03,1.085702e-02,1.614611e-02,1.869398e-03,7.718231e-03,1.817562e-03,2.237732e-04,3.831581e-03,1.442092e-03,1.195578e-03,2.242508e-01,7.265123e-01,5.652241e-04,1.478756e-03,1.556396e-04
1.571091e-03,9.039631e-03,1.501652e-02,1.628004e-03,6.575565e-03,1.448715e-03,1.861766e-04,3.670372e-03,5.326658e-03,1.546070e-03,3.514150e-01,6.003224e-01,4.320990e-04,1.649425e-03,1.723289e-04
1.519013e-03,7.449222e-03,1.204497e-02,1.494049e-03,6.958032e-03,1.174252e-03,1.644524e-04,4.127731e-03,1.451670e-02,1.716916e-03,4.227395e-01,5.233066e-01,3.636554e-04,2.257233e-03,1.676629e-04
