1.000000e+00,0.000000e+00,0.000000e+00,0.000000e+00,0.000000e+00,0.000000e+00,0.000000e+00,0.000000e+00,0.000000e+00,0.000000e+00,0.000000e+00,0.000000e+00,0.000000e+00,0.000000e+00,0.000000e+00
1.000000e+00,0.000000e+00,0.000000e+00,0.000000e+00,0.000000e+00,0.000000e+00,0.000000e+00,0.000000e+00,0.000000e+00,0.000000e+00,0.000000e+00,0.000000e+00,0.000000e+00,0.000000e+00,0.000000e+00
1.000000e+00,0.000000e+00,0.000000e+00,0.000000e+00,0.000000e+00,0.000000e+00,0.000000e+00,0.000000e+00,0.000000e+00,0.000000e+00,0.000000e+00,0.000000e+00,0.000000e+00,0.000000e+00,0.000000e+00
1.000000e+00,0.000000e+00,0.000000e+00,0.000000e+00,0.000000e+00,0.000000e+00,0.000000e+00,0.000000e+00,0.000000e+00,0.000000e+00,0.000000e+00,0.000000e+00,0.000000e+00,0.000000e+00,0.000000e+00
1.000000e+00,0.000000e+00,0.000000e+00,0.000000e+00,0.000000e+00,0.000000e+00,0.000000e+00,0.000000e+00,0.000000e+00,0.000000e+00,0.000000e+00,0.000000e+00,0.000000e+00,0.000000e+00,0.000000e+00
1.000000e+00,0.000000e+00,0.000000e+00,0.000000e+00,0.000000e+00,0.000000e+00,0.000000e+00,0.000000e+00,0.000000e+00,0.000000e+00,0.000000e+00,0.000000e+00,0.000000e+00,0.000000e+00,0.000000e+00
1.000000e+00,0.000000e+00,0.000000e+00,0.000000e+00,0.000000e+00,0.000000e+00,0.000000e+00,0.000000e+00,0.000000e+00,0.000000e+00,0.000000e+00,0.000000e+00,0.000000e+00,0.000000e+00,0.000000e+00
1.000000e+00,0.000000e+00,0.000000e+00,0.000000e+00,0.000000e+00,0.000000e+00,0.000000e+00,0.000000e+00,0.000000e+00,0.000000e+00,0.000000e+00,0.000000e+00,0.000000e+00,0.000000e+00,0.000000e+00
1.000000e+00,0.000000e+00,0.000000e+00,0.000000e+00,0.000000e+00,0.000000e+00,0.000000e+00,0.000000e+00,0.000000e+00,0.000000e+00,0.000000e+00,0.000000e+00,0.000000e+00,0.000000e+00,0.000000e+00
1.000000e+00,0.000000e+00,0.000000e+00,0.000000e+00,0.000000e+00,0.000000e+00,0.000000e+00,0.000000e+00,0.000000e+00,0.000000e+00,0.000000e+00,0.000000e+00,0.000000e+00,0.000000e+00,0.000000e+00
1.000000e+00,0.000000e+00,0.000000e+00,0.000000e+00,0.000000e+00,0.000000e+00,0.000000e+00,0.000000e+00,0.000000e+00,0.000000e+00,0.000000e+00,0.000000e+00,0.000000e+00,0.000000e+00,0.000000e+00
1.000000e+00,0.000000e+00,0.000000e+00,0.000000e+00,0.000000e+00,0.000000e+00,0.000000e+00,0.000000e+00,0.000000e+00,0.000000e+00,0.000000e+00,0.000000e+00,0.000000e+00,0.000000e+00,0.000000e+00
1.000000e+00,0.000000e+00,0.000000e+00,0.000000e+00,0.000000e+00,0.000000e+00,0.000000e+00,0.000000e+00,0.000000e+00,0.000000e+00,0.000000e+00,0.000000e+00,0.000000e+00,0.000000e+00,0.000000e+00
1.000000e+00,0.000000e+00,0.000000e+00,0.000000e+00,0.000000e+00,0.000000e+00,0.000000e+00,0.000000e+00,0.000000e+00,0.000000e+00,0.000000e+00,0.000000e+00,0.000000e+00,0.000000e+00,0.000000e+00
1.000000e+00,0.000000e+00,0.000000e+00,0.000000e+00,0.000000e+00,0.000000e+00,0.000000e+00,0.000000e+00,0.000000e+00,0.000000e+00,0.000000e+00,0.000000e+00,0.000000e+00,0.000000e+00,0.000000e+00
1.000000e+00,0.000000e+00,0.000000e+00,0.000000e+00,0.000000e+00,0.000000e+00,0.000000e+00,0.000000e+00,0.000000e+00,0.000000e+00,0.000000e+00,0.000000e+00,0.000000e+00,0.000000e+00,0.000000e+00
1.000000e+00,0.000000e+00,0.000000e+00,0.000000e+00,0.000000e+00,0.000000e+00,0.000000e+00,0.000000e+00,0.000000e+00,0.000000e+00,0.000000e+00,0.000000e+00,0.000000e+00,0.000000e+00,0.000000e+00
1.000000e+00,0.000000e+00,0.000000e+00,0.000000e+00,0.000000e+00,0.000000e+00,0.000000e+00,0.000000e+00,0.000000e+00,0.000000e+00,0.000000e+00,0.000000e+00,0.000000e+00,0.000000e+00,0.000000e+00
1.000000e+00,0.000000e+00,0.000000e+00,0.000000e+00,0.000000e+00,0.000000e+00,0.000000e+00,0.000000e+00,0.000000e+00,0.000000e+00,0.000000e+00,0.000000e+00,0.000000e+00,0.000000e+00,0.000000e+00
1.000000e+00,0.000000e+00,0.000000e+00,0.000000e+00,0.000000e+00,0.000000e+00,0.000000e+00,0.000000e+00,0.000000e+00,0.000000e+00,0.000000e+00,0.000000e+00,0.000000e+00,0.000000e+00,0.000000e+00
1.000000e+00,0.000000e+00,0.000000e+00,0.000000e+00,0.000000e+00,0.000000e+00,0.000000e+00,0.000000e+00,0.000000e+00,0.000000e+00,0.000000e+00,0.000000e+00,0.000000e+00,0.000000e+00,0.000000e+00
1.000000e+00,0.000000e+00,0.000000e+00,0.000000e+00,0.000000e+00,0.000000e+00,0.000000e+00,0.000000e+00,0.000000e+00,0.000000e+00,0.000000e+00,0.000000e+00,0.000000e+00,0.000000e+00,0.000000e+00
1.000000e+00,0.000000e+00,0.000000e+00,0.000000e+00,0.000000e+00,0.000000e+00,0.000000e+00,0.000000e+00,0.000000e+00,0.000000e+00,0.000000e+00,0.000000e+00,0.000000e+00,0.000000e+00,0.000000e+00
1.000000e+00,0.000000e+00,0.000000e+00,0.000000e+00,0.000000e+00,0.000000e+00,0.000000e+00,0.000000e+00,0.000000e+00,0.000000e+00,0.000000e+00,0.000000e+00,0.000000e+00,0.000000e+00,0.000000e+00
1.000000e+00,0.000000e+00,0.000000e+00,0.000000e+00,0.000000e+00,0.000000e+00,0.000000e+00,0.000000e+00,0.000000e+00,0.000000e+00,0.000000e+00,0.000000e+00,0.000000e+00,0.000000e+00,0.000000e+00
1.000000e+00,0.000000e+00,0.000000e+00,0.000000e+00,0.000000e+00,0.000000e+00,0.000000e+00,0.000000e+00,0.000000e+00,0.000000e+00,0.000000e+00,0.000000e+00,0.000000e+00,0.000000e+00,0.000000e+00
1.000000e+00,0.000000e+00,0.000000e+00,0.000000e+00,0.000000e+00,0.000000e+00,0.000000e+00,0.000000e+00,0.000000e+00,0.000000e+00,0.000000e+00,0.000000e+00,0.000000e+00,0.000000e+00,0.000000e+00
1.000000e+00,0.000000e+00,0.000000e+00,0.000000e+00,0.000000e+00,0.000000e+00,0.000000e+00,0.000000e+00,0.000000e+00,0.000000e+00,0.000000e+00,0.000000e+00,0.000000e+00,0.000000e+00,0.000000e+00
1.000000e+00,0.000000e+00,0.000000e+00,0.000000e+00,0.000000e+00,0.000000e+00,0.000000e+00,0.000000e+00,0.000000e+00,0.000000e+00,0.000000e+00,0.000000e+00,0.000000e+00,0.000000e+00,0.000000e+00
1.000000e+00,0.000000e+00,0.000000e+00,0.000000e+00,0.000000e+00,0.000000e+00,0.000000e+00,0.000000e+00,0.000000e+00,0.000000e+00,0.000000e+00,0.000000e+00,0.000000e+00,0.000000e+00,0.000000e+00
1.000000e+00,0.000000e+00,0.000000e+00,0.000000e+00,0.000000e+00,0.000000e+00,0.000000e+00,0.000000e+00,0.000000e+00,0.000000e+00,0.000000e+00,0.000000e+00,0.000000e+00,0.000000e+00,0.000000e+00
1.000000e+00,0.000000e+00,0.000000e+00,0.000000e+00,0.000000e+00,0.000000e+00,0.000000e+00,0.000000e+00,0.000000e+00,0.000000e+00,0.000000e+00,0.000000e+00,0.000000e+00,0.000000e+00,0.000000e+00
1.000000e+00,0.000000e+00,0.000000e+00,0.000000e+00,0.000000e+00,0.000000e+00,0.000000e+00,0.000000e+00,0.000000e+00,0.000000e+00,0.000000e+00,0.000000e+00,0.000000e+00,0.000000e+00,0.000000e+00
1.000000e+00,0.000000e+00,0.000000e+00,0.000000e+00,0.000000e+00,0.000000e+00,0.000000e+00,0.000000e+00,0.000000e+00,0.000000e+00,0.000000e+00,0.000000e+00,0.000000e+00,0.000000e+00,0.000000e+00
1.000000e+00,0.000000e+00,0.000000e+00,0.000000e+00,0.000000e+00,0.000000e+00,0.000000e+00,0.000000e+00,0.000000e+00,0.000000e+00,0.000000e+00,0.000000e+00,0.000000e+00,0.000000e+00,0.000000e+00
1.000000e+00,0.000000e+00,0.000000e+00,0.000000e+00,0.000000e+00,0.000000e+00,0.000000e+00,0.000000e+00,0.000000e+00,0.000000e+00,0.000000e+00,0.000000e+00,0.000000e+00,0.000000e+00,0.000000e+00
1.000000e+00,0.000000e+00,0.000000e+00,0.000000e+00,0.000000e+00,0.000000e+00,0.000000e+00,0.000000e+00,0.000000e+00,0.000000e+00,0.000000e+00,0.000000e+00,0.000000e+00,0.000000e+00,0.000000e+00
1.000000e+00,0.000000e+00,0.000000e+00,0.000000e+00,0.000000e+00,0.000000e+00,0.000000e+00,0.000000e+00,0.000000e+00,0.000000e+00,0.000000e+00,0.000000e+00,0.000000e+00,0.000000e+00,0.000000e+00
1.000000e+00,0.000000e+00,0.000000e+00,0.000000e+00,0.000000e+00,0.000000e+00,0.000000e+00,0.000000e+00,0.000000e+00,0.000000e+00,0.000000e+00,0.000000e+00,0.000000e+00,0.000000e+00,0.000000e+00
1.000000e+00,0.000000e+00,0.000000e+00,0.000000e+00,0.000000e+00,0.000000e+00,0.000000e+00,0.000000e+00,0.000000e+00,0.000000e+00,0.000000e+00,0.000000e+00,0.000000e+00,0.000000e+00,0.000000e+00
1.000000e+00,0.000000e+00,0.000000e+00,0.000000e+00,0.000000e+00,0.000000e+00,0.000000e+00,0.000000e+00,0.000000e+00,0.000000e+00,0.000000e+00,0.000000e+00,0.000000e+00,0.000000e+00,0.000000e+00
1.000000e+00,0.000000e+00,0.000000e+00,0.000000e+00,0.000000e+00,0.000000e+00,0.000000e+00,0.000000e+00,0.000000e+00,0.000000e+00,0.000000e+00,0.000000e+00,0.000000e+00,0.000000e+00,0.000000e+00
1.000000e+00,0.000000e+00,0.000000e+00,0.000000e+00,0.000000e+00,0.000000e+00,0.000000e+00,0.000000e+00,0.000000e+00,0.000000e+00,0.000000e+00,0.000000e+00,0.000000e+00,0.000000e+00,0.000000e+00
1.000000e+00,0.000000e+00,0.000000e+00,0.000000e+00,0.000000e+00,0.000000e+00,0.000000e+00,0.000000e+00,0.000000e+00,0.000000e+00,0.000000e+00,0.000000e+00,0.000000e+00,0.000000e+00,0.000000e+00
1.000000e+00,0.000000e+00,0.000000e+00,0.000000e+00,0.000000e+00,0.000000e+00,0.000000e+00,0.000000e+00,0.000000e+00,0.000000e+00,0.000000e+00,0.000000e+00,0.000000e+00,0.000000e+00,0.000000e+00
1.000000e+00,0.000000e+00,0.000000e+00,0.000000e+00,0.000000e+00,0.000000e+00,0.000000e+00,0.000000e+00,0.000000e+00,0.000000e+00,0.000000e+00,0.000000e+00,0.000000e+00,0.000000e+00,0.000000e+00
1.000000e+00,0.000000e+00,0.000000e+00,0.000000e+00,0.000000e+00,0.000000e+00,0.000000e+00,0.000000e+00,0.000000e+00,0.000000e+00,0.000000e+00,0.000000e+00,0.000000e+00,0.000000e+00,0.000000e+00
1.000000e+00,0.000000e+00,0.000000e+00,0.000000e+00,0.000000e+00,0.000000e+00,0.000000e+00,0.000000e+00,0.000000e+00,0.000000e+00,0.000000e+00,0.000000e+00,0.000000e+00,0.000000e+00,0.000000e+00
4.311300e-01,5.966200e-02,1.574322e-02,1.734601e-01,2.742604e-02,4.801333e-02,2.709265e-02,4.928004e-02,3.524434e-02,2.489943e-03,1.370313e-02,6.165357e-02,2.576515e-02,2.246880e-03,2.708974e-02
3.773741e-01,7.785200e-02,1.833231e-02,2.047413e-01,3.056467e-02,4.417775e-02,2.340603e-02,4.345655e-02,3.818750e-02,3.234253e-03,1.483861e-02,6.154764e-02,2.485822e-02,2.500789e-03,3.492836e-02
3.755805e-01,9.195863e-02,1.904218e-02,1.982070e-01,3.027734e-02,3.962083e-02,2.043977e-02,3.719067e-02,3.616425e-02,4.202838e-03,1.464250e-02,5.686617e-02,2.462635e-02,3.607705e-03,4.757325e-02
3.759896e-01,1.035165e-01,1.953284e-02,1.874772e-01,2.976810e-02,3.785487e-02,1.973784e-02,3.442517e-02,3.378860e-02,4.669463e-03,1.535550e-02,5.492654e-02,2.601992e-02,4.435081e-03,5.250283e-02
3.296955e-01,1.078943e-01,2.372558e-02,2.131272e-01,2.835226e-02,3.684281e-02,1.697116e-02,3.551786e-02,3.044621e-02,4.938636e-03,1.807588e-02,6.115875e-02,2.799000e-02,5.985653e-03,5.927818e-02
3.415160e-01,1.096951e-01,2.243035e-02,2.042013e-01,2.760616e-02,3.232186e-02,1.498228e-02,3.020673e-02,3.150180e-02,5.420890e-03,2.140653e-02,5.885495e-02,2.955174e-02,7.596142e-03,6.270821e-02
2.715947e-01,1.227301e-01,6.967326e-02,2.493436e-01,2.530687e-02,2.595810e-02,1.206234e-02,3.357265e-02,2.733708e-02,4.577506e-03,2.013740e-02,4.799303e-02,2.433984e-02,6.672153e-03,5.870135e-02
3.454922e-01,1.060236e-01,5.408827e-02,2.045582e-01,2.594875e-02,2.666068e-02,1.076486e-02,2.705830e-02,2.794211e-02,4.357665e-03,2.081967e-02,4.767971e-02,2.951061e-02,8.827400e-03,6.026788e-02
4.218993e-01,8.926617e-02,4.156740e-02,1.685622e-01,2.478294e-02,2.645046e-02,9.449142e-03,2.210600e-02,2.644060e-02,4.249043e-03,2.126368e-02,4.641216e-02,3.039644e-02,9.239333e-03,5.791509e-02
1.000000e+00,0.000000e+00,0.000000e+00,0.000000e+00,0.000000e+00,0.000000e+00,0.000000e+00,0.000000e+00,0.000000e+00,0.000000e+00,0.000000e+00,0.000000e+00,0.000000e+00,0.000000e+00,0.000000e+00
1.000000e+00,0.000000e+00,0.000000e+00,0.000000e+00,0.000000e+00,0.000000e+00,0.000000e+00,0.000000e+00,0.000000e+00,0.000000e+00,0.000000e+00,0.000000e+00,0.000000e+00,0.000000e+00,0.000000e+00
1.000000e+00,0.000000e+00,0.000000e+00,0.000000e+00,0.000000e+00,0.000000e+00,0.000000e+00,0.000000e+00,0.000000e+00,0.000000e+00,0.000000e+00,0.000000e+00,0.000000e+00,0.000000e+00,0.000000e+00
1.000000e+00,0.000000e+00,0.000000e+00,0.000000e+00,0.000000e+00,0.000000e+00,0.000000e+00,0.000000e+00,0.000000e+00,0.000000e+00,0.000000e+00,0.000000e+00,0.000000e+00,0.000000e+00,0.000000e+00
4.360164e-01,2.865035e-02,1.345191e-01,7.509184e-02,1.479219e-02,2.102274e-02,1.780449e-02,2.001075e-01,7.089313e-03,1.826296e-03,1.061099e-02,1.697741e-02,1.481683e-02,4.361290e-03,1.631331e-02
3.087547e-01,2.076416e-02,1.828116e-01,8.402926e-02,1.117490e-02,1.596737e-02,1.339778e-02,3.104218e-01,5.080547e-03,1.351259e-03,7.980565e-03,1.268767e-02,1.063098e-02,3.390945e-03,1.155643e-02
2.184165e-01,1.492879e-02,2.110158e-01,8.300896e-02,8.361620e-03,1.270367e-02,1.360094e-02,3.999772e-01,3.615795e-03,1.003951e-03,5.820965e-03,9.098082e-03,7.619850e-03,2.642246e-03,8.185687e-03
1.712583e-01,1.125143e-02,1.767735e-01,6.879637e-02,1.010317e-02,1.306278e-02,2.013416e-02,4.942631e-01,3.585179e-03,1.314936e-03,6.006568e-03,7.128245e-03,6.803184e-03,2.922162e-03,6.596975e-03
1.396285e-01,1.187878e-02,1.517378e-01,5.612982e-02,1.075094e-02,2.179387e-02,2.685940e-02,5.296733e-01,5.350024e-03,3.358975e-03,6.602642e-03,5.709345e-03,2.118470e-02,2.282161e-03,7.059635e-03
1.028793e-01,1.213250e-02,1.285325e-01,4.158894e-02,1.160818e-02,3.353185e-02,3.563870e-02,4.994521e-01,5.937824e-03,3.165918e-03,6.614679e-03,4.594687e-03,1.048747e-01,1.785099e-03,7.663003e-03
8.289023e-02,1.015676e-02,1.007406e-01,4.419143e-02,1.323388e-02,3.836388e-02,3.411742e-02,3.649329e-01,2.527614e-02,3.970995e-03,6.275465e-03,4.743841e-03,2.329340e-01,1.926974e-03,3.624547e-02
5.919749e-02,7.388147e-03,7.243015e-02,3.452916e-02,1.228847e-02,3.624560e-02,3.105816e-02,2.631566e-01,2.055589e-02,3.549460e-03,9.383740e-03,4.646551e-03,3.389491e-01,1.716376e-03,1.049050e-01
4.555060e-02,5.597209e-03,5.096500e-02,2.627637e-02,1.249379e-02,3.223315e-02,2.643139e-02,1.868528e-01,1.718726e-02,4.019198e-03,8.210674e-03,5.456598e-03,3.384745e-01,2.359786e-03,2.378917e-01
3.429124e-02,4.028867e-03,3.582066e-02,1.874864e-02,1.212284e-02,3.128473e-02,2.288553e-02,1.316676e-01,1.307841e-02,3.255019e-03,6.683652e-03,8.303419e-03,4.271713e-01,1.817889e-03,2.488402e-01
2.497475e-02,2.850681e-03,2.511680e-02,1.320887e-02,1.069588e-02,2.400606e-02,1.827928e-02,9.253940e-02,9.636736e-03,2.837852e-03,6.523308e-03,8.926127e-03,3.895313e-01,1.543133e-03,3.693298e-01
2.554647e-02,3.392402e-03,1.886884e-02,1.075415e-02,1.255417e-02,3.615329e-02,1.586587e-02,6.530598e-02,9.308821e-03,4.570290e-03,7.212299e-03,1.403607e-02,3.881327e-01,2.733905e-03,3.855647e-01
2.021477e-02,2.744788e-03,1.520845e-02,8.008872e-03,1.309412e-02,2.828518e-02,2.324889e-02,4.726668e-02,8.378208e-03,4.349533e-03,1.169342e-02,2.412709e-02,3.853721e-01,2.324609e-03,4.056832e-01
1.744242e-02,2.645517e-03,1.226387e-02,6.490247e-03,3.471524e-02,2.363133e-02,2.753581e-02,4.166108e-02,1.388778e-02,4.204504e-03,1.304497e-02,3.486529e-02,4.172360e-01,2.258608e-03,3.481173e-01
1.764099e-02,3.781890e-03,1.339123e-02,6.012584e-03,3.091374e-02,2.383937e-02,2.142979e-02,3.150563e-02,1.171370e-02,4.614150e-03,1.679164e-02,6.610098e-02,4.857419e-01,2.506058e-03,2.640163e-01
1.568771e-02,3.133874e-03,1.021724e-02,6.281115e-03,2.609950e-02,2.674041e-02,1.566530e-02,2.389858e-02,9.873305e-03,4.340214e-03,1.825189e-02,7.584088e-02,5.713625e-01,2.049124e-03,1.905583e-01
2.081420e-02,5.501017e-03,9.594377e-03,8.227932e-03,2.429552e-02,2.558995e-02,1.154651e-02,1.761476e-02,1.498493e-02,4.706704e-03,2.061837e-02,7.460347e-02,6.120574e-01,2.906391e-03,1.469385e-01
1.957019e-02,4.908106e-03,1.056581e-02,7.884357e-03,3.828465e-02,2.048581e-02,9.338927e-03,1.587386e-02,1.461860e-02,4.289177e-03,2.240212e-02,1.313818e-01,5.813614e-01,2.790929e-03,1.162443e-01
6.554351e-02,5.924502e-03,5.003116e-02,9.394646e-03,3.934870e-02,2.763820e-02,7.873185e-03,1.475212e-02,1.383095e-02,4.581210e-03,2.303548e-02,1.104926e-01,5.219834e-01,3.456025e-03,1.021144e-01
1.072305e-01,7.862988e-03,9.126978e-02,1.353678e-02,7.121933e-02,3.595951e-02,1.637921e-02,1.764020e-02,2.117952e-02,6.145828e-03,1.860441e-02,9.104814e-02,4.166943e-01,2.776718e-03,8.245283e-02
1.376086e-01,7.892748e-03,7.864088e-02,1.297711e-02,6.622620e-02,4.977627e-02,1.604186e-02,1.758585e-02,2.043797e-02,5.711827e-03,1.476067e-02,8.912018e-02,4.105420e-01,2.175123e-03,7.050288e-02
1.294623e-01,1.507821e-02,7.767998e-02,7.930352e-02,6.438406e-02,4.587099e-02,1.402330e-02,2.559339e-02,5.967261e-02,6.638705e-03,1.583840e-02,7.559074e-02,3.316770e-01,1.940895e-03,5.724597e-02
1.012115e-01,1.739007e-02,6.470617e-02,6.166968e-02,6.682742e-02,3.788804e-02,1.728256e-02,4.237122e-02,7.079632e-02,6.492145e-03,1.401992e-02,1.047712e-01,3.088090e-01,1.899192e-03,8.386547e-02
8.953477e-02,1.647892e-02,6.951506e-02,8.264078e-02,5.940609e-02,2.933246e-02,1.331488e-02,1.230626e-01,7.520840e-02,5.325219e-03,1.335937e-02,8.411594e-02,2.662032e-01,1.839560e-03,7.066268e-02
6.955543e-02,1.949227e-02,8.096861e-02,6.757548e-02,9.662263e-02,2.347465e-02,1.540812e-02,1.262484e-01,1.044524e-01,5.044891e-03,2.013735e-02,6.203513e-02,2.021718e-01,1.737657e-03,1.050751e-01
5.112793e-02,1.565735e-02,7.436599e-02,5.212583e-02,9.513226e-02,1.771413e-02,1.379535e-02,9.526928e-02,8.260936e-02,5.481436e-03,2.111728e-02,4.480520e-02,1.514880e-01,1.599895e-03,2.777107e-01
4.954753e-02,1.530089e-02,8.277248e-02,1.060826e-01,9.784904e-02,1.420965e-02,1.002609e-02,8.964019e-02,7.094908e-02,4.684226e-03,4.731391e-02,3.678879e-02,1.551187e-01,2.047192e-03,2.176696e-01
5.877156e-02,1.650663e-02,8.681394e-02,1.317600e-01,9.502525e-02,1.518075e-02,7.833327e-03,6.744788e-02,6.293589e-02,5.182928e-03,5.641071e-02,3.483349e-02,1.382470e-01,3.481740e-03,2.195689e-01
6.481837e-02,1.640611e-02,7.899758e-02,9.759539e-02,1.143933e-01,1.352131e-02,6.472258e-03,5.167834e-02,6.660046e-02,5.658957e-03,7.072979e-02,2.766728e-02,1.082656e-01,1.006095e-02,2.671343e-01
5.752274e-02,1.299975e-02,5.658933e-02,6.978592e-02,8.705134e-02,1.050408e-02,4.739055e-03,3.744583e-02,5.470218e-02,5.401610e-03,6.307546e-02,2.001797e-02,8.337162e-02,1.478822e-02,4.220049e-01
5.962738e-02,1.050813e-02,4.139348e-02,5.077677e-02,6.540456e-02,9.429319e-03,3.533860e-03,2.723224e-02,4.426674e-02,6.141483e-03,5.099883e-02,1.486041e-02,6.246917e-02,1.547505e-02,5.378826e-01
5.754674e-02,8.712219e-03,2.983360e-02,3.590466e-02,5.903864e-02,8.126186e-03,2.645363e-03,1.970515e-02,3.443417e-02,5.103961e-03,3.790878e-02,1.047299e-02,4.435933e-02,1.452690e-02,6.316813e-01
5.169261e-02,7.311042e-03,2.131958e-02,2.533799e-02,4.604467e-02,7.246615e-03,2.261992e-03,1.410851e-02,3.199910e-02,4.220085e-03,2.806965e-02,7.473554e-03,3.193120e-02,1.836278e-02,7.026206e-01
5.960376e-02,1.766071e-02,2.054065e-02,2.686451e-02,3.525082e-02,9.985559e-03,2.434960e-03,1.115891e-02,1.020705e-01,8.202967e-03,2.191462e-02,6.554473e-03,2.386824e-02,1.781725e-02,6.360720e-01
5.718843e-02,1.630595e-02,1.531983e-02,1.901022e-02,3.099250e-02,1.064175e-02,1.936197e-03,7.884334e-03,1.263945e-01,6.383959e-03,1.937547e-02,4.938050e-03,1.808772e-02,4.709332e-02,6.184478e-01
6.404559e-02,1.531617e-02,1.404807e-02,1.549158e-02,3.293582e-02,1.329265e-02,1.644420e-03,6.148975e-03,1.713386e-01,5.016357e-03,1.835257e-02,4.304120e-03,1.388814e-02,5.170400e-02,5.724729e-01
6.361376e-02,1.242205e-02,1.076072e-02,1.117138e-02,2.891414e-02,1.662830e-02,1.269692e-03,4.711335e-03,2.773680e-01,4.098148e-03,1.522631e-02,3.754200e-03,1.043073e-02,4.921640e-02,4.904148e-01
6.909300e-02,9.719370e-03,8.112755e-03,8.601013e-03,2.557265e-02,1.736286e-02,9.784180e-04,3.678162e-03,4.058817e-01,3.853785e-03,1.328287e-02,4.223574e-03,8.142466e-03,4.700582e-02,3.744916e-01
7.063927e-02,7.690881e-03,7.784597e-03,7.720759e-03,2.414361e-02,3.159115e-02,1.269942e-03,4.331979e-03,5.073633e-01,3.046209e-03,1.007027e-02,3.644554e-03,5.941442e-03,3.662271e-02,2.781394e-01
1.240728e-01,7.105880e-03,5.879913e-03,5.680352e-03,2.542863e-02,2.752097e-02,9.417489e-04,3.179969e-03,5.279182e-01,2.287879e-03,9.282704e-03,3.475202e-03,5.581988e-03,3.171655e-02,2.199272e-01
1.008628e-01,7.435116e-03,4.245529e-03,9.121936e-03,5.294891e-02,2.114222e-02,7.619994e-04,2.420703e-03,5.808771e-01,1.981906e-03,8.491713e-03,4.963613e-03,6.246864e-03,2.321642e-02,1.752833e-01
7.253688e-02,5.833437e-03,3.120597e-03,6.532320e-03,3.809530e-02,1.567147e-02,5.581527e-04,1.713528e-03,6.421543e-01,1.979461e-03,7.212831e-03,3.876876e-03,4.778093e-03,3.721986e-02,1.587169e-01
5.171023e-02,4.489374e-03,2.416460e-03,4.619271e-03,2.694139e-02,1.105926e-02,4.117073e-04,1.206538e-03,7.370976e-01,1.623658e-03,7.982174e-03,3.267766e-03,3.608066e-03,3.038790e-02,1.131786e-01
3.639051e-02,3.273686e-03,1.790648e-03,3.282772e-03,1.887637e-02,7.761222e-03,2.944302e-04,8.492510e-04,7.512401e-01,1.628755e-03,5.674778e-02,1.027006e-02,3.249109e-03,2.404477e-02,8.030055e-02
2.564903e-02,2.475091e-03,1.443163e-03,2.339858e-03,1.330274e-02,5.483478e-03,2.500875e-04,6.075422e-04,5.863813e-01,1.349084e-03,1.883817e-01,8.657808e-02,3.941526e-03,2.513747e-02,5.667985e-02
1.817654e-02,1.885739e-03,1.099616e-03,1.696619e-03,9.437102e-03,3.894549e-03,2.135449e-04,4.547687e-04,4.291296e-01,1.192654e-03,3.210258e-01,1.398243e-01,4.071514e-03,2.772248e-02,4.017520e-02
1.275954e-02,1.404308e-03,8.241629e-04,1.196864e-03,6.660090e-03,2.776624e-03,1.614145e-04,3.234627e-04,3.018425e-01,9.536688e-04,4.480794e-01,1.697229e-01,3.531280e-03,2.157652e-02,2.818730e-02
8.938870e-03,1.007172e-03,5.892549e-04,8.390727e-04,4.709983e-03,1.957614e-03,1.189253e-04,2.279991e-04,2.115061e-01,6.780955e-04,5.993974e-01,1.323801e-01,2.616080e-03,1.529838e-02,1.973493e-02
6.261155e-03,7.174722e-04,4.324248e-04,5.896798e-04,3.502735e-03,1.401063e-03,1.246446e-04,1.623712e-04,1.481087e-01,4.818326e-04,6.974908e-01,1.140689e-01,1.992023e-03,1.084532e-02,1.382081e-02
4.401144e-03,5.440174e-04,3.637999e-04,4.157285e-04,2.731508e-03,1.073239e-03,1.986668e-04,1.230110e-04,1.044401e-01,3.673820e-04,7.102681e-01,1.557173e-01,1.663199e-03,8.000844e-03,9.691847e-03
3.106440e-03,4.238340e-04,3.015539e-04,2.977390e-04,2.124948e-03,8.724085e-04,2.264138e-04,9.635041e-05,7.372816e-02,2.886474e-04,7.016224e-01,2.028814e-01,1.466295e-03,5.755740e-03,6.807623e-03
2.208953e-03,3.498592e-04,2.997287e-04,2.143096e-04,1.653012e-03,8.059754e-04,1.753995e-04,7.306410e-05,5.194607e-02,3.574865e-04,5.661705e-01,3.647688e-01,1.303200e-03,4.853765e-03,4.819885e-03
1.614549e-03,3.459206e-04,3.346339e-04,1.617669e-04,1.311715e-03,7.706500e-04,1.354123e-04,6.059174e-05,3.685726e-02,5.079719e-04,5.489168e-01,3.999081e-01,1.247309e-03,4.388936e-03,3.438393e-03
1.196093e-03,2.541048e-04,2.538885e-04,1.178588e-04,9.639799e-04,7.088507e-04,9.968154e-05,5.860213e-05,2.605825e-02,4.713093e-04,4.799245e-01,4.830078e-01,9.518039e-04,3.518061e-03,2.415184e-03
8.816120e-04,2.690378e-04,2.418189e-04,8.658161e-05,9.260523e-04,7.017743e-04,7.926881e-05,2.052053e-04,1.889331e-02,4.915047e-04,3.446852e-01,6.273885e-01,6.968895e-04,2.749630e-03,1.703651e-03
6.538195e-04,4.320380e-04,3.032034e-04,7.485248e-05,2.638009e-03,5.877297e-04,8.761499e-05,5.665890e-04,1.833887e-02,4.838703e-04,2.449338e-01,7.270294e-01,5.434307e-04,2.105096e-03,1.221692e-03
5.449865e-04,1.420278e-03,9.981336e-04,1.717764e-04,5.662995e-03,6.307787e-04,1.573997e-04,1.457605e-02,2.684025e-02,5.053034e-04,1.733382e-01,7.720603e-01,4.710856e-04,1.708557e-03,9.138776e-04
4.813441e-04,1.616305e-03,1.062341e-03,1.975518e-04,1.360110e-02,8.225550e-04,1.826355e-04,1.282265e-02,4.151922e-02,5.895058e-04,1.261664e-01,7.981529e-01,4.689547e-04,1.632263e-03,6.842278e-04
1.866710e-03,6.371583e-03,3.122852e-03,5.765103e-04,1.289815e-01,1.267230e-02,6.967339e-04,2.170319e-02,4.900906e-02,1.057212e-03,9.029270e-02,6.808211e-01,7.007939e-04,1.613479e-03,5.142253e-04
5.256332e-03,7.754388e-03,6.437705e-03,2.270000e-03,1.198522e-01,1.318574e-02,1.493701e-03,3.570924e-02,1.319544e-01,1.543205e-03,7.140393e-02,5.999951e-01,1.148920e-03,1.492172e-03,5.029461e-04
7.092221e-03,8.619959e-03,6.973187e-03,2.559692e-03,1.090785e-01,1.349003e-02,2.197267e-03,3.868525e-02,2.370068e-01,1.552165e-03,5.498165e-02,5.143247e-01,1.458287e-03,1.481958e-03,4.983778e-04
1.065646e-02,8.205360e-03,7.939394e-03,3.231407e-03,9.334673e-02,1.319581e-02,2.240922e-03,5.268531e-02,2.534598e-01,2.055527e-03,4.654716e-02,5.019993e-01,2.040527e-03,1.913676e-03,4.826982e-04
1.613328e-02,8.561566e-03,8.664496e-03,3.972436e-03,8.489788e-02,1.273092e-02,1.856823e-03,4.704493e-02,2.680873e-01,2.612783e-03,4.805271e-02,4.919021e-01,2.347359e-03,2.476516e-03,6.589066e-04
2.796417e-02,1.823700e-02,9.247135e-03,3.705834e-03,8.080444e-02,1.571930e-02,1.542984e-03,3.534110e-02,3.490057e-01,4.533519e-03,6.615923e-02,3.733398e-01,2.236940e-03,4.789151e-03,7.373775e-03
4.778261e-02,1.900197e-02,1.004725e-02,4.989532e-03,8.071979e-02,1.589975e-02,1.789445e-03,3.960860e-02,3.983467e-01,5.293628e-03,6.593038e-02,2.919758e-01,2.802325e-03,5.683870e-03,1.012833e-02
6.783190e-02,1.897366e-02,1.419136e-02,8.697396e-03,9.398761e-02,1.701631e-02,2.231271e-03,4.717467e-02,4.091135e-01,7.996161e-03,5.503412e-02,2.298579e-01,3.630602e-03,5.395861e-03,1.886768e-02
8.735184e-02,2.215948e-02,1.453182e-02,2.518082e-02,1.104386e-01,1.934193e-02,2.331037e-03,4.281783e-02,3.822730e-01,1.283685e-02,5.597650e-02,1.695212e-01,6.999361e-03,5.228808e-03,4.301085e-02
1.172941e-01,2.201796e-02,1.171848e-02,3.335555e-02,1.109727e-01,2.103578e-02,2.139637e-03,3.289656e-02,3.766224e-01,1.279932e-02,5.738499e-02,1.243696e-01,8.212934e-03,7.942259e-03,6.123769e-02
1.239429e-01,3.161478e-02,1.136176e-02,4.050197e-02,1.120486e-01,2.656148e-02,2.451726e-03,5.013765e-02,3.685271e-01,1.087725e-02,5.814350e-02,9.273384e-02,8.370446e-03,1.186114e-02,5.086589e-02
1.174672e-01,2.557511e-02,8.817323e-03,3.916599e-02,1.913697e-01,3.014915e-02,3.433596e-03,3.671693e-02,3.728183e-01,7.991599e-03,4.526982e-02,6.595948e-02,6.600451e-03,9.677806e-03,3.898753e-02
1.117230e-01,2.319185e-02,6.808531e-03,3.656597e-02,2.232576e-01,3.308057e-02,3.522369e-03,2.970414e-02,3.615721e-01,8.269064e-03,5.277871e-02,4.798354e-02,6.899603e-03,1.113447e-02,4.350852e-02
8.392726e-02,1.757326e-02,5.053598e-03,3.026669e-02,1.752616e-01,2.591029e-01,2.553226e-03,2.142469e-02,2.701693e-01,8.530766e-03,4.264521e-02,3.416376e-02,5.339408e-03,8.499500e-03,3.548893e-02
6.031278e-02,1.245317e-02,3.557564e-03,2.163257e-02,1.237771e-01,4.676324e-01,1.810149e-03,1.571051e-02,1.925572e-01,8.567331e-03,3.145275e-02,2.404658e-02,3.957954e-03,6.293676e-03,2.623834e-02
4.978485e-02,8.837022e-03,2.612353e-03,1.569932e-02,8.686724e-02,5.599293e-01,1.394852e-03,1.183267e-02,1.540427e-01,2.460991e-02,2.460818e-02,1.709901e-02,3.257395e-03,5.745517e-03,3.367969e-02
3.805967e-02,6.305002e-03,1.989075e-03,1.192378e-02,6.091655e-02,6.157513e-01,1.011438e-03,8.637759e-03,1.132438e-01,4.953749e-02,2.186445e-02,1.217610e-02,2.439459e-03,4.949706e-03,5.119445e-02
3.221097e-02,4.627450e-03,2.257907e-03,1.063414e-02,4.297322e-02,6.438156e-01,9.134263e-04,7.776345e-03,8.653725e-02,6.039584e-02,2.158040e-02,8.731760e-03,2.048829e-03,4.759624e-03,7.073724e-02
4.406447e-02,4.187250e-03,4.313697e-03,9.522837e-03,3.067731e-02,6.158390e-01,9.536943e-04,7.321572e-03,7.249890e-02,9.804523e-02,2.423201e-02,6.562388e-03,2.022163e-03,7.158774e-03,7.260072e-02
4.105354e-02,3.391819e-03,4.270921e-03,8.858864e-03,2.213374e-02,6.546743e-01,8.065358e-04,7.415822e-03,7.549670e-02,8.365304e-02,2.915272e-02,4.775156e-03,1.866078e-03,6.084074e-03,5.636669e-02
3.233040e-02,2.825757e-03,3.435073e-03,7.388890e-03,1.725547e-02,6.057309e-01,7.197730e-04,7.957280e-03,9.956174e-02,9.928401e-02,5.032267e-02,3.944985e-03,3.441073e-03,9.761289e-03,5.604067e-02
2.391162e-02,3.740373e-03,2.629078e-03,5.366913e-03,1.295693e-02,5.008040e-01,6.130124e-04,6.485365e-03,8.879399e-02,1.233417e-01,1.230212e-01,3.285077e-03,4.789468e-03,2.187669e-02,7.838452e-02
1.762962e-02,4.162013e-03,2.406103e-03,5.224804e-03,9.859380e-03,3.855246e-01,5.828009e-04,8.632995e-03,2.092194e-01,1.319058e-01,1.063513e-01,3.180441e-03,6.246546e-03,1.884576e-02,9.022832e-02
1.272558e-02,3.807483e-03,2.225703e-03,4.067810e-03,7.850119e-03,2.761535e-01,5.416926e-04,7.055233e-03,3.365269e-01,1.001584e-01,8.730280e-02,3.447437e-03,8.065325e-03,2.012462e-02,1.299473e-01
1.352892e-02,4.004198e-03,1.801783e-03,3.223760e-03,6.115514e-03,2.016518e-01,4.632697e-04,5.737111e-03,3.851603e-01,7.860310e-02,1.058489e-01,4.642223e-03,1.065316e-02,3.426075e-02,1.443052e-01
5.275537e-02,5.286647e-03,1.812003e-03,3.280669e-03,5.201859e-03,1.497358e-01,8.958783e-04,4.902047e-03,3.199090e-01,6.270464e-02,1.922626e-01,8.222427e-03,1.279991e-02,6.012344e-02,1.201077e-01
6.174658e-02,7.350903e-03,1.493015e-03,2.584217e-03,4.935608e-03,1.074011e-01,8.798551e-04,3.853979e-03,2.620728e-01,4.588039e-02,2.494532e-01,1.043528e-02,1.591414e-02,1.344226e-01,9.157626e-02
8.144638e-02,6.564531e-03,1.323781e-03,2.599668e-03,6.245486e-03,7.730739e-02,1.072249e-03,3.601563e-03,2.785309e-01,3.425183e-02,2.674487e-01,9.533315e-03,1.519743e-02,1.440329e-01,7.084389e-02
7.088721e-02,6.376783e-03,1.185391e-03,2.226174e-03,5.159911e-03,5.523824e-02,8.597752e-04,2.726031e-03,2.388377e-01,2.494486e-02,2.723171e-01,8.645251e-03,1.353572e-02,2.441928e-01,5.286690e-02
5.689649e-02,5.543520e-03,9.986479e-04,1.994003e-03,4.297847e-03,4.095452e-02,7.968155e-04,2.287031e-03,2.273283e-01,1.913317e-02,3.090019e-01,1.248530e-02,1.287435e-02,2.667037e-01,3.870441e-02
4.584023e-02,5.150732e-03,8.243528e-04,1.643673e-03,3.460166e-03,3.062890e-02,7.836013e-04,1.793742e-03,2.276181e-01,1.489624e-02,3.626490e-01,2.868342e-02,1.237804e-02,2.353435e-01,2.830633e-02
3.501159e-02,4.526900e-03,7.277675e-04,1.333461e-03,3.000340e-03,2.257135e-02,6.379610e-04,1.465880e-03,1.989889e-01,1.184246e-02,3.768738e-01,2.984933e-02,1.131745e-02,2.811497e-01,2.070306e-02
2.745176e-02,3.613993e-03,5.685964e-04,1.341684e-03,2.838876e-03,1.610122e-02,5.196243e-04,1.165429e-03,1.503613e-01,8.623865e-03,4.909000e-01,4.490720e-02,1.037664e-02,2.264156e-01,1.481417e-02
3.207118e-02,4.711662e-03,1.473474e-03,1.767291e-03,3.598257e-03,1.244519e-02,7.938335e-04,2.324560e-03,1.171609e-01,6.400300e-03,5.350152e-01,5.101985e-02,9.443163e-03,2.110324e-01,1.074272e-02
2.447724e-02,4.686601e-03,1.601194e-03,1.585586e-03,3.846528e-03,9.886552e-03,6.767825e-04,1.887052e-03,8.821379e-02,5.226036e-03,5.996138e-01,4.567277e-02,7.535871e-03,1.971747e-01,7.915507e-03
1.907227e-02,4.102584e-03,1.624108e-03,1.514491e-03,4.065625e-03,8.377549e-03,6.560861e-04,1.667481e-03,6.741543e-02,5.095609e-03,6.769273e-01,3.928804e-02,8.058209e-03,1.561160e-01,6.019220e-03
1.441905e-02,4.431763e-03,1.915378e-03,1.346448e-03,4.761113e-03,7.775649e-03,6.333056e-04,1.470549e-03,6.632117e-02,6.374176e-03,6.762944e-01,5.323277e-02,6.974319e-03,1.493350e-01,4.714929e-03
1.320772e-02,1.819892e-02,6.458914e-03,1.476406e-03,6.012716e-03,1.124611e-02,8.193901e-04,1.721615e-03,1.184195e-01,8.781341e-03,5.973331e-01,5.732669e-02,8.191188e-03,1.463047e-01,4.501607e-03
1.612874e-02,1.752917e-02,6.794536e-03,1.422022e-03,6.022455e-03,9.344693e-03,1.334125e-03,2.555565e-03,9.738411e-02,1.041400e-02,6.177229e-01,6.556174e-02,7.844079e-03,1.342966e-01,5.645210e-03
1.626063e-02,1.513955e-02,6.218061e-03,1.334400e-03,5.462479e-03,8.240640e-03,1.185111e-03,2.165071e-03,7.733813e-02,1.078141e-02,6.196486e-01,6.974697e-02,7.113123e-03,1.540230e-01,5.342798e-03
3.123148e-02,1.316004e-02,6.395525e-03,1.422337e-03,6.857053e-03,7.054056e-03,1.138470e-03,3.010283e-03,7.163225e-02,1.365246e-02,5.900468e-01,5.921086e-02,6.686609e-03,1.824197e-01,6.082143e-03
8.661982e-02,1.253979e-02,6.608707e-03,2.651503e-03,2.777941e-02,7.671265e-03,1.169710e-03,6.031468e-03,6.149982e-02,1.453204e-02,5.365478e-01,4.623135e-02,7.410748e-03,1.776295e-01,5.077085e-03
1.201469e-01,1.430461e-02,1.833590e-02,5.956008e-03,3.503909e-02,9.673061e-03,1.430390e-03,1.907122e-02,6.198462e-02,1.607856e-02,4.747413e-01,4.107348e-02,9.831246e-03,1.676408e-01,4.692758e-03
1.094662e-01,2.098323e-02,1.885241e-02,5.409566e-03,6.214389e-02,2.051363e-02,1.453070e-03,1.803985e-02,1.046977e-01,1.454942e-02,4.362511e-01,3.360905e-02,9.215673e-03,1.390311e-01,5.784101e-03
9.664609e-02,2.858064e-02,2.586067e-02,7.547204e-03,1.260717e-01,3.440140e-02,2.261470e-03,2.020122e-02,1.104753e-01,1.113214e-02,3.899400e-01,2.502777e-02,8.438392e-03,1.087977e-01,4.618303e-03
1.065704e-01,3.695130e-02,2.591699e-02,1.424380e-02,1.344728e-01,4.565095e-02,2.182922e-03,1.608591e-02,1.107377e-01,1.019791e-02,3.747938e-01,1.819687e-02,8.732202e-03,8.945231e-02,5.813995e-03
1.014191e-01,3.773150e-02,2.161363e-02,4.576903e-02,1.871875e-01,5.629767e-02,3.363311e-03,2.764701e-02,1.120061e-01,8.320669e-03,2.967233e-01,1.488361e-02,7.439150e-03,7.448079e-02,5.117638e-03
1.226963e-01,3.458748e-02,1.875644e-02,5.792263e-02,1.649843e-01,4.708709e-02,3.033562e-03,3.253633e-02,1.295749e-01,1.405403e-02,2.433036e-01,1.442662e-02,6.749067e-03,1.047837e-01,5.503882e-03
1.227555e-01,3.884056e-02,1.916654e-02,6.665229e-02,1.567371e-01,4.765977e-02,2.904674e-03,4.575734e-02,1.271621e-01,1.670492e-02,2.161498e-01,1.395892e-02,6.031632e-03,1.135540e-01,5.964814e-03
1.396361e-01,3.487711e-02,1.896238e-02,8.455246e-02,1.519394e-01,4.028831e-02,2.571117e-03,5.994314e-02,1.296189e-01,2.581050e-02,1.885692e-01,1.518680e-02,5.513137e-03,9.638780e-02,6.143669e-03
1.454994e-01,2.595436e-02,1.873956e-02,8.843414e-02,1.441538e-01,2.932273e-02,2.346372e-03,1.818178e-01,1.008008e-01,1.903218e-02,1.493621e-01,1.628277e-02,4.815499e-03,6.889436e-02,4.544195e-03
1.213846e-01,1.853499e-02,2.852722e-02,8.948917e-02,1.123116e-01,2.118597e-02,1.961841e-03,3.442320e-01,7.354061e-02,1.348606e-02,1.077338e-01,1.209021e-02,3.702056e-03,4.856673e-02,3.253257e-03
1.174160e-01,1.348837e-02,4.459087e-02,1.270864e-01,8.311811e-02,2.140826e-02,1.692528e-03,3.958313e-01,5.565971e-02,1.001161e-02,7.792256e-02,1.013394e-02,3.313526e-03,3.562879e-02,2.698047e-03
1.513527e-01,9.764230e-03,3.684457e-02,1.123021e-01,6.084074e-02,2.006946e-02,1.425913e-03,4.425822e-01,4.337314e-02,8.603495e-03,6.350312e-02,1.388573e-02,6.085856e-03,2.614057e-02,3.226211e-03
1.123784e-01,7.095641e-03,2.642150e-02,8.744045e-02,4.293956e-02,1.648139e-02,1.067702e-03,3.705753e-01,4.389217e-02,1.023536e-02,1.914512e-01,3.532854e-02,2.351627e-02,2.448240e-02,6.694117e-03
7.948599e-02,5.084745e-03,1.853933e-02,6.466620e-02,3.019425e-02,1.180643e-02,7.884555e-04,2.914905e-01,7.285713e-02,7.754357e-03,3.114963e-01,3.020199e-02,3.188988e-02,3.755107e-02,6.193371e-03
5.571279e-02,3.585175e-03,1.304960e-02,4.541411e-02,2.133785e-02,8.321414e-03,5.555529e-04,2.057591e-01,9.912504e-02,5.861741e-03,4.515256e-01,2.167396e-02,3.331691e-02,3.021343e-02,4.547780e-03
3.944084e-02,2.669927e-03,1.007721e-02,3.210846e-02,1.908881e-02,6.864657e-03,4.003529e-04,1.455674e-01,1.468488e-01,4.386805e-03,5.147226e-01,1.550005e-02,3.322763e-02,2.497488e-02,4.121623e-03
2.780887e-02,2.238628e-03,9.163943e-03,2.270408e-02,1.651028e-02,6.065129e-03,3.015231e-04,1.022476e-01,3.602050e-01,3.367431e-03,3.796194e-01,1.128200e-02,2.421190e-02,2.992427e-02,4.350008e-03
1.962246e-02,1.943851e-03,7.101892e-03,1.600769e-02,1.429349e-02,5.052486e-03,2.240862e-04,7.161962e-02,5.263265e-01,2.764380e-03,2.727296e-01,7.996298e-03,1.714574e-02,3.213452e-02,5.037414e-03
2.045908e-02,1.842718e-03,9.440800e-03,1.257798e-02,1.438806e-02,8.993210e-03,4.182386e-04,5.421603e-02,6.282683e-01,2.802988e-03,1.937391e-01,5.752200e-03,1.246772e-02,2.737729e-02,7.256274e-03
1.690252e-02,2.732164e-03,8.510778e-03,1.109385e-02,2.114608e-02,1.348603e-02,3.249425e-04,3.835911e-02,6.710469e-01,6.943109e-03,1.386208e-01,4.222795e-03,9.111031e-03,2.589065e-02,3.160938e-02
1.288281e-02,3.378137e-03,9.585331e-03,2.175431e-02,1.941144e-02,1.127429e-02,2.389771e-04,2.708917e-02,7.201965e-01,1.013776e-02,9.970941e-02,3.282415e-03,7.034610e-03,2.047972e-02,3.354518e-02
1.306682e-02,2.935592e-02,9.508071e-03,3.051648e-02,1.982106e-02,1.583040e-02,2.557157e-04,1.938829e-02,6.785406e-01,2.264842e-02,8.638939e-02,4.574481e-03,1.666576e-02,1.491701e-02,3.852153e-02
1.010666e-02,3.123595e-02,1.263280e-02,4.472107e-02,1.536947e-02,1.225843e-02,1.939515e-04,1.372425e-02,6.873817e-01,2.169283e-02,6.365023e-02,3.990852e-03,1.712818e-02,1.083945e-02,5.507416e-02
2.468720e-02,3.644833e-02,2.769105e-02,4.921087e-02,1.918742e-02,1.093417e-02,2.411835e-04,1.123150e-02,5.830588e-01,7.147855e-02,5.276301e-02,3.762369e-03,1.592576e-02,1.138010e-02,8.199966e-02
2.434887e-02,5.533888e-02,2.802287e-02,4.824746e-02,1.857968e-02,1.351673e-02,2.588002e-04,1.108416e-02,5.139852e-01,1.124044e-01,4.980709e-02,4.035091e-03,1.721374e-02,1.030579e-02,9.285133e-02
5.317529e-02,7.382536e-02,2.265899e-02,4.292976e-02,1.998209e-02,1.661433e-02,2.910101e-04,9.649430e-03,4.903985e-01,1.104890e-01,5.082421e-02,3.747160e-03,1.563141e-02,1.188418e-02,7.789929e-02
4.080097e-02,8.426202e-02,2.435793e-02,2.033722e-01,1.714090e-02,1.256146e-02,2.870969e-04,9.091716e-03,3.867607e-01,9.189340e-02,3.763152e-02,3.336733e-03,1.174420e-02,8.641822e-03,6.811740e-02
3.708155e-02,7.242741e-02,2.358060e-02,3.177254e-01,1.551376e-02,9.909918e-03,2.641200e-04,8.347529e-03,3.112675e-01,8.968311e-02,3.500077e-02,3.258284e-03,9.908718e-03,6.424080e-03,5.960736e-02
7.929037e-02,6.316860e-02,4.910873e-02,2.749059e-01,2.584683e-02,1.028659e-02,1.004197e-03,2.244237e-02,2.886761e-01,7.203268e-02,3.368647e-02,5.245009e-03,8.948896e-03,6.374864e-03,5.898244e-02
1.024669e-01,6.351648e-02,1.001839e-01,2.524198e-01,2.418879e-02,9.236395e-03,1.117428e-03,2.284101e-02,2.400652e-01,7.418843e-02,3.040947e-02,6.456053e-03,8.606614e-03,6.090278e-03,5.821332e-02
1.477293e-01,6.385581e-02,1.052559e-01,1.985925e-01,2.736145e-02,9.180081e-03,1.253770e-03,2.053708e-02,1.977960e-01,8.455127e-02,2.875739e-02,7.994432e-03,8.389462e-03,6.503826e-03,9.224181e-02
1.612660e-01,6.864203e-02,1.179561e-01,1.581974e-01,2.464433e-02,8.924617e-03,1.176507e-03,1.750175e-02,1.657588e-01,1.075353e-01,2.570393e-02,8.787979e-03,1.014318e-02,6.072987e-03,1.176890e-01
2.459668e-01,5.565457e-02,1.351197e-01,1.191100e-01,2.950664e-02,1.074169e-02,1.450586e-03,1.434143e-02,1.271896e-01,1.140390e-01,2.361590e-02,8.335022e-03,8.794249e-03,7.170974e-03,9.896375e-02
2.141537e-01,6.157341e-02,1.112688e-01,2.401922e-01,3.180675e-02,1.195892e-02,2.303664e-03,1.777810e-02,1.012296e-01,8.463375e-02,1.824544e-02,7.448687e-03,6.644319e-03,5.305590e-03,8.545695e-02
2.474987e-01,5.696596e-02,1.079100e-01,2.677560e-01,3.793886e-02,1.499903e-02,3.298305e-03,3.002841e-02,7.662810e-02,6.097794e-02,1.415690e-02,7.881497e-03,5.349600e-03,4.072825e-03,6.453797e-02
3.104708e-01,6.145957e-02,1.037677e-01,2.387110e-01,4.188801e-02,2.199053e-02,3.656113e-03,3.018346e-02,6.120284e-02,4.476554e-02,1.145572e-02,7.316185e-03,4.464881e-03,3.709681e-03,5.495805e-02
3.591573e-01,5.199941e-02,1.241330e-01,1.946643e-01,4.352476e-02,2.124299e-02,3.220933e-03,5.536032e-02,4.831957e-02,3.288048e-02,9.052258e-03,6.691190e-03,3.779227e-03,3.183429e-03,4.279088e-02
4.097597e-01,4.998544e-02,1.102413e-01,1.429038e-01,5.391273e-02,1.816107e-02,3.029729e-03,9.091237e-02,3.850978e-02,2.577121e-02,7.389403e-03,6.297955e-03,3.505468e-03,4.730405e-03,3.488965e-02
4.568877e-01,4.017798e-02,9.156015e-02,1.096776e-01,4.638797e-02,1.591180e-02,3.051354e-03,1.360408e-01,3.121497e-02,1.909909e-02,6.496653e-03,6.481247e-03,4.103090e-03,4.896858e-03,2.801274e-02
1.000000e+00,0.000000e+00,0.000000e+00,0.000000e+00,0.000000e+00,0.000000e+00,0.000000e+00,0.000000e+00,0.000000e+00,0.000000e+00,0.000000e+00,0.000000e+00,0.000000e+00,0.000000e+00,0.000000e+00
4.821211e-01,2.434325e-02,6.864858e-02,6.934361e-02,2.893791e-02,1.169274e-02,2.949017e-03,2.434031e-01,1.943391e-02,1.102526e-02,4.841339e-03,6.067392e-03,3.990676e-03,4.346665e-03,1.885547e-02
4.727258e-01,1.913581e-02,1.069811e-01,6.464326e-02,2.175750e-02,1.044012e-02,2.743988e-03,2.441897e-01,1.660678e-02,8.649805e-03,4.290926e-03,6.354135e-03,3.663033e-03,3.328579e-03,1.448949e-02
4.515093e-01,1.402048e-02,9.660605e-02,6.679597e-02,1.565287e-02,1.004884e-02,2.254459e-03,2.946596e-01,1.419523e-02,6.537850e-03,3.862481e-03,6.397162e-03,3.453537e-03,2.692959e-03,1.131319e-02
