1.000000e+00,0.000000e+00,0.000000e+00,0.000000e+00,0.000000e+00,0.000000e+00,0.000000e+00,0.000000e+00,0.000000e+00,0.000000e+00,0.000000e+00,0.000000e+00,0.000000e+00,0.000000e+00,0.000000e+00
1.000000e+00,0.000000e+00,0.000000e+00,0.000000e+00,0.000000e+00,0.000000e+00,0.000000e+00,0.000000e+00,0.000000e+00,0.000000e+00,0.000000e+00,0.000000e+00,0.000000e+00,0.000000e+00,0.000000e+00
1.000000e+00,0.000000e+00,0.000000e+00,0.000000e+00,0.000000e+00,0.000000e+00,0.000000e+00,0.000000e+00,0.000000e+00,0.000000e+00,0.000000e+00,0.000000e+00,0.000000e+00,0.000000e+00,0.000000e+00
1.000000e+00,0.000000e+00,0.000000e+00,0.000000e+00,0.000000e+00,0.000000e+00,0.000000e+00,0.000000e+00,0.000000e+00,0.000000e+00,0.000000e+00,0.000000e+00,0.000000e+00,0.000000e+00,0.000000e+00
1.000000e+00,0.000000e+00,0.000000e+00,0.000000e+00,0.000000e+00,0.000000e+00,0.000000e+00,0.000000e+00,0.000000e+00,0.000000e+00,0.000000e+00,0.000000e+00,0.000000e+00,0.000000e+00,0.000000e+00
1.000000e+00,0.000000e+00,0.000000e+00,0.000000e+00,0.000000e+00,0.000000e+00,0.000000e+00,0.000000e+00,0.000000e+00,0.000000e+00,0.000000e+00,0.000000e+00,0.000000e+00,0.000000e+00,0.000000e+00
1.000000e+00,0.000000e+00,0.000000e+00,0.000000e+00,0.000000e+00,0.000000e+00,0.000000e+00,0.000000e+00,0.000000e+00,0.000000e+00,0.000000e+00,0.000000e+00,0.000000e+00,0.000000e+00,0.000000e+00
1.000000e+00,0.000000e+00,0.000000e+00,0.000000e+00,0.000000e+00,0.000000e+00,0.000000e+00,0.000000e+00,0.000000e+00,0.000000e+00,0.000000e+00,0.000000e+00,0.000000e+00,0.000000e+00,0.000000e+00
1.000000e+00,0.000000e+00,0.000000e+00,0.000000e+00,0.000000e+00,0.000000e+00,0.000000e+00,0.000000e+00,0.000000e+00,0.000000e+00,0.000000e+00,0.000000e+00,0.000000e+00,0.000000e+00,0.000000e+00
1.000000e+00,0.000000e+00,0.000000e+00,0.000000e+00,0.000000e+00,0.000000e+00,0.000000e+00,0.000000e+00,0.000000e+00,0.000000e+00,0.000000e+00,0.000000e+00,0.000000e+00,0.000000e+00,0.000000e+00
1.000000e+00,0.000000e+00,0.000000e+00,0.000000e+00,0.000000e+00,0.000000e+00,0.000000e+00,0.000000e+00,0.000000e+00,0.000000e+00,0.000000e+00,0.000000e+00,0.000000e+00,0.000000e+00,0.000000e+00
1.000000e+00,0.000000e+00,0.000000e+00,0.000000e+00,0.000000e+00,0.000000e+00,0.000000e+00,0.000000e+00,0.000000e+00,0.000000e+00,0.000000e+00,0.000000e+00,0.000000e+00,0.000000e+00,0.000000e+00
1.000000e+00,0.000000e+00,0.000000e+00,0.000000e+00,0.000000e+00,0.000000e+00,0.000000e+00,0.000000e+00,0.000000e+00,0.000000e+00,0.000000e+00,0.000000e+00,0.000000e+00,0.000000e+00,0.000000e+00
1.000000e+00,0.000000e+00,0.000000e+00,0.000000e+00,0.000000e+00,0.000000e+00,0.000000e+00,0.000000e+00,0.000000e+00,0.000000e+00,0.000000e+00,0.000000e+00,0.000000e+00,0.000000e+00,0.000000e+00
1.000000e+00,0.000000e+00,0.000000e+00,0.000000e+00,0.000000e+00,0.000000e+00,0.000000e+00,0.000000e+00,0.000000e+00,0.000000e+00,0.000000e+00,0.000000e+00,0.000000e+00,0.000000e+00,0.000000e+00
1.000000e+00,0.000000e+00,0.000000e+00,0.000000e+00,0.000000e+00,0.000000e+00,0.000000e+00,0.000000e+00,0.000000e+00,0.000000e+00,0.000000e+00,0.000000e+00,0.000000e+00,0.000000e+00,0.000000e+00
1.000000e+00,0.000000e+00,0.000000e+00,0.000000e+00,0.000000e+00,0.000000e+00,0.000000e+00,0.000000e+00,0.000000e+00,0.000000e+00,0.000000e+00,0.000000e+00,0.000000e+00,0.000000e+00,0.000000e+00
1.000000e+00,0.000000e+00,0.000000e+00,0.000000e+00,0.000000e+00,0.000000e+00,0.000000e+00,0.000000e+00,0.000000e+00,0.000000e+00,0.000000e+00,0.000000e+00,0.000000e+00,0.000000e+00,0.000000e+00
1.000000e+00,0.000000e+00,0.000000e+00,0.000000e+00,0.000000e+00,0.000000e+00,0.000000e+00,0.000000e+00,0.000000e+00,0.000000e+00,0.000000e+00,0.000000e+00,0.000000e+00,0.000000e+00,0.000000e+00
1.000000e+00,0.000000e+00,0.000000e+00,0.000000e+00,0.000000e+00,0.000000e+00,0.000000e+00,0.000000e+00,0.000000e+00,0.000000e+00,0.000000e+00,0.000000e+00,0.000000e+00,0.000000e+00,0.000000e+00
1.000000e+00,0.000000e+00,0.000000e+00,0.000000e+00,0.000000e+00,0.000000e+00,0.000000e+00,0.000000e+00,0.000000e+00,0.000000e+00,0.000000e+00,0.000000e+00,0.000000e+00,0.000000e+00,0.000000e+00
1.000000e+00,0.000000e+00,0.000000e+00,0.000000e+00,0.000000e+00,0.000000e+00,0.000000e+00,0.000000e+00,0.000000e+00,0.000000e+00,0.000000e+00,0.000000e+00,0.000000e+00,0.000000e+00,0.000000e+00
1.000000e+00,0.000000e+00,0.000000e+00,0.000000e+00,0.000000e+00,0.000000e+00,0.000000e+00,0.000000e+00,0.000000e+00,0.000000e+00,0.000000e+00,0.000000e+00,0.000000e+00,0.000000e+00,0.000000e+00
1.000000e+00,0.000000e+00,0.000000e+00,0.000000e+00,0.000000e+00,0.000000e+00,0.000000e+00,0.000000e+00,0.000000e+00,0.000000e+00,0.000000e+00,0.000000e+00,0.000000e+00,0.000000e+00,0.000000e+00
1.000000e+00,0.000000e+00,0.000000e+00,0.000000e+00,0.000000e+00,0.000000e+00,0.000000e+00,0.000000e+00,0.000000e+00,0.000000e+00,0.000000e+00,0.000000e+00,0.000000e+00,0.000000e+00,0.000000e+00
1.000000e+00,0.000000e+00,0.000000e+00,0.000000e+00,0.000000e+00,0.000000e+00,0.000000e+00,0.000000e+00,0.000000e+00,0.000000e+00,0.000000e+00,0.000000e+00,0.000000e+00,0.000000e+00,0.000000e+00
1.000000e+00,0.000000e+00,0.000000e+00,0.000000e+00,0.000000e+00,0.000000e+00,0.000000e+00,0.000000e+00,0.000000e+00,0.000000e+00,0.000000e+00,0.000000e+00,0.000000e+00,0.000000e+00,0.000000e+00
1.000000e+00,0.000000e+00,0.000000e+00,0.000000e+00,0.000000e+00,0.000000e+00,0.000000e+00,0.000000e+00,0.000000e+00,0.000000e+00,0.000000e+00,0.000000e+00,0.000000e+00,0.000000e+00,0.000000e+00
1.000000e+00,0.000000e+00,0.000000e+00,0.000000e+00,0.000000e+00,0.000000e+00,0.000000e+00,0.000000e+00,0.000000e+00,0.000000e+00,0.000000e+00,0.000000e+00,0.000000e+00,0.000000e+00,0.000000e+00
1.000000e+00,0.000000e+00,0.000000e+00,0.000000e+00,0.000000e+00,0.000000e+00,0.000000e+00,0.000000e+00,0.000000e+00,0.000000e+00,0.000000e+00,0.000000e+00,0.000000e+00,0.000000e+00,0.000000e+00
1.000000e+00,0.000000e+00,0.000000e+00,0.000000e+00,0.000000e+00,0.000000e+00,0.000000e+00,0.000000e+00,0.000000e+00,0.000000e+00,0.000000e+00,0.000000e+00,0.000000e+00,0.000000e+00,0.000000e+00
1.000000e+00,0.000000e+00,0.000000e+00,0.000000e+00,0.000000e+00,0.000000e+00,0.000000e+00,0.000000e+00,0.000000e+00,0.000000e+00,0.000000e+00,0.000000e+00,0.000000e+00,0.000000e+00,0.000000e+00
1.000000e+00,0.000000e+00,0.000000e+00,0.000000e+00,0.000000e+00,0.000000e+00,0.000000e+00,0.000000e+00,0.000000e+00,0.000000e+00,0.000000e+00,0.000000e+00,0.000000e+00,0.000000e+00,0.000000e+00
1.000000e+00,0.000000e+00,0.000000e+00,0.000000e+00,0.000000e+00,0.000000e+00,0.000000e+00,0.000000e+00,0.000000e+00,0.000000e+00,0.000000e+00,0.000000e+00,0.000000e+00,0.000000e+00,0.000000e+00
1.000000e+00,0.000000e+00,0.000000e+00,0.000000e+00,0.000000e+00,0.000000e+00,0.000000e+00,0.000000e+00,0.000000e+00,0.000000e+00,0.000000e+00,0.000000e+00,0.000000e+00,0.000000e+00,0.000000e+00
1.000000e+00,0.000000e+00,0.000000e+00,0.000000e+00,0.000000e+00,0.000000e+00,0.000000e+00,0.000000e+00,0.000000e+00,0.000000e+00,0.000000e+00,0.000000e+00,0.000000e+00,0.000000e+00,0.000000e+00
1.000000e+00,0.000000e+00,0.000000e+00,0.000000e+00,0.000000e+00,0.000000e+00,0.000000e+00,0.000000e+00,0.000000e+00,0.000000e+00,0.000000e+00,0.000000e+00,0.000000e+00,0.000000e+00,0.000000e+00
1.000000e+00,0.000000e+00,0.000000e+00,0.000000e+00,0.000000e+00,0.000000e+00,0.000000e+00,0.000000e+00,0.000000e+00,0.000000e+00,0.000000e+00,0.000000e+00,0.000000e+00,0.000000e+00,0.000000e+00
1.000000e+00,0.000000e+00,0.000000e+00,0.000000e+00,0.000000e+00,0.000000e+00,0.000000e+00,0.000000e+00,0.000000e+00,0.000000e+00,0.000000e+00,0.000000e+00,0.000000e+00,0.000000e+00,0.000000e+00
4.753598e-01,5.562608e-02,2.135300e-02,1.440860e-01,2.318997e-02,4.489829e-02,2.665163e-02,5.124489e-02,2.736397e-02,3.505581e-03,1.330719e-02,5.627146e-02,2.303249e-02,2.940575e-03,3.116914e-02
4.138989e-01,7.195639e-02,2.206352e-02,1.732854e-01,2.906710e-02,4.243389e-02,2.485145e-02,4.873847e-02,3.427676e-02,4.126426e-03,1.393849e-02,5.661682e-02,2.365008e-02,3.888852e-03,3.720755e-02
3.619510e-01,8.417222e-02,2.191477e-02,1.866240e-01,3.348258e-02,4.024686e-02,2.452931e-02,4.600803e-02,3.957711e-02,4.447065e-03,1.580499e-02,6.428881e-02,2.942817e-02,5.080778e-03,4.244427e-02
3.225707e-01,9.453262e-02,2.138393e-02,1.947570e-01,3.613957e-02,3.967335e-02,2.295185e-02,4.110703e-02,4.432266e-02,5.031724e-03,1.640595e-02,6.964798e-02,3.746080e-02,6.006357e-03,4.800847e-02
2.902837e-01,9.650736e-02,2.253136e-02,1.935448e-01,3.818548e-02,4.748543e-02,2.149228e-02,3.635404e-02,4.522345e-02,5.233641e-03,1.922364e-02,8.149526e-02,4.570215e-02,6.670692e-03,5.006675e-02
2.739926e-01,9.515180e-02,2.207748e-02,1.951363e-01,3.775962e-02,4.612900e-02,1.821848e-02,3.227922e-02,4.707501e-02,5.874594e-03,1.971777e-02,8.791789e-02,5.347570e-02,7.374207e-03,5.782035e-02
2.945988e-01,8.652367e-02,1.841437e-02,1.724119e-01,3.574723e-02,4.906804e-02,1.562489e-02,2.716637e-02,4.198127e-02,6.029663e-03,1.923325e-02,9.725396e-02,7.427473e-02,7.185149e-03,5.448676e-02
2.386514e-01,7.952894e-02,1.953677e-02,1.729594e-01,3.416030e-02,5.213491e-02,1.321205e-02,2.520842e-02,3.842504e-02,6.598890e-03,2.608052e-02,1.292624e-01,1.014541e-01,7.778137e-03,5.500884e-02
3.231346e-01,6.825086e-02,1.603154e-02,1.431802e-01,2.994977e-02,5.060554e-02,1.149448e-02,2.117095e-02,3.329602e-02,6.644298e-03,2.288773e-02,1.152904e-01,1.019030e-01,6.697761e-03,4.946293e-02
4.199217e-01,6.012651e-02,1.318014e-02,1.202812e-01,2.567500e-02,4.609969e-02,9.694593e-03,1.755389e-02,2.853555e-02,6.334936e-03,2.014535e-02,9.389727e-02,8.709966e-02,5.567743e-03,4.588673e-02
1.000000e+00,0.000000e+00,0.000000e+00,0.000000e+00,0.000000e+00,0.000000e+00,0.000000e+00,0.000000e+00,0.000000e+00,0.000000e+00,0.000000e+00,0.000000e+00,0.000000e+00,0.000000e+00,0.000000e+00
1.000000e+00,0.000000e+00,0.000000e+00,0.000000e+00,0.000000e+00,0.000000e+00,0.000000e+00,0.000000e+00,0.000000e+00,0.000000e+00,0.000000e+00,0.000000e+00,0.000000e+00,0.000000e+00,0.000000e+00
1.000000e+00,0.000000e+00,0.000000e+00,0.000000e+00,0.000000e+00,0.000000e+00,0.000000e+00,0.000000e+00,0.000000e+00,0.000000e+00,0.000000e+00,0.000000e+00,0.000000e+00,0.000000e+00,0.000000e+00
1.000000e+00,0.000000e+00,0.000000e+00,0.000000e+00,0.000000e+00,0.000000e+00,0.000000e+00,0.000000e+00,0.000000e+00,0.000000e+00,0.000000e+00,0.000000e+00,0.000000e+00,0.000000e+00,0.000000e+00
1.000000e+00,0.000000e+00,0.000000e+00,0.000000e+00,0.000000e+00,0.000000e+00,0.000000e+00,0.000000e+00,0.000000e+00,0.000000e+00,0.000000e+00,0.000000e+00,0.000000e+00,0.000000e+00,0.000000e+00
1.000000e+00,0.000000e+00,0.000000e+00,0.000000e+00,0.000000e+00,0.000000e+00,0.000000e+00,0.000000e+00,0.000000e+00,0.000000e+00,0.000000e+00,0.000000e+00,0.000000e+00,0.000000e+00,0.000000e+00
1.000000e+00,0.000000e+00,0.000000e+00,0.000000e+00,0.000000e+00,0.000000e+00,0.000000e+00,0.000000e+00,0.000000e+00,0.000000e+00,0.000000e+00,0.000000e+00,0.000000e+00,0.000000e+00,0.000000e+00
1.000000e+00,0.000000e+00,0.000000e+00,0.000000e+00,0.000000e+00,0.000000e+00,0.000000e+00,0.000000e+00,0.000000e+00,0.000000e+00,0.000000e+00,0.000000e+00,0.000000e+00,0.000000e+00,0.000000e+00
1.000000e+00,0.000000e+00,0.000000e+00,0.000000e+00,0.000000e+00,0.000000e+00,0.000000e+00,0.000000e+00,0.000000e+00,0.000000e+00,0.000000e+00,0.000000e+00,0.000000e+00,0.000000e+00,0.000000e+00
1.000000e+00,0.000000e+00,0.000000e+00,0.000000e+00,0.000000e+00,0.000000e+00,0.000000e+00,0.000000e+00,0.000000e+00,0.000000e+00,0.000000e+00,0.000000e+00,0.000000e+00,0.000000e+00,0.000000e+00
1.000000e+00,0.000000e+00,0.000000e+00,0.000000e+00,0.000000e+00,0.000000e+00,0.000000e+00,0.000000e+00,0.000000e+00,0.000000e+00,0.000000e+00,0.000000e+00,0.000000e+00,0.000000e+00,0.000000e+00
1.000000e+00,0.000000e+00,0.000000e+00,0.000000e+00,0.000000e+00,0.000000e+00,0.000000e+00,0.000000e+00,0.000000e+00,0.000000e+00,0.000000e+00,0.000000e+00,0.000000e+00,0.000000e+00,0.000000e+00
1.000000e+00,0.000000e+00,0.000000e+00,0.000000e+00,0.000000e+00,0.000000e+00,0.000000e+00,0.000000e+00,0.000000e+00,0.000000e+00,0.000000e+00,0.000000e+00,0.000000e+00,0.000000e+00,0.000000e+00
1.000000e+00,0.000000e+00,0.000000e+00,0.000000e+00,0.000000e+00,0.000000e+00,0.000000e+00,0.000000e+00,0.000000e+00,0.000000e+00,0.000000e+00,0.000000e+00,0.000000e+00,0.000000e+00,0.000000e+00
1.000000e+00,0.000000e+00,0.000000e+00,0.000000e+00,0.000000e+00,0.000000e+00,0.000000e+00,0.000000e+00,0.000000e+00,0.000000e+00,0.000000e+00,0.000000e+00,0.000000e+00,0.000000e+00,0.000000e+00
4.906683e-01,5.189058e-03,4.893374e-02,1.329194e-02,4.355540e-03,1.824515e-02,1.219409e-02,3.556820e-01,2.336195e-03,5.191306e-03,6.254157e-03,1.624446e-02,9.219514e-03,1.862374e-03,1.033223e-02
4.398740e-01,4.748777e-03,3.716061e-02,1.279225e-02,6.062876e-03,1.429976e-02,9.429161e-03,4.195132e-01,6.360014e-03,5.166389e-03,5.602874e-03,1.672908e-02,9.916407e-03,2.310876e-03,1.003375e-02
4.150219e-01,5.778030e-03,3.076869e-02,1.344013e-02,7.138665e-03,1.275586e-02,7.202473e-03,4.312891e-01,1.129845e-02,5.789801e-03,7.458271e-03,1.801442e-02,1.586128e-02,4.373447e-03,1.380953e-02
4.030108e-01,6.735764e-03,3.517091e-02,5.644300e-02,1.643996e-02,1.110190e-02,5.862690e-03,3.421843e-01,2.617394e-02,1.228918e-02,1.219810e-02,2.383351e-02,3.134309e-02,4.395731e-03,1.281707e-02
4.141856e-01,8.564327e-03,3.119406e-02,5.177606e-02,1.582939e-02,1.052162e-02,5.089378e-03,2.694944e-01,3.241147e-02,1.731076e-02,2.004449e-02,3.758207e-02,6.392853e-02,7.786743e-03,1.428105e-02
3.944959e-01,1.930532e-02,2.554038e-02,5.202051e-02,1.413904e-02,9.658245e-03,5.701405e-03,2.062666e-01,8.863413e-02,2.423977e-02,2.500456e-02,3.448097e-02,7.315074e-02,8.929523e-03,1.843286e-02
4.139855e-01,4.736271e-02,1.928047e-02,4.447666e-02,1.058925e-02,8.205495e-03,4.442919e-03,1.480797e-01,1.308234e-01,2.164395e-02,2.249425e-02,3.210259e-02,6.441447e-02,1.235293e-02,1.974583e-02
4.242109e-01,5.040635e-02,1.401179e-02,4.521084e-02,9.263072e-03,7.847892e-03,3.677713e-03,1.070998e-01,1.612504e-01,1.932758e-02,2.380229e-02,3.367750e-02,6.340724e-02,1.388808e-02,2.291858e-02
3.590198e-01,1.071009e-01,1.016645e-02,4.981788e-02,7.074420e-03,7.030785e-03,2.715645e-03,7.590304e-02,2.024344e-01,2.263742e-02,2.538222e-02,3.239369e-02,5.151122e-02,1.466150e-02,3.215058e-02
3.386322e-01,8.656500e-02,7.526685e-03,5.814375e-02,6.608334e-03,1.282929e-02,2.637089e-03,5.422920e-02,1.814291e-01,2.064168e-02,4.563382e-02,7.681877e-02,6.167306e-02,1.498575e-02,3.164624e-02
2.570284e-01,9.642605e-02,5.570386e-03,6.802915e-02,5.160308e-03,1.286287e-02,2.009602e-03,3.871645e-02,2.302363e-01,1.692897e-02,4.458049e-02,9.043036e-02,6.287473e-02,1.856057e-02,5.058533e-02
2.341471e-01,7.232819e-02,4.280948e-03,7.585496e-02,4.749261e-03,2.175781e-02,2.161252e-03,2.921927e-02,2.210525e-01,1.520710e-02,8.578456e-02,8.590199e-02,8.253360e-02,1.931100e-02,4.571047e-02
1.714853e-01,5.237927e-02,4.016066e-03,6.316172e-02,5.816000e-03,1.776310e-02,1.738757e-03,2.262049e-02,1.711037e-01,1.215034e-02,1.642015e-01,8.103513e-02,1.666220e-01,1.969232e-02,4.621426e-02
1.269796e-01,3.780798e-02,8.055055e-03,5.211984e-02,7.135740e-03,2.775408e-02,3.536556e-03,3.932901e-02,1.279655e-01,1.018312e-02,2.397353e-01,6.730924e-02,1.723965e-01,1.648717e-02,6.320529e-02
1.102642e-01,3.200703e-02,9.540524e-03,6.629273e-02,1.634947e-02,3.831007e-02,3.623862e-03,3.700153e-02,1.264794e-01,1.106867e-02,2.299719e-01,7.956123e-02,1.719194e-01,1.608203e-02,5.152795e-02
1.397410e-01,2.738844e-02,1.153204e-02,6.726048e-02,2.610384e-02,3.403043e-02,5.448464e-03,6.024242e-02,1.035604e-01,1.227262e-02,2.066943e-01,1.012203e-01,1.437922e-01,1.636758e-02,4.434553e-02
1.503026e-01,3.619244e-02,1.045047e-02,1.141766e-01,2.272603e-02,3.442853e-02,4.524084e-03,5.063570e-02,1.372214e-01,1.262932e-02,1.566121e-01,8.963482e-02,1.140193e-01,1.497928e-02,5.146736e-02
1.427470e-01,4.378210e-02,1.166345e-02,9.724107e-02,3.273663e-02,3.329666e-02,4.580038e-03,4.445682e-02,1.690450e-01,1.285162e-02,1.331176e-01,1.128395e-01,9.507667e-02,1.324752e-02,5.331828e-02
1.579280e-01,4.693321e-02,1.724502e-02,1.349410e-01,3.298286e-02,2.821537e-02,5.090978e-03,6.459978e-02,1.657352e-01,1.194023e-02,1.126807e-01,9.065464e-02,7.619748e-02,1.105496e-02,4.380070e-02
1.689355e-01,5.062950e-02,1.846181e-02,1.113081e-01,3.902123e-02,2.499639e-02,4.557814e-03,5.937096e-02,2.299736e-01,1.040456e-02,9.694729e-02,7.216138e-02,6.475411e-02,9.467572e-03,3.901025e-02
1.572660e-01,4.676234e-02,1.569589e-02,9.139760e-02,3.575321e-02,2.822946e-02,3.805070e-03,4.826034e-02,3.486042e-01,8.945303e-03,7.422001e-02,5.375438e-02,5.097644e-02,6.917832e-03,2.941199e-02
1.703164e-01,3.998134e-02,1.264529e-02,6.953625e-02,3.739890e-02,2.862038e-02,3.713809e-03,4.778944e-02,4.241352e-01,6.870837e-03,5.469431e-02,3.887282e-02,3.752288e-02,5.297989e-03,2.260419e-02
1.651411e-01,2.978999e-02,1.527316e-02,5.528174e-02,5.986560e-02,2.239321e-02,6.614504e-03,8.819521e-02,4.355483e-01,4.974954e-03,4.005081e-02,2.821049e-02,2.837743e-02,3.856053e-03,1.642746e-02
1.477544e-01,2.731645e-02,6.251555e-02,1.258948e-01,6.621298e-02,1.795562e-02,5.470958e-03,1.237538e-01,3.300666e-01,3.940110e-03,2.988167e-02,2.118567e-02,2.213498e-02,3.032890e-03,1.288345e-02
1.548821e-01,2.080805e-02,5.008689e-02,1.584549e-01,6.516068e-02,1.422527e-02,5.442460e-03,1.202238e-01,3.357772e-01,3.030222e-03,2.305297e-02,1.740792e-02,1.777071e-02,2.372916e-03,1.130388e-02
1.189157e-01,1.490887e-02,6.490283e-02,1.907177e-01,5.673828e-02,1.045179e-02,4.251856e-03,2.288250e-01,2.560866e-01,2.155259e-03,1.667907e-02,1.245037e-02,1.302242e-02,1.721582e-03,8.172616e-03
1.016720e-01,1.155880e-02,5.371003e-02,1.592090e-01,4.820796e-02,1.020033e-02,3.441831e-03,3.757713e-01,1.953250e-01,1.576676e-03,1.238344e-02,9.385522e-03,1.002629e-02,1.342818e-03,6.188954e-03
7.792453e-02,8.254863e-03,4.919513e-02,1.311706e-01,3.780995e-02,7.934584e-03,2.615085e-03,5.163674e-01,1.390359e-01,1.153180e-03,9.117113e-03,6.740123e-03,7.267847e-03,9.755000e-04,4.438109e-03
6.551124e-02,6.107324e-03,3.691412e-02,1.062332e-01,2.764865e-02,5.864507e-03,1.991261e-03,6.290057e-01,9.923925e-02,8.274463e-04,6.627146e-03,4.899563e-03,5.238605e-03,7.115719e-04,3.180460e-03
6.959832e-02,4.490458e-03,2.691025e-02,8.008780e-02,2.039647e-02,4.530339e-03,1.557376e-03,7.060832e-01,7.067157e-02,5.929788e-04,4.810545e-03,3.594434e-03,3.820268e-03,5.253961e-04,2.330667e-03
6.473122e-02,3.207197e-03,1.902438e-02,5.956371e-02,1.498552e-02,3.525963e-03,1.203223e-03,7.722420e-01,5.003788e-02,4.189163e-04,3.518432e-03,2.639435e-03,2.857844e-03,3.888251e-04,1.655516e-03
6.214195e-02,2.292460e-03,1.369262e-02,4.545467e-02,1.092029e-02,3.341761e-03,1.037309e-03,8.169671e-01,3.548616e-02,3.024290e-04,2.593319e-03,1.990807e-03,2.256026e-03,3.170262e-04,1.206077e-03
6.640123e-02,1.716803e-03,9.946970e-03,3.492147e-02,9.089276e-03,2.806869e-03,9.336683e-04,8.419267e-01,2.566394e-02,2.208119e-04,1.970412e-03,1.511244e-03,1.761245e-03,2.483032e-04,8.810277e-04
7.083993e-02,1.386217e-03,7.443217e-03,2.938952e-02,9.318605e-03,2.529999e-03,9.800289e-04,8.539990e-01,1.863356e-02,1.722289e-04,1.636938e-03,1.234220e-03,1.491445e-03,2.377490e-04,7.073007e-04
6.526452e-02,1.037923e-03,5.454914e-03,2.179021e-02,8.620441e-03,2.165109e-03,9.157805e-04,8.772117e-01,1.325414e-02,1.288139e-04,1.238015e-03,9.820400e-04,1.157499e-03,2.104061e-04,5.684524e-04
6.087972e-02,8.012394e-04,4.115923e-03,1.583279e-02,1.279082e-02,1.756125e-03,8.532261e-04,8.902037e-01,9.434481e-03,9.660279e-05,9.555549e-04,7.992355e-04,8.784555e-04,1.719119e-04,4.301280e-04
5.852716e-02,6.225213e-04,3.380051e-03,1.201312e-02,1.115473e-02,1.406715e-03,7.076819e-04,9.029424e-01,6.642676e-03,7.994755e-05,7.259222e-04,6.208280e-04,6.758196e-04,1.483681e-04,3.519613e-04
7.580313e-02,6.166520e-04,3.007142e-03,9.492633e-03,1.034740e-02,1.278555e-03,6.566580e-04,8.909704e-01,4.777004e-03,1.243847e-04,7.729064e-04,8.166749e-04,7.078796e-04,1.719098e-04,4.566696e-04
8.932254e-02,5.943247e-04,2.543577e-03,7.819675e-03,9.959674e-03,1.198742e-03,6.008007e-04,8.810476e-01,3.516406e-03,1.167710e-04,8.416589e-04,1.029181e-03,7.669120e-04,1.648781e-04,4.772368e-04
1.265475e-01,5.122869e-04,2.097586e-03,6.232798e-03,9.132200e-03,1.545994e-03,6.397773e-04,8.468272e-01,2.636898e-03,1.075494e-04,9.374978e-04,1.239540e-03,8.716646e-04,1.604779e-04,5.110119e-04
1.653916e-01,1.153880e-03,3.073887e-03,9.994031e-03,1.067913e-02,3.073862e-03,9.486257e-04,7.916077e-01,2.539222e-03,2.887794e-04,1.690552e-03,5.873192e-03,2.200325e-03,3.328508e-04,1.152409e-03
2.411800e-01,1.463411e-03,2.926366e-03,9.541636e-03,1.101848e-02,1.441421e-02,1.881896e-03,6.986110e-01,2.721807e-03,3.290151e-04,2.197044e-03,6.621731e-03,4.419115e-03,5.148904e-04,2.159377e-03
2.833429e-01,2.141097e-03,3.052872e-03,1.081800e-02,1.193315e-02,1.634554e-02,2.233049e-03,6.406682e-01,4.180830e-03,4.208594e-04,3.532721e-03,8.332061e-03,6.431626e-03,8.929789e-04,5.674178e-03
3.569551e-01,6.683901e-03,4.416275e-03,2.949943e-02,2.185663e-02,1.805702e-02,3.532493e-03,4.936530e-01,1.347735e-02,2.116256e-03,5.251735e-03,1.533789e-02,1.396274e-02,1.539751e-03,1.366048e-02
4.353691e-01,1.099915e-02,9.078277e-03,3.211925e-02,2.778990e-02,1.952307e-02,3.652731e-03,3.755673e-01,1.277789e-02,3.039380e-03,6.350953e-03,2.241605e-02,2.202239e-02,1.989032e-03,1.730559e-02
4.574319e-01,1.535663e-02,3.215566e-02,4.015069e-02,2.409767e-02,1.811838e-02,3.281328e-03,2.666386e-01,1.699134e-02,1.060161e-02,1.130797e-02,3.944147e-02,3.195886e-02,3.543197e-03,2.892471e-02
4.855905e-01,4.068732e-02,2.911421e-02,4.831646e-02,1.936955e-02,1.515628e-02,2.697736e-03,1.890083e-01,3.447600e-02,1.627877e-02,1.211909e-02,3.319918e-02,2.765728e-02,4.084438e-03,4.224500e-02
1.000000e+00,0.000000e+00,0.000000e+00,0.000000e+00,0.000000e+00,0.000000e+00,0.000000e+00,0.000000e+00,0.000000e+00,0.000000e+00,0.000000e+00,0.000000e+00,0.000000e+00,0.000000e+00,0.000000e+00
1.000000e+00,0.000000e+00,0.000000e+00,0.000000e+00,0.000000e+00,0.000000e+00,0.000000e+00,0.000000e+00,0.000000e+00,0.000000e+00,0.000000e+00,0.000000e+00,0.000000e+00,0.000000e+00,0.000000e+00
1.000000e+00,0.000000e+00,0.000000e+00,0.000000e+00,0.000000e+00,0.000000e+00,0.000000e+00,0.000000e+00,0.000000e+00,0.000000e+00,0.000000e+00,0.000000e+00,0.000000e+00,0.000000e+00,0.000000e+00
4.937323e-01,5.464696e-02,3.213416e-02,4.956990e-02,1.242722e-02,1.287118e-02,2.382978e-03,5.359856e-02,1.038278e-01,1.753497e-02,1.047953e-02,1.510132e-02,3.364351e-02,5.712606e-03,1.023371e-01
1.000000e+00,0.000000e+00,0.000000e+00,0.000000e+00,0.000000e+00,0.000000e+00,0.000000e+00,0.000000e+00,0.000000e+00,0.000000e+00,0.000000e+00,0.000000e+00,0.000000e+00,0.000000e+00,0.000000e+00
1.000000e+00,0.000000e+00,0.000000e+00,0.000000e+00,0.000000e+00,0.000000e+00,0.000000e+00,0.000000e+00,0.000000e+00,0.000000e+00,0.000000e+00,0.000000e+00,0.000000e+00,0.000000e+00,0.000000e+00
4.480199e-01,5.481626e-02,4.718249e-02,7.275948e-02,5.109965e-02,2.831977e-02,9.014289e-03,4.560275e-02,1.321646e-01,9.872480e-03,9.095670e-03,1.229443e-02,2.063070e-02,4.187331e-03,5.494032e-02
3.844527e-01,5.259784e-02,4.185843e-02,6.482983e-02,9.047510e-02,3.660336e-02,1.154619e-02,5.659181e-02,1.726454e-01,7.457428e-03,7.617524e-03,9.390527e-03,1.740354e-02,4.108696e-03,4.242170e-02
3.507330e-01,4.849926e-02,4.095488e-02,7.052388e-02,1.088566e-01,3.868218e-02,1.594809e-02,6.486259e-02,1.838916e-01,5.690335e-03,7.324853e-03,8.278161e-03,1.878548e-02,3.848890e-03,3.312032e-02
3.453346e-01,5.495530e-02,3.437143e-02,6.020092e-02,1.085943e-01,7.146244e-02,1.498220e-02,4.890715e-02,1.844084e-01,4.249639e-03,6.942530e-03,7.447225e-03,2.529630e-02,3.484830e-03,2.936284e-02
3.299914e-01,6.208897e-02,2.946943e-02,5.597499e-02,1.130142e-01,9.586425e-02,1.469385e-02,4.190943e-02,1.792732e-01,3.355322e-03,6.805611e-03,7.651916e-03,2.687358e-02,3.456001e-03,2.957794e-02
2.562231e-01,1.325711e-01,2.795071e-02,1.456680e-01,1.032461e-01,7.174157e-02,1.258371e-02,3.468276e-02,1.421467e-01,3.106164e-03,5.829627e-03,7.723978e-03,2.023021e-02,2.628895e-03,3.366749e-02
2.669907e-01,1.407211e-01,3.381982e-02,1.338038e-01,1.007590e-01,5.922740e-02,1.319401e-02,2.997804e-02,1.260618e-01,4.931679e-03,5.245242e-03,8.074678e-03,1.664408e-02,2.297540e-03,5.825128e-02
2.512848e-01,1.271062e-01,1.231401e-01,1.671563e-01,7.925653e-02,4.374301e-02,1.028061e-02,2.248379e-02,9.133249e-02,4.768451e-03,5.221774e-03,7.807115e-03,1.338996e-02,1.992157e-03,5.103664e-02
1.867910e-01,9.619599e-02,9.712783e-02,2.643432e-01,5.988895e-02,3.165950e-02,7.507812e-03,1.598676e-02,1.093377e-01,5.856831e-03,4.284996e-02,6.348140e-03,1.598190e-02,2.164412e-03,5.796005e-02
1.365710e-01,7.448106e-02,7.511011e-02,3.804492e-01,4.303331e-02,2.338376e-02,5.429339e-03,1.129382e-02,8.475558e-02,5.424023e-03,6.355056e-02,7.022157e-03,4.270132e-02,1.782144e-03,4.501254e-02
1.084114e-01,5.381557e-02,5.349736e-02,3.848228e-01,3.067260e-02,1.686360e-02,3.918033e-03,8.148154e-03,6.209064e-02,4.317174e-03,6.071097e-02,1.424622e-02,1.627752e-01,1.382785e-03,3.432737e-02
8.376899e-02,3.844898e-02,3.872111e-02,3.218178e-01,2.225110e-02,1.247114e-02,2.924377e-03,5.948342e-03,4.439478e-02,3.138317e-03,5.487456e-02,2.082817e-02,3.242168e-01,1.048826e-03,2.514669e-02
6.000429e-02,2.693868e-02,2.712153e-02,2.256918e-01,1.870403e-02,9.045256e-03,2.240975e-03,4.600272e-03,3.483492e-02,2.266723e-03,4.397645e-02,2.374295e-02,5.021794e-01,7.845270e-04,1.786817e-02
4.396173e-02,1.898789e-02,1.927504e-02,1.591142e-01,1.592803e-02,1.008308e-02,2.046821e-03,5.219380e-03,3.191845e-02,1.726981e-03,3.384909e-02,2.931301e-02,6.130502e-01,6.044263e-04,1.492176e-02
3.285901e-02,1.355819e-02,1.392645e-02,1.119055e-01,1.321274e-02,1.052681e-02,1.812265e-03,4.280373e-03,2.950091e-02,1.451629e-03,2.669713e-02,5.516918e-02,6.730999e-01,4.950020e-04,1.150494e-02
2.550083e-02,9.680263e-03,1.027070e-02,7.870901e-02,1.178268e-02,8.913148e-03,3.228111e-03,5.254644e-03,2.513258e-02,1.589616e-03,2.236037e-02,6.295581e-02,7.226450e-01,4.846467e-04,1.149262e-02
2.394079e-02,6.971309e-03,7.939332e-03,5.541944e-02,1.102385e-02,8.242831e-03,3.404873e-03,5.714303e-03,2.301183e-02,2.063143e-03,2.020212e-02,7.651217e-02,7.444568e-01,8.711441e-04,1.022614e-02
1.914033e-02,4.996526e-03,5.600754e-03,3.884512e-02,7.940822e-03,8.470844e-03,2.512485e-03,4.108945e-03,1.937926e-02,2.500389e-03,1.893468e-02,1.418962e-01,7.169951e-01,9.500133e-04,7.728482e-03
1.832597e-02,4.033275e-03,4.124697e-03,2.756295e-02,5.955659e-03,1.914093e-02,2.141806e-03,2.936913e-03,1.605526e-02,6.341475e-03,2.138565e-02,1.933456e-01,6.704180e-01,1.226216e-03,7.005473e-03
1.898386e-02,2.987891e-03,2.972885e-03,1.946725e-02,4.728363e-03,2.010013e-02,2.023303e-03,2.229949e-03,1.471985e-02,1.443785e-02,2.855948e-02,3.098030e-01,5.522898e-01,1.208081e-03,5.488266e-03
1.776224e-02,2.274868e-03,2.509682e-03,1.382641e-02,3.717286e-03,3.519814e-02,2.184974e-03,1.672611e-03,1.643350e-02,2.586460e-02,2.725092e-02,4.447301e-01,4.010795e-01,1.363316e-03,4.131838e-03
1.871308e-02,2.133601e-03,2.039618e-03,9.802994e-03,3.027014e-03,2.835882e-02,1.622738e-03,1.235474e-03,2.893315e-02,4.493449e-02,3.444361e-02,5.193680e-01,3.007776e-01,1.370030e-03,3.239758e-03
1.566096e-02,4.304497e-03,2.877593e-03,7.474489e-03,5.016736e-03,2.140829e-02,1.323905e-03,3.278389e-03,6.634428e-02,6.631077e-02,3.290556e-02,5.426435e-01,2.268276e-01,1.212526e-03,2.410934e-03
1.958838e-02,1.591786e-02,5.791781e-03,6.267682e-03,9.578280e-03,1.596862e-02,1.031642e-03,3.143780e-03,2.263661e-01,8.287825e-02,2.908589e-02,4.138325e-01,1.661129e-01,1.933844e-03,2.502499e-03
2.157219e-02,2.258204e-02,7.679659e-03,5.491378e-03,2.327408e-02,1.617809e-02,9.458255e-04,4.319157e-03,3.331131e-01,7.600586e-02,2.739127e-02,3.311803e-01,1.217239e-01,4.133818e-03,4.409301e-03
4.653439e-02,4.603821e-02,1.866841e-02,5.337398e-03,2.644288e-02,1.718663e-02,8.632819e-04,4.287266e-03,3.358969e-01,7.518160e-02,4.257128e-02,2.534643e-01,9.407707e-02,1.378415e-02,1.966627e-02
4.701792e-02,5.213881e-02,2.670119e-02,6.152751e-03,2.532615e-02,1.450207e-02,7.192642e-04,3.730932e-03,3.809148e-01,6.473157e-02,4.542036e-02,1.831347e-01,7.163584e-02,2.369527e-02,5.417838e-02
4.406068e-02,5.226631e-02,2.389518e-02,5.681963e-03,2.048605e-02,1.324343e-02,7.326424e-04,3.528318e-03,4.706140e-01,4.913681e-02,5.764847e-02,1.304092e-01,5.321252e-02,2.474799e-02,5.033647e-02
4.066122e-02,3.919668e-02,1.874900e-02,5.946781e-03,1.628001e-02,1.509395e-02,8.541414e-04,3.313021e-03,5.509692e-01,3.873496e-02,5.720703e-02,9.486771e-02,3.890583e-02,2.026648e-02,5.895395e-02
7.350359e-02,3.234251e-02,1.485256e-02,9.063224e-03,1.429783e-02,1.542286e-02,9.710917e-04,3.323986e-03,5.237290e-01,3.315398e-02,6.539693e-02,7.653384e-02,3.135996e-02,2.391465e-02,8.213401e-02
1.067052e-01,2.606779e-02,1.690979e-02,1.873371e-02,1.454216e-02,1.325319e-02,9.516457e-04,5.583322e-03,5.236343e-01,2.865196e-02,6.120889e-02,6.044981e-02,2.479051e-02,2.158488e-02,7.693286e-02
1.170794e-01,2.162991e-02,1.263690e-02,1.454634e-02,1.409971e-02,1.182957e-02,8.671439e-04,4.688860e-03,5.075464e-01,2.594792e-02,5.911602e-02,5.525418e-02,2.096574e-02,5.472781e-02,7.906409e-02
1.193869e-01,2.001439e-02,9.422601e-03,1.203905e-02,3.618308e-02,1.089136e-02,8.292547e-04,5.212083e-03,4.784561e-01,1.997444e-02,9.506201e-02,4.512955e-02,2.112241e-02,5.133035e-02,7.494638e-02
1.110889e-01,1.759042e-02,9.104021e-03,1.049513e-02,3.523314e-02,9.014327e-03,8.286712e-04,8.712883e-03,4.897909e-01,1.685343e-02,7.558690e-02,3.416019e-02,1.920254e-02,4.542004e-02,1.169185e-01
1.111466e-01,1.448750e-02,8.270483e-03,9.000028e-03,3.809255e-02,7.555416e-03,7.441578e-04,9.662414e-03,4.377963e-01,1.357231e-02,8.134481e-02,2.541238e-02,1.524680e-02,5.051739e-02,1.771508e-01
9.652570e-02,1.343571e-02,2.999947e-02,1.410983e-02,4.853828e-02,7.233095e-03,9.664570e-04,4.101241e-02,3.975526e-01,1.431848e-02,6.946976e-02,1.845841e-02,1.170573e-02,4.934496e-02,1.873291e-01
8.345395e-02,1.227130e-02,2.419725e-02,1.126976e-02,4.849706e-02,7.096088e-03,1.213540e-03,3.671631e-02,3.984223e-01,1.268851e-02,6.752082e-02,1.319290e-02,8.986491e-03,5.585326e-02,2.186205e-01
6.284383e-02,1.288064e-02,1.794313e-02,1.127271e-02,3.532838e-02,5.720031e-03,8.856261e-04,2.623628e-02,3.411710e-01,1.180878e-02,5.185825e-02,9.871161e-03,8.380781e-03,4.442611e-02,3.593733e-01
5.694428e-02,1.116731e-02,1.421073e-02,1.079168e-02,2.653114e-02,5.898972e-03,8.400604e-04,2.381552e-02,2.753199e-01,1.964275e-02,5.280767e-02,1.363755e-02,1.764448e-02,4.219659e-02,4.285514e-01
4.925936e-02,9.020324e-03,1.022880e-02,9.739613e-03,1.926474e-02,4.877293e-03,6.366933e-04,1.843950e-02,2.320611e-01,2.261956e-02,1.201193e-01,2.448047e-02,5.442827e-02,3.579026e-02,3.890347e-01
3.506718e-02,6.434771e-03,7.313688e-03,7.386721e-03,1.379688e-02,3.774705e-03,4.696230e-04,1.316472e-02,2.190682e-01,2.030338e-02,2.013635e-01,2.802876e-02,1.151246e-01,2.595601e-02,3.027472e-01
2.468840e-02,4.623102e-03,5.261981e-03,6.045717e-03,1.007731e-02,3.132766e-03,3.515380e-04,9.469748e-03,1.870576e-01,1.551058e-02,1.938712e-01,9.642704e-02,1.996944e-01,1.848692e-02,2.253017e-01
1.736396e-02,3.338705e-03,3.815048e-03,5.256960e-03,8.529921e-03,2.369985e-03,6.318842e-04,6.784950e-03,1.542048e-01,1.454235e-02,1.585512e-01,1.082270e-01,2.685133e-01,1.443898e-02,2.334310e-01
1.218614e-02,2.431397e-03,2.782065e-03,3.925123e-03,6.801231e-03,1.835597e-03,5.752917e-04,4.807041e-03,1.152487e-01,1.261016e-02,1.183719e-01,1.241299e-01,4.168514e-01,1.064324e-02,1.668008e-01
8.564617e-03,1.831493e-03,2.141809e-03,2.920370e-03,4.978869e-03,1.496686e-03,5.229856e-04,3.392579e-03,9.615050e-02,1.088981e-02,8.867089e-02,2.301553e-01,4.200075e-01,7.954061e-03,1.203226e-01
6.010937e-03,1.360328e-03,1.645546e-03,2.053494e-03,3.918409e-03,1.437451e-03,4.434480e-04,2.382403e-03,6.816573e-02,8.774171e-03,6.367690e-02,3.104458e-01,4.384449e-01,5.723159e-03,8.551731e-02
4.231478e-03,1.088550e-03,1.279924e-03,1.460954e-03,3.223005e-03,1.221821e-03,3.789811e-04,1.690262e-03,4.917726e-02,7.672353e-03,4.515414e-02,4.115293e-01,4.067549e-01,4.220176e-03,6.091681e-02
3.042295e-03,1.037862e-03,9.571071e-04,1.075010e-03,2.932660e-03,1.253617e-03,3.580702e-04,1.476232e-03,3.740145e-02,6.279074e-03,3.240251e-02,5.081444e-01,3.575502e-01,3.062604e-03,4.302690e-02
2.211410e-03,9.145082e-04,7.357376e-04,7.716264e-04,2.994141e-03,1.317097e-03,3.611894e-04,1.356983e-03,3.085074e-02,4.682275e-03,2.294678e-02,6.330668e-01,2.653866e-01,2.184178e-03,3.021997e-02
1.638682e-03,7.596848e-04,5.991920e-04,5.442816e-04,4.024142e-03,1.455165e-03,3.303305e-04,1.007634e-03,4.179583e-02,3.853636e-03,1.729221e-02,6.928864e-01,2.110186e-01,1.593957e-03,2.120021e-02
1.503764e-03,7.027923e-04,5.512974e-04,3.910698e-04,9.599745e-03,3.088180e-03,4.083204e-04,9.196999e-04,5.605111e-02,3.602313e-03,1.339949e-02,7.357820e-01,1.578292e-01,1.285130e-03,1.488577e-02
1.452216e-03,5.400674e-04,4.917869e-04,2.868939e-04,4.116828e-02,3.901862e-03,7.116385e-04,1.083232e-03,7.790607e-02,3.804433e-03,1.160997e-02,7.280049e-01,1.175860e-01,9.959448e-04,1.045676e-02
1.445749e-03,3.848027e-04,3.665256e-04,2.040292e-04,3.947796e-02,3.273568e-03,5.622881e-04,9.444826e-04,6.097943e-02,2.919164e-03,9.930779e-03,7.838560e-01,8.756800e-02,7.469995e-04,7.340166e-03
1.205433e-03,2.729137e-04,2.610562e-04,1.436581e-04,2.842471e-02,3.784301e-03,4.074021e-04,8.226747e-04,4.369381e-02,2.128783e-03,7.212019e-03,8.431164e-01,6.283837e-02,5.479579e-04,5.140519e-03
1.816611e-03,2.004946e-04,2.284844e-04,1.039615e-04,3.451285e-02,3.389851e-03,5.005279e-04,2.030520e-03,3.531859e-02,1.753285e-03,5.499247e-03,8.644032e-01,4.621012e-02,4.213333e-04,3.610815e-03
2.085030e-03,1.452655e-04,1.755269e-04,7.582339e-05,2.906350e-02,2.708852e-03,4.171898e-04,1.876184e-03,2.566363e-02,1.498756e-03,4.019869e-03,8.961880e-01,3.323339e-02,3.189517e-04,2.530038e-03
2.004128e-03,1.092182e-04,1.380828e-04,5.926703e-05,2.927475e-02,2.470603e-03,3.391648e-04,1.804217e-03,1.878739e-02,1.203175e-03,3.036379e-03,9.133789e-01,2.537327e-02,2.480708e-04,1.773396e-03
1.711536e-03,9.103923e-05,1.034070e-04,5.081781e-05,2.399996e-02,3.236488e-03,2.632613e-04,1.419618e-03,1.360949e-02,9.153285e-04,2.653747e-03,9.231058e-01,2.739949e-02,1.960010e-04,1.243922e-03
1.740315e-03,7.178510e-05,7.970130e-05,4.303737e-05,1.924570e-02,2.586763e-03,2.796311e-04,1.417065e-03,1.115014e-02,7.481992e-04,2.433875e-03,9.357148e-01,2.346362e-02,1.510595e-04,8.741635e-04
2.786003e-03,6.444039e-05,7.709523e-05,4.715040e-05,2.431792e-02,2.924485e-03,2.327168e-03,1.688523e-03,1.680117e-02,6.582458e-04,2.834493e-03,9.130516e-01,3.165738e-02,1.272105e-04,6.370316e-04
1.207234e-02,1.301427e-04,4.394316e-04,2.465190e-04,2.837807e-02,6.983811e-03,1.841787e-02,2.155431e-02,1.366422e-02,1.062391e-03,4.309242e-03,8.398643e-01,5.183036e-02,5.018331e-04,5.451023e-04
2.248548e-02,2.815084e-04,4.451305e-04,7.153624e-04,3.544843e-02,9.473709e-03,1.659159e-02,1.674931e-02,1.063470e-02,9.464502e-04,3.814556e-03,8.404261e-01,4.099775e-02,5.489641e-04,4.409655e-04
4.717514e-02,8.541582e-04,1.681178e-03,2.628681e-03,5.210466e-02,2.884988e-02,1.437089e-02,1.541342e-02,8.973528e-03,9.953988e-04,4.746377e-03,7.866026e-01,3.410824e-02,1.048294e-03,4.476043e-04
9.743226e-02,1.560125e-03,3.926630e-03,3.436516e-03,6.366003e-02,3.467854e-02,1.369503e-02,1.421849e-02,7.770994e-03,1.284149e-03,6.104206e-03,7.169046e-01,3.283680e-02,1.886554e-03,6.050492e-04
1.617781e-01,2.963746e-03,8.468146e-03,7.447325e-03,7.877751e-02,5.186853e-02,1.498466e-02,2.131305e-02,8.437607e-03,1.687764e-03,5.907188e-03,5.984406e-01,3.463293e-02,1.885185e-03,1.407696e-03
1.656750e-01,3.421355e-03,7.844428e-03,6.837722e-03,8.187284e-02,4.406117e-02,1.384303e-02,1.751844e-02,8.131322e-03,1.855418e-03,7.024429e-03,5.988182e-01,3.977951e-02,1.755453e-03,1.561693e-03
1.555354e-01,3.119519e-03,5.935327e-03,5.663964e-03,7.059646e-02,3.407376e-02,1.166802e-02,1.469575e-02,6.923295e-03,1.554746e-03,6.791248e-03,6.364074e-01,4.421406e-02,1.546245e-03,1.274735e-03
2.038195e-01,3.572859e-03,4.976079e-03,6.098223e-03,7.104316e-02,2.869614e-02,1.332897e-02,1.363359e-02,7.560543e-03,1.589114e-03,9.983300e-03,5.792991e-01,5.337636e-02,1.555349e-03,1.467700e-03
2.392842e-01,3.499311e-03,5.364073e-03,6.162805e-03,6.289941e-02,6.838226e-02,1.502938e-02,3.055564e-02,6.967000e-03,1.479116e-03,1.026618e-02,4.920734e-01,5.465300e-02,1.788469e-03,1.595767e-03
2.692246e-01,3.396176e-03,8.192136e-03,7.106345e-03,5.182141e-02,1.281305e-01,2.590255e-02,4.566316e-02,7.423147e-03,1.315088e-03,9.956054e-03,3.917830e-01,4.667336e-02,1.636147e-03,1.776176e-03
2.633744e-01,2.683131e-03,8.442320e-03,5.518012e-03,3.963237e-02,1.569313e-01,1.441524e-01,4.342964e-02,6.333908e-03,1.071530e-03,7.722130e-03,2.789983e-01,3.889745e-02,1.257331e-03,1.555902e-03
2.356719e-01,2.042830e-03,7.021318e-03,4.178769e-03,2.909966e-02,1.421079e-01,2.988860e-01,3.866573e-02,4.977110e-03,8.462714e-04,5.599194e-03,1.964558e-01,3.216640e-02,9.313956e-04,1.349739e-03
1.922145e-01,1.520741e-03,6.039938e-03,3.129722e-03,2.119402e-02,1.199460e-01,4.365824e-01,4.681937e-02,3.817498e-03,8.094478e-04,3.986443e-03,1.378968e-01,2.427375e-02,6.990110e-04,1.070432e-03
1.553356e-01,2.058365e-03,1.707303e-02,2.880253e-03,1.731879e-02,1.688384e-01,4.583980e-01,5.407934e-02,2.891755e-03,7.436492e-04,2.937518e-03,9.718852e-02,1.822639e-02,6.011527e-04,1.429321e-03
1.563346e-01,2.037694e-03,2.191238e-02,2.560332e-03,1.584416e-02,1.885798e-01,4.362079e-01,8.466582e-02,3.228660e-03,6.647670e-04,2.240810e-03,6.889968e-02,1.464244e-02,5.143643e-04,1.666654e-03
1.363913e-01,1.819081e-03,2.058099e-02,2.372021e-03,1.791833e-02,1.645355e-01,4.166845e-01,1.697301e-01,3.494637e-03,5.977091e-04,1.787712e-03,4.916556e-02,1.290421e-02,4.156459e-04,1.602730e-03
1.262626e-01,1.595450e-03,1.791637e-02,2.046042e-03,1.853555e-02,1.503979e-01,4.165764e-01,2.113749e-01,2.925380e-03,5.518841e-04,1.422002e-03,3.582105e-02,1.271389e-02,3.386685e-04,1.522006e-03
1.371686e-01,1.659722e-03,1.862095e-02,1.888364e-03,1.699846e-02,1.296494e-01,3.749933e-01,2.689174e-01,3.550298e-03,6.016535e-04,1.190604e-03,2.789212e-02,1.493819e-02,2.987617e-04,1.632179e-03
1.462508e-01,1.605275e-03,1.912965e-02,1.977754e-03,1.723334e-02,9.824860e-02,3.552721e-01,3.154186e-01,3.354704e-03,6.526656e-04,1.112398e-03,2.279180e-02,1.481184e-02,3.274788e-04,1.813029e-03
1.396460e-01,1.452915e-03,1.746200e-02,1.928005e-03,2.521153e-02,8.459196e-02,3.663762e-01,3.155473e-01,3.222435e-03,6.127648e-04,1.404508e-03,1.939499e-02,2.102548e-02,3.142203e-04,1.809624e-03
1.993541e-01,2.778966e-03,1.830777e-02,3.866372e-03,2.827572e-02,7.693766e-02,3.061603e-01,3.068488e-01,5.668399e-03,1.179342e-03,2.463432e-03,1.928851e-02,2.425131e-02,8.142783e-04,3.805086e-03
1.959327e-01,5.383740e-03,1.823881e-02,9.041352e-03,2.344572e-02,1.312553e-01,2.516391e-01,2.685811e-01,6.805565e-03,2.445234e-03,5.591855e-03,2.270351e-02,4.892396e-02,1.109673e-03,8.902356e-03
2.056887e-01,7.180775e-03,1.577089e-02,9.184424e-03,2.622614e-02,9.728730e-02,1.984062e-01,3.334923e-01,1.143560e-02,3.772895e-03,1.038217e-02,2.517140e-02,4.043340e-02,1.794285e-03,1.377366e-02
2.905585e-01,7.617931e-03,1.395389e-02,8.671603e-03,2.176486e-02,7.265460e-02,1.501601e-01,3.239214e-01,1.190482e-02,5.042082e-03,1.196467e-02,2.320230e-02,3.745975e-02,2.441074e-03,1.868245e-02
3.325006e-01,1.075666e-02,1.138679e-02,9.210557e-03,1.910819e-02,5.406819e-02,1.105262e-01,2.732323e-01,1.702528e-02,8.445935e-03,1.778357e-02,2.795483e-02,4.682386e-02,4.555316e-03,5.662169e-02
4.042690e-01,1.550703e-02,1.079204e-02,9.257766e-03,2.065868e-02,4.109690e-02,8.486146e-02,2.111061e-01,1.633496e-02,9.704616e-03,1.894802e-02,2.479649e-02,6.950838e-02,5.809914e-03,5.734866e-02
4.756585e-01,1.449249e-02,9.469138e-03,1.103347e-02,2.061429e-02,3.338203e-02,6.121477e-02,1.548386e-01,1.634303e-02,8.147882e-03,1.808280e-02,2.308011e-02,9.458314e-02,5.768731e-03,5.329103e-02
