1.000000e+00,0.000000e+00,0.000000e+00,0.000000e+00,0.000000e+00,0.000000e+00,0.000000e+00,0.000000e+00,0.000000e+00,0.000000e+00,0.000000e+00,0.000000e+00,0.000000e+00,0.000000e+00,0.000000e+00
1.000000e+00,0.000000e+00,0.000000e+00,0.000000e+00,0.000000e+00,0.000000e+00,0.000000e+00,0.000000e+00,0.000000e+00,0.000000e+00,0.000000e+00,0.000000e+00,0.000000e+00,0.000000e+00,0.000000e+00
1.000000e+00,0.000000e+00,0.000000e+00,0.000000e+00,0.000000e+00,0.000000e+00,0.000000e+00,0.000000e+00,0.000000e+00,0.000000e+00,0.000000e+00,0.000000e+00,0.000000e+00,0.000000e+00,0.000000e+00
1.000000e+00,0.000000e+00,0.000000e+00,0.000000e+00,0.000000e+00,0.000000e+00,0.000000e+00,0.000000e+00,0.000000e+00,0.000000e+00,0.000000e+00,0.000000e+00,0.000000e+00,0.000000e+00,0.000000e+00
1.000000e+00,0.000000e+00,0.000000e+00,0.000000e+00,0.000000e+00,0.000000e+00,0.000000e+00,0.000000e+00,0.000000e+00,0.000000e+00,0.000000e+00,0.000000e+00,0.000000e+00,0.000000e+00,0.000000e+00
1.000000e+00,0.000000e+00,0.000000e+00,0.000000e+00,0.000000e+00,0.000000e+00,0.000000e+00,0.000000e+00,0.000000e+00,0.000000e+00,0.000000e+00,0.000000e+00,0.000000e+00,0.000000e+00,0.000000e+00
1.000000e+00,0.000000e+00,0.000000e+00,0.000000e+00,0.000000e+00,0.000000e+00,0.000000e+00,0.000000e+00,0.000000e+00,0.000000e+00,0.000000e+00,0.000000e+00,0.000000e+00,0.000000e+00,0.000000e+00
1.000000e+00,0.000000e+00,0.000000e+00,0.000000e+00,0.000000e+00,0.000000e+00,0.000000e+00,0.000000e+00,0.000000e+00,0.000000e+00,0.000000e+00,0.000000e+00,0.000000e+00,0.000000e+00,0.000000e+00
1.000000e+00,0.000000e+00,0.000000e+00,0.000000e+00,0.000000e+00,0.000000e+00,0.000000e+00,0.000000e+00,0.000000e+00,0.000000e+00,0.000000e+00,0.000000e+00,0.000000e+00,0.000000e+00,0.000000e+00
1.000000e+00,0.000000e+00,0.000000e+00,0.000000e+00,0.000000e+00,0.000000e+00,0.000000e+00,0.000000e+00,0.000000e+00,0.000000e+00,0.000000e+00,0.000000e+00,0.000000e+00,0.000000e+00,0.000000e+00
1.000000e+00,0.000000e+00,0.000000e+00,0.000000e+00,0.000000e+00,0.000000e+00,0.000000e+00,0.000000e+00,0.000000e+00,0.000000e+00,0.000000e+00,0.000000e+00,0.000000e+00,0.000000e+00,0.000000e+00
1.000000e+00,0.000000e+00,0.000000e+00,0.000000e+00,0.000000e+00,0.000000e+00,0.000000e+00,0.000000e+00,0.000000e+00,0.000000e+00,0.000000e+00,0.000000e+00,0.000000e+00,0.000000e+00,0.000000e+00
1.000000e+00,0.000000e+00,0.000000e+00,0.000000e+00,0.000000e+00,0.000000e+00,0.000000e+00,0.000000e+00,0.000000e+00,0.000000e+00,0.000000e+00,0.000000e+00,0.000000e+00,0.000000e+00,0.000000e+00
1.000000e+00,0.000000e+00,0.000000e+00,0.000000e+00,0.000000e+00,0.000000e+00,0.000000e+00,0.000000e+00,0.000000e+00,0.000000e+00,0.000000e+00,0.000000e+00,0.000000e+00,0.000000e+00,0.000000e+00
1.000000e+00,0.000000e+00,0.000000e+00,0.000000e+00,0.000000e+00,0.000000e+00,0.000000e+00,0.000000e+00,0.000000e+00,0.000000e+00,0.000000e+00,0.000000e+00,0.000000e+00,0.000000e+00,0.000000e+00
1.000000e+00,0.000000e+00,0.000000e+00,0.000000e+00,0.000000e+00,0.000000e+00,0.000000e+00,0.000000e+00,0.000000e+00,0.000000e+00,0.000000e+00,0.000000e+00,0.000000e+00,0.000000e+00,0.000000e+00
1.000000e+00,0.000000e+00,0.000000e+00,0.000000e+00,0.000000e+00,0.000000e+00,0.000000e+00,0.000000e+00,0.000000e+00,0.000000e+00,0.000000e+00,0.000000e+00,0.000000e+00,0.000000e+00,0.000000e+00
1.000000e+00,0.000000e+00,0.000000e+00,0.000000e+00,0.000000e+00,0.000000e+00,0.000000e+00,0.000000e+00,0.000000e+00,0.000000e+00,0.000000e+00,0.000000e+00,0.000000e+00,0.000000e+00,0.000000e+00
1.000000e+00,0.000000e+00,0.000000e+00,0.000000e+00,0.000000e+00,0.000000e+00,0.000000e+00,0.000000e+00,0.000000e+00,0.000000e+00,0.000000e+00,0.000000e+00,0.000000e+00,0.000000e+00,0.000000e+00
1.000000e+00,0.000000e+00,0.000000e+00,0.000000e+00,0.000000e+00,0.000000e+00,0.000000e+00,0.000000e+00,0.000000e+00,0.000000e+00,0.000000e+00,0.000000e+00,0.000000e+00,0.000000e+00,0.000000e+00
1.000000e+00,0.000000e+00,0.000000e+00,0.000000e+00,0.000000e+00,0.000000e+00,0.000000e+00,0.000000e+00,0.000000e+00,0.000000e+00,0.000000e+00,0.000000e+00,0.000000e+00,0.000000e+00,0.000000e+00
1.000000e+00,0.000000e+00,0.000000e+00,0.000000e+00,0.000000e+00,0.000000e+00,0.000000e+00,0.000000e+00,0.000000e+00,0.000000e+00,0.000000e+00,0.000000e+00,0.000000e+00,0.000000e+00,0.000000e+00
1.000000e+00,0.000000e+00,0.000000e+00,0.000000e+00,0.000000e+00,0.000000e+00,0.000000e+00,0.000000e+00,0.000000e+00,0.000000e+00,0.000000e+00,0.000000e+00,0.000000e+00,0.000000e+00,0.000000e+00
1.000000e+00,0.000000e+00,0.000000e+00,0.000000e+00,0.000000e+00,0.000000e+00,0.000000e+00,0.000000e+00,0.000000e+00,0.000000e+00,0.000000e+00,0.000000e+00,0.000000e+00,0.000000e+00,0.000000e+00
1.000000e+00,0.000000e+00,0.000000e+00,0.000000e+00,0.000000e+00,0.000000e+00,0.000000e+00,0.000000e+00,0.000000e+00,0.000000e+00,0.000000e+00,0.000000e+00,0.000000e+00,0.000000e+00,0.000000e+00
1.000000e+00,0.000000e+00,0.000000e+00,0.000000e+00,0.000000e+00,0.000000e+00,0.000000e+00,0.000000e+00,0.000000e+00,0.000000e+00,0.000000e+00,0.000000e+00,0.000000e+00,0.000000e+00,0.000000e+00
1.000000e+00,0.000000e+00,0.000000e+00,0.000000e+00,0.000000e+00,0.000000e+00,0.000000e+00,0.000000e+00,0.000000e+00,0.000000e+00,0.000000e+00,0.000000e+00,0.000000e+00,0.000000e+00,0.000000e+00
1.000000e+00,0.000000e+00,0.000000e+00,0.000000e+00,0.000000e+00,0.000000e+00,0.000000e+00,0.000000e+00,0.000000e+00,0.000000e+00,0.000000e+00,0.000000e+00,0.000000e+00,0.000000e+00,0.000000e+00
1.000000e+00,0.000000e+00,0.000000e+00,0.000000e+00,0.000000e+00,0.000000e+00,0.000000e+00,0.000000e+00,0.000000e+00,0.000000e+00,0.000000e+00,0.000000e+00,0.000000e+00,0.000000e+00,0.000000e+00
1.000000e+00,0.000000e+00,0.000000e+00,0.000000e+00,0.000000e+00,0.000000e+00,0.000000e+00,0.000000e+00,0.000000e+00,0.000000e+00,0.000000e+00,0.000000e+00,0.000000e+00,0.000000e+00,0.000000e+00
1.000000e+00,0.000000e+00,0.000000e+00,0.000000e+00,0.000000e+00,0.000000e+00,0.000000e+00,0.000000e+00,0.000000e+00,0.000000e+00,0.000000e+00,0.000000e+00,0.000000e+00,0.000000e+00,0.000000e+00
1.000000e+00,0.000000e+00,0.000000e+00,0.000000e+00,0.000000e+00,0.000000e+00,0.000000e+00,0.000000e+00,0.000000e+00,0.000000e+00,0.000000e+00,0.000000e+00,0.000000e+00,0.000000e+00,0.000000e+00
1.000000e+00,0.000000e+00,0.000000e+00,0.000000e+00,0.000000e+00,0.000000e+00,0.000000e+00,0.000000e+00,0.000000e+00,0.000000e+00,0.000000e+00,0.000000e+00,0.000000e+00,0.000000e+00,0.000000e+00
1.000000e+00,0.000000e+00,0.000000e+00,0.000000e+00,0.000000e+00,0.000000e+00,0.000000e+00,0.000000e+00,0.000000e+00,0.000000e+00,0.000000e+00,0.000000e+00,0.000000e+00,0.000000e+00,0.000000e+00
1.000000e+00,0.000000e+00,0.000000e+00,0.000000e+00,0.000000e+00,0.000000e+00,0.000000e+00,0.000000e+00,0.000000e+00,0.000000e+00,0.000000e+00,0.000000e+00,0.000000e+00,0.000000e+00,0.000000e+00
1.000000e+00,0.000000e+00,0.000000e+00,0.000000e+00,0.000000e+00,0.000000e+00,0.000000e+00,0.000000e+00,0.000000e+00,0.000000e+00,0.000000e+00,0.000000e+00,0.000000e+00,0.000000e+00,0.000000e+00
1.000000e+00,0.000000e+00,0.000000e+00,0.000000e+00,0.000000e+00,0.000000e+00,0.000000e+00,0.000000e+00,0.000000e+00,0.000000e+00,0.000000e+00,0.000000e+00,0.000000e+00,0.000000e+00,0.000000e+00
1.000000e+00,0.000000e+00,0.000000e+00,0.000000e+00,0.000000e+00,0.000000e+00,0.000000e+00,0.000000e+00,0.000000e+00,0.000000e+00,0.000000e+00,0.000000e+00,0.000000e+00,0.000000e+00,0.000000e+00
1.000000e+00,0.000000e+00,0.000000e+00,0.000000e+00,0.000000e+00,0.000000e+00,0.000000e+00,0.000000e+00,0.000000e+00,0.000000e+00,0.000000e+00,0.000000e+00,0.000000e+00,0.000000e+00,0.000000e+00
1.000000e+00,0.000000e+00,0.000000e+00,0.000000e+00,0.000000e+00,0.000000e+00,0.000000e+00,0.000000e+00,0.000000e+00,0.000000e+00,0.000000e+00,0.000000e+00,0.000000e+00,0.000000e+00,0.000000e+00
1.000000e+00,0.000000e+00,0.000000e+00,0.000000e+00,0.000000e+00,0.000000e+00,0.000000e+00,0.000000e+00,0.000000e+00,0.000000e+00,0.000000e+00,0.000000e+00,0.000000e+00,0.000000e+00,0.000000e+00
1.000000e+00,0.000000e+00,0.000000e+00,0.000000e+00,0.000000e+00,0.000000e+00,0.000000e+00,0.000000e+00,0.000000e+00,0.000000e+00,0.000000e+00,0.000000e+00,0.000000e+00,0.000000e+00,0.000000e+00
1.000000e+00,0.000000e+00,0.000000e+00,0.000000e+00,0.000000e+00,0.000000e+00,0.000000e+00,0.000000e+00,0.000000e+00,0.000000e+00,0.000000e+00,0.000000e+00,0.000000e+00,0.000000e+00,0.000000e+00
1.000000e+00,0.000000e+00,0.000000e+00,0.000000e+00,0.000000e+00,0.000000e+00,0.000000e+00,0.000000e+00,0.000000e+00,0.000000e+00,0.000000e+00,0.000000e+00,0.000000e+00,0.000000e+00,0.000000e+00
1.000000e+00,0.000000e+00,0.000000e+00,0.000000e+00,0.000000e+00,0.000000e+00,0.000000e+00,0.000000e+00,0.000000e+00,0.000000e+00,0.000000e+00,0.000000e+00,0.000000e+00,0.000000e+00,0.000000e+00
1.000000e+00,0.000000e+00,0.000000e+00,0.000000e+00,0.000000e+00,0.000000e+00,0.000000e+00,0.000000e+00,0.000000e+00,0.000000e+00,0.000000e+00,0.000000e+00,0.000000e+00,0.000000e+00,0.000000e+00
1.000000e+00,0.000000e+00,0.000000e+00,0.000000e+00,0.000000e+00,0.000000e+00,0.000000e+00,0.000000e+00,0.000000e+00,0.000000e+00,0.000000e+00,0.000000e+00,0.000000e+00,0.000000e+00,0.000000e+00
1.000000e+00,0.000000e+00,0.000000e+00,0.000000e+00,0.000000e+00,0.000000e+00,0.000000e+00,0.000000e+00,0.000000e+00,0.000000e+00,0.000000e+00,0.000000e+00,0.000000e+00,0.000000e+00,0.000000e+00
1.000000e+00,0.000000e+00,0.000000e+00,0.000000e+00,0.000000e+00,0.000000e+00,0.000000e+00,0.000000e+00,0.000000e+00,0.000000e+00,0.000000e+00,0.000000e+00,0.000000e+00,0.000000e+00,0.000000e+00
1.000000e+00,0.000000e+00,0.000000e+00,0.000000e+00,0.000000e+00,0.000000e+00,0.000000e+00,0.000000e+00,0.000000e+00,0.000000e+00,0.000000e+00,0.000000e+00,0.000000e+00,0.000000e+00,0.000000e+00
1.000000e+00,0.000000e+00,0.000000e+00,0.000000e+00,0.000000e+00,0.000000e+00,0.000000e+00,0.000000e+00,0.000000e+00,0.000000e+00,0.000000e+00,0.000000e+00,0.000000e+00,0.000000e+00,0.000000e+00
1.000000e+00,0.000000e+00,0.000000e+00,0.000000e+00,0.000000e+00,0.000000e+00,0.000000e+00,0.000000e+00,0.000000e+00,0.000000e+00,0.000000e+00,0.000000e+00,0.000000e+00,0.000000e+00,0.000000e+00
4.637024e-01,6.125578e-02,4.805640e-02,1.388576e-01,1.644187e-02,2.260556e-02,7.643588e-03,3.202371e-02,2.753675e-02,3.816183e-03,5.066875e-02,4.712186e-02,2.088574e-02,1.639155e-02,4.299226e-02
4.465507e-01,6.838616e-02,4.324238e-02,1.395844e-01,2.145065e-02,2.200577e-02,7.603707e-03,2.682380e-02,3.025525e-02,3.915113e-03,5.423530e-02,4.966311e-02,2.130415e-02,1.895468e-02,4.602478e-02
3.713502e-01,7.286342e-02,7.742035e-02,1.622186e-01,3.264124e-02,2.234571e-02,8.375169e-03,3.281157e-02,2.990029e-02,3.780348e-03,4.963017e-02,4.604536e-02,1.926571e-02,2.134621e-02,5.000565e-02
3.912387e-01,7.226577e-02,6.383633e-02,1.453862e-01,3.960047e-02,2.470731e-02,9.707052e-03,2.732812e-02,2.885427e-02,4.119410e-03,4.507270e-02,4.894025e-02,2.428351e-02,2.165240e-02,5.300748e-02
4.044842e-01,7.234567e-02,5.400939e-02,1.290809e-01,3.723986e-02,2.564619e-02,9.976043e-03,2.376601e-02,2.800250e-02,5.188014e-03,4.357136e-02,4.967524e-02,2.858600e-02,2.337936e-02,6.504932e-02
4.130619e-01,7.176071e-02,5.155692e-02,1.204151e-01,3.478989e-02,2.796450e-02,1.053314e-02,2.403538e-02,2.673398e-02,5.329601e-03,4.403061e-02,5.089935e-02,3.138524e-02,2.098797e-02,6.651579e-02
4.533005e-01,6.618666e-02,4.403106e-02,1.074993e-01,2.956841e-02,2.603268e-02,9.474292e-03,2.103869e-02,2.594538e-02,5.944621e-03,3.923177e-02,4.535718e-02,3.239660e-02,1.811476e-02,7.587814e-02
3.275601e-01,6.917359e-02,3.967975e-02,3.242482e-01,2.210199e-02,1.853756e-02,6.815882e-03,1.566271e-02,2.006290e-02,4.319347e-03,2.864326e-02,3.196128e-02,2.320298e-02,1.276671e-02,5.526377e-02
2.381292e-01,5.461402e-02,3.375700e-02,4.817367e-01,1.600082e-02,1.337219e-02,4.875895e-03,1.127174e-02,1.799043e-02,3.977791e-03,2.986539e-02,2.324545e-02,1.779247e-02,9.295790e-03,4.407522e-02
1.706800e-01,4.258710e-02,2.688676e-02,3.489718e-01,1.135009e-02,9.607969e-03,3.451647e-03,7.969677e-03,2.033068e-02,3.567162e-03,2.427414e-02,1.643572e-02,1.295276e-02,9.317538e-03,2.916170e-01
1.519339e-01,6.682438e-02,2.127483e-02,3.011378e-01,1.026589e-02,8.446354e-03,3.378730e-03,6.425077e-03,1.095705e-01,4.415024e-03,2.148793e-02,1.248542e-02,1.187962e-02,8.160438e-03,2.623141e-01
1.474668e-01,5.412276e-02,1.714427e-02,2.240586e-01,8.457018e-03,7.685410e-03,2.648717e-03,4.862319e-03,1.140809e-01,4.385055e-03,1.819041e-02,9.693376e-03,1.066301e-02,4.359031e-02,3.329511e-01
1.228214e-01,4.209857e-02,1.363781e-02,1.586977e-01,6.668843e-03,6.338710e-03,2.286917e-03,4.014210e-03,1.299272e-01,3.738705e-03,2.353345e-02,8.959122e-03,8.248724e-03,5.198226e-02,4.170463e-01
8.716293e-02,3.026556e-02,9.735634e-03,1.118604e-01,4.720845e-03,4.766799e-03,1.687303e-03,2.884184e-03,2.010969e-01,7.346791e-03,8.726512e-02,2.119511e-02,1.097325e-02,9.260577e-02,3.264334e-01
6.108377e-02,2.127321e-02,6.862851e-03,7.845491e-02,3.355407e-03,3.349402e-03,1.186481e-03,2.058082e-03,2.362359e-01,9.849106e-03,2.034360e-01,3.920779e-02,9.959036e-03,7.188737e-02,2.518006e-01
4.294567e-02,1.492707e-02,4.858032e-03,5.502809e-02,2.988530e-03,2.524696e-03,9.050349e-04,1.518697e-03,2.166699e-01,1.182726e-02,3.142803e-01,7.305212e-02,1.388806e-02,5.872249e-02,1.858641e-01
3.020618e-02,1.050358e-02,3.479779e-03,3.867207e-02,2.696598e-03,1.896511e-03,7.292941e-04,1.186237e-03,2.151853e-01,9.890112e-03,4.091097e-01,8.078172e-02,1.282752e-02,4.986183e-02,1.329736e-01
2.120256e-02,7.384207e-03,2.493182e-03,2.708903e-02,2.254442e-03,1.398847e-03,5.662176e-04,8.499011e-04,1.572812e-01,8.024163e-03,5.405753e-01,8.022169e-02,1.106478e-02,4.230326e-02,9.729118e-02
1.484919e-02,5.183010e-03,1.792727e-03,1.898159e-02,2.559637e-03,1.000103e-03,4.155023e-04,5.995657e-04,1.104527e-01,5.712508e-03,6.693134e-01,6.168807e-02,8.723496e-03,3.047313e-02,6.825529e-02
1.041838e-02,3.660856e-03,1.396591e-03,1.333531e-02,1.093733e-02,7.920578e-04,3.651365e-04,4.404123e-04,7.769936e-02,4.228430e-03,7.395926e-01,5.752061e-02,7.771999e-03,2.379330e-02,4.804767e-02
7.526145e-03,2.623023e-03,1.383424e-03,9.412462e-03,1.408290e-02,7.433121e-04,4.099444e-04,3.534835e-04,5.492251e-02,3.759369e-03,7.063783e-01,1.330202e-01,7.934799e-03,2.364325e-02,3.380687e-02
5.487313e-03,1.876844e-03,1.073858e-03,6.647769e-03,1.148836e-02,9.015845e-04,3.872230e-04,2.705839e-04,3.873778e-02,2.836230e-03,6.501612e-01,2.305197e-01,6.420146e-03,1.946702e-02,2.372443e-02
3.944773e-03,1.359438e-03,7.923401e-04,4.667979e-03,8.318931e-03,8.616196e-04,2.905198e-04,1.969858e-04,2.719649e-02,2.247291e-03,5.094623e-01,4.040325e-01,4.653729e-03,1.526645e-02,1.670872e-02
2.889276e-03,9.623927e-04,5.688047e-04,3.282843e-03,6.075007e-03,6.935679e-04,2.132672e-04,1.447182e-04,1.911681e-02,1.728353e-03,3.853733e-01,5.522079e-01,3.336832e-03,1.168908e-02,1.171783e-02
2.374581e-03,6.986067e-04,4.172263e-04,2.314177e-03,4.719866e-03,5.979550e-04,1.646218e-04,1.183035e-04,1.366955e-02,1.325645e-03,2.887576e-01,6.648763e-01,2.411321e-03,9.320367e-03,8.233809e-03
1.879954e-03,6.456196e-04,3.674648e-04,1.655615e-03,4.230182e-03,1.141774e-03,1.326654e-04,1.540020e-04,9.989774e-03,1.053632e-03,2.092551e-01,7.545940e-01,1.763270e-03,7.279272e-03,5.857631e-03
2.188648e-03,1.073294e-03,5.842627e-04,1.318752e-03,4.145191e-03,1.535961e-03,1.271956e-04,5.928373e-04,8.482137e-03,1.048751e-03,1.570490e-01,8.097842e-01,1.348521e-03,6.210268e-03,4.510880e-03
7.572623e-03,5.598443e-03,6.620767e-03,2.119879e-03,1.896206e-02,2.424139e-03,3.816330e-04,2.158720e-02,1.489093e-02,1.014631e-03,1.133769e-01,7.956899e-01,1.102514e-03,4.856531e-03,3.801720e-03
1.753149e-02,5.177897e-03,5.801280e-03,2.472119e-03,2.602815e-02,4.557468e-03,1.768926e-03,2.359451e-02,1.437978e-02,9.782525e-04,1.081463e-01,7.804441e-01,1.295021e-03,4.591882e-03,3.232693e-03
4.412828e-02,4.551879e-03,7.976742e-03,4.160415e-03,7.051949e-02,1.349592e-02,3.383961e-03,6.872182e-02,1.420825e-02,9.838825e-04,8.357300e-02,6.763754e-01,1.431449e-03,4.010451e-03,2.479004e-03
3.920538e-02,4.477899e-03,7.249821e-03,3.395406e-03,6.574950e-02,1.199129e-02,4.238521e-03,6.436482e-02,2.103797e-02,1.644446e-03,6.611858e-02,7.031929e-01,1.891480e-03,3.574905e-03,1.867067e-03
3.326909e-02,4.427890e-03,6.405022e-03,2.754306e-03,7.228947e-02,1.157628e-02,4.556249e-03,5.482326e-02,3.289516e-02,1.767279e-03,5.389734e-02,7.146177e-01,2.141317e-03,3.102934e-03,1.476658e-03
2.519460e-02,4.063244e-03,6.368565e-03,2.235447e-03,6.444325e-02,1.364627e-02,4.391919e-03,6.378594e-02,5.487282e-02,1.507949e-03,4.350918e-02,7.096312e-01,2.312300e-03,2.891862e-03,1.145474e-03
2.279849e-02,4.023753e-03,1.577463e-02,2.211491e-03,6.745987e-02,1.298420e-02,4.371601e-03,8.196145e-02,5.320991e-02,2.715137e-03,4.100844e-02,6.826519e-01,3.278041e-03,4.530021e-03,1.021064e-03
2.337538e-02,5.298478e-03,1.826150e-02,2.134361e-03,8.393840e-02,1.450337e-02,4.320657e-03,7.880844e-02,7.472534e-02,2.824441e-03,3.972555e-02,6.432088e-01,3.307909e-03,4.341389e-03,1.225961e-03
2.540740e-02,5.648716e-03,1.780676e-02,2.339179e-03,8.023673e-02,1.147568e-02,3.215115e-03,7.780820e-02,1.087613e-01,3.679188e-03,5.557249e-02,5.971470e-01,3.298517e-03,5.486276e-03,2.117483e-03
3.028119e-02,6.037834e-03,3.212152e-02,3.052165e-03,8.421002e-02,1.044843e-02,2.799133e-03,1.655510e-01,1.119792e-01,4.058687e-03,5.096259e-02,4.862345e-01,4.300123e-03,5.041018e-03,2.922537e-03
4.669194e-02,8.256296e-03,3.334753e-02,3.656234e-03,9.622478e-02,1.240148e-02,3.946602e-03,1.567484e-01,1.453188e-01,4.703505e-03,7.950594e-02,3.935466e-01,5.515536e-03,5.239073e-03,4.897181e-03
4.233867e-02,1.299904e-02,5.258353e-02,5.893627e-03,8.271104e-02,1.685265e-02,3.139114e-03,1.754672e-01,1.783875e-01,5.971142e-03,9.933737e-02,3.065148e-01,6.015588e-03,5.946477e-03,5.842172e-03
4.608134e-02,1.385100e-02,7.303496e-02,1.295137e-02,1.419501e-01,2.591345e-02,3.960980e-03,1.429740e-01,1.922049e-01,6.502989e-03,9.838752e-02,2.243676e-01,5.125881e-03,6.378807e-03,6.314973e-03
6.631808e-02,2.012317e-02,1.029997e-01,2.693484e-02,1.477965e-01,3.537461e-02,3.364705e-03,1.155230e-01,1.862226e-01,6.413520e-03,1.070926e-01,1.609126e-01,4.256779e-03,9.307412e-03,7.359920e-03
8.874930e-02,2.870906e-02,9.285825e-02,4.139753e-02,1.643109e-01,3.822343e-02,2.987048e-03,8.698407e-02,1.824446e-01,5.898459e-03,1.203860e-01,1.158435e-01,4.268649e-03,1.444673e-02,1.249246e-02
8.967663e-02,3.790645e-02,8.087519e-02,5.067836e-02,1.448417e-01,8.196671e-02,2.646505e-03,6.525919e-02,1.881208e-01,9.729400e-03,9.892780e-02,8.539941e-02,6.391987e-03,1.726583e-02,4.031406e-02
7.327479e-02,2.829561e-02,5.712749e-02,4.184919e-02,1.045190e-01,3.183691e-01,2.378622e-03,4.856088e-02,1.355620e-01,8.371490e-03,7.045481e-02,6.093113e-02,6.455543e-03,1.320221e-02,3.064820e-02
6.503922e-02,2.057135e-02,4.069583e-02,3.147686e-02,7.449269e-02,4.849870e-01,2.001382e-03,3.647870e-02,9.824493e-02,7.502882e-03,5.291320e-02,4.562404e-02,5.716005e-03,1.020293e-02,2.405299e-02
1.030386e-01,1.519237e-02,2.965897e-02,2.595630e-02,5.423274e-02,4.802293e-01,1.875137e-03,2.868577e-02,1.113770e-01,2.951826e-02,4.170397e-02,3.383728e-02,6.254131e-03,9.552943e-03,2.888725e-02
1.059821e-01,1.128741e-02,2.252229e-02,2.216575e-02,3.955077e-02,4.166426e-01,1.849645e-03,5.658457e-02,1.665999e-01,4.858170e-02,3.577004e-02,2.696493e-02,7.355460e-03,9.249024e-03,2.889375e-02
1.087918e-01,9.006601e-03,1.924441e-02,2.208494e-02,2.984484e-02,4.004131e-01,2.497850e-03,7.711016e-02,1.662383e-01,6.482916e-02,2.912702e-02,2.010683e-02,7.152986e-03,9.110238e-03,3.444181e-02
1.448448e-01,7.772278e-03,2.672879e-02,2.242893e-02,2.379430e-02,3.616260e-01,2.992644e-03,6.301870e-02,1.956194e-01,6.649310e-02,2.373490e-02,1.579664e-02,6.908899e-03,7.875595e-03,3.036502e-02
1.667916e-01,8.649085e-03,3.485042e-02,2.657081e-02,2.281910e-02,3.125919e-01,1.029627e-02,6.177705e-02,2.213209e-01,5.470493e-02,2.023928e-02,1.314143e-02,1.108894e-02,6.909923e-03,2.824846e-02
2.240194e-01,1.223954e-02,3.426802e-02,2.596832e-02,2.295083e-02,2.894861e-01,1.125483e-02,5.717145e-02,1.824610e-01,5.614055e-02,1.824169e-02,1.121805e-02,1.105719e-02,9.848818e-03,3.367420e-02
1.587178e-01,9.627851e-03,2.510681e-02,1.945643e-02,1.678524e-02,2.748914e-01,8.151541e-03,4.024150e-02,2.194294e-01,1.337612e-01,1.918868e-02,8.873899e-03,1.283411e-02,1.132091e-02,4.161322e-02
1.128840e-01,1.553114e-02,1.894782e-02,2.367130e-02,1.297658e-02,1.981389e-01,5.881316e-03,2.862534e-02,3.727170e-01,1.022526e-01,1.945931e-02,1.117815e-02,1.230052e-02,8.764603e-03,5.667151e-02
8.256621e-02,4.300938e-02,1.791345e-02,3.087543e-02,1.049092e-02,1.442745e-01,4.670867e-03,2.079599e-02,3.689034e-01,9.338927e-02,2.014980e-02,1.247595e-02,1.364970e-02,7.307165e-03,1.295280e-01
6.496501e-02,4.510106e-02,1.446327e-02,2.674986e-02,8.169910e-03,1.134847e-01,4.016699e-03,1.512497e-02,3.549280e-01,1.146472e-01,2.580896e-02,1.263843e-02,1.376982e-02,1.632114e-02,1.698110e-01
1.023150e-01,3.531502e-02,1.334854e-02,2.712815e-02,1.026692e-02,8.324056e-02,3.646245e-03,1.434958e-02,2.833036e-01,9.720213e-02,3.965437e-02,1.299143e-02,1.847267e-02,2.557901e-02,2.331867e-01
1.883639e-01,2.836961e-02,1.150738e-02,2.321823e-02,9.912143e-03,6.354281e-02,3.774867e-03,1.254215e-02,2.156817e-01,8.520420e-02,4.185680e-02,1.626000e-02,2.217367e-02,3.284675e-02,2.447458e-01
1.672384e-01,2.393710e-02,8.350926e-03,1.948568e-02,8.623360e-03,4.793323e-02,3.070622e-03,9.781815e-03,1.769613e-01,1.122178e-01,6.607787e-02,2.924485e-02,3.084958e-02,3.274834e-02,2.634791e-01
1.242865e-01,1.935121e-02,6.268798e-03,1.871049e-02,8.098973e-03,3.813412e-02,2.598355e-03,7.498744e-03,2.953099e-01,8.985159e-02,8.230411e-02,3.896131e-02,3.985802e-02,2.909588e-02,1.996720e-01
9.376135e-02,1.688837e-02,4.641886e-03,1.644375e-02,9.284236e-03,2.758225e-02,2.031940e-03,5.603674e-03,2.409427e-01,6.970211e-02,1.663885e-01,7.895251e-02,9.001330e-02,2.786318e-02,1.499003e-01
6.833851e-02,1.416752e-02,3.760338e-03,1.351701e-02,1.074028e-02,2.042799e-02,1.669001e-03,4.513854e-03,2.355970e-01,5.891804e-02,2.516686e-01,8.635463e-02,6.998742e-02,4.945455e-02,1.108852e-01
5.086135e-02,1.215360e-02,3.131048e-03,1.031483e-02,9.557167e-03,1.663052e-02,1.338827e-03,3.746150e-03,2.430265e-01,4.382551e-02,3.245928e-01,8.385377e-02,5.124401e-02,6.593294e-02,7.979099e-02
3.595767e-02,8.878590e-03,2.382614e-03,7.660372e-03,7.171122e-03,1.196725e-02,9.852422e-04,2.746697e-03,1.718382e-01,3.099456e-02,4.971811e-01,6.537561e-02,3.621102e-02,6.423492e-02,5.641503e-02
2.587589e-02,8.525314e-03,2.356031e-03,5.587575e-03,5.921776e-03,8.991271e-03,7.341520e-04,2.031241e-03,1.245551e-01,2.223976e-02,5.685662e-01,5.244837e-02,2.592262e-02,1.062923e-01,3.995229e-02
1.927975e-02,8.085979e-03,2.514254e-03,4.663123e-03,6.318829e-03,8.537325e-03,6.997826e-04,2.167368e-03,9.304259e-02,1.716547e-02,6.404755e-01,5.195111e-02,1.952553e-02,9.672337e-02,2.885007e-02
1.367399e-02,5.883512e-03,1.832084e-03,3.435403e-03,4.719495e-03,6.246670e-03,5.218628e-04,1.573368e-03,6.616949e-02,1.296982e-02,7.361254e-01,3.866906e-02,1.439564e-02,7.341253e-02,2.037167e-02
9.988606e-03,4.676328e-03,1.387867e-03,2.653398e-03,3.646380e-03,4.809368e-03,3.948209e-04,1.142876e-03,4.843497e-02,1.030070e-02,7.944687e-01,3.482187e-02,1.077304e-02,5.810479e-02,1.439627e-02
7.262625e-03,4.776972e-03,1.149231e-03,1.941808e-03,2.810031e-03,3.894524e-03,3.037656e-04,8.189600e-04,3.736185e-02,8.528861e-03,8.342574e-01,3.239249e-02,8.115305e-03,4.617128e-02,1.021490e-02
5.110652e-03,3.494125e-03,8.264592e-04,1.377516e-03,2.230224e-03,2.934068e-03,2.682313e-04,5.879804e-04,2.715612e-02,6.357590e-03,8.788462e-01,2.446952e-02,5.993654e-03,3.313792e-02,7.209708e-03
3.702509e-03,3.498325e-03,6.473369e-04,1.030194e-03,2.705751e-03,2.413249e-03,5.318073e-04,5.394111e-04,2.818124e-02,5.397137e-03,8.979491e-01,1.912353e-02,4.618617e-03,2.429117e-02,5.370664e-03
2.711132e-03,3.566913e-03,5.804541e-04,7.615400e-04,3.100700e-03,2.627105e-03,7.955270e-04,6.139112e-04,2.427977e-02,3.909194e-03,9.163827e-01,1.516968e-02,4.252984e-03,1.720204e-02,4.046415e-03
2.047129e-03,4.620058e-03,6.871996e-04,9.193171e-04,4.911191e-03,5.065286e-03,9.970461e-04,7.877358e-04,2.718807e-02,3.057223e-03,9.149716e-01,1.309889e-02,4.730901e-03,1.307913e-02,3.839310e-03
1.976063e-03,1.448568e-02,1.680758e-03,1.204035e-03,7.188780e-03,8.065991e-03,1.127956e-03,1.693638e-03,7.489399e-02,2.488731e-03,8.531281e-01,1.175038e-02,7.373577e-03,9.611996e-03,3.330372e-03
2.886271e-03,2.448471e-02,2.625564e-03,1.151640e-03,1.089101e-01,6.676835e-03,9.347569e-04,2.462810e-03,1.471822e-01,2.419789e-03,6.684483e-01,8.896440e-03,1.223747e-02,7.881924e-03,2.801225e-03
9.811660e-03,2.466747e-02,5.288745e-03,2.579479e-03,1.708928e-01,5.775154e-03,1.174582e-03,1.504992e-02,1.933408e-01,2.668331e-03,5.181658e-01,7.800357e-03,3.242929e-02,7.982266e-03,2.373450e-03
2.293386e-02,2.700831e-02,7.718328e-03,3.934797e-03,1.671899e-01,5.895917e-03,1.145238e-03,2.037992e-02,1.941555e-01,4.363009e-03,4.897820e-01,1.028312e-02,3.029016e-02,1.177251e-02,3.147471e-03
3.313450e-02,2.801437e-02,7.256319e-03,5.062197e-03,2.521406e-01,5.639802e-03,1.993305e-03,2.322812e-02,1.780220e-01,4.045709e-03,4.152663e-01,8.698839e-03,2.398453e-02,1.073775e-02,2.775760e-03
5.137175e-02,6.369916e-02,8.371015e-03,8.900597e-03,2.612117e-01,4.814988e-03,2.498440e-03,2.732941e-02,1.881685e-01,3.985368e-03,3.409598e-01,7.918323e-03,1.789039e-02,9.098724e-03,3.781891e-03
6.482501e-02,7.306329e-02,1.006959e-02,1.670681e-02,2.533602e-01,4.488376e-03,3.020781e-03,6.001215e-02,1.912380e-01,4.087619e-03,2.852648e-01,7.892325e-03,1.407601e-02,8.250429e-03,3.644623e-03
5.273838e-02,5.229616e-02,8.416131e-03,3.636703e-02,2.437331e-01,3.451192e-03,3.647747e-03,2.094345e-01,1.600046e-01,2.940112e-03,2.021950e-01,5.931055e-03,1.030969e-02,5.934865e-03,2.600509e-03
5.613276e-02,4.868205e-02,9.581056e-03,4.096529e-02,2.791851e-01,3.882862e-03,5.481534e-03,2.159423e-01,1.698049e-01,2.296107e-03,1.482472e-01,5.007053e-03,7.613422e-03,5.105134e-03,2.073301e-03
6.879672e-02,4.187465e-02,7.433367e-03,3.355089e-02,2.542008e-01,3.339540e-03,4.458864e-03,2.878057e-01,1.719929e-01,1.734494e-03,1.092497e-01,4.172564e-03,5.700820e-03,4.153854e-03,1.535058e-03
6.195939e-02,3.014106e-02,5.941179e-03,2.539431e-02,1.943700e-01,3.235718e-03,3.514223e-03,4.516156e-01,1.332243e-01,1.323252e-03,7.696298e-02,3.679160e-03,4.394460e-03,2.994172e-03,1.250198e-03
4.910247e-02,2.121898e-02,4.823966e-03,1.928856e-02,1.429787e-01,4.096006e-03,3.766847e-03,5.961722e-01,9.411788e-02,9.502086e-04,5.395014e-02,2.776645e-03,3.716903e-03,2.117051e-03,9.233914e-04
5.341817e-02,1.606249e-02,4.259373e-03,1.919844e-02,1.209848e-01,1.892354e-02,8.514022e-03,5.464213e-01,7.825861e-02,1.245746e-03,4.363870e-02,9.496963e-03,7.566629e-02,1.687057e-03,2.224486e-03
4.566189e-02,1.195879e-02,4.366793e-03,1.603310e-02,9.124610e-02,2.012154e-02,8.192373e-03,4.743888e-01,6.126784e-02,6.685351e-03,5.442457e-02,1.573514e-02,1.731820e-01,1.473918e-03,1.526179e-02
3.537216e-02,8.709054e-03,3.580994e-03,1.489903e-02,6.991218e-02,1.796644e-02,7.428863e-03,3.567574e-01,4.879988e-02,8.316896e-03,5.182305e-02,1.822231e-02,3.246272e-01,1.272714e-03,3.231193e-02
2.565900e-02,7.168288e-03,4.434258e-03,1.097588e-02,6.288893e-02,1.324040e-02,5.559307e-03,2.518123e-01,6.005011e-02,7.301265e-03,6.412660e-02,2.525893e-02,4.332582e-01,1.217853e-03,2.704873e-02
2.015640e-02,6.356267e-03,4.503594e-03,1.061474e-02,6.024754e-02,1.019089e-02,5.343418e-03,1.838260e-01,6.079664e-02,1.342889e-02,9.260855e-02,2.425100e-02,4.039149e-01,3.944097e-03,9.981710e-02
1.494679e-02,5.867053e-03,3.904595e-03,9.250109e-03,4.494420e-02,7.423662e-03,4.367831e-03,1.316990e-01,1.007248e-01,1.033928e-02,9.383240e-02,2.975838e-02,4.489257e-01,6.792654e-03,8.722359e-02
1.066142e-02,4.406562e-03,2.850664e-03,7.526835e-03,3.395445e-02,5.433457e-03,3.236219e-03,9.425154e-02,2.260300e-01,7.658680e-03,8.343817e-02,5.245925e-02,3.937922e-01,1.234387e-02,6.195667e-02
7.594202e-03,3.712384e-03,2.283022e-03,5.747551e-03,2.474863e-02,4.268466e-03,2.406303e-03,6.664930e-02,4.088811e-01,5.610917e-03,6.549356e-02,4.789706e-02,2.903511e-01,1.941665e-02,4.493978e-02
6.334479e-03,3.731014e-03,2.623941e-03,4.729310e-03,1.807650e-02,5.821584e-03,1.818027e-03,4.693309e-02,5.525494e-01,4.128112e-03,4.811821e-02,3.656172e-02,2.061597e-01,2.885786e-02,3.355708e-02
7.427042e-03,4.050520e-03,2.080281e-03,3.829745e-03,1.302350e-02,7.065732e-03,1.290464e-03,3.294455e-02,6.291009e-01,3.562385e-03,3.873285e-02,2.725562e-02,1.473719e-01,5.570188e-02,2.656270e-02
6.618336e-03,8.586456e-03,2.368580e-03,3.930394e-03,9.865182e-03,3.028713e-02,9.968457e-04,2.331163e-02,6.460499e-01,4.008496e-03,3.669719e-02,2.172961e-02,1.098635e-01,7.297748e-02,2.270933e-02
5.083676e-03,7.007716e-03,2.166815e-03,3.485019e-03,7.411758e-03,2.325817e-02,7.037427e-04,1.634458e-02,5.853157e-01,3.668351e-03,6.272623e-02,1.627288e-02,7.803743e-02,1.679168e-01,2.060120e-02
4.205916e-03,6.066456e-03,2.227036e-03,3.542766e-03,5.540641e-03,1.681189e-02,4.959581e-04,1.150673e-02,5.929686e-01,3.391226e-03,6.850496e-02,1.183331e-02,5.519535e-02,2.010790e-01,1.663026e-02
6.486764e-03,5.105737e-03,2.526325e-03,7.713038e-03,5.571818e-03,1.424700e-02,5.640452e-04,8.625183e-03,5.341920e-01,3.916162e-03,6.126758e-02,1.135664e-02,4.541704e-02,2.660775e-01,2.693322e-02
6.620882e-03,4.396302e-03,2.231567e-03,1.032146e-02,5.273859e-03,1.365663e-02,6.546412e-04,9.393441e-03,4.764504e-01,4.646752e-03,9.053440e-02,1.644221e-02,5.513514e-02,2.810422e-01,2.320011e-02
8.187426e-03,3.424009e-03,2.995532e-03,1.005866e-02,5.332674e-03,2.512973e-02,3.029991e-03,8.713784e-03,4.614913e-01,4.697763e-03,8.992659e-02,2.219583e-02,9.428796e-02,2.320062e-01,2.852256e-02
9.256650e-03,4.002313e-03,5.511066e-03,1.121825e-02,8.181589e-03,2.505518e-02,2.728357e-03,1.388120e-02,3.994763e-01,1.957058e-02,1.084665e-01,4.723463e-02,1.482791e-01,1.745752e-01,2.256308e-02
1.078316e-02,4.046223e-03,7.244141e-03,1.588204e-02,1.467770e-02,2.212993e-02,3.302567e-03,7.719596e-02,3.327945e-01,3.049974e-02,1.184986e-01,4.315978e-02,1.544319e-01,1.475894e-01,1.776439e-02
1.036991e-02,5.161436e-03,1.046039e-02,3.316106e-02,1.994387e-02,1.711095e-02,3.078249e-03,1.184863e-01,3.382068e-01,3.356347e-02,9.711838e-02,3.938037e-02,1.400317e-01,1.183864e-01,1.554074e-02
1.744795e-02,5.174580e-03,3.613978e-02,3.223145e-02,2.054565e-02,1.559406e-02,2.839142e-03,2.327977e-01,2.742975e-01,3.236134e-02,7.561081e-02,2.897919e-02,1.038019e-01,1.100814e-01,1.209748e-02
1.419154e-02,3.939068e-03,3.252219e-02,2.389833e-02,1.842673e-02,1.127624e-02,2.261080e-03,4.295915e-01,1.972764e-01,2.551555e-02,5.371984e-02,2.048789e-02,7.314206e-02,8.514021e-02,8.611285e-03
1.109699e-02,2.864846e-03,2.410284e-02,1.727372e-02,1.659091e-02,8.118008e-03,1.992072e-03,5.906833e-01,1.388466e-01,1.839977e-02,3.778713e-02,1.440025e-02,5.132740e-02,6.043077e-02,6.085400e-03
8.498616e-03,2.047242e-03,1.728156e-02,1.236175e-02,1.925316e-02,5.960902e-03,2.062328e-03,7.020918e-01,9.792949e-02,1.303950e-02,2.661938e-02,1.010043e-02,3.602048e-02,4.245207e-02,4.281318e-03
6.911648e-03,1.518281e-03,1.252811e-02,8.985779e-03,2.376752e-02,4.815471e-03,1.831063e-03,7.761071e-01,6.908753e-02,9.200888e-03,1.869309e-02,7.083226e-03,2.535197e-02,3.110819e-02,3.010138e-03
7.020819e-03,1.174536e-03,8.955351e-03,6.762695e-03,2.531292e-02,4.077962e-03,1.826035e-03,8.289678e-01,4.886739e-02,6.633165e-03,1.320489e-02,4.998202e-03,1.793531e-02,2.213203e-02,2.130887e-03
9.538534e-03,1.274779e-03,6.476972e-03,5.327338e-03,2.863219e-02,4.431858e-03,2.324974e-03,8.578334e-01,3.508404e-02,4.866377e-03,9.602962e-03,3.697322e-03,1.352668e-02,1.580848e-02,1.574026e-03
1.043450e-02,1.054937e-03,4.699205e-03,4.139781e-03,2.209757e-02,3.679513e-03,2.497877e-03,8.913062e-01,2.509087e-02,3.452787e-03,6.880768e-03,2.648225e-03,9.695567e-03,1.118178e-02,1.140349e-03
1.314798e-02,9.941012e-04,3.583522e-03,3.787157e-03,1.976212e-02,3.326113e-03,2.899592e-03,9.090285e-01,1.821111e-02,2.460524e-03,4.994605e-03,1.936788e-03,7.121654e-03,7.901605e-03,8.446357e-04
1.646496e-02,8.047862e-04,2.764583e-03,3.599498e-03,1.526724e-02,3.323521e-03,3.168158e-03,9.231282e-01,1.317768e-02,1.743117e-03,3.597682e-03,1.538398e-03,5.247871e-03,5.551224e-03,6.230913e-04
1.922498e-02,7.364564e-04,2.272604e-03,3.768738e-03,1.433042e-02,3.046276e-03,3.769272e-03,9.296046e-01,9.739270e-03,1.242012e-03,2.717693e-03,1.247704e-03,3.914793e-03,3.914252e-03,4.710158e-04
1.857789e-02,6.537318e-04,1.843862e-03,3.399813e-03,1.667885e-02,2.626989e-03,4.956534e-03,9.340529e-01,7.163907e-03,8.794679e-04,2.048479e-03,9.689478e-04,3.018633e-03,2.760216e-03,3.698385e-04
2.018402e-02,6.600104e-04,1.820754e-03,3.192989e-03,1.652553e-02,2.293123e-03,6.019109e-03,9.360452e-01,5.314174e-03,6.385707e-04,1.546585e-03,8.978858e-04,2.530820e-03,1.961297e-03,3.699495e-04
2.299083e-02,5.710727e-04,1.985168e-03,3.391621e-03,1.807029e-02,1.913348e-03,5.950742e-03,9.348570e-01,3.885423e-03,4.780896e-04,1.209881e-03,8.324028e-04,2.091357e-03,1.396412e-03,3.764192e-04
3.787091e-02,6.780153e-04,1.822654e-03,3.722568e-03,1.652544e-02,3.798444e-03,4.551693e-03,9.125612e-01,3.942253e-03,5.908919e-04,1.627825e-03,3.183447e-03,7.006330e-03,1.086484e-03,1.031930e-03
4.581577e-02,1.072064e-03,1.996641e-03,4.442147e-03,1.568228e-02,4.529077e-03,3.671940e-03,8.879753e-01,4.787218e-03,1.061301e-03,4.312754e-03,9.982863e-03,1.164251e-02,9.678119e-04,2.060389e-03
5.466124e-02,1.541290e-03,2.032138e-03,5.429523e-03,1.512936e-02,5.276901e-03,3.097845e-03,8.328210e-01,6.565117e-03,3.130881e-03,8.209378e-03,3.085332e-02,2.562464e-02,1.133233e-03,4.494168e-03
6.445782e-02,2.165473e-03,2.176015e-03,8.634817e-03,2.029993e-02,5.181946e-03,3.188960e-03,7.702157e-01,1.003379e-02,3.906403e-03,1.532905e-02,3.472644e-02,5.124168e-02,1.143720e-03,7.298211e-03
7.743123e-02,3.091058e-03,2.625092e-03,1.322847e-02,3.564083e-02,6.414737e-03,3.911523e-03,7.223508e-01,1.505473e-02,4.015670e-03,1.420429e-02,3.015354e-02,6.273147e-02,1.088237e-03,8.058246e-03
7.641585e-02,7.010667e-03,3.400578e-03,1.904736e-02,3.207866e-02,1.083236e-02,4.770631e-03,5.241992e-01,2.115919e-02,7.864289e-03,1.954797e-02,6.712635e-02,1.911891e-01,1.925178e-03,1.343253e-02
6.604657e-02,6.075724e-03,2.800229e-03,2.314679e-02,2.610710e-02,1.133097e-02,4.097770e-03,3.726585e-01,6.056232e-02,6.612235e-03,3.045353e-02,1.750005e-01,2.007498e-01,2.781363e-03,1.157663e-02
5.666757e-02,4.870626e-03,2.325915e-03,2.724162e-02,2.193449e-02,9.833944e-03,3.238976e-03,2.643304e-01,6.585751e-02,5.797583e-03,4.032967e-02,2.396960e-01,2.432827e-01,3.712945e-03,1.088002e-02
1.510377e-01,6.112615e-03,2.283730e-03,2.538112e-02,3.772253e-02,8.099830e-03,3.265815e-03,1.881732e-01,6.927095e-02,5.067518e-03,6.258262e-02,1.877910e-01,2.387130e-01,4.113695e-03,1.038475e-02
2.083608e-01,8.403989e-03,5.062860e-03,2.169062e-02,6.822181e-02,9.120718e-03,4.559220e-03,1.389949e-01,6.592350e-02,4.387348e-03,6.417055e-02,1.449642e-01,2.414344e-01,4.124553e-03,1.058051e-02
1.632226e-01,7.448363e-03,7.013654e-03,2.107212e-02,1.749011e-01,1.934366e-02,4.331090e-03,1.018744e-01,6.834839e-02,3.785018e-03,5.782329e-02,1.307402e-01,2.285792e-01,3.299052e-03,8.217975e-03
1.659201e-01,9.011893e-03,1.423416e-02,1.910526e-02,1.543582e-01,4.496124e-02,1.283652e-02,8.135744e-02,6.184302e-02,3.473045e-03,5.354883e-02,1.264768e-01,2.420859e-01,3.285189e-03,7.502419e-03
1.669487e-01,1.077337e-02,2.214275e-02,1.833791e-02,1.345090e-01,5.934311e-02,1.154107e-02,6.259283e-02,5.453854e-02,2.813121e-03,5.145180e-02,1.218888e-01,2.729045e-01,3.123469e-03,7.090981e-03
1.479633e-01,1.837983e-02,2.074311e-02,1.828061e-02,1.063750e-01,9.336350e-02,1.445463e-02,4.920650e-02,8.473161e-02,4.128844e-03,4.862132e-02,1.006782e-01,2.732718e-01,3.136760e-03,1.666505e-02
1.613768e-01,2.491555e-02,2.029934e-02,2.078187e-02,9.628510e-02,9.790490e-02,1.989866e-02,4.667249e-02,9.764569e-02,6.147955e-03,4.215416e-02,8.133692e-02,2.600490e-01,3.453022e-03,2.107845e-02
1.341968e-01,6.255809e-02,1.604751e-02,2.229427e-02,7.042737e-02,8.107343e-02,1.481904e-02,3.637508e-02,1.715459e-01,1.128501e-02,3.793809e-02,6.683814e-02,2.278982e-01,4.015864e-03,4.268718e-02
1.206499e-01,8.240302e-02,1.267615e-02,1.959449e-02,5.266902e-02,7.216871e-02,1.115531e-02,2.678913e-02,2.822967e-01,8.791622e-03,2.930021e-02,5.452499e-02,1.826920e-01,3.634113e-03,4.065473e-02
1.173959e-01,9.327150e-02,1.159533e-02,3.109973e-02,3.968793e-02,5.677522e-02,8.420277e-03,2.004728e-02,3.574029e-01,8.050486e-03,2.203230e-02,4.166487e-02,1.428454e-01,3.720374e-03,4.599047e-02
1.646571e-01,8.639991e-02,1.215179e-02,3.218771e-02,3.288852e-02,5.405816e-02,7.088730e-03,1.609972e-02,3.351706e-01,7.987812e-03,1.880497e-02,4.541841e-02,1.164307e-01,7.422376e-03,6.323346e-02
2.363082e-01,7.262371e-02,1.079038e-02,2.699267e-02,3.173954e-02,4.981492e-02,5.871290e-03,1.334077e-02,3.044077e-01,6.465817e-03,1.648692e-02,4.407088e-02,1.128150e-01,1.008587e-02,5.818622e-02
1.734900e-01,7.011279e-02,1.359313e-02,1.557465e-01,2.649536e-02,3.784069e-02,4.437871e-03,9.815792e-03,2.429804e-01,1.065537e-02,1.982462e-02,3.555197e-02,1.078451e-01,7.687295e-03,8.392305e-02
1.632763e-01,5.453988e-02,1.064838e-02,1.431042e-01,2.329268e-02,3.731008e-02,5.274574e-03,9.494349e-03,2.065014e-01,1.038633e-02,2.366149e-02,4.156832e-02,1.956595e-01,7.391432e-03,6.789099e-02
1.871418e-01,4.028396e-02,7.959387e-03,1.152990e-01,2.195368e-02,3.784418e-02,5.550301e-03,8.615125e-03,1.670514e-01,8.305332e-03,2.477898e-02,7.117562e-02,2.475257e-01,5.827643e-03,5.068789e-02
2.540734e-01,3.004013e-02,6.262669e-03,8.535104e-02,2.118119e-02,3.081760e-02,7.403189e-03,1.081368e-02,1.387037e-01,8.191742e-03,2.720567e-02,6.443161e-02,2.725843e-01,4.868995e-03,3.807109e-02
2.244700e-01,2.170993e-02,4.772263e-03,6.091395e-02,1.707718e-02,2.728491e-02,8.957599e-03,1.297726e-02,1.019022e-01,6.524097e-03,2.053372e-02,5.970244e-02,4.016167e-01,3.642481e-03,2.791526e-02
1.751669e-01,1.610550e-02,3.469031e-03,4.313090e-02,1.259570e-02,3.515461e-02,6.773097e-03,1.035612e-02,7.763726e-02,4.756297e-03,1.471181e-02,5.171649e-02,5.256837e-01,2.661881e-03,2.008067e-02
1.314683e-01,1.162041e-02,2.628486e-03,3.038833e-02,9.629099e-03,2.902037e-02,5.316235e-03,8.239507e-03,5.614499e-02,3.428524e-03,1.054911e-02,4.284002e-02,6.421201e-01,2.045498e-03,1.456101e-02
9.758493e-02,8.871239e-03,2.148287e-03,2.163322e-02,7.559230e-03,2.463142e-02,4.076460e-03,6.660725e-03,4.224528e-02,2.690763e-03,7.668264e-03,3.442735e-02,7.273716e-01,1.624027e-03,1.080720e-02
8.739826e-02,7.184874e-03,2.003230e-03,1.551639e-02,7.439312e-03,2.457693e-02,3.574522e-03,5.954217e-03,3.173425e-02,2.113446e-03,5.798391e-03,2.839445e-02,7.685406e-01,1.349900e-03,8.421275e-03
7.361954e-02,5.768126e-03,1.581243e-03,1.106672e-02,6.508772e-03,2.144106e-02,2.850373e-03,5.485612e-03,2.391455e-02,1.620267e-03,4.313566e-03,2.409728e-02,8.100497e-01,1.090670e-03,6.592623e-03
6.389280e-02,5.076925e-03,2.548388e-03,7.960187e-03,8.049927e-03,1.644358e-02,2.238700e-03,6.435871e-03,1.816542e-02,1.198195e-03,3.251661e-03,1.901757e-02,8.398443e-01,9.618079e-04,4.914659e-03
7.205636e-02,4.812457e-03,3.130520e-03,6.182504e-03,1.258938e-02,1.256342e-02,2.127422e-03,6.509855e-03,1.495674e-02,1.068845e-03,2.577537e-03,1.508165e-02,8.412504e-01,8.230261e-04,4.269939e-03
9.149317e-02,5.601922e-03,5.225079e-03,6.220527e-03,2.010338e-02,1.015635e-02,2.794690e-03,8.528812e-03,1.418695e-02,1.194698e-03,2.302267e-03,1.273392e-02,8.142166e-01,7.781257e-04,4.463505e-03
7.527878e-02,5.456124e-03,2.502266e-02,4.625882e-03,3.500478e-02,9.421834e-03,4.492946e-03,1.024176e-02,1.216843e-02,1.010082e-03,1.985599e-03,1.139319e-02,7.992799e-01,6.650995e-04,3.952959e-03
7.039230e-02,4.909909e-03,2.414029e-02,3.824095e-03,3.772926e-02,9.269310e-03,4.482319e-03,1.128240e-02,1.048894e-02,7.550191e-04,1.655710e-03,8.934186e-03,8.082592e-01,5.573354e-04,3.319692e-03
