1.000000e+00,0.000000e+00,0.000000e+00,0.000000e+00,0.000000e+00,0.000000e+00,0.000000e+00,0.000000e+00,0.000000e+00,0.000000e+00,0.000000e+00,0.000000e+00,0.000000e+00,0.000000e+00,0.000000e+00
1.000000e+00,0.000000e+00,0.000000e+00,0.000000e+00,0.000000e+00,0.000000e+00,0.000000e+00,0.000000e+00,0.000000e+00,0.000000e+00,0.000000e+00,0.000000e+00,0.000000e+00,0.000000e+00,0.000000e+00
1.000000e+00,0.000000e+00,0.000000e+00,0.000000e+00,0.000000e+00,0.000000e+00,0.000000e+00,0.000000e+00,0.000000e+00,0.000000e+00,0.000000e+00,0.000000e+00,0.000000e+00,0.000000e+00,0.000000e+00
1.000000e+00,0.000000e+00,0.000000e+00,0.000000e+00,0.000000e+00,0.000000e+00,0.000000e+00,0.000000e+00,0.000000e+00,0.000000e+00,0.000000e+00,0.000000e+00,0.000000e+00,0.000000e+00,0.000000e+00
1.000000e+00,0.000000e+00,0.000000e+00,0.000000e+00,0.000000e+00,0.000000e+00,0.000000e+00,0.000000e+00,0.000000e+00,0.000000e+00,0.000000e+00,0.000000e+00,0.000000e+00,0.000000e+00,0.000000e+00
1.000000e+00,0.000000e+00,0.000000e+00,0.000000e+00,0.000000e+00,0.000000e+00,0.000000e+00,0.000000e+00,0.000000e+00,0.000000e+00,0.000000e+00,0.000000e+00,0.000000e+00,0.000000e+00,0.000000e+00
1.000000e+00,0.000000e+00,0.000000e+00,0.000000e+00,0.000000e+00,0.000000e+00,0.000000e+00,0.000000e+00,0.000000e+00,0.000000e+00,0.000000e+00,0.000000e+00,0.000000e+00,0.000000e+00,0.000000e+00
1.000000e+00,0.000000e+00,0.000000e+00,0.000000e+00,0.000000e+00,0.000000e+00,0.000000e+00,0.000000e+00,0.000000e+00,0.000000e+00,0.000000e+00,0.000000e+00,0.000000e+00,0.000000e+00,0.000000e+00
1.000000e+00,0.000000e+00,0.000000e+00,0.000000e+00,0.000000e+00,0.000000e+00,0.000000e+00,0.000000e+00,0.000000e+00,0.000000e+00,0.000000e+00,0.000000e+00,0.000000e+00,0.000000e+00,0.000000e+00
1.000000e+00,0.000000e+00,0.000000e+00,0.000000e+00,0.000000e+00,0.000000e+00,0.000000e+00,0.000000e+00,0.000000e+00,0.000000e+00,0.000000e+00,0.000000e+00,0.000000e+00,0.000000e+00,0.000000e+00
1.000000e+00,0.000000e+00,0.000000e+00,0.000000e+00,0.000000e+00,0.000000e+00,0.000000e+00,0.000000e+00,0.000000e+00,0.000000e+00,0.000000e+00,0.000000e+00,0.000000e+00,0.000000e+00,0.000000e+00
1.000000e+00,0.000000e+00,0.000000e+00,0.000000e+00,0.000000e+00,0.000000e+00,0.000000e+00,0.000000e+00,0.000000e+00,0.000000e+00,0.000000e+00,0.000000e+00,0.000000e+00,0.000000e+00,0.000000e+00
1.000000e+00,0.000000e+00,0.000000e+00,0.000000e+00,0.000000e+00,0.000000e+00,0.000000e+00,0.000000e+00,0.000000e+00,0.000000e+00,0.000000e+00,0.000000e+00,0.000000e+00,0.000000e+00,0.000000e+00
1.000000e+00,0.000000e+00,0.000000e+00,0.000000e+00,0.000000e+00,0.000000e+00,0.000000e+00,0.000000e+00,0.000000e+00,0.000000e+00,0.000000e+00,0.000000e+00,0.000000e+00,0.000000e+00,0.000000e+00
1.000000e+00,0.000000e+00,0.000000e+00,0.000000e+00,0.000000e+00,0.000000e+00,0.000000e+00,0.000000e+00,0.000000e+00,0.000000e+00,0.000000e+00,0.000000e+00,0.000000e+00,0.000000e+00,0.000000e+00
1.000000e+00,0.000000e+00,0.000000e+00,0.000000e+00,0.000000e+00,0.000000e+00,0.000000e+00,0.000000e+00,0.000000e+00,0.000000e+00,0.000000e+00,0.000000e+00,0.000000e+00,0.000000e+00,0.000000e+00
1.000000e+00,0.000000e+00,0.000000e+00,0.000000e+00,0.000000e+00,0.000000e+00,0.000000e+00,0.000000e+00,0.000000e+00,0.000000e+00,0.000000e+00,0.000000e+00,0.000000e+00,0.000000e+00,0.000000e+00
1.000000e+00,0.000000e+00,0.000000e+00,0.000000e+00,0.000000e+00,0.000000e+00,0.000000e+00,0.000000e+00,0.000000e+00,0.000000e+00,0.000000e+00,0.000000e+00,0.000000e+00,0.000000e+00,0.000000e+00
1.000000e+00,0.000000e+00,0.000000e+00,0.000000e+00,0.000000e+00,0.000000e+00,0.000000e+00,0.000000e+00,0.000000e+00,0.000000e+00,0.000000e+00,0.000000e+00,0.000000e+00,0.000000e+00,0.000000e+00
1.000000e+00,0.000000e+00,0.000000e+00,0.000000e+00,0.000000e+00,0.000000e+00,0.000000e+00,0.000000e+00,0.000000e+00,0.000000e+00,0.000000e+00,0.000000e+00,0.000000e+00,0.000000e+00,0.000000e+00
1.000000e+00,0.000000e+00,0.000000e+00,0.000000e+00,0.000000e+00,0.000000e+00,0.000000e+00,0.000000e+00,0.000000e+00,0.000000e+00,0.000000e+00,0.000000e+00,0.000000e+00,0.000000e+00,0.000000e+00
1.000000e+00,0.000000e+00,0.000000e+00,0.000000e+00,0.000000e+00,0.000000e+00,0.000000e+00,0.000000e+00,0.000000e+00,0.000000e+00,0.000000e+00,0.000000e+00,0.000000e+00,0.000000e+00,0.000000e+00
1.000000e+00,0.000000e+00,0.000000e+00,0.000000e+00,0.000000e+00,0.000000e+00,0.000000e+00,0.000000e+00,0.000000e+00,0.000000e+00,0.000000e+00,0.000000e+00,0.000000e+00,0.000000e+00,0.000000e+00
1.000000e+00,0.000000e+00,0.000000e+00,0.000000e+00,0.000000e+00,0.000000e+00,0.000000e+00,0.000000e+00,0.000000e+00,0.000000e+00,0.000000e+00,0.000000e+00,0.000000e+00,0.000000e+00,0.000000e+00
1.000000e+00,0.000000e+00,0.000000e+00,0.000000e+00,0.000000e+00,0.000000e+00,0.000000e+00,0.000000e+00,0.000000e+00,0.000000e+00,0.000000e+00,0.000000e+00,0.000000e+00,0.000000e+00,0.000000e+00
1.000000e+00,0.000000e+00,0.000000e+00,0.000000e+00,0.000000e+00,0.000000e+00,0.000000e+00,0.000000e+00,0.000000e+00,0.000000e+00,0.000000e+00,0.000000e+00,0.000000e+00,0.000000e+00,0.000000e+00
1.000000e+00,0.000000e+00,0.000000e+00,0.000000e+00,0.000000e+00,0.000000e+00,0.000000e+00,0.000000e+00,0.000000e+00,0.000000e+00,0.000000e+00,0.000000e+00,0.000000e+00,0.000000e+00,0.000000e+00
1.000000e+00,0.000000e+00,0.000000e+00,0.000000e+00,0.000000e+00,0.000000e+00,0.000000e+00,0.000000e+00,0.000000e+00,0.000000e+00,0.000000e+00,0.000000e+00,0.000000e+00,0.000000e+00,0.000000e+00
1.000000e+00,0.000000e+00,0.000000e+00,0.000000e+00,0.000000e+00,0.000000e+00,0.000000e+00,0.000000e+00,0.000000e+00,0.000000e+00,0.000000e+00,0.000000e+00,0.000000e+00,0.000000e+00,0.000000e+00
1.000000e+00,0.000000e+00,0.000000e+00,0.000000e+00,0.000000e+00,0.000000e+00,0.000000e+00,0.000000e+00,0.000000e+00,0.000000e+00,0.000000e+00,0.000000e+00,0.000000e+00,0.000000e+00,0.000000e+00
1.000000e+00,0.000000e+00,0.000000e+00,0.000000e+00,0.000000e+00,0.000000e+00,0.000000e+00,0.000000e+00,0.000000e+00,0.000000e+00,0.000000e+00,0.000000e+00,0.000000e+00,0.000000e+00,0.000000e+00
1.000000e+00,0.000000e+00,0.000000e+00,0.000000e+00,0.000000e+00,0.000000e+00,0.000000e+00,0.000000e+00,0.000000e+00,0.000000e+00,0.000000e+00,0.000000e+00,0.000000e+00,0.000000e+00,0.000000e+00
1.000000e+00,0.000000e+00,0.000000e+00,0.000000e+00,0.000000e+00,0.000000e+00,0.000000e+00,0.000000e+00,0.000000e+00,0.000000e+00,0.000000e+00,0.000000e+00,0.000000e+00,0.000000e+00,0.000000e+00
1.000000e+00,0.000000e+00,0.000000e+00,0.000000e+00,0.000000e+00,0.000000e+00,0.000000e+00,0.000000e+00,0.000000e+00,0.000000e+00,0.000000e+00,0.000000e+00,0.000000e+00,0.000000e+00,0.000000e+00
1.000000e+00,0.000000e+00,0.000000e+00,0.000000e+00,0.000000e+00,0.000000e+00,0.000000e+00,0.000000e+00,0.000000e+00,0.000000e+00,0.000000e+00,0.000000e+00,0.000000e+00,0.000000e+00,0.000000e+00
1.000000e+00,0.000000e+00,0.000000e+00,0.000000e+00,0.000000e+00,0.000000e+00,0.000000e+00,0.000000e+00,0.000000e+00,0.000000e+00,0.000000e+00,0.000000e+00,0.000000e+00,0.000000e+00,0.000000e+00
1.000000e+00,0.000000e+00,0.000000e+00,0.000000e+00,0.000000e+00,0.000000e+00,0.000000e+00,0.000000e+00,0.000000e+00,0.000000e+00,0.000000e+00,0.000000e+00,0.000000e+00,0.000000e+00,0.000000e+00
1.000000e+00,0.000000e+00,0.000000e+00,0.000000e+00,0.000000e+00,0.000000e+00,0.000000e+00,0.000000e+00,0.000000e+00,0.000000e+00,0.000000e+00,0.000000e+00,0.000000e+00,0.000000e+00,0.000000e+00
1.000000e+00,0.000000e+00,0.000000e+00,0.000000e+00,0.000000e+00,0.000000e+00,0.000000e+00,0.000000e+00,0.000000e+00,0.000000e+00,0.000000e+00,0.000000e+00,0.000000e+00,0.000000e+00,0.000000e+00
1.000000e+00,0.000000e+00,0.000000e+00,0.000000e+00,0.000000e+00,0.000000e+00,0.000000e+00,0.000000e+00,0.000000e+00,0.000000e+00,0.000000e+00,0.000000e+00,0.000000e+00,0.000000e+00,0.000000e+00
1.000000e+00,0.000000e+00,0.000000e+00,0.000000e+00,0.000000e+00,0.000000e+00,0.000000e+00,0.000000e+00,0.000000e+00,0.000000e+00,0.000000e+00,0.000000e+00,0.000000e+00,0.000000e+00,0.000000e+00
1.000000e+00,0.000000e+00,0.000000e+00,0.000000e+00,0.000000e+00,0.000000e+00,0.000000e+00,0.000000e+00,0.000000e+00,0.000000e+00,0.000000e+00,0.000000e+00,0.000000e+00,0.000000e+00,0.000000e+00
1.000000e+00,0.000000e+00,0.000000e+00,0.000000e+00,0.000000e+00,0.000000e+00,0.000000e+00,0.000000e+00,0.000000e+00,0.000000e+00,0.000000e+00,0.000000e+00,0.000000e+00,0.000000e+00,0.000000e+00
1.000000e+00,0.000000e+00,0.000000e+00,0.000000e+00,0.000000e+00,0.000000e+00,0.000000e+00,0.000000e+00,0.000000e+00,0.000000e+00,0.000000e+00,0.000000e+00,0.000000e+00,0.000000e+00,0.000000e+00
1.000000e+00,0.000000e+00,0.000000e+00,0.000000e+00,0.000000e+00,0.000000e+00,0.000000e+00,0.000000e+00,0.000000e+00,0.000000e+00,0.000000e+00,0.000000e+00,0.000000e+00,0.000000e+00,0.000000e+00
1.000000e+00,0.000000e+00,0.000000e+00,0.000000e+00,0.000000e+00,0.000000e+00,0.000000e+00,0.000000e+00,0.000000e+00,0.000000e+00,0.000000e+00,0.000000e+00,0.000000e+00,0.000000e+00,0.000000e+00
1.000000e+00,0.000000e+00,0.000000e+00,0.000000e+00,0.000000e+00,0.000000e+00,0.000000e+00,0.000000e+00,0.000000e+00,0.000000e+00,0.000000e+00,0.000000e+00,0.000000e+00,0.000000e+00,0.000000e+00
3.988172e-01,4.613700e-02,1.994447e-02,2.050464e-01,3.439228e-02,4.678624e-02,2.878030e-02,8.208684e-02,3.152374e-02,2.062110e-03,1.201202e-02,4.749002e-02,2.166875e-02,2.446159e-03,2.080650e-02
3.360155e-01,6.261484e-02,1.999356e-02,2.420491e-01,4.056760e-02,4.396817e-02,2.622642e-02,7.393259e-02,3.797239e-02,2.337414e-03,1.285285e-02,4.984130e-02,2.307283e-02,2.875889e-03,2.567955e-02
2.560300e-01,5.570561e-02,2.587908e-02,3.370639e-01,4.585258e-02,3.751690e-02,2.536311e-02,7.910457e-02,3.200966e-02,1.963913e-03,1.159662e-02,4.845767e-02,1.972611e-02,2.370081e-03,2.136018e-02
2.841652e-01,5.600852e-02,3.421986e-02,3.074894e-01,4.506083e-02,3.698897e-02,2.187837e-02,6.384376e-02,3.120564e-02,2.254780e-03,1.289533e-02,5.438858e-02,2.306335e-02,2.756409e-03,2.378101e-02
3.240908e-01,5.200406e-02,3.420815e-02,2.713722e-01,4.052172e-02,3.863963e-02,1.833194e-02,5.078316e-02,3.167920e-02,2.977194e-03,1.645148e-02,5.643266e-02,2.811626e-02,3.829459e-03,3.056209e-02
4.015807e-01,4.941098e-02,2.769552e-02,2.156296e-01,3.406153e-02,3.973776e-02,1.592452e-02,3.961344e-02,2.775008e-02,3.360123e-03,1.555558e-02,5.728245e-02,3.249029e-02,4.814482e-03,3.509295e-02
3.657753e-01,5.615158e-02,2.875942e-02,2.210624e-01,3.385466e-02,4.569618e-02,1.732032e-02,3.416033e-02,2.655863e-02,3.407475e-03,1.713303e-02,6.690971e-02,3.789222e-02,5.091860e-03,4.022691e-02
4.736744e-01,4.895835e-02,2.278465e-02,1.720316e-01,2.698883e-02,3.887234e-02,1.388251e-02,2.705523e-02,2.185251e-02,3.134453e-03,1.515567e-02,5.938177e-02,3.488159e-02,4.984560e-03,3.636161e-02
1.000000e+00,0.000000e+00,0.000000e+00,0.000000e+00,0.000000e+00,0.000000e+00,0.000000e+00,0.000000e+00,0.000000e+00,0.000000e+00,0.000000e+00,0.000000e+00,0.000000e+00,0.000000e+00,0.000000e+00
1.000000e+00,0.000000e+00,0.000000e+00,0.000000e+00,0.000000e+00,0.000000e+00,0.000000e+00,0.000000e+00,0.000000e+00,0.000000e+00,0.000000e+00,0.000000e+00,0.000000e+00,0.000000e+00,0.000000e+00
1.000000e+00,0.000000e+00,0.000000e+00,0.000000e+00,0.000000e+00,0.000000e+00,0.000000e+00,0.000000e+00,0.000000e+00,0.000000e+00,0.000000e+00,0.000000e+00,0.000000e+00,0.000000e+00,0.000000e+00
1.000000e+00,0.000000e+00,0.000000e+00,0.000000e+00,0.000000e+00,0.000000e+00,0.000000e+00,0.000000e+00,0.000000e+00,0.000000e+00,0.000000e+00,0.000000e+00,0.000000e+00,0.000000e+00,0.000000e+00
4.349505e-01,3.773668e-02,2.179584e-02,1.372088e-01,1.488633e-02,4.487834e-02,1.085351e-02,5.223496e-02,1.092989e-02,5.848584e-03,1.753275e-02,4.825732e-02,1.318883e-01,4.003691e-03,2.699449e-02
3.064391e-01,2.924667e-02,1.585001e-02,1.745627e-01,1.235139e-02,3.625301e-02,1.022091e-02,3.895387e-02,1.009288e-02,6.078926e-03,1.740645e-02,4.041597e-02,2.676033e-01,2.864242e-03,3.166058e-02
2.157114e-01,2.169942e-02,1.229046e-02,2.041965e-01,1.031047e-02,3.023269e-02,7.710227e-03,2.878385e-02,9.165832e-03,4.812786e-03,1.393069e-02,3.138073e-02,3.778645e-01,2.037461e-03,2.987291e-02
1.518006e-01,1.553016e-02,8.831898e-03,1.511541e-01,9.814486e-03,2.333063e-02,6.017971e-03,2.083886e-02,7.501192e-03,3.491666e-03,1.063222e-02,2.736495e-02,5.354990e-01,1.441357e-03,2.675089e-02
1.070443e-01,1.103116e-02,6.429436e-03,1.086096e-01,9.741402e-03,1.771197e-02,5.496958e-03,1.519331e-02,5.621568e-03,2.561622e-03,7.722517e-03,2.791405e-02,6.521176e-01,1.014907e-03,2.178953e-02
7.763808e-02,7.809192e-03,4.588767e-03,7.633077e-02,7.299354e-03,1.282088e-02,3.961137e-03,1.073873e-02,4.125617e-03,1.825884e-03,5.721461e-03,2.855023e-02,7.418476e-01,7.139293e-04,1.602828e-02
5.563986e-02,5.581108e-03,3.290861e-03,5.354347e-02,5.873818e-03,9.285195e-03,2.818431e-03,7.653377e-03,3.008154e-03,1.314236e-03,4.267375e-03,2.784073e-02,8.078595e-01,5.065317e-04,1.151732e-02
3.929723e-02,3.969720e-03,2.367734e-03,3.762339e-02,4.693166e-03,6.828920e-03,1.998536e-03,5.502420e-03,2.226786e-03,9.283295e-04,3.212504e-03,2.454511e-02,8.583158e-01,3.683461e-04,8.122054e-03
2.771692e-02,2.799542e-03,1.776433e-03,2.638271e-02,5.874917e-03,6.483713e-03,1.556875e-03,5.262151e-03,1.703591e-03,6.625586e-04,2.744186e-03,3.042584e-02,8.804907e-01,3.215934e-04,5.798331e-03
1.997703e-02,1.977187e-03,1.274463e-03,1.850666e-02,5.946683e-03,5.965734e-03,1.154913e-03,3.898744e-03,1.364139e-03,4.738778e-04,2.179827e-03,3.722690e-02,8.956137e-01,2.514337e-04,4.188741e-03
1.480770e-02,1.407101e-03,1.066832e-03,1.307165e-02,7.293326e-03,5.366554e-03,8.689695e-04,3.442663e-03,1.223043e-03,3.458182e-04,1.680841e-03,3.521229e-02,9.109448e-01,2.040111e-04,3.064451e-03
1.171550e-02,1.036459e-03,8.728382e-04,9.280770e-03,9.191751e-03,4.879015e-03,6.931172e-04,2.844468e-03,1.576734e-03,2.565414e-04,1.354963e-03,4.845506e-02,9.054558e-01,1.725233e-04,2.214415e-03
9.387533e-03,8.469348e-04,6.938223e-04,6.588420e-03,9.117369e-03,4.568699e-03,5.452336e-04,2.164471e-03,2.335486e-03,1.950179e-04,1.162617e-03,5.712340e-02,9.035023e-01,1.559885e-04,1.612606e-03
7.134759e-03,8.799577e-04,6.231042e-04,4.709154e-03,6.995860e-03,7.007794e-03,5.081714e-04,1.601675e-03,3.105739e-03,1.628481e-04,1.340216e-03,8.255059e-02,8.819029e-01,2.531535e-04,1.224105e-03
5.940643e-03,7.140423e-04,4.689543e-04,3.349824e-03,6.964268e-03,6.196633e-03,3.751144e-04,1.202769e-03,2.749975e-03,1.236229e-04,1.269961e-03,9.630353e-02,8.732408e-01,2.111150e-04,8.887631e-04
5.201130e-03,1.056522e-03,6.916894e-04,2.456627e-03,1.072996e-02,5.621925e-03,3.468352e-04,9.446291e-04,4.344062e-03,1.271276e-04,1.289778e-03,1.166870e-01,8.495424e-01,2.635587e-04,6.966806e-04
5.520649e-03,1.102322e-03,7.408992e-04,1.811790e-03,1.283904e-02,6.052480e-03,3.443507e-04,7.621832e-04,4.724395e-03,1.162799e-04,1.325677e-03,1.162667e-01,8.475617e-01,2.961406e-04,5.353810e-04
7.089427e-03,1.019343e-03,9.048032e-04,1.324098e-03,1.942132e-02,5.716892e-03,4.553908e-04,8.591264e-04,3.786510e-03,9.252547e-05,1.023807e-03,1.116131e-01,8.460444e-01,2.453197e-04,4.039353e-04
1.277578e-02,1.455984e-03,1.141998e-03,1.028818e-03,2.529144e-02,7.295545e-03,8.712577e-04,1.160056e-03,4.905826e-03,9.767382e-05,9.067235e-04,1.001895e-01,8.422706e-01,2.776699e-04,3.310821e-04
1.587453e-02,1.912712e-03,1.237633e-03,8.063104e-04,3.230476e-02,6.167867e-03,1.392571e-03,1.234932e-03,7.301209e-03,9.897490e-05,8.282466e-04,1.220865e-01,8.082522e-01,2.375582e-04,2.639698e-04
1.608277e-02,2.604361e-03,1.805988e-03,6.811149e-04,3.046641e-02,5.654376e-03,2.377942e-03,2.235593e-03,8.230764e-03,2.721773e-04,8.071701e-04,1.316214e-01,7.966509e-01,2.665062e-04,2.423848e-04
1.419670e-02,2.242404e-03,1.431579e-03,5.263486e-04,2.402007e-02,4.888115e-03,2.361296e-03,2.055134e-03,7.635213e-03,2.506018e-04,7.239284e-04,1.253098e-01,8.138950e-01,2.617069e-04,2.019993e-04
1.194934e-02,2.231054e-03,1.273433e-03,4.065898e-04,2.017753e-02,4.278280e-03,2.390457e-03,1.768333e-03,8.855943e-03,2.323208e-04,5.961367e-04,1.167483e-01,8.287265e-01,2.054992e-04,1.602195e-04
1.149075e-02,2.003514e-03,1.351384e-03,3.698903e-04,1.692870e-02,3.936497e-03,1.926831e-03,1.562338e-03,8.074242e-03,1.901910e-04,5.131948e-04,9.121021e-02,8.601165e-01,1.849270e-04,1.407586e-04
1.308026e-02,1.716370e-03,1.278298e-03,3.153994e-04,1.731418e-02,3.130332e-03,1.819254e-03,1.460466e-03,6.787798e-03,1.541629e-04,4.050060e-04,7.803365e-02,8.742496e-01,1.425484e-04,1.127320e-04
1.674096e-02,3.695624e-03,2.765912e-03,2.735258e-04,2.909813e-02,2.699711e-03,2.329282e-03,1.498359e-03,1.020475e-02,1.469999e-04,4.041241e-04,6.667978e-02,8.631854e-01,1.509991e-04,1.264889e-04
1.635451e-02,2.796990e-03,2.154199e-03,2.063827e-04,2.363624e-02,2.747296e-03,2.612820e-03,1.542651e-03,7.703928e-03,1.231419e-04,3.226362e-04,7.124043e-02,8.683017e-01,1.438262e-04,1.133101e-04
1.776997e-02,2.392077e-03,1.940803e-03,1.898918e-04,2.431709e-02,3.216203e-03,3.647440e-03,2.240370e-03,6.884080e-03,1.304561e-04,2.872960e-04,7.074086e-02,8.659563e-01,1.907330e-04,9.641991e-05
1.801603e-02,2.129649e-03,1.897840e-03,2.095093e-04,2.332160e-02,4.642556e-03,4.256183e-03,3.631442e-03,6.727258e-03,1.522160e-04,3.337880e-04,6.820998e-02,8.661808e-01,2.024890e-04,8.863305e-05
1.828081e-02,1.942101e-03,1.882583e-03,2.002869e-04,2.168483e-02,4.650513e-03,4.946113e-03,6.406437e-03,6.471556e-03,1.482186e-04,3.140196e-04,1.066520e-01,8.261293e-01,2.154687e-04,7.566469e-05
1.772592e-02,2.235314e-03,2.290014e-03,1.969956e-04,2.448341e-02,3.975740e-03,4.488710e-03,5.976227e-03,7.093895e-03,1.266149e-04,2.841940e-04,8.992859e-02,8.409548e-01,1.710831e-04,6.850108e-05
1.731703e-02,1.732484e-03,2.019081e-03,1.913027e-04,2.358001e-02,4.103172e-03,3.907192e-03,5.323188e-03,5.854137e-03,1.017037e-04,2.588108e-04,7.089973e-02,8.645163e-01,1.349927e-04,6.087249e-05
1.873132e-02,1.494758e-03,3.382641e-03,1.990229e-04,3.453832e-02,3.758874e-03,3.985381e-03,7.118744e-03,5.883009e-03,9.339812e-05,3.076993e-04,5.971182e-02,8.606108e-01,1.227172e-04,6.137825e-05
2.827139e-02,1.569631e-03,1.334550e-02,4.793481e-04,7.556710e-02,3.787766e-03,7.865621e-03,2.772729e-02,1.263680e-02,1.338344e-04,8.821312e-04,4.740791e-02,7.800923e-01,1.103618e-04,1.229992e-04
5.028860e-02,1.323420e-03,2.221446e-02,1.101768e-03,1.003392e-01,1.180612e-02,1.519742e-02,2.241882e-02,1.020958e-02,1.251618e-04,1.093840e-03,3.783754e-02,7.258111e-01,9.406280e-05,1.389390e-04
7.075443e-02,1.365927e-03,2.256143e-02,3.587642e-03,1.104091e-01,1.298449e-02,2.227077e-02,1.678219e-02,8.939677e-03,1.935695e-04,8.909350e-04,2.801918e-02,7.008483e-01,8.600739e-05,3.063939e-04
7.103395e-02,1.489895e-03,2.046506e-02,6.038362e-03,1.142641e-01,1.191555e-02,2.463609e-02,1.344707e-02,7.144535e-03,3.323433e-04,7.611253e-04,2.072059e-02,7.072008e-01,1.706510e-04,3.797979e-04
7.713687e-02,2.021169e-03,2.194514e-02,1.279105e-02,1.247396e-01,1.187804e-02,3.625224e-02,1.741502e-02,6.358878e-03,9.501310e-04,7.801575e-04,1.783284e-02,6.684440e-01,5.681498e-04,8.866847e-04
7.147844e-02,2.328856e-03,1.810519e-02,1.174414e-02,1.293368e-01,1.058881e-02,2.836107e-02,1.361160e-02,7.671204e-03,8.528770e-04,1.029987e-03,1.656582e-02,6.848634e-01,1.686995e-03,1.774767e-03
7.209925e-02,3.078182e-03,1.412444e-02,1.673350e-02,1.426619e-01,1.107704e-02,2.505533e-02,1.280503e-02,1.040870e-02,7.352786e-04,1.465203e-03,1.479116e-02,6.705754e-01,1.431003e-03,2.958630e-03
6.934904e-02,3.659082e-03,1.211333e-02,3.781340e-02,1.568424e-01,1.173171e-02,2.248175e-02,6.975061e-02,1.270727e-02,6.568923e-04,1.650091e-03,1.475205e-02,5.825896e-01,1.198456e-03,2.704388e-03
6.040687e-02,8.636949e-03,9.934667e-03,1.514055e-01,1.130902e-01,1.738533e-02,1.591542e-02,4.991074e-02,1.393432e-02,2.946927e-02,7.502690e-02,2.829262e-02,4.183911e-01,2.580160e-03,5.619980e-03
4.303616e-02,1.192589e-02,7.448810e-03,3.163770e-01,8.106566e-02,1.273960e-02,1.119307e-02,3.527309e-02,1.353157e-02,2.345149e-02,1.018595e-01,4.030837e-02,2.954276e-01,1.903610e-03,4.458607e-03
3.081974e-02,9.344053e-03,5.705700e-03,2.836030e-01,5.770421e-02,9.709520e-03,7.854797e-03,2.490531e-02,1.046126e-02,1.704940e-02,1.505994e-01,1.779584e-01,2.095199e-01,1.484780e-03,3.280569e-03
2.185252e-02,6.797761e-03,4.163417e-03,2.103724e-01,4.073221e-02,7.995552e-03,5.505810e-03,1.746945e-02,7.872017e-03,1.227270e-02,1.563231e-01,3.543987e-01,1.506391e-01,1.218585e-03,2.386689e-03
1.548761e-02,4.834199e-03,2.976424e-03,1.496516e-01,3.007481e-02,7.540394e-03,3.857748e-03,1.224411e-02,6.008707e-03,8.754014e-03,1.316974e-01,5.179188e-01,1.061130e-01,1.098486e-03,1.742673e-03
1.098580e-02,3.471769e-03,2.141929e-03,1.056576e-01,2.471332e-02,5.999226e-03,2.702382e-03,8.580733e-03,4.521650e-03,6.257887e-03,1.306980e-01,6.170087e-01,7.464578e-02,1.308847e-03,1.306475e-03
7.781669e-03,2.496655e-03,1.538464e-03,7.494085e-02,2.052206e-02,5.014353e-03,1.893046e-03,6.018089e-03,3.420493e-03,4.474558e-03,1.453141e-01,6.714038e-01,5.243963e-02,1.770475e-03,9.718433e-04
5.618332e-03,1.819466e-03,1.109691e-03,5.389420e-02,2.856735e-02,5.074409e-03,1.331065e-03,4.228785e-03,2.654510e-03,3.179172e-03,1.786419e-01,6.746033e-01,3.680470e-02,1.681181e-03,7.920053e-04
4.066254e-03,1.338914e-03,7.988842e-04,3.949314e-02,2.942797e-02,4.850068e-03,9.359546e-04,2.972940e-03,2.163717e-03,2.307310e-03,1.455778e-01,7.380408e-01,2.587146e-02,1.422251e-03,7.325931e-04
2.936070e-03,1.150487e-03,5.952171e-04,2.879246e-02,8.982601e-02,4.663972e-03,6.775177e-04,2.114385e-03,1.902723e-03,1.726934e-03,1.067455e-01,7.389909e-01,1.817738e-02,1.106527e-03,5.939192e-04
2.266398e-03,1.227356e-03,5.068723e-04,2.067623e-02,7.760350e-02,4.049655e-03,5.086515e-04,1.553722e-03,1.556846e-03,1.494055e-03,8.161938e-02,7.923129e-01,1.279036e-02,1.092258e-03,7.418941e-04
1.762743e-03,9.844957e-04,3.953030e-04,1.466747e-02,6.014637e-02,3.042893e-03,3.604515e-04,1.132113e-03,1.202093e-03,1.236488e-03,7.527786e-02,8.292257e-01,9.008249e-03,9.266991e-04,6.310930e-04
1.600755e-03,8.944030e-04,3.406287e-04,1.034626e-02,4.556887e-02,2.406938e-03,2.588508e-04,8.439411e-04,1.001423e-03,1.089969e-03,1.030976e-01,8.246223e-01,6.362971e-03,9.528489e-04,6.122338e-04
1.563638e-03,1.080947e-03,4.050596e-04,7.451938e-03,3.917720e-02,2.024761e-03,2.100091e-04,7.961393e-04,1.046299e-03,1.110205e-03,9.590767e-02,8.430983e-01,4.571546e-03,9.027472e-04,6.535386e-04
2.574905e-03,1.239936e-03,6.718341e-04,5.571880e-03,3.039682e-02,2.277645e-03,4.938944e-04,1.939010e-03,1.132241e-03,1.062063e-03,7.699027e-02,8.706734e-01,3.396276e-03,9.062419e-04,6.735294e-04
2.612361e-03,1.472180e-03,1.759041e-03,4.022289e-03,2.204519e-02,2.609146e-03,4.254409e-04,2.075004e-03,1.058301e-03,1.201079e-03,8.596863e-02,8.706309e-01,2.460664e-03,1.008264e-03,6.515246e-04
5.332758e-03,1.346246e-03,1.897888e-03,2.971437e-03,1.573368e-02,2.792427e-03,3.481297e-04,1.983388e-03,9.454203e-04,1.097672e-03,8.329868e-02,8.786579e-01,1.809887e-03,1.160872e-03,6.235603e-04
1.019559e-02,1.495931e-03,1.795577e-03,2.287539e-03,1.171538e-02,2.657744e-03,3.170180e-04,1.784716e-03,8.422610e-04,1.145996e-03,7.183581e-02,8.904698e-01,1.403783e-03,1.433878e-03,6.190157e-04
1.719385e-02,1.717355e-03,1.707762e-03,2.019504e-03,9.137821e-03,3.579412e-03,4.585603e-04,1.665031e-03,7.359502e-04,1.031077e-03,6.225147e-02,8.952645e-01,1.180075e-03,1.499645e-03,5.580632e-04
1.489755e-02,1.702775e-03,1.411529e-03,1.473404e-03,7.245325e-03,3.296027e-03,5.874933e-04,1.331024e-03,6.023786e-04,9.189031e-04,5.620579e-02,9.074155e-01,9.864590e-04,1.483816e-03,4.420551e-04
1.206633e-02,2.549479e-03,1.613948e-03,1.071100e-03,9.112597e-03,2.895673e-03,5.832746e-04,1.053960e-03,6.026360e-04,1.063022e-03,5.779454e-02,9.061476e-01,8.074477e-04,2.189338e-03,4.491519e-04
9.073799e-03,6.532595e-03,7.140818e-03,8.186360e-04,1.683522e-02,2.369037e-03,5.410276e-04,1.031880e-03,7.928609e-04,1.078379e-03,1.133826e-01,8.366256e-01,6.126793e-04,2.466897e-03,6.980271e-04
8.511735e-03,5.580062e-03,6.715308e-03,6.297310e-04,1.478327e-02,2.158136e-03,5.090886e-04,1.300280e-03,1.545596e-03,2.099969e-03,1.858601e-01,7.659960e-01,5.407863e-04,2.991357e-03,7.786059e-04
6.146241e-03,6.036802e-03,1.083170e-02,4.786723e-04,1.498763e-02,1.599668e-03,3.842617e-04,1.093761e-03,3.269539e-03,1.892576e-03,2.905079e-01,6.583360e-01,4.254988e-04,3.016833e-03,9.928793e-04
4.512053e-03,4.701144e-03,1.753404e-02,4.897401e-04,1.188972e-02,1.307194e-03,2.950606e-04,1.369632e-03,6.902146e-03,1.980024e-03,4.285854e-01,5.147415e-01,3.554475e-04,4.232296e-03,1.104631e-03
3.920020e-03,3.677327e-03,2.383267e-02,6.468402e-04,2.081554e-02,1.451491e-03,5.008786e-04,4.231447e-03,1.131963e-02,3.237391e-03,5.514500e-01,3.675084e-01,3.219287e-04,6.016595e-03,1.069841e-03
5.049233e-03,3.381624e-03,8.416793e-02,1.695357e-03,2.035636e-02,3.011639e-03,6.786175e-04,1.457930e-02,1.499068e-02,3.839774e-03,5.665235e-01,2.732058e-01,5.153675e-04,6.917591e-03,1.087228e-03
8.131903e-03,4.294219e-03,8.904082e-02,2.070837e-03,4.140480e-02,2.493137e-03,9.419749e-04,1.786401e-02,2.587820e-02,3.458906e-03,5.999743e-01,1.951013e-01,4.910605e-04,7.872477e-03,9.820099e-04
1.060844e-02,6.528696e-03,8.703215e-02,3.305813e-03,7.075816e-02,3.851793e-03,4.470271e-03,7.061636e-02,8.113953e-02,3.454201e-03,5.080069e-01,1.410307e-01,6.609337e-04,7.552397e-03,9.836897e-04
2.558176e-02,1.551862e-02,8.286060e-02,5.458808e-03,8.152528e-02,5.431588e-03,3.580962e-03,9.164518e-02,1.725804e-01,4.698551e-03,3.971609e-01,1.037722e-01,8.992940e-04,7.379729e-03,1.906146e-03
3.228097e-02,1.899079e-02,7.618204e-02,2.640737e-02,1.010382e-01,6.630540e-03,2.745917e-03,9.819965e-02,2.498236e-01,1.246265e-02,2.821968e-01,7.579552e-02,1.440819e-03,5.453621e-03,1.035151e-02
3.513309e-02,2.118155e-02,7.105404e-02,2.406858e-02,1.660792e-01,6.029926e-03,2.907150e-03,8.991352e-02,2.969006e-01,1.104296e-02,2.055496e-01,5.563691e-02,1.305160e-03,4.240016e-03,8.957715e-03
4.750672e-02,2.885341e-02,7.693984e-02,2.220513e-02,2.122411e-01,6.461767e-03,3.530927e-03,8.258571e-02,2.842891e-01,1.059184e-02,1.639143e-01,4.150987e-02,1.324553e-03,7.990793e-03,1.005492e-02
5.503615e-02,3.349122e-02,7.403754e-02,3.977274e-02,2.293452e-01,6.136490e-03,3.440778e-03,1.071866e-01,2.636982e-01,9.026888e-03,1.261421e-01,3.195006e-02,1.436980e-03,9.247596e-03,1.005154e-02
5.542061e-02,3.046215e-02,1.978435e-01,8.792448e-02,1.835877e-01,5.593617e-03,2.762586e-03,1.097340e-01,1.896682e-01,6.886276e-03,8.950807e-02,2.464960e-02,1.330720e-03,6.831359e-03,7.797043e-03
1.174507e-01,4.924401e-02,1.805960e-01,8.417702e-02,1.865761e-01,8.836579e-03,2.347307e-03,1.172562e-01,1.422077e-01,5.378626e-03,6.890447e-02,2.212860e-02,1.804064e-03,6.433966e-03,6.658717e-03
1.624508e-01,7.725053e-02,1.696601e-01,8.541461e-02,1.789956e-01,1.589035e-02,1.865102e-03,9.792672e-02,1.094161e-01,6.340525e-03,5.708784e-02,2.024692e-02,2.183385e-03,8.393367e-03,6.878088e-03
1.509860e-01,9.887683e-02,1.292930e-01,1.333181e-01,2.222080e-01,1.793757e-02,1.497058e-03,7.489406e-02,8.041039e-02,5.300578e-03,4.728657e-02,1.867031e-02,3.900824e-03,8.330669e-03,7.089974e-03
1.494260e-01,1.168416e-01,9.806416e-02,1.863247e-01,2.340754e-01,1.878758e-02,1.209293e-03,5.606959e-02,6.057645e-02,4.771142e-03,3.793038e-02,1.611617e-02,4.271261e-03,8.350777e-03,7.185505e-03
1.765960e-01,1.148079e-01,7.938539e-02,2.582969e-01,1.844621e-01,2.763652e-02,1.147232e-03,4.182208e-02,4.793427e-02,4.695704e-03,2.926325e-02,1.283447e-02,3.965896e-03,8.801093e-03,8.351145e-03
2.268728e-01,1.034116e-01,7.182863e-02,2.384580e-01,1.382852e-01,3.382626e-02,1.330064e-03,3.354347e-02,4.196930e-02,1.243327e-02,2.489300e-02,1.142666e-02,4.485835e-03,1.168962e-02,4.554624e-02
2.200497e-01,8.239880e-02,5.323893e-02,1.836309e-01,9.951340e-02,2.585196e-02,1.608332e-03,2.757034e-02,6.916080e-02,3.848279e-02,2.373911e-02,1.159427e-02,7.060005e-03,1.470378e-02,1.413970e-01
3.145508e-01,6.352113e-02,4.093626e-02,1.426169e-01,7.284018e-02,2.226071e-02,1.624009e-03,2.149002e-02,6.199889e-02,3.479657e-02,2.625690e-02,1.619204e-02,9.032488e-03,2.177780e-02,1.501053e-01
2.713547e-01,7.351694e-02,3.270647e-02,2.041721e-01,5.748136e-02,1.797919e-02,1.793707e-03,1.937608e-02,8.387956e-02,2.703726e-02,2.382507e-02,1.442389e-02,9.095599e-03,2.006007e-02,1.432980e-01
3.081539e-01,6.380516e-02,3.226328e-02,1.830690e-01,4.401139e-02,1.695939e-02,2.097096e-03,1.555958e-02,8.366895e-02,2.278687e-02,2.979593e-02,1.543103e-02,1.144294e-02,1.880103e-02,1.521544e-01
3.058433e-01,5.736561e-02,5.625724e-02,2.012460e-01,3.246822e-02,1.755093e-02,2.295613e-03,1.487028e-02,7.470068e-02,1.853500e-02,2.835743e-02,1.649234e-02,1.228190e-02,1.573982e-02,1.459956e-01
3.610637e-01,4.457996e-02,4.625620e-02,1.583303e-01,2.494850e-02,1.650869e-02,2.282494e-03,1.247194e-02,1.066265e-01,1.501331e-02,2.995011e-02,1.791489e-02,1.690831e-02,1.439463e-02,1.327505e-01
3.668913e-01,3.589576e-02,4.707837e-02,1.486876e-01,1.938605e-02,1.667840e-02,2.871275e-03,1.948423e-02,1.549001e-01,1.136306e-02,2.527566e-02,1.817468e-02,1.666506e-02,1.116004e-02,1.054883e-01
3.489721e-01,2.883642e-02,3.571072e-02,1.161802e-01,1.446978e-02,1.470602e-02,2.332807e-03,1.515079e-02,2.165079e-01,9.222449e-03,2.324074e-02,1.508035e-02,1.556569e-02,1.439516e-02,1.296288e-01
3.140474e-01,2.195992e-02,2.555140e-02,8.267827e-02,1.037528e-02,1.354957e-02,1.894366e-03,1.121795e-02,2.820262e-01,7.769960e-03,1.765200e-02,1.168563e-02,1.359810e-02,1.424397e-02,1.717500e-01
2.708806e-01,1.661894e-02,2.470392e-02,6.205513e-02,7.921360e-03,1.106620e-02,1.700100e-03,9.474659e-03,3.841002e-01,8.225018e-03,1.487243e-02,1.031878e-02,1.480422e-02,1.398313e-02,1.492754e-01
2.423581e-01,1.431169e-02,2.021829e-02,4.741794e-02,6.475509e-03,9.199544e-03,1.354606e-03,7.012352e-03,4.313046e-01,1.638644e-02,1.188591e-02,7.908420e-03,1.290025e-02,1.923040e-02,1.520360e-01
1.781651e-01,1.155324e-02,2.093405e-02,3.562264e-02,4.763172e-03,6.675047e-03,1.002045e-03,5.210178e-03,5.598252e-01,1.507509e-02,9.149527e-03,5.886663e-03,9.582206e-03,1.621619e-02,1.203396e-01
1.267575e-01,8.362808e-03,1.473944e-02,2.503993e-02,3.349937e-03,4.819574e-03,7.187640e-04,3.693866e-03,6.658961e-01,1.211969e-02,7.023009e-03,4.873033e-03,1.237967e-02,1.175004e-02,9.847661e-02
1.198566e-01,7.158484e-03,1.045407e-02,1.777873e-02,2.627051e-03,3.906811e-03,6.022168e-04,3.158978e-03,5.918145e-01,9.484265e-03,8.448960e-03,4.424414e-03,2.190453e-02,1.050638e-02,1.878740e-01
8.921801e-02,5.475695e-03,7.373542e-03,1.261603e-02,2.042754e-03,2.898110e-03,4.395138e-04,2.398079e-03,4.962071e-01,7.033589e-03,6.876698e-03,3.390285e-03,1.873792e-02,9.411313e-03,3.358814e-01
6.263041e-02,3.875778e-03,5.231418e-03,8.881872e-03,1.556249e-03,2.048982e-03,3.455234e-04,1.923299e-03,3.751477e-01,5.186115e-03,6.130238e-03,2.774237e-03,2.279221e-02,7.040316e-03,4.944356e-01
4.505267e-02,1.128048e-02,6.543463e-03,7.253903e-03,3.555485e-03,1.683576e-03,3.238749e-04,1.582728e-03,2.737771e-01,3.719448e-03,5.852168e-03,2.214292e-03,1.929946e-02,5.267914e-03,6.125935e-01
3.205355e-02,1.135830e-02,8.421977e-03,7.875470e-03,6.075643e-03,1.251544e-03,2.627329e-04,1.720074e-03,3.477193e-01,2.644686e-03,4.236107e-03,1.624806e-03,1.412501e-02,3.922916e-03,5.567079e-01
2.374274e-02,1.716092e-02,4.164881e-02,1.163360e-02,5.732460e-03,1.065099e-03,2.268390e-04,3.298714e-03,3.310957e-01,2.394054e-03,3.330729e-03,1.315931e-03,1.090967e-02,2.905015e-03,5.435396e-01
1.907379e-02,4.743148e-02,8.252497e-02,2.518884e-02,2.281985e-02,1.706985e-03,3.091144e-04,1.149772e-02,3.185366e-01,3.067447e-03,2.569475e-03,9.869983e-04,8.953485e-03,2.090078e-03,4.532431e-01
1.929617e-02,1.079646e-01,7.179859e-02,2.449173e-02,5.993531e-02,2.670997e-03,3.204842e-04,1.895710e-02,3.110812e-01,2.981795e-03,2.091423e-03,7.235615e-04,7.701230e-03,1.490031e-03,3.684958e-01
1.739439e-02,7.952277e-02,5.203037e-02,1.806454e-02,2.332910e-01,3.404510e-03,2.543949e-02,4.926679e-02,2.367623e-01,2.220684e-03,1.566886e-03,5.139291e-04,5.829737e-03,1.073128e-03,2.736195e-01
1.792787e-02,5.773371e-02,3.878287e-02,1.317496e-02,4.069911e-01,3.406884e-03,2.244874e-02,6.039753e-02,1.748507e-01,1.641723e-03,1.311157e-03,3.860148e-04,4.796096e-03,8.114353e-04,1.953392e-01
1.507900e-02,4.481455e-02,3.239989e-02,1.286842e-02,3.108135e-01,5.894801e-03,1.737486e-02,8.332478e-02,2.521247e-01,2.915362e-03,2.760294e-02,7.721857e-04,1.331050e-02,7.187958e-03,1.735166e-01
1.201821e-02,3.332353e-02,2.298224e-02,1.114126e-02,2.708472e-01,7.643224e-03,1.300166e-02,6.948981e-02,2.981599e-01,3.271803e-03,3.309738e-02,1.964235e-03,1.605902e-02,1.589759e-02,1.911030e-01
9.409444e-03,2.391912e-02,1.620302e-02,9.033658e-03,1.979904e-01,6.250646e-03,9.280199e-03,5.243756e-02,3.222014e-01,4.251797e-03,4.557916e-02,3.458595e-03,1.788935e-02,2.190122e-02,2.601945e-01
8.890750e-03,1.766038e-02,1.144475e-02,7.522453e-03,1.420081e-01,7.013746e-03,6.690352e-03,3.697174e-02,3.014529e-01,5.430162e-03,7.010926e-02,4.803787e-03,2.008169e-02,8.308662e-02,2.768333e-01
7.152218e-03,1.423610e-02,8.208083e-03,6.035777e-03,1.086765e-01,8.148180e-03,5.041352e-03,2.623793e-02,2.839905e-01,4.248798e-03,8.338373e-02,8.083050e-03,5.692646e-02,1.416136e-01,2.380177e-01
6.165420e-03,1.247797e-02,6.111605e-03,4.614866e-03,7.717965e-02,6.552694e-03,3.721891e-03,1.844591e-02,2.551329e-01,4.049421e-03,8.661220e-02,7.926842e-03,4.794721e-02,2.567132e-01,2.063482e-01
6.037125e-03,1.207748e-02,4.446051e-03,4.346287e-03,5.434633e-02,6.686241e-03,2.642730e-03,1.298077e-02,2.309557e-01,3.996421e-03,1.254356e-01,5.874387e-03,3.474401e-02,3.366322e-01,1.587987e-01
5.365123e-03,1.740289e-02,3.355712e-03,3.755749e-03,3.842371e-02,1.340504e-02,1.892907e-03,9.151271e-03,2.432223e-01,4.449352e-03,1.405756e-01,4.445678e-03,2.538892e-02,3.643222e-01,1.248436e-01
4.165712e-03,2.542683e-02,4.693949e-03,4.352039e-03,2.932877e-02,2.349640e-02,1.509748e-03,6.840925e-03,3.115833e-01,5.569027e-03,1.104710e-01,3.785448e-03,1.963691e-02,3.598326e-01,8.930735e-02
3.726284e-03,2.516448e-02,4.855874e-03,3.908464e-03,2.279818e-02,1.980502e-02,1.140506e-03,5.110661e-03,3.255170e-01,5.326733e-03,9.171461e-02,2.920464e-03,1.409596e-02,4.095612e-01,6.435462e-02
9.567725e-03,2.090723e-02,5.140995e-03,3.662480e-03,1.856150e-02,1.662648e-02,9.046185e-04,3.865741e-03,3.182976e-01,5.801023e-03,1.257232e-01,3.535252e-03,1.235146e-02,4.074833e-01,4.757150e-02
8.577530e-03,1.561366e-02,4.902821e-03,3.682132e-03,1.325956e-02,1.256561e-02,6.602256e-04,2.747960e-03,3.255969e-01,7.459347e-03,1.426777e-01,3.461760e-03,1.050348e-02,4.140889e-01,3.420252e-02
7.826752e-03,1.183048e-02,3.794032e-03,3.537382e-03,9.631108e-03,1.004924e-02,4.987997e-04,2.012704e-03,2.946916e-01,9.731350e-03,1.551173e-01,4.342499e-03,1.127395e-02,4.501381e-01,2.552472e-02
9.237529e-03,1.549173e-02,7.355358e-03,5.860345e-03,8.683864e-03,2.155904e-02,7.909311e-04,2.840883e-03,2.664042e-01,1.896208e-02,1.893124e-01,4.929827e-03,1.430800e-02,4.134061e-01,2.085770e-02
1.055132e-02,3.295381e-02,1.482107e-02,1.119096e-02,1.000194e-02,5.706346e-02,1.365947e-03,3.992433e-03,2.670259e-01,2.558789e-02,1.710788e-01,3.840517e-03,1.199696e-02,3.608236e-01,1.770531e-02
1.312857e-02,1.105110e-01,2.273984e-02,2.757242e-02,9.656895e-03,6.939121e-02,1.076930e-03,3.122148e-03,2.522266e-01,2.466297e-02,1.272784e-01,3.771119e-03,9.382539e-03,2.858245e-01,3.965485e-02
2.842062e-02,1.548527e-01,2.282735e-02,3.440253e-02,7.663419e-03,5.667746e-02,9.695578e-04,3.144890e-03,3.058408e-01,2.151579e-02,9.648535e-02,3.557536e-03,7.431366e-03,2.196437e-01,3.656694e-02
3.843285e-02,1.864690e-01,1.936940e-02,3.699166e-02,6.629589e-03,4.650723e-02,7.984344e-04,3.317174e-03,3.325171e-01,1.874702e-02,7.687564e-02,3.423959e-03,6.081705e-03,1.892823e-01,3.455707e-02
2.937060e-02,1.661584e-01,1.724026e-02,6.580666e-02,6.307701e-03,3.554118e-02,6.912639e-04,2.555369e-03,3.844665e-01,1.781625e-02,8.408239e-02,4.572296e-03,9.466265e-03,1.408768e-01,3.504800e-02
2.733599e-02,1.589733e-01,1.498534e-02,5.749210e-02,1.153588e-02,4.467611e-02,8.003476e-04,4.867096e-03,4.232017e-01,1.668296e-02,7.226759e-02,4.122672e-03,8.476734e-03,1.248539e-01,2.972832e-02
3.862651e-02,1.785632e-01,1.253580e-02,6.527984e-02,1.185999e-02,3.594323e-02,7.193211e-04,4.135673e-03,4.196449e-01,1.603597e-02,5.938082e-02,5.227969e-03,7.988368e-03,1.082020e-01,3.585644e-02
3.568994e-02,1.701876e-01,1.485014e-02,9.589263e-02,9.227702e-03,2.717463e-02,5.966756e-04,3.753562e-03,3.796948e-01,1.516569e-02,5.634551e-02,5.478605e-03,1.088808e-02,8.744621e-02,8.760825e-02
8.632931e-02,1.879782e-01,1.875738e-02,8.002662e-02,9.800971e-03,2.517088e-02,8.668764e-04,7.537527e-03,3.024030e-01,1.370973e-02,5.653328e-02,6.715603e-03,1.054711e-02,1.058640e-01,8.775963e-02
1.088110e-01,1.600973e-01,1.777460e-02,6.357069e-02,2.194539e-02,3.040323e-02,9.130357e-04,1.305821e-02,2.589169e-01,1.272121e-02,4.946163e-02,6.724601e-03,9.968598e-03,1.562469e-01,8.938672e-02
1.507940e-01,1.384814e-01,2.709205e-02,7.750831e-02,4.174562e-02,2.830446e-02,2.112768e-03,1.797786e-02,2.146503e-01,1.015774e-02,4.539555e-02,6.792085e-03,1.075459e-02,1.448866e-01,8.334670e-02
2.087902e-01,1.314713e-01,2.800588e-02,6.184822e-02,3.573189e-02,2.715701e-02,2.027657e-03,1.653766e-02,1.799248e-01,8.849338e-03,3.983314e-02,8.144134e-03,1.121484e-02,1.394400e-01,1.010240e-01
2.698714e-01,1.230381e-01,2.855057e-02,5.451427e-02,3.357315e-02,2.940085e-02,2.823260e-03,1.706604e-02,1.508555e-01,7.372359e-03,3.272191e-02,8.482418e-03,1.047995e-02,1.427672e-01,8.848293e-02
2.947816e-01,1.084543e-01,2.577093e-02,4.368177e-02,4.593235e-02,3.068447e-02,2.449243e-03,1.629210e-02,1.580801e-01,5.609367e-03,2.920412e-02,8.375845e-03,9.228193e-03,1.521252e-01,6.933048e-02
3.340451e-01,9.061745e-02,2.096187e-02,3.741689e-02,4.555896e-02,3.391787e-02,2.864374e-03,1.516135e-02,1.834670e-01,4.784923e-03,2.702869e-02,1.318860e-02,8.763023e-03,1.278993e-01,5.432477e-02
3.690410e-01,8.830485e-02,1.672737e-02,3.097966e-02,4.666344e-02,3.338065e-02,2.904193e-03,1.279286e-02,1.905601e-01,4.519464e-03,2.413883e-02,1.752485e-02,8.608595e-03,1.073695e-01,4.648473e-02
4.188334e-01,7.494017e-02,1.365002e-02,2.542200e-02,4.411523e-02,3.270503e-02,2.616473e-03,1.127751e-02,1.783527e-01,5.671621e-03,2.080777e-02,1.761394e-02,7.918647e-03,9.348734e-02,5.258825e-02
4.793937e-01,6.140863e-02,1.216275e-02,2.379402e-02,3.752802e-02,2.876452e-02,2.563904e-03,1.066352e-02,1.466481e-01,7.487828e-03,1.883144e-02,1.997340e-02,7.415792e-03,7.979603e-02,6.356841e-02
4.574007e-01,5.162491e-02,1.093221e-02,2.015491e-02,2.773108e-02,2.699714e-02,2.578366e-03,9.255124e-03,1.239425e-01,1.188944e-02,1.657040e-02,1.848805e-02,6.749954e-03,9.761018e-02,1.180752e-01
3.854455e-01,8.695841e-02,2.586061e-02,5.519990e-02,2.380418e-02,2.330317e-02,2.518124e-03,9.508840e-03,1.046774e-01,1.198581e-02,1.821916e-02,1.818864e-02,7.850572e-03,8.355839e-02,1.429213e-01
4.360376e-01,7.229404e-02,4.595906e-02,5.538924e-02,1.939767e-02,2.071621e-02,2.708383e-03,8.866239e-03,8.016066e-02,9.911857e-03,1.997497e-02,1.895164e-02,9.289322e-03,7.281028e-02,1.275328e-01
4.985004e-01,5.697257e-02,4.096417e-02,4.174159e-02,1.571611e-02,1.988838e-02,2.437668e-03,8.361075e-03,7.063369e-02,8.412613e-03,1.874609e-02,1.676195e-02,8.402696e-03,8.108865e-02,1.113724e-01
3.766854e-01,4.137891e-02,3.091761e-02,2.962215e-02,1.111849e-02,1.678731e-02,1.785362e-03,6.171933e-03,5.444440e-02,8.858376e-03,1.722192e-02,1.310769e-02,7.289958e-03,1.270446e-01,2.575658e-01
2.886644e-01,2.973828e-02,2.212166e-02,2.113830e-02,7.990585e-03,1.423933e-02,1.453693e-03,4.622351e-03,4.429800e-02,7.126261e-03,2.192473e-02,1.049422e-02,5.639626e-03,1.333668e-01,3.871818e-01
2.138520e-01,2.208504e-02,1.702731e-02,1.589130e-02,6.019568e-03,1.131484e-02,1.144892e-03,3.914691e-03,3.621694e-02,5.755651e-03,7.505832e-02,1.272000e-02,5.419131e-03,1.438972e-01,4.296831e-01
1.628986e-01,1.627104e-02,1.214335e-02,1.149803e-02,4.360257e-03,9.578309e-03,9.037954e-04,2.994574e-03,2.776529e-02,4.310507e-03,1.123527e-01,1.641133e-02,4.881455e-03,1.801365e-01,4.334943e-01
