1.000000e+00,0.000000e+00,0.000000e+00,0.000000e+00,0.000000e+00,0.000000e+00,0.000000e+00,0.000000e+00,0.000000e+00,0.000000e+00,0.000000e+00,0.000000e+00,0.000000e+00,0.000000e+00,0.000000e+00
1.000000e+00,0.000000e+00,0.000000e+00,0.000000e+00,0.000000e+00,0.000000e+00,0.000000e+00,0.000000e+00,0.000000e+00,0.000000e+00,0.000000e+00,0.000000e+00,0.000000e+00,0.000000e+00,0.000000e+00
1.000000e+00,0.000000e+00,0.000000e+00,0.000000e+00,0.000000e+00,0.000000e+00,0.000000e+00,0.000000e+00,0.000000e+00,0.000000e+00,0.000000e+00,0.000000e+00,0.000000e+00,0.000000e+00,0.000000e+00
1.000000e+00,0.000000e+00,0.000000e+00,0.000000e+00,0.000000e+00,0.000000e+00,0.000000e+00,0.000000e+00,0.000000e+00,0.000000e+00,0.000000e+00,0.000000e+00,0.000000e+00,0.000000e+00,0.000000e+00
1.000000e+00,0.000000e+00,0.000000e+00,0.000000e+00,0.000000e+00,0.000000e+00,0.000000e+00,0.000000e+00,0.000000e+00,0.000000e+00,0.000000e+00,0.000000e+00,0.000000e+00,0.000000e+00,0.000000e+00
1.000000e+00,0.000000e+00,0.000000e+00,0.000000e+00,0.000000e+00,0.000000e+00,0.000000e+00,0.000000e+00,0.000000e+00,0.000000e+00,0.000000e+00,0.000000e+00,0.000000e+00,0.000000e+00,0.000000e+00
1.000000e+00,0.000000e+00,0.000000e+00,0.000000e+00,0.000000e+00,0.000000e+00,0.000000e+00,0.000000e+00,0.000000e+00,0.000000e+00,0.000000e+00,0.000000e+00,0.000000e+00,0.000000e+00,0.000000e+00
1.000000e+00,0.000000e+00,0.000000e+00,0.000000e+00,0.000000e+00,0.000000e+00,0.000000e+00,0.000000e+00,0.000000e+00,0.000000e+00,0.000000e+00,0.000000e+00,0.000000e+00,0.000000e+00,0.000000e+00
1.000000e+00,0.000000e+00,0.000000e+00,0.000000e+00,0.000000e+00,0.000000e+00,0.000000e+00,0.000000e+00,0.000000e+00,0.000000e+00,0.000000e+00,0.000000e+00,0.000000e+00,0.000000e+00,0.000000e+00
1.000000e+00,0.000000e+00,0.000000e+00,0.000000e+00,0.000000e+00,0.000000e+00,0.000000e+00,0.000000e+00,0.000000e+00,0.000000e+00,0.000000e+00,0.000000e+00,0.000000e+00,0.000000e+00,0.000000e+00
1.000000e+00,0.000000e+00,0.000000e+00,0.000000e+00,0.000000e+00,0.000000e+00,0.000000e+00,0.000000e+00,0.000000e+00,0.000000e+00,0.000000e+00,0.000000e+00,0.000000e+00,0.000000e+00,0.000000e+00
1.000000e+00,0.000000e+00,0.000000e+00,0.000000e+00,0.000000e+00,0.000000e+00,0.000000e+00,0.000000e+00,0.000000e+00,0.000000e+00,0.000000e+00,0.000000e+00,0.000000e+00,0.000000e+00,0.000000e+00
1.000000e+00,0.000000e+00,0.000000e+00,0.000000e+00,0.000000e+00,0.000000e+00,0.000000e+00,0.000000e+00,0.000000e+00,0.000000e+00,0.000000e+00,0.000000e+00,0.000000e+00,0.000000e+00,0.000000e+00
1.000000e+00,0.000000e+00,0.000000e+00,0.000000e+00,0.000000e+00,0.000000e+00,0.000000e+00,0.000000e+00,0.000000e+00,0.000000e+00,0.000000e+00,0.000000e+00,0.000000e+00,0.000000e+00,0.000000e+00
1.000000e+00,0.000000e+00,0.000000e+00,0.000000e+00,0.000000e+00,0.000000e+00,0.000000e+00,0.000000e+00,0.000000e+00,0.000000e+00,0.000000e+00,0.000000e+00,0.000000e+00,0.000000e+00,0.000000e+00
1.000000e+00,0.000000e+00,0.000000e+00,0.000000e+00,0.000000e+00,0.000000e+00,0.000000e+00,0.000000e+00,0.000000e+00,0.000000e+00,0.000000e+00,0.000000e+00,0.000000e+00,0.000000e+00,0.000000e+00
1.000000e+00,0.000000e+00,0.000000e+00,0.000000e+00,0.000000e+00,0.000000e+00,0.000000e+00,0.000000e+00,0.000000e+00,0.000000e+00,0.000000e+00,0.000000e+00,0.000000e+00,0.000000e+00,0.000000e+00
1.000000e+00,0.000000e+00,0.000000e+00,0.000000e+00,0.000000e+00,0.000000e+00,0.000000e+00,0.000000e+00,0.000000e+00,0.000000e+00,0.000000e+00,0.000000e+00,0.000000e+00,0.000000e+00,0.000000e+00
1.000000e+00,0.000000e+00,0.000000e+00,0.000000e+00,0.000000e+00,0.000000e+00,0.000000e+00,0.000000e+00,0.000000e+00,0.000000e+00,0.000000e+00,0.000000e+00,0.000000e+00,0.000000e+00,0.000000e+00
1.000000e+00,0.000000e+00,0.000000e+00,0.000000e+00,0.000000e+00,0.000000e+00,0.000000e+00,0.000000e+00,0.000000e+00,0.000000e+00,0.000000e+00,0.000000e+00,0.000000e+00,0.000000e+00,0.000000e+00
1.000000e+00,0.000000e+00,0.000000e+00,0.000000e+00,0.000000e+00,0.000000e+00,0.000000e+00,0.000000e+00,0.000000e+00,0.000000e+00,0.000000e+00,0.000000e+00,0.000000e+00,0.000000e+00,0.000000e+00
1.000000e+00,0.000000e+00,0.000000e+00,0.000000e+00,0.000000e+00,0.000000e+00,0.000000e+00,0.000000e+00,0.000000e+00,0.000000e+00,0.000000e+00,0.000000e+00,0.000000e+00,0.000000e+00,0.000000e+00
1.000000e+00,0.000000e+00,0.000000e+00,0.000000e+00,0.000000e+00,0.000000e+00,0.000000e+00,0.000000e+00,0.000000e+00,0.000000e+00,0.000000e+00,0.000000e+00,0.000000e+00,0.000000e+00,0.000000e+00
1.000000e+00,0.000000e+00,0.000000e+00,0.000000e+00,0.000000e+00,0.000000e+00,0.000000e+00,0.000000e+00,0.000000e+00,0.000000e+00,0.000000e+00,0.000000e+00,0.000000e+00,0.000000e+00,0.000000e+00
1.000000e+00,0.000000e+00,0.000000e+00,0.000000e+00,0.000000e+00,0.000000e+00,0.000000e+00,0.000000e+00,0.000000e+00,0.000000e+00,0.000000e+00,0.000000e+00,0.000000e+00,0.000000e+00,0.000000e+00
1.000000e+00,0.000000e+00,0.000000e+00,0.000000e+00,0.000000e+00,0.000000e+00,0.000000e+00,0.000000e+00,0.000000e+00,0.000000e+00,0.000000e+00,0.000000e+00,0.000000e+00,0.000000e+00,0.000000e+00
1.000000e+00,0.000000e+00,0.000000e+00,0.000000e+00,0.000000e+00,0.000000e+00,0.000000e+00,0.000000e+00,0.000000e+00,0.000000e+00,0.000000e+00,0.000000e+00,0.000000e+00,0.000000e+00,0.000000e+00
1.000000e+00,0.000000e+00,0.000000e+00,0.000000e+00,0.000000e+00,0.000000e+00,0.000000e+00,0.000000e+00,0.000000e+00,0.000000e+00,0.000000e+00,0.000000e+00,0.000000e+00,0.000000e+00,0.000000e+00
1.000000e+00,0.000000e+00,0.000000e+00,0.000000e+00,0.000000e+00,0.000000e+00,0.000000e+00,0.000000e+00,0.000000e+00,0.000000e+00,0.000000e+00,0.000000e+00,0.000000e+00,0.000000e+00,0.000000e+00
1.000000e+00,0.000000e+00,0.000000e+00,0.000000e+00,0.000000e+00,0.000000e+00,0.000000e+00,0.000000e+00,0.000000e+00,0.000000e+00,0.000000e+00,0.000000e+00,0.000000e+00,0.000000e+00,0.000000e+00
4.152235e-01,6.384711e-02,4.140506e-02,1.998652e-01,1.246305e-02,1.998549e-02,5.663710e-03,2.584415e-02,2.367302e-02,4.954799e-03,4.594610e-02,7.251207e-02,1.600006e-02,9.322749e-03,4.329392e-02
4.206974e-01,6.669477e-02,3.593745e-02,1.918453e-01,1.395656e-02,1.832726e-02,5.454559e-03,2.180139e-02,3.189158e-02,5.190050e-03,4.915135e-02,6.586231e-02,1.616363e-02,1.053801e-02,4.648829e-02
4.847858e-01,6.213912e-02,2.883951e-02,1.591628e-01,1.484760e-02,1.822151e-02,5.162247e-03,1.800002e-02,2.809275e-02,5.356879e-03,4.647828e-02,5.607901e-02,1.561894e-02,1.123217e-02,4.598333e-02
4.691728e-01,6.578984e-02,2.341001e-02,1.542266e-01,1.645373e-02,1.774049e-02,5.142191e-03,1.510171e-02,3.307958e-02,9.613002e-03,4.045822e-02,4.633946e-02,1.487023e-02,1.170584e-02,7.689623e-02
3.412119e-01,1.034752e-01,2.179868e-02,3.029528e-01,1.407039e-02,1.325706e-02,4.277282e-03,1.142473e-02,2.887709e-02,8.009021e-03,2.947121e-02,3.321813e-02,1.082398e-02,8.458801e-03,6.867377e-02
2.833576e-01,1.032993e-01,2.651270e-02,3.594865e-01,1.311086e-02,1.257678e-02,3.960056e-03,8.847821e-03,2.927118e-02,9.602799e-03,2.603875e-02,2.645584e-02,1.090432e-02,6.887349e-03,7.968818e-02
2.508510e-01,8.468221e-02,6.338270e-02,4.102917e-01,1.245168e-02,1.127395e-02,3.638605e-03,1.141399e-02,2.274345e-02,7.939628e-03,2.261863e-02,2.106054e-02,1.057551e-02,5.756089e-03,6.132028e-02
1.764639e-01,6.613241e-02,5.123439e-02,3.947338e-01,9.945643e-03,9.992194e-03,2.668149e-03,8.048204e-03,1.881723e-02,1.746641e-02,1.584681e-01,1.929415e-02,1.578625e-02,4.656561e-03,4.629266e-02
1.237390e-01,4.989850e-02,3.971412e-02,3.583997e-01,8.573056e-03,8.235353e-03,1.923084e-03,5.697755e-03,1.852025e-02,1.505257e-02,2.864841e-01,1.933398e-02,2.266056e-02,6.411755e-03,3.535630e-02
8.700993e-02,3.533887e-02,2.830649e-02,2.598714e-01,8.174781e-03,6.080336e-03,1.359223e-03,4.066867e-03,1.932279e-02,1.278639e-02,4.343700e-01,1.686718e-02,2.442204e-02,3.676631e-02,2.525740e-02
6.253614e-02,2.514460e-02,2.104390e-02,1.867765e-01,7.968357e-03,8.491048e-03,1.147274e-03,3.956327e-03,3.487064e-02,1.051148e-02,4.814141e-01,1.330204e-02,2.801411e-02,9.478105e-02,2.004245e-02
4.849377e-02,1.922783e-02,1.559854e-02,1.377937e-01,6.873385e-03,9.352037e-03,8.735874e-04,3.072280e-03,7.460816e-02,9.195063e-03,3.837190e-01,1.045932e-02,2.302961e-02,2.404298e-01,1.727395e-02
3.756353e-02,1.899520e-02,1.157056e-02,9.777728e-02,5.245196e-03,1.250657e-02,6.347733e-04,2.242901e-03,1.796743e-01,1.052822e-02,2.742774e-01,7.785475e-03,1.921832e-02,2.914814e-01,3.049889e-02
3.382490e-02,2.107554e-02,8.460701e-03,6.951962e-02,4.291025e-03,2.011581e-02,5.239816e-04,1.704501e-03,2.458599e-01,8.885871e-03,2.011462e-01,5.702446e-03,1.598663e-02,3.329456e-01,2.995724e-02
3.562873e-02,1.808858e-02,6.182756e-03,4.896532e-02,3.429434e-03,2.428033e-02,4.027296e-04,1.265151e-03,2.343738e-01,7.512774e-03,1.433302e-01,4.161396e-03,1.295294e-02,4.215477e-01,3.787823e-02
2.881020e-02,1.638317e-02,4.404883e-03,3.446857e-02,2.491748e-03,1.945272e-02,3.104339e-04,9.050923e-04,2.414367e-01,6.027922e-03,1.020967e-01,3.165724e-03,1.225341e-02,4.742317e-01,5.356106e-02
2.147112e-02,1.677457e-02,3.525848e-03,2.458072e-02,1.849012e-03,1.567946e-02,2.613321e-04,6.733916e-04,3.404208e-01,5.089276e-03,7.205064e-02,2.306600e-03,1.086286e-02,4.327483e-01,5.170608e-02
1.535414e-02,2.080599e-02,3.630670e-03,1.733075e-02,1.324094e-03,2.126594e-02,2.006360e-04,4.908866e-04,2.637024e-01,4.395003e-03,5.182192e-02,1.788838e-03,8.433010e-03,4.995751e-01,8.988068e-02
1.100395e-02,1.779288e-02,2.794034e-03,1.217887e-02,9.409550e-04,1.991102e-02,1.489409e-04,3.787837e-04,1.964193e-01,3.443597e-03,3.695510e-02,1.323510e-03,6.214959e-03,5.950463e-01,9.544776e-02
9.373773e-03,1.665728e-02,2.167855e-02,1.002605e-02,1.361446e-03,1.986155e-02,3.612320e-04,6.094880e-03,1.771214e-01,2.933076e-03,2.902026e-02,1.051509e-03,5.189551e-03,6.002749e-01,9.899451e-02
8.009649e-03,1.611806e-02,1.689654e-02,9.679328e-03,3.237985e-03,1.600449e-02,4.242259e-04,1.281890e-02,2.916362e-01,2.895745e-03,2.147039e-02,1.005440e-03,4.370364e-03,5.192926e-01,7.614005e-02
6.757580e-03,1.370040e-02,1.238597e-02,7.120924e-03,6.260320e-03,1.200841e-02,4.480910e-04,1.253193e-02,4.775566e-01,2.306162e-03,1.524780e-02,8.247804e-04,3.227276e-03,3.751428e-01,5.448095e-02
8.771108e-03,1.424552e-02,2.200314e-02,7.200150e-03,4.793067e-02,2.037394e-02,2.115102e-03,6.409870e-02,4.740752e-01,2.787505e-03,1.108196e-02,6.704159e-04,3.087795e-03,2.821226e-01,3.943625e-02
1.072819e-02,1.362774e-02,4.785869e-02,1.844883e-02,8.036109e-02,2.218639e-02,2.508114e-03,7.827738e-02,4.762603e-01,5.083294e-03,8.155674e-03,5.216637e-04,4.605989e-03,2.031022e-01,2.827455e-02
2.440346e-02,1.077129e-02,4.252743e-02,1.385063e-02,2.309820e-01,4.528981e-02,7.591211e-03,7.004385e-02,3.595843e-01,7.754888e-03,5.819179e-03,3.806748e-04,3.818909e-03,1.540173e-01,2.316517e-02
3.600803e-02,1.501384e-02,8.550360e-02,1.113161e-02,2.069256e-01,8.855221e-02,1.833415e-02,6.184502e-02,2.735121e-01,4.537257e-02,4.720175e-03,3.849658e-04,8.105060e-03,1.247006e-01,1.989052e-02
5.344386e-02,1.598734e-02,8.856586e-02,1.233694e-02,2.074602e-01,1.115899e-01,2.500519e-02,7.056466e-02,2.179137e-01,5.692274e-02,4.381634e-03,7.296208e-04,8.832837e-03,1.076222e-01,1.864340e-02
7.612947e-02,1.790614e-02,7.780048e-02,1.455385e-02,1.678497e-01,8.801949e-02,4.445183e-02,1.540061e-01,1.747042e-01,4.935174e-02,4.046317e-03,1.065502e-03,9.350973e-03,9.513798e-02,2.562620e-02
1.091662e-01,3.476790e-02,6.862312e-02,1.305330e-02,1.284965e-01,6.504251e-02,4.919799e-02,1.756712e-01,1.570535e-01,4.587353e-02,3.890851e-03,1.954984e-03,8.517439e-03,7.997065e-02,5.872025e-02
1.561881e-01,3.387696e-02,5.428296e-02,1.247438e-02,1.029958e-01,4.899073e-02,4.322302e-02,2.294325e-01,1.311305e-01,3.637952e-02,3.425636e-03,3.587486e-03,7.603547e-03,5.832208e-02,7.808687e-02
2.200813e-01,4.150971e-02,4.456974e-02,1.036776e-02,7.979467e-02,4.104557e-02,3.967666e-02,1.900876e-01,1.233054e-01,3.182700e-02,3.829403e-03,5.925896e-03,8.973015e-03,5.391208e-02,1.050942e-01
3.261023e-01,4.237567e-02,3.606549e-02,1.039268e-02,6.084169e-02,3.396374e-02,3.195975e-02,1.515470e-01,1.175086e-01,2.668750e-02,4.559232e-03,1.001959e-02,9.468954e-03,4.512499e-02,9.338272e-02
4.065689e-01,4.089144e-02,2.821713e-02,1.036191e-02,4.806045e-02,2.942531e-02,2.635798e-02,1.153094e-01,1.163937e-01,2.349477e-02,6.310051e-03,1.455757e-02,9.252836e-03,4.810037e-02,7.669813e-02
4.723165e-01,4.223883e-02,2.278727e-02,1.200985e-02,3.784736e-02,2.727930e-02,2.161027e-02,8.600236e-02,1.116576e-01,2.051151e-02,7.727855e-03,2.043350e-02,9.757004e-03,4.089188e-02,6.692892e-02
1.000000e+00,0.000000e+00,0.000000e+00,0.000000e+00,0.000000e+00,0.000000e+00,0.000000e+00,0.000000e+00,0.000000e+00,0.000000e+00,0.000000e+00,0.000000e+00,0.000000e+00,0.000000e+00,0.000000e+00
1.000000e+00,0.000000e+00,0.000000e+00,0.000000e+00,0.000000e+00,0.000000e+00,0.000000e+00,0.000000e+00,0.000000e+00,0.000000e+00,0.000000e+00,0.000000e+00,0.000000e+00,0.000000e+00,0.000000e+00
1.000000e+00,0.000000e+00,0.000000e+00,0.000000e+00,0.000000e+00,0.000000e+00,0.000000e+00,0.000000e+00,0.000000e+00,0.000000e+00,0.000000e+00,0.000000e+00,0.000000e+00,0.000000e+00,0.000000e+00
4.699059e-01,4.171006e-02,1.411964e-02,4.043686e-02,1.888063e-02,2.908860e-02,8.318999e-03,2.755864e-02,6.548780e-02,5.431484e-02,4.492839e-02,6.930629e-02,1.556611e-02,2.601530e-02,7.436199e-02
4.926507e-01,3.782671e-02,1.378020e-02,4.542824e-02,1.699021e-02,2.728883e-02,6.936600e-03,2.370455e-02,5.476721e-02,5.154410e-02,4.544393e-02,6.891777e-02,1.873696e-02,2.249143e-02,7.349264e-02
1.000000e+00,0.000000e+00,0.000000e+00,0.000000e+00,0.000000e+00,0.000000e+00,0.000000e+00,0.000000e+00,0.000000e+00,0.000000e+00,0.000000e+00,0.000000e+00,0.000000e+00,0.000000e+00,0.000000e+00
4.068636e-01,4.909067e-02,1.096199e-02,8.000437e-02,1.524500e-02,2.484429e-02,5.650821e-03,1.564882e-02,7.972034e-02,6.852275e-02,3.725040e-02,7.627127e-02,2.146196e-02,1.488520e-02,9.357855e-02
3.384755e-01,5.397301e-02,9.138061e-03,8.582203e-02,1.304677e-02,2.208319e-02,4.693088e-03,1.179187e-02,1.051805e-01,1.007624e-01,3.138826e-02,6.644929e-02,2.176815e-02,1.176999e-02,1.236580e-01
2.966348e-01,5.469331e-02,9.061096e-03,1.462249e-01,1.720972e-02,2.034885e-02,4.268234e-03,1.159053e-02,1.125468e-01,8.006714e-02,3.521068e-02,5.950245e-02,2.781501e-02,9.211867e-03,1.156147e-01
3.376417e-01,5.156832e-02,9.045657e-03,1.656800e-01,2.097378e-02,1.971062e-02,4.695630e-03,1.051512e-02,1.012591e-01,5.911937e-02,3.593894e-02,5.286086e-02,2.899079e-02,8.016004e-03,9.398422e-02
3.640620e-01,6.057911e-02,8.910399e-03,1.666510e-01,2.091245e-02,2.232199e-02,5.092185e-03,9.505767e-03,8.180833e-02,4.488375e-02,3.626071e-02,5.653033e-02,2.620309e-02,7.442143e-03,8.883692e-02
3.464144e-01,7.020197e-02,1.197345e-02,1.934629e-01,1.950177e-02,2.401179e-02,4.852564e-03,1.059710e-02,7.779796e-02,3.459536e-02,3.342351e-02,6.159411e-02,2.459421e-02,6.550219e-03,8.042873e-02
3.958777e-01,6.620973e-02,1.256083e-02,1.748113e-01,1.754357e-02,2.500793e-02,5.127345e-03,1.240486e-02,6.821758e-02,2.571969e-02,3.390423e-02,6.414875e-02,2.312214e-02,6.379247e-03,6.896516e-02
4.620162e-01,6.467246e-02,1.391683e-02,1.551712e-01,1.708515e-02,2.294222e-02,4.582340e-03,1.523580e-02,5.691813e-02,1.867462e-02,3.118315e-02,5.469147e-02,1.978039e-02,5.772397e-03,5.735765e-02
1.000000e+00,0.000000e+00,0.000000e+00,0.000000e+00,0.000000e+00,0.000000e+00,0.000000e+00,0.000000e+00,0.000000e+00,0.000000e+00,0.000000e+00,0.000000e+00,0.000000e+00,0.000000e+00,0.000000e+00
1.000000e+00,0.000000e+00,0.000000e+00,0.000000e+00,0.000000e+00,0.000000e+00,0.000000e+00,0.000000e+00,0.000000e+00,0.000000e+00,0.000000e+00,0.000000e+00,0.000000e+00,0.000000e+00,0.000000e+00
1.000000e+00,0.000000e+00,0.000000e+00,0.000000e+00,0.000000e+00,0.000000e+00,0.000000e+00,0.000000e+00,0.000000e+00,0.000000e+00,0.000000e+00,0.000000e+00,0.000000e+00,0.000000e+00,0.000000e+00
1.000000e+00,0.000000e+00,0.000000e+00,0.000000e+00,0.000000e+00,0.000000e+00,0.000000e+00,0.000000e+00,0.000000e+00,0.000000e+00,0.000000e+00,0.000000e+00,0.000000e+00,0.000000e+00,0.000000e+00
1.000000e+00,0.000000e+00,0.000000e+00,0.000000e+00,0.000000e+00,0.000000e+00,0.000000e+00,0.000000e+00,0.000000e+00,0.000000e+00,0.000000e+00,0.000000e+00,0.000000e+00,0.000000e+00,0.000000e+00
1.000000e+00,0.000000e+00,0.000000e+00,0.000000e+00,0.000000e+00,0.000000e+00,0.000000e+00,0.000000e+00,0.000000e+00,0.000000e+00,0.000000e+00,0.000000e+00,0.000000e+00,0.000000e+00,0.000000e+00
4.377327e-01,3.458017e-02,2.237799e-02,3.788564e-02,2.639095e-02,4.039910e-02,6.135388e-02,3.636455e-02,1.363999e-01,2.196790e-02,3.878101e-02,5.543624e-02,1.287479e-02,3.999164e-03,3.345605e-02
4.347698e-01,3.353168e-02,2.064098e-02,3.045212e-02,2.581630e-02,5.727682e-02,6.876861e-02,4.296386e-02,1.180062e-01,2.143535e-02,3.403413e-02,4.235879e-02,1.182782e-02,1.492105e-02,4.319645e-02
4.443193e-01,3.158474e-02,1.923005e-02,2.679030e-02,3.882982e-02,5.314578e-02,7.670338e-02,5.340501e-02,1.040118e-01,1.787260e-02,2.768788e-02,3.315134e-02,1.333564e-02,1.379371e-02,4.613863e-02
4.402605e-01,3.408239e-02,1.884106e-02,2.227869e-02,4.043807e-02,4.512207e-02,9.030500e-02,4.886405e-02,1.108234e-01,1.707651e-02,2.133900e-02,2.617718e-02,2.360612e-02,1.181466e-02,4.897121e-02
4.416907e-01,3.570665e-02,1.690802e-02,1.954540e-02,3.909972e-02,3.767522e-02,1.018111e-01,5.118407e-02,1.061178e-01,1.572349e-02,1.739683e-02,2.111182e-02,3.206512e-02,1.022404e-02,5.374007e-02
4.350807e-01,3.659194e-02,1.598762e-02,2.128955e-02,3.290522e-02,4.094424e-02,9.355316e-02,4.316132e-02,8.165570e-02,1.673724e-02,1.625526e-02,1.803937e-02,2.634675e-02,1.235798e-02,1.090939e-01
4.225005e-01,4.319235e-02,1.377203e-02,2.008010e-02,2.561154e-02,4.746173e-02,6.739718e-02,3.087224e-02,7.351132e-02,1.831822e-02,6.345220e-02,1.705667e-02,2.076207e-02,1.390230e-02,1.221096e-01
3.841682e-01,3.979862e-02,1.313946e-02,2.099386e-02,1.975179e-02,5.380678e-02,4.815792e-02,2.229813e-02,6.077750e-02,1.785901e-02,1.622136e-01,1.840027e-02,1.627138e-02,1.986208e-02,1.025014e-01
3.528571e-01,4.143515e-02,1.206897e-02,2.001099e-02,1.566124e-02,5.314763e-02,3.409228e-02,1.847688e-02,6.362862e-02,2.362822e-02,1.990764e-01,2.072855e-02,1.220567e-02,4.769708e-02,8.528521e-02
2.897455e-01,5.043475e-02,1.098476e-02,1.661512e-02,1.194729e-02,4.677718e-02,2.418146e-02,1.406455e-02,9.130865e-02,2.873254e-02,2.186426e-01,2.330101e-02,9.669247e-03,9.635895e-02,6.723640e-02
2.130528e-01,9.152068e-02,8.873260e-03,1.191306e-02,8.667083e-03,3.843687e-02,1.703187e-02,1.026620e-02,1.325466e-01,4.229075e-02,1.756687e-01,2.246214e-02,8.146275e-03,1.674747e-01,5.164907e-02
1.530019e-01,1.234638e-01,6.918249e-03,8.859637e-03,6.570884e-03,3.193740e-02,1.196437e-02,7.980457e-03,1.696027e-01,9.408125e-02,1.436474e-01,2.469159e-02,7.583921e-03,1.604584e-01,4.923809e-02
1.139687e-01,1.362389e-01,5.675319e-03,6.862156e-03,5.245709e-03,5.217312e-02,8.435774e-03,6.699934e-03,1.645113e-01,9.053306e-02,1.683180e-01,3.093889e-02,8.490306e-03,1.518536e-01,5.005528e-02
8.400154e-02,1.734419e-01,6.510702e-03,8.455664e-03,5.662518e-03,4.083016e-02,5.992123e-03,6.063620e-03,1.721807e-01,8.326426e-02,1.500288e-01,3.091853e-02,8.844421e-03,1.175335e-01,1.062715e-01
6.251797e-02,2.396989e-01,6.616925e-03,8.820799e-03,5.545472e-03,3.214121e-02,4.253158e-03,5.594415e-03,2.106188e-01,7.180297e-02,1.187197e-01,3.012490e-02,1.128201e-02,9.555773e-02,9.670500e-02
4.723218e-02,3.161948e-01,7.594647e-03,1.018358e-02,5.419045e-03,2.436079e-02,3.035953e-03,5.276694e-03,2.409723e-01,6.294529e-02,8.601726e-02,2.481238e-02,1.035161e-02,7.453123e-02,8.107213e-02
4.301438e-02,3.252902e-01,8.155853e-03,1.364744e-02,1.316027e-02,1.896458e-02,2.287443e-03,5.291856e-03,2.811942e-01,5.872542e-02,6.382234e-02,1.788874e-02,8.067977e-03,5.909376e-02,8.139556e-02
4.566223e-02,2.794996e-01,8.722762e-03,2.423098e-02,3.945586e-02,1.627201e-02,2.060121e-03,6.694790e-03,3.046509e-01,5.923185e-02,4.708392e-02,1.291671e-02,6.671026e-03,4.889275e-02,9.795446e-02
4.709235e-02,2.261708e-01,7.442622e-03,4.730772e-02,4.778249e-02,1.603831e-02,1.890069e-03,6.974804e-03,3.293997e-01,6.016289e-02,3.487981e-02,9.644664e-03,5.771624e-03,3.757664e-02,1.218655e-01
4.373449e-02,1.930040e-01,6.830143e-03,6.569300e-02,7.267571e-02,1.681200e-02,1.908072e-03,7.023380e-03,3.239959e-01,5.783018e-02,2.557780e-02,7.134536e-03,5.229579e-03,2.870868e-02,1.438426e-01
7.372452e-02,1.703861e-01,5.660534e-03,7.728019e-02,7.906813e-02,1.454796e-02,2.063744e-03,1.212033e-02,3.355645e-01,4.644301e-02,1.974524e-02,6.114879e-03,7.816425e-03,2.246167e-02,1.270028e-01
1.114277e-01,1.589473e-01,4.432767e-03,8.072546e-02,6.272933e-02,1.246380e-02,1.818972e-03,1.358228e-02,3.446699e-01,3.738026e-02,2.550925e-02,8.844433e-03,1.404894e-02,1.890114e-02,1.045184e-01
1.012674e-01,1.402256e-01,3.941741e-03,1.118672e-01,4.555190e-02,1.063599e-02,1.353740e-03,1.242260e-02,3.275803e-01,3.282058e-02,4.420186e-02,2.284073e-02,2.533164e-02,1.606761e-02,1.038911e-01
7.970215e-02,1.050523e-01,4.009210e-03,1.121166e-01,3.211005e-02,1.159294e-02,1.028996e-03,9.579211e-03,2.847276e-01,2.428544e-02,1.135144e-01,8.730555e-02,4.344456e-02,1.345098e-02,7.808017e-02
7.804997e-02,7.743777e-02,3.284838e-03,8.555523e-02,2.293118e-02,9.264580e-02,1.040510e-03,7.187073e-03,2.925760e-01,1.734303e-02,1.384506e-01,7.932566e-02,3.428637e-02,1.322426e-02,5.666179e-02
6.722779e-02,5.698745e-02,3.295000e-03,7.145391e-02,1.633714e-02,1.035944e-01,8.041143e-04,5.525318e-03,2.407654e-01,1.299839e-02,2.009476e-01,1.294836e-01,3.282647e-02,1.583703e-02,4.191637e-02
6.718019e-02,4.100256e-02,3.994032e-03,5.908072e-02,1.188371e-02,8.334331e-02,6.716379e-04,4.379108e-03,1.970749e-01,1.252545e-02,2.557771e-01,1.892796e-01,2.583668e-02,1.728301e-02,3.068795e-02
5.809548e-02,2.998974e-02,4.380364e-03,4.498049e-02,9.474875e-03,6.283609e-02,6.775573e-04,3.940121e-03,1.535987e-01,9.601406e-03,3.447742e-01,1.845011e-01,2.049079e-02,4.913753e-02,2.352159e-02
4.411219e-02,2.142190e-02,4.427380e-03,3.324889e-02,8.272721e-03,4.664157e-02,6.229570e-04,3.303798e-03,1.094560e-01,8.526001e-03,4.307933e-01,2.028475e-01,1.564514e-02,5.363474e-02,1.704593e-02
3.151141e-02,1.527120e-02,3.997452e-03,2.488644e-02,9.044824e-03,3.419798e-02,6.030236e-04,2.608344e-03,7.773568e-02,7.219111e-03,5.243114e-01,1.980340e-01,1.156249e-02,4.674516e-02,1.227152e-02
2.253638e-02,1.126302e-02,4.220030e-03,1.783418e-02,3.495274e-02,2.419480e-02,6.873994e-04,2.081036e-03,5.757963e-02,6.874478e-03,5.836051e-01,1.701001e-01,8.780936e-03,4.621783e-02,9.072393e-03
1.639039e-02,8.104438e-03,3.522184e-03,1.273567e-02,3.105500e-02,1.726285e-02,6.816604e-04,1.836258e-03,4.166552e-02,1.150656e-02,6.097393e-01,1.812807e-01,7.356593e-03,4.987963e-02,6.983291e-03
1.223715e-02,6.353416e-03,3.006624e-03,9.174676e-03,2.806368e-02,1.237566e-02,6.830692e-04,2.065006e-03,3.242173e-02,1.635905e-02,6.004443e-01,2.044283e-01,6.472098e-03,6.027770e-02,5.637567e-03
9.552578e-03,5.287852e-03,2.897369e-03,6.543432e-03,2.091352e-02,1.000755e-02,7.078825e-04,1.778093e-03,2.361505e-02,1.524734e-02,5.801719e-01,2.655431e-01,5.389282e-03,4.806023e-02,4.284790e-03
7.231947e-03,3.975181e-03,2.339814e-03,4.663786e-03,1.509185e-02,8.759621e-03,6.739555e-04,1.454884e-03,1.695522e-02,1.276576e-02,5.935975e-01,2.888408e-01,4.342107e-03,3.617036e-02,3.137190e-03
5.587309e-03,2.919399e-03,1.892378e-03,3.283220e-03,1.081122e-02,7.001374e-03,7.954371e-04,1.126989e-03,1.205106e-02,1.048275e-02,6.559795e-01,2.557757e-01,3.527102e-03,2.649562e-02,2.270964e-03
4.275666e-03,2.358311e-03,1.782130e-03,2.309703e-03,8.119578e-03,5.500028e-03,1.107642e-03,1.078062e-03,9.010400e-03,9.071357e-03,7.139553e-01,2.165213e-01,2.946785e-03,2.027939e-02,1.684298e-03
3.377615e-03,3.400953e-03,2.137522e-03,1.636289e-03,7.261497e-03,4.428227e-03,2.502289e-03,1.502590e-03,9.085387e-03,9.025825e-03,7.532556e-01,1.819994e-01,2.390708e-03,1.667311e-02,1.322984e-03
4.197662e-03,7.104320e-02,2.700418e-02,1.431278e-03,1.067408e-02,6.698595e-03,1.398298e-02,2.185777e-02,7.494505e-02,1.766838e-02,5.936382e-01,1.380674e-01,1.996662e-03,1.559009e-02,1.204476e-03
3.751361e-03,1.262077e-01,2.233063e-02,1.083398e-03,1.161191e-02,2.372650e-02,1.077774e-02,1.788825e-02,2.045101e-01,2.481877e-02,4.400661e-01,9.809142e-02,1.555667e-03,1.248517e-02,1.095265e-03
2.972976e-03,1.545388e-01,1.662886e-02,1.036235e-03,1.306247e-02,4.261227e-02,7.561163e-03,1.295210e-02,3.119969e-01,4.258878e-02,3.134614e-01,6.879167e-02,1.271736e-03,9.033425e-03,1.491214e-03
2.702230e-03,1.621415e-01,1.308487e-02,1.302568e-03,1.386008e-02,1.018454e-01,5.350782e-03,9.476733e-03,3.487608e-01,5.791861e-02,2.206495e-01,4.832099e-02,1.439927e-03,6.635305e-03,6.510740e-03
3.805278e-03,1.650645e-01,1.199391e-02,4.616099e-03,1.757266e-02,1.686473e-01,4.191512e-03,8.837967e-03,3.375399e-01,5.694558e-02,1.592357e-01,3.602128e-02,5.985568e-03,5.282001e-03,1.426082e-02
5.356680e-03,1.344719e-01,1.003878e-02,6.310749e-03,1.868553e-02,2.468285e-01,3.540127e-03,1.328971e-02,2.994564e-01,5.841748e-02,1.174377e-01,2.993684e-02,1.200770e-02,4.783736e-03,3.943819e-02
5.839095e-03,1.051228e-01,8.160055e-03,6.790478e-03,1.687037e-02,3.059765e-01,3.082535e-03,1.250782e-02,2.721745e-01,6.310644e-02,9.188540e-02,3.535265e-02,2.162641e-02,4.363499e-03,4.714151e-02
1.247331e-02,1.050099e-01,1.001503e-02,9.854489e-02,1.592720e-02,2.443673e-01,2.594086e-03,1.685484e-02,2.506623e-01,5.524676e-02,7.111444e-02,3.958270e-02,3.303209e-02,3.632564e-03,4.094266e-02
2.504280e-02,7.651876e-02,7.381221e-03,8.555339e-02,1.490342e-02,1.784841e-01,2.068569e-03,1.419375e-02,2.736832e-01,5.644825e-02,1.295857e-01,6.847252e-02,2.938574e-02,5.952179e-03,3.232652e-02
2.990466e-02,5.536091e-02,5.903154e-03,8.307421e-02,1.590438e-02,1.306289e-01,2.005359e-03,1.249189e-02,2.465436e-01,5.625818e-02,1.922969e-01,1.026391e-01,2.978975e-02,9.914727e-03,2.728429e-02
2.171414e-02,3.938761e-02,4.713334e-03,6.779609e-02,1.293741e-02,9.251851e-02,1.546811e-03,9.025957e-03,1.764635e-01,4.873648e-02,2.858955e-01,1.777411e-01,2.913477e-02,1.143162e-02,2.095711e-02
1.641978e-02,2.906876e-02,3.814870e-03,5.712400e-02,1.088498e-02,6.613809e-02,1.448636e-03,6.383564e-03,1.295618e-01,7.578620e-02,3.405744e-01,2.016102e-01,2.688351e-02,1.852750e-02,1.577378e-02
1.272792e-02,2.151007e-02,2.806732e-03,4.168358e-02,8.043060e-03,4.714217e-02,1.111952e-03,4.545280e-03,9.526633e-02,5.970468e-02,3.320534e-01,3.152826e-01,2.285805e-02,2.368027e-02,1.158392e-02
9.358528e-03,1.597260e-02,2.342680e-03,2.955745e-02,7.469334e-03,3.358595e-02,8.011102e-04,3.404381e-03,6.799950e-02,4.952756e-02,3.595416e-01,3.637832e-01,2.030172e-02,2.793355e-02,8.420782e-03
7.167325e-03,1.215778e-02,1.838305e-03,2.092474e-02,7.000559e-03,2.371071e-02,5.764262e-04,2.595115e-03,4.883901e-02,4.026645e-02,4.487068e-01,3.120673e-01,1.588896e-02,5.208540e-02,6.175174e-03
5.843305e-03,9.262739e-03,1.769097e-03,1.478587e-02,5.425664e-03,1.671102e-02,4.254342e-04,2.657661e-03,3.788003e-02,2.909133e-02,5.647625e-01,2.393247e-01,1.227329e-02,5.514153e-02,4.645878e-03
4.516236e-03,7.339351e-03,1.583191e-03,1.045826e-02,4.570806e-03,1.176481e-02,3.166583e-04,2.101150e-03,4.163028e-02,2.088463e-02,6.405417e-01,1.896587e-01,9.995835e-03,5.034884e-02,4.289560e-03
4.060974e-03,8.399794e-03,1.981020e-03,7.826283e-03,3.629564e-03,9.939709e-03,2.596591e-04,1.707527e-03,5.685739e-02,1.661468e-02,6.647097e-01,1.602568e-01,8.301171e-03,4.905304e-02,6.402656e-03
4.443319e-03,7.987015e-03,1.896987e-03,6.006835e-03,3.060407e-03,1.041292e-02,2.418138e-04,1.345045e-03,6.384524e-02,1.419684e-02,6.725215e-01,1.383325e-01,7.127658e-03,6.284959e-02,5.732335e-03
9.355078e-03,6.222410e-03,5.374505e-03,4.767634e-03,2.449746e-03,1.694164e-02,2.363770e-04,2.496975e-03,7.999484e-02,1.252789e-02,6.878871e-01,1.068708e-01,5.761847e-03,5.441774e-02,4.695337e-03
1.211030e-02,6.476343e-03,9.315534e-03,4.008962e-03,4.019484e-03,1.522202e-02,2.301555e-04,2.559360e-03,1.774828e-01,9.894673e-03,6.149505e-01,7.720669e-02,4.686653e-03,5.707052e-02,4.766016e-03
1.396165e-02,6.019585e-03,9.534179e-03,3.200890e-03,5.230522e-03,1.668587e-02,2.698630e-04,2.706771e-03,2.435303e-01,7.811686e-03,5.206119e-01,5.932555e-02,3.887289e-03,1.033398e-01,3.884134e-03
1.178784e-02,6.152494e-03,1.612244e-02,2.606844e-03,4.834395e-03,1.815311e-02,2.445017e-04,2.405630e-03,2.171131e-01,7.726605e-03,4.992747e-01,5.761875e-02,3.078972e-03,1.497958e-01,3.084756e-03
1.197957e-02,5.572835e-03,1.827810e-02,2.640257e-03,4.495757e-03,2.197906e-02,5.088480e-04,6.586530e-03,2.352343e-01,7.810953e-03,4.446071e-01,6.175973e-02,2.472032e-03,1.734727e-01,2.602136e-03
1.086175e-02,4.393469e-03,6.632418e-02,7.919085e-03,4.132594e-03,2.501273e-02,9.431249e-04,7.918773e-02,2.650901e-01,6.441798e-03,3.343246e-01,4.958370e-02,1.974878e-03,1.419188e-01,1.891438e-03
1.103280e-02,3.528089e-03,1.264369e-01,9.080519e-03,3.447688e-03,2.450250e-02,8.836903e-04,6.582145e-02,3.161976e-01,5.231398e-03,2.710281e-01,3.578930e-02,1.579634e-03,1.240323e-01,1.407988e-03
1.200515e-02,3.708989e-03,1.022277e-01,8.519363e-03,3.089280e-03,1.886878e-02,6.511686e-04,4.742404e-02,3.816066e-01,5.569231e-03,2.681232e-01,2.587003e-02,1.277151e-03,1.198222e-01,1.237036e-03
1.148288e-02,2.903183e-03,7.445481e-02,6.736501e-03,2.337805e-03,1.613345e-02,4.750056e-04,3.382526e-02,4.701669e-01,5.258036e-03,2.587034e-01,1.820870e-02,9.159668e-04,9.678577e-02,1.612378e-03
1.269871e-02,2.189776e-03,1.545389e-01,1.335257e-02,1.811951e-03,1.313422e-02,3.807999e-04,2.729602e-02,4.869518e-01,5.567975e-03,1.934379e-01,1.283644e-02,6.610670e-04,7.344289e-02,1.698923e-03
1.963172e-02,1.876975e-03,1.176856e-01,1.080956e-02,1.426295e-03,1.133404e-02,2.883807e-04,1.948953e-02,5.776799e-01,6.406422e-03,1.649506e-01,9.023841e-03,4.898348e-04,5.664073e-02,2.266576e-03
2.151389e-02,1.743405e-03,8.651248e-02,8.069135e-03,1.202448e-03,1.019277e-02,2.153249e-04,1.392402e-02,6.418441e-01,5.835237e-03,1.560443e-01,6.357262e-03,3.599621e-04,4.304787e-02,3.137752e-03
2.264206e-02,1.465164e-03,6.538370e-02,6.099527e-03,1.106666e-03,7.977586e-03,1.766120e-04,9.976339e-03,7.021531e-01,4.960199e-03,1.344146e-01,4.485821e-03,2.860742e-04,3.476494e-02,4.107593e-03
2.381858e-02,1.243516e-03,4.790968e-02,4.487550e-03,9.859856e-04,6.300038e-03,1.413213e-04,7.041528e-03,6.409491e-01,4.627550e-03,2.240377e-01,3.174179e-03,3.142085e-04,2.975228e-02,5.216753e-03
2.861276e-02,1.653818e-03,3.548174e-02,3.812365e-03,1.193403e-03,7.821716e-03,1.475467e-04,5.203992e-03,6.257140e-01,4.088911e-03,2.498721e-01,2.341330e-03,4.051045e-04,2.479951e-02,8.851673e-03
3.247785e-02,1.741595e-03,2.554654e-02,3.234613e-03,1.468448e-03,7.035439e-03,1.411891e-04,3.785156e-03,6.122247e-01,3.177459e-03,2.708333e-01,1.742537e-03,3.471112e-04,2.723501e-02,9.008950e-03
3.719528e-02,2.552420e-03,1.875933e-02,2.861860e-03,1.781852e-03,5.221645e-03,1.240428e-04,3.021591e-03,5.135486e-01,2.350578e-03,3.665116e-01,1.331687e-03,3.004374e-04,3.735081e-02,7.088184e-03
5.262953e-02,2.812666e-03,1.516403e-02,2.806370e-03,2.098486e-03,4.180492e-03,1.500617e-04,3.276965e-03,4.787957e-01,1.854635e-03,3.926639e-01,1.277902e-03,3.233360e-04,3.601629e-02,5.949602e-03
9.270105e-02,3.398482e-03,1.632944e-02,2.959679e-03,2.581290e-03,3.783981e-03,2.775819e-04,4.686886e-03,4.517283e-01,1.892606e-03,3.644416e-01,1.334732e-03,4.406681e-04,4.684288e-02,6.600797e-03
1.573766e-01,6.053762e-03,1.554168e-02,3.076914e-03,2.933509e-03,3.810188e-03,4.327135e-04,5.951277e-03,3.822443e-01,1.660078e-03,3.107242e-01,1.651992e-03,4.658282e-04,1.018380e-01,6.238807e-03
2.289083e-01,1.063639e-02,1.448543e-02,4.784781e-03,4.687927e-03,4.297536e-03,7.283683e-04,6.960181e-03,3.180730e-01,1.399010e-03,2.560776e-01,2.958233e-03,1.061648e-03,1.379490e-01,6.992525e-03
2.890166e-01,2.181772e-02,1.417456e-02,5.823007e-03,6.499005e-03,6.334594e-03,1.239645e-03,8.508051e-03,2.653477e-01,1.500356e-03,1.949417e-01,3.981536e-03,1.935290e-03,1.701440e-01,8.736247e-03
2.096859e-01,1.970537e-02,1.074505e-02,4.377699e-03,4.774324e-03,1.028953e-02,8.746719e-04,6.167061e-03,1.958720e-01,1.789025e-03,2.001265e-01,4.626739e-03,2.096070e-03,3.032395e-01,2.563058e-02
1.735623e-01,2.342685e-02,9.024478e-03,3.500907e-03,3.545557e-03,1.036651e-02,6.682989e-04,4.961141e-03,1.565513e-01,1.850965e-03,2.221036e-01,4.940936e-03,2.130803e-03,3.494714e-01,3.389490e-02
1.324964e-01,1.766160e-02,2.086450e-02,4.914986e-03,5.535808e-03,3.374238e-02,6.371114e-04,5.314771e-03,1.127252e-01,4.375511e-03,2.509516e-01,4.512526e-03,3.039836e-03,3.652207e-01,3.800704e-02
1.053395e-01,1.556730e-02,3.599999e-02,9.187279e-03,8.377096e-03,5.285020e-02,8.029614e-04,5.332822e-03,8.458419e-02,1.735324e-02,2.602472e-01,4.718985e-03,3.242885e-03,3.599162e-01,3.648011e-02
7.579408e-02,1.169704e-02,3.589956e-02,1.376516e-02,9.167654e-03,4.336018e-02,6.995365e-04,4.872043e-03,6.352860e-02,2.550128e-02,3.609174e-01,4.552584e-03,3.483328e-03,3.187591e-01,2.800240e-02
5.399622e-02,9.730906e-03,2.727435e-02,1.378863e-02,9.917803e-03,3.528869e-02,7.004340e-04,3.727873e-03,5.057113e-02,3.443662e-02,4.126259e-01,5.061531e-03,3.614989e-03,3.145468e-01,2.471816e-02
3.938147e-02,8.981130e-03,2.015771e-02,1.106072e-02,9.313619e-03,2.959306e-02,7.013760e-04,3.181713e-03,4.315139e-02,3.175239e-02,5.164317e-01,5.517737e-03,4.481875e-03,2.576942e-01,1.859984e-02
2.800250e-02,1.049594e-02,1.548431e-02,1.043469e-02,7.596356e-03,2.264300e-02,6.725910e-04,3.038411e-03,5.644431e-02,3.170881e-02,5.643476e-01,5.855507e-03,3.961454e-03,2.240374e-01,1.527715e-02
2.006335e-02,1.978930e-02,1.204964e-02,9.286986e-03,6.604075e-03,1.866560e-02,6.323032e-04,2.624227e-03,8.420376e-02,3.331659e-02,5.714909e-01,6.698247e-03,3.749711e-03,1.975743e-01,1.325107e-02
1.540368e-02,3.634219e-02,3.066049e-02,1.820277e-02,8.746629e-03,2.805800e-02,1.545379e-03,1.756460e-02,2.021085e-01,3.050427e-02,4.261569e-01,5.457812e-03,3.177689e-03,1.652301e-01,1.084095e-02
1.311647e-02,3.694574e-02,3.847858e-02,2.233100e-02,1.131528e-02,5.568273e-02,2.290076e-03,2.370832e-02,3.008510e-01,2.879630e-02,3.181211e-01,4.234819e-03,2.454588e-03,1.331096e-01,8.564428e-03
9.835932e-03,5.655428e-02,4.116411e-02,2.902851e-02,8.552609e-03,5.858310e-02,1.651646e-03,1.772442e-02,4.182856e-01,2.214639e-02,2.309065e-01,3.022840e-03,1.811735e-03,9.384867e-02,6.883682e-03
9.597576e-03,5.735565e-02,1.695193e-01,3.827158e-02,7.818284e-03,4.697069e-02,1.355712e-03,1.892745e-02,3.882898e-01,1.732164e-02,1.695732e-01,2.154782e-03,1.450747e-03,6.613424e-02,5.259296e-03
9.470956e-03,7.190974e-02,1.860580e-01,4.702576e-02,9.173702e-03,4.609863e-02,1.190659e-03,1.535386e-02,4.253452e-01,1.392185e-02,1.206364e-01,1.551731e-03,1.124945e-03,4.699994e-02,4.138661e-03
1.137400e-02,8.940120e-02,1.433043e-01,6.095803e-02,1.743870e-02,6.102329e-02,1.219676e-03,1.403228e-02,4.507930e-01,2.000902e-02,8.570290e-02,1.258062e-03,9.972936e-04,3.351811e-02,8.970182e-03
1.307061e-02,9.576868e-02,1.057482e-01,7.977803e-02,2.560829e-02,9.600624e-02,1.236598e-03,1.299818e-02,4.511411e-01,2.146435e-02,6.134458e-02,9.878813e-04,9.358058e-04,2.388785e-02,1.002358e-02
1.210523e-02,7.717723e-02,8.637401e-02,2.207255e-01,2.781257e-02,7.480137e-02,1.205186e-03,2.719104e-02,3.771814e-01,1.999247e-02,4.397965e-02,7.389088e-04,8.675096e-04,1.685887e-02,1.298902e-02
1.456964e-02,6.985967e-02,6.932963e-02,2.740788e-01,2.370215e-02,5.961816e-02,9.588019e-04,2.669888e-02,3.702636e-01,2.255802e-02,3.250062e-02,6.444060e-04,1.312947e-03,1.195628e-02,2.194834e-02
4.204770e-02,5.690834e-02,5.399860e-02,2.599115e-01,3.421342e-02,7.989123e-02,1.086609e-03,2.479039e-02,3.366643e-01,2.630533e-02,2.585620e-02,5.683043e-04,1.284374e-03,8.528955e-03,4.794477e-02
5.247555e-02,4.558048e-02,4.461600e-02,3.141729e-01,3.558915e-02,6.143805e-02,1.040574e-03,3.397444e-02,3.117956e-01,2.345926e-02,2.502913e-02,6.783473e-04,1.645568e-03,6.189507e-03,4.231549e-02
5.959700e-02,3.891069e-02,4.852502e-02,3.700792e-01,3.145572e-02,4.867666e-02,9.934162e-04,4.537185e-02,2.602623e-01,2.269382e-02,2.230194e-02,9.190111e-04,1.982624e-03,4.518168e-03,4.371261e-02
9.741622e-02,5.660092e-02,4.992975e-02,2.912058e-01,4.658827e-02,4.973846e-02,1.581975e-03,5.230731e-02,2.426550e-01,2.938272e-02,1.888861e-02,1.666145e-03,2.446094e-03,3.430510e-03,5.616217e-02
1.785599e-01,5.429130e-02,3.979372e-02,2.166355e-01,4.964648e-02,8.223569e-02,1.873232e-03,6.446724e-02,2.182477e-01,2.337958e-02,1.537314e-02,2.374908e-03,3.339382e-03,2.837786e-03,4.694454e-02
2.792219e-01,5.346581e-02,3.289805e-02,1.703244e-01,4.716058e-02,6.866542e-02,2.624774e-03,6.906543e-02,1.788787e-01,2.465889e-02,1.314799e-02,3.917830e-03,3.560912e-03,3.207988e-03,4.920130e-02
3.431271e-01,4.794968e-02,2.810479e-02,1.288114e-01,5.630776e-02,5.775501e-02,3.512363e-03,8.381629e-02,1.716443e-01,1.870484e-02,1.120511e-02,4.660508e-03,4.434278e-03,2.903559e-03,3.706307e-02
3.795333e-01,6.896973e-02,3.242574e-02,9.596585e-02,5.701110e-02,5.287919e-02,3.558961e-03,8.625052e-02,1.524035e-01,1.479671e-02,9.092370e-03,4.482538e-03,5.501019e-03,3.090797e-03,3.403867e-02
3.850440e-01,1.088019e-01,3.390984e-02,7.042587e-02,4.579312e-02,4.534320e-02,3.256097e-03,6.663316e-02,1.558988e-01,1.112085e-02,7.254065e-03,4.550245e-03,7.271152e-03,3.597419e-03,5.110030e-02
3.494951e-01,1.008060e-01,6.490669e-02,8.720037e-02,4.071270e-02,3.552147e-02,2.931622e-03,5.283851e-02,1.271715e-01,1.298608e-02,6.656529e-03,6.371875e-03,7.030019e-03,4.316407e-03,1.010551e-01
3.611029e-01,1.151307e-01,9.290066e-02,7.971524e-02,3.507560e-02,2.994429e-02,2.685571e-03,4.103799e-02,1.023634e-01,1.261265e-02,5.745669e-03,7.196929e-03,7.300279e-03,4.361009e-03,1.028271e-01
2.736279e-01,9.951165e-02,2.332857e-01,9.099175e-02,2.658342e-02,2.171323e-02,2.036776e-03,2.961291e-02,7.672688e-02,2.074940e-02,4.399850e-03,6.597481e-03,5.800856e-03,3.245039e-03,1.051172e-01
2.801783e-01,1.114143e-01,2.708746e-01,7.908732e-02,2.179866e-02,1.952621e-02,1.710879e-03,2.220003e-02,6.006906e-02,1.955364e-02,4.469697e-03,6.835030e-03,6.839525e-03,2.988950e-03,9.245384e-02
2.959068e-01,1.103264e-01,2.276304e-01,8.880053e-02,3.360849e-02,2.441622e-02,7.865936e-03,2.084499e-02,5.643418e-02,1.544941e-02,6.440818e-03,2.249356e-02,1.271714e-02,2.725682e-03,7.433945e-02
3.693189e-01,9.497750e-02,1.645726e-01,8.424824e-02,2.689821e-02,2.908999e-02,6.202260e-03,1.584558e-02,4.443944e-02,1.212134e-02,9.206398e-03,2.669369e-02,2.820103e-02,3.830562e-03,8.435431e-02
2.910263e-01,8.518761e-02,1.350057e-01,2.443008e-01,2.201794e-02,2.251782e-02,4.880726e-03,1.385964e-02,4.149449e-02,1.003486e-02,9.214208e-03,2.262813e-02,2.319268e-02,3.246092e-03,7.139299e-02
2.288437e-01,7.258018e-02,1.385648e-01,2.895339e-01,1.714144e-02,1.783098e-02,4.201665e-03,1.103949e-02,3.947797e-02,1.365719e-02,2.302000e-02,2.342571e-02,2.673355e-02,3.736299e-03,9.021320e-02
2.629988e-01,6.401938e-02,1.004872e-01,2.595023e-01,1.887308e-02,1.935431e-02,4.967537e-03,8.594204e-03,3.969751e-02,1.118140e-02,2.951122e-02,2.951435e-02,6.432436e-02,3.880999e-03,8.309336e-02
3.897331e-01,4.910188e-02,7.179556e-02,1.908208e-01,1.807294e-02,2.674940e-02,6.360671e-03,8.420377e-03,3.492586e-02,8.681295e-03,2.811524e-02,2.988819e-02,7.053196e-02,3.034623e-03,6.376810e-02
4.261870e-01,4.581243e-02,6.146963e-02,1.582493e-01,2.828984e-02,4.045277e-02,2.060678e-02,9.683908e-03,2.978445e-02,6.521802e-03,2.938184e-02,2.486698e-02,6.813444e-02,2.606159e-03,4.795263e-02
1.000000e+00,0.000000e+00,0.000000e+00,0.000000e+00,0.000000e+00,0.000000e+00,0.000000e+00,0.000000e+00,0.000000e+00,0.000000e+00,0.000000e+00,0.000000e+00,0.000000e+00,0.000000e+00,0.000000e+00
1.000000e+00,0.000000e+00,0.000000e+00,0.000000e+00,0.000000e+00,0.000000e+00,0.000000e+00,0.000000e+00,0.000000e+00,0.000000e+00,0.000000e+00,0.000000e+00,0.000000e+00,0.000000e+00,0.000000e+00
1.000000e+00,0.000000e+00,0.000000e+00,0.000000e+00,0.000000e+00,0.000000e+00,0.000000e+00,0.000000e+00,0.000000e+00,0.000000e+00,0.000000e+00,0.000000e+00,0.000000e+00,0.000000e+00,0.000000e+00
