1.000000e+00,0.000000e+00,0.000000e+00,0.000000e+00,0.000000e+00,0.000000e+00,0.000000e+00,0.000000e+00,0.000000e+00,0.000000e+00,0.000000e+00,0.000000e+00,0.000000e+00,0.000000e+00,0.000000e+00
1.000000e+00,0.000000e+00,0.000000e+00,0.000000e+00,0.000000e+00,0.000000e+00,0.000000e+00,0.000000e+00,0.000000e+00,0.000000e+00,0.000000e+00,0.000000e+00,0.000000e+00,0.000000e+00,0.000000e+00
1.000000e+00,0.000000e+00,0.000000e+00,0.000000e+00,0.000000e+00,0.000000e+00,0.000000e+00,0.000000e+00,0.000000e+00,0.000000e+00,0.000000e+00,0.000000e+00,0.000000e+00,0.000000e+00,0.000000e+00
1.000000e+00,0.000000e+00,0.000000e+00,0.000000e+00,0.000000e+00,0.000000e+00,0.000000e+00,0.000000e+00,0.000000e+00,0.000000e+00,0.000000e+00,0.000000e+00,0.000000e+00,0.000000e+00,0.000000e+00
1.000000e+00,0.000000e+00,0.000000e+00,0.000000e+00,0.000000e+00,0.000000e+00,0.000000e+00,0.000000e+00,0.000000e+00,0.000000e+00,0.000000e+00,0.000000e+00,0.000000e+00,0.000000e+00,0.000000e+00
1.000000e+00,0.000000e+00,0.000000e+00,0.000000e+00,0.000000e+00,0.000000e+00,0.000000e+00,0.000000e+00,0.000000e+00,0.000000e+00,0.000000e+00,0.000000e+00,0.000000e+00,0.000000e+00,0.000000e+00
1.000000e+00,0.000000e+00,0.000000e+00,0.000000e+00,0.000000e+00,0.000000e+00,0.000000e+00,0.000000e+00,0.000000e+00,0.000000e+00,0.000000e+00,0.000000e+00,0.000000e+00,0.000000e+00,0.000000e+00
1.000000e+00,0.000000e+00,0.000000e+00,0.000000e+00,0.000000e+00,0.000000e+00,0.000000e+00,0.000000e+00,0.000000e+00,0.000000e+00,0.000000e+00,0.000000e+00,0.000000e+00,0.000000e+00,0.000000e+00
1.000000e+00,0.000000e+00,0.000000e+00,0.000000e+00,0.000000e+00,0.000000e+00,0.000000e+00,0.000000e+00,0.000000e+00,0.000000e+00,0.000000e+00,0.000000e+00,0.000000e+00,0.000000e+00,0.000000e+00
1.000000e+00,0.000000e+00,0.000000e+00,0.000000e+00,0.000000e+00,0.000000e+00,0.000000e+00,0.000000e+00,0.000000e+00,0.000000e+00,0.000000e+00,0.000000e+00,0.000000e+00,0.000000e+00,0.000000e+00
1.000000e+00,0.000000e+00,0.000000e+00,0.000000e+00,0.000000e+00,0.000000e+00,0.000000e+00,0.000000e+00,0.000000e+00,0.000000e+00,0.000000e+00,0.000000e+00,0.000000e+00,0.000000e+00,0.000000e+00
1.000000e+00,0.000000e+00,0.000000e+00,0.000000e+00,0.000000e+00,0.000000e+00,0.000000e+00,0.000000e+00,0.000000e+00,0.000000e+00,0.000000e+00,0.000000e+00,0.000000e+00,0.000000e+00,0.000000e+00
1.000000e+00,0.000000e+00,0.000000e+00,0.000000e+00,0.000000e+00,0.000000e+00,0.000000e+00,0.000000e+00,0.000000e+00,0.000000e+00,0.000000e+00,0.000000e+00,0.000000e+00,0.000000e+00,0.000000e+00
1.000000e+00,0.000000e+00,0.000000e+00,0.000000e+00,0.000000e+00,0.000000e+00,0.000000e+00,0.000000e+00,0.000000e+00,0.000000e+00,0.000000e+00,0.000000e+00,0.000000e+00,0.000000e+00,0.000000e+00
1.000000e+00,0.000000e+00,0.000000e+00,0.000000e+00,0.000000e+00,0.000000e+00,0.000000e+00,0.000000e+00,0.000000e+00,0.000000e+00,0.000000e+00,0.000000e+00,0.000000e+00,0.000000e+00,0.000000e+00
1.000000e+00,0.000000e+00,0.000000e+00,0.000000e+00,0.000000e+00,0.000000e+00,0.000000e+00,0.000000e+00,0.000000e+00,0.000000e+00,0.000000e+00,0.000000e+00,0.000000e+00,0.000000e+00,0.000000e+00
1.000000e+00,0.000000e+00,0.000000e+00,0.000000e+00,0.000000e+00,0.000000e+00,0.000000e+00,0.000000e+00,0.000000e+00,0.000000e+00,0.000000e+00,0.000000e+00,0.000000e+00,0.000000e+00,0.000000e+00
1.000000e+00,0.000000e+00,0.000000e+00,0.000000e+00,0.000000e+00,0.000000e+00,0.000000e+00,0.000000e+00,0.000000e+00,0.000000e+00,0.000000e+00,0.000000e+00,0.000000e+00,0.000000e+00,0.000000e+00
1.000000e+00,0.000000e+00,0.000000e+00,0.000000e+00,0.000000e+00,0.000000e+00,0.000000e+00,0.000000e+00,0.000000e+00,0.000000e+00,0.000000e+00,0.000000e+00,0.000000e+00,0.000000e+00,0.000000e+00
1.000000e+00,0.000000e+00,0.000000e+00,0.000000e+00,0.000000e+00,0.000000e+00,0.000000e+00,0.000000e+00,0.000000e+00,0.000000e+00,0.000000e+00,0.000000e+00,0.000000e+00,0.000000e+00,0.000000e+00
1.000000e+00,0.000000e+00,0.000000e+00,0.000000e+00,0.000000e+00,0.000000e+00,0.000000e+00,0.000000e+00,0.000000e+00,0.000000e+00,0.000000e+00,0.000000e+00,0.000000e+00,0.000000e+00,0.000000e+00
1.000000e+00,0.000000e+00,0.000000e+00,0.000000e+00,0.000000e+00,0.000000e+00,0.000000e+00,0.000000e+00,0.000000e+00,0.000000e+00,0.000000e+00,0.000000e+00,0.000000e+00,0.000000e+00,0.000000e+00
1.000000e+00,0.000000e+00,0.000000e+00,0.000000e+00,0.000000e+00,0.000000e+00,0.000000e+00,0.000000e+00,0.000000e+00,0.000000e+00,0.000000e+00,0.000000e+00,0.000000e+00,0.000000e+00,0.000000e+00
1.000000e+00,0.000000e+00,0.000000e+00,0.000000e+00,0.000000e+00,0.000000e+00,0.000000e+00,0.000000e+00,0.000000e+00,0.000000e+00,0.000000e+00,0.000000e+00,0.000000e+00,0.000000e+00,0.000000e+00
1.000000e+00,0.000000e+00,0.000000e+00,0.000000e+00,0.000000e+00,0.000000e+00,0.000000e+00,0.000000e+00,0.000000e+00,0.000000e+00,0.000000e+00,0.000000e+00,0.000000e+00,0.000000e+00,0.000000e+00
1.000000e+00,0.000000e+00,0.000000e+00,0.000000e+00,0.000000e+00,0.000000e+00,0.000000e+00,0.000000e+00,0.000000e+00,0.000000e+00,0.000000e+00,0.000000e+00,0.000000e+00,0.000000e+00,0.000000e+00
1.000000e+00,0.000000e+00,0.000000e+00,0.000000e+00,0.000000e+00,0.000000e+00,0.000000e+00,0.000000e+00,0.000000e+00,0.000000e+00,0.000000e+00,0.000000e+00,0.000000e+00,0.000000e+00,0.000000e+00
1.000000e+00,0.000000e+00,0.000000e+00,0.000000e+00,0.000000e+00,0.000000e+00,0.000000e+00,0.000000e+00,0.000000e+00,0.000000e+00,0.000000e+00,0.000000e+00,0.000000e+00,0.000000e+00,0.000000e+00
1.000000e+00,0.000000e+00,0.000000e+00,0.000000e+00,0.000000e+00,0.000000e+00,0.000000e+00,0.000000e+00,0.000000e+00,0.000000e+00,0.000000e+00,0.000000e+00,0.000000e+00,0.000000e+00,0.000000e+00
1.000000e+00,0.000000e+00,0.000000e+00,0.000000e+00,0.000000e+00,0.000000e+00,0.000000e+00,0.000000e+00,0.000000e+00,0.000000e+00,0.000000e+00,0.000000e+00,0.000000e+00,0.000000e+00,0.000000e+00
1.000000e+00,0.000000e+00,0.000000e+00,0.000000e+00,0.000000e+00,0.000000e+00,0.000000e+00,0.000000e+00,0.000000e+00,0.000000e+00,0.000000e+00,0.000000e+00,0.000000e+00,0.000000e+00,0.000000e+00
1.000000e+00,0.000000e+00,0.000000e+00,0.000000e+00,0.000000e+00,0.000000e+00,0.000000e+00,0.000000e+00,0.000000e+00,0.000000e+00,0.000000e+00,0.000000e+00,0.000000e+00,0.000000e+00,0.000000e+00
1.000000e+00,0.000000e+00,0.000000e+00,0.000000e+00,0.000000e+00,0.000000e+00,0.000000e+00,0.000000e+00,0.000000e+00,0.000000e+00,0.000000e+00,0.000000e+00,0.000000e+00,0.000000e+00,0.000000e+00
1.000000e+00,0.000000e+00,0.000000e+00,0.000000e+00,0.000000e+00,0.000000e+00,0.000000e+00,0.000000e+00,0.000000e+00,0.000000e+00,0.000000e+00,0.000000e+00,0.000000e+00,0.000000e+00,0.000000e+00
1.000000e+00,0.000000e+00,0.000000e+00,0.000000e+00,0.000000e+00,0.000000e+00,0.000000e+00,0.000000e+00,0.000000e+00,0.000000e+00,0.000000e+00,0.000000e+00,0.000000e+00,0.000000e+00,0.000000e+00
1.000000e+00,0.000000e+00,0.000000e+00,0.000000e+00,0.000000e+00,0.000000e+00,0.000000e+00,0.000000e+00,0.000000e+00,0.000000e+00,0.000000e+00,0.000000e+00,0.000000e+00,0.000000e+00,0.000000e+00
1.000000e+00,0.000000e+00,0.000000e+00,0.000000e+00,0.000000e+00,0.000000e+00,0.000000e+00,0.000000e+00,0.000000e+00,0.000000e+00,0.000000e+00,0.000000e+00,0.000000e+00,0.000000e+00,0.000000e+00
1.000000e+00,0.000000e+00,0.000000e+00,0.000000e+00,0.000000e+00,0.000000e+00,0.000000e+00,0.000000e+00,0.000000e+00,0.000000e+00,0.000000e+00,0.000000e+00,0.000000e+00,0.000000e+00,0.000000e+00
1.000000e+00,0.000000e+00,0.000000e+00,0.000000e+00,0.000000e+00,0.000000e+00,0.000000e+00,0.000000e+00,0.000000e+00,0.000000e+00,0.000000e+00,0.000000e+00,0.000000e+00,0.000000e+00,0.000000e+00
1.000000e+00,0.000000e+00,0.000000e+00,0.000000e+00,0.000000e+00,0.000000e+00,0.000000e+00,0.000000e+00,0.000000e+00,0.000000e+00,0.000000e+00,0.000000e+00,0.000000e+00,0.000000e+00,0.000000e+00
1.000000e+00,0.000000e+00,0.000000e+00,0.000000e+00,0.000000e+00,0.000000e+00,0.000000e+00,0.000000e+00,0.000000e+00,0.000000e+00,0.000000e+00,0.000000e+00,0.000000e+00,0.000000e+00,0.000000e+00
1.000000e+00,0.000000e+00,0.000000e+00,0.000000e+00,0.000000e+00,0.000000e+00,0.000000e+00,0.000000e+00,0.000000e+00,0.000000e+00,0.000000e+00,0.000000e+00,0.000000e+00,0.000000e+00,0.000000e+00
1.000000e+00,0.000000e+00,0.000000e+00,0.000000e+00,0.000000e+00,0.000000e+00,0.000000e+00,0.000000e+00,0.000000e+00,0.000000e+00,0.000000e+00,0.000000e+00,0.000000e+00,0.000000e+00,0.000000e+00
1.000000e+00,0.000000e+00,0.000000e+00,0.000000e+00,0.000000e+00,0.000000e+00,0.000000e+00,0.000000e+00,0.000000e+00,0.000000e+00,0.000000e+00,0.000000e+00,0.000000e+00,0.000000e+00,0.000000e+00
1.000000e+00,0.000000e+00,0.000000e+00,0.000000e+00,0.000000e+00,0.000000e+00,0.000000e+00,0.000000e+00,0.000000e+00,0.000000e+00,0.000000e+00,0.000000e+00,0.000000e+00,0.000000e+00,0.000000e+00
1.000000e+00,0.000000e+00,0.000000e+00,0.000000e+00,0.000000e+00,0.000000e+00,0.000000e+00,0.000000e+00,0.000000e+00,0.000000e+00,0.000000e+00,0.000000e+00,0.000000e+00,0.000000e+00,0.000000e+00
1.000000e+00,0.000000e+00,0.000000e+00,0.000000e+00,0.000000e+00,0.000000e+00,0.000000e+00,0.000000e+00,0.000000e+00,0.000000e+00,0.000000e+00,0.000000e+00,0.000000e+00,0.000000e+00,0.000000e+00
1.000000e+00,0.000000e+00,0.000000e+00,0.000000e+00,0.000000e+00,0.000000e+00,0.000000e+00,0.000000e+00,0.000000e+00,0.000000e+00,0.000000e+00,0.000000e+00,0.000000e+00,0.000000e+00,0.000000e+00
1.000000e+00,0.000000e+00,0.000000e+00,0.000000e+00,0.000000e+00,0.000000e+00,0.000000e+00,0.000000e+00,0.000000e+00,0.000000e+00,0.000000e+00,0.000000e+00,0.000000e+00,0.000000e+00,0.000000e+00
1.000000e+00,0.000000e+00,0.000000e+00,0.000000e+00,0.000000e+00,0.000000e+00,0.000000e+00,0.000000e+00,0.000000e+00,0.000000e+00,0.000000e+00,0.000000e+00,0.000000e+00,0.000000e+00,0.000000e+00
1.000000e+00,0.000000e+00,0.000000e+00,0.000000e+00,0.000000e+00,0.000000e+00,0.000000e+00,0.000000e+00,0.000000e+00,0.000000e+00,0.000000e+00,0.000000e+00,0.000000e+00,0.000000e+00,0.000000e+00
1.000000e+00,0.000000e+00,0.000000e+00,0.000000e+00,0.000000e+00,0.000000e+00,0.000000e+00,0.000000e+00,0.000000e+00,0.000000e+00,0.000000e+00,0.000000e+00,0.000000e+00,0.000000e+00,0.000000e+00
1.000000e+00,0.000000e+00,0.000000e+00,0.000000e+00,0.000000e+00,0.000000e+00,0.000000e+00,0.000000e+00,0.000000e+00,0.000000e+00,0.000000e+00,0.000000e+00,0.000000e+00,0.000000e+00,0.000000e+00
1.000000e+00,0.000000e+00,0.000000e+00,0.000000e+00,0.000000e+00,0.000000e+00,0.000000e+00,0.000000e+00,0.000000e+00,0.000000e+00,0.000000e+00,0.000000e+00,0.000000e+00,0.000000e+00,0.000000e+00
1.000000e+00,0.000000e+00,0.000000e+00,0.000000e+00,0.000000e+00,0.000000e+00,0.000000e+00,0.000000e+00,0.000000e+00,0.000000e+00,0.000000e+00,0.000000e+00,0.000000e+00,0.000000e+00,0.000000e+00
1.000000e+00,0.000000e+00,0.000000e+00,0.000000e+00,0.000000e+00,0.000000e+00,0.000000e+00,0.000000e+00,0.000000e+00,0.000000e+00,0.000000e+00,0.000000e+00,0.000000e+00,0.000000e+00,0.000000e+00
1.000000e+00,0.000000e+00,0.000000e+00,0.000000e+00,0.000000e+00,0.000000e+00,0.000000e+00,0.000000e+00,0.000000e+00,0.000000e+00,0.000000e+00,0.000000e+00,0.000000e+00,0.000000e+00,0.000000e+00
1.000000e+00,0.000000e+00,0.000000e+00,0.000000e+00,0.000000e+00,0.000000e+00,0.000000e+00,0.000000e+00,0.000000e+00,0.000000e+00,0.000000e+00,0.000000e+00,0.000000e+00,0.000000e+00,0.000000e+00
4.574766e-01,1.908143e-01,4.442542e-03,6.219951e-02,3.731915e-03,1.234323e-02,1.500862e-03,4.616372e-03,3.156967e-02,6.436187e-03,1.166087e-02,1.151869e-02,1.076199e-02,3.155866e-02,1.593687e-01
3.206417e-01,1.523900e-01,3.411032e-03,4.402529e-02,2.724738e-03,9.248492e-03,1.091599e-03,3.260724e-03,2.374878e-02,5.573096e-03,9.805610e-03,8.698085e-03,8.190549e-03,8.760799e-02,3.195824e-01
2.248837e-01,1.087225e-01,2.488568e-03,3.088780e-02,2.089759e-03,6.801815e-03,7.901681e-04,2.295884e-03,1.894177e-02,4.342363e-03,1.028040e-02,6.520313e-03,6.107699e-03,2.873442e-01,2.875032e-01
1.576433e-01,7.792375e-02,1.838447e-03,2.167031e-02,1.595015e-03,5.037093e-03,5.657018e-04,1.611204e-03,1.780339e-02,3.355375e-03,1.216768e-02,4.890184e-03,4.415096e-03,3.702243e-01,3.192591e-01
1.104425e-01,5.515997e-02,1.324272e-03,1.534977e-02,1.187968e-03,3.618223e-03,4.026852e-04,1.129826e-03,1.525370e-02,3.392636e-03,1.430205e-02,3.653211e-03,3.261297e-03,5.235841e-01,2.479378e-01
7.735571e-02,3.886944e-02,9.429413e-04,1.078557e-02,8.843154e-04,2.553827e-03,2.840548e-04,7.920083e-04,1.121878e-02,3.234108e-03,1.183838e-02,2.618423e-03,2.330479e-03,6.609337e-01,1.753583e-01
5.417099e-02,2.725694e-02,6.630438e-04,7.575423e-03,6.343179e-04,1.803939e-03,2.019297e-04,5.557903e-04,8.510806e-03,5.349481e-03,9.224372e-03,1.873170e-03,1.662327e-03,7.565452e-01,1.239723e-01
3.797136e-02,1.933715e-02,4.740822e-04,5.359066e-03,4.694556e-04,1.376674e-03,1.672550e-04,3.939593e-04,3.393495e-02,7.692271e-03,9.024295e-03,1.683961e-03,1.319276e-03,7.852153e-01,9.558101e-02
2.663287e-02,1.385931e-02,3.637750e-04,3.793278e-03,3.534315e-04,1.163193e-03,1.274165e-04,2.775275e-04,3.142069e-02,1.760179e-02,1.293366e-02,1.438125e-03,1.040541e-03,8.178614e-01,7.113305e-02
1.873169e-02,1.053238e-02,7.986191e-04,2.713874e-03,4.900565e-04,1.164371e-03,1.306612e-04,2.127924e-04,2.841358e-02,3.740554e-02,4.237917e-02,1.626382e-03,1.417791e-03,7.921897e-01,6.179338e-02
1.326231e-02,7.552308e-03,6.278401e-04,1.972143e-03,6.144677e-04,1.330281e-03,1.148551e-04,1.589939e-04,2.991183e-02,5.450344e-02,8.215632e-02,1.340281e-03,1.658681e-03,7.440788e-01,6.071748e-02
9.761290e-03,5.358893e-03,4.780166e-04,1.480874e-03,4.721763e-04,1.297803e-03,8.722986e-05,1.189385e-04,4.928903e-02,4.000004e-02,1.237296e-01,1.217652e-03,1.810035e-03,7.069111e-01,5.798731e-02
7.034883e-03,3.829644e-03,3.447069e-04,1.117241e-03,5.564260e-04,1.162230e-03,6.786668e-05,8.805701e-05,4.471627e-02,3.062774e-02,1.447128e-01,3.643032e-03,2.126628e-03,7.182752e-01,4.169730e-02
5.176027e-03,2.818953e-03,2.516159e-04,8.260406e-04,6.755273e-04,3.045581e-03,5.457677e-05,6.575789e-05,3.545575e-02,2.273061e-02,1.812950e-01,4.459253e-03,2.901110e-03,7.102300e-01,3.001413e-02
3.879673e-03,2.499974e-03,1.890497e-04,6.068537e-04,5.573538e-04,5.650911e-03,4.131252e-05,5.901084e-05,2.694240e-02,1.655541e-02,2.980471e-01,4.985065e-03,3.530240e-03,6.149409e-01,2.151476e-02
2.981393e-03,2.057000e-03,1.367245e-04,4.499970e-04,5.548350e-04,9.685773e-03,3.742544e-05,4.897723e-05,2.491581e-02,1.270546e-02,4.007111e-01,6.537013e-03,4.675946e-03,5.191037e-01,1.539877e-02
2.176656e-03,1.854261e-03,1.011169e-04,3.487559e-04,4.788605e-04,8.058136e-03,3.697400e-05,3.732258e-05,3.022382e-02,9.858706e-03,5.154395e-01,8.576657e-03,4.778954e-03,4.071043e-01,1.092596e-02
1.551060e-03,2.371998e-03,1.466554e-04,3.548616e-04,6.825149e-03,6.538184e-03,7.025491e-04,3.681906e-05,2.251572e-01,1.168369e-02,4.214682e-01,7.253078e-03,3.823283e-03,3.039351e-01,8.152196e-03
1.153669e-03,3.438215e-03,1.813531e-04,3.952702e-04,9.698336e-03,5.140680e-03,6.525066e-04,7.921019e-05,3.262646e-01,1.617859e-02,3.570354e-01,6.646644e-03,3.673798e-03,2.632726e-01,6.189099e-03
9.383888e-04,5.432904e-03,5.941428e-04,5.032382e-04,4.864394e-02,4.026840e-03,1.014858e-03,1.592454e-04,3.707808e-01,2.328714e-02,2.660973e-01,5.532800e-03,5.096341e-03,2.629548e-01,4.937277e-03
8.435088e-04,5.271197e-03,6.243918e-04,7.088648e-04,6.054495e-02,3.140812e-03,1.059167e-03,2.202062e-04,3.812153e-01,4.912161e-02,2.045164e-01,5.539909e-03,6.400849e-03,2.765803e-01,4.212541e-03
1.172229e-03,9.773402e-03,1.297556e-03,1.666597e-03,4.414883e-02,7.346701e-03,1.005305e-03,1.840867e-03,4.075148e-01,6.056274e-02,2.363865e-01,9.721573e-03,1.012284e-02,2.035089e-01,3.931152e-03
1.025437e-02,1.821665e-02,2.791910e-02,1.839008e-02,3.847001e-02,1.422429e-02,2.101906e-03,1.090597e-01,3.248137e-01,6.026567e-02,1.848411e-01,1.388405e-02,2.796306e-02,1.456335e-01,3.962720e-03
2.697463e-02,2.888973e-02,3.088785e-02,3.380358e-02,3.714402e-02,1.973252e-02,1.926994e-03,9.773187e-02,2.867057e-01,1.190727e-01,1.569159e-01,1.216737e-02,2.575296e-02,1.172448e-01,5.049363e-03
3.657225e-02,3.433191e-02,2.777088e-02,3.268832e-02,4.799382e-02,2.550061e-02,2.275174e-03,7.640199e-02,2.396854e-01,1.834109e-01,1.538370e-01,1.463542e-02,2.037358e-02,9.342236e-02,1.110048e-02
4.895116e-02,3.569084e-02,2.215208e-02,2.546234e-02,7.972816e-02,2.982659e-02,3.676004e-03,6.150592e-02,2.039394e-01,2.411648e-01,1.288253e-01,1.229209e-02,1.600756e-02,7.968327e-02,1.109446e-02
6.560016e-02,7.013193e-02,2.653161e-02,2.381020e-02,8.189432e-02,2.497143e-02,3.358859e-03,5.443063e-02,1.806657e-01,2.035933e-01,1.584993e-01,1.129888e-02,1.261345e-02,6.648263e-02,1.611771e-02
7.267697e-02,8.893824e-02,3.139558e-02,1.882159e-02,1.181505e-01,2.823217e-02,3.825975e-03,4.540407e-02,1.676381e-01,1.656370e-01,1.301246e-01,9.103652e-03,1.044128e-02,9.642909e-02,1.318121e-02
7.817437e-02,8.624171e-02,4.296023e-02,1.884705e-02,1.199907e-01,3.426261e-02,4.371794e-03,8.265392e-02,1.451494e-01,1.582528e-01,1.082055e-01,9.146914e-03,9.153926e-03,8.953348e-02,1.305569e-02
7.003992e-02,7.337252e-02,7.256688e-02,1.049328e-01,1.236165e-01,2.683483e-02,4.178741e-03,1.195932e-01,1.170575e-01,1.137391e-01,8.313627e-02,8.088072e-03,8.272381e-03,6.477870e-02,9.792642e-03
5.665730e-02,5.283044e-02,5.940955e-02,8.351164e-02,1.240304e-01,1.996684e-02,3.557448e-03,3.108930e-01,8.436623e-02,7.974856e-02,6.008444e-02,5.915153e-03,6.574487e-03,4.554141e-02,6.913142e-03
5.323032e-02,3.967550e-02,4.986472e-02,1.591741e-01,1.623261e-01,1.671656e-02,6.505694e-03,2.388799e-01,6.698831e-02,5.904758e-02,8.080027e-02,7.523762e-03,2.070401e-02,3.266006e-02,5.903073e-03
4.380570e-02,2.840908e-02,3.508181e-02,1.412503e-01,1.413151e-01,1.287901e-02,4.660885e-03,1.705581e-01,5.164524e-02,4.312702e-02,2.448078e-01,1.025141e-02,3.993616e-02,2.682934e-02,5.443130e-03
3.551478e-02,2.034740e-02,2.472617e-02,1.176798e-01,1.217577e-01,9.765468e-03,3.336620e-03,1.212812e-01,4.385497e-02,3.107470e-02,3.858942e-01,1.507562e-02,4.454643e-02,2.005028e-02,5.094683e-03
3.067748e-02,1.482194e-02,1.756956e-02,8.665171e-02,1.103604e-01,7.855322e-03,2.378408e-03,8.692479e-02,4.367289e-02,2.400716e-02,4.330380e-01,2.336277e-02,9.253517e-02,2.158871e-02,4.555771e-03
3.375410e-02,1.098857e-02,1.248891e-02,6.273871e-02,9.272475e-02,5.929115e-03,1.717780e-03,6.187951e-02,3.934134e-02,1.806429e-02,4.649187e-01,2.276726e-02,1.390305e-01,2.990337e-02,3.753175e-03
5.181918e-02,8.302494e-03,1.006736e-02,4.723100e-02,7.792115e-02,4.832232e-03,1.267146e-03,4.466426e-02,4.849686e-02,1.607208e-02,4.737228e-01,2.030815e-02,1.171373e-01,7.466309e-02,3.494871e-03
3.874008e-02,6.371377e-03,8.053175e-03,3.706012e-02,5.748358e-02,3.891184e-03,9.075874e-04,3.214613e-02,1.388757e-01,1.461064e-02,4.225178e-01,1.683298e-02,1.043947e-01,1.106206e-01,7.494356e-03
2.748355e-02,5.660193e-03,8.351859e-03,2.763974e-02,4.323235e-02,3.075738e-03,6.442675e-04,2.271520e-02,1.757734e-01,1.256083e-02,3.843995e-01,1.476933e-02,8.442014e-02,1.815571e-01,7.716870e-03
1.960681e-02,5.075450e-03,7.695227e-03,2.156415e-02,3.455000e-02,2.656777e-03,4.676103e-04,1.626207e-02,2.398389e-01,1.033526e-02,3.334441e-01,1.487613e-02,7.310340e-02,2.123443e-01,8.179830e-03
1.403862e-02,3.774922e-03,6.290173e-03,1.709748e-02,2.699129e-02,2.713887e-03,3.404373e-04,1.163280e-02,3.463122e-01,9.428106e-03,2.893047e-01,1.350190e-02,5.838962e-02,1.917622e-01,8.421741e-03
1.039870e-02,3.324505e-03,5.764460e-03,1.293859e-02,2.206204e-02,2.489106e-03,2.542885e-04,8.278481e-03,3.126414e-01,8.222329e-03,3.238114e-01,1.387959e-02,5.036456e-02,2.181125e-01,7.458170e-03
7.652088e-03,2.909607e-03,4.732305e-03,9.747261e-03,1.737402e-02,1.952788e-03,1.883015e-04,5.832965e-03,2.824565e-01,1.023223e-02,2.962635e-01,1.663019e-02,4.514721e-02,2.889980e-01,9.883011e-03
5.681245e-03,2.341226e-03,4.011106e-03,7.075357e-03,1.276525e-02,1.481585e-03,1.399804e-04,4.121456e-03,2.136674e-01,8.248194e-03,3.652208e-01,1.390310e-02,3.349973e-02,3.201573e-01,7.686190e-03
1.480562e-02,2.510398e-03,3.925760e-03,7.900246e-03,1.125620e-02,2.370937e-03,1.813183e-04,3.333557e-03,2.387164e-01,8.014640e-03,3.571340e-01,1.210800e-02,2.696439e-02,3.025477e-01,8.230772e-03
1.576747e-02,2.845315e-03,3.627150e-03,5.974442e-03,8.376403e-03,2.372086e-03,1.486117e-04,2.383400e-03,1.930257e-01,6.151222e-03,3.543178e-01,1.002678e-02,2.293857e-02,3.658715e-01,6.173493e-03
1.758800e-02,2.694617e-03,3.568145e-03,4.969148e-03,6.385489e-03,2.454209e-03,1.486956e-04,1.992284e-03,1.559517e-01,6.306341e-03,4.116477e-01,8.852893e-03,1.875194e-02,3.528208e-01,5.867957e-03
1.490692e-02,2.735037e-03,3.063139e-03,4.141654e-03,5.339967e-03,2.922073e-03,1.442701e-04,1.476808e-03,1.607841e-01,5.936296e-03,3.724768e-01,9.496289e-03,1.445984e-02,3.976532e-01,4.463636e-03
1.918906e-02,2.991094e-03,3.211133e-03,3.366742e-03,4.582874e-03,4.322653e-03,1.844202e-04,1.179313e-03,1.372047e-01,5.426199e-03,3.305397e-01,1.000397e-02,1.118512e-02,4.630959e-01,3.517137e-03
4.554970e-02,3.955777e-03,3.034218e-03,3.524551e-03,4.009147e-03,4.865407e-03,2.021540e-04,1.062218e-03,1.277072e-01,5.595081e-03,3.358944e-01,9.646893e-03,8.958633e-03,4.424698e-01,3.524756e-03
3.412457e-02,3.761727e-03,3.241301e-03,2.851156e-03,3.344917e-03,3.845775e-03,1.590124e-04,7.790134e-04,1.455153e-01,4.539624e-03,2.654167e-01,1.064438e-02,7.516135e-03,5.115363e-01,2.724077e-03
2.585884e-02,3.618922e-03,3.845299e-03,2.263398e-03,2.632534e-03,3.550953e-03,1.458777e-04,5.931669e-04,1.878121e-01,3.739654e-03,2.126125e-01,1.083488e-02,6.012855e-03,5.342056e-01,2.273336e-03
1.853573e-02,2.926666e-03,2.937784e-03,1.711978e-03,1.980946e-03,3.469140e-03,1.137576e-04,4.311995e-04,2.297987e-01,2.951536e-03,1.651732e-01,8.956078e-03,4.334216e-03,5.548505e-01,1.828535e-03
1.312993e-02,2.978469e-03,2.940099e-03,1.275021e-03,1.501972e-03,5.144645e-03,9.153570e-05,3.222761e-04,3.125996e-01,2.263147e-03,1.220157e-01,6.870620e-03,3.104442e-03,5.240844e-01,1.678055e-03
9.789348e-03,2.269421e-03,2.345393e-03,9.462211e-04,1.106076e-03,7.287722e-03,7.241027e-05,2.372609e-04,3.579082e-01,1.638849e-03,8.945959e-02,5.210506e-03,2.205838e-03,5.181302e-01,1.392898e-03
6.998754e-03,1.704505e-03,1.739284e-03,6.957400e-04,8.121412e-04,5.752039e-03,5.360935e-05,1.686630e-04,4.509114e-01,1.220593e-03,6.499755e-02,3.832731e-03,1.556755e-03,4.584488e-01,1.107478e-03
5.219996e-03,1.973304e-03,1.675078e-03,8.112498e-04,7.614120e-04,6.442404e-03,1.186877e-04,1.367010e-04,5.842754e-01,1.786357e-03,4.651586e-02,2.773199e-03,1.229449e-03,3.364129e-01,9.868007e-03
4.439921e-03,1.706300e-03,1.926497e-03,2.206685e-03,8.465468e-04,8.703326e-03,1.692337e-04,3.020430e-04,6.756107e-01,4.112854e-03,3.567461e-02,2.637254e-03,1.185036e-03,2.475554e-01,1.292367e-02
4.565123e-03,1.786282e-03,2.070005e-03,2.730186e-03,8.384263e-04,1.717042e-02,2.078116e-04,4.019508e-04,7.315278e-01,4.370338e-03,2.766400e-02,1.996082e-03,9.642886e-04,1.883160e-01,1.539124e-02
3.816506e-03,3.307451e-03,2.049566e-03,3.060822e-03,9.016932e-04,1.646696e-02,1.615397e-04,3.501016e-04,7.848911e-01,4.154263e-03,2.006807e-02,1.410218e-03,7.825431e-04,1.400041e-01,1.857495e-02
4.138496e-03,7.056273e-03,2.105957e-03,3.462952e-03,1.283364e-03,1.568616e-02,1.308481e-04,2.862882e-04,7.726887e-01,4.851008e-03,1.455007e-02,1.014732e-03,9.335162e-04,1.319804e-01,3.983106e-02
9.001901e-03,7.946449e-03,2.567335e-03,4.445621e-03,4.576503e-03,1.363461e-02,1.146847e-04,6.403856e-04,7.916031e-01,4.249954e-03,1.151456e-02,7.740978e-04,7.937158e-04,1.056186e-01,4.251832e-02
8.744212e-03,1.212817e-02,3.439203e-03,9.072429e-03,3.849860e-03,1.064778e-02,8.755166e-05,5.192461e-04,7.603036e-01,4.450934e-03,8.989150e-03,6.214507e-04,7.745097e-04,7.742187e-02,9.895004e-02
7.782315e-03,1.071525e-02,2.766319e-03,6.833770e-03,3.099809e-03,8.449496e-03,6.537577e-05,3.746295e-04,7.782043e-01,3.592355e-03,7.039043e-03,4.602785e-04,6.630222e-04,5.863639e-02,1.113176e-01
6.510325e-03,8.265569e-03,2.045499e-03,4.973360e-03,2.433609e-03,6.174994e-03,5.021195e-05,4.123375e-04,8.317679e-01,2.764557e-03,5.295300e-03,3.602675e-04,6.053480e-04,4.324740e-02,8.509333e-02
8.269617e-03,1.072678e-02,1.463799e-03,3.535570e-03,1.720129e-03,4.675238e-03,3.792082e-05,3.629372e-04,8.581220e-01,2.214624e-03,7.451465e-03,3.346134e-04,1.038961e-03,3.781907e-02,6.222727e-02
6.235064e-03,7.835702e-03,1.082603e-03,2.511703e-03,1.230702e-03,3.420464e-03,3.023571e-05,2.630846e-04,6.497337e-01,1.636541e-03,3.455142e-02,4.992876e-04,9.323362e-04,2.459563e-01,4.408079e-02
4.423458e-03,5.749818e-03,9.399296e-04,1.807494e-03,8.698215e-04,2.398398e-03,2.292337e-05,1.857976e-04,6.866270e-01,1.627493e-03,8.183886e-02,6.840532e-03,1.462221e-03,1.739891e-01,3.121704e-02
3.598374e-03,4.540678e-03,1.105135e-03,1.340811e-03,6.534601e-04,1.743542e-03,4.105145e-05,1.490687e-04,6.091545e-01,2.551308e-03,1.775932e-01,3.650913e-02,2.381210e-03,1.360963e-01,2.254217e-02
2.695697e-03,3.664342e-03,1.087075e-03,9.700217e-04,5.804948e-04,1.266462e-03,4.468111e-05,1.217572e-04,4.409840e-01,2.631838e-03,2.093313e-01,2.193876e-01,2.874568e-03,9.839856e-02,1.596164e-02
1.962616e-03,2.715020e-03,8.559406e-04,6.844107e-04,5.223877e-04,9.507568e-04,4.799605e-05,1.005518e-04,3.125714e-01,2.333522e-03,2.746796e-01,3.176918e-01,3.021629e-03,7.060674e-02,1.125564e-02
1.405433e-03,2.022777e-03,6.845695e-04,4.827770e-04,1.048592e-03,7.373415e-04,8.983100e-05,8.829628e-05,2.193766e-01,1.848952e-03,2.958559e-01,4.155508e-01,2.616065e-03,5.029412e-02,7.898025e-03
1.030575e-03,1.485490e-03,7.097650e-04,3.444853e-04,3.283896e-03,8.079627e-04,1.876194e-04,4.568715e-04,1.537555e-01,1.902929e-03,2.541219e-01,5.381835e-01,2.171334e-03,3.601954e-02,5.538714e-03
7.566065e-04,1.048635e-03,5.128240e-04,2.424613e-04,2.930155e-03,6.449556e-04,1.488068e-04,3.331861e-04,1.076655e-01,1.379778e-03,2.025725e-01,6.504520e-01,1.644381e-03,2.578838e-02,3.879803e-03
5.534270e-04,7.402935e-04,3.644846e-04,1.713070e-04,2.172531e-03,5.088999e-04,1.070660e-04,2.365801e-04,7.538872e-02,9.869712e-04,1.446119e-01,7.518356e-01,1.188115e-03,1.841587e-02,2.718178e-03
4.160767e-04,5.508307e-04,2.699859e-04,1.212688e-04,1.727541e-03,4.226379e-04,8.880183e-05,1.726793e-04,5.283815e-02,7.124773e-04,1.031189e-01,8.233089e-01,8.727998e-04,1.347260e-02,1.906369e-03
1.080252e-03,5.570293e-04,4.406573e-04,1.274084e-04,1.503858e-03,1.049821e-03,2.488816e-04,3.096587e-04,3.709915e-02,5.291797e-04,7.501294e-02,8.697639e-01,7.026434e-04,1.022550e-02,1.349226e-03
9.260722e-04,4.737391e-04,3.617424e-04,9.764327e-05,1.181222e-03,8.012156e-04,1.978601e-04,3.267298e-04,2.602856e-02,3.968521e-04,5.720097e-02,9.031131e-01,5.053118e-04,7.441480e-03,9.475534e-04
1.109301e-03,7.563467e-04,4.819420e-04,1.089083e-04,1.342342e-03,7.982633e-04,1.834472e-04,4.701983e-04,1.848537e-02,3.337009e-04,4.754729e-02,9.214299e-01,3.832557e-04,5.877211e-03,6.925689e-04
1.257113e-03,1.250992e-03,9.013283e-04,1.885274e-04,2.929962e-03,7.766285e-04,1.994015e-04,2.049763e-03,1.508178e-02,2.882670e-04,3.643909e-02,9.333999e-01,3.082006e-04,4.366394e-03,5.626760e-04
1.598420e-03,2.119624e-03,1.534060e-03,2.754975e-04,3.855631e-03,8.221232e-04,2.336045e-04,4.442709e-03,1.527420e-02,3.116457e-04,3.174416e-02,9.334674e-01,2.955863e-04,3.491625e-03,5.337096e-04
3.626190e-03,2.523333e-03,7.685882e-03,4.451377e-03,2.474720e-02,1.793585e-03,6.812967e-04,1.438089e-01,1.226237e-02,5.035141e-04,2.630431e-02,7.677555e-01,4.066839e-04,3.050067e-03,3.997154e-04
5.988009e-03,2.853793e-03,7.767747e-03,3.546306e-03,8.662111e-02,7.979935e-03,4.111651e-03,1.136517e-01,3.317332e-02,9.104647e-04,4.732749e-02,6.815944e-01,8.198007e-04,3.086699e-03,5.675085e-04
1.441805e-02,8.840891e-03,1.305540e-02,3.587571e-03,1.277015e-01,1.465661e-02,7.058322e-03,9.608339e-02,7.977397e-02,2.754564e-03,5.511007e-02,5.677716e-01,1.244576e-03,3.511407e-03,4.432145e-03
2.039926e-02,1.876759e-02,4.615469e-02,4.347551e-03,1.356198e-01,1.278037e-02,5.417824e-03,7.434814e-02,1.210460e-01,1.010267e-02,6.775032e-02,4.481627e-01,1.713074e-03,5.601599e-03,2.778845e-02
3.116346e-02,2.552713e-02,7.052921e-02,5.917035e-03,1.266899e-01,1.130938e-02,4.053877e-03,6.065977e-02,1.309671e-01,1.824793e-02,1.008484e-01,3.377689e-01,2.375262e-03,1.909049e-02,5.485228e-02
3.906698e-02,2.616407e-02,6.258145e-02,5.379069e-03,1.191610e-01,9.876062e-03,3.011762e-03,4.587582e-02,1.231705e-01,1.905443e-02,2.061815e-01,2.442706e-01,2.291397e-03,3.074271e-02,6.317261e-02
3.973048e-02,2.594949e-02,6.262624e-02,5.227312e-03,1.007841e-01,1.137637e-02,3.265837e-03,3.700590e-02,1.847454e-01,1.885119e-02,2.408921e-01,1.820561e-01,2.554784e-03,3.070418e-02,5.423059e-02
5.692504e-02,2.305235e-02,6.703763e-02,5.526927e-03,9.090182e-02,2.328966e-02,1.029554e-02,3.850637e-02,1.776008e-01,1.775434e-02,2.591041e-01,1.480470e-01,3.187112e-03,3.417786e-02,4.459341e-02
8.773829e-02,1.803162e-02,9.793656e-02,1.202369e-02,7.948386e-02,3.374075e-02,1.098819e-02,9.571500e-02,1.407894e-01,1.526409e-02,2.254915e-01,1.139195e-01,3.425585e-03,2.805241e-02,3.739948e-02
1.333685e-01,1.563231e-02,8.773423e-02,2.854431e-02,7.151369e-02,4.986864e-02,9.321395e-03,1.259013e-01,1.154649e-01,1.459035e-02,1.902556e-01,9.400656e-02,4.024158e-03,2.288845e-02,3.688560e-02
1.400312e-01,2.125474e-02,1.033435e-01,3.604866e-02,6.945111e-02,7.834549e-02,7.467082e-03,1.345113e-01,1.041009e-01,1.723086e-02,1.524709e-01,7.418458e-02,4.002611e-03,2.380229e-02,3.375480e-02
1.551497e-01,4.152050e-02,1.132816e-01,3.711962e-02,6.222659e-02,6.182561e-02,5.510283e-03,1.058646e-01,1.075451e-01,4.099583e-02,1.316520e-01,5.700419e-02,4.351787e-03,3.348561e-02,4.246698e-02
1.450481e-01,3.542881e-02,1.421652e-01,5.045317e-02,7.529414e-02,4.984545e-02,4.843259e-03,1.303328e-01,1.001443e-01,4.079252e-02,1.099631e-01,4.470870e-02,4.382717e-03,3.416654e-02,3.243119e-02
1.268422e-01,2.654646e-02,1.493532e-01,7.620196e-02,1.185944e-01,4.619690e-02,5.971867e-03,1.795690e-01,7.522117e-02,3.114004e-02,7.875308e-02,3.184720e-02,3.226293e-03,2.710391e-02,2.343235e-02
1.154871e-01,2.293160e-02,1.441306e-01,2.013629e-01,1.064811e-01,6.447618e-02,4.472192e-03,1.281821e-01,5.738474e-02,3.296585e-02,5.663841e-02,2.356776e-02,2.926955e-03,2.037664e-02,1.861601e-02
1.148386e-01,2.280937e-02,1.169355e-01,1.505924e-01,8.301058e-02,1.344388e-01,4.190935e-03,1.415593e-01,5.453311e-02,4.330353e-02,5.887081e-02,2.634486e-02,6.648615e-03,2.209631e-02,1.982729e-02
1.236730e-01,1.787193e-02,8.889815e-02,1.178814e-01,6.332789e-02,2.556175e-01,5.749729e-03,1.091633e-01,4.695639e-02,4.421696e-02,5.327382e-02,3.034334e-02,6.779792e-03,1.911140e-02,1.713544e-02
1.347195e-01,1.508369e-02,6.965289e-02,9.194361e-02,5.100209e-02,2.975481e-01,6.199802e-03,9.251543e-02,5.225999e-02,4.237415e-02,6.142818e-02,4.042154e-02,8.312136e-03,1.983155e-02,1.670735e-02
1.623356e-01,1.271263e-02,5.308997e-02,6.992706e-02,3.968941e-02,2.945452e-01,8.374233e-03,9.741589e-02,8.690681e-02,3.894224e-02,5.214120e-02,3.878003e-02,9.341506e-03,2.117349e-02,1.462470e-02
2.231333e-01,1.332158e-02,4.353768e-02,5.332712e-02,3.283904e-02,2.457183e-01,7.163692e-03,7.606815e-02,1.262379e-01,4.129924e-02,4.994461e-02,4.377421e-02,8.213804e-03,1.927531e-02,1.614601e-02
2.631987e-01,1.955382e-02,3.854816e-02,4.170612e-02,3.033549e-02,1.868235e-01,6.029953e-03,6.136648e-02,1.038382e-01,1.218291e-01,4.150197e-02,4.017074e-02,7.713364e-03,1.701612e-02,2.036829e-02
3.162435e-01,2.341418e-02,3.130054e-02,3.212247e-02,2.489783e-02,1.406217e-01,5.407599e-03,4.915201e-02,9.095252e-02,1.662953e-01,3.714461e-02,3.404618e-02,7.039515e-03,1.849686e-02,2.286517e-02
3.790697e-01,2.210490e-02,2.591257e-02,2.828196e-02,2.365060e-02,1.093991e-01,4.898789e-03,4.045436e-02,7.510027e-02,1.773195e-01,3.308916e-02,3.185718e-02,7.016907e-03,1.689779e-02,2.494713e-02
3.788774e-01,1.848493e-02,2.189842e-02,2.240578e-02,2.245766e-02,8.408231e-02,3.820625e-03,3.897356e-02,5.805190e-02,2.514079e-01,2.926233e-02,2.668176e-02,6.738954e-03,1.637637e-02,2.048009e-02
3.398831e-01,1.501541e-02,1.676621e-02,1.710618e-02,1.900198e-02,6.257431e-02,2.923652e-03,2.982870e-02,4.390898e-02,3.716938e-01,2.513292e-02,1.982540e-02,5.716371e-03,1.438124e-02,1.624171e-02
2.859121e-01,1.220477e-02,1.321130e-02,1.380489e-02,1.887173e-02,4.619223e-02,2.548800e-03,2.653124e-02,3.436225e-02,4.778568e-01,2.189854e-02,1.501468e-02,5.377386e-03,1.289518e-02,1.331813e-02
2.104017e-01,1.244123e-02,1.166084e-02,1.252132e-02,1.385296e-02,5.495743e-02,1.909337e-03,1.902509e-02,4.024035e-02,5.369606e-01,1.884582e-02,1.161701e-02,7.359197e-03,1.102092e-02,3.718628e-02
1.492382e-01,1.141042e-02,9.396832e-03,1.042330e-02,1.005843e-02,3.923911e-02,1.403930e-03,1.340212e-02,6.465958e-02,3.984566e-01,1.550008e-02,8.754930e-03,8.177826e-03,8.936803e-03,2.509418e-01
1.124226e-01,1.254308e-02,7.566812e-03,8.812071e-03,7.892106e-03,3.645141e-02,1.191246e-03,9.696225e-03,9.227154e-02,3.456809e-01,3.486506e-02,1.031786e-02,1.728765e-02,2.280180e-02,2.801997e-01
8.927516e-02,1.320278e-02,6.205533e-03,8.140417e-03,7.614984e-03,3.251012e-02,1.394567e-03,8.514647e-03,1.439106e-01,2.653014e-01,9.028416e-02,1.303969e-02,2.745510e-02,5.349235e-02,2.396585e-01
6.483474e-02,1.233030e-02,4.565515e-03,7.044724e-03,5.608363e-03,2.420451e-02,1.089991e-03,6.037564e-03,1.513104e-01,1.958252e-01,2.321083e-01,1.504302e-02,2.579117e-02,6.922269e-02,1.849836e-01
5.963454e-02,1.103684e-02,4.178828e-03,7.175078e-03,5.957944e-03,2.551001e-02,1.487357e-03,5.093360e-03,1.291718e-01,1.574494e-01,2.945930e-01,1.451215e-02,2.803518e-02,8.730653e-02,1.688581e-01
5.342181e-02,9.010093e-03,3.075172e-03,6.513893e-03,5.107403e-03,2.235905e-02,1.874823e-03,3.923255e-03,1.156542e-01,1.208757e-01,3.878855e-01,1.287026e-02,2.261950e-02,9.409867e-02,1.407107e-01
4.538367e-02,7.149994e-03,2.274679e-03,5.660642e-03,4.210838e-03,1.682093e-02,1.697903e-03,3.070110e-03,1.066562e-01,8.761147e-02,4.666913e-01,2.079117e-02,2.093287e-02,1.049829e-01,1.060654e-01
3.494679e-02,5.704351e-03,1.651790e-03,4.299857e-03,3.760306e-03,1.200204e-02,1.353159e-03,2.275196e-03,8.856554e-02,6.324706e-02,5.371161e-01,3.802361e-02,2.078873e-02,1.096229e-01,7.664260e-02
2.504629e-02,4.486307e-03,1.228636e-03,3.270735e-03,4.883331e-03,8.651384e-03,1.243876e-03,1.726308e-03,6.682914e-02,4.530888e-02,6.528456e-01,3.300222e-02,1.638153e-02,8.074064e-02,5.435515e-02
1.803533e-02,3.919270e-03,1.236985e-03,2.594708e-03,3.205155e-02,6.281502e-03,1.140301e-03,2.051044e-03,7.000826e-02,3.524718e-02,6.789124e-01,2.557185e-02,1.337712e-02,6.470913e-02,4.486342e-02
1.332242e-02,5.106155e-03,1.470537e-03,2.274639e-03,5.084301e-02,6.130997e-03,1.141082e-03,3.218852e-03,1.390294e-01,3.256044e-02,6.139460e-01,2.441132e-02,1.207818e-02,5.487919e-02,3.958784e-02
1.219166e-02,8.491972e-03,2.289890e-03,2.941635e-03,5.351903e-02,1.009278e-02,3.124944e-03,2.639729e-02,2.196159e-01,3.060104e-02,5.165440e-01,2.456818e-02,1.146266e-02,4.523487e-02,3.292415e-02
1.052928e-02,1.349104e-02,3.500912e-03,3.973073e-03,8.055177e-02,1.542665e-02,3.540944e-03,3.169872e-02,3.093393e-01,2.810107e-02,4.034429e-01,2.107482e-02,9.229026e-03,4.082642e-02,2.527411e-02
1.180584e-02,8.394711e-02,5.096168e-03,5.411088e-03,9.716079e-02,2.593807e-02,2.960940e-03,2.884512e-02,3.101093e-01,2.968633e-02,3.177276e-01,1.524873e-02,7.491666e-03,3.452223e-02,2.404901e-02
1.248119e-02,6.840946e-02,1.800684e-02,1.395970e-02,1.025258e-01,3.539951e-02,2.295799e-03,2.770833e-02,3.814861e-01,2.733400e-02,2.407601e-01,1.186401e-02,6.274268e-03,2.990131e-02,2.159377e-02
1.564078e-02,6.625329e-02,1.491025e-02,1.185647e-02,8.526383e-02,9.248096e-02,1.877866e-03,2.095918e-02,4.076376e-01,2.372146e-02,1.926439e-01,9.642823e-03,5.613007e-03,3.031294e-02,2.118569e-02
2.155705e-02,5.813123e-02,1.910105e-02,2.250285e-02,9.464173e-02,8.307201e-02,2.632517e-03,7.555518e-02,3.760707e-01,1.776261e-02,1.525308e-01,8.511934e-03,5.373011e-03,4.529019e-02,1.726716e-02
2.550855e-02,5.312744e-02,2.181648e-02,2.392508e-02,7.746754e-02,6.453216e-02,2.394663e-03,6.483427e-02,4.567790e-01,1.460692e-02,1.246554e-01,1.071680e-02,5.597886e-03,4.027917e-02,1.375869e-02
1.969241e-02,4.232084e-02,2.008604e-02,6.605662e-02,6.157562e-02,6.205562e-02,1.770909e-03,4.605129e-02,4.937171e-01,1.422379e-02,1.083999e-01,1.223065e-02,8.607004e-03,2.917857e-02,1.403363e-02
2.135530e-02,3.202678e-02,1.716539e-02,6.612964e-02,6.142160e-02,4.921224e-02,1.422343e-03,3.363107e-02,3.822665e-01,1.592316e-02,2.025385e-01,5.489122e-02,2.284446e-02,2.694012e-02,1.223157e-02
1.699958e-02,2.290015e-02,1.304815e-02,4.950580e-02,4.461773e-02,3.562964e-02,1.085374e-03,2.404282e-02,2.725277e-01,1.260951e-02,2.914069e-01,1.540063e-01,2.964063e-02,2.190610e-02,1.007355e-02
1.471063e-02,1.901345e-02,1.161032e-02,3.589173e-02,3.678572e-02,2.649262e-02,8.198694e-04,1.742327e-02,2.033661e-01,2.204903e-02,3.695641e-01,1.575000e-01,4.209933e-02,3.493875e-02,7.735049e-03
1.229583e-02,1.500229e-02,1.244210e-02,2.603487e-02,2.904157e-02,1.889769e-02,6.080319e-04,1.261110e-02,1.494741e-01,2.623280e-02,4.120145e-01,1.599414e-01,4.522389e-02,7.298978e-02,7.189898e-03
1.225007e-02,1.210691e-02,1.148945e-02,1.883949e-02,2.473274e-02,1.349497e-02,4.559411e-04,9.076784e-03,1.070772e-01,3.128346e-02,4.582840e-01,1.243050e-01,3.541695e-02,1.346427e-01,6.544378e-03
1.974576e-02,9.637916e-03,1.103882e-02,1.466793e-02,1.873603e-02,1.013472e-02,3.671177e-04,6.693578e-03,7.831091e-02,4.591784e-02,4.687222e-01,9.473740e-02,2.640754e-02,1.892488e-01,5.633409e-03
1.474834e-02,1.236254e-02,3.421896e-02,1.073675e-02,1.804388e-02,7.222923e-03,2.654277e-04,4.832456e-03,5.702169e-02,3.543029e-02,5.383041e-01,7.281177e-02,2.038825e-02,1.684976e-01,5.115034e-03
1.157873e-02,9.998369e-03,5.923258e-02,8.393551e-03,1.432542e-02,5.270129e-03,2.089213e-04,5.126482e-03,4.559923e-02,2.838960e-02,4.856015e-01,5.709063e-02,1.617064e-02,2.477499e-01,5.264258e-03
9.428974e-03,7.739472e-03,7.649166e-02,7.346480e-03,1.118762e-02,4.013789e-03,2.095489e-04,1.113766e-02,3.584329e-02,2.271882e-02,3.844584e-01,4.216134e-02,1.303423e-02,3.700000e-01,4.228722e-03
1.048390e-02,6.315318e-03,1.410249e-01,7.579898e-03,8.813209e-03,4.928119e-03,2.718307e-04,2.339680e-02,3.067229e-02,1.757657e-02,2.822480e-01,3.001882e-02,1.001399e-02,4.230306e-01,3.625780e-03
1.419793e-02,9.752787e-03,2.604515e-01,3.047361e-02,7.757608e-03,4.973236e-03,4.842958e-04,3.250703e-02,5.480143e-02,1.339167e-02,1.998401e-01,2.115921e-02,7.409888e-03,3.392428e-01,3.556903e-03
3.697927e-02,1.092502e-02,2.960128e-01,3.123637e-02,8.446401e-03,5.047741e-03,4.978091e-04,2.547572e-02,7.072982e-02,1.099149e-02,1.436269e-01,1.513634e-02,5.695166e-03,3.357913e-01,3.407915e-03
3.743433e-02,9.586236e-03,2.283126e-01,6.083607e-02,1.147114e-02,4.861347e-03,6.088814e-04,3.795531e-02,1.211847e-01,8.715076e-03,1.125479e-01,1.090975e-02,5.049655e-03,3.469216e-01,3.605364e-03
3.910808e-02,8.856370e-03,1.719169e-01,9.667225e-02,1.645183e-02,4.530807e-03,6.048064e-04,6.816645e-02,1.378182e-01,7.355480e-03,1.015356e-01,8.058103e-03,6.461797e-03,3.292624e-01,3.200980e-03
3.752702e-02,1.211139e-02,1.513409e-01,1.956051e-01,2.243808e-02,5.039703e-03,5.965242e-04,9.443659e-02,1.270367e-01,5.466018e-03,8.161712e-02,5.975876e-03,5.996548e-03,2.516916e-01,3.120838e-03
4.135666e-02,1.472141e-02,1.248663e-01,1.536947e-01,2.079246e-02,5.027672e-02,6.655462e-04,8.398695e-02,2.111326e-01,5.780461e-03,6.847277e-02,5.162128e-03,8.125523e-03,1.937793e-01,1.718642e-02
4.393778e-02,1.401232e-02,9.182776e-02,1.128610e-01,1.882547e-02,1.963995e-01,8.152245e-04,7.670042e-02,2.101586e-01,5.578672e-03,5.477437e-02,5.280626e-03,1.080919e-02,1.401025e-01,1.791662e-02
4.744381e-02,1.935073e-02,6.946580e-02,8.849114e-02,2.016113e-02,3.240940e-01,1.520428e-03,6.605122e-02,1.765508e-01,7.612653e-03,4.293308e-02,4.628594e-03,9.596741e-03,1.011300e-01,2.096989e-02
4.073897e-02,1.812512e-02,6.655945e-02,7.224116e-02,1.833120e-02,4.204311e-01,2.283072e-03,5.995867e-02,1.508417e-01,1.252592e-02,3.154124e-02,3.474617e-03,7.353515e-03,7.183746e-02,2.375684e-02
