1.000000e+00,0.000000e+00,0.000000e+00,0.000000e+00,0.000000e+00,0.000000e+00,0.000000e+00,0.000000e+00,0.000000e+00,0.000000e+00,0.000000e+00,0.000000e+00,0.000000e+00,0.000000e+00,0.000000e+00
1.000000e+00,0.000000e+00,0.000000e+00,0.000000e+00,0.000000e+00,0.000000e+00,0.000000e+00,0.000000e+00,0.000000e+00,0.000000e+00,0.000000e+00,0.000000e+00,0.000000e+00,0.000000e+00,0.000000e+00
1.000000e+00,0.000000e+00,0.000000e+00,0.000000e+00,0.000000e+00,0.000000e+00,0.000000e+00,0.000000e+00,0.000000e+00,0.000000e+00,0.000000e+00,0.000000e+00,0.000000e+00,0.000000e+00,0.000000e+00
1.000000e+00,0.000000e+00,0.000000e+00,0.000000e+00,0.000000e+00,0.000000e+00,0.000000e+00,0.000000e+00,0.000000e+00,0.000000e+00,0.000000e+00,0.000000e+00,0.000000e+00,0.000000e+00,0.000000e+00
1.000000e+00,0.000000e+00,0.000000e+00,0.000000e+00,0.000000e+00,0.000000e+00,0.000000e+00,0.000000e+00,0.000000e+00,0.000000e+00,0.000000e+00,0.000000e+00,0.000000e+00,0.000000e+00,0.000000e+00
1.000000e+00,0.000000e+00,0.000000e+00,0.000000e+00,0.000000e+00,0.000000e+00,0.000000e+00,0.000000e+00,0.000000e+00,0.000000e+00,0.000000e+00,0.000000e+00,0.000000e+00,0.000000e+00,0.000000e+00
1.000000e+00,0.000000e+00,0.000000e+00,0.000000e+00,0.000000e+00,0.000000e+00,0.000000e+00,0.000000e+00,0.000000e+00,0.000000e+00,0.000000e+00,0.000000e+00,0.000000e+00,0.000000e+00,0.000000e+00
1.000000e+00,0.000000e+00,0.000000e+00,0.000000e+00,0.000000e+00,0.000000e+00,0.000000e+00,0.000000e+00,0.000000e+00,0.000000e+00,0.000000e+00,0.000000e+00,0.000000e+00,0.000000e+00,0.000000e+00
1.000000e+00,0.000000e+00,0.000000e+00,0.000000e+00,0.000000e+00,0.000000e+00,0.000000e+00,0.000000e+00,0.000000e+00,0.000000e+00,0.000000e+00,0.000000e+00,0.000000e+00,0.000000e+00,0.000000e+00
1.000000e+00,0.000000e+00,0.000000e+00,0.000000e+00,0.000000e+00,0.000000e+00,0.000000e+00,0.000000e+00,0.000000e+00,0.000000e+00,0.000000e+00,0.000000e+00,0.000000e+00,0.000000e+00,0.000000e+00
1.000000e+00,0.000000e+00,0.000000e+00,0.000000e+00,0.000000e+00,0.000000e+00,0.000000e+00,0.000000e+00,0.000000e+00,0.000000e+00,0.000000e+00,0.000000e+00,0.000000e+00,0.000000e+00,0.000000e+00
1.000000e+00,0.000000e+00,0.000000e+00,0.000000e+00,0.000000e+00,0.000000e+00,0.000000e+00,0.000000e+00,0.000000e+00,0.000000e+00,0.000000e+00,0.000000e+00,0.000000e+00,0.000000e+00,0.000000e+00
1.000000e+00,0.000000e+00,0.000000e+00,0.000000e+00,0.000000e+00,0.000000e+00,0.000000e+00,0.000000e+00,0.000000e+00,0.000000e+00,0.000000e+00,0.000000e+00,0.000000e+00,0.000000e+00,0.000000e+00
1.000000e+00,0.000000e+00,0.000000e+00,0.000000e+00,0.000000e+00,0.000000e+00,0.000000e+00,0.000000e+00,0.000000e+00,0.000000e+00,0.000000e+00,0.000000e+00,0.000000e+00,0.000000e+00,0.000000e+00
1.000000e+00,0.000000e+00,0.000000e+00,0.000000e+00,0.000000e+00,0.000000e+00,0.000000e+00,0.000000e+00,0.000000e+00,0.000000e+00,0.000000e+00,0.000000e+00,0.000000e+00,0.000000e+00,0.000000e+00
1.000000e+00,0.000000e+00,0.000000e+00,0.000000e+00,0.000000e+00,0.000000e+00,0.000000e+00,0.000000e+00,0.000000e+00,0.000000e+00,0.000000e+00,0.000000e+00,0.000000e+00,0.000000e+00,0.000000e+00
1.000000e+00,0.000000e+00,0.000000e+00,0.000000e+00,0.000000e+00,0.000000e+00,0.000000e+00,0.000000e+00,0.000000e+00,0.000000e+00,0.000000e+00,0.000000e+00,0.000000e+00,0.000000e+00,0.000000e+00
1.000000e+00,0.000000e+00,0.000000e+00,0.000000e+00,0.000000e+00,0.000000e+00,0.000000e+00,0.000000e+00,0.000000e+00,0.000000e+00,0.000000e+00,0.000000e+00,0.000000e+00,0.000000e+00,0.000000e+00
1.000000e+00,0.000000e+00,0.000000e+00,0.000000e+00,0.000000e+00,0.000000e+00,0.000000e+00,0.000000e+00,0.000000e+00,0.000000e+00,0.000000e+00,0.000000e+00,0.000000e+00,0.000000e+00,0.000000e+00
1.000000e+00,0.000000e+00,0.000000e+00,0.000000e+00,0.000000e+00,0.000000e+00,0.000000e+00,0.000000e+00,0.000000e+00,0.000000e+00,0.000000e+00,0.000000e+00,0.000000e+00,0.000000e+00,0.000000e+00
1.000000e+00,0.000000e+00,0.000000e+00,0.000000e+00,0.000000e+00,0.000000e+00,0.000000e+00,0.000000e+00,0.000000e+00,0.000000e+00,0.000000e+00,0.000000e+00,0.000000e+00,0.000000e+00,0.000000e+00
1.000000e+00,0.000000e+00,0.000000e+00,0.000000e+00,0.000000e+00,0.000000e+00,0.000000e+00,0.000000e+00,0.000000e+00,0.000000e+00,0.000000e+00,0.000000e+00,0.000000e+00,0.000000e+00,0.000000e+00
1.000000e+00,0.000000e+00,0.000000e+00,0.000000e+00,0.000000e+00,0.000000e+00,0.000000e+00,0.000000e+00,0.000000e+00,0.000000e+00,0.000000e+00,0.000000e+00,0.000000e+00,0.000000e+00,0.000000e+00
1.000000e+00,0.000000e+00,0.000000e+00,0.000000e+00,0.000000e+00,0.000000e+00,0.000000e+00,0.000000e+00,0.000000e+00,0.000000e+00,0.000000e+00,0.000000e+00,0.000000e+00,0.000000e+00,0.000000e+00
1.000000e+00,0.000000e+00,0.000000e+00,0.000000e+00,0.000000e+00,0.000000e+00,0.000000e+00,0.000000e+00,0.000000e+00,0.000000e+00,0.000000e+00,0.000000e+00,0.000000e+00,0.000000e+00,0.000000e+00
1.000000e+00,0.000000e+00,0.000000e+00,0.000000e+00,0.000000e+00,0.000000e+00,0.000000e+00,0.000000e+00,0.000000e+00,0.000000e+00,0.000000e+00,0.000000e+00,0.000000e+00,0.000000e+00,0.000000e+00
1.000000e+00,0.000000e+00,0.000000e+00,0.000000e+00,0.000000e+00,0.000000e+00,0.000000e+00,0.000000e+00,0.000000e+00,0.000000e+00,0.000000e+00,0.000000e+00,0.000000e+00,0.000000e+00,0.000000e+00
1.000000e+00,0.000000e+00,0.000000e+00,0.000000e+00,0.000000e+00,0.000000e+00,0.000000e+00,0.000000e+00,0.000000e+00,0.000000e+00,0.000000e+00,0.000000e+00,0.000000e+00,0.000000e+00,0.000000e+00
1.000000e+00,0.000000e+00,0.000000e+00,0.000000e+00,0.000000e+00,0.000000e+00,0.000000e+00,0.000000e+00,0.000000e+00,0.000000e+00,0.000000e+00,0.000000e+00,0.000000e+00,0.000000e+00,0.000000e+00
1.000000e+00,0.000000e+00,0.000000e+00,0.000000e+00,0.000000e+00,0.000000e+00,0.000000e+00,0.000000e+00,0.000000e+00,0.000000e+00,0.000000e+00,0.000000e+00,0.000000e+00,0.000000e+00,0.000000e+00
1.000000e+00,0.000000e+00,0.000000e+00,0.000000e+00,0.000000e+00,0.000000e+00,0.000000e+00,0.000000e+00,0.000000e+00,0.000000e+00,0.000000e+00,0.000000e+00,0.000000e+00,0.000000e+00,0.000000e+00
1.000000e+00,0.000000e+00,0.000000e+00,0.000000e+00,0.000000e+00,0.000000e+00,0.000000e+00,0.000000e+00,0.000000e+00,0.000000e+00,0.000000e+00,0.000000e+00,0.000000e+00,0.000000e+00,0.000000e+00
1.000000e+00,0.000000e+00,0.000000e+00,0.000000e+00,0.000000e+00,0.000000e+00,0.000000e+00,0.000000e+00,0.000000e+00,0.000000e+00,0.000000e+00,0.000000e+00,0.000000e+00,0.000000e+00,0.000000e+00
1.000000e+00,0.000000e+00,0.000000e+00,0.000000e+00,0.000000e+00,0.000000e+00,0.000000e+00,0.000000e+00,0.000000e+00,0.000000e+00,0.000000e+00,0.000000e+00,0.000000e+00,0.000000e+00,0.000000e+00
1.000000e+00,0.000000e+00,0.000000e+00,0.000000e+00,0.000000e+00,0.000000e+00,0.000000e+00,0.000000e+00,0.000000e+00,0.000000e+00,0.000000e+00,0.000000e+00,0.000000e+00,0.000000e+00,0.000000e+00
1.000000e+00,0.000000e+00,0.000000e+00,0.000000e+00,0.000000e+00,0.000000e+00,0.000000e+00,0.000000e+00,0.000000e+00,0.000000e+00,0.000000e+00,0.000000e+00,0.000000e+00,0.000000e+00,0.000000e+00
1.000000e+00,0.000000e+00,0.000000e+00,0.000000e+00,0.000000e+00,0.000000e+00,0.000000e+00,0.000000e+00,0.000000e+00,0.000000e+00,0.000000e+00,0.000000e+00,0.000000e+00,0.000000e+00,0.000000e+00
1.000000e+00,0.000000e+00,0.000000e+00,0.000000e+00,0.000000e+00,0.000000e+00,0.000000e+00,0.000000e+00,0.000000e+00,0.000000e+00,0.000000e+00,0.000000e+00,0.000000e+00,0.000000e+00,0.000000e+00
1.000000e+00,0.000000e+00,0.000000e+00,0.000000e+00,0.000000e+00,0.000000e+00,0.000000e+00,0.000000e+00,0.000000e+00,0.000000e+00,0.000000e+00,0.000000e+00,0.000000e+00,0.000000e+00,0.000000e+00
1.000000e+00,0.000000e+00,0.000000e+00,0.000000e+00,0.000000e+00,0.000000e+00,0.000000e+00,0.000000e+00,0.000000e+00,0.000000e+00,0.000000e+00,0.000000e+00,0.000000e+00,0.000000e+00,0.000000e+00
1.000000e+00,0.000000e+00,0.000000e+00,0.000000e+00,0.000000e+00,0.000000e+00,0.000000e+00,0.000000e+00,0.000000e+00,0.000000e+00,0.000000e+00,0.000000e+00,0.000000e+00,0.000000e+00,0.000000e+00
1.000000e+00,0.000000e+00,0.000000e+00,0.000000e+00,0.000000e+00,0.000000e+00,0.000000e+00,0.000000e+00,0.000000e+00,0.000000e+00,0.000000e+00,0.000000e+00,0.000000e+00,0.000000e+00,0.000000e+00
1.000000e+00,0.000000e+00,0.000000e+00,0.000000e+00,0.000000e+00,0.000000e+00,0.000000e+00,0.000000e+00,0.000000e+00,0.000000e+00,0.000000e+00,0.000000e+00,0.000000e+00,0.000000e+00,0.000000e+00
1.000000e+00,0.000000e+00,0.000000e+00,0.000000e+00,0.000000e+00,0.000000e+00,0.000000e+00,0.000000e+00,0.000000e+00,0.000000e+00,0.000000e+00,0.000000e+00,0.000000e+00,0.000000e+00,0.000000e+00
1.000000e+00,0.000000e+00,0.000000e+00,0.000000e+00,0.000000e+00,0.000000e+00,0.000000e+00,0.000000e+00,0.000000e+00,0.000000e+00,0.000000e+00,0.000000e+00,0.000000e+00,0.000000e+00,0.000000e+00
4.606886e-01,9.317640e-03,1.929175e-02,4.452280e-02,3.931699e-03,2.412378e-02,6.935957e-03,3.537053e-01,4.049638e-03,7.224547e-04,9.461922e-03,3.822065e-02,1.629766e-02,1.717298e-03,7.012872e-03
3.246624e-01,6.586010e-03,1.398654e-02,3.163439e-02,2.886329e-03,1.704312e-02,4.996095e-03,5.433946e-01,2.874303e-03,5.138416e-04,6.815260e-03,2.687379e-02,1.153056e-02,1.230140e-03,4.972555e-03
2.293576e-01,4.695566e-03,1.023998e-02,2.241311e-02,2.167810e-03,1.211244e-02,3.841489e-03,6.763093e-01,2.031682e-03,3.693126e-04,4.905748e-03,1.887553e-02,8.172283e-03,9.964241e-04,3.511648e-03
1.633263e-01,3.362160e-03,7.802233e-03,1.598082e-02,1.618287e-03,8.856905e-03,3.062071e-03,7.682214e-01,1.452115e-03,2.759943e-04,3.541089e-03,1.331952e-02,5.831040e-03,8.457808e-04,2.504268e-03
1.152985e-01,2.376681e-03,5.620574e-03,1.128192e-02,1.269279e-03,6.297013e-03,2.296504e-03,8.358762e-01,1.028604e-03,2.158110e-04,2.514696e-03,9.385234e-03,4.130845e-03,6.392414e-04,1.768949e-03
8.162976e-02,1.701243e-03,4.055746e-03,7.985733e-03,1.485571e-03,4.559181e-03,1.966930e-03,8.824116e-01,7.366333e-04,1.816099e-04,1.814714e-03,6.673734e-03,3.052617e-03,4.827667e-04,1.262234e-03
5.975442e-02,1.275234e-03,3.019240e-03,5.718943e-03,2.211607e-03,3.407505e-03,1.850011e-03,9.110706e-01,6.418546e-04,2.370598e-04,1.465724e-03,5.062636e-03,2.908129e-03,4.293743e-04,9.477489e-04
4.648479e-02,9.769757e-04,2.296131e-03,4.123451e-03,4.084329e-03,2.631294e-03,1.620060e-03,9.286495e-01,5.045761e-04,2.743847e-04,1.120815e-03,3.725377e-03,2.477931e-03,3.142414e-04,7.161241e-04
4.044260e-02,7.941028e-04,1.712562e-03,2.988665e-03,6.057786e-03,2.198422e-03,1.295381e-03,9.371762e-01,3.835319e-04,2.783758e-04,8.546996e-04,2.821955e-03,2.181512e-03,2.327914e-04,5.814120e-04
3.702517e-02,5.943573e-04,1.370514e-03,2.202651e-03,6.884741e-03,1.682923e-03,1.592790e-03,9.426124e-01,2.840981e-04,2.207573e-04,6.536533e-04,2.306804e-03,1.944605e-03,1.772666e-04,4.472911e-04
4.700463e-02,4.971376e-04,1.125456e-03,1.616338e-03,7.110905e-03,1.521441e-03,1.585695e-03,9.333816e-01,2.422808e-04,2.195675e-04,5.717112e-04,2.338609e-03,2.119628e-03,1.686222e-04,4.964254e-04
5.520137e-02,4.086002e-04,9.274816e-04,1.231391e-03,6.866784e-03,1.491439e-03,1.445267e-03,9.266093e-01,2.026964e-04,2.023098e-04,4.821357e-04,2.221719e-03,2.050027e-03,1.566155e-04,5.028971e-04
6.782797e-02,3.825589e-04,9.756832e-04,1.031476e-03,6.584516e-03,1.811081e-03,1.544062e-03,9.131795e-01,2.095032e-04,2.153364e-04,4.949454e-04,2.667049e-03,2.248888e-03,1.847830e-04,6.426153e-04
8.315250e-02,3.746061e-04,9.982092e-04,8.681180e-04,6.433913e-03,2.060979e-03,1.711740e-03,8.964643e-01,2.206368e-04,2.716733e-04,5.231060e-04,3.297651e-03,2.582452e-03,2.087256e-04,8.313628e-04
1.220279e-01,4.394719e-04,1.139490e-03,8.855785e-04,6.459499e-03,3.617872e-03,1.769070e-03,8.521571e-01,2.893686e-04,3.697686e-04,8.195710e-04,4.820788e-03,3.023092e-03,3.813223e-04,1.800064e-03
1.418320e-01,4.765797e-04,1.096957e-03,8.177719e-04,5.974757e-03,3.437416e-03,1.584820e-03,8.331364e-01,2.982383e-04,3.637104e-04,7.727281e-04,4.780791e-03,2.955789e-03,4.113320e-04,2.060715e-03
1.481847e-01,5.716312e-04,1.026621e-03,8.404491e-04,5.407090e-03,3.310238e-03,1.461040e-03,8.264292e-01,3.131256e-04,3.464340e-04,8.182669e-04,4.988228e-03,3.318418e-03,4.843677e-04,2.500080e-03
1.642153e-01,5.675061e-04,1.083975e-03,9.034014e-04,4.840656e-03,3.195386e-03,1.264117e-03,8.119608e-01,3.449664e-04,3.158097e-04,7.380501e-04,4.743767e-03,2.999261e-03,4.597440e-04,2.367171e-03
1.952536e-01,6.390715e-04,1.205442e-03,1.058572e-03,4.351759e-03,3.115028e-03,1.073274e-03,7.812219e-01,3.708648e-04,3.189703e-04,7.634178e-04,4.756835e-03,2.914150e-03,4.987188e-04,2.458344e-03
2.552610e-01,1.037838e-03,1.945363e-03,2.597163e-03,5.009945e-03,5.302659e-03,1.146845e-03,7.072299e-01,7.703984e-04,5.666956e-04,1.516558e-03,8.266730e-03,4.568836e-03,8.255828e-04,3.954381e-03
2.927416e-01,1.013778e-03,1.963315e-03,2.258352e-03,4.926562e-03,4.863765e-03,1.076765e-03,6.726168e-01,6.936202e-04,6.236345e-04,1.335428e-03,7.413892e-03,4.126912e-03,7.359338e-04,3.609615e-03
3.231702e-01,1.045102e-03,1.933441e-03,2.053280e-03,4.801949e-03,4.601740e-03,1.003425e-03,6.441422e-01,6.497154e-04,6.318688e-04,1.306293e-03,6.633260e-03,3.992428e-03,6.804299e-04,3.354619e-03
3.800354e-01,1.855539e-03,2.384365e-03,5.503585e-03,5.856732e-03,6.447507e-03,1.072775e-03,5.651412e-01,1.162599e-03,8.341961e-04,2.931790e-03,1.509574e-02,6.102147e-03,1.143974e-03,4.432451e-03
3.737965e-01,2.431904e-03,2.141311e-03,7.556989e-03,6.429454e-03,6.262504e-03,8.271630e-04,5.675350e-01,1.552363e-03,8.290849e-04,3.600144e-03,1.316127e-02,7.875001e-03,1.529123e-03,4.472204e-03
3.431474e-01,7.191007e-03,3.209431e-03,8.453009e-02,5.860953e-02,6.017351e-03,7.989935e-04,4.195634e-01,8.349257e-03,1.066572e-03,1.388376e-02,2.351834e-02,2.233929e-02,2.572538e-03,5.202984e-03
4.121669e-01,6.465318e-03,3.874538e-03,9.466927e-02,4.621109e-02,6.354518e-03,8.370215e-04,3.274392e-01,1.536979e-02,1.702405e-03,1.842742e-02,2.940264e-02,2.517520e-02,4.906837e-03,6.997776e-03
4.066220e-01,9.831070e-03,4.750499e-03,1.130770e-01,3.480403e-02,6.524702e-03,7.021978e-04,2.501219e-01,7.056441e-02,2.547026e-03,2.328694e-02,2.624683e-02,2.972911e-02,5.694202e-03,1.549807e-02
3.829394e-01,1.502589e-02,5.441898e-03,1.026775e-01,2.885077e-02,6.309940e-03,9.663636e-04,2.028755e-01,1.266177e-01,1.734117e-02,2.748516e-02,2.912561e-02,3.118531e-02,6.048323e-03,1.710946e-02
3.453067e-01,2.965520e-02,4.627261e-03,1.028787e-01,2.229032e-02,5.342484e-03,7.616913e-04,1.515271e-01,2.236460e-01,1.337012e-02,2.665330e-02,2.496087e-02,2.683305e-02,4.997637e-03,1.714945e-02
2.775225e-01,2.365408e-02,3.641809e-03,8.730409e-02,1.610983e-02,4.659501e-03,6.359075e-04,1.078246e-01,2.982369e-01,1.046902e-02,5.058302e-02,3.346571e-02,5.946884e-02,4.255297e-03,2.216885e-02
2.888778e-01,1.898046e-02,3.285808e-03,7.851692e-02,1.236193e-02,4.708542e-03,6.527870e-04,7.644387e-02,3.034502e-01,8.072453e-03,5.322876e-02,4.861846e-02,7.817571e-02,4.133585e-03,2.049267e-02
2.904319e-01,1.706711e-02,3.542894e-03,7.654411e-02,9.613056e-03,8.385959e-03,1.065366e-03,5.546454e-02,2.387681e-01,6.803124e-03,6.965040e-02,8.940579e-02,1.024005e-01,7.183169e-03,2.367395e-02
2.553996e-01,1.834339e-02,3.685491e-03,7.031419e-02,9.079337e-03,1.322817e-02,1.578873e-03,4.304427e-02,2.138236e-01,6.484299e-03,8.075832e-02,8.468622e-02,1.465472e-01,1.558020e-02,3.744684e-02
2.515169e-01,2.062869e-02,4.955179e-03,7.279395e-02,9.425317e-03,1.218103e-02,1.691222e-03,3.291781e-02,1.940480e-01,6.453632e-03,7.199468e-02,7.502290e-02,1.224778e-01,2.621170e-02,9.768121e-02
2.580190e-01,2.802049e-02,4.877645e-03,6.585938e-02,1.071769e-02,1.340068e-02,1.977548e-03,2.516350e-02,2.288409e-01,6.833110e-03,6.949295e-02,6.078621e-02,9.497453e-02,2.641436e-02,1.046220e-01
2.603597e-01,2.902870e-02,1.411460e-02,1.110262e-01,1.209297e-02,1.351590e-02,2.351279e-03,2.297430e-02,1.969163e-01,6.476743e-03,6.103948e-02,5.401881e-02,7.407486e-02,3.466786e-02,1.073423e-01
1.923315e-01,2.892573e-02,2.596764e-02,9.326159e-02,1.559161e-02,1.112708e-02,2.404807e-03,1.748720e-02,2.010453e-01,5.781155e-03,4.912986e-02,4.345204e-02,5.687799e-02,4.822212e-02,2.083943e-01
1.424832e-01,2.392054e-02,4.623361e-02,1.450806e-01,1.739533e-02,1.023176e-02,1.969300e-03,1.414777e-02,1.640232e-01,4.555913e-03,3.863910e-02,3.102782e-02,4.223967e-02,4.582111e-02,2.722312e-01
1.026398e-01,1.856998e-02,3.383513e-02,1.032908e-01,1.686886e-02,7.856811e-03,1.434123e-03,1.027891e-02,1.284288e-01,3.688819e-03,2.874622e-02,2.190882e-02,3.044231e-02,4.256728e-02,4.494433e-01
7.520893e-02,1.497089e-02,2.799739e-02,7.418532e-02,2.088750e-02,8.683649e-03,1.130189e-03,9.544744e-03,1.259834e-01,2.900436e-03,2.189000e-02,1.570111e-02,2.305968e-02,3.454674e-02,5.433101e-01
5.396201e-02,1.173530e-02,2.082675e-02,5.229895e-02,1.899814e-02,8.016714e-03,8.481758e-04,6.818731e-03,2.472889e-01,2.743925e-03,1.925992e-02,1.140155e-02,1.884723e-02,3.726130e-02,4.896924e-01
4.182420e-02,9.471902e-03,2.065592e-02,3.763463e-02,1.789948e-02,9.550240e-03,7.385733e-04,5.640724e-03,2.692365e-01,2.329963e-03,1.712687e-02,8.459346e-03,1.630057e-02,3.615794e-02,5.069731e-01
5.536665e-02,9.025423e-03,2.460333e-02,2.849723e-02,1.658606e-02,2.586262e-02,8.325579e-04,4.442141e-03,2.351762e-01,1.875058e-03,1.372895e-02,6.174948e-03,1.346375e-02,3.836969e-02,5.259954e-01
7.183996e-02,7.653259e-03,2.083284e-02,2.049138e-02,1.582136e-02,2.248390e-02,7.925980e-04,3.306394e-03,2.216337e-01,1.437657e-03,1.336451e-02,5.170933e-03,1.197502e-02,7.562269e-02,5.075738e-01
8.432299e-02,9.165064e-03,2.904952e-02,1.955820e-02,1.786947e-02,3.681720e-02,1.215272e-03,2.804510e-03,2.163395e-01,2.147351e-03,2.331562e-02,9.187032e-03,1.391921e-02,1.325102e-01,4.017789e-01
8.009028e-02,8.105675e-03,2.118646e-02,1.448839e-02,1.482926e-02,4.483434e-02,1.016912e-03,2.580768e-03,2.034191e-01,4.277957e-03,3.770472e-02,1.020638e-02,1.151327e-02,2.468596e-01,2.988868e-01
8.770734e-02,7.411727e-03,2.335407e-02,1.674198e-02,1.293033e-02,5.413368e-02,1.020353e-03,2.851537e-03,1.673099e-01,5.869182e-03,3.416186e-02,1.139407e-02,9.883902e-03,2.865312e-01,2.786989e-01
7.267468e-02,5.531885e-03,1.805571e-02,1.201946e-02,9.641706e-03,4.129816e-02,7.512636e-04,2.231818e-03,1.477035e-01,7.215344e-03,2.576551e-02,8.350423e-03,7.305614e-03,3.814920e-01,2.599630e-01
6.870043e-02,4.222681e-03,1.649474e-02,9.938245e-03,7.831831e-03,3.679721e-02,6.246504e-04,2.744855e-03,1.230869e-01,7.390510e-03,1.964365e-02,6.307709e-03,5.465210e-03,4.909041e-01,1.998473e-01
6.069069e-02,3.252450e-03,1.682032e-02,8.196783e-03,9.057742e-03,2.857444e-02,4.619737e-04,3.361787e-03,1.360825e-01,6.145510e-03,1.522015e-02,4.576731e-03,3.957625e-03,5.506361e-01,1.529652e-01
5.781391e-02,2.719339e-03,1.475322e-02,6.461576e-03,1.345059e-02,2.186150e-02,4.192394e-04,1.237745e-02,1.584523e-01,5.390656e-03,1.162285e-02,3.527441e-03,3.026467e-03,5.661398e-01,1.219837e-01
4.875384e-02,2.287380e-03,1.186390e-02,4.895429e-03,1.474500e-02,1.633186e-02,3.339568e-04,1.053462e-02,1.460186e-01,4.530023e-03,8.490583e-03,2.513580e-03,2.203847e-03,6.296253e-01,9.687218e-02
4.712771e-02,2.109297e-03,9.316491e-03,3.836944e-03,1.263436e-02,1.338835e-02,3.082356e-04,8.404985e-03,1.288731e-01,3.507729e-03,6.770408e-03,1.850213e-03,1.673856e-03,6.905000e-01,6.969833e-02
5.650554e-02,2.589241e-03,7.487764e-03,3.202532e-03,1.099745e-02,1.319186e-02,3.166842e-04,7.313712e-03,1.310590e-01,3.037124e-03,5.807178e-03,1.467843e-03,1.389354e-03,7.052228e-01,5.041193e-02
5.955424e-02,3.056318e-03,7.981428e-03,3.314083e-03,1.339856e-02,1.329436e-02,2.734276e-04,6.586792e-03,2.555439e-01,2.913636e-03,5.019594e-03,1.191812e-03,1.191395e-03,5.898141e-01,3.686633e-02
8.906955e-02,3.276057e-03,8.095788e-03,3.919235e-03,1.611021e-02,1.140273e-02,4.757237e-04,5.751522e-03,2.927136e-01,2.992918e-03,5.284777e-03,1.441102e-03,1.071181e-03,5.271381e-01,3.125758e-02
1.160991e-01,3.346669e-03,7.567735e-03,4.001576e-03,1.656295e-02,9.552391e-03,4.796359e-04,4.911501e-03,3.293412e-01,2.911780e-03,6.091906e-03,1.470576e-03,1.059311e-03,4.707122e-01,2.589153e-02
2.095250e-01,3.733002e-03,7.335533e-03,5.950995e-03,1.543819e-02,1.006515e-02,7.536854e-04,4.115117e-03,3.324102e-01,3.454591e-03,6.302358e-03,3.182351e-03,1.344861e-03,3.744333e-01,2.195568e-02
2.553271e-01,3.896871e-03,7.484241e-03,6.625129e-03,1.540199e-02,1.176710e-02,8.482985e-04,3.840848e-03,3.153787e-01,3.960696e-03,6.690070e-03,4.635508e-03,1.821100e-03,3.405089e-01,2.181343e-02
2.321426e-01,1.062063e-02,1.588478e-02,2.779586e-02,1.177657e-02,1.489657e-02,8.964147e-04,3.212735e-03,2.645816e-01,5.507736e-03,1.284444e-02,1.798808e-02,5.034423e-03,2.874213e-01,8.939636e-02
1.718063e-01,1.236001e-02,1.462855e-02,1.988568e-02,9.095968e-03,1.137707e-02,7.186651e-04,2.326124e-03,2.070281e-01,6.141026e-03,1.574562e-02,1.306311e-02,3.791252e-03,2.394792e-01,2.725533e-01
1.228646e-01,9.982474e-03,1.194624e-02,1.410083e-02,6.462158e-03,8.190444e-03,5.365328e-04,1.756305e-03,1.647516e-01,5.843961e-03,2.748973e-02,1.036855e-02,2.909407e-03,1.999629e-01,4.128342e-01
9.074593e-02,7.884624e-03,9.520569e-03,1.059840e-02,4.993490e-03,6.295859e-03,4.268751e-04,1.453099e-03,1.175729e-01,4.433582e-03,1.998257e-01,8.346057e-03,2.789645e-03,1.608871e-01,3.742261e-01
8.556361e-02,6.098031e-03,6.880790e-03,8.033805e-03,4.300897e-03,6.350915e-03,7.076396e-04,1.346223e-03,8.387998e-02,3.817501e-03,3.151048e-01,1.161144e-02,3.081034e-03,1.545618e-01,3.086616e-01
8.489805e-02,4.933779e-03,5.016428e-03,6.363883e-03,5.376266e-03,5.677213e-03,1.496676e-03,1.266914e-03,6.666315e-02,4.879565e-03,3.573037e-01,6.350511e-02,4.994033e-03,1.622715e-01,2.253538e-01
6.415816e-02,3.928703e-03,3.679862e-03,5.723391e-03,6.654485e-03,6.203268e-03,1.825476e-03,1.293423e-03,5.216343e-02,7.431442e-03,4.304219e-01,5.037471e-02,5.498417e-03,1.816587e-01,1.789846e-01
4.550922e-02,2.944379e-03,2.652345e-03,4.697388e-03,6.456327e-03,5.171089e-03,1.569956e-03,9.535631e-04,3.923555e-02,9.659613e-03,5.304344e-01,3.889881e-02,4.306466e-03,1.742707e-01,1.332402e-01
3.367696e-02,2.717939e-03,2.059757e-03,3.570189e-03,7.620197e-03,4.461993e-03,1.473715e-03,9.335473e-04,3.372786e-02,9.384660e-03,5.876685e-01,3.163124e-02,3.349503e-03,1.703593e-01,1.073646e-01
2.496572e-02,2.195731e-03,1.524947e-03,3.033121e-03,6.761187e-03,3.606103e-03,1.312634e-03,7.597855e-04,3.092824e-02,9.328134e-03,6.413227e-01,2.728969e-02,3.229794e-03,1.595851e-01,8.415717e-02
1.931987e-02,1.795309e-03,1.303269e-03,3.183832e-03,9.946298e-03,3.718195e-03,1.555505e-03,9.848045e-04,2.901275e-02,1.131740e-02,6.179672e-01,2.393265e-02,3.475853e-03,2.084805e-01,6.400654e-02
1.593040e-02,1.379486e-03,1.284949e-03,2.491442e-03,1.013577e-02,5.312837e-03,4.418419e-03,1.178722e-03,2.107281e-02,9.599525e-03,6.763604e-01,1.929353e-02,3.091176e-03,1.805706e-01,4.787996e-02
1.411875e-02,1.083174e-03,1.066587e-03,1.984120e-03,1.043928e-02,4.331165e-03,3.933321e-03,1.163042e-03,1.543155e-02,9.274991e-03,7.258714e-01,1.610466e-02,2.525686e-03,1.573666e-01,3.530561e-02
1.372357e-02,1.217264e-03,9.568996e-04,1.558594e-03,9.134465e-03,3.306016e-03,3.350921e-03,1.083154e-03,1.161534e-02,8.613823e-03,7.803797e-01,1.424294e-02,1.938938e-03,1.230755e-01,2.580290e-02
1.252143e-02,1.188576e-03,8.609219e-04,1.173716e-03,7.491005e-03,2.534752e-03,2.829508e-03,9.389720e-04,8.767266e-03,6.710440e-03,8.287733e-01,1.243904e-02,1.525216e-03,9.390733e-02,1.833856e-02
9.618928e-03,9.788005e-04,6.316554e-04,8.712388e-04,6.097785e-03,1.935160e-03,2.278243e-03,8.506830e-04,6.735301e-03,5.125077e-03,8.682715e-01,1.013667e-02,1.240894e-03,7.231263e-02,1.291551e-02
6.863130e-03,9.990376e-04,5.959340e-04,6.552233e-04,1.639803e-02,1.516210e-03,2.426490e-03,7.883590e-04,5.825540e-03,3.908793e-03,8.854636e-01,8.363104e-03,1.361677e-03,5.559317e-02,9.241714e-03
4.864309e-03,9.503972e-04,5.472054e-04,4.808221e-04,1.326653e-02,1.292220e-03,2.279320e-03,5.810115e-04,4.306710e-03,2.780080e-03,9.155257e-01,6.337221e-03,1.128708e-03,3.908621e-02,6.573638e-03
3.897176e-03,4.325877e-03,1.344966e-02,1.662084e-03,2.384948e-02,3.321270e-03,2.348400e-03,3.006946e-03,3.887126e-03,2.286868e-03,8.961577e-01,5.003501e-03,1.426865e-03,2.764529e-02,7.731711e-03
3.144539e-03,8.419557e-03,4.220607e-02,4.061153e-03,4.193839e-02,3.101316e-03,1.901793e-03,1.647038e-02,4.955962e-03,2.046825e-03,8.338248e-01,3.959761e-03,1.791645e-03,1.969915e-02,1.247870e-02
5.607244e-03,1.098667e-02,4.364526e-02,3.364592e-03,6.096733e-02,3.433046e-03,1.484302e-03,4.142164e-02,7.281622e-03,1.930141e-03,7.868194e-01,3.523243e-03,1.802539e-03,1.463924e-02,1.309369e-02
8.460732e-03,3.552411e-02,5.589759e-02,3.010469e-03,7.309914e-02,2.761345e-03,1.111857e-03,6.903508e-02,1.786753e-02,1.651511e-03,7.020146e-01,3.377169e-03,1.876518e-03,1.080953e-02,1.350274e-02
1.221685e-02,7.901447e-02,5.423933e-02,2.878678e-03,7.463946e-02,2.274148e-03,8.219602e-04,8.276415e-02,2.679930e-02,1.399030e-03,6.318566e-01,4.272125e-03,2.061596e-03,8.180621e-03,1.658166e-02
1.354183e-02,6.307746e-02,5.400978e-02,3.300612e-03,6.620605e-02,1.929546e-03,7.349742e-04,2.789720e-01,2.111795e-02,1.035596e-03,4.727908e-01,3.296471e-03,1.676698e-03,5.874712e-03,1.243541e-02
1.893321e-02,1.097412e-01,5.577442e-02,5.471417e-03,8.298469e-02,2.215485e-03,5.618368e-04,2.691897e-01,2.609710e-02,9.434441e-04,4.054480e-01,3.826246e-03,1.674390e-03,5.359982e-03,1.177879e-02
2.213469e-02,1.217591e-01,7.857057e-02,7.781312e-03,8.609959e-02,2.589057e-03,4.827263e-04,3.124701e-01,2.821702e-02,8.272944e-04,3.203019e-01,3.945357e-03,1.617886e-03,4.080295e-03,9.123080e-03
3.735640e-02,1.571347e-01,7.038646e-02,9.634679e-03,7.787688e-02,3.537459e-03,6.035648e-04,3.345200e-01,4.925739e-02,1.165014e-03,2.388540e-01,3.887725e-03,2.206885e-03,4.573940e-03,9.004861e-03
6.835346e-02,1.966437e-01,6.276099e-02,1.075553e-02,7.803726e-02,8.577095e-03,9.321279e-04,2.903719e-01,5.983920e-02,1.224462e-03,1.880610e-01,1.037069e-02,1.040592e-02,4.246873e-03,9.419866e-03
1.617177e-01,1.663343e-01,4.753133e-02,1.165742e-02,7.518747e-02,1.856374e-02,1.747543e-03,2.558844e-01,5.186725e-02,1.421851e-03,1.409904e-01,2.937306e-02,2.121844e-02,4.507478e-03,1.199752e-02
2.959876e-01,1.300142e-01,3.632231e-02,1.187970e-02,6.367775e-02,2.792388e-02,3.282048e-03,1.957579e-01,4.849277e-02,1.739550e-03,1.018781e-01,2.821150e-02,3.391830e-02,5.227060e-03,1.568730e-02
4.028330e-01,9.745187e-02,2.815753e-02,1.124140e-02,7.659599e-02,2.534408e-02,4.054817e-03,1.494450e-01,4.609186e-02,1.744170e-03,7.624315e-02,2.481028e-02,3.513045e-02,6.887424e-03,1.396899e-02
4.187133e-01,7.346395e-02,2.054204e-02,1.778363e-02,5.578462e-02,2.316895e-02,4.061189e-03,1.060227e-01,4.275705e-02,7.362489e-03,6.482115e-02,2.731917e-02,7.823245e-02,1.348630e-02,4.648104e-02
4.125676e-01,5.561117e-02,1.543145e-02,3.021141e-02,4.200498e-02,2.084256e-02,4.609716e-03,7.555221e-02,3.912730e-02,9.570331e-03,5.516769e-02,4.514329e-02,8.976053e-02,2.168021e-02,8.271955e-02
3.972974e-01,4.400848e-02,1.356130e-02,2.947317e-02,3.181743e-02,1.799439e-02,7.710363e-03,5.412632e-02,4.138095e-02,8.508707e-03,4.259373e-02,6.130373e-02,6.789543e-02,5.850251e-02,1.238260e-01
4.532242e-01,3.373505e-02,1.125067e-02,2.841575e-02,2.329563e-02,1.710285e-02,6.766309e-03,3.939532e-02,3.716865e-02,7.634026e-03,4.050511e-02,9.462188e-02,5.415643e-02,5.213356e-02,1.005946e-01
4.675403e-01,2.447857e-02,8.181402e-03,2.252709e-02,1.764789e-02,1.345364e-02,5.213362e-03,2.799972e-02,3.806490e-02,9.779410e-03,4.680702e-02,1.072063e-01,5.601572e-02,8.084287e-02,7.424189e-02
4.244256e-01,2.016591e-02,6.803880e-03,1.628446e-02,1.395676e-02,9.909115e-03,4.271937e-03,2.146094e-02,4.298965e-02,1.123201e-02,4.524298e-02,1.322555e-01,9.774742e-02,9.544775e-02,5.780607e-02
3.335541e-01,2.325254e-02,6.083762e-03,1.208501e-02,1.166104e-02,7.729825e-03,3.346246e-03,1.593130e-02,1.749876e-01,1.047411e-02,4.295985e-02,1.387833e-01,8.764175e-02,8.571538e-02,4.579422e-02
2.676690e-01,5.943065e-02,2.156750e-02,1.450122e-02,1.449272e-02,1.281816e-02,3.201816e-03,1.468996e-02,2.268548e-01,8.545252e-03,4.431170e-02,1.100169e-01,7.133895e-02,9.412888e-02,3.643248e-02
2.201100e-01,1.327647e-01,3.632110e-02,2.664200e-02,1.515095e-02,1.233236e-02,2.652777e-03,1.099120e-02,2.444444e-01,6.703223e-03,3.625051e-02,7.940754e-02,5.294748e-02,9.259173e-02,3.068994e-02
1.714981e-01,1.657227e-01,6.651231e-02,5.707510e-02,2.291759e-02,2.123471e-02,2.265518e-03,8.577934e-03,2.485997e-01,5.734947e-03,2.948274e-02,5.611420e-02,3.817158e-02,8.123045e-02,2.486240e-02
1.440198e-01,2.007613e-01,5.491642e-02,8.605959e-02,4.658384e-02,4.455264e-02,2.507692e-03,8.770095e-03,1.907662e-01,4.774543e-03,3.237699e-02,3.947605e-02,2.728276e-02,9.317574e-02,2.397633e-02
1.227744e-01,1.838970e-01,5.762479e-02,2.141775e-01,5.105175e-02,4.106630e-02,2.000880e-03,8.668536e-03,1.453211e-01,3.938503e-03,2.835640e-02,2.776763e-02,1.954386e-02,7.496449e-02,1.884688e-02
1.382152e-01,1.896166e-01,5.297696e-02,2.090993e-01,6.703079e-02,3.596420e-02,1.601579e-03,7.884732e-03,1.065825e-01,3.565506e-03,7.366399e-02,2.050955e-02,1.479591e-02,6.210706e-02,1.638599e-02
1.796643e-01,1.656556e-01,7.385412e-02,1.879741e-01,8.561940e-02,2.944199e-02,1.361113e-03,6.656267e-03,7.992245e-02,4.082787e-03,9.392547e-02,1.597236e-02,1.312258e-02,4.691331e-02,1.583418e-02
1.566549e-01,1.270386e-01,6.014090e-02,3.038413e-01,1.041096e-01,2.276630e-02,1.179414e-03,5.547875e-03,5.897652e-02,3.296470e-03,8.728471e-02,1.243907e-02,1.015969e-02,3.449611e-02,1.206849e-02
1.683829e-01,9.291961e-02,5.653746e-02,3.586129e-01,1.186862e-01,1.896233e-02,1.003132e-03,6.133929e-03,4.568916e-02,3.086167e-03,7.715649e-02,1.039479e-02,8.017754e-03,2.552946e-02,8.887718e-03
1.604429e-01,6.666906e-02,8.834936e-02,4.125683e-01,1.087643e-01,1.505124e-02,7.933044e-04,9.727003e-03,3.390079e-02,2.495502e-03,6.151644e-02,8.726686e-03,6.314848e-03,1.820762e-02,6.472669e-03
1.736677e-01,5.112146e-02,1.556489e-01,3.868911e-01,8.054689e-02,1.308670e-02,7.142690e-04,7.874166e-03,2.491257e-02,1.271504e-02,5.136190e-02,9.248044e-03,5.303112e-03,1.599761e-02,1.091067e-02
1.557832e-01,5.453751e-02,1.716290e-01,3.436773e-01,5.769224e-02,1.354416e-02,5.898217e-04,6.839788e-03,2.686306e-02,4.742013e-02,6.017246e-02,9.590140e-03,8.411653e-03,1.325087e-02,2.999870e-02
1.169671e-01,4.688629e-02,1.298159e-01,3.482699e-01,4.064292e-02,1.090869e-02,4.399279e-04,5.107119e-03,5.802140e-02,6.416082e-02,7.327963e-02,9.558026e-03,3.003544e-02,1.389196e-02,5.201489e-02
8.310173e-02,3.831127e-02,1.555114e-01,3.441637e-01,2.867795e-02,7.815741e-03,3.154057e-04,3.923363e-03,9.866762e-02,7.379551e-02,7.089928e-02,7.432538e-03,2.520238e-02,1.020993e-02,5.197218e-02
5.973481e-02,2.868439e-02,1.231217e-01,2.750919e-01,2.039967e-02,7.521547e-03,2.876534e-04,3.417536e-03,1.398361e-01,9.469022e-02,8.345744e-02,8.498818e-03,8.717848e-02,7.934754e-03,6.014490e-02
4.486734e-02,2.046733e-02,8.805113e-02,2.359791e-01,1.535364e-02,5.776337e-03,1.527064e-03,1.600989e-02,9.933412e-02,9.865972e-02,2.150043e-01,6.587502e-03,8.702572e-02,6.028563e-03,5.932816e-02
3.263553e-02,1.445094e-02,6.308109e-02,1.982404e-01,1.163609e-02,4.247739e-03,1.895899e-03,1.070764e-01,6.985985e-02,8.250753e-02,2.700368e-01,4.806483e-03,7.537007e-02,4.432849e-03,5.972221e-02
2.427318e-02,1.014270e-02,4.640410e-02,2.152079e-01,8.418868e-03,3.279762e-03,1.531526e-03,2.849911e-01,4.899014e-02,5.799280e-02,1.936921e-01,3.570756e-03,5.501113e-02,3.126623e-03,4.336722e-02
1.835286e-02,7.160062e-03,3.420477e-02,1.628406e-01,6.196779e-03,5.872878e-03,1.170378e-03,4.738187e-01,3.442972e-02,4.063489e-02,1.378259e-01,4.030859e-03,4.025955e-02,2.519059e-03,3.068302e-02
1.490031e-02,5.174634e-03,2.587495e-02,1.181169e-01,4.824389e-03,1.172636e-02,1.063645e-03,6.073640e-01,2.429377e-02,2.854166e-02,9.908043e-02,4.517650e-03,3.041975e-02,2.112559e-03,2.198896e-02
2.361545e-02,3.750527e-03,1.877380e-02,9.201790e-02,4.437197e-03,1.143141e-02,1.558277e-03,6.907070e-01,1.737365e-02,2.004328e-02,7.142419e-02,3.828150e-03,2.391708e-02,1.618702e-03,1.550343e-02
3.311156e-02,3.018978e-03,1.439772e-02,7.545894e-02,7.364135e-03,9.201534e-03,1.594150e-03,7.427016e-01,1.284167e-02,1.409844e-02,5.188099e-02,3.180834e-03,1.891237e-02,1.259839e-03,1.097726e-02
4.011999e-02,2.253534e-03,1.103293e-02,5.638451e-02,7.490062e-03,7.906076e-03,2.037057e-03,7.905810e-01,9.115329e-03,9.922882e-03,3.722430e-02,2.794882e-03,1.430949e-02,1.003118e-03,7.824867e-03
4.386123e-02,1.724909e-03,8.346617e-03,4.105233e-02,8.550107e-03,6.806177e-03,1.927395e-03,8.277915e-01,6.466193e-03,6.978582e-03,2.687458e-02,2.273869e-03,1.105987e-02,7.293710e-04,5.557253e-03
4.071395e-02,1.378555e-03,6.076167e-03,2.936722e-02,9.650500e-03,5.584705e-03,1.756581e-03,8.612905e-01,4.617327e-03,4.912313e-03,1.932199e-02,1.995745e-03,8.857259e-03,5.282698e-04,3.948901e-03
4.030185e-02,1.153140e-03,4.712333e-03,2.117173e-02,9.081850e-03,5.456042e-03,2.099899e-03,8.814086e-01,3.373805e-03,3.470317e-03,1.403374e-02,2.889536e-03,7.440146e-03,4.319290e-04,2.975038e-03
4.046685e-02,9.526735e-04,3.574689e-03,1.527406e-02,8.516029e-03,4.939193e-03,1.963384e-03,8.978235e-01,2.452818e-03,2.450301e-03,1.026075e-02,2.905157e-03,5.888407e-03,3.399614e-04,2.192183e-03
4.168244e-02,8.457081e-04,2.836598e-03,1.104519e-02,9.589096e-03,4.257041e-03,2.312097e-03,9.065431e-01,1.938406e-03,1.789623e-03,7.563320e-03,2.784300e-03,4.846807e-03,2.770501e-04,1.689155e-03
4.571066e-02,1.053851e-03,2.542105e-03,8.093385e-03,1.063350e-02,3.657178e-03,2.574035e-03,9.042608e-01,1.899204e-03,1.436560e-03,6.797235e-03,3.430577e-03,5.843560e-03,2.493475e-04,1.818013e-03
6.627126e-02,1.910769e-03,2.521059e-03,6.383121e-03,1.204500e-02,3.661641e-03,3.193541e-03,8.711069e-01,3.749947e-03,1.676113e-03,7.153564e-03,6.043189e-03,9.557115e-03,4.084431e-04,4.318215e-03
7.785761e-02,1.834901e-03,2.814014e-03,5.922125e-03,1.377251e-02,3.191459e-03,2.595396e-03,8.616133e-01,3.600544e-03,1.307671e-03,6.664557e-03,5.839433e-03,8.315397e-03,4.008891e-04,4.270167e-03
7.373307e-02,1.809244e-03,2.574239e-03,5.580657e-03,3.159648e-02,2.866575e-03,2.174041e-03,8.447269e-01,4.906696e-03,1.112235e-03,8.446088e-03,6.098294e-03,1.016774e-02,4.189889e-04,3.788635e-03
9.895311e-02,2.718678e-03,2.829612e-03,1.006818e-02,3.048510e-02,2.797650e-03,1.764013e-03,7.913069e-01,6.589457e-03,1.980568e-03,1.942374e-02,1.162053e-02,1.307958e-02,1.191867e-03,5.190975e-03
1.425127e-01,3.615947e-03,1.147527e-02,5.889815e-02,2.544518e-02,6.359383e-03,1.481121e-03,6.450005e-01,1.125574e-02,6.152564e-03,2.728657e-02,2.111794e-02,2.653482e-02,1.473999e-03,1.139004e-02
1.428953e-01,3.099265e-03,9.023589e-03,1.036783e-01,3.101847e-02,7.291596e-03,1.178970e-03,5.041744e-01,2.036342e-02,5.089796e-03,6.792403e-02,2.196190e-02,5.311361e-02,1.971695e-03,2.721559e-02
1.054289e-01,4.479849e-03,1.124546e-02,2.310494e-01,2.880409e-02,5.671929e-03,8.760756e-04,3.592785e-01,4.131883e-02,4.704147e-03,8.544484e-02,1.843444e-02,7.220397e-02,1.961693e-03,2.909796e-02
8.069455e-02,4.970424e-03,1.370929e-02,3.090881e-01,2.373094e-02,5.120922e-03,7.007946e-04,2.594468e-01,4.048221e-02,6.305188e-03,8.044894e-02,1.530202e-02,8.243300e-02,2.104172e-03,7.546271e-02
7.850324e-02,4.337957e-03,1.214113e-02,2.552727e-01,1.955711e-02,3.974884e-03,6.022939e-04,1.965062e-01,4.805349e-02,5.217306e-03,1.358013e-01,1.688366e-02,1.025956e-01,2.813496e-03,1.177396e-01
8.979239e-02,4.809125e-03,1.781824e-02,2.113155e-01,1.719054e-02,3.377291e-03,6.508405e-04,1.967931e-01,4.989452e-02,4.682462e-03,1.208158e-01,1.455421e-02,9.627328e-02,3.614578e-03,1.684182e-01
8.458658e-02,4.949265e-03,3.988232e-02,2.057460e-01,1.573723e-02,2.904601e-03,5.748106e-04,2.050358e-01,4.654161e-02,3.766372e-03,9.581801e-02,1.084870e-02,7.736376e-02,3.983355e-03,2.022616e-01
9.390156e-02,4.470078e-03,6.842908e-02,2.111710e-01,1.585066e-02,2.941710e-03,6.123729e-04,2.369390e-01,4.409794e-02,3.225636e-03,8.229545e-02,9.794160e-03,6.414978e-02,3.822298e-03,1.582993e-01
8.108430e-02,3.583400e-03,5.668809e-02,2.418436e-01,1.755087e-02,2.650004e-03,6.092347e-04,2.139140e-01,4.372568e-02,2.427184e-03,1.497312e-01,9.314774e-03,6.058240e-02,3.299088e-03,1.129962e-01
6.550113e-02,3.114429e-03,4.118013e-02,1.953125e-01,1.427685e-02,2.145210e-03,4.879620e-04,2.292895e-01,3.881923e-02,2.130848e-03,2.529096e-01,1.057828e-02,6.065764e-02,2.817302e-03,8.077940e-02
7.674170e-02,3.682525e-03,3.179085e-02,1.924389e-01,1.508421e-02,2.164596e-03,5.831764e-04,2.280670e-01,6.320335e-02,2.119531e-03,2.490412e-01,9.373263e-03,6.195712e-02,3.921861e-03,5.983075e-02
1.042689e-01,4.700109e-03,2.810892e-02,1.547273e-01,2.150829e-02,2.752498e-03,9.541370e-04,2.835376e-01,6.748072e-02,2.182606e-03,2.108994e-01,7.776791e-03,5.765334e-02,4.943244e-03,4.850624e-02
1.023595e-01,3.955550e-03,2.388680e-02,1.236612e-01,1.897560e-02,2.600787e-03,8.751049e-04,4.274929e-01,5.241574e-02,1.777928e-03,1.556459e-01,5.910155e-03,4.235443e-02,3.772939e-03,3.431556e-02
9.265167e-02,3.363245e-03,1.851043e-02,9.331083e-02,1.808806e-02,2.423124e-03,8.314329e-04,5.556576e-01,3.913018e-02,1.385087e-03,1.124669e-01,4.412809e-03,3.062411e-02,2.861217e-03,2.428336e-02
7.153148e-02,2.492376e-03,1.571312e-02,7.230557e-02,1.535376e-02,2.025085e-03,6.322665e-04,6.660724e-01,2.922085e-02,9.971040e-04,7.941707e-02,3.243976e-03,2.186372e-02,2.068250e-03,1.706305e-02
5.687017e-02,2.265274e-03,1.502002e-02,6.246014e-02,1.587324e-02,2.136315e-03,5.216114e-04,7.333409e-01,2.289966e-02,7.658645e-04,5.608249e-02,2.425114e-03,1.563495e-02,1.528818e-03,1.217549e-02
4.809698e-02,2.031274e-03,1.274941e-02,5.236671e-02,1.488315e-02,1.972552e-03,4.416362e-04,7.857149e-01,1.840579e-02,5.983982e-04,3.975261e-02,1.845093e-03,1.130092e-02,1.141096e-03,8.699549e-03
4.680058e-02,2.019815e-03,1.142180e-02,5.661454e-02,1.377432e-02,1.581770e-03,3.325667e-04,8.074150e-01,1.466114e-02,4.752582e-04,2.811637e-02,1.494470e-03,8.254421e-03,8.886100e-04,6.149375e-03
4.949220e-02,1.779797e-03,9.853722e-03,5.416434e-02,1.303265e-02,1.306079e-03,2.733078e-04,8.248885e-01,1.183794e-02,3.782545e-04,2.015768e-02,1.348160e-03,6.401725e-03,6.904248e-04,4.395193e-03
6.435555e-02,1.531137e-03,8.341776e-03,4.293507e-02,1.059571e-02,1.207771e-03,3.143072e-04,8.360873e-01,9.171150e-03,3.251609e-04,1.462796e-02,1.515524e-03,5.197959e-03,5.513199e-04,3.242291e-03
1.141985e-01,1.391528e-03,7.759732e-03,3.952806e-02,9.370852e-03,1.341993e-03,5.484177e-04,7.972257e-01,7.859832e-03,3.678179e-04,1.090156e-02,1.937242e-03,4.537565e-03,5.333566e-04,2.497887e-03
1.569567e-01,1.253076e-03,7.608851e-03,4.477328e-02,8.532383e-03,1.780088e-03,9.979116e-04,7.538270e-01,6.358678e-03,3.139797e-04,8.223578e-03,2.605797e-03,4.402758e-03,4.818807e-04,1.884036e-03
3.077229e-01,1.391784e-03,8.819909e-03,5.656190e-02,7.742147e-03,3.525665e-03,2.222416e-03,5.889246e-01,5.630009e-03,5.270680e-04,6.284628e-03,3.881898e-03,4.442825e-03,5.865764e-04,1.735659e-03
4.565458e-01,1.223131e-03,8.509899e-03,4.654341e-02,6.219005e-03,4.857818e-03,3.340583e-03,4.508751e-01,4.683617e-03,5.786835e-04,4.770861e-03,5.274021e-03,4.363283e-03,5.891460e-04,1.625708e-03
1.000000e+00,0.000000e+00,0.000000e+00,0.000000e+00,0.000000e+00,0.000000e+00,0.000000e+00,0.000000e+00,0.000000e+00,0.000000e+00,0.000000e+00,0.000000e+00,0.000000e+00,0.000000e+00,0.000000e+00
1.000000e+00,0.000000e+00,0.000000e+00,0.000000e+00,0.000000e+00,0.000000e+00,0.000000e+00,0.000000e+00,0.000000e+00,0.000000e+00,0.000000e+00,0.000000e+00,0.000000e+00,0.000000e+00,0.000000e+00
1.000000e+00,0.000000e+00,0.000000e+00,0.000000e+00,0.000000e+00,0.000000e+00,0.000000e+00,0.000000e+00,0.000000e+00,0.000000e+00,0.000000e+00,0.000000e+00,0.000000e+00,0.000000e+00,0.000000e+00
1.000000e+00,0.000000e+00,0.000000e+00,0.000000e+00,0.000000e+00,0.000000e+00,0.000000e+00,0.000000e+00,0.000000e+00,0.000000e+00,0.000000e+00,0.000000e+00,0.000000e+00,0.000000e+00,0.000000e+00
1.000000e+00,0.000000e+00,0.000000e+00,0.000000e+00,0.000000e+00,0.000000e+00,0.000000e+00,0.000000e+00,0.000000e+00,0.000000e+00,0.000000e+00,0.000000e+00,0.000000e+00,0.000000e+00,0.000000e+00
