1.000000e+00,0.000000e+00,0.000000e+00,0.000000e+00,0.000000e+00,0.000000e+00,0.000000e+00,0.000000e+00,0.000000e+00,0.000000e+00,0.000000e+00,0.000000e+00,0.000000e+00,0.000000e+00,0.000000e+00
1.000000e+00,0.000000e+00,0.000000e+00,0.000000e+00,0.000000e+00,0.000000e+00,0.000000e+00,0.000000e+00,0.000000e+00,0.000000e+00,0.000000e+00,0.000000e+00,0.000000e+00,0.000000e+00,0.000000e+00
1.000000e+00,0.000000e+00,0.000000e+00,0.000000e+00,0.000000e+00,0.000000e+00,0.000000e+00,0.000000e+00,0.000000e+00,0.000000e+00,0.000000e+00,0.000000e+00,0.000000e+00,0.000000e+00,0.000000e+00
1.000000e+00,0.000000e+00,0.000000e+00,0.000000e+00,0.000000e+00,0.000000e+00,0.000000e+00,0.000000e+00,0.000000e+00,0.000000e+00,0.000000e+00,0.000000e+00,0.000000e+00,0.000000e+00,0.000000e+00
1.000000e+00,0.000000e+00,0.000000e+00,0.000000e+00,0.000000e+00,0.000000e+00,0.000000e+00,0.000000e+00,0.000000e+00,0.000000e+00,0.000000e+00,0.000000e+00,0.000000e+00,0.000000e+00,0.000000e+00
1.000000e+00,0.000000e+00,0.000000e+00,0.000000e+00,0.000000e+00,0.000000e+00,0.000000e+00,0.000000e+00,0.000000e+00,0.000000e+00,0.000000e+00,0.000000e+00,0.000000e+00,0.000000e+00,0.000000e+00
1.000000e+00,0.000000e+00,0.000000e+00,0.000000e+00,0.000000e+00,0.000000e+00,0.000000e+00,0.000000e+00,0.000000e+00,0.000000e+00,0.000000e+00,0.000000e+00,0.000000e+00,0.000000e+00,0.000000e+00
1.000000e+00,0.000000e+00,0.000000e+00,0.000000e+00,0.000000e+00,0.000000e+00,0.000000e+00,0.000000e+00,0.000000e+00,0.000000e+00,0.000000e+00,0.000000e+00,0.000000e+00,0.000000e+00,0.000000e+00
1.000000e+00,0.000000e+00,0.000000e+00,0.000000e+00,0.000000e+00,0.000000e+00,0.000000e+00,0.000000e+00,0.000000e+00,0.000000e+00,0.000000e+00,0.000000e+00,0.000000e+00,0.000000e+00,0.000000e+00
1.000000e+00,0.000000e+00,0.000000e+00,0.000000e+00,0.000000e+00,0.000000e+00,0.000000e+00,0.000000e+00,0.000000e+00,0.000000e+00,0.000000e+00,0.000000e+00,0.000000e+00,0.000000e+00,0.000000e+00
1.000000e+00,0.000000e+00,0.000000e+00,0.000000e+00,0.000000e+00,0.000000e+00,0.000000e+00,0.000000e+00,0.000000e+00,0.000000e+00,0.000000e+00,0.000000e+00,0.000000e+00,0.000000e+00,0.000000e+00
1.000000e+00,0.000000e+00,0.000000e+00,0.000000e+00,0.000000e+00,0.000000e+00,0.000000e+00,0.000000e+00,0.000000e+00,0.000000e+00,0.000000e+00,0.000000e+00,0.000000e+00,0.000000e+00,0.000000e+00
1.000000e+00,0.000000e+00,0.000000e+00,0.000000e+00,0.000000e+00,0.000000e+00,0.000000e+00,0.000000e+00,0.000000e+00,0.000000e+00,0.000000e+00,0.000000e+00,0.000000e+00,0.000000e+00,0.000000e+00
1.000000e+00,0.000000e+00,0.000000e+00,0.000000e+00,0.000000e+00,0.000000e+00,0.000000e+00,0.000000e+00,0.000000e+00,0.000000e+00,0.000000e+00,0.000000e+00,0.000000e+00,0.000000e+00,0.000000e+00
1.000000e+00,0.000000e+00,0.000000e+00,0.000000e+00,0.000000e+00,0.000000e+00,0.000000e+00,0.000000e+00,0.000000e+00,0.000000e+00,0.000000e+00,0.000000e+00,0.000000e+00,0.000000e+00,0.000000e+00
1.000000e+00,0.000000e+00,0.000000e+00,0.000000e+00,0.000000e+00,0.000000e+00,0.000000e+00,0.000000e+00,0.000000e+00,0.000000e+00,0.000000e+00,0.000000e+00,0.000000e+00,0.000000e+00,0.000000e+00
1.000000e+00,0.000000e+00,0.000000e+00,0.000000e+00,0.000000e+00,0.000000e+00,0.000000e+00,0.000000e+00,0.000000e+00,0.000000e+00,0.000000e+00,0.000000e+00,0.000000e+00,0.000000e+00,0.000000e+00
1.000000e+00,0.000000e+00,0.000000e+00,0.000000e+00,0.000000e+00,0.000000e+00,0.000000e+00,0.000000e+00,0.000000e+00,0.000000e+00,0.000000e+00,0.000000e+00,0.000000e+00,0.000000e+00,0.000000e+00
1.000000e+00,0.000000e+00,0.000000e+00,0.000000e+00,0.000000e+00,0.000000e+00,0.000000e+00,0.000000e+00,0.000000e+00,0.000000e+00,0.000000e+00,0.000000e+00,0.000000e+00,0.000000e+00,0.000000e+00
1.000000e+00,0.000000e+00,0.000000e+00,0.000000e+00,0.000000e+00,0.000000e+00,0.000000e+00,0.000000e+00,0.000000e+00,0.000000e+00,0.000000e+00,0.000000e+00,0.000000e+00,0.000000e+00,0.000000e+00
1.000000e+00,0.000000e+00,0.000000e+00,0.000000e+00,0.000000e+00,0.000000e+00,0.000000e+00,0.000000e+00,0.000000e+00,0.000000e+00,0.000000e+00,0.000000e+00,0.000000e+00,0.000000e+00,0.000000e+00
1.000000e+00,0.000000e+00,0.000000e+00,0.000000e+00,0.000000e+00,0.000000e+00,0.000000e+00,0.000000e+00,0.000000e+00,0.000000e+00,0.000000e+00,0.000000e+00,0.000000e+00,0.000000e+00,0.000000e+00
1.000000e+00,0.000000e+00,0.000000e+00,0.000000e+00,0.000000e+00,0.000000e+00,0.000000e+00,0.000000e+00,0.000000e+00,0.000000e+00,0.000000e+00,0.000000e+00,0.000000e+00,0.000000e+00,0.000000e+00
1.000000e+00,0.000000e+00,0.000000e+00,0.000000e+00,0.000000e+00,0.000000e+00,0.000000e+00,0.000000e+00,0.000000e+00,0.000000e+00,0.000000e+00,0.000000e+00,0.000000e+00,0.000000e+00,0.000000e+00
1.000000e+00,0.000000e+00,0.000000e+00,0.000000e+00,0.000000e+00,0.000000e+00,0.000000e+00,0.000000e+00,0.000000e+00,0.000000e+00,0.000000e+00,0.000000e+00,0.000000e+00,0.000000e+00,0.000000e+00
1.000000e+00,0.000000e+00,0.000000e+00,0.000000e+00,0.000000e+00,0.000000e+00,0.000000e+00,0.000000e+00,0.000000e+00,0.000000e+00,0.000000e+00,0.000000e+00,0.000000e+00,0.000000e+00,0.000000e+00
1.000000e+00,0.000000e+00,0.000000e+00,0.000000e+00,0.000000e+00,0.000000e+00,0.000000e+00,0.000000e+00,0.000000e+00,0.000000e+00,0.000000e+00,0.000000e+00,0.000000e+00,0.000000e+00,0.000000e+00
1.000000e+00,0.000000e+00,0.000000e+00,0.000000e+00,0.000000e+00,0.000000e+00,0.000000e+00,0.000000e+00,0.000000e+00,0.000000e+00,0.000000e+00,0.000000e+00,0.000000e+00,0.000000e+00,0.000000e+00
1.000000e+00,0.000000e+00,0.000000e+00,0.000000e+00,0.000000e+00,0.000000e+00,0.000000e+00,0.000000e+00,0.000000e+00,0.000000e+00,0.000000e+00,0.000000e+00,0.000000e+00,0.000000e+00,0.000000e+00
1.000000e+00,0.000000e+00,0.000000e+00,0.000000e+00,0.000000e+00,0.000000e+00,0.000000e+00,0.000000e+00,0.000000e+00,0.000000e+00,0.000000e+00,0.000000e+00,0.000000e+00,0.000000e+00,0.000000e+00
1.000000e+00,0.000000e+00,0.000000e+00,0.000000e+00,0.000000e+00,0.000000e+00,0.000000e+00,0.000000e+00,0.000000e+00,0.000000e+00,0.000000e+00,0.000000e+00,0.000000e+00,0.000000e+00,0.000000e+00
1.000000e+00,0.000000e+00,0.000000e+00,0.000000e+00,0.000000e+00,0.000000e+00,0.000000e+00,0.000000e+00,0.000000e+00,0.000000e+00,0.000000e+00,0.000000e+00,0.000000e+00,0.000000e+00,0.000000e+00
1.000000e+00,0.000000e+00,0.000000e+00,0.000000e+00,0.000000e+00,0.000000e+00,0.000000e+00,0.000000e+00,0.000000e+00,0.000000e+00,0.000000e+00,0.000000e+00,0.000000e+00,0.000000e+00,0.000000e+00
1.000000e+00,0.000000e+00,0.000000e+00,0.000000e+00,0.000000e+00,0.000000e+00,0.000000e+00,0.000000e+00,0.000000e+00,0.000000e+00,0.000000e+00,0.000000e+00,0.000000e+00,0.000000e+00,0.000000e+00
1.000000e+00,0.000000e+00,0.000000e+00,0.000000e+00,0.000000e+00,0.000000e+00,0.000000e+00,0.000000e+00,0.000000e+00,0.000000e+00,0.000000e+00,0.000000e+00,0.000000e+00,0.000000e+00,0.000000e+00
1.000000e+00,0.000000e+00,0.000000e+00,0.000000e+00,0.000000e+00,0.000000e+00,0.000000e+00,0.000000e+00,0.000000e+00,0.000000e+00,0.000000e+00,0.000000e+00,0.000000e+00,0.000000e+00,0.000000e+00
1.000000e+00,0.000000e+00,0.000000e+00,0.000000e+00,0.000000e+00,0.000000e+00,0.000000e+00,0.000000e+00,0.000000e+00,0.000000e+00,0.000000e+00,0.000000e+00,0.000000e+00,0.000000e+00,0.000000e+00
1.000000e+00,0.000000e+00,0.000000e+00,0.000000e+00,0.000000e+00,0.000000e+00,0.000000e+00,0.000000e+00,0.000000e+00,0.000000e+00,0.000000e+00,0.000000e+00,0.000000e+00,0.000000e+00,0.000000e+00
1.000000e+00,0.000000e+00,0.000000e+00,0.000000e+00,0.000000e+00,0.000000e+00,0.000000e+00,0.000000e+00,0.000000e+00,0.000000e+00,0.000000e+00,0.000000e+00,0.000000e+00,0.000000e+00,0.000000e+00
1.000000e+00,0.000000e+00,0.000000e+00,0.000000e+00,0.000000e+00,0.000000e+00,0.000000e+00,0.000000e+00,0.000000e+00,0.000000e+00,0.000000e+00,0.000000e+00,0.000000e+00,0.000000e+00,0.000000e+00
1.000000e+00,0.000000e+00,0.000000e+00,0.000000e+00,0.000000e+00,0.000000e+00,0.000000e+00,0.000000e+00,0.000000e+00,0.000000e+00,0.000000e+00,0.000000e+00,0.000000e+00,0.000000e+00,0.000000e+00
1.000000e+00,0.000000e+00,0.000000e+00,0.000000e+00,0.000000e+00,0.000000e+00,0.000000e+00,0.000000e+00,0.000000e+00,0.000000e+00,0.000000e+00,0.000000e+00,0.000000e+00,0.000000e+00,0.000000e+00
1.000000e+00,0.000000e+00,0.000000e+00,0.000000e+00,0.000000e+00,0.000000e+00,0.000000e+00,0.000000e+00,0.000000e+00,0.000000e+00,0.000000e+00,0.000000e+00,0.000000e+00,0.000000e+00,0.000000e+00
1.000000e+00,0.000000e+00,0.000000e+00,0.000000e+00,0.000000e+00,0.000000e+00,0.000000e+00,0.000000e+00,0.000000e+00,0.000000e+00,0.000000e+00,0.000000e+00,0.000000e+00,0.000000e+00,0.000000e+00
1.000000e+00,0.000000e+00,0.000000e+00,0.000000e+00,0.000000e+00,0.000000e+00,0.000000e+00,0.000000e+00,0.000000e+00,0.000000e+00,0.000000e+00,0.000000e+00,0.000000e+00,0.000000e+00,0.000000e+00
1.000000e+00,0.000000e+00,0.000000e+00,0.000000e+00,0.000000e+00,0.000000e+00,0.000000e+00,0.000000e+00,0.000000e+00,0.000000e+00,0.000000e+00,0.000000e+00,0.000000e+00,0.000000e+00,0.000000e+00
4.964802e-01,1.187069e-02,2.376963e-02,3.541711e-02,3.835713e-03,1.373402e-01,6.702993e-03,7.496018e-03,5.631946e-03,9.975639e-04,4.978390e-03,1.927798e-02,2.302725e-01,1.123826e-03,1.480534e-02
3.478277e-01,1.432693e-02,1.827096e-02,4.237637e-02,2.853444e-03,1.382013e-01,5.062128e-03,5.272157e-03,2.863583e-02,1.018997e-03,3.833134e-03,1.504305e-02,3.575471e-01,8.459947e-04,1.888494e-02
2.436351e-01,1.885609e-02,1.366560e-02,3.558167e-02,2.258469e-03,1.203690e-01,3.884059e-03,3.729190e-03,4.318617e-02,1.164893e-03,3.009319e-03,1.181358e-02,4.497523e-01,6.281099e-04,4.846663e-02
1.712731e-01,1.607014e-02,1.012877e-02,3.063506e-02,3.945476e-03,8.830248e-02,2.927225e-03,2.830968e-03,7.216184e-02,1.991408e-03,3.267404e-03,1.017186e-02,4.525851e-01,6.457088e-04,1.330635e-01
1.251337e-01,1.547876e-02,7.394312e-03,2.408710e-02,6.326502e-03,7.137369e-02,2.399938e-03,2.291963e-03,1.450492e-01,1.918261e-03,3.501884e-03,1.006855e-02,4.510043e-01,7.648214e-04,1.332070e-01
9.505351e-02,2.003202e-02,2.006377e-02,8.434221e-02,1.618701e-02,5.313389e-02,2.720565e-03,3.261834e-03,2.100556e-01,3.399003e-03,3.478067e-03,1.001150e-02,3.684146e-01,8.854532e-04,1.089610e-01
1.069646e-01,1.661877e-02,1.582956e-02,6.626290e-02,1.358451e-02,5.427685e-02,3.129720e-03,4.143964e-03,2.196853e-01,4.151299e-03,8.433707e-03,2.003201e-02,3.770154e-01,2.861370e-03,8.701012e-02
1.078881e-01,1.580771e-02,1.242298e-02,5.674879e-02,1.427623e-02,5.155111e-02,2.916718e-03,5.085763e-03,2.840866e-01,3.502955e-03,1.074999e-02,2.008858e-02,3.427456e-01,3.163694e-03,6.896516e-02
1.342159e-01,2.208350e-02,2.665182e-02,8.896719e-02,1.257207e-02,3.950379e-02,2.249620e-03,5.790435e-03,2.900712e-01,3.756667e-03,1.397184e-02,1.849048e-02,2.770164e-01,3.614309e-03,6.104478e-02
2.430487e-01,1.791970e-02,2.189390e-02,7.232344e-02,9.747497e-03,3.257472e-02,1.881492e-03,7.067610e-03,2.394735e-01,4.548753e-03,1.918142e-02,3.270147e-02,2.400882e-01,5.054500e-03,5.249505e-02
2.587859e-01,2.275472e-02,1.917564e-02,5.550114e-02,9.658419e-03,2.538121e-02,1.679530e-03,5.904729e-03,1.886009e-01,7.508605e-03,1.962370e-02,2.979468e-02,1.783635e-01,1.030479e-02,1.669624e-01
2.398287e-01,2.784073e-02,2.304334e-02,6.169708e-02,8.474192e-03,2.178372e-02,1.374454e-03,4.826227e-03,1.463581e-01,1.073196e-02,1.880475e-02,2.863579e-02,1.308656e-01,1.233300e-02,2.634023e-01
2.507914e-01,2.708866e-02,1.975329e-02,5.115476e-02,8.438081e-03,1.995055e-02,1.564404e-03,5.780967e-03,1.269566e-01,1.387693e-02,1.860310e-02,2.574903e-02,1.011220e-01,4.424082e-02,2.849295e-01
2.378144e-01,2.985767e-02,1.698916e-02,4.177016e-02,6.896397e-03,1.719737e-02,1.477058e-03,4.960303e-03,1.082968e-01,1.946947e-02,1.648009e-02,2.243561e-02,7.563167e-02,8.568205e-02,3.150418e-01
2.443423e-01,2.992466e-02,1.592026e-02,3.422645e-02,7.557792e-03,1.640610e-02,1.732754e-03,4.764631e-03,9.978938e-02,2.003271e-02,1.669360e-02,2.220802e-02,5.912361e-02,1.332009e-01,2.940768e-01
2.449765e-01,2.942510e-02,1.822085e-02,2.861179e-02,1.217443e-02,1.534680e-02,1.672006e-03,4.253058e-03,9.542175e-02,3.627587e-02,1.575825e-02,1.910488e-02,4.580682e-02,1.768993e-01,2.560526e-01
2.209190e-01,2.893589e-02,2.075245e-02,2.510746e-02,1.327226e-02,1.288053e-02,1.649172e-03,4.241301e-03,1.264462e-01,5.472260e-02,1.870230e-02,1.972544e-02,3.584474e-02,2.146085e-01,2.021921e-01
1.862975e-01,2.494324e-02,1.609665e-02,1.916259e-02,1.331141e-02,1.019457e-02,1.380906e-03,3.314234e-03,1.478893e-01,8.087585e-02,1.704525e-02,1.659662e-02,2.733159e-02,2.606604e-01,1.748999e-01
1.532159e-01,3.247696e-02,1.231537e-02,1.522830e-02,1.016811e-02,8.850604e-03,1.037715e-03,2.457876e-03,1.387390e-01,9.269751e-02,1.735391e-02,1.286187e-02,2.099185e-02,3.222694e-01,1.593355e-01
1.226874e-01,3.051374e-02,1.018619e-02,1.403883e-02,7.822035e-03,8.788081e-03,8.570071e-04,2.109061e-03,1.584935e-01,1.334207e-01,1.968680e-02,1.149865e-02,1.949066e-02,3.161584e-01,1.442490e-01
9.814771e-02,2.965444e-02,8.202902e-03,1.150715e-02,5.939880e-03,7.888834e-03,7.086824e-04,1.615291e-03,1.456660e-01,1.363622e-01,1.821116e-02,1.067420e-02,1.984415e-02,3.636945e-01,1.418828e-01
9.360244e-02,3.916181e-02,9.926988e-03,1.110509e-02,5.642993e-03,8.782531e-03,9.569413e-04,1.932933e-03,1.588590e-01,1.135908e-01,1.774940e-02,1.274398e-02,2.220931e-02,2.995659e-01,2.041699e-01
7.871850e-02,4.656807e-02,8.481283e-03,1.010851e-02,1.076767e-02,1.467477e-02,1.284098e-03,2.781101e-03,2.408224e-01,8.892605e-02,1.607790e-02,1.279228e-02,4.861191e-02,2.258176e-01,1.935679e-01
7.851581e-02,4.878032e-02,1.060548e-02,9.658935e-03,1.722622e-02,1.778257e-02,2.208485e-03,8.477425e-03,2.480555e-01,7.197920e-02,1.737405e-02,2.018855e-02,7.767859e-02,1.684621e-01,2.030069e-01
8.166236e-02,4.087743e-02,7.916096e-03,9.318842e-03,1.589127e-02,1.769603e-02,2.246249e-03,7.568101e-03,2.250595e-01,5.595566e-02,2.193693e-02,5.868439e-02,1.647314e-01,1.292501e-01,1.612057e-01
7.679741e-02,4.534410e-02,6.466717e-03,9.398116e-03,1.608502e-02,2.180053e-02,1.838834e-03,7.888304e-03,2.314110e-01,4.387666e-02,2.375068e-02,6.987474e-02,2.154210e-01,9.875878e-02,1.312882e-01
6.398287e-02,4.674172e-02,5.102258e-03,7.797281e-03,1.516405e-02,5.831745e-02,1.470618e-03,8.119358e-03,2.043666e-01,3.146682e-02,2.193937e-02,7.946489e-02,2.876500e-01,7.281099e-02,9.560574e-02
5.501412e-02,4.412743e-02,4.216278e-03,6.142205e-03,1.805943e-02,1.361419e-01,1.230694e-03,8.338760e-03,2.002346e-01,2.251373e-02,1.784461e-02,7.136119e-02,2.925598e-01,5.266097e-02,6.955437e-02
5.004265e-02,3.785390e-02,3.433635e-03,5.466374e-03,5.423559e-02,2.056714e-01,2.081665e-03,6.019350e-03,2.040772e-01,1.596139e-02,1.371259e-02,5.945845e-02,2.537448e-01,3.743558e-02,5.080545e-02
5.159914e-02,3.326580e-02,3.948800e-03,7.998007e-03,8.644594e-02,1.932476e-01,6.764983e-03,4.856993e-03,2.000517e-01,1.134185e-02,1.123589e-02,6.588067e-02,2.599373e-01,2.659813e-02,3.682717e-02
5.778027e-02,4.721909e-02,8.411660e-03,4.572253e-02,1.378190e-01,1.638761e-01,1.172125e-02,5.449988e-03,1.760088e-01,8.235308e-03,9.004840e-03,6.311979e-02,2.174677e-01,1.882289e-02,2.934095e-02
8.672994e-02,4.642605e-02,2.799854e-02,6.872796e-02,1.345529e-01,1.213582e-01,1.019704e-02,1.809153e-02,1.304287e-01,6.166503e-03,7.225470e-03,5.224885e-02,2.542817e-01,1.344913e-02,2.211757e-02
1.031033e-01,4.072693e-02,2.347230e-02,5.857436e-02,1.356746e-01,1.115107e-01,1.076161e-02,1.640053e-02,1.237686e-01,4.592169e-03,7.381648e-03,5.392466e-02,2.838226e-01,9.776871e-03,1.650922e-02
1.322445e-01,3.367681e-02,2.755351e-02,1.775895e-01,1.082255e-01,7.979513e-02,8.463100e-03,1.766167e-02,9.324494e-02,3.503181e-03,7.996598e-03,4.094145e-02,2.490726e-01,7.265738e-03,1.276586e-02
1.975379e-01,2.644928e-02,2.450823e-02,1.791441e-01,8.510251e-02,6.105576e-02,6.528505e-03,1.716834e-02,7.394936e-02,2.650748e-03,8.118814e-03,3.254737e-02,2.700164e-01,5.598371e-03,9.624321e-03
2.213593e-01,2.027357e-02,5.867802e-02,2.161148e-01,8.997670e-02,4.523762e-02,6.020717e-03,2.773790e-02,5.730515e-02,2.101805e-03,7.612301e-03,2.431698e-02,2.121183e-01,4.156240e-03,6.990527e-03
2.648344e-01,3.355242e-02,8.128696e-02,1.957788e-01,1.058461e-01,3.848156e-02,6.906716e-03,3.762508e-02,4.712151e-02,1.676562e-03,6.325550e-03,1.831443e-02,1.534484e-01,3.212527e-03,5.588993e-03
3.178834e-01,5.268748e-02,7.061195e-02,1.932509e-01,8.880143e-02,3.663352e-02,6.636885e-03,4.030201e-02,4.116277e-02,2.481243e-03,6.346779e-03,1.746111e-02,1.139977e-01,3.947116e-03,7.795650e-03
3.883949e-01,4.707112e-02,5.460488e-02,1.635171e-01,6.754261e-02,3.929444e-02,6.067381e-03,3.838670e-02,4.579923e-02,3.824352e-03,7.604511e-03,1.916385e-02,9.433974e-02,3.972969e-03,2.041620e-02
3.508301e-01,4.882123e-02,5.420377e-02,2.064397e-01,5.104195e-02,3.061363e-02,5.244219e-03,2.851570e-02,7.700038e-02,6.553815e-03,9.308058e-03,2.316211e-02,7.468843e-02,4.124951e-03,2.945192e-02
2.682364e-01,4.192412e-02,5.945356e-02,1.852112e-01,3.896505e-02,2.378158e-02,4.231462e-03,2.108511e-02,1.123896e-01,1.601849e-02,1.143427e-02,1.852241e-02,5.897837e-02,4.058445e-03,1.357099e-01
2.031629e-01,3.856377e-02,6.097165e-02,1.732655e-01,2.815739e-02,1.767059e-02,3.112237e-03,1.508761e-02,1.887611e-01,2.859338e-02,1.150563e-02,1.411926e-02,4.402794e-02,3.585075e-03,1.694160e-01
2.429432e-01,4.602635e-02,5.269583e-02,1.398459e-01,2.356800e-02,1.624962e-02,2.691765e-03,1.112906e-02,2.250322e-01,2.644808e-02,1.629370e-02,1.154402e-02,3.676042e-02,3.627805e-03,1.451440e-01
3.292043e-01,4.762616e-02,4.038285e-02,1.061776e-01,2.140274e-02,1.597423e-02,2.824819e-03,9.283459e-03,1.964357e-01,2.234282e-02,1.707722e-02,1.004631e-02,4.696392e-02,4.367942e-03,1.298900e-01
3.394583e-01,6.057138e-02,3.130625e-02,8.147712e-02,1.755416e-02,1.588177e-02,2.709372e-03,7.566091e-03,1.947019e-01,1.793852e-02,1.455581e-02,9.119737e-03,9.702548e-02,4.081127e-03,1.060529e-01
2.541063e-01,6.137099e-02,3.148453e-02,7.575469e-02,1.253111e-02,1.347642e-02,2.009762e-03,5.512708e-03,3.406190e-01,1.457175e-02,1.135377e-02,7.179482e-03,7.465743e-02,3.177162e-03,9.219497e-02
2.670556e-01,5.757809e-02,2.589412e-02,6.215368e-02,1.043753e-02,1.298877e-02,2.202616e-03,6.453625e-03,3.129174e-01,1.199852e-02,1.002148e-02,7.052822e-03,1.310913e-01,3.353885e-03,7.880060e-02
3.658341e-01,4.419083e-02,1.948031e-02,4.727274e-02,1.264474e-02,1.865949e-02,4.010590e-03,8.419240e-03,2.393884e-01,8.710786e-03,8.625600e-03,6.959953e-03,1.522485e-01,3.351111e-03,6.020356e-02
3.260262e-01,4.331485e-02,1.585297e-02,3.483095e-02,1.389860e-02,1.666743e-02,3.878869e-03,7.805627e-03,2.083663e-01,6.426308e-03,6.511910e-03,6.733724e-03,2.538120e-01,2.707159e-03,5.316718e-02
2.584961e-01,3.472831e-02,8.137032e-02,3.311782e-02,2.301167e-02,1.495238e-02,3.990452e-03,3.822156e-02,1.689450e-01,5.067809e-03,5.176972e-03,5.128493e-03,2.806149e-01,2.278147e-03,4.490011e-02
2.400288e-01,3.465008e-02,8.253989e-02,4.602761e-02,3.751345e-02,1.965392e-02,4.670117e-03,3.593113e-02,1.513510e-01,6.865829e-03,5.299125e-03,4.446232e-03,2.819606e-01,2.317785e-03,4.674445e-02
1.956371e-01,3.499350e-02,8.438025e-02,9.000046e-02,3.836200e-02,1.602354e-02,3.800894e-03,3.103546e-02,1.959394e-01,1.320380e-02,6.134425e-03,4.522318e-03,2.339130e-01,2.185627e-03,4.986826e-02
2.190346e-01,5.089076e-02,7.064551e-02,8.204714e-02,4.135626e-02,1.582643e-02,3.305234e-03,2.722322e-02,1.946860e-01,1.662891e-02,6.538589e-03,6.712109e-03,2.080689e-01,2.403147e-03,5.463324e-02
2.199593e-01,4.536604e-02,7.541102e-02,6.839368e-02,8.268408e-02,1.396563e-02,5.620404e-03,4.401825e-02,1.566937e-01,1.266081e-02,7.606835e-03,6.567878e-03,1.846903e-01,2.984769e-03,7.337738e-02
2.086979e-01,3.324453e-02,5.568736e-02,5.284974e-02,6.885480e-02,1.243264e-02,5.302597e-03,2.361931e-01,1.129270e-01,9.196179e-03,6.676850e-03,5.443803e-03,1.369160e-01,2.210316e-03,5.336716e-02
1.708771e-01,2.442316e-02,4.054727e-02,3.835957e-02,5.449632e-02,1.018977e-02,4.258872e-03,4.228625e-01,8.121348e-02,6.566926e-03,5.404504e-03,3.993310e-03,9.706578e-02,1.589041e-03,3.815245e-02
1.212778e-01,1.713383e-02,2.858935e-02,2.715951e-02,4.054686e-02,7.737070e-03,3.799164e-03,5.897071e-01,5.689242e-02,4.624264e-03,3.816911e-03,2.807747e-03,6.802160e-02,1.127934e-03,2.675838e-02
8.690027e-02,1.203182e-02,2.014820e-02,1.925981e-02,3.054971e-02,6.219079e-03,2.904059e-03,7.069978e-01,3.985531e-02,3.248096e-03,2.694904e-03,1.975165e-03,4.765728e-02,8.040332e-04,1.875443e-02
6.370971e-02,8.554548e-03,1.451616e-02,1.370313e-02,2.317390e-02,3.152944e-02,2.896808e-03,7.594268e-01,2.795700e-02,2.425606e-03,2.620901e-03,1.549724e-03,3.402011e-02,6.387047e-04,1.327739e-02
4.696495e-02,6.192499e-03,1.037415e-02,9.697798e-03,1.908861e-02,2.395102e-01,5.076876e-03,5.935488e-01,1.964424e-02,1.770535e-03,3.473598e-03,1.547632e-03,3.300327e-02,4.663774e-04,9.640399e-03
3.721919e-02,4.719859e-03,7.819735e-03,7.079492e-03,1.858399e-02,4.057068e-01,4.353150e-03,4.616904e-01,1.383894e-02,1.308679e-03,3.550982e-03,1.241846e-03,2.546401e-02,3.560490e-04,7.066765e-03
2.634479e-02,3.491640e-03,5.595246e-03,4.985648e-03,1.433824e-02,5.785586e-01,3.205521e-03,3.250402e-01,9.702083e-03,9.274771e-04,2.774593e-03,1.814411e-03,1.797748e-02,2.711309e-04,4.972913e-03
1.847829e-02,2.521458e-03,3.962376e-03,3.496834e-03,1.035843e-02,7.001536e-01,2.295104e-03,2.276241e-01,6.799053e-03,6.603735e-04,2.083787e-03,5.225431e-03,1.264525e-02,2.014282e-04,3.494348e-03
1.308302e-02,1.929026e-03,2.828184e-03,2.497324e-03,7.396841e-03,7.674152e-01,1.639808e-03,1.597972e-01,4.955243e-03,4.990952e-04,1.659709e-03,2.262907e-02,1.102545e-02,1.579488e-04,2.486884e-03
9.394615e-03,1.551051e-03,2.113448e-03,1.838347e-03,5.320654e-03,7.190592e-01,1.198476e-03,1.122031e-01,4.489181e-03,4.623887e-04,4.757098e-03,9.084973e-02,4.480092e-02,1.721459e-04,1.789746e-03
7.042575e-03,1.258656e-03,1.563863e-03,1.374214e-03,4.044558e-03,7.369758e-01,9.120928e-04,7.910778e-02,3.560963e-03,4.209450e-04,4.615618e-03,1.178374e-01,3.983726e-02,1.620530e-04,1.286280e-03
5.673970e-03,1.444130e-03,1.394843e-03,1.116397e-03,4.050657e-03,6.024625e-01,7.374053e-04,5.637596e-02,3.806750e-03,6.260752e-04,6.232997e-03,2.783729e-01,3.655788e-02,1.756632e-04,9.718122e-04
4.636155e-03,2.373672e-03,1.289510e-03,8.343178e-04,3.205079e-03,5.192572e-01,6.362557e-04,3.972130e-02,3.892461e-03,1.174021e-03,1.339007e-02,3.743726e-01,3.422823e-02,1.887355e-04,8.002853e-04
4.174226e-03,5.248681e-03,2.260806e-03,6.314487e-04,7.914208e-03,3.691504e-01,4.951127e-04,2.811450e-02,1.737644e-02,1.806452e-03,1.661104e-02,5.152736e-01,3.009019e-02,2.190555e-04,6.338399e-04
3.024610e-03,3.927881e-03,1.728695e-03,4.509475e-04,5.878286e-03,2.607622e-01,3.518770e-04,1.973503e-02,1.366668e-02,1.603250e-03,2.023346e-02,6.449200e-01,2.305904e-02,2.004505e-04,4.575938e-04
2.294129e-03,2.955611e-03,1.385887e-03,3.296308e-04,4.824088e-03,1.835204e-01,2.544977e-04,1.392083e-02,1.164345e-02,1.478407e-03,1.879993e-02,7.405674e-01,1.751047e-02,1.872776e-04,3.280332e-04
2.648345e-03,2.835693e-03,1.428606e-03,2.780573e-04,7.368594e-03,1.288568e-01,2.830967e-04,1.052931e-02,1.531269e-02,1.732993e-03,1.496518e-02,8.002133e-01,1.314430e-02,1.609425e-04,2.420947e-04
2.472608e-03,2.528337e-03,1.342253e-03,2.146285e-04,7.078615e-03,9.059257e-02,2.481439e-04,7.768514e-03,1.588548e-02,2.304186e-03,1.352543e-02,8.459730e-01,9.720170e-03,1.666987e-04,1.794015e-04
2.807305e-03,2.869792e-03,2.409374e-03,4.209481e-04,3.323406e-02,6.835300e-02,1.981997e-03,1.639726e-02,1.959606e-02,2.470180e-03,1.024910e-02,8.316175e-01,7.208884e-03,2.455080e-04,1.391223e-04
4.962259e-03,1.088022e-02,9.698305e-03,7.802235e-04,1.165999e-01,5.183350e-02,3.029452e-03,2.745493e-02,3.147651e-02,2.403883e-03,7.872239e-03,7.267752e-01,5.807387e-03,2.703672e-04,1.556446e-04
7.176299e-03,1.516238e-02,1.476293e-02,1.349890e-03,2.478181e-01,4.592499e-02,5.890823e-03,3.594450e-02,4.151005e-02,2.061235e-03,6.084211e-03,5.712278e-01,4.632785e-03,2.909661e-04,1.630732e-04
1.031436e-02,1.446198e-02,1.726760e-02,2.536674e-03,3.356729e-01,4.013795e-02,5.978668e-03,6.303202e-02,4.921740e-02,1.829875e-03,4.893461e-03,4.504825e-01,3.644149e-03,3.328582e-04,1.976314e-04
1.701990e-02,1.486688e-02,2.080406e-02,4.265802e-03,3.853581e-01,3.521701e-02,8.144387e-03,9.625666e-02,5.274469e-02,1.704746e-03,4.299000e-03,3.556799e-01,2.999155e-03,3.886641e-04,2.510276e-04
1.590443e-02,1.727483e-02,2.724560e-02,7.472388e-03,4.735060e-01,2.852258e-02,7.872521e-03,1.120726e-01,4.201557e-02,1.704859e-03,4.324807e-03,2.590332e-01,2.310940e-03,4.490179e-04,2.907567e-04
2.270081e-02,1.355984e-02,3.998779e-02,1.081773e-02,5.267313e-01,2.191320e-02,6.738141e-03,1.077405e-01,5.116099e-02,2.108056e-03,7.124973e-03,1.861489e-01,2.178514e-03,6.451812e-04,4.441529e-04
3.471559e-02,1.483282e-02,3.797170e-02,1.617985e-02,5.469939e-01,2.920121e-02,6.519620e-03,1.180746e-01,4.508580e-02,2.366927e-03,1.127874e-02,1.333777e-01,2.161092e-03,6.618639e-04,5.785765e-04
3.422162e-02,1.586616e-02,3.129467e-02,1.036251e-01,5.306422e-01,2.178771e-02,5.471881e-03,1.155591e-01,3.303712e-02,2.297067e-03,8.620120e-03,9.459878e-02,1.933101e-03,5.332151e-04,5.122194e-04
4.705629e-02,1.905144e-02,2.853593e-02,1.051190e-01,5.602183e-01,1.641579e-02,4.342570e-03,1.006047e-01,3.246763e-02,5.676114e-03,7.920560e-03,6.790200e-02,2.186783e-03,8.946402e-04,1.608205e-03
4.465420e-02,1.828915e-02,2.738687e-02,1.206017e-01,5.446411e-01,1.264688e-02,3.652812e-03,1.411659e-01,2.503505e-02,4.124179e-03,6.031695e-03,4.791783e-02,1.743260e-03,8.853507e-04,1.224056e-03
5.237282e-02,1.378643e-02,3.742811e-02,2.117625e-01,4.596273e-01,9.297907e-03,2.752730e-03,1.487634e-01,1.876683e-02,3.033977e-03,5.159378e-03,3.424592e-02,1.412301e-03,7.013152e-04,8.890184e-04
5.381598e-02,1.180553e-02,3.966628e-02,2.459047e-01,4.559600e-01,8.031538e-03,2.229834e-03,1.088621e-01,3.945652e-02,2.703381e-03,4.632008e-03,2.443029e-02,1.178727e-03,6.074207e-04,7.157684e-04
9.135991e-02,1.157759e-02,3.427776e-02,2.921514e-01,4.113007e-01,6.961254e-03,1.935027e-03,8.485588e-02,3.900120e-02,2.091668e-03,4.145769e-03,1.806688e-02,1.090818e-03,5.341371e-04,6.499796e-04
1.161511e-01,1.772561e-02,2.869986e-02,3.055560e-01,3.533512e-01,9.917330e-03,1.506132e-03,6.080895e-02,8.228491e-02,1.613242e-03,4.370430e-03,1.477556e-02,1.365374e-03,7.121849e-04,1.162011e-03
2.244186e-01,4.442373e-02,2.260451e-02,2.401098e-01,2.985098e-01,1.201272e-02,1.438051e-03,4.409185e-02,8.849096e-02,1.232287e-03,4.539764e-03,1.349518e-02,2.638390e-03,7.591973e-04,1.235159e-03
3.935967e-01,3.640507e-02,1.875900e-02,1.807276e-01,2.182826e-01,1.175394e-02,2.006158e-03,3.259096e-02,8.211629e-02,9.764048e-04,4.074857e-03,1.323124e-02,3.381626e-03,8.991897e-04,1.198314e-03
1.000000e+00,0.000000e+00,0.000000e+00,0.000000e+00,0.000000e+00,0.000000e+00,0.000000e+00,0.000000e+00,0.000000e+00,0.000000e+00,0.000000e+00,0.000000e+00,0.000000e+00,0.000000e+00,0.000000e+00
1.000000e+00,0.000000e+00,0.000000e+00,0.000000e+00,0.000000e+00,0.000000e+00,0.000000e+00,0.000000e+00,0.000000e+00,0.000000e+00,0.000000e+00,0.000000e+00,0.000000e+00,0.000000e+00,0.000000e+00
1.000000e+00,0.000000e+00,0.000000e+00,0.000000e+00,0.000000e+00,0.000000e+00,0.000000e+00,0.000000e+00,0.000000e+00,0.000000e+00,0.000000e+00,0.000000e+00,0.000000e+00,0.000000e+00,0.000000e+00
1.000000e+00,0.000000e+00,0.000000e+00,0.000000e+00,0.000000e+00,0.000000e+00,0.000000e+00,0.000000e+00,0.000000e+00,0.000000e+00,0.000000e+00,0.000000e+00,0.000000e+00,0.000000e+00,0.000000e+00
1.000000e+00,0.000000e+00,0.000000e+00,0.000000e+00,0.000000e+00,0.000000e+00,0.000000e+00,0.000000e+00,0.000000e+00,0.000000e+00,0.000000e+00,0.000000e+00,0.000000e+00,0.000000e+00,0.000000e+00
1.000000e+00,0.000000e+00,0.000000e+00,0.000000e+00,0.000000e+00,0.000000e+00,0.000000e+00,0.000000e+00,0.000000e+00,0.000000e+00,0.000000e+00,0.000000e+00,0.000000e+00,0.000000e+00,0.000000e+00
1.000000e+00,0.000000e+00,0.000000e+00,0.000000e+00,0.000000e+00,0.000000e+00,0.000000e+00,0.000000e+00,0.000000e+00,0.000000e+00,0.000000e+00,0.000000e+00,0.000000e+00,0.000000e+00,0.000000e+00
1.000000e+00,0.000000e+00,0.000000e+00,0.000000e+00,0.000000e+00,0.000000e+00,0.000000e+00,0.000000e+00,0.000000e+00,0.000000e+00,0.000000e+00,0.000000e+00,0.000000e+00,0.000000e+00,0.000000e+00
1.000000e+00,0.000000e+00,0.000000e+00,0.000000e+00,0.000000e+00,0.000000e+00,0.000000e+00,0.000000e+00,0.000000e+00,0.000000e+00,0.000000e+00,0.000000e+00,0.000000e+00,0.000000e+00,0.000000e+00
1.000000e+00,0.000000e+00,0.000000e+00,0.000000e+00,0.000000e+00,0.000000e+00,0.000000e+00,0.000000e+00,0.000000e+00,0.000000e+00,0.000000e+00,0.000000e+00,0.000000e+00,0.000000e+00,0.000000e+00
4.648726e-01,1.933850e-02,9.018520e-03,1.329409e-01,1.018967e-02,4.568775e-02,6.075703e-03,7.282239e-03,2.292980e-02,3.939085e-03,7.490404e-03,2.250520e-02,2.338657e-01,1.932539e-03,1.193128e-02
3.517514e-01,1.463648e-02,6.508220e-03,9.567259e-02,9.129855e-03,3.638477e-02,4.755650e-03,5.260558e-03,1.645278e-02,2.833957e-03,5.378233e-03,1.633403e-02,4.192335e-01,1.356774e-03,1.431124e-02
2.557361e-01,1.056264e-02,4.639422e-03,6.768830e-02,6.956535e-03,2.779277e-02,3.395244e-03,3.781231e-03,1.179866e-02,1.995065e-03,3.836020e-03,1.195472e-02,5.767272e-01,9.513338e-04,1.218485e-02
1.801904e-01,7.431465e-03,3.281091e-03,4.743945e-02,5.129918e-03,2.017838e-02,2.443614e-03,2.742222e-03,8.366068e-03,1.401958e-03,2.738611e-03,9.115534e-03,6.980867e-01,6.673056e-04,1.078726e-02
1.267027e-01,5.232624e-03,2.322304e-03,3.322219e-02,3.778251e-03,1.482080e-02,1.798479e-03,2.012453e-03,5.934070e-03,9.838095e-04,1.955313e-03,7.375047e-03,7.852633e-01,4.694929e-04,8.129276e-03
9.025218e-02,3.682523e-03,1.715151e-03,2.327265e-02,2.849322e-03,1.306206e-02,1.999697e-03,2.033289e-03,4.228797e-03,6.912072e-04,1.502129e-03,7.704882e-03,8.402958e-01,3.419797e-04,6.368368e-03
6.872330e-02,2.589852e-03,2.021663e-03,1.642195e-02,4.387135e-03,1.826549e-02,3.751842e-03,1.153937e-02,3.059304e-03,4.951833e-04,1.574930e-03,9.551067e-03,8.517718e-01,2.809138e-04,5.566224e-03
5.836614e-02,1.824292e-03,1.772369e-03,1.160785e-02,7.501696e-03,1.567997e-02,2.770705e-03,9.005448e-03,2.201573e-03,3.559866e-04,1.277526e-03,9.811169e-03,8.727011e-01,2.064001e-04,4.917810e-03
5.212232e-02,1.367807e-03,2.950892e-03,8.365720e-03,1.282517e-02,2.752186e-02,2.421913e-03,1.034837e-02,1.813945e-03,3.167209e-04,1.574344e-03,9.244473e-03,8.643115e-01,2.512934e-04,4.563760e-03
4.584783e-02,2.009587e-03,3.621136e-03,6.067442e-03,1.773330e-02,4.252724e-02,2.215970e-03,1.084937e-02,5.362839e-03,3.574638e-04,2.572458e-03,9.357499e-03,8.472361e-01,3.487412e-04,3.893088e-03
4.410643e-02,2.097784e-03,1.610488e-02,7.122190e-03,4.602171e-02,7.892036e-02,2.381889e-03,1.989266e-02,9.402851e-03,4.495426e-04,3.706770e-03,7.592849e-03,7.578685e-01,3.944717e-04,3.937209e-03
4.611874e-02,3.792752e-03,1.891388e-02,6.046162e-03,5.564018e-02,1.231503e-01,2.105408e-03,1.961965e-02,1.468450e-02,5.708970e-04,3.486430e-03,5.942661e-03,6.957630e-01,3.855458e-04,3.779941e-03
4.515170e-02,6.108819e-03,1.801713e-02,5.550543e-03,6.463028e-02,9.919140e-02,2.075939e-03,1.944643e-02,3.923514e-02,4.831527e-04,3.056972e-03,5.271835e-03,6.867512e-01,3.552168e-04,4.674305e-03
6.965579e-02,7.677671e-03,3.192957e-02,2.600747e-02,6.063931e-02,8.259048e-02,2.954480e-03,3.850332e-02,4.636343e-02,7.280586e-04,3.322239e-03,4.841881e-03,6.200701e-01,4.103328e-04,4.305912e-03
7.862093e-02,1.152299e-02,2.662498e-02,3.569818e-02,5.728685e-02,6.766675e-02,2.849021e-03,8.128797e-02,4.965414e-02,7.460327e-04,2.853947e-03,4.189501e-03,5.759608e-01,6.378141e-04,4.400201e-03
7.442298e-02,1.208035e-02,2.069119e-02,3.228074e-02,6.170847e-02,5.338456e-02,2.650195e-03,2.020152e-01,6.363096e-02,5.560425e-04,2.447373e-03,3.234261e-03,4.667280e-01,5.853372e-04,3.584413e-03
5.881747e-02,9.141199e-03,1.478310e-02,2.348182e-02,4.857103e-02,3.842731e-02,2.179514e-03,4.173671e-01,4.649415e-02,3.996142e-04,1.811631e-03,2.294249e-03,3.332514e-01,4.231954e-04,2.557219e-03
4.602822e-02,6.560423e-03,1.053423e-02,1.700197e-02,4.207371e-02,2.720512e-02,1.972719e-03,5.731555e-01,3.318511e-02,2.840981e-04,1.361574e-03,1.636586e-03,2.368468e-01,3.080813e-04,1.845856e-03
3.530267e-02,4.617483e-03,7.501954e-03,1.209049e-02,3.012364e-02,2.079273e-02,1.542943e-03,6.941943e-01,2.327477e-02,2.036429e-04,1.019645e-03,1.169912e-03,1.666316e-01,2.258020e-04,1.308357e-03
3.062778e-02,3.390699e-03,5.521201e-03,8.602425e-03,2.215370e-02,1.735182e-02,1.379181e-03,7.726262e-01,1.647454e-02,1.680316e-04,1.304371e-03,1.033181e-03,1.182092e-01,1.877239e-04,9.699338e-04
3.363398e-02,2.855360e-03,4.442212e-03,6.716946e-03,1.623536e-02,2.150337e-02,1.216284e-03,7.386010e-01,1.235421e-02,3.483223e-04,1.805823e-02,5.703601e-03,1.359516e-01,3.155161e-04,2.064097e-03
6.767931e-02,2.117805e-03,3.276580e-03,5.279758e-03,1.194971e-02,2.774733e-02,1.349998e-03,7.347616e-01,9.076697e-03,2.695607e-04,1.326609e-02,4.695626e-03,1.165185e-01,3.121255e-04,1.699324e-03
1.127121e-01,1.645088e-03,2.571770e-03,4.574197e-03,9.203543e-03,3.261422e-02,1.460399e-03,7.111393e-01,6.841449e-03,2.052837e-04,9.794821e-03,3.672060e-03,1.018103e-01,2.917718e-04,1.463711e-03
2.275077e-01,1.455768e-03,2.505800e-03,4.065733e-03,7.080321e-03,2.961195e-02,1.441198e-03,6.071460e-01,5.420648e-03,1.599650e-04,7.444009e-03,3.281231e-03,1.011066e-01,3.231436e-04,1.449830e-03
3.514346e-01,1.533906e-03,2.508765e-03,3.764625e-03,5.800481e-03,2.429534e-02,1.620554e-03,4.562914e-01,4.745784e-03,1.443700e-04,5.804959e-03,4.207144e-03,1.357790e-01,3.628800e-04,1.706069e-03
4.792026e-01,2.372166e-03,2.477490e-03,4.212314e-03,4.788080e-03,2.159651e-02,1.615234e-03,3.295169e-01,4.520100e-03,1.579242e-04,4.524612e-03,4.164213e-03,1.371486e-01,3.710708e-04,3.332196e-03
1.000000e+00,0.000000e+00,0.000000e+00,0.000000e+00,0.000000e+00,0.000000e+00,0.000000e+00,0.000000e+00,0.000000e+00,0.000000e+00,0.000000e+00,0.000000e+00,0.000000e+00,0.000000e+00,0.000000e+00
1.000000e+00,0.000000e+00,0.000000e+00,0.000000e+00,0.000000e+00,0.000000e+00,0.000000e+00,0.000000e+00,0.000000e+00,0.000000e+00,0.000000e+00,0.000000e+00,0.000000e+00,0.000000e+00,0.000000e+00
1.000000e+00,0.000000e+00,0.000000e+00,0.000000e+00,0.000000e+00,0.000000e+00,0.000000e+00,0.000000e+00,0.000000e+00,0.000000e+00,0.000000e+00,0.000000e+00,0.000000e+00,0.000000e+00,0.000000e+00
1.000000e+00,0.000000e+00,0.000000e+00,0.000000e+00,0.000000e+00,0.000000e+00,0.000000e+00,0.000000e+00,0.000000e+00,0.000000e+00,0.000000e+00,0.000000e+00,0.000000e+00,0.000000e+00,0.000000e+00
4.619348e-01,9.561431e-02,6.779963e-03,5.060254e-02,7.646303e-03,1.510083e-02,1.305259e-03,5.777029e-02,1.348359e-01,4.623575e-03,4.952893e-03,1.035268e-02,8.495624e-02,1.355900e-03,6.216862e-02
4.567060e-01,7.826317e-02,5.352087e-03,4.575321e-02,7.978389e-03,1.387115e-02,1.176855e-03,4.102787e-02,1.366345e-01,5.893692e-03,7.632647e-03,1.505851e-02,6.583975e-02,1.783488e-03,1.170287e-01
3.901346e-01,7.826394e-02,4.711268e-03,5.905084e-02,6.657059e-03,1.188817e-02,9.764927e-04,2.909265e-02,1.932261e-01,7.577815e-03,7.214196e-03,1.227319e-02,4.874514e-02,1.512818e-03,1.486758e-01
3.865977e-01,6.895165e-02,4.623385e-03,5.011499e-02,9.841144e-03,1.380989e-02,1.116926e-03,2.147871e-02,1.860181e-01,8.159817e-03,9.541968e-03,1.159935e-02,4.086224e-02,2.002439e-03,1.852817e-01
2.943511e-01,5.352040e-02,1.123878e-02,6.465514e-02,1.001269e-02,1.017194e-02,9.658810e-04,1.619009e-02,3.290150e-01,7.168187e-03,1.027365e-02,8.943093e-03,3.097796e-02,3.880250e-03,1.486358e-01
3.089373e-01,4.506771e-02,1.203111e-02,7.260066e-02,9.179065e-03,8.720106e-03,9.091064e-04,1.245581e-02,2.793238e-01,6.608811e-03,3.522132e-02,8.207818e-03,4.519338e-02,9.252504e-03,1.462915e-01
3.027696e-01,3.738116e-02,1.062623e-02,5.735611e-02,1.389042e-02,9.204977e-03,1.119708e-03,1.021331e-02,2.201798e-01,5.249523e-03,4.079476e-02,1.017305e-02,6.394471e-02,1.162268e-02,2.054740e-01
2.259313e-01,3.008976e-02,9.948904e-03,6.221747e-02,1.644646e-02,1.026970e-02,1.200429e-03,7.815760e-03,1.782693e-01,5.560083e-03,4.304937e-02,1.109081e-02,7.759392e-02,2.760554e-02,2.929112e-01
1.826583e-01,2.397108e-02,9.644973e-03,4.742205e-02,1.554426e-02,9.139687e-03,1.281247e-03,1.221416e-02,1.469384e-01,5.492595e-03,4.756752e-02,1.268850e-02,1.769964e-01,3.354708e-02,2.748937e-01
1.616881e-01,1.887786e-02,9.362957e-03,3.440087e-02,2.716197e-02,1.014769e-02,1.886365e-03,1.769494e-02,1.118622e-01,4.410959e-03,3.805901e-02,1.367174e-02,3.162997e-01,2.638744e-02,2.080882e-01
1.263755e-01,1.518096e-02,7.468252e-03,2.501293e-02,3.344134e-02,1.183218e-02,2.357627e-03,1.643935e-02,8.322870e-02,3.416308e-03,2.988569e-02,1.455154e-02,4.540713e-01,2.075540e-02,1.559829e-01
1.300915e-01,1.315194e-02,7.119532e-03,1.893742e-02,2.816985e-02,1.390061e-02,3.721706e-03,1.669599e-02,6.846276e-02,3.559045e-03,2.303131e-02,5.013392e-02,4.778785e-01,2.649834e-02,1.186476e-01
1.634938e-01,1.260171e-02,8.197139e-03,1.434636e-02,2.688772e-02,1.823465e-02,6.278103e-03,1.848007e-02,6.203717e-02,3.809905e-03,1.859895e-02,5.343690e-02,4.822721e-01,2.461652e-02,8.670891e-02
2.218435e-01,1.309448e-02,1.836394e-02,1.247061e-02,2.353826e-02,2.860706e-02,6.290833e-03,2.907968e-02,4.873232e-02,4.192494e-03,2.104300e-02,5.484918e-02,4.340340e-01,2.056551e-02,6.329524e-02
1.814691e-01,1.068507e-02,1.309885e-02,1.053066e-02,1.814505e-02,2.642349e-02,5.526501e-03,2.139204e-02,4.546059e-02,4.579971e-03,3.984425e-02,1.170464e-01,4.453267e-01,1.519689e-02,4.527445e-02
1.602020e-01,8.061239e-03,9.544618e-03,8.128486e-03,1.361510e-02,3.564153e-02,5.108217e-03,1.582007e-02,3.658694e-02,4.326945e-03,4.108687e-02,2.601777e-01,3.585276e-01,1.121811e-02,3.195456e-02
2.411015e-01,6.148894e-03,7.645579e-03,6.273915e-03,1.149770e-02,2.776202e-02,4.779556e-03,1.254405e-02,3.201442e-02,5.066713e-03,4.216357e-02,2.566345e-01,3.152002e-01,8.472709e-03,2.269465e-02
2.390057e-01,4.723046e-03,5.916219e-03,5.286606e-03,2.252025e-02,2.287500e-02,4.914158e-03,1.158378e-02,5.092948e-02,5.698412e-03,5.082633e-02,2.565958e-01,2.968507e-01,6.258493e-03,1.601599e-02
3.393650e-01,4.064544e-03,5.287387e-03,4.523575e-03,3.318926e-02,1.920111e-02,6.175004e-03,1.765269e-02,5.250612e-02,5.301889e-03,4.202224e-02,2.337441e-01,2.208261e-01,4.748279e-03,1.139275e-02
2.467414e-01,3.075448e-03,4.354878e-03,3.749069e-03,5.625882e-02,1.469730e-02,7.444094e-03,3.482755e-02,7.594426e-02,4.357201e-03,4.007427e-02,2.887153e-01,2.077090e-01,3.744445e-03,8.307019e-03
1.918530e-01,2.491718e-03,3.937980e-03,3.984711e-03,6.454716e-02,1.216117e-02,6.526027e-03,7.263108e-02,9.589669e-02,4.119526e-03,3.439405e-02,3.128598e-01,1.856358e-01,3.004418e-03,5.956921e-03
1.435176e-01,2.567269e-03,7.698897e-03,3.784998e-03,1.166709e-01,1.013392e-02,8.433503e-03,1.040620e-01,1.687850e-01,3.193629e-03,2.717123e-02,2.473769e-01,1.498567e-01,2.361095e-03,4.386287e-03
1.028591e-01,2.254810e-03,6.326451e-03,3.123858e-03,1.055050e-01,7.556759e-03,7.967626e-03,1.547315e-01,2.855661e-01,2.275022e-03,2.103736e-02,1.830914e-01,1.128984e-01,1.684763e-03,3.121720e-03
7.539868e-02,1.646924e-03,5.786489e-03,2.590263e-03,8.736654e-02,5.694044e-03,1.077856e-02,3.686910e-01,2.037934e-01,1.649017e-03,1.745547e-02,1.303647e-01,8.534233e-02,1.198523e-03,2.243956e-03
7.950199e-02,1.204576e-03,4.561045e-03,1.940140e-03,7.173862e-02,5.634988e-03,1.013664e-02,5.126244e-01,1.435432e-01,1.195801e-03,1.268021e-02,9.169841e-02,6.106586e-02,8.513979e-04,1.622689e-03
6.962510e-02,8.893557e-04,3.344797e-03,1.504657e-03,5.571100e-02,5.706592e-03,8.780333e-03,6.335962e-01,1.006956e-01,8.570317e-04,9.015928e-03,6.436128e-02,4.408867e-02,6.212578e-04,1.202206e-03
6.960408e-02,7.492825e-04,2.547987e-03,1.456915e-03,4.161507e-02,1.938526e-02,1.339331e-02,6.860530e-01,7.078514e-02,6.242653e-04,6.531082e-03,4.537773e-02,4.034720e-02,5.189198e-04,1.010716e-03
7.514478e-02,6.526193e-04,1.912710e-03,1.269320e-03,3.509177e-02,2.213006e-02,2.484919e-02,7.120059e-01,4.969193e-02,4.726634e-04,4.758831e-03,3.197826e-02,3.883279e-02,3.939490e-04,8.152561e-04
