1.000000e+00,0.000000e+00,0.000000e+00,0.000000e+00,0.000000e+00,0.000000e+00,0.000000e+00,0.000000e+00,0.000000e+00,0.000000e+00,0.000000e+00,0.000000e+00,0.000000e+00,0.000000e+00,0.000000e+00
1.000000e+00,0.000000e+00,0.000000e+00,0.000000e+00,0.000000e+00,0.000000e+00,0.000000e+00,0.000000e+00,0.000000e+00,0.000000e+00,0.000000e+00,0.000000e+00,0.000000e+00,0.000000e+00,0.000000e+00
1.000000e+00,0.000000e+00,0.000000e+00,0.000000e+00,0.000000e+00,0.000000e+00,0.000000e+00,0.000000e+00,0.000000e+00,0.000000e+00,0.000000e+00,0.000000e+00,0.000000e+00,0.000000e+00,0.000000e+00
1.000000e+00,0.000000e+00,0.000000e+00,0.000000e+00,0.000000e+00,0.000000e+00,0.000000e+00,0.000000e+00,0.000000e+00,0.000000e+00,0.000000e+00,0.000000e+00,0.000000e+00,0.000000e+00,0.000000e+00
1.000000e+00,0.000000e+00,0.000000e+00,0.000000e+00,0.000000e+00,0.000000e+00,0.000000e+00,0.000000e+00,0.000000e+00,0.000000e+00,0.000000e+00,0.000000e+00,0.000000e+00,0.000000e+00,0.000000e+00
1.000000e+00,0.000000e+00,0.000000e+00,0.000000e+00,0.000000e+00,0.000000e+00,0.000000e+00,0.000000e+00,0.000000e+00,0.000000e+00,0.000000e+00,0.000000e+00,0.000000e+00,0.000000e+00,0.000000e+00
1.000000e+00,0.000000e+00,0.000000e+00,0.000000e+00,0.000000e+00,0.000000e+00,0.000000e+00,0.000000e+00,0.000000e+00,0.000000e+00,0.000000e+00,0.000000e+00,0.000000e+00,0.000000e+00,0.000000e+00
1.000000e+00,0.000000e+00,0.000000e+00,0.000000e+00,0.000000e+00,0.000000e+00,0.000000e+00,0.000000e+00,0.000000e+00,0.000000e+00,0.000000e+00,0.000000e+00,0.000000e+00,0.000000e+00,0.000000e+00
1.000000e+00,0.000000e+00,0.000000e+00,0.000000e+00,0.000000e+00,0.000000e+00,0.000000e+00,0.000000e+00,0.000000e+00,0.000000e+00,0.000000e+00,0.000000e+00,0.000000e+00,0.000000e+00,0.000000e+00
1.000000e+00,0.000000e+00,0.000000e+00,0.000000e+00,0.000000e+00,0.000000e+00,0.000000e+00,0.000000e+00,0.000000e+00,0.000000e+00,0.000000e+00,0.000000e+00,0.000000e+00,0.000000e+00,0.000000e+00
1.000000e+00,0.000000e+00,0.000000e+00,0.000000e+00,0.000000e+00,0.000000e+00,0.000000e+00,0.000000e+00,0.000000e+00,0.000000e+00,0.000000e+00,0.000000e+00,0.000000e+00,0.000000e+00,0.000000e+00
1.000000e+00,0.000000e+00,0.000000e+00,0.000000e+00,0.000000e+00,0.000000e+00,0.000000e+00,0.000000e+00,0.000000e+00,0.000000e+00,0.000000e+00,0.000000e+00,0.000000e+00,0.000000e+00,0.000000e+00
1.000000e+00,0.000000e+00,0.000000e+00,0.000000e+00,0.000000e+00,0.000000e+00,0.000000e+00,0.000000e+00,0.000000e+00,0.000000e+00,0.000000e+00,0.000000e+00,0.000000e+00,0.000000e+00,0.000000e+00
1.000000e+00,0.000000e+00,0.000000e+00,0.000000e+00,0.000000e+00,0.000000e+00,0.000000e+00,0.000000e+00,0.000000e+00,0.000000e+00,0.000000e+00,0.000000e+00,0.000000e+00,0.000000e+00,0.000000e+00
1.000000e+00,0.000000e+00,0.000000e+00,0.000000e+00,0.000000e+00,0.000000e+00,0.000000e+00,0.000000e+00,0.000000e+00,0.000000e+00,0.000000e+00,0.000000e+00,0.000000e+00,0.000000e+00,0.000000e+00
1.000000e+00,0.000000e+00,0.000000e+00,0.000000e+00,0.000000e+00,0.000000e+00,0.000000e+00,0.000000e+00,0.000000e+00,0.000000e+00,0.000000e+00,0.000000e+00,0.000000e+00,0.000000e+00,0.000000e+00
1.000000e+00,0.000000e+00,0.000000e+00,0.000000e+00,0.000000e+00,0.000000e+00,0.000000e+00,0.000000e+00,0.000000e+00,0.000000e+00,0.000000e+00,0.000000e+00,0.000000e+00,0.000000e+00,0.000000e+00
1.000000e+00,0.000000e+00,0.000000e+00,0.000000e+00,0.000000e+00,0.000000e+00,0.000000e+00,0.000000e+00,0.000000e+00,0.000000e+00,0.000000e+00,0.000000e+00,0.000000e+00,0.000000e+00,0.000000e+00
1.000000e+00,0.000000e+00,0.000000e+00,0.000000e+00,0.000000e+00,0.000000e+00,0.000000e+00,0.000000e+00,0.000000e+00,0.000000e+00,0.000000e+00,0.000000e+00,0.000000e+00,0.000000e+00,0.000000e+00
1.000000e+00,0.000000e+00,0.000000e+00,0.000000e+00,0.000000e+00,0.000000e+00,0.000000e+00,0.000000e+00,0.000000e+00,0.000000e+00,0.000000e+00,0.000000e+00,0.000000e+00,0.000000e+00,0.000000e+00
1.000000e+00,0.000000e+00,0.000000e+00,0.000000e+00,0.000000e+00,0.000000e+00,0.000000e+00,0.000000e+00,0.000000e+00,0.000000e+00,0.000000e+00,0.000000e+00,0.000000e+00,0.000000e+00,0.000000e+00
1.000000e+00,0.000000e+00,0.000000e+00,0.000000e+00,0.000000e+00,0.000000e+00,0.000000e+00,0.000000e+00,0.000000e+00,0.000000e+00,0.000000e+00,0.000000e+00,0.000000e+00,0.000000e+00,0.000000e+00
1.000000e+00,0.000000e+00,0.000000e+00,0.000000e+00,0.000000e+00,0.000000e+00,0.000000e+00,0.000000e+00,0.000000e+00,0.000000e+00,0.000000e+00,0.000000e+00,0.000000e+00,0.000000e+00,0.000000e+00
1.000000e+00,0.000000e+00,0.000000e+00,0.000000e+00,0.000000e+00,0.000000e+00,0.000000e+00,0.000000e+00,0.000000e+00,0.000000e+00,0.000000e+00,0.000000e+00,0.000000e+00,0.000000e+00,0.000000e+00
1.000000e+00,0.000000e+00,0.000000e+00,0.000000e+00,0.000000e+00,0.000000e+00,0.000000e+00,0.000000e+00,0.000000e+00,0.000000e+00,0.000000e+00,0.000000e+00,0.000000e+00,0.000000e+00,0.000000e+00
1.000000e+00,0.000000e+00,0.000000e+00,0.000000e+00,0.000000e+00,0.000000e+00,0.000000e+00,0.000000e+00,0.000000e+00,0.000000e+00,0.000000e+00,0.000000e+00,0.000000e+00,0.000000e+00,0.000000e+00
1.000000e+00,0.000000e+00,0.000000e+00,0.000000e+00,0.000000e+00,0.000000e+00,0.000000e+00,0.000000e+00,0.000000e+00,0.000000e+00,0.000000e+00,0.000000e+00,0.000000e+00,0.000000e+00,0.000000e+00
1.000000e+00,0.000000e+00,0.000000e+00,0.000000e+00,0.000000e+00,0.000000e+00,0.000000e+00,0.000000e+00,0.000000e+00,0.000000e+00,0.000000e+00,0.000000e+00,0.000000e+00,0.000000e+00,0.000000e+00
1.000000e+00,0.000000e+00,0.000000e+00,0.000000e+00,0.000000e+00,0.000000e+00,0.000000e+00,0.000000e+00,0.000000e+00,0.000000e+00,0.000000e+00,0.000000e+00,0.000000e+00,0.000000e+00,0.000000e+00
1.000000e+00,0.000000e+00,0.000000e+00,0.000000e+00,0.000000e+00,0.000000e+00,0.000000e+00,0.000000e+00,0.000000e+00,0.000000e+00,0.000000e+00,0.000000e+00,0.000000e+00,0.000000e+00,0.000000e+00
1.000000e+00,0.000000e+00,0.000000e+00,0.000000e+00,0.000000e+00,0.000000e+00,0.000000e+00,0.000000e+00,0.000000e+00,0.000000e+00,0.000000e+00,0.000000e+00,0.000000e+00,0.000000e+00,0.000000e+00
4.709501e-01,2.015592e-02,4.956232e-03,8.963872e-02,2.039840e-02,9.473991e-02,2.191977e-02,1.616508e-02,1.576522e-02,1.136358e-03,5.612531e-03,1.457645e-01,8.104691e-02,8.084588e-04,1.094197e-02
3.965016e-01,2.514856e-02,8.289349e-03,1.146346e-01,2.816034e-02,9.425705e-02,2.687898e-02,2.283030e-02,1.993673e-02,1.395849e-03,6.156383e-03,1.528762e-01,8.786741e-02,9.553748e-04,1.411117e-02
3.461525e-01,3.053894e-02,9.920174e-03,1.282610e-01,3.428461e-02,9.793033e-02,3.326173e-02,2.791449e-02,2.504613e-02,1.636266e-03,6.280252e-03,1.482750e-01,9.324860e-02,1.027469e-03,1.622244e-02
2.882160e-01,4.393186e-02,1.677524e-02,2.000454e-01,3.657613e-02,8.875380e-02,3.740530e-02,3.920658e-02,2.480714e-02,1.652739e-03,6.076368e-03,1.205076e-01,7.640286e-02,9.959873e-04,1.864706e-02
3.025422e-01,5.020781e-02,1.515123e-02,1.820004e-01,4.292155e-02,8.923785e-02,3.930607e-02,3.620127e-02,2.909674e-02,2.006001e-03,6.886820e-03,1.074733e-01,7.416825e-02,1.403028e-03,2.139750e-02
3.123779e-01,5.119137e-02,1.397303e-02,1.733228e-01,4.627989e-02,9.080037e-02,3.755525e-02,3.216779e-02,3.216186e-02,2.335089e-03,7.602440e-03,1.006928e-01,7.295981e-02,1.817059e-03,2.476266e-02
3.698528e-01,5.027501e-02,1.210027e-02,1.484172e-01,4.171789e-02,8.563236e-02,3.213205e-02,2.625331e-02,2.963450e-02,2.305659e-03,7.452936e-03,9.189182e-02,7.433345e-02,2.157400e-03,2.584330e-02
3.203506e-01,5.736422e-02,2.046726e-02,1.696542e-01,4.975741e-02,8.731962e-02,3.066291e-02,3.114276e-02,2.979732e-02,2.645301e-03,9.312948e-03,8.911504e-02,6.908590e-02,2.657376e-03,3.066711e-02
3.986313e-01,5.457676e-02,1.790674e-02,1.449786e-01,4.147559e-02,7.263065e-02,2.547369e-02,2.598065e-02,2.783607e-02,3.043081e-03,9.472896e-03,7.904585e-02,6.291686e-02,3.221024e-03,3.281012e-02
4.931173e-01,4.576692e-02,1.563511e-02,1.178997e-01,3.318477e-02,5.920009e-02,2.045210e-02,2.323376e-02,2.292014e-02,2.880202e-03,1.008425e-02,6.844346e-02,5.407360e-02,3.512948e-03,2.959561e-02
1.000000e+00,0.000000e+00,0.000000e+00,0.000000e+00,0.000000e+00,0.000000e+00,0.000000e+00,0.000000e+00,0.000000e+00,0.000000e+00,0.000000e+00,0.000000e+00,0.000000e+00,0.000000e+00,0.000000e+00
4.668835e-01,2.660174e-02,1.294992e-02,7.398757e-02,2.000874e-02,3.748371e-02,1.346617e-02,2.209167e-01,1.329842e-02,2.152850e-03,8.565053e-03,4.438286e-02,3.619763e-02,3.023823e-03,2.008138e-02
3.296027e-01,1.871497e-02,9.709149e-03,5.284094e-02,1.457893e-02,2.701716e-02,9.785727e-03,4.468439e-01,9.392966e-03,1.518052e-03,6.215658e-03,3.145594e-02,2.597652e-02,2.159771e-03,1.418762e-02
2.310585e-01,1.312048e-02,6.921686e-03,3.707254e-02,1.033163e-02,1.903461e-02,7.049902e-03,6.115531e-01,6.584055e-03,1.064363e-03,4.397202e-03,2.204561e-02,1.828543e-02,1.522291e-03,9.958685e-03
1.618751e-01,9.198129e-03,4.926363e-03,2.597585e-02,7.306795e-03,1.347697e-02,5.104243e-03,7.273543e-01,4.609946e-03,7.456977e-04,3.091780e-03,1.543859e-02,1.283248e-02,1.085222e-03,6.978577e-03
1.135747e-01,6.476290e-03,3.557601e-03,1.822886e-02,5.247064e-03,1.024828e-02,4.162938e-03,8.066826e-01,3.231339e-03,5.245974e-04,2.256295e-03,1.087721e-02,9.196108e-03,8.415335e-04,4.894651e-03
8.009345e-02,4.654771e-03,2.556307e-03,1.290951e-02,4.986489e-03,7.853149e-03,4.430353e-03,8.583472e-01,2.309259e-03,3.815117e-04,1.799118e-03,7.825346e-03,7.708390e-03,6.741795e-04,3.470990e-03
5.705744e-02,3.446603e-03,1.843074e-03,9.152058e-03,7.136736e-03,8.661317e-03,5.209831e-03,8.840014e-01,1.717921e-03,2.885646e-04,1.937917e-03,5.973398e-03,1.046624e-02,6.162315e-04,2.491259e-03
4.131465e-02,2.588085e-03,1.355385e-03,6.477499e-03,2.085009e-02,6.902395e-02,4.885268e-03,8.244470e-01,1.605982e-03,2.309151e-04,1.933683e-03,4.774149e-03,1.802424e-02,6.039168e-04,1.885140e-03
3.114208e-02,2.035199e-03,1.042970e-03,4.787945e-03,5.011296e-02,2.184109e-01,3.696947e-03,6.568341e-01,1.622780e-03,1.815842e-04,1.712217e-03,4.980331e-03,2.097975e-02,6.237187e-04,1.836465e-03
2.509367e-02,1.749582e-03,1.044159e-03,3.819502e-03,4.669061e-02,2.075114e-01,2.957529e-03,5.273499e-01,2.981608e-03,4.478501e-04,3.085529e-03,3.442197e-02,1.388526e-01,1.148059e-03,2.845939e-03
1.822222e-02,1.535944e-03,9.971962e-04,6.408332e-03,3.429807e-02,2.966267e-01,2.261997e-03,3.710837e-01,7.918872e-03,1.285086e-03,1.276051e-02,3.660322e-02,1.990580e-01,1.373441e-03,9.566717e-03
1.284752e-02,1.262519e-03,7.939220e-04,4.765778e-03,2.409603e-02,4.476205e-01,1.790377e-03,2.598306e-01,5.872973e-03,9.971055e-04,9.461213e-03,6.223417e-02,1.594437e-01,1.090427e-03,7.893110e-03
9.315424e-03,9.619168e-04,5.970215e-04,3.410447e-03,1.688797e-02,3.733681e-01,1.446847e-03,1.819475e-01,4.443189e-03,7.710385e-04,6.953605e-03,2.419066e-01,1.511176e-01,8.679635e-04,6.004763e-03
6.735430e-03,7.604549e-04,4.540269e-04,2.407066e-03,1.183792e-02,2.717766e-01,1.084556e-03,1.273664e-01,3.723994e-03,7.918598e-04,5.939067e-03,3.352177e-01,2.268927e-01,6.609922e-04,4.351312e-03
5.130970e-03,6.053944e-04,3.518543e-04,1.703691e-03,8.307374e-03,2.144376e-01,8.680972e-04,8.916187e-02,3.166223e-03,1.051558e-03,6.152036e-03,4.528986e-01,2.123576e-01,5.076161e-04,3.299494e-03
4.029182e-03,7.694829e-04,3.143421e-04,1.211010e-03,5.861971e-03,1.668814e-01,6.506924e-04,6.242493e-02,5.743235e-03,1.422375e-03,6.398290e-03,5.501842e-01,1.913176e-01,3.808899e-04,2.410338e-03
3.134405e-03,1.129854e-03,3.252083e-04,8.510588e-04,4.122659e-03,1.182097e-01,4.673044e-04,4.370227e-02,5.681448e-03,1.547574e-03,5.793785e-03,6.598271e-01,1.532138e-01,2.828448e-04,1.710966e-03
2.560385e-03,1.412988e-03,4.230638e-03,6.308269e-04,3.172615e-03,8.293700e-02,4.492162e-04,3.077263e-02,5.856807e-03,1.643193e-03,4.978347e-03,7.515361e-01,1.083948e-01,2.225066e-04,1.201924e-03
1.862898e-03,5.337986e-03,3.319591e-03,4.716431e-04,2.529501e-03,5.812927e-02,3.743169e-04,2.178791e-02,1.316475e-02,2.022162e-03,7.948297e-03,8.038061e-01,7.820036e-02,1.971109e-04,8.481129e-04
1.390555e-03,1.080933e-02,4.318000e-03,4.105931e-04,5.960618e-03,4.082683e-02,6.925748e-04,1.671396e-02,3.805441e-02,2.096031e-03,9.283859e-03,8.125266e-01,5.612808e-02,1.861101e-04,6.024711e-04
1.046082e-03,9.457575e-03,3.732231e-03,4.838439e-04,5.636661e-03,2.867915e-02,5.322800e-04,1.352484e-02,3.788920e-02,1.889379e-03,1.490412e-02,8.417367e-01,3.984619e-02,2.086258e-04,4.331374e-04
8.328694e-04,1.059462e-02,3.105303e-03,4.653106e-04,7.012592e-03,2.020632e-02,7.876282e-04,1.072154e-02,1.137768e-01,2.781680e-03,1.838956e-02,7.822218e-01,2.856416e-02,2.161136e-04,3.237260e-04
8.780895e-04,9.721860e-03,3.037015e-03,8.017338e-04,1.941429e-02,1.483325e-02,1.492710e-03,1.669563e-02,2.119680e-01,3.658523e-03,1.834004e-02,6.763232e-01,2.219108e-02,3.404002e-04,3.041828e-04
1.311829e-03,9.759646e-03,3.408697e-03,2.096100e-03,2.620168e-02,1.180331e-02,1.611802e-03,4.450226e-02,3.495658e-01,3.068496e-03,2.497865e-02,5.045153e-01,1.649254e-02,3.031712e-04,3.807302e-04
2.153228e-03,1.295954e-02,6.344139e-03,4.806858e-03,2.722042e-02,9.590799e-03,1.526954e-03,4.832696e-02,4.404418e-01,3.568063e-03,3.364627e-02,3.952731e-01,1.299709e-02,3.237180e-04,8.210827e-04
1.144610e-02,2.296287e-02,1.271335e-02,1.503736e-02,2.878026e-02,1.061832e-02,1.701531e-03,4.464629e-02,4.534127e-01,6.956926e-03,3.881119e-02,3.345004e-01,1.580309e-02,8.162128e-04,1.793446e-03
1.348702e-02,3.127848e-02,1.168978e-02,1.435861e-02,3.473447e-02,1.201803e-02,1.778643e-03,3.652878e-02,5.015203e-01,7.848572e-03,5.412928e-02,2.629547e-01,1.419227e-02,1.017814e-03,2.463333e-03
2.062412e-02,4.110072e-02,1.042559e-02,1.367759e-02,2.953112e-02,1.569040e-02,1.891142e-03,3.291844e-02,4.752264e-01,1.220340e-02,6.407234e-02,2.520639e-01,2.241043e-02,2.997497e-03,5.166932e-03
2.485684e-02,4.507275e-02,1.079200e-02,1.666865e-02,2.828188e-02,3.003184e-02,1.768515e-03,3.907706e-02,4.687796e-01,1.226187e-02,7.612036e-02,2.144498e-01,2.119053e-02,4.773974e-03,5.874393e-03
3.151251e-02,4.964636e-02,1.024348e-02,2.360423e-02,3.296642e-02,3.539635e-02,1.651507e-03,5.440424e-02,4.754785e-01,1.074836e-02,7.363077e-02,1.672610e-01,1.889679e-02,8.389726e-03,6.169726e-03
5.133630e-02,5.623401e-02,8.941944e-03,2.847891e-02,4.989699e-02,4.618078e-02,1.533170e-03,5.118162e-02,4.377018e-01,1.129802e-02,7.463841e-02,1.443529e-01,1.596304e-02,1.351962e-02,8.742440e-03
7.706675e-02,4.730396e-02,8.330905e-03,3.603198e-02,4.124124e-02,4.092831e-02,1.326994e-03,3.874089e-02,3.423215e-01,1.333654e-02,1.681333e-01,1.414051e-01,1.475223e-02,1.436601e-02,1.471431e-02
7.182743e-02,3.466320e-02,6.329644e-03,2.917958e-02,3.084825e-02,3.434198e-02,1.134738e-03,2.764435e-02,2.420840e-01,9.786719e-03,3.476200e-01,1.304415e-01,1.164440e-02,1.088959e-02,1.156466e-02
9.841129e-02,2.581269e-02,4.948037e-03,2.181624e-02,2.237888e-02,2.961022e-02,9.108905e-04,1.984418e-02,1.711975e-01,7.385907e-03,3.128316e-01,2.571737e-01,8.995973e-03,9.360615e-03,9.322262e-03
8.357614e-02,2.004664e-02,4.294322e-03,1.693799e-02,2.677427e-02,2.573823e-02,9.782102e-04,1.493696e-02,1.253022e-01,1.207678e-02,2.903867e-01,3.521460e-01,8.829698e-03,9.236919e-03,8.738920e-03
9.137118e-02,1.796202e-02,5.040328e-03,1.416927e-02,2.490265e-02,2.162031e-02,1.017700e-03,1.227569e-02,9.067094e-02,1.387233e-02,2.478065e-01,4.352321e-01,7.397771e-03,8.796545e-03,7.864615e-03
6.844822e-02,1.398418e-02,4.540422e-03,1.102246e-02,1.919272e-02,2.083532e-02,8.644980e-04,9.157208e-03,6.464089e-02,1.042361e-02,2.293656e-01,5.266941e-01,5.881667e-03,8.313617e-03,6.635524e-03
5.115274e-02,1.131494e-02,4.036611e-03,9.545443e-03,1.835421e-02,2.457026e-02,1.047949e-03,7.108199e-03,4.608879e-02,7.469877e-03,2.867149e-01,5.161806e-01,4.504827e-03,6.778741e-03,5.131812e-03
3.885378e-02,9.476590e-03,3.664615e-03,7.333721e-03,2.016944e-02,3.181086e-02,3.183322e-03,6.349428e-03,3.395765e-02,5.456912e-03,2.874618e-01,5.384043e-01,3.595791e-03,5.643182e-03,4.638559e-03
3.055727e-02,1.266007e-02,6.240918e-03,6.628595e-03,1.132056e-01,2.542822e-02,3.145155e-03,5.617504e-03,2.728146e-02,4.046738e-03,2.206420e-01,5.318824e-01,3.128280e-03,5.226738e-03,4.309006e-03
3.551628e-02,1.146379e-02,1.046404e-02,6.473205e-03,1.578259e-01,2.353056e-02,4.212286e-03,2.645076e-02,2.612082e-02,3.227915e-03,2.009116e-01,4.796302e-01,3.505350e-03,6.345277e-03,4.322050e-03
3.239436e-02,8.922953e-03,9.104013e-03,5.374052e-03,1.728707e-01,2.036664e-02,4.084640e-03,3.315020e-02,2.428893e-02,2.557999e-03,1.753309e-01,4.981632e-01,3.761291e-03,6.266190e-03,3.363994e-03
3.160613e-02,7.701483e-03,9.040764e-03,4.314984e-03,1.595273e-01,2.040191e-02,5.573316e-03,3.163844e-02,2.912191e-02,2.327247e-03,1.924668e-01,4.939896e-01,3.749497e-03,5.548906e-03,2.991636e-03
3.935766e-02,6.741220e-03,3.683757e-02,4.291713e-03,1.551928e-01,2.397576e-02,9.812308e-03,5.562672e-02,2.988507e-02,3.364557e-03,1.833563e-01,4.383477e-01,4.020150e-03,6.594859e-03,2.595578e-03
5.037624e-02,8.755147e-03,5.595181e-02,4.893984e-03,1.566620e-01,2.266455e-02,1.072761e-02,5.871404e-02,3.777760e-02,6.496282e-03,1.728987e-01,3.958620e-01,4.121187e-03,1.142314e-02,2.675681e-03
5.274899e-02,9.079813e-03,1.077595e-01,5.656332e-03,1.987718e-01,1.984384e-02,8.109633e-03,6.636135e-02,6.815614e-02,6.449571e-03,1.394146e-01,3.012622e-01,3.562173e-03,1.049623e-02,2.327863e-03
4.996521e-02,1.155312e-02,9.692778e-02,6.804431e-03,2.068105e-01,4.176900e-02,6.450805e-03,6.851478e-02,1.330718e-01,6.548955e-03,1.205993e-01,2.347018e-01,3.525937e-03,1.044797e-02,2.308652e-03
4.561802e-02,1.161875e-02,7.470565e-02,7.936098e-03,1.946721e-01,6.895097e-02,5.041798e-03,1.419830e-01,1.572231e-01,5.575029e-03,9.012567e-02,1.784627e-01,4.972382e-03,1.000911e-02,3.105515e-03
3.734715e-02,1.010108e-02,5.280046e-02,6.992646e-03,1.592006e-01,2.320525e-01,3.931114e-03,1.057339e-01,1.619595e-01,4.470855e-03,7.061370e-02,1.320055e-01,9.636649e-03,7.741018e-03,5.413248e-03
4.113792e-02,1.360739e-02,3.975335e-02,2.251084e-02,1.752432e-01,2.282781e-01,3.447421e-03,1.125671e-01,1.784776e-01,4.590936e-03,5.510318e-02,9.561376e-02,1.195709e-02,5.855316e-03,1.185682e-02
4.594614e-02,1.004682e-02,3.200636e-02,2.418237e-02,2.714846e-01,1.712203e-01,3.520708e-03,1.523349e-01,1.552440e-01,3.431462e-03,4.049753e-02,6.823010e-02,8.882207e-03,4.198001e-03,8.774473e-03
5.298267e-02,8.451969e-03,2.437591e-02,2.486034e-02,3.226590e-01,1.867828e-01,3.417949e-03,1.185569e-01,1.429879e-01,2.543389e-03,3.455084e-02,6.024363e-02,7.779275e-03,3.224959e-03,6.582404e-03
6.748254e-02,1.138294e-02,3.317201e-02,6.011068e-02,3.319945e-01,1.484331e-01,4.126802e-03,1.356367e-01,1.149437e-01,2.633065e-03,2.570182e-02,4.658153e-02,7.695297e-03,2.740986e-03,7.364230e-03
7.467332e-02,1.115618e-02,2.859928e-02,6.190713e-02,3.517187e-01,1.105105e-01,3.197132e-03,1.077302e-01,1.008192e-01,4.071666e-03,2.579155e-02,3.636414e-02,3.792848e-02,5.533719e-03,3.999884e-02
7.997558e-02,9.698746e-03,2.258838e-02,5.323736e-02,3.620740e-01,7.982827e-02,2.703840e-03,9.188534e-02,8.130092e-02,3.942191e-03,5.349581e-02,2.996954e-02,8.838797e-02,7.334852e-03,3.357707e-02
7.827377e-02,9.009076e-03,1.886358e-02,5.473225e-02,3.422961e-01,5.821980e-02,2.393197e-03,1.083810e-01,7.550377e-02,3.612904e-03,5.897047e-02,3.052235e-02,1.177596e-01,1.038651e-02,3.107553e-02
9.150437e-02,7.954609e-03,3.596103e-02,1.491448e-01,2.772924e-01,4.292137e-02,2.323369e-03,1.008754e-01,6.516206e-02,3.164285e-03,5.416354e-02,2.589034e-02,1.101770e-01,8.761818e-03,2.470357e-02
9.930861e-02,8.918955e-03,5.665214e-02,2.131991e-01,2.289750e-01,3.475060e-02,2.297878e-03,9.210654e-02,6.207057e-02,3.725115e-03,5.041406e-02,2.530158e-02,9.377503e-02,8.295532e-03,2.020923e-02
1.341020e-01,9.879980e-03,5.800603e-02,2.557842e-01,1.841580e-01,2.992417e-02,2.272527e-03,8.653187e-02,5.954153e-02,4.605958e-03,4.748809e-02,2.287950e-02,8.104405e-02,7.763776e-03,1.601831e-02
1.862408e-01,1.108601e-02,5.627525e-02,2.277260e-01,1.546250e-01,2.746751e-02,2.432905e-03,7.552774e-02,5.763210e-02,5.997910e-03,5.654184e-02,3.307229e-02,8.169124e-02,1.009102e-02,1.359247e-02
1.947238e-01,2.107477e-02,4.321340e-02,1.682908e-01,1.256045e-01,3.149724e-02,2.493006e-03,6.319860e-02,9.746476e-02,1.114302e-02,6.913553e-02,3.711641e-02,1.086168e-01,1.270160e-02,1.372576e-02
2.118829e-01,2.777984e-02,4.182395e-02,1.438233e-01,1.293913e-01,2.651167e-02,3.508200e-03,7.484254e-02,1.173153e-01,1.212028e-02,6.211452e-02,3.280848e-02,9.179463e-02,1.060288e-02,1.368023e-02
2.378822e-01,3.345971e-02,4.003138e-02,1.366288e-01,9.765005e-02,2.957474e-02,4.106528e-03,5.970329e-02,1.072527e-01,1.425275e-02,5.074632e-02,4.057364e-02,1.080789e-01,9.573563e-03,3.048548e-02
2.288664e-01,3.329341e-02,3.167256e-02,1.023144e-01,7.482880e-02,2.431401e-02,3.950114e-03,5.013063e-02,1.658089e-01,1.476272e-02,4.642207e-02,4.005903e-02,1.417686e-01,1.139590e-02,3.041254e-02
2.089918e-01,3.135242e-02,2.392643e-02,8.658016e-02,5.823273e-02,2.061333e-02,4.120545e-03,4.120003e-02,2.689804e-01,1.327138e-02,3.916942e-02,3.601154e-02,1.289228e-01,9.595794e-03,2.903124e-02
2.870584e-01,3.168428e-02,2.093367e-02,7.726971e-02,4.441085e-02,2.707490e-02,4.534495e-03,3.753520e-02,2.556069e-01,1.079706e-02,3.160847e-02,3.775339e-02,9.895939e-02,7.825820e-03,2.694751e-02
3.941513e-01,2.598207e-02,1.764243e-02,6.423303e-02,3.516905e-02,3.005675e-02,4.671745e-03,4.740948e-02,2.058938e-01,9.100757e-03,2.398210e-02,3.727146e-02,7.515444e-02,6.010134e-03,2.327149e-02
4.973485e-01,2.260095e-02,1.526249e-02,5.203740e-02,2.854846e-02,3.016581e-02,4.538887e-03,5.385013e-02,1.549128e-01,7.067426e-03,1.817757e-02,3.530798e-02,5.615479e-02,4.561153e-03,1.946573e-02
1.000000e+00,0.000000e+00,0.000000e+00,0.000000e+00,0.000000e+00,0.000000e+00,0.000000e+00,0.000000e+00,0.000000e+00,0.000000e+00,0.000000e+00,0.000000e+00,0.000000e+00,0.000000e+00,0.000000e+00
1.000000e+00,0.000000e+00,0.000000e+00,0.000000e+00,0.000000e+00,0.000000e+00,0.000000e+00,0.000000e+00,0.000000e+00,0.000000e+00,0.000000e+00,0.000000e+00,0.000000e+00,0.000000e+00,0.000000e+00
4.897951e-01,1.454764e-02,1.698827e-02,2.679179e-02,2.027094e-02,2.910573e-02,7.544189e-03,2.279867e-01,9.386060e-02,3.087894e-03,8.696600e-03,2.168235e-02,2.502957e-02,2.477651e-03,1.213504e-02
4.122154e-01,1.104314e-02,1.547810e-02,2.009117e-02,1.801535e-02,2.698262e-02,7.519228e-03,3.585991e-01,7.484908e-02,2.285675e-03,6.512981e-03,1.632962e-02,1.862387e-02,1.898991e-03,9.555727e-03
3.043650e-01,8.259512e-03,1.307981e-02,1.615733e-02,1.475423e-02,2.107408e-02,6.217531e-03,5.143586e-01,6.156165e-02,1.629466e-03,4.767150e-03,1.180327e-02,1.340902e-02,1.396856e-03,7.166480e-03
2.249191e-01,6.048821e-03,1.121728e-02,1.357144e-02,1.281644e-02,1.697899e-02,5.370731e-03,6.350330e-01,4.484443e-02,1.179867e-03,3.564522e-03,8.515755e-03,9.708956e-03,1.026049e-03,5.204653e-03
1.723168e-01,4.620725e-03,1.076421e-02,1.092526e-02,1.060826e-02,1.572465e-02,5.581935e-03,7.145900e-01,3.288249e-02,8.884525e-04,2.752321e-03,6.394439e-03,7.267450e-03,7.736089e-04,3.909510e-03
1.547477e-01,3.746090e-03,1.090872e-02,9.285334e-03,8.783268e-03,2.802614e-02,5.708601e-03,7.352640e-01,2.360661e-02,7.186814e-04,2.418318e-03,5.665933e-03,5.750807e-03,7.049274e-04,4.664892e-03
1.225596e-01,2.924381e-03,8.171065e-03,7.469655e-03,6.546336e-03,2.171538e-02,4.397417e-03,7.085291e-01,1.793914e-02,1.522820e-03,1.573192e-02,1.595732e-02,5.067060e-02,9.534823e-03,6.330480e-03
1.003382e-01,3.145912e-03,6.265363e-03,7.163090e-03,4.749806e-03,2.181300e-02,3.431798e-03,5.419871e-01,2.049991e-02,4.865819e-03,8.910669e-02,3.026836e-02,6.639095e-02,9.008554e-02,9.888493e-03
7.800601e-02,3.102992e-03,4.463730e-03,6.358368e-03,3.401827e-03,1.708115e-02,2.528707e-03,3.921078e-01,1.845409e-02,9.141194e-03,1.813881e-01,5.006003e-02,1.113866e-01,1.141994e-01,8.320115e-03
7.192214e-02,2.856835e-03,3.237593e-03,5.472797e-03,2.475569e-03,1.509443e-02,1.919787e-03,2.938178e-01,1.626029e-02,1.280002e-02,2.203857e-01,6.299276e-02,1.441364e-01,1.395529e-01,7.074994e-03
5.170655e-02,2.617353e-03,2.393466e-03,4.631757e-03,1.812945e-03,1.079553e-02,1.364575e-03,2.092272e-01,4.311769e-02,1.422151e-02,1.860129e-01,1.118833e-01,1.493609e-01,2.042133e-01,6.641055e-03
3.630999e-02,2.124155e-03,1.725626e-03,3.574118e-03,1.339862e-03,7.640855e-03,9.631488e-04,1.471732e-01,1.263773e-01,1.358267e-02,1.418751e-01,1.236764e-01,1.204492e-01,2.673565e-01,5.831932e-03
2.568054e-02,2.063424e-03,1.286018e-03,3.228435e-03,1.068932e-03,5.674139e-03,6.861419e-04,1.035662e-01,2.767004e-01,1.091205e-02,1.059647e-01,1.192845e-01,9.344151e-02,2.452808e-01,5.162242e-03
1.825633e-02,2.457717e-03,1.252140e-03,4.426815e-03,9.900141e-04,5.249138e-03,4.918650e-04,7.268398e-02,4.212514e-01,8.353313e-03,8.395664e-02,8.906782e-02,6.828889e-02,2.189429e-01,4.331002e-03
1.325066e-02,4.657994e-03,6.735914e-03,5.942030e-03,1.254799e-03,6.145204e-03,3.834847e-04,5.133615e-02,5.083700e-01,6.186604e-03,6.681783e-02,6.399001e-02,4.971065e-02,2.118774e-01,3.341269e-03
1.000557e-02,4.576055e-03,9.864042e-03,4.801998e-03,2.547138e-02,8.627862e-03,4.369773e-04,3.660635e-02,5.029777e-01,4.784411e-03,4.889737e-02,4.539902e-02,3.568512e-02,2.583506e-01,3.515500e-03
7.637296e-03,3.894691e-03,1.279476e-02,3.645836e-03,6.663940e-02,7.311152e-03,5.399734e-04,2.599519e-02,4.746592e-01,3.939303e-03,3.617520e-02,3.230691e-02,2.595317e-02,2.955061e-01,3.001790e-03
7.769031e-03,5.475560e-03,3.855050e-02,1.068767e-02,6.694001e-02,7.762261e-03,7.756886e-04,1.857238e-02,5.002186e-01,1.520797e-02,3.102824e-02,2.513675e-02,2.621843e-02,2.247220e-01,2.093491e-02
2.207896e-02,6.258221e-03,3.445806e-02,9.283104e-03,8.505075e-02,3.061439e-02,1.138284e-03,1.396365e-02,4.694817e-01,2.454338e-02,2.798679e-02,1.879190e-02,2.185106e-02,1.975940e-01,3.690571e-02
2.629570e-02,6.225328e-03,6.797974e-02,2.501406e-02,1.436302e-01,3.241193e-02,2.394649e-03,2.300094e-02,3.955281e-01,1.968553e-02,2.810722e-02,1.502674e-02,2.265646e-02,1.636619e-01,2.838150e-02
2.911521e-02,6.709689e-03,2.377722e-01,4.666596e-02,1.150073e-01,3.168589e-02,1.892099e-03,1.857194e-02,2.974821e-01,1.643758e-02,2.475479e-02,1.131796e-02,1.793488e-02,1.208994e-01,2.375302e-02
4.142764e-02,1.218775e-02,3.254682e-01,5.960026e-02,9.694883e-02,2.849177e-02,1.471273e-03,1.560326e-02,2.284756e-01,1.393058e-02,2.140186e-02,8.751625e-03,1.373948e-02,1.077940e-01,2.470785e-02
4.158269e-02,1.516934e-02,3.654158e-01,1.316018e-01,9.374738e-02,2.221180e-02,1.158740e-03,1.642367e-02,1.665637e-01,1.143271e-02,1.634300e-02,6.452315e-03,1.010468e-02,7.749491e-02,2.429749e-02
4.331855e-02,1.358391e-02,3.972909e-01,1.765723e-01,6.870855e-02,1.617012e-02,8.525458e-04,1.224380e-02,1.385131e-01,1.170089e-02,1.425022e-02,5.038785e-03,7.999861e-03,5.461980e-02,3.913660e-02
8.385423e-02,2.062281e-02,3.992868e-01,1.458630e-01,9.513414e-02,1.378815e-02,8.680117e-04,1.086986e-02,1.176649e-01,9.713110e-03,1.341572e-02,4.186958e-03,6.619659e-03,4.484041e-02,3.327217e-02
9.709154e-02,2.623338e-02,3.148032e-01,1.540448e-01,8.930681e-02,1.148338e-02,8.191415e-04,2.771198e-02,1.708763e-01,1.234067e-02,1.715560e-02,3.560189e-03,6.041299e-03,3.272937e-02,3.580228e-02
1.024501e-01,2.516932e-02,2.573935e-01,1.716357e-01,8.730599e-02,9.880091e-03,7.990787e-04,2.793180e-02,2.136492e-01,1.491100e-02,1.872056e-02,3.102179e-03,5.634502e-03,2.399208e-02,3.742474e-02
7.917752e-02,1.830899e-02,2.218232e-01,1.381216e-01,7.350220e-02,7.355501e-03,6.385229e-04,2.293197e-01,1.569006e-01,1.054522e-02,1.442008e-02,2.267141e-03,4.123323e-03,1.691048e-02,2.658574e-02
5.775369e-02,1.290942e-02,1.607130e-01,9.898584e-02,5.466644e-02,5.344043e-03,6.351020e-04,4.458305e-01,1.104513e-01,7.432356e-03,1.026521e-02,1.593131e-03,2.919466e-03,1.186273e-02,1.863782e-02
4.164254e-02,9.121630e-03,1.147680e-01,7.062130e-02,4.226420e-02,3.927897e-03,5.632719e-04,6.024989e-01,7.751675e-02,5.245426e-03,7.264455e-03,1.124539e-03,2.057760e-03,8.316808e-03,1.306653e-02
2.949987e-02,6.397621e-03,8.065663e-02,4.965841e-02,2.995531e-02,2.956121e-03,4.089080e-04,7.201688e-01,5.428373e-02,3.688001e-03,5.101491e-03,7.930479e-04,1.448690e-03,5.826877e-03,9.156414e-03
2.365611e-02,4.676398e-03,5.927635e-02,3.540655e-02,2.175702e-02,4.767035e-03,5.052653e-04,7.644591e-01,3.982275e-02,8.423477e-03,1.103643e-02,4.191183e-03,7.517140e-03,6.846446e-03,7.658700e-03
1.745633e-02,3.546744e-03,4.242388e-02,2.618782e-02,1.538191e-02,6.156865e-03,5.029031e-04,6.107360e-01,3.473133e-02,1.080293e-02,1.048651e-01,1.517142e-02,8.942007e-02,9.893954e-03,1.272257e-02
1.603997e-02,3.777209e-03,3.181197e-02,2.799043e-02,1.103170e-02,1.488386e-02,6.095330e-04,4.615895e-01,3.768379e-02,9.228464e-03,1.444615e-01,3.704035e-02,1.463744e-01,3.588728e-02,2.158995e-02
1.439297e-02,4.255995e-03,2.741513e-02,4.007084e-02,8.232810e-03,1.909051e-02,6.366033e-04,3.682601e-01,6.020453e-02,7.826962e-03,1.621696e-01,4.127629e-02,1.829747e-01,3.083118e-02,3.236170e-02
1.148560e-02,5.275102e-03,2.059639e-02,3.991691e-02,6.344580e-03,1.471140e-02,6.607805e-04,2.732940e-01,1.792534e-01,5.922774e-03,1.587017e-01,5.990888e-02,1.703731e-01,2.527914e-02,2.827619e-02
9.929145e-03,5.573603e-03,1.693420e-02,1.324434e-01,5.770015e-03,1.114352e-02,6.307599e-04,1.972583e-01,2.747308e-01,4.735176e-03,1.261775e-01,4.460378e-02,1.281866e-01,1.892838e-02,2.295479e-02
8.497544e-03,7.106860e-03,1.374839e-02,1.422788e-01,4.903758e-03,1.227461e-02,5.982710e-04,1.388811e-01,3.651130e-01,5.175479e-03,1.106579e-01,3.680225e-02,1.094531e-01,1.467776e-02,2.983107e-02
2.396519e-02,9.585883e-03,1.188626e-02,1.388566e-01,6.605170e-03,1.389102e-02,1.098658e-03,9.930828e-02,4.369437e-01,4.472383e-03,8.887638e-02,2.951152e-02,9.202739e-02,1.190761e-02,3.106397e-02
4.942651e-02,1.356077e-02,1.157571e-02,1.093690e-01,1.965810e-02,1.246558e-02,2.203189e-03,7.184225e-02,4.936146e-01,3.977704e-03,7.120417e-02,2.338078e-02,7.545598e-02,9.383670e-03,3.288193e-02
1.804710e-01,1.782989e-02,9.391201e-03,9.195668e-02,2.272934e-02,1.192245e-02,2.182529e-03,5.363128e-02,4.147377e-01,4.710771e-03,5.450254e-02,2.229669e-02,5.624297e-02,8.008158e-03,4.938670e-02
1.881451e-01,1.862767e-02,1.120327e-02,1.266794e-01,2.592666e-02,1.094553e-02,2.018596e-03,4.490748e-02,3.776160e-01,7.079540e-03,4.330615e-02,1.874045e-02,4.240464e-02,6.907293e-03,7.549213e-02
1.373610e-01,1.718669e-02,1.638043e-02,1.091515e-01,1.869525e-02,7.979442e-03,1.454061e-03,3.200413e-02,4.456527e-01,1.156954e-02,3.489229e-02,1.380665e-02,3.203068e-02,6.141310e-03,1.156942e-01
1.287815e-01,1.769886e-02,1.415893e-02,8.605270e-02,1.473977e-02,7.068169e-03,1.369656e-03,2.920417e-02,5.173665e-01,1.160812e-02,3.105043e-02,1.083586e-02,2.546728e-02,6.830049e-03,9.776811e-02
1.454005e-01,1.956644e-02,1.305358e-02,6.458422e-02,1.997109e-02,8.585203e-03,1.213414e-03,2.725844e-02,4.642880e-01,1.785739e-02,3.427586e-02,9.564571e-03,2.355367e-02,1.569518e-02,1.351325e-01
1.192489e-01,1.594902e-02,1.405347e-02,5.759975e-02,1.589249e-02,6.708918e-03,1.235231e-03,2.510445e-02,5.213518e-01,2.016865e-02,2.848283e-02,7.508668e-03,1.799186e-02,1.349452e-02,1.352095e-01
1.687084e-01,2.914124e-02,1.883486e-02,4.942566e-02,1.996814e-02,1.359320e-02,1.618527e-03,3.266382e-02,4.378987e-01,1.731332e-02,2.278584e-02,6.691341e-03,1.627479e-02,1.637778e-02,1.487044e-01
1.510887e-01,2.677354e-02,2.569590e-02,6.378032e-02,1.619256e-02,1.066491e-02,1.367897e-03,2.738106e-02,4.412407e-01,1.674929e-02,1.716712e-02,5.044967e-03,1.184703e-02,1.254878e-02,1.724572e-01
1.788302e-01,3.738140e-02,2.466353e-02,5.504188e-02,2.534573e-02,1.173267e-02,1.236749e-03,2.096668e-02,3.851977e-01,2.029559e-02,1.338743e-02,4.442656e-03,1.098864e-02,1.301028e-02,1.974788e-01
1.549093e-01,3.507574e-02,3.117743e-02,7.467972e-02,3.391516e-02,1.096765e-02,1.534911e-03,2.495589e-02,3.876317e-01,1.696019e-02,1.092937e-02,3.746823e-03,8.559216e-03,1.043200e-02,1.945249e-01
2.001302e-01,2.773924e-02,8.325782e-02,1.068554e-01,3.186242e-02,1.125534e-02,1.870300e-03,3.168751e-02,3.050884e-01,1.327237e-02,1.275736e-02,5.704980e-03,1.041770e-02,1.027913e-02,1.478218e-01
1.921497e-01,2.590113e-02,6.988180e-02,9.461951e-02,3.289670e-02,1.103730e-02,1.740351e-03,2.719228e-02,3.187788e-01,1.373038e-02,1.504412e-02,6.572475e-03,1.011734e-02,1.015268e-02,1.701854e-01
1.667422e-01,3.149966e-02,7.229991e-02,8.814786e-02,2.598889e-02,8.372752e-03,1.428244e-03,2.046610e-02,3.919640e-01,1.480499e-02,1.305011e-02,5.402545e-03,9.116099e-03,7.645587e-03,1.430710e-01
1.440952e-01,3.721415e-02,5.450478e-02,6.603845e-02,1.970256e-02,7.128728e-03,1.294733e-03,1.590939e-02,4.569259e-01,1.377440e-02,1.299874e-02,5.550556e-03,1.382164e-02,1.593090e-02,1.351099e-01
1.276368e-01,4.335389e-02,4.624967e-02,5.851448e-02,1.567454e-02,6.968446e-03,1.392663e-03,1.459083e-02,4.452773e-01,1.558949e-02,1.318894e-02,5.104072e-03,2.454014e-02,2.621538e-02,1.557033e-01
1.030556e-01,3.927701e-02,4.464488e-02,4.610755e-02,1.109551e-02,5.670787e-03,1.078051e-03,1.088063e-02,4.488751e-01,1.641054e-02,1.673138e-02,5.462806e-03,2.312841e-02,8.780023e-02,1.397814e-01
8.020096e-02,3.170593e-02,3.629513e-02,3.310114e-02,7.835319e-03,4.601332e-03,8.775241e-04,7.770580e-03,3.675931e-01,1.385610e-02,1.744830e-02,4.663166e-03,1.851994e-02,2.460759e-01,1.294555e-01
5.698811e-02,2.282025e-02,2.601042e-02,2.320644e-02,5.503756e-03,3.421533e-03,6.377195e-04,5.463114e-03,2.600716e-01,1.209156e-02,2.305767e-02,3.444441e-03,1.358023e-02,4.128546e-01,1.308486e-01
4.100469e-02,1.659779e-02,1.878368e-02,1.645211e-02,5.011836e-03,3.305167e-03,5.531518e-04,3.938986e-03,1.834617e-01,1.444883e-02,6.281583e-02,2.554314e-03,1.004386e-02,4.323419e-01,1.886861e-01
3.534115e-02,1.275454e-02,1.500064e-02,1.188707e-02,1.654564e-02,8.642034e-03,1.258781e-03,3.373463e-03,1.315024e-01,2.866728e-02,8.637083e-02,1.994292e-03,7.783009e-03,3.980346e-01,2.408442e-01
3.777967e-02,9.487310e-03,1.327301e-02,8.796758e-03,1.976066e-02,1.172925e-02,1.081386e-03,2.640493e-03,9.650396e-02,2.574745e-02,1.166544e-01,1.913649e-03,5.697365e-03,4.793091e-01,1.696254e-01
4.794645e-02,7.194771e-03,1.073325e-02,6.527421e-03,2.007568e-02,1.238031e-02,9.851335e-04,2.394534e-03,7.116489e-02,2.983511e-02,1.719445e-01,1.800762e-03,4.341549e-03,4.932023e-01,1.194733e-01
3.663809e-02,6.086324e-03,8.037829e-03,4.708825e-03,1.550660e-02,9.944410e-03,7.235869e-04,1.785720e-03,5.924753e-02,4.034375e-02,2.130015e-01,1.976843e-03,3.348600e-03,5.143538e-01,8.429652e-02
2.640848e-02,4.659809e-03,6.178806e-03,3.426206e-03,1.111705e-02,7.806117e-03,5.154220e-04,1.271620e-03,8.283898e-02,5.765523e-02,1.869159e-01,1.978730e-03,2.622441e-03,5.460731e-01,6.053204e-02
1.884758e-02,3.500868e-03,4.822484e-03,2.472835e-03,7.864561e-03,6.386246e-03,3.700221e-04,9.126070e-04,1.041269e-01,6.019389e-02,1.692406e-01,2.376503e-03,2.103324e-03,5.734807e-01,4.330092e-02
1.631634e-02,1.870521e-02,2.640547e-02,3.378843e-03,6.862937e-03,3.846884e-02,2.030823e-03,8.078067e-03,1.698666e-01,6.720047e-02,1.416664e-01,3.188523e-03,3.944252e-03,4.592356e-01,3.465159e-02
1.729129e-02,1.727881e-02,8.123375e-02,6.317225e-03,6.347757e-03,6.928398e-02,3.306110e-03,2.053640e-02,2.069799e-01,6.171813e-02,1.145692e-01,2.803381e-03,4.762510e-03,3.609119e-01,2.665965e-02
2.345516e-02,1.306310e-02,2.193020e-01,9.384850e-03,6.154450e-03,8.752600e-02,2.915490e-03,1.869892e-02,1.748830e-01,6.315643e-02,8.858209e-02,2.247273e-03,4.007620e-03,2.632162e-01,2.340750e-02
5.650907e-02,1.070958e-02,2.269249e-01,1.119938e-02,5.867173e-03,8.089961e-02,2.101159e-03,1.369920e-02,1.526260e-01,5.091159e-02,6.799730e-02,1.890905e-03,3.393148e-03,2.530113e-01,6.225973e-02
7.698601e-02,1.253072e-02,2.017342e-01,1.305812e-02,5.143752e-03,7.419137e-02,1.555004e-03,1.048879e-02,1.232210e-01,3.991237e-02,5.558073e-02,2.398006e-03,3.231920e-03,3.209614e-01,5.900664e-02
1.092232e-01,1.796124e-02,1.694989e-01,2.757885e-02,4.819298e-03,5.743637e-02,1.280392e-03,1.048248e-02,1.189867e-01,3.892789e-02,4.307255e-02,1.942252e-03,5.129262e-03,3.314351e-01,6.222564e-02
1.214730e-01,1.586932e-02,1.771914e-01,4.755308e-02,4.722832e-03,4.284164e-02,1.054335e-03,9.226676e-03,1.088696e-01,3.469408e-02,3.375341e-02,1.490561e-03,4.352374e-03,3.379149e-01,5.899280e-02
1.046568e-01,1.197336e-02,3.404328e-01,4.797789e-02,4.260549e-03,3.102371e-02,8.102020e-04,6.760095e-03,8.359338e-02,3.451360e-02,2.539112e-02,1.078021e-03,3.193675e-03,2.485221e-01,5.581279e-02
9.923744e-02,1.074189e-02,3.996817e-01,4.135399e-02,5.873602e-03,4.309291e-02,7.715349e-04,5.078674e-03,8.039242e-02,2.640400e-02,2.038506e-02,9.982620e-04,2.901084e-03,2.137874e-01,4.930008e-02
1.014998e-01,1.052283e-02,3.981903e-01,3.203534e-02,5.945061e-03,1.073438e-01,6.800262e-04,3.778923e-03,6.772599e-02,2.097721e-02,3.093505e-02,1.040849e-03,3.475952e-03,1.708319e-01,4.501701e-02
9.971982e-02,1.028602e-02,3.271310e-01,4.758850e-02,7.566892e-03,2.051463e-01,6.692522e-04,4.380808e-03,6.934823e-02,2.015278e-02,2.740267e-02,9.536681e-04,3.259242e-03,1.317789e-01,4.461602e-02
9.160135e-02,9.065875e-03,2.727714e-01,4.875682e-02,8.026039e-03,2.697103e-01,6.133847e-04,3.965559e-03,6.601462e-02,4.194090e-02,2.118476e-02,7.907624e-04,3.248352e-03,1.027411e-01,5.956883e-02
8.617204e-02,7.505950e-03,2.730368e-01,4.859922e-02,6.890506e-03,2.393334e-01,4.913853e-04,3.237884e-03,6.402171e-02,7.219689e-02,1.517529e-02,6.175112e-04,2.778629e-03,7.421236e-02,1.057305e-01
7.662164e-02,8.609789e-03,2.531129e-01,3.926884e-02,5.182914e-03,2.161294e-01,3.740725e-04,2.490594e-03,5.441876e-02,1.063740e-01,1.133287e-02,4.559342e-04,2.014871e-03,6.607514e-02,1.575383e-01
6.576283e-02,8.928496e-03,2.881465e-01,3.303709e-02,3.979099e-03,1.678263e-01,2.880810e-04,1.966611e-03,4.645967e-02,1.088388e-01,8.983292e-03,3.574636e-04,1.449759e-03,6.283648e-02,2.011395e-01
5.161974e-02,1.113996e-02,2.280011e-01,2.464909e-02,3.343309e-03,1.515559e-01,2.354495e-04,1.466776e-03,3.583162e-02,9.711352e-02,7.856869e-03,2.794938e-04,1.098691e-03,6.094198e-02,3.248665e-01
4.870863e-02,1.114550e-02,2.280046e-01,2.107686e-02,2.679755e-03,1.139226e-01,2.124550e-04,1.086401e-03,3.727644e-02,9.008992e-02,6.701705e-03,2.783198e-04,8.442603e-04,1.267128e-01,3.112597e-01
4.562219e-02,1.052671e-02,1.817290e-01,2.091933e-02,2.350219e-03,9.493194e-02,2.298281e-04,9.268236e-04,4.454920e-02,7.236612e-02,8.396848e-03,4.294271e-04,7.508963e-04,2.080643e-01,3.082071e-01
4.317141e-02,9.294299e-03,1.314967e-01,1.697545e-02,1.957934e-03,8.150233e-02,1.970042e-04,7.913083e-04,5.286223e-02,6.129128e-02,8.648938e-03,5.209452e-04,7.319907e-04,2.358999e-01,3.546583e-01
3.060836e-02,1.434830e-02,9.325640e-02,2.380003e-02,1.706910e-03,6.050312e-02,1.686049e-04,5.676447e-04,2.120639e-01,4.921263e-02,7.595337e-03,5.079404e-04,1.008202e-03,1.801197e-01,3.245329e-01
2.191216e-02,3.424931e-02,6.542607e-02,2.497192e-02,1.388081e-03,4.293941e-02,1.775001e-04,4.080600e-04,2.594923e-01,3.921324e-02,7.261554e-03,7.355846e-04,5.492892e-03,1.430821e-01,3.532497e-01
1.700745e-02,6.273632e-02,4.617786e-02,2.535098e-02,2.088507e-03,3.233691e-02,3.498681e-04,3.291243e-04,2.793833e-01,3.555974e-02,1.041741e-02,1.216691e-03,1.361570e-02,1.168725e-01,3.565576e-01
1.358947e-02,8.132340e-02,3.412779e-02,4.466204e-02,3.777037e-03,2.529629e-02,4.025821e-04,4.306926e-04,2.872041e-01,2.822186e-02,9.410915e-03,1.222021e-03,1.316667e-02,8.384537e-02,3.733197e-01
1.015682e-02,8.318534e-02,2.513038e-02,7.761533e-02,2.954073e-03,1.850547e-02,3.127754e-04,6.709566e-04,3.222591e-01,3.406443e-02,7.427673e-03,1.045355e-03,1.024708e-02,5.997895e-02,3.464463e-01
1.334626e-02,7.093740e-02,2.119762e-02,8.656780e-02,5.966637e-03,1.942562e-02,5.240184e-04,1.229106e-03,2.967166e-01,3.057809e-02,6.989771e-03,1.293424e-03,1.066019e-02,4.258781e-02,3.919796e-01
1.555534e-02,5.446963e-02,2.825560e-02,1.949719e-01,1.368239e-02,2.023898e-02,8.040731e-04,4.543597e-03,2.827691e-01,2.199900e-02,6.043340e-03,1.125376e-03,9.535244e-03,2.997041e-02,3.160360e-01
1.766603e-02,4.572449e-02,2.838476e-02,2.463998e-01,2.278232e-02,3.560114e-02,1.016145e-03,3.698557e-03,2.812337e-01,1.802212e-02,1.603460e-02,1.159260e-03,9.693015e-03,2.208952e-02,2.504946e-01
