1.000000e+00,0.000000e+00,0.000000e+00,0.000000e+00,0.000000e+00,0.000000e+00,0.000000e+00,0.000000e+00,0.000000e+00,0.000000e+00,0.000000e+00,0.000000e+00,0.000000e+00,0.000000e+00,0.000000e+00
1.000000e+00,0.000000e+00,0.000000e+00,0.000000e+00,0.000000e+00,0.000000e+00,0.000000e+00,0.000000e+00,0.000000e+00,0.000000e+00,0.000000e+00,0.000000e+00,0.000000e+00,0.000000e+00,0.000000e+00
1.000000e+00,0.000000e+00,0.000000e+00,0.000000e+00,0.000000e+00,0.000000e+00,0.000000e+00,0.000000e+00,0.000000e+00,0.000000e+00,0.000000e+00,0.000000e+00,0.000000e+00,0.000000e+00,0.000000e+00
1.000000e+00,0.000000e+00,0.000000e+00,0.000000e+00,0.000000e+00,0.000000e+00,0.000000e+00,0.000000e+00,0.000000e+00,0.000000e+00,0.000000e+00,0.000000e+00,0.000000e+00,0.000000e+00,0.000000e+00
1.000000e+00,0.000000e+00,0.000000e+00,0.000000e+00,0.000000e+00,0.000000e+00,0.000000e+00,0.000000e+00,0.000000e+00,0.000000e+00,0.000000e+00,0.000000e+00,0.000000e+00,0.000000e+00,0.000000e+00
1.000000e+00,0.000000e+00,0.000000e+00,0.000000e+00,0.000000e+00,0.000000e+00,0.000000e+00,0.000000e+00,0.000000e+00,0.000000e+00,0.000000e+00,0.000000e+00,0.000000e+00,0.000000e+00,0.000000e+00
1.000000e+00,0.000000e+00,0.000000e+00,0.000000e+00,0.000000e+00,0.000000e+00,0.000000e+00,0.000000e+00,0.000000e+00,0.000000e+00,0.000000e+00,0.000000e+00,0.000000e+00,0.000000e+00,0.000000e+00
1.000000e+00,0.000000e+00,0.000000e+00,0.000000e+00,0.000000e+00,0.000000e+00,0.000000e+00,0.000000e+00,0.000000e+00,0.000000e+00,0.000000e+00,0.000000e+00,0.000000e+00,0.000000e+00,0.000000e+00
1.000000e+00,0.000000e+00,0.000000e+00,0.000000e+00,0.000000e+00,0.000000e+00,0.000000e+00,0.000000e+00,0.000000e+00,0.000000e+00,0.000000e+00,0.000000e+00,0.000000e+00,0.000000e+00,0.000000e+00
1.000000e+00,0.000000e+00,0.000000e+00,0.000000e+00,0.000000e+00,0.000000e+00,0.000000e+00,0.000000e+00,0.000000e+00,0.000000e+00,0.000000e+00,0.000000e+00,0.000000e+00,0.000000e+00,0.000000e+00
1.000000e+00,0.000000e+00,0.000000e+00,0.000000e+00,0.000000e+00,0.000000e+00,0.000000e+00,0.000000e+00,0.000000e+00,0.000000e+00,0.000000e+00,0.000000e+00,0.000000e+00,0.000000e+00,0.000000e+00
1.000000e+00,0.000000e+00,0.000000e+00,0.000000e+00,0.000000e+00,0.000000e+00,0.000000e+00,0.000000e+00,0.000000e+00,0.000000e+00,0.000000e+00,0.000000e+00,0.000000e+00,0.000000e+00,0.000000e+00
1.000000e+00,0.000000e+00,0.000000e+00,0.000000e+00,0.000000e+00,0.000000e+00,0.000000e+00,0.000000e+00,0.000000e+00,0.000000e+00,0.000000e+00,0.000000e+00,0.000000e+00,0.000000e+00,0.000000e+00
1.000000e+00,0.000000e+00,0.000000e+00,0.000000e+00,0.000000e+00,0.000000e+00,0.000000e+00,0.000000e+00,0.000000e+00,0.000000e+00,0.000000e+00,0.000000e+00,0.000000e+00,0.000000e+00,0.000000e+00
1.000000e+00,0.000000e+00,0.000000e+00,0.000000e+00,0.000000e+00,0.000000e+00,0.000000e+00,0.000000e+00,0.000000e+00,0.000000e+00,0.000000e+00,0.000000e+00,0.000000e+00,0.000000e+00,0.000000e+00
1.000000e+00,0.000000e+00,0.000000e+00,0.000000e+00,0.000000e+00,0.000000e+00,0.000000e+00,0.000000e+00,0.000000e+00,0.000000e+00,0.000000e+00,0.000000e+00,0.000000e+00,0.000000e+00,0.000000e+00
1.000000e+00,0.000000e+00,0.000000e+00,0.000000e+00,0.000000e+00,0.000000e+00,0.000000e+00,0.000000e+00,0.000000e+00,0.000000e+00,0.000000e+00,0.000000e+00,0.000000e+00,0.000000e+00,0.000000e+00
1.000000e+00,0.000000e+00,0.000000e+00,0.000000e+00,0.000000e+00,0.000000e+00,0.000000e+00,0.000000e+00,0.000000e+00,0.000000e+00,0.000000e+00,0.000000e+00,0.000000e+00,0.000000e+00,0.000000e+00
1.000000e+00,0.000000e+00,0.000000e+00,0.000000e+00,0.000000e+00,0.000000e+00,0.000000e+00,0.000000e+00,0.000000e+00,0.000000e+00,0.000000e+00,0.000000e+00,0.000000e+00,0.000000e+00,0.000000e+00
4.792294e-01,2.152460e-02,1.741796e-01,1.388180e-01,8.879418e-03,1.669937e-02,4.180542e-03,2.713447e-02,1.315608e-02,3.266470e-03,2.337379e-02,4.005582e-02,1.821343e-02,5.327357e-03,2.596156e-02
1.000000e+00,0.000000e+00,0.000000e+00,0.000000e+00,0.000000e+00,0.000000e+00,0.000000e+00,0.000000e+00,0.000000e+00,0.000000e+00,0.000000e+00,0.000000e+00,0.000000e+00,0.000000e+00,0.000000e+00
1.000000e+00,0.000000e+00,0.000000e+00,0.000000e+00,0.000000e+00,0.000000e+00,0.000000e+00,0.000000e+00,0.000000e+00,0.000000e+00,0.000000e+00,0.000000e+00,0.000000e+00,0.000000e+00,0.000000e+00
1.000000e+00,0.000000e+00,0.000000e+00,0.000000e+00,0.000000e+00,0.000000e+00,0.000000e+00,0.000000e+00,0.000000e+00,0.000000e+00,0.000000e+00,0.000000e+00,0.000000e+00,0.000000e+00,0.000000e+00
1.000000e+00,0.000000e+00,0.000000e+00,0.000000e+00,0.000000e+00,0.000000e+00,0.000000e+00,0.000000e+00,0.000000e+00,0.000000e+00,0.000000e+00,0.000000e+00,0.000000e+00,0.000000e+00,0.000000e+00
1.000000e+00,0.000000e+00,0.000000e+00,0.000000e+00,0.000000e+00,0.000000e+00,0.000000e+00,0.000000e+00,0.000000e+00,0.000000e+00,0.000000e+00,0.000000e+00,0.000000e+00,0.000000e+00,0.000000e+00
1.000000e+00,0.000000e+00,0.000000e+00,0.000000e+00,0.000000e+00,0.000000e+00,0.000000e+00,0.000000e+00,0.000000e+00,0.000000e+00,0.000000e+00,0.000000e+00,0.000000e+00,0.000000e+00,0.000000e+00
1.000000e+00,0.000000e+00,0.000000e+00,0.000000e+00,0.000000e+00,0.000000e+00,0.000000e+00,0.000000e+00,0.000000e+00,0.000000e+00,0.000000e+00,0.000000e+00,0.000000e+00,0.000000e+00,0.000000e+00
1.000000e+00,0.000000e+00,0.000000e+00,0.000000e+00,0.000000e+00,0.000000e+00,0.000000e+00,0.000000e+00,0.000000e+00,0.000000e+00,0.000000e+00,0.000000e+00,0.000000e+00,0.000000e+00,0.000000e+00
1.000000e+00,0.000000e+00,0.000000e+00,0.000000e+00,0.000000e+00,0.000000e+00,0.000000e+00,0.000000e+00,0.000000e+00,0.000000e+00,0.000000e+00,0.000000e+00,0.000000e+00,0.000000e+00,0.000000e+00
1.000000e+00,0.000000e+00,0.000000e+00,0.000000e+00,0.000000e+00,0.000000e+00,0.000000e+00,0.000000e+00,0.000000e+00,0.000000e+00,0.000000e+00,0.000000e+00,0.000000e+00,0.000000e+00,0.000000e+00
1.000000e+00,0.000000e+00,0.000000e+00,0.000000e+00,0.000000e+00,0.000000e+00,0.000000e+00,0.000000e+00,0.000000e+00,0.000000e+00,0.000000e+00,0.000000e+00,0.000000e+00,0.000000e+00,0.000000e+00
1.000000e+00,0.000000e+00,0.000000e+00,0.000000e+00,0.000000e+00,0.000000e+00,0.000000e+00,0.000000e+00,0.000000e+00,0.000000e+00,0.000000e+00,0.000000e+00,0.000000e+00,0.000000e+00,0.000000e+00
1.000000e+00,0.000000e+00,0.000000e+00,0.000000e+00,0.000000e+00,0.000000e+00,0.000000e+00,0.000000e+00,0.000000e+00,0.000000e+00,0.000000e+00,0.000000e+00,0.000000e+00,0.000000e+00,0.000000e+00
1.000000e+00,0.000000e+00,0.000000e+00,0.000000e+00,0.000000e+00,0.000000e+00,0.000000e+00,0.000000e+00,0.000000e+00,0.000000e+00,0.000000e+00,0.000000e+00,0.000000e+00,0.000000e+00,0.000000e+00
1.000000e+00,0.000000e+00,0.000000e+00,0.000000e+00,0.000000e+00,0.000000e+00,0.000000e+00,0.000000e+00,0.000000e+00,0.000000e+00,0.000000e+00,0.000000e+00,0.000000e+00,0.000000e+00,0.000000e+00
1.000000e+00,0.000000e+00,0.000000e+00,0.000000e+00,0.000000e+00,0.000000e+00,0.000000e+00,0.000000e+00,0.000000e+00,0.000000e+00,0.000000e+00,0.000000e+00,0.000000e+00,0.000000e+00,0.000000e+00
1.000000e+00,0.000000e+00,0.000000e+00,0.000000e+00,0.000000e+00,0.000000e+00,0.000000e+00,0.000000e+00,0.000000e+00,0.000000e+00,0.000000e+00,0.000000e+00,0.000000e+00,0.000000e+00,0.000000e+00
1.000000e+00,0.000000e+00,0.000000e+00,0.000000e+00,0.000000e+00,0.000000e+00,0.000000e+00,0.000000e+00,0.000000e+00,0.000000e+00,0.000000e+00,0.000000e+00,0.000000e+00,0.000000e+00,0.000000e+00
1.000000e+00,0.000000e+00,0.000000e+00,0.000000e+00,0.000000e+00,0.000000e+00,0.000000e+00,0.000000e+00,0.000000e+00,0.000000e+00,0.000000e+00,0.000000e+00,0.000000e+00,0.000000e+00,0.000000e+00
1.000000e+00,0.000000e+00,0.000000e+00,0.000000e+00,0.000000e+00,0.000000e+00,0.000000e+00,0.000000e+00,0.000000e+00,0.000000e+00,0.000000e+00,0.000000e+00,0.000000e+00,0.000000e+00,0.000000e+00
1.000000e+00,0.000000e+00,0.000000e+00,0.000000e+00,0.000000e+00,0.000000e+00,0.000000e+00,0.000000e+00,0.000000e+00,0.000000e+00,0.000000e+00,0.000000e+00,0.000000e+00,0.000000e+00,0.000000e+00
1.000000e+00,0.000000e+00,0.000000e+00,0.000000e+00,0.000000e+00,0.000000e+00,0.000000e+00,0.000000e+00,0.000000e+00,0.000000e+00,0.000000e+00,0.000000e+00,0.000000e+00,0.000000e+00,0.000000e+00
1.000000e+00,0.000000e+00,0.000000e+00,0.000000e+00,0.000000e+00,0.000000e+00,0.000000e+00,0.000000e+00,0.000000e+00,0.000000e+00,0.000000e+00,0.000000e+00,0.000000e+00,0.000000e+00,0.000000e+00
1.000000e+00,0.000000e+00,0.000000e+00,0.000000e+00,0.000000e+00,0.000000e+00,0.000000e+00,0.000000e+00,0.000000e+00,0.000000e+00,0.000000e+00,0.000000e+00,0.000000e+00,0.000000e+00,0.000000e+00
1.000000e+00,0.000000e+00,0.000000e+00,0.000000e+00,0.000000e+00,0.000000e+00,0.000000e+00,0.000000e+00,0.000000e+00,0.000000e+00,0.000000e+00,0.000000e+00,0.000000e+00,0.000000e+00,0.000000e+00
1.000000e+00,0.000000e+00,0.000000e+00,0.000000e+00,0.000000e+00,0.000000e+00,0.000000e+00,0.000000e+00,0.000000e+00,0.000000e+00,0.000000e+00,0.000000e+00,0.000000e+00,0.000000e+00,0.000000e+00
1.000000e+00,0.000000e+00,0.000000e+00,0.000000e+00,0.000000e+00,0.000000e+00,0.000000e+00,0.000000e+00,0.000000e+00,0.000000e+00,0.000000e+00,0.000000e+00,0.000000e+00,0.000000e+00,0.000000e+00
4.842679e-01,2.226736e-02,1.092210e-02,1.350869e-01,2.061461e-02,6.092983e-02,1.683105e-02,3.484793e-02,1.549228e-02,1.414423e-03,1.164092e-02,1.207152e-01,4.596560e-02,2.022334e-03,1.698145e-02
4.441570e-01,2.865590e-02,1.096200e-02,1.462990e-01,2.372508e-02,6.285515e-02,1.759863e-02,3.373973e-02,1.992141e-02,1.544483e-03,1.236148e-02,1.215250e-01,5.489974e-02,2.337360e-03,1.941799e-02
3.793482e-01,2.984827e-02,1.151266e-02,1.617115e-01,3.101828e-02,7.333393e-02,1.934026e-02,3.289258e-02,2.390769e-02,1.646521e-03,1.355479e-02,1.334886e-01,6.696454e-02,2.364419e-03,1.906765e-02
3.931932e-01,3.608654e-02,1.068593e-02,1.532193e-01,3.466552e-02,7.074825e-02,2.001331e-02,2.865689e-02,2.514942e-02,1.767020e-03,1.244909e-02,1.197977e-01,7.039730e-02,2.643051e-03,2.052737e-02
3.445787e-01,3.769231e-02,1.272023e-02,2.156208e-01,3.506418e-02,6.548783e-02,2.156259e-02,4.246314e-02,2.242528e-02,1.473952e-03,1.151177e-02,1.097283e-01,5.888822e-02,2.136738e-03,1.864592e-02
4.118101e-01,3.166120e-02,1.596610e-02,1.827150e-01,2.753924e-02,6.244440e-02,1.886420e-02,4.098090e-02,1.727084e-02,1.301570e-03,1.283219e-02,1.068061e-01,5.151154e-02,2.062667e-03,1.623388e-02
3.385089e-01,2.442787e-02,1.727979e-02,1.626865e-01,2.238466e-02,5.493156e-02,1.892646e-02,1.725014e-01,1.450573e-02,1.100257e-03,1.194381e-02,9.465459e-02,5.085187e-02,2.170479e-03,1.312616e-02
2.398120e-01,1.726319e-02,1.277317e-02,1.154457e-01,1.685229e-02,3.914549e-02,1.457679e-02,4.091111e-01,1.038601e-02,7.881148e-04,9.315125e-03,6.696125e-02,3.661580e-02,1.556011e-03,9.397840e-03
1.683742e-01,1.210326e-02,9.047985e-03,8.101153e-02,1.191226e-02,2.753446e-02,1.048182e-02,5.847090e-01,7.287124e-03,5.530941e-04,6.606529e-03,4.691104e-02,2.575685e-02,1.105585e-03,6.605224e-03
1.181024e-01,8.496983e-03,6.387004e-03,5.679527e-02,8.413077e-03,1.931318e-02,7.437600e-03,7.086141e-01,5.105740e-03,3.880129e-04,4.645627e-03,3.284338e-02,1.804591e-02,7.795959e-04,4.632129e-03
8.274639e-02,5.963009e-03,4.503603e-03,3.979992e-02,5.932564e-03,1.355498e-02,5.271069e-03,7.956640e-01,3.577019e-03,2.721236e-04,3.268183e-03,2.299680e-02,1.264309e-02,5.614249e-04,3.245901e-03
5.796689e-02,4.183966e-03,3.170775e-03,2.791684e-02,4.235603e-03,9.521621e-03,3.740010e-03,8.565714e-01,2.510460e-03,1.910454e-04,2.318946e-03,1.610849e-02,8.876776e-03,4.127872e-04,2.274435e-03
4.066398e-02,2.940002e-03,2.226582e-03,1.960653e-02,3.416631e-03,6.756731e-03,2.660628e-03,8.984888e-01,1.880049e-03,1.358536e-04,1.693265e-03,1.129180e-02,6.341173e-03,3.005640e-04,1.597427e-03
2.866165e-02,2.071091e-03,1.566001e-03,1.375028e-02,2.775120e-03,4.790922e-03,1.945623e-03,9.279033e-01,1.350356e-03,9.814918e-05,1.217447e-03,7.928131e-03,4.595144e-03,2.182313e-04,1.128595e-03
2.030022e-02,1.456128e-03,1.109698e-03,9.644523e-03,2.240875e-03,3.412321e-03,1.551064e-03,9.482802e-01,9.595074e-04,7.614253e-05,8.842111e-04,5.608374e-03,3.515128e-03,1.611424e-04,8.005018e-04
1.474142e-02,1.030959e-03,7.941069e-04,6.771350e-03,2.440028e-03,2.621738e-03,2.014607e-03,9.494179e-01,6.912565e-04,7.521872e-05,7.423562e-04,5.588943e-03,1.235908e-02,1.320176e-04,5.789633e-04
1.074317e-02,7.390705e-04,5.762601e-04,4.766468e-03,3.243215e-03,2.472550e-03,1.742028e-03,9.333526e-01,5.093681e-04,6.451881e-05,7.592386e-04,5.834498e-03,3.462397e-02,1.194659e-04,4.536597e-04
7.683341e-03,5.359462e-04,4.379132e-04,3.364172e-03,2.524097e-03,1.872719e-03,1.280902e-03,7.113203e-01,4.599091e-04,4.126242e-03,1.255634e-02,3.507218e-02,2.088318e-01,7.416428e-03,2.517717e-03
5.639494e-03,3.907893e-04,3.113297e-04,2.362450e-03,2.199010e-03,1.330033e-03,1.095770e-03,5.067391e-01,5.423565e-04,3.317854e-03,1.009443e-02,2.149135e-01,2.429980e-01,6.220931e-03,1.844958e-03
4.158387e-03,2.847690e-04,2.214175e-04,1.656822e-03,1.791664e-03,9.764527e-04,1.469122e-03,3.592966e-01,6.037533e-04,2.604133e-03,1.015617e-02,4.283641e-01,1.817644e-01,5.351929e-03,1.300217e-03
2.965639e-03,2.641063e-04,1.601225e-04,1.166721e-03,1.630658e-03,7.133856e-04,1.100228e-03,2.516600e-01,1.103075e-03,2.052297e-03,9.858683e-03,5.928664e-01,1.292717e-01,4.272296e-03,9.147483e-04
2.179501e-03,1.576775e-03,1.423830e-04,8.213110e-04,3.037331e-03,7.592591e-04,8.070211e-04,1.763190e-01,1.870535e-03,1.711874e-03,1.151255e-02,6.995528e-01,9.484137e-02,4.219069e-03,6.493465e-04
1.674699e-03,6.746273e-03,3.459180e-04,5.925658e-04,9.349952e-03,1.351883e-03,6.325034e-04,1.237627e-01,3.454135e-03,2.013220e-03,1.177335e-02,7.643198e-01,6.952932e-02,3.986769e-03,4.669941e-04
1.188397e-03,6.710995e-03,3.425685e-03,4.334285e-04,1.986506e-02,1.097765e-03,5.499081e-04,8.679024e-02,5.096977e-03,2.102786e-03,8.826828e-03,8.099443e-01,4.962534e-02,4.000261e-03,3.421378e-04
8.752448e-04,5.855415e-03,3.966180e-03,3.203127e-04,2.162945e-02,2.174482e-03,7.807690e-04,6.103676e-02,3.943830e-03,1.827601e-03,6.410210e-03,8.519694e-01,3.606030e-02,2.905285e-03,2.448686e-04
7.061372e-04,1.097179e-02,1.062948e-02,2.448529e-04,7.190793e-02,5.242900e-03,8.580987e-04,4.292730e-02,1.217685e-02,1.002248e-02,4.964156e-03,7.986891e-01,2.807610e-02,2.395467e-03,1.874401e-04
6.869448e-04,8.231149e-03,8.072664e-03,2.018871e-04,8.026984e-02,5.846900e-03,8.909692e-04,3.070536e-02,1.287230e-02,1.141572e-02,4.477299e-03,8.118541e-01,2.229146e-02,2.044334e-03,1.390803e-04
1.661539e-03,8.822771e-03,9.889813e-03,4.687371e-04,9.192375e-02,1.227429e-02,7.708966e-03,2.572743e-02,1.596202e-02,3.757202e-02,9.136877e-03,7.500805e-01,2.510202e-02,3.362749e-03,3.065476e-04
2.719246e-03,6.576366e-03,7.292483e-03,8.179671e-04,8.209234e-02,1.861274e-02,7.155302e-03,2.044401e-02,1.404592e-02,5.520867e-02,4.743772e-02,6.550716e-01,7.801396e-02,4.135043e-03,3.765895e-04
4.682619e-03,5.035242e-03,5.463693e-03,8.876588e-04,9.977663e-02,1.616382e-02,5.831345e-03,1.711078e-02,1.718797e-02,4.621128e-02,6.732224e-02,5.813779e-01,1.281416e-01,4.248677e-03,5.585164e-04
5.221860e-03,4.061124e-03,4.373609e-03,1.441879e-03,1.050139e-01,1.348894e-02,4.467512e-03,1.376219e-02,2.565230e-02,4.500686e-02,1.169395e-01,4.696662e-01,1.770492e-01,1.281834e-02,1.036515e-03
6.169985e-03,4.369221e-03,4.464795e-03,1.475624e-03,1.024610e-01,1.332718e-02,3.912650e-03,1.223305e-02,4.239780e-02,4.120408e-02,1.665912e-01,3.766718e-01,2.090991e-01,1.384411e-02,1.778357e-03
1.193698e-02,4.037823e-03,1.873323e-02,6.916925e-03,9.079859e-02,1.496199e-02,5.208582e-03,1.616206e-01,3.936461e-02,3.114675e-02,1.453649e-01,2.792857e-01,1.762246e-01,1.282090e-02,1.577744e-03
4.428668e-02,5.641439e-03,2.485583e-02,1.664939e-02,1.193308e-01,8.150693e-02,4.741058e-03,1.224223e-01,3.983407e-02,2.333942e-02,1.201787e-01,2.408294e-01,1.431978e-01,1.046573e-02,2.720377e-03
4.911149e-02,6.076937e-03,2.584178e-02,2.023714e-02,1.253301e-01,9.436372e-02,4.353645e-03,9.051253e-02,3.316905e-02,1.976298e-02,1.170027e-01,2.821928e-01,1.187830e-01,9.861352e-03,3.400743e-03
5.343342e-02,9.192018e-03,3.612502e-02,5.306712e-02,1.231181e-01,7.170606e-02,3.533632e-03,6.941324e-02,3.709503e-02,1.611369e-02,1.377869e-01,2.697563e-01,9.614404e-02,1.635915e-02,7.156220e-03
4.709130e-02,8.806957e-03,3.115905e-02,4.996992e-02,1.129793e-01,5.317964e-02,4.303955e-03,5.311619e-02,2.947552e-02,2.595229e-02,1.486813e-01,3.003020e-01,7.106763e-02,5.608752e-02,7.827302e-03
3.881077e-02,6.924767e-03,2.365683e-02,3.675754e-02,8.594523e-02,3.784804e-02,3.226474e-03,4.027544e-02,2.221971e-02,2.156838e-02,1.714048e-01,3.817381e-01,5.158895e-02,7.214810e-02,5.886747e-03
3.458144e-02,5.541858e-03,1.723398e-02,2.617620e-02,6.184090e-02,2.731893e-02,2.394693e-03,2.976200e-02,1.712203e-02,1.655862e-02,1.559857e-01,4.783376e-01,3.753208e-02,8.519676e-02,4.417120e-03
3.039929e-02,4.772669e-03,1.322263e-02,1.856347e-02,4.509878e-02,1.994070e-02,1.787035e-03,2.232614e-02,1.412282e-02,1.239205e-02,1.455792e-01,5.348387e-01,2.731599e-02,1.062230e-01,3.417545e-03
2.385740e-02,5.647163e-03,1.213919e-02,1.402580e-02,4.769728e-02,1.462896e-02,1.429572e-03,1.655801e-02,1.901119e-02,1.167364e-02,2.091666e-01,4.957779e-01,2.042461e-02,1.044332e-01,3.529391e-03
2.742472e-02,5.804127e-03,1.062458e-02,1.067547e-02,3.539260e-02,1.166563e-02,1.049991e-03,1.244131e-02,1.857244e-02,1.079912e-02,2.097150e-01,5.016404e-01,1.573640e-02,1.246745e-01,3.783675e-03
4.940039e-02,8.562470e-03,1.117385e-02,8.572387e-03,2.651560e-02,1.011413e-02,7.720295e-04,9.183226e-03,2.214987e-02,1.895031e-02,2.053334e-01,4.841911e-01,1.286266e-02,1.238205e-01,8.398067e-03
6.770392e-02,7.364388e-03,1.135133e-02,7.910963e-03,2.830200e-02,9.004314e-03,7.171214e-04,7.705925e-03,2.833283e-02,5.865899e-02,2.192039e-01,4.047458e-01,1.319836e-02,1.265629e-01,9.237165e-03
8.430813e-02,6.391719e-03,1.558133e-02,6.897409e-03,2.418480e-02,1.491261e-02,1.447979e-03,9.512986e-03,3.752752e-02,9.212570e-02,1.923199e-01,3.644786e-01,1.518270e-02,1.254952e-01,9.633417e-03
7.528640e-02,7.489135e-03,4.621622e-02,5.887628e-03,3.557887e-02,2.553084e-02,1.063443e-02,2.836118e-02,4.228230e-02,1.231515e-01,1.645157e-01,2.992849e-01,1.595042e-02,1.102139e-01,9.616658e-03
5.902929e-02,7.448526e-03,5.324245e-02,8.719806e-03,4.103608e-02,3.532836e-02,1.399131e-02,7.814515e-02,4.042436e-02,1.518165e-01,1.496684e-01,2.432929e-01,1.304413e-02,9.764185e-02,7.170985e-03
6.749672e-02,8.825516e-03,4.486045e-02,7.143992e-03,3.940444e-02,4.257134e-02,1.099870e-02,7.108380e-02,6.215985e-02,1.276788e-01,1.796411e-01,1.727960e-01,1.017109e-02,1.480258e-01,7.142466e-03
6.583017e-02,6.962424e-03,2.115218e-01,3.168319e-02,3.405643e-02,4.417281e-02,8.088646e-03,6.425945e-02,6.484598e-02,9.243302e-02,1.326344e-01,1.216736e-01,7.575491e-03,1.067070e-01,7.555556e-03
1.016718e-01,7.935916e-03,2.508171e-01,3.796975e-02,4.641153e-02,6.993499e-02,6.461089e-03,4.781720e-02,5.785802e-02,7.107764e-02,1.046360e-01,8.667915e-02,6.276187e-03,9.324551e-02,1.120814e-02
1.020188e-01,8.953346e-03,2.184595e-01,1.115548e-01,1.066276e-01,5.995831e-02,5.337467e-03,4.237112e-02,5.050145e-02,5.349626e-02,8.752017e-02,6.199298e-02,5.907516e-03,7.554062e-02,9.760013e-03
1.035037e-01,9.500550e-03,2.336347e-01,1.617515e-01,1.283976e-01,5.314500e-02,4.715381e-03,3.666220e-02,4.183400e-02,4.229346e-02,7.023687e-02,4.484474e-02,5.202869e-03,5.572972e-02,8.547626e-03
1.004193e-01,8.576635e-03,2.980696e-01,1.229617e-01,1.471068e-01,4.960149e-02,5.765042e-03,5.651206e-02,3.346636e-02,3.206471e-02,5.798857e-02,3.264983e-02,4.536202e-03,4.348456e-02,6.797127e-03
8.481354e-02,6.790929e-03,3.624227e-01,9.791024e-02,1.134724e-01,3.789999e-02,8.020447e-03,1.316254e-01,2.492372e-02,2.416055e-02,4.272380e-02,2.303267e-02,3.586245e-03,3.325815e-02,5.359086e-03
1.222781e-01,5.744962e-03,3.434226e-01,7.858627e-02,1.223665e-01,4.189153e-02,3.398186e-02,1.126788e-01,2.024250e-02,3.135422e-02,3.222619e-02,1.738360e-02,5.249556e-03,2.658421e-02,6.009180e-03
1.098321e-01,5.275415e-03,3.234268e-01,1.141563e-01,1.276948e-01,5.089623e-02,3.424528e-02,1.214693e-01,1.607664e-02,2.343416e-02,2.321434e-02,1.392285e-02,1.128910e-02,1.883103e-02,6.235695e-03
1.046016e-01,4.277025e-03,2.882161e-01,1.494958e-01,1.247019e-01,5.916765e-02,2.856267e-02,1.409010e-01,1.319832e-02,1.903445e-02,1.733694e-02,1.246334e-02,1.378201e-02,1.367770e-02,1.058365e-02
1.136041e-01,4.467571e-03,2.148299e-01,1.274489e-01,9.223199e-02,9.657422e-02,2.204066e-02,1.169008e-01,3.103629e-02,3.276058e-02,3.854285e-02,1.940233e-02,3.383340e-02,1.183369e-02,4.449276e-02
8.229917e-02,6.115008e-03,1.550471e-01,1.855039e-01,6.492428e-02,8.569835e-02,1.567745e-02,8.238764e-02,5.543319e-02,5.480777e-02,4.366759e-02,1.727386e-02,7.648826e-02,9.718271e-03,6.495822e-02
6.805047e-02,6.425503e-03,1.135035e-01,1.477457e-01,4.583511e-02,6.397984e-02,1.132552e-02,5.807754e-02,8.887976e-02,1.214005e-01,3.706157e-02,1.443001e-02,7.396308e-02,1.541099e-02,1.339109e-01
6.417518e-02,1.343924e-02,8.142260e-02,1.155441e-01,3.336578e-02,5.140246e-02,8.339097e-03,4.110659e-02,8.550151e-02,9.832042e-02,4.037716e-02,1.799445e-02,1.691804e-01,1.377784e-02,1.660532e-01
8.150850e-02,1.893046e-02,5.817516e-02,8.665255e-02,2.445646e-02,4.704401e-02,6.324387e-03,2.912695e-02,6.911968e-02,7.230338e-02,3.469000e-02,2.340233e-02,1.935999e-01,1.580116e-02,2.388650e-01
6.799902e-02,1.385206e-02,4.103128e-02,6.123219e-02,1.798837e-02,4.176437e-02,5.189296e-03,2.101877e-02,5.066228e-02,5.092246e-02,2.672144e-02,6.390234e-02,3.378235e-01,1.207575e-02,1.878168e-01
5.012217e-02,1.082536e-02,2.901798e-02,4.347962e-02,1.333584e-02,3.384605e-02,4.912500e-03,1.655451e-02,3.822983e-02,3.590184e-02,1.951118e-02,1.317595e-01,4.280848e-01,8.642217e-03,1.357766e-01
3.866541e-02,1.800759e-02,2.577385e-02,3.076702e-02,2.032000e-02,2.519170e-02,5.087084e-03,1.282554e-02,4.560003e-02,2.577417e-02,1.422792e-02,2.002316e-01,4.296995e-01,6.460747e-03,1.013678e-01
2.946946e-02,1.361669e-02,2.140795e-02,2.198669e-02,2.237142e-02,2.155139e-02,1.791410e-02,1.619433e-02,3.709529e-02,1.839243e-02,1.048623e-02,1.975744e-01,4.893893e-01,4.917429e-03,7.763295e-02
2.230455e-02,1.046169e-02,1.588208e-02,1.551529e-02,2.498685e-02,1.699905e-02,1.386364e-02,1.426131e-02,2.985650e-02,1.300832e-02,7.571165e-03,1.856221e-01,5.699554e-01,3.621272e-03,5.609076e-02
2.688610e-02,9.461317e-03,2.239146e-02,1.171772e-02,2.428716e-02,1.438450e-02,1.514482e-02,5.791238e-02,2.638436e-02,9.571503e-03,5.588638e-03,1.474339e-01,5.855415e-01,2.757072e-03,4.053770e-02
3.480837e-02,1.357992e-02,2.302376e-02,9.711677e-03,2.625329e-02,1.669002e-02,2.145417e-02,6.017531e-02,3.160766e-02,7.543993e-03,4.184742e-03,1.122997e-01,6.059771e-01,2.098758e-03,3.059157e-02
4.207622e-02,1.155865e-02,4.750700e-02,1.018795e-02,3.054983e-02,1.503119e-02,2.566639e-02,9.107172e-02,2.743212e-02,5.447173e-03,3.266048e-03,8.351141e-02,5.828474e-01,1.515170e-03,2.233176e-02
4.245270e-02,8.826115e-03,5.099643e-02,1.193072e-02,2.898807e-02,1.149110e-02,2.682661e-02,1.965667e-01,2.249943e-02,3.875997e-03,2.969216e-03,6.083181e-02,5.112069e-01,1.167287e-03,1.937084e-02
3.780838e-02,6.443921e-03,4.040657e-02,1.113872e-02,3.158993e-02,8.587599e-03,2.531755e-02,3.552258e-01,1.669855e-02,2.756636e-03,2.391097e-03,4.465666e-02,4.007565e-01,8.498626e-04,1.537218e-02
3.304125e-02,4.656721e-03,2.930277e-02,8.524336e-03,2.822746e-02,6.420592e-03,3.023268e-02,5.137703e-01,1.231174e-02,2.019295e-03,1.779416e-03,3.168383e-02,2.863095e-01,6.163131e-04,1.110378e-02
3.199941e-02,3.450497e-03,2.308322e-02,6.403437e-03,2.161635e-02,5.744405e-03,2.501295e-02,6.325458e-01,9.019981e-03,1.536819e-03,1.363199e-03,2.235544e-02,2.074956e-01,4.717566e-04,7.901150e-03
3.748726e-02,2.561522e-03,1.781254e-02,4.894931e-03,1.612251e-02,5.835129e-03,1.972955e-02,7.115424e-01,6.485330e-03,1.117259e-03,1.137537e-03,1.583312e-02,1.532144e-01,4.332805e-04,5.793292e-03
5.461195e-02,2.276436e-03,1.338649e-02,4.034142e-03,1.257762e-02,7.461048e-03,1.924122e-02,7.527951e-01,5.440080e-03,9.568688e-04,1.033511e-03,1.156955e-02,1.087735e-01,4.872448e-04,5.355156e-03
8.010425e-02,2.157925e-03,1.163248e-02,3.631455e-03,9.819500e-03,2.268038e-02,1.573182e-02,7.515721e-01,4.685748e-03,9.379507e-04,1.053781e-03,8.491437e-03,7.842321e-02,5.669293e-04,8.510944e-03
9.087915e-02,1.865811e-03,9.298009e-03,3.711289e-03,7.642795e-03,2.069984e-02,1.217859e-02,7.761319e-01,3.858248e-03,9.990311e-04,1.163303e-03,6.556645e-03,5.561486e-02,6.232075e-04,8.777270e-03
1.409094e-01,3.716831e-03,1.008211e-02,8.750905e-03,6.639552e-03,3.190865e-02,9.363849e-03,6.756636e-01,1.279805e-02,5.245214e-03,4.379031e-03,8.253640e-03,4.251764e-02,1.644024e-03,3.812745e-02
1.465701e-01,5.432541e-03,7.945334e-03,1.064599e-02,5.106489e-03,3.941058e-02,6.773882e-03,4.908262e-01,4.225051e-02,2.612807e-02,9.725331e-03,8.966844e-03,3.464692e-02,5.514056e-03,1.600571e-01
1.376768e-01,7.961515e-03,6.350285e-03,1.862650e-02,3.960817e-03,3.421421e-02,4.837204e-03,3.466212e-01,1.508745e-01,3.163547e-02,1.652539e-02,7.868599e-03,2.955747e-02,8.131695e-03,1.951584e-01
1.835638e-01,2.175306e-02,6.914992e-03,3.011613e-02,3.413898e-03,4.134420e-02,3.589330e-03,2.453239e-01,1.469084e-01,3.389301e-02,2.074862e-02,1.022237e-02,3.003737e-02,1.298768e-02,2.091833e-01
1.865347e-01,2.840677e-02,6.388317e-03,2.711076e-02,2.862383e-03,3.625917e-02,2.868962e-03,1.726938e-01,1.326223e-01,3.853314e-02,2.147593e-02,9.990328e-03,2.745697e-02,2.302332e-02,2.837730e-01
2.213580e-01,3.250147e-02,5.408364e-03,2.983168e-02,4.206456e-03,4.069870e-02,2.993902e-03,1.233686e-01,1.293438e-01,3.022230e-02,2.473173e-02,1.477688e-02,2.752611e-02,2.647205e-02,2.865600e-01
2.776319e-01,3.097701e-02,5.686274e-03,3.712424e-02,1.277245e-02,3.649446e-02,3.469402e-03,9.016314e-02,1.172953e-01,2.249721e-02,2.459135e-02,1.719353e-02,3.472866e-02,2.552271e-02,2.638522e-01
2.779365e-01,4.502885e-02,7.336885e-03,5.335593e-02,4.096685e-02,4.603802e-02,4.798603e-03,6.650851e-02,1.132437e-01,1.659047e-02,1.990929e-02,1.505881e-02,2.925507e-02,2.291064e-02,2.410619e-01
2.390862e-01,4.648742e-02,8.853922e-03,5.997661e-02,8.047931e-02,4.713847e-02,4.767405e-03,5.028033e-02,1.823772e-01,1.342896e-02,1.628888e-02,1.275362e-02,2.496956e-02,1.754463e-02,1.955675e-01
2.045422e-01,5.312248e-02,1.370561e-02,4.904972e-02,1.453841e-01,5.519915e-02,4.342646e-03,3.806318e-02,1.530034e-01,1.006054e-02,1.275368e-02,9.559978e-03,2.034687e-02,1.326390e-02,2.176025e-01
1.708157e-01,6.014780e-02,2.761356e-02,1.037976e-01,1.467850e-01,5.297219e-02,3.581576e-03,3.018368e-02,1.843047e-01,8.920363e-03,1.089921e-02,7.800763e-03,1.536621e-02,1.001450e-02,1.667971e-01
1.790679e-01,6.463008e-02,4.043812e-02,9.007578e-02,1.452628e-01,6.438997e-02,3.453115e-03,2.450827e-02,2.131337e-01,8.741543e-03,9.520926e-03,7.355074e-03,1.589091e-02,7.742255e-03,1.257896e-01
1.478947e-01,6.167086e-02,3.844568e-02,1.253749e-01,1.079154e-01,4.606316e-02,2.663065e-03,1.933878e-02,3.130386e-01,7.832837e-03,1.040447e-02,6.180863e-03,1.209836e-02,5.646152e-03,9.543225e-02
1.091527e-01,4.442757e-02,2.829497e-02,1.358365e-01,8.021117e-02,3.374197e-02,1.950998e-03,1.402449e-02,3.206954e-01,9.321189e-03,1.171477e-01,9.139145e-03,2.051518e-02,4.239848e-03,7.130124e-02
7.924602e-02,3.183939e-02,2.098824e-02,1.245474e-01,5.752709e-02,2.467447e-02,1.525048e-03,1.047303e-02,2.486713e-01,7.125800e-03,1.940545e-01,4.144894e-02,1.026546e-01,3.370660e-03,5.185345e-02
6.594928e-02,2.270577e-02,1.562074e-02,1.010712e-01,4.237918e-02,1.816389e-02,1.440481e-03,9.768166e-03,2.003714e-01,6.825468e-03,2.819629e-01,3.665533e-02,1.286516e-01,2.042303e-02,4.801152e-02
4.719926e-02,1.618871e-02,1.134878e-02,7.383006e-02,3.836508e-02,1.298289e-02,1.065770e-03,7.168879e-03,1.502089e-01,9.146009e-03,4.281960e-01,2.632237e-02,1.091440e-01,2.458252e-02,4.425087e-02
3.457279e-02,1.335230e-02,9.504006e-03,8.220278e-02,3.416404e-02,1.089116e-02,8.446393e-04,6.036079e-03,1.383719e-01,1.661477e-02,4.038925e-01,2.116914e-02,9.233209e-02,5.755930e-02,7.849259e-02
2.509876e-02,1.056804e-02,9.291111e-03,8.130985e-02,6.090596e-02,9.549135e-03,6.696027e-04,6.067527e-03,1.132073e-01,1.350679e-02,3.712562e-01,1.721788e-02,8.469211e-02,1.025512e-01,9.410849e-02
1.867859e-02,8.001558e-03,7.968176e-03,5.880627e-02,4.646730e-02,2.256333e-02,5.407967e-04,4.871895e-03,8.755273e-02,1.409424e-02,3.163844e-01,1.300233e-02,6.599050e-02,2.511942e-01,8.388373e-02
1.383424e-02,7.366428e-03,7.324643e-03,4.160523e-02,3.692494e-02,2.977144e-02,4.340216e-04,4.131887e-03,7.875375e-02,1.353339e-02,2.889160e-01,9.374178e-03,4.821669e-02,3.430142e-01,7.679902e-02
1.014123e-02,6.803230e-03,9.026507e-03,2.993723e-02,6.253135e-02,9.335648e-02,3.818907e-04,4.080279e-03,7.583191e-02,1.313175e-02,2.387132e-01,6.698560e-03,3.700029e-02,3.328001e-01,7.956603e-02
1.027498e-02,1.098013e-02,2.632441e-02,2.495373e-02,1.458942e-01,7.660093e-02,4.473906e-04,3.989711e-03,8.132564e-02,1.350471e-02,1.807392e-01,4.811560e-03,2.740102e-02,3.208523e-01,7.190006e-02
1.592711e-02,1.572856e-02,2.020213e-02,1.894110e-02,1.560329e-01,7.512719e-02,7.929358e-04,3.384818e-03,1.632770e-01,9.932478e-03,1.302916e-01,3.434824e-03,1.972263e-02,3.144529e-01,5.275185e-02
2.828600e-02,1.749070e-02,1.638272e-02,1.521190e-02,1.300912e-01,7.933120e-02,7.030199e-04,3.887366e-03,2.259901e-01,7.670439e-03,9.404141e-02,2.505452e-03,1.428511e-02,3.182822e-01,4.584115e-02
3.945891e-02,1.400525e-02,1.700664e-02,1.837756e-02,9.456833e-02,1.310773e-01,7.308471e-04,4.621482e-03,2.319502e-01,5.841405e-03,6.795705e-02,2.007893e-03,1.042070e-02,3.253355e-01,3.664102e-02
3.995771e-02,1.095980e-02,8.283676e-02,6.616993e-02,6.846713e-02,1.316963e-01,1.222149e-03,8.285476e-03,2.142706e-01,4.883142e-03,4.873389e-02,1.546056e-03,7.467000e-03,2.865439e-01,2.696015e-02
4.244485e-02,8.811279e-03,7.941024e-02,5.694725e-02,5.061521e-02,1.284815e-01,1.012611e-03,6.962414e-03,2.203515e-01,3.935576e-03,3.698133e-02,1.162576e-03,5.423963e-03,3.349945e-01,2.246514e-02
4.176151e-02,8.658926e-03,6.124536e-02,4.454329e-02,3.845355e-02,9.822927e-02,7.428654e-04,5.506796e-03,2.412103e-01,3.032098e-03,2.901257e-02,8.450527e-04,3.876593e-03,4.062723e-01,1.660960e-02
5.127715e-02,9.831191e-03,5.201083e-02,3.883541e-02,3.069601e-02,7.411523e-02,5.596983e-04,4.363527e-03,2.860769e-01,2.350405e-03,2.713704e-02,6.627939e-04,2.886361e-03,4.057305e-01,1.346703e-02
5.483053e-02,1.300501e-02,4.219840e-02,3.439532e-02,2.400291e-02,5.499819e-02,4.319190e-04,3.386746e-03,3.184744e-01,1.815926e-03,2.485439e-02,5.225391e-04,2.197666e-03,4.139206e-01,1.096556e-02
5.774024e-02,4.294054e-02,5.058230e-02,8.236805e-02,4.008919e-02,4.896596e-02,4.522605e-04,3.396150e-03,3.238648e-01,1.542620e-03,1.872879e-02,5.472059e-04,1.661731e-03,3.145224e-01,1.259785e-02
4.238155e-02,1.198091e-01,4.073222e-02,6.009027e-02,2.881424e-02,3.666745e-02,3.314546e-04,2.450444e-03,2.446404e-01,1.766619e-03,3.500327e-02,1.345830e-03,5.453663e-03,2.605269e-01,1.199865e-01
3.114691e-02,1.159184e-01,3.122570e-02,4.307888e-02,2.045123e-02,2.893382e-02,2.436132e-04,1.791310e-03,1.762913e-01,1.633797e-03,7.305905e-02,1.552508e-03,9.050095e-03,2.866594e-01,1.789640e-01
2.991014e-02,9.252227e-02,2.720494e-02,3.157524e-02,1.649303e-02,5.137161e-02,2.079698e-04,1.571657e-03,1.253410e-01,1.203740e-03,1.657204e-01,1.675363e-03,8.203924e-03,2.796383e-01,1.673604e-01
2.134310e-02,6.682573e-02,2.078430e-02,2.274540e-02,1.470301e-02,3.993499e-02,1.887024e-04,1.186149e-03,8.976310e-02,1.270394e-03,3.655519e-01,4.368257e-03,6.694726e-03,2.210827e-01,1.235576e-01
1.680998e-02,4.834168e-02,1.687133e-02,1.771198e-02,1.601879e-02,3.471711e-02,4.484762e-04,1.108128e-03,6.582402e-02,1.769459e-03,4.254410e-01,9.925642e-03,6.780162e-03,2.451438e-01,9.308836e-02
1.223659e-02,3.435670e-02,1.197163e-02,1.273252e-02,1.434069e-02,2.664761e-02,3.957491e-04,8.956157e-04,4.717853e-02,3.413461e-03,4.732964e-01,1.102672e-02,4.986642e-03,2.795026e-01,6.701851e-02
8.727234e-03,2.410482e-02,8.443848e-03,9.031732e-03,1.089803e-02,1.904550e-02,3.222881e-04,7.114201e-04,3.368834e-02,3.322302e-03,5.519109e-01,1.251189e-02,3.797919e-03,2.663251e-01,4.715873e-02
6.489280e-03,1.694239e-02,6.079074e-03,6.436723e-03,8.499485e-03,1.478252e-02,6.378444e-04,9.402946e-04,2.410219e-02,3.191445e-03,6.277552e-01,2.076187e-02,2.826133e-03,2.273600e-01,3.319562e-02
5.181984e-03,1.193841e-02,4.413913e-03,4.612304e-03,7.151193e-03,1.180674e-02,6.123919e-04,1.078565e-03,1.813403e-02,3.682947e-03,6.819026e-01,2.345255e-02,2.125911e-03,2.005137e-01,2.339261e-02
4.454664e-03,9.119014e-03,3.370314e-03,3.391267e-03,1.145644e-02,1.934505e-02,7.797416e-04,1.448142e-03,2.123021e-02,6.890219e-03,6.258913e-01,2.574351e-02,1.691786e-03,2.482553e-01,1.693295e-02
8.606932e-03,6.993774e-03,2.808728e-03,2.615148e-03,1.038503e-02,1.567692e-02,1.099641e-03,1.887935e-03,1.984155e-02,8.190516e-03,6.576384e-01,2.469064e-02,1.327251e-03,2.252558e-01,1.298167e-02
1.345502e-02,5.652913e-03,2.480940e-03,2.226290e-03,1.197422e-02,1.415310e-02,1.829538e-03,2.060124e-03,1.685476e-02,1.379883e-02,6.816072e-01,2.494032e-02,1.340672e-03,1.957453e-01,1.188071e-02
4.892023e-02,5.931820e-03,1.064546e-02,3.933146e-03,1.450504e-02,3.454387e-02,9.175379e-03,2.298383e-02,1.492796e-02,1.247623e-02,6.117792e-01,4.208902e-02,1.446798e-03,1.564327e-01,1.020944e-02
1.039128e-01,7.146787e-03,1.112631e-02,5.147247e-03,1.381389e-02,3.282703e-02,1.196010e-02,3.053449e-02,2.018742e-02,1.002344e-02,5.795441e-01,4.330632e-02,1.343072e-03,1.210427e-01,8.084397e-03
9.942274e-02,6.054005e-03,8.521128e-03,4.208267e-03,1.278842e-02,2.712810e-02,9.072503e-03,2.292299e-02,1.994099e-02,7.946681e-03,6.332907e-01,4.625463e-02,1.218338e-03,9.523467e-02,5.995860e-03
1.011293e-01,6.358287e-03,1.492973e-02,7.898192e-03,1.930980e-02,4.074274e-02,7.835121e-03,6.407341e-02,2.447710e-02,6.536466e-03,5.820929e-01,3.616304e-02,9.748655e-04,8.312526e-02,4.353731e-03
8.759475e-02,6.301366e-03,1.323111e-02,7.779413e-03,2.598530e-02,4.978540e-02,5.712608e-03,5.051392e-02,2.477157e-02,5.481158e-03,6.105288e-01,2.807083e-02,8.083896e-04,8.031569e-02,3.119658e-03
8.760913e-02,6.397421e-03,1.131375e-02,6.994933e-03,3.278866e-02,4.506797e-02,4.131060e-03,3.916524e-02,2.484811e-02,4.679537e-03,6.073158e-01,2.345188e-02,7.954275e-04,1.028654e-01,2.575695e-03
7.929001e-02,7.866094e-03,1.037446e-02,6.966944e-03,3.221751e-02,4.072291e-02,2.961281e-03,3.050348e-02,2.189266e-02,4.859801e-03,6.080001e-01,1.952884e-02,7.079426e-04,1.318074e-01,2.300590e-03
7.462730e-02,8.382897e-03,1.399803e-02,1.201070e-02,3.971303e-02,3.878433e-02,2.202314e-03,3.010127e-02,1.875189e-02,5.470250e-03,5.988702e-01,1.669790e-02,6.933683e-04,1.372151e-01,2.481510e-03
1.037902e-01,6.975906e-03,1.311956e-02,1.496123e-02,3.386999e-02,3.239292e-02,1.702733e-03,2.376102e-02,1.645611e-02,9.001649e-03,5.798377e-01,1.788455e-02,6.260986e-04,1.414123e-01,4.208022e-03
1.363383e-01,6.197932e-03,1.104720e-02,1.274670e-02,2.733044e-02,2.640578e-02,1.385493e-03,1.761595e-02,1.513454e-02,1.790937e-02,5.422907e-01,1.733631e-02,5.861711e-04,1.622393e-01,5.435801e-03
2.079579e-01,6.927103e-03,1.066880e-02,1.515839e-02,2.348340e-02,2.120506e-02,1.110499e-03,1.313884e-02,2.474991e-02,2.648984e-02,4.336326e-01,1.870489e-02,7.072305e-04,1.883901e-01,7.675545e-03
3.020095e-01,6.296202e-03,1.042491e-02,1.511057e-02,1.830551e-02,1.640061e-02,9.631607e-04,9.871563e-03,3.128763e-02,2.724539e-02,3.267399e-01,2.170344e-02,1.009437e-03,2.038443e-01,8.787910e-03
3.373821e-01,6.846546e-03,1.005494e-02,1.636991e-02,1.502019e-02,1.365923e-02,7.537341e-04,7.389197e-03,3.472681e-02,3.791324e-02,2.491060e-01,2.237540e-02,1.484923e-03,2.352707e-01,1.164705e-02
3.249051e-01,7.142413e-03,8.655091e-03,1.941446e-02,1.507991e-02,1.422259e-02,7.080710e-04,5.687557e-03,4.245401e-02,8.033063e-02,2.232940e-01,2.334430e-02,1.943654e-03,2.133625e-01,1.945579e-02
3.681512e-01,6.732139e-03,7.695557e-03,1.975841e-02,1.540343e-02,1.554065e-02,6.721440e-04,4.571413e-03,3.782325e-02,9.455720e-02,1.912095e-01,3.001685e-02,2.860278e-03,1.758171e-01,2.919090e-02
3.645226e-01,2.405912e-02,9.030108e-03,9.296696e-02,1.919317e-02,1.677046e-02,2.565915e-03,2.358084e-02,3.770123e-02,7.024132e-02,1.424920e-01,3.989279e-02,5.312022e-03,1.256252e-01,2.604622e-02
4.204778e-01,2.177256e-02,8.758635e-03,9.345189e-02,1.973621e-02,1.845078e-02,2.738043e-03,2.131505e-02,5.232801e-02,5.338012e-02,1.077797e-01,4.661491e-02,8.023099e-03,9.885675e-02,2.631643e-02
4.528442e-01,2.137810e-02,8.742849e-03,9.756650e-02,2.159240e-02,1.963842e-02,2.462192e-03,1.746816e-02,5.220300e-02,4.113545e-02,8.554883e-02,5.749479e-02,1.148886e-02,7.863845e-02,3.179771e-02
3.830530e-01,2.484597e-02,2.218639e-02,1.853090e-01,2.785530e-02,1.794747e-02,4.841810e-03,4.199819e-02,4.885100e-02,2.950938e-02,6.675203e-02,5.460051e-02,1.016569e-02,5.675376e-02,2.533053e-02
4.190188e-01,2.147342e-02,2.990007e-02,1.905944e-01,2.916523e-02,1.957989e-02,4.864179e-03,3.399852e-02,4.263983e-02,2.154912e-02,5.449530e-02,5.782545e-02,1.044712e-02,4.241209e-02,2.203651e-02
1.000000e+00,0.000000e+00,0.000000e+00,0.000000e+00,0.000000e+00,0.000000e+00,0.000000e+00,0.000000e+00,0.000000e+00,0.000000e+00,0.000000e+00,0.000000e+00,0.000000e+00,0.000000e+00,0.000000e+00
1.000000e+00,0.000000e+00,0.000000e+00,0.000000e+00,0.000000e+00,0.000000e+00,0.000000e+00,0.000000e+00,0.000000e+00,0.000000e+00,0.000000e+00,0.000000e+00,0.000000e+00,0.000000e+00,0.000000e+00
1.000000e+00,0.000000e+00,0.000000e+00,0.000000e+00,0.000000e+00,0.000000e+00,0.000000e+00,0.000000e+00,0.000000e+00,0.000000e+00,0.000000e+00,0.000000e+00,0.000000e+00,0.000000e+00,0.000000e+00
1.000000e+00,0.000000e+00,0.000000e+00,0.000000e+00,0.000000e+00,0.000000e+00,0.000000e+00,0.000000e+00,0.000000e+00,0.000000e+00,0.000000e+00,0.000000e+00,0.000000e+00,0.000000e+00,0.000000e+00
1.000000e+00,0.000000e+00,0.000000e+00,0.000000e+00,0.000000e+00,0.000000e+00,0.000000e+00,0.000000e+00,0.000000e+00,0.000000e+00,0.000000e+00,0.000000e+00,0.000000e+00,0.000000e+00,0.000000e+00
1.000000e+00,0.000000e+00,0.000000e+00,0.000000e+00,0.000000e+00,0.000000e+00,0.000000e+00,0.000000e+00,0.000000e+00,0.000000e+00,0.000000e+00,0.000000e+00,0.000000e+00,0.000000e+00,0.000000e+00
1.000000e+00,0.000000e+00,0.000000e+00,0.000000e+00,0.000000e+00,0.000000e+00,0.000000e+00,0.000000e+00,0.000000e+00,0.000000e+00,0.000000e+00,0.000000e+00,0.000000e+00,0.000000e+00,0.000000e+00
1.000000e+00,0.000000e+00,0.000000e+00,0.000000e+00,0.000000e+00,0.000000e+00,0.000000e+00,0.000000e+00,0.000000e+00,0.000000e+00,0.000000e+00,0.000000e+00,0.000000e+00,0.000000e+00,0.000000e+00
1.000000e+00,0.000000e+00,0.000000e+00,0.000000e+00,0.000000e+00,0.000000e+00,0.000000e+00,0.000000e+00,0.000000e+00,0.000000e+00,0.000000e+00,0.000000e+00,0.000000e+00,0.000000e+00,0.000000e+00
1.000000e+00,0.000000e+00,0.000000e+00,0.000000e+00,0.000000e+00,0.000000e+00,0.000000e+00,0.000000e+00,0.000000e+00,0.000000e+00,0.000000e+00,0.000000e+00,0.000000e+00,0.000000e+00,0.000000e+00
1.000000e+00,0.000000e+00,0.000000e+00,0.000000e+00,0.000000e+00,0.000000e+00,0.000000e+00,0.000000e+00,0.000000e+00,0.000000e+00,0.000000e+00,0.000000e+00,0.000000e+00,0.000000e+00,0.000000e+00
1.000000e+00,0.000000e+00,0.000000e+00,0.000000e+00,0.000000e+00,0.000000e+00,0.000000e+00,0.000000e+00,0.000000e+00,0.000000e+00,0.000000e+00,0.000000e+00,0.000000e+00,0.000000e+00,0.000000e+00
1.000000e+00,0.000000e+00,0.000000e+00,0.000000e+00,0.000000e+00,0.000000e+00,0.000000e+00,0.000000e+00,0.000000e+00,0.000000e+00,0.000000e+00,0.000000e+00,0.000000e+00,0.000000e+00,0.000000e+00
1.000000e+00,0.000000e+00,0.000000e+00,0.000000e+00,0.000000e+00,0.000000e+00,0.000000e+00,0.000000e+00,0.000000e+00,0.000000e+00,0.000000e+00,0.000000e+00,0.000000e+00,0.000000e+00,0.000000e+00
1.000000e+00,0.000000e+00,0.000000e+00,0.000000e+00,0.000000e+00,0.000000e+00,0.000000e+00,0.000000e+00,0.000000e+00,0.000000e+00,0.000000e+00,0.000000e+00,0.000000e+00,0.000000e+00,0.000000e+00
