1.000000e+00,0.000000e+00,0.000000e+00,0.000000e+00,0.000000e+00,0.000000e+00,0.000000e+00,0.000000e+00,0.000000e+00,0.000000e+00,0.000000e+00,0.000000e+00,0.000000e+00,0.000000e+00,0.000000e+00
1.000000e+00,0.000000e+00,0.000000e+00,0.000000e+00,0.000000e+00,0.000000e+00,0.000000e+00,0.000000e+00,0.000000e+00,0.000000e+00,0.000000e+00,0.000000e+00,0.000000e+00,0.000000e+00,0.000000e+00
1.000000e+00,0.000000e+00,0.000000e+00,0.000000e+00,0.000000e+00,0.000000e+00,0.000000e+00,0.000000e+00,0.000000e+00,0.000000e+00,0.000000e+00,0.000000e+00,0.000000e+00,0.000000e+00,0.000000e+00
1.000000e+00,0.000000e+00,0.000000e+00,0.000000e+00,0.000000e+00,0.000000e+00,0.000000e+00,0.000000e+00,0.000000e+00,0.000000e+00,0.000000e+00,0.000000e+00,0.000000e+00,0.000000e+00,0.000000e+00
1.000000e+00,0.000000e+00,0.000000e+00,0.000000e+00,0.000000e+00,0.000000e+00,0.000000e+00,0.000000e+00,0.000000e+00,0.000000e+00,0.000000e+00,0.000000e+00,0.000000e+00,0.000000e+00,0.000000e+00
1.000000e+00,0.000000e+00,0.000000e+00,0.000000e+00,0.000000e+00,0.000000e+00,0.000000e+00,0.000000e+00,0.000000e+00,0.000000e+00,0.000000e+00,0.000000e+00,0.000000e+00,0.000000e+00,0.000000e+00
1.000000e+00,0.000000e+00,0.000000e+00,0.000000e+00,0.000000e+00,0.000000e+00,0.000000e+00,0.000000e+00,0.000000e+00,0.000000e+00,0.000000e+00,0.000000e+00,0.000000e+00,0.000000e+00,0.000000e+00
1.000000e+00,0.000000e+00,0.000000e+00,0.000000e+00,0.000000e+00,0.000000e+00,0.000000e+00,0.000000e+00,0.000000e+00,0.000000e+00,0.000000e+00,0.000000e+00,0.000000e+00,0.000000e+00,0.000000e+00
1.000000e+00,0.000000e+00,0.000000e+00,0.000000e+00,0.000000e+00,0.000000e+00,0.000000e+00,0.000000e+00,0.000000e+00,0.000000e+00,0.000000e+00,0.000000e+00,0.000000e+00,0.000000e+00,0.000000e+00
1.000000e+00,0.000000e+00,0.000000e+00,0.000000e+00,0.000000e+00,0.000000e+00,0.000000e+00,0.000000e+00,0.000000e+00,0.000000e+00,0.000000e+00,0.000000e+00,0.000000e+00,0.000000e+00,0.000000e+00
1.000000e+00,0.000000e+00,0.000000e+00,0.000000e+00,0.000000e+00,0.000000e+00,0.000000e+00,0.000000e+00,0.000000e+00,0.000000e+00,0.000000e+00,0.000000e+00,0.000000e+00,0.000000e+00,0.000000e+00
1.000000e+00,0.000000e+00,0.000000e+00,0.000000e+00,0.000000e+00,0.000000e+00,0.000000e+00,0.000000e+00,0.000000e+00,0.000000e+00,0.000000e+00,0.000000e+00,0.000000e+00,0.000000e+00,0.000000e+00
1.000000e+00,0.000000e+00,0.000000e+00,0.000000e+00,0.000000e+00,0.000000e+00,0.000000e+00,0.000000e+00,0.000000e+00,0.000000e+00,0.000000e+00,0.000000e+00,0.000000e+00,0.000000e+00,0.000000e+00
1.000000e+00,0.000000e+00,0.000000e+00,0.000000e+00,0.000000e+00,0.000000e+00,0.000000e+00,0.000000e+00,0.000000e+00,0.000000e+00,0.000000e+00,0.000000e+00,0.000000e+00,0.000000e+00,0.000000e+00
1.000000e+00,0.000000e+00,0.000000e+00,0.000000e+00,0.000000e+00,0.000000e+00,0.000000e+00,0.000000e+00,0.000000e+00,0.000000e+00,0.000000e+00,0.000000e+00,0.000000e+00,0.000000e+00,0.000000e+00
1.000000e+00,0.000000e+00,0.000000e+00,0.000000e+00,0.000000e+00,0.000000e+00,0.000000e+00,0.000000e+00,0.000000e+00,0.000000e+00,0.000000e+00,0.000000e+00,0.000000e+00,0.000000e+00,0.000000e+00
1.000000e+00,0.000000e+00,0.000000e+00,0.000000e+00,0.000000e+00,0.000000e+00,0.000000e+00,0.000000e+00,0.000000e+00,0.000000e+00,0.000000e+00,0.000000e+00,0.000000e+00,0.000000e+00,0.000000e+00
1.000000e+00,0.000000e+00,0.000000e+00,0.000000e+00,0.000000e+00,0.000000e+00,0.000000e+00,0.000000e+00,0.000000e+00,0.000000e+00,0.000000e+00,0.000000e+00,0.000000e+00,0.000000e+00,0.000000e+00
1.000000e+00,0.000000e+00,0.000000e+00,0.000000e+00,0.000000e+00,0.000000e+00,0.000000e+00,0.000000e+00,0.000000e+00,0.000000e+00,0.000000e+00,0.000000e+00,0.000000e+00,0.000000e+00,0.000000e+00
1.000000e+00,0.000000e+00,0.000000e+00,0.000000e+00,0.000000e+00,0.000000e+00,0.000000e+00,0.000000e+00,0.000000e+00,0.000000e+00,0.000000e+00,0.000000e+00,0.000000e+00,0.000000e+00,0.000000e+00
1.000000e+00,0.000000e+00,0.000000e+00,0.000000e+00,0.000000e+00,0.000000e+00,0.000000e+00,0.000000e+00,0.000000e+00,0.000000e+00,0.000000e+00,0.000000e+00,0.000000e+00,0.000000e+00,0.000000e+00
1.000000e+00,0.000000e+00,0.000000e+00,0.000000e+00,0.000000e+00,0.000000e+00,0.000000e+00,0.000000e+00,0.000000e+00,0.000000e+00,0.000000e+00,0.000000e+00,0.000000e+00,0.000000e+00,0.000000e+00
1.000000e+00,0.000000e+00,0.000000e+00,0.000000e+00,0.000000e+00,0.000000e+00,0.000000e+00,0.000000e+00,0.000000e+00,0.000000e+00,0.000000e+00,0.000000e+00,0.000000e+00,0.000000e+00,0.000000e+00
1.000000e+00,0.000000e+00,0.000000e+00,0.000000e+00,0.000000e+00,0.000000e+00,0.000000e+00,0.000000e+00,0.000000e+00,0.000000e+00,0.000000e+00,0.000000e+00,0.000000e+00,0.000000e+00,0.000000e+00
1.000000e+00,0.000000e+00,0.000000e+00,0.000000e+00,0.000000e+00,0.000000e+00,0.000000e+00,0.000000e+00,0.000000e+00,0.000000e+00,0.000000e+00,0.000000e+00,0.000000e+00,0.000000e+00,0.000000e+00
1.000000e+00,0.000000e+00,0.000000e+00,0.000000e+00,0.000000e+00,0.000000e+00,0.000000e+00,0.000000e+00,0.000000e+00,0.000000e+00,0.000000e+00,0.000000e+00,0.000000e+00,0.000000e+00,0.000000e+00
1.000000e+00,0.000000e+00,0.000000e+00,0.000000e+00,0.000000e+00,0.000000e+00,0.000000e+00,0.000000e+00,0.000000e+00,0.000000e+00,0.000000e+00,0.000000e+00,0.000000e+00,0.000000e+00,0.000000e+00
1.000000e+00,0.000000e+00,0.000000e+00,0.000000e+00,0.000000e+00,0.000000e+00,0.000000e+00,0.000000e+00,0.000000e+00,0.000000e+00,0.000000e+00,0.000000e+00,0.000000e+00,0.000000e+00,0.000000e+00
1.000000e+00,0.000000e+00,0.000000e+00,0.000000e+00,0.000000e+00,0.000000e+00,0.000000e+00,0.000000e+00,0.000000e+00,0.000000e+00,0.000000e+00,0.000000e+00,0.000000e+00,0.000000e+00,0.000000e+00
1.000000e+00,0.000000e+00,0.000000e+00,0.000000e+00,0.000000e+00,0.000000e+00,0.000000e+00,0.000000e+00,0.000000e+00,0.000000e+00,0.000000e+00,0.000000e+00,0.000000e+00,0.000000e+00,0.000000e+00
1.000000e+00,0.000000e+00,0.000000e+00,0.000000e+00,0.000000e+00,0.000000e+00,0.000000e+00,0.000000e+00,0.000000e+00,0.000000e+00,0.000000e+00,0.000000e+00,0.000000e+00,0.000000e+00,0.000000e+00
1.000000e+00,0.000000e+00,0.000000e+00,0.000000e+00,0.000000e+00,0.000000e+00,0.000000e+00,0.000000e+00,0.000000e+00,0.000000e+00,0.000000e+00,0.000000e+00,0.000000e+00,0.000000e+00,0.000000e+00
1.000000e+00,0.000000e+00,0.000000e+00,0.000000e+00,0.000000e+00,0.000000e+00,0.000000e+00,0.000000e+00,0.000000e+00,0.000000e+00,0.000000e+00,0.000000e+00,0.000000e+00,0.000000e+00,0.000000e+00
1.000000e+00,0.000000e+00,0.000000e+00,0.000000e+00,0.000000e+00,0.000000e+00,0.000000e+00,0.000000e+00,0.000000e+00,0.000000e+00,0.000000e+00,0.000000e+00,0.000000e+00,0.000000e+00,0.000000e+00
1.000000e+00,0.000000e+00,0.000000e+00,0.000000e+00,0.000000e+00,0.000000e+00,0.000000e+00,0.000000e+00,0.000000e+00,0.000000e+00,0.000000e+00,0.000000e+00,0.000000e+00,0.000000e+00,0.000000e+00
1.000000e+00,0.000000e+00,0.000000e+00,0.000000e+00,0.000000e+00,0.000000e+00,0.000000e+00,0.000000e+00,0.000000e+00,0.000000e+00,0.000000e+00,0.000000e+00,0.000000e+00,0.000000e+00,0.000000e+00
1.000000e+00,0.000000e+00,0.000000e+00,0.000000e+00,0.000000e+00,0.000000e+00,0.000000e+00,0.000000e+00,0.000000e+00,0.000000e+00,0.000000e+00,0.000000e+00,0.000000e+00,0.000000e+00,0.000000e+00
1.000000e+00,0.000000e+00,0.000000e+00,0.000000e+00,0.000000e+00,0.000000e+00,0.000000e+00,0.000000e+00,0.000000e+00,0.000000e+00,0.000000e+00,0.000000e+00,0.000000e+00,0.000000e+00,0.000000e+00
1.000000e+00,0.000000e+00,0.000000e+00,0.000000e+00,0.000000e+00,0.000000e+00,0.000000e+00,0.000000e+00,0.000000e+00,0.000000e+00,0.000000e+00,0.000000e+00,0.000000e+00,0.000000e+00,0.000000e+00
1.000000e+00,0.000000e+00,0.000000e+00,0.000000e+00,0.000000e+00,0.000000e+00,0.000000e+00,0.000000e+00,0.000000e+00,0.000000e+00,0.000000e+00,0.000000e+00,0.000000e+00,0.000000e+00,0.000000e+00
1.000000e+00,0.000000e+00,0.000000e+00,0.000000e+00,0.000000e+00,0.000000e+00,0.000000e+00,0.000000e+00,0.000000e+00,0.000000e+00,0.000000e+00,0.000000e+00,0.000000e+00,0.000000e+00,0.000000e+00
1.000000e+00,0.000000e+00,0.000000e+00,0.000000e+00,0.000000e+00,0.000000e+00,0.000000e+00,0.000000e+00,0.000000e+00,0.000000e+00,0.000000e+00,0.000000e+00,0.000000e+00,0.000000e+00,0.000000e+00
1.000000e+00,0.000000e+00,0.000000e+00,0.000000e+00,0.000000e+00,0.000000e+00,0.000000e+00,0.000000e+00,0.000000e+00,0.000000e+00,0.000000e+00,0.000000e+00,0.000000e+00,0.000000e+00,0.000000e+00
1.000000e+00,0.000000e+00,0.000000e+00,0.000000e+00,0.000000e+00,0.000000e+00,0.000000e+00,0.000000e+00,0.000000e+00,0.000000e+00,0.000000e+00,0.000000e+00,0.000000e+00,0.000000e+00,0.000000e+00
1.000000e+00,0.000000e+00,0.000000e+00,0.000000e+00,0.000000e+00,0.000000e+00,0.000000e+00,0.000000e+00,0.000000e+00,0.000000e+00,0.000000e+00,0.000000e+00,0.000000e+00,0.000000e+00,0.000000e+00
1.000000e+00,0.000000e+00,0.000000e+00,0.000000e+00,0.000000e+00,0.000000e+00,0.000000e+00,0.000000e+00,0.000000e+00,0.000000e+00,0.000000e+00,0.000000e+00,0.000000e+00,0.000000e+00,0.000000e+00
1.000000e+00,0.000000e+00,0.000000e+00,0.000000e+00,0.000000e+00,0.000000e+00,0.000000e+00,0.000000e+00,0.000000e+00,0.000000e+00,0.000000e+00,0.000000e+00,0.000000e+00,0.000000e+00,0.000000e+00
1.000000e+00,0.000000e+00,0.000000e+00,0.000000e+00,0.000000e+00,0.000000e+00,0.000000e+00,0.000000e+00,0.000000e+00,0.000000e+00,0.000000e+00,0.000000e+00,0.000000e+00,0.000000e+00,0.000000e+00
1.000000e+00,0.000000e+00,0.000000e+00,0.000000e+00,0.000000e+00,0.000000e+00,0.000000e+00,0.000000e+00,0.000000e+00,0.000000e+00,0.000000e+00,0.000000e+00,0.000000e+00,0.000000e+00,0.000000e+00
1.000000e+00,0.000000e+00,0.000000e+00,0.000000e+00,0.000000e+00,0.000000e+00,0.000000e+00,0.000000e+00,0.000000e+00,0.000000e+00,0.000000e+00,0.000000e+00,0.000000e+00,0.000000e+00,0.000000e+00
1.000000e+00,0.000000e+00,0.000000e+00,0.000000e+00,0.000000e+00,0.000000e+00,0.000000e+00,0.000000e+00,0.000000e+00,0.000000e+00,0.000000e+00,0.000000e+00,0.000000e+00,0.000000e+00,0.000000e+00
1.000000e+00,0.000000e+00,0.000000e+00,0.000000e+00,0.000000e+00,0.000000e+00,0.000000e+00,0.000000e+00,0.000000e+00,0.000000e+00,0.000000e+00,0.000000e+00,0.000000e+00,0.000000e+00,0.000000e+00
1.000000e+00,0.000000e+00,0.000000e+00,0.000000e+00,0.000000e+00,0.000000e+00,0.000000e+00,0.000000e+00,0.000000e+00,0.000000e+00,0.000000e+00,0.000000e+00,0.000000e+00,0.000000e+00,0.000000e+00
1.000000e+00,0.000000e+00,0.000000e+00,0.000000e+00,0.000000e+00,0.000000e+00,0.000000e+00,0.000000e+00,0.000000e+00,0.000000e+00,0.000000e+00,0.000000e+00,0.000000e+00,0.000000e+00,0.000000e+00
1.000000e+00,0.000000e+00,0.000000e+00,0.000000e+00,0.000000e+00,0.000000e+00,0.000000e+00,0.000000e+00,0.000000e+00,0.000000e+00,0.000000e+00,0.000000e+00,0.000000e+00,0.000000e+00,0.000000e+00
1.000000e+00,0.000000e+00,0.000000e+00,0.000000e+00,0.000000e+00,0.000000e+00,0.000000e+00,0.000000e+00,0.000000e+00,0.000000e+00,0.000000e+00,0.000000e+00,0.000000e+00,0.000000e+00,0.000000e+00
4.801852e-01,5.227332e-03,8.193841e-03,1.732276e-02,5.606110e-03,9.893344e-03,3.389389e-03,4.357041e-01,2.017922e-03,5.834186e-04,3.575348e-03,1.300954e-02,8.648979e-03,1.092024e-03,5.550774e-03
3.396059e-01,3.705148e-03,5.857400e-03,1.222396e-02,4.255265e-03,7.283311e-03,2.840871e-03,5.998464e-01,1.420753e-03,4.133082e-04,2.538970e-03,9.171195e-03,6.136887e-03,7.822852e-04,3.918367e-03
2.396206e-01,2.619731e-03,4.178199e-03,8.610321e-03,3.241960e-03,5.292617e-03,2.257654e-03,7.169602e-01,1.000017e-03,2.926753e-04,1.806329e-03,6.458552e-03,4.329666e-03,5.663272e-04,2.765255e-03
1.705899e-01,1.890202e-03,2.999844e-03,6.095143e-03,2.838199e-03,4.548936e-03,1.920816e-03,7.933686e-01,7.341744e-04,2.189643e-04,2.323194e-03,5.617311e-03,4.204016e-03,6.968804e-04,1.953847e-03
1.232970e-01,1.348391e-03,2.109549e-03,4.579168e-03,2.434937e-03,3.379781e-03,1.535218e-03,5.955223e-01,7.005318e-04,6.029813e-04,2.994907e-02,9.108704e-02,1.403495e-01,1.462612e-03,1.641967e-03
8.685745e-02,9.741055e-04,1.488338e-03,4.067741e-03,1.821978e-03,2.464990e-03,1.152767e-03,4.285032e-01,7.301955e-04,6.978545e-04,3.075703e-02,1.320882e-01,3.053386e-01,1.486970e-03,1.570567e-03
6.090235e-02,7.050261e-04,1.136835e-03,3.612552e-03,1.594190e-03,1.858601e-03,9.505253e-04,3.018662e-01,2.452454e-03,6.448693e-04,2.345140e-02,2.010362e-01,3.970097e-01,1.515162e-03,1.263990e-03
4.369311e-02,5.603302e-04,8.741316e-04,3.270698e-03,1.548226e-03,2.038064e-03,1.107752e-03,2.134382e-01,1.047492e-02,5.076029e-04,1.889493e-02,3.882214e-01,3.128085e-01,1.610936e-03,9.512059e-04
3.181820e-02,4.658349e-04,6.523768e-04,2.392982e-03,1.368687e-03,2.812276e-03,9.453918e-04,1.496514e-01,1.751461e-02,4.526473e-04,1.220086e-01,4.462107e-01,2.215174e-01,1.498462e-03,6.904631e-04
2.396139e-02,4.198537e-04,5.268389e-04,1.841807e-03,1.692938e-03,4.754317e-03,7.065153e-04,1.048494e-01,1.596837e-02,7.498809e-04,1.082043e-01,5.779761e-01,1.562152e-01,1.590447e-03,5.427154e-04
1.934010e-02,7.606005e-04,6.966958e-04,1.417557e-03,2.158857e-03,4.559003e-03,5.499247e-04,7.371124e-02,1.548974e-02,1.226571e-03,1.100493e-01,6.576024e-01,1.103203e-01,1.655155e-03,4.625667e-04
1.402532e-02,7.353615e-04,5.965224e-04,1.116354e-03,3.663039e-03,4.066424e-03,4.154565e-04,5.171103e-02,1.571769e-02,1.611344e-03,9.266164e-02,7.338712e-01,7.766283e-02,1.737073e-03,4.087595e-04
1.069625e-02,1.204020e-03,7.019772e-04,8.747488e-04,5.670356e-03,3.721926e-03,3.586426e-04,3.629129e-02,1.575735e-02,2.095785e-03,8.210908e-02,7.835385e-01,5.465375e-02,1.888060e-03,4.382966e-04
7.734089e-03,1.202933e-03,8.196109e-04,8.404072e-04,1.198186e-02,3.098323e-03,3.908059e-04,2.560317e-02,1.304044e-02,2.283809e-03,6.694914e-02,8.254596e-01,3.859780e-02,1.578698e-03,4.192603e-04
5.821145e-03,1.412440e-03,1.130466e-03,8.993316e-04,3.231892e-02,3.765979e-03,3.165817e-03,1.820755e-02,1.114373e-02,2.658611e-03,5.572581e-02,8.334479e-01,2.808189e-02,1.733355e-03,4.870520e-04
4.414441e-03,1.411327e-03,1.318597e-03,7.626940e-04,5.934035e-02,3.106917e-03,2.842773e-03,1.296965e-02,8.995333e-03,2.362316e-03,4.914678e-02,8.304822e-01,2.060390e-02,1.821157e-03,4.215236e-04
3.745062e-03,1.514315e-03,1.250873e-03,8.771732e-04,8.923308e-02,7.156564e-03,2.281074e-03,9.248309e-03,7.206121e-03,2.296253e-03,5.786697e-02,7.996264e-01,1.505969e-02,2.043948e-03,5.941962e-04
3.358243e-03,1.373599e-03,1.755422e-03,1.036182e-03,9.848210e-02,9.869846e-03,2.324065e-03,8.736865e-03,5.756748e-03,2.491144e-03,5.190469e-02,7.988095e-01,1.119067e-02,2.376000e-03,5.349635e-04
3.590629e-03,2.914065e-03,7.497200e-03,2.821775e-03,1.321367e-01,1.087414e-02,2.433684e-03,3.046064e-02,5.585390e-03,1.966415e-03,4.110843e-02,7.483273e-01,8.060816e-03,1.820606e-03,4.021893e-04
6.884810e-03,2.362854e-03,1.587016e-02,6.618758e-03,2.678237e-01,1.415057e-02,3.037103e-03,8.249980e-02,6.270835e-03,1.842513e-03,3.050225e-02,5.542129e-01,5.900375e-03,1.697000e-03,3.263095e-04
1.025665e-02,2.338005e-03,2.394280e-02,1.380073e-02,2.252706e-01,1.093155e-02,2.800529e-03,2.070282e-01,1.887488e-02,2.064078e-03,2.831354e-02,4.469675e-01,5.063168e-03,2.033858e-03,3.138772e-04
1.749034e-02,5.408592e-03,2.535789e-02,1.635387e-02,1.851576e-01,9.461368e-03,2.415177e-03,2.675143e-01,7.683034e-02,3.652861e-03,3.204861e-02,3.471364e-01,6.091513e-03,3.224268e-03,1.856982e-03
1.623995e-02,4.544346e-03,1.869993e-02,1.717957e-02,1.390339e-01,6.962659e-03,1.832276e-03,4.468270e-01,5.738857e-02,2.954600e-03,3.163762e-02,2.478219e-01,5.147188e-03,2.399759e-03,1.330812e-03
1.282646e-02,3.409182e-03,1.331806e-02,1.409332e-02,1.020701e-01,5.565202e-03,1.411526e-03,6.014396e-01,4.060780e-02,2.107910e-03,2.253783e-02,1.743096e-01,3.671999e-03,1.691610e-03,9.398198e-04
9.553369e-03,2.420603e-03,9.467695e-03,1.021895e-02,7.387616e-02,4.407918e-03,1.144478e-03,7.165834e-01,2.848588e-02,1.481028e-03,1.580836e-02,1.220809e-01,2.610808e-03,1.198506e-03,6.618878e-04
7.274658e-03,1.711730e-03,6.726473e-03,7.334319e-03,5.486180e-02,3.828954e-03,9.216071e-04,7.963426e-01,2.005438e-02,1.048070e-03,1.110581e-02,8.551612e-02,1.950048e-03,8.526973e-04,4.707926e-04
7.332903e-03,1.231509e-03,4.799013e-03,5.277481e-03,4.572520e-02,3.158324e-03,9.821507e-04,8.463057e-01,1.419249e-02,7.537095e-04,7.821658e-03,5.989051e-02,1.572108e-03,6.080148e-04,3.492617e-04
7.831842e-03,9.040901e-04,3.412787e-03,3.852075e-03,4.680320e-02,3.733599e-03,9.937927e-04,8.723706e-01,1.001354e-02,5.355284e-04,5.526577e-03,4.194542e-02,1.377927e-03,4.335691e-04,2.655569e-04
7.778999e-03,7.014566e-04,2.449852e-03,2.809977e-03,5.362013e-02,3.467250e-03,1.387273e-03,8.851317e-01,7.077604e-03,3.769084e-04,3.924535e-03,2.937469e-02,1.376898e-03,3.096423e-04,2.131610e-04
8.568384e-03,5.390581e-04,1.815319e-03,2.068691e-03,4.495890e-02,2.952503e-03,1.495889e-03,9.074252e-01,5.050955e-03,2.661395e-04,2.818377e-03,2.059663e-02,1.040911e-03,2.380961e-04,1.650595e-04
1.003028e-02,4.313954e-04,1.404771e-03,1.583646e-03,3.680607e-02,2.785657e-03,1.527750e-03,9.239981e-01,3.614479e-03,1.883578e-04,2.041970e-03,1.445727e-02,8.187807e-04,1.818115e-04,1.296770e-04
1.037778e-02,3.938438e-04,1.148613e-03,1.388358e-03,3.596279e-02,2.179127e-03,1.492065e-03,9.316989e-01,2.616094e-03,1.363984e-04,1.529474e-03,1.016015e-02,6.609957e-04,1.412136e-04,1.142314e-04
1.323554e-02,3.828913e-04,9.733005e-04,1.347998e-03,3.723254e-02,1.866950e-03,1.252191e-03,9.323927e-01,1.941715e-03,1.035998e-04,1.209879e-03,7.226083e-03,6.043954e-04,1.203569e-04,1.098998e-04
7.284024e-02,2.410260e-03,1.633731e-03,5.276962e-03,3.813948e-02,4.136703e-03,1.370909e-03,8.151694e-01,1.014969e-02,9.809752e-04,9.511362e-03,1.477835e-02,1.998995e-02,1.203365e-03,2.408682e-03
6.498861e-02,4.700586e-03,2.052116e-03,1.000605e-02,3.654213e-02,4.715041e-03,1.502887e-03,7.314657e-01,7.231939e-02,1.840819e-03,1.875618e-02,1.438990e-02,3.142292e-02,1.302704e-03,3.994975e-03
7.083536e-02,1.072940e-02,1.942421e-03,1.326183e-02,4.084170e-02,4.712254e-03,2.037255e-03,6.610783e-01,1.093585e-01,2.096489e-03,3.197005e-02,1.265780e-02,3.169136e-02,1.174982e-03,5.612274e-03
5.016730e-02,1.810608e-02,1.986727e-03,2.083212e-02,2.902339e-02,3.365904e-03,1.454104e-03,4.649708e-01,3.433112e-01,2.180110e-03,2.429403e-02,9.035699e-03,2.471928e-02,8.945611e-04,5.658668e-03
4.770498e-02,2.318316e-02,2.147258e-03,1.762716e-02,2.257918e-02,6.228799e-03,1.246134e-03,3.341090e-01,3.606777e-01,1.804573e-03,2.134904e-02,7.483389e-03,1.427401e-01,1.018945e-03,1.010054e-02
3.637358e-02,2.047792e-02,2.363833e-03,2.037829e-02,1.619099e-02,5.168548e-03,9.902897e-04,2.358966e-01,4.791946e-01,1.410511e-03,1.627759e-02,6.738295e-03,1.497168e-01,8.041774e-04,8.017981e-03
4.143137e-02,1.722840e-02,3.265940e-03,1.566591e-02,2.289772e-02,1.676323e-02,1.304360e-03,1.811393e-01,3.452173e-01,1.110558e-03,1.487358e-02,1.878931e-02,3.103772e-01,1.105734e-03,8.830142e-03
1.060328e-01,1.633370e-02,1.566671e-02,1.737934e-02,2.981802e-02,3.566581e-02,4.291602e-03,1.739976e-01,2.527677e-01,1.196027e-03,1.642701e-02,2.368411e-02,2.967055e-01,1.976225e-03,8.057898e-03
1.485749e-01,1.576480e-02,1.996116e-02,1.448427e-02,3.073141e-02,3.064756e-02,3.759760e-03,1.347260e-01,1.888023e-01,1.126551e-03,1.315308e-02,2.099739e-02,3.674529e-01,2.231113e-03,7.586772e-03
2.151324e-01,1.711109e-02,2.046053e-02,1.260999e-02,3.479807e-02,2.919775e-02,3.746042e-03,1.007792e-01,1.370872e-01,1.100252e-03,1.037249e-02,1.811483e-02,3.899547e-01,2.173915e-03,7.361569e-03
2.558483e-01,2.301613e-02,2.735907e-02,1.475110e-02,7.190453e-02,2.985841e-02,3.902201e-03,8.189701e-02,1.090990e-01,2.318646e-03,9.071363e-03,1.863621e-02,3.254844e-01,2.937509e-03,2.391603e-02
2.920295e-01,2.729654e-02,3.782965e-02,2.184088e-02,8.539822e-02,3.736978e-02,4.336270e-03,7.373708e-02,8.741020e-02,2.359352e-03,9.585361e-03,2.241171e-02,2.700922e-01,2.977305e-03,2.532589e-02
3.241608e-01,2.636705e-02,4.321565e-02,2.309729e-02,1.052192e-01,3.446858e-02,5.245522e-03,7.085416e-02,8.298991e-02,1.945252e-03,8.876497e-03,2.256584e-02,2.268870e-01,2.952355e-03,2.115483e-02
2.472608e-01,1.970061e-02,3.429963e-02,2.233665e-02,1.231950e-01,2.895125e-02,5.501936e-03,2.490351e-01,6.234504e-02,1.381746e-03,6.431249e-03,1.601029e-02,1.661141e-01,2.213895e-03,1.522274e-02
2.058410e-01,1.405516e-02,2.616198e-02,1.917010e-02,1.465416e-01,2.287178e-02,1.162394e-02,3.595670e-01,4.530873e-02,9.887472e-04,4.687793e-03,1.129736e-02,1.194465e-01,1.656280e-03,1.078193e-02
1.635342e-01,9.976781e-03,1.952441e-02,1.388728e-02,1.143591e-01,1.822908e-02,2.747734e-02,4.952883e-01,3.213456e-02,8.046806e-04,3.419939e-03,8.050523e-03,8.425378e-02,1.206412e-03,7.853560e-03
1.228438e-01,7.035571e-03,1.396191e-02,9.874230e-03,8.591393e-02,1.315769e-02,1.046194e-01,5.446848e-01,2.283138e-02,6.199672e-04,2.548627e-03,5.720337e-03,5.975340e-02,8.536004e-04,5.581236e-03
9.604828e-02,4.967855e-03,9.964988e-03,6.999474e-03,6.422941e-02,9.643055e-03,1.642669e-01,5.735678e-01,1.640185e-02,4.884014e-04,1.893404e-03,4.148542e-03,4.276338e-02,6.097991e-04,4.006719e-03
7.676785e-02,3.526721e-03,7.174332e-03,5.008742e-03,4.766855e-02,8.413430e-03,2.914857e-01,5.070973e-01,1.190387e-02,3.856531e-04,1.447725e-03,3.110263e-03,3.268728e-02,4.339779e-04,2.888509e-03
7.441907e-02,2.524561e-03,5.205587e-03,3.617263e-03,3.588640e-02,7.527846e-03,3.852555e-01,4.441069e-01,9.272906e-03,3.363319e-04,1.126919e-03,2.435125e-03,2.582902e-02,3.116615e-04,2.144770e-03
7.218412e-02,1.844218e-03,3.753900e-03,2.575322e-03,2.725584e-02,6.149936e-03,4.595696e-01,3.948641e-01,6.933731e-03,3.113530e-04,8.784060e-04,1.924967e-03,1.986712e-02,2.282038e-04,1.659005e-03
5.544308e-02,1.329793e-03,2.735507e-03,1.856639e-03,2.021154e-02,5.175765e-03,5.884451e-01,3.005116e-01,4.916138e-03,2.758520e-04,6.845159e-04,1.518160e-03,1.531574e-02,1.650524e-04,1.415350e-03
5.002231e-02,1.012514e-03,2.315179e-03,1.453208e-03,1.555324e-02,4.900258e-03,6.439482e-01,2.616935e-01,3.651503e-03,2.529196e-04,6.192469e-04,1.280911e-03,1.178670e-02,1.260873e-04,1.384169e-03
3.720324e-02,7.357732e-04,1.766575e-03,1.043548e-03,1.128121e-02,4.174574e-03,7.219219e-01,2.076717e-01,2.585708e-03,1.865756e-04,4.656042e-04,1.000200e-03,8.797085e-03,9.104206e-05,1.075283e-03
2.892055e-02,5.480540e-04,1.399886e-03,7.588339e-04,8.465143e-03,4.132145e-03,7.787260e-01,1.656533e-01,1.850206e-03,1.435810e-04,3.784010e-04,8.340792e-04,7.220363e-03,6.659601e-05,9.028553e-04
2.380427e-02,3.987377e-04,1.184910e-03,5.692771e-04,7.358132e-03,3.740384e-03,8.164225e-01,1.374407e-01,1.404982e-03,1.217718e-04,3.477999e-04,6.295943e-04,5.817902e-03,4.940862e-05,7.096906e-04
2.237568e-02,3.796282e-04,1.428965e-03,6.530623e-04,8.024413e-03,3.843416e-03,7.862028e-01,1.672102e-01,1.060513e-03,2.429275e-04,4.864366e-04,6.380023e-04,6.040214e-03,5.625046e-05,1.357514e-03
2.893957e-02,3.889383e-04,1.701439e-03,7.705045e-04,8.976450e-03,4.276790e-03,6.885521e-01,2.539623e-01,8.626930e-04,5.853608e-04,7.847440e-04,7.532182e-04,7.225164e-03,7.649817e-05,2.144257e-03
3.243126e-02,1.183695e-03,2.493158e-03,9.031284e-04,1.339060e-02,1.485578e-02,5.835795e-01,2.732464e-01,1.995750e-03,2.209378e-03,3.676021e-03,1.524617e-03,5.566061e-02,3.392285e-04,1.251085e-02
3.858512e-02,1.588781e-03,2.310678e-03,9.106032e-04,1.264624e-02,2.307380e-02,4.922198e-01,2.883261e-01,3.318053e-03,2.334812e-03,3.871487e-03,1.335658e-03,9.570462e-02,3.664166e-04,3.340790e-02
5.410295e-02,2.635073e-03,5.462290e-03,1.215809e-03,1.191984e-02,1.939772e-02,3.933616e-01,2.785876e-01,3.048252e-03,3.576150e-03,3.476446e-03,1.210259e-03,1.407208e-01,4.917792e-04,8.079340e-02
7.750264e-02,3.580237e-03,8.012897e-03,1.332757e-03,1.184373e-02,1.659497e-02,3.099916e-01,2.403980e-01,2.724229e-03,4.165573e-03,2.853034e-03,1.160876e-03,1.283868e-01,6.013733e-04,1.908512e-01
9.583786e-02,4.187502e-03,7.467619e-03,1.271137e-03,1.217033e-02,1.584983e-02,2.420877e-01,2.296576e-01,2.541265e-03,4.095318e-03,2.339451e-03,1.110226e-03,1.137431e-01,5.562226e-04,2.670848e-01
1.129222e-01,3.324573e-03,5.399067e-03,1.219065e-03,1.166767e-02,1.840423e-02,1.763469e-01,1.680104e-01,2.640793e-03,3.691683e-03,2.096830e-03,9.801269e-04,1.048863e-01,5.329233e-04,3.878773e-01
1.181928e-01,2.908894e-03,3.922522e-03,1.496077e-03,1.057939e-02,2.651573e-02,1.263116e-01,1.215740e-01,2.957439e-03,3.897030e-03,1.814200e-03,1.058769e-03,1.389683e-01,5.281337e-04,4.392750e-01
9.981019e-02,2.688722e-03,2.855358e-03,1.324946e-03,8.908273e-03,2.240875e-02,8.913554e-02,8.572692e-02,3.917380e-03,3.606155e-03,1.739941e-03,9.130961e-04,2.548753e-01,4.089373e-04,4.216805e-01
7.101876e-02,2.371402e-03,2.139056e-03,1.095474e-03,6.687909e-03,1.662393e-02,6.260733e-02,6.022966e-02,3.697758e-03,2.857133e-03,1.536627e-03,8.900684e-04,4.091891e-01,3.164545e-04,3.587394e-01
5.035412e-02,2.096378e-03,1.645741e-03,8.701177e-04,5.645017e-03,1.225217e-02,4.414913e-02,4.244122e-02,3.688504e-03,2.230971e-03,1.336949e-03,9.280466e-04,5.261891e-01,2.592174e-04,3.059134e-01
3.571318e-02,2.002666e-03,1.566114e-03,1.081165e-03,5.680803e-03,9.276340e-03,3.127969e-02,2.982850e-02,4.546737e-03,1.791026e-03,1.377594e-03,1.453741e-03,6.428323e-01,3.094361e-04,2.312608e-01
2.614821e-02,2.105840e-03,1.449139e-03,1.379368e-03,4.972260e-03,8.325356e-03,2.203655e-02,2.119213e-02,4.223747e-03,1.410702e-03,2.017434e-03,2.117543e-03,7.320141e-01,3.221419e-04,1.702856e-01
1.857796e-02,4.516512e-03,3.939953e-02,1.830746e-03,6.129479e-03,6.290756e-03,1.558639e-02,1.589657e-02,1.215317e-02,3.030587e-03,3.817366e-03,2.480408e-03,7.313883e-01,8.424402e-04,1.380599e-01
1.449854e-02,3.877426e-03,3.507396e-02,1.967940e-03,5.505897e-03,4.834008e-03,1.111683e-02,1.633538e-02,1.725063e-02,5.015004e-03,4.400402e-03,2.414957e-03,5.832921e-01,1.092964e-03,2.933240e-01
1.145767e-02,2.912607e-03,3.104231e-02,2.733693e-03,4.316627e-03,4.783901e-03,7.910129e-03,3.195185e-02,1.333168e-02,7.057580e-03,5.333816e-03,2.256675e-03,4.337781e-01,1.243036e-03,4.398903e-01
9.043057e-03,4.241250e-03,2.487377e-02,3.207258e-03,3.115867e-03,5.272215e-03,5.584406e-03,2.313419e-02,1.488609e-02,3.491671e-02,4.450253e-03,1.754058e-03,3.094290e-01,1.429219e-03,5.546626e-01
7.163192e-03,3.774989e-03,1.788883e-02,2.468350e-03,2.247157e-03,5.468662e-03,3.924796e-03,1.634270e-02,1.446383e-02,4.284390e-02,4.309161e-03,1.320516e-03,2.186053e-01,2.205701e-03,6.569729e-01
5.376348e-03,2.815834e-03,1.260073e-02,1.750279e-03,2.011782e-03,4.029056e-03,2.754132e-03,1.145959e-02,1.256856e-02,3.161929e-02,3.824514e-03,9.408898e-04,1.532499e-01,3.191262e-03,7.518078e-01
4.776393e-03,2.215533e-03,8.926185e-03,1.228031e-03,1.756961e-02,2.989062e-03,1.941715e-03,8.028488e-03,1.058709e-02,2.243256e-02,5.915969e-03,6.769988e-04,1.075903e-01,1.504634e-02,7.900757e-01
4.388916e-03,2.136711e-03,6.406441e-03,8.689116e-04,1.422430e-02,2.749548e-03,1.366180e-03,5.623612e-03,1.226620e-02,1.693156e-02,8.988127e-03,5.621659e-04,7.589540e-02,3.054929e-02,8.170426e-01
3.637517e-03,2.161307e-03,4.675473e-03,6.389943e-04,1.026701e-02,4.377656e-03,9.907056e-04,3.940536e-03,5.256109e-02,1.630915e-02,1.143918e-02,8.738401e-04,5.405077e-02,4.359426e-02,7.904826e-01
3.427039e-03,1.874543e-03,3.359705e-03,4.678051e-04,7.354397e-03,4.380953e-03,7.222454e-04,2.761064e-03,1.440400e-01,1.206511e-02,1.506167e-02,7.594078e-04,3.838167e-02,4.422372e-02,7.211207e-01
5.139154e-03,1.774895e-03,2.520447e-03,4.118554e-04,5.280427e-03,5.156049e-03,5.267324e-04,1.938990e-03,1.975935e-01,1.677520e-02,2.108147e-02,1.031422e-03,2.771537e-02,8.939823e-02,6.236563e-01
5.858642e-03,1.640079e-03,2.481786e-03,3.410095e-04,3.867842e-03,5.495341e-03,4.196507e-04,1.380965e-03,1.968135e-01,5.147914e-02,2.189529e-02,2.143049e-03,2.156639e-02,1.957199e-01,4.888974e-01
6.507989e-03,2.942360e-03,2.599719e-03,5.013745e-04,3.276578e-03,7.878448e-03,5.969494e-04,1.096274e-03,1.723931e-01,9.225108e-02,3.003670e-02,1.072341e-02,2.736952e-02,2.059047e-01,4.359218e-01
7.964248e-03,3.940075e-03,8.048009e-03,1.034382e-03,3.952023e-03,7.033789e-03,9.765472e-04,2.041704e-03,1.596018e-01,1.827134e-01,6.967221e-02,1.467212e-02,3.052174e-02,1.795821e-01,3.282459e-01
6.704543e-03,3.545997e-03,6.541735e-03,1.147026e-03,4.418695e-03,5.655910e-03,8.499138e-04,3.140792e-03,1.454889e-01,3.291784e-01,6.915300e-02,1.563185e-02,3.022289e-02,1.396830e-01,2.386375e-01
8.346624e-03,7.324396e-03,1.903212e-02,7.744089e-03,1.862942e-02,5.045767e-03,2.000484e-03,3.440358e-02,1.608257e-01,3.291821e-01,8.981096e-02,1.416102e-02,2.981183e-02,1.044176e-01,1.692644e-01
1.349744e-02,1.973537e-02,7.115313e-02,1.617970e-02,2.844124e-02,5.738445e-03,1.654271e-03,6.962208e-02,1.829586e-01,2.833266e-01,7.269420e-02,1.025365e-02,2.280840e-02,7.963327e-02,1.223036e-01
3.456526e-02,2.873215e-02,7.360492e-02,2.743258e-02,6.830141e-02,1.119799e-02,2.019187e-03,6.686509e-02,2.087133e-01,2.442480e-01,5.670317e-02,7.410546e-03,1.667573e-02,6.201151e-02,9.151921e-02
4.976583e-02,2.883511e-02,6.751680e-02,6.677964e-02,1.485115e-01,2.237084e-02,4.684791e-03,7.411272e-02,1.802044e-01,1.785856e-01,4.269334e-02,5.599298e-03,1.225776e-02,5.054563e-02,6.753676e-02
8.301735e-02,4.509213e-02,6.296181e-02,5.660371e-02,1.567810e-01,2.321038e-02,6.604298e-03,6.198422e-02,1.800657e-01,1.755373e-01,3.392278e-02,4.363227e-03,9.110063e-03,4.270825e-02,5.803792e-02
9.300622e-02,4.616909e-02,4.711885e-02,9.225038e-02,1.875756e-01,3.818996e-02,1.280771e-02,5.588046e-02,1.763566e-01,1.345707e-01,2.640385e-02,3.808861e-03,7.106367e-03,3.485336e-02,4.390205e-02
8.567554e-02,4.477709e-02,8.205564e-02,1.046723e-01,1.846828e-01,5.632827e-02,1.101812e-02,9.226356e-02,1.446321e-01,9.828047e-02,2.114072e-02,3.520882e-03,5.841225e-03,2.979412e-02,3.531726e-02
8.412830e-02,4.059474e-02,1.152612e-01,1.199769e-01,1.782854e-01,6.424572e-02,9.102827e-03,1.180927e-01,1.229780e-01,7.024978e-02,1.902017e-02,3.136400e-03,4.605113e-03,2.412524e-02,2.619757e-02
5.987936e-02,2.985803e-02,8.736584e-02,2.525587e-01,1.266761e-01,4.530829e-02,6.414828e-03,8.309311e-02,8.756176e-02,4.963204e-02,1.270171e-01,4.787716e-03,3.756734e-03,1.726742e-02,1.882292e-02
4.254633e-02,2.141387e-02,6.283887e-02,2.466126e-01,9.000348e-02,3.189179e-02,4.501456e-03,5.875947e-02,6.342856e-02,3.565530e-02,2.942340e-01,1.794382e-02,3.728406e-03,1.289336e-02,1.354861e-02
3.038631e-02,1.545430e-02,4.483555e-02,1.948953e-01,6.354814e-02,2.268442e-02,3.160715e-03,4.126148e-02,4.632654e-02,2.742764e-02,4.301000e-01,5.425293e-02,5.441989e-03,1.057323e-02,9.651396e-03
2.198442e-02,1.089280e-02,3.175700e-02,1.469229e-01,4.991465e-02,1.640062e-02,2.276057e-03,2.925443e-02,3.306137e-02,2.171244e-02,5.034451e-01,6.820083e-02,6.113645e-03,5.116062e-02,6.903135e-03
1.644031e-02,7.699686e-03,2.246956e-02,1.091020e-01,3.931312e-02,1.258683e-02,1.650818e-03,2.071159e-02,2.366351e-02,1.672263e-02,5.804586e-01,7.869234e-02,5.592543e-03,5.992600e-02,4.970490e-03
1.250091e-02,5.603144e-03,1.596850e-02,7.738096e-02,4.171281e-02,9.117576e-03,1.174048e-03,1.480598e-02,1.697571e-02,1.388653e-02,6.489308e-01,7.219437e-02,4.615171e-03,6.158470e-02,3.548874e-03
9.399830e-03,4.000755e-03,1.136862e-02,5.566922e-02,3.581690e-02,7.418582e-03,8.341679e-04,1.063496e-02,1.219503e-02,1.494163e-02,7.052564e-01,7.211982e-02,4.064177e-03,5.372872e-02,2.551276e-03
7.479005e-03,2.897238e-03,8.219924e-03,3.949428e-02,4.069905e-02,5.902691e-03,6.398801e-04,8.275103e-03,8.767090e-03,1.158933e-02,7.511629e-01,6.269342e-02,3.286290e-03,4.687211e-02,2.021738e-03
6.382442e-03,3.846322e-03,6.591903e-03,2.781075e-02,3.813723e-02,4.464734e-03,4.667720e-04,6.295794e-03,6.372498e-03,1.070510e-02,7.794968e-01,5.702685e-02,2.529855e-03,4.827429e-02,1.598628e-03
8.010494e-03,5.700867e-03,1.533565e-02,1.999817e-02,3.151917e-02,3.901763e-03,3.919806e-04,8.100470e-03,5.603900e-03,1.535690e-02,7.817206e-01,4.947490e-02,2.142801e-03,5.114964e-02,1.592745e-03
9.043381e-03,1.250734e-02,3.865294e-02,1.454103e-02,2.500628e-02,3.917906e-03,4.525072e-04,1.086086e-02,1.477583e-02,1.999379e-02,7.335920e-01,4.117680e-02,2.333955e-03,7.083025e-02,2.315128e-03
1.557390e-02,2.100641e-02,4.492587e-02,1.120265e-02,2.206203e-02,5.162794e-03,6.815703e-04,1.111660e-02,2.431438e-02,3.020495e-02,6.803030e-01,3.586616e-02,2.602267e-03,9.178717e-02,3.190338e-03
3.161541e-02,2.311589e-02,4.085010e-02,9.286435e-03,2.471738e-02,7.380125e-03,1.227444e-03,1.563067e-02,7.680109e-02,4.700579e-02,5.759888e-01,3.324525e-02,5.969696e-03,1.036573e-01,3.508689e-03
4.048943e-02,3.872653e-02,3.446725e-02,8.498634e-03,2.590731e-02,9.293362e-03,1.012698e-03,2.766152e-02,1.417208e-01,4.429313e-02,5.091069e-01,2.421159e-02,5.126646e-03,8.623626e-02,3.248029e-03
4.546740e-02,4.782911e-02,2.633000e-02,7.313669e-03,2.149609e-02,8.824773e-03,7.989219e-04,3.206165e-02,1.716364e-01,6.253207e-02,4.769057e-01,1.748952e-02,4.325344e-03,7.421172e-02,2.777620e-03
4.421364e-02,5.462027e-02,2.151048e-02,7.773926e-03,1.886129e-02,8.914310e-03,6.356865e-04,5.861224e-02,2.839429e-01,5.284588e-02,3.738782e-01,1.262036e-02,3.442895e-03,5.604196e-02,2.085957e-03
5.193646e-02,7.118320e-02,1.681205e-02,7.556119e-03,2.613843e-02,1.017117e-02,6.252404e-04,7.381720e-02,3.350987e-01,4.529176e-02,3.027389e-01,9.177088e-03,2.800314e-03,4.499910e-02,1.654249e-03
5.600423e-02,5.615132e-02,1.571350e-02,4.431896e-02,7.370387e-02,1.184990e-02,1.168180e-03,1.356300e-01,3.129527e-01,3.292870e-02,2.167579e-01,7.022313e-03,2.238980e-03,3.213732e-02,1.422139e-03
7.067745e-02,4.362937e-02,5.175772e-02,1.175397e-01,8.783650e-02,1.583789e-02,1.225028e-03,1.695807e-01,2.333785e-01,2.377081e-02,1.534591e-01,5.626231e-03,1.758642e-03,2.266109e-02,1.261127e-03
1.178899e-01,5.196370e-02,5.006160e-02,1.129403e-01,1.422162e-01,2.485898e-02,1.102420e-03,1.222432e-01,2.207049e-01,2.018065e-02,1.103084e-01,5.311338e-03,1.491773e-03,1.682136e-02,1.905177e-03
1.751327e-01,4.301299e-02,4.490685e-02,1.365416e-01,1.355098e-01,2.486533e-02,1.621761e-03,1.174176e-01,1.981252e-01,1.471879e-02,8.244983e-02,8.291084e-03,2.038759e-03,1.293379e-02,2.433894e-03
2.524631e-01,5.394029e-02,3.403715e-02,1.146364e-01,1.476207e-01,2.207054e-02,1.335337e-03,8.393716e-02,1.865197e-01,1.069787e-02,6.424639e-02,1.196203e-02,2.848319e-03,1.037525e-02,3.309760e-03
2.329721e-01,4.008874e-02,2.488531e-02,1.581053e-01,1.824138e-01,7.436531e-02,1.220923e-03,6.718925e-02,1.371758e-01,7.619486e-03,4.909024e-02,1.149500e-02,3.072431e-03,7.445630e-03,2.860673e-03
2.569817e-01,3.056537e-02,1.984210e-02,1.693912e-01,1.382110e-01,7.503065e-02,1.810272e-03,4.882383e-02,1.103815e-01,8.692760e-03,4.324172e-02,5.928222e-02,2.823166e-02,5.840783e-03,3.673255e-03
1.861280e-01,2.301863e-02,1.537001e-02,2.349285e-01,9.967990e-02,7.124165e-02,1.458179e-03,3.444571e-02,8.377872e-02,1.309717e-02,6.292912e-02,1.100465e-01,5.486837e-02,4.293043e-03,4.716475e-03
1.404628e-01,1.641448e-02,1.157151e-02,1.829354e-01,7.749347e-02,5.962888e-02,1.378496e-03,2.452990e-02,6.718902e-02,2.087248e-02,8.524155e-02,2.599908e-01,4.442055e-02,3.398425e-03,4.472200e-03
1.080963e-01,1.166904e-02,8.364229e-03,1.305758e-01,5.860993e-02,5.030320e-02,1.190834e-03,1.738027e-02,5.151851e-02,2.651763e-02,1.019443e-01,3.940997e-01,3.285934e-02,2.764490e-03,4.106540e-03
7.748349e-02,8.378612e-03,5.993962e-03,9.174123e-02,4.352889e-02,3.852066e-02,8.950552e-04,1.226739e-02,3.798122e-02,2.299990e-02,1.144567e-01,5.165647e-01,2.393503e-02,2.096216e-03,3.156993e-03
5.780112e-02,6.432370e-03,4.337128e-03,6.452908e-02,3.643726e-02,2.884847e-02,6.743304e-04,8.609789e-03,2.829589e-02,8.831789e-02,1.353937e-01,5.174084e-01,1.742923e-02,2.088164e-03,3.397242e-03
4.495523e-02,6.054833e-03,3.577912e-03,4.530312e-02,4.332119e-02,2.147074e-02,5.193729e-04,6.149085e-03,2.289497e-02,9.019092e-02,1.753254e-01,5.224410e-01,1.285720e-02,2.052718e-03,2.886347e-03
3.200540e-02,5.134715e-03,2.937921e-03,3.180763e-02,8.538444e-02,1.607222e-02,4.238546e-04,4.478055e-03,2.104244e-02,1.096728e-01,1.773348e-01,4.996588e-01,9.857276e-03,1.878519e-03,2.311128e-03
2.283757e-02,4.219288e-03,2.164676e-03,2.236337e-02,6.718960e-02,1.247522e-02,4.708106e-04,3.256055e-03,1.651197e-02,2.226300e-01,1.408964e-01,4.737035e-01,7.780362e-03,1.534811e-03,1.966344e-03
1.609747e-02,3.175011e-03,1.591177e-03,1.568859e-02,4.960516e-02,1.482974e-02,4.265860e-04,2.345531e-03,1.297596e-02,4.128880e-01,1.112197e-01,3.411376e-01,1.541457e-02,1.132443e-03,1.472521e-03
1.133789e-02,2.409763e-03,1.130380e-03,1.101811e-02,3.537871e-02,1.160230e-02,3.645588e-04,1.668654e-03,1.014346e-02,5.127214e-01,1.233777e-01,2.447606e-01,3.186557e-02,1.051069e-03,1.169914e-03
8.005041e-03,1.815305e-03,8.040480e-04,7.743228e-03,2.533923e-02,8.345718e-03,3.342642e-04,1.287996e-03,8.553166e-03,4.825774e-01,2.003333e-01,1.818794e-01,7.092551e-02,1.178136e-03,8.783528e-04
5.755014e-03,3.294545e-03,7.421004e-04,5.711096e-03,2.245919e-02,1.156580e-02,3.258140e-04,1.328313e-03,3.731468e-02,3.532350e-01,2.817278e-01,1.561373e-01,1.176008e-01,1.827551e-03,9.749926e-04
4.517829e-03,7.287632e-03,7.672420e-04,4.821746e-03,2.351893e-02,1.885227e-02,4.940865e-04,4.266398e-03,7.559272e-02,2.992594e-01,2.871090e-01,1.322999e-01,1.348210e-01,3.862726e-03,2.529189e-03
3.524215e-03,8.518266e-03,3.990399e-03,8.880537e-03,3.030920e-02,2.996387e-02,2.179588e-03,1.509578e-01,1.283643e-01,2.146462e-01,2.133488e-01,9.513246e-02,1.044242e-01,3.511346e-03,2.248850e-03
3.697342e-03,1.479011e-02,2.159898e-02,2.852831e-02,6.296726e-02,3.219307e-02,2.596779e-03,1.190380e-01,2.666955e-01,1.520983e-01,1.505013e-01,6.707807e-02,7.354748e-02,2.832912e-03,1.836592e-03
5.676160e-03,1.815579e-02,2.076994e-02,2.269694e-02,7.585819e-02,1.063745e-01,3.855934e-03,8.777631e-02,3.155019e-01,1.302276e-01,1.081483e-01,4.863673e-02,5.191392e-02,2.942547e-03,1.465253e-03
1.453335e-02,1.736137e-02,1.898901e-02,3.291664e-02,1.256176e-01,1.465210e-01,5.984405e-03,6.941526e-02,3.159124e-01,9.914024e-02,7.776421e-02,3.542926e-02,3.687858e-02,2.223906e-03,1.312813e-03
2.928053e-02,2.123488e-02,1.972164e-02,3.499598e-02,1.432973e-01,1.709895e-01,6.251059e-03,5.183491e-02,2.813877e-01,1.239455e-01,6.078612e-02,2.668946e-02,2.614509e-02,1.992087e-03,1.448292e-03
6.120672e-02,1.964461e-02,1.464732e-02,3.713274e-02,1.374725e-01,1.562426e-01,5.276763e-03,4.395833e-02,2.453150e-01,1.811937e-01,5.181662e-02,2.092550e-02,1.926847e-02,2.669639e-03,3.229543e-03
1.052886e-01,2.331465e-02,1.371706e-02,5.969154e-02,1.230166e-01,1.629813e-01,4.233412e-03,4.147391e-02,1.963232e-01,1.771260e-01,4.783685e-02,1.836873e-02,1.515577e-02,5.841096e-03,5.631435e-03
1.594139e-01,2.091718e-02,1.198754e-02,5.333761e-02,9.616644e-02,1.289143e-01,3.256779e-03,3.046452e-02,1.551290e-01,2.560252e-01,4.097622e-02,1.628314e-02,1.237934e-02,5.603869e-03,9.144997e-03
2.350469e-01,2.277961e-02,1.133265e-02,6.370937e-02,8.823282e-02,1.016879e-01,2.821303e-03,2.465253e-02,1.447948e-01,2.103314e-01,4.082415e-02,1.993743e-02,1.128740e-02,7.615748e-03,1.494605e-02
1.909522e-01,4.062719e-02,1.484034e-02,1.178376e-01,1.285427e-01,7.907607e-02,2.892094e-03,3.074955e-02,1.421485e-01,1.521530e-01,3.448654e-02,2.490009e-02,1.246688e-02,6.496610e-03,2.183060e-02
1.668919e-01,3.500450e-02,2.077550e-02,1.700423e-01,9.426468e-02,5.723217e-02,2.176681e-03,2.454898e-02,1.314139e-01,1.332333e-01,3.092978e-02,1.979455e-02,1.151226e-02,6.906499e-03,9.527306e-02
1.510296e-01,2.905570e-02,3.305986e-02,1.277434e-01,6.840347e-02,4.149522e-02,1.888393e-03,1.861446e-02,1.218948e-01,9.960000e-02,2.452554e-02,1.513337e-02,1.058061e-02,1.870190e-02,2.382738e-01
1.497185e-01,2.408724e-02,4.881206e-02,9.641326e-02,5.236658e-02,3.162560e-02,2.001642e-03,1.471705e-02,9.818155e-02,7.514412e-02,2.154617e-02,1.276262e-02,9.957633e-03,7.642560e-02,2.862404e-01
2.221530e-01,2.110505e-02,4.800383e-02,8.749414e-02,4.456792e-02,2.527275e-02,2.831062e-03,1.456336e-02,9.549497e-02,5.495639e-02,2.457293e-02,1.939029e-02,1.108960e-02,1.019732e-01,2.265315e-01
3.004090e-01,1.878230e-02,4.311717e-02,6.864990e-02,4.671458e-02,2.067763e-02,2.638116e-03,1.338426e-02,9.124070e-02,3.979686e-02,2.491180e-02,1.874362e-02,1.060628e-02,1.157241e-01,1.846037e-01
