1.000000e+00,0.000000e+00,0.000000e+00,0.000000e+00,0.000000e+00,0.000000e+00,0.000000e+00,0.000000e+00,0.000000e+00,0.000000e+00,0.000000e+00,0.000000e+00,0.000000e+00,0.000000e+00,0.000000e+00
1.000000e+00,0.000000e+00,0.000000e+00,0.000000e+00,0.000000e+00,0.000000e+00,0.000000e+00,0.000000e+00,0.000000e+00,0.000000e+00,0.000000e+00,0.000000e+00,0.000000e+00,0.000000e+00,0.000000e+00
1.000000e+00,0.000000e+00,0.000000e+00,0.000000e+00,0.000000e+00,0.000000e+00,0.000000e+00,0.000000e+00,0.000000e+00,0.000000e+00,0.000000e+00,0.000000e+00,0.000000e+00,0.000000e+00,0.000000e+00
1.000000e+00,0.000000e+00,0.000000e+00,0.000000e+00,0.000000e+00,0.000000e+00,0.000000e+00,0.000000e+00,0.000000e+00,0.000000e+00,0.000000e+00,0.000000e+00,0.000000e+00,0.000000e+00,0.000000e+00
1.000000e+00,0.000000e+00,0.000000e+00,0.000000e+00,0.000000e+00,0.000000e+00,0.000000e+00,0.000000e+00,0.000000e+00,0.000000e+00,0.000000e+00,0.000000e+00,0.000000e+00,0.000000e+00,0.000000e+00
1.000000e+00,0.000000e+00,0.000000e+00,0.000000e+00,0.000000e+00,0.000000e+00,0.000000e+00,0.000000e+00,0.000000e+00,0.000000e+00,0.000000e+00,0.000000e+00,0.000000e+00,0.000000e+00,0.000000e+00
1.000000e+00,0.000000e+00,0.000000e+00,0.000000e+00,0.000000e+00,0.000000e+00,0.000000e+00,0.000000e+00,0.000000e+00,0.000000e+00,0.000000e+00,0.000000e+00,0.000000e+00,0.000000e+00,0.000000e+00
1.000000e+00,0.000000e+00,0.000000e+00,0.000000e+00,0.000000e+00,0.000000e+00,0.000000e+00,0.000000e+00,0.000000e+00,0.000000e+00,0.000000e+00,0.000000e+00,0.000000e+00,0.000000e+00,0.000000e+00
1.000000e+00,0.000000e+00,0.000000e+00,0.000000e+00,0.000000e+00,0.000000e+00,0.000000e+00,0.000000e+00,0.000000e+00,0.000000e+00,0.000000e+00,0.000000e+00,0.000000e+00,0.000000e+00,0.000000e+00
1.000000e+00,0.000000e+00,0.000000e+00,0.000000e+00,0.000000e+00,0.000000e+00,0.000000e+00,0.000000e+00,0.000000e+00,0.000000e+00,0.000000e+00,0.000000e+00,0.000000e+00,0.000000e+00,0.000000e+00
1.000000e+00,0.000000e+00,0.000000e+00,0.000000e+00,0.000000e+00,0.000000e+00,0.000000e+00,0.000000e+00,0.000000e+00,0.000000e+00,0.000000e+00,0.000000e+00,0.000000e+00,0.000000e+00,0.000000e+00
1.000000e+00,0.000000e+00,0.000000e+00,0.000000e+00,0.000000e+00,0.000000e+00,0.000000e+00,0.000000e+00,0.000000e+00,0.000000e+00,0.000000e+00,0.000000e+00,0.000000e+00,0.000000e+00,0.000000e+00
1.000000e+00,0.000000e+00,0.000000e+00,0.000000e+00,0.000000e+00,0.000000e+00,0.000000e+00,0.000000e+00,0.000000e+00,0.000000e+00,0.000000e+00,0.000000e+00,0.000000e+00,0.000000e+00,0.000000e+00
1.000000e+00,0.000000e+00,0.000000e+00,0.000000e+00,0.000000e+00,0.000000e+00,0.000000e+00,0.000000e+00,0.000000e+00,0.000000e+00,0.000000e+00,0.000000e+00,0.000000e+00,0.000000e+00,0.000000e+00
1.000000e+00,0.000000e+00,0.000000e+00,0.000000e+00,0.000000e+00,0.000000e+00,0.000000e+00,0.000000e+00,0.000000e+00,0.000000e+00,0.000000e+00,0.000000e+00,0.000000e+00,0.000000e+00,0.000000e+00
1.000000e+00,0.000000e+00,0.000000e+00,0.000000e+00,0.000000e+00,0.000000e+00,0.000000e+00,0.000000e+00,0.000000e+00,0.000000e+00,0.000000e+00,0.000000e+00,0.000000e+00,0.000000e+00,0.000000e+00
1.000000e+00,0.000000e+00,0.000000e+00,0.000000e+00,0.000000e+00,0.000000e+00,0.000000e+00,0.000000e+00,0.000000e+00,0.000000e+00,0.000000e+00,0.000000e+00,0.000000e+00,0.000000e+00,0.000000e+00
1.000000e+00,0.000000e+00,0.000000e+00,0.000000e+00,0.000000e+00,0.000000e+00,0.000000e+00,0.000000e+00,0.000000e+00,0.000000e+00,0.000000e+00,0.000000e+00,0.000000e+00,0.000000e+00,0.000000e+00
1.000000e+00,0.000000e+00,0.000000e+00,0.000000e+00,0.000000e+00,0.000000e+00,0.000000e+00,0.000000e+00,0.000000e+00,0.000000e+00,0.000000e+00,0.000000e+00,0.000000e+00,0.000000e+00,0.000000e+00
1.000000e+00,0.000000e+00,0.000000e+00,0.000000e+00,0.000000e+00,0.000000e+00,0.000000e+00,0.000000e+00,0.000000e+00,0.000000e+00,0.000000e+00,0.000000e+00,0.000000e+00,0.000000e+00,0.000000e+00
1.000000e+00,0.000000e+00,0.000000e+00,0.000000e+00,0.000000e+00,0.000000e+00,0.000000e+00,0.000000e+00,0.000000e+00,0.000000e+00,0.000000e+00,0.000000e+00,0.000000e+00,0.000000e+00,0.000000e+00
1.000000e+00,0.000000e+00,0.000000e+00,0.000000e+00,0.000000e+00,0.000000e+00,0.000000e+00,0.000000e+00,0.000000e+00,0.000000e+00,0.000000e+00,0.000000e+00,0.000000e+00,0.000000e+00,0.000000e+00
1.000000e+00,0.000000e+00,0.000000e+00,0.000000e+00,0.000000e+00,0.000000e+00,0.000000e+00,0.000000e+00,0.000000e+00,0.000000e+00,0.000000e+00,0.000000e+00,0.000000e+00,0.000000e+00,0.000000e+00
1.000000e+00,0.000000e+00,0.000000e+00,0.000000e+00,0.000000e+00,0.000000e+00,0.000000e+00,0.000000e+00,0.000000e+00,0.000000e+00,0.000000e+00,0.000000e+00,0.000000e+00,0.000000e+00,0.000000e+00
4.775499e-01,4.687562e-02,2.795613e-02,1.752180e-01,1.447775e-02,2.248080e-02,8.090281e-03,3.009472e-02,3.569294e-02,1.865493e-03,5.743390e-02,4.783332e-02,1.590381e-02,9.194666e-03,2.933263e-02
1.000000e+00,0.000000e+00,0.000000e+00,0.000000e+00,0.000000e+00,0.000000e+00,0.000000e+00,0.000000e+00,0.000000e+00,0.000000e+00,0.000000e+00,0.000000e+00,0.000000e+00,0.000000e+00,0.000000e+00
1.000000e+00,0.000000e+00,0.000000e+00,0.000000e+00,0.000000e+00,0.000000e+00,0.000000e+00,0.000000e+00,0.000000e+00,0.000000e+00,0.000000e+00,0.000000e+00,0.000000e+00,0.000000e+00,0.000000e+00
1.000000e+00,0.000000e+00,0.000000e+00,0.000000e+00,0.000000e+00,0.000000e+00,0.000000e+00,0.000000e+00,0.000000e+00,0.000000e+00,0.000000e+00,0.000000e+00,0.000000e+00,0.000000e+00,0.000000e+00
1.000000e+00,0.000000e+00,0.000000e+00,0.000000e+00,0.000000e+00,0.000000e+00,0.000000e+00,0.000000e+00,0.000000e+00,0.000000e+00,0.000000e+00,0.000000e+00,0.000000e+00,0.000000e+00,0.000000e+00
4.409570e-01,5.537822e-02,3.312057e-02,1.746750e-01,2.290981e-02,3.438300e-02,1.077938e-02,3.614432e-02,3.063293e-02,3.006037e-03,3.387217e-02,5.013903e-02,2.616848e-02,7.515809e-03,4.031827e-02
3.483127e-01,6.496101e-02,4.828763e-02,2.628406e-01,2.140208e-02,2.833568e-02,9.035747e-03,3.422765e-02,3.512437e-02,2.907485e-03,3.020914e-02,4.326748e-02,2.335121e-02,6.733175e-03,4.100401e-02
3.020828e-01,6.256582e-02,6.578282e-02,2.907228e-01,1.757336e-02,2.376137e-02,7.307631e-03,3.017786e-02,4.210136e-02,3.894539e-03,3.949709e-02,3.751269e-02,2.198513e-02,7.633376e-03,4.740136e-02
3.364574e-01,5.124922e-02,8.143492e-02,2.421023e-01,1.475685e-02,2.690873e-02,7.120461e-03,3.799677e-02,3.240531e-02,3.621218e-03,5.481514e-02,4.301844e-02,2.041414e-02,7.786226e-03,3.991284e-02
3.162070e-01,4.240528e-02,1.326090e-01,1.950359e-01,1.300373e-02,4.501306e-02,7.379811e-03,4.821672e-02,2.404121e-02,4.380061e-03,6.318241e-02,5.024379e-02,1.900005e-02,6.992221e-03,3.228972e-02
2.390725e-01,3.154712e-02,2.095879e-01,1.669264e-01,1.229571e-02,3.458229e-02,2.704762e-02,1.266003e-01,1.719748e-02,3.719151e-03,4.919847e-02,3.951821e-02,1.421281e-02,5.220820e-03,2.327315e-02
1.859107e-01,2.336286e-02,2.243584e-01,1.294093e-01,1.133899e-02,2.819227e-02,7.344512e-02,2.129569e-01,1.231800e-02,3.369590e-03,3.516898e-02,2.830452e-02,1.078903e-02,4.009232e-03,1.706617e-02
1.568079e-01,1.821654e-02,2.401163e-01,1.075294e-01,1.048466e-02,2.915688e-02,7.328160e-02,2.746891e-01,9.233352e-03,3.817302e-03,2.712032e-02,2.243696e-02,9.138394e-03,4.298239e-03,1.367306e-02
1.431228e-01,1.348694e-02,1.951808e-01,7.912350e-02,8.433905e-03,2.292767e-02,8.437591e-02,3.857794e-01,6.758038e-03,3.101225e-03,1.937713e-02,1.608492e-02,6.866838e-03,3.744087e-03,1.163680e-02
1.948481e-01,1.180195e-02,1.560499e-01,5.761569e-02,7.483624e-03,2.044328e-02,8.279105e-02,4.086689e-01,5.351453e-03,2.831848e-03,1.443524e-02,1.193526e-02,5.344355e-03,3.861084e-03,1.653823e-02
1.711732e-01,8.546354e-03,1.150961e-01,4.149763e-02,5.541371e-03,1.627948e-02,6.921811e-02,5.276541e-01,3.870907e-03,2.122564e-03,1.041835e-02,8.728801e-03,4.203076e-03,2.902597e-03,1.274748e-02
1.593967e-01,6.683757e-03,8.704592e-02,3.077154e-02,4.585797e-03,1.369172e-02,6.020790e-02,6.016225e-01,2.857025e-03,1.712490e-03,7.612679e-03,6.783690e-03,3.386112e-03,2.495359e-03,1.114686e-02
1.524578e-01,6.099308e-03,6.938582e-02,2.452246e-02,4.450915e-03,1.272674e-02,5.102709e-02,6.461702e-01,2.243153e-03,1.700358e-03,6.019561e-03,6.061271e-03,3.088452e-03,2.738025e-03,1.130885e-02
1.570096e-01,5.192420e-03,5.216443e-02,1.834072e-02,5.012286e-03,1.158404e-02,4.041232e-02,6.752539e-01,2.091997e-03,1.827475e-03,5.146357e-03,6.382058e-03,3.827785e-03,2.624369e-03,1.313019e-02
1.878501e-01,4.936684e-03,4.169638e-02,1.425230e-02,5.830981e-03,1.158212e-02,3.529687e-02,6.592553e-01,2.123774e-03,1.943623e-03,4.966990e-03,6.865259e-03,4.861927e-03,3.378384e-03,1.515931e-02
1.595060e-01,3.902685e-03,3.564567e-02,1.102917e-02,5.373785e-03,1.021793e-02,3.295532e-02,7.060380e-01,1.868070e-03,1.728239e-03,4.379532e-03,5.889920e-03,4.623605e-03,3.248391e-03,1.359364e-02
1.830294e-01,3.966766e-03,3.385123e-02,9.270364e-03,6.381803e-03,1.198667e-02,2.945093e-02,6.757928e-01,2.255569e-03,2.701068e-03,5.616633e-03,7.509384e-03,6.547067e-03,4.872924e-03,1.676736e-02
1.799631e-01,3.843071e-03,3.371986e-02,8.299243e-03,6.753933e-03,1.613927e-02,2.709513e-02,6.648215e-01,2.406342e-03,6.652233e-03,6.519489e-03,9.786251e-03,7.430953e-03,6.560527e-03,2.000904e-02
1.709474e-01,4.386947e-03,2.778765e-02,9.041137e-03,9.154595e-03,1.576936e-02,2.171410e-02,6.769779e-01,3.654641e-03,7.385823e-03,6.107978e-03,9.602998e-03,7.411977e-03,6.642114e-03,2.341532e-02
1.211154e-01,4.074633e-03,2.203893e-02,7.499962e-03,9.239132e-03,1.164854e-02,1.805964e-02,6.538594e-01,4.201364e-02,1.777257e-02,1.854907e-02,9.787465e-03,2.354641e-02,1.628819e-02,2.450690e-02
8.490678e-02,3.073224e-03,1.546146e-02,5.268493e-03,6.617727e-03,8.239444e-03,1.265192e-02,4.588598e-01,3.065142e-01,2.248892e-02,1.330526e-02,6.886581e-03,1.691901e-02,1.203640e-02,2.677073e-02
6.014059e-02,2.524813e-03,1.084431e-02,3.733282e-03,4.702291e-03,5.832928e-03,8.880228e-03,3.224699e-01,4.623528e-01,5.274344e-02,9.507847e-03,4.913850e-03,1.237121e-02,9.679492e-03,2.930302e-02
4.245252e-02,1.909650e-03,7.620755e-03,2.652675e-03,3.307638e-03,4.111941e-03,6.243625e-03,2.262852e-01,5.958694e-01,4.989164e-02,6.861432e-03,3.516963e-03,8.782340e-03,8.122967e-03,3.237125e-02
3.083240e-02,1.680776e-03,5.581965e-03,2.128742e-03,2.354210e-03,3.018018e-03,4.392932e-03,1.591017e-01,6.678358e-01,4.519246e-02,7.370800e-03,2.525229e-03,6.608966e-03,1.908436e-02,4.229157e-02
2.297099e-02,1.920990e-03,4.012913e-03,1.739382e-03,1.844820e-03,2.412290e-03,3.095609e-03,1.116802e-01,5.592899e-01,3.742185e-02,1.882695e-02,2.001342e-03,7.212709e-03,1.419027e-01,8.366734e-02
2.209624e-02,1.604852e-03,2.921534e-03,1.549407e-03,1.650394e-03,1.980440e-03,2.205467e-03,7.855914e-02,4.662769e-01,2.736924e-02,1.660447e-02,1.681625e-03,6.946037e-03,2.807464e-01,8.780789e-02
2.083945e-02,1.282483e-03,2.212651e-03,1.154789e-03,1.178727e-03,2.009291e-03,1.588538e-03,5.504076e-02,4.054653e-01,2.056074e-02,3.775057e-02,1.386364e-03,5.212715e-03,3.748875e-01,6.943019e-02
1.670443e-02,9.782589e-04,1.632764e-03,8.402976e-04,8.373039e-04,2.058290e-03,1.144542e-03,3.856806e-02,3.105426e-01,1.576357e-02,6.231581e-02,1.064113e-03,3.865823e-03,4.932953e-01,5.038890e-02
2.188968e-02,1.226351e-03,1.943089e-03,9.276047e-04,9.545002e-04,4.917020e-03,1.099277e-03,2.744607e-02,2.308802e-01,1.745250e-02,9.310307e-02,1.207901e-03,3.120585e-03,5.523947e-01,4.143745e-02
2.947335e-02,1.107243e-03,1.944351e-03,1.268768e-03,1.067406e-03,4.988199e-03,9.687098e-04,1.986633e-02,1.697549e-01,3.308154e-02,1.427823e-01,1.333006e-03,2.584483e-03,5.582949e-01,3.148456e-02
2.310431e-02,1.073601e-03,1.517099e-03,1.005825e-03,9.157021e-04,3.857949e-03,8.313761e-04,1.401950e-02,1.210887e-01,1.599950e-01,1.262488e-01,1.078758e-03,2.247601e-03,5.187184e-01,2.429734e-02
1.647335e-02,9.972653e-04,1.095092e-03,1.189842e-03,1.258321e-03,3.446346e-03,6.242362e-04,9.851435e-03,8.771757e-02,3.707576e-01,1.029155e-01,1.640718e-03,2.941942e-03,3.809680e-01,1.812273e-02
1.172367e-02,8.717995e-04,8.170435e-04,1.186133e-03,2.176539e-03,3.393784e-03,4.626741e-04,7.012330e-03,6.777191e-02,5.187262e-01,8.462102e-02,1.816465e-03,3.383755e-03,2.828189e-01,1.321776e-02
8.757242e-03,3.609984e-03,9.358646e-04,1.856132e-03,2.573004e-02,2.692634e-03,3.651262e-04,5.276448e-03,1.682870e-01,4.494617e-01,9.763402e-02,9.593311e-03,1.156124e-02,2.043717e-01,9.867584e-03
6.301406e-03,8.648099e-03,9.474448e-04,5.120382e-03,2.953508e-02,1.974933e-03,2.729116e-04,4.068051e-03,3.445475e-01,3.505763e-01,7.703592e-02,9.279907e-03,1.001305e-02,1.443277e-01,7.351251e-03
5.799959e-03,1.821838e-02,6.777375e-02,5.659889e-02,5.481511e-02,1.836346e-03,2.399766e-04,4.862200e-03,3.443711e-01,2.652196e-01,5.868703e-02,6.674493e-03,7.688907e-03,1.011470e-01,6.067252e-03
1.711818e-02,2.224346e-02,5.758669e-02,5.855193e-02,2.302657e-01,2.186425e-02,1.282639e-03,4.513574e-03,2.637560e-01,1.898700e-01,4.680106e-02,4.735857e-03,5.774985e-03,7.097130e-02,4.664310e-03
3.190443e-02,3.491740e-02,4.500968e-02,5.239118e-02,3.075464e-01,8.488038e-02,3.566889e-03,3.681022e-03,1.910816e-01,1.360169e-01,4.758954e-02,3.361288e-03,4.519583e-03,4.992645e-02,3.607240e-03
2.788365e-02,3.359110e-02,4.080404e-02,2.360471e-01,2.309889e-01,6.025480e-02,2.576638e-03,7.156929e-03,1.806483e-01,9.793145e-02,3.687314e-02,2.446818e-03,3.317672e-03,3.508835e-02,4.391075e-03
2.811575e-02,2.817770e-02,4.691085e-02,3.672492e-01,1.716551e-01,4.326490e-02,1.909468e-03,1.173135e-02,1.663539e-01,7.200734e-02,2.978306e-02,1.823633e-03,2.452502e-03,2.464397e-02,3.921361e-03
4.431868e-02,4.372356e-02,6.373738e-02,3.033417e-01,1.627734e-01,3.650074e-02,1.956637e-03,5.331986e-02,1.821110e-01,5.327101e-02,2.874022e-02,1.699105e-03,2.793034e-03,1.768462e-02,4.029067e-03
4.828654e-02,3.806114e-02,1.077252e-01,2.942177e-01,1.339933e-01,3.039143e-02,2.154835e-03,7.701907e-02,1.832419e-01,3.909317e-02,2.375673e-02,1.743985e-03,2.485643e-03,1.291865e-02,4.910717e-03
4.591547e-02,2.910122e-02,8.120194e-02,3.326820e-01,9.561284e-02,2.207909e-02,1.605276e-03,7.325822e-02,2.361278e-01,2.849264e-02,3.339746e-02,2.454813e-03,2.936966e-03,9.384907e-03,5.749327e-03
3.555209e-02,2.095260e-02,5.736744e-02,2.635390e-01,6.718662e-02,1.575766e-02,1.192322e-03,5.925939e-02,1.771546e-01,2.120697e-02,2.488370e-01,6.825967e-03,1.049427e-02,8.235803e-03,6.438199e-03
3.255896e-02,1.677072e-02,4.198731e-02,2.211867e-01,4.854883e-02,1.167636e-02,1.218916e-03,5.635129e-02,1.735875e-01,1.691617e-02,3.268830e-01,1.010057e-02,1.997506e-02,1.206708e-02,1.017161e-02
2.512349e-02,1.232423e-02,3.057364e-02,1.593165e-01,3.467992e-02,8.760655e-03,9.747332e-04,4.043645e-02,1.247314e-01,1.298039e-02,4.797594e-01,2.226322e-02,2.263168e-02,1.781052e-02,7.633868e-03
2.283616e-02,9.524853e-03,2.394315e-02,1.176702e-01,2.566645e-02,6.770655e-03,7.413374e-04,2.985546e-02,1.016206e-01,1.208277e-02,5.685867e-01,2.185288e-02,2.076852e-02,3.189234e-02,6.187924e-03
2.546534e-02,7.904926e-03,1.901110e-02,8.961929e-02,1.952361e-02,6.178970e-03,6.258455e-04,2.281594e-02,8.594655e-02,1.585607e-02,6.217808e-01,2.028894e-02,2.012549e-02,3.978845e-02,5.068682e-03
4.284880e-02,1.145276e-02,1.472210e-02,1.072343e-01,1.681227e-02,6.291458e-03,5.531091e-04,1.692010e-02,1.761059e-01,1.392872e-02,4.991876e-01,3.230795e-02,1.873564e-02,3.446144e-02,8.437788e-03
9.533364e-02,1.000745e-02,1.189820e-02,8.733568e-02,1.545180e-02,7.304008e-03,7.612746e-04,1.564891e-02,1.313004e-01,1.764301e-02,5.035207e-01,4.384805e-02,1.715817e-02,3.534662e-02,7.442079e-03
1.735396e-01,9.029670e-03,1.065016e-02,6.799830e-02,1.317350e-02,7.631229e-03,7.708344e-04,1.243052e-02,9.506994e-02,1.907260e-02,4.956158e-01,3.618966e-02,1.387402e-02,3.900257e-02,5.951673e-03
2.207253e-01,8.691564e-03,8.577247e-03,5.981945e-02,1.118015e-02,1.210993e-02,8.782819e-04,1.044536e-02,8.307217e-02,2.974786e-02,4.163856e-01,3.380188e-02,1.201264e-02,8.626356e-02,6.289018e-03
2.780823e-01,7.051828e-03,6.795482e-03,5.650349e-02,1.067346e-02,1.585319e-02,9.262323e-04,8.488597e-03,6.955508e-02,4.397880e-02,3.619832e-01,3.195050e-02,1.015887e-02,9.203048e-02,5.968522e-03
3.397220e-01,7.751573e-03,6.542808e-03,4.971015e-02,1.077535e-02,1.810459e-02,1.275923e-03,7.655940e-03,5.411347e-02,3.645110e-02,3.350421e-01,2.914094e-02,8.460234e-03,8.943844e-02,5.815335e-03
2.742805e-01,7.503827e-03,6.343091e-03,3.698774e-02,8.341842e-03,1.367967e-02,9.932126e-04,6.219909e-03,4.227535e-02,3.125631e-02,4.152166e-01,2.730766e-02,8.784084e-03,1.158834e-01,4.926771e-03
2.138661e-01,6.118072e-03,5.717927e-03,2.935022e-02,7.917527e-03,1.135352e-02,9.328090e-04,8.161371e-03,3.971466e-02,2.762896e-02,4.903079e-01,2.609862e-02,8.964236e-03,1.147030e-01,9.165112e-03
1.544481e-01,5.173033e-03,6.858085e-03,2.771576e-02,7.812790e-03,1.246313e-02,1.251576e-03,3.833206e-02,4.734550e-02,2.656357e-02,5.002655e-01,2.577332e-02,1.038660e-02,1.226771e-01,1.293392e-02
1.130904e-01,4.078364e-03,7.556296e-03,2.695723e-02,6.613993e-03,1.651141e-02,2.237004e-03,1.149709e-01,4.557808e-02,2.475541e-02,4.685127e-01,2.899296e-02,1.262681e-02,1.160819e-01,1.143656e-02
8.326251e-02,2.894869e-03,9.075665e-03,2.430549e-02,4.878419e-03,1.418889e-02,3.825492e-03,3.283929e-01,3.277121e-02,1.890872e-02,3.478459e-01,2.327382e-02,1.088280e-02,8.679927e-02,8.693937e-03
6.686948e-02,2.082061e-03,9.932780e-03,3.394445e-02,4.150700e-03,1.492952e-02,3.941084e-03,4.690732e-01,2.343929e-02,1.592422e-02,2.599643e-01,1.901353e-02,8.923657e-03,6.156868e-02,6.243038e-03
5.320666e-02,1.516932e-03,8.313259e-03,3.428559e-02,3.284285e-03,1.221115e-02,2.836555e-03,6.019849e-01,1.658144e-02,1.204188e-02,1.848788e-01,1.450899e-02,6.644959e-03,4.329856e-02,4.405980e-03
4.221295e-02,1.413004e-03,6.674798e-03,2.941728e-02,3.296199e-03,1.208834e-02,2.145596e-03,6.969607e-01,1.204099e-02,8.720691e-03,1.346387e-01,1.101581e-02,5.714977e-03,3.050331e-02,3.156537e-03
3.560650e-02,1.511406e-03,5.515666e-03,2.338252e-02,3.317157e-03,1.240065e-02,1.694643e-03,7.667111e-01,8.870364e-03,6.229151e-03,9.748723e-02,8.469792e-03,4.944488e-03,2.157618e-02,2.283103e-03
3.677474e-02,1.290337e-03,4.434714e-03,3.449637e-02,7.086530e-03,1.013884e-02,1.272261e-03,7.927220e-01,6.641441e-03,4.614275e-03,7.182230e-02,6.560082e-03,4.762888e-03,1.564723e-02,1.735888e-03
3.224314e-02,1.078671e-03,3.475252e-03,2.903481e-02,5.931169e-03,9.430394e-03,9.638428e-04,8.338442e-01,5.411766e-03,3.780694e-03,5.299971e-02,4.941984e-03,4.056206e-03,1.152742e-02,1.280636e-03
3.284728e-02,9.868409e-04,5.511344e-03,2.111268e-02,5.596736e-03,9.068348e-03,1.569518e-03,8.606141e-01,4.420765e-03,2.971360e-03,3.836014e-02,3.695033e-03,3.471917e-03,8.707434e-03,1.066463e-03
3.054990e-02,8.804977e-04,5.036415e-03,1.568785e-02,7.263205e-03,7.771995e-03,2.686111e-03,8.843249e-01,3.530164e-03,2.215508e-03,2.747202e-02,2.686953e-03,2.718417e-03,6.332209e-03,8.437302e-04
3.001060e-02,7.144461e-04,4.396328e-03,1.199995e-02,7.211026e-03,6.668830e-03,4.884098e-03,9.009036e-01,2.671662e-03,1.610679e-03,1.948025e-02,1.984191e-03,2.210780e-03,4.607352e-03,6.461467e-04
4.892982e-02,8.740273e-04,7.544247e-03,1.032686e-02,8.997211e-03,1.297613e-02,1.896652e-02,8.608015e-01,2.520721e-03,1.271503e-03,1.441375e-02,2.012010e-03,5.902971e-03,3.385030e-03,1.077649e-03
6.000070e-02,9.166212e-04,1.599341e-02,1.050438e-02,9.501456e-03,1.253340e-02,2.112815e-02,8.448241e-01,2.468416e-03,1.005566e-03,1.041108e-02,1.769584e-03,5.149670e-03,2.458366e-03,1.335048e-03
6.440529e-02,7.538372e-04,1.456460e-02,8.493595e-03,9.313617e-03,9.714704e-03,1.810925e-02,8.561952e-01,2.125072e-03,7.892700e-04,7.433975e-03,1.429758e-03,3.773697e-03,1.768763e-03,1.129325e-03
7.437175e-02,6.353619e-04,1.352998e-02,7.452852e-03,9.698437e-03,8.190832e-03,1.724519e-02,8.542098e-01,1.840431e-03,6.825723e-04,5.500250e-03,1.501119e-03,2.889876e-03,1.291958e-03,9.596156e-04
7.725499e-02,5.351147e-04,1.420975e-02,8.128363e-03,9.371514e-03,6.640042e-03,1.583855e-02,8.562415e-01,1.546486e-03,6.136002e-04,4.123747e-03,1.512455e-03,2.239519e-03,9.552412e-04,7.891065e-04
8.029404e-02,5.332658e-04,1.657675e-02,1.060646e-02,9.520955e-03,5.778842e-03,1.725025e-02,8.482994e-01,1.518900e-03,8.462769e-04,3.428681e-03,1.774497e-03,1.926024e-03,7.880888e-04,8.575462e-04
9.091263e-02,6.056982e-04,1.553892e-02,1.159775e-02,1.041935e-02,4.982478e-03,1.547655e-02,8.396822e-01,1.485651e-03,1.010060e-03,3.002752e-03,2.000933e-03,1.722480e-03,6.790108e-04,8.835364e-04
1.409913e-01,1.001687e-03,1.380947e-02,1.502553e-02,1.494298e-02,5.379473e-03,1.225838e-02,7.816191e-01,1.858097e-03,1.812684e-03,3.434495e-03,3.470929e-03,1.933021e-03,8.958007e-04,1.567095e-03
1.558113e-01,1.270549e-03,1.140342e-02,1.271274e-02,1.781470e-02,4.658676e-03,9.093276e-03,7.727791e-01,1.607216e-03,1.499031e-03,2.998668e-03,3.592293e-03,1.824684e-03,7.997688e-04,2.134520e-03
1.713064e-01,1.586913e-03,9.329594e-03,1.101771e-02,1.934130e-02,4.176909e-03,6.923700e-03,7.613941e-01,1.402954e-03,1.294039e-03,2.813509e-03,3.978373e-03,1.861144e-03,7.379688e-04,2.835367e-03
1.659872e-01,1.884840e-03,1.047294e-02,9.507062e-03,1.770579e-02,4.037847e-03,5.546257e-03,7.700202e-01,1.199300e-03,1.336932e-03,2.590051e-03,3.695207e-03,1.743107e-03,7.135407e-04,3.559709e-03
1.859823e-01,2.061758e-03,1.227172e-02,8.067425e-03,1.551942e-02,3.882920e-03,5.067623e-03,7.528257e-01,1.068872e-03,1.359102e-03,2.232146e-03,3.475557e-03,1.597691e-03,7.118697e-04,3.875769e-03
2.409497e-01,1.959028e-03,1.073260e-02,6.184131e-03,1.385756e-02,4.087767e-03,5.357628e-03,7.032285e-01,8.819446e-04,1.158751e-03,1.888166e-03,3.487024e-03,1.638079e-03,6.815470e-04,3.907492e-03
2.720016e-01,1.972344e-03,1.126401e-02,5.125364e-03,1.247901e-02,8.013124e-03,7.469956e-03,6.654536e-01,8.928487e-04,9.895245e-04,1.865701e-03,5.273780e-03,2.211875e-03,6.677252e-04,4.319603e-03
3.407136e-01,2.137089e-03,1.124303e-02,4.787673e-03,1.158390e-02,1.180113e-02,7.343335e-03,5.882396e-01,1.051676e-03,1.131679e-03,2.094066e-03,8.416898e-03,3.194601e-03,8.421397e-04,5.419699e-03
3.994174e-01,2.132412e-03,1.104817e-02,4.489736e-03,1.014674e-02,1.215464e-02,7.303264e-03,5.279449e-01,1.081196e-03,1.329315e-03,2.103978e-03,9.366439e-03,3.620720e-03,1.034746e-03,6.826427e-03
4.259676e-01,2.825410e-03,1.202706e-02,4.456978e-03,8.419684e-03,1.682723e-02,8.640744e-03,4.853825e-01,1.194492e-03,5.164354e-03,3.061096e-03,1.006565e-02,4.341725e-03,1.464199e-03,1.016132e-02
4.597380e-01,3.957763e-03,1.043777e-02,4.865319e-03,6.858971e-03,1.510938e-02,6.861098e-03,4.132951e-01,5.282348e-03,1.743212e-02,9.130523e-03,1.407964e-02,1.215417e-02,6.269844e-03,1.452804e-02
3.650314e-01,4.884619e-03,8.502843e-03,9.598391e-03,5.270640e-03,1.492560e-02,5.942397e-03,3.250036e-01,2.176665e-02,1.003650e-01,1.986009e-02,1.811987e-02,2.654874e-02,3.149972e-02,4.268049e-02
3.063596e-01,4.716310e-03,6.926910e-03,1.020166e-02,4.126812e-03,1.398986e-02,5.188109e-03,2.486676e-01,2.927115e-02,2.119464e-01,1.923704e-02,1.743220e-02,2.709595e-02,4.336898e-02,5.147147e-02
2.305728e-01,5.300812e-03,5.344820e-03,7.629662e-03,2.993034e-03,1.282580e-02,3.948094e-03,1.772217e-01,3.850285e-02,1.925215e-01,2.531734e-02,1.382331e-02,2.164308e-02,1.673937e-01,9.496158e-02
1.741031e-01,9.748791e-03,5.333617e-03,9.965561e-03,2.279870e-03,1.317844e-02,2.933671e-03,1.286992e-01,7.534595e-02,1.511140e-01,2.531772e-02,1.125247e-02,1.965270e-02,2.014108e-01,1.696641e-01
1.359029e-01,1.270253e-02,4.380244e-03,9.475537e-03,1.792996e-03,1.207493e-02,2.173681e-03,9.111268e-02,7.890084e-02,1.325006e-01,2.427465e-02,9.165519e-03,1.572211e-02,2.158421e-01,2.539788e-01
1.120292e-01,1.788334e-02,4.008100e-03,8.299126e-03,1.637326e-03,1.228599e-02,1.673841e-03,6.443033e-02,7.548932e-02,1.020324e-01,2.314022e-02,7.564573e-03,1.264894e-02,2.766393e-01,2.802379e-01
1.105680e-01,2.032257e-02,4.837815e-03,1.014701e-02,1.514779e-03,1.428247e-02,1.300242e-03,4.577485e-02,8.461408e-02,7.792943e-02,2.419412e-02,7.299099e-03,1.193387e-02,2.958996e-01,2.893821e-01
8.756562e-02,2.259901e-02,4.595394e-03,7.576528e-03,1.369042e-03,1.162133e-02,9.626018e-04,3.213865e-02,1.086763e-01,5.712015e-02,2.126435e-02,5.523484e-03,9.523561e-03,3.228573e-01,3.066067e-01
8.972729e-02,2.410587e-02,5.605971e-03,6.189628e-03,1.714609e-03,1.076995e-02,7.855699e-04,2.259150e-02,1.417062e-01,4.505308e-02,1.923880e-02,4.360549e-03,7.974371e-03,3.339461e-01,2.862305e-01
6.532548e-02,1.792228e-02,5.290971e-03,4.413687e-03,1.390551e-03,8.320700e-03,5.716488e-04,1.583449e-02,1.475454e-01,5.540908e-02,1.521403e-02,3.137969e-03,5.813521e-03,4.198212e-01,2.339890e-01
4.845721e-02,1.527585e-02,7.229280e-03,3.347758e-03,1.665368e-03,1.404659e-02,5.847021e-04,1.119089e-02,1.738848e-01,1.018223e-01,1.683211e-02,2.836416e-03,6.514606e-03,4.137667e-01,1.825455e-01
3.705679e-02,1.117027e-02,6.677289e-03,2.525764e-03,1.846197e-03,1.021277e-02,4.752103e-04,7.982114e-03,1.900601e-01,1.597695e-01,1.452829e-02,2.121170e-03,4.929926e-03,4.119608e-01,1.386838e-01
3.226700e-02,1.123349e-02,4.346284e-02,4.999179e-03,9.588231e-03,8.691848e-03,8.789235e-04,1.266354e-02,2.332169e-01,1.907104e-01,1.773695e-02,1.971897e-03,5.800339e-03,3.178840e-01,1.088944e-01
3.050835e-02,1.285543e-02,3.640694e-02,6.104302e-03,4.411374e-02,8.410846e-03,1.769588e-03,1.343088e-02,2.739226e-01,1.855525e-01,1.664391e-02,2.065213e-03,1.196735e-02,2.758631e-01,8.038532e-02
2.825392e-02,2.666977e-02,2.998987e-02,6.438577e-03,4.801767e-02,8.180385e-03,2.472693e-03,2.727095e-02,3.431117e-01,1.516834e-01,1.588376e-02,2.439336e-03,1.395302e-02,2.293583e-01,6.627661e-02
2.518154e-02,3.214076e-02,2.232964e-02,8.090970e-03,4.110119e-02,1.316631e-02,2.077801e-03,2.299097e-02,4.332222e-01,1.161318e-01,2.169053e-02,1.186491e-02,2.118654e-02,1.730093e-01,5.581558e-02
2.813492e-02,4.158213e-02,1.750428e-02,8.340929e-03,5.669954e-02,2.436843e-02,2.577140e-03,2.212821e-02,4.228539e-01,9.082813e-02,1.876369e-02,1.278103e-02,7.373446e-02,1.319776e-01,4.772570e-02
3.130514e-02,4.652975e-02,1.355361e-02,2.744588e-02,7.023666e-02,3.849912e-02,2.359579e-03,2.171065e-02,4.258844e-01,6.746326e-02,1.943128e-02,1.596282e-02,8.072808e-02,9.443104e-02,4.445875e-02
3.991202e-02,4.547717e-02,1.636364e-02,2.418194e-02,1.027441e-01,7.046282e-02,3.060146e-03,4.173454e-02,3.863121e-01,5.059928e-02,1.863729e-02,1.392938e-02,7.544374e-02,6.966379e-02,4.147799e-02
5.830485e-02,5.058671e-02,1.600691e-02,2.583827e-02,9.081141e-02,9.278260e-02,5.063968e-03,4.304526e-02,3.522678e-01,4.948742e-02,1.808663e-02,1.902528e-02,7.716425e-02,5.592747e-02,4.560120e-02
5.297570e-02,5.191613e-02,1.563729e-02,2.280246e-02,6.971370e-02,8.598506e-02,4.574550e-03,3.619711e-02,3.127152e-01,3.691429e-02,2.772383e-02,3.232366e-02,1.691927e-01,4.110240e-02,4.022602e-02
5.868335e-02,5.508247e-02,1.369269e-02,2.111427e-02,5.263928e-02,1.018906e-01,4.442537e-03,3.126532e-02,2.851204e-01,2.944697e-02,2.994706e-02,3.427804e-02,2.001096e-01,3.166979e-02,5.061759e-02
1.102366e-01,5.049377e-02,1.109461e-02,1.877057e-02,4.064253e-02,1.271009e-01,5.146540e-03,2.722952e-02,2.463390e-01,2.140774e-02,2.436531e-02,3.232850e-02,2.210780e-01,2.330431e-02,4.046211e-02
1.341990e-01,4.160557e-02,9.431973e-03,1.424502e-02,3.307458e-02,1.215309e-01,6.677896e-03,2.350867e-02,1.950940e-01,1.517953e-02,1.875801e-02,3.413502e-02,3.053151e-01,1.675250e-02,3.049218e-02
1.403312e-01,3.215491e-02,8.257207e-03,1.127582e-02,3.020526e-02,1.177455e-01,6.161570e-03,2.125266e-02,1.486003e-01,1.087319e-02,1.974544e-02,4.600564e-02,3.697208e-01,1.319464e-02,2.447581e-02
1.392393e-01,2.499240e-02,1.013124e-02,8.793553e-03,3.570188e-02,1.018759e-01,5.838919e-03,2.015446e-02,1.152603e-01,7.729087e-03,2.918135e-02,6.638475e-02,4.052839e-01,1.100451e-02,1.842843e-02
1.265331e-01,1.946874e-02,1.137570e-02,6.899647e-03,4.315138e-02,7.964120e-02,4.973257e-03,2.022886e-02,8.607176e-02,5.557543e-03,4.415564e-02,1.671287e-01,3.602065e-01,1.086028e-02,1.374781e-02
9.770108e-02,1.585259e-02,1.110655e-02,5.148826e-03,5.925621e-02,6.037343e-02,1.098811e-02,1.549820e-02,6.228244e-02,3.941062e-03,3.372536e-02,1.682864e-01,4.362860e-01,8.918041e-03,1.063568e-02
8.786796e-02,1.311203e-02,9.608859e-03,4.233619e-03,6.450896e-02,4.667043e-02,1.113375e-02,1.205426e-02,4.647473e-02,2.803006e-03,2.519134e-02,1.388636e-01,5.225072e-01,6.948332e-03,8.022023e-03
9.680705e-02,1.704980e-02,1.695942e-02,2.995427e-02,6.372334e-02,3.680182e-02,1.065918e-02,1.330531e-02,3.488095e-02,2.243815e-03,1.830358e-02,1.103991e-01,5.368716e-01,4.949010e-03,7.091852e-03
1.088400e-01,1.387134e-02,1.809772e-02,2.686497e-02,5.622523e-02,3.095720e-02,9.328095e-03,1.203277e-02,3.085853e-02,1.685736e-03,1.378271e-02,8.267791e-02,5.849472e-01,3.735035e-03,6.095568e-03
1.566240e-01,1.301102e-02,1.559645e-02,2.201303e-02,5.146747e-02,2.833358e-02,7.676694e-03,1.041782e-02,2.766927e-02,1.276797e-03,1.103786e-02,6.260176e-02,5.842113e-01,2.823724e-03,5.239261e-03
1.858632e-01,1.033933e-02,1.414379e-02,1.642730e-02,4.432014e-02,2.800412e-02,6.108773e-03,1.128491e-02,2.262369e-02,1.007648e-03,8.680560e-03,6.311059e-02,5.802895e-01,2.331254e-03,5.465164e-03
2.010833e-01,1.008692e-02,1.051684e-02,1.249917e-02,4.073734e-02,4.114834e-02,5.693583e-03,9.149984e-03,2.381988e-02,8.160952e-04,6.726232e-03,5.408480e-02,5.739261e-01,1.809829e-03,7.901662e-03
2.460253e-01,8.518261e-03,8.566583e-03,1.137199e-02,3.296722e-02,4.103477e-02,5.634866e-03,8.102127e-03,2.163270e-02,6.298014e-04,6.215279e-03,5.099166e-02,5.505072e-01,1.792712e-03,6.009543e-03
2.295513e-01,6.182752e-03,6.174915e-03,8.356147e-03,2.434122e-02,3.755306e-02,4.481553e-03,6.239520e-03,1.642538e-02,4.593416e-04,5.443111e-03,4.187511e-02,6.067723e-01,1.619549e-03,4.524802e-03
2.349462e-01,4.706733e-03,4.480395e-03,6.535730e-03,1.890542e-02,3.736606e-02,3.865796e-03,4.827167e-03,1.474987e-02,3.459894e-04,5.123667e-03,3.746654e-02,6.211396e-01,1.484256e-03,4.056667e-03
2.477760e-01,3.729898e-03,3.362792e-03,9.550613e-03,1.515236e-02,3.592423e-02,3.355725e-03,3.735042e-03,1.268066e-02,3.104681e-04,4.740605e-03,3.082383e-02,6.240187e-01,1.501519e-03,3.337614e-03
2.542894e-01,3.511977e-03,2.468669e-03,8.061863e-03,1.196883e-02,6.877204e-02,3.869591e-03,2.869596e-03,1.448293e-02,2.494506e-04,4.233587e-03,3.623181e-02,5.848383e-01,1.332449e-03,2.819646e-03
2.513104e-01,2.805503e-03,1.821682e-03,6.509820e-03,9.053436e-03,7.499889e-02,2.812987e-03,2.115433e-03,1.291875e-02,1.962473e-04,3.762953e-03,2.762498e-02,6.004269e-01,1.170565e-03,2.471476e-03
3.078947e-01,2.521870e-03,1.797015e-03,8.654851e-03,7.472126e-03,6.573223e-02,2.280128e-03,2.078268e-03,1.131968e-02,1.863520e-04,3.718897e-03,2.224601e-02,5.597839e-01,1.574348e-03,2.739594e-03
4.008324e-01,2.472457e-03,1.881139e-03,9.257775e-03,6.070496e-03,5.497161e-02,1.814206e-03,1.790285e-03,9.595191e-03,1.887500e-04,3.359675e-03,1.779765e-02,4.845417e-01,1.854695e-03,3.572044e-03
4.683213e-01,2.560066e-03,6.714471e-03,1.602496e-02,5.441523e-03,4.985583e-02,1.575460e-03,2.403102e-03,8.073658e-03,1.681588e-04,4.083124e-03,1.506582e-02,4.145352e-01,1.849247e-03,3.328093e-03
1.000000e+00,0.000000e+00,0.000000e+00,0.000000e+00,0.000000e+00,0.000000e+00,0.000000e+00,0.000000e+00,0.000000e+00,0.000000e+00,0.000000e+00,0.000000e+00,0.000000e+00,0.000000e+00,0.000000e+00
1.000000e+00,0.000000e+00,0.000000e+00,0.000000e+00,0.000000e+00,0.000000e+00,0.000000e+00,0.000000e+00,0.000000e+00,0.000000e+00,0.000000e+00,0.000000e+00,0.000000e+00,0.000000e+00,0.000000e+00
1.000000e+00,0.000000e+00,0.000000e+00,0.000000e+00,0.000000e+00,0.000000e+00,0.000000e+00,0.000000e+00,0.000000e+00,0.000000e+00,0.000000e+00,0.000000e+00,0.000000e+00,0.000000e+00,0.000000e+00
1.000000e+00,0.000000e+00,0.000000e+00,0.000000e+00,0.000000e+00,0.000000e+00,0.000000e+00,0.000000e+00,0.000000e+00,0.000000e+00,0.000000e+00,0.000000e+00,0.000000e+00,0.000000e+00,0.000000e+00
1.000000e+00,0.000000e+00,0.000000e+00,0.000000e+00,0.000000e+00,0.000000e+00,0.000000e+00,0.000000e+00,0.000000e+00,0.000000e+00,0.000000e+00,0.000000e+00,0.000000e+00,0.000000e+00,0.000000e+00
1.000000e+00,0.000000e+00,0.000000e+00,0.000000e+00,0.000000e+00,0.000000e+00,0.000000e+00,0.000000e+00,0.000000e+00,0.000000e+00,0.000000e+00,0.000000e+00,0.000000e+00,0.000000e+00,0.000000e+00
3.992436e-01,1.577878e-01,7.565353e-03,7.835414e-02,2.552931e-03,1.043214e-02,5.396563e-04,2.564033e-03,1.457387e-01,1.977344e-02,1.858227e-02,1.080287e-02,5.854824e-02,5.936523e-03,8.157829e-02
2.864712e-01,1.235898e-01,7.029809e-03,6.856216e-02,2.584233e-03,9.113177e-03,4.920537e-04,2.222797e-03,1.823347e-01,2.055511e-02,3.551214e-02,1.494390e-02,9.974157e-02,6.403441e-03,1.404440e-01
2.064510e-01,9.063335e-02,5.446533e-03,5.506534e-02,2.951292e-03,7.851455e-03,4.921430e-04,1.823919e-03,1.477815e-01,1.558252e-02,1.881664e-01,2.056664e-02,1.044336e-01,6.265790e-03,1.464885e-01
1.481436e-01,6.464543e-02,4.192622e-03,4.461719e-02,3.955718e-03,9.122867e-03,9.327172e-04,1.560318e-03,1.163139e-01,1.121275e-02,3.114493e-01,4.271179e-02,1.180699e-01,5.463699e-03,1.176081e-01
1.091413e-01,4.680088e-02,3.631750e-03,3.705660e-02,1.288493e-02,1.427024e-02,2.461627e-03,1.941093e-03,9.784620e-02,8.062460e-03,3.966202e-01,4.129002e-02,1.199032e-01,5.409750e-03,1.026798e-01
7.839517e-02,3.406810e-02,3.386188e-03,3.051865e-02,1.479195e-02,2.123478e-02,2.657253e-03,2.236937e-03,8.036085e-02,5.966507e-03,3.523874e-01,6.324357e-02,2.171014e-01,4.777778e-03,8.887351e-02
5.557723e-02,2.530341e-02,2.866104e-03,2.190804e-02,1.547301e-02,1.850219e-02,2.077234e-03,1.914079e-03,7.171853e-02,4.365630e-03,3.687909e-01,8.681799e-02,2.525534e-01,7.284621e-03,6.484768e-02
3.962723e-02,1.916359e-02,2.826413e-03,1.570332e-02,1.777235e-02,2.015113e-02,2.187724e-03,1.679046e-03,9.233948e-02,3.479084e-03,3.397951e-01,1.542024e-01,2.295209e-01,1.387517e-02,4.767708e-02
2.848122e-02,1.850436e-02,5.039110e-03,1.134377e-02,1.901951e-02,3.273137e-02,1.907320e-03,2.209067e-03,8.391050e-02,4.273104e-03,2.475383e-01,2.151294e-01,2.811752e-01,1.255424e-02,3.618354e-02
2.112750e-02,1.373254e-02,3.828083e-03,8.171435e-03,1.645547e-02,3.616363e-02,1.616815e-03,3.010802e-03,6.817642e-02,4.361507e-03,1.753594e-01,2.579325e-01,3.512970e-01,1.257742e-02,2.618939e-02
1.879279e-02,1.011978e-02,3.557499e-03,5.827116e-03,1.305311e-02,8.180282e-02,1.485277e-03,3.624454e-03,5.203043e-02,3.636515e-03,1.241700e-01,2.716773e-01,3.807471e-01,1.092971e-02,1.854618e-02
1.693263e-02,8.205366e-03,3.095462e-03,4.199293e-03,1.106134e-02,1.025712e-01,1.382237e-03,4.083959e-03,4.884214e-02,2.729625e-03,8.768557e-02,2.431310e-01,4.416853e-01,1.134852e-02,1.304641e-02
1.738507e-02,2.231461e-02,2.498246e-02,1.270378e-02,2.003841e-02,1.717212e-01,1.819820e-03,7.668813e-03,7.337459e-02,3.067967e-03,6.222884e-02,2.054090e-01,3.569361e-01,8.449300e-03,1.190010e-02
1.752803e-02,1.994278e-02,1.861275e-02,9.102867e-03,1.811892e-02,3.436950e-01,1.803360e-03,6.345178e-03,6.408723e-02,2.343765e-03,4.365323e-02,1.484917e-01,2.913623e-01,6.115339e-03,8.797596e-03
2.003265e-02,1.763085e-02,1.408474e-02,6.664774e-03,1.665992e-02,4.276119e-01,2.112638e-03,5.475243e-03,6.048715e-02,1.805454e-03,3.079452e-02,1.279047e-01,2.576311e-01,4.569765e-03,6.534604e-03
2.336195e-02,1.467649e-02,1.376284e-02,5.422998e-03,1.346686e-02,5.569488e-01,2.660788e-03,6.324043e-03,4.966143e-02,1.558302e-03,2.167196e-02,9.253767e-02,1.893205e-01,3.287875e-03,5.337517e-03
4.703938e-02,1.295104e-02,9.816276e-03,4.143476e-03,1.201265e-02,5.958009e-01,2.488998e-03,5.230569e-03,3.908200e-02,1.184422e-03,1.525833e-02,6.593237e-02,1.824099e-01,2.502660e-03,4.147066e-03
9.202035e-02,1.542630e-02,7.005665e-03,3.465400e-03,1.127070e-02,5.915000e-01,2.197302e-03,3.831195e-03,3.099876e-02,8.991454e-04,1.078380e-02,4.800104e-02,1.774147e-01,1.888361e-03,3.297242e-03
1.173606e-01,1.333227e-02,5.053951e-03,4.270301e-03,9.383045e-03,6.083944e-01,1.905609e-03,3.281522e-03,2.475111e-02,7.163198e-04,7.867936e-03,3.532998e-02,1.639151e-01,1.546393e-03,2.891540e-03
9.982623e-02,1.057625e-02,3.673097e-03,7.078246e-03,8.447902e-03,6.913204e-01,1.444013e-03,2.595681e-03,1.813102e-02,5.794811e-04,5.644320e-03,2.611021e-02,1.212065e-01,1.104540e-03,2.262142e-03
8.317943e-02,8.890349e-03,2.739543e-03,1.147827e-02,7.095029e-03,7.382185e-01,1.349104e-03,2.404381e-03,1.588875e-02,7.015356e-04,6.763034e-03,2.214294e-02,9.637720e-02,8.089753e-04,1.962920e-03
6.084063e-02,6.507475e-03,1.965638e-03,1.604587e-02,6.170311e-03,6.408361e-01,1.355245e-03,2.429185e-03,1.523110e-02,8.187045e-04,3.336400e-02,5.173494e-02,1.433046e-01,7.233704e-04,1.867286e-02
4.446016e-02,4.952808e-03,1.415736e-03,1.520871e-02,5.070296e-03,6.014506e-01,1.392222e-03,2.090962e-03,1.172904e-02,1.246425e-03,4.888343e-02,1.126882e-01,1.322866e-01,6.734286e-04,1.645146e-02
3.170865e-02,3.554375e-03,1.051707e-03,1.195290e-02,4.126702e-03,4.295247e-01,1.138658e-03,1.642943e-03,9.262769e-03,1.955008e-03,8.119637e-02,2.615747e-01,1.451134e-01,1.040755e-03,1.515629e-02
2.306481e-02,2.581312e-03,9.569186e-04,8.982173e-03,3.551175e-03,3.137729e-01,1.262859e-03,1.240378e-03,8.838879e-03,6.274501e-03,9.477817e-02,3.973793e-01,1.226261e-01,3.151788e-03,1.153887e-02
1.654796e-02,1.839440e-03,8.235069e-04,6.510083e-03,3.030328e-03,2.211431e-01,1.365789e-03,1.160705e-03,8.163374e-03,5.908223e-03,8.893350e-02,5.377454e-01,9.269847e-02,5.507674e-03,8.622484e-03
1.266262e-02,1.325230e-03,7.415787e-04,4.716633e-03,4.049568e-03,1.558415e-01,1.497171e-03,1.080026e-03,1.116569e-02,6.147301e-03,7.380283e-02,6.348202e-01,7.631478e-02,9.277280e-03,6.557680e-03
9.129816e-03,1.031391e-03,8.922217e-04,3.437560e-03,1.261550e-02,1.095197e-01,1.752232e-03,8.836604e-04,1.276710e-02,6.430469e-03,6.239472e-02,7.021641e-01,6.339960e-02,8.516035e-03,5.065994e-03
6.755402e-03,1.140280e-03,1.513486e-03,2.496524e-03,2.503420e-02,7.718700e-02,2.119261e-03,1.119561e-03,1.822089e-02,8.371563e-03,4.834855e-02,7.479847e-01,4.915017e-02,6.850018e-03,3.708412e-03
5.829524e-03,1.072566e-03,2.003506e-03,1.891335e-03,2.977571e-02,5.467522e-02,2.214621e-03,3.001735e-03,2.463875e-02,1.071944e-02,3.743453e-02,7.807350e-01,3.820253e-02,5.162141e-03,2.643452e-03
5.137734e-03,1.096250e-03,2.206886e-03,1.404855e-03,3.014118e-02,3.981292e-02,3.616505e-03,3.563891e-03,4.287823e-02,1.043950e-02,2.925363e-02,7.958380e-01,2.860406e-02,4.106836e-03,1.899609e-03
3.904355e-03,1.125974e-03,2.513267e-03,1.060618e-03,3.407760e-02,2.827336e-02,3.727626e-03,3.233475e-03,5.153034e-02,1.264830e-02,2.220042e-02,8.097106e-01,2.126786e-02,3.364143e-03,1.362140e-03
2.992344e-03,1.172195e-03,3.645058e-03,8.358940e-04,6.349845e-02,2.040404e-02,4.372695e-03,5.169746e-03,7.147229e-02,1.264278e-02,1.833635e-02,7.759395e-01,1.584248e-02,2.688051e-03,9.881405e-04
2.908226e-03,1.104872e-03,3.945722e-03,8.215129e-04,1.383555e-01,1.455118e-02,5.745382e-03,5.617760e-02,6.389316e-02,9.800333e-03,1.510641e-02,6.723648e-01,1.246922e-02,2.054766e-03,7.012947e-04
4.103201e-03,1.619583e-03,3.069581e-03,1.134424e-03,2.697992e-01,1.526303e-02,9.531476e-03,5.223374e-02,7.303735e-02,7.814656e-03,1.828157e-02,5.315518e-01,1.021168e-02,1.817973e-03,5.306819e-04
9.113273e-03,2.558197e-03,2.595890e-03,1.282068e-03,4.354889e-01,2.069716e-02,2.359832e-02,3.916160e-02,5.446890e-02,5.935569e-03,1.547242e-02,3.800660e-01,7.711221e-03,1.444232e-03,4.061293e-04
1.610697e-02,5.327900e-03,2.190148e-03,3.908698e-03,5.275661e-01,3.685942e-02,4.041189e-02,3.186426e-02,3.828663e-02,5.492998e-03,1.560611e-02,2.687743e-01,6.140532e-03,1.153787e-03,3.102525e-04
1.966818e-02,7.019890e-03,1.851911e-03,7.339392e-03,6.086463e-01,4.071878e-02,4.134109e-02,3.238793e-02,2.694308e-02,4.437186e-03,1.336132e-02,1.903210e-01,4.852689e-03,8.801997e-04,2.310696e-04
1.781321e-02,5.801996e-03,1.748196e-03,2.153292e-02,6.495039e-01,3.199298e-02,3.203806e-02,6.993173e-02,1.897577e-02,3.144801e-03,9.634049e-03,1.335508e-01,3.517032e-03,6.289738e-04,1.856227e-04
2.338747e-02,4.354978e-03,1.523771e-03,1.894780e-02,7.243837e-01,2.610620e-02,2.337365e-02,5.711867e-02,1.344249e-02,2.288367e-03,7.253242e-03,9.423728e-02,2.855493e-03,5.075234e-04,2.193895e-04
