1.000000e+00,0.000000e+00,0.000000e+00,0.000000e+00,0.000000e+00,0.000000e+00,0.000000e+00,0.000000e+00,0.000000e+00,0.000000e+00,0.000000e+00,0.000000e+00,0.000000e+00,0.000000e+00,0.000000e+00
1.000000e+00,0.000000e+00,0.000000e+00,0.000000e+00,0.000000e+00,0.000000e+00,0.000000e+00,0.000000e+00,0.000000e+00,0.000000e+00,0.000000e+00,0.000000e+00,0.000000e+00,0.000000e+00,0.000000e+00
1.000000e+00,0.000000e+00,0.000000e+00,0.000000e+00,0.000000e+00,0.000000e+00,0.000000e+00,0.000000e+00,0.000000e+00,0.000000e+00,0.000000e+00,0.000000e+00,0.000000e+00,0.000000e+00,0.000000e+00
1.000000e+00,0.000000e+00,0.000000e+00,0.000000e+00,0.000000e+00,0.000000e+00,0.000000e+00,0.000000e+00,0.000000e+00,0.000000e+00,0.000000e+00,0.000000e+00,0.000000e+00,0.000000e+00,0.000000e+00
1.000000e+00,0.000000e+00,0.000000e+00,0.000000e+00,0.000000e+00,0.000000e+00,0.000000e+00,0.000000e+00,0.000000e+00,0.000000e+00,0.000000e+00,0.000000e+00,0.000000e+00,0.000000e+00,0.000000e+00
1.000000e+00,0.000000e+00,0.000000e+00,0.000000e+00,0.000000e+00,0.000000e+00,0.000000e+00,0.000000e+00,0.000000e+00,0.000000e+00,0.000000e+00,0.000000e+00,0.000000e+00,0.000000e+00,0.000000e+00
1.000000e+00,0.000000e+00,0.000000e+00,0.000000e+00,0.000000e+00,0.000000e+00,0.000000e+00,0.000000e+00,0.000000e+00,0.000000e+00,0.000000e+00,0.000000e+00,0.000000e+00,0.000000e+00,0.000000e+00
1.000000e+00,0.000000e+00,0.000000e+00,0.000000e+00,0.000000e+00,0.000000e+00,0.000000e+00,0.000000e+00,0.000000e+00,0.000000e+00,0.000000e+00,0.000000e+00,0.000000e+00,0.000000e+00,0.000000e+00
1.000000e+00,0.000000e+00,0.000000e+00,0.000000e+00,0.000000e+00,0.000000e+00,0.000000e+00,0.000000e+00,0.000000e+00,0.000000e+00,0.000000e+00,0.000000e+00,0.000000e+00,0.000000e+00,0.000000e+00
1.000000e+00,0.000000e+00,0.000000e+00,0.000000e+00,0.000000e+00,0.000000e+00,0.000000e+00,0.000000e+00,0.000000e+00,0.000000e+00,0.000000e+00,0.000000e+00,0.000000e+00,0.000000e+00,0.000000e+00
1.000000e+00,0.000000e+00,0.000000e+00,0.000000e+00,0.000000e+00,0.000000e+00,0.000000e+00,0.000000e+00,0.000000e+00,0.000000e+00,0.000000e+00,0.000000e+00,0.000000e+00,0.000000e+00,0.000000e+00
1.000000e+00,0.000000e+00,0.000000e+00,0.000000e+00,0.000000e+00,0.000000e+00,0.000000e+00,0.000000e+00,0.000000e+00,0.000000e+00,0.000000e+00,0.000000e+00,0.000000e+00,0.000000e+00,0.000000e+00
1.000000e+00,0.000000e+00,0.000000e+00,0.000000e+00,0.000000e+00,0.000000e+00,0.000000e+00,0.000000e+00,0.000000e+00,0.000000e+00,0.000000e+00,0.000000e+00,0.000000e+00,0.000000e+00,0.000000e+00
1.000000e+00,0.000000e+00,0.000000e+00,0.000000e+00,0.000000e+00,0.000000e+00,0.000000e+00,0.000000e+00,0.000000e+00,0.000000e+00,0.000000e+00,0.000000e+00,0.000000e+00,0.000000e+00,0.000000e+00
1.000000e+00,0.000000e+00,0.000000e+00,0.000000e+00,0.000000e+00,0.000000e+00,0.000000e+00,0.000000e+00,0.000000e+00,0.000000e+00,0.000000e+00,0.000000e+00,0.000000e+00,0.000000e+00,0.000000e+00
1.000000e+00,0.000000e+00,0.000000e+00,0.000000e+00,0.000000e+00,0.000000e+00,0.000000e+00,0.000000e+00,0.000000e+00,0.000000e+00,0.000000e+00,0.000000e+00,0.000000e+00,0.000000e+00,0.000000e+00
1.000000e+00,0.000000e+00,0.000000e+00,0.000000e+00,0.000000e+00,0.000000e+00,0.000000e+00,0.000000e+00,0.000000e+00,0.000000e+00,0.000000e+00,0.000000e+00,0.000000e+00,0.000000e+00,0.000000e+00
1.000000e+00,0.000000e+00,0.000000e+00,0.000000e+00,0.000000e+00,0.000000e+00,0.000000e+00,0.000000e+00,0.000000e+00,0.000000e+00,0.000000e+00,0.000000e+00,0.000000e+00,0.000000e+00,0.000000e+00
1.000000e+00,0.000000e+00,0.000000e+00,0.000000e+00,0.000000e+00,0.000000e+00,0.000000e+00,0.000000e+00,0.000000e+00,0.000000e+00,0.000000e+00,0.000000e+00,0.000000e+00,0.000000e+00,0.000000e+00
1.000000e+00,0.000000e+00,0.000000e+00,0.000000e+00,0.000000e+00,0.000000e+00,0.000000e+00,0.000000e+00,0.000000e+00,0.000000e+00,0.000000e+00,0.000000e+00,0.000000e+00,0.000000e+00,0.000000e+00
1.000000e+00,0.000000e+00,0.000000e+00,0.000000e+00,0.000000e+00,0.000000e+00,0.000000e+00,0.000000e+00,0.000000e+00,0.000000e+00,0.000000e+00,0.000000e+00,0.000000e+00,0.000000e+00,0.000000e+00
1.000000e+00,0.000000e+00,0.000000e+00,0.000000e+00,0.000000e+00,0.000000e+00,0.000000e+00,0.000000e+00,0.000000e+00,0.000000e+00,0.000000e+00,0.000000e+00,0.000000e+00,0.000000e+00,0.000000e+00
1.000000e+00,0.000000e+00,0.000000e+00,0.000000e+00,0.000000e+00,0.000000e+00,0.000000e+00,0.000000e+00,0.000000e+00,0.000000e+00,0.000000e+00,0.000000e+00,0.000000e+00,0.000000e+00,0.000000e+00
1.000000e+00,0.000000e+00,0.000000e+00,0.000000e+00,0.000000e+00,0.000000e+00,0.000000e+00,0.000000e+00,0.000000e+00,0.000000e+00,0.000000e+00,0.000000e+00,0.000000e+00,0.000000e+00,0.000000e+00
1.000000e+00,0.000000e+00,0.000000e+00,0.000000e+00,0.000000e+00,0.000000e+00,0.000000e+00,0.000000e+00,0.000000e+00,0.000000e+00,0.000000e+00,0.000000e+00,0.000000e+00,0.000000e+00,0.000000e+00
1.000000e+00,0.000000e+00,0.000000e+00,0.000000e+00,0.000000e+00,0.000000e+00,0.000000e+00,0.000000e+00,0.000000e+00,0.000000e+00,0.000000e+00,0.000000e+00,0.000000e+00,0.000000e+00,0.000000e+00
1.000000e+00,0.000000e+00,0.000000e+00,0.000000e+00,0.000000e+00,0.000000e+00,0.000000e+00,0.000000e+00,0.000000e+00,0.000000e+00,0.000000e+00,0.000000e+00,0.000000e+00,0.000000e+00,0.000000e+00
1.000000e+00,0.000000e+00,0.000000e+00,0.000000e+00,0.000000e+00,0.000000e+00,0.000000e+00,0.000000e+00,0.000000e+00,0.000000e+00,0.000000e+00,0.000000e+00,0.000000e+00,0.000000e+00,0.000000e+00
1.000000e+00,0.000000e+00,0.000000e+00,0.000000e+00,0.000000e+00,0.000000e+00,0.000000e+00,0.000000e+00,0.000000e+00,0.000000e+00,0.000000e+00,0.000000e+00,0.000000e+00,0.000000e+00,0.000000e+00
1.000000e+00,0.000000e+00,0.000000e+00,0.000000e+00,0.000000e+00,0.000000e+00,0.000000e+00,0.000000e+00,0.000000e+00,0.000000e+00,0.000000e+00,0.000000e+00,0.000000e+00,0.000000e+00,0.000000e+00
4.649179e-01,1.481715e-02,5.676017e-02,4.596410e-02,5.951287e-03,1.643639e-02,6.520732e-03,3.303727e-01,4.451207e-03,1.406998e-03,8.873799e-03,1.822899e-02,1.058734e-02,2.340574e-03,1.237053e-02
3.353840e-01,1.080931e-02,4.523920e-02,3.361351e-02,4.481312e-03,1.339637e-02,6.940567e-03,5.065571e-01,3.210152e-03,1.042751e-03,6.790961e-03,1.362044e-02,7.965406e-03,1.810581e-03,9.138344e-03
2.364097e-01,7.677010e-03,3.312838e-02,2.379354e-02,3.255431e-03,9.750913e-03,7.147197e-03,6.479030e-01,2.260839e-03,7.409715e-04,4.845812e-03,9.590098e-03,5.658811e-03,1.370685e-03,6.467629e-03
1.666530e-01,5.472304e-03,2.401943e-02,1.686135e-02,2.395305e-03,7.038665e-03,6.220827e-03,7.493672e-01,1.590942e-03,5.278147e-04,3.445506e-03,6.749608e-03,4.018636e-03,1.078212e-03,4.561187e-03
1.168695e-01,3.896028e-03,1.739788e-02,1.199048e-02,1.952874e-03,5.062582e-03,6.871226e-03,8.201916e-01,1.130916e-03,3.818964e-04,2.488999e-03,4.753528e-03,2.854046e-03,9.366341e-04,3.221805e-03
8.188557e-02,2.762968e-03,1.299072e-02,8.551973e-03,1.564705e-03,3.595772e-03,5.373012e-03,8.719679e-01,8.109252e-04,2.741124e-04,1.803689e-03,3.346782e-03,2.054714e-03,7.437799e-04,2.273328e-03
5.765038e-02,2.017269e-03,9.695725e-03,6.186449e-03,1.371706e-03,2.655108e-03,4.686331e-03,9.072319e-01,6.774248e-04,2.255663e-04,1.354662e-03,2.394047e-03,1.535058e-03,6.849100e-04,1.633488e-03
4.133203e-02,1.545105e-03,7.462800e-03,4.699999e-03,2.513455e-03,2.086170e-03,5.586070e-03,9.276577e-01,6.445535e-04,3.248143e-04,1.092840e-03,1.811522e-03,1.376025e-03,5.955403e-04,1.271309e-03
2.974142e-02,1.150967e-03,5.676576e-03,3.561142e-03,2.687592e-03,1.615111e-03,5.451301e-03,9.444617e-01,5.185204e-04,3.157999e-04,8.557467e-04,1.345143e-03,1.203899e-03,4.712399e-04,9.438315e-04
2.205547e-02,8.553378e-04,4.502593e-03,2.676575e-03,2.727496e-03,1.272938e-03,5.406120e-03,9.558603e-01,4.066361e-04,3.518523e-04,6.677541e-04,1.072333e-03,1.059734e-03,3.616912e-04,7.231522e-04
2.208109e-02,7.949991e-04,4.133920e-03,2.205014e-03,3.598232e-03,1.308065e-03,4.961847e-03,9.552234e-01,4.314698e-04,5.210872e-04,6.546847e-04,1.414735e-03,1.378356e-03,3.600735e-04,9.329611e-04
2.050597e-02,8.485524e-04,3.341525e-03,1.878864e-03,3.860615e-03,1.714711e-03,3.869049e-03,9.555387e-01,9.400203e-04,7.629847e-04,7.811936e-04,1.587958e-03,2.099940e-03,4.544004e-04,1.815477e-03
2.980136e-02,1.477076e-03,2.985480e-03,2.474565e-03,7.082389e-03,2.019049e-03,2.821426e-03,8.831472e-01,1.672992e-02,6.456350e-03,6.492310e-03,6.541687e-03,2.264798e-02,5.002947e-03,4.320245e-03
2.198106e-02,1.400684e-03,2.170764e-03,2.104521e-03,5.640144e-03,1.558882e-03,1.999753e-03,6.446913e-01,2.514495e-01,9.564133e-03,8.098563e-03,7.046953e-03,2.212955e-02,1.441298e-02,5.751267e-03
1.650994e-02,1.262240e-03,1.562933e-03,1.682470e-03,4.079117e-03,1.194217e-03,1.435133e-03,4.625945e-01,4.446586e-01,8.880780e-03,1.091815e-02,5.685035e-03,1.689093e-02,1.716354e-02,5.482464e-03
1.357840e-02,1.088170e-03,1.168621e-03,1.810352e-03,2.897228e-03,9.781198e-04,1.088134e-03,3.254023e-01,5.803376e-01,9.161148e-03,1.376155e-02,5.441106e-03,1.250325e-02,2.196780e-02,8.816243e-03
1.531154e-02,1.149634e-03,1.011614e-03,1.911517e-03,2.085635e-03,1.225552e-03,8.610724e-04,2.302922e-01,6.351841e-01,7.597253e-03,2.654085e-02,5.927739e-03,9.261996e-03,4.789619e-02,1.374312e-02
1.313861e-02,1.238361e-03,9.177789e-04,1.982286e-03,1.529967e-03,1.014366e-03,7.248454e-04,1.618120e-01,4.973439e-01,9.203282e-03,9.680224e-02,4.870433e-03,6.774291e-03,1.848609e-01,1.778685e-02
1.410518e-02,1.145218e-03,8.051142e-04,2.727455e-03,1.312627e-03,1.117313e-03,6.637404e-04,1.140691e-01,3.802536e-01,1.480053e-02,1.602538e-01,5.210337e-03,5.227919e-03,2.823367e-01,1.597146e-02
5.975832e-02,1.661181e-03,1.850091e-03,4.055331e-03,2.179099e-03,2.771094e-03,1.000886e-03,8.107685e-02,2.708609e-01,1.505808e-02,2.202685e-01,6.901180e-03,4.647986e-03,3.118861e-01,1.602450e-02
6.245371e-02,1.445546e-03,2.711400e-03,3.910453e-03,2.217576e-03,5.672019e-03,7.890908e-04,5.734884e-02,1.921483e-01,1.153101e-02,2.170793e-01,7.699558e-03,4.085685e-03,4.187476e-01,1.216002e-02
5.394035e-02,1.483033e-03,2.842515e-03,3.967091e-03,1.891119e-03,6.976646e-03,5.854639e-04,4.035811e-02,1.383220e-01,8.897619e-03,1.879923e-01,8.058450e-03,3.284513e-03,5.322509e-01,9.150011e-03
3.819475e-02,2.104696e-03,2.279673e-03,2.929372e-03,1.533535e-03,9.780208e-03,4.192092e-04,2.830403e-02,1.033389e-01,6.765355e-03,1.865146e-01,6.655499e-03,2.454469e-03,6.017050e-01,7.020749e-03
2.820125e-02,2.198343e-03,1.936269e-03,2.630994e-03,1.338858e-03,1.963356e-02,3.100083e-04,2.005951e-02,7.654409e-02,5.657636e-03,1.699215e-01,6.053218e-03,1.987770e-03,6.581259e-01,5.401115e-03
2.028074e-02,1.711828e-03,1.605332e-03,2.119079e-03,1.098446e-03,2.595508e-02,2.325772e-04,1.415049e-02,6.326196e-02,5.813082e-03,1.629550e-01,5.349298e-03,1.454458e-03,6.900498e-01,3.962913e-03
1.423652e-02,1.397841e-03,1.251900e-03,1.600673e-03,8.793601e-04,8.036103e-02,1.719576e-04,9.923983e-03,6.332759e-02,4.813014e-03,1.340271e-01,4.067027e-03,1.090824e-03,6.799645e-01,2.886690e-03
1.001040e-02,1.251421e-03,1.045480e-03,1.191092e-03,9.451859e-04,1.339978e-01,1.309763e-04,6.969845e-03,9.095073e-02,3.856640e-03,1.043230e-01,3.026211e-03,7.922497e-04,6.394456e-01,2.063384e-03
7.113689e-03,1.620975e-03,1.585595e-03,1.077081e-03,1.085053e-03,2.490084e-01,1.004238e-04,4.964000e-03,1.395784e-01,2.998116e-03,7.754236e-02,2.172328e-03,5.771639e-04,5.090277e-01,1.548778e-03
5.304946e-03,6.353520e-03,8.690823e-03,1.230770e-03,1.961117e-03,3.839016e-01,1.032584e-04,4.506829e-03,1.531514e-01,2.686390e-03,5.516800e-02,1.537738e-03,4.342306e-04,3.737229e-01,1.246508e-03
4.729600e-03,5.110042e-02,6.451143e-02,7.743807e-02,5.506209e-03,3.208959e-01,1.467021e-04,9.139433e-03,1.530602e-01,4.602590e-03,3.912074e-02,1.104907e-03,5.382245e-04,2.638216e-01,4.283988e-03
1.024182e-02,5.629153e-02,1.692612e-01,7.877236e-02,1.972962e-02,2.837826e-01,1.660977e-04,1.549548e-02,1.417581e-01,4.271179e-03,2.772143e-02,8.103056e-04,5.574618e-04,1.873327e-01,3.808132e-03
1.891626e-02,9.332156e-02,1.541006e-01,6.075602e-02,4.274984e-02,3.175328e-01,2.295031e-04,1.231932e-02,1.356121e-01,3.319534e-03,2.003583e-02,6.020137e-04,4.758257e-04,1.361544e-01,3.874383e-03
4.944428e-02,9.642955e-02,1.432201e-01,4.859551e-02,7.857296e-02,2.767661e-01,3.764108e-04,1.031108e-02,1.654451e-01,3.158860e-03,1.604047e-02,8.614972e-04,1.141052e-03,1.042659e-01,5.371077e-03
1.149278e-01,1.148753e-01,1.319457e-01,3.654726e-02,7.843265e-02,2.235683e-01,3.281480e-04,7.818410e-03,1.721897e-01,2.519378e-03,1.393341e-02,1.647255e-03,2.581821e-03,9.340230e-02,5.282547e-03
1.236381e-01,1.018059e-01,1.056988e-01,3.215426e-02,8.390656e-02,1.966897e-01,3.756842e-04,6.487388e-03,1.981733e-01,1.977056e-03,1.767535e-02,7.059095e-03,5.247242e-03,1.134495e-01,5.662011e-03
1.522676e-01,9.457427e-02,8.631272e-02,3.370646e-02,7.868950e-02,1.641426e-01,4.467980e-04,5.963773e-03,2.314152e-01,1.591505e-03,2.054555e-02,1.429314e-02,1.030273e-02,1.000133e-01,5.734809e-03
1.672159e-01,8.131231e-02,9.203716e-02,2.469318e-02,6.554174e-02,1.275569e-01,4.421587e-04,4.607428e-03,3.001611e-01,1.299369e-03,2.331997e-02,1.557436e-02,8.742044e-03,8.275127e-02,4.745117e-03
2.364938e-01,6.724370e-02,6.969645e-02,4.740382e-02,5.528687e-02,9.324077e-02,7.122179e-04,4.838133e-03,2.787077e-01,1.445328e-03,2.469395e-02,3.023221e-02,1.504462e-02,6.687818e-02,8.082211e-03
2.031396e-01,5.376811e-02,6.534640e-02,3.655642e-02,3.978084e-02,6.886797e-02,5.632219e-04,3.568165e-03,2.201963e-01,2.621314e-03,2.186672e-02,2.713593e-02,1.178073e-02,1.117063e-01,1.331020e-01
2.338774e-01,4.443951e-02,5.318974e-02,2.904517e-02,3.016753e-02,5.454975e-02,6.542361e-04,3.540434e-03,1.761568e-01,2.269113e-03,2.281198e-02,2.118476e-02,1.106679e-02,1.817193e-01,1.353275e-01
1.791283e-01,3.372698e-02,3.819660e-02,2.090553e-02,2.148734e-02,4.091677e-02,5.259128e-04,2.662587e-03,1.346750e-01,2.092103e-03,3.125115e-02,1.588624e-02,8.406427e-03,3.214324e-01,1.487066e-01
1.302201e-01,2.424553e-02,2.699230e-02,1.496565e-02,1.511478e-02,2.948429e-02,4.506675e-04,1.962029e-03,1.003316e-01,2.009690e-03,3.221076e-02,1.185646e-02,6.169226e-03,4.408915e-01,1.630954e-01
1.066853e-01,1.775617e-02,2.005138e-02,1.210988e-02,1.161925e-02,2.158124e-02,4.122575e-04,1.481645e-03,8.324671e-02,8.750495e-03,3.949113e-02,1.019752e-02,5.337715e-03,4.933855e-01,1.678939e-01
7.717782e-02,1.254391e-02,1.413720e-02,8.745067e-03,8.260261e-03,1.528836e-02,3.511804e-04,1.052636e-03,6.249078e-02,1.142696e-02,3.151789e-02,7.522514e-03,4.021593e-03,6.219666e-01,1.234972e-01
5.711847e-02,9.063249e-03,1.007885e-02,7.297226e-03,7.055514e-03,1.274806e-02,4.651971e-04,7.953960e-04,4.824097e-02,2.339800e-02,5.487936e-02,6.098157e-03,3.201332e-03,6.649734e-01,9.458682e-02
4.178677e-02,7.386614e-03,7.197246e-03,5.741266e-03,6.462237e-03,1.588809e-02,4.897524e-04,6.857179e-04,4.558731e-02,3.600626e-02,5.868109e-02,5.928339e-03,2.893314e-03,6.936579e-01,7.160810e-02
3.538511e-02,6.006313e-03,5.496349e-03,4.965965e-03,7.261625e-03,1.685841e-02,7.995830e-04,1.364688e-03,4.482613e-02,3.398199e-02,7.752822e-02,5.508952e-03,2.605206e-03,7.032513e-01,5.416014e-02
2.756406e-02,6.122395e-03,4.083983e-03,4.719938e-03,1.330608e-02,2.642379e-02,9.643155e-04,1.760800e-03,6.240925e-02,4.057923e-02,9.809645e-02,6.330447e-03,3.228101e-03,6.632915e-01,4.111966e-02
2.376718e-02,6.055837e-03,3.280184e-03,4.385769e-03,1.254117e-02,3.018941e-02,7.583686e-04,1.749892e-03,5.147937e-02,5.384608e-02,1.080199e-01,6.230442e-03,3.424946e-03,6.630967e-01,3.117470e-02
2.733054e-02,6.350762e-03,2.641015e-03,3.744896e-03,9.876770e-03,3.778245e-02,6.383331e-04,1.690968e-03,4.776848e-02,4.952174e-02,1.488369e-01,9.931445e-03,5.433104e-03,6.256466e-01,2.280595e-02
3.205506e-02,6.404933e-03,2.126655e-03,3.716126e-03,8.180293e-03,4.243497e-02,6.512751e-04,1.577319e-03,5.028398e-02,4.440092e-02,2.156170e-01,1.381787e-02,7.167924e-03,5.548828e-01,1.668293e-02
3.963270e-02,7.970154e-03,2.126956e-03,3.971000e-03,6.899126e-03,5.836003e-02,5.813382e-04,1.895200e-03,4.982106e-02,4.071971e-02,2.582039e-01,1.771713e-02,7.137411e-03,4.924737e-01,1.249064e-02
4.756890e-02,7.298877e-03,2.098012e-03,4.486626e-03,5.670283e-03,4.282809e-02,5.244965e-04,1.782803e-03,4.232013e-02,3.122630e-02,3.966682e-01,2.016562e-02,6.716606e-03,3.811497e-01,9.495342e-03
5.178200e-02,8.338851e-03,2.478050e-03,4.685561e-03,5.010955e-03,3.166700e-02,6.366605e-04,1.988150e-03,3.782405e-02,2.677988e-02,4.390857e-01,2.913910e-02,5.620893e-03,3.474905e-01,7.472575e-03
9.496291e-02,2.434912e-02,3.643490e-03,6.719890e-03,4.508131e-03,2.471530e-02,1.018313e-03,2.509709e-03,7.525689e-02,2.209638e-02,3.767007e-01,3.815373e-02,5.567744e-03,3.105622e-01,9.235531e-03
7.583222e-02,3.449975e-02,3.741888e-03,5.489785e-03,4.416775e-03,2.503062e-02,8.692976e-04,2.554991e-03,1.759016e-01,1.693081e-02,3.328736e-01,3.931613e-02,4.927489e-03,2.687078e-01,8.907200e-03
6.247263e-02,2.945170e-02,3.198678e-03,4.244999e-03,4.075423e-03,2.668416e-02,7.098920e-04,2.126959e-03,2.672676e-01,1.285164e-02,2.896952e-01,4.089050e-02,4.735443e-03,2.432455e-01,8.349560e-03
5.132527e-02,2.367453e-02,2.498086e-03,3.274713e-03,3.524547e-03,2.986539e-02,5.255505e-04,2.074359e-03,3.024331e-01,9.611156e-03,3.149118e-01,3.415774e-02,3.869951e-03,2.115645e-01,6.689331e-03
3.929072e-02,2.499975e-02,2.301434e-03,2.537661e-03,3.461316e-03,2.916213e-02,3.887793e-04,1.902468e-03,2.826465e-01,7.281977e-03,3.832948e-01,2.620176e-02,3.186843e-03,1.874111e-01,5.932761e-03
3.203441e-02,1.917011e-02,1.719067e-03,2.373456e-03,3.587610e-03,2.256770e-02,3.008418e-04,1.824218e-03,3.218678e-01,6.129822e-03,3.834914e-01,2.291673e-02,2.818227e-03,1.742910e-01,4.907680e-03
3.385420e-02,1.589813e-02,1.296152e-03,2.173692e-03,3.700948e-03,1.639097e-02,2.263456e-04,1.720251e-03,3.112273e-01,5.393446e-03,3.576592e-01,2.038585e-02,2.375897e-03,2.235911e-01,4.106445e-03
3.311544e-02,1.222210e-02,1.065460e-03,7.614595e-03,5.870869e-03,1.454766e-02,1.814467e-04,3.660951e-03,3.831132e-01,5.343918e-03,2.970339e-01,3.096535e-02,5.466617e-03,1.960732e-01,3.725326e-03
2.819556e-02,1.090048e-02,8.682486e-04,7.593804e-03,4.626162e-03,1.323206e-02,1.446151e-04,2.879154e-03,3.308848e-01,4.571033e-03,3.782817e-01,3.695818e-02,1.113705e-02,1.656811e-01,4.045981e-03
2.654283e-02,9.303865e-03,7.731930e-04,6.577327e-03,3.726081e-03,1.047086e-02,1.182286e-04,2.206851e-03,2.822863e-01,3.860223e-03,4.181407e-01,6.399820e-02,2.204984e-02,1.454700e-01,4.475429e-03
2.374597e-02,8.434303e-03,1.123544e-03,6.276962e-03,3.141956e-03,8.472484e-03,1.064541e-04,1.822829e-03,3.968372e-01,4.027548e-03,3.546190e-01,5.153272e-02,1.843126e-02,1.128024e-01,8.625278e-03
2.392217e-02,7.278200e-03,1.203280e-03,5.185348e-03,2.633278e-03,7.463358e-03,9.861851e-05,1.362766e-03,3.333665e-01,3.787604e-03,4.067857e-01,9.020530e-02,1.463586e-02,9.364933e-02,8.422699e-03
1.971395e-02,5.717622e-03,1.061701e-03,3.862062e-03,2.067362e-03,5.744418e-03,9.320345e-05,9.740007e-04,2.534872e-01,3.218451e-03,4.690466e-01,1.444811e-01,1.143821e-02,7.243346e-02,6.660656e-03
1.997602e-02,4.167715e-03,7.900590e-04,2.959181e-03,1.589551e-03,4.532084e-03,7.727258e-05,6.971543e-04,1.791360e-01,2.680168e-03,5.204097e-01,1.929346e-01,8.740015e-03,5.634690e-02,4.963563e-03
2.506217e-02,3.156116e-03,6.202710e-04,2.485243e-03,1.728999e-03,3.953319e-03,9.649943e-05,5.258276e-04,1.268899e-01,2.473979e-03,5.425985e-01,2.313898e-01,7.354206e-03,4.793936e-02,3.725786e-03
5.700270e-02,3.109276e-03,6.504524e-04,3.082898e-03,2.067084e-03,6.856505e-03,1.610951e-04,5.256804e-04,9.043311e-02,2.504053e-03,4.963811e-01,2.852642e-01,6.768274e-03,4.145582e-02,3.737690e-03
6.725653e-02,3.618910e-03,1.024211e-03,3.748424e-03,3.187758e-03,7.000179e-03,1.936410e-04,6.262392e-04,6.593157e-02,4.172589e-03,4.474048e-01,3.354189e-01,5.993640e-03,5.002717e-02,4.395436e-03
8.190237e-02,5.965008e-03,1.887909e-03,8.017980e-03,1.237556e-02,7.232330e-03,4.309960e-04,1.331098e-03,5.021237e-02,4.815112e-03,3.803647e-01,3.804273e-01,5.234627e-03,5.421668e-02,5.586003e-03
1.082618e-01,9.770809e-03,2.475579e-03,1.006164e-02,1.427243e-02,8.152554e-03,9.582278e-04,2.146156e-03,3.795125e-02,4.530705e-03,3.911966e-01,3.500673e-01,4.589620e-03,4.824651e-02,7.318818e-03
1.574010e-01,1.369623e-02,2.756669e-03,1.215202e-02,1.674476e-02,9.709098e-03,1.607304e-03,2.911294e-03,2.954041e-02,3.950758e-03,3.770444e-01,3.185666e-01,4.195672e-03,4.173296e-02,7.990868e-03
1.773459e-01,1.830877e-02,2.421672e-03,1.239923e-02,2.083101e-02,1.092047e-02,2.005338e-03,2.966394e-03,2.212732e-02,3.067037e-03,3.724679e-01,3.118879e-01,3.855865e-03,3.220658e-02,7.188610e-03
1.893507e-01,2.015768e-02,2.689887e-03,1.016449e-02,2.343720e-02,1.251453e-02,2.261718e-03,3.156319e-03,1.641561e-02,2.602538e-03,3.554677e-01,3.253665e-01,3.344107e-03,2.612265e-02,6.948383e-03
1.931028e-01,3.504599e-02,3.954928e-03,8.509276e-03,3.990733e-02,1.247499e-02,3.228267e-03,3.253981e-03,1.244183e-02,3.039413e-03,3.223136e-01,3.286148e-01,2.840115e-03,2.169792e-02,9.574702e-03
1.373600e-01,3.538221e-02,1.078751e-02,6.043367e-03,4.333839e-02,1.430090e-02,4.961582e-03,2.970354e-03,9.198362e-03,3.346386e-02,3.403032e-01,3.335800e-01,2.236973e-03,1.782213e-02,8.251145e-03
9.834299e-02,3.306476e-02,1.867965e-02,4.349855e-03,6.086028e-02,4.958959e-02,1.008203e-02,3.968890e-03,7.782010e-03,6.755850e-02,2.941254e-01,3.282792e-01,1.923045e-03,1.500760e-02,6.386173e-03
7.567308e-02,2.592080e-02,2.679921e-02,3.577077e-03,8.359931e-02,4.393159e-02,1.806858e-02,1.347434e-02,1.394734e-02,1.928920e-01,2.293230e-01,2.517177e-01,1.605389e-03,1.282605e-02,6.644493e-03
6.005682e-02,2.108322e-02,2.398736e-02,3.195293e-03,1.277568e-01,4.334454e-02,1.425307e-02,1.467493e-02,2.754629e-02,2.979835e-01,1.647303e-01,1.852184e-01,1.409164e-03,9.772874e-03,4.987386e-03
5.112572e-02,1.826596e-02,4.776829e-02,4.318226e-03,1.781491e-01,5.891087e-02,1.213528e-02,2.186046e-02,3.018892e-02,3.130480e-01,1.179520e-01,1.337839e-01,1.286467e-03,7.306033e-03,3.900677e-03
4.748948e-02,1.694169e-02,1.069786e-01,1.578252e-02,2.105926e-01,7.421944e-02,1.301190e-02,4.246649e-02,2.283155e-02,2.611246e-01,8.369983e-02,9.533796e-02,1.194703e-03,5.310585e-03,3.018025e-03
4.804433e-02,1.681410e-02,9.054008e-02,2.490086e-02,2.317823e-01,1.097307e-01,1.400211e-02,3.501484e-02,1.774097e-02,2.735114e-01,6.030969e-02,6.902241e-02,1.339449e-03,4.436642e-03,2.810052e-03
5.727699e-02,1.491550e-02,7.341854e-02,1.095088e-01,2.237873e-01,9.433986e-02,1.085554e-02,7.612029e-02,1.495819e-02,2.204528e-01,4.398773e-02,5.155078e-02,1.598106e-03,3.761848e-03,3.467712e-03
4.604742e-02,1.131554e-02,5.448172e-02,8.734916e-02,2.685279e-01,6.822903e-02,8.020412e-03,2.172285e-01,1.071050e-02,1.546814e-01,3.089098e-02,3.622908e-02,1.174817e-03,2.656918e-03,2.456685e-03
3.615865e-02,8.257634e-03,4.082531e-02,7.436744e-02,2.660742e-01,4.885414e-02,6.422136e-03,3.508830e-01,7.795459e-03,1.086390e-01,2.171518e-02,2.547377e-02,8.832774e-04,1.900189e-03,1.750687e-03
3.478459e-02,5.969338e-03,3.095077e-02,5.949700e-02,2.817060e-01,3.575423e-02,5.564087e-03,4.242635e-01,6.229497e-03,7.740056e-02,1.567799e-02,1.807019e-02,1.151966e-03,1.391513e-03,1.588733e-03
7.539482e-02,4.641305e-03,2.226532e-02,4.573669e-02,2.612974e-01,3.083828e-02,4.751721e-03,4.349639e-01,9.031943e-03,5.552938e-02,2.517788e-02,1.831096e-02,8.669179e-03,1.294296e-03,2.096936e-03
1.549380e-01,5.259429e-03,1.965350e-02,4.760826e-02,2.270402e-01,3.483904e-02,5.966397e-03,3.715673e-01,1.723641e-02,4.021196e-02,2.303233e-02,2.476766e-02,2.019612e-02,1.571642e-03,6.111752e-03
1.864944e-01,5.642982e-03,2.939361e-02,4.445804e-02,2.634238e-01,3.117437e-02,6.126368e-03,2.788189e-01,1.715568e-02,3.182381e-02,3.134976e-02,2.002793e-02,3.982167e-02,1.751133e-03,1.253749e-02
1.995216e-01,6.379111e-03,2.848073e-02,3.651543e-02,2.945350e-01,2.570911e-02,6.643526e-03,2.053335e-01,1.555300e-02,2.774660e-02,4.065620e-02,1.769839e-02,6.866991e-02,1.866728e-03,2.469120e-02
2.025121e-01,9.409988e-03,2.643224e-02,3.870153e-02,2.733725e-01,2.213261e-02,7.790633e-03,1.537499e-01,3.783166e-02,2.115686e-02,4.647537e-02,1.851802e-02,1.065076e-01,2.130949e-03,3.327804e-02
2.660132e-01,8.199342e-03,2.205865e-02,3.056430e-02,2.366611e-01,2.216215e-02,7.656347e-03,1.166517e-01,4.523518e-02,1.637258e-02,4.437399e-02,1.933776e-02,1.318200e-01,1.921676e-03,3.097201e-02
3.549001e-01,7.955423e-03,1.869142e-02,2.498597e-02,1.945318e-01,2.268552e-02,7.501238e-03,9.143236e-02,4.477085e-02,1.332128e-02,3.571571e-02,1.837151e-02,1.307650e-01,1.755355e-03,3.261659e-02
3.255033e-01,9.020314e-03,1.475498e-02,1.917582e-02,1.428893e-01,2.946841e-02,7.302218e-03,7.401308e-02,4.477254e-02,9.865686e-03,2.742340e-02,2.380198e-02,2.405012e-01,1.658143e-03,2.984968e-02
3.445999e-01,9.919478e-03,1.198125e-02,1.759964e-02,1.082450e-01,3.084018e-02,6.461980e-03,7.015923e-02,4.522543e-02,7.519160e-03,2.062645e-02,2.406706e-02,2.770616e-01,1.388520e-03,2.430508e-02
3.091222e-01,8.777537e-03,1.052182e-02,1.447992e-02,9.419829e-02,2.732522e-02,1.748578e-02,5.524303e-02,4.478464e-02,5.608274e-03,1.511494e-02,2.006404e-02,3.572236e-01,1.207269e-03,1.884339e-02
3.133022e-01,8.090937e-03,9.151122e-03,1.551727e-02,7.597886e-02,5.451655e-02,1.540978e-02,4.818778e-02,3.736950e-02,4.195767e-03,1.190688e-02,1.826915e-02,3.711961e-01,1.304949e-03,1.560313e-02
2.640423e-01,9.302199e-03,1.181609e-02,1.775959e-02,9.080745e-02,4.357460e-02,1.744682e-02,3.605555e-02,5.601183e-02,3.092818e-03,9.282449e-03,1.568817e-02,4.114321e-01,1.062777e-03,1.262532e-02
2.121173e-01,1.737675e-02,1.039363e-02,1.759797e-02,1.181172e-01,3.893263e-02,2.323243e-02,3.051900e-02,1.587891e-01,2.742450e-03,7.391264e-03,1.420912e-02,3.368675e-01,8.056058e-04,1.090814e-02
1.618980e-01,2.519610e-02,1.931762e-02,1.653281e-01,1.150984e-01,2.878913e-02,1.811022e-02,2.511193e-02,1.623666e-01,2.543694e-03,7.118019e-03,1.419754e-02,2.422997e-01,6.007430e-04,1.202410e-02
2.157530e-01,2.888968e-02,2.370179e-02,1.330314e-01,1.138865e-01,2.639019e-02,2.016191e-02,2.208945e-02,1.713352e-01,2.082519e-03,6.540001e-03,1.616810e-02,2.017874e-01,5.991986e-04,1.758362e-02
2.314518e-01,2.742212e-02,1.937835e-02,1.328258e-01,1.647274e-01,2.216508e-02,1.883055e-02,2.076204e-02,1.617538e-01,1.594089e-03,5.909566e-03,1.586772e-02,1.629485e-01,5.551018e-04,1.380802e-02
2.034829e-01,2.185377e-02,1.475041e-02,9.792186e-02,1.727937e-01,1.891070e-02,1.729140e-02,1.412351e-01,1.578642e-01,1.170973e-03,5.423861e-03,1.295898e-02,1.240034e-01,4.552855e-04,9.883442e-03
2.165878e-01,2.005594e-02,1.527206e-02,7.560132e-02,1.576957e-01,1.741642e-02,1.762964e-02,2.419896e-01,1.186578e-01,9.186255e-04,4.916853e-03,1.232979e-02,9.147628e-02,7.458592e-04,8.706371e-03
1.905245e-01,1.522370e-02,1.273667e-02,5.736613e-02,1.301250e-01,1.442188e-02,1.509653e-02,3.866470e-01,8.559023e-02,6.924611e-04,4.355690e-03,1.011014e-02,6.976064e-02,7.448068e-04,6.604700e-03
1.486565e-01,1.092977e-02,9.583377e-03,4.060202e-02,9.975829e-02,1.144744e-02,1.206682e-02,5.396779e-01,6.010602e-02,5.088369e-04,3.440752e-03,7.366594e-03,5.051800e-02,5.628993e-04,4.774764e-03
1.529139e-01,8.195016e-03,8.059936e-03,2.944313e-02,1.004742e-01,1.491484e-02,9.834064e-03,5.807074e-01,4.240886e-02,4.361087e-04,4.162314e-03,6.391212e-03,3.788830e-02,5.348387e-04,3.635972e-03
1.195093e-01,6.485715e-03,6.071032e-03,2.253752e-02,7.205468e-02,1.399635e-02,8.006847e-03,5.271440e-01,3.178178e-02,4.401353e-03,8.669253e-02,4.163381e-02,3.742486e-02,1.913298e-02,3.127186e-03
8.469465e-02,4.606060e-03,4.323428e-03,1.862736e-02,5.188429e-02,1.249668e-02,6.544548e-03,3.775005e-01,2.305739e-02,5.080942e-03,9.990382e-02,2.483130e-01,4.032166e-02,2.017939e-02,2.466294e-03
6.099861e-02,3.309645e-03,3.198374e-03,1.474119e-02,4.028745e-02,1.104974e-02,7.024403e-03,2.695404e-01,1.684763e-02,4.651551e-03,1.357423e-01,3.753403e-01,3.146653e-02,2.364272e-02,2.159199e-03
4.374716e-02,2.375551e-03,2.322728e-03,1.110718e-02,2.859150e-02,1.094030e-02,6.098853e-03,1.903205e-01,1.212386e-02,3.805460e-03,1.079415e-01,5.393476e-01,2.259852e-02,1.708714e-02,1.592023e-03
3.119200e-02,1.757616e-03,1.713255e-03,8.123117e-03,2.063229e-02,1.112605e-02,5.271463e-03,1.338492e-01,8.779058e-03,3.111604e-03,9.232792e-02,6.525357e-01,1.629163e-02,1.211141e-02,1.177700e-03
2.202429e-02,1.620317e-03,1.269892e-03,5.713691e-03,1.563685e-02,8.942498e-03,3.747535e-03,9.383666e-02,6.574214e-03,3.361408e-03,7.789899e-02,7.380785e-01,1.179403e-02,8.634646e-03,8.665276e-04
1.548974e-02,2.634913e-03,1.463312e-03,4.060063e-03,1.942067e-02,6.960517e-03,2.652281e-03,6.575555e-02,5.346442e-03,3.151459e-03,9.597140e-02,7.612614e-01,8.544059e-03,6.560849e-03,7.273478e-04
1.093683e-02,2.969992e-03,1.453371e-03,2.879159e-03,1.874863e-02,5.245850e-03,1.875498e-03,4.607337e-02,4.311156e-03,3.075666e-03,1.308562e-01,7.598103e-01,6.202994e-03,4.965990e-03,5.950542e-04
7.946767e-03,2.345569e-03,1.141340e-03,2.039906e-03,1.983158e-02,5.541984e-03,1.344566e-03,3.241351e-02,3.248625e-03,2.687190e-03,1.071548e-01,8.057203e-01,4.580394e-03,3.566247e-03,4.372637e-04
5.676521e-03,1.766898e-03,8.271405e-04,1.454756e-03,2.749878e-02,4.209842e-03,9.519100e-04,2.274626e-02,2.535378e-03,2.105309e-03,8.329330e-02,8.406140e-01,3.448567e-03,2.553252e-03,3.181751e-04
4.036355e-03,1.283444e-03,5.942265e-04,1.031745e-03,2.091515e-02,3.058619e-03,6.733473e-04,1.593958e-02,1.923136e-03,1.614732e-03,6.169314e-02,8.826280e-01,2.529255e-03,1.848511e-03,2.308146e-04
3.113966e-03,9.744581e-04,4.532412e-04,7.524432e-04,2.195493e-02,3.173928e-03,7.105513e-04,1.171738e-02,1.434676e-03,1.244199e-03,4.517324e-02,9.058372e-01,1.959922e-03,1.333660e-03,1.662247e-04
2.624778e-03,9.492523e-04,4.612267e-04,5.990939e-04,2.846356e-02,6.535382e-03,7.675809e-04,1.000158e-02,1.138596e-03,1.115182e-03,3.304747e-02,9.116727e-01,1.537445e-03,9.635193e-04,1.226476e-04
3.323725e-03,3.944050e-03,2.231173e-03,7.382485e-04,3.874907e-02,4.782401e-02,1.821579e-03,1.241569e-02,8.747288e-04,1.093850e-03,2.634066e-02,8.586782e-01,1.149020e-03,7.273015e-04,8.863717e-05
2.677285e-03,5.063089e-03,2.475027e-03,7.393304e-04,7.677803e-02,4.913455e-02,2.606327e-03,1.931032e-02,7.333230e-04,8.275126e-04,1.909433e-02,8.191141e-01,8.389982e-04,5.448221e-04,6.298114e-05
4.978595e-03,7.173248e-03,1.290898e-02,3.574425e-03,8.483624e-02,4.446527e-02,6.186099e-03,4.380022e-02,7.003354e-04,1.067742e-03,1.448211e-02,7.745282e-01,7.665367e-04,4.802002e-04,5.183897e-05
5.621061e-03,6.828431e-03,5.847744e-02,1.399673e-02,9.280539e-02,3.697928e-02,6.929615e-03,1.654232e-01,6.017764e-04,9.200497e-04,1.140304e-02,5.989521e-01,6.433042e-04,3.800328e-04,3.868929e-05
5.652374e-03,7.292625e-03,4.805141e-02,1.561185e-02,1.094350e-01,3.191970e-02,6.014202e-03,1.593307e-01,7.635566e-04,1.010934e-03,1.087216e-02,6.031245e-01,5.678649e-04,3.232743e-04,2.989406e-05
6.878979e-03,7.495820e-03,3.633074e-02,1.959826e-02,1.829325e-01,3.944756e-02,5.224951e-03,1.822065e-01,1.078512e-03,9.459733e-04,1.142012e-02,5.055090e-01,6.554280e-04,2.536715e-04,2.195416e-05
7.462816e-03,8.979658e-03,2.918268e-02,2.127894e-02,2.178932e-01,3.989133e-02,4.176361e-03,2.268288e-01,2.925532e-03,9.101348e-04,1.016695e-02,4.294260e-01,6.247028e-04,2.351913e-04,1.778523e-05
1.669332e-02,9.267610e-03,3.465293e-02,2.804825e-02,1.967569e-01,5.776390e-02,3.819202e-03,2.747198e-01,2.869616e-03,1.684035e-03,1.570560e-02,3.563713e-01,9.137767e-04,6.773734e-04,5.638173e-05
2.185563e-02,7.834087e-03,3.036905e-02,4.130426e-02,1.683278e-01,4.541601e-02,3.122848e-03,3.977223e-01,2.741404e-03,2.582733e-03,1.630403e-02,2.603800e-01,8.808157e-04,1.037502e-03,1.214856e-04
3.361755e-02,7.957520e-03,3.359895e-02,7.572964e-02,1.660423e-01,4.251505e-02,2.966100e-03,3.997276e-01,3.749441e-03,8.580083e-03,2.398961e-02,1.978143e-01,9.103662e-04,2.450017e-03,3.514411e-04
7.423779e-02,7.036331e-03,3.325848e-02,1.157278e-01,1.590384e-01,3.606893e-02,2.612297e-03,3.277139e-01,8.351184e-03,1.513977e-02,5.923152e-02,1.522493e-01,9.889787e-04,7.070309e-03,1.275031e-03
1.342265e-01,7.408594e-03,3.039884e-02,1.371245e-01,1.355784e-01,2.955007e-02,2.231702e-03,2.487463e-01,1.768606e-02,2.583066e-02,8.691590e-02,1.277182e-01,1.181945e-03,1.333828e-02,2.063991e-03
2.599514e-01,7.293890e-03,2.458457e-02,1.235723e-01,1.012347e-01,2.550984e-02,2.093033e-03,1.801938e-01,3.194556e-02,3.434898e-02,7.715306e-02,1.029742e-01,1.832019e-03,2.129878e-02,6.013733e-03
3.247526e-01,7.583752e-03,1.924178e-02,1.012684e-01,7.560664e-02,2.151502e-02,1.905444e-03,1.298014e-01,5.653369e-02,5.790254e-02,7.563284e-02,7.918572e-02,1.852851e-03,3.698290e-02,1.023445e-02
4.075186e-01,7.020575e-03,1.531102e-02,7.752821e-02,5.524680e-02,1.961819e-02,1.668312e-03,9.239671e-02,5.130654e-02,6.814337e-02,7.280282e-02,6.415612e-02,2.150580e-03,4.774569e-02,1.738646e-02
4.946147e-01,6.093258e-03,1.424292e-02,6.449569e-02,4.035121e-02,1.692327e-02,1.597638e-03,6.754968e-02,4.375613e-02,6.970612e-02,6.092553e-02,5.476667e-02,2.310612e-03,4.348964e-02,1.917690e-02
1.000000e+00,0.000000e+00,0.000000e+00,0.000000e+00,0.000000e+00,0.000000e+00,0.000000e+00,0.000000e+00,0.000000e+00,0.000000e+00,0.000000e+00,0.000000e+00,0.000000e+00,0.000000e+00,0.000000e+00
1.000000e+00,0.000000e+00,0.000000e+00,0.000000e+00,0.000000e+00,0.000000e+00,0.000000e+00,0.000000e+00,0.000000e+00,0.000000e+00,0.000000e+00,0.000000e+00,0.000000e+00,0.000000e+00,0.000000e+00
1.000000e+00,0.000000e+00,0.000000e+00,0.000000e+00,0.000000e+00,0.000000e+00,0.000000e+00,0.000000e+00,0.000000e+00,0.000000e+00,0.000000e+00,0.000000e+00,0.000000e+00,0.000000e+00,0.000000e+00
1.000000e+00,0.000000e+00,0.000000e+00,0.000000e+00,0.000000e+00,0.000000e+00,0.000000e+00,0.000000e+00,0.000000e+00,0.000000e+00,0.000000e+00,0.000000e+00,0.000000e+00,0.000000e+00,0.000000e+00
1.000000e+00,0.000000e+00,0.000000e+00,0.000000e+00,0.000000e+00,0.000000e+00,0.000000e+00,0.000000e+00,0.000000e+00,0.000000e+00,0.000000e+00,0.000000e+00,0.000000e+00,0.000000e+00,0.000000e+00
1.000000e+00,0.000000e+00,0.000000e+00,0.000000e+00,0.000000e+00,0.000000e+00,0.000000e+00,0.000000e+00,0.000000e+00,0.000000e+00,0.000000e+00,0.000000e+00,0.000000e+00,0.000000e+00,0.000000e+00
1.000000e+00,0.000000e+00,0.000000e+00,0.000000e+00,0.000000e+00,0.000000e+00,0.000000e+00,0.000000e+00,0.000000e+00,0.000000e+00,0.000000e+00,0.000000e+00,0.000000e+00,0.000000e+00,0.000000e+00
1.000000e+00,0.000000e+00,0.000000e+00,0.000000e+00,0.000000e+00,0.000000e+00,0.000000e+00,0.000000e+00,0.000000e+00,0.000000e+00,0.000000e+00,0.000000e+00,0.000000e+00,0.000000e+00,0.000000e+00
3.716967e-01,1.776343e-02,9.989238e-03,1.221295e-01,5.933664e-03,1.471424e-02,1.865759e-03,1.023993e-02,2.999731e-02,9.488366e-03,1.293440e-01,1.841781e-01,1.599578e-02,1.074088e-02,6.592326e-02
2.669638e-01,1.887044e-02,8.403055e-03,1.354319e-01,5.397930e-03,1.206299e-02,1.436424e-03,7.838520e-03,5.442031e-02,7.963964e-03,2.269599e-01,1.769530e-01,1.311799e-02,1.039983e-02,5.378001e-02
1.942650e-01,1.509230e-02,8.036753e-03,1.503055e-01,4.853188e-03,1.106260e-02,1.115881e-03,5.830598e-03,5.737419e-02,6.627311e-03,3.129565e-01,1.724345e-01,1.074770e-02,9.331767e-03,3.996627e-02
1.832753e-01,1.425002e-02,6.528057e-03,1.177964e-01,5.328436e-03,1.371487e-02,2.009833e-03,5.563855e-03,5.131445e-02,6.212995e-03,3.695914e-01,1.668868e-01,9.357753e-03,1.011701e-02,3.805280e-02
2.129051e-01,2.785790e-02,8.617826e-03,9.687499e-02,9.376018e-03,2.078652e-02,4.184689e-03,9.629411e-03,6.915158e-02,5.191513e-03,3.375924e-01,1.340876e-01,1.180956e-02,9.945028e-03,4.198976e-02
2.651362e-01,3.444091e-02,1.570438e-02,7.420184e-02,1.430022e-02,2.616906e-02,9.916348e-03,2.227441e-02,7.313479e-02,4.381279e-03,2.975752e-01,1.098465e-01,9.316297e-03,9.307301e-03,3.429535e-02
3.281382e-01,2.951726e-02,1.493253e-02,5.741385e-02,1.609540e-02,7.740099e-02,1.160803e-02,2.438391e-02,6.040253e-02,5.208780e-03,2.376377e-01,9.086651e-02,8.332262e-03,1.013176e-02,2.793028e-02
3.041035e-01,3.286528e-02,1.255821e-02,5.104924e-02,2.917407e-02,9.651484e-02,1.125396e-02,2.264456e-02,8.217968e-02,4.391194e-03,2.192523e-01,8.574444e-02,1.286114e-02,9.017591e-03,2.638992e-02
2.525096e-01,6.429131e-02,1.187766e-02,5.438897e-02,3.335440e-02,8.910099e-02,8.917102e-03,1.881153e-02,1.662124e-01,4.463570e-03,1.654773e-01,7.440562e-02,1.511083e-02,1.001003e-02,3.106872e-02
1.815109e-01,6.701057e-02,1.928515e-02,6.395464e-02,3.231299e-02,9.698354e-02,8.211162e-03,2.047777e-02,2.331719e-01,4.986958e-03,1.260396e-01,5.686249e-02,4.805070e-02,1.412137e-02,2.702013e-02
1.279151e-01,5.950525e-02,2.452468e-02,8.796281e-02,2.509668e-02,8.578333e-02,5.873976e-03,1.540361e-02,2.404415e-01,1.943391e-02,9.124926e-02,4.871461e-02,4.869637e-02,1.077608e-02,1.086228e-01
9.480932e-02,4.929069e-02,1.921175e-02,7.660356e-02,6.198803e-02,9.161966e-02,5.288060e-03,1.252350e-02,3.421430e-01,1.525526e-02,6.616180e-02,3.465067e-02,3.621015e-02,7.753958e-03,8.649059e-02
7.957346e-02,4.040881e-02,1.674649e-02,8.443274e-02,7.246578e-02,1.275247e-01,5.191671e-03,1.275953e-02,3.767651e-01,1.179985e-02,4.760411e-02,2.471433e-02,2.672853e-02,5.726213e-03,6.755862e-02
1.227848e-01,3.828117e-02,1.363708e-02,8.781175e-02,8.738945e-02,1.712967e-01,5.778972e-03,1.298734e-02,3.131025e-01,8.969185e-03,3.599104e-02,1.866850e-02,2.078868e-02,4.678405e-03,5.783444e-02
1.036732e-01,5.658992e-02,1.114022e-02,1.365358e-01,8.089938e-02,1.369290e-01,4.316894e-03,1.329714e-02,2.878964e-01,9.217707e-03,2.839704e-02,1.450520e-02,1.994599e-02,3.970919e-03,9.268516e-02
8.356525e-02,9.992355e-02,1.060010e-02,1.205094e-01,6.815089e-02,1.160734e-01,3.236835e-03,1.304586e-02,2.691083e-01,2.707262e-02,2.343968e-02,1.079989e-02,1.561377e-02,3.084847e-03,1.357756e-01
9.564404e-02,8.417095e-02,8.889738e-03,9.658859e-02,1.146546e-01,1.251527e-01,5.395582e-03,2.768472e-02,2.677808e-01,2.115322e-02,1.968089e-02,1.029408e-02,1.473687e-02,2.447094e-03,1.057262e-01
1.175153e-01,6.137574e-02,6.890908e-03,7.043115e-02,1.174785e-01,2.541445e-01,8.288698e-03,2.701793e-02,2.112238e-01,1.498195e-02,1.500293e-02,7.725794e-03,1.140490e-02,1.900703e-03,7.461727e-02
1.414815e-01,4.401266e-02,6.831537e-03,5.393742e-02,8.588389e-02,3.742919e-01,8.639983e-03,3.175713e-02,1.537024e-01,1.216803e-02,1.363068e-02,6.355635e-03,9.592042e-03,2.983808e-03,5.473144e-02
1.418558e-01,3.169066e-02,6.097178e-03,4.072110e-02,6.225943e-02,4.716724e-01,8.803234e-03,3.972163e-02,1.107465e-01,1.646861e-02,1.215780e-02,4.849872e-03,7.251897e-03,2.823340e-03,4.288056e-02
1.344860e-01,2.280360e-02,6.500007e-03,3.501518e-02,4.585213e-02,5.525038e-01,8.114416e-03,4.141429e-02,7.935821e-02,1.861756e-02,1.064680e-02,3.855507e-03,5.719665e-03,2.372984e-03,3.273983e-02
1.302770e-01,1.680940e-02,1.086433e-02,3.119788e-02,3.583083e-02,6.012673e-01,7.921088e-03,3.699131e-02,5.676275e-02,3.053731e-02,8.127132e-03,2.816183e-03,4.291929e-03,1.920603e-03,2.438497e-02
1.410387e-01,1.264408e-02,1.589881e-02,2.612714e-02,2.820104e-02,6.169442e-01,6.828047e-03,3.084140e-02,4.151741e-02,4.510250e-02,6.769076e-03,2.081612e-03,3.451363e-03,2.081930e-03,2.047274e-02
1.329231e-01,9.628357e-03,1.717862e-02,2.219867e-02,2.105844e-02,6.104872e-01,5.027480e-03,2.266847e-02,3.263828e-02,9.723020e-02,5.371797e-03,1.500634e-03,2.663698e-03,2.806182e-03,1.661901e-02
1.208172e-01,8.444392e-03,2.150979e-02,1.805690e-02,1.579719e-02,6.239748e-01,3.972128e-03,1.730476e-02,2.824672e-02,1.077046e-01,4.817544e-03,1.133507e-03,2.258280e-03,5.360974e-03,2.060126e-02
1.159792e-01,7.721944e-03,2.935498e-02,1.589900e-02,1.191118e-02,5.707034e-01,3.285432e-03,1.369233e-02,3.463866e-02,1.252826e-01,5.741983e-03,1.031970e-03,2.743720e-03,1.133596e-02,5.067774e-02
9.241448e-02,7.269114e-03,2.376841e-02,1.284981e-02,8.499207e-03,4.507939e-01,2.768653e-03,1.000075e-02,4.917170e-02,2.159953e-01,1.251773e-02,1.464873e-03,4.086623e-03,1.621288e-02,9.218666e-02
6.626169e-02,5.433420e-03,1.751649e-02,9.728911e-03,5.986586e-03,4.458017e-01,2.158080e-03,7.112594e-03,8.849664e-02,1.629322e-01,2.198526e-02,1.452150e-03,4.655691e-03,1.567454e-02,1.448041e-01
