1.000000e+00,0.000000e+00,0.000000e+00,0.000000e+00,0.000000e+00,0.000000e+00,0.000000e+00,0.000000e+00,0.000000e+00,0.000000e+00,0.000000e+00,0.000000e+00,0.000000e+00,0.000000e+00,0.000000e+00
1.000000e+00,0.000000e+00,0.000000e+00,0.000000e+00,0.000000e+00,0.000000e+00,0.000000e+00,0.000000e+00,0.000000e+00,0.000000e+00,0.000000e+00,0.000000e+00,0.000000e+00,0.000000e+00,0.000000e+00
1.000000e+00,0.000000e+00,0.000000e+00,0.000000e+00,0.000000e+00,0.000000e+00,0.000000e+00,0.000000e+00,0.000000e+00,0.000000e+00,0.000000e+00,0.000000e+00,0.000000e+00,0.000000e+00,0.000000e+00
1.000000e+00,0.000000e+00,0.000000e+00,0.000000e+00,0.000000e+00,0.000000e+00,0.000000e+00,0.000000e+00,0.000000e+00,0.000000e+00,0.000000e+00,0.000000e+00,0.000000e+00,0.000000e+00,0.000000e+00
1.000000e+00,0.000000e+00,0.000000e+00,0.000000e+00,0.000000e+00,0.000000e+00,0.000000e+00,0.000000e+00,0.000000e+00,0.000000e+00,0.000000e+00,0.000000e+00,0.000000e+00,0.000000e+00,0.000000e+00
1.000000e+00,0.000000e+00,0.000000e+00,0.000000e+00,0.000000e+00,0.000000e+00,0.000000e+00,0.000000e+00,0.000000e+00,0.000000e+00,0.000000e+00,0.000000e+00,0.000000e+00,0.000000e+00,0.000000e+00
1.000000e+00,0.000000e+00,0.000000e+00,0.000000e+00,0.000000e+00,0.000000e+00,0.000000e+00,0.000000e+00,0.000000e+00,0.000000e+00,0.000000e+00,0.000000e+00,0.000000e+00,0.000000e+00,0.000000e+00
1.000000e+00,0.000000e+00,0.000000e+00,0.000000e+00,0.000000e+00,0.000000e+00,0.000000e+00,0.000000e+00,0.000000e+00,0.000000e+00,0.000000e+00,0.000000e+00,0.000000e+00,0.000000e+00,0.000000e+00
1.000000e+00,0.000000e+00,0.000000e+00,0.000000e+00,0.000000e+00,0.000000e+00,0.000000e+00,0.000000e+00,0.000000e+00,0.000000e+00,0.000000e+00,0.000000e+00,0.000000e+00,0.000000e+00,0.000000e+00
1.000000e+00,0.000000e+00,0.000000e+00,0.000000e+00,0.000000e+00,0.000000e+00,0.000000e+00,0.000000e+00,0.000000e+00,0.000000e+00,0.000000e+00,0.000000e+00,0.000000e+00,0.000000e+00,0.000000e+00
1.000000e+00,0.000000e+00,0.000000e+00,0.000000e+00,0.000000e+00,0.000000e+00,0.000000e+00,0.000000e+00,0.000000e+00,0.000000e+00,0.000000e+00,0.000000e+00,0.000000e+00,0.000000e+00,0.000000e+00
1.000000e+00,0.000000e+00,0.000000e+00,0.000000e+00,0.000000e+00,0.000000e+00,0.000000e+00,0.000000e+00,0.000000e+00,0.000000e+00,0.000000e+00,0.000000e+00,0.000000e+00,0.000000e+00,0.000000e+00
1.000000e+00,0.000000e+00,0.000000e+00,0.000000e+00,0.000000e+00,0.000000e+00,0.000000e+00,0.000000e+00,0.000000e+00,0.000000e+00,0.000000e+00,0.000000e+00,0.000000e+00,0.000000e+00,0.000000e+00
1.000000e+00,0.000000e+00,0.000000e+00,0.000000e+00,0.000000e+00,0.000000e+00,0.000000e+00,0.000000e+00,0.000000e+00,0.000000e+00,0.000000e+00,0.000000e+00,0.000000e+00,0.000000e+00,0.000000e+00
1.000000e+00,0.000000e+00,0.000000e+00,0.000000e+00,0.000000e+00,0.000000e+00,0.000000e+00,0.000000e+00,0.000000e+00,0.000000e+00,0.000000e+00,0.000000e+00,0.000000e+00,0.000000e+00,0.000000e+00
1.000000e+00,0.000000e+00,0.000000e+00,0.000000e+00,0.000000e+00,0.000000e+00,0.000000e+00,0.000000e+00,0.000000e+00,0.000000e+00,0.000000e+00,0.000000e+00,0.000000e+00,0.000000e+00,0.000000e+00
1.000000e+00,0.000000e+00,0.000000e+00,0.000000e+00,0.000000e+00,0.000000e+00,0.000000e+00,0.000000e+00,0.000000e+00,0.000000e+00,0.000000e+00,0.000000e+00,0.000000e+00,0.000000e+00,0.000000e+00
1.000000e+00,0.000000e+00,0.000000e+00,0.000000e+00,0.000000e+00,0.000000e+00,0.000000e+00,0.000000e+00,0.000000e+00,0.000000e+00,0.000000e+00,0.000000e+00,0.000000e+00,0.000000e+00,0.000000e+00
1.000000e+00,0.000000e+00,0.000000e+00,0.000000e+00,0.000000e+00,0.000000e+00,0.000000e+00,0.000000e+00,0.000000e+00,0.000000e+00,0.000000e+00,0.000000e+00,0.000000e+00,0.000000e+00,0.000000e+00
1.000000e+00,0.000000e+00,0.000000e+00,0.000000e+00,0.000000e+00,0.000000e+00,0.000000e+00,0.000000e+00,0.000000e+00,0.000000e+00,0.000000e+00,0.000000e+00,0.000000e+00,0.000000e+00,0.000000e+00
1.000000e+00,0.000000e+00,0.000000e+00,0.000000e+00,0.000000e+00,0.000000e+00,0.000000e+00,0.000000e+00,0.000000e+00,0.000000e+00,0.000000e+00,0.000000e+00,0.000000e+00,0.000000e+00,0.000000e+00
1.000000e+00,0.000000e+00,0.000000e+00,0.000000e+00,0.000000e+00,0.000000e+00,0.000000e+00,0.000000e+00,0.000000e+00,0.000000e+00,0.000000e+00,0.000000e+00,0.000000e+00,0.000000e+00,0.000000e+00
1.000000e+00,0.000000e+00,0.000000e+00,0.000000e+00,0.000000e+00,0.000000e+00,0.000000e+00,0.000000e+00,0.000000e+00,0.000000e+00,0.000000e+00,0.000000e+00,0.000000e+00,0.000000e+00,0.000000e+00
1.000000e+00,0.000000e+00,0.000000e+00,0.000000e+00,0.000000e+00,0.000000e+00,0.000000e+00,0.000000e+00,0.000000e+00,0.000000e+00,0.000000e+00,0.000000e+00,0.000000e+00,0.000000e+00,0.000000e+00
1.000000e+00,0.000000e+00,0.000000e+00,0.000000e+00,0.000000e+00,0.000000e+00,0.000000e+00,0.000000e+00,0.000000e+00,0.000000e+00,0.000000e+00,0.000000e+00,0.000000e+00,0.000000e+00,0.000000e+00
1.000000e+00,0.000000e+00,0.000000e+00,0.000000e+00,0.000000e+00,0.000000e+00,0.000000e+00,0.000000e+00,0.000000e+00,0.000000e+00,0.000000e+00,0.000000e+00,0.000000e+00,0.000000e+00,0.000000e+00
1.000000e+00,0.000000e+00,0.000000e+00,0.000000e+00,0.000000e+00,0.000000e+00,0.000000e+00,0.000000e+00,0.000000e+00,0.000000e+00,0.000000e+00,0.000000e+00,0.000000e+00,0.000000e+00,0.000000e+00
1.000000e+00,0.000000e+00,0.000000e+00,0.000000e+00,0.000000e+00,0.000000e+00,0.000000e+00,0.000000e+00,0.000000e+00,0.000000e+00,0.000000e+00,0.000000e+00,0.000000e+00,0.000000e+00,0.000000e+00
1.000000e+00,0.000000e+00,0.000000e+00,0.000000e+00,0.000000e+00,0.000000e+00,0.000000e+00,0.000000e+00,0.000000e+00,0.000000e+00,0.000000e+00,0.000000e+00,0.000000e+00,0.000000e+00,0.000000e+00
1.000000e+00,0.000000e+00,0.000000e+00,0.000000e+00,0.000000e+00,0.000000e+00,0.000000e+00,0.000000e+00,0.000000e+00,0.000000e+00,0.000000e+00,0.000000e+00,0.000000e+00,0.000000e+00,0.000000e+00
1.000000e+00,0.000000e+00,0.000000e+00,0.000000e+00,0.000000e+00,0.000000e+00,0.000000e+00,0.000000e+00,0.000000e+00,0.000000e+00,0.000000e+00,0.000000e+00,0.000000e+00,0.000000e+00,0.000000e+00
1.000000e+00,0.000000e+00,0.000000e+00,0.000000e+00,0.000000e+00,0.000000e+00,0.000000e+00,0.000000e+00,0.000000e+00,0.000000e+00,0.000000e+00,0.000000e+00,0.000000e+00,0.000000e+00,0.000000e+00
1.000000e+00,0.000000e+00,0.000000e+00,0.000000e+00,0.000000e+00,0.000000e+00,0.000000e+00,0.000000e+00,0.000000e+00,0.000000e+00,0.000000e+00,0.000000e+00,0.000000e+00,0.000000e+00,0.000000e+00
1.000000e+00,0.000000e+00,0.000000e+00,0.000000e+00,0.000000e+00,0.000000e+00,0.000000e+00,0.000000e+00,0.000000e+00,0.000000e+00,0.000000e+00,0.000000e+00,0.000000e+00,0.000000e+00,0.000000e+00
1.000000e+00,0.000000e+00,0.000000e+00,0.000000e+00,0.000000e+00,0.000000e+00,0.000000e+00,0.000000e+00,0.000000e+00,0.000000e+00,0.000000e+00,0.000000e+00,0.000000e+00,0.000000e+00,0.000000e+00
1.000000e+00,0.000000e+00,0.000000e+00,0.000000e+00,0.000000e+00,0.000000e+00,0.000000e+00,0.000000e+00,0.000000e+00,0.000000e+00,0.000000e+00,0.000000e+00,0.000000e+00,0.000000e+00,0.000000e+00
1.000000e+00,0.000000e+00,0.000000e+00,0.000000e+00,0.000000e+00,0.000000e+00,0.000000e+00,0.000000e+00,0.000000e+00,0.000000e+00,0.000000e+00,0.000000e+00,0.000000e+00,0.000000e+00,0.000000e+00
1.000000e+00,0.000000e+00,0.000000e+00,0.000000e+00,0.000000e+00,0.000000e+00,0.000000e+00,0.000000e+00,0.000000e+00,0.000000e+00,0.000000e+00,0.000000e+00,0.000000e+00,0.000000e+00,0.000000e+00
1.000000e+00,0.000000e+00,0.000000e+00,0.000000e+00,0.000000e+00,0.000000e+00,0.000000e+00,0.000000e+00,0.000000e+00,0.000000e+00,0.000000e+00,0.000000e+00,0.000000e+00,0.000000e+00,0.000000e+00
1.000000e+00,0.000000e+00,0.000000e+00,0.000000e+00,0.000000e+00,0.000000e+00,0.000000e+00,0.000000e+00,0.000000e+00,0.000000e+00,0.000000e+00,0.000000e+00,0.000000e+00,0.000000e+00,0.000000e+00
1.000000e+00,0.000000e+00,0.000000e+00,0.000000e+00,0.000000e+00,0.000000e+00,0.000000e+00,0.000000e+00,0.000000e+00,0.000000e+00,0.000000e+00,0.000000e+00,0.000000e+00,0.000000e+00,0.000000e+00
1.000000e+00,0.000000e+00,0.000000e+00,0.000000e+00,0.000000e+00,0.000000e+00,0.000000e+00,0.000000e+00,0.000000e+00,0.000000e+00,0.000000e+00,0.000000e+00,0.000000e+00,0.000000e+00,0.000000e+00
1.000000e+00,0.000000e+00,0.000000e+00,0.000000e+00,0.000000e+00,0.000000e+00,0.000000e+00,0.000000e+00,0.000000e+00,0.000000e+00,0.000000e+00,0.000000e+00,0.000000e+00,0.000000e+00,0.000000e+00
1.000000e+00,0.000000e+00,0.000000e+00,0.000000e+00,0.000000e+00,0.000000e+00,0.000000e+00,0.000000e+00,0.000000e+00,0.000000e+00,0.000000e+00,0.000000e+00,0.000000e+00,0.000000e+00,0.000000e+00
1.000000e+00,0.000000e+00,0.000000e+00,0.000000e+00,0.000000e+00,0.000000e+00,0.000000e+00,0.000000e+00,0.000000e+00,0.000000e+00,0.000000e+00,0.000000e+00,0.000000e+00,0.000000e+00,0.000000e+00
1.000000e+00,0.000000e+00,0.000000e+00,0.000000e+00,0.000000e+00,0.000000e+00,0.000000e+00,0.000000e+00,0.000000e+00,0.000000e+00,0.000000e+00,0.000000e+00,0.000000e+00,0.000000e+00,0.000000e+00
1.000000e+00,0.000000e+00,0.000000e+00,0.000000e+00,0.000000e+00,0.000000e+00,0.000000e+00,0.000000e+00,0.000000e+00,0.000000e+00,0.000000e+00,0.000000e+00,0.000000e+00,0.000000e+00,0.000000e+00
1.000000e+00,0.000000e+00,0.000000e+00,0.000000e+00,0.000000e+00,0.000000e+00,0.000000e+00,0.000000e+00,0.000000e+00,0.000000e+00,0.000000e+00,0.000000e+00,0.000000e+00,0.000000e+00,0.000000e+00
1.000000e+00,0.000000e+00,0.000000e+00,0.000000e+00,0.000000e+00,0.000000e+00,0.000000e+00,0.000000e+00,0.000000e+00,0.000000e+00,0.000000e+00,0.000000e+00,0.000000e+00,0.000000e+00,0.000000e+00
1.000000e+00,0.000000e+00,0.000000e+00,0.000000e+00,0.000000e+00,0.000000e+00,0.000000e+00,0.000000e+00,0.000000e+00,0.000000e+00,0.000000e+00,0.000000e+00,0.000000e+00,0.000000e+00,0.000000e+00
1.000000e+00,0.000000e+00,0.000000e+00,0.000000e+00,0.000000e+00,0.000000e+00,0.000000e+00,0.000000e+00,0.000000e+00,0.000000e+00,0.000000e+00,0.000000e+00,0.000000e+00,0.000000e+00,0.000000e+00
1.000000e+00,0.000000e+00,0.000000e+00,0.000000e+00,0.000000e+00,0.000000e+00,0.000000e+00,0.000000e+00,0.000000e+00,0.000000e+00,0.000000e+00,0.000000e+00,0.000000e+00,0.000000e+00,0.000000e+00
3.779860e-01,1.323804e-02,8.656438e-02,4.491038e-02,3.704342e-03,2.643637e-02,2.250452e-03,7.785257e-03,4.130127e-02,3.138994e-03,2.421237e-02,1.970041e-02,1.407869e-02,1.420817e-01,1.926115e-01
2.663320e-01,1.213468e-02,6.099909e-02,3.162375e-02,2.631640e-03,1.911010e-02,1.598159e-03,5.472405e-03,5.176505e-02,2.466909e-03,2.856467e-02,1.424254e-02,9.958010e-03,1.179333e-01,3.751678e-01
1.871078e-01,9.178017e-03,4.293364e-02,2.255065e-02,2.068945e-03,1.351771e-02,1.133311e-03,3.866887e-03,5.178852e-02,2.033992e-03,9.183157e-02,1.174026e-02,7.287956e-03,1.008806e-01,4.520802e-01
1.311141e-01,6.656275e-03,3.014786e-02,1.605231e-02,1.678101e-03,9.663317e-03,8.007232e-04,2.749568e-03,3.910776e-02,1.629283e-03,3.267738e-01,1.052205e-02,5.815543e-03,7.535879e-02,3.419306e-01
9.232716e-02,4.874956e-03,2.115167e-02,1.200600e-02,6.844457e-03,7.805891e-03,8.014588e-04,2.073690e-03,2.957052e-02,1.856516e-03,4.344756e-01,1.498969e-02,5.158891e-03,1.135369e-01,2.525266e-01
6.482350e-02,3.444698e-03,1.482631e-02,8.631319e-03,6.337059e-03,5.704510e-03,6.171959e-04,1.480834e-03,2.685411e-02,1.893669e-03,4.984794e-01,1.999693e-02,4.202770e-03,1.618008e-01,1.809069e-01
4.565011e-02,2.474813e-03,1.040252e-02,6.502287e-03,5.414716e-03,4.362191e-03,4.671216e-04,1.083444e-03,2.991346e-02,1.989126e-03,5.647558e-01,1.841652e-02,3.666361e-03,1.742576e-01,1.306440e-01
3.250336e-02,1.905017e-03,7.388761e-03,5.237358e-03,4.992307e-03,3.697549e-03,3.604578e-04,9.041820e-04,2.704863e-02,1.926046e-03,5.822669e-01,1.913633e-02,2.915510e-03,2.119647e-01,9.775293e-02
2.337543e-02,1.438104e-03,5.247856e-03,4.102608e-03,5.758431e-03,3.184523e-03,3.187844e-04,7.847220e-04,1.999946e-02,1.910321e-03,5.991005e-01,1.573797e-02,2.422582e-03,2.438421e-01,7.277671e-02
1.657979e-02,1.165042e-03,3.780664e-03,3.168421e-03,9.488031e-03,3.923327e-03,2.649853e-04,6.530072e-04,1.765871e-02,2.466915e-03,5.232908e-01,1.375599e-02,1.820521e-03,3.422262e-01,5.975766e-02
1.342605e-02,1.395248e-03,3.269730e-03,2.452657e-03,1.039081e-02,4.233308e-03,6.475563e-04,9.546114e-04,1.371983e-02,3.366875e-03,5.132445e-01,1.388317e-02,1.546168e-03,3.631181e-01,5.435146e-02
1.056365e-02,1.324855e-03,3.026666e-03,1.984319e-03,1.157109e-02,4.446836e-03,6.967709e-04,1.197374e-03,1.107481e-02,4.733233e-03,4.819770e-01,1.632081e-02,1.507078e-03,4.074144e-01,4.216106e-02
9.220549e-03,1.792727e-03,2.609292e-03,1.731653e-03,1.164166e-02,4.568595e-03,9.405228e-04,1.114883e-03,8.968427e-03,8.185813e-03,5.195323e-01,1.887205e-02,1.588759e-03,3.741094e-01,3.512345e-02
7.189597e-03,1.892748e-03,2.144692e-03,1.309494e-03,2.365904e-02,4.545719e-03,2.654091e-03,1.422949e-03,7.828667e-03,1.922727e-02,5.763766e-01,1.743067e-02,1.866349e-03,3.043784e-01,2.807363e-02
6.023705e-03,2.981882e-03,1.900551e-03,1.062373e-03,4.516955e-02,6.581530e-03,5.257954e-03,1.745610e-03,8.099874e-03,5.024463e-02,5.349787e-01,1.632157e-02,2.158814e-03,2.842469e-01,3.322634e-02
4.356542e-03,3.713140e-03,1.909621e-03,7.752896e-04,4.896002e-02,5.598252e-03,3.773864e-03,1.239824e-03,6.448082e-03,2.039556e-01,4.676861e-01,1.371752e-02,2.733904e-03,2.082985e-01,2.683374e-02
3.149155e-03,2.891878e-03,1.755676e-03,5.772245e-04,4.071371e-02,9.361460e-03,2.788567e-03,9.159093e-04,5.284523e-03,4.002267e-01,3.501839e-01,1.020963e-02,2.674868e-03,1.492121e-01,2.005474e-02
2.329693e-03,2.293074e-03,1.710463e-03,4.617138e-04,3.109139e-02,9.438302e-03,1.977595e-03,6.785773e-04,4.021768e-03,5.700222e-01,2.472001e-01,7.243918e-03,1.934568e-03,1.051028e-01,1.449383e-02
2.068420e-03,2.617276e-03,2.970633e-03,3.250531e-03,2.382013e-02,8.948170e-03,1.426506e-03,1.588514e-02,6.191146e-03,6.669310e-01,1.737917e-01,5.761410e-03,1.574059e-03,7.404365e-02,1.072027e-02
2.640760e-03,4.124157e-03,4.481385e-03,3.475045e-03,1.920498e-02,4.328306e-02,1.110071e-03,1.347299e-02,8.912535e-03,7.082542e-01,1.237160e-01,4.863852e-03,1.484100e-03,5.267126e-02,8.305674e-03
4.544347e-03,1.100887e-02,4.443750e-03,3.437262e-03,1.491787e-02,4.565912e-02,9.027713e-04,1.035406e-02,2.077240e-02,7.390314e-01,9.101883e-02,3.878188e-03,1.276686e-03,3.788851e-02,1.086598e-02
6.083142e-03,1.649148e-02,5.690977e-03,1.063278e-02,1.244216e-02,3.512779e-02,9.419085e-04,1.155544e-02,1.286678e-01,6.587169e-01,6.514119e-02,3.572455e-03,1.414636e-03,2.746810e-02,1.605317e-02
9.448525e-03,1.709739e-02,7.287529e-03,9.424839e-03,9.896362e-03,2.963332e-02,8.082699e-04,1.243499e-02,1.627038e-01,6.386149e-01,5.076746e-02,5.177354e-03,2.303410e-03,2.442212e-02,1.997974e-02
2.051088e-02,1.742484e-02,1.052781e-02,7.110824e-03,9.384756e-03,2.341789e-02,8.636751e-04,1.121616e-02,1.314107e-01,6.756544e-01,4.275323e-02,5.904059e-03,3.248798e-03,2.171096e-02,1.886104e-02
2.383267e-02,2.484877e-02,1.667518e-02,3.012548e-02,2.432590e-02,3.479356e-02,2.183379e-03,1.164694e-02,1.508779e-01,5.950205e-01,3.349925e-02,6.560167e-03,4.995779e-03,1.745064e-02,2.316389e-02
2.152676e-02,3.798531e-02,1.731582e-02,2.871314e-02,2.688790e-02,3.462910e-02,2.214556e-03,1.206617e-02,1.840905e-01,5.388682e-01,2.979587e-02,6.873947e-03,9.062192e-03,1.450712e-02,3.546343e-02
5.380045e-02,4.823433e-02,2.303443e-02,3.136706e-02,4.204107e-02,4.311610e-02,2.624991e-03,1.454870e-02,1.631117e-01,4.659982e-01,3.293298e-02,1.269812e-02,1.117228e-02,1.864128e-02,3.667825e-02
1.006463e-01,4.541412e-02,2.958925e-02,2.572617e-02,5.938394e-02,4.461503e-02,2.614305e-03,1.383883e-02,1.296909e-01,4.476515e-01,2.761579e-02,1.207433e-02,8.903947e-03,2.143941e-02,3.079610e-02
1.132037e-01,4.207471e-02,2.539953e-02,2.027871e-02,5.587950e-02,4.012830e-02,2.280630e-03,1.300502e-02,1.136273e-01,4.654063e-01,2.916188e-02,1.280151e-02,1.180883e-02,2.330222e-02,3.164183e-02
1.336709e-01,3.583802e-02,2.179713e-02,1.845500e-02,5.087017e-02,3.918638e-02,2.018479e-03,1.254786e-02,9.662139e-02,4.521546e-01,5.097745e-02,1.960720e-02,1.205876e-02,2.462809e-02,2.956846e-02
2.018163e-01,3.029907e-02,1.873933e-02,1.904147e-02,4.311872e-02,3.897493e-02,2.056926e-03,1.421718e-02,7.551084e-02,3.398950e-01,7.371345e-02,7.920597e-02,1.250769e-02,2.325133e-02,2.765178e-02
2.801639e-01,2.992402e-02,1.845604e-02,2.509638e-02,3.921453e-02,3.480950e-02,2.398403e-03,1.687543e-02,5.915790e-02,2.490636e-01,7.620853e-02,1.035222e-01,1.766025e-02,2.144329e-02,2.600603e-02
3.336660e-01,2.413914e-02,1.626592e-02,2.604010e-02,2.991768e-02,3.022257e-02,2.318725e-03,1.661944e-02,4.636839e-02,1.898843e-01,9.642640e-02,1.212593e-01,1.995097e-02,2.479254e-02,2.212846e-02
4.052062e-01,2.007590e-02,1.438606e-02,2.072402e-02,2.182460e-02,2.614337e-02,2.051772e-03,1.420406e-02,3.676113e-02,1.403255e-01,1.249785e-01,1.060028e-01,1.922041e-02,2.957533e-02,1.852021e-02
4.245619e-01,2.590438e-02,1.218966e-02,1.806942e-02,1.644576e-02,2.172760e-02,1.906126e-03,1.221354e-02,3.983755e-02,1.056481e-01,1.644195e-01,9.092814e-02,1.776759e-02,3.091418e-02,1.746645e-02
3.693687e-01,3.278403e-02,2.341134e-02,2.085108e-02,1.385849e-02,2.054870e-02,2.156042e-03,1.695923e-02,5.527757e-02,7.748979e-02,2.057121e-01,8.282050e-02,1.472540e-02,4.536365e-02,1.867339e-02
3.083499e-01,5.099427e-02,1.865266e-02,1.829075e-02,1.177056e-02,1.708669e-02,1.881792e-03,1.978460e-02,9.965728e-02,5.841689e-02,2.268646e-01,7.474986e-02,1.190917e-02,6.378253e-02,1.780845e-02
2.357029e-01,6.385656e-02,1.414922e-02,1.676357e-02,9.494714e-03,1.484653e-02,1.461108e-03,1.775443e-02,1.739255e-01,4.930170e-02,2.149915e-01,5.681577e-02,9.348480e-03,1.050141e-01,1.657393e-02
1.849267e-01,7.486923e-02,1.365684e-02,1.878800e-02,9.395204e-03,4.078731e-02,1.393829e-03,2.267376e-02,1.663395e-01,3.770612e-02,2.392769e-01,4.538047e-02,8.281059e-03,1.224288e-01,1.409620e-02
1.514718e-01,7.527700e-02,1.265571e-02,2.837755e-02,1.418093e-02,3.641393e-02,1.314159e-03,2.475808e-02,1.984275e-01,3.401235e-02,2.202065e-01,4.001453e-02,7.119380e-03,1.364857e-01,1.928489e-02
1.158040e-01,6.586874e-02,1.048562e-02,2.295487e-02,2.340205e-02,2.892896e-02,9.750951e-04,2.503742e-02,2.345095e-01,2.549907e-02,2.705402e-01,3.045491e-02,5.507696e-03,1.239125e-01,1.611951e-02
9.736754e-02,9.421487e-02,2.447575e-02,4.098991e-02,4.432645e-02,2.358271e-02,8.600080e-04,4.987382e-02,2.686130e-01,1.861238e-02,2.027376e-01,2.237535e-02,4.215621e-03,9.535468e-02,1.240039e-02
1.008390e-01,1.074408e-01,3.402438e-02,5.577124e-02,5.109374e-02,2.340155e-02,8.313549e-04,4.173408e-02,2.546047e-01,1.452618e-02,1.887447e-01,1.652362e-02,3.599968e-03,9.310690e-02,1.375784e-02
9.110472e-02,1.094342e-01,3.897746e-02,5.243346e-02,4.628989e-02,2.120500e-02,7.328778e-04,6.749976e-02,2.802118e-01,1.588468e-02,1.638494e-01,1.488249e-02,3.927554e-03,7.371981e-02,1.984680e-02
8.319417e-02,1.208114e-01,3.516332e-02,5.260441e-02,3.915176e-02,2.028398e-02,7.279507e-04,9.567191e-02,2.953283e-01,1.286841e-02,1.477079e-01,1.402499e-02,3.601310e-03,6.219714e-02,1.666301e-02
9.277910e-02,1.089965e-01,3.190062e-02,5.525687e-02,3.648088e-02,1.930609e-02,7.624037e-04,9.886979e-02,2.859937e-01,9.989027e-03,1.676888e-01,1.272460e-02,3.604337e-03,6.087272e-02,1.477458e-02
1.015701e-01,1.165966e-01,2.690326e-02,4.660080e-02,3.644596e-02,2.227245e-02,6.654745e-04,8.401061e-02,3.282750e-01,7.873306e-03,1.382597e-01,1.019437e-02,2.895765e-03,6.543969e-02,1.199684e-02
1.483253e-01,1.023224e-01,2.492228e-02,3.966255e-02,3.291870e-02,1.790867e-02,8.038821e-04,7.338030e-02,3.559796e-01,6.445572e-03,1.098472e-01,8.421708e-03,2.708314e-03,6.575100e-02,1.060251e-02
2.420299e-01,8.981670e-02,3.336012e-02,3.517255e-02,2.700314e-02,1.770897e-02,1.082719e-03,6.799951e-02,3.198448e-01,5.002439e-03,8.127201e-02,7.934175e-03,2.914297e-03,5.545874e-02,1.339994e-02
3.235063e-01,7.717209e-02,4.210873e-02,3.691996e-02,2.298697e-02,1.557756e-02,1.146594e-03,5.758151e-02,2.833467e-01,4.097500e-03,6.200515e-02,7.394040e-03,2.614160e-03,4.998370e-02,1.355893e-02
3.999499e-01,5.940273e-02,4.516508e-02,3.098068e-02,1.945703e-02,1.388095e-02,1.086998e-03,4.542312e-02,2.518867e-01,3.630029e-03,5.444051e-02,8.078614e-03,2.789199e-03,5.104958e-02,1.277886e-02
4.717242e-01,4.838851e-02,4.001220e-02,2.781088e-02,1.662715e-02,1.266916e-02,1.096330e-03,3.572258e-02,2.100700e-01,3.373404e-03,5.367300e-02,8.589781e-03,2.879340e-03,5.280592e-02,1.455746e-02
4.077529e-01,3.793131e-02,3.509368e-02,2.585348e-02,1.248407e-02,3.133260e-02,9.019998e-04,2.660305e-02,1.729925e-01,6.182791e-03,4.825692e-02,9.918427e-03,2.987778e-03,7.845205e-02,1.032565e-01
3.037654e-01,2.886376e-02,2.653351e-02,2.113686e-02,9.668990e-03,2.476657e-02,7.025214e-04,1.953098e-02,1.419581e-01,5.176038e-03,2.437565e-01,8.677840e-03,3.773798e-03,7.375130e-02,8.793789e-02
2.202943e-01,2.335460e-02,1.924861e-02,1.998657e-02,6.997072e-03,1.787303e-02,5.180151e-04,1.388331e-02,2.560706e-01,6.195405e-03,2.391056e-01,1.698014e-02,8.100101e-03,5.914575e-02,9.224680e-02
1.960296e-01,1.678278e-02,1.424575e-02,2.072577e-02,6.056408e-03,1.346269e-02,5.103333e-04,1.039725e-02,1.881911e-01,9.874469e-03,3.258915e-01,2.160373e-02,1.042064e-02,8.485031e-02,8.095771e-02
1.421140e-01,1.203815e-02,1.017698e-02,1.565876e-02,4.997282e-03,9.950510e-03,4.078495e-04,7.419651e-03,1.368805e-01,7.744007e-03,4.031186e-01,1.931222e-02,8.678922e-03,1.641421e-01,5.736054e-02
1.004161e-01,8.678923e-03,7.403993e-03,1.200251e-02,4.607369e-03,7.202120e-03,3.345196e-04,5.417024e-03,1.026587e-01,7.127367e-03,5.025495e-01,1.666671e-02,6.720407e-03,1.768455e-01,4.136924e-02
7.139438e-02,6.287774e-03,6.006659e-03,1.408632e-02,1.661606e-02,5.856182e-03,5.557441e-04,4.387180e-03,7.690942e-02,1.852856e-02,4.532465e-01,1.448367e-02,6.246133e-03,2.365211e-01,6.887429e-02
5.090658e-02,4.585266e-03,5.706560e-03,1.721430e-02,3.138106e-02,6.109969e-03,1.006247e-03,4.172341e-03,5.737312e-02,3.759184e-02,4.102816e-01,1.787518e-02,9.208205e-03,2.321503e-01,1.144373e-01
3.631347e-02,3.278833e-03,4.449815e-03,1.443457e-02,3.897121e-02,5.088079e-03,8.694689e-04,4.901696e-03,4.517151e-02,6.003232e-02,3.589643e-01,2.211018e-02,9.571724e-03,2.058314e-01,1.900114e-01
2.576892e-02,2.344151e-03,3.656089e-03,1.442330e-02,6.350596e-02,6.177854e-03,8.366373e-04,4.731604e-03,3.306817e-02,8.178862e-02,2.824145e-01,1.961957e-02,9.027474e-03,1.629962e-01,2.896409e-01
1.811462e-02,1.664720e-03,2.639740e-03,1.052715e-02,1.262104e-01,4.635980e-03,9.773233e-04,3.995287e-03,2.515072e-02,6.342090e-02,2.136973e-01,1.434541e-02,7.308779e-03,1.169527e-01,3.903589e-01
1.280259e-02,1.249929e-03,2.145583e-03,7.510710e-03,1.394400e-01,3.366486e-03,9.447971e-04,3.368303e-03,1.892726e-02,4.575402e-02,1.632516e-01,1.050702e-02,5.726509e-03,8.390935e-02,5.010957e-01
9.187937e-03,8.984014e-04,1.835188e-03,5.971081e-03,3.188463e-01,2.715899e-03,9.392765e-04,1.156351e-02,1.515462e-02,3.303618e-02,1.253415e-01,7.571933e-03,4.520462e-03,6.036408e-02,4.020536e-01
7.368902e-03,1.157407e-03,1.649156e-03,6.752865e-03,4.407758e-01,2.032404e-03,7.514853e-04,6.620701e-02,2.314734e-02,2.444890e-02,8.867373e-02,5.449423e-03,3.580931e-03,4.407748e-02,2.839272e-01
6.675384e-03,1.525977e-03,2.159463e-03,1.337252e-02,3.831517e-01,1.863747e-03,5.476153e-04,2.481397e-01,2.397814e-02,1.760140e-02,6.328378e-02,4.217234e-03,3.254836e-03,3.137076e-02,1.988578e-01
5.679112e-03,1.403277e-03,2.079358e-03,9.992704e-03,3.020549e-01,1.709145e-03,4.604458e-04,4.310007e-01,2.174626e-02,1.239002e-02,4.478185e-02,2.991647e-03,2.406255e-03,2.207120e-02,1.392331e-01
4.809840e-03,1.024469e-03,1.600408e-03,7.452261e-03,2.232520e-01,1.419441e-03,3.606341e-04,5.876864e-01,1.548396e-02,8.680476e-03,3.146945e-02,2.098932e-03,1.706374e-03,1.548374e-02,9.747164e-02
4.858023e-03,7.707083e-04,1.246945e-03,5.544301e-03,1.636618e-01,1.634700e-03,3.250668e-04,7.010501e-01,1.091227e-02,6.086404e-03,2.209236e-02,1.477443e-03,1.225944e-03,1.087703e-02,6.823694e-02
1.617234e-02,7.870243e-04,1.424187e-03,4.745311e-03,1.216222e-01,1.594761e-02,1.105188e-03,7.492759e-01,8.403066e-03,4.303426e-03,1.579921e-02,1.266709e-03,3.165605e-03,7.941377e-03,4.804081e-02
2.649353e-02,1.162821e-03,2.721613e-03,4.170163e-03,9.466653e-02,5.347098e-02,2.982709e-03,7.342486e-01,6.217298e-03,3.093350e-03,1.166841e-02,1.263103e-03,1.786372e-02,5.674108e-03,3.430309e-02
2.122833e-02,9.437492e-04,2.443145e-03,3.086578e-03,6.868239e-02,2.774164e-01,5.062310e-03,5.285652e-01,4.422027e-03,2.185854e-03,8.308600e-03,9.634732e-04,4.852259e-02,3.977786e-03,2.419160e-02
1.953713e-02,7.988386e-04,2.991749e-03,2.644717e-03,5.445661e-02,4.666882e-01,4.980534e-03,3.782596e-01,3.156660e-03,1.554029e-03,6.198824e-03,9.351253e-04,3.765475e-02,2.797055e-03,1.734623e-02
2.698301e-02,7.750817e-04,5.427524e-03,2.641188e-03,5.172447e-02,5.732021e-01,5.690011e-03,2.804983e-01,2.299417e-03,1.120829e-03,4.779436e-03,9.038127e-04,2.929957e-02,1.974956e-03,1.268034e-02
2.732270e-02,7.009860e-04,1.034007e-02,2.408565e-03,4.090840e-02,6.663868e-01,4.603229e-03,2.030462e-01,1.679214e-03,1.010832e-03,4.020937e-03,1.026067e-03,2.374592e-02,1.437546e-03,1.136247e-02
1.983795e-02,6.996676e-04,8.423759e-03,2.138550e-03,2.910440e-02,7.034494e-01,3.400076e-03,1.426329e-01,1.519906e-03,1.279863e-03,4.511418e-03,2.815574e-03,6.727574e-02,1.088573e-03,1.182220e-02
1.432808e-02,1.611151e-03,6.047525e-03,1.927041e-03,2.056468e-02,6.503620e-01,2.488771e-03,1.001158e-01,3.215566e-03,1.539983e-03,5.730241e-03,1.510722e-02,1.595993e-01,9.321905e-04,1.643049e-02
1.049285e-02,1.365119e-03,4.382243e-03,1.698142e-03,1.445736e-02,5.671941e-01,1.968229e-03,7.021746e-02,3.079382e-03,1.160760e-03,4.663056e-03,3.645734e-02,2.696051e-01,8.035202e-04,1.245533e-02
8.208601e-03,1.350778e-03,3.237393e-03,1.380189e-03,1.022746e-02,5.081604e-01,2.291596e-03,4.951539e-02,3.051217e-03,9.550275e-04,3.909596e-03,7.460570e-02,3.232412e-01,6.992283e-04,9.166158e-03
6.487619e-03,1.422568e-03,2.949527e-03,1.468683e-03,8.053409e-03,4.335333e-01,2.098603e-03,3.511324e-02,4.142989e-03,1.888771e-03,7.492726e-03,1.783761e-01,3.086551e-01,8.342926e-04,7.483140e-03
4.860293e-03,1.406712e-03,2.534259e-03,1.281438e-03,6.332017e-03,4.662324e-01,1.794800e-03,2.482785e-02,6.567935e-03,2.377146e-03,6.796495e-03,2.315463e-01,2.373172e-01,6.514488e-04,5.473828e-03
6.524979e-03,1.871440e-02,1.609289e-02,3.395482e-03,1.561576e-02,3.389306e-01,1.891754e-03,2.808710e-02,2.703763e-02,3.246009e-03,7.560665e-03,2.373138e-01,2.908815e-01,5.814810e-04,4.125980e-03
4.930237e-03,2.770482e-02,1.204855e-02,2.501795e-03,1.142477e-02,2.385385e-01,1.344675e-03,1.989242e-02,2.317083e-02,3.577040e-03,9.593219e-02,2.629491e-01,2.920010e-01,8.883839e-04,3.095683e-03
4.383675e-03,4.587300e-02,1.226245e-02,2.036510e-03,8.416437e-03,1.687822e-01,9.769739e-04,1.492237e-02,1.909129e-02,4.722976e-03,2.044087e-01,2.673680e-01,2.430981e-01,1.393453e-03,2.263826e-03
5.238805e-03,5.422634e-02,1.177202e-02,1.639737e-03,6.371713e-03,1.208212e-01,7.146372e-04,1.173054e-02,1.861225e-02,6.695876e-03,2.871886e-01,2.919817e-01,1.794676e-01,1.855009e-03,1.684056e-03
5.991841e-03,5.304159e-02,1.360798e-02,2.124001e-03,5.712482e-03,9.018071e-02,5.435743e-04,1.073340e-02,2.258097e-02,9.076063e-03,2.498367e-01,4.035098e-01,1.298965e-01,1.661602e-03,1.502794e-03
1.091791e-02,7.673005e-02,2.317381e-02,6.358722e-03,1.619714e-02,7.025585e-02,1.011471e-03,2.872119e-02,2.804799e-02,9.600334e-03,2.216798e-01,4.114267e-01,9.278043e-02,1.792641e-03,1.306030e-03
2.003532e-02,8.711080e-02,3.081940e-02,9.843862e-03,3.663685e-02,6.192769e-02,1.617534e-03,3.962377e-02,3.279106e-02,1.132827e-02,2.172028e-01,3.814842e-01,6.620160e-02,2.260120e-03,1.116664e-03
1.818688e-02,7.284719e-02,8.782218e-02,1.820316e-02,6.496784e-02,6.921723e-02,5.574010e-03,1.298274e-01,2.400633e-02,9.107839e-03,1.545046e-01,2.965879e-01,4.663653e-02,1.708802e-03,8.021281e-04
2.185612e-02,6.950239e-02,7.275955e-02,1.510727e-02,8.319774e-02,7.801098e-02,7.346554e-03,9.813426e-02,2.039938e-02,1.498751e-02,1.335313e-01,3.488113e-01,3.379655e-02,1.703336e-03,8.556881e-04
3.214367e-02,6.235839e-02,7.350090e-02,1.520325e-02,8.644771e-02,8.426260e-02,9.171054e-03,8.856827e-02,1.815752e-02,1.634300e-02,1.284137e-01,3.548523e-01,2.652580e-02,2.998132e-03,1.053634e-03
3.869589e-02,4.893645e-02,7.278216e-02,1.540917e-02,8.486889e-02,1.764743e-01,8.040361e-03,7.022170e-02,1.704957e-02,3.501809e-02,1.195130e-01,2.751183e-01,2.385274e-02,7.601603e-03,6.417746e-03
4.529516e-02,3.885970e-02,5.465107e-02,1.183684e-02,6.370522e-02,2.324733e-01,6.209817e-03,5.241702e-02,1.569024e-02,3.243379e-02,1.422011e-01,2.645828e-01,2.199762e-02,9.112390e-03,8.533977e-03
3.989308e-02,2.787472e-02,3.924352e-02,8.591906e-03,4.534088e-02,2.924311e-01,4.683886e-03,3.733506e-02,1.193765e-02,3.983916e-02,1.623551e-01,2.547669e-01,1.849086e-02,9.152023e-03,8.064099e-03
3.135242e-02,1.969062e-02,2.774600e-02,6.085762e-03,3.179299e-02,2.986511e-01,3.431360e-03,2.625126e-02,8.609843e-03,3.239835e-02,1.927955e-01,2.945158e-01,1.327201e-02,7.019675e-03,6.387413e-03
2.370870e-02,1.392036e-02,1.954299e-02,4.321577e-03,2.227932e-02,2.642697e-01,2.536876e-03,1.841686e-02,6.238550e-03,2.969779e-02,1.936925e-01,3.808649e-01,9.908530e-03,5.488933e-03,5.112479e-03
1.781001e-02,9.783696e-03,1.373725e-02,3.048546e-03,1.562382e-02,1.942560e-01,1.932397e-03,1.290953e-02,4.455142e-03,2.152118e-02,2.047949e-01,4.848506e-01,7.168118e-03,4.271882e-03,3.837005e-03
1.260930e-02,6.935818e-03,9.778449e-03,2.145579e-03,1.146695e-02,1.401024e-01,1.502290e-03,9.071446e-03,3.319040e-03,1.527327e-02,1.588662e-01,6.178770e-01,5.065099e-03,3.244976e-03,2.742260e-03
9.150239e-03,4.962706e-03,7.094385e-03,1.517693e-03,8.408356e-03,1.031571e-01,1.279953e-03,6.395202e-03,2.451326e-03,1.089203e-02,1.212314e-01,7.152811e-01,3.586939e-03,2.614581e-03,1.977082e-03
7.316099e-03,4.644264e-03,8.925490e-03,1.143048e-03,1.534176e-02,8.079991e-02,2.290816e-03,4.673256e-03,2.947797e-03,7.920392e-03,1.027777e-01,7.546729e-01,2.597864e-03,2.183952e-03,1.764800e-03
8.024402e-03,5.459944e-03,1.476925e-02,9.321558e-04,3.930493e-02,7.901483e-02,1.047775e-02,4.432614e-03,4.529630e-03,5.810776e-03,9.602253e-02,7.256265e-01,2.081731e-03,1.992922e-03,1.520083e-03
8.062417e-03,4.132200e-03,1.127299e-02,7.039696e-04,3.299715e-02,6.871457e-02,1.515148e-02,4.010717e-03,3.533107e-03,4.428911e-03,2.773925e-01,5.638834e-01,2.824078e-03,1.685232e-03,1.207251e-03
7.930350e-03,5.662006e-03,9.833631e-03,6.057779e-04,2.557342e-02,7.565598e-02,1.371428e-02,2.939441e-03,3.364371e-03,3.494886e-03,4.233274e-01,4.215868e-01,3.080182e-03,1.468603e-03,1.762851e-03
6.080401e-03,1.341245e-02,1.382520e-02,5.377873e-04,2.068983e-02,6.053896e-02,1.098560e-02,2.282165e-03,5.192911e-03,2.948417e-03,5.337048e-01,3.223403e-01,3.423924e-03,1.138217e-03,2.899096e-03
4.921504e-03,1.335378e-02,1.308995e-02,5.574878e-04,2.063710e-02,4.537589e-02,8.434527e-03,1.895763e-03,5.726467e-03,2.479753e-03,6.424698e-01,2.325164e-01,4.844071e-03,1.032668e-03,2.664903e-03
3.985384e-03,1.603581e-02,2.289721e-02,6.260958e-04,2.606537e-02,3.606834e-02,6.321161e-03,2.206512e-03,5.829233e-03,6.184946e-03,6.953108e-01,1.679478e-01,6.356258e-03,9.971759e-04,3.167941e-03
3.932893e-03,3.525054e-02,1.023372e-01,1.537380e-03,6.173266e-02,2.955237e-02,4.928541e-03,1.823921e-02,1.996711e-02,3.981480e-02,5.470901e-01,1.216158e-01,9.113228e-03,1.521914e-03,3.366311e-03
4.076623e-03,3.945439e-02,8.038544e-02,2.848886e-03,6.555373e-02,2.986395e-02,3.599668e-03,2.619551e-02,4.435384e-02,9.313715e-02,4.579591e-01,1.146310e-01,3.102755e-02,3.216780e-03,3.696360e-03
7.183572e-03,3.503378e-02,7.132106e-02,5.550122e-03,1.001531e-01,2.895697e-02,3.288113e-03,3.838651e-02,4.727434e-02,1.072600e-01,3.956288e-01,1.099678e-01,4.158570e-02,4.634866e-03,3.775216e-03
1.201374e-02,2.558289e-02,9.163745e-02,6.690136e-03,1.478853e-01,3.011936e-02,2.040248e-02,1.224855e-01,3.787507e-02,8.896653e-02,2.938570e-01,8.203451e-02,3.353838e-02,3.968760e-03,2.942841e-03
1.911635e-02,2.331881e-02,8.369312e-02,1.181765e-02,1.869854e-01,3.775509e-02,1.581302e-02,9.985843e-02,3.685905e-02,9.526849e-02,2.595510e-01,7.336000e-02,4.955110e-02,4.014475e-03,3.037964e-03
2.525989e-02,2.043412e-02,6.981292e-02,1.828898e-02,3.185906e-01,4.140663e-02,1.228406e-02,8.774206e-02,3.138646e-02,7.244211e-02,1.908750e-01,6.409135e-02,4.069076e-02,3.433913e-03,3.261068e-03
5.186468e-02,1.963462e-02,5.828439e-02,1.773897e-02,3.080779e-01,6.310724e-02,1.260339e-02,8.233693e-02,3.207630e-02,6.232396e-02,1.543458e-01,7.716113e-02,5.077054e-02,4.174463e-03,5.499590e-03
6.914645e-02,1.949456e-02,5.510567e-02,1.654785e-02,2.915453e-01,8.237955e-02,1.184916e-02,6.895823e-02,3.463244e-02,5.151127e-02,1.513889e-01,9.031965e-02,4.635256e-02,4.236821e-03,6.531636e-03
1.040142e-01,1.748059e-02,4.506485e-02,1.672785e-02,3.001625e-01,7.345317e-02,9.734767e-03,5.610478e-02,2.979652e-02,3.982816e-02,1.542899e-01,1.027441e-01,3.843142e-02,4.587939e-03,7.579299e-03
1.780452e-01,1.760624e-02,3.582658e-02,1.709206e-02,2.845636e-01,6.157003e-02,7.753938e-03,4.757642e-02,2.796061e-02,3.086497e-02,1.466460e-01,9.389922e-02,3.117580e-02,7.135043e-03,1.228432e-02
1.788957e-01,2.218786e-02,6.470455e-02,6.181188e-02,2.431659e-01,6.754321e-02,7.392477e-03,5.967915e-02,2.263493e-02,2.300690e-02,1.099652e-01,9.086241e-02,2.943012e-02,6.217678e-03,1.250205e-02
2.637072e-01,2.009987e-02,6.453073e-02,6.940145e-02,1.804178e-01,5.282933e-02,6.965750e-03,5.042727e-02,1.989682e-02,1.778008e-02,8.957486e-02,1.064739e-01,3.940500e-02,7.400464e-03,1.108944e-02
3.976343e-01,1.741040e-02,6.063367e-02,6.696473e-02,1.297612e-01,4.123309e-02,6.556513e-03,3.811855e-02,1.651689e-02,1.526095e-02,6.669730e-02,8.999789e-02,3.547717e-02,7.308111e-03,1.042929e-02
3.933366e-01,1.711740e-02,4.920883e-02,6.413855e-02,9.848218e-02,3.124711e-02,5.565934e-03,3.640049e-02,2.227282e-02,2.351750e-02,7.829693e-02,1.007301e-01,6.085978e-02,8.740480e-03,1.008529e-02
3.940961e-01,2.533752e-02,3.645255e-02,5.432779e-02,7.363409e-02,2.503027e-02,4.384167e-03,3.333759e-02,6.443276e-02,2.048600e-02,7.470202e-02,1.044682e-01,6.973292e-02,7.923595e-03,1.165439e-02
3.636022e-01,2.100845e-02,3.136774e-02,4.707452e-02,5.675968e-02,2.026507e-02,5.435593e-03,1.196401e-01,8.283834e-02,1.549665e-02,6.378793e-02,9.363804e-02,6.369156e-02,6.108231e-03,9.285826e-03
3.996126e-01,1.648964e-02,3.911609e-02,6.026049e-02,4.281675e-02,1.936980e-02,5.436687e-03,1.344110e-01,7.235105e-02,1.167160e-02,5.400323e-02,8.058075e-02,5.117734e-02,4.542955e-03,8.159968e-03
4.146174e-01,1.374152e-02,3.700432e-02,5.304899e-02,3.476292e-02,1.902452e-02,4.891952e-03,1.994414e-01,5.930915e-02,8.776981e-03,4.192491e-02,6.292546e-02,3.946109e-02,3.367218e-03,7.702132e-03
4.559373e-01,1.133791e-02,4.193538e-02,4.234021e-02,2.764490e-02,2.568217e-02,5.439973e-03,2.187591e-01,4.287607e-02,6.686170e-03,3.227928e-02,4.814637e-02,2.959055e-02,2.894437e-03,8.450164e-03
4.081033e-01,8.526658e-03,4.411208e-02,3.241825e-02,2.315390e-02,2.217178e-02,4.610739e-03,3.305250e-01,3.065559e-02,4.848842e-03,2.412664e-02,3.530004e-02,2.247996e-02,2.228421e-03,6.738895e-03
3.558696e-01,6.443231e-03,3.524638e-02,2.582957e-02,1.834718e-02,2.398743e-02,4.318407e-03,4.354613e-01,2.231566e-02,3.496830e-03,1.839369e-02,2.629221e-02,1.692817e-02,1.746422e-03,5.323912e-03
3.683058e-01,5.482291e-03,2.658923e-02,2.351331e-02,1.800448e-02,2.302418e-02,4.305157e-03,4.531163e-01,1.646691e-02,2.631760e-03,1.553672e-02,2.153933e-02,1.397349e-02,1.586564e-03,5.924473e-03
3.583353e-01,4.380941e-03,2.148164e-02,2.274923e-02,1.547688e-02,2.160534e-02,4.359418e-03,4.902036e-01,1.204882e-02,1.940101e-03,1.214053e-02,1.736412e-02,1.115704e-02,1.350232e-03,5.406828e-03
2.778644e-01,3.214745e-03,1.653922e-02,2.065142e-02,1.548255e-02,1.697537e-02,3.929127e-03,6.001629e-01,8.787433e-03,1.405691e-03,9.000719e-03,1.270917e-02,8.243160e-03,1.027166e-03,4.006961e-03
2.382507e-01,2.493098e-03,1.419747e-02,1.992234e-02,1.340118e-02,1.598611e-02,5.309662e-03,6.554290e-01,6.536906e-03,1.052201e-03,6.674451e-03,9.842539e-03,6.889707e-03,8.143618e-04,3.200222e-03
1.976234e-01,2.003406e-03,1.200350e-02,1.534040e-02,1.145098e-02,1.911374e-02,5.164188e-03,7.085272e-01,4.891581e-03,8.490233e-04,5.416179e-03,8.507029e-03,5.542647e-03,7.205495e-04,2.846135e-03
1.805854e-01,2.290754e-03,9.562618e-03,1.190637e-02,8.936187e-03,1.643682e-02,4.031502e-03,6.463894e-01,7.499706e-03,8.127597e-03,3.084570e-02,1.900272e-02,3.555981e-02,1.383401e-02,4.991422e-03
1.405164e-01,2.875243e-03,8.180050e-03,9.035335e-03,6.794378e-03,2.480127e-02,3.340930e-03,5.448167e-01,8.507363e-03,1.502053e-02,6.379116e-02,4.245602e-02,3.826946e-02,8.390553e-02,7.689604e-03
1.101155e-01,3.256292e-03,5.945966e-03,7.163283e-03,4.861461e-03,1.994251e-02,2.524571e-03,3.972652e-01,9.921802e-03,2.421411e-02,1.365027e-01,6.784176e-02,4.848849e-02,1.528802e-01,9.076215e-03
9.141287e-02,3.141810e-03,4.265455e-03,5.467217e-03,3.422688e-03,1.753440e-02,1.914856e-03,2.837776e-01,1.146168e-02,1.971576e-02,1.198699e-01,7.578731e-02,4.916475e-02,2.998666e-01,1.319721e-02
6.425498e-02,5.142635e-02,3.468785e-03,3.988187e-03,2.462047e-03,1.317159e-02,1.352980e-03,1.995545e-01,2.789778e-02,1.484122e-02,1.155739e-01,5.751938e-02,3.734494e-02,3.692846e-01,3.785877e-02
4.551033e-02,6.907342e-02,4.729494e-03,3.151814e-03,2.034240e-03,1.408964e-02,1.030826e-03,1.399653e-01,7.527606e-02,1.182989e-02,8.481482e-02,4.137193e-02,2.715494e-02,4.358927e-01,4.407460e-02
3.227628e-02,7.635030e-02,3.597226e-03,2.536908e-03,1.668492e-03,1.106285e-02,7.451062e-04,9.807909e-02,9.678279e-02,8.751494e-03,6.149322e-02,2.961534e-02,2.143264e-02,5.182481e-01,3.736024e-02
2.301100e-02,9.700184e-02,3.033076e-03,2.450534e-03,1.312553e-03,9.247756e-03,5.618241e-04,6.875017e-02,1.059455e-01,7.098439e-03,4.488233e-02,2.148283e-02,1.734620e-02,5.662454e-01,3.163057e-02
1.662639e-02,8.872918e-02,2.490553e-03,2.548479e-03,1.019518e-03,9.248435e-03,4.247087e-04,4.817536e-02,1.101707e-01,6.229939e-03,3.531827e-02,1.675889e-02,1.439764e-02,6.191987e-01,2.866326e-02
1.268104e-02,7.138411e-02,2.541290e-03,9.829514e-03,1.331930e-03,1.377071e-02,4.650294e-04,3.408208e-02,2.011991e-01,5.677875e-03,6.576861e-02,1.592470e-02,1.872836e-02,5.237200e-01,2.289575e-02
1.170542e-02,5.408636e-02,2.962306e-03,1.348038e-02,2.070835e-03,1.098864e-02,4.672525e-04,2.456938e-02,2.382011e-01,7.912146e-03,1.448852e-01,2.689003e-02,3.632460e-02,4.046175e-01,2.083888e-02
1.141332e-02,3.964331e-02,2.250526e-03,1.103855e-02,7.090396e-03,8.850708e-03,4.516428e-04,1.770463e-02,3.734146e-01,8.376947e-03,1.239635e-01,3.410753e-02,4.328261e-02,3.031021e-01,1.530963e-02
9.027460e-03,5.120235e-02,2.350173e-03,1.247000e-02,3.566723e-02,1.892220e-02,3.596291e-04,1.274316e-02,4.302308e-01,1.589447e-02,1.042665e-01,2.747193e-02,3.578548e-02,2.233741e-01,2.023458e-02
9.306287e-03,5.210410e-02,2.866912e-03,1.224364e-02,6.176579e-02,2.477450e-02,4.714922e-04,1.325033e-02,5.027478e-01,1.524635e-02,7.778043e-02,2.043083e-02,2.898482e-02,1.617176e-01,1.630917e-02
1.829179e-02,5.082782e-02,7.446936e-03,1.820586e-02,1.018737e-01,3.363300e-02,1.271121e-03,1.246451e-02,4.409663e-01,3.427922e-02,5.598214e-02,1.444422e-02,2.127209e-02,1.146053e-01,7.443608e-02
3.120532e-02,4.597583e-02,5.113457e-02,9.510088e-02,9.542524e-02,4.586907e-02,2.839461e-03,1.148695e-02,3.491787e-01,3.532038e-02,4.102201e-02,1.034542e-02,1.550647e-02,8.071093e-02,8.887878e-02
5.165964e-02,4.070292e-02,7.261211e-02,1.021546e-01,8.834491e-02,5.988896e-02,2.676884e-03,1.103615e-02,2.960771e-01,3.936284e-02,3.092062e-02,7.614267e-03,1.169825e-02,5.757220e-02,1.276786e-01
3.663498e-02,2.968135e-02,6.026620e-02,2.650049e-01,6.284136e-02,4.271402e-02,1.939408e-03,8.090455e-03,2.203832e-01,4.131850e-02,7.837582e-02,6.043710e-03,1.034129e-02,4.043419e-02,9.593059e-02
2.601264e-02,2.142434e-02,4.386756e-02,3.808208e-01,4.711606e-02,3.038981e-02,1.426004e-03,5.837172e-03,1.724647e-01,3.025650e-02,1.291227e-01,5.796370e-03,9.151557e-03,2.848002e-02,6.783395e-02
