1.000000e+00,0.000000e+00,0.000000e+00,0.000000e+00,0.000000e+00,0.000000e+00,0.000000e+00,0.000000e+00,0.000000e+00,0.000000e+00,0.000000e+00,0.000000e+00,0.000000e+00,0.000000e+00,0.000000e+00
1.000000e+00,0.000000e+00,0.000000e+00,0.000000e+00,0.000000e+00,0.000000e+00,0.000000e+00,0.000000e+00,0.000000e+00,0.000000e+00,0.000000e+00,0.000000e+00,0.000000e+00,0.000000e+00,0.000000e+00
1.000000e+00,0.000000e+00,0.000000e+00,0.000000e+00,0.000000e+00,0.000000e+00,0.000000e+00,0.000000e+00,0.000000e+00,0.000000e+00,0.000000e+00,0.000000e+00,0.000000e+00,0.000000e+00,0.000000e+00
1.000000e+00,0.000000e+00,0.000000e+00,0.000000e+00,0.000000e+00,0.000000e+00,0.000000e+00,0.000000e+00,0.000000e+00,0.000000e+00,0.000000e+00,0.000000e+00,0.000000e+00,0.000000e+00,0.000000e+00
1.000000e+00,0.000000e+00,0.000000e+00,0.000000e+00,0.000000e+00,0.000000e+00,0.000000e+00,0.000000e+00,0.000000e+00,0.000000e+00,0.000000e+00,0.000000e+00,0.000000e+00,0.000000e+00,0.000000e+00
1.000000e+00,0.000000e+00,0.000000e+00,0.000000e+00,0.000000e+00,0.000000e+00,0.000000e+00,0.000000e+00,0.000000e+00,0.000000e+00,0.000000e+00,0.000000e+00,0.000000e+00,0.000000e+00,0.000000e+00
1.000000e+00,0.000000e+00,0.000000e+00,0.000000e+00,0.000000e+00,0.000000e+00,0.000000e+00,0.000000e+00,0.000000e+00,0.000000e+00,0.000000e+00,0.000000e+00,0.000000e+00,0.000000e+00,0.000000e+00
1.000000e+00,0.000000e+00,0.000000e+00,0.000000e+00,0.000000e+00,0.000000e+00,0.000000e+00,0.000000e+00,0.000000e+00,0.000000e+00,0.000000e+00,0.000000e+00,0.000000e+00,0.000000e+00,0.000000e+00
1.000000e+00,0.000000e+00,0.000000e+00,0.000000e+00,0.000000e+00,0.000000e+00,0.000000e+00,0.000000e+00,0.000000e+00,0.000000e+00,0.000000e+00,0.000000e+00,0.000000e+00,0.000000e+00,0.000000e+00
1.000000e+00,0.000000e+00,0.000000e+00,0.000000e+00,0.000000e+00,0.000000e+00,0.000000e+00,0.000000e+00,0.000000e+00,0.000000e+00,0.000000e+00,0.000000e+00,0.000000e+00,0.000000e+00,0.000000e+00
1.000000e+00,0.000000e+00,0.000000e+00,0.000000e+00,0.000000e+00,0.000000e+00,0.000000e+00,0.000000e+00,0.000000e+00,0.000000e+00,0.000000e+00,0.000000e+00,0.000000e+00,0.000000e+00,0.000000e+00
1.000000e+00,0.000000e+00,0.000000e+00,0.000000e+00,0.000000e+00,0.000000e+00,0.000000e+00,0.000000e+00,0.000000e+00,0.000000e+00,0.000000e+00,0.000000e+00,0.000000e+00,0.000000e+00,0.000000e+00
1.000000e+00,0.000000e+00,0.000000e+00,0.000000e+00,0.000000e+00,0.000000e+00,0.000000e+00,0.000000e+00,0.000000e+00,0.000000e+00,0.000000e+00,0.000000e+00,0.000000e+00,0.000000e+00,0.000000e+00
1.000000e+00,0.000000e+00,0.000000e+00,0.000000e+00,0.000000e+00,0.000000e+00,0.000000e+00,0.000000e+00,0.000000e+00,0.000000e+00,0.000000e+00,0.000000e+00,0.000000e+00,0.000000e+00,0.000000e+00
1.000000e+00,0.000000e+00,0.000000e+00,0.000000e+00,0.000000e+00,0.000000e+00,0.000000e+00,0.000000e+00,0.000000e+00,0.000000e+00,0.000000e+00,0.000000e+00,0.000000e+00,0.000000e+00,0.000000e+00
1.000000e+00,0.000000e+00,0.000000e+00,0.000000e+00,0.000000e+00,0.000000e+00,0.000000e+00,0.000000e+00,0.000000e+00,0.000000e+00,0.000000e+00,0.000000e+00,0.000000e+00,0.000000e+00,0.000000e+00
1.000000e+00,0.000000e+00,0.000000e+00,0.000000e+00,0.000000e+00,0.000000e+00,0.000000e+00,0.000000e+00,0.000000e+00,0.000000e+00,0.000000e+00,0.000000e+00,0.000000e+00,0.000000e+00,0.000000e+00
1.000000e+00,0.000000e+00,0.000000e+00,0.000000e+00,0.000000e+00,0.000000e+00,0.000000e+00,0.000000e+00,0.000000e+00,0.000000e+00,0.000000e+00,0.000000e+00,0.000000e+00,0.000000e+00,0.000000e+00
1.000000e+00,0.000000e+00,0.000000e+00,0.000000e+00,0.000000e+00,0.000000e+00,0.000000e+00,0.000000e+00,0.000000e+00,0.000000e+00,0.000000e+00,0.000000e+00,0.000000e+00,0.000000e+00,0.000000e+00
1.000000e+00,0.000000e+00,0.000000e+00,0.000000e+00,0.000000e+00,0.000000e+00,0.000000e+00,0.000000e+00,0.000000e+00,0.000000e+00,0.000000e+00,0.000000e+00,0.000000e+00,0.000000e+00,0.000000e+00
1.000000e+00,0.000000e+00,0.000000e+00,0.000000e+00,0.000000e+00,0.000000e+00,0.000000e+00,0.000000e+00,0.000000e+00,0.000000e+00,0.000000e+00,0.000000e+00,0.000000e+00,0.000000e+00,0.000000e+00
1.000000e+00,0.000000e+00,0.000000e+00,0.000000e+00,0.000000e+00,0.000000e+00,0.000000e+00,0.000000e+00,0.000000e+00,0.000000e+00,0.000000e+00,0.000000e+00,0.000000e+00,0.000000e+00,0.000000e+00
1.000000e+00,0.000000e+00,0.000000e+00,0.000000e+00,0.000000e+00,0.000000e+00,0.000000e+00,0.000000e+00,0.000000e+00,0.000000e+00,0.000000e+00,0.000000e+00,0.000000e+00,0.000000e+00,0.000000e+00
1.000000e+00,0.000000e+00,0.000000e+00,0.000000e+00,0.000000e+00,0.000000e+00,0.000000e+00,0.000000e+00,0.000000e+00,0.000000e+00,0.000000e+00,0.000000e+00,0.000000e+00,0.000000e+00,0.000000e+00
1.000000e+00,0.000000e+00,0.000000e+00,0.000000e+00,0.000000e+00,0.000000e+00,0.000000e+00,0.000000e+00,0.000000e+00,0.000000e+00,0.000000e+00,0.000000e+00,0.000000e+00,0.000000e+00,0.000000e+00
1.000000e+00,0.000000e+00,0.000000e+00,0.000000e+00,0.000000e+00,0.000000e+00,0.000000e+00,0.000000e+00,0.000000e+00,0.000000e+00,0.000000e+00,0.000000e+00,0.000000e+00,0.000000e+00,0.000000e+00
1.000000e+00,0.000000e+00,0.000000e+00,0.000000e+00,0.000000e+00,0.000000e+00,0.000000e+00,0.000000e+00,0.000000e+00,0.000000e+00,0.000000e+00,0.000000e+00,0.000000e+00,0.000000e+00,0.000000e+00
1.000000e+00,0.000000e+00,0.000000e+00,0.000000e+00,0.000000e+00,0.000000e+00,0.000000e+00,0.000000e+00,0.000000e+00,0.000000e+00,0.000000e+00,0.000000e+00,0.000000e+00,0.000000e+00,0.000000e+00
1.000000e+00,0.000000e+00,0.000000e+00,0.000000e+00,0.000000e+00,0.000000e+00,0.000000e+00,0.000000e+00,0.000000e+00,0.000000e+00,0.000000e+00,0.000000e+00,0.000000e+00,0.000000e+00,0.000000e+00
1.000000e+00,0.000000e+00,0.000000e+00,0.000000e+00,0.000000e+00,0.000000e+00,0.000000e+00,0.000000e+00,0.000000e+00,0.000000e+00,0.000000e+00,0.000000e+00,0.000000e+00,0.000000e+00,0.000000e+00
1.000000e+00,0.000000e+00,0.000000e+00,0.000000e+00,0.000000e+00,0.000000e+00,0.000000e+00,0.000000e+00,0.000000e+00,0.000000e+00,0.000000e+00,0.000000e+00,0.000000e+00,0.000000e+00,0.000000e+00
1.000000e+00,0.000000e+00,0.000000e+00,0.000000e+00,0.000000e+00,0.000000e+00,0.000000e+00,0.000000e+00,0.000000e+00,0.000000e+00,0.000000e+00,0.000000e+00,0.000000e+00,0.000000e+00,0.000000e+00
4.570454e-01,5.007827e-02,4.247233e-02,7.050356e-02,7.531824e-03,1.605422e-02,3.676897e-03,9.131327e-03,3.623244e-02,1.095234e-02,4.094175e-02,1.959809e-02,1.156567e-02,5.256423e-02,1.716517e-01
4.773805e-01,5.314114e-02,4.162249e-02,6.700572e-02,8.474481e-03,1.522928e-02,4.109230e-03,9.516152e-03,3.354947e-02,1.068867e-02,4.019897e-02,1.947708e-02,1.119435e-02,4.931873e-02,1.590938e-01
1.000000e+00,0.000000e+00,0.000000e+00,0.000000e+00,0.000000e+00,0.000000e+00,0.000000e+00,0.000000e+00,0.000000e+00,0.000000e+00,0.000000e+00,0.000000e+00,0.000000e+00,0.000000e+00,0.000000e+00
1.000000e+00,0.000000e+00,0.000000e+00,0.000000e+00,0.000000e+00,0.000000e+00,0.000000e+00,0.000000e+00,0.000000e+00,0.000000e+00,0.000000e+00,0.000000e+00,0.000000e+00,0.000000e+00,0.000000e+00
1.000000e+00,0.000000e+00,0.000000e+00,0.000000e+00,0.000000e+00,0.000000e+00,0.000000e+00,0.000000e+00,0.000000e+00,0.000000e+00,0.000000e+00,0.000000e+00,0.000000e+00,0.000000e+00,0.000000e+00
1.000000e+00,0.000000e+00,0.000000e+00,0.000000e+00,0.000000e+00,0.000000e+00,0.000000e+00,0.000000e+00,0.000000e+00,0.000000e+00,0.000000e+00,0.000000e+00,0.000000e+00,0.000000e+00,0.000000e+00
1.000000e+00,0.000000e+00,0.000000e+00,0.000000e+00,0.000000e+00,0.000000e+00,0.000000e+00,0.000000e+00,0.000000e+00,0.000000e+00,0.000000e+00,0.000000e+00,0.000000e+00,0.000000e+00,0.000000e+00
1.000000e+00,0.000000e+00,0.000000e+00,0.000000e+00,0.000000e+00,0.000000e+00,0.000000e+00,0.000000e+00,0.000000e+00,0.000000e+00,0.000000e+00,0.000000e+00,0.000000e+00,0.000000e+00,0.000000e+00
1.000000e+00,0.000000e+00,0.000000e+00,0.000000e+00,0.000000e+00,0.000000e+00,0.000000e+00,0.000000e+00,0.000000e+00,0.000000e+00,0.000000e+00,0.000000e+00,0.000000e+00,0.000000e+00,0.000000e+00
1.000000e+00,0.000000e+00,0.000000e+00,0.000000e+00,0.000000e+00,0.000000e+00,0.000000e+00,0.000000e+00,0.000000e+00,0.000000e+00,0.000000e+00,0.000000e+00,0.000000e+00,0.000000e+00,0.000000e+00
1.000000e+00,0.000000e+00,0.000000e+00,0.000000e+00,0.000000e+00,0.000000e+00,0.000000e+00,0.000000e+00,0.000000e+00,0.000000e+00,0.000000e+00,0.000000e+00,0.000000e+00,0.000000e+00,0.000000e+00
1.000000e+00,0.000000e+00,0.000000e+00,0.000000e+00,0.000000e+00,0.000000e+00,0.000000e+00,0.000000e+00,0.000000e+00,0.000000e+00,0.000000e+00,0.000000e+00,0.000000e+00,0.000000e+00,0.000000e+00
3.652228e-01,1.997628e-02,6.997151e-03,1.864887e-02,2.932423e-03,4.821780e-02,2.914189e-03,5.053434e-03,8.095711e-03,2.953926e-03,7.481880e-02,5.222867e-02,1.590558e-02,2.508101e-01,1.252243e-01
2.557201e-01,1.441714e-02,5.058727e-03,1.316613e-02,2.092197e-03,3.411927e-02,2.047993e-03,3.549076e-03,9.047655e-03,2.154263e-03,1.266819e-01,3.831991e-02,1.132697e-02,2.082641e-01,2.740346e-01
1.790764e-01,1.047964e-02,3.698471e-03,9.381704e-03,1.735932e-03,2.462513e-02,1.442910e-03,2.496528e-03,7.311640e-03,1.918080e-03,2.366691e-01,2.963954e-02,8.453156e-03,1.723673e-01,3.107044e-01
1.254281e-01,7.487803e-03,2.638610e-03,6.731190e-03,2.277926e-03,1.766299e-02,1.059853e-03,1.780397e-03,6.621946e-03,2.002577e-03,4.080502e-01,2.296696e-02,6.411185e-03,1.395897e-01,2.492905e-01
8.790612e-02,5.557590e-03,1.914401e-03,4.824696e-03,3.555738e-03,1.268341e-02,1.129408e-03,1.306531e-03,8.099932e-03,2.185815e-03,5.155743e-01,2.114424e-02,5.394763e-03,1.464051e-01,1.823180e-01
6.172101e-02,3.951495e-03,1.355115e-03,3.579907e-03,3.221224e-03,9.192880e-03,9.645520e-04,9.479994e-04,1.264944e-02,1.699573e-03,5.898888e-01,1.862439e-02,4.318610e-03,1.573136e-01,1.305715e-01
4.340452e-02,2.851705e-03,1.017367e-03,2.780089e-03,2.684738e-03,7.071772e-03,7.147900e-04,6.926063e-04,1.189781e-02,1.489852e-03,6.163364e-01,1.511424e-02,3.385377e-03,1.965157e-01,9.404298e-02
3.061333e-02,2.104915e-03,9.267482e-04,2.224205e-03,2.755651e-03,5.917685e-03,5.419391e-04,5.532157e-04,1.067845e-02,1.289766e-03,5.988053e-01,1.236309e-02,2.586712e-03,2.609842e-01,6.765477e-02
2.168914e-02,1.691230e-03,1.057638e-03,1.704901e-03,3.420291e-03,4.689431e-03,4.056664e-04,4.885521e-04,8.383450e-03,1.093964e-03,5.588035e-01,1.019883e-02,1.993112e-03,3.349921e-01,4.938828e-02
1.529921e-02,1.297198e-03,1.236749e-03,1.234961e-03,5.235389e-03,3.533139e-03,3.933994e-04,4.469954e-04,6.401205e-03,1.276241e-03,5.031546e-01,9.027838e-03,1.550499e-03,4.146076e-01,3.530507e-02
1.080823e-02,1.021292e-03,1.005352e-03,8.990015e-04,6.674513e-03,2.761878e-03,5.911581e-04,4.614590e-04,4.800167e-03,1.796616e-03,5.398918e-01,8.948766e-03,1.261936e-03,3.931054e-01,2.597248e-02
7.940581e-03,8.514930e-04,9.018937e-04,6.858029e-04,9.082308e-03,2.252380e-03,7.167542e-04,6.465482e-04,3.769183e-03,2.272487e-03,5.911399e-01,9.180294e-03,1.274275e-03,3.499218e-01,1.936427e-02
5.711890e-03,9.365071e-04,9.304258e-04,5.091121e-04,2.867743e-02,1.836725e-03,5.746455e-04,5.555624e-04,3.336513e-03,2.639024e-03,5.439195e-01,1.227798e-02,1.274150e-03,3.818664e-01,1.495415e-02
4.281514e-03,1.236370e-03,8.045944e-04,3.884362e-04,7.462310e-02,1.670854e-03,4.709561e-04,5.264940e-04,4.482007e-03,4.947651e-03,5.472265e-01,1.707010e-02,1.149144e-03,3.301045e-01,1.101776e-02
3.155029e-03,5.590971e-03,8.177821e-04,3.219341e-04,1.363229e-01,2.374584e-03,4.134643e-04,4.790466e-04,4.994439e-03,1.239580e-02,5.340675e-01,2.221719e-02,9.923432e-04,2.665108e-01,9.346239e-03
2.851999e-03,4.796781e-03,2.040795e-03,3.896392e-04,1.197089e-01,2.332654e-03,7.283899e-04,9.372250e-04,7.151537e-03,1.206035e-01,4.977513e-01,2.637249e-02,1.029964e-03,2.039260e-01,9.378852e-03
2.840715e-03,3.588109e-03,2.377245e-03,7.704233e-04,8.926202e-02,7.818963e-03,1.847073e-03,5.860615e-03,6.962138e-03,3.293011e-01,3.722712e-01,2.151071e-02,1.287681e-03,1.470721e-01,7.230018e-03
3.668857e-03,3.572195e-03,2.839810e-03,1.910952e-03,7.362162e-02,1.162244e-02,2.076622e-03,6.741803e-03,8.784505e-03,4.651523e-01,2.833977e-01,1.710772e-02,1.206131e-03,1.123236e-01,5.973711e-03
5.217291e-03,4.193298e-03,3.841616e-03,2.008259e-03,5.463901e-02,1.920483e-02,1.890836e-03,7.185726e-03,1.105809e-02,5.847093e-01,2.025464e-01,1.308427e-02,1.172380e-03,8.121212e-02,8.036580e-03
7.100864e-03,3.641456e-03,3.967128e-03,1.710071e-03,4.049446e-02,1.519954e-02,1.477987e-03,5.424849e-03,1.074585e-02,6.873577e-01,1.444797e-01,9.602102e-03,1.136084e-03,5.913756e-02,8.524693e-03
1.298193e-02,3.434374e-03,3.743899e-03,1.420619e-03,2.973792e-02,1.281554e-02,1.108463e-03,4.117803e-03,1.114918e-02,7.492632e-01,1.094262e-01,7.305935e-03,1.095052e-03,4.500610e-02,7.393853e-03
1.842961e-02,1.231362e-02,5.735975e-03,3.138643e-03,2.364313e-02,1.244502e-02,1.573202e-03,9.318589e-03,3.555329e-02,7.140056e-01,9.759204e-02,1.404381e-02,2.415199e-03,4.029954e-02,9.492768e-03
2.903860e-02,2.079772e-02,7.822162e-03,7.969939e-03,2.197883e-02,1.123269e-02,2.111562e-03,2.060538e-02,4.662260e-02,6.578935e-01,9.280924e-02,2.786469e-02,5.840710e-03,3.390002e-02,1.351233e-02
3.326146e-02,2.808107e-02,1.009149e-02,8.028291e-03,1.871346e-02,1.512981e-02,1.966623e-03,1.843675e-02,6.985280e-02,6.501243e-01,7.942104e-02,2.251243e-02,4.813710e-03,2.823386e-02,1.133292e-02
4.305657e-02,5.022193e-02,1.429274e-02,8.087109e-03,2.373156e-02,2.359403e-02,3.046053e-03,1.920879e-02,9.133205e-02,5.937193e-01,7.044891e-02,1.909362e-02,4.957103e-03,2.490227e-02,1.030795e-02
6.890474e-02,4.984331e-02,4.588548e-02,1.603257e-02,2.353226e-02,2.383358e-02,4.045547e-03,1.764623e-02,8.388485e-02,5.227404e-01,6.435809e-02,2.734768e-02,1.204470e-02,2.285162e-02,1.704898e-02
9.279217e-02,4.192134e-02,5.058883e-02,2.368651e-02,2.352744e-02,2.161589e-02,4.606330e-03,1.788861e-02,8.508573e-02,5.134256e-01,5.396874e-02,2.511037e-02,1.154941e-02,1.931105e-02,1.492200e-02
1.499421e-01,3.455672e-02,4.501205e-02,2.664884e-02,1.924291e-02,2.059298e-02,3.752057e-03,1.549118e-02,7.453418e-02,5.019529e-01,4.596838e-02,2.272845e-02,1.024307e-02,1.572433e-02,1.360994e-02
1.927681e-01,2.934922e-02,4.262942e-02,2.285660e-02,2.439092e-02,1.998206e-02,3.711842e-03,1.329499e-02,5.758239e-02,4.831119e-01,3.820436e-02,2.596106e-02,1.338586e-02,1.707059e-02,1.570076e-02
2.399018e-01,2.514122e-02,3.864948e-02,2.238145e-02,2.207204e-02,2.041766e-02,3.294382e-03,1.045959e-02,4.332844e-02,4.528203e-01,3.288306e-02,3.732669e-02,1.582369e-02,1.674818e-02,1.875207e-02
2.706922e-01,2.222829e-02,3.114003e-02,2.371276e-02,2.092271e-02,1.973375e-02,3.034099e-03,8.988167e-03,3.901371e-02,3.613021e-01,4.138935e-02,8.074602e-02,2.322846e-02,2.678388e-02,2.708447e-02
3.281849e-01,2.109043e-02,2.486805e-02,2.157168e-02,3.002761e-02,2.250461e-02,4.174134e-03,1.094371e-02,6.294681e-02,2.824687e-01,4.521078e-02,7.487486e-02,2.132669e-02,2.526739e-02,2.453965e-02
3.616924e-01,2.066522e-02,2.117196e-02,2.900705e-02,4.183288e-02,2.218586e-02,4.922915e-03,2.003742e-02,8.080249e-02,2.115751e-01,4.516539e-02,7.479681e-02,2.224301e-02,2.216413e-02,2.173734e-02
3.748158e-01,3.090675e-02,2.646164e-02,2.951407e-02,4.416804e-02,2.592849e-02,5.920898e-03,2.248879e-02,7.453661e-02,1.989527e-01,3.892345e-02,6.850974e-02,1.861583e-02,1.967148e-02,2.058559e-02
4.100028e-01,2.728353e-02,2.312441e-02,3.503905e-02,3.692465e-02,3.598432e-02,5.620791e-03,1.891057e-02,6.185677e-02,1.457087e-01,3.460885e-02,1.060129e-01,2.024180e-02,1.637208e-02,2.230861e-02
4.281365e-01,2.227877e-02,1.741717e-02,3.581579e-02,3.100367e-02,3.891590e-02,5.115749e-03,1.563186e-02,6.424873e-02,1.142397e-01,3.613698e-02,1.276247e-01,2.670831e-02,1.483770e-02,2.188847e-02
4.752035e-01,2.003994e-02,1.667808e-02,3.690753e-02,2.625518e-02,4.233870e-02,5.056430e-03,1.636754e-02,5.931720e-02,8.731885e-02,3.126280e-02,1.198683e-01,2.791238e-02,1.333075e-02,2.214283e-02
4.802732e-01,1.721304e-02,1.433681e-02,3.914633e-02,2.602505e-02,5.669906e-02,4.821339e-03,1.546781e-02,5.795001e-02,6.974178e-02,2.696500e-02,1.323130e-01,2.575793e-02,1.043116e-02,2.285845e-02
4.572403e-01,1.670648e-02,1.122758e-02,3.356131e-02,4.149687e-02,5.429575e-02,5.082567e-03,1.700291e-02,9.420136e-02,5.941955e-02,2.979275e-02,1.247756e-01,2.874712e-02,7.883992e-03,1.856573e-02
4.663172e-01,1.467286e-02,8.950269e-03,3.362692e-02,4.180895e-02,5.877897e-02,5.367199e-03,1.509077e-02,8.798059e-02,4.751354e-02,3.347310e-02,1.357971e-01,2.786884e-02,6.333028e-03,1.642059e-02
4.557359e-01,1.584202e-02,8.573356e-03,4.412832e-02,4.758799e-02,7.075576e-02,5.233685e-03,1.604792e-02,8.312139e-02,4.145036e-02,2.730504e-02,1.314288e-01,2.748083e-02,5.628867e-03,1.967978e-02
3.518880e-01,2.558703e-02,6.499888e-03,3.499026e-02,4.029671e-02,7.216355e-02,4.925070e-03,1.349752e-02,2.053384e-01,3.028729e-02,2.670779e-02,1.267045e-01,3.964891e-02,4.959725e-03,1.650533e-02
3.131225e-01,2.767982e-02,1.082347e-02,3.756834e-02,6.203638e-02,6.802732e-02,6.959795e-03,3.263875e-02,1.903947e-01,2.396299e-02,3.070267e-02,1.395365e-01,3.910223e-02,4.265382e-03,1.317917e-02
2.718815e-01,2.793343e-02,9.303250e-03,3.418165e-02,1.195177e-01,6.603670e-02,1.268439e-02,2.692389e-02,2.238556e-01,1.740338e-02,2.604549e-02,1.141885e-01,3.552128e-02,3.234808e-03,1.128837e-02
2.356196e-01,3.043454e-02,8.431654e-03,3.593174e-02,1.161700e-01,6.692413e-02,1.366452e-02,2.068453e-02,2.598097e-01,1.330235e-02,2.283066e-02,1.002679e-01,6.187019e-02,2.513314e-03,1.154525e-02
1.784623e-01,3.075206e-02,7.954413e-03,3.349088e-02,9.088060e-02,7.290897e-02,1.112562e-02,1.522133e-02,2.357900e-01,1.038974e-02,1.915489e-02,7.793295e-02,1.825663e-01,2.378447e-03,3.099156e-02
1.489245e-01,3.360058e-02,8.409712e-03,2.690484e-02,1.208886e-01,7.646666e-02,1.332369e-02,1.803774e-02,2.527282e-01,7.954463e-03,2.587638e-02,9.315349e-02,1.475850e-01,2.898278e-03,2.324793e-02
1.397759e-01,3.141975e-02,1.159258e-02,8.545490e-02,1.196343e-01,7.387355e-02,1.194087e-02,2.096137e-02,2.536545e-01,7.901950e-03,2.157372e-02,8.215035e-02,1.152399e-01,2.613117e-03,2.221327e-02
1.105167e-01,4.121115e-02,9.002979e-03,6.320639e-02,9.433671e-02,1.052102e-01,9.868363e-03,1.826674e-02,2.716459e-01,6.515815e-03,2.102311e-02,9.142420e-02,1.308201e-01,3.099064e-03,2.385256e-02
8.996014e-02,4.004779e-02,6.940100e-03,4.570463e-02,8.353787e-02,1.485709e-01,8.114085e-03,1.784913e-02,2.528836e-01,4.781686e-03,1.931291e-02,9.198659e-02,1.685236e-01,3.033011e-03,1.875404e-02
7.002176e-02,3.699923e-02,6.195840e-03,3.293125e-02,6.373451e-02,2.347791e-01,6.126833e-03,1.879947e-02,2.093221e-01,3.571256e-03,1.719795e-02,8.112629e-02,2.014083e-01,2.623127e-03,1.516289e-02
6.828713e-02,2.999058e-02,8.030545e-03,6.050620e-02,5.260136e-02,2.841209e-01,8.067486e-03,3.261299e-02,1.666932e-01,4.014150e-03,1.285531e-02,6.045760e-02,1.931460e-01,2.088048e-03,1.652841e-02
6.717759e-02,2.567854e-02,9.797640e-03,5.335977e-02,4.208443e-02,3.278380e-01,9.824995e-03,4.451302e-02,1.327352e-01,5.072055e-03,1.140343e-02,4.820782e-02,2.023598e-01,2.076105e-03,1.787162e-02
5.497058e-02,2.053614e-02,7.564045e-03,3.916727e-02,4.015888e-02,2.642613e-01,1.118392e-02,3.302866e-02,1.140155e-01,4.574046e-03,1.064622e-02,4.106852e-02,3.414589e-01,1.981845e-03,1.538427e-02
4.940609e-02,1.678028e-02,6.823730e-03,3.472062e-02,3.921335e-02,2.680093e-01,1.622707e-02,3.125280e-02,1.151772e-01,4.572486e-03,1.020204e-02,4.064760e-02,3.500278e-01,2.609123e-03,1.433057e-02
7.186234e-02,1.482762e-02,8.147396e-03,2.923663e-02,5.013215e-02,2.062033e-01,1.443685e-02,2.616600e-02,9.335591e-02,4.112331e-03,9.686289e-03,3.575316e-02,4.179545e-01,2.267849e-03,1.585769e-02
7.096476e-02,1.169681e-02,6.298654e-03,2.222611e-02,5.436992e-02,1.571725e-01,1.099387e-02,2.063691e-02,7.058590e-02,2.942689e-03,8.208358e-03,2.975693e-02,5.202671e-01,1.731092e-03,1.214844e-02
6.532514e-02,1.011635e-02,5.587789e-03,1.719489e-02,4.891694e-02,1.236769e-01,9.327318e-03,1.701867e-02,5.204415e-02,2.349256e-03,6.276205e-03,2.371277e-02,6.043323e-01,1.456349e-03,1.266500e-02
6.367338e-02,8.470275e-03,4.549487e-03,1.291373e-02,4.682904e-02,9.972093e-02,8.967321e-03,1.600167e-02,3.722545e-02,1.731167e-03,4.709495e-03,2.207930e-02,6.617439e-01,1.116419e-03,1.026849e-02
7.419024e-02,8.098328e-03,5.039069e-03,1.044220e-02,4.276719e-02,9.059394e-02,9.782036e-03,2.903522e-02,2.755926e-02,1.373644e-03,3.837381e-03,1.967745e-02,6.670707e-01,1.120392e-03,9.413013e-03
1.669257e-01,1.100535e-02,1.107935e-02,1.009275e-02,3.762819e-02,8.039886e-02,8.807834e-03,2.574436e-02,2.110144e-02,1.249169e-03,3.218069e-03,1.737992e-02,5.960215e-01,1.457653e-03,7.889878e-03
2.242527e-01,1.189449e-02,2.569058e-02,2.717287e-02,5.335625e-02,6.478572e-02,8.023676e-03,2.135945e-02,1.713559e-02,2.191188e-03,3.286443e-03,1.525743e-02,5.172432e-01,1.349399e-03,7.001056e-03
2.891912e-01,1.174665e-02,2.292514e-02,2.709731e-02,4.867110e-02,4.999453e-02,6.279445e-03,1.673070e-02,1.452609e-02,2.057263e-03,3.539742e-03,1.294091e-02,4.853222e-01,1.343138e-03,7.634579e-03
3.929467e-01,9.412512e-03,1.788967e-02,2.269905e-02,4.231661e-02,3.712518e-02,4.714474e-03,1.332970e-02,1.246491e-02,1.680641e-03,4.743117e-03,1.227621e-02,4.197927e-01,1.722416e-03,6.886102e-03
1.000000e+00,0.000000e+00,0.000000e+00,0.000000e+00,0.000000e+00,0.000000e+00,0.000000e+00,0.000000e+00,0.000000e+00,0.000000e+00,0.000000e+00,0.000000e+00,0.000000e+00,0.000000e+00,0.000000e+00
1.000000e+00,0.000000e+00,0.000000e+00,0.000000e+00,0.000000e+00,0.000000e+00,0.000000e+00,0.000000e+00,0.000000e+00,0.000000e+00,0.000000e+00,0.000000e+00,0.000000e+00,0.000000e+00,0.000000e+00
4.173568e-01,5.033467e-03,9.817057e-03,1.352088e-02,2.355455e-02,1.554645e-02,2.610979e-03,2.777426e-01,9.476656e-03,8.002952e-04,4.855090e-03,8.169496e-03,2.055825e-01,1.805815e-03,4.127309e-03
3.086492e-01,3.599188e-03,6.984133e-03,9.836804e-03,1.781111e-02,1.133285e-02,1.990071e-03,4.729831e-01,7.048068e-03,5.875936e-04,3.515345e-03,5.791338e-03,1.456146e-01,1.273788e-03,2.982765e-03
2.207483e-01,2.533924e-03,4.921311e-03,6.988130e-03,1.422062e-02,8.223942e-03,1.456031e-03,6.239679e-01,4.974205e-03,4.312500e-04,2.498763e-03,4.065811e-03,1.019771e-01,8.960105e-04,2.096619e-03
1.613598e-01,1.813641e-03,3.506686e-03,5.017368e-03,1.084084e-02,6.442692e-03,1.190557e-03,7.276208e-01,3.524219e-03,3.383881e-04,1.846556e-03,2.911951e-03,7.146519e-02,6.344990e-04,1.486787e-03
1.199813e-01,1.321850e-03,2.535996e-03,3.674608e-03,9.634842e-03,1.005180e-02,1.386228e-03,7.918437e-01,2.534994e-03,2.615504e-04,1.632749e-03,2.278832e-03,5.133617e-02,4.590968e-04,1.066275e-03
9.238566e-02,9.546820e-04,1.816866e-03,2.776488e-03,7.691338e-03,2.061899e-02,1.295718e-03,8.287616e-01,1.902539e-03,1.944638e-04,1.749516e-03,2.110261e-03,3.664337e-02,3.267707e-04,7.716705e-04
7.644381e-02,7.200849e-04,1.446864e-03,2.221321e-03,6.607619e-03,3.024092e-02,1.247254e-03,8.453819e-01,1.494751e-03,1.655990e-04,2.609312e-03,2.107465e-03,2.846753e-02,2.423855e-04,6.031217e-04
7.640207e-02,8.620535e-04,2.201575e-03,1.084101e-02,6.272484e-03,5.521576e-02,1.228255e-03,7.743776e-01,2.065109e-03,5.403259e-04,1.996824e-02,7.315782e-03,4.154626e-02,2.764665e-04,8.869566e-04
5.435945e-02,6.954029e-04,1.720587e-03,9.732163e-03,4.859628e-03,2.656806e-01,1.139817e-03,5.476156e-01,1.888809e-03,4.181931e-04,1.834801e-02,7.669935e-03,8.431461e-02,2.141134e-04,1.342947e-03
3.857222e-02,1.000681e-03,1.418907e-03,7.578042e-03,3.550889e-03,2.947260e-01,1.047029e-03,3.839285e-01,4.090716e-03,3.977134e-04,1.611477e-02,2.160043e-02,2.234821e-01,3.373980e-04,2.154595e-03
2.912820e-02,1.450986e-03,1.050533e-03,6.098886e-03,2.620764e-03,2.999758e-01,9.041633e-04,2.708029e-01,6.194514e-03,3.445765e-04,1.562245e-02,1.259660e-01,2.375008e-01,6.675355e-04,1.671834e-03
2.342304e-02,1.992187e-03,8.255198e-04,5.237091e-03,1.971217e-03,2.762561e-01,8.376012e-04,1.931398e-01,9.094890e-03,5.960111e-04,1.598437e-02,2.623358e-01,2.056199e-01,9.705381e-04,1.715964e-03
2.134584e-02,2.159524e-03,7.140234e-04,4.168571e-03,1.733804e-03,2.125678e-01,6.633592e-04,1.365934e-01,2.120319e-02,2.256968e-03,1.852729e-02,4.137371e-01,1.615905e-01,1.358202e-03,1.380473e-03
1.659283e-02,1.854652e-03,8.138607e-04,3.115676e-03,1.837773e-03,1.796513e-01,5.542622e-04,9.643221e-02,2.325677e-02,2.543783e-03,1.598312e-02,5.356491e-01,1.196491e-01,1.057557e-03,1.008099e-03
1.447811e-02,1.621157e-03,6.863006e-04,2.401946e-03,3.390425e-03,1.269191e-01,4.778006e-04,6.931079e-02,2.201889e-02,2.685894e-03,1.339786e-02,6.534723e-01,8.731120e-02,1.104554e-03,7.237180e-04
1.034493e-02,1.591745e-03,7.422240e-04,1.755675e-03,1.146423e-02,8.905987e-02,4.519008e-04,4.917201e-02,2.237377e-02,2.495705e-03,1.068042e-02,7.354814e-01,6.279077e-02,1.077641e-03,5.176672e-04
7.572145e-03,4.078378e-03,3.222792e-03,1.368192e-03,2.123492e-02,6.326262e-02,4.248171e-04,3.614356e-02,2.647621e-02,2.847152e-03,9.468667e-03,7.767233e-01,4.571738e-02,1.084820e-03,3.750774e-04
6.931530e-03,8.430486e-03,6.877325e-03,1.188418e-03,2.598036e-02,4.498945e-02,3.395938e-04,2.742099e-02,2.206014e-02,1.222982e-02,8.603289e-02,7.224191e-01,3.265931e-02,2.146260e-03,2.943289e-04
5.885902e-03,7.264832e-03,5.540228e-03,8.922814e-04,2.351799e-02,3.181164e-02,2.489313e-04,1.990565e-02,1.691020e-02,1.318824e-02,1.486828e-01,7.003075e-01,2.319755e-02,2.415527e-03,2.307578e-04
1.053095e-02,8.968020e-03,5.673937e-03,9.899372e-04,3.439593e-02,2.882432e-02,4.561271e-04,1.660828e-02,1.420170e-02,1.483496e-02,1.513886e-01,6.931650e-01,1.660540e-02,2.977699e-03,3.791463e-04
1.332002e-02,7.961282e-03,1.052673e-02,3.078460e-03,2.886605e-02,2.473439e-02,3.530595e-03,3.742345e-02,1.324065e-02,2.160251e-02,1.570600e-01,6.631706e-01,1.212317e-02,2.975173e-03,3.870411e-04
3.442146e-02,7.384127e-03,1.597613e-02,5.663476e-03,3.187732e-02,3.040496e-02,1.429919e-02,5.185939e-02,1.311237e-02,1.976095e-02,1.296113e-01,6.324179e-01,9.607291e-03,3.154099e-03,4.501044e-04
6.759378e-02,8.865802e-03,1.658560e-02,6.126363e-03,3.854714e-02,3.434595e-02,2.140369e-02,4.341977e-02,1.309703e-02,2.802872e-02,1.065754e-01,6.031059e-01,7.709708e-03,3.081497e-03,1.513678e-03
8.334582e-02,1.003215e-02,1.534929e-02,7.026816e-03,3.363904e-02,7.302119e-02,2.035816e-02,3.320123e-02,1.131322e-02,2.314751e-02,8.501537e-02,5.931904e-01,6.386700e-03,2.389347e-03,2.583775e-03
9.001832e-02,8.523637e-03,1.472034e-02,6.568316e-03,2.748770e-02,6.595118e-02,1.541613e-02,3.468875e-02,1.419183e-02,2.843672e-02,8.121775e-02,5.986148e-01,7.089604e-03,4.606104e-03,2.468918e-03
1.125504e-01,1.005507e-02,1.385934e-02,5.917586e-03,2.502207e-02,6.104586e-02,1.224620e-02,2.951038e-02,1.901101e-02,3.263574e-02,8.820041e-02,5.703403e-01,7.551658e-03,8.858323e-03,3.195705e-03
8.463786e-02,8.773199e-03,1.035370e-02,4.343290e-03,1.825670e-02,1.682923e-01,8.754938e-03,2.101335e-02,1.522350e-02,2.561548e-02,9.684376e-02,5.206422e-01,6.107582e-03,7.919589e-03,3.222653e-03
7.624283e-02,8.677211e-03,8.298850e-03,3.420508e-03,1.369742e-02,1.658110e-01,6.424586e-03,1.544254e-02,1.320932e-02,2.252997e-02,1.305424e-01,5.194818e-01,5.121509e-03,7.326965e-03,3.773097e-03
6.061905e-02,7.449035e-03,6.585263e-03,2.568382e-03,9.993099e-03,1.868552e-01,4.819513e-03,1.115375e-02,1.023583e-02,1.851367e-02,1.393017e-01,5.272076e-01,3.905099e-03,6.441440e-03,4.351553e-03
4.353807e-02,5.661272e-03,4.690200e-03,1.860055e-03,7.079596e-03,1.506859e-01,3.611624e-03,7.876636e-03,7.708360e-03,1.409082e-02,1.690992e-01,5.713452e-01,2.928538e-03,5.930963e-03,3.893679e-03
3.076730e-02,4.179589e-03,3.449629e-03,1.344667e-03,5.066930e-03,1.123720e-01,2.608485e-03,5.560262e-03,5.779959e-03,9.970254e-03,2.610947e-01,5.475889e-01,2.098948e-03,4.609516e-03,3.508837e-03
2.161689e-02,3.194167e-03,2.819704e-03,9.642729e-04,3.624346e-03,8.182240e-02,1.854630e-03,3.911067e-03,4.189406e-03,7.079531e-03,3.422410e-01,5.186559e-01,1.530228e-03,3.597788e-03,2.898746e-03
1.530927e-02,2.591903e-03,2.508527e-03,7.212039e-04,2.950137e-03,5.937387e-02,1.419287e-03,2.774065e-03,3.125435e-03,5.282987e-03,2.822193e-01,6.151645e-01,1.189098e-03,3.087963e-03,2.282556e-03
1.091400e-02,2.477741e-03,2.599418e-03,5.458465e-04,4.298042e-03,4.504492e-02,2.202857e-03,2.002409e-03,2.556430e-03,4.044991e-03,2.856839e-01,6.320710e-01,1.063611e-03,2.610612e-03,1.884273e-03
7.846253e-03,3.164256e-03,4.748241e-03,4.276290e-04,5.861388e-03,3.495743e-02,4.318104e-03,1.449789e-03,2.664100e-03,3.889542e-03,4.376780e-01,4.876817e-01,1.158131e-03,1.922233e-03,2.233319e-03
6.015635e-03,5.332689e-03,3.000785e-02,4.242751e-04,1.067573e-02,4.520145e-02,4.651594e-03,1.284237e-03,3.183634e-03,4.409441e-03,4.400466e-01,4.379733e-01,3.289191e-03,2.264441e-03,5.239928e-03
4.941579e-03,6.026472e-03,2.851717e-02,3.868742e-04,1.557216e-02,3.621759e-02,4.788107e-03,1.706084e-03,3.539333e-03,4.825241e-03,4.792725e-01,4.022408e-01,5.398758e-03,2.451988e-03,4.115361e-03
3.642391e-03,8.483035e-03,2.868074e-02,3.214157e-04,1.288112e-02,2.730321e-02,3.711067e-03,1.367790e-03,3.242125e-03,8.406536e-03,5.786766e-01,3.108995e-01,5.397381e-03,2.412918e-03,4.574161e-03
3.618950e-03,1.136835e-02,4.385618e-02,4.690419e-04,1.403914e-02,3.645401e-02,4.730029e-03,3.719450e-03,3.751476e-03,1.176938e-02,6.119583e-01,2.409058e-01,5.676799e-03,2.277807e-03,5.405371e-03
2.888550e-03,9.725155e-03,3.580901e-02,4.698355e-04,1.769332e-02,2.839840e-02,4.426923e-03,3.342287e-03,3.102465e-03,1.342437e-02,6.942630e-01,1.743763e-01,5.819059e-03,1.988732e-03,4.272710e-03
3.221224e-03,1.525711e-02,3.741387e-02,7.671646e-04,4.043006e-02,2.483125e-02,3.527585e-03,5.076736e-03,6.482362e-03,2.133402e-02,6.885546e-01,1.326287e-01,1.099586e-02,4.081520e-03,5.397998e-03
4.513784e-03,1.566024e-02,4.420019e-02,1.464337e-03,7.126131e-02,2.755962e-02,3.794415e-03,3.160861e-02,8.090353e-03,2.608353e-02,6.471333e-01,9.709984e-02,1.099316e-02,4.856531e-03,5.680792e-03
5.549720e-03,1.453735e-02,4.504817e-02,5.219081e-03,1.326252e-01,2.585025e-02,3.788403e-03,6.900377e-02,1.490847e-02,3.156322e-02,5.344740e-01,7.990751e-02,2.676558e-02,5.515207e-03,5.244080e-03
1.021561e-02,1.571765e-02,3.579383e-02,5.832669e-03,1.844588e-01,2.939020e-02,3.689035e-03,5.997808e-02,3.170277e-02,3.873576e-02,4.590844e-01,6.568751e-02,4.638632e-02,6.314490e-03,7.012993e-03
1.092608e-02,1.272517e-02,3.557470e-02,5.019549e-03,1.772574e-01,2.395101e-02,6.947633e-03,2.026699e-01,2.916397e-02,3.337537e-02,3.648169e-01,5.031563e-02,3.541581e-02,6.108114e-03,5.732773e-03
1.752703e-02,1.030653e-02,4.072829e-02,7.357448e-03,1.712406e-01,3.932856e-02,6.163200e-03,2.441300e-01,2.438143e-02,2.417973e-02,3.284742e-01,4.814847e-02,2.720777e-02,5.914995e-03,4.911697e-03
3.321066e-02,9.156131e-03,3.841338e-02,1.015266e-02,1.599882e-01,4.578059e-02,5.219258e-03,1.886900e-01,1.951574e-02,1.737553e-02,3.747706e-01,6.755367e-02,2.029713e-02,5.387624e-03,4.488896e-03
5.270704e-02,9.858102e-03,3.576066e-02,1.269274e-02,1.376083e-01,5.011879e-02,4.792942e-03,1.593228e-01,2.170112e-02,1.328061e-02,3.779260e-01,9.519242e-02,1.698047e-02,5.855972e-03,6.202010e-03
5.684502e-02,8.656250e-03,2.836408e-02,1.143504e-02,1.172383e-01,5.140643e-02,4.171995e-03,1.372602e-01,2.285382e-02,1.068081e-02,3.949720e-01,1.317387e-01,1.374192e-02,5.212955e-03,5.422549e-03
8.737402e-02,9.824825e-03,2.350260e-02,1.568603e-02,1.128770e-01,4.518244e-02,3.531426e-03,1.169918e-01,2.832231e-02,8.921513e-03,3.629865e-01,1.584362e-01,1.170423e-02,7.385504e-03,7.273561e-03
1.393923e-01,3.140234e-02,2.119607e-02,2.879260e-02,1.128651e-01,3.899674e-02,4.252534e-03,1.115501e-01,5.350877e-02,8.892719e-03,2.829954e-01,1.373158e-01,1.036461e-02,1.054630e-02,7.928763e-03
1.694345e-01,8.524819e-02,1.937188e-02,3.099206e-02,9.360379e-02,3.525437e-02,3.898956e-03,8.608610e-02,8.596946e-02,1.115946e-02,2.116035e-01,1.260810e-01,1.845446e-02,1.128944e-02,1.155285e-02
2.217571e-01,9.840822e-02,1.664424e-02,3.018721e-02,7.878055e-02,3.159261e-02,5.087307e-03,6.879699e-02,1.099962e-01,1.475618e-02,1.658884e-01,1.070331e-01,2.382262e-02,1.128514e-02,1.596418e-02
2.734157e-01,8.389335e-02,1.723628e-02,3.801360e-02,7.066736e-02,2.582629e-02,6.607481e-03,6.017285e-02,1.152609e-01,1.593892e-02,1.308231e-01,9.808899e-02,2.830547e-02,1.134806e-02,2.440174e-02
3.037907e-01,8.957162e-02,1.652789e-02,3.280262e-02,5.366160e-02,2.216389e-02,5.345357e-03,4.644086e-02,1.323433e-01,1.652979e-02,1.140358e-01,9.010150e-02,4.225531e-02,1.257483e-02,2.185498e-02
3.470822e-01,7.506586e-02,1.749714e-02,2.957876e-02,4.219464e-02,1.926493e-02,4.969757e-03,5.447964e-02,1.294388e-01,1.495314e-02,9.602623e-02,9.238546e-02,4.718062e-02,1.145736e-02,1.842548e-02
3.969322e-01,6.933935e-02,1.571706e-02,3.001993e-02,3.497344e-02,1.625377e-02,4.417051e-03,4.424568e-02,1.475078e-01,1.337636e-02,7.429902e-02,7.946992e-02,4.532039e-02,1.067833e-02,1.744973e-02
3.552975e-01,5.240712e-02,2.461943e-02,1.329503e-01,2.999229e-02,1.606308e-02,4.743665e-03,5.702650e-02,1.418482e-01,1.031577e-02,5.535935e-02,6.037748e-02,3.593958e-02,8.170220e-03,1.488948e-02
3.866997e-01,4.199092e-02,2.680825e-02,1.133776e-01,2.767683e-02,1.582495e-02,4.898608e-03,7.874183e-02,1.482915e-01,8.172282e-03,4.514492e-02,5.034936e-02,3.040984e-02,6.766278e-03,1.484714e-02
4.005347e-01,3.207129e-02,2.397270e-02,9.445447e-02,2.790596e-02,1.567242e-02,4.789552e-03,1.422818e-01,1.331711e-01,6.149386e-03,3.584100e-02,4.010558e-02,2.637642e-02,4.957833e-03,1.171577e-02
4.481538e-01,2.356752e-02,2.049487e-02,6.962486e-02,2.401918e-02,1.510461e-02,5.047694e-03,2.011924e-01,9.862693e-02,4.582122e-03,2.638427e-02,3.050720e-02,1.986020e-02,3.620440e-03,9.213872e-03
4.483745e-01,1.812082e-02,1.732284e-02,5.466545e-02,2.197283e-02,2.272138e-02,5.572110e-03,2.633882e-01,7.407280e-02,3.572358e-03,1.956922e-02,2.453086e-02,1.539238e-02,2.942660e-03,7.781592e-03
3.917480e-01,1.400284e-02,2.244728e-02,4.066917e-02,2.293740e-02,2.232294e-02,7.402889e-03,3.655089e-01,5.556206e-02,2.616448e-03,1.422634e-02,1.951775e-02,1.222477e-02,2.364347e-03,6.449020e-03
3.815974e-01,1.103328e-02,2.071278e-02,3.003285e-02,2.140275e-02,2.315291e-02,1.207746e-02,4.111916e-01,4.148975e-02,1.973468e-03,1.065756e-02,1.632187e-02,1.051009e-02,2.039795e-03,5.806499e-03
3.137019e-01,7.953304e-03,1.560077e-02,2.162022e-02,1.932358e-02,1.792359e-02,1.393483e-02,5.247498e-01,2.992778e-02,1.418333e-03,7.709468e-03,1.215869e-02,8.075259e-03,1.476562e-03,4.425985e-03
2.918320e-01,6.181569e-03,1.194020e-02,1.627669e-02,1.534887e-02,1.934848e-02,1.688801e-02,5.688055e-01,2.309001e-02,1.123794e-03,5.971537e-03,1.011259e-02,7.189713e-03,1.221350e-03,4.669731e-03
2.370028e-01,4.970028e-03,1.000355e-02,1.220159e-02,1.217106e-02,1.773250e-02,1.542067e-02,6.473830e-01,1.823984e-02,8.911100e-04,4.550552e-03,8.259898e-03,5.716296e-03,1.042673e-03,4.414481e-03
1.893620e-01,4.043112e-03,1.141552e-02,9.857746e-03,1.136625e-02,1.464268e-02,1.407284e-02,7.113876e-01,1.385635e-02,7.332398e-04,3.441203e-03,6.893714e-03,4.460890e-03,8.735779e-04,3.593239e-03
1.520555e-01,3.304128e-03,1.240288e-02,8.008260e-03,1.091170e-02,1.194946e-02,1.342737e-02,7.613651e-01,1.078082e-02,6.533263e-04,2.622131e-03,5.506852e-03,3.355470e-03,7.259605e-04,2.931099e-03
1.255618e-01,2.876627e-03,1.119594e-02,6.433517e-03,9.746708e-03,1.269485e-02,1.076644e-02,7.925510e-01,8.432985e-03,8.855453e-04,3.168989e-03,5.500440e-03,3.527590e-03,1.277930e-03,5.379533e-03
1.246589e-01,2.526464e-03,8.430391e-03,5.577737e-03,6.877665e-03,1.406552e-02,7.923707e-03,6.100331e-01,1.020193e-02,7.346472e-03,4.362375e-02,1.847127e-02,1.963175e-02,1.124121e-01,8.219306e-03
1.133598e-01,2.599081e-03,6.092594e-03,4.735522e-03,4.850516e-03,1.534666e-02,5.764189e-03,4.454966e-01,1.140824e-02,2.305195e-02,8.076518e-02,3.115267e-02,2.411861e-02,2.201749e-01,1.108354e-02
9.645922e-02,2.115087e-03,4.321827e-03,3.560863e-03,3.414069e-03,1.220374e-02,4.228284e-03,3.198214e-01,1.012565e-02,1.816940e-02,9.837916e-02,6.062298e-02,2.989301e-02,3.278536e-01,8.831640e-03
9.472248e-02,1.933428e-03,3.110048e-03,2.714997e-03,2.413604e-03,9.973455e-03,3.051321e-03,2.336811e-01,1.382931e-02,1.796132e-02,1.364775e-01,8.054785e-02,3.024034e-02,3.621453e-01,7.197934e-03
6.865706e-02,3.896344e-03,2.245895e-03,2.183807e-03,1.735168e-03,1.016445e-02,2.173630e-03,1.659010e-01,2.273010e-02,1.474001e-02,2.493880e-01,6.629983e-02,2.246583e-02,3.601662e-01,7.252762e-03
5.173032e-02,7.527571e-03,1.839014e-03,6.619130e-03,1.588605e-03,2.690402e-02,1.630283e-03,1.165742e-01,3.826108e-02,1.345172e-02,2.714044e-01,5.347569e-02,1.937506e-02,3.817940e-01,7.825007e-03
3.788045e-02,4.244334e-02,2.466280e-03,6.621907e-03,1.583231e-03,2.681481e-02,1.267954e-03,8.219733e-02,5.803284e-02,1.164949e-02,2.342490e-01,4.443578e-02,1.410062e-02,4.298086e-01,6.448407e-03
2.739899e-02,3.421415e-02,3.220151e-03,4.884620e-03,3.917280e-02,2.060989e-02,9.146341e-04,5.772121e-02,7.553773e-02,8.811831e-03,1.795673e-01,3.182879e-02,1.043288e-02,4.998462e-01,5.838889e-03
1.971734e-02,2.622965e-02,2.864954e-03,3.544501e-03,3.329485e-02,1.798095e-02,6.603337e-04,4.049145e-02,9.311560e-02,6.687387e-03,1.334849e-01,2.262625e-02,7.593973e-03,5.860596e-01,5.648338e-03
1.422187e-02,2.023315e-02,2.281670e-03,3.632518e-03,2.396648e-02,1.757314e-02,4.838596e-04,2.839310e-02,9.380303e-02,6.885934e-03,1.136841e-01,1.648116e-02,6.040182e-03,6.347697e-01,1.755018e-02
1.059367e-02,1.519985e-02,2.422904e-03,3.487024e-03,1.795027e-02,2.174321e-02,3.709157e-04,1.991407e-02,9.711529e-02,5.932251e-03,9.904116e-02,1.210585e-02,4.914107e-03,6.757737e-01,1.343565e-02
7.517977e-03,1.134267e-02,1.873479e-03,2.530368e-03,1.296221e-02,1.624109e-02,2.656201e-04,1.394243e-02,9.549512e-02,4.526962e-03,7.452270e-02,8.669093e-03,3.640529e-03,7.366786e-01,9.791120e-03
5.629214e-03,9.195957e-03,1.690515e-03,2.146022e-03,9.191312e-03,1.853762e-02,2.183341e-04,9.769606e-03,1.187457e-01,7.243364e-03,9.231091e-02,6.458517e-03,5.327531e-03,7.042350e-01,9.300362e-03
4.361281e-03,7.442888e-03,1.605598e-03,1.959872e-03,6.576806e-03,1.485388e-02,2.006673e-04,6.851966e-03,1.586292e-01,9.909295e-03,9.299149e-02,4.718251e-03,4.400762e-03,6.780214e-01,7.476673e-03
3.641098e-03,5.473322e-03,3.052213e-03,1.601349e-03,5.059962e-03,1.100833e-02,1.890513e-04,4.828425e-03,1.247045e-01,4.856133e-02,8.127373e-02,4.229743e-03,8.262547e-03,6.906329e-01,7.481507e-03
3.068283e-03,3.867316e-03,2.708808e-03,1.197700e-03,4.524277e-03,7.817520e-03,1.406888e-04,3.425055e-03,8.940466e-02,2.935378e-01,6.087152e-02,3.541916e-03,6.600517e-03,5.135911e-01,5.702872e-03
2.647296e-03,2.735095e-03,2.277103e-03,9.748851e-04,4.893593e-03,5.557256e-03,1.340486e-04,2.639999e-03,6.531548e-02,4.751466e-01,4.549359e-02,3.274891e-03,6.623283e-03,3.766732e-01,5.613659e-03
2.261437e-03,1.950245e-03,1.785372e-03,7.819160e-04,2.677246e-02,4.458310e-03,2.715835e-04,2.069441e-03,5.173351e-02,5.892119e-01,3.424503e-02,3.313197e-03,6.142437e-03,2.707085e-01,4.294531e-03
2.341124e-03,1.450034e-03,1.364252e-03,6.712625e-04,6.302036e-02,4.095276e-03,7.852329e-04,1.646078e-03,4.450012e-02,6.431881e-01,2.614954e-02,3.906567e-03,7.579702e-03,1.959382e-01,3.364117e-03
2.341401e-03,1.089567e-03,1.416555e-03,3.039078e-03,6.539164e-02,5.859287e-03,1.609719e-03,3.548305e-02,3.362107e-02,6.604270e-01,2.180604e-02,6.546278e-03,1.766635e-02,1.409578e-01,2.745210e-03
5.078766e-03,1.036795e-03,1.700688e-03,2.676262e-03,6.919234e-02,1.016643e-02,2.808052e-03,5.380587e-02,3.133452e-02,6.432782e-01,1.788839e-02,1.147393e-02,2.562152e-02,1.211537e-01,2.784571e-03
8.427816e-03,1.328456e-03,1.918451e-03,2.235863e-03,6.340606e-02,9.141999e-03,5.007462e-03,1.032702e-01,3.479728e-02,5.701073e-01,1.615534e-02,2.103864e-02,2.906023e-02,1.305566e-01,3.548297e-03
1.262262e-02,1.466705e-03,1.734572e-03,3.992680e-03,9.429770e-02,7.708843e-03,1.071806e-02,1.426385e-01,5.523738e-02,4.433097e-01,1.971433e-02,2.093354e-02,3.600638e-02,1.465664e-01,3.052667e-03
2.296390e-02,2.182737e-03,1.767064e-03,3.883046e-03,1.111009e-01,8.089546e-03,1.169799e-02,1.420241e-01,1.258652e-01,3.311492e-01,1.852193e-02,2.353351e-02,3.880913e-02,1.539313e-01,4.480500e-03
