1.000000e+00,0.000000e+00,0.000000e+00,0.000000e+00,0.000000e+00,0.000000e+00,0.000000e+00,0.000000e+00,0.000000e+00,0.000000e+00,0.000000e+00,0.000000e+00,0.000000e+00,0.000000e+00,0.000000e+00
1.000000e+00,0.000000e+00,0.000000e+00,0.000000e+00,0.000000e+00,0.000000e+00,0.000000e+00,0.000000e+00,0.000000e+00,0.000000e+00,0.000000e+00,0.000000e+00,0.000000e+00,0.000000e+00,0.000000e+00
1.000000e+00,0.000000e+00,0.000000e+00,0.000000e+00,0.000000e+00,0.000000e+00,0.000000e+00,0.000000e+00,0.000000e+00,0.000000e+00,0.000000e+00,0.000000e+00,0.000000e+00,0.000000e+00,0.000000e+00
1.000000e+00,0.000000e+00,0.000000e+00,0.000000e+00,0.000000e+00,0.000000e+00,0.000000e+00,0.000000e+00,0.000000e+00,0.000000e+00,0.000000e+00,0.000000e+00,0.000000e+00,0.000000e+00,0.000000e+00
1.000000e+00,0.000000e+00,0.000000e+00,0.000000e+00,0.000000e+00,0.000000e+00,0.000000e+00,0.000000e+00,0.000000e+00,0.000000e+00,0.000000e+00,0.000000e+00,0.000000e+00,0.000000e+00,0.000000e+00
1.000000e+00,0.000000e+00,0.000000e+00,0.000000e+00,0.000000e+00,0.000000e+00,0.000000e+00,0.000000e+00,0.000000e+00,0.000000e+00,0.000000e+00,0.000000e+00,0.000000e+00,0.000000e+00,0.000000e+00
1.000000e+00,0.000000e+00,0.000000e+00,0.000000e+00,0.000000e+00,0.000000e+00,0.000000e+00,0.000000e+00,0.000000e+00,0.000000e+00,0.000000e+00,0.000000e+00,0.000000e+00,0.000000e+00,0.000000e+00
1.000000e+00,0.000000e+00,0.000000e+00,0.000000e+00,0.000000e+00,0.000000e+00,0.000000e+00,0.000000e+00,0.000000e+00,0.000000e+00,0.000000e+00,0.000000e+00,0.000000e+00,0.000000e+00,0.000000e+00
1.000000e+00,0.000000e+00,0.000000e+00,0.000000e+00,0.000000e+00,0.000000e+00,0.000000e+00,0.000000e+00,0.000000e+00,0.000000e+00,0.000000e+00,0.000000e+00,0.000000e+00,0.000000e+00,0.000000e+00
1.000000e+00,0.000000e+00,0.000000e+00,0.000000e+00,0.000000e+00,0.000000e+00,0.000000e+00,0.000000e+00,0.000000e+00,0.000000e+00,0.000000e+00,0.000000e+00,0.000000e+00,0.000000e+00,0.000000e+00
1.000000e+00,0.000000e+00,0.000000e+00,0.000000e+00,0.000000e+00,0.000000e+00,0.000000e+00,0.000000e+00,0.000000e+00,0.000000e+00,0.000000e+00,0.000000e+00,0.000000e+00,0.000000e+00,0.000000e+00
1.000000e+00,0.000000e+00,0.000000e+00,0.000000e+00,0.000000e+00,0.000000e+00,0.000000e+00,0.000000e+00,0.000000e+00,0.000000e+00,0.000000e+00,0.000000e+00,0.000000e+00,0.000000e+00,0.000000e+00
1.000000e+00,0.000000e+00,0.000000e+00,0.000000e+00,0.000000e+00,0.000000e+00,0.000000e+00,0.000000e+00,0.000000e+00,0.000000e+00,0.000000e+00,0.000000e+00,0.000000e+00,0.000000e+00,0.000000e+00
1.000000e+00,0.000000e+00,0.000000e+00,0.000000e+00,0.000000e+00,0.000000e+00,0.000000e+00,0.000000e+00,0.000000e+00,0.000000e+00,0.000000e+00,0.000000e+00,0.000000e+00,0.000000e+00,0.000000e+00
1.000000e+00,0.000000e+00,0.000000e+00,0.000000e+00,0.000000e+00,0.000000e+00,0.000000e+00,0.000000e+00,0.000000e+00,0.000000e+00,0.000000e+00,0.000000e+00,0.000000e+00,0.000000e+00,0.000000e+00
1.000000e+00,0.000000e+00,0.000000e+00,0.000000e+00,0.000000e+00,0.000000e+00,0.000000e+00,0.000000e+00,0.000000e+00,0.000000e+00,0.000000e+00,0.000000e+00,0.000000e+00,0.000000e+00,0.000000e+00
1.000000e+00,0.000000e+00,0.000000e+00,0.000000e+00,0.000000e+00,0.000000e+00,0.000000e+00,0.000000e+00,0.000000e+00,0.000000e+00,0.000000e+00,0.000000e+00,0.000000e+00,0.000000e+00,0.000000e+00
1.000000e+00,0.000000e+00,0.000000e+00,0.000000e+00,0.000000e+00,0.000000e+00,0.000000e+00,0.000000e+00,0.000000e+00,0.000000e+00,0.000000e+00,0.000000e+00,0.000000e+00,0.000000e+00,0.000000e+00
1.000000e+00,0.000000e+00,0.000000e+00,0.000000e+00,0.000000e+00,0.000000e+00,0.000000e+00,0.000000e+00,0.000000e+00,0.000000e+00,0.000000e+00,0.000000e+00,0.000000e+00,0.000000e+00,0.000000e+00
1.000000e+00,0.000000e+00,0.000000e+00,0.000000e+00,0.000000e+00,0.000000e+00,0.000000e+00,0.000000e+00,0.000000e+00,0.000000e+00,0.000000e+00,0.000000e+00,0.000000e+00,0.000000e+00,0.000000e+00
1.000000e+00,0.000000e+00,0.000000e+00,0.000000e+00,0.000000e+00,0.000000e+00,0.000000e+00,0.000000e+00,0.000000e+00,0.000000e+00,0.000000e+00,0.000000e+00,0.000000e+00,0.000000e+00,0.000000e+00
1.000000e+00,0.000000e+00,0.000000e+00,0.000000e+00,0.000000e+00,0.000000e+00,0.000000e+00,0.000000e+00,0.000000e+00,0.000000e+00,0.000000e+00,0.000000e+00,0.000000e+00,0.000000e+00,0.000000e+00
1.000000e+00,0.000000e+00,0.000000e+00,0.000000e+00,0.000000e+00,0.000000e+00,0.000000e+00,0.000000e+00,0.000000e+00,0.000000e+00,0.000000e+00,0.000000e+00,0.000000e+00,0.000000e+00,0.000000e+00
1.000000e+00,0.000000e+00,0.000000e+00,0.000000e+00,0.000000e+00,0.000000e+00,0.000000e+00,0.000000e+00,0.000000e+00,0.000000e+00,0.000000e+00,0.000000e+00,0.000000e+00,0.000000e+00,0.000000e+00
1.000000e+00,0.000000e+00,0.000000e+00,0.000000e+00,0.000000e+00,0.000000e+00,0.000000e+00,0.000000e+00,0.000000e+00,0.000000e+00,0.000000e+00,0.000000e+00,0.000000e+00,0.000000e+00,0.000000e+00
1.000000e+00,0.000000e+00,0.000000e+00,0.000000e+00,0.000000e+00,0.000000e+00,0.000000e+00,0.000000e+00,0.000000e+00,0.000000e+00,0.000000e+00,0.000000e+00,0.000000e+00,0.000000e+00,0.000000e+00
1.000000e+00,0.000000e+00,0.000000e+00,0.000000e+00,0.000000e+00,0.000000e+00,0.000000e+00,0.000000e+00,0.000000e+00,0.000000e+00,0.000000e+00,0.000000e+00,0.000000e+00,0.000000e+00,0.000000e+00
1.000000e+00,0.000000e+00,0.000000e+00,0.000000e+00,0.000000e+00,0.000000e+00,0.000000e+00,0.000000e+00,0.000000e+00,0.000000e+00,0.000000e+00,0.000000e+00,0.000000e+00,0.000000e+00,0.000000e+00
1.000000e+00,0.000000e+00,0.000000e+00,0.000000e+00,0.000000e+00,0.000000e+00,0.000000e+00,0.000000e+00,0.000000e+00,0.000000e+00,0.000000e+00,0.000000e+00,0.000000e+00,0.000000e+00,0.000000e+00
1.000000e+00,0.000000e+00,0.000000e+00,0.000000e+00,0.000000e+00,0.000000e+00,0.000000e+00,0.000000e+00,0.000000e+00,0.000000e+00,0.000000e+00,0.000000e+00,0.000000e+00,0.000000e+00,0.000000e+00
1.000000e+00,0.000000e+00,0.000000e+00,0.000000e+00,0.000000e+00,0.000000e+00,0.000000e+00,0.000000e+00,0.000000e+00,0.000000e+00,0.000000e+00,0.000000e+00,0.000000e+00,0.000000e+00,0.000000e+00
1.000000e+00,0.000000e+00,0.000000e+00,0.000000e+00,0.000000e+00,0.000000e+00,0.000000e+00,0.000000e+00,0.000000e+00,0.000000e+00,0.000000e+00,0.000000e+00,0.000000e+00,0.000000e+00,0.000000e+00
1.000000e+00,0.000000e+00,0.000000e+00,0.000000e+00,0.000000e+00,0.000000e+00,0.000000e+00,0.000000e+00,0.000000e+00,0.000000e+00,0.000000e+00,0.000000e+00,0.000000e+00,0.000000e+00,0.000000e+00
1.000000e+00,0.000000e+00,0.000000e+00,0.000000e+00,0.000000e+00,0.000000e+00,0.000000e+00,0.000000e+00,0.000000e+00,0.000000e+00,0.000000e+00,0.000000e+00,0.000000e+00,0.000000e+00,0.000000e+00
1.000000e+00,0.000000e+00,0.000000e+00,0.000000e+00,0.000000e+00,0.000000e+00,0.000000e+00,0.000000e+00,0.000000e+00,0.000000e+00,0.000000e+00,0.000000e+00,0.000000e+00,0.000000e+00,0.000000e+00
1.000000e+00,0.000000e+00,0.000000e+00,0.000000e+00,0.000000e+00,0.000000e+00,0.000000e+00,0.000000e+00,0.000000e+00,0.000000e+00,0.000000e+00,0.000000e+00,0.000000e+00,0.000000e+00,0.000000e+00
1.000000e+00,0.000000e+00,0.000000e+00,0.000000e+00,0.000000e+00,0.000000e+00,0.000000e+00,0.000000e+00,0.000000e+00,0.000000e+00,0.000000e+00,0.000000e+00,0.000000e+00,0.000000e+00,0.000000e+00
1.000000e+00,0.000000e+00,0.000000e+00,0.000000e+00,0.000000e+00,0.000000e+00,0.000000e+00,0.000000e+00,0.000000e+00,0.000000e+00,0.000000e+00,0.000000e+00,0.000000e+00,0.000000e+00,0.000000e+00
1.000000e+00,0.000000e+00,0.000000e+00,0.000000e+00,0.000000e+00,0.000000e+00,0.000000e+00,0.000000e+00,0.000000e+00,0.000000e+00,0.000000e+00,0.000000e+00,0.000000e+00,0.000000e+00,0.000000e+00
1.000000e+00,0.000000e+00,0.000000e+00,0.000000e+00,0.000000e+00,0.000000e+00,0.000000e+00,0.000000e+00,0.000000e+00,0.000000e+00,0.000000e+00,0.000000e+00,0.000000e+00,0.000000e+00,0.000000e+00
1.000000e+00,0.000000e+00,0.000000e+00,0.000000e+00,0.000000e+00,0.000000e+00,0.000000e+00,0.000000e+00,0.000000e+00,0.000000e+00,0.000000e+00,0.000000e+00,0.000000e+00,0.000000e+00,0.000000e+00
1.000000e+00,0.000000e+00,0.000000e+00,0.000000e+00,0.000000e+00,0.000000e+00,0.000000e+00,0.000000e+00,0.000000e+00,0.000000e+00,0.000000e+00,0.000000e+00,0.000000e+00,0.000000e+00,0.000000e+00
1.000000e+00,0.000000e+00,0.000000e+00,0.000000e+00,0.000000e+00,0.000000e+00,0.000000e+00,0.000000e+00,0.000000e+00,0.000000e+00,0.000000e+00,0.000000e+00,0.000000e+00,0.000000e+00,0.000000e+00
1.000000e+00,0.000000e+00,0.000000e+00,0.000000e+00,0.000000e+00,0.000000e+00,0.000000e+00,0.000000e+00,0.000000e+00,0.000000e+00,0.000000e+00,0.000000e+00,0.000000e+00,0.000000e+00,0.000000e+00
1.000000e+00,0.000000e+00,0.000000e+00,0.000000e+00,0.000000e+00,0.000000e+00,0.000000e+00,0.000000e+00,0.000000e+00,0.000000e+00,0.000000e+00,0.000000e+00,0.000000e+00,0.000000e+00,0.000000e+00
1.000000e+00,0.000000e+00,0.000000e+00,0.000000e+00,0.000000e+00,0.000000e+00,0.000000e+00,0.000000e+00,0.000000e+00,0.000000e+00,0.000000e+00,0.000000e+00,0.000000e+00,0.000000e+00,0.000000e+00
1.000000e+00,0.000000e+00,0.000000e+00,0.000000e+00,0.000000e+00,0.000000e+00,0.000000e+00,0.000000e+00,0.000000e+00,0.000000e+00,0.000000e+00,0.000000e+00,0.000000e+00,0.000000e+00,0.000000e+00
1.000000e+00,0.000000e+00,0.000000e+00,0.000000e+00,0.000000e+00,0.000000e+00,0.000000e+00,0.000000e+00,0.000000e+00,0.000000e+00,0.000000e+00,0.000000e+00,0.000000e+00,0.000000e+00,0.000000e+00
1.000000e+00,0.000000e+00,0.000000e+00,0.000000e+00,0.000000e+00,0.000000e+00,0.000000e+00,0.000000e+00,0.000000e+00,0.000000e+00,0.000000e+00,0.000000e+00,0.000000e+00,0.000000e+00,0.000000e+00
4.913062e-01,1.857459e-02,1.446784e-02,9.566489e-02,3.620962e-03,1.487300e-02,2.813551e-03,9.048176e-03,7.678191e-03,2.475067e-03,1.040011e-01,1.659672e-01,4.560990e-02,4.791426e-03,1.910786e-02
3.448400e-01,1.435017e-02,1.152617e-02,1.919509e-01,3.002513e-03,1.206341e-02,2.035593e-03,6.397033e-03,6.724657e-03,4.344644e-03,1.339513e-01,2.169219e-01,3.341261e-02,3.661229e-03,1.481779e-02
2.415126e-01,1.011809e-02,8.172357e-03,1.463086e-01,3.151326e-03,8.964463e-03,1.432594e-03,4.502997e-03,5.093740e-03,5.172906e-03,3.113903e-01,2.156437e-01,2.511689e-02,2.925729e-03,1.049378e-02
1.691982e-01,7.109086e-03,5.733877e-03,1.047246e-01,4.528754e-02,6.669621e-03,1.044570e-03,3.182797e-03,6.514125e-03,5.065670e-03,3.981751e-01,2.183103e-01,1.836374e-02,3.196605e-03,7.424146e-03
1.185089e-01,5.008142e-03,4.023568e-03,7.405356e-02,1.237071e-01,4.831173e-03,7.945987e-04,2.247951e-03,2.190863e-02,4.126152e-03,3.969429e-01,2.224529e-01,1.343904e-02,2.718128e-03,5.237313e-03
8.337598e-02,4.131276e-03,3.066864e-03,5.330904e-02,1.686611e-01,4.031451e-03,6.353239e-04,1.816488e-03,8.556387e-02,3.930189e-03,3.255882e-01,2.477888e-01,1.118662e-02,2.998353e-03,3.916502e-03
6.618966e-02,3.598131e-03,5.300943e-03,3.894982e-02,1.583734e-01,8.960084e-02,9.289427e-03,3.001587e-02,6.905347e-02,2.226215e-02,2.453181e-01,2.448206e-01,1.070783e-02,3.366970e-03,3.152779e-03
5.044571e-02,5.409274e-03,6.718766e-03,2.776637e-02,1.563464e-01,1.843191e-01,1.137241e-02,3.719758e-02,9.518613e-02,2.534241e-02,1.811640e-01,2.031545e-01,9.489904e-03,3.290734e-03,2.796779e-03
4.458739e-02,4.493593e-03,2.055940e-02,2.163759e-02,1.457416e-01,1.479475e-01,3.567560e-02,1.671118e-01,8.162765e-02,2.537055e-02,1.307993e-01,1.586511e-01,1.053835e-02,3.014681e-03,2.244025e-03
5.879523e-02,8.313438e-03,3.660261e-02,1.926815e-02,1.336768e-01,1.605509e-01,3.084762e-02,1.426598e-01,1.460370e-01,2.761009e-02,9.470521e-02,1.227071e-01,1.128241e-02,2.689576e-03,4.254132e-03
6.566873e-02,1.874986e-02,4.346479e-02,2.612963e-02,9.629896e-02,1.954231e-01,2.270464e-02,1.063247e-01,1.865921e-01,4.208244e-02,7.270395e-02,9.282921e-02,1.309990e-02,3.228336e-03,1.469965e-02
6.245442e-02,1.734826e-02,9.210307e-02,3.533983e-02,7.252335e-02,1.514845e-01,1.729984e-02,7.908230e-02,2.815644e-01,3.660745e-02,5.626981e-02,7.027493e-02,1.320440e-02,2.829611e-03,1.161380e-02
6.360270e-02,2.122913e-02,9.189622e-02,3.687929e-02,5.237637e-02,1.135182e-01,1.274476e-02,5.610810e-02,3.571347e-01,3.991489e-02,5.672079e-02,6.850702e-02,1.367876e-02,3.019260e-03,1.266979e-02
5.169201e-02,2.038435e-02,6.976257e-02,3.572309e-02,4.260400e-02,8.632573e-02,9.741595e-03,6.252277e-02,4.557615e-01,3.339832e-02,4.699902e-02,5.741792e-02,1.514924e-02,2.830878e-03,9.686936e-03
5.200930e-02,2.184769e-02,5.237814e-02,6.507551e-02,3.736351e-02,6.389091e-02,7.658871e-03,4.995678e-02,5.019125e-01,3.893249e-02,3.770380e-02,4.752401e-02,1.201794e-02,3.072206e-03,8.656309e-03
6.529845e-02,3.902645e-02,3.900498e-02,6.532815e-02,4.264339e-02,4.705298e-02,5.774140e-03,3.634235e-02,5.317583e-01,3.703628e-02,3.018436e-02,3.881291e-02,9.308442e-03,2.716419e-03,9.712343e-03
6.256267e-02,3.027814e-02,4.812739e-02,2.532056e-01,3.706328e-02,3.504372e-02,4.318279e-03,3.170333e-02,3.972672e-01,2.993213e-02,2.428493e-02,2.861444e-02,7.854516e-03,2.033649e-03,7.710696e-03
8.213193e-02,2.404503e-02,7.659287e-02,3.321816e-01,3.706681e-02,2.944738e-02,3.426302e-03,4.328603e-02,2.911924e-01,2.290471e-02,2.080736e-02,2.214201e-02,7.032688e-03,1.579408e-03,6.163337e-03
7.350439e-02,1.756435e-02,7.018687e-02,2.856990e-01,5.526651e-02,2.212308e-02,2.877143e-03,2.047847e-01,2.095645e-01,1.618001e-02,1.573044e-02,1.571364e-02,5.323949e-03,1.124727e-03,4.356679e-03
8.191148e-02,1.284900e-02,6.792348e-02,2.737630e-01,6.950296e-02,1.688122e-02,2.667925e-03,2.819337e-01,1.483659e-01,1.158076e-02,1.251095e-02,1.139066e-02,4.675002e-03,8.289219e-04,3.215048e-03
6.265801e-02,9.034310e-03,4.798920e-02,1.960494e-01,8.410728e-02,1.219051e-02,2.993583e-03,4.479750e-01,1.042987e-01,8.159605e-03,9.694310e-03,8.063976e-03,3.868446e-03,5.935777e-04,2.324108e-03
4.713773e-02,6.360199e-03,3.367066e-02,1.376271e-01,1.166629e-01,8.834162e-03,7.275220e-03,5.462431e-01,7.305946e-02,5.719982e-03,6.842537e-03,5.654661e-03,2.850973e-03,4.164558e-04,1.644963e-03
3.632970e-02,4.505272e-03,2.362696e-02,9.654143e-02,1.188129e-01,6.510952e-03,1.447342e-02,6.315156e-01,5.120920e-02,4.015267e-03,4.862541e-03,3.982856e-03,2.157863e-03,2.945655e-04,1.161480e-03
3.032043e-02,3.299798e-03,1.673787e-02,6.775287e-02,1.096196e-01,6.133837e-03,4.535787e-02,6.695940e-01,3.605147e-02,2.860326e-03,3.607135e-03,2.908846e-03,4.595777e-03,2.243581e-04,9.358065e-04
2.410366e-02,2.596065e-03,1.199588e-02,4.782864e-02,1.012524e-01,6.327749e-03,5.783737e-02,6.627030e-01,2.632434e-02,2.735179e-03,4.321264e-03,2.488210e-03,4.591454e-02,2.411336e-04,3.330659e-03
2.636882e-02,2.260172e-03,8.847191e-03,3.409346e-02,8.533961e-02,8.122808e-03,9.951663e-02,5.760694e-01,1.960868e-02,3.823359e-03,9.452288e-03,1.516837e-02,1.020478e-01,1.325840e-03,7.955685e-03
3.519039e-02,2.421581e-03,6.476532e-03,2.508369e-02,6.310779e-02,2.902496e-02,1.428809e-01,4.235992e-01,1.708220e-02,3.546910e-03,2.419597e-02,2.124878e-02,1.883564e-01,1.250740e-03,1.653400e-02
3.605281e-02,2.292551e-03,4.688643e-03,1.882119e-02,4.593132e-02,3.599356e-02,1.531176e-01,3.119319e-01,1.553114e-02,3.107815e-03,4.206864e-02,2.255996e-02,2.805779e-01,1.196637e-03,2.612830e-02
8.334463e-02,2.402752e-03,3.682857e-03,1.441480e-02,3.333038e-02,3.415041e-02,1.302097e-01,2.381619e-01,1.362552e-02,2.842670e-03,5.235831e-02,2.306950e-02,3.365201e-01,1.880569e-03,3.000585e-02
9.059653e-02,2.297561e-03,3.135770e-03,1.178212e-02,2.440620e-02,3.203415e-02,1.012682e-01,1.840987e-01,1.383782e-02,2.529157e-03,5.462760e-02,2.160837e-02,4.222752e-01,1.661428e-03,3.384109e-02
6.688751e-02,2.836781e-03,2.412129e-03,9.367822e-03,1.764833e-02,3.168292e-02,7.336845e-02,1.452330e-01,2.072538e-02,2.727090e-03,4.455525e-02,1.827354e-02,5.162160e-01,1.415062e-03,4.665079e-02
5.583761e-02,5.178182e-03,2.157514e-03,7.266907e-03,1.448387e-02,2.792713e-02,5.291108e-02,1.178967e-01,5.286077e-02,2.819657e-03,3.565583e-02,1.497102e-02,5.677554e-01,1.175658e-03,4.110270e-02
4.372232e-02,5.374694e-03,3.075401e-03,5.801493e-03,1.400684e-02,2.696914e-02,4.060185e-02,1.143660e-01,5.086267e-02,2.661941e-03,2.803449e-02,1.214163e-02,6.067072e-01,9.979826e-04,4.467647e-02
3.837335e-02,7.357758e-03,8.839672e-03,8.673700e-03,1.722794e-02,2.558741e-02,3.115321e-02,1.541808e-01,6.383134e-02,2.907665e-03,2.131153e-02,1.126818e-02,5.613464e-01,1.329741e-03,4.661134e-02
3.498729e-02,9.070139e-03,9.425067e-03,7.316432e-03,1.796689e-02,2.208053e-02,2.314580e-02,1.283787e-01,7.181573e-02,2.828997e-03,1.637761e-02,9.773390e-03,5.962932e-01,1.106296e-03,4.943406e-02
3.126576e-02,8.071324e-03,8.484879e-03,6.856938e-03,1.939186e-02,1.656688e-02,1.690657e-02,2.801648e-01,7.689714e-02,2.665255e-03,1.532110e-02,9.461183e-03,4.582468e-01,1.084279e-03,4.861518e-02
2.438683e-02,6.037446e-03,6.997447e-03,5.094671e-03,1.543638e-02,1.190225e-02,1.202853e-02,4.765956e-01,6.079212e-02,1.962051e-03,1.106282e-02,6.725105e-03,3.238659e-01,7.929474e-04,3.631991e-02
1.822282e-02,4.347066e-03,5.648606e-03,3.686949e-03,1.177151e-02,8.462898e-03,8.560058e-03,6.275760e-01,4.374584e-02,1.388346e-03,7.820754e-03,4.745775e-03,2.276568e-01,5.655130e-04,2.580109e-02
1.453836e-02,3.119223e-03,4.213419e-03,2.689522e-03,9.371050e-03,6.394126e-03,6.120340e-03,7.349043e-01,3.081395e-02,9.833252e-04,5.511739e-03,3.348770e-03,1.594795e-01,4.041279e-04,1.810824e-02
1.086818e-02,2.223485e-03,3.087214e-03,1.922762e-03,7.811211e-03,4.645268e-03,4.354426e-03,8.117234e-01,2.176288e-02,6.954022e-04,3.870426e-03,2.351079e-03,1.117011e-01,2.861132e-04,1.269702e-02
9.030243e-03,1.587069e-03,2.209391e-03,1.390575e-03,6.299755e-03,3.455316e-03,3.110520e-03,8.653015e-01,1.535983e-02,4.933287e-04,2.737247e-03,1.663770e-03,7.825576e-02,2.079875e-04,8.897585e-03
8.995557e-03,1.141040e-03,1.591231e-03,1.057368e-03,5.271381e-03,3.169875e-03,2.221166e-03,9.008094e-01,1.083200e-02,3.584703e-04,2.015439e-03,1.232073e-03,5.488515e-02,1.717082e-04,6.248128e-03
1.331828e-02,8.321651e-04,1.269614e-03,1.192992e-03,6.933789e-03,3.396860e-03,1.674182e-03,9.180102e-01,7.656100e-03,2.557317e-04,1.497915e-03,9.085173e-04,3.851447e-02,1.468937e-04,4.392270e-03
1.607747e-02,6.130158e-04,1.061158e-03,1.294811e-03,5.628179e-03,3.156892e-03,1.286528e-03,9.332615e-01,5.401797e-03,1.824752e-04,1.129493e-03,6.864123e-04,2.701789e-02,1.132256e-04,3.089176e-03
1.696162e-02,4.605974e-04,8.260874e-04,9.922942e-04,4.287397e-03,2.534462e-03,9.483168e-04,9.462764e-01,3.817930e-03,1.338916e-04,8.917993e-04,6.063994e-04,1.899622e-02,8.923619e-05,2.177387e-03
4.550859e-02,4.600406e-04,6.891261e-04,1.525718e-03,3.189134e-03,2.443232e-03,6.890093e-04,8.958767e-01,3.000629e-03,3.229560e-04,1.487171e-02,1.226624e-02,1.705097e-02,4.708934e-04,1.635143e-03
3.655626e-02,4.163143e-04,5.079281e-04,1.509151e-03,2.319498e-03,4.132447e-03,5.885954e-04,6.456821e-01,2.648082e-03,8.108237e-03,4.446313e-02,1.861548e-01,2.958974e-02,3.547651e-02,1.847320e-03
2.955703e-02,3.946360e-04,3.864754e-04,1.486472e-03,1.764117e-03,5.296624e-03,5.391241e-04,4.650819e-01,2.281550e-03,8.543824e-03,8.200966e-02,3.015029e-01,3.119283e-02,6.845993e-02,1.502904e-03
2.213908e-02,4.313602e-04,3.419525e-04,1.273701e-03,1.569602e-03,5.219613e-03,7.294735e-04,3.300844e-01,2.994949e-03,6.363080e-03,1.533703e-01,3.865844e-01,2.355612e-02,6.417620e-02,1.165834e-03
1.780321e-02,5.209871e-04,3.103278e-04,1.302331e-03,1.338212e-03,4.635246e-03,6.928698e-04,2.361619e-01,4.752603e-03,4.930959e-03,2.639174e-01,3.875102e-01,1.762573e-02,5.754154e-02,9.564834e-04
1.284364e-02,6.769853e-03,9.251633e-04,1.037804e-03,5.453651e-03,4.280841e-03,6.201648e-04,1.666715e-01,4.857551e-03,5.674342e-03,3.188127e-01,3.872029e-01,1.306849e-02,7.072711e-02,1.054231e-03
1.001585e-02,5.288923e-03,9.832745e-04,8.452233e-04,7.776798e-03,4.871004e-03,7.706750e-04,1.177115e-01,4.098420e-03,6.369615e-03,3.844410e-01,3.742369e-01,9.615756e-03,7.192399e-02,1.050987e-03
8.614571e-03,4.354830e-03,1.956924e-03,7.780367e-04,8.770291e-03,5.862634e-03,1.238836e-03,8.420387e-02,3.804876e-03,5.977257e-03,4.057842e-01,3.901678e-01,7.783617e-03,6.965125e-02,1.050929e-03
6.875869e-03,3.548857e-03,1.703528e-03,6.217419e-04,8.939632e-03,4.739013e-03,1.921351e-03,5.947637e-02,4.620933e-03,1.082756e-02,4.318227e-01,3.542483e-01,6.123232e-03,1.035302e-01,1.000705e-03
5.422780e-03,3.580800e-03,2.697078e-03,4.797846e-04,9.871954e-03,5.235497e-03,2.061633e-03,4.192580e-02,5.661236e-03,1.373787e-02,4.468053e-01,3.505993e-01,5.030786e-03,1.056299e-01,1.260307e-03
4.185744e-03,2.911575e-03,2.268283e-03,4.085840e-04,7.409337e-03,4.525087e-03,1.529080e-03,2.942609e-02,1.076397e-02,1.263660e-02,5.076836e-01,2.889480e-01,3.904373e-03,1.223201e-01,1.079574e-03
3.370063e-03,2.397121e-03,1.911904e-03,3.334699e-04,7.022617e-03,3.344394e-03,1.089449e-03,2.060982e-02,8.351736e-03,1.848137e-02,5.951140e-01,2.145348e-01,3.932575e-03,1.185141e-01,9.926000e-04
2.510926e-03,1.934923e-03,1.504531e-03,2.542197e-04,6.488081e-03,2.441448e-03,7.697226e-04,1.442990e-02,6.768405e-03,5.523159e-02,6.468431e-01,1.533066e-01,3.050534e-03,1.035970e-01,8.690439e-04
2.271212e-03,2.246602e-03,1.615284e-03,3.053942e-04,7.071971e-03,2.783272e-03,6.611055e-04,1.015387e-02,1.801156e-02,1.975757e-01,5.329093e-01,1.124620e-01,2.451837e-03,1.080603e-01,1.420647e-03
2.693118e-03,2.852120e-03,1.787399e-03,3.310113e-04,9.312071e-03,3.589637e-03,5.281370e-04,7.248216e-03,2.797986e-02,2.848667e-01,4.649358e-01,8.161116e-02,2.242422e-03,1.083297e-01,1.692670e-03
5.205540e-03,6.155623e-03,3.196564e-02,7.555531e-03,2.174335e-02,1.001261e-02,1.455497e-03,6.903500e-02,3.512282e-02,3.105108e-01,3.411673e-01,5.867463e-02,2.145412e-03,9.752917e-02,1.721063e-03
5.572896e-03,4.713353e-03,2.529593e-02,5.785282e-03,1.789678e-02,7.619943e-03,1.257519e-03,3.159803e-01,2.581747e-02,2.234422e-01,2.433745e-01,4.776515e-02,4.010561e-03,7.013934e-02,1.328895e-03
6.196011e-03,3.567139e-03,2.147972e-02,4.585458e-03,1.564644e-02,6.010236e-03,1.151113e-03,4.993634e-01,1.896043e-02,1.581062e-01,1.737145e-01,3.661623e-02,4.232937e-03,4.933388e-02,1.036146e-03
5.250518e-03,2.898082e-03,1.821680e-02,3.627228e-03,1.320936e-02,4.796160e-03,1.552577e-03,6.380760e-01,1.419499e-02,1.112816e-01,1.221562e-01,2.586579e-02,3.290035e-03,3.473198e-02,8.526446e-04
4.791435e-03,2.295422e-03,1.780178e-02,2.952310e-03,1.216434e-02,4.025545e-03,2.049415e-03,7.328908e-01,1.092752e-02,7.814521e-02,8.592689e-02,1.821763e-02,2.492222e-03,2.464028e-02,6.790983e-04
4.570695e-03,1.866068e-03,1.475322e-02,2.500979e-03,1.328679e-02,4.529920e-03,2.180440e-03,7.955558e-01,9.988444e-03,5.511281e-02,6.135806e-02,1.311053e-02,2.562561e-03,1.765998e-02,9.636663e-04
4.684200e-03,1.435241e-03,1.133842e-02,2.314497e-03,1.526067e-02,3.893691e-03,4.039124e-03,8.408902e-01,8.765758e-03,3.867547e-02,4.355847e-02,9.233427e-03,2.079934e-03,1.294260e-02,8.882660e-04
7.044244e-03,1.738369e-03,1.024567e-02,2.144786e-03,1.422438e-02,4.429081e-03,4.777972e-03,8.648881e-01,8.926244e-03,2.721835e-02,3.290719e-02,6.584931e-03,1.969479e-03,1.143186e-02,1.469391e-03
8.536329e-03,1.379451e-03,7.965588e-03,1.763383e-03,1.323781e-02,3.665973e-03,7.828234e-03,8.898000e-01,7.120456e-03,1.907553e-02,2.340223e-02,4.640924e-03,1.857114e-03,8.589111e-03,1.137917e-03
9.862117e-03,1.140008e-03,6.513954e-03,1.516421e-03,1.534353e-02,3.315439e-03,1.112792e-02,9.027317e-01,5.793285e-03,1.336958e-02,1.682352e-02,3.290998e-03,1.991452e-03,6.198823e-03,9.813190e-04
2.590870e-02,1.290307e-03,7.527082e-03,1.742163e-03,1.964495e-02,8.076465e-03,1.555816e-02,8.786187e-01,6.078977e-03,9.430327e-03,1.423874e-02,2.965720e-03,2.762626e-03,4.970633e-03,1.186512e-03
5.053739e-02,2.235846e-03,8.288300e-03,3.271652e-03,2.029994e-02,4.752280e-02,1.900637e-02,6.943132e-01,9.644669e-03,7.867359e-03,3.568352e-02,2.381139e-02,6.737977e-02,5.920026e-03,4.217819e-03
5.901796e-02,1.934299e-03,7.125031e-03,4.705611e-03,1.894845e-02,5.489952e-02,1.599477e-02,5.420139e-01,1.472736e-02,6.507529e-03,6.641427e-02,5.412919e-02,1.428375e-01,6.289008e-03,4.455591e-03
5.699941e-02,1.565292e-03,5.966607e-03,4.673040e-03,1.588043e-02,4.726147e-02,1.723874e-02,4.156036e-01,2.657450e-02,6.509108e-03,1.310043e-01,6.709590e-02,1.935430e-01,5.495232e-03,4.589304e-03
5.725627e-02,1.655417e-03,5.080053e-03,5.413241e-03,1.342921e-02,3.618726e-02,1.516512e-02,3.454118e-01,8.001995e-02,5.039339e-03,1.589430e-01,7.016246e-02,1.969314e-01,4.709620e-03,4.595838e-03
4.563643e-02,3.090959e-03,4.649177e-03,8.316310e-03,1.030439e-02,2.716580e-02,1.128447e-02,2.621045e-01,2.135833e-01,4.119338e-03,1.790432e-01,6.436918e-02,1.588997e-01,3.440468e-03,3.992695e-03
3.678748e-02,4.646043e-03,5.718269e-03,1.270201e-02,8.979768e-03,2.237248e-02,9.209542e-03,2.383210e-01,2.886199e-01,3.241265e-03,1.744615e-01,5.632427e-02,1.318547e-01,2.648114e-03,4.113725e-03
2.938817e-02,5.292967e-03,5.435480e-03,1.249170e-02,7.261457e-03,1.956915e-02,7.091313e-03,2.537220e-01,2.956793e-01,2.467853e-03,1.709698e-01,5.675355e-02,1.277766e-01,2.103451e-03,3.997133e-03
2.629950e-02,3.929231e-03,4.247410e-03,9.849276e-03,5.575085e-03,1.514649e-02,5.144635e-03,3.367472e-01,2.385679e-01,1.857242e-03,1.511681e-01,6.799942e-02,1.285710e-01,1.657750e-03,3.239627e-03
2.152262e-02,2.836428e-03,3.261796e-03,9.156171e-03,4.136529e-03,1.156075e-02,3.659548e-03,4.021186e-01,1.786491e-01,1.451994e-03,1.418346e-01,8.055619e-02,1.346359e-01,1.394316e-03,3.225440e-03
1.552034e-02,2.014955e-03,2.705661e-03,6.657005e-03,3.035146e-03,8.150329e-03,2.608798e-03,5.407496e-01,1.279209e-01,1.070754e-03,1.117136e-01,6.394865e-02,1.095578e-01,1.008347e-03,3.338075e-03
1.099340e-02,1.417238e-03,1.968705e-03,4.791937e-03,2.219802e-03,6.073353e-03,1.937500e-03,6.757528e-01,8.979576e-02,7.601281e-04,7.907663e-02,4.514079e-02,7.700849e-02,7.169403e-04,2.346557e-03
7.869305e-03,1.015645e-03,1.524623e-03,3.541952e-03,1.758311e-03,5.472845e-03,1.559735e-03,7.691360e-01,6.292371e-02,5.449542e-04,5.584002e-02,3.176776e-02,5.485327e-02,5.275315e-04,1.664382e-03
5.884829e-03,8.110118e-04,3.585293e-03,2.842622e-03,1.645634e-03,8.857903e-03,1.275586e-03,8.219855e-01,4.417965e-02,4.302489e-04,3.947901e-02,2.269302e-02,4.396457e-02,6.551702e-04,1.709983e-03
5.926787e-03,6.657392e-04,4.026832e-03,2.841876e-03,5.110933e-03,6.824066e-03,1.025368e-03,8.637187e-01,3.113120e-02,3.760370e-04,2.798267e-02,1.610544e-02,3.195868e-02,6.088041e-04,1.696838e-03
9.833299e-03,6.275660e-04,7.376980e-03,5.016687e-03,6.562713e-03,5.374141e-03,1.329930e-03,8.831407e-01,2.277193e-02,3.499236e-04,2.026198e-02,1.140820e-02,2.391213e-02,5.226916e-04,1.511140e-03
1.266532e-02,5.110104e-04,5.609365e-03,4.499740e-03,5.898579e-03,4.135896e-03,1.057394e-03,9.080775e-01,1.607152e-02,2.593595e-04,1.442773e-02,8.045183e-03,1.720696e-02,4.076085e-04,1.126762e-03
1.697291e-02,4.246729e-04,4.363823e-03,4.554776e-03,6.042069e-03,3.354795e-03,9.337973e-04,9.220830e-01,1.144912e-02,1.872010e-04,1.032214e-02,5.707057e-03,1.247554e-02,3.057189e-04,8.233005e-04
2.680421e-02,3.544726e-04,3.589605e-03,4.353228e-03,7.022663e-03,2.926039e-03,9.262160e-04,9.238992e-01,8.211906e-03,1.501981e-04,7.525545e-03,4.182495e-03,9.201651e-03,2.348204e-04,6.177526e-04
3.825868e-02,3.340126e-04,2.746651e-03,3.874066e-03,6.778806e-03,2.523512e-03,8.201388e-04,9.225602e-01,5.961271e-03,1.144819e-04,5.512378e-03,3.106200e-03,6.764491e-03,1.764804e-04,4.686341e-04
3.878691e-02,3.188311e-04,2.039667e-03,2.894607e-03,5.621478e-03,1.992504e-03,8.293093e-04,9.312824e-01,4.319479e-03,8.644559e-05,3.976386e-03,2.387405e-03,4.960032e-03,1.334397e-04,3.711464e-04
3.856399e-02,3.040329e-04,1.658460e-03,2.317806e-03,4.674251e-03,1.561657e-03,1.179640e-03,9.377838e-01,3.116510e-03,7.146761e-05,2.887292e-03,1.847373e-03,3.587327e-03,1.117569e-04,3.346591e-04
4.253782e-02,3.687670e-04,1.567271e-03,2.078824e-03,3.991540e-03,1.588290e-03,2.330102e-03,9.359111e-01,2.287305e-03,8.281585e-05,2.236417e-03,1.687423e-03,2.849226e-03,1.186301e-04,3.644901e-04
4.614187e-02,3.799670e-04,1.951308e-03,1.870179e-03,4.348037e-03,1.973506e-03,4.953157e-03,9.297203e-01,1.741540e-03,1.360150e-04,1.834487e-03,1.647304e-03,2.714495e-03,1.207692e-04,4.670709e-04
4.763616e-02,3.802492e-04,2.160042e-03,1.676361e-03,5.587224e-03,2.080411e-03,9.637278e-03,9.218712e-01,1.389903e-03,2.262899e-04,1.816429e-03,1.668098e-03,3.080669e-03,1.211516e-04,6.685898e-04
4.627768e-02,4.172829e-04,1.823410e-03,1.368705e-03,6.166264e-03,3.567206e-03,1.187233e-02,9.178432e-01,1.228558e-03,2.279039e-04,1.682512e-03,1.509050e-03,5.125537e-03,1.157591e-04,7.746428e-04
3.666344e-02,3.244661e-04,1.330431e-03,1.032331e-03,5.970783e-03,3.053169e-03,9.204601e-03,9.332317e-01,9.173044e-04,1.630726e-04,1.211562e-03,1.080406e-03,5.141878e-03,8.376837e-05,5.910347e-04
3.118664e-02,2.648376e-04,1.007474e-03,8.274398e-04,5.302121e-03,3.774755e-03,6.946689e-03,9.408941e-01,7.333332e-04,1.190848e-04,8.838165e-04,7.949925e-04,6.730468e-03,6.295534e-05,4.711839e-04
3.279646e-02,4.114542e-04,1.113593e-03,9.317554e-04,1.219358e-02,5.481311e-03,9.638743e-03,9.181739e-01,8.462707e-04,1.264969e-04,8.201101e-04,8.512987e-04,1.576665e-02,6.724072e-05,7.810931e-04
3.379448e-02,5.094059e-04,1.037013e-03,9.178483e-04,1.419944e-02,9.493927e-03,8.482121e-03,8.793163e-01,8.935466e-04,1.395237e-04,7.222566e-04,7.596181e-04,4.857735e-02,6.550454e-05,1.091569e-03
4.717042e-02,8.995798e-04,1.415757e-03,1.344793e-03,1.851344e-02,9.927859e-03,7.785305e-03,8.521032e-01,9.736932e-04,1.432158e-04,7.993669e-04,9.806217e-04,5.647106e-02,6.262455e-05,1.409044e-03
6.058976e-02,1.755989e-03,2.386429e-03,2.331249e-03,2.428607e-02,1.025324e-02,8.663913e-03,7.192575e-01,3.306989e-03,2.985397e-04,1.270400e-03,1.712012e-03,1.585801e-01,7.524044e-05,5.232509e-03
4.705285e-02,1.992024e-03,1.966019e-03,2.131790e-03,1.942641e-02,9.621072e-03,6.960617e-03,5.179942e-01,3.758574e-03,2.711611e-04,1.131162e-03,1.388016e-03,3.775319e-01,5.937157e-05,8.714818e-03
3.406486e-02,2.004824e-03,3.168559e-03,1.557236e-03,1.512451e-02,7.489113e-03,6.300122e-03,3.638707e-01,3.861429e-03,2.560384e-04,9.821103e-04,1.042500e-03,5.132173e-01,6.864827e-05,4.699201e-02
2.405018e-02,1.661679e-03,6.521313e-03,1.125318e-03,1.236036e-02,5.707366e-03,4.847369e-03,2.547864e-01,3.196984e-03,3.931193e-04,9.352807e-04,8.252480e-04,5.707496e-01,8.631438e-05,1.127534e-01
1.689258e-02,1.171670e-03,5.271346e-03,8.032310e-04,9.046547e-03,4.098504e-03,3.447672e-03,1.785877e-01,2.391345e-03,6.269420e-04,7.566483e-04,5.957989e-04,4.702918e-01,1.377758e-04,3.058804e-01
1.205171e-02,8.368753e-04,3.867930e-03,6.673878e-04,6.447859e-03,3.060113e-03,2.435470e-03,1.250789e-01,2.174641e-03,9.309207e-04,6.890734e-04,4.382263e-04,3.693265e-01,2.953166e-04,4.716991e-01
9.166340e-03,6.111604e-04,2.854799e-03,5.602425e-04,4.671385e-03,2.682594e-03,1.722308e-03,8.757965e-02,1.887984e-03,1.377958e-03,6.318204e-04,3.881765e-04,2.641099e-01,6.136773e-04,6.211420e-01
7.299947e-03,7.324300e-04,2.244308e-03,4.613010e-04,5.065443e-03,4.468143e-03,1.238725e-03,6.135079e-02,2.989348e-03,2.173691e-03,5.991919e-04,4.081638e-04,1.862047e-01,2.256009e-03,7.225078e-01
6.083853e-03,1.732801e-03,2.241691e-03,5.433506e-04,7.864879e-03,4.900807e-03,9.481827e-04,4.302606e-02,5.038718e-03,3.854118e-03,7.235672e-04,4.951495e-04,1.328773e-01,2.833090e-03,7.868364e-01
5.289447e-03,4.187700e-03,5.357391e-03,1.392820e-03,7.793439e-03,5.166668e-03,3.768395e-03,3.333673e-02,1.192250e-02,6.718882e-03,1.923891e-03,9.506593e-04,9.502041e-02,3.609749e-03,8.135613e-01
5.399314e-03,2.592486e-02,7.831579e-03,2.276333e-03,6.815490e-03,1.236295e-02,3.167081e-03,2.406839e-02,5.236687e-02,1.520311e-02,5.460365e-03,2.049983e-03,6.999891e-02,5.050925e-03,7.620239e-01
4.901216e-03,6.440441e-02,4.399247e-02,1.531505e-02,5.948828e-03,1.165355e-02,2.454751e-03,1.757113e-02,8.476692e-02,3.909804e-02,6.525670e-03,2.252343e-03,5.175042e-02,5.411180e-03,6.439540e-01
4.442610e-03,5.088584e-02,1.262813e-01,1.083230e-02,4.489341e-03,9.489989e-03,1.951130e-03,1.233338e-02,6.610389e-02,5.190076e-02,1.621340e-02,1.972497e-03,3.792423e-02,1.629484e-02,5.888845e-01
3.636031e-03,4.093912e-02,1.619004e-01,7.684032e-03,3.470991e-03,7.644956e-03,1.492253e-03,8.677772e-03,5.912271e-02,4.475909e-02,2.537350e-02,2.487260e-03,2.744818e-02,3.936877e-02,5.659950e-01
2.657462e-03,2.975060e-02,1.624677e-01,5.533680e-03,2.824299e-03,6.096844e-03,1.135614e-03,6.138242e-03,9.062281e-02,3.670598e-02,5.027236e-02,2.453324e-03,1.981249e-02,1.289508e-01,4.545777e-01
1.945561e-03,2.118987e-02,1.212198e-01,4.007096e-03,2.064602e-03,4.567931e-03,8.454950e-04,4.377231e-03,6.684688e-02,2.909880e-02,1.020159e-01,2.225568e-03,1.435142e-02,2.637718e-01,3.614720e-01
1.438605e-03,1.501124e-02,8.741216e-02,2.953906e-03,1.623266e-03,3.367001e-03,6.341315e-04,3.091608e-03,4.779060e-02,3.119741e-02,1.256104e-01,1.682627e-03,1.014007e-02,4.085878e-01,2.594592e-01
1.171139e-03,1.068919e-02,6.261984e-02,2.328609e-03,1.474608e-03,3.367362e-03,5.190337e-04,2.233583e-03,3.823636e-02,4.609071e-02,1.440020e-01,1.565115e-03,7.395155e-03,4.902301e-01,1.880773e-01
1.008171e-03,7.796863e-03,4.438405e-02,1.774451e-03,1.531213e-03,2.789951e-03,5.159588e-04,1.625384e-03,3.071092e-02,4.533478e-02,1.582725e-01,1.443377e-03,5.304761e-03,5.638006e-01,1.337069e-01
8.675731e-04,6.398339e-03,3.124928e-02,1.479361e-03,1.436954e-03,2.827908e-03,4.000570e-04,1.171364e-03,3.247246e-02,3.844292e-02,1.633119e-01,1.463303e-03,3.789034e-03,6.202061e-01,9.448343e-02
6.932987e-04,4.791948e-03,2.202591e-02,1.098807e-03,1.140440e-03,3.343612e-03,2.950335e-04,8.269300e-04,2.619182e-02,3.405571e-02,1.864388e-01,1.205309e-03,2.685667e-03,6.483807e-01,6.682603e-02
6.408123e-04,3.753383e-03,1.570456e-02,9.323024e-04,1.187202e-03,3.716766e-03,2.323826e-04,6.115306e-04,2.403373e-02,3.289063e-02,2.201749e-01,1.185577e-03,1.928362e-03,6.457452e-01,4.726267e-02
1.217182e-03,2.988616e-03,1.236623e-02,2.305863e-03,2.319362e-03,7.652456e-03,2.258646e-04,8.383311e-04,2.582997e-02,2.744464e-02,2.055435e-01,1.720294e-03,1.543444e-03,6.744979e-01,3.350639e-02
2.316852e-03,3.510004e-03,1.058163e-02,3.807890e-03,7.285739e-03,1.518020e-02,2.416908e-04,1.291642e-03,4.498009e-02,2.883761e-02,1.958947e-01,2.890779e-03,1.402625e-03,6.577826e-01,2.399598e-02
2.323915e-03,4.370722e-03,9.884262e-03,4.574134e-03,6.026576e-03,2.883802e-02,2.070453e-04,1.057170e-03,5.070249e-02,2.683824e-02,1.913851e-01,3.614254e-03,1.245619e-03,6.493908e-01,1.954168e-02
4.887119e-03,6.416484e-03,1.683847e-02,5.117906e-03,6.801086e-03,2.797394e-02,2.648621e-04,9.746193e-04,4.866210e-02,2.286816e-02,1.978933e-01,5.341101e-03,2.194129e-03,6.378865e-01,1.588015e-02
4.077372e-03,5.963905e-03,1.485674e-02,4.110878e-03,6.259408e-03,2.282063e-02,2.698748e-04,7.518971e-04,5.130019e-02,2.283828e-02,2.143049e-01,6.571665e-03,2.164414e-03,6.318250e-01,1.188480e-02
6.859135e-03,6.099542e-03,1.259642e-02,5.613688e-03,8.244964e-03,2.113903e-02,3.416305e-04,1.683574e-03,5.828562e-02,2.362948e-02,2.279417e-01,6.395731e-03,2.163615e-03,6.095257e-01,9.480232e-03
1.233761e-02,7.663859e-03,1.208006e-02,6.930433e-03,1.124064e-02,2.119561e-02,4.395790e-04,2.514387e-03,7.017870e-02,2.950703e-02,2.068006e-01,5.921734e-03,2.244485e-03,6.026937e-01,8.251623e-03
2.725314e-02,1.046885e-02,1.188905e-02,1.368674e-02,1.050034e-02,3.484109e-02,8.060810e-04,2.834776e-03,9.814112e-02,4.308307e-02,1.940494e-01,6.861718e-03,3.863815e-03,5.301039e-01,1.161694e-02
2.071162e-02,9.547967e-03,8.687056e-03,1.171861e-02,1.013239e-02,4.193245e-02,9.429590e-04,2.560790e-03,1.822305e-01,3.796381e-02,1.957995e-01,8.773711e-03,6.819481e-03,4.534584e-01,8.720854e-03
2.251786e-02,1.130086e-02,1.527333e-02,2.041462e-02,1.241302e-02,3.532458e-02,1.215780e-03,1.399044e-02,1.992578e-01,6.440064e-02,1.664074e-01,9.440427e-03,8.674086e-03,4.106872e-01,8.682020e-03
1.842598e-02,1.863636e-02,1.111047e-02,1.534896e-02,5.485654e-02,3.536921e-02,1.640721e-03,1.007533e-02,3.114383e-01,4.918607e-02,1.236765e-01,6.854943e-03,6.444548e-03,3.294451e-01,7.490993e-03
1.449160e-02,2.050584e-02,8.118085e-03,1.136419e-02,5.274300e-02,8.921519e-02,1.455420e-03,7.309332e-03,4.129198e-01,3.784645e-02,8.835182e-02,4.928224e-03,4.750460e-03,2.398452e-01,6.155316e-03
1.525664e-02,2.187004e-02,7.924354e-03,2.016715e-02,5.298718e-02,1.312693e-01,1.476387e-03,7.759199e-03,4.624122e-01,2.944156e-02,6.336676e-02,3.637312e-03,3.846229e-03,1.705718e-01,8.013884e-03
3.419064e-02,7.387877e-02,7.536397e-03,1.667536e-02,7.952583e-02,1.406272e-01,1.586226e-03,9.781388e-03,4.321910e-01,2.111926e-02,4.564094e-02,2.707497e-03,3.243132e-03,1.237757e-01,7.520757e-03
4.345966e-02,6.497321e-02,6.715440e-03,2.178359e-02,1.051535e-01,1.599643e-01,2.305526e-03,2.360248e-02,4.224291e-01,1.514416e-02,3.314057e-02,2.425317e-03,2.926385e-03,8.908890e-02,6.887859e-03
4.696198e-02,6.314769e-02,5.634918e-03,1.689949e-02,8.508022e-02,2.531313e-01,1.839753e-03,2.100050e-02,3.891836e-01,1.117399e-02,2.944480e-02,2.103171e-03,2.264558e-03,6.607694e-02,6.057127e-03
4.002588e-02,5.491744e-02,4.288347e-03,1.308743e-02,6.926789e-02,3.113692e-01,1.418480e-03,1.675000e-02,3.938096e-01,8.254899e-03,2.978019e-02,1.964549e-03,1.757712e-03,4.868108e-02,4.627299e-03
5.015610e-02,8.146739e-02,3.685564e-03,1.239727e-02,7.438691e-02,2.853816e-01,1.058039e-03,1.311367e-02,4.031036e-01,6.151162e-03,2.439801e-02,2.017684e-03,1.779727e-03,3.639612e-02,4.507176e-03
7.219543e-02,6.222628e-02,4.942367e-03,1.890437e-02,1.819251e-01,2.109839e-01,1.807189e-03,2.875572e-02,3.594645e-01,4.958394e-03,1.928225e-02,2.032584e-03,1.548336e-03,2.719690e-02,3.776626e-03
1.152580e-01,5.701357e-02,7.415332e-03,1.639372e-02,2.457393e-01,1.579197e-01,2.696416e-03,6.497390e-02,2.840588e-01,4.271619e-03,1.619800e-02,1.678121e-03,1.882218e-03,2.119382e-02,3.307471e-03
1.437690e-01,4.562884e-02,8.428013e-03,1.428277e-02,2.919850e-01,1.498111e-01,4.877839e-03,4.896660e-02,2.290999e-01,7.764587e-03,2.293217e-02,5.310286e-03,7.171225e-03,1.583936e-02,4.133419e-03
1.084136e-01,3.232765e-02,6.790886e-03,1.221937e-01,2.116169e-01,1.118300e-01,3.824669e-03,3.528537e-02,1.677257e-01,7.223202e-03,7.303018e-02,1.243418e-02,8.603059e-02,1.121443e-02,1.005894e-02
8.414702e-02,2.287337e-02,5.574199e-03,1.040328e-01,1.616334e-01,7.916152e-02,3.362730e-03,2.550352e-02,1.203060e-01,1.015550e-02,1.288757e-01,1.244989e-02,1.880203e-01,8.077776e-03,4.582629e-02
9.797984e-02,1.617125e-02,6.135458e-03,7.773762e-02,1.330672e-01,5.646279e-02,2.660576e-03,1.846003e-02,8.651263e-02,8.978156e-03,1.283177e-01,9.883325e-03,2.143961e-01,6.001823e-03,1.372356e-01
7.672694e-02,1.136997e-02,4.751634e-03,5.520043e-02,9.696910e-02,4.105124e-02,2.029703e-03,1.321335e-02,6.204148e-02,7.060834e-03,1.231386e-01,8.985982e-03,2.154700e-01,4.347975e-03,2.776428e-01
6.685232e-02,8.075853e-03,3.594038e-03,3.899857e-02,7.185199e-02,3.238567e-02,1.735446e-03,9.710015e-03,4.624005e-02,5.857686e-03,1.060269e-01,8.907978e-03,1.904247e-01,3.132359e-03,4.062063e-01
6.390359e-02,5.981755e-03,3.273622e-03,2.774995e-02,5.283030e-02,2.713631e-02,1.597732e-03,7.360093e-03,3.361743e-02,4.771754e-03,8.489799e-02,1.238954e-02,1.817732e-01,2.307057e-03,4.904097e-01
4.871741e-02,4.336414e-03,3.407036e-03,1.965236e-02,3.756103e-02,2.168640e-02,1.726021e-03,5.380377e-03,2.408094e-02,3.673269e-03,6.136950e-02,1.167882e-02,1.386374e-01,1.852650e-03,6.162404e-01
4.056659e-02,3.490248e-03,2.823147e-03,1.448133e-02,2.884168e-02,1.735702e-02,1.313784e-03,4.107299e-03,1.753133e-02,2.776468e-03,4.421547e-02,1.115455e-02,1.345285e-01,1.740362e-03,6.750722e-01
3.303017e-02,2.887558e-03,7.838558e-03,1.231704e-02,2.398521e-02,3.162068e-02,2.756089e-02,7.701706e-03,1.299096e-02,2.223117e-03,3.347848e-02,1.565355e-02,1.470119e-01,1.628356e-03,6.400719e-01
4.265435e-02,4.814233e-03,6.565525e-02,1.828990e-02,2.215800e-02,9.679191e-02,2.627538e-02,9.112101e-03,1.092267e-02,3.297529e-03,2.657733e-02,2.084300e-02,1.801675e-01,2.321222e-03,4.701197e-01
3.580282e-02,6.057769e-03,1.155340e-01,3.480310e-02,3.224314e-02,2.110958e-01,1.927565e-02,1.112089e-02,9.029348e-03,3.303006e-03,2.620312e-02,1.823508e-02,1.411455e-01,2.174594e-03,3.339762e-01
