1.000000e+00,0.000000e+00,0.000000e+00,0.000000e+00,0.000000e+00,0.000000e+00,0.000000e+00,0.000000e+00,0.000000e+00,0.000000e+00,0.000000e+00,0.000000e+00,0.000000e+00,0.000000e+00,0.000000e+00
1.000000e+00,0.000000e+00,0.000000e+00,0.000000e+00,0.000000e+00,0.000000e+00,0.000000e+00,0.000000e+00,0.000000e+00,0.000000e+00,0.000000e+00,0.000000e+00,0.000000e+00,0.000000e+00,0.000000e+00
1.000000e+00,0.000000e+00,0.000000e+00,0.000000e+00,0.000000e+00,0.000000e+00,0.000000e+00,0.000000e+00,0.000000e+00,0.000000e+00,0.000000e+00,0.000000e+00,0.000000e+00,0.000000e+00,0.000000e+00
1.000000e+00,0.000000e+00,0.000000e+00,0.000000e+00,0.000000e+00,0.000000e+00,0.000000e+00,0.000000e+00,0.000000e+00,0.000000e+00,0.000000e+00,0.000000e+00,0.000000e+00,0.000000e+00,0.000000e+00
1.000000e+00,0.000000e+00,0.000000e+00,0.000000e+00,0.000000e+00,0.000000e+00,0.000000e+00,0.000000e+00,0.000000e+00,0.000000e+00,0.000000e+00,0.000000e+00,0.000000e+00,0.000000e+00,0.000000e+00
1.000000e+00,0.000000e+00,0.000000e+00,0.000000e+00,0.000000e+00,0.000000e+00,0.000000e+00,0.000000e+00,0.000000e+00,0.000000e+00,0.000000e+00,0.000000e+00,0.000000e+00,0.000000e+00,0.000000e+00
1.000000e+00,0.000000e+00,0.000000e+00,0.000000e+00,0.000000e+00,0.000000e+00,0.000000e+00,0.000000e+00,0.000000e+00,0.000000e+00,0.000000e+00,0.000000e+00,0.000000e+00,0.000000e+00,0.000000e+00
1.000000e+00,0.000000e+00,0.000000e+00,0.000000e+00,0.000000e+00,0.000000e+00,0.000000e+00,0.000000e+00,0.000000e+00,0.000000e+00,0.000000e+00,0.000000e+00,0.000000e+00,0.000000e+00,0.000000e+00
1.000000e+00,0.000000e+00,0.000000e+00,0.000000e+00,0.000000e+00,0.000000e+00,0.000000e+00,0.000000e+00,0.000000e+00,0.000000e+00,0.000000e+00,0.000000e+00,0.000000e+00,0.000000e+00,0.000000e+00
1.000000e+00,0.000000e+00,0.000000e+00,0.000000e+00,0.000000e+00,0.000000e+00,0.000000e+00,0.000000e+00,0.000000e+00,0.000000e+00,0.000000e+00,0.000000e+00,0.000000e+00,0.000000e+00,0.000000e+00
1.000000e+00,0.000000e+00,0.000000e+00,0.000000e+00,0.000000e+00,0.000000e+00,0.000000e+00,0.000000e+00,0.000000e+00,0.000000e+00,0.000000e+00,0.000000e+00,0.000000e+00,0.000000e+00,0.000000e+00
1.000000e+00,0.000000e+00,0.000000e+00,0.000000e+00,0.000000e+00,0.000000e+00,0.000000e+00,0.000000e+00,0.000000e+00,0.000000e+00,0.000000e+00,0.000000e+00,0.000000e+00,0.000000e+00,0.000000e+00
1.000000e+00,0.000000e+00,0.000000e+00,0.000000e+00,0.000000e+00,0.000000e+00,0.000000e+00,0.000000e+00,0.000000e+00,0.000000e+00,0.000000e+00,0.000000e+00,0.000000e+00,0.000000e+00,0.000000e+00
1.000000e+00,0.000000e+00,0.000000e+00,0.000000e+00,0.000000e+00,0.000000e+00,0.000000e+00,0.000000e+00,0.000000e+00,0.000000e+00,0.000000e+00,0.000000e+00,0.000000e+00,0.000000e+00,0.000000e+00
1.000000e+00,0.000000e+00,0.000000e+00,0.000000e+00,0.000000e+00,0.000000e+00,0.000000e+00,0.000000e+00,0.000000e+00,0.000000e+00,0.000000e+00,0.000000e+00,0.000000e+00,0.000000e+00,0.000000e+00
1.000000e+00,0.000000e+00,0.000000e+00,0.000000e+00,0.000000e+00,0.000000e+00,0.000000e+00,0.000000e+00,0.000000e+00,0.000000e+00,0.000000e+00,0.000000e+00,0.000000e+00,0.000000e+00,0.000000e+00
1.000000e+00,0.000000e+00,0.000000e+00,0.000000e+00,0.000000e+00,0.000000e+00,0.000000e+00,0.000000e+00,0.000000e+00,0.000000e+00,0.000000e+00,0.000000e+00,0.000000e+00,0.000000e+00,0.000000e+00
1.000000e+00,0.000000e+00,0.000000e+00,0.000000e+00,0.000000e+00,0.000000e+00,0.000000e+00,0.000000e+00,0.000000e+00,0.000000e+00,0.000000e+00,0.000000e+00,0.000000e+00,0.000000e+00,0.000000e+00
1.000000e+00,0.000000e+00,0.000000e+00,0.000000e+00,0.000000e+00,0.000000e+00,0.000000e+00,0.000000e+00,0.000000e+00,0.000000e+00,0.000000e+00,0.000000e+00,0.000000e+00,0.000000e+00,0.000000e+00
1.000000e+00,0.000000e+00,0.000000e+00,0.000000e+00,0.000000e+00,0.000000e+00,0.000000e+00,0.000000e+00,0.000000e+00,0.000000e+00,0.000000e+00,0.000000e+00,0.000000e+00,0.000000e+00,0.000000e+00
1.000000e+00,0.000000e+00,0.000000e+00,0.000000e+00,0.000000e+00,0.000000e+00,0.000000e+00,0.000000e+00,0.000000e+00,0.000000e+00,0.000000e+00,0.000000e+00,0.000000e+00,0.000000e+00,0.000000e+00
1.000000e+00,0.000000e+00,0.000000e+00,0.000000e+00,0.000000e+00,0.000000e+00,0.000000e+00,0.000000e+00,0.000000e+00,0.000000e+00,0.000000e+00,0.000000e+00,0.000000e+00,0.000000e+00,0.000000e+00
1.000000e+00,0.000000e+00,0.000000e+00,0.000000e+00,0.000000e+00,0.000000e+00,0.000000e+00,0.000000e+00,0.000000e+00,0.000000e+00,0.000000e+00,0.000000e+00,0.000000e+00,0.000000e+00,0.000000e+00
1.000000e+00,0.000000e+00,0.000000e+00,0.000000e+00,0.000000e+00,0.000000e+00,0.000000e+00,0.000000e+00,0.000000e+00,0.000000e+00,0.000000e+00,0.000000e+00,0.000000e+00,0.000000e+00,0.000000e+00
1.000000e+00,0.000000e+00,0.000000e+00,0.000000e+00,0.000000e+00,0.000000e+00,0.000000e+00,0.000000e+00,0.000000e+00,0.000000e+00,0.000000e+00,0.000000e+00,0.000000e+00,0.000000e+00,0.000000e+00
1.000000e+00,0.000000e+00,0.000000e+00,0.000000e+00,0.000000e+00,0.000000e+00,0.000000e+00,0.000000e+00,0.000000e+00,0.000000e+00,0.000000e+00,0.000000e+00,0.000000e+00,0.000000e+00,0.000000e+00
1.000000e+00,0.000000e+00,0.000000e+00,0.000000e+00,0.000000e+00,0.000000e+00,0.000000e+00,0.000000e+00,0.000000e+00,0.000000e+00,0.000000e+00,0.000000e+00,0.000000e+00,0.000000e+00,0.000000e+00
1.000000e+00,0.000000e+00,0.000000e+00,0.000000e+00,0.000000e+00,0.000000e+00,0.000000e+00,0.000000e+00,0.000000e+00,0.000000e+00,0.000000e+00,0.000000e+00,0.000000e+00,0.000000e+00,0.000000e+00
1.000000e+00,0.000000e+00,0.000000e+00,0.000000e+00,0.000000e+00,0.000000e+00,0.000000e+00,0.000000e+00,0.000000e+00,0.000000e+00,0.000000e+00,0.000000e+00,0.000000e+00,0.000000e+00,0.000000e+00
1.000000e+00,0.000000e+00,0.000000e+00,0.000000e+00,0.000000e+00,0.000000e+00,0.000000e+00,0.000000e+00,0.000000e+00,0.000000e+00,0.000000e+00,0.000000e+00,0.000000e+00,0.000000e+00,0.000000e+00
4.665528e-01,2.301579e-02,2.014010e-01,1.011267e-01,8.534445e-03,2.392401e-02,5.655495e-03,4.146188e-02,1.372151e-02,3.138882e-03,2.478101e-02,3.608333e-02,1.734571e-02,4.658904e-03,2.859852e-02
4.649590e-01,2.148188e-02,2.244273e-01,9.586319e-02,8.349951e-03,2.103366e-02,4.695538e-03,3.620868e-02,1.617680e-02,3.389264e-03,2.187366e-02,2.947105e-02,1.498186e-02,5.312332e-03,3.177578e-02
1.000000e+00,0.000000e+00,0.000000e+00,0.000000e+00,0.000000e+00,0.000000e+00,0.000000e+00,0.000000e+00,0.000000e+00,0.000000e+00,0.000000e+00,0.000000e+00,0.000000e+00,0.000000e+00,0.000000e+00
1.000000e+00,0.000000e+00,0.000000e+00,0.000000e+00,0.000000e+00,0.000000e+00,0.000000e+00,0.000000e+00,0.000000e+00,0.000000e+00,0.000000e+00,0.000000e+00,0.000000e+00,0.000000e+00,0.000000e+00
1.000000e+00,0.000000e+00,0.000000e+00,0.000000e+00,0.000000e+00,0.000000e+00,0.000000e+00,0.000000e+00,0.000000e+00,0.000000e+00,0.000000e+00,0.000000e+00,0.000000e+00,0.000000e+00,0.000000e+00
1.000000e+00,0.000000e+00,0.000000e+00,0.000000e+00,0.000000e+00,0.000000e+00,0.000000e+00,0.000000e+00,0.000000e+00,0.000000e+00,0.000000e+00,0.000000e+00,0.000000e+00,0.000000e+00,0.000000e+00
1.000000e+00,0.000000e+00,0.000000e+00,0.000000e+00,0.000000e+00,0.000000e+00,0.000000e+00,0.000000e+00,0.000000e+00,0.000000e+00,0.000000e+00,0.000000e+00,0.000000e+00,0.000000e+00,0.000000e+00
1.000000e+00,0.000000e+00,0.000000e+00,0.000000e+00,0.000000e+00,0.000000e+00,0.000000e+00,0.000000e+00,0.000000e+00,0.000000e+00,0.000000e+00,0.000000e+00,0.000000e+00,0.000000e+00,0.000000e+00
1.000000e+00,0.000000e+00,0.000000e+00,0.000000e+00,0.000000e+00,0.000000e+00,0.000000e+00,0.000000e+00,0.000000e+00,0.000000e+00,0.000000e+00,0.000000e+00,0.000000e+00,0.000000e+00,0.000000e+00
1.000000e+00,0.000000e+00,0.000000e+00,0.000000e+00,0.000000e+00,0.000000e+00,0.000000e+00,0.000000e+00,0.000000e+00,0.000000e+00,0.000000e+00,0.000000e+00,0.000000e+00,0.000000e+00,0.000000e+00
1.000000e+00,0.000000e+00,0.000000e+00,0.000000e+00,0.000000e+00,0.000000e+00,0.000000e+00,0.000000e+00,0.000000e+00,0.000000e+00,0.000000e+00,0.000000e+00,0.000000e+00,0.000000e+00,0.000000e+00
1.000000e+00,0.000000e+00,0.000000e+00,0.000000e+00,0.000000e+00,0.000000e+00,0.000000e+00,0.000000e+00,0.000000e+00,0.000000e+00,0.000000e+00,0.000000e+00,0.000000e+00,0.000000e+00,0.000000e+00
1.000000e+00,0.000000e+00,0.000000e+00,0.000000e+00,0.000000e+00,0.000000e+00,0.000000e+00,0.000000e+00,0.000000e+00,0.000000e+00,0.000000e+00,0.000000e+00,0.000000e+00,0.000000e+00,0.000000e+00
1.000000e+00,0.000000e+00,0.000000e+00,0.000000e+00,0.000000e+00,0.000000e+00,0.000000e+00,0.000000e+00,0.000000e+00,0.000000e+00,0.000000e+00,0.000000e+00,0.000000e+00,0.000000e+00,0.000000e+00
1.000000e+00,0.000000e+00,0.000000e+00,0.000000e+00,0.000000e+00,0.000000e+00,0.000000e+00,0.000000e+00,0.000000e+00,0.000000e+00,0.000000e+00,0.000000e+00,0.000000e+00,0.000000e+00,0.000000e+00
4.269405e-01,1.146583e-01,1.050312e-01,3.507538e-02,1.579311e-02,1.350773e-01,2.912059e-03,8.630430e-03,4.187413e-03,7.718442e-02,2.509752e-02,1.135688e-02,4.822805e-03,5.493055e-03,2.773967e-02
3.490392e-01,1.334515e-01,1.028812e-01,2.827317e-02,1.944229e-02,1.351228e-01,2.699852e-03,8.824740e-03,4.073326e-03,1.519544e-01,1.879472e-02,8.510753e-03,4.071369e-03,4.724369e-03,2.813640e-02
3.678699e-01,1.035065e-01,8.327059e-02,2.293446e-02,1.693606e-02,1.449266e-01,3.631252e-03,1.176977e-02,4.379767e-03,1.627325e-01,1.669339e-02,7.477122e-03,3.705742e-03,6.756322e-03,4.341009e-02
3.656953e-01,8.001571e-02,7.193193e-02,1.940565e-02,1.846935e-02,1.389960e-01,5.797948e-03,1.705054e-02,4.671592e-03,1.858035e-01,1.534175e-02,6.665333e-03,3.649290e-03,1.031094e-02,5.619521e-02
2.822080e-01,6.514846e-02,6.289621e-02,1.480606e-02,1.532576e-02,2.041258e-01,5.372818e-03,1.309659e-02,4.069345e-03,2.410480e-01,1.820030e-02,8.451872e-03,4.660564e-03,1.002734e-02,5.056289e-02
2.012373e-01,4.617447e-02,4.509036e-02,1.055598e-02,1.083276e-02,3.459185e-01,4.153756e-03,9.356025e-03,3.836542e-03,1.796991e-01,1.588007e-02,6.824481e-03,5.029214e-03,1.826871e-02,9.714276e-02
1.415755e-01,3.242762e-02,3.165613e-02,7.419728e-03,7.617774e-03,3.949662e-01,2.993876e-03,6.582687e-03,3.132041e-03,1.266769e-01,1.272387e-02,5.285270e-03,4.681142e-03,2.049284e-02,2.017684e-01
9.985086e-02,2.282502e-02,2.222055e-02,5.203569e-03,5.376816e-03,3.187374e-01,2.141382e-03,4.628865e-03,2.825891e-03,1.259441e-01,1.102116e-02,4.153581e-03,4.458455e-03,1.765794e-02,3.529545e-01
7.067496e-02,1.624898e-02,1.558161e-02,3.705790e-03,3.808124e-03,2.536430e-01,1.538386e-03,3.260319e-03,6.396828e-03,1.185938e-01,1.383189e-02,4.540331e-03,6.651015e-03,1.484047e-02,4.666845e-01
5.085083e-02,1.160446e-02,1.095784e-02,2.871727e-03,2.810332e-03,2.089148e-01,1.562143e-03,2.418922e-03,6.709957e-03,1.014476e-01,3.020784e-02,1.636826e-02,1.651908e-02,2.858726e-02,5.081689e-01
3.876948e-02,8.476685e-03,7.780638e-03,3.479729e-03,2.333567e-03,1.840354e-01,1.670800e-03,2.058371e-03,7.634650e-03,8.551785e-02,6.349772e-02,3.543037e-02,3.369876e-02,6.685828e-02,4.587578e-01
2.765677e-02,6.176438e-03,5.632328e-03,3.159237e-03,1.739440e-03,1.376633e-01,1.210748e-03,1.503226e-03,7.315242e-03,1.154939e-01,6.998898e-02,3.509143e-02,2.771880e-02,5.810592e-02,5.015442e-01
2.035300e-02,4.964629e-03,4.018780e-03,2.744502e-03,1.408851e-03,1.003165e-01,8.616382e-04,1.109783e-03,8.649412e-03,2.574893e-01,1.089489e-01,2.597553e-02,2.054360e-02,4.772819e-02,3.948874e-01
1.704582e-02,7.472508e-03,3.719633e-03,2.266906e-03,1.840880e-03,7.178690e-02,7.185408e-04,1.169344e-03,2.842358e-02,3.036577e-01,1.671524e-01,1.991847e-02,1.531370e-02,4.395932e-02,3.155544e-01
1.360171e-02,1.632715e-02,6.249673e-03,3.657741e-03,1.198331e-02,5.274664e-02,3.029012e-03,1.143626e-02,1.106591e-01,2.595496e-01,1.960010e-01,1.675520e-02,1.168322e-02,5.390120e-02,2.324192e-01
1.063803e-02,3.821897e-02,8.086631e-03,5.052773e-03,2.888484e-02,3.975550e-02,4.170099e-03,2.228009e-02,1.563880e-01,1.924060e-01,1.650335e-01,1.419493e-02,9.527581e-03,1.334407e-01,1.719222e-01
8.387184e-03,9.521499e-02,6.317324e-03,5.209080e-03,4.383118e-02,3.893806e-02,3.333035e-03,1.837921e-02,2.585004e-01,1.367805e-01,1.200286e-01,1.033088e-02,9.469846e-03,1.220355e-01,1.232442e-01
6.300803e-03,8.086286e-02,4.672658e-03,4.454134e-03,3.554075e-02,9.477578e-02,2.468187e-03,1.355340e-02,3.831868e-01,9.644100e-02,8.865067e-02,7.472642e-03,7.481212e-03,8.747715e-02,8.666184e-02
4.831263e-03,7.086595e-02,3.586899e-03,5.994583e-03,3.301659e-02,1.127336e-01,1.957820e-03,1.257112e-02,4.834311e-01,6.810553e-02,6.648608e-02,5.590574e-03,7.004726e-03,6.272035e-02,6.110381e-02
4.587028e-03,7.393952e-02,4.707013e-03,8.209568e-02,4.043545e-02,1.151534e-01,1.539200e-03,1.426937e-02,4.464526e-01,4.926849e-02,6.065054e-02,4.674751e-03,8.460714e-03,4.593553e-02,4.783070e-02
5.358408e-03,6.868713e-02,4.069346e-03,6.880955e-02,3.692958e-02,1.283132e-01,1.620828e-03,1.337353e-02,4.557505e-01,3.577328e-02,7.102513e-02,6.472503e-03,3.270938e-02,3.379398e-02,3.731374e-02
6.059701e-03,7.513930e-02,3.584336e-03,6.736178e-02,3.371756e-02,1.152472e-01,1.433425e-03,1.011990e-02,4.878936e-01,2.652069e-02,5.932442e-02,6.809103e-03,5.095895e-02,2.420602e-02,3.162409e-02
7.365570e-03,7.433684e-02,4.281085e-03,5.485231e-02,2.928890e-02,1.804427e-01,1.625492e-03,9.088930e-03,4.533049e-01,1.994417e-02,5.546388e-02,6.450596e-03,5.334775e-02,1.751907e-02,3.268786e-02
6.776331e-03,5.572610e-02,3.187094e-03,6.478904e-02,2.233387e-02,1.970874e-01,1.266590e-03,9.258591e-03,4.728596e-01,1.578329e-02,5.771905e-02,5.465000e-03,4.457284e-02,1.291844e-02,3.025680e-02
9.877836e-03,4.097737e-02,2.612137e-03,6.500299e-02,1.765704e-02,1.600457e-01,9.582625e-04,7.201135e-03,5.087838e-01,1.245156e-02,9.470098e-02,5.146665e-03,3.540577e-02,1.681243e-02,2.236640e-02
9.974892e-03,3.091065e-02,2.280338e-03,5.215717e-02,1.255869e-02,1.174896e-01,7.042195e-04,5.839097e-03,5.148960e-01,9.481842e-03,1.536721e-01,5.467274e-03,2.759541e-02,4.058953e-02,1.638324e-02
8.619038e-03,2.318304e-02,2.238399e-03,4.188032e-02,8.926603e-03,8.527625e-02,5.195032e-04,4.468874e-03,4.665597e-01,7.295894e-03,2.458831e-01,7.413099e-03,2.470738e-02,6.094475e-02,1.208407e-02
7.568052e-03,1.722856e-02,2.166013e-03,3.222138e-02,6.399787e-03,6.115719e-02,3.910904e-04,3.411223e-03,3.777702e-01,6.016822e-03,3.620235e-01,7.390517e-03,1.975821e-02,8.741912e-02,9.078292e-03
6.295747e-03,1.296193e-02,1.733748e-03,2.319408e-02,4.643116e-03,4.539889e-02,2.994651e-04,2.660631e-03,2.771778e-01,4.758857e-03,3.665617e-01,9.033760e-03,1.518541e-02,2.234560e-01,6.638929e-03
1.393761e-02,1.126633e-02,2.253764e-03,1.846628e-02,4.651242e-03,4.264220e-02,3.481414e-04,2.749238e-03,2.004731e-01,4.247945e-03,3.947460e-01,8.897939e-03,1.299409e-02,2.774850e-01,4.841125e-03
1.135037e-02,1.039883e-02,2.871882e-03,1.337770e-02,1.627296e-02,3.430938e-02,3.200675e-04,2.137334e-03,1.519717e-01,3.412737e-03,3.938689e-01,9.688034e-03,9.715734e-03,3.366257e-01,3.678728e-03
9.166282e-03,1.007337e-02,3.533322e-03,1.068434e-02,2.893930e-02,2.707473e-02,3.343609e-04,1.816029e-03,1.690390e-01,3.124442e-03,3.950609e-01,1.131257e-02,7.445030e-03,3.191879e-01,3.208448e-03
7.148853e-03,8.524107e-03,3.422284e-03,7.947787e-03,2.178057e-02,2.471768e-02,2.798720e-04,1.413905e-03,1.783020e-01,2.702156e-03,3.351050e-01,9.909566e-03,5.614057e-03,3.905324e-01,2.599686e-03
5.310216e-03,6.824192e-03,3.082065e-03,7.085526e-03,1.647159e-02,2.200071e-02,2.528552e-04,1.247603e-03,2.471058e-01,2.398005e-03,2.638184e-01,8.565232e-03,4.350929e-03,4.091505e-01,2.336264e-03
4.221282e-03,7.970262e-03,4.274743e-03,6.066609e-03,1.237657e-02,7.514386e-02,3.106423e-04,1.135929e-03,2.791620e-01,2.836741e-03,2.334794e-01,1.076228e-02,6.233776e-03,3.535951e-01,2.430721e-03
3.448166e-03,7.713310e-03,3.430321e-03,4.608615e-03,9.282852e-03,6.199060e-02,2.467874e-04,9.602840e-04,2.979538e-01,3.296338e-03,1.961340e-01,9.608362e-03,4.810586e-03,3.927674e-01,3.748595e-03
5.265840e-03,1.211943e-02,1.357654e-02,1.131884e-02,8.933477e-03,7.687163e-02,4.737283e-04,1.086382e-02,3.463461e-01,3.767857e-03,1.558892e-01,8.852605e-03,5.773237e-03,3.344287e-01,5.518949e-03
5.691759e-03,2.208681e-02,1.998586e-02,3.264993e-02,7.490900e-03,6.277164e-02,4.082296e-04,7.959550e-03,4.187192e-01,6.486581e-03,1.189262e-01,7.429420e-03,4.822199e-03,2.751056e-01,9.466230e-03
7.924453e-03,4.131771e-02,1.796709e-02,2.770865e-02,6.280723e-03,5.421923e-02,3.613062e-04,6.299756e-03,4.698931e-01,5.905842e-03,8.642667e-02,5.705479e-03,3.980209e-03,2.539876e-01,1.202224e-02
9.644648e-03,5.725036e-02,1.486670e-02,2.320206e-02,5.257814e-03,5.501373e-02,3.183211e-04,4.768728e-03,5.001169e-01,6.041900e-03,6.276898e-02,4.760795e-03,3.429617e-03,2.330471e-01,1.951237e-02
2.231617e-02,5.455069e-02,1.459522e-02,1.894283e-02,7.349215e-03,6.019250e-02,6.424788e-04,8.542865e-03,5.372946e-01,4.576128e-03,4.931150e-02,3.618052e-03,2.684116e-03,1.996001e-01,1.578366e-02
4.299164e-02,5.505000e-02,3.359312e-02,2.562269e-02,1.363606e-02,5.015216e-02,1.009134e-03,1.322673e-02,5.483176e-01,3.777643e-03,3.880586e-02,2.653765e-03,2.042769e-03,1.551031e-01,1.401788e-02
5.982796e-02,5.448060e-02,4.968598e-02,3.864968e-02,2.029698e-02,5.007926e-02,1.009890e-03,1.884541e-02,5.184737e-01,4.904873e-03,3.274031e-02,2.143703e-03,1.895633e-03,1.275474e-01,1.941869e-02
8.113535e-02,5.498016e-02,5.104539e-02,3.241114e-02,2.019957e-02,5.327150e-02,1.002545e-03,2.076442e-02,5.070701e-01,4.663134e-03,3.829952e-02,1.834990e-03,1.794826e-03,1.136169e-01,1.791042e-02
1.348954e-01,5.027337e-02,5.771355e-02,4.059384e-02,3.112354e-02,4.593272e-02,1.672944e-03,3.785241e-02,4.503312e-01,3.500306e-03,3.424505e-02,1.724944e-03,1.653222e-03,9.523414e-02,1.325325e-02
1.762535e-01,4.353710e-02,6.907850e-02,7.800955e-02,2.990942e-02,3.846037e-02,1.746913e-03,4.082112e-02,3.525229e-01,2.940694e-03,5.025311e-02,1.843456e-03,2.048363e-03,1.001213e-01,1.245362e-02
1.941005e-01,3.621822e-02,6.811853e-02,1.042935e-01,2.872112e-02,4.692621e-02,2.556293e-03,4.427988e-02,3.002106e-01,2.501977e-03,5.147767e-02,1.740800e-03,2.211655e-03,1.057894e-01,1.085357e-02
2.138504e-01,3.116269e-02,7.069620e-02,1.210536e-01,3.033824e-02,4.503106e-02,2.620257e-03,5.921917e-02,2.675513e-01,2.249919e-03,4.433082e-02,1.927534e-03,2.126408e-03,9.833941e-02,9.502951e-03
2.770506e-01,2.541710e-02,5.988554e-02,1.003848e-01,2.857485e-02,7.344239e-02,3.012661e-03,5.415930e-02,2.408965e-01,2.451680e-03,3.511761e-02,2.125798e-03,2.276088e-03,8.511634e-02,1.008880e-02
3.262688e-01,3.108654e-02,5.322301e-02,8.224127e-02,3.189640e-02,7.511046e-02,3.026193e-03,5.330987e-02,2.162666e-01,4.199074e-03,2.713906e-02,2.976187e-03,2.723532e-03,7.409040e-02,1.644260e-02
3.446274e-01,3.629594e-02,6.113542e-02,7.927962e-02,2.993740e-02,7.071156e-02,2.789785e-03,5.395785e-02,2.140926e-01,4.736676e-03,2.285254e-02,3.211030e-03,2.871786e-03,5.817782e-02,1.532258e-02
2.487765e-01,2.758204e-02,5.258782e-02,5.768452e-02,2.131717e-02,7.370212e-02,1.998005e-03,3.802909e-02,1.725918e-01,6.928057e-03,2.206051e-02,2.517569e-03,2.388144e-03,1.507719e-01,1.210647e-01
2.265526e-01,2.343084e-02,4.366091e-02,4.576297e-02,1.608288e-02,6.679061e-02,1.948218e-03,2.805179e-02,1.518469e-01,7.124724e-03,2.208092e-02,3.145759e-03,3.228995e-03,2.064052e-01,1.538867e-01
2.238014e-01,1.760821e-02,3.193132e-02,3.451717e-02,1.276159e-02,6.721896e-02,1.711808e-03,2.086194e-02,1.337921e-01,6.072600e-03,2.255827e-02,4.402914e-03,5.210442e-03,2.814462e-01,1.361051e-01
2.023575e-01,2.128060e-02,2.678075e-02,5.764931e-02,1.443900e-02,5.919929e-02,1.720519e-03,1.673977e-02,1.610975e-01,6.461659e-03,3.286716e-02,4.278840e-03,5.662967e-03,2.637841e-01,1.256810e-01
1.609070e-01,1.632428e-02,2.099617e-02,4.176861e-02,1.084347e-02,4.839201e-02,1.381954e-03,1.212335e-02,1.548016e-01,8.925145e-03,3.441995e-02,4.308640e-03,5.575567e-03,3.750519e-01,1.041803e-01
1.293915e-01,1.350656e-02,1.825280e-02,3.651848e-02,9.719639e-03,4.030223e-02,1.460320e-03,9.262250e-03,1.678573e-01,1.142024e-02,3.186534e-02,4.900953e-03,5.099411e-03,4.353068e-01,8.513625e-02
1.139635e-01,1.007346e-02,1.443695e-02,2.769556e-02,7.786336e-03,3.143048e-02,1.266135e-03,6.685553e-03,1.563808e-01,1.379179e-02,4.145028e-02,6.289626e-03,4.350215e-03,4.997702e-01,6.462909e-02
9.751310e-02,7.539830e-03,1.217595e-02,1.991405e-02,6.296346e-03,2.469693e-02,1.092671e-03,4.929971e-03,1.706074e-01,1.712601e-02,4.138675e-02,5.122643e-03,3.487199e-03,5.398016e-01,4.830960e-02
7.304633e-02,5.480350e-03,9.409172e-03,1.413403e-02,4.920391e-03,1.775682e-02,7.980893e-04,3.481884e-03,1.376494e-01,1.908941e-02,3.771015e-02,3.756039e-03,2.568352e-03,6.283848e-01,4.181478e-02
5.400838e-02,5.716496e-03,7.210190e-03,1.000990e-02,3.724770e-03,1.287754e-02,6.065646e-04,2.515891e-03,1.312564e-01,2.628303e-02,3.810406e-02,3.066020e-03,1.924172e-03,6.687518e-01,3.394481e-02
3.877259e-02,4.531199e-03,9.398079e-03,7.284694e-03,3.161345e-03,9.374759e-03,4.768895e-04,1.822880e-03,1.291247e-01,5.184012e-02,3.180514e-02,2.355107e-03,1.695849e-03,6.821455e-01,2.621111e-02
2.905374e-02,3.420497e-03,1.162081e-02,5.291988e-03,2.737847e-03,6.866115e-03,3.847951e-04,1.431559e-03,1.084076e-01,8.754975e-02,2.591591e-02,1.870052e-03,1.706322e-03,6.941785e-01,1.956446e-02
2.644047e-02,4.938603e-03,1.581000e-02,4.669858e-03,6.692000e-03,8.755204e-03,7.226189e-04,1.915188e-03,1.893473e-01,1.065648e-01,2.504663e-02,1.717658e-03,1.869853e-03,5.895191e-01,1.599076e-02
2.191242e-02,1.862643e-02,5.643927e-02,3.327703e-02,2.241929e-02,1.167231e-02,2.691097e-03,2.703618e-02,2.314641e-01,1.028698e-01,2.348642e-02,1.582084e-03,3.619932e-03,4.279641e-01,1.493958e-02
1.943421e-02,2.571771e-02,4.312996e-02,3.039038e-02,2.379854e-02,4.484065e-02,2.132147e-03,2.413698e-02,3.266870e-01,9.545962e-02,2.152300e-02,2.316514e-03,6.821229e-03,3.190953e-01,1.451682e-02
3.994013e-02,2.285520e-02,3.289388e-02,3.026080e-02,4.580589e-02,5.181867e-02,1.969220e-03,4.547748e-02,3.639131e-01,9.166445e-02,1.745447e-02,2.546505e-03,6.668319e-03,2.336185e-01,1.311333e-02
8.185487e-02,1.988974e-02,2.981047e-02,2.579185e-02,7.171205e-02,5.964604e-02,1.123977e-02,6.827221e-02,3.612891e-01,6.684214e-02,1.323411e-02,2.591295e-03,7.648468e-03,1.696309e-01,1.054703e-02
9.137511e-02,1.564895e-02,2.808312e-02,2.110507e-02,8.162054e-02,5.071252e-02,2.118212e-02,1.973954e-01,2.966686e-01,4.743509e-02,1.004351e-02,2.396571e-03,7.723571e-03,1.207411e-01,7.868602e-03
8.040150e-02,1.140765e-02,2.852146e-02,1.620424e-02,6.462257e-02,4.083379e-02,3.321214e-02,3.732808e-01,2.119227e-01,3.349569e-02,7.426230e-03,1.822853e-03,6.131789e-03,8.506253e-02,5.653956e-03
8.025433e-02,8.940104e-03,2.468630e-02,1.398186e-02,5.387407e-02,3.510962e-02,3.286296e-02,4.893564e-01,1.593479e-01,2.455228e-02,5.910369e-03,1.539030e-03,4.948877e-03,6.034077e-02,4.295125e-03
8.058978e-02,6.689173e-03,2.025187e-02,1.156399e-02,4.390071e-02,2.809984e-02,3.340676e-02,5.815424e-01,1.200152e-01,1.793696e-02,4.548355e-03,1.401301e-03,3.981523e-03,4.267723e-02,3.394935e-03
6.753837e-02,4.936252e-03,1.674357e-02,1.000848e-02,3.247334e-02,2.361304e-02,3.656457e-02,6.678696e-01,8.676163e-02,1.262597e-02,3.327857e-03,1.239558e-03,3.748528e-03,3.002847e-02,2.520870e-03
5.784037e-02,3.746265e-03,1.261360e-02,7.803400e-03,2.414247e-02,2.565582e-02,3.652887e-02,7.281790e-01,6.228196e-02,8.884037e-03,2.542547e-03,1.432341e-03,5.237892e-03,2.106330e-02,2.048206e-03
5.003720e-02,2.913775e-03,9.663459e-03,5.958320e-03,1.969484e-02,1.886619e-02,3.776262e-02,7.790883e-01,4.602944e-02,6.256226e-03,1.935165e-03,1.243435e-03,4.242351e-03,1.477524e-02,1.533556e-03
5.065025e-02,2.255024e-03,7.414020e-03,4.750256e-03,1.607705e-02,1.984417e-02,3.430340e-02,8.079132e-01,3.316222e-02,4.444808e-03,1.500857e-03,1.197375e-03,4.759859e-03,1.042080e-02,1.306763e-03
4.043316e-02,2.026682e-03,6.699542e-03,4.640375e-03,1.439945e-02,1.583879e-02,2.667448e-02,8.466870e-01,2.350193e-02,3.205449e-03,1.200988e-03,1.713869e-03,4.399044e-03,7.332927e-03,1.246394e-03
3.313076e-02,2.553979e-03,7.742978e-03,5.452495e-03,1.472757e-02,1.354500e-02,2.116781e-02,8.521949e-01,2.002131e-02,3.476901e-03,2.392654e-03,4.530484e-03,1.188771e-02,5.470950e-03,1.704515e-03
2.773011e-02,5.101480e-03,8.626861e-03,5.474604e-03,2.795711e-02,1.248310e-02,1.912075e-02,8.419425e-01,1.674270e-02,2.903863e-03,4.101151e-03,4.418660e-03,1.734049e-02,3.961761e-03,2.094832e-03
2.767304e-02,6.468120e-03,7.187570e-03,5.577893e-03,2.678432e-02,1.373114e-02,1.918943e-02,8.096367e-01,1.725681e-02,4.752064e-03,1.326488e-02,4.693000e-03,3.478699e-02,3.051676e-03,5.946392e-03
3.848024e-02,9.083516e-03,4.079999e-02,2.550880e-02,7.265145e-02,1.236572e-02,1.710081e-02,6.638694e-01,4.076547e-02,1.317649e-02,1.260218e-02,4.989925e-03,3.878120e-02,2.484997e-03,7.339792e-03
5.941749e-02,9.332306e-03,3.670957e-02,2.596194e-02,6.860796e-02,1.417466e-02,1.495370e-02,6.307976e-01,4.304374e-02,1.179457e-02,1.583752e-02,1.084946e-02,4.651399e-02,2.614061e-03,9.391405e-03
7.335071e-02,1.106890e-02,3.638283e-02,1.438536e-01,7.123821e-02,1.497183e-02,1.141592e-02,4.733813e-01,6.549620e-02,1.047195e-02,1.439134e-02,1.602587e-02,4.521909e-02,2.366518e-03,1.036568e-02
1.855192e-01,1.090648e-02,3.220850e-02,1.128827e-01,5.753926e-02,1.774688e-02,9.980259e-03,4.140095e-01,5.352199e-02,7.805487e-03,1.892345e-02,1.951507e-02,4.777185e-02,2.704879e-03,8.964561e-03
2.772190e-01,1.258681e-02,3.400490e-02,9.050047e-02,6.495812e-02,2.741810e-02,9.787081e-03,3.097418e-01,5.100599e-02,6.653727e-03,1.647148e-02,2.471217e-02,5.598537e-02,2.774176e-03,1.618076e-02
3.067277e-01,1.020594e-02,2.631059e-02,6.555965e-02,1.243797e-01,2.347741e-02,8.745089e-03,2.188647e-01,4.669922e-02,5.473132e-03,1.518830e-02,2.925496e-02,6.950033e-02,2.774741e-03,4.683857e-02
2.904969e-01,1.328246e-02,1.974454e-02,6.697728e-02,1.904136e-01,2.450201e-02,7.249485e-03,1.563470e-01,5.576398e-02,7.134516e-03,1.672014e-02,3.755733e-02,6.872851e-02,3.125642e-03,4.195654e-02
2.682357e-01,1.160777e-02,1.459028e-02,5.119766e-02,1.618886e-01,4.072647e-02,5.958446e-03,1.096949e-01,4.456580e-02,8.473606e-03,2.725812e-02,5.272812e-02,1.670652e-01,3.127814e-03,3.288145e-02
2.281174e-01,1.081835e-02,1.146961e-02,3.941513e-02,1.301364e-01,3.628891e-02,5.593191e-03,7.897503e-02,3.759543e-02,9.156484e-03,6.071471e-02,7.980479e-02,2.412097e-01,3.041779e-03,2.766317e-02
2.011205e-01,9.740617e-03,1.061955e-02,5.296477e-02,1.436944e-01,3.282826e-02,5.254397e-03,5.651252e-02,5.494012e-02,7.697711e-03,7.670360e-02,7.107912e-02,2.418438e-01,2.823930e-03,3.217664e-02
1.479420e-01,7.457604e-03,7.994560e-03,3.918605e-02,1.055984e-01,7.330078e-02,4.366212e-03,4.015765e-02,4.776382e-02,5.849274e-03,8.676200e-02,1.379675e-01,2.700279e-01,2.203041e-03,2.342326e-02
1.095430e-01,5.747557e-03,6.110076e-03,2.938655e-02,7.562295e-02,1.135297e-01,3.270993e-03,2.870912e-02,4.239810e-02,4.452109e-03,7.012220e-02,1.706768e-01,3.206882e-01,2.205675e-03,1.753705e-02
8.131279e-02,4.413456e-03,8.645441e-03,3.343785e-02,1.160258e-01,8.152999e-02,3.301890e-03,9.661095e-02,4.150085e-02,3.595159e-03,6.544408e-02,1.341007e-01,3.153234e-01,1.888271e-03,1.286943e-02
6.180330e-02,6.115619e-03,8.708453e-03,4.128990e-02,1.107734e-01,5.953180e-02,3.054482e-03,7.106766e-02,1.943751e-01,3.439906e-03,6.483681e-02,1.085778e-01,2.550436e-01,1.618994e-03,9.763188e-03
4.596630e-02,9.914421e-03,7.304864e-03,3.485465e-02,8.259175e-02,1.965948e-01,2.210732e-03,5.010341e-02,2.372258e-01,2.872703e-03,4.746298e-02,9.291619e-02,1.815185e-01,1.191789e-03,7.271174e-03
7.850192e-02,1.727600e-02,1.078715e-02,4.811312e-02,7.511132e-02,1.747048e-01,2.347030e-03,3.809650e-02,2.753627e-01,4.760308e-03,3.971092e-02,9.413420e-02,1.325382e-01,1.339174e-03,7.216691e-03
1.293575e-01,1.912112e-02,1.368937e-02,5.728026e-02,1.014062e-01,1.337736e-01,4.531022e-03,2.920205e-02,2.855326e-01,5.915937e-03,3.116147e-02,7.151385e-02,1.084392e-01,1.494922e-03,7.580817e-03
2.318106e-01,1.859087e-02,1.744845e-02,4.586387e-02,9.571561e-02,1.064619e-01,4.445118e-03,2.474166e-02,2.351145e-01,6.829674e-03,2.567136e-02,5.673726e-02,1.209189e-01,2.141308e-03,7.508934e-03
3.651518e-01,1.914806e-02,1.485631e-02,3.499606e-02,7.770726e-02,8.607823e-02,3.628214e-03,2.144072e-02,1.894354e-01,6.688342e-03,2.238064e-02,5.119618e-02,9.540976e-02,3.362995e-03,8.519975e-03
4.240280e-01,1.786621e-02,1.445964e-02,4.049534e-02,7.906212e-02,7.461531e-02,4.677076e-03,2.446355e-02,1.422047e-01,1.337893e-02,2.523147e-02,5.570519e-02,7.080472e-02,3.856170e-03,9.151470e-03
4.833120e-01,1.710886e-02,1.461256e-02,4.025361e-02,7.789645e-02,6.397199e-02,4.699466e-03,2.441969e-02,1.052955e-01,2.263609e-02,2.564150e-02,4.988049e-02,5.442742e-02,6.481109e-03,9.363316e-03
4.895198e-01,1.929215e-02,1.428702e-02,3.749083e-02,6.786406e-02,7.901639e-02,4.182284e-03,2.285099e-02,8.784581e-02,2.430164e-02,2.999359e-02,5.439343e-02,4.848662e-02,8.439440e-03,1.203591e-02
4.909639e-01,1.943880e-02,1.499797e-02,4.134666e-02,5.799990e-02,6.406821e-02,3.754291e-03,2.717056e-02,7.220409e-02,3.460871e-02,4.050783e-02,6.835932e-02,3.763692e-02,1.170785e-02,1.523496e-02
1.000000e+00,0.000000e+00,0.000000e+00,0.000000e+00,0.000000e+00,0.000000e+00,0.000000e+00,0.000000e+00,0.000000e+00,0.000000e+00,0.000000e+00,0.000000e+00,0.000000e+00,0.000000e+00,0.000000e+00
3.711887e-01,1.846254e-02,1.179057e-02,3.288343e-02,3.521894e-02,2.291899e-01,2.836041e-03,2.006835e-02,4.202573e-02,2.319615e-02,8.335479e-02,8.517398e-02,2.151147e-02,9.839247e-03,1.326016e-02
2.617937e-01,1.301318e-02,8.449726e-03,2.304369e-02,2.471720e-02,1.993200e-01,2.097122e-03,1.422211e-02,2.958960e-02,1.644253e-02,3.035489e-01,7.017865e-02,1.518326e-02,8.811015e-03,9.589254e-03
1.947116e-01,9.334884e-03,6.640343e-03,1.628406e-02,1.747468e-02,2.164132e-01,1.752918e-03,1.036946e-02,2.130887e-02,1.248299e-02,3.711862e-01,8.872874e-02,1.088322e-02,1.448040e-02,7.948457e-03
1.378955e-01,6.645781e-03,4.804224e-03,1.143874e-02,1.246085e-02,1.568912e-01,1.449790e-03,7.307530e-03,1.506807e-02,9.015933e-03,5.160892e-01,9.546357e-02,7.788535e-03,1.183647e-02,5.844564e-03
9.771102e-02,5.009564e-03,3.806743e-03,8.165151e-03,1.723153e-02,1.151931e-01,1.843820e-03,5.299875e-03,1.198901e-02,6.679687e-03,5.015614e-01,2.044678e-01,5.912624e-03,1.057921e-02,4.549445e-03
6.881682e-02,3.720761e-03,3.330749e-03,5.771955e-03,1.366128e-02,8.559598e-02,1.732906e-03,3.931990e-03,8.834831e-03,5.717251e-03,5.032525e-01,2.775334e-01,4.467264e-03,1.020408e-02,3.428141e-03
4.854834e-02,3.076214e-03,3.767346e-03,4.069780e-03,1.034473e-02,6.403452e-02,1.652932e-03,2.849630e-03,6.640606e-03,4.873809e-03,5.765329e-01,2.581783e-01,3.433155e-03,8.930498e-03,3.067120e-03
3.429437e-02,3.588709e-03,1.317509e-02,3.027178e-03,1.523848e-02,5.039338e-02,1.724578e-03,2.227029e-03,8.904583e-03,6.557493e-03,5.154676e-01,3.238205e-01,2.826941e-03,1.310994e-02,5.644120e-03
2.506541e-02,6.217379e-03,4.179835e-02,2.854200e-03,3.622855e-02,5.058315e-02,3.052220e-03,1.373822e-02,1.273510e-02,6.642305e-03,3.879119e-01,3.850969e-01,2.376122e-03,1.979835e-02,5.901837e-03
1.782300e-02,6.455587e-03,3.673321e-02,2.272359e-03,2.895923e-02,5.485789e-02,2.561515e-03,1.077182e-02,1.710451e-02,5.684834e-03,3.714590e-01,4.101931e-01,1.746358e-03,2.683399e-02,6.543598e-03
1.269499e-02,1.727889e-02,6.036479e-02,1.925967e-03,2.790577e-02,4.688218e-02,2.064467e-03,8.841057e-03,3.074965e-02,8.023115e-03,3.401044e-01,4.023265e-01,1.420604e-03,2.912759e-02,1.028999e-02
9.368630e-03,1.467574e-02,5.269422e-02,3.053213e-03,2.400300e-02,4.064691e-02,1.704043e-03,2.335095e-02,6.520356e-02,8.958421e-03,3.138319e-01,3.955696e-01,1.606675e-03,3.664428e-02,8.688863e-03
7.077377e-03,1.416062e-02,4.688625e-02,4.448730e-03,2.116655e-02,3.298268e-02,1.489633e-03,3.462664e-02,1.114642e-01,9.159482e-03,3.226202e-01,3.398289e-01,1.598105e-03,4.570699e-02,6.783584e-03
7.469445e-03,1.216836e-02,1.127340e-01,2.415529e-02,2.635187e-02,2.437772e-02,4.313149e-03,1.538071e-01,1.010196e-01,9.333610e-03,2.351816e-01,2.485106e-01,1.296630e-03,3.451147e-02,4.769553e-03
1.199826e-02,1.416491e-02,8.915080e-02,2.572501e-02,8.623659e-02,1.927300e-02,3.985219e-03,1.650111e-01,1.664957e-01,1.048463e-02,1.921364e-01,1.771191e-01,1.125739e-03,3.368033e-02,3.413330e-03
1.545287e-02,1.921770e-02,2.107260e-01,6.083581e-02,8.776387e-02,1.679924e-02,3.184906e-03,1.375562e-01,1.464556e-01,8.193124e-03,1.383772e-01,1.260149e-01,8.803360e-04,2.595408e-02,2.588191e-03
1.696292e-02,1.376167e-02,2.788935e-01,1.699709e-01,6.534646e-02,1.326017e-02,2.267677e-03,1.184882e-01,1.067064e-01,5.947270e-03,9.825116e-02,8.913267e-02,6.834098e-04,1.848806e-02,1.839555e-03
2.228929e-02,1.005956e-02,3.653139e-01,2.198608e-01,4.763854e-02,1.074950e-02,1.631313e-03,8.912957e-02,7.856509e-02,5.009160e-03,7.118901e-02,6.295624e-02,5.810063e-04,1.362123e-02,1.405762e-03
3.415736e-02,7.462636e-03,3.870628e-01,2.899440e-01,3.538510e-02,7.818396e-03,1.157599e-03,6.365781e-02,5.915023e-02,4.820218e-03,5.256088e-02,4.457673e-02,5.029736e-04,1.067336e-02,1.069934e-03
4.793962e-02,6.648829e-03,3.876408e-01,3.331206e-01,2.907337e-02,6.054013e-03,8.283439e-04,4.832479e-02,5.105021e-02,6.378859e-03,3.992186e-02,3.149714e-02,4.745363e-04,9.859115e-03,1.187968e-03
6.166220e-02,6.822771e-03,3.853924e-01,3.643765e-01,2.512288e-02,5.271221e-03,6.247147e-04,3.541240e-02,4.091474e-02,5.110206e-03,3.190191e-02,2.226646e-02,4.642748e-04,1.341715e-02,1.240228e-03
6.114000e-02,7.218793e-03,4.923628e-01,2.808435e-01,1.817541e-02,4.340083e-03,4.781817e-04,2.594480e-02,3.694958e-02,4.258081e-03,2.488744e-02,1.611328e-02,6.354433e-04,1.806500e-02,8.587676e-03
6.235573e-02,1.403275e-02,4.703335e-01,2.427835e-01,1.311158e-02,4.210703e-03,3.656615e-04,1.887889e-02,3.899253e-02,1.697950e-02,4.310149e-02,1.565330e-02,7.079546e-03,1.603302e-02,3.608834e-02
5.283505e-02,1.126181e-02,3.625283e-01,1.798447e-01,9.511894e-03,4.583854e-03,2.765788e-04,1.334969e-02,3.003157e-02,1.837117e-01,6.921436e-02,1.883626e-02,1.642136e-02,1.570853e-02,3.188439e-02
4.495141e-02,9.409194e-03,2.643805e-01,1.293511e-01,6.823784e-03,5.090733e-03,2.054574e-04,9.493697e-03,2.389100e-02,3.771423e-01,5.407885e-02,1.557206e-02,1.753475e-02,1.489431e-02,2.718084e-02
3.173822e-02,6.775299e-03,1.854898e-01,9.068079e-02,4.863695e-03,4.054144e-03,1.501161e-04,6.717958e-03,1.742980e-02,5.518392e-01,4.009803e-02,1.133043e-02,1.775449e-02,1.086854e-02,2.020948e-02
2.250483e-02,5.019661e-03,1.327064e-01,6.549467e-02,4.104184e-03,4.562266e-03,2.259368e-04,1.579512e-02,1.553771e-02,6.147056e-01,3.942256e-02,8.794415e-03,3.680596e-02,8.783176e-03,2.553752e-02
1.667456e-02,4.377920e-03,9.392896e-02,5.235250e-02,4.257756e-03,3.904368e-03,2.711641e-04,1.435263e-02,3.451171e-02,5.921133e-01,3.220463e-02,6.820172e-03,4.487030e-02,7.930052e-03,9.143002e-02
1.246949e-02,5.919037e-03,7.297916e-02,4.152144e-02,6.898541e-03,4.037482e-03,3.358436e-04,1.576872e-02,1.133735e-01,4.937219e-01,2.949611e-02,5.574020e-03,4.350513e-02,8.306339e-03,1.460933e-01
1.008644e-02,1.656509e-02,5.395883e-02,3.903652e-02,6.803451e-03,8.250479e-03,3.682877e-04,1.298865e-02,1.622824e-01,3.693130e-01,2.769062e-02,8.144436e-03,5.977604e-02,1.330776e-02,2.114280e-01
7.858258e-03,2.720949e-02,4.008847e-02,4.791921e-02,7.839542e-03,4.869561e-02,5.402149e-04,9.819666e-03,1.678193e-01,2.716835e-01,2.946769e-02,1.029977e-02,1.123171e-01,1.123562e-02,2.072065e-01
6.056807e-03,2.064953e-02,2.842786e-02,3.419382e-02,7.790907e-03,3.481123e-02,3.458709e-03,9.455667e-03,1.319711e-01,1.936619e-01,2.893963e-02,1.181009e-02,1.487780e-01,1.131976e-02,3.286749e-01
4.884114e-03,1.549222e-02,2.021754e-02,2.493189e-02,7.814090e-03,2.615353e-02,3.452430e-03,7.200028e-03,1.040586e-01,1.374987e-01,2.337250e-02,1.768857e-02,2.792715e-01,8.881306e-03,3.190829e-01
4.120677e-03,1.128049e-02,1.466111e-02,1.786336e-02,1.166591e-02,2.061086e-02,3.897551e-03,6.762284e-03,7.445653e-02,9.720187e-02,2.341474e-02,2.951360e-02,4.033481e-01,6.547376e-03,2.746556e-01
3.926820e-03,8.302673e-03,1.177846e-02,1.345737e-02,3.222885e-02,1.794343e-02,1.583770e-02,1.498327e-02,5.510336e-02,6.935178e-02,3.061485e-02,3.192834e-02,4.418685e-01,5.360393e-03,2.473142e-01
7.303447e-03,2.756390e-02,1.149232e-02,1.033336e-02,4.717761e-02,3.267724e-02,1.291181e-02,1.564066e-02,1.639922e-01,4.879988e-02,2.517689e-02,3.184079e-02,3.793526e-01,6.709688e-03,1.790276e-01
1.171739e-02,5.185893e-02,2.519001e-02,1.709718e-02,4.444226e-02,4.761786e-02,1.095319e-02,1.371859e-02,2.826253e-01,3.653501e-02,1.880952e-02,2.317468e-02,2.783787e-01,4.824335e-03,1.330571e-01
3.144443e-02,5.471288e-02,2.129980e-02,1.358256e-02,5.847393e-02,8.002075e-02,1.558049e-02,1.444428e-02,3.286524e-01,2.578154e-02,1.532061e-02,1.851473e-02,2.204331e-01,3.616816e-03,9.812158e-02
4.740238e-02,4.537682e-02,1.818066e-02,1.616980e-02,1.220341e-01,6.748944e-02,4.476161e-02,3.217756e-02,3.267674e-01,1.810391e-02,1.174454e-02,1.538976e-02,1.623223e-01,2.680893e-03,6.939869e-02
1.092269e-01,4.524827e-02,1.991765e-02,2.934515e-02,1.268000e-01,6.472388e-02,4.608024e-02,2.907147e-02,2.974977e-01,1.339246e-02,1.197226e-02,2.219610e-02,1.265247e-01,2.829951e-03,5.517324e-02
1.577637e-01,5.327495e-02,1.666836e-02,2.722884e-02,1.174360e-01,6.287699e-02,4.058103e-02,2.594417e-02,2.818915e-01,1.075436e-02,1.026744e-02,2.164428e-02,1.228854e-01,2.803068e-03,4.797987e-02
1.856863e-01,5.244061e-02,1.510803e-02,3.185413e-02,1.153649e-01,6.168011e-02,3.539421e-02,2.496883e-02,2.798808e-01,8.153963e-03,1.011010e-02,2.137014e-02,1.170438e-01,3.064363e-03,3.787959e-02
2.187235e-01,4.314156e-02,2.149551e-02,3.840545e-02,1.089130e-01,7.742866e-02,4.682465e-02,2.767510e-02,2.253837e-01,6.317384e-03,9.340129e-03,3.710024e-02,1.063925e-01,3.439073e-03,2.941956e-02
2.726487e-01,3.367683e-02,1.827201e-02,3.112712e-02,8.706330e-02,1.205062e-01,5.745331e-02,2.513114e-02,1.865663e-01,5.288713e-03,8.664295e-03,3.739752e-02,8.586128e-02,3.693799e-03,2.664948e-02
3.016145e-01,2.612476e-02,1.728092e-02,2.554665e-02,7.081865e-02,1.609425e-01,6.524091e-02,3.045418e-02,1.490383e-01,4.533574e-03,7.859546e-03,3.809628e-02,7.381877e-02,3.849056e-03,2.478142e-02
2.510229e-01,2.081714e-02,3.324293e-02,2.102054e-02,5.686093e-02,1.898249e-01,1.159551e-01,7.323460e-02,1.113484e-01,3.517921e-03,6.174669e-03,3.334099e-02,6.145114e-02,2.992538e-03,1.919526e-02
3.032001e-01,1.604065e-02,3.021309e-02,1.668711e-02,4.603008e-02,1.756441e-01,1.140750e-01,1.091284e-01,8.376089e-02,3.021478e-03,4.980984e-03,2.723942e-02,5.240751e-02,2.434553e-03,1.513675e-02
3.502321e-01,1.310989e-02,2.739910e-02,1.459002e-02,3.650016e-02,1.769682e-01,1.082542e-01,1.109332e-01,6.448197e-02,2.551443e-03,4.799897e-03,2.633669e-02,4.894717e-02,2.214135e-03,1.268183e-02
4.298520e-01,1.144419e-02,2.210435e-02,1.378790e-02,3.416262e-02,1.314647e-01,9.489778e-02,1.255169e-01,5.433415e-02,2.769982e-03,4.268996e-03,2.388661e-02,3.755680e-02,2.124860e-03,1.182818e-02
4.149666e-01,1.090563e-02,1.675886e-02,1.229272e-02,2.670386e-02,1.872276e-01,6.971190e-02,9.110513e-02,4.014752e-02,2.765141e-03,4.288903e-03,1.967232e-02,8.888052e-02,1.867988e-03,1.270529e-02
1.000000e+00,0.000000e+00,0.000000e+00,0.000000e+00,0.000000e+00,0.000000e+00,0.000000e+00,0.000000e+00,0.000000e+00,0.000000e+00,0.000000e+00,0.000000e+00,0.000000e+00,0.000000e+00,0.000000e+00
1.000000e+00,0.000000e+00,0.000000e+00,0.000000e+00,0.000000e+00,0.000000e+00,0.000000e+00,0.000000e+00,0.000000e+00,0.000000e+00,0.000000e+00,0.000000e+00,0.000000e+00,0.000000e+00,0.000000e+00
1.000000e+00,0.000000e+00,0.000000e+00,0.000000e+00,0.000000e+00,0.000000e+00,0.000000e+00,0.000000e+00,0.000000e+00,0.000000e+00,0.000000e+00,0.000000e+00,0.000000e+00,0.000000e+00,0.000000e+00
4.989281e-01,9.701150e-03,1.054330e-02,9.730915e-03,1.400781e-02,6.953985e-02,3.017159e-02,4.972740e-02,1.418831e-02,2.865024e-03,3.172565e-03,8.292276e-03,1.563916e-01,1.656219e-03,1.210839e-01
1.000000e+00,0.000000e+00,0.000000e+00,0.000000e+00,0.000000e+00,0.000000e+00,0.000000e+00,0.000000e+00,0.000000e+00,0.000000e+00,0.000000e+00,0.000000e+00,0.000000e+00,0.000000e+00,0.000000e+00
