1.000000e+00,0.000000e+00,0.000000e+00,0.000000e+00,0.000000e+00,0.000000e+00,0.000000e+00,0.000000e+00,0.000000e+00,0.000000e+00,0.000000e+00,0.000000e+00,0.000000e+00,0.000000e+00,0.000000e+00
1.000000e+00,0.000000e+00,0.000000e+00,0.000000e+00,0.000000e+00,0.000000e+00,0.000000e+00,0.000000e+00,0.000000e+00,0.000000e+00,0.000000e+00,0.000000e+00,0.000000e+00,0.000000e+00,0.000000e+00
1.000000e+00,0.000000e+00,0.000000e+00,0.000000e+00,0.000000e+00,0.000000e+00,0.000000e+00,0.000000e+00,0.000000e+00,0.000000e+00,0.000000e+00,0.000000e+00,0.000000e+00,0.000000e+00,0.000000e+00
1.000000e+00,0.000000e+00,0.000000e+00,0.000000e+00,0.000000e+00,0.000000e+00,0.000000e+00,0.000000e+00,0.000000e+00,0.000000e+00,0.000000e+00,0.000000e+00,0.000000e+00,0.000000e+00,0.000000e+00
1.000000e+00,0.000000e+00,0.000000e+00,0.000000e+00,0.000000e+00,0.000000e+00,0.000000e+00,0.000000e+00,0.000000e+00,0.000000e+00,0.000000e+00,0.000000e+00,0.000000e+00,0.000000e+00,0.000000e+00
1.000000e+00,0.000000e+00,0.000000e+00,0.000000e+00,0.000000e+00,0.000000e+00,0.000000e+00,0.000000e+00,0.000000e+00,0.000000e+00,0.000000e+00,0.000000e+00,0.000000e+00,0.000000e+00,0.000000e+00
1.000000e+00,0.000000e+00,0.000000e+00,0.000000e+00,0.000000e+00,0.000000e+00,0.000000e+00,0.000000e+00,0.000000e+00,0.000000e+00,0.000000e+00,0.000000e+00,0.000000e+00,0.000000e+00,0.000000e+00
1.000000e+00,0.000000e+00,0.000000e+00,0.000000e+00,0.000000e+00,0.000000e+00,0.000000e+00,0.000000e+00,0.000000e+00,0.000000e+00,0.000000e+00,0.000000e+00,0.000000e+00,0.000000e+00,0.000000e+00
1.000000e+00,0.000000e+00,0.000000e+00,0.000000e+00,0.000000e+00,0.000000e+00,0.000000e+00,0.000000e+00,0.000000e+00,0.000000e+00,0.000000e+00,0.000000e+00,0.000000e+00,0.000000e+00,0.000000e+00
1.000000e+00,0.000000e+00,0.000000e+00,0.000000e+00,0.000000e+00,0.000000e+00,0.000000e+00,0.000000e+00,0.000000e+00,0.000000e+00,0.000000e+00,0.000000e+00,0.000000e+00,0.000000e+00,0.000000e+00
1.000000e+00,0.000000e+00,0.000000e+00,0.000000e+00,0.000000e+00,0.000000e+00,0.000000e+00,0.000000e+00,0.000000e+00,0.000000e+00,0.000000e+00,0.000000e+00,0.000000e+00,0.000000e+00,0.000000e+00
1.000000e+00,0.000000e+00,0.000000e+00,0.000000e+00,0.000000e+00,0.000000e+00,0.000000e+00,0.000000e+00,0.000000e+00,0.000000e+00,0.000000e+00,0.000000e+00,0.000000e+00,0.000000e+00,0.000000e+00
1.000000e+00,0.000000e+00,0.000000e+00,0.000000e+00,0.000000e+00,0.000000e+00,0.000000e+00,0.000000e+00,0.000000e+00,0.000000e+00,0.000000e+00,0.000000e+00,0.000000e+00,0.000000e+00,0.000000e+00
1.000000e+00,0.000000e+00,0.000000e+00,0.000000e+00,0.000000e+00,0.000000e+00,0.000000e+00,0.000000e+00,0.000000e+00,0.000000e+00,0.000000e+00,0.000000e+00,0.000000e+00,0.000000e+00,0.000000e+00
1.000000e+00,0.000000e+00,0.000000e+00,0.000000e+00,0.000000e+00,0.000000e+00,0.000000e+00,0.000000e+00,0.000000e+00,0.000000e+00,0.000000e+00,0.000000e+00,0.000000e+00,0.000000e+00,0.000000e+00
1.000000e+00,0.000000e+00,0.000000e+00,0.000000e+00,0.000000e+00,0.000000e+00,0.000000e+00,0.000000e+00,0.000000e+00,0.000000e+00,0.000000e+00,0.000000e+00,0.000000e+00,0.000000e+00,0.000000e+00
1.000000e+00,0.000000e+00,0.000000e+00,0.000000e+00,0.000000e+00,0.000000e+00,0.000000e+00,0.000000e+00,0.000000e+00,0.000000e+00,0.000000e+00,0.000000e+00,0.000000e+00,0.000000e+00,0.000000e+00
1.000000e+00,0.000000e+00,0.000000e+00,0.000000e+00,0.000000e+00,0.000000e+00,0.000000e+00,0.000000e+00,0.000000e+00,0.000000e+00,0.000000e+00,0.000000e+00,0.000000e+00,0.000000e+00,0.000000e+00
1.000000e+00,0.000000e+00,0.000000e+00,0.000000e+00,0.000000e+00,0.000000e+00,0.000000e+00,0.000000e+00,0.000000e+00,0.000000e+00,0.000000e+00,0.000000e+00,0.000000e+00,0.000000e+00,0.000000e+00
1.000000e+00,0.000000e+00,0.000000e+00,0.000000e+00,0.000000e+00,0.000000e+00,0.000000e+00,0.000000e+00,0.000000e+00,0.000000e+00,0.000000e+00,0.000000e+00,0.000000e+00,0.000000e+00,0.000000e+00
1.000000e+00,0.000000e+00,0.000000e+00,0.000000e+00,0.000000e+00,0.000000e+00,0.000000e+00,0.000000e+00,0.000000e+00,0.000000e+00,0.000000e+00,0.000000e+00,0.000000e+00,0.000000e+00,0.000000e+00
1.000000e+00,0.000000e+00,0.000000e+00,0.000000e+00,0.000000e+00,0.000000e+00,0.000000e+00,0.000000e+00,0.000000e+00,0.000000e+00,0.000000e+00,0.000000e+00,0.000000e+00,0.000000e+00,0.000000e+00
1.000000e+00,0.000000e+00,0.000000e+00,0.000000e+00,0.000000e+00,0.000000e+00,0.000000e+00,0.000000e+00,0.000000e+00,0.000000e+00,0.000000e+00,0.000000e+00,0.000000e+00,0.000000e+00,0.000000e+00
1.000000e+00,0.000000e+00,0.000000e+00,0.000000e+00,0.000000e+00,0.000000e+00,0.000000e+00,0.000000e+00,0.000000e+00,0.000000e+00,0.000000e+00,0.000000e+00,0.000000e+00,0.000000e+00,0.000000e+00
1.000000e+00,0.000000e+00,0.000000e+00,0.000000e+00,0.000000e+00,0.000000e+00,0.000000e+00,0.000000e+00,0.000000e+00,0.000000e+00,0.000000e+00,0.000000e+00,0.000000e+00,0.000000e+00,0.000000e+00
1.000000e+00,0.000000e+00,0.000000e+00,0.000000e+00,0.000000e+00,0.000000e+00,0.000000e+00,0.000000e+00,0.000000e+00,0.000000e+00,0.000000e+00,0.000000e+00,0.000000e+00,0.000000e+00,0.000000e+00
1.000000e+00,0.000000e+00,0.000000e+00,0.000000e+00,0.000000e+00,0.000000e+00,0.000000e+00,0.000000e+00,0.000000e+00,0.000000e+00,0.000000e+00,0.000000e+00,0.000000e+00,0.000000e+00,0.000000e+00
1.000000e+00,0.000000e+00,0.000000e+00,0.000000e+00,0.000000e+00,0.000000e+00,0.000000e+00,0.000000e+00,0.000000e+00,0.000000e+00,0.000000e+00,0.000000e+00,0.000000e+00,0.000000e+00,0.000000e+00
1.000000e+00,0.000000e+00,0.000000e+00,0.000000e+00,0.000000e+00,0.000000e+00,0.000000e+00,0.000000e+00,0.000000e+00,0.000000e+00,0.000000e+00,0.000000e+00,0.000000e+00,0.000000e+00,0.000000e+00
1.000000e+00,0.000000e+00,0.000000e+00,0.000000e+00,0.000000e+00,0.000000e+00,0.000000e+00,0.000000e+00,0.000000e+00,0.000000e+00,0.000000e+00,0.000000e+00,0.000000e+00,0.000000e+00,0.000000e+00
1.000000e+00,0.000000e+00,0.000000e+00,0.000000e+00,0.000000e+00,0.000000e+00,0.000000e+00,0.000000e+00,0.000000e+00,0.000000e+00,0.000000e+00,0.000000e+00,0.000000e+00,0.000000e+00,0.000000e+00
1.000000e+00,0.000000e+00,0.000000e+00,0.000000e+00,0.000000e+00,0.000000e+00,0.000000e+00,0.000000e+00,0.000000e+00,0.000000e+00,0.000000e+00,0.000000e+00,0.000000e+00,0.000000e+00,0.000000e+00
1.000000e+00,0.000000e+00,0.000000e+00,0.000000e+00,0.000000e+00,0.000000e+00,0.000000e+00,0.000000e+00,0.000000e+00,0.000000e+00,0.000000e+00,0.000000e+00,0.000000e+00,0.000000e+00,0.000000e+00
1.000000e+00,0.000000e+00,0.000000e+00,0.000000e+00,0.000000e+00,0.000000e+00,0.000000e+00,0.000000e+00,0.000000e+00,0.000000e+00,0.000000e+00,0.000000e+00,0.000000e+00,0.000000e+00,0.000000e+00
1.000000e+00,0.000000e+00,0.000000e+00,0.000000e+00,0.000000e+00,0.000000e+00,0.000000e+00,0.000000e+00,0.000000e+00,0.000000e+00,0.000000e+00,0.000000e+00,0.000000e+00,0.000000e+00,0.000000e+00
1.000000e+00,0.000000e+00,0.000000e+00,0.000000e+00,0.000000e+00,0.000000e+00,0.000000e+00,0.000000e+00,0.000000e+00,0.000000e+00,0.000000e+00,0.000000e+00,0.000000e+00,0.000000e+00,0.000000e+00
1.000000e+00,0.000000e+00,0.000000e+00,0.000000e+00,0.000000e+00,0.000000e+00,0.000000e+00,0.000000e+00,0.000000e+00,0.000000e+00,0.000000e+00,0.000000e+00,0.000000e+00,0.000000e+00,0.000000e+00
1.000000e+00,0.000000e+00,0.000000e+00,0.000000e+00,0.000000e+00,0.000000e+00,0.000000e+00,0.000000e+00,0.000000e+00,0.000000e+00,0.000000e+00,0.000000e+00,0.000000e+00,0.000000e+00,0.000000e+00
1.000000e+00,0.000000e+00,0.000000e+00,0.000000e+00,0.000000e+00,0.000000e+00,0.000000e+00,0.000000e+00,0.000000e+00,0.000000e+00,0.000000e+00,0.000000e+00,0.000000e+00,0.000000e+00,0.000000e+00
1.000000e+00,0.000000e+00,0.000000e+00,0.000000e+00,0.000000e+00,0.000000e+00,0.000000e+00,0.000000e+00,0.000000e+00,0.000000e+00,0.000000e+00,0.000000e+00,0.000000e+00,0.000000e+00,0.000000e+00
1.000000e+00,0.000000e+00,0.000000e+00,0.000000e+00,0.000000e+00,0.000000e+00,0.000000e+00,0.000000e+00,0.000000e+00,0.000000e+00,0.000000e+00,0.000000e+00,0.000000e+00,0.000000e+00,0.000000e+00
1.000000e+00,0.000000e+00,0.000000e+00,0.000000e+00,0.000000e+00,0.000000e+00,0.000000e+00,0.000000e+00,0.000000e+00,0.000000e+00,0.000000e+00,0.000000e+00,0.000000e+00,0.000000e+00,0.000000e+00
1.000000e+00,0.000000e+00,0.000000e+00,0.000000e+00,0.000000e+00,0.000000e+00,0.000000e+00,0.000000e+00,0.000000e+00,0.000000e+00,0.000000e+00,0.000000e+00,0.000000e+00,0.000000e+00,0.000000e+00
1.000000e+00,0.000000e+00,0.000000e+00,0.000000e+00,0.000000e+00,0.000000e+00,0.000000e+00,0.000000e+00,0.000000e+00,0.000000e+00,0.000000e+00,0.000000e+00,0.000000e+00,0.000000e+00,0.000000e+00
1.000000e+00,0.000000e+00,0.000000e+00,0.000000e+00,0.000000e+00,0.000000e+00,0.000000e+00,0.000000e+00,0.000000e+00,0.000000e+00,0.000000e+00,0.000000e+00,0.000000e+00,0.000000e+00,0.000000e+00
1.000000e+00,0.000000e+00,0.000000e+00,0.000000e+00,0.000000e+00,0.000000e+00,0.000000e+00,0.000000e+00,0.000000e+00,0.000000e+00,0.000000e+00,0.000000e+00,0.000000e+00,0.000000e+00,0.000000e+00
1.000000e+00,0.000000e+00,0.000000e+00,0.000000e+00,0.000000e+00,0.000000e+00,0.000000e+00,0.000000e+00,0.000000e+00,0.000000e+00,0.000000e+00,0.000000e+00,0.000000e+00,0.000000e+00,0.000000e+00
1.000000e+00,0.000000e+00,0.000000e+00,0.000000e+00,0.000000e+00,0.000000e+00,0.000000e+00,0.000000e+00,0.000000e+00,0.000000e+00,0.000000e+00,0.000000e+00,0.000000e+00,0.000000e+00,0.000000e+00
1.000000e+00,0.000000e+00,0.000000e+00,0.000000e+00,0.000000e+00,0.000000e+00,0.000000e+00,0.000000e+00,0.000000e+00,0.000000e+00,0.000000e+00,0.000000e+00,0.000000e+00,0.000000e+00,0.000000e+00
1.000000e+00,0.000000e+00,0.000000e+00,0.000000e+00,0.000000e+00,0.000000e+00,0.000000e+00,0.000000e+00,0.000000e+00,0.000000e+00,0.000000e+00,0.000000e+00,0.000000e+00,0.000000e+00,0.000000e+00
1.000000e+00,0.000000e+00,0.000000e+00,0.000000e+00,0.000000e+00,0.000000e+00,0.000000e+00,0.000000e+00,0.000000e+00,0.000000e+00,0.000000e+00,0.000000e+00,0.000000e+00,0.000000e+00,0.000000e+00
1.000000e+00,0.000000e+00,0.000000e+00,0.000000e+00,0.000000e+00,0.000000e+00,0.000000e+00,0.000000e+00,0.000000e+00,0.000000e+00,0.000000e+00,0.000000e+00,0.000000e+00,0.000000e+00,0.000000e+00
1.000000e+00,0.000000e+00,0.000000e+00,0.000000e+00,0.000000e+00,0.000000e+00,0.000000e+00,0.000000e+00,0.000000e+00,0.000000e+00,0.000000e+00,0.000000e+00,0.000000e+00,0.000000e+00,0.000000e+00
1.000000e+00,0.000000e+00,0.000000e+00,0.000000e+00,0.000000e+00,0.000000e+00,0.000000e+00,0.000000e+00,0.000000e+00,0.000000e+00,0.000000e+00,0.000000e+00,0.000000e+00,0.000000e+00,0.000000e+00
1.000000e+00,0.000000e+00,0.000000e+00,0.000000e+00,0.000000e+00,0.000000e+00,0.000000e+00,0.000000e+00,0.000000e+00,0.000000e+00,0.000000e+00,0.000000e+00,0.000000e+00,0.000000e+00,0.000000e+00
1.000000e+00,0.000000e+00,0.000000e+00,0.000000e+00,0.000000e+00,0.000000e+00,0.000000e+00,0.000000e+00,0.000000e+00,0.000000e+00,0.000000e+00,0.000000e+00,0.000000e+00,0.000000e+00,0.000000e+00
1.000000e+00,0.000000e+00,0.000000e+00,0.000000e+00,0.000000e+00,0.000000e+00,0.000000e+00,0.000000e+00,0.000000e+00,0.000000e+00,0.000000e+00,0.000000e+00,0.000000e+00,0.000000e+00,0.000000e+00
1.000000e+00,0.000000e+00,0.000000e+00,0.000000e+00,0.000000e+00,0.000000e+00,0.000000e+00,0.000000e+00,0.000000e+00,0.000000e+00,0.000000e+00,0.000000e+00,0.000000e+00,0.000000e+00,0.000000e+00
1.000000e+00,0.000000e+00,0.000000e+00,0.000000e+00,0.000000e+00,0.000000e+00,0.000000e+00,0.000000e+00,0.000000e+00,0.000000e+00,0.000000e+00,0.000000e+00,0.000000e+00,0.000000e+00,0.000000e+00
1.000000e+00,0.000000e+00,0.000000e+00,0.000000e+00,0.000000e+00,0.000000e+00,0.000000e+00,0.000000e+00,0.000000e+00,0.000000e+00,0.000000e+00,0.000000e+00,0.000000e+00,0.000000e+00,0.000000e+00
1.000000e+00,0.000000e+00,0.000000e+00,0.000000e+00,0.000000e+00,0.000000e+00,0.000000e+00,0.000000e+00,0.000000e+00,0.000000e+00,0.000000e+00,0.000000e+00,0.000000e+00,0.000000e+00,0.000000e+00
1.000000e+00,0.000000e+00,0.000000e+00,0.000000e+00,0.000000e+00,0.000000e+00,0.000000e+00,0.000000e+00,0.000000e+00,0.000000e+00,0.000000e+00,0.000000e+00,0.000000e+00,0.000000e+00,0.000000e+00
4.564298e-01,1.063400e-02,3.770091e-02,5.528705e-02,1.071833e-02,3.617125e-02,7.032482e-02,5.059732e-02,1.415951e-02,3.577718e-02,2.678360e-02,5.212912e-02,1.130705e-01,9.744857e-03,2.047180e-02
3.614230e-01,7.978228e-03,2.683007e-02,4.642293e-02,8.850927e-03,2.856731e-02,5.583142e-02,3.695192e-02,1.297877e-02,2.773401e-02,5.416173e-02,6.093171e-02,2.297846e-01,1.487657e-02,2.667683e-02
2.949353e-01,6.282029e-03,1.898854e-02,4.489266e-02,8.020663e-03,2.433618e-02,4.175990e-02,2.708158e-02,3.487289e-02,2.078427e-02,6.961183e-02,5.846315e-02,3.078824e-01,1.623030e-02,2.585831e-02
3.328051e-01,5.938606e-03,1.411378e-02,3.942005e-02,9.590225e-03,2.739903e-02,2.990885e-02,2.472363e-02,5.932971e-02,1.680968e-02,6.389291e-02,6.533127e-02,2.734531e-01,1.668053e-02,2.060357e-02
3.300317e-01,7.957791e-03,1.211244e-02,3.773086e-02,9.979160e-03,2.515095e-02,2.142188e-02,1.936707e-02,1.008491e-01,1.483417e-02,6.916153e-02,8.454479e-02,2.300887e-01,1.893793e-02,1.783200e-02
3.860308e-01,1.398978e-02,1.191337e-02,5.017837e-02,9.614392e-03,2.254467e-02,1.569419e-02,1.581668e-02,9.364641e-02,1.430593e-02,6.930585e-02,7.732582e-02,1.807201e-01,2.014313e-02,1.877050e-02
3.802463e-01,1.227702e-02,1.840530e-02,6.136425e-02,1.096757e-02,2.012565e-02,1.168034e-02,3.300481e-02,8.350795e-02,1.237684e-02,7.893807e-02,7.826506e-02,1.647556e-01,1.727326e-02,1.681206e-02
2.889667e-01,9.964881e-03,2.153517e-02,6.344929e-02,9.044812e-03,1.649581e-02,8.356457e-03,2.727717e-02,9.229304e-02,1.507575e-02,1.273824e-01,1.259443e-01,1.585341e-01,2.154362e-02,1.413657e-02
2.437207e-01,8.707346e-03,2.666433e-02,6.364382e-02,9.963611e-03,1.392282e-02,6.466387e-03,3.121846e-02,1.154135e-01,2.606145e-02,1.635099e-01,1.323622e-01,1.247112e-01,2.230136e-02,1.133298e-02
1.998158e-01,8.004280e-03,3.454074e-02,7.421695e-02,1.453287e-02,1.676920e-02,4.803304e-03,2.660775e-02,1.392426e-01,3.241988e-02,1.883273e-01,1.214659e-01,1.104904e-01,1.942160e-02,9.341565e-03
1.647567e-01,7.397727e-03,3.112251e-02,6.574211e-02,2.745406e-02,1.970920e-02,3.800511e-03,2.625379e-02,2.098310e-01,3.504908e-02,1.821706e-01,1.069357e-01,9.508530e-02,1.603084e-02,8.660860e-03
1.287464e-01,9.272570e-03,3.120239e-02,5.865756e-02,3.700598e-02,1.690510e-02,3.303505e-03,4.937791e-02,2.689960e-01,3.130284e-02,1.640009e-01,8.841892e-02,9.254624e-02,1.325573e-02,7.007878e-03
9.382737e-02,1.197400e-02,2.785934e-02,4.453024e-02,4.861236e-02,1.323683e-02,2.598130e-03,7.469201e-02,3.496698e-01,2.529729e-02,1.340853e-01,7.690205e-02,8.080739e-02,1.032797e-02,5.579945e-03
6.896697e-02,2.341806e-02,2.030404e-02,3.249671e-02,4.498301e-02,1.280111e-02,2.065719e-03,5.416515e-02,4.985031e-01,1.906961e-02,9.576391e-02,5.642181e-02,5.899027e-02,7.466908e-03,4.583615e-03
5.514426e-02,2.903591e-02,1.643034e-02,2.553211e-02,6.433119e-02,1.109275e-02,3.882070e-03,5.419883e-02,5.566337e-01,1.475453e-02,6.917693e-02,4.300811e-02,4.726216e-02,5.617336e-03,3.899706e-03
5.506199e-02,2.222766e-02,1.336205e-02,2.007826e-02,1.187580e-01,2.783855e-02,6.372306e-03,7.935223e-02,5.191381e-01,1.107012e-02,5.032957e-02,3.149220e-02,3.759954e-02,4.183013e-03,3.136272e-03
5.237851e-02,2.031986e-02,1.177325e-02,1.785748e-02,1.127297e-01,1.120175e-01,7.013545e-03,5.975119e-02,4.460725e-01,9.448871e-03,4.023349e-02,2.390201e-02,7.427774e-02,3.299073e-03,8.925121e-03
4.394297e-02,1.666939e-02,9.145204e-03,1.770603e-02,8.181886e-02,2.819625e-01,6.007978e-03,4.383085e-02,3.384633e-01,7.176886e-03,3.008224e-02,1.869088e-02,9.184903e-02,2.456357e-03,1.019748e-02
6.033929e-02,1.273256e-02,7.667517e-03,1.389816e-02,5.969202e-02,3.058648e-01,6.222546e-03,3.374769e-02,2.453309e-01,5.295465e-03,2.205521e-02,1.487244e-02,1.992413e-01,1.815341e-03,1.122474e-02
6.147124e-02,9.511281e-03,5.805366e-03,1.035217e-02,4.381670e-02,2.657625e-01,5.974945e-03,2.513277e-02,1.764633e-01,3.813116e-03,1.577087e-02,1.253590e-02,3.520854e-01,1.350097e-03,1.015429e-02
6.046415e-02,7.517030e-03,4.330670e-03,7.809198e-03,3.543815e-02,2.004988e-01,6.457793e-03,1.943430e-02,1.414061e-01,2.769614e-03,1.214991e-02,1.832785e-02,4.733831e-01,1.115110e-03,8.898200e-03
5.543202e-02,9.260494e-03,4.677963e-03,1.472244e-02,5.057232e-02,1.571169e-01,8.873342e-03,1.546636e-02,1.113160e-01,2.222737e-03,9.820439e-03,2.046986e-02,5.319268e-01,8.515677e-04,7.270697e-03
4.288493e-02,7.065875e-03,3.327921e-03,1.199651e-02,3.666919e-02,1.304949e-01,7.005626e-03,1.097576e-02,8.200439e-02,2.057645e-03,1.412135e-02,5.022242e-02,5.951277e-01,6.754138e-04,5.370275e-03
3.687833e-02,6.208494e-03,3.058289e-03,9.846772e-03,2.868771e-02,1.002193e-01,5.649668e-03,8.157627e-03,6.085110e-02,3.190127e-03,2.498834e-02,8.999920e-02,6.138085e-01,9.092912e-04,7.547265e-03
3.370754e-02,5.274320e-03,2.497000e-03,7.419335e-03,2.209884e-02,7.440849e-02,4.345048e-03,5.916338e-03,4.587235e-02,5.879125e-03,3.093836e-02,2.007100e-01,5.502903e-01,1.241461e-03,9.401405e-03
5.211827e-02,5.739173e-03,2.349784e-03,6.987876e-03,1.711492e-02,5.650984e-02,4.025518e-03,5.457043e-03,3.635323e-02,8.726692e-03,2.684976e-02,3.213473e-01,4.462199e-01,2.316854e-03,7.883796e-03
6.238833e-02,5.291550e-03,2.087683e-03,7.049864e-03,1.291171e-02,4.316727e-02,3.620067e-03,4.291419e-03,3.123396e-02,1.732482e-02,2.517593e-02,4.039765e-01,3.694819e-01,4.191364e-03,7.807655e-03
7.281430e-02,5.106089e-03,2.979615e-03,5.624735e-03,1.261476e-02,3.211974e-02,4.074891e-03,3.739311e-03,2.617838e-02,1.691198e-02,2.007999e-02,4.849520e-01,2.898588e-01,4.189877e-03,1.875553e-02
7.412547e-02,4.175770e-03,3.534976e-03,4.119101e-03,1.701015e-02,2.715432e-02,1.705283e-02,6.134436e-03,2.304051e-02,1.419330e-02,1.567062e-02,5.442665e-01,2.247476e-01,3.564793e-03,2.120960e-02
8.014552e-02,3.862367e-03,4.030302e-03,3.624097e-03,7.554386e-02,2.261274e-02,1.059157e-01,1.029843e-02,2.080614e-02,1.185798e-02,1.332716e-02,4.537115e-01,1.717944e-01,2.733067e-03,1.973679e-02
1.101192e-01,4.150925e-03,9.528173e-03,9.608967e-03,1.299916e-01,2.211538e-02,1.863109e-01,8.560745e-03,1.988399e-02,1.017541e-02,1.033109e-02,3.380029e-01,1.248647e-01,2.039943e-03,1.431605e-02
1.186420e-01,4.799226e-03,1.501680e-02,5.381620e-02,2.145884e-01,2.425679e-02,1.732700e-01,7.185081e-03,1.967951e-02,8.119820e-03,8.689141e-03,2.491523e-01,9.071835e-02,1.486190e-03,1.058024e-02
1.681996e-01,7.187609e-03,1.525203e-02,6.435594e-02,2.146690e-01,2.432898e-02,1.670318e-01,7.065448e-03,2.552617e-02,1.078856e-02,1.604894e-02,1.854252e-01,7.548732e-02,1.466590e-03,1.716683e-02
1.618430e-01,8.256111e-03,1.988977e-02,1.048971e-01,2.532548e-01,2.487373e-02,1.599896e-01,1.024353e-02,2.365249e-02,8.349228e-03,1.863375e-02,1.352879e-01,5.665996e-02,1.200287e-03,1.296872e-02
1.934200e-01,1.388888e-02,2.816776e-02,1.520072e-01,2.257061e-01,2.829527e-02,1.347671e-01,1.129960e-02,2.423032e-02,7.987608e-03,2.169116e-02,1.005539e-01,4.530818e-02,1.279425e-03,1.139748e-02
2.791635e-01,1.743003e-02,2.862368e-02,1.246121e-01,2.009571e-01,3.921821e-02,1.028463e-01,1.567416e-02,2.912098e-02,7.852605e-03,2.035082e-02,7.615399e-02,4.260960e-02,2.375518e-03,1.301138e-02
3.333800e-01,1.927168e-02,2.802169e-02,9.963141e-02,1.855278e-01,4.799920e-02,8.522826e-02,3.289402e-02,2.892091e-02,6.822314e-03,1.721319e-02,5.828138e-02,4.190963e-02,3.004208e-03,1.189420e-02
3.190663e-01,1.510181e-02,3.162922e-02,8.775766e-02,1.526154e-01,4.286365e-02,6.293821e-02,1.540078e-01,2.328272e-02,5.422990e-03,1.547173e-02,4.358752e-02,3.450976e-02,2.620753e-03,9.124422e-03
2.388368e-01,1.076307e-02,2.407966e-02,6.291392e-02,1.195630e-01,3.276515e-02,4.468010e-02,3.709158e-01,1.653983e-02,3.895798e-03,1.126556e-02,3.058602e-02,2.491328e-02,1.848658e-03,6.433265e-03
1.755195e-01,7.598413e-03,1.740546e-02,4.466517e-02,8.903475e-02,2.359238e-02,3.155342e-02,5.433879e-01,1.164181e-02,2.752786e-03,7.979934e-03,2.143171e-02,1.761539e-02,1.300539e-03,4.520766e-03
1.249814e-01,5.335201e-03,1.234651e-02,3.142646e-02,6.528906e-02,1.695560e-02,2.238044e-02,6.740102e-01,8.164406e-03,1.948182e-03,5.627616e-03,1.502324e-02,1.242208e-02,9.149132e-04,3.174688e-03
8.831821e-02,3.739718e-03,8.694015e-03,2.207225e-02,4.697313e-02,1.252367e-02,1.579964e-02,7.686711e-01,5.722896e-03,1.371426e-03,3.958587e-03,1.053275e-02,8.751608e-03,6.437539e-04,2.227296e-03
6.693871e-02,2.640328e-03,6.128772e-03,1.549562e-02,3.412416e-02,1.021000e-02,1.118585e-02,8.293700e-01,4.044475e-03,9.733061e-04,2.904881e-03,7.484393e-03,6.468649e-03,4.609538e-04,1.569974e-03
4.975018e-02,1.858575e-03,4.321884e-03,1.089014e-02,2.605882e-02,7.347938e-03,8.015659e-03,8.749105e-01,2.846562e-03,6.850302e-04,2.063446e-03,5.254787e-03,4.571861e-03,3.238681e-04,1.100863e-03
4.393508e-02,1.374128e-03,3.112383e-03,7.794590e-03,1.942806e-02,5.852792e-03,5.770003e-03,8.986541e-01,2.099581e-03,5.038723e-04,2.041083e-03,4.227547e-03,4.117256e-03,2.593174e-04,8.302263e-04
3.419809e-02,1.041242e-03,2.224064e-03,5.507234e-03,1.440636e-02,4.964058e-03,4.354177e-03,9.226581e-01,1.574272e-03,3.607923e-04,1.658150e-03,3.051291e-03,3.202674e-03,1.873666e-04,6.122324e-04
2.655141e-02,7.568644e-04,1.599386e-03,3.902410e-03,1.062234e-02,3.911703e-03,3.383196e-03,9.413403e-01,1.153192e-03,2.628971e-04,1.287023e-03,2.209801e-03,2.429519e-03,1.347038e-04,4.552889e-04
2.635616e-02,5.533333e-04,1.182716e-03,3.056732e-03,7.745519e-03,8.824952e-03,2.587137e-03,9.418932e-01,9.218488e-04,1.972349e-04,1.012846e-03,1.742244e-03,3.448762e-03,9.843148e-05,3.789415e-04
2.181912e-02,3.977592e-04,8.698370e-04,2.332364e-03,5.626562e-03,6.598422e-03,1.930691e-03,9.546830e-01,6.722251e-04,1.393125e-04,7.286887e-04,1.256203e-03,2.602077e-03,7.042399e-05,2.733803e-04
2.268436e-02,3.070033e-04,6.882093e-04,1.839132e-03,4.241521e-03,5.289153e-03,1.579143e-03,9.588640e-01,5.365674e-04,1.000119e-04,5.423322e-04,9.316454e-04,2.133791e-03,5.296522e-05,2.102628e-04
3.387845e-02,5.734843e-04,5.630982e-04,3.570415e-03,4.195107e-03,5.316614e-03,1.532766e-03,9.433793e-01,1.115582e-03,9.065986e-05,6.836323e-04,1.314789e-03,3.457104e-03,4.342711e-05,2.855593e-04
4.189828e-02,9.193736e-04,5.062593e-04,7.704604e-03,6.443961e-03,6.432607e-03,1.575989e-03,9.223465e-01,2.433353e-03,1.021502e-04,1.044346e-03,2.165948e-03,6.058509e-03,3.619943e-05,3.318365e-04
5.888939e-02,2.437840e-03,5.004360e-04,1.497735e-02,8.562913e-03,7.014477e-03,1.352568e-03,8.587600e-01,8.686094e-03,2.228933e-04,2.680870e-03,3.898278e-03,3.089563e-02,4.037755e-05,1.080857e-03
9.025313e-02,4.441516e-03,9.223069e-04,1.586781e-02,9.313183e-03,7.511285e-03,1.171299e-03,7.684714e-01,2.078727e-02,6.007680e-04,7.356268e-03,1.069029e-02,5.795061e-02,1.291946e-04,4.533680e-03
1.252831e-01,6.420996e-03,1.441273e-03,1.641774e-02,8.150539e-03,9.305058e-03,1.210588e-03,6.773047e-01,3.434893e-02,7.250845e-04,9.538811e-03,1.269593e-02,9.164052e-02,1.785859e-04,5.338123e-03
1.425549e-01,8.650374e-03,1.672532e-03,1.868931e-02,6.744367e-03,1.547507e-02,2.004175e-03,5.892144e-01,4.141321e-02,1.319309e-03,2.507348e-02,3.392443e-02,1.053969e-01,8.238099e-04,7.043712e-03
1.659172e-01,1.272114e-02,1.770997e-03,2.445258e-02,8.686991e-03,1.428181e-02,2.174139e-03,4.941202e-01,7.625733e-02,1.276017e-03,2.548393e-02,3.798030e-02,1.254718e-01,8.521929e-04,8.553376e-03
2.325251e-01,1.418786e-02,1.852066e-03,4.121743e-02,1.027516e-02,1.312009e-02,2.181937e-03,3.914575e-01,8.852205e-02,1.209803e-03,1.960742e-02,3.256098e-02,1.405934e-01,7.805299e-04,9.908672e-03
2.695167e-01,1.084739e-02,2.678647e-03,4.069244e-02,1.613965e-02,1.572016e-02,2.487701e-03,3.481494e-01,6.868359e-02,9.553668e-04,1.511488e-02,2.556816e-02,1.749183e-01,7.209255e-04,7.806816e-03
2.531034e-01,8.819759e-03,3.119373e-03,3.645278e-02,1.714564e-02,1.506552e-02,2.361042e-03,3.910282e-01,5.564438e-02,8.064303e-04,1.153728e-02,2.040229e-02,1.777101e-01,6.326057e-04,6.171256e-03
1.807952e-01,6.464068e-03,2.613607e-03,2.598933e-02,1.457492e-02,1.082669e-02,1.991077e-03,5.537597e-01,4.273217e-02,5.867550e-04,8.380576e-03,1.443948e-02,1.317956e-01,4.605132e-04,4.590312e-03
1.296919e-01,4.646690e-03,1.914579e-03,1.833406e-02,1.424706e-02,7.808839e-03,1.756167e-03,6.739453e-01,3.099911e-02,4.147441e-04,5.927551e-03,1.015786e-02,9.647824e-02,3.283601e-04,3.349419e-03
9.337675e-02,3.286208e-03,1.565780e-03,1.307654e-02,1.068297e-02,5.663074e-03,1.337636e-03,7.672539e-01,2.176452e-02,2.963112e-04,4.189992e-03,7.132074e-03,6.773708e-02,2.467863e-04,2.390320e-03
7.268009e-02,2.346518e-03,1.220384e-03,9.297792e-03,8.979206e-03,4.282875e-03,1.082366e-03,8.271424e-01,1.530376e-02,2.112041e-04,2.977447e-03,5.016210e-03,4.758314e-02,1.854383e-04,1.691181e-03
5.692568e-02,1.700474e-03,9.631558e-04,6.686551e-03,7.241711e-03,3.314376e-03,8.996474e-04,8.708627e-01,1.079790e-02,1.516677e-04,2.134975e-03,3.580824e-03,3.340233e-02,1.419168e-04,1.196024e-03
5.165842e-02,1.353973e-03,8.612192e-04,5.128801e-03,6.376424e-03,3.150013e-03,9.065757e-04,8.934087e-01,7.915399e-03,1.174487e-04,1.722261e-03,2.781506e-03,2.361283e-02,1.209960e-04,8.853667e-04
4.644089e-02,1.080098e-03,7.870276e-04,4.255605e-03,5.489490e-03,2.676544e-03,9.454665e-04,9.114763e-01,5.758757e-03,9.472215e-05,1.396603e-03,2.130848e-03,1.670536e-02,1.014489e-04,6.609124e-04
4.734942e-02,8.757706e-04,8.238351e-04,3.555825e-03,5.055191e-03,3.068932e-03,3.936465e-03,9.147776e-01,4.315610e-03,7.872347e-05,1.206564e-03,1.902849e-03,1.239419e-02,1.160145e-04,5.430756e-04
4.993321e-02,8.128500e-04,1.118816e-03,4.035193e-03,4.385034e-03,3.342311e-03,3.839996e-03,9.165105e-01,3.359240e-03,9.085506e-05,1.021998e-03,1.728755e-03,9.211253e-03,1.189908e-04,4.910768e-04
5.410884e-02,7.642721e-04,1.973578e-03,5.061259e-03,3.596188e-03,3.194950e-03,3.622385e-03,9.147999e-01,2.873477e-03,1.092879e-04,8.727664e-04,1.751716e-03,6.640123e-03,1.259189e-04,5.053630e-04
7.841021e-02,7.170676e-04,2.497583e-03,5.873450e-03,3.234112e-03,3.591151e-03,3.094127e-03,8.908218e-01,2.326952e-03,2.182694e-04,9.694324e-04,2.177011e-03,5.118196e-03,2.174825e-04,7.332754e-04
1.281798e-01,1.317751e-03,2.284581e-03,6.744711e-03,3.654854e-03,5.447881e-03,2.579872e-03,7.990223e-01,2.879603e-03,5.707598e-04,1.798191e-03,3.196387e-03,4.081797e-02,2.896377e-04,1.215744e-03
1.238805e-01,2.004797e-03,2.231882e-03,6.194710e-03,4.420010e-03,5.321145e-03,2.073400e-03,7.101663e-01,4.602005e-03,1.270829e-03,1.037145e-02,6.964539e-03,1.098827e-01,7.866631e-04,9.829003e-03
8.913878e-02,3.044960e-03,1.941899e-03,5.860998e-03,3.604853e-03,2.282180e-02,1.715795e-03,5.327855e-01,5.879438e-03,1.084762e-03,1.197452e-02,8.746814e-03,2.918985e-01,6.515845e-04,1.884967e-02
6.441095e-02,3.451861e-03,1.713354e-03,6.197051e-03,3.568043e-03,2.438028e-02,1.430958e-03,3.812298e-01,1.139489e-02,9.990747e-04,1.060944e-02,7.320859e-03,4.648392e-01,5.196240e-04,1.793449e-02
5.447016e-02,1.178904e-02,3.406114e-03,1.479457e-02,6.958690e-03,1.782371e-02,1.583332e-03,2.822878e-01,1.026021e-01,1.210704e-03,1.227716e-02,7.335204e-03,4.687707e-01,6.208309e-04,1.406983e-02
5.023337e-02,1.020695e-02,2.947907e-03,1.097265e-02,7.850127e-03,1.489310e-02,1.509627e-03,2.019881e-01,7.751238e-02,9.094445e-04,1.347318e-02,8.737964e-03,5.850235e-01,6.205409e-04,1.312110e-02
6.534044e-02,8.372535e-03,4.366192e-03,9.558423e-03,1.100470e-02,1.650267e-02,1.372569e-03,1.585838e-01,5.840655e-02,7.165680e-04,1.161245e-02,1.120911e-02,6.311509e-01,6.427782e-04,1.116028e-02
1.547987e-01,1.329346e-02,4.178240e-03,8.044248e-03,1.147002e-02,1.841027e-02,1.448050e-03,1.162711e-01,5.020045e-02,6.461464e-04,1.136830e-02,1.144769e-02,5.864301e-01,1.377243e-03,1.061607e-02
2.310426e-01,1.539789e-02,1.083167e-02,2.923397e-02,3.235579e-02,3.591286e-02,2.652103e-03,9.395781e-02,5.655149e-02,7.599014e-04,1.079957e-02,1.252771e-02,4.559289e-01,1.965601e-03,1.008220e-02
3.292859e-01,1.813187e-02,9.823848e-03,2.651994e-02,3.486665e-02,3.873253e-02,2.443481e-03,7.156020e-02,7.780530e-02,1.185537e-03,9.737083e-03,1.435747e-02,3.482663e-01,2.517898e-03,1.476607e-02
3.819729e-01,2.275386e-02,8.379377e-03,2.776231e-02,4.222305e-02,7.643351e-02,2.723211e-03,5.889012e-02,6.876208e-02,1.273847e-03,8.666850e-03,1.690977e-02,2.651861e-01,2.676975e-03,1.538607e-02
3.476273e-01,2.328162e-02,2.410879e-02,4.101738e-02,1.106764e-01,7.020033e-02,3.286285e-03,7.250308e-02,6.646893e-02,1.410315e-03,7.826163e-03,1.981429e-02,1.968017e-01,2.187307e-03,1.279013e-02
3.080961e-01,2.720211e-02,2.181953e-02,3.852238e-02,1.453931e-01,8.287998e-02,3.751141e-03,6.104088e-02,1.134204e-01,1.173103e-03,6.263004e-03,1.564844e-02,1.611513e-01,2.145393e-03,1.149304e-02
3.048704e-01,2.998616e-02,1.907173e-02,3.759206e-02,1.455033e-01,7.576072e-02,4.442447e-03,5.134032e-02,1.156625e-01,1.041983e-03,7.064791e-03,1.520178e-02,1.711676e-01,2.463303e-03,1.883099e-02
2.671778e-01,2.342597e-02,1.640119e-02,2.948913e-02,1.082444e-01,2.570480e-01,3.603258e-03,4.094209e-02,8.645695e-02,1.191933e-03,5.827829e-03,1.128043e-02,1.319945e-01,2.046197e-03,1.487030e-02
2.533739e-01,1.733403e-02,1.351492e-02,2.236577e-02,7.777953e-02,3.667042e-01,2.826866e-03,3.719939e-02,6.295165e-02,4.296941e-03,4.781570e-03,8.568363e-03,1.137692e-01,1.994604e-03,1.253903e-02
1.957307e-01,1.278772e-02,1.108682e-02,1.769774e-02,5.529977e-02,5.063767e-01,2.741348e-03,3.314658e-02,4.839659e-02,8.402227e-03,5.590854e-03,6.341059e-03,8.185254e-02,1.695772e-03,1.285350e-02
1.745388e-01,9.833267e-03,1.213480e-02,1.971996e-02,3.968114e-02,5.774046e-01,2.841433e-03,2.975070e-02,3.972528e-02,1.013185e-02,6.305513e-03,4.680762e-03,5.835858e-02,1.342613e-03,1.355072e-02
1.879686e-01,8.268944e-03,1.415913e-02,2.118406e-02,2.882742e-02,5.886611e-01,2.893118e-03,2.670109e-02,3.784630e-02,1.148477e-02,6.615203e-03,3.618662e-03,4.305802e-02,1.375875e-03,1.733769e-02
2.561125e-01,1.043882e-02,1.795451e-02,1.841172e-02,2.279363e-02,5.318076e-01,3.139971e-03,2.580971e-02,3.201620e-02,1.493312e-02,6.250563e-03,3.183870e-03,3.099174e-02,3.343429e-03,2.281263e-02
3.911119e-01,9.339554e-03,1.877908e-02,1.574392e-02,1.695280e-02,4.225801e-01,3.429646e-03,2.319917e-02,2.399631e-02,1.273184e-02,6.506339e-03,3.435603e-03,2.243783e-02,5.577802e-03,2.417806e-02
4.655273e-01,1.090782e-02,2.239281e-02,1.743390e-02,1.297574e-02,3.553074e-01,3.448173e-03,1.899469e-02,1.929003e-02,1.008048e-02,6.449415e-03,4.252359e-03,1.712848e-02,9.962913e-03,2.584848e-02
4.960615e-01,1.396735e-02,2.493261e-02,1.657228e-02,1.174121e-02,3.027669e-01,3.393858e-03,1.534786e-02,1.537166e-02,1.336059e-02,8.358081e-03,5.778540e-03,1.288426e-02,2.218699e-02,3.727631e-02
4.752627e-01,1.685183e-02,2.716381e-02,1.458899e-02,1.015424e-02,2.639000e-01,3.076483e-03,1.176188e-02,1.226512e-02,2.372709e-02,1.502341e-02,5.740488e-03,9.760686e-03,4.727127e-02,6.345198e-02
3.701012e-01,1.691617e-02,2.073911e-02,1.067628e-02,1.037577e-02,2.862132e-01,3.607941e-03,9.155356e-03,1.016084e-02,2.642767e-02,9.217212e-02,5.760865e-03,7.620245e-03,6.846201e-02,6.161115e-02
2.764336e-01,1.287286e-02,1.497326e-02,7.574441e-03,8.395489e-03,2.562224e-01,3.265130e-03,6.791356e-03,8.222686e-03,1.921647e-02,1.856764e-01,5.407582e-03,5.664062e-03,1.417114e-01,4.757288e-02
2.031840e-01,9.626511e-03,1.067724e-02,5.408471e-03,6.124444e-03,1.989921e-01,2.616522e-03,4.922119e-03,1.002520e-02,1.380971e-02,2.552179e-01,7.912716e-03,4.163502e-03,2.322724e-01,3.504714e-02
1.442957e-01,6.948843e-03,7.543486e-03,3.850677e-03,4.387805e-03,1.423084e-01,1.917577e-03,3.471143e-03,1.120234e-02,1.016527e-02,2.809358e-01,1.145602e-02,3.168037e-03,3.435399e-01,2.480899e-02
1.031206e-01,5.022369e-03,5.336862e-03,2.733413e-03,3.112510e-03,1.007445e-01,1.388298e-03,2.458205e-03,1.197284e-02,7.647418e-03,2.947069e-01,1.291786e-02,2.336630e-03,4.289454e-01,1.755626e-02
7.377897e-02,4.455000e-03,4.082782e-03,1.975884e-03,2.258995e-03,7.117841e-02,1.010065e-03,1.971608e-03,1.747727e-02,6.481937e-03,3.772243e-01,1.325185e-02,1.675447e-03,4.107119e-01,1.246550e-02
5.253077e-02,3.869686e-03,3.361842e-03,1.640956e-03,1.662064e-03,5.060966e-02,8.198860e-04,1.729059e-03,3.889015e-02,5.016102e-03,3.292423e-01,2.765637e-02,1.215343e-03,4.729449e-01,8.810839e-03
3.691113e-02,3.925995e-03,2.569962e-03,1.195047e-03,1.310104e-03,3.824548e-02,5.933834e-04,1.295920e-03,1.384653e-01,4.348827e-03,2.795763e-01,2.044489e-02,8.619457e-04,4.640384e-01,6.217267e-03
2.593930e-02,3.044100e-03,1.873851e-03,9.345784e-04,1.217181e-03,3.118735e-02,4.462173e-04,1.106611e-03,2.150346e-01,5.748199e-03,2.260994e-01,1.485688e-02,6.456308e-04,4.674459e-01,4.420206e-03
1.827108e-02,2.869015e-03,1.478873e-03,8.471257e-04,1.556351e-03,2.866900e-02,3.530862e-04,1.155458e-03,3.163311e-01,6.717361e-03,1.815636e-01,1.092869e-02,4.696279e-04,4.256036e-01,3.186068e-03
1.394757e-02,3.311278e-03,2.940175e-03,1.878309e-03,6.795696e-03,2.412047e-02,3.533925e-04,5.270718e-03,4.500236e-01,7.626552e-03,1.338614e-01,7.960250e-03,4.883886e-04,3.387749e-01,2.647212e-03
9.873342e-03,2.406206e-03,2.072575e-03,3.033920e-03,6.418611e-03,1.781071e-02,2.650754e-04,3.872643e-03,5.751165e-01,6.427482e-03,1.003280e-01,5.798534e-03,1.543536e-03,2.627877e-01,2.245193e-03
7.987747e-03,1.828077e-03,1.482269e-03,4.595141e-03,8.044101e-03,1.531579e-02,2.833623e-04,3.077392e-03,5.477219e-01,1.279766e-02,1.097584e-01,1.241651e-02,4.565809e-02,2.249129e-01,4.120734e-03
5.869211e-03,1.335162e-03,1.071584e-03,3.556095e-03,6.243718e-03,1.127137e-02,2.608850e-04,2.287510e-03,4.131583e-01,2.232539e-02,1.267545e-01,2.041496e-02,2.126560e-01,1.685208e-01,4.274553e-03
4.350413e-03,1.099165e-03,8.563611e-04,2.667214e-03,5.221966e-03,8.945639e-03,5.437242e-04,2.037662e-03,3.000473e-01,2.237333e-02,1.327350e-01,2.961452e-02,3.643723e-01,1.213592e-01,3.776253e-03
6.385197e-03,1.532311e-03,1.692406e-03,3.125040e-03,6.005154e-03,3.173151e-02,2.124905e-02,2.484008e-02,2.299681e-01,2.473891e-02,1.434802e-01,8.219662e-02,3.205380e-01,9.818804e-02,4.329433e-03
5.141668e-03,5.058312e-03,2.013778e-03,2.747148e-03,7.476201e-03,3.318110e-02,1.656767e-02,2.319263e-02,2.065058e-01,2.241145e-02,1.295685e-01,1.146247e-01,3.445898e-01,8.141151e-02,5.509694e-03
4.674097e-03,6.177384e-03,2.223181e-03,2.171316e-03,1.003356e-02,2.826074e-02,1.479258e-02,2.396210e-02,1.612130e-01,1.833589e-02,1.231646e-01,1.084358e-01,3.945386e-01,9.673687e-02,5.280198e-03
5.225325e-03,6.340539e-03,4.724476e-03,3.868582e-03,1.928672e-02,2.445570e-02,1.073595e-02,1.421947e-01,1.328276e-01,1.356090e-02,1.115983e-01,8.647054e-02,3.400579e-01,9.427021e-02,4.382536e-03
5.969041e-03,8.601455e-03,7.896956e-03,7.742290e-03,2.018700e-02,3.551900e-02,8.186826e-03,1.474053e-01,1.305328e-01,1.064911e-02,1.136590e-01,6.647231e-02,3.500543e-01,8.005003e-02,7.074551e-03
5.719089e-03,6.773627e-03,6.828314e-03,5.868794e-03,2.446121e-02,3.876238e-02,6.027482e-03,1.113572e-01,1.166202e-01,7.652316e-03,8.489157e-02,4.952885e-02,4.572925e-01,7.192616e-02,6.290340e-03
5.777976e-03,5.311634e-03,8.327611e-03,4.668917e-03,2.718346e-02,4.299954e-02,4.961378e-03,1.239801e-01,1.088248e-01,5.757037e-03,6.891738e-02,3.770377e-02,4.767718e-01,7.252317e-02,6.291435e-03
2.023774e-02,5.545191e-03,6.861919e-02,7.377091e-03,3.509912e-02,4.034967e-02,5.095226e-03,1.507283e-01,9.192456e-02,6.087054e-03,5.586603e-02,3.407755e-02,4.069275e-01,6.507726e-02,6.988532e-03
4.522044e-02,6.130868e-03,1.266292e-01,7.327295e-03,3.816071e-02,3.417377e-02,6.235662e-03,1.531888e-01,7.630156e-02,6.085851e-03,4.739851e-02,3.786978e-02,3.590583e-01,4.907668e-02,7.142636e-03
6.335381e-02,5.638207e-03,1.660637e-01,7.983781e-03,3.104768e-02,2.841762e-02,5.588081e-03,1.212204e-01,5.881168e-02,5.974167e-03,4.756170e-02,4.604859e-02,3.679393e-01,3.685914e-02,7.492127e-03
5.770638e-02,7.912058e-03,2.565538e-01,2.917489e-02,2.533017e-02,2.045380e-02,4.226575e-03,8.756170e-02,5.245081e-02,5.162483e-03,6.787790e-02,4.961614e-02,2.964614e-01,2.837334e-02,1.113855e-02
1.115429e-01,9.408657e-03,2.203346e-01,2.975887e-02,2.210390e-02,1.712286e-02,4.655674e-03,6.911085e-02,4.905533e-02,6.456774e-03,8.639768e-02,6.186830e-02,2.670732e-01,3.048434e-02,1.462607e-02
1.976907e-01,8.818932e-03,1.592615e-01,2.427488e-02,1.870755e-02,1.651167e-02,4.091342e-03,5.051962e-02,4.287376e-02,6.181153e-03,7.619977e-02,7.197326e-02,2.830594e-01,2.752955e-02,1.230691e-02
2.451415e-01,8.889807e-03,1.139005e-01,1.891070e-02,1.654376e-02,1.481072e-02,4.210917e-03,3.706479e-02,4.355043e-02,8.095156e-03,6.190269e-02,9.121840e-02,2.918296e-01,3.308334e-02,1.084778e-02
2.538434e-01,9.830126e-03,8.285774e-02,1.519562e-02,1.384656e-02,1.545858e-02,3.550513e-03,2.771614e-02,6.740803e-02,1.386279e-02,5.090974e-02,9.413286e-02,2.610444e-01,6.709345e-02,2.325007e-02
2.172521e-01,9.388404e-03,6.073107e-02,1.216897e-02,1.236336e-02,1.471702e-02,3.077757e-03,2.041856e-02,6.263106e-02,3.056696e-02,4.469898e-02,1.488958e-01,2.245441e-01,1.137268e-01,2.481898e-02
2.029944e-01,9.004755e-03,4.398172e-02,9.792542e-03,1.101341e-02,1.530712e-02,2.949838e-03,1.481365e-02,5.106408e-02,2.623286e-02,3.728069e-02,2.510263e-01,2.159435e-01,8.944214e-02,1.915305e-02
2.513157e-01,9.886289e-03,3.264162e-02,9.279182e-03,1.182384e-02,4.312618e-02,3.176702e-03,1.113544e-02,3.963355e-02,2.258626e-02,3.228644e-02,2.867865e-01,1.648954e-01,6.565855e-02,1.576837e-02
3.150120e-01,9.635696e-03,2.390040e-02,7.912174e-03,1.432678e-02,4.323933e-02,3.074662e-03,8.897210e-03,3.211313e-02,2.361048e-02,3.093965e-02,2.963257e-01,1.322562e-01,4.715225e-02,1.160431e-02
3.261048e-01,8.347091e-03,2.342067e-02,7.998158e-03,1.292655e-02,4.170492e-02,3.661984e-03,1.119127e-02,2.715775e-02,2.764323e-02,2.605926e-02,3.344161e-01,1.061858e-01,3.409898e-02,9.083454e-03
3.488536e-01,7.370735e-03,1.987510e-02,6.883267e-03,1.324041e-02,4.360733e-02,3.287625e-03,1.045094e-02,2.190987e-02,2.670456e-02,2.234292e-02,3.645937e-01,7.947548e-02,2.439266e-02,7.011894e-03
2.856378e-01,6.739900e-03,1.465493e-02,5.106941e-03,1.273520e-02,3.295178e-02,2.390986e-03,7.764271e-03,1.953606e-02,3.232328e-02,2.672984e-02,4.696354e-01,6.100822e-02,1.764157e-02,5.143826e-03
2.117548e-01,6.933684e-03,1.119392e-02,3.866922e-03,2.727062e-02,2.367746e-02,1.794516e-03,6.419312e-03,3.442919e-02,4.188413e-02,2.431670e-02,5.411285e-01,4.867111e-02,1.290576e-02,3.753375e-03
1.527738e-01,5.161691e-03,8.187932e-03,2.865247e-03,2.301278e-02,1.681980e-02,1.273236e-03,5.618325e-03,2.925751e-02,3.893645e-02,2.214918e-02,6.441129e-01,3.793355e-02,9.229555e-03,2.668176e-03
1.095153e-01,3.910905e-03,6.043794e-03,2.136472e-03,2.245809e-02,1.199875e-02,9.108165e-04,5.240548e-03,2.911766e-02,3.267594e-02,1.770211e-02,7.209168e-01,2.891663e-02,6.565163e-03,1.891068e-03
8.946507e-02,4.320690e-03,1.090049e-02,1.001977e-02,2.445557e-02,1.613719e-02,1.015557e-03,6.776290e-02,3.639424e-02,4.944209e-02,2.258157e-02,6.390530e-01,2.226291e-02,4.816526e-03,1.372512e-03
7.570034e-02,4.764120e-03,8.603793e-03,1.196530e-02,2.619269e-02,1.315003e-02,8.020678e-04,7.559763e-02,5.617199e-02,4.189322e-02,2.091881e-02,6.429995e-01,1.676347e-02,3.465376e-03,1.011676e-03
6.153794e-02,8.311827e-03,8.327136e-03,1.629419e-02,6.766622e-02,1.460128e-02,1.043910e-03,1.070882e-01,1.374797e-01,3.415659e-02,2.303763e-02,5.041482e-01,1.307443e-02,2.504154e-03,7.285670e-04
6.581667e-02,9.467879e-03,9.929714e-03,5.314706e-02,7.239769e-02,1.286641e-02,9.827577e-04,2.142714e-01,1.027622e-01,2.854578e-02,4.967084e-02,3.677113e-01,9.933362e-03,1.970465e-03,5.263773e-04
7.048140e-02,9.325992e-03,1.403907e-02,7.291155e-02,7.098583e-02,1.190985e-02,1.343784e-03,2.936456e-01,7.593905e-02,2.489192e-02,6.486786e-02,2.800581e-01,7.538116e-03,1.662141e-03,3.997077e-04
6.048715e-02,6.986290e-03,2.174294e-02,1.283540e-01,6.273521e-02,9.003467e-03,2.393311e-03,3.676505e-01,5.507120e-02,2.071108e-02,5.594229e-02,2.018163e-01,5.540906e-03,1.266210e-03,2.991402e-04
6.125017e-02,5.984793e-03,1.957473e-02,1.598593e-01,1.167700e-01,8.312773e-03,2.841639e-03,2.948493e-01,4.175865e-02,1.730721e-02,1.191375e-01,1.467981e-01,4.225331e-03,1.094290e-03,2.361876e-04
