1.000000e+00,0.000000e+00,0.000000e+00,0.000000e+00,0.000000e+00,0.000000e+00,0.000000e+00,0.000000e+00,0.000000e+00,0.000000e+00,0.000000e+00,0.000000e+00,0.000000e+00,0.000000e+00,0.000000e+00
1.000000e+00,0.000000e+00,0.000000e+00,0.000000e+00,0.000000e+00,0.000000e+00,0.000000e+00,0.000000e+00,0.000000e+00,0.000000e+00,0.000000e+00,0.000000e+00,0.000000e+00,0.000000e+00,0.000000e+00
1.000000e+00,0.000000e+00,0.000000e+00,0.000000e+00,0.000000e+00,0.000000e+00,0.000000e+00,0.000000e+00,0.000000e+00,0.000000e+00,0.000000e+00,0.000000e+00,0.000000e+00,0.000000e+00,0.000000e+00
1.000000e+00,0.000000e+00,0.000000e+00,0.000000e+00,0.000000e+00,0.000000e+00,0.000000e+00,0.000000e+00,0.000000e+00,0.000000e+00,0.000000e+00,0.000000e+00,0.000000e+00,0.000000e+00,0.000000e+00
1.000000e+00,0.000000e+00,0.000000e+00,0.000000e+00,0.000000e+00,0.000000e+00,0.000000e+00,0.000000e+00,0.000000e+00,0.000000e+00,0.000000e+00,0.000000e+00,0.000000e+00,0.000000e+00,0.000000e+00
1.000000e+00,0.000000e+00,0.000000e+00,0.000000e+00,0.000000e+00,0.000000e+00,0.000000e+00,0.000000e+00,0.000000e+00,0.000000e+00,0.000000e+00,0.000000e+00,0.000000e+00,0.000000e+00,0.000000e+00
1.000000e+00,0.000000e+00,0.000000e+00,0.000000e+00,0.000000e+00,0.000000e+00,0.000000e+00,0.000000e+00,0.000000e+00,0.000000e+00,0.000000e+00,0.000000e+00,0.000000e+00,0.000000e+00,0.000000e+00
1.000000e+00,0.000000e+00,0.000000e+00,0.000000e+00,0.000000e+00,0.000000e+00,0.000000e+00,0.000000e+00,0.000000e+00,0.000000e+00,0.000000e+00,0.000000e+00,0.000000e+00,0.000000e+00,0.000000e+00
1.000000e+00,0.000000e+00,0.000000e+00,0.000000e+00,0.000000e+00,0.000000e+00,0.000000e+00,0.000000e+00,0.000000e+00,0.000000e+00,0.000000e+00,0.000000e+00,0.000000e+00,0.000000e+00,0.000000e+00
1.000000e+00,0.000000e+00,0.000000e+00,0.000000e+00,0.000000e+00,0.000000e+00,0.000000e+00,0.000000e+00,0.000000e+00,0.000000e+00,0.000000e+00,0.000000e+00,0.000000e+00,0.000000e+00,0.000000e+00
1.000000e+00,0.000000e+00,0.000000e+00,0.000000e+00,0.000000e+00,0.000000e+00,0.000000e+00,0.000000e+00,0.000000e+00,0.000000e+00,0.000000e+00,0.000000e+00,0.000000e+00,0.000000e+00,0.000000e+00
1.000000e+00,0.000000e+00,0.000000e+00,0.000000e+00,0.000000e+00,0.000000e+00,0.000000e+00,0.000000e+00,0.000000e+00,0.000000e+00,0.000000e+00,0.000000e+00,0.000000e+00,0.000000e+00,0.000000e+00
1.000000e+00,0.000000e+00,0.000000e+00,0.000000e+00,0.000000e+00,0.000000e+00,0.000000e+00,0.000000e+00,0.000000e+00,0.000000e+00,0.000000e+00,0.000000e+00,0.000000e+00,0.000000e+00,0.000000e+00
1.000000e+00,0.000000e+00,0.000000e+00,0.000000e+00,0.000000e+00,0.000000e+00,0.000000e+00,0.000000e+00,0.000000e+00,0.000000e+00,0.000000e+00,0.000000e+00,0.000000e+00,0.000000e+00,0.000000e+00
1.000000e+00,0.000000e+00,0.000000e+00,0.000000e+00,0.000000e+00,0.000000e+00,0.000000e+00,0.000000e+00,0.000000e+00,0.000000e+00,0.000000e+00,0.000000e+00,0.000000e+00,0.000000e+00,0.000000e+00
1.000000e+00,0.000000e+00,0.000000e+00,0.000000e+00,0.000000e+00,0.000000e+00,0.000000e+00,0.000000e+00,0.000000e+00,0.000000e+00,0.000000e+00,0.000000e+00,0.000000e+00,0.000000e+00,0.000000e+00
1.000000e+00,0.000000e+00,0.000000e+00,0.000000e+00,0.000000e+00,0.000000e+00,0.000000e+00,0.000000e+00,0.000000e+00,0.000000e+00,0.000000e+00,0.000000e+00,0.000000e+00,0.000000e+00,0.000000e+00
1.000000e+00,0.000000e+00,0.000000e+00,0.000000e+00,0.000000e+00,0.000000e+00,0.000000e+00,0.000000e+00,0.000000e+00,0.000000e+00,0.000000e+00,0.000000e+00,0.000000e+00,0.000000e+00,0.000000e+00
1.000000e+00,0.000000e+00,0.000000e+00,0.000000e+00,0.000000e+00,0.000000e+00,0.000000e+00,0.000000e+00,0.000000e+00,0.000000e+00,0.000000e+00,0.000000e+00,0.000000e+00,0.000000e+00,0.000000e+00
1.000000e+00,0.000000e+00,0.000000e+00,0.000000e+00,0.000000e+00,0.000000e+00,0.000000e+00,0.000000e+00,0.000000e+00,0.000000e+00,0.000000e+00,0.000000e+00,0.000000e+00,0.000000e+00,0.000000e+00
1.000000e+00,0.000000e+00,0.000000e+00,0.000000e+00,0.000000e+00,0.000000e+00,0.000000e+00,0.000000e+00,0.000000e+00,0.000000e+00,0.000000e+00,0.000000e+00,0.000000e+00,0.000000e+00,0.000000e+00
1.000000e+00,0.000000e+00,0.000000e+00,0.000000e+00,0.000000e+00,0.000000e+00,0.000000e+00,0.000000e+00,0.000000e+00,0.000000e+00,0.000000e+00,0.000000e+00,0.000000e+00,0.000000e+00,0.000000e+00
1.000000e+00,0.000000e+00,0.000000e+00,0.000000e+00,0.000000e+00,0.000000e+00,0.000000e+00,0.000000e+00,0.000000e+00,0.000000e+00,0.000000e+00,0.000000e+00,0.000000e+00,0.000000e+00,0.000000e+00
1.000000e+00,0.000000e+00,0.000000e+00,0.000000e+00,0.000000e+00,0.000000e+00,0.000000e+00,0.000000e+00,0.000000e+00,0.000000e+00,0.000000e+00,0.000000e+00,0.000000e+00,0.000000e+00,0.000000e+00
1.000000e+00,0.000000e+00,0.000000e+00,0.000000e+00,0.000000e+00,0.000000e+00,0.000000e+00,0.000000e+00,0.000000e+00,0.000000e+00,0.000000e+00,0.000000e+00,0.000000e+00,0.000000e+00,0.000000e+00
1.000000e+00,0.000000e+00,0.000000e+00,0.000000e+00,0.000000e+00,0.000000e+00,0.000000e+00,0.000000e+00,0.000000e+00,0.000000e+00,0.000000e+00,0.000000e+00,0.000000e+00,0.000000e+00,0.000000e+00
4.677519e-01,4.223029e-02,3.547822e-02,1.300240e-01,1.695576e-02,2.812808e-02,8.477258e-03,2.792690e-02,3.348235e-02,3.697210e-03,5.939733e-02,6.904419e-02,2.246788e-02,1.211360e-02,4.282507e-02
1.000000e+00,0.000000e+00,0.000000e+00,0.000000e+00,0.000000e+00,0.000000e+00,0.000000e+00,0.000000e+00,0.000000e+00,0.000000e+00,0.000000e+00,0.000000e+00,0.000000e+00,0.000000e+00,0.000000e+00
4.322803e-01,4.756441e-02,3.969077e-02,1.531573e-01,1.690278e-02,2.629109e-02,7.479956e-03,2.692124e-02,4.102907e-02,3.899669e-03,5.658533e-02,6.162681e-02,2.145649e-02,1.341251e-02,5.170229e-02
4.430862e-01,5.273658e-02,3.857906e-02,1.480372e-01,1.732769e-02,2.413302e-02,7.065521e-03,2.346736e-02,4.102683e-02,3.814627e-03,5.402567e-02,5.568847e-02,2.183828e-02,1.618436e-02,5.298903e-02
1.000000e+00,0.000000e+00,0.000000e+00,0.000000e+00,0.000000e+00,0.000000e+00,0.000000e+00,0.000000e+00,0.000000e+00,0.000000e+00,0.000000e+00,0.000000e+00,0.000000e+00,0.000000e+00,0.000000e+00
1.000000e+00,0.000000e+00,0.000000e+00,0.000000e+00,0.000000e+00,0.000000e+00,0.000000e+00,0.000000e+00,0.000000e+00,0.000000e+00,0.000000e+00,0.000000e+00,0.000000e+00,0.000000e+00,0.000000e+00
4.546301e-01,8.177805e-02,4.041341e-02,1.716690e-01,2.015652e-02,2.271903e-02,7.724943e-03,2.404528e-02,2.278504e-02,3.314536e-03,3.240293e-02,3.851430e-02,2.071022e-02,1.148185e-02,4.765476e-02
4.901957e-01,7.557278e-02,3.412454e-02,1.593614e-01,1.961485e-02,2.298613e-02,7.911514e-03,2.111485e-02,2.279328e-02,3.297232e-03,2.790219e-02,3.813680e-02,2.267162e-02,9.940226e-03,4.437684e-02
1.000000e+00,0.000000e+00,0.000000e+00,0.000000e+00,0.000000e+00,0.000000e+00,0.000000e+00,0.000000e+00,0.000000e+00,0.000000e+00,0.000000e+00,0.000000e+00,0.000000e+00,0.000000e+00,0.000000e+00
1.000000e+00,0.000000e+00,0.000000e+00,0.000000e+00,0.000000e+00,0.000000e+00,0.000000e+00,0.000000e+00,0.000000e+00,0.000000e+00,0.000000e+00,0.000000e+00,0.000000e+00,0.000000e+00,0.000000e+00
1.000000e+00,0.000000e+00,0.000000e+00,0.000000e+00,0.000000e+00,0.000000e+00,0.000000e+00,0.000000e+00,0.000000e+00,0.000000e+00,0.000000e+00,0.000000e+00,0.000000e+00,0.000000e+00,0.000000e+00
1.000000e+00,0.000000e+00,0.000000e+00,0.000000e+00,0.000000e+00,0.000000e+00,0.000000e+00,0.000000e+00,0.000000e+00,0.000000e+00,0.000000e+00,0.000000e+00,0.000000e+00,0.000000e+00,0.000000e+00
1.000000e+00,0.000000e+00,0.000000e+00,0.000000e+00,0.000000e+00,0.000000e+00,0.000000e+00,0.000000e+00,0.000000e+00,0.000000e+00,0.000000e+00,0.000000e+00,0.000000e+00,0.000000e+00,0.000000e+00
1.000000e+00,0.000000e+00,0.000000e+00,0.000000e+00,0.000000e+00,0.000000e+00,0.000000e+00,0.000000e+00,0.000000e+00,0.000000e+00,0.000000e+00,0.000000e+00,0.000000e+00,0.000000e+00,0.000000e+00
1.000000e+00,0.000000e+00,0.000000e+00,0.000000e+00,0.000000e+00,0.000000e+00,0.000000e+00,0.000000e+00,0.000000e+00,0.000000e+00,0.000000e+00,0.000000e+00,0.000000e+00,0.000000e+00,0.000000e+00
1.000000e+00,0.000000e+00,0.000000e+00,0.000000e+00,0.000000e+00,0.000000e+00,0.000000e+00,0.000000e+00,0.000000e+00,0.000000e+00,0.000000e+00,0.000000e+00,0.000000e+00,0.000000e+00,0.000000e+00
1.000000e+00,0.000000e+00,0.000000e+00,0.000000e+00,0.000000e+00,0.000000e+00,0.000000e+00,0.000000e+00,0.000000e+00,0.000000e+00,0.000000e+00,0.000000e+00,0.000000e+00,0.000000e+00,0.000000e+00
1.000000e+00,0.000000e+00,0.000000e+00,0.000000e+00,0.000000e+00,0.000000e+00,0.000000e+00,0.000000e+00,0.000000e+00,0.000000e+00,0.000000e+00,0.000000e+00,0.000000e+00,0.000000e+00,0.000000e+00
1.000000e+00,0.000000e+00,0.000000e+00,0.000000e+00,0.000000e+00,0.000000e+00,0.000000e+00,0.000000e+00,0.000000e+00,0.000000e+00,0.000000e+00,0.000000e+00,0.000000e+00,0.000000e+00,0.000000e+00
1.000000e+00,0.000000e+00,0.000000e+00,0.000000e+00,0.000000e+00,0.000000e+00,0.000000e+00,0.000000e+00,0.000000e+00,0.000000e+00,0.000000e+00,0.000000e+00,0.000000e+00,0.000000e+00,0.000000e+00
1.000000e+00,0.000000e+00,0.000000e+00,0.000000e+00,0.000000e+00,0.000000e+00,0.000000e+00,0.000000e+00,0.000000e+00,0.000000e+00,0.000000e+00,0.000000e+00,0.000000e+00,0.000000e+00,0.000000e+00
4.395782e-01,1.924198e-02,8.902283e-03,1.147096e-01,7.929593e-03,3.132079e-02,3.818391e-03,4.770038e-03,3.248512e-02,5.356544e-02,1.039875e-01,6.242152e-02,5.355183e-02,5.448872e-03,5.826893e-02
3.142556e-01,1.689266e-02,1.020377e-02,2.250545e-01,7.541257e-03,2.439035e-02,4.279762e-03,3.980293e-03,6.103672e-02,6.005710e-02,1.047613e-01,5.962866e-02,4.700805e-02,4.634373e-03,5.627569e-02
2.202806e-01,1.226698e-02,7.195333e-03,1.651077e-01,9.916376e-03,1.746819e-02,3.156817e-03,2.878742e-03,2.253580e-01,8.054017e-02,1.071594e-01,5.484860e-02,4.469010e-02,3.673518e-03,4.545951e-02
1.576621e-01,1.406701e-02,5.473479e-03,1.480165e-01,1.040475e-02,1.752524e-02,2.639270e-03,2.259542e-03,3.483268e-01,9.097829e-02,8.541038e-02,4.187408e-02,3.880669e-02,2.746260e-03,3.380968e-02
1.148137e-01,1.716581e-02,4.205563e-03,1.298121e-01,1.083021e-02,2.718029e-02,1.981613e-03,1.783770e-03,4.444730e-01,7.808372e-02,7.110066e-02,3.439434e-02,3.584288e-02,2.191724e-03,2.614066e-02
8.347002e-02,3.273976e-02,3.344873e-03,1.267683e-01,8.435347e-03,2.902218e-02,1.451035e-03,1.640415e-03,4.205787e-01,8.472408e-02,8.787171e-02,4.287334e-02,5.020213e-02,3.455908e-03,2.342231e-02
6.019646e-02,3.154510e-02,2.460760e-03,9.679036e-02,6.434022e-03,2.430885e-02,1.064560e-03,1.401100e-03,4.606216e-01,6.549236e-02,9.365523e-02,6.178163e-02,7.152236e-02,3.291151e-03,1.943449e-02
4.504243e-02,2.799660e-02,4.429013e-03,7.083012e-02,6.580316e-03,2.258933e-02,1.218616e-03,1.140515e-02,5.187451e-01,4.808739e-02,8.922799e-02,6.544600e-02,6.988439e-02,2.778027e-03,1.573958e-02
3.347490e-02,2.407343e-02,3.286003e-03,5.077643e-02,5.495450e-03,1.661715e-02,9.152237e-04,8.395548e-03,6.505841e-01,3.383561e-02,6.340306e-02,4.645825e-02,4.936231e-02,1.982629e-03,1.133990e-02
2.454716e-02,1.858727e-02,2.904505e-03,3.863941e-02,5.336262e-03,1.674405e-02,7.419211e-04,7.847159e-03,7.384716e-01,2.398944e-02,4.492342e-02,3.281395e-02,3.492159e-02,1.418473e-03,8.113823e-03
2.090679e-02,1.636899e-02,2.215051e-03,2.860941e-02,9.132219e-03,1.265267e-02,6.844128e-04,5.718334e-03,7.996538e-01,1.725755e-02,3.195032e-02,2.315272e-02,2.477698e-02,1.007761e-03,5.913087e-03
1.769169e-02,1.524572e-02,1.701656e-03,2.184055e-02,1.054257e-02,1.444758e-02,6.266863e-04,4.148914e-03,8.390113e-01,1.260570e-02,2.291718e-02,1.635871e-02,1.759032e-02,7.339589e-04,4.537526e-03
2.002621e-02,1.540465e-02,1.334956e-03,2.342245e-02,1.496342e-02,1.326468e-02,6.651687e-04,3.272210e-03,8.530002e-01,9.264754e-03,1.667137e-02,1.170246e-02,1.271025e-02,5.769352e-04,3.720398e-03
1.660721e-02,1.275389e-02,2.384054e-03,1.090912e-01,1.561104e-02,1.174957e-02,6.468056e-04,6.308900e-03,7.803412e-01,8.021642e-03,1.343353e-02,8.918057e-03,1.008896e-02,5.592088e-04,3.484733e-03
1.730989e-02,1.124514e-02,3.900152e-03,1.170834e-01,2.017319e-02,1.074481e-02,9.857246e-04,6.059848e-03,7.710946e-01,7.527458e-03,1.200661e-02,7.908856e-03,9.179251e-03,6.687209e-04,4.112442e-03
1.405989e-02,9.784875e-03,5.104094e-03,2.906620e-01,2.109510e-02,7.763370e-03,7.162613e-04,8.556638e-03,6.015965e-01,7.230395e-03,1.528223e-02,5.948133e-03,7.736787e-03,5.812346e-04,3.882539e-03
1.876651e-02,1.028862e-02,5.243715e-03,3.036500e-01,2.775831e-02,5.899546e-03,6.471564e-04,1.371079e-02,5.570054e-01,6.174017e-03,3.436707e-02,4.684262e-03,6.266022e-03,5.890286e-04,4.949681e-03
1.454109e-02,9.213692e-03,9.783247e-03,3.081459e-01,2.239921e-02,4.339238e-03,5.048206e-04,3.527982e-02,5.462062e-01,5.411834e-03,3.129412e-02,3.649594e-03,4.961459e-03,4.867364e-04,3.783110e-03
1.320174e-02,1.647135e-02,2.626527e-02,2.747402e-01,1.736367e-02,3.666434e-03,3.967408e-04,3.128693e-02,5.671595e-01,5.100694e-03,3.255666e-02,2.934144e-03,4.338662e-03,6.919837e-04,3.826031e-03
1.370010e-02,4.476486e-02,3.028088e-02,2.427852e-01,1.597306e-02,3.501786e-03,4.389574e-04,3.707892e-02,5.622207e-01,7.303057e-03,2.725225e-02,2.713779e-03,4.838874e-03,6.912902e-04,6.456343e-03
1.809003e-02,5.601557e-02,2.292014e-02,1.827697e-01,1.561144e-02,4.466221e-03,6.147987e-04,3.089947e-02,6.195701e-01,6.255689e-03,2.299450e-02,3.216898e-03,6.970179e-03,8.002437e-04,8.804940e-03
1.367165e-02,4.878043e-02,1.645870e-02,1.422581e-01,1.183071e-02,3.647512e-03,5.859148e-04,2.270830e-02,6.839892e-01,5.051197e-03,1.990698e-02,6.147763e-03,1.265999e-02,9.465853e-04,1.135705e-02
1.089000e-02,3.639045e-02,1.202458e-02,1.013483e-01,8.661889e-03,3.254300e-03,4.180677e-04,1.600230e-02,6.253684e-01,6.622391e-03,8.954567e-02,6.316897e-03,1.891741e-02,3.911477e-02,2.512457e-02
1.374367e-02,3.409005e-02,1.570577e-02,7.968815e-02,7.403771e-03,4.803774e-03,4.469441e-04,1.209121e-02,4.896768e-01,2.436530e-02,1.445881e-01,1.075816e-02,4.028075e-02,9.335924e-02,2.899839e-02
1.096699e-02,2.809118e-02,1.288829e-02,8.024498e-02,5.935880e-03,4.799810e-03,6.173013e-04,9.186649e-03,4.015796e-01,3.210347e-02,1.793155e-01,3.778569e-02,6.433804e-02,9.063533e-02,4.151133e-02
1.145251e-02,2.195195e-02,1.501335e-02,8.100685e-02,1.852454e-02,4.205951e-03,1.368376e-03,7.700466e-03,3.080668e-01,3.209199e-02,1.977071e-01,3.353376e-02,7.211081e-02,9.701109e-02,9.825445e-02
1.113493e-02,1.683846e-02,1.322645e-02,6.254092e-02,6.037141e-02,3.533589e-03,1.803129e-03,5.888144e-03,2.402230e-01,3.059220e-02,2.266142e-01,3.538632e-02,7.465740e-02,1.092443e-01,1.079456e-01
1.113589e-02,1.342465e-02,1.735120e-02,8.513498e-02,7.249497e-02,4.587541e-03,1.841696e-03,4.828077e-03,1.816365e-01,5.660119e-02,2.501442e-01,3.297285e-02,6.311607e-02,1.103128e-01,9.441733e-02
8.507034e-03,1.039087e-02,1.936377e-02,6.376944e-02,5.345119e-02,3.747098e-03,1.533706e-03,3.705177e-03,1.325093e-01,1.606476e-01,2.829655e-01,4.080281e-02,5.111915e-02,9.765261e-02,6.983472e-02
6.572953e-03,8.213760e-03,1.701465e-02,4.589710e-02,3.903054e-02,3.178183e-03,1.428857e-03,2.787241e-03,9.901348e-02,1.967810e-01,3.430825e-01,5.184841e-02,4.200018e-02,9.032303e-02,5.282812e-02
5.064388e-03,6.402026e-03,1.276824e-02,3.237621e-02,2.761745e-02,2.928127e-03,1.023628e-03,2.059657e-03,7.123699e-02,1.810042e-01,4.382113e-01,6.669157e-02,3.249122e-02,7.871152e-02,4.141340e-02
3.994152e-03,5.134550e-03,9.470569e-03,2.283869e-02,1.960474e-02,2.589541e-03,7.384372e-04,1.590957e-03,5.238540e-02,1.628793e-01,5.047641e-01,9.003574e-02,2.500447e-02,6.682558e-02,3.214373e-02
3.440087e-03,4.403766e-03,6.827958e-03,1.610785e-02,1.400655e-02,2.087283e-03,5.757810e-04,1.252706e-03,4.220288e-02,1.737173e-01,5.054051e-01,1.147159e-01,1.878396e-02,7.112151e-02,2.535138e-02
3.564197e-03,3.761227e-03,4.936678e-03,1.131737e-02,1.016526e-02,1.984795e-03,4.431043e-04,9.949949e-04,3.216008e-02,2.102984e-01,4.528064e-01,1.511953e-01,1.399716e-02,8.278523e-02,1.958980e-02
4.225761e-03,2.850714e-03,3.549629e-03,7.965575e-03,7.537411e-03,2.029873e-03,3.683305e-04,8.405981e-04,2.413095e-02,2.441681e-01,3.940126e-01,2.082504e-01,1.068632e-02,7.422800e-02,1.515577e-02
9.659275e-03,2.427358e-03,2.635460e-03,5.618098e-03,5.488971e-03,2.537838e-03,2.971200e-04,9.577970e-04,1.810394e-02,3.048743e-01,3.245662e-01,2.363854e-01,8.163285e-03,6.740250e-02,1.088251e-02
2.021238e-02,2.259054e-03,2.130957e-03,3.975667e-03,4.019297e-03,3.115091e-03,2.289942e-04,1.200865e-03,1.377900e-02,3.316180e-01,2.725644e-01,2.644513e-01,6.286312e-03,6.631200e-02,7.846742e-03
2.849060e-02,2.203126e-03,1.826583e-03,2.841930e-03,2.987937e-03,3.930946e-03,1.780103e-04,1.354913e-03,1.056706e-02,2.871288e-01,3.286111e-01,2.597776e-01,4.982922e-03,5.929054e-02,5.827932e-03
7.281262e-02,2.548762e-03,3.077482e-03,2.371460e-03,2.528136e-03,1.236635e-02,1.800672e-04,2.342477e-03,8.150421e-03,2.544401e-01,3.413634e-01,2.343923e-01,4.869829e-03,5.327277e-02,5.283725e-03
1.219243e-01,2.754836e-03,9.261379e-03,2.142225e-03,2.570190e-03,1.827209e-02,2.382235e-04,3.508873e-03,6.388762e-03,2.499702e-01,3.169386e-01,2.108969e-01,5.352447e-03,4.490118e-02,4.879899e-03
1.501234e-01,4.385974e-03,1.064950e-02,1.923073e-03,3.722312e-03,1.823661e-02,2.645513e-04,3.524377e-03,5.155935e-03,2.715605e-01,3.040419e-01,1.697970e-01,6.226124e-03,4.411026e-02,6.278570e-03
1.638167e-01,5.162927e-03,9.275737e-03,1.699637e-03,4.595911e-03,1.752491e-02,2.964010e-04,3.402534e-03,4.342057e-03,2.595639e-01,3.422639e-01,1.316098e-01,6.409644e-03,4.331237e-02,6.723664e-03
1.416444e-01,4.717988e-03,7.318758e-03,1.366022e-03,6.141363e-03,1.532347e-02,4.878578e-04,3.264960e-03,3.630007e-03,1.932836e-01,4.563451e-01,1.177352e-01,5.427691e-03,3.790925e-02,5.404409e-03
1.279851e-01,7.481371e-03,9.542998e-03,1.041032e-03,5.641167e-03,2.164409e-02,8.507338e-04,3.967362e-03,3.043170e-03,1.399877e-01,5.171776e-01,1.107562e-01,4.648223e-03,3.931966e-02,6.913710e-03
1.084871e-01,5.812597e-03,7.743527e-03,7.481547e-04,4.428994e-03,2.577787e-02,8.722288e-04,3.571234e-03,2.301397e-03,1.027978e-01,5.921214e-01,9.743602e-02,4.180129e-03,3.831972e-02,5.401802e-03
9.850881e-02,5.014443e-03,5.968950e-03,5.757457e-04,3.579800e-03,2.212983e-02,7.459426e-04,2.767780e-03,1.816883e-03,7.422023e-02,6.618353e-01,8.283381e-02,3.673909e-03,3.158983e-02,4.738756e-03
9.055488e-02,5.812157e-03,4.937978e-03,5.347284e-04,3.479295e-03,2.033595e-02,7.525214e-04,2.329421e-03,1.448680e-03,5.419017e-02,7.108573e-01,7.131683e-02,3.240885e-03,2.518984e-02,5.019406e-03
8.411160e-02,1.037065e-02,2.157988e-02,8.069256e-04,2.602815e-02,2.246352e-02,1.771944e-03,2.880587e-03,1.687053e-03,4.921227e-02,6.541026e-01,8.867074e-02,3.155737e-03,2.525767e-02,7.900736e-03
6.892913e-02,8.743349e-03,1.648092e-02,6.763006e-04,3.276611e-02,2.232742e-02,3.165522e-03,2.583461e-03,1.618666e-03,4.115069e-02,6.768923e-01,9.163690e-02,3.050769e-03,2.292483e-02,7.053611e-03
5.845053e-02,7.398175e-03,1.278543e-02,5.543019e-04,2.740749e-02,2.044698e-02,4.879777e-03,2.181696e-03,1.643475e-03,4.364048e-02,6.910969e-01,1.004547e-01,3.084448e-03,1.923743e-02,6.738263e-03
4.943257e-02,7.560315e-03,1.180653e-02,4.777144e-04,2.252505e-02,1.593305e-02,4.290344e-03,1.887920e-03,1.924769e-03,1.640179e-01,5.859596e-01,1.060381e-01,3.243774e-03,1.707539e-02,7.827089e-03
3.873787e-02,8.164550e-03,1.298810e-02,4.128673e-04,1.874210e-02,1.337188e-02,4.790764e-03,1.711242e-03,2.112040e-03,2.616196e-01,5.140186e-01,9.816597e-02,2.993822e-03,1.421140e-02,7.959262e-03
2.881545e-02,6.958305e-03,1.388473e-02,3.479552e-04,1.579303e-02,1.592443e-02,8.384420e-03,2.117013e-03,2.287270e-03,2.720696e-01,5.131950e-01,9.953158e-02,2.747973e-03,1.136046e-02,6.582808e-03
2.088962e-02,5.553146e-03,1.155854e-02,2.645341e-04,1.162382e-02,1.668598e-02,7.542736e-03,1.636741e-03,1.912588e-03,3.522241e-01,4.761169e-01,7.687723e-02,2.267855e-03,8.457639e-03,6.388638e-03
1.517773e-02,5.113731e-03,1.064324e-02,2.634532e-04,8.977395e-03,1.594807e-02,1.046745e-02,2.137038e-03,1.908763e-03,4.617961e-01,3.943751e-01,5.991966e-02,1.903802e-03,6.071206e-03,5.297256e-03
1.109206e-02,1.178122e-02,1.143937e-02,2.443529e-04,8.373491e-03,1.701789e-02,1.027674e-02,4.863094e-03,3.514189e-03,5.221956e-01,3.446186e-01,4.312854e-02,1.806487e-03,4.418247e-03,5.230108e-03
8.560086e-03,3.103220e-02,1.081168e-02,3.877761e-04,1.310839e-02,1.641089e-02,1.084466e-02,2.343579e-02,2.224610e-02,5.638822e-01,2.592167e-01,3.109761e-02,1.546314e-03,3.221561e-03,4.197994e-03
7.051938e-03,5.762953e-02,9.691539e-03,5.096910e-04,2.042579e-02,1.776518e-02,1.046573e-02,5.159144e-02,5.599921e-02,5.467511e-01,1.926895e-01,2.231845e-02,1.418614e-03,2.404597e-03,3.287612e-03
5.916403e-03,9.977876e-02,7.321037e-03,7.711414e-04,2.181140e-02,1.725524e-02,7.719197e-03,5.615926e-02,2.128508e-01,4.098953e-01,1.386565e-01,1.590582e-02,1.542491e-03,1.732030e-03,2.684578e-03
5.414812e-03,1.104635e-01,1.107377e-02,2.188014e-03,2.738175e-02,1.386315e-02,7.199594e-03,1.946946e-01,2.099555e-01,3.005147e-01,1.003466e-01,1.141765e-02,1.957919e-03,1.252811e-03,2.275660e-03
6.744573e-03,1.666533e-01,1.043458e-02,2.445484e-03,3.962864e-02,1.755159e-02,5.815055e-03,1.471697e-01,2.953824e-01,2.213407e-01,7.273760e-02,8.195512e-03,1.701817e-03,9.893604e-04,3.209771e-03
9.266399e-03,1.599146e-01,8.775759e-03,4.687505e-03,5.594266e-02,1.885721e-02,5.110201e-03,1.154992e-01,3.928158e-01,1.585928e-01,5.303919e-02,6.948625e-03,5.896680e-03,7.703433e-04,3.882960e-03
1.002051e-02,1.336348e-01,7.181509e-03,7.626098e-03,5.055897e-02,3.744079e-02,3.940287e-03,8.463344e-02,3.308007e-01,1.150525e-01,4.175952e-02,4.292115e-02,1.139972e-01,1.003755e-03,1.942877e-02
8.064039e-03,9.536214e-02,5.187616e-03,7.837164e-03,3.694938e-02,3.480940e-02,3.026852e-03,7.077183e-02,2.647557e-01,8.326491e-02,4.283291e-02,1.327972e-01,1.970073e-01,1.325733e-03,1.600779e-02
6.390078e-03,6.874884e-02,4.055789e-03,7.391240e-03,2.646245e-02,2.752022e-02,2.260157e-03,5.778801e-02,2.097982e-01,6.051688e-02,7.217818e-02,1.714644e-01,2.704729e-01,1.649162e-03,1.330345e-02
5.111570e-03,5.083722e-02,3.306667e-03,6.464152e-03,1.931834e-02,2.267484e-02,1.667485e-03,4.277457e-02,2.991021e-01,4.321704e-02,1.010153e-01,1.514908e-01,2.416257e-01,1.304308e-03,1.008993e-02
4.881265e-03,3.769066e-02,3.412400e-03,6.295073e-03,1.436001e-02,1.930890e-02,1.365648e-03,4.713684e-02,3.556381e-01,3.103228e-02,1.166443e-01,1.299088e-01,2.228698e-01,1.198956e-03,8.256953e-03
5.362393e-03,3.120112e-02,3.002235e-03,7.860219e-03,1.140808e-02,1.984303e-02,1.109462e-03,3.839198e-02,4.697958e-01,2.340289e-02,1.127862e-01,9.862831e-02,1.655552e-01,1.298877e-03,1.035424e-02
5.166985e-03,2.822453e-02,2.300731e-03,1.175992e-02,9.827343e-03,2.062445e-02,8.974855e-04,3.018855e-02,5.564913e-01,1.929857e-02,1.026963e-01,7.569022e-02,1.229776e-01,1.767954e-03,1.208809e-02
5.226286e-03,3.735743e-02,2.071334e-03,1.409371e-02,1.020458e-02,1.868240e-02,7.295479e-04,2.553333e-02,6.015197e-01,1.587853e-02,1.025911e-01,5.656018e-02,9.399696e-02,1.901970e-03,1.365293e-02
5.234653e-03,4.960931e-02,1.828580e-03,1.916784e-02,1.012592e-02,1.624079e-02,5.602863e-04,2.947425e-02,6.382813e-01,1.428600e-02,9.035176e-02,4.167580e-02,6.875237e-02,1.943614e-03,1.246754e-02
6.911459e-03,5.705035e-02,1.721264e-03,2.174037e-02,1.041200e-02,1.324081e-02,4.664315e-04,3.887743e-02,6.625239e-01,1.248029e-02,7.850571e-02,3.091285e-02,5.065635e-02,1.792770e-03,1.270802e-02
7.006639e-03,6.568534e-02,1.365107e-03,1.793495e-02,1.000583e-02,1.071347e-02,3.457170e-04,4.811962e-02,6.995069e-01,9.182856e-03,5.992494e-02,2.207110e-02,3.618596e-02,1.589602e-03,1.036192e-02
6.947291e-03,9.725272e-02,1.090763e-03,1.480491e-02,1.156126e-02,8.624798e-03,2.706702e-04,5.709670e-02,7.016209e-01,6.580127e-03,4.363544e-02,1.558940e-02,2.561951e-02,1.263072e-03,8.042380e-03
6.335108e-03,9.873521e-02,8.631073e-04,1.246029e-02,1.275494e-02,7.046546e-03,2.124011e-04,6.611945e-02,7.237338e-01,4.657227e-03,3.111662e-02,1.099618e-02,1.809020e-02,9.271849e-04,5.951618e-03
6.027326e-03,8.846444e-02,6.571646e-04,1.076104e-02,1.474522e-02,5.730177e-03,1.761429e-04,5.919700e-02,7.634990e-01,3.298481e-03,2.196726e-02,7.749008e-03,1.282853e-02,6.561579e-04,4.243002e-03
6.210592e-03,8.250751e-02,5.090008e-04,1.048854e-02,1.867130e-02,4.833569e-03,1.775190e-04,5.303470e-02,7.874748e-01,2.356971e-03,1.550619e-02,5.479738e-03,9.193781e-03,4.666461e-04,3.089113e-03
6.731330e-03,8.502419e-02,3.999097e-04,1.201764e-02,2.302576e-02,3.990512e-03,2.305924e-04,4.904626e-02,7.932800e-01,1.703971e-03,1.098719e-02,3.918219e-03,7.019650e-03,3.402261e-04,2.284451e-03
9.415476e-03,1.159203e-01,3.397829e-04,1.219138e-02,3.005175e-02,3.682539e-03,3.178896e-04,4.790691e-02,7.560511e-01,1.248267e-03,7.791406e-03,2.794155e-03,1.008556e-02,2.556396e-04,1.947832e-03
1.282333e-02,1.415651e-01,3.111754e-04,1.217996e-02,3.851493e-02,3.387709e-03,4.132296e-04,4.777539e-02,7.198811e-01,9.738186e-04,5.549059e-03,2.006392e-03,1.263796e-02,1.932502e-04,1.787518e-03
1.625941e-02,1.554518e-01,2.698605e-04,1.133508e-02,3.854767e-02,3.950865e-03,4.424365e-04,4.145145e-02,7.047145e-01,7.959214e-04,3.999556e-03,1.473134e-03,1.926646e-02,1.497626e-04,1.891998e-03
1.825299e-02,1.731858e-01,3.045261e-04,1.189961e-02,3.463889e-02,4.339315e-03,4.494558e-04,4.270789e-02,6.806595e-01,7.091923e-04,2.911706e-03,1.092924e-03,2.673346e-02,1.210688e-04,1.993705e-03
1.986497e-02,2.059857e-01,6.141934e-04,1.280607e-02,3.252066e-02,6.898428e-03,4.626072e-04,4.064151e-02,6.454532e-01,8.279576e-04,2.133593e-03,8.317068e-04,2.858849e-02,1.094586e-04,2.261454e-03
2.358763e-02,2.660599e-01,1.514359e-03,1.220301e-02,3.254229e-02,1.290553e-02,7.196860e-04,4.686972e-02,5.741640e-01,7.681421e-04,1.612996e-03,6.187645e-04,2.338057e-02,1.346370e-04,2.918707e-03
2.680583e-02,3.145584e-01,1.897000e-03,1.188867e-02,3.657017e-02,1.522118e-02,9.784752e-04,4.972476e-02,5.186589e-01,6.694691e-04,1.203003e-03,4.596137e-04,1.781788e-02,1.351417e-04,3.411407e-03
2.792789e-02,4.472978e-01,1.675175e-03,1.095609e-02,2.912982e-02,1.258104e-02,7.832741e-04,5.278512e-02,3.959647e-01,6.009436e-04,9.232287e-04,3.623951e-04,1.501012e-02,1.325607e-04,3.869685e-03
2.975701e-02,5.334460e-01,1.441848e-03,1.046825e-02,2.276929e-02,1.010807e-02,7.104586e-04,4.877298e-02,3.168186e-01,5.546380e-04,7.998019e-04,3.336756e-04,1.919576e-02,1.561426e-04,4.667522e-03
2.841661e-02,5.395011e-01,1.145212e-03,1.119391e-02,1.780361e-02,8.132668e-03,6.954152e-04,3.756127e-02,3.068415e-01,7.737258e-04,8.067144e-04,3.671827e-04,3.941555e-02,2.720199e-04,7.073499e-03
2.418019e-02,5.443029e-01,9.687477e-04,9.950951e-03,1.347189e-02,6.464638e-03,6.920142e-04,2.892321e-02,3.080096e-01,8.148344e-04,7.350012e-04,3.780181e-04,5.174338e-02,2.210152e-04,9.143645e-03
2.161177e-02,5.138153e-01,7.661316e-04,8.392289e-03,1.026196e-02,5.084846e-03,7.339974e-04,2.171176e-02,3.270402e-01,6.919273e-04,7.656760e-04,3.782846e-04,7.753769e-02,1.851362e-04,1.102313e-02
1.751997e-02,5.534490e-01,1.650943e-03,2.181325e-02,7.472413e-03,3.978754e-03,5.406471e-04,1.683229e-02,3.049057e-01,2.011561e-03,9.230606e-04,5.100262e-04,5.658164e-02,3.147946e-04,1.149597e-02
1.652575e-02,4.695424e-01,2.618179e-03,3.674870e-02,5.647931e-03,3.532880e-03,4.264353e-04,1.602274e-02,3.762318e-01,1.995294e-03,5.533413e-03,1.545623e-03,4.530609e-02,4.232997e-04,1.789949e-02
1.881832e-02,3.495526e-01,2.569465e-03,2.965411e-02,4.095460e-03,2.897718e-03,3.214145e-04,1.193524e-02,4.060004e-01,2.169920e-03,4.625876e-02,3.984691e-03,4.055536e-02,1.317540e-02,6.801116e-02
1.612807e-02,2.572893e-01,3.817642e-03,2.241467e-02,3.162359e-03,3.108423e-03,2.447727e-04,8.642844e-03,3.175758e-01,9.503349e-03,4.742875e-02,3.578137e-03,3.138695e-02,4.832731e-02,2.273917e-01
1.226897e-02,1.865489e-01,3.861586e-03,1.625769e-02,2.399149e-03,2.942745e-03,1.793217e-04,6.214131e-03,2.357384e-01,1.050536e-02,3.654622e-02,2.754212e-03,2.325712e-02,5.963072e-02,4.008955e-01
9.194789e-03,1.411721e-01,6.799777e-03,1.165042e-02,1.993221e-03,2.698601e-03,1.444493e-04,4.415987e-03,1.799891e-01,1.153109e-02,2.598672e-02,2.008853e-03,1.665979e-02,5.630630e-02,5.294489e-01
7.109157e-03,1.099111e-01,2.943895e-02,8.685116e-03,1.734882e-03,2.834162e-03,1.444997e-04,3.185985e-03,1.435596e-01,2.082776e-02,1.875081e-02,1.520842e-03,1.217956e-02,4.688660e-02,5.932309e-01
1.564795e-02,1.031834e-01,4.089212e-02,6.450217e-03,1.016684e-02,7.213785e-03,4.745194e-04,2.511228e-03,1.090910e-01,1.577269e-02,1.376866e-02,1.128094e-03,9.259527e-03,3.840009e-02,6.260399e-01
1.649413e-02,1.038636e-01,1.648755e-01,1.253933e-02,1.713660e-02,1.155142e-02,1.030172e-03,2.225381e-03,1.026773e-01,1.730438e-02,9.957112e-03,8.482629e-04,7.197515e-03,2.803300e-02,5.042664e-01
1.250652e-02,7.915595e-02,3.765166e-01,2.326891e-02,1.418455e-02,8.934705e-03,8.667264e-04,1.682454e-03,7.361914e-02,1.450649e-02,7.151892e-03,6.171513e-04,5.104110e-03,1.978250e-02,3.621024e-01
1.082810e-02,7.062402e-02,5.211301e-01,2.816527e-02,1.173972e-02,1.101157e-02,7.216199e-04,1.235742e-03,5.301831e-02,1.147662e-02,5.121543e-03,4.407451e-04,3.617314e-03,1.406054e-02,2.568088e-01
1.145991e-02,6.534243e-02,5.993228e-01,2.345754e-02,8.751767e-03,1.129799e-02,5.524275e-04,8.968399e-04,4.520613e-02,1.381397e-02,7.858346e-03,3.716208e-04,2.676933e-03,1.209539e-02,1.968959e-01
9.043930e-03,5.553064e-02,5.967062e-01,1.845027e-02,6.774218e-03,1.667206e-02,5.379260e-04,7.019186e-04,5.173498e-02,1.452375e-02,2.228879e-02,5.386377e-04,2.627330e-03,2.348394e-02,1.803854e-01
6.480477e-03,4.270289e-02,5.651591e-01,1.405904e-02,5.130050e-03,1.815830e-02,4.476891e-04,6.465956e-04,6.108589e-02,2.153323e-02,5.846547e-02,9.196379e-04,2.551943e-03,6.301142e-02,1.396483e-01
4.589387e-03,3.195092e-02,4.054908e-01,1.000275e-02,3.694949e-03,1.411824e-02,3.400613e-04,4.885231e-04,4.684443e-02,4.656014e-02,1.088372e-01,1.076667e-03,2.587625e-03,2.178764e-01,1.055419e-01
3.302101e-03,2.409271e-02,2.848681e-01,7.087209e-03,2.694103e-03,1.058554e-02,2.516699e-04,3.556904e-04,4.391063e-02,1.576274e-01,1.465420e-01,9.464110e-04,2.081951e-03,2.400727e-01,7.558183e-02
2.363686e-03,1.774404e-02,1.997966e-01,5.211451e-03,2.046377e-03,8.017338e-03,1.951228e-04,2.726896e-04,6.465729e-02,2.510506e-01,1.420524e-01,1.439994e-03,3.465392e-03,2.480850e-01,5.360202e-02
1.659153e-03,1.246053e-02,1.398676e-01,3.668835e-03,1.515588e-03,5.656572e-03,1.424184e-04,1.941011e-04,4.859047e-02,1.979270e-01,1.018177e-01,1.367481e-03,4.968764e-03,4.424793e-01,3.768458e-02
1.229166e-03,1.444864e-02,9.832190e-02,3.578114e-03,3.667071e-03,4.891857e-03,2.349358e-04,8.959559e-04,1.442382e-01,1.950717e-01,7.804850e-02,3.052550e-03,7.169671e-03,4.179317e-01,2.722006e-02
9.161293e-04,1.569695e-02,6.904908e-02,3.417431e-03,3.923773e-03,4.031859e-03,2.723418e-04,1.258244e-03,3.105250e-01,1.766807e-01,6.009281e-02,4.262378e-03,6.850923e-03,3.232281e-01,1.979422e-02
7.452187e-04,2.193134e-02,4.863265e-02,1.698600e-02,3.324717e-03,5.778471e-03,2.928667e-04,1.576224e-03,4.383292e-01,1.348193e-01,5.416191e-02,5.929400e-03,9.118725e-03,2.427202e-01,1.565377e-02
1.833973e-03,2.914700e-02,3.439306e-02,1.779283e-02,5.362942e-03,8.157368e-03,4.469116e-04,1.838238e-03,5.177384e-01,1.147743e-01,4.398938e-02,7.696767e-03,9.895763e-03,1.925946e-01,1.433847e-02
3.085043e-03,2.818797e-02,2.553590e-02,4.761354e-02,7.598057e-03,1.142182e-02,4.616767e-04,4.298962e-03,5.854513e-01,8.405302e-02,3.561431e-02,8.161888e-03,9.973370e-03,1.367839e-01,1.175921e-02
5.726024e-03,2.603309e-02,2.855444e-02,1.247382e-01,1.465377e-02,9.423968e-03,6.404635e-04,7.078264e-03,5.635996e-01,6.287120e-02,2.991735e-02,9.763598e-03,1.027289e-02,9.692428e-02,9.802870e-03
3.124818e-02,2.302974e-02,2.288191e-02,1.306440e-01,1.888969e-02,9.271415e-03,6.928772e-04,1.526442e-02,5.459182e-01,4.796330e-02,4.206889e-02,9.367567e-03,1.437863e-02,7.360067e-02,1.478049e-02
3.020411e-02,2.087556e-02,2.255730e-02,1.509964e-01,2.948959e-02,9.960698e-03,1.030738e-03,4.347888e-02,4.901278e-01,3.632970e-02,6.385247e-02,8.631282e-03,2.047160e-02,5.375922e-02,1.823460e-02
6.301026e-02,2.627964e-02,2.854349e-02,1.461717e-01,2.674257e-02,1.160016e-02,1.404917e-03,4.092297e-02,4.168321e-01,2.780961e-02,8.900092e-02,1.182040e-02,3.644232e-02,4.787119e-02,2.554768e-02
1.138888e-01,3.077749e-02,3.002733e-02,1.240426e-01,2.145079e-02,1.256998e-02,1.725802e-03,3.271172e-02,3.527012e-01,2.487872e-02,9.110650e-02,2.367065e-02,5.888075e-02,4.002177e-02,4.154598e-02
1.409474e-01,2.808199e-02,2.421020e-02,9.972464e-02,1.560370e-02,1.346770e-02,1.808303e-03,2.492514e-02,2.962580e-01,2.228925e-02,1.119660e-01,4.919653e-02,1.002825e-01,3.367308e-02,3.756554e-02
1.416169e-01,2.428551e-02,1.887251e-02,8.125925e-02,1.300818e-02,1.159632e-02,1.932866e-03,2.017819e-02,2.603304e-01,2.246642e-02,1.516914e-01,5.009925e-02,1.399258e-01,2.464094e-02,3.809600e-02
1.826777e-01,2.277632e-02,2.477704e-02,5.915509e-02,1.382394e-02,1.080659e-02,1.942453e-03,3.010804e-02,2.213611e-01,2.033980e-02,1.421732e-01,6.003632e-02,1.632975e-01,1.859628e-02,2.812844e-02
1.995718e-01,3.023426e-02,1.868975e-02,4.324317e-02,1.035609e-02,9.918927e-03,1.512913e-03,2.212712e-02,1.808116e-01,2.193443e-02,1.197973e-01,1.533150e-01,1.525228e-01,1.502447e-02,2.094024e-02
2.270531e-01,2.465087e-02,1.374982e-02,3.140903e-02,7.480263e-03,1.175052e-02,1.209297e-03,1.579797e-02,1.318235e-01,2.873355e-02,1.052127e-01,2.565665e-01,1.164642e-01,1.093215e-02,1.716647e-02
2.149834e-01,2.334887e-02,9.949159e-03,2.266203e-02,5.569502e-03,1.063676e-02,1.032552e-03,1.122863e-02,1.028390e-01,7.408039e-02,8.108880e-02,3.263216e-01,9.356643e-02,8.101054e-03,1.459178e-02
1.697966e-01,1.919893e-02,7.616919e-03,1.609687e-02,6.310010e-03,8.112852e-03,1.262521e-03,8.459160e-03,9.817260e-02,1.252562e-01,6.588183e-02,3.708891e-01,8.348782e-02,7.031222e-03,1.242733e-02
1.516659e-01,2.597929e-02,1.280530e-02,1.276427e-02,1.221732e-02,7.267791e-03,1.093310e-03,1.919982e-02,9.312384e-02,9.655175e-02,5.629821e-02,4.201161e-01,7.534450e-02,5.724692e-03,9.847828e-03
1.231344e-01,2.160834e-02,9.365801e-03,9.214181e-03,9.229260e-03,6.450568e-03,8.130961e-04,1.420678e-02,8.441523e-02,7.403052e-02,6.688112e-02,4.983986e-01,7.033178e-02,4.694488e-03,7.225831e-03
1.124187e-01,1.737028e-02,6.803980e-03,7.079548e-03,7.439592e-03,4.917546e-03,6.546362e-04,1.098024e-02,9.918016e-02,5.972917e-02,5.310178e-02,5.596117e-01,5.167657e-02,3.485165e-03,5.550828e-03
7.908597e-02,1.565066e-02,4.774513e-03,4.979915e-03,5.571111e-03,3.525558e-03,4.697140e-04,8.017112e-03,3.603549e-01,4.189568e-02,3.754876e-02,3.950871e-01,3.669175e-02,2.443544e-03,3.903663e-03
5.569287e-02,1.204896e-02,3.386329e-03,3.536849e-03,4.518898e-03,2.525653e-03,3.443773e-04,6.670447e-03,5.460235e-01,2.946401e-02,2.650008e-02,2.788873e-01,2.593013e-02,1.720538e-03,2.750008e-03
4.040153e-02,9.257334e-03,2.452095e-03,3.479730e-03,4.166377e-03,3.806168e-03,2.442100e-04,4.758193e-03,6.705290e-01,2.081774e-02,2.084215e-02,1.970021e-01,1.891303e-02,1.260261e-03,2.070001e-03
3.079342e-02,7.180487e-03,1.752100e-03,2.652649e-03,4.609104e-03,4.221018e-03,1.777698e-04,3.397985e-03,7.577212e-01,1.487276e-02,1.608955e-02,1.397984e-01,1.414883e-02,9.087946e-04,1.675897e-03
2.847260e-02,6.013583e-03,1.498688e-03,3.588847e-03,1.138766e-02,7.505166e-03,1.926109e-04,4.976818e-03,7.867327e-01,1.186476e-02,1.484265e-02,1.054172e-01,1.473510e-02,7.084803e-04,2.063040e-03
4.506156e-02,6.023261e-03,2.175120e-03,5.998058e-03,1.740192e-02,6.540845e-03,3.229780e-04,1.190588e-02,7.865282e-01,9.821357e-03,1.346792e-02,7.949166e-02,1.247739e-02,5.881504e-04,2.195703e-03
4.849800e-02,6.598709e-03,1.982273e-03,6.601259e-03,2.224803e-02,5.271915e-03,5.575307e-04,1.516654e-02,7.993950e-01,8.018460e-03,1.143124e-02,6.107201e-02,1.000916e-02,4.693198e-04,2.680529e-03
4.825684e-02,1.402745e-02,2.080641e-03,7.804314e-03,2.909248e-02,4.467454e-03,6.274713e-04,2.024547e-02,7.860968e-01,1.649745e-02,9.553540e-03,4.579892e-02,7.555491e-03,4.514089e-04,7.444272e-03
5.295267e-02,1.563515e-02,2.350501e-03,1.794435e-02,4.813146e-02,3.965012e-03,8.976235e-04,5.062285e-02,7.063074e-01,2.577245e-02,1.236803e-02,4.333688e-02,8.127287e-03,5.870968e-04,1.100128e-02
5.711193e-02,1.777380e-02,1.872912e-03,1.695881e-02,4.900554e-02,3.442123e-03,8.911692e-04,5.615722e-02,7.016682e-01,2.172590e-02,1.496677e-02,3.836443e-02,7.422826e-03,8.539336e-04,1.178444e-02
5.317898e-02,2.626552e-02,4.516595e-03,2.999902e-02,3.957415e-02,2.901628e-03,8.751883e-04,1.890532e-01,5.633918e-01,1.962470e-02,1.381823e-02,3.873044e-02,7.084941e-03,9.652482e-04,1.002034e-02
5.532621e-02,4.832103e-02,8.561277e-03,8.839989e-02,3.311951e-02,4.041103e-03,8.155269e-04,1.344745e-01,5.004040e-01,1.631090e-02,5.357117e-02,3.794793e-02,7.321182e-03,1.825674e-03,9.560086e-03
1.179467e-01,3.607742e-02,6.357287e-03,8.141316e-02,2.833582e-02,5.146598e-03,6.592550e-04,9.451917e-02,3.999355e-01,1.229243e-02,1.091993e-01,2.980751e-02,1.862630e-02,5.087589e-02,8.807674e-03
8.935438e-02,2.608999e-02,4.544764e-03,6.816452e-02,2.176705e-02,4.764238e-03,4.806843e-04,6.643634e-02,2.947477e-01,1.148751e-02,2.424365e-01,2.881309e-02,4.537597e-02,8.825421e-02,7.283012e-03
6.518485e-02,2.206783e-02,1.123441e-02,5.221750e-02,3.189134e-02,3.883194e-03,3.918717e-04,5.055229e-02,2.687348e-01,8.448010e-03,3.160722e-01,2.317863e-02,6.286880e-02,7.706138e-02,6.212818e-03
4.610607e-02,1.625748e-02,9.064598e-03,3.705539e-02,4.486735e-02,3.036754e-03,2.901548e-04,3.566282e-02,3.558031e-01,6.544893e-03,2.617090e-01,1.732074e-02,4.731984e-02,1.137361e-01,5.225677e-03
3.314860e-02,1.347010e-02,7.988393e-03,2.637416e-02,4.033533e-02,2.905266e-03,2.291377e-04,2.521526e-02,3.724079e-01,4.901060e-03,2.105456e-01,1.289947e-02,3.501597e-02,2.088307e-01,5.732939e-03
2.350199e-02,9.888222e-03,6.456079e-03,1.867355e-02,2.950276e-02,4.952781e-03,1.832722e-04,1.791032e-02,3.496904e-01,3.528194e-03,1.585383e-01,9.322705e-03,2.530801e-02,3.372438e-01,5.299623e-03
1.684811e-02,7.864691e-03,6.605026e-03,1.373762e-02,2.145417e-02,4.600924e-03,1.533156e-04,1.421182e-02,3.649953e-01,2.666919e-03,1.170912e-01,6.620531e-03,1.810415e-02,4.003452e-01,4.700926e-03
1.279164e-02,6.215397e-03,4.329797e-02,3.325520e-02,1.661090e-02,5.455004e-03,9.221566e-04,2.094802e-02,4.415026e-01,2.210381e-03,8.410520e-02,4.733182e-03,1.297092e-02,3.112698e-01,3.711690e-03
2.149687e-02,7.107053e-03,4.427909e-02,2.533894e-02,1.288201e-02,1.266139e-02,8.181301e-04,1.742843e-02,4.430709e-01,2.993318e-03,6.607963e-02,3.705879e-03,1.041605e-02,3.250730e-01,6.649304e-03
1.967292e-02,9.473579e-03,4.081638e-02,2.071512e-02,9.799732e-03,1.336121e-02,6.759940e-04,1.792882e-02,4.888089e-01,4.220657e-03,5.489685e-02,3.039457e-03,9.479537e-03,2.977074e-01,9.403326e-03
2.074578e-02,2.013046e-02,4.231007e-02,1.737380e-02,8.639973e-03,1.322255e-02,5.296482e-04,1.809623e-02,5.008898e-01,1.069618e-02,4.850939e-02,2.501648e-03,8.486822e-03,2.722273e-01,1.564023e-02
2.661285e-02,1.730759e-02,3.761746e-02,1.358605e-02,8.087840e-03,1.132381e-02,4.229256e-04,2.201686e-02,5.057596e-01,9.772018e-03,4.841159e-02,2.497889e-03,7.712971e-03,2.708335e-01,1.803706e-02
3.564160e-02,1.765451e-02,3.467795e-02,1.152590e-02,1.006122e-02,1.073295e-02,4.080779e-04,1.998155e-02,3.806556e-01,8.852598e-03,4.341663e-02,2.189987e-03,5.921846e-03,3.986281e-01,1.965155e-02
3.692607e-02,1.718000e-02,7.816675e-02,1.719804e-02,1.277554e-02,9.118447e-03,6.138227e-04,4.584545e-02,2.813420e-01,7.642811e-03,3.800038e-02,1.753343e-03,4.962979e-03,4.312949e-01,1.717955e-02
4.248488e-02,1.915343e-02,1.188672e-01,1.917290e-02,1.406543e-02,9.448385e-03,8.062496e-04,4.538101e-02,2.097091e-01,6.912699e-03,3.135536e-02,1.627174e-03,4.296984e-03,4.604340e-01,1.628523e-02
5.652395e-02,2.181241e-02,9.299403e-02,1.741720e-02,3.658287e-02,8.090325e-03,1.033037e-03,6.671798e-02,1.735538e-01,6.094811e-03,2.459364e-02,1.878879e-03,3.592024e-03,4.744973e-01,1.461784e-02
7.525077e-02,1.984660e-02,1.073085e-01,2.773486e-02,5.315484e-02,7.902115e-03,1.508397e-03,1.194449e-01,1.392440e-01,5.296542e-03,1.810611e-02,1.992267e-03,3.143639e-03,4.020526e-01,1.801385e-02
