1.000000e+00,0.000000e+00,0.000000e+00,0.000000e+00,0.000000e+00,0.000000e+00,0.000000e+00,0.000000e+00,0.000000e+00,0.000000e+00,0.000000e+00,0.000000e+00,0.000000e+00,0.000000e+00,0.000000e+00
1.000000e+00,0.000000e+00,0.000000e+00,0.000000e+00,0.000000e+00,0.000000e+00,0.000000e+00,0.000000e+00,0.000000e+00,0.000000e+00,0.000000e+00,0.000000e+00,0.000000e+00,0.000000e+00,0.000000e+00
1.000000e+00,0.000000e+00,0.000000e+00,0.000000e+00,0.000000e+00,0.000000e+00,0.000000e+00,0.000000e+00,0.000000e+00,0.000000e+00,0.000000e+00,0.000000e+00,0.000000e+00,0.000000e+00,0.000000e+00
1.000000e+00,0.000000e+00,0.000000e+00,0.000000e+00,0.000000e+00,0.000000e+00,0.000000e+00,0.000000e+00,0.000000e+00,0.000000e+00,0.000000e+00,0.000000e+00,0.000000e+00,0.000000e+00,0.000000e+00
1.000000e+00,0.000000e+00,0.000000e+00,0.000000e+00,0.000000e+00,0.000000e+00,0.000000e+00,0.000000e+00,0.000000e+00,0.000000e+00,0.000000e+00,0.000000e+00,0.000000e+00,0.000000e+00,0.000000e+00
1.000000e+00,0.000000e+00,0.000000e+00,0.000000e+00,0.000000e+00,0.000000e+00,0.000000e+00,0.000000e+00,0.000000e+00,0.000000e+00,0.000000e+00,0.000000e+00,0.000000e+00,0.000000e+00,0.000000e+00
1.000000e+00,0.000000e+00,0.000000e+00,0.000000e+00,0.000000e+00,0.000000e+00,0.000000e+00,0.000000e+00,0.000000e+00,0.000000e+00,0.000000e+00,0.000000e+00,0.000000e+00,0.000000e+00,0.000000e+00
1.000000e+00,0.000000e+00,0.000000e+00,0.000000e+00,0.000000e+00,0.000000e+00,0.000000e+00,0.000000e+00,0.000000e+00,0.000000e+00,0.000000e+00,0.000000e+00,0.000000e+00,0.000000e+00,0.000000e+00
1.000000e+00,0.000000e+00,0.000000e+00,0.000000e+00,0.000000e+00,0.000000e+00,0.000000e+00,0.000000e+00,0.000000e+00,0.000000e+00,0.000000e+00,0.000000e+00,0.000000e+00,0.000000e+00,0.000000e+00
1.000000e+00,0.000000e+00,0.000000e+00,0.000000e+00,0.000000e+00,0.000000e+00,0.000000e+00,0.000000e+00,0.000000e+00,0.000000e+00,0.000000e+00,0.000000e+00,0.000000e+00,0.000000e+00,0.000000e+00
1.000000e+00,0.000000e+00,0.000000e+00,0.000000e+00,0.000000e+00,0.000000e+00,0.000000e+00,0.000000e+00,0.000000e+00,0.000000e+00,0.000000e+00,0.000000e+00,0.000000e+00,0.000000e+00,0.000000e+00
1.000000e+00,0.000000e+00,0.000000e+00,0.000000e+00,0.000000e+00,0.000000e+00,0.000000e+00,0.000000e+00,0.000000e+00,0.000000e+00,0.000000e+00,0.000000e+00,0.000000e+00,0.000000e+00,0.000000e+00
1.000000e+00,0.000000e+00,0.000000e+00,0.000000e+00,0.000000e+00,0.000000e+00,0.000000e+00,0.000000e+00,0.000000e+00,0.000000e+00,0.000000e+00,0.000000e+00,0.000000e+00,0.000000e+00,0.000000e+00
1.000000e+00,0.000000e+00,0.000000e+00,0.000000e+00,0.000000e+00,0.000000e+00,0.000000e+00,0.000000e+00,0.000000e+00,0.000000e+00,0.000000e+00,0.000000e+00,0.000000e+00,0.000000e+00,0.000000e+00
1.000000e+00,0.000000e+00,0.000000e+00,0.000000e+00,0.000000e+00,0.000000e+00,0.000000e+00,0.000000e+00,0.000000e+00,0.000000e+00,0.000000e+00,0.000000e+00,0.000000e+00,0.000000e+00,0.000000e+00
1.000000e+00,0.000000e+00,0.000000e+00,0.000000e+00,0.000000e+00,0.000000e+00,0.000000e+00,0.000000e+00,0.000000e+00,0.000000e+00,0.000000e+00,0.000000e+00,0.000000e+00,0.000000e+00,0.000000e+00
1.000000e+00,0.000000e+00,0.000000e+00,0.000000e+00,0.000000e+00,0.000000e+00,0.000000e+00,0.000000e+00,0.000000e+00,0.000000e+00,0.000000e+00,0.000000e+00,0.000000e+00,0.000000e+00,0.000000e+00
1.000000e+00,0.000000e+00,0.000000e+00,0.000000e+00,0.000000e+00,0.000000e+00,0.000000e+00,0.000000e+00,0.000000e+00,0.000000e+00,0.000000e+00,0.000000e+00,0.000000e+00,0.000000e+00,0.000000e+00
1.000000e+00,0.000000e+00,0.000000e+00,0.000000e+00,0.000000e+00,0.000000e+00,0.000000e+00,0.000000e+00,0.000000e+00,0.000000e+00,0.000000e+00,0.000000e+00,0.000000e+00,0.000000e+00,0.000000e+00
1.000000e+00,0.000000e+00,0.000000e+00,0.000000e+00,0.000000e+00,0.000000e+00,0.000000e+00,0.000000e+00,0.000000e+00,0.000000e+00,0.000000e+00,0.000000e+00,0.000000e+00,0.000000e+00,0.000000e+00
1.000000e+00,0.000000e+00,0.000000e+00,0.000000e+00,0.000000e+00,0.000000e+00,0.000000e+00,0.000000e+00,0.000000e+00,0.000000e+00,0.000000e+00,0.000000e+00,0.000000e+00,0.000000e+00,0.000000e+00
1.000000e+00,0.000000e+00,0.000000e+00,0.000000e+00,0.000000e+00,0.000000e+00,0.000000e+00,0.000000e+00,0.000000e+00,0.000000e+00,0.000000e+00,0.000000e+00,0.000000e+00,0.000000e+00,0.000000e+00
1.000000e+00,0.000000e+00,0.000000e+00,0.000000e+00,0.000000e+00,0.000000e+00,0.000000e+00,0.000000e+00,0.000000e+00,0.000000e+00,0.000000e+00,0.000000e+00,0.000000e+00,0.000000e+00,0.000000e+00
1.000000e+00,0.000000e+00,0.000000e+00,0.000000e+00,0.000000e+00,0.000000e+00,0.000000e+00,0.000000e+00,0.000000e+00,0.000000e+00,0.000000e+00,0.000000e+00,0.000000e+00,0.000000e+00,0.000000e+00
1.000000e+00,0.000000e+00,0.000000e+00,0.000000e+00,0.000000e+00,0.000000e+00,0.000000e+00,0.000000e+00,0.000000e+00,0.000000e+00,0.000000e+00,0.000000e+00,0.000000e+00,0.000000e+00,0.000000e+00
1.000000e+00,0.000000e+00,0.000000e+00,0.000000e+00,0.000000e+00,0.000000e+00,0.000000e+00,0.000000e+00,0.000000e+00,0.000000e+00,0.000000e+00,0.000000e+00,0.000000e+00,0.000000e+00,0.000000e+00
1.000000e+00,0.000000e+00,0.000000e+00,0.000000e+00,0.000000e+00,0.000000e+00,0.000000e+00,0.000000e+00,0.000000e+00,0.000000e+00,0.000000e+00,0.000000e+00,0.000000e+00,0.000000e+00,0.000000e+00
1.000000e+00,0.000000e+00,0.000000e+00,0.000000e+00,0.000000e+00,0.000000e+00,0.000000e+00,0.000000e+00,0.000000e+00,0.000000e+00,0.000000e+00,0.000000e+00,0.000000e+00,0.000000e+00,0.000000e+00
1.000000e+00,0.000000e+00,0.000000e+00,0.000000e+00,0.000000e+00,0.000000e+00,0.000000e+00,0.000000e+00,0.000000e+00,0.000000e+00,0.000000e+00,0.000000e+00,0.000000e+00,0.000000e+00,0.000000e+00
1.000000e+00,0.000000e+00,0.000000e+00,0.000000e+00,0.000000e+00,0.000000e+00,0.000000e+00,0.000000e+00,0.000000e+00,0.000000e+00,0.000000e+00,0.000000e+00,0.000000e+00,0.000000e+00,0.000000e+00
1.000000e+00,0.000000e+00,0.000000e+00,0.000000e+00,0.000000e+00,0.000000e+00,0.000000e+00,0.000000e+00,0.000000e+00,0.000000e+00,0.000000e+00,0.000000e+00,0.000000e+00,0.000000e+00,0.000000e+00
1.000000e+00,0.000000e+00,0.000000e+00,0.000000e+00,0.000000e+00,0.000000e+00,0.000000e+00,0.000000e+00,0.000000e+00,0.000000e+00,0.000000e+00,0.000000e+00,0.000000e+00,0.000000e+00,0.000000e+00
1.000000e+00,0.000000e+00,0.000000e+00,0.000000e+00,0.000000e+00,0.000000e+00,0.000000e+00,0.000000e+00,0.000000e+00,0.000000e+00,0.000000e+00,0.000000e+00,0.000000e+00,0.000000e+00,0.000000e+00
1.000000e+00,0.000000e+00,0.000000e+00,0.000000e+00,0.000000e+00,0.000000e+00,0.000000e+00,0.000000e+00,0.000000e+00,0.000000e+00,0.000000e+00,0.000000e+00,0.000000e+00,0.000000e+00,0.000000e+00
1.000000e+00,0.000000e+00,0.000000e+00,0.000000e+00,0.000000e+00,0.000000e+00,0.000000e+00,0.000000e+00,0.000000e+00,0.000000e+00,0.000000e+00,0.000000e+00,0.000000e+00,0.000000e+00,0.000000e+00
1.000000e+00,0.000000e+00,0.000000e+00,0.000000e+00,0.000000e+00,0.000000e+00,0.000000e+00,0.000000e+00,0.000000e+00,0.000000e+00,0.000000e+00,0.000000e+00,0.000000e+00,0.000000e+00,0.000000e+00
1.000000e+00,0.000000e+00,0.000000e+00,0.000000e+00,0.000000e+00,0.000000e+00,0.000000e+00,0.000000e+00,0.000000e+00,0.000000e+00,0.000000e+00,0.000000e+00,0.000000e+00,0.000000e+00,0.000000e+00
1.000000e+00,0.000000e+00,0.000000e+00,0.000000e+00,0.000000e+00,0.000000e+00,0.000000e+00,0.000000e+00,0.000000e+00,0.000000e+00,0.000000e+00,0.000000e+00,0.000000e+00,0.000000e+00,0.000000e+00
1.000000e+00,0.000000e+00,0.000000e+00,0.000000e+00,0.000000e+00,0.000000e+00,0.000000e+00,0.000000e+00,0.000000e+00,0.000000e+00,0.000000e+00,0.000000e+00,0.000000e+00,0.000000e+00,0.000000e+00
1.000000e+00,0.000000e+00,0.000000e+00,0.000000e+00,0.000000e+00,0.000000e+00,0.000000e+00,0.000000e+00,0.000000e+00,0.000000e+00,0.000000e+00,0.000000e+00,0.000000e+00,0.000000e+00,0.000000e+00
1.000000e+00,0.000000e+00,0.000000e+00,0.000000e+00,0.000000e+00,0.000000e+00,0.000000e+00,0.000000e+00,0.000000e+00,0.000000e+00,0.000000e+00,0.000000e+00,0.000000e+00,0.000000e+00,0.000000e+00
1.000000e+00,0.000000e+00,0.000000e+00,0.000000e+00,0.000000e+00,0.000000e+00,0.000000e+00,0.000000e+00,0.000000e+00,0.000000e+00,0.000000e+00,0.000000e+00,0.000000e+00,0.000000e+00,0.000000e+00
1.000000e+00,0.000000e+00,0.000000e+00,0.000000e+00,0.000000e+00,0.000000e+00,0.000000e+00,0.000000e+00,0.000000e+00,0.000000e+00,0.000000e+00,0.000000e+00,0.000000e+00,0.000000e+00,0.000000e+00
1.000000e+00,0.000000e+00,0.000000e+00,0.000000e+00,0.000000e+00,0.000000e+00,0.000000e+00,0.000000e+00,0.000000e+00,0.000000e+00,0.000000e+00,0.000000e+00,0.000000e+00,0.000000e+00,0.000000e+00
4.996544e-01,2.104888e-02,2.162205e-02,9.519599e-02,6.675696e-03,1.946814e-02,2.779643e-03,1.409823e-02,1.646314e-02,3.567197e-03,1.640491e-01,7.856260e-02,1.198863e-02,1.784683e-02,2.697948e-02
4.415459e-01,2.740997e-02,2.778401e-02,1.325181e-01,8.546915e-03,1.657053e-02,3.222095e-03,1.762746e-02,2.430257e-02,3.360122e-03,1.560616e-01,7.849706e-02,1.369321e-02,2.064702e-02,2.821339e-02
4.046467e-01,2.835538e-02,3.302743e-02,1.491633e-01,8.690630e-03,1.508339e-02,3.207353e-03,1.891702e-02,2.954116e-02,3.326426e-03,1.596583e-01,8.124457e-02,1.386337e-02,2.277375e-02,2.850118e-02
3.228508e-01,3.680202e-02,3.911751e-02,2.255951e-01,1.102486e-02,1.325485e-02,3.541730e-03,2.185956e-02,3.851790e-02,3.377348e-03,1.370099e-01,7.858864e-02,1.440825e-02,2.225296e-02,3.179847e-02
3.240448e-01,5.814639e-02,3.665902e-02,2.222704e-01,1.400541e-02,1.334898e-02,4.399281e-03,1.886293e-02,4.042783e-02,3.502706e-03,1.199865e-01,6.900901e-02,1.523752e-02,2.109717e-02,3.900206e-02
3.289982e-01,6.962762e-02,3.468677e-02,2.196339e-01,1.708987e-02,1.466628e-02,4.691138e-03,1.774686e-02,3.761642e-02,3.773137e-03,1.063416e-01,6.571221e-02,1.660017e-02,1.991338e-02,4.290241e-02
2.514505e-01,6.203814e-02,8.576160e-02,3.171964e-01,1.507100e-02,1.219886e-02,3.793778e-03,2.101896e-02,2.979051e-02,3.138660e-03,8.157568e-02,5.153035e-02,1.311391e-02,1.564070e-02,3.668102e-02
2.458710e-01,5.926944e-02,1.142936e-01,3.212277e-01,1.510902e-02,1.240643e-02,3.587970e-03,1.978926e-02,2.617003e-02,3.544412e-03,6.748574e-02,4.393107e-02,1.321875e-02,1.382385e-02,4.027171e-02
3.104723e-01,5.268450e-02,9.637125e-02,2.478898e-01,1.261782e-02,1.386996e-02,3.194001e-03,1.701859e-02,2.983343e-02,6.539551e-03,5.947354e-02,3.676461e-02,1.399355e-02,2.063938e-02,7.863773e-02
3.119310e-01,4.306812e-02,7.493308e-02,1.804716e-01,9.865561e-03,1.227319e-02,2.426630e-03,1.291370e-02,2.585887e-02,5.573968e-03,1.940582e-01,3.267576e-02,1.113025e-02,2.266263e-02,6.015744e-02
4.272387e-01,3.973896e-02,5.536776e-02,1.447392e-01,8.761393e-03,1.336887e-02,2.445390e-03,1.117674e-02,2.191573e-02,5.210359e-03,1.432522e-01,3.600673e-02,1.366325e-02,1.865259e-02,5.846209e-02
4.540311e-01,3.615874e-02,5.669919e-02,1.333219e-01,7.383977e-03,1.623089e-02,2.150605e-03,9.513193e-03,1.699966e-02,4.503192e-03,1.486681e-01,3.793636e-02,1.204237e-02,1.534162e-02,4.901914e-02
4.706464e-01,3.300280e-02,4.502800e-02,1.129201e-01,6.066508e-03,1.933992e-02,2.051156e-03,8.189235e-03,1.373105e-02,4.066424e-03,1.681649e-01,5.079080e-02,1.109591e-02,1.317161e-02,4.173526e-02
4.717998e-01,3.088631e-02,4.294406e-02,1.121071e-01,5.890651e-03,2.073923e-02,2.076569e-03,9.060453e-03,1.219188e-02,3.787235e-03,1.746237e-01,5.670061e-02,1.051242e-02,1.172807e-02,3.495200e-02
3.363837e-01,2.307293e-02,3.064538e-02,8.002473e-02,4.291001e-03,1.696070e-02,1.513143e-03,6.416006e-03,9.006195e-03,2.804170e-03,3.819158e-01,6.516928e-02,7.639012e-03,8.506268e-03,2.565166e-02
2.402569e-01,1.850356e-02,2.199112e-02,5.785287e-02,3.549613e-03,2.390014e-02,1.454964e-03,4.842515e-03,7.823965e-03,2.230893e-03,5.017654e-01,8.246946e-02,5.803360e-03,6.355575e-03,2.119960e-02
1.808775e-01,1.719698e-02,1.577330e-02,4.423373e-02,3.630305e-03,2.394607e-02,1.362026e-03,4.136468e-03,1.523876e-02,2.275187e-03,5.445043e-01,1.145292e-01,4.386765e-03,5.166051e-03,2.274336e-02
1.485908e-01,1.616932e-02,1.124284e-02,3.440041e-02,3.380380e-03,2.244150e-02,1.074319e-03,3.238057e-03,3.142428e-02,2.292898e-03,4.933107e-01,2.034442e-01,3.853620e-03,4.432453e-03,2.070428e-02
1.182422e-01,1.303239e-02,8.538872e-03,2.621045e-02,2.906818e-03,3.514164e-02,1.104451e-03,2.557331e-03,2.597326e-02,6.073977e-03,4.747216e-01,2.580714e-01,3.242412e-03,4.112522e-03,2.007064e-02
8.908328e-02,1.268731e-02,7.745787e-03,2.000924e-02,4.856169e-03,5.464719e-02,1.950367e-03,2.631897e-03,3.016290e-02,7.062413e-03,4.121095e-01,3.226279e-01,2.676389e-03,3.959123e-03,2.779051e-02
7.241078e-02,1.230734e-02,7.811131e-03,1.481974e-02,9.811978e-03,4.449674e-02,3.808317e-03,1.557383e-02,4.532725e-02,8.711671e-03,3.151532e-01,4.187626e-01,2.395005e-03,3.954148e-03,2.465628e-02
5.881657e-02,1.164973e-02,6.129342e-03,1.116230e-02,1.133376e-02,3.874166e-02,3.825517e-03,1.283677e-02,5.336291e-02,1.048820e-02,2.402058e-01,5.127336e-01,1.988804e-03,5.160317e-03,2.156467e-02
4.847614e-02,1.035547e-02,4.877159e-03,8.649304e-03,1.572486e-02,2.896336e-02,3.300582e-03,1.161637e-02,7.319103e-02,8.993737e-03,1.804622e-01,5.826783e-01,1.692618e-03,4.254741e-03,1.676409e-02
4.327285e-02,9.345553e-03,5.440504e-03,7.392880e-03,5.589663e-02,2.595523e-02,1.610446e-02,1.567846e-02,1.158491e-01,9.603257e-03,1.517537e-01,5.238739e-01,2.067135e-03,4.175360e-03,1.359086e-02
3.382140e-02,1.429005e-02,6.964113e-03,5.512649e-03,8.070207e-02,2.448582e-02,1.576784e-02,1.375717e-02,1.976755e-01,9.381918e-03,1.209477e-01,4.585495e-01,1.946093e-03,4.645825e-03,1.155237e-02
2.658140e-02,2.025873e-02,1.392984e-02,4.288137e-03,7.673565e-02,1.002982e-01,1.261390e-02,1.154390e-02,2.011372e-01,2.580023e-02,1.042731e-01,3.833189e-01,2.829898e-03,5.562021e-03,1.082893e-02
1.983870e-02,1.507805e-02,1.342521e-02,3.145299e-03,9.453174e-02,9.458556e-02,4.704980e-02,4.455867e-02,1.696481e-01,1.208009e-01,7.666541e-02,2.817654e-01,3.971711e-03,6.517891e-03,8.417645e-03
1.767076e-02,1.150591e-02,1.087931e-02,2.318880e-03,1.422835e-01,1.030168e-01,4.089309e-02,4.741865e-02,1.750477e-01,1.733453e-01,5.770034e-02,1.995845e-01,4.711145e-03,7.014796e-03,6.609259e-03
2.901598e-02,8.781579e-03,8.329133e-03,2.162365e-03,1.970783e-01,9.417145e-02,3.246738e-02,3.699403e-02,1.912105e-01,1.960656e-01,4.293314e-02,1.413485e-01,5.978378e-03,7.704107e-03,5.759576e-03
2.333746e-02,7.158810e-03,7.675753e-03,2.757870e-03,2.858134e-01,1.191298e-01,3.499210e-02,5.025633e-02,1.502136e-01,1.666857e-01,3.263584e-02,1.009365e-01,7.993530e-03,5.778856e-03,4.634333e-03
2.192526e-02,1.874326e-02,7.196913e-03,4.425727e-03,2.684556e-01,1.033948e-01,2.587350e-02,3.876942e-02,1.973636e-01,1.712912e-01,3.540255e-02,7.527186e-02,1.018257e-02,4.594931e-03,1.710884e-02
1.648655e-02,1.758361e-02,5.769001e-03,5.547196e-03,2.098636e-01,8.635090e-02,1.997838e-02,2.982179e-02,1.655429e-01,1.851802e-01,8.583124e-02,9.644365e-02,5.429098e-02,3.443793e-03,1.786619e-02
1.201873e-02,1.406427e-02,4.752439e-03,7.006526e-03,1.582076e-01,6.497940e-02,1.481951e-02,2.332599e-02,1.400281e-01,1.526530e-01,1.391144e-01,1.400934e-01,1.101715e-01,2.656702e-03,1.610845e-02
8.784072e-03,1.111327e-02,3.895310e-03,5.354960e-03,1.123244e-01,4.652641e-02,1.057093e-02,1.727820e-02,1.155846e-01,1.110728e-01,2.055024e-01,1.411440e-01,1.956005e-01,2.066586e-03,1.318167e-02
6.689468e-03,1.081504e-02,3.337983e-03,4.325918e-03,7.978947e-02,3.352704e-02,7.613120e-03,1.282340e-02,1.110522e-01,7.990640e-02,2.485539e-01,1.470433e-01,2.412907e-01,1.700543e-03,1.153145e-02
6.108122e-03,1.908079e-02,4.327139e-03,4.438416e-03,5.743368e-02,2.578970e-02,5.656331e-03,9.985368e-03,1.565649e-01,6.273381e-02,2.780196e-01,1.323204e-01,2.225345e-01,1.981799e-03,1.302542e-02
5.808581e-03,1.680376e-02,3.892853e-03,4.536762e-03,4.161970e-02,2.005198e-02,4.174058e-03,8.568694e-03,2.404625e-01,5.082962e-02,2.696612e-01,1.216353e-01,1.920100e-01,2.627369e-03,1.731757e-02
5.008813e-03,1.693093e-02,3.191994e-03,4.380653e-03,3.018419e-02,1.579798e-02,3.094278e-03,7.134287e-03,3.118371e-01,3.851223e-02,2.570325e-01,1.188340e-01,1.682071e-01,2.610232e-03,1.724378e-02
4.862786e-03,4.301347e-02,3.735160e-03,4.344104e-03,2.329281e-02,1.335962e-02,2.326634e-03,6.106821e-03,3.762777e-01,2.937677e-02,2.115459e-01,1.044226e-01,1.389089e-01,5.701947e-03,3.272493e-02
5.399893e-03,7.504717e-02,4.354286e-03,5.219951e-03,1.854561e-02,1.217617e-02,1.720694e-03,7.038607e-03,3.967644e-01,2.325039e-02,1.738029e-01,8.570447e-02,1.074791e-01,1.353275e-02,6.996371e-02
4.826249e-03,7.228050e-02,3.925305e-03,7.431735e-03,1.410254e-02,1.169688e-02,1.251529e-03,8.501017e-03,3.777228e-01,1.673540e-02,1.260068e-01,6.296550e-02,7.753196e-02,1.473681e-02,2.002850e-01
4.335953e-03,6.814488e-02,3.004183e-03,8.628743e-03,1.058005e-02,1.149459e-02,9.301495e-04,9.593522e-03,4.040396e-01,1.197450e-02,9.158470e-02,4.520851e-02,5.558845e-02,1.268044e-02,2.622117e-01
3.979661e-03,6.146462e-02,2.803266e-03,1.258333e-02,8.360656e-03,1.280939e-02,7.368594e-04,1.853719e-02,4.646073e-01,8.534309e-03,6.699950e-02,3.240037e-02,4.039412e-02,1.017512e-02,2.556143e-01
3.717137e-03,5.951848e-02,2.117437e-03,1.096468e-02,8.345701e-03,1.754063e-02,7.327374e-04,1.630685e-02,5.432574e-01,6.024591e-03,4.736613e-02,2.284775e-02,2.959618e-02,7.724507e-03,2.239398e-01
3.212917e-03,6.595052e-02,1.571644e-03,8.827209e-03,8.693929e-03,2.380233e-02,6.456281e-04,1.295972e-02,6.036112e-01,4.242160e-03,3.332362e-02,1.606223e-02,2.121606e-02,5.668408e-03,1.902124e-01
2.956645e-03,7.394715e-02,1.132442e-03,7.537431e-03,1.186710e-02,4.320106e-02,6.367008e-04,1.187055e-02,6.532212e-01,2.986918e-03,2.341278e-02,1.127283e-02,1.555733e-02,4.066184e-03,1.363336e-01
2.928367e-03,8.065626e-02,8.372535e-04,7.051607e-03,2.743835e-02,5.012102e-02,8.184031e-04,1.250290e-02,6.798352e-01,2.123657e-03,1.647195e-02,7.914877e-03,1.253533e-02,2.910504e-03,9.585432e-02
2.928702e-03,8.259911e-02,6.783127e-04,7.074134e-03,4.471648e-02,4.879193e-02,1.339587e-03,2.502460e-02,6.865721e-01,1.533756e-03,1.160400e-02,5.559455e-03,1.213570e-02,2.083094e-03,6.735910e-02
3.706003e-03,8.655529e-02,5.076172e-04,5.978934e-03,5.274810e-02,4.194831e-02,1.262026e-03,2.376278e-02,7.069662e-01,1.180163e-03,8.174614e-03,3.917063e-03,1.442412e-02,1.483337e-03,4.738548e-02
5.148643e-03,1.055042e-01,3.985884e-04,5.355721e-03,5.488037e-02,3.307841e-02,1.111814e-03,2.334087e-02,7.116117e-01,9.672769e-04,5.770688e-03,2.764475e-03,1.531476e-02,1.063503e-03,3.368903e-02
8.940207e-03,9.947030e-02,3.623249e-04,4.983910e-03,7.035439e-02,2.535681e-02,1.114052e-03,2.433863e-02,7.160922e-01,1.042602e-03,4.096796e-03,1.958623e-03,1.620193e-02,7.672943e-04,2.491995e-02
1.199389e-02,1.520383e-01,3.322720e-04,5.065155e-03,6.224457e-02,1.944082e-02,8.821063e-04,2.172371e-02,6.726403e-01,1.041406e-03,2.924283e-03,1.399824e-03,2.750139e-02,5.592096e-04,2.021272e-02
1.857115e-02,1.588154e-01,8.401088e-04,6.991582e-03,6.961566e-02,1.524208e-02,2.454048e-03,5.506013e-02,6.103100e-01,1.201901e-03,2.266154e-03,1.035607e-03,4.075435e-02,4.475603e-04,1.639428e-02
2.156069e-02,2.300183e-01,4.778748e-03,1.482841e-02,5.564493e-02,1.564022e-02,2.322239e-03,6.111967e-02,5.214274e-01,2.184702e-03,1.794235e-03,8.837820e-04,5.027907e-02,3.597118e-04,1.715800e-02
2.303247e-02,2.928062e-01,6.017791e-03,1.381434e-02,4.612978e-02,2.566130e-02,2.308145e-03,5.175999e-02,4.468744e-01,2.568636e-03,1.548778e-03,7.767755e-04,6.527203e-02,3.954329e-04,2.103394e-02
2.343761e-02,2.875962e-01,6.184247e-03,1.161103e-02,3.787343e-02,5.736940e-02,2.924419e-03,4.172837e-02,4.120727e-01,3.040497e-03,1.390094e-03,1.318046e-03,8.573981e-02,4.037289e-04,2.731044e-02
2.254103e-02,2.810593e-01,5.833848e-03,1.263437e-02,2.984941e-02,1.042078e-01,3.700314e-03,5.003281e-02,3.753877e-01,4.124659e-03,1.783766e-03,1.841859e-03,7.782468e-02,5.532632e-04,2.862520e-02
2.119746e-02,2.598898e-01,3.334265e-02,4.309734e-02,2.585383e-02,1.198262e-01,4.616624e-03,4.614372e-02,3.129735e-01,1.475077e-02,2.196178e-03,2.097778e-03,6.961409e-02,7.160306e-04,4.368398e-02
2.226925e-02,2.557454e-01,3.070039e-02,3.322131e-02,2.299180e-02,1.338938e-01,6.221974e-03,4.579119e-02,2.814963e-01,1.715829e-02,2.106088e-03,1.979360e-03,6.451310e-02,1.051831e-03,8.085983e-02
2.315275e-02,2.462849e-01,2.576090e-02,2.624048e-02,2.259493e-02,1.792467e-01,1.082443e-02,4.413555e-02,2.552185e-01,1.438411e-02,1.897334e-03,1.906442e-03,6.773972e-02,9.955182e-04,7.961783e-02
2.293440e-02,2.059163e-01,2.426317e-02,2.490920e-02,2.252369e-02,1.643739e-01,1.994348e-02,5.011016e-02,2.231444e-01,1.215540e-02,4.778208e-03,5.324297e-03,1.400990e-01,1.595979e-03,7.792856e-02
4.309387e-02,1.552034e-01,5.233806e-02,2.895322e-02,2.401573e-02,1.663081e-01,1.722845e-02,8.610635e-02,1.719610e-01,1.109516e-02,8.196495e-03,9.683042e-03,1.435411e-01,2.328597e-03,7.994750e-02
7.587402e-02,1.167300e-01,6.794440e-02,2.718988e-02,3.047368e-02,1.249223e-01,1.952948e-02,9.177700e-02,1.377527e-01,1.020570e-02,8.747946e-03,8.589991e-03,1.790227e-01,2.751792e-03,9.848844e-02
7.550380e-02,8.447284e-02,1.067425e-01,2.245736e-02,2.988982e-02,8.931803e-02,1.894449e-02,1.332604e-01,1.091067e-01,1.137338e-02,1.012990e-02,6.992826e-03,1.534366e-01,3.465155e-03,1.449061e-01
8.788212e-02,6.279510e-02,9.219953e-02,1.898632e-02,2.710031e-02,6.420611e-02,1.637565e-02,1.094733e-01,9.504569e-02,1.698740e-02,1.603265e-02,6.381177e-03,1.343143e-01,6.706501e-03,2.455138e-01
7.302729e-02,4.599343e-02,6.812520e-02,1.401812e-02,2.003384e-02,4.730108e-02,1.187161e-02,8.075627e-02,8.240287e-02,1.415562e-02,1.395019e-02,4.833408e-03,1.006740e-01,1.423470e-02,4.086224e-01
5.773888e-02,3.611600e-02,7.167175e-02,1.947891e-02,1.526005e-02,3.533442e-02,8.515103e-03,6.095753e-02,7.648179e-02,1.629656e-02,1.281632e-02,4.245003e-03,7.337780e-02,1.340925e-02,4.983006e-01
5.656085e-02,3.894677e-02,5.197213e-02,1.570075e-02,1.130882e-02,2.667439e-02,6.145136e-03,4.501840e-02,7.797009e-02,1.481757e-02,1.281423e-02,3.858432e-03,5.281851e-02,1.141675e-02,5.739772e-01
6.478256e-02,3.098432e-02,3.784911e-02,1.298170e-02,9.478746e-03,2.355224e-02,4.547522e-03,3.230715e-02,8.333673e-02,1.265635e-02,1.505966e-02,4.165330e-03,3.898004e-02,1.310301e-02,6.162155e-01
6.564286e-02,2.646380e-02,2.701920e-02,9.477186e-03,8.489736e-03,2.071356e-02,3.572607e-03,2.284887e-02,8.297621e-02,1.187943e-02,1.667455e-02,3.933341e-03,2.969694e-02,1.755477e-02,6.530569e-01
5.624030e-02,2.767654e-02,1.907074e-02,6.840847e-03,6.452923e-03,1.566221e-02,2.559478e-03,1.609176e-02,1.358419e-01,1.070217e-02,1.252762e-02,3.030322e-03,2.161298e-02,1.474477e-02,6.509455e-01
5.531571e-02,4.522229e-02,1.348168e-02,5.185478e-03,4.738634e-03,1.308127e-02,1.832927e-03,1.138632e-02,1.697826e-01,8.621210e-03,1.111675e-02,2.565406e-03,1.657744e-02,1.467749e-02,6.264148e-01
6.958019e-02,8.741367e-02,9.560340e-03,4.190969e-03,3.537505e-03,1.091819e-02,1.323842e-03,8.061077e-03,1.558109e-01,7.379086e-03,1.112041e-02,3.262736e-03,1.334040e-02,1.588891e-02,5.986118e-01
4.981331e-02,9.143728e-02,6.996567e-03,5.872997e-03,2.688921e-03,8.805769e-03,9.525838e-04,5.784526e-03,2.649675e-01,6.192520e-03,1.007976e-02,3.026913e-03,1.002013e-02,1.379782e-02,5.195634e-01
3.787357e-02,9.166580e-02,5.152398e-03,1.103087e-02,2.422675e-03,1.067306e-02,7.400142e-04,4.351585e-03,3.422135e-01,6.812015e-03,1.706918e-02,5.267158e-03,9.407309e-03,1.344722e-02,4.418737e-01
2.741691e-02,7.652759e-02,4.003228e-03,8.453538e-03,1.756300e-03,8.808512e-03,5.398854e-04,3.197179e-03,4.674971e-01,7.811278e-03,2.214184e-02,7.386009e-03,1.243136e-02,1.190160e-02,3.401277e-01
2.178689e-02,6.224030e-02,4.593592e-03,8.489691e-03,1.673908e-03,7.641363e-03,4.559511e-04,2.948710e-03,4.692006e-01,1.296080e-02,7.237359e-02,1.636628e-02,2.575099e-02,1.137808e-02,2.821392e-01
1.748807e-02,4.801307e-02,3.899395e-02,1.615175e-02,6.110935e-03,6.208613e-03,2.416277e-03,1.562073e-02,5.045447e-01,1.061872e-02,5.717241e-02,1.244960e-02,2.386761e-02,8.638203e-03,2.317054e-01
3.061782e-02,3.689029e-02,8.329154e-02,1.793979e-02,8.105682e-03,4.972147e-02,3.796565e-03,2.279890e-02,4.601746e-01,9.156902e-03,6.256373e-02,1.096550e-02,2.907116e-02,6.737450e-03,1.681686e-01
2.533268e-02,3.133686e-02,1.306040e-01,2.431261e-02,8.641260e-03,1.662729e-01,2.843120e-03,1.721927e-02,3.606735e-01,7.222563e-03,5.521991e-02,1.371802e-02,3.301832e-02,4.838843e-03,1.187462e-01
1.957149e-02,4.096600e-02,1.043540e-01,2.376030e-02,7.455616e-03,2.234461e-01,2.225804e-03,1.274180e-02,3.414589e-01,5.408014e-03,4.991721e-02,3.619844e-02,4.447956e-02,3.427483e-03,8.458940e-02
1.589200e-02,3.467989e-02,7.403503e-02,1.918865e-02,9.096197e-03,1.594458e-01,2.311504e-03,9.174670e-03,4.990038e-01,3.953754e-03,3.770461e-02,3.249183e-02,4.096339e-02,2.415875e-03,5.964298e-02
1.257510e-02,3.203182e-02,5.269536e-02,1.944850e-02,9.838430e-03,1.147670e-01,2.293031e-03,6.923872e-03,6.201321e-01,3.325511e-03,2.689167e-02,2.386555e-02,3.101139e-02,1.702608e-03,4.249816e-02
1.165686e-02,2.899222e-02,4.317262e-02,6.897991e-02,1.055262e-02,8.925779e-02,2.512879e-03,6.181159e-03,6.447880e-01,3.323612e-03,1.918205e-02,1.701664e-02,2.230022e-02,1.208117e-03,3.087533e-02
1.418327e-02,2.861532e-02,3.727112e-02,1.053951e-01,1.067270e-02,7.657745e-02,2.416920e-03,5.215423e-03,6.462073e-01,4.725004e-03,1.408259e-02,1.262209e-02,1.673217e-02,8.880697e-04,2.439550e-02
1.462100e-02,2.939407e-02,2.985635e-02,1.135573e-01,1.275407e-02,7.281939e-02,3.339916e-03,3.984371e-03,6.437390e-01,7.121549e-03,1.155046e-02,1.179280e-02,1.892888e-02,7.683578e-04,2.577252e-02
1.119475e-02,2.220359e-02,3.036200e-02,3.036621e-01,1.017820e-02,5.228636e-02,2.438229e-03,3.330183e-03,4.756968e-01,1.418586e-02,1.489940e-02,9.769376e-03,1.711733e-02,7.910000e-04,3.188487e-02
1.362952e-02,1.861420e-02,3.154702e-02,3.183104e-01,1.062038e-02,3.813792e-02,1.974030e-03,4.389929e-03,3.814556e-01,1.998718e-02,8.216456e-02,1.150902e-02,2.594370e-02,1.598020e-03,4.011856e-02
1.271880e-02,2.046504e-02,2.720274e-02,3.425044e-01,1.014900e-02,2.825699e-02,1.635985e-03,5.330929e-03,3.457142e-01,1.832051e-02,1.036443e-01,1.635574e-02,3.620710e-02,1.513660e-03,2.998069e-02
1.590075e-02,1.704405e-02,2.021672e-02,2.992435e-01,8.423386e-03,2.420270e-02,1.294873e-03,4.395852e-03,3.079076e-01,1.523469e-02,1.601042e-01,4.567499e-02,5.655424e-02,1.607314e-03,2.219533e-02
3.477406e-02,1.453230e-02,1.463886e-02,2.265320e-01,7.484281e-03,2.041428e-02,1.075170e-03,3.634529e-03,3.118086e-01,1.288793e-02,1.670996e-01,7.970227e-02,8.532831e-02,2.757850e-03,1.733003e-02
2.848085e-02,1.515246e-02,1.170452e-02,1.722275e-01,6.064209e-03,1.714633e-02,9.529906e-04,3.051560e-03,2.993991e-01,1.073884e-02,1.411930e-01,1.873602e-01,8.548312e-02,6.711222e-03,1.433419e-02
3.010290e-02,1.448836e-02,1.073206e-02,1.314470e-01,8.766947e-03,1.395303e-02,1.164814e-03,4.771390e-03,2.729102e-01,9.137337e-03,1.475024e-01,2.101502e-01,1.196187e-01,1.158685e-02,1.366784e-02
2.972780e-02,1.885616e-02,2.020223e-02,9.474487e-02,1.271227e-02,1.164838e-02,1.273540e-03,1.031653e-02,2.346743e-01,1.765898e-02,1.259941e-01,2.815113e-01,1.138693e-01,1.451714e-02,1.229309e-02
5.111091e-02,2.026190e-02,1.940030e-02,6.850123e-02,1.552696e-02,1.001781e-02,1.402031e-03,1.747437e-02,2.126993e-01,2.653625e-02,1.002942e-01,3.178934e-01,1.157008e-01,1.308856e-02,1.009198e-02
6.812161e-02,2.245925e-02,2.168780e-02,4.872311e-02,1.647437e-02,9.416016e-03,1.679810e-03,1.897186e-02,1.968204e-01,4.660020e-02,8.058944e-02,3.408732e-01,1.060905e-01,1.213978e-02,9.352706e-03
9.451713e-02,2.362827e-02,1.901424e-02,3.441422e-02,1.721128e-02,8.481910e-03,1.648938e-03,2.325416e-02,1.964734e-01,4.235592e-02,7.196069e-02,3.356526e-01,1.037053e-01,1.551431e-02,1.216771e-02
9.817389e-02,2.201777e-02,1.564075e-02,2.429545e-02,1.590916e-02,6.890902e-03,1.336138e-03,2.418266e-02,2.097387e-01,3.379586e-02,7.049453e-02,3.474717e-01,1.012312e-01,1.795344e-02,1.086789e-02
9.237117e-02,1.791285e-02,1.542763e-02,1.900508e-02,1.753205e-02,5.800033e-03,1.143461e-03,2.226086e-02,1.956019e-01,2.938774e-02,6.511518e-02,4.188750e-01,7.732545e-02,1.381520e-02,8.426500e-03
7.483311e-02,1.575669e-02,1.188606e-02,1.382933e-02,1.681798e-02,4.416539e-03,1.110891e-03,2.119169e-02,2.275688e-01,2.415676e-02,6.025368e-02,4.472418e-01,6.350917e-02,1.110218e-02,6.325320e-03
5.942205e-02,1.298278e-02,9.692420e-03,1.074880e-02,1.540018e-02,3.395700e-03,1.223122e-03,2.638872e-02,3.155400e-01,1.874570e-02,4.618917e-02,4.177927e-01,4.962696e-02,8.255065e-03,4.596565e-03
4.262174e-02,1.174810e-02,7.092830e-03,7.932879e-03,1.208150e-02,2.591615e-03,9.763630e-04,2.030171e-02,4.990572e-01,1.346893e-02,3.275868e-02,3.046339e-01,3.562927e-02,5.815202e-03,3.290042e-03
3.138875e-02,1.090809e-02,5.179115e-03,5.746808e-03,1.017474e-02,1.952282e-03,7.992678e-04,1.593397e-02,6.350471e-01,9.606959e-03,2.341983e-02,2.179417e-01,2.543940e-02,4.104484e-03,2.357585e-03
2.379043e-02,1.003634e-02,3.827958e-03,4.521347e-03,1.037273e-02,2.815749e-03,1.077336e-03,1.787424e-02,7.237583e-01,7.197973e-03,1.699607e-02,1.549560e-01,1.813133e-02,2.889573e-03,1.754584e-03
1.742750e-02,8.740576e-03,2.773631e-03,3.272675e-03,1.059627e-02,3.141687e-03,1.069439e-03,1.762686e-02,7.912834e-01,5.286459e-03,1.236875e-02,1.101990e-01,1.289730e-02,2.034292e-03,1.282195e-03
1.353105e-02,6.757884e-03,2.231179e-03,3.298689e-03,1.915474e-02,3.014211e-03,1.317917e-03,3.064393e-02,8.170170e-01,3.876326e-03,8.849923e-03,7.861815e-02,9.262269e-03,1.431861e-03,9.949008e-04
1.210689e-02,5.908926e-03,1.969554e-03,3.064347e-03,1.942454e-02,3.386285e-03,1.202028e-03,4.428664e-02,8.354689e-01,2.891469e-03,6.362206e-03,5.561925e-02,6.547760e-03,1.016094e-03,7.450682e-04
1.413458e-02,5.575246e-03,1.693102e-03,2.657259e-03,1.759875e-02,3.448823e-03,1.027185e-03,4.615721e-02,8.550473e-01,2.508643e-03,4.692669e-03,3.945398e-02,4.683656e-03,7.473229e-04,5.743162e-04
1.536053e-02,6.943562e-03,1.453637e-03,2.311185e-03,1.468870e-02,4.120036e-03,7.520898e-04,4.059891e-02,8.750646e-01,2.507775e-03,3.650695e-03,2.808813e-02,3.353972e-03,5.762446e-04,5.299244e-04
2.352032e-02,6.728193e-03,1.226730e-03,2.572027e-03,1.345285e-02,4.508815e-03,5.550907e-04,3.742212e-02,8.815929e-01,2.071508e-03,2.790859e-03,2.023032e-02,2.402476e-03,4.377096e-04,4.879955e-04
4.602163e-02,7.301136e-03,2.071169e-02,4.597957e-02,1.331645e-02,7.060099e-03,4.940679e-04,8.659062e-02,7.401264e-01,2.192214e-03,3.890201e-03,2.169026e-02,2.424303e-03,4.271870e-04,1.774083e-03
8.087905e-02,1.134192e-02,1.646514e-02,4.364724e-02,1.153285e-02,8.784541e-03,3.909290e-04,1.441580e-01,6.235899e-01,3.241891e-03,2.050607e-02,2.373779e-02,3.080423e-03,1.632662e-03,7.011542e-03
1.085130e-01,2.168295e-02,1.225570e-02,3.534796e-02,1.112530e-02,1.018310e-02,3.497358e-04,1.497837e-01,5.752556e-01,3.165852e-03,3.309738e-02,2.567285e-02,3.388832e-03,2.258480e-03,7.919546e-03
1.102182e-01,2.828970e-02,1.266044e-02,1.282413e-01,1.024256e-02,1.400577e-02,4.585803e-04,1.260622e-01,4.649570e-01,9.677395e-03,4.193739e-02,2.572435e-02,5.077695e-03,2.451333e-03,1.999622e-02
9.126204e-02,3.187515e-02,9.657380e-03,1.102557e-01,7.894468e-03,1.140224e-02,3.601279e-04,8.884494e-02,5.262959e-01,8.745015e-03,6.849482e-02,1.918552e-02,4.117361e-03,5.149703e-03,1.645969e-02
7.805078e-02,2.569785e-02,6.936560e-03,8.362421e-02,6.729250e-03,8.549206e-03,2.604591e-04,6.231262e-02,4.298301e-01,6.933980e-03,1.947956e-01,1.477351e-02,4.960756e-03,6.164863e-02,1.489646e-02
5.712052e-02,1.935610e-02,5.082902e-03,6.020496e-02,6.938978e-03,8.121990e-03,1.856547e-04,4.364212e-02,3.153646e-01,5.416387e-03,2.334115e-01,1.182164e-02,9.690786e-03,2.122156e-01,1.142622e-02
4.071327e-02,1.573048e-02,3.666519e-03,4.259894e-02,5.421616e-03,6.578442e-03,1.336770e-04,3.056684e-02,2.317107e-01,5.012703e-03,3.159864e-01,9.016240e-03,9.459697e-03,2.748492e-01,8.555322e-03
2.973326e-02,1.710325e-02,3.442095e-03,3.119070e-02,5.533603e-03,1.072589e-02,1.696302e-04,2.372898e-02,1.828122e-01,6.458283e-03,3.414782e-01,6.606213e-03,9.458258e-03,3.240935e-01,7.465891e-03
2.138798e-02,1.732741e-02,2.765840e-03,2.222402e-02,5.832975e-03,1.256725e-02,1.330643e-04,1.676513e-02,1.576549e-01,5.652509e-03,3.259460e-01,4.983719e-03,8.267054e-03,3.925104e-01,5.981712e-03
1.543488e-02,1.844102e-02,2.544284e-03,1.577287e-02,5.989171e-03,1.379397e-02,1.168486e-04,1.186125e-02,1.314709e-01,4.778420e-03,2.486373e-01,3.622494e-03,6.228260e-03,5.159750e-01,5.333305e-03
1.112628e-02,2.071760e-02,2.183328e-03,1.121962e-02,4.345135e-03,1.276258e-02,1.005427e-04,8.406381e-03,1.352084e-01,3.801955e-03,1.791901e-01,2.618433e-03,4.464491e-03,5.984132e-01,5.442022e-03
8.163190e-03,3.111219e-02,6.204488e-03,8.483556e-03,3.189921e-03,1.440157e-02,1.312158e-04,6.093150e-03,1.269629e-01,3.395023e-03,1.289841e-01,2.031667e-03,3.413072e-03,6.518801e-01,5.553878e-03
6.359979e-03,3.855780e-02,5.196202e-03,6.125583e-03,2.391629e-03,1.132365e-02,1.136764e-04,4.653459e-03,1.386169e-01,2.758039e-03,9.164913e-02,1.549132e-03,2.596804e-03,6.813251e-01,6.782932e-03
5.427650e-03,3.555904e-02,4.995666e-03,4.458149e-03,1.886194e-03,8.869039e-03,1.065595e-04,3.761426e-03,1.437771e-01,2.505225e-03,6.508105e-02,1.185437e-03,1.999428e-03,7.122740e-01,8.114102e-03
5.736430e-03,3.498768e-02,1.950817e-02,3.574449e-03,2.574057e-03,1.078946e-02,1.721653e-04,6.039273e-03,1.583926e-01,2.686808e-03,4.739145e-02,9.543164e-04,1.612792e-03,6.972198e-01,8.360515e-03
1.449380e-02,3.152613e-02,8.907684e-02,1.422797e-02,1.032877e-02,1.542760e-02,1.217525e-03,3.042212e-02,1.628772e-01,2.390481e-03,3.638707e-02,8.522820e-04,1.414244e-03,5.819601e-01,7.397973e-03
1.617447e-02,2.481349e-02,7.457916e-02,1.314179e-02,1.067893e-02,1.532233e-02,1.311676e-03,2.735520e-02,1.504222e-01,1.958535e-03,2.939220e-02,6.945290e-04,1.079253e-03,6.265699e-01,6.506366e-03
2.492436e-02,1.947642e-02,5.680935e-02,9.831762e-03,1.300759e-02,1.482136e-02,1.501530e-03,2.452661e-02,1.312237e-01,2.025321e-03,2.294382e-02,6.220825e-04,9.427927e-04,6.713672e-01,5.976102e-03
3.373006e-02,1.533383e-02,4.131102e-02,7.740930e-03,1.807064e-02,1.325468e-02,1.306138e-03,2.030777e-02,1.235932e-01,2.780426e-03,2.015464e-02,5.512409e-04,9.015725e-04,6.950891e-01,5.874755e-03
5.121876e-02,1.420806e-02,3.281121e-02,8.336766e-03,5.423869e-02,1.185116e-02,1.078813e-03,1.893706e-02,1.949874e-01,3.360279e-03,1.926722e-02,6.665379e-04,1.074007e-03,5.807730e-01,7.191068e-03
6.173088e-02,1.525023e-02,2.835462e-02,1.287180e-02,5.424584e-02,1.220526e-02,1.119158e-03,1.737174e-02,2.459877e-01,4.013748e-03,1.789264e-02,1.318943e-03,1.644036e-03,5.137271e-01,1.226626e-02
9.085661e-02,1.794541e-02,2.656985e-02,1.456959e-02,4.597604e-02,2.393489e-02,2.590153e-03,1.777694e-02,2.808230e-01,4.054504e-03,2.029930e-02,2.579035e-03,4.694806e-03,4.303308e-01,1.699913e-02
1.224332e-01,1.762313e-02,2.461496e-02,1.490876e-02,3.848639e-02,3.706217e-02,4.643214e-03,1.727291e-02,3.438869e-01,3.317343e-03,2.018380e-02,3.139795e-03,4.455530e-03,3.328567e-01,1.511519e-02
1.548098e-01,1.851689e-02,2.389708e-02,1.285043e-02,3.409693e-02,4.371285e-02,6.014215e-03,1.488996e-02,3.838776e-01,2.955340e-03,1.941374e-02,3.074707e-03,4.243660e-03,2.644891e-01,1.315768e-02
2.271701e-01,2.145053e-02,2.087214e-02,1.107750e-02,2.862466e-02,5.041443e-02,7.666172e-03,1.259025e-02,3.674107e-01,3.017503e-03,1.922121e-02,3.848657e-03,5.392819e-03,2.074967e-01,1.374662e-02
3.312314e-01,2.334092e-02,1.944913e-02,1.036102e-02,2.409211e-02,3.873288e-02,8.027369e-03,1.265905e-02,2.983943e-01,6.193596e-03,1.599787e-02,6.812976e-03,4.873326e-03,1.797180e-01,2.011601e-02
4.340398e-01,2.305922e-02,1.942912e-02,1.153789e-02,1.998063e-02,3.230204e-02,8.106499e-03,1.454333e-02,2.218146e-01,1.209510e-02,1.424989e-02,1.145427e-02,4.852182e-03,1.463962e-01,2.613915e-02
4.950965e-01,2.364067e-02,1.795875e-02,1.537180e-02,1.895753e-02,3.054297e-02,9.002680e-03,1.490737e-02,1.647067e-01,1.380606e-02,1.333122e-02,1.703286e-02,5.641182e-03,1.306435e-01,2.936022e-02
1.000000e+00,0.000000e+00,0.000000e+00,0.000000e+00,0.000000e+00,0.000000e+00,0.000000e+00,0.000000e+00,0.000000e+00,0.000000e+00,0.000000e+00,0.000000e+00,0.000000e+00,0.000000e+00,0.000000e+00
1.000000e+00,0.000000e+00,0.000000e+00,0.000000e+00,0.000000e+00,0.000000e+00,0.000000e+00,0.000000e+00,0.000000e+00,0.000000e+00,0.000000e+00,0.000000e+00,0.000000e+00,0.000000e+00,0.000000e+00
1.000000e+00,0.000000e+00,0.000000e+00,0.000000e+00,0.000000e+00,0.000000e+00,0.000000e+00,0.000000e+00,0.000000e+00,0.000000e+00,0.000000e+00,0.000000e+00,0.000000e+00,0.000000e+00,0.000000e+00
1.000000e+00,0.000000e+00,0.000000e+00,0.000000e+00,0.000000e+00,0.000000e+00,0.000000e+00,0.000000e+00,0.000000e+00,0.000000e+00,0.000000e+00,0.000000e+00,0.000000e+00,0.000000e+00,0.000000e+00
1.000000e+00,0.000000e+00,0.000000e+00,0.000000e+00,0.000000e+00,0.000000e+00,0.000000e+00,0.000000e+00,0.000000e+00,0.000000e+00,0.000000e+00,0.000000e+00,0.000000e+00,0.000000e+00,0.000000e+00
1.000000e+00,0.000000e+00,0.000000e+00,0.000000e+00,0.000000e+00,0.000000e+00,0.000000e+00,0.000000e+00,0.000000e+00,0.000000e+00,0.000000e+00,0.000000e+00,0.000000e+00,0.000000e+00,0.000000e+00
1.000000e+00,0.000000e+00,0.000000e+00,0.000000e+00,0.000000e+00,0.000000e+00,0.000000e+00,0.000000e+00,0.000000e+00,0.000000e+00,0.000000e+00,0.000000e+00,0.000000e+00,0.000000e+00,0.000000e+00
1.000000e+00,0.000000e+00,0.000000e+00,0.000000e+00,0.000000e+00,0.000000e+00,0.000000e+00,0.000000e+00,0.000000e+00,0.000000e+00,0.000000e+00,0.000000e+00,0.000000e+00,0.000000e+00,0.000000e+00
1.000000e+00,0.000000e+00,0.000000e+00,0.000000e+00,0.000000e+00,0.000000e+00,0.000000e+00,0.000000e+00,0.000000e+00,0.000000e+00,0.000000e+00,0.000000e+00,0.000000e+00,0.000000e+00,0.000000e+00
1.000000e+00,0.000000e+00,0.000000e+00,0.000000e+00,0.000000e+00,0.000000e+00,0.000000e+00,0.000000e+00,0.000000e+00,0.000000e+00,0.000000e+00,0.000000e+00,0.000000e+00,0.000000e+00,0.000000e+00
1.000000e+00,0.000000e+00,0.000000e+00,0.000000e+00,0.000000e+00,0.000000e+00,0.000000e+00,0.000000e+00,0.000000e+00,0.000000e+00,0.000000e+00,0.000000e+00,0.000000e+00,0.000000e+00,0.000000e+00
1.000000e+00,0.000000e+00,0.000000e+00,0.000000e+00,0.000000e+00,0.000000e+00,0.000000e+00,0.000000e+00,0.000000e+00,0.000000e+00,0.000000e+00,0.000000e+00,0.000000e+00,0.000000e+00,0.000000e+00
1.000000e+00,0.000000e+00,0.000000e+00,0.000000e+00,0.000000e+00,0.000000e+00,0.000000e+00,0.000000e+00,0.000000e+00,0.000000e+00,0.000000e+00,0.000000e+00,0.000000e+00,0.000000e+00,0.000000e+00
1.000000e+00,0.000000e+00,0.000000e+00,0.000000e+00,0.000000e+00,0.000000e+00,0.000000e+00,0.000000e+00,0.000000e+00,0.000000e+00,0.000000e+00,0.000000e+00,0.000000e+00,0.000000e+00,0.000000e+00
4.615280e-01,3.276484e-02,9.624556e-03,1.067602e-01,8.325998e-03,4.810886e-02,4.088160e-03,2.103829e-02,2.185939e-02,7.713556e-03,2.799949e-02,1.260080e-01,6.797567e-02,6.632464e-03,4.957246e-02
4.383292e-01,3.341568e-02,1.287673e-02,1.151282e-01,8.896638e-03,5.028903e-02,3.724276e-03,2.215730e-02,2.196743e-02,6.971346e-03,3.108126e-02,1.309172e-01,7.095455e-02,6.204345e-03,4.708680e-02
4.372614e-01,3.787257e-02,1.584359e-02,1.254906e-01,1.154713e-02,4.489251e-02,4.054419e-03,2.408392e-02,2.808642e-02,6.229370e-03,3.112847e-02,1.210609e-01,6.314393e-02,6.187789e-03,4.311701e-02
4.860922e-01,3.632824e-02,1.377012e-02,1.191909e-01,1.135369e-02,3.951686e-02,4.521505e-03,2.153693e-02,3.793817e-02,5.368652e-03,2.710477e-02,1.021102e-01,4.970808e-02,5.066457e-03,4.039311e-02
1.000000e+00,0.000000e+00,0.000000e+00,0.000000e+00,0.000000e+00,0.000000e+00,0.000000e+00,0.000000e+00,0.000000e+00,0.000000e+00,0.000000e+00,0.000000e+00,0.000000e+00,0.000000e+00,0.000000e+00
1.000000e+00,0.000000e+00,0.000000e+00,0.000000e+00,0.000000e+00,0.000000e+00,0.000000e+00,0.000000e+00,0.000000e+00,0.000000e+00,0.000000e+00,0.000000e+00,0.000000e+00,0.000000e+00,0.000000e+00
1.000000e+00,0.000000e+00,0.000000e+00,0.000000e+00,0.000000e+00,0.000000e+00,0.000000e+00,0.000000e+00,0.000000e+00,0.000000e+00,0.000000e+00,0.000000e+00,0.000000e+00,0.000000e+00,0.000000e+00
