1.000000e+00,0.000000e+00,0.000000e+00,0.000000e+00,0.000000e+00,0.000000e+00,0.000000e+00,0.000000e+00,0.000000e+00,0.000000e+00,0.000000e+00,0.000000e+00,0.000000e+00,0.000000e+00,0.000000e+00
1.000000e+00,0.000000e+00,0.000000e+00,0.000000e+00,0.000000e+00,0.000000e+00,0.000000e+00,0.000000e+00,0.000000e+00,0.000000e+00,0.000000e+00,0.000000e+00,0.000000e+00,0.000000e+00,0.000000e+00
1.000000e+00,0.000000e+00,0.000000e+00,0.000000e+00,0.000000e+00,0.000000e+00,0.000000e+00,0.000000e+00,0.000000e+00,0.000000e+00,0.000000e+00,0.000000e+00,0.000000e+00,0.000000e+00,0.000000e+00
1.000000e+00,0.000000e+00,0.000000e+00,0.000000e+00,0.000000e+00,0.000000e+00,0.000000e+00,0.000000e+00,0.000000e+00,0.000000e+00,0.000000e+00,0.000000e+00,0.000000e+00,0.000000e+00,0.000000e+00
1.000000e+00,0.000000e+00,0.000000e+00,0.000000e+00,0.000000e+00,0.000000e+00,0.000000e+00,0.000000e+00,0.000000e+00,0.000000e+00,0.000000e+00,0.000000e+00,0.000000e+00,0.000000e+00,0.000000e+00
1.000000e+00,0.000000e+00,0.000000e+00,0.000000e+00,0.000000e+00,0.000000e+00,0.000000e+00,0.000000e+00,0.000000e+00,0.000000e+00,0.000000e+00,0.000000e+00,0.000000e+00,0.000000e+00,0.000000e+00
1.000000e+00,0.000000e+00,0.000000e+00,0.000000e+00,0.000000e+00,0.000000e+00,0.000000e+00,0.000000e+00,0.000000e+00,0.000000e+00,0.000000e+00,0.000000e+00,0.000000e+00,0.000000e+00,0.000000e+00
1.000000e+00,0.000000e+00,0.000000e+00,0.000000e+00,0.000000e+00,0.000000e+00,0.000000e+00,0.000000e+00,0.000000e+00,0.000000e+00,0.000000e+00,0.000000e+00,0.000000e+00,0.000000e+00,0.000000e+00
1.000000e+00,0.000000e+00,0.000000e+00,0.000000e+00,0.000000e+00,0.000000e+00,0.000000e+00,0.000000e+00,0.000000e+00,0.000000e+00,0.000000e+00,0.000000e+00,0.000000e+00,0.000000e+00,0.000000e+00
1.000000e+00,0.000000e+00,0.000000e+00,0.000000e+00,0.000000e+00,0.000000e+00,0.000000e+00,0.000000e+00,0.000000e+00,0.000000e+00,0.000000e+00,0.000000e+00,0.000000e+00,0.000000e+00,0.000000e+00
1.000000e+00,0.000000e+00,0.000000e+00,0.000000e+00,0.000000e+00,0.000000e+00,0.000000e+00,0.000000e+00,0.000000e+00,0.000000e+00,0.000000e+00,0.000000e+00,0.000000e+00,0.000000e+00,0.000000e+00
1.000000e+00,0.000000e+00,0.000000e+00,0.000000e+00,0.000000e+00,0.000000e+00,0.000000e+00,0.000000e+00,0.000000e+00,0.000000e+00,0.000000e+00,0.000000e+00,0.000000e+00,0.000000e+00,0.000000e+00
1.000000e+00,0.000000e+00,0.000000e+00,0.000000e+00,0.000000e+00,0.000000e+00,0.000000e+00,0.000000e+00,0.000000e+00,0.000000e+00,0.000000e+00,0.000000e+00,0.000000e+00,0.000000e+00,0.000000e+00
1.000000e+00,0.000000e+00,0.000000e+00,0.000000e+00,0.000000e+00,0.000000e+00,0.000000e+00,0.000000e+00,0.000000e+00,0.000000e+00,0.000000e+00,0.000000e+00,0.000000e+00,0.000000e+00,0.000000e+00
1.000000e+00,0.000000e+00,0.000000e+00,0.000000e+00,0.000000e+00,0.000000e+00,0.000000e+00,0.000000e+00,0.000000e+00,0.000000e+00,0.000000e+00,0.000000e+00,0.000000e+00,0.000000e+00,0.000000e+00
1.000000e+00,0.000000e+00,0.000000e+00,0.000000e+00,0.000000e+00,0.000000e+00,0.000000e+00,0.000000e+00,0.000000e+00,0.000000e+00,0.000000e+00,0.000000e+00,0.000000e+00,0.000000e+00,0.000000e+00
1.000000e+00,0.000000e+00,0.000000e+00,0.000000e+00,0.000000e+00,0.000000e+00,0.000000e+00,0.000000e+00,0.000000e+00,0.000000e+00,0.000000e+00,0.000000e+00,0.000000e+00,0.000000e+00,0.000000e+00
1.000000e+00,0.000000e+00,0.000000e+00,0.000000e+00,0.000000e+00,0.000000e+00,0.000000e+00,0.000000e+00,0.000000e+00,0.000000e+00,0.000000e+00,0.000000e+00,0.000000e+00,0.000000e+00,0.000000e+00
1.000000e+00,0.000000e+00,0.000000e+00,0.000000e+00,0.000000e+00,0.000000e+00,0.000000e+00,0.000000e+00,0.000000e+00,0.000000e+00,0.000000e+00,0.000000e+00,0.000000e+00,0.000000e+00,0.000000e+00
1.000000e+00,0.000000e+00,0.000000e+00,0.000000e+00,0.000000e+00,0.000000e+00,0.000000e+00,0.000000e+00,0.000000e+00,0.000000e+00,0.000000e+00,0.000000e+00,0.000000e+00,0.000000e+00,0.000000e+00
1.000000e+00,0.000000e+00,0.000000e+00,0.000000e+00,0.000000e+00,0.000000e+00,0.000000e+00,0.000000e+00,0.000000e+00,0.000000e+00,0.000000e+00,0.000000e+00,0.000000e+00,0.000000e+00,0.000000e+00
1.000000e+00,0.000000e+00,0.000000e+00,0.000000e+00,0.000000e+00,0.000000e+00,0.000000e+00,0.000000e+00,0.000000e+00,0.000000e+00,0.000000e+00,0.000000e+00,0.000000e+00,0.000000e+00,0.000000e+00
1.000000e+00,0.000000e+00,0.000000e+00,0.000000e+00,0.000000e+00,0.000000e+00,0.000000e+00,0.000000e+00,0.000000e+00,0.000000e+00,0.000000e+00,0.000000e+00,0.000000e+00,0.000000e+00,0.000000e+00
1.000000e+00,0.000000e+00,0.000000e+00,0.000000e+00,0.000000e+00,0.000000e+00,0.000000e+00,0.000000e+00,0.000000e+00,0.000000e+00,0.000000e+00,0.000000e+00,0.000000e+00,0.000000e+00,0.000000e+00
1.000000e+00,0.000000e+00,0.000000e+00,0.000000e+00,0.000000e+00,0.000000e+00,0.000000e+00,0.000000e+00,0.000000e+00,0.000000e+00,0.000000e+00,0.000000e+00,0.000000e+00,0.000000e+00,0.000000e+00
1.000000e+00,0.000000e+00,0.000000e+00,0.000000e+00,0.000000e+00,0.000000e+00,0.000000e+00,0.000000e+00,0.000000e+00,0.000000e+00,0.000000e+00,0.000000e+00,0.000000e+00,0.000000e+00,0.000000e+00
1.000000e+00,0.000000e+00,0.000000e+00,0.000000e+00,0.000000e+00,0.000000e+00,0.000000e+00,0.000000e+00,0.000000e+00,0.000000e+00,0.000000e+00,0.000000e+00,0.000000e+00,0.000000e+00,0.000000e+00
1.000000e+00,0.000000e+00,0.000000e+00,0.000000e+00,0.000000e+00,0.000000e+00,0.000000e+00,0.000000e+00,0.000000e+00,0.000000e+00,0.000000e+00,0.000000e+00,0.000000e+00,0.000000e+00,0.000000e+00
1.000000e+00,0.000000e+00,0.000000e+00,0.000000e+00,0.000000e+00,0.000000e+00,0.000000e+00,0.000000e+00,0.000000e+00,0.000000e+00,0.000000e+00,0.000000e+00,0.000000e+00,0.000000e+00,0.000000e+00
1.000000e+00,0.000000e+00,0.000000e+00,0.000000e+00,0.000000e+00,0.000000e+00,0.000000e+00,0.000000e+00,0.000000e+00,0.000000e+00,0.000000e+00,0.000000e+00,0.000000e+00,0.000000e+00,0.000000e+00
1.000000e+00,0.000000e+00,0.000000e+00,0.000000e+00,0.000000e+00,0.000000e+00,0.000000e+00,0.000000e+00,0.000000e+00,0.000000e+00,0.000000e+00,0.000000e+00,0.000000e+00,0.000000e+00,0.000000e+00
1.000000e+00,0.000000e+00,0.000000e+00,0.000000e+00,0.000000e+00,0.000000e+00,0.000000e+00,0.000000e+00,0.000000e+00,0.000000e+00,0.000000e+00,0.000000e+00,0.000000e+00,0.000000e+00,0.000000e+00
1.000000e+00,0.000000e+00,0.000000e+00,0.000000e+00,0.000000e+00,0.000000e+00,0.000000e+00,0.000000e+00,0.000000e+00,0.000000e+00,0.000000e+00,0.000000e+00,0.000000e+00,0.000000e+00,0.000000e+00
1.000000e+00,0.000000e+00,0.000000e+00,0.000000e+00,0.000000e+00,0.000000e+00,0.000000e+00,0.000000e+00,0.000000e+00,0.000000e+00,0.000000e+00,0.000000e+00,0.000000e+00,0.000000e+00,0.000000e+00
1.000000e+00,0.000000e+00,0.000000e+00,0.000000e+00,0.000000e+00,0.000000e+00,0.000000e+00,0.000000e+00,0.000000e+00,0.000000e+00,0.000000e+00,0.000000e+00,0.000000e+00,0.000000e+00,0.000000e+00
1.000000e+00,0.000000e+00,0.000000e+00,0.000000e+00,0.000000e+00,0.000000e+00,0.000000e+00,0.000000e+00,0.000000e+00,0.000000e+00,0.000000e+00,0.000000e+00,0.000000e+00,0.000000e+00,0.000000e+00
1.000000e+00,0.000000e+00,0.000000e+00,0.000000e+00,0.000000e+00,0.000000e+00,0.000000e+00,0.000000e+00,0.000000e+00,0.000000e+00,0.000000e+00,0.000000e+00,0.000000e+00,0.000000e+00,0.000000e+00
1.000000e+00,0.000000e+00,0.000000e+00,0.000000e+00,0.000000e+00,0.000000e+00,0.000000e+00,0.000000e+00,0.000000e+00,0.000000e+00,0.000000e+00,0.000000e+00,0.000000e+00,0.000000e+00,0.000000e+00
1.000000e+00,0.000000e+00,0.000000e+00,0.000000e+00,0.000000e+00,0.000000e+00,0.000000e+00,0.000000e+00,0.000000e+00,0.000000e+00,0.000000e+00,0.000000e+00,0.000000e+00,0.000000e+00,0.000000e+00
1.000000e+00,0.000000e+00,0.000000e+00,0.000000e+00,0.000000e+00,0.000000e+00,0.000000e+00,0.000000e+00,0.000000e+00,0.000000e+00,0.000000e+00,0.000000e+00,0.000000e+00,0.000000e+00,0.000000e+00
1.000000e+00,0.000000e+00,0.000000e+00,0.000000e+00,0.000000e+00,0.000000e+00,0.000000e+00,0.000000e+00,0.000000e+00,0.000000e+00,0.000000e+00,0.000000e+00,0.000000e+00,0.000000e+00,0.000000e+00
1.000000e+00,0.000000e+00,0.000000e+00,0.000000e+00,0.000000e+00,0.000000e+00,0.000000e+00,0.000000e+00,0.000000e+00,0.000000e+00,0.000000e+00,0.000000e+00,0.000000e+00,0.000000e+00,0.000000e+00
1.000000e+00,0.000000e+00,0.000000e+00,0.000000e+00,0.000000e+00,0.000000e+00,0.000000e+00,0.000000e+00,0.000000e+00,0.000000e+00,0.000000e+00,0.000000e+00,0.000000e+00,0.000000e+00,0.000000e+00
1.000000e+00,0.000000e+00,0.000000e+00,0.000000e+00,0.000000e+00,0.000000e+00,0.000000e+00,0.000000e+00,0.000000e+00,0.000000e+00,0.000000e+00,0.000000e+00,0.000000e+00,0.000000e+00,0.000000e+00
1.000000e+00,0.000000e+00,0.000000e+00,0.000000e+00,0.000000e+00,0.000000e+00,0.000000e+00,0.000000e+00,0.000000e+00,0.000000e+00,0.000000e+00,0.000000e+00,0.000000e+00,0.000000e+00,0.000000e+00
1.000000e+00,0.000000e+00,0.000000e+00,0.000000e+00,0.000000e+00,0.000000e+00,0.000000e+00,0.000000e+00,0.000000e+00,0.000000e+00,0.000000e+00,0.000000e+00,0.000000e+00,0.000000e+00,0.000000e+00
1.000000e+00,0.000000e+00,0.000000e+00,0.000000e+00,0.000000e+00,0.000000e+00,0.000000e+00,0.000000e+00,0.000000e+00,0.000000e+00,0.000000e+00,0.000000e+00,0.000000e+00,0.000000e+00,0.000000e+00
1.000000e+00,0.000000e+00,0.000000e+00,0.000000e+00,0.000000e+00,0.000000e+00,0.000000e+00,0.000000e+00,0.000000e+00,0.000000e+00,0.000000e+00,0.000000e+00,0.000000e+00,0.000000e+00,0.000000e+00
1.000000e+00,0.000000e+00,0.000000e+00,0.000000e+00,0.000000e+00,0.000000e+00,0.000000e+00,0.000000e+00,0.000000e+00,0.000000e+00,0.000000e+00,0.000000e+00,0.000000e+00,0.000000e+00,0.000000e+00
1.000000e+00,0.000000e+00,0.000000e+00,0.000000e+00,0.000000e+00,0.000000e+00,0.000000e+00,0.000000e+00,0.000000e+00,0.000000e+00,0.000000e+00,0.000000e+00,0.000000e+00,0.000000e+00,0.000000e+00
1.000000e+00,0.000000e+00,0.000000e+00,0.000000e+00,0.000000e+00,0.000000e+00,0.000000e+00,0.000000e+00,0.000000e+00,0.000000e+00,0.000000e+00,0.000000e+00,0.000000e+00,0.000000e+00,0.000000e+00
1.000000e+00,0.000000e+00,0.000000e+00,0.000000e+00,0.000000e+00,0.000000e+00,0.000000e+00,0.000000e+00,0.000000e+00,0.000000e+00,0.000000e+00,0.000000e+00,0.000000e+00,0.000000e+00,0.000000e+00
1.000000e+00,0.000000e+00,0.000000e+00,0.000000e+00,0.000000e+00,0.000000e+00,0.000000e+00,0.000000e+00,0.000000e+00,0.000000e+00,0.000000e+00,0.000000e+00,0.000000e+00,0.000000e+00,0.000000e+00
1.000000e+00,0.000000e+00,0.000000e+00,0.000000e+00,0.000000e+00,0.000000e+00,0.000000e+00,0.000000e+00,0.000000e+00,0.000000e+00,0.000000e+00,0.000000e+00,0.000000e+00,0.000000e+00,0.000000e+00
1.000000e+00,0.000000e+00,0.000000e+00,0.000000e+00,0.000000e+00,0.000000e+00,0.000000e+00,0.000000e+00,0.000000e+00,0.000000e+00,0.000000e+00,0.000000e+00,0.000000e+00,0.000000e+00,0.000000e+00
1.000000e+00,0.000000e+00,0.000000e+00,0.000000e+00,0.000000e+00,0.000000e+00,0.000000e+00,0.000000e+00,0.000000e+00,0.000000e+00,0.000000e+00,0.000000e+00,0.000000e+00,0.000000e+00,0.000000e+00
1.000000e+00,0.000000e+00,0.000000e+00,0.000000e+00,0.000000e+00,0.000000e+00,0.000000e+00,0.000000e+00,0.000000e+00,0.000000e+00,0.000000e+00,0.000000e+00,0.000000e+00,0.000000e+00,0.000000e+00
1.000000e+00,0.000000e+00,0.000000e+00,0.000000e+00,0.000000e+00,0.000000e+00,0.000000e+00,0.000000e+00,0.000000e+00,0.000000e+00,0.000000e+00,0.000000e+00,0.000000e+00,0.000000e+00,0.000000e+00
1.000000e+00,0.000000e+00,0.000000e+00,0.000000e+00,0.000000e+00,0.000000e+00,0.000000e+00,0.000000e+00,0.000000e+00,0.000000e+00,0.000000e+00,0.000000e+00,0.000000e+00,0.000000e+00,0.000000e+00
1.000000e+00,0.000000e+00,0.000000e+00,0.000000e+00,0.000000e+00,0.000000e+00,0.000000e+00,0.000000e+00,0.000000e+00,0.000000e+00,0.000000e+00,0.000000e+00,0.000000e+00,0.000000e+00,0.000000e+00
1.000000e+00,0.000000e+00,0.000000e+00,0.000000e+00,0.000000e+00,0.000000e+00,0.000000e+00,0.000000e+00,0.000000e+00,0.000000e+00,0.000000e+00,0.000000e+00,0.000000e+00,0.000000e+00,0.000000e+00
1.000000e+00,0.000000e+00,0.000000e+00,0.000000e+00,0.000000e+00,0.000000e+00,0.000000e+00,0.000000e+00,0.000000e+00,0.000000e+00,0.000000e+00,0.000000e+00,0.000000e+00,0.000000e+00,0.000000e+00
3.921360e-01,5.715571e-02,8.465958e-02,2.562792e-01,7.150879e-03,1.943294e-02,3.111174e-03,2.727184e-02,1.182489e-02,5.939297e-03,5.734894e-02,3.064234e-02,1.871079e-02,5.547557e-03,2.278890e-02
2.850330e-01,5.239812e-02,6.378841e-02,2.113209e-01,5.544513e-03,1.633406e-02,2.214034e-03,1.961322e-02,1.261192e-02,5.111779e-03,1.877922e-01,8.611546e-02,1.587064e-02,1.107980e-02,2.517202e-02
1.997105e-01,4.076273e-02,4.551496e-02,1.676105e-01,4.281154e-03,1.255055e-02,1.581120e-03,1.380578e-02,1.226770e-02,4.501235e-03,3.168753e-01,1.384598e-01,1.172292e-02,1.164797e-02,1.870780e-02
1.399069e-01,2.894566e-02,3.202246e-02,1.373051e-01,3.473527e-03,9.607823e-03,1.120750e-03,9.725695e-03,1.059763e-02,3.849171e-03,4.733722e-01,1.111924e-01,8.428117e-03,1.700567e-02,1.344688e-02
9.805446e-02,2.057755e-02,2.253556e-02,1.128091e-01,3.368810e-03,7.375542e-03,7.997692e-04,6.908381e-03,8.646064e-03,4.240431e-03,5.641942e-01,1.077307e-01,6.281185e-03,2.682872e-02,9.649416e-03
6.886476e-02,1.472204e-02,1.592107e-02,8.210341e-02,4.173549e-03,5.765361e-03,6.008560e-04,4.979412e-03,7.945425e-03,5.813984e-03,5.844362e-01,1.183088e-01,4.840075e-03,7.440075e-02,7.124316e-03
4.844503e-02,1.053629e-02,1.126488e-02,6.173303e-02,4.295304e-03,5.882943e-03,4.535716e-04,3.595768e-03,7.294043e-03,6.282317e-03,6.239677e-01,1.133222e-01,4.189960e-03,9.331464e-02,5.422324e-03
5.166484e-02,8.202738e-03,8.316077e-03,5.864942e-02,5.059679e-03,7.025876e-03,4.330330e-04,2.939993e-03,7.672716e-03,6.384852e-03,6.118581e-01,1.238174e-01,3.751668e-03,9.865487e-02,5.568703e-03
7.182120e-02,6.245253e-03,6.156297e-03,4.897819e-02,4.268050e-03,7.744841e-03,4.066698e-04,2.251079e-03,1.048524e-02,8.679748e-03,5.797682e-01,1.494643e-01,3.338857e-03,9.432499e-02,6.067051e-03
7.344873e-02,4.743967e-03,4.539192e-03,3.884799e-02,3.864765e-03,8.843474e-03,3.922412e-04,1.711821e-03,9.988438e-03,9.138831e-03,5.879890e-01,1.581829e-01,2.881830e-03,8.962923e-02,5.797582e-03
5.841818e-02,3.747166e-03,3.409110e-03,2.906585e-02,3.529203e-03,1.092576e-02,5.407442e-04,1.326520e-03,9.365915e-03,1.036874e-02,6.111767e-01,1.777196e-01,2.592788e-03,7.228448e-02,5.529178e-03
4.973186e-02,3.079889e-03,2.676889e-03,2.221692e-02,3.316269e-03,1.042847e-02,6.048032e-04,1.119621e-03,9.948731e-03,1.179032e-02,6.150448e-01,2.011611e-01,2.391532e-03,6.096824e-02,5.520576e-03
4.299527e-02,2.508610e-03,2.037416e-03,1.598077e-02,2.736276e-03,8.752022e-03,6.081504e-04,9.067350e-04,8.785959e-03,1.038785e-02,6.717199e-01,1.758548e-01,2.387366e-03,4.912985e-02,5.208985e-03
3.845491e-02,2.803502e-03,1.774663e-03,1.145376e-02,3.000274e-03,7.166645e-03,7.695364e-04,7.987313e-04,8.982068e-03,9.950439e-03,6.968563e-01,1.702590e-01,2.251493e-03,4.006957e-02,5.409107e-03
3.910636e-02,2.870023e-03,1.748740e-03,8.581610e-03,9.114462e-03,7.145277e-03,1.272518e-03,3.484549e-03,8.748223e-03,1.455795e-02,6.573193e-01,2.022913e-01,2.716094e-03,3.655479e-02,4.488821e-03
3.749318e-02,2.354701e-03,1.330725e-03,6.196357e-03,7.340098e-03,8.703969e-03,1.494130e-03,2.813215e-03,6.974688e-03,1.184052e-02,7.122433e-01,1.684380e-01,2.468802e-03,2.660765e-02,3.700645e-03
4.028625e-02,3.627510e-03,1.381412e-03,4.868011e-03,1.789093e-02,9.389093e-03,2.567972e-03,2.654064e-03,7.501243e-03,1.096188e-02,7.187841e-01,1.523709e-01,2.826187e-03,2.021632e-02,4.674120e-03
4.574589e-02,4.477557e-03,1.454578e-03,3.927113e-03,1.825269e-02,1.213235e-02,2.524893e-03,2.439663e-03,8.050520e-03,1.060460e-02,7.011076e-01,1.651235e-01,3.009216e-03,1.609266e-02,5.057307e-03
5.030414e-02,5.792720e-03,2.044794e-03,3.592326e-03,2.293057e-02,1.423570e-02,2.684758e-03,2.927171e-03,1.232368e-02,8.977975e-03,6.769745e-01,1.731808e-01,5.096220e-03,1.280661e-02,6.127986e-03
5.923301e-02,8.855519e-03,3.567835e-03,3.640837e-03,4.344395e-02,2.108758e-02,3.350053e-03,7.189347e-03,2.759949e-02,8.793614e-03,5.937094e-01,1.944832e-01,7.044229e-03,1.117158e-02,6.830358e-03
7.814560e-02,1.869799e-02,4.414307e-03,3.642308e-03,4.110362e-02,2.549558e-02,3.416152e-03,8.165953e-03,5.861039e-02,9.110686e-03,5.474303e-01,1.766234e-01,7.135696e-03,9.171896e-03,8.836033e-03
8.759997e-02,5.124425e-02,7.159711e-03,3.802997e-03,3.856820e-02,2.478413e-02,3.671462e-03,1.072134e-02,1.144990e-01,9.417473e-03,4.685376e-01,1.523876e-01,7.843874e-03,8.321067e-03,1.144134e-02
9.031759e-02,9.466378e-02,9.151977e-03,3.179489e-03,3.177236e-02,2.089891e-02,2.984013e-03,1.044826e-02,1.526064e-01,1.275454e-02,3.934025e-01,1.469487e-01,8.935310e-03,8.643048e-03,1.329314e-02
6.999940e-02,7.817169e-02,2.306306e-02,3.370420e-03,3.348587e-02,2.074644e-02,3.318908e-03,3.892150e-02,2.242964e-01,1.141679e-02,3.198208e-01,1.412451e-01,1.294216e-02,8.730218e-03,1.047126e-02
5.225455e-02,7.191776e-02,2.615094e-02,3.003476e-03,3.243246e-02,2.199828e-02,3.183750e-03,5.578811e-02,3.493076e-01,8.869346e-03,2.390792e-01,1.104541e-01,1.086032e-02,6.829813e-03,7.870296e-03
4.222478e-02,6.452454e-02,4.585429e-02,4.636086e-03,3.137950e-02,2.176235e-02,2.568511e-03,1.699531e-01,3.275877e-01,7.023922e-03,1.820339e-01,7.970461e-02,9.331880e-03,5.174761e-03,6.240017e-03
3.261357e-02,5.055321e-02,5.437283e-02,3.779136e-03,2.846064e-02,1.754515e-02,1.942533e-03,3.429588e-01,2.607106e-01,5.357622e-03,1.303286e-01,5.606758e-02,6.970475e-03,3.779050e-03,4.560260e-03
2.656079e-02,4.506558e-02,5.347234e-02,3.949749e-03,4.561130e-02,1.451566e-02,3.576314e-03,4.539921e-01,2.067932e-01,3.868542e-03,9.179465e-02,3.931225e-02,5.408296e-03,2.720401e-03,3.358833e-03
1.984816e-02,3.415559e-02,4.245362e-02,2.884801e-03,4.213937e-02,1.102549e-02,2.874556e-02,5.520905e-01,1.622147e-01,2.787190e-03,6.436502e-02,2.754429e-02,5.371477e-03,1.961961e-03,2.412181e-03
1.569662e-02,2.461827e-02,3.124331e-02,2.108433e-03,4.639023e-02,9.017089e-03,5.216341e-02,6.167294e-01,1.273601e-01,2.016563e-03,4.512233e-02,1.930990e-02,5.100260e-03,1.401303e-03,1.722758e-03
1.425174e-02,1.844637e-02,2.320462e-02,1.559679e-03,4.980080e-02,7.706138e-03,8.800507e-02,6.213743e-01,1.134085e-01,1.474749e-03,3.184288e-02,1.377982e-02,1.273675e-02,1.106682e-03,1.301930e-03
1.436706e-02,1.387025e-02,1.881726e-02,1.416101e-03,4.680611e-02,5.707913e-03,8.741036e-02,6.775606e-01,8.628615e-02,1.140317e-03,2.239330e-02,9.766325e-03,1.231581e-02,9.299258e-04,1.212480e-03
1.824623e-02,1.056294e-02,1.615597e-02,1.305881e-03,5.182919e-02,4.361044e-03,7.938638e-02,7.017068e-01,8.045021e-02,1.023412e-03,1.581975e-02,7.140670e-03,9.799656e-03,7.006579e-04,1.511173e-03
1.596009e-02,7.614539e-03,1.203025e-02,9.871995e-04,4.597094e-02,3.177190e-03,7.021753e-02,7.533460e-01,6.478444e-02,7.683121e-04,1.112081e-02,5.044322e-03,7.258400e-03,5.503785e-04,1.169557e-03
1.526773e-02,5.429009e-03,9.759566e-03,7.971861e-04,3.855622e-02,2.392042e-03,5.511536e-02,8.025125e-01,5.145779e-02,5.825374e-04,7.824077e-03,3.604328e-03,5.370718e-03,4.331472e-04,8.976485e-04
1.711877e-02,4.017729e-03,1.041316e-02,6.961059e-04,3.213402e-02,1.966934e-03,4.262942e-02,8.248971e-01,5.201197e-02,6.635133e-04,5.544462e-03,2.641707e-03,3.971143e-03,4.908761e-04,8.030680e-04
2.309440e-02,3.114951e-03,1.534245e-02,5.991686e-04,2.576908e-02,1.845272e-03,3.238809e-02,8.424855e-01,4.425159e-02,7.260693e-04,3.933613e-03,1.977364e-03,3.024942e-03,5.633268e-04,8.840676e-04
4.808786e-02,2.567904e-03,2.058710e-02,1.148083e-03,2.229974e-02,2.093540e-03,2.832399e-02,8.240541e-01,4.127109e-02,8.149493e-04,2.925290e-03,1.758649e-03,2.714308e-03,4.841229e-04,8.692913e-04
6.002228e-02,2.396043e-03,2.987169e-02,1.875977e-03,2.110520e-02,2.840149e-03,2.305722e-02,8.156781e-01,3.341442e-02,1.005243e-03,2.652349e-03,1.857218e-03,2.598145e-03,4.987371e-04,1.127193e-03
7.816610e-02,2.048797e-03,3.439144e-02,2.281943e-03,1.756791e-02,3.532838e-03,2.054438e-02,8.052878e-01,2.631231e-02,9.663455e-04,2.592840e-03,1.972535e-03,2.474463e-03,4.996862e-04,1.360590e-03
8.461536e-02,2.318952e-03,3.073612e-02,2.749647e-03,1.637157e-02,3.940247e-03,1.755934e-02,8.103049e-01,2.070056e-02,1.064741e-03,2.772822e-03,2.261859e-03,2.278680e-03,5.208763e-04,1.804306e-03
7.935056e-02,2.182375e-03,2.881095e-02,3.423996e-03,1.566405e-02,4.212279e-03,1.538671e-02,8.242670e-01,1.605476e-02,1.085769e-03,2.768524e-03,2.346876e-03,2.057060e-03,5.235962e-04,1.865613e-03
7.433227e-02,1.907917e-03,3.454723e-02,5.023061e-03,1.406346e-02,6.849489e-03,1.813313e-02,8.212716e-01,1.252838e-02,1.171887e-03,2.479192e-03,3.287404e-03,2.160407e-03,5.076039e-04,1.737023e-03
1.333673e-01,2.248780e-03,4.170306e-02,7.431804e-03,1.438131e-02,8.992259e-03,2.419611e-02,7.401695e-01,1.045097e-02,2.859486e-03,2.658965e-03,5.268828e-03,2.657679e-03,7.759273e-04,2.837996e-03
1.626637e-01,2.174806e-03,5.782110e-02,9.493454e-03,1.461038e-02,9.748273e-03,2.438372e-02,6.906282e-01,8.055665e-03,3.596851e-03,3.173705e-03,5.966204e-03,2.725976e-03,1.180499e-03,3.777473e-03
1.681043e-01,2.167506e-03,7.105780e-02,1.084952e-02,1.364715e-02,9.118092e-03,2.357127e-02,6.748430e-01,6.223695e-03,3.478527e-03,3.567123e-03,5.680170e-03,2.619514e-03,1.179051e-03,3.893300e-03
1.675074e-01,2.020484e-03,7.269219e-02,1.058117e-02,1.383403e-02,8.401495e-03,2.216314e-02,6.786099e-01,4.814276e-03,3.031189e-03,3.590466e-03,5.221381e-03,2.630833e-03,1.106228e-03,3.795847e-03
1.647239e-01,1.705776e-03,6.344369e-02,8.721918e-03,1.331985e-02,8.186070e-03,2.659482e-02,6.929185e-01,3.721642e-03,2.416470e-03,2.887244e-03,4.740087e-03,2.606129e-03,8.957404e-04,3.118197e-03
1.585778e-01,1.765922e-03,5.112886e-02,6.740503e-03,1.290298e-02,1.979680e-02,2.391619e-02,6.837572e-01,3.912116e-03,2.316632e-03,4.505743e-03,9.110990e-03,1.558880e-02,1.415853e-03,4.563679e-03
1.479535e-01,1.757811e-03,3.862388e-02,5.888950e-03,1.213505e-02,2.243152e-02,2.162097e-02,6.615384e-01,4.528947e-03,4.238045e-03,1.246354e-02,1.697790e-02,3.983823e-02,2.271391e-03,7.731942e-03
1.494854e-01,1.996125e-03,2.819901e-02,5.476449e-03,1.180733e-02,2.352125e-02,1.712117e-02,5.357369e-01,8.958461e-03,7.166545e-03,4.295203e-02,3.129966e-02,1.114263e-01,4.539720e-03,2.031365e-02
1.409769e-01,2.165033e-03,2.062020e-02,5.043013e-03,1.265650e-02,2.137241e-02,1.524178e-02,4.471853e-01,1.331041e-02,2.208939e-02,7.407422e-02,3.631394e-02,1.435536e-01,8.652426e-03,3.674488e-02
1.414712e-01,2.930905e-03,1.568753e-02,5.510825e-03,1.186489e-02,1.820917e-02,1.420747e-02,3.728764e-01,1.379650e-02,9.373575e-02,7.436668e-02,3.230978e-02,1.469488e-01,1.257070e-02,4.351345e-02
1.706975e-01,4.980721e-03,1.240002e-02,1.000534e-02,9.695733e-03,1.994407e-02,1.060048e-02,2.720233e-01,1.676812e-02,1.112516e-01,6.429695e-02,3.380875e-02,1.405364e-01,1.226564e-02,1.107254e-01
1.587136e-01,5.696198e-03,9.519679e-03,1.821791e-02,8.749845e-03,2.062827e-02,8.879337e-03,1.951516e-01,3.495875e-02,1.725401e-01,5.929896e-02,3.827653e-02,1.556972e-01,1.067060e-02,1.030014e-01
1.297187e-01,1.479628e-02,1.346957e-02,1.352251e-01,1.372620e-02,1.563445e-02,6.796633e-03,1.440348e-01,6.371164e-02,1.383912e-01,5.336149e-02,3.596403e-02,1.443039e-01,9.342934e-03,8.152313e-02
1.110930e-01,1.272634e-02,1.114820e-02,1.443114e-01,1.443721e-02,1.313787e-02,5.300797e-03,1.045050e-01,1.034165e-01,1.071554e-01,8.091912e-02,3.259749e-02,1.573350e-01,8.086976e-03,9.382964e-02
1.325181e-01,1.174037e-02,9.253202e-03,1.176382e-01,1.610858e-02,1.283635e-02,4.368352e-03,7.569689e-02,1.486774e-01,8.134107e-02,7.211226e-02,2.775709e-02,1.595026e-01,7.099575e-03,1.233500e-01
1.092230e-01,1.183792e-02,2.080942e-02,1.903827e-01,1.518956e-02,1.186422e-02,3.232266e-03,5.543061e-02,1.557722e-01,6.179643e-02,7.194633e-02,2.470271e-02,1.689572e-01,6.951592e-03,9.190371e-02
8.855570e-02,9.222340e-03,1.909535e-02,1.624465e-01,1.493592e-02,1.111551e-02,2.414556e-03,4.258189e-02,1.645705e-01,4.721275e-02,9.769388e-02,3.245965e-02,2.208828e-01,6.402549e-03,8.041012e-02
6.408020e-02,6.718058e-03,1.524146e-02,1.187484e-01,1.338247e-02,8.495851e-03,1.997587e-03,1.010857e-01,1.479453e-01,3.420413e-02,1.104476e-01,3.821135e-02,2.589027e-01,5.303975e-03,7.523523e-02
4.748472e-02,5.749425e-03,1.406692e-02,9.005355e-02,2.127381e-02,6.189282e-03,1.637524e-03,1.440187e-01,1.874835e-01,2.479491e-02,1.246034e-01,3.106954e-02,2.262028e-01,4.579651e-03,7.079230e-02
3.704131e-02,9.507559e-03,1.875866e-02,6.719267e-02,2.041985e-02,4.642806e-03,1.793361e-03,1.595577e-01,2.288309e-01,1.863137e-02,1.044204e-01,2.478682e-02,1.713539e-01,4.510566e-03,1.285522e-01
3.058242e-02,1.068387e-02,3.544446e-02,7.008699e-02,2.005976e-02,4.374476e-03,2.100990e-03,2.145517e-01,2.023133e-01,1.403361e-02,9.110370e-02,2.220684e-02,1.485378e-01,3.998426e-03,1.299216e-01
2.325568e-02,1.433302e-02,4.679420e-02,5.431005e-02,1.786369e-02,4.190690e-03,2.292198e-03,2.708055e-01,1.903593e-01,1.034292e-02,6.999265e-02,1.735807e-02,1.166273e-01,3.309061e-03,1.581656e-01
2.252565e-02,1.606667e-02,5.928702e-02,4.073494e-02,2.116000e-02,4.810465e-03,2.267307e-03,3.294663e-01,1.548031e-01,9.520263e-03,5.717751e-02,1.435372e-02,9.092809e-02,2.804872e-03,1.740941e-01
2.588074e-02,2.477747e-02,5.356616e-02,3.073076e-02,2.583237e-02,6.181417e-03,1.965836e-03,3.344150e-01,1.935645e-01,8.999876e-03,4.762802e-02,1.243472e-02,7.161532e-02,2.369273e-03,1.600384e-01
2.810458e-02,3.463088e-02,4.914956e-02,2.436218e-02,2.770322e-02,6.069521e-03,1.532499e-03,3.139066e-01,2.531274e-01,1.096006e-02,4.399417e-02,1.621861e-02,6.422845e-02,2.387237e-03,1.236251e-01
4.448626e-02,3.435115e-02,4.938419e-02,4.675852e-02,3.032503e-02,6.326789e-03,1.548312e-03,2.870160e-01,2.443227e-01,2.071485e-02,4.858536e-02,1.402524e-02,7.087975e-02,3.131393e-03,9.814451e-02
6.411704e-02,3.382269e-02,3.906177e-02,4.399556e-02,3.627914e-02,8.277493e-03,1.387628e-03,2.657934e-01,2.829853e-01,2.448804e-02,4.607914e-02,1.144135e-02,6.631058e-02,3.186103e-03,7.277484e-02
8.824641e-02,3.509848e-02,3.101234e-02,9.157536e-02,3.640986e-02,9.670177e-03,1.391073e-03,2.008316e-01,3.164582e-01,2.194271e-02,3.692552e-02,1.139245e-02,6.238553e-02,2.533948e-03,5.412634e-02
9.813635e-02,3.519417e-02,2.307537e-02,1.063193e-01,3.636191e-02,8.971424e-03,1.780282e-03,1.633948e-01,3.782973e-01,1.746831e-02,3.160012e-02,1.012308e-02,4.603165e-02,2.046555e-03,4.119943e-02
9.913614e-02,2.842809e-02,1.695644e-02,9.909520e-02,7.268925e-02,1.240626e-02,2.984231e-03,1.536653e-01,4.020346e-01,1.337999e-02,2.465099e-02,7.898320e-03,3.560594e-02,1.628519e-03,2.944072e-02
1.064775e-01,2.292707e-02,1.666526e-02,1.562378e-01,1.012676e-01,1.115092e-02,4.354861e-03,1.352956e-01,3.592562e-01,1.038277e-02,2.111878e-02,6.299856e-03,2.629289e-02,1.189117e-03,2.108372e-02
1.037135e-01,1.797153e-02,1.527244e-02,1.612681e-01,1.031947e-01,1.216396e-02,6.264238e-03,1.983835e-01,3.155615e-01,7.630966e-03,1.720286e-02,5.654047e-03,1.962768e-02,8.762970e-04,1.521459e-02
7.783161e-02,1.286109e-02,1.157723e-02,1.164068e-01,7.712470e-02,9.491999e-03,5.791792e-03,4.174207e-01,2.238373e-01,5.410241e-03,1.245084e-02,4.289870e-03,1.417242e-02,6.243863e-04,1.070889e-02
5.724522e-02,9.165961e-03,8.894236e-03,8.341570e-02,5.976907e-02,7.704630e-03,4.807485e-03,5.771325e-01,1.576347e-01,3.849379e-03,8.949849e-03,3.196670e-03,1.024101e-02,4.474950e-04,7.546077e-03
4.163916e-02,6.511921e-03,1.201156e-02,5.965177e-02,4.483989e-02,7.444684e-03,3.994169e-03,6.877599e-01,1.105059e-01,2.822942e-03,6.804448e-03,2.560079e-03,7.635690e-03,3.604257e-04,5.457433e-03
3.687719e-02,4.923590e-03,3.560276e-02,4.790369e-02,3.724913e-02,2.051530e-02,4.317133e-03,7.055478e-01,7.795581e-02,6.113656e-03,7.998482e-03,2.645398e-03,7.367137e-03,3.820324e-04,4.600829e-03
3.819817e-02,3.956540e-03,3.383633e-02,3.571681e-02,3.368864e-02,8.601953e-02,5.202440e-03,6.671057e-01,5.534835e-02,8.894371e-03,1.319421e-02,4.059275e-03,9.885266e-03,4.652925e-04,4.429071e-03
3.772072e-02,3.243179e-03,2.697356e-02,2.581091e-02,2.852889e-02,1.523926e-01,4.558993e-03,6.417669e-01,3.933701e-02,8.370990e-03,1.371370e-02,3.878793e-03,8.427587e-03,4.596287e-04,4.816562e-03
3.165642e-02,2.417625e-03,1.989405e-02,1.844393e-02,2.134400e-02,1.154452e-01,3.942391e-03,7.276002e-01,2.824150e-02,6.128154e-03,1.077877e-02,3.330221e-03,6.442108e-03,3.621079e-04,3.973358e-03
3.189110e-02,1.932413e-03,1.548488e-02,1.337987e-02,1.567298e-02,9.268512e-02,3.268432e-03,7.802200e-01,2.025185e-02,4.696450e-03,8.281854e-03,2.804151e-03,4.758016e-03,3.713097e-04,4.301667e-03
4.461908e-02,1.651484e-03,1.249953e-02,9.714184e-03,1.174070e-02,7.306886e-02,2.723464e-03,8.079188e-01,1.434474e-02,3.612416e-03,6.232387e-03,2.252653e-03,3.464568e-03,4.442270e-04,5.712904e-03
6.820406e-02,1.745871e-03,1.061124e-02,7.296938e-03,9.504672e-03,1.782788e-01,2.229956e-03,6.777923e-01,1.051893e-02,3.769882e-03,6.436406e-03,2.425885e-03,2.945913e-03,2.660767e-03,1.557843e-02
9.783722e-02,3.616935e-03,1.081455e-02,7.936404e-03,8.640313e-03,2.074281e-01,2.385566e-03,6.081540e-01,8.460028e-03,5.690032e-03,7.054138e-03,4.121194e-03,2.781593e-03,2.612138e-03,2.246778e-02
9.809458e-02,3.626200e-03,9.653572e-03,6.402473e-03,6.802105e-03,1.720172e-01,2.250194e-03,6.563962e-01,6.334360e-03,4.670028e-03,6.128785e-03,3.636138e-03,2.162162e-03,2.490985e-03,1.933505e-02
9.612966e-02,3.465026e-03,7.908293e-03,5.193804e-03,5.842029e-03,1.261126e-01,1.877611e-03,7.138214e-01,4.798590e-03,4.337502e-03,5.499610e-03,3.672172e-03,1.684018e-03,2.597817e-03,1.705988e-02
1.159886e-01,7.020856e-03,2.015606e-02,3.435650e-02,9.322492e-03,2.013510e-01,2.117531e-03,5.251651e-01,4.324227e-03,9.573441e-03,2.970129e-02,9.394919e-03,3.062429e-03,5.559500e-03,2.290599e-02
9.628575e-02,5.673969e-03,1.536895e-02,2.471627e-02,7.105798e-03,3.441768e-01,1.885690e-03,3.687707e-01,3.383825e-03,1.065148e-02,8.037665e-02,1.049738e-02,2.631852e-03,8.523888e-03,1.995092e-02
6.910577e-02,4.438677e-03,1.258463e-02,1.767451e-02,5.181278e-03,3.385326e-01,1.461852e-03,2.583411e-01,3.028759e-03,8.461885e-03,2.282956e-01,2.025860e-02,2.109692e-03,1.482974e-02,1.569529e-02
4.998193e-02,3.445294e-03,1.038075e-02,1.287896e-02,4.100850e-03,3.151757e-01,1.190603e-03,1.811063e-01,3.080506e-03,6.961232e-03,3.175292e-01,3.709995e-02,1.813703e-03,4.273297e-02,1.252208e-02
3.546381e-02,2.925212e-03,7.536977e-03,9.186819e-03,3.102443e-03,2.227101e-01,9.138063e-04,1.269063e-01,8.738784e-03,5.342840e-03,4.623660e-01,4.937759e-02,1.344167e-03,5.443533e-02,9.649746e-03
2.501120e-02,2.830971e-03,5.745706e-03,6.679786e-03,3.109370e-03,1.577837e-01,7.382322e-04,8.894712e-02,1.509988e-02,5.048865e-03,4.995896e-01,6.562896e-02,1.074190e-03,1.146651e-01,8.047344e-03
1.768168e-02,2.133577e-03,4.415094e-03,4.863976e-03,3.042117e-03,1.133851e-01,5.829889e-04,6.246466e-02,1.280013e-02,4.016844e-03,5.634731e-01,6.413021e-02,8.620110e-04,1.403309e-01,5.817490e-03
1.381472e-02,1.827246e-03,3.943212e-03,4.077884e-03,3.391857e-03,8.083600e-02,5.402255e-04,4.569096e-02,1.348253e-02,4.203146e-03,6.086900e-01,7.314248e-02,7.678104e-04,1.413918e-01,4.200031e-03
1.154535e-02,1.540506e-03,4.473633e-03,3.799875e-03,3.258361e-03,6.091276e-02,6.334063e-04,3.791922e-02,1.281286e-02,4.446741e-03,6.475531e-01,6.680998e-02,7.185995e-04,1.405514e-01,3.024119e-03
1.141915e-02,2.640903e-03,1.231617e-02,3.650882e-03,3.586957e-03,5.574791e-02,1.109703e-03,2.986480e-02,1.093399e-02,7.458590e-03,6.745109e-01,5.750764e-02,8.235993e-04,1.260995e-01,2.329300e-03
9.029876e-03,3.981897e-03,1.497464e-02,3.206096e-03,2.901479e-03,5.322160e-02,8.915443e-04,2.223113e-02,9.790966e-03,6.597781e-03,6.645167e-01,4.864316e-02,6.970020e-04,1.575408e-01,1.775377e-03
6.552044e-03,3.813032e-03,1.318155e-02,2.561317e-03,2.274075e-03,4.285318e-02,6.654589e-04,1.604200e-02,8.493502e-03,5.361054e-03,6.489776e-01,3.869444e-02,6.173576e-04,2.086280e-01,1.285318e-03
4.930179e-03,3.426850e-03,1.062934e-02,1.978365e-03,1.813929e-03,3.405909e-02,4.858201e-04,1.153134e-02,9.367673e-03,4.535242e-03,5.956486e-01,2.931101e-02,6.334622e-04,2.907047e-01,9.443364e-04
3.684243e-03,2.909821e-03,7.959334e-03,1.517190e-03,1.503814e-03,2.542084e-02,3.583994e-04,8.239963e-03,1.291762e-02,3.978935e-03,5.559606e-01,2.228566e-02,6.404755e-04,3.519081e-01,7.149670e-04
2.783789e-03,2.495986e-03,5.794634e-03,1.135313e-03,1.244724e-03,1.870808e-02,2.636169e-04,5.860122e-03,1.615916e-02,3.704444e-03,5.654957e-01,1.720970e-02,6.014248e-04,3.579488e-01,5.944968e-04
2.229444e-03,2.718286e-03,4.355911e-03,1.074872e-03,1.128753e-03,1.413396e-02,1.994686e-04,4.281255e-03,3.482039e-02,3.404483e-03,5.235292e-01,1.355966e-02,5.764798e-04,3.934512e-01,5.366048e-04
1.782550e-03,2.705080e-03,3.467033e-03,9.281358e-04,1.064715e-03,1.085612e-02,1.585553e-04,3.196069e-03,5.587463e-02,3.609390e-03,4.770437e-01,1.068681e-02,5.568709e-04,4.275445e-01,5.257198e-04
1.419003e-03,2.105653e-03,2.622649e-03,8.635513e-04,9.047017e-04,8.012652e-03,1.177917e-04,2.298597e-03,5.497707e-02,3.509630e-03,4.417652e-01,8.718196e-03,7.143210e-04,4.714326e-01,5.383767e-04
1.120252e-03,1.670919e-03,2.068699e-03,8.178252e-04,8.086325e-04,5.898838e-03,9.125240e-05,1.648883e-03,5.468660e-02,3.704639e-03,4.062416e-01,7.419604e-03,8.461156e-04,5.124377e-01,5.384282e-04
1.005540e-03,1.906148e-03,2.195921e-03,1.040366e-03,1.064403e-03,4.557470e-03,9.100379e-05,1.181298e-03,6.190608e-02,8.099446e-03,4.250055e-01,6.323824e-03,7.496348e-04,4.836775e-01,1.195791e-03
9.746440e-04,1.897987e-03,3.100623e-03,1.086736e-03,1.849042e-03,6.741952e-03,2.989985e-04,9.506098e-04,5.488374e-02,2.971162e-02,4.571045e-01,6.683374e-03,8.454750e-04,4.319689e-01,1.901753e-03
1.348866e-03,3.709835e-03,9.555534e-03,2.306765e-03,5.515746e-03,9.776994e-03,5.881425e-04,2.159848e-03,6.831839e-02,3.471152e-02,4.397800e-01,6.067616e-03,8.654525e-04,4.122487e-01,3.046570e-03
1.719417e-03,3.226765e-03,9.443636e-03,2.122449e-03,4.984425e-03,1.063192e-02,6.696689e-04,3.420414e-03,6.494931e-02,3.205329e-02,4.517672e-01,5.016390e-03,9.054474e-04,4.063000e-01,2.789637e-03
1.660226e-03,2.601983e-03,8.534241e-03,1.895725e-03,3.982837e-03,1.062906e-02,5.683817e-04,3.344547e-03,5.795646e-02,2.628489e-02,4.569339e-01,4.334310e-03,8.853528e-04,4.181426e-01,2.245522e-03
1.528197e-03,3.012549e-03,6.498420e-03,1.446502e-03,3.153228e-03,8.742019e-03,4.371983e-04,2.507722e-03,6.275278e-02,3.211475e-02,4.911245e-01,3.779811e-03,7.349116e-04,3.800021e-01,2.165360e-03
1.385722e-03,2.788493e-03,4.820478e-03,1.167398e-03,2.727091e-03,8.338429e-03,3.483242e-04,1.844911e-03,7.941516e-02,3.519796e-02,4.842768e-01,3.423884e-03,6.993437e-04,3.711100e-01,2.455946e-03
2.213755e-03,3.967648e-03,6.168740e-03,1.526949e-03,3.474563e-03,2.388655e-02,6.016252e-04,2.555431e-03,9.074719e-02,4.516584e-02,4.625458e-01,2.987971e-03,7.360286e-04,3.497944e-01,3.627589e-03
3.255012e-03,5.137111e-03,7.898746e-03,3.115889e-03,9.126033e-03,5.590132e-02,7.729740e-04,8.829928e-03,1.166178e-01,4.413817e-02,4.201381e-01,2.651413e-03,9.132370e-04,3.163759e-01,5.128347e-03
4.942871e-03,6.116091e-03,1.036326e-02,4.157318e-03,1.471329e-02,8.215674e-02,1.015991e-03,1.738369e-02,1.269130e-01,4.569350e-02,3.879351e-01,2.383491e-03,1.033052e-03,2.891562e-01,6.036415e-03
7.205362e-03,6.508707e-03,2.379739e-02,7.219484e-03,1.896368e-02,8.283763e-02,1.198134e-03,9.842317e-02,1.300349e-01,3.998704e-02,3.249334e-01,2.416991e-03,1.158040e-03,2.492179e-01,6.098198e-03
8.175111e-03,8.627811e-03,2.207707e-02,6.200094e-03,1.876562e-02,2.701756e-01,1.261270e-03,9.938096e-02,1.089979e-01,3.128919e-02,2.343522e-01,1.797320e-03,9.992240e-04,1.824887e-01,5.411861e-03
8.456475e-03,9.184710e-03,2.080427e-02,4.740281e-03,1.781053e-02,4.297682e-01,1.062278e-03,9.239549e-02,8.866259e-02,2.296845e-02,1.675691e-01,1.401230e-03,1.082580e-03,1.294894e-01,4.604401e-03
7.846406e-03,9.293709e-03,1.678621e-02,4.759768e-03,1.518002e-02,5.691729e-01,7.950609e-04,7.383544e-02,6.996649e-02,1.651181e-02,1.186232e-01,1.101189e-03,9.748184e-04,9.114682e-02,4.006136e-03
8.330355e-03,7.659934e-03,1.260107e-02,4.000258e-03,1.648383e-02,6.755376e-01,7.847863e-04,5.424215e-02,5.575014e-02,1.172044e-02,8.390041e-02,7.929854e-04,7.448828e-04,6.389978e-02,3.551410e-03
1.041476e-02,5.991281e-03,9.362255e-03,3.152179e-03,1.389674e-02,7.579637e-01,6.493629e-04,3.874712e-02,4.242614e-02,8.381608e-03,5.956883e-02,5.837520e-04,5.571473e-04,4.486673e-02,3.438435e-03
2.061434e-02,5.676800e-03,1.117004e-02,1.126062e-02,1.415151e-02,7.622025e-01,5.861431e-04,4.450329e-02,3.666590e-02,7.462265e-03,4.292941e-02,7.058271e-04,5.213916e-04,3.162706e-02,9.922986e-03
3.358519e-02,6.013643e-03,9.753470e-03,1.278786e-02,1.679782e-02,7.779135e-01,7.359836e-04,3.829651e-02,3.126983e-02,5.997928e-03,3.058273e-02,6.782999e-04,4.826112e-04,2.239619e-02,1.270858e-02
4.535888e-02,8.470781e-03,8.455249e-03,1.160509e-02,1.886842e-02,7.900815e-01,8.879218e-04,2.956876e-02,3.167648e-02,4.314627e-03,2.206586e-02,6.733277e-04,5.390224e-04,1.632368e-02,1.111046e-02
5.385200e-02,9.757226e-03,7.806784e-03,1.150470e-02,2.714790e-02,7.886651e-01,1.020843e-03,2.769318e-02,2.937574e-02,3.374582e-03,1.617647e-02,9.048549e-04,5.713540e-04,1.175830e-02,1.039096e-02
3.864782e-02,6.865761e-03,5.548233e-03,8.275070e-03,1.919825e-02,8.462427e-01,7.807759e-04,2.255728e-02,2.061712e-02,2.643504e-03,1.193681e-02,6.652783e-04,4.147496e-04,8.279712e-03,7.326857e-03
2.717225e-02,4.826566e-03,3.891577e-03,5.868396e-03,1.346182e-02,8.833168e-01,5.495251e-04,1.583203e-02,1.459810e-02,7.525771e-03,9.685836e-03,4.764221e-04,2.971026e-04,5.876494e-03,6.621275e-03
1.920268e-02,3.384660e-03,2.730462e-03,4.179380e-03,9.432985e-03,9.090482e-01,3.950899e-04,1.125726e-02,1.045248e-02,8.391201e-03,7.478935e-03,3.362086e-04,2.137065e-04,4.157957e-03,9.338692e-03
1.413761e-02,2.425916e-03,2.252568e-03,3.858784e-03,6.650931e-03,8.729250e-01,3.405850e-04,8.337277e-03,8.996114e-03,4.892808e-02,5.976289e-03,2.395194e-04,2.080954e-04,3.066866e-03,2.165618e-02
1.042884e-02,1.739618e-03,1.753203e-03,3.434460e-03,4.687892e-03,7.438574e-01,2.975131e-04,6.016899e-03,1.302565e-02,1.594264e-01,5.023842e-03,1.723022e-04,2.451632e-04,2.335396e-03,4.755530e-02
8.986234e-03,1.302102e-03,1.668971e-03,3.314803e-03,3.417241e-03,7.100604e-01,4.842409e-04,4.562011e-03,1.533860e-02,1.465625e-01,7.125339e-03,1.437772e-04,4.522280e-04,2.161533e-03,9.441996e-02
7.518092e-03,1.101229e-03,1.245255e-03,2.385089e-03,2.568016e-03,6.831626e-01,6.302134e-04,3.314719e-03,1.434367e-02,1.239355e-01,4.365812e-02,3.088455e-04,8.624470e-04,5.677772e-03,1.092884e-01
6.061827e-03,1.025161e-03,9.258821e-04,1.688582e-03,1.928576e-03,6.665679e-01,6.036859e-04,2.487100e-03,1.134586e-02,9.392065e-02,1.003017e-01,6.910147e-04,1.409291e-03,6.498739e-03,1.045440e-01
6.343542e-03,1.367974e-03,9.423185e-04,1.336912e-03,2.818336e-03,5.195729e-01,1.680280e-03,2.537415e-03,1.997933e-02,7.801922e-02,1.767153e-01,1.132743e-03,2.615783e-03,1.174501e-02,1.731929e-01
5.961054e-03,1.785865e-03,1.127594e-03,1.156016e-03,3.263557e-03,4.155512e-01,1.942092e-03,2.145460e-03,1.950788e-02,7.018404e-02,2.971545e-01,1.888023e-03,2.311013e-03,2.201455e-02,1.540071e-01
6.570513e-03,1.632091e-03,1.127823e-03,1.125110e-03,3.672870e-03,3.107335e-01,2.125009e-03,2.142183e-03,1.611307e-02,8.743115e-02,4.080383e-01,4.568502e-03,1.978332e-03,2.549291e-02,1.272487e-01
5.427245e-03,1.246148e-03,8.634480e-04,8.287874e-04,3.212750e-03,2.227730e-01,1.906167e-03,1.584278e-03,1.189331e-02,6.770859e-02,5.553011e-01,1.310392e-02,1.690097e-03,2.231612e-02,9.014516e-02
4.502139e-03,1.046910e-03,7.541655e-04,7.436113e-04,2.778960e-03,1.632812e-01,1.656243e-03,1.227099e-03,8.985842e-03,4.923553e-02,6.434728e-01,3.948107e-02,1.464174e-03,1.802487e-02,6.334545e-02
3.589045e-03,9.619818e-04,6.263321e-04,9.520825e-04,2.355275e-03,1.227872e-01,1.430789e-03,9.799608e-04,7.430291e-03,3.633393e-02,6.186322e-01,1.411037e-01,1.266734e-03,1.632001e-02,4.523047e-02
2.717066e-03,1.839577e-03,9.918377e-04,1.010836e-03,3.266682e-03,8.753042e-02,1.284732e-03,8.698961e-04,7.745478e-03,2.723539e-02,6.104918e-01,1.976349e-01,1.215802e-03,2.258074e-02,3.358488e-02
