1.000000e+00,0.000000e+00,0.000000e+00,0.000000e+00,0.000000e+00,0.000000e+00,0.000000e+00,0.000000e+00,0.000000e+00,0.000000e+00,0.000000e+00,0.000000e+00,0.000000e+00,0.000000e+00,0.000000e+00
1.000000e+00,0.000000e+00,0.000000e+00,0.000000e+00,0.000000e+00,0.000000e+00,0.000000e+00,0.000000e+00,0.000000e+00,0.000000e+00,0.000000e+00,0.000000e+00,0.000000e+00,0.000000e+00,0.000000e+00
1.000000e+00,0.000000e+00,0.000000e+00,0.000000e+00,0.000000e+00,0.000000e+00,0.000000e+00,0.000000e+00,0.000000e+00,0.000000e+00,0.000000e+00,0.000000e+00,0.000000e+00,0.000000e+00,0.000000e+00
1.000000e+00,0.000000e+00,0.000000e+00,0.000000e+00,0.000000e+00,0.000000e+00,0.000000e+00,0.000000e+00,0.000000e+00,0.000000e+00,0.000000e+00,0.000000e+00,0.000000e+00,0.000000e+00,0.000000e+00
1.000000e+00,0.000000e+00,0.000000e+00,0.000000e+00,0.000000e+00,0.000000e+00,0.000000e+00,0.000000e+00,0.000000e+00,0.000000e+00,0.000000e+00,0.000000e+00,0.000000e+00,0.000000e+00,0.000000e+00
1.000000e+00,0.000000e+00,0.000000e+00,0.000000e+00,0.000000e+00,0.000000e+00,0.000000e+00,0.000000e+00,0.000000e+00,0.000000e+00,0.000000e+00,0.000000e+00,0.000000e+00,0.000000e+00,0.000000e+00
1.000000e+00,0.000000e+00,0.000000e+00,0.000000e+00,0.000000e+00,0.000000e+00,0.000000e+00,0.000000e+00,0.000000e+00,0.000000e+00,0.000000e+00,0.000000e+00,0.000000e+00,0.000000e+00,0.000000e+00
1.000000e+00,0.000000e+00,0.000000e+00,0.000000e+00,0.000000e+00,0.000000e+00,0.000000e+00,0.000000e+00,0.000000e+00,0.000000e+00,0.000000e+00,0.000000e+00,0.000000e+00,0.000000e+00,0.000000e+00
1.000000e+00,0.000000e+00,0.000000e+00,0.000000e+00,0.000000e+00,0.000000e+00,0.000000e+00,0.000000e+00,0.000000e+00,0.000000e+00,0.000000e+00,0.000000e+00,0.000000e+00,0.000000e+00,0.000000e+00
1.000000e+00,0.000000e+00,0.000000e+00,0.000000e+00,0.000000e+00,0.000000e+00,0.000000e+00,0.000000e+00,0.000000e+00,0.000000e+00,0.000000e+00,0.000000e+00,0.000000e+00,0.000000e+00,0.000000e+00
1.000000e+00,0.000000e+00,0.000000e+00,0.000000e+00,0.000000e+00,0.000000e+00,0.000000e+00,0.000000e+00,0.000000e+00,0.000000e+00,0.000000e+00,0.000000e+00,0.000000e+00,0.000000e+00,0.000000e+00
1.000000e+00,0.000000e+00,0.000000e+00,0.000000e+00,0.000000e+00,0.000000e+00,0.000000e+00,0.000000e+00,0.000000e+00,0.000000e+00,0.000000e+00,0.000000e+00,0.000000e+00,0.000000e+00,0.000000e+00
1.000000e+00,0.000000e+00,0.000000e+00,0.000000e+00,0.000000e+00,0.000000e+00,0.000000e+00,0.000000e+00,0.000000e+00,0.000000e+00,0.000000e+00,0.000000e+00,0.000000e+00,0.000000e+00,0.000000e+00
1.000000e+00,0.000000e+00,0.000000e+00,0.000000e+00,0.000000e+00,0.000000e+00,0.000000e+00,0.000000e+00,0.000000e+00,0.000000e+00,0.000000e+00,0.000000e+00,0.000000e+00,0.000000e+00,0.000000e+00
1.000000e+00,0.000000e+00,0.000000e+00,0.000000e+00,0.000000e+00,0.000000e+00,0.000000e+00,0.000000e+00,0.000000e+00,0.000000e+00,0.000000e+00,0.000000e+00,0.000000e+00,0.000000e+00,0.000000e+00
1.000000e+00,0.000000e+00,0.000000e+00,0.000000e+00,0.000000e+00,0.000000e+00,0.000000e+00,0.000000e+00,0.000000e+00,0.000000e+00,0.000000e+00,0.000000e+00,0.000000e+00,0.000000e+00,0.000000e+00
1.000000e+00,0.000000e+00,0.000000e+00,0.000000e+00,0.000000e+00,0.000000e+00,0.000000e+00,0.000000e+00,0.000000e+00,0.000000e+00,0.000000e+00,0.000000e+00,0.000000e+00,0.000000e+00,0.000000e+00
1.000000e+00,0.000000e+00,0.000000e+00,0.000000e+00,0.000000e+00,0.000000e+00,0.000000e+00,0.000000e+00,0.000000e+00,0.000000e+00,0.000000e+00,0.000000e+00,0.000000e+00,0.000000e+00,0.000000e+00
1.000000e+00,0.000000e+00,0.000000e+00,0.000000e+00,0.000000e+00,0.000000e+00,0.000000e+00,0.000000e+00,0.000000e+00,0.000000e+00,0.000000e+00,0.000000e+00,0.000000e+00,0.000000e+00,0.000000e+00
1.000000e+00,0.000000e+00,0.000000e+00,0.000000e+00,0.000000e+00,0.000000e+00,0.000000e+00,0.000000e+00,0.000000e+00,0.000000e+00,0.000000e+00,0.000000e+00,0.000000e+00,0.000000e+00,0.000000e+00
1.000000e+00,0.000000e+00,0.000000e+00,0.000000e+00,0.000000e+00,0.000000e+00,0.000000e+00,0.000000e+00,0.000000e+00,0.000000e+00,0.000000e+00,0.000000e+00,0.000000e+00,0.000000e+00,0.000000e+00
1.000000e+00,0.000000e+00,0.000000e+00,0.000000e+00,0.000000e+00,0.000000e+00,0.000000e+00,0.000000e+00,0.000000e+00,0.000000e+00,0.000000e+00,0.000000e+00,0.000000e+00,0.000000e+00,0.000000e+00
1.000000e+00,0.000000e+00,0.000000e+00,0.000000e+00,0.000000e+00,0.000000e+00,0.000000e+00,0.000000e+00,0.000000e+00,0.000000e+00,0.000000e+00,0.000000e+00,0.000000e+00,0.000000e+00,0.000000e+00
1.000000e+00,0.000000e+00,0.000000e+00,0.000000e+00,0.000000e+00,0.000000e+00,0.000000e+00,0.000000e+00,0.000000e+00,0.000000e+00,0.000000e+00,0.000000e+00,0.000000e+00,0.000000e+00,0.000000e+00
1.000000e+00,0.000000e+00,0.000000e+00,0.000000e+00,0.000000e+00,0.000000e+00,0.000000e+00,0.000000e+00,0.000000e+00,0.000000e+00,0.000000e+00,0.000000e+00,0.000000e+00,0.000000e+00,0.000000e+00
1.000000e+00,0.000000e+00,0.000000e+00,0.000000e+00,0.000000e+00,0.000000e+00,0.000000e+00,0.000000e+00,0.000000e+00,0.000000e+00,0.000000e+00,0.000000e+00,0.000000e+00,0.000000e+00,0.000000e+00
1.000000e+00,0.000000e+00,0.000000e+00,0.000000e+00,0.000000e+00,0.000000e+00,0.000000e+00,0.000000e+00,0.000000e+00,0.000000e+00,0.000000e+00,0.000000e+00,0.000000e+00,0.000000e+00,0.000000e+00
1.000000e+00,0.000000e+00,0.000000e+00,0.000000e+00,0.000000e+00,0.000000e+00,0.000000e+00,0.000000e+00,0.000000e+00,0.000000e+00,0.000000e+00,0.000000e+00,0.000000e+00,0.000000e+00,0.000000e+00
1.000000e+00,0.000000e+00,0.000000e+00,0.000000e+00,0.000000e+00,0.000000e+00,0.000000e+00,0.000000e+00,0.000000e+00,0.000000e+00,0.000000e+00,0.000000e+00,0.000000e+00,0.000000e+00,0.000000e+00
1.000000e+00,0.000000e+00,0.000000e+00,0.000000e+00,0.000000e+00,0.000000e+00,0.000000e+00,0.000000e+00,0.000000e+00,0.000000e+00,0.000000e+00,0.000000e+00,0.000000e+00,0.000000e+00,0.000000e+00
1.000000e+00,0.000000e+00,0.000000e+00,0.000000e+00,0.000000e+00,0.000000e+00,0.000000e+00,0.000000e+00,0.000000e+00,0.000000e+00,0.000000e+00,0.000000e+00,0.000000e+00,0.000000e+00,0.000000e+00
1.000000e+00,0.000000e+00,0.000000e+00,0.000000e+00,0.000000e+00,0.000000e+00,0.000000e+00,0.000000e+00,0.000000e+00,0.000000e+00,0.000000e+00,0.000000e+00,0.000000e+00,0.000000e+00,0.000000e+00
1.000000e+00,0.000000e+00,0.000000e+00,0.000000e+00,0.000000e+00,0.000000e+00,0.000000e+00,0.000000e+00,0.000000e+00,0.000000e+00,0.000000e+00,0.000000e+00,0.000000e+00,0.000000e+00,0.000000e+00
1.000000e+00,0.000000e+00,0.000000e+00,0.000000e+00,0.000000e+00,0.000000e+00,0.000000e+00,0.000000e+00,0.000000e+00,0.000000e+00,0.000000e+00,0.000000e+00,0.000000e+00,0.000000e+00,0.000000e+00
1.000000e+00,0.000000e+00,0.000000e+00,0.000000e+00,0.000000e+00,0.000000e+00,0.000000e+00,0.000000e+00,0.000000e+00,0.000000e+00,0.000000e+00,0.000000e+00,0.000000e+00,0.000000e+00,0.000000e+00
1.000000e+00,0.000000e+00,0.000000e+00,0.000000e+00,0.000000e+00,0.000000e+00,0.000000e+00,0.000000e+00,0.000000e+00,0.000000e+00,0.000000e+00,0.000000e+00,0.000000e+00,0.000000e+00,0.000000e+00
1.000000e+00,0.000000e+00,0.000000e+00,0.000000e+00,0.000000e+00,0.000000e+00,0.000000e+00,0.000000e+00,0.000000e+00,0.000000e+00,0.000000e+00,0.000000e+00,0.000000e+00,0.000000e+00,0.000000e+00
1.000000e+00,0.000000e+00,0.000000e+00,0.000000e+00,0.000000e+00,0.000000e+00,0.000000e+00,0.000000e+00,0.000000e+00,0.000000e+00,0.000000e+00,0.000000e+00,0.000000e+00,0.000000e+00,0.000000e+00
1.000000e+00,0.000000e+00,0.000000e+00,0.000000e+00,0.000000e+00,0.000000e+00,0.000000e+00,0.000000e+00,0.000000e+00,0.000000e+00,0.000000e+00,0.000000e+00,0.000000e+00,0.000000e+00,0.000000e+00
1.000000e+00,0.000000e+00,0.000000e+00,0.000000e+00,0.000000e+00,0.000000e+00,0.000000e+00,0.000000e+00,0.000000e+00,0.000000e+00,0.000000e+00,0.000000e+00,0.000000e+00,0.000000e+00,0.000000e+00
1.000000e+00,0.000000e+00,0.000000e+00,0.000000e+00,0.000000e+00,0.000000e+00,0.000000e+00,0.000000e+00,0.000000e+00,0.000000e+00,0.000000e+00,0.000000e+00,0.000000e+00,0.000000e+00,0.000000e+00
1.000000e+00,0.000000e+00,0.000000e+00,0.000000e+00,0.000000e+00,0.000000e+00,0.000000e+00,0.000000e+00,0.000000e+00,0.000000e+00,0.000000e+00,0.000000e+00,0.000000e+00,0.000000e+00,0.000000e+00
1.000000e+00,0.000000e+00,0.000000e+00,0.000000e+00,0.000000e+00,0.000000e+00,0.000000e+00,0.000000e+00,0.000000e+00,0.000000e+00,0.000000e+00,0.000000e+00,0.000000e+00,0.000000e+00,0.000000e+00
1.000000e+00,0.000000e+00,0.000000e+00,0.000000e+00,0.000000e+00,0.000000e+00,0.000000e+00,0.000000e+00,0.000000e+00,0.000000e+00,0.000000e+00,0.000000e+00,0.000000e+00,0.000000e+00,0.000000e+00
1.000000e+00,0.000000e+00,0.000000e+00,0.000000e+00,0.000000e+00,0.000000e+00,0.000000e+00,0.000000e+00,0.000000e+00,0.000000e+00,0.000000e+00,0.000000e+00,0.000000e+00,0.000000e+00,0.000000e+00
4.051673e-01,8.077566e-02,5.604286e-02,2.788388e-01,1.039287e-02,1.792395e-02,5.530301e-03,1.923092e-02,1.350551e-02,3.645152e-03,1.603125e-02,3.559537e-02,1.730060e-02,5.073888e-03,3.494572e-02
4.313578e-01,7.683636e-02,4.625545e-02,2.539886e-01,1.573120e-02,1.777447e-02,6.057262e-03,1.693430e-02,1.803802e-02,3.201439e-03,1.935684e-02,3.402799e-02,1.957991e-02,5.273176e-03,3.558722e-02
3.778457e-01,6.653938e-02,5.756585e-02,2.725616e-01,2.452431e-02,2.335348e-02,6.867914e-03,2.350109e-02,1.756872e-02,2.929208e-03,2.153430e-02,4.484894e-02,2.222050e-02,5.037019e-03,3.310207e-02
3.600107e-01,6.002994e-02,6.776413e-02,2.708181e-01,2.789986e-02,2.422360e-02,7.231971e-03,2.348702e-02,1.739624e-02,3.036689e-03,2.398638e-02,5.173000e-02,2.314896e-02,4.985553e-03,3.425093e-02
4.305497e-01,5.425845e-02,5.763006e-02,2.159345e-01,2.555503e-02,2.452009e-02,7.092935e-03,2.050100e-02,1.633786e-02,3.925405e-03,2.319074e-02,4.873999e-02,2.411349e-02,5.664257e-03,4.198646e-02
1.000000e+00,0.000000e+00,0.000000e+00,0.000000e+00,0.000000e+00,0.000000e+00,0.000000e+00,0.000000e+00,0.000000e+00,0.000000e+00,0.000000e+00,0.000000e+00,0.000000e+00,0.000000e+00,0.000000e+00
1.000000e+00,0.000000e+00,0.000000e+00,0.000000e+00,0.000000e+00,0.000000e+00,0.000000e+00,0.000000e+00,0.000000e+00,0.000000e+00,0.000000e+00,0.000000e+00,0.000000e+00,0.000000e+00,0.000000e+00
1.000000e+00,0.000000e+00,0.000000e+00,0.000000e+00,0.000000e+00,0.000000e+00,0.000000e+00,0.000000e+00,0.000000e+00,0.000000e+00,0.000000e+00,0.000000e+00,0.000000e+00,0.000000e+00,0.000000e+00
1.000000e+00,0.000000e+00,0.000000e+00,0.000000e+00,0.000000e+00,0.000000e+00,0.000000e+00,0.000000e+00,0.000000e+00,0.000000e+00,0.000000e+00,0.000000e+00,0.000000e+00,0.000000e+00,0.000000e+00
1.000000e+00,0.000000e+00,0.000000e+00,0.000000e+00,0.000000e+00,0.000000e+00,0.000000e+00,0.000000e+00,0.000000e+00,0.000000e+00,0.000000e+00,0.000000e+00,0.000000e+00,0.000000e+00,0.000000e+00
1.000000e+00,0.000000e+00,0.000000e+00,0.000000e+00,0.000000e+00,0.000000e+00,0.000000e+00,0.000000e+00,0.000000e+00,0.000000e+00,0.000000e+00,0.000000e+00,0.000000e+00,0.000000e+00,0.000000e+00
1.000000e+00,0.000000e+00,0.000000e+00,0.000000e+00,0.000000e+00,0.000000e+00,0.000000e+00,0.000000e+00,0.000000e+00,0.000000e+00,0.000000e+00,0.000000e+00,0.000000e+00,0.000000e+00,0.000000e+00
1.000000e+00,0.000000e+00,0.000000e+00,0.000000e+00,0.000000e+00,0.000000e+00,0.000000e+00,0.000000e+00,0.000000e+00,0.000000e+00,0.000000e+00,0.000000e+00,0.000000e+00,0.000000e+00,0.000000e+00
1.000000e+00,0.000000e+00,0.000000e+00,0.000000e+00,0.000000e+00,0.000000e+00,0.000000e+00,0.000000e+00,0.000000e+00,0.000000e+00,0.000000e+00,0.000000e+00,0.000000e+00,0.000000e+00,0.000000e+00
1.000000e+00,0.000000e+00,0.000000e+00,0.000000e+00,0.000000e+00,0.000000e+00,0.000000e+00,0.000000e+00,0.000000e+00,0.000000e+00,0.000000e+00,0.000000e+00,0.000000e+00,0.000000e+00,0.000000e+00
1.000000e+00,0.000000e+00,0.000000e+00,0.000000e+00,0.000000e+00,0.000000e+00,0.000000e+00,0.000000e+00,0.000000e+00,0.000000e+00,0.000000e+00,0.000000e+00,0.000000e+00,0.000000e+00,0.000000e+00
1.000000e+00,0.000000e+00,0.000000e+00,0.000000e+00,0.000000e+00,0.000000e+00,0.000000e+00,0.000000e+00,0.000000e+00,0.000000e+00,0.000000e+00,0.000000e+00,0.000000e+00,0.000000e+00,0.000000e+00
4.197665e-01,2.054676e-02,5.368573e-03,3.027135e-01,1.038188e-01,1.224595e-02,3.928508e-03,5.633175e-03,4.172969e-03,3.270086e-03,6.005981e-02,1.435481e-02,3.412432e-02,1.795374e-03,8.200915e-03
2.942930e-01,1.489019e-02,3.876661e-03,2.715420e-01,7.617171e-02,8.654427e-03,2.846363e-03,3.975354e-03,3.129581e-03,1.046323e-02,1.320912e-01,1.733541e-02,1.532443e-01,1.416781e-03,6.069831e-03
2.065458e-01,1.130099e-02,3.045288e-03,3.038889e-01,5.636413e-02,6.276389e-03,2.209952e-03,2.883345e-03,6.205171e-03,4.615390e-02,1.171337e-01,4.010390e-02,1.912605e-01,1.902268e-03,4.725654e-03
1.446554e-01,8.053303e-03,2.482687e-03,2.132223e-01,4.585734e-02,4.889023e-03,1.557465e-03,2.929691e-03,5.549502e-02,3.372548e-02,9.403437e-02,7.549457e-02,3.126439e-01,1.585612e-03,3.373813e-03
1.013142e-01,6.425623e-03,2.995758e-03,1.495457e-01,3.491818e-02,4.465814e-03,1.109108e-03,2.989417e-03,8.623004e-02,2.917339e-02,7.312953e-02,1.070004e-01,3.960077e-01,2.031780e-03,2.663332e-03
7.131486e-02,7.127641e-03,8.697996e-03,1.442289e-01,2.720728e-02,7.345517e-03,8.066735e-04,2.782752e-03,2.143750e-01,2.714048e-02,5.835319e-02,9.330167e-02,3.328127e-01,1.986968e-03,2.518392e-03
5.013078e-02,5.932812e-03,8.093201e-03,1.095456e-01,2.082989e-02,9.123648e-03,6.366883e-04,3.308240e-03,2.597342e-01,2.187560e-02,5.746605e-02,1.245325e-01,3.216166e-01,3.228841e-03,3.945351e-03
3.593697e-02,6.394523e-03,8.290352e-03,9.449457e-02,1.634778e-02,1.072487e-02,6.104174e-04,3.436256e-03,2.962898e-01,1.634355e-02,5.747091e-02,1.727070e-01,2.705697e-01,5.576248e-03,4.807068e-03
2.588523e-02,6.474317e-03,8.990290e-03,8.597001e-02,1.443406e-02,1.191040e-02,6.972190e-04,3.506914e-03,2.485173e-01,1.381060e-02,5.681519e-02,2.493091e-01,2.574969e-01,9.438212e-03,6.744225e-03
1.910332e-02,5.692611e-03,1.120689e-02,7.603102e-02,2.082330e-02,1.133568e-02,1.468896e-03,3.675225e-03,2.137718e-01,1.144290e-02,5.600270e-02,2.949041e-01,2.573322e-01,1.039047e-02,6.818724e-03
1.689259e-02,5.534555e-03,1.732025e-02,8.298717e-02,1.900756e-02,1.421740e-02,1.259656e-03,3.096475e-03,1.543828e-01,9.411453e-03,6.021891e-02,3.863396e-01,2.084293e-01,8.542975e-03,1.235935e-02
1.383066e-02,4.513011e-03,1.356845e-02,6.764206e-02,1.749449e-02,1.557293e-02,1.019536e-03,2.933696e-03,1.157838e-01,7.513837e-03,6.265105e-02,4.865011e-01,1.741736e-01,6.955958e-03,9.845861e-03
1.129121e-02,4.067617e-03,1.009361e-02,5.047094e-02,1.362095e-02,1.771718e-02,7.856747e-04,2.490377e-03,9.154459e-02,6.496286e-03,5.228174e-02,5.845580e-01,1.412938e-01,5.439447e-03,7.848674e-03
9.094612e-03,3.622205e-03,7.699720e-03,3.591769e-02,1.003962e-02,2.692406e-02,6.272274e-04,2.277448e-03,6.863396e-02,6.027574e-03,4.231949e-02,6.609101e-01,1.133649e-01,6.593536e-03,5.947889e-03
8.280612e-03,2.674542e-03,5.644275e-03,2.552882e-02,7.665713e-03,4.571564e-02,7.185915e-04,3.513721e-03,5.226941e-02,5.027879e-03,3.271411e-02,7.145431e-01,8.646242e-02,4.939243e-03,4.301937e-03
7.087731e-03,1.953505e-03,4.137971e-03,1.824407e-02,5.829217e-03,3.505170e-02,5.854207e-04,2.809471e-03,3.835142e-02,3.951439e-03,2.361661e-02,7.878299e-01,6.389879e-02,3.574392e-03,3.078365e-03
5.522474e-03,1.548747e-03,3.031762e-03,1.310121e-02,4.266280e-03,4.160015e-02,4.804637e-04,2.195478e-03,2.817400e-02,3.017751e-03,1.735459e-02,8.256651e-01,4.924347e-02,2.568207e-03,2.230361e-03
5.482311e-03,1.554405e-03,2.201629e-03,9.369757e-03,3.529347e-03,3.613009e-02,3.981446e-04,1.642115e-03,4.731298e-02,2.408725e-03,1.393661e-02,8.331499e-01,3.932057e-02,1.920273e-03,1.643140e-03
1.163111e-02,4.734327e-03,3.720731e-03,1.196951e-02,3.617962e-03,4.429959e-02,6.650746e-04,2.736357e-03,6.236775e-02,3.226555e-03,1.181796e-02,8.004041e-01,3.504900e-02,1.929155e-03,1.830802e-03
1.225616e-02,3.630660e-03,2.667049e-03,8.485646e-03,3.172019e-03,3.845671e-02,6.198738e-04,2.368056e-03,4.608850e-02,2.392429e-03,9.025417e-03,8.407653e-01,2.713550e-02,1.601866e-03,1.334826e-03
2.541234e-02,3.458773e-03,2.518968e-03,6.272476e-03,4.870077e-03,3.823155e-02,1.857116e-03,5.971445e-03,3.762097e-02,1.904606e-03,7.450353e-03,8.411639e-01,2.074114e-02,1.500590e-03,1.025703e-03
3.330691e-02,3.107778e-03,1.893439e-03,4.573237e-03,5.045285e-03,4.544311e-02,1.720019e-03,4.967012e-03,2.943766e-02,1.494646e-03,7.163648e-03,8.410833e-01,1.839142e-02,1.568445e-03,8.041806e-04
3.879103e-02,3.095749e-03,1.408724e-03,3.338704e-03,6.248942e-03,4.329868e-02,1.394734e-03,3.816755e-03,2.249526e-02,1.207537e-03,7.179795e-03,8.370337e-01,2.757576e-02,2.440720e-03,6.738915e-04
6.154653e-02,3.485165e-03,1.114158e-03,2.980710e-03,6.288309e-03,4.115684e-02,1.186524e-03,3.336302e-03,1.940540e-02,1.016169e-03,7.341264e-03,8.079800e-01,3.911238e-02,3.030387e-03,1.019874e-03
8.879863e-02,3.360300e-03,1.189784e-03,2.827486e-03,8.054268e-03,8.050843e-02,1.987902e-03,4.462852e-03,1.710274e-02,9.633959e-04,8.372615e-03,6.972308e-01,8.101650e-02,2.663724e-03,1.460540e-03
7.339058e-02,7.662255e-03,1.510173e-03,2.870134e-03,8.632721e-03,8.236146e-02,2.431762e-03,7.206248e-03,2.369606e-02,1.380878e-03,8.235048e-03,6.263378e-01,1.496322e-01,2.330145e-03,2.322631e-03
5.959953e-02,1.041985e-02,1.595625e-03,2.993555e-03,1.062933e-02,6.277370e-02,3.409371e-03,9.336453e-03,4.395623e-02,1.588139e-03,7.639541e-03,5.736798e-01,2.072432e-01,2.308866e-03,2.826817e-03
4.804949e-02,9.795751e-03,3.435413e-03,6.007328e-03,9.809951e-03,5.402699e-02,3.252827e-03,3.203578e-02,4.219047e-02,3.435463e-03,1.022023e-02,4.595835e-01,3.094230e-01,2.700022e-03,6.033747e-03
4.480024e-02,9.903946e-03,4.423188e-03,6.187521e-02,1.166560e-02,4.490506e-02,2.986951e-03,4.071791e-02,7.478392e-02,7.162891e-03,1.867158e-02,3.374199e-01,3.042529e-01,3.124541e-03,3.330611e-02
3.302829e-02,7.876069e-03,4.068460e-03,4.864294e-02,9.397663e-03,3.453311e-02,2.266275e-03,3.715128e-02,7.629428e-02,8.523306e-03,5.043747e-02,2.605134e-01,3.762282e-01,3.191924e-03,4.784736e-02
3.008890e-02,7.538176e-03,5.936926e-03,1.035602e-01,1.060880e-02,2.565132e-02,2.077849e-03,7.120973e-02,1.297481e-01,8.159745e-03,5.551139e-02,1.941557e-01,3.057947e-01,3.838841e-03,4.611964e-02
2.429620e-02,7.072890e-03,5.725796e-03,8.759930e-02,1.008921e-02,2.077133e-02,1.897990e-03,6.274719e-02,1.432708e-01,1.248701e-02,1.168464e-01,1.640717e-01,2.826368e-01,4.776157e-03,5.571125e-02
2.391610e-02,5.732961e-03,4.736671e-03,7.473627e-02,1.067558e-02,1.502888e-02,1.800915e-03,5.381511e-02,1.817250e-01,1.622844e-02,1.448798e-01,1.553924e-01,2.417157e-01,6.813658e-03,6.280261e-02
5.467906e-02,6.305141e-03,1.813807e-02,8.788793e-02,1.263221e-02,1.373424e-02,1.803043e-03,4.694277e-02,1.815070e-01,1.623562e-02,1.404737e-01,1.290531e-01,2.011814e-01,1.365499e-02,7.577169e-02
5.329027e-02,6.237795e-03,5.393855e-02,8.768393e-02,1.469410e-02,1.197935e-02,1.655949e-03,8.129624e-02,1.589334e-01,2.133260e-02,1.409638e-01,9.852269e-02,1.660711e-01,1.485062e-02,8.854955e-02
5.814526e-02,6.280574e-03,6.946670e-02,7.488542e-02,1.481159e-02,1.028948e-02,1.449036e-03,2.083327e-01,1.286639e-01,1.801466e-02,1.172085e-01,7.300979e-02,1.266828e-01,1.373137e-02,7.902817e-02
5.111996e-02,6.759441e-03,8.334409e-02,8.385175e-02,1.898212e-02,8.511921e-03,1.141725e-03,2.596309e-01,1.140473e-01,1.646143e-02,1.078549e-01,5.484547e-02,1.019686e-01,1.298551e-02,7.849482e-02
5.831855e-02,6.408005e-03,8.956659e-02,7.666463e-02,2.343927e-02,6.447567e-03,8.756166e-04,3.209275e-01,1.042534e-01,1.385050e-02,9.190036e-02,4.162530e-02,7.765725e-02,1.425537e-02,7.381010e-02
5.741003e-02,6.272113e-03,1.379848e-01,8.645205e-02,2.210744e-02,5.116980e-03,7.456458e-04,3.646999e-01,8.138485e-02,1.126974e-02,6.731759e-02,3.009181e-02,5.618118e-02,1.150158e-02,6.146426e-02
5.263355e-02,5.440532e-03,1.712058e-01,7.249967e-02,1.861747e-02,4.217343e-03,5.884373e-04,3.888640e-01,6.398571e-02,1.010849e-02,5.023878e-02,2.273346e-02,4.101275e-02,1.737359e-02,8.048047e-02
4.390280e-02,1.071446e-02,1.984902e-01,1.109513e-01,1.619891e-02,3.425186e-03,5.633909e-04,3.595339e-01,8.504882e-02,8.126219e-03,4.019623e-02,1.705323e-02,3.133322e-02,1.365317e-02,6.080906e-02
4.200871e-02,1.234980e-02,2.350108e-01,1.531695e-01,1.306438e-02,3.977524e-03,6.790105e-04,2.862322e-01,8.569750e-02,8.984163e-03,4.041331e-02,1.440056e-02,3.184006e-02,1.111246e-02,6.106004e-02
3.144389e-02,1.226687e-02,2.216931e-01,2.012657e-01,1.010400e-02,4.368817e-03,5.872591e-04,2.020142e-01,7.200111e-02,8.240283e-03,6.232630e-02,5.403350e-02,5.478686e-02,8.393541e-03,5.647464e-02
2.388770e-02,1.340769e-02,1.626827e-01,2.053815e-01,7.568763e-03,4.830878e-03,5.183470e-04,1.419074e-01,6.616208e-02,1.238269e-02,9.542096e-02,8.454533e-02,1.295529e-01,6.680442e-03,4.507067e-02
1.866778e-02,1.224553e-02,1.162298e-01,1.914684e-01,5.848293e-03,6.092845e-03,4.450766e-04,1.001534e-01,5.997106e-02,1.577121e-02,1.169344e-01,1.334499e-01,1.781342e-01,6.919558e-03,3.766851e-02
1.724045e-02,1.044749e-02,8.209255e-02,1.449334e-01,4.314817e-03,5.669686e-03,3.891207e-04,7.036276e-02,5.217861e-02,1.572534e-02,1.190431e-01,2.308052e-01,2.049826e-01,9.020719e-03,3.279418e-02
2.502468e-02,8.708815e-03,5.831932e-02,1.226658e-01,3.856511e-03,6.282361e-03,7.401250e-04,5.024507e-02,5.603762e-02,2.122466e-02,1.258990e-01,2.566657e-01,2.190097e-01,1.200799e-02,3.331267e-02
1.864167e-02,9.672937e-03,4.613931e-02,9.350767e-02,3.696027e-03,7.642373e-03,1.283105e-03,3.569482e-02,5.100340e-02,1.871082e-02,1.121195e-01,3.450130e-01,1.953813e-01,3.325071e-02,2.824344e-02
1.528948e-02,9.021489e-03,3.451748e-02,8.338453e-02,1.190998e-02,1.095586e-02,4.586644e-03,2.843361e-02,1.122555e-01,1.651011e-02,9.365279e-02,3.338777e-01,1.824348e-01,3.598520e-02,2.718489e-02
1.450529e-02,9.398574e-03,2.606469e-02,6.349055e-02,1.218410e-02,1.805235e-02,4.961632e-03,2.625016e-02,1.547251e-01,1.429101e-02,7.552124e-02,3.417173e-01,1.728306e-01,4.137441e-02,2.463295e-02
1.132592e-02,7.370695e-03,1.859257e-02,4.457350e-02,9.580939e-03,1.499382e-02,3.900776e-03,1.895139e-02,1.253792e-01,1.358192e-02,9.357049e-02,4.250471e-01,1.480268e-01,4.052809e-02,2.457682e-02
8.533753e-03,5.947703e-03,1.334832e-02,3.124544e-02,7.675500e-03,1.140181e-02,2.945323e-03,1.374996e-02,1.033685e-01,1.401838e-02,1.068413e-01,5.000795e-01,1.264747e-01,3.277969e-02,2.159014e-02
6.681378e-03,4.575755e-03,9.444934e-03,2.233803e-02,9.018907e-03,8.393659e-03,2.450116e-03,1.150916e-02,1.505623e-01,2.215758e-02,8.691011e-02,5.045320e-01,1.189633e-01,2.497602e-02,1.748681e-02
4.832045e-03,3.607102e-03,6.975666e-03,1.598295e-02,9.066122e-03,6.162583e-03,2.312872e-03,2.708542e-02,3.016075e-01,1.915552e-02,7.200354e-02,3.915799e-01,1.086913e-01,1.793150e-02,1.300602e-02
3.531077e-03,3.064680e-03,5.364099e-03,1.165383e-02,7.513399e-03,4.681912e-03,2.123029e-03,6.033120e-02,3.751363e-01,1.574255e-02,5.982124e-02,3.169358e-01,1.106498e-01,1.311026e-02,1.034079e-02
2.869898e-03,3.922192e-03,4.075417e-03,8.989116e-03,6.996299e-03,4.320992e-03,1.621617e-03,5.190074e-02,4.997184e-01,1.366833e-02,4.589046e-02,2.467963e-01,9.064739e-02,9.426606e-03,9.156269e-03
3.139860e-03,3.935426e-03,3.604635e-03,7.239914e-03,6.900641e-03,4.762950e-03,1.300693e-03,8.542892e-02,5.510935e-01,1.417280e-02,4.063314e-02,1.845150e-01,7.843248e-02,6.803152e-03,8.036990e-03
9.057016e-03,6.516933e-03,5.081610e-03,1.147113e-02,9.671142e-03,7.894233e-03,1.432542e-03,8.957519e-02,5.967550e-01,1.346270e-02,3.416673e-02,1.410934e-01,6.063969e-02,5.043932e-03,8.138779e-03
2.193464e-02,6.995876e-03,6.393897e-03,2.670857e-02,3.074712e-02,1.039283e-02,1.773478e-03,8.528269e-02,5.180658e-01,1.460895e-02,5.234769e-02,1.338882e-01,7.660811e-02,4.793051e-03,9.459198e-03
7.308323e-02,1.935463e-02,1.485178e-02,4.045470e-02,3.950041e-02,1.173534e-02,1.858191e-03,7.575522e-02,4.569501e-01,2.501843e-02,4.521578e-02,1.070976e-01,6.827660e-02,6.349975e-03,1.449806e-02
1.079565e-01,2.682186e-02,1.505461e-02,7.708928e-02,6.128946e-02,1.926424e-02,1.949139e-03,5.559414e-02,3.691793e-01,2.760997e-02,6.490378e-02,1.028398e-01,4.947176e-02,6.727255e-03,1.424883e-02
9.735957e-02,2.414754e-02,1.340182e-02,1.009941e-01,4.917035e-02,1.849581e-02,1.721416e-03,3.985685e-02,2.855851e-01,2.353644e-02,1.578982e-01,1.301342e-01,3.785347e-02,5.762672e-03,1.408248e-02
7.092565e-02,1.859820e-02,1.090810e-02,9.012205e-02,3.698162e-02,2.046128e-02,1.299284e-03,2.834281e-02,2.020566e-01,1.744604e-02,1.310296e-01,3.289279e-01,2.759528e-02,4.266653e-03,1.103894e-02
5.191934e-02,1.428637e-02,8.905303e-03,6.920365e-02,2.832993e-02,1.902178e-02,1.056694e-03,2.017559e-02,1.425446e-01,1.298478e-02,1.181854e-01,4.811820e-01,2.068321e-02,3.261709e-03,8.259591e-03
3.921916e-02,1.092509e-02,6.857137e-03,5.198326e-02,2.901692e-02,2.214209e-02,9.022909e-04,1.457493e-02,1.013669e-01,1.003851e-02,9.971918e-02,5.885538e-01,1.585848e-02,2.483657e-03,6.358607e-03
3.426453e-02,8.502458e-03,4.991862e-03,3.801347e-02,5.432397e-02,1.990480e-02,8.190491e-04,1.051188e-02,7.439671e-02,8.018427e-03,9.598561e-02,6.312536e-01,1.176636e-02,2.196774e-03,5.050472e-03
2.863173e-02,6.624256e-03,3.636305e-03,2.749331e-02,6.476021e-02,1.918661e-02,6.588523e-04,7.498154e-03,5.470951e-02,8.160831e-03,9.574243e-02,6.677018e-01,8.809755e-03,2.064754e-03,4.321420e-03
2.559157e-02,4.902074e-03,2.619725e-03,1.949155e-02,8.139670e-02,1.594261e-02,5.211168e-04,5.471164e-03,4.038088e-02,7.964082e-03,8.871774e-02,6.946227e-01,6.935611e-03,2.027930e-03,3.414509e-03
2.858014e-02,4.188466e-03,1.894151e-03,1.413411e-02,6.756935e-02,1.303971e-02,4.888385e-04,3.989775e-03,2.867025e-02,8.668574e-03,7.323514e-02,7.450505e-01,5.169391e-03,1.870482e-03,3.451129e-03
2.843712e-02,4.161918e-03,1.457828e-03,1.027582e-02,5.641573e-02,1.050793e-02,5.276501e-04,3.017341e-03,2.089488e-02,8.413714e-03,6.013146e-02,7.871655e-01,3.888068e-03,1.658699e-03,3.046351e-03
2.289532e-02,3.286680e-03,1.119512e-03,7.311848e-03,4.212979e-02,8.727347e-03,5.839883e-04,2.276351e-03,1.497748e-02,6.793422e-03,4.660030e-02,8.364661e-01,2.894655e-03,1.478736e-03,2.458503e-03
1.962623e-02,2.585583e-03,9.388263e-04,5.262770e-03,3.171928e-02,7.473669e-03,5.537954e-04,1.908034e-03,1.112346e-02,5.590225e-03,3.725040e-02,8.700932e-01,2.126598e-03,1.426234e-03,2.321680e-03
1.442787e-02,2.051929e-03,8.417992e-04,3.734483e-03,2.320944e-02,6.127824e-03,4.092944e-04,1.497169e-03,8.353272e-03,4.697100e-03,5.747449e-02,8.720917e-01,1.543616e-03,1.477624e-03,2.062398e-03
1.028879e-02,1.534487e-03,6.712205e-04,2.636246e-03,1.694822e-02,4.961704e-03,3.091255e-04,1.243711e-03,6.341618e-03,4.355740e-03,7.136839e-02,8.748376e-01,1.130759e-03,1.593871e-03,1.778533e-03
7.435002e-03,1.123280e-03,5.298749e-04,1.868504e-03,1.217075e-02,4.013996e-03,2.310005e-04,1.057775e-03,4.667901e-03,3.571448e-03,8.384004e-02,8.756901e-01,8.352211e-04,1.563949e-03,1.401248e-03
5.757396e-03,1.225541e-03,2.560303e-03,1.522995e-03,9.326898e-03,4.072972e-03,2.499075e-04,2.840725e-03,5.129672e-03,4.120956e-03,1.433684e-01,8.153403e-01,6.266555e-04,2.439220e-03,1.418105e-03
4.119942e-03,9.111493e-04,1.927653e-03,1.099765e-03,6.711826e-03,3.430854e-03,1.895136e-04,2.217226e-03,3.932159e-03,3.314708e-03,1.422350e-01,8.260388e-01,4.603925e-04,2.296504e-03,1.114555e-03
3.290059e-03,4.554943e-03,2.342160e-02,9.925939e-04,5.751578e-03,3.743239e-03,3.499716e-04,2.632125e-03,3.634091e-03,4.454527e-03,1.242208e-01,8.186531e-01,3.987061e-04,2.475330e-03,1.427327e-03
2.979879e-03,3.871582e-03,6.406444e-02,1.794637e-03,4.788946e-03,2.064297e-02,2.395816e-03,1.913851e-02,3.230230e-03,5.566539e-03,1.195310e-01,7.476961e-01,4.010723e-04,2.733564e-03,1.164717e-03
3.186731e-03,3.149278e-03,8.692980e-02,2.996195e-03,4.400876e-03,2.753350e-02,6.183588e-03,5.394675e-02,3.358188e-03,9.345178e-03,1.090272e-01,6.852926e-01,4.353126e-04,3.252197e-03,9.625560e-04
4.468261e-03,3.702013e-03,1.198242e-01,3.972472e-03,3.968243e-03,2.523916e-02,6.044401e-03,9.130882e-02,6.597612e-03,2.193507e-02,1.180267e-01,5.893776e-01,6.527720e-04,4.049281e-03,8.334811e-04
7.843980e-03,4.821903e-03,1.129699e-01,4.274838e-03,5.581414e-03,2.146525e-02,5.436906e-03,1.096223e-01,1.031685e-02,3.312272e-02,1.395267e-01,5.326236e-01,9.257279e-04,1.054110e-02,9.269055e-04
9.636844e-03,4.862310e-03,8.587972e-02,9.357758e-03,7.746710e-03,1.626699e-02,4.170251e-03,2.751492e-01,1.773465e-02,2.838987e-02,1.156510e-01,4.138172e-01,1.075601e-03,9.426823e-03,8.351317e-04
1.620553e-02,7.293904e-03,6.966132e-02,3.736163e-02,1.787322e-02,1.401314e-02,3.471602e-03,3.538442e-01,2.757842e-02,2.341790e-02,1.174286e-01,3.019472e-01,1.031686e-03,8.085516e-03,7.860539e-04
2.237073e-02,9.954082e-03,6.578652e-02,7.177464e-02,2.401892e-02,1.158551e-02,2.885171e-03,3.783120e-01,4.014156e-02,2.022572e-02,1.242345e-01,2.194206e-01,9.877578e-04,7.517823e-03,7.845535e-04
3.723349e-02,1.549250e-02,6.657151e-02,9.249242e-02,2.745995e-02,1.005372e-02,2.253255e-03,3.231428e-01,5.175158e-02,1.721409e-02,1.865731e-01,1.560606e-01,8.878173e-04,9.993349e-03,2.819801e-03
6.501965e-02,2.510042e-02,5.572850e-02,8.464084e-02,3.743353e-02,1.018755e-02,1.869226e-03,2.450278e-01,6.836290e-02,1.434331e-02,2.615530e-01,1.107279e-01,8.183455e-04,1.554552e-02,3.641499e-03
1.100940e-01,2.876698e-02,4.931036e-02,7.920584e-02,4.797266e-02,9.353068e-03,1.578681e-03,1.866541e-01,6.903741e-02,1.162180e-02,3.030100e-01,7.950725e-02,9.453412e-04,1.856281e-02,4.379727e-03
1.310145e-01,6.839007e-02,4.664480e-02,6.018724e-02,4.050456e-02,7.975197e-03,1.249814e-03,1.356979e-01,6.624398e-02,9.238907e-03,3.381715e-01,5.687240e-02,9.020798e-04,3.233461e-02,4.572557e-03
1.412091e-01,1.011046e-01,4.190816e-02,4.727688e-02,3.590209e-02,6.782545e-03,1.018042e-03,9.943665e-02,7.217848e-02,8.984491e-03,3.561056e-01,4.110140e-02,8.295846e-04,4.098080e-02,5.181660e-03
1.628887e-01,1.670351e-01,3.441761e-02,3.892493e-02,3.331546e-02,7.580640e-03,9.993282e-04,8.157381e-02,9.466101e-02,1.019201e-02,2.778815e-01,3.030809e-02,9.678525e-04,5.222925e-02,7.024749e-03
1.859795e-01,1.937112e-01,3.031548e-02,3.385242e-02,3.206430e-02,8.389964e-03,9.534421e-04,6.356110e-02,1.029505e-01,1.214025e-02,2.296079e-01,2.246982e-02,1.077871e-03,7.310308e-02,9.823265e-03
2.372766e-01,1.719394e-01,2.428674e-02,2.783820e-02,2.668461e-02,9.520134e-03,1.070501e-03,4.823721e-02,1.249820e-01,1.288393e-02,2.056930e-01,1.746445e-02,1.271709e-03,7.846786e-02,1.238368e-02
2.432245e-01,1.558608e-01,1.836796e-02,2.093692e-02,2.134696e-02,1.199287e-02,1.168178e-03,3.682256e-02,1.426976e-01,2.822021e-02,1.904419e-01,1.369324e-02,1.608837e-03,9.987105e-02,1.374643e-02
2.614212e-01,1.316194e-01,1.380274e-02,1.692019e-02,1.813687e-02,1.467627e-02,1.331244e-03,3.073480e-02,1.361682e-01,2.505124e-02,1.833369e-01,1.357509e-02,3.378714e-03,1.016303e-01,4.821700e-02
1.833970e-01,9.244625e-02,9.852845e-03,1.186718e-02,1.270812e-02,1.251851e-02,9.376639e-04,2.155280e-02,9.639411e-02,2.119690e-02,1.286990e-01,9.587485e-03,2.616134e-03,9.044746e-02,3.057787e-01
1.284777e-01,6.493969e-02,6.994014e-03,8.322975e-03,8.902707e-03,8.936779e-03,6.602702e-04,1.509160e-02,7.133546e-02,2.216348e-02,9.244263e-02,1.343495e-02,2.008378e-03,6.595762e-02,4.903317e-01
9.044728e-02,4.584366e-02,6.349766e-03,5.966095e-03,6.286363e-03,6.895248e-03,5.013393e-04,1.065545e-02,6.441890e-02,8.789668e-02,7.811458e-02,1.340440e-02,5.707161e-03,1.290996e-01,4.484135e-01
6.421843e-02,3.244033e-02,4.672320e-03,4.326185e-03,7.477914e-03,5.747038e-03,3.869724e-04,7.590458e-03,5.244677e-02,1.241609e-01,8.134712e-02,1.136092e-02,1.378696e-02,2.311051e-01,3.589326e-01
4.688759e-02,2.323785e-02,3.617886e-03,3.415957e-03,9.126851e-03,6.859897e-03,3.441223e-04,5.678447e-03,4.379854e-02,1.522510e-01,8.809023e-02,1.249772e-02,1.558098e-02,2.832783e-01,3.053345e-01
3.938818e-02,1.873975e-02,5.279045e-03,5.244655e-03,1.292152e-02,1.557922e-02,7.328136e-04,4.845716e-03,3.729172e-02,1.547221e-01,8.770747e-02,1.170000e-02,1.473310e-02,3.079656e-01,2.831492e-01
2.817054e-02,1.340505e-02,3.986352e-03,6.885650e-03,9.869112e-03,1.340220e-02,5.990965e-04,5.153336e-03,3.384646e-02,1.202875e-01,7.271506e-02,9.495135e-03,1.153070e-02,4.513757e-01,2.192782e-01
2.303886e-02,9.999681e-03,5.426286e-03,9.051165e-03,1.240700e-02,1.441966e-02,3.189801e-03,5.335728e-02,3.353072e-02,9.579135e-02,5.797276e-02,7.969605e-03,1.010449e-02,5.033282e-01,1.604132e-01
1.923227e-02,1.193642e-02,1.446551e-02,2.451211e-02,1.683737e-02,1.679951e-02,3.014494e-03,6.333647e-02,8.434807e-02,9.222263e-02,5.116390e-02,8.990846e-03,1.745219e-02,4.358195e-01,1.398687e-01
2.286066e-02,1.029669e-02,1.363318e-02,2.053021e-02,2.404375e-02,1.542729e-02,2.431820e-03,5.079935e-02,7.750625e-02,8.380118e-02,3.960227e-02,7.441288e-03,1.452877e-02,4.491718e-01,1.679255e-01
2.699494e-02,1.451326e-02,3.966229e-02,4.815967e-02,7.428929e-02,1.334940e-02,3.197246e-03,9.288783e-02,6.882033e-02,6.447408e-02,3.299496e-02,6.266068e-03,1.437544e-02,3.551155e-01,1.448997e-01
4.044884e-02,2.077709e-02,9.087268e-02,5.924619e-02,8.856334e-02,2.147467e-02,4.216115e-03,8.405216e-02,6.262163e-02,5.013079e-02,2.617216e-02,4.865395e-03,1.213216e-02,2.644224e-01,1.700044e-01
4.307335e-02,2.153012e-02,1.804370e-01,7.960913e-02,7.773734e-02,2.361160e-02,6.241935e-03,7.565048e-02,5.627887e-02,4.537843e-02,1.903876e-02,3.711040e-03,1.008990e-02,1.870599e-01,1.705522e-01
4.360569e-02,2.204884e-02,3.102556e-01,7.895677e-02,6.010168e-02,1.835703e-02,4.847149e-03,5.521732e-02,6.951418e-02,4.297873e-02,1.501397e-02,2.755596e-03,8.309576e-03,1.316896e-01,1.363483e-01
4.355054e-02,2.574589e-02,3.010955e-01,6.115493e-02,4.796521e-02,1.456465e-02,3.589393e-03,4.092599e-02,1.239849e-01,4.844186e-02,1.396644e-02,2.133696e-03,7.441720e-03,9.348004e-02,1.719593e-01
7.931957e-02,2.654865e-02,2.341295e-01,1.122753e-01,5.211934e-02,1.367416e-02,3.188330e-03,7.951710e-02,1.340874e-01,3.558840e-02,1.851088e-02,2.136805e-03,8.414539e-03,6.669414e-02,1.337959e-01
7.773545e-02,2.353719e-02,1.788558e-01,1.133276e-01,5.828352e-02,1.163612e-02,4.668799e-03,2.282939e-01,1.004555e-01,2.549187e-02,1.927009e-02,1.777446e-03,8.214692e-03,4.694649e-02,1.015056e-01
6.429908e-02,1.908854e-02,1.755284e-01,1.771067e-01,5.141784e-02,9.377334e-03,3.790348e-03,2.315262e-01,1.128374e-01,1.901356e-02,1.872050e-02,2.294200e-03,8.425049e-03,3.299800e-02,7.357696e-02
4.706863e-02,1.413741e-02,1.284265e-01,1.397536e-01,3.869747e-02,7.598883e-03,2.819357e-03,2.940460e-01,8.865720e-02,1.615959e-02,9.221447e-02,7.276861e-03,4.554611e-02,2.401836e-02,5.357965e-02
3.728972e-02,1.188322e-02,9.954540e-02,1.092410e-01,2.871707e-02,7.583139e-03,2.083251e-03,3.043737e-01,1.000720e-01,3.476246e-02,1.113649e-01,1.047378e-02,4.245797e-02,2.270925e-02,7.744318e-02
3.332003e-02,1.111724e-02,1.023398e-01,1.661468e-01,2.441580e-02,7.011177e-03,1.705875e-03,2.509994e-01,1.345630e-01,3.546581e-02,9.466448e-02,9.820743e-03,3.691421e-02,1.951841e-02,7.199726e-02
3.062475e-02,1.131321e-02,9.873951e-02,1.374872e-01,2.139405e-02,1.435610e-02,1.654808e-03,2.004360e-01,1.344065e-01,3.834955e-02,1.339318e-01,1.030158e-02,4.268361e-02,3.449961e-02,8.982182e-02
2.316334e-02,9.826304e-03,7.609465e-02,1.006806e-01,1.663123e-02,1.329580e-02,1.277699e-03,1.421734e-01,1.258496e-01,4.171273e-02,1.485015e-01,1.036863e-02,4.110272e-02,1.313432e-01,1.179786e-01
1.769014e-02,1.271012e-02,6.839012e-02,7.911489e-02,1.219638e-02,1.319398e-02,9.749120e-04,1.004916e-01,1.895568e-01,4.344302e-02,1.809095e-01,1.286917e-02,3.787294e-02,1.269798e-01,1.036066e-01
1.402942e-02,1.122376e-02,5.269787e-02,6.480286e-02,9.114187e-03,1.365452e-02,7.993425e-04,7.082540e-02,1.610901e-01,3.661387e-02,2.389833e-01,1.336204e-02,3.090468e-02,1.945186e-01,8.738004e-02
1.201132e-02,1.024705e-02,4.300351e-02,5.804272e-02,8.014124e-03,1.159380e-02,9.462050e-04,5.080419e-02,1.411888e-01,3.091213e-02,2.536627e-01,1.180696e-02,2.628123e-02,2.366107e-01,1.048746e-01
8.889790e-03,7.698956e-03,3.170604e-02,4.217976e-02,7.387235e-03,9.026309e-03,8.002042e-04,3.570887e-02,1.048595e-01,2.656954e-02,2.169099e-01,9.451820e-03,2.027793e-02,3.762571e-01,1.022771e-01
6.740434e-03,5.695459e-03,2.451190e-02,3.168235e-02,5.769358e-03,7.982249e-03,6.670842e-04,2.519789e-02,7.608944e-02,2.150159e-02,1.806302e-01,7.491073e-03,1.588195e-02,5.123983e-01,7.776070e-02
4.920906e-03,4.189402e-03,2.537872e-02,2.446508e-02,6.406753e-03,7.233407e-03,5.904331e-04,2.092443e-02,5.803760e-02,1.622356e-02,1.387165e-01,6.883542e-03,1.225262e-02,6.136294e-01,6.014764e-02
3.859457e-03,3.329273e-03,2.820872e-02,1.997189e-02,8.800467e-03,8.166566e-03,7.642664e-04,2.717543e-02,4.618654e-02,1.233599e-02,1.049593e-01,6.100285e-03,9.696650e-03,6.719527e-01,4.849245e-02
3.670293e-03,2.606613e-03,4.814523e-02,1.965530e-02,7.925969e-03,7.408386e-03,1.118083e-03,2.196760e-01,3.461477e-02,8.887513e-03,7.731397e-02,4.898299e-03,8.262144e-03,5.214412e-01,3.437629e-02
2.798487e-03,2.268805e-03,6.075496e-02,2.335988e-01,8.051263e-03,6.138315e-03,8.556763e-04,1.573907e-01,6.382129e-02,6.534497e-03,5.548224e-02,3.539855e-03,6.441104e-03,3.677438e-01,2.458028e-02
2.001482e-03,1.783687e-03,5.060495e-02,3.540961e-01,8.620519e-03,5.461685e-03,6.457150e-04,1.105222e-01,4.799604e-02,2.537155e-02,9.107022e-02,4.704555e-03,1.899069e-02,2.600925e-01,1.803798e-02
1.462889e-03,1.465588e-03,3.705190e-02,3.503340e-01,7.234628e-03,4.505298e-03,4.816119e-04,7.741725e-02,3.545851e-02,1.354415e-01,9.978254e-02,9.562176e-03,4.240680e-02,1.843167e-01,1.307857e-02
1.183128e-03,1.209347e-03,2.781914e-02,2.570392e-01,9.798592e-03,3.792869e-03,3.618633e-04,5.445676e-02,2.685913e-02,1.410681e-01,2.160282e-01,1.422037e-02,1.009383e-01,1.350411e-01,1.018381e-02
1.035550e-03,1.007444e-03,1.993349e-02,1.879230e-01,1.690692e-02,3.306565e-03,3.309671e-04,3.822036e-02,1.975346e-02,2.558922e-01,1.955622e-01,1.648592e-02,1.346054e-01,1.009639e-01,8.072515e-03
1.070205e-03,1.129857e-03,1.527468e-02,1.334207e-01,7.048886e-02,2.497321e-03,3.010279e-04,2.688396e-02,1.476406e-02,2.553025e-01,2.096533e-01,1.685583e-02,1.676909e-01,7.699884e-02,7.667932e-03
1.084925e-03,9.932201e-04,1.242742e-02,9.507828e-02,6.122352e-02,1.916308e-03,2.448038e-04,2.078846e-02,1.402760e-02,3.384278e-01,1.854654e-01,1.687358e-02,1.816123e-01,6.344897e-02,6.387380e-03
1.763350e-03,1.892518e-03,1.203363e-02,7.196470e-02,5.324024e-02,1.723022e-03,3.714865e-04,2.896900e-02,1.261261e-01,2.961077e-01,1.611816e-01,1.465674e-02,1.649902e-01,5.876456e-02,6.215109e-03
3.694118e-03,3.997478e-03,1.986597e-02,5.265414e-02,9.562941e-02,2.149570e-03,6.403711e-04,5.274633e-02,1.352233e-01,2.320441e-01,1.413488e-01,1.442510e-02,1.625487e-01,7.300946e-02,1.002312e-02
6.735114e-03,3.770387e-03,3.845581e-02,3.878140e-02,1.150168e-01,2.741649e-03,1.971699e-03,1.348322e-01,1.136595e-01,1.664364e-01,1.113412e-01,1.161799e-02,1.437442e-01,7.934361e-02,3.155201e-02
6.594775e-03,3.024342e-03,3.787144e-02,2.958116e-02,2.599179e-01,2.442091e-03,2.293708e-03,1.459177e-01,8.658792e-02,1.171266e-01,8.122528e-02,8.482274e-03,1.104022e-01,6.591150e-02,4.262112e-02
6.993872e-03,2.958830e-03,2.978107e-02,2.154045e-02,3.889587e-01,2.109616e-03,5.355501e-03,1.187549e-01,1.116652e-01,8.226746e-02,5.840461e-02,6.132231e-03,7.959557e-02,4.905080e-02,3.643117e-02
6.402161e-03,3.380575e-03,5.198956e-02,3.612993e-02,4.645536e-01,1.884764e-03,8.209046e-03,1.217691e-01,8.609340e-02,5.765484e-02,4.123910e-02,4.335766e-03,5.605330e-02,3.454004e-02,2.576488e-02
1.289652e-02,4.143886e-03,6.456005e-02,3.553573e-02,5.437387e-01,2.598308e-03,1.334379e-02,1.005591e-01,6.521853e-02,4.062744e-02,2.931043e-02,3.090431e-03,3.953732e-02,2.460330e-02,2.023641e-02
1.298311e-02,3.898259e-03,7.680228e-02,1.011281e-01,5.115166e-01,1.990488e-03,1.059455e-02,1.219615e-01,4.816614e-02,2.847767e-02,2.079582e-02,2.246163e-03,2.786084e-02,1.725981e-02,1.431878e-02
2.328867e-02,3.729357e-03,8.379620e-02,9.518196e-02,5.276504e-01,2.014600e-03,8.912336e-03,1.389678e-01,3.720967e-02,2.007424e-02,1.515521e-02,1.727060e-03,1.976610e-02,1.217699e-02,1.034943e-02
