1.000000e+00,0.000000e+00,0.000000e+00,0.000000e+00,0.000000e+00,0.000000e+00,0.000000e+00,0.000000e+00,0.000000e+00,0.000000e+00,0.000000e+00,0.000000e+00,0.000000e+00,0.000000e+00,0.000000e+00
1.000000e+00,0.000000e+00,0.000000e+00,0.000000e+00,0.000000e+00,0.000000e+00,0.000000e+00,0.000000e+00,0.000000e+00,0.000000e+00,0.000000e+00,0.000000e+00,0.000000e+00,0.000000e+00,0.000000e+00
1.000000e+00,0.000000e+00,0.000000e+00,0.000000e+00,0.000000e+00,0.000000e+00,0.000000e+00,0.000000e+00,0.000000e+00,0.000000e+00,0.000000e+00,0.000000e+00,0.000000e+00,0.000000e+00,0.000000e+00
1.000000e+00,0.000000e+00,0.000000e+00,0.000000e+00,0.000000e+00,0.000000e+00,0.000000e+00,0.000000e+00,0.000000e+00,0.000000e+00,0.000000e+00,0.000000e+00,0.000000e+00,0.000000e+00,0.000000e+00
1.000000e+00,0.000000e+00,0.000000e+00,0.000000e+00,0.000000e+00,0.000000e+00,0.000000e+00,0.000000e+00,0.000000e+00,0.000000e+00,0.000000e+00,0.000000e+00,0.000000e+00,0.000000e+00,0.000000e+00
1.000000e+00,0.000000e+00,0.000000e+00,0.000000e+00,0.000000e+00,0.000000e+00,0.000000e+00,0.000000e+00,0.000000e+00,0.000000e+00,0.000000e+00,0.000000e+00,0.000000e+00,0.000000e+00,0.000000e+00
1.000000e+00,0.000000e+00,0.000000e+00,0.000000e+00,0.000000e+00,0.000000e+00,0.000000e+00,0.000000e+00,0.000000e+00,0.000000e+00,0.000000e+00,0.000000e+00,0.000000e+00,0.000000e+00,0.000000e+00
1.000000e+00,0.000000e+00,0.000000e+00,0.000000e+00,0.000000e+00,0.000000e+00,0.000000e+00,0.000000e+00,0.000000e+00,0.000000e+00,0.000000e+00,0.000000e+00,0.000000e+00,0.000000e+00,0.000000e+00
1.000000e+00,0.000000e+00,0.000000e+00,0.000000e+00,0.000000e+00,0.000000e+00,0.000000e+00,0.000000e+00,0.000000e+00,0.000000e+00,0.000000e+00,0.000000e+00,0.000000e+00,0.000000e+00,0.000000e+00
1.000000e+00,0.000000e+00,0.000000e+00,0.000000e+00,0.000000e+00,0.000000e+00,0.000000e+00,0.000000e+00,0.000000e+00,0.000000e+00,0.000000e+00,0.000000e+00,0.000000e+00,0.000000e+00,0.000000e+00
1.000000e+00,0.000000e+00,0.000000e+00,0.000000e+00,0.000000e+00,0.000000e+00,0.000000e+00,0.000000e+00,0.000000e+00,0.000000e+00,0.000000e+00,0.000000e+00,0.000000e+00,0.000000e+00,0.000000e+00
1.000000e+00,0.000000e+00,0.000000e+00,0.000000e+00,0.000000e+00,0.000000e+00,0.000000e+00,0.000000e+00,0.000000e+00,0.000000e+00,0.000000e+00,0.000000e+00,0.000000e+00,0.000000e+00,0.000000e+00
1.000000e+00,0.000000e+00,0.000000e+00,0.000000e+00,0.000000e+00,0.000000e+00,0.000000e+00,0.000000e+00,0.000000e+00,0.000000e+00,0.000000e+00,0.000000e+00,0.000000e+00,0.000000e+00,0.000000e+00
1.000000e+00,0.000000e+00,0.000000e+00,0.000000e+00,0.000000e+00,0.000000e+00,0.000000e+00,0.000000e+00,0.000000e+00,0.000000e+00,0.000000e+00,0.000000e+00,0.000000e+00,0.000000e+00,0.000000e+00
1.000000e+00,0.000000e+00,0.000000e+00,0.000000e+00,0.000000e+00,0.000000e+00,0.000000e+00,0.000000e+00,0.000000e+00,0.000000e+00,0.000000e+00,0.000000e+00,0.000000e+00,0.000000e+00,0.000000e+00
1.000000e+00,0.000000e+00,0.000000e+00,0.000000e+00,0.000000e+00,0.000000e+00,0.000000e+00,0.000000e+00,0.000000e+00,0.000000e+00,0.000000e+00,0.000000e+00,0.000000e+00,0.000000e+00,0.000000e+00
1.000000e+00,0.000000e+00,0.000000e+00,0.000000e+00,0.000000e+00,0.000000e+00,0.000000e+00,0.000000e+00,0.000000e+00,0.000000e+00,0.000000e+00,0.000000e+00,0.000000e+00,0.000000e+00,0.000000e+00
1.000000e+00,0.000000e+00,0.000000e+00,0.000000e+00,0.000000e+00,0.000000e+00,0.000000e+00,0.000000e+00,0.000000e+00,0.000000e+00,0.000000e+00,0.000000e+00,0.000000e+00,0.000000e+00,0.000000e+00
1.000000e+00,0.000000e+00,0.000000e+00,0.000000e+00,0.000000e+00,0.000000e+00,0.000000e+00,0.000000e+00,0.000000e+00,0.000000e+00,0.000000e+00,0.000000e+00,0.000000e+00,0.000000e+00,0.000000e+00
1.000000e+00,0.000000e+00,0.000000e+00,0.000000e+00,0.000000e+00,0.000000e+00,0.000000e+00,0.000000e+00,0.000000e+00,0.000000e+00,0.000000e+00,0.000000e+00,0.000000e+00,0.000000e+00,0.000000e+00
1.000000e+00,0.000000e+00,0.000000e+00,0.000000e+00,0.000000e+00,0.000000e+00,0.000000e+00,0.000000e+00,0.000000e+00,0.000000e+00,0.000000e+00,0.000000e+00,0.000000e+00,0.000000e+00,0.000000e+00
1.000000e+00,0.000000e+00,0.000000e+00,0.000000e+00,0.000000e+00,0.000000e+00,0.000000e+00,0.000000e+00,0.000000e+00,0.000000e+00,0.000000e+00,0.000000e+00,0.000000e+00,0.000000e+00,0.000000e+00
1.000000e+00,0.000000e+00,0.000000e+00,0.000000e+00,0.000000e+00,0.000000e+00,0.000000e+00,0.000000e+00,0.000000e+00,0.000000e+00,0.000000e+00,0.000000e+00,0.000000e+00,0.000000e+00,0.000000e+00
1.000000e+00,0.000000e+00,0.000000e+00,0.000000e+00,0.000000e+00,0.000000e+00,0.000000e+00,0.000000e+00,0.000000e+00,0.000000e+00,0.000000e+00,0.000000e+00,0.000000e+00,0.000000e+00,0.000000e+00
1.000000e+00,0.000000e+00,0.000000e+00,0.000000e+00,0.000000e+00,0.000000e+00,0.000000e+00,0.000000e+00,0.000000e+00,0.000000e+00,0.000000e+00,0.000000e+00,0.000000e+00,0.000000e+00,0.000000e+00
1.000000e+00,0.000000e+00,0.000000e+00,0.000000e+00,0.000000e+00,0.000000e+00,0.000000e+00,0.000000e+00,0.000000e+00,0.000000e+00,0.000000e+00,0.000000e+00,0.000000e+00,0.000000e+00,0.000000e+00
1.000000e+00,0.000000e+00,0.000000e+00,0.000000e+00,0.000000e+00,0.000000e+00,0.000000e+00,0.000000e+00,0.000000e+00,0.000000e+00,0.000000e+00,0.000000e+00,0.000000e+00,0.000000e+00,0.000000e+00
1.000000e+00,0.000000e+00,0.000000e+00,0.000000e+00,0.000000e+00,0.000000e+00,0.000000e+00,0.000000e+00,0.000000e+00,0.000000e+00,0.000000e+00,0.000000e+00,0.000000e+00,0.000000e+00,0.000000e+00
1.000000e+00,0.000000e+00,0.000000e+00,0.000000e+00,0.000000e+00,0.000000e+00,0.000000e+00,0.000000e+00,0.000000e+00,0.000000e+00,0.000000e+00,0.000000e+00,0.000000e+00,0.000000e+00,0.000000e+00
1.000000e+00,0.000000e+00,0.000000e+00,0.000000e+00,0.000000e+00,0.000000e+00,0.000000e+00,0.000000e+00,0.000000e+00,0.000000e+00,0.000000e+00,0.000000e+00,0.000000e+00,0.000000e+00,0.000000e+00
1.000000e+00,0.000000e+00,0.000000e+00,0.000000e+00,0.000000e+00,0.000000e+00,0.000000e+00,0.000000e+00,0.000000e+00,0.000000e+00,0.000000e+00,0.000000e+00,0.000000e+00,0.000000e+00,0.000000e+00
1.000000e+00,0.000000e+00,0.000000e+00,0.000000e+00,0.000000e+00,0.000000e+00,0.000000e+00,0.000000e+00,0.000000e+00,0.000000e+00,0.000000e+00,0.000000e+00,0.000000e+00,0.000000e+00,0.000000e+00
1.000000e+00,0.000000e+00,0.000000e+00,0.000000e+00,0.000000e+00,0.000000e+00,0.000000e+00,0.000000e+00,0.000000e+00,0.000000e+00,0.000000e+00,0.000000e+00,0.000000e+00,0.000000e+00,0.000000e+00
1.000000e+00,0.000000e+00,0.000000e+00,0.000000e+00,0.000000e+00,0.000000e+00,0.000000e+00,0.000000e+00,0.000000e+00,0.000000e+00,0.000000e+00,0.000000e+00,0.000000e+00,0.000000e+00,0.000000e+00
1.000000e+00,0.000000e+00,0.000000e+00,0.000000e+00,0.000000e+00,0.000000e+00,0.000000e+00,0.000000e+00,0.000000e+00,0.000000e+00,0.000000e+00,0.000000e+00,0.000000e+00,0.000000e+00,0.000000e+00
1.000000e+00,0.000000e+00,0.000000e+00,0.000000e+00,0.000000e+00,0.000000e+00,0.000000e+00,0.000000e+00,0.000000e+00,0.000000e+00,0.000000e+00,0.000000e+00,0.000000e+00,0.000000e+00,0.000000e+00
1.000000e+00,0.000000e+00,0.000000e+00,0.000000e+00,0.000000e+00,0.000000e+00,0.000000e+00,0.000000e+00,0.000000e+00,0.000000e+00,0.000000e+00,0.000000e+00,0.000000e+00,0.000000e+00,0.000000e+00
1.000000e+00,0.000000e+00,0.000000e+00,0.000000e+00,0.000000e+00,0.000000e+00,0.000000e+00,0.000000e+00,0.000000e+00,0.000000e+00,0.000000e+00,0.000000e+00,0.000000e+00,0.000000e+00,0.000000e+00
1.000000e+00,0.000000e+00,0.000000e+00,0.000000e+00,0.000000e+00,0.000000e+00,0.000000e+00,0.000000e+00,0.000000e+00,0.000000e+00,0.000000e+00,0.000000e+00,0.000000e+00,0.000000e+00,0.000000e+00
1.000000e+00,0.000000e+00,0.000000e+00,0.000000e+00,0.000000e+00,0.000000e+00,0.000000e+00,0.000000e+00,0.000000e+00,0.000000e+00,0.000000e+00,0.000000e+00,0.000000e+00,0.000000e+00,0.000000e+00
1.000000e+00,0.000000e+00,0.000000e+00,0.000000e+00,0.000000e+00,0.000000e+00,0.000000e+00,0.000000e+00,0.000000e+00,0.000000e+00,0.000000e+00,0.000000e+00,0.000000e+00,0.000000e+00,0.000000e+00
1.000000e+00,0.000000e+00,0.000000e+00,0.000000e+00,0.000000e+00,0.000000e+00,0.000000e+00,0.000000e+00,0.000000e+00,0.000000e+00,0.000000e+00,0.000000e+00,0.000000e+00,0.000000e+00,0.000000e+00
1.000000e+00,0.000000e+00,0.000000e+00,0.000000e+00,0.000000e+00,0.000000e+00,0.000000e+00,0.000000e+00,0.000000e+00,0.000000e+00,0.000000e+00,0.000000e+00,0.000000e+00,0.000000e+00,0.000000e+00
1.000000e+00,0.000000e+00,0.000000e+00,0.000000e+00,0.000000e+00,0.000000e+00,0.000000e+00,0.000000e+00,0.000000e+00,0.000000e+00,0.000000e+00,0.000000e+00,0.000000e+00,0.000000e+00,0.000000e+00
1.000000e+00,0.000000e+00,0.000000e+00,0.000000e+00,0.000000e+00,0.000000e+00,0.000000e+00,0.000000e+00,0.000000e+00,0.000000e+00,0.000000e+00,0.000000e+00,0.000000e+00,0.000000e+00,0.000000e+00
1.000000e+00,0.000000e+00,0.000000e+00,0.000000e+00,0.000000e+00,0.000000e+00,0.000000e+00,0.000000e+00,0.000000e+00,0.000000e+00,0.000000e+00,0.000000e+00,0.000000e+00,0.000000e+00,0.000000e+00
1.000000e+00,0.000000e+00,0.000000e+00,0.000000e+00,0.000000e+00,0.000000e+00,0.000000e+00,0.000000e+00,0.000000e+00,0.000000e+00,0.000000e+00,0.000000e+00,0.000000e+00,0.000000e+00,0.000000e+00
1.000000e+00,0.000000e+00,0.000000e+00,0.000000e+00,0.000000e+00,0.000000e+00,0.000000e+00,0.000000e+00,0.000000e+00,0.000000e+00,0.000000e+00,0.000000e+00,0.000000e+00,0.000000e+00,0.000000e+00
1.000000e+00,0.000000e+00,0.000000e+00,0.000000e+00,0.000000e+00,0.000000e+00,0.000000e+00,0.000000e+00,0.000000e+00,0.000000e+00,0.000000e+00,0.000000e+00,0.000000e+00,0.000000e+00,0.000000e+00
1.000000e+00,0.000000e+00,0.000000e+00,0.000000e+00,0.000000e+00,0.000000e+00,0.000000e+00,0.000000e+00,0.000000e+00,0.000000e+00,0.000000e+00,0.000000e+00,0.000000e+00,0.000000e+00,0.000000e+00
1.000000e+00,0.000000e+00,0.000000e+00,0.000000e+00,0.000000e+00,0.000000e+00,0.000000e+00,0.000000e+00,0.000000e+00,0.000000e+00,0.000000e+00,0.000000e+00,0.000000e+00,0.000000e+00,0.000000e+00
1.000000e+00,0.000000e+00,0.000000e+00,0.000000e+00,0.000000e+00,0.000000e+00,0.000000e+00,0.000000e+00,0.000000e+00,0.000000e+00,0.000000e+00,0.000000e+00,0.000000e+00,0.000000e+00,0.000000e+00
1.000000e+00,0.000000e+00,0.000000e+00,0.000000e+00,0.000000e+00,0.000000e+00,0.000000e+00,0.000000e+00,0.000000e+00,0.000000e+00,0.000000e+00,0.000000e+00,0.000000e+00,0.000000e+00,0.000000e+00
1.000000e+00,0.000000e+00,0.000000e+00,0.000000e+00,0.000000e+00,0.000000e+00,0.000000e+00,0.000000e+00,0.000000e+00,0.000000e+00,0.000000e+00,0.000000e+00,0.000000e+00,0.000000e+00,0.000000e+00
1.000000e+00,0.000000e+00,0.000000e+00,0.000000e+00,0.000000e+00,0.000000e+00,0.000000e+00,0.000000e+00,0.000000e+00,0.000000e+00,0.000000e+00,0.000000e+00,0.000000e+00,0.000000e+00,0.000000e+00
1.000000e+00,0.000000e+00,0.000000e+00,0.000000e+00,0.000000e+00,0.000000e+00,0.000000e+00,0.000000e+00,0.000000e+00,0.000000e+00,0.000000e+00,0.000000e+00,0.000000e+00,0.000000e+00,0.000000e+00
1.000000e+00,0.000000e+00,0.000000e+00,0.000000e+00,0.000000e+00,0.000000e+00,0.000000e+00,0.000000e+00,0.000000e+00,0.000000e+00,0.000000e+00,0.000000e+00,0.000000e+00,0.000000e+00,0.000000e+00
1.000000e+00,0.000000e+00,0.000000e+00,0.000000e+00,0.000000e+00,0.000000e+00,0.000000e+00,0.000000e+00,0.000000e+00,0.000000e+00,0.000000e+00,0.000000e+00,0.000000e+00,0.000000e+00,0.000000e+00
1.000000e+00,0.000000e+00,0.000000e+00,0.000000e+00,0.000000e+00,0.000000e+00,0.000000e+00,0.000000e+00,0.000000e+00,0.000000e+00,0.000000e+00,0.000000e+00,0.000000e+00,0.000000e+00,0.000000e+00
1.000000e+00,0.000000e+00,0.000000e+00,0.000000e+00,0.000000e+00,0.000000e+00,0.000000e+00,0.000000e+00,0.000000e+00,0.000000e+00,0.000000e+00,0.000000e+00,0.000000e+00,0.000000e+00,0.000000e+00
1.000000e+00,0.000000e+00,0.000000e+00,0.000000e+00,0.000000e+00,0.000000e+00,0.000000e+00,0.000000e+00,0.000000e+00,0.000000e+00,0.000000e+00,0.000000e+00,0.000000e+00,0.000000e+00,0.000000e+00
1.000000e+00,0.000000e+00,0.000000e+00,0.000000e+00,0.000000e+00,0.000000e+00,0.000000e+00,0.000000e+00,0.000000e+00,0.000000e+00,0.000000e+00,0.000000e+00,0.000000e+00,0.000000e+00,0.000000e+00
4.425646e-01,4.453524e-02,3.498694e-02,2.920349e-01,7.279388e-03,1.257578e-02,4.534575e-03,1.320785e-02,4.429467e-02,3.348882e-03,2.449206e-02,1.435811e-02,1.017719e-02,9.408319e-03,4.220139e-02
3.121644e-01,3.443335e-02,2.708383e-02,3.725177e-01,5.202265e-03,9.118610e-03,3.225376e-03,9.464716e-03,6.070989e-02,8.879931e-03,2.275153e-02,1.048058e-02,9.190454e-03,7.076947e-03,1.077005e-01
2.371205e-01,3.835885e-02,2.209384e-02,3.019653e-01,6.057056e-03,8.121450e-03,2.681573e-03,7.065851e-03,8.450918e-02,9.436587e-03,8.632486e-02,8.965529e-03,1.354056e-02,8.176355e-03,1.655825e-01
1.684777e-01,4.167188e-02,1.744003e-02,2.475912e-01,5.129039e-03,7.018714e-03,2.101740e-03,5.097230e-03,1.711967e-01,1.249146e-02,6.452602e-02,7.078704e-03,1.194653e-02,7.499102e-03,2.307340e-01
1.211447e-01,4.484250e-02,1.404859e-02,1.791305e-01,3.869664e-03,5.488072e-03,1.566150e-03,3.647737e-03,1.606314e-01,1.562593e-02,4.648067e-02,5.532851e-03,9.784193e-03,9.552857e-03,3.786542e-01
8.593878e-02,3.426027e-02,1.049152e-02,1.258892e-01,2.747979e-03,3.931837e-03,1.121022e-03,2.598122e-03,1.272947e-01,2.087650e-02,3.361235e-02,4.951121e-03,7.260229e-03,1.036690e-02,5.286594e-01
6.318144e-02,2.489269e-02,8.142718e-03,8.861940e-02,1.998547e-03,3.038104e-03,8.631780e-04,1.862868e-03,9.719903e-02,2.117339e-02,2.439992e-02,3.981135e-03,5.643403e-03,3.437818e-02,6.206260e-01
4.662468e-02,1.772073e-02,6.115583e-03,6.216976e-02,1.449922e-03,2.289335e-03,6.627784e-04,1.336543e-03,7.143085e-02,1.673983e-02,3.473337e-02,5.313081e-03,4.344786e-03,1.236352e-01,6.054335e-01
3.380074e-02,1.285297e-02,4.586073e-03,4.371538e-02,1.225513e-03,1.986405e-03,5.164460e-04,9.817812e-04,5.549577e-02,1.541709e-02,7.417997e-02,5.780615e-03,3.475347e-03,2.542986e-01,4.916873e-01
2.495089e-02,9.129685e-03,3.431445e-03,3.076478e-02,1.460242e-03,1.936420e-03,3.953787e-04,7.617170e-04,4.381574e-02,1.451105e-02,1.533432e-01,5.972575e-03,3.128302e-03,2.632480e-01,4.431506e-01
2.176046e-02,6.999667e-03,2.517558e-03,2.189887e-02,1.536606e-03,2.591158e-03,5.196669e-04,7.174461e-04,3.465618e-02,1.074768e-02,2.605075e-01,6.892467e-03,3.339490e-03,2.814229e-01,3.438923e-01
1.554468e-02,4.981987e-03,1.800541e-03,1.545016e-02,1.526751e-03,4.301352e-03,5.455624e-04,5.688736e-04,2.637388e-02,8.419477e-03,3.329491e-01,5.778178e-03,3.123087e-03,3.345627e-01,2.440737e-01
1.108854e-02,3.507373e-03,1.269092e-03,1.088743e-02,1.277223e-03,3.438980e-03,4.070552e-04,4.103557e-04,2.018847e-02,6.920973e-03,3.345208e-01,4.377577e-03,2.463192e-03,4.265333e-01,1.727097e-01
7.822449e-03,3.045224e-03,1.291657e-03,7.961705e-03,1.828243e-03,9.558787e-02,4.272168e-04,3.260101e-04,5.178710e-02,1.421432e-02,2.799473e-01,3.938782e-03,2.027089e-03,4.060903e-01,1.237047e-01
5.635573e-03,3.102673e-03,1.360880e-03,6.149128e-03,2.525685e-03,1.444681e-01,1.383753e-03,4.578527e-04,6.538624e-02,2.294189e-02,2.439612e-01,4.465232e-03,2.386518e-03,4.067668e-01,8.900852e-02
4.445972e-03,3.200875e-03,2.331279e-03,5.799225e-03,1.403039e-02,1.100959e-01,8.587851e-03,3.599346e-02,1.044201e-01,2.582880e-02,2.189075e-01,3.683212e-03,3.081092e-03,3.965203e-01,6.307401e-02
3.519312e-03,3.666699e-03,2.176484e-03,7.525749e-03,1.880233e-02,8.451603e-02,7.530394e-03,2.588423e-02,1.036283e-01,2.989439e-02,2.296863e-01,3.782177e-03,5.447053e-03,4.244223e-01,4.951817e-02
2.762275e-03,3.358312e-03,1.702855e-03,7.268641e-03,1.658368e-02,6.300575e-02,6.314413e-03,1.948987e-02,1.832096e-01,3.878085e-02,2.570804e-01,5.597207e-03,1.267752e-02,3.450828e-01,3.708579e-02
2.124677e-03,3.479183e-03,1.327989e-03,6.969150e-03,1.392006e-02,5.096367e-02,4.992983e-03,1.502447e-02,2.630486e-01,3.718730e-02,2.637363e-01,1.061597e-02,2.618950e-02,2.729200e-01,2.750013e-02
2.073117e-03,2.987321e-03,1.121988e-03,6.710195e-03,3.491172e-02,3.750725e-02,4.647359e-03,1.094905e-02,4.203783e-01,3.065273e-02,1.924127e-01,9.330846e-03,2.111553e-02,2.055326e-01,1.966934e-02
1.807307e-03,2.426887e-03,1.630675e-03,6.799834e-03,4.202632e-02,2.771300e-02,3.556328e-03,1.956336e-02,5.399446e-01,2.276566e-02,1.430144e-01,7.927834e-03,2.216425e-02,1.447919e-01,1.386760e-02
1.618642e-03,1.967340e-03,1.706923e-03,6.323014e-03,4.407048e-02,2.188238e-02,2.865711e-03,1.642622e-02,6.438404e-01,1.645376e-02,1.040612e-01,6.628041e-03,2.012858e-02,1.021014e-01,9.925866e-03
3.236354e-03,2.110764e-03,2.694455e-03,5.746919e-03,5.572845e-02,1.915167e-02,2.937238e-03,3.904066e-02,6.624877e-01,1.208529e-02,8.200517e-02,6.475369e-03,2.569029e-02,7.294818e-02,7.661520e-03
3.414052e-03,3.332539e-03,2.773243e-03,8.411668e-03,5.286383e-02,2.096632e-02,3.030734e-03,3.790859e-02,7.173364e-01,8.753018e-03,5.889826e-02,4.970783e-03,1.978820e-02,5.164459e-02,5.907805e-03
5.756005e-03,2.872707e-03,4.026495e-03,1.211640e-02,5.332526e-02,1.625284e-02,2.803287e-03,5.577897e-02,7.395222e-01,6.221437e-03,4.232196e-02,3.695768e-03,1.490665e-02,3.622348e-02,4.176626e-03
1.914999e-02,3.273614e-03,7.027893e-03,2.690971e-02,1.110848e-01,3.689721e-02,9.202333e-03,5.472646e-02,6.533903e-01,4.418923e-03,3.035843e-02,2.900863e-03,1.144248e-02,2.604093e-02,3.176034e-03
2.368925e-02,2.923940e-03,2.542200e-02,1.025306e-01,1.603660e-01,2.919130e-02,9.239061e-03,1.132540e-01,4.777630e-01,3.126577e-03,2.147104e-02,2.149532e-03,8.303318e-03,1.829068e-02,2.279729e-03
2.263457e-02,2.101984e-03,3.077925e-02,1.251238e-01,1.342167e-01,2.096089e-02,6.705854e-03,2.817950e-01,3.360529e-01,2.200731e-03,1.536378e-02,1.566289e-03,6.053774e-03,1.282287e-02,1.621661e-03
2.177908e-02,1.551500e-03,2.658479e-02,9.388657e-02,1.003319e-01,1.486759e-02,4.790145e-03,4.724175e-01,2.357958e-01,1.544369e-03,1.090606e-02,1.105563e-03,4.319978e-03,8.978072e-03,1.141106e-03
1.773346e-02,1.147811e-03,2.144848e-02,6.811766e-02,7.303224e-02,1.043604e-02,3.398340e-03,6.197467e-01,1.651860e-01,1.084366e-03,7.742744e-03,7.759522e-04,3.063256e-03,6.285567e-03,8.014428e-04
1.398232e-02,8.530822e-04,1.558913e-02,4.799524e-02,5.325079e-02,7.612584e-03,2.454605e-03,7.277471e-01,1.156857e-01,8.186566e-04,5.877796e-03,5.726703e-04,2.576336e-03,4.404203e-03,5.796980e-04
1.385034e-02,9.758800e-04,1.109959e-02,3.441021e-02,3.837460e-02,6.654790e-03,1.785546e-03,7.917068e-01,8.121961e-02,9.606270e-04,5.755691e-03,1.159936e-03,8.404488e-03,3.125387e-03,5.164799e-04
1.138631e-02,9.930753e-04,7.924880e-03,2.504674e-02,2.765271e-02,6.398244e-03,1.373354e-03,8.090270e-01,5.753584e-02,8.152081e-04,1.061201e-02,7.119415e-03,3.114303e-02,2.300057e-03,6.721867e-04
1.048216e-02,1.333033e-03,6.491323e-03,1.868444e-02,2.010086e-02,1.935674e-02,1.152449e-03,6.461835e-01,4.131737e-02,1.488602e-03,1.565406e-02,1.773035e-02,1.913227e-01,1.983905e-03,6.718567e-03
1.042402e-02,1.567103e-03,5.142966e-03,1.412036e-02,1.562704e-02,2.257141e-02,1.542098e-03,4.970875e-01,3.214200e-02,1.838000e-03,3.983415e-02,3.195863e-02,3.140418e-01,1.949899e-03,1.015298e-02
1.137745e-02,1.475125e-03,7.768495e-03,1.093392e-02,1.219418e-02,2.833989e-02,2.470470e-03,3.796093e-01,2.540723e-02,1.854983e-03,4.937362e-02,3.406309e-02,4.255153e-01,1.486808e-03,8.130164e-03
1.370625e-02,1.744407e-03,1.879324e-02,8.361754e-03,1.198414e-02,6.184581e-02,5.585067e-03,3.010184e-01,2.040676e-02,1.653067e-03,5.903026e-02,3.664815e-02,4.513004e-01,1.112375e-03,6.809978e-03
1.018036e-02,1.316078e-03,1.358131e-02,6.124009e-03,8.897480e-03,5.353387e-02,4.434087e-03,2.138959e-01,1.662770e-02,1.352854e-03,6.489509e-02,6.909703e-02,5.295455e-01,8.407972e-04,5.677991e-03
8.689865e-03,1.117867e-03,9.978753e-03,4.419347e-03,6.952649e-03,4.652243e-02,4.372817e-03,1.511143e-01,1.359843e-02,1.419780e-03,6.171653e-02,2.141110e-01,4.698630e-01,8.773855e-04,5.245893e-03
7.474073e-03,8.558538e-04,7.159450e-03,3.130672e-03,5.731021e-03,3.419942e-02,3.545953e-03,1.066665e-01,1.103790e-02,1.765858e-03,6.526698e-02,2.670130e-01,4.805818e-01,7.202209e-04,4.851269e-03
6.657438e-03,7.555392e-04,5.353505e-03,2.220160e-03,5.251537e-03,2.436258e-02,2.830570e-03,7.483807e-02,1.119875e-02,2.847828e-03,5.884466e-02,3.573573e-01,4.417014e-01,1.342716e-03,4.437944e-03
6.219171e-03,7.145217e-04,4.161132e-03,1.601050e-03,4.420678e-03,2.025101e-02,2.648849e-03,5.266549e-02,1.167335e-02,4.809860e-03,4.878425e-02,4.754184e-01,3.611517e-01,1.908196e-03,3.572321e-03
4.495378e-03,5.799158e-04,3.332108e-03,1.211668e-03,8.143717e-03,1.885073e-02,1.972495e-03,3.720362e-02,1.851132e-02,5.731142e-03,3.939823e-02,5.888138e-01,2.673760e-01,1.701736e-03,2.678134e-03
3.252298e-03,1.328904e-03,2.721508e-03,8.967826e-04,8.461774e-03,1.373917e-02,1.432348e-03,2.619225e-02,1.034344e-01,6.415076e-03,2.948012e-02,5.955270e-01,2.036111e-01,1.353437e-03,2.153822e-03
2.331903e-03,2.021537e-03,2.133094e-03,6.668630e-04,6.789293e-03,9.978051e-03,1.032610e-03,1.841118e-02,1.390078e-01,6.975978e-03,2.252665e-02,6.227720e-01,1.623734e-01,1.105416e-03,1.874235e-03
1.677051e-03,1.825548e-03,1.573622e-03,4.838779e-04,5.026410e-03,7.095912e-03,7.355511e-04,1.290048e-02,1.225441e-01,1.376500e-02,1.687789e-02,6.934392e-01,1.194649e-01,1.010295e-03,1.580133e-03
1.242334e-03,1.872319e-03,1.200974e-03,3.704601e-04,3.970221e-03,5.169505e-03,5.372623e-04,9.060704e-03,1.326572e-01,1.785026e-02,1.271594e-02,7.227133e-01,8.833136e-02,9.675253e-04,1.340693e-03
1.289044e-03,1.863221e-03,1.047843e-03,4.797940e-04,1.065517e-02,4.769314e-03,5.291901e-04,6.724090e-03,1.741623e-01,6.018040e-02,1.408052e-02,6.258308e-01,9.432812e-02,2.761700e-03,1.298534e-03
1.354024e-03,1.801541e-03,1.135072e-03,4.749561e-04,3.090682e-02,4.481534e-03,8.093801e-04,5.390479e-03,2.901942e-01,5.096098e-02,1.223057e-02,4.861966e-01,1.107678e-01,2.158617e-03,1.137489e-03
1.540389e-03,1.770168e-03,1.141503e-03,5.917895e-04,4.481366e-02,3.498944e-03,1.055031e-03,6.036588e-03,4.222341e-01,3.929855e-02,1.112526e-02,3.689388e-01,9.529136e-02,1.644169e-03,1.019707e-03
1.427484e-03,1.483791e-03,9.553622e-04,4.722828e-04,4.090530e-02,3.141973e-03,1.161012e-03,4.875052e-03,5.575254e-01,2.862060e-02,9.282842e-03,2.731177e-01,7.501874e-02,1.211866e-03,8.004730e-04
1.775136e-03,1.467037e-03,8.824326e-04,4.370980e-04,4.484772e-02,4.397643e-03,1.485839e-03,3.930394e-03,6.473590e-01,2.126367e-02,8.748206e-03,1.995397e-01,6.212529e-02,1.033597e-03,7.072023e-04
9.303926e-03,1.784837e-03,1.183818e-03,2.163108e-03,1.048435e-01,7.680717e-03,1.985651e-03,5.003589e-03,6.061717e-01,1.833685e-02,1.264673e-02,1.498550e-01,7.634996e-02,1.167500e-03,1.522981e-03
9.722793e-03,2.802161e-03,4.101372e-03,3.488337e-02,1.211231e-01,9.138480e-03,1.757812e-03,4.704138e-03,5.764534e-01,1.591719e-02,1.741265e-02,1.125652e-01,7.196100e-02,1.246015e-03,1.621127e-02
9.259423e-03,2.441651e-03,3.848649e-03,2.638987e-02,1.088895e-01,1.404491e-02,1.410123e-03,3.944359e-03,4.610391e-01,1.163749e-02,4.592656e-02,1.202243e-01,1.752025e-01,1.379109e-03,1.436241e-02
1.912531e-02,2.912793e-03,6.121317e-03,2.248540e-02,1.138698e-01,1.735803e-02,1.611832e-03,6.126414e-03,3.547561e-01,9.612187e-03,5.692327e-02,1.089701e-01,2.666953e-01,1.846402e-03,1.158568e-02
2.281133e-02,2.662890e-03,6.190480e-03,1.874465e-02,1.097747e-01,1.455552e-02,1.544205e-03,6.773568e-03,2.591312e-01,8.134115e-03,5.988047e-02,1.276316e-01,3.481470e-01,4.142306e-03,9.875832e-03
1.795508e-02,2.041392e-03,4.559378e-03,1.396640e-02,8.056016e-02,1.161603e-02,1.225215e-03,5.577783e-03,1.862322e-01,7.039162e-03,6.344008e-02,1.599872e-01,4.337853e-01,4.481418e-03,7.533214e-03
2.210550e-02,2.957424e-03,5.191674e-03,1.341357e-02,8.624689e-02,1.290124e-02,1.952405e-03,9.923424e-03,1.935244e-01,1.149649e-02,6.561449e-02,1.304105e-01,4.222479e-01,1.082663e-02,1.118746e-02
2.272369e-02,3.109692e-03,5.670023e-03,1.252558e-02,1.284545e-01,1.459391e-02,2.651307e-03,1.472387e-02,2.012877e-01,1.173998e-02,5.651940e-02,1.155621e-01,3.881511e-01,1.008342e-02,1.220374e-02
2.166954e-02,2.635612e-03,4.234350e-03,9.107549e-03,1.033763e-01,1.382636e-02,2.159326e-03,1.135051e-02,1.473067e-01,8.466316e-03,4.054211e-02,3.102243e-01,3.077659e-01,7.984821e-03,9.350253e-03
2.278873e-02,2.689245e-03,3.257991e-03,7.051495e-03,7.654944e-02,1.670613e-02,2.277098e-03,1.098012e-02,1.142334e-01,6.384023e-03,3.033005e-02,4.061275e-01,2.857758e-01,7.167576e-03,7.681253e-03
2.076157e-02,6.659411e-03,2.896075e-03,9.230411e-03,5.594749e-02,2.961008e-02,2.630152e-03,1.099287e-02,1.851897e-01,6.139090e-03,2.509909e-02,3.523819e-01,2.700342e-01,8.367144e-03,1.406080e-02
1.925817e-02,9.762198e-03,3.362043e-03,9.206751e-03,4.600846e-02,3.896753e-02,2.682463e-03,8.872624e-03,1.978410e-01,8.287273e-03,2.862680e-02,2.733562e-01,2.800111e-01,2.105254e-02,5.270476e-02
1.770323e-02,1.409534e-02,7.339564e-03,1.107961e-02,3.934638e-02,5.165424e-02,2.890900e-03,1.273117e-02,2.029561e-01,9.738605e-03,3.736854e-02,2.107359e-01,2.957663e-01,1.877405e-02,6.782001e-02
1.631817e-02,1.174213e-02,6.731492e-03,1.366391e-02,2.964965e-02,4.480433e-02,2.229729e-03,9.907425e-03,1.626410e-01,1.883064e-02,3.812107e-02,1.593910e-01,2.469552e-01,3.585730e-02,2.031569e-01
1.475845e-02,1.104637e-02,9.615755e-03,1.648612e-02,2.387284e-02,4.088848e-02,1.717787e-03,1.547562e-02,1.569601e-01,2.824300e-02,5.269016e-02,1.181877e-01,2.221144e-01,3.940459e-02,2.485386e-01
1.261921e-02,1.624712e-02,9.456974e-03,1.617727e-02,1.941873e-02,5.167069e-02,1.354279e-03,1.405363e-02,2.118586e-01,2.588678e-02,4.765560e-02,8.879161e-02,1.784393e-01,3.562104e-02,2.707492e-01
1.202347e-02,2.282993e-02,1.394645e-02,1.788894e-02,2.127931e-02,5.113902e-02,3.300997e-03,5.424850e-02,2.700222e-01,2.010673e-02,4.382093e-02,7.093585e-02,1.499790e-01,2.735846e-02,2.211202e-01
9.913036e-03,3.251877e-02,2.011239e-02,2.211239e-02,1.753913e-02,9.340233e-02,3.277709e-03,6.592037e-02,2.902246e-01,1.655091e-02,3.490096e-02,6.168184e-02,1.430999e-01,2.020413e-02,1.685415e-01
8.574356e-03,7.986325e-02,2.445494e-02,1.960924e-02,2.049260e-02,1.051221e-01,3.257496e-03,4.709778e-02,3.344157e-01,1.391796e-02,2.644943e-02,4.985444e-02,1.270849e-01,1.485609e-02,1.249497e-01
7.212953e-03,1.048579e-01,1.932479e-02,2.112105e-02,1.747887e-02,9.965388e-02,2.573555e-03,3.315189e-02,4.288753e-01,1.111812e-02,1.902026e-02,3.629200e-02,9.212173e-02,1.065405e-02,9.654369e-02
7.277980e-03,9.219566e-02,2.960533e-02,4.808477e-02,1.930376e-02,9.920191e-02,3.895829e-03,4.485480e-02,4.612656e-01,9.433431e-03,1.401289e-02,2.593660e-02,6.690345e-02,7.627923e-03,7.040011e-02
1.355940e-02,6.822322e-02,2.096618e-02,3.526113e-02,4.517955e-02,1.627793e-01,5.688816e-03,3.761262e-02,4.712411e-01,6.733465e-03,1.002112e-02,1.836025e-02,4.921361e-02,5.405802e-03,4.975433e-02
1.783219e-02,4.917845e-02,1.552130e-02,3.101777e-02,6.107169e-02,2.281950e-01,1.116042e-02,7.629768e-02,4.105078e-01,4.821990e-03,7.277567e-03,1.305118e-02,3.494471e-02,3.883286e-03,3.523891e-02
4.438850e-02,4.048794e-02,1.402701e-02,7.825515e-02,7.127997e-02,2.156924e-01,9.193523e-03,9.012766e-02,3.443055e-01,4.320593e-03,8.205326e-03,9.646147e-03,2.581314e-02,3.642763e-03,4.061436e-02
5.826818e-02,3.265690e-02,1.096737e-02,6.274908e-02,7.885054e-02,2.003949e-01,7.420005e-03,7.108212e-02,3.929883e-01,3.398820e-03,7.505198e-03,7.158382e-03,2.028399e-02,4.378908e-03,4.189725e-02
5.210334e-02,2.636790e-02,5.976183e-02,1.483515e-01,6.471807e-02,1.470393e-01,5.614301e-03,5.519169e-02,3.606758e-01,3.625355e-03,7.212746e-03,6.022567e-03,1.555196e-02,3.565517e-03,4.419804e-02
5.166765e-02,2.131433e-02,7.337055e-02,1.573599e-01,5.302702e-02,1.072988e-01,4.078852e-03,4.069492e-02,4.126486e-01,5.082666e-03,1.078423e-02,5.057883e-03,1.197204e-02,3.783892e-03,4.185862e-02
4.229326e-02,1.617002e-02,2.111970e-01,1.686630e-01,4.041743e-02,7.729816e-02,3.008247e-03,3.114298e-02,3.453168e-01,4.751705e-03,8.812873e-03,4.109086e-03,9.119388e-03,3.126194e-03,3.457389e-02
1.056747e-01,2.469222e-02,2.030357e-01,1.735118e-01,4.134827e-02,6.367428e-02,2.612864e-03,2.495663e-02,2.832713e-01,8.185385e-03,1.253702e-02,5.429775e-03,9.100874e-03,6.434133e-03,3.553516e-02
2.390752e-01,2.632192e-02,1.563416e-01,1.485979e-01,4.965888e-02,5.239973e-02,2.321643e-03,2.152069e-02,2.339246e-01,6.849596e-03,1.283092e-02,6.774833e-03,7.813811e-03,6.633897e-03,2.893473e-02
1.728243e-01,3.868648e-02,1.227421e-01,3.458992e-01,4.455695e-02,3.700488e-02,1.669041e-03,1.510707e-02,1.657761e-01,5.202880e-03,1.314595e-02,5.155483e-03,6.859940e-03,4.688124e-03,2.068154e-02
1.225434e-01,2.784755e-02,8.605829e-02,3.321675e-01,3.638271e-02,2.633692e-02,1.189981e-03,1.059640e-02,1.173357e-01,3.806787e-03,1.510662e-02,2.932814e-02,1.733212e-01,3.300177e-03,1.467867e-02
8.743080e-02,2.102446e-02,6.075994e-02,3.026515e-01,7.785112e-02,1.948175e-02,1.355414e-03,7.458463e-03,8.792042e-02,4.414105e-03,1.923497e-02,7.480944e-02,2.222110e-01,2.607994e-03,1.078863e-02
6.160033e-02,1.505864e-02,4.257387e-02,2.138264e-01,6.364985e-02,1.469870e-02,1.060396e-03,5.257714e-03,6.195989e-02,3.302834e-03,2.533768e-02,1.309435e-01,3.507186e-01,2.241418e-03,7.770138e-03
4.355196e-02,1.086861e-02,2.986611e-02,1.508898e-01,5.070588e-02,1.498216e-02,9.608403e-04,3.714477e-03,4.367011e-02,2.481064e-03,2.903233e-02,2.829565e-01,3.288969e-01,1.912929e-03,5.510346e-03
3.078468e-02,7.745742e-03,2.105645e-02,1.057096e-01,3.885335e-02,1.223636e-02,8.045362e-04,2.968011e-03,3.119926e-02,2.036686e-03,2.494351e-02,4.273926e-01,2.887258e-01,1.594888e-03,3.948538e-03
2.572854e-02,5.638960e-03,1.481011e-02,7.412669e-02,3.011916e-02,9.531097e-03,8.338196e-04,2.523886e-03,2.364679e-02,2.935549e-03,2.772827e-02,5.580505e-01,2.177927e-01,3.685849e-03,2.848070e-03
1.988714e-02,6.021400e-03,1.059642e-02,5.206597e-02,2.291254e-02,6.854177e-03,6.587902e-04,1.961159e-03,2.146273e-02,1.030780e-02,2.611974e-02,6.408623e-01,1.723861e-01,5.824382e-03,2.079357e-03
1.536263e-02,4.522929e-03,7.588043e-03,3.660033e-02,1.656188e-02,5.625066e-03,7.535364e-04,2.459491e-03,2.957842e-02,1.551253e-02,5.750026e-02,6.623873e-01,1.290437e-01,1.476958e-02,1.734475e-03
1.124276e-02,4.364450e-03,5.639171e-03,2.574415e-02,1.194288e-02,5.087734e-03,6.096149e-04,1.942687e-03,5.109279e-02,1.698429e-02,1.000548e-01,6.431796e-01,9.844535e-02,2.222627e-02,1.443502e-03
8.419569e-03,4.482489e-03,4.250770e-03,1.818118e-02,9.615859e-03,3.952143e-03,4.451117e-04,1.652316e-03,1.063357e-01,1.617620e-02,1.251919e-01,6.004969e-01,7.080515e-02,2.876664e-02,1.228107e-03
6.150095e-03,4.897045e-03,3.275031e-03,1.293903e-02,9.523080e-03,4.099363e-03,3.554779e-04,1.298092e-03,1.972914e-01,3.160273e-02,1.636636e-01,4.614910e-01,4.968755e-02,5.257877e-02,1.147841e-03
4.588179e-03,4.719904e-03,2.570478e-03,9.243337e-03,9.221504e-03,3.156372e-03,2.741849e-04,9.706771e-04,3.074735e-01,3.467380e-02,1.706543e-01,3.706205e-01,3.487337e-02,4.592009e-02,1.039784e-03
4.039499e-03,4.972869e-03,3.202609e-03,8.089468e-03,1.075872e-02,2.967305e-03,2.447648e-04,1.265480e-03,3.561470e-01,4.090237e-02,2.184410e-01,2.776634e-01,2.482040e-02,4.540800e-02,1.077143e-03
3.597071e-03,5.182643e-03,2.830527e-03,6.418368e-03,1.258724e-02,3.009880e-03,2.887391e-04,1.262893e-03,3.623509e-01,5.172063e-02,2.702578e-01,2.134441e-01,1.762216e-02,4.840245e-02,1.024580e-03
5.128677e-03,1.677159e-02,6.145578e-03,5.662229e-03,3.211900e-02,1.252842e-02,6.423243e-04,1.505936e-03,3.154438e-01,8.552061e-02,2.865101e-01,1.753503e-01,1.308355e-02,4.189170e-02,1.696280e-03
5.138542e-03,1.526595e-02,5.617631e-03,4.466707e-03,3.164370e-02,1.010680e-02,5.463571e-04,1.306750e-03,2.649967e-01,1.525393e-01,3.136699e-01,1.304702e-01,9.542615e-03,5.240195e-02,2.287046e-03
5.676859e-03,2.258085e-02,6.174276e-03,4.651287e-03,3.224763e-02,1.463716e-02,5.605533e-04,2.314980e-03,2.573906e-01,2.215822e-01,2.663559e-01,9.542923e-02,7.070958e-03,5.922249e-02,4.105139e-03
1.142156e-02,2.207723e-02,5.960957e-02,1.792690e-02,2.933355e-02,1.674512e-02,1.575922e-03,5.449477e-02,2.297058e-01,2.226946e-01,1.986866e-01,6.789633e-02,5.561158e-03,5.825492e-02,4.015953e-03
1.809204e-02,1.708653e-02,1.689931e-01,6.317905e-02,2.591062e-02,1.391981e-02,1.468196e-03,6.317946e-02,1.764585e-01,2.001400e-01,1.454040e-01,4.792567e-02,4.626457e-03,5.015781e-02,3.458757e-03
1.495895e-02,1.206090e-02,3.718614e-01,5.760751e-02,1.885038e-02,1.003476e-02,1.095891e-03,7.024923e-02,1.248988e-01,1.406161e-01,1.026640e-01,3.359997e-02,3.421099e-03,3.562178e-02,2.459133e-03
1.237779e-02,8.517021e-03,4.901992e-01,4.575492e-02,1.450558e-02,7.349960e-03,1.328459e-03,1.084326e-01,8.797070e-02,9.863767e-02,7.205777e-02,2.357404e-02,2.441042e-03,2.508931e-02,1.763909e-03
1.008985e-02,6.052158e-03,5.424651e-01,4.398946e-02,1.173231e-02,5.868183e-03,1.223058e-03,1.585267e-01,6.235776e-02,6.970507e-02,5.059789e-02,1.665574e-02,1.799763e-03,1.763167e-02,1.305260e-03
9.272935e-03,4.471253e-03,6.088849e-01,4.017461e-02,9.660523e-03,5.231018e-03,1.542485e-03,1.644071e-01,4.400849e-02,4.969442e-02,3.566655e-02,1.178660e-02,1.434694e-03,1.276059e-02,1.003791e-03
1.008872e-02,3.556324e-03,6.530388e-01,4.378942e-02,8.649457e-03,7.033410e-03,3.980729e-03,1.566538e-01,3.140412e-02,3.650240e-02,2.525761e-02,8.514160e-03,1.209217e-03,9.421029e-03,9.007625e-04
2.021120e-02,3.283942e-03,5.969726e-01,5.409075e-02,1.101651e-02,8.262570e-03,5.304385e-03,2.168176e-01,2.226262e-02,2.819590e-02,1.809701e-02,6.140072e-03,1.284851e-03,6.988368e-03,1.071541e-03
2.079729e-02,2.827630e-03,5.342888e-01,4.374725e-02,9.973911e-03,6.868801e-03,5.740908e-03,3.153338e-01,1.578808e-02,2.023256e-02,1.279216e-02,4.366131e-03,1.094818e-03,5.015470e-03,1.132362e-03
2.046037e-02,2.420739e-03,5.489734e-01,3.888613e-02,8.892895e-03,5.519311e-03,7.897383e-03,3.226380e-01,1.135604e-02,1.487040e-02,9.110861e-03,3.162745e-03,1.006308e-03,3.629241e-03,1.176093e-03
1.947413e-02,2.383651e-03,5.991616e-01,3.177592e-02,8.476295e-03,4.499665e-03,1.017598e-02,2.893588e-01,8.466572e-03,1.167734e-02,6.709292e-03,2.413474e-03,1.069212e-03,2.725411e-03,1.632675e-03
2.306134e-02,3.453973e-03,6.063734e-01,2.713954e-02,8.643722e-03,4.689044e-03,1.944248e-02,2.773707e-01,7.025511e-03,9.786435e-03,4.984706e-03,1.980876e-03,1.243378e-03,2.495237e-03,2.309653e-03
2.990893e-02,6.060882e-03,4.808199e-01,2.312871e-02,1.470644e-02,6.519808e-03,1.601870e-02,3.873387e-01,6.662513e-03,9.080727e-03,4.566460e-03,5.554744e-03,2.623701e-03,2.660471e-03,4.349292e-03
2.231446e-02,5.920411e-03,3.443939e-01,1.686484e-02,1.601389e-02,6.956849e-03,1.143036e-02,2.828404e-01,4.213467e-02,1.735255e-01,9.540532e-03,5.427507e-03,2.497534e-02,1.316969e-02,2.449165e-02
1.777736e-02,6.383688e-03,2.447759e-01,1.287413e-02,1.771464e-02,1.087832e-02,8.626382e-03,2.303734e-01,6.717435e-02,1.325044e-01,1.856365e-02,7.603382e-03,7.852891e-02,4.591839e-02,1.003032e-01
1.283549e-02,4.889150e-03,1.715650e-01,9.306491e-03,1.524432e-02,8.173062e-03,6.313527e-03,1.655487e-01,5.156426e-02,1.065907e-01,2.440909e-02,7.693104e-03,1.302925e-01,4.601401e-02,2.395607e-01
9.275424e-03,3.771894e-03,1.203033e-01,6.682984e-03,1.263211e-02,6.198084e-03,4.721242e-03,1.196581e-01,3.960053e-02,1.599986e-01,2.446605e-02,9.869368e-03,1.664540e-01,5.175336e-02,2.646150e-01
6.594138e-03,2.829158e-03,8.427960e-02,5.072616e-03,9.272902e-03,4.516172e-03,3.347317e-03,8.412174e-02,3.628352e-02,1.269319e-01,2.118161e-02,7.760810e-03,1.513306e-01,6.592962e-02,3.905483e-01
4.778709e-03,2.117457e-03,5.910370e-02,3.733627e-03,6.781521e-03,3.279900e-03,2.355878e-03,5.894352e-02,3.009282e-02,1.687087e-01,1.869258e-02,5.903319e-03,1.102581e-01,8.007130e-02,4.451789e-01
3.502796e-03,2.128002e-03,4.301628e-02,2.857337e-03,5.326567e-03,2.575871e-03,1.713134e-03,4.140242e-02,2.510044e-02,2.280556e-01,2.003514e-02,5.287660e-03,8.496127e-02,9.426334e-02,4.397742e-01
2.565900e-03,2.546401e-03,3.368525e-02,3.518106e-03,6.256671e-03,3.980181e-03,1.411514e-03,2.937004e-02,3.943066e-02,2.170715e-01,2.756925e-02,6.529909e-03,6.495126e-02,1.156113e-01,4.455021e-01
1.922709e-03,4.622017e-03,3.533300e-02,1.389952e-02,5.678091e-03,4.867643e-03,1.179622e-03,2.311395e-02,1.679748e-01,1.884576e-01,3.009204e-02,5.701993e-03,4.777350e-02,1.198984e-01,3.494851e-01
2.395051e-03,4.193457e-03,9.118514e-02,5.299326e-02,7.066411e-03,1.970597e-02,1.738974e-03,3.763571e-02,1.496182e-01,1.342614e-01,2.483336e-02,4.542700e-03,3.568066e-02,1.738783e-01,2.602715e-01
1.994000e-03,3.446986e-03,1.075547e-01,6.307545e-02,5.440307e-03,1.594842e-02,1.233865e-03,2.742202e-02,3.208414e-01,9.462883e-02,1.797172e-02,3.314458e-03,2.562438e-02,1.234426e-01,1.880610e-01
1.700248e-03,2.781462e-03,1.112238e-01,1.129593e-01,4.123269e-03,1.214422e-02,8.718444e-04,2.222385e-02,4.085596e-01,6.761756e-02,1.354470e-02,2.454489e-03,1.839216e-02,8.707093e-02,1.343325e-01
2.025480e-03,2.510116e-03,8.625335e-02,8.673853e-02,3.277934e-03,9.233410e-03,6.289405e-04,2.448474e-02,5.444677e-01,4.842490e-02,1.113943e-02,1.815691e-03,1.378485e-02,6.234781e-02,1.028671e-01
7.480106e-03,2.684929e-03,7.574198e-02,6.682253e-02,6.060387e-03,9.214922e-03,5.318907e-04,4.732374e-02,5.646112e-01,3.837789e-02,1.279527e-02,1.360746e-03,1.061839e-02,4.594326e-02,1.104328e-01
1.256100e-02,4.678511e-03,7.796863e-02,5.355083e-02,7.673634e-03,2.939831e-02,5.466616e-04,5.000244e-02,5.554965e-01,3.875613e-02,1.032659e-02,1.045478e-03,7.871906e-03,3.501355e-02,1.151098e-01
2.535599e-02,9.378968e-03,9.205601e-02,4.232180e-02,1.809830e-02,5.148894e-02,1.275068e-03,4.075474e-02,4.800154e-01,3.443668e-02,8.840143e-03,8.686792e-04,6.513907e-03,3.013487e-02,1.584605e-01
3.592917e-02,1.001110e-02,8.256746e-02,3.607661e-02,2.187268e-02,6.241290e-02,1.341111e-03,3.911249e-02,3.789660e-01,3.053394e-02,7.914517e-03,7.629307e-04,5.585446e-03,4.091798e-02,2.459956e-01
4.936570e-02,1.875858e-02,7.502580e-02,3.219200e-02,2.160325e-02,6.008147e-02,1.303143e-03,3.514554e-02,3.181697e-01,2.965353e-02,7.678564e-03,1.005132e-03,5.248523e-03,3.998125e-02,3.047878e-01
5.626315e-02,2.022758e-02,6.420567e-02,2.764636e-02,1.867433e-02,5.013587e-02,1.224409e-03,2.997401e-02,2.560477e-01,2.496509e-02,7.020118e-03,9.691421e-04,4.370539e-03,3.715652e-02,4.011195e-01
7.475169e-02,3.093027e-02,5.175969e-02,2.045558e-02,1.753627e-02,3.705282e-02,1.153582e-03,2.417067e-02,2.246023e-01,2.199624e-02,6.067682e-03,1.014689e-03,3.811184e-03,4.209532e-02,4.426019e-01
9.318271e-02,3.169817e-02,3.959019e-02,1.543012e-02,1.500157e-02,2.916854e-02,1.282709e-03,1.798407e-02,1.999815e-01,1.933121e-02,6.229145e-03,1.376146e-03,3.383351e-03,5.982353e-02,4.665370e-01
1.357497e-01,3.325932e-02,3.156637e-02,1.360615e-02,1.366103e-02,2.573804e-02,1.526068e-03,1.439838e-02,1.707745e-01,1.897937e-02,8.626091e-03,3.027561e-03,4.069712e-03,7.074860e-02,4.542690e-01
9.924453e-02,3.125522e-02,2.331158e-02,1.454577e-02,1.002288e-02,4.640431e-02,1.171945e-03,1.017468e-02,1.271059e-01,2.727168e-02,9.581489e-03,9.180323e-03,5.197470e-03,6.011475e-02,5.254174e-01
7.069049e-02,4.548732e-02,1.892507e-02,1.421064e-02,7.179121e-03,3.639565e-02,8.417104e-04,7.162692e-03,1.101858e-01,2.272832e-02,1.117126e-02,6.936323e-03,4.402509e-03,4.387132e-02,5.998118e-01
5.614241e-02,6.476396e-02,1.664621e-02,1.241305e-02,5.321516e-03,3.471214e-02,7.105874e-04,5.488343e-03,8.818662e-02,3.042994e-02,9.830213e-02,6.815104e-03,1.203874e-02,1.240778e-01,4.439515e-01
4.077343e-02,4.615316e-02,1.184310e-02,8.997729e-03,3.973503e-03,2.457673e-02,5.218787e-04,4.010547e-03,6.538707e-02,2.789413e-02,1.237969e-01,5.165871e-03,1.074401e-02,2.935233e-01,3.326387e-01
2.890730e-02,3.259773e-02,8.628697e-03,6.438514e-03,5.821723e-03,1.745841e-02,3.923611e-04,3.032294e-03,4.729280e-02,2.751826e-02,1.162728e-01,4.048473e-03,1.170174e-02,3.305831e-01,3.593059e-01
2.139465e-02,2.317166e-02,6.393594e-03,5.365545e-03,6.669269e-03,1.316970e-02,4.775727e-04,2.355887e-03,3.674275e-02,3.035120e-02,1.111198e-01,3.558449e-03,9.162954e-03,2.706445e-01,4.594225e-01
1.505005e-02,1.623880e-02,4.514276e-03,3.884736e-03,5.807524e-03,9.453542e-03,3.666579e-04,1.783003e-03,2.612672e-02,2.547825e-02,9.356946e-02,2.689260e-03,6.616518e-03,2.058909e-01,5.825303e-01
