1.000000e+00,0.000000e+00,0.000000e+00,0.000000e+00,0.000000e+00,0.000000e+00,0.000000e+00,0.000000e+00,0.000000e+00,0.000000e+00,0.000000e+00,0.000000e+00,0.000000e+00,0.000000e+00,0.000000e+00
1.000000e+00,0.000000e+00,0.000000e+00,0.000000e+00,0.000000e+00,0.000000e+00,0.000000e+00,0.000000e+00,0.000000e+00,0.000000e+00,0.000000e+00,0.000000e+00,0.000000e+00,0.000000e+00,0.000000e+00
1.000000e+00,0.000000e+00,0.000000e+00,0.000000e+00,0.000000e+00,0.000000e+00,0.000000e+00,0.000000e+00,0.000000e+00,0.000000e+00,0.000000e+00,0.000000e+00,0.000000e+00,0.000000e+00,0.000000e+00
1.000000e+00,0.000000e+00,0.000000e+00,0.000000e+00,0.000000e+00,0.000000e+00,0.000000e+00,0.000000e+00,0.000000e+00,0.000000e+00,0.000000e+00,0.000000e+00,0.000000e+00,0.000000e+00,0.000000e+00
1.000000e+00,0.000000e+00,0.000000e+00,0.000000e+00,0.000000e+00,0.000000e+00,0.000000e+00,0.000000e+00,0.000000e+00,0.000000e+00,0.000000e+00,0.000000e+00,0.000000e+00,0.000000e+00,0.000000e+00
1.000000e+00,0.000000e+00,0.000000e+00,0.000000e+00,0.000000e+00,0.000000e+00,0.000000e+00,0.000000e+00,0.000000e+00,0.000000e+00,0.000000e+00,0.000000e+00,0.000000e+00,0.000000e+00,0.000000e+00
1.000000e+00,0.000000e+00,0.000000e+00,0.000000e+00,0.000000e+00,0.000000e+00,0.000000e+00,0.000000e+00,0.000000e+00,0.000000e+00,0.000000e+00,0.000000e+00,0.000000e+00,0.000000e+00,0.000000e+00
1.000000e+00,0.000000e+00,0.000000e+00,0.000000e+00,0.000000e+00,0.000000e+00,0.000000e+00,0.000000e+00,0.000000e+00,0.000000e+00,0.000000e+00,0.000000e+00,0.000000e+00,0.000000e+00,0.000000e+00
1.000000e+00,0.000000e+00,0.000000e+00,0.000000e+00,0.000000e+00,0.000000e+00,0.000000e+00,0.000000e+00,0.000000e+00,0.000000e+00,0.000000e+00,0.000000e+00,0.000000e+00,0.000000e+00,0.000000e+00
1.000000e+00,0.000000e+00,0.000000e+00,0.000000e+00,0.000000e+00,0.000000e+00,0.000000e+00,0.000000e+00,0.000000e+00,0.000000e+00,0.000000e+00,0.000000e+00,0.000000e+00,0.000000e+00,0.000000e+00
1.000000e+00,0.000000e+00,0.000000e+00,0.000000e+00,0.000000e+00,0.000000e+00,0.000000e+00,0.000000e+00,0.000000e+00,0.000000e+00,0.000000e+00,0.000000e+00,0.000000e+00,0.000000e+00,0.000000e+00
1.000000e+00,0.000000e+00,0.000000e+00,0.000000e+00,0.000000e+00,0.000000e+00,0.000000e+00,0.000000e+00,0.000000e+00,0.000000e+00,0.000000e+00,0.000000e+00,0.000000e+00,0.000000e+00,0.000000e+00
1.000000e+00,0.000000e+00,0.000000e+00,0.000000e+00,0.000000e+00,0.000000e+00,0.000000e+00,0.000000e+00,0.000000e+00,0.000000e+00,0.000000e+00,0.000000e+00,0.000000e+00,0.000000e+00,0.000000e+00
1.000000e+00,0.000000e+00,0.000000e+00,0.000000e+00,0.000000e+00,0.000000e+00,0.000000e+00,0.000000e+00,0.000000e+00,0.000000e+00,0.000000e+00,0.000000e+00,0.000000e+00,0.000000e+00,0.000000e+00
1.000000e+00,0.000000e+00,0.000000e+00,0.000000e+00,0.000000e+00,0.000000e+00,0.000000e+00,0.000000e+00,0.000000e+00,0.000000e+00,0.000000e+00,0.000000e+00,0.000000e+00,0.000000e+00,0.000000e+00
1.000000e+00,0.000000e+00,0.000000e+00,0.000000e+00,0.000000e+00,0.000000e+00,0.000000e+00,0.000000e+00,0.000000e+00,0.000000e+00,0.000000e+00,0.000000e+00,0.000000e+00,0.000000e+00,0.000000e+00
1.000000e+00,0.000000e+00,0.000000e+00,0.000000e+00,0.000000e+00,0.000000e+00,0.000000e+00,0.000000e+00,0.000000e+00,0.000000e+00,0.000000e+00,0.000000e+00,0.000000e+00,0.000000e+00,0.000000e+00
1.000000e+00,0.000000e+00,0.000000e+00,0.000000e+00,0.000000e+00,0.000000e+00,0.000000e+00,0.000000e+00,0.000000e+00,0.000000e+00,0.000000e+00,0.000000e+00,0.000000e+00,0.000000e+00,0.000000e+00
1.000000e+00,0.000000e+00,0.000000e+00,0.000000e+00,0.000000e+00,0.000000e+00,0.000000e+00,0.000000e+00,0.000000e+00,0.000000e+00,0.000000e+00,0.000000e+00,0.000000e+00,0.000000e+00,0.000000e+00
1.000000e+00,0.000000e+00,0.000000e+00,0.000000e+00,0.000000e+00,0.000000e+00,0.000000e+00,0.000000e+00,0.000000e+00,0.000000e+00,0.000000e+00,0.000000e+00,0.000000e+00,0.000000e+00,0.000000e+00
1.000000e+00,0.000000e+00,0.000000e+00,0.000000e+00,0.000000e+00,0.000000e+00,0.000000e+00,0.000000e+00,0.000000e+00,0.000000e+00,0.000000e+00,0.000000e+00,0.000000e+00,0.000000e+00,0.000000e+00
1.000000e+00,0.000000e+00,0.000000e+00,0.000000e+00,0.000000e+00,0.000000e+00,0.000000e+00,0.000000e+00,0.000000e+00,0.000000e+00,0.000000e+00,0.000000e+00,0.000000e+00,0.000000e+00,0.000000e+00
1.000000e+00,0.000000e+00,0.000000e+00,0.000000e+00,0.000000e+00,0.000000e+00,0.000000e+00,0.000000e+00,0.000000e+00,0.000000e+00,0.000000e+00,0.000000e+00,0.000000e+00,0.000000e+00,0.000000e+00
1.000000e+00,0.000000e+00,0.000000e+00,0.000000e+00,0.000000e+00,0.000000e+00,0.000000e+00,0.000000e+00,0.000000e+00,0.000000e+00,0.000000e+00,0.000000e+00,0.000000e+00,0.000000e+00,0.000000e+00
1.000000e+00,0.000000e+00,0.000000e+00,0.000000e+00,0.000000e+00,0.000000e+00,0.000000e+00,0.000000e+00,0.000000e+00,0.000000e+00,0.000000e+00,0.000000e+00,0.000000e+00,0.000000e+00,0.000000e+00
1.000000e+00,0.000000e+00,0.000000e+00,0.000000e+00,0.000000e+00,0.000000e+00,0.000000e+00,0.000000e+00,0.000000e+00,0.000000e+00,0.000000e+00,0.000000e+00,0.000000e+00,0.000000e+00,0.000000e+00
1.000000e+00,0.000000e+00,0.000000e+00,0.000000e+00,0.000000e+00,0.000000e+00,0.000000e+00,0.000000e+00,0.000000e+00,0.000000e+00,0.000000e+00,0.000000e+00,0.000000e+00,0.000000e+00,0.000000e+00
1.000000e+00,0.000000e+00,0.000000e+00,0.000000e+00,0.000000e+00,0.000000e+00,0.000000e+00,0.000000e+00,0.000000e+00,0.000000e+00,0.000000e+00,0.000000e+00,0.000000e+00,0.000000e+00,0.000000e+00
1.000000e+00,0.000000e+00,0.000000e+00,0.000000e+00,0.000000e+00,0.000000e+00,0.000000e+00,0.000000e+00,0.000000e+00,0.000000e+00,0.000000e+00,0.000000e+00,0.000000e+00,0.000000e+00,0.000000e+00
1.000000e+00,0.000000e+00,0.000000e+00,0.000000e+00,0.000000e+00,0.000000e+00,0.000000e+00,0.000000e+00,0.000000e+00,0.000000e+00,0.000000e+00,0.000000e+00,0.000000e+00,0.000000e+00,0.000000e+00
1.000000e+00,0.000000e+00,0.000000e+00,0.000000e+00,0.000000e+00,0.000000e+00,0.000000e+00,0.000000e+00,0.000000e+00,0.000000e+00,0.000000e+00,0.000000e+00,0.000000e+00,0.000000e+00,0.000000e+00
1.000000e+00,0.000000e+00,0.000000e+00,0.000000e+00,0.000000e+00,0.000000e+00,0.000000e+00,0.000000e+00,0.000000e+00,0.000000e+00,0.000000e+00,0.000000e+00,0.000000e+00,0.000000e+00,0.000000e+00
1.000000e+00,0.000000e+00,0.000000e+00,0.000000e+00,0.000000e+00,0.000000e+00,0.000000e+00,0.000000e+00,0.000000e+00,0.000000e+00,0.000000e+00,0.000000e+00,0.000000e+00,0.000000e+00,0.000000e+00
1.000000e+00,0.000000e+00,0.000000e+00,0.000000e+00,0.000000e+00,0.000000e+00,0.000000e+00,0.000000e+00,0.000000e+00,0.000000e+00,0.000000e+00,0.000000e+00,0.000000e+00,0.000000e+00,0.000000e+00
1.000000e+00,0.000000e+00,0.000000e+00,0.000000e+00,0.000000e+00,0.000000e+00,0.000000e+00,0.000000e+00,0.000000e+00,0.000000e+00,0.000000e+00,0.000000e+00,0.000000e+00,0.000000e+00,0.000000e+00
1.000000e+00,0.000000e+00,0.000000e+00,0.000000e+00,0.000000e+00,0.000000e+00,0.000000e+00,0.000000e+00,0.000000e+00,0.000000e+00,0.000000e+00,0.000000e+00,0.000000e+00,0.000000e+00,0.000000e+00
1.000000e+00,0.000000e+00,0.000000e+00,0.000000e+00,0.000000e+00,0.000000e+00,0.000000e+00,0.000000e+00,0.000000e+00,0.000000e+00,0.000000e+00,0.000000e+00,0.000000e+00,0.000000e+00,0.000000e+00
1.000000e+00,0.000000e+00,0.000000e+00,0.000000e+00,0.000000e+00,0.000000e+00,0.000000e+00,0.000000e+00,0.000000e+00,0.000000e+00,0.000000e+00,0.000000e+00,0.000000e+00,0.000000e+00,0.000000e+00
1.000000e+00,0.000000e+00,0.000000e+00,0.000000e+00,0.000000e+00,0.000000e+00,0.000000e+00,0.000000e+00,0.000000e+00,0.000000e+00,0.000000e+00,0.000000e+00,0.000000e+00,0.000000e+00,0.000000e+00
1.000000e+00,0.000000e+00,0.000000e+00,0.000000e+00,0.000000e+00,0.000000e+00,0.000000e+00,0.000000e+00,0.000000e+00,0.000000e+00,0.000000e+00,0.000000e+00,0.000000e+00,0.000000e+00,0.000000e+00
1.000000e+00,0.000000e+00,0.000000e+00,0.000000e+00,0.000000e+00,0.000000e+00,0.000000e+00,0.000000e+00,0.000000e+00,0.000000e+00,0.000000e+00,0.000000e+00,0.000000e+00,0.000000e+00,0.000000e+00
1.000000e+00,0.000000e+00,0.000000e+00,0.000000e+00,0.000000e+00,0.000000e+00,0.000000e+00,0.000000e+00,0.000000e+00,0.000000e+00,0.000000e+00,0.000000e+00,0.000000e+00,0.000000e+00,0.000000e+00
1.000000e+00,0.000000e+00,0.000000e+00,0.000000e+00,0.000000e+00,0.000000e+00,0.000000e+00,0.000000e+00,0.000000e+00,0.000000e+00,0.000000e+00,0.000000e+00,0.000000e+00,0.000000e+00,0.000000e+00
1.000000e+00,0.000000e+00,0.000000e+00,0.000000e+00,0.000000e+00,0.000000e+00,0.000000e+00,0.000000e+00,0.000000e+00,0.000000e+00,0.000000e+00,0.000000e+00,0.000000e+00,0.000000e+00,0.000000e+00
1.000000e+00,0.000000e+00,0.000000e+00,0.000000e+00,0.000000e+00,0.000000e+00,0.000000e+00,0.000000e+00,0.000000e+00,0.000000e+00,0.000000e+00,0.000000e+00,0.000000e+00,0.000000e+00,0.000000e+00
1.000000e+00,0.000000e+00,0.000000e+00,0.000000e+00,0.000000e+00,0.000000e+00,0.000000e+00,0.000000e+00,0.000000e+00,0.000000e+00,0.000000e+00,0.000000e+00,0.000000e+00,0.000000e+00,0.000000e+00
1.000000e+00,0.000000e+00,0.000000e+00,0.000000e+00,0.000000e+00,0.000000e+00,0.000000e+00,0.000000e+00,0.000000e+00,0.000000e+00,0.000000e+00,0.000000e+00,0.000000e+00,0.000000e+00,0.000000e+00
1.000000e+00,0.000000e+00,0.000000e+00,0.000000e+00,0.000000e+00,0.000000e+00,0.000000e+00,0.000000e+00,0.000000e+00,0.000000e+00,0.000000e+00,0.000000e+00,0.000000e+00,0.000000e+00,0.000000e+00
1.000000e+00,0.000000e+00,0.000000e+00,0.000000e+00,0.000000e+00,0.000000e+00,0.000000e+00,0.000000e+00,0.000000e+00,0.000000e+00,0.000000e+00,0.000000e+00,0.000000e+00,0.000000e+00,0.000000e+00
1.000000e+00,0.000000e+00,0.000000e+00,0.000000e+00,0.000000e+00,0.000000e+00,0.000000e+00,0.000000e+00,0.000000e+00,0.000000e+00,0.000000e+00,0.000000e+00,0.000000e+00,0.000000e+00,0.000000e+00
1.000000e+00,0.000000e+00,0.000000e+00,0.000000e+00,0.000000e+00,0.000000e+00,0.000000e+00,0.000000e+00,0.000000e+00,0.000000e+00,0.000000e+00,0.000000e+00,0.000000e+00,0.000000e+00,0.000000e+00
4.709851e-01,4.627376e-02,1.447939e-02,1.553822e-01,1.576599e-02,3.535060e-02,1.469424e-02,3.553343e-02,2.550814e-02,3.279317e-03,2.096649e-02,1.119989e-01,2.300832e-02,2.156830e-03,2.461731e-02
4.172602e-01,5.930179e-02,1.733426e-02,1.723054e-01,2.148375e-02,3.717313e-02,1.723615e-02,3.516997e-02,3.085378e-02,4.284847e-03,2.099421e-02,1.070047e-01,2.381990e-02,2.716411e-03,3.306147e-02
3.697841e-01,6.566558e-02,2.012127e-02,1.838124e-01,2.468168e-02,3.757861e-02,1.918775e-02,4.164034e-02,3.294766e-02,4.817741e-03,2.192338e-02,1.079502e-01,2.790580e-02,3.554620e-03,3.842885e-02
3.411642e-01,7.806534e-02,2.136843e-02,1.968220e-01,2.686107e-02,3.422117e-02,1.710803e-02,3.819511e-02,3.495419e-02,5.487416e-03,2.446845e-02,9.970212e-02,2.973355e-02,5.355462e-03,4.649341e-02
3.018300e-01,9.040800e-02,2.088793e-02,2.030030e-01,2.649470e-02,3.230245e-02,1.472818e-02,3.402823e-02,3.862945e-02,6.619039e-03,2.953501e-02,9.619534e-02,3.447467e-02,8.765705e-03,6.209830e-02
2.794289e-01,1.039699e-01,2.196268e-02,2.019451e-01,2.556301e-02,3.169673e-02,1.299529e-02,3.087940e-02,4.126646e-02,7.506739e-03,3.232765e-02,8.549692e-02,3.526163e-02,1.170527e-02,7.799433e-02
2.355268e-01,1.067400e-01,3.672602e-02,2.188433e-01,2.574247e-02,3.105665e-02,1.129565e-02,3.538024e-02,4.441639e-02,7.481709e-03,3.503023e-02,7.816723e-02,3.238720e-02,1.310942e-02,8.809666e-02
2.629361e-01,1.047854e-01,3.390611e-02,2.013486e-01,2.433404e-02,2.931227e-02,1.035930e-02,2.972105e-02,4.815443e-02,8.111253e-03,3.716953e-02,6.842744e-02,3.094774e-02,1.565279e-02,9.483390e-02
2.836641e-01,9.614906e-02,3.125814e-02,1.785218e-01,2.259029e-02,3.391378e-02,9.856650e-03,2.615958e-02,4.608334e-02,8.657928e-03,3.912105e-02,6.724930e-02,3.407875e-02,1.844787e-02,1.042484e-01
3.947487e-01,8.293054e-02,2.492478e-02,1.427536e-01,2.036544e-02,3.015058e-02,8.826206e-03,2.206070e-02,3.724701e-02,7.404085e-03,3.279760e-02,5.675657e-02,3.281640e-02,1.598142e-02,9.023632e-02
4.549077e-01,7.563204e-02,2.097706e-02,1.187182e-01,1.904917e-02,2.819754e-02,7.893966e-03,1.901774e-02,3.105802e-02,7.077147e-03,2.931241e-02,4.945881e-02,3.166300e-02,1.610477e-02,9.093247e-02
1.000000e+00,0.000000e+00,0.000000e+00,0.000000e+00,0.000000e+00,0.000000e+00,0.000000e+00,0.000000e+00,0.000000e+00,0.000000e+00,0.000000e+00,0.000000e+00,0.000000e+00,0.000000e+00,0.000000e+00
1.000000e+00,0.000000e+00,0.000000e+00,0.000000e+00,0.000000e+00,0.000000e+00,0.000000e+00,0.000000e+00,0.000000e+00,0.000000e+00,0.000000e+00,0.000000e+00,0.000000e+00,0.000000e+00,0.000000e+00
1.000000e+00,0.000000e+00,0.000000e+00,0.000000e+00,0.000000e+00,0.000000e+00,0.000000e+00,0.000000e+00,0.000000e+00,0.000000e+00,0.000000e+00,0.000000e+00,0.000000e+00,0.000000e+00,0.000000e+00
4.675582e-01,3.914993e-02,1.453529e-02,6.100026e-02,1.446440e-01,3.037189e-02,9.293234e-03,1.367357e-01,9.801424e-03,2.856194e-03,1.475629e-02,1.776288e-02,1.401902e-02,6.045971e-03,3.146977e-02
3.305211e-01,2.946242e-02,1.074070e-02,4.371103e-02,2.065620e-01,2.533784e-02,1.152351e-02,2.725778e-01,6.928049e-03,2.106182e-03,1.125876e-02,1.256230e-02,1.035235e-02,4.274423e-03,2.208153e-02
2.323861e-01,2.143338e-02,8.818286e-03,3.471512e-02,1.966966e-01,2.004042e-02,1.369810e-02,4.210196e-01,4.886925e-03,1.597594e-03,9.351629e-03,8.951244e-03,7.719342e-03,3.105802e-03,1.557988e-02
1.687500e-01,1.715448e-02,6.845274e-03,2.581217e-02,2.683463e-01,2.682248e-02,1.829561e-02,4.264174e-01,3.511320e-03,1.293090e-03,8.959554e-03,6.954926e-03,6.621769e-03,2.981733e-03,1.123391e-02
1.196030e-01,1.238379e-02,4.902194e-03,1.837472e-02,4.557148e-01,2.078789e-02,1.361330e-02,3.205142e-01,2.662483e-03,1.085176e-03,7.755554e-03,5.288915e-03,6.263390e-03,2.565031e-03,8.485448e-03
8.489053e-02,8.846357e-03,3.451247e-03,1.303211e-02,6.024629e-01,1.558894e-02,9.642649e-03,2.347356e-01,1.916308e-03,8.095489e-04,6.321959e-03,4.457445e-03,5.834111e-03,1.950137e-03,6.060155e-03
5.982223e-02,6.443684e-03,2.470434e-03,9.326295e-03,7.082630e-01,1.345866e-02,7.070317e-03,1.683336e-01,1.368256e-03,6.000950e-04,7.892376e-03,4.566564e-03,4.431665e-03,1.623320e-03,4.329399e-03
4.352593e-02,5.380960e-03,1.968685e-03,7.038806e-03,7.573087e-01,2.203335e-02,5.840075e-03,1.254247e-01,1.087217e-03,8.329492e-04,1.434144e-02,4.532377e-03,4.773181e-03,2.232280e-03,3.679305e-03
3.466010e-02,5.404501e-03,1.840350e-03,6.036640e-03,7.761227e-01,2.796581e-02,4.922254e-03,1.000951e-01,9.599637e-04,1.244893e-03,2.489583e-02,4.660523e-03,4.690439e-03,2.536393e-03,3.964412e-03
3.152300e-02,5.734574e-03,2.499488e-03,7.146234e-03,7.630348e-01,4.743830e-02,3.959172e-03,8.843297e-02,9.457004e-04,1.666435e-03,2.584911e-02,7.666638e-03,5.461921e-03,2.597625e-03,6.044073e-03
2.413099e-02,7.638279e-03,2.357590e-03,8.738890e-03,6.090830e-01,1.381984e-01,3.547156e-03,6.275249e-02,1.249660e-02,1.596180e-02,4.028662e-02,2.267444e-02,1.434508e-02,4.704061e-03,3.308460e-02
1.837333e-02,6.908902e-03,2.088191e-03,1.022859e-02,4.405051e-01,2.666137e-01,2.793106e-03,4.440641e-02,2.476483e-02,1.621675e-02,6.822670e-02,3.929681e-02,2.071707e-02,6.734178e-03,3.212635e-02
1.431660e-02,5.584104e-03,1.678901e-03,8.143250e-03,3.088487e-01,3.651238e-01,2.181988e-03,3.129636e-02,2.022201e-02,1.150245e-02,9.485757e-02,9.022451e-02,1.601572e-02,6.170071e-03,2.383387e-02
1.099636e-02,4.714634e-03,1.325744e-03,6.590135e-03,2.166407e-01,3.100795e-01,1.722144e-03,2.202148e-02,1.811016e-02,8.212644e-03,1.898556e-01,1.726661e-01,1.283554e-02,6.232142e-03,1.799711e-02
8.182932e-03,3.606641e-03,2.122956e-03,5.174576e-03,1.529619e-01,2.391109e-01,1.932141e-03,1.575051e-02,1.570815e-02,7.958056e-03,1.432576e-01,3.755141e-01,9.282232e-03,5.894947e-03,1.354233e-02
5.877672e-03,2.546235e-03,1.693369e-03,3.883560e-03,1.073956e-01,1.712578e-01,1.405925e-03,1.119887e-02,1.233597e-02,6.540300e-03,1.181512e-01,5.354087e-01,6.781062e-03,5.974648e-03,9.549138e-03
4.193483e-03,1.802453e-03,1.340296e-03,2.915806e-03,7.609218e-02,1.206406e-01,1.062830e-03,7.997431e-03,1.242048e-02,6.096303e-03,1.055586e-01,6.426038e-01,5.012230e-03,5.503972e-03,6.759571e-03
3.179322e-03,1.348764e-03,1.346078e-03,2.184578e-03,5.709854e-02,8.509112e-02,9.829851e-04,5.781268e-03,2.298688e-02,6.030010e-03,9.223223e-02,7.081913e-01,3.897729e-03,4.814780e-03,4.834452e-03
2.693577e-03,1.092256e-03,2.233743e-03,1.919340e-03,5.420374e-02,6.065106e-02,1.088938e-03,4.255634e-03,3.690442e-02,7.963458e-03,9.529696e-02,7.200198e-01,3.669770e-03,4.388236e-03,3.619050e-03
2.917350e-03,1.596621e-03,3.662158e-03,1.707974e-03,4.630764e-02,4.722605e-02,1.478542e-03,3.494452e-03,3.206819e-02,2.058467e-02,1.058392e-01,7.161965e-01,5.822421e-03,7.903775e-03,3.194470e-03
3.586616e-03,2.370158e-03,4.931222e-03,2.054517e-03,4.251035e-02,4.262805e-02,2.552771e-03,3.082013e-03,2.951867e-02,2.103598e-02,2.045610e-01,6.245338e-01,5.888819e-03,7.620101e-03,3.125894e-03
4.464530e-03,1.892668e-02,3.375942e-02,2.260412e-03,1.485053e-01,3.153256e-02,2.468464e-03,2.790059e-03,7.210097e-02,1.593138e-02,1.519436e-01,4.981662e-01,4.894355e-03,6.477308e-03,5.778614e-03
3.806688e-03,4.003838e-02,3.297087e-02,4.340183e-03,1.214010e-01,3.062394e-02,2.163052e-03,6.627688e-03,1.482842e-01,1.620432e-02,1.738093e-01,3.922804e-01,5.538230e-03,1.258280e-02,9.328915e-03
3.186464e-03,4.956414e-02,2.590189e-02,4.873923e-03,1.158264e-01,2.608170e-02,1.572941e-03,5.330223e-03,2.139626e-01,1.411932e-02,2.133124e-01,2.879976e-01,5.341269e-03,1.804543e-02,1.488374e-02
2.902572e-03,5.146579e-02,3.120219e-02,5.853936e-03,8.736969e-02,2.096134e-02,1.181805e-03,1.284460e-02,2.365947e-01,1.858702e-02,2.664123e-01,2.107882e-01,1.616034e-02,2.410214e-02,1.357336e-02
3.837791e-03,5.128547e-02,2.571277e-02,8.035485e-03,6.532814e-02,2.140759e-02,1.445838e-03,6.773037e-02,2.529474e-01,2.150098e-02,2.405025e-01,1.571611e-01,3.116611e-02,3.673833e-02,1.520000e-02
6.006443e-03,4.128281e-02,2.212222e-02,7.785881e-03,4.926367e-02,3.303483e-02,2.637978e-03,1.552720e-01,2.156855e-01,2.084605e-02,2.034070e-01,1.190927e-01,6.361876e-02,4.304077e-02,1.690335e-02
5.704632e-03,3.180283e-02,1.915679e-02,6.186014e-03,5.677688e-02,2.799397e-02,2.994081e-03,1.591656e-01,2.874143e-01,2.016519e-02,1.709909e-01,9.580486e-02,5.786316e-02,4.225622e-02,1.572468e-02
5.734686e-03,2.484543e-02,2.318138e-02,1.323591e-02,6.119221e-02,2.650075e-02,4.844924e-03,1.956386e-01,2.953311e-01,2.001256e-02,1.401839e-01,8.224296e-02,6.040220e-02,3.172188e-02,1.493163e-02
6.544313e-03,1.937493e-02,2.944523e-02,1.893649e-02,5.256510e-02,2.409935e-02,3.925902e-03,2.047058e-01,3.036295e-01,1.662957e-02,1.166859e-01,9.088155e-02,7.505442e-02,2.287717e-02,1.464484e-02
6.307005e-03,1.607333e-02,2.621860e-02,1.717275e-02,4.787701e-02,1.759913e-02,3.125237e-03,2.716418e-01,2.940980e-01,1.288750e-02,1.062580e-01,7.443714e-02,7.630633e-02,1.863848e-02,1.135967e-02
5.579714e-03,1.253047e-02,2.254321e-02,4.558117e-02,4.195157e-02,1.282194e-02,2.292330e-03,2.091330e-01,4.262198e-01,9.579108e-03,7.905255e-02,5.427071e-02,5.662941e-02,1.323352e-02,8.581471e-03
6.014518e-03,1.216679e-02,2.899704e-02,3.916394e-02,3.363551e-02,9.855463e-03,2.002233e-03,1.637293e-01,5.312862e-01,7.371101e-03,6.346005e-02,3.936501e-02,4.564293e-02,9.487346e-03,7.822475e-03
4.598207e-03,9.789590e-03,2.269485e-02,7.287794e-02,2.670129e-02,7.900266e-03,1.544517e-03,1.147152e-01,5.141009e-01,5.275080e-03,4.896782e-02,3.014855e-02,1.274946e-01,6.664289e-03,6.526861e-03
3.560013e-03,7.325086e-03,1.854103e-02,1.380538e-01,2.820636e-02,6.157570e-03,1.306968e-03,8.046628e-02,4.781182e-01,3.927113e-03,3.983084e-02,5.308429e-02,1.311430e-01,4.853368e-03,5.426164e-03
2.585473e-03,5.209821e-03,1.323487e-02,1.147050e-01,2.068956e-02,5.393831e-03,9.402224e-04,5.634748e-02,3.408829e-01,2.807614e-03,3.446986e-02,1.449888e-01,2.496846e-01,3.559004e-03,4.501115e-03
2.267322e-03,3.702774e-03,9.536480e-03,8.596230e-02,1.552065e-02,2.672157e-02,7.041816e-04,3.949790e-02,2.411163e-01,1.999858e-03,2.853027e-02,1.667357e-01,3.713405e-01,2.835306e-03,3.528959e-03
1.913059e-03,2.698619e-03,6.761693e-03,6.078882e-02,1.177270e-02,2.624083e-02,5.614586e-04,2.774581e-02,1.698427e-01,1.424191e-03,2.090806e-02,1.602392e-01,5.042496e-01,2.158673e-03,2.694573e-03
1.670158e-03,1.978817e-03,4.775898e-03,4.275382e-02,9.465081e-03,3.101845e-02,1.038706e-03,1.970764e-02,1.192537e-01,1.017896e-03,1.500261e-02,1.257556e-01,6.230679e-01,1.564959e-03,1.928747e-03
1.329361e-03,1.962264e-03,3.448481e-03,3.033239e-02,7.050282e-03,2.708881e-02,7.846727e-04,1.393879e-02,8.691467e-02,8.512796e-04,1.086717e-02,1.008206e-01,7.117441e-01,1.302190e-03,1.564940e-03
1.160089e-03,2.100506e-03,2.519436e-03,2.146140e-02,5.834554e-03,2.056862e-02,5.797988e-04,9.933659e-03,6.345280e-02,7.294245e-04,7.799228e-03,9.354016e-02,7.680447e-01,9.958768e-04,1.279714e-03
1.121502e-03,2.016644e-03,1.870365e-03,1.519993e-02,4.678663e-03,1.614098e-02,4.937117e-04,7.520230e-03,4.714119e-02,6.021844e-04,5.713071e-03,1.096546e-01,7.857446e-01,8.936878e-04,1.208602e-03
1.134447e-03,1.844459e-03,1.337884e-03,1.075012e-02,3.927331e-03,1.240707e-02,3.723053e-04,5.550248e-03,3.511248e-02,4.606832e-04,4.167237e-03,1.134777e-01,8.077533e-01,7.179477e-04,9.867942e-04
1.193753e-03,1.580567e-03,9.778448e-04,7.578861e-03,4.131675e-03,1.043402e-02,3.079798e-04,4.132999e-03,2.590572e-02,3.392228e-04,3.011032e-03,1.073248e-01,8.318233e-01,5.349184e-04,7.232691e-04
1.580239e-03,2.589806e-03,7.493777e-04,5.369149e-03,4.327540e-03,8.694838e-03,2.766248e-04,3.068632e-03,2.204189e-02,2.611479e-04,2.281846e-03,9.698468e-02,8.508061e-01,4.237391e-04,5.444125e-04
2.304325e-03,4.544886e-03,7.052958e-04,3.823736e-03,5.848507e-03,7.902532e-03,2.857859e-04,2.349625e-03,2.140786e-02,2.206372e-04,1.862511e-03,9.830996e-02,8.496522e-01,3.688655e-04,4.132517e-04
3.052504e-03,4.546231e-03,7.551828e-04,2.722684e-03,6.087591e-03,6.670278e-03,3.265042e-04,1.958296e-03,1.866865e-02,1.808704e-04,1.451553e-03,1.083196e-01,8.446474e-01,2.981406e-04,3.145498e-04
4.686734e-03,6.406964e-03,1.069549e-03,2.141950e-03,8.766945e-03,1.688383e-02,7.372676e-04,1.976683e-03,2.342296e-02,1.952474e-04,1.358892e-03,1.149094e-01,8.167689e-01,3.590917e-04,3.155556e-04
5.565315e-03,7.365424e-03,1.042934e-03,1.574833e-03,7.883045e-03,1.448946e-02,6.265219e-04,1.695602e-03,2.032479e-02,1.612960e-04,1.096345e-03,1.085781e-01,8.289760e-01,2.872307e-04,3.329785e-04
1.025920e-02,2.939921e-02,2.419223e-03,1.206946e-03,9.689581e-03,1.777299e-02,1.014402e-03,1.830854e-03,3.778172e-02,2.478077e-04,1.230818e-03,1.206803e-01,7.653574e-01,5.218224e-04,5.875954e-04
1.345343e-02,3.102244e-02,4.501469e-03,9.342647e-04,8.635129e-03,1.970850e-02,1.477944e-03,2.417435e-03,3.612243e-02,2.402902e-04,1.034897e-03,9.409428e-02,7.848911e-01,6.172032e-04,8.491367e-04
2.378080e-02,3.019671e-02,5.005270e-03,7.705909e-04,8.489196e-03,2.152724e-02,1.837667e-03,3.501897e-03,3.328326e-02,1.908957e-04,8.996449e-04,7.326360e-02,7.958075e-01,6.308042e-04,8.148480e-04
3.353153e-02,2.895360e-02,4.252596e-03,7.600152e-04,8.614338e-03,2.148721e-02,1.747765e-03,3.175044e-03,2.811074e-02,1.918711e-04,7.977191e-04,6.893851e-02,7.974709e-01,6.750568e-04,1.293042e-03
4.159728e-02,3.349540e-02,4.622170e-03,9.502154e-04,9.089351e-03,2.133716e-02,2.053032e-03,3.081861e-03,2.590939e-02,2.995211e-04,8.087021e-04,1.051781e-01,7.473050e-01,7.345029e-04,3.538240e-03
4.166823e-02,2.525651e-02,3.757908e-03,1.282459e-03,7.736717e-03,1.838917e-02,2.469846e-03,2.729497e-03,2.046388e-02,4.480355e-04,1.024396e-03,1.608610e-01,7.093654e-01,1.107449e-03,3.439463e-03
5.063495e-02,1.854088e-02,2.929402e-03,1.170948e-03,1.222263e-02,1.828836e-02,4.961053e-03,2.564796e-03,1.761937e-02,5.315084e-04,1.088334e-03,1.373486e-01,7.284923e-01,9.438984e-04,2.662969e-03
6.086021e-02,1.499050e-02,2.527254e-03,1.580401e-03,1.080220e-02,1.859276e-02,4.397151e-03,2.182294e-03,1.458403e-02,5.348304e-04,1.814105e-03,1.679599e-01,6.942061e-01,1.789664e-03,3.178539e-03
4.768921e-02,1.126812e-02,2.143820e-03,1.664442e-03,1.101468e-02,1.759702e-02,3.458513e-03,1.965837e-03,1.230751e-02,8.127437e-04,4.391139e-03,1.629926e-01,7.176558e-01,2.112040e-03,2.926467e-03
4.123670e-02,8.412867e-03,1.826685e-03,2.291617e-03,1.116111e-02,1.838695e-02,3.013976e-03,2.029756e-03,9.451370e-03,9.900860e-04,5.681160e-03,1.699919e-01,7.196935e-01,3.095071e-03,2.737208e-03
3.554457e-02,6.418978e-03,1.917154e-03,2.221034e-03,1.114071e-02,1.349595e-02,2.188740e-03,1.958627e-03,7.395980e-03,2.455472e-03,3.561335e-02,1.313216e-01,7.419090e-01,3.716379e-03,2.702496e-03
5.455711e-02,4.946877e-03,4.321360e-03,3.092529e-03,2.876246e-02,1.006462e-02,1.764513e-03,4.974788e-03,1.081162e-02,3.744840e-02,7.937381e-02,1.279459e-01,6.230444e-01,3.254503e-03,5.637162e-03
7.501276e-02,4.798068e-03,6.944237e-03,4.679401e-03,5.483938e-02,1.120815e-02,1.917127e-03,8.854784e-03,3.877368e-02,6.296611e-02,1.037633e-01,1.341776e-01,4.824150e-01,3.034247e-03,6.616219e-03
1.019369e-01,5.383271e-03,7.603771e-03,1.026385e-02,6.051021e-02,1.781652e-02,2.495520e-03,9.557669e-03,1.856278e-01,5.364792e-02,8.432662e-02,9.827835e-02,3.453276e-01,2.781287e-03,1.444265e-02
9.772468e-02,5.265169e-03,9.124785e-03,5.831403e-02,9.542950e-02,2.107879e-02,6.145778e-03,1.937208e-02,2.350652e-01,4.837582e-02,6.543443e-02,7.598107e-02,2.464312e-01,3.072857e-03,1.318454e-02
9.105758e-02,4.662555e-03,9.931446e-03,4.558178e-02,1.045385e-01,8.720700e-02,8.440635e-03,1.880145e-02,2.905373e-01,3.614016e-02,5.252753e-02,5.424454e-02,1.769363e-01,2.404487e-03,1.698880e-02
7.611887e-02,4.206547e-03,1.146000e-02,1.408018e-01,1.266637e-01,7.726253e-02,7.730004e-03,5.597496e-02,2.559876e-01,2.687727e-02,3.878574e-02,3.832397e-02,1.249795e-01,1.908380e-03,1.291911e-02
5.378189e-02,2.963902e-03,8.166933e-03,9.885170e-02,8.946452e-02,3.477870e-01,5.434155e-03,4.292408e-02,1.795486e-01,1.883189e-02,2.738800e-02,2.683857e-02,8.749724e-02,1.394749e-03,9.126793e-03
3.787599e-02,2.096443e-03,5.725419e-03,6.936287e-02,6.268205e-02,5.130635e-01,3.852329e-03,3.036602e-02,1.380283e-01,2.235956e-02,2.322456e-02,1.890137e-02,6.175598e-02,1.387821e-03,9.317672e-03
2.797802e-02,1.516614e-03,4.024230e-03,4.883995e-02,4.408668e-02,5.356858e-01,2.822504e-03,2.250633e-02,1.580892e-01,2.308778e-02,5.500535e-02,1.360460e-02,4.408924e-02,2.568828e-03,1.609486e-02
1.960876e-02,1.085412e-03,2.820349e-03,3.427550e-02,3.090532e-02,3.937317e-01,1.980124e-03,1.619562e-02,3.445140e-01,1.871846e-02,3.998104e-02,9.569809e-03,3.104619e-02,2.102545e-03,5.346511e-02
1.391786e-02,7.791322e-04,1.990980e-03,2.407076e-02,2.172687e-02,2.849250e-01,1.416997e-03,1.150076e-02,5.012796e-01,1.454036e-02,4.219261e-02,7.094998e-03,2.210208e-02,5.594676e-03,4.686733e-02
9.984514e-03,5.839891e-04,1.460892e-03,1.708597e-02,1.533001e-02,2.000861e-01,1.011255e-03,8.220623e-03,6.194630e-01,1.312203e-02,4.363015e-02,1.500939e-02,1.668775e-02,4.589461e-03,3.373492e-02
7.396994e-03,4.581815e-04,1.170896e-03,1.219368e-02,1.089370e-02,1.403282e-01,9.321802e-04,5.811538e-03,5.046564e-01,1.005966e-02,6.418198e-02,1.948172e-01,1.321692e-02,9.674778e-03,2.420761e-02
5.656782e-03,4.527200e-04,1.153506e-03,8.664236e-03,7.900701e-03,9.859741e-02,8.236787e-04,4.171071e-03,3.657144e-01,8.104512e-03,1.152479e-01,3.391358e-01,1.069293e-02,1.629592e-02,1.738846e-02
4.510642e-03,5.725514e-04,1.145072e-03,6.232393e-03,6.857634e-03,6.929443e-02,6.730263e-04,3.057227e-03,2.591719e-01,1.244279e-02,2.019057e-01,3.440060e-01,8.264472e-03,6.752615e-02,1.434001e-02
3.195198e-03,1.592862e-03,8.327204e-03,4.473037e-03,1.105936e-02,4.868980e-02,5.149544e-04,2.182696e-03,1.846861e-01,1.151273e-02,2.950430e-01,2.754942e-01,5.902019e-03,1.357346e-01,1.159237e-02
2.260424e-03,1.481176e-03,1.290396e-02,3.174033e-03,1.064076e-02,3.413301e-02,3.857200e-04,1.557243e-03,1.344382e-01,1.009646e-02,4.261596e-01,2.070881e-01,4.185244e-03,1.405757e-01,1.092042e-02
1.884523e-03,1.155356e-03,1.038060e-02,2.838489e-03,8.990238e-03,2.506038e-02,2.928423e-04,1.256128e-03,9.864943e-02,1.098063e-02,5.214162e-01,1.475262e-01,3.091593e-03,1.578594e-01,8.617992e-03
2.886048e-03,1.007169e-03,9.633152e-03,2.572226e-03,6.850103e-03,2.796026e-02,2.448813e-04,1.392355e-03,7.055991e-02,1.354589e-02,4.929379e-01,1.063936e-01,2.619845e-03,2.547117e-01,6.685108e-03
8.423445e-03,8.913685e-04,9.993050e-03,2.596658e-03,5.805640e-03,1.711583e-01,4.222153e-04,4.776261e-03,5.169235e-02,1.413328e-02,4.020734e-01,8.162515e-02,4.069315e-03,2.368501e-01,5.489647e-03
1.055275e-02,1.220941e-03,8.242632e-03,2.864632e-03,5.720255e-03,1.357044e-01,3.721417e-04,3.991524e-03,4.950821e-02,2.037106e-02,4.082361e-01,7.447003e-02,5.214700e-03,2.657493e-01,7.781444e-03
3.026664e-02,4.636572e-03,2.782003e-02,4.227882e-03,6.205120e-03,1.206624e-01,8.248365e-04,9.248457e-03,7.256681e-02,1.680585e-02,3.761165e-01,7.031707e-02,8.858068e-03,2.441647e-01,7.279137e-03
2.774268e-02,4.677795e-03,4.447224e-02,4.234622e-03,5.076062e-03,1.259480e-01,7.500015e-04,9.198481e-03,8.867931e-02,1.310793e-02,2.820593e-01,5.043589e-02,7.394794e-03,3.301671e-01,6.055770e-03
2.125983e-02,3.538463e-03,3.560918e-02,3.264108e-03,3.805261e-03,9.811002e-02,5.376440e-04,6.863412e-03,8.763207e-02,9.796266e-03,2.059012e-01,3.570547e-02,5.449250e-03,4.777332e-01,4.794692e-03
2.284066e-02,2.832945e-03,4.718923e-02,3.442233e-03,3.252091e-03,7.487238e-02,4.481018e-04,5.961109e-03,8.085559e-02,7.555548e-03,1.609437e-01,2.518390e-02,4.015208e-03,5.566835e-01,3.923879e-03
2.618780e-02,2.606264e-03,6.638428e-02,5.706725e-03,2.975143e-03,5.571254e-02,3.902513e-04,1.109207e-02,8.167205e-02,8.187413e-03,1.187599e-01,1.784052e-02,3.173325e-03,5.931102e-01,6.201513e-03
3.438247e-02,2.455847e-03,6.715308e-02,5.921740e-03,2.617227e-03,4.646189e-02,3.291458e-04,8.655818e-03,8.291411e-02,7.534971e-03,9.014868e-02,1.262774e-02,2.474634e-03,6.267166e-01,9.606045e-03
4.577605e-02,3.180291e-03,9.372008e-02,1.586604e-02,2.698551e-03,4.020014e-02,3.903203e-04,7.257711e-03,8.149504e-02,7.611688e-03,6.584492e-02,9.075323e-03,2.160871e-03,6.128398e-01,1.188321e-02
4.877985e-02,3.644102e-03,7.696336e-02,1.397733e-02,3.076346e-03,3.298083e-02,4.018594e-04,8.757501e-03,8.003162e-02,6.355348e-03,4.909398e-02,6.490992e-03,1.843023e-03,6.555677e-01,1.203613e-02
5.544727e-02,6.759298e-03,5.978042e-02,1.397755e-02,4.012857e-03,3.173632e-02,4.020309e-04,7.775441e-03,7.358944e-02,5.347821e-03,4.572703e-02,4.733502e-03,1.590335e-03,6.744500e-01,1.467065e-02
4.949939e-02,6.203907e-03,4.737294e-02,1.020544e-02,3.719066e-03,2.437303e-02,3.266577e-04,7.309324e-03,6.701410e-02,4.042154e-03,4.178020e-02,3.367184e-03,1.188562e-03,7.225490e-01,1.104904e-02
4.794493e-02,5.988347e-03,3.949747e-02,7.687512e-03,3.906980e-03,1.906887e-02,3.159586e-04,6.924081e-03,7.856569e-02,3.280651e-03,4.614291e-02,2.461279e-03,1.013406e-03,7.281087e-01,9.093164e-03
5.084062e-02,6.221035e-03,3.807128e-02,5.800938e-03,3.775269e-03,1.481060e-02,3.492919e-04,6.310412e-03,7.857443e-02,2.849003e-03,6.982145e-02,2.204651e-03,9.972864e-04,7.115853e-01,7.788458e-03
6.139324e-02,6.424940e-03,4.162567e-02,4.761985e-03,3.949214e-03,1.191617e-02,4.532717e-04,6.333892e-03,7.365642e-02,2.466312e-03,9.549793e-02,1.797760e-03,8.752024e-04,6.821703e-01,6.677680e-03
1.055594e-01,1.786396e-02,4.431362e-02,5.140609e-03,4.703775e-03,1.276216e-02,1.184868e-03,8.559976e-03,8.135934e-02,3.342817e-03,1.003480e-01,2.093595e-03,1.315823e-03,6.019935e-01,9.458590e-03
8.885314e-02,1.607884e-02,3.926716e-02,4.669509e-03,3.518071e-03,5.755105e-02,8.666995e-04,6.498598e-03,1.359515e-01,3.923566e-03,9.047271e-02,2.129606e-03,3.047389e-03,4.616995e-01,8.547270e-02
6.354381e-02,1.596561e-02,3.672818e-02,4.750037e-03,2.680643e-03,4.245774e-02,6.241582e-04,4.644217e-03,2.152836e-01,4.537318e-03,7.715011e-02,2.237557e-03,3.446947e-03,3.427347e-01,1.832154e-01
4.544099e-02,1.257755e-02,2.974082e-02,3.666751e-03,2.036125e-03,3.134782e-02,4.515903e-04,3.311286e-03,1.906865e-01,1.191753e-02,8.344702e-02,2.758445e-03,6.634980e-03,4.190574e-01,1.569252e-01
3.274697e-02,1.029950e-02,3.096378e-02,2.971730e-03,1.592777e-03,2.456754e-02,3.464878e-04,2.474790e-03,1.909884e-01,2.251852e-02,1.123700e-01,3.639422e-03,8.574964e-03,4.186967e-01,1.372485e-01
2.357365e-02,7.780044e-03,2.270023e-02,3.154487e-03,7.449722e-03,2.898988e-02,4.304875e-04,2.955705e-03,1.503350e-01,4.074745e-02,1.315698e-01,4.370640e-03,1.730606e-02,3.493876e-01,2.092493e-01
1.683967e-02,5.563410e-03,1.606036e-02,3.684605e-03,1.156111e-02,2.103504e-02,4.885003e-04,2.254133e-03,1.254205e-01,1.453117e-01,1.198580e-01,5.590086e-03,1.397890e-02,2.859457e-01,2.264083e-01
1.227307e-02,3.984175e-03,1.133913e-02,5.949926e-03,1.971680e-02,1.519137e-02,4.013388e-04,2.214221e-03,9.585875e-02,2.564383e-01,1.300157e-01,8.144898e-03,1.223718e-02,2.301756e-01,1.960596e-01
1.020985e-02,3.092027e-03,1.076478e-02,2.610119e-02,2.165110e-02,1.173617e-02,6.890971e-04,2.867763e-02,8.495285e-02,2.090659e-01,1.501616e-01,1.593327e-02,1.993502e-02,2.563370e-01,1.506925e-01
8.069312e-03,2.795782e-03,9.883485e-03,3.477066e-02,1.834607e-02,1.032505e-02,6.139342e-04,3.286057e-02,1.902462e-01,1.598639e-01,1.238819e-01,1.534462e-02,1.665349e-02,2.644190e-01,1.119261e-01
6.120174e-03,2.143817e-03,8.988030e-03,3.223902e-02,1.796583e-02,7.457477e-03,1.044161e-03,2.430385e-01,1.618389e-01,1.128934e-01,9.189681e-02,1.182852e-02,1.259416e-02,2.112970e-01,7.865427e-02
7.740970e-03,2.453568e-03,1.244012e-02,6.577981e-02,1.538594e-01,1.487312e-02,7.161135e-03,2.036525e-01,1.636939e-01,7.957144e-02,6.575491e-02,8.375480e-03,9.010519e-03,1.501121e-01,5.552106e-02
1.045434e-02,3.205251e-03,1.298671e-02,6.634046e-02,2.794730e-01,2.160482e-02,1.199032e-02,1.716859e-01,1.602709e-01,5.594019e-02,4.763383e-02,5.922524e-03,6.479449e-03,1.065984e-01,3.941392e-02
8.987712e-03,3.509699e-03,1.183969e-02,1.262381e-01,3.544812e-01,2.465719e-02,1.737199e-02,1.347855e-01,1.330221e-01,3.949776e-02,3.412673e-02,4.171873e-03,4.620485e-03,7.483391e-02,2.785615e-02
1.200521e-02,6.273721e-03,1.045821e-02,1.513866e-01,3.954453e-01,3.254713e-02,1.522138e-02,9.945257e-02,1.385369e-01,2.870248e-02,2.578636e-02,2.952488e-03,3.356384e-03,5.253259e-02,2.534264e-02
9.896047e-03,7.976998e-03,9.163489e-03,2.725455e-01,2.881196e-01,2.316394e-02,1.077110e-02,7.047045e-02,2.028192e-01,2.066108e-02,2.075834e-02,2.189932e-03,2.644649e-03,3.680448e-02,2.201510e-02
1.228778e-02,8.796377e-03,2.708953e-02,3.142961e-01,2.333646e-01,1.765901e-02,8.121993e-03,5.109153e-02,2.364264e-01,1.605628e-02,2.725396e-02,1.709129e-03,2.383733e-03,2.584203e-02,1.762143e-02
1.745606e-02,1.106732e-02,5.037558e-02,3.280786e-01,1.996305e-01,1.393148e-02,9.289174e-03,4.263574e-02,2.509829e-01,1.254032e-02,2.616244e-02,1.328077e-03,3.101065e-03,1.815371e-02,1.526702e-02
2.900536e-02,1.086331e-02,6.841947e-02,3.907715e-01,1.636483e-01,1.110250e-02,8.091469e-03,5.875317e-02,1.980744e-01,1.065970e-02,2.195491e-02,1.102639e-03,2.435958e-03,1.280689e-02,1.231034e-02
3.630134e-02,1.266228e-02,1.361518e-01,3.775956e-01,1.333084e-01,9.989711e-03,6.881426e-03,6.554957e-02,1.607303e-01,1.160589e-02,1.853649e-02,9.743769e-04,4.284980e-03,9.170327e-03,1.625749e-02
2.571707e-02,9.612917e-03,2.037270e-01,3.248641e-01,9.360290e-02,7.524208e-03,4.896116e-03,5.291433e-02,1.295048e-01,2.879738e-02,6.685829e-02,3.683529e-03,1.020944e-02,7.451996e-03,3.063599e-02
1.842610e-02,7.001034e-03,1.529990e-01,2.358978e-01,6.568590e-02,5.423395e-03,3.492657e-03,3.797585e-02,1.416966e-01,5.994647e-02,1.697577e-01,4.691888e-03,2.313269e-02,8.257722e-03,6.561518e-02
1.312440e-02,5.380462e-03,1.110050e-01,1.695640e-01,4.634480e-02,4.005081e-03,2.700806e-03,2.688669e-02,1.615677e-01,4.604599e-02,2.603179e-01,5.219843e-03,5.166454e-02,2.151486e-02,7.465785e-02
9.505346e-03,4.009880e-03,8.100099e-02,1.205606e-01,3.269254e-02,3.075056e-03,1.955033e-03,1.905903e-02,2.351651e-01,5.065538e-02,2.414274e-01,4.381502e-03,4.292451e-02,5.260630e-02,1.009813e-01
6.782379e-03,3.057067e-03,5.780550e-02,8.474930e-02,2.333875e-02,2.320341e-03,1.416416e-03,1.343773e-02,1.906582e-01,3.833757e-02,3.391055e-01,3.282758e-03,3.650130e-02,9.166466e-02,1.075426e-01
4.792773e-03,2.369623e-03,4.090038e-02,5.945638e-02,1.652173e-02,1.894949e-03,1.016190e-03,9.416833e-03,2.071764e-01,3.765975e-02,2.443695e-01,2.664310e-03,2.689821e-02,2.222882e-01,1.225749e-01
3.420868e-03,1.857240e-03,2.905390e-02,4.170985e-02,1.185719e-02,1.576354e-03,7.466185e-04,6.632469e-03,1.835696e-01,2.953666e-02,1.920415e-01,2.091721e-03,2.038161e-02,3.188864e-01,1.566381e-01
2.523224e-03,1.476179e-03,2.056539e-02,2.926765e-02,8.437804e-03,1.519328e-03,5.464663e-04,4.654337e-03,1.483896e-01,2.593399e-02,1.569842e-01,1.845873e-03,1.686876e-02,3.971137e-01,1.838735e-01
1.980949e-03,1.192818e-03,1.466680e-02,2.062009e-02,6.017906e-03,1.745243e-03,4.064472e-04,3.269136e-03,1.682182e-01,2.663535e-02,1.555117e-01,1.752611e-03,1.538818e-02,3.949890e-01,1.876056e-01
1.471273e-03,2.760327e-03,1.071241e-02,1.448731e-02,1.557276e-02,1.520387e-03,3.161108e-04,2.292928e-03,2.170342e-01,1.978881e-02,2.382504e-01,1.819897e-03,2.632820e-02,2.922229e-01,1.554221e-01
2.450889e-03,2.920392e-03,8.322950e-03,1.016418e-02,2.946625e-02,1.473572e-03,2.857249e-04,1.654987e-03,3.117424e-01,1.953767e-02,1.835664e-01,1.625927e-03,2.064731e-02,2.561006e-01,1.500407e-01
2.441554e-03,2.256527e-03,6.137966e-03,7.125338e-03,3.728715e-02,1.275526e-03,2.255202e-04,1.193155e-03,3.344065e-01,1.514146e-02,1.422518e-01,1.209057e-03,1.529594e-02,3.181155e-01,1.156371e-01
3.442641e-03,2.016402e-03,5.606763e-03,5.033127e-03,2.860001e-02,2.623763e-03,2.331272e-04,1.034626e-03,3.472524e-01,1.216382e-02,1.090416e-01,1.231329e-03,1.278359e-02,3.835354e-01,8.540149e-02
4.734160e-03,1.659576e-03,4.667467e-03,3.584161e-03,2.088653e-02,3.535740e-03,1.926948e-04,8.413056e-04,3.759125e-01,1.005125e-02,8.016150e-02,1.151470e-03,1.035879e-02,4.166623e-01,6.560057e-02
5.600851e-03,1.396195e-03,4.089849e-03,2.547842e-03,1.582048e-02,3.152668e-03,1.503723e-04,6.613495e-04,3.603189e-01,9.088260e-03,5.792785e-02,8.387517e-04,7.494560e-03,4.761260e-01,5.478618e-02
9.567102e-03,5.148299e-03,6.692917e-03,2.009755e-03,1.782698e-02,3.273068e-03,1.295787e-04,9.891738e-04,3.699111e-01,7.606343e-03,4.177396e-02,6.113898e-04,5.613604e-03,4.744854e-01,5.436126e-02
2.010343e-02,1.169985e-02,1.061403e-02,1.795867e-03,5.757120e-02,1.263548e-02,1.883600e-04,1.296661e-03,3.278428e-01,8.511540e-03,3.020330e-02,4.422737e-04,4.098421e-03,4.551450e-01,5.785179e-02
2.941142e-02,3.551909e-02,1.608394e-02,2.648815e-03,1.300289e-01,2.584691e-02,3.975047e-04,2.986628e-03,2.662093e-01,1.083914e-02,2.176870e-02,3.213540e-04,3.022041e-03,3.852926e-01,6.962363e-02
3.838247e-02,5.604037e-02,2.404419e-02,7.521347e-03,2.049186e-01,2.634957e-02,7.792352e-04,6.793620e-03,2.051044e-01,1.793595e-02,1.536852e-02,2.340539e-04,2.187966e-03,3.101589e-01,8.418085e-02
5.044534e-02,6.461301e-02,2.566599e-02,7.032905e-03,2.008775e-01,2.579991e-02,7.783218e-04,7.352588e-03,1.800765e-01,3.001004e-02,1.100443e-02,1.778116e-04,1.636883e-03,2.776840e-01,1.168448e-01
5.755155e-02,1.059126e-01,2.412953e-02,2.457611e-02,1.921324e-01,2.132956e-02,7.515769e-04,7.741785e-03,1.676349e-01,3.415445e-02,8.162389e-03,2.612961e-04,1.325916e-03,2.096298e-01,1.447062e-01
9.248322e-02,1.009709e-01,2.320397e-02,9.488255e-02,1.945428e-01,2.076420e-02,1.890238e-03,1.097289e-02,1.456807e-01,2.588331e-02,6.622423e-03,8.290692e-04,1.558475e-03,1.699495e-01,1.097659e-01
1.278124e-01,9.574853e-02,2.845283e-02,8.685534e-02,1.980740e-01,2.004523e-02,1.780672e-03,1.120336e-02,1.658089e-01,1.926932e-02,5.579155e-03,1.489473e-03,1.655902e-03,1.558231e-01,8.040185e-02
1.493700e-01,8.861359e-02,3.093306e-02,9.561315e-02,1.669738e-01,2.765140e-02,1.394644e-03,9.186283e-03,2.016277e-01,1.555546e-02,7.674436e-03,3.547068e-03,2.492120e-03,1.148409e-01,8.452626e-02
2.051979e-01,7.657307e-02,2.594953e-02,9.081016e-02,1.406779e-01,4.450428e-02,1.624657e-03,7.738660e-03,1.972754e-01,1.545868e-02,8.983552e-03,6.441843e-03,3.797302e-03,8.970223e-02,8.526482e-02
