1.000000e+00,0.000000e+00,0.000000e+00,0.000000e+00,0.000000e+00,0.000000e+00,0.000000e+00,0.000000e+00,0.000000e+00,0.000000e+00,0.000000e+00,0.000000e+00,0.000000e+00,0.000000e+00,0.000000e+00
1.000000e+00,0.000000e+00,0.000000e+00,0.000000e+00,0.000000e+00,0.000000e+00,0.000000e+00,0.000000e+00,0.000000e+00,0.000000e+00,0.000000e+00,0.000000e+00,0.000000e+00,0.000000e+00,0.000000e+00
1.000000e+00,0.000000e+00,0.000000e+00,0.000000e+00,0.000000e+00,0.000000e+00,0.000000e+00,0.000000e+00,0.000000e+00,0.000000e+00,0.000000e+00,0.000000e+00,0.000000e+00,0.000000e+00,0.000000e+00
1.000000e+00,0.000000e+00,0.000000e+00,0.000000e+00,0.000000e+00,0.000000e+00,0.000000e+00,0.000000e+00,0.000000e+00,0.000000e+00,0.000000e+00,0.000000e+00,0.000000e+00,0.000000e+00,0.000000e+00
1.000000e+00,0.000000e+00,0.000000e+00,0.000000e+00,0.000000e+00,0.000000e+00,0.000000e+00,0.000000e+00,0.000000e+00,0.000000e+00,0.000000e+00,0.000000e+00,0.000000e+00,0.000000e+00,0.000000e+00
1.000000e+00,0.000000e+00,0.000000e+00,0.000000e+00,0.000000e+00,0.000000e+00,0.000000e+00,0.000000e+00,0.000000e+00,0.000000e+00,0.000000e+00,0.000000e+00,0.000000e+00,0.000000e+00,0.000000e+00
1.000000e+00,0.000000e+00,0.000000e+00,0.000000e+00,0.000000e+00,0.000000e+00,0.000000e+00,0.000000e+00,0.000000e+00,0.000000e+00,0.000000e+00,0.000000e+00,0.000000e+00,0.000000e+00,0.000000e+00
1.000000e+00,0.000000e+00,0.000000e+00,0.000000e+00,0.000000e+00,0.000000e+00,0.000000e+00,0.000000e+00,0.000000e+00,0.000000e+00,0.000000e+00,0.000000e+00,0.000000e+00,0.000000e+00,0.000000e+00
1.000000e+00,0.000000e+00,0.000000e+00,0.000000e+00,0.000000e+00,0.000000e+00,0.000000e+00,0.000000e+00,0.000000e+00,0.000000e+00,0.000000e+00,0.000000e+00,0.000000e+00,0.000000e+00,0.000000e+00
1.000000e+00,0.000000e+00,0.000000e+00,0.000000e+00,0.000000e+00,0.000000e+00,0.000000e+00,0.000000e+00,0.000000e+00,0.000000e+00,0.000000e+00,0.000000e+00,0.000000e+00,0.000000e+00,0.000000e+00
1.000000e+00,0.000000e+00,0.000000e+00,0.000000e+00,0.000000e+00,0.000000e+00,0.000000e+00,0.000000e+00,0.000000e+00,0.000000e+00,0.000000e+00,0.000000e+00,0.000000e+00,0.000000e+00,0.000000e+00
1.000000e+00,0.000000e+00,0.000000e+00,0.000000e+00,0.000000e+00,0.000000e+00,0.000000e+00,0.000000e+00,0.000000e+00,0.000000e+00,0.000000e+00,0.000000e+00,0.000000e+00,0.000000e+00,0.000000e+00
1.000000e+00,0.000000e+00,0.000000e+00,0.000000e+00,0.000000e+00,0.000000e+00,0.000000e+00,0.000000e+00,0.000000e+00,0.000000e+00,0.000000e+00,0.000000e+00,0.000000e+00,0.000000e+00,0.000000e+00
1.000000e+00,0.000000e+00,0.000000e+00,0.000000e+00,0.000000e+00,0.000000e+00,0.000000e+00,0.000000e+00,0.000000e+00,0.000000e+00,0.000000e+00,0.000000e+00,0.000000e+00,0.000000e+00,0.000000e+00
1.000000e+00,0.000000e+00,0.000000e+00,0.000000e+00,0.000000e+00,0.000000e+00,0.000000e+00,0.000000e+00,0.000000e+00,0.000000e+00,0.000000e+00,0.000000e+00,0.000000e+00,0.000000e+00,0.000000e+00
1.000000e+00,0.000000e+00,0.000000e+00,0.000000e+00,0.000000e+00,0.000000e+00,0.000000e+00,0.000000e+00,0.000000e+00,0.000000e+00,0.000000e+00,0.000000e+00,0.000000e+00,0.000000e+00,0.000000e+00
1.000000e+00,0.000000e+00,0.000000e+00,0.000000e+00,0.000000e+00,0.000000e+00,0.000000e+00,0.000000e+00,0.000000e+00,0.000000e+00,0.000000e+00,0.000000e+00,0.000000e+00,0.000000e+00,0.000000e+00
1.000000e+00,0.000000e+00,0.000000e+00,0.000000e+00,0.000000e+00,0.000000e+00,0.000000e+00,0.000000e+00,0.000000e+00,0.000000e+00,0.000000e+00,0.000000e+00,0.000000e+00,0.000000e+00,0.000000e+00
1.000000e+00,0.000000e+00,0.000000e+00,0.000000e+00,0.000000e+00,0.000000e+00,0.000000e+00,0.000000e+00,0.000000e+00,0.000000e+00,0.000000e+00,0.000000e+00,0.000000e+00,0.000000e+00,0.000000e+00
1.000000e+00,0.000000e+00,0.000000e+00,0.000000e+00,0.000000e+00,0.000000e+00,0.000000e+00,0.000000e+00,0.000000e+00,0.000000e+00,0.000000e+00,0.000000e+00,0.000000e+00,0.000000e+00,0.000000e+00
1.000000e+00,0.000000e+00,0.000000e+00,0.000000e+00,0.000000e+00,0.000000e+00,0.000000e+00,0.000000e+00,0.000000e+00,0.000000e+00,0.000000e+00,0.000000e+00,0.000000e+00,0.000000e+00,0.000000e+00
1.000000e+00,0.000000e+00,0.000000e+00,0.000000e+00,0.000000e+00,0.000000e+00,0.000000e+00,0.000000e+00,0.000000e+00,0.000000e+00,0.000000e+00,0.000000e+00,0.000000e+00,0.000000e+00,0.000000e+00
1.000000e+00,0.000000e+00,0.000000e+00,0.000000e+00,0.000000e+00,0.000000e+00,0.000000e+00,0.000000e+00,0.000000e+00,0.000000e+00,0.000000e+00,0.000000e+00,0.000000e+00,0.000000e+00,0.000000e+00
1.000000e+00,0.000000e+00,0.000000e+00,0.000000e+00,0.000000e+00,0.000000e+00,0.000000e+00,0.000000e+00,0.000000e+00,0.000000e+00,0.000000e+00,0.000000e+00,0.000000e+00,0.000000e+00,0.000000e+00
1.000000e+00,0.000000e+00,0.000000e+00,0.000000e+00,0.000000e+00,0.000000e+00,0.000000e+00,0.000000e+00,0.000000e+00,0.000000e+00,0.000000e+00,0.000000e+00,0.000000e+00,0.000000e+00,0.000000e+00
1.000000e+00,0.000000e+00,0.000000e+00,0.000000e+00,0.000000e+00,0.000000e+00,0.000000e+00,0.000000e+00,0.000000e+00,0.000000e+00,0.000000e+00,0.000000e+00,0.000000e+00,0.000000e+00,0.000000e+00
1.000000e+00,0.000000e+00,0.000000e+00,0.000000e+00,0.000000e+00,0.000000e+00,0.000000e+00,0.000000e+00,0.000000e+00,0.000000e+00,0.000000e+00,0.000000e+00,0.000000e+00,0.000000e+00,0.000000e+00
1.000000e+00,0.000000e+00,0.000000e+00,0.000000e+00,0.000000e+00,0.000000e+00,0.000000e+00,0.000000e+00,0.000000e+00,0.000000e+00,0.000000e+00,0.000000e+00,0.000000e+00,0.000000e+00,0.000000e+00
1.000000e+00,0.000000e+00,0.000000e+00,0.000000e+00,0.000000e+00,0.000000e+00,0.000000e+00,0.000000e+00,0.000000e+00,0.000000e+00,0.000000e+00,0.000000e+00,0.000000e+00,0.000000e+00,0.000000e+00
1.000000e+00,0.000000e+00,0.000000e+00,0.000000e+00,0.000000e+00,0.000000e+00,0.000000e+00,0.000000e+00,0.000000e+00,0.000000e+00,0.000000e+00,0.000000e+00,0.000000e+00,0.000000e+00,0.000000e+00
1.000000e+00,0.000000e+00,0.000000e+00,0.000000e+00,0.000000e+00,0.000000e+00,0.000000e+00,0.000000e+00,0.000000e+00,0.000000e+00,0.000000e+00,0.000000e+00,0.000000e+00,0.000000e+00,0.000000e+00
1.000000e+00,0.000000e+00,0.000000e+00,0.000000e+00,0.000000e+00,0.000000e+00,0.000000e+00,0.000000e+00,0.000000e+00,0.000000e+00,0.000000e+00,0.000000e+00,0.000000e+00,0.000000e+00,0.000000e+00
1.000000e+00,0.000000e+00,0.000000e+00,0.000000e+00,0.000000e+00,0.000000e+00,0.000000e+00,0.000000e+00,0.000000e+00,0.000000e+00,0.000000e+00,0.000000e+00,0.000000e+00,0.000000e+00,0.000000e+00
1.000000e+00,0.000000e+00,0.000000e+00,0.000000e+00,0.000000e+00,0.000000e+00,0.000000e+00,0.000000e+00,0.000000e+00,0.000000e+00,0.000000e+00,0.000000e+00,0.000000e+00,0.000000e+00,0.000000e+00
1.000000e+00,0.000000e+00,0.000000e+00,0.000000e+00,0.000000e+00,0.000000e+00,0.000000e+00,0.000000e+00,0.000000e+00,0.000000e+00,0.000000e+00,0.000000e+00,0.000000e+00,0.000000e+00,0.000000e+00
1.000000e+00,0.000000e+00,0.000000e+00,0.000000e+00,0.000000e+00,0.000000e+00,0.000000e+00,0.000000e+00,0.000000e+00,0.000000e+00,0.000000e+00,0.000000e+00,0.000000e+00,0.000000e+00,0.000000e+00
1.000000e+00,0.000000e+00,0.000000e+00,0.000000e+00,0.000000e+00,0.000000e+00,0.000000e+00,0.000000e+00,0.000000e+00,0.000000e+00,0.000000e+00,0.000000e+00,0.000000e+00,0.000000e+00,0.000000e+00
1.000000e+00,0.000000e+00,0.000000e+00,0.000000e+00,0.000000e+00,0.000000e+00,0.000000e+00,0.000000e+00,0.000000e+00,0.000000e+00,0.000000e+00,0.000000e+00,0.000000e+00,0.000000e+00,0.000000e+00
1.000000e+00,0.000000e+00,0.000000e+00,0.000000e+00,0.000000e+00,0.000000e+00,0.000000e+00,0.000000e+00,0.000000e+00,0.000000e+00,0.000000e+00,0.000000e+00,0.000000e+00,0.000000e+00,0.000000e+00
1.000000e+00,0.000000e+00,0.000000e+00,0.000000e+00,0.000000e+00,0.000000e+00,0.000000e+00,0.000000e+00,0.000000e+00,0.000000e+00,0.000000e+00,0.000000e+00,0.000000e+00,0.000000e+00,0.000000e+00
1.000000e+00,0.000000e+00,0.000000e+00,0.000000e+00,0.000000e+00,0.000000e+00,0.000000e+00,0.000000e+00,0.000000e+00,0.000000e+00,0.000000e+00,0.000000e+00,0.000000e+00,0.000000e+00,0.000000e+00
1.000000e+00,0.000000e+00,0.000000e+00,0.000000e+00,0.000000e+00,0.000000e+00,0.000000e+00,0.000000e+00,0.000000e+00,0.000000e+00,0.000000e+00,0.000000e+00,0.000000e+00,0.000000e+00,0.000000e+00
1.000000e+00,0.000000e+00,0.000000e+00,0.000000e+00,0.000000e+00,0.000000e+00,0.000000e+00,0.000000e+00,0.000000e+00,0.000000e+00,0.000000e+00,0.000000e+00,0.000000e+00,0.000000e+00,0.000000e+00
1.000000e+00,0.000000e+00,0.000000e+00,0.000000e+00,0.000000e+00,0.000000e+00,0.000000e+00,0.000000e+00,0.000000e+00,0.000000e+00,0.000000e+00,0.000000e+00,0.000000e+00,0.000000e+00,0.000000e+00
1.000000e+00,0.000000e+00,0.000000e+00,0.000000e+00,0.000000e+00,0.000000e+00,0.000000e+00,0.000000e+00,0.000000e+00,0.000000e+00,0.000000e+00,0.000000e+00,0.000000e+00,0.000000e+00,0.000000e+00
1.000000e+00,0.000000e+00,0.000000e+00,0.000000e+00,0.000000e+00,0.000000e+00,0.000000e+00,0.000000e+00,0.000000e+00,0.000000e+00,0.000000e+00,0.000000e+00,0.000000e+00,0.000000e+00,0.000000e+00
1.000000e+00,0.000000e+00,0.000000e+00,0.000000e+00,0.000000e+00,0.000000e+00,0.000000e+00,0.000000e+00,0.000000e+00,0.000000e+00,0.000000e+00,0.000000e+00,0.000000e+00,0.000000e+00,0.000000e+00
1.000000e+00,0.000000e+00,0.000000e+00,0.000000e+00,0.000000e+00,0.000000e+00,0.000000e+00,0.000000e+00,0.000000e+00,0.000000e+00,0.000000e+00,0.000000e+00,0.000000e+00,0.000000e+00,0.000000e+00
1.000000e+00,0.000000e+00,0.000000e+00,0.000000e+00,0.000000e+00,0.000000e+00,0.000000e+00,0.000000e+00,0.000000e+00,0.000000e+00,0.000000e+00,0.000000e+00,0.000000e+00,0.000000e+00,0.000000e+00
1.000000e+00,0.000000e+00,0.000000e+00,0.000000e+00,0.000000e+00,0.000000e+00,0.000000e+00,0.000000e+00,0.000000e+00,0.000000e+00,0.000000e+00,0.000000e+00,0.000000e+00,0.000000e+00,0.000000e+00
1.000000e+00,0.000000e+00,0.000000e+00,0.000000e+00,0.000000e+00,0.000000e+00,0.000000e+00,0.000000e+00,0.000000e+00,0.000000e+00,0.000000e+00,0.000000e+00,0.000000e+00,0.000000e+00,0.000000e+00
1.000000e+00,0.000000e+00,0.000000e+00,0.000000e+00,0.000000e+00,0.000000e+00,0.000000e+00,0.000000e+00,0.000000e+00,0.000000e+00,0.000000e+00,0.000000e+00,0.000000e+00,0.000000e+00,0.000000e+00
1.000000e+00,0.000000e+00,0.000000e+00,0.000000e+00,0.000000e+00,0.000000e+00,0.000000e+00,0.000000e+00,0.000000e+00,0.000000e+00,0.000000e+00,0.000000e+00,0.000000e+00,0.000000e+00,0.000000e+00
1.000000e+00,0.000000e+00,0.000000e+00,0.000000e+00,0.000000e+00,0.000000e+00,0.000000e+00,0.000000e+00,0.000000e+00,0.000000e+00,0.000000e+00,0.000000e+00,0.000000e+00,0.000000e+00,0.000000e+00
1.000000e+00,0.000000e+00,0.000000e+00,0.000000e+00,0.000000e+00,0.000000e+00,0.000000e+00,0.000000e+00,0.000000e+00,0.000000e+00,0.000000e+00,0.000000e+00,0.000000e+00,0.000000e+00,0.000000e+00
1.000000e+00,0.000000e+00,0.000000e+00,0.000000e+00,0.000000e+00,0.000000e+00,0.000000e+00,0.000000e+00,0.000000e+00,0.000000e+00,0.000000e+00,0.000000e+00,0.000000e+00,0.000000e+00,0.000000e+00
1.000000e+00,0.000000e+00,0.000000e+00,0.000000e+00,0.000000e+00,0.000000e+00,0.000000e+00,0.000000e+00,0.000000e+00,0.000000e+00,0.000000e+00,0.000000e+00,0.000000e+00,0.000000e+00,0.000000e+00
1.000000e+00,0.000000e+00,0.000000e+00,0.000000e+00,0.000000e+00,0.000000e+00,0.000000e+00,0.000000e+00,0.000000e+00,0.000000e+00,0.000000e+00,0.000000e+00,0.000000e+00,0.000000e+00,0.000000e+00
1.000000e+00,0.000000e+00,0.000000e+00,0.000000e+00,0.000000e+00,0.000000e+00,0.000000e+00,0.000000e+00,0.000000e+00,0.000000e+00,0.000000e+00,0.000000e+00,0.000000e+00,0.000000e+00,0.000000e+00
1.000000e+00,0.000000e+00,0.000000e+00,0.000000e+00,0.000000e+00,0.000000e+00,0.000000e+00,0.000000e+00,0.000000e+00,0.000000e+00,0.000000e+00,0.000000e+00,0.000000e+00,0.000000e+00,0.000000e+00
1.000000e+00,0.000000e+00,0.000000e+00,0.000000e+00,0.000000e+00,0.000000e+00,0.000000e+00,0.000000e+00,0.000000e+00,0.000000e+00,0.000000e+00,0.000000e+00,0.000000e+00,0.000000e+00,0.000000e+00
1.000000e+00,0.000000e+00,0.000000e+00,0.000000e+00,0.000000e+00,0.000000e+00,0.000000e+00,0.000000e+00,0.000000e+00,0.000000e+00,0.000000e+00,0.000000e+00,0.000000e+00,0.000000e+00,0.000000e+00
4.343894e-01,1.327922e-02,2.062818e-01,5.240575e-02,4.319387e-02,2.330418e-02,1.960291e-02,1.449315e-01,3.125526e-03,2.136510e-03,1.437133e-02,2.082983e-02,1.014754e-02,1.833402e-03,1.016727e-02
3.056605e-01,1.008655e-02,1.931155e-01,3.971322e-02,4.899488e-02,1.980718e-02,3.557914e-02,3.017364e-01,2.277388e-03,1.980041e-03,1.024674e-02,1.467707e-02,7.534857e-03,1.331733e-03,7.258851e-03
2.149547e-01,7.491516e-03,1.982921e-01,3.806347e-02,6.905866e-02,1.583409e-02,3.397769e-02,3.806563e-01,1.694908e-03,1.063928e-02,7.263588e-03,1.033716e-02,5.515478e-03,1.028165e-03,5.192909e-03
1.523170e-01,6.336944e-03,1.869183e-01,3.113264e-02,7.410607e-02,1.228395e-02,4.079514e-02,4.534693e-01,1.320641e-03,1.990614e-02,5.196903e-03,7.318812e-03,4.275666e-03,7.698002e-04,3.852638e-03
1.088427e-01,5.725280e-03,1.460837e-01,2.545277e-02,9.480210e-02,1.222187e-02,5.812815e-02,4.376874e-01,1.381218e-03,9.214605e-02,4.098549e-03,5.316421e-03,3.861508e-03,7.027282e-04,3.549565e-03
8.015226e-02,5.643852e-03,1.063149e-01,1.911962e-02,1.491819e-01,1.392390e-02,4.620118e-02,3.675804e-01,1.862664e-03,1.871336e-01,3.982359e-03,4.264014e-03,3.778586e-03,1.198396e-03,9.662404e-03
5.985949e-02,5.724611e-03,7.779838e-02,1.514588e-02,1.770785e-01,1.469711e-02,3.531218e-02,3.358659e-01,2.579408e-03,2.318083e-01,4.012172e-03,3.382365e-03,3.561995e-03,2.056694e-03,3.111701e-02
5.236849e-02,6.032338e-03,5.656346e-02,1.277480e-02,2.033539e-01,1.507698e-02,2.581946e-02,2.830195e-01,3.133123e-03,2.616269e-01,4.719917e-03,2.679447e-03,3.245830e-03,4.413361e-03,6.517252e-02
5.370739e-02,6.341434e-03,4.173425e-02,9.918965e-03,1.979561e-01,1.638179e-02,2.028006e-02,2.083995e-01,3.912249e-03,3.464696e-01,9.651131e-03,2.223924e-03,2.924999e-03,9.901966e-03,7.019664e-02
3.997133e-02,5.286979e-03,3.011194e-02,7.275800e-03,1.500560e-01,2.166985e-02,1.592436e-02,1.466180e-01,4.304153e-03,5.000672e-01,9.117760e-03,1.875294e-03,3.090947e-03,8.688080e-03,5.594225e-02
2.906717e-02,9.939965e-03,2.179060e-02,3.033322e-02,1.059090e-01,2.607293e-02,1.175354e-02,1.028295e-01,1.452931e-02,5.185531e-01,8.583625e-03,1.493958e-03,4.564600e-03,6.193598e-03,1.083860e-01
2.229579e-02,1.120324e-02,1.554371e-02,2.629025e-02,7.462379e-02,3.124028e-02,8.477265e-03,7.215692e-02,1.827260e-02,4.547327e-01,8.619828e-03,1.501592e-03,7.219206e-03,5.369362e-03,2.424535e-01
1.923908e-02,3.280935e-02,1.178915e-02,4.146183e-02,5.280843e-02,2.788617e-02,6.103905e-03,5.088128e-02,3.857259e-02,3.397398e-01,1.666594e-02,2.687086e-03,9.966077e-03,5.205119e-03,3.441842e-01
2.840665e-02,4.375957e-02,1.002420e-02,7.125425e-02,3.883101e-02,4.550266e-02,4.739981e-03,3.593714e-02,8.195160e-02,2.446548e-01,4.186331e-02,5.530415e-03,1.728270e-02,6.572013e-03,3.236897e-01
3.066366e-02,4.271059e-02,7.362925e-03,5.557333e-02,2.748664e-02,4.889730e-02,3.558656e-03,2.526554e-02,7.761005e-02,1.769882e-01,7.015616e-02,1.694901e-02,4.060230e-02,1.246633e-02,3.637094e-01
2.489287e-02,3.011328e-02,5.255211e-03,3.983571e-02,2.036127e-02,3.591735e-02,2.526556e-03,1.771695e-02,5.752960e-02,1.252598e-01,5.507327e-02,1.874015e-02,4.127468e-02,1.004346e-02,5.154598e-01
2.206806e-02,2.128434e-02,3.880206e-03,2.994164e-02,1.736543e-02,2.836047e-02,1.831617e-03,1.242827e-02,4.440340e-02,8.885273e-02,4.377133e-02,1.931675e-02,4.139013e-02,7.971437e-03,6.171342e-01
1.770154e-02,1.508509e-02,3.267045e-03,2.157234e-02,1.607480e-02,2.075502e-02,1.367779e-03,8.732542e-03,3.472227e-02,6.341775e-02,3.982139e-02,2.338820e-02,4.638056e-02,6.675325e-03,6.810384e-01
1.425806e-02,1.140852e-02,3.845362e-03,1.595286e-02,6.622960e-02,1.490260e-02,1.491796e-03,6.489630e-03,6.565298e-02,4.555662e-02,3.932320e-02,2.425051e-02,5.407783e-02,6.142165e-03,6.304183e-01
1.039255e-02,8.482485e-03,8.690630e-03,1.320358e-02,1.570674e-01,1.069989e-02,3.828062e-03,2.802205e-02,7.439088e-02,3.354784e-02,4.152661e-02,2.242064e-02,6.814810e-02,5.953567e-03,5.136257e-01
7.913084e-03,1.285342e-02,1.526306e-02,1.948840e-02,1.455735e-01,8.551503e-03,4.997818e-03,3.636693e-02,1.700092e-01,2.450749e-02,3.207208e-02,1.719158e-02,5.741985e-02,6.928362e-03,4.408638e-01
7.907895e-03,1.286027e-02,1.667635e-02,1.563062e-02,1.795796e-01,7.813064e-03,5.032775e-03,4.619609e-02,1.896547e-01,1.837049e-02,2.551410e-02,1.441903e-02,4.798990e-02,1.315799e-02,3.991972e-01
8.583104e-03,1.753458e-02,1.770381e-02,2.471487e-02,1.529993e-01,8.286981e-03,4.115459e-03,4.807514e-02,2.768542e-01,1.370051e-02,2.139131e-02,1.210915e-02,3.918135e-02,1.104938e-02,3.437008e-01
1.222705e-02,1.662679e-02,1.730708e-02,3.567423e-02,1.129387e-01,1.323102e-02,3.281593e-03,6.192513e-02,3.791637e-01,1.115709e-02,1.956507e-02,1.139442e-02,3.889867e-02,8.817956e-03,2.577914e-01
2.147721e-02,1.423299e-02,1.494675e-02,3.260350e-02,1.135465e-01,1.493908e-02,5.656459e-03,5.155511e-02,4.662751e-01,8.355726e-03,1.771533e-02,1.158258e-02,3.468671e-02,6.693743e-03,1.857332e-01
2.136386e-02,2.122598e-02,1.129714e-02,2.762210e-02,9.064423e-02,1.541175e-02,4.333796e-03,4.311650e-02,5.678662e-01,6.755287e-03,1.338981e-02,9.174721e-03,2.715020e-02,5.156201e-03,1.354922e-01
2.301770e-02,2.333180e-02,1.157983e-02,7.046296e-02,7.311528e-02,1.582340e-02,3.547464e-03,4.846188e-02,5.827177e-01,6.294394e-03,1.100986e-02,7.653411e-03,2.184371e-02,3.865621e-03,9.727502e-02
3.152680e-02,2.409085e-02,2.419181e-02,6.947710e-02,6.058979e-02,1.426693e-02,2.925677e-03,9.392929e-02,5.454702e-01,1.492634e-02,9.041010e-03,6.515570e-03,1.718641e-02,3.114937e-03,8.274721e-02
6.735135e-02,2.609937e-02,2.473921e-02,7.459047e-02,6.790534e-02,2.090656e-02,2.519689e-03,1.165494e-01,4.761137e-01,1.682384e-02,9.228449e-03,5.639980e-03,1.355523e-02,2.949696e-03,7.502772e-02
8.890435e-02,4.499441e-02,2.130472e-02,6.420357e-02,9.396852e-02,2.676186e-02,3.020633e-03,1.252783e-01,4.115872e-01,1.362269e-02,1.145813e-02,5.917460e-03,1.247705e-02,2.694241e-03,7.380691e-02
8.758286e-02,4.977230e-02,2.794451e-02,1.454388e-01,1.046034e-01,2.149606e-02,7.022889e-03,1.390736e-01,3.191609e-01,1.036852e-02,9.681870e-03,4.849093e-03,9.636903e-03,2.385596e-03,6.098263e-02
9.058008e-02,4.304830e-02,3.836526e-02,2.433105e-01,1.036490e-01,1.783578e-02,6.228398e-03,1.258855e-01,2.431010e-01,8.539397e-03,9.854167e-03,4.281999e-03,7.672996e-03,2.258670e-03,5.538904e-02
1.196337e-01,3.927800e-02,4.583393e-02,1.890145e-01,1.235255e-01,1.654021e-02,6.806479e-03,1.736902e-01,2.108767e-01,8.710118e-03,8.129046e-03,4.061094e-03,6.263253e-03,2.449928e-03,4.518736e-02
1.651442e-01,4.635468e-02,5.666469e-02,1.596188e-01,1.265830e-01,2.406866e-02,8.683175e-03,1.354785e-01,1.731124e-01,1.235396e-02,9.527624e-03,7.876906e-03,6.261257e-03,5.140726e-03,6.313154e-02
2.163593e-01,4.612517e-02,4.958930e-02,1.393376e-01,1.057158e-01,2.613893e-02,9.303302e-03,9.645705e-02,1.325776e-01,2.408940e-02,1.174996e-02,8.672427e-03,9.141259e-03,8.651841e-03,1.160910e-01
2.445123e-01,4.812846e-02,4.848991e-02,1.187854e-01,8.570266e-02,4.158613e-02,9.189189e-03,7.011045e-02,1.127592e-01,3.494500e-02,1.485653e-02,1.388996e-02,2.694350e-02,8.461680e-03,1.216396e-01
2.842909e-01,4.938748e-02,4.579268e-02,9.608266e-02,6.844175e-02,4.167750e-02,8.828240e-03,5.248041e-02,1.090391e-01,4.000410e-02,2.301757e-02,1.732381e-02,5.485926e-02,7.554540e-03,1.012199e-01
3.092968e-01,4.658402e-02,3.995578e-02,9.342081e-02,5.385161e-02,3.561296e-02,9.401126e-03,3.955239e-02,1.247695e-01,4.202931e-02,2.580545e-02,1.887305e-02,6.697395e-02,6.008512e-03,8.786476e-02
2.809054e-01,3.832003e-02,3.789160e-02,8.273803e-02,4.126729e-02,4.266851e-02,7.777948e-03,3.183162e-02,1.031421e-01,3.486916e-02,3.307131e-02,2.977431e-02,1.594682e-01,7.129988e-03,6.914461e-02
2.230913e-01,3.458163e-02,3.292677e-02,8.196104e-02,3.394029e-02,4.723573e-02,8.350013e-03,2.482665e-02,8.511099e-02,3.157146e-02,4.887531e-02,5.424710e-02,2.260101e-01,8.430142e-03,5.884153e-02
1.596466e-01,2.550578e-02,2.517061e-02,5.980183e-02,2.567105e-02,4.043719e-02,8.503748e-03,2.109694e-02,6.838571e-02,2.481949e-02,7.881112e-02,7.701860e-02,3.165030e-01,7.766228e-03,6.086201e-02
1.149872e-01,1.930176e-02,2.191750e-02,5.355661e-02,2.272579e-02,3.570819e-02,1.331227e-02,1.635445e-02,5.384463e-02,2.557829e-02,8.628327e-02,7.883883e-02,3.635283e-01,7.987095e-03,8.607584e-02
8.159150e-02,1.389838e-02,1.570034e-02,4.290328e-02,1.701814e-02,4.280061e-02,1.060257e-02,1.173335e-02,3.902544e-02,2.005374e-02,7.626795e-02,1.065625e-01,4.420961e-01,7.066839e-03,7.267924e-02
5.728363e-02,9.739082e-03,1.105727e-02,3.033412e-02,1.230715e-02,3.193092e-02,7.691343e-03,8.960510e-03,2.831989e-02,1.549077e-02,6.667326e-02,1.191602e-01,5.334653e-01,5.261592e-03,6.232496e-02
4.034957e-02,6.910636e-03,8.370258e-03,2.434503e-02,1.455784e-02,2.340531e-02,5.624393e-03,7.694861e-03,3.337755e-02,1.208473e-02,5.949052e-02,1.173339e-01,5.875422e-01,3.871254e-03,5.504201e-02
2.887627e-02,5.087865e-03,6.874358e-03,1.955064e-02,1.140170e-02,1.952662e-02,4.593319e-03,1.266024e-02,2.749998e-02,1.263105e-02,5.460542e-02,1.398718e-01,5.963773e-01,3.780649e-03,5.666286e-02
2.095568e-02,3.989546e-03,6.199979e-03,1.564925e-02,9.469284e-03,1.573072e-02,3.883419e-03,1.153765e-02,2.532553e-02,1.917513e-02,6.048119e-02,1.445049e-01,5.627607e-01,8.152961e-03,9.218416e-02
1.605888e-02,3.217340e-03,4.727544e-03,1.408477e-02,9.015889e-03,1.377273e-02,2.891685e-03,1.154352e-02,3.192414e-02,3.157613e-02,1.337059e-01,1.646735e-01,4.660569e-01,1.899455e-02,7.775658e-02
1.262703e-02,2.737466e-03,5.813791e-03,1.184274e-02,7.277393e-03,1.231208e-02,2.117283e-03,1.155045e-02,3.200627e-02,4.898874e-02,1.758789e-01,1.977164e-01,3.873429e-01,2.763362e-02,6.415495e-02
1.070284e-02,5.981722e-03,2.035452e-02,9.784540e-03,1.397988e-02,8.749740e-03,1.561942e-03,1.231353e-02,3.259692e-02,5.235265e-02,2.081330e-01,1.971580e-01,3.311295e-01,4.393200e-02,5.126917e-02
1.541783e-02,1.464599e-02,6.593539e-02,1.049238e-02,1.670418e-02,6.525874e-03,1.139846e-03,2.743234e-02,5.843581e-02,4.629065e-02,2.003984e-01,1.743368e-01,2.635842e-01,5.823609e-02,4.042423e-02
4.197993e-02,1.796905e-02,9.697685e-02,1.972418e-02,1.572232e-02,5.151513e-03,8.888406e-04,4.669354e-02,7.856619e-02,4.370720e-02,1.799394e-01,1.353953e-01,2.012507e-01,7.855982e-02,3.747519e-02
3.990407e-02,1.686031e-02,8.009073e-02,2.311164e-02,1.279555e-02,5.940857e-03,6.709297e-04,3.914602e-02,2.161449e-01,3.795970e-02,1.690246e-01,1.014329e-01,1.500569e-01,7.534862e-02,3.151231e-02
2.941881e-02,1.238750e-02,6.193110e-02,2.479354e-02,9.470192e-03,8.103639e-03,4.968719e-04,2.871221e-02,4.110091e-01,2.806352e-02,1.280861e-01,7.267442e-02,1.066533e-01,5.466121e-02,2.353834e-02
2.228551e-02,1.056816e-02,5.495194e-02,2.052837e-02,7.282239e-03,8.972721e-03,3.649362e-04,2.117860e-02,4.735875e-01,2.614801e-02,1.158679e-01,5.430288e-02,7.771578e-02,8.313644e-02,2.310904e-02
1.897637e-02,3.431781e-02,4.711247e-02,1.706656e-02,6.208668e-03,9.193786e-03,2.983504e-04,1.589255e-02,5.012024e-01,2.067267e-02,1.168442e-01,3.895720e-02,5.607052e-02,9.617887e-02,2.100757e-02
1.601337e-02,1.263865e-01,3.848110e-02,1.347662e-02,5.671126e-03,7.790030e-03,2.366295e-04,1.136805e-02,4.738272e-01,1.558761e-02,9.591845e-02,2.755121e-02,4.001107e-02,1.028424e-01,2.483856e-02
1.477226e-02,2.499131e-01,2.958051e-02,1.131377e-02,8.556403e-03,6.614462e-03,1.820479e-04,8.091622e-03,4.139753e-01,1.223440e-02,7.075246e-02,1.941483e-02,2.812680e-02,1.035238e-01,2.294826e-02
1.981111e-02,2.635257e-01,2.590476e-02,4.045543e-02,1.084537e-02,6.525762e-03,1.795401e-04,7.671602e-03,3.897014e-01,1.221774e-02,5.086512e-02,1.365596e-02,2.001313e-02,8.792332e-02,5.070414e-02
3.246342e-02,2.615946e-01,5.344088e-02,1.034094e-01,1.741419e-02,9.325768e-03,4.020731e-04,1.312080e-02,3.026470e-01,9.532855e-03,3.839935e-02,9.594995e-03,1.415393e-02,8.793027e-02,4.657041e-02
4.424263e-02,2.310435e-01,1.286223e-01,9.454356e-02,2.447387e-02,9.965451e-03,8.402105e-04,1.146578e-02,2.270260e-01,1.751241e-02,2.735192e-02,6.769037e-03,1.025389e-02,6.381856e-02,1.020709e-01
3.402996e-02,1.693269e-01,1.936385e-01,2.060294e-01,2.032339e-02,7.256743e-03,6.941292e-04,8.269628e-03,1.721539e-01,2.090528e-02,1.944752e-02,4.774651e-03,7.249769e-03,4.491064e-02,9.098965e-02
3.387279e-02,1.246835e-01,2.426660e-01,1.560849e-01,2.249591e-02,6.471815e-03,7.412053e-04,5.935526e-03,1.308067e-01,2.939284e-02,1.402761e-02,3.377836e-03,5.210407e-03,3.170134e-02,1.925316e-01
2.397387e-02,8.860046e-02,1.978417e-01,3.369293e-01,1.789411e-02,4.945837e-03,6.406568e-04,4.180160e-03,9.334803e-02,2.218747e-02,1.025371e-02,2.393395e-03,3.702909e-03,2.231450e-02,1.707939e-01
1.737070e-02,6.422725e-02,1.691424e-01,3.151764e-01,1.415466e-02,3.915239e-03,5.104183e-04,2.960198e-03,6.838339e-02,1.927316e-02,1.201105e-02,1.837450e-03,2.918165e-03,1.636576e-02,2.917538e-01
1.231472e-02,4.583017e-02,1.223201e-01,2.214367e-01,1.013846e-02,2.870396e-03,3.725471e-04,2.084533e-03,5.527322e-02,1.453984e-02,9.143223e-03,1.396876e-03,2.113829e-03,1.991593e-02,4.802494e-01
8.680938e-03,3.219183e-02,8.591577e-02,1.550673e-01,7.121332e-03,2.045758e-03,2.636468e-04,1.467470e-03,4.172752e-02,1.131385e-02,9.033618e-03,1.578954e-03,1.497462e-03,2.208635e-02,6.200082e-01
6.181737e-03,2.258645e-02,6.020417e-02,1.085620e-01,5.002078e-03,1.503134e-03,1.885669e-04,1.033239e-03,3.027009e-02,2.758833e-02,4.096825e-02,2.343804e-03,1.241092e-03,1.549921e-01,5.373350e-01
4.484169e-03,1.584914e-02,4.225393e-02,7.601682e-02,3.588294e-03,1.098991e-03,1.520631e-04,7.448035e-04,2.262169e-02,6.670096e-02,4.896229e-02,2.494192e-03,1.252929e-03,2.457896e-01,4.679902e-01
3.224199e-03,1.116165e-02,2.994895e-02,5.322342e-02,2.559568e-03,8.098144e-04,1.155240e-04,5.344424e-04,1.691281e-02,7.932596e-02,4.007295e-02,1.848932e-03,9.328732e-04,4.022453e-01,3.570836e-01
2.322720e-03,7.835469e-03,2.117264e-02,3.726081e-02,1.815400e-03,5.872038e-04,8.701716e-05,3.773370e-04,1.277710e-02,1.182089e-01,3.064427e-02,1.418450e-03,7.642262e-04,4.974071e-01,2.673213e-01
1.948672e-03,5.528628e-03,1.505250e-02,2.609695e-02,1.315371e-03,4.678959e-04,1.009661e-04,2.689153e-04,1.052312e-02,1.699181e-01,2.218251e-02,1.027414e-03,5.759069e-04,5.003552e-01,2.446379e-01
1.450115e-03,3.989419e-03,1.060341e-02,1.827671e-02,9.520749e-04,3.751128e-04,7.381830e-05,1.894726e-04,1.155336e-02,1.284850e-01,1.996116e-02,7.777839e-04,5.828241e-04,5.289306e-01,2.737991e-01
1.159925e-03,2.855596e-03,7.535239e-03,1.287798e-02,7.350064e-04,4.001226e-04,6.333424e-05,1.373326e-04,3.711891e-02,1.227490e-01,2.862605e-02,8.977985e-04,1.814660e-03,5.390808e-01,2.439482e-01
1.146662e-03,2.068030e-03,5.377540e-03,9.070459e-03,5.589552e-04,3.989547e-04,5.766285e-05,1.018506e-04,4.713242e-02,1.215752e-01,2.981487e-02,1.128436e-03,2.625456e-03,5.429140e-01,2.360294e-01
1.569606e-03,1.811495e-03,3.858402e-03,6.443237e-03,5.588788e-04,3.477872e-04,5.029210e-05,8.414833e-05,2.006509e-01,9.410068e-02,2.802381e-02,1.005889e-03,2.797792e-03,4.234305e-01,2.352666e-01
1.400113e-03,1.400166e-03,2.876166e-03,4.558344e-03,5.345556e-04,2.826357e-04,4.142023e-05,8.039341e-05,3.530193e-01,6.798473e-02,2.394013e-02,7.739142e-04,2.277063e-03,3.427570e-01,1.980742e-01
1.377204e-03,1.201195e-03,2.401869e-03,3.235533e-03,4.655808e-04,5.681520e-04,3.627140e-05,6.837261e-05,4.130222e-01,5.248969e-02,2.192768e-02,5.900493e-04,1.706288e-03,3.497469e-01,1.511630e-01
1.181668e-03,9.798801e-04,1.796186e-03,2.344228e-03,4.285808e-04,6.978302e-04,3.641988e-05,7.466813e-05,4.215239e-01,4.177877e-02,2.962353e-02,5.062087e-04,1.400930e-03,3.876707e-01,1.099565e-01
1.131443e-03,8.900801e-04,1.479707e-03,1.738334e-03,4.750146e-04,1.495463e-03,6.370096e-05,1.688050e-04,3.809152e-01,4.501997e-02,4.074286e-02,5.280245e-04,1.485494e-03,4.444043e-01,7.946165e-02
1.242126e-03,7.159739e-04,1.282337e-03,1.414556e-03,5.524920e-04,1.168441e-03,5.677664e-05,1.574855e-04,4.449545e-01,3.713961e-02,4.150205e-02,5.229576e-04,1.449648e-03,4.117744e-01,5.606674e-02
1.298434e-03,9.989121e-04,2.581385e-03,1.276824e-03,9.010069e-04,2.113283e-03,5.848282e-05,1.375532e-04,5.011731e-01,3.041275e-02,5.186913e-02,4.810381e-04,1.439023e-03,3.651193e-01,4.013980e-02
1.776768e-03,9.641112e-04,7.276024e-03,1.753564e-03,1.277776e-03,1.538972e-02,1.118692e-04,1.180109e-03,4.493527e-01,3.540473e-02,4.295892e-02,4.273527e-04,1.159312e-03,4.125509e-01,2.841618e-02
3.276092e-03,7.895262e-04,2.180259e-02,3.153455e-03,1.589696e-03,2.876988e-02,1.558005e-04,5.527630e-03,4.811625e-01,3.644476e-02,3.198808e-02,3.342460e-04,8.567736e-04,3.641692e-01,1.997984e-02
3.571616e-03,5.987828e-04,2.338038e-02,4.780851e-03,1.297193e-03,2.245906e-02,1.568026e-04,5.147465e-03,5.232724e-01,3.261235e-02,2.490847e-02,2.475391e-04,6.147633e-04,3.429301e-01,1.402229e-02
5.046472e-03,5.505839e-04,2.207954e-02,6.167650e-03,1.205736e-03,2.641198e-02,2.324910e-04,8.488359e-03,6.118183e-01,2.921365e-02,1.804545e-02,1.930830e-04,4.706155e-04,2.601320e-01,9.944138e-03
7.909058e-03,9.607045e-04,1.961268e-02,5.782796e-03,1.255475e-03,3.102329e-02,2.536666e-04,1.085753e-02,6.614973e-01,2.569872e-02,1.354699e-02,1.497551e-04,3.695234e-04,2.138004e-01,7.282117e-03
1.223459e-02,5.667542e-03,1.419941e-02,5.518312e-03,1.901458e-03,3.012540e-02,2.572882e-04,1.540654e-02,7.137618e-01,2.542993e-02,1.007856e-02,1.453351e-04,3.104771e-04,1.588262e-01,6.137152e-03
2.294379e-02,2.150544e-02,1.078227e-02,6.785661e-03,3.406213e-03,6.025477e-02,3.021114e-04,1.648716e-02,6.827529e-01,2.433055e-02,8.627060e-03,1.954547e-04,6.788518e-04,1.311858e-01,9.762015e-03
3.088585e-02,2.626229e-02,1.039644e-02,1.455700e-02,4.936660e-03,8.270478e-02,7.235907e-04,2.106503e-02,6.564468e-01,2.400266e-02,7.002044e-03,2.695650e-04,7.062517e-04,1.078488e-01,1.219229e-02
3.479964e-02,2.160953e-02,1.994923e-02,4.974538e-02,9.944887e-03,7.156886e-02,9.494392e-04,1.870552e-02,6.526139e-01,1.888878e-02,5.624383e-03,3.766419e-04,9.671322e-04,7.790016e-02,1.635658e-02
3.837611e-02,3.141232e-02,1.933268e-02,3.834094e-02,8.350330e-03,6.855781e-02,8.728360e-04,1.472016e-02,6.441839e-01,2.124927e-02,5.516842e-03,6.404096e-04,1.193437e-03,6.167622e-02,4.557674e-02
3.038914e-02,3.735803e-02,1.812204e-02,2.818625e-02,6.609374e-03,5.531667e-02,6.604082e-04,1.067914e-02,5.183324e-01,2.637898e-02,6.055375e-02,1.052819e-03,1.623735e-03,1.313460e-01,7.339136e-02
2.461742e-02,3.012972e-02,1.733046e-02,2.092860e-02,5.083147e-03,6.703859e-02,5.408879e-04,7.691219e-03,3.909252e-01,2.991282e-02,1.007540e-01,1.730285e-03,1.352295e-03,1.990645e-01,1.029009e-01
1.817846e-02,2.697095e-02,1.683311e-02,1.487601e-02,3.685172e-03,1.164155e-01,4.143600e-04,5.446913e-03,2.859930e-01,2.261932e-02,1.330814e-01,2.476772e-03,1.125042e-03,2.380549e-01,1.138292e-01
1.327557e-02,1.980201e-02,1.249992e-02,1.058067e-02,2.755470e-03,8.605795e-02,3.298658e-04,3.863862e-03,2.314949e-01,1.869614e-02,1.678130e-01,4.338305e-03,1.044094e-03,3.458880e-01,8.156028e-02
9.679607e-03,1.460544e-02,8.971377e-03,7.522592e-03,1.984122e-03,6.999806e-02,2.511191e-04,2.715122e-03,2.206634e-01,1.517259e-02,1.656682e-01,4.702719e-03,1.015537e-03,4.177940e-01,5.925617e-02
8.130983e-03,1.116908e-02,6.567669e-03,5.482597e-03,1.459755e-03,6.848139e-02,2.449233e-04,1.962250e-03,2.031673e-01,1.214330e-02,1.722777e-01,4.628915e-03,9.157283e-04,4.604588e-01,4.290975e-02
5.755478e-03,8.388037e-03,4.645955e-03,3.849508e-03,1.049757e-03,4.878620e-02,1.747958e-04,1.377558e-03,1.774147e-01,8.700069e-03,1.255412e-01,3.741209e-03,6.892929e-04,5.794597e-01,3.042662e-02
4.588799e-03,7.833721e-03,3.460717e-03,2.766136e-03,8.769794e-04,3.889123e-02,1.402410e-04,1.001385e-03,2.072643e-01,6.406098e-03,9.733852e-02,3.195620e-03,6.083715e-04,6.034825e-01,2.214543e-02
3.579339e-03,5.977692e-03,2.481626e-03,1.953513e-03,6.524341e-04,2.793865e-02,1.022111e-04,7.183412e-04,2.307018e-01,4.786253e-03,7.818688e-02,3.136302e-03,4.630121e-04,6.236283e-01,1.569376e-02
2.650871e-03,5.306473e-03,1.788182e-03,1.379187e-03,4.775269e-04,2.001174e-02,7.486898e-05,5.169809e-04,2.734337e-01,3.728655e-03,5.762697e-02,2.409472e-03,3.340725e-04,6.190668e-01,1.119450e-02
2.358161e-03,9.189361e-03,2.009259e-03,1.176303e-03,6.278876e-04,2.697968e-02,1.284442e-04,1.010296e-03,3.593614e-01,4.138296e-03,5.277574e-02,2.853292e-03,3.190894e-04,5.289869e-01,8.085952e-03
2.084164e-03,1.697292e-02,4.212359e-03,1.133431e-03,3.006913e-03,5.134940e-02,2.306668e-04,2.025622e-03,4.134670e-01,8.648104e-03,4.080073e-02,2.371897e-03,4.320378e-04,4.467454e-01,6.519410e-03
2.569250e-03,2.455120e-02,7.536599e-03,2.118672e-03,1.870558e-02,5.326305e-02,1.145509e-03,9.980105e-03,4.775975e-01,2.756078e-02,3.136379e-02,2.051625e-03,8.073096e-04,3.345213e-01,6.227690e-03
3.341168e-03,7.466499e-02,1.295435e-02,6.503834e-03,2.675850e-02,4.606392e-02,1.211573e-03,1.356625e-02,4.798543e-01,3.879265e-02,2.626956e-02,2.260347e-03,2.713356e-03,2.552139e-01,9.831207e-03
3.947241e-03,1.161448e-01,1.156783e-02,6.241158e-03,2.471118e-02,3.935761e-02,9.369430e-04,1.099869e-02,4.770497e-01,5.187510e-02,3.128110e-02,2.880014e-03,5.778841e-03,2.011828e-01,1.604707e-02
3.864227e-03,9.681223e-02,1.051908e-02,7.119120e-03,2.141627e-02,3.161287e-02,6.976712e-04,8.301180e-03,4.175295e-01,1.582440e-01,4.988470e-02,6.136918e-03,1.878102e-02,1.488388e-01,2.024245e-02
3.591575e-03,7.470749e-02,8.652658e-03,5.762897e-03,3.043032e-02,2.405138e-02,1.041780e-03,1.886056e-02,5.008748e-01,1.197383e-01,5.134388e-02,5.283512e-03,2.130989e-02,1.191330e-01,1.521796e-02
6.238747e-03,5.936513e-02,1.070526e-02,5.995891e-03,5.425002e-02,1.917904e-02,1.154710e-02,8.208805e-02,4.640728e-01,9.374885e-02,4.232087e-02,4.096202e-03,1.751482e-02,1.165809e-01,1.229634e-02
6.615059e-03,4.353633e-02,1.802541e-02,6.125352e-03,6.090225e-02,1.488815e-02,5.249760e-02,2.025442e-01,3.788636e-01,7.170021e-02,3.170883e-02,3.109042e-03,1.377008e-02,8.510856e-02,1.060533e-02
6.166265e-03,3.198733e-02,1.449117e-02,4.979626e-03,6.005576e-02,1.240509e-02,1.939101e-01,1.938831e-01,3.070877e-01,5.757131e-02,2.320774e-02,2.609655e-03,2.199743e-02,6.073710e-02,8.910582e-03
5.895697e-03,3.040444e-02,1.080991e-02,3.958427e-03,4.688333e-02,2.412383e-02,2.163526e-01,1.516471e-01,3.545969e-01,4.431610e-02,2.729453e-02,4.150691e-03,2.486797e-02,4.303131e-02,1.166723e-02
5.692424e-03,2.619310e-02,7.976997e-03,2.850511e-03,3.769326e-02,2.463016e-02,2.947391e-01,1.132766e-01,3.623111e-01,3.303647e-02,2.711894e-02,3.143665e-03,2.062078e-02,3.034962e-02,1.036721e-02
5.678345e-03,2.552522e-02,6.014958e-03,2.062600e-03,3.185983e-02,2.884250e-02,4.132919e-01,8.957980e-02,3.027186e-01,2.393521e-02,2.333728e-02,2.284164e-03,1.552593e-02,2.144692e-02,7.896783e-03
5.376290e-03,2.204031e-02,5.756228e-03,1.671210e-03,3.655498e-02,3.211678e-02,4.238839e-01,1.373719e-01,2.512093e-01,2.346228e-02,2.272674e-02,1.770805e-03,1.284681e-02,1.532204e-02,7.890538e-03
5.710407e-03,1.881038e-02,6.060273e-03,1.699141e-03,4.089385e-02,2.819955e-02,3.887858e-01,2.162114e-01,2.206332e-01,2.337799e-02,1.891853e-02,1.449874e-03,1.145492e-02,1.101280e-02,6.781876e-03
1.010866e-02,1.472777e-02,5.219613e-03,1.485679e-03,4.248117e-02,2.253366e-02,2.973064e-01,2.701468e-01,2.759976e-01,2.232143e-02,1.408745e-02,1.151607e-03,9.423121e-03,7.838276e-03,5.170867e-03
2.537097e-02,1.449434e-02,5.043523e-03,1.428465e-03,4.668204e-02,2.029382e-02,2.622029e-01,2.402001e-01,3.363616e-01,1.810764e-02,1.025763e-02,1.225547e-03,7.904711e-03,5.776381e-03,4.650271e-03
4.570498e-02,1.684838e-02,4.833585e-03,1.339458e-03,4.720878e-02,1.969536e-02,2.511256e-01,1.948889e-01,3.786496e-01,1.467127e-02,7.778583e-03,1.304386e-03,7.190177e-03,4.324874e-03,4.436140e-03
8.536988e-02,2.050282e-02,5.564567e-03,1.714271e-03,4.293348e-02,1.859006e-02,2.265888e-01,1.575719e-01,3.980010e-01,1.746151e-02,6.854639e-03,1.653234e-03,7.364420e-03,3.760740e-03,6.068724e-03
1.224510e-01,2.216344e-02,5.697883e-03,1.862377e-03,3.675893e-02,2.201015e-02,1.805855e-01,1.258330e-01,4.406080e-01,1.682115e-02,6.095441e-03,2.091514e-03,7.375509e-03,3.325273e-03,6.320888e-03
1.983041e-01,2.130045e-02,5.007597e-03,2.395290e-03,3.142288e-02,1.996198e-02,1.398106e-01,1.080188e-01,4.213723e-01,2.600454e-02,5.753384e-03,3.031523e-03,6.924031e-03,3.226998e-03,7.465551e-03
2.797844e-01,2.077263e-02,5.191167e-03,3.274808e-03,2.766747e-02,1.712174e-02,1.084874e-01,1.107589e-01,3.468927e-01,4.299018e-02,5.097655e-03,4.227228e-03,6.965520e-03,3.930871e-03,1.683728e-02
3.552535e-01,1.825517e-02,6.384566e-03,4.563778e-03,2.550685e-02,1.662086e-02,9.368656e-02,1.225568e-01,2.654845e-01,4.915339e-02,5.162327e-03,7.783299e-03,8.103728e-03,3.890255e-03,1.759444e-02
3.676821e-01,1.428079e-02,7.944147e-03,4.775574e-03,2.300966e-02,1.583584e-02,8.486400e-02,2.117960e-01,1.896852e-01,3.612904e-02,4.961422e-03,9.910256e-03,7.856727e-03,4.241919e-03,1.702732e-02
3.850244e-01,1.155007e-02,8.570331e-03,5.931524e-03,1.841422e-02,1.788427e-02,7.403873e-02,2.518601e-01,1.357518e-01,2.778759e-02,7.582436e-03,2.165135e-02,1.045967e-02,3.965562e-03,1.952799e-02
4.230345e-01,9.626189e-03,8.030144e-03,6.605988e-03,1.565370e-02,1.980803e-02,9.056883e-02,2.227759e-01,9.771200e-02,2.171277e-02,1.419751e-02,3.130408e-02,1.612188e-02,4.026760e-03,1.882170e-02
4.098512e-01,1.025752e-02,8.410331e-03,1.285405e-02,1.462125e-02,2.540636e-02,1.065307e-01,2.096968e-01,7.062731e-02,1.705400e-02,1.971591e-02,4.746241e-02,2.226403e-02,4.064277e-03,2.118380e-02
4.014982e-01,1.648425e-02,9.665756e-03,2.123686e-02,1.408666e-02,3.062841e-02,1.263179e-01,1.762927e-01,5.560774e-02,1.382942e-02,2.555000e-02,5.364890e-02,2.638882e-02,4.299657e-03,2.446477e-02
3.363622e-01,2.298013e-02,1.238666e-02,8.454031e-02,1.510383e-02,4.329391e-02,1.055645e-01,1.387341e-01,5.035284e-02,1.426624e-02,3.663971e-02,6.609812e-02,3.719855e-02,4.622446e-03,3.185654e-02
3.344901e-01,2.159031e-02,1.251405e-02,8.778402e-02,1.515911e-02,4.052898e-02,9.823985e-02,1.147040e-01,4.482212e-02,1.743871e-02,5.106109e-02,7.352414e-02,4.742730e-02,6.169361e-03,3.454681e-02
3.488712e-01,1.757490e-02,1.124424e-02,7.260411e-02,2.114503e-02,3.351037e-02,9.861375e-02,1.011725e-01,4.365465e-02,3.347979e-02,5.612697e-02,6.783327e-02,5.491509e-02,7.072097e-03,3.218197e-02
3.921048e-01,1.535768e-02,9.706868e-03,6.667922e-02,2.455883e-02,3.212500e-02,7.406639e-02,7.541285e-02,3.645223e-02,3.826056e-02,5.598344e-02,6.633426e-02,7.248993e-02,6.724024e-03,3.374394e-02
4.139892e-01,1.369535e-02,1.022402e-02,6.377587e-02,2.447911e-02,2.890246e-02,5.320353e-02,6.143047e-02,3.283067e-02,4.211968e-02,6.422023e-02,7.506619e-02,7.706617e-02,6.513637e-03,3.248338e-02
4.228029e-01,1.196551e-02,9.362533e-03,7.259530e-02,2.346931e-02,3.032216e-02,3.818887e-02,5.121633e-02,3.734624e-02,3.985586e-02,7.450473e-02,7.856628e-02,7.410164e-02,5.721021e-03,2.998138e-02
3.838930e-01,1.013988e-02,8.973874e-03,5.987403e-02,3.986121e-02,2.508901e-02,2.801123e-02,1.136732e-01,6.239057e-02,3.762792e-02,7.262516e-02,7.021905e-02,5.797251e-02,5.815091e-03,2.383422e-02
2.826892e-01,7.530312e-03,7.964836e-03,4.588884e-02,4.688153e-02,2.060559e-02,2.249756e-02,1.986673e-01,1.297850e-01,3.272546e-02,7.556670e-02,5.691958e-02,4.432545e-02,5.651128e-03,2.230148e-02
2.074900e-01,6.291697e-03,7.561325e-03,3.931097e-02,4.751389e-02,2.153619e-02,1.712141e-02,3.015780e-01,1.702386e-01,2.458800e-02,5.756959e-02,4.271170e-02,3.401164e-02,4.221348e-03,1.825560e-02
1.521439e-01,5.984825e-03,6.408939e-03,3.112815e-02,4.031048e-02,2.294951e-02,1.275062e-02,3.271021e-01,2.584878e-01,1.832160e-02,4.323933e-02,3.240813e-02,3.037589e-02,3.236557e-03,1.515226e-02
1.145629e-01,1.845796e-02,5.436226e-03,2.447286e-02,3.907597e-02,1.669845e-02,9.386661e-03,2.455438e-01,4.106875e-01,1.616046e-02,3.147422e-02,2.352397e-02,2.694091e-02,2.462460e-03,1.511560e-02
8.736072e-02,1.832703e-02,4.844174e-03,1.821368e-02,3.743056e-02,1.236138e-02,7.021357e-03,2.102776e-01,4.962765e-01,2.232680e-02,2.287259e-02,1.694464e-02,2.633207e-02,2.127001e-03,1.728393e-02
