1.000000e+00,0.000000e+00,0.000000e+00,0.000000e+00,0.000000e+00,0.000000e+00,0.000000e+00,0.000000e+00,0.000000e+00,0.000000e+00,0.000000e+00,0.000000e+00,0.000000e+00,0.000000e+00,0.000000e+00
1.000000e+00,0.000000e+00,0.000000e+00,0.000000e+00,0.000000e+00,0.000000e+00,0.000000e+00,0.000000e+00,0.000000e+00,0.000000e+00,0.000000e+00,0.000000e+00,0.000000e+00,0.000000e+00,0.000000e+00
1.000000e+00,0.000000e+00,0.000000e+00,0.000000e+00,0.000000e+00,0.000000e+00,0.000000e+00,0.000000e+00,0.000000e+00,0.000000e+00,0.000000e+00,0.000000e+00,0.000000e+00,0.000000e+00,0.000000e+00
1.000000e+00,0.000000e+00,0.000000e+00,0.000000e+00,0.000000e+00,0.000000e+00,0.000000e+00,0.000000e+00,0.000000e+00,0.000000e+00,0.000000e+00,0.000000e+00,0.000000e+00,0.000000e+00,0.000000e+00
1.000000e+00,0.000000e+00,0.000000e+00,0.000000e+00,0.000000e+00,0.000000e+00,0.000000e+00,0.000000e+00,0.000000e+00,0.000000e+00,0.000000e+00,0.000000e+00,0.000000e+00,0.000000e+00,0.000000e+00
1.000000e+00,0.000000e+00,0.000000e+00,0.000000e+00,0.000000e+00,0.000000e+00,0.000000e+00,0.000000e+00,0.000000e+00,0.000000e+00,0.000000e+00,0.000000e+00,0.000000e+00,0.000000e+00,0.000000e+00
1.000000e+00,0.000000e+00,0.000000e+00,0.000000e+00,0.000000e+00,0.000000e+00,0.000000e+00,0.000000e+00,0.000000e+00,0.000000e+00,0.000000e+00,0.000000e+00,0.000000e+00,0.000000e+00,0.000000e+00
1.000000e+00,0.000000e+00,0.000000e+00,0.000000e+00,0.000000e+00,0.000000e+00,0.000000e+00,0.000000e+00,0.000000e+00,0.000000e+00,0.000000e+00,0.000000e+00,0.000000e+00,0.000000e+00,0.000000e+00
1.000000e+00,0.000000e+00,0.000000e+00,0.000000e+00,0.000000e+00,0.000000e+00,0.000000e+00,0.000000e+00,0.000000e+00,0.000000e+00,0.000000e+00,0.000000e+00,0.000000e+00,0.000000e+00,0.000000e+00
1.000000e+00,0.000000e+00,0.000000e+00,0.000000e+00,0.000000e+00,0.000000e+00,0.000000e+00,0.000000e+00,0.000000e+00,0.000000e+00,0.000000e+00,0.000000e+00,0.000000e+00,0.000000e+00,0.000000e+00
1.000000e+00,0.000000e+00,0.000000e+00,0.000000e+00,0.000000e+00,0.000000e+00,0.000000e+00,0.000000e+00,0.000000e+00,0.000000e+00,0.000000e+00,0.000000e+00,0.000000e+00,0.000000e+00,0.000000e+00
1.000000e+00,0.000000e+00,0.000000e+00,0.000000e+00,0.000000e+00,0.000000e+00,0.000000e+00,0.000000e+00,0.000000e+00,0.000000e+00,0.000000e+00,0.000000e+00,0.000000e+00,0.000000e+00,0.000000e+00
1.000000e+00,0.000000e+00,0.000000e+00,0.000000e+00,0.000000e+00,0.000000e+00,0.000000e+00,0.000000e+00,0.000000e+00,0.000000e+00,0.000000e+00,0.000000e+00,0.000000e+00,0.000000e+00,0.000000e+00
1.000000e+00,0.000000e+00,0.000000e+00,0.000000e+00,0.000000e+00,0.000000e+00,0.000000e+00,0.000000e+00,0.000000e+00,0.000000e+00,0.000000e+00,0.000000e+00,0.000000e+00,0.000000e+00,0.000000e+00
1.000000e+00,0.000000e+00,0.000000e+00,0.000000e+00,0.000000e+00,0.000000e+00,0.000000e+00,0.000000e+00,0.000000e+00,0.000000e+00,0.000000e+00,0.000000e+00,0.000000e+00,0.000000e+00,0.000000e+00
1.000000e+00,0.000000e+00,0.000000e+00,0.000000e+00,0.000000e+00,0.000000e+00,0.000000e+00,0.000000e+00,0.000000e+00,0.000000e+00,0.000000e+00,0.000000e+00,0.000000e+00,0.000000e+00,0.000000e+00
1.000000e+00,0.000000e+00,0.000000e+00,0.000000e+00,0.000000e+00,0.000000e+00,0.000000e+00,0.000000e+00,0.000000e+00,0.000000e+00,0.000000e+00,0.000000e+00,0.000000e+00,0.000000e+00,0.000000e+00
1.000000e+00,0.000000e+00,0.000000e+00,0.000000e+00,0.000000e+00,0.000000e+00,0.000000e+00,0.000000e+00,0.000000e+00,0.000000e+00,0.000000e+00,0.000000e+00,0.000000e+00,0.000000e+00,0.000000e+00
1.000000e+00,0.000000e+00,0.000000e+00,0.000000e+00,0.000000e+00,0.000000e+00,0.000000e+00,0.000000e+00,0.000000e+00,0.000000e+00,0.000000e+00,0.000000e+00,0.000000e+00,0.000000e+00,0.000000e+00
1.000000e+00,0.000000e+00,0.000000e+00,0.000000e+00,0.000000e+00,0.000000e+00,0.000000e+00,0.000000e+00,0.000000e+00,0.000000e+00,0.000000e+00,0.000000e+00,0.000000e+00,0.000000e+00,0.000000e+00
1.000000e+00,0.000000e+00,0.000000e+00,0.000000e+00,0.000000e+00,0.000000e+00,0.000000e+00,0.000000e+00,0.000000e+00,0.000000e+00,0.000000e+00,0.000000e+00,0.000000e+00,0.000000e+00,0.000000e+00
1.000000e+00,0.000000e+00,0.000000e+00,0.000000e+00,0.000000e+00,0.000000e+00,0.000000e+00,0.000000e+00,0.000000e+00,0.000000e+00,0.000000e+00,0.000000e+00,0.000000e+00,0.000000e+00,0.000000e+00
1.000000e+00,0.000000e+00,0.000000e+00,0.000000e+00,0.000000e+00,0.000000e+00,0.000000e+00,0.000000e+00,0.000000e+00,0.000000e+00,0.000000e+00,0.000000e+00,0.000000e+00,0.000000e+00,0.000000e+00
1.000000e+00,0.000000e+00,0.000000e+00,0.000000e+00,0.000000e+00,0.000000e+00,0.000000e+00,0.000000e+00,0.000000e+00,0.000000e+00,0.000000e+00,0.000000e+00,0.000000e+00,0.000000e+00,0.000000e+00
1.000000e+00,0.000000e+00,0.000000e+00,0.000000e+00,0.000000e+00,0.000000e+00,0.000000e+00,0.000000e+00,0.000000e+00,0.000000e+00,0.000000e+00,0.000000e+00,0.000000e+00,0.000000e+00,0.000000e+00
1.000000e+00,0.000000e+00,0.000000e+00,0.000000e+00,0.000000e+00,0.000000e+00,0.000000e+00,0.000000e+00,0.000000e+00,0.000000e+00,0.000000e+00,0.000000e+00,0.000000e+00,0.000000e+00,0.000000e+00
1.000000e+00,0.000000e+00,0.000000e+00,0.000000e+00,0.000000e+00,0.000000e+00,0.000000e+00,0.000000e+00,0.000000e+00,0.000000e+00,0.000000e+00,0.000000e+00,0.000000e+00,0.000000e+00,0.000000e+00
1.000000e+00,0.000000e+00,0.000000e+00,0.000000e+00,0.000000e+00,0.000000e+00,0.000000e+00,0.000000e+00,0.000000e+00,0.000000e+00,0.000000e+00,0.000000e+00,0.000000e+00,0.000000e+00,0.000000e+00
1.000000e+00,0.000000e+00,0.000000e+00,0.000000e+00,0.000000e+00,0.000000e+00,0.000000e+00,0.000000e+00,0.000000e+00,0.000000e+00,0.000000e+00,0.000000e+00,0.000000e+00,0.000000e+00,0.000000e+00
1.000000e+00,0.000000e+00,0.000000e+00,0.000000e+00,0.000000e+00,0.000000e+00,0.000000e+00,0.000000e+00,0.000000e+00,0.000000e+00,0.000000e+00,0.000000e+00,0.000000e+00,0.000000e+00,0.000000e+00
1.000000e+00,0.000000e+00,0.000000e+00,0.000000e+00,0.000000e+00,0.000000e+00,0.000000e+00,0.000000e+00,0.000000e+00,0.000000e+00,0.000000e+00,0.000000e+00,0.000000e+00,0.000000e+00,0.000000e+00
1.000000e+00,0.000000e+00,0.000000e+00,0.000000e+00,0.000000e+00,0.000000e+00,0.000000e+00,0.000000e+00,0.000000e+00,0.000000e+00,0.000000e+00,0.000000e+00,0.000000e+00,0.000000e+00,0.000000e+00
1.000000e+00,0.000000e+00,0.000000e+00,0.000000e+00,0.000000e+00,0.000000e+00,0.000000e+00,0.000000e+00,0.000000e+00,0.000000e+00,0.000000e+00,0.000000e+00,0.000000e+00,0.000000e+00,0.000000e+00
1.000000e+00,0.000000e+00,0.000000e+00,0.000000e+00,0.000000e+00,0.000000e+00,0.000000e+00,0.000000e+00,0.000000e+00,0.000000e+00,0.000000e+00,0.000000e+00,0.000000e+00,0.000000e+00,0.000000e+00
1.000000e+00,0.000000e+00,0.000000e+00,0.000000e+00,0.000000e+00,0.000000e+00,0.000000e+00,0.000000e+00,0.000000e+00,0.000000e+00,0.000000e+00,0.000000e+00,0.000000e+00,0.000000e+00,0.000000e+00
1.000000e+00,0.000000e+00,0.000000e+00,0.000000e+00,0.000000e+00,0.000000e+00,0.000000e+00,0.000000e+00,0.000000e+00,0.000000e+00,0.000000e+00,0.000000e+00,0.000000e+00,0.000000e+00,0.000000e+00
1.000000e+00,0.000000e+00,0.000000e+00,0.000000e+00,0.000000e+00,0.000000e+00,0.000000e+00,0.000000e+00,0.000000e+00,0.000000e+00,0.000000e+00,0.000000e+00,0.000000e+00,0.000000e+00,0.000000e+00
1.000000e+00,0.000000e+00,0.000000e+00,0.000000e+00,0.000000e+00,0.000000e+00,0.000000e+00,0.000000e+00,0.000000e+00,0.000000e+00,0.000000e+00,0.000000e+00,0.000000e+00,0.000000e+00,0.000000e+00
1.000000e+00,0.000000e+00,0.000000e+00,0.000000e+00,0.000000e+00,0.000000e+00,0.000000e+00,0.000000e+00,0.000000e+00,0.000000e+00,0.000000e+00,0.000000e+00,0.000000e+00,0.000000e+00,0.000000e+00
1.000000e+00,0.000000e+00,0.000000e+00,0.000000e+00,0.000000e+00,0.000000e+00,0.000000e+00,0.000000e+00,0.000000e+00,0.000000e+00,0.000000e+00,0.000000e+00,0.000000e+00,0.000000e+00,0.000000e+00
1.000000e+00,0.000000e+00,0.000000e+00,0.000000e+00,0.000000e+00,0.000000e+00,0.000000e+00,0.000000e+00,0.000000e+00,0.000000e+00,0.000000e+00,0.000000e+00,0.000000e+00,0.000000e+00,0.000000e+00
4.812967e-01,1.295661e-02,4.127431e-03,1.568450e-02,1.893414e-02,2.787246e-02,3.794396e-01,1.068498e-02,4.061121e-03,1.582091e-03,5.457317e-03,1.286701e-02,1.153168e-02,2.356107e-03,1.114819e-02
1.000000e+00,0.000000e+00,0.000000e+00,0.000000e+00,0.000000e+00,0.000000e+00,0.000000e+00,0.000000e+00,0.000000e+00,0.000000e+00,0.000000e+00,0.000000e+00,0.000000e+00,0.000000e+00,0.000000e+00
1.000000e+00,0.000000e+00,0.000000e+00,0.000000e+00,0.000000e+00,0.000000e+00,0.000000e+00,0.000000e+00,0.000000e+00,0.000000e+00,0.000000e+00,0.000000e+00,0.000000e+00,0.000000e+00,0.000000e+00
1.000000e+00,0.000000e+00,0.000000e+00,0.000000e+00,0.000000e+00,0.000000e+00,0.000000e+00,0.000000e+00,0.000000e+00,0.000000e+00,0.000000e+00,0.000000e+00,0.000000e+00,0.000000e+00,0.000000e+00
1.000000e+00,0.000000e+00,0.000000e+00,0.000000e+00,0.000000e+00,0.000000e+00,0.000000e+00,0.000000e+00,0.000000e+00,0.000000e+00,0.000000e+00,0.000000e+00,0.000000e+00,0.000000e+00,0.000000e+00
1.000000e+00,0.000000e+00,0.000000e+00,0.000000e+00,0.000000e+00,0.000000e+00,0.000000e+00,0.000000e+00,0.000000e+00,0.000000e+00,0.000000e+00,0.000000e+00,0.000000e+00,0.000000e+00,0.000000e+00
1.000000e+00,0.000000e+00,0.000000e+00,0.000000e+00,0.000000e+00,0.000000e+00,0.000000e+00,0.000000e+00,0.000000e+00,0.000000e+00,0.000000e+00,0.000000e+00,0.000000e+00,0.000000e+00,0.000000e+00
1.000000e+00,0.000000e+00,0.000000e+00,0.000000e+00,0.000000e+00,0.000000e+00,0.000000e+00,0.000000e+00,0.000000e+00,0.000000e+00,0.000000e+00,0.000000e+00,0.000000e+00,0.000000e+00,0.000000e+00
1.000000e+00,0.000000e+00,0.000000e+00,0.000000e+00,0.000000e+00,0.000000e+00,0.000000e+00,0.000000e+00,0.000000e+00,0.000000e+00,0.000000e+00,0.000000e+00,0.000000e+00,0.000000e+00,0.000000e+00
1.000000e+00,0.000000e+00,0.000000e+00,0.000000e+00,0.000000e+00,0.000000e+00,0.000000e+00,0.000000e+00,0.000000e+00,0.000000e+00,0.000000e+00,0.000000e+00,0.000000e+00,0.000000e+00,0.000000e+00
1.000000e+00,0.000000e+00,0.000000e+00,0.000000e+00,0.000000e+00,0.000000e+00,0.000000e+00,0.000000e+00,0.000000e+00,0.000000e+00,0.000000e+00,0.000000e+00,0.000000e+00,0.000000e+00,0.000000e+00
1.000000e+00,0.000000e+00,0.000000e+00,0.000000e+00,0.000000e+00,0.000000e+00,0.000000e+00,0.000000e+00,0.000000e+00,0.000000e+00,0.000000e+00,0.000000e+00,0.000000e+00,0.000000e+00,0.000000e+00
1.000000e+00,0.000000e+00,0.000000e+00,0.000000e+00,0.000000e+00,0.000000e+00,0.000000e+00,0.000000e+00,0.000000e+00,0.000000e+00,0.000000e+00,0.000000e+00,0.000000e+00,0.000000e+00,0.000000e+00
1.000000e+00,0.000000e+00,0.000000e+00,0.000000e+00,0.000000e+00,0.000000e+00,0.000000e+00,0.000000e+00,0.000000e+00,0.000000e+00,0.000000e+00,0.000000e+00,0.000000e+00,0.000000e+00,0.000000e+00
1.000000e+00,0.000000e+00,0.000000e+00,0.000000e+00,0.000000e+00,0.000000e+00,0.000000e+00,0.000000e+00,0.000000e+00,0.000000e+00,0.000000e+00,0.000000e+00,0.000000e+00,0.000000e+00,0.000000e+00
1.000000e+00,0.000000e+00,0.000000e+00,0.000000e+00,0.000000e+00,0.000000e+00,0.000000e+00,0.000000e+00,0.000000e+00,0.000000e+00,0.000000e+00,0.000000e+00,0.000000e+00,0.000000e+00,0.000000e+00
1.000000e+00,0.000000e+00,0.000000e+00,0.000000e+00,0.000000e+00,0.000000e+00,0.000000e+00,0.000000e+00,0.000000e+00,0.000000e+00,0.000000e+00,0.000000e+00,0.000000e+00,0.000000e+00,0.000000e+00
1.000000e+00,0.000000e+00,0.000000e+00,0.000000e+00,0.000000e+00,0.000000e+00,0.000000e+00,0.000000e+00,0.000000e+00,0.000000e+00,0.000000e+00,0.000000e+00,0.000000e+00,0.000000e+00,0.000000e+00
1.000000e+00,0.000000e+00,0.000000e+00,0.000000e+00,0.000000e+00,0.000000e+00,0.000000e+00,0.000000e+00,0.000000e+00,0.000000e+00,0.000000e+00,0.000000e+00,0.000000e+00,0.000000e+00,0.000000e+00
1.000000e+00,0.000000e+00,0.000000e+00,0.000000e+00,0.000000e+00,0.000000e+00,0.000000e+00,0.000000e+00,0.000000e+00,0.000000e+00,0.000000e+00,0.000000e+00,0.000000e+00,0.000000e+00,0.000000e+00
4.638206e-01,2.751799e-02,3.004873e-01,1.005167e-01,7.540382e-03,1.191241e-02,3.907688e-03,1.290224e-02,5.432039e-03,2.206585e-03,1.006304e-02,1.951999e-02,1.375066e-02,2.485035e-03,1.793732e-02
3.296686e-01,1.991489e-02,2.128583e-01,7.459185e-02,1.021576e-01,1.476819e-02,4.558100e-03,1.886560e-01,3.846849e-03,1.587794e-03,8.091784e-03,1.385214e-02,1.107281e-02,1.765117e-03,1.260998e-02
2.316753e-01,1.412229e-02,1.501689e-01,5.375017e-02,1.418234e-01,1.212183e-02,1.520602e-02,3.428424e-01,2.718780e-03,1.140806e-03,6.143868e-03,9.714643e-03,8.419854e-03,1.247131e-03,8.904640e-03
1.623517e-01,9.933612e-03,1.052652e-01,3.858301e-02,3.578133e-01,8.860303e-03,2.591784e-02,2.614841e-01,1.929805e-03,1.190945e-03,6.149224e-03,6.885417e-03,6.104358e-03,9.276627e-04,6.603583e-03
1.138090e-01,6.985350e-03,7.379493e-02,2.821986e-02,2.552080e-01,6.464752e-03,2.398660e-01,1.891311e-01,1.424936e-03,1.784497e-03,2.805205e-02,1.640064e-02,3.187622e-02,8.790517e-04,6.103580e-03
7.981700e-02,4.913887e-03,5.175999e-02,2.061218e-02,1.828697e-01,4.736785e-03,3.117514e-01,1.351345e-01,1.221621e-03,1.825931e-03,2.986090e-02,1.318105e-01,3.677904e-02,1.912646e-03,4.993946e-03
5.641804e-02,3.485870e-03,3.624553e-02,1.496923e-02,1.299861e-01,3.614605e-03,2.367151e-01,9.499892e-02,1.020054e-03,1.486054e-03,5.697311e-02,2.396135e-01,1.181781e-01,1.945873e-03,4.349972e-03
4.004510e-02,2.488348e-03,2.538345e-02,1.077517e-02,9.224024e-02,2.969619e-03,1.833226e-01,6.695968e-02,9.634140e-04,1.284804e-03,1.021000e-01,3.340149e-01,1.318427e-01,2.267584e-03,3.342506e-03
2.887037e-02,1.864922e-03,1.779331e-02,8.011054e-03,6.605989e-02,4.170706e-03,1.329273e-01,4.720964e-02,1.883761e-03,1.534455e-03,9.295855e-02,4.895349e-01,1.015920e-01,3.067661e-03,2.521492e-03
2.073790e-02,1.471754e-03,1.254214e-02,7.036308e-03,4.694708e-02,1.966704e-02,9.377226e-02,3.359780e-02,3.177698e-03,4.013903e-03,7.757694e-02,6.001133e-01,7.495309e-02,2.451740e-03,1.941035e-03
1.511390e-02,1.142900e-03,8.858213e-03,5.962575e-03,3.342183e-02,2.355257e-02,6.581915e-02,2.381526e-02,3.097851e-03,9.028147e-03,6.728774e-02,6.850519e-01,5.419394e-02,2.072381e-03,1.581691e-03
1.076598e-02,9.663479e-04,6.378439e-03,4.500644e-03,2.395080e-02,2.087392e-02,4.614040e-02,1.683252e-02,3.011695e-03,8.328956e-03,5.787308e-02,7.591961e-01,3.834685e-02,1.617447e-03,1.216854e-03
7.760897e-03,8.149687e-04,4.623455e-03,3.647057e-03,1.742022e-02,2.041968e-02,3.233937e-02,1.185569e-02,2.640235e-03,7.425697e-03,5.605423e-02,8.056642e-01,2.702435e-02,1.306708e-03,1.003255e-03
5.874028e-03,9.251791e-04,3.312460e-03,2.830290e-03,1.606223e-02,1.742341e-02,2.266437e-02,8.404667e-03,2.570944e-03,5.952219e-03,5.722554e-02,8.356340e-01,1.907067e-02,1.185202e-03,8.648569e-04
4.316588e-03,8.134326e-04,2.356373e-03,2.195114e-03,1.396901e-02,1.381807e-02,1.588648e-02,5.969637e-03,2.019368e-03,4.603892e-03,4.946516e-02,8.694036e-01,1.345737e-02,1.034326e-03,6.915862e-04
3.214503e-03,8.813624e-04,1.728583e-03,1.598223e-03,1.268802e-02,1.015726e-02,1.114290e-02,4.238685e-03,1.693703e-03,3.801382e-03,4.042394e-02,8.975104e-01,9.491893e-03,8.734856e-04,5.556667e-04
2.451361e-03,1.055023e-03,1.361009e-03,1.184872e-03,1.228589e-02,8.013126e-03,7.973305e-03,3.058949e-03,1.480932e-03,3.028719e-03,2.943576e-02,9.207775e-01,6.686985e-03,7.616421e-04,4.449448e-04
1.949687e-03,1.040133e-03,1.057335e-03,8.902960e-04,1.385182e-02,7.629066e-03,5.943423e-03,2.248418e-03,1.711158e-03,2.328051e-03,2.160871e-02,9.340435e-01,4.731270e-03,6.242536e-04,3.429291e-04
2.042841e-03,1.174522e-03,1.011220e-03,6.723644e-04,5.219126e-02,1.321133e-02,6.582338e-03,1.951963e-03,3.656784e-02,1.864157e-03,2.058556e-02,8.577577e-01,3.607401e-03,5.172407e-04,2.623503e-04
1.712585e-03,1.536831e-03,1.436278e-03,5.632715e-04,4.757293e-02,1.008372e-02,4.784726e-03,2.753970e-03,3.156982e-02,2.067595e-03,1.814905e-02,8.742555e-01,2.783050e-03,4.830515e-04,2.476973e-04
2.683068e-03,2.396970e-03,2.224223e-03,5.787613e-04,9.560546e-02,2.780636e-02,5.348502e-03,1.616869e-02,5.883716e-02,2.086068e-03,1.595258e-02,7.673713e-01,2.271542e-03,4.388103e-04,2.305397e-04
3.201771e-03,2.400263e-03,3.232830e-03,9.509518e-04,1.130748e-01,2.099268e-02,8.461587e-03,9.504806e-02,1.172479e-01,2.232351e-03,1.331952e-02,6.172367e-01,1.969530e-03,4.194719e-04,2.116551e-04
3.539342e-03,2.112116e-03,2.994281e-03,1.401670e-03,1.275799e-01,2.491100e-02,1.097175e-02,9.697673e-02,1.948593e-01,1.850943e-03,1.096521e-02,5.196664e-01,1.613291e-03,3.847951e-04,1.733784e-04
6.591427e-03,1.830947e-03,2.950956e-03,1.675607e-03,1.192082e-01,4.794266e-02,1.283440e-02,7.841472e-02,3.082328e-01,1.799131e-03,9.560233e-03,4.060058e-01,2.451080e-03,3.221790e-04,1.798100e-04
7.424396e-03,2.001833e-03,2.229802e-03,1.511476e-03,9.601331e-02,4.372988e-02,9.316727e-03,5.655067e-02,3.813204e-01,1.888729e-03,1.134822e-02,3.819561e-01,3.984411e-03,4.756429e-04,2.483842e-04
1.564373e-02,2.150333e-03,1.737973e-03,2.304722e-03,1.188979e-01,3.951325e-02,7.543898e-03,4.179802e-02,4.114420e-01,2.170360e-03,1.357718e-02,3.347062e-01,7.317339e-03,5.766120e-04,6.204981e-04
2.191179e-02,2.900874e-03,2.103867e-03,2.984033e-03,1.360849e-01,4.385653e-02,8.567512e-03,3.159968e-02,3.998823e-01,3.307706e-03,2.225414e-02,3.013329e-01,2.058984e-02,1.247827e-03,1.376057e-03
2.807106e-02,4.105534e-03,1.978576e-03,2.636552e-03,1.519941e-01,4.265435e-02,7.231826e-03,2.403742e-02,4.268733e-01,3.327340e-03,3.856649e-02,2.456706e-01,1.931883e-02,2.015620e-03,1.518468e-03
5.174295e-02,6.294479e-03,3.453715e-03,4.286369e-03,2.271209e-01,3.439728e-02,5.695665e-03,2.507566e-02,3.882802e-01,3.381055e-03,4.032705e-02,1.884004e-01,1.644710e-02,3.064441e-03,2.032824e-03
7.736920e-02,9.349900e-03,6.065857e-03,1.290779e-02,2.166593e-01,3.947379e-02,5.632353e-03,2.838153e-02,3.214875e-01,5.186174e-03,6.716145e-02,1.835137e-01,1.769184e-02,3.954712e-03,5.164922e-03
8.068097e-02,1.208839e-02,1.115427e-02,3.996950e-02,2.743430e-01,3.857747e-02,4.881384e-03,2.382920e-02,2.463358e-01,5.566675e-03,5.753583e-02,1.662946e-01,2.581254e-02,4.048831e-03,8.881602e-03
6.636956e-02,9.604675e-03,8.539055e-03,3.938518e-02,2.066915e-01,3.772144e-02,3.832657e-03,1.726949e-02,1.784835e-01,5.810060e-03,6.235265e-02,2.924967e-01,5.929209e-02,4.241452e-03,7.909996e-03
6.350445e-02,7.962349e-03,6.574950e-03,3.568260e-02,1.565488e-01,3.340126e-02,2.994614e-03,1.296749e-02,1.369999e-01,8.123559e-03,6.002611e-02,3.692161e-01,9.252290e-02,5.426834e-03,8.048110e-03
7.580800e-02,7.157930e-03,5.550162e-03,3.267958e-02,1.266079e-01,3.167195e-02,2.544325e-03,1.103560e-02,1.314158e-01,1.980837e-02,7.624747e-02,3.695932e-01,9.538154e-02,5.312759e-03,9.185467e-03
1.044406e-01,1.106683e-02,9.076353e-03,3.607601e-02,9.975584e-02,3.979803e-02,3.232781e-03,9.613040e-03,1.107060e-01,3.293096e-02,7.418327e-02,3.312939e-01,1.164521e-01,7.585883e-03,1.378844e-02
1.168175e-01,1.036540e-02,9.972521e-03,4.296163e-02,7.324646e-02,4.524146e-02,3.576795e-03,7.795951e-03,8.322020e-02,4.250007e-02,7.162665e-02,3.127662e-01,1.568454e-01,7.706401e-03,1.535738e-02
1.409770e-01,1.041676e-02,8.826029e-03,4.068779e-02,5.461074e-02,4.665868e-02,5.289626e-03,9.311520e-03,6.786058e-02,4.122529e-02,6.215200e-02,3.438531e-01,1.458176e-01,7.538539e-03,1.477478e-02
1.336352e-01,8.941375e-03,7.284216e-03,3.338139e-02,4.134339e-02,4.839108e-02,4.164787e-03,7.101492e-03,5.456918e-02,4.385563e-02,5.828620e-02,4.033304e-01,1.362944e-01,6.782684e-03,1.263850e-02
1.030370e-01,6.471594e-03,5.309591e-03,2.395346e-02,3.087818e-02,3.620870e-02,3.136597e-03,5.706598e-03,4.311458e-02,3.606847e-02,5.194147e-02,5.357717e-01,1.031977e-01,5.490762e-03,9.713605e-03
7.411715e-02,4.579741e-03,3.748260e-03,1.691381e-02,2.386505e-02,2.764440e-02,2.426085e-03,4.299365e-03,3.463873e-02,3.161248e-02,5.216415e-02,6.362673e-01,7.635832e-02,4.322554e-03,7.042590e-03
5.248483e-02,3.228409e-03,2.633434e-03,1.188079e-02,1.723470e-02,2.026577e-02,1.755964e-03,3.061622e-03,2.683656e-02,2.723817e-02,4.437726e-02,7.246193e-01,5.587939e-02,3.399392e-03,5.104379e-03
3.797982e-02,3.269365e-03,2.246738e-03,8.365954e-03,1.336334e-02,1.619081e-02,1.286524e-03,2.197620e-03,2.926830e-02,5.580695e-02,6.630434e-02,7.161230e-01,4.020176e-02,3.338346e-03,4.057137e-03
2.877277e-02,3.540988e-03,2.019848e-03,5.916448e-03,1.070103e-02,1.284200e-02,9.596245e-04,1.595887e-03,3.119043e-02,8.248100e-02,1.011080e-01,6.813762e-01,3.018099e-02,4.005442e-03,3.309327e-03
2.059345e-02,2.949491e-03,1.991035e-03,4.430755e-03,1.346178e-02,9.620927e-03,7.229916e-04,1.429830e-03,4.178512e-02,8.599333e-02,8.747126e-02,7.003134e-01,2.257804e-02,4.052665e-03,2.605911e-03
1.447368e-02,2.713511e-03,3.770125e-03,3.807419e-03,2.519285e-02,7.006534e-03,5.730087e-04,1.305276e-03,4.468083e-02,9.526344e-02,8.014583e-02,6.987199e-01,1.633608e-02,3.752730e-03,2.258887e-03
1.038244e-02,2.774427e-03,5.569356e-03,3.153322e-03,3.091231e-02,5.384348e-03,4.559863e-04,1.300938e-03,4.148285e-02,1.719491e-01,9.359524e-02,6.135402e-01,1.207095e-02,4.758942e-03,2.669588e-03
8.357494e-03,3.400759e-03,7.486187e-03,2.694431e-03,2.585919e-02,7.664537e-03,4.652360e-04,5.241498e-03,4.369387e-02,2.250808e-01,9.435201e-02,5.570233e-01,1.025513e-02,5.121774e-03,3.303841e-03
7.129092e-03,3.856441e-03,7.808011e-03,2.623631e-03,2.706824e-02,6.015339e-03,3.675692e-04,4.640340e-03,5.516712e-02,2.487997e-01,1.451024e-01,4.718310e-01,8.522545e-03,7.532492e-03,3.536138e-03
5.723228e-03,3.293107e-03,6.117695e-03,2.122375e-03,2.015826e-02,4.333536e-03,2.663519e-04,3.495921e-03,5.665310e-02,2.809034e-01,2.298163e-01,3.686837e-01,7.404978e-03,7.948635e-03,3.079356e-03
4.557293e-03,2.405171e-03,4.390717e-03,1.573708e-03,1.426460e-02,3.089810e-03,1.999220e-04,2.539031e-03,6.368323e-02,2.573563e-01,3.427558e-01,2.823292e-01,5.788684e-03,1.278803e-02,2.278492e-03
3.768917e-03,1.908353e-03,3.455654e-03,1.154873e-03,1.013845e-02,2.248831e-03,1.452402e-04,1.865644e-03,1.023392e-01,2.010809e-01,4.392434e-01,2.100121e-01,4.612325e-03,1.631707e-02,1.709134e-03
3.653860e-03,1.170252e-02,9.764079e-03,9.146005e-04,7.282386e-03,1.695033e-03,1.160549e-04,1.357319e-03,1.750771e-01,1.608748e-01,4.534004e-01,1.504717e-01,3.599192e-03,1.829397e-02,1.797104e-03
3.310958e-03,8.852493e-03,9.222344e-03,7.855647e-04,5.400285e-03,1.627543e-03,1.017270e-04,1.078607e-03,1.631505e-01,1.274922e-01,5.444519e-01,1.061930e-01,2.596020e-03,2.362613e-02,2.110871e-03
1.412965e-02,7.907134e-03,2.809286e-02,2.939146e-03,6.422250e-03,3.428652e-02,4.053409e-03,1.133603e-02,1.507878e-01,9.209848e-02,5.255093e-01,7.559717e-02,2.286069e-03,4.166873e-02,2.885489e-03
1.760768e-02,8.416906e-03,4.104596e-02,4.477330e-03,9.067555e-03,4.263666e-02,4.746869e-03,3.863453e-02,1.965046e-01,7.521296e-02,4.400405e-01,5.398784e-02,2.624262e-03,5.836342e-02,6.632901e-03
3.094701e-02,7.733718e-03,4.935354e-02,1.253341e-02,1.024902e-02,6.371193e-02,5.192728e-03,7.438428e-02,2.341590e-01,5.733726e-02,3.497403e-01,3.829853e-02,2.145843e-03,5.750825e-02,6.705216e-03
4.990517e-02,6.514347e-03,6.490695e-02,2.064775e-02,1.812377e-02,7.986279e-02,3.982555e-03,5.796542e-02,2.663461e-01,4.489386e-02,2.874391e-01,2.720541e-02,2.303164e-03,5.702043e-02,1.288323e-02
5.889851e-02,5.911177e-03,7.240600e-02,2.080675e-02,1.891583e-02,1.169783e-01,3.075895e-03,4.782660e-02,2.742809e-01,4.089176e-02,2.156481e-01,1.927339e-02,3.427641e-03,6.648437e-02,3.517486e-02
6.202321e-02,1.053574e-02,1.653231e-01,2.481431e-02,1.723569e-02,1.271246e-01,2.697804e-03,4.818335e-02,2.208205e-01,2.937050e-02,1.545121e-01,1.366071e-02,6.307787e-03,8.516444e-02,3.222621e-02
8.306961e-02,1.107318e-02,1.762314e-01,2.407702e-02,1.871360e-02,1.246411e-01,2.532709e-03,4.581027e-02,1.837992e-01,2.105048e-02,1.184828e-01,9.774170e-03,5.199171e-03,1.497218e-01,2.582358e-02
8.751359e-02,1.195224e-02,1.631016e-01,2.077153e-02,1.789130e-02,1.158514e-01,2.270711e-03,4.053499e-02,1.671197e-01,1.503875e-02,1.254175e-01,7.054981e-03,4.382263e-03,2.005308e-01,2.056864e-02
8.866747e-02,1.181042e-02,1.909614e-01,3.155651e-02,1.589607e-02,9.856676e-02,3.009904e-03,5.962388e-02,1.579779e-01,1.265587e-02,1.083626e-01,5.272834e-03,5.010796e-03,1.864841e-01,2.414356e-02
1.044525e-01,1.481383e-02,2.167813e-01,2.950466e-02,1.366216e-02,8.602414e-02,3.322591e-03,5.321689e-02,1.533672e-01,1.042416e-02,8.221987e-02,4.136437e-03,4.696709e-03,1.983363e-01,2.504129e-02
1.329529e-01,2.905338e-02,2.150602e-01,2.545985e-02,1.242727e-02,6.704625e-02,3.978758e-03,4.252093e-02,1.314984e-01,8.281792e-03,7.053899e-02,3.771450e-03,4.160387e-03,2.293405e-01,2.390902e-02
1.720116e-01,4.834674e-02,1.904296e-01,2.152707e-02,1.204612e-02,5.031331e-02,4.732669e-03,3.469434e-02,1.004256e-01,7.943332e-03,6.662324e-02,3.945904e-03,3.559534e-03,2.616711e-01,2.172979e-02
2.121855e-01,7.444896e-02,1.996741e-01,2.004660e-02,1.316615e-02,4.174316e-02,6.030447e-03,3.034548e-02,7.633922e-02,7.497895e-03,5.518070e-02,4.289601e-03,3.417110e-03,2.332426e-01,2.239246e-02
2.523408e-01,9.399237e-02,1.926159e-01,2.139373e-02,2.408122e-02,3.945275e-02,8.693048e-03,2.999789e-02,6.273028e-02,6.850732e-03,4.456506e-02,5.465183e-03,3.847764e-03,1.890005e-01,2.497271e-02
2.319958e-01,1.052498e-01,2.592742e-01,2.398144e-02,2.657014e-02,3.495048e-02,7.756192e-03,2.788936e-02,5.954195e-02,1.054305e-02,3.401191e-02,5.348191e-03,3.554739e-03,1.383645e-01,3.096825e-02
1.634960e-01,8.351905e-02,2.038935e-01,2.194572e-02,1.895416e-02,2.549369e-02,5.495949e-03,2.005022e-02,1.850336e-01,1.234336e-02,4.015663e-02,5.274238e-03,5.136319e-03,1.086191e-01,1.005884e-01
1.167889e-01,6.024667e-02,1.578436e-01,1.679389e-02,1.422665e-02,1.856276e-02,4.033903e-03,1.450263e-02,1.633984e-01,1.922176e-02,4.916779e-02,4.316592e-03,4.780551e-03,2.601952e-01,9.592071e-02
8.272088e-02,4.365234e-02,1.164983e-01,1.212058e-02,1.046957e-02,1.348928e-02,2.882736e-03,1.034414e-02,1.583533e-01,3.136653e-02,6.581555e-02,4.136048e-03,6.215776e-03,3.478990e-01,9.403599e-02
5.814413e-02,3.093326e-02,8.200023e-02,8.848176e-03,7.633896e-03,1.044343e-02,2.037125e-03,7.292875e-03,1.415664e-01,4.950232e-02,6.446844e-02,3.557795e-03,6.864475e-03,4.321041e-01,9.460331e-02
4.099485e-02,2.207451e-02,5.770709e-02,6.630056e-03,5.682837e-03,8.445071e-03,1.469577e-03,5.152788e-03,1.204554e-01,8.232424e-02,5.862527e-02,3.115694e-03,6.649295e-03,4.084167e-01,1.722565e-01
2.880803e-02,1.555627e-02,4.044570e-02,4.754204e-03,4.405814e-03,6.145071e-03,1.059133e-03,3.613778e-03,8.606902e-02,7.813850e-02,4.454153e-02,2.473916e-03,5.110869e-03,3.071235e-01,3.717546e-01
2.045402e-02,1.091846e-02,2.839703e-02,3.447165e-03,4.262477e-03,4.573835e-03,8.654434e-04,2.558665e-03,6.113261e-02,1.048764e-01,3.429994e-02,2.114273e-03,4.141576e-03,2.211368e-01,4.968213e-01
1.471689e-02,8.063161e-03,2.205963e-02,2.671472e-03,7.829254e-03,3.910229e-03,8.192979e-04,1.950304e-03,4.544964e-02,1.447761e-01,4.672392e-02,2.474205e-03,7.812636e-03,1.982813e-01,4.924619e-01
1.072976e-02,6.281344e-03,2.221617e-02,6.798985e-03,9.203773e-03,3.772435e-03,7.094975e-04,4.698979e-03,8.477740e-02,1.610284e-01,4.582305e-02,3.811684e-03,7.348093e-03,2.387388e-01,3.940617e-01
7.721630e-03,4.604060e-03,1.799854e-02,1.068082e-02,9.812837e-03,4.151069e-03,6.051288e-04,2.541570e-02,1.219371e-01,1.480892e-01,4.136090e-02,4.312023e-03,6.397752e-03,2.870078e-01,3.099055e-01
6.443839e-03,3.600857e-03,2.254629e-02,1.376835e-02,9.556549e-03,3.237231e-03,6.377005e-04,2.219926e-01,1.155904e-01,1.051063e-01,3.580210e-02,3.982191e-03,5.203666e-03,2.336733e-01,2.188586e-01
6.230613e-03,2.750157e-03,4.830547e-02,4.453022e-02,1.722599e-02,2.888143e-03,1.006055e-03,3.061318e-01,1.297732e-01,7.409084e-02,2.609725e-02,2.826085e-03,3.771684e-03,1.790369e-01,1.553356e-01
7.149079e-03,2.968322e-03,9.671491e-02,6.622355e-02,4.255286e-02,8.108441e-03,1.108707e-03,3.011261e-01,1.383895e-01,5.246363e-02,1.902701e-02,2.000080e-03,2.824772e-03,1.466165e-01,1.127265e-01
1.329694e-02,7.965958e-03,1.267637e-01,5.645367e-02,1.086704e-01,2.835811e-02,2.125501e-03,2.355994e-01,1.537003e-01,3.938502e-02,1.462978e-02,1.439267e-03,2.568944e-03,1.208193e-01,8.822374e-02
1.856719e-02,1.069238e-02,1.033112e-01,5.031899e-02,1.749862e-01,5.508564e-02,3.118284e-03,1.812571e-01,1.769698e-01,3.275522e-02,1.237891e-02,1.055507e-03,3.059023e-03,9.264798e-02,8.379664e-02
2.249812e-02,1.553833e-02,7.793190e-02,4.201733e-02,2.085819e-01,5.637391e-02,4.132885e-02,1.489667e-01,2.159459e-01,2.593131e-02,1.002531e-02,9.160529e-04,6.475861e-03,6.563918e-02,6.182925e-02
3.220094e-02,2.290372e-02,5.915320e-02,4.240993e-02,2.387557e-01,7.767483e-02,3.264288e-02,1.096699e-01,2.479504e-01,1.886148e-02,1.041175e-02,1.233163e-03,1.031518e-02,4.608260e-02,4.973442e-02
3.968059e-02,2.547078e-02,4.619788e-02,4.722833e-02,2.379970e-01,8.415977e-02,2.901030e-02,9.561402e-02,2.895148e-01,1.377624e-02,9.940431e-03,1.469126e-03,1.039270e-02,3.236218e-02,3.718573e-02
4.577598e-02,2.217222e-02,3.739920e-02,4.806045e-02,2.728652e-01,7.319677e-02,7.302704e-02,9.999443e-02,2.424690e-01,1.288493e-02,8.021689e-03,1.554145e-03,1.257132e-02,2.277534e-02,2.723232e-02
7.856740e-02,2.341215e-02,3.118056e-02,4.052707e-02,3.544937e-01,5.869560e-02,6.287707e-02,8.554161e-02,1.924056e-01,1.546255e-02,6.461985e-03,1.905310e-03,1.094969e-02,1.629108e-02,2.122855e-02
1.459516e-01,1.809053e-02,2.364665e-02,3.009644e-02,4.319547e-01,4.515914e-02,4.609424e-02,6.303931e-02,1.391110e-01,1.241369e-02,5.367409e-03,2.478413e-03,8.795907e-03,1.168401e-02,1.611697e-02
2.527130e-01,1.413101e-02,1.895980e-02,2.463045e-02,4.207117e-01,3.564195e-02,3.402617e-02,4.723599e-02,1.021794e-01,1.043689e-02,5.579331e-03,4.564415e-03,8.430766e-03,8.548316e-03,1.221088e-02
3.690005e-01,1.101116e-02,1.508236e-02,1.923757e-02,3.605213e-01,3.113588e-02,2.664571e-02,4.406901e-02,8.062178e-02,8.092514e-03,4.848864e-03,5.958643e-03,8.185536e-03,6.240049e-03,9.349074e-03
4.415299e-01,1.674645e-02,2.497147e-02,3.082968e-02,2.737957e-01,3.022713e-02,2.030590e-02,3.638834e-02,6.095349e-02,1.145099e-02,6.591265e-03,1.340714e-02,1.079426e-02,6.359293e-03,1.564892e-02
3.361802e-01,2.779978e-02,2.816207e-02,1.114826e-01,1.939018e-01,2.287728e-02,1.455237e-02,2.715474e-02,7.418209e-02,3.097187e-02,7.820180e-02,1.059932e-02,1.398254e-02,8.791814e-03,2.115968e-02
2.599402e-01,2.383325e-02,2.336738e-02,1.262462e-01,1.380779e-01,2.816575e-02,1.121376e-02,2.226060e-02,6.659855e-02,3.224696e-02,1.561029e-01,8.638148e-03,2.154138e-02,3.311701e-02,4.864997e-02
2.085065e-01,1.886334e-02,1.712318e-02,1.096023e-01,1.011931e-01,2.480280e-02,8.736177e-03,1.895584e-02,7.008796e-02,2.697814e-02,1.644965e-01,8.745482e-03,5.152182e-02,5.958525e-02,1.108015e-01
1.555229e-01,1.422281e-02,1.240832e-02,8.244829e-02,7.342368e-02,2.498171e-02,6.826741e-03,1.449257e-02,8.579914e-02,2.829093e-02,1.570287e-01,8.158445e-03,5.089748e-02,1.635995e-01,1.218988e-01
1.226113e-01,1.052680e-02,8.930623e-03,5.917060e-02,5.204907e-02,2.000448e-02,5.003780e-03,1.109866e-02,9.675736e-02,2.479497e-02,1.281814e-01,6.687156e-03,3.796101e-02,3.209243e-01,9.529850e-02
1.190213e-01,8.622000e-03,6.662763e-03,4.253695e-02,3.743875e-02,1.716045e-02,3.732252e-03,8.213269e-03,8.960496e-02,2.196572e-02,1.076352e-01,6.019882e-03,2.816032e-02,4.314934e-01,7.173280e-02
8.621752e-02,7.712186e-03,5.013930e-03,3.006504e-02,2.765590e-02,1.332184e-02,2.726000e-03,5.841437e-03,7.798716e-02,3.268176e-02,9.197097e-02,6.169892e-03,2.190040e-02,5.293564e-01,6.137959e-02
6.167549e-02,6.581454e-03,4.022105e-03,2.179110e-02,2.044712e-02,1.089849e-02,1.998011e-03,4.165086e-03,8.316650e-02,5.009015e-02,9.103554e-02,7.440069e-03,1.806213e-02,5.584100e-01,6.021669e-02
4.382909e-02,6.015893e-03,3.399618e-03,1.604651e-02,1.569091e-02,8.028081e-03,1.512627e-03,2.950557e-03,9.398204e-02,4.979957e-02,1.253286e-01,6.880825e-03,1.782523e-02,5.582214e-01,5.048903e-02
3.104713e-02,5.495993e-03,2.778850e-03,1.200928e-02,1.952117e-02,6.012811e-03,1.229180e-03,2.093661e-03,1.589807e-01,5.225656e-02,1.095309e-01,5.558743e-03,1.537388e-02,5.132747e-01,6.483650e-02
2.259723e-02,5.772425e-03,2.968362e-03,8.578341e-03,4.577993e-02,4.503399e-03,1.013205e-03,1.490314e-03,1.829239e-01,5.242743e-02,1.029325e-01,4.583564e-03,1.546420e-02,4.674840e-01,8.148116e-02
1.678886e-02,4.370184e-03,2.322959e-03,6.047060e-03,4.536503e-02,3.365618e-03,7.536370e-04,1.111599e-03,2.072967e-01,4.254200e-02,9.770785e-02,3.976876e-03,1.289024e-02,4.833934e-01,7.206792e-02
1.280368e-02,3.109171e-03,1.703033e-03,4.327799e-03,3.261392e-02,2.795025e-03,5.590898e-04,8.669611e-04,2.305134e-01,4.505508e-02,1.088305e-01,3.809402e-03,1.102752e-02,4.824607e-01,5.952479e-02
1.043426e-02,2.240258e-03,1.268850e-03,3.195973e-03,2.381609e-02,2.590665e-03,4.377783e-04,6.679660e-04,2.313772e-01,5.499464e-02,1.130537e-01,3.258330e-03,9.718852e-03,4.932983e-01,4.964720e-02
8.269460e-03,1.683059e-03,1.011853e-03,2.329818e-03,1.735406e-02,2.208106e-03,3.435942e-04,5.163702e-04,1.956111e-01,1.333457e-01,1.195448e-01,2.798388e-03,8.563147e-03,4.541360e-01,5.228456e-02
6.166865e-03,1.258281e-03,8.169029e-04,1.730095e-03,1.299431e-02,1.710209e-03,2.894969e-04,4.138800e-04,1.514714e-01,2.386742e-01,1.026368e-01,2.311122e-03,7.367300e-03,4.194549e-01,5.270424e-02
4.758569e-03,9.830364e-04,8.348487e-04,1.577353e-03,1.227502e-02,1.506941e-03,3.054621e-04,8.696545e-04,1.179048e-01,3.629247e-01,9.949737e-02,2.277872e-03,8.149076e-03,3.221729e-01,6.396236e-02
4.140429e-03,9.872727e-04,1.033510e-03,2.660878e-03,2.265443e-02,2.283481e-03,1.258432e-03,4.317006e-03,9.511138e-02,4.045855e-01,1.014704e-01,2.660814e-03,1.002205e-02,2.750146e-01,7.179985e-02
3.473412e-03,8.485372e-04,9.407240e-04,3.379379e-03,3.110214e-02,3.941243e-03,2.474113e-03,4.777653e-03,7.559086e-02,4.472249e-01,8.518831e-02,2.395528e-03,9.750680e-03,2.340502e-01,9.486230e-02
3.050143e-03,2.079797e-03,1.363221e-03,3.673484e-03,5.717018e-02,3.569256e-03,2.323493e-03,1.070537e-02,8.990128e-02,4.562361e-01,8.446277e-02,2.990952e-03,1.436920e-02,1.887288e-01,7.937592e-02
2.481923e-03,2.257736e-03,1.151746e-03,3.957895e-03,7.487909e-02,2.990495e-03,1.781926e-03,9.516482e-03,1.219391e-01,4.546729e-01,7.894474e-02,3.777643e-03,1.735647e-02,1.570172e-01,6.727466e-02
2.394665e-03,4.775263e-03,2.355464e-03,7.424193e-03,1.425234e-01,2.353687e-03,1.426185e-03,3.880656e-02,1.267519e-01,4.061608e-01,6.228665e-02,3.626049e-03,1.491048e-02,1.358721e-01,4.833258e-02
3.382808e-03,1.056250e-02,4.122466e-03,6.034965e-03,1.168708e-01,4.119814e-03,1.157508e-03,7.604736e-02,1.484306e-01,2.983219e-01,5.481180e-02,2.930903e-03,1.273786e-02,2.228716e-01,3.759715e-02
4.612183e-03,2.907424e-02,5.244594e-03,5.109644e-03,9.624044e-02,9.959209e-03,9.438278e-04,1.116759e-01,2.444146e-01,2.172944e-01,4.120716e-02,2.465313e-03,1.018076e-02,1.916452e-01,2.993258e-02
4.773332e-03,3.997898e-02,4.697803e-03,3.985847e-03,1.050262e-01,1.426468e-02,7.623424e-04,1.123308e-01,3.654307e-01,1.528466e-01,2.957921e-02,1.821724e-03,7.459156e-03,1.350665e-01,2.197615e-02
4.091689e-03,3.083884e-02,4.612846e-03,3.071246e-03,1.016090e-01,1.052553e-02,5.963505e-04,3.055515e-01,2.944518e-01,1.071292e-01,2.080282e-02,1.297066e-03,5.274183e-03,9.462934e-02,1.551854e-02
3.204877e-03,2.169398e-02,3.381707e-03,2.195425e-03,7.863811e-02,7.693429e-03,4.439306e-04,5.021870e-01,2.092666e-01,7.499287e-02,1.457892e-02,9.119722e-04,3.703661e-03,6.624316e-02,1.086443e-02
2.589991e-03,1.520130e-02,2.422694e-03,1.649514e-03,6.110760e-02,5.423321e-03,3.443706e-04,6.447151e-01,1.466331e-01,5.249527e-02,1.020711e-02,6.386280e-04,2.594699e-03,4.637206e-02,7.605305e-03
2.346026e-03,1.065627e-02,1.734855e-03,1.235556e-03,4.778801e-02,3.921093e-03,2.847133e-04,7.453702e-01,1.027054e-01,3.674705e-02,7.147821e-03,4.476136e-04,1.827593e-03,3.246360e-02,5.324283e-03
2.951665e-03,7.469108e-03,1.271197e-03,9.746968e-04,3.867995e-02,3.423228e-03,2.296214e-04,8.142713e-01,7.190814e-02,2.572379e-02,5.013849e-03,3.191418e-04,1.301699e-03,2.273037e-02,3.732245e-03
4.539493e-03,5.242815e-03,9.148820e-04,8.186200e-04,3.010050e-02,2.787704e-03,1.929512e-04,8.638105e-01,5.035045e-02,1.800817e-02,3.530894e-03,2.386416e-04,9.303939e-04,1.591606e-02,2.617962e-03
1.052704e-02,3.685534e-03,6.766648e-04,8.565728e-04,2.297934e-02,3.009238e-03,2.578940e-04,8.936349e-01,3.527249e-02,1.260824e-02,2.540698e-03,2.101598e-04,7.532915e-04,1.114728e-02,1.840656e-03
9.538237e-03,2.592489e-03,5.062466e-04,6.594859e-04,1.831350e-02,2.191292e-03,2.313413e-04,9.208103e-01,2.471014e-02,8.827335e-03,1.805416e-03,1.641497e-04,5.505053e-04,7.808014e-03,1.291470e-03
1.232161e-02,1.844766e-03,4.242111e-04,5.851334e-04,1.525626e-02,1.736119e-03,2.720225e-04,9.357588e-01,1.732972e-02,6.182465e-03,1.310271e-03,1.537611e-04,4.405887e-04,5.472151e-03,9.120588e-04
1.201866e-02,1.312689e-03,3.438621e-04,4.716538e-04,1.187441e-02,1.260782e-03,2.428028e-04,9.500830e-01,1.214505e-02,4.331722e-03,9.488121e-04,1.441456e-04,3.397459e-04,3.837222e-03,6.454457e-04
1.138906e-02,9.478445e-04,2.802892e-04,4.299790e-04,1.000054e-02,9.246822e-04,2.335609e-04,9.599626e-01,8.516309e-03,3.036939e-03,6.999876e-04,1.473829e-04,2.772395e-04,2.693049e-03,4.605452e-04
1.178762e-02,6.972362e-04,2.359221e-04,4.368697e-04,1.247187e-02,6.993954e-04,3.781599e-04,9.620304e-01,5.989127e-03,2.128161e-03,5.271820e-04,1.389590e-04,2.603125e-04,1.889456e-03,3.293251e-04
1.121861e-02,5.049196e-04,1.888803e-04,3.845374e-04,1.312358e-02,5.349081e-04,4.005633e-04,9.656332e-01,4.208158e-03,1.491193e-03,3.922365e-04,1.249865e-04,2.343029e-04,1.324905e-03,2.350101e-04
1.103259e-02,3.707304e-04,1.600384e-04,3.492880e-04,1.234016e-02,4.217638e-04,4.261694e-04,9.691637e-01,2.965505e-03,1.045168e-03,2.952250e-04,1.158925e-04,2.135692e-04,9.300019e-04,1.702909e-04
1.271098e-02,2.983348e-04,1.425980e-04,3.274352e-04,1.226960e-02,3.752981e-04,4.903338e-04,9.690391e-01,2.112090e-03,7.365586e-04,2.738539e-04,1.609485e-04,2.593950e-04,6.599783e-04,1.435382e-04
2.137954e-02,2.948000e-04,1.473348e-04,3.627815e-04,1.266568e-02,4.645372e-04,6.054800e-04,9.600226e-01,1.539734e-03,5.287700e-04,3.247728e-04,4.164820e-04,5.645864e-04,4.869047e-04,1.960062e-04
3.202702e-02,1.362624e-03,4.396082e-04,5.551527e-03,1.779010e-02,8.421729e-04,6.568598e-04,8.162844e-01,6.812742e-03,1.419815e-03,1.749619e-02,1.299803e-02,8.254187e-02,1.334734e-03,2.442294e-03
2.441186e-02,2.970578e-03,4.029642e-04,8.185436e-03,2.885647e-02,1.894967e-03,1.278025e-03,6.122978e-01,4.028279e-02,2.587095e-03,2.425270e-02,6.205747e-02,1.842730e-01,3.467927e-03,2.780878e-03
1.790622e-02,4.179277e-03,4.997076e-04,7.630462e-03,3.284862e-02,2.207441e-03,1.751940e-03,4.374253e-01,8.895436e-02,5.679055e-03,2.233784e-02,9.282516e-02,2.704168e-01,1.104656e-02,4.291231e-03
1.301564e-02,3.886093e-03,7.960859e-04,6.859977e-03,2.971300e-02,1.864272e-03,1.525543e-03,3.080652e-01,7.485936e-02,5.491441e-03,2.445360e-02,1.019719e-01,4.092822e-01,1.295482e-02,5.260879e-03
9.623498e-03,2.830172e-03,7.191768e-04,5.234645e-03,2.386537e-02,1.464784e-03,1.110326e-03,2.160233e-01,5.683666e-02,4.441908e-03,3.504003e-02,1.008788e-01,5.163886e-01,1.865525e-02,6.887564e-03
7.037246e-03,2.185889e-03,1.100805e-03,4.201097e-03,1.947409e-02,1.222822e-03,8.654205e-04,1.514592e-01,4.318661e-02,5.380232e-03,3.472278e-02,1.189931e-01,5.785329e-01,1.995757e-02,1.168018e-02
5.073143e-03,1.963831e-03,1.963216e-03,3.496996e-03,2.298633e-02,9.425791e-04,8.039214e-04,1.073986e-01,4.608419e-02,5.082983e-03,2.692383e-02,1.060094e-01,6.258518e-01,1.708886e-02,2.833035e-02
3.992958e-03,2.289689e-03,2.895064e-03,3.226492e-03,3.170693e-02,8.715371e-04,9.597145e-04,7.733028e-02,5.999135e-02,7.637422e-03,2.074212e-02,1.066397e-01,5.948573e-01,3.173757e-02,5.512183e-02
4.138503e-03,5.150052e-03,1.076991e-02,4.965508e-03,4.636603e-02,1.991880e-03,2.962984e-03,6.105049e-02,9.369396e-02,7.856238e-03,1.817779e-02,1.513647e-01,4.953714e-01,4.003943e-02,5.610102e-02
6.570421e-03,1.377019e-02,3.407143e-02,5.612351e-03,1.012650e-01,5.183181e-03,4.619053e-03,4.739756e-02,1.341300e-01,8.337775e-03,1.646708e-02,1.204277e-01,3.996507e-01,3.990515e-02,6.259244e-02
