1.000000e+00,0.000000e+00,0.000000e+00,0.000000e+00,0.000000e+00,0.000000e+00,0.000000e+00,0.000000e+00,0.000000e+00,0.000000e+00,0.000000e+00,0.000000e+00,0.000000e+00,0.000000e+00,0.000000e+00
1.000000e+00,0.000000e+00,0.000000e+00,0.000000e+00,0.000000e+00,0.000000e+00,0.000000e+00,0.000000e+00,0.000000e+00,0.000000e+00,0.000000e+00,0.000000e+00,0.000000e+00,0.000000e+00,0.000000e+00
1.000000e+00,0.000000e+00,0.000000e+00,0.000000e+00,0.000000e+00,0.000000e+00,0.000000e+00,0.000000e+00,0.000000e+00,0.000000e+00,0.000000e+00,0.000000e+00,0.000000e+00,0.000000e+00,0.000000e+00
1.000000e+00,0.000000e+00,0.000000e+00,0.000000e+00,0.000000e+00,0.000000e+00,0.000000e+00,0.000000e+00,0.000000e+00,0.000000e+00,0.000000e+00,0.000000e+00,0.000000e+00,0.000000e+00,0.000000e+00
1.000000e+00,0.000000e+00,0.000000e+00,0.000000e+00,0.000000e+00,0.000000e+00,0.000000e+00,0.000000e+00,0.000000e+00,0.000000e+00,0.000000e+00,0.000000e+00,0.000000e+00,0.000000e+00,0.000000e+00
1.000000e+00,0.000000e+00,0.000000e+00,0.000000e+00,0.000000e+00,0.000000e+00,0.000000e+00,0.000000e+00,0.000000e+00,0.000000e+00,0.000000e+00,0.000000e+00,0.000000e+00,0.000000e+00,0.000000e+00
1.000000e+00,0.000000e+00,0.000000e+00,0.000000e+00,0.000000e+00,0.000000e+00,0.000000e+00,0.000000e+00,0.000000e+00,0.000000e+00,0.000000e+00,0.000000e+00,0.000000e+00,0.000000e+00,0.000000e+00
1.000000e+00,0.000000e+00,0.000000e+00,0.000000e+00,0.000000e+00,0.000000e+00,0.000000e+00,0.000000e+00,0.000000e+00,0.000000e+00,0.000000e+00,0.000000e+00,0.000000e+00,0.000000e+00,0.000000e+00
1.000000e+00,0.000000e+00,0.000000e+00,0.000000e+00,0.000000e+00,0.000000e+00,0.000000e+00,0.000000e+00,0.000000e+00,0.000000e+00,0.000000e+00,0.000000e+00,0.000000e+00,0.000000e+00,0.000000e+00
1.000000e+00,0.000000e+00,0.000000e+00,0.000000e+00,0.000000e+00,0.000000e+00,0.000000e+00,0.000000e+00,0.000000e+00,0.000000e+00,0.000000e+00,0.000000e+00,0.000000e+00,0.000000e+00,0.000000e+00
1.000000e+00,0.000000e+00,0.000000e+00,0.000000e+00,0.000000e+00,0.000000e+00,0.000000e+00,0.000000e+00,0.000000e+00,0.000000e+00,0.000000e+00,0.000000e+00,0.000000e+00,0.000000e+00,0.000000e+00
1.000000e+00,0.000000e+00,0.000000e+00,0.000000e+00,0.000000e+00,0.000000e+00,0.000000e+00,0.000000e+00,0.000000e+00,0.000000e+00,0.000000e+00,0.000000e+00,0.000000e+00,0.000000e+00,0.000000e+00
1.000000e+00,0.000000e+00,0.000000e+00,0.000000e+00,0.000000e+00,0.000000e+00,0.000000e+00,0.000000e+00,0.000000e+00,0.000000e+00,0.000000e+00,0.000000e+00,0.000000e+00,0.000000e+00,0.000000e+00
1.000000e+00,0.000000e+00,0.000000e+00,0.000000e+00,0.000000e+00,0.000000e+00,0.000000e+00,0.000000e+00,0.000000e+00,0.000000e+00,0.000000e+00,0.000000e+00,0.000000e+00,0.000000e+00,0.000000e+00
1.000000e+00,0.000000e+00,0.000000e+00,0.000000e+00,0.000000e+00,0.000000e+00,0.000000e+00,0.000000e+00,0.000000e+00,0.000000e+00,0.000000e+00,0.000000e+00,0.000000e+00,0.000000e+00,0.000000e+00
1.000000e+00,0.000000e+00,0.000000e+00,0.000000e+00,0.000000e+00,0.000000e+00,0.000000e+00,0.000000e+00,0.000000e+00,0.000000e+00,0.000000e+00,0.000000e+00,0.000000e+00,0.000000e+00,0.000000e+00
1.000000e+00,0.000000e+00,0.000000e+00,0.000000e+00,0.000000e+00,0.000000e+00,0.000000e+00,0.000000e+00,0.000000e+00,0.000000e+00,0.000000e+00,0.000000e+00,0.000000e+00,0.000000e+00,0.000000e+00
1.000000e+00,0.000000e+00,0.000000e+00,0.000000e+00,0.000000e+00,0.000000e+00,0.000000e+00,0.000000e+00,0.000000e+00,0.000000e+00,0.000000e+00,0.000000e+00,0.000000e+00,0.000000e+00,0.000000e+00
1.000000e+00,0.000000e+00,0.000000e+00,0.000000e+00,0.000000e+00,0.000000e+00,0.000000e+00,0.000000e+00,0.000000e+00,0.000000e+00,0.000000e+00,0.000000e+00,0.000000e+00,0.000000e+00,0.000000e+00
1.000000e+00,0.000000e+00,0.000000e+00,0.000000e+00,0.000000e+00,0.000000e+00,0.000000e+00,0.000000e+00,0.000000e+00,0.000000e+00,0.000000e+00,0.000000e+00,0.000000e+00,0.000000e+00,0.000000e+00
1.000000e+00,0.000000e+00,0.000000e+00,0.000000e+00,0.000000e+00,0.000000e+00,0.000000e+00,0.000000e+00,0.000000e+00,0.000000e+00,0.000000e+00,0.000000e+00,0.000000e+00,0.000000e+00,0.000000e+00
1.000000e+00,0.000000e+00,0.000000e+00,0.000000e+00,0.000000e+00,0.000000e+00,0.000000e+00,0.000000e+00,0.000000e+00,0.000000e+00,0.000000e+00,0.000000e+00,0.000000e+00,0.000000e+00,0.000000e+00
1.000000e+00,0.000000e+00,0.000000e+00,0.000000e+00,0.000000e+00,0.000000e+00,0.000000e+00,0.000000e+00,0.000000e+00,0.000000e+00,0.000000e+00,0.000000e+00,0.000000e+00,0.000000e+00,0.000000e+00
1.000000e+00,0.000000e+00,0.000000e+00,0.000000e+00,0.000000e+00,0.000000e+00,0.000000e+00,0.000000e+00,0.000000e+00,0.000000e+00,0.000000e+00,0.000000e+00,0.000000e+00,0.000000e+00,0.000000e+00
1.000000e+00,0.000000e+00,0.000000e+00,0.000000e+00,0.000000e+00,0.000000e+00,0.000000e+00,0.000000e+00,0.000000e+00,0.000000e+00,0.000000e+00,0.000000e+00,0.000000e+00,0.000000e+00,0.000000e+00
1.000000e+00,0.000000e+00,0.000000e+00,0.000000e+00,0.000000e+00,0.000000e+00,0.000000e+00,0.000000e+00,0.000000e+00,0.000000e+00,0.000000e+00,0.000000e+00,0.000000e+00,0.000000e+00,0.000000e+00
1.000000e+00,0.000000e+00,0.000000e+00,0.000000e+00,0.000000e+00,0.000000e+00,0.000000e+00,0.000000e+00,0.000000e+00,0.000000e+00,0.000000e+00,0.000000e+00,0.000000e+00,0.000000e+00,0.000000e+00
1.000000e+00,0.000000e+00,0.000000e+00,0.000000e+00,0.000000e+00,0.000000e+00,0.000000e+00,0.000000e+00,0.000000e+00,0.000000e+00,0.000000e+00,0.000000e+00,0.000000e+00,0.000000e+00,0.000000e+00
1.000000e+00,0.000000e+00,0.000000e+00,0.000000e+00,0.000000e+00,0.000000e+00,0.000000e+00,0.000000e+00,0.000000e+00,0.000000e+00,0.000000e+00,0.000000e+00,0.000000e+00,0.000000e+00,0.000000e+00
1.000000e+00,0.000000e+00,0.000000e+00,0.000000e+00,0.000000e+00,0.000000e+00,0.000000e+00,0.000000e+00,0.000000e+00,0.000000e+00,0.000000e+00,0.000000e+00,0.000000e+00,0.000000e+00,0.000000e+00
1.000000e+00,0.000000e+00,0.000000e+00,0.000000e+00,0.000000e+00,0.000000e+00,0.000000e+00,0.000000e+00,0.000000e+00,0.000000e+00,0.000000e+00,0.000000e+00,0.000000e+00,0.000000e+00,0.000000e+00
1.000000e+00,0.000000e+00,0.000000e+00,0.000000e+00,0.000000e+00,0.000000e+00,0.000000e+00,0.000000e+00,0.000000e+00,0.000000e+00,0.000000e+00,0.000000e+00,0.000000e+00,0.000000e+00,0.000000e+00
1.000000e+00,0.000000e+00,0.000000e+00,0.000000e+00,0.000000e+00,0.000000e+00,0.000000e+00,0.000000e+00,0.000000e+00,0.000000e+00,0.000000e+00,0.000000e+00,0.000000e+00,0.000000e+00,0.000000e+00
1.000000e+00,0.000000e+00,0.000000e+00,0.000000e+00,0.000000e+00,0.000000e+00,0.000000e+00,0.000000e+00,0.000000e+00,0.000000e+00,0.000000e+00,0.000000e+00,0.000000e+00,0.000000e+00,0.000000e+00
1.000000e+00,0.000000e+00,0.000000e+00,0.000000e+00,0.000000e+00,0.000000e+00,0.000000e+00,0.000000e+00,0.000000e+00,0.000000e+00,0.000000e+00,0.000000e+00,0.000000e+00,0.000000e+00,0.000000e+00
1.000000e+00,0.000000e+00,0.000000e+00,0.000000e+00,0.000000e+00,0.000000e+00,0.000000e+00,0.000000e+00,0.000000e+00,0.000000e+00,0.000000e+00,0.000000e+00,0.000000e+00,0.000000e+00,0.000000e+00
1.000000e+00,0.000000e+00,0.000000e+00,0.000000e+00,0.000000e+00,0.000000e+00,0.000000e+00,0.000000e+00,0.000000e+00,0.000000e+00,0.000000e+00,0.000000e+00,0.000000e+00,0.000000e+00,0.000000e+00
1.000000e+00,0.000000e+00,0.000000e+00,0.000000e+00,0.000000e+00,0.000000e+00,0.000000e+00,0.000000e+00,0.000000e+00,0.000000e+00,0.000000e+00,0.000000e+00,0.000000e+00,0.000000e+00,0.000000e+00
1.000000e+00,0.000000e+00,0.000000e+00,0.000000e+00,0.000000e+00,0.000000e+00,0.000000e+00,0.000000e+00,0.000000e+00,0.000000e+00,0.000000e+00,0.000000e+00,0.000000e+00,0.000000e+00,0.000000e+00
1.000000e+00,0.000000e+00,0.000000e+00,0.000000e+00,0.000000e+00,0.000000e+00,0.000000e+00,0.000000e+00,0.000000e+00,0.000000e+00,0.000000e+00,0.000000e+00,0.000000e+00,0.000000e+00,0.000000e+00
1.000000e+00,0.000000e+00,0.000000e+00,0.000000e+00,0.000000e+00,0.000000e+00,0.000000e+00,0.000000e+00,0.000000e+00,0.000000e+00,0.000000e+00,0.000000e+00,0.000000e+00,0.000000e+00,0.000000e+00
1.000000e+00,0.000000e+00,0.000000e+00,0.000000e+00,0.000000e+00,0.000000e+00,0.000000e+00,0.000000e+00,0.000000e+00,0.000000e+00,0.000000e+00,0.000000e+00,0.000000e+00,0.000000e+00,0.000000e+00
1.000000e+00,0.000000e+00,0.000000e+00,0.000000e+00,0.000000e+00,0.000000e+00,0.000000e+00,0.000000e+00,0.000000e+00,0.000000e+00,0.000000e+00,0.000000e+00,0.000000e+00,0.000000e+00,0.000000e+00
1.000000e+00,0.000000e+00,0.000000e+00,0.000000e+00,0.000000e+00,0.000000e+00,0.000000e+00,0.000000e+00,0.000000e+00,0.000000e+00,0.000000e+00,0.000000e+00,0.000000e+00,0.000000e+00,0.000000e+00
1.000000e+00,0.000000e+00,0.000000e+00,0.000000e+00,0.000000e+00,0.000000e+00,0.000000e+00,0.000000e+00,0.000000e+00,0.000000e+00,0.000000e+00,0.000000e+00,0.000000e+00,0.000000e+00,0.000000e+00
1.000000e+00,0.000000e+00,0.000000e+00,0.000000e+00,0.000000e+00,0.000000e+00,0.000000e+00,0.000000e+00,0.000000e+00,0.000000e+00,0.000000e+00,0.000000e+00,0.000000e+00,0.000000e+00,0.000000e+00
1.000000e+00,0.000000e+00,0.000000e+00,0.000000e+00,0.000000e+00,0.000000e+00,0.000000e+00,0.000000e+00,0.000000e+00,0.000000e+00,0.000000e+00,0.000000e+00,0.000000e+00,0.000000e+00,0.000000e+00
1.000000e+00,0.000000e+00,0.000000e+00,0.000000e+00,0.000000e+00,0.000000e+00,0.000000e+00,0.000000e+00,0.000000e+00,0.000000e+00,0.000000e+00,0.000000e+00,0.000000e+00,0.000000e+00,0.000000e+00
1.000000e+00,0.000000e+00,0.000000e+00,0.000000e+00,0.000000e+00,0.000000e+00,0.000000e+00,0.000000e+00,0.000000e+00,0.000000e+00,0.000000e+00,0.000000e+00,0.000000e+00,0.000000e+00,0.000000e+00
1.000000e+00,0.000000e+00,0.000000e+00,0.000000e+00,0.000000e+00,0.000000e+00,0.000000e+00,0.000000e+00,0.000000e+00,0.000000e+00,0.000000e+00,0.000000e+00,0.000000e+00,0.000000e+00,0.000000e+00
1.000000e+00,0.000000e+00,0.000000e+00,0.000000e+00,0.000000e+00,0.000000e+00,0.000000e+00,0.000000e+00,0.000000e+00,0.000000e+00,0.000000e+00,0.000000e+00,0.000000e+00,0.000000e+00,0.000000e+00
1.000000e+00,0.000000e+00,0.000000e+00,0.000000e+00,0.000000e+00,0.000000e+00,0.000000e+00,0.000000e+00,0.000000e+00,0.000000e+00,0.000000e+00,0.000000e+00,0.000000e+00,0.000000e+00,0.000000e+00
1.000000e+00,0.000000e+00,0.000000e+00,0.000000e+00,0.000000e+00,0.000000e+00,0.000000e+00,0.000000e+00,0.000000e+00,0.000000e+00,0.000000e+00,0.000000e+00,0.000000e+00,0.000000e+00,0.000000e+00
1.000000e+00,0.000000e+00,0.000000e+00,0.000000e+00,0.000000e+00,0.000000e+00,0.000000e+00,0.000000e+00,0.000000e+00,0.000000e+00,0.000000e+00,0.000000e+00,0.000000e+00,0.000000e+00,0.000000e+00
1.000000e+00,0.000000e+00,0.000000e+00,0.000000e+00,0.000000e+00,0.000000e+00,0.000000e+00,0.000000e+00,0.000000e+00,0.000000e+00,0.000000e+00,0.000000e+00,0.000000e+00,0.000000e+00,0.000000e+00
1.000000e+00,0.000000e+00,0.000000e+00,0.000000e+00,0.000000e+00,0.000000e+00,0.000000e+00,0.000000e+00,0.000000e+00,0.000000e+00,0.000000e+00,0.000000e+00,0.000000e+00,0.000000e+00,0.000000e+00
1.000000e+00,0.000000e+00,0.000000e+00,0.000000e+00,0.000000e+00,0.000000e+00,0.000000e+00,0.000000e+00,0.000000e+00,0.000000e+00,0.000000e+00,0.000000e+00,0.000000e+00,0.000000e+00,0.000000e+00
3.982382e-01,1.997202e-02,1.374103e-01,7.183518e-02,8.480599e-03,3.049914e-02,2.099323e-02,1.962372e-01,7.351497e-03,1.912753e-03,2.226501e-02,4.174663e-02,2.411817e-02,3.528956e-03,1.541111e-02
3.058592e-01,1.652614e-02,1.808909e-01,6.359664e-02,8.395715e-03,2.705676e-02,3.747460e-02,2.669581e-01,5.830258e-03,1.737766e-03,1.903927e-02,3.177520e-02,1.955809e-02,3.460594e-03,1.184073e-02
2.399095e-01,1.271602e-02,1.950992e-01,5.594400e-02,8.206144e-03,2.362362e-02,4.978762e-02,3.431301e-01,4.563922e-03,1.733078e-03,1.426181e-02,2.273428e-02,1.488850e-02,3.294727e-03,1.010751e-02
2.335918e-01,1.088097e-02,1.850346e-01,4.583436e-02,7.314723e-03,2.244523e-02,5.502236e-02,3.788980e-01,3.947289e-03,1.632537e-03,1.116675e-02,1.692418e-02,1.123944e-02,4.293057e-03,1.177474e-02
2.185881e-01,9.077311e-03,1.811889e-01,3.847892e-02,6.502278e-03,2.097394e-02,7.513178e-02,3.993183e-01,3.264904e-03,1.407162e-03,8.701568e-03,1.259930e-02,8.814261e-03,4.221741e-03,1.173152e-02
1.765275e-01,8.208122e-03,2.156804e-01,3.743346e-02,6.392524e-03,1.727502e-02,7.018600e-02,4.258921e-01,2.915570e-03,1.883863e-03,6.522567e-03,9.315899e-03,6.726546e-03,3.747047e-03,1.129326e-02
1.930047e-01,9.043125e-03,1.994009e-01,3.832280e-02,7.148265e-03,1.908706e-02,7.337954e-02,4.144022e-01,3.015900e-03,3.376260e-03,5.566607e-03,8.076649e-03,6.182739e-03,3.990931e-03,1.600235e-02
2.748189e-01,1.157572e-02,1.682002e-01,3.538867e-02,9.233222e-03,2.227829e-02,6.665531e-02,3.499246e-01,3.186769e-03,5.653795e-03,6.997605e-03,9.108147e-03,6.858428e-03,6.333225e-03,2.378706e-02
3.131601e-01,1.573607e-02,1.367026e-01,3.327188e-02,1.325999e-02,2.993148e-02,5.330074e-02,2.956061e-01,4.732989e-03,2.725991e-02,1.053257e-02,1.187645e-02,8.087301e-03,1.074649e-02,3.579539e-02
2.864553e-01,2.421597e-02,1.332200e-01,3.385008e-02,1.835252e-02,3.366918e-02,5.246787e-02,2.620103e-01,9.683399e-03,5.656242e-02,1.279805e-02,1.241566e-02,1.006929e-02,1.278897e-02,4.144099e-02
2.018175e-01,1.850100e-02,1.088420e-01,2.662855e-02,1.323183e-02,2.718647e-02,3.891231e-02,1.871572e-01,1.522306e-02,2.796930e-01,1.054634e-02,8.941719e-03,8.119455e-03,1.228933e-02,4.291020e-02
1.430223e-01,1.465660e-02,8.226322e-02,2.008382e-02,9.456854e-03,2.380278e-02,2.873001e-02,1.334057e-01,8.298829e-02,3.327336e-01,9.352913e-03,6.503198e-03,7.563803e-03,2.555658e-02,7.988039e-02
1.003565e-01,1.087244e-02,5.775347e-02,1.416147e-02,6.799583e-03,1.713963e-02,2.036556e-02,9.345574e-02,1.222834e-01,4.347111e-01,8.576761e-03,5.449279e-03,5.792197e-03,2.337142e-02,7.891141e-02
7.082588e-02,8.058435e-03,4.071252e-02,9.960923e-03,4.853494e-03,1.232098e-02,1.440615e-02,6.546819e-02,9.180056e-02,5.252097e-01,1.349500e-02,4.489736e-03,4.752654e-03,5.796694e-02,7.567881e-02
5.067974e-02,6.655762e-03,2.889400e-02,7.149821e-03,3.532843e-03,9.219764e-03,1.051550e-02,4.598426e-02,8.237309e-02,5.327109e-01,2.783905e-02,4.166592e-03,4.626055e-03,1.197854e-01,6.586717e-02
3.649906e-02,4.974897e-03,2.041002e-02,5.266294e-03,2.669239e-03,6.971595e-03,7.665397e-03,3.236691e-02,7.896622e-02,4.304447e-01,7.917852e-02,4.457555e-03,4.711505e-03,2.296651e-01,5.575299e-02
2.773571e-02,4.129631e-03,1.452398e-02,4.099198e-03,2.126581e-03,5.278495e-03,5.628950e-03,2.297435e-02,7.332563e-02,3.185591e-01,1.406865e-01,5.746541e-03,5.563810e-03,3.193362e-01,5.028537e-02
2.047579e-02,6.622718e-03,1.047056e-02,3.465068e-03,1.781374e-03,1.138275e-02,4.101354e-03,1.659156e-02,5.606684e-02,2.271577e-01,1.893236e-01,8.018367e-03,4.978360e-03,4.013622e-01,3.820170e-02
1.474382e-02,1.108772e-02,7.622386e-03,2.909092e-03,1.654903e-03,2.505309e-02,3.004505e-03,1.188683e-02,4.300713e-02,1.610276e-01,2.639012e-01,1.095011e-02,4.150290e-03,4.114082e-01,2.759312e-02
1.037571e-02,3.563493e-02,5.800225e-03,2.322409e-03,1.900344e-03,3.188954e-02,2.177719e-03,8.455631e-03,3.700306e-02,1.148805e-01,2.668169e-01,1.170184e-02,3.344174e-03,4.476787e-01,2.001845e-02
7.517345e-03,2.871407e-02,4.792110e-03,2.645963e-03,3.346526e-03,8.433726e-02,2.326108e-03,6.362798e-03,4.129405e-02,8.338453e-02,2.798231e-01,1.054776e-02,3.175935e-03,4.271203e-01,1.461221e-02
5.435557e-03,2.147203e-02,3.747789e-03,2.360493e-03,3.006320e-03,1.087605e-01,1.980399e-03,4.594792e-03,4.093502e-02,6.088501e-02,2.561490e-01,1.013011e-02,2.664016e-03,4.674816e-01,1.039731e-02
4.315780e-03,2.455334e-02,6.509023e-03,2.659343e-03,4.158132e-03,2.513248e-01,1.827305e-03,4.034731e-03,4.994243e-02,4.423528e-02,1.967869e-01,8.132933e-03,2.301961e-03,3.913138e-01,7.904299e-03
6.117145e-03,2.612137e-02,1.417743e-02,2.140774e-02,1.652925e-02,2.217631e-01,2.065171e-03,1.070544e-02,8.586840e-02,3.821552e-02,1.714871e-01,8.388625e-03,4.212534e-03,3.639755e-01,8.965736e-03
2.057734e-02,2.830537e-02,1.989085e-02,2.709790e-02,1.785732e-02,1.966651e-01,2.001690e-03,1.100840e-02,1.035964e-01,3.394509e-02,1.499835e-01,8.863728e-03,5.032265e-03,3.644218e-01,1.075329e-02
1.840676e-02,6.042977e-02,5.156818e-02,2.294043e-02,1.701400e-02,1.708061e-01,1.600058e-03,8.849258e-03,1.375040e-01,2.900852e-02,1.416369e-01,8.402501e-03,6.088102e-03,3.125232e-01,1.322219e-02
2.859370e-02,5.381354e-02,5.074707e-02,2.761275e-02,3.333434e-02,1.439405e-01,2.166467e-03,1.870816e-02,2.246326e-01,2.400732e-02,1.260042e-01,7.482125e-03,7.625471e-03,2.345966e-01,1.673502e-02
4.802232e-02,5.913525e-02,4.438147e-02,6.025919e-02,3.246249e-02,1.157446e-01,1.979443e-03,1.964363e-02,2.865363e-01,2.163748e-02,1.003372e-01,1.212949e-02,9.209195e-03,1.675774e-01,2.094455e-02
4.687715e-02,6.718975e-02,3.877958e-02,4.875217e-02,3.658946e-02,1.317831e-01,1.568578e-03,1.685034e-02,3.481659e-01,1.844325e-02,7.926971e-02,1.127826e-02,8.381401e-03,1.210096e-01,2.506173e-02
5.083656e-02,8.457802e-02,3.624488e-02,1.173158e-01,4.582705e-02,9.758680e-02,1.727207e-03,3.939101e-02,3.272989e-01,1.391801e-02,6.180570e-02,9.249185e-03,7.738849e-03,8.557235e-02,2.090968e-02
1.034403e-01,1.056718e-01,2.851349e-02,9.830776e-02,5.327202e-02,8.523317e-02,1.651207e-03,4.410533e-02,3.036255e-01,1.185900e-02,4.629780e-02,1.050614e-02,8.165235e-03,6.547195e-02,3.387933e-02
1.428189e-01,1.000085e-01,2.328598e-02,8.582357e-02,7.474741e-02,6.710427e-02,1.860298e-03,4.424972e-02,3.150349e-01,9.294515e-03,3.494778e-02,1.130139e-02,7.166186e-03,4.894294e-02,3.341360e-02
2.174344e-01,8.171901e-02,2.059396e-02,6.894535e-02,6.120713e-02,5.075714e-02,2.055466e-03,4.531884e-02,3.037741e-01,1.188912e-02,2.918812e-02,1.224672e-02,6.771344e-03,3.838876e-02,4.971055e-02
2.781411e-01,7.308713e-02,1.682590e-02,5.276128e-02,5.882332e-02,3.808811e-02,2.440985e-03,6.007109e-02,2.919946e-01,9.228222e-03,2.358973e-02,1.062437e-02,6.093008e-03,3.105225e-02,4.717882e-02
2.731351e-01,7.751876e-02,2.507453e-02,5.338858e-02,6.662214e-02,2.825320e-02,3.218277e-03,9.164732e-02,2.786491e-01,7.202435e-03,1.936983e-02,9.660705e-03,5.553504e-03,2.319494e-02,3.751155e-02
3.500373e-01,6.813084e-02,1.944369e-02,4.167547e-02,5.831758e-02,2.105075e-02,2.977924e-03,8.373501e-02,2.724625e-01,5.654179e-03,1.550231e-02,9.661641e-03,5.182792e-03,1.721376e-02,2.895416e-02
3.488683e-01,6.584787e-02,1.447656e-02,3.201750e-02,4.960153e-02,1.715795e-02,2.480434e-03,6.775448e-02,3.363403e-01,4.103504e-03,1.308468e-02,8.796923e-03,4.903024e-03,1.262141e-02,2.194555e-02
3.646668e-01,6.285207e-02,1.147591e-02,2.550318e-02,3.999117e-02,1.559845e-02,2.373460e-03,5.216561e-02,3.510856e-01,3.367876e-03,1.517132e-02,1.242217e-02,9.877689e-03,1.094681e-02,2.250184e-02
2.652896e-01,1.676622e-01,5.547035e-02,2.377759e-02,3.033926e-02,1.304979e-02,1.821219e-03,3.829173e-02,2.542229e-01,1.116144e-02,5.069463e-02,1.005447e-02,1.280078e-02,3.259325e-02,3.277078e-02
1.953582e-01,1.593132e-01,6.124260e-02,1.785088e-02,2.182565e-02,1.012959e-02,1.371434e-03,2.822338e-02,1.837709e-01,8.617462e-03,2.303613e-01,7.551228e-03,1.062156e-02,3.793389e-02,2.582867e-02
1.426855e-01,1.121604e-01,4.524368e-02,1.294843e-02,1.533152e-02,8.438002e-03,1.074553e-03,2.024217e-02,1.291887e-01,6.386146e-03,4.396420e-01,6.450828e-03,7.894551e-03,3.398443e-02,1.832909e-02
1.047302e-01,7.921071e-02,3.272115e-02,9.420780e-03,1.085255e-02,7.340126e-03,7.939727e-04,1.431834e-02,9.062058e-02,4.612407e-03,5.925428e-01,5.993704e-03,5.878700e-03,2.790214e-02,1.306185e-02
7.375132e-02,5.578332e-02,2.318867e-02,6.850512e-03,7.721513e-03,5.742931e-03,5.843876e-04,1.008795e-02,6.359160e-02,3.335002e-03,7.001847e-01,9.337626e-03,4.315300e-03,2.624185e-02,9.283270e-03
5.179493e-02,3.952748e-02,1.642899e-02,5.076278e-03,5.744229e-03,4.456649e-03,4.215624e-04,7.095799e-03,4.505560e-02,2.480254e-03,7.480191e-01,1.677447e-02,3.214183e-03,4.722919e-02,6.681235e-03
3.635934e-02,2.799300e-02,1.163014e-02,3.834018e-03,4.780810e-03,4.062614e-03,3.627122e-04,5.033635e-03,3.185479e-02,1.990788e-03,7.919044e-01,1.797890e-02,2.576296e-03,5.482399e-02,4.814529e-03
2.554131e-02,2.064731e-02,8.262022e-03,2.853707e-03,6.388342e-03,3.095177e-03,3.202759e-04,3.593081e-03,2.326502e-02,2.414290e-03,8.023003e-01,2.652025e-02,2.140746e-03,6.909783e-02,3.560317e-03
1.823468e-02,1.509730e-02,5.964647e-03,2.423611e-03,8.113840e-03,2.473287e-03,2.466723e-04,2.590321e-03,1.790313e-02,2.538380e-03,8.118424e-01,2.980969e-02,1.689914e-03,7.799925e-02,3.072818e-03
1.375179e-02,1.170143e-02,7.383888e-03,2.975570e-03,2.146218e-02,7.485311e-03,3.287203e-04,2.691862e-03,1.496295e-02,4.341299e-03,7.452659e-01,4.961693e-02,1.472054e-03,1.136586e-01,2.901472e-03
1.040751e-02,1.038475e-02,5.880382e-03,2.218484e-03,2.921920e-02,8.265853e-03,3.276389e-04,2.043026e-03,1.110860e-02,1.145230e-02,7.050251e-01,8.892116e-02,1.315016e-03,1.102264e-01,3.204559e-03
8.130409e-03,8.989183e-03,5.844682e-03,2.461312e-03,4.322202e-02,1.137231e-02,5.247822e-04,2.106703e-03,9.956039e-03,1.045476e-02,6.350394e-01,1.541097e-01,1.170459e-03,1.036289e-01,2.989324e-03
1.699354e-02,9.304366e-03,5.957096e-03,2.334434e-03,3.635271e-02,1.434281e-02,1.577432e-03,2.964917e-03,1.062818e-02,1.826405e-02,5.962530e-01,1.815001e-01,1.203344e-03,9.924395e-02,3.079992e-03
1.540666e-02,7.511798e-03,5.647701e-03,2.049022e-03,2.978094e-02,1.334878e-02,1.747961e-03,4.400673e-03,1.108103e-02,2.237068e-02,5.576462e-01,2.321894e-01,1.195746e-03,9.319354e-02,2.429939e-03
1.205907e-02,8.514929e-03,8.852929e-03,2.521921e-03,4.148722e-02,3.811204e-02,1.045385e-02,1.408866e-02,6.303417e-02,2.011482e-02,4.798092e-01,1.974657e-01,1.244419e-03,1.000737e-01,2.167335e-03
1.242740e-02,8.501420e-03,1.441355e-02,3.165960e-03,3.908459e-02,3.067813e-02,1.349784e-02,2.587343e-02,6.151779e-02,2.203578e-02,5.435835e-01,1.447217e-01,1.892330e-03,7.456017e-02,4.046346e-03
1.215957e-02,1.661579e-02,1.354912e-02,3.745854e-03,3.226044e-02,2.925195e-02,1.107039e-02,3.940579e-02,9.812263e-02,1.849999e-02,5.536562e-01,1.097505e-01,2.367213e-03,5.471593e-02,4.828678e-03
1.185493e-02,1.420586e-01,1.467573e-02,3.605301e-03,3.193835e-02,2.451505e-02,7.961089e-03,3.016571e-02,1.400979e-01,2.224515e-02,4.160250e-01,8.014246e-02,2.150074e-03,4.003435e-02,3.253037e-02
2.011630e-02,1.126532e-01,2.219667e-02,1.919182e-02,6.699688e-02,2.547590e-02,5.965300e-03,5.994310e-02,1.773735e-01,2.034177e-02,3.387994e-01,6.288373e-02,3.644913e-03,3.055045e-02,3.386691e-02
2.614619e-02,9.174156e-02,2.792997e-02,2.144705e-02,7.478665e-02,2.461707e-02,4.512826e-03,6.636851e-02,2.534267e-01,2.980771e-02,2.532916e-01,5.075457e-02,6.021135e-03,2.567571e-02,4.347264e-02
3.692342e-02,1.040520e-01,2.451614e-02,1.843401e-02,7.316155e-02,2.764713e-02,3.296825e-03,5.297506e-02,3.038025e-01,2.604949e-02,1.854492e-01,3.730969e-02,5.112837e-03,2.118030e-02,8.008981e-02
4.993860e-02,9.895211e-02,2.962227e-02,2.731337e-02,1.157168e-01,2.907116e-02,4.019896e-03,9.061180e-02,2.967130e-01,1.886216e-02,1.328653e-01,2.758334e-02,4.366173e-03,1.676219e-02,5.760195e-02
7.739352e-02,1.407452e-01,5.206568e-02,2.580013e-02,9.366712e-02,2.595264e-02,3.137620e-03,9.758061e-02,2.618451e-01,1.506599e-02,9.678966e-02,2.026373e-02,3.688260e-03,1.771308e-02,6.829168e-02
8.811816e-02,1.978976e-01,4.783714e-02,4.619216e-02,9.939137e-02,2.773353e-02,5.151630e-03,1.042947e-01,2.126842e-01,1.077217e-02,7.312983e-02,1.614017e-02,4.120161e-03,1.543202e-02,5.110531e-02
1.375425e-01,1.874055e-01,5.608879e-02,6.778187e-02,8.742294e-02,2.317464e-02,4.588084e-03,1.153378e-01,1.801811e-01,8.920917e-03,5.618101e-02,1.350063e-02,3.559972e-03,1.689110e-02,4.142313e-02
1.326746e-01,1.480834e-01,4.363481e-02,5.550263e-02,6.929117e-02,1.731422e-02,3.652639e-03,2.805095e-01,1.412215e-01,6.388070e-03,4.307087e-02,1.036901e-02,4.045793e-03,1.300128e-02,3.124066e-02
1.052561e-01,1.077272e-01,3.394358e-02,4.620738e-02,5.322679e-02,1.267512e-02,2.783826e-03,4.532467e-01,1.064397e-01,4.509255e-03,3.137198e-02,7.601644e-03,3.292672e-03,9.295813e-03,2.242233e-02
7.963022e-02,7.589456e-02,2.477127e-02,3.471113e-02,3.934247e-02,9.250883e-03,2.210329e-03,6.034291e-01,7.503141e-02,3.236907e-03,2.225048e-02,5.372813e-03,2.457372e-03,6.555587e-03,1.585556e-02
6.000516e-02,5.354229e-02,1.777262e-02,2.502153e-02,2.920227e-02,6.782379e-03,1.762992e-03,7.136937e-01,5.274016e-02,2.286503e-03,1.573736e-02,3.810300e-03,1.845646e-03,4.623519e-03,1.117367e-02
4.950814e-02,3.763706e-02,1.258372e-02,1.770122e-02,2.161860e-02,5.226978e-03,1.546873e-03,7.888994e-01,3.711046e-02,1.618624e-03,1.117570e-02,2.808339e-03,1.426936e-03,3.254405e-03,7.883630e-03
4.126975e-02,2.672042e-02,9.095757e-03,1.265873e-02,1.667731e-02,4.523158e-03,1.181240e-03,8.357707e-01,2.676219e-02,1.208557e-03,9.660816e-03,2.911926e-03,3.236405e-03,2.452325e-03,5.870765e-03
3.367163e-02,1.931211e-02,8.470448e-03,1.079487e-02,1.248575e-02,4.040274e-03,9.140347e-04,7.389202e-01,1.985884e-02,2.456877e-03,4.482212e-02,1.106072e-02,8.419187e-02,3.467533e-03,5.532772e-03
3.047164e-02,1.847236e-02,1.017088e-02,9.329231e-03,1.027245e-02,6.079438e-03,8.119214e-04,5.859401e-01,2.134694e-02,7.201178e-03,9.697731e-02,2.081995e-02,1.664802e-01,4.724748e-03,1.090169e-02
2.612370e-02,1.540779e-02,7.825661e-03,8.529378e-03,9.214004e-03,2.024535e-02,1.170469e-03,4.259657e-01,2.784389e-02,6.030284e-03,9.624110e-02,1.986641e-02,3.193671e-01,4.054235e-03,1.211505e-02
1.966799e-02,4.502727e-02,1.292382e-02,1.409994e-02,8.891404e-03,1.534043e-02,1.034788e-03,2.995902e-01,2.406985e-01,5.169943e-03,7.054757e-02,1.510611e-02,2.331329e-01,3.157698e-03,1.561153e-02
2.388422e-02,3.407058e-02,1.190594e-02,1.120336e-02,8.913115e-03,4.128177e-02,2.941926e-03,2.172397e-01,1.774598e-01,3.908745e-03,5.778193e-02,1.436412e-02,3.792348e-01,2.467539e-03,1.334249e-02
3.715423e-02,2.595504e-02,9.852321e-03,9.839813e-03,7.421852e-03,5.275545e-02,2.808988e-03,1.568874e-01,1.324518e-01,2.908545e-03,4.525458e-02,1.404603e-02,4.897970e-01,1.861774e-03,1.100514e-02
5.764065e-02,3.412143e-02,1.314899e-02,4.087843e-02,6.592046e-03,4.682506e-02,3.110034e-03,1.126049e-01,1.235674e-01,2.441849e-03,3.604731e-02,3.025653e-02,4.800396e-01,2.775506e-03,9.950320e-03
4.656740e-02,2.538128e-02,9.468144e-03,2.946932e-02,5.723300e-03,4.117894e-02,2.648837e-03,7.952319e-02,9.306888e-02,1.772383e-03,2.741020e-02,3.111701e-02,5.953254e-01,2.151476e-03,9.194296e-03
6.918550e-02,4.085790e-02,1.372294e-02,7.128237e-02,9.658406e-03,5.071103e-02,2.459033e-03,5.666828e-02,1.086215e-01,4.588319e-03,2.439345e-02,2.980371e-02,4.858209e-01,2.912716e-03,2.931389e-02
7.036858e-02,3.675834e-02,1.391408e-02,6.710083e-02,1.096175e-02,4.999948e-02,2.046989e-03,4.104710e-02,1.131057e-01,5.916381e-03,5.477466e-02,6.826720e-02,4.205132e-01,4.620283e-03,4.060540e-02
6.561464e-02,3.228760e-02,1.163923e-02,5.712308e-02,2.948191e-02,5.207537e-02,2.099014e-03,2.971070e-02,1.168006e-01,6.025885e-03,4.513482e-02,5.643875e-02,4.477935e-01,4.514721e-03,4.326016e-02
8.717422e-02,3.846183e-02,9.297465e-03,5.774647e-02,3.028345e-02,6.439011e-02,1.836116e-03,2.267972e-02,1.826134e-01,8.076660e-03,3.622035e-02,4.619380e-02,3.670046e-01,3.780321e-03,4.424145e-02
1.141663e-01,3.690545e-02,7.846474e-03,4.978643e-02,3.511423e-02,7.025754e-02,2.536533e-03,1.852815e-02,1.717458e-01,9.454769e-03,3.390960e-02,4.617132e-02,3.432037e-01,5.188188e-03,5.518549e-02
1.497826e-01,3.525003e-02,6.175180e-03,4.840164e-02,4.044639e-02,5.523111e-02,2.274025e-03,1.406259e-02,1.438583e-01,9.844400e-03,3.137846e-02,3.937909e-02,2.793535e-01,7.405304e-03,1.371573e-01
1.488007e-01,4.778164e-02,7.452815e-03,7.729057e-02,3.255019e-02,3.985071e-02,1.913060e-03,1.180320e-02,1.943205e-01,9.785509e-03,2.874819e-02,3.048574e-02,2.038264e-01,7.563299e-03,1.578275e-01
1.628969e-01,4.599883e-02,7.673132e-03,5.914072e-02,3.419867e-02,3.261367e-02,2.415011e-03,1.177914e-02,1.680724e-01,1.027441e-02,2.922867e-02,2.525932e-02,1.915590e-01,1.561187e-02,2.032783e-01
1.935629e-01,6.141452e-02,9.909100e-03,4.830789e-02,3.446757e-02,3.226214e-02,3.725432e-03,2.017884e-02,1.885335e-01,1.038153e-02,2.297409e-02,1.939149e-02,1.633175e-01,1.494518e-02,1.766285e-01
2.223041e-01,7.125075e-02,1.167070e-02,3.963289e-02,3.345454e-02,3.822359e-02,4.025251e-03,3.124304e-02,1.830448e-01,1.026407e-02,1.742833e-02,1.430023e-02,1.304590e-01,1.328140e-02,1.794174e-01
2.360028e-01,6.906794e-02,1.276691e-02,3.028335e-02,3.723836e-02,3.167456e-02,3.358711e-03,3.009183e-02,1.678548e-01,1.143770e-02,1.292598e-02,1.072436e-02,1.043279e-01,1.457370e-02,2.276711e-01
2.491719e-01,8.558749e-02,2.675148e-02,3.858714e-02,4.084677e-02,2.964885e-02,3.776998e-03,3.710896e-02,1.497306e-01,1.286809e-02,1.132337e-02,9.939356e-03,7.899515e-02,1.259788e-02,2.130660e-01
1.798340e-01,6.712033e-02,2.420326e-02,2.813248e-02,2.890901e-02,2.172259e-02,2.684848e-03,2.612300e-02,1.142662e-01,4.529060e-02,9.546337e-03,7.286743e-03,5.652593e-02,1.182526e-02,3.765295e-01
1.509508e-01,5.529501e-02,2.621487e-02,2.193270e-02,2.113720e-02,1.796564e-02,2.089986e-03,1.888818e-02,1.441352e-01,5.193649e-02,2.154201e-02,6.723528e-03,4.767344e-02,4.984102e-02,3.636740e-01
1.241629e-01,4.930202e-02,3.072532e-02,1.811942e-02,1.616732e-02,1.518692e-02,1.897410e-03,1.351086e-02,1.444755e-01,5.084290e-02,2.262606e-02,5.601665e-03,3.540001e-02,1.224787e-01,3.495030e-01
9.438914e-02,3.686512e-02,2.278693e-02,1.320375e-02,1.198505e-02,1.157428e-02,1.449848e-03,9.713092e-03,1.500632e-01,3.983643e-02,4.495229e-02,5.862771e-03,2.800865e-02,2.073171e-01,3.219924e-01
6.738406e-02,2.634781e-02,1.652733e-02,9.473043e-03,8.646997e-03,8.678650e-03,1.112708e-03,6.908068e-03,1.192111e-01,4.328546e-02,7.548365e-02,6.749951e-03,2.114489e-02,3.334439e-01,2.556024e-01
4.756254e-02,1.874339e-02,1.250463e-02,6.788691e-03,6.241851e-03,6.432443e-03,8.715254e-04,4.904459e-03,8.835014e-02,3.434398e-02,1.204266e-01,5.133878e-03,1.540587e-02,4.467937e-01,1.854963e-01
3.577185e-02,1.326131e-02,8.968592e-03,5.021781e-03,4.765338e-03,4.903168e-03,6.868960e-04,3.509295e-03,6.337298e-02,3.417640e-02,1.779813e-01,3.973104e-03,1.137589e-02,4.984114e-01,1.338207e-01
2.796620e-02,9.453025e-03,6.353130e-03,3.680133e-03,3.705278e-03,3.692785e-03,6.108142e-04,2.518208e-03,4.610467e-02,3.445639e-02,2.007516e-01,3.394239e-03,8.325432e-03,5.530545e-01,9.593368e-02
2.015738e-02,7.053552e-03,4.529587e-03,2.709424e-03,4.129108e-03,4.548471e-03,1.019491e-03,1.947120e-03,3.693482e-02,3.496091e-02,2.040792e-01,4.023793e-03,6.314224e-03,5.993726e-01,6.822035e-02
1.484417e-02,5.141335e-03,3.299047e-03,2.031881e-03,4.276954e-03,5.210871e-03,1.789224e-03,1.907784e-03,2.982868e-02,3.488142e-02,2.739112e-01,4.145436e-03,5.599666e-03,5.645542e-01,4.857821e-02
1.140934e-02,3.802270e-03,2.448556e-03,1.927400e-03,8.790136e-03,7.830671e-03,1.170291e-02,4.052216e-03,4.788903e-02,3.783067e-02,2.500654e-01,3.665452e-03,6.348854e-03,5.672309e-01,3.500620e-02
8.573334e-03,3.077061e-03,1.809964e-03,1.760347e-03,2.184100e-02,5.846546e-03,8.990821e-03,3.247174e-03,8.607344e-02,4.531137e-02,2.193478e-01,3.235705e-03,1.198032e-02,5.532855e-01,2.561968e-02
6.430042e-03,2.454987e-03,1.334831e-03,1.530149e-03,4.999128e-02,4.833110e-03,7.454267e-03,2.767592e-03,1.017527e-01,4.567897e-02,1.924477e-01,2.821881e-03,1.425733e-02,5.477937e-01,1.845152e-02
5.894638e-03,3.238481e-03,2.028843e-03,3.115349e-03,4.155403e-02,8.525936e-03,8.908125e-03,2.690732e-03,8.445777e-02,3.984761e-02,3.480901e-01,3.733697e-03,2.757420e-02,4.033728e-01,1.696781e-02
4.861914e-03,3.433218e-03,3.095972e-03,4.397481e-03,3.693935e-02,8.684540e-03,6.682639e-03,2.633874e-03,8.328591e-02,2.972750e-02,4.637380e-01,5.290889e-03,3.779331e-02,2.968817e-01,1.255371e-02
5.466043e-03,3.078626e-03,2.595873e-03,4.407608e-03,3.406284e-02,9.436944e-03,5.030816e-03,2.539733e-03,1.004566e-01,2.249227e-02,4.869469e-01,5.156124e-03,8.031967e-02,2.289393e-01,9.070643e-03
1.161496e-02,2.563273e-03,2.275713e-03,3.470900e-03,3.305406e-02,8.928692e-03,3.930623e-03,2.895398e-03,1.059151e-01,1.609454e-02,4.747579e-01,7.519768e-03,1.060043e-01,2.145273e-01,6.447495e-03
2.393274e-02,2.524324e-03,2.795357e-03,3.228741e-03,3.497177e-02,1.493609e-02,3.503211e-03,6.616015e-03,1.072735e-01,1.168276e-02,4.650006e-01,1.604613e-02,9.614763e-02,2.065520e-01,4.789158e-03
4.403880e-02,1.943752e-03,6.347948e-03,3.685071e-03,4.433925e-02,2.529899e-02,3.624365e-03,4.235303e-02,8.817697e-02,8.818435e-03,4.418454e-01,2.163536e-02,8.774684e-02,1.763359e-01,3.809828e-03
5.661289e-02,1.903578e-03,9.779435e-03,3.281642e-03,5.828105e-02,2.589542e-02,2.999628e-03,4.562610e-02,8.004393e-02,6.499069e-03,4.249325e-01,2.315291e-02,7.895859e-02,1.790876e-01,2.945706e-03
4.599698e-02,1.621844e-03,9.422087e-03,3.530059e-03,5.866956e-02,3.412278e-02,2.403770e-03,3.758124e-02,6.264217e-02,5.407298e-03,3.416621e-01,5.041006e-02,2.028543e-01,1.409734e-01,2.702408e-03
4.817091e-02,3.522053e-03,2.022848e-02,3.497696e-03,5.285647e-02,4.956538e-02,2.202722e-03,5.856527e-02,5.589244e-02,5.921250e-03,2.824591e-01,9.487699e-02,2.044790e-01,1.147828e-01,2.979468e-03
4.042156e-02,3.111729e-03,1.864490e-02,3.289193e-03,4.869135e-02,4.549111e-02,1.696231e-03,4.611152e-02,4.523383e-02,5.722357e-03,2.351997e-01,1.515566e-01,2.548231e-01,9.710825e-02,2.898427e-03
3.115320e-02,2.306367e-03,1.447793e-02,2.478743e-03,3.678388e-02,3.356988e-02,1.363324e-03,3.341632e-02,3.257988e-02,4.454641e-03,1.810497e-01,2.666503e-01,2.870010e-01,7.015540e-02,2.559365e-03
2.521317e-02,1.885320e-03,1.180952e-02,2.178424e-03,5.106583e-02,2.564216e-02,2.080571e-03,3.002860e-02,2.519833e-02,4.041757e-03,1.518174e-01,3.783041e-01,2.327151e-01,5.591962e-02,2.100106e-03
2.419965e-02,5.509485e-03,1.336724e-02,3.831614e-03,4.360439e-02,3.018137e-02,2.964261e-03,2.296152e-02,2.274774e-02,4.173101e-03,1.132550e-01,4.485962e-01,2.168441e-01,4.292491e-02,4.839424e-03
2.943335e-02,7.062357e-03,1.890600e-02,3.812667e-03,4.273243e-02,2.848217e-02,2.820652e-03,1.981141e-02,1.918388e-02,3.787999e-03,8.669098e-02,4.930596e-01,2.072591e-01,3.228179e-02,4.675618e-03
3.185610e-02,6.791248e-03,1.726911e-02,3.422052e-03,6.214878e-02,2.364002e-02,6.948843e-03,1.736732e-02,1.883959e-02,3.217111e-03,6.592353e-02,5.280474e-01,1.861367e-01,2.387792e-02,4.514229e-03
3.338119e-02,6.250303e-03,1.959178e-02,2.784775e-03,1.047539e-01,2.066906e-02,2.120280e-02,2.127636e-02,2.705870e-02,2.621813e-03,4.821672e-02,4.892320e-01,1.780993e-01,1.756523e-02,7.296060e-03
3.442157e-02,5.631525e-03,1.607308e-01,2.292527e-03,1.039739e-01,1.684337e-02,2.724301e-02,6.193798e-02,2.276650e-02,2.092389e-03,3.479684e-02,3.757315e-01,1.323652e-01,1.342248e-02,5.750304e-03
3.257543e-02,4.555766e-03,3.310727e-01,2.807796e-03,8.429277e-02,1.271094e-02,2.117672e-02,7.617782e-02,1.791258e-02,1.575599e-03,2.502297e-02,2.736186e-01,1.022085e-01,9.935154e-03,4.356650e-03
3.092053e-02,5.101137e-03,4.284273e-01,3.664207e-03,1.142760e-01,1.481771e-02,2.318379e-02,5.777285e-02,1.525249e-02,1.363306e-03,1.786478e-02,1.950403e-01,8.058010e-02,7.386512e-03,4.349030e-03
3.690211e-02,8.783807e-03,3.961014e-01,1.310856e-02,1.747396e-01,1.857776e-02,4.456045e-02,5.410121e-02,2.446181e-02,1.400552e-03,1.353533e-02,1.419924e-01,6.214228e-02,5.398398e-03,4.194428e-03
5.172527e-02,9.155544e-03,3.396077e-01,1.611130e-02,2.067617e-01,2.165870e-02,9.254924e-02,4.272627e-02,2.470412e-02,1.458118e-03,1.127890e-02,1.243220e-01,4.975133e-02,4.474837e-03,3.715032e-03
5.420770e-02,2.315309e-02,2.484267e-01,8.811661e-02,2.525750e-01,2.464241e-02,7.939427e-02,3.604363e-02,3.957314e-02,2.842553e-03,1.170608e-02,9.007311e-02,3.938303e-02,3.530539e-03,6.332167e-03
4.009124e-02,1.763578e-02,1.747187e-01,2.209616e-01,2.053576e-01,1.880092e-02,5.622399e-02,2.554660e-02,3.711793e-02,3.319769e-03,8.557414e-02,6.696977e-02,3.963693e-02,2.625651e-03,5.419352e-03
2.867776e-02,1.279129e-02,1.227265e-01,1.707232e-01,1.626593e-01,1.379303e-02,3.961493e-02,1.796657e-02,2.965645e-02,1.413632e-02,2.728019e-01,5.271736e-02,5.169040e-02,4.342820e-03,5.702314e-03
2.570454e-02,1.006000e-02,8.658684e-02,1.280582e-01,1.850586e-01,1.073576e-02,2.822634e-02,1.289488e-02,3.728611e-02,1.376478e-02,2.730375e-01,3.897629e-02,6.661730e-02,6.827945e-02,1.471342e-02
1.903099e-02,9.708227e-03,6.116777e-02,9.413148e-02,2.673869e-01,9.093118e-03,2.079548e-02,9.483114e-03,4.265706e-02,1.053666e-02,2.537503e-01,3.065255e-02,4.973809e-02,1.060964e-01,1.577186e-02
1.442839e-02,7.275150e-03,4.311827e-02,6.726934e-02,2.265584e-01,7.468238e-03,1.535128e-02,7.444524e-03,3.371802e-02,1.346695e-02,3.267064e-01,2.383428e-02,3.604482e-02,1.513954e-01,2.592043e-02
1.087979e-02,5.870656e-03,3.067365e-02,4.832535e-02,2.322899e-01,6.337956e-03,1.147046e-02,5.848963e-03,2.584146e-02,1.533878e-02,3.878773e-01,1.881747e-02,2.580105e-02,1.530791e-01,2.154808e-02
7.728522e-03,4.153159e-03,2.153574e-02,3.391068e-02,1.686688e-01,4.583419e-03,8.061967e-03,4.116319e-03,1.841146e-02,2.613356e-02,5.169048e-01,1.358050e-02,1.814109e-02,1.358609e-01,1.820904e-02
5.440468e-03,2.913729e-03,1.514419e-02,2.374871e-02,1.198329e-01,3.293415e-03,5.657942e-03,2.888097e-03,1.302128e-02,3.574390e-02,6.334574e-01,9.850518e-03,1.273255e-02,1.025017e-01,1.377326e-02
3.848481e-03,2.044958e-03,1.063319e-02,1.663025e-02,8.431900e-02,2.434921e-03,3.963488e-03,2.024922e-03,9.140470e-03,5.186278e-02,7.103722e-01,7.868220e-03,8.955818e-03,7.599916e-02,9.902140e-03
2.880966e-03,1.452397e-03,7.480758e-03,1.164661e-02,5.909083e-02,1.744249e-03,2.777058e-03,1.419769e-03,6.462262e-03,9.392887e-02,7.328117e-01,7.163138e-03,6.320506e-03,5.771779e-02,7.103094e-03
2.288262e-03,1.359750e-03,5.619376e-03,8.266567e-03,4.250667e-02,1.608306e-03,1.964132e-03,1.004579e-03,5.776607e-03,2.544096e-01,6.038614e-01,1.243801e-02,5.108553e-03,4.802293e-02,5.765297e-03
2.250440e-03,1.119948e-03,4.106200e-03,6.019158e-03,3.114518e-02,1.711077e-03,1.398274e-03,7.145269e-04,7.024279e-03,2.951711e-01,5.731840e-01,2.585588e-02,5.035093e-03,4.078146e-02,4.483452e-03
3.032567e-03,1.143291e-03,3.021435e-03,4.367166e-03,2.431053e-02,1.597167e-03,1.017712e-03,5.127979e-04,7.227989e-03,3.082128e-01,5.621188e-01,4.096055e-02,4.800266e-03,3.382052e-02,3.856419e-03
2.266357e-03,1.016039e-03,2.158301e-03,3.138293e-03,1.948637e-02,1.394767e-03,7.601347e-04,3.653357e-04,6.234417e-03,2.643145e-01,6.243010e-01,4.234694e-02,4.357289e-03,2.461672e-02,3.243634e-03
1.778747e-03,1.435405e-03,1.725067e-03,2.264352e-03,3.399824e-02,1.105356e-03,5.642129e-04,2.626007e-04,5.955020e-03,3.737856e-01,5.133514e-01,3.208592e-02,5.011912e-03,2.015971e-02,6.516432e-03
2.129586e-03,2.352992e-03,1.798683e-03,1.889750e-03,8.166838e-02,1.345380e-03,6.241136e-04,3.099252e-04,1.293321e-02,3.890896e-01,4.469079e-01,2.609124e-02,8.252325e-03,1.743249e-02,7.174456e-03
1.912549e-03,4.492912e-03,2.910512e-03,1.606493e-03,7.237653e-02,2.148652e-03,7.663930e-04,3.653752e-04,1.528274e-02,4.199166e-01,4.266319e-01,2.173791e-02,8.403438e-03,1.387545e-02,7.572560e-03
2.441220e-03,1.755134e-02,5.816772e-03,1.675132e-03,6.036758e-02,4.354108e-03,1.182664e-03,8.128555e-04,1.681930e-02,4.535352e-01,3.872653e-01,1.931917e-02,9.123126e-03,1.095623e-02,8.780064e-03
2.726256e-03,2.390959e-02,9.337178e-03,2.724507e-03,4.724308e-02,4.597313e-03,1.106154e-03,7.391639e-03,4.385371e-02,4.340752e-01,3.732840e-01,2.044353e-02,9.920970e-03,1.037689e-02,9.009938e-03
3.988254e-03,1.095140e-01,1.482921e-02,4.597410e-03,4.188483e-02,4.639929e-03,1.269884e-03,1.116917e-02,8.107547e-02,3.866553e-01,2.919028e-01,1.786274e-02,9.466064e-03,1.279710e-02,8.347799e-03
4.110875e-03,2.206674e-01,1.300633e-02,4.535464e-03,3.285961e-02,5.707779e-03,1.295140e-03,1.397318e-02,1.669972e-01,2.862777e-01,2.110247e-01,1.398930e-02,7.616756e-03,1.132231e-02,6.616284e-03
4.113218e-03,1.956226e-01,1.025617e-02,6.123083e-03,3.095119e-02,8.894474e-03,1.010560e-03,1.406934e-02,3.403809e-01,2.019249e-01,1.567717e-01,1.063078e-02,5.518598e-03,8.650635e-03,5.081929e-03
5.713400e-03,1.996130e-01,8.525697e-03,6.590616e-03,3.032913e-02,1.413860e-02,8.295258e-04,2.562206e-02,4.216641e-01,1.418979e-01,1.195636e-01,8.005776e-03,4.374633e-03,8.730910e-03,4.401004e-03
