1.000000e+00,0.000000e+00,0.000000e+00,0.000000e+00,0.000000e+00,0.000000e+00,0.000000e+00,0.000000e+00,0.000000e+00,0.000000e+00,0.000000e+00,0.000000e+00,0.000000e+00,0.000000e+00,0.000000e+00
1.000000e+00,0.000000e+00,0.000000e+00,0.000000e+00,0.000000e+00,0.000000e+00,0.000000e+00,0.000000e+00,0.000000e+00,0.000000e+00,0.000000e+00,0.000000e+00,0.000000e+00,0.000000e+00,0.000000e+00
1.000000e+00,0.000000e+00,0.000000e+00,0.000000e+00,0.000000e+00,0.000000e+00,0.000000e+00,0.000000e+00,0.000000e+00,0.000000e+00,0.000000e+00,0.000000e+00,0.000000e+00,0.000000e+00,0.000000e+00
1.000000e+00,0.000000e+00,0.000000e+00,0.000000e+00,0.000000e+00,0.000000e+00,0.000000e+00,0.000000e+00,0.000000e+00,0.000000e+00,0.000000e+00,0.000000e+00,0.000000e+00,0.000000e+00,0.000000e+00
1.000000e+00,0.000000e+00,0.000000e+00,0.000000e+00,0.000000e+00,0.000000e+00,0.000000e+00,0.000000e+00,0.000000e+00,0.000000e+00,0.000000e+00,0.000000e+00,0.000000e+00,0.000000e+00,0.000000e+00
1.000000e+00,0.000000e+00,0.000000e+00,0.000000e+00,0.000000e+00,0.000000e+00,0.000000e+00,0.000000e+00,0.000000e+00,0.000000e+00,0.000000e+00,0.000000e+00,0.000000e+00,0.000000e+00,0.000000e+00
1.000000e+00,0.000000e+00,0.000000e+00,0.000000e+00,0.000000e+00,0.000000e+00,0.000000e+00,0.000000e+00,0.000000e+00,0.000000e+00,0.000000e+00,0.000000e+00,0.000000e+00,0.000000e+00,0.000000e+00
1.000000e+00,0.000000e+00,0.000000e+00,0.000000e+00,0.000000e+00,0.000000e+00,0.000000e+00,0.000000e+00,0.000000e+00,0.000000e+00,0.000000e+00,0.000000e+00,0.000000e+00,0.000000e+00,0.000000e+00
1.000000e+00,0.000000e+00,0.000000e+00,0.000000e+00,0.000000e+00,0.000000e+00,0.000000e+00,0.000000e+00,0.000000e+00,0.000000e+00,0.000000e+00,0.000000e+00,0.000000e+00,0.000000e+00,0.000000e+00
1.000000e+00,0.000000e+00,0.000000e+00,0.000000e+00,0.000000e+00,0.000000e+00,0.000000e+00,0.000000e+00,0.000000e+00,0.000000e+00,0.000000e+00,0.000000e+00,0.000000e+00,0.000000e+00,0.000000e+00
1.000000e+00,0.000000e+00,0.000000e+00,0.000000e+00,0.000000e+00,0.000000e+00,0.000000e+00,0.000000e+00,0.000000e+00,0.000000e+00,0.000000e+00,0.000000e+00,0.000000e+00,0.000000e+00,0.000000e+00
1.000000e+00,0.000000e+00,0.000000e+00,0.000000e+00,0.000000e+00,0.000000e+00,0.000000e+00,0.000000e+00,0.000000e+00,0.000000e+00,0.000000e+00,0.000000e+00,0.000000e+00,0.000000e+00,0.000000e+00
1.000000e+00,0.000000e+00,0.000000e+00,0.000000e+00,0.000000e+00,0.000000e+00,0.000000e+00,0.000000e+00,0.000000e+00,0.000000e+00,0.000000e+00,0.000000e+00,0.000000e+00,0.000000e+00,0.000000e+00
1.000000e+00,0.000000e+00,0.000000e+00,0.000000e+00,0.000000e+00,0.000000e+00,0.000000e+00,0.000000e+00,0.000000e+00,0.000000e+00,0.000000e+00,0.000000e+00,0.000000e+00,0.000000e+00,0.000000e+00
1.000000e+00,0.000000e+00,0.000000e+00,0.000000e+00,0.000000e+00,0.000000e+00,0.000000e+00,0.000000e+00,0.000000e+00,0.000000e+00,0.000000e+00,0.000000e+00,0.000000e+00,0.000000e+00,0.000000e+00
1.000000e+00,0.000000e+00,0.000000e+00,0.000000e+00,0.000000e+00,0.000000e+00,0.000000e+00,0.000000e+00,0.000000e+00,0.000000e+00,0.000000e+00,0.000000e+00,0.000000e+00,0.000000e+00,0.000000e+00
1.000000e+00,0.000000e+00,0.000000e+00,0.000000e+00,0.000000e+00,0.000000e+00,0.000000e+00,0.000000e+00,0.000000e+00,0.000000e+00,0.000000e+00,0.000000e+00,0.000000e+00,0.000000e+00,0.000000e+00
1.000000e+00,0.000000e+00,0.000000e+00,0.000000e+00,0.000000e+00,0.000000e+00,0.000000e+00,0.000000e+00,0.000000e+00,0.000000e+00,0.000000e+00,0.000000e+00,0.000000e+00,0.000000e+00,0.000000e+00
1.000000e+00,0.000000e+00,0.000000e+00,0.000000e+00,0.000000e+00,0.000000e+00,0.000000e+00,0.000000e+00,0.000000e+00,0.000000e+00,0.000000e+00,0.000000e+00,0.000000e+00,0.000000e+00,0.000000e+00
1.000000e+00,0.000000e+00,0.000000e+00,0.000000e+00,0.000000e+00,0.000000e+00,0.000000e+00,0.000000e+00,0.000000e+00,0.000000e+00,0.000000e+00,0.000000e+00,0.000000e+00,0.000000e+00,0.000000e+00
1.000000e+00,0.000000e+00,0.000000e+00,0.000000e+00,0.000000e+00,0.000000e+00,0.000000e+00,0.000000e+00,0.000000e+00,0.000000e+00,0.000000e+00,0.000000e+00,0.000000e+00,0.000000e+00,0.000000e+00
1.000000e+00,0.000000e+00,0.000000e+00,0.000000e+00,0.000000e+00,0.000000e+00,0.000000e+00,0.000000e+00,0.000000e+00,0.000000e+00,0.000000e+00,0.000000e+00,0.000000e+00,0.000000e+00,0.000000e+00
1.000000e+00,0.000000e+00,0.000000e+00,0.000000e+00,0.000000e+00,0.000000e+00,0.000000e+00,0.000000e+00,0.000000e+00,0.000000e+00,0.000000e+00,0.000000e+00,0.000000e+00,0.000000e+00,0.000000e+00
1.000000e+00,0.000000e+00,0.000000e+00,0.000000e+00,0.000000e+00,0.000000e+00,0.000000e+00,0.000000e+00,0.000000e+00,0.000000e+00,0.000000e+00,0.000000e+00,0.000000e+00,0.000000e+00,0.000000e+00
1.000000e+00,0.000000e+00,0.000000e+00,0.000000e+00,0.000000e+00,0.000000e+00,0.000000e+00,0.000000e+00,0.000000e+00,0.000000e+00,0.000000e+00,0.000000e+00,0.000000e+00,0.000000e+00,0.000000e+00
1.000000e+00,0.000000e+00,0.000000e+00,0.000000e+00,0.000000e+00,0.000000e+00,0.000000e+00,0.000000e+00,0.000000e+00,0.000000e+00,0.000000e+00,0.000000e+00,0.000000e+00,0.000000e+00,0.000000e+00
1.000000e+00,0.000000e+00,0.000000e+00,0.000000e+00,0.000000e+00,0.000000e+00,0.000000e+00,0.000000e+00,0.000000e+00,0.000000e+00,0.000000e+00,0.000000e+00,0.000000e+00,0.000000e+00,0.000000e+00
1.000000e+00,0.000000e+00,0.000000e+00,0.000000e+00,0.000000e+00,0.000000e+00,0.000000e+00,0.000000e+00,0.000000e+00,0.000000e+00,0.000000e+00,0.000000e+00,0.000000e+00,0.000000e+00,0.000000e+00
1.000000e+00,0.000000e+00,0.000000e+00,0.000000e+00,0.000000e+00,0.000000e+00,0.000000e+00,0.000000e+00,0.000000e+00,0.000000e+00,0.000000e+00,0.000000e+00,0.000000e+00,0.000000e+00,0.000000e+00
1.000000e+00,0.000000e+00,0.000000e+00,0.000000e+00,0.000000e+00,0.000000e+00,0.000000e+00,0.000000e+00,0.000000e+00,0.000000e+00,0.000000e+00,0.000000e+00,0.000000e+00,0.000000e+00,0.000000e+00
1.000000e+00,0.000000e+00,0.000000e+00,0.000000e+00,0.000000e+00,0.000000e+00,0.000000e+00,0.000000e+00,0.000000e+00,0.000000e+00,0.000000e+00,0.000000e+00,0.000000e+00,0.000000e+00,0.000000e+00
1.000000e+00,0.000000e+00,0.000000e+00,0.000000e+00,0.000000e+00,0.000000e+00,0.000000e+00,0.000000e+00,0.000000e+00,0.000000e+00,0.000000e+00,0.000000e+00,0.000000e+00,0.000000e+00,0.000000e+00
1.000000e+00,0.000000e+00,0.000000e+00,0.000000e+00,0.000000e+00,0.000000e+00,0.000000e+00,0.000000e+00,0.000000e+00,0.000000e+00,0.000000e+00,0.000000e+00,0.000000e+00,0.000000e+00,0.000000e+00
1.000000e+00,0.000000e+00,0.000000e+00,0.000000e+00,0.000000e+00,0.000000e+00,0.000000e+00,0.000000e+00,0.000000e+00,0.000000e+00,0.000000e+00,0.000000e+00,0.000000e+00,0.000000e+00,0.000000e+00
1.000000e+00,0.000000e+00,0.000000e+00,0.000000e+00,0.000000e+00,0.000000e+00,0.000000e+00,0.000000e+00,0.000000e+00,0.000000e+00,0.000000e+00,0.000000e+00,0.000000e+00,0.000000e+00,0.000000e+00
1.000000e+00,0.000000e+00,0.000000e+00,0.000000e+00,0.000000e+00,0.000000e+00,0.000000e+00,0.000000e+00,0.000000e+00,0.000000e+00,0.000000e+00,0.000000e+00,0.000000e+00,0.000000e+00,0.000000e+00
1.000000e+00,0.000000e+00,0.000000e+00,0.000000e+00,0.000000e+00,0.000000e+00,0.000000e+00,0.000000e+00,0.000000e+00,0.000000e+00,0.000000e+00,0.000000e+00,0.000000e+00,0.000000e+00,0.000000e+00
1.000000e+00,0.000000e+00,0.000000e+00,0.000000e+00,0.000000e+00,0.000000e+00,0.000000e+00,0.000000e+00,0.000000e+00,0.000000e+00,0.000000e+00,0.000000e+00,0.000000e+00,0.000000e+00,0.000000e+00
1.000000e+00,0.000000e+00,0.000000e+00,0.000000e+00,0.000000e+00,0.000000e+00,0.000000e+00,0.000000e+00,0.000000e+00,0.000000e+00,0.000000e+00,0.000000e+00,0.000000e+00,0.000000e+00,0.000000e+00
1.000000e+00,0.000000e+00,0.000000e+00,0.000000e+00,0.000000e+00,0.000000e+00,0.000000e+00,0.000000e+00,0.000000e+00,0.000000e+00,0.000000e+00,0.000000e+00,0.000000e+00,0.000000e+00,0.000000e+00
1.000000e+00,0.000000e+00,0.000000e+00,0.000000e+00,0.000000e+00,0.000000e+00,0.000000e+00,0.000000e+00,0.000000e+00,0.000000e+00,0.000000e+00,0.000000e+00,0.000000e+00,0.000000e+00,0.000000e+00
1.000000e+00,0.000000e+00,0.000000e+00,0.000000e+00,0.000000e+00,0.000000e+00,0.000000e+00,0.000000e+00,0.000000e+00,0.000000e+00,0.000000e+00,0.000000e+00,0.000000e+00,0.000000e+00,0.000000e+00
1.000000e+00,0.000000e+00,0.000000e+00,0.000000e+00,0.000000e+00,0.000000e+00,0.000000e+00,0.000000e+00,0.000000e+00,0.000000e+00,0.000000e+00,0.000000e+00,0.000000e+00,0.000000e+00,0.000000e+00
1.000000e+00,0.000000e+00,0.000000e+00,0.000000e+00,0.000000e+00,0.000000e+00,0.000000e+00,0.000000e+00,0.000000e+00,0.000000e+00,0.000000e+00,0.000000e+00,0.000000e+00,0.000000e+00,0.000000e+00
1.000000e+00,0.000000e+00,0.000000e+00,0.000000e+00,0.000000e+00,0.000000e+00,0.000000e+00,0.000000e+00,0.000000e+00,0.000000e+00,0.000000e+00,0.000000e+00,0.000000e+00,0.000000e+00,0.000000e+00
1.000000e+00,0.000000e+00,0.000000e+00,0.000000e+00,0.000000e+00,0.000000e+00,0.000000e+00,0.000000e+00,0.000000e+00,0.000000e+00,0.000000e+00,0.000000e+00,0.000000e+00,0.000000e+00,0.000000e+00
1.000000e+00,0.000000e+00,0.000000e+00,0.000000e+00,0.000000e+00,0.000000e+00,0.000000e+00,0.000000e+00,0.000000e+00,0.000000e+00,0.000000e+00,0.000000e+00,0.000000e+00,0.000000e+00,0.000000e+00
1.000000e+00,0.000000e+00,0.000000e+00,0.000000e+00,0.000000e+00,0.000000e+00,0.000000e+00,0.000000e+00,0.000000e+00,0.000000e+00,0.000000e+00,0.000000e+00,0.000000e+00,0.000000e+00,0.000000e+00
1.000000e+00,0.000000e+00,0.000000e+00,0.000000e+00,0.000000e+00,0.000000e+00,0.000000e+00,0.000000e+00,0.000000e+00,0.000000e+00,0.000000e+00,0.000000e+00,0.000000e+00,0.000000e+00,0.000000e+00
1.000000e+00,0.000000e+00,0.000000e+00,0.000000e+00,0.000000e+00,0.000000e+00,0.000000e+00,0.000000e+00,0.000000e+00,0.000000e+00,0.000000e+00,0.000000e+00,0.000000e+00,0.000000e+00,0.000000e+00
1.000000e+00,0.000000e+00,0.000000e+00,0.000000e+00,0.000000e+00,0.000000e+00,0.000000e+00,0.000000e+00,0.000000e+00,0.000000e+00,0.000000e+00,0.000000e+00,0.000000e+00,0.000000e+00,0.000000e+00
1.000000e+00,0.000000e+00,0.000000e+00,0.000000e+00,0.000000e+00,0.000000e+00,0.000000e+00,0.000000e+00,0.000000e+00,0.000000e+00,0.000000e+00,0.000000e+00,0.000000e+00,0.000000e+00,0.000000e+00
1.000000e+00,0.000000e+00,0.000000e+00,0.000000e+00,0.000000e+00,0.000000e+00,0.000000e+00,0.000000e+00,0.000000e+00,0.000000e+00,0.000000e+00,0.000000e+00,0.000000e+00,0.000000e+00,0.000000e+00
1.000000e+00,0.000000e+00,0.000000e+00,0.000000e+00,0.000000e+00,0.000000e+00,0.000000e+00,0.000000e+00,0.000000e+00,0.000000e+00,0.000000e+00,0.000000e+00,0.000000e+00,0.000000e+00,0.000000e+00
1.000000e+00,0.000000e+00,0.000000e+00,0.000000e+00,0.000000e+00,0.000000e+00,0.000000e+00,0.000000e+00,0.000000e+00,0.000000e+00,0.000000e+00,0.000000e+00,0.000000e+00,0.000000e+00,0.000000e+00
1.000000e+00,0.000000e+00,0.000000e+00,0.000000e+00,0.000000e+00,0.000000e+00,0.000000e+00,0.000000e+00,0.000000e+00,0.000000e+00,0.000000e+00,0.000000e+00,0.000000e+00,0.000000e+00,0.000000e+00
1.000000e+00,0.000000e+00,0.000000e+00,0.000000e+00,0.000000e+00,0.000000e+00,0.000000e+00,0.000000e+00,0.000000e+00,0.000000e+00,0.000000e+00,0.000000e+00,0.000000e+00,0.000000e+00,0.000000e+00
3.680940e-01,3.371860e-02,5.001438e-02,3.551338e-01,7.290134e-03,8.449968e-03,3.508487e-03,1.294476e-02,2.701143e-02,1.431345e-02,1.272457e-02,1.491492e-02,1.385219e-02,2.133035e-03,7.589632e-02
3.947031e-01,2.771268e-02,4.227872e-02,3.230427e-01,5.944559e-03,8.567333e-03,2.865029e-03,1.125745e-02,2.409355e-02,1.376290e-02,4.432496e-02,1.191070e-02,2.273422e-02,1.845825e-03,6.495634e-02
2.919913e-01,2.718380e-02,3.539840e-02,3.803775e-01,4.588388e-03,6.765775e-03,2.147431e-03,8.276907e-03,3.052970e-02,1.911631e-02,7.681681e-02,1.211287e-02,2.616726e-02,2.277712e-03,7.624975e-02
2.084173e-01,2.152342e-02,3.054441e-02,4.412068e-01,3.735631e-03,5.221853e-03,1.718132e-03,6.238744e-03,3.837635e-02,1.924375e-02,9.637062e-02,1.121181e-02,3.485945e-02,2.397130e-03,7.893451e-02
1.477790e-01,1.909600e-02,3.015445e-02,3.926716e-01,3.059006e-03,4.077150e-03,1.432783e-03,4.730232e-03,8.586210e-02,3.418799e-02,8.558501e-02,1.019165e-02,4.507366e-02,2.223478e-03,1.338759e-01
1.270191e-01,1.601479e-02,2.768663e-02,3.767844e-01,6.854778e-03,3.637379e-03,1.323459e-03,4.624127e-03,1.142244e-01,2.761322e-02,1.119143e-01,1.052974e-02,5.675644e-02,8.480477e-03,1.065369e-01
1.415305e-01,1.518749e-02,2.396602e-02,3.107815e-01,1.239163e-02,4.268140e-03,1.658570e-03,4.785557e-03,1.331585e-01,2.627614e-02,1.418537e-01,1.070595e-02,6.031948e-02,1.603539e-02,9.708147e-02
1.143928e-01,1.555991e-02,1.856642e-02,2.393095e-01,1.772663e-02,4.274160e-03,1.771342e-03,5.230810e-03,1.944215e-01,3.574507e-02,1.432334e-01,1.437945e-02,6.966130e-02,2.047298e-02,1.052547e-01
9.607255e-02,1.408310e-02,1.842799e-02,2.043198e-01,2.101373e-02,3.747545e-03,1.526956e-03,8.983249e-03,3.142327e-01,3.043746e-02,1.096430e-01,1.220307e-02,5.713034e-02,2.132083e-02,8.685755e-02
8.707439e-02,1.479157e-02,3.213145e-02,1.739953e-01,2.116981e-02,5.204093e-03,1.289542e-03,1.036273e-02,3.319299e-01,3.232321e-02,8.165266e-02,1.045905e-02,4.707992e-02,2.704440e-02,1.234919e-01
6.673724e-02,1.223286e-02,2.715660e-02,1.226571e-01,1.695337e-02,5.985042e-03,1.134453e-03,8.190310e-03,3.513642e-01,3.807155e-02,5.821375e-02,8.132970e-03,3.776560e-02,2.705917e-02,2.183458e-01
5.714202e-02,1.413151e-02,2.529309e-02,8.922397e-02,1.371203e-02,5.627567e-03,1.167124e-03,7.028359e-03,4.206899e-01,3.511704e-02,4.219038e-02,6.924780e-03,3.302737e-02,3.372427e-02,2.150006e-01
7.758386e-02,1.417608e-02,5.534607e-02,7.402682e-02,1.126211e-02,6.313541e-03,2.513682e-03,7.437221e-03,3.737513e-01,3.326080e-02,3.252178e-02,6.063582e-03,2.835665e-02,5.589984e-02,2.214866e-01
1.369531e-01,1.402060e-02,4.628707e-02,5.497861e-02,9.091769e-03,9.155093e-03,2.905568e-03,6.314514e-03,3.311351e-01,3.392104e-02,2.768122e-02,5.805952e-03,2.593406e-02,8.665812e-02,2.091582e-01
1.792843e-01,1.321009e-02,3.544725e-02,3.955805e-02,7.813816e-03,1.001452e-02,2.386376e-03,4.903251e-03,3.330667e-01,3.296090e-02,2.438928e-02,4.772483e-03,2.360789e-02,9.054674e-02,1.980384e-01
2.100043e-01,1.286472e-02,3.725472e-02,3.106390e-02,1.166858e-02,1.770024e-02,4.007991e-03,8.402984e-03,3.292944e-01,2.919581e-02,2.920579e-02,6.011319e-03,2.245332e-02,8.811976e-02,1.627522e-01
2.121485e-01,1.233532e-02,3.400677e-02,2.279978e-02,1.084639e-02,1.403411e-02,3.055899e-03,6.254932e-03,3.722649e-01,4.913301e-02,2.360499e-02,5.020575e-03,1.873296e-02,8.791207e-02,1.278498e-01
1.709452e-01,1.213770e-02,3.242245e-02,1.649830e-02,9.697292e-03,1.037946e-02,2.206949e-03,4.873912e-03,4.225771e-01,5.681404e-02,1.797611e-02,3.901064e-03,1.453897e-02,8.634016e-02,1.386913e-01
1.458427e-01,1.822293e-02,5.630906e-02,1.458962e-02,1.454081e-02,9.235941e-03,2.206036e-03,6.202716e-03,3.941396e-01,7.002386e-02,2.367974e-02,5.493280e-03,1.441678e-02,8.861797e-02,1.364789e-01
1.171615e-01,1.701660e-02,9.358256e-02,1.467053e-02,1.856879e-02,7.254351e-03,1.789083e-03,7.576170e-03,3.406973e-01,8.444623e-02,2.151430e-02,4.548385e-03,1.138290e-02,7.763972e-02,1.821516e-01
1.019398e-01,2.018045e-02,1.087308e-01,1.173431e-02,2.039826e-02,6.899688e-03,1.513585e-03,8.297816e-03,3.104524e-01,1.034490e-01,1.681973e-02,3.915083e-03,8.421879e-03,9.475014e-02,1.824971e-01
7.615686e-02,1.509255e-02,8.503443e-02,8.419752e-03,1.500537e-02,5.384402e-03,1.103509e-03,5.954782e-03,2.333292e-01,1.286833e-01,1.218571e-02,2.845499e-03,6.030709e-03,1.290107e-01,2.757632e-01
6.003718e-02,1.232798e-02,6.548737e-02,6.668572e-03,1.131342e-02,4.085399e-03,8.127792e-04,4.544501e-03,1.911342e-01,1.641487e-01,8.900478e-03,2.104172e-03,4.410263e-03,1.036886e-01,3.603364e-01
7.480529e-02,1.376933e-02,7.031538e-02,7.087124e-03,2.779642e-02,4.274311e-03,7.217940e-04,7.950021e-03,2.260980e-01,1.419246e-01,7.115633e-03,1.689102e-03,3.895199e-03,9.641717e-02,3.161407e-01
9.276215e-02,1.329951e-02,5.592830e-02,5.935600e-03,4.020332e-02,4.981692e-03,6.115966e-04,1.303919e-02,2.190812e-01,1.267586e-01,6.164565e-03,1.596010e-03,4.351317e-03,9.303380e-02,3.222531e-01
1.141248e-01,3.435918e-02,4.464085e-02,9.699432e-03,6.919406e-02,1.118573e-02,1.749874e-03,4.470501e-02,2.037294e-01,9.409771e-02,5.642737e-03,1.994291e-03,4.607411e-03,9.107630e-02,2.691932e-01
1.299909e-01,5.331308e-02,3.588952e-02,1.004556e-02,7.111309e-02,1.760643e-02,2.295615e-03,4.209451e-02,2.340471e-01,7.375544e-02,6.034046e-03,2.254068e-03,6.258163e-03,1.067727e-01,2.085298e-01
1.789523e-01,8.744100e-02,3.496752e-02,1.542540e-02,6.797286e-02,1.680061e-02,2.685565e-03,4.334787e-02,2.392374e-01,5.422363e-02,5.954145e-03,3.395303e-03,6.022694e-03,8.175851e-02,1.618152e-01
2.115875e-01,9.523463e-02,2.667320e-02,1.240337e-02,6.934444e-02,6.324448e-02,2.440332e-03,3.646978e-02,2.383308e-01,3.880287e-02,5.538729e-03,3.479575e-03,1.258115e-02,6.454552e-02,1.193237e-01
2.517613e-01,8.894794e-02,1.960307e-02,1.875648e-02,6.466839e-02,8.039381e-02,2.173925e-03,3.057011e-02,2.505194e-01,2.826463e-02,4.878743e-03,3.959359e-03,1.994679e-02,4.737231e-02,8.818378e-02
2.213477e-01,7.185302e-02,1.540454e-02,7.577795e-02,4.846168e-02,6.692649e-02,1.666235e-03,2.186466e-02,3.115155e-01,2.360882e-02,4.558193e-03,3.851294e-03,1.649412e-02,3.354771e-02,8.312219e-02
2.324048e-01,5.558316e-02,2.368885e-02,1.055950e-01,4.189386e-02,5.693817e-02,1.628518e-03,1.938006e-02,3.188395e-01,2.035503e-02,6.406504e-03,5.206074e-03,1.397781e-02,2.463131e-02,7.347138e-02
2.981571e-01,4.453222e-02,2.584364e-02,8.220369e-02,4.366614e-02,6.874924e-02,1.489308e-03,1.826725e-02,2.748944e-01,1.501803e-02,8.549282e-03,8.484861e-03,1.397064e-02,2.134762e-02,7.482659e-02
3.497870e-01,5.140220e-02,2.376257e-02,6.757310e-02,4.129737e-02,8.688118e-02,1.623766e-03,1.877254e-02,2.259173e-01,1.217035e-02,8.235230e-03,1.149732e-02,1.356884e-02,1.816470e-02,6.934659e-02
3.561832e-01,6.198712e-02,2.044694e-02,6.337258e-02,5.037852e-02,8.884912e-02,1.680201e-03,2.001792e-02,2.149182e-01,9.741174e-03,8.134117e-03,1.117737e-02,1.232948e-02,1.571926e-02,6.506485e-02
3.195176e-01,7.162228e-02,2.405403e-02,5.569190e-02,6.525209e-02,7.616804e-02,2.143522e-03,2.219743e-02,2.311630e-01,8.999972e-03,7.525321e-03,9.001873e-03,1.114729e-02,1.447757e-02,8.103807e-02
2.836464e-01,7.052066e-02,1.951125e-02,9.408997e-02,1.308819e-01,7.204217e-02,9.189171e-03,3.284500e-02,1.767708e-01,6.867658e-03,6.417213e-03,9.397708e-03,9.459639e-03,1.060680e-02,6.775369e-02
3.817274e-01,6.104278e-02,2.911138e-02,7.735278e-02,1.123641e-01,6.121255e-02,1.138744e-02,3.199124e-02,1.335002e-01,5.876737e-03,7.023408e-03,1.441511e-02,1.107098e-02,8.891766e-03,5.303216e-02
4.559755e-01,5.437531e-02,2.815564e-02,6.561951e-02,8.978641e-02,5.193445e-02,9.713041e-03,2.409927e-02,9.738683e-02,6.367453e-03,7.108387e-03,1.690235e-02,1.394029e-02,1.013654e-02,6.849898e-02
4.986746e-01,5.336589e-02,3.020036e-02,6.102670e-02,7.091372e-02,5.933060e-02,8.335344e-03,1.806810e-02,7.196526e-02,7.767076e-03,7.699193e-03,1.997051e-02,1.562088e-02,1.092535e-02,6.613640e-02
4.047116e-01,4.782598e-02,2.410099e-02,4.370775e-02,6.201517e-02,1.399675e-01,6.626235e-03,1.349041e-02,5.455366e-02,6.948374e-03,4.209021e-02,4.313330e-02,1.340165e-02,4.585331e-02,5.157379e-02
3.070237e-01,4.120997e-02,1.859110e-02,3.131318e-02,5.487120e-02,1.984512e-01,6.039035e-03,1.014055e-02,4.304464e-02,7.293529e-03,9.347324e-02,5.665363e-02,1.180570e-02,7.998371e-02,4.010567e-02
3.628025e-01,3.486512e-02,1.603811e-02,3.849426e-02,4.018009e-02,1.645337e-01,5.050129e-03,8.847145e-03,4.555093e-02,8.351160e-03,1.115829e-01,5.064229e-02,1.231249e-02,6.141346e-02,3.933559e-02
2.598796e-01,3.101343e-02,1.172043e-02,2.776879e-02,2.914488e-02,1.208548e-01,3.707356e-03,6.593959e-03,1.535453e-01,9.757780e-03,1.423318e-01,3.911424e-02,1.136245e-02,1.166900e-01,3.651515e-02
1.829182e-01,2.405604e-02,8.492619e-03,1.997084e-02,2.072481e-02,8.572116e-02,2.700666e-03,4.830388e-03,3.570620e-01,1.329239e-02,1.281410e-01,2.812249e-02,8.829513e-03,8.677263e-02,2.836522e-02
1.301041e-01,3.026045e-02,6.885421e-03,1.484998e-02,1.617267e-02,6.374796e-02,2.247480e-03,3.615574e-03,3.659921e-01,1.325994e-02,1.444462e-01,2.758506e-02,8.600573e-03,1.389405e-01,3.329203e-02
9.335707e-02,5.072621e-02,6.297608e-03,1.603477e-02,1.203387e-02,4.587415e-02,1.693119e-03,2.768455e-03,4.583864e-01,1.065460e-02,1.279254e-01,2.137400e-02,7.057309e-03,1.111143e-01,3.470264e-02
7.942463e-02,4.643793e-02,9.459709e-03,1.552790e-02,9.530583e-03,3.931574e-02,1.403385e-03,2.319409e-03,3.800161e-01,9.699670e-03,1.223251e-01,1.844847e-02,6.919806e-03,1.797631e-01,7.940838e-02
5.616683e-02,3.677327e-02,2.271180e-02,1.152773e-02,6.942706e-03,2.917185e-02,1.048442e-03,1.899163e-03,3.584571e-01,3.632002e-02,1.403549e-01,1.696514e-02,6.417079e-03,2.009875e-01,7.425644e-02
4.069297e-02,2.710718e-02,1.705929e-02,8.558972e-03,5.788656e-03,2.092241e-02,7.594892e-04,1.793139e-03,3.196163e-01,7.569972e-02,1.385605e-01,1.891543e-02,8.980260e-03,2.602408e-01,5.530490e-02
2.988799e-02,2.063678e-02,1.247830e-02,6.883674e-03,4.778582e-03,1.539646e-02,5.661193e-04,1.351298e-03,3.287747e-01,1.687459e-01,1.062138e-01,1.417846e-02,7.202581e-03,2.423354e-01,4.056998e-02
2.246360e-02,3.356149e-02,1.129825e-02,1.086334e-02,5.177297e-03,1.256862e-02,5.112676e-04,1.348443e-03,3.305462e-01,2.024970e-01,8.647302e-02,1.069829e-02,5.775625e-03,2.305074e-01,3.571015e-02
1.869309e-02,3.088137e-02,1.133035e-02,8.935173e-03,5.320760e-03,9.362958e-03,4.246902e-04,1.339019e-03,2.770832e-01,3.061820e-01,7.179287e-02,7.922022e-03,4.420356e-03,2.173395e-01,2.897257e-02
1.500479e-02,2.626133e-02,1.046107e-02,6.902501e-03,4.682443e-03,7.451986e-03,3.586459e-04,1.198155e-03,2.601604e-01,2.394099e-01,5.848132e-02,5.785416e-03,3.444815e-03,3.357526e-01,2.464455e-02
1.321843e-02,2.270167e-02,8.682125e-03,5.349486e-03,3.604299e-03,5.918019e-03,3.000606e-04,9.268547e-04,2.311953e-01,1.764914e-01,4.454285e-02,4.365527e-03,2.720017e-03,4.580610e-01,2.192296e-02
1.619434e-02,2.348768e-02,4.228130e-02,9.599715e-03,5.113644e-03,6.888725e-03,4.923154e-04,1.348899e-03,2.361019e-01,1.309624e-01,3.829676e-02,4.285100e-03,3.740482e-03,4.606671e-01,2.053961e-02
1.638552e-02,1.847867e-02,3.151145e-02,7.502971e-03,4.523931e-03,7.630820e-03,4.882045e-04,1.294115e-03,2.398094e-01,1.016480e-01,3.067361e-02,3.483893e-03,3.377809e-03,5.155784e-01,1.761313e-02
2.279199e-02,1.373802e-02,2.808726e-02,6.143564e-03,7.699718e-03,2.241403e-02,8.936826e-04,2.854188e-03,1.998877e-01,1.644785e-01,2.428818e-02,2.876290e-03,4.390624e-03,4.795646e-01,1.989161e-02
3.575558e-02,1.085085e-02,4.346707e-02,1.080096e-02,1.914847e-02,1.716258e-02,9.173239e-04,1.552060e-02,2.208360e-01,1.358771e-01,2.942329e-02,2.631542e-03,5.501396e-03,4.327432e-01,1.936404e-02
4.867619e-02,9.707497e-03,3.347954e-02,1.609421e-02,3.352187e-02,1.779823e-02,8.780814e-04,2.062795e-02,2.494649e-01,1.262598e-01,3.414356e-02,3.026091e-03,7.410869e-03,3.773060e-01,2.160525e-02
5.389878e-02,8.991967e-03,2.683066e-02,5.399655e-02,5.641794e-02,1.532774e-02,9.252272e-04,2.485539e-02,2.862090e-01,1.097919e-01,3.550882e-02,6.854129e-03,1.464992e-02,2.804971e-01,2.524502e-02
8.508749e-02,8.932066e-03,2.020515e-02,5.233572e-02,5.211214e-02,1.191735e-02,8.948448e-04,2.593426e-02,3.308326e-01,9.371260e-02,4.720265e-02,1.117951e-02,2.929987e-02,2.102428e-01,2.011090e-02
9.271663e-02,1.204677e-02,1.966987e-02,5.449262e-02,4.597262e-02,1.076224e-02,8.781244e-04,3.047484e-02,3.720058e-01,8.352526e-02,5.567945e-02,1.173289e-02,2.784409e-02,1.582352e-01,2.396365e-02
9.596067e-02,3.130769e-02,1.506225e-02,4.446359e-02,3.969334e-02,1.094841e-02,1.059962e-03,2.894560e-02,4.297168e-01,6.842613e-02,4.655092e-02,1.070120e-02,2.279284e-02,1.327086e-01,2.166207e-02
9.193160e-02,3.669562e-02,2.348489e-02,7.624570e-02,4.353406e-02,9.629100e-03,1.867209e-03,6.255879e-02,4.093665e-01,5.544259e-02,4.104297e-02,1.218030e-02,2.204132e-02,9.564240e-02,1.833703e-02
1.301700e-01,3.373040e-02,1.907602e-02,8.430548e-02,8.323239e-02,2.093595e-02,2.219589e-03,5.759048e-02,3.607211e-01,4.058082e-02,3.338076e-02,1.012605e-02,1.966483e-02,7.082129e-02,3.344487e-02
1.516538e-01,3.146901e-02,1.714513e-02,1.396956e-01,1.204255e-01,2.171246e-02,2.354668e-03,7.020611e-02,2.837196e-01,3.028544e-02,2.589411e-02,9.534973e-03,1.531768e-02,5.153926e-02,2.904665e-02
2.326642e-01,2.626968e-02,1.865388e-02,1.432399e-01,1.037643e-01,2.346258e-02,2.666245e-03,7.740958e-02,2.342121e-01,2.298974e-02,2.210549e-02,1.197200e-02,1.387930e-02,3.763311e-02,2.907797e-02
2.482270e-01,2.255716e-02,2.268367e-02,1.322825e-01,9.536344e-02,2.028877e-02,3.247567e-03,1.592200e-01,1.896588e-01,1.670639e-02,1.810892e-02,1.034294e-02,1.117474e-02,2.805670e-02,2.208153e-02
2.662073e-01,2.332211e-02,2.405280e-02,1.252101e-01,8.345149e-02,2.104184e-02,3.027342e-03,2.073327e-01,1.537150e-01,1.238954e-02,1.764537e-02,1.029526e-02,9.983801e-03,2.150973e-02,2.081571e-02
2.320740e-01,1.888014e-02,2.885646e-02,1.324656e-01,9.970990e-02,2.396100e-02,3.524161e-03,2.745133e-01,1.168033e-01,9.127049e-03,1.380415e-02,7.683819e-03,7.724900e-03,1.545621e-02,1.541613e-02
2.125960e-01,1.437157e-02,2.276758e-02,1.066502e-01,8.962935e-02,1.993760e-02,3.309334e-03,3.904755e-01,8.796859e-02,6.593981e-03,1.105320e-02,5.914643e-03,6.462998e-03,1.110760e-02,1.116194e-02
1.648238e-01,1.032330e-02,1.645318e-02,7.667688e-02,8.362890e-02,1.503015e-02,2.743071e-03,5.304217e-01,6.234226e-02,4.649443e-03,8.186794e-03,4.287207e-03,4.737447e-03,7.809599e-03,7.886285e-03
1.277815e-01,7.366457e-03,1.209753e-02,5.499512e-02,6.289807e-02,1.143552e-02,2.237674e-03,6.498988e-01,4.397112e-02,3.320157e-03,6.135886e-03,3.173758e-03,3.562569e-03,5.529494e-03,5.596394e-03
9.975570e-02,5.267557e-03,9.179404e-03,3.969831e-02,4.679490e-02,9.515342e-03,1.960812e-03,7.367786e-01,3.105090e-02,2.380241e-03,4.524712e-03,2.433336e-03,2.705524e-03,3.935507e-03,4.019153e-03
8.175134e-02,3.768607e-03,6.780846e-03,2.823705e-02,3.522614e-02,7.487459e-03,1.810745e-03,7.985184e-01,2.193626e-02,1.681490e-03,3.268817e-03,1.863188e-03,2.028022e-03,2.785893e-03,2.855787e-03
6.891084e-02,2.697154e-03,4.986146e-03,2.014551e-02,2.683988e-02,6.144783e-03,2.114331e-03,8.421346e-01,1.542619e-02,1.186730e-03,2.376827e-03,1.418906e-03,1.616995e-03,1.970331e-03,2.030864e-03
5.807209e-02,1.944414e-03,3.637701e-03,1.437145e-02,2.130355e-02,6.468259e-03,2.885401e-03,8.718289e-01,1.086978e-02,8.422374e-04,1.884764e-03,1.146688e-03,1.893632e-03,1.394553e-03,1.456665e-03
4.692187e-02,1.437488e-03,2.859532e-03,1.031077e-02,1.639105e-02,5.901315e-03,5.204721e-03,8.962009e-01,7.720108e-03,5.986366e-04,1.402390e-03,9.328192e-04,2.068162e-03,9.879823e-04,1.062309e-03
3.976800e-02,1.095670e-03,2.366320e-03,7.454004e-03,1.304933e-02,5.492629e-03,6.274268e-03,9.129221e-01,5.522459e-03,4.387560e-04,1.088974e-03,8.897319e-04,2.110935e-03,7.136590e-04,8.131753e-04
3.214555e-02,8.032285e-04,1.815663e-03,5.350199e-03,9.738325e-03,4.084380e-03,5.082099e-03,9.325432e-01,3.915188e-03,3.161229e-04,7.881456e-04,7.387529e-04,1.569795e-03,5.106889e-04,5.987248e-04
2.826015e-02,6.214234e-04,1.537118e-03,3.910038e-03,7.647354e-03,3.058959e-03,4.888897e-03,9.438434e-01,2.824394e-03,2.370852e-04,5.739407e-04,5.927153e-04,1.191118e-03,3.651077e-04,4.482756e-04
3.538332e-02,4.939653e-04,1.455983e-03,3.094212e-03,6.477606e-03,2.938706e-03,5.256558e-03,9.394633e-01,2.065954e-03,1.940671e-04,4.603513e-04,8.111529e-04,1.213044e-03,2.786992e-04,4.131304e-04
4.386126e-02,3.802585e-04,1.393421e-03,2.465253e-03,5.963773e-03,2.737923e-03,6.845003e-03,9.313300e-01,1.506628e-03,1.531162e-04,3.772253e-04,1.076003e-03,1.330203e-03,2.090923e-04,3.708718e-04
4.935903e-02,2.984351e-04,1.212688e-03,1.920037e-03,5.730374e-03,2.710340e-03,7.391670e-03,9.267150e-01,1.106862e-03,1.238991e-04,3.161344e-04,1.215347e-03,1.390949e-03,1.615916e-04,3.476955e-04
5.098552e-02,2.368615e-04,9.642582e-04,1.458469e-03,4.889246e-03,2.387125e-03,6.326959e-03,9.287425e-01,8.251991e-04,9.141622e-05,2.644409e-04,1.134272e-03,1.271383e-03,1.281057e-04,2.942639e-04
4.952358e-02,1.872011e-04,7.874465e-04,1.171354e-03,4.084824e-03,2.433703e-03,5.506020e-03,9.324843e-01,6.073934e-04,7.030240e-05,2.242536e-04,1.196796e-03,1.358166e-03,9.942631e-05,2.653476e-04
7.524507e-02,1.967892e-04,8.915071e-04,1.083737e-03,4.403623e-03,3.289510e-03,5.810356e-03,9.043721e-01,5.200366e-04,6.900173e-05,2.282654e-04,1.685438e-03,1.776243e-03,9.419884e-05,3.342108e-04
7.001087e-02,1.956247e-04,8.148385e-04,1.006370e-03,3.970405e-03,5.297448e-03,6.774278e-03,9.063447e-01,4.152363e-04,6.904892e-05,2.321810e-04,1.800391e-03,2.523960e-03,9.460152e-05,4.501413e-04
7.176573e-02,1.947604e-04,7.369711e-04,9.773028e-04,3.788618e-03,7.858315e-03,5.939324e-03,9.029016e-01,3.527587e-04,5.516765e-05,2.093502e-04,1.722954e-03,2.970069e-03,8.623242e-05,4.408400e-04
6.961902e-02,1.875658e-04,6.859502e-04,1.087395e-03,4.597781e-03,9.130159e-03,5.190742e-03,9.019029e-01,3.155312e-04,4.525385e-05,1.940099e-04,2.207998e-03,4.239454e-03,8.817962e-05,5.081010e-04
7.635570e-02,4.749100e-04,1.160888e-03,2.127355e-03,7.500462e-03,2.344427e-02,4.618324e-03,8.654513e-01,6.030154e-04,1.212254e-04,6.337379e-04,5.557710e-03,9.850991e-03,2.647880e-04,1.835401e-03
5.728367e-02,1.642548e-03,1.562486e-03,8.033614e-03,6.692905e-03,1.075429e-01,3.735022e-03,6.125290e-01,4.721833e-03,2.500068e-03,2.378318e-03,1.231968e-02,1.690801e-01,2.922887e-04,9.685615e-03
4.138445e-02,1.548071e-03,1.323872e-03,1.552054e-02,5.178359e-03,8.809725e-02,2.775752e-03,4.305576e-01,2.991227e-02,3.482857e-03,5.477067e-03,1.339149e-02,3.265254e-01,7.059934e-04,3.411906e-02
3.073084e-02,1.599081e-03,1.275754e-03,1.383175e-02,4.044412e-03,7.448383e-02,2.266953e-03,3.033605e-01,2.898728e-02,3.196237e-03,6.082256e-03,1.116072e-02,4.836639e-01,7.367014e-04,3.457988e-02
2.405840e-02,1.230298e-03,1.421791e-03,1.173061e-02,4.933920e-03,5.709728e-02,1.888749e-03,2.160521e-01,2.283226e-02,2.546370e-03,6.817711e-03,9.973427e-03,6.119602e-01,7.754206e-04,2.668148e-02
1.941471e-02,9.458085e-04,1.073881e-03,8.606921e-03,4.205038e-03,4.317879e-02,1.431340e-03,1.518333e-01,1.656308e-02,1.837961e-03,6.022796e-03,1.140988e-02,7.125618e-01,6.409254e-04,2.027375e-02
1.623424e-02,8.018686e-04,1.653964e-03,6.313243e-03,4.283158e-03,3.629519e-02,1.976319e-03,1.065697e-01,1.189874e-02,1.418521e-03,4.965771e-03,9.965133e-03,7.816751e-01,7.706571e-04,1.517843e-02
1.471379e-02,1.295405e-03,2.669391e-03,4.542008e-03,9.113937e-03,2.714689e-02,1.843907e-03,7.584231e-02,8.932390e-03,1.437501e-03,5.102908e-03,1.395955e-02,8.145378e-01,1.314348e-03,1.754790e-02
1.745615e-02,1.611730e-03,3.784239e-03,3.410279e-03,1.213852e-02,2.020221e-02,2.004855e-03,5.594154e-02,7.285145e-03,1.546211e-03,5.012328e-03,1.860419e-02,8.191622e-01,1.512335e-03,3.032804e-02
3.805324e-02,1.157476e-02,1.771193e-02,1.088537e-02,3.506941e-02,1.754907e-02,3.861411e-03,9.996291e-02,1.768700e-02,1.492024e-03,4.855029e-03,1.480614e-02,7.023962e-01,1.330332e-03,2.276522e-02
4.433548e-02,1.242572e-02,1.765173e-02,1.117726e-02,4.676992e-02,1.541235e-02,3.324933e-03,8.039270e-02,1.878630e-02,1.289313e-03,6.195740e-03,1.417856e-02,7.051575e-01,1.133169e-03,2.176937e-02
6.743246e-02,1.068714e-02,3.806551e-02,1.232589e-02,6.333333e-02,1.626907e-02,7.074362e-03,1.026101e-01,1.482436e-02,1.184711e-03,5.588883e-03,1.377011e-02,6.270719e-01,9.810458e-04,1.878121e-02
9.163567e-02,8.637037e-03,6.056706e-02,1.181417e-02,7.666875e-02,1.866583e-02,9.285074e-03,1.092956e-01,1.325756e-02,1.069222e-03,5.496214e-03,1.485241e-02,5.616402e-01,9.977925e-04,1.611743e-02
1.411737e-01,7.593512e-03,6.692497e-02,1.067158e-02,9.033926e-02,2.093365e-02,1.214796e-02,9.908058e-02,1.250885e-02,1.122953e-03,5.580062e-03,1.428511e-02,5.043474e-01,9.411377e-04,1.234927e-02
2.663298e-01,6.763380e-03,7.755132e-02,1.683915e-02,8.314894e-02,2.132444e-02,1.016538e-02,8.292952e-02,1.119609e-02,1.177621e-03,4.635025e-03,1.289747e-02,3.948069e-01,1.072163e-03,9.162742e-03
3.623646e-01,6.835735e-03,6.201045e-02,1.360768e-02,6.878302e-02,2.222845e-02,1.002738e-02,6.590306e-02,1.075077e-02,1.212017e-03,4.165755e-03,1.503755e-02,3.472944e-01,1.376595e-03,8.402563e-03
3.219990e-01,2.602026e-02,8.453487e-02,4.384485e-02,7.417133e-02,2.364108e-02,1.174022e-02,5.131035e-02,1.409188e-02,2.854029e-03,1.155805e-02,4.116626e-02,2.828334e-01,2.060566e-03,8.173852e-03
2.714302e-01,2.042368e-02,6.500742e-02,3.878577e-02,5.323806e-02,2.164108e-02,8.654143e-03,3.723831e-02,1.466945e-02,2.650474e-03,2.217402e-02,1.098688e-01,3.250316e-01,2.247637e-03,6.939244e-03
3.486911e-01,1.633891e-02,4.758909e-02,3.076874e-02,3.931182e-02,2.305254e-02,6.810025e-03,2.837728e-02,1.927402e-02,2.720837e-03,2.740557e-02,1.095252e-01,2.898923e-01,3.383144e-03,6.859427e-03
4.288898e-01,1.288173e-02,3.728727e-02,2.330528e-02,2.933941e-02,2.907039e-02,7.681850e-03,2.403446e-02,1.726492e-02,2.475047e-03,2.054914e-02,1.258186e-01,2.321494e-01,3.377193e-03,5.875538e-03
4.856451e-01,1.023197e-02,2.868459e-02,1.736937e-02,2.178424e-02,3.155471e-02,6.854112e-03,1.954957e-02,1.815090e-02,2.709195e-03,1.643197e-02,1.281791e-01,2.040638e-01,3.962734e-03,4.828624e-03
4.142336e-01,9.138037e-03,2.066394e-02,1.355484e-02,2.244253e-02,2.731221e-02,6.869970e-03,1.471046e-02,2.959656e-02,3.825234e-03,1.650678e-02,1.725256e-01,2.399474e-01,3.701109e-03,4.971665e-03
4.192153e-01,1.945177e-02,1.992963e-02,2.628034e-02,2.151558e-02,4.933713e-02,6.355300e-03,1.209159e-02,3.528450e-02,4.748512e-03,1.333747e-02,1.645395e-01,1.990603e-01,3.635250e-03,5.217946e-03
3.844373e-01,1.845794e-02,1.462167e-02,2.570382e-02,2.129475e-02,4.776406e-02,5.323576e-03,9.178344e-03,4.684875e-02,6.989170e-03,1.674842e-02,1.661005e-01,2.278604e-01,3.875847e-03,4.795456e-03
4.154626e-01,1.629608e-02,1.222231e-02,2.630641e-02,2.030211e-02,4.670637e-02,5.150623e-03,1.047036e-02,4.913347e-02,8.017798e-03,1.654449e-02,1.522168e-01,2.127575e-01,3.902736e-03,4.510266e-03
3.289701e-01,1.334220e-02,9.840731e-03,2.386653e-02,2.339786e-02,3.833895e-02,5.365646e-03,8.857762e-03,6.478374e-02,9.369373e-03,2.507184e-02,1.564269e-01,2.851636e-01,3.373253e-03,3.831503e-03
2.762688e-01,1.102143e-02,7.762648e-03,1.799862e-02,2.358511e-02,3.099599e-02,6.901694e-03,6.934890e-03,5.942915e-02,1.262241e-02,2.557884e-02,1.519011e-01,3.604172e-01,2.982640e-03,5.599414e-03
2.942972e-01,9.942129e-03,6.234664e-03,1.346081e-02,1.723037e-02,3.165833e-02,5.337342e-03,5.133020e-03,4.527489e-02,1.448956e-02,2.299190e-02,1.608358e-01,3.652768e-01,3.113287e-03,4.723797e-03
3.554522e-01,8.091055e-03,4.731553e-03,1.049164e-02,1.280878e-02,3.992593e-02,3.975620e-03,3.667607e-03,3.583935e-02,1.310554e-02,2.164804e-02,1.829297e-01,3.007579e-01,2.682880e-03,3.892223e-03
3.377271e-01,6.355154e-03,3.536201e-03,8.943280e-03,2.473355e-02,3.502933e-02,6.298155e-03,3.125161e-03,3.678725e-02,2.805275e-02,2.486177e-02,1.854315e-01,2.939247e-01,2.040571e-03,3.153613e-03
3.098645e-01,4.874932e-03,2.634926e-03,7.172842e-03,2.292744e-02,3.288264e-02,6.355313e-03,2.708323e-03,3.869619e-02,5.450469e-02,2.877283e-02,2.064815e-01,2.780104e-01,1.577868e-03,2.535644e-03
3.241546e-01,3.909006e-03,2.191881e-03,6.283211e-03,3.757516e-02,3.101264e-02,6.587218e-03,3.010468e-03,4.833585e-02,5.697132e-02,3.099182e-02,2.080168e-01,2.377232e-01,1.225040e-03,2.011788e-03
2.553351e-01,2.949212e-03,1.720436e-03,4.853259e-03,3.268445e-02,2.415125e-02,5.216668e-03,3.113299e-03,5.858531e-02,6.499484e-02,2.882164e-02,2.318788e-01,2.830734e-01,1.079601e-03,1.542788e-03
1.892680e-01,2.191378e-03,1.447965e-03,3.856451e-03,6.281640e-02,1.787751e-02,6.575618e-03,1.323717e-02,7.765323e-02,5.982135e-02,2.728685e-02,2.064134e-01,3.291582e-01,9.152840e-04,1.481155e-03
1.439680e-01,2.005502e-03,2.941932e-03,2.913446e-03,5.408031e-02,1.325842e-02,5.059498e-03,2.555487e-02,6.821608e-02,6.570002e-02,2.446217e-02,2.769651e-01,3.127607e-01,8.407322e-04,1.273225e-03
1.119818e-01,1.882318e-03,2.588656e-03,2.409764e-03,5.636039e-02,9.810086e-03,5.161525e-03,2.958019e-02,8.775014e-02,6.969772e-02,2.294729e-02,3.216686e-01,2.763522e-01,7.982365e-04,1.011085e-03
8.956948e-02,1.442535e-03,1.999838e-03,1.994465e-03,4.757464e-02,7.445050e-03,4.921743e-03,6.492259e-02,9.726746e-02,6.766357e-02,2.156688e-02,3.169656e-01,2.752333e-01,6.502586e-04,7.826125e-04
7.352205e-02,1.198948e-03,2.189422e-03,2.214280e-03,4.547456e-02,5.682042e-03,3.995053e-03,1.713436e-01,8.899269e-02,5.209935e-02,1.968579e-02,2.809810e-01,2.514990e-01,5.170132e-04,6.052567e-04
6.518123e-02,1.209825e-03,2.232327e-03,2.054822e-03,4.448221e-02,4.251931e-03,3.257390e-03,1.829845e-01,1.307663e-01,4.967214e-02,1.682205e-02,2.657850e-01,2.303129e-01,4.758271e-04,5.114818e-04
5.006910e-02,1.028641e-03,2.044479e-03,2.143024e-03,7.642918e-02,3.239417e-03,3.067859e-03,1.597581e-01,2.852944e-01,3.542965e-02,1.341896e-02,1.968832e-01,1.704687e-01,3.392599e-04,3.860908e-04
5.657325e-02,1.566118e-03,3.243977e-03,6.561291e-03,1.132920e-01,3.115805e-03,3.782404e-03,1.720466e-01,3.381528e-01,2.504797e-02,1.031081e-02,1.433904e-01,1.223651e-01,2.457595e-04,3.057144e-04
5.990861e-02,1.682590e-03,6.636368e-03,3.904186e-02,1.452482e-01,3.076598e-03,3.612003e-03,1.810072e-01,3.454129e-01,1.761694e-02,7.622044e-03,1.022228e-01,8.645260e-02,1.747003e-04,2.845860e-04
5.040444e-02,1.536406e-03,6.952514e-03,9.261541e-02,1.776021e-01,3.218755e-03,2.834508e-03,2.140326e-01,2.996077e-01,1.236911e-02,5.660206e-03,7.199594e-02,6.076832e-02,1.281295e-04,2.739186e-04
4.675266e-02,1.692356e-03,8.801487e-03,1.525239e-01,1.916430e-01,3.390222e-03,2.456897e-03,2.133288e-01,2.717845e-01,8.790568e-03,4.297481e-03,5.098578e-02,4.293154e-02,1.092338e-04,5.116003e-04
4.995024e-02,2.436806e-03,8.807120e-03,1.573337e-01,2.453699e-01,4.801076e-03,3.018653e-03,1.885744e-01,2.583992e-01,6.365661e-03,4.010663e-03,3.774175e-02,3.197030e-02,1.448591e-04,1.075648e-03
4.472356e-02,2.125665e-03,7.728268e-03,1.865934e-01,2.266534e-01,9.073693e-03,2.566449e-03,1.687690e-01,2.221958e-01,4.689156e-03,2.002941e-02,5.799530e-02,4.532176e-02,1.818572e-04,1.353374e-03
3.557259e-02,3.037163e-03,6.431079e-03,1.755272e-01,1.660521e-01,8.936676e-03,2.029483e-03,1.573735e-01,1.940644e-01,3.952726e-03,3.612898e-02,1.210654e-01,8.670670e-02,2.429987e-04,2.879008e-03
3.919587e-02,2.458098e-03,6.193230e-03,1.713120e-01,1.340288e-01,8.488180e-03,2.049058e-03,1.595461e-01,1.550434e-01,3.763075e-03,6.509385e-02,1.289242e-01,1.205556e-01,4.248568e-04,2.923802e-03
6.610656e-02,2.614807e-03,5.694189e-03,1.710512e-01,1.142137e-01,8.830509e-03,1.960440e-03,1.585971e-01,1.224286e-01,3.871241e-03,9.459700e-02,1.170341e-01,1.284870e-01,8.528518e-04,3.660839e-03
8.980078e-02,3.599803e-03,6.295796e-03,1.401584e-01,1.506936e-01,9.538477e-03,2.201554e-03,1.468873e-01,1.018785e-01,3.906528e-03,1.110996e-01,1.029150e-01,1.262958e-01,1.170222e-03,3.558711e-03
9.893126e-02,3.375348e-03,5.166047e-03,1.118057e-01,1.227598e-01,1.013237e-02,2.089543e-03,1.100089e-01,1.038463e-01,6.220371e-03,1.574754e-01,9.471774e-02,1.673154e-01,2.188939e-03,3.966843e-03
1.320522e-01,5.263030e-03,4.354967e-03,8.792107e-02,9.390301e-02,1.356759e-02,2.005375e-03,8.237497e-02,1.341321e-01,7.089279e-03,1.415635e-01,8.673646e-02,2.001540e-01,3.166448e-03,5.716089e-03
2.712104e-01,6.632247e-03,3.969613e-03,6.858736e-02,7.381038e-02,1.390873e-02,2.044149e-03,6.264114e-02,1.254082e-01,7.399095e-03,1.151341e-01,7.922056e-02,1.583027e-01,3.701570e-03,8.029673e-03
3.992597e-01,8.704861e-03,3.765680e-03,5.435510e-02,5.640391e-02,1.496622e-02,2.108332e-03,4.740728e-02,1.097398e-01,7.335200e-03,8.962493e-02,6.995288e-02,1.210614e-01,4.006966e-03,1.130788e-02
4.847525e-01,1.023852e-02,3.557793e-03,4.282642e-02,4.577497e-02,1.541917e-02,2.879958e-03,3.851178e-02,1.099745e-01,6.940981e-03,6.889445e-02,6.110224e-02,9.228960e-02,4.368371e-03,1.246875e-02
1.000000e+00,0.000000e+00,0.000000e+00,0.000000e+00,0.000000e+00,0.000000e+00,0.000000e+00,0.000000e+00,0.000000e+00,0.000000e+00,0.000000e+00,0.000000e+00,0.000000e+00,0.000000e+00,0.000000e+00
