1.000000e+00,0.000000e+00,0.000000e+00,0.000000e+00,0.000000e+00,0.000000e+00,0.000000e+00,0.000000e+00,0.000000e+00,0.000000e+00,0.000000e+00,0.000000e+00,0.000000e+00,0.000000e+00,0.000000e+00
1.000000e+00,0.000000e+00,0.000000e+00,0.000000e+00,0.000000e+00,0.000000e+00,0.000000e+00,0.000000e+00,0.000000e+00,0.000000e+00,0.000000e+00,0.000000e+00,0.000000e+00,0.000000e+00,0.000000e+00
1.000000e+00,0.000000e+00,0.000000e+00,0.000000e+00,0.000000e+00,0.000000e+00,0.000000e+00,0.000000e+00,0.000000e+00,0.000000e+00,0.000000e+00,0.000000e+00,0.000000e+00,0.000000e+00,0.000000e+00
1.000000e+00,0.000000e+00,0.000000e+00,0.000000e+00,0.000000e+00,0.000000e+00,0.000000e+00,0.000000e+00,0.000000e+00,0.000000e+00,0.000000e+00,0.000000e+00,0.000000e+00,0.000000e+00,0.000000e+00
1.000000e+00,0.000000e+00,0.000000e+00,0.000000e+00,0.000000e+00,0.000000e+00,0.000000e+00,0.000000e+00,0.000000e+00,0.000000e+00,0.000000e+00,0.000000e+00,0.000000e+00,0.000000e+00,0.000000e+00
1.000000e+00,0.000000e+00,0.000000e+00,0.000000e+00,0.000000e+00,0.000000e+00,0.000000e+00,0.000000e+00,0.000000e+00,0.000000e+00,0.000000e+00,0.000000e+00,0.000000e+00,0.000000e+00,0.000000e+00
1.000000e+00,0.000000e+00,0.000000e+00,0.000000e+00,0.000000e+00,0.000000e+00,0.000000e+00,0.000000e+00,0.000000e+00,0.000000e+00,0.000000e+00,0.000000e+00,0.000000e+00,0.000000e+00,0.000000e+00
1.000000e+00,0.000000e+00,0.000000e+00,0.000000e+00,0.000000e+00,0.000000e+00,0.000000e+00,0.000000e+00,0.000000e+00,0.000000e+00,0.000000e+00,0.000000e+00,0.000000e+00,0.000000e+00,0.000000e+00
1.000000e+00,0.000000e+00,0.000000e+00,0.000000e+00,0.000000e+00,0.000000e+00,0.000000e+00,0.000000e+00,0.000000e+00,0.000000e+00,0.000000e+00,0.000000e+00,0.000000e+00,0.000000e+00,0.000000e+00
1.000000e+00,0.000000e+00,0.000000e+00,0.000000e+00,0.000000e+00,0.000000e+00,0.000000e+00,0.000000e+00,0.000000e+00,0.000000e+00,0.000000e+00,0.000000e+00,0.000000e+00,0.000000e+00,0.000000e+00
1.000000e+00,0.000000e+00,0.000000e+00,0.000000e+00,0.000000e+00,0.000000e+00,0.000000e+00,0.000000e+00,0.000000e+00,0.000000e+00,0.000000e+00,0.000000e+00,0.000000e+00,0.000000e+00,0.000000e+00
1.000000e+00,0.000000e+00,0.000000e+00,0.000000e+00,0.000000e+00,0.000000e+00,0.000000e+00,0.000000e+00,0.000000e+00,0.000000e+00,0.000000e+00,0.000000e+00,0.000000e+00,0.000000e+00,0.000000e+00
1.000000e+00,0.000000e+00,0.000000e+00,0.000000e+00,0.000000e+00,0.000000e+00,0.000000e+00,0.000000e+00,0.000000e+00,0.000000e+00,0.000000e+00,0.000000e+00,0.000000e+00,0.000000e+00,0.000000e+00
1.000000e+00,0.000000e+00,0.000000e+00,0.000000e+00,0.000000e+00,0.000000e+00,0.000000e+00,0.000000e+00,0.000000e+00,0.000000e+00,0.000000e+00,0.000000e+00,0.000000e+00,0.000000e+00,0.000000e+00
1.000000e+00,0.000000e+00,0.000000e+00,0.000000e+00,0.000000e+00,0.000000e+00,0.000000e+00,0.000000e+00,0.000000e+00,0.000000e+00,0.000000e+00,0.000000e+00,0.000000e+00,0.000000e+00,0.000000e+00
1.000000e+00,0.000000e+00,0.000000e+00,0.000000e+00,0.000000e+00,0.000000e+00,0.000000e+00,0.000000e+00,0.000000e+00,0.000000e+00,0.000000e+00,0.000000e+00,0.000000e+00,0.000000e+00,0.000000e+00
1.000000e+00,0.000000e+00,0.000000e+00,0.000000e+00,0.000000e+00,0.000000e+00,0.000000e+00,0.000000e+00,0.000000e+00,0.000000e+00,0.000000e+00,0.000000e+00,0.000000e+00,0.000000e+00,0.000000e+00
1.000000e+00,0.000000e+00,0.000000e+00,0.000000e+00,0.000000e+00,0.000000e+00,0.000000e+00,0.000000e+00,0.000000e+00,0.000000e+00,0.000000e+00,0.000000e+00,0.000000e+00,0.000000e+00,0.000000e+00
1.000000e+00,0.000000e+00,0.000000e+00,0.000000e+00,0.000000e+00,0.000000e+00,0.000000e+00,0.000000e+00,0.000000e+00,0.000000e+00,0.000000e+00,0.000000e+00,0.000000e+00,0.000000e+00,0.000000e+00
1.000000e+00,0.000000e+00,0.000000e+00,0.000000e+00,0.000000e+00,0.000000e+00,0.000000e+00,0.000000e+00,0.000000e+00,0.000000e+00,0.000000e+00,0.000000e+00,0.000000e+00,0.000000e+00,0.000000e+00
1.000000e+00,0.000000e+00,0.000000e+00,0.000000e+00,0.000000e+00,0.000000e+00,0.000000e+00,0.000000e+00,0.000000e+00,0.000000e+00,0.000000e+00,0.000000e+00,0.000000e+00,0.000000e+00,0.000000e+00
1.000000e+00,0.000000e+00,0.000000e+00,0.000000e+00,0.000000e+00,0.000000e+00,0.000000e+00,0.000000e+00,0.000000e+00,0.000000e+00,0.000000e+00,0.000000e+00,0.000000e+00,0.000000e+00,0.000000e+00
1.000000e+00,0.000000e+00,0.000000e+00,0.000000e+00,0.000000e+00,0.000000e+00,0.000000e+00,0.000000e+00,0.000000e+00,0.000000e+00,0.000000e+00,0.000000e+00,0.000000e+00,0.000000e+00,0.000000e+00
1.000000e+00,0.000000e+00,0.000000e+00,0.000000e+00,0.000000e+00,0.000000e+00,0.000000e+00,0.000000e+00,0.000000e+00,0.000000e+00,0.000000e+00,0.000000e+00,0.000000e+00,0.000000e+00,0.000000e+00
1.000000e+00,0.000000e+00,0.000000e+00,0.000000e+00,0.000000e+00,0.000000e+00,0.000000e+00,0.000000e+00,0.000000e+00,0.000000e+00,0.000000e+00,0.000000e+00,0.000000e+00,0.000000e+00,0.000000e+00
1.000000e+00,0.000000e+00,0.000000e+00,0.000000e+00,0.000000e+00,0.000000e+00,0.000000e+00,0.000000e+00,0.000000e+00,0.000000e+00,0.000000e+00,0.000000e+00,0.000000e+00,0.000000e+00,0.000000e+00
1.000000e+00,0.000000e+00,0.000000e+00,0.000000e+00,0.000000e+00,0.000000e+00,0.000000e+00,0.000000e+00,0.000000e+00,0.000000e+00,0.000000e+00,0.000000e+00,0.000000e+00,0.000000e+00,0.000000e+00
1.000000e+00,0.000000e+00,0.000000e+00,0.000000e+00,0.000000e+00,0.000000e+00,0.000000e+00,0.000000e+00,0.000000e+00,0.000000e+00,0.000000e+00,0.000000e+00,0.000000e+00,0.000000e+00,0.000000e+00
1.000000e+00,0.000000e+00,0.000000e+00,0.000000e+00,0.000000e+00,0.000000e+00,0.000000e+00,0.000000e+00,0.000000e+00,0.000000e+00,0.000000e+00,0.000000e+00,0.000000e+00,0.000000e+00,0.000000e+00
1.000000e+00,0.000000e+00,0.000000e+00,0.000000e+00,0.000000e+00,0.000000e+00,0.000000e+00,0.000000e+00,0.000000e+00,0.000000e+00,0.000000e+00,0.000000e+00,0.000000e+00,0.000000e+00,0.000000e+00
1.000000e+00,0.000000e+00,0.000000e+00,0.000000e+00,0.000000e+00,0.000000e+00,0.000000e+00,0.000000e+00,0.000000e+00,0.000000e+00,0.000000e+00,0.000000e+00,0.000000e+00,0.000000e+00,0.000000e+00
1.000000e+00,0.000000e+00,0.000000e+00,0.000000e+00,0.000000e+00,0.000000e+00,0.000000e+00,0.000000e+00,0.000000e+00,0.000000e+00,0.000000e+00,0.000000e+00,0.000000e+00,0.000000e+00,0.000000e+00
1.000000e+00,0.000000e+00,0.000000e+00,0.000000e+00,0.000000e+00,0.000000e+00,0.000000e+00,0.000000e+00,0.000000e+00,0.000000e+00,0.000000e+00,0.000000e+00,0.000000e+00,0.000000e+00,0.000000e+00
1.000000e+00,0.000000e+00,0.000000e+00,0.000000e+00,0.000000e+00,0.000000e+00,0.000000e+00,0.000000e+00,0.000000e+00,0.000000e+00,0.000000e+00,0.000000e+00,0.000000e+00,0.000000e+00,0.000000e+00
1.000000e+00,0.000000e+00,0.000000e+00,0.000000e+00,0.000000e+00,0.000000e+00,0.000000e+00,0.000000e+00,0.000000e+00,0.000000e+00,0.000000e+00,0.000000e+00,0.000000e+00,0.000000e+00,0.000000e+00
1.000000e+00,0.000000e+00,0.000000e+00,0.000000e+00,0.000000e+00,0.000000e+00,0.000000e+00,0.000000e+00,0.000000e+00,0.000000e+00,0.000000e+00,0.000000e+00,0.000000e+00,0.000000e+00,0.000000e+00
1.000000e+00,0.000000e+00,0.000000e+00,0.000000e+00,0.000000e+00,0.000000e+00,0.000000e+00,0.000000e+00,0.000000e+00,0.000000e+00,0.000000e+00,0.000000e+00,0.000000e+00,0.000000e+00,0.000000e+00
1.000000e+00,0.000000e+00,0.000000e+00,0.000000e+00,0.000000e+00,0.000000e+00,0.000000e+00,0.000000e+00,0.000000e+00,0.000000e+00,0.000000e+00,0.000000e+00,0.000000e+00,0.000000e+00,0.000000e+00
1.000000e+00,0.000000e+00,0.000000e+00,0.000000e+00,0.000000e+00,0.000000e+00,0.000000e+00,0.000000e+00,0.000000e+00,0.000000e+00,0.000000e+00,0.000000e+00,0.000000e+00,0.000000e+00,0.000000e+00
1.000000e+00,0.000000e+00,0.000000e+00,0.000000e+00,0.000000e+00,0.000000e+00,0.000000e+00,0.000000e+00,0.000000e+00,0.000000e+00,0.000000e+00,0.000000e+00,0.000000e+00,0.000000e+00,0.000000e+00
1.000000e+00,0.000000e+00,0.000000e+00,0.000000e+00,0.000000e+00,0.000000e+00,0.000000e+00,0.000000e+00,0.000000e+00,0.000000e+00,0.000000e+00,0.000000e+00,0.000000e+00,0.000000e+00,0.000000e+00
1.000000e+00,0.000000e+00,0.000000e+00,0.000000e+00,0.000000e+00,0.000000e+00,0.000000e+00,0.000000e+00,0.000000e+00,0.000000e+00,0.000000e+00,0.000000e+00,0.000000e+00,0.000000e+00,0.000000e+00
1.000000e+00,0.000000e+00,0.000000e+00,0.000000e+00,0.000000e+00,0.000000e+00,0.000000e+00,0.000000e+00,0.000000e+00,0.000000e+00,0.000000e+00,0.000000e+00,0.000000e+00,0.000000e+00,0.000000e+00
1.000000e+00,0.000000e+00,0.000000e+00,0.000000e+00,0.000000e+00,0.000000e+00,0.000000e+00,0.000000e+00,0.000000e+00,0.000000e+00,0.000000e+00,0.000000e+00,0.000000e+00,0.000000e+00,0.000000e+00
1.000000e+00,0.000000e+00,0.000000e+00,0.000000e+00,0.000000e+00,0.000000e+00,0.000000e+00,0.000000e+00,0.000000e+00,0.000000e+00,0.000000e+00,0.000000e+00,0.000000e+00,0.000000e+00,0.000000e+00
1.000000e+00,0.000000e+00,0.000000e+00,0.000000e+00,0.000000e+00,0.000000e+00,0.000000e+00,0.000000e+00,0.000000e+00,0.000000e+00,0.000000e+00,0.000000e+00,0.000000e+00,0.000000e+00,0.000000e+00
1.000000e+00,0.000000e+00,0.000000e+00,0.000000e+00,0.000000e+00,0.000000e+00,0.000000e+00,0.000000e+00,0.000000e+00,0.000000e+00,0.000000e+00,0.000000e+00,0.000000e+00,0.000000e+00,0.000000e+00
1.000000e+00,0.000000e+00,0.000000e+00,0.000000e+00,0.000000e+00,0.000000e+00,0.000000e+00,0.000000e+00,0.000000e+00,0.000000e+00,0.000000e+00,0.000000e+00,0.000000e+00,0.000000e+00,0.000000e+00
1.000000e+00,0.000000e+00,0.000000e+00,0.000000e+00,0.000000e+00,0.000000e+00,0.000000e+00,0.000000e+00,0.000000e+00,0.000000e+00,0.000000e+00,0.000000e+00,0.000000e+00,0.000000e+00,0.000000e+00
1.000000e+00,0.000000e+00,0.000000e+00,0.000000e+00,0.000000e+00,0.000000e+00,0.000000e+00,0.000000e+00,0.000000e+00,0.000000e+00,0.000000e+00,0.000000e+00,0.000000e+00,0.000000e+00,0.000000e+00
1.000000e+00,0.000000e+00,0.000000e+00,0.000000e+00,0.000000e+00,0.000000e+00,0.000000e+00,0.000000e+00,0.000000e+00,0.000000e+00,0.000000e+00,0.000000e+00,0.000000e+00,0.000000e+00,0.000000e+00
1.000000e+00,0.000000e+00,0.000000e+00,0.000000e+00,0.000000e+00,0.000000e+00,0.000000e+00,0.000000e+00,0.000000e+00,0.000000e+00,0.000000e+00,0.000000e+00,0.000000e+00,0.000000e+00,0.000000e+00
1.000000e+00,0.000000e+00,0.000000e+00,0.000000e+00,0.000000e+00,0.000000e+00,0.000000e+00,0.000000e+00,0.000000e+00,0.000000e+00,0.000000e+00,0.000000e+00,0.000000e+00,0.000000e+00,0.000000e+00
1.000000e+00,0.000000e+00,0.000000e+00,0.000000e+00,0.000000e+00,0.000000e+00,0.000000e+00,0.000000e+00,0.000000e+00,0.000000e+00,0.000000e+00,0.000000e+00,0.000000e+00,0.000000e+00,0.000000e+00
1.000000e+00,0.000000e+00,0.000000e+00,0.000000e+00,0.000000e+00,0.000000e+00,0.000000e+00,0.000000e+00,0.000000e+00,0.000000e+00,0.000000e+00,0.000000e+00,0.000000e+00,0.000000e+00,0.000000e+00
1.000000e+00,0.000000e+00,0.000000e+00,0.000000e+00,0.000000e+00,0.000000e+00,0.000000e+00,0.000000e+00,0.000000e+00,0.000000e+00,0.000000e+00,0.000000e+00,0.000000e+00,0.000000e+00,0.000000e+00
1.000000e+00,0.000000e+00,0.000000e+00,0.000000e+00,0.000000e+00,0.000000e+00,0.000000e+00,0.000000e+00,0.000000e+00,0.000000e+00,0.000000e+00,0.000000e+00,0.000000e+00,0.000000e+00,0.000000e+00
1.000000e+00,0.000000e+00,0.000000e+00,0.000000e+00,0.000000e+00,0.000000e+00,0.000000e+00,0.000000e+00,0.000000e+00,0.000000e+00,0.000000e+00,0.000000e+00,0.000000e+00,0.000000e+00,0.000000e+00
1.000000e+00,0.000000e+00,0.000000e+00,0.000000e+00,0.000000e+00,0.000000e+00,0.000000e+00,0.000000e+00,0.000000e+00,0.000000e+00,0.000000e+00,0.000000e+00,0.000000e+00,0.000000e+00,0.000000e+00
4.009452e-01,1.082383e-02,6.077249e-03,1.134559e-01,4.998835e-03,5.441371e-02,1.928554e-03,4.444823e-03,6.356058e-03,2.134344e-03,4.529398e-02,3.207158e-01,1.244940e-02,1.672332e-03,1.429009e-02
2.821005e-01,7.793020e-03,4.376421e-03,8.712836e-02,5.384335e-03,4.137518e-02,1.400631e-03,3.273771e-03,6.544457e-03,1.669094e-03,5.673441e-02,4.816694e-01,8.850728e-03,1.275397e-03,1.042435e-02
1.983600e-01,5.641254e-03,3.174567e-03,6.275509e-02,6.636726e-03,3.056032e-02,9.989823e-04,2.412371e-03,6.931599e-03,1.297796e-03,9.615400e-02,5.700393e-01,6.322786e-03,1.046977e-03,7.668263e-03
1.405967e-01,4.211585e-03,2.347941e-03,4.491504e-02,1.822454e-02,2.288027e-02,7.160745e-04,1.765013e-03,7.119822e-03,1.258335e-03,8.966023e-02,6.549262e-01,4.599922e-03,1.049305e-03,5.729035e-03
9.901544e-02,3.280760e-03,1.841497e-03,3.281782e-02,4.245189e-02,1.799735e-02,5.425151e-04,1.333248e-03,6.230267e-03,1.151707e-03,6.982721e-02,7.148417e-01,3.295590e-03,8.389415e-04,4.534003e-03
7.085286e-02,2.597847e-03,1.367810e-03,2.398683e-02,6.817280e-02,1.633031e-02,6.259338e-04,1.695616e-03,5.331146e-03,1.113498e-03,5.605853e-02,7.447274e-01,2.409200e-03,6.943375e-04,4.035903e-03
5.128413e-02,2.053090e-03,1.022719e-03,1.757415e-02,9.282190e-02,1.354540e-02,6.088822e-04,1.720230e-03,4.366644e-03,9.663765e-04,4.478150e-02,7.635050e-01,1.740646e-03,6.109244e-04,3.398384e-03
3.767459e-02,1.758698e-03,7.795178e-04,1.353958e-02,9.986041e-02,1.094544e-02,6.183850e-04,1.575524e-03,3.767677e-03,9.275130e-04,3.692803e-02,7.866043e-01,1.321445e-03,5.945917e-04,3.104321e-03
3.743866e-02,2.288763e-03,7.693151e-04,1.116413e-02,9.236865e-02,9.413350e-03,8.014725e-04,1.796947e-03,3.252313e-03,1.664413e-03,3.148553e-02,8.009614e-01,1.092610e-03,9.142876e-04,4.588149e-03
3.069447e-02,2.664532e-03,8.624266e-04,8.688762e-03,9.994522e-02,8.259605e-03,1.789847e-03,3.060990e-03,3.121227e-03,2.421041e-03,2.805716e-02,8.040076e-01,9.888208e-04,9.462257e-04,4.492034e-03
2.362170e-02,2.204129e-03,9.563342e-04,6.256815e-03,2.098419e-01,8.170475e-03,3.580389e-03,6.337217e-03,7.207492e-03,1.923466e-03,2.363404e-02,7.012042e-01,7.858045e-04,9.514677e-04,3.324653e-03
1.815942e-02,2.777948e-03,1.714058e-03,4.556183e-03,1.972005e-01,7.802744e-03,4.675486e-03,6.434984e-03,1.031942e-02,2.059209e-03,2.502566e-02,7.137936e-01,9.339130e-04,1.498359e-03,3.048551e-03
1.421945e-02,2.311078e-03,2.492953e-03,3.470526e-03,1.701607e-01,1.169498e-02,6.235881e-03,9.955810e-03,1.197894e-02,2.213922e-03,2.070178e-02,7.390742e-01,8.885794e-04,1.945085e-03,2.656081e-03
1.178268e-02,1.756696e-03,2.464041e-03,2.715082e-03,1.373642e-01,1.886388e-02,6.067649e-03,1.159941e-02,1.204335e-02,1.919961e-03,1.843294e-02,7.695903e-01,1.428956e-03,2.000705e-03,1.970202e-03
1.004824e-02,1.390327e-03,2.291800e-03,2.231845e-03,1.541202e-01,1.968073e-02,5.383011e-03,1.361123e-02,2.484044e-02,1.550493e-03,1.838586e-02,7.397309e-01,3.423069e-03,1.823801e-03,1.488024e-03
8.438867e-03,1.165824e-03,2.028852e-03,2.088832e-03,2.356373e-01,1.494186e-02,5.653714e-03,1.093397e-02,6.830369e-02,1.180823e-03,1.764676e-02,6.233849e-01,6.075133e-03,1.409982e-03,1.109444e-03
8.611461e-03,1.358516e-03,4.379777e-03,3.250132e-03,2.460391e-01,1.319091e-02,4.865118e-03,2.312834e-02,1.402690e-01,1.351461e-03,2.049714e-02,5.190186e-01,1.109077e-02,1.531152e-03,1.418485e-03
7.324235e-03,1.259903e-03,9.485718e-03,2.997516e-03,2.236035e-01,1.083828e-02,4.805009e-03,1.357717e-01,1.166593e-01,1.400219e-03,1.700955e-02,4.478323e-01,1.862657e-02,1.237254e-03,1.148908e-03
7.816045e-03,1.828721e-03,2.591322e-02,1.128595e-02,2.482731e-01,1.159495e-02,8.136571e-03,1.893038e-01,1.161651e-01,1.928146e-03,1.428776e-02,3.252680e-01,3.523367e-02,1.023517e-03,1.941455e-03
2.109572e-02,3.477588e-03,2.568066e-02,1.378557e-02,2.717159e-01,2.731875e-02,1.214879e-02,1.940687e-01,1.370308e-01,2.126325e-03,1.342122e-02,2.321054e-01,4.078294e-02,1.227246e-03,4.014251e-03
3.298049e-02,3.090702e-03,2.218309e-02,2.422379e-02,2.497753e-01,2.445481e-02,1.112703e-02,3.098927e-01,1.068202e-01,1.677173e-03,1.145203e-02,1.668010e-01,3.141422e-02,9.690752e-04,3.138396e-03
5.835915e-02,3.442784e-03,1.828824e-02,2.605714e-02,2.601426e-01,2.861439e-02,9.584830e-03,3.582484e-01,8.027096e-02,1.251716e-03,1.087385e-02,1.186225e-01,2.280436e-02,8.645870e-04,2.574552e-03
5.411809e-02,2.774118e-03,1.378400e-02,2.321649e-02,2.272575e-01,2.572886e-02,7.902956e-03,4.726186e-01,5.975544e-02,9.086429e-04,8.689436e-03,8.411424e-02,1.652297e-02,6.777784e-04,1.930887e-03
4.161461e-02,2.009820e-03,9.790496e-03,1.745919e-02,1.684057e-01,1.841380e-02,5.609760e-03,6.147927e-01,4.243415e-02,6.416310e-04,6.233841e-03,5.904667e-02,1.169078e-02,4.874638e-04,1.369464e-03
3.226416e-02,1.438921e-03,6.976245e-03,1.334929e-02,1.241562e-01,1.363761e-02,3.992349e-03,7.179449e-01,3.011625e-02,4.565395e-04,4.478050e-03,4.144317e-02,8.431299e-03,3.512948e-04,9.638835e-04
3.352454e-02,1.146895e-03,4.985216e-03,1.061054e-02,8.976453e-02,1.811463e-02,2.890281e-03,7.745820e-01,2.148560e-02,3.468719e-04,3.424645e-03,2.946941e-02,8.659720e-03,2.733739e-04,7.218370e-04
4.234169e-02,1.291932e-03,3.930654e-03,1.032390e-02,6.368214e-02,2.499061e-02,2.163561e-03,6.315055e-01,1.832924e-02,5.213554e-04,2.438701e-02,2.801216e-02,1.464836e-01,3.573970e-04,1.679289e-03
4.117939e-02,1.014090e-03,3.074075e-03,8.448562e-03,4.478420e-02,1.937164e-02,1.592323e-03,5.359406e-01,1.392582e-02,6.653621e-04,3.431255e-02,3.389165e-02,2.593993e-01,6.759266e-04,1.724517e-03
4.388115e-02,8.407075e-04,2.274983e-03,7.209673e-03,3.171965e-02,1.816379e-02,1.466583e-03,4.271810e-01,1.548256e-02,5.328864e-04,3.398018e-02,6.100937e-02,3.531257e-01,1.714621e-03,1.417180e-03
6.529968e-02,1.053908e-03,1.952098e-03,7.839929e-03,2.286369e-02,2.415482e-02,2.780248e-03,3.478097e-01,2.526186e-02,4.769654e-04,3.197223e-02,9.044591e-02,3.734599e-01,3.148869e-03,1.480259e-03
6.918307e-02,3.070847e-03,5.027497e-03,8.745901e-03,2.159261e-02,2.522594e-02,4.378087e-03,3.147054e-01,3.198842e-02,4.731963e-04,2.909165e-02,1.092953e-01,3.728802e-01,2.613457e-03,1.728595e-03
8.873220e-02,3.359990e-03,4.649574e-03,7.223335e-03,1.677798e-02,2.625883e-02,3.811179e-03,2.255450e-01,3.576580e-02,9.162012e-04,2.629266e-02,2.041329e-01,3.525140e-01,2.431814e-03,1.588634e-03
9.038863e-02,3.929426e-03,4.243537e-03,6.734555e-03,1.335260e-02,2.740807e-02,3.430262e-03,1.609844e-01,4.016025e-02,4.207752e-03,2.653104e-02,3.292648e-01,2.846174e-01,2.793251e-03,1.954051e-03
1.161331e-01,3.563836e-03,3.310141e-03,5.121090e-03,1.036797e-02,2.278117e-02,3.271764e-03,1.135056e-01,3.523612e-02,6.349401e-03,3.560828e-02,4.329529e-01,2.072734e-01,2.858433e-03,1.666758e-03
1.139477e-01,3.100185e-03,2.521156e-03,3.828141e-03,7.988015e-03,1.829548e-02,2.972394e-03,8.000300e-02,2.855710e-02,7.348515e-03,8.796126e-02,4.895644e-01,1.495163e-01,3.027366e-03,1.369060e-03
1.312940e-01,3.935824e-03,2.096872e-03,3.363509e-03,1.434572e-02,1.443178e-02,2.729429e-03,5.668046e-02,3.644934e-02,1.106114e-02,6.926125e-02,5.433392e-01,1.070089e-01,2.814865e-03,1.187752e-03
1.367768e-01,3.828115e-03,1.681974e-03,2.663369e-03,1.117257e-02,1.087786e-02,2.291676e-03,4.011223e-02,3.037705e-02,1.038626e-02,6.853554e-02,6.013712e-01,7.596068e-02,2.978582e-03,9.860863e-04
1.250602e-01,3.649564e-03,1.346102e-03,2.154207e-03,8.396572e-03,8.296138e-03,1.725914e-03,2.826091e-02,2.477388e-02,8.576398e-03,6.300133e-02,6.668266e-01,5.392985e-02,3.117091e-03,8.852989e-04
1.613162e-01,3.491737e-03,1.295594e-03,2.647205e-03,6.805819e-03,7.845702e-03,1.442044e-03,2.023695e-02,2.091973e-02,7.054825e-03,5.367668e-02,6.698256e-01,3.838411e-02,3.764413e-03,1.293413e-03
2.084901e-01,3.305254e-03,1.495694e-03,3.951197e-03,6.035923e-03,8.122381e-03,1.492806e-03,1.498802e-02,1.807820e-02,5.841594e-03,4.490662e-02,6.494110e-01,2.737880e-02,4.536394e-03,1.966093e-03
2.069038e-01,3.032292e-03,1.667665e-03,4.069175e-03,5.660526e-03,9.217355e-03,1.320166e-03,1.113960e-02,1.491127e-02,5.432504e-03,3.820781e-02,6.719588e-01,1.940435e-02,4.592893e-03,2.481778e-03
1.693514e-01,2.953856e-03,1.559702e-03,3.883890e-03,8.840431e-03,8.635586e-03,1.600745e-03,8.761412e-03,1.498206e-02,6.315711e-03,3.562284e-02,7.146981e-01,1.379568e-02,5.941534e-03,3.057077e-03
1.793812e-01,4.776228e-03,2.729748e-03,4.836489e-03,2.666391e-02,1.976767e-02,2.919465e-03,9.085607e-03,1.349046e-02,7.063444e-03,3.770548e-02,6.710066e-01,1.031156e-02,7.077998e-03,3.184143e-03
1.721775e-01,4.663862e-03,2.171804e-03,4.315819e-03,2.181424e-02,1.964114e-02,2.792944e-03,7.137275e-03,1.249856e-02,5.651207e-03,6.396408e-02,6.652553e-01,8.028027e-03,6.374351e-03,3.513843e-03
1.656012e-01,5.058960e-03,1.872331e-03,4.410715e-03,1.904333e-02,2.083148e-02,2.636386e-03,5.874653e-03,1.445781e-02,4.442571e-03,6.491772e-02,6.744898e-01,6.266877e-03,5.367457e-03,4.728750e-03
1.568250e-01,5.544249e-03,1.707821e-03,6.064781e-03,1.651330e-02,2.075647e-02,2.376640e-03,6.029196e-03,1.648250e-02,3.492680e-03,5.748643e-02,6.910508e-01,5.107744e-03,4.470302e-03,6.092036e-03
1.543171e-01,5.889990e-03,1.730124e-03,8.755528e-03,1.738299e-02,2.188130e-02,2.446971e-03,1.209249e-02,1.686647e-02,2.798109e-03,6.622488e-02,6.732847e-01,5.210490e-03,4.533039e-03,6.585840e-03
1.317423e-01,5.370354e-03,4.038485e-03,8.219915e-03,2.828214e-02,2.130582e-02,5.561605e-03,9.201551e-02,1.597283e-02,2.318092e-03,5.473201e-02,6.162467e-01,4.570439e-03,4.497565e-03,5.126249e-03
1.649863e-01,6.413861e-03,4.465295e-03,1.337181e-02,3.992979e-02,3.111655e-02,5.427006e-03,8.568922e-02,1.637855e-02,2.397649e-03,5.880470e-02,5.553739e-01,3.730239e-03,5.284360e-03,6.630856e-03
1.254252e-01,6.319240e-03,6.211398e-03,1.136035e-02,9.726788e-02,2.545446e-02,5.262541e-03,6.991491e-02,2.076476e-02,2.073260e-03,5.159926e-02,5.641330e-01,3.550564e-03,5.064187e-03,5.599019e-03
9.479175e-02,5.427223e-03,1.505513e-02,9.126035e-03,1.166797e-01,2.160707e-02,6.848635e-03,6.735131e-02,1.964559e-02,2.142487e-03,1.315231e-01,4.936967e-01,5.530297e-03,5.877370e-03,4.697608e-03
7.942279e-02,4.510064e-03,3.398297e-02,8.941383e-03,1.261540e-01,1.882979e-02,5.666462e-03,8.450828e-02,1.578728e-02,2.052495e-03,2.239046e-01,3.790013e-01,7.695588e-03,6.070634e-03,3.472531e-03
7.074345e-02,3.478487e-03,4.166512e-02,1.159786e-02,1.506938e-01,1.535965e-02,5.790625e-03,1.604759e-01,1.214228e-02,2.103539e-03,2.331467e-01,2.753180e-01,8.674235e-03,6.278795e-03,2.531608e-03
6.933711e-02,2.877632e-03,4.716039e-02,5.385200e-02,1.207621e-01,1.832394e-02,4.727393e-03,2.463457e-01,9.488852e-03,1.591307e-03,2.013762e-01,2.090385e-01,8.210131e-03,5.046843e-03,1.861988e-03
5.792968e-02,2.136757e-03,3.882619e-02,4.673353e-02,8.949192e-02,1.528229e-02,3.739309e-03,4.296697e-01,6.839561e-03,1.153897e-03,1.471290e-01,1.496400e-01,6.472244e-03,3.615061e-03,1.340873e-03
4.314203e-02,1.524189e-03,2.803901e-02,3.862977e-02,6.864952e-02,1.117551e-02,2.771711e-03,5.829476e-01,4.848399e-03,8.206885e-04,1.042286e-01,1.050553e-01,4.682825e-03,2.543274e-03,9.416075e-04
3.358973e-02,1.081405e-03,1.985572e-02,3.495692e-02,5.285363e-02,8.149778e-03,2.092158e-03,6.891527e-01,3.546789e-03,6.048006e-04,7.444955e-02,7.377479e-02,3.421402e-03,1.806466e-03,6.641758e-04
2.781598e-02,7.641938e-04,1.408910e-02,3.172215e-02,4.232302e-02,6.025418e-03,1.545292e-03,7.642288e-01,2.557075e-03,4.450048e-04,5.254835e-02,5.171400e-02,2.462202e-03,1.291822e-03,4.675642e-04
2.269972e-02,5.444707e-04,9.918169e-03,2.350163e-02,4.412790e-02,4.509840e-03,1.113767e-03,8.150294e-01,1.802545e-03,3.139010e-04,3.716069e-02,3.624234e-02,1.795423e-03,9.109238e-04,3.293412e-04
2.103395e-02,3.981967e-04,6.985382e-03,1.696937e-02,5.340220e-02,3.407804e-03,8.194637e-04,8.417459e-01,1.273530e-03,2.227296e-04,2.608563e-02,2.540808e-02,1.371405e-03,6.440433e-04,2.323859e-04
1.770416e-02,2.935720e-04,4.935883e-03,1.242227e-02,4.678405e-02,2.494010e-03,6.011991e-04,8.759482e-01,9.025914e-04,1.586161e-04,1.830849e-02,1.780894e-02,1.017482e-03,4.563085e-04,1.642504e-04
1.507662e-02,2.640768e-04,3.659406e-03,9.472960e-03,4.111200e-02,2.057213e-03,5.596683e-04,9.003448e-01,6.808668e-04,1.135399e-04,1.286651e-02,1.251405e-02,8.139656e-04,3.397569e-04,1.244898e-04
1.369267e-02,2.598000e-04,2.748443e-03,7.225164e-03,3.723980e-02,1.705069e-03,5.024694e-04,9.171335e-01,5.306820e-04,8.110690e-05,9.044682e-03,8.808267e-03,6.719363e-04,2.564059e-04,1.000865e-04
1.302158e-02,3.037170e-04,2.251529e-03,5.633282e-03,3.580863e-02,1.359767e-03,4.585030e-04,9.271431e-01,4.342123e-04,6.373548e-05,6.388101e-03,6.234811e-03,5.998255e-04,1.995192e-04,9.972435e-05
1.687679e-02,3.374455e-04,1.851826e-03,4.258955e-03,3.270022e-02,1.344265e-03,4.095921e-04,9.317485e-01,3.698175e-04,6.293584e-05,4.595292e-03,4.523227e-03,5.949516e-04,1.711713e-04,1.550150e-04
6.089619e-02,1.139042e-03,1.826723e-03,4.769197e-03,3.212411e-02,1.983991e-03,3.800328e-04,8.476374e-01,3.074372e-03,1.271758e-03,1.189991e-02,1.624062e-02,1.128873e-02,3.632788e-03,1.835144e-03
5.517554e-02,1.266592e-03,1.568446e-03,1.637361e-02,4.262296e-02,2.407377e-03,5.367236e-04,6.383092e-01,1.017445e-02,1.317899e-03,3.628023e-02,4.555593e-02,1.418029e-01,4.040687e-03,2.567443e-03
4.736207e-02,1.256701e-03,1.199551e-03,1.748754e-02,3.816881e-02,2.289975e-03,6.346058e-04,4.678959e-01,2.091197e-02,1.601313e-03,6.907102e-02,1.178378e-01,1.982161e-01,8.702084e-03,7.364538e-03
3.545189e-02,1.094826e-03,1.103841e-03,1.357339e-02,3.208645e-02,2.270807e-03,9.787917e-04,3.360633e-01,2.320529e-02,1.234599e-03,6.062838e-02,2.583759e-01,2.219371e-01,6.603815e-03,5.391662e-03
2.764684e-02,8.721249e-04,9.399375e-04,1.024882e-02,2.440497e-02,2.281781e-03,9.433590e-04,2.380685e-01,2.099098e-02,9.371887e-04,4.820864e-02,4.347592e-01,1.807985e-01,4.991578e-03,3.907619e-03
2.003038e-02,6.866279e-04,6.791305e-04,7.251270e-03,1.727873e-02,1.714233e-03,6.776481e-04,1.668324e-01,1.745265e-02,7.677919e-04,3.925959e-02,5.657723e-01,1.545507e-01,4.293516e-03,2.753022e-03
1.440442e-02,1.374848e-03,6.208111e-04,5.202056e-03,1.254196e-02,1.290235e-03,4.836940e-04,1.170634e-01,2.215712e-02,1.112376e-03,4.568248e-02,6.410774e-01,1.299087e-01,5.107310e-03,1.973148e-03
1.019963e-02,4.424412e-03,6.261074e-04,3.788689e-03,9.331973e-03,9.389635e-04,3.436366e-04,8.219506e-02,4.111554e-02,1.401967e-03,4.845419e-02,6.830115e-01,1.076843e-01,5.064806e-03,1.419192e-03
7.165524e-03,4.838584e-03,8.715945e-04,3.402169e-03,8.176709e-03,7.143217e-04,2.464086e-04,5.883301e-02,5.619603e-02,1.112078e-03,4.176234e-02,7.314385e-01,8.012513e-02,4.106584e-03,1.010987e-03
5.039798e-03,9.644510e-03,1.139596e-03,2.813698e-03,9.837972e-03,5.622329e-04,1.783162e-04,4.168897e-02,1.177556e-01,9.304281e-04,3.530715e-02,7.113222e-01,5.942056e-02,3.635796e-03,7.231003e-04
3.668683e-03,3.058994e-02,3.000231e-03,2.293459e-03,2.100320e-02,6.453471e-04,1.516322e-04,3.116002e-02,1.370104e-01,1.952938e-03,5.791124e-02,6.579432e-01,4.362402e-02,8.388453e-03,6.571307e-04
2.886704e-03,2.595854e-02,4.006465e-03,3.128394e-03,2.535418e-02,1.689651e-03,2.142883e-04,2.600122e-02,1.575961e-01,2.567787e-03,6.446988e-02,6.299435e-01,3.775348e-02,1.765688e-02,7.729317e-04
3.040237e-03,2.292781e-02,8.490251e-03,6.312471e-03,2.957658e-02,3.013461e-03,3.387765e-04,2.907431e-02,1.785422e-01,3.074418e-03,7.215492e-02,5.896740e-01,3.211500e-02,2.086577e-02,7.997282e-04
4.302043e-03,1.764647e-02,1.456009e-02,8.250223e-03,4.505328e-02,4.279755e-03,4.001635e-04,4.942921e-02,2.245954e-01,3.222451e-03,9.187412e-02,4.870837e-01,2.623705e-02,2.210215e-02,9.639228e-04
4.870337e-03,1.681161e-02,1.231071e-02,9.115359e-03,3.845564e-02,3.456259e-03,3.111859e-04,4.730594e-02,2.440238e-01,2.815779e-03,1.083598e-01,4.501712e-01,2.286559e-02,3.816067e-02,9.662155e-04
5.735337e-03,1.445654e-02,9.456782e-03,9.469969e-03,6.447081e-02,2.755447e-03,3.603887e-04,3.951002e-02,3.615298e-01,2.226667e-03,1.154666e-01,3.237270e-01,1.868020e-02,3.133662e-02,8.177299e-04
4.425684e-03,1.426286e-02,6.993153e-03,6.919838e-03,5.058884e-02,2.351159e-03,2.876378e-04,3.605130e-02,5.298307e-01,1.600871e-03,8.190850e-02,2.270279e-01,1.342743e-02,2.371587e-02,6.082699e-04
3.938709e-03,1.747516e-02,5.118879e-03,6.202408e-03,4.222002e-02,2.691567e-03,2.633379e-04,2.982211e-02,6.440575e-01,1.240079e-03,5.825787e-02,1.592741e-01,9.736867e-03,1.914971e-02,5.516201e-04
5.905892e-03,1.492053e-02,5.129358e-03,8.533094e-03,9.418601e-02,3.154699e-03,8.371018e-04,8.546793e-02,6.038566e-01,9.339136e-04,4.201510e-02,1.122868e-01,7.977493e-03,1.419222e-02,6.031833e-04
1.306978e-02,3.107744e-02,6.714853e-03,1.560195e-02,1.004094e-01,6.301603e-03,8.299244e-04,7.999362e-02,6.091283e-01,1.112559e-03,3.197058e-02,7.918017e-02,6.447320e-03,1.598940e-02,2.173100e-03
1.609431e-02,2.617157e-02,7.827976e-03,1.688164e-02,1.622548e-01,5.570804e-03,2.008693e-03,1.272545e-01,5.381458e-01,8.199502e-04,2.291044e-02,5.556233e-02,4.920080e-03,1.187334e-02,1.703742e-03
1.218324e-02,1.864206e-02,6.771830e-03,1.229391e-02,1.244837e-01,4.026572e-03,1.483473e-03,3.683641e-01,3.831300e-01,5.812923e-04,1.608027e-02,3.892285e-02,3.498978e-03,8.337071e-03,1.200628e-03
9.135147e-03,1.315216e-02,5.127065e-03,8.728364e-03,9.226397e-02,2.874671e-03,1.098069e-03,5.494847e-01,2.700336e-01,4.099571e-04,1.127573e-02,2.725764e-02,2.472990e-03,5.843685e-03,8.422298e-04
7.195239e-03,9.257625e-03,3.897666e-03,6.192131e-03,6.734955e-02,2.117503e-03,8.045072e-04,6.803070e-01,1.891431e-01,2.905277e-04,7.899224e-03,1.909266e-02,1.755877e-03,4.105784e-03,5.915317e-04
5.569799e-03,6.543342e-03,2.885419e-03,4.370191e-03,4.969048e-02,1.532858e-03,5.760745e-04,7.726457e-01,1.325422e-01,2.047893e-04,5.533801e-03,1.337108e-02,1.234747e-03,2.884833e-03,4.146687e-04
5.051071e-03,4.633540e-03,2.147959e-03,3.110997e-03,3.746190e-02,1.123998e-03,4.182509e-04,8.364568e-01,9.298129e-02,1.456406e-04,3.887761e-03,9.383943e-03,8.786325e-04,2.026002e-03,2.922382e-04
4.562998e-03,3.275787e-03,1.713320e-03,2.241893e-03,2.691972e-02,8.377980e-04,3.047083e-04,8.832626e-01,6.518483e-02,1.026385e-04,2.730829e-03,6.589155e-03,6.359747e-04,1.429583e-03,2.081728e-04
4.930295e-03,2.322449e-03,1.310013e-03,1.719167e-03,1.924467e-02,7.253764e-04,2.253770e-04,9.154266e-01,4.572567e-02,7.306471e-05,1.946050e-03,4.661966e-03,5.089136e-04,1.026198e-03,1.542531e-04
6.829065e-03,1.684059e-03,1.018469e-03,1.247640e-03,1.388669e-02,9.267619e-04,3.148707e-04,9.357301e-01,3.218380e-02,5.512451e-05,1.421929e-03,3.319355e-03,4.839384e-04,7.630637e-04,1.351412e-04
1.005339e-02,1.237172e-03,8.133271e-04,9.275146e-04,1.012621e-02,1.648649e-03,7.998635e-04,9.470261e-01,2.263627e-02,4.285830e-05,1.043568e-03,2.392129e-03,5.636316e-04,5.565746e-04,1.327584e-04
1.531371e-02,9.313655e-04,7.534278e-04,7.578111e-04,7.320363e-03,2.228870e-03,1.159043e-03,9.517769e-01,1.594773e-02,3.951500e-05,8.053100e-04,1.804355e-03,5.817909e-04,4.213552e-04,1.585014e-04
1.707126e-02,7.745196e-04,7.070744e-04,6.875903e-04,5.948977e-03,1.734228e-03,1.043475e-03,9.575611e-01,1.150607e-02,3.622610e-05,6.197143e-04,1.357575e-03,4.732502e-04,3.165671e-04,1.623434e-04
8.403006e-02,1.932518e-03,1.415685e-03,1.368013e-03,6.652782e-03,2.908347e-03,1.396526e-03,8.596816e-01,8.827761e-03,5.216385e-04,4.345282e-03,1.431016e-02,1.079534e-02,1.073892e-03,7.403768e-04
7.354686e-02,2.726501e-03,1.400065e-03,3.516118e-03,1.943095e-02,5.615919e-03,2.413747e-03,6.729349e-01,8.276403e-03,1.484361e-03,1.147555e-02,5.584254e-02,1.368907e-01,3.112319e-03,1.333055e-03
6.680079e-02,2.455739e-03,1.326146e-03,3.563158e-03,2.693594e-02,6.214555e-03,2.946161e-03,5.123694e-01,6.890369e-03,1.692995e-03,1.595875e-02,8.712579e-02,2.595715e-01,3.804625e-03,2.344126e-03
9.001913e-02,2.981755e-03,1.855671e-03,2.950092e-03,2.307065e-02,6.068810e-03,2.722286e-03,3.745690e-01,7.975623e-03,1.638628e-03,1.750012e-02,1.414476e-01,3.159776e-01,9.160832e-03,2.062222e-03
8.085594e-02,4.453454e-03,2.803122e-03,2.843581e-03,2.518767e-02,6.296508e-03,2.441593e-03,2.738461e-01,1.177515e-02,1.863399e-03,1.687173e-02,2.675704e-01,2.893385e-01,1.216391e-02,1.689026e-03
6.043687e-02,4.035272e-03,2.113728e-03,2.336381e-03,2.500814e-02,4.695702e-03,1.787060e-03,1.943101e-01,1.252821e-02,2.422705e-03,1.575844e-02,4.317060e-01,2.271841e-01,1.430501e-02,1.372329e-03
4.326703e-02,3.261142e-03,1.574568e-03,1.788534e-03,1.924521e-02,3.376121e-03,1.279468e-03,1.363963e-01,9.946711e-03,4.189224e-03,1.596588e-02,5.329214e-01,1.715014e-01,5.390609e-02,1.380951e-03
3.051061e-02,2.493826e-03,1.197407e-03,1.315426e-03,1.462686e-02,2.398694e-03,9.122862e-04,9.602606e-02,7.472943e-03,4.929091e-03,1.624738e-02,6.353708e-01,1.300744e-01,5.529772e-02,1.126549e-03
2.214578e-02,1.984994e-03,1.334639e-03,1.113681e-03,1.239132e-02,1.903446e-03,6.696173e-04,6.772925e-02,1.876150e-02,7.171018e-03,5.425276e-02,6.582108e-01,9.520532e-02,5.588834e-02,1.237552e-03
1.639526e-02,1.647670e-03,1.394461e-03,1.541534e-03,1.070874e-02,2.889540e-03,6.052459e-04,4.807477e-02,1.818124e-02,2.668545e-02,2.033861e-01,5.460695e-01,7.069334e-02,4.935016e-02,2.376999e-03
1.262331e-02,2.010707e-03,1.501506e-03,1.496510e-03,8.795948e-03,4.078391e-03,5.307438e-04,3.429678e-02,1.610623e-02,2.567765e-02,2.256202e-01,5.695360e-01,5.120254e-02,4.447921e-02,2.044351e-03
1.213148e-02,2.023011e-03,1.630691e-03,1.792697e-03,8.436433e-03,5.227935e-03,5.041927e-04,2.471819e-02,1.483645e-02,1.958774e-02,3.618037e-01,4.546057e-01,3.807652e-02,5.253970e-02,2.085561e-03
1.150414e-02,2.047179e-03,1.728798e-03,1.719986e-03,7.013705e-03,4.949275e-03,4.350556e-04,1.779745e-02,2.299848e-02,1.534980e-02,3.666384e-01,4.164588e-01,2.980554e-02,9.963985e-02,1.913503e-03
9.059276e-03,2.021759e-03,1.615339e-03,1.378397e-03,5.588436e-03,4.671835e-03,3.243503e-04,1.250843e-02,2.852809e-02,1.170960e-02,3.659174e-01,3.384776e-01,2.122357e-02,1.952987e-01,1.677262e-03
6.683634e-03,4.278255e-03,2.730178e-03,1.701627e-03,6.881689e-03,5.112563e-03,2.864393e-04,8.852483e-03,7.038088e-02,1.299458e-02,3.951166e-01,2.643937e-01,1.503977e-02,2.027965e-01,2.751072e-03
5.257635e-03,4.311431e-03,4.062466e-03,2.174069e-03,1.000956e-02,6.659858e-03,3.638024e-04,6.831380e-03,1.270802e-01,1.462011e-02,3.957776e-01,2.043944e-01,1.077237e-02,2.040147e-01,3.670422e-03
4.694101e-03,5.974189e-03,5.780560e-03,2.396279e-03,1.049263e-02,7.351980e-03,3.135475e-04,5.564837e-03,1.737013e-01,1.784065e-02,3.718014e-01,1.495144e-01,7.720720e-03,2.317139e-01,5.139466e-03
3.831567e-03,5.257146e-03,5.457744e-03,2.251036e-03,1.060151e-02,7.793840e-03,2.495783e-04,4.198538e-03,2.807726e-01,2.511230e-02,2.978698e-01,1.093936e-01,5.552083e-03,2.344439e-01,7.214887e-03
2.989962e-03,4.379978e-03,4.512881e-03,1.682240e-03,7.970377e-03,6.119655e-03,1.804387e-04,2.987488e-03,4.412228e-01,2.241694e-02,2.232486e-01,7.735736e-02,3.919514e-03,1.919191e-01,9.092666e-03
3.597639e-03,3.797972e-03,4.604025e-03,1.507741e-03,5.936809e-03,6.196522e-03,1.368574e-04,2.262510e-03,5.519597e-01,1.864036e-02,1.638416e-01,5.452886e-02,2.833512e-03,1.680643e-01,1.209156e-02
3.943224e-03,2.860171e-03,4.766933e-03,2.516614e-03,4.522449e-03,5.247469e-03,1.040711e-04,1.707516e-03,6.607596e-01,1.795119e-02,1.172908e-01,3.834440e-02,2.064144e-03,1.257479e-01,1.217365e-02
1.280409e-02,3.075185e-03,4.877757e-03,2.079883e-03,4.033829e-03,4.520725e-03,7.989626e-05,1.364557e-03,6.804902e-01,1.583320e-02,8.695531e-02,2.696390e-02,1.580108e-03,1.224869e-01,3.285446e-02
1.436779e-02,2.859051e-03,4.141873e-03,1.740947e-03,3.644282e-03,4.061004e-03,7.172026e-05,1.133244e-03,7.106487e-01,1.273825e-02,6.526736e-02,1.901893e-02,1.313547e-03,1.211080e-01,3.788530e-02
2.242840e-02,3.059075e-03,3.310714e-03,1.387437e-03,5.268236e-03,3.801520e-03,5.580506e-05,9.702443e-04,6.116122e-01,1.039211e-02,7.504489e-02,1.371823e-02,1.158222e-03,1.670436e-01,8.074942e-02
3.207159e-02,2.877185e-03,3.518955e-03,2.587858e-03,8.352133e-03,5.537368e-03,7.453654e-05,6.197164e-03,5.605559e-01,8.482057e-03,1.107134e-01,9.861249e-03,1.129574e-03,1.849483e-01,6.309284e-02
5.479832e-02,2.599730e-03,4.078315e-03,3.347203e-03,1.060926e-02,6.837585e-03,9.597954e-05,6.947442e-03,4.694784e-01,8.949970e-03,1.002338e-01,7.454954e-03,1.433040e-03,2.204337e-01,1.027023e-01
5.842909e-02,2.219011e-03,3.130885e-03,2.695442e-03,9.017655e-03,5.827224e-03,9.139690e-05,5.993436e-03,3.764658e-01,7.365926e-03,1.140539e-01,5.295579e-03,1.725790e-03,3.079456e-01,9.974319e-02
5.562840e-02,2.950556e-03,3.181471e-03,2.150605e-03,7.100123e-03,5.358593e-03,1.007308e-04,5.477183e-03,2.965972e-01,8.366224e-03,9.199970e-02,3.816449e-03,2.124516e-03,3.733196e-01,1.418287e-01
6.056557e-02,2.978849e-03,6.238334e-03,3.280375e-03,6.107348e-03,6.227339e-03,1.614373e-04,9.083829e-03,2.443853e-01,9.937532e-03,7.839464e-02,2.867621e-03,2.100189e-03,3.698885e-01,1.977831e-01
5.365351e-02,2.423163e-03,5.339539e-03,2.918761e-03,4.683040e-03,4.959692e-03,1.419209e-04,7.925859e-03,1.876971e-01,1.099041e-02,5.883757e-02,2.349196e-03,2.127496e-03,3.403468e-01,3.156059e-01
4.041049e-02,1.891861e-03,4.179464e-03,2.772409e-03,3.433357e-03,3.664210e-03,1.247775e-04,6.242832e-03,1.439956e-01,1.054901e-02,4.152923e-02,1.782347e-03,1.683575e-03,2.492026e-01,4.885382e-01
3.255827e-02,1.779587e-03,3.190726e-03,2.162321e-03,2.548655e-03,2.753150e-03,1.348352e-04,4.666265e-03,1.161759e-01,1.466345e-02,3.225371e-02,1.664617e-03,1.606834e-03,2.043825e-01,5.794592e-01
3.113770e-02,2.123828e-03,2.964926e-03,1.875184e-03,2.385679e-03,2.478133e-03,1.548031e-04,4.033206e-03,1.051707e-01,1.625202e-02,2.507634e-02,1.710725e-03,1.676296e-03,2.061872e-01,5.967733e-01
4.665486e-02,1.997744e-03,4.050139e-03,2.088506e-03,3.262330e-03,2.606853e-03,1.725033e-04,7.086602e-03,1.368134e-01,2.316977e-02,2.112004e-02,1.811167e-03,2.021240e-03,2.326868e-01,5.144580e-01
4.679034e-02,2.414312e-03,1.111890e-02,2.931706e-03,3.906114e-03,3.330443e-03,2.350104e-04,6.605798e-03,1.644011e-01,2.783317e-02,2.169823e-02,1.578989e-03,2.171052e-03,2.849782e-01,4.200066e-01
3.941538e-02,2.118153e-03,1.271575e-02,2.257865e-03,3.221918e-03,2.784004e-03,2.010795e-04,5.428959e-03,1.330388e-01,5.279967e-02,1.798020e-02,1.182870e-03,1.733264e-03,4.168169e-01,3.083051e-01
2.896159e-02,2.006446e-03,1.087253e-02,1.700700e-03,2.439187e-03,2.400589e-03,1.519324e-04,3.858121e-03,1.044747e-01,9.382190e-02,1.565681e-02,9.071100e-04,1.311550e-03,5.113883e-01,2.200486e-01
2.469374e-02,1.751255e-03,1.086813e-02,1.228997e-03,1.900787e-03,1.953245e-03,1.246958e-04,2.782881e-03,8.586735e-02,2.432750e-01,1.245275e-02,6.782151e-04,1.012277e-03,4.512100e-01,1.602007e-01
2.262970e-02,7.755851e-03,1.533469e-02,1.374413e-03,3.286063e-03,2.181405e-03,1.521439e-04,2.341784e-03,9.155051e-02,3.203912e-01,1.148943e-02,6.654809e-04,9.921046e-04,4.017808e-01,1.180744e-01
2.226822e-02,2.395235e-02,1.724502e-02,2.022126e-03,5.987860e-03,7.262416e-03,1.676669e-04,4.692106e-03,1.062897e-01,4.009864e-01,9.060575e-03,6.061716e-04,1.200559e-03,3.047607e-01,9.349822e-02
2.238737e-02,3.433400e-02,1.580471e-02,1.757695e-03,6.549086e-03,1.014818e-02,1.551462e-04,5.585396e-03,1.414667e-01,4.042106e-01,7.384230e-03,5.509373e-04,1.108387e-03,2.390601e-01,1.094975e-01
2.225415e-02,7.936896e-02,1.207635e-02,1.430402e-03,1.051049e-02,1.873558e-02,1.334113e-04,5.865422e-03,1.647291e-01,4.244784e-01,5.362465e-03,4.584077e-04,1.007230e-03,1.698700e-01,8.371963e-02
2.537455e-02,1.929116e-01,9.422620e-03,1.222301e-03,2.080752e-02,2.299555e-02,1.704140e-04,9.387854e-03,1.857474e-01,3.343837e-01,4.245866e-03,3.825081e-04,9.543138e-04,1.238265e-01,6.816730e-02
2.493333e-02,3.156731e-01,7.655360e-03,3.884356e-03,2.696906e-02,2.198308e-02,2.510802e-04,1.739726e-02,1.663691e-01,2.600010e-01,3.652581e-03,4.832895e-04,1.145956e-03,8.741014e-02,6.219124e-02
2.885935e-02,2.987478e-01,5.609799e-03,6.360878e-03,5.022178e-02,6.398389e-02,2.978223e-04,3.190904e-02,2.012710e-01,2.006904e-01,2.929531e-03,3.956889e-04,1.250609e-03,6.167360e-02,4.579872e-02
3.053128e-02,3.051441e-01,4.066187e-03,7.712970e-03,4.967013e-02,9.760617e-02,2.515888e-04,2.587042e-02,2.368062e-01,1.585945e-01,2.425831e-03,3.410189e-04,1.477291e-03,4.355722e-02,3.594498e-02
3.615406e-02,2.683277e-01,3.128725e-03,7.090144e-03,5.095762e-02,2.083236e-01,2.837836e-04,3.759678e-02,2.138366e-01,1.132760e-01,2.043343e-03,3.411661e-04,1.290723e-03,3.123569e-02,2.611411e-02
5.651826e-02,2.670790e-01,2.332243e-03,9.220527e-03,4.595881e-02,2.138321e-01,2.662890e-04,4.592387e-02,2.278053e-01,8.154701e-02,1.923803e-03,6.266483e-04,1.848576e-03,2.280880e-02,2.230867e-02
