1.000000e+00,0.000000e+00,0.000000e+00,0.000000e+00,0.000000e+00,0.000000e+00,0.000000e+00,0.000000e+00,0.000000e+00,0.000000e+00,0.000000e+00,0.000000e+00,0.000000e+00,0.000000e+00,0.000000e+00
1.000000e+00,0.000000e+00,0.000000e+00,0.000000e+00,0.000000e+00,0.000000e+00,0.000000e+00,0.000000e+00,0.000000e+00,0.000000e+00,0.000000e+00,0.000000e+00,0.000000e+00,0.000000e+00,0.000000e+00
1.000000e+00,0.000000e+00,0.000000e+00,0.000000e+00,0.000000e+00,0.000000e+00,0.000000e+00,0.000000e+00,0.000000e+00,0.000000e+00,0.000000e+00,0.000000e+00,0.000000e+00,0.000000e+00,0.000000e+00
1.000000e+00,0.000000e+00,0.000000e+00,0.000000e+00,0.000000e+00,0.000000e+00,0.000000e+00,0.000000e+00,0.000000e+00,0.000000e+00,0.000000e+00,0.000000e+00,0.000000e+00,0.000000e+00,0.000000e+00
1.000000e+00,0.000000e+00,0.000000e+00,0.000000e+00,0.000000e+00,0.000000e+00,0.000000e+00,0.000000e+00,0.000000e+00,0.000000e+00,0.000000e+00,0.000000e+00,0.000000e+00,0.000000e+00,0.000000e+00
1.000000e+00,0.000000e+00,0.000000e+00,0.000000e+00,0.000000e+00,0.000000e+00,0.000000e+00,0.000000e+00,0.000000e+00,0.000000e+00,0.000000e+00,0.000000e+00,0.000000e+00,0.000000e+00,0.000000e+00
1.000000e+00,0.000000e+00,0.000000e+00,0.000000e+00,0.000000e+00,0.000000e+00,0.000000e+00,0.000000e+00,0.000000e+00,0.000000e+00,0.000000e+00,0.000000e+00,0.000000e+00,0.000000e+00,0.000000e+00
1.000000e+00,0.000000e+00,0.000000e+00,0.000000e+00,0.000000e+00,0.000000e+00,0.000000e+00,0.000000e+00,0.000000e+00,0.000000e+00,0.000000e+00,0.000000e+00,0.000000e+00,0.000000e+00,0.000000e+00
1.000000e+00,0.000000e+00,0.000000e+00,0.000000e+00,0.000000e+00,0.000000e+00,0.000000e+00,0.000000e+00,0.000000e+00,0.000000e+00,0.000000e+00,0.000000e+00,0.000000e+00,0.000000e+00,0.000000e+00
1.000000e+00,0.000000e+00,0.000000e+00,0.000000e+00,0.000000e+00,0.000000e+00,0.000000e+00,0.000000e+00,0.000000e+00,0.000000e+00,0.000000e+00,0.000000e+00,0.000000e+00,0.000000e+00,0.000000e+00
1.000000e+00,0.000000e+00,0.000000e+00,0.000000e+00,0.000000e+00,0.000000e+00,0.000000e+00,0.000000e+00,0.000000e+00,0.000000e+00,0.000000e+00,0.000000e+00,0.000000e+00,0.000000e+00,0.000000e+00
1.000000e+00,0.000000e+00,0.000000e+00,0.000000e+00,0.000000e+00,0.000000e+00,0.000000e+00,0.000000e+00,0.000000e+00,0.000000e+00,0.000000e+00,0.000000e+00,0.000000e+00,0.000000e+00,0.000000e+00
1.000000e+00,0.000000e+00,0.000000e+00,0.000000e+00,0.000000e+00,0.000000e+00,0.000000e+00,0.000000e+00,0.000000e+00,0.000000e+00,0.000000e+00,0.000000e+00,0.000000e+00,0.000000e+00,0.000000e+00
1.000000e+00,0.000000e+00,0.000000e+00,0.000000e+00,0.000000e+00,0.000000e+00,0.000000e+00,0.000000e+00,0.000000e+00,0.000000e+00,0.000000e+00,0.000000e+00,0.000000e+00,0.000000e+00,0.000000e+00
1.000000e+00,0.000000e+00,0.000000e+00,0.000000e+00,0.000000e+00,0.000000e+00,0.000000e+00,0.000000e+00,0.000000e+00,0.000000e+00,0.000000e+00,0.000000e+00,0.000000e+00,0.000000e+00,0.000000e+00
1.000000e+00,0.000000e+00,0.000000e+00,0.000000e+00,0.000000e+00,0.000000e+00,0.000000e+00,0.000000e+00,0.000000e+00,0.000000e+00,0.000000e+00,0.000000e+00,0.000000e+00,0.000000e+00,0.000000e+00
1.000000e+00,0.000000e+00,0.000000e+00,0.000000e+00,0.000000e+00,0.000000e+00,0.000000e+00,0.000000e+00,0.000000e+00,0.000000e+00,0.000000e+00,0.000000e+00,0.000000e+00,0.000000e+00,0.000000e+00
1.000000e+00,0.000000e+00,0.000000e+00,0.000000e+00,0.000000e+00,0.000000e+00,0.000000e+00,0.000000e+00,0.000000e+00,0.000000e+00,0.000000e+00,0.000000e+00,0.000000e+00,0.000000e+00,0.000000e+00
1.000000e+00,0.000000e+00,0.000000e+00,0.000000e+00,0.000000e+00,0.000000e+00,0.000000e+00,0.000000e+00,0.000000e+00,0.000000e+00,0.000000e+00,0.000000e+00,0.000000e+00,0.000000e+00,0.000000e+00
1.000000e+00,0.000000e+00,0.000000e+00,0.000000e+00,0.000000e+00,0.000000e+00,0.000000e+00,0.000000e+00,0.000000e+00,0.000000e+00,0.000000e+00,0.000000e+00,0.000000e+00,0.000000e+00,0.000000e+00
1.000000e+00,0.000000e+00,0.000000e+00,0.000000e+00,0.000000e+00,0.000000e+00,0.000000e+00,0.000000e+00,0.000000e+00,0.000000e+00,0.000000e+00,0.000000e+00,0.000000e+00,0.000000e+00,0.000000e+00
1.000000e+00,0.000000e+00,0.000000e+00,0.000000e+00,0.000000e+00,0.000000e+00,0.000000e+00,0.000000e+00,0.000000e+00,0.000000e+00,0.000000e+00,0.000000e+00,0.000000e+00,0.000000e+00,0.000000e+00
1.000000e+00,0.000000e+00,0.000000e+00,0.000000e+00,0.000000e+00,0.000000e+00,0.000000e+00,0.000000e+00,0.000000e+00,0.000000e+00,0.000000e+00,0.000000e+00,0.000000e+00,0.000000e+00,0.000000e+00
1.000000e+00,0.000000e+00,0.000000e+00,0.000000e+00,0.000000e+00,0.000000e+00,0.000000e+00,0.000000e+00,0.000000e+00,0.000000e+00,0.000000e+00,0.000000e+00,0.000000e+00,0.000000e+00,0.000000e+00
1.000000e+00,0.000000e+00,0.000000e+00,0.000000e+00,0.000000e+00,0.000000e+00,0.000000e+00,0.000000e+00,0.000000e+00,0.000000e+00,0.000000e+00,0.000000e+00,0.000000e+00,0.000000e+00,0.000000e+00
1.000000e+00,0.000000e+00,0.000000e+00,0.000000e+00,0.000000e+00,0.000000e+00,0.000000e+00,0.000000e+00,0.000000e+00,0.000000e+00,0.000000e+00,0.000000e+00,0.000000e+00,0.000000e+00,0.000000e+00
1.000000e+00,0.000000e+00,0.000000e+00,0.000000e+00,0.000000e+00,0.000000e+00,0.000000e+00,0.000000e+00,0.000000e+00,0.000000e+00,0.000000e+00,0.000000e+00,0.000000e+00,0.000000e+00,0.000000e+00
1.000000e+00,0.000000e+00,0.000000e+00,0.000000e+00,0.000000e+00,0.000000e+00,0.000000e+00,0.000000e+00,0.000000e+00,0.000000e+00,0.000000e+00,0.000000e+00,0.000000e+00,0.000000e+00,0.000000e+00
1.000000e+00,0.000000e+00,0.000000e+00,0.000000e+00,0.000000e+00,0.000000e+00,0.000000e+00,0.000000e+00,0.000000e+00,0.000000e+00,0.000000e+00,0.000000e+00,0.000000e+00,0.000000e+00,0.000000e+00
1.000000e+00,0.000000e+00,0.000000e+00,0.000000e+00,0.000000e+00,0.000000e+00,0.000000e+00,0.000000e+00,0.000000e+00,0.000000e+00,0.000000e+00,0.000000e+00,0.000000e+00,0.000000e+00,0.000000e+00
1.000000e+00,0.000000e+00,0.000000e+00,0.000000e+00,0.000000e+00,0.000000e+00,0.000000e+00,0.000000e+00,0.000000e+00,0.000000e+00,0.000000e+00,0.000000e+00,0.000000e+00,0.000000e+00,0.000000e+00
1.000000e+00,0.000000e+00,0.000000e+00,0.000000e+00,0.000000e+00,0.000000e+00,0.000000e+00,0.000000e+00,0.000000e+00,0.000000e+00,0.000000e+00,0.000000e+00,0.000000e+00,0.000000e+00,0.000000e+00
1.000000e+00,0.000000e+00,0.000000e+00,0.000000e+00,0.000000e+00,0.000000e+00,0.000000e+00,0.000000e+00,0.000000e+00,0.000000e+00,0.000000e+00,0.000000e+00,0.000000e+00,0.000000e+00,0.000000e+00
1.000000e+00,0.000000e+00,0.000000e+00,0.000000e+00,0.000000e+00,0.000000e+00,0.000000e+00,0.000000e+00,0.000000e+00,0.000000e+00,0.000000e+00,0.000000e+00,0.000000e+00,0.000000e+00,0.000000e+00
1.000000e+00,0.000000e+00,0.000000e+00,0.000000e+00,0.000000e+00,0.000000e+00,0.000000e+00,0.000000e+00,0.000000e+00,0.000000e+00,0.000000e+00,0.000000e+00,0.000000e+00,0.000000e+00,0.000000e+00
1.000000e+00,0.000000e+00,0.000000e+00,0.000000e+00,0.000000e+00,0.000000e+00,0.000000e+00,0.000000e+00,0.000000e+00,0.000000e+00,0.000000e+00,0.000000e+00,0.000000e+00,0.000000e+00,0.000000e+00
1.000000e+00,0.000000e+00,0.000000e+00,0.000000e+00,0.000000e+00,0.000000e+00,0.000000e+00,0.000000e+00,0.000000e+00,0.000000e+00,0.000000e+00,0.000000e+00,0.000000e+00,0.000000e+00,0.000000e+00
1.000000e+00,0.000000e+00,0.000000e+00,0.000000e+00,0.000000e+00,0.000000e+00,0.000000e+00,0.000000e+00,0.000000e+00,0.000000e+00,0.000000e+00,0.000000e+00,0.000000e+00,0.000000e+00,0.000000e+00
1.000000e+00,0.000000e+00,0.000000e+00,0.000000e+00,0.000000e+00,0.000000e+00,0.000000e+00,0.000000e+00,0.000000e+00,0.000000e+00,0.000000e+00,0.000000e+00,0.000000e+00,0.000000e+00,0.000000e+00
1.000000e+00,0.000000e+00,0.000000e+00,0.000000e+00,0.000000e+00,0.000000e+00,0.000000e+00,0.000000e+00,0.000000e+00,0.000000e+00,0.000000e+00,0.000000e+00,0.000000e+00,0.000000e+00,0.000000e+00
1.000000e+00,0.000000e+00,0.000000e+00,0.000000e+00,0.000000e+00,0.000000e+00,0.000000e+00,0.000000e+00,0.000000e+00,0.000000e+00,0.000000e+00,0.000000e+00,0.000000e+00,0.000000e+00,0.000000e+00
1.000000e+00,0.000000e+00,0.000000e+00,0.000000e+00,0.000000e+00,0.000000e+00,0.000000e+00,0.000000e+00,0.000000e+00,0.000000e+00,0.000000e+00,0.000000e+00,0.000000e+00,0.000000e+00,0.000000e+00
1.000000e+00,0.000000e+00,0.000000e+00,0.000000e+00,0.000000e+00,0.000000e+00,0.000000e+00,0.000000e+00,0.000000e+00,0.000000e+00,0.000000e+00,0.000000e+00,0.000000e+00,0.000000e+00,0.000000e+00
1.000000e+00,0.000000e+00,0.000000e+00,0.000000e+00,0.000000e+00,0.000000e+00,0.000000e+00,0.000000e+00,0.000000e+00,0.000000e+00,0.000000e+00,0.000000e+00,0.000000e+00,0.000000e+00,0.000000e+00
1.000000e+00,0.000000e+00,0.000000e+00,0.000000e+00,0.000000e+00,0.000000e+00,0.000000e+00,0.000000e+00,0.000000e+00,0.000000e+00,0.000000e+00,0.000000e+00,0.000000e+00,0.000000e+00,0.000000e+00
1.000000e+00,0.000000e+00,0.000000e+00,0.000000e+00,0.000000e+00,0.000000e+00,0.000000e+00,0.000000e+00,0.000000e+00,0.000000e+00,0.000000e+00,0.000000e+00,0.000000e+00,0.000000e+00,0.000000e+00
1.000000e+00,0.000000e+00,0.000000e+00,0.000000e+00,0.000000e+00,0.000000e+00,0.000000e+00,0.000000e+00,0.000000e+00,0.000000e+00,0.000000e+00,0.000000e+00,0.000000e+00,0.000000e+00,0.000000e+00
1.000000e+00,0.000000e+00,0.000000e+00,0.000000e+00,0.000000e+00,0.000000e+00,0.000000e+00,0.000000e+00,0.000000e+00,0.000000e+00,0.000000e+00,0.000000e+00,0.000000e+00,0.000000e+00,0.000000e+00
1.000000e+00,0.000000e+00,0.000000e+00,0.000000e+00,0.000000e+00,0.000000e+00,0.000000e+00,0.000000e+00,0.000000e+00,0.000000e+00,0.000000e+00,0.000000e+00,0.000000e+00,0.000000e+00,0.000000e+00
1.000000e+00,0.000000e+00,0.000000e+00,0.000000e+00,0.000000e+00,0.000000e+00,0.000000e+00,0.000000e+00,0.000000e+00,0.000000e+00,0.000000e+00,0.000000e+00,0.000000e+00,0.000000e+00,0.000000e+00
1.000000e+00,0.000000e+00,0.000000e+00,0.000000e+00,0.000000e+00,0.000000e+00,0.000000e+00,0.000000e+00,0.000000e+00,0.000000e+00,0.000000e+00,0.000000e+00,0.000000e+00,0.000000e+00,0.000000e+00
1.000000e+00,0.000000e+00,0.000000e+00,0.000000e+00,0.000000e+00,0.000000e+00,0.000000e+00,0.000000e+00,0.000000e+00,0.000000e+00,0.000000e+00,0.000000e+00,0.000000e+00,0.000000e+00,0.000000e+00
1.000000e+00,0.000000e+00,0.000000e+00,0.000000e+00,0.000000e+00,0.000000e+00,0.000000e+00,0.000000e+00,0.000000e+00,0.000000e+00,0.000000e+00,0.000000e+00,0.000000e+00,0.000000e+00,0.000000e+00
1.000000e+00,0.000000e+00,0.000000e+00,0.000000e+00,0.000000e+00,0.000000e+00,0.000000e+00,0.000000e+00,0.000000e+00,0.000000e+00,0.000000e+00,0.000000e+00,0.000000e+00,0.000000e+00,0.000000e+00
1.000000e+00,0.000000e+00,0.000000e+00,0.000000e+00,0.000000e+00,0.000000e+00,0.000000e+00,0.000000e+00,0.000000e+00,0.000000e+00,0.000000e+00,0.000000e+00,0.000000e+00,0.000000e+00,0.000000e+00
1.000000e+00,0.000000e+00,0.000000e+00,0.000000e+00,0.000000e+00,0.000000e+00,0.000000e+00,0.000000e+00,0.000000e+00,0.000000e+00,0.000000e+00,0.000000e+00,0.000000e+00,0.000000e+00,0.000000e+00
1.000000e+00,0.000000e+00,0.000000e+00,0.000000e+00,0.000000e+00,0.000000e+00,0.000000e+00,0.000000e+00,0.000000e+00,0.000000e+00,0.000000e+00,0.000000e+00,0.000000e+00,0.000000e+00,0.000000e+00
1.000000e+00,0.000000e+00,0.000000e+00,0.000000e+00,0.000000e+00,0.000000e+00,0.000000e+00,0.000000e+00,0.000000e+00,0.000000e+00,0.000000e+00,0.000000e+00,0.000000e+00,0.000000e+00,0.000000e+00
1.000000e+00,0.000000e+00,0.000000e+00,0.000000e+00,0.000000e+00,0.000000e+00,0.000000e+00,0.000000e+00,0.000000e+00,0.000000e+00,0.000000e+00,0.000000e+00,0.000000e+00,0.000000e+00,0.000000e+00
1.000000e+00,0.000000e+00,0.000000e+00,0.000000e+00,0.000000e+00,0.000000e+00,0.000000e+00,0.000000e+00,0.000000e+00,0.000000e+00,0.000000e+00,0.000000e+00,0.000000e+00,0.000000e+00,0.000000e+00
1.000000e+00,0.000000e+00,0.000000e+00,0.000000e+00,0.000000e+00,0.000000e+00,0.000000e+00,0.000000e+00,0.000000e+00,0.000000e+00,0.000000e+00,0.000000e+00,0.000000e+00,0.000000e+00,0.000000e+00
3.787267e-01,3.997605e-02,8.407823e-03,8.779161e-02,2.321963e-03,4.168545e-03,1.259363e-03,3.101575e-03,6.392884e-02,1.530586e-02,1.046393e-02,6.162758e-03,8.748189e-03,8.907717e-03,3.607291e-01
2.803577e-01,3.368863e-02,8.591071e-03,6.633878e-02,1.996360e-03,3.241010e-03,9.339111e-04,2.505246e-03,9.916393e-02,2.740074e-02,1.004429e-02,5.061855e-03,1.194618e-02,1.732772e-02,4.314026e-01
2.529963e-01,2.972427e-02,7.550521e-03,4.856151e-02,2.732766e-03,2.813524e-03,7.592650e-04,2.207542e-03,8.056422e-02,2.362973e-02,8.054819e-03,4.046252e-03,1.093101e-02,3.124524e-02,4.941830e-01
1.910488e-01,8.338085e-02,2.424154e-02,5.465941e-02,3.396789e-03,5.219961e-03,7.657640e-04,2.278536e-03,7.053801e-02,2.129985e-02,7.507615e-03,5.143594e-03,9.542208e-03,3.437102e-02,4.866060e-01
1.587707e-01,6.492709e-02,2.393633e-02,4.231808e-02,3.090677e-03,4.253547e-03,6.094259e-04,2.039891e-03,7.716800e-02,2.451944e-02,6.506262e-03,5.121120e-03,8.047328e-03,7.461284e-02,5.040792e-01
1.235245e-01,4.836213e-02,2.033150e-02,2.995465e-02,2.786037e-03,3.464406e-03,4.674212e-04,1.523145e-03,6.380140e-02,1.972247e-02,4.908224e-03,3.846638e-03,5.897690e-03,1.668099e-01,5.045999e-01
1.256777e-01,3.693849e-02,2.445511e-02,2.297142e-02,3.333294e-03,3.595883e-03,5.375240e-04,1.534225e-03,8.713785e-02,2.602083e-02,1.128873e-02,4.428367e-03,5.235318e-03,2.283485e-01,4.184968e-01
9.797189e-02,2.664248e-02,1.777251e-02,1.615730e-02,2.492624e-03,2.774289e-03,4.181947e-04,1.104079e-03,6.646834e-02,2.479235e-02,9.506281e-03,3.679729e-03,3.882733e-03,3.836948e-01,3.426424e-01
7.647866e-02,1.972355e-02,1.365072e-02,1.135978e-02,1.909431e-03,2.171488e-03,3.136903e-04,7.932975e-04,5.037189e-02,3.210301e-02,8.527978e-03,3.391786e-03,3.049305e-03,5.213431e-01,2.548123e-01
5.624690e-02,1.421929e-02,1.780543e-02,8.092805e-03,1.618431e-03,1.712513e-03,2.504003e-04,5.781305e-04,3.934993e-02,3.662989e-02,7.694270e-03,2.514417e-03,2.205820e-03,6.212992e-01,1.897825e-01
4.372094e-02,1.061450e-02,1.614468e-02,5.746706e-03,1.417071e-03,1.443881e-03,2.532136e-04,4.331890e-04,3.265499e-02,6.205746e-02,6.147521e-03,1.906627e-03,1.790263e-03,6.600261e-01,1.556429e-01
6.057724e-02,8.555925e-03,1.820223e-02,5.336207e-03,2.589803e-03,2.099527e-03,4.356455e-04,7.997770e-04,3.288346e-02,8.444920e-02,8.185007e-03,1.922847e-03,2.124492e-03,6.504316e-01,1.214071e-01
5.613635e-02,6.688145e-03,1.424135e-02,4.003949e-03,2.804724e-03,2.118175e-03,4.056547e-04,8.170122e-04,3.180783e-02,1.320979e-01,7.135635e-03,1.519771e-03,1.953618e-03,6.405048e-01,9.776517e-02
7.407553e-02,5.743942e-03,1.173255e-02,3.185393e-03,2.812505e-03,2.468024e-03,4.196822e-04,8.541557e-04,3.815627e-02,1.598589e-01,7.011780e-03,1.335519e-03,2.239446e-03,5.987680e-01,9.133838e-02
8.090463e-02,5.192722e-03,1.571944e-02,2.481319e-03,3.077843e-03,2.394452e-03,3.883094e-04,7.571807e-04,4.199340e-02,1.609562e-01,8.736817e-03,1.256077e-03,2.971640e-03,5.622361e-01,1.109339e-01
1.055591e-01,4.680887e-03,1.460356e-02,1.860480e-03,2.876490e-03,2.568199e-03,3.920861e-04,7.182196e-04,3.937061e-02,1.545347e-01,9.474847e-03,1.193569e-03,3.525421e-03,5.372807e-01,1.213611e-01
1.566381e-01,4.502309e-03,1.886205e-02,1.820078e-03,6.109525e-03,4.468085e-03,4.048271e-04,1.882295e-03,5.970296e-02,1.546616e-01,1.262533e-02,1.534819e-03,4.980249e-03,4.563428e-01,1.154649e-01
1.459692e-01,3.491495e-03,1.551520e-02,1.340721e-03,5.736892e-03,3.522002e-03,3.384942e-04,1.683366e-03,7.096820e-02,2.035079e-01,1.386837e-02,1.779773e-03,5.721407e-03,4.175682e-01,1.089888e-01
1.669895e-01,4.221447e-03,1.284497e-02,1.340544e-03,9.794526e-03,3.268860e-03,3.302120e-04,3.756041e-03,1.383490e-01,2.300764e-01,1.858892e-02,1.927175e-03,6.585166e-03,3.161810e-01,8.574628e-02
1.379218e-01,4.906550e-03,3.726870e-02,4.404132e-03,3.419193e-02,3.159918e-03,4.311643e-04,3.916269e-02,2.326363e-01,1.828609e-01,2.264812e-02,1.723610e-03,5.716547e-03,2.305548e-01,6.241282e-02
1.079167e-01,1.072872e-02,5.510532e-02,1.376875e-02,5.116846e-02,2.894155e-03,3.858144e-04,3.878919e-02,3.365774e-01,1.486058e-01,1.757829e-02,1.560920e-03,4.608134e-03,1.631547e-01,4.715758e-02
8.036019e-02,8.548015e-02,6.718420e-02,3.481679e-02,6.227647e-02,3.075501e-03,3.166558e-04,3.402519e-02,3.538165e-01,1.100357e-01,1.315313e-02,1.273964e-03,3.515522e-03,1.146100e-01,3.606005e-02
6.313580e-02,1.078927e-01,5.025824e-02,2.716069e-02,6.373762e-02,5.645326e-03,2.402630e-04,2.673418e-02,4.183117e-01,1.022845e-01,9.684966e-03,9.561613e-04,2.602099e-03,8.059650e-02,4.075928e-02
4.792682e-02,1.215157e-01,3.788322e-02,2.624080e-02,5.746547e-02,4.923153e-03,1.790586e-04,2.107064e-02,4.934551e-01,8.023151e-02,7.026770e-03,7.234326e-04,2.034742e-03,5.658700e-02,4.273660e-02
3.479638e-02,1.064932e-01,3.480748e-02,3.582478e-02,4.197889e-02,3.736901e-03,1.285969e-04,1.622944e-02,5.774181e-01,5.931012e-02,5.381956e-03,5.742580e-04,1.574366e-03,3.973635e-02,4.200919e-02
2.929821e-02,1.075605e-01,2.807632e-02,3.134721e-02,3.715617e-02,3.779527e-03,1.006086e-04,1.589459e-02,5.905834e-01,4.925261e-02,4.624460e-03,5.003290e-04,1.336656e-03,2.799259e-02,7.249688e-02
3.661100e-02,1.243219e-01,2.608397e-02,2.782347e-02,4.946565e-02,7.644345e-03,1.198637e-04,3.002145e-02,5.395022e-01,4.741006e-02,4.956449e-03,5.686621e-04,1.785425e-03,2.018224e-02,8.350328e-02
2.727532e-02,9.586119e-02,1.872032e-02,2.662278e-02,3.639807e-02,5.643334e-03,9.828195e-05,2.301533e-02,6.309486e-01,4.162522e-02,4.677003e-03,6.450224e-04,2.260167e-03,1.420289e-02,7.200649e-02
2.062564e-02,7.228178e-02,1.601910e-02,4.732308e-02,2.571315e-02,4.436155e-03,7.711083e-05,1.824515e-02,6.704111e-01,3.614541e-02,4.192661e-03,6.815274e-04,2.708270e-03,9.986673e-03,7.115322e-02
1.647985e-02,6.708560e-02,1.841634e-02,4.317139e-02,1.817848e-02,3.227114e-03,1.103526e-04,1.343821e-02,6.548377e-01,3.091684e-02,6.588358e-03,1.135113e-03,2.419123e-03,2.191740e-02,1.020782e-01
1.533100e-02,6.238132e-02,1.868219e-02,3.192220e-02,1.283835e-02,2.536853e-03,2.799415e-04,9.669648e-03,5.077153e-01,2.918152e-02,1.210050e-02,1.530744e-03,2.866153e-03,1.245289e-01,1.684355e-01
1.432211e-02,4.613288e-02,1.352715e-02,2.269373e-02,9.006217e-03,2.087821e-03,2.576694e-04,6.902294e-03,3.580541e-01,2.210526e-02,1.608296e-02,1.631523e-03,2.502779e-03,3.507782e-01,1.339153e-01
1.066420e-02,3.277939e-02,9.614132e-03,1.592107e-02,6.311242e-03,1.570260e-03,1.864664e-04,4.860641e-03,2.521791e-01,1.616933e-02,1.621741e-02,1.360338e-03,2.263136e-03,5.308613e-01,9.904198e-02
7.697036e-03,2.330253e-02,6.840648e-03,1.115546e-02,4.422074e-03,1.176305e-03,1.356955e-04,3.411011e-03,1.802788e-01,1.357041e-02,1.833674e-02,1.054571e-03,1.902123e-03,6.467209e-01,7.999568e-02
5.784517e-03,1.740704e-02,5.102769e-03,7.971049e-03,3.182810e-03,1.890274e-03,1.850032e-04,2.527785e-03,1.309480e-01,4.407044e-02,3.602380e-02,1.350876e-03,2.060585e-03,6.448478e-01,9.664725e-02
4.350587e-03,1.379044e-02,4.352518e-03,5.986352e-03,2.294661e-03,2.474121e-03,2.030889e-04,1.869743e-03,9.898269e-02,4.775511e-02,7.523549e-02,2.257616e-03,2.518760e-03,6.138980e-01,1.240308e-01
4.009922e-03,1.428478e-02,6.726797e-03,6.181342e-03,3.692348e-03,6.258008e-03,7.780577e-04,7.043643e-03,1.617641e-01,4.615100e-02,1.241966e-01,3.153691e-03,3.526853e-03,4.825262e-01,1.297068e-01
3.930544e-03,1.354714e-02,5.368522e-03,6.546204e-03,3.395176e-03,7.631972e-03,6.793348e-04,5.815553e-03,1.927495e-01,3.931854e-02,1.756319e-01,5.647984e-03,5.141270e-03,4.312928e-01,1.033036e-01
5.151637e-03,2.230735e-02,1.228850e-02,9.765115e-03,5.040037e-03,1.287283e-02,7.324113e-04,1.163522e-02,1.979733e-01,3.114458e-02,2.160063e-01,5.054910e-03,8.158122e-03,3.826252e-01,7.924444e-02
6.980257e-03,1.934855e-02,9.833631e-03,8.302418e-03,4.872485e-03,1.401720e-02,5.996188e-04,9.339965e-03,1.607504e-01,2.795560e-02,3.620064e-01,6.200589e-03,9.379211e-03,3.009234e-01,5.949022e-02
1.002168e-02,2.240001e-02,8.199378e-03,9.148745e-03,5.720273e-03,1.921183e-02,5.644980e-04,7.959512e-03,1.892673e-01,3.977411e-02,3.387454e-01,9.108055e-03,1.010279e-02,2.786536e-01,5.112277e-02
1.186697e-02,2.798660e-02,1.009126e-02,8.042707e-03,5.560762e-03,2.269449e-02,4.634267e-04,6.355091e-03,1.898211e-01,3.459600e-02,3.140672e-01,8.392252e-03,9.294689e-03,3.080384e-01,4.272905e-02
1.358564e-02,2.714603e-02,8.913261e-03,7.149809e-03,4.524846e-03,2.651357e-02,3.705297e-04,4.871884e-03,2.158702e-01,3.412307e-02,2.638684e-01,8.301943e-03,8.941044e-03,3.416389e-01,3.418093e-02
1.609423e-02,2.425452e-02,1.343927e-02,5.568349e-03,4.488684e-03,2.561697e-02,3.474562e-04,4.778164e-03,1.999073e-01,3.071256e-02,2.670310e-01,7.441474e-03,7.698393e-03,3.649263e-01,2.769527e-02
4.200405e-02,2.313335e-02,2.035308e-02,7.945856e-03,5.014614e-03,2.037538e-02,2.929351e-04,3.679026e-03,2.416227e-01,3.510376e-02,2.485731e-01,6.877443e-03,8.935675e-03,2.934751e-01,4.261398e-02
9.757252e-02,2.454539e-02,1.717508e-02,7.512867e-03,5.622938e-03,1.566402e-02,3.237597e-04,3.018041e-03,2.150740e-01,3.282137e-02,2.795462e-01,6.966637e-03,1.165375e-02,2.482091e-01,3.429429e-02
1.451780e-01,2.653795e-02,1.797260e-02,9.866221e-03,1.057901e-02,1.317954e-02,5.232613e-04,3.861852e-03,1.683109e-01,2.976443e-02,2.946154e-01,8.146629e-03,1.109550e-02,2.307096e-01,2.965921e-02
1.617923e-01,2.438847e-02,1.464707e-02,9.044242e-03,9.686743e-03,1.062266e-02,4.843045e-04,3.230270e-03,1.460696e-01,2.765478e-02,3.250833e-01,1.265721e-02,1.310301e-02,2.180937e-01,2.344231e-02
1.764455e-01,2.500146e-02,1.663786e-02,1.291867e-02,1.255207e-02,8.637034e-03,5.101480e-04,5.549647e-03,1.526949e-01,2.748394e-02,3.330521e-01,2.145531e-02,1.463384e-02,1.747052e-01,1.772229e-02
1.723449e-01,1.968246e-02,1.574986e-02,1.366218e-02,9.958441e-03,2.156340e-02,8.571182e-04,1.743286e-02,1.280423e-01,2.461120e-02,3.875931e-01,2.656403e-02,1.439997e-02,1.341505e-01,1.338758e-02
1.325794e-01,1.504278e-02,1.630173e-02,1.613656e-02,8.553415e-03,2.555119e-02,1.788389e-03,1.162007e-01,1.258953e-01,1.946841e-02,3.807336e-01,2.184248e-02,1.206271e-02,9.793188e-02,9.911471e-03
1.107020e-01,1.271091e-02,1.296576e-02,1.706827e-02,9.318150e-03,2.608798e-02,2.083962e-03,2.013611e-01,1.496140e-01,1.485165e-02,3.399856e-01,1.733277e-02,9.446985e-03,6.930088e-02,7.169978e-03
9.766516e-02,1.693067e-02,1.191610e-02,2.600445e-02,1.007757e-02,4.099809e-02,1.999174e-03,2.055953e-01,1.635152e-01,1.214844e-02,3.285739e-01,1.972311e-02,9.258621e-03,4.959964e-02,5.994587e-03
1.015867e-01,2.263222e-02,1.586463e-02,3.466745e-02,1.704574e-02,1.054299e-01,3.784928e-03,1.685587e-01,1.635552e-01,1.163935e-02,2.810757e-01,2.341509e-02,8.708919e-03,3.551198e-02,6.523437e-03
1.592264e-01,2.571324e-02,1.590338e-02,3.161169e-02,1.665086e-02,1.071068e-01,3.325390e-03,1.247192e-01,1.539800e-01,1.806314e-02,2.782518e-01,1.914355e-02,7.811537e-03,3.116950e-02,7.323606e-03
2.051528e-01,2.433121e-02,1.432295e-02,3.163973e-02,1.597879e-02,1.449383e-01,3.372239e-03,1.011488e-01,1.350886e-01,1.688223e-02,2.422404e-01,2.005347e-02,7.826969e-03,2.840964e-02,8.613843e-03
1.730327e-01,1.942496e-02,2.880560e-02,5.203735e-02,1.366985e-02,2.713608e-01,3.112884e-03,8.253162e-02,1.036019e-01,1.286169e-02,1.803897e-01,2.188940e-02,8.226069e-03,2.114653e-02,7.908975e-03
1.458562e-01,1.756130e-02,2.594399e-02,4.117534e-02,1.184744e-02,4.052593e-01,2.680828e-03,6.264640e-02,8.146460e-02,9.508898e-03,1.366719e-01,2.798997e-02,8.344263e-03,1.608432e-02,6.965357e-03
1.445814e-01,1.820813e-02,2.411178e-02,3.341903e-02,1.134591e-02,4.637610e-01,2.601533e-03,5.022997e-02,9.059560e-02,7.228522e-03,1.001876e-01,2.661620e-02,7.251696e-03,1.255123e-02,7.310419e-03
1.514027e-01,1.679336e-02,2.029457e-02,2.774584e-02,9.642278e-03,5.204644e-01,2.511890e-03,4.024190e-02,8.216736e-02,6.717412e-03,7.365997e-02,2.510213e-02,5.899656e-03,9.862971e-03,7.493583e-03
1.740005e-01,1.692582e-02,1.660341e-02,2.363248e-02,1.031886e-02,5.213288e-01,2.806769e-03,3.578556e-02,8.815151e-02,6.015374e-03,5.533515e-02,2.685051e-02,5.629708e-03,7.918876e-03,8.696685e-03
1.260074e-01,1.230849e-02,1.198103e-02,1.680134e-02,7.501503e-03,6.285424e-01,2.156921e-03,2.519507e-02,6.285359e-02,4.487090e-03,4.201465e-02,4.214263e-02,5.410823e-03,5.637951e-03,6.959147e-03
1.241518e-01,1.088947e-02,9.635695e-03,1.384111e-02,6.236582e-03,5.624186e-01,3.050167e-03,2.027204e-02,4.977999e-02,6.248033e-03,4.503224e-02,1.279974e-01,5.697943e-03,4.394792e-03,1.035415e-02
1.367595e-01,1.523096e-02,1.156045e-02,1.865933e-02,6.924474e-03,4.247954e-01,3.148481e-03,1.690503e-02,4.860954e-02,7.389562e-03,3.646541e-02,2.393299e-01,1.358890e-02,4.155139e-03,1.647793e-02
1.261687e-01,3.265696e-02,1.335266e-02,2.353989e-02,1.097962e-02,3.250398e-01,3.223840e-03,1.530609e-02,4.790281e-02,7.872167e-03,3.361873e-02,3.029206e-01,2.851356e-02,3.887896e-03,2.501664e-02
1.307985e-01,3.207841e-02,1.979243e-02,6.695545e-02,1.719696e-02,2.672575e-01,4.140947e-03,3.318705e-02,4.803026e-02,9.060943e-03,3.348283e-02,2.689326e-01,3.789884e-02,3.840947e-03,2.734627e-02
1.269404e-01,5.347322e-02,2.009298e-02,6.021530e-02,1.458168e-02,2.156924e-01,3.262829e-03,2.731936e-02,4.983205e-02,1.447633e-02,3.050749e-02,2.850922e-01,4.046462e-02,3.979938e-03,5.406915e-02
1.843868e-01,6.178500e-02,1.660426e-02,6.115906e-02,1.417453e-02,1.645285e-01,2.846466e-03,2.445113e-02,6.201213e-02,1.875240e-02,3.043039e-02,2.626761e-01,3.595351e-02,5.180588e-03,5.505909e-02
1.826060e-01,5.325611e-02,1.286188e-02,7.846555e-02,1.119656e-02,1.298214e-01,2.338480e-03,1.991827e-02,6.171095e-02,1.674024e-02,2.780760e-02,2.849621e-01,5.619717e-02,5.275127e-03,5.684251e-02
2.135699e-01,4.552203e-02,1.126158e-02,7.219381e-02,1.168445e-02,1.004706e-01,3.165160e-03,1.579038e-02,6.365725e-02,2.256185e-02,2.797550e-02,2.827220e-01,5.225442e-02,8.108720e-03,6.906231e-02
2.880650e-01,3.889626e-02,1.010146e-02,7.338928e-02,1.204847e-02,7.769375e-02,4.078299e-03,1.328526e-02,6.673205e-02,2.284691e-02,2.596541e-02,2.391832e-01,4.998295e-02,8.970570e-03,6.876118e-02
3.889080e-01,3.321800e-02,9.324393e-03,6.822968e-02,1.165780e-02,6.280196e-02,3.798262e-03,1.158263e-02,6.008605e-02,1.860259e-02,2.573084e-02,1.934955e-01,4.496414e-02,9.009160e-03,5.859096e-02
4.741598e-01,2.824083e-02,8.023609e-03,6.133797e-02,1.102985e-02,5.226314e-02,4.033146e-03,1.057304e-02,5.180565e-02,1.464316e-02,2.727364e-02,1.610236e-01,3.898865e-02,8.360980e-03,4.824281e-02
4.674581e-01,2.665962e-02,7.190345e-03,6.509258e-02,1.496472e-02,4.713914e-02,4.349229e-03,1.128722e-02,5.510225e-02,1.174820e-02,5.370481e-02,1.396453e-01,3.640424e-02,8.219637e-03,5.103461e-02
4.348863e-01,2.454190e-02,6.612184e-03,6.299151e-02,2.480103e-02,4.173271e-02,4.972992e-03,1.399164e-02,6.034134e-02,9.266222e-03,8.961569e-02,1.359007e-01,3.715006e-02,6.793536e-03,4.640224e-02
3.961602e-01,2.410491e-02,1.054746e-02,5.900839e-02,2.604856e-02,5.812470e-02,7.844277e-03,2.566154e-02,5.056825e-02,7.288609e-03,1.097034e-01,1.440407e-01,3.464942e-02,6.176346e-03,4.007321e-02
3.908251e-01,2.397528e-02,1.003383e-02,4.934178e-02,2.232291e-02,6.062500e-02,7.299738e-03,2.123109e-02,4.291315e-02,5.681062e-03,1.286890e-01,1.561277e-01,3.509191e-02,9.373321e-03,3.646915e-02
3.288583e-01,3.376349e-02,1.360362e-02,4.939692e-02,2.911612e-02,5.894650e-02,7.211647e-03,1.873744e-02,6.136952e-02,4.587457e-03,1.461865e-01,1.641749e-01,3.886901e-02,8.100409e-03,3.707819e-02
2.555367e-01,2.681656e-02,2.234010e-02,6.342679e-02,3.602058e-02,4.330881e-02,8.526942e-03,1.275970e-01,5.258985e-02,3.744544e-03,1.402064e-01,1.253068e-01,5.886626e-02,7.382627e-03,2.833006e-02
2.178541e-01,3.298946e-02,3.031057e-02,7.469082e-02,4.550003e-02,4.424147e-02,7.024864e-03,1.287250e-01,8.463676e-02,3.512372e-03,1.307498e-01,1.185599e-01,5.244635e-02,6.179990e-03,2.257853e-02
1.903417e-01,3.214747e-02,2.705522e-02,6.887908e-02,5.469508e-02,3.603229e-02,5.930866e-03,1.065377e-01,1.498242e-01,3.189997e-03,1.383167e-01,1.143379e-01,4.686353e-02,5.487113e-03,2.036140e-02
1.473537e-01,2.377460e-02,2.916101e-02,6.524014e-02,7.556617e-02,2.726122e-02,5.489574e-03,2.442195e-01,1.323613e-01,2.724228e-03,1.041954e-01,8.718780e-02,3.667331e-02,4.168852e-03,1.462312e-02
1.216409e-01,1.738399e-02,3.809955e-02,7.027668e-02,7.717681e-02,2.055616e-02,4.246183e-03,3.664569e-01,1.014584e-01,2.180049e-03,7.609638e-02,6.305680e-02,2.768810e-02,3.185973e-03,1.049701e-02
9.287213e-02,1.414255e-02,3.400273e-02,5.512586e-02,8.622470e-02,1.631541e-02,3.385374e-03,4.713500e-01,9.270927e-02,1.631672e-03,5.637003e-02,4.495494e-02,2.094283e-02,2.392901e-03,7.579579e-03
7.341159e-02,1.010399e-02,2.725423e-02,4.464592e-02,7.060052e-02,1.354759e-02,2.565896e-03,5.968864e-01,6.624400e-02,1.229309e-03,3.962816e-02,3.181978e-02,1.490484e-02,1.736238e-03,5.421529e-03
5.959772e-02,7.200261e-03,2.251317e-02,3.658297e-02,5.636060e-02,1.109436e-02,1.958864e-03,6.892701e-01,4.715877e-02,1.113076e-03,2.817129e-02,2.277052e-02,1.101706e-02,1.267572e-03,3.923686e-03
5.192435e-02,5.185334e-03,1.636615e-02,3.028613e-02,4.625787e-02,8.201042e-03,1.562666e-03,7.584420e-01,3.349713e-02,8.010916e-04,1.986395e-02,1.607230e-02,7.827738e-03,9.096156e-04,2.802587e-03
4.356596e-02,3.771622e-03,1.211472e-02,2.524319e-02,3.541867e-02,6.244721e-03,1.199395e-03,8.142645e-01,2.386531e-02,5.802812e-04,1.403952e-02,1.135697e-02,5.664397e-03,6.720169e-04,1.998707e-03
3.483118e-02,2.761687e-03,8.862391e-03,1.973809e-02,2.675704e-02,4.699939e-03,8.928578e-04,8.601336e-01,1.707751e-02,4.139447e-04,9.878306e-03,7.994937e-03,4.057640e-03,4.854946e-04,1.415326e-03
2.910146e-02,1.977904e-03,6.458268e-03,1.454812e-02,1.966925e-02,3.647282e-03,6.634910e-04,8.945321e-01,1.230431e-02,2.926750e-04,6.940900e-03,5.627539e-03,2.885730e-03,3.514988e-04,9.994684e-04
3.093008e-02,1.549763e-03,4.987691e-03,1.078315e-02,1.521293e-02,3.210555e-03,5.291012e-04,9.112227e-01,9.265874e-03,2.119011e-04,4.903343e-03,4.053274e-03,2.117030e-03,2.716381e-04,7.509866e-04
7.396160e-02,2.119684e-03,3.742807e-03,1.196904e-02,1.110004e-02,4.074854e-03,4.250016e-04,7.997636e-01,1.119046e-02,6.750948e-04,1.219135e-02,3.908090e-02,2.726875e-02,7.904923e-04,1.646308e-03
5.505395e-02,1.631914e-03,2.874357e-03,6.059562e-02,7.981634e-03,5.091069e-03,3.354400e-04,6.113850e-01,9.246290e-03,1.073402e-03,1.896380e-02,1.852769e-01,3.760748e-02,1.382279e-03,1.500957e-03
5.555860e-02,1.435978e-03,2.334269e-03,5.422143e-02,5.770853e-03,5.755127e-03,3.650618e-04,4.603992e-01,9.482447e-03,9.454072e-04,2.329246e-02,3.219826e-01,5.433879e-02,2.694070e-03,1.423740e-03
5.365091e-02,1.070188e-03,1.727933e-03,4.003493e-02,4.208609e-03,5.628847e-03,3.903314e-04,3.259957e-01,9.484275e-03,7.788397e-04,2.172252e-02,4.792666e-01,5.219244e-02,2.763472e-03,1.084323e-03
6.711184e-02,9.158378e-04,1.362876e-03,2.909376e-02,3.390854e-03,5.542424e-03,5.073835e-04,2.294390e-01,1.126077e-02,1.194179e-03,1.859732e-02,5.841862e-01,4.308297e-02,3.318299e-03,9.963257e-04
5.164722e-02,9.739012e-04,1.008502e-03,2.049584e-02,4.633483e-03,4.300661e-03,4.708151e-04,1.610386e-01,1.026729e-02,2.617218e-03,1.480744e-02,6.907690e-01,3.333263e-02,2.899040e-03,7.384956e-04
3.688240e-02,9.753914e-04,8.628399e-04,1.439370e-02,5.762372e-03,3.113297e-03,3.772890e-04,1.128978e-01,8.375644e-03,3.674902e-03,1.295580e-02,7.698269e-01,2.652942e-02,2.834385e-03,5.378508e-04
2.674257e-02,8.721909e-04,8.734844e-04,1.016449e-02,1.691681e-02,2.534388e-03,7.184690e-04,7.927378e-02,8.075988e-03,7.830380e-03,1.218182e-02,8.094452e-01,2.109318e-02,2.843748e-03,4.334744e-04
1.892162e-02,6.674460e-04,6.848520e-04,7.156665e-03,2.447230e-02,1.852903e-03,6.300050e-04,5.557394e-02,6.331951e-03,7.389487e-03,1.158617e-02,8.455597e-01,1.557694e-02,3.267345e-03,3.286569e-04
1.448958e-02,6.201938e-04,5.801510e-04,5.055967e-03,2.463704e-02,1.640672e-03,5.364585e-04,3.899530e-02,5.383538e-03,9.316314e-03,3.049891e-02,8.475808e-01,1.295618e-02,7.436310e-03,2.726214e-04
1.081088e-02,6.519119e-04,7.868600e-04,3.573184e-03,6.487583e-02,1.418187e-03,8.510738e-04,2.749038e-02,8.101825e-03,1.131820e-02,3.413684e-02,8.160759e-01,1.148037e-02,8.183046e-03,2.455573e-04
9.723671e-03,5.490574e-04,7.741625e-04,2.620762e-03,6.034429e-02,1.598407e-03,1.186423e-03,1.955385e-02,7.341845e-03,1.750227e-02,3.332302e-02,8.266131e-01,1.003089e-02,8.608833e-03,2.295156e-04
8.364635e-03,7.756748e-04,6.709580e-04,2.358372e-03,8.798609e-02,2.543457e-03,2.503135e-03,1.411344e-02,1.508202e-02,3.557610e-02,2.995284e-02,7.821759e-01,1.066486e-02,6.966935e-03,2.656282e-04
1.103446e-02,1.206844e-03,9.118158e-04,2.110905e-03,1.342263e-01,6.038558e-03,3.764608e-03,1.163326e-02,2.270755e-02,5.021212e-02,2.862283e-02,7.095366e-01,1.182080e-02,5.792770e-03,3.806844e-04
1.049540e-02,1.026481e-03,9.060288e-04,1.697576e-03,1.591957e-01,5.175161e-03,5.358025e-03,9.416881e-03,3.263510e-02,4.029442e-02,2.651912e-02,6.875100e-01,1.483378e-02,4.567727e-03,3.686914e-04
1.100783e-02,9.039155e-04,1.119528e-03,1.394896e-03,1.677028e-01,5.388810e-03,7.432629e-03,9.254669e-03,3.800423e-02,3.252643e-02,2.846985e-02,6.641889e-01,2.835299e-02,3.863689e-03,3.889471e-04
1.141244e-02,8.352704e-04,1.294369e-03,1.132493e-03,2.558285e-01,5.152021e-03,1.544363e-02,1.507083e-02,5.739021e-02,2.432525e-02,2.598471e-02,5.491719e-01,3.368089e-02,2.918601e-03,3.589173e-04
1.589131e-02,1.184470e-03,4.227279e-03,4.635343e-03,2.586220e-01,5.498297e-03,1.228700e-02,1.091542e-01,6.172691e-02,1.952150e-02,2.450970e-02,4.426202e-01,3.703954e-02,2.445058e-03,6.373069e-04
2.520573e-02,1.552465e-03,7.295043e-03,5.717007e-03,2.653705e-01,8.033323e-03,1.023964e-02,1.798111e-01,5.971754e-02,1.521172e-02,2.286438e-02,3.587410e-01,3.712977e-02,2.347311e-03,7.634315e-04
7.859485e-02,3.473426e-03,7.477060e-03,1.156431e-02,3.204587e-01,1.661160e-02,1.172016e-02,1.367528e-01,7.582334e-02,1.240178e-02,1.963974e-02,2.692456e-01,3.116647e-02,2.265067e-03,2.805190e-03
1.614385e-01,4.787191e-03,6.350620e-03,2.083499e-02,3.321480e-01,1.721217e-02,1.484404e-02,1.062248e-01,7.066162e-02,9.521133e-03,2.697925e-02,1.992264e-01,2.385993e-02,2.010006e-03,3.901328e-03
2.552403e-01,7.116911e-03,5.123198e-03,3.436892e-02,2.753899e-01,2.338635e-02,1.565329e-02,7.777304e-02,6.487898e-02,7.512315e-03,4.149522e-02,1.618147e-01,2.114187e-02,2.040241e-03,7.064842e-03
2.633145e-01,1.044922e-02,6.960737e-03,5.862345e-02,2.619659e-01,2.119036e-02,1.394351e-02,5.953651e-02,6.213479e-02,9.566988e-03,8.292608e-02,1.227723e-01,1.730956e-02,2.435087e-03,6.871040e-03
2.495819e-01,1.515011e-02,9.911293e-03,5.856976e-02,2.811707e-01,1.758201e-02,1.230552e-02,4.984984e-02,6.529037e-02,2.065573e-02,9.655880e-02,9.977793e-02,1.358533e-02,4.622126e-03,5.388655e-03
2.184259e-01,1.649503e-02,1.299297e-02,5.421698e-02,3.241469e-01,1.585972e-02,1.131806e-02,4.480162e-02,6.549916e-02,2.009686e-02,1.017676e-01,9.342135e-02,1.081153e-02,5.945436e-03,4.200967e-03
2.028782e-01,1.682166e-02,1.525647e-02,5.520004e-02,3.678533e-01,1.231293e-02,9.337281e-03,4.289765e-02,5.356537e-02,1.638143e-02,1.114199e-01,7.914368e-02,8.133744e-03,5.602618e-03,3.195815e-03
1.857532e-01,1.884064e-02,1.353941e-02,7.217076e-02,3.860132e-01,1.081100e-02,8.894682e-03,6.665367e-02,4.480185e-02,1.308775e-02,9.378847e-02,7.187460e-02,6.546118e-03,4.676948e-03,2.547733e-03
1.812915e-01,1.709668e-02,1.335310e-02,9.861287e-02,4.076008e-01,2.009886e-02,8.589049e-03,5.431918e-02,4.745240e-02,1.184361e-02,7.048487e-02,5.650714e-02,6.249538e-03,3.611377e-03,2.889142e-03
1.890494e-01,1.579326e-02,1.107460e-02,7.658017e-02,4.471562e-01,3.089888e-02,6.930412e-03,4.087914e-02,6.379673e-02,8.946865e-03,5.457503e-02,4.369083e-02,5.189274e-03,2.849441e-03,2.589873e-03
2.304040e-01,2.577987e-02,1.012520e-02,6.050282e-02,3.890933e-01,7.804552e-02,5.500826e-03,3.093684e-02,5.866078e-02,7.321933e-03,4.962058e-02,4.366609e-02,4.357805e-03,2.747944e-03,3.236590e-03
2.765957e-01,5.027668e-02,1.133519e-02,5.172001e-02,2.975779e-01,1.117160e-01,5.516436e-03,2.447575e-02,4.705903e-02,9.287181e-03,4.824867e-02,5.047880e-02,4.863771e-03,5.583107e-03,5.265823e-03
2.326680e-01,1.780150e-01,1.351342e-02,3.902921e-02,2.242890e-01,1.238350e-01,4.786514e-03,1.842754e-02,3.552998e-02,1.047102e-02,4.787702e-02,5.671162e-02,4.111217e-03,5.082137e-03,5.653377e-03
2.221126e-01,2.248897e-01,1.389761e-02,2.844282e-02,1.609931e-01,1.659163e-01,4.952290e-03,1.447642e-02,2.691448e-02,9.099397e-03,4.254298e-02,6.835326e-02,5.294490e-03,5.153192e-03,6.961307e-03
2.298590e-01,2.360995e-01,1.258004e-02,2.118370e-02,1.159102e-01,1.897944e-01,5.302466e-03,1.120850e-02,2.067851e-02,7.976020e-03,3.938244e-02,9.323429e-02,5.497223e-03,4.327289e-03,6.966423e-03
1.661166e-01,2.498915e-01,1.081136e-02,1.508556e-02,8.415890e-02,2.574475e-01,4.219742e-03,8.031070e-03,1.493740e-02,7.043210e-03,3.892008e-02,1.300302e-01,4.354867e-03,3.408151e-03,5.543864e-03
1.164407e-01,1.918206e-01,8.048632e-03,1.061426e-02,5.942174e-02,3.418559e-01,3.068816e-03,5.657069e-03,1.054802e-02,5.016441e-03,3.668810e-02,2.012811e-01,3.135468e-03,2.432793e-03,3.970316e-03
8.157970e-02,1.421263e-01,5.940521e-03,7.456961e-03,4.176030e-02,3.613442e-01,2.215508e-03,3.984289e-03,7.466290e-03,3.601619e-03,4.264439e-02,2.930359e-01,2.267244e-03,1.747511e-03,2.829227e-03
5.714268e-02,1.003807e-01,4.275599e-03,5.238635e-03,2.928280e-02,2.705002e-01,1.565754e-03,2.820790e-03,5.442861e-03,2.575754e-03,5.494714e-02,4.607919e-01,1.683769e-03,1.327043e-03,2.024485e-03
4.004054e-02,7.057878e-02,3.040911e-03,3.675261e-03,2.054076e-02,1.895951e-01,1.121392e-03,2.003554e-03,4.008072e-03,2.648493e-03,4.310499e-02,6.160454e-01,1.197966e-03,9.488604e-04,1.450024e-03
2.814744e-02,4.956664e-02,2.202967e-03,2.579320e-03,1.445754e-02,1.329921e-01,8.160720e-04,1.459170e-03,3.137743e-03,2.463837e-03,3.617860e-02,7.233835e-01,8.662202e-04,6.947758e-04,1.054085e-03
1.999423e-02,3.477371e-02,1.612286e-03,1.812373e-03,1.030772e-02,9.323657e-02,5.964857e-04,1.111554e-03,3.041702e-03,2.823844e-03,3.541237e-02,7.933191e-01,6.629352e-04,5.367830e-04,7.583729e-04
1.425921e-02,2.443133e-02,1.183775e-03,1.272873e-03,7.371041e-03,6.542227e-02,4.664758e-04,8.861045e-04,3.260068e-03,3.841256e-03,3.116645e-02,8.449830e-01,4.994616e-04,4.088736e-04,5.478956e-04
1.034174e-02,1.716647e-02,1.020502e-03,8.947761e-04,5.590288e-03,4.616189e-02,4.771393e-04,8.637521e-04,6.035123e-03,5.111501e-03,2.713195e-02,8.779656e-01,4.845021e-04,3.560824e-04,3.987384e-04
7.398089e-03,1.204007e-02,9.084694e-04,6.438371e-04,4.479724e-03,3.363258e-02,5.393635e-04,6.845839e-04,7.560198e-03,7.484458e-03,2.280124e-02,9.002439e-01,8.495730e-04,4.109747e-04,3.229046e-04
5.278977e-03,8.520699e-03,1.365710e-03,4.674010e-04,4.360434e-03,2.524057e-02,5.965750e-04,6.386306e-04,1.265400e-02,7.230720e-03,2.143916e-02,9.103305e-01,1.020311e-03,5.639216e-04,2.923685e-04
3.727988e-03,6.031113e-03,1.158206e-03,3.676956e-04,3.441626e-03,2.072738e-02,4.726595e-04,4.779086e-04,1.253985e-02,6.973319e-03,2.085465e-02,9.212612e-01,1.022429e-03,6.814922e-04,2.624865e-04
2.636624e-03,4.279792e-03,1.014328e-03,3.153739e-04,3.547947e-03,1.611922e-02,3.880203e-04,3.718789e-04,1.328314e-02,5.709463e-03,1.805861e-02,9.319276e-01,1.354672e-03,7.707496e-04,2.226165e-04
2.043461e-03,3.459476e-03,1.350941e-03,5.560677e-04,6.651388e-03,1.201234e-02,3.492624e-04,7.226119e-04,2.713257e-02,8.064318e-03,6.357019e-02,8.672342e-01,3.043272e-03,3.130340e-03,6.794899e-04
1.876760e-03,5.374322e-03,4.766469e-03,1.290363e-03,1.193818e-02,8.800000e-03,3.184081e-04,1.635509e-03,5.382638e-02,1.123549e-02,8.108284e-02,7.891629e-01,1.592552e-02,1.098319e-02,1.783624e-03
1.608309e-03,1.013654e-02,6.461258e-03,1.711073e-03,1.314885e-02,6.470126e-03,2.520638e-04,2.074856e-03,9.516367e-02,1.178887e-02,8.391923e-02,7.174025e-01,3.391038e-02,1.359278e-02,2.359434e-03
2.936219e-03,3.488744e-02,1.427210e-02,2.738059e-03,2.225634e-02,7.302458e-03,3.367727e-04,1.167115e-02,2.426729e-01,1.066476e-02,6.678817e-02,5.390619e-01,2.883564e-02,1.240023e-02,3.175815e-03
2.333830e-03,3.771564e-02,1.036456e-02,2.025930e-03,1.825518e-02,6.313297e-03,2.640797e-04,9.401990e-03,4.470022e-01,7.647984e-03,4.780916e-02,3.787948e-01,2.061721e-02,9.159499e-03,2.294600e-03
