1.000000e+00,0.000000e+00,0.000000e+00,0.000000e+00,0.000000e+00,0.000000e+00,0.000000e+00,0.000000e+00,0.000000e+00,0.000000e+00,0.000000e+00,0.000000e+00,0.000000e+00,0.000000e+00,0.000000e+00
1.000000e+00,0.000000e+00,0.000000e+00,0.000000e+00,0.000000e+00,0.000000e+00,0.000000e+00,0.000000e+00,0.000000e+00,0.000000e+00,0.000000e+00,0.000000e+00,0.000000e+00,0.000000e+00,0.000000e+00
1.000000e+00,0.000000e+00,0.000000e+00,0.000000e+00,0.000000e+00,0.000000e+00,0.000000e+00,0.000000e+00,0.000000e+00,0.000000e+00,0.000000e+00,0.000000e+00,0.000000e+00,0.000000e+00,0.000000e+00
1.000000e+00,0.000000e+00,0.000000e+00,0.000000e+00,0.000000e+00,0.000000e+00,0.000000e+00,0.000000e+00,0.000000e+00,0.000000e+00,0.000000e+00,0.000000e+00,0.000000e+00,0.000000e+00,0.000000e+00
1.000000e+00,0.000000e+00,0.000000e+00,0.000000e+00,0.000000e+00,0.000000e+00,0.000000e+00,0.000000e+00,0.000000e+00,0.000000e+00,0.000000e+00,0.000000e+00,0.000000e+00,0.000000e+00,0.000000e+00
1.000000e+00,0.000000e+00,0.000000e+00,0.000000e+00,0.000000e+00,0.000000e+00,0.000000e+00,0.000000e+00,0.000000e+00,0.000000e+00,0.000000e+00,0.000000e+00,0.000000e+00,0.000000e+00,0.000000e+00
1.000000e+00,0.000000e+00,0.000000e+00,0.000000e+00,0.000000e+00,0.000000e+00,0.000000e+00,0.000000e+00,0.000000e+00,0.000000e+00,0.000000e+00,0.000000e+00,0.000000e+00,0.000000e+00,0.000000e+00
1.000000e+00,0.000000e+00,0.000000e+00,0.000000e+00,0.000000e+00,0.000000e+00,0.000000e+00,0.000000e+00,0.000000e+00,0.000000e+00,0.000000e+00,0.000000e+00,0.000000e+00,0.000000e+00,0.000000e+00
1.000000e+00,0.000000e+00,0.000000e+00,0.000000e+00,0.000000e+00,0.000000e+00,0.000000e+00,0.000000e+00,0.000000e+00,0.000000e+00,0.000000e+00,0.000000e+00,0.000000e+00,0.000000e+00,0.000000e+00
1.000000e+00,0.000000e+00,0.000000e+00,0.000000e+00,0.000000e+00,0.000000e+00,0.000000e+00,0.000000e+00,0.000000e+00,0.000000e+00,0.000000e+00,0.000000e+00,0.000000e+00,0.000000e+00,0.000000e+00
1.000000e+00,0.000000e+00,0.000000e+00,0.000000e+00,0.000000e+00,0.000000e+00,0.000000e+00,0.000000e+00,0.000000e+00,0.000000e+00,0.000000e+00,0.000000e+00,0.000000e+00,0.000000e+00,0.000000e+00
1.000000e+00,0.000000e+00,0.000000e+00,0.000000e+00,0.000000e+00,0.000000e+00,0.000000e+00,0.000000e+00,0.000000e+00,0.000000e+00,0.000000e+00,0.000000e+00,0.000000e+00,0.000000e+00,0.000000e+00
1.000000e+00,0.000000e+00,0.000000e+00,0.000000e+00,0.000000e+00,0.000000e+00,0.000000e+00,0.000000e+00,0.000000e+00,0.000000e+00,0.000000e+00,0.000000e+00,0.000000e+00,0.000000e+00,0.000000e+00
1.000000e+00,0.000000e+00,0.000000e+00,0.000000e+00,0.000000e+00,0.000000e+00,0.000000e+00,0.000000e+00,0.000000e+00,0.000000e+00,0.000000e+00,0.000000e+00,0.000000e+00,0.000000e+00,0.000000e+00
1.000000e+00,0.000000e+00,0.000000e+00,0.000000e+00,0.000000e+00,0.000000e+00,0.000000e+00,0.000000e+00,0.000000e+00,0.000000e+00,0.000000e+00,0.000000e+00,0.000000e+00,0.000000e+00,0.000000e+00
1.000000e+00,0.000000e+00,0.000000e+00,0.000000e+00,0.000000e+00,0.000000e+00,0.000000e+00,0.000000e+00,0.000000e+00,0.000000e+00,0.000000e+00,0.000000e+00,0.000000e+00,0.000000e+00,0.000000e+00
1.000000e+00,0.000000e+00,0.000000e+00,0.000000e+00,0.000000e+00,0.000000e+00,0.000000e+00,0.000000e+00,0.000000e+00,0.000000e+00,0.000000e+00,0.000000e+00,0.000000e+00,0.000000e+00,0.000000e+00
1.000000e+00,0.000000e+00,0.000000e+00,0.000000e+00,0.000000e+00,0.000000e+00,0.000000e+00,0.000000e+00,0.000000e+00,0.000000e+00,0.000000e+00,0.000000e+00,0.000000e+00,0.000000e+00,0.000000e+00
1.000000e+00,0.000000e+00,0.000000e+00,0.000000e+00,0.000000e+00,0.000000e+00,0.000000e+00,0.000000e+00,0.000000e+00,0.000000e+00,0.000000e+00,0.000000e+00,0.000000e+00,0.000000e+00,0.000000e+00
1.000000e+00,0.000000e+00,0.000000e+00,0.000000e+00,0.000000e+00,0.000000e+00,0.000000e+00,0.000000e+00,0.000000e+00,0.000000e+00,0.000000e+00,0.000000e+00,0.000000e+00,0.000000e+00,0.000000e+00
1.000000e+00,0.000000e+00,0.000000e+00,0.000000e+00,0.000000e+00,0.000000e+00,0.000000e+00,0.000000e+00,0.000000e+00,0.000000e+00,0.000000e+00,0.000000e+00,0.000000e+00,0.000000e+00,0.000000e+00
1.000000e+00,0.000000e+00,0.000000e+00,0.000000e+00,0.000000e+00,0.000000e+00,0.000000e+00,0.000000e+00,0.000000e+00,0.000000e+00,0.000000e+00,0.000000e+00,0.000000e+00,0.000000e+00,0.000000e+00
1.000000e+00,0.000000e+00,0.000000e+00,0.000000e+00,0.000000e+00,0.000000e+00,0.000000e+00,0.000000e+00,0.000000e+00,0.000000e+00,0.000000e+00,0.000000e+00,0.000000e+00,0.000000e+00,0.000000e+00
1.000000e+00,0.000000e+00,0.000000e+00,0.000000e+00,0.000000e+00,0.000000e+00,0.000000e+00,0.000000e+00,0.000000e+00,0.000000e+00,0.000000e+00,0.000000e+00,0.000000e+00,0.000000e+00,0.000000e+00
1.000000e+00,0.000000e+00,0.000000e+00,0.000000e+00,0.000000e+00,0.000000e+00,0.000000e+00,0.000000e+00,0.000000e+00,0.000000e+00,0.000000e+00,0.000000e+00,0.000000e+00,0.000000e+00,0.000000e+00
1.000000e+00,0.000000e+00,0.000000e+00,0.000000e+00,0.000000e+00,0.000000e+00,0.000000e+00,0.000000e+00,0.000000e+00,0.000000e+00,0.000000e+00,0.000000e+00,0.000000e+00,0.000000e+00,0.000000e+00
1.000000e+00,0.000000e+00,0.000000e+00,0.000000e+00,0.000000e+00,0.000000e+00,0.000000e+00,0.000000e+00,0.000000e+00,0.000000e+00,0.000000e+00,0.000000e+00,0.000000e+00,0.000000e+00,0.000000e+00
1.000000e+00,0.000000e+00,0.000000e+00,0.000000e+00,0.000000e+00,0.000000e+00,0.000000e+00,0.000000e+00,0.000000e+00,0.000000e+00,0.000000e+00,0.000000e+00,0.000000e+00,0.000000e+00,0.000000e+00
1.000000e+00,0.000000e+00,0.000000e+00,0.000000e+00,0.000000e+00,0.000000e+00,0.000000e+00,0.000000e+00,0.000000e+00,0.000000e+00,0.000000e+00,0.000000e+00,0.000000e+00,0.000000e+00,0.000000e+00
1.000000e+00,0.000000e+00,0.000000e+00,0.000000e+00,0.000000e+00,0.000000e+00,0.000000e+00,0.000000e+00,0.000000e+00,0.000000e+00,0.000000e+00,0.000000e+00,0.000000e+00,0.000000e+00,0.000000e+00
1.000000e+00,0.000000e+00,0.000000e+00,0.000000e+00,0.000000e+00,0.000000e+00,0.000000e+00,0.000000e+00,0.000000e+00,0.000000e+00,0.000000e+00,0.000000e+00,0.000000e+00,0.000000e+00,0.000000e+00
1.000000e+00,0.000000e+00,0.000000e+00,0.000000e+00,0.000000e+00,0.000000e+00,0.000000e+00,0.000000e+00,0.000000e+00,0.000000e+00,0.000000e+00,0.000000e+00,0.000000e+00,0.000000e+00,0.000000e+00
1.000000e+00,0.000000e+00,0.000000e+00,0.000000e+00,0.000000e+00,0.000000e+00,0.000000e+00,0.000000e+00,0.000000e+00,0.000000e+00,0.000000e+00,0.000000e+00,0.000000e+00,0.000000e+00,0.000000e+00
1.000000e+00,0.000000e+00,0.000000e+00,0.000000e+00,0.000000e+00,0.000000e+00,0.000000e+00,0.000000e+00,0.000000e+00,0.000000e+00,0.000000e+00,0.000000e+00,0.000000e+00,0.000000e+00,0.000000e+00
1.000000e+00,0.000000e+00,0.000000e+00,0.000000e+00,0.000000e+00,0.000000e+00,0.000000e+00,0.000000e+00,0.000000e+00,0.000000e+00,0.000000e+00,0.000000e+00,0.000000e+00,0.000000e+00,0.000000e+00
1.000000e+00,0.000000e+00,0.000000e+00,0.000000e+00,0.000000e+00,0.000000e+00,0.000000e+00,0.000000e+00,0.000000e+00,0.000000e+00,0.000000e+00,0.000000e+00,0.000000e+00,0.000000e+00,0.000000e+00
1.000000e+00,0.000000e+00,0.000000e+00,0.000000e+00,0.000000e+00,0.000000e+00,0.000000e+00,0.000000e+00,0.000000e+00,0.000000e+00,0.000000e+00,0.000000e+00,0.000000e+00,0.000000e+00,0.000000e+00
1.000000e+00,0.000000e+00,0.000000e+00,0.000000e+00,0.000000e+00,0.000000e+00,0.000000e+00,0.000000e+00,0.000000e+00,0.000000e+00,0.000000e+00,0.000000e+00,0.000000e+00,0.000000e+00,0.000000e+00
1.000000e+00,0.000000e+00,0.000000e+00,0.000000e+00,0.000000e+00,0.000000e+00,0.000000e+00,0.000000e+00,0.000000e+00,0.000000e+00,0.000000e+00,0.000000e+00,0.000000e+00,0.000000e+00,0.000000e+00
1.000000e+00,0.000000e+00,0.000000e+00,0.000000e+00,0.000000e+00,0.000000e+00,0.000000e+00,0.000000e+00,0.000000e+00,0.000000e+00,0.000000e+00,0.000000e+00,0.000000e+00,0.000000e+00,0.000000e+00
1.000000e+00,0.000000e+00,0.000000e+00,0.000000e+00,0.000000e+00,0.000000e+00,0.000000e+00,0.000000e+00,0.000000e+00,0.000000e+00,0.000000e+00,0.000000e+00,0.000000e+00,0.000000e+00,0.000000e+00
1.000000e+00,0.000000e+00,0.000000e+00,0.000000e+00,0.000000e+00,0.000000e+00,0.000000e+00,0.000000e+00,0.000000e+00,0.000000e+00,0.000000e+00,0.000000e+00,0.000000e+00,0.000000e+00,0.000000e+00
1.000000e+00,0.000000e+00,0.000000e+00,0.000000e+00,0.000000e+00,0.000000e+00,0.000000e+00,0.000000e+00,0.000000e+00,0.000000e+00,0.000000e+00,0.000000e+00,0.000000e+00,0.000000e+00,0.000000e+00
1.000000e+00,0.000000e+00,0.000000e+00,0.000000e+00,0.000000e+00,0.000000e+00,0.000000e+00,0.000000e+00,0.000000e+00,0.000000e+00,0.000000e+00,0.000000e+00,0.000000e+00,0.000000e+00,0.000000e+00
1.000000e+00,0.000000e+00,0.000000e+00,0.000000e+00,0.000000e+00,0.000000e+00,0.000000e+00,0.000000e+00,0.000000e+00,0.000000e+00,0.000000e+00,0.000000e+00,0.000000e+00,0.000000e+00,0.000000e+00
1.000000e+00,0.000000e+00,0.000000e+00,0.000000e+00,0.000000e+00,0.000000e+00,0.000000e+00,0.000000e+00,0.000000e+00,0.000000e+00,0.000000e+00,0.000000e+00,0.000000e+00,0.000000e+00,0.000000e+00
1.000000e+00,0.000000e+00,0.000000e+00,0.000000e+00,0.000000e+00,0.000000e+00,0.000000e+00,0.000000e+00,0.000000e+00,0.000000e+00,0.000000e+00,0.000000e+00,0.000000e+00,0.000000e+00,0.000000e+00
1.000000e+00,0.000000e+00,0.000000e+00,0.000000e+00,0.000000e+00,0.000000e+00,0.000000e+00,0.000000e+00,0.000000e+00,0.000000e+00,0.000000e+00,0.000000e+00,0.000000e+00,0.000000e+00,0.000000e+00
1.000000e+00,0.000000e+00,0.000000e+00,0.000000e+00,0.000000e+00,0.000000e+00,0.000000e+00,0.000000e+00,0.000000e+00,0.000000e+00,0.000000e+00,0.000000e+00,0.000000e+00,0.000000e+00,0.000000e+00
1.000000e+00,0.000000e+00,0.000000e+00,0.000000e+00,0.000000e+00,0.000000e+00,0.000000e+00,0.000000e+00,0.000000e+00,0.000000e+00,0.000000e+00,0.000000e+00,0.000000e+00,0.000000e+00,0.000000e+00
1.000000e+00,0.000000e+00,0.000000e+00,0.000000e+00,0.000000e+00,0.000000e+00,0.000000e+00,0.000000e+00,0.000000e+00,0.000000e+00,0.000000e+00,0.000000e+00,0.000000e+00,0.000000e+00,0.000000e+00
1.000000e+00,0.000000e+00,0.000000e+00,0.000000e+00,0.000000e+00,0.000000e+00,0.000000e+00,0.000000e+00,0.000000e+00,0.000000e+00,0.000000e+00,0.000000e+00,0.000000e+00,0.000000e+00,0.000000e+00
1.000000e+00,0.000000e+00,0.000000e+00,0.000000e+00,0.000000e+00,0.000000e+00,0.000000e+00,0.000000e+00,0.000000e+00,0.000000e+00,0.000000e+00,0.000000e+00,0.000000e+00,0.000000e+00,0.000000e+00
1.000000e+00,0.000000e+00,0.000000e+00,0.000000e+00,0.000000e+00,0.000000e+00,0.000000e+00,0.000000e+00,0.000000e+00,0.000000e+00,0.000000e+00,0.000000e+00,0.000000e+00,0.000000e+00,0.000000e+00
1.000000e+00,0.000000e+00,0.000000e+00,0.000000e+00,0.000000e+00,0.000000e+00,0.000000e+00,0.000000e+00,0.000000e+00,0.000000e+00,0.000000e+00,0.000000e+00,0.000000e+00,0.000000e+00,0.000000e+00
1.000000e+00,0.000000e+00,0.000000e+00,0.000000e+00,0.000000e+00,0.000000e+00,0.000000e+00,0.000000e+00,0.000000e+00,0.000000e+00,0.000000e+00,0.000000e+00,0.000000e+00,0.000000e+00,0.000000e+00
1.000000e+00,0.000000e+00,0.000000e+00,0.000000e+00,0.000000e+00,0.000000e+00,0.000000e+00,0.000000e+00,0.000000e+00,0.000000e+00,0.000000e+00,0.000000e+00,0.000000e+00,0.000000e+00,0.000000e+00
1.000000e+00,0.000000e+00,0.000000e+00,0.000000e+00,0.000000e+00,0.000000e+00,0.000000e+00,0.000000e+00,0.000000e+00,0.000000e+00,0.000000e+00,0.000000e+00,0.000000e+00,0.000000e+00,0.000000e+00
1.000000e+00,0.000000e+00,0.000000e+00,0.000000e+00,0.000000e+00,0.000000e+00,0.000000e+00,0.000000e+00,0.000000e+00,0.000000e+00,0.000000e+00,0.000000e+00,0.000000e+00,0.000000e+00,0.000000e+00
1.000000e+00,0.000000e+00,0.000000e+00,0.000000e+00,0.000000e+00,0.000000e+00,0.000000e+00,0.000000e+00,0.000000e+00,0.000000e+00,0.000000e+00,0.000000e+00,0.000000e+00,0.000000e+00,0.000000e+00
1.000000e+00,0.000000e+00,0.000000e+00,0.000000e+00,0.000000e+00,0.000000e+00,0.000000e+00,0.000000e+00,0.000000e+00,0.000000e+00,0.000000e+00,0.000000e+00,0.000000e+00,0.000000e+00,0.000000e+00
4.043988e-01,1.670381e-02,9.542503e-03,9.014154e-02,3.973842e-03,9.204414e-03,1.645862e-03,4.630087e-03,2.357119e-02,2.162764e-02,6.610489e-03,2.097858e-02,1.239541e-02,2.740771e-03,3.718351e-01
2.831469e-01,1.572099e-02,7.565461e-03,1.126509e-01,3.049211e-03,6.664851e-03,1.215610e-03,3.268622e-03,1.175864e-01,1.877203e-02,5.557527e-03,1.520364e-02,9.723161e-03,2.310587e-03,3.975641e-01
1.985687e-01,1.195744e-02,5.599009e-03,8.130565e-02,2.392150e-03,4.905652e-03,8.922196e-04,2.351470e-03,9.932282e-02,1.876454e-02,4.798674e-03,1.158985e-02,8.555791e-03,5.477275e-03,5.435187e-01
1.394392e-01,1.044216e-02,4.069436e-03,5.704897e-02,1.939184e-03,3.567806e-03,6.451056e-04,1.681769e-03,7.137312e-02,1.522404e-02,3.514501e-03,8.636547e-03,6.441250e-03,1.275007e-02,6.632268e-01
9.811307e-02,8.681402e-03,3.160154e-03,3.996643e-02,1.387946e-03,2.746450e-03,4.753357e-04,1.196181e-03,5.191843e-02,2.209095e-02,4.020734e-03,6.552132e-03,4.908864e-03,7.440728e-02,6.803746e-01
6.944547e-02,7.488053e-03,2.498450e-03,2.819701e-02,1.027893e-03,2.341063e-03,3.514076e-04,8.509115e-04,3.968228e-02,2.284296e-02,4.181058e-03,5.708683e-03,3.995488e-03,7.512267e-02,7.362666e-01
5.108860e-02,6.535075e-03,1.928208e-03,1.980410e-02,8.574764e-04,1.835838e-03,2.705812e-04,6.117772e-04,2.885032e-02,2.711850e-02,3.525777e-03,4.201228e-03,3.027160e-03,1.014264e-01,7.489190e-01
4.229315e-02,6.601133e-03,1.747383e-03,1.449353e-02,9.522132e-04,1.669885e-03,2.955255e-04,4.835515e-04,2.708461e-02,2.567373e-02,3.383714e-03,3.214420e-03,2.997650e-03,8.889664e-02,7.802129e-01
4.648538e-02,5.356142e-03,2.250131e-03,1.071588e-02,1.154806e-03,1.575739e-03,3.473724e-04,4.573597e-04,2.307570e-02,2.600460e-02,3.877372e-03,3.110649e-03,2.615695e-03,1.315429e-01,7.414302e-01
3.902647e-02,5.075132e-03,1.583980e-02,1.010129e-02,1.291345e-03,1.249774e-03,3.356786e-04,3.898198e-04,5.351188e-02,3.346478e-02,4.259665e-03,2.910856e-03,2.098156e-03,1.353301e-01,6.951152e-01
6.913076e-02,4.693744e-03,1.348374e-02,7.617220e-03,2.073843e-03,1.903831e-03,4.432170e-04,5.048626e-04,4.402732e-02,3.395763e-02,5.001042e-03,2.861252e-03,3.243816e-03,1.676561e-01,6.434016e-01
1.871245e-01,6.584941e-03,1.300254e-02,6.719195e-03,4.196911e-03,5.601407e-03,1.034490e-03,2.034479e-03,3.421650e-02,2.995905e-02,4.944431e-03,2.969994e-03,4.220931e-03,1.609738e-01,5.364168e-01
2.727727e-01,6.979288e-03,1.255462e-02,6.420563e-03,4.680464e-03,6.444598e-03,1.198557e-03,3.009035e-03,2.865921e-02,4.529487e-02,4.409040e-03,2.475151e-03,3.962299e-03,1.430674e-01,4.580721e-01
3.778125e-01,7.329589e-03,1.254937e-02,7.486491e-03,4.455005e-03,6.518832e-03,1.919411e-03,3.520145e-03,2.985217e-02,5.009630e-02,5.965672e-03,2.868504e-03,4.893534e-03,1.130972e-01,3.716352e-01
4.524416e-01,7.543896e-03,1.599060e-02,8.478614e-03,5.178784e-03,7.988046e-03,1.115431e-02,2.207548e-02,4.234568e-02,5.171993e-02,8.905616e-03,3.279595e-03,6.679198e-03,8.546679e-02,2.707519e-01
4.361212e-01,7.513354e-03,2.363309e-02,1.754862e-02,7.231068e-03,1.110903e-02,2.871103e-02,8.381435e-02,4.071832e-02,4.187975e-02,1.162338e-02,3.679263e-03,1.070851e-02,6.429292e-02,2.114162e-01
3.687133e-01,6.881423e-03,7.693445e-02,2.817794e-02,9.769585e-03,2.433724e-02,2.858399e-02,1.686352e-01,3.642023e-02,3.271277e-02,9.875659e-03,3.911715e-03,8.587250e-03,4.550243e-02,1.509569e-01
2.883767e-01,7.141842e-03,1.415765e-01,2.918725e-02,1.219721e-02,3.213516e-02,6.008255e-02,2.046779e-01,3.449227e-02,2.570020e-02,7.575876e-03,3.325379e-03,1.075200e-02,3.212588e-02,1.106532e-01
2.265350e-01,7.585336e-03,1.244122e-01,2.488351e-02,1.393381e-02,2.700593e-02,1.679154e-01,2.267627e-01,2.908053e-02,1.932345e-02,5.789828e-03,2.710651e-03,1.323875e-02,2.298888e-02,8.783396e-02
1.928399e-01,7.126927e-03,1.064158e-01,2.604407e-02,1.795487e-02,2.024842e-02,1.799129e-01,2.997598e-01,2.226523e-02,1.488581e-02,4.499363e-03,2.149667e-03,1.025603e-02,1.655405e-02,7.908708e-02
1.640756e-01,6.376349e-03,8.503751e-02,2.117351e-02,1.836907e-02,1.570385e-02,2.812678e-01,2.835447e-01,1.767111e-02,1.097360e-02,3.386141e-03,1.657829e-03,8.571469e-03,1.193355e-02,7.025798e-02
1.475156e-01,5.055955e-03,7.265716e-02,1.784985e-02,1.467246e-02,1.368975e-02,2.824991e-01,3.524468e-01,1.368824e-02,7.765099e-03,2.510019e-03,1.359482e-03,7.955186e-03,8.529377e-03,5.180591e-02
1.249529e-01,4.040042e-03,5.716461e-02,1.430129e-02,1.190227e-02,1.210767e-02,3.112901e-01,3.917162e-01,1.058984e-02,5.537651e-03,1.940180e-03,1.275431e-03,7.997481e-03,6.165826e-03,3.901836e-02
1.124575e-01,3.564719e-03,4.220413e-02,1.092201e-02,1.056951e-02,1.103960e-02,2.616634e-01,4.908054e-01,9.710023e-03,3.986132e-03,1.746050e-03,1.393605e-03,7.615354e-03,4.502512e-03,2.781988e-02
9.915335e-02,2.953666e-03,3.027458e-02,8.132611e-03,8.890346e-03,1.133345e-02,1.941471e-01,6.008450e-01,8.009384e-03,2.848613e-03,1.646932e-03,2.202664e-03,6.234006e-03,3.287745e-03,2.004054e-02
9.709350e-02,2.876773e-03,2.236327e-02,6.445856e-03,9.027900e-03,1.427911e-02,1.641259e-01,6.427623e-01,7.007764e-03,2.118851e-03,1.826713e-03,4.291370e-03,7.854152e-03,2.475736e-03,1.545078e-02
1.014241e-01,2.504497e-03,1.715631e-02,5.658341e-03,8.875277e-03,1.792755e-02,1.289592e-01,6.790012e-01,5.476888e-03,1.592935e-03,2.032126e-03,7.512481e-03,8.222098e-03,1.890089e-03,1.176685e-02
1.492082e-01,2.511597e-03,1.383866e-02,5.298581e-03,1.003593e-02,2.124115e-02,9.993864e-02,6.530702e-01,4.948420e-03,1.351067e-03,2.730324e-03,1.449513e-02,8.958344e-03,1.649204e-03,1.072450e-02
1.700432e-01,2.664711e-03,1.139656e-02,4.818273e-03,1.234721e-02,2.013171e-02,7.739894e-02,6.513487e-01,4.376570e-03,1.246360e-03,4.079963e-03,1.556862e-02,9.901590e-03,1.650346e-03,1.302729e-02
1.414814e-01,2.141721e-03,8.336088e-03,3.935666e-03,1.312720e-02,1.589123e-02,5.689482e-02,7.176543e-01,3.421559e-03,9.329491e-04,3.788336e-03,1.244999e-02,8.275295e-03,1.294533e-03,1.037492e-02
1.678451e-01,2.265751e-03,6.653633e-03,3.323514e-03,1.830273e-02,1.464865e-02,4.341493e-02,7.047153e-01,3.006877e-03,8.496073e-04,3.736370e-03,1.131128e-02,7.762882e-03,1.258922e-03,1.090451e-02
2.008285e-01,3.863964e-03,1.332395e-02,5.244904e-03,2.903011e-02,1.485925e-02,3.384382e-02,6.575492e-01,5.327686e-03,1.202287e-03,3.659173e-03,1.092241e-02,6.981888e-03,1.425733e-03,1.193709e-02
1.934552e-01,6.129951e-03,1.097036e-02,8.042281e-03,3.192741e-02,1.227582e-02,2.462852e-02,6.312633e-01,1.114610e-02,2.038016e-03,8.159262e-03,1.857610e-02,2.615895e-02,2.512492e-03,1.271622e-02
2.078005e-01,8.310561e-03,8.692871e-03,8.691926e-03,3.490997e-02,1.167823e-02,1.780141e-02,5.489810e-01,3.809243e-02,4.967044e-03,1.367726e-02,2.118751e-02,4.643799e-02,9.068009e-03,1.970332e-02
2.160614e-01,1.044433e-02,7.000649e-03,9.534597e-03,4.038236e-02,1.060186e-02,1.307690e-02,4.280203e-01,6.939641e-02,1.177231e-02,1.755105e-02,1.974186e-02,8.221278e-02,1.453336e-02,4.966984e-02
2.682547e-01,1.040453e-02,5.865727e-03,1.266906e-02,3.807186e-02,9.629507e-03,1.017198e-02,3.462095e-01,8.763073e-02,1.458977e-02,2.109411e-02,2.520274e-02,8.960699e-02,1.531518e-02,4.528364e-02
2.628119e-01,9.637984e-03,5.098607e-03,1.759192e-02,3.770289e-02,9.315249e-03,8.477791e-03,3.063917e-01,7.940121e-02,2.141642e-02,2.929224e-02,2.192041e-02,9.229098e-02,1.417500e-02,8.447565e-02
2.782695e-01,1.316196e-02,4.107001e-03,1.652521e-02,3.603720e-02,9.386996e-03,7.159798e-03,2.807438e-01,1.038340e-01,1.939059e-02,2.733024e-02,1.911440e-02,8.112007e-02,1.382385e-02,8.999530e-02
2.894496e-01,1.645801e-02,4.016866e-03,1.407219e-02,3.775879e-02,9.680383e-03,6.377206e-03,2.309499e-01,1.369865e-01,1.517330e-02,2.510850e-02,1.846254e-02,7.842023e-02,1.275022e-02,1.043357e-01
2.229471e-01,1.849049e-02,3.313248e-03,1.174982e-02,2.846704e-02,7.850169e-03,4.856277e-03,1.647689e-01,2.081895e-01,1.285397e-02,2.086449e-02,1.579473e-02,7.016288e-02,1.090437e-02,1.987870e-01
1.987194e-01,1.881232e-02,3.443768e-03,1.159656e-02,2.177228e-02,6.598078e-03,3.991403e-03,1.188053e-01,2.286348e-01,1.177576e-02,1.982728e-02,1.367641e-02,6.793829e-02,9.785432e-03,2.646229e-01
1.436054e-01,1.486878e-02,5.989176e-03,1.194477e-02,2.079389e-02,5.217991e-03,3.008178e-03,1.491162e-01,2.298288e-01,9.980577e-03,2.168815e-02,1.238928e-02,7.108293e-02,8.026374e-03,2.924596e-01
1.022613e-01,1.143206e-02,5.449275e-03,1.244408e-02,1.712944e-02,4.546843e-03,2.282328e-03,2.782932e-01,1.781087e-01,7.549149e-03,2.370369e-02,1.277090e-02,8.163640e-02,6.206462e-03,2.561862e-01
7.267702e-02,8.311334e-03,4.732476e-03,1.170676e-02,1.271600e-02,3.634890e-03,1.821772e-03,4.622311e-01,1.263210e-01,5.401984e-03,2.049186e-02,9.523065e-03,6.006541e-02,4.476322e-03,1.958891e-01
5.118064e-02,5.877865e-03,3.482133e-03,8.374020e-03,1.132300e-02,2.684604e-03,1.425201e-03,6.181881e-01,8.884932e-02,3.792774e-03,1.461586e-02,6.713843e-03,4.225167e-02,3.144905e-03,1.380960e-01
3.637947e-02,4.157148e-03,2.645109e-03,5.963497e-03,9.491290e-03,2.319014e-03,1.091476e-03,7.291633e-01,6.232025e-02,2.660462e-03,1.033961e-02,4.741714e-03,2.968799e-02,2.217436e-03,9.682222e-02
2.694559e-02,2.924940e-03,2.217583e-03,4.265105e-03,7.913923e-03,3.733320e-03,8.926957e-04,8.039145e-01,4.367011e-02,1.898534e-03,7.430259e-03,3.407561e-03,2.122760e-02,1.681506e-03,6.787674e-02
2.200835e-02,2.055295e-03,1.813806e-03,3.188833e-03,8.250116e-03,3.649152e-03,6.686062e-04,8.546157e-01,3.060502e-02,1.394065e-03,5.372259e-03,2.439582e-03,1.509949e-02,1.238214e-03,4.760143e-02
2.849395e-02,1.459942e-03,1.388903e-03,3.379286e-03,1.013982e-02,4.549480e-03,5.393360e-04,8.762983e-01,2.151296e-02,1.037581e-03,4.179536e-03,1.825808e-03,1.093384e-02,8.896308e-04,3.337156e-02
3.519130e-02,1.126616e-03,1.150213e-03,3.452051e-03,9.931698e-03,6.882969e-03,7.224676e-04,8.865170e-01,1.526962e-02,8.100168e-04,3.906074e-03,1.629839e-03,9.305556e-03,6.453505e-04,2.345917e-02
3.093212e-02,8.325553e-04,9.516759e-04,2.850795e-03,9.063931e-03,1.092233e-02,1.128452e-03,8.988150e-01,1.075331e-02,6.283689e-04,3.672107e-03,1.815685e-03,1.056226e-02,4.789199e-04,1.659238e-02
2.361882e-02,6.033218e-04,7.610265e-04,2.151869e-03,7.345772e-03,9.215078e-03,1.627272e-03,9.208198e-01,7.546760e-03,4.553660e-04,2.742931e-03,1.540765e-03,9.567333e-03,3.438357e-04,1.166001e-02
2.698994e-02,5.561130e-04,7.260075e-04,1.930879e-03,1.803014e-02,1.104069e-02,1.551912e-03,9.063793e-01,5.620120e-03,3.433758e-04,3.026924e-03,2.474532e-03,1.282669e-02,2.560171e-04,8.247253e-03
4.390139e-02,1.094272e-03,1.176448e-03,5.007257e-03,4.380205e-02,1.359917e-02,1.424305e-03,8.615186e-01,5.953155e-03,2.937845e-04,4.374662e-03,2.172839e-03,9.656935e-03,1.922045e-04,5.832945e-03
3.108985e-02,8.617262e-04,9.313424e-04,6.413015e-03,3.256920e-02,9.932552e-03,1.111874e-03,6.430838e-01,9.286482e-03,1.446579e-03,2.051477e-02,3.439673e-02,1.998367e-01,2.156474e-03,6.368882e-03
2.211569e-02,6.853312e-04,6.991273e-04,5.207742e-03,2.554574e-02,7.264896e-03,1.367342e-03,4.719805e-01,8.686003e-03,1.930206e-03,2.103785e-02,1.980198e-01,2.255058e-01,5.045281e-03,4.908644e-03
1.560926e-02,5.107035e-04,5.576803e-04,3.794818e-03,1.948570e-02,5.237134e-03,1.349047e-03,3.322138e-01,6.773321e-03,1.505358e-03,1.939061e-02,3.867953e-01,1.964048e-01,6.544768e-03,3.827584e-03
1.109674e-02,3.900074e-04,4.706540e-04,2.770208e-03,1.462767e-02,3.900337e-03,1.344919e-03,2.335326e-01,5.439044e-03,1.134366e-03,2.416568e-02,5.378141e-01,1.552247e-01,5.362467e-03,2.726484e-03
7.853996e-03,3.197793e-04,3.496010e-04,1.960640e-03,1.046622e-02,2.898593e-03,1.026505e-03,1.635474e-01,4.361319e-03,9.571431e-04,2.592731e-02,6.595211e-01,1.146969e-01,4.176709e-03,1.936696e-03
5.575829e-03,3.176354e-04,2.592765e-04,1.386343e-03,7.556256e-03,2.146366e-03,7.711296e-04,1.145257e-01,4.343532e-03,1.015609e-03,3.070917e-02,7.414987e-01,8.447138e-02,4.050558e-03,1.372504e-03
4.057536e-03,1.048628e-03,2.450195e-04,9.867942e-04,5.816647e-03,1.613418e-03,5.629073e-04,8.031946e-02,6.445769e-03,2.078725e-03,6.637301e-02,7.614457e-01,6.310678e-02,4.913270e-03,9.863718e-04
3.023025e-03,2.842504e-03,6.706914e-04,7.370138e-04,6.357626e-03,1.244064e-03,4.159208e-04,5.641922e-02,7.776389e-03,3.796933e-03,1.046089e-01,7.590926e-01,4.653360e-02,5.758976e-03,7.225450e-04
2.210407e-03,2.489795e-03,7.827579e-04,5.638401e-04,7.138230e-03,9.758321e-04,3.006670e-04,3.959884e-02,8.338572e-03,5.373299e-03,1.257116e-01,7.652510e-01,3.390241e-02,6.827981e-03,5.347126e-04
1.623921e-03,2.051579e-03,8.831508e-04,4.267089e-04,6.032615e-03,7.236843e-04,2.226500e-04,2.778526e-02,2.186759e-02,5.123959e-03,1.379748e-01,7.608149e-01,2.444435e-02,9.616168e-03,4.086853e-04
1.237645e-03,1.809744e-03,1.758222e-03,4.685007e-04,1.061828e-02,6.240943e-04,1.706597e-04,1.956163e-02,5.519126e-02,6.121950e-03,1.972133e-01,6.729271e-01,1.742321e-02,1.444752e-02,4.268711e-04
1.093566e-03,1.997028e-03,3.735140e-03,4.857532e-04,1.664827e-02,5.320935e-04,1.328744e-04,1.381086e-02,7.902186e-02,1.155166e-02,2.988197e-01,5.350447e-01,1.233221e-02,2.398951e-02,8.047119e-04
1.527931e-03,2.200346e-03,1.050844e-02,1.552037e-03,3.546110e-02,1.124984e-03,2.531061e-04,1.042189e-02,1.296314e-01,2.580132e-02,3.174716e-01,4.302119e-01,9.214124e-03,2.330532e-02,1.314518e-03
4.372143e-03,2.122835e-03,2.480925e-02,5.188029e-03,4.491167e-02,4.644630e-03,1.515566e-03,1.256128e-02,1.428245e-01,4.442572e-02,3.480006e-01,3.351361e-01,7.481898e-03,2.015744e-02,1.848307e-03
9.112370e-03,2.213756e-03,2.090813e-02,7.420002e-03,5.760059e-02,4.654469e-03,1.387155e-03,1.403533e-02,1.297256e-01,5.120376e-02,3.619438e-01,2.957345e-01,1.301912e-02,2.853637e-02,2.505010e-03
1.517890e-02,2.421137e-03,2.014614e-02,1.266313e-02,4.823949e-02,1.254383e-02,1.108938e-03,1.744082e-02,1.131613e-01,9.579273e-02,3.155144e-01,2.785106e-01,1.983954e-02,4.085673e-02,6.582424e-03
1.708571e-02,2.648699e-03,1.648242e-02,1.665794e-02,4.702638e-02,1.088123e-02,9.123899e-04,1.485911e-02,1.090621e-01,1.174354e-01,2.898043e-01,2.768367e-01,2.278541e-02,4.853359e-02,8.988580e-03
2.498812e-02,1.093419e-02,1.979804e-02,1.627518e-02,6.236066e-02,1.460252e-02,2.589949e-03,5.686148e-02,1.823798e-01,9.643928e-02,2.197553e-01,2.123897e-01,2.281809e-02,4.469179e-02,1.311591e-02
1.879149e-02,1.343464e-02,1.426634e-02,1.201440e-02,5.239427e-02,1.298912e-02,2.019752e-03,4.110494e-02,3.974780e-01,6.864852e-02,1.557990e-01,1.522526e-01,1.723497e-02,3.193114e-02,9.640848e-03
1.467960e-02,1.391325e-02,1.266580e-02,5.650906e-02,5.133001e-02,1.037096e-02,1.527369e-03,3.022026e-02,4.981326e-01,4.999835e-02,1.098435e-01,1.067255e-01,1.242343e-02,2.253642e-02,9.123881e-03
1.451801e-02,2.353609e-02,1.084120e-02,9.265021e-02,5.564605e-02,1.111232e-02,1.237405e-03,2.318812e-02,5.351516e-01,3.676014e-02,7.890442e-02,7.486071e-02,9.169763e-03,1.636809e-02,1.605590e-02
1.266747e-02,2.151407e-02,1.014797e-02,2.113258e-01,5.103319e-02,9.814817e-03,9.825119e-04,1.959478e-02,4.899889e-01,2.755229e-02,5.782669e-02,5.268662e-02,6.970891e-03,1.165924e-02,1.623482e-02
1.514852e-02,2.741677e-02,2.186017e-02,1.613544e-01,6.425992e-02,1.195934e-02,9.027420e-04,1.472512e-02,5.314919e-01,2.206302e-02,4.325663e-02,3.721548e-02,6.983842e-03,8.541925e-03,3.282027e-02
2.176175e-02,3.076322e-02,2.272872e-02,1.303712e-01,8.262750e-02,1.459756e-02,1.163690e-03,1.277659e-02,5.444766e-01,1.880245e-02,3.374239e-02,2.646128e-02,6.407470e-03,6.424219e-03,4.689533e-02
4.872894e-02,2.504203e-02,3.444498e-02,1.433105e-01,1.071134e-01,1.540236e-02,2.601973e-03,4.583505e-02,4.675400e-01,1.435401e-02,2.567993e-02,1.913882e-02,5.213341e-03,4.800483e-03,4.079426e-02
9.438153e-02,2.716065e-02,3.724460e-02,1.722796e-01,1.353122e-01,2.437241e-02,4.650855e-03,5.121986e-02,3.683424e-01,1.072403e-02,1.889776e-02,1.415484e-02,4.481218e-03,3.539949e-03,3.323796e-02
1.592859e-01,3.204378e-02,4.096062e-02,1.663573e-01,1.571268e-01,4.475500e-02,5.387584e-03,4.653197e-02,2.803093e-01,7.953867e-03,1.414221e-02,1.041283e-02,3.715228e-03,2.794511e-03,2.822298e-02
1.506816e-01,3.055465e-02,5.325120e-02,2.829455e-01,1.310141e-01,4.290906e-02,4.738480e-03,3.995067e-02,2.087795e-01,7.163426e-03,1.115664e-02,8.042668e-03,3.005087e-03,2.309472e-03,2.349791e-02
1.069371e-01,2.217063e-02,4.545728e-02,4.601242e-01,9.427989e-02,3.050517e-02,3.402655e-03,2.827926e-02,1.488467e-01,5.523956e-03,2.103036e-02,1.084986e-02,2.876399e-03,1.731836e-03,1.798468e-02
7.572196e-02,1.584355e-02,3.411347e-02,4.937149e-01,6.826176e-02,2.227474e-02,2.454373e-03,2.304986e-02,1.071740e-01,4.572538e-03,6.010244e-02,7.507464e-02,2.659812e-03,1.553622e-03,1.342825e-02
5.319027e-02,1.115693e-02,2.429420e-02,3.771574e-01,4.847277e-02,1.767440e-02,1.778134e-03,1.648617e-02,7.618657e-02,3.677788e-03,6.661473e-02,2.888919e-01,3.678078e-03,1.216348e-03,9.524244e-03
3.749632e-02,7.842671e-03,1.707921e-02,2.738450e-01,3.583492e-02,1.352937e-02,1.289212e-03,1.162763e-02,5.573117e-02,3.011895e-03,5.795608e-02,4.732401e-01,3.801709e-03,9.290433e-04,6.785704e-03
2.659548e-02,5.564282e-03,1.206208e-02,1.931028e-01,3.150718e-02,1.034301e-02,9.152846e-04,8.260952e-03,4.060651e-02,3.017512e-03,5.429044e-02,6.052689e-01,2.924256e-03,7.054511e-04,4.835805e-03
1.875957e-02,3.976728e-03,8.485042e-03,1.353627e-01,3.138766e-02,7.803495e-03,6.490145e-04,5.804918e-03,2.981240e-02,3.022390e-03,6.971951e-02,6.788282e-01,2.408976e-03,5.694286e-04,3.409907e-03
1.358872e-02,3.174597e-03,5.961239e-03,9.514349e-02,3.879687e-02,5.950546e-03,4.636479e-04,4.089418e-03,2.186512e-02,3.424187e-03,8.263110e-02,7.199916e-01,1.937208e-03,5.097946e-04,2.472489e-03
9.865187e-03,2.325747e-03,4.183041e-03,6.690869e-02,4.161643e-02,4.366219e-03,3.329035e-04,2.906665e-03,1.579493e-02,2.888736e-03,7.692657e-02,7.682133e-01,1.459786e-03,4.080496e-04,1.803733e-03
7.645160e-03,1.759412e-03,2.950999e-03,4.767481e-02,6.939173e-02,3.314195e-03,2.620792e-04,2.114491e-03,1.161983e-02,3.294668e-03,5.716311e-02,7.899426e-01,1.097169e-03,3.302139e-04,1.439607e-03
5.667634e-03,1.627649e-03,2.126669e-03,3.376849e-02,1.084427e-01,2.515466e-03,2.436399e-04,1.623746e-03,1.031004e-02,3.737055e-03,4.518925e-02,7.824724e-01,8.313613e-04,2.816391e-04,1.162250e-03
5.575981e-03,1.478637e-03,1.558007e-03,2.403783e-02,1.275025e-01,2.633950e-03,2.429068e-04,1.713519e-03,8.640739e-03,3.898480e-03,4.126111e-02,7.796145e-01,6.686359e-04,2.392039e-04,9.339806e-04
7.071595e-03,1.474889e-03,1.188752e-03,1.702576e-02,1.195934e-01,5.609137e-03,3.263656e-04,1.911314e-03,6.933591e-03,4.400251e-03,5.542400e-02,7.772541e-01,5.730786e-04,2.901980e-04,9.235767e-04
1.143888e-02,1.447011e-03,9.402878e-04,1.209916e-02,9.858635e-02,6.758587e-03,5.304051e-04,2.589543e-03,5.309402e-03,3.374740e-03,4.558430e-02,8.097825e-01,4.835199e-04,3.215321e-04,7.538351e-04
1.205088e-02,1.490160e-03,7.653685e-04,8.638065e-03,8.261286e-02,6.264798e-03,1.262379e-03,2.943140e-03,4.551008e-03,2.620009e-03,3.499467e-02,8.403748e-01,4.328413e-04,3.307632e-04,6.682604e-04
1.365043e-02,1.598465e-03,7.887038e-04,6.189110e-03,1.192493e-01,5.779193e-03,3.069659e-03,5.511893e-03,1.059556e-02,2.101383e-03,2.721200e-02,8.027252e-01,5.101713e-04,4.306184e-04,5.883483e-04
1.840819e-02,1.711827e-03,1.098436e-03,4.650894e-03,1.058244e-01,6.922171e-03,5.873601e-03,1.008536e-02,9.491200e-03,1.609969e-03,2.209780e-02,8.105655e-01,5.519213e-04,5.552160e-04,5.536259e-04
6.973649e-02,1.977202e-03,1.296247e-03,4.177218e-03,9.822883e-02,1.786704e-02,1.341977e-02,1.712464e-02,8.673313e-03,1.372707e-03,1.877762e-02,7.447703e-01,1.063140e-03,7.709672e-04,7.445511e-04
7.722393e-02,2.202548e-03,1.383802e-03,3.334890e-03,9.482102e-02,2.046359e-02,1.692867e-02,1.503306e-02,7.476176e-03,1.186551e-03,3.915449e-02,7.172068e-01,2.014688e-03,7.403365e-04,8.294143e-04
6.984057e-02,5.069517e-03,3.334702e-03,3.168394e-03,1.207836e-01,2.147647e-02,1.470400e-02,1.166084e-02,7.849753e-03,1.055709e-03,7.097375e-02,6.648376e-01,2.976506e-03,7.889206e-04,1.479655e-03
5.182475e-02,4.423562e-03,5.417038e-03,2.367668e-03,1.708957e-01,1.976625e-02,1.357784e-02,1.016780e-02,7.076759e-03,9.032176e-04,1.413236e-01,5.653632e-01,4.624372e-03,9.099471e-04,1.358341e-03
4.193300e-02,3.938308e-03,5.054484e-03,1.835238e-03,2.399028e-01,2.397159e-02,1.488998e-02,1.333378e-02,1.549900e-02,8.346349e-04,1.413895e-01,4.908940e-01,4.284988e-03,8.707927e-04,1.367994e-03
3.604757e-02,3.216102e-03,9.280798e-03,1.498036e-03,2.468077e-01,2.371213e-02,2.499495e-02,1.285362e-01,1.308003e-02,1.019711e-03,1.270537e-01,3.777990e-01,4.132732e-03,1.312739e-03,1.508586e-03
3.247352e-02,2.641072e-03,8.061713e-03,1.387144e-03,2.206581e-01,2.034590e-02,1.846152e-02,2.290561e-01,2.183807e-02,1.142684e-03,1.596470e-01,2.760299e-01,4.321223e-03,1.481770e-03,2.454291e-03
3.831058e-02,2.320843e-03,6.283642e-03,1.700645e-03,2.423284e-01,2.010592e-02,1.418932e-02,1.967892e-01,2.322945e-02,1.021899e-03,2.461322e-01,1.977388e-01,5.546641e-03,1.234975e-03,3.067550e-03
4.333988e-02,2.076378e-03,5.198215e-03,2.339562e-03,3.237748e-01,3.026968e-02,1.229754e-02,1.680533e-01,2.189621e-02,9.543108e-04,2.404270e-01,1.401190e-01,5.222479e-03,9.240928e-04,3.107749e-03
3.905703e-02,2.365576e-03,7.045078e-03,6.773509e-03,3.505065e-01,2.818461e-02,1.302714e-02,2.467386e-01,2.167141e-02,8.959261e-04,1.758695e-01,9.894541e-02,5.148693e-03,6.721416e-04,3.098962e-03
4.463896e-02,3.635288e-03,1.196341e-02,6.924713e-03,4.931655e-01,2.275849e-02,1.028184e-02,1.793675e-01,2.287162e-02,6.797870e-04,1.259017e-01,6.981302e-02,4.027172e-03,5.399977e-04,3.430965e-03
4.570179e-02,7.727737e-03,2.554519e-02,1.565254e-02,5.682766e-01,1.908936e-02,9.061936e-03,1.407257e-01,2.196672e-02,5.236114e-04,9.002315e-02,4.914367e-02,2.906134e-03,5.284073e-04,3.127404e-03
4.664629e-02,7.930417e-03,3.230797e-02,1.698596e-02,6.341317e-01,1.575912e-02,7.465008e-03,1.134949e-01,2.036143e-02,4.300316e-04,6.454317e-02,3.469515e-02,2.144130e-03,6.471546e-04,2.457574e-03
5.156101e-02,1.158973e-02,3.185801e-02,1.485179e-02,6.834607e-01,1.638721e-02,6.293009e-03,8.522248e-02,2.180884e-02,3.954830e-04,4.607640e-02,2.504644e-02,1.675013e-03,1.712204e-03,2.061717e-03
7.154267e-02,1.090865e-02,4.251565e-02,2.309352e-02,6.380554e-01,1.635805e-02,5.740657e-03,1.116484e-01,2.142619e-02,3.895373e-04,3.308398e-02,1.935011e-02,1.743552e-03,2.003190e-03,2.140448e-03
7.526051e-02,8.033292e-03,3.513277e-02,1.954476e-02,5.210229e-01,1.251459e-02,4.454849e-03,2.653787e-01,1.645589e-02,3.436572e-04,2.336123e-02,1.379383e-02,1.600444e-03,1.455906e-03,1.646660e-03
9.618497e-02,6.845951e-03,2.704345e-02,1.459662e-02,4.119741e-01,9.802591e-03,4.251510e-03,3.841585e-01,1.411104e-02,5.160926e-04,1.647234e-02,1.001614e-02,1.405498e-03,1.114716e-03,1.506408e-03
1.921970e-01,5.963822e-03,2.100020e-02,1.202880e-02,3.261809e-01,8.921724e-03,4.132670e-03,3.897180e-01,1.136370e-02,1.089212e-03,1.280510e-02,9.462473e-03,2.432355e-03,9.187459e-04,1.785289e-03
1.675419e-01,4.554276e-03,1.480371e-02,1.154367e-02,2.289521e-01,9.571915e-03,3.460418e-03,2.856411e-01,1.092846e-02,2.081988e-03,3.420000e-02,6.311258e-02,1.609498e-01,9.310234e-04,1.727019e-03
1.650374e-01,3.567290e-03,1.046276e-02,1.264637e-02,1.613621e-01,1.244780e-02,4.313228e-03,2.288201e-01,1.525621e-02,1.740208e-03,3.309144e-02,1.575541e-01,1.885004e-01,2.894111e-03,2.306412e-03
1.879409e-01,2.731205e-03,7.531736e-03,1.136867e-02,1.150670e-01,1.677254e-02,4.852145e-03,1.678694e-01,1.862946e-02,1.389965e-03,3.017045e-02,2.561012e-01,1.729609e-01,4.307121e-03,2.307363e-03
1.924927e-01,2.252997e-03,5.893600e-03,9.211451e-03,8.278218e-02,2.651525e-02,4.357243e-03,1.235254e-01,1.777294e-02,1.177797e-03,2.896909e-02,3.690699e-01,1.303603e-01,3.443675e-03,2.175457e-03
1.577489e-01,2.000585e-03,4.941952e-03,6.830446e-03,6.324657e-02,3.036623e-02,4.106104e-03,8.901498e-02,1.855991e-02,1.189798e-03,3.678317e-02,4.791168e-01,1.014025e-01,2.841503e-03,1.850540e-03
1.271473e-01,1.886609e-03,3.872330e-03,5.038680e-03,4.734696e-02,5.327145e-02,3.411351e-03,6.296804e-02,1.518602e-02,1.596499e-03,4.107230e-02,5.573239e-01,7.602031e-02,2.449582e-03,1.408637e-03
9.275278e-02,1.630922e-03,3.010576e-03,3.675426e-03,3.443765e-02,6.737369e-02,2.586730e-03,4.442763e-02,1.194105e-02,1.525526e-03,5.920591e-02,6.190436e-01,5.541152e-02,1.935178e-03,1.041825e-03
6.517642e-02,1.319796e-03,2.230629e-03,2.601006e-03,2.463190e-02,5.349439e-02,1.841293e-03,3.113991e-02,9.086683e-03,1.174304e-03,8.267687e-02,6.828023e-01,3.969171e-02,1.395132e-03,7.376167e-04
4.577419e-02,1.001927e-03,1.570749e-03,1.828734e-03,1.780647e-02,3.823225e-02,1.295463e-03,2.180874e-02,7.488743e-03,9.511765e-04,7.322536e-02,7.590961e-01,2.840074e-02,1.000411e-03,5.189088e-04
3.212436e-02,9.319047e-04,1.114199e-03,1.285678e-03,1.346277e-02,2.694479e-02,9.194125e-04,1.527702e-02,9.570953e-03,8.557447e-04,6.285109e-02,8.132869e-01,2.028420e-02,7.252912e-04,3.657152e-04
2.256486e-02,1.045465e-03,8.497480e-04,9.114292e-04,1.020658e-02,1.896927e-02,6.486821e-04,1.075784e-02,9.111524e-03,8.825901e-04,6.966040e-02,8.392334e-01,1.436633e-02,5.325014e-04,2.594287e-04
1.588390e-02,8.528666e-04,6.205583e-04,6.508179e-04,7.805636e-03,1.340429e-02,4.616806e-04,7.574275e-03,7.785063e-03,8.603497e-04,6.046662e-02,8.728848e-01,1.015509e-02,4.095974e-04,1.845147e-04
1.147225e-02,9.200443e-04,7.715731e-04,5.144315e-04,7.752344e-03,9.960282e-03,5.165983e-04,6.175908e-03,8.595371e-03,9.263945e-04,4.907327e-02,8.956943e-01,7.154745e-03,3.386426e-04,1.339086e-04
8.328715e-03,7.270728e-04,5.787758e-04,3.859256e-04,7.570807e-03,7.130123e-03,4.092985e-04,4.578770e-03,7.772784e-03,8.137209e-04,4.295863e-02,9.133260e-01,5.024851e-03,2.943406e-04,1.002270e-04
6.645564e-03,6.554396e-04,4.983742e-04,3.046785e-04,7.865638e-03,5.190668e-03,3.234271e-04,3.592288e-03,8.009461e-03,8.156676e-04,4.776196e-02,9.144670e-01,3.536719e-03,2.445041e-04,8.863460e-05
5.222886e-03,5.497613e-04,4.315509e-04,2.360971e-04,7.112711e-03,3.923937e-03,2.820003e-04,2.905784e-03,8.593890e-03,7.705318e-04,3.653532e-02,9.306496e-01,2.501422e-03,2.044409e-04,8.006228e-05
3.931973e-03,5.104946e-04,3.781746e-04,2.315276e-04,8.055884e-03,3.206847e-03,3.762463e-04,4.456606e-03,1.056981e-02,7.388780e-04,2.671069e-02,9.387448e-01,1.830295e-03,1.883531e-04,6.949900e-05
3.937969e-03,1.317578e-03,9.093224e-04,4.905235e-04,2.710963e-02,4.394165e-03,1.139832e-03,1.687659e-02,1.056668e-02,7.876055e-04,1.969079e-02,9.109887e-01,1.399962e-03,2.866241e-04,1.040775e-04
7.065784e-03,1.984439e-03,2.997477e-03,8.565701e-04,1.249907e-01,4.929502e-03,5.281535e-03,4.232923e-02,1.257457e-02,1.017956e-03,1.618451e-02,7.778416e-01,1.154547e-03,5.928163e-04,1.988557e-04
1.334501e-02,2.807698e-03,3.909283e-03,1.272116e-03,2.174967e-01,5.884388e-03,8.732633e-03,5.611080e-02,1.499226e-02,1.430209e-03,1.728261e-02,6.536729e-01,1.797075e-03,9.558656e-04,3.105374e-04
1.829354e-02,2.711724e-03,4.225064e-03,1.320097e-03,2.549002e-01,6.014235e-03,8.990834e-03,4.659604e-02,1.552592e-02,1.221393e-03,3.128640e-02,6.032013e-01,4.362659e-03,1.001068e-03,3.495669e-04
1.821024e-02,2.328397e-03,4.218287e-03,1.236693e-03,3.745888e-01,6.820828e-03,7.939795e-03,4.028236e-02,2.598115e-02,1.031975e-03,3.181328e-02,4.770020e-01,6.468528e-03,1.724890e-03,3.528191e-04
1.667131e-02,1.926106e-03,1.128896e-02,1.759639e-03,3.145303e-01,6.222666e-03,6.251926e-03,1.836017e-01,4.860923e-02,8.593748e-04,3.106946e-02,3.657078e-01,9.097984e-03,1.961219e-03,4.424503e-04
1.572637e-02,1.382205e-03,1.309062e-02,1.688151e-03,2.214172e-01,4.590715e-03,5.647350e-03,4.085404e-01,3.434050e-02,7.359255e-04,2.357030e-02,2.593876e-01,8.006327e-03,1.507885e-03,3.685695e-04
1.235997e-02,9.895191e-04,1.071839e-02,1.456020e-03,1.563548e-01,3.398169e-03,4.425809e-03,5.771759e-01,2.417366e-02,5.504136e-04,1.755987e-02,1.832983e-01,6.160949e-03,1.080178e-03,2.981537e-04
9.905607e-03,7.216199e-04,7.674394e-03,1.158053e-03,1.138017e-01,2.677088e-03,3.185792e-03,6.969669e-01,1.701902e-02,4.026610e-04,1.250357e-02,1.284815e-01,4.513003e-03,7.694627e-04,2.196783e-04
8.392773e-03,5.288784e-04,5.448800e-03,1.173380e-03,8.423132e-02,2.298929e-03,2.402093e-03,7.802141e-01,1.199590e-02,2.977122e-04,8.939955e-03,8.999660e-02,3.377293e-03,5.435061e-04,1.588144e-04
