1.000000e+00,0.000000e+00,0.000000e+00,0.000000e+00,0.000000e+00,0.000000e+00,0.000000e+00,0.000000e+00,0.000000e+00,0.000000e+00,0.000000e+00,0.000000e+00,0.000000e+00,0.000000e+00,0.000000e+00
1.000000e+00,0.000000e+00,0.000000e+00,0.000000e+00,0.000000e+00,0.000000e+00,0.000000e+00,0.000000e+00,0.000000e+00,0.000000e+00,0.000000e+00,0.000000e+00,0.000000e+00,0.000000e+00,0.000000e+00
1.000000e+00,0.000000e+00,0.000000e+00,0.000000e+00,0.000000e+00,0.000000e+00,0.000000e+00,0.000000e+00,0.000000e+00,0.000000e+00,0.000000e+00,0.000000e+00,0.000000e+00,0.000000e+00,0.000000e+00
1.000000e+00,0.000000e+00,0.000000e+00,0.000000e+00,0.000000e+00,0.000000e+00,0.000000e+00,0.000000e+00,0.000000e+00,0.000000e+00,0.000000e+00,0.000000e+00,0.000000e+00,0.000000e+00,0.000000e+00
1.000000e+00,0.000000e+00,0.000000e+00,0.000000e+00,0.000000e+00,0.000000e+00,0.000000e+00,0.000000e+00,0.000000e+00,0.000000e+00,0.000000e+00,0.000000e+00,0.000000e+00,0.000000e+00,0.000000e+00
1.000000e+00,0.000000e+00,0.000000e+00,0.000000e+00,0.000000e+00,0.000000e+00,0.000000e+00,0.000000e+00,0.000000e+00,0.000000e+00,0.000000e+00,0.000000e+00,0.000000e+00,0.000000e+00,0.000000e+00
1.000000e+00,0.000000e+00,0.000000e+00,0.000000e+00,0.000000e+00,0.000000e+00,0.000000e+00,0.000000e+00,0.000000e+00,0.000000e+00,0.000000e+00,0.000000e+00,0.000000e+00,0.000000e+00,0.000000e+00
1.000000e+00,0.000000e+00,0.000000e+00,0.000000e+00,0.000000e+00,0.000000e+00,0.000000e+00,0.000000e+00,0.000000e+00,0.000000e+00,0.000000e+00,0.000000e+00,0.000000e+00,0.000000e+00,0.000000e+00
1.000000e+00,0.000000e+00,0.000000e+00,0.000000e+00,0.000000e+00,0.000000e+00,0.000000e+00,0.000000e+00,0.000000e+00,0.000000e+00,0.000000e+00,0.000000e+00,0.000000e+00,0.000000e+00,0.000000e+00
1.000000e+00,0.000000e+00,0.000000e+00,0.000000e+00,0.000000e+00,0.000000e+00,0.000000e+00,0.000000e+00,0.000000e+00,0.000000e+00,0.000000e+00,0.000000e+00,0.000000e+00,0.000000e+00,0.000000e+00
1.000000e+00,0.000000e+00,0.000000e+00,0.000000e+00,0.000000e+00,0.000000e+00,0.000000e+00,0.000000e+00,0.000000e+00,0.000000e+00,0.000000e+00,0.000000e+00,0.000000e+00,0.000000e+00,0.000000e+00
1.000000e+00,0.000000e+00,0.000000e+00,0.000000e+00,0.000000e+00,0.000000e+00,0.000000e+00,0.000000e+00,0.000000e+00,0.000000e+00,0.000000e+00,0.000000e+00,0.000000e+00,0.000000e+00,0.000000e+00
1.000000e+00,0.000000e+00,0.000000e+00,0.000000e+00,0.000000e+00,0.000000e+00,0.000000e+00,0.000000e+00,0.000000e+00,0.000000e+00,0.000000e+00,0.000000e+00,0.000000e+00,0.000000e+00,0.000000e+00
1.000000e+00,0.000000e+00,0.000000e+00,0.000000e+00,0.000000e+00,0.000000e+00,0.000000e+00,0.000000e+00,0.000000e+00,0.000000e+00,0.000000e+00,0.000000e+00,0.000000e+00,0.000000e+00,0.000000e+00
1.000000e+00,0.000000e+00,0.000000e+00,0.000000e+00,0.000000e+00,0.000000e+00,0.000000e+00,0.000000e+00,0.000000e+00,0.000000e+00,0.000000e+00,0.000000e+00,0.000000e+00,0.000000e+00,0.000000e+00
1.000000e+00,0.000000e+00,0.000000e+00,0.000000e+00,0.000000e+00,0.000000e+00,0.000000e+00,0.000000e+00,0.000000e+00,0.000000e+00,0.000000e+00,0.000000e+00,0.000000e+00,0.000000e+00,0.000000e+00
1.000000e+00,0.000000e+00,0.000000e+00,0.000000e+00,0.000000e+00,0.000000e+00,0.000000e+00,0.000000e+00,0.000000e+00,0.000000e+00,0.000000e+00,0.000000e+00,0.000000e+00,0.000000e+00,0.000000e+00
1.000000e+00,0.000000e+00,0.000000e+00,0.000000e+00,0.000000e+00,0.000000e+00,0.000000e+00,0.000000e+00,0.000000e+00,0.000000e+00,0.000000e+00,0.000000e+00,0.000000e+00,0.000000e+00,0.000000e+00
1.000000e+00,0.000000e+00,0.000000e+00,0.000000e+00,0.000000e+00,0.000000e+00,0.000000e+00,0.000000e+00,0.000000e+00,0.000000e+00,0.000000e+00,0.000000e+00,0.000000e+00,0.000000e+00,0.000000e+00
1.000000e+00,0.000000e+00,0.000000e+00,0.000000e+00,0.000000e+00,0.000000e+00,0.000000e+00,0.000000e+00,0.000000e+00,0.000000e+00,0.000000e+00,0.000000e+00,0.000000e+00,0.000000e+00,0.000000e+00
1.000000e+00,0.000000e+00,0.000000e+00,0.000000e+00,0.000000e+00,0.000000e+00,0.000000e+00,0.000000e+00,0.000000e+00,0.000000e+00,0.000000e+00,0.000000e+00,0.000000e+00,0.000000e+00,0.000000e+00
1.000000e+00,0.000000e+00,0.000000e+00,0.000000e+00,0.000000e+00,0.000000e+00,0.000000e+00,0.000000e+00,0.000000e+00,0.000000e+00,0.000000e+00,0.000000e+00,0.000000e+00,0.000000e+00,0.000000e+00
1.000000e+00,0.000000e+00,0.000000e+00,0.000000e+00,0.000000e+00,0.000000e+00,0.000000e+00,0.000000e+00,0.000000e+00,0.000000e+00,0.000000e+00,0.000000e+00,0.000000e+00,0.000000e+00,0.000000e+00
1.000000e+00,0.000000e+00,0.000000e+00,0.000000e+00,0.000000e+00,0.000000e+00,0.000000e+00,0.000000e+00,0.000000e+00,0.000000e+00,0.000000e+00,0.000000e+00,0.000000e+00,0.000000e+00,0.000000e+00
1.000000e+00,0.000000e+00,0.000000e+00,0.000000e+00,0.000000e+00,0.000000e+00,0.000000e+00,0.000000e+00,0.000000e+00,0.000000e+00,0.000000e+00,0.000000e+00,0.000000e+00,0.000000e+00,0.000000e+00
1.000000e+00,0.000000e+00,0.000000e+00,0.000000e+00,0.000000e+00,0.000000e+00,0.000000e+00,0.000000e+00,0.000000e+00,0.000000e+00,0.000000e+00,0.000000e+00,0.000000e+00,0.000000e+00,0.000000e+00
1.000000e+00,0.000000e+00,0.000000e+00,0.000000e+00,0.000000e+00,0.000000e+00,0.000000e+00,0.000000e+00,0.000000e+00,0.000000e+00,0.000000e+00,0.000000e+00,0.000000e+00,0.000000e+00,0.000000e+00
1.000000e+00,0.000000e+00,0.000000e+00,0.000000e+00,0.000000e+00,0.000000e+00,0.000000e+00,0.000000e+00,0.000000e+00,0.000000e+00,0.000000e+00,0.000000e+00,0.000000e+00,0.000000e+00,0.000000e+00
1.000000e+00,0.000000e+00,0.000000e+00,0.000000e+00,0.000000e+00,0.000000e+00,0.000000e+00,0.000000e+00,0.000000e+00,0.000000e+00,0.000000e+00,0.000000e+00,0.000000e+00,0.000000e+00,0.000000e+00
1.000000e+00,0.000000e+00,0.000000e+00,0.000000e+00,0.000000e+00,0.000000e+00,0.000000e+00,0.000000e+00,0.000000e+00,0.000000e+00,0.000000e+00,0.000000e+00,0.000000e+00,0.000000e+00,0.000000e+00
1.000000e+00,0.000000e+00,0.000000e+00,0.000000e+00,0.000000e+00,0.000000e+00,0.000000e+00,0.000000e+00,0.000000e+00,0.000000e+00,0.000000e+00,0.000000e+00,0.000000e+00,0.000000e+00,0.000000e+00
1.000000e+00,0.000000e+00,0.000000e+00,0.000000e+00,0.000000e+00,0.000000e+00,0.000000e+00,0.000000e+00,0.000000e+00,0.000000e+00,0.000000e+00,0.000000e+00,0.000000e+00,0.000000e+00,0.000000e+00
1.000000e+00,0.000000e+00,0.000000e+00,0.000000e+00,0.000000e+00,0.000000e+00,0.000000e+00,0.000000e+00,0.000000e+00,0.000000e+00,0.000000e+00,0.000000e+00,0.000000e+00,0.000000e+00,0.000000e+00
1.000000e+00,0.000000e+00,0.000000e+00,0.000000e+00,0.000000e+00,0.000000e+00,0.000000e+00,0.000000e+00,0.000000e+00,0.000000e+00,0.000000e+00,0.000000e+00,0.000000e+00,0.000000e+00,0.000000e+00
1.000000e+00,0.000000e+00,0.000000e+00,0.000000e+00,0.000000e+00,0.000000e+00,0.000000e+00,0.000000e+00,0.000000e+00,0.000000e+00,0.000000e+00,0.000000e+00,0.000000e+00,0.000000e+00,0.000000e+00
1.000000e+00,0.000000e+00,0.000000e+00,0.000000e+00,0.000000e+00,0.000000e+00,0.000000e+00,0.000000e+00,0.000000e+00,0.000000e+00,0.000000e+00,0.000000e+00,0.000000e+00,0.000000e+00,0.000000e+00
1.000000e+00,0.000000e+00,0.000000e+00,0.000000e+00,0.000000e+00,0.000000e+00,0.000000e+00,0.000000e+00,0.000000e+00,0.000000e+00,0.000000e+00,0.000000e+00,0.000000e+00,0.000000e+00,0.000000e+00
1.000000e+00,0.000000e+00,0.000000e+00,0.000000e+00,0.000000e+00,0.000000e+00,0.000000e+00,0.000000e+00,0.000000e+00,0.000000e+00,0.000000e+00,0.000000e+00,0.000000e+00,0.000000e+00,0.000000e+00
1.000000e+00,0.000000e+00,0.000000e+00,0.000000e+00,0.000000e+00,0.000000e+00,0.000000e+00,0.000000e+00,0.000000e+00,0.000000e+00,0.000000e+00,0.000000e+00,0.000000e+00,0.000000e+00,0.000000e+00
1.000000e+00,0.000000e+00,0.000000e+00,0.000000e+00,0.000000e+00,0.000000e+00,0.000000e+00,0.000000e+00,0.000000e+00,0.000000e+00,0.000000e+00,0.000000e+00,0.000000e+00,0.000000e+00,0.000000e+00
4.719034e-01,4.785389e-02,5.559550e-02,1.427435e-01,1.113438e-02,2.440673e-02,6.187352e-03,2.957178e-02,2.981107e-02,3.946736e-03,4.746592e-02,4.297396e-02,2.141089e-02,1.548118e-02,4.951376e-02
1.000000e+00,0.000000e+00,0.000000e+00,0.000000e+00,0.000000e+00,0.000000e+00,0.000000e+00,0.000000e+00,0.000000e+00,0.000000e+00,0.000000e+00,0.000000e+00,0.000000e+00,0.000000e+00,0.000000e+00
4.800012e-01,4.812671e-02,7.089071e-02,1.380384e-01,1.284326e-02,2.046448e-02,5.767790e-03,2.523492e-02,2.985222e-02,3.807609e-03,4.449554e-02,3.813775e-02,1.971591e-02,1.460551e-02,4.801783e-02
1.000000e+00,0.000000e+00,0.000000e+00,0.000000e+00,0.000000e+00,0.000000e+00,0.000000e+00,0.000000e+00,0.000000e+00,0.000000e+00,0.000000e+00,0.000000e+00,0.000000e+00,0.000000e+00,0.000000e+00
1.000000e+00,0.000000e+00,0.000000e+00,0.000000e+00,0.000000e+00,0.000000e+00,0.000000e+00,0.000000e+00,0.000000e+00,0.000000e+00,0.000000e+00,0.000000e+00,0.000000e+00,0.000000e+00,0.000000e+00
1.000000e+00,0.000000e+00,0.000000e+00,0.000000e+00,0.000000e+00,0.000000e+00,0.000000e+00,0.000000e+00,0.000000e+00,0.000000e+00,0.000000e+00,0.000000e+00,0.000000e+00,0.000000e+00,0.000000e+00
1.000000e+00,0.000000e+00,0.000000e+00,0.000000e+00,0.000000e+00,0.000000e+00,0.000000e+00,0.000000e+00,0.000000e+00,0.000000e+00,0.000000e+00,0.000000e+00,0.000000e+00,0.000000e+00,0.000000e+00
1.000000e+00,0.000000e+00,0.000000e+00,0.000000e+00,0.000000e+00,0.000000e+00,0.000000e+00,0.000000e+00,0.000000e+00,0.000000e+00,0.000000e+00,0.000000e+00,0.000000e+00,0.000000e+00,0.000000e+00
1.000000e+00,0.000000e+00,0.000000e+00,0.000000e+00,0.000000e+00,0.000000e+00,0.000000e+00,0.000000e+00,0.000000e+00,0.000000e+00,0.000000e+00,0.000000e+00,0.000000e+00,0.000000e+00,0.000000e+00
1.000000e+00,0.000000e+00,0.000000e+00,0.000000e+00,0.000000e+00,0.000000e+00,0.000000e+00,0.000000e+00,0.000000e+00,0.000000e+00,0.000000e+00,0.000000e+00,0.000000e+00,0.000000e+00,0.000000e+00
1.000000e+00,0.000000e+00,0.000000e+00,0.000000e+00,0.000000e+00,0.000000e+00,0.000000e+00,0.000000e+00,0.000000e+00,0.000000e+00,0.000000e+00,0.000000e+00,0.000000e+00,0.000000e+00,0.000000e+00
1.000000e+00,0.000000e+00,0.000000e+00,0.000000e+00,0.000000e+00,0.000000e+00,0.000000e+00,0.000000e+00,0.000000e+00,0.000000e+00,0.000000e+00,0.000000e+00,0.000000e+00,0.000000e+00,0.000000e+00
1.000000e+00,0.000000e+00,0.000000e+00,0.000000e+00,0.000000e+00,0.000000e+00,0.000000e+00,0.000000e+00,0.000000e+00,0.000000e+00,0.000000e+00,0.000000e+00,0.000000e+00,0.000000e+00,0.000000e+00
1.000000e+00,0.000000e+00,0.000000e+00,0.000000e+00,0.000000e+00,0.000000e+00,0.000000e+00,0.000000e+00,0.000000e+00,0.000000e+00,0.000000e+00,0.000000e+00,0.000000e+00,0.000000e+00,0.000000e+00
4.150383e-01,4.932512e-02,1.475909e-02,3.562208e-01,4.690459e-03,9.398894e-03,2.291009e-03,5.428654e-03,2.792742e-02,6.060759e-03,8.695139e-03,1.084410e-02,1.385126e-02,2.723822e-03,7.274519e-02
3.175310e-01,4.342213e-02,3.379563e-02,4.148647e-01,4.203739e-03,7.844593e-03,1.859064e-03,4.381052e-03,3.565092e-02,6.990399e-03,1.502221e-02,8.342216e-03,1.259928e-02,2.936785e-03,9.055631e-02
2.690841e-01,4.364146e-02,3.724770e-02,3.142594e-01,3.523645e-03,6.676405e-03,1.506979e-03,4.165576e-03,4.895250e-02,1.500179e-02,1.413845e-02,6.260353e-03,1.100076e-02,6.538808e-03,2.180022e-01
1.926017e-01,4.579828e-02,4.653529e-02,2.605088e-01,2.572882e-03,5.048701e-03,1.152703e-03,3.073821e-03,8.245537e-02,1.668902e-02,1.087053e-02,4.950836e-03,8.697348e-03,5.198640e-03,3.138460e-01
1.434869e-01,3.589715e-02,5.137095e-02,1.994002e-01,2.006699e-03,4.056952e-03,9.114436e-04,2.597890e-03,9.175062e-02,2.146952e-02,9.557342e-03,4.265489e-03,7.822700e-03,8.823888e-03,4.165822e-01
1.218297e-01,2.936844e-02,8.100738e-02,1.479650e-01,2.012613e-03,3.365679e-03,7.061756e-04,2.175900e-03,7.791079e-02,2.134871e-02,8.540682e-03,4.473408e-03,6.786922e-03,5.258084e-02,4.399278e-01
8.604250e-02,2.086649e-02,5.910794e-02,1.036124e-01,1.452867e-03,2.402341e-03,5.031491e-04,1.527009e-03,5.619990e-02,1.736671e-02,6.480123e-03,3.505033e-03,4.831832e-03,2.373243e-01,3.987774e-01
6.293187e-02,1.581573e-02,4.345782e-02,7.285179e-02,1.204648e-03,1.794721e-03,3.906161e-04,1.108901e-03,5.011556e-02,1.761133e-02,7.449264e-03,4.023502e-03,3.698444e-03,2.791351e-01,4.384107e-01
5.171922e-02,1.261790e-02,3.143171e-02,5.247367e-02,1.088007e-03,1.493162e-03,3.072403e-04,8.213389e-04,4.999270e-02,1.909383e-02,7.177007e-03,4.342037e-03,2.993015e-03,3.937803e-01,3.706688e-01
3.869884e-02,9.572741e-03,2.250079e-02,3.683688e-02,9.490876e-04,1.204914e-03,2.439184e-04,5.853443e-04,3.802909e-02,1.633881e-02,5.781334e-03,3.532681e-03,2.251282e-03,5.094669e-01,3.140073e-01
3.312505e-02,6.802921e-03,1.608270e-02,2.579720e-02,7.169733e-04,9.644668e-04,1.858402e-04,4.197891e-04,2.712365e-02,3.969786e-02,5.186745e-03,3.156128e-03,1.701728e-03,6.038603e-01,2.351787e-01
3.314809e-02,5.112387e-03,1.178022e-02,1.811959e-02,7.654685e-04,9.722920e-04,4.383655e-04,3.699433e-04,2.005927e-02,3.856913e-02,6.904211e-03,3.676403e-03,1.838975e-03,6.604945e-01,1.977511e-01
4.441280e-02,4.341379e-03,9.962821e-03,1.288264e-02,1.316952e-03,1.444606e-03,8.289479e-04,3.895351e-04,1.576957e-02,4.788950e-02,8.696247e-03,3.650947e-03,1.798180e-03,6.633974e-01,1.832184e-01
1.001485e-01,4.430046e-03,1.097250e-02,1.024026e-02,3.268778e-03,2.586300e-03,1.533008e-03,9.438408e-04,1.778831e-02,1.006631e-01,1.218087e-02,3.591142e-03,2.150260e-03,5.455130e-01,1.839900e-01
1.642042e-01,7.097553e-03,1.077185e-02,9.433891e-03,4.695169e-03,7.614110e-03,2.871361e-03,1.290063e-03,3.179689e-02,9.935544e-02,1.436429e-02,5.790908e-03,7.174604e-03,4.496573e-01,1.838824e-01
2.285973e-01,8.546064e-03,8.648976e-03,1.088082e-02,6.787083e-03,8.033190e-03,4.092698e-03,3.265785e-03,1.089453e-01,8.195183e-02,2.557622e-02,7.463729e-03,1.333185e-02,3.389270e-01,1.449521e-01
3.065897e-01,8.867766e-03,7.783858e-03,1.144699e-02,9.882387e-03,8.731542e-03,3.750569e-03,3.909021e-03,1.717652e-01,6.586211e-02,2.184475e-02,7.910265e-03,1.513551e-02,2.447002e-01,1.118201e-01
3.638676e-01,7.603473e-03,6.383355e-03,1.096314e-02,8.953893e-03,1.020481e-02,3.176666e-03,3.559771e-03,2.213919e-01,5.042623e-02,1.769817e-02,6.740629e-03,1.391282e-02,1.787254e-01,9.639208e-02
3.432408e-01,7.827912e-03,8.336425e-03,1.755756e-02,2.195432e-02,1.278810e-02,3.567428e-03,1.254167e-02,3.030617e-01,3.734193e-02,1.458475e-02,5.881321e-03,1.063675e-02,1.304708e-01,7.020856e-02
3.211860e-01,1.326809e-02,7.031061e-03,2.278877e-02,3.436179e-02,1.179523e-02,3.061463e-03,9.892911e-03,3.687063e-01,2.908559e-02,1.215700e-02,5.528263e-03,1.066531e-02,9.442426e-02,5.604796e-02
2.865021e-01,1.440253e-02,7.047052e-03,3.710896e-02,3.647574e-02,1.180284e-02,2.431049e-03,7.407045e-03,4.053176e-01,2.433024e-02,1.173350e-02,7.217162e-03,9.461232e-03,6.839623e-02,7.036672e-02
2.051658e-01,1.580618e-02,5.628600e-03,3.040655e-02,2.714649e-02,8.607217e-03,1.730204e-03,5.847917e-03,5.461504e-01,2.140576e-02,9.312816e-03,5.366525e-03,7.562720e-03,4.863286e-02,6.122994e-02
1.555815e-01,1.859812e-02,4.322073e-03,2.659675e-02,2.305742e-02,6.954333e-03,1.267401e-03,4.638851e-03,6.355094e-01,1.849410e-02,7.380188e-03,4.128290e-03,7.546130e-03,3.493712e-02,5.098833e-02
1.180760e-01,2.755966e-02,4.198343e-03,3.003324e-02,1.983276e-02,7.060132e-03,9.099903e-04,4.498515e-03,6.917345e-01,1.413277e-02,6.007634e-03,3.489677e-03,6.696645e-03,2.469844e-02,4.107168e-02
9.066845e-02,2.859605e-02,3.519061e-03,2.386127e-02,1.736830e-02,7.897324e-03,6.578225e-04,3.833519e-03,7.375568e-01,1.218915e-02,5.067194e-03,2.677798e-03,5.739783e-03,1.778375e-02,4.258373e-02
7.082973e-02,2.468693e-02,2.617605e-03,1.846550e-02,1.337693e-02,7.430098e-03,4.732263e-04,3.154103e-03,7.708406e-01,1.152769e-02,4.322146e-03,2.058003e-03,5.602523e-03,1.468792e-02,4.992702e-02
5.325399e-02,1.860063e-02,8.817240e-03,2.178931e-02,9.742105e-03,5.430655e-03,3.410961e-04,3.775596e-03,8.101357e-01,1.012852e-02,3.886050e-03,1.640870e-03,4.487946e-03,1.092936e-02,3.704088e-02
4.795119e-02,1.780756e-02,1.871596e-02,1.941448e-02,7.627328e-03,4.210522e-03,2.885957e-04,5.171753e-03,7.846261e-01,1.565836e-02,3.970862e-03,1.377107e-03,3.827369e-03,1.405890e-02,5.529383e-02
3.764085e-02,1.450653e-02,2.256828e-02,1.400716e-02,5.459327e-03,3.309587e-03,2.434721e-04,3.780799e-03,6.381403e-01,1.031674e-01,3.771126e-03,1.221152e-03,3.071731e-03,6.195155e-02,8.716073e-02
3.216873e-02,1.151748e-02,2.418667e-02,1.054768e-02,4.092756e-03,2.572207e-03,3.238148e-04,3.124140e-03,5.645607e-01,1.002935e-01,6.402840e-03,1.693796e-03,2.693929e-03,1.003734e-01,1.354484e-01
3.402963e-02,1.007120e-02,4.704882e-02,8.818591e-03,3.124515e-03,3.088265e-03,2.716873e-04,2.361761e-03,4.238086e-01,1.000022e-01,7.736545e-03,1.771001e-03,2.514360e-03,2.016381e-01,1.537147e-01
2.787049e-02,8.516591e-03,5.348564e-02,7.118044e-03,2.460454e-03,3.930865e-03,2.350899e-04,1.778045e-03,4.180038e-01,9.217807e-02,1.502292e-02,2.580762e-03,2.998196e-03,2.288580e-01,1.349631e-01
2.350211e-02,7.651513e-03,4.792736e-02,6.159333e-03,2.071203e-03,4.230083e-03,2.255994e-04,1.382521e-03,3.362907e-01,1.027640e-01,1.615038e-02,2.547458e-03,3.142725e-03,2.888970e-01,1.570581e-01
2.751715e-02,7.151293e-03,3.697430e-02,4.849295e-03,1.952959e-03,4.109963e-03,2.408235e-04,1.080151e-03,2.608351e-01,1.166906e-01,1.449465e-02,2.271479e-03,2.741907e-03,3.747110e-01,1.443794e-01
2.594358e-02,8.714382e-03,4.169901e-02,6.148062e-03,2.429420e-03,4.329849e-03,3.246585e-04,1.046847e-03,2.319637e-01,1.303111e-01,1.531106e-02,3.010755e-03,3.395113e-03,3.895105e-01,1.358619e-01
2.522028e-02,1.434239e-02,3.544406e-02,5.634192e-03,2.421685e-03,4.023618e-03,3.716697e-04,9.875451e-04,1.760302e-01,1.499733e-01,1.614784e-02,2.998015e-03,4.881644e-03,4.360542e-01,1.254694e-01
2.021366e-02,1.637959e-02,2.538350e-02,4.399975e-03,2.397795e-03,5.021461e-03,3.037374e-04,7.706598e-04,1.451257e-01,2.175441e-01,1.415064e-02,2.389383e-03,3.828941e-03,4.154308e-01,1.266600e-01
1.721232e-02,2.177699e-02,1.829091e-02,3.817419e-03,2.236086e-03,6.260672e-03,2.705260e-04,7.212728e-04,1.360392e-01,1.844726e-01,1.662776e-02,2.164362e-03,3.316691e-03,4.553884e-01,1.314048e-01
2.876114e-02,3.413219e-02,1.396650e-02,6.978480e-03,4.164176e-03,1.170321e-02,3.655849e-04,1.383378e-03,1.618921e-01,1.719763e-01,3.835180e-02,3.504792e-03,4.861366e-03,4.002184e-01,1.177406e-01
2.915644e-02,3.166277e-02,1.013187e-02,1.204729e-02,6.581373e-03,1.257656e-02,3.153445e-04,1.389856e-03,2.159140e-01,2.339953e-01,3.414485e-02,3.597054e-03,5.012229e-03,3.099794e-01,9.349564e-02
2.726593e-02,2.654886e-02,7.309239e-03,1.123421e-02,5.159833e-03,1.109510e-02,2.400706e-04,1.237472e-03,2.636803e-01,1.844009e-01,1.243810e-01,1.224551e-02,5.903604e-03,2.498618e-01,6.943622e-02
3.758270e-02,2.566159e-02,5.415366e-03,9.636747e-03,4.703799e-03,9.407904e-03,2.168013e-04,1.238217e-03,2.219054e-01,1.382180e-01,2.734858e-01,2.685479e-02,7.730916e-03,1.856449e-01,5.229703e-02
8.354137e-02,3.187251e-02,4.084831e-03,1.047341e-02,4.348040e-03,9.957874e-03,2.089914e-04,1.273259e-03,2.202792e-01,1.224928e-01,2.522381e-01,3.602956e-02,1.029304e-02,1.567971e-01,5.610999e-02
1.050815e-01,3.019070e-02,3.374697e-03,1.416708e-02,6.075775e-03,1.026275e-02,2.799481e-04,1.672716e-03,2.781078e-01,1.446205e-01,1.895403e-01,3.095194e-02,1.018851e-02,1.269797e-01,4.850605e-02
1.479393e-01,2.913920e-02,6.327073e-03,2.631097e-02,8.715604e-03,9.760519e-03,8.416782e-04,2.175444e-02,2.776401e-01,1.321238e-01,1.549591e-01,3.417598e-02,1.456928e-02,9.668076e-02,3.906220e-02
1.715796e-01,3.053174e-02,7.987325e-03,3.489354e-02,8.740810e-03,1.183434e-02,1.171941e-03,3.042082e-02,3.047642e-01,1.121690e-01,1.347053e-01,2.789108e-02,1.397224e-02,7.843540e-02,3.090278e-02
1.783145e-01,2.877228e-02,1.665155e-02,3.275203e-02,1.645986e-02,3.712895e-02,1.958347e-03,6.876315e-02,2.551367e-01,1.171606e-01,1.138914e-01,2.130120e-02,1.168494e-02,7.349536e-02,2.652910e-02
2.017788e-01,3.988565e-02,1.879370e-02,7.513200e-02,1.875282e-02,8.196042e-02,1.848570e-03,5.700384e-02,2.175841e-01,8.891779e-02,8.602765e-02,1.653209e-02,1.017715e-02,5.724323e-02,2.836214e-02
1.712084e-01,7.278777e-02,1.985582e-02,6.116012e-02,2.769941e-02,8.095565e-02,1.787351e-03,6.643328e-02,2.460758e-01,8.272997e-02,7.296997e-02,1.324217e-02,9.752013e-03,4.891277e-02,2.442949e-02
1.411517e-01,7.854304e-02,3.391260e-02,5.035053e-02,2.671132e-02,6.447710e-02,2.083338e-03,1.513838e-01,2.020229e-01,8.510549e-02,7.274049e-02,1.112800e-02,1.094902e-02,4.917938e-02,2.026131e-02
1.394550e-01,8.589710e-02,8.466177e-02,4.527395e-02,2.869560e-02,8.589654e-02,2.850215e-03,1.416788e-01,1.558577e-01,8.542367e-02,6.136215e-02,1.091938e-02,1.110333e-02,4.182246e-02,1.910229e-02
1.707623e-01,8.326530e-02,1.185921e-01,4.063539e-02,4.743046e-02,8.755869e-02,4.671928e-03,1.318347e-01,1.209792e-01,7.585576e-02,4.464372e-02,9.467585e-03,1.017898e-02,3.189686e-02,2.222682e-02
1.712660e-01,1.099790e-01,1.006242e-01,3.655418e-02,6.484519e-02,8.744292e-02,4.514448e-03,1.328373e-01,1.300432e-01,5.981091e-02,3.557315e-02,9.305922e-03,9.598019e-03,2.733439e-02,2.027103e-02
1.789691e-01,9.113005e-02,9.560947e-02,3.187208e-02,7.933582e-02,7.143789e-02,5.825817e-03,1.234989e-01,1.459769e-01,5.623317e-02,3.227602e-02,1.173515e-02,9.368645e-03,4.225907e-02,2.447195e-02
1.812259e-01,7.171192e-02,1.225400e-01,3.320691e-02,8.834901e-02,6.852371e-02,9.602470e-03,1.237059e-01,1.227619e-01,5.511896e-02,2.960283e-02,1.870701e-02,1.074910e-02,3.922497e-02,2.496930e-02
1.909963e-01,5.614562e-02,1.280667e-01,3.031367e-02,8.315310e-02,6.997612e-02,8.477403e-03,1.808402e-01,1.003076e-01,4.492406e-02,2.348005e-02,1.878302e-02,9.722576e-03,3.411152e-02,2.070207e-02
2.603731e-01,5.206132e-02,1.044155e-01,2.508473e-02,7.035907e-02,7.115658e-02,7.963934e-03,1.692628e-01,9.384841e-02,4.933140e-02,1.874400e-02,1.766949e-02,9.414726e-03,3.105419e-02,1.926077e-02
3.482628e-01,4.832201e-02,7.705060e-02,2.024373e-02,6.642814e-02,5.609325e-02,7.017927e-03,1.509909e-01,9.574017e-02,4.054260e-02,1.531418e-02,1.586199e-02,8.472940e-03,3.338685e-02,1.627189e-02
4.387047e-01,4.521509e-02,5.880173e-02,1.814498e-02,5.386158e-02,4.427519e-02,7.085052e-03,1.185037e-01,8.145721e-02,4.622934e-02,1.246118e-02,1.633807e-02,8.130014e-03,3.453667e-02,1.625554e-02
1.000000e+00,0.000000e+00,0.000000e+00,0.000000e+00,0.000000e+00,0.000000e+00,0.000000e+00,0.000000e+00,0.000000e+00,0.000000e+00,0.000000e+00,0.000000e+00,0.000000e+00,0.000000e+00,0.000000e+00
1.000000e+00,0.000000e+00,0.000000e+00,0.000000e+00,0.000000e+00,0.000000e+00,0.000000e+00,0.000000e+00,0.000000e+00,0.000000e+00,0.000000e+00,0.000000e+00,0.000000e+00,0.000000e+00,0.000000e+00
4.885050e-01,4.160240e-02,2.899163e-02,3.123974e-02,2.675997e-02,4.036669e-02,5.711182e-03,5.255345e-02,6.078903e-02,7.020266e-02,1.539127e-02,3.783072e-02,1.497736e-02,2.399418e-02,6.108467e-02
3.813712e-01,3.963102e-02,2.182697e-02,3.453074e-02,1.958169e-02,3.593032e-02,4.391626e-03,3.926526e-02,6.128910e-02,1.948361e-01,1.761413e-02,4.375080e-02,1.703424e-02,1.928734e-02,6.965944e-02
3.127592e-01,3.212461e-02,1.690882e-02,3.573888e-02,1.463914e-02,3.196214e-02,3.347477e-03,2.897704e-02,5.496166e-02,3.002902e-01,1.593028e-02,4.024507e-02,2.318081e-02,1.525593e-02,7.367877e-02
2.306401e-01,2.545763e-02,1.296121e-02,2.758718e-02,1.068249e-02,2.433945e-02,2.493551e-03,2.137743e-02,4.597978e-02,4.638404e-01,1.320399e-02,3.065980e-02,1.984138e-02,1.169688e-02,5.923884e-02
1.738533e-01,2.421677e-02,1.040149e-02,2.202486e-02,7.903416e-03,2.840074e-02,1.877233e-03,1.546609e-02,4.320149e-02,5.434911e-01,1.735072e-02,3.836897e-02,1.731066e-02,9.837424e-03,4.629581e-02
1.331087e-01,1.903090e-02,8.967004e-03,1.669791e-02,5.972459e-03,3.370379e-02,1.524750e-03,1.112215e-02,3.640425e-02,4.484052e-01,6.602990e-02,1.578752e-01,1.425168e-02,9.500286e-03,3.740592e-02
1.100579e-01,1.417789e-02,7.272370e-03,1.400326e-02,4.577043e-03,3.180046e-02,1.335893e-03,8.417232e-03,2.807241e-02,3.318641e-01,1.049028e-01,2.943484e-01,1.239365e-02,8.053712e-03,2.872302e-02
9.288276e-02,1.023087e-02,5.571655e-03,1.077197e-02,3.469399e-03,3.951757e-02,1.247430e-03,6.337888e-03,2.082906e-02,2.375548e-01,1.355956e-01,3.948635e-01,1.138956e-02,7.322451e-03,2.241552e-02
7.554975e-02,7.874196e-03,5.506193e-03,8.162722e-03,3.565269e-03,3.598265e-02,2.373116e-03,4.909603e-03,1.809791e-02,1.720432e-01,1.344346e-01,4.964997e-01,9.666428e-03,6.386349e-03,1.894828e-02
6.422540e-02,7.537026e-03,7.053019e-03,6.807717e-03,1.063067e-02,3.169179e-02,7.609827e-03,4.365623e-03,2.119800e-02,1.223538e-01,1.778619e-01,5.082101e-01,8.920256e-03,5.181476e-03,1.635332e-02
4.734172e-02,7.700483e-03,1.133089e-02,5.476853e-03,1.384360e-02,2.837323e-02,8.003339e-03,3.649779e-03,2.418553e-02,8.610480e-02,3.071634e-01,4.304164e-01,9.355421e-03,4.054009e-03,1.300045e-02
3.528598e-02,1.108218e-02,3.056047e-02,8.074712e-03,3.546152e-02,2.256619e-02,7.618059e-03,8.187927e-03,8.292267e-02,6.090377e-02,3.023866e-01,3.682372e-01,1.092998e-02,3.254898e-03,1.252789e-02
2.731503e-02,2.044946e-02,5.062790e-02,7.682645e-03,3.578677e-02,1.958984e-02,6.079725e-03,7.911703e-03,6.647490e-02,4.302838e-02,4.189143e-01,2.648219e-01,1.408043e-02,3.263501e-03,1.397346e-02
2.033558e-02,2.076650e-02,4.655008e-02,6.238894e-03,3.579102e-02,2.038720e-02,5.770778e-03,1.048756e-02,5.887295e-02,3.102066e-02,5.229214e-01,1.894345e-01,1.771602e-02,2.998004e-03,1.070884e-02
1.552611e-02,1.818568e-02,4.061324e-02,4.721883e-03,4.271875e-02,2.770283e-02,4.724566e-03,1.593249e-02,5.522687e-02,2.446565e-02,5.682145e-01,1.453790e-01,2.598670e-02,2.820152e-03,7.781679e-03
1.209209e-02,5.230393e-02,7.687771e-02,4.393306e-03,8.148764e-02,2.151466e-02,3.620983e-03,3.900556e-02,8.689977e-02,1.888163e-02,4.587506e-01,1.079214e-01,2.710251e-02,2.759146e-03,6.389104e-03
1.066522e-02,5.314313e-02,8.172382e-02,4.907052e-03,1.016608e-01,3.075354e-02,3.095261e-03,4.666856e-02,1.083071e-01,1.879434e-02,4.031415e-01,9.460802e-02,3.454869e-02,2.957551e-03,5.025493e-03
8.441530e-03,4.869767e-02,6.760228e-02,6.506323e-03,9.114750e-02,4.467431e-02,2.375870e-03,3.864942e-02,1.422036e-01,1.789952e-02,3.725021e-01,1.056758e-01,4.660914e-02,3.038159e-03,3.976777e-03
8.085093e-03,4.073269e-02,6.038967e-02,7.202832e-03,1.043054e-01,3.599824e-02,1.785718e-03,3.294973e-02,1.413980e-01,1.570957e-02,3.614207e-01,9.382966e-02,8.940493e-02,3.213491e-03,3.574259e-03
6.710864e-03,3.038356e-02,4.840680e-02,5.834098e-03,9.009880e-02,2.779800e-02,1.403203e-03,2.994382e-02,1.286534e-01,1.601799e-02,3.624189e-01,1.089264e-01,1.350233e-01,5.406126e-03,2.974768e-03
7.912163e-03,2.208839e-02,3.989730e-02,4.906098e-03,1.111392e-01,2.500342e-02,1.478209e-03,5.452983e-02,1.130663e-01,1.487544e-02,3.403898e-01,9.990918e-02,1.559570e-01,6.371864e-03,2.475855e-03
1.084019e-02,1.642232e-02,4.269458e-02,4.018105e-03,1.173190e-01,1.906954e-02,1.346285e-03,1.006381e-01,9.634760e-02,1.220263e-02,3.239121e-01,8.565981e-02,1.597866e-01,7.763699e-03,1.979413e-03
2.694624e-02,1.448853e-02,4.457934e-02,3.665594e-03,9.561013e-02,1.460238e-02,1.312868e-03,1.007249e-01,7.615781e-02,9.945750e-03,2.686508e-01,8.824120e-02,2.365662e-01,1.388167e-02,4.626555e-03
3.964006e-02,1.575075e-02,4.015256e-02,4.450941e-03,9.039512e-02,1.139788e-02,1.348415e-03,1.011101e-01,1.096513e-01,7.719077e-03,2.086582e-01,7.971286e-02,2.731801e-01,1.214267e-02,4.689957e-03
5.523451e-02,2.307356e-02,6.428810e-02,6.869908e-03,7.887393e-02,1.048513e-02,1.766633e-03,1.030179e-01,1.657338e-01,1.182697e-02,1.541015e-01,6.774522e-02,2.401253e-01,9.939296e-03,6.918243e-03
4.110177e-02,2.662824e-02,5.603912e-02,6.308550e-03,5.916600e-02,1.139281e-02,1.400981e-03,8.650985e-02,2.853559e-01,1.164800e-02,1.122924e-01,5.835307e-02,1.991649e-01,1.833455e-02,2.630391e-02
3.235339e-02,2.890088e-02,6.486379e-02,5.818449e-03,4.747615e-02,1.026955e-02,1.119572e-03,9.949136e-02,3.034706e-01,1.005465e-02,8.997132e-02,5.206737e-02,1.993598e-01,1.593137e-02,3.885173e-02
2.373407e-02,3.064924e-02,5.504111e-02,5.325196e-03,3.617391e-02,1.181433e-02,8.355287e-04,7.899459e-02,3.250214e-01,1.201275e-02,7.262897e-02,4.615239e-02,1.856820e-01,1.331906e-02,1.026155e-01
1.979903e-02,3.107238e-02,4.304783e-02,4.414518e-03,2.959062e-02,1.071610e-02,6.507918e-04,6.012304e-02,3.632061e-01,1.260252e-02,5.872924e-02,3.497032e-02,1.523752e-01,1.364852e-02,1.650538e-01
2.108429e-02,2.897524e-02,3.419385e-02,4.582011e-03,3.094042e-02,8.611856e-03,5.323323e-04,4.784435e-02,3.874713e-01,1.044247e-02,4.946826e-02,2.606915e-02,1.105991e-01,1.874847e-02,2.204368e-01
5.017445e-02,3.221167e-02,2.814173e-02,7.587424e-03,3.496613e-02,9.514433e-03,7.653930e-04,5.678678e-02,4.191720e-01,1.198841e-02,4.197115e-02,2.076387e-02,8.211944e-02,2.102802e-02,1.828091e-01
6.593042e-02,2.496480e-02,2.060467e-02,6.279933e-03,3.267689e-02,8.444083e-03,1.178838e-03,5.561195e-02,4.884561e-01,1.071110e-02,3.673263e-02,1.759033e-02,6.084330e-02,2.167154e-02,1.483033e-01
7.208422e-02,2.164960e-02,1.722161e-02,6.568737e-03,4.467940e-02,7.191428e-03,1.066979e-03,6.853525e-02,5.294521e-01,9.588350e-03,2.877205e-02,1.402666e-02,4.494168e-02,2.145729e-02,1.127646e-01
8.744336e-02,1.744684e-02,1.328361e-02,5.685495e-03,4.525925e-02,7.108739e-03,1.071570e-03,5.422577e-02,5.675738e-01,8.932821e-03,2.251250e-02,1.111660e-02,3.300786e-02,2.741048e-02,9.792121e-02
1.111625e-01,1.644550e-02,1.553071e-02,1.433726e-02,5.330577e-02,6.633260e-03,9.303456e-04,5.138223e-02,5.510878e-01,9.634796e-03,2.039243e-02,1.074351e-02,2.532098e-02,2.511043e-02,8.798239e-02
1.011010e-01,1.297671e-02,1.208838e-02,1.321847e-02,6.239395e-02,6.056506e-03,8.860208e-04,4.133936e-02,6.042300e-01,9.453788e-03,1.709331e-02,1.068970e-02,2.052790e-02,2.165058e-02,6.629422e-02
1.006668e-01,1.107389e-02,9.998635e-03,2.250840e-02,7.396531e-02,6.318617e-03,8.056427e-04,3.670123e-02,6.172539e-01,8.521417e-03,1.521888e-02,1.027058e-02,1.864322e-02,1.806013e-02,4.999330e-02
8.142920e-02,9.333194e-03,1.620749e-02,2.293523e-02,1.252099e-01,5.108010e-03,1.062570e-03,1.070735e-01,4.888482e-01,8.640126e-03,1.462322e-02,8.722799e-03,1.717650e-02,2.219610e-02,7.143386e-02
9.252084e-02,1.159587e-02,1.749789e-02,2.325964e-02,1.290510e-01,6.956539e-03,1.667112e-03,1.309640e-01,4.506961e-01,1.304195e-02,1.483483e-02,9.186135e-03,1.793933e-02,1.953397e-02,6.125473e-02
9.882642e-02,1.622014e-02,1.494223e-02,2.345945e-02,1.464449e-01,1.094330e-02,1.950157e-03,1.192847e-01,3.937292e-01,1.617685e-02,1.737244e-02,2.570461e-02,2.860054e-02,2.204609e-02,6.429888e-02
7.764888e-02,1.830014e-02,1.194210e-02,3.139359e-02,1.127440e-01,1.565568e-02,1.859279e-03,1.027601e-01,4.496210e-01,1.354697e-02,1.670870e-02,3.322964e-02,4.421667e-02,1.836065e-02,5.201261e-02
6.326592e-02,2.126783e-02,1.122233e-02,9.340572e-02,9.116538e-02,1.622389e-02,1.490333e-03,8.934231e-02,4.473457e-01,1.148259e-02,1.704872e-02,3.124588e-02,4.800390e-02,1.360170e-02,4.388789e-02
7.617231e-02,1.864921e-02,1.665937e-02,7.802507e-02,8.636144e-02,1.631883e-02,1.477331e-03,8.376069e-02,4.216479e-01,1.029122e-02,2.982606e-02,4.003783e-02,6.161866e-02,1.137881e-02,4.777529e-02
6.429439e-02,1.936923e-02,1.647547e-02,5.629148e-02,7.478298e-02,1.943092e-02,1.274196e-03,7.366419e-02,4.934772e-01,1.011258e-02,3.534269e-02,3.224629e-02,5.625256e-02,9.509631e-03,3.747617e-02
7.116275e-02,3.355555e-02,1.684979e-02,7.802272e-02,6.909855e-02,1.946976e-02,1.370864e-03,5.757745e-02,4.796443e-01,8.749153e-03,3.175380e-02,2.538813e-02,4.558217e-02,7.724393e-03,5.405060e-02
9.004407e-02,3.515479e-02,1.578825e-02,6.372375e-02,6.829390e-02,5.416205e-02,2.678864e-03,6.341173e-02,4.385720e-01,7.192271e-03,3.177064e-02,2.135032e-02,4.647542e-02,9.332784e-03,5.204913e-02
1.063413e-01,5.596416e-02,1.274095e-02,5.458348e-02,6.024367e-02,8.489439e-02,3.189969e-03,6.076100e-02,3.915265e-01,7.323347e-03,2.540275e-02,1.705982e-02,5.314327e-02,8.191574e-03,5.863389e-02
1.290889e-01,5.410864e-02,1.069357e-02,3.938144e-02,6.399735e-02,9.339846e-02,3.182239e-03,5.461836e-02,3.369138e-01,5.658299e-03,1.931098e-02,1.511735e-02,1.206960e-01,6.985466e-03,4.684909e-02
1.351369e-01,5.181835e-02,8.383682e-03,2.894464e-02,5.713970e-02,1.077508e-01,2.913399e-03,5.299392e-02,2.858352e-01,4.411098e-03,1.477212e-02,1.348912e-02,1.947838e-01,5.658999e-03,3.596827e-02
1.537018e-01,1.063904e-01,1.472034e-02,2.490683e-02,4.231371e-02,8.416417e-02,2.591538e-03,3.879414e-02,2.340304e-01,4.950815e-03,1.213846e-02,1.541238e-02,2.085682e-01,6.109943e-03,5.120689e-02
2.120632e-01,1.281621e-01,1.590766e-02,2.516199e-02,3.060512e-02,6.382499e-02,2.052415e-03,2.854485e-02,2.007754e-01,1.029715e-02,1.323230e-02,2.267001e-02,1.638512e-01,6.511646e-03,7.633993e-02
2.730943e-01,1.121229e-01,1.383118e-02,2.000812e-02,2.567996e-02,5.555603e-02,2.120724e-03,2.379308e-02,1.649057e-01,9.017969e-03,1.298922e-02,1.994282e-02,1.782906e-01,7.166476e-03,8.148099e-02
3.127564e-01,8.710431e-02,1.253026e-02,1.745281e-02,2.541081e-02,5.526234e-02,3.433896e-03,2.701938e-02,1.335021e-01,7.466367e-03,1.134314e-02,2.589679e-02,2.072001e-01,6.761711e-03,6.685950e-02
3.303825e-01,6.805674e-02,1.097091e-02,1.468000e-02,2.777491e-02,4.946937e-02,3.680171e-03,2.556566e-02,1.046721e-01,5.727046e-03,9.088769e-03,3.872460e-02,2.524749e-01,5.557828e-03,5.317440e-02
2.787901e-01,5.416436e-02,8.816009e-03,1.186912e-02,2.311514e-02,3.878894e-02,3.186378e-03,2.334167e-02,8.290569e-02,4.831522e-03,6.760536e-03,3.939513e-02,3.668067e-01,4.364760e-03,5.286390e-02
2.477233e-01,4.266025e-02,7.586476e-03,9.040891e-03,2.140062e-02,3.000328e-02,2.896699e-03,2.338776e-02,6.498041e-02,3.577223e-03,5.210870e-03,3.577049e-02,4.577122e-01,3.579303e-03,4.447024e-02
2.280701e-01,5.811276e-02,2.911934e-02,4.222145e-02,2.450296e-02,2.814273e-02,2.825329e-03,2.411327e-02,5.574849e-02,4.291218e-03,7.695822e-03,2.852182e-02,4.162276e-01,3.527036e-03,4.688001e-02
2.521072e-01,4.923354e-02,3.914201e-02,5.621554e-02,2.413667e-02,2.804857e-02,4.616880e-03,2.742348e-02,4.814214e-02,5.784309e-03,7.467865e-03,2.615511e-02,3.778822e-01,3.412272e-03,5.023211e-02
2.140451e-01,3.844486e-02,3.515818e-02,4.645611e-02,2.848559e-02,2.765675e-02,1.116382e-02,4.632988e-02,4.380205e-02,5.002729e-03,9.883248e-03,2.106836e-02,4.063921e-01,3.771462e-03,6.233976e-02
1.980918e-01,3.460663e-02,5.036423e-02,5.285484e-02,6.488129e-02,3.048310e-02,2.698315e-02,6.227425e-02,4.666868e-02,4.914743e-03,1.047739e-02,1.681186e-02,3.396742e-01,3.546623e-03,5.736725e-02
1.601553e-01,2.476930e-02,3.830023e-02,3.864909e-02,4.796673e-02,2.215657e-02,2.034810e-02,2.998058e-01,3.443678e-02,3.590709e-03,9.704617e-03,1.231618e-02,2.440888e-01,2.828515e-03,4.088341e-02
1.236847e-01,1.796304e-02,2.764050e-02,2.743716e-02,3.590706e-02,1.574599e-02,1.482003e-02,4.904615e-01,2.540404e-02,2.539067e-03,7.124091e-03,8.688071e-03,1.717058e-01,2.038453e-03,2.884050e-02
8.781378e-02,1.264074e-02,1.958775e-02,1.928192e-02,2.612271e-02,1.106873e-02,1.054866e-02,6.400908e-01,1.789161e-02,1.783471e-03,5.002784e-03,6.085793e-03,1.204387e-01,1.435411e-03,2.020711e-02
6.288958e-02,8.910086e-03,1.376639e-02,1.355104e-02,2.056891e-02,7.845957e-03,7.572808e-03,7.435750e-01,1.265040e-02,1.258104e-03,3.523667e-03,4.265897e-03,8.446169e-02,1.009355e-03,1.415107e-02
4.485043e-02,6.249335e-03,9.670039e-03,9.504403e-03,1.518460e-02,5.545320e-03,5.326559e-03,8.186032e-01,8.914052e-03,8.831835e-04,2.483275e-03,2.991062e-03,5.917797e-02,7.093757e-04,9.907227e-03
3.292020e-02,4.400824e-03,6.795576e-03,6.704901e-03,1.158868e-02,4.024508e-03,3.749546e-03,8.698454e-01,6.313119e-03,6.238550e-04,1.800973e-03,2.156817e-03,4.163197e-02,5.027989e-04,6.940800e-03
2.387427e-02,3.100540e-03,4.789585e-03,4.720503e-03,8.672678e-03,2.877420e-03,2.642763e-03,9.071159e-01,4.477787e-03,4.386468e-04,1.277585e-03,1.545528e-03,2.924854e-02,3.566124e-04,4.861546e-03
1.814534e-02,2.189146e-03,3.380280e-03,3.348415e-03,6.687935e-03,2.185444e-03,1.912691e-03,9.323051e-01,3.241583e-03,3.083724e-04,9.081925e-04,1.122307e-03,2.060486e-02,2.521997e-04,3.408180e-03
1.563785e-02,1.604398e-03,2.416813e-03,2.464613e-03,5.461115e-03,1.929981e-03,1.390753e-03,9.476153e-01,2.530357e-03,2.180576e-04,6.665985e-04,9.092169e-04,1.457344e-02,1.837345e-04,2.397824e-03
1.362766e-02,1.155059e-03,1.735924e-03,1.798968e-03,4.824033e-03,1.464521e-03,1.003796e-03,9.589693e-01,1.875344e-03,1.554833e-04,4.966615e-04,7.404215e-04,1.033035e-02,1.325575e-04,1.689923e-03
1.372720e-02,8.861571e-04,1.315168e-03,1.502664e-03,4.535913e-03,1.224251e-03,7.705622e-04,9.643851e-01,1.603245e-03,1.194294e-04,3.855179e-04,6.360105e-04,7.598509e-03,1.038566e-04,1.206442e-03
1.903720e-02,7.248908e-04,1.056997e-03,1.440057e-03,3.875234e-03,1.329383e-03,6.591710e-04,9.622456e-01,1.438139e-03,9.089108e-05,3.594304e-04,7.260320e-04,6.023660e-03,9.433206e-05,8.989524e-04
3.161608e-02,6.160956e-04,1.061506e-03,1.641766e-03,3.164104e-03,1.982728e-03,8.490026e-04,9.498258e-01,1.344812e-03,8.457021e-05,3.527557e-04,1.101170e-03,5.471848e-03,1.094021e-04,7.784111e-04
4.358248e-02,5.269955e-04,1.069183e-03,1.787458e-03,2.717094e-03,2.190431e-03,9.631600e-04,9.386830e-01,1.324199e-03,8.667949e-05,3.701691e-04,1.558077e-03,4.312837e-03,1.185939e-04,7.095686e-04
5.651401e-02,5.421983e-04,1.115765e-03,1.983426e-03,2.809666e-03,2.025547e-03,1.166703e-03,9.260246e-01,1.587198e-03,1.046330e-04,4.029061e-04,1.754073e-03,3.219190e-03,1.192101e-04,6.307766e-04
1.067783e-01,7.257995e-04,1.586899e-03,2.688852e-03,3.551804e-03,3.256695e-03,1.733657e-03,8.684731e-01,1.709895e-03,2.388993e-04,6.585489e-04,3.936776e-03,3.269437e-03,2.717262e-04,1.119487e-03
1.475193e-01,7.276951e-04,1.891232e-03,2.889396e-03,3.803766e-03,3.828648e-03,1.957076e-03,8.255445e-01,1.534992e-03,2.615543e-04,7.691787e-04,4.578604e-03,3.063259e-03,3.303523e-04,1.300330e-03
2.136152e-01,8.235701e-04,2.314552e-03,2.981562e-03,4.247430e-03,5.489171e-03,2.188856e-03,7.520174e-01,1.508054e-03,3.443052e-04,1.061021e-03,7.443535e-03,3.639323e-03,5.610134e-04,1.764936e-03
2.953396e-01,1.006186e-03,2.730749e-03,3.097049e-03,4.772413e-03,6.533947e-03,2.128906e-03,6.642710e-01,1.532173e-03,4.489236e-04,1.342752e-03,9.482941e-03,4.073456e-03,8.068467e-04,2.432984e-03
3.036904e-01,9.562083e-04,2.475325e-03,3.005126e-03,4.132047e-03,5.856676e-03,1.826081e-03,6.601445e-01,1.209516e-03,4.257951e-04,1.261845e-03,8.115645e-03,3.639023e-03,7.721851e-04,2.489552e-03
3.622218e-01,1.925537e-03,2.542782e-03,6.014157e-03,5.532801e-03,5.499741e-03,1.502425e-03,5.634095e-01,5.928979e-03,3.083593e-03,7.299133e-03,1.536192e-02,1.140147e-02,1.833264e-03,6.442924e-03
3.324482e-01,2.984242e-03,2.550526e-03,8.744234e-03,5.827721e-03,1.277684e-02,1.679477e-03,4.760855e-01,1.472557e-02,3.334155e-03,1.247663e-02,1.614524e-02,8.913673e-02,4.020921e-03,1.706404e-02
2.714317e-01,1.208332e-02,2.994498e-03,3.648547e-02,9.538662e-03,1.232263e-02,1.713855e-03,3.593684e-01,1.505019e-01,3.116176e-03,1.111342e-02,1.490940e-02,6.988651e-02,5.198623e-03,3.933533e-02
2.183528e-01,1.131989e-02,3.112310e-03,6.547066e-02,9.251300e-03,1.164977e-02,1.713255e-03,2.659071e-01,1.373568e-01,3.561527e-03,6.884108e-02,1.956913e-02,8.345097e-02,1.713361e-02,8.330977e-02
2.520885e-01,1.804803e-02,5.141839e-03,6.978464e-02,1.454626e-02,1.248811e-02,3.792253e-03,2.077780e-01,1.109095e-01,3.526926e-03,5.700626e-02,3.495111e-02,1.153902e-01,1.487382e-02,7.967442e-02
3.039238e-01,1.477630e-02,6.704414e-03,5.676929e-02,1.366793e-02,1.131716e-02,4.015606e-03,1.494942e-01,8.344593e-02,3.246742e-03,4.950200e-02,4.498385e-02,1.809604e-01,1.540674e-02,6.178551e-02
3.417051e-01,1.347055e-02,5.726387e-03,4.717381e-02,1.711821e-02,1.172435e-02,4.110036e-03,1.069506e-01,7.380492e-02,2.902874e-03,4.579408e-02,9.177162e-02,1.571729e-01,2.540232e-02,5.517226e-02
3.599472e-01,1.062500e-02,6.164521e-03,3.388266e-02,1.453330e-02,1.250824e-02,5.653604e-03,7.784624e-02,5.648094e-02,2.824206e-03,3.458106e-02,1.678216e-01,1.509481e-01,2.457102e-02,4.161229e-02
3.242211e-01,9.819459e-03,8.509395e-03,2.482446e-02,1.709259e-02,1.060860e-02,5.201700e-03,5.715816e-02,4.423592e-02,2.761310e-03,2.629802e-02,2.021802e-01,2.147962e-01,2.119733e-02,3.109552e-02
