1.000000e+00,0.000000e+00,0.000000e+00,0.000000e+00,0.000000e+00,0.000000e+00,0.000000e+00,0.000000e+00,0.000000e+00,0.000000e+00,0.000000e+00,0.000000e+00,0.000000e+00,0.000000e+00,0.000000e+00
1.000000e+00,0.000000e+00,0.000000e+00,0.000000e+00,0.000000e+00,0.000000e+00,0.000000e+00,0.000000e+00,0.000000e+00,0.000000e+00,0.000000e+00,0.000000e+00,0.000000e+00,0.000000e+00,0.000000e+00
1.000000e+00,0.000000e+00,0.000000e+00,0.000000e+00,0.000000e+00,0.000000e+00,0.000000e+00,0.000000e+00,0.000000e+00,0.000000e+00,0.000000e+00,0.000000e+00,0.000000e+00,0.000000e+00,0.000000e+00
1.000000e+00,0.000000e+00,0.000000e+00,0.000000e+00,0.000000e+00,0.000000e+00,0.000000e+00,0.000000e+00,0.000000e+00,0.000000e+00,0.000000e+00,0.000000e+00,0.000000e+00,0.000000e+00,0.000000e+00
1.000000e+00,0.000000e+00,0.000000e+00,0.000000e+00,0.000000e+00,0.000000e+00,0.000000e+00,0.000000e+00,0.000000e+00,0.000000e+00,0.000000e+00,0.000000e+00,0.000000e+00,0.000000e+00,0.000000e+00
1.000000e+00,0.000000e+00,0.000000e+00,0.000000e+00,0.000000e+00,0.000000e+00,0.000000e+00,0.000000e+00,0.000000e+00,0.000000e+00,0.000000e+00,0.000000e+00,0.000000e+00,0.000000e+00,0.000000e+00
1.000000e+00,0.000000e+00,0.000000e+00,0.000000e+00,0.000000e+00,0.000000e+00,0.000000e+00,0.000000e+00,0.000000e+00,0.000000e+00,0.000000e+00,0.000000e+00,0.000000e+00,0.000000e+00,0.000000e+00
1.000000e+00,0.000000e+00,0.000000e+00,0.000000e+00,0.000000e+00,0.000000e+00,0.000000e+00,0.000000e+00,0.000000e+00,0.000000e+00,0.000000e+00,0.000000e+00,0.000000e+00,0.000000e+00,0.000000e+00
1.000000e+00,0.000000e+00,0.000000e+00,0.000000e+00,0.000000e+00,0.000000e+00,0.000000e+00,0.000000e+00,0.000000e+00,0.000000e+00,0.000000e+00,0.000000e+00,0.000000e+00,0.000000e+00,0.000000e+00
1.000000e+00,0.000000e+00,0.000000e+00,0.000000e+00,0.000000e+00,0.000000e+00,0.000000e+00,0.000000e+00,0.000000e+00,0.000000e+00,0.000000e+00,0.000000e+00,0.000000e+00,0.000000e+00,0.000000e+00
1.000000e+00,0.000000e+00,0.000000e+00,0.000000e+00,0.000000e+00,0.000000e+00,0.000000e+00,0.000000e+00,0.000000e+00,0.000000e+00,0.000000e+00,0.000000e+00,0.000000e+00,0.000000e+00,0.000000e+00
1.000000e+00,0.000000e+00,0.000000e+00,0.000000e+00,0.000000e+00,0.000000e+00,0.000000e+00,0.000000e+00,0.000000e+00,0.000000e+00,0.000000e+00,0.000000e+00,0.000000e+00,0.000000e+00,0.000000e+00
1.000000e+00,0.000000e+00,0.000000e+00,0.000000e+00,0.000000e+00,0.000000e+00,0.000000e+00,0.000000e+00,0.000000e+00,0.000000e+00,0.000000e+00,0.000000e+00,0.000000e+00,0.000000e+00,0.000000e+00
1.000000e+00,0.000000e+00,0.000000e+00,0.000000e+00,0.000000e+00,0.000000e+00,0.000000e+00,0.000000e+00,0.000000e+00,0.000000e+00,0.000000e+00,0.000000e+00,0.000000e+00,0.000000e+00,0.000000e+00
1.000000e+00,0.000000e+00,0.000000e+00,0.000000e+00,0.000000e+00,0.000000e+00,0.000000e+00,0.000000e+00,0.000000e+00,0.000000e+00,0.000000e+00,0.000000e+00,0.000000e+00,0.000000e+00,0.000000e+00
1.000000e+00,0.000000e+00,0.000000e+00,0.000000e+00,0.000000e+00,0.000000e+00,0.000000e+00,0.000000e+00,0.000000e+00,0.000000e+00,0.000000e+00,0.000000e+00,0.000000e+00,0.000000e+00,0.000000e+00
1.000000e+00,0.000000e+00,0.000000e+00,0.000000e+00,0.000000e+00,0.000000e+00,0.000000e+00,0.000000e+00,0.000000e+00,0.000000e+00,0.000000e+00,0.000000e+00,0.000000e+00,0.000000e+00,0.000000e+00
1.000000e+00,0.000000e+00,0.000000e+00,0.000000e+00,0.000000e+00,0.000000e+00,0.000000e+00,0.000000e+00,0.000000e+00,0.000000e+00,0.000000e+00,0.000000e+00,0.000000e+00,0.000000e+00,0.000000e+00
1.000000e+00,0.000000e+00,0.000000e+00,0.000000e+00,0.000000e+00,0.000000e+00,0.000000e+00,0.000000e+00,0.000000e+00,0.000000e+00,0.000000e+00,0.000000e+00,0.000000e+00,0.000000e+00,0.000000e+00
1.000000e+00,0.000000e+00,0.000000e+00,0.000000e+00,0.000000e+00,0.000000e+00,0.000000e+00,0.000000e+00,0.000000e+00,0.000000e+00,0.000000e+00,0.000000e+00,0.000000e+00,0.000000e+00,0.000000e+00
1.000000e+00,0.000000e+00,0.000000e+00,0.000000e+00,0.000000e+00,0.000000e+00,0.000000e+00,0.000000e+00,0.000000e+00,0.000000e+00,0.000000e+00,0.000000e+00,0.000000e+00,0.000000e+00,0.000000e+00
1.000000e+00,0.000000e+00,0.000000e+00,0.000000e+00,0.000000e+00,0.000000e+00,0.000000e+00,0.000000e+00,0.000000e+00,0.000000e+00,0.000000e+00,0.000000e+00,0.000000e+00,0.000000e+00,0.000000e+00
1.000000e+00,0.000000e+00,0.000000e+00,0.000000e+00,0.000000e+00,0.000000e+00,0.000000e+00,0.000000e+00,0.000000e+00,0.000000e+00,0.000000e+00,0.000000e+00,0.000000e+00,0.000000e+00,0.000000e+00
1.000000e+00,0.000000e+00,0.000000e+00,0.000000e+00,0.000000e+00,0.000000e+00,0.000000e+00,0.000000e+00,0.000000e+00,0.000000e+00,0.000000e+00,0.000000e+00,0.000000e+00,0.000000e+00,0.000000e+00
1.000000e+00,0.000000e+00,0.000000e+00,0.000000e+00,0.000000e+00,0.000000e+00,0.000000e+00,0.000000e+00,0.000000e+00,0.000000e+00,0.000000e+00,0.000000e+00,0.000000e+00,0.000000e+00,0.000000e+00
1.000000e+00,0.000000e+00,0.000000e+00,0.000000e+00,0.000000e+00,0.000000e+00,0.000000e+00,0.000000e+00,0.000000e+00,0.000000e+00,0.000000e+00,0.000000e+00,0.000000e+00,0.000000e+00,0.000000e+00
1.000000e+00,0.000000e+00,0.000000e+00,0.000000e+00,0.000000e+00,0.000000e+00,0.000000e+00,0.000000e+00,0.000000e+00,0.000000e+00,0.000000e+00,0.000000e+00,0.000000e+00,0.000000e+00,0.000000e+00
1.000000e+00,0.000000e+00,0.000000e+00,0.000000e+00,0.000000e+00,0.000000e+00,0.000000e+00,0.000000e+00,0.000000e+00,0.000000e+00,0.000000e+00,0.000000e+00,0.000000e+00,0.000000e+00,0.000000e+00
1.000000e+00,0.000000e+00,0.000000e+00,0.000000e+00,0.000000e+00,0.000000e+00,0.000000e+00,0.000000e+00,0.000000e+00,0.000000e+00,0.000000e+00,0.000000e+00,0.000000e+00,0.000000e+00,0.000000e+00
1.000000e+00,0.000000e+00,0.000000e+00,0.000000e+00,0.000000e+00,0.000000e+00,0.000000e+00,0.000000e+00,0.000000e+00,0.000000e+00,0.000000e+00,0.000000e+00,0.000000e+00,0.000000e+00,0.000000e+00
1.000000e+00,0.000000e+00,0.000000e+00,0.000000e+00,0.000000e+00,0.000000e+00,0.000000e+00,0.000000e+00,0.000000e+00,0.000000e+00,0.000000e+00,0.000000e+00,0.000000e+00,0.000000e+00,0.000000e+00
1.000000e+00,0.000000e+00,0.000000e+00,0.000000e+00,0.000000e+00,0.000000e+00,0.000000e+00,0.000000e+00,0.000000e+00,0.000000e+00,0.000000e+00,0.000000e+00,0.000000e+00,0.000000e+00,0.000000e+00
1.000000e+00,0.000000e+00,0.000000e+00,0.000000e+00,0.000000e+00,0.000000e+00,0.000000e+00,0.000000e+00,0.000000e+00,0.000000e+00,0.000000e+00,0.000000e+00,0.000000e+00,0.000000e+00,0.000000e+00
1.000000e+00,0.000000e+00,0.000000e+00,0.000000e+00,0.000000e+00,0.000000e+00,0.000000e+00,0.000000e+00,0.000000e+00,0.000000e+00,0.000000e+00,0.000000e+00,0.000000e+00,0.000000e+00,0.000000e+00
1.000000e+00,0.000000e+00,0.000000e+00,0.000000e+00,0.000000e+00,0.000000e+00,0.000000e+00,0.000000e+00,0.000000e+00,0.000000e+00,0.000000e+00,0.000000e+00,0.000000e+00,0.000000e+00,0.000000e+00
1.000000e+00,0.000000e+00,0.000000e+00,0.000000e+00,0.000000e+00,0.000000e+00,0.000000e+00,0.000000e+00,0.000000e+00,0.000000e+00,0.000000e+00,0.000000e+00,0.000000e+00,0.000000e+00,0.000000e+00
1.000000e+00,0.000000e+00,0.000000e+00,0.000000e+00,0.000000e+00,0.000000e+00,0.000000e+00,0.000000e+00,0.000000e+00,0.000000e+00,0.000000e+00,0.000000e+00,0.000000e+00,0.000000e+00,0.000000e+00
1.000000e+00,0.000000e+00,0.000000e+00,0.000000e+00,0.000000e+00,0.000000e+00,0.000000e+00,0.000000e+00,0.000000e+00,0.000000e+00,0.000000e+00,0.000000e+00,0.000000e+00,0.000000e+00,0.000000e+00
1.000000e+00,0.000000e+00,0.000000e+00,0.000000e+00,0.000000e+00,0.000000e+00,0.000000e+00,0.000000e+00,0.000000e+00,0.000000e+00,0.000000e+00,0.000000e+00,0.000000e+00,0.000000e+00,0.000000e+00
1.000000e+00,0.000000e+00,0.000000e+00,0.000000e+00,0.000000e+00,0.000000e+00,0.000000e+00,0.000000e+00,0.000000e+00,0.000000e+00,0.000000e+00,0.000000e+00,0.000000e+00,0.000000e+00,0.000000e+00
1.000000e+00,0.000000e+00,0.000000e+00,0.000000e+00,0.000000e+00,0.000000e+00,0.000000e+00,0.000000e+00,0.000000e+00,0.000000e+00,0.000000e+00,0.000000e+00,0.000000e+00,0.000000e+00,0.000000e+00
1.000000e+00,0.000000e+00,0.000000e+00,0.000000e+00,0.000000e+00,0.000000e+00,0.000000e+00,0.000000e+00,0.000000e+00,0.000000e+00,0.000000e+00,0.000000e+00,0.000000e+00,0.000000e+00,0.000000e+00
1.000000e+00,0.000000e+00,0.000000e+00,0.000000e+00,0.000000e+00,0.000000e+00,0.000000e+00,0.000000e+00,0.000000e+00,0.000000e+00,0.000000e+00,0.000000e+00,0.000000e+00,0.000000e+00,0.000000e+00
1.000000e+00,0.000000e+00,0.000000e+00,0.000000e+00,0.000000e+00,0.000000e+00,0.000000e+00,0.000000e+00,0.000000e+00,0.000000e+00,0.000000e+00,0.000000e+00,0.000000e+00,0.000000e+00,0.000000e+00
1.000000e+00,0.000000e+00,0.000000e+00,0.000000e+00,0.000000e+00,0.000000e+00,0.000000e+00,0.000000e+00,0.000000e+00,0.000000e+00,0.000000e+00,0.000000e+00,0.000000e+00,0.000000e+00,0.000000e+00
1.000000e+00,0.000000e+00,0.000000e+00,0.000000e+00,0.000000e+00,0.000000e+00,0.000000e+00,0.000000e+00,0.000000e+00,0.000000e+00,0.000000e+00,0.000000e+00,0.000000e+00,0.000000e+00,0.000000e+00
1.000000e+00,0.000000e+00,0.000000e+00,0.000000e+00,0.000000e+00,0.000000e+00,0.000000e+00,0.000000e+00,0.000000e+00,0.000000e+00,0.000000e+00,0.000000e+00,0.000000e+00,0.000000e+00,0.000000e+00
1.000000e+00,0.000000e+00,0.000000e+00,0.000000e+00,0.000000e+00,0.000000e+00,0.000000e+00,0.000000e+00,0.000000e+00,0.000000e+00,0.000000e+00,0.000000e+00,0.000000e+00,0.000000e+00,0.000000e+00
1.000000e+00,0.000000e+00,0.000000e+00,0.000000e+00,0.000000e+00,0.000000e+00,0.000000e+00,0.000000e+00,0.000000e+00,0.000000e+00,0.000000e+00,0.000000e+00,0.000000e+00,0.000000e+00,0.000000e+00
1.000000e+00,0.000000e+00,0.000000e+00,0.000000e+00,0.000000e+00,0.000000e+00,0.000000e+00,0.000000e+00,0.000000e+00,0.000000e+00,0.000000e+00,0.000000e+00,0.000000e+00,0.000000e+00,0.000000e+00
1.000000e+00,0.000000e+00,0.000000e+00,0.000000e+00,0.000000e+00,0.000000e+00,0.000000e+00,0.000000e+00,0.000000e+00,0.000000e+00,0.000000e+00,0.000000e+00,0.000000e+00,0.000000e+00,0.000000e+00
1.000000e+00,0.000000e+00,0.000000e+00,0.000000e+00,0.000000e+00,0.000000e+00,0.000000e+00,0.000000e+00,0.000000e+00,0.000000e+00,0.000000e+00,0.000000e+00,0.000000e+00,0.000000e+00,0.000000e+00
1.000000e+00,0.000000e+00,0.000000e+00,0.000000e+00,0.000000e+00,0.000000e+00,0.000000e+00,0.000000e+00,0.000000e+00,0.000000e+00,0.000000e+00,0.000000e+00,0.000000e+00,0.000000e+00,0.000000e+00
1.000000e+00,0.000000e+00,0.000000e+00,0.000000e+00,0.000000e+00,0.000000e+00,0.000000e+00,0.000000e+00,0.000000e+00,0.000000e+00,0.000000e+00,0.000000e+00,0.000000e+00,0.000000e+00,0.000000e+00
1.000000e+00,0.000000e+00,0.000000e+00,0.000000e+00,0.000000e+00,0.000000e+00,0.000000e+00,0.000000e+00,0.000000e+00,0.000000e+00,0.000000e+00,0.000000e+00,0.000000e+00,0.000000e+00,0.000000e+00
1.000000e+00,0.000000e+00,0.000000e+00,0.000000e+00,0.000000e+00,0.000000e+00,0.000000e+00,0.000000e+00,0.000000e+00,0.000000e+00,0.000000e+00,0.000000e+00,0.000000e+00,0.000000e+00,0.000000e+00
1.000000e+00,0.000000e+00,0.000000e+00,0.000000e+00,0.000000e+00,0.000000e+00,0.000000e+00,0.000000e+00,0.000000e+00,0.000000e+00,0.000000e+00,0.000000e+00,0.000000e+00,0.000000e+00,0.000000e+00
1.000000e+00,0.000000e+00,0.000000e+00,0.000000e+00,0.000000e+00,0.000000e+00,0.000000e+00,0.000000e+00,0.000000e+00,0.000000e+00,0.000000e+00,0.000000e+00,0.000000e+00,0.000000e+00,0.000000e+00
1.000000e+00,0.000000e+00,0.000000e+00,0.000000e+00,0.000000e+00,0.000000e+00,0.000000e+00,0.000000e+00,0.000000e+00,0.000000e+00,0.000000e+00,0.000000e+00,0.000000e+00,0.000000e+00,0.000000e+00
1.000000e+00,0.000000e+00,0.000000e+00,0.000000e+00,0.000000e+00,0.000000e+00,0.000000e+00,0.000000e+00,0.000000e+00,0.000000e+00,0.000000e+00,0.000000e+00,0.000000e+00,0.000000e+00,0.000000e+00
1.000000e+00,0.000000e+00,0.000000e+00,0.000000e+00,0.000000e+00,0.000000e+00,0.000000e+00,0.000000e+00,0.000000e+00,0.000000e+00,0.000000e+00,0.000000e+00,0.000000e+00,0.000000e+00,0.000000e+00
4.267521e-01,7.860359e-03,1.183381e-02,1.340913e-02,2.989146e-03,4.092252e-01,1.057741e-02,6.233884e-03,2.800748e-03,1.163359e-03,5.790874e-02,2.600418e-02,1.084918e-02,2.827655e-03,9.565218e-03
3.243065e-01,6.239300e-03,9.021526e-03,9.852098e-03,2.252340e-03,4.871979e-01,8.389531e-03,4.680840e-03,2.177755e-03,1.060481e-03,1.039411e-01,2.102488e-02,8.592296e-03,2.461979e-03,8.801545e-03
2.427459e-01,4.826494e-03,7.190481e-03,7.240626e-03,1.705080e-03,5.603154e-01,6.457276e-03,3.477830e-03,1.711298e-03,9.631423e-04,1.283245e-01,1.787001e-02,6.511041e-03,2.525384e-03,8.135641e-03
1.857216e-01,4.105919e-03,5.710786e-03,5.872507e-03,1.369695e-03,6.323945e-01,5.029165e-03,2.581515e-03,1.584648e-03,9.838706e-04,1.191678e-01,1.733598e-02,5.169640e-03,3.783140e-03,9.189345e-03
1.315024e-01,3.244293e-03,4.308122e-03,5.110519e-03,1.118301e-03,6.839082e-01,3.610499e-03,1.886036e-03,1.545400e-03,1.160759e-03,1.101640e-01,3.691395e-02,3.948472e-03,3.603908e-03,7.975085e-03
9.420934e-02,9.516494e-03,4.557321e-03,7.957381e-02,6.373424e-03,5.184534e-01,3.637200e-03,2.323016e-03,3.246403e-03,9.830378e-04,1.728657e-01,9.037779e-02,4.367699e-03,3.242425e-03,6.272966e-03
6.629573e-02,6.862812e-03,3.355816e-03,5.618396e-02,4.573990e-03,4.794399e-01,2.662188e-03,1.656608e-03,2.554564e-03,9.204983e-04,1.655390e-01,1.987754e-01,3.207949e-03,2.660643e-03,5.311061e-03
4.664394e-02,4.939056e-03,2.504388e-03,3.949634e-02,3.309852e-03,3.678360e-01,1.967518e-03,1.179438e-03,2.163212e-03,1.919928e-03,2.055463e-01,3.132675e-01,2.398491e-03,2.544086e-03,4.284014e-03
3.273747e-02,4.140130e-03,2.014193e-03,2.779792e-02,3.319258e-03,2.593830e-01,1.469263e-03,8.481759e-04,8.314293e-03,2.109311e-03,2.152969e-01,4.340882e-01,1.795887e-03,2.379491e-03,4.306640e-03
2.310192e-02,4.882085e-03,2.115572e-03,1.981024e-02,6.501636e-03,2.066849e-01,2.748879e-03,9.179673e-04,1.598837e-02,2.736332e-03,2.712709e-01,4.332010e-01,1.406334e-03,2.301235e-03,6.332596e-03
1.649484e-02,5.405529e-03,3.844216e-03,1.443133e-02,3.441022e-02,1.611304e-01,6.995050e-03,1.749174e-03,2.415897e-02,2.772530e-03,2.654199e-01,4.503492e-01,1.186723e-03,2.573834e-03,9.078118e-03
1.178748e-02,6.166610e-03,6.096819e-03,1.024044e-02,4.778072e-02,1.191838e-01,6.279296e-03,1.551210e-03,3.178929e-02,2.369308e-03,2.108003e-01,5.302711e-01,1.194483e-03,2.731451e-03,1.175773e-02
8.560737e-03,5.029552e-03,5.811223e-03,7.769522e-03,4.217746e-02,1.117255e-01,7.043371e-03,1.490126e-03,2.530143e-02,2.841028e-03,2.029839e-01,5.628954e-01,2.026896e-03,3.637697e-03,1.070616e-02
6.184530e-03,4.405440e-03,9.461516e-03,6.122922e-03,3.899434e-02,1.181730e-01,6.879632e-03,1.549288e-03,1.879892e-02,2.672808e-03,1.739291e-01,5.947779e-01,3.950950e-03,5.732432e-03,8.367313e-03
4.416198e-03,3.242700e-03,7.037096e-03,4.780615e-03,2.841287e-02,2.316110e-01,4.947519e-03,1.475875e-03,1.368389e-02,1.975868e-03,1.412128e-01,5.409389e-01,5.184549e-03,5.126675e-03,5.953453e-03
3.151276e-03,2.287463e-03,5.093507e-03,3.580255e-03,2.078339e-02,3.503952e-01,3.628395e-03,1.178754e-03,9.821831e-03,1.440387e-03,1.046816e-01,4.811915e-01,4.282019e-03,4.289421e-03,4.195010e-03
2.281091e-03,1.760971e-03,6.808321e-03,2.981016e-03,2.988487e-02,2.758216e-01,2.727352e-03,1.244735e-03,1.377045e-02,1.109393e-03,9.600189e-02,5.483698e-01,9.272624e-03,4.859937e-03,3.105971e-03
1.679015e-03,1.552609e-03,8.477483e-03,2.687793e-03,5.745315e-02,2.003830e-01,2.106899e-03,1.169570e-03,5.227268e-02,8.989045e-04,1.197977e-01,5.209043e-01,2.137793e-02,6.643065e-03,2.595891e-03
1.264067e-03,1.183855e-03,1.552288e-02,2.255147e-03,5.504009e-02,1.458516e-01,1.952990e-03,1.416342e-02,3.895671e-02,9.770964e-04,9.518918e-02,5.520847e-01,6.694032e-02,6.350080e-03,2.267756e-03
1.269073e-03,1.587451e-03,2.545204e-02,4.775777e-03,7.241528e-02,1.293677e-01,1.557637e-03,1.111806e-02,6.530558e-02,5.704816e-03,1.004502e-01,4.697263e-01,9.244764e-02,1.350822e-02,5.314271e-03
1.442660e-03,1.643038e-03,2.424228e-02,4.766799e-03,9.445037e-02,1.029272e-01,1.386040e-03,8.447244e-03,7.608236e-02,1.107017e-02,1.184245e-01,4.097575e-01,1.256413e-01,1.312924e-02,6.589365e-03
1.085986e-03,1.604869e-03,2.763572e-02,4.426909e-03,7.629643e-02,7.222650e-02,1.024734e-03,7.566694e-03,1.060214e-01,9.042681e-03,1.206617e-01,3.990622e-01,1.584627e-01,9.544524e-03,5.336933e-03
1.022475e-03,1.606551e-03,2.376189e-02,6.506469e-03,6.192169e-02,5.107919e-02,9.175903e-04,2.082549e-02,9.987976e-02,1.812932e-02,1.147664e-01,3.565460e-01,2.098504e-01,1.844908e-02,1.473759e-02
1.052148e-03,2.253375e-03,1.901713e-02,9.130726e-03,5.268137e-02,3.694785e-02,7.389018e-04,2.741054e-02,1.324039e-01,1.855723e-02,1.180854e-01,2.901216e-01,2.472168e-01,2.583278e-02,1.855024e-02
1.021316e-03,2.189836e-03,1.421622e-02,1.146944e-02,4.080708e-02,2.634554e-02,5.898098e-04,2.221078e-02,2.119917e-01,1.444329e-02,1.184937e-01,2.332632e-01,2.576672e-01,2.628724e-02,1.900367e-02
9.484620e-04,2.405266e-03,1.060115e-02,9.991267e-03,3.438580e-02,1.927084e-02,4.904479e-04,1.631969e-02,3.361108e-01,1.070525e-02,1.015357e-01,1.819041e-01,2.366052e-01,2.373998e-02,1.498607e-02
8.388382e-04,1.848477e-03,7.722871e-03,7.497370e-03,2.567123e-02,1.529728e-02,4.337385e-04,1.248871e-02,4.590252e-01,8.392576e-03,9.502244e-02,1.365431e-01,1.900965e-01,2.714797e-02,1.197369e-02
8.814624e-04,1.680670e-03,6.460609e-03,6.340839e-03,1.926345e-02,1.143239e-02,3.497054e-04,1.198371e-02,5.689645e-01,6.713621e-03,7.779919e-02,9.839322e-02,1.443387e-01,2.887409e-02,1.652381e-02
9.605406e-04,1.365708e-03,4.984847e-03,5.187604e-03,1.413819e-02,8.121547e-03,2.523241e-04,8.938340e-03,6.825972e-01,5.348944e-03,5.745416e-02,6.915209e-02,1.025911e-01,2.316164e-02,1.574577e-02
1.176210e-03,1.232820e-03,3.897008e-03,4.490530e-03,1.030718e-02,5.914086e-03,1.835497e-04,6.450020e-03,7.597635e-01,4.366073e-03,4.786699e-02,4.865117e-02,7.285527e-02,2.010798e-02,1.273762e-02
1.564065e-03,1.287987e-03,3.855825e-03,4.708446e-03,9.322045e-03,4.375620e-03,1.384212e-04,5.883011e-03,8.136227e-01,4.104289e-03,3.813236e-02,3.455669e-02,5.176408e-02,1.727068e-02,9.413776e-03
2.208521e-03,1.081271e-03,3.543545e-03,4.537109e-03,1.010128e-02,3.264583e-03,1.054173e-04,7.814250e-03,8.504003e-01,3.375798e-03,3.057605e-02,2.451597e-02,3.701365e-02,1.461372e-02,6.848551e-03
3.815029e-03,1.132351e-03,6.370188e-03,5.518853e-03,1.082513e-02,2.573670e-03,8.681190e-05,1.011226e-02,8.638745e-01,3.872520e-03,2.732060e-02,1.745548e-02,2.684788e-02,1.514972e-02,5.045057e-03
4.845364e-03,1.018382e-03,4.769804e-03,4.883761e-03,1.059636e-02,1.889044e-03,6.451984e-05,7.871558e-03,8.877325e-01,3.797697e-03,2.208807e-02,1.253879e-02,1.959968e-02,1.434022e-02,3.964241e-03
7.544231e-03,1.161503e-03,6.685551e-03,6.584462e-03,1.102809e-02,2.275868e-03,6.254256e-05,1.216699e-02,8.529325e-01,3.398705e-03,3.052137e-02,1.074063e-02,1.732802e-02,3.231751e-02,5.252041e-03
8.069045e-03,1.061425e-03,1.150677e-02,1.175157e-02,1.210704e-02,2.459750e-03,5.886680e-05,2.312689e-02,8.327599e-01,3.299151e-03,3.354587e-02,9.150953e-03,1.370283e-02,3.234834e-02,5.051685e-03
2.158980e-02,1.454317e-03,4.131463e-02,1.508342e-02,1.588848e-02,5.623743e-03,6.416701e-04,3.917928e-02,7.665091e-01,5.287104e-03,3.534286e-02,7.308308e-03,1.035186e-02,2.898393e-02,5.441521e-03
3.457040e-02,2.037610e-03,8.754880e-02,3.091265e-02,1.714794e-02,9.866117e-03,1.575668e-03,4.861676e-02,6.728563e-01,5.918324e-03,3.717649e-02,7.291548e-03,1.072776e-02,2.649130e-02,7.262220e-03
4.809685e-02,3.352127e-03,1.881353e-01,3.719398e-02,5.163679e-02,1.336738e-02,4.124533e-03,4.963658e-02,5.017961e-01,5.258934e-03,2.975815e-02,5.619357e-03,8.768684e-03,4.693262e-02,6.322613e-03
3.724078e-02,2.589636e-03,3.027495e-01,1.390800e-01,4.031532e-02,1.085394e-02,3.171997e-03,3.846175e-02,3.523242e-01,3.782010e-03,2.111891e-02,3.953897e-03,6.221604e-03,3.363038e-02,4.506005e-03
4.156210e-02,3.471291e-03,4.533363e-01,1.158492e-01,3.790171e-02,1.100694e-02,2.347668e-03,2.887668e-02,2.486231e-01,2.968268e-03,1.522403e-02,2.826806e-03,4.470912e-03,2.774984e-02,3.785191e-03
3.430136e-02,4.664246e-03,4.319873e-01,2.352003e-01,4.465218e-02,9.350495e-03,2.299387e-03,2.099287e-02,1.751974e-01,2.237064e-03,1.092444e-02,2.058221e-03,3.255849e-03,1.991666e-02,2.962269e-03
4.141463e-02,9.085283e-03,4.093477e-01,2.722381e-01,7.948582e-02,9.458049e-03,2.606865e-03,1.569497e-02,1.271877e-01,2.132203e-03,8.129570e-03,1.590834e-03,2.932619e-03,1.482032e-02,3.875439e-03
3.454864e-02,9.229036e-03,4.355184e-01,3.080883e-01,7.335307e-02,7.925387e-03,2.322017e-03,1.284883e-02,9.081593e-02,1.914529e-03,5.952934e-03,1.164846e-03,2.206250e-03,1.050216e-02,3.609658e-03
3.192735e-02,1.046205e-02,5.418655e-01,2.446721e-01,6.602360e-02,6.701850e-03,1.960971e-03,1.057343e-02,6.517477e-02,1.748314e-03,4.434345e-03,8.716913e-04,1.626998e-03,7.480072e-03,4.477021e-03
4.928917e-02,1.356812e-02,5.989830e-01,1.746009e-01,7.690372e-02,1.428018e-02,2.194376e-03,8.357453e-03,4.592660e-02,1.631943e-03,3.297620e-03,6.759106e-04,1.222087e-03,5.365309e-03,3.703570e-03
4.847313e-02,4.078094e-02,4.604680e-01,1.843308e-01,1.408779e-01,1.947932e-02,2.061156e-02,2.114066e-02,3.828947e-02,6.699911e-03,4.867077e-03,1.072028e-03,2.931934e-03,3.853810e-03,6.123398e-03
6.350523e-02,5.822314e-02,3.349702e-01,2.306804e-01,1.396153e-01,4.471574e-02,1.793596e-02,2.429414e-02,3.391065e-02,1.245102e-02,1.571259e-02,3.345575e-03,4.789966e-03,2.876725e-03,1.297328e-02
4.578859e-02,5.667346e-02,2.375690e-01,2.334793e-01,1.004576e-01,8.214834e-02,1.270474e-02,1.799903e-02,8.908879e-02,2.711628e-02,2.935933e-02,4.336082e-03,7.276377e-03,2.292037e-03,5.371096e-02
3.359868e-02,4.461678e-02,1.673017e-01,1.729330e-01,7.193218e-02,7.922399e-02,9.030198e-03,1.285316e-02,2.531668e-01,2.773448e-02,2.594029e-02,3.502109e-03,6.145701e-03,2.038321e-02,7.163765e-02
2.669363e-02,3.453422e-02,1.182899e-01,1.241819e-01,5.330819e-02,6.469707e-02,6.519849e-03,9.571369e-03,2.269611e-01,2.620960e-02,2.509105e-02,3.747804e-03,5.277124e-03,1.640321e-01,1.108851e-01
2.099006e-02,2.795139e-02,8.594272e-02,9.142732e-02,4.076417e-02,4.975240e-02,4.758778e-03,7.036949e-03,1.978860e-01,2.231492e-02,3.204881e-02,4.272468e-03,7.008369e-03,3.051360e-01,1.027096e-01
1.960073e-02,2.344811e-02,6.097563e-02,6.682060e-02,3.164656e-02,3.741394e-02,3.533098e-03,5.206963e-03,2.242845e-01,1.863658e-02,7.275020e-02,3.687440e-03,1.232922e-02,3.262240e-01,9.344248e-02
1.461273e-02,1.824514e-02,4.334832e-02,4.770614e-02,2.267048e-02,2.739364e-02,2.555554e-03,3.702202e-03,3.151826e-01,2.143940e-02,5.518948e-02,2.834262e-03,9.146943e-03,3.319206e-01,8.405256e-02
1.044100e-02,1.291073e-02,3.042101e-02,3.400233e-02,1.667572e-02,1.943982e-02,1.885140e-03,2.653338e-03,4.503856e-01,1.837540e-02,4.238352e-02,2.153599e-03,7.296135e-03,2.772630e-01,7.371372e-02
7.462903e-03,9.123445e-03,2.134479e-02,2.405449e-02,1.205601e-02,1.381024e-02,1.383425e-03,1.897680e-03,5.786824e-01,1.608567e-02,3.190448e-02,1.611879e-03,5.917313e-03,2.118857e-01,6.277964e-02
5.776498e-03,6.473970e-03,1.506350e-02,1.727498e-02,9.045376e-03,9.817432e-03,1.008238e-03,1.387727e-03,6.768769e-01,1.393165e-02,2.425108e-02,1.352022e-03,6.481849e-03,1.589091e-01,5.234963e-02
4.249916e-03,4.571976e-03,1.064435e-02,1.287444e-02,6.909735e-03,7.742369e-03,7.953916e-04,1.146130e-03,5.652816e-01,1.311806e-02,8.151288e-02,3.444741e-03,2.397127e-02,1.336356e-01,1.301016e-01
3.281139e-03,3.322763e-03,7.750719e-03,1.012578e-02,5.297397e-03,8.917913e-03,6.367655e-04,1.187671e-03,5.084825e-01,1.254512e-02,1.105486e-01,1.837225e-02,8.851857e-02,1.043822e-01,1.166306e-01
2.414584e-03,2.364313e-03,5.646071e-03,8.110790e-03,4.275029e-03,6.523947e-03,5.733344e-04,1.269807e-03,3.864671e-01,1.481801e-02,1.785496e-01,4.515937e-02,1.574355e-01,8.149657e-02,1.048961e-01
1.936968e-03,1.837730e-03,4.620467e-03,7.436261e-03,3.569277e-03,5.301337e-03,6.425006e-04,1.083488e-03,3.188331e-01,2.112671e-02,1.821338e-01,5.610020e-02,1.794037e-01,7.173885e-02,1.442357e-01
2.093077e-03,1.576708e-03,4.550543e-03,7.895011e-03,3.220540e-03,4.636598e-03,8.325500e-04,9.249045e-04,2.621854e-01,2.173708e-02,1.650062e-01,7.735635e-02,2.122218e-01,9.000121e-02,1.457620e-01
1.836846e-03,1.170028e-03,3.768677e-03,6.610796e-03,3.092726e-03,4.880943e-03,1.040487e-03,9.510175e-04,1.926947e-01,2.409691e-02,1.458909e-01,9.588598e-02,2.837553e-01,1.055351e-01,1.287896e-01
2.319980e-03,1.048998e-03,8.203384e-03,1.113546e-02,6.092365e-02,3.614122e-03,1.196936e-03,1.976479e-03,1.534835e-01,1.946175e-02,1.283775e-01,8.442588e-02,3.462417e-01,7.704147e-02,1.005493e-01
3.300478e-03,9.019714e-04,1.871089e-01,3.419070e-02,6.908177e-02,2.827416e-03,9.694421e-04,2.235796e-02,1.136568e-01,1.465052e-02,9.619810e-02,6.622137e-02,2.622193e-01,5.436559e-02,7.194982e-02
7.892486e-03,1.270529e-03,1.900153e-01,5.367339e-02,2.256630e-01,3.571119e-03,1.313666e-03,1.872255e-02,8.376272e-02,1.133884e-02,7.036027e-02,4.804374e-02,1.931971e-01,3.826990e-02,5.290533e-02
1.087251e-02,1.863031e-03,2.114661e-01,1.440051e-01,2.184216e-01,2.901761e-03,1.335442e-03,4.650728e-02,6.305182e-02,8.760138e-03,5.280798e-02,3.547904e-02,1.381757e-01,2.697172e-02,3.738065e-02
1.404424e-02,2.531222e-03,2.245633e-01,2.191887e-01,1.939663e-01,2.427566e-03,1.307097e-03,6.794576e-02,4.910384e-02,6.945529e-03,4.330428e-02,2.732343e-02,1.017825e-01,1.912318e-02,2.644309e-02
3.384065e-02,4.456546e-03,2.247812e-01,1.939692e-01,1.852086e-01,2.074155e-03,1.505047e-03,1.273694e-01,3.842692e-02,5.385663e-03,4.912408e-02,2.216794e-02,7.891454e-02,1.381451e-02,1.896155e-02
4.573693e-02,9.593837e-03,2.565050e-01,1.637757e-01,2.235352e-01,2.958416e-03,2.451665e-03,1.100939e-01,3.674105e-02,4.695540e-03,4.419231e-02,1.677681e-02,5.854017e-02,1.021407e-02,1.418934e-02
6.547130e-02,1.040196e-02,1.977284e-01,1.591496e-01,2.888009e-01,3.322143e-03,3.276983e-03,1.056353e-01,3.025785e-02,4.094352e-03,5.142689e-02,1.329433e-02,4.904946e-02,7.353247e-03,1.073725e-02
5.593309e-02,3.246791e-02,1.515819e-01,2.637419e-01,2.293380e-01,3.440500e-03,2.637717e-03,7.724828e-02,3.930636e-02,6.101467e-03,6.044116e-02,1.232665e-02,4.601796e-02,5.493465e-03,1.392360e-02
4.329275e-02,4.590826e-02,1.306832e-01,2.953475e-01,1.681002e-01,4.834060e-03,2.131856e-03,5.492749e-02,3.865666e-02,6.142617e-03,6.448111e-02,1.374151e-02,1.144695e-01,4.003481e-03,1.327985e-02
3.218039e-02,3.302714e-02,9.285506e-02,2.306439e-01,1.267010e-01,4.362165e-03,1.678721e-03,3.877339e-02,2.829046e-02,7.732759e-03,1.002127e-01,3.744015e-02,2.512906e-01,2.939381e-03,1.187225e-02
2.314891e-02,2.347706e-02,6.527022e-02,1.647903e-01,9.207734e-02,6.496942e-03,1.444907e-03,2.758930e-02,2.214468e-02,6.088602e-03,7.777390e-02,4.136189e-02,4.368202e-01,2.429881e-03,9.085864e-03
1.645651e-02,1.655224e-02,4.582899e-02,1.167988e-01,6.849358e-02,8.401931e-03,1.312167e-03,1.952973e-02,1.631693e-02,4.628979e-03,6.393945e-02,3.676916e-02,5.764900e-01,1.814403e-03,6.667168e-03
1.293383e-02,1.269441e-02,3.242013e-02,8.332670e-02,5.001041e-02,3.424852e-02,1.473092e-03,1.442561e-02,1.436961e-02,4.000479e-03,6.015913e-02,1.169313e-01,5.564476e-01,1.645284e-03,4.913901e-03
1.037051e-02,9.717884e-03,2.298507e-02,5.965794e-02,3.779809e-02,4.237666e-02,1.757954e-03,1.038730e-02,1.347073e-02,4.324643e-03,6.464410e-02,2.636533e-01,4.533769e-01,1.744236e-03,3.734656e-03
8.638846e-03,7.443504e-03,1.670267e-02,4.305288e-02,3.003880e-02,3.951925e-02,2.461574e-03,7.950397e-03,1.231126e-02,1.552915e-02,8.414315e-02,3.894176e-01,3.374674e-01,2.366980e-03,2.956575e-03
6.211482e-03,5.486621e-03,1.178805e-02,3.036431e-02,3.096028e-02,2.774668e-02,1.826962e-03,5.628913e-03,3.846566e-02,2.522135e-02,7.348401e-02,4.895580e-01,2.492325e-01,1.863569e-03,2.161566e-03
4.721341e-03,4.013114e-03,8.275349e-03,2.163897e-02,2.274944e-02,2.002308e-02,1.411100e-03,4.047918e-03,3.330633e-02,3.626093e-02,7.211617e-02,5.870999e-01,1.807689e-01,1.957709e-03,1.609827e-03
4.191623e-03,3.253043e-03,5.938266e-03,1.621212e-02,1.843566e-02,1.592926e-02,1.071529e-03,3.150214e-03,3.003333e-02,4.222880e-02,9.334037e-02,6.267527e-01,1.351355e-01,2.943656e-03,1.384002e-03
3.931595e-03,4.043447e-03,4.433278e-03,1.241404e-02,2.113217e-02,1.217144e-02,7.937332e-04,2.419686e-03,3.025658e-02,5.003090e-02,1.372141e-01,6.127869e-01,1.021107e-01,4.847516e-03,1.413860e-03
2.871244e-03,4.421747e-03,5.155483e-03,1.018320e-02,3.691756e-02,8.690825e-03,5.813548e-04,1.882758e-03,2.596179e-02,3.740803e-02,1.122349e-01,6.755457e-01,7.247686e-02,4.409987e-03,1.258600e-03
3.885723e-03,4.479332e-03,6.731736e-03,8.151005e-03,3.504534e-02,6.762534e-03,5.453315e-04,3.197865e-03,2.451873e-02,3.505959e-02,1.135734e-01,6.963963e-01,5.234570e-02,7.978133e-03,1.329355e-03
5.870701e-03,4.669084e-03,6.510414e-03,6.709414e-03,6.305650e-02,5.180474e-03,7.957668e-04,4.113117e-03,2.352399e-02,3.458951e-02,1.428445e-01,6.482045e-01,3.850713e-02,1.390189e-02,1.522973e-03
7.894609e-03,4.163587e-03,6.069550e-03,7.399317e-03,4.844156e-02,4.418817e-03,8.123531e-04,4.964232e-03,2.169179e-02,2.649768e-02,1.708952e-01,6.495536e-01,2.737561e-02,1.839722e-02,1.424830e-03
9.396579e-03,3.262890e-03,5.120842e-03,6.849276e-03,3.499069e-02,4.190562e-03,7.053722e-04,5.696583e-03,1.840754e-02,2.146119e-02,1.706064e-01,6.761110e-01,1.947060e-02,2.247098e-02,1.259421e-03
2.485395e-02,3.050325e-03,4.323306e-03,5.614906e-03,2.512446e-02,4.574828e-03,5.970712e-04,5.240176e-03,1.651949e-02,1.897930e-02,1.974507e-01,6.517786e-01,1.437567e-02,2.619773e-02,1.319436e-03
2.086886e-02,2.959960e-03,3.658154e-03,4.164220e-03,1.803780e-02,3.862087e-03,4.420675e-04,3.986763e-03,1.613114e-02,1.550274e-02,3.165696e-01,5.518394e-01,1.034192e-02,2.980978e-02,1.825460e-03
2.196055e-02,2.712074e-03,3.301817e-03,3.136458e-03,1.292848e-02,3.481937e-03,3.487252e-04,3.232295e-03,1.432514e-02,1.459542e-02,3.420157e-01,5.319220e-01,7.615417e-03,3.676139e-02,1.662665e-03
2.668333e-02,3.237500e-03,3.081752e-03,2.473466e-03,1.087229e-02,2.909290e-03,4.970148e-04,2.934623e-03,1.337394e-02,2.126438e-02,4.445587e-01,4.252012e-01,6.983988e-03,3.423568e-02,1.692804e-03
2.222804e-02,3.319813e-03,2.628849e-03,1.852242e-03,9.047506e-03,2.297740e-03,4.233599e-04,2.320547e-03,1.048531e-02,2.179235e-02,5.522714e-01,3.335538e-01,6.051225e-03,3.025891e-02,1.468971e-03
2.584982e-02,3.143744e-03,2.724565e-03,1.510348e-03,6.792288e-03,2.579773e-03,3.842296e-04,3.172284e-03,8.596955e-03,4.680454e-02,5.899670e-01,2.614499e-01,4.852677e-03,4.083440e-02,1.337475e-03
2.536201e-02,3.329886e-03,3.640316e-03,1.204429e-03,5.235923e-03,2.287594e-03,3.121604e-04,4.735482e-03,8.611794e-03,4.952761e-02,6.258259e-01,2.106023e-01,3.677526e-03,5.411345e-02,1.533617e-03
2.225886e-02,3.667298e-03,4.204261e-03,9.792773e-04,4.186111e-03,2.681158e-03,2.519889e-04,5.309367e-03,9.051176e-03,4.464629e-02,6.518997e-01,1.947364e-01,2.848716e-03,5.158797e-02,1.691416e-03
1.846953e-02,7.490830e-03,2.016823e-02,1.090808e-03,4.315819e-03,2.488863e-03,2.113672e-04,5.036754e-03,1.449606e-02,4.751614e-02,6.528783e-01,1.724441e-01,2.128829e-03,4.686134e-02,4.403015e-03
1.488012e-02,1.149893e-02,2.989563e-02,1.136679e-03,5.191435e-03,3.524144e-03,1.827040e-04,4.605874e-03,1.902292e-02,4.236765e-02,6.715077e-01,1.440603e-01,1.620758e-03,4.564849e-02,4.856700e-03
1.301714e-02,8.843828e-03,2.425458e-02,1.085842e-03,4.121605e-03,4.531092e-03,1.874386e-04,5.746910e-03,2.789831e-02,3.690158e-02,6.979759e-01,1.045544e-01,1.187947e-03,6.511754e-02,4.575901e-03
2.159457e-02,7.670531e-03,3.118562e-02,2.312213e-03,4.380908e-03,2.356402e-02,7.276302e-04,1.273376e-02,5.118220e-02,3.338602e-02,6.552945e-01,7.440916e-02,9.701226e-04,7.563877e-02,4.949930e-03
3.521598e-02,6.877494e-03,7.836913e-02,7.118974e-03,6.017123e-03,2.357719e-02,1.659317e-03,4.363684e-02,6.590266e-02,3.258519e-02,5.482944e-01,5.348584e-02,9.136356e-04,9.125708e-02,5.089146e-03
5.612021e-02,6.117941e-03,9.711938e-02,8.803764e-03,7.672325e-03,2.140070e-02,1.613981e-03,4.006710e-02,7.473478e-02,3.054832e-02,5.032141e-01,3.835217e-02,8.000539e-04,1.076193e-01,5.815848e-03
6.574190e-02,5.280225e-03,1.050356e-01,1.037731e-02,9.101209e-03,1.771211e-02,1.284414e-03,3.510738e-02,1.012247e-01,2.936222e-02,4.544596e-01,2.765362e-02,8.232783e-04,1.311411e-01,5.695351e-03
7.181101e-02,1.173892e-02,2.164962e-01,1.988847e-02,2.035179e-02,1.966236e-02,1.344406e-03,2.716123e-02,8.553411e-02,2.260176e-02,3.590518e-01,2.033464e-02,7.996435e-04,1.168820e-01,6.341657e-03
9.586718e-02,1.120685e-02,2.354451e-01,4.265985e-02,1.968949e-02,1.944674e-02,1.119630e-03,2.120023e-02,7.537264e-02,2.062168e-02,3.340675e-01,1.525728e-02,7.812188e-04,9.862978e-02,8.634808e-03
1.124825e-01,9.866895e-03,2.657738e-01,4.469125e-02,1.816446e-02,1.800885e-02,9.655190e-04,1.560777e-02,5.977873e-02,1.868629e-02,3.278455e-01,1.169069e-02,7.895157e-04,8.436774e-02,1.128059e-02
1.219326e-01,1.197161e-02,2.443821e-01,4.979514e-02,2.081808e-02,2.120883e-02,9.173402e-04,1.260514e-02,5.095189e-02,1.680891e-02,3.050292e-01,9.419317e-03,9.827897e-04,1.185126e-01,1.466445e-02
1.203732e-01,1.419757e-02,1.992647e-01,5.806903e-02,2.850524e-02,2.991338e-02,8.453941e-04,1.203677e-02,5.269638e-02,1.381583e-02,2.766253e-01,7.841406e-03,1.302914e-03,1.691015e-01,1.541141e-02
1.358990e-01,3.275450e-02,1.624426e-01,7.778763e-02,4.990241e-02,4.225514e-02,1.226573e-03,1.384258e-02,6.004432e-02,1.157960e-02,2.289724e-01,1.006180e-02,2.615979e-03,1.551443e-01,1.547119e-02
1.474593e-01,4.429507e-02,2.016104e-01,9.328847e-02,7.449707e-02,4.063382e-02,2.782459e-03,2.179331e-02,4.633659e-02,1.088373e-02,1.722324e-01,1.019790e-02,3.402618e-03,1.143215e-01,1.626549e-02
1.606668e-01,5.955879e-02,1.944889e-01,9.854340e-02,9.460253e-02,5.315924e-02,3.030099e-03,3.033309e-02,3.869124e-02,1.142190e-02,1.271617e-01,1.113284e-02,4.922046e-03,8.817269e-02,2.411474e-02
2.176607e-01,7.530199e-02,1.783202e-01,9.078889e-02,9.463097e-02,4.775322e-02,4.627363e-03,3.093464e-02,3.173745e-02,9.757138e-03,1.010588e-01,2.094146e-02,6.649937e-03,6.528158e-02,2.455566e-02
1.531961e-01,8.843587e-02,3.458314e-01,6.846397e-02,6.650081e-02,3.373914e-02,3.262319e-03,2.224097e-02,2.247614e-02,7.879725e-03,9.965726e-02,1.541471e-02,4.970821e-03,4.971577e-02,1.821504e-02
1.084060e-01,6.248411e-02,2.444883e-01,4.829891e-02,4.686312e-02,2.431714e-02,2.341012e-03,1.574543e-02,1.618108e-02,8.066922e-03,3.277191e-01,1.512676e-02,3.687846e-03,6.329102e-02,1.298331e-02
7.650313e-02,4.401897e-02,1.721423e-01,3.392024e-02,3.302996e-02,1.865582e-02,1.667301e-03,1.108282e-02,1.214547e-02,1.469348e-02,4.934248e-01,1.800780e-02,3.208037e-03,5.811628e-02,9.383560e-03
5.454352e-02,3.292623e-02,1.258995e-01,2.388185e-02,2.397743e-02,1.671837e-02,1.290148e-03,7.942825e-03,1.049514e-02,2.580651e-02,5.739590e-01,2.174088e-02,2.815200e-03,6.906191e-02,8.941578e-03
3.946153e-02,2.344942e-02,8.986041e-02,1.692249e-02,1.703518e-02,2.258530e-02,1.100990e-03,5.919939e-03,8.291306e-03,5.060830e-02,6.291562e-01,1.994365e-02,2.756301e-03,6.601537e-02,6.893620e-03
2.777799e-02,1.652386e-02,6.301664e-02,1.191117e-02,1.201831e-02,1.738425e-02,8.202291e-04,4.173708e-03,6.001158e-03,4.248721e-02,7.256981e-01,1.579099e-02,2.245248e-03,4.906961e-02,5.081558e-03
1.969346e-02,1.208283e-02,4.417485e-02,8.565817e-03,1.134868e-02,1.302098e-02,1.201475e-03,3.026029e-03,8.377674e-03,6.004685e-02,7.598773e-01,1.648328e-02,1.973033e-03,3.592299e-02,4.204731e-03
1.390106e-02,8.586952e-03,3.094259e-02,6.115155e-03,8.383142e-03,1.008019e-02,9.241020e-04,2.140382e-03,6.219422e-03,4.565050e-02,8.196698e-01,1.591549e-02,1.728889e-03,2.646898e-02,3.273274e-03
9.908706e-03,6.092748e-03,2.168694e-02,4.387116e-03,6.253205e-03,8.650698e-03,7.088828e-04,1.548384e-03,4.815706e-03,3.433920e-02,8.577285e-01,1.933877e-02,1.826358e-03,2.016129e-02,2.553493e-03
9.171607e-03,5.183803e-03,1.541849e-02,3.726263e-03,7.508694e-03,7.907395e-03,1.181613e-03,1.531157e-03,5.863186e-03,2.815652e-02,8.637319e-01,2.698473e-02,2.355286e-03,1.682786e-02,4.451511e-03
8.169879e-03,6.370065e-03,1.157537e-02,5.089677e-03,2.214091e-02,6.951082e-03,1.506814e-03,2.554995e-03,1.336289e-02,2.493556e-02,8.051984e-01,6.187849e-02,3.229655e-03,1.655546e-02,1.048074e-02
8.131417e-03,8.681456e-03,1.135859e-02,1.007590e-02,2.327722e-02,1.612071e-02,3.223713e-03,1.040145e-01,2.634211e-02,2.362338e-02,6.196798e-01,1.183753e-01,4.043029e-03,1.330002e-02,9.752895e-03
7.459891e-03,1.505042e-02,1.121790e-02,1.311040e-02,2.254227e-02,1.772884e-02,2.565163e-03,2.136977e-01,1.072034e-01,1.937874e-02,4.440998e-01,1.010335e-01,4.731034e-03,1.046277e-02,9.718161e-03
5.588151e-03,2.389641e-02,1.066434e-02,1.526302e-02,2.784513e-02,2.260913e-02,2.991805e-03,1.670705e-01,2.974814e-01,1.467115e-02,3.136069e-01,7.426155e-02,7.062542e-03,8.050222e-03,8.937756e-03
4.062287e-03,3.921061e-02,7.911902e-03,1.523742e-02,3.665626e-02,2.819187e-02,2.187171e-03,1.174039e-01,4.468285e-01,1.096125e-02,2.202973e-01,5.206684e-02,5.466806e-03,5.796745e-03,7.721119e-03
3.069678e-03,5.134032e-02,5.838276e-03,1.906906e-02,3.963492e-02,3.000547e-02,1.675360e-03,8.307073e-02,5.486451e-01,8.269008e-03,1.552038e-01,3.652349e-02,6.848848e-03,4.209225e-03,6.596805e-03
3.560499e-03,4.093012e-02,4.677775e-03,3.066453e-02,6.234290e-02,2.742075e-02,6.536094e-03,8.516634e-02,5.473411e-01,6.096292e-03,1.097633e-01,2.570992e-02,4.146013e-02,3.079417e-03,5.250826e-03
4.843620e-03,3.250571e-02,3.540543e-03,9.744024e-02,1.176814e-01,2.401954e-02,4.882514e-03,1.004401e-01,4.696779e-01,4.941831e-03,8.088587e-02,1.855583e-02,3.199909e-02,2.234066e-03,6.351889e-03
1.849835e-02,2.477669e-02,2.707890e-03,8.536259e-02,2.095699e-01,2.688573e-02,4.605589e-03,8.851763e-02,4.273940e-01,3.714238e-03,5.820744e-02,1.342831e-02,2.608521e-02,1.642318e-03,8.604174e-03
3.101478e-02,2.418777e-02,2.825836e-03,8.170987e-02,2.243272e-01,3.306883e-02,5.178977e-03,6.910895e-02,4.129401e-01,4.348052e-03,4.519049e-02,1.090081e-02,2.670849e-02,1.337697e-03,2.715219e-02
3.288524e-02,2.665859e-02,4.385785e-03,1.154643e-01,1.836719e-01,2.587172e-02,4.831881e-03,6.047455e-02,3.805652e-01,5.927348e-03,3.405464e-02,9.847289e-03,2.419646e-02,1.148708e-03,9.001650e-02
4.062030e-02,2.318563e-02,7.627505e-03,1.034506e-01,2.139893e-01,2.523931e-02,6.635926e-03,5.522688e-02,4.028306e-01,4.757452e-03,2.574835e-02,7.412156e-03,1.787114e-02,9.164613e-04,6.448855e-02
6.919995e-02,3.930714e-02,1.317355e-02,1.270807e-01,1.916792e-01,5.686841e-02,6.548468e-03,4.916632e-02,3.490966e-01,4.144153e-03,1.990118e-02,5.560477e-03,1.375091e-02,8.204409e-04,5.370261e-02
6.290810e-02,4.222595e-02,3.638778e-02,2.479201e-01,1.499795e-01,4.340804e-02,5.788593e-03,3.666097e-02,2.571929e-01,5.881936e-03,1.478635e-02,4.111529e-03,1.025592e-02,6.821348e-04,8.181034e-02
6.194643e-02,4.963913e-02,7.992571e-02,2.827386e-01,1.351731e-01,3.600138e-02,1.785013e-02,4.467795e-02,1.994036e-01,6.573837e-03,1.208402e-02,3.049768e-03,9.543613e-03,5.883864e-04,6.080431e-02
6.235518e-02,7.065982e-02,1.484041e-01,2.533864e-01,1.040248e-01,2.770384e-02,1.302923e-02,3.337700e-02,1.628826e-01,1.585515e-02,1.342095e-02,2.750602e-03,8.596211e-03,2.593280e-03,8.096075e-02
4.497584e-02,5.995049e-02,1.871344e-01,2.713240e-01,7.761481e-02,2.538368e-02,1.121953e-02,2.444189e-02,1.237256e-01,1.918466e-02,1.954301e-02,3.243821e-03,2.829923e-02,3.390101e-03,1.005690e-01
3.278769e-02,4.539335e-02,1.494166e-01,2.254315e-01,5.523741e-02,1.897018e-02,8.822136e-03,1.774353e-02,9.070554e-02,1.408600e-02,1.451664e-02,4.417661e-03,2.405796e-01,2.637372e-03,7.925488e-02
2.386285e-02,3.470655e-02,1.199059e-01,1.900173e-01,3.949647e-02,1.472054e-02,6.915808e-03,1.284913e-02,6.696129e-02,1.023501e-02,1.187105e-02,9.374436e-03,3.920799e-01,2.230304e-03,6.477353e-02
1.732272e-02,2.466612e-02,8.584911e-02,1.354174e-01,2.905092e-02,1.178872e-02,5.020613e-03,9.266126e-03,4.876657e-02,7.504301e-03,1.407497e-02,2.393035e-02,5.379729e-01,1.626414e-03,4.774278e-02
1.316305e-02,1.751976e-02,6.274998e-02,9.813575e-02,2.119715e-02,9.171314e-03,3.744825e-03,7.206823e-03,3.547881e-02,5.436767e-03,1.128100e-02,2.772790e-02,6.509582e-01,1.202691e-03,3.502596e-02
