1.000000e+00,0.000000e+00,0.000000e+00,0.000000e+00,0.000000e+00,0.000000e+00,0.000000e+00,0.000000e+00,0.000000e+00,0.000000e+00,0.000000e+00,0.000000e+00,0.000000e+00,0.000000e+00,0.000000e+00
1.000000e+00,0.000000e+00,0.000000e+00,0.000000e+00,0.000000e+00,0.000000e+00,0.000000e+00,0.000000e+00,0.000000e+00,0.000000e+00,0.000000e+00,0.000000e+00,0.000000e+00,0.000000e+00,0.000000e+00
1.000000e+00,0.000000e+00,0.000000e+00,0.000000e+00,0.000000e+00,0.000000e+00,0.000000e+00,0.000000e+00,0.000000e+00,0.000000e+00,0.000000e+00,0.000000e+00,0.000000e+00,0.000000e+00,0.000000e+00
1.000000e+00,0.000000e+00,0.000000e+00,0.000000e+00,0.000000e+00,0.000000e+00,0.000000e+00,0.000000e+00,0.000000e+00,0.000000e+00,0.000000e+00,0.000000e+00,0.000000e+00,0.000000e+00,0.000000e+00
1.000000e+00,0.000000e+00,0.000000e+00,0.000000e+00,0.000000e+00,0.000000e+00,0.000000e+00,0.000000e+00,0.000000e+00,0.000000e+00,0.000000e+00,0.000000e+00,0.000000e+00,0.000000e+00,0.000000e+00
1.000000e+00,0.000000e+00,0.000000e+00,0.000000e+00,0.000000e+00,0.000000e+00,0.000000e+00,0.000000e+00,0.000000e+00,0.000000e+00,0.000000e+00,0.000000e+00,0.000000e+00,0.000000e+00,0.000000e+00
1.000000e+00,0.000000e+00,0.000000e+00,0.000000e+00,0.000000e+00,0.000000e+00,0.000000e+00,0.000000e+00,0.000000e+00,0.000000e+00,0.000000e+00,0.000000e+00,0.000000e+00,0.000000e+00,0.000000e+00
1.000000e+00,0.000000e+00,0.000000e+00,0.000000e+00,0.000000e+00,0.000000e+00,0.000000e+00,0.000000e+00,0.000000e+00,0.000000e+00,0.000000e+00,0.000000e+00,0.000000e+00,0.000000e+00,0.000000e+00
1.000000e+00,0.000000e+00,0.000000e+00,0.000000e+00,0.000000e+00,0.000000e+00,0.000000e+00,0.000000e+00,0.000000e+00,0.000000e+00,0.000000e+00,0.000000e+00,0.000000e+00,0.000000e+00,0.000000e+00
1.000000e+00,0.000000e+00,0.000000e+00,0.000000e+00,0.000000e+00,0.000000e+00,0.000000e+00,0.000000e+00,0.000000e+00,0.000000e+00,0.000000e+00,0.000000e+00,0.000000e+00,0.000000e+00,0.000000e+00
1.000000e+00,0.000000e+00,0.000000e+00,0.000000e+00,0.000000e+00,0.000000e+00,0.000000e+00,0.000000e+00,0.000000e+00,0.000000e+00,0.000000e+00,0.000000e+00,0.000000e+00,0.000000e+00,0.000000e+00
1.000000e+00,0.000000e+00,0.000000e+00,0.000000e+00,0.000000e+00,0.000000e+00,0.000000e+00,0.000000e+00,0.000000e+00,0.000000e+00,0.000000e+00,0.000000e+00,0.000000e+00,0.000000e+00,0.000000e+00
1.000000e+00,0.000000e+00,0.000000e+00,0.000000e+00,0.000000e+00,0.000000e+00,0.000000e+00,0.000000e+00,0.000000e+00,0.000000e+00,0.000000e+00,0.000000e+00,0.000000e+00,0.000000e+00,0.000000e+00
1.000000e+00,0.000000e+00,0.000000e+00,0.000000e+00,0.000000e+00,0.000000e+00,0.000000e+00,0.000000e+00,0.000000e+00,0.000000e+00,0.000000e+00,0.000000e+00,0.000000e+00,0.000000e+00,0.000000e+00
1.000000e+00,0.000000e+00,0.000000e+00,0.000000e+00,0.000000e+00,0.000000e+00,0.000000e+00,0.000000e+00,0.000000e+00,0.000000e+00,0.000000e+00,0.000000e+00,0.000000e+00,0.000000e+00,0.000000e+00
1.000000e+00,0.000000e+00,0.000000e+00,0.000000e+00,0.000000e+00,0.000000e+00,0.000000e+00,0.000000e+00,0.000000e+00,0.000000e+00,0.000000e+00,0.000000e+00,0.000000e+00,0.000000e+00,0.000000e+00
1.000000e+00,0.000000e+00,0.000000e+00,0.000000e+00,0.000000e+00,0.000000e+00,0.000000e+00,0.000000e+00,0.000000e+00,0.000000e+00,0.000000e+00,0.000000e+00,0.000000e+00,0.000000e+00,0.000000e+00
1.000000e+00,0.000000e+00,0.000000e+00,0.000000e+00,0.000000e+00,0.000000e+00,0.000000e+00,0.000000e+00,0.000000e+00,0.000000e+00,0.000000e+00,0.000000e+00,0.000000e+00,0.000000e+00,0.000000e+00
1.000000e+00,0.000000e+00,0.000000e+00,0.000000e+00,0.000000e+00,0.000000e+00,0.000000e+00,0.000000e+00,0.000000e+00,0.000000e+00,0.000000e+00,0.000000e+00,0.000000e+00,0.000000e+00,0.000000e+00
1.000000e+00,0.000000e+00,0.000000e+00,0.000000e+00,0.000000e+00,0.000000e+00,0.000000e+00,0.000000e+00,0.000000e+00,0.000000e+00,0.000000e+00,0.000000e+00,0.000000e+00,0.000000e+00,0.000000e+00
1.000000e+00,0.000000e+00,0.000000e+00,0.000000e+00,0.000000e+00,0.000000e+00,0.000000e+00,0.000000e+00,0.000000e+00,0.000000e+00,0.000000e+00,0.000000e+00,0.000000e+00,0.000000e+00,0.000000e+00
1.000000e+00,0.000000e+00,0.000000e+00,0.000000e+00,0.000000e+00,0.000000e+00,0.000000e+00,0.000000e+00,0.000000e+00,0.000000e+00,0.000000e+00,0.000000e+00,0.000000e+00,0.000000e+00,0.000000e+00
1.000000e+00,0.000000e+00,0.000000e+00,0.000000e+00,0.000000e+00,0.000000e+00,0.000000e+00,0.000000e+00,0.000000e+00,0.000000e+00,0.000000e+00,0.000000e+00,0.000000e+00,0.000000e+00,0.000000e+00
1.000000e+00,0.000000e+00,0.000000e+00,0.000000e+00,0.000000e+00,0.000000e+00,0.000000e+00,0.000000e+00,0.000000e+00,0.000000e+00,0.000000e+00,0.000000e+00,0.000000e+00,0.000000e+00,0.000000e+00
1.000000e+00,0.000000e+00,0.000000e+00,0.000000e+00,0.000000e+00,0.000000e+00,0.000000e+00,0.000000e+00,0.000000e+00,0.000000e+00,0.000000e+00,0.000000e+00,0.000000e+00,0.000000e+00,0.000000e+00
1.000000e+00,0.000000e+00,0.000000e+00,0.000000e+00,0.000000e+00,0.000000e+00,0.000000e+00,0.000000e+00,0.000000e+00,0.000000e+00,0.000000e+00,0.000000e+00,0.000000e+00,0.000000e+00,0.000000e+00
1.000000e+00,0.000000e+00,0.000000e+00,0.000000e+00,0.000000e+00,0.000000e+00,0.000000e+00,0.000000e+00,0.000000e+00,0.000000e+00,0.000000e+00,0.000000e+00,0.000000e+00,0.000000e+00,0.000000e+00
1.000000e+00,0.000000e+00,0.000000e+00,0.000000e+00,0.000000e+00,0.000000e+00,0.000000e+00,0.000000e+00,0.000000e+00,0.000000e+00,0.000000e+00,0.000000e+00,0.000000e+00,0.000000e+00,0.000000e+00
1.000000e+00,0.000000e+00,0.000000e+00,0.000000e+00,0.000000e+00,0.000000e+00,0.000000e+00,0.000000e+00,0.000000e+00,0.000000e+00,0.000000e+00,0.000000e+00,0.000000e+00,0.000000e+00,0.000000e+00
1.000000e+00,0.000000e+00,0.000000e+00,0.000000e+00,0.000000e+00,0.000000e+00,0.000000e+00,0.000000e+00,0.000000e+00,0.000000e+00,0.000000e+00,0.000000e+00,0.000000e+00,0.000000e+00,0.000000e+00
1.000000e+00,0.000000e+00,0.000000e+00,0.000000e+00,0.000000e+00,0.000000e+00,0.000000e+00,0.000000e+00,0.000000e+00,0.000000e+00,0.000000e+00,0.000000e+00,0.000000e+00,0.000000e+00,0.000000e+00
1.000000e+00,0.000000e+00,0.000000e+00,0.000000e+00,0.000000e+00,0.000000e+00,0.000000e+00,0.000000e+00,0.000000e+00,0.000000e+00,0.000000e+00,0.000000e+00,0.000000e+00,0.000000e+00,0.000000e+00
1.000000e+00,0.000000e+00,0.000000e+00,0.000000e+00,0.000000e+00,0.000000e+00,0.000000e+00,0.000000e+00,0.000000e+00,0.000000e+00,0.000000e+00,0.000000e+00,0.000000e+00,0.000000e+00,0.000000e+00
1.000000e+00,0.000000e+00,0.000000e+00,0.000000e+00,0.000000e+00,0.000000e+00,0.000000e+00,0.000000e+00,0.000000e+00,0.000000e+00,0.000000e+00,0.000000e+00,0.000000e+00,0.000000e+00,0.000000e+00
1.000000e+00,0.000000e+00,0.000000e+00,0.000000e+00,0.000000e+00,0.000000e+00,0.000000e+00,0.000000e+00,0.000000e+00,0.000000e+00,0.000000e+00,0.000000e+00,0.000000e+00,0.000000e+00,0.000000e+00
1.000000e+00,0.000000e+00,0.000000e+00,0.000000e+00,0.000000e+00,0.000000e+00,0.000000e+00,0.000000e+00,0.000000e+00,0.000000e+00,0.000000e+00,0.000000e+00,0.000000e+00,0.000000e+00,0.000000e+00
1.000000e+00,0.000000e+00,0.000000e+00,0.000000e+00,0.000000e+00,0.000000e+00,0.000000e+00,0.000000e+00,0.000000e+00,0.000000e+00,0.000000e+00,0.000000e+00,0.000000e+00,0.000000e+00,0.000000e+00
1.000000e+00,0.000000e+00,0.000000e+00,0.000000e+00,0.000000e+00,0.000000e+00,0.000000e+00,0.000000e+00,0.000000e+00,0.000000e+00,0.000000e+00,0.000000e+00,0.000000e+00,0.000000e+00,0.000000e+00
1.000000e+00,0.000000e+00,0.000000e+00,0.000000e+00,0.000000e+00,0.000000e+00,0.000000e+00,0.000000e+00,0.000000e+00,0.000000e+00,0.000000e+00,0.000000e+00,0.000000e+00,0.000000e+00,0.000000e+00
1.000000e+00,0.000000e+00,0.000000e+00,0.000000e+00,0.000000e+00,0.000000e+00,0.000000e+00,0.000000e+00,0.000000e+00,0.000000e+00,0.000000e+00,0.000000e+00,0.000000e+00,0.000000e+00,0.000000e+00
1.000000e+00,0.000000e+00,0.000000e+00,0.000000e+00,0.000000e+00,0.000000e+00,0.000000e+00,0.000000e+00,0.000000e+00,0.000000e+00,0.000000e+00,0.000000e+00,0.000000e+00,0.000000e+00,0.000000e+00
1.000000e+00,0.000000e+00,0.000000e+00,0.000000e+00,0.000000e+00,0.000000e+00,0.000000e+00,0.000000e+00,0.000000e+00,0.000000e+00,0.000000e+00,0.000000e+00,0.000000e+00,0.000000e+00,0.000000e+00
1.000000e+00,0.000000e+00,0.000000e+00,0.000000e+00,0.000000e+00,0.000000e+00,0.000000e+00,0.000000e+00,0.000000e+00,0.000000e+00,0.000000e+00,0.000000e+00,0.000000e+00,0.000000e+00,0.000000e+00
1.000000e+00,0.000000e+00,0.000000e+00,0.000000e+00,0.000000e+00,0.000000e+00,0.000000e+00,0.000000e+00,0.000000e+00,0.000000e+00,0.000000e+00,0.000000e+00,0.000000e+00,0.000000e+00,0.000000e+00
1.000000e+00,0.000000e+00,0.000000e+00,0.000000e+00,0.000000e+00,0.000000e+00,0.000000e+00,0.000000e+00,0.000000e+00,0.000000e+00,0.000000e+00,0.000000e+00,0.000000e+00,0.000000e+00,0.000000e+00
1.000000e+00,0.000000e+00,0.000000e+00,0.000000e+00,0.000000e+00,0.000000e+00,0.000000e+00,0.000000e+00,0.000000e+00,0.000000e+00,0.000000e+00,0.000000e+00,0.000000e+00,0.000000e+00,0.000000e+00
1.000000e+00,0.000000e+00,0.000000e+00,0.000000e+00,0.000000e+00,0.000000e+00,0.000000e+00,0.000000e+00,0.000000e+00,0.000000e+00,0.000000e+00,0.000000e+00,0.000000e+00,0.000000e+00,0.000000e+00
1.000000e+00,0.000000e+00,0.000000e+00,0.000000e+00,0.000000e+00,0.000000e+00,0.000000e+00,0.000000e+00,0.000000e+00,0.000000e+00,0.000000e+00,0.000000e+00,0.000000e+00,0.000000e+00,0.000000e+00
1.000000e+00,0.000000e+00,0.000000e+00,0.000000e+00,0.000000e+00,0.000000e+00,0.000000e+00,0.000000e+00,0.000000e+00,0.000000e+00,0.000000e+00,0.000000e+00,0.000000e+00,0.000000e+00,0.000000e+00
1.000000e+00,0.000000e+00,0.000000e+00,0.000000e+00,0.000000e+00,0.000000e+00,0.000000e+00,0.000000e+00,0.000000e+00,0.000000e+00,0.000000e+00,0.000000e+00,0.000000e+00,0.000000e+00,0.000000e+00
1.000000e+00,0.000000e+00,0.000000e+00,0.000000e+00,0.000000e+00,0.000000e+00,0.000000e+00,0.000000e+00,0.000000e+00,0.000000e+00,0.000000e+00,0.000000e+00,0.000000e+00,0.000000e+00,0.000000e+00
1.000000e+00,0.000000e+00,0.000000e+00,0.000000e+00,0.000000e+00,0.000000e+00,0.000000e+00,0.000000e+00,0.000000e+00,0.000000e+00,0.000000e+00,0.000000e+00,0.000000e+00,0.000000e+00,0.000000e+00
1.000000e+00,0.000000e+00,0.000000e+00,0.000000e+00,0.000000e+00,0.000000e+00,0.000000e+00,0.000000e+00,0.000000e+00,0.000000e+00,0.000000e+00,0.000000e+00,0.000000e+00,0.000000e+00,0.000000e+00
1.000000e+00,0.000000e+00,0.000000e+00,0.000000e+00,0.000000e+00,0.000000e+00,0.000000e+00,0.000000e+00,0.000000e+00,0.000000e+00,0.000000e+00,0.000000e+00,0.000000e+00,0.000000e+00,0.000000e+00
1.000000e+00,0.000000e+00,0.000000e+00,0.000000e+00,0.000000e+00,0.000000e+00,0.000000e+00,0.000000e+00,0.000000e+00,0.000000e+00,0.000000e+00,0.000000e+00,0.000000e+00,0.000000e+00,0.000000e+00
1.000000e+00,0.000000e+00,0.000000e+00,0.000000e+00,0.000000e+00,0.000000e+00,0.000000e+00,0.000000e+00,0.000000e+00,0.000000e+00,0.000000e+00,0.000000e+00,0.000000e+00,0.000000e+00,0.000000e+00
1.000000e+00,0.000000e+00,0.000000e+00,0.000000e+00,0.000000e+00,0.000000e+00,0.000000e+00,0.000000e+00,0.000000e+00,0.000000e+00,0.000000e+00,0.000000e+00,0.000000e+00,0.000000e+00,0.000000e+00
1.000000e+00,0.000000e+00,0.000000e+00,0.000000e+00,0.000000e+00,0.000000e+00,0.000000e+00,0.000000e+00,0.000000e+00,0.000000e+00,0.000000e+00,0.000000e+00,0.000000e+00,0.000000e+00,0.000000e+00
1.000000e+00,0.000000e+00,0.000000e+00,0.000000e+00,0.000000e+00,0.000000e+00,0.000000e+00,0.000000e+00,0.000000e+00,0.000000e+00,0.000000e+00,0.000000e+00,0.000000e+00,0.000000e+00,0.000000e+00
1.000000e+00,0.000000e+00,0.000000e+00,0.000000e+00,0.000000e+00,0.000000e+00,0.000000e+00,0.000000e+00,0.000000e+00,0.000000e+00,0.000000e+00,0.000000e+00,0.000000e+00,0.000000e+00,0.000000e+00
1.000000e+00,0.000000e+00,0.000000e+00,0.000000e+00,0.000000e+00,0.000000e+00,0.000000e+00,0.000000e+00,0.000000e+00,0.000000e+00,0.000000e+00,0.000000e+00,0.000000e+00,0.000000e+00,0.000000e+00
1.000000e+00,0.000000e+00,0.000000e+00,0.000000e+00,0.000000e+00,0.000000e+00,0.000000e+00,0.000000e+00,0.000000e+00,0.000000e+00,0.000000e+00,0.000000e+00,0.000000e+00,0.000000e+00,0.000000e+00
4.514130e-01,2.530179e-02,3.007128e-03,2.496308e-02,1.778684e-01,5.266347e-02,2.286346e-01,5.150218e-03,2.297774e-03,9.058728e-04,3.233757e-03,6.293133e-03,9.767024e-03,9.672416e-04,7.533513e-03
3.191846e-01,1.984901e-02,3.308943e-03,1.887245e-02,2.962629e-01,1.055186e-01,1.965073e-01,1.143893e-02,1.801545e-03,8.840063e-04,5.420446e-03,4.581925e-03,8.708213e-03,8.152752e-04,6.845806e-03
2.397249e-01,2.277387e-02,4.738722e-03,1.413946e-02,2.818246e-01,1.913036e-01,1.643123e-01,5.403201e-02,1.712230e-03,1.152028e-03,6.170843e-03,3.413799e-03,7.835003e-03,1.126956e-03,5.739768e-03
1.955798e-01,1.889283e-02,5.060513e-03,1.150223e-02,3.044012e-01,2.141546e-01,1.229984e-01,5.333248e-02,4.236901e-03,4.575468e-03,1.216259e-02,2.832367e-03,2.025774e-02,2.549917e-03,2.746305e-02
1.382525e-01,1.465118e-02,5.504171e-03,1.110850e-02,2.165870e-01,1.618018e-01,8.707422e-02,4.075817e-02,3.047230e-02,2.194689e-01,1.420240e-02,2.845690e-03,1.717827e-02,3.929424e-03,3.616538e-02
1.022963e-01,2.899576e-02,1.455895e-02,4.769105e-02,1.574884e-01,1.161348e-01,6.271061e-02,3.289508e-02,8.510840e-02,2.410737e-01,2.000374e-02,5.985009e-03,1.697170e-02,8.251397e-03,5.983508e-02
7.309002e-02,2.220484e-02,1.041999e-02,3.869218e-02,1.107716e-01,8.362785e-02,4.426407e-02,2.322350e-02,7.404216e-02,1.758498e-01,6.393208e-02,5.776395e-03,3.457241e-02,1.110462e-02,2.284285e-01
5.224888e-02,1.690848e-02,7.592352e-03,2.888988e-02,7.909665e-02,5.938854e-02,3.104526e-02,1.637346e-02,1.688667e-01,1.262307e-01,4.777643e-02,4.296603e-03,2.845909e-02,1.127155e-02,3.215553e-01
3.674793e-02,1.225481e-02,5.428885e-03,2.032502e-02,5.676882e-02,4.178488e-02,2.175073e-02,1.151574e-02,1.787240e-01,8.873326e-02,3.458974e-02,3.053172e-03,2.155092e-02,1.037803e-02,4.563941e-01
2.581477e-02,8.992726e-03,3.832028e-03,1.437718e-02,4.020847e-02,2.942428e-02,1.523321e-02,8.091960e-03,3.450897e-01,6.269158e-02,2.456293e-02,2.172280e-03,1.560756e-02,8.261635e-03,3.956397e-01
1.886672e-02,7.863415e-03,2.735792e-03,1.028976e-02,2.844933e-02,2.143656e-02,1.068265e-02,5.689124e-03,4.155346e-01,4.465287e-02,1.753520e-02,1.670214e-03,1.322341e-02,1.091678e-02,3.904536e-01
1.352906e-02,6.313413e-03,2.149339e-03,7.350033e-03,2.028167e-02,1.546067e-02,7.514057e-03,4.037958e-03,5.090618e-01,3.170478e-02,1.284514e-02,1.254345e-03,1.009622e-02,9.777500e-03,3.486241e-01
1.352725e-02,6.210294e-03,1.665645e-03,5.572162e-03,1.559870e-02,1.315640e-02,5.320900e-03,2.871156e-03,5.135020e-01,2.315586e-02,1.090991e-02,1.033484e-03,9.607113e-03,2.223004e-02,3.556391e-01
1.068129e-02,6.318269e-03,4.281517e-03,5.443245e-03,1.155134e-02,9.807192e-03,3.760364e-03,2.072506e-03,6.224146e-01,1.713175e-02,8.260594e-03,9.131967e-04,7.973853e-03,1.728544e-02,2.721049e-01
1.680606e-02,1.879634e-02,6.771963e-03,8.004632e-03,1.185345e-02,1.052756e-02,2.889427e-03,1.765929e-03,5.637240e-01,1.351419e-02,7.688883e-03,1.661022e-03,1.686771e-02,1.885387e-02,3.002750e-01
1.356682e-02,3.544407e-02,5.755004e-03,7.861780e-03,1.051402e-02,8.525333e-03,2.092746e-03,1.400237e-03,6.153287e-01,1.073467e-02,6.370674e-03,1.541800e-03,2.022700e-02,2.309769e-02,2.375395e-01
1.048182e-02,4.367655e-02,4.663065e-03,5.933471e-03,8.514837e-03,6.690403e-03,1.496092e-03,1.011826e-03,6.741126e-01,8.439576e-03,5.254869e-03,1.330994e-03,1.650850e-02,2.012176e-02,1.917636e-01
8.396988e-03,4.546913e-02,3.604654e-03,1.331223e-02,6.930281e-03,5.027324e-03,1.059780e-03,8.925134e-04,7.416207e-01,6.153164e-03,4.373657e-03,9.849075e-04,1.179509e-02,1.432024e-02,1.360594e-01
7.958110e-03,4.099783e-02,2.611580e-03,1.215898e-02,7.085593e-03,4.185331e-03,7.744943e-04,7.221374e-04,7.607809e-01,4.562021e-03,5.405453e-03,1.401876e-03,3.610678e-02,1.134996e-02,1.038990e-01
8.181263e-03,3.967474e-02,2.146471e-03,1.281189e-02,1.027017e-02,4.319384e-03,6.414555e-04,6.422903e-04,6.695649e-01,4.617615e-03,1.112809e-02,5.619648e-03,7.245751e-02,3.241597e-02,1.255086e-01
1.811372e-02,2.974277e-02,3.523058e-03,2.232264e-02,9.532887e-03,4.653104e-03,6.973109e-04,8.754688e-04,6.539304e-01,4.768667e-03,1.568739e-02,2.050274e-02,8.679093e-02,2.881043e-02,1.000485e-01
1.724185e-02,4.250695e-02,3.602348e-03,1.980500e-02,2.355771e-02,8.081242e-03,7.710391e-04,9.367950e-04,5.855600e-01,4.259553e-03,1.621897e-02,1.638574e-02,1.375109e-01,2.175830e-02,1.018036e-01
1.623145e-02,4.600681e-02,6.488530e-03,1.772091e-02,3.498585e-02,2.051933e-02,4.902389e-03,8.738378e-03,5.718456e-01,3.450740e-03,1.521074e-02,1.258155e-02,1.439112e-01,1.575154e-02,8.165494e-02
1.678674e-02,5.507499e-02,6.646289e-03,1.968169e-02,3.348131e-02,6.621319e-02,3.679981e-03,9.719182e-03,5.221105e-01,2.821301e-03,1.153910e-02,9.495665e-03,1.727577e-01,1.119792e-02,5.879452e-02
1.793608e-02,5.236310e-02,7.102824e-03,1.380060e-01,4.140560e-02,6.395804e-02,2.854610e-03,1.005030e-02,4.449364e-01,2.657545e-03,1.040725e-02,7.480838e-03,1.426454e-01,7.905483e-03,5.029056e-02
2.909729e-02,5.420582e-02,7.292061e-03,2.615633e-01,5.824443e-02,5.121832e-02,2.172597e-03,1.581399e-02,3.437806e-01,2.141597e-03,1.047570e-02,5.863894e-03,1.131902e-01,5.633190e-03,3.930705e-02
5.550598e-02,4.931728e-02,7.168971e-03,2.358686e-01,9.027108e-02,4.802444e-02,1.893238e-03,1.559632e-02,2.944331e-01,3.243231e-03,1.367844e-02,5.820174e-03,1.211816e-01,4.302710e-03,5.369494e-02
6.365676e-02,5.948717e-02,6.911353e-03,1.883132e-01,8.714706e-02,5.415434e-02,2.065002e-03,2.066721e-02,2.694319e-01,5.087563e-03,1.125367e-02,5.459607e-03,1.553472e-01,3.327030e-03,6.769096e-02
8.021039e-02,5.859992e-02,7.061725e-03,1.412083e-01,8.836067e-02,7.012506e-02,2.759275e-03,2.446772e-02,2.835905e-01,4.726645e-03,8.625059e-03,4.214396e-03,1.516765e-01,2.664999e-03,7.170884e-02
6.538019e-02,8.374234e-02,9.742758e-03,1.858562e-01,7.290696e-02,5.323506e-02,2.437483e-03,2.369048e-02,2.711077e-01,4.992999e-03,8.060069e-03,3.650344e-03,1.096911e-01,2.124541e-03,1.033818e-01
6.496313e-02,7.151099e-02,2.081748e-02,2.734385e-01,5.455630e-02,4.668910e-02,2.118053e-03,1.880362e-02,2.302090e-01,6.387006e-03,9.158764e-03,6.866925e-03,8.544593e-02,1.800121e-03,1.072351e-01
8.085224e-02,8.079857e-02,1.800621e-02,2.038389e-01,5.919807e-02,9.123597e-02,2.081650e-03,1.960744e-02,2.517732e-01,5.262860e-03,7.491239e-03,6.135806e-03,7.890987e-02,1.816225e-03,9.299177e-02
7.265627e-02,6.608813e-02,1.695467e-02,2.910151e-01,7.506751e-02,7.298533e-02,3.970347e-03,4.659876e-02,2.086089e-01,4.400426e-03,6.455389e-03,5.273541e-03,6.020611e-02,1.530086e-03,6.818939e-02
9.884873e-02,6.149573e-02,1.959255e-02,2.375805e-01,1.167738e-01,6.412452e-02,3.411674e-03,4.246105e-02,2.038194e-01,5.136178e-03,1.020688e-02,6.607563e-03,4.445264e-02,8.574455e-03,7.691436e-02
1.399764e-01,5.921109e-02,2.076731e-02,1.769764e-01,1.076478e-01,8.383982e-02,3.043474e-03,3.356279e-02,2.140000e-01,4.720114e-03,1.334817e-02,7.321786e-03,4.414199e-02,1.299316e-02,7.844970e-02
1.501259e-01,5.983623e-02,2.334907e-02,1.751493e-01,7.884229e-02,6.064019e-02,2.750489e-03,2.708021e-02,1.679141e-01,6.552134e-03,2.239867e-02,1.220920e-02,4.098876e-02,1.624260e-02,1.559208e-01
1.460129e-01,5.186683e-02,2.376502e-02,1.295838e-01,5.680926e-02,4.573086e-02,2.431854e-03,2.051389e-02,1.262908e-01,6.817424e-03,1.836451e-02,1.095979e-02,3.337605e-02,4.773138e-02,2.797455e-01
1.232621e-01,3.976612e-02,2.075903e-02,9.197925e-02,4.051993e-02,3.329136e-02,2.237467e-03,1.485184e-02,1.004834e-01,5.704355e-03,1.508263e-02,8.258635e-03,2.440158e-02,1.672112e-01,3.121910e-01
1.338268e-01,2.876653e-02,1.571449e-02,6.507289e-02,2.897519e-02,2.429706e-02,2.519794e-03,1.067153e-02,7.538693e-02,4.980836e-03,1.340961e-02,7.129087e-03,1.819552e-02,2.876035e-01,2.834502e-01
1.380629e-01,2.508005e-02,1.247708e-02,4.627527e-02,2.090649e-02,1.840868e-02,1.966650e-03,7.859650e-03,7.114676e-02,4.853161e-03,1.834372e-02,5.544684e-03,1.468895e-02,3.739614e-01,2.404246e-01
1.349695e-01,1.911876e-02,9.832806e-03,3.362251e-02,1.529025e-02,1.435721e-02,1.589078e-03,5.640015e-03,6.365047e-02,5.622906e-03,1.678671e-02,4.201556e-03,1.067933e-02,4.610033e-01,2.036356e-01
1.029853e-01,1.364431e-02,7.107375e-03,2.365959e-02,1.083136e-02,1.027918e-02,1.205008e-03,3.974050e-03,4.694298e-02,6.048502e-03,1.254159e-02,3.016401e-03,7.664918e-03,5.970198e-01,1.530797e-01
7.278531e-02,9.673196e-03,5.277793e-03,1.659865e-02,7.704077e-03,7.598084e-03,8.654625e-04,2.802444e-03,3.688345e-02,1.172686e-02,1.166165e-02,2.159423e-03,5.416231e-03,6.923023e-01,1.165452e-01
5.449846e-02,7.017559e-03,4.214007e-03,1.170246e-02,5.539624e-03,5.623047e-03,6.540962e-04,2.013183e-03,3.593164e-02,3.175216e-02,1.181421e-02,1.686767e-03,4.043647e-03,7.369827e-01,8.652654e-02
4.641477e-02,4.993653e-03,3.129238e-03,8.233896e-03,3.962921e-03,4.095423e-03,5.164598e-04,1.464625e-03,2.743984e-02,6.571963e-02,1.026000e-02,1.242958e-03,2.905876e-03,7.573690e-01,6.225169e-02
3.310790e-02,3.599251e-03,2.324350e-03,5.776434e-03,2.812478e-03,3.131463e-03,3.764484e-04,1.033376e-03,2.587330e-02,1.223160e-01,8.742408e-03,9.352030e-04,2.115571e-03,7.355994e-01,5.225645e-02
2.355316e-02,2.558889e-03,1.783525e-03,4.082755e-03,2.059203e-03,2.492476e-03,2.785785e-04,7.362377e-04,4.443230e-02,1.473912e-01,1.024860e-02,7.020972e-04,1.617236e-03,7.023785e-01,5.568530e-02
1.765660e-02,2.054859e-03,1.955582e-03,3.305675e-03,2.848367e-03,3.077479e-03,4.170143e-04,2.237844e-03,1.328050e-01,2.277146e-01,1.400330e-02,7.158609e-04,1.636654e-03,5.411168e-01,4.845435e-02
1.275275e-02,1.601547e-03,1.524162e-03,3.175250e-03,2.903598e-03,2.373091e-03,3.927882e-04,2.324965e-03,1.416597e-01,3.316927e-01,2.842142e-02,3.391057e-03,6.746178e-03,4.223189e-01,3.872188e-02
9.030495e-03,1.361327e-03,1.089467e-03,2.723406e-03,2.556586e-03,1.793342e-03,3.031340e-04,1.694500e-03,1.108912e-01,4.652666e-01,3.819587e-02,4.814914e-03,7.465638e-03,3.235593e-01,2.925410e-02
6.351135e-03,1.270363e-03,7.824989e-04,2.753003e-03,6.116779e-03,2.119382e-03,2.679848e-04,1.350858e-03,1.089160e-01,4.710731e-01,6.084871e-02,6.737457e-03,7.743908e-03,2.771623e-01,4.650652e-02
4.554220e-03,1.286282e-03,6.321926e-04,4.381907e-03,1.080893e-02,3.173037e-03,2.247374e-04,2.032322e-03,9.706289e-02,4.113076e-01,1.255541e-01,9.531528e-03,2.066213e-02,2.552001e-01,5.358795e-02
3.331750e-03,1.005286e-03,5.031080e-04,9.018362e-03,1.556859e-02,2.770247e-03,2.076725e-04,2.203759e-03,8.368128e-02,3.916614e-01,1.619515e-01,1.232638e-02,2.387204e-02,2.195853e-01,7.231335e-02
2.537757e-03,8.668862e-04,4.757287e-04,1.258512e-02,1.485887e-02,2.973665e-03,3.362370e-04,3.407373e-03,9.213351e-02,3.089430e-01,2.350932e-01,2.789806e-02,3.667029e-02,1.760177e-01,8.520253e-02
2.316236e-03,9.204949e-04,6.874473e-04,1.636431e-02,1.373419e-02,1.842699e-02,6.887078e-04,4.460443e-03,8.621754e-02,2.772551e-01,2.636752e-01,4.364679e-02,6.120331e-02,1.373099e-01,7.309335e-02
2.217662e-03,7.575577e-04,8.757103e-04,3.451815e-02,1.315787e-02,1.630703e-02,6.687950e-04,8.784719e-03,6.661845e-02,2.388421e-01,2.680199e-01,4.561801e-02,8.650935e-02,1.628284e-01,5.427624e-02
3.162017e-03,9.757752e-04,1.690418e-03,3.935955e-02,2.282185e-02,1.319862e-02,8.725988e-04,2.192321e-02,6.090068e-02,2.476883e-01,2.485481e-01,4.128039e-02,1.133582e-01,1.450249e-01,3.919555e-02
7.582184e-03,9.163235e-04,1.711829e-03,3.531800e-02,1.682904e-01,9.539684e-03,2.409557e-03,3.188553e-02,1.090459e-01,1.865724e-01,1.919339e-01,3.626595e-02,8.825747e-02,1.020163e-01,2.825447e-02
8.124363e-03,8.172123e-04,3.617127e-03,1.298284e-01,2.126672e-01,7.243102e-03,2.114765e-03,6.057166e-02,1.280012e-01,1.323008e-01,1.352412e-01,2.558532e-02,6.245007e-02,7.157212e-02,1.986549e-02
1.039543e-02,9.071718e-04,4.700312e-03,1.691333e-01,3.091865e-01,5.529589e-03,3.050796e-03,7.264432e-02,1.069165e-01,9.362339e-02,9.677595e-02,1.839283e-02,4.455764e-02,5.017503e-02,1.401125e-02
1.098252e-02,9.083423e-04,5.966899e-03,1.609424e-01,3.447465e-01,4.227967e-03,6.012555e-03,1.666074e-01,7.595125e-02,6.567573e-02,6.841823e-02,1.314397e-02,3.144803e-02,3.513823e-02,9.830041e-03
2.093371e-02,1.381665e-03,7.128588e-03,1.520112e-01,4.201946e-01,3.284594e-03,6.809188e-03,1.729665e-01,5.646057e-02,4.651659e-02,4.902022e-02,9.501237e-03,2.215835e-02,2.465150e-02,6.981534e-03
3.181831e-02,2.168830e-03,2.152083e-02,1.676741e-01,4.079735e-01,3.024183e-03,1.102945e-02,1.995714e-01,4.250913e-02,3.274018e-02,3.501038e-02,6.953226e-03,1.570350e-02,1.728673e-02,5.016250e-03
4.334989e-02,3.087660e-03,6.058832e-02,1.907656e-01,4.017199e-01,2.802158e-03,8.802982e-03,1.751245e-01,3.182253e-02,2.312373e-02,2.643743e-02,5.276076e-03,1.122265e-02,1.218447e-02,3.692200e-03
7.275277e-02,4.686483e-03,7.021873e-02,1.732288e-01,4.160217e-01,2.932628e-03,8.831119e-03,1.615013e-01,2.642306e-02,1.683735e-02,2.169417e-02,4.820870e-03,8.199487e-03,8.711515e-03,3.140052e-03
1.337100e-01,1.337581e-02,9.873585e-02,1.335739e-01,4.050507e-01,8.606125e-03,9.287237e-03,1.253146e-01,2.184748e-02,1.362082e-02,1.716142e-02,4.017810e-03,6.083840e-03,6.292678e-03,3.321851e-03
1.352409e-01,2.517910e-02,7.999606e-02,1.916638e-01,3.701737e-01,1.676092e-02,1.740813e-02,1.046987e-01,1.803823e-02,1.011514e-02,1.402821e-02,3.713825e-03,4.970377e-03,4.550824e-03,3.462166e-03
1.274681e-01,2.253010e-02,6.067160e-02,1.625678e-01,3.451499e-01,1.570118e-02,1.628716e-02,2.025034e-01,1.406889e-02,7.493584e-03,1.064404e-02,4.168853e-03,4.356350e-03,3.401384e-03,2.987729e-03
1.105624e-01,1.878034e-02,4.694560e-02,1.162060e-01,2.586203e-01,1.463999e-02,1.321605e-02,3.851955e-01,1.048383e-02,5.441995e-03,7.792453e-03,3.638427e-03,3.494590e-03,2.491560e-03,2.491153e-03
8.980595e-02,1.579696e-02,3.535431e-02,8.419779e-02,1.924939e-01,1.550732e-02,1.595231e-02,5.232505e-01,7.689950e-03,4.022482e-03,5.738571e-03,3.189486e-03,2.888013e-03,1.818617e-03,2.293979e-03
8.731378e-02,2.017614e-02,3.329429e-02,6.821337e-02,1.496698e-01,1.755316e-02,2.950813e-02,5.657966e-01,6.402281e-03,3.803507e-03,5.362067e-03,3.982933e-03,3.334132e-03,1.488701e-03,4.101229e-03
1.029321e-01,2.640960e-02,2.977975e-02,5.648483e-02,1.201814e-01,2.123450e-02,3.737186e-02,5.623640e-01,6.119873e-03,3.988693e-03,7.274108e-03,8.280525e-03,7.049545e-03,1.830576e-03,8.698763e-03
1.221891e-01,3.496511e-02,2.553814e-02,6.945306e-02,8.752023e-02,3.798754e-02,2.834674e-02,4.046894e-01,1.660309e-02,2.114641e-02,1.393249e-02,3.165651e-02,6.283764e-02,2.786978e-03,4.034774e-02
1.542291e-01,3.470916e-02,2.082700e-02,7.377792e-02,6.377228e-02,5.343221e-02,2.137556e-02,2.896971e-01,1.764711e-02,1.840265e-02,1.436652e-02,2.572598e-02,1.735372e-01,2.317742e-03,3.618255e-02
1.341581e-01,6.579594e-02,1.769273e-02,9.717947e-02,5.508374e-02,6.254546e-02,2.273862e-02,2.044737e-01,7.258846e-02,2.057324e-02,1.348777e-02,2.486756e-02,1.622092e-01,3.972662e-03,4.263350e-02
1.567107e-01,6.133100e-02,2.007204e-02,1.094715e-01,4.770608e-02,5.854558e-02,2.041280e-02,1.458611e-01,7.231176e-02,1.847555e-02,1.928273e-02,2.542155e-02,1.885808e-01,7.201028e-03,4.861575e-02
1.942984e-01,5.195680e-02,1.479277e-02,9.535275e-02,3.638101e-02,5.345941e-02,1.547852e-02,1.031458e-01,6.043865e-02,1.482894e-02,1.977264e-02,3.002986e-02,2.490051e-01,7.845733e-03,5.321359e-02
2.856542e-01,4.262722e-02,1.334762e-02,8.013612e-02,2.817033e-02,4.316681e-02,1.272832e-02,7.342741e-02,5.065442e-02,1.091165e-02,1.585242e-02,3.524912e-02,2.615990e-01,6.852102e-03,3.962327e-02
2.875332e-01,3.190881e-02,9.779910e-03,5.773254e-02,2.035363e-02,4.269132e-02,1.007686e-02,5.288982e-02,3.944749e-02,8.041758e-03,1.419647e-02,5.619954e-02,3.301319e-01,6.469103e-03,3.254773e-02
2.755294e-01,2.614778e-02,7.142129e-03,4.258909e-02,1.522570e-02,3.909711e-02,7.759559e-03,3.917486e-02,3.763186e-02,6.166221e-03,1.192196e-02,6.519267e-02,3.920672e-01,5.526488e-03,2.882803e-02
2.346847e-01,2.749716e-02,9.210980e-03,3.983369e-02,1.237492e-02,3.646564e-02,6.845718e-03,3.291549e-02,4.657910e-02,5.589939e-03,1.205439e-02,6.827075e-02,4.350405e-01,5.710729e-03,2.692641e-02
2.279723e-01,2.826448e-02,6.810780e-03,3.141703e-02,1.145794e-02,3.520641e-02,5.449386e-03,2.462322e-02,6.498908e-02,4.153855e-03,1.109503e-02,6.709967e-02,4.571589e-01,4.548179e-03,1.975367e-02
2.350196e-01,2.733491e-02,4.988725e-03,2.856853e-02,1.334215e-02,4.022653e-02,4.341702e-03,1.804297e-02,1.626157e-01,3.708882e-03,9.076647e-03,5.551417e-02,3.785599e-01,3.270265e-03,1.538935e-02
1.810823e-01,6.863196e-02,3.826985e-03,3.114931e-02,1.038615e-02,3.467017e-02,3.124083e-03,1.285442e-02,3.085207e-01,3.316477e-03,8.772927e-03,4.092554e-02,2.776056e-01,2.396552e-03,1.273675e-02
1.368148e-01,8.863740e-02,3.528927e-03,6.306355e-02,9.574991e-03,2.856651e-02,2.295692e-03,9.475192e-03,3.821871e-01,5.206267e-03,1.146853e-02,3.208145e-02,2.021296e-01,2.031321e-03,2.293861e-02
1.333090e-01,7.931425e-02,5.037428e-03,9.320951e-02,1.427612e-02,3.293804e-02,2.122829e-03,7.977045e-03,3.966442e-01,6.520668e-03,1.332587e-02,2.489319e-02,1.655506e-01,2.253979e-03,2.262727e-02
1.235388e-01,7.708115e-02,5.726865e-03,8.771319e-02,1.190618e-02,3.115295e-02,1.759151e-03,6.759456e-03,4.328812e-01,1.108710e-02,1.566693e-02,1.983128e-02,1.347059e-01,2.609786e-03,3.758003e-02
1.646540e-01,6.630179e-02,1.727342e-02,7.825536e-02,2.023203e-02,2.916959e-02,2.409996e-03,1.267075e-02,3.555197e-01,1.856632e-02,2.004853e-02,2.004884e-02,1.287555e-01,4.835749e-03,6.125853e-02
1.370589e-01,7.265865e-02,7.590213e-02,1.168807e-01,6.646334e-02,3.094511e-02,1.039199e-02,1.261295e-02,2.752762e-01,1.615904e-02,1.766225e-02,1.496567e-02,9.311190e-02,4.962704e-03,5.494852e-02
1.424115e-01,8.268391e-02,8.381643e-02,1.129424e-01,8.152694e-02,3.739061e-02,1.198877e-02,1.328000e-02,2.441201e-01,1.798997e-02,1.479957e-02,1.123641e-02,7.272728e-02,4.674646e-03,6.841140e-02
1.590824e-01,8.451854e-02,8.769373e-02,1.353096e-01,9.683266e-02,4.365788e-02,1.429623e-02,2.154480e-02,2.125224e-01,1.470708e-02,1.175935e-02,8.346386e-03,5.291384e-02,4.079421e-03,5.273564e-02
1.399112e-01,7.353806e-02,7.400726e-02,1.223771e-01,9.601215e-02,4.149187e-02,1.298512e-02,8.831175e-02,2.352568e-01,1.411185e-02,9.152913e-03,6.112562e-03,3.872976e-02,3.579019e-03,4.442253e-02
1.079542e-01,8.237171e-02,1.012093e-01,1.882480e-01,7.439233e-02,3.324220e-02,9.793411e-03,7.163330e-02,2.042199e-01,2.449007e-02,8.015748e-03,4.570846e-03,2.742371e-02,3.440194e-03,5.899508e-02
8.567398e-02,6.177269e-02,1.303743e-01,1.659799e-01,5.545290e-02,2.428881e-02,7.071980e-03,1.804803e-01,1.820863e-01,2.321743e-02,9.295395e-03,3.651609e-03,1.974042e-02,2.764646e-03,4.814919e-02
6.973325e-02,4.583399e-02,1.065539e-01,1.315186e-01,4.322268e-02,1.747706e-02,5.567064e-03,3.557330e-01,1.413245e-01,1.718005e-02,8.782201e-03,2.804708e-03,1.425237e-02,2.585009e-03,3.743166e-02
1.129224e-01,4.479931e-02,9.154828e-02,9.658112e-02,5.694599e-02,1.449654e-02,5.512874e-03,3.909608e-01,1.136183e-01,1.269112e-02,9.246055e-03,2.758125e-03,1.124157e-02,3.068355e-03,3.360905e-02
1.176444e-01,4.142912e-02,7.329649e-02,7.063762e-02,5.024181e-02,1.183347e-02,4.843386e-03,4.756246e-01,9.085069e-02,9.637780e-03,9.021756e-03,3.926543e-03,9.219288e-03,4.161539e-03,2.763145e-02
1.549555e-01,3.947363e-02,5.687791e-02,5.968467e-02,4.360451e-02,9.851589e-03,4.152740e-03,4.619072e-01,9.309518e-02,9.262525e-03,1.226519e-02,7.429291e-03,1.312181e-02,4.155660e-03,3.016254e-02
2.050022e-01,3.554750e-02,4.218724e-02,4.968113e-02,3.660015e-02,1.196574e-02,5.769815e-03,4.070709e-01,9.238149e-02,9.230069e-03,1.620303e-02,1.425449e-02,4.462582e-02,4.578429e-03,2.490200e-02
2.299272e-01,3.151224e-02,3.337427e-02,5.417495e-02,3.286197e-02,1.400704e-02,8.221036e-03,3.333553e-01,1.025678e-01,1.508650e-02,2.109439e-02,2.319388e-02,6.641802e-02,6.081555e-03,2.812385e-02
3.103694e-01,3.208477e-02,2.808088e-02,5.062323e-02,2.681103e-02,1.593280e-02,8.257914e-03,2.580397e-01,9.035733e-02,1.383427e-02,1.935080e-02,2.971644e-02,7.741293e-02,6.222724e-03,3.290572e-02
3.662575e-01,3.063009e-02,2.282445e-02,4.253425e-02,2.629009e-02,1.721986e-02,8.220746e-03,2.131055e-01,7.763286e-02,1.127345e-02,1.842998e-02,2.898672e-02,9.930447e-02,5.860220e-03,3.142975e-02
3.688896e-01,2.942708e-02,1.810304e-02,3.458278e-02,2.525080e-02,1.794439e-02,7.556097e-03,1.550968e-01,6.497955e-02,1.059184e-02,1.699407e-02,3.979588e-02,1.752509e-01,7.897394e-03,2.763972e-02
3.597003e-01,3.140359e-02,1.538864e-02,3.395183e-02,2.252507e-02,2.130361e-02,7.116444e-03,1.131909e-01,6.004940e-02,1.156642e-02,1.413829e-02,4.355858e-02,2.306003e-01,7.831803e-03,2.767484e-02
3.536542e-01,3.269167e-02,1.161573e-02,2.810130e-02,2.135389e-02,4.264195e-02,6.949096e-03,8.531084e-02,7.262075e-02,9.705910e-03,1.097663e-02,3.958342e-02,2.545174e-01,6.668153e-03,2.360899e-02
3.255684e-01,3.202022e-02,9.659325e-03,2.142854e-02,1.721721e-02,4.376340e-02,5.628260e-03,6.885824e-02,7.451030e-02,7.701291e-03,8.824335e-03,3.142492e-02,3.277165e-01,5.823303e-03,1.985578e-02
2.917523e-01,3.019731e-02,8.814450e-03,1.790902e-02,2.390731e-02,4.227074e-02,6.712075e-03,5.940210e-02,7.251747e-02,5.836972e-03,6.670491e-03,2.692638e-02,3.860834e-01,4.825582e-03,1.617436e-02
2.517539e-01,2.555962e-02,7.422416e-03,1.421185e-02,3.261606e-02,4.999277e-02,8.334787e-03,4.514068e-02,6.827722e-02,4.343791e-03,5.033709e-03,2.039312e-02,4.505103e-01,3.884428e-03,1.252535e-02
2.664751e-01,3.316276e-02,1.435547e-02,3.138950e-02,2.756513e-02,6.155238e-02,6.661047e-03,3.448651e-02,6.702420e-02,4.141168e-03,4.781479e-03,1.939810e-02,4.045551e-01,3.145258e-03,2.130687e-02
3.315672e-01,3.150160e-02,1.061368e-02,2.445406e-02,2.231839e-02,9.760191e-02,5.263889e-03,2.933720e-02,5.899820e-02,3.167941e-03,3.728074e-03,1.516412e-02,3.430478e-01,2.599188e-03,2.063683e-02
3.512485e-01,2.738588e-02,9.350461e-03,3.033042e-02,1.889294e-02,1.182947e-01,4.285819e-03,5.382521e-02,5.170198e-02,2.592552e-03,3.090951e-03,1.190686e-02,2.970368e-01,2.029739e-03,1.802715e-02
3.800791e-01,2.211950e-02,7.024335e-03,2.524013e-02,1.720840e-02,1.113019e-01,3.649113e-03,1.291446e-01,5.009184e-02,1.849184e-03,2.416783e-03,8.893592e-03,2.258139e-01,1.583400e-03,1.358421e-02
2.804778e-01,1.578425e-02,5.321758e-03,1.836214e-02,1.272185e-02,8.781977e-02,2.727252e-03,3.591914e-01,3.646714e-02,1.337409e-03,1.874659e-03,6.389331e-03,1.605019e-01,1.133303e-03,9.890134e-03
2.003948e-01,1.114036e-02,3.839905e-03,1.317573e-02,9.470775e-03,6.246861e-02,2.121698e-03,5.442882e-01,2.582423e-02,9.530265e-04,1.411505e-03,4.538987e-03,1.126078e-01,7.976837e-04,6.966745e-03
1.478411e-01,8.198089e-03,3.305945e-03,9.938370e-03,7.548196e-03,4.417089e-02,1.680240e-03,6.674775e-01,1.829873e-02,8.147203e-04,1.637829e-03,3.467547e-03,7.936355e-02,6.033369e-04,5.653943e-03
1.048696e-01,5.899119e-03,3.011792e-03,7.772759e-03,5.598353e-03,3.157451e-02,1.219869e-03,6.402515e-01,1.305532e-02,1.433890e-03,8.667871e-02,1.982516e-02,7.144970e-02,1.723926e-03,5.635833e-03
7.446973e-02,4.829164e-03,4.367591e-03,9.682927e-03,4.543477e-03,2.328919e-02,1.192638e-03,5.746763e-01,1.134044e-02,2.782910e-03,1.069696e-01,1.016666e-01,6.082536e-02,5.457202e-03,1.390684e-02
5.417052e-02,4.112361e-03,4.935227e-03,1.134207e-02,3.831120e-03,1.962505e-02,1.424972e-03,4.297316e-01,1.238165e-02,8.226826e-03,2.150227e-01,1.199599e-01,6.758053e-02,3.289774e-02,1.475775e-02
3.920266e-02,3.279716e-03,4.612124e-03,1.013472e-02,3.094187e-02,1.431332e-02,1.095817e-03,3.058833e-01,1.415463e-02,8.699680e-03,3.098336e-01,9.285919e-02,1.034359e-01,4.754645e-02,1.400703e-02
2.823801e-02,2.510525e-03,3.608304e-03,7.651214e-03,1.081787e-01,1.034068e-02,8.428166e-04,2.166790e-01,2.103536e-02,9.316577e-03,3.284799e-01,6.887885e-02,1.040242e-01,7.763055e-02,1.258530e-02
2.189269e-02,6.172547e-03,6.286788e-03,3.164720e-02,8.919368e-02,1.003519e-02,7.362211e-04,1.530403e-01,8.751930e-02,8.952210e-03,2.919460e-01,5.245095e-02,7.933389e-02,1.372895e-01,2.350352e-02
2.086397e-02,6.658825e-03,8.141549e-03,2.705340e-02,7.387324e-02,1.049873e-02,1.263192e-03,1.081112e-01,9.120560e-02,8.948774e-03,2.218553e-01,3.908626e-02,5.927795e-02,3.030637e-01,2.009831e-02
2.538948e-02,8.828229e-03,1.375410e-02,2.224644e-02,5.214503e-02,2.078971e-02,1.142566e-03,7.624938e-02,9.099982e-02,8.668994e-03,1.728414e-01,2.866125e-02,4.475000e-02,4.167287e-01,1.680483e-02
2.203468e-02,9.207940e-03,1.374739e-02,1.802598e-02,3.681832e-02,1.985697e-02,9.226790e-04,5.385148e-02,1.368528e-01,7.480007e-03,1.263567e-01,2.025877e-02,3.244150e-02,4.885707e-01,1.357414e-02
1.909399e-02,9.226112e-03,1.229721e-02,1.504483e-02,2.673452e-02,2.112353e-02,7.071846e-04,3.783735e-02,1.583692e-01,6.648996e-03,9.811671e-02,1.438079e-02,2.401937e-02,5.253614e-01,3.103881e-02
1.603287e-02,7.448225e-03,9.130863e-03,1.179777e-02,1.915609e-02,1.866464e-02,5.350428e-04,2.656085e-02,3.294162e-01,4.937790e-03,7.437928e-02,1.034499e-02,1.813447e-02,4.271412e-01,2.631984e-02
1.668808e-02,6.032722e-03,6.723247e-03,8.859267e-03,1.369092e-02,1.437321e-02,3.997854e-04,1.869808e-02,4.006473e-01,3.741700e-03,5.797679e-02,7.327441e-03,1.384398e-02,4.106497e-01,2.034783e-02
1.232126e-02,4.694790e-03,4.856843e-03,6.859818e-03,9.963099e-03,1.107833e-02,2.911917e-04,1.347517e-02,4.812298e-01,2.773222e-03,4.272531e-02,5.191300e-03,1.032882e-02,3.793096e-01,1.490142e-02
1.003410e-02,4.545158e-03,6.920115e-03,6.708516e-03,9.622611e-03,1.340215e-02,3.071664e-04,1.637375e-02,5.034199e-01,2.980148e-03,3.298610e-02,3.779290e-03,8.415734e-03,3.675513e-01,1.295403e-02
1.023334e-02,4.591392e-03,1.293791e-02,9.284349e-03,2.587938e-02,1.107267e-02,4.571534e-04,3.738846e-02,5.225303e-01,2.573196e-03,2.484267e-02,2.760608e-03,6.443149e-03,3.189497e-01,1.005575e-02
8.717010e-03,4.414512e-03,1.725763e-02,1.431590e-02,3.030685e-02,8.635604e-03,3.804998e-04,4.119548e-02,5.949775e-01,2.402933e-03,1.848843e-02,2.098632e-03,5.074007e-03,2.438849e-01,7.850097e-03
1.324648e-02,4.337248e-03,1.914992e-02,1.202061e-02,3.249294e-02,7.057345e-03,2.927116e-04,3.474804e-02,6.324695e-01,3.404042e-03,1.424991e-02,1.505148e-03,3.783260e-03,2.122712e-01,8.971648e-03
2.872268e-02,5.854983e-03,1.715269e-02,1.165372e-02,6.984493e-02,6.829061e-03,2.459913e-04,2.798849e-02,6.089669e-01,3.833907e-03,1.121716e-02,1.118728e-03,2.826909e-03,1.860888e-01,1.765507e-02
3.475644e-02,5.844037e-03,3.376714e-02,1.929534e-02,1.318800e-01,5.988311e-03,2.901456e-04,4.311941e-02,5.466872e-01,3.239732e-03,9.044682e-03,1.048885e-03,2.394653e-03,1.440894e-01,1.855465e-02
4.971390e-02,5.006518e-03,4.127527e-02,2.312895e-02,1.666850e-01,5.859201e-03,3.249405e-04,5.126884e-02,5.061344e-01,3.050509e-03,7.271573e-03,8.379050e-04,1.852839e-03,1.169269e-01,2.066326e-02
4.483245e-02,7.266655e-03,5.018010e-02,1.573005e-01,1.742883e-01,4.559704e-03,3.043691e-04,3.838488e-02,4.138056e-01,2.383830e-03,5.320819e-03,7.912979e-04,1.527951e-03,8.236533e-02,1.668824e-02
5.535152e-02,7.613471e-03,5.371973e-02,1.337356e-01,1.834655e-01,4.443087e-03,2.662534e-04,3.633295e-02,4.335795e-01,1.959967e-03,4.236969e-03,7.541862e-04,1.226161e-03,6.474315e-02,1.857197e-02
8.207551e-02,8.814996e-03,5.714915e-02,9.786677e-02,2.461157e-01,5.208642e-03,5.042889e-04,3.806735e-02,3.703198e-01,4.170708e-03,3.529384e-03,1.011636e-03,1.204124e-03,6.717463e-02,1.678734e-02
8.597999e-02,9.391815e-03,4.152864e-02,7.089094e-02,3.377741e-01,5.030381e-03,8.744538e-04,2.787677e-02,3.263013e-01,4.554760e-03,2.819841e-03,1.007160e-03,1.311216e-03,6.253976e-02,2.211886e-02
7.206666e-02,1.076085e-02,3.003095e-02,6.096268e-02,4.817058e-01,4.510537e-03,1.654095e-03,2.316359e-02,2.454363e-01,3.800255e-03,2.148266e-03,1.043536e-03,1.311542e-03,4.476493e-02,1.664000e-02
8.547488e-02,1.397483e-02,2.341372e-02,7.457100e-02,4.795716e-01,7.930931e-03,2.568564e-03,1.901984e-02,2.368082e-01,3.341398e-03,2.066610e-03,1.508788e-03,1.322071e-03,3.335700e-02,1.507055e-02
1.022763e-01,1.518724e-02,1.933412e-02,8.294640e-02,4.670427e-01,7.717713e-03,2.050519e-03,1.663121e-02,2.367505e-01,3.532841e-03,2.985390e-03,2.334693e-03,1.504086e-03,2.564271e-02,1.406370e-02
