1.000000e+00,0.000000e+00,0.000000e+00,0.000000e+00,0.000000e+00,0.000000e+00,0.000000e+00,0.000000e+00,0.000000e+00,0.000000e+00,0.000000e+00,0.000000e+00,0.000000e+00,0.000000e+00,0.000000e+00
1.000000e+00,0.000000e+00,0.000000e+00,0.000000e+00,0.000000e+00,0.000000e+00,0.000000e+00,0.000000e+00,0.000000e+00,0.000000e+00,0.000000e+00,0.000000e+00,0.000000e+00,0.000000e+00,0.000000e+00
1.000000e+00,0.000000e+00,0.000000e+00,0.000000e+00,0.000000e+00,0.000000e+00,0.000000e+00,0.000000e+00,0.000000e+00,0.000000e+00,0.000000e+00,0.000000e+00,0.000000e+00,0.000000e+00,0.000000e+00
1.000000e+00,0.000000e+00,0.000000e+00,0.000000e+00,0.000000e+00,0.000000e+00,0.000000e+00,0.000000e+00,0.000000e+00,0.000000e+00,0.000000e+00,0.000000e+00,0.000000e+00,0.000000e+00,0.000000e+00
1.000000e+00,0.000000e+00,0.000000e+00,0.000000e+00,0.000000e+00,0.000000e+00,0.000000e+00,0.000000e+00,0.000000e+00,0.000000e+00,0.000000e+00,0.000000e+00,0.000000e+00,0.000000e+00,0.000000e+00
1.000000e+00,0.000000e+00,0.000000e+00,0.000000e+00,0.000000e+00,0.000000e+00,0.000000e+00,0.000000e+00,0.000000e+00,0.000000e+00,0.000000e+00,0.000000e+00,0.000000e+00,0.000000e+00,0.000000e+00
1.000000e+00,0.000000e+00,0.000000e+00,0.000000e+00,0.000000e+00,0.000000e+00,0.000000e+00,0.000000e+00,0.000000e+00,0.000000e+00,0.000000e+00,0.000000e+00,0.000000e+00,0.000000e+00,0.000000e+00
1.000000e+00,0.000000e+00,0.000000e+00,0.000000e+00,0.000000e+00,0.000000e+00,0.000000e+00,0.000000e+00,0.000000e+00,0.000000e+00,0.000000e+00,0.000000e+00,0.000000e+00,0.000000e+00,0.000000e+00
1.000000e+00,0.000000e+00,0.000000e+00,0.000000e+00,0.000000e+00,0.000000e+00,0.000000e+00,0.000000e+00,0.000000e+00,0.000000e+00,0.000000e+00,0.000000e+00,0.000000e+00,0.000000e+00,0.000000e+00
1.000000e+00,0.000000e+00,0.000000e+00,0.000000e+00,0.000000e+00,0.000000e+00,0.000000e+00,0.000000e+00,0.000000e+00,0.000000e+00,0.000000e+00,0.000000e+00,0.000000e+00,0.000000e+00,0.000000e+00
1.000000e+00,0.000000e+00,0.000000e+00,0.000000e+00,0.000000e+00,0.000000e+00,0.000000e+00,0.000000e+00,0.000000e+00,0.000000e+00,0.000000e+00,0.000000e+00,0.000000e+00,0.000000e+00,0.000000e+00
1.000000e+00,0.000000e+00,0.000000e+00,0.000000e+00,0.000000e+00,0.000000e+00,0.000000e+00,0.000000e+00,0.000000e+00,0.000000e+00,0.000000e+00,0.000000e+00,0.000000e+00,0.000000e+00,0.000000e+00
1.000000e+00,0.000000e+00,0.000000e+00,0.000000e+00,0.000000e+00,0.000000e+00,0.000000e+00,0.000000e+00,0.000000e+00,0.000000e+00,0.000000e+00,0.000000e+00,0.000000e+00,0.000000e+00,0.000000e+00
1.000000e+00,0.000000e+00,0.000000e+00,0.000000e+00,0.000000e+00,0.000000e+00,0.000000e+00,0.000000e+00,0.000000e+00,0.000000e+00,0.000000e+00,0.000000e+00,0.000000e+00,0.000000e+00,0.000000e+00
1.000000e+00,0.000000e+00,0.000000e+00,0.000000e+00,0.000000e+00,0.000000e+00,0.000000e+00,0.000000e+00,0.000000e+00,0.000000e+00,0.000000e+00,0.000000e+00,0.000000e+00,0.000000e+00,0.000000e+00
1.000000e+00,0.000000e+00,0.000000e+00,0.000000e+00,0.000000e+00,0.000000e+00,0.000000e+00,0.000000e+00,0.000000e+00,0.000000e+00,0.000000e+00,0.000000e+00,0.000000e+00,0.000000e+00,0.000000e+00
1.000000e+00,0.000000e+00,0.000000e+00,0.000000e+00,0.000000e+00,0.000000e+00,0.000000e+00,0.000000e+00,0.000000e+00,0.000000e+00,0.000000e+00,0.000000e+00,0.000000e+00,0.000000e+00,0.000000e+00
1.000000e+00,0.000000e+00,0.000000e+00,0.000000e+00,0.000000e+00,0.000000e+00,0.000000e+00,0.000000e+00,0.000000e+00,0.000000e+00,0.000000e+00,0.000000e+00,0.000000e+00,0.000000e+00,0.000000e+00
1.000000e+00,0.000000e+00,0.000000e+00,0.000000e+00,0.000000e+00,0.000000e+00,0.000000e+00,0.000000e+00,0.000000e+00,0.000000e+00,0.000000e+00,0.000000e+00,0.000000e+00,0.000000e+00,0.000000e+00
1.000000e+00,0.000000e+00,0.000000e+00,0.000000e+00,0.000000e+00,0.000000e+00,0.000000e+00,0.000000e+00,0.000000e+00,0.000000e+00,0.000000e+00,0.000000e+00,0.000000e+00,0.000000e+00,0.000000e+00
1.000000e+00,0.000000e+00,0.000000e+00,0.000000e+00,0.000000e+00,0.000000e+00,0.000000e+00,0.000000e+00,0.000000e+00,0.000000e+00,0.000000e+00,0.000000e+00,0.000000e+00,0.000000e+00,0.000000e+00
1.000000e+00,0.000000e+00,0.000000e+00,0.000000e+00,0.000000e+00,0.000000e+00,0.000000e+00,0.000000e+00,0.000000e+00,0.000000e+00,0.000000e+00,0.000000e+00,0.000000e+00,0.000000e+00,0.000000e+00
1.000000e+00,0.000000e+00,0.000000e+00,0.000000e+00,0.000000e+00,0.000000e+00,0.000000e+00,0.000000e+00,0.000000e+00,0.000000e+00,0.000000e+00,0.000000e+00,0.000000e+00,0.000000e+00,0.000000e+00
1.000000e+00,0.000000e+00,0.000000e+00,0.000000e+00,0.000000e+00,0.000000e+00,0.000000e+00,0.000000e+00,0.000000e+00,0.000000e+00,0.000000e+00,0.000000e+00,0.000000e+00,0.000000e+00,0.000000e+00
1.000000e+00,0.000000e+00,0.000000e+00,0.000000e+00,0.000000e+00,0.000000e+00,0.000000e+00,0.000000e+00,0.000000e+00,0.000000e+00,0.000000e+00,0.000000e+00,0.000000e+00,0.000000e+00,0.000000e+00
1.000000e+00,0.000000e+00,0.000000e+00,0.000000e+00,0.000000e+00,0.000000e+00,0.000000e+00,0.000000e+00,0.000000e+00,0.000000e+00,0.000000e+00,0.000000e+00,0.000000e+00,0.000000e+00,0.000000e+00
1.000000e+00,0.000000e+00,0.000000e+00,0.000000e+00,0.000000e+00,0.000000e+00,0.000000e+00,0.000000e+00,0.000000e+00,0.000000e+00,0.000000e+00,0.000000e+00,0.000000e+00,0.000000e+00,0.000000e+00
1.000000e+00,0.000000e+00,0.000000e+00,0.000000e+00,0.000000e+00,0.000000e+00,0.000000e+00,0.000000e+00,0.000000e+00,0.000000e+00,0.000000e+00,0.000000e+00,0.000000e+00,0.000000e+00,0.000000e+00
1.000000e+00,0.000000e+00,0.000000e+00,0.000000e+00,0.000000e+00,0.000000e+00,0.000000e+00,0.000000e+00,0.000000e+00,0.000000e+00,0.000000e+00,0.000000e+00,0.000000e+00,0.000000e+00,0.000000e+00
1.000000e+00,0.000000e+00,0.000000e+00,0.000000e+00,0.000000e+00,0.000000e+00,0.000000e+00,0.000000e+00,0.000000e+00,0.000000e+00,0.000000e+00,0.000000e+00,0.000000e+00,0.000000e+00,0.000000e+00
1.000000e+00,0.000000e+00,0.000000e+00,0.000000e+00,0.000000e+00,0.000000e+00,0.000000e+00,0.000000e+00,0.000000e+00,0.000000e+00,0.000000e+00,0.000000e+00,0.000000e+00,0.000000e+00,0.000000e+00
1.000000e+00,0.000000e+00,0.000000e+00,0.000000e+00,0.000000e+00,0.000000e+00,0.000000e+00,0.000000e+00,0.000000e+00,0.000000e+00,0.000000e+00,0.000000e+00,0.000000e+00,0.000000e+00,0.000000e+00
1.000000e+00,0.000000e+00,0.000000e+00,0.000000e+00,0.000000e+00,0.000000e+00,0.000000e+00,0.000000e+00,0.000000e+00,0.000000e+00,0.000000e+00,0.000000e+00,0.000000e+00,0.000000e+00,0.000000e+00
1.000000e+00,0.000000e+00,0.000000e+00,0.000000e+00,0.000000e+00,0.000000e+00,0.000000e+00,0.000000e+00,0.000000e+00,0.000000e+00,0.000000e+00,0.000000e+00,0.000000e+00,0.000000e+00,0.000000e+00
1.000000e+00,0.000000e+00,0.000000e+00,0.000000e+00,0.000000e+00,0.000000e+00,0.000000e+00,0.000000e+00,0.000000e+00,0.000000e+00,0.000000e+00,0.000000e+00,0.000000e+00,0.000000e+00,0.000000e+00
1.000000e+00,0.000000e+00,0.000000e+00,0.000000e+00,0.000000e+00,0.000000e+00,0.000000e+00,0.000000e+00,0.000000e+00,0.000000e+00,0.000000e+00,0.000000e+00,0.000000e+00,0.000000e+00,0.000000e+00
1.000000e+00,0.000000e+00,0.000000e+00,0.000000e+00,0.000000e+00,0.000000e+00,0.000000e+00,0.000000e+00,0.000000e+00,0.000000e+00,0.000000e+00,0.000000e+00,0.000000e+00,0.000000e+00,0.000000e+00
1.000000e+00,0.000000e+00,0.000000e+00,0.000000e+00,0.000000e+00,0.000000e+00,0.000000e+00,0.000000e+00,0.000000e+00,0.000000e+00,0.000000e+00,0.000000e+00,0.000000e+00,0.000000e+00,0.000000e+00
1.000000e+00,0.000000e+00,0.000000e+00,0.000000e+00,0.000000e+00,0.000000e+00,0.000000e+00,0.000000e+00,0.000000e+00,0.000000e+00,0.000000e+00,0.000000e+00,0.000000e+00,0.000000e+00,0.000000e+00
1.000000e+00,0.000000e+00,0.000000e+00,0.000000e+00,0.000000e+00,0.000000e+00,0.000000e+00,0.000000e+00,0.000000e+00,0.000000e+00,0.000000e+00,0.000000e+00,0.000000e+00,0.000000e+00,0.000000e+00
1.000000e+00,0.000000e+00,0.000000e+00,0.000000e+00,0.000000e+00,0.000000e+00,0.000000e+00,0.000000e+00,0.000000e+00,0.000000e+00,0.000000e+00,0.000000e+00,0.000000e+00,0.000000e+00,0.000000e+00
1.000000e+00,0.000000e+00,0.000000e+00,0.000000e+00,0.000000e+00,0.000000e+00,0.000000e+00,0.000000e+00,0.000000e+00,0.000000e+00,0.000000e+00,0.000000e+00,0.000000e+00,0.000000e+00,0.000000e+00
4.326549e-01,4.192465e-02,1.125266e-01,2.295798e-01,1.353348e-02,1.378998e-02,4.228697e-03,1.798294e-02,1.446345e-02,2.951534e-03,2.414643e-02,2.245708e-02,1.499257e-02,8.189987e-03,4.657796e-02
1.000000e+00,0.000000e+00,0.000000e+00,0.000000e+00,0.000000e+00,0.000000e+00,0.000000e+00,0.000000e+00,0.000000e+00,0.000000e+00,0.000000e+00,0.000000e+00,0.000000e+00,0.000000e+00,0.000000e+00
1.000000e+00,0.000000e+00,0.000000e+00,0.000000e+00,0.000000e+00,0.000000e+00,0.000000e+00,0.000000e+00,0.000000e+00,0.000000e+00,0.000000e+00,0.000000e+00,0.000000e+00,0.000000e+00,0.000000e+00
1.000000e+00,0.000000e+00,0.000000e+00,0.000000e+00,0.000000e+00,0.000000e+00,0.000000e+00,0.000000e+00,0.000000e+00,0.000000e+00,0.000000e+00,0.000000e+00,0.000000e+00,0.000000e+00,0.000000e+00
1.000000e+00,0.000000e+00,0.000000e+00,0.000000e+00,0.000000e+00,0.000000e+00,0.000000e+00,0.000000e+00,0.000000e+00,0.000000e+00,0.000000e+00,0.000000e+00,0.000000e+00,0.000000e+00,0.000000e+00
1.000000e+00,0.000000e+00,0.000000e+00,0.000000e+00,0.000000e+00,0.000000e+00,0.000000e+00,0.000000e+00,0.000000e+00,0.000000e+00,0.000000e+00,0.000000e+00,0.000000e+00,0.000000e+00,0.000000e+00
1.000000e+00,0.000000e+00,0.000000e+00,0.000000e+00,0.000000e+00,0.000000e+00,0.000000e+00,0.000000e+00,0.000000e+00,0.000000e+00,0.000000e+00,0.000000e+00,0.000000e+00,0.000000e+00,0.000000e+00
1.000000e+00,0.000000e+00,0.000000e+00,0.000000e+00,0.000000e+00,0.000000e+00,0.000000e+00,0.000000e+00,0.000000e+00,0.000000e+00,0.000000e+00,0.000000e+00,0.000000e+00,0.000000e+00,0.000000e+00
1.000000e+00,0.000000e+00,0.000000e+00,0.000000e+00,0.000000e+00,0.000000e+00,0.000000e+00,0.000000e+00,0.000000e+00,0.000000e+00,0.000000e+00,0.000000e+00,0.000000e+00,0.000000e+00,0.000000e+00
1.000000e+00,0.000000e+00,0.000000e+00,0.000000e+00,0.000000e+00,0.000000e+00,0.000000e+00,0.000000e+00,0.000000e+00,0.000000e+00,0.000000e+00,0.000000e+00,0.000000e+00,0.000000e+00,0.000000e+00
1.000000e+00,0.000000e+00,0.000000e+00,0.000000e+00,0.000000e+00,0.000000e+00,0.000000e+00,0.000000e+00,0.000000e+00,0.000000e+00,0.000000e+00,0.000000e+00,0.000000e+00,0.000000e+00,0.000000e+00
1.000000e+00,0.000000e+00,0.000000e+00,0.000000e+00,0.000000e+00,0.000000e+00,0.000000e+00,0.000000e+00,0.000000e+00,0.000000e+00,0.000000e+00,0.000000e+00,0.000000e+00,0.000000e+00,0.000000e+00
1.000000e+00,0.000000e+00,0.000000e+00,0.000000e+00,0.000000e+00,0.000000e+00,0.000000e+00,0.000000e+00,0.000000e+00,0.000000e+00,0.000000e+00,0.000000e+00,0.000000e+00,0.000000e+00,0.000000e+00
4.347059e-01,3.152600e-02,1.458456e-02,9.074721e-02,5.151371e-03,1.412171e-02,3.478307e-03,7.350807e-03,2.448229e-02,7.085311e-03,2.531506e-02,1.208339e-01,1.708202e-01,2.840146e-03,4.695717e-02
3.095537e-01,2.544283e-02,1.051917e-02,1.280311e-01,4.412855e-03,1.798348e-02,3.483063e-03,5.544436e-03,3.650589e-02,6.858965e-03,2.696703e-02,8.973322e-02,2.904405e-01,2.137847e-03,4.238583e-02
2.176154e-01,3.449536e-02,8.098009e-03,1.238237e-01,8.126362e-03,1.615211e-02,3.899876e-03,4.497001e-03,1.159458e-01,6.490163e-03,2.194223e-02,6.546953e-02,3.340319e-01,1.886439e-03,3.752617e-02
1.549555e-01,2.881725e-02,5.838336e-03,9.240568e-02,1.064565e-02,1.487720e-02,3.041639e-03,3.567116e-03,1.076938e-01,5.079201e-03,1.690609e-02,5.015259e-02,4.736371e-01,1.457035e-03,3.092578e-02
1.102431e-01,3.164834e-02,4.393096e-03,8.258313e-02,1.066028e-02,2.425644e-02,3.046028e-03,2.872073e-03,1.191940e-01,4.535954e-03,1.272016e-02,3.745004e-02,5.278735e-01,1.110955e-03,2.741286e-02
9.678835e-02,2.531809e-02,3.204304e-03,6.463164e-02,8.262176e-03,3.241834e-02,2.995699e-03,2.670769e-03,1.057032e-01,3.278170e-03,1.116385e-02,3.329335e-02,5.853821e-01,1.180475e-03,2.370934e-02
9.019525e-02,2.019185e-02,2.363122e-03,5.009069e-02,6.670678e-03,3.369249e-02,2.605596e-03,2.170351e-03,9.255110e-02,2.358984e-03,9.893837e-03,2.753471e-02,6.383010e-01,9.923824e-04,2.038794e-02
1.071455e-01,1.828301e-02,2.660140e-03,4.328236e-02,7.945010e-03,3.037697e-02,5.144632e-03,4.414055e-03,8.644521e-02,2.061441e-03,1.067387e-02,2.771669e-02,6.291931e-01,1.666846e-03,2.299119e-02
1.387135e-01,1.804950e-02,2.183641e-03,3.605768e-02,6.796219e-03,4.121910e-02,4.173042e-03,3.714509e-03,7.592223e-02,1.631500e-03,8.819361e-03,2.744276e-02,6.152780e-01,1.351848e-03,1.864712e-02
2.174526e-01,1.515088e-02,1.838388e-03,3.022747e-02,7.104948e-03,4.297460e-02,4.015508e-03,3.046317e-03,6.454975e-02,1.252323e-03,7.031587e-03,2.361795e-02,5.650850e-01,1.130140e-03,1.552249e-02
2.490774e-01,2.926216e-02,3.469161e-03,2.666070e-02,5.984443e-03,3.991630e-02,3.424995e-03,3.413911e-03,6.474736e-02,1.431612e-03,6.106084e-03,2.082078e-02,5.292401e-01,1.325578e-03,1.511942e-02
2.358207e-01,9.395391e-02,5.941673e-03,2.713402e-02,4.792153e-03,3.628232e-02,3.548539e-03,3.838201e-03,7.546304e-02,1.481923e-03,6.159464e-03,2.430701e-02,4.654609e-01,1.343864e-03,1.447225e-02
2.231663e-01,7.262317e-02,5.189500e-03,2.303109e-02,4.907286e-03,3.164500e-02,3.244108e-03,4.629516e-03,8.174039e-02,1.782177e-03,1.042202e-02,2.990440e-02,4.849571e-01,5.153644e-03,1.760425e-02
2.018241e-01,5.646826e-02,5.721363e-03,2.160330e-02,6.048423e-03,2.726988e-02,4.898139e-03,1.094410e-02,8.577193e-02,1.724333e-03,9.906214e-03,2.651891e-02,5.154775e-01,6.362315e-03,1.946125e-02
1.966133e-01,4.379442e-02,5.202918e-03,1.948303e-02,7.477729e-03,2.141402e-02,4.306053e-03,9.172037e-03,6.711273e-02,2.200412e-03,9.710050e-03,2.658888e-02,5.584295e-01,6.285129e-03,2.220980e-02
1.697070e-01,3.943170e-02,6.599797e-03,4.060780e-02,1.048264e-02,1.720805e-02,3.972976e-03,7.714599e-03,1.196736e-01,3.353967e-03,8.656511e-03,2.101423e-02,5.179836e-01,5.083095e-03,2.851053e-02
1.492176e-01,3.016706e-02,5.130292e-03,3.183315e-02,1.124485e-02,1.468358e-02,3.505739e-03,6.233974e-03,9.008825e-02,2.512201e-03,8.351417e-03,1.855484e-02,5.979306e-01,4.615542e-03,2.593095e-02
1.323690e-01,2.419529e-02,7.154543e-03,4.045985e-02,2.721051e-02,1.873695e-02,3.911118e-03,1.089535e-02,9.765930e-02,2.389708e-03,1.099554e-02,2.003012e-02,5.720578e-01,4.655981e-03,2.727894e-02
1.086498e-01,1.908142e-02,5.330384e-03,2.928664e-02,2.296903e-02,1.457293e-02,4.128566e-03,1.080311e-02,7.675882e-02,1.811622e-03,9.139754e-03,1.511926e-02,6.562594e-01,3.680701e-03,2.240850e-02
1.213647e-01,1.643943e-02,5.364811e-03,2.674606e-02,2.352181e-02,1.220337e-02,4.235763e-03,2.140534e-02,1.252925e-01,1.553840e-03,7.576462e-03,1.361007e-02,5.996543e-01,3.101216e-03,1.793040e-02
1.629013e-01,1.617145e-02,5.213329e-03,2.145164e-02,1.942787e-02,1.238107e-02,4.984166e-03,2.690434e-02,1.550896e-01,1.407237e-03,7.998451e-03,1.356773e-02,5.335145e-01,2.932466e-03,1.605489e-02
1.895756e-01,1.999468e-02,4.896278e-03,1.935886e-02,1.862547e-02,1.720693e-02,4.477719e-03,2.321066e-02,1.526150e-01,1.203790e-03,9.786452e-03,1.592896e-02,5.049307e-01,3.088729e-03,1.510014e-02
2.435444e-01,2.066964e-02,4.187711e-03,2.295105e-02,1.634347e-02,2.007701e-02,4.911586e-03,2.183797e-02,1.424700e-01,1.080505e-03,1.276998e-02,3.149065e-02,4.370537e-01,3.627542e-03,1.698485e-02
2.469149e-01,1.908342e-02,3.156023e-03,2.094076e-02,1.489827e-02,1.958867e-02,4.670757e-03,1.726701e-02,1.332518e-01,9.541172e-04,1.121473e-02,3.267904e-02,4.575061e-01,3.010476e-03,1.486395e-02
2.197686e-01,2.924051e-02,4.059563e-03,2.694181e-02,1.265604e-02,1.527569e-02,3.991887e-03,1.422212e-02,2.424924e-01,1.714300e-03,1.212572e-02,3.796735e-02,3.537176e-01,2.970129e-03,2.285629e-02
2.195730e-01,3.787972e-02,5.925735e-03,2.380923e-02,1.322903e-02,1.533885e-02,3.442827e-03,1.152619e-02,1.909249e-01,2.012266e-03,1.129416e-02,3.186347e-02,4.034679e-01,4.517066e-03,2.519565e-02
2.229324e-01,4.795552e-02,7.607978e-03,2.286766e-02,1.479842e-02,1.595502e-02,4.921643e-03,1.869004e-02,2.162324e-01,2.915835e-03,1.224067e-02,2.963629e-02,3.522613e-01,5.998021e-03,2.498668e-02
2.487118e-01,4.691111e-02,1.718379e-02,2.431337e-02,1.588850e-02,1.484654e-02,8.035569e-03,3.791082e-02,1.866159e-01,5.607961e-03,1.945687e-02,3.034142e-02,2.941325e-01,1.001015e-02,4.003379e-02
2.744004e-01,5.085514e-02,1.512262e-02,2.295357e-02,1.985692e-02,1.726916e-02,1.024264e-02,3.729431e-02,1.879264e-01,4.562288e-03,1.981990e-02,2.789256e-02,2.651188e-01,9.285385e-03,3.739998e-02
2.358118e-01,6.201344e-02,1.182208e-02,1.866189e-02,2.161303e-02,2.596963e-02,8.951903e-03,3.033155e-02,2.085131e-01,3.401501e-03,1.498742e-02,2.070718e-02,2.938673e-01,6.912254e-03,3.643598e-02
2.101424e-01,7.242025e-02,9.112771e-03,1.668100e-02,1.874676e-02,2.174627e-02,7.259603e-03,2.299055e-02,1.855148e-01,3.294137e-03,1.117857e-02,1.610009e-02,3.565936e-01,5.397500e-03,4.282163e-02
1.635497e-01,1.618785e-01,7.615784e-03,1.630602e-02,1.520074e-02,1.720198e-02,5.516005e-03,1.733832e-02,2.003172e-01,6.108425e-03,8.548736e-03,1.283755e-02,2.831819e-01,4.571177e-03,7.982799e-02
1.176212e-01,3.153727e-01,5.846892e-03,2.532730e-02,1.101614e-02,1.343222e-02,3.901336e-03,1.263117e-02,1.992426e-01,5.628835e-03,6.333721e-03,9.330211e-03,2.015440e-01,3.680646e-03,6.909110e-02
1.043735e-01,3.335958e-01,4.893136e-03,2.589265e-02,9.923758e-03,1.546286e-02,2.996908e-03,1.199530e-02,2.151362e-01,6.170254e-03,5.556434e-03,8.714153e-03,1.701476e-01,3.927850e-03,8.121361e-02
1.207746e-01,2.561141e-01,4.139158e-03,2.325207e-02,1.034077e-02,2.339754e-02,2.679897e-03,1.440989e-02,1.783800e-01,4.792369e-03,6.684199e-03,8.221230e-03,2.808883e-01,3.296576e-03,6.262919e-02
9.749157e-02,1.891558e-01,3.435503e-03,1.714037e-02,8.102020e-03,1.730270e-02,4.760744e-03,1.640877e-02,1.412028e-01,3.533086e-03,5.342804e-03,6.332083e-03,4.379269e-01,2.368117e-03,4.949677e-02
8.846110e-02,1.729603e-01,3.552903e-03,1.611166e-02,6.769760e-03,1.491111e-02,5.687056e-03,1.354989e-02,1.305515e-01,3.292479e-03,5.578495e-03,8.658337e-03,4.845331e-01,2.917092e-03,4.246526e-02
6.922451e-02,1.314430e-01,2.581478e-03,1.205756e-02,5.898503e-03,1.234811e-02,4.149890e-03,1.120671e-02,9.893034e-02,2.344982e-03,4.561949e-03,6.664385e-03,6.015978e-01,2.193904e-03,3.479685e-02
5.066860e-02,9.319217e-02,2.256920e-03,9.600408e-03,8.153423e-03,1.134201e-02,5.942469e-03,1.006074e-02,7.374694e-02,1.714320e-03,4.088292e-03,5.482758e-03,6.926749e-01,1.719942e-03,2.935617e-02
4.001403e-02,6.617730e-02,2.318598e-03,7.997384e-03,1.000834e-02,1.159886e-02,6.414094e-03,8.459922e-03,5.591860e-02,1.413433e-03,5.262534e-03,8.377194e-03,7.508253e-01,2.385061e-03,2.282936e-02
3.564607e-02,4.726623e-02,2.665552e-03,6.194429e-03,1.393667e-02,2.176163e-02,5.392829e-03,8.060634e-03,4.233864e-02,1.109999e-03,4.647652e-03,8.842317e-03,7.826753e-01,1.819473e-03,1.764253e-02
3.454588e-02,3.426178e-02,4.186804e-03,5.460629e-03,2.257986e-02,1.795263e-02,5.062637e-03,1.770586e-02,3.666364e-02,8.782476e-04,4.473908e-03,7.791188e-03,7.926022e-01,1.545058e-03,1.428962e-02
3.880770e-02,2.927718e-02,6.716707e-03,4.690248e-03,2.331095e-02,1.834648e-02,3.935299e-03,2.111996e-02,4.448006e-02,1.428197e-03,4.362196e-03,1.001215e-02,7.798529e-01,1.338746e-03,1.232122e-02
5.402216e-02,2.366921e-02,9.333705e-03,4.256126e-03,4.364552e-02,1.590783e-02,4.672818e-03,2.020531e-02,4.230388e-02,1.395600e-03,3.533001e-03,8.208366e-03,7.571164e-01,1.137254e-03,1.059280e-02
6.075646e-02,1.952441e-02,1.138863e-02,4.619845e-03,5.322696e-02,1.313140e-02,4.959318e-03,1.915751e-02,3.871981e-02,1.259303e-03,2.796241e-03,6.721440e-03,7.515571e-01,1.025643e-03,1.115585e-02
5.942091e-02,2.378923e-02,2.710022e-02,1.170305e-02,6.592655e-02,1.524675e-02,7.868130e-03,4.649496e-02,3.990462e-02,1.686602e-03,2.807833e-03,6.754531e-03,6.761865e-01,1.025637e-03,1.408440e-02
7.162847e-02,2.862380e-02,2.194121e-02,1.297464e-02,6.562178e-02,1.663893e-02,6.987392e-03,3.884872e-02,6.641141e-02,1.679210e-03,2.854482e-03,5.531942e-03,6.398672e-01,1.067595e-03,1.932324e-02
9.340753e-02,2.957127e-02,1.771501e-02,1.259313e-02,5.355361e-02,1.641276e-02,5.884748e-03,2.929820e-02,6.322224e-02,1.973358e-03,2.650344e-03,4.573504e-03,6.356623e-01,1.365217e-03,3.211679e-02
1.299858e-01,2.717621e-02,1.414839e-02,1.250701e-02,4.328028e-02,1.458746e-02,4.763024e-03,2.356235e-02,5.336781e-02,1.903340e-03,2.939115e-03,4.205058e-03,6.031330e-01,1.755165e-03,6.268604e-02
1.667619e-01,3.526852e-02,1.157979e-02,1.131795e-02,4.183786e-02,2.022618e-02,4.170980e-03,1.991365e-02,6.598989e-02,1.754826e-03,2.887253e-03,3.759289e-03,5.616354e-01,1.791378e-03,5.110522e-02
2.036175e-01,5.881010e-02,1.565419e-02,3.169071e-02,4.993638e-02,1.954071e-02,6.699674e-03,1.949937e-02,5.967653e-02,4.549665e-03,4.118065e-03,6.521171e-03,4.637911e-01,3.307095e-03,5.258787e-02
2.442377e-01,6.268668e-02,3.335854e-02,4.213620e-02,4.885445e-02,1.873578e-02,7.849403e-03,1.809898e-02,4.649292e-02,5.400515e-03,5.301107e-03,9.753896e-03,4.071684e-01,3.877498e-03,4.604793e-02
3.344929e-01,5.389985e-02,3.946517e-02,3.972125e-02,4.225382e-02,1.777233e-02,7.303725e-03,1.585622e-02,3.941884e-02,6.139764e-03,8.579507e-03,1.390020e-02,3.370730e-01,5.654509e-03,3.846899e-02
4.092478e-01,4.928090e-02,3.126530e-02,3.631271e-02,3.414895e-02,2.079081e-02,7.008703e-03,1.699142e-02,4.167050e-02,5.402134e-03,1.007736e-02,1.589692e-02,2.814818e-01,6.438738e-03,3.398596e-02
4.731606e-01,4.104417e-02,2.534750e-02,3.152888e-02,3.184255e-02,2.426975e-02,7.254770e-03,1.643216e-02,3.966397e-02,6.282746e-03,2.421552e-02,2.038392e-02,2.092104e-01,1.330283e-02,3.606020e-02
1.000000e+00,0.000000e+00,0.000000e+00,0.000000e+00,0.000000e+00,0.000000e+00,0.000000e+00,0.000000e+00,0.000000e+00,0.000000e+00,0.000000e+00,0.000000e+00,0.000000e+00,0.000000e+00,0.000000e+00
3.766967e-01,1.056756e-01,1.424471e-02,2.842988e-02,3.010974e-02,3.084423e-02,6.159040e-03,9.892444e-03,5.254886e-02,5.247821e-03,6.868698e-02,2.533595e-02,1.200249e-01,7.422489e-02,5.187822e-02
2.638281e-01,2.256117e-01,1.333262e-02,2.417214e-02,2.258624e-02,2.223897e-02,4.405444e-03,6.954672e-03,1.006447e-01,3.987996e-03,1.113797e-01,1.854624e-02,8.455558e-02,5.456272e-02,4.319315e-02
1.848308e-01,1.584686e-01,9.392510e-03,1.730182e-02,1.593642e-02,1.567856e-02,3.111878e-03,4.889116e-03,7.110938e-02,3.077377e-03,3.524705e-01,1.643194e-02,5.940932e-02,5.735073e-02,3.054103e-02
1.297002e-01,1.110755e-01,6.663979e-03,1.235911e-02,1.207414e-02,1.584370e-02,2.241099e-03,3.609278e-03,5.062469e-02,2.737628e-03,5.252212e-01,1.238617e-02,4.225658e-02,5.114127e-02,2.206541e-02
9.102253e-02,7.819200e-02,4.857523e-03,9.249541e-03,1.098682e-02,1.193743e-02,1.662699e-03,2.655732e-03,4.971636e-02,3.680945e-03,6.263448e-01,9.301046e-03,2.980655e-02,5.457971e-02,1.600630e-02
6.395061e-02,5.500296e-02,3.537402e-03,7.305582e-03,9.359775e-03,8.716642e-03,1.262524e-03,1.980854e-03,4.021688e-02,3.835879e-03,6.800514e-01,8.307479e-03,2.117613e-02,8.364934e-02,1.164650e-02
4.495861e-02,3.982728e-02,2.569859e-03,5.303863e-03,6.971109e-03,8.197958e-03,9.063972e-04,1.415095e-03,3.739250e-02,3.413463e-03,6.935715e-01,7.753043e-03,1.527862e-02,1.239667e-01,8.474011e-03
3.164113e-02,2.954803e-02,2.511076e-03,3.967310e-03,5.568602e-03,1.189449e-02,6.699683e-04,1.042443e-03,5.542206e-02,3.030079e-03,6.648332e-01,7.196858e-03,1.123523e-02,1.650783e-01,6.361221e-03
2.247168e-02,2.330227e-02,2.218138e-03,3.122360e-03,4.250671e-03,1.026084e-02,4.866145e-04,7.781527e-04,4.555728e-02,3.412631e-03,5.773060e-01,9.830555e-03,8.188616e-03,2.838182e-01,4.995970e-03
1.588128e-02,1.775629e-02,1.861458e-03,2.303952e-03,3.059060e-03,8.195162e-03,3.492155e-04,5.663596e-04,3.431828e-02,2.655710e-03,4.859735e-01,1.053121e-02,5.818410e-03,4.067996e-01,3.930507e-03
1.166413e-02,1.351533e-02,1.804668e-03,2.127065e-03,2.488493e-03,7.492014e-03,2.573953e-04,4.792904e-04,2.717046e-02,3.725728e-03,5.032468e-01,1.283438e-02,4.262831e-03,4.048780e-01,4.053505e-03
8.905055e-03,9.804329e-03,1.759233e-03,2.232507e-03,2.570926e-03,6.568548e-03,2.348327e-04,4.705473e-04,3.145278e-02,4.321634e-03,5.769306e-01,1.542925e-02,3.863885e-03,3.283253e-01,7.130485e-03
6.812032e-03,7.617817e-03,1.531124e-03,1.750980e-03,2.288648e-03,6.095822e-03,1.823347e-04,3.675596e-04,2.894222e-02,4.616014e-03,6.226996e-01,1.717362e-02,3.589314e-03,2.839231e-01,1.240984e-02
5.323771e-03,6.679391e-03,1.145550e-03,1.298830e-03,1.689937e-03,4.920390e-03,1.329473e-04,2.835388e-04,2.275872e-02,4.022157e-03,6.836861e-01,1.479783e-02,3.562849e-03,2.403302e-01,9.367822e-03
4.492327e-03,7.045809e-03,1.132418e-03,9.941264e-04,1.586046e-03,3.940810e-03,1.179775e-04,2.632825e-04,2.208915e-02,5.785102e-03,7.259749e-01,1.115215e-02,3.053341e-03,2.051270e-01,7.245662e-03
3.867622e-03,6.243438e-03,1.102782e-03,7.797652e-04,1.472383e-03,6.722622e-03,1.180345e-04,4.029146e-04,2.686889e-02,7.720817e-03,7.521098e-01,9.014443e-03,2.770687e-03,1.743276e-01,6.478200e-03
2.991480e-03,1.789685e-02,1.030485e-03,6.033457e-04,1.217893e-03,3.974727e-02,1.095273e-04,3.944604e-04,6.059925e-02,1.407051e-02,7.026854e-01,8.794023e-03,2.312990e-03,1.414051e-01,6.141435e-03
2.290739e-03,1.474190e-02,7.849445e-04,4.989527e-04,1.137347e-03,2.928946e-02,1.136749e-04,3.084522e-04,7.118173e-02,1.798837e-02,7.381500e-01,8.077758e-03,2.309391e-03,1.075713e-01,5.555932e-03
1.884877e-03,1.144665e-02,7.475506e-04,7.522478e-04,2.299281e-03,2.099609e-02,2.314296e-04,8.049040e-04,9.141687e-02,1.942765e-02,7.407144e-01,7.006631e-03,2.560786e-03,9.504361e-02,4.667026e-03
2.277438e-03,1.027122e-02,8.713657e-04,1.410250e-03,7.849026e-03,1.515338e-02,3.476232e-04,1.231241e-03,1.167978e-01,4.175215e-02,6.495965e-01,7.415848e-03,5.204876e-03,1.346645e-01,5.156685e-03
1.986940e-03,8.077805e-03,7.130338e-04,1.536751e-03,6.960766e-03,1.095942e-02,4.128737e-04,1.217766e-03,1.330107e-01,5.173371e-02,6.346527e-01,8.148128e-03,7.597111e-03,1.282988e-01,4.693337e-03
1.950881e-03,7.481977e-03,6.066752e-04,1.660968e-03,7.132722e-03,8.192142e-03,4.457696e-04,2.033930e-03,1.783146e-01,5.211004e-02,6.100892e-01,1.368114e-02,1.030874e-02,1.021334e-01,3.857770e-03
5.958246e-03,6.971322e-03,1.361419e-03,6.231359e-03,7.671162e-02,8.302046e-03,1.007632e-03,2.365112e-02,2.225660e-01,5.060920e-02,4.764791e-01,1.607075e-02,9.260018e-03,9.161404e-02,3.206036e-03
5.137805e-03,9.027245e-03,1.700026e-03,6.300786e-03,6.675917e-02,7.302915e-03,8.446764e-04,1.806667e-02,4.145512e-01,3.997527e-02,3.416695e-01,1.199035e-02,6.739960e-03,6.751400e-02,2.420369e-03
2.024776e-02,3.542141e-02,1.115121e-02,8.852775e-03,6.838503e-02,9.692067e-03,9.737367e-04,2.526909e-02,4.675862e-01,3.441994e-02,2.469047e-01,9.327141e-03,5.756243e-03,4.993590e-02,6.076769e-03
2.138269e-02,3.944336e-02,1.478246e-02,1.171583e-02,6.214962e-02,1.056183e-02,1.296144e-03,4.356895e-02,5.288532e-01,2.677326e-02,1.792205e-01,8.415269e-03,6.180514e-03,3.706850e-02,8.587801e-03
2.808094e-02,4.185934e-02,1.794707e-02,3.561040e-02,6.125865e-02,1.519336e-02,1.703604e-03,4.967463e-02,5.345079e-01,2.263254e-02,1.351171e-01,8.426236e-03,8.160655e-03,2.713980e-02,1.268778e-02
2.738148e-02,3.777575e-02,1.841382e-02,2.907526e-02,5.449390e-02,1.298606e-02,2.137912e-03,4.141384e-02,6.043051e-01,1.717186e-02,1.058700e-01,9.812726e-03,8.239163e-03,1.999182e-02,1.093129e-02
2.538856e-02,5.288664e-02,1.874515e-02,2.116281e-02,4.534679e-02,3.006408e-02,2.003024e-03,3.772684e-02,6.331471e-01,1.406387e-02,7.879301e-02,8.313384e-03,7.050508e-03,1.676322e-02,8.545065e-03
2.134941e-02,3.943440e-02,3.318734e-02,5.963146e-02,9.332758e-02,1.095907e-01,2.098449e-03,2.979544e-02,4.773371e-01,1.040410e-02,5.944115e-02,1.183336e-02,3.403105e-02,1.187438e-02,6.664092e-03
2.294038e-02,3.100532e-02,3.153014e-02,4.870847e-02,1.507985e-01,1.431467e-01,2.754950e-03,2.952898e-02,4.135022e-01,7.721246e-03,4.357605e-02,2.017033e-02,4.033615e-02,8.415217e-03,5.865254e-03
3.649503e-02,2.338063e-02,2.719127e-02,3.667819e-02,1.710892e-01,1.126358e-01,2.590020e-03,1.255808e-01,3.183175e-01,5.690414e-03,3.598661e-02,2.768902e-02,6.418417e-02,6.078085e-03,6.413170e-03
5.967519e-02,1.781729e-02,2.287841e-02,3.342867e-02,1.420260e-01,1.024662e-01,4.096859e-03,1.126004e-01,2.662666e-01,4.364945e-03,3.220952e-02,3.036409e-02,1.609760e-01,4.437324e-03,6.392609e-03
5.932076e-02,1.477847e-02,1.996859e-02,4.480454e-02,1.791016e-01,9.239057e-02,5.864497e-03,8.671416e-02,2.429691e-01,4.026046e-03,3.603055e-02,2.410848e-02,1.789032e-01,3.490950e-03,7.528550e-03
4.642785e-02,1.251250e-02,1.540818e-02,4.343356e-02,1.336578e-01,8.563145e-02,7.237729e-03,6.521030e-02,2.010110e-01,3.630531e-03,2.966590e-02,2.362037e-02,3.183089e-01,3.250795e-03,1.099315e-02
4.426901e-02,1.037598e-02,1.174724e-02,3.580161e-02,9.870313e-02,7.903104e-02,6.441237e-03,4.746216e-02,1.638685e-01,3.075583e-03,2.325315e-02,2.546155e-02,4.360133e-01,2.747616e-03,1.174886e-02
3.594966e-02,8.649140e-03,8.518856e-03,2.612024e-02,7.059512e-02,5.988034e-02,5.191128e-03,3.447622e-02,1.201133e-01,2.672452e-03,1.728030e-02,3.095336e-02,5.669628e-01,2.432417e-03,1.020471e-02
3.097233e-02,1.120030e-02,7.477444e-03,2.046008e-02,5.310611e-02,4.844358e-02,4.537298e-03,2.685326e-02,9.645543e-02,5.350615e-03,1.342260e-02,3.601824e-02,6.312589e-01,2.991274e-03,1.145257e-02
2.709310e-02,2.593720e-02,1.450293e-02,2.615761e-02,4.115105e-02,4.386162e-02,4.226475e-03,2.994712e-02,1.212839e-01,1.409271e-02,1.236910e-02,3.092727e-02,5.829632e-01,4.711439e-03,2.077529e-02
2.862129e-02,3.366468e-02,1.334005e-02,2.185879e-02,2.966650e-02,6.653078e-02,3.471985e-03,2.888530e-02,1.236234e-01,1.497578e-02,1.145565e-02,3.237693e-02,5.532600e-01,7.296259e-03,3.097262e-02
3.292140e-02,4.391160e-02,1.059195e-02,1.872850e-02,2.151076e-02,8.888993e-02,2.893291e-03,2.202869e-02,1.271412e-01,1.267059e-02,1.087408e-02,3.879914e-02,5.294337e-01,7.304124e-03,3.230119e-02
3.831048e-02,5.559943e-02,1.234786e-02,1.749286e-02,1.654731e-02,8.792518e-02,2.952827e-03,1.894223e-02,2.004637e-01,1.386094e-02,1.094688e-02,3.603798e-02,4.481808e-01,7.180172e-03,3.321152e-02
3.775810e-02,8.597785e-02,1.042230e-02,1.675055e-02,1.320279e-02,7.768595e-02,2.434945e-03,1.416600e-02,2.750427e-01,1.068651e-02,8.886291e-03,2.830813e-02,3.787816e-01,5.819655e-03,3.407671e-02
2.947930e-02,9.905851e-02,8.123813e-03,1.478776e-02,1.029295e-02,8.184892e-02,1.996073e-03,1.094352e-02,3.191145e-01,8.482429e-03,6.982501e-03,2.255137e-02,3.543579e-01,4.350370e-03,2.763014e-02
2.140169e-02,1.009268e-01,7.201619e-03,3.476920e-02,7.475165e-03,9.571879e-02,1.510247e-03,1.062401e-02,3.649761e-01,9.184019e-03,7.044748e-03,1.691389e-02,2.931221e-01,3.240614e-03,2.589111e-02
1.600148e-02,9.237658e-02,5.687602e-03,3.037002e-02,5.898618e-03,2.053457e-01,1.274558e-03,8.638700e-03,3.529416e-01,7.513375e-03,5.927788e-03,1.220041e-02,2.316682e-01,2.434467e-03,2.172083e-02
1.327555e-02,1.040987e-01,4.795522e-03,6.721754e-02,5.354020e-03,2.428403e-01,1.189470e-03,9.399274e-03,3.403964e-01,6.339174e-03,4.474654e-03,8.653970e-03,1.727901e-01,1.804400e-03,1.737093e-02
1.232029e-02,1.356806e-01,3.649716e-03,5.599414e-02,6.097996e-03,2.723927e-01,1.141346e-03,7.917010e-03,3.439555e-01,5.030457e-03,3.494681e-03,6.251286e-03,1.307241e-01,1.311804e-03,1.403844e-02
1.072590e-02,1.629475e-01,2.650991e-03,4.891129e-02,5.057015e-03,2.094595e-01,1.000948e-03,6.120128e-03,3.988391e-01,3.860486e-03,3.048007e-03,4.593021e-03,1.302947e-01,9.489970e-04,1.154252e-02
1.091882e-02,1.538392e-01,2.058293e-03,3.872434e-02,1.204167e-02,2.322167e-01,2.065396e-03,1.660545e-02,4.176016e-01,2.810036e-03,2.367869e-03,3.307067e-03,9.510344e-02,7.201038e-04,9.620018e-03
1.593504e-02,1.277378e-01,1.589402e-03,4.604895e-02,3.060063e-02,2.157517e-01,4.581166e-03,4.963570e-02,4.139656e-01,2.310102e-03,2.348573e-03,2.417239e-03,7.837359e-02,5.637665e-04,8.140717e-03
2.696604e-02,9.995296e-02,2.455650e-03,4.267483e-02,7.573798e-02,1.867391e-01,8.524086e-03,6.491012e-02,4.195405e-01,1.721398e-03,1.964153e-03,1.818397e-03,6.005327e-02,4.677891e-04,6.473753e-03
3.070942e-02,7.672939e-02,3.461470e-03,3.545860e-02,1.121463e-01,1.644812e-01,1.416414e-02,5.302390e-02,4.538767e-01,1.439204e-03,1.563255e-03,1.394435e-03,4.533605e-02,3.826027e-04,5.833336e-03
3.047238e-02,5.956612e-02,7.816305e-03,1.082183e-01,1.244689e-01,1.283681e-01,1.909838e-02,5.403497e-02,4.231064e-01,2.002747e-03,1.383858e-03,1.274550e-03,3.289095e-02,2.897499e-04,7.008278e-03
4.364907e-02,4.880136e-02,5.955673e-03,8.877736e-02,1.501173e-01,1.375252e-01,1.786933e-02,4.081278e-02,4.289407e-01,1.619385e-03,1.437935e-03,9.981870e-04,2.626333e-02,2.211336e-04,7.011341e-03
5.798205e-02,4.175251e-02,5.128642e-03,1.329083e-01,1.457249e-01,1.168391e-01,2.027645e-02,4.947494e-02,3.840381e-01,2.013898e-03,1.602949e-03,1.034301e-03,3.248888e-02,2.033436e-04,8.531634e-03
5.920189e-02,3.651049e-02,1.859207e-02,2.095787e-01,1.251386e-01,1.410257e-01,2.130954e-02,4.155672e-02,3.042354e-01,1.886794e-03,1.428834e-03,9.096845e-04,2.842765e-02,1.645125e-04,1.003355e-02
7.543123e-02,2.931584e-02,1.631393e-02,1.589395e-01,1.113914e-01,2.312823e-01,2.440202e-02,3.140086e-02,2.855731e-01,1.419219e-03,1.181785e-03,7.993313e-04,2.437016e-02,1.573866e-04,8.021981e-03
1.129950e-01,2.842020e-02,2.186642e-02,1.176690e-01,9.660378e-02,2.286420e-01,2.273067e-02,2.619181e-02,3.030140e-01,1.197706e-03,1.460020e-03,9.454575e-04,2.930468e-02,5.100163e-04,8.449377e-03
1.314565e-01,3.380165e-02,8.779682e-02,1.395827e-01,8.622041e-02,1.813325e-01,2.001420e-02,2.248236e-02,2.322694e-01,3.810814e-03,1.925593e-03,1.686773e-03,2.538048e-02,1.148791e-03,3.109102e-02
1.901261e-01,3.035740e-02,6.672347e-02,1.199424e-01,8.548231e-02,1.721640e-01,2.009461e-02,2.105066e-02,2.089310e-01,4.233540e-03,2.567755e-03,2.841570e-03,4.168595e-02,1.544323e-03,3.225487e-02
1.972714e-01,3.341138e-02,5.324266e-02,1.354042e-01,8.498035e-02,1.743433e-01,1.913132e-02,2.880725e-02,1.726010e-01,4.257982e-03,6.513714e-03,6.094545e-03,4.817547e-02,2.388697e-03,3.337672e-02
2.028512e-01,3.509842e-02,4.430304e-02,1.635482e-01,7.937132e-02,1.673854e-01,1.823491e-02,2.815296e-02,1.467835e-01,5.425769e-03,9.243347e-03,1.076252e-02,4.738469e-02,2.838739e-03,3.861609e-02
1.769260e-01,4.685943e-02,6.590088e-02,2.377750e-01,7.082779e-02,1.227555e-01,1.384666e-02,2.384845e-02,1.126537e-01,6.615429e-03,8.719445e-03,1.027056e-02,3.652101e-02,2.508516e-03,6.397169e-02
2.167161e-01,4.837519e-02,4.858165e-02,1.875878e-01,5.365271e-02,8.871526e-02,1.035850e-02,2.185744e-02,9.613502e-02,7.411830e-03,1.323482e-02,8.165545e-03,8.263161e-02,3.818501e-03,1.127581e-01
2.067375e-01,7.022222e-02,3.578482e-02,2.044341e-01,6.144895e-02,7.034392e-02,1.839190e-02,3.134147e-02,9.048019e-02,7.882749e-03,1.961551e-02,7.028977e-03,6.259654e-02,4.828283e-03,1.088629e-01
3.317612e-01,6.278668e-02,2.611805e-02,1.618632e-01,5.297628e-02,5.385581e-02,1.433308e-02,2.423471e-02,7.346231e-02,6.720740e-03,2.034849e-02,6.638245e-03,5.815962e-02,5.957053e-03,1.007844e-01
2.650041e-01,6.770227e-02,1.994280e-02,2.065645e-01,5.501875e-02,4.622336e-02,1.573310e-02,1.879863e-02,8.342446e-02,7.045437e-03,2.572980e-02,8.441732e-03,6.076758e-02,6.599532e-03,1.130039e-01
1.883043e-01,8.475003e-02,1.538287e-02,2.187886e-01,3.999371e-02,3.578275e-02,1.241949e-02,1.345742e-02,1.433734e-01,1.235477e-02,2.587307e-02,1.320238e-02,9.055515e-02,4.934029e-03,1.008280e-01
1.397246e-01,8.367105e-02,1.865693e-02,2.323446e-01,2.971236e-02,2.807037e-02,9.553642e-03,1.141653e-02,2.397181e-01,1.210514e-02,2.211381e-02,1.039788e-02,7.077186e-02,4.241398e-03,8.750173e-02
1.099214e-01,6.906123e-02,1.947889e-02,2.293734e-01,2.212038e-02,2.153990e-02,7.201229e-03,1.011773e-02,3.291500e-01,1.044493e-02,2.843105e-02,8.121504e-03,6.087831e-02,3.573581e-03,7.058649e-02
1.446081e-01,6.778574e-02,1.682964e-02,1.697555e-01,1.749604e-02,1.849820e-02,6.508641e-03,1.088117e-02,2.816972e-01,9.178303e-03,2.645301e-02,9.524691e-03,1.102075e-01,4.169296e-03,1.064069e-01
1.391656e-01,5.185803e-02,1.332635e-02,1.232252e-01,1.338197e-02,1.463450e-02,4.951695e-03,8.740632e-03,2.044111e-01,6.792206e-03,2.233054e-02,1.113843e-02,2.855422e-01,3.348758e-03,9.715274e-02
1.094533e-01,3.691080e-02,1.270907e-02,8.731078e-02,1.362814e-02,1.127650e-02,9.775234e-03,3.312547e-02,1.510629e-01,5.576017e-03,2.090339e-02,8.955291e-03,2.701213e-01,3.383402e-03,2.258083e-01
9.479830e-02,2.675036e-02,1.192549e-02,6.439742e-02,1.231371e-02,1.305708e-02,7.371274e-03,2.489020e-02,1.097097e-01,4.335169e-03,1.603692e-02,1.134145e-02,4.304801e-01,3.180762e-03,1.694120e-01
8.447006e-02,1.980530e-02,1.335886e-02,4.585336e-02,1.419807e-02,1.120150e-02,5.939360e-03,1.889192e-02,7.989971e-02,3.545578e-03,1.322342e-02,1.493034e-02,4.756517e-01,3.035179e-03,1.959957e-01
7.264914e-02,1.484514e-02,1.342558e-02,3.250200e-02,1.751009e-02,8.601683e-03,4.752811e-03,1.498112e-02,5.901225e-02,2.958359e-03,1.171317e-02,1.372579e-02,4.195049e-01,3.789937e-03,3.100280e-01
5.352649e-02,1.094301e-02,1.387942e-02,2.290250e-02,2.002612e-02,6.358390e-03,3.657143e-03,1.259642e-02,4.246063e-02,2.370163e-03,1.009526e-02,1.154504e-02,3.651751e-01,3.308882e-03,4.211555e-01
4.895367e-02,3.221965e-02,6.289172e-02,2.982115e-02,1.339969e-01,1.055232e-02,4.392766e-03,1.410864e-02,4.041075e-02,2.216103e-03,9.906760e-03,9.314316e-03,2.864099e-01,3.489663e-03,3.113156e-01
6.489109e-02,2.525396e-02,8.817019e-02,2.755161e-02,1.080476e-01,1.125737e-02,4.102404e-03,2.912507e-02,3.751459e-02,3.905128e-03,1.520303e-02,1.316386e-02,2.841306e-01,5.294483e-03,2.823890e-01
6.733405e-02,2.151248e-02,9.079396e-02,2.236981e-02,8.838759e-02,1.125641e-02,4.461161e-03,4.034625e-02,3.494322e-02,4.097700e-03,1.489037e-02,1.086171e-02,2.551434e-01,6.495093e-03,3.271068e-01
9.299507e-02,2.045723e-02,1.171477e-01,2.929913e-02,1.076025e-01,2.327514e-02,6.880447e-03,4.068779e-02,3.888001e-02,5.504867e-03,1.351273e-02,1.054963e-02,2.027789e-01,6.057652e-03,2.843712e-01
1.435244e-01,2.296823e-02,1.125197e-01,3.071941e-02,9.062009e-02,2.545005e-02,7.614372e-03,3.772981e-02,4.674043e-02,7.775466e-03,1.110977e-02,9.428021e-03,1.789612e-01,5.819981e-03,2.690190e-01
1.722081e-01,3.983786e-02,8.546240e-02,2.568741e-02,6.986030e-02,3.453164e-02,6.763048e-03,2.945270e-02,1.093386e-01,8.214811e-03,1.073649e-02,1.135508e-02,1.618289e-01,5.306660e-03,2.294160e-01
1.646539e-01,6.634249e-02,7.443961e-02,3.829353e-02,5.093389e-02,4.815472e-02,5.278002e-03,2.250548e-02,1.536357e-01,1.176870e-02,1.076946e-02,1.441123e-02,1.611172e-01,4.368584e-03,1.733276e-01
1.924059e-01,6.450833e-02,6.396140e-02,3.219565e-02,3.930225e-02,5.225201e-02,4.930899e-03,2.440584e-02,1.652524e-01,1.251215e-02,1.008377e-02,1.434874e-02,1.796870e-01,4.173151e-03,1.399805e-01
2.098159e-01,7.040053e-02,5.276283e-02,2.522250e-02,3.368321e-02,5.247349e-02,4.258845e-03,4.488915e-02,2.264684e-01,1.098571e-02,1.006335e-02,1.395825e-02,1.349592e-01,3.870684e-03,1.061879e-01
1.811739e-01,1.166524e-01,4.711542e-02,2.018706e-02,2.897205e-02,4.719292e-02,3.428573e-03,4.471348e-02,2.964037e-01,8.610900e-03,7.981892e-03,1.073961e-02,1.008140e-01,3.118974e-03,8.289516e-02
1.376862e-01,1.195560e-01,4.021944e-02,1.827400e-02,3.585098e-02,4.614814e-02,3.378069e-03,9.015471e-02,3.535738e-01,6.540192e-03,5.835475e-03,7.579997e-03,7.320532e-02,2.290570e-03,5.970709e-02
1.165025e-01,1.205747e-01,3.329731e-02,1.656715e-02,3.728316e-02,4.346722e-02,3.894581e-03,2.024011e-01,3.082978e-01,5.031116e-03,4.256359e-03,5.372396e-03,5.464670e-02,1.804267e-03,4.660365e-02
1.003574e-01,1.066443e-01,2.976837e-02,1.830705e-02,3.546446e-02,3.619516e-02,4.571862e-03,3.160878e-01,2.547656e-01,5.188866e-03,3.550387e-03,3.997009e-03,4.125331e-02,1.612980e-03,4.223535e-02
9.573057e-02,1.119577e-01,2.425298e-02,1.851283e-02,3.898211e-02,2.925606e-02,4.239643e-03,3.756215e-01,2.185163e-01,4.241468e-03,4.688860e-03,3.816545e-03,3.291770e-02,1.503338e-03,3.576235e-02
8.868128e-02,9.956230e-02,2.098744e-02,1.970697e-02,4.280752e-02,2.363949e-02,4.635822e-03,4.406378e-01,1.888088e-01,4.031491e-03,5.890043e-03,3.927841e-03,2.688952e-02,1.361609e-03,2.843209e-02
