1.000000e+00,0.000000e+00,0.000000e+00,0.000000e+00,0.000000e+00,0.000000e+00,0.000000e+00,0.000000e+00,0.000000e+00,0.000000e+00,0.000000e+00,0.000000e+00,0.000000e+00,0.000000e+00,0.000000e+00
1.000000e+00,0.000000e+00,0.000000e+00,0.000000e+00,0.000000e+00,0.000000e+00,0.000000e+00,0.000000e+00,0.000000e+00,0.000000e+00,0.000000e+00,0.000000e+00,0.000000e+00,0.000000e+00,0.000000e+00
1.000000e+00,0.000000e+00,0.000000e+00,0.000000e+00,0.000000e+00,0.000000e+00,0.000000e+00,0.000000e+00,0.000000e+00,0.000000e+00,0.000000e+00,0.000000e+00,0.000000e+00,0.000000e+00,0.000000e+00
1.000000e+00,0.000000e+00,0.000000e+00,0.000000e+00,0.000000e+00,0.000000e+00,0.000000e+00,0.000000e+00,0.000000e+00,0.000000e+00,0.000000e+00,0.000000e+00,0.000000e+00,0.000000e+00,0.000000e+00
1.000000e+00,0.000000e+00,0.000000e+00,0.000000e+00,0.000000e+00,0.000000e+00,0.000000e+00,0.000000e+00,0.000000e+00,0.000000e+00,0.000000e+00,0.000000e+00,0.000000e+00,0.000000e+00,0.000000e+00
1.000000e+00,0.000000e+00,0.000000e+00,0.000000e+00,0.000000e+00,0.000000e+00,0.000000e+00,0.000000e+00,0.000000e+00,0.000000e+00,0.000000e+00,0.000000e+00,0.000000e+00,0.000000e+00,0.000000e+00
1.000000e+00,0.000000e+00,0.000000e+00,0.000000e+00,0.000000e+00,0.000000e+00,0.000000e+00,0.000000e+00,0.000000e+00,0.000000e+00,0.000000e+00,0.000000e+00,0.000000e+00,0.000000e+00,0.000000e+00
1.000000e+00,0.000000e+00,0.000000e+00,0.000000e+00,0.000000e+00,0.000000e+00,0.000000e+00,0.000000e+00,0.000000e+00,0.000000e+00,0.000000e+00,0.000000e+00,0.000000e+00,0.000000e+00,0.000000e+00
1.000000e+00,0.000000e+00,0.000000e+00,0.000000e+00,0.000000e+00,0.000000e+00,0.000000e+00,0.000000e+00,0.000000e+00,0.000000e+00,0.000000e+00,0.000000e+00,0.000000e+00,0.000000e+00,0.000000e+00
1.000000e+00,0.000000e+00,0.000000e+00,0.000000e+00,0.000000e+00,0.000000e+00,0.000000e+00,0.000000e+00,0.000000e+00,0.000000e+00,0.000000e+00,0.000000e+00,0.000000e+00,0.000000e+00,0.000000e+00
1.000000e+00,0.000000e+00,0.000000e+00,0.000000e+00,0.000000e+00,0.000000e+00,0.000000e+00,0.000000e+00,0.000000e+00,0.000000e+00,0.000000e+00,0.000000e+00,0.000000e+00,0.000000e+00,0.000000e+00
1.000000e+00,0.000000e+00,0.000000e+00,0.000000e+00,0.000000e+00,0.000000e+00,0.000000e+00,0.000000e+00,0.000000e+00,0.000000e+00,0.000000e+00,0.000000e+00,0.000000e+00,0.000000e+00,0.000000e+00
1.000000e+00,0.000000e+00,0.000000e+00,0.000000e+00,0.000000e+00,0.000000e+00,0.000000e+00,0.000000e+00,0.000000e+00,0.000000e+00,0.000000e+00,0.000000e+00,0.000000e+00,0.000000e+00,0.000000e+00
1.000000e+00,0.000000e+00,0.000000e+00,0.000000e+00,0.000000e+00,0.000000e+00,0.000000e+00,0.000000e+00,0.000000e+00,0.000000e+00,0.000000e+00,0.000000e+00,0.000000e+00,0.000000e+00,0.000000e+00
1.000000e+00,0.000000e+00,0.000000e+00,0.000000e+00,0.000000e+00,0.000000e+00,0.000000e+00,0.000000e+00,0.000000e+00,0.000000e+00,0.000000e+00,0.000000e+00,0.000000e+00,0.000000e+00,0.000000e+00
1.000000e+00,0.000000e+00,0.000000e+00,0.000000e+00,0.000000e+00,0.000000e+00,0.000000e+00,0.000000e+00,0.000000e+00,0.000000e+00,0.000000e+00,0.000000e+00,0.000000e+00,0.000000e+00,0.000000e+00
1.000000e+00,0.000000e+00,0.000000e+00,0.000000e+00,0.000000e+00,0.000000e+00,0.000000e+00,0.000000e+00,0.000000e+00,0.000000e+00,0.000000e+00,0.000000e+00,0.000000e+00,0.000000e+00,0.000000e+00
1.000000e+00,0.000000e+00,0.000000e+00,0.000000e+00,0.000000e+00,0.000000e+00,0.000000e+00,0.000000e+00,0.000000e+00,0.000000e+00,0.000000e+00,0.000000e+00,0.000000e+00,0.000000e+00,0.000000e+00
1.000000e+00,0.000000e+00,0.000000e+00,0.000000e+00,0.000000e+00,0.000000e+00,0.000000e+00,0.000000e+00,0.000000e+00,0.000000e+00,0.000000e+00,0.000000e+00,0.000000e+00,0.000000e+00,0.000000e+00
1.000000e+00,0.000000e+00,0.000000e+00,0.000000e+00,0.000000e+00,0.000000e+00,0.000000e+00,0.000000e+00,0.000000e+00,0.000000e+00,0.000000e+00,0.000000e+00,0.000000e+00,0.000000e+00,0.000000e+00
1.000000e+00,0.000000e+00,0.000000e+00,0.000000e+00,0.000000e+00,0.000000e+00,0.000000e+00,0.000000e+00,0.000000e+00,0.000000e+00,0.000000e+00,0.000000e+00,0.000000e+00,0.000000e+00,0.000000e+00
1.000000e+00,0.000000e+00,0.000000e+00,0.000000e+00,0.000000e+00,0.000000e+00,0.000000e+00,0.000000e+00,0.000000e+00,0.000000e+00,0.000000e+00,0.000000e+00,0.000000e+00,0.000000e+00,0.000000e+00
1.000000e+00,0.000000e+00,0.000000e+00,0.000000e+00,0.000000e+00,0.000000e+00,0.000000e+00,0.000000e+00,0.000000e+00,0.000000e+00,0.000000e+00,0.000000e+00,0.000000e+00,0.000000e+00,0.000000e+00
1.000000e+00,0.000000e+00,0.000000e+00,0.000000e+00,0.000000e+00,0.000000e+00,0.000000e+00,0.000000e+00,0.000000e+00,0.000000e+00,0.000000e+00,0.000000e+00,0.000000e+00,0.000000e+00,0.000000e+00
1.000000e+00,0.000000e+00,0.000000e+00,0.000000e+00,0.000000e+00,0.000000e+00,0.000000e+00,0.000000e+00,0.000000e+00,0.000000e+00,0.000000e+00,0.000000e+00,0.000000e+00,0.000000e+00,0.000000e+00
1.000000e+00,0.000000e+00,0.000000e+00,0.000000e+00,0.000000e+00,0.000000e+00,0.000000e+00,0.000000e+00,0.000000e+00,0.000000e+00,0.000000e+00,0.000000e+00,0.000000e+00,0.000000e+00,0.000000e+00
1.000000e+00,0.000000e+00,0.000000e+00,0.000000e+00,0.000000e+00,0.000000e+00,0.000000e+00,0.000000e+00,0.000000e+00,0.000000e+00,0.000000e+00,0.000000e+00,0.000000e+00,0.000000e+00,0.000000e+00
1.000000e+00,0.000000e+00,0.000000e+00,0.000000e+00,0.000000e+00,0.000000e+00,0.000000e+00,0.000000e+00,0.000000e+00,0.000000e+00,0.000000e+00,0.000000e+00,0.000000e+00,0.000000e+00,0.000000e+00
1.000000e+00,0.000000e+00,0.000000e+00,0.000000e+00,0.000000e+00,0.000000e+00,0.000000e+00,0.000000e+00,0.000000e+00,0.000000e+00,0.000000e+00,0.000000e+00,0.000000e+00,0.000000e+00,0.000000e+00
1.000000e+00,0.000000e+00,0.000000e+00,0.000000e+00,0.000000e+00,0.000000e+00,0.000000e+00,0.000000e+00,0.000000e+00,0.000000e+00,0.000000e+00,0.000000e+00,0.000000e+00,0.000000e+00,0.000000e+00
1.000000e+00,0.000000e+00,0.000000e+00,0.000000e+00,0.000000e+00,0.000000e+00,0.000000e+00,0.000000e+00,0.000000e+00,0.000000e+00,0.000000e+00,0.000000e+00,0.000000e+00,0.000000e+00,0.000000e+00
1.000000e+00,0.000000e+00,0.000000e+00,0.000000e+00,0.000000e+00,0.000000e+00,0.000000e+00,0.000000e+00,0.000000e+00,0.000000e+00,0.000000e+00,0.000000e+00,0.000000e+00,0.000000e+00,0.000000e+00
1.000000e+00,0.000000e+00,0.000000e+00,0.000000e+00,0.000000e+00,0.000000e+00,0.000000e+00,0.000000e+00,0.000000e+00,0.000000e+00,0.000000e+00,0.000000e+00,0.000000e+00,0.000000e+00,0.000000e+00
1.000000e+00,0.000000e+00,0.000000e+00,0.000000e+00,0.000000e+00,0.000000e+00,0.000000e+00,0.000000e+00,0.000000e+00,0.000000e+00,0.000000e+00,0.000000e+00,0.000000e+00,0.000000e+00,0.000000e+00
1.000000e+00,0.000000e+00,0.000000e+00,0.000000e+00,0.000000e+00,0.000000e+00,0.000000e+00,0.000000e+00,0.000000e+00,0.000000e+00,0.000000e+00,0.000000e+00,0.000000e+00,0.000000e+00,0.000000e+00
1.000000e+00,0.000000e+00,0.000000e+00,0.000000e+00,0.000000e+00,0.000000e+00,0.000000e+00,0.000000e+00,0.000000e+00,0.000000e+00,0.000000e+00,0.000000e+00,0.000000e+00,0.000000e+00,0.000000e+00
1.000000e+00,0.000000e+00,0.000000e+00,0.000000e+00,0.000000e+00,0.000000e+00,0.000000e+00,0.000000e+00,0.000000e+00,0.000000e+00,0.000000e+00,0.000000e+00,0.000000e+00,0.000000e+00,0.000000e+00
1.000000e+00,0.000000e+00,0.000000e+00,0.000000e+00,0.000000e+00,0.000000e+00,0.000000e+00,0.000000e+00,0.000000e+00,0.000000e+00,0.000000e+00,0.000000e+00,0.000000e+00,0.000000e+00,0.000000e+00
1.000000e+00,0.000000e+00,0.000000e+00,0.000000e+00,0.000000e+00,0.000000e+00,0.000000e+00,0.000000e+00,0.000000e+00,0.000000e+00,0.000000e+00,0.000000e+00,0.000000e+00,0.000000e+00,0.000000e+00
1.000000e+00,0.000000e+00,0.000000e+00,0.000000e+00,0.000000e+00,0.000000e+00,0.000000e+00,0.000000e+00,0.000000e+00,0.000000e+00,0.000000e+00,0.000000e+00,0.000000e+00,0.000000e+00,0.000000e+00
1.000000e+00,0.000000e+00,0.000000e+00,0.000000e+00,0.000000e+00,0.000000e+00,0.000000e+00,0.000000e+00,0.000000e+00,0.000000e+00,0.000000e+00,0.000000e+00,0.000000e+00,0.000000e+00,0.000000e+00
1.000000e+00,0.000000e+00,0.000000e+00,0.000000e+00,0.000000e+00,0.000000e+00,0.000000e+00,0.000000e+00,0.000000e+00,0.000000e+00,0.000000e+00,0.000000e+00,0.000000e+00,0.000000e+00,0.000000e+00
1.000000e+00,0.000000e+00,0.000000e+00,0.000000e+00,0.000000e+00,0.000000e+00,0.000000e+00,0.000000e+00,0.000000e+00,0.000000e+00,0.000000e+00,0.000000e+00,0.000000e+00,0.000000e+00,0.000000e+00
1.000000e+00,0.000000e+00,0.000000e+00,0.000000e+00,0.000000e+00,0.000000e+00,0.000000e+00,0.000000e+00,0.000000e+00,0.000000e+00,0.000000e+00,0.000000e+00,0.000000e+00,0.000000e+00,0.000000e+00
1.000000e+00,0.000000e+00,0.000000e+00,0.000000e+00,0.000000e+00,0.000000e+00,0.000000e+00,0.000000e+00,0.000000e+00,0.000000e+00,0.000000e+00,0.000000e+00,0.000000e+00,0.000000e+00,0.000000e+00
1.000000e+00,0.000000e+00,0.000000e+00,0.000000e+00,0.000000e+00,0.000000e+00,0.000000e+00,0.000000e+00,0.000000e+00,0.000000e+00,0.000000e+00,0.000000e+00,0.000000e+00,0.000000e+00,0.000000e+00
1.000000e+00,0.000000e+00,0.000000e+00,0.000000e+00,0.000000e+00,0.000000e+00,0.000000e+00,0.000000e+00,0.000000e+00,0.000000e+00,0.000000e+00,0.000000e+00,0.000000e+00,0.000000e+00,0.000000e+00
1.000000e+00,0.000000e+00,0.000000e+00,0.000000e+00,0.000000e+00,0.000000e+00,0.000000e+00,0.000000e+00,0.000000e+00,0.000000e+00,0.000000e+00,0.000000e+00,0.000000e+00,0.000000e+00,0.000000e+00
1.000000e+00,0.000000e+00,0.000000e+00,0.000000e+00,0.000000e+00,0.000000e+00,0.000000e+00,0.000000e+00,0.000000e+00,0.000000e+00,0.000000e+00,0.000000e+00,0.000000e+00,0.000000e+00,0.000000e+00
1.000000e+00,0.000000e+00,0.000000e+00,0.000000e+00,0.000000e+00,0.000000e+00,0.000000e+00,0.000000e+00,0.000000e+00,0.000000e+00,0.000000e+00,0.000000e+00,0.000000e+00,0.000000e+00,0.000000e+00
1.000000e+00,0.000000e+00,0.000000e+00,0.000000e+00,0.000000e+00,0.000000e+00,0.000000e+00,0.000000e+00,0.000000e+00,0.000000e+00,0.000000e+00,0.000000e+00,0.000000e+00,0.000000e+00,0.000000e+00
1.000000e+00,0.000000e+00,0.000000e+00,0.000000e+00,0.000000e+00,0.000000e+00,0.000000e+00,0.000000e+00,0.000000e+00,0.000000e+00,0.000000e+00,0.000000e+00,0.000000e+00,0.000000e+00,0.000000e+00
1.000000e+00,0.000000e+00,0.000000e+00,0.000000e+00,0.000000e+00,0.000000e+00,0.000000e+00,0.000000e+00,0.000000e+00,0.000000e+00,0.000000e+00,0.000000e+00,0.000000e+00,0.000000e+00,0.000000e+00
1.000000e+00,0.000000e+00,0.000000e+00,0.000000e+00,0.000000e+00,0.000000e+00,0.000000e+00,0.000000e+00,0.000000e+00,0.000000e+00,0.000000e+00,0.000000e+00,0.000000e+00,0.000000e+00,0.000000e+00
1.000000e+00,0.000000e+00,0.000000e+00,0.000000e+00,0.000000e+00,0.000000e+00,0.000000e+00,0.000000e+00,0.000000e+00,0.000000e+00,0.000000e+00,0.000000e+00,0.000000e+00,0.000000e+00,0.000000e+00
1.000000e+00,0.000000e+00,0.000000e+00,0.000000e+00,0.000000e+00,0.000000e+00,0.000000e+00,0.000000e+00,0.000000e+00,0.000000e+00,0.000000e+00,0.000000e+00,0.000000e+00,0.000000e+00,0.000000e+00
1.000000e+00,0.000000e+00,0.000000e+00,0.000000e+00,0.000000e+00,0.000000e+00,0.000000e+00,0.000000e+00,0.000000e+00,0.000000e+00,0.000000e+00,0.000000e+00,0.000000e+00,0.000000e+00,0.000000e+00
1.000000e+00,0.000000e+00,0.000000e+00,0.000000e+00,0.000000e+00,0.000000e+00,0.000000e+00,0.000000e+00,0.000000e+00,0.000000e+00,0.000000e+00,0.000000e+00,0.000000e+00,0.000000e+00,0.000000e+00
1.000000e+00,0.000000e+00,0.000000e+00,0.000000e+00,0.000000e+00,0.000000e+00,0.000000e+00,0.000000e+00,0.000000e+00,0.000000e+00,0.000000e+00,0.000000e+00,0.000000e+00,0.000000e+00,0.000000e+00
1.000000e+00,0.000000e+00,0.000000e+00,0.000000e+00,0.000000e+00,0.000000e+00,0.000000e+00,0.000000e+00,0.000000e+00,0.000000e+00,0.000000e+00,0.000000e+00,0.000000e+00,0.000000e+00,0.000000e+00
1.000000e+00,0.000000e+00,0.000000e+00,0.000000e+00,0.000000e+00,0.000000e+00,0.000000e+00,0.000000e+00,0.000000e+00,0.000000e+00,0.000000e+00,0.000000e+00,0.000000e+00,0.000000e+00,0.000000e+00
1.000000e+00,0.000000e+00,0.000000e+00,0.000000e+00,0.000000e+00,0.000000e+00,0.000000e+00,0.000000e+00,0.000000e+00,0.000000e+00,0.000000e+00,0.000000e+00,0.000000e+00,0.000000e+00,0.000000e+00
3.560720e-01,6.197005e-02,7.891581e-03,1.090969e-01,7.959512e-03,1.553488e-02,4.122976e-03,5.729972e-03,8.193350e-03,1.964267e-03,2.979215e-01,2.512774e-02,1.890517e-02,6.804944e-02,1.146060e-02
2.492649e-01,4.493984e-02,5.684127e-03,8.232599e-02,5.656537e-03,1.092065e-02,2.891994e-03,4.057361e-03,6.320017e-03,2.276341e-03,4.779035e-01,1.808992e-02,1.343561e-02,6.780965e-02,8.423519e-03
1.744988e-01,3.151650e-02,4.034937e-03,5.825630e-02,4.139799e-03,7.717024e-03,2.033679e-03,2.867875e-03,4.852628e-03,1.003573e-02,5.600383e-01,1.365442e-02,9.738456e-03,1.099679e-01,6.647632e-03
1.221621e-01,2.211598e-02,2.905288e-03,4.139719e-02,3.130431e-03,5.497919e-03,1.430938e-03,2.061463e-03,3.966260e-03,1.271278e-02,4.518553e-01,9.919607e-03,6.922680e-03,3.083860e-01,5.536044e-03
8.554176e-02,1.557747e-02,2.104486e-03,2.969716e-02,2.378465e-03,4.016097e-03,1.008737e-03,1.492519e-03,3.903772e-03,1.445840e-02,3.806460e-01,7.322167e-03,4.931815e-03,4.424966e-01,4.424439e-03
5.999764e-02,1.147535e-02,2.156811e-03,2.165037e-02,2.399391e-03,3.559468e-03,7.199833e-04,1.098557e-03,4.994018e-03,1.112134e-02,3.895930e-01,5.420628e-03,3.667981e-03,4.785688e-01,3.576577e-03
4.207908e-02,8.319029e-03,1.647125e-03,1.591969e-02,1.798235e-03,2.666721e-03,5.084810e-04,8.066968e-04,5.465552e-03,9.748764e-03,3.449256e-01,3.968575e-03,2.668602e-03,5.560175e-01,3.460427e-03
2.959415e-02,6.170219e-03,1.762368e-03,1.567087e-02,1.324835e-03,2.147599e-03,3.726127e-04,6.337640e-04,7.338888e-03,8.955318e-03,3.820735e-01,3.065037e-03,2.065758e-03,5.299255e-01,8.899562e-03
2.095770e-02,4.840896e-03,1.790164e-03,1.219150e-02,9.943760e-04,2.447900e-03,2.826285e-04,6.579931e-04,9.047935e-03,1.027293e-02,3.257352e-01,2.804575e-03,1.754847e-03,5.970153e-01,9.205989e-03
1.486937e-02,3.866615e-03,1.568977e-03,9.061250e-03,7.713682e-04,2.016246e-03,2.123642e-04,5.819864e-04,8.139085e-03,1.345159e-02,2.775961e-01,2.529231e-03,1.364121e-03,6.554332e-01,8.538459e-03
1.067926e-02,2.930581e-03,1.606368e-03,6.947774e-03,7.240708e-04,1.738566e-03,1.800951e-04,8.626557e-04,7.852660e-03,1.365366e-02,3.210906e-01,2.588035e-03,1.221231e-03,6.199449e-01,7.979579e-03
7.924396e-03,2.811811e-03,1.721902e-03,5.183079e-03,6.554743e-04,1.464332e-03,1.528800e-04,9.080520e-04,7.803784e-03,1.827773e-02,3.245232e-01,3.118102e-03,1.119078e-03,6.154827e-01,8.853391e-03
6.152263e-03,2.842424e-03,2.026954e-03,3.751900e-03,9.031362e-04,1.184824e-03,1.262886e-04,9.056063e-04,9.205082e-03,2.130275e-02,3.766690e-01,3.788412e-03,1.187636e-03,5.617020e-01,8.251712e-03
4.887416e-03,2.588199e-03,1.790699e-03,2.725428e-03,1.189871e-03,1.105450e-03,1.418399e-04,7.831590e-04,1.082389e-02,2.746397e-02,4.925052e-01,1.309136e-02,1.520098e-03,4.309504e-01,8.433026e-03
4.425491e-03,3.011194e-03,1.556595e-03,2.025775e-03,1.282091e-03,1.133626e-03,1.274190e-04,6.180980e-04,1.269739e-02,2.805503e-02,5.726032e-01,2.333123e-02,1.766364e-03,3.403437e-01,7.022753e-03
4.949453e-03,3.978575e-03,2.722318e-03,2.096612e-03,9.931928e-03,3.400227e-03,8.307831e-04,2.993123e-03,3.351032e-02,3.335474e-02,5.979139e-01,3.467910e-02,2.137476e-03,2.606730e-01,6.828471e-03
5.871261e-03,3.501853e-03,3.446533e-03,2.634984e-03,1.373645e-02,4.817721e-03,1.173941e-03,9.764596e-03,3.552243e-02,3.446146e-02,6.259618e-01,4.679572e-02,2.783726e-03,2.037349e-01,5.792661e-03
1.928305e-02,8.939557e-03,3.469084e-02,4.773419e-02,3.648341e-02,5.464428e-03,1.055244e-03,9.911398e-03,3.659926e-02,3.778417e-02,5.632147e-01,4.067650e-02,2.588067e-03,1.494201e-01,6.155003e-03
2.321375e-02,1.078146e-02,3.988430e-02,4.641620e-02,8.964066e-02,1.508764e-02,2.521120e-03,1.312967e-02,4.242062e-02,4.482369e-02,5.047356e-01,3.920027e-02,3.209206e-03,1.139090e-01,1.102679e-02
2.820468e-02,1.266246e-02,3.964810e-02,4.530846e-02,1.626641e-01,2.147976e-02,5.843231e-03,1.376863e-02,8.282059e-02,3.776564e-02,4.120860e-01,4.176518e-02,3.532098e-03,8.235577e-02,1.009531e-02
2.326980e-02,9.558214e-03,3.179169e-02,3.639038e-02,1.186409e-01,1.608301e-02,4.601281e-03,1.792618e-01,6.499030e-02,2.762201e-02,3.436209e-01,6.612619e-02,1.159818e-02,5.833136e-02,8.114012e-03
2.502924e-02,1.404536e-02,3.089803e-02,1.056705e-01,1.053794e-01,4.300543e-02,4.213047e-03,1.382819e-01,8.309933e-02,2.144763e-02,2.597004e-01,6.533572e-02,5.141261e-02,4.166988e-02,1.081150e-02
2.250692e-02,1.084274e-02,2.746610e-02,1.481291e-01,1.190992e-01,5.999495e-02,3.477163e-03,1.026536e-01,6.956640e-02,2.402273e-02,2.040600e-01,6.317299e-02,1.015256e-01,2.995853e-02,1.352392e-02
3.887047e-02,8.753815e-03,2.335339e-02,1.111423e-01,9.500487e-02,4.650670e-02,2.578635e-03,7.647085e-02,5.280382e-02,1.838046e-02,2.034625e-01,8.865131e-02,1.999928e-01,2.138908e-02,1.263903e-02
4.311267e-02,6.834567e-03,1.831311e-02,8.173344e-02,8.610911e-02,3.804130e-02,2.321343e-03,5.542937e-02,3.981187e-02,1.450443e-02,1.565005e-01,1.109569e-01,3.199226e-01,1.541363e-02,1.099524e-02
3.705988e-02,5.758340e-03,1.446613e-02,5.896973e-02,7.013414e-02,4.055048e-02,2.105793e-03,4.130746e-02,3.098522e-02,1.339175e-02,1.195587e-01,1.415208e-01,4.018722e-01,1.132747e-02,1.099194e-02
3.070383e-02,4.754402e-03,1.092671e-02,4.190467e-02,6.097646e-02,4.384266e-02,2.169905e-03,4.369197e-02,2.675258e-02,1.204809e-02,8.855467e-02,2.133246e-01,4.003605e-01,1.048596e-02,9.503022e-03
2.671145e-02,6.085522e-03,9.342214e-03,3.020166e-02,4.668332e-02,7.979067e-02,2.069558e-03,6.213517e-02,2.944635e-02,9.761549e-03,6.577900e-02,2.005214e-01,4.000518e-01,1.815534e-02,1.326497e-02
2.252072e-02,5.262841e-03,7.120411e-03,2.135262e-02,3.954025e-02,7.684034e-02,1.863387e-03,4.799372e-02,2.752751e-02,7.811675e-03,5.138221e-02,2.264779e-01,4.388452e-01,1.494222e-02,1.051898e-02
2.092936e-02,6.622324e-03,5.569686e-03,1.547132e-02,2.919084e-02,8.711627e-02,1.671579e-03,3.726579e-02,3.903781e-02,5.842905e-03,3.738602e-02,2.512724e-01,4.400151e-01,1.204763e-02,1.056095e-02
2.053775e-02,1.089893e-02,4.304809e-03,1.153405e-02,2.145842e-02,1.026217e-01,2.262934e-03,2.876564e-02,5.877899e-02,4.858268e-03,2.696087e-02,2.330140e-01,4.537212e-01,9.291378e-03,1.099104e-02
2.162610e-02,1.169841e-02,3.358269e-03,8.442828e-03,1.582095e-02,1.301947e-01,3.033709e-03,2.135066e-02,9.200364e-02,3.696994e-03,2.007241e-02,2.387715e-01,4.142526e-01,7.127365e-03,8.549869e-03
1.885237e-02,1.747923e-02,2.543358e-03,7.762586e-03,1.135863e-02,1.432538e-01,2.424115e-03,1.527340e-02,1.364549e-01,3.224129e-03,1.496445e-02,2.347050e-01,3.779590e-01,6.266131e-03,7.478841e-03
1.809926e-02,2.570867e-02,2.032226e-03,1.188004e-02,8.680278e-03,1.596150e-01,2.160247e-03,1.112862e-02,2.020086e-01,3.060255e-03,1.126608e-02,1.929724e-01,3.383497e-01,5.536755e-03,7.501870e-03
1.425095e-02,4.324127e-02,1.543925e-03,1.398798e-02,6.782518e-03,1.413252e-01,1.669328e-03,7.844959e-03,2.657825e-01,2.909523e-03,8.289468e-03,1.515457e-01,3.280713e-01,4.100265e-03,8.655073e-03
1.107262e-02,5.493549e-02,1.148805e-03,1.181208e-02,6.349532e-03,1.443847e-01,1.426544e-03,5.564488e-03,3.663590e-01,2.355211e-03,6.338992e-03,1.161257e-01,2.608595e-01,3.060015e-03,8.207198e-03
8.419780e-03,6.523635e-02,9.876704e-04,1.182636e-02,5.871796e-03,1.252873e-01,1.250484e-03,4.010740e-03,4.561618e-01,1.949075e-03,4.788932e-03,9.128645e-02,2.131347e-01,2.269330e-03,7.519278e-03
6.953775e-03,6.198967e-02,8.492732e-04,9.782395e-03,6.556003e-03,1.464806e-01,1.494685e-03,5.080137e-03,4.968918e-01,1.556392e-03,3.753266e-03,6.660296e-02,1.762728e-01,1.703029e-03,1.403314e-02
5.684889e-03,4.914079e-02,7.109793e-04,9.938372e-03,6.009730e-03,1.377382e-01,1.650917e-03,1.209347e-02,5.479724e-01,1.374562e-03,3.216529e-03,4.803698e-02,1.395234e-01,1.407609e-03,3.550120e-02
4.806078e-03,4.013304e-02,6.220705e-04,9.236675e-03,4.836662e-03,1.227668e-01,1.902717e-03,2.536448e-02,5.338969e-01,1.259557e-03,3.326061e-03,3.490183e-02,1.154844e-01,1.169669e-03,1.002930e-01
5.666760e-03,5.708967e-02,1.045595e-03,1.402553e-02,4.262206e-03,1.023493e-01,1.976396e-03,2.126156e-02,5.917635e-01,9.959744e-04,5.221087e-03,2.540859e-02,8.418861e-02,9.370080e-04,8.380819e-02
7.068017e-03,9.353646e-02,1.523555e-03,1.184900e-02,3.649009e-03,9.751631e-02,2.460636e-03,1.676864e-02,5.557209e-01,1.271102e-03,9.860904e-03,1.951445e-02,6.952753e-02,1.343850e-03,1.083896e-01
6.161476e-03,6.762620e-02,1.219824e-03,8.707215e-03,4.796491e-03,7.104104e-02,2.287423e-03,1.209688e-02,6.426034e-01,1.003121e-03,1.726710e-02,1.895382e-02,5.439787e-02,1.045488e-03,9.079263e-02
8.675678e-03,4.873772e-02,8.276222e-03,1.507148e-02,1.715953e-02,5.206138e-02,1.308365e-02,6.621767e-02,6.356298e-01,9.357460e-04,1.395966e-02,1.367538e-02,3.950739e-02,8.913575e-04,6.611735e-02
1.873832e-02,3.598871e-02,8.644249e-03,1.678928e-02,5.121955e-02,4.550116e-02,2.562311e-02,6.211565e-02,6.338224e-01,8.981065e-04,1.105623e-02,9.852590e-03,2.983344e-02,8.131583e-04,4.910405e-02
1.550578e-02,3.307403e-02,7.585322e-03,7.884905e-02,9.079374e-02,4.073832e-02,1.932148e-02,5.035364e-02,5.490955e-01,3.239749e-03,1.908280e-02,8.538514e-03,4.395226e-02,7.112547e-04,3.915862e-02
1.392621e-02,3.907656e-02,6.557915e-03,7.117037e-02,8.628159e-02,4.381087e-02,1.456365e-02,3.952170e-02,5.136864e-01,3.383826e-03,2.649368e-02,7.206555e-03,9.852260e-02,8.131777e-04,3.498482e-02
3.439698e-02,3.783350e-02,1.115315e-02,8.625779e-02,1.265356e-01,5.198832e-02,1.639490e-02,3.406516e-02,4.226560e-01,4.123504e-03,3.137530e-02,7.411420e-03,1.034496e-01,7.517663e-04,3.160703e-02
2.785951e-02,3.207136e-02,1.024468e-02,8.501749e-02,1.325372e-01,4.095919e-02,1.276934e-02,2.676848e-02,4.684861e-01,4.427604e-03,2.814552e-02,6.074348e-03,9.689692e-02,5.711482e-04,2.717119e-02
2.215833e-02,3.257058e-02,1.244599e-02,7.708877e-02,9.988867e-02,3.123657e-02,9.473542e-03,1.998567e-02,5.610102e-01,4.771876e-03,2.437362e-02,4.730089e-03,7.279432e-02,5.509107e-04,2.692083e-02
2.881339e-02,5.304309e-02,1.998221e-02,6.649578e-02,7.992734e-02,3.065235e-02,8.222088e-03,1.738329e-02,4.879193e-01,9.498172e-03,4.570067e-02,6.002335e-03,1.044138e-01,1.357764e-03,4.058839e-02
3.225132e-02,4.817145e-02,1.667272e-02,5.651831e-02,6.022852e-02,2.469376e-02,7.218034e-03,2.258133e-02,5.207286e-01,1.055453e-02,4.678059e-02,5.594674e-03,1.083789e-01,1.314951e-03,3.831218e-02
4.438308e-02,4.133000e-02,1.354774e-02,4.489472e-02,4.478299e-02,1.900071e-02,5.621347e-03,2.534566e-02,5.487983e-01,1.066669e-02,3.944861e-02,4.620374e-03,9.913454e-02,2.356497e-03,5.606876e-02
7.007176e-02,4.218897e-02,1.102777e-02,3.519128e-02,3.365868e-02,1.888223e-02,4.777316e-03,1.989081e-02,4.187446e-01,9.051934e-03,3.441174e-02,5.598360e-03,2.425423e-01,3.346501e-03,5.061580e-02
9.122415e-02,3.638589e-02,1.130666e-02,2.960103e-02,2.534755e-02,1.634100e-02,7.669402e-03,2.311631e-02,3.269767e-01,8.039274e-03,3.047768e-02,8.168077e-03,3.333923e-01,3.909767e-03,4.804417e-02
8.059064e-02,4.354165e-02,1.257009e-02,2.807216e-02,2.774715e-02,1.870923e-02,9.636024e-03,2.254760e-02,3.057758e-01,7.113343e-03,2.616689e-02,9.190981e-03,3.552436e-01,3.415093e-03,4.967969e-02
7.040391e-02,3.391492e-02,1.329061e-02,2.238687e-02,2.642916e-02,1.692947e-02,7.864146e-03,2.062114e-02,2.270927e-01,5.589014e-03,2.186656e-02,1.152512e-02,4.668098e-01,3.279423e-03,5.199711e-02
6.460873e-02,2.481242e-02,1.124379e-02,1.614534e-02,2.267879e-02,1.321852e-02,8.283684e-03,2.338043e-02,1.633489e-01,4.691246e-03,1.875557e-02,1.171305e-02,5.459294e-01,2.857447e-03,6.833267e-02
7.065446e-02,2.209391e-02,4.904933e-02,1.902769e-02,2.795232e-02,1.889209e-02,1.100215e-02,2.434207e-02,1.305205e-01,6.712602e-03,1.699596e-02,1.076426e-02,5.241274e-01,4.359863e-03,6.350537e-02
7.472591e-02,1.742806e-02,5.012304e-02,1.552807e-02,2.825646e-02,1.893131e-02,1.320203e-02,2.289668e-02,9.688401e-02,6.106963e-03,1.579164e-02,1.085047e-02,5.481790e-01,4.569217e-03,7.652715e-02
6.252530e-02,1.294339e-02,3.653213e-02,1.121325e-02,2.608619e-02,1.468289e-02,1.229133e-02,1.692517e-02,7.194921e-02,4.674281e-03,1.230729e-02,1.015343e-02,6.292405e-01,3.498919e-03,7.497674e-02
5.185095e-02,9.856636e-03,3.127327e-02,8.228494e-03,3.027855e-02,1.283663e-02,1.816189e-02,1.732538e-02,5.712824e-02,3.714897e-03,1.085659e-02,1.003702e-02,6.677709e-01,2.830039e-03,6.785052e-02
4.472990e-02,7.668677e-03,2.399628e-02,6.196166e-03,4.676853e-02,1.072535e-02,1.386883e-02,1.458751e-02,4.258516e-02,2.868397e-03,8.920336e-03,1.427928e-02,7.099236e-01,2.148102e-03,5.073377e-02
5.447944e-02,6.537412e-03,2.528072e-02,5.198090e-03,4.940179e-02,1.553585e-02,1.199311e-02,1.323847e-02,3.374358e-02,2.461184e-03,6.956495e-03,1.230948e-02,7.238050e-01,1.621224e-03,3.743812e-02
6.007323e-02,6.965401e-03,2.902705e-02,4.692182e-03,4.517651e-02,6.634448e-02,9.681311e-03,1.207016e-02,2.489376e-02,2.425988e-03,6.928563e-03,1.211409e-02,6.907051e-01,1.805328e-03,2.709682e-02
5.893139e-02,5.573994e-03,3.094883e-02,5.113910e-03,4.190292e-02,5.052706e-02,7.467731e-03,3.928987e-02,1.869484e-02,2.245885e-03,7.274653e-03,1.368990e-02,6.959937e-01,1.729199e-03,2.061615e-02
6.294867e-02,4.526876e-03,3.755766e-02,4.874507e-03,3.764086e-02,3.808628e-02,6.648951e-03,9.413193e-02,1.486311e-02,2.064307e-03,7.691212e-03,1.594842e-02,6.530246e-01,1.890660e-03,1.810193e-02
1.103959e-01,3.799977e-03,3.220840e-02,4.972911e-03,2.920383e-02,2.901820e-02,5.213471e-03,1.726041e-01,1.133644e-02,1.757519e-03,6.464592e-03,1.379852e-02,5.633706e-01,2.002231e-03,1.385327e-02
1.389717e-01,3.534709e-03,4.042009e-02,8.972461e-03,2.484068e-02,2.197852e-02,4.203386e-03,2.203648e-01,9.284983e-03,1.692684e-03,5.428809e-03,1.048952e-02,4.924107e-01,2.316708e-03,1.509025e-02
1.191698e-01,2.731974e-03,3.422063e-02,8.376524e-03,1.937541e-02,1.612663e-02,3.276167e-03,3.986278e-01,6.837018e-03,1.454442e-03,4.209073e-03,8.173244e-03,3.640904e-01,1.885912e-03,1.144496e-02
1.033065e-01,2.428525e-03,2.944778e-02,6.388048e-03,1.664937e-02,1.269336e-02,3.389856e-03,5.383826e-01,5.251322e-03,1.088099e-03,3.260846e-03,6.453183e-03,2.614513e-01,1.415806e-03,8.393385e-03
8.880121e-02,2.324667e-03,2.335747e-02,5.542049e-03,1.650800e-02,1.065754e-02,5.931665e-03,6.383650e-01,4.114829e-03,8.421942e-04,2.503450e-03,5.459737e-03,1.877389e-01,1.048419e-03,6.804891e-03
7.203151e-02,2.224958e-03,1.867083e-02,5.448557e-03,1.592059e-02,9.153942e-03,4.835739e-03,7.181654e-01,3.201931e-03,7.599227e-04,2.235475e-03,4.139210e-03,1.367064e-01,8.237543e-04,5.681843e-03
5.488055e-02,2.023255e-03,1.489697e-02,7.078618e-03,1.524133e-02,9.636765e-03,4.049349e-03,7.777025e-01,2.554389e-03,7.099304e-04,2.118159e-03,3.221025e-03,9.825779e-02,6.854237e-04,6.943945e-03
4.614673e-02,2.349640e-03,1.293372e-02,8.007265e-03,1.984343e-02,8.387839e-03,3.202607e-03,8.137137e-01,2.334635e-03,7.667373e-04,2.150208e-03,2.502704e-03,7.053151e-02,5.832189e-04,6.546085e-03
4.814339e-02,2.095685e-03,1.010447e-02,8.379390e-03,1.850861e-02,7.236778e-03,2.521051e-03,8.399719e-01,1.957737e-03,7.472533e-04,2.290649e-03,2.441724e-03,5.005364e-02,5.126421e-04,5.035130e-03
4.960575e-02,1.997790e-03,8.014608e-03,7.121687e-03,1.467559e-02,5.945226e-03,1.961212e-03,8.641046e-01,1.752906e-03,6.259034e-04,2.108468e-03,2.356071e-03,3.539929e-02,4.571174e-04,3.873808e-03
4.118319e-02,1.674584e-03,6.136632e-03,6.047033e-03,1.104698e-02,4.513166e-03,1.473668e-03,8.940326e-01,1.515915e-03,4.838262e-04,1.686160e-03,2.014947e-03,2.494579e-02,3.793211e-04,2.866198e-03
3.600535e-02,1.317988e-03,4.518079e-03,4.826725e-03,8.234346e-03,3.502971e-03,1.176388e-03,9.154146e-01,1.399378e-03,3.761038e-04,1.386241e-03,1.799354e-03,1.759854e-02,2.904791e-04,2.153460e-03
3.258156e-02,9.891795e-04,3.341427e-03,3.889473e-03,6.075610e-03,2.733859e-03,9.152946e-04,9.309191e-01,1.239147e-03,2.919041e-04,1.166593e-03,1.564940e-03,1.243750e-02,2.218326e-04,1.632577e-03
5.147073e-02,1.377337e-03,2.829501e-03,5.211698e-02,4.918789e-03,5.115146e-03,7.161386e-04,7.641798e-01,6.175834e-03,6.663643e-04,2.489173e-02,3.597302e-02,4.687842e-02,3.836442e-04,2.306470e-03
4.400517e-02,1.343982e-03,2.857269e-03,1.593973e-01,3.974187e-03,5.079251e-03,5.333681e-04,5.723265e-01,6.936873e-03,8.561367e-04,9.644181e-02,3.807841e-02,6.555615e-02,3.960573e-04,2.217537e-03
3.150943e-02,1.155148e-03,2.405873e-03,2.728013e-01,3.045482e-03,3.779229e-03,3.817568e-04,4.043460e-01,8.535785e-03,7.567609e-04,1.596316e-01,3.201208e-02,7.751010e-02,3.716227e-04,1.757745e-03
2.326944e-02,8.733281e-04,2.220463e-03,1.977730e-01,3.734844e-03,2.806999e-03,3.330059e-04,2.877258e-01,7.331802e-03,7.045881e-04,3.186361e-01,3.300893e-02,1.194206e-01,3.471941e-04,1.813864e-03
1.860866e-02,8.722007e-04,2.146877e-03,1.474681e-01,5.347325e-03,3.282845e-03,3.141965e-04,2.070348e-01,1.625920e-02,7.592009e-04,3.377830e-01,5.623516e-02,2.015426e-01,4.365290e-04,1.909201e-03
1.401084e-02,8.323267e-04,2.284585e-03,2.354391e-01,5.076801e-02,5.336475e-03,3.659973e-04,1.461648e-01,3.826595e-02,7.569171e-04,2.897378e-01,4.222001e-02,1.716936e-01,4.184082e-04,1.705226e-03
1.096177e-02,6.369915e-04,2.414771e-03,1.763436e-01,4.023056e-02,4.751659e-03,4.866524e-04,1.028913e-01,2.923466e-02,1.725072e-03,3.775895e-01,3.797027e-02,2.091388e-01,5.446156e-04,5.079687e-03
8.252889e-03,4.699448e-04,2.364567e-03,1.276325e-01,3.237642e-02,3.772508e-03,4.532443e-04,7.333462e-02,2.271043e-02,1.891588e-03,4.295016e-01,3.254400e-02,2.561069e-01,7.061110e-04,7.882750e-03
6.783722e-03,3.819178e-04,2.141530e-03,9.088234e-02,2.697196e-02,3.058421e-03,4.117414e-04,5.903986e-02,1.875597e-02,2.449397e-03,4.369393e-01,2.796731e-02,3.117492e-01,1.284090e-03,1.118333e-02
1.006399e-02,7.328686e-04,3.051240e-03,8.552603e-02,2.670473e-02,4.697398e-03,6.205778e-04,4.807883e-02,2.685011e-02,2.807740e-03,4.156591e-01,2.528273e-02,3.276595e-01,2.950856e-03,1.931433e-02
2.803702e-02,2.697770e-03,1.872142e-02,1.051756e-01,1.240347e-01,5.295137e-03,1.883185e-03,4.039938e-02,2.828098e-02,2.715563e-03,3.324683e-01,1.969615e-02,2.665192e-01,2.763744e-03,2.131176e-02
3.133554e-02,2.906151e-03,1.742493e-02,8.604986e-02,1.595201e-01,7.438903e-03,4.077747e-03,5.942949e-02,4.353381e-02,2.646424e-03,2.477508e-01,1.612783e-02,2.726435e-01,2.343274e-03,4.677173e-02
4.520638e-02,1.346383e-02,1.596904e-02,7.114525e-02,1.769454e-01,8.060597e-03,5.411522e-03,4.957803e-02,1.627000e-01,2.583146e-03,1.848378e-01,1.500935e-02,2.081967e-01,2.072257e-03,3.882072e-02
5.585272e-02,1.332617e-02,1.254130e-02,5.982744e-02,1.517727e-01,8.651564e-03,5.485624e-03,3.684564e-02,3.251934e-01,1.983728e-03,1.343583e-01,1.365686e-02,1.511370e-01,1.551951e-03,2.781567e-02
5.604819e-02,1.272137e-02,1.109552e-02,8.775907e-02,1.235806e-01,1.369877e-02,4.928268e-03,2.711756e-02,4.211529e-01,2.214158e-03,9.660389e-02,1.133884e-02,1.102080e-01,1.133986e-03,2.039887e-02
5.635428e-02,1.480551e-02,8.951426e-03,1.274322e-01,9.224758e-02,1.252789e-02,3.869292e-03,1.927847e-02,4.841684e-01,2.163839e-03,6.881316e-02,1.093905e-02,8.082733e-02,8.304329e-04,1.679109e-02
6.439826e-02,1.244420e-02,8.688432e-03,9.818816e-02,6.767637e-02,9.319436e-02,5.150395e-03,1.403322e-02,4.967707e-01,2.019526e-03,4.918261e-02,9.776988e-03,6.399202e-02,6.780039e-04,1.380680e-02
4.609737e-02,8.978098e-03,6.626971e-03,6.935356e-02,4.746566e-02,3.443892e-01,3.767988e-03,9.875913e-03,3.628896e-01,1.471458e-03,3.470321e-02,7.344917e-03,4.630281e-02,4.982140e-04,1.023502e-02
3.346366e-02,7.215761e-03,6.202997e-03,5.094054e-02,3.334950e-02,5.141989e-01,2.822432e-03,7.005160e-03,2.649360e-01,1.215894e-03,2.552712e-02,6.003260e-03,3.760105e-02,4.654355e-04,9.052331e-03
2.743284e-02,6.724689e-03,5.570516e-03,3.623862e-02,2.374636e-02,6.133401e-01,2.254883e-03,5.211733e-03,2.043529e-01,1.005103e-03,1.913220e-02,8.600676e-03,3.810115e-02,4.165899e-04,7.871667e-03
2.585837e-02,6.307937e-03,4.561599e-03,2.575573e-02,1.740966e-02,6.438328e-01,2.041342e-03,4.136217e-03,1.770557e-01,1.304925e-03,1.502741e-02,1.730207e-02,4.730177e-02,7.947225e-04,1.130969e-02
2.883778e-02,6.355558e-03,3.986647e-03,1.885880e-02,1.661622e-02,5.880050e-01,3.081291e-03,3.846996e-03,1.632392e-01,1.324027e-03,1.319632e-02,3.421719e-02,1.040941e-01,8.402574e-04,1.350060e-02
2.226073e-02,5.034581e-03,2.892927e-03,1.376533e-02,1.263206e-02,4.828653e-01,2.488063e-03,2.827360e-03,1.245564e-01,1.074106e-03,9.736429e-03,2.673130e-02,2.808384e-01,6.695764e-04,1.162751e-02
1.633130e-02,7.166007e-03,3.200786e-03,1.535542e-02,1.010408e-02,3.546484e-01,2.296205e-03,2.824587e-03,1.062283e-01,1.802008e-03,7.727970e-03,2.333156e-02,4.314430e-01,8.692691e-04,1.667110e-02
2.113575e-02,1.139862e-02,4.351672e-03,1.684428e-02,1.170617e-02,2.672259e-01,2.473298e-03,5.404736e-03,9.720780e-02,3.441484e-03,6.812393e-03,2.999741e-02,5.059910e-01,1.302488e-03,1.470701e-02
2.527573e-02,4.021642e-02,6.311702e-03,1.919067e-02,1.341230e-02,2.025750e-01,2.374783e-03,5.635038e-03,9.494479e-02,6.371216e-03,8.858912e-03,6.985598e-02,4.796065e-01,2.293921e-03,2.307698e-02
2.256050e-02,5.463640e-02,7.771519e-03,1.733238e-02,1.556437e-02,1.496481e-01,2.119140e-03,5.050471e-03,9.972881e-02,6.090693e-03,9.512399e-03,8.129098e-02,5.047983e-01,2.203254e-03,2.169268e-02
2.860973e-02,1.198709e-01,9.136326e-03,1.417544e-02,1.437544e-02,1.076041e-01,1.846269e-03,4.514252e-03,8.206498e-02,5.499861e-03,1.003744e-02,7.966540e-02,4.805129e-01,3.208756e-03,3.887823e-02
5.310459e-02,1.220242e-01,1.394038e-02,1.338483e-02,1.508887e-02,7.796971e-02,2.089027e-03,1.477032e-02,7.444634e-02,4.538100e-03,8.645170e-03,6.086890e-02,4.960397e-01,3.997411e-03,3.909254e-02
6.651922e-02,1.123608e-01,3.984592e-02,2.340480e-02,1.409792e-02,1.009478e-01,2.182327e-03,1.162101e-02,6.610407e-02,6.711198e-03,9.772329e-03,8.172730e-02,3.940537e-01,8.413805e-03,6.223792e-02
9.886244e-02,1.186862e-01,4.605862e-02,1.867438e-02,1.378019e-02,8.223036e-02,2.628278e-03,9.793928e-03,7.662448e-02,5.966488e-03,1.469620e-02,1.104487e-01,3.419356e-01,1.120644e-02,4.840768e-02
1.276262e-01,1.142765e-01,3.995664e-02,1.451297e-02,1.428465e-02,6.224426e-02,3.137912e-03,9.789684e-03,8.502911e-02,5.455228e-03,1.942836e-02,1.343396e-01,3.183920e-01,1.144279e-02,4.008407e-02
1.109680e-01,8.447947e-02,7.835434e-02,1.805494e-02,6.631908e-02,5.732264e-02,3.014913e-02,5.143478e-02,7.358286e-02,6.618948e-03,2.099893e-02,1.171524e-01,2.436597e-01,8.828178e-03,3.207659e-02
1.142789e-01,6.720581e-02,5.893835e-02,1.701722e-02,6.149773e-02,4.876997e-02,2.544840e-02,4.137217e-02,1.073799e-01,1.129415e-02,2.482522e-02,1.773048e-01,2.112905e-01,7.774829e-03,2.560207e-02
1.269702e-01,6.450423e-02,5.017710e-02,1.709056e-02,7.154349e-02,5.709732e-02,1.994207e-02,4.751734e-02,1.106228e-01,1.844966e-02,2.286741e-02,1.826013e-01,1.814929e-01,7.179055e-03,2.194466e-02
1.215967e-01,5.528874e-02,3.781537e-02,1.406922e-02,1.262941e-01,4.560032e-02,2.131452e-02,3.688996e-02,1.557517e-01,2.272363e-02,2.488757e-02,1.520917e-01,1.558990e-01,6.073340e-03,2.370406e-02
1.025898e-01,4.823234e-02,2.744615e-02,1.170558e-02,1.049497e-01,3.380122e-02,1.567439e-02,2.638564e-02,1.472631e-01,2.268038e-02,3.150396e-02,2.797675e-01,1.233728e-01,5.270014e-03,1.935742e-02
7.782834e-02,3.641043e-02,1.951149e-02,8.807125e-03,7.788479e-02,2.615203e-02,1.151278e-02,1.864807e-02,1.256507e-01,1.855879e-02,3.071882e-02,4.300520e-01,9.968140e-02,4.056199e-03,1.452691e-02
5.709340e-02,2.947127e-02,1.444471e-02,6.468887e-03,5.986428e-02,1.941292e-02,8.313697e-03,1.324932e-02,1.415483e-01,2.329338e-02,3.012655e-02,5.049554e-01,7.776798e-02,3.173816e-03,1.081613e-02
4.889745e-02,2.269926e-02,1.389413e-02,5.126383e-03,8.051002e-02,1.502582e-02,7.402709e-03,1.800773e-02,1.907898e-01,2.390300e-02,2.959218e-02,4.666522e-01,6.699628e-02,2.598680e-03,7.904327e-03
3.766124e-02,1.764484e-02,1.129367e-02,3.949862e-03,1.006504e-01,1.097484e-02,5.654463e-03,1.766716e-02,2.323307e-01,2.739416e-02,2.886562e-02,4.391786e-01,5.840263e-02,2.575625e-03,5.756155e-03
2.783077e-02,1.276769e-02,8.259590e-03,2.881788e-03,1.242256e-01,7.944064e-03,4.368795e-03,1.378879e-02,3.685458e-01,2.072867e-02,2.215416e-02,3.363380e-01,4.421632e-02,1.855029e-03,4.094955e-03
2.129061e-02,1.174087e-02,8.661692e-03,2.295098e-03,1.373806e-01,6.231001e-03,4.213346e-03,2.652103e-02,4.426671e-01,2.367389e-02,1.916683e-02,2.540205e-01,3.675028e-02,2.137225e-03,3.249933e-03
2.771575e-02,8.497976e-03,2.197654e-02,5.956132e-03,1.132289e-01,8.714410e-03,1.863267e-02,1.717403e-01,3.305837e-01,3.458881e-02,2.618994e-02,1.913429e-01,3.656641e-02,1.847148e-03,2.418370e-03
2.146877e-02,7.436802e-03,1.659035e-02,4.591406e-03,9.562743e-02,7.730369e-03,1.323433e-02,1.332533e-01,4.862698e-01,2.578685e-02,1.963143e-02,1.379502e-01,2.724040e-02,1.371906e-03,1.816638e-03
1.757847e-02,6.067544e-03,1.176210e-02,3.581821e-03,9.635692e-02,6.505343e-03,9.662532e-03,9.602800e-02,6.007725e-01,1.863108e-02,1.386440e-02,9.739590e-02,1.938266e-02,9.903741e-04,1.420313e-03
1.666389e-02,4.486656e-03,8.627835e-03,4.807758e-03,1.153776e-01,5.709188e-03,7.243653e-03,8.309451e-02,6.470553e-01,1.323746e-02,9.793793e-03,6.841356e-02,1.370670e-02,7.025566e-04,1.079540e-03
2.172494e-02,3.828216e-03,6.700339e-03,6.338763e-03,1.346802e-01,5.610238e-03,6.635459e-03,8.662146e-02,6.450232e-01,1.213917e-02,7.486242e-03,4.890545e-02,1.097895e-02,5.761856e-04,2.751063e-03
2.329588e-02,5.674560e-03,4.900609e-03,5.803243e-03,1.608859e-01,6.065980e-03,6.248815e-03,6.256358e-02,6.398271e-01,8.823730e-03,5.637866e-03,3.488681e-02,2.935499e-02,4.579489e-04,5.572953e-03
2.508993e-02,7.356748e-03,3.564887e-03,5.408524e-03,1.553484e-01,6.589242e-03,5.995952e-03,4.995779e-02,6.665511e-01,6.729894e-03,4.378893e-03,2.519619e-02,3.068158e-02,4.087246e-04,6.742199e-03
2.455747e-02,8.322292e-03,2.663487e-03,1.119010e-02,1.277278e-01,6.899299e-03,5.127906e-03,4.778623e-02,7.078160e-01,5.025050e-03,3.503272e-03,1.830481e-02,2.498312e-02,3.705505e-04,5.722609e-03
3.185012e-02,7.138992e-03,2.042305e-03,1.493457e-02,1.455067e-01,7.251989e-03,5.155955e-03,4.901551e-02,6.933345e-01,3.643316e-03,2.971622e-03,1.384349e-02,1.856130e-02,3.014792e-04,4.448223e-03
3.611159e-02,7.710388e-03,1.514433e-03,1.223799e-02,1.348577e-01,1.110210e-02,5.157739e-03,4.535238e-02,7.115214e-01,2.676693e-03,2.288029e-03,1.038188e-02,1.472276e-02,2.932989e-04,4.071702e-03
3.472907e-02,1.072075e-02,1.277918e-03,9.705898e-03,1.138326e-01,2.074922e-02,6.516261e-03,4.125218e-02,7.302787e-01,2.048431e-03,1.840077e-03,7.864352e-03,1.390027e-02,2.861390e-04,4.998180e-03
4.241384e-02,1.171362e-02,3.404868e-03,3.760152e-02,1.249027e-01,1.672885e-02,8.642578e-03,6.973648e-02,6.571730e-01,1.746201e-03,1.501971e-03,6.344102e-03,1.084811e-02,2.336661e-04,7.008523e-03
5.236343e-02,3.222944e-02,1.029326e-02,3.750619e-02,1.029812e-01,2.749396e-02,7.986706e-03,5.978343e-02,6.318764e-01,1.929314e-03,1.433779e-03,5.712609e-03,1.911047e-02,4.058872e-04,8.893981e-03
7.415565e-02,2.865801e-02,1.045012e-02,3.703520e-02,1.066016e-01,3.535055e-02,1.029483e-02,5.534715e-02,6.074190e-01,1.748939e-03,1.393295e-03,4.892231e-03,1.753654e-02,3.723510e-04,8.744641e-03
1.401355e-01,4.615567e-02,1.236585e-02,3.200909e-02,9.165673e-02,3.968714e-02,8.817038e-03,4.439037e-02,5.434389e-01,1.492157e-03,2.538314e-03,4.497946e-03,2.150552e-02,7.369018e-04,1.057288e-02
1.830932e-01,7.043797e-02,6.397991e-02,8.093269e-02,7.743639e-02,3.066726e-02,7.699213e-03,3.630161e-02,3.993334e-01,2.580478e-03,4.067865e-03,6.412205e-03,1.730594e-02,8.639834e-04,1.888802e-02
2.231474e-01,1.027035e-01,7.561293e-02,7.823503e-02,6.452059e-02,3.082873e-02,6.046617e-03,3.003664e-02,3.081799e-01,5.435060e-03,4.514869e-03,6.348124e-03,1.775480e-02,1.220610e-03,4.541519e-02
2.672822e-01,9.797423e-02,6.067998e-02,8.464663e-02,8.116430e-02,4.275719e-02,7.686098e-03,2.365783e-02,2.538511e-01,4.571791e-03,6.239785e-03,6.996406e-03,2.501294e-02,1.398151e-03,3.608144e-02
3.169990e-01,8.887464e-02,4.569544e-02,7.179673e-02,7.341550e-02,6.644258e-02,7.165595e-03,1.757390e-02,2.221116e-01,3.946452e-03,5.837675e-03,7.429974e-03,3.835695e-02,1.465999e-03,3.288797e-02
