1.000000e+00,0.000000e+00,0.000000e+00,0.000000e+00,0.000000e+00,0.000000e+00,0.000000e+00,0.000000e+00,0.000000e+00,0.000000e+00,0.000000e+00,0.000000e+00,0.000000e+00,0.000000e+00,0.000000e+00
1.000000e+00,0.000000e+00,0.000000e+00,0.000000e+00,0.000000e+00,0.000000e+00,0.000000e+00,0.000000e+00,0.000000e+00,0.000000e+00,0.000000e+00,0.000000e+00,0.000000e+00,0.000000e+00,0.000000e+00
1.000000e+00,0.000000e+00,0.000000e+00,0.000000e+00,0.000000e+00,0.000000e+00,0.000000e+00,0.000000e+00,0.000000e+00,0.000000e+00,0.000000e+00,0.000000e+00,0.000000e+00,0.000000e+00,0.000000e+00
1.000000e+00,0.000000e+00,0.000000e+00,0.000000e+00,0.000000e+00,0.000000e+00,0.000000e+00,0.000000e+00,0.000000e+00,0.000000e+00,0.000000e+00,0.000000e+00,0.000000e+00,0.000000e+00,0.000000e+00
1.000000e+00,0.000000e+00,0.000000e+00,0.000000e+00,0.000000e+00,0.000000e+00,0.000000e+00,0.000000e+00,0.000000e+00,0.000000e+00,0.000000e+00,0.000000e+00,0.000000e+00,0.000000e+00,0.000000e+00
1.000000e+00,0.000000e+00,0.000000e+00,0.000000e+00,0.000000e+00,0.000000e+00,0.000000e+00,0.000000e+00,0.000000e+00,0.000000e+00,0.000000e+00,0.000000e+00,0.000000e+00,0.000000e+00,0.000000e+00
1.000000e+00,0.000000e+00,0.000000e+00,0.000000e+00,0.000000e+00,0.000000e+00,0.000000e+00,0.000000e+00,0.000000e+00,0.000000e+00,0.000000e+00,0.000000e+00,0.000000e+00,0.000000e+00,0.000000e+00
1.000000e+00,0.000000e+00,0.000000e+00,0.000000e+00,0.000000e+00,0.000000e+00,0.000000e+00,0.000000e+00,0.000000e+00,0.000000e+00,0.000000e+00,0.000000e+00,0.000000e+00,0.000000e+00,0.000000e+00
1.000000e+00,0.000000e+00,0.000000e+00,0.000000e+00,0.000000e+00,0.000000e+00,0.000000e+00,0.000000e+00,0.000000e+00,0.000000e+00,0.000000e+00,0.000000e+00,0.000000e+00,0.000000e+00,0.000000e+00
1.000000e+00,0.000000e+00,0.000000e+00,0.000000e+00,0.000000e+00,0.000000e+00,0.000000e+00,0.000000e+00,0.000000e+00,0.000000e+00,0.000000e+00,0.000000e+00,0.000000e+00,0.000000e+00,0.000000e+00
1.000000e+00,0.000000e+00,0.000000e+00,0.000000e+00,0.000000e+00,0.000000e+00,0.000000e+00,0.000000e+00,0.000000e+00,0.000000e+00,0.000000e+00,0.000000e+00,0.000000e+00,0.000000e+00,0.000000e+00
1.000000e+00,0.000000e+00,0.000000e+00,0.000000e+00,0.000000e+00,0.000000e+00,0.000000e+00,0.000000e+00,0.000000e+00,0.000000e+00,0.000000e+00,0.000000e+00,0.000000e+00,0.000000e+00,0.000000e+00
1.000000e+00,0.000000e+00,0.000000e+00,0.000000e+00,0.000000e+00,0.000000e+00,0.000000e+00,0.000000e+00,0.000000e+00,0.000000e+00,0.000000e+00,0.000000e+00,0.000000e+00,0.000000e+00,0.000000e+00
1.000000e+00,0.000000e+00,0.000000e+00,0.000000e+00,0.000000e+00,0.000000e+00,0.000000e+00,0.000000e+00,0.000000e+00,0.000000e+00,0.000000e+00,0.000000e+00,0.000000e+00,0.000000e+00,0.000000e+00
1.000000e+00,0.000000e+00,0.000000e+00,0.000000e+00,0.000000e+00,0.000000e+00,0.000000e+00,0.000000e+00,0.000000e+00,0.000000e+00,0.000000e+00,0.000000e+00,0.000000e+00,0.000000e+00,0.000000e+00
1.000000e+00,0.000000e+00,0.000000e+00,0.000000e+00,0.000000e+00,0.000000e+00,0.000000e+00,0.000000e+00,0.000000e+00,0.000000e+00,0.000000e+00,0.000000e+00,0.000000e+00,0.000000e+00,0.000000e+00
1.000000e+00,0.000000e+00,0.000000e+00,0.000000e+00,0.000000e+00,0.000000e+00,0.000000e+00,0.000000e+00,0.000000e+00,0.000000e+00,0.000000e+00,0.000000e+00,0.000000e+00,0.000000e+00,0.000000e+00
1.000000e+00,0.000000e+00,0.000000e+00,0.000000e+00,0.000000e+00,0.000000e+00,0.000000e+00,0.000000e+00,0.000000e+00,0.000000e+00,0.000000e+00,0.000000e+00,0.000000e+00,0.000000e+00,0.000000e+00
1.000000e+00,0.000000e+00,0.000000e+00,0.000000e+00,0.000000e+00,0.000000e+00,0.000000e+00,0.000000e+00,0.000000e+00,0.000000e+00,0.000000e+00,0.000000e+00,0.000000e+00,0.000000e+00,0.000000e+00
1.000000e+00,0.000000e+00,0.000000e+00,0.000000e+00,0.000000e+00,0.000000e+00,0.000000e+00,0.000000e+00,0.000000e+00,0.000000e+00,0.000000e+00,0.000000e+00,0.000000e+00,0.000000e+00,0.000000e+00
1.000000e+00,0.000000e+00,0.000000e+00,0.000000e+00,0.000000e+00,0.000000e+00,0.000000e+00,0.000000e+00,0.000000e+00,0.000000e+00,0.000000e+00,0.000000e+00,0.000000e+00,0.000000e+00,0.000000e+00
1.000000e+00,0.000000e+00,0.000000e+00,0.000000e+00,0.000000e+00,0.000000e+00,0.000000e+00,0.000000e+00,0.000000e+00,0.000000e+00,0.000000e+00,0.000000e+00,0.000000e+00,0.000000e+00,0.000000e+00
1.000000e+00,0.000000e+00,0.000000e+00,0.000000e+00,0.000000e+00,0.000000e+00,0.000000e+00,0.000000e+00,0.000000e+00,0.000000e+00,0.000000e+00,0.000000e+00,0.000000e+00,0.000000e+00,0.000000e+00
1.000000e+00,0.000000e+00,0.000000e+00,0.000000e+00,0.000000e+00,0.000000e+00,0.000000e+00,0.000000e+00,0.000000e+00,0.000000e+00,0.000000e+00,0.000000e+00,0.000000e+00,0.000000e+00,0.000000e+00
1.000000e+00,0.000000e+00,0.000000e+00,0.000000e+00,0.000000e+00,0.000000e+00,0.000000e+00,0.000000e+00,0.000000e+00,0.000000e+00,0.000000e+00,0.000000e+00,0.000000e+00,0.000000e+00,0.000000e+00
1.000000e+00,0.000000e+00,0.000000e+00,0.000000e+00,0.000000e+00,0.000000e+00,0.000000e+00,0.000000e+00,0.000000e+00,0.000000e+00,0.000000e+00,0.000000e+00,0.000000e+00,0.000000e+00,0.000000e+00
1.000000e+00,0.000000e+00,0.000000e+00,0.000000e+00,0.000000e+00,0.000000e+00,0.000000e+00,0.000000e+00,0.000000e+00,0.000000e+00,0.000000e+00,0.000000e+00,0.000000e+00,0.000000e+00,0.000000e+00
1.000000e+00,0.000000e+00,0.000000e+00,0.000000e+00,0.000000e+00,0.000000e+00,0.000000e+00,0.000000e+00,0.000000e+00,0.000000e+00,0.000000e+00,0.000000e+00,0.000000e+00,0.000000e+00,0.000000e+00
1.000000e+00,0.000000e+00,0.000000e+00,0.000000e+00,0.000000e+00,0.000000e+00,0.000000e+00,0.000000e+00,0.000000e+00,0.000000e+00,0.000000e+00,0.000000e+00,0.000000e+00,0.000000e+00,0.000000e+00
1.000000e+00,0.000000e+00,0.000000e+00,0.000000e+00,0.000000e+00,0.000000e+00,0.000000e+00,0.000000e+00,0.000000e+00,0.000000e+00,0.000000e+00,0.000000e+00,0.000000e+00,0.000000e+00,0.000000e+00
1.000000e+00,0.000000e+00,0.000000e+00,0.000000e+00,0.000000e+00,0.000000e+00,0.000000e+00,0.000000e+00,0.000000e+00,0.000000e+00,0.000000e+00,0.000000e+00,0.000000e+00,0.000000e+00,0.000000e+00
1.000000e+00,0.000000e+00,0.000000e+00,0.000000e+00,0.000000e+00,0.000000e+00,0.000000e+00,0.000000e+00,0.000000e+00,0.000000e+00,0.000000e+00,0.000000e+00,0.000000e+00,0.000000e+00,0.000000e+00
1.000000e+00,0.000000e+00,0.000000e+00,0.000000e+00,0.000000e+00,0.000000e+00,0.000000e+00,0.000000e+00,0.000000e+00,0.000000e+00,0.000000e+00,0.000000e+00,0.000000e+00,0.000000e+00,0.000000e+00
1.000000e+00,0.000000e+00,0.000000e+00,0.000000e+00,0.000000e+00,0.000000e+00,0.000000e+00,0.000000e+00,0.000000e+00,0.000000e+00,0.000000e+00,0.000000e+00,0.000000e+00,0.000000e+00,0.000000e+00
1.000000e+00,0.000000e+00,0.000000e+00,0.000000e+00,0.000000e+00,0.000000e+00,0.000000e+00,0.000000e+00,0.000000e+00,0.000000e+00,0.000000e+00,0.000000e+00,0.000000e+00,0.000000e+00,0.000000e+00
1.000000e+00,0.000000e+00,0.000000e+00,0.000000e+00,0.000000e+00,0.000000e+00,0.000000e+00,0.000000e+00,0.000000e+00,0.000000e+00,0.000000e+00,0.000000e+00,0.000000e+00,0.000000e+00,0.000000e+00
1.000000e+00,0.000000e+00,0.000000e+00,0.000000e+00,0.000000e+00,0.000000e+00,0.000000e+00,0.000000e+00,0.000000e+00,0.000000e+00,0.000000e+00,0.000000e+00,0.000000e+00,0.000000e+00,0.000000e+00
1.000000e+00,0.000000e+00,0.000000e+00,0.000000e+00,0.000000e+00,0.000000e+00,0.000000e+00,0.000000e+00,0.000000e+00,0.000000e+00,0.000000e+00,0.000000e+00,0.000000e+00,0.000000e+00,0.000000e+00
1.000000e+00,0.000000e+00,0.000000e+00,0.000000e+00,0.000000e+00,0.000000e+00,0.000000e+00,0.000000e+00,0.000000e+00,0.000000e+00,0.000000e+00,0.000000e+00,0.000000e+00,0.000000e+00,0.000000e+00
1.000000e+00,0.000000e+00,0.000000e+00,0.000000e+00,0.000000e+00,0.000000e+00,0.000000e+00,0.000000e+00,0.000000e+00,0.000000e+00,0.000000e+00,0.000000e+00,0.000000e+00,0.000000e+00,0.000000e+00
1.000000e+00,0.000000e+00,0.000000e+00,0.000000e+00,0.000000e+00,0.000000e+00,0.000000e+00,0.000000e+00,0.000000e+00,0.000000e+00,0.000000e+00,0.000000e+00,0.000000e+00,0.000000e+00,0.000000e+00
1.000000e+00,0.000000e+00,0.000000e+00,0.000000e+00,0.000000e+00,0.000000e+00,0.000000e+00,0.000000e+00,0.000000e+00,0.000000e+00,0.000000e+00,0.000000e+00,0.000000e+00,0.000000e+00,0.000000e+00
1.000000e+00,0.000000e+00,0.000000e+00,0.000000e+00,0.000000e+00,0.000000e+00,0.000000e+00,0.000000e+00,0.000000e+00,0.000000e+00,0.000000e+00,0.000000e+00,0.000000e+00,0.000000e+00,0.000000e+00
1.000000e+00,0.000000e+00,0.000000e+00,0.000000e+00,0.000000e+00,0.000000e+00,0.000000e+00,0.000000e+00,0.000000e+00,0.000000e+00,0.000000e+00,0.000000e+00,0.000000e+00,0.000000e+00,0.000000e+00
1.000000e+00,0.000000e+00,0.000000e+00,0.000000e+00,0.000000e+00,0.000000e+00,0.000000e+00,0.000000e+00,0.000000e+00,0.000000e+00,0.000000e+00,0.000000e+00,0.000000e+00,0.000000e+00,0.000000e+00
1.000000e+00,0.000000e+00,0.000000e+00,0.000000e+00,0.000000e+00,0.000000e+00,0.000000e+00,0.000000e+00,0.000000e+00,0.000000e+00,0.000000e+00,0.000000e+00,0.000000e+00,0.000000e+00,0.000000e+00
1.000000e+00,0.000000e+00,0.000000e+00,0.000000e+00,0.000000e+00,0.000000e+00,0.000000e+00,0.000000e+00,0.000000e+00,0.000000e+00,0.000000e+00,0.000000e+00,0.000000e+00,0.000000e+00,0.000000e+00
1.000000e+00,0.000000e+00,0.000000e+00,0.000000e+00,0.000000e+00,0.000000e+00,0.000000e+00,0.000000e+00,0.000000e+00,0.000000e+00,0.000000e+00,0.000000e+00,0.000000e+00,0.000000e+00,0.000000e+00
1.000000e+00,0.000000e+00,0.000000e+00,0.000000e+00,0.000000e+00,0.000000e+00,0.000000e+00,0.000000e+00,0.000000e+00,0.000000e+00,0.000000e+00,0.000000e+00,0.000000e+00,0.000000e+00,0.000000e+00
1.000000e+00,0.000000e+00,0.000000e+00,0.000000e+00,0.000000e+00,0.000000e+00,0.000000e+00,0.000000e+00,0.000000e+00,0.000000e+00,0.000000e+00,0.000000e+00,0.000000e+00,0.000000e+00,0.000000e+00
1.000000e+00,0.000000e+00,0.000000e+00,0.000000e+00,0.000000e+00,0.000000e+00,0.000000e+00,0.000000e+00,0.000000e+00,0.000000e+00,0.000000e+00,0.000000e+00,0.000000e+00,0.000000e+00,0.000000e+00
1.000000e+00,0.000000e+00,0.000000e+00,0.000000e+00,0.000000e+00,0.000000e+00,0.000000e+00,0.000000e+00,0.000000e+00,0.000000e+00,0.000000e+00,0.000000e+00,0.000000e+00,0.000000e+00,0.000000e+00
1.000000e+00,0.000000e+00,0.000000e+00,0.000000e+00,0.000000e+00,0.000000e+00,0.000000e+00,0.000000e+00,0.000000e+00,0.000000e+00,0.000000e+00,0.000000e+00,0.000000e+00,0.000000e+00,0.000000e+00
1.000000e+00,0.000000e+00,0.000000e+00,0.000000e+00,0.000000e+00,0.000000e+00,0.000000e+00,0.000000e+00,0.000000e+00,0.000000e+00,0.000000e+00,0.000000e+00,0.000000e+00,0.000000e+00,0.000000e+00
1.000000e+00,0.000000e+00,0.000000e+00,0.000000e+00,0.000000e+00,0.000000e+00,0.000000e+00,0.000000e+00,0.000000e+00,0.000000e+00,0.000000e+00,0.000000e+00,0.000000e+00,0.000000e+00,0.000000e+00
1.000000e+00,0.000000e+00,0.000000e+00,0.000000e+00,0.000000e+00,0.000000e+00,0.000000e+00,0.000000e+00,0.000000e+00,0.000000e+00,0.000000e+00,0.000000e+00,0.000000e+00,0.000000e+00,0.000000e+00
1.000000e+00,0.000000e+00,0.000000e+00,0.000000e+00,0.000000e+00,0.000000e+00,0.000000e+00,0.000000e+00,0.000000e+00,0.000000e+00,0.000000e+00,0.000000e+00,0.000000e+00,0.000000e+00,0.000000e+00
1.000000e+00,0.000000e+00,0.000000e+00,0.000000e+00,0.000000e+00,0.000000e+00,0.000000e+00,0.000000e+00,0.000000e+00,0.000000e+00,0.000000e+00,0.000000e+00,0.000000e+00,0.000000e+00,0.000000e+00
3.913993e-01,1.504731e-02,2.058726e-02,6.609289e-02,2.558701e-02,1.046333e-02,3.796912e-03,4.239420e-01,3.499876e-03,9.374868e-04,5.809830e-03,1.080059e-02,1.189836e-02,1.428037e-03,8.709885e-03
2.854179e-01,1.151214e-02,1.703794e-02,4.884115e-02,2.535724e-02,8.535663e-03,3.128877e-03,5.653441e-01,2.788530e-03,7.671096e-04,5.844830e-03,7.883478e-03,9.301065e-03,1.919863e-03,6.320149e-03
2.052477e-01,8.543406e-03,1.310345e-02,3.540457e-02,2.444682e-02,8.315625e-03,3.698698e-03,6.478396e-01,2.369784e-03,1.084746e-03,1.775477e-02,8.896982e-03,1.419703e-02,3.893112e-03,5.203751e-03
1.450617e-01,6.108969e-03,9.311148e-03,2.955594e-02,1.893732e-02,7.053696e-03,2.714814e-03,5.481194e-01,2.162551e-03,2.047898e-03,1.001948e-01,5.675887e-02,5.321051e-02,1.485695e-02,3.905368e-03
1.021660e-01,4.367503e-03,6.547655e-03,2.337856e-02,1.353369e-02,5.196411e-03,1.945808e-03,3.959690e-01,2.153165e-03,3.210263e-03,1.409773e-01,1.198542e-01,1.526237e-01,2.466450e-02,3.412207e-03
7.198329e-02,3.282609e-03,4.663464e-03,2.648327e-02,9.794858e-03,3.829381e-03,1.380254e-03,2.817143e-01,2.616217e-03,9.188597e-03,1.483883e-01,1.865291e-01,1.817830e-01,6.533653e-02,3.026804e-03
5.097176e-02,2.402096e-03,3.413176e-03,2.179045e-02,8.632249e-03,3.204111e-03,1.116278e-03,1.999815e-01,4.138143e-03,1.175235e-02,1.318286e-01,2.721031e-01,1.968159e-01,8.923429e-02,2.616005e-03
3.868768e-02,5.058330e-03,8.470522e-03,1.186527e-01,1.170205e-02,7.618132e-03,1.017827e-03,1.425438e-01,3.537939e-02,1.011094e-02,1.504694e-01,2.550905e-01,1.423030e-01,6.675436e-02,6.141277e-03
2.841933e-02,5.078171e-03,9.218223e-03,1.959943e-01,9.586524e-03,1.149089e-02,8.242696e-04,1.007612e-01,2.968329e-02,7.835232e-03,2.015639e-01,2.443471e-01,1.014236e-01,4.824031e-02,5.533737e-03
2.125512e-02,5.188395e-03,9.282199e-03,1.696713e-01,7.552774e-03,1.105409e-02,8.600579e-04,7.135366e-02,2.544364e-02,7.332407e-03,2.547225e-01,3.015939e-01,7.554609e-02,3.439444e-02,4.749358e-03
1.542209e-02,4.535471e-03,7.128233e-03,1.657442e-01,7.236526e-03,1.229023e-02,6.852921e-04,5.024989e-02,1.860395e-02,7.016494e-03,2.865908e-01,3.424397e-01,5.367443e-02,2.438302e-02,3.999791e-03
1.176761e-02,5.365652e-03,5.717392e-03,1.213082e-01,1.773007e-02,1.111482e-02,5.300526e-04,3.530082e-02,1.366273e-02,2.067152e-02,3.406034e-01,3.538994e-01,3.808651e-02,1.893165e-02,5.310242e-03
9.378532e-03,4.358923e-03,4.382921e-03,8.658996e-02,1.706578e-02,1.015803e-02,3.905284e-04,2.498832e-02,1.119933e-02,1.571504e-02,3.144292e-01,4.546787e-01,2.721382e-02,1.511552e-02,4.335491e-03
7.717099e-03,3.693347e-03,3.355143e-03,6.109442e-02,1.639203e-02,9.030180e-03,3.110318e-04,1.787093e-02,9.015428e-03,1.281623e-02,2.965679e-01,5.273787e-01,1.952850e-02,1.201486e-02,3.214224e-03
6.096256e-03,2.708404e-03,2.392070e-03,4.290284e-02,1.167731e-02,6.671277e-03,2.247763e-04,1.253517e-02,6.523754e-03,9.737237e-03,2.247066e-01,6.487704e-01,1.380563e-02,8.927789e-03,2.320495e-03
5.391680e-03,2.020367e-03,1.716800e-03,3.014498e-02,8.425433e-03,4.856771e-03,1.650517e-04,8.796421e-03,4.759087e-03,7.531387e-03,1.709104e-01,7.367561e-01,9.849573e-03,6.982785e-03,1.693163e-03
1.373610e-02,2.540590e-03,1.680560e-03,2.193660e-02,1.069968e-02,4.310013e-03,5.191051e-04,6.699800e-03,3.897467e-03,5.969637e-03,1.519000e-01,7.614702e-01,7.200713e-03,5.901774e-03,1.537735e-03
1.435998e-02,2.157349e-03,1.563257e-03,1.602912e-02,1.111069e-02,3.918137e-03,6.570467e-04,7.382848e-03,3.337306e-03,6.599749e-03,1.355442e-01,7.843593e-01,5.620300e-03,6.226125e-03,1.134569e-03
1.548584e-02,2.737092e-03,1.735517e-03,1.203289e-02,1.494187e-02,4.830028e-03,6.732515e-04,6.882075e-03,2.986092e-03,6.224243e-03,1.347182e-01,7.841653e-01,4.587974e-03,6.985704e-03,1.013925e-03
1.514827e-02,1.797407e-02,2.260739e-02,1.061194e-02,6.925248e-02,1.176354e-02,1.423519e-03,1.698176e-02,2.655563e-03,5.148637e-03,1.076790e-01,7.084600e-01,3.372059e-03,5.775895e-03,1.145857e-03
1.428347e-02,1.858976e-02,2.442819e-02,9.241780e-03,5.962805e-02,1.285275e-02,2.561284e-03,2.324969e-02,2.343847e-03,5.269063e-03,1.080630e-01,7.095085e-01,2.767456e-03,6.167888e-03,1.045182e-03
1.713810e-02,1.360795e-02,1.827724e-02,6.693632e-03,4.317895e-02,1.271280e-02,2.123194e-03,1.740075e-02,1.899793e-03,4.366980e-03,1.236743e-01,7.277918e-01,2.459482e-03,7.869069e-03,8.058611e-04
1.479755e-02,1.037542e-02,1.350645e-02,4.782983e-03,3.247266e-02,9.541586e-03,2.084044e-03,1.306175e-02,1.788303e-03,3.291616e-03,1.291907e-01,7.560844e-01,1.975069e-03,6.420408e-03,6.270991e-04
1.902022e-02,8.729662e-03,1.011527e-02,3.656503e-03,2.612422e-02,8.303036e-03,2.234117e-03,1.012476e-02,1.927315e-03,2.669180e-03,1.537561e-01,7.451770e-01,1.879782e-03,5.566990e-03,7.158911e-04
2.096529e-02,9.786340e-03,8.960761e-03,3.004463e-03,2.992496e-02,7.413947e-03,6.031872e-03,1.025316e-02,2.380976e-03,2.524182e-03,2.282318e-01,6.633641e-01,1.808886e-03,4.553903e-03,7.954265e-04
2.478692e-02,1.108943e-02,1.093410e-02,2.404228e-03,3.644060e-02,7.204187e-03,8.673960e-03,1.208459e-02,2.531532e-03,3.238488e-03,2.864002e-01,5.862445e-01,1.859293e-03,5.097707e-03,1.010302e-03
2.250060e-02,8.218022e-03,7.900299e-03,1.774887e-03,2.809467e-02,5.643102e-03,6.558856e-03,9.028681e-03,2.002574e-03,3.860304e-03,3.743995e-01,5.231389e-01,1.895327e-03,4.215159e-03,7.690607e-04
2.102332e-02,6.507426e-03,5.808564e-03,1.361609e-03,2.482612e-02,5.029170e-03,5.462752e-03,7.402597e-03,1.858180e-03,1.401424e-02,4.330747e-01,4.656435e-01,1.940724e-03,5.372884e-03,6.743022e-04
2.385711e-02,5.680310e-03,4.600394e-03,1.076423e-03,2.069898e-02,4.838923e-03,4.696284e-03,6.194734e-03,2.548716e-03,2.367447e-02,4.821602e-01,4.093881e-01,3.306048e-03,6.666286e-03,6.130719e-04
3.136127e-02,5.164161e-03,4.149675e-03,1.085843e-03,1.969907e-02,6.020573e-03,3.914759e-03,6.927988e-03,3.643810e-03,3.713564e-02,4.848406e-01,3.797488e-01,5.337887e-03,1.034147e-02,6.284695e-04
2.889906e-02,4.634627e-03,3.341368e-03,9.546495e-04,1.702826e-02,5.660672e-03,3.696743e-03,6.436399e-03,3.799342e-03,3.341607e-02,5.173950e-01,3.595983e-01,5.451446e-03,9.096339e-03,5.917358e-04
2.500670e-02,5.887019e-03,3.271977e-03,8.861619e-04,1.715513e-02,6.187573e-03,3.775268e-03,5.590760e-03,4.509845e-03,3.171065e-02,4.963796e-01,3.858862e-01,4.918160e-03,7.985555e-03,8.494171e-04
1.855434e-02,4.830120e-03,2.767869e-03,6.972270e-04,1.307965e-02,5.514963e-03,2.786475e-03,4.127526e-03,5.058004e-03,2.630340e-02,4.043449e-01,4.992713e-01,3.819427e-03,7.830933e-03,1.013860e-03
1.615502e-02,4.096095e-03,4.154063e-03,8.111974e-04,1.602435e-02,5.415708e-03,3.736459e-03,1.706779e-02,5.016052e-03,2.457372e-02,3.101701e-01,5.793951e-01,3.149529e-03,9.301450e-03,9.333103e-04
1.460142e-02,3.914411e-03,6.251814e-03,8.794368e-04,1.608458e-02,6.124241e-03,5.125658e-03,2.068844e-02,4.929006e-03,3.026460e-02,2.586443e-01,6.189298e-01,2.633878e-03,9.922244e-03,1.006180e-03
1.614010e-02,4.269755e-03,5.553960e-03,7.472557e-04,1.752022e-02,6.777705e-03,4.980798e-03,1.634568e-02,4.333025e-03,3.575036e-02,3.137496e-01,5.610532e-01,2.480184e-03,9.277955e-03,1.020198e-03
1.484948e-02,7.440418e-03,5.409346e-03,6.955880e-04,3.645129e-02,6.226200e-03,3.759819e-03,1.287227e-02,4.258608e-03,3.209854e-02,2.409274e-01,6.230693e-01,2.131591e-03,8.610996e-03,1.199043e-03
1.298080e-02,7.772435e-03,3.056589e-02,1.425418e-03,3.557537e-02,6.959144e-03,3.023970e-03,3.293448e-02,3.968948e-03,2.822761e-02,1.781813e-01,6.487862e-01,1.718435e-03,6.930729e-03,9.492107e-04
1.038170e-02,8.626233e-03,3.039397e-02,1.182384e-03,4.326383e-02,5.624675e-03,2.199750e-03,2.963000e-02,4.941968e-03,2.328028e-02,1.355100e-01,6.964203e-01,1.477538e-03,6.343949e-03,7.234712e-04
8.351346e-03,6.831380e-03,3.449926e-02,1.053129e-03,4.738522e-02,4.533996e-03,1.582336e-03,3.285661e-02,5.787190e-03,1.847285e-02,1.015933e-01,7.294841e-01,2.009804e-03,5.038470e-03,5.210247e-04
8.260015e-03,1.428854e-02,5.680855e-02,1.019657e-03,1.020140e-01,4.962883e-03,1.166695e-03,3.835507e-02,9.307000e-03,1.783876e-02,8.703278e-02,6.491476e-01,3.810992e-03,5.569069e-03,4.183507e-04
8.514922e-03,1.905736e-02,8.069971e-02,2.531162e-03,1.311590e-01,7.105676e-03,2.028855e-03,1.144806e-01,1.121050e-02,1.439650e-02,6.735684e-02,5.338794e-01,2.989166e-03,4.266195e-03,3.241939e-04
1.458192e-02,1.825459e-02,6.763269e-02,4.917125e-03,1.509820e-01,1.751156e-02,4.551582e-03,1.735516e-01,3.279610e-02,2.793978e-02,5.574714e-02,4.243559e-01,2.583903e-03,4.283713e-03,3.104736e-04
3.349018e-02,1.602183e-02,5.428392e-02,8.827842e-03,1.403424e-01,3.773819e-02,4.671930e-03,1.738584e-01,3.912144e-02,8.803362e-02,6.632224e-02,3.291054e-01,2.730560e-03,4.951926e-03,5.000722e-04
4.941352e-02,2.017637e-02,5.344596e-02,1.546272e-02,1.498017e-01,4.409643e-02,4.616835e-03,2.175480e-01,3.608427e-02,7.628024e-02,6.015770e-02,2.630578e-01,3.026430e-03,6.195399e-03,6.366522e-04
6.925783e-02,2.209120e-02,5.120160e-02,2.237778e-02,1.921068e-01,4.432192e-02,4.726680e-03,2.072160e-01,4.105689e-02,5.819464e-02,6.031454e-02,2.156448e-01,2.912073e-03,7.788670e-03,7.886769e-04
1.422878e-01,2.213718e-02,5.037734e-02,2.903667e-02,1.950466e-01,4.547526e-02,4.248057e-03,1.610669e-01,4.305672e-02,4.502068e-02,6.285699e-02,1.834661e-01,3.056620e-03,1.097898e-02,1.888232e-03
1.919506e-01,2.105721e-02,3.951366e-02,2.826082e-02,2.049307e-01,3.909582e-02,3.157431e-03,1.168969e-01,4.966388e-02,4.619534e-02,8.943257e-02,1.430920e-01,3.307790e-03,1.707823e-02,6.367078e-03
1.637273e-01,4.588643e-02,3.235529e-02,8.598351e-02,2.457382e-01,3.471106e-02,2.758053e-03,1.250163e-01,3.667301e-02,3.292715e-02,6.533424e-02,1.076468e-01,3.102414e-03,1.273681e-02,5.403495e-03
1.231355e-01,2.047814e-01,2.777485e-02,6.301312e-02,1.739920e-01,2.541629e-02,1.956261e-03,8.821926e-02,2.644748e-02,2.407498e-02,1.266851e-01,7.784043e-02,5.193959e-03,2.517929e-02,6.290042e-03
8.692575e-02,2.858925e-01,2.163773e-02,4.532435e-02,1.221981e-01,1.827429e-02,1.380830e-03,6.184565e-02,1.942630e-02,1.741070e-02,2.194813e-01,5.581921e-02,6.909268e-03,3.185703e-02,5.616997e-03
6.101937e-02,2.009398e-01,1.524780e-02,3.190111e-02,8.570166e-02,1.291537e-02,9.756200e-04,4.332270e-02,1.390538e-02,1.244416e-02,4.111474e-01,4.011414e-02,5.020678e-03,6.118151e-02,4.163323e-03
4.296695e-02,1.419673e-01,1.092113e-02,2.248343e-02,6.084156e-02,9.936327e-03,6.971346e-04,3.041930e-02,1.048837e-02,9.654251e-03,4.950787e-01,2.950886e-02,3.640809e-03,1.280164e-01,3.379453e-03
3.022545e-02,9.970927e-02,7.719901e-03,1.588228e-02,4.322324e-02,7.287502e-03,5.012607e-04,2.135010e-02,7.858726e-03,7.858186e-03,5.856506e-01,2.245747e-02,2.614570e-03,1.451663e-01,2.495138e-03
2.132535e-02,6.985706e-02,5.457196e-03,1.135716e-02,3.078178e-02,5.365603e-03,3.645903e-04,1.499251e-02,6.330904e-03,7.341760e-03,6.186044e-01,1.687574e-02,1.888185e-03,1.874369e-01,2.020898e-03
1.516814e-02,4.917005e-02,3.893033e-03,8.142623e-03,2.196823e-02,3.957774e-03,2.636979e-04,1.051862e-02,5.833175e-03,7.331169e-03,6.407755e-01,1.268385e-02,1.378890e-03,2.173182e-01,1.597021e-03
1.096783e-02,3.849726e-02,3.016002e-03,6.170821e-03,1.749909e-02,3.314231e-03,2.775159e-04,7.469725e-03,1.203518e-02,6.454844e-03,6.711773e-01,1.183246e-02,1.024373e-03,2.086404e-01,1.622892e-03
8.196003e-03,2.767466e-02,2.181596e-03,4.447917e-03,1.254170e-02,2.688296e-03,2.001071e-04,5.258890e-03,9.956821e-03,7.281258e-03,6.366918e-01,1.034964e-02,8.022914e-04,2.704614e-01,1.267618e-03
6.230920e-03,2.045705e-02,1.651197e-03,3.259788e-03,9.102146e-03,2.161147e-03,1.501565e-04,3.723576e-03,9.763798e-03,7.153235e-03,6.283454e-01,8.569245e-03,6.698484e-04,2.975862e-01,1.176262e-03
4.550170e-03,1.468392e-02,1.195671e-03,2.325675e-03,6.418163e-03,1.681571e-03,1.092250e-04,2.615069e-03,7.268481e-03,6.024573e-03,7.027970e-01,6.904448e-03,5.407717e-04,2.418957e-01,9.895735e-04
3.337643e-03,1.053946e-02,8.725231e-04,1.646939e-03,4.527608e-03,1.304521e-03,7.971138e-05,1.837531e-03,5.449218e-03,6.510793e-03,7.659743e-01,6.101822e-03,5.258634e-04,1.904143e-01,8.778090e-04
2.373809e-03,7.473345e-03,6.226484e-04,1.158420e-03,3.201236e-03,9.933047e-04,5.854429e-05,1.290694e-03,4.117429e-03,6.592428e-03,8.184361e-01,5.410572e-03,6.731928e-04,1.469283e-01,6.699477e-04
1.696663e-03,5.452101e-03,4.500290e-04,8.129863e-04,2.260815e-03,7.288129e-04,4.325024e-05,9.082989e-04,3.183309e-03,5.886458e-03,8.515840e-01,4.639235e-03,5.506054e-04,1.212834e-01,5.200126e-04
1.243650e-03,1.173246e-02,5.900820e-04,5.754376e-04,1.794576e-03,9.704180e-04,7.959672e-05,6.979457e-04,4.116758e-03,8.445200e-03,8.634473e-01,4.353784e-03,5.247900e-04,1.009323e-01,4.956882e-04
9.325556e-04,8.535445e-03,4.450117e-04,4.075569e-04,1.475409e-03,8.369040e-04,1.207393e-04,5.250440e-04,3.914108e-03,1.101265e-02,8.854241e-01,3.917600e-03,4.787146e-04,8.155038e-02,4.236478e-04
7.361908e-04,1.794231e-02,7.032707e-04,3.177210e-04,3.153477e-03,3.686582e-03,2.199272e-04,4.063693e-04,7.205551e-03,2.435320e-02,8.710549e-01,3.251965e-03,4.444128e-04,6.565324e-02,8.708582e-04
6.437653e-04,1.345401e-02,5.734405e-04,2.293232e-04,2.757556e-03,2.884472e-03,2.138757e-04,3.110341e-04,5.637674e-03,2.592976e-02,8.804222e-01,3.107880e-03,4.944885e-04,6.255271e-02,7.878629e-04
5.583092e-04,9.946420e-03,4.943540e-04,2.154420e-04,3.107628e-03,3.048968e-03,2.286611e-04,3.350358e-04,1.169379e-02,3.184880e-02,8.580790e-01,3.924418e-03,5.580049e-04,7.530538e-02,6.558541e-04
5.226395e-04,7.259986e-03,4.455085e-04,2.115398e-04,3.624445e-03,3.433982e-03,2.681834e-04,3.172364e-04,3.031409e-02,3.408397e-02,8.326356e-01,4.955279e-03,1.132815e-03,8.021969e-02,5.750681e-04
2.158666e-03,5.298797e-03,1.270157e-03,1.819378e-03,3.506465e-02,7.778948e-03,3.033131e-03,4.166871e-02,4.311003e-02,3.943001e-02,7.155504e-01,6.757153e-03,3.182690e-03,9.333334e-02,5.438983e-04
4.010831e-03,5.211607e-03,3.842961e-03,3.369908e-03,4.272999e-02,1.389420e-02,4.187887e-03,5.495255e-02,1.172745e-01,4.462337e-02,5.998117e-01,8.679682e-03,4.471518e-03,9.211862e-02,8.207656e-04
5.571616e-03,5.889708e-03,6.420746e-03,5.988414e-03,5.489908e-02,1.756790e-02,3.450061e-03,7.227592e-02,2.276150e-01,4.605677e-02,4.612992e-01,8.728175e-03,4.665866e-03,7.866451e-02,9.071432e-04
7.841173e-03,1.224581e-02,1.368199e-02,5.535586e-03,5.601067e-02,2.841954e-02,5.229843e-03,6.532306e-02,2.936671e-01,6.170285e-02,3.571085e-01,8.068033e-03,5.383771e-03,7.594771e-02,3.834437e-03
9.073224e-03,1.159911e-02,1.836094e-02,7.034265e-03,6.979635e-02,2.668236e-02,8.206111e-03,9.842372e-02,3.276880e-01,5.704443e-02,2.714722e-01,1.143559e-02,8.539121e-03,7.086588e-02,3.778831e-03
9.486378e-03,9.821592e-03,2.408506e-02,9.324795e-03,6.366348e-02,2.114138e-02,6.617871e-03,1.728162e-01,3.612150e-01,4.145569e-02,1.967912e-01,1.566650e-02,1.102959e-02,5.372486e-02,3.160515e-03
1.056847e-02,1.215101e-02,2.080712e-02,7.560523e-03,5.077761e-02,2.321924e-02,5.701480e-03,1.459908e-01,4.779080e-01,2.989238e-02,1.497853e-01,1.478361e-02,9.181796e-03,3.926601e-02,2.406690e-03
9.805324e-03,2.154660e-02,2.291784e-02,1.044745e-02,5.413811e-02,2.269805e-02,4.497648e-03,1.677954e-01,4.910463e-01,2.117913e-02,1.254976e-01,1.150781e-02,7.263846e-03,2.759310e-02,2.065730e-03
1.582138e-02,3.579390e-02,1.880378e-02,2.254449e-02,7.686260e-02,2.792782e-02,3.433447e-03,1.368445e-01,4.531128e-01,1.521378e-02,1.175862e-01,2.536526e-02,2.725465e-02,1.974176e-02,3.693676e-03
2.482473e-02,3.912856e-02,2.028737e-02,3.757562e-02,8.888945e-02,2.597033e-02,2.593483e-03,1.089631e-01,3.630215e-01,1.122660e-02,1.201466e-01,4.231032e-02,9.335815e-02,1.466770e-02,7.036521e-03
3.997448e-02,3.174221e-02,1.706977e-02,3.964156e-02,8.867524e-02,2.301413e-02,1.900724e-03,8.969901e-02,2.667997e-01,8.249744e-03,1.011490e-01,3.934100e-02,2.352171e-01,1.053885e-02,6.987627e-03
5.165154e-02,2.352107e-02,1.431815e-02,3.640737e-02,7.931077e-02,2.015618e-02,1.620234e-03,7.552472e-02,1.908987e-01,6.263700e-03,8.498586e-02,4.125388e-02,3.602169e-01,7.568565e-03,6.302403e-03
4.933783e-02,1.817263e-02,1.074354e-02,2.965534e-02,7.064742e-02,2.708001e-02,1.373661e-03,5.605005e-02,1.461920e-01,6.585267e-03,6.383570e-02,3.821656e-02,4.675443e-01,6.111300e-03,8.454464e-03
3.981354e-02,1.330570e-02,8.197024e-03,2.179587e-02,5.192603e-02,2.880997e-02,2.244976e-03,4.089367e-02,1.077763e-01,5.311432e-03,4.641449e-02,3.567081e-02,5.860317e-01,4.452118e-03,7.356457e-03
3.191166e-02,9.870831e-03,6.215021e-03,1.596756e-02,3.791562e-02,2.594150e-02,3.331804e-03,3.474093e-02,8.030183e-02,5.057761e-03,3.466257e-02,3.085244e-02,6.731989e-01,3.385362e-03,6.646174e-03
2.493254e-02,9.467196e-03,5.019188e-03,1.238105e-02,2.772281e-02,4.121144e-02,3.011323e-03,2.739102e-02,7.028688e-02,4.208473e-03,2.542001e-02,2.511657e-02,7.156188e-01,2.528767e-03,5.683891e-03
2.008203e-02,8.902166e-03,4.001561e-03,9.453999e-03,2.173810e-02,1.043021e-01,2.827124e-03,2.090960e-02,7.017166e-02,3.199768e-03,1.900817e-02,2.181579e-02,6.860169e-01,2.132392e-03,5.438657e-03
1.615690e-02,1.062798e-02,2.904498e-03,6.939077e-03,1.584115e-02,8.265412e-02,2.225844e-03,1.514921e-02,6.318744e-02,2.460615e-03,1.378886e-02,2.241219e-02,7.393724e-01,1.555447e-03,4.724203e-03
1.320977e-02,1.441691e-02,2.235584e-03,5.129160e-03,1.186709e-02,7.138900e-02,1.870899e-03,1.090915e-02,7.468708e-02,1.778395e-03,1.021078e-02,3.667419e-02,7.397811e-01,1.231467e-03,4.609363e-03
1.017884e-02,2.282506e-02,1.919907e-03,4.014005e-03,8.960673e-03,7.590547e-02,1.722586e-03,8.112302e-03,1.095592e-01,1.410497e-03,7.611333e-03,4.890416e-02,6.933676e-01,1.125415e-03,4.382890e-03
8.475093e-03,4.226976e-02,2.427270e-03,3.836506e-03,6.789909e-03,6.435773e-02,1.416522e-03,6.627588e-03,1.279497e-01,1.511620e-03,6.718116e-03,4.350775e-02,6.703635e-01,1.649952e-03,1.209891e-02
9.654677e-03,4.155810e-02,7.564475e-03,5.692260e-03,7.179934e-03,6.216715e-02,2.095966e-03,3.749712e-02,1.216214e-01,1.724431e-03,6.015914e-03,4.177405e-02,6.376791e-01,1.665656e-03,1.610981e-02
1.287246e-02,3.635243e-02,1.808197e-02,5.630738e-03,6.698322e-03,5.406244e-02,2.695544e-03,4.099851e-02,1.054878e-01,1.651934e-03,4.883159e-03,3.442856e-02,6.565658e-01,1.671826e-03,1.791845e-02
1.349663e-02,4.191796e-02,4.399091e-02,8.082697e-03,5.809068e-03,4.952573e-02,2.961384e-03,5.346324e-02,1.233685e-01,1.935681e-03,3.899368e-03,2.583928e-02,6.031458e-01,1.387694e-03,2.117614e-02
1.202364e-02,6.212286e-02,5.869585e-02,7.452202e-03,4.591763e-03,4.540738e-02,3.035879e-03,5.425621e-02,1.262610e-01,2.007400e-03,3.197884e-03,1.868681e-02,5.804508e-01,1.092450e-03,2.071791e-02
1.015190e-02,1.583720e-01,4.388160e-02,6.854182e-03,3.721487e-03,3.932996e-02,2.392049e-03,4.180308e-02,1.448554e-01,1.749606e-03,2.591101e-03,1.347605e-02,5.136966e-01,8.118437e-04,1.631320e-02
1.214731e-02,1.752991e-01,3.472238e-02,9.509033e-03,9.129203e-03,4.116140e-02,2.542652e-03,3.779170e-02,1.828083e-01,1.663298e-03,2.105324e-03,9.929949e-03,4.630103e-01,6.870497e-04,1.749305e-02
2.624308e-02,1.561439e-01,2.679648e-02,9.155364e-02,1.461247e-02,4.652423e-02,2.513077e-03,3.916696e-02,2.231294e-01,2.433757e-03,2.692408e-03,7.625998e-03,3.455931e-01,5.958195e-04,1.437576e-02
4.900052e-02,1.343383e-01,1.958094e-02,6.741881e-02,2.249273e-02,6.416312e-02,3.171858e-03,5.624732e-02,2.794412e-01,1.796223e-03,2.121930e-03,5.795445e-03,2.807862e-01,5.674453e-04,1.307797e-02
6.208685e-02,1.049589e-01,1.665333e-02,7.526827e-02,2.494139e-02,1.021373e-01,4.790508e-03,1.014024e-01,2.645570e-01,2.192694e-03,2.184753e-03,4.879613e-03,2.154621e-01,6.709915e-04,1.781391e-02
7.986951e-02,8.928838e-02,1.295863e-02,6.109040e-02,2.453639e-02,1.446890e-01,4.373792e-03,8.632477e-02,2.848055e-01,2.327139e-03,2.888698e-03,5.462886e-03,1.720126e-01,1.080517e-03,2.829172e-02
7.117245e-02,6.803461e-02,1.033211e-02,5.006953e-02,2.205347e-02,1.511557e-01,5.151382e-03,1.968061e-01,2.696373e-01,1.725098e-03,2.505109e-03,4.122845e-03,1.246485e-01,8.701903e-04,2.171548e-02
7.885169e-02,6.392163e-02,1.155639e-02,8.767425e-02,2.392118e-02,1.406211e-01,6.243005e-03,1.666819e-01,2.777132e-01,2.884232e-03,2.610099e-03,4.329187e-03,9.628205e-02,9.521580e-04,3.575784e-02
1.074777e-01,7.522973e-02,8.710787e-03,6.837339e-02,3.374550e-02,1.391719e-01,5.102961e-03,1.179767e-01,3.049829e-01,2.240299e-03,2.776315e-03,3.729027e-03,9.934375e-02,8.882879e-04,3.025065e-02
1.118127e-01,7.732667e-02,7.495752e-03,7.758194e-02,5.550946e-02,1.270078e-01,5.832002e-03,9.169754e-02,3.141582e-01,5.150865e-03,3.977999e-03,4.152173e-03,7.656442e-02,1.953233e-03,3.977917e-02
9.881502e-02,6.630424e-02,1.952761e-02,1.424370e-01,8.817221e-02,1.118258e-01,1.319362e-02,8.292997e-02,2.683235e-01,4.570959e-03,3.532676e-03,3.650622e-03,6.111354e-02,1.482751e-03,3.412041e-02
1.057039e-01,5.333988e-02,1.524611e-02,1.216164e-01,1.084642e-01,1.229908e-01,1.766285e-02,6.284909e-02,2.998673e-01,3.469385e-03,3.443166e-03,3.224564e-03,5.369353e-02,1.126768e-03,2.730200e-02
9.439531e-02,6.423794e-02,2.917728e-02,1.547714e-01,1.341902e-01,1.101731e-01,2.037084e-02,5.710745e-02,2.432168e-01,3.035985e-03,2.775986e-03,2.808461e-03,5.479597e-02,9.275132e-04,2.801581e-02
8.124581e-02,5.932686e-02,1.082072e-01,2.041159e-01,1.264128e-01,8.695033e-02,2.019020e-02,5.442315e-02,1.817212e-01,2.466454e-03,2.131529e-03,2.225764e-03,4.823405e-02,6.938893e-04,2.165490e-02
9.887738e-02,5.825382e-02,9.280864e-02,1.805212e-01,1.439457e-01,9.965803e-02,2.620133e-02,4.466791e-02,1.719165e-01,2.107935e-03,1.787067e-03,1.934287e-03,5.731850e-02,6.037412e-04,1.939796e-02
9.418985e-02,6.202630e-02,1.054913e-01,2.168779e-01,1.584644e-01,8.095797e-02,2.406721e-02,4.825441e-02,1.325748e-01,1.932014e-03,1.879916e-03,2.434079e-03,5.490718e-02,5.341963e-04,1.540838e-02
1.275603e-01,6.529528e-02,1.106499e-01,2.210168e-01,1.315062e-01,7.874180e-02,2.045069e-02,4.205481e-02,1.108533e-01,3.225762e-03,2.862747e-03,4.356650e-03,6.448621e-02,7.172811e-04,1.622228e-02
9.238210e-02,7.987092e-02,9.158761e-02,3.893163e-01,9.557245e-02,5.552869e-02,1.456007e-02,2.961477e-02,7.945605e-02,3.255154e-03,3.926179e-03,3.791172e-03,4.604869e-02,5.410447e-04,1.454882e-02
9.467206e-02,6.670091e-02,6.646775e-02,4.142749e-01,7.941765e-02,4.258018e-02,1.475922e-02,2.639966e-02,6.104382e-02,3.430736e-03,6.919891e-02,3.386526e-03,4.245064e-02,8.040401e-04,1.441303e-02
7.427506e-02,5.584176e-02,4.771103e-02,3.780095e-01,6.742170e-02,3.952011e-02,1.905266e-02,2.406257e-02,7.134569e-02,5.202125e-03,1.149618e-01,3.846826e-03,7.694301e-02,1.326341e-03,2.047980e-02
6.924723e-02,4.354620e-02,3.372442e-02,2.768103e-01,5.342176e-02,3.117093e-02,1.698987e-02,1.866340e-02,5.438087e-02,5.395369e-03,9.569026e-02,4.835591e-03,2.661002e-01,1.275284e-03,2.874827e-02
5.788806e-02,3.187797e-02,2.519872e-02,2.012851e-01,4.308514e-02,2.473206e-02,3.449558e-02,1.955365e-02,6.741184e-02,5.593216e-03,2.044135e-01,6.613302e-03,2.501273e-01,1.502405e-03,2.622222e-02
5.002478e-02,3.082183e-02,2.050890e-02,1.524256e-01,3.811844e-02,3.910533e-02,7.481422e-02,1.710984e-02,1.403122e-01,3.402701e-02,1.579363e-01,8.799933e-03,2.050377e-01,2.446288e-03,2.851162e-02
3.539198e-02,2.244846e-02,1.617160e-02,1.104819e-01,2.995468e-02,2.849967e-02,6.991710e-02,1.324706e-02,1.309947e-01,2.590376e-02,1.133226e-01,8.019742e-03,2.986566e-01,2.283625e-03,9.470649e-02
2.926071e-02,1.856825e-02,1.382851e-02,8.306425e-02,2.373247e-02,2.115029e-02,6.237527e-02,1.641949e-02,1.264387e-01,1.901583e-02,8.481431e-02,7.196498e-03,2.879947e-01,1.960478e-03,2.041802e-01
2.768274e-02,1.752128e-02,1.168252e-02,6.028037e-02,3.528305e-02,2.253481e-02,5.213126e-02,1.347709e-02,1.982339e-01,1.691956e-02,6.128649e-02,1.256218e-02,2.545417e-01,3.335014e-03,2.125280e-01
2.176867e-02,1.403474e-02,1.102305e-02,4.281284e-02,2.903593e-02,1.884688e-02,5.248319e-02,1.315427e-02,1.534325e-01,1.361808e-02,4.721420e-02,2.175999e-02,2.801815e-01,3.680439e-03,2.769538e-01
3.903011e-02,1.106735e-02,1.128661e-02,3.035860e-02,2.327002e-02,1.879509e-02,4.922568e-02,9.952518e-03,1.109114e-01,1.096976e-02,3.569416e-02,2.516729e-02,3.504043e-01,4.933241e-03,2.689340e-01
4.169792e-02,8.171319e-03,1.205171e-02,2.177135e-02,2.117698e-02,1.525100e-02,3.800873e-02,8.270587e-03,8.136219e-02,9.085363e-03,3.215228e-02,3.593654e-02,4.302503e-01,6.440047e-03,2.383736e-01
4.130657e-02,6.349002e-03,1.220139e-02,1.566126e-02,1.742850e-02,1.245906e-02,3.956494e-02,9.145971e-03,6.081339e-02,7.213688e-03,2.572580e-02,4.107528e-02,4.985090e-01,5.234484e-03,2.073117e-01
4.447855e-02,5.452301e-03,5.211279e-02,1.321733e-02,2.121081e-02,1.127521e-02,3.785517e-02,3.972153e-02,4.795579e-02,5.388618e-03,2.070770e-02,3.342156e-02,4.890455e-01,5.856996e-03,1.723002e-01
3.532071e-02,4.880170e-03,4.119015e-02,1.012087e-02,2.829627e-02,9.391938e-03,2.888174e-02,3.143182e-02,3.690191e-02,3.980198e-03,1.589434e-02,3.239321e-02,5.890964e-01,4.318864e-03,1.279014e-01
3.360271e-02,4.711020e-03,4.520220e-02,8.526546e-03,2.853169e-02,1.101162e-02,2.268422e-02,3.010751e-02,2.945251e-02,3.050999e-03,1.200794e-02,2.465271e-02,6.521770e-01,3.298143e-03,9.098322e-02
3.219227e-02,9.523362e-03,6.207621e-02,1.837493e-02,2.562257e-02,1.639917e-02,1.647857e-02,2.785829e-02,5.109264e-02,2.571687e-03,1.125096e-02,1.974109e-02,6.385128e-01,2.550613e-03,6.575479e-02
2.843915e-02,1.401625e-02,5.390651e-02,1.447409e-02,2.255042e-02,1.395495e-02,1.229879e-02,2.434957e-02,4.342939e-02,1.949356e-03,1.005211e-02,1.529519e-02,6.961443e-01,1.887247e-03,4.725269e-02
3.942469e-02,3.196831e-02,6.630118e-02,1.782578e-02,1.793239e-02,1.510079e-02,1.025253e-02,2.372314e-02,4.696328e-02,2.164365e-03,9.437745e-03,1.276080e-02,6.597071e-01,2.242947e-03,4.419498e-02
6.637803e-02,3.689343e-02,6.193365e-02,1.497248e-02,1.981823e-02,2.707361e-02,1.136361e-02,2.148453e-02,5.286853e-02,1.888438e-03,8.155765e-03,1.229164e-02,6.265680e-01,3.016216e-03,3.529383e-02
6.206078e-02,3.010113e-02,4.797798e-02,1.228844e-02,1.674845e-02,2.914982e-02,1.046172e-02,1.876632e-02,4.875065e-02,1.684561e-03,6.664718e-03,1.140116e-02,6.726862e-01,2.444288e-03,2.881377e-02
5.808932e-02,2.237011e-02,3.619562e-02,9.520712e-03,1.706955e-02,2.547266e-02,9.621689e-03,1.347419e-01,4.744757e-02,1.366802e-03,5.603447e-03,1.207369e-02,5.963986e-01,1.989337e-03,2.203902e-02
4.881281e-02,1.604477e-02,2.639148e-02,1.131248e-02,1.331425e-02,1.895930e-02,7.238477e-03,3.372929e-01,3.597970e-02,1.043068e-03,4.371119e-03,8.955006e-03,4.529603e-01,1.499048e-03,1.582531e-02
4.618420e-02,1.276343e-02,2.243789e-02,7.087426e-02,1.150536e-02,1.741664e-02,6.341771e-03,4.272101e-01,3.055070e-02,2.042118e-03,4.632885e-03,7.622743e-03,3.256704e-01,1.155581e-03,1.359203e-02
4.965349e-02,1.143010e-02,1.726696e-02,5.653428e-02,1.125347e-02,2.122670e-02,7.892698e-03,5.439826e-01,2.633179e-02,1.687421e-03,3.583114e-03,6.085048e-03,2.316452e-01,9.365720e-04,1.049059e-02
4.662602e-02,9.254321e-03,1.341590e-02,4.367506e-02,1.106535e-02,2.722389e-02,8.205926e-03,6.308417e-01,2.315651e-02,1.428925e-03,3.294075e-03,4.783036e-03,1.682656e-01,7.203110e-04,8.043314e-03
4.611813e-02,7.885085e-03,1.075160e-02,3.327523e-02,1.152498e-02,2.385365e-02,6.795880e-03,6.950611e-01,2.110719e-02,1.631645e-03,3.658149e-03,4.019933e-03,1.274041e-01,6.245421e-04,6.288890e-03
3.762442e-02,6.117437e-03,8.817123e-03,2.424307e-02,1.122108e-02,1.750194e-02,5.333976e-03,7.644563e-01,1.721416e-02,2.209298e-03,4.740201e-03,3.308402e-03,9.181716e-02,5.041877e-04,4.891300e-03
3.828032e-02,1.194998e-02,1.200964e-02,2.115995e-02,1.287122e-02,1.447557e-02,5.335251e-03,7.461811e-01,2.830208e-02,4.480660e-03,7.473030e-03,5.885268e-03,8.277562e-02,1.336755e-03,7.483566e-03
3.995511e-02,1.107992e-02,1.055356e-02,1.724934e-02,1.143274e-02,1.121502e-02,4.610381e-03,7.582326e-01,2.667077e-02,4.401931e-03,9.437455e-03,8.120578e-03,7.696635e-02,1.515353e-03,8.558927e-03
3.701279e-02,9.091977e-03,9.181092e-03,1.343739e-02,9.717129e-03,8.953742e-03,3.927418e-03,7.867140e-01,2.355235e-02,4.268769e-03,8.443942e-03,7.248367e-03,7.003528e-02,1.264616e-03,7.151112e-03
5.165432e-02,1.020193e-02,9.608716e-03,1.096814e-02,8.921793e-03,8.984217e-03,3.295443e-03,7.632436e-01,2.710990e-02,6.401059e-03,8.602545e-03,7.698054e-03,7.314268e-02,1.678468e-03,8.489123e-03
9.059869e-02,1.318920e-02,9.529350e-03,9.801848e-03,9.559792e-03,1.388558e-02,2.816014e-03,6.869348e-01,3.608571e-02,8.658982e-03,9.317899e-03,8.654100e-03,8.887051e-02,2.030544e-03,1.006698e-02
2.099729e-01,1.431395e-02,1.018536e-02,1.058985e-02,1.051879e-02,1.279587e-02,2.698646e-03,5.584998e-01,3.776995e-02,1.077376e-02,1.137719e-02,1.082589e-02,8.117455e-02,3.292475e-03,1.521102e-02
2.555485e-01,1.206637e-02,9.565191e-03,1.053564e-02,1.328217e-02,1.045753e-02,2.455010e-03,5.396253e-01,3.552270e-02,9.091818e-03,1.126462e-02,1.153588e-02,6.232921e-02,3.164920e-03,1.355508e-02
