1.000000e+00,0.000000e+00,0.000000e+00,0.000000e+00,0.000000e+00,0.000000e+00,0.000000e+00,0.000000e+00,0.000000e+00,0.000000e+00,0.000000e+00,0.000000e+00,0.000000e+00,0.000000e+00,0.000000e+00
1.000000e+00,0.000000e+00,0.000000e+00,0.000000e+00,0.000000e+00,0.000000e+00,0.000000e+00,0.000000e+00,0.000000e+00,0.000000e+00,0.000000e+00,0.000000e+00,0.000000e+00,0.000000e+00,0.000000e+00
1.000000e+00,0.000000e+00,0.000000e+00,0.000000e+00,0.000000e+00,0.000000e+00,0.000000e+00,0.000000e+00,0.000000e+00,0.000000e+00,0.000000e+00,0.000000e+00,0.000000e+00,0.000000e+00,0.000000e+00
1.000000e+00,0.000000e+00,0.000000e+00,0.000000e+00,0.000000e+00,0.000000e+00,0.000000e+00,0.000000e+00,0.000000e+00,0.000000e+00,0.000000e+00,0.000000e+00,0.000000e+00,0.000000e+00,0.000000e+00
1.000000e+00,0.000000e+00,0.000000e+00,0.000000e+00,0.000000e+00,0.000000e+00,0.000000e+00,0.000000e+00,0.000000e+00,0.000000e+00,0.000000e+00,0.000000e+00,0.000000e+00,0.000000e+00,0.000000e+00
1.000000e+00,0.000000e+00,0.000000e+00,0.000000e+00,0.000000e+00,0.000000e+00,0.000000e+00,0.000000e+00,0.000000e+00,0.000000e+00,0.000000e+00,0.000000e+00,0.000000e+00,0.000000e+00,0.000000e+00
1.000000e+00,0.000000e+00,0.000000e+00,0.000000e+00,0.000000e+00,0.000000e+00,0.000000e+00,0.000000e+00,0.000000e+00,0.000000e+00,0.000000e+00,0.000000e+00,0.000000e+00,0.000000e+00,0.000000e+00
1.000000e+00,0.000000e+00,0.000000e+00,0.000000e+00,0.000000e+00,0.000000e+00,0.000000e+00,0.000000e+00,0.000000e+00,0.000000e+00,0.000000e+00,0.000000e+00,0.000000e+00,0.000000e+00,0.000000e+00
1.000000e+00,0.000000e+00,0.000000e+00,0.000000e+00,0.000000e+00,0.000000e+00,0.000000e+00,0.000000e+00,0.000000e+00,0.000000e+00,0.000000e+00,0.000000e+00,0.000000e+00,0.000000e+00,0.000000e+00
1.000000e+00,0.000000e+00,0.000000e+00,0.000000e+00,0.000000e+00,0.000000e+00,0.000000e+00,0.000000e+00,0.000000e+00,0.000000e+00,0.000000e+00,0.000000e+00,0.000000e+00,0.000000e+00,0.000000e+00
1.000000e+00,0.000000e+00,0.000000e+00,0.000000e+00,0.000000e+00,0.000000e+00,0.000000e+00,0.000000e+00,0.000000e+00,0.000000e+00,0.000000e+00,0.000000e+00,0.000000e+00,0.000000e+00,0.000000e+00
1.000000e+00,0.000000e+00,0.000000e+00,0.000000e+00,0.000000e+00,0.000000e+00,0.000000e+00,0.000000e+00,0.000000e+00,0.000000e+00,0.000000e+00,0.000000e+00,0.000000e+00,0.000000e+00,0.000000e+00
1.000000e+00,0.000000e+00,0.000000e+00,0.000000e+00,0.000000e+00,0.000000e+00,0.000000e+00,0.000000e+00,0.000000e+00,0.000000e+00,0.000000e+00,0.000000e+00,0.000000e+00,0.000000e+00,0.000000e+00
1.000000e+00,0.000000e+00,0.000000e+00,0.000000e+00,0.000000e+00,0.000000e+00,0.000000e+00,0.000000e+00,0.000000e+00,0.000000e+00,0.000000e+00,0.000000e+00,0.000000e+00,0.000000e+00,0.000000e+00
1.000000e+00,0.000000e+00,0.000000e+00,0.000000e+00,0.000000e+00,0.000000e+00,0.000000e+00,0.000000e+00,0.000000e+00,0.000000e+00,0.000000e+00,0.000000e+00,0.000000e+00,0.000000e+00,0.000000e+00
1.000000e+00,0.000000e+00,0.000000e+00,0.000000e+00,0.000000e+00,0.000000e+00,0.000000e+00,0.000000e+00,0.000000e+00,0.000000e+00,0.000000e+00,0.000000e+00,0.000000e+00,0.000000e+00,0.000000e+00
1.000000e+00,0.000000e+00,0.000000e+00,0.000000e+00,0.000000e+00,0.000000e+00,0.000000e+00,0.000000e+00,0.000000e+00,0.000000e+00,0.000000e+00,0.000000e+00,0.000000e+00,0.000000e+00,0.000000e+00
1.000000e+00,0.000000e+00,0.000000e+00,0.000000e+00,0.000000e+00,0.000000e+00,0.000000e+00,0.000000e+00,0.000000e+00,0.000000e+00,0.000000e+00,0.000000e+00,0.000000e+00,0.000000e+00,0.000000e+00
1.000000e+00,0.000000e+00,0.000000e+00,0.000000e+00,0.000000e+00,0.000000e+00,0.000000e+00,0.000000e+00,0.000000e+00,0.000000e+00,0.000000e+00,0.000000e+00,0.000000e+00,0.000000e+00,0.000000e+00
1.000000e+00,0.000000e+00,0.000000e+00,0.000000e+00,0.000000e+00,0.000000e+00,0.000000e+00,0.000000e+00,0.000000e+00,0.000000e+00,0.000000e+00,0.000000e+00,0.000000e+00,0.000000e+00,0.000000e+00
1.000000e+00,0.000000e+00,0.000000e+00,0.000000e+00,0.000000e+00,0.000000e+00,0.000000e+00,0.000000e+00,0.000000e+00,0.000000e+00,0.000000e+00,0.000000e+00,0.000000e+00,0.000000e+00,0.000000e+00
1.000000e+00,0.000000e+00,0.000000e+00,0.000000e+00,0.000000e+00,0.000000e+00,0.000000e+00,0.000000e+00,0.000000e+00,0.000000e+00,0.000000e+00,0.000000e+00,0.000000e+00,0.000000e+00,0.000000e+00
1.000000e+00,0.000000e+00,0.000000e+00,0.000000e+00,0.000000e+00,0.000000e+00,0.000000e+00,0.000000e+00,0.000000e+00,0.000000e+00,0.000000e+00,0.000000e+00,0.000000e+00,0.000000e+00,0.000000e+00
1.000000e+00,0.000000e+00,0.000000e+00,0.000000e+00,0.000000e+00,0.000000e+00,0.000000e+00,0.000000e+00,0.000000e+00,0.000000e+00,0.000000e+00,0.000000e+00,0.000000e+00,0.000000e+00,0.000000e+00
1.000000e+00,0.000000e+00,0.000000e+00,0.000000e+00,0.000000e+00,0.000000e+00,0.000000e+00,0.000000e+00,0.000000e+00,0.000000e+00,0.000000e+00,0.000000e+00,0.000000e+00,0.000000e+00,0.000000e+00
1.000000e+00,0.000000e+00,0.000000e+00,0.000000e+00,0.000000e+00,0.000000e+00,0.000000e+00,0.000000e+00,0.000000e+00,0.000000e+00,0.000000e+00,0.000000e+00,0.000000e+00,0.000000e+00,0.000000e+00
1.000000e+00,0.000000e+00,0.000000e+00,0.000000e+00,0.000000e+00,0.000000e+00,0.000000e+00,0.000000e+00,0.000000e+00,0.000000e+00,0.000000e+00,0.000000e+00,0.000000e+00,0.000000e+00,0.000000e+00
1.000000e+00,0.000000e+00,0.000000e+00,0.000000e+00,0.000000e+00,0.000000e+00,0.000000e+00,0.000000e+00,0.000000e+00,0.000000e+00,0.000000e+00,0.000000e+00,0.000000e+00,0.000000e+00,0.000000e+00
1.000000e+00,0.000000e+00,0.000000e+00,0.000000e+00,0.000000e+00,0.000000e+00,0.000000e+00,0.000000e+00,0.000000e+00,0.000000e+00,0.000000e+00,0.000000e+00,0.000000e+00,0.000000e+00,0.000000e+00
1.000000e+00,0.000000e+00,0.000000e+00,0.000000e+00,0.000000e+00,0.000000e+00,0.000000e+00,0.000000e+00,0.000000e+00,0.000000e+00,0.000000e+00,0.000000e+00,0.000000e+00,0.000000e+00,0.000000e+00
1.000000e+00,0.000000e+00,0.000000e+00,0.000000e+00,0.000000e+00,0.000000e+00,0.000000e+00,0.000000e+00,0.000000e+00,0.000000e+00,0.000000e+00,0.000000e+00,0.000000e+00,0.000000e+00,0.000000e+00
1.000000e+00,0.000000e+00,0.000000e+00,0.000000e+00,0.000000e+00,0.000000e+00,0.000000e+00,0.000000e+00,0.000000e+00,0.000000e+00,0.000000e+00,0.000000e+00,0.000000e+00,0.000000e+00,0.000000e+00
1.000000e+00,0.000000e+00,0.000000e+00,0.000000e+00,0.000000e+00,0.000000e+00,0.000000e+00,0.000000e+00,0.000000e+00,0.000000e+00,0.000000e+00,0.000000e+00,0.000000e+00,0.000000e+00,0.000000e+00
1.000000e+00,0.000000e+00,0.000000e+00,0.000000e+00,0.000000e+00,0.000000e+00,0.000000e+00,0.000000e+00,0.000000e+00,0.000000e+00,0.000000e+00,0.000000e+00,0.000000e+00,0.000000e+00,0.000000e+00
1.000000e+00,0.000000e+00,0.000000e+00,0.000000e+00,0.000000e+00,0.000000e+00,0.000000e+00,0.000000e+00,0.000000e+00,0.000000e+00,0.000000e+00,0.000000e+00,0.000000e+00,0.000000e+00,0.000000e+00
1.000000e+00,0.000000e+00,0.000000e+00,0.000000e+00,0.000000e+00,0.000000e+00,0.000000e+00,0.000000e+00,0.000000e+00,0.000000e+00,0.000000e+00,0.000000e+00,0.000000e+00,0.000000e+00,0.000000e+00
1.000000e+00,0.000000e+00,0.000000e+00,0.000000e+00,0.000000e+00,0.000000e+00,0.000000e+00,0.000000e+00,0.000000e+00,0.000000e+00,0.000000e+00,0.000000e+00,0.000000e+00,0.000000e+00,0.000000e+00
1.000000e+00,0.000000e+00,0.000000e+00,0.000000e+00,0.000000e+00,0.000000e+00,0.000000e+00,0.000000e+00,0.000000e+00,0.000000e+00,0.000000e+00,0.000000e+00,0.000000e+00,0.000000e+00,0.000000e+00
1.000000e+00,0.000000e+00,0.000000e+00,0.000000e+00,0.000000e+00,0.000000e+00,0.000000e+00,0.000000e+00,0.000000e+00,0.000000e+00,0.000000e+00,0.000000e+00,0.000000e+00,0.000000e+00,0.000000e+00
1.000000e+00,0.000000e+00,0.000000e+00,0.000000e+00,0.000000e+00,0.000000e+00,0.000000e+00,0.000000e+00,0.000000e+00,0.000000e+00,0.000000e+00,0.000000e+00,0.000000e+00,0.000000e+00,0.000000e+00
1.000000e+00,0.000000e+00,0.000000e+00,0.000000e+00,0.000000e+00,0.000000e+00,0.000000e+00,0.000000e+00,0.000000e+00,0.000000e+00,0.000000e+00,0.000000e+00,0.000000e+00,0.000000e+00,0.000000e+00
1.000000e+00,0.000000e+00,0.000000e+00,0.000000e+00,0.000000e+00,0.000000e+00,0.000000e+00,0.000000e+00,0.000000e+00,0.000000e+00,0.000000e+00,0.000000e+00,0.000000e+00,0.000000e+00,0.000000e+00
1.000000e+00,0.000000e+00,0.000000e+00,0.000000e+00,0.000000e+00,0.000000e+00,0.000000e+00,0.000000e+00,0.000000e+00,0.000000e+00,0.000000e+00,0.000000e+00,0.000000e+00,0.000000e+00,0.000000e+00
1.000000e+00,0.000000e+00,0.000000e+00,0.000000e+00,0.000000e+00,0.000000e+00,0.000000e+00,0.000000e+00,0.000000e+00,0.000000e+00,0.000000e+00,0.000000e+00,0.000000e+00,0.000000e+00,0.000000e+00
1.000000e+00,0.000000e+00,0.000000e+00,0.000000e+00,0.000000e+00,0.000000e+00,0.000000e+00,0.000000e+00,0.000000e+00,0.000000e+00,0.000000e+00,0.000000e+00,0.000000e+00,0.000000e+00,0.000000e+00
1.000000e+00,0.000000e+00,0.000000e+00,0.000000e+00,0.000000e+00,0.000000e+00,0.000000e+00,0.000000e+00,0.000000e+00,0.000000e+00,0.000000e+00,0.000000e+00,0.000000e+00,0.000000e+00,0.000000e+00
1.000000e+00,0.000000e+00,0.000000e+00,0.000000e+00,0.000000e+00,0.000000e+00,0.000000e+00,0.000000e+00,0.000000e+00,0.000000e+00,0.000000e+00,0.000000e+00,0.000000e+00,0.000000e+00,0.000000e+00
1.000000e+00,0.000000e+00,0.000000e+00,0.000000e+00,0.000000e+00,0.000000e+00,0.000000e+00,0.000000e+00,0.000000e+00,0.000000e+00,0.000000e+00,0.000000e+00,0.000000e+00,0.000000e+00,0.000000e+00
1.000000e+00,0.000000e+00,0.000000e+00,0.000000e+00,0.000000e+00,0.000000e+00,0.000000e+00,0.000000e+00,0.000000e+00,0.000000e+00,0.000000e+00,0.000000e+00,0.000000e+00,0.000000e+00,0.000000e+00
1.000000e+00,0.000000e+00,0.000000e+00,0.000000e+00,0.000000e+00,0.000000e+00,0.000000e+00,0.000000e+00,0.000000e+00,0.000000e+00,0.000000e+00,0.000000e+00,0.000000e+00,0.000000e+00,0.000000e+00
1.000000e+00,0.000000e+00,0.000000e+00,0.000000e+00,0.000000e+00,0.000000e+00,0.000000e+00,0.000000e+00,0.000000e+00,0.000000e+00,0.000000e+00,0.000000e+00,0.000000e+00,0.000000e+00,0.000000e+00
1.000000e+00,0.000000e+00,0.000000e+00,0.000000e+00,0.000000e+00,0.000000e+00,0.000000e+00,0.000000e+00,0.000000e+00,0.000000e+00,0.000000e+00,0.000000e+00,0.000000e+00,0.000000e+00,0.000000e+00
1.000000e+00,0.000000e+00,0.000000e+00,0.000000e+00,0.000000e+00,0.000000e+00,0.000000e+00,0.000000e+00,0.000000e+00,0.000000e+00,0.000000e+00,0.000000e+00,0.000000e+00,0.000000e+00,0.000000e+00
1.000000e+00,0.000000e+00,0.000000e+00,0.000000e+00,0.000000e+00,0.000000e+00,0.000000e+00,0.000000e+00,0.000000e+00,0.000000e+00,0.000000e+00,0.000000e+00,0.000000e+00,0.000000e+00,0.000000e+00
1.000000e+00,0.000000e+00,0.000000e+00,0.000000e+00,0.000000e+00,0.000000e+00,0.000000e+00,0.000000e+00,0.000000e+00,0.000000e+00,0.000000e+00,0.000000e+00,0.000000e+00,0.000000e+00,0.000000e+00
1.000000e+00,0.000000e+00,0.000000e+00,0.000000e+00,0.000000e+00,0.000000e+00,0.000000e+00,0.000000e+00,0.000000e+00,0.000000e+00,0.000000e+00,0.000000e+00,0.000000e+00,0.000000e+00,0.000000e+00
1.000000e+00,0.000000e+00,0.000000e+00,0.000000e+00,0.000000e+00,0.000000e+00,0.000000e+00,0.000000e+00,0.000000e+00,0.000000e+00,0.000000e+00,0.000000e+00,0.000000e+00,0.000000e+00,0.000000e+00
1.000000e+00,0.000000e+00,0.000000e+00,0.000000e+00,0.000000e+00,0.000000e+00,0.000000e+00,0.000000e+00,0.000000e+00,0.000000e+00,0.000000e+00,0.000000e+00,0.000000e+00,0.000000e+00,0.000000e+00
1.000000e+00,0.000000e+00,0.000000e+00,0.000000e+00,0.000000e+00,0.000000e+00,0.000000e+00,0.000000e+00,0.000000e+00,0.000000e+00,0.000000e+00,0.000000e+00,0.000000e+00,0.000000e+00,0.000000e+00
1.000000e+00,0.000000e+00,0.000000e+00,0.000000e+00,0.000000e+00,0.000000e+00,0.000000e+00,0.000000e+00,0.000000e+00,0.000000e+00,0.000000e+00,0.000000e+00,0.000000e+00,0.000000e+00,0.000000e+00
1.000000e+00,0.000000e+00,0.000000e+00,0.000000e+00,0.000000e+00,0.000000e+00,0.000000e+00,0.000000e+00,0.000000e+00,0.000000e+00,0.000000e+00,0.000000e+00,0.000000e+00,0.000000e+00,0.000000e+00
1.000000e+00,0.000000e+00,0.000000e+00,0.000000e+00,0.000000e+00,0.000000e+00,0.000000e+00,0.000000e+00,0.000000e+00,0.000000e+00,0.000000e+00,0.000000e+00,0.000000e+00,0.000000e+00,0.000000e+00
4.874769e-01,2.517341e-02,2.445244e-01,9.433806e-02,7.025036e-03,3.592199e-02,8.859758e-03,2.388293e-02,5.743719e-03,1.169095e-03,1.621209e-02,2.072846e-02,1.128053e-02,2.738908e-03,1.492473e-02
4.026431e-01,2.126398e-02,2.451072e-01,8.164086e-02,6.029193e-03,5.325576e-02,1.550718e-02,1.126227e-01,4.851432e-03,1.022307e-03,1.333077e-02,1.729690e-02,1.016122e-02,2.599385e-03,1.266808e-02
2.887096e-01,1.897787e-02,1.831098e-01,5.870862e-02,4.922015e-03,3.812186e-02,2.441113e-02,3.379314e-01,3.564835e-03,8.133252e-04,9.817357e-03,1.220786e-02,7.372566e-03,2.095031e-03,9.236763e-03
2.030867e-01,1.356102e-02,1.297642e-01,4.142733e-02,4.156978e-03,2.744959e-02,4.313598e-02,5.046998e-01,2.537994e-03,6.115185e-04,7.045922e-03,8.583750e-03,5.364411e-03,1.924636e-03,6.650123e-03
1.426754e-01,1.005016e-02,9.433374e-02,2.998425e-02,3.391469e-03,2.065186e-02,3.172547e-02,6.068640e-01,2.287230e-03,1.137639e-03,1.649505e-02,7.278696e-03,5.275786e-03,2.254555e-02,5.303668e-03
1.014072e-01,1.030205e-02,6.968188e-02,2.727529e-02,2.703071e-03,2.364281e-02,2.525149e-02,5.061572e-01,1.501825e-02,3.734851e-02,4.483752e-02,1.280747e-02,3.032189e-02,6.624620e-02,2.699915e-02
7.233172e-02,8.085685e-03,4.949329e-02,2.323255e-02,2.053179e-03,2.391233e-02,1.958918e-02,4.068310e-01,1.240319e-02,4.578961e-02,5.806892e-02,1.586393e-02,3.553904e-02,1.941419e-01,3.266444e-02
5.077613e-02,6.318007e-03,3.485601e-02,1.765569e-02,1.508177e-03,2.331015e-02,1.394606e-02,2.933092e-01,1.227278e-02,3.717947e-02,6.553458e-02,1.575224e-02,4.527059e-02,3.302848e-01,5.202603e-02
3.573960e-02,4.743191e-03,2.477701e-02,1.419252e-02,1.883109e-03,1.999025e-02,9.845099e-03,2.072609e-01,8.467136e-02,2.778796e-02,7.896751e-02,1.416663e-02,4.754416e-02,3.165790e-01,1.118517e-01
2.526027e-02,4.622640e-03,1.802080e-02,1.437227e-02,4.719107e-03,1.769758e-02,7.039368e-03,1.458978e-01,1.991173e-01,2.088699e-02,7.975227e-02,1.160232e-02,5.293313e-02,2.500951e-01,1.479831e-01
1.778945e-02,7.465775e-03,1.545660e-02,1.214819e-02,5.703410e-03,1.344044e-02,5.019980e-03,1.022944e-01,2.841364e-01,1.604281e-02,1.026397e-01,1.030096e-02,4.971139e-02,2.060550e-01,1.517954e-01
1.266915e-02,1.111181e-02,1.246839e-02,9.909856e-03,6.998459e-03,1.043720e-02,3.592889e-03,7.185043e-02,3.433338e-01,1.184499e-02,7.898092e-02,7.761362e-03,3.845320e-02,1.855949e-01,1.949926e-01
9.341736e-03,1.036574e-02,1.248797e-02,8.936680e-03,6.644004e-03,8.095169e-03,2.552573e-03,5.050554e-02,4.278041e-01,8.532159e-03,5.690416e-02,5.677750e-03,2.806354e-02,1.349065e-01,2.291824e-01
7.013205e-03,9.568899e-03,9.059963e-03,6.516643e-03,5.578005e-03,6.067658e-03,1.831206e-03,3.540197e-02,5.340573e-01,6.380570e-03,4.092114e-02,4.223759e-03,2.107697e-02,1.033319e-01,2.089709e-01
5.287018e-03,7.496873e-03,6.440891e-03,4.881572e-03,4.366757e-03,4.712088e-03,1.317284e-03,2.481225e-02,6.439537e-01,4.662218e-03,2.998365e-02,3.706372e-03,1.904970e-02,7.917950e-02,1.601501e-01
4.234757e-03,6.579522e-03,4.986101e-03,3.984249e-03,3.689276e-03,5.420649e-03,1.068265e-03,1.802683e-02,6.702007e-01,3.504899e-03,2.320027e-02,3.801713e-03,2.585803e-02,6.594640e-02,1.594983e-01
3.407302e-03,5.943589e-03,3.608327e-03,2.929286e-03,3.021404e-03,4.421490e-03,7.885486e-04,1.264054e-02,7.169259e-01,3.220928e-03,1.781975e-02,3.110672e-03,2.075492e-02,6.279159e-02,1.386158e-01
3.432784e-03,1.043612e-02,2.654087e-03,2.801655e-03,2.905489e-03,5.648965e-03,5.878951e-04,8.927928e-03,7.535768e-01,4.046512e-03,1.680013e-02,6.974383e-03,1.923325e-02,5.820835e-02,1.037657e-01
3.869281e-03,1.636209e-02,3.088377e-03,1.068491e-02,4.972182e-03,6.479868e-03,4.535967e-04,6.535697e-03,7.582357e-01,7.886698e-03,2.221721e-02,1.095859e-02,2.346726e-02,4.962228e-02,7.516625e-02
9.635773e-03,3.227608e-02,3.642282e-03,1.145028e-02,1.558797e-02,1.332093e-02,4.571161e-04,5.233673e-03,7.165061e-01,7.593064e-03,2.149699e-02,8.490463e-03,2.249136e-02,6.503510e-02,6.678280e-02
1.656690e-02,4.624145e-02,1.193339e-02,1.125956e-02,4.326108e-02,2.259680e-02,1.574311e-03,1.129056e-02,6.495397e-01,6.212992e-03,1.957011e-02,6.965064e-03,3.792433e-02,5.409315e-02,6.097059e-02
1.750775e-02,4.385129e-02,1.352797e-02,1.242561e-02,4.103728e-02,2.185215e-02,1.440077e-03,1.024010e-02,6.756238e-01,7.873808e-03,1.668641e-02,6.592331e-03,3.353177e-02,4.102558e-02,5.678411e-02
1.824360e-02,5.036956e-02,1.324333e-02,1.184649e-02,3.203525e-02,3.100731e-02,1.280210e-03,1.099504e-02,6.375425e-01,1.277858e-02,1.454152e-02,6.925889e-03,5.906146e-02,3.017554e-02,6.995367e-02
1.929386e-02,4.764115e-02,1.012967e-02,1.022629e-02,2.925283e-02,5.831534e-02,1.189942e-03,9.065427e-03,6.474927e-01,1.078299e-02,1.122075e-02,6.020739e-03,6.299919e-02,2.184102e-02,5.452805e-02
2.162952e-02,4.022648e-02,1.438515e-02,9.076626e-03,6.041817e-02,5.090340e-02,9.993859e-03,6.675164e-02,5.829365e-01,8.847983e-03,8.683179e-03,5.000180e-03,5.868588e-02,1.586771e-02,4.659375e-02
1.684281e-02,3.182079e-02,1.085500e-02,2.207108e-01,5.373312e-02,4.068676e-02,7.108307e-03,4.769191e-02,4.559379e-01,7.874756e-03,8.247898e-03,4.155382e-03,4.227339e-02,1.114126e-02,4.091991e-02
1.899158e-02,5.026999e-02,8.258140e-03,2.057589e-01,4.496968e-02,4.356366e-02,5.138763e-03,3.484228e-02,4.450592e-01,1.439981e-02,1.275180e-02,6.767494e-03,3.784187e-02,8.030593e-03,6.335630e-02
1.725298e-02,8.421668e-02,6.105007e-03,1.791370e-01,3.492087e-02,3.703165e-02,3.644054e-03,2.690491e-02,4.502692e-01,1.298930e-02,5.355640e-02,6.028871e-03,2.912463e-02,7.895160e-03,5.092333e-02
1.632075e-02,7.524799e-02,5.043624e-03,1.408016e-01,2.487500e-02,2.723512e-02,2.708361e-03,1.928685e-02,4.438065e-01,1.090469e-02,1.440745e-01,2.178984e-02,2.408539e-02,6.678692e-03,3.714096e-02
1.510600e-02,6.824554e-02,4.296964e-03,1.136249e-01,1.761956e-02,2.071546e-02,2.079744e-03,1.378656e-02,4.003033e-01,9.215914e-03,2.186223e-01,5.346991e-02,2.216065e-02,1.250877e-02,2.824432e-02
1.238008e-02,4.979293e-02,3.133976e-03,8.271264e-02,1.235798e-02,1.513405e-02,1.481438e-03,9.675135e-03,2.911677e-01,6.672047e-03,1.966992e-01,2.730718e-01,1.641666e-02,9.274874e-03,2.002950e-02
9.876892e-03,3.608116e-02,2.302452e-03,5.958511e-02,8.669307e-03,1.109417e-02,1.057028e-03,6.800050e-03,2.086096e-01,4.924044e-03,1.974477e-01,4.202464e-01,1.216200e-02,6.956787e-03,1.418721e-02
7.357987e-03,2.567151e-02,1.677438e-03,4.219394e-02,6.158981e-03,8.594030e-03,7.582161e-04,4.771930e-03,1.464421e-01,3.535585e-03,1.634156e-01,5.655084e-01,8.737659e-03,5.033658e-03,1.014293e-02
6.391418e-03,1.817985e-02,1.288427e-03,2.969928e-02,4.829438e-03,6.884200e-03,5.570779e-04,3.467231e-03,1.027496e-01,2.881885e-03,1.527644e-01,6.531472e-01,6.288278e-03,3.708081e-03,7.163657e-03
5.409676e-03,1.305182e-02,9.784665e-04,2.098607e-02,4.038037e-03,5.634361e-03,4.077555e-04,2.473498e-03,7.235587e-02,2.347908e-03,1.450257e-01,7.147205e-01,4.603339e-03,2.856172e-03,5.110740e-03
4.654523e-03,9.673089e-03,7.870498e-04,1.490822e-02,4.614874e-03,4.247141e-03,3.146780e-04,1.831785e-03,5.103130e-02,2.270079e-03,1.217297e-01,7.748714e-01,3.317768e-03,2.096203e-03,3.652168e-03
3.827038e-03,7.169131e-03,6.070937e-04,1.064136e-02,5.954220e-03,3.275905e-03,2.657581e-04,1.351975e-03,3.626485e-02,1.901012e-03,1.039158e-01,8.181016e-01,2.408350e-03,1.576215e-03,2.739707e-03
4.332038e-03,5.524600e-03,5.696316e-04,7.650691e-03,1.056682e-02,2.824925e-03,2.967321e-04,1.299643e-03,2.593733e-02,2.190811e-03,8.791397e-02,8.452144e-01,2.181369e-03,1.406159e-03,2.090842e-03
7.246090e-03,4.343254e-03,4.591037e-04,5.589899e-03,1.023966e-02,2.642842e-03,4.293435e-04,1.173206e-03,1.859824e-02,1.947310e-03,7.679413e-02,8.655845e-01,1.859881e-03,1.437572e-03,1.654905e-03
6.575396e-03,3.886377e-03,4.205248e-04,4.052678e-03,1.165724e-02,2.536103e-03,7.469200e-04,1.499588e-03,1.384929e-02,1.736483e-03,7.093466e-02,8.777050e-01,1.566319e-03,1.538922e-03,1.294464e-03
4.888872e-03,3.831922e-03,5.796778e-04,3.130778e-03,2.506730e-02,7.855377e-03,1.282072e-03,1.504337e-02,1.021328e-02,1.349027e-03,5.607413e-02,8.670926e-01,1.202373e-03,1.464152e-03,9.250112e-04
4.359221e-03,3.313692e-03,9.209840e-04,2.532554e-03,2.456047e-02,6.672715e-03,3.143494e-03,2.434705e-02,8.033035e-03,1.611580e-03,6.804700e-02,8.480952e-01,1.094797e-03,2.560882e-03,7.072794e-04
4.798623e-03,2.982404e-03,1.128114e-03,1.829080e-03,2.252673e-02,5.236412e-03,3.369194e-03,1.937587e-02,6.341961e-03,2.035248e-03,8.871338e-02,8.371577e-01,1.064293e-03,2.884813e-03,5.561242e-04
4.514043e-03,2.676009e-03,9.833092e-04,1.311475e-03,2.019933e-02,4.550046e-03,2.760147e-03,1.409728e-02,5.588615e-03,2.089752e-03,1.437873e-01,7.931690e-01,1.127521e-03,2.636447e-03,5.096412e-04
3.944568e-03,2.381467e-03,1.050903e-03,9.359078e-04,2.641426e-02,3.524000e-03,2.789299e-03,1.043751e-02,5.902066e-03,3.051699e-03,2.283479e-01,7.069908e-01,1.397375e-03,2.419609e-03,4.126191e-04
3.528157e-03,2.590072e-03,1.941638e-03,7.334167e-04,5.146305e-02,3.351429e-03,3.075499e-03,1.032552e-02,9.273216e-03,3.204538e-03,2.587179e-01,6.467826e-01,1.416279e-03,3.204802e-03,3.919398e-04
3.584446e-03,2.737390e-03,4.282774e-03,6.072386e-04,1.476185e-01,3.802880e-03,3.759714e-03,1.074308e-02,2.174794e-02,4.744402e-03,2.220061e-01,5.686746e-01,1.515972e-03,3.824861e-03,3.500721e-04
4.484951e-03,3.259202e-03,1.940665e-02,1.130732e-03,1.519342e-01,3.688789e-03,3.375074e-03,5.018295e-02,3.167257e-02,5.840742e-03,2.135928e-01,5.006236e-01,1.975334e-03,8.478235e-03,3.541142e-04
6.383861e-03,3.630164e-03,3.401070e-02,2.491087e-03,1.701527e-01,4.381754e-03,3.940015e-03,8.817028e-02,5.161050e-02,6.080322e-03,2.203664e-01,3.900431e-01,2.562679e-03,1.573684e-02,4.395944e-04
7.695814e-03,4.942585e-03,4.371850e-02,3.205541e-03,1.490834e-01,4.474874e-03,3.523478e-03,1.259670e-01,1.009940e-01,5.943937e-03,2.284040e-01,3.003622e-01,3.021058e-03,1.815608e-02,5.075284e-04
6.294564e-03,6.003734e-03,3.204293e-02,2.544629e-03,1.114043e-01,2.505548e-02,2.787919e-03,9.584726e-02,3.023257e-01,4.453407e-03,1.832088e-01,2.118633e-01,2.843183e-03,1.287620e-02,4.485397e-04
5.181963e-03,6.136233e-03,2.308886e-02,2.046019e-03,8.572364e-02,6.013973e-02,2.051899e-03,7.122073e-02,4.479433e-01,3.302729e-03,1.326629e-01,1.487329e-01,2.323670e-03,9.055392e-03,3.899390e-04
4.008332e-03,5.995664e-03,1.636014e-02,1.898941e-03,7.762493e-02,1.050910e-01,1.556888e-03,5.166288e-02,5.272418e-01,2.444312e-03,9.316611e-02,1.042221e-01,1.903574e-03,6.371202e-03,4.521530e-04
3.690907e-03,6.100928e-03,1.156234e-02,1.780274e-03,1.082604e-01,1.131924e-01,1.269617e-03,3.715478e-02,5.700207e-01,1.875713e-03,6.534912e-02,7.301575e-02,1.607758e-03,4.498210e-03,6.210589e-04
3.546034e-03,6.365522e-03,8.146465e-03,2.180106e-03,1.041171e-01,1.407213e-01,1.186569e-03,2.787528e-02,6.010751e-01,1.619790e-03,4.583164e-02,5.123531e-02,1.684145e-03,3.185953e-03,1.229658e-03
4.670604e-03,6.714211e-03,5.908624e-03,1.357808e-02,1.304584e-01,1.076822e-01,1.288041e-03,6.610153e-02,5.883859e-01,1.459282e-03,3.221764e-02,3.596364e-02,1.616868e-03,2.261227e-03,1.693672e-03
9.757584e-03,5.692698e-03,4.191477e-03,1.380391e-02,1.794850e-01,1.105088e-01,1.528817e-03,6.882919e-02,5.508991e-01,1.104445e-03,2.261242e-02,2.522211e-02,2.626589e-03,1.598920e-03,2.138950e-03
1.097678e-02,4.225153e-03,3.048935e-03,2.230332e-02,2.219392e-01,8.141087e-02,1.301359e-03,1.741679e-01,4.411387e-01,8.321135e-04,1.601323e-02,1.773360e-02,1.991785e-03,1.132733e-03,1.784295e-03
1.705005e-02,3.275202e-03,2.481539e-03,3.436981e-02,2.474099e-01,5.980883e-02,1.230199e-03,2.451183e-01,3.599260e-01,6.593576e-04,1.158251e-02,1.269433e-02,1.729553e-03,8.125080e-04,1.851926e-03
3.304539e-02,3.074292e-03,2.055775e-03,3.950627e-02,3.122445e-01,4.686285e-02,1.714653e-03,2.109830e-01,3.284712e-01,5.071304e-04,8.520281e-03,9.207445e-03,1.502947e-03,5.928436e-04,1.711374e-03
5.053473e-02,1.188591e-02,5.750262e-03,1.177993e-01,2.754233e-01,3.627034e-02,2.124085e-03,1.766371e-01,2.833781e-01,1.382240e-03,8.262919e-03,9.584334e-03,4.101741e-03,5.304499e-04,1.633526e-02
7.295221e-02,1.551140e-02,5.010307e-03,1.139033e-01,2.969252e-01,3.321156e-02,3.814843e-03,1.433656e-01,2.772453e-01,1.603842e-03,6.822098e-03,7.963398e-03,3.941544e-03,4.081397e-04,1.732131e-02
6.789617e-02,2.241806e-02,8.522188e-03,2.175581e-01,2.513476e-01,2.847068e-02,4.086195e-03,1.125255e-01,2.430313e-01,2.137154e-03,5.745581e-03,6.730633e-03,3.993708e-03,3.357747e-04,2.520138e-02
6.130205e-02,2.713897e-02,1.937386e-02,3.304793e-01,1.979678e-01,2.832111e-02,3.582631e-03,8.411173e-02,1.956878e-01,2.901712e-03,5.392063e-03,5.184116e-03,4.118375e-03,3.689834e-04,3.406949e-02
7.724020e-02,3.643072e-02,2.592958e-02,3.161954e-01,1.745858e-01,3.143107e-02,3.995104e-03,6.357214e-02,1.830700e-01,6.601803e-03,6.918652e-03,5.022116e-03,4.067486e-03,1.076453e-03,6.386361e-02
1.256571e-01,4.314502e-02,2.468098e-02,2.388386e-01,1.374535e-01,6.661601e-02,4.059074e-03,4.728035e-02,2.156305e-01,5.656332e-03,1.045193e-02,5.667903e-03,7.473507e-03,3.106292e-03,6.428297e-02
1.595704e-01,4.472725e-02,2.008085e-02,1.833781e-01,1.147491e-01,8.209130e-02,4.370282e-03,3.373512e-02,2.599859e-01,4.572387e-03,1.234334e-02,7.351433e-03,1.150416e-02,3.687749e-03,5.785267e-02
1.852514e-01,8.248027e-02,1.631723e-02,1.398200e-01,9.745874e-02,9.390808e-02,4.722940e-03,2.459193e-02,2.508285e-01,4.221035e-03,1.617063e-02,9.788970e-03,1.559162e-02,5.210102e-03,5.363855e-02
2.105583e-01,1.116777e-01,1.294508e-02,1.239854e-01,9.372251e-02,8.229598e-02,5.380808e-03,2.466665e-02,2.334096e-01,3.507547e-03,1.700454e-02,1.461364e-02,1.664853e-02,6.112143e-03,4.347158e-02
2.302113e-01,1.043953e-01,1.067367e-02,1.020368e-01,8.788761e-02,9.490686e-02,8.554596e-03,2.324422e-02,2.414017e-01,3.298934e-03,1.476193e-02,1.494508e-02,2.325665e-02,5.604046e-03,3.482131e-02
2.691589e-01,8.942893e-02,9.111947e-03,7.712188e-02,6.900363e-02,9.588048e-02,6.525777e-03,1.868587e-02,2.588823e-01,3.236979e-03,1.362721e-02,1.606775e-02,3.645628e-02,5.994914e-03,3.081716e-02
3.138063e-01,7.227159e-02,8.002050e-03,5.818304e-02,5.304975e-02,9.975030e-02,5.355753e-03,3.187710e-02,2.540770e-01,2.913940e-03,1.208855e-02,1.607859e-02,4.072441e-02,5.681024e-03,2.614053e-02
2.272989e-01,5.161673e-02,7.376381e-03,4.412135e-02,4.050048e-02,7.043619e-02,4.715907e-03,2.984775e-01,1.795989e-01,2.077601e-03,9.090563e-03,1.206199e-02,2.970698e-02,4.302108e-03,1.861830e-02
1.685035e-01,3.686544e-02,6.639877e-03,3.151732e-02,2.904220e-02,5.030064e-02,3.919545e-03,4.911216e-01,1.269833e-01,1.593538e-03,6.794853e-03,9.030295e-03,2.120528e-02,3.125908e-03,1.335656e-02
1.237674e-01,2.599171e-02,5.512557e-03,2.252955e-02,2.078024e-02,3.587583e-02,3.160862e-03,6.329461e-01,8.993494e-02,1.249154e-03,4.944310e-03,6.585973e-03,1.501363e-02,2.225007e-03,9.482629e-03
1.026162e-01,1.841909e-02,6.136372e-03,1.682789e-02,1.562969e-02,2.777801e-02,5.029977e-03,7.147303e-01,6.340417e-02,9.689030e-04,3.667061e-03,5.058870e-03,1.134217e-02,1.611482e-03,6.779843e-03
8.646167e-02,1.315653e-02,4.672640e-03,1.209056e-02,1.291820e-02,2.110821e-02,4.820971e-03,7.775990e-01,4.487486e-02,7.960992e-04,2.800831e-03,3.975475e-03,8.694210e-03,1.164951e-03,4.865904e-03
9.393699e-02,9.778316e-03,3.887807e-03,1.156545e-02,1.000300e-02,1.709244e-02,3.763564e-03,7.325466e-01,3.315398e-02,1.582480e-03,9.000666e-03,1.760054e-02,4.968306e-02,1.637761e-03,4.767432e-03
7.169742e-02,7.808435e-03,3.264763e-03,1.939903e-02,9.029967e-03,1.366567e-02,3.180631e-03,5.992156e-01,2.533620e-02,2.576413e-03,1.263911e-02,5.158935e-02,1.732446e-01,2.681081e-03,4.671797e-03
5.161671e-02,5.707346e-03,2.655860e-03,1.642039e-02,7.138069e-03,1.038746e-02,2.378904e-03,4.511076e-01,1.815552e-02,2.972702e-03,2.862526e-02,4.423448e-02,3.336131e-01,2.746931e-03,2.223967e-02
4.565503e-02,5.365284e-03,1.518516e-02,1.691232e-02,8.862512e-03,1.208295e-02,4.639487e-03,3.270970e-01,1.706106e-02,3.310962e-03,2.366030e-02,3.916865e-02,4.512676e-01,2.706863e-03,2.702476e-02
3.328519e-02,4.114593e-03,1.293463e-02,1.302273e-02,7.839231e-03,9.797121e-03,5.433036e-03,2.323261e-01,1.255632e-02,3.052033e-03,2.406641e-02,3.442122e-02,5.330269e-01,2.130395e-03,7.199404e-02
2.599994e-02,3.086634e-03,9.513792e-03,9.389908e-03,6.154638e-03,1.055437e-02,5.883330e-03,1.632385e-01,9.419907e-03,2.415113e-03,1.909124e-02,4.025435e-02,6.407949e-01,1.620909e-03,5.258241e-02
4.356442e-02,2.484053e-03,6.925202e-03,6.969037e-03,5.628703e-03,2.652038e-02,6.219440e-03,1.145843e-01,8.964244e-03,2.865602e-03,1.914061e-02,7.083170e-02,6.390889e-01,1.536200e-03,4.467736e-02
5.393437e-02,2.296122e-03,5.692803e-03,5.445275e-03,5.799909e-03,2.172880e-02,5.968589e-03,8.099753e-02,8.975976e-03,3.170505e-03,2.101203e-02,7.837350e-02,6.691899e-01,1.297842e-03,3.611693e-02
4.708375e-02,3.038403e-03,4.685337e-03,4.678530e-03,7.449300e-03,1.820690e-02,5.491500e-03,5.712560e-02,7.952320e-03,4.122478e-03,1.814533e-02,9.581859e-02,6.983684e-01,1.360320e-03,2.647329e-02
3.569854e-02,2.832918e-03,4.188312e-03,3.689038e-03,8.377312e-03,1.443172e-02,4.881752e-03,4.028162e-02,6.853508e-03,5.778077e-03,1.728743e-02,1.110315e-01,7.238241e-01,1.180730e-03,1.966345e-02
2.669371e-02,2.467337e-03,3.503958e-03,2.954404e-03,2.822120e-02,1.111423e-02,3.961066e-03,2.875847e-02,2.276929e-02,1.080447e-02,1.607735e-02,1.226802e-01,7.039638e-01,1.122063e-03,1.490851e-02
2.186781e-02,2.445969e-03,3.005838e-03,2.760619e-03,3.100609e-02,8.533429e-03,3.189038e-03,2.095849e-02,2.280065e-02,3.326213e-02,1.487975e-02,2.041249e-01,6.190035e-01,1.035863e-03,1.112600e-02
1.814040e-02,2.655705e-03,3.608783e-03,3.101624e-03,4.124163e-02,6.910034e-03,2.515265e-03,1.897761e-02,3.823162e-02,5.533220e-02,1.921516e-02,2.396762e-01,5.409452e-01,9.590835e-04,8.489506e-03
1.493471e-02,2.947914e-03,4.030038e-03,3.093319e-03,6.738864e-02,5.586168e-03,2.521956e-03,1.646876e-02,1.270967e-01,6.924529e-02,2.445626e-02,2.061961e-01,4.474504e-01,1.030572e-03,7.553217e-03
1.089068e-02,4.598648e-03,5.402985e-03,2.578034e-03,6.026631e-02,4.177922e-03,2.029228e-03,1.611993e-02,2.208921e-01,6.486876e-02,2.931037e-02,1.822397e-01,3.886515e-01,9.592944e-04,7.014476e-03
8.662374e-03,3.563187e-03,8.891980e-03,3.513484e-03,4.758696e-02,3.197661e-03,2.063292e-03,1.667586e-01,1.684525e-01,4.905267e-02,2.837421e-02,1.453819e-01,3.562905e-01,1.077204e-03,7.133433e-03
1.620597e-02,3.629750e-03,3.261642e-02,1.290474e-02,4.717837e-02,4.014295e-03,1.635725e-03,2.747424e-01,1.520061e-01,3.827897e-02,2.929389e-02,1.106601e-01,2.699778e-01,1.178696e-03,5.676713e-03
1.726583e-02,4.655560e-03,2.555590e-02,1.248449e-02,5.773655e-02,7.183314e-03,1.552450e-03,2.661755e-01,2.576638e-01,2.836227e-02,2.599485e-02,8.674018e-02,2.028955e-01,1.023090e-03,4.710793e-03
1.575646e-02,6.432349e-03,1.863193e-02,1.539405e-02,4.678389e-02,1.404645e-02,1.402363e-03,2.040072e-01,3.571486e-01,2.071756e-02,3.332190e-02,8.606161e-02,1.752812e-01,9.326196e-04,4.081879e-03
1.272744e-02,5.735490e-03,1.373044e-02,2.204013e-02,3.933720e-02,1.619036e-02,1.130113e-03,1.565154e-01,3.912081e-01,1.524828e-02,4.675663e-02,9.711888e-02,1.778985e-01,8.452643e-04,3.517907e-03
1.136511e-02,4.805700e-03,1.179297e-02,2.096461e-02,4.108811e-02,1.173474e-02,1.029825e-03,1.125913e-01,4.315451e-01,1.099962e-02,6.417114e-02,1.049700e-01,1.692590e-01,6.566920e-04,3.026099e-03
1.428988e-02,4.766845e-03,1.182630e-02,4.607969e-02,4.169253e-02,9.347012e-03,8.596996e-04,1.383851e-01,4.700252e-01,7.883995e-03,5.032387e-02,7.825661e-02,1.234623e-01,5.243755e-04,2.276647e-03
2.299695e-02,4.228044e-03,1.064822e-02,3.811019e-02,4.963147e-02,7.067364e-03,8.476187e-04,2.144082e-01,4.610531e-01,5.598566e-03,3.821436e-02,5.651049e-02,8.864365e-02,3.948024e-04,1.647033e-03
4.734804e-02,4.903532e-03,8.810523e-03,4.326793e-02,1.157922e-01,6.080732e-03,1.859485e-03,2.163232e-01,4.194987e-01,3.991521e-03,2.749486e-02,4.006580e-02,6.290527e-02,3.150473e-04,1.343289e-03
4.708500e-02,5.273330e-03,7.404648e-03,4.191511e-02,1.236054e-01,5.282007e-03,2.562814e-03,3.204703e-01,3.494152e-01,2.860975e-03,1.973081e-02,2.850816e-02,4.446622e-02,2.487857e-04,1.171200e-03
7.865229e-02,1.262432e-02,6.039784e-03,4.336973e-02,1.165255e-01,6.474699e-03,2.813897e-03,3.466823e-01,3.108341e-01,2.323255e-03,1.580636e-02,2.179489e-02,3.227241e-02,3.805505e-04,3.405771e-03
8.013046e-02,2.163112e-02,5.466707e-03,4.110929e-02,9.202338e-02,8.504350e-03,3.126218e-03,4.327561e-01,2.551450e-01,1.999971e-03,1.267892e-02,1.657778e-02,2.385337e-02,4.049851e-04,4.592376e-03
6.776933e-02,1.706388e-02,4.163137e-03,3.120860e-02,7.417735e-02,6.574980e-03,2.539007e-03,5.520526e-01,2.008857e-01,1.497407e-03,9.339678e-03,1.187673e-02,1.695312e-02,3.147339e-04,3.583802e-03
7.268140e-02,2.323759e-02,4.602267e-03,3.249690e-02,6.290556e-02,5.699720e-03,2.633362e-03,5.758493e-01,1.843853e-01,1.775786e-03,7.537144e-03,9.122618e-03,1.245769e-02,3.298808e-04,4.285456e-03
5.847034e-02,2.248933e-02,5.304522e-03,2.638921e-02,5.379914e-02,4.521556e-03,2.983236e-03,6.436118e-01,1.555830e-01,1.374584e-03,6.198745e-03,6.613337e-03,9.234245e-03,2.699175e-04,3.157089e-03
4.936745e-02,1.869745e-02,7.303295e-03,2.184915e-02,4.792977e-02,4.129516e-03,2.869617e-03,7.104453e-01,1.163322e-01,1.109460e-03,5.416862e-03,5.005420e-03,6.704986e-03,2.900422e-04,2.549509e-03
5.264483e-02,1.514342e-02,8.455576e-03,1.947453e-02,3.808622e-02,4.023496e-03,2.231092e-03,7.483987e-01,8.642384e-02,1.482363e-03,6.024837e-03,6.190079e-03,6.098446e-03,5.242509e-04,4.798306e-03
4.662447e-02,2.200615e-02,1.160167e-02,2.231441e-02,2.907278e-02,3.868624e-03,1.614914e-03,6.874301e-01,7.277571e-02,3.004472e-03,6.930003e-02,7.300828e-03,7.244548e-03,9.030784e-03,6.810480e-03
3.396663e-02,1.703729e-02,1.162024e-02,4.745018e-02,2.241247e-02,6.315529e-03,1.306391e-03,5.673366e-01,7.612018e-02,9.658984e-03,1.416827e-01,1.942841e-02,1.817728e-02,2.026064e-02,7.226411e-03
2.416530e-02,1.213627e-02,8.913908e-03,4.951899e-02,1.604938e-02,5.194468e-03,9.999981e-04,4.130223e-01,5.493239e-02,1.358892e-02,2.713808e-01,3.381309e-02,6.325421e-02,2.345547e-02,9.574529e-03
1.731249e-02,8.699874e-03,6.996718e-03,3.864402e-02,1.223117e-02,3.851333e-03,8.266802e-04,2.936981e-01,4.098256e-02,2.176153e-02,2.985373e-01,3.433931e-02,1.580492e-01,2.808649e-02,3.598329e-02
1.236289e-02,6.193850e-03,5.467852e-03,2.870789e-02,8.867979e-03,2.810563e-03,6.341112e-04,2.063935e-01,3.053463e-02,9.760641e-02,3.033349e-01,4.238261e-02,1.693789e-01,3.239764e-02,5.292638e-02
8.955725e-03,4.688870e-03,4.071142e-03,2.132829e-02,8.179165e-03,2.552864e-03,5.949325e-04,1.458127e-01,3.279645e-02,8.226644e-02,2.858797e-01,6.560612e-02,2.472561e-01,4.771212e-02,4.229943e-02
6.359634e-03,3.394075e-03,2.883297e-03,1.517504e-02,5.820439e-03,1.802413e-03,4.257562e-04,1.021013e-01,2.509762e-02,2.176816e-01,3.160296e-01,4.939806e-02,1.766333e-01,4.537237e-02,3.182552e-02
4.539561e-03,2.453946e-03,2.034339e-03,1.089212e-02,4.150488e-03,1.270391e-03,3.047987e-04,7.148806e-02,1.933402e-02,3.253201e-01,3.310160e-01,3.836820e-02,1.252347e-01,3.953779e-02,2.405548e-02
3.372099e-03,1.793594e-03,1.503244e-03,8.127211e-03,3.555297e-03,9.180938e-04,2.369783e-04,5.013413e-02,1.481844e-02,3.970675e-01,3.172838e-01,3.880836e-02,9.401865e-02,4.061280e-02,2.774974e-02
2.468070e-03,1.328360e-03,1.209502e-03,5.844190e-03,1.441020e-02,7.600762e-04,2.537909e-04,3.527564e-02,1.378980e-02,3.470279e-01,3.577909e-01,3.873777e-02,7.381505e-02,3.972675e-02,6.756189e-02
1.906224e-03,2.720577e-03,1.936106e-03,4.177652e-03,9.861554e-02,1.604153e-03,5.985217e-04,2.523605e-02,2.858747e-02,2.652619e-01,3.091981e-01,3.924120e-02,7.054099e-02,3.921406e-02,1.111615e-01
1.738933e-03,2.519521e-03,6.443366e-03,3.055919e-03,8.082474e-02,2.171502e-03,1.047802e-03,2.912538e-02,2.844722e-02,2.440372e-01,3.245192e-01,3.700975e-02,5.490389e-02,7.167217e-02,1.124834e-01
1.480412e-03,2.094101e-03,5.741430e-03,2.213389e-03,6.346918e-02,1.794404e-03,9.130739e-04,2.259537e-02,2.837436e-02,2.479533e-01,3.787493e-01,3.347487e-02,4.115731e-02,7.480484e-02,9.518468e-02
3.411224e-03,1.922104e-03,6.763884e-03,2.832356e-03,5.522151e-02,7.632149e-03,1.150386e-03,2.797490e-02,2.669473e-02,1.923964e-01,4.621146e-01,3.677328e-02,3.552614e-02,6.386918e-02,7.571719e-02
4.113554e-03,3.884847e-03,6.606712e-03,2.496453e-03,4.042917e-02,7.983793e-03,1.258334e-03,2.138164e-02,3.819319e-02,1.780891e-01,4.971710e-01,3.959854e-02,2.811680e-02,7.156724e-02,5.910970e-02
4.778625e-03,3.598820e-03,6.397045e-03,2.038226e-03,3.100727e-02,6.424360e-03,1.130772e-03,1.950427e-02,3.654605e-02,2.020109e-01,4.783604e-01,5.050213e-02,2.391413e-02,8.789210e-02,4.589486e-02
4.360902e-03,8.010948e-03,5.698160e-03,1.934414e-03,2.359996e-02,5.399615e-03,8.513028e-04,1.475194e-02,8.066612e-02,1.882141e-01,3.965208e-01,9.516675e-02,2.258972e-02,1.195459e-01,3.268939e-02
3.829146e-03,9.012082e-03,5.821100e-03,1.896094e-03,1.785815e-02,4.228301e-03,6.163657e-04,1.151264e-02,8.153351e-02,2.076090e-01,3.962435e-01,8.757968e-02,1.910011e-02,1.285629e-01,2.459742e-02
7.171560e-03,8.398357e-03,6.163551e-03,2.025506e-03,1.415290e-02,3.900054e-03,4.642621e-04,9.367844e-03,7.027318e-02,1.852183e-01,4.321315e-01,7.924590e-02,1.473389e-02,1.483213e-01,1.843188e-02
1.036023e-02,8.508394e-03,9.421710e-03,1.911993e-03,1.119078e-02,3.206517e-03,3.503346e-04,8.714968e-03,6.132349e-02,1.510818e-01,4.372755e-01,5.905563e-02,1.075975e-02,2.135083e-01,1.333056e-02
1.616763e-02,7.923857e-03,1.624464e-02,2.542763e-03,1.016597e-02,2.717656e-03,2.872505e-04,9.703245e-03,6.649589e-02,1.232504e-01,4.591366e-01,4.391469e-02,8.080086e-03,2.233228e-01,1.004648e-02
7.804913e-02,1.031893e-02,2.960707e-02,6.874884e-03,1.163468e-02,6.965436e-03,4.828211e-04,1.049712e-02,6.053655e-02,9.451653e-02,4.282050e-01,4.105482e-02,6.319586e-03,2.031256e-01,1.181173e-02
7.868576e-02,9.881505e-03,3.245905e-02,9.472559e-03,1.287193e-02,7.613956e-03,4.819569e-04,1.237008e-02,5.155986e-02,8.435555e-02,4.905987e-01,3.735049e-02,5.771507e-03,1.574119e-01,9.115161e-03
1.227289e-01,1.100109e-02,2.919299e-02,8.940957e-03,1.286822e-02,9.614373e-03,6.157337e-04,1.392436e-02,3.926184e-02,6.601815e-02,5.052062e-01,3.639104e-02,5.886680e-03,1.295940e-01,8.755420e-03
1.593425e-01,1.196138e-02,2.994416e-02,1.330057e-02,1.360452e-02,9.610185e-03,5.899118e-04,1.337685e-02,3.308828e-02,5.457459e-02,4.895123e-01,3.589940e-02,6.888765e-03,1.205193e-01,7.787303e-03
1.859839e-01,1.316116e-02,2.302618e-02,1.151472e-02,1.958030e-02,9.854827e-03,6.175722e-04,1.080472e-02,3.159373e-02,4.114276e-02,4.666060e-01,3.896711e-02,7.348230e-03,1.320666e-01,7.732211e-03
1.750983e-01,2.079244e-02,3.215855e-02,9.553358e-03,1.758746e-02,9.205386e-03,7.613923e-04,9.435687e-03,4.152034e-02,3.208576e-02,4.242119e-01,3.646806e-02,5.877567e-03,1.762652e-01,8.978499e-03
1.586639e-01,1.939495e-02,4.812129e-02,8.151452e-03,1.642629e-02,8.725053e-03,8.385775e-04,1.063778e-02,4.254546e-02,3.301219e-02,3.848602e-01,3.106797e-02,4.510453e-03,2.255661e-01,7.478327e-03
1.279138e-01,1.833980e-02,5.704913e-02,6.822326e-03,1.496691e-02,7.045701e-03,8.104113e-04,2.313505e-02,5.259781e-02,4.166026e-02,3.244547e-01,2.224102e-02,3.480002e-03,2.936112e-01,5.871865e-03
1.109616e-01,2.791764e-02,7.780100e-02,7.911921e-03,1.447857e-02,6.762967e-03,8.277764e-04,7.860258e-02,9.689345e-02,3.750922e-02,2.339543e-01,1.579600e-02,2.691115e-03,2.824314e-01,5.460505e-03
1.142115e-01,3.668339e-02,7.811597e-02,7.599344e-03,1.872702e-02,5.442197e-03,8.026719e-04,8.052769e-02,1.377074e-01,5.494332e-02,1.756507e-01,1.147357e-02,2.357006e-03,2.709409e-01,4.817293e-03
1.147967e-01,7.823920e-02,1.332928e-01,1.645024e-02,1.690222e-02,6.322381e-03,8.767551e-04,7.546705e-02,1.488041e-01,4.039443e-02,1.467081e-01,9.931444e-03,2.153624e-03,2.036024e-01,6.058613e-03
1.159928e-01,1.137395e-01,1.204398e-01,1.573535e-02,2.276414e-02,7.862443e-03,1.008081e-03,7.359464e-02,1.699438e-01,3.161947e-02,1.388042e-01,9.186020e-03,2.122989e-03,1.718262e-01,5.360519e-03
