1.000000e+00,0.000000e+00,0.000000e+00,0.000000e+00,0.000000e+00,0.000000e+00,0.000000e+00,0.000000e+00,0.000000e+00,0.000000e+00,0.000000e+00,0.000000e+00,0.000000e+00,0.000000e+00,0.000000e+00
1.000000e+00,0.000000e+00,0.000000e+00,0.000000e+00,0.000000e+00,0.000000e+00,0.000000e+00,0.000000e+00,0.000000e+00,0.000000e+00,0.000000e+00,0.000000e+00,0.000000e+00,0.000000e+00,0.000000e+00
1.000000e+00,0.000000e+00,0.000000e+00,0.000000e+00,0.000000e+00,0.000000e+00,0.000000e+00,0.000000e+00,0.000000e+00,0.000000e+00,0.000000e+00,0.000000e+00,0.000000e+00,0.000000e+00,0.000000e+00
1.000000e+00,0.000000e+00,0.000000e+00,0.000000e+00,0.000000e+00,0.000000e+00,0.000000e+00,0.000000e+00,0.000000e+00,0.000000e+00,0.000000e+00,0.000000e+00,0.000000e+00,0.000000e+00,0.000000e+00
1.000000e+00,0.000000e+00,0.000000e+00,0.000000e+00,0.000000e+00,0.000000e+00,0.000000e+00,0.000000e+00,0.000000e+00,0.000000e+00,0.000000e+00,0.000000e+00,0.000000e+00,0.000000e+00,0.000000e+00
1.000000e+00,0.000000e+00,0.000000e+00,0.000000e+00,0.000000e+00,0.000000e+00,0.000000e+00,0.000000e+00,0.000000e+00,0.000000e+00,0.000000e+00,0.000000e+00,0.000000e+00,0.000000e+00,0.000000e+00
1.000000e+00,0.000000e+00,0.000000e+00,0.000000e+00,0.000000e+00,0.000000e+00,0.000000e+00,0.000000e+00,0.000000e+00,0.000000e+00,0.000000e+00,0.000000e+00,0.000000e+00,0.000000e+00,0.000000e+00
1.000000e+00,0.000000e+00,0.000000e+00,0.000000e+00,0.000000e+00,0.000000e+00,0.000000e+00,0.000000e+00,0.000000e+00,0.000000e+00,0.000000e+00,0.000000e+00,0.000000e+00,0.000000e+00,0.000000e+00
1.000000e+00,0.000000e+00,0.000000e+00,0.000000e+00,0.000000e+00,0.000000e+00,0.000000e+00,0.000000e+00,0.000000e+00,0.000000e+00,0.000000e+00,0.000000e+00,0.000000e+00,0.000000e+00,0.000000e+00
1.000000e+00,0.000000e+00,0.000000e+00,0.000000e+00,0.000000e+00,0.000000e+00,0.000000e+00,0.000000e+00,0.000000e+00,0.000000e+00,0.000000e+00,0.000000e+00,0.000000e+00,0.000000e+00,0.000000e+00
1.000000e+00,0.000000e+00,0.000000e+00,0.000000e+00,0.000000e+00,0.000000e+00,0.000000e+00,0.000000e+00,0.000000e+00,0.000000e+00,0.000000e+00,0.000000e+00,0.000000e+00,0.000000e+00,0.000000e+00
1.000000e+00,0.000000e+00,0.000000e+00,0.000000e+00,0.000000e+00,0.000000e+00,0.000000e+00,0.000000e+00,0.000000e+00,0.000000e+00,0.000000e+00,0.000000e+00,0.000000e+00,0.000000e+00,0.000000e+00
1.000000e+00,0.000000e+00,0.000000e+00,0.000000e+00,0.000000e+00,0.000000e+00,0.000000e+00,0.000000e+00,0.000000e+00,0.000000e+00,0.000000e+00,0.000000e+00,0.000000e+00,0.000000e+00,0.000000e+00
1.000000e+00,0.000000e+00,0.000000e+00,0.000000e+00,0.000000e+00,0.000000e+00,0.000000e+00,0.000000e+00,0.000000e+00,0.000000e+00,0.000000e+00,0.000000e+00,0.000000e+00,0.000000e+00,0.000000e+00
1.000000e+00,0.000000e+00,0.000000e+00,0.000000e+00,0.000000e+00,0.000000e+00,0.000000e+00,0.000000e+00,0.000000e+00,0.000000e+00,0.000000e+00,0.000000e+00,0.000000e+00,0.000000e+00,0.000000e+00
1.000000e+00,0.000000e+00,0.000000e+00,0.000000e+00,0.000000e+00,0.000000e+00,0.000000e+00,0.000000e+00,0.000000e+00,0.000000e+00,0.000000e+00,0.000000e+00,0.000000e+00,0.000000e+00,0.000000e+00
1.000000e+00,0.000000e+00,0.000000e+00,0.000000e+00,0.000000e+00,0.000000e+00,0.000000e+00,0.000000e+00,0.000000e+00,0.000000e+00,0.000000e+00,0.000000e+00,0.000000e+00,0.000000e+00,0.000000e+00
1.000000e+00,0.000000e+00,0.000000e+00,0.000000e+00,0.000000e+00,0.000000e+00,0.000000e+00,0.000000e+00,0.000000e+00,0.000000e+00,0.000000e+00,0.000000e+00,0.000000e+00,0.000000e+00,0.000000e+00
1.000000e+00,0.000000e+00,0.000000e+00,0.000000e+00,0.000000e+00,0.000000e+00,0.000000e+00,0.000000e+00,0.000000e+00,0.000000e+00,0.000000e+00,0.000000e+00,0.000000e+00,0.000000e+00,0.000000e+00
1.000000e+00,0.000000e+00,0.000000e+00,0.000000e+00,0.000000e+00,0.000000e+00,0.000000e+00,0.000000e+00,0.000000e+00,0.000000e+00,0.000000e+00,0.000000e+00,0.000000e+00,0.000000e+00,0.000000e+00
1.000000e+00,0.000000e+00,0.000000e+00,0.000000e+00,0.000000e+00,0.000000e+00,0.000000e+00,0.000000e+00,0.000000e+00,0.000000e+00,0.000000e+00,0.000000e+00,0.000000e+00,0.000000e+00,0.000000e+00
1.000000e+00,0.000000e+00,0.000000e+00,0.000000e+00,0.000000e+00,0.000000e+00,0.000000e+00,0.000000e+00,0.000000e+00,0.000000e+00,0.000000e+00,0.000000e+00,0.000000e+00,0.000000e+00,0.000000e+00
1.000000e+00,0.000000e+00,0.000000e+00,0.000000e+00,0.000000e+00,0.000000e+00,0.000000e+00,0.000000e+00,0.000000e+00,0.000000e+00,0.000000e+00,0.000000e+00,0.000000e+00,0.000000e+00,0.000000e+00
1.000000e+00,0.000000e+00,0.000000e+00,0.000000e+00,0.000000e+00,0.000000e+00,0.000000e+00,0.000000e+00,0.000000e+00,0.000000e+00,0.000000e+00,0.000000e+00,0.000000e+00,0.000000e+00,0.000000e+00
1.000000e+00,0.000000e+00,0.000000e+00,0.000000e+00,0.000000e+00,0.000000e+00,0.000000e+00,0.000000e+00,0.000000e+00,0.000000e+00,0.000000e+00,0.000000e+00,0.000000e+00,0.000000e+00,0.000000e+00
1.000000e+00,0.000000e+00,0.000000e+00,0.000000e+00,0.000000e+00,0.000000e+00,0.000000e+00,0.000000e+00,0.000000e+00,0.000000e+00,0.000000e+00,0.000000e+00,0.000000e+00,0.000000e+00,0.000000e+00
1.000000e+00,0.000000e+00,0.000000e+00,0.000000e+00,0.000000e+00,0.000000e+00,0.000000e+00,0.000000e+00,0.000000e+00,0.000000e+00,0.000000e+00,0.000000e+00,0.000000e+00,0.000000e+00,0.000000e+00
1.000000e+00,0.000000e+00,0.000000e+00,0.000000e+00,0.000000e+00,0.000000e+00,0.000000e+00,0.000000e+00,0.000000e+00,0.000000e+00,0.000000e+00,0.000000e+00,0.000000e+00,0.000000e+00,0.000000e+00
1.000000e+00,0.000000e+00,0.000000e+00,0.000000e+00,0.000000e+00,0.000000e+00,0.000000e+00,0.000000e+00,0.000000e+00,0.000000e+00,0.000000e+00,0.000000e+00,0.000000e+00,0.000000e+00,0.000000e+00
1.000000e+00,0.000000e+00,0.000000e+00,0.000000e+00,0.000000e+00,0.000000e+00,0.000000e+00,0.000000e+00,0.000000e+00,0.000000e+00,0.000000e+00,0.000000e+00,0.000000e+00,0.000000e+00,0.000000e+00
1.000000e+00,0.000000e+00,0.000000e+00,0.000000e+00,0.000000e+00,0.000000e+00,0.000000e+00,0.000000e+00,0.000000e+00,0.000000e+00,0.000000e+00,0.000000e+00,0.000000e+00,0.000000e+00,0.000000e+00
1.000000e+00,0.000000e+00,0.000000e+00,0.000000e+00,0.000000e+00,0.000000e+00,0.000000e+00,0.000000e+00,0.000000e+00,0.000000e+00,0.000000e+00,0.000000e+00,0.000000e+00,0.000000e+00,0.000000e+00
1.000000e+00,0.000000e+00,0.000000e+00,0.000000e+00,0.000000e+00,0.000000e+00,0.000000e+00,0.000000e+00,0.000000e+00,0.000000e+00,0.000000e+00,0.000000e+00,0.000000e+00,0.000000e+00,0.000000e+00
1.000000e+00,0.000000e+00,0.000000e+00,0.000000e+00,0.000000e+00,0.000000e+00,0.000000e+00,0.000000e+00,0.000000e+00,0.000000e+00,0.000000e+00,0.000000e+00,0.000000e+00,0.000000e+00,0.000000e+00
1.000000e+00,0.000000e+00,0.000000e+00,0.000000e+00,0.000000e+00,0.000000e+00,0.000000e+00,0.000000e+00,0.000000e+00,0.000000e+00,0.000000e+00,0.000000e+00,0.000000e+00,0.000000e+00,0.000000e+00
1.000000e+00,0.000000e+00,0.000000e+00,0.000000e+00,0.000000e+00,0.000000e+00,0.000000e+00,0.000000e+00,0.000000e+00,0.000000e+00,0.000000e+00,0.000000e+00,0.000000e+00,0.000000e+00,0.000000e+00
1.000000e+00,0.000000e+00,0.000000e+00,0.000000e+00,0.000000e+00,0.000000e+00,0.000000e+00,0.000000e+00,0.000000e+00,0.000000e+00,0.000000e+00,0.000000e+00,0.000000e+00,0.000000e+00,0.000000e+00
1.000000e+00,0.000000e+00,0.000000e+00,0.000000e+00,0.000000e+00,0.000000e+00,0.000000e+00,0.000000e+00,0.000000e+00,0.000000e+00,0.000000e+00,0.000000e+00,0.000000e+00,0.000000e+00,0.000000e+00
1.000000e+00,0.000000e+00,0.000000e+00,0.000000e+00,0.000000e+00,0.000000e+00,0.000000e+00,0.000000e+00,0.000000e+00,0.000000e+00,0.000000e+00,0.000000e+00,0.000000e+00,0.000000e+00,0.000000e+00
1.000000e+00,0.000000e+00,0.000000e+00,0.000000e+00,0.000000e+00,0.000000e+00,0.000000e+00,0.000000e+00,0.000000e+00,0.000000e+00,0.000000e+00,0.000000e+00,0.000000e+00,0.000000e+00,0.000000e+00
1.000000e+00,0.000000e+00,0.000000e+00,0.000000e+00,0.000000e+00,0.000000e+00,0.000000e+00,0.000000e+00,0.000000e+00,0.000000e+00,0.000000e+00,0.000000e+00,0.000000e+00,0.000000e+00,0.000000e+00
1.000000e+00,0.000000e+00,0.000000e+00,0.000000e+00,0.000000e+00,0.000000e+00,0.000000e+00,0.000000e+00,0.000000e+00,0.000000e+00,0.000000e+00,0.000000e+00,0.000000e+00,0.000000e+00,0.000000e+00
1.000000e+00,0.000000e+00,0.000000e+00,0.000000e+00,0.000000e+00,0.000000e+00,0.000000e+00,0.000000e+00,0.000000e+00,0.000000e+00,0.000000e+00,0.000000e+00,0.000000e+00,0.000000e+00,0.000000e+00
1.000000e+00,0.000000e+00,0.000000e+00,0.000000e+00,0.000000e+00,0.000000e+00,0.000000e+00,0.000000e+00,0.000000e+00,0.000000e+00,0.000000e+00,0.000000e+00,0.000000e+00,0.000000e+00,0.000000e+00
1.000000e+00,0.000000e+00,0.000000e+00,0.000000e+00,0.000000e+00,0.000000e+00,0.000000e+00,0.000000e+00,0.000000e+00,0.000000e+00,0.000000e+00,0.000000e+00,0.000000e+00,0.000000e+00,0.000000e+00
1.000000e+00,0.000000e+00,0.000000e+00,0.000000e+00,0.000000e+00,0.000000e+00,0.000000e+00,0.000000e+00,0.000000e+00,0.000000e+00,0.000000e+00,0.000000e+00,0.000000e+00,0.000000e+00,0.000000e+00
1.000000e+00,0.000000e+00,0.000000e+00,0.000000e+00,0.000000e+00,0.000000e+00,0.000000e+00,0.000000e+00,0.000000e+00,0.000000e+00,0.000000e+00,0.000000e+00,0.000000e+00,0.000000e+00,0.000000e+00
1.000000e+00,0.000000e+00,0.000000e+00,0.000000e+00,0.000000e+00,0.000000e+00,0.000000e+00,0.000000e+00,0.000000e+00,0.000000e+00,0.000000e+00,0.000000e+00,0.000000e+00,0.000000e+00,0.000000e+00
1.000000e+00,0.000000e+00,0.000000e+00,0.000000e+00,0.000000e+00,0.000000e+00,0.000000e+00,0.000000e+00,0.000000e+00,0.000000e+00,0.000000e+00,0.000000e+00,0.000000e+00,0.000000e+00,0.000000e+00
1.000000e+00,0.000000e+00,0.000000e+00,0.000000e+00,0.000000e+00,0.000000e+00,0.000000e+00,0.000000e+00,0.000000e+00,0.000000e+00,0.000000e+00,0.000000e+00,0.000000e+00,0.000000e+00,0.000000e+00
1.000000e+00,0.000000e+00,0.000000e+00,0.000000e+00,0.000000e+00,0.000000e+00,0.000000e+00,0.000000e+00,0.000000e+00,0.000000e+00,0.000000e+00,0.000000e+00,0.000000e+00,0.000000e+00,0.000000e+00
1.000000e+00,0.000000e+00,0.000000e+00,0.000000e+00,0.000000e+00,0.000000e+00,0.000000e+00,0.000000e+00,0.000000e+00,0.000000e+00,0.000000e+00,0.000000e+00,0.000000e+00,0.000000e+00,0.000000e+00
1.000000e+00,0.000000e+00,0.000000e+00,0.000000e+00,0.000000e+00,0.000000e+00,0.000000e+00,0.000000e+00,0.000000e+00,0.000000e+00,0.000000e+00,0.000000e+00,0.000000e+00,0.000000e+00,0.000000e+00
1.000000e+00,0.000000e+00,0.000000e+00,0.000000e+00,0.000000e+00,0.000000e+00,0.000000e+00,0.000000e+00,0.000000e+00,0.000000e+00,0.000000e+00,0.000000e+00,0.000000e+00,0.000000e+00,0.000000e+00
1.000000e+00,0.000000e+00,0.000000e+00,0.000000e+00,0.000000e+00,0.000000e+00,0.000000e+00,0.000000e+00,0.000000e+00,0.000000e+00,0.000000e+00,0.000000e+00,0.000000e+00,0.000000e+00,0.000000e+00
1.000000e+00,0.000000e+00,0.000000e+00,0.000000e+00,0.000000e+00,0.000000e+00,0.000000e+00,0.000000e+00,0.000000e+00,0.000000e+00,0.000000e+00,0.000000e+00,0.000000e+00,0.000000e+00,0.000000e+00
1.000000e+00,0.000000e+00,0.000000e+00,0.000000e+00,0.000000e+00,0.000000e+00,0.000000e+00,0.000000e+00,0.000000e+00,0.000000e+00,0.000000e+00,0.000000e+00,0.000000e+00,0.000000e+00,0.000000e+00
1.000000e+00,0.000000e+00,0.000000e+00,0.000000e+00,0.000000e+00,0.000000e+00,0.000000e+00,0.000000e+00,0.000000e+00,0.000000e+00,0.000000e+00,0.000000e+00,0.000000e+00,0.000000e+00,0.000000e+00
1.000000e+00,0.000000e+00,0.000000e+00,0.000000e+00,0.000000e+00,0.000000e+00,0.000000e+00,0.000000e+00,0.000000e+00,0.000000e+00,0.000000e+00,0.000000e+00,0.000000e+00,0.000000e+00,0.000000e+00
1.000000e+00,0.000000e+00,0.000000e+00,0.000000e+00,0.000000e+00,0.000000e+00,0.000000e+00,0.000000e+00,0.000000e+00,0.000000e+00,0.000000e+00,0.000000e+00,0.000000e+00,0.000000e+00,0.000000e+00
1.000000e+00,0.000000e+00,0.000000e+00,0.000000e+00,0.000000e+00,0.000000e+00,0.000000e+00,0.000000e+00,0.000000e+00,0.000000e+00,0.000000e+00,0.000000e+00,0.000000e+00,0.000000e+00,0.000000e+00
4.320593e-01,3.937041e-02,1.117200e-02,4.731340e-02,1.471492e-02,2.214504e-02,3.235734e-03,7.477046e-03,1.063409e-02,2.876901e-03,2.121447e-01,2.301008e-02,1.611597e-02,1.423997e-01,1.533072e-02
3.025680e-01,2.791041e-02,7.835914e-03,3.326970e-02,1.046203e-02,1.558359e-02,2.272440e-03,5.308471e-03,7.725203e-03,2.323052e-03,3.804017e-01,1.988620e-02,1.178601e-02,1.617305e-01,1.093685e-02
2.121446e-01,1.974348e-02,5.514474e-03,2.356676e-02,7.673976e-03,1.105920e-02,1.623362e-03,3.829594e-03,6.920354e-03,2.420745e-03,5.140489e-01,1.547593e-02,8.534760e-03,1.595516e-01,7.892220e-03
1.485369e-01,1.389618e-02,3.872838e-03,1.658813e-02,5.415741e-03,7.822930e-03,1.142438e-03,2.706948e-03,5.004831e-03,2.323441e-03,6.373301e-01,1.246973e-02,6.104981e-03,1.312149e-01,5.569948e-03
1.039935e-01,9.833693e-03,2.724307e-03,1.170811e-02,4.171034e-03,5.570377e-03,8.206344e-04,1.907288e-03,3.976321e-03,1.945994e-03,7.387750e-01,9.721516e-03,4.496947e-03,9.636144e-02,3.993887e-03
7.284999e-02,7.388179e-03,2.022344e-03,8.369377e-03,3.763443e-03,4.103816e-03,7.135803e-04,1.399654e-03,3.640154e-03,3.308380e-03,7.969868e-01,1.064150e-02,3.612566e-03,7.779340e-02,3.406818e-03
5.131281e-02,1.312815e-02,1.974851e-03,6.108209e-03,7.894820e-03,3.474576e-03,8.358100e-04,1.110229e-03,2.915037e-02,6.390308e-03,7.790397e-01,1.792339e-02,2.985578e-03,7.139391e-02,7.277284e-03
3.602618e-02,1.039981e-02,1.532430e-03,4.321656e-03,5.861497e-03,2.593527e-03,6.454368e-04,8.230394e-04,2.169447e-02,6.192884e-03,8.209699e-01,1.950778e-02,2.256057e-03,6.160132e-02,5.573977e-03
2.535815e-02,8.099149e-03,1.500663e-03,3.141156e-03,4.400684e-03,3.786060e-03,7.963197e-04,3.151467e-03,1.897649e-02,1.109957e-02,7.478029e-01,7.128642e-02,1.912403e-03,9.417091e-02,4.517647e-03
1.779986e-02,6.180489e-03,1.112346e-03,2.210861e-03,3.128708e-03,3.090316e-03,5.805781e-04,2.288036e-03,1.486266e-02,8.800245e-03,7.808006e-01,6.593776e-02,1.421597e-03,8.844668e-02,3.339335e-03
1.262339e-02,7.616315e-03,9.849620e-04,1.565947e-03,2.265512e-03,2.513797e-03,4.516296e-04,1.758765e-03,1.340844e-02,1.055123e-02,7.853973e-01,7.068198e-02,1.082448e-03,8.621884e-02,2.879486e-03
9.135171e-03,6.356534e-03,9.107720e-04,1.335917e-03,1.921890e-02,3.155142e-03,1.149002e-03,1.666598e-03,5.191401e-02,2.066508e-02,7.429726e-01,6.576754e-02,1.620754e-03,7.143441e-02,2.697594e-03
6.725276e-03,5.622474e-03,1.295592e-03,1.195108e-03,2.150316e-02,4.241782e-03,2.153097e-03,3.479935e-03,4.967732e-02,2.925551e-02,7.478113e-01,6.062874e-02,1.818588e-03,6.191076e-02,2.681444e-03
4.877947e-03,7.513586e-03,1.543867e-03,9.535596e-04,1.897176e-02,3.902937e-03,2.382474e-03,2.771819e-03,3.801650e-02,3.106891e-02,7.734556e-01,5.306126e-02,1.680622e-03,5.622049e-02,3.578739e-03
3.979612e-03,6.255849e-03,2.524195e-03,8.458868e-04,2.367535e-02,3.620134e-03,2.887312e-03,2.427596e-03,3.461013e-02,2.691817e-02,7.761285e-01,4.808186e-02,3.193631e-03,6.144042e-02,3.411365e-03
3.551989e-03,4.769877e-03,2.446975e-03,6.887214e-04,1.277797e-01,4.383102e-03,2.505718e-03,2.429421e-03,7.443701e-02,2.374806e-02,6.295429e-01,4.473919e-02,3.840837e-03,7.210694e-02,3.029621e-03
3.466187e-03,3.958670e-03,3.189618e-03,1.562873e-03,1.151006e-01,5.050938e-03,2.377918e-03,4.903375e-02,1.221818e-01,2.246049e-02,5.443235e-01,5.017590e-02,1.070873e-02,6.391519e-02,2.493838e-03
4.526938e-03,3.283488e-03,3.783662e-03,3.225323e-03,9.198180e-02,1.225186e-02,2.445335e-03,8.675596e-02,1.101814e-01,2.740943e-02,5.220339e-01,6.051629e-02,1.792898e-02,5.140688e-02,2.268760e-03
1.516994e-02,5.745845e-03,2.040375e-02,8.865010e-03,8.077300e-02,3.414501e-02,2.284702e-03,8.522024e-02,1.202249e-01,2.732715e-02,4.837128e-01,5.259446e-02,2.122658e-02,3.943040e-02,2.876270e-03
2.620029e-02,1.085216e-02,4.759466e-02,1.570035e-02,1.006759e-01,3.905496e-02,3.108193e-03,1.209168e-01,1.444420e-01,2.494280e-02,3.688998e-01,4.514360e-02,1.821087e-02,3.003251e-02,4.225077e-03
4.115999e-02,1.077652e-02,7.785552e-02,6.218021e-02,1.214132e-01,3.265219e-02,2.760206e-03,1.306739e-01,1.524719e-01,2.093893e-02,2.706418e-01,3.541451e-02,1.462672e-02,2.177365e-02,4.660804e-03
4.370724e-02,2.130366e-02,7.876588e-02,8.991566e-02,1.253323e-01,3.595948e-02,2.305640e-03,1.164425e-01,2.100812e-01,1.605764e-02,1.982757e-01,2.767581e-02,1.347083e-02,1.584681e-02,4.859729e-03
5.458427e-02,3.663545e-02,9.187862e-02,1.047552e-01,1.167342e-01,3.998370e-02,2.238276e-03,8.477640e-02,2.341222e-01,1.555273e-02,1.668077e-01,2.409818e-02,1.145559e-02,1.208726e-02,4.290155e-03
4.617915e-02,5.033583e-02,8.308323e-02,1.953964e-01,9.750745e-02,3.534261e-02,2.310827e-03,6.608559e-02,2.249938e-01,1.677295e-02,1.297626e-01,2.146159e-02,1.384643e-02,8.798647e-03,8.122970e-03
3.711364e-02,3.916238e-02,6.285561e-02,2.769678e-01,9.889518e-02,3.634949e-02,2.243171e-03,5.158747e-02,1.847519e-01,1.309283e-02,1.125052e-01,2.368172e-02,4.579449e-02,6.388412e-03,8.610645e-03
3.193412e-02,3.904010e-02,4.955164e-02,2.366762e-01,1.187492e-01,3.239404e-02,2.228233e-03,3.962607e-02,1.726866e-01,1.267939e-02,1.183966e-01,3.712826e-02,8.960558e-02,5.149828e-03,1.415403e-02
3.464596e-02,3.241947e-02,4.222392e-02,2.031925e-01,1.061220e-01,2.689948e-02,2.148180e-03,3.047748e-02,1.303254e-01,9.625479e-03,9.871808e-02,5.099156e-02,2.087390e-01,4.827953e-03,1.864356e-02
3.275524e-02,2.454477e-02,3.215298e-02,1.499250e-01,8.754459e-02,2.361082e-02,1.989443e-03,2.212669e-02,9.623645e-02,8.151614e-03,8.778199e-02,6.090723e-02,3.468441e-01,5.770427e-03,1.965869e-02
3.584382e-02,1.857137e-02,2.370579e-02,1.067260e-01,7.671370e-02,2.010703e-02,3.016786e-03,1.653228e-02,7.205743e-02,8.225943e-03,7.590117e-02,8.575457e-02,4.356255e-01,5.692471e-03,1.552609e-02
2.797591e-02,1.340416e-02,1.736775e-02,7.663064e-02,5.608781e-02,1.674689e-02,3.478427e-03,1.257022e-02,5.232201e-02,7.804670e-03,5.635588e-02,1.576529e-01,4.860628e-01,4.161778e-03,1.137818e-02
2.201678e-02,1.009893e-02,1.290229e-02,5.443453e-02,4.192466e-02,1.434795e-02,2.959704e-03,9.353336e-03,3.891204e-02,7.050830e-03,4.108923e-02,2.558263e-01,4.778535e-01,3.014168e-03,8.215830e-03
1.704434e-02,7.291344e-03,9.244258e-03,3.827346e-02,3.032080e-02,1.646225e-02,2.329203e-03,6.889730e-03,2.854593e-02,5.344706e-03,2.939127e-02,2.494967e-01,5.510344e-01,2.412543e-03,5.919163e-03
1.361570e-02,5.330257e-03,6.677510e-03,2.694870e-02,2.214673e-02,1.588481e-02,1.946838e-03,5.266307e-03,2.148373e-02,4.131417e-03,2.150454e-02,2.490713e-01,5.996786e-01,1.933137e-03,4.380386e-03
1.782789e-02,4.472012e-03,5.729177e-03,2.016286e-02,1.605911e-02,1.786265e-02,2.654917e-03,7.482113e-03,1.790002e-02,3.723879e-03,1.791425e-02,1.993267e-01,6.624150e-01,2.457571e-03,4.011948e-03
2.157248e-02,3.262496e-03,4.233891e-03,1.424982e-02,1.153281e-02,4.453193e-02,7.111351e-03,1.301299e-02,1.337055e-02,2.787392e-03,1.341407e-02,1.593717e-01,6.867685e-01,1.859805e-03,2.920221e-03
2.019943e-02,2.439794e-03,3.033830e-03,1.010371e-02,9.100188e-03,3.270150e-02,5.890813e-03,9.748122e-03,1.053686e-02,2.123970e-03,9.547630e-03,1.394803e-01,7.414166e-01,1.554059e-03,2.123234e-03
1.897755e-02,2.216371e-03,2.293745e-03,7.735945e-03,7.691912e-03,2.569702e-02,4.877197e-03,7.662180e-03,1.306922e-02,1.935397e-03,7.327824e-03,1.395860e-01,7.577806e-01,1.403616e-03,1.745362e-03
1.976486e-02,4.272965e-03,1.863571e-03,5.926715e-03,6.826779e-03,2.134949e-02,4.383171e-03,6.415945e-03,2.375952e-02,1.919076e-03,5.466762e-03,1.430981e-01,7.521345e-01,1.375145e-03,1.443422e-03
1.993491e-02,2.480477e-02,4.434290e-03,1.726473e-02,6.711798e-03,2.295964e-02,4.417621e-03,5.723693e-03,5.807512e-02,2.125820e-03,5.863791e-03,1.176392e-01,7.044602e-01,1.170871e-03,4.413491e-03
1.977167e-02,2.468139e-02,4.134832e-03,1.536565e-02,5.597821e-03,2.119724e-02,3.462020e-03,4.592275e-03,5.621980e-02,2.014524e-03,5.856578e-03,9.028987e-02,7.406504e-01,1.265029e-03,4.900887e-03
2.004142e-02,2.048330e-02,4.062982e-03,1.129739e-02,6.670298e-03,2.121258e-02,3.598117e-03,4.862367e-03,4.751428e-02,1.915734e-03,4.891632e-03,7.700630e-02,7.701299e-01,1.982188e-03,4.331545e-03
1.764631e-02,1.802209e-02,7.099870e-03,9.148178e-03,7.050707e-03,2.234362e-02,3.536367e-03,2.222536e-02,5.484635e-02,1.960184e-03,4.744390e-03,5.691482e-02,7.653680e-01,1.616125e-03,7.477607e-03
1.892244e-02,2.565323e-02,7.250521e-03,9.725973e-03,6.036396e-03,3.317764e-02,3.130068e-03,1.843523e-02,8.028883e-02,2.281335e-03,4.096031e-03,4.554031e-02,7.343851e-01,1.370247e-03,9.706570e-03
1.732461e-02,7.033085e-02,6.311883e-03,9.360425e-03,4.952087e-03,4.740757e-02,2.860953e-03,1.863504e-02,1.407505e-01,1.890906e-03,3.392825e-03,3.445492e-02,6.319696e-01,1.070717e-03,9.287162e-03
2.057412e-02,6.911997e-02,1.044130e-02,2.931818e-02,2.738630e-02,5.710585e-02,6.353246e-03,6.070520e-02,1.858044e-01,1.840501e-03,2.491423e-03,2.496710e-02,4.945094e-01,8.135948e-04,8.569418e-03
5.250802e-02,7.598635e-02,8.562920e-03,2.574718e-02,3.951202e-02,1.377420e-01,1.445229e-02,5.683482e-02,1.743991e-01,1.575312e-03,2.456927e-03,2.162265e-02,3.794609e-01,1.006338e-03,8.133145e-03
1.052730e-01,6.497278e-02,7.818732e-03,2.188564e-02,3.649268e-02,1.969933e-01,1.197888e-02,5.193859e-02,1.634374e-01,1.305660e-03,3.012084e-03,1.733105e-02,3.038778e-01,2.468846e-03,1.121356e-02
1.256393e-01,5.129542e-02,1.193769e-02,3.512121e-02,3.965705e-02,2.319177e-01,1.216425e-02,7.753156e-02,1.459394e-01,2.469470e-03,2.819750e-03,1.305722e-02,2.294641e-01,2.672874e-03,1.831293e-02
9.628344e-02,4.861421e-02,1.418642e-02,1.548568e-01,3.161925e-02,1.713491e-01,8.950803e-03,6.302354e-02,1.457862e-01,1.075802e-02,5.420818e-03,1.345523e-02,1.685144e-01,2.081023e-03,6.510078e-02
9.186163e-02,3.923040e-02,1.434364e-02,2.116434e-01,3.383113e-02,1.683810e-01,7.746446e-03,6.506668e-02,1.462179e-01,1.036533e-02,1.551588e-02,1.280613e-02,1.240936e-01,1.851322e-03,5.704546e-02
9.587240e-02,3.767312e-02,1.632231e-02,2.181855e-01,4.348598e-02,1.567712e-01,7.430871e-03,5.302497e-02,1.487268e-01,1.217882e-02,2.258601e-02,1.334617e-02,9.139448e-02,2.374430e-03,8.062689e-02
8.874676e-02,3.898748e-02,2.484544e-02,2.402379e-01,5.222541e-02,1.433097e-01,7.397214e-03,5.573379e-02,1.610232e-01,1.144203e-02,1.749595e-02,1.037028e-02,6.801163e-02,1.996911e-03,7.817635e-02
8.475281e-02,3.431083e-02,2.298557e-02,2.031836e-01,9.474277e-02,1.422980e-01,1.210610e-02,4.788368e-02,1.680204e-01,1.180378e-02,1.320186e-02,7.960645e-03,5.276149e-02,2.084127e-03,1.019044e-01
1.142250e-01,5.219027e-02,2.074466e-02,1.672525e-01,9.254513e-02,1.324587e-01,1.032740e-02,4.375827e-02,1.676797e-01,1.356361e-02,1.033084e-02,6.260321e-03,4.410382e-02,2.602853e-03,1.219569e-01
9.686448e-02,8.421925e-02,1.787627e-02,1.403537e-01,6.578989e-02,9.518680e-02,7.624706e-03,3.108923e-02,1.537502e-01,3.201425e-02,8.111881e-03,4.927719e-03,3.343463e-02,3.052278e-03,2.257048e-01
7.300186e-02,8.961203e-02,1.290339e-02,1.042221e-01,4.697661e-02,6.831775e-02,5.658346e-03,2.233410e-02,2.112686e-01,2.952783e-02,6.797356e-03,3.662876e-03,6.662280e-02,2.916834e-03,2.561776e-01
5.815201e-02,1.228150e-01,9.376742e-03,7.851196e-02,3.408634e-02,4.920489e-02,4.084673e-03,1.597513e-02,2.446647e-01,2.254353e-02,6.385658e-03,3.285782e-03,1.242613e-01,4.079625e-03,2.225728e-01
4.580088e-02,1.270557e-01,6.947465e-03,5.839189e-02,2.431513e-02,3.528364e-02,2.941118e-03,1.158398e-02,2.057021e-01,1.621989e-02,5.120473e-03,2.732341e-03,2.734600e-01,3.327387e-03,1.811180e-01
4.267659e-02,1.503277e-01,7.100559e-03,4.380612e-02,1.771141e-02,2.563018e-02,2.177548e-03,8.640926e-03,2.708760e-01,1.180096e-02,4.629626e-03,2.690635e-03,2.615846e-01,4.657538e-03,1.456896e-01
3.784996e-02,1.119773e-01,5.726275e-03,3.139503e-02,1.304404e-02,2.066432e-02,2.123867e-03,7.449179e-03,1.930200e-01,8.372874e-03,4.402254e-03,4.680160e-03,4.238972e-01,3.649901e-03,1.317478e-01
3.486706e-02,8.049906e-02,4.236372e-03,2.240325e-02,9.670248e-03,1.569088e-02,1.686718e-03,5.584798e-03,1.372846e-01,5.949967e-03,3.546844e-03,5.835290e-03,5.417199e-01,2.835365e-03,1.281897e-01
3.046355e-02,6.298570e-02,1.861341e-02,2.189844e-02,8.945826e-03,1.152584e-02,1.538270e-03,5.329938e-03,1.569187e-01,5.313264e-03,3.320341e-03,6.867648e-03,4.624270e-01,2.838247e-03,2.010139e-01
2.429356e-02,4.554525e-02,2.879564e-02,1.786813e-02,8.488362e-03,8.737251e-03,8.266352e-03,1.143709e-02,1.197787e-01,4.318084e-03,3.331200e-03,5.588259e-03,4.656032e-01,2.287089e-03,2.456619e-01
2.231412e-02,3.267960e-02,2.790594e-02,1.372109e-02,7.046053e-03,6.376652e-03,1.472683e-02,1.898202e-02,8.999302e-02,3.830304e-03,3.138792e-03,4.764811e-03,4.109390e-01,2.003190e-03,3.415786e-01
1.917628e-02,2.374876e-02,4.566475e-02,1.188751e-02,7.529055e-03,5.102179e-03,1.329728e-02,1.569474e-02,7.828119e-02,4.436153e-03,4.434309e-03,5.921338e-03,4.545564e-01,2.103941e-03,3.081661e-01
1.611150e-02,1.724110e-02,3.752321e-02,9.684864e-03,9.679894e-03,5.058451e-03,1.396176e-02,1.190735e-02,6.012848e-02,3.565585e-03,6.027574e-03,1.073755e-02,5.155967e-01,1.952882e-03,2.808232e-01
1.512380e-02,1.286834e-02,2.794194e-02,7.718063e-03,1.625797e-02,5.447409e-03,1.056846e-02,8.776900e-03,4.752266e-02,2.856360e-03,6.523955e-03,1.711098e-02,6.101661e-01,1.514645e-03,2.096025e-01
1.390997e-02,9.249212e-03,2.075932e-02,5.618831e-03,1.595573e-02,6.254034e-03,7.744370e-03,6.382789e-03,3.477323e-02,2.189466e-03,1.058627e-02,3.321695e-02,6.794411e-01,1.177530e-03,1.527413e-01
1.424046e-02,7.064895e-03,1.661270e-02,4.565243e-03,2.572026e-02,5.556798e-03,6.458892e-03,9.074049e-03,2.716841e-02,1.833424e-03,8.764052e-03,2.900661e-02,7.301683e-01,1.153086e-03,1.126129e-01
2.020730e-02,5.685860e-03,1.348398e-02,4.015322e-03,2.189199e-02,7.724301e-03,4.991838e-03,1.118936e-02,2.165053e-02,1.552210e-03,7.607123e-03,2.819969e-02,7.694876e-01,1.587193e-03,8.072577e-02
2.229811e-02,4.788539e-03,1.242186e-02,3.385107e-03,2.934926e-02,7.602840e-03,3.769645e-03,1.089942e-02,1.772605e-02,1.304942e-03,6.570679e-03,2.712240e-02,7.890433e-01,1.668438e-03,6.204939e-02
2.606677e-02,3.819298e-03,1.568621e-02,8.257080e-03,2.724689e-02,6.462389e-03,2.798221e-03,4.063105e-02,1.359887e-02,1.118575e-03,6.167716e-03,2.046961e-02,7.808170e-01,1.695863e-03,4.516442e-02
3.219370e-02,3.315182e-03,6.145384e-02,4.997115e-02,3.396044e-02,5.726523e-03,2.345518e-03,1.137185e-01,1.117401e-02,1.277794e-03,5.930862e-03,1.597655e-02,6.279117e-01,1.354631e-03,3.368956e-02
8.141996e-02,7.962468e-03,1.069283e-01,7.762115e-02,4.903056e-02,7.446247e-03,3.931383e-03,9.459033e-02,2.263921e-02,2.586707e-03,5.145818e-03,1.302428e-02,5.005166e-01,1.107475e-03,2.604951e-02
1.274549e-01,9.252161e-03,1.219222e-01,6.999847e-02,4.332672e-02,6.483528e-03,4.801577e-03,1.573506e-01,2.236494e-02,2.511572e-03,4.653118e-03,1.025474e-02,3.990489e-01,9.619124e-04,1.961466e-02
1.414867e-01,9.404456e-03,1.347706e-01,6.027404e-02,4.351600e-02,5.979619e-03,6.706770e-03,2.051247e-01,2.190029e-02,2.189119e-03,3.999849e-03,9.014804e-03,3.380740e-01,9.096343e-04,1.664945e-02
1.333699e-01,1.180094e-02,1.117417e-01,5.075621e-02,4.396388e-02,6.826475e-03,5.714187e-03,2.485315e-01,2.191125e-02,2.134719e-03,4.032867e-03,6.962659e-03,3.343223e-01,1.311788e-03,1.661966e-02
1.153851e-01,1.090646e-02,8.681073e-02,3.878039e-02,4.531687e-02,6.583855e-03,5.000659e-03,3.715640e-01,2.119502e-02,1.749274e-03,3.552066e-03,5.326713e-03,2.700597e-01,1.438425e-03,1.633067e-02
1.070482e-01,2.519551e-02,7.033769e-02,2.995792e-02,4.573380e-02,7.147749e-03,6.043843e-03,4.475771e-01,3.525117e-02,1.945574e-03,2.947868e-03,4.396050e-03,1.984851e-01,1.413734e-03,1.651866e-02
1.038092e-01,5.663822e-02,5.615501e-02,2.346198e-02,4.209147e-02,8.734472e-03,7.988966e-03,4.465594e-01,6.103525e-02,1.978856e-03,2.370423e-03,3.683773e-03,1.498736e-01,1.509547e-03,3.410987e-02
1.219337e-01,7.192545e-02,4.579442e-02,2.009154e-02,4.104451e-02,1.110217e-02,8.968836e-03,4.286838e-01,6.837488e-02,2.205838e-03,2.134826e-03,3.857866e-03,1.239344e-01,1.743411e-03,4.820444e-02
1.439097e-01,6.387359e-02,3.616315e-02,2.127790e-02,3.711358e-02,9.686620e-03,1.015571e-02,4.539370e-01,6.524172e-02,3.446234e-03,2.797992e-03,5.636111e-03,9.741999e-02,1.641067e-03,4.769965e-02
2.016333e-01,7.004093e-02,2.986509e-02,2.811820e-02,3.900675e-02,8.433484e-03,1.078285e-02,4.126229e-01,5.703306e-02,4.997818e-03,3.070025e-03,7.726396e-03,7.510465e-02,1.469179e-03,5.009530e-02
1.656858e-01,6.321909e-02,2.260530e-02,1.938041e-01,2.915784e-02,9.103567e-03,7.788200e-03,2.957078e-01,4.997277e-02,8.142170e-03,2.841945e-02,2.294543e-02,5.997336e-02,1.688551e-03,4.178664e-02
1.162139e-01,4.824972e-02,1.647035e-02,3.530832e-01,2.222424e-02,6.469439e-03,5.480290e-03,2.076304e-01,3.926963e-02,6.015685e-03,8.568054e-02,1.861182e-02,4.326228e-02,1.894667e-03,2.944385e-02
8.171972e-02,3.529782e-02,1.233771e-02,4.596165e-01,1.651109e-02,4.677873e-03,3.849754e-03,1.455888e-01,2.910826e-02,4.384974e-03,1.321272e-01,2.212341e-02,3.057913e-02,1.397609e-03,2.068024e-02
5.773981e-02,2.507210e-02,8.796546e-03,4.202906e-01,1.401588e-02,3.955006e-03,2.714604e-03,1.025286e-01,2.098924e-02,3.226539e-03,2.150809e-01,8.829705e-02,2.159197e-02,1.142008e-03,1.455914e-02
4.069211e-02,1.763866e-02,6.236186e-03,3.227494e-01,2.021911e-02,3.117670e-03,1.907711e-03,7.212361e-02,1.534948e-02,2.948245e-03,3.272538e-01,1.427231e-01,1.531941e-02,1.435854e-03,1.028572e-02
2.877259e-02,1.246864e-02,4.650374e-03,2.433648e-01,2.544598e-02,2.862833e-03,1.354395e-03,5.110370e-02,1.177064e-02,2.543876e-03,3.316776e-01,2.616856e-01,1.112279e-02,3.805495e-03,7.370741e-03
2.035526e-02,8.858128e-03,3.393792e-03,1.728751e-01,2.769011e-02,3.056058e-03,9.558611e-04,3.586049e-02,8.629339e-03,2.042319e-03,3.072497e-01,3.913043e-01,8.126108e-03,4.330949e-03,5.272554e-03
1.446346e-02,6.365571e-03,2.520264e-03,1.216911e-01,2.546931e-02,2.529458e-03,6.732721e-04,2.513535e-02,6.374384e-03,1.648723e-03,2.730378e-01,5.056452e-01,5.917642e-03,4.756568e-03,3.771878e-03
1.029923e-02,6.435797e-03,1.996851e-03,8.536334e-02,2.779862e-02,2.142138e-03,4.805247e-04,1.768674e-02,4.856947e-03,1.520866e-03,2.132697e-01,6.164762e-01,4.451231e-03,4.523942e-03,2.697952e-03
7.261230e-03,4.661800e-03,1.437741e-03,5.983052e-02,2.499120e-02,1.614041e-03,3.424319e-04,1.239023e-02,3.664499e-03,1.262743e-03,2.011881e-01,6.714271e-01,3.280485e-03,4.726719e-03,1.921021e-03
5.118751e-03,3.338581e-03,1.023816e-03,4.192118e-02,1.984019e-02,1.175213e-03,2.443001e-04,8.677958e-03,2.787993e-03,9.709762e-04,1.930567e-01,7.141703e-01,2.385648e-03,3.928805e-03,1.359541e-03
3.640516e-03,2.462714e-03,7.596327e-04,2.941764e-02,2.126262e-02,1.022526e-03,1.951899e-04,6.093991e-03,2.531594e-03,8.543548e-04,2.322230e-01,6.932971e-01,1.814822e-03,3.445405e-03,9.788590e-04
2.672784e-03,1.893052e-03,5.964290e-04,2.065281e-02,2.166593e-02,9.371859e-04,1.684186e-04,4.316166e-03,2.913948e-03,8.251801e-04,2.794627e-01,6.588904e-01,1.452437e-03,2.834939e-03,7.175644e-04
2.218382e-03,1.717329e-03,5.886863e-04,1.453650e-02,3.936388e-02,1.102734e-03,8.117605e-04,3.767750e-03,6.263598e-03,9.478550e-04,3.029262e-01,6.198208e-01,1.275833e-03,4.119635e-03,5.390893e-04
1.919102e-03,1.424059e-03,5.662269e-04,1.028100e-02,5.125483e-02,2.389233e-03,2.824848e-03,4.178319e-03,1.286613e-02,1.250920e-03,3.308694e-01,5.745063e-01,1.062774e-03,4.182233e-03,4.246304e-04
2.308734e-03,2.395139e-03,1.190195e-03,8.416491e-03,4.845925e-02,7.874437e-03,1.316467e-02,3.829221e-02,8.704704e-02,3.328246e-03,2.616615e-01,5.209828e-01,1.111350e-03,3.393718e-03,3.741874e-04
2.297221e-03,4.498587e-03,1.396224e-03,6.203257e-03,4.328534e-02,6.428972e-02,9.489501e-03,2.930256e-02,2.687962e-01,3.326116e-03,1.893773e-01,3.722954e-01,1.723375e-03,2.700531e-03,1.018578e-03
2.063500e-03,5.815900e-03,2.510070e-03,6.812553e-03,4.338313e-02,8.821899e-02,6.963437e-03,2.741481e-02,4.081196e-01,3.007533e-03,1.338213e-01,2.633756e-01,4.707925e-03,2.058399e-03,1.727264e-03
1.809651e-03,6.154956e-03,1.974999e-03,6.798883e-03,4.962085e-02,1.128154e-01,5.269594e-03,2.014203e-02,5.049821e-01,2.566190e-03,9.420341e-02,1.848560e-01,5.366191e-03,1.537081e-03,1.902636e-03
1.623982e-03,6.344041e-03,1.857005e-03,2.007603e-02,4.188147e-02,1.756497e-01,4.177945e-03,1.968985e-02,5.087496e-01,3.565785e-03,6.703501e-02,1.305398e-01,1.438012e-02,1.150979e-03,3.278648e-03
2.710702e-03,8.013420e-03,2.158728e-03,2.023980e-02,5.886133e-02,2.172088e-01,5.773399e-03,1.672411e-02,5.015243e-01,3.463481e-03,5.003699e-02,9.358196e-02,1.434195e-02,8.618105e-04,4.499071e-03
5.935131e-03,8.095255e-03,4.376943e-03,1.200674e-01,1.127017e-01,2.025408e-01,5.459424e-03,2.449767e-02,3.932502e-01,3.023957e-03,3.736388e-02,6.615677e-02,1.107965e-02,7.421865e-04,4.708914e-03
4.503409e-02,9.814009e-03,4.006105e-03,9.873053e-02,2.168694e-01,1.744206e-01,5.086645e-03,2.538515e-02,3.219084e-01,2.436715e-03,2.833562e-02,4.735548e-02,1.083167e-02,1.700085e-03,8.085470e-03
3.882692e-02,8.272120e-02,3.460976e-03,7.322854e-02,2.000475e-01,1.260939e-01,4.093483e-03,1.852517e-02,3.191484e-01,6.966677e-03,2.371674e-02,3.478285e-02,1.057319e-02,1.477898e-03,5.633663e-02
3.852624e-02,1.197596e-01,3.991768e-03,6.849179e-02,2.021365e-01,9.621727e-02,4.050051e-03,1.425343e-02,3.061554e-01,9.003384e-03,1.988019e-02,2.586488e-02,1.136016e-02,1.274712e-03,7.903466e-02
3.434094e-02,1.227712e-01,5.427007e-03,7.908468e-02,1.602416e-01,7.526355e-02,3.981937e-03,1.087564e-02,2.696861e-01,1.133932e-02,1.658416e-02,1.896504e-02,3.405203e-02,1.180497e-03,1.562064e-01
2.613765e-02,2.320103e-01,4.753033e-03,6.800867e-02,1.142386e-01,5.679571e-02,3.087878e-03,7.874516e-03,2.185353e-01,9.276040e-03,1.262101e-02,1.352326e-02,8.277202e-02,9.179058e-04,1.494481e-01
2.345592e-02,2.002127e-01,6.417765e-03,5.524615e-02,8.866017e-02,4.757704e-02,1.169130e-02,5.419395e-02,2.131976e-01,8.009306e-03,3.674288e-02,1.025636e-02,1.202089e-01,9.930868e-04,1.231369e-01
2.009980e-02,1.595105e-01,6.604723e-03,4.646556e-02,6.416610e-02,3.621929e-02,9.941665e-03,7.929035e-02,1.763276e-01,1.024538e-02,3.221539e-02,7.982955e-03,2.353096e-01,1.040658e-03,1.145804e-01
1.518796e-02,1.129523e-01,4.958421e-03,3.835727e-02,4.575235e-02,2.733037e-02,8.059892e-03,5.623864e-02,1.275208e-01,7.605509e-03,2.333830e-02,6.244874e-03,4.428965e-01,8.211970e-04,8.273560e-02
1.518289e-02,8.877097e-02,6.058592e-03,3.172475e-02,4.063727e-02,2.601195e-02,7.172565e-03,4.058506e-02,1.154767e-01,7.702204e-03,2.181555e-02,2.120632e-02,5.004009e-01,4.160902e-03,7.309340e-02
2.022842e-02,6.472012e-02,6.810039e-03,2.360539e-02,3.058752e-02,2.366146e-02,6.613589e-03,5.243843e-02,8.953629e-02,6.457516e-03,2.259329e-02,2.999398e-02,5.500371e-01,6.991303e-03,6.572556e-02
2.260468e-02,4.791104e-02,5.972289e-03,1.726185e-02,2.466443e-02,1.884200e-02,5.224613e-03,4.668489e-02,7.343145e-02,6.213495e-03,2.082089e-02,3.332615e-02,6.124402e-01,6.759296e-03,5.784268e-02
2.807576e-02,3.632625e-02,5.077449e-03,1.355773e-02,2.236386e-02,1.625600e-02,4.321953e-03,3.853967e-02,6.962597e-02,7.608411e-03,1.997671e-02,3.943661e-02,6.392088e-01,5.830150e-03,5.379466e-02
3.177917e-02,3.197009e-02,6.296679e-03,1.076812e-02,2.129974e-02,1.364863e-02,3.326479e-03,2.887867e-02,6.853659e-02,8.003274e-03,1.862213e-02,4.368766e-02,6.615449e-01,5.076333e-03,4.656152e-02
2.904425e-02,2.274852e-02,8.454798e-03,8.765950e-03,2.022094e-02,1.073400e-02,1.306800e-02,1.482637e-01,5.089552e-02,7.117996e-03,1.723042e-02,3.355288e-02,5.815395e-01,3.828470e-03,4.453501e-02
3.212244e-02,1.689100e-02,6.489612e-03,7.756377e-03,1.642165e-02,3.659747e-02,9.333432e-03,1.052873e-01,4.243604e-02,7.418528e-03,3.171225e-02,1.982719e-01,4.543599e-01,3.296239e-03,3.160587e-02
3.159067e-02,1.251653e-02,7.021578e-03,7.001595e-03,1.319010e-02,3.059766e-02,7.112889e-03,7.526184e-02,3.539667e-02,1.117039e-02,3.909563e-02,3.263641e-01,3.774803e-01,2.818284e-03,2.338180e-02
2.852741e-02,9.191039e-03,8.359401e-03,6.295043e-03,1.316331e-02,2.332087e-02,5.669374e-03,5.353372e-02,3.158308e-02,3.079707e-02,7.548959e-02,3.654925e-01,3.237540e-01,2.315161e-03,2.250849e-02
2.340232e-02,6.713117e-03,6.834344e-03,5.577262e-03,1.248136e-02,1.786157e-02,4.403731e-03,3.875205e-02,2.544394e-02,4.384528e-02,9.959418e-02,4.368454e-01,2.568818e-01,1.950772e-03,1.941291e-02
1.872015e-02,5.223475e-03,5.135180e-03,4.180544e-03,1.048997e-02,1.671202e-02,3.341272e-03,2.826714e-02,2.058384e-02,4.686824e-02,1.235832e-01,4.873361e-01,2.101640e-01,1.515249e-03,1.787966e-02
1.498614e-02,5.072660e-03,4.277975e-03,3.194506e-03,1.055762e-02,1.288769e-02,2.603214e-03,2.212125e-02,2.588368e-02,5.604982e-02,1.106948e-01,5.319654e-01,1.793269e-01,1.317409e-03,1.906099e-02
1.446988e-02,9.844268e-03,3.899856e-03,2.547466e-03,3.454952e-02,9.604393e-03,2.799504e-03,2.251046e-02,7.364761e-02,7.785066e-02,9.936077e-02,4.338549e-01,1.807133e-01,1.195416e-03,3.315209e-02
1.384887e-02,1.095364e-02,8.893695e-03,2.218210e-03,7.874998e-02,7.668301e-03,4.009679e-03,3.842028e-02,1.218462e-01,9.451236e-02,8.088058e-02,3.621253e-01,1.470945e-01,2.009070e-03,2.676935e-02
1.352856e-02,1.072367e-02,8.903503e-03,1.840435e-03,9.773827e-02,5.720288e-03,3.284370e-03,5.556944e-02,1.785946e-01,1.041634e-01,6.615268e-02,3.162893e-01,1.162745e-01,1.918914e-03,1.929824e-02
1.209929e-02,8.382304e-03,8.343234e-03,2.304746e-03,1.759892e-01,4.326092e-03,4.527301e-03,1.084082e-01,1.945038e-01,8.396786e-02,5.414994e-02,2.414134e-01,8.582062e-02,1.607053e-03,1.415703e-02
1.023340e-02,8.518049e-03,7.173262e-03,1.788797e-03,1.396700e-01,3.452611e-03,3.437552e-03,9.275715e-02,3.786196e-01,6.243634e-02,3.905180e-02,1.783135e-01,6.300698e-02,1.317220e-03,1.022379e-02
1.190497e-02,8.841814e-03,8.406717e-03,2.325887e-03,1.128408e-01,3.669490e-03,2.576804e-03,9.367959e-02,4.795637e-01,4.839525e-02,2.950196e-02,1.403379e-01,4.859542e-02,1.338454e-03,8.021181e-03
1.288897e-02,7.619075e-03,7.420546e-03,2.357526e-03,9.800772e-02,7.506349e-03,2.396177e-03,8.959901e-02,5.655151e-01,3.713930e-02,2.171821e-02,1.036027e-01,3.627829e-02,1.330833e-03,6.620211e-03
1.260836e-02,6.144454e-03,5.862575e-03,2.253147e-03,1.005119e-01,1.075806e-02,2.508879e-03,9.267639e-02,6.177085e-01,2.686111e-02,1.536714e-02,7.471913e-02,2.608304e-02,1.120277e-03,4.816976e-03
1.552153e-02,5.947291e-03,4.254283e-03,3.304495e-03,1.042509e-01,1.160535e-02,2.169376e-03,7.237071e-02,6.749262e-01,1.892469e-02,1.079864e-02,5.247694e-02,1.890774e-02,9.048559e-04,3.636989e-03
1.837587e-02,1.144165e-02,3.040942e-03,3.831010e-03,8.809385e-02,1.367953e-02,1.747270e-03,5.313304e-02,7.283612e-01,1.335592e-02,7.640735e-03,3.723252e-02,1.650107e-02,6.735251e-04,2.891821e-03
1.900946e-02,1.070487e-02,2.278483e-03,7.492911e-03,8.746652e-02,1.087665e-02,2.621068e-03,5.821699e-02,7.440392e-01,9.611065e-03,5.429776e-03,2.645432e-02,1.278320e-02,4.894552e-04,2.526111e-03
1.880523e-02,9.177902e-03,1.993007e-03,2.782913e-02,1.233752e-01,8.052415e-03,2.486081e-03,1.737799e-01,5.937555e-01,6.784644e-03,3.956946e-03,1.859394e-02,9.085596e-03,3.535809e-04,1.970966e-03
2.491530e-02,7.593579e-03,1.464699e-03,3.693065e-02,1.430983e-01,1.278644e-02,2.311792e-03,1.671800e-01,5.729380e-01,4.850258e-03,2.946368e-03,1.310588e-02,6.917676e-03,2.905328e-04,2.670511e-03
3.608003e-02,7.532131e-03,1.342188e-03,4.315757e-02,1.655432e-01,3.070954e-02,3.042172e-03,1.593911e-01,5.247066e-01,4.078449e-03,2.815159e-03,9.533346e-03,6.252066e-03,4.401105e-04,5.376284e-03
4.497189e-02,8.446474e-03,1.500772e-03,3.576004e-02,1.880914e-01,6.034908e-02,4.141409e-03,1.413310e-01,4.906982e-01,3.125081e-03,2.592907e-03,7.086464e-03,5.338194e-03,6.263965e-04,5.940738e-03
5.093535e-02,8.911258e-03,1.172662e-03,2.769692e-02,1.933378e-01,6.356840e-02,4.220753e-03,1.062125e-01,5.229515e-01,2.472251e-03,2.415779e-03,5.489178e-03,4.218881e-03,6.284313e-04,5.768319e-03
6.428003e-02,1.947565e-02,9.685748e-04,2.580699e-02,1.698695e-01,1.019656e-01,3.560934e-03,7.763930e-02,5.100571e-01,2.067872e-03,3.027156e-03,5.243654e-03,5.734935e-03,9.404281e-04,9.362250e-03
7.458930e-02,2.944342e-02,9.817522e-04,3.662184e-02,1.787004e-01,1.098160e-01,3.732537e-03,7.886243e-02,4.582426e-01,1.794837e-03,4.108105e-03,6.083658e-03,5.758434e-03,9.549647e-04,1.030957e-02
