1.000000e+00,0.000000e+00,0.000000e+00,0.000000e+00,0.000000e+00,0.000000e+00,0.000000e+00,0.000000e+00,0.000000e+00,0.000000e+00,0.000000e+00,0.000000e+00,0.000000e+00,0.000000e+00,0.000000e+00
1.000000e+00,0.000000e+00,0.000000e+00,0.000000e+00,0.000000e+00,0.000000e+00,0.000000e+00,0.000000e+00,0.000000e+00,0.000000e+00,0.000000e+00,0.000000e+00,0.000000e+00,0.000000e+00,0.000000e+00
1.000000e+00,0.000000e+00,0.000000e+00,0.000000e+00,0.000000e+00,0.000000e+00,0.000000e+00,0.000000e+00,0.000000e+00,0.000000e+00,0.000000e+00,0.000000e+00,0.000000e+00,0.000000e+00,0.000000e+00
1.000000e+00,0.000000e+00,0.000000e+00,0.000000e+00,0.000000e+00,0.000000e+00,0.000000e+00,0.000000e+00,0.000000e+00,0.000000e+00,0.000000e+00,0.000000e+00,0.000000e+00,0.000000e+00,0.000000e+00
1.000000e+00,0.000000e+00,0.000000e+00,0.000000e+00,0.000000e+00,0.000000e+00,0.000000e+00,0.000000e+00,0.000000e+00,0.000000e+00,0.000000e+00,0.000000e+00,0.000000e+00,0.000000e+00,0.000000e+00
1.000000e+00,0.000000e+00,0.000000e+00,0.000000e+00,0.000000e+00,0.000000e+00,0.000000e+00,0.000000e+00,0.000000e+00,0.000000e+00,0.000000e+00,0.000000e+00,0.000000e+00,0.000000e+00,0.000000e+00
1.000000e+00,0.000000e+00,0.000000e+00,0.000000e+00,0.000000e+00,0.000000e+00,0.000000e+00,0.000000e+00,0.000000e+00,0.000000e+00,0.000000e+00,0.000000e+00,0.000000e+00,0.000000e+00,0.000000e+00
1.000000e+00,0.000000e+00,0.000000e+00,0.000000e+00,0.000000e+00,0.000000e+00,0.000000e+00,0.000000e+00,0.000000e+00,0.000000e+00,0.000000e+00,0.000000e+00,0.000000e+00,0.000000e+00,0.000000e+00
1.000000e+00,0.000000e+00,0.000000e+00,0.000000e+00,0.000000e+00,0.000000e+00,0.000000e+00,0.000000e+00,0.000000e+00,0.000000e+00,0.000000e+00,0.000000e+00,0.000000e+00,0.000000e+00,0.000000e+00
1.000000e+00,0.000000e+00,0.000000e+00,0.000000e+00,0.000000e+00,0.000000e+00,0.000000e+00,0.000000e+00,0.000000e+00,0.000000e+00,0.000000e+00,0.000000e+00,0.000000e+00,0.000000e+00,0.000000e+00
1.000000e+00,0.000000e+00,0.000000e+00,0.000000e+00,0.000000e+00,0.000000e+00,0.000000e+00,0.000000e+00,0.000000e+00,0.000000e+00,0.000000e+00,0.000000e+00,0.000000e+00,0.000000e+00,0.000000e+00
1.000000e+00,0.000000e+00,0.000000e+00,0.000000e+00,0.000000e+00,0.000000e+00,0.000000e+00,0.000000e+00,0.000000e+00,0.000000e+00,0.000000e+00,0.000000e+00,0.000000e+00,0.000000e+00,0.000000e+00
1.000000e+00,0.000000e+00,0.000000e+00,0.000000e+00,0.000000e+00,0.000000e+00,0.000000e+00,0.000000e+00,0.000000e+00,0.000000e+00,0.000000e+00,0.000000e+00,0.000000e+00,0.000000e+00,0.000000e+00
1.000000e+00,0.000000e+00,0.000000e+00,0.000000e+00,0.000000e+00,0.000000e+00,0.000000e+00,0.000000e+00,0.000000e+00,0.000000e+00,0.000000e+00,0.000000e+00,0.000000e+00,0.000000e+00,0.000000e+00
1.000000e+00,0.000000e+00,0.000000e+00,0.000000e+00,0.000000e+00,0.000000e+00,0.000000e+00,0.000000e+00,0.000000e+00,0.000000e+00,0.000000e+00,0.000000e+00,0.000000e+00,0.000000e+00,0.000000e+00
1.000000e+00,0.000000e+00,0.000000e+00,0.000000e+00,0.000000e+00,0.000000e+00,0.000000e+00,0.000000e+00,0.000000e+00,0.000000e+00,0.000000e+00,0.000000e+00,0.000000e+00,0.000000e+00,0.000000e+00
1.000000e+00,0.000000e+00,0.000000e+00,0.000000e+00,0.000000e+00,0.000000e+00,0.000000e+00,0.000000e+00,0.000000e+00,0.000000e+00,0.000000e+00,0.000000e+00,0.000000e+00,0.000000e+00,0.000000e+00
1.000000e+00,0.000000e+00,0.000000e+00,0.000000e+00,0.000000e+00,0.000000e+00,0.000000e+00,0.000000e+00,0.000000e+00,0.000000e+00,0.000000e+00,0.000000e+00,0.000000e+00,0.000000e+00,0.000000e+00
1.000000e+00,0.000000e+00,0.000000e+00,0.000000e+00,0.000000e+00,0.000000e+00,0.000000e+00,0.000000e+00,0.000000e+00,0.000000e+00,0.000000e+00,0.000000e+00,0.000000e+00,0.000000e+00,0.000000e+00
1.000000e+00,0.000000e+00,0.000000e+00,0.000000e+00,0.000000e+00,0.000000e+00,0.000000e+00,0.000000e+00,0.000000e+00,0.000000e+00,0.000000e+00,0.000000e+00,0.000000e+00,0.000000e+00,0.000000e+00
1.000000e+00,0.000000e+00,0.000000e+00,0.000000e+00,0.000000e+00,0.000000e+00,0.000000e+00,0.000000e+00,0.000000e+00,0.000000e+00,0.000000e+00,0.000000e+00,0.000000e+00,0.000000e+00,0.000000e+00
1.000000e+00,0.000000e+00,0.000000e+00,0.000000e+00,0.000000e+00,0.000000e+00,0.000000e+00,0.000000e+00,0.000000e+00,0.000000e+00,0.000000e+00,0.000000e+00,0.000000e+00,0.000000e+00,0.000000e+00
1.000000e+00,0.000000e+00,0.000000e+00,0.000000e+00,0.000000e+00,0.000000e+00,0.000000e+00,0.000000e+00,0.000000e+00,0.000000e+00,0.000000e+00,0.000000e+00,0.000000e+00,0.000000e+00,0.000000e+00
1.000000e+00,0.000000e+00,0.000000e+00,0.000000e+00,0.000000e+00,0.000000e+00,0.000000e+00,0.000000e+00,0.000000e+00,0.000000e+00,0.000000e+00,0.000000e+00,0.000000e+00,0.000000e+00,0.000000e+00
1.000000e+00,0.000000e+00,0.000000e+00,0.000000e+00,0.000000e+00,0.000000e+00,0.000000e+00,0.000000e+00,0.000000e+00,0.000000e+00,0.000000e+00,0.000000e+00,0.000000e+00,0.000000e+00,0.000000e+00
1.000000e+00,0.000000e+00,0.000000e+00,0.000000e+00,0.000000e+00,0.000000e+00,0.000000e+00,0.000000e+00,0.000000e+00,0.000000e+00,0.000000e+00,0.000000e+00,0.000000e+00,0.000000e+00,0.000000e+00
1.000000e+00,0.000000e+00,0.000000e+00,0.000000e+00,0.000000e+00,0.000000e+00,0.000000e+00,0.000000e+00,0.000000e+00,0.000000e+00,0.000000e+00,0.000000e+00,0.000000e+00,0.000000e+00,0.000000e+00
1.000000e+00,0.000000e+00,0.000000e+00,0.000000e+00,0.000000e+00,0.000000e+00,0.000000e+00,0.000000e+00,0.000000e+00,0.000000e+00,0.000000e+00,0.000000e+00,0.000000e+00,0.000000e+00,0.000000e+00
1.000000e+00,0.000000e+00,0.000000e+00,0.000000e+00,0.000000e+00,0.000000e+00,0.000000e+00,0.000000e+00,0.000000e+00,0.000000e+00,0.000000e+00,0.000000e+00,0.000000e+00,0.000000e+00,0.000000e+00
1.000000e+00,0.000000e+00,0.000000e+00,0.000000e+00,0.000000e+00,0.000000e+00,0.000000e+00,0.000000e+00,0.000000e+00,0.000000e+00,0.000000e+00,0.000000e+00,0.000000e+00,0.000000e+00,0.000000e+00
1.000000e+00,0.000000e+00,0.000000e+00,0.000000e+00,0.000000e+00,0.000000e+00,0.000000e+00,0.000000e+00,0.000000e+00,0.000000e+00,0.000000e+00,0.000000e+00,0.000000e+00,0.000000e+00,0.000000e+00
1.000000e+00,0.000000e+00,0.000000e+00,0.000000e+00,0.000000e+00,0.000000e+00,0.000000e+00,0.000000e+00,0.000000e+00,0.000000e+00,0.000000e+00,0.000000e+00,0.000000e+00,0.000000e+00,0.000000e+00
1.000000e+00,0.000000e+00,0.000000e+00,0.000000e+00,0.000000e+00,0.000000e+00,0.000000e+00,0.000000e+00,0.000000e+00,0.000000e+00,0.000000e+00,0.000000e+00,0.000000e+00,0.000000e+00,0.000000e+00
1.000000e+00,0.000000e+00,0.000000e+00,0.000000e+00,0.000000e+00,0.000000e+00,0.000000e+00,0.000000e+00,0.000000e+00,0.000000e+00,0.000000e+00,0.000000e+00,0.000000e+00,0.000000e+00,0.000000e+00
1.000000e+00,0.000000e+00,0.000000e+00,0.000000e+00,0.000000e+00,0.000000e+00,0.000000e+00,0.000000e+00,0.000000e+00,0.000000e+00,0.000000e+00,0.000000e+00,0.000000e+00,0.000000e+00,0.000000e+00
1.000000e+00,0.000000e+00,0.000000e+00,0.000000e+00,0.000000e+00,0.000000e+00,0.000000e+00,0.000000e+00,0.000000e+00,0.000000e+00,0.000000e+00,0.000000e+00,0.000000e+00,0.000000e+00,0.000000e+00
1.000000e+00,0.000000e+00,0.000000e+00,0.000000e+00,0.000000e+00,0.000000e+00,0.000000e+00,0.000000e+00,0.000000e+00,0.000000e+00,0.000000e+00,0.000000e+00,0.000000e+00,0.000000e+00,0.000000e+00
1.000000e+00,0.000000e+00,0.000000e+00,0.000000e+00,0.000000e+00,0.000000e+00,0.000000e+00,0.000000e+00,0.000000e+00,0.000000e+00,0.000000e+00,0.000000e+00,0.000000e+00,0.000000e+00,0.000000e+00
1.000000e+00,0.000000e+00,0.000000e+00,0.000000e+00,0.000000e+00,0.000000e+00,0.000000e+00,0.000000e+00,0.000000e+00,0.000000e+00,0.000000e+00,0.000000e+00,0.000000e+00,0.000000e+00,0.000000e+00
1.000000e+00,0.000000e+00,0.000000e+00,0.000000e+00,0.000000e+00,0.000000e+00,0.000000e+00,0.000000e+00,0.000000e+00,0.000000e+00,0.000000e+00,0.000000e+00,0.000000e+00,0.000000e+00,0.000000e+00
1.000000e+00,0.000000e+00,0.000000e+00,0.000000e+00,0.000000e+00,0.000000e+00,0.000000e+00,0.000000e+00,0.000000e+00,0.000000e+00,0.000000e+00,0.000000e+00,0.000000e+00,0.000000e+00,0.000000e+00
1.000000e+00,0.000000e+00,0.000000e+00,0.000000e+00,0.000000e+00,0.000000e+00,0.000000e+00,0.000000e+00,0.000000e+00,0.000000e+00,0.000000e+00,0.000000e+00,0.000000e+00,0.000000e+00,0.000000e+00
1.000000e+00,0.000000e+00,0.000000e+00,0.000000e+00,0.000000e+00,0.000000e+00,0.000000e+00,0.000000e+00,0.000000e+00,0.000000e+00,0.000000e+00,0.000000e+00,0.000000e+00,0.000000e+00,0.000000e+00
1.000000e+00,0.000000e+00,0.000000e+00,0.000000e+00,0.000000e+00,0.000000e+00,0.000000e+00,0.000000e+00,0.000000e+00,0.000000e+00,0.000000e+00,0.000000e+00,0.000000e+00,0.000000e+00,0.000000e+00
1.000000e+00,0.000000e+00,0.000000e+00,0.000000e+00,0.000000e+00,0.000000e+00,0.000000e+00,0.000000e+00,0.000000e+00,0.000000e+00,0.000000e+00,0.000000e+00,0.000000e+00,0.000000e+00,0.000000e+00
1.000000e+00,0.000000e+00,0.000000e+00,0.000000e+00,0.000000e+00,0.000000e+00,0.000000e+00,0.000000e+00,0.000000e+00,0.000000e+00,0.000000e+00,0.000000e+00,0.000000e+00,0.000000e+00,0.000000e+00
1.000000e+00,0.000000e+00,0.000000e+00,0.000000e+00,0.000000e+00,0.000000e+00,0.000000e+00,0.000000e+00,0.000000e+00,0.000000e+00,0.000000e+00,0.000000e+00,0.000000e+00,0.000000e+00,0.000000e+00
1.000000e+00,0.000000e+00,0.000000e+00,0.000000e+00,0.000000e+00,0.000000e+00,0.000000e+00,0.000000e+00,0.000000e+00,0.000000e+00,0.000000e+00,0.000000e+00,0.000000e+00,0.000000e+00,0.000000e+00
1.000000e+00,0.000000e+00,0.000000e+00,0.000000e+00,0.000000e+00,0.000000e+00,0.000000e+00,0.000000e+00,0.000000e+00,0.000000e+00,0.000000e+00,0.000000e+00,0.000000e+00,0.000000e+00,0.000000e+00
1.000000e+00,0.000000e+00,0.000000e+00,0.000000e+00,0.000000e+00,0.000000e+00,0.000000e+00,0.000000e+00,0.000000e+00,0.000000e+00,0.000000e+00,0.000000e+00,0.000000e+00,0.000000e+00,0.000000e+00
1.000000e+00,0.000000e+00,0.000000e+00,0.000000e+00,0.000000e+00,0.000000e+00,0.000000e+00,0.000000e+00,0.000000e+00,0.000000e+00,0.000000e+00,0.000000e+00,0.000000e+00,0.000000e+00,0.000000e+00
1.000000e+00,0.000000e+00,0.000000e+00,0.000000e+00,0.000000e+00,0.000000e+00,0.000000e+00,0.000000e+00,0.000000e+00,0.000000e+00,0.000000e+00,0.000000e+00,0.000000e+00,0.000000e+00,0.000000e+00
1.000000e+00,0.000000e+00,0.000000e+00,0.000000e+00,0.000000e+00,0.000000e+00,0.000000e+00,0.000000e+00,0.000000e+00,0.000000e+00,0.000000e+00,0.000000e+00,0.000000e+00,0.000000e+00,0.000000e+00
1.000000e+00,0.000000e+00,0.000000e+00,0.000000e+00,0.000000e+00,0.000000e+00,0.000000e+00,0.000000e+00,0.000000e+00,0.000000e+00,0.000000e+00,0.000000e+00,0.000000e+00,0.000000e+00,0.000000e+00
3.638040e-01,1.502761e-02,3.034031e-02,5.697282e-02,8.445464e-03,1.663318e-02,1.061537e-02,4.529039e-01,3.508912e-03,1.060916e-03,5.742985e-03,1.230764e-02,1.174657e-02,1.519093e-03,9.371211e-03
2.900553e-01,1.232522e-02,2.906987e-02,7.568215e-02,8.613827e-03,1.859174e-02,1.097886e-02,4.898046e-01,4.327041e-03,1.668966e-03,1.187201e-02,1.250849e-02,2.489923e-02,2.034293e-03,7.568392e-03
2.174693e-01,1.130166e-02,2.583480e-02,1.469668e-01,9.266458e-03,1.703104e-02,1.092072e-02,4.381144e-01,7.440051e-03,2.931200e-03,2.918013e-02,2.348567e-02,4.701981e-02,6.213130e-03,6.824811e-03
1.612823e-01,9.424045e-03,1.938813e-02,1.862418e-01,8.233208e-03,1.649618e-02,1.685828e-02,3.211048e-01,8.220464e-03,3.442703e-03,4.465427e-02,3.413226e-02,1.557320e-01,5.336837e-03,9.452755e-03
1.208353e-01,7.100559e-03,1.388588e-02,1.537666e-01,7.167603e-03,1.425024e-02,4.507770e-02,2.331092e-01,7.115194e-03,3.057827e-03,3.744403e-02,5.042680e-02,2.891400e-01,6.648396e-03,1.097471e-02
8.929426e-02,5.422024e-03,1.059626e-02,1.244481e-01,5.975977e-03,1.471882e-02,3.575732e-02,1.671917e-01,7.625015e-03,3.323273e-03,4.571445e-02,8.201678e-02,3.845029e-01,6.392841e-03,1.702036e-02
8.760218e-02,5.480793e-03,8.596302e-03,8.856808e-02,6.361334e-03,1.683807e-02,2.565140e-02,1.174637e-01,2.565200e-02,2.803802e-03,3.473652e-02,1.318486e-01,4.178868e-01,5.353054e-03,2.515744e-02
7.306036e-02,4.490285e-03,8.590438e-03,6.466746e-02,9.825252e-03,1.990783e-02,1.939392e-02,8.629806e-02,2.155210e-02,4.495719e-03,2.744782e-02,1.326034e-01,4.947270e-01,4.926100e-03,2.801427e-02
7.085757e-02,4.837097e-03,1.748608e-02,6.082069e-02,9.710023e-03,3.588628e-02,1.730961e-02,6.509875e-02,2.136741e-02,4.191970e-03,2.325308e-02,1.256613e-01,5.122080e-01,6.078084e-03,2.523413e-02
6.706903e-02,4.842931e-03,1.349026e-02,5.004233e-02,1.273978e-02,4.668699e-02,1.348264e-02,4.759790e-02,2.299982e-02,3.203523e-03,1.810024e-02,1.173694e-01,5.571517e-01,4.957793e-03,2.026568e-02
6.712210e-02,5.934233e-03,1.250067e-02,4.150018e-02,3.501191e-02,1.122756e-01,1.653617e-02,3.780344e-02,2.080753e-02,2.538627e-03,1.616378e-02,1.229851e-01,4.878682e-01,4.682611e-03,1.626982e-02
5.675574e-02,4.512001e-03,9.092919e-03,2.983743e-02,3.166151e-02,9.728028e-02,1.306230e-02,2.760742e-02,1.668845e-02,2.057935e-03,1.823344e-02,1.795671e-01,4.937411e-01,6.927403e-03,1.297497e-02
4.587331e-02,3.553300e-03,6.604622e-03,2.200245e-02,2.623592e-02,8.106588e-02,9.810602e-03,2.182875e-02,2.351123e-02,1.699151e-03,1.849031e-02,1.735588e-01,5.489812e-01,6.568997e-03,1.021548e-02
4.312949e-02,3.446211e-03,5.123846e-03,1.634144e-02,2.280077e-02,6.096029e-02,7.600151e-03,2.081496e-02,2.128966e-02,1.415906e-03,1.524659e-02,1.687317e-01,5.990369e-01,5.274490e-03,8.787542e-03
3.589348e-02,6.292075e-03,4.006596e-03,1.222989e-02,1.971888e-02,4.768376e-02,5.960319e-03,1.546315e-02,2.522768e-02,1.640124e-03,1.221501e-02,1.777897e-01,6.251675e-01,3.976488e-03,6.735322e-03
2.792430e-02,1.292828e-02,4.981976e-03,6.029734e-02,1.618752e-02,5.276793e-02,4.372369e-03,1.141212e-02,1.645399e-01,1.914677e-03,1.047476e-02,1.424001e-01,4.792069e-01,3.350602e-03,7.241217e-03
3.012517e-02,1.563314e-02,4.479281e-03,6.419123e-02,1.184811e-02,8.446076e-02,3.344149e-03,9.176356e-03,1.778774e-01,1.733420e-03,1.782794e-02,1.957922e-01,3.727995e-01,3.600053e-03,7.111265e-03
3.477880e-02,2.497653e-02,4.337172e-03,5.188660e-02,1.069114e-02,9.977851e-02,3.076943e-03,9.766173e-03,2.165001e-01,1.960330e-03,1.673491e-02,1.551785e-01,3.600844e-01,2.924551e-03,7.325321e-03
2.881574e-02,3.159124e-02,1.391642e-02,4.829483e-02,1.230432e-02,8.406267e-02,5.004609e-03,1.919244e-02,2.763310e-01,2.307833e-03,1.450123e-02,1.185540e-01,3.352299e-01,2.459999e-03,7.433694e-03
4.780820e-02,7.759481e-02,1.364764e-02,5.923708e-02,1.096632e-02,6.503153e-02,4.254238e-03,1.717437e-02,2.593382e-01,6.241481e-03,1.268562e-02,9.065950e-02,2.914557e-01,2.894989e-03,4.101028e-02
5.424806e-02,6.484993e-02,1.874263e-02,1.184375e-01,8.694372e-03,5.660991e-02,3.619556e-03,1.547073e-02,2.130229e-01,6.852383e-03,4.309905e-02,8.286542e-02,2.748655e-01,2.400446e-03,3.622147e-02
5.052351e-02,4.681713e-02,1.383101e-02,1.198645e-01,6.265578e-03,4.125579e-02,2.859672e-03,1.138390e-02,1.582457e-01,5.050877e-03,3.269983e-02,7.796290e-02,4.040459e-01,1.799480e-03,2.739410e-02
5.089609e-02,3.319271e-02,1.026312e-02,9.775107e-02,4.639558e-03,3.238508e-02,2.675213e-03,9.426224e-03,1.184536e-01,3.830372e-03,3.155744e-02,7.004420e-02,5.128201e-01,1.818815e-03,2.024636e-02
3.893532e-02,2.339386e-02,7.369413e-03,7.037383e-02,3.591537e-03,3.001146e-02,2.114292e-03,7.148458e-03,8.870178e-02,2.975625e-03,4.277045e-02,6.834943e-02,5.965360e-01,2.368042e-03,1.536044e-02
3.977923e-02,1.713671e-02,5.616692e-03,5.270524e-02,7.236504e-03,2.564183e-02,1.927500e-03,6.289128e-03,9.976609e-02,2.681305e-03,5.206945e-02,1.016048e-01,5.714327e-01,2.893681e-03,1.321915e-02
3.148915e-02,1.357814e-02,4.756756e-03,3.755528e-02,9.231662e-03,2.195485e-02,1.689966e-03,4.898033e-03,1.060432e-01,2.808543e-03,6.489416e-02,1.148309e-01,5.678196e-01,3.792878e-03,1.465681e-02
3.226163e-02,1.061097e-02,3.731867e-03,2.709294e-02,8.793660e-03,1.843853e-02,1.809188e-03,4.206377e-03,8.838503e-02,2.809422e-03,7.331678e-02,1.627030e-01,5.438186e-01,8.127829e-03,1.389414e-02
2.549345e-02,9.010481e-03,3.279509e-03,2.055952e-02,7.776821e-03,1.671282e-02,1.499447e-03,3.044313e-03,7.274130e-02,3.588593e-03,7.484447e-02,2.305102e-01,5.098227e-01,9.891804e-03,1.122455e-02
1.864528e-02,2.780365e-02,1.001833e-02,1.468720e-02,7.284829e-03,1.235218e-02,1.112820e-03,2.272155e-03,7.487094e-02,6.767944e-03,7.472169e-02,2.326808e-01,5.000010e-01,7.226474e-03,9.554745e-03
1.395630e-02,2.120138e-02,8.016286e-03,1.057572e-02,7.210242e-03,9.368509e-03,1.032739e-03,1.970972e-03,7.444885e-02,1.264135e-02,7.549102e-02,2.926574e-01,4.582729e-01,5.591869e-03,7.564492e-03
1.024139e-02,1.695569e-02,8.956920e-03,7.630293e-03,1.156704e-02,6.986191e-03,2.090977e-03,6.317952e-03,1.285852e-01,1.387987e-02,6.798446e-02,2.758726e-01,4.307526e-01,4.495164e-03,7.683742e-03
7.526993e-03,1.236265e-02,6.468398e-03,5.441069e-03,1.729653e-02,5.564371e-03,1.633426e-03,4.662172e-03,1.867980e-01,2.185380e-02,5.920107e-02,3.136284e-01,3.476785e-01,3.883400e-03,6.001140e-03
5.942409e-03,1.009842e-02,5.784131e-03,4.210819e-03,1.930222e-02,5.133080e-03,1.256367e-03,6.043559e-03,2.220485e-01,2.985662e-02,5.121341e-02,3.553846e-01,2.760590e-01,3.294488e-03,4.372268e-03
5.656876e-03,1.012599e-02,6.363477e-03,3.452769e-03,4.438445e-02,4.117556e-03,1.280304e-03,1.041611e-02,3.174682e-01,4.031779e-02,4.243322e-02,2.832692e-01,2.245597e-01,2.792666e-03,3.361713e-03
8.533798e-03,1.198565e-02,1.262541e-02,3.705822e-03,7.025074e-02,3.599222e-03,1.389540e-03,3.638390e-02,3.720446e-01,4.480015e-02,3.572888e-02,2.143291e-01,1.798223e-01,2.261713e-03,2.539098e-03
1.377926e-02,1.038571e-02,1.446714e-02,9.834707e-03,1.171770e-01,1.224175e-02,1.415801e-03,3.246504e-02,3.798599e-01,3.810005e-02,4.024426e-02,1.876671e-01,1.373930e-01,2.373917e-03,2.595346e-03
2.426834e-02,1.234215e-02,2.081020e-02,9.405381e-03,1.014042e-01,1.132775e-02,1.247343e-03,3.136822e-02,3.772007e-01,3.438880e-02,6.843500e-02,1.841967e-01,1.151395e-01,5.109693e-03,3.356131e-03
3.606879e-02,1.582414e-02,3.794282e-02,9.147945e-03,1.108731e-01,8.801387e-03,1.043038e-03,2.992363e-02,4.009445e-01,2.802000e-02,7.810205e-02,1.404169e-01,9.022737e-02,6.989441e-03,5.674856e-03
9.705896e-02,1.673552e-02,7.396054e-02,2.019178e-02,1.011693e-01,7.632033e-03,1.179021e-03,4.833890e-02,3.428291e-01,2.465123e-02,7.138862e-02,1.060890e-01,7.107944e-02,8.805424e-03,8.891119e-03
1.713798e-01,2.110971e-02,7.076929e-02,2.000313e-02,9.603509e-02,8.514204e-03,1.523055e-03,4.223563e-02,2.973793e-01,2.136782e-02,6.802148e-02,9.209932e-02,5.607559e-02,1.471010e-02,1.877658e-02
1.856508e-01,2.758946e-02,9.631424e-02,6.113688e-02,8.775688e-02,8.847220e-03,1.494168e-03,4.735298e-02,2.553220e-01,1.861070e-02,5.583033e-02,6.967451e-02,4.186299e-02,1.175810e-02,3.079877e-02
2.171345e-01,3.962865e-02,7.277922e-02,5.569257e-02,1.053254e-01,9.413977e-03,1.436067e-03,4.590029e-02,2.382727e-01,1.813856e-02,4.598781e-02,5.546015e-02,3.153517e-02,1.808380e-02,4.521120e-02
1.957175e-01,3.756968e-02,5.832627e-02,6.051417e-02,1.390485e-01,1.106225e-02,1.496483e-03,7.226268e-02,2.518748e-01,1.479350e-02,3.814622e-02,4.219441e-02,2.333900e-02,1.787568e-02,3.577893e-02
1.695451e-01,3.909572e-02,4.477573e-02,4.909850e-02,1.317762e-01,1.419627e-02,2.106017e-03,9.390983e-02,3.064772e-01,1.185470e-02,2.974602e-02,3.125940e-02,1.744903e-02,1.603940e-02,4.267085e-02
1.410550e-01,4.109549e-02,3.610808e-02,4.040688e-02,1.338811e-01,1.921892e-02,3.038186e-03,9.850951e-02,3.412465e-01,1.055843e-02,2.714754e-02,2.295574e-02,1.416739e-02,1.490618e-02,5.570512e-02
1.329400e-01,5.209668e-02,4.336429e-02,3.752579e-02,1.339654e-01,1.828544e-02,4.020717e-03,1.049336e-01,3.568110e-01,8.816824e-03,2.058161e-02,1.829443e-02,1.128627e-02,1.327004e-02,4.380786e-02
1.323458e-01,7.456394e-02,3.697702e-02,2.837328e-02,1.143824e-01,2.233131e-02,3.367902e-03,8.923814e-02,4.010556e-01,7.611543e-03,1.538860e-02,1.364294e-02,1.020638e-02,1.401355e-02,3.650165e-02
1.336912e-01,9.115189e-02,3.156631e-02,2.149357e-02,9.384792e-02,4.565807e-02,2.796160e-03,7.342737e-02,4.150550e-01,7.050155e-03,1.291682e-02,1.062942e-02,1.060602e-02,2.003618e-02,3.007388e-02
1.663843e-01,1.001316e-01,3.356321e-02,1.789630e-02,7.894942e-02,4.978187e-02,3.065574e-03,7.529958e-02,3.833848e-01,7.569908e-03,1.024698e-02,8.364347e-03,1.053595e-02,2.650951e-02,2.831671e-02
1.702367e-01,1.269176e-01,2.741267e-02,1.491561e-02,6.603520e-02,4.805152e-02,2.782774e-03,6.290025e-02,3.722634e-01,9.731634e-03,8.792176e-03,6.737192e-03,9.677892e-03,4.567704e-02,2.786834e-02
1.959814e-01,1.132088e-01,2.272881e-02,1.802320e-02,6.523134e-02,6.253286e-02,3.020745e-03,5.000822e-02,3.590709e-01,9.490971e-03,9.028443e-03,6.929020e-03,1.584350e-02,4.065318e-02,2.824860e-02
2.313141e-01,9.553628e-02,1.761450e-02,1.499635e-02,6.527846e-02,7.463478e-02,2.803428e-03,3.965250e-02,3.449686e-01,9.499910e-03,8.232244e-03,7.175924e-03,1.787741e-02,4.045156e-02,2.996406e-02
2.668157e-01,8.212816e-02,1.508650e-02,1.440000e-02,6.639001e-02,8.085532e-02,3.089681e-03,3.282977e-02,3.213734e-01,7.824006e-03,7.774576e-03,8.183092e-03,2.037534e-02,3.954440e-02,3.333009e-02
2.927024e-01,7.028531e-02,1.504788e-02,1.345808e-02,6.959910e-02,7.472698e-02,4.060940e-03,5.504365e-02,2.956613e-01,6.066862e-03,7.267191e-03,8.826012e-03,1.943745e-02,3.719627e-02,3.062057e-02
3.422885e-01,6.484596e-02,1.541993e-02,1.161391e-02,6.863920e-02,6.426724e-02,4.781021e-03,4.749227e-02,2.843132e-01,5.017261e-03,6.318076e-03,8.716758e-03,1.757957e-02,3.084548e-02,2.786164e-02
3.594218e-01,5.359799e-02,2.933514e-02,1.144374e-02,5.145099e-02,4.953793e-02,4.156327e-03,4.955763e-02,2.300101e-01,4.193692e-02,1.232664e-02,1.140226e-02,1.749408e-02,2.503111e-02,5.329730e-02
2.849264e-01,4.708124e-02,1.072766e-01,1.138881e-02,3.645552e-02,3.966244e-02,3.051134e-03,3.671933e-02,1.753841e-01,3.892405e-02,3.710664e-02,1.026191e-02,1.735071e-02,9.232395e-02,6.208710e-02
2.157011e-01,3.913032e-02,1.690456e-01,1.074213e-02,2.592018e-02,3.150100e-02,2.426399e-03,2.741867e-02,1.421639e-01,3.022019e-02,8.881752e-02,8.906155e-03,1.341060e-02,1.339698e-01,6.062642e-02
1.524785e-01,2.856821e-02,1.655212e-01,8.336445e-03,1.829997e-02,2.609449e-02,1.787037e-03,1.996613e-02,1.026113e-01,2.458420e-02,2.121461e-01,7.624209e-03,1.034309e-02,1.779388e-01,4.370034e-02
1.072877e-01,2.053102e-02,1.202464e-01,6.472312e-03,1.290654e-02,1.903290e-02,1.271198e-03,1.411133e-02,7.333560e-02,1.900982e-02,3.649601e-01,7.245999e-03,8.122003e-03,1.944571e-01,3.100997e-02
7.569467e-02,3.805243e-02,8.773377e-02,2.553668e-02,1.149319e-02,1.710929e-02,1.209011e-03,1.026826e-02,1.192299e-01,3.523223e-02,3.752582e-01,6.805861e-03,6.377110e-03,1.653214e-01,2.467811e-02
5.469749e-02,4.437702e-02,6.895616e-02,4.909293e-02,1.144495e-02,2.775370e-02,2.147702e-03,1.529140e-02,1.713505e-01,3.755499e-02,3.418539e-01,6.502395e-03,5.261808e-03,1.449290e-01,1.878620e-02
3.884811e-02,6.636922e-02,5.072259e-02,3.997855e-02,1.851843e-02,8.586402e-02,2.061345e-03,1.131771e-02,2.298722e-01,3.215764e-02,2.816130e-01,5.153409e-03,4.067950e-03,1.185448e-01,1.491110e-02
2.740294e-02,5.156643e-02,3.792096e-02,1.084465e-01,2.514413e-02,6.557027e-02,1.547098e-03,8.213553e-03,3.487706e-01,2.363197e-02,1.991642e-01,3.705078e-03,3.088157e-03,8.451328e-02,1.131493e-02
1.959600e-02,3.860379e-02,2.702581e-02,8.081780e-02,2.213726e-02,2.145688e-01,1.106135e-03,5.790396e-03,3.441185e-01,1.698660e-02,1.472031e-01,2.752680e-03,2.973671e-03,6.635727e-02,9.962283e-03
1.423290e-02,2.795912e-02,1.927993e-02,9.429348e-02,1.754040e-02,2.335819e-01,7.879802e-04,4.540908e-03,3.987157e-01,1.263830e-02,1.132901e-01,2.077630e-03,3.763481e-03,4.886584e-02,8.432363e-03
1.018528e-02,2.019475e-02,1.353894e-02,6.682962e-02,1.245696e-02,2.933602e-01,5.552958e-04,3.484697e-03,4.006442e-01,9.690705e-03,1.035044e-01,2.588057e-03,7.385212e-03,4.634490e-02,9.236830e-03
7.525713e-03,1.510470e-02,1.025375e-02,5.008304e-02,9.288277e-03,4.137541e-01,4.185057e-04,1.310518e-02,3.295149e-01,7.811187e-03,8.714870e-02,2.592438e-03,8.593788e-03,3.531548e-02,9.490313e-03
7.951615e-03,1.232288e-02,8.881612e-03,3.899495e-02,8.610303e-03,4.768956e-01,4.824330e-04,1.027483e-02,3.025211e-01,7.099094e-03,6.835570e-02,2.103401e-03,8.877049e-03,3.139419e-02,1.523531e-02
6.057189e-03,9.275727e-03,7.931830e-03,4.300562e-02,6.519955e-03,3.594781e-01,3.932284e-04,1.133956e-02,4.522529e-01,6.152054e-03,5.140564e-02,1.601878e-03,7.128861e-03,2.325919e-02,1.419841e-02
5.342532e-03,7.992550e-03,3.668958e-02,1.146037e-01,4.991694e-03,2.562975e-01,4.090931e-04,9.252757e-03,4.393751e-01,6.152919e-03,6.952930e-02,2.332279e-03,1.152234e-02,1.953700e-02,1.597165e-02
4.042387e-03,6.117307e-03,2.831835e-02,9.105787e-02,3.772268e-03,1.820820e-01,4.734477e-04,7.872808e-03,4.003060e-01,6.399957e-03,1.608535e-01,8.458357e-03,6.943879e-02,1.446798e-02,1.633900e-02
3.206600e-03,7.135330e-03,5.610633e-02,1.315466e-01,5.050814e-03,1.289263e-01,5.864031e-04,7.499173e-03,3.661210e-01,5.826075e-03,1.492140e-01,1.104960e-02,1.030374e-01,1.044254e-02,1.425174e-02
2.918183e-03,1.977549e-02,1.255542e-01,1.111012e-01,6.781898e-03,9.122891e-02,7.919865e-04,6.018877e-03,3.549178e-01,5.501310e-03,1.219964e-01,1.498652e-02,1.123820e-01,7.966250e-03,1.807899e-02
5.626249e-03,2.622962e-02,1.451923e-01,9.271962e-02,2.040535e-02,6.763561e-02,2.039788e-03,5.492910e-03,3.912173e-01,6.709882e-03,1.038304e-01,1.322042e-02,9.294444e-02,7.245519e-03,1.949062e-02
1.917265e-02,2.468081e-02,1.270359e-01,1.407719e-01,4.725453e-02,5.333587e-02,5.575558e-03,1.931806e-02,3.731125e-01,6.315942e-03,7.974834e-02,1.106946e-02,7.051155e-02,5.350057e-03,1.674684e-02
2.733809e-02,2.567240e-02,1.079589e-01,2.651522e-01,4.036662e-02,3.958320e-02,4.703729e-03,3.187640e-02,3.062170e-01,1.005808e-02,6.030842e-02,9.118337e-03,5.201758e-02,4.035478e-03,1.559354e-02
3.690627e-02,2.135153e-02,9.221357e-02,2.280330e-01,3.952504e-02,2.951889e-02,4.593379e-03,1.820500e-01,2.475828e-01,8.302119e-03,4.638318e-02,8.490109e-03,4.004665e-02,3.187470e-03,1.181599e-02
4.451431e-02,1.643767e-02,6.866653e-02,1.711606e-01,3.372062e-02,2.300728e-02,3.822503e-03,3.700723e-01,1.809467e-01,6.529039e-03,3.393187e-02,6.933568e-03,2.903440e-02,2.393055e-03,8.829499e-03
5.080027e-02,1.226600e-02,4.999233e-02,1.229960e-01,3.127581e-02,1.815138e-02,4.383173e-03,5.148960e-01,1.289121e-01,5.072078e-03,2.503831e-02,5.925849e-03,2.157521e-02,1.817477e-03,6.897989e-03
5.983143e-02,9.309650e-03,3.664571e-02,8.687957e-02,2.710340e-02,2.454668e-02,2.159524e-02,5.891076e-01,9.096264e-02,3.941226e-03,1.833986e-02,5.739918e-03,1.912097e-02,1.415513e-03,5.460524e-03
9.853625e-02,7.206440e-03,2.730528e-02,6.172019e-02,2.225197e-02,2.415640e-02,2.547499e-02,6.218435e-01,6.659993e-02,3.298939e-03,1.367758e-02,6.267407e-03,1.566881e-02,1.123293e-03,4.868968e-03
1.570170e-01,6.812426e-03,2.225276e-02,4.534914e-02,2.016057e-02,3.255977e-02,6.631055e-02,5.508111e-01,4.952865e-02,2.670143e-03,1.026327e-02,7.479151e-03,2.182352e-02,1.026374e-03,5.935531e-03
1.768671e-01,6.398512e-03,1.967367e-02,3.381972e-02,2.312316e-02,3.859612e-02,6.078058e-02,5.514041e-01,4.192838e-02,2.488374e-03,8.717771e-03,1.004595e-02,1.788833e-02,1.334824e-03,6.933397e-03
2.375920e-01,6.587705e-03,2.213751e-02,2.662779e-02,2.492511e-02,4.380876e-02,5.426954e-02,4.954131e-01,3.563796e-02,3.099165e-03,8.841625e-03,1.487334e-02,1.596144e-02,1.956272e-03,8.268694e-03
2.423183e-01,6.178004e-03,2.120228e-02,2.012924e-02,2.149665e-02,4.568122e-02,5.938267e-02,5.072212e-01,2.752483e-02,2.987969e-03,7.950265e-03,1.392953e-02,1.314093e-02,2.070523e-03,8.786340e-03
3.311976e-01,6.909625e-03,1.817418e-02,1.822286e-02,1.813760e-02,4.941379e-02,5.133555e-02,4.311840e-01,2.315744e-02,3.360057e-03,7.979834e-03,1.524090e-02,1.208084e-02,2.692020e-03,1.091372e-02
4.089142e-01,8.262736e-03,1.820624e-02,2.005068e-02,1.611974e-02,6.005294e-02,4.468122e-02,3.403754e-01,1.921329e-02,3.559562e-03,8.978995e-03,1.975003e-02,1.303021e-02,3.600883e-03,1.520388e-02
4.480521e-01,1.182870e-02,1.776768e-02,2.300252e-02,1.710902e-02,6.629142e-02,4.590431e-02,2.589676e-01,1.725569e-02,3.418800e-03,1.052999e-02,3.136644e-02,2.455175e-02,4.160937e-03,1.979297e-02
4.531433e-01,1.682319e-02,1.627075e-02,2.682741e-02,1.726295e-02,6.756580e-02,5.250839e-02,1.941912e-01,1.654021e-02,3.806679e-03,1.024383e-02,3.834165e-02,5.400314e-02,4.457398e-03,2.801405e-02
4.321138e-01,2.338714e-02,1.271342e-02,3.039366e-02,1.549032e-02,5.648943e-02,5.886089e-02,1.421473e-01,3.791303e-02,1.273427e-02,1.626614e-02,5.062699e-02,5.796319e-02,5.053093e-03,4.784732e-02
4.204955e-01,2.605843e-02,1.498751e-02,4.923669e-02,1.364531e-02,4.815697e-02,4.766050e-02,1.059839e-01,7.347227e-02,2.101158e-02,1.989569e-02,5.546169e-02,4.769283e-02,4.765341e-03,5.147579e-02
4.857362e-01,2.088651e-02,1.393385e-02,4.196301e-02,1.567823e-02,4.363260e-02,3.776810e-02,9.657391e-02,6.673954e-02,1.591829e-02,2.093516e-02,5.521685e-02,4.033105e-02,4.318960e-03,4.036770e-02
1.000000e+00,0.000000e+00,0.000000e+00,0.000000e+00,0.000000e+00,0.000000e+00,0.000000e+00,0.000000e+00,0.000000e+00,0.000000e+00,0.000000e+00,0.000000e+00,0.000000e+00,0.000000e+00,0.000000e+00
1.000000e+00,0.000000e+00,0.000000e+00,0.000000e+00,0.000000e+00,0.000000e+00,0.000000e+00,0.000000e+00,0.000000e+00,0.000000e+00,0.000000e+00,0.000000e+00,0.000000e+00,0.000000e+00,0.000000e+00
1.000000e+00,0.000000e+00,0.000000e+00,0.000000e+00,0.000000e+00,0.000000e+00,0.000000e+00,0.000000e+00,0.000000e+00,0.000000e+00,0.000000e+00,0.000000e+00,0.000000e+00,0.000000e+00,0.000000e+00
1.000000e+00,0.000000e+00,0.000000e+00,0.000000e+00,0.000000e+00,0.000000e+00,0.000000e+00,0.000000e+00,0.000000e+00,0.000000e+00,0.000000e+00,0.000000e+00,0.000000e+00,0.000000e+00,0.000000e+00
1.000000e+00,0.000000e+00,0.000000e+00,0.000000e+00,0.000000e+00,0.000000e+00,0.000000e+00,0.000000e+00,0.000000e+00,0.000000e+00,0.000000e+00,0.000000e+00,0.000000e+00,0.000000e+00,0.000000e+00
1.000000e+00,0.000000e+00,0.000000e+00,0.000000e+00,0.000000e+00,0.000000e+00,0.000000e+00,0.000000e+00,0.000000e+00,0.000000e+00,0.000000e+00,0.000000e+00,0.000000e+00,0.000000e+00,0.000000e+00
1.000000e+00,0.000000e+00,0.000000e+00,0.000000e+00,0.000000e+00,0.000000e+00,0.000000e+00,0.000000e+00,0.000000e+00,0.000000e+00,0.000000e+00,0.000000e+00,0.000000e+00,0.000000e+00,0.000000e+00
4.879151e-01,1.166151e-02,6.190155e-03,1.912664e-02,2.274833e-02,3.157282e-02,1.273416e-02,3.538266e-02,3.340901e-02,2.488295e-03,8.599570e-03,2.866819e-02,2.793061e-01,1.619605e-03,1.857786e-02
4.623661e-01,1.004057e-02,6.206622e-03,1.497534e-02,1.867231e-02,2.756468e-02,1.279900e-02,7.534169e-02,3.188660e-02,2.623260e-03,9.102490e-03,2.385632e-02,2.810055e-01,2.103427e-03,2.145600e-02
3.930116e-01,8.571072e-03,6.681836e-03,1.242636e-02,1.616198e-02,2.241266e-02,1.228632e-02,1.901140e-01,2.973293e-02,2.305443e-03,7.965088e-03,1.892021e-02,2.571606e-01,2.034594e-03,2.021537e-02
3.021181e-01,7.395579e-03,6.235669e-03,9.680334e-03,1.308162e-02,1.958532e-02,1.850151e-02,3.442729e-01,2.610845e-02,2.012848e-03,6.817614e-03,1.451901e-02,2.101222e-01,1.527089e-03,1.802192e-02
2.307624e-01,6.479436e-03,6.732224e-03,7.332780e-03,1.213339e-02,1.488850e-02,1.613377e-02,4.913259e-01,2.323530e-02,1.555320e-03,5.323483e-03,1.065209e-02,1.570044e-01,1.124420e-03,1.531665e-02
2.257077e-01,6.733063e-03,5.940096e-03,6.137131e-03,1.061819e-02,1.469691e-02,1.327745e-02,5.108032e-01,1.966806e-02,1.371767e-03,4.306779e-03,8.379001e-03,1.566933e-01,9.546308e-04,1.471278e-02
1.889319e-01,6.474417e-03,4.713573e-03,5.473730e-03,9.793011e-03,1.300594e-02,1.088287e-02,5.621013e-01,1.710883e-02,1.363001e-03,3.335736e-03,6.637907e-03,1.570333e-01,9.264075e-04,1.221811e-02
1.560842e-01,6.173463e-03,3.961385e-03,5.285396e-03,8.979212e-03,1.140374e-02,1.138510e-02,5.790634e-01,1.515144e-02,1.240541e-03,2.595984e-03,5.295568e-03,1.808811e-01,9.509480e-04,1.154844e-02
1.620117e-01,6.366280e-03,4.420790e-03,8.081511e-03,9.830661e-03,1.893394e-02,1.197975e-02,5.119517e-01,1.527285e-02,1.292798e-03,2.521681e-03,6.267267e-03,2.286271e-01,1.001527e-03,1.144036e-02
1.804741e-01,6.783861e-03,5.568280e-03,1.044423e-02,1.292242e-02,2.209260e-02,1.215356e-02,4.796107e-01,1.299676e-02,1.288433e-03,2.311594e-03,6.086494e-03,2.298209e-01,1.091914e-03,1.635419e-02
2.471524e-01,8.337438e-03,5.602132e-03,1.407729e-02,1.275088e-02,2.214127e-02,1.132608e-02,4.221087e-01,1.244919e-02,1.670105e-03,3.208732e-03,8.609639e-03,2.125801e-01,1.675948e-03,1.631010e-02
3.389788e-01,1.038715e-02,5.791069e-03,1.629301e-02,1.335108e-02,2.222459e-02,1.095869e-02,3.547999e-01,1.260423e-02,1.880347e-03,4.540954e-03,1.118460e-02,1.767258e-01,1.856613e-03,1.842313e-02
3.353645e-01,2.033153e-02,4.135960e-02,2.933832e-02,1.215441e-02,2.580444e-02,1.025251e-02,2.643480e-01,1.339819e-02,2.850471e-03,1.252582e-02,6.875794e-02,1.436235e-01,2.544186e-03,1.734651e-02
2.793478e-01,1.832869e-02,4.761104e-02,8.927277e-02,1.066987e-02,2.590782e-02,9.419742e-03,2.100594e-01,1.521174e-02,4.780174e-03,4.175572e-02,1.047200e-01,1.183934e-01,7.577482e-03,1.694438e-02
2.347101e-01,1.410033e-02,3.523034e-02,8.578784e-02,8.558111e-03,2.066453e-02,7.107090e-03,1.510092e-01,1.526477e-02,5.870235e-03,1.027034e-01,1.092732e-01,1.885729e-01,7.868111e-03,1.327977e-02
3.100446e-01,1.212195e-02,2.862152e-02,7.785389e-02,8.369167e-03,1.774064e-02,5.702818e-03,1.111219e-01,2.188439e-02,5.628956e-03,1.041670e-01,9.429568e-02,1.793024e-01,1.039792e-02,1.274713e-02
2.313949e-01,1.023412e-02,2.075195e-02,5.677447e-02,9.367912e-03,1.345836e-02,4.872568e-03,8.028239e-02,7.279143e-02,5.345022e-03,8.945467e-02,1.572764e-01,2.218431e-01,1.569942e-02,1.045340e-02
1.825815e-01,7.732583e-03,1.516719e-02,4.123561e-02,7.615226e-03,1.174659e-02,4.773408e-03,5.804264e-02,1.199276e-01,5.759909e-03,8.118464e-02,1.695234e-01,2.600433e-01,2.583898e-02,8.827553e-03
1.501618e-01,8.725097e-03,1.146480e-02,3.255387e-02,7.273844e-03,1.020168e-02,3.714181e-03,4.216183e-02,2.778526e-01,5.311601e-03,7.014222e-02,1.236466e-01,2.064178e-01,4.033420e-02,1.003794e-02
1.172791e-01,7.834355e-03,8.213430e-03,2.349081e-02,5.922764e-03,7.802916e-03,2.654800e-03,2.999323e-02,4.491332e-01,4.542791e-03,5.201371e-02,8.916281e-02,1.520673e-01,4.103559e-02,8.853219e-03
1.402413e-01,6.703064e-03,6.191667e-03,1.884885e-02,6.056727e-03,6.868920e-03,1.945996e-03,2.154234e-02,5.215830e-01,4.238839e-03,4.297550e-02,6.525226e-02,1.132237e-01,3.594651e-02,8.381399e-03
1.419403e-01,5.490832e-03,4.946228e-03,1.679682e-02,6.378809e-03,6.780198e-03,1.402989e-03,1.520997e-02,5.972296e-01,4.347668e-03,3.347939e-02,4.688735e-02,8.260982e-02,2.904272e-02,7.457368e-03
1.478996e-01,1.588473e-02,1.112958e-02,1.556360e-02,1.129140e-02,8.095456e-03,1.121004e-03,1.213313e-02,5.973803e-01,5.078549e-03,2.985978e-02,3.528220e-02,6.437843e-02,3.529505e-02,9.607160e-03
1.074402e-01,1.726875e-02,9.948683e-03,1.207859e-02,1.037431e-02,7.578118e-03,8.303336e-04,8.861899e-03,5.617946e-01,5.366921e-03,2.552223e-02,2.528280e-02,4.621167e-02,1.459948e-01,1.544608e-02
8.148360e-02,1.496887e-02,7.798983e-03,9.713031e-03,9.654770e-03,7.462720e-03,6.422842e-04,7.478473e-03,5.433521e-01,4.493788e-03,2.001249e-02,1.827881e-02,3.334766e-02,2.280444e-01,1.326805e-02
6.926741e-02,1.589529e-02,6.645152e-03,8.642555e-03,7.326941e-03,8.802386e-03,5.408440e-04,5.626548e-03,5.264598e-01,6.028414e-03,1.584637e-02,1.331888e-02,2.576079e-02,2.668630e-01,2.297559e-02
4.997241e-02,1.314821e-02,7.203493e-03,8.125992e-03,5.851225e-03,6.943082e-03,4.121950e-04,6.005652e-03,5.659153e-01,5.141282e-03,1.557296e-02,9.717386e-03,2.048406e-02,2.658362e-01,1.967056e-02
3.620689e-02,1.080789e-02,9.558163e-03,8.758833e-03,4.523735e-03,5.554840e-03,3.237510e-04,6.802919e-03,5.686121e-01,4.921769e-03,1.745973e-02,7.144754e-03,1.783979e-02,2.819642e-01,1.952065e-02
2.631302e-02,7.942646e-03,1.058920e-02,9.529182e-03,3.914559e-03,6.607451e-03,3.538951e-04,1.306722e-02,6.223937e-01,4.387448e-03,2.832255e-02,5.490273e-03,2.560575e-02,2.175373e-01,1.794589e-02
2.138766e-02,7.084267e-03,1.494304e-02,1.272106e-02,6.554602e-03,1.067312e-02,7.235621e-04,2.221939e-02,5.380377e-01,4.747677e-03,8.903350e-02,6.165273e-03,4.511156e-02,1.922475e-01,2.835013e-02
1.708452e-02,5.779559e-03,1.744473e-01,2.359270e-02,6.133242e-03,9.104559e-03,8.229949e-04,8.448184e-02,3.978238e-01,4.185878e-03,7.376862e-02,5.411209e-03,3.575782e-02,1.406911e-01,2.091485e-02
1.498285e-02,5.712755e-03,2.624888e-01,2.019461e-02,5.711273e-03,6.651296e-03,7.152674e-04,1.893955e-01,2.942874e-01,3.288727e-03,5.253553e-02,3.838078e-03,2.524465e-02,9.943532e-02,1.551792e-02
1.209829e-02,6.140068e-03,2.872139e-01,1.584880e-02,5.007852e-03,4.821318e-03,6.284003e-04,3.114977e-01,2.150299e-01,2.524038e-03,3.693183e-02,2.701407e-03,1.780823e-02,7.045991e-02,1.128840e-02
1.263474e-02,1.195370e-02,2.807633e-01,1.687869e-02,6.517129e-03,4.478697e-03,7.507068e-04,3.913611e-01,1.681185e-01,2.855227e-03,2.663094e-02,2.071557e-03,1.280488e-02,5.307876e-02,9.102061e-03
1.476819e-02,2.763073e-02,2.388362e-01,1.478851e-02,1.311586e-02,4.415727e-03,1.131153e-03,4.697369e-01,1.331884e-01,3.388586e-03,1.993372e-02,1.638467e-03,9.546301e-03,4.026320e-02,7.618086e-03
1.588230e-02,2.576743e-02,1.846722e-01,1.169048e-02,1.543656e-02,3.914869e-03,1.101109e-03,5.682082e-01,1.061340e-01,3.000363e-03,1.489573e-02,1.240410e-03,7.195064e-03,3.400686e-02,6.854445e-03
2.266048e-02,2.805661e-02,1.471262e-01,9.848671e-03,2.502912e-02,4.246036e-03,1.295142e-03,5.946382e-01,9.947538e-02,3.939656e-03,1.118521e-02,1.077210e-03,5.409725e-03,3.505135e-02,1.096102e-02
2.459828e-02,2.772458e-02,1.128239e-01,8.151465e-03,2.741437e-02,3.735825e-03,1.249470e-03,6.483708e-01,9.033391e-02,3.837306e-03,8.164347e-03,9.344176e-04,3.993523e-03,2.904527e-02,9.622592e-03
3.069786e-02,3.883490e-02,8.914813e-02,8.166711e-03,2.532548e-02,4.246443e-03,1.350261e-03,6.766174e-01,7.464613e-02,3.432790e-03,6.376337e-03,9.967674e-04,3.081576e-03,2.799372e-02,9.085507e-03
3.658830e-02,4.016369e-02,7.238717e-02,8.383843e-03,1.943899e-02,5.905257e-03,1.134845e-03,7.087436e-01,5.697705e-02,3.722972e-03,5.733903e-03,1.981682e-03,2.746783e-03,2.460350e-02,1.148841e-02
3.711330e-02,3.190256e-02,5.285013e-02,1.531897e-02,1.404785e-02,6.054034e-03,8.766798e-04,6.084753e-01,5.347596e-02,7.719159e-03,3.970159e-02,4.361400e-02,1.632806e-02,4.283758e-02,2.968489e-02
3.850295e-02,2.436306e-02,3.927619e-02,1.777308e-02,1.077587e-02,5.877750e-03,8.997513e-04,4.850816e-01,1.017162e-01,1.422255e-02,1.017757e-01,4.986497e-02,1.670150e-02,6.466408e-02,2.850480e-02
2.873790e-02,1.765118e-02,2.844150e-02,1.809579e-02,7.885352e-03,5.293208e-03,7.285142e-04,3.587372e-01,9.255011e-02,1.345828e-02,2.377056e-01,5.204789e-02,2.428614e-02,8.491801e-02,2.946328e-02
2.044066e-02,1.325937e-02,2.078754e-02,1.405295e-02,6.270386e-03,4.137136e-03,5.331452e-04,2.541510e-01,1.080317e-01,1.080673e-02,2.816375e-01,4.422779e-02,3.911719e-02,1.576169e-01,2.493003e-02
1.513371e-02,1.011804e-02,1.526448e-02,1.258628e-02,4.929062e-03,3.278370e-03,4.243657e-04,1.793023e-01,1.251099e-01,9.485353e-03,2.468075e-01,3.569806e-02,3.563442e-02,2.779326e-01,2.829549e-02
1.142350e-02,8.038965e-03,1.179794e-02,1.108582e-02,1.209951e-02,3.050135e-03,5.094301e-04,1.263909e-01,1.673637e-01,8.746085e-03,2.249699e-01,3.122430e-02,3.122491e-02,3.272127e-01,2.486223e-02
8.166420e-03,7.020749e-03,9.271197e-03,7.892209e-03,1.283682e-02,2.706742e-03,3.912576e-04,8.858091e-02,2.393369e-01,7.056010e-03,1.722112e-01,2.260022e-02,2.310535e-02,3.796264e-01,1.919757e-02
5.846661e-03,7.333565e-03,8.926158e-03,5.589565e-03,1.021427e-02,3.257979e-03,2.953928e-04,6.208462e-02,3.067376e-01,5.636456e-03,1.249104e-01,1.600850e-02,1.647950e-02,4.110516e-01,1.562767e-02
4.398418e-03,6.305440e-03,8.592303e-03,4.087349e-03,7.704067e-03,2.797038e-03,2.223538e-04,4.347914e-02,4.410360e-01,4.325870e-03,9.114625e-02,1.136708e-02,1.173725e-02,3.506724e-01,1.212903e-02
3.357850e-03,7.623773e-03,6.928088e-03,2.904921e-03,5.699407e-03,2.428678e-03,1.636488e-04,3.045134e-02,4.709737e-01,3.312628e-03,6.590816e-02,8.007946e-03,8.369331e-03,3.733389e-01,1.053168e-02
