1.000000e+00,0.000000e+00,0.000000e+00,0.000000e+00,0.000000e+00,0.000000e+00,0.000000e+00,0.000000e+00,0.000000e+00,0.000000e+00,0.000000e+00,0.000000e+00,0.000000e+00,0.000000e+00,0.000000e+00
1.000000e+00,0.000000e+00,0.000000e+00,0.000000e+00,0.000000e+00,0.000000e+00,0.000000e+00,0.000000e+00,0.000000e+00,0.000000e+00,0.000000e+00,0.000000e+00,0.000000e+00,0.000000e+00,0.000000e+00
1.000000e+00,0.000000e+00,0.000000e+00,0.000000e+00,0.000000e+00,0.000000e+00,0.000000e+00,0.000000e+00,0.000000e+00,0.000000e+00,0.000000e+00,0.000000e+00,0.000000e+00,0.000000e+00,0.000000e+00
1.000000e+00,0.000000e+00,0.000000e+00,0.000000e+00,0.000000e+00,0.000000e+00,0.000000e+00,0.000000e+00,0.000000e+00,0.000000e+00,0.000000e+00,0.000000e+00,0.000000e+00,0.000000e+00,0.000000e+00
1.000000e+00,0.000000e+00,0.000000e+00,0.000000e+00,0.000000e+00,0.000000e+00,0.000000e+00,0.000000e+00,0.000000e+00,0.000000e+00,0.000000e+00,0.000000e+00,0.000000e+00,0.000000e+00,0.000000e+00
1.000000e+00,0.000000e+00,0.000000e+00,0.000000e+00,0.000000e+00,0.000000e+00,0.000000e+00,0.000000e+00,0.000000e+00,0.000000e+00,0.000000e+00,0.000000e+00,0.000000e+00,0.000000e+00,0.000000e+00
1.000000e+00,0.000000e+00,0.000000e+00,0.000000e+00,0.000000e+00,0.000000e+00,0.000000e+00,0.000000e+00,0.000000e+00,0.000000e+00,0.000000e+00,0.000000e+00,0.000000e+00,0.000000e+00,0.000000e+00
1.000000e+00,0.000000e+00,0.000000e+00,0.000000e+00,0.000000e+00,0.000000e+00,0.000000e+00,0.000000e+00,0.000000e+00,0.000000e+00,0.000000e+00,0.000000e+00,0.000000e+00,0.000000e+00,0.000000e+00
1.000000e+00,0.000000e+00,0.000000e+00,0.000000e+00,0.000000e+00,0.000000e+00,0.000000e+00,0.000000e+00,0.000000e+00,0.000000e+00,0.000000e+00,0.000000e+00,0.000000e+00,0.000000e+00,0.000000e+00
1.000000e+00,0.000000e+00,0.000000e+00,0.000000e+00,0.000000e+00,0.000000e+00,0.000000e+00,0.000000e+00,0.000000e+00,0.000000e+00,0.000000e+00,0.000000e+00,0.000000e+00,0.000000e+00,0.000000e+00
1.000000e+00,0.000000e+00,0.000000e+00,0.000000e+00,0.000000e+00,0.000000e+00,0.000000e+00,0.000000e+00,0.000000e+00,0.000000e+00,0.000000e+00,0.000000e+00,0.000000e+00,0.000000e+00,0.000000e+00
1.000000e+00,0.000000e+00,0.000000e+00,0.000000e+00,0.000000e+00,0.000000e+00,0.000000e+00,0.000000e+00,0.000000e+00,0.000000e+00,0.000000e+00,0.000000e+00,0.000000e+00,0.000000e+00,0.000000e+00
1.000000e+00,0.000000e+00,0.000000e+00,0.000000e+00,0.000000e+00,0.000000e+00,0.000000e+00,0.000000e+00,0.000000e+00,0.000000e+00,0.000000e+00,0.000000e+00,0.000000e+00,0.000000e+00,0.000000e+00
1.000000e+00,0.000000e+00,0.000000e+00,0.000000e+00,0.000000e+00,0.000000e+00,0.000000e+00,0.000000e+00,0.000000e+00,0.000000e+00,0.000000e+00,0.000000e+00,0.000000e+00,0.000000e+00,0.000000e+00
1.000000e+00,0.000000e+00,0.000000e+00,0.000000e+00,0.000000e+00,0.000000e+00,0.000000e+00,0.000000e+00,0.000000e+00,0.000000e+00,0.000000e+00,0.000000e+00,0.000000e+00,0.000000e+00,0.000000e+00
1.000000e+00,0.000000e+00,0.000000e+00,0.000000e+00,0.000000e+00,0.000000e+00,0.000000e+00,0.000000e+00,0.000000e+00,0.000000e+00,0.000000e+00,0.000000e+00,0.000000e+00,0.000000e+00,0.000000e+00
1.000000e+00,0.000000e+00,0.000000e+00,0.000000e+00,0.000000e+00,0.000000e+00,0.000000e+00,0.000000e+00,0.000000e+00,0.000000e+00,0.000000e+00,0.000000e+00,0.000000e+00,0.000000e+00,0.000000e+00
1.000000e+00,0.000000e+00,0.000000e+00,0.000000e+00,0.000000e+00,0.000000e+00,0.000000e+00,0.000000e+00,0.000000e+00,0.000000e+00,0.000000e+00,0.000000e+00,0.000000e+00,0.000000e+00,0.000000e+00
1.000000e+00,0.000000e+00,0.000000e+00,0.000000e+00,0.000000e+00,0.000000e+00,0.000000e+00,0.000000e+00,0.000000e+00,0.000000e+00,0.000000e+00,0.000000e+00,0.000000e+00,0.000000e+00,0.000000e+00
1.000000e+00,0.000000e+00,0.000000e+00,0.000000e+00,0.000000e+00,0.000000e+00,0.000000e+00,0.000000e+00,0.000000e+00,0.000000e+00,0.000000e+00,0.000000e+00,0.000000e+00,0.000000e+00,0.000000e+00
1.000000e+00,0.000000e+00,0.000000e+00,0.000000e+00,0.000000e+00,0.000000e+00,0.000000e+00,0.000000e+00,0.000000e+00,0.000000e+00,0.000000e+00,0.000000e+00,0.000000e+00,0.000000e+00,0.000000e+00
1.000000e+00,0.000000e+00,0.000000e+00,0.000000e+00,0.000000e+00,0.000000e+00,0.000000e+00,0.000000e+00,0.000000e+00,0.000000e+00,0.000000e+00,0.000000e+00,0.000000e+00,0.000000e+00,0.000000e+00
1.000000e+00,0.000000e+00,0.000000e+00,0.000000e+00,0.000000e+00,0.000000e+00,0.000000e+00,0.000000e+00,0.000000e+00,0.000000e+00,0.000000e+00,0.000000e+00,0.000000e+00,0.000000e+00,0.000000e+00
1.000000e+00,0.000000e+00,0.000000e+00,0.000000e+00,0.000000e+00,0.000000e+00,0.000000e+00,0.000000e+00,0.000000e+00,0.000000e+00,0.000000e+00,0.000000e+00,0.000000e+00,0.000000e+00,0.000000e+00
1.000000e+00,0.000000e+00,0.000000e+00,0.000000e+00,0.000000e+00,0.000000e+00,0.000000e+00,0.000000e+00,0.000000e+00,0.000000e+00,0.000000e+00,0.000000e+00,0.000000e+00,0.000000e+00,0.000000e+00
1.000000e+00,0.000000e+00,0.000000e+00,0.000000e+00,0.000000e+00,0.000000e+00,0.000000e+00,0.000000e+00,0.000000e+00,0.000000e+00,0.000000e+00,0.000000e+00,0.000000e+00,0.000000e+00,0.000000e+00
1.000000e+00,0.000000e+00,0.000000e+00,0.000000e+00,0.000000e+00,0.000000e+00,0.000000e+00,0.000000e+00,0.000000e+00,0.000000e+00,0.000000e+00,0.000000e+00,0.000000e+00,0.000000e+00,0.000000e+00
1.000000e+00,0.000000e+00,0.000000e+00,0.000000e+00,0.000000e+00,0.000000e+00,0.000000e+00,0.000000e+00,0.000000e+00,0.000000e+00,0.000000e+00,0.000000e+00,0.000000e+00,0.000000e+00,0.000000e+00
1.000000e+00,0.000000e+00,0.000000e+00,0.000000e+00,0.000000e+00,0.000000e+00,0.000000e+00,0.000000e+00,0.000000e+00,0.000000e+00,0.000000e+00,0.000000e+00,0.000000e+00,0.000000e+00,0.000000e+00
1.000000e+00,0.000000e+00,0.000000e+00,0.000000e+00,0.000000e+00,0.000000e+00,0.000000e+00,0.000000e+00,0.000000e+00,0.000000e+00,0.000000e+00,0.000000e+00,0.000000e+00,0.000000e+00,0.000000e+00
1.000000e+00,0.000000e+00,0.000000e+00,0.000000e+00,0.000000e+00,0.000000e+00,0.000000e+00,0.000000e+00,0.000000e+00,0.000000e+00,0.000000e+00,0.000000e+00,0.000000e+00,0.000000e+00,0.000000e+00
1.000000e+00,0.000000e+00,0.000000e+00,0.000000e+00,0.000000e+00,0.000000e+00,0.000000e+00,0.000000e+00,0.000000e+00,0.000000e+00,0.000000e+00,0.000000e+00,0.000000e+00,0.000000e+00,0.000000e+00
1.000000e+00,0.000000e+00,0.000000e+00,0.000000e+00,0.000000e+00,0.000000e+00,0.000000e+00,0.000000e+00,0.000000e+00,0.000000e+00,0.000000e+00,0.000000e+00,0.000000e+00,0.000000e+00,0.000000e+00
1.000000e+00,0.000000e+00,0.000000e+00,0.000000e+00,0.000000e+00,0.000000e+00,0.000000e+00,0.000000e+00,0.000000e+00,0.000000e+00,0.000000e+00,0.000000e+00,0.000000e+00,0.000000e+00,0.000000e+00
1.000000e+00,0.000000e+00,0.000000e+00,0.000000e+00,0.000000e+00,0.000000e+00,0.000000e+00,0.000000e+00,0.000000e+00,0.000000e+00,0.000000e+00,0.000000e+00,0.000000e+00,0.000000e+00,0.000000e+00
1.000000e+00,0.000000e+00,0.000000e+00,0.000000e+00,0.000000e+00,0.000000e+00,0.000000e+00,0.000000e+00,0.000000e+00,0.000000e+00,0.000000e+00,0.000000e+00,0.000000e+00,0.000000e+00,0.000000e+00
1.000000e+00,0.000000e+00,0.000000e+00,0.000000e+00,0.000000e+00,0.000000e+00,0.000000e+00,0.000000e+00,0.000000e+00,0.000000e+00,0.000000e+00,0.000000e+00,0.000000e+00,0.000000e+00,0.000000e+00
1.000000e+00,0.000000e+00,0.000000e+00,0.000000e+00,0.000000e+00,0.000000e+00,0.000000e+00,0.000000e+00,0.000000e+00,0.000000e+00,0.000000e+00,0.000000e+00,0.000000e+00,0.000000e+00,0.000000e+00
1.000000e+00,0.000000e+00,0.000000e+00,0.000000e+00,0.000000e+00,0.000000e+00,0.000000e+00,0.000000e+00,0.000000e+00,0.000000e+00,0.000000e+00,0.000000e+00,0.000000e+00,0.000000e+00,0.000000e+00
1.000000e+00,0.000000e+00,0.000000e+00,0.000000e+00,0.000000e+00,0.000000e+00,0.000000e+00,0.000000e+00,0.000000e+00,0.000000e+00,0.000000e+00,0.000000e+00,0.000000e+00,0.000000e+00,0.000000e+00
1.000000e+00,0.000000e+00,0.000000e+00,0.000000e+00,0.000000e+00,0.000000e+00,0.000000e+00,0.000000e+00,0.000000e+00,0.000000e+00,0.000000e+00,0.000000e+00,0.000000e+00,0.000000e+00,0.000000e+00
1.000000e+00,0.000000e+00,0.000000e+00,0.000000e+00,0.000000e+00,0.000000e+00,0.000000e+00,0.000000e+00,0.000000e+00,0.000000e+00,0.000000e+00,0.000000e+00,0.000000e+00,0.000000e+00,0.000000e+00
1.000000e+00,0.000000e+00,0.000000e+00,0.000000e+00,0.000000e+00,0.000000e+00,0.000000e+00,0.000000e+00,0.000000e+00,0.000000e+00,0.000000e+00,0.000000e+00,0.000000e+00,0.000000e+00,0.000000e+00
1.000000e+00,0.000000e+00,0.000000e+00,0.000000e+00,0.000000e+00,0.000000e+00,0.000000e+00,0.000000e+00,0.000000e+00,0.000000e+00,0.000000e+00,0.000000e+00,0.000000e+00,0.000000e+00,0.000000e+00
1.000000e+00,0.000000e+00,0.000000e+00,0.000000e+00,0.000000e+00,0.000000e+00,0.000000e+00,0.000000e+00,0.000000e+00,0.000000e+00,0.000000e+00,0.000000e+00,0.000000e+00,0.000000e+00,0.000000e+00
1.000000e+00,0.000000e+00,0.000000e+00,0.000000e+00,0.000000e+00,0.000000e+00,0.000000e+00,0.000000e+00,0.000000e+00,0.000000e+00,0.000000e+00,0.000000e+00,0.000000e+00,0.000000e+00,0.000000e+00
1.000000e+00,0.000000e+00,0.000000e+00,0.000000e+00,0.000000e+00,0.000000e+00,0.000000e+00,0.000000e+00,0.000000e+00,0.000000e+00,0.000000e+00,0.000000e+00,0.000000e+00,0.000000e+00,0.000000e+00
1.000000e+00,0.000000e+00,0.000000e+00,0.000000e+00,0.000000e+00,0.000000e+00,0.000000e+00,0.000000e+00,0.000000e+00,0.000000e+00,0.000000e+00,0.000000e+00,0.000000e+00,0.000000e+00,0.000000e+00
1.000000e+00,0.000000e+00,0.000000e+00,0.000000e+00,0.000000e+00,0.000000e+00,0.000000e+00,0.000000e+00,0.000000e+00,0.000000e+00,0.000000e+00,0.000000e+00,0.000000e+00,0.000000e+00,0.000000e+00
4.758324e-01,8.010799e-02,2.345124e-02,1.516334e-01,2.813725e-02,3.116390e-02,1.425467e-02,2.874050e-02,2.444868e-02,6.793751e-03,1.283159e-02,4.132545e-02,1.864764e-02,4.080594e-03,5.855090e-02
4.304578e-01,9.850978e-02,2.376286e-02,1.620901e-01,2.828115e-02,2.911793e-02,1.280877e-02,2.564153e-02,2.488528e-02,8.283347e-03,1.495511e-02,3.845129e-02,1.767471e-02,6.810643e-03,7.826965e-02
3.780919e-01,1.194231e-01,2.427198e-02,1.746466e-01,2.828370e-02,2.768027e-02,1.185433e-02,2.268805e-02,2.577983e-02,9.832326e-03,1.589296e-02,3.490556e-02,1.678738e-02,9.144640e-03,1.007175e-01
3.242671e-01,1.302192e-01,3.613538e-02,1.865829e-01,2.791920e-02,2.616341e-02,1.099475e-02,2.084010e-02,2.777124e-02,1.025918e-02,2.312163e-02,3.486489e-02,1.637360e-02,1.212700e-02,1.123605e-01
2.611221e-01,1.203133e-01,5.414017e-02,2.387059e-01,5.048084e-02,3.087992e-02,2.107408e-02,2.989627e-02,2.338037e-02,7.582078e-03,2.174566e-02,3.229579e-02,1.395688e-02,1.072281e-02,8.370394e-02
2.603303e-01,1.051197e-01,1.057016e-01,2.074380e-01,4.356763e-02,3.575768e-02,1.659792e-02,3.518258e-02,2.178470e-02,6.311415e-03,2.373884e-02,3.030274e-02,1.581732e-02,1.627894e-02,7.607068e-02
2.085662e-01,7.593986e-02,2.495344e-01,1.740253e-01,3.334032e-02,2.905314e-02,1.244663e-02,7.100724e-02,1.628728e-02,4.627401e-03,2.031510e-02,2.266824e-02,1.234000e-02,1.414560e-02,5.570322e-02
1.612746e-01,5.404041e-02,3.214699e-01,1.510593e-01,2.497110e-02,2.197031e-02,9.989160e-03,1.458350e-01,1.201629e-02,3.394709e-03,1.663885e-02,1.672922e-02,9.501509e-03,1.128571e-02,3.982398e-02
1.356722e-01,3.898895e-02,3.697711e-01,1.328903e-01,1.853148e-02,1.963438e-02,1.033489e-02,1.913864e-01,8.900022e-03,4.571118e-03,1.247177e-02,1.222627e-02,7.021914e-03,8.819603e-03,2.877963e-02
1.517559e-01,2.905611e-02,3.260916e-01,1.042989e-01,1.482100e-02,2.114726e-02,1.529701e-02,2.608863e-01,8.040341e-03,1.153689e-02,1.062548e-02,9.281325e-03,6.121399e-03,7.743161e-03,2.329722e-02
3.101891e-01,2.344929e-02,2.435626e-01,7.716416e-02,1.245593e-02,2.136398e-02,1.365240e-02,2.095014e-01,8.153469e-03,1.228350e-02,1.090661e-02,9.623329e-03,6.882354e-03,9.474713e-03,3.133709e-02
4.425182e-01,1.943148e-02,1.780813e-01,5.827816e-02,1.305320e-02,2.010718e-02,1.096741e-02,1.620063e-01,7.734357e-03,1.062929e-02,1.049411e-02,9.602946e-03,7.883055e-03,1.207546e-02,3.713757e-02
1.000000e+00,0.000000e+00,0.000000e+00,0.000000e+00,0.000000e+00,0.000000e+00,0.000000e+00,0.000000e+00,0.000000e+00,0.000000e+00,0.000000e+00,0.000000e+00,0.000000e+00,0.000000e+00,0.000000e+00
1.000000e+00,0.000000e+00,0.000000e+00,0.000000e+00,0.000000e+00,0.000000e+00,0.000000e+00,0.000000e+00,0.000000e+00,0.000000e+00,0.000000e+00,0.000000e+00,0.000000e+00,0.000000e+00,0.000000e+00
3.882762e-01,3.305223e-02,7.348539e-02,6.557039e-02,1.064334e-02,4.840419e-02,5.075539e-03,6.543223e-02,2.793464e-02,3.148994e-02,2.443779e-02,1.933189e-02,1.488518e-02,3.726297e-02,1.547180e-01
2.727300e-01,2.793179e-02,5.178145e-02,4.637892e-02,7.523427e-03,4.066963e-02,3.582711e-03,4.584225e-02,2.339144e-02,2.548165e-02,2.086550e-02,1.702046e-02,1.179095e-02,3.361133e-02,3.713985e-01
1.923456e-01,2.517470e-02,3.660610e-02,3.292605e-02,5.443867e-03,4.889257e-02,2.806705e-03,3.231992e-02,4.409534e-02,1.907335e-02,2.714556e-02,1.781012e-02,1.117332e-02,1.549401e-01,3.492467e-01
1.349574e-01,1.790839e-02,2.570739e-02,2.313397e-02,6.638995e-03,4.154100e-02,2.039853e-03,2.278269e-02,4.617729e-02,1.461488e-02,4.598634e-02,1.573217e-02,1.499779e-02,3.141115e-01,2.736704e-01
9.454212e-02,1.272028e-02,1.805758e-02,1.620768e-02,7.727157e-03,2.940500e-02,1.436096e-03,1.595686e-02,7.797138e-02,1.041058e-02,4.229023e-02,1.141648e-02,1.114853e-02,4.418803e-01,2.088297e-01
6.626647e-02,9.321757e-03,1.272340e-02,1.136593e-02,5.974274e-03,2.142239e-02,1.034648e-03,1.118059e-02,1.028553e-01,7.466905e-03,3.267393e-02,8.143016e-03,8.071600e-03,5.410900e-01,1.604099e-01
4.693525e-02,1.290383e-02,1.590312e-02,8.163628e-03,5.193843e-03,4.072834e-02,1.081160e-03,7.945688e-03,1.737288e-01,5.697117e-03,2.459067e-02,5.986446e-03,5.981077e-03,5.274982e-01,1.176628e-01
3.339538e-02,1.782949e-02,1.179683e-02,6.207298e-03,6.398861e-03,3.342018e-02,1.365452e-03,6.883231e-03,3.172759e-01,5.067008e-03,1.877426e-02,4.419907e-03,4.841218e-03,4.490185e-01,8.330645e-02
2.376691e-02,1.836856e-02,9.185307e-03,5.385865e-03,9.629798e-03,3.248744e-02,1.456597e-03,6.504070e-03,4.350388e-01,4.462125e-03,1.813339e-02,3.329041e-03,4.821448e-03,3.674422e-01,5.998847e-02
1.698756e-02,4.975589e-02,7.809039e-03,5.250358e-03,9.277245e-03,2.733418e-02,1.249825e-03,1.384967e-02,4.816915e-01,4.119480e-03,1.763105e-02,3.477539e-03,1.415988e-02,3.032098e-01,4.419691e-02
1.195734e-02,3.896315e-02,6.113873e-03,1.062682e-02,6.971461e-03,1.989870e-02,8.800900e-04,9.783561e-03,6.198723e-01,3.338677e-03,1.329726e-02,2.963312e-03,1.123025e-02,2.126408e-01,3.146228e-02
8.505031e-03,3.886943e-02,7.743007e-03,8.355419e-03,5.140962e-03,1.517527e-02,6.286468e-04,7.240210e-03,6.828290e-01,4.646339e-03,2.122068e-02,3.888799e-03,1.604698e-02,1.520703e-01,2.763991e-02
6.050223e-03,3.302403e-02,6.616072e-03,7.812558e-03,4.053670e-03,1.129281e-02,4.606813e-04,5.676040e-03,7.563788e-01,4.784170e-03,1.760244e-02,3.137349e-03,1.495967e-02,1.070992e-01,2.105233e-02
4.327901e-03,3.177536e-02,6.192109e-03,7.573825e-03,3.283642e-03,9.264985e-03,3.401001e-04,4.482877e-03,7.993838e-01,7.431037e-03,1.511031e-02,2.575220e-03,1.461396e-02,7.549993e-02,1.814500e-02
4.844744e-03,3.579257e-02,1.094434e-02,1.964768e-02,2.156313e-02,1.364377e-02,6.789979e-04,6.802699e-03,7.645177e-01,9.781964e-03,1.271734e-02,1.956473e-03,1.185417e-02,5.373365e-02,3.152084e-02
6.967796e-03,4.263397e-02,2.435749e-02,3.398611e-02,3.134417e-02,1.455103e-02,7.960023e-04,1.767929e-02,6.698719e-01,2.272516e-02,1.144857e-02,1.500186e-03,9.439626e-03,3.883203e-02,7.386670e-02
5.974289e-03,3.196282e-02,4.531513e-02,9.102412e-02,2.723975e-02,1.111348e-02,6.624771e-04,1.362930e-01,5.127898e-01,2.597663e-02,1.282911e-02,1.198477e-03,7.882723e-03,2.764178e-02,6.209644e-02
5.894528e-03,2.464744e-02,3.623316e-02,6.703727e-02,2.239076e-02,8.043624e-03,5.264668e-04,3.673621e-01,3.679005e-01,1.891560e-02,1.018542e-02,8.949765e-04,5.845099e-03,1.949454e-02,4.462857e-02
9.020558e-03,2.030583e-02,3.326124e-02,5.613479e-02,2.017878e-02,6.160484e-03,4.335764e-04,5.020255e-01,2.717376e-01,1.501569e-02,1.025871e-02,9.499193e-04,5.213859e-03,1.392922e-02,3.537433e-02
2.585736e-02,1.690047e-02,3.253665e-02,4.587959e-02,2.628460e-02,5.651752e-03,4.355824e-04,5.747931e-01,2.031333e-01,1.168535e-02,9.816790e-03,1.001739e-03,4.916339e-03,1.006291e-02,3.104454e-02
2.777551e-02,1.395776e-02,3.103420e-02,3.821361e-02,2.710852e-02,5.243424e-03,3.970664e-04,6.494479e-01,1.514799e-01,9.272377e-03,7.882201e-03,8.810560e-04,3.855475e-03,7.267495e-03,2.618360e-02
2.579598e-02,1.381622e-02,3.243478e-02,5.482485e-02,2.361565e-02,4.559789e-03,3.699108e-04,6.835291e-01,1.136183e-01,8.450887e-03,6.823946e-03,1.007813e-03,3.148872e-03,5.407063e-03,2.259684e-02
2.743824e-02,1.736292e-02,4.761863e-02,1.556639e-01,2.580175e-02,4.395235e-03,3.994154e-04,5.906784e-01,8.867203e-02,7.935039e-03,7.195849e-03,1.681234e-03,3.200762e-03,3.958976e-03,1.799760e-02
2.403630e-02,1.698311e-02,8.635037e-02,2.609494e-01,2.031385e-02,4.024386e-03,3.473868e-04,4.580761e-01,7.515328e-02,1.321871e-02,1.323958e-02,2.888417e-03,4.239861e-03,3.341422e-03,1.683777e-02
4.121301e-02,1.778769e-02,8.220442e-02,2.280676e-01,2.222589e-02,5.281077e-03,6.111306e-04,4.858596e-01,6.652386e-02,1.104139e-02,1.276703e-02,4.225784e-03,4.625801e-03,2.721599e-03,1.484408e-02
8.640383e-02,1.510812e-02,7.236519e-02,1.731119e-01,1.923726e-02,5.121830e-03,7.210741e-04,5.269080e-01,5.534339e-02,8.971647e-03,1.170222e-02,5.263480e-03,4.616208e-03,2.461444e-03,1.266426e-02
1.604352e-01,1.328053e-02,5.769066e-02,1.294356e-01,2.018628e-02,5.725716e-03,1.082744e-03,5.119797e-01,5.634875e-02,7.118443e-03,1.292135e-02,6.402305e-03,5.027230e-03,2.222050e-03,1.014341e-02
2.470498e-01,1.342128e-02,5.505252e-02,1.044413e-01,1.981291e-02,6.239667e-03,1.424636e-03,4.490882e-01,5.630600e-02,6.398301e-03,1.330733e-02,9.227335e-03,5.510192e-03,2.934255e-03,9.786123e-03
1.734081e-01,4.450813e-02,2.702053e-01,7.547000e-02,1.403210e-02,4.546345e-03,1.026683e-03,3.145729e-01,4.306922e-02,6.077853e-03,2.117627e-02,6.726915e-03,4.518742e-03,1.250683e-02,8.154567e-03
1.214223e-01,4.040255e-02,4.112883e-01,5.318252e-02,9.862095e-03,3.337155e-03,7.352188e-04,2.203465e-01,3.878977e-02,4.485902e-03,6.445238e-02,5.122999e-03,3.492664e-03,1.659967e-02,6.480034e-03
8.503675e-02,3.211933e-02,3.360486e-01,3.760137e-02,6.953954e-03,2.513748e-03,5.255219e-04,1.543338e-01,3.026865e-02,3.495862e-03,2.292106e-01,6.325381e-03,3.870185e-03,6.482979e-02,6.866475e-03
5.955999e-02,2.316270e-02,2.422076e-01,2.652153e-02,4.898200e-03,1.870045e-03,3.823325e-04,1.081634e-01,2.337932e-02,2.623906e-03,3.688197e-01,7.590740e-03,3.058495e-03,1.222819e-01,5.480085e-03
4.174320e-02,1.655933e-02,1.707935e-01,1.868745e-02,3.493153e-03,1.541026e-03,2.844538e-04,7.580075e-02,1.897073e-02,2.382267e-03,5.344623e-01,5.933661e-03,2.288156e-03,1.030136e-01,4.046252e-03
2.934327e-02,1.185780e-02,1.205701e-01,1.355955e-02,2.934899e-03,2.986724e-03,2.815319e-04,5.367782e-02,2.753228e-02,2.958111e-03,6.083021e-01,4.820126e-03,2.048930e-03,1.151391e-01,3.987740e-03
2.072378e-02,1.177299e-02,8.504107e-02,9.814599e-03,3.420371e-03,1.002688e-02,2.971236e-04,3.800756e-02,9.311283e-02,4.137773e-03,5.996015e-01,5.226124e-03,1.734634e-03,1.132579e-01,3.824883e-03
1.464205e-02,2.244144e-02,6.067272e-02,6.967079e-03,3.171088e-03,1.446569e-02,2.826371e-04,2.694948e-02,9.729405e-02,4.784819e-03,6.021026e-01,4.450046e-03,1.327929e-03,1.366327e-01,3.815689e-03
1.052141e-02,3.035841e-02,5.147768e-02,5.417162e-03,5.058830e-03,1.434531e-02,8.935732e-04,2.077027e-02,8.510408e-02,8.273561e-03,5.950845e-01,3.789914e-03,1.135273e-03,1.635783e-01,4.191633e-03
7.949175e-03,2.606733e-02,4.481550e-02,6.170919e-03,1.926860e-02,1.709097e-02,1.710544e-03,1.665766e-02,1.327836e-01,1.524682e-02,5.289798e-01,3.897729e-03,1.029171e-03,1.736602e-01,4.671897e-03
6.215470e-03,2.215193e-02,3.953525e-02,6.622096e-03,2.089587e-02,1.445906e-02,1.279020e-03,1.338262e-02,2.134001e-01,1.431900e-02,4.291711e-01,3.429515e-03,8.746138e-04,2.085330e-01,5.731365e-03
6.603339e-03,1.928368e-02,8.833082e-02,1.100703e-02,1.988316e-02,1.540626e-02,1.094395e-03,1.789209e-02,2.939325e-01,1.225306e-02,3.386906e-01,2.895640e-03,1.069512e-03,1.661124e-01,5.545536e-03
7.784096e-03,4.228204e-02,7.261626e-02,5.401859e-02,6.698509e-02,3.984603e-02,1.049618e-03,1.407886e-02,2.818931e-01,1.052625e-02,2.551021e-01,2.574800e-03,3.012834e-03,1.323957e-01,1.583463e-02
7.620827e-03,4.001942e-02,1.562867e-01,4.639181e-02,5.016744e-02,3.018111e-02,8.019938e-04,1.157890e-02,2.687158e-01,1.524207e-02,2.044107e-01,2.752624e-03,1.244630e-02,1.004122e-01,5.297207e-02
6.906455e-03,3.451533e-02,1.568852e-01,4.001876e-02,3.610555e-02,2.260241e-02,7.265696e-04,1.004542e-02,2.546911e-01,3.974365e-02,1.785099e-01,4.262852e-03,4.992551e-02,9.375723e-02,7.130402e-02
7.464175e-03,3.008720e-02,1.546205e-01,3.816032e-02,2.735882e-02,1.653538e-02,6.779006e-04,8.577356e-03,2.002676e-01,3.447663e-02,2.314968e-01,9.830398e-03,1.004027e-01,8.708678e-02,5.295743e-02
5.774785e-03,2.776033e-02,1.380685e-01,1.135217e-01,2.884959e-02,1.326323e-02,6.570250e-04,8.939415e-03,2.678120e-01,2.940135e-02,1.734018e-01,7.637624e-03,7.996845e-02,6.552197e-02,3.942226e-02
5.552119e-03,2.791519e-02,1.216272e-01,9.242845e-02,2.599408e-02,1.650835e-02,7.696104e-04,1.058427e-02,3.806399e-01,2.818630e-02,1.389400e-01,6.579251e-03,6.397051e-02,4.944558e-02,3.085915e-02
2.004915e-02,4.166652e-02,9.865745e-02,9.420973e-02,5.519797e-02,3.101868e-02,1.037265e-03,1.266815e-02,3.725590e-01,3.374127e-02,1.021954e-01,4.955016e-03,4.563421e-02,3.614425e-02,5.026596e-02
2.420448e-02,3.235890e-02,8.434883e-02,2.625844e-01,4.550656e-02,2.268597e-02,9.220196e-04,1.476765e-02,3.068512e-01,2.953061e-02,7.613620e-02,3.679879e-03,3.227094e-02,2.545993e-02,3.869246e-02
3.896191e-02,2.934394e-02,6.555976e-02,2.500341e-01,5.291452e-02,1.874199e-02,1.026715e-03,7.778348e-02,3.026437e-01,2.681271e-02,5.892149e-02,3.158797e-03,2.380286e-02,1.816483e-02,3.212922e-02
4.073329e-02,3.991637e-02,5.633814e-02,2.257656e-01,4.180037e-02,1.418802e-02,1.097703e-03,1.036497e-01,3.301453e-01,3.284475e-02,4.647960e-02,2.687896e-03,1.937264e-02,1.294266e-02,3.203800e-02
3.067460e-02,3.043901e-02,6.238786e-02,2.811836e-01,3.205423e-02,1.241306e-02,2.472326e-03,1.058185e-01,2.861695e-01,2.753288e-02,5.317556e-02,6.084402e-03,2.996469e-02,1.060470e-02,2.902503e-02
2.386066e-02,2.501065e-02,5.439362e-02,2.456565e-01,2.681479e-02,1.629763e-02,4.373283e-03,9.159616e-02,2.123594e-01,2.274269e-02,5.428551e-02,9.577166e-02,8.009811e-02,1.058592e-02,3.615338e-02
1.678135e-02,1.784891e-02,3.873286e-02,1.903586e-01,2.072357e-02,1.153250e-02,3.693394e-03,6.419276e-02,1.490540e-01,1.653422e-02,5.549499e-02,7.354890e-02,3.079593e-01,7.569812e-03,2.597473e-02
1.177848e-02,1.256980e-02,2.717398e-02,1.341364e-01,1.485916e-02,8.171138e-03,2.713189e-03,4.506307e-02,1.045137e-01,1.164118e-02,4.259373e-02,5.822994e-02,5.025026e-01,5.486789e-03,1.856672e-02
8.330309e-03,9.656847e-03,1.927822e-02,9.420825e-02,1.099680e-02,6.820622e-03,2.562820e-03,3.183202e-02,7.359210e-02,9.014895e-03,3.317268e-02,1.629068e-01,5.193957e-01,4.510627e-03,1.372133e-02
5.974848e-03,7.094884e-03,1.476220e-02,6.613485e-02,8.423074e-03,5.223705e-03,2.293413e-03,2.243910e-02,5.256663e-02,7.407677e-03,3.164216e-02,1.949434e-01,5.671377e-01,3.414155e-03,1.054219e-02
4.730747e-03,5.965663e-03,1.074949e-02,4.651468e-02,1.545517e-02,4.101277e-03,1.847308e-03,1.603366e-02,6.840648e-02,9.134246e-03,2.827134e-02,2.781571e-01,5.001689e-01,2.640559e-03,7.823409e-03
3.618543e-03,4.436778e-03,7.571676e-03,3.261512e-02,1.101192e-02,3.530733e-03,1.429371e-03,1.138332e-02,5.125261e-02,1.269727e-02,2.290445e-02,4.642326e-01,3.651135e-01,2.521852e-03,5.680350e-03
3.059780e-03,3.406075e-03,5.364056e-03,2.289248e-02,7.885079e-03,4.213302e-03,1.154129e-03,8.228337e-03,3.815008e-02,1.398286e-02,3.413042e-02,5.835491e-01,2.673650e-01,2.471357e-03,4.147846e-03
3.000041e-03,2.954798e-03,4.043059e-03,1.612753e-02,5.809110e-03,3.238289e-03,8.441469e-04,6.027943e-03,2.941878e-02,1.161993e-02,3.922366e-02,6.807804e-01,1.907961e-01,3.059929e-03,3.056333e-03
2.424425e-03,3.207607e-03,3.582220e-03,1.149476e-02,5.077543e-03,2.540877e-03,6.835359e-04,4.425110e-03,2.861447e-02,1.100876e-02,8.755128e-02,6.920194e-01,1.387379e-01,6.214183e-03,2.417907e-03
1.979401e-03,6.667819e-03,1.399253e-02,8.643147e-03,8.563130e-03,1.863041e-03,5.070770e-04,3.363873e-03,3.173573e-02,1.164902e-02,1.026536e-01,6.984050e-01,9.874630e-02,9.103585e-03,2.126741e-03
1.150134e-02,5.291323e-03,1.058837e-02,7.266710e-03,7.885940e-03,2.050363e-03,4.765181e-04,3.283439e-03,2.635034e-02,2.099602e-02,1.634016e-01,6.562080e-01,7.061348e-02,1.224977e-02,1.836788e-03
1.873602e-02,4.114859e-03,8.027168e-03,6.616565e-03,8.621531e-03,2.207221e-03,4.347108e-04,3.653109e-03,2.112715e-02,1.987037e-02,2.587909e-01,5.818063e-01,4.999343e-02,1.452038e-02,1.480252e-03
1.937795e-02,7.176613e-03,3.591179e-02,6.716072e-03,1.454840e-02,5.248609e-03,1.173156e-03,2.581419e-02,1.746432e-02,2.188775e-02,2.348467e-01,5.595481e-01,3.550847e-02,1.342823e-02,1.349670e-03
2.770944e-02,6.339429e-03,3.170113e-02,5.794257e-03,1.394648e-02,5.675671e-03,1.192677e-03,3.657696e-02,1.604308e-02,2.260192e-02,3.037135e-01,4.741496e-01,2.527118e-02,2.801396e-02,1.270642e-03
3.597047e-02,7.323317e-03,2.531376e-02,4.473015e-03,1.070708e-02,6.502472e-03,9.505901e-04,3.348790e-02,1.380638e-02,2.485052e-02,3.644961e-01,3.985271e-01,1.867642e-02,5.377024e-02,1.144551e-03
3.583853e-02,3.057942e-02,2.144707e-02,3.341085e-03,1.157539e-02,5.477318e-03,7.405927e-04,2.789881e-02,1.355689e-02,2.241886e-02,3.800478e-01,3.012536e-01,1.356311e-02,1.308500e-01,1.411556e-03
3.439638e-02,2.506821e-02,1.665531e-02,2.533803e-03,8.557548e-03,5.322510e-03,5.590335e-04,2.188483e-02,1.160855e-02,1.908780e-02,4.783875e-01,2.384103e-01,1.016586e-02,1.259919e-01,1.370440e-03
3.322735e-02,1.966510e-02,1.287978e-02,1.877095e-03,6.271968e-03,4.725133e-03,4.767618e-04,1.595838e-02,9.826567e-03,1.568555e-02,5.752776e-01,1.882847e-01,7.819866e-03,1.066409e-01,1.383262e-03
2.743080e-02,1.459188e-02,9.374214e-03,1.511708e-03,5.833319e-03,4.048484e-03,5.351475e-04,1.273188e-02,1.772938e-02,1.729896e-02,6.279696e-01,1.564445e-01,6.207398e-03,9.689859e-02,1.394107e-03
2.143036e-02,1.260366e-02,7.199808e-03,1.744346e-03,1.195460e-02,4.371449e-03,7.915793e-04,1.701441e-02,1.587727e-01,2.018896e-02,5.369658e-01,1.197423e-01,5.230166e-03,8.063139e-02,1.358522e-03
2.295331e-02,1.553817e-02,6.890830e-03,2.971478e-03,2.341144e-02,6.074578e-03,1.013763e-03,1.930112e-02,2.009298e-01,3.154277e-02,4.910384e-01,9.955355e-02,4.546081e-03,7.127694e-02,2.957805e-03
2.017407e-02,1.516928e-02,9.062834e-03,5.871842e-03,3.988084e-02,7.690854e-03,9.644271e-04,3.080465e-02,3.084508e-01,4.103348e-02,3.799718e-01,7.633635e-02,4.298381e-03,5.638861e-02,3.901790e-03
2.506111e-02,2.358916e-02,1.263641e-02,5.019611e-03,3.402860e-02,1.206645e-02,8.991760e-04,2.610275e-02,4.294348e-01,4.026768e-02,2.856113e-01,5.495278e-02,3.456050e-03,4.310539e-02,3.768823e-03
4.166234e-02,2.883310e-02,1.433050e-02,8.067391e-03,5.000157e-02,1.814436e-02,1.022723e-03,2.156677e-02,4.469051e-01,5.002977e-02,2.355051e-01,3.905585e-02,3.006293e-03,3.727239e-02,4.596721e-03
4.129443e-02,2.474493e-02,1.302261e-02,1.326217e-01,8.514215e-02,2.082521e-02,8.449368e-04,3.365429e-02,3.800376e-01,3.579787e-02,1.678879e-01,2.862690e-02,3.119635e-03,2.668210e-02,5.697637e-03
7.128236e-02,3.170993e-02,1.235142e-02,1.027370e-01,9.814431e-02,3.428765e-02,7.760162e-04,3.914327e-02,4.026644e-01,2.898175e-02,1.256935e-01,2.140583e-02,2.720657e-03,2.078000e-02,7.321847e-03
8.938169e-02,3.325873e-02,9.486364e-03,8.305290e-02,1.195019e-01,4.016878e-02,1.051042e-03,4.104199e-02,4.274614e-01,2.301238e-02,9.047563e-02,1.602098e-02,2.269808e-03,1.602870e-02,7.787792e-03
9.476592e-02,3.211384e-02,8.597476e-03,6.115201e-02,1.337262e-01,4.265998e-02,9.452112e-04,2.997258e-02,4.646334e-01,2.532555e-02,6.978082e-02,1.168642e-02,2.162950e-03,1.321587e-02,9.261820e-03
9.650560e-02,3.249568e-02,7.845318e-03,4.785915e-02,1.457575e-01,4.048227e-02,9.039742e-04,2.295770e-02,4.985819e-01,2.081871e-02,5.199478e-02,9.171149e-03,2.016688e-03,1.082383e-02,1.178572e-02
1.038074e-01,5.908898e-02,8.753483e-03,5.058394e-02,1.549220e-01,3.551015e-02,1.430230e-03,1.962137e-02,4.538104e-01,2.051890e-02,3.840491e-02,7.991697e-03,2.882988e-03,8.168686e-03,3.450483e-02
1.205149e-01,7.941611e-02,7.525390e-03,4.058041e-02,1.820504e-01,3.718779e-02,1.530304e-03,1.570451e-02,4.209536e-01,1.704456e-02,2.905907e-02,6.583588e-03,3.400229e-03,6.081457e-03,3.236772e-02
1.366413e-01,7.372183e-02,7.977296e-03,3.731875e-02,2.564501e-01,3.157835e-02,2.176237e-03,1.663254e-02,3.622987e-01,1.346712e-02,2.229243e-02,5.606992e-03,3.270111e-03,4.584624e-03,2.598374e-02
2.374221e-01,6.151904e-02,7.314510e-03,3.902945e-02,2.329701e-01,3.161984e-02,2.156420e-03,1.620648e-02,2.924728e-01,1.390205e-02,1.804250e-02,7.876174e-03,4.291432e-03,4.651137e-03,3.052593e-02
3.514027e-01,5.213527e-02,7.376879e-03,3.360569e-02,1.971816e-01,3.625644e-02,2.196524e-03,1.601484e-02,2.287488e-01,1.189522e-02,1.462158e-02,1.098286e-02,6.074155e-03,4.371874e-03,2.713554e-02
4.086275e-01,5.039182e-02,9.510310e-03,2.623781e-02,1.655223e-01,3.162304e-02,2.117358e-03,1.303178e-02,2.133879e-01,9.734004e-03,1.376356e-02,1.438969e-02,9.275065e-03,4.886852e-03,2.750102e-02
4.861943e-01,4.208780e-02,8.704509e-03,3.150772e-02,1.183707e-01,3.115148e-02,2.392592e-03,1.202425e-02,1.566349e-01,9.759858e-03,1.390963e-02,2.699118e-02,1.722097e-02,6.105870e-03,3.694421e-02
1.000000e+00,0.000000e+00,0.000000e+00,0.000000e+00,0.000000e+00,0.000000e+00,0.000000e+00,0.000000e+00,0.000000e+00,0.000000e+00,0.000000e+00,0.000000e+00,0.000000e+00,0.000000e+00,0.000000e+00
1.000000e+00,0.000000e+00,0.000000e+00,0.000000e+00,0.000000e+00,0.000000e+00,0.000000e+00,0.000000e+00,0.000000e+00,0.000000e+00,0.000000e+00,0.000000e+00,0.000000e+00,0.000000e+00,0.000000e+00
4.591704e-01,5.333044e-02,1.448856e-02,6.246043e-02,5.171553e-02,2.585647e-02,3.352740e-03,1.432896e-02,1.157850e-01,2.339603e-02,1.734756e-02,4.619804e-02,3.028862e-02,7.573078e-03,7.470813e-02
3.999552e-01,7.776250e-02,1.367384e-02,5.974838e-02,4.282847e-02,2.366799e-02,3.205768e-03,1.129937e-02,1.629196e-01,2.433338e-02,1.481423e-02,3.912808e-02,2.821538e-02,6.865575e-03,9.158224e-02
3.060793e-01,6.444748e-02,1.716071e-02,1.602666e-01,3.329751e-02,1.934087e-02,2.762280e-03,1.100541e-02,1.972142e-01,2.530494e-02,1.212160e-02,2.890593e-02,2.231491e-02,5.589529e-03,9.418871e-02
2.811657e-01,5.532932e-02,1.578912e-02,1.265274e-01,4.123633e-02,1.902596e-02,3.053901e-03,2.246104e-02,2.882864e-01,2.054073e-02,9.567032e-03,2.122746e-02,1.776283e-02,4.469630e-03,7.355701e-02
3.198925e-01,4.953917e-02,1.355190e-02,1.027036e-01,5.319206e-02,2.417922e-02,2.934444e-03,2.050651e-02,2.783098e-01,1.888239e-02,8.608424e-03,1.742782e-02,1.430934e-02,3.913456e-03,7.204942e-02
3.184061e-01,5.215497e-02,1.141412e-02,8.507871e-02,6.313692e-02,2.509754e-02,2.710591e-03,1.993437e-02,2.809507e-01,1.654567e-02,7.726164e-03,1.420184e-02,1.230317e-02,4.037897e-03,8.630130e-02
2.559726e-01,6.619623e-02,1.541198e-02,1.703431e-01,6.350572e-02,2.016990e-02,3.080428e-03,3.376053e-02,2.273523e-01,1.457849e-02,8.046618e-03,1.319679e-02,1.049032e-02,3.620218e-03,9.427483e-02
1.831310e-01,4.928467e-02,1.642055e-01,1.767385e-01,4.780966e-02,1.504821e-02,2.287833e-03,2.622521e-02,2.036509e-01,1.657314e-02,6.220474e-03,9.418752e-03,7.648773e-03,2.638965e-03,8.911843e-02
1.494099e-01,4.095899e-02,1.924669e-01,1.554989e-01,4.216055e-02,1.418018e-02,2.045026e-03,2.098783e-02,1.818001e-01,2.294167e-02,5.415868e-03,6.996658e-03,6.188075e-03,2.947786e-03,1.560016e-01
1.105555e-01,2.976055e-02,1.503095e-01,1.121914e-01,3.004870e-02,1.028602e-02,1.483251e-03,1.547492e-02,1.632011e-01,1.268955e-01,5.003904e-03,5.051271e-03,4.571215e-03,3.677083e-03,2.314901e-01
8.399710e-02,2.271796e-02,1.579662e-01,9.559550e-02,2.263381e-02,8.254061e-03,1.164906e-03,1.285229e-02,2.140188e-01,1.231297e-01,4.927735e-03,3.788061e-03,3.713790e-03,6.114957e-03,2.391251e-01
6.173500e-02,1.712305e-02,2.953918e-01,8.587933e-02,1.681243e-02,6.284439e-03,9.196993e-04,9.725191e-03,1.603730e-01,1.074620e-01,4.426963e-03,2.897610e-03,2.886565e-03,6.018501e-03,2.220644e-01
7.585226e-02,2.035835e-02,3.256333e-01,7.388563e-02,1.971912e-02,9.655699e-03,1.612273e-03,1.062656e-02,1.228289e-01,1.047864e-01,4.960957e-03,2.303252e-03,2.350254e-03,9.453238e-03,2.159738e-01
7.737824e-02,2.286181e-02,2.553376e-01,5.657192e-02,1.799536e-02,1.288603e-02,1.477543e-03,8.607959e-03,9.602028e-02,1.260911e-01,4.727059e-03,1.887648e-03,1.972723e-03,1.765417e-02,2.985305e-01
1.254768e-01,2.159952e-02,1.979143e-01,4.348864e-02,1.664433e-02,1.696130e-02,1.391637e-03,1.191607e-02,7.476519e-02,1.322666e-01,4.649788e-03,1.802898e-03,2.273766e-03,2.799625e-02,3.208529e-01
1.701970e-01,2.262623e-02,1.603264e-01,3.738900e-02,1.846884e-02,1.899258e-02,1.326384e-03,1.469958e-02,6.855460e-02,1.301991e-01,4.631713e-03,1.720723e-03,2.414032e-03,3.066147e-02,3.177924e-01
2.327092e-01,2.569347e-02,1.397687e-01,3.495084e-02,3.392820e-02,1.983276e-02,1.594402e-03,3.882205e-02,7.110643e-02,1.205441e-01,6.233546e-03,2.459917e-03,3.512452e-03,2.556894e-02,2.432750e-01
2.935299e-01,3.428937e-02,1.029141e-01,2.905628e-02,4.006431e-02,2.023356e-02,1.674016e-03,3.484357e-02,9.539534e-02,9.638379e-02,7.918148e-03,3.806854e-03,4.027265e-03,3.316576e-02,2.026978e-01
3.788580e-01,4.298149e-02,7.418391e-02,2.356975e-02,3.925975e-02,2.240378e-02,1.610644e-03,2.948665e-02,9.739207e-02,7.231585e-02,8.678863e-03,4.870851e-03,4.688141e-03,3.971906e-02,1.599813e-01
4.719783e-01,3.954959e-02,5.372050e-02,2.267901e-02,3.622309e-02,2.046768e-02,1.607901e-03,2.336148e-02,8.518917e-02,5.374187e-02,9.090830e-03,7.169104e-03,5.697377e-03,3.942510e-02,1.300990e-01
1.000000e+00,0.000000e+00,0.000000e+00,0.000000e+00,0.000000e+00,0.000000e+00,0.000000e+00,0.000000e+00,0.000000e+00,0.000000e+00,0.000000e+00,0.000000e+00,0.000000e+00,0.000000e+00,0.000000e+00
3.861117e-01,1.615724e-01,3.304416e-02,1.000688e-01,2.606686e-02,1.486722e-02,1.302204e-03,1.484538e-02,6.188156e-02,3.617899e-02,9.135680e-03,1.296895e-02,6.390289e-03,2.675983e-02,1.088060e-01
2.703621e-01,2.993692e-01,2.418330e-02,7.038797e-02,1.836096e-02,1.074802e-02,9.280717e-04,1.039261e-02,6.155857e-02,2.631868e-02,9.486658e-03,9.163582e-03,5.366712e-03,4.026299e-02,1.431105e-01
1.897965e-01,2.493870e-01,1.801347e-02,5.236335e-02,1.331756e-02,8.277467e-03,7.306412e-04,7.319018e-03,1.348203e-01,2.196010e-02,1.264994e-02,7.022925e-03,7.594715e-03,5.061634e-02,2.261307e-01
1.332969e-01,1.881140e-01,1.306428e-02,3.686554e-02,9.870929e-03,6.682582e-03,5.772910e-04,5.140884e-03,1.548916e-01,4.396424e-02,2.230702e-02,5.229092e-03,1.338041e-02,1.441930e-01,2.224223e-01
9.397174e-02,1.403211e-01,9.403833e-03,2.592243e-02,7.717751e-03,7.047426e-03,4.780825e-04,3.612705e-03,2.107957e-01,6.313322e-02,1.937153e-02,3.793730e-03,1.186905e-02,1.969413e-01,2.056204e-01
6.594862e-02,1.007006e-01,7.847089e-03,1.834714e-02,5.474137e-03,5.065334e-03,3.666117e-04,2.536897e-03,3.483439e-01,5.785596e-02,1.429401e-02,2.772946e-03,8.495754e-03,2.053459e-01,1.566051e-01
4.676223e-02,7.236282e-02,7.577564e-03,1.314617e-02,4.314464e-03,4.117085e-03,3.440003e-04,1.829502e-03,3.389261e-01,5.761547e-02,1.333833e-02,2.481387e-03,8.008692e-03,2.034587e-01,2.257175e-01
3.416435e-02,5.353015e-02,7.115242e-03,9.646941e-03,3.453652e-03,3.398864e-03,3.178201e-04,1.327983e-03,2.995772e-01,6.125705e-02,1.282165e-02,2.159729e-03,6.699464e-03,2.488386e-01,2.556912e-01
2.763052e-02,3.879820e-02,1.229791e-02,1.130613e-02,1.201779e-02,3.486946e-03,5.800190e-04,4.376908e-03,2.827807e-01,5.104578e-02,1.385390e-02,2.001691e-03,6.776320e-03,2.690682e-01,2.639790e-01
2.039967e-02,2.903032e-02,1.652260e-02,1.096424e-02,1.903389e-02,3.162952e-03,5.956741e-03,8.873323e-02,2.803122e-01,3.869595e-02,1.380588e-02,2.265943e-03,8.980912e-03,2.425056e-01,2.196299e-01
1.665537e-02,2.464353e-02,9.618126e-02,1.425833e-02,2.311307e-02,2.853764e-03,4.568065e-03,6.351616e-02,3.146740e-01,3.141359e-02,1.094451e-02,2.719410e-03,8.288503e-03,1.791267e-01,2.070437e-01
1.413696e-02,2.002955e-02,9.609160e-02,1.441609e-02,3.686681e-02,2.855676e-03,6.933950e-03,1.674010e-01,2.336728e-01,2.331613e-02,1.009014e-02,2.246846e-03,7.349090e-03,1.277128e-01,2.368805e-01
1.629612e-02,1.878345e-02,1.205404e-01,1.519508e-02,4.957948e-02,3.513881e-03,6.148173e-03,2.380705e-01,1.762631e-01,1.954727e-02,1.076011e-02,2.270157e-03,6.933592e-03,9.526010e-02,2.208387e-01
3.148562e-02,2.358977e-02,1.267535e-01,1.602209e-02,6.449737e-02,5.737280e-03,8.071552e-03,3.090882e-01,1.309484e-01,1.880324e-02,1.136622e-02,2.174190e-03,1.043935e-02,7.025144e-02,1.707718e-01
3.036354e-02,3.624301e-02,1.442066e-01,1.688555e-02,5.343610e-02,6.427769e-03,6.797599e-03,3.014234e-01,1.094266e-01,2.677888e-02,3.793010e-02,3.740516e-03,1.302658e-02,5.294369e-02,1.603700e-01
6.090233e-02,5.579496e-02,1.155690e-01,2.570323e-02,5.810637e-02,1.235770e-02,5.664766e-03,2.433389e-01,9.900408e-02,3.010022e-02,4.048463e-02,8.146050e-03,2.904326e-02,3.890738e-02,1.768772e-01
4.868538e-02,7.864913e-02,1.049111e-01,3.672515e-02,5.621912e-02,1.496356e-02,5.826188e-03,1.846197e-01,1.123642e-01,3.416119e-02,6.861614e-02,9.543516e-03,3.328636e-02,2.900146e-02,1.824279e-01
4.644356e-02,8.696336e-02,9.493203e-02,4.701518e-02,4.691414e-02,1.400022e-02,4.614744e-03,1.348517e-01,9.950112e-02,4.395469e-02,7.524870e-02,1.132250e-02,3.169399e-02,2.248177e-02,2.400623e-01
4.250908e-02,8.508307e-02,8.948368e-02,1.070621e-01,3.721519e-02,1.306963e-02,3.679514e-03,1.047468e-01,9.086826e-02,3.712952e-02,8.099239e-02,1.424397e-02,3.024576e-02,1.902609e-02,2.446449e-01
7.205267e-02,6.883720e-02,8.787556e-02,1.108361e-01,3.081972e-02,1.252848e-02,3.365474e-03,8.354238e-02,7.706805e-02,3.282703e-02,1.349935e-01,1.918347e-02,4.190966e-02,2.050609e-02,2.036546e-01
1.596093e-01,5.960160e-02,6.792148e-02,8.457497e-02,3.423646e-02,1.285006e-02,3.425327e-03,6.331318e-02,8.855757e-02,5.340656e-02,1.359192e-01,2.046074e-02,4.827783e-02,1.872526e-02,1.491204e-01
2.241479e-01,5.289415e-02,5.193720e-02,6.591747e-02,3.580772e-02,1.212491e-02,3.263584e-03,4.833324e-02,9.249423e-02,7.687291e-02,1.315554e-01,2.504270e-02,5.121942e-02,1.689873e-02,1.114904e-01
2.477764e-01,4.417291e-02,3.904832e-02,6.183754e-02,2.922945e-02,1.715680e-02,2.862915e-03,3.562119e-02,9.469119e-02,7.928090e-02,1.346241e-01,4.403242e-02,5.880390e-02,1.797676e-02,9.288525e-02
2.033958e-01,4.523842e-02,3.647949e-02,7.390298e-02,2.959822e-02,1.443989e-02,2.541900e-03,2.862712e-02,1.095955e-01,7.328887e-02,1.647869e-01,4.948987e-02,5.540520e-02,2.141295e-02,9.179699e-02
1.908402e-01,5.069125e-02,3.264793e-02,6.574910e-02,3.194651e-02,1.596619e-02,2.513282e-03,3.112874e-02,1.680132e-01,7.098309e-02,1.540737e-01,4.418149e-02,4.747036e-02,1.853408e-02,7.526095e-02
1.717641e-01,4.936755e-02,5.125248e-02,1.373483e-01,4.259441e-02,1.339519e-02,3.389854e-03,2.646933e-02,1.947098e-01,5.543328e-02,1.131562e-01,3.323991e-02,3.488610e-02,1.390569e-02,5.908785e-02
1.577531e-01,4.108279e-02,1.264022e-01,1.888660e-01,4.385195e-02,1.548194e-02,3.391781e-03,2.113773e-02,1.703371e-01,4.176807e-02,8.283402e-02,2.527004e-02,2.538883e-02,1.045830e-02,4.597626e-02
1.702678e-01,3.276969e-02,1.694337e-01,2.500196e-01,3.512197e-02,1.659834e-02,3.084368e-03,1.642792e-02,1.299331e-01,3.192683e-02,6.045821e-02,1.980879e-02,1.895479e-02,7.796292e-03,3.739858e-02
1.973386e-01,4.078481e-02,1.721734e-01,2.531982e-01,3.145194e-02,1.523390e-02,2.742347e-03,1.464359e-02,1.156835e-01,3.190720e-02,4.467409e-02,1.644696e-02,1.701804e-02,6.560263e-03,4.014329e-02
2.390339e-01,4.592439e-02,1.713121e-01,2.139457e-01,5.115795e-02,1.972960e-02,3.084621e-03,1.463685e-02,9.975976e-02,2.976313e-02,3.358740e-02,1.295125e-02,1.472140e-02,5.920613e-03,4.447131e-02
