1.000000e+00,0.000000e+00,0.000000e+00,0.000000e+00,0.000000e+00,0.000000e+00,0.000000e+00,0.000000e+00,0.000000e+00,0.000000e+00,0.000000e+00,0.000000e+00,0.000000e+00,0.000000e+00,0.000000e+00
1.000000e+00,0.000000e+00,0.000000e+00,0.000000e+00,0.000000e+00,0.000000e+00,0.000000e+00,0.000000e+00,0.000000e+00,0.000000e+00,0.000000e+00,0.000000e+00,0.000000e+00,0.000000e+00,0.000000e+00
1.000000e+00,0.000000e+00,0.000000e+00,0.000000e+00,0.000000e+00,0.000000e+00,0.000000e+00,0.000000e+00,0.000000e+00,0.000000e+00,0.000000e+00,0.000000e+00,0.000000e+00,0.000000e+00,0.000000e+00
1.000000e+00,0.000000e+00,0.000000e+00,0.000000e+00,0.000000e+00,0.000000e+00,0.000000e+00,0.000000e+00,0.000000e+00,0.000000e+00,0.000000e+00,0.000000e+00,0.000000e+00,0.000000e+00,0.000000e+00
1.000000e+00,0.000000e+00,0.000000e+00,0.000000e+00,0.000000e+00,0.000000e+00,0.000000e+00,0.000000e+00,0.000000e+00,0.000000e+00,0.000000e+00,0.000000e+00,0.000000e+00,0.000000e+00,0.000000e+00
1.000000e+00,0.000000e+00,0.000000e+00,0.000000e+00,0.000000e+00,0.000000e+00,0.000000e+00,0.000000e+00,0.000000e+00,0.000000e+00,0.000000e+00,0.000000e+00,0.000000e+00,0.000000e+00,0.000000e+00
1.000000e+00,0.000000e+00,0.000000e+00,0.000000e+00,0.000000e+00,0.000000e+00,0.000000e+00,0.000000e+00,0.000000e+00,0.000000e+00,0.000000e+00,0.000000e+00,0.000000e+00,0.000000e+00,0.000000e+00
1.000000e+00,0.000000e+00,0.000000e+00,0.000000e+00,0.000000e+00,0.000000e+00,0.000000e+00,0.000000e+00,0.000000e+00,0.000000e+00,0.000000e+00,0.000000e+00,0.000000e+00,0.000000e+00,0.000000e+00
1.000000e+00,0.000000e+00,0.000000e+00,0.000000e+00,0.000000e+00,0.000000e+00,0.000000e+00,0.000000e+00,0.000000e+00,0.000000e+00,0.000000e+00,0.000000e+00,0.000000e+00,0.000000e+00,0.000000e+00
1.000000e+00,0.000000e+00,0.000000e+00,0.000000e+00,0.000000e+00,0.000000e+00,0.000000e+00,0.000000e+00,0.000000e+00,0.000000e+00,0.000000e+00,0.000000e+00,0.000000e+00,0.000000e+00,0.000000e+00
1.000000e+00,0.000000e+00,0.000000e+00,0.000000e+00,0.000000e+00,0.000000e+00,0.000000e+00,0.000000e+00,0.000000e+00,0.000000e+00,0.000000e+00,0.000000e+00,0.000000e+00,0.000000e+00,0.000000e+00
1.000000e+00,0.000000e+00,0.000000e+00,0.000000e+00,0.000000e+00,0.000000e+00,0.000000e+00,0.000000e+00,0.000000e+00,0.000000e+00,0.000000e+00,0.000000e+00,0.000000e+00,0.000000e+00,0.000000e+00
1.000000e+00,0.000000e+00,0.000000e+00,0.000000e+00,0.000000e+00,0.000000e+00,0.000000e+00,0.000000e+00,0.000000e+00,0.000000e+00,0.000000e+00,0.000000e+00,0.000000e+00,0.000000e+00,0.000000e+00
1.000000e+00,0.000000e+00,0.000000e+00,0.000000e+00,0.000000e+00,0.000000e+00,0.000000e+00,0.000000e+00,0.000000e+00,0.000000e+00,0.000000e+00,0.000000e+00,0.000000e+00,0.000000e+00,0.000000e+00
1.000000e+00,0.000000e+00,0.000000e+00,0.000000e+00,0.000000e+00,0.000000e+00,0.000000e+00,0.000000e+00,0.000000e+00,0.000000e+00,0.000000e+00,0.000000e+00,0.000000e+00,0.000000e+00,0.000000e+00
1.000000e+00,0.000000e+00,0.000000e+00,0.000000e+00,0.000000e+00,0.000000e+00,0.000000e+00,0.000000e+00,0.000000e+00,0.000000e+00,0.000000e+00,0.000000e+00,0.000000e+00,0.000000e+00,0.000000e+00
1.000000e+00,0.000000e+00,0.000000e+00,0.000000e+00,0.000000e+00,0.000000e+00,0.000000e+00,0.000000e+00,0.000000e+00,0.000000e+00,0.000000e+00,0.000000e+00,0.000000e+00,0.000000e+00,0.000000e+00
1.000000e+00,0.000000e+00,0.000000e+00,0.000000e+00,0.000000e+00,0.000000e+00,0.000000e+00,0.000000e+00,0.000000e+00,0.000000e+00,0.000000e+00,0.000000e+00,0.000000e+00,0.000000e+00,0.000000e+00
1.000000e+00,0.000000e+00,0.000000e+00,0.000000e+00,0.000000e+00,0.000000e+00,0.000000e+00,0.000000e+00,0.000000e+00,0.000000e+00,0.000000e+00,0.000000e+00,0.000000e+00,0.000000e+00,0.000000e+00
1.000000e+00,0.000000e+00,0.000000e+00,0.000000e+00,0.000000e+00,0.000000e+00,0.000000e+00,0.000000e+00,0.000000e+00,0.000000e+00,0.000000e+00,0.000000e+00,0.000000e+00,0.000000e+00,0.000000e+00
1.000000e+00,0.000000e+00,0.000000e+00,0.000000e+00,0.000000e+00,0.000000e+00,0.000000e+00,0.000000e+00,0.000000e+00,0.000000e+00,0.000000e+00,0.000000e+00,0.000000e+00,0.000000e+00,0.000000e+00
1.000000e+00,0.000000e+00,0.000000e+00,0.000000e+00,0.000000e+00,0.000000e+00,0.000000e+00,0.000000e+00,0.000000e+00,0.000000e+00,0.000000e+00,0.000000e+00,0.000000e+00,0.000000e+00,0.000000e+00
1.000000e+00,0.000000e+00,0.000000e+00,0.000000e+00,0.000000e+00,0.000000e+00,0.000000e+00,0.000000e+00,0.000000e+00,0.000000e+00,0.000000e+00,0.000000e+00,0.000000e+00,0.000000e+00,0.000000e+00
1.000000e+00,0.000000e+00,0.000000e+00,0.000000e+00,0.000000e+00,0.000000e+00,0.000000e+00,0.000000e+00,0.000000e+00,0.000000e+00,0.000000e+00,0.000000e+00,0.000000e+00,0.000000e+00,0.000000e+00
1.000000e+00,0.000000e+00,0.000000e+00,0.000000e+00,0.000000e+00,0.000000e+00,0.000000e+00,0.000000e+00,0.000000e+00,0.000000e+00,0.000000e+00,0.000000e+00,0.000000e+00,0.000000e+00,0.000000e+00
1.000000e+00,0.000000e+00,0.000000e+00,0.000000e+00,0.000000e+00,0.000000e+00,0.000000e+00,0.000000e+00,0.000000e+00,0.000000e+00,0.000000e+00,0.000000e+00,0.000000e+00,0.000000e+00,0.000000e+00
1.000000e+00,0.000000e+00,0.000000e+00,0.000000e+00,0.000000e+00,0.000000e+00,0.000000e+00,0.000000e+00,0.000000e+00,0.000000e+00,0.000000e+00,0.000000e+00,0.000000e+00,0.000000e+00,0.000000e+00
1.000000e+00,0.000000e+00,0.000000e+00,0.000000e+00,0.000000e+00,0.000000e+00,0.000000e+00,0.000000e+00,0.000000e+00,0.000000e+00,0.000000e+00,0.000000e+00,0.000000e+00,0.000000e+00,0.000000e+00
1.000000e+00,0.000000e+00,0.000000e+00,0.000000e+00,0.000000e+00,0.000000e+00,0.000000e+00,0.000000e+00,0.000000e+00,0.000000e+00,0.000000e+00,0.000000e+00,0.000000e+00,0.000000e+00,0.000000e+00
1.000000e+00,0.000000e+00,0.000000e+00,0.000000e+00,0.000000e+00,0.000000e+00,0.000000e+00,0.000000e+00,0.000000e+00,0.000000e+00,0.000000e+00,0.000000e+00,0.000000e+00,0.000000e+00,0.000000e+00
1.000000e+00,0.000000e+00,0.000000e+00,0.000000e+00,0.000000e+00,0.000000e+00,0.000000e+00,0.000000e+00,0.000000e+00,0.000000e+00,0.000000e+00,0.000000e+00,0.000000e+00,0.000000e+00,0.000000e+00
1.000000e+00,0.000000e+00,0.000000e+00,0.000000e+00,0.000000e+00,0.000000e+00,0.000000e+00,0.000000e+00,0.000000e+00,0.000000e+00,0.000000e+00,0.000000e+00,0.000000e+00,0.000000e+00,0.000000e+00
1.000000e+00,0.000000e+00,0.000000e+00,0.000000e+00,0.000000e+00,0.000000e+00,0.000000e+00,0.000000e+00,0.000000e+00,0.000000e+00,0.000000e+00,0.000000e+00,0.000000e+00,0.000000e+00,0.000000e+00
1.000000e+00,0.000000e+00,0.000000e+00,0.000000e+00,0.000000e+00,0.000000e+00,0.000000e+00,0.000000e+00,0.000000e+00,0.000000e+00,0.000000e+00,0.000000e+00,0.000000e+00,0.000000e+00,0.000000e+00
1.000000e+00,0.000000e+00,0.000000e+00,0.000000e+00,0.000000e+00,0.000000e+00,0.000000e+00,0.000000e+00,0.000000e+00,0.000000e+00,0.000000e+00,0.000000e+00,0.000000e+00,0.000000e+00,0.000000e+00
1.000000e+00,0.000000e+00,0.000000e+00,0.000000e+00,0.000000e+00,0.000000e+00,0.000000e+00,0.000000e+00,0.000000e+00,0.000000e+00,0.000000e+00,0.000000e+00,0.000000e+00,0.000000e+00,0.000000e+00
1.000000e+00,0.000000e+00,0.000000e+00,0.000000e+00,0.000000e+00,0.000000e+00,0.000000e+00,0.000000e+00,0.000000e+00,0.000000e+00,0.000000e+00,0.000000e+00,0.000000e+00,0.000000e+00,0.000000e+00
1.000000e+00,0.000000e+00,0.000000e+00,0.000000e+00,0.000000e+00,0.000000e+00,0.000000e+00,0.000000e+00,0.000000e+00,0.000000e+00,0.000000e+00,0.000000e+00,0.000000e+00,0.000000e+00,0.000000e+00
1.000000e+00,0.000000e+00,0.000000e+00,0.000000e+00,0.000000e+00,0.000000e+00,0.000000e+00,0.000000e+00,0.000000e+00,0.000000e+00,0.000000e+00,0.000000e+00,0.000000e+00,0.000000e+00,0.000000e+00
1.000000e+00,0.000000e+00,0.000000e+00,0.000000e+00,0.000000e+00,0.000000e+00,0.000000e+00,0.000000e+00,0.000000e+00,0.000000e+00,0.000000e+00,0.000000e+00,0.000000e+00,0.000000e+00,0.000000e+00
1.000000e+00,0.000000e+00,0.000000e+00,0.000000e+00,0.000000e+00,0.000000e+00,0.000000e+00,0.000000e+00,0.000000e+00,0.000000e+00,0.000000e+00,0.000000e+00,0.000000e+00,0.000000e+00,0.000000e+00
1.000000e+00,0.000000e+00,0.000000e+00,0.000000e+00,0.000000e+00,0.000000e+00,0.000000e+00,0.000000e+00,0.000000e+00,0.000000e+00,0.000000e+00,0.000000e+00,0.000000e+00,0.000000e+00,0.000000e+00
1.000000e+00,0.000000e+00,0.000000e+00,0.000000e+00,0.000000e+00,0.000000e+00,0.000000e+00,0.000000e+00,0.000000e+00,0.000000e+00,0.000000e+00,0.000000e+00,0.000000e+00,0.000000e+00,0.000000e+00
1.000000e+00,0.000000e+00,0.000000e+00,0.000000e+00,0.000000e+00,0.000000e+00,0.000000e+00,0.000000e+00,0.000000e+00,0.000000e+00,0.000000e+00,0.000000e+00,0.000000e+00,0.000000e+00,0.000000e+00
1.000000e+00,0.000000e+00,0.000000e+00,0.000000e+00,0.000000e+00,0.000000e+00,0.000000e+00,0.000000e+00,0.000000e+00,0.000000e+00,0.000000e+00,0.000000e+00,0.000000e+00,0.000000e+00,0.000000e+00
4.695850e-01,3.344797e-02,3.063185e-02,6.727084e-02,1.049921e-02,2.534316e-02,9.339596e-03,2.752727e-02,4.490253e-02,5.299819e-03,9.741633e-02,3.618883e-02,2.216581e-02,5.134191e-02,6.903996e-02
4.373162e-01,3.572385e-02,2.958907e-02,6.353988e-02,1.091336e-02,2.420045e-02,8.331533e-03,2.316869e-02,4.778685e-02,6.211927e-03,9.733913e-02,3.515803e-02,2.218522e-02,6.840761e-02,9.012827e-02
4.535125e-01,3.526996e-02,2.516013e-02,5.582534e-02,9.766557e-03,2.498087e-02,7.011385e-03,1.897336e-02,4.261598e-02,5.886151e-03,8.961572e-02,3.244872e-02,2.131062e-02,7.371508e-02,1.039076e-01
3.872126e-01,3.602020e-02,3.707600e-02,5.390382e-02,9.509150e-03,2.307102e-02,6.073598e-03,1.755130e-02,4.468441e-02,6.043703e-03,9.351547e-02,3.037469e-02,2.215454e-02,9.462531e-02,1.381842e-01
4.306697e-01,3.555143e-02,3.242496e-02,5.979815e-02,9.012848e-03,2.067839e-02,5.379773e-03,1.494713e-02,4.510047e-02,5.452498e-03,8.232915e-02,2.988601e-02,2.239350e-02,7.960457e-02,1.267715e-01
3.852047e-01,4.118349e-02,4.018567e-02,7.851313e-02,9.760721e-03,1.905584e-02,4.601703e-03,1.462781e-02,4.546530e-02,5.649055e-03,8.429706e-02,3.175760e-02,2.352399e-02,7.843973e-02,1.377342e-01
3.576904e-01,4.847388e-02,4.070168e-02,1.043283e-01,1.157177e-02,1.778404e-02,4.420948e-03,1.316600e-02,4.855875e-02,6.697197e-03,7.696319e-02,2.940990e-02,2.301179e-02,6.787437e-02,1.493478e-01
4.491513e-01,4.455978e-02,3.182051e-02,8.841183e-02,1.176072e-02,1.696147e-02,4.601466e-03,1.222846e-02,3.912805e-02,5.905204e-03,6.378191e-02,2.884015e-02,2.346576e-02,5.452364e-02,1.248598e-01
3.990721e-01,4.055153e-02,2.892885e-02,8.541290e-02,1.047617e-02,2.636817e-02,3.705181e-03,1.243761e-02,4.489646e-02,5.435051e-03,9.187000e-02,2.877695e-02,1.958544e-02,8.623874e-02,1.162449e-01
3.766904e-01,3.633013e-02,3.110855e-02,1.123985e-01,8.892051e-03,2.552276e-02,3.368741e-03,2.184688e-02,4.525320e-02,4.715703e-03,8.654264e-02,3.120454e-02,2.488989e-02,7.829043e-02,1.129456e-01
1.000000e+00,0.000000e+00,0.000000e+00,0.000000e+00,0.000000e+00,0.000000e+00,0.000000e+00,0.000000e+00,0.000000e+00,0.000000e+00,0.000000e+00,0.000000e+00,0.000000e+00,0.000000e+00,0.000000e+00
1.000000e+00,0.000000e+00,0.000000e+00,0.000000e+00,0.000000e+00,0.000000e+00,0.000000e+00,0.000000e+00,0.000000e+00,0.000000e+00,0.000000e+00,0.000000e+00,0.000000e+00,0.000000e+00,0.000000e+00
1.000000e+00,0.000000e+00,0.000000e+00,0.000000e+00,0.000000e+00,0.000000e+00,0.000000e+00,0.000000e+00,0.000000e+00,0.000000e+00,0.000000e+00,0.000000e+00,0.000000e+00,0.000000e+00,0.000000e+00
1.000000e+00,0.000000e+00,0.000000e+00,0.000000e+00,0.000000e+00,0.000000e+00,0.000000e+00,0.000000e+00,0.000000e+00,0.000000e+00,0.000000e+00,0.000000e+00,0.000000e+00,0.000000e+00,0.000000e+00
1.000000e+00,0.000000e+00,0.000000e+00,0.000000e+00,0.000000e+00,0.000000e+00,0.000000e+00,0.000000e+00,0.000000e+00,0.000000e+00,0.000000e+00,0.000000e+00,0.000000e+00,0.000000e+00,0.000000e+00
1.000000e+00,0.000000e+00,0.000000e+00,0.000000e+00,0.000000e+00,0.000000e+00,0.000000e+00,0.000000e+00,0.000000e+00,0.000000e+00,0.000000e+00,0.000000e+00,0.000000e+00,0.000000e+00,0.000000e+00
1.000000e+00,0.000000e+00,0.000000e+00,0.000000e+00,0.000000e+00,0.000000e+00,0.000000e+00,0.000000e+00,0.000000e+00,0.000000e+00,0.000000e+00,0.000000e+00,0.000000e+00,0.000000e+00,0.000000e+00
1.000000e+00,0.000000e+00,0.000000e+00,0.000000e+00,0.000000e+00,0.000000e+00,0.000000e+00,0.000000e+00,0.000000e+00,0.000000e+00,0.000000e+00,0.000000e+00,0.000000e+00,0.000000e+00,0.000000e+00
1.000000e+00,0.000000e+00,0.000000e+00,0.000000e+00,0.000000e+00,0.000000e+00,0.000000e+00,0.000000e+00,0.000000e+00,0.000000e+00,0.000000e+00,0.000000e+00,0.000000e+00,0.000000e+00,0.000000e+00
3.987449e-01,2.996912e-02,8.173401e-03,4.536799e-02,2.921592e-03,2.748311e-02,1.787325e-03,5.373285e-03,1.738506e-02,7.410260e-03,9.030852e-03,9.968303e-03,1.844555e-02,8.997161e-03,4.089421e-01
2.798304e-01,2.741016e-02,5.789457e-03,3.192246e-02,2.171922e-03,1.998039e-02,1.261810e-03,3.789454e-03,1.370449e-02,6.728684e-03,8.536930e-03,8.645202e-03,1.365078e-02,8.367819e-02,4.928997e-01
1.976682e-01,2.144925e-02,4.187290e-03,2.251420e-02,5.527587e-03,1.455728e-02,8.968809e-04,2.714745e-03,1.996963e-02,5.301464e-03,1.197051e-02,8.004755e-03,1.316657e-02,1.919970e-01,4.800746e-01
1.390632e-01,1.570576e-02,3.073458e-03,1.592197e-02,6.084649e-03,1.075039e-02,6.471117e-04,1.926225e-03,1.965646e-02,4.577579e-03,1.585812e-02,6.837511e-03,1.031502e-02,2.842819e-01,4.653006e-01
9.788588e-02,1.173724e-02,2.201676e-03,1.119769e-02,4.805397e-03,7.875518e-03,4.745710e-04,1.358073e-03,1.627029e-02,4.438092e-03,1.340189e-02,5.132849e-03,8.698111e-03,3.308332e-01,4.836895e-01
8.418339e-02,8.731768e-03,1.698287e-03,7.967534e-03,3.570515e-03,9.380593e-03,8.173294e-04,1.090776e-03,2.238499e-02,8.795313e-03,1.224412e-02,4.584766e-03,9.899669e-03,3.722218e-01,4.524291e-01
6.785716e-02,6.871695e-03,1.872356e-03,5.706956e-03,2.691437e-03,7.588660e-03,1.012158e-03,9.133270e-04,3.250498e-02,1.696341e-02,1.134636e-02,3.745691e-03,8.316492e-03,4.604742e-01,3.721352e-01
5.070668e-02,5.341259e-03,1.987791e-03,4.057704e-03,2.344447e-03,8.430328e-03,9.674906e-04,7.435976e-04,8.466421e-02,2.564252e-02,1.008392e-02,2.802059e-03,6.912394e-03,4.833646e-01,3.119511e-01
3.568972e-02,4.439655e-03,1.477274e-03,2.991626e-03,2.187994e-03,7.203461e-03,7.563406e-04,5.919497e-04,1.904866e-01,3.719835e-02,1.213375e-02,2.735347e-03,9.258229e-03,4.413282e-01,2.515216e-01
2.689870e-02,3.865927e-03,1.203365e-03,2.861558e-03,2.050484e-03,6.239975e-03,8.564537e-04,1.158624e-03,2.622969e-01,3.389426e-02,1.637009e-02,2.220216e-03,9.037144e-03,4.054584e-01,2.255879e-01
2.050523e-02,4.737449e-03,4.534199e-03,3.155351e-03,6.028627e-03,1.179597e-02,1.135527e-03,2.327432e-03,2.920086e-01,2.587629e-02,6.852527e-02,2.576890e-03,2.452803e-02,3.533314e-01,1.789338e-01
1.720378e-02,4.447013e-03,1.415766e-02,1.198032e-02,1.450145e-02,1.206371e-02,1.305964e-03,1.552810e-02,4.218256e-01,1.874566e-02,5.580166e-02,2.553288e-03,2.224610e-02,2.561578e-01,1.314820e-01
1.334221e-02,5.311660e-03,7.236520e-02,1.659393e-02,2.107918e-02,1.143179e-02,1.181053e-03,1.179190e-02,4.890985e-01,1.410298e-02,4.300468e-02,2.006619e-03,1.745772e-02,1.838535e-01,9.737910e-02
1.148754e-02,8.170992e-03,1.853128e-01,1.911245e-02,1.964610e-02,8.400163e-03,1.016721e-03,8.689954e-03,4.719370e-01,1.228126e-02,3.294251e-02,1.928956e-03,1.348101e-02,1.340159e-01,7.157660e-02
1.489901e-02,7.909955e-03,2.892450e-01,3.078776e-02,3.332642e-02,6.547542e-03,1.578026e-03,2.858183e-02,3.802613e-01,9.748592e-03,2.901689e-02,1.669480e-03,1.186939e-02,1.005235e-01,5.403534e-02
1.344896e-02,8.517482e-03,3.421328e-01,3.780328e-02,3.400621e-02,5.701186e-03,2.043657e-03,1.234938e-01,2.808016e-01,7.761087e-03,2.208766e-02,1.245190e-03,9.225635e-03,7.079112e-02,4.094032e-02
1.552522e-02,1.037000e-02,3.298864e-01,4.894421e-02,3.372031e-02,7.121550e-03,1.811831e-03,2.407204e-01,2.009430e-01,6.486107e-03,1.672099e-02,9.651245e-04,6.816978e-03,5.006625e-02,2.990160e-02
1.923504e-02,1.495357e-02,2.603496e-01,4.289904e-02,3.979006e-02,9.558771e-03,2.027025e-03,3.561562e-01,1.563744e-01,9.224305e-03,2.145278e-02,1.416362e-03,7.128888e-03,3.599044e-02,2.344357e-02
3.690761e-02,2.281838e-02,2.029730e-01,3.766659e-02,5.785153e-02,1.540145e-02,2.381828e-03,3.648526e-01,1.325671e-01,1.703286e-02,3.506122e-02,5.748871e-03,1.105365e-02,2.643802e-02,3.124527e-02
5.549537e-02,2.725660e-02,1.561366e-01,3.246169e-02,7.402340e-02,1.892546e-02,3.076476e-03,3.951246e-01,1.061634e-01,1.662406e-02,4.334471e-02,8.241508e-03,1.254122e-02,1.922309e-02,3.136170e-02
5.687228e-02,3.558344e-02,1.419222e-01,1.250618e-01,7.401201e-02,2.378434e-02,3.004078e-03,3.248716e-01,8.711976e-02,1.536727e-02,4.577627e-02,1.154799e-02,1.209098e-02,1.404385e-02,2.894209e-02
8.672272e-02,4.127902e-02,2.191586e-01,1.396664e-01,6.158053e-02,2.258825e-02,2.702700e-03,2.392730e-01,6.980072e-02,1.611479e-02,3.871415e-02,1.358844e-02,1.148375e-02,1.059207e-02,2.673476e-02
1.492141e-01,3.599247e-02,2.176723e-01,1.193681e-01,4.741593e-02,1.964802e-02,2.225619e-03,1.813264e-01,9.785812e-02,2.023166e-02,4.047445e-02,1.590440e-02,1.187498e-02,9.465838e-03,3.132765e-02
2.526582e-01,3.169106e-02,1.756301e-01,1.021373e-01,4.120331e-02,1.928758e-02,2.090944e-03,1.500822e-01,9.368301e-02,1.632227e-02,3.840855e-02,1.904527e-02,1.453741e-02,9.914580e-03,3.330822e-02
3.409046e-01,2.916457e-02,1.360478e-01,9.404808e-02,3.714302e-02,2.086460e-02,2.471652e-03,1.194275e-01,7.340707e-02,1.671677e-02,3.596872e-02,3.158470e-02,1.711192e-02,9.705070e-03,3.543393e-02
3.460177e-01,2.754051e-02,1.094526e-01,8.382844e-02,2.785354e-02,1.739154e-02,2.058500e-03,8.645851e-02,9.980710e-02,3.366064e-02,3.892590e-02,2.737004e-02,1.853207e-02,1.526766e-02,6.583519e-02
3.782110e-01,2.219808e-02,8.030070e-02,6.288077e-02,2.151392e-02,1.486036e-02,2.058079e-03,6.313641e-02,1.005593e-01,3.207238e-02,5.825060e-02,2.894695e-02,4.609567e-02,3.544763e-02,5.346806e-02
3.488039e-01,1.773372e-02,5.762109e-02,4.999598e-02,2.440647e-02,1.191231e-02,1.796479e-03,4.517038e-02,1.220704e-01,2.900846e-02,1.012547e-01,2.546129e-02,5.498082e-02,5.044018e-02,5.934374e-02
3.044818e-01,1.573301e-02,4.170681e-02,4.392482e-02,2.775210e-02,1.581983e-02,1.968709e-03,3.718199e-02,2.095869e-01,2.389137e-02,9.089614e-02,2.238478e-02,6.840772e-02,4.798274e-02,4.828127e-02
2.219035e-01,1.179960e-02,2.932291e-02,3.521262e-02,2.332553e-02,1.236292e-02,1.569239e-03,2.654829e-02,3.647144e-01,2.165138e-02,7.930809e-02,1.783615e-02,7.414620e-02,3.893173e-02,4.136739e-02
1.853124e-01,1.177240e-02,2.204748e-02,3.840173e-02,5.914706e-02,1.235873e-02,2.189933e-03,2.270827e-02,3.597249e-01,1.762654e-02,9.826619e-02,1.907936e-02,7.163292e-02,4.330795e-02,3.642408e-02
1.525112e-01,9.788115e-03,1.761698e-02,3.051805e-02,5.358216e-02,9.546746e-03,1.723051e-03,1.788407e-02,2.702820e-01,1.416789e-02,1.734263e-01,1.728832e-02,6.379855e-02,1.261605e-01,4.170603e-02
1.593979e-01,9.209677e-03,1.543138e-02,2.690868e-02,4.417294e-02,8.190826e-03,1.627779e-03,1.383077e-02,2.183078e-01,1.505067e-02,1.540090e-01,1.606902e-02,4.989491e-02,2.213243e-01,4.657423e-02
2.258768e-01,1.073039e-02,1.392192e-02,2.626864e-02,3.467406e-02,9.183628e-03,1.442610e-03,1.074037e-02,1.931110e-01,1.366871e-02,1.483812e-01,1.993398e-02,3.846439e-02,2.152551e-01,3.834708e-02
2.051620e-01,1.377774e-02,1.809229e-02,2.622042e-02,3.321454e-02,8.156232e-03,1.239539e-03,8.702765e-03,2.327761e-01,1.163447e-02,1.624931e-01,1.595335e-02,2.923490e-02,1.991674e-01,3.417521e-02
1.452075e-01,1.315588e-02,1.797213e-02,2.681414e-02,2.511569e-02,6.460523e-03,9.492440e-04,7.728491e-03,4.319903e-01,8.849353e-03,1.171794e-01,1.135675e-02,2.073576e-02,1.420364e-01,2.444842e-02
1.025752e-01,1.125066e-02,1.656783e-02,2.265769e-02,1.837990e-02,7.198079e-03,6.996889e-04,6.367483e-03,5.808475e-01,6.841028e-03,8.296693e-02,7.995125e-03,1.467676e-02,1.027162e-01,1.825994e-02
8.364434e-02,1.449945e-02,2.778489e-02,1.910682e-02,2.392767e-02,1.154709e-02,6.028663e-04,9.004034e-03,5.929313e-01,8.077364e-03,6.315190e-02,5.845040e-03,1.135117e-02,9.908385e-02,2.944232e-02
8.552168e-02,2.308111e-02,2.352309e-02,3.795330e-02,2.083354e-02,9.948610e-03,5.575821e-04,7.164004e-03,6.109114e-01,8.577686e-03,4.795800e-02,4.615434e-03,8.796253e-03,7.421073e-02,3.634764e-02
9.187165e-02,4.093825e-02,2.201055e-02,3.200118e-02,3.611465e-02,2.106897e-02,7.215411e-04,1.185215e-02,5.401687e-01,7.885553e-03,4.014603e-02,4.358387e-03,9.269660e-03,8.897911e-02,5.261363e-02
1.084395e-01,6.352318e-02,1.974810e-02,2.649684e-02,3.484092e-02,1.881815e-02,8.339610e-04,1.139962e-02,4.313169e-01,6.916395e-03,3.455162e-02,4.527419e-03,8.397848e-03,1.678444e-01,6.234522e-02
9.392259e-02,6.550527e-02,1.642277e-02,2.219639e-02,2.797637e-02,1.529013e-02,8.366418e-04,1.669259e-02,4.221786e-01,8.111044e-03,2.832974e-02,4.595783e-03,8.796256e-03,1.780518e-01,9.109410e-02
9.527877e-02,5.280886e-02,1.424461e-02,2.753673e-02,2.168555e-02,1.357918e-02,1.057970e-03,1.420285e-02,3.837886e-01,9.825212e-03,2.351394e-02,5.373488e-03,1.080828e-02,1.574041e-01,1.688918e-01
1.384041e-01,5.444651e-02,1.626136e-02,4.170971e-02,2.575396e-02,1.326016e-02,1.438038e-03,2.220269e-02,3.073190e-01,1.017672e-02,1.996051e-02,5.325364e-03,1.159197e-02,1.533655e-01,1.787845e-01
1.552142e-01,6.466009e-02,1.880251e-02,3.956906e-02,5.845229e-02,1.382126e-02,1.673356e-03,2.584853e-02,2.558820e-01,7.738354e-03,1.750554e-02,4.482813e-03,1.073052e-02,1.709493e-01,1.546702e-01
1.206133e-01,8.769332e-02,2.912999e-02,1.365880e-01,9.114814e-02,1.582804e-02,1.788164e-03,2.087511e-02,2.010964e-01,5.731020e-03,1.449065e-02,3.577370e-03,8.491835e-03,1.217857e-01,1.411629e-01
1.133609e-01,7.570878e-02,3.293151e-02,1.360306e-01,7.025467e-02,1.360071e-02,1.617104e-03,1.832063e-02,1.819938e-01,6.137626e-03,1.680266e-02,5.019397e-03,1.595959e-02,9.134461e-02,2.209174e-01
8.803173e-02,6.269919e-02,2.878253e-02,1.201472e-01,5.189005e-02,1.059832e-02,1.361170e-03,1.412606e-02,1.632305e-01,9.989178e-03,1.937483e-02,6.003196e-03,1.606786e-02,7.062279e-02,3.370754e-01
6.340989e-02,4.755722e-02,2.824561e-02,9.029182e-02,3.701204e-02,7.927660e-03,1.005008e-03,9.992556e-03,2.092226e-01,1.452835e-02,4.425278e-02,4.607256e-03,1.740436e-02,6.068124e-02,3.638616e-01
4.634608e-02,3.421344e-02,2.144276e-02,6.815879e-02,2.607086e-02,5.889490e-03,7.239062e-04,7.335626e-03,3.276106e-01,1.384712e-02,4.851744e-02,5.726847e-03,3.887510e-02,4.360456e-02,3.116374e-01
3.339083e-02,2.443422e-02,1.632165e-02,4.814194e-02,1.834965e-02,4.232941e-03,5.770925e-04,5.224873e-03,5.040649e-01,1.584362e-02,3.590520e-02,7.443177e-03,2.968427e-02,3.183708e-02,2.245486e-01
2.808137e-02,1.759520e-02,1.265031e-02,3.509142e-02,1.348574e-02,3.452267e-03,8.160513e-04,4.260034e-03,4.449858e-01,3.717040e-02,5.661988e-02,5.678486e-02,5.948243e-02,3.427972e-02,1.952445e-01
2.051640e-02,1.249584e-02,9.116410e-03,2.509344e-02,9.828188e-03,2.606042e-03,6.554153e-04,3.149698e-03,3.227192e-01,3.605664e-02,9.230664e-02,7.130995e-02,7.256895e-02,3.763400e-02,2.839433e-01
1.570935e-02,9.920226e-03,7.667748e-03,1.803035e-02,1.004395e-02,2.792784e-03,1.821788e-03,5.168824e-03,2.562262e-01,5.301461e-02,7.895529e-02,9.721181e-02,9.256579e-02,7.906935e-02,2.718020e-01
1.147300e-02,7.879176e-03,6.282310e-03,1.303613e-02,8.345238e-03,3.284241e-03,1.773276e-03,4.123579e-03,2.022083e-01,6.969570e-02,6.851833e-02,8.884244e-02,7.931124e-02,1.854688e-01,2.497583e-01
9.297350e-03,1.505714e-02,1.485236e-02,2.082845e-02,2.606311e-02,6.452428e-03,2.357862e-03,3.856419e-03,2.328877e-01,6.813594e-02,7.906957e-02,7.777768e-02,8.764073e-02,1.519599e-01,2.037634e-01
7.189834e-03,1.153690e-02,1.942981e-02,2.875487e-02,2.485682e-02,2.632772e-02,1.962982e-03,3.257588e-03,1.693755e-01,6.102706e-02,7.578760e-02,1.570024e-01,1.324803e-01,1.233137e-01,1.576970e-01
5.622913e-03,8.495772e-03,1.509686e-02,2.146061e-02,2.387109e-02,2.129747e-02,1.487456e-03,2.679015e-03,1.235710e-01,5.161855e-02,9.668700e-02,2.136283e-01,1.747025e-01,1.157493e-01,1.240322e-01
4.584330e-03,8.005669e-03,1.698829e-02,1.602952e-02,3.852266e-02,3.501560e-02,1.497798e-03,3.269049e-03,1.093711e-01,4.105156e-02,9.046189e-02,2.651646e-01,1.814624e-01,9.223760e-02,9.633791e-02
5.016170e-03,6.288669e-03,3.675829e-02,1.184979e-02,9.614379e-02,3.255387e-02,8.202492e-03,6.886359e-03,9.080043e-02,3.802562e-02,1.003303e-01,2.135756e-01,1.962529e-01,7.763337e-02,7.968250e-02
6.674246e-03,1.305299e-02,5.364244e-02,1.176963e-02,1.212181e-01,4.094364e-02,7.302450e-03,9.810196e-03,1.032850e-01,3.330274e-02,7.903748e-02,1.748777e-01,1.885141e-01,6.312808e-02,9.344132e-02
5.683241e-03,1.121006e-02,7.359843e-02,3.314973e-02,1.022270e-01,3.032963e-02,5.481281e-03,2.076695e-02,2.136548e-01,2.776639e-02,6.275205e-02,1.233890e-01,1.371261e-01,4.580015e-02,1.070652e-01
7.511716e-03,1.758675e-02,7.994746e-02,3.470881e-02,8.964804e-02,2.737818e-02,5.035626e-03,2.642479e-02,2.832114e-01,2.256585e-02,5.447488e-02,8.961099e-02,1.162586e-01,3.875992e-02,1.068770e-01
2.019238e-02,3.971355e-02,1.347720e-01,3.109025e-02,1.006369e-01,3.124927e-02,6.610090e-03,4.173158e-02,2.226492e-01,1.718043e-02,4.350745e-02,7.130765e-02,1.188335e-01,3.878770e-02,8.173805e-02
2.590108e-02,3.887601e-02,2.256005e-01,6.176069e-02,1.252199e-01,3.105667e-02,1.145071e-02,4.349759e-02,1.652461e-01,1.239572e-02,3.136425e-02,5.078926e-02,8.780351e-02,2.898970e-02,6.004830e-02
2.619170e-02,3.168818e-02,2.999766e-01,1.500772e-01,1.064688e-01,2.471588e-02,9.224965e-03,4.288667e-02,1.171881e-01,8.762502e-03,2.238027e-02,3.565629e-02,6.179023e-02,2.048189e-02,4.251069e-02
2.285833e-02,2.282198e-02,3.525774e-01,2.139815e-01,7.859457e-02,1.822768e-02,6.674503e-03,6.579065e-02,8.298571e-02,6.329004e-03,1.603330e-02,2.503830e-02,4.350926e-02,1.457993e-02,2.999791e-02
2.326750e-02,1.637511e-02,2.694328e-01,2.014552e-01,6.391872e-02,1.340561e-02,5.464841e-03,2.527892e-01,5.863863e-02,4.456753e-03,1.134164e-02,1.754597e-02,3.057332e-02,1.025567e-02,2.107897e-02
1.762330e-02,1.156676e-02,1.965386e-01,1.425764e-01,4.803402e-02,9.498830e-03,4.003981e-03,4.622440e-01,4.112747e-02,3.128411e-03,7.989302e-03,1.228406e-02,2.143657e-02,7.185649e-03,1.476269e-02
1.306600e-02,8.136676e-03,1.409840e-01,1.006058e-01,3.541339e-02,6.712961e-03,2.941482e-03,6.165037e-01,2.880963e-02,2.202460e-03,5.626006e-03,8.601518e-03,1.502567e-02,5.032483e-03,1.033829e-02
9.926251e-03,5.724552e-03,9.960256e-02,7.064955e-02,2.633888e-02,4.933126e-03,2.163326e-03,7.275236e-01,2.018803e-02,1.553362e-03,4.023492e-03,6.036030e-03,1.056905e-02,3.526229e-03,7.241974e-03
8.177817e-03,4.049307e-03,6.992976e-02,4.971422e-02,2.143518e-02,3.601201e-03,1.576326e-03,8.039644e-01,1.415725e-02,1.092524e-03,2.969163e-03,4.256142e-03,7.525926e-03,2.473528e-03,5.077376e-03
7.881213e-03,2.865018e-03,4.907477e-02,3.492419e-02,1.653958e-02,2.931932e-03,1.162085e-03,8.577770e-01,9.950987e-03,7.679724e-04,2.294122e-03,3.082254e-03,5.433511e-03,1.745886e-03,3.569509e-03
8.049409e-03,2.068772e-03,3.449550e-02,2.460643e-02,1.439828e-02,2.193692e-03,9.391491e-04,8.942398e-01,6.991374e-03,5.416837e-04,1.673171e-03,2.196685e-03,3.858086e-03,1.228547e-03,2.519440e-03
9.163994e-03,1.546680e-03,2.438677e-02,1.749471e-02,1.359847e-02,1.987461e-03,8.314162e-04,9.171411e-01,4.949032e-03,4.019970e-04,1.294933e-03,1.621061e-03,2.821843e-03,8.794577e-04,1.881093e-03
1.321261e-02,1.167466e-03,1.736245e-02,1.269234e-02,1.177000e-02,2.067005e-03,7.158853e-04,9.305838e-01,3.588400e-03,3.034931e-04,1.049812e-03,1.270104e-03,2.129165e-03,6.327499e-04,1.454713e-03
2.630975e-02,2.238860e-03,1.412268e-02,3.417921e-02,1.478393e-02,5.686586e-03,7.151175e-04,8.317327e-01,1.073747e-02,1.156065e-03,1.370438e-02,2.320230e-02,1.588307e-02,7.466694e-04,4.801205e-03
2.374111e-02,2.549650e-03,1.062794e-02,1.169937e-01,1.400943e-02,5.593031e-03,5.899613e-04,6.497251e-01,2.924086e-02,2.159255e-03,8.033227e-02,2.293140e-02,3.455891e-02,1.353305e-03,5.594080e-03
1.829215e-02,2.248192e-03,7.594900e-03,1.160991e-01,1.103451e-02,4.169052e-03,4.320387e-04,4.752716e-01,3.493896e-02,2.509328e-03,2.597045e-01,1.746410e-02,3.858828e-02,5.050439e-03,6.602891e-03
1.380408e-02,1.643366e-03,5.410809e-03,9.984999e-02,9.924516e-03,3.073448e-03,3.159111e-04,3.359229e-01,4.682945e-02,2.434667e-03,3.910303e-01,1.392695e-02,6.137943e-02,5.052432e-03,9.401884e-03
1.016917e-02,1.346843e-03,4.123695e-03,9.349158e-02,8.490616e-03,2.256456e-03,2.720816e-04,2.365574e-01,1.955955e-01,2.192598e-03,3.412001e-01,1.231955e-02,7.978763e-02,3.817575e-03,8.379347e-03
7.871144e-03,1.236464e-03,3.688730e-03,8.988129e-02,1.365910e-02,2.202826e-03,4.710173e-04,1.675270e-01,1.433275e-01,2.932642e-03,3.507639e-01,1.110186e-02,1.799122e-01,4.409004e-03,2.101537e-02
5.892148e-03,1.233916e-03,3.960148e-03,6.870990e-02,1.687104e-02,1.781559e-03,5.280098e-04,1.179856e-01,1.053573e-01,4.514641e-03,3.726428e-01,9.731641e-03,2.250384e-01,1.049682e-02,5.525609e-02
4.464441e-03,9.788843e-04,3.352831e-03,4.892554e-02,1.556993e-02,1.340957e-03,4.508074e-04,8.317946e-02,7.808188e-02,6.270992e-03,3.227640e-01,7.922318e-03,1.940449e-01,2.315764e-02,2.094954e-01
3.456837e-03,9.260916e-04,3.413412e-03,3.482049e-02,1.471461e-02,1.030394e-03,4.997407e-04,5.896135e-02,5.988671e-02,6.422571e-03,2.665887e-01,6.578292e-03,1.762475e-01,2.582518e-02,3.406281e-01
2.752490e-03,2.129363e-03,8.728852e-03,2.510868e-02,1.436294e-02,8.625273e-04,5.655794e-04,5.233631e-02,7.287373e-02,6.984401e-03,2.350711e-01,9.667411e-03,2.150839e-01,3.616867e-02,3.173040e-01
7.582415e-03,1.578620e-02,1.693232e-01,2.582360e-02,5.091384e-02,1.852631e-03,7.484294e-04,4.137200e-02,6.330057e-02,5.375123e-03,1.740744e-01,7.383057e-03,1.548555e-01,2.797617e-02,2.536328e-01
6.304009e-03,2.342430e-02,2.540237e-01,2.795725e-02,6.347609e-02,1.650779e-03,6.035524e-04,2.980726e-02,1.431262e-01,3.873645e-03,1.225416e-01,5.233225e-03,1.087134e-01,1.992177e-02,1.893433e-01
1.364333e-02,6.424649e-02,2.649902e-01,2.545032e-02,1.127802e-01,1.664763e-03,5.385255e-04,2.260469e-02,1.525837e-01,3.161262e-03,9.092380e-02,3.753442e-03,7.735837e-02,1.494461e-02,1.513563e-01
1.445959e-02,9.861743e-02,3.206145e-01,2.703954e-02,1.179907e-01,1.521717e-03,5.665215e-04,2.041079e-02,1.510181e-01,2.564923e-03,6.528585e-02,2.699645e-03,5.485515e-02,1.089730e-02,1.114584e-01
1.328135e-02,7.184162e-02,4.363646e-01,6.307632e-02,9.031863e-02,1.158255e-03,4.108684e-04,1.492230e-02,1.334361e-01,2.005035e-03,4.659306e-02,1.940618e-03,3.848389e-02,7.656205e-03,7.851122e-02
3.603588e-02,9.121318e-02,4.350710e-01,5.911153e-02,1.175784e-01,3.412758e-03,4.984051e-04,1.579507e-02,1.090155e-01,2.768620e-03,3.525993e-02,1.888086e-03,2.764323e-02,6.826361e-03,5.788201e-02
3.149428e-02,7.264991e-02,4.032015e-01,1.539860e-01,1.161734e-01,3.340565e-03,7.712626e-04,3.583043e-02,8.760040e-02,2.246366e-03,2.556077e-02,1.455340e-03,1.951189e-02,4.903043e-03,4.127491e-02
7.221476e-02,6.381294e-02,4.017168e-01,1.382264e-01,9.347098e-02,4.933197e-03,8.278888e-04,2.952817e-02,7.782976e-02,5.756272e-03,2.030106e-02,1.664843e-03,1.411024e-02,4.400251e-03,7.120638e-02
1.136330e-01,6.647009e-02,4.067731e-01,1.134451e-01,1.108330e-01,1.016456e-02,1.176641e-03,2.249003e-02,5.918429e-02,5.037470e-03,1.582982e-02,1.495966e-03,1.047819e-02,3.443725e-03,5.954489e-02
1.272747e-01,9.290104e-02,3.246729e-01,1.503769e-01,1.256850e-01,1.861942e-02,2.795367e-03,2.244048e-02,5.344292e-02,4.214923e-03,1.344501e-02,2.185485e-03,8.090070e-03,3.068971e-03,5.078673e-02
1.047198e-01,7.948463e-02,3.111966e-01,2.485996e-01,1.065096e-01,1.777372e-02,3.150671e-03,2.207494e-02,4.092950e-02,3.919305e-03,1.025696e-02,2.364210e-03,5.899214e-03,2.345404e-03,4.077586e-02
8.080675e-02,7.138866e-02,2.616399e-01,3.708739e-01,7.920411e-02,1.290832e-02,2.310790e-03,1.605172e-02,3.361490e-02,6.168857e-03,1.059881e-02,2.363153e-03,4.503019e-03,1.882569e-03,4.568453e-02
5.662343e-02,1.223505e-01,2.628562e-01,3.196925e-01,5.619099e-02,9.265019e-03,1.697775e-03,1.145320e-02,3.076255e-02,6.596294e-03,7.641606e-02,2.913195e-03,4.683557e-03,5.544812e-03,3.295393e-02
3.981695e-02,1.567196e-01,2.385461e-01,2.475372e-01,3.979268e-02,6.560013e-03,1.241219e-03,8.268215e-03,4.449342e-02,5.935872e-03,1.714763e-01,3.337987e-03,5.224643e-03,6.845190e-03,2.420459e-02
2.796012e-02,1.126517e-01,1.693828e-01,1.740830e-01,2.808866e-02,4.711215e-03,8.843407e-04,5.824000e-03,3.262667e-02,4.672901e-03,4.063873e-01,4.601935e-03,4.576854e-03,6.415073e-03,1.713348e-02
1.977643e-02,7.918338e-02,1.198668e-01,1.219606e-01,2.331718e-02,7.668950e-02,7.077289e-04,5.110466e-03,2.314226e-02,4.061094e-03,4.920519e-01,8.909036e-03,4.588397e-03,6.209216e-03,1.442609e-02
1.415100e-02,5.553498e-02,8.442498e-02,8.560720e-02,3.022320e-02,1.083497e-01,6.015116e-04,4.272603e-03,1.658389e-02,2.977334e-03,5.695109e-01,8.405327e-03,3.685922e-03,5.224506e-03,1.044693e-02
1.028213e-02,3.907896e-02,6.027110e-02,7.179153e-02,8.420213e-02,8.964013e-02,5.624527e-04,3.500018e-03,1.323122e-02,2.246355e-03,6.004692e-01,8.624444e-03,3.011884e-03,5.438872e-03,7.649620e-03
7.716677e-03,2.749901e-02,4.299080e-02,6.232647e-02,1.582308e-01,6.546478e-02,4.928121e-04,2.706514e-03,1.071839e-02,1.677239e-03,5.976734e-01,9.440036e-03,2.533111e-03,4.824182e-03,5.705833e-03
6.796181e-03,1.957823e-02,3.805100e-02,1.506856e-01,2.152530e-01,4.977200e-02,4.141681e-04,3.960574e-03,1.592021e-02,1.509581e-03,4.774713e-01,9.371625e-03,2.149186e-03,4.669439e-03,4.397918e-03
7.594269e-03,1.919010e-02,5.007268e-02,1.770716e-01,2.194903e-01,5.148479e-02,7.427490e-04,8.342950e-03,2.795541e-02,4.059983e-03,4.027431e-01,1.499312e-02,3.490234e-03,7.968588e-03,4.800267e-03
7.813694e-03,1.684370e-02,3.816229e-02,1.314758e-01,2.149046e-01,6.521132e-02,1.071833e-03,9.974802e-03,2.579026e-02,5.925990e-03,4.339661e-01,3.017729e-02,4.258421e-03,9.383127e-03,5.040911e-03
1.083224e-02,1.333814e-02,3.252050e-02,1.004797e-01,1.777943e-01,5.062658e-02,1.569849e-03,1.373830e-02,3.563116e-02,9.591338e-03,4.699956e-01,5.217845e-02,9.861097e-03,1.571347e-02,6.129305e-03
2.145739e-02,1.142150e-02,2.988283e-02,7.571042e-02,1.451495e-01,4.661240e-02,2.135643e-03,1.562987e-02,5.812465e-02,1.454791e-02,4.459378e-01,8.196977e-02,1.469651e-02,2.891948e-02,7.804413e-03
4.897733e-02,1.432125e-02,3.375359e-02,6.213667e-02,1.227845e-01,3.598028e-02,2.498026e-03,1.915915e-02,9.005708e-02,2.467969e-02,3.936010e-01,8.600043e-02,1.751365e-02,4.056905e-02,7.968358e-03
8.884759e-02,1.439333e-02,3.638797e-02,4.778355e-02,1.432035e-01,2.991381e-02,6.201575e-03,2.852512e-02,8.420373e-02,4.708468e-02,3.249407e-01,8.257841e-02,1.881507e-02,3.914347e-02,7.977596e-03
1.181337e-01,1.614640e-02,5.053106e-02,4.082867e-02,1.282598e-01,2.555986e-02,7.223100e-03,6.672537e-02,8.842196e-02,4.974851e-02,2.649727e-01,6.926607e-02,2.213627e-02,4.238470e-02,9.661878e-03
1.035379e-01,1.197276e-02,5.066732e-02,2.937058e-02,9.639535e-02,1.846583e-02,5.288020e-03,2.664231e-01,6.365493e-02,4.607390e-02,1.958880e-01,5.342317e-02,2.065655e-02,3.103099e-02,7.151799e-03
9.995970e-02,8.994265e-03,5.095435e-02,2.159577e-02,7.380857e-02,1.402564e-02,3.912291e-03,4.145766e-01,4.574666e-02,3.605360e-02,1.405651e-01,4.366582e-02,1.781443e-02,2.265619e-02,5.671076e-03
9.103818e-02,7.028108e-03,4.697786e-02,1.575371e-02,5.813035e-02,1.210607e-02,3.075599e-03,5.408404e-01,3.236583e-02,2.793330e-02,9.912543e-02,3.148087e-02,1.300725e-02,1.684673e-02,4.290406e-03
9.832129e-02,5.555069e-03,3.683048e-02,1.160136e-02,5.343794e-02,1.019714e-02,2.387265e-03,6.206419e-01,2.318108e-02,2.072410e-02,6.971008e-02,2.262820e-02,9.302152e-03,1.234905e-02,3.132923e-03
1.051712e-01,4.583429e-03,2.767333e-02,8.843536e-03,4.382969e-02,1.047378e-02,1.942041e-03,6.798058e-01,1.733484e-02,1.530445e-02,4.937643e-02,1.671359e-02,6.956085e-03,9.582716e-03,2.409034e-03
1.230038e-01,3.929385e-03,2.039576e-02,7.568011e-03,3.481885e-02,1.066586e-02,1.593646e-03,7.097323e-01,1.323585e-02,1.131409e-02,3.528372e-02,1.343798e-02,5.478669e-03,7.299991e-03,2.242137e-03
1.484640e-01,3.673195e-03,1.527276e-02,6.822126e-03,2.890941e-02,1.005415e-02,1.422607e-03,7.157699e-01,1.113940e-02,9.107755e-03,2.551650e-02,1.115332e-02,4.492091e-03,5.745998e-03,2.456794e-03
1.455713e-01,8.027036e-03,2.378034e-02,7.131694e-03,3.779268e-02,9.012952e-03,1.492074e-03,7.040746e-01,1.400048e-02,7.270063e-03,1.943028e-02,8.826858e-03,3.898888e-03,5.591791e-03,4.098955e-03
1.882356e-01,1.990751e-02,2.824016e-02,4.709531e-02,6.086979e-02,8.708926e-03,1.696582e-03,5.481588e-01,2.174060e-02,1.404322e-02,2.344644e-02,1.118611e-02,6.234435e-03,6.225186e-03,1.421133e-02
1.495977e-01,2.569645e-02,2.496126e-02,1.965417e-01,4.844832e-02,8.260986e-03,1.507731e-03,3.859518e-01,3.113250e-02,1.540024e-02,7.601959e-02,9.363787e-03,6.845432e-03,5.397335e-03,1.487505e-02
1.315445e-01,3.333148e-02,1.981869e-02,1.573921e-01,3.802488e-02,7.717491e-03,1.275836e-03,2.714593e-01,5.889452e-02,2.178632e-02,1.695379e-01,1.888889e-02,3.951032e-02,9.889982e-03,2.092768e-02
1.436122e-01,2.906243e-02,1.541731e-02,1.226812e-01,4.165731e-02,6.456977e-03,1.420213e-03,1.922004e-01,5.723181e-02,2.818272e-02,1.903034e-01,3.062833e-02,6.788313e-02,1.077078e-02,6.249177e-02
1.284411e-01,2.595779e-02,1.223193e-02,9.643307e-02,7.955122e-02,6.600493e-03,1.653902e-03,1.391795e-01,5.595705e-02,3.638214e-02,2.116194e-01,3.690723e-02,9.699054e-02,1.125536e-02,6.083933e-02
1.416016e-01,2.084136e-02,1.902917e-02,8.453623e-02,7.209131e-02,6.798274e-03,4.452947e-03,1.102119e-01,9.552009e-02,3.743086e-02,1.916561e-01,4.317408e-02,1.120624e-01,1.381765e-02,4.677598e-02
1.466766e-01,2.153715e-02,4.667367e-02,6.966040e-02,7.406445e-02,8.437888e-03,5.201165e-03,1.080439e-01,1.229196e-01,3.522416e-02,1.629754e-01,3.836334e-02,1.029026e-01,1.796310e-02,3.935653e-02
1.307567e-01,4.668479e-02,6.133728e-02,6.853886e-02,6.224998e-02,1.055779e-02,5.103024e-03,8.323622e-02,2.186985e-01,3.299106e-02,1.252389e-01,3.020422e-02,7.513811e-02,1.673130e-02,3.253330e-02
1.033068e-01,6.984013e-02,5.868578e-02,6.753307e-02,5.296399e-02,9.989918e-03,4.402434e-03,6.189844e-02,3.036743e-01,4.484900e-02,9.464033e-02,2.351545e-02,5.629986e-02,1.404919e-02,3.435127e-02
1.460036e-01,6.026267e-02,6.948331e-02,7.222751e-02,5.303992e-02,1.011735e-02,9.069149e-03,9.279202e-02,2.580518e-01,4.129267e-02,7.656296e-02,2.056012e-02,4.701921e-02,1.432323e-02,2.919444e-02
2.281079e-01,5.157603e-02,5.521012e-02,7.180896e-02,5.707886e-02,1.377557e-02,1.104740e-02,7.590943e-02,2.137140e-01,4.263218e-02,6.484281e-02,3.036011e-02,3.795677e-02,1.592634e-02,3.005345e-02
2.590656e-01,5.022709e-02,5.057993e-02,1.112612e-01,5.193720e-02,1.506555e-02,1.021767e-02,6.863817e-02,1.760799e-01,4.080491e-02,5.367506e-02,3.233334e-02,3.158281e-02,1.570457e-02,3.282692e-02
2.896803e-01,4.553562e-02,5.623067e-02,1.431103e-01,5.131254e-02,1.547693e-02,8.928546e-03,6.517726e-02,1.460763e-01,3.311331e-02,4.568385e-02,3.247980e-02,2.756479e-02,1.276917e-02,2.686053e-02
3.660393e-01,4.277406e-02,5.258361e-02,1.299002e-01,4.801858e-02,1.644640e-02,7.188573e-03,5.279632e-02,1.220739e-01,3.128397e-02,3.996833e-02,3.052135e-02,2.389584e-02,1.194793e-02,2.456173e-02
3.468885e-01,3.383576e-02,1.021411e-01,1.688562e-01,3.661167e-02,1.504762e-02,5.406421e-03,4.489189e-02,1.132661e-01,2.454872e-02,3.401837e-02,2.725290e-02,1.799462e-02,9.317448e-03,1.992268e-02
3.063317e-01,3.328393e-02,9.092578e-02,1.539135e-01,3.128580e-02,1.127050e-02,4.070210e-03,1.744481e-01,8.943836e-02,1.938103e-02,2.984560e-02,2.005171e-02,1.356728e-02,6.979672e-03,1.520684e-02
2.381420e-01,2.588016e-02,6.780512e-02,1.261787e-01,2.404552e-02,8.237660e-03,2.977128e-03,3.631149e-01,6.589063e-02,1.461411e-02,2.277479e-02,1.435093e-02,9.870720e-03,5.022750e-03,1.109492e-02
1.734772e-01,1.963533e-02,4.903448e-02,9.750582e-02,1.813177e-02,5.981947e-03,2.149824e-03,5.303459e-01,4.790498e-02,1.045009e-02,1.649282e-02,1.021491e-02,7.065975e-03,3.554738e-03,8.054323e-03
1.306104e-01,1.618807e-02,3.515371e-02,7.285366e-02,1.468663e-02,4.351004e-03,1.654967e-03,6.456453e-01,3.805463e-02,7.659990e-03,1.234780e-02,7.311790e-03,5.157872e-03,2.581723e-03,5.742640e-03
