1.000000e+00,0.000000e+00,0.000000e+00,0.000000e+00,0.000000e+00,0.000000e+00,0.000000e+00,0.000000e+00,0.000000e+00,0.000000e+00,0.000000e+00,0.000000e+00,0.000000e+00,0.000000e+00,0.000000e+00
1.000000e+00,0.000000e+00,0.000000e+00,0.000000e+00,0.000000e+00,0.000000e+00,0.000000e+00,0.000000e+00,0.000000e+00,0.000000e+00,0.000000e+00,0.000000e+00,0.000000e+00,0.000000e+00,0.000000e+00
1.000000e+00,0.000000e+00,0.000000e+00,0.000000e+00,0.000000e+00,0.000000e+00,0.000000e+00,0.000000e+00,0.000000e+00,0.000000e+00,0.000000e+00,0.000000e+00,0.000000e+00,0.000000e+00,0.000000e+00
1.000000e+00,0.000000e+00,0.000000e+00,0.000000e+00,0.000000e+00,0.000000e+00,0.000000e+00,0.000000e+00,0.000000e+00,0.000000e+00,0.000000e+00,0.000000e+00,0.000000e+00,0.000000e+00,0.000000e+00
1.000000e+00,0.000000e+00,0.000000e+00,0.000000e+00,0.000000e+00,0.000000e+00,0.000000e+00,0.000000e+00,0.000000e+00,0.000000e+00,0.000000e+00,0.000000e+00,0.000000e+00,0.000000e+00,0.000000e+00
1.000000e+00,0.000000e+00,0.000000e+00,0.000000e+00,0.000000e+00,0.000000e+00,0.000000e+00,0.000000e+00,0.000000e+00,0.000000e+00,0.000000e+00,0.000000e+00,0.000000e+00,0.000000e+00,0.000000e+00
1.000000e+00,0.000000e+00,0.000000e+00,0.000000e+00,0.000000e+00,0.000000e+00,0.000000e+00,0.000000e+00,0.000000e+00,0.000000e+00,0.000000e+00,0.000000e+00,0.000000e+00,0.000000e+00,0.000000e+00
1.000000e+00,0.000000e+00,0.000000e+00,0.000000e+00,0.000000e+00,0.000000e+00,0.000000e+00,0.000000e+00,0.000000e+00,0.000000e+00,0.000000e+00,0.000000e+00,0.000000e+00,0.000000e+00,0.000000e+00
1.000000e+00,0.000000e+00,0.000000e+00,0.000000e+00,0.000000e+00,0.000000e+00,0.000000e+00,0.000000e+00,0.000000e+00,0.000000e+00,0.000000e+00,0.000000e+00,0.000000e+00,0.000000e+00,0.000000e+00
1.000000e+00,0.000000e+00,0.000000e+00,0.000000e+00,0.000000e+00,0.000000e+00,0.000000e+00,0.000000e+00,0.000000e+00,0.000000e+00,0.000000e+00,0.000000e+00,0.000000e+00,0.000000e+00,0.000000e+00
1.000000e+00,0.000000e+00,0.000000e+00,0.000000e+00,0.000000e+00,0.000000e+00,0.000000e+00,0.000000e+00,0.000000e+00,0.000000e+00,0.000000e+00,0.000000e+00,0.000000e+00,0.000000e+00,0.000000e+00
1.000000e+00,0.000000e+00,0.000000e+00,0.000000e+00,0.000000e+00,0.000000e+00,0.000000e+00,0.000000e+00,0.000000e+00,0.000000e+00,0.000000e+00,0.000000e+00,0.000000e+00,0.000000e+00,0.000000e+00
1.000000e+00,0.000000e+00,0.000000e+00,0.000000e+00,0.000000e+00,0.000000e+00,0.000000e+00,0.000000e+00,0.000000e+00,0.000000e+00,0.000000e+00,0.000000e+00,0.000000e+00,0.000000e+00,0.000000e+00
1.000000e+00,0.000000e+00,0.000000e+00,0.000000e+00,0.000000e+00,0.000000e+00,0.000000e+00,0.000000e+00,0.000000e+00,0.000000e+00,0.000000e+00,0.000000e+00,0.000000e+00,0.000000e+00,0.000000e+00
1.000000e+00,0.000000e+00,0.000000e+00,0.000000e+00,0.000000e+00,0.000000e+00,0.000000e+00,0.000000e+00,0.000000e+00,0.000000e+00,0.000000e+00,0.000000e+00,0.000000e+00,0.000000e+00,0.000000e+00
1.000000e+00,0.000000e+00,0.000000e+00,0.000000e+00,0.000000e+00,0.000000e+00,0.000000e+00,0.000000e+00,0.000000e+00,0.000000e+00,0.000000e+00,0.000000e+00,0.000000e+00,0.000000e+00,0.000000e+00
1.000000e+00,0.000000e+00,0.000000e+00,0.000000e+00,0.000000e+00,0.000000e+00,0.000000e+00,0.000000e+00,0.000000e+00,0.000000e+00,0.000000e+00,0.000000e+00,0.000000e+00,0.000000e+00,0.000000e+00
1.000000e+00,0.000000e+00,0.000000e+00,0.000000e+00,0.000000e+00,0.000000e+00,0.000000e+00,0.000000e+00,0.000000e+00,0.000000e+00,0.000000e+00,0.000000e+00,0.000000e+00,0.000000e+00,0.000000e+00
1.000000e+00,0.000000e+00,0.000000e+00,0.000000e+00,0.000000e+00,0.000000e+00,0.000000e+00,0.000000e+00,0.000000e+00,0.000000e+00,0.000000e+00,0.000000e+00,0.000000e+00,0.000000e+00,0.000000e+00
1.000000e+00,0.000000e+00,0.000000e+00,0.000000e+00,0.000000e+00,0.000000e+00,0.000000e+00,0.000000e+00,0.000000e+00,0.000000e+00,0.000000e+00,0.000000e+00,0.000000e+00,0.000000e+00,0.000000e+00
1.000000e+00,0.000000e+00,0.000000e+00,0.000000e+00,0.000000e+00,0.000000e+00,0.000000e+00,0.000000e+00,0.000000e+00,0.000000e+00,0.000000e+00,0.000000e+00,0.000000e+00,0.000000e+00,0.000000e+00
1.000000e+00,0.000000e+00,0.000000e+00,0.000000e+00,0.000000e+00,0.000000e+00,0.000000e+00,0.000000e+00,0.000000e+00,0.000000e+00,0.000000e+00,0.000000e+00,0.000000e+00,0.000000e+00,0.000000e+00
1.000000e+00,0.000000e+00,0.000000e+00,0.000000e+00,0.000000e+00,0.000000e+00,0.000000e+00,0.000000e+00,0.000000e+00,0.000000e+00,0.000000e+00,0.000000e+00,0.000000e+00,0.000000e+00,0.000000e+00
1.000000e+00,0.000000e+00,0.000000e+00,0.000000e+00,0.000000e+00,0.000000e+00,0.000000e+00,0.000000e+00,0.000000e+00,0.000000e+00,0.000000e+00,0.000000e+00,0.000000e+00,0.000000e+00,0.000000e+00
1.000000e+00,0.000000e+00,0.000000e+00,0.000000e+00,0.000000e+00,0.000000e+00,0.000000e+00,0.000000e+00,0.000000e+00,0.000000e+00,0.000000e+00,0.000000e+00,0.000000e+00,0.000000e+00,0.000000e+00
1.000000e+00,0.000000e+00,0.000000e+00,0.000000e+00,0.000000e+00,0.000000e+00,0.000000e+00,0.000000e+00,0.000000e+00,0.000000e+00,0.000000e+00,0.000000e+00,0.000000e+00,0.000000e+00,0.000000e+00
1.000000e+00,0.000000e+00,0.000000e+00,0.000000e+00,0.000000e+00,0.000000e+00,0.000000e+00,0.000000e+00,0.000000e+00,0.000000e+00,0.000000e+00,0.000000e+00,0.000000e+00,0.000000e+00,0.000000e+00
1.000000e+00,0.000000e+00,0.000000e+00,0.000000e+00,0.000000e+00,0.000000e+00,0.000000e+00,0.000000e+00,0.000000e+00,0.000000e+00,0.000000e+00,0.000000e+00,0.000000e+00,0.000000e+00,0.000000e+00
1.000000e+00,0.000000e+00,0.000000e+00,0.000000e+00,0.000000e+00,0.000000e+00,0.000000e+00,0.000000e+00,0.000000e+00,0.000000e+00,0.000000e+00,0.000000e+00,0.000000e+00,0.000000e+00,0.000000e+00
1.000000e+00,0.000000e+00,0.000000e+00,0.000000e+00,0.000000e+00,0.000000e+00,0.000000e+00,0.000000e+00,0.000000e+00,0.000000e+00,0.000000e+00,0.000000e+00,0.000000e+00,0.000000e+00,0.000000e+00
1.000000e+00,0.000000e+00,0.000000e+00,0.000000e+00,0.000000e+00,0.000000e+00,0.000000e+00,0.000000e+00,0.000000e+00,0.000000e+00,0.000000e+00,0.000000e+00,0.000000e+00,0.000000e+00,0.000000e+00
1.000000e+00,0.000000e+00,0.000000e+00,0.000000e+00,0.000000e+00,0.000000e+00,0.000000e+00,0.000000e+00,0.000000e+00,0.000000e+00,0.000000e+00,0.000000e+00,0.000000e+00,0.000000e+00,0.000000e+00
1.000000e+00,0.000000e+00,0.000000e+00,0.000000e+00,0.000000e+00,0.000000e+00,0.000000e+00,0.000000e+00,0.000000e+00,0.000000e+00,0.000000e+00,0.000000e+00,0.000000e+00,0.000000e+00,0.000000e+00
1.000000e+00,0.000000e+00,0.000000e+00,0.000000e+00,0.000000e+00,0.000000e+00,0.000000e+00,0.000000e+00,0.000000e+00,0.000000e+00,0.000000e+00,0.000000e+00,0.000000e+00,0.000000e+00,0.000000e+00
4.796092e-01,3.744384e-02,1.011979e-01,1.396826e-01,1.248214e-02,2.426779e-02,7.536650e-03,3.683283e-02,1.166993e-02,2.715286e-03,1.436331e-02,4.952335e-02,4.207582e-02,3.650567e-03,3.694879e-02
1.000000e+00,0.000000e+00,0.000000e+00,0.000000e+00,0.000000e+00,0.000000e+00,0.000000e+00,0.000000e+00,0.000000e+00,0.000000e+00,0.000000e+00,0.000000e+00,0.000000e+00,0.000000e+00,0.000000e+00
1.000000e+00,0.000000e+00,0.000000e+00,0.000000e+00,0.000000e+00,0.000000e+00,0.000000e+00,0.000000e+00,0.000000e+00,0.000000e+00,0.000000e+00,0.000000e+00,0.000000e+00,0.000000e+00,0.000000e+00
1.000000e+00,0.000000e+00,0.000000e+00,0.000000e+00,0.000000e+00,0.000000e+00,0.000000e+00,0.000000e+00,0.000000e+00,0.000000e+00,0.000000e+00,0.000000e+00,0.000000e+00,0.000000e+00,0.000000e+00
1.000000e+00,0.000000e+00,0.000000e+00,0.000000e+00,0.000000e+00,0.000000e+00,0.000000e+00,0.000000e+00,0.000000e+00,0.000000e+00,0.000000e+00,0.000000e+00,0.000000e+00,0.000000e+00,0.000000e+00
1.000000e+00,0.000000e+00,0.000000e+00,0.000000e+00,0.000000e+00,0.000000e+00,0.000000e+00,0.000000e+00,0.000000e+00,0.000000e+00,0.000000e+00,0.000000e+00,0.000000e+00,0.000000e+00,0.000000e+00
1.000000e+00,0.000000e+00,0.000000e+00,0.000000e+00,0.000000e+00,0.000000e+00,0.000000e+00,0.000000e+00,0.000000e+00,0.000000e+00,0.000000e+00,0.000000e+00,0.000000e+00,0.000000e+00,0.000000e+00
1.000000e+00,0.000000e+00,0.000000e+00,0.000000e+00,0.000000e+00,0.000000e+00,0.000000e+00,0.000000e+00,0.000000e+00,0.000000e+00,0.000000e+00,0.000000e+00,0.000000e+00,0.000000e+00,0.000000e+00
1.000000e+00,0.000000e+00,0.000000e+00,0.000000e+00,0.000000e+00,0.000000e+00,0.000000e+00,0.000000e+00,0.000000e+00,0.000000e+00,0.000000e+00,0.000000e+00,0.000000e+00,0.000000e+00,0.000000e+00
1.000000e+00,0.000000e+00,0.000000e+00,0.000000e+00,0.000000e+00,0.000000e+00,0.000000e+00,0.000000e+00,0.000000e+00,0.000000e+00,0.000000e+00,0.000000e+00,0.000000e+00,0.000000e+00,0.000000e+00
1.000000e+00,0.000000e+00,0.000000e+00,0.000000e+00,0.000000e+00,0.000000e+00,0.000000e+00,0.000000e+00,0.000000e+00,0.000000e+00,0.000000e+00,0.000000e+00,0.000000e+00,0.000000e+00,0.000000e+00
1.000000e+00,0.000000e+00,0.000000e+00,0.000000e+00,0.000000e+00,0.000000e+00,0.000000e+00,0.000000e+00,0.000000e+00,0.000000e+00,0.000000e+00,0.000000e+00,0.000000e+00,0.000000e+00,0.000000e+00
1.000000e+00,0.000000e+00,0.000000e+00,0.000000e+00,0.000000e+00,0.000000e+00,0.000000e+00,0.000000e+00,0.000000e+00,0.000000e+00,0.000000e+00,0.000000e+00,0.000000e+00,0.000000e+00,0.000000e+00
1.000000e+00,0.000000e+00,0.000000e+00,0.000000e+00,0.000000e+00,0.000000e+00,0.000000e+00,0.000000e+00,0.000000e+00,0.000000e+00,0.000000e+00,0.000000e+00,0.000000e+00,0.000000e+00,0.000000e+00
1.000000e+00,0.000000e+00,0.000000e+00,0.000000e+00,0.000000e+00,0.000000e+00,0.000000e+00,0.000000e+00,0.000000e+00,0.000000e+00,0.000000e+00,0.000000e+00,0.000000e+00,0.000000e+00,0.000000e+00
1.000000e+00,0.000000e+00,0.000000e+00,0.000000e+00,0.000000e+00,0.000000e+00,0.000000e+00,0.000000e+00,0.000000e+00,0.000000e+00,0.000000e+00,0.000000e+00,0.000000e+00,0.000000e+00,0.000000e+00
1.000000e+00,0.000000e+00,0.000000e+00,0.000000e+00,0.000000e+00,0.000000e+00,0.000000e+00,0.000000e+00,0.000000e+00,0.000000e+00,0.000000e+00,0.000000e+00,0.000000e+00,0.000000e+00,0.000000e+00
1.000000e+00,0.000000e+00,0.000000e+00,0.000000e+00,0.000000e+00,0.000000e+00,0.000000e+00,0.000000e+00,0.000000e+00,0.000000e+00,0.000000e+00,0.000000e+00,0.000000e+00,0.000000e+00,0.000000e+00
1.000000e+00,0.000000e+00,0.000000e+00,0.000000e+00,0.000000e+00,0.000000e+00,0.000000e+00,0.000000e+00,0.000000e+00,0.000000e+00,0.000000e+00,0.000000e+00,0.000000e+00,0.000000e+00,0.000000e+00
1.000000e+00,0.000000e+00,0.000000e+00,0.000000e+00,0.000000e+00,0.000000e+00,0.000000e+00,0.000000e+00,0.000000e+00,0.000000e+00,0.000000e+00,0.000000e+00,0.000000e+00,0.000000e+00,0.000000e+00
1.000000e+00,0.000000e+00,0.000000e+00,0.000000e+00,0.000000e+00,0.000000e+00,0.000000e+00,0.000000e+00,0.000000e+00,0.000000e+00,0.000000e+00,0.000000e+00,0.000000e+00,0.000000e+00,0.000000e+00
1.000000e+00,0.000000e+00,0.000000e+00,0.000000e+00,0.000000e+00,0.000000e+00,0.000000e+00,0.000000e+00,0.000000e+00,0.000000e+00,0.000000e+00,0.000000e+00,0.000000e+00,0.000000e+00,0.000000e+00
1.000000e+00,0.000000e+00,0.000000e+00,0.000000e+00,0.000000e+00,0.000000e+00,0.000000e+00,0.000000e+00,0.000000e+00,0.000000e+00,0.000000e+00,0.000000e+00,0.000000e+00,0.000000e+00,0.000000e+00
1.000000e+00,0.000000e+00,0.000000e+00,0.000000e+00,0.000000e+00,0.000000e+00,0.000000e+00,0.000000e+00,0.000000e+00,0.000000e+00,0.000000e+00,0.000000e+00,0.000000e+00,0.000000e+00,0.000000e+00
4.151933e-01,8.693836e-03,7.216313e-02,3.973369e-02,2.100842e-02,1.904115e-02,3.951718e-02,3.500572e-01,2.081462e-03,6.896401e-04,5.233119e-03,8.436946e-03,1.215707e-02,1.129452e-03,4.864455e-03
3.006722e-01,1.458629e-02,6.668773e-02,6.583555e-02,2.309266e-02,1.673308e-02,3.185013e-02,3.338746e-01,1.254243e-02,4.927145e-03,4.674854e-02,1.555200e-02,1.825360e-02,4.172156e-02,6.922559e-03
2.123867e-01,1.176713e-02,4.798263e-02,1.986568e-01,1.755396e-02,1.423392e-02,2.946120e-02,2.381021e-01,1.735747e-02,1.020714e-02,7.626621e-02,3.329916e-02,4.716944e-02,3.175890e-02,1.379735e-02
1.508074e-01,9.453025e-03,3.412932e-02,1.811088e-01,1.406702e-02,1.238023e-02,2.231691e-02,1.683251e-01,1.703784e-02,9.190717e-03,1.386686e-01,4.134531e-02,1.636567e-01,2.438074e-02,1.313227e-02
1.099331e-01,7.737456e-03,2.445506e-02,1.587810e-01,1.488721e-02,1.413397e-02,1.640726e-02,1.181408e-01,1.513804e-02,9.890141e-03,1.241701e-01,6.689423e-02,2.650377e-01,2.590117e-02,2.849277e-02
8.907588e-02,1.060193e-02,2.087080e-02,1.719787e-01,3.352047e-02,2.130193e-02,1.434692e-02,8.320474e-02,1.520409e-02,8.389288e-03,1.077610e-01,7.374188e-02,3.036439e-01,2.016627e-02,2.619231e-02
7.672670e-02,9.284613e-03,1.602033e-02,1.331200e-01,2.901893e-02,4.774615e-02,1.276543e-02,5.963527e-02,1.499109e-02,6.502905e-03,8.915769e-02,9.601149e-02,3.706461e-01,1.697564e-02,2.139771e-02
6.477624e-02,7.309143e-03,1.210784e-02,9.827772e-02,4.050385e-02,4.199662e-02,9.686818e-03,4.273617e-02,2.635725e-02,5.972208e-03,9.733747e-02,1.247731e-01,3.971409e-01,1.280226e-02,1.822241e-02
7.036787e-02,6.723288e-03,9.334818e-03,7.800214e-02,4.194331e-02,4.647153e-02,8.826267e-03,3.126524e-02,2.554371e-02,5.644609e-03,8.702141e-02,1.411355e-01,4.222407e-01,9.587887e-03,1.589171e-02
6.049960e-02,6.520912e-03,8.455475e-03,7.414587e-02,5.154865e-02,3.786125e-02,7.941930e-03,2.887705e-02,3.086252e-02,6.470335e-03,8.040776e-02,1.219715e-01,4.615541e-01,7.762956e-03,1.512010e-02
4.970675e-02,4.996120e-03,6.838099e-03,6.096924e-02,4.213044e-02,2.924608e-02,7.327538e-03,2.720863e-02,4.766334e-02,9.635962e-03,1.011697e-01,1.202771e-01,4.704292e-01,7.137720e-03,1.526412e-02
4.014182e-02,3.828461e-03,6.883799e-03,4.480342e-02,3.384515e-02,2.364245e-02,6.379267e-03,1.244086e-01,4.448333e-02,8.801535e-03,1.108478e-01,9.701813e-02,4.358405e-01,6.013269e-03,1.306256e-02
4.044342e-02,3.880290e-03,9.396529e-03,3.893008e-02,3.386130e-02,1.999577e-02,7.408857e-03,1.531650e-01,6.710359e-02,1.185221e-02,1.410038e-01,7.899548e-02,3.754746e-01,5.302797e-03,1.318635e-02
3.436405e-02,4.086245e-03,1.248065e-02,5.391611e-02,3.017976e-02,1.769897e-02,6.179143e-03,1.317980e-01,1.851538e-01,9.844997e-03,1.468070e-01,6.081730e-02,2.894135e-01,5.207791e-03,1.205270e-02
5.474493e-02,8.642243e-03,2.057854e-02,8.283238e-02,2.683795e-02,2.058438e-02,4.935791e-03,1.220400e-01,1.795586e-01,1.164530e-02,1.327979e-01,6.127064e-02,2.519368e-01,6.829676e-03,1.476485e-02
1.063399e-01,1.163485e-02,2.772101e-02,7.742758e-02,2.719300e-02,1.870763e-02,4.483794e-03,1.026673e-01,2.078001e-01,1.114723e-02,1.117419e-01,6.948307e-02,1.990146e-01,8.196834e-03,1.644140e-02
1.976274e-01,2.042998e-02,4.145940e-02,7.101854e-02,3.900437e-02,1.786603e-02,4.875070e-03,7.821437e-02,2.006831e-01,9.912861e-03,8.545922e-02,5.901315e-02,1.460468e-01,9.803604e-03,1.858615e-02
1.907085e-01,1.668304e-02,1.262359e-01,1.122872e-01,3.518423e-02,1.461003e-02,3.770899e-03,9.314480e-02,1.631945e-01,8.221034e-03,6.346264e-02,4.427806e-02,1.053865e-01,7.847167e-03,1.498542e-02
1.624126e-01,1.385036e-02,2.645798e-01,1.239754e-01,2.777692e-02,1.187969e-02,2.800893e-03,8.709665e-02,1.235799e-01,8.099542e-03,4.608170e-02,3.243548e-02,7.512794e-02,6.052029e-03,1.425109e-02
1.176818e-01,1.486461e-02,2.617810e-01,9.036289e-02,2.225502e-02,8.478039e-03,2.053733e-03,2.573966e-01,9.284102e-02,6.185757e-03,3.364660e-02,2.302238e-02,5.351648e-02,4.683417e-03,1.123065e-02
8.715205e-02,1.793716e-02,2.131279e-01,6.490897e-02,1.706002e-02,6.033864e-03,1.503286e-03,4.268110e-01,6.986855e-02,4.507569e-03,2.431037e-02,1.639673e-02,3.830252e-02,3.515293e-03,8.564693e-03
6.491017e-02,1.692658e-02,1.608078e-01,4.609209e-02,1.420473e-02,4.487570e-03,1.152518e-03,5.712397e-01,5.123949e-02,3.342679e-03,1.792082e-02,1.164246e-02,2.708890e-02,2.611735e-03,6.332756e-03
4.771189e-02,1.278989e-02,1.168066e-01,3.264253e-02,1.134100e-02,3.886218e-03,8.892197e-04,6.881622e-01,3.684043e-02,2.409901e-03,1.266678e-02,8.300148e-03,1.913245e-02,1.866001e-03,4.554793e-03
3.620823e-02,9.834390e-03,8.581904e-02,2.325408e-02,9.740082e-03,3.746166e-03,6.786652e-04,7.690852e-01,2.652613e-02,1.746818e-03,9.007022e-03,6.030133e-03,1.361444e-02,1.366488e-03,3.343154e-03
2.879500e-02,9.118957e-03,6.279171e-02,1.658298e-02,1.045686e-02,2.990710e-03,5.444344e-04,8.225438e-01,2.065163e-02,1.267392e-03,6.469416e-03,4.445021e-03,9.705336e-03,1.095528e-03,2.541260e-03
2.435337e-02,7.199828e-03,4.474109e-02,1.185468e-02,9.591851e-03,2.262571e-03,4.531567e-04,8.634466e-01,1.771864e-02,9.013184e-04,4.609278e-03,3.296494e-03,6.908849e-03,8.257264e-04,1.836554e-03
4.589315e-02,5.956919e-03,3.202410e-02,1.105365e-02,1.226944e-02,1.906001e-03,5.749655e-04,8.594966e-01,1.605271e-02,6.568108e-04,3.620158e-03,3.235853e-03,5.246194e-03,6.152747e-04,1.398198e-03
3.781370e-02,4.435414e-03,2.281086e-02,8.639773e-02,9.364844e-03,2.175891e-03,4.343885e-04,6.729242e-01,1.920137e-02,3.199109e-03,8.986748e-02,2.378254e-02,2.228223e-02,2.309839e-03,3.000468e-03
2.720676e-02,3.530646e-03,1.662825e-02,1.574949e-01,8.182142e-03,1.942645e-03,4.330262e-04,5.034931e-01,1.654539e-02,1.268810e-02,1.609944e-01,2.140031e-02,4.507039e-02,1.282107e-02,1.156882e-02
1.920167e-02,2.526010e-03,1.190767e-02,1.147768e-01,6.094506e-03,1.472837e-03,3.104698e-04,3.534474e-01,1.283502e-02,9.804964e-03,3.611478e-01,2.153974e-02,4.847744e-02,2.513379e-02,1.132389e-02
1.360836e-02,1.862204e-03,8.796997e-03,8.202839e-02,4.503520e-03,1.189873e-03,2.225266e-04,2.476693e-01,1.213084e-02,7.350150e-03,4.664028e-01,2.143908e-02,4.346623e-02,8.012430e-02,9.205380e-03
9.926070e-03,5.756930e-03,9.833541e-03,9.514639e-02,8.488611e-03,3.147821e-03,2.136088e-04,1.747484e-01,1.165325e-01,6.675114e-03,3.953046e-01,2.133946e-02,4.398111e-02,9.586589e-02,1.303998e-02
7.077698e-03,6.800136e-03,8.918257e-03,9.012122e-02,8.235650e-03,3.499184e-03,2.643407e-04,1.229046e-01,2.368665e-01,5.562680e-03,3.218312e-01,1.634576e-02,3.998871e-02,1.084884e-01,2.309561e-02
5.067773e-03,6.604811e-03,7.401897e-03,1.055041e-01,6.693362e-03,3.107534e-03,2.431259e-04,8.631317e-02,2.990092e-01,4.912000e-03,3.110468e-01,1.352628e-02,3.765890e-02,9.142949e-02,2.148147e-02
3.640902e-03,5.040090e-03,6.445298e-03,7.630806e-02,6.043997e-03,2.303621e-03,1.842102e-04,6.049908e-02,2.226129e-01,3.638201e-03,4.749071e-01,1.045056e-02,3.127954e-02,8.076388e-02,1.588251e-02
2.922133e-03,4.714704e-03,9.415679e-03,6.658875e-02,7.467209e-03,1.916369e-03,1.973229e-04,4.350901e-02,2.084599e-01,2.923357e-03,5.201308e-01,9.236924e-03,2.866324e-02,8.003745e-02,1.381712e-02
2.831280e-03,6.356564e-03,6.029662e-02,5.341721e-02,7.690761e-03,2.880200e-03,2.510916e-04,3.202797e-02,2.116701e-01,2.851733e-03,4.801764e-01,8.357132e-03,2.453374e-02,9.419910e-02,1.246010e-02
5.185341e-03,1.167626e-02,1.095363e-01,4.238073e-02,1.332948e-02,3.101492e-03,4.908979e-04,2.382565e-02,2.395111e-01,3.520387e-03,3.810679e-01,6.566884e-03,2.265497e-02,1.049140e-01,3.223854e-02
8.350817e-03,1.382828e-02,1.483101e-01,3.263986e-02,1.855599e-02,3.058409e-03,7.157397e-04,1.812547e-02,2.257668e-01,3.354465e-03,3.141947e-01,4.891000e-03,2.017106e-02,1.538066e-01,3.423061e-02
6.925924e-03,1.242933e-02,1.968810e-01,2.457652e-02,2.078594e-02,2.488197e-03,6.448313e-04,1.568697e-02,2.416710e-01,3.442108e-03,2.296583e-01,3.666711e-03,1.607289e-02,1.962042e-01,2.886600e-02
7.371048e-03,1.588969e-02,1.601690e-01,1.798319e-02,2.396282e-02,2.292558e-03,6.508252e-04,1.486434e-02,2.563814e-01,3.981827e-03,1.648310e-01,2.850899e-03,1.463102e-02,2.539926e-01,6.014768e-02
7.962381e-03,6.614143e-02,1.676723e-01,1.407276e-02,2.753216e-02,2.448389e-03,8.011783e-04,3.250472e-02,2.782522e-01,3.785390e-03,1.198355e-01,2.401563e-03,1.545390e-02,2.026921e-01,5.844386e-02
1.150738e-02,6.892600e-02,1.646050e-01,1.108519e-02,4.093159e-02,3.264701e-03,8.349904e-04,4.531173e-02,2.684986e-01,5.057969e-03,8.676445e-02,1.856963e-03,1.391418e-02,1.659130e-01,1.115281e-01
1.797084e-02,6.215708e-02,1.543938e-01,9.881394e-03,4.945995e-02,3.892632e-03,8.087382e-04,8.219244e-02,2.390809e-01,5.334430e-03,6.395801e-02,1.622048e-03,1.170889e-02,1.928088e-01,1.047300e-01
2.454359e-02,7.522067e-02,1.294518e-01,1.149148e-02,5.518667e-02,3.315568e-03,7.277081e-04,1.586148e-01,2.145269e-01,5.380227e-03,4.603001e-02,1.398234e-03,8.971767e-03,1.711495e-01,9.399099e-02
3.011023e-02,9.311846e-02,1.035658e-01,1.055307e-02,6.793614e-02,3.319570e-03,5.790242e-04,1.509938e-01,2.033593e-01,6.499393e-03,3.374416e-02,1.169378e-03,6.809082e-03,1.537262e-01,1.345164e-01
3.800265e-02,8.372584e-02,8.268524e-02,1.262542e-02,1.094993e-01,4.354280e-03,6.318013e-04,1.205984e-01,2.222717e-01,5.696000e-03,2.460191e-02,9.024094e-04,5.417050e-03,1.309299e-01,1.580581e-01
5.107830e-02,8.116729e-02,7.142714e-02,9.806147e-02,1.300355e-01,5.162964e-03,7.938255e-04,1.008442e-01,2.100493e-01,5.941109e-03,1.940294e-02,1.926982e-03,4.290923e-03,9.600004e-02,1.238180e-01
5.452453e-02,6.349649e-02,6.224351e-02,1.062545e-01,1.589338e-01,5.612181e-03,1.041801e-03,2.060317e-01,1.595961e-01,4.550462e-03,1.594987e-02,1.558797e-03,3.577099e-03,6.827264e-02,8.835647e-02
5.465402e-02,4.810922e-02,4.897299e-02,7.795978e-02,3.460450e-01,4.617162e-03,1.131780e-03,1.593176e-01,1.170482e-01,4.045667e-03,1.459534e-02,1.476653e-03,2.985620e-03,4.997022e-02,6.907067e-02
4.932985e-02,3.595328e-02,3.593377e-02,5.619488e-02,4.994867e-01,4.095777e-03,9.398508e-04,1.159985e-01,8.594583e-02,2.994223e-03,1.235984e-02,1.294873e-03,2.268397e-03,3.767541e-02,5.952872e-02
6.575888e-02,3.233370e-02,2.713203e-02,4.507608e-02,5.464440e-01,5.855796e-03,1.085184e-03,8.584334e-02,8.985335e-02,3.326264e-03,1.374302e-02,2.276866e-03,2.210376e-03,3.168597e-02,4.737514e-02
1.072824e-01,3.264511e-02,2.177642e-02,3.913179e-02,5.636120e-01,8.076895e-03,1.537618e-03,6.590720e-02,7.046627e-02,3.055054e-03,1.340934e-02,2.966671e-03,2.110828e-03,2.827984e-02,3.974260e-02
1.573864e-01,3.779812e-02,1.763708e-02,4.031822e-02,5.437969e-01,9.026637e-03,2.347306e-03,4.931802e-02,5.866855e-02,3.334244e-03,1.407772e-02,3.830330e-03,2.351863e-03,2.481879e-02,3.528980e-02
2.103672e-01,4.050191e-02,1.402778e-02,4.056749e-02,4.876702e-01,1.593817e-02,2.340290e-03,3.619415e-02,5.263183e-02,6.874001e-03,1.597854e-02,6.317955e-03,3.516267e-03,2.110684e-02,4.596724e-02
1.868726e-01,4.276906e-02,1.322065e-02,3.467825e-02,3.514203e-01,7.510399e-02,1.852974e-03,2.607015e-02,5.978793e-02,7.466291e-03,7.006713e-02,9.998466e-03,4.321800e-03,4.057545e-02,7.579492e-02
1.411335e-01,3.338768e-02,9.930813e-03,2.481104e-02,2.482206e-01,1.519471e-01,1.659760e-03,1.870963e-02,5.041471e-02,5.994771e-03,9.793627e-02,1.110777e-02,5.339502e-03,1.373649e-01,6.204197e-02
9.971028e-02,2.381158e-02,7.014993e-03,1.746275e-02,1.741317e-01,1.134921e-01,1.192980e-03,1.313900e-02,4.316038e-02,4.808917e-03,8.458997e-02,9.466048e-03,4.408845e-03,3.588459e-01,4.476462e-02
7.052050e-02,1.738504e-02,5.092591e-03,1.229387e-02,1.220617e-01,8.060471e-02,8.559177e-04,9.235290e-03,4.504462e-02,4.246499e-03,6.959429e-02,7.284003e-03,3.426453e-03,5.172883e-01,3.506625e-02
5.046167e-02,1.611774e-02,4.325617e-03,8.762238e-03,8.585200e-02,5.883098e-02,6.518505e-04,6.573467e-03,7.089239e-02,4.089326e-03,6.099731e-02,5.983068e-03,3.462053e-03,5.941775e-01,2.882286e-02
3.565001e-02,1.594763e-02,3.132196e-03,6.158945e-03,6.018746e-02,4.219459e-02,4.746819e-04,4.665825e-03,6.684656e-02,3.725753e-03,5.015752e-02,5.165599e-03,2.624579e-03,6.802922e-01,2.277642e-02
2.618107e-02,2.281664e-02,3.570761e-03,4.646579e-03,4.274095e-02,3.306345e-02,4.956886e-04,4.257559e-03,7.266407e-02,6.306700e-03,4.926243e-02,8.973081e-03,2.953345e-03,7.021406e-01,1.992710e-02
1.909455e-02,3.992362e-02,2.933071e-03,3.312462e-03,3.030900e-02,2.380691e-02,3.751596e-04,3.144970e-03,7.012501e-02,5.944223e-03,3.892045e-02,7.609054e-03,3.280483e-03,7.324599e-01,1.876111e-02
1.648022e-02,8.631315e-02,1.444322e-02,3.007382e-03,2.412142e-02,1.942576e-02,3.930333e-04,4.881125e-03,6.991731e-02,6.066650e-03,3.239079e-02,6.278236e-03,4.212745e-03,6.920494e-01,2.001950e-02
1.562263e-02,7.630603e-02,2.131763e-02,2.472834e-03,2.044636e-02,2.347869e-02,3.746792e-04,4.797200e-03,9.065677e-02,8.075122e-03,2.682782e-02,5.376512e-03,5.436488e-03,6.665971e-01,3.221405e-02
1.336812e-02,5.612894e-02,1.982334e-02,1.946879e-03,1.934456e-02,2.088806e-02,2.993719e-04,3.543248e-03,1.389235e-01,8.742617e-03,2.377110e-02,4.226153e-03,4.699163e-03,6.317070e-01,5.258791e-02
9.699714e-03,3.971902e-02,1.585793e-02,1.413113e-03,1.571188e-02,1.522799e-02,2.207827e-04,2.537888e-03,2.677223e-01,6.847283e-03,3.794881e-02,3.138221e-03,4.689173e-03,5.092472e-01,7.001866e-02
6.947738e-03,2.844943e-02,1.184717e-02,1.781562e-03,1.175427e-02,1.091318e-02,1.674127e-04,1.987006e-03,4.433049e-01,6.136046e-03,3.999940e-02,2.536364e-03,7.710776e-03,3.628366e-01,6.362817e-02
4.957536e-03,2.036881e-02,9.930639e-03,2.073247e-03,8.457504e-03,7.728515e-03,1.255006e-04,1.454323e-03,5.750474e-01,8.613367e-03,3.033782e-02,1.905149e-03,6.178161e-03,2.581083e-01,6.471385e-02
4.370332e-03,1.700584e-02,9.203162e-03,2.262718e-03,6.316795e-03,5.539265e-03,1.465659e-04,1.047405e-03,6.064582e-01,1.201047e-02,2.361766e-02,2.229394e-03,5.044690e-03,2.276920e-01,7.705549e-02
6.828314e-03,1.277100e-02,7.012697e-03,2.230435e-03,5.161985e-03,4.539484e-03,1.572889e-04,8.017415e-04,6.556877e-01,1.271950e-02,2.027364e-02,2.205451e-03,5.826578e-03,1.723497e-01,9.143449e-02
1.059503e-02,1.187604e-02,2.019619e-02,7.182639e-03,8.727204e-03,4.535151e-03,4.000895e-04,1.380893e-03,6.373447e-01,1.242551e-02,1.951847e-02,2.588647e-03,6.316497e-03,1.262967e-01,1.306163e-01
1.615025e-02,1.164046e-02,4.444623e-02,1.927209e-02,9.955185e-03,3.977573e-03,4.018921e-04,3.507359e-03,5.780900e-01,1.670392e-02,1.918014e-02,2.674313e-03,6.706621e-03,9.625342e-02,1.710405e-01
2.181887e-02,1.395605e-02,3.716381e-02,1.737922e-02,1.278314e-02,3.486757e-03,4.223019e-04,6.303833e-03,5.291657e-01,2.288723e-02,2.040518e-02,2.435486e-03,7.048177e-03,7.914174e-02,2.256024e-01
3.034618e-02,2.338441e-02,3.301062e-02,8.861788e-02,1.967064e-02,4.706461e-03,6.005749e-04,9.720663e-03,5.091908e-01,1.930614e-02,2.321595e-02,2.840585e-03,6.983928e-03,6.034888e-02,1.680563e-01
3.692365e-02,3.548724e-02,3.044557e-02,7.128486e-02,2.139551e-02,4.834380e-03,5.797773e-04,1.153383e-02,5.257814e-01,1.823877e-02,2.436251e-02,2.778069e-03,8.471166e-03,4.738806e-02,1.604952e-01
3.280124e-02,2.952489e-02,1.090699e-01,1.087458e-01,1.748359e-02,4.118728e-03,5.678815e-04,1.063195e-02,4.729147e-01,1.855796e-02,1.907191e-02,2.640689e-03,6.807749e-03,3.383996e-02,1.332231e-01
4.601312e-02,2.945433e-02,1.399982e-01,9.778377e-02,1.459199e-02,4.457870e-03,6.304984e-04,1.130982e-02,4.828202e-01,1.755653e-02,1.465985e-02,2.809803e-03,6.021436e-03,2.436322e-02,1.075294e-01
4.351786e-02,2.883286e-02,1.509579e-01,8.867270e-02,1.071681e-02,4.131887e-03,4.900218e-04,8.190438e-03,4.558729e-01,3.778329e-02,1.252568e-02,2.550606e-03,5.156983e-03,1.803881e-02,1.325613e-01
1.009100e-01,2.970976e-02,1.278265e-01,8.971734e-02,8.423191e-03,6.197955e-03,5.897502e-04,7.477373e-03,4.357187e-01,3.237022e-02,1.602593e-02,7.095262e-03,8.004713e-03,1.548210e-02,1.144512e-01
8.734966e-02,3.050012e-02,9.852881e-02,6.678168e-02,6.490939e-03,6.051489e-03,4.894187e-04,5.528598e-03,4.839493e-01,2.548878e-02,1.614276e-02,5.598818e-03,8.122514e-03,2.005865e-02,1.389184e-01
8.468366e-02,2.795402e-02,9.834191e-02,7.916252e-02,6.636192e-03,6.221369e-03,5.498276e-04,4.541636e-03,4.992069e-01,2.427940e-02,1.519498e-02,5.486536e-03,8.244600e-03,1.741232e-02,1.220841e-01
1.322036e-01,3.443477e-02,9.961310e-02,1.091005e-01,1.060775e-02,1.183708e-02,8.220024e-04,5.182271e-03,3.950544e-01,2.438127e-02,1.785307e-02,9.735139e-03,1.391717e-02,2.231379e-02,1.129441e-01
1.378939e-01,3.030736e-02,8.146969e-02,8.388857e-02,8.941866e-03,9.631053e-03,8.847990e-04,4.400755e-03,3.063124e-01,3.234094e-02,1.783925e-02,1.070178e-02,1.356390e-02,7.955988e-02,1.822639e-01
1.539824e-01,2.440343e-02,6.629878e-02,6.042804e-02,8.973310e-03,7.603505e-03,1.004275e-03,3.983040e-03,2.552882e-01,3.462742e-02,2.664761e-02,9.896614e-03,1.853898e-02,1.347911e-01,1.935333e-01
1.311315e-01,2.904993e-02,4.999812e-02,4.440834e-02,1.537486e-02,7.496248e-03,1.162364e-03,3.630101e-03,2.296936e-01,3.276747e-02,2.824863e-02,7.850332e-03,1.966327e-02,1.095027e-01,2.900225e-01
1.316133e-01,2.445904e-02,3.579834e-02,3.183100e-02,1.212793e-02,7.068845e-03,9.968821e-04,2.962844e-03,2.975709e-01,2.691758e-02,2.263979e-02,6.459343e-03,1.843560e-02,8.739848e-02,2.937201e-01
1.035813e-01,2.264970e-02,2.602846e-02,2.542381e-02,9.177422e-03,6.068592e-03,8.879346e-04,2.532775e-03,3.982673e-01,3.506835e-02,1.679311e-02,4.905651e-03,1.429219e-02,6.563406e-02,2.686895e-01
8.187240e-02,2.075097e-02,2.023792e-02,1.925859e-02,7.317116e-03,5.195191e-03,8.444237e-04,2.468272e-03,4.154050e-01,6.790456e-02,1.353809e-02,3.883655e-03,1.256512e-02,5.398478e-02,2.747740e-01
7.509392e-02,7.116994e-02,4.923906e-02,7.018184e-02,1.794786e-02,5.664255e-03,9.533483e-04,4.632260e-03,3.904938e-01,5.011587e-02,1.128458e-02,3.083988e-03,1.148139e-02,3.895125e-02,1.997066e-01
9.153362e-02,8.050273e-02,9.065346e-02,8.300957e-02,1.764117e-02,9.300887e-03,1.204464e-03,5.501116e-03,3.188463e-01,4.787903e-02,1.146724e-02,3.146828e-03,1.443397e-02,3.134710e-02,1.935326e-01
1.010761e-01,6.334576e-02,7.601557e-02,5.970221e-02,1.603160e-02,8.401237e-03,1.308673e-03,5.390893e-03,3.169797e-01,9.706964e-02,1.146318e-02,2.757482e-03,1.676377e-02,3.051892e-02,1.931753e-01
1.427514e-01,6.246427e-02,7.422905e-02,5.814729e-02,1.671932e-02,1.228399e-02,1.612822e-03,2.046678e-02,2.955097e-01,7.864486e-02,1.377136e-02,5.910476e-03,1.842810e-02,2.455147e-02,1.745092e-01
2.650190e-01,5.322006e-02,5.689532e-02,4.956732e-02,1.864604e-02,1.264009e-02,2.442519e-03,3.432957e-02,2.226590e-01,5.998246e-02,1.231171e-02,7.576666e-03,2.156090e-02,2.238707e-02,1.607623e-01
3.220342e-01,6.162517e-02,4.516283e-02,5.472732e-02,2.526020e-02,2.208282e-02,4.493058e-03,3.036975e-02,1.794211e-01,4.687585e-02,1.105588e-02,1.033381e-02,2.260473e-02,1.897648e-02,1.449767e-01
3.647992e-01,7.156318e-02,3.464895e-02,4.919743e-02,3.717626e-02,2.522223e-02,4.659776e-03,2.574487e-02,1.564421e-01,3.677560e-02,9.700108e-03,1.115224e-02,2.797891e-02,1.810815e-02,1.268310e-01
3.710893e-01,6.810381e-02,3.251382e-02,5.513416e-02,6.035272e-02,2.826417e-02,6.734079e-03,2.613056e-02,1.596211e-01,2.760234e-02,8.844996e-03,1.257520e-02,2.790715e-02,1.485090e-02,1.002757e-01
3.805121e-01,7.347234e-02,2.566544e-02,4.346849e-02,6.140975e-02,2.582239e-02,5.837448e-03,2.125416e-02,1.592441e-01,2.041625e-02,9.313928e-03,2.085690e-02,5.870341e-02,1.417757e-02,7.984574e-02
3.671162e-01,8.167830e-02,2.011224e-02,3.470562e-02,6.257485e-02,2.338319e-02,5.981577e-03,2.003745e-02,1.656334e-01,1.503848e-02,9.107742e-03,1.867162e-02,9.847741e-02,1.145152e-02,6.603035e-02
3.670266e-01,7.545692e-02,2.544302e-02,4.165097e-02,6.040947e-02,2.066032e-02,6.171832e-03,2.193056e-02,1.678588e-01,1.279356e-02,1.002002e-02,1.988752e-02,1.002210e-01,1.096617e-02,5.950317e-02
3.285912e-01,6.010031e-02,1.975285e-02,3.439090e-02,4.959099e-02,1.912349e-02,4.841295e-03,1.783692e-02,1.428719e-01,9.770095e-03,1.221170e-02,2.121859e-02,2.016181e-01,1.431288e-02,6.376889e-02
3.127834e-01,5.449438e-02,2.308958e-02,6.927131e-02,4.630014e-02,1.735858e-02,4.896186e-03,1.972819e-02,1.570512e-01,8.171425e-03,1.452001e-02,2.911807e-02,1.771281e-01,1.435188e-02,5.173751e-02
4.066504e-01,4.460861e-02,1.839989e-02,5.737033e-02,3.760551e-02,1.704187e-02,4.434404e-03,1.691696e-02,1.242519e-01,6.522009e-03,1.429374e-02,2.680258e-02,1.604633e-01,1.517945e-02,4.945908e-02
1.000000e+00,0.000000e+00,0.000000e+00,0.000000e+00,0.000000e+00,0.000000e+00,0.000000e+00,0.000000e+00,0.000000e+00,0.000000e+00,0.000000e+00,0.000000e+00,0.000000e+00,0.000000e+00,0.000000e+00
4.811099e-01,2.668223e-02,1.396921e-02,3.296982e-02,2.578910e-02,1.552919e-02,3.226480e-03,2.161740e-02,7.409641e-02,5.062114e-03,2.030374e-02,3.143963e-02,1.989433e-01,1.349064e-02,3.577082e-02
4.115525e-01,1.941580e-02,1.949780e-02,2.767548e-02,2.118857e-02,2.751783e-02,5.956599e-03,4.166072e-02,5.448103e-02,7.782280e-03,5.086372e-02,4.706347e-02,2.270639e-01,1.084331e-02,2.743696e-02
4.193314e-01,1.500281e-02,4.165858e-02,2.958057e-02,2.306402e-02,3.698014e-02,5.747210e-03,7.107756e-02,4.378488e-02,8.413481e-03,4.475667e-02,4.702023e-02,1.844239e-01,8.590610e-03,2.056790e-02
4.108586e-01,1.299633e-02,5.319628e-02,5.173522e-02,2.145711e-02,5.340809e-02,6.517424e-03,5.196593e-02,3.717626e-02,6.686020e-03,4.730035e-02,4.627123e-02,1.784014e-01,6.639135e-03,1.539067e-02
3.415173e-01,1.051525e-02,4.182069e-02,4.993119e-02,6.083053e-02,4.201385e-02,1.316708e-02,4.130523e-02,9.159992e-02,7.551607e-03,6.334204e-02,5.907414e-02,1.595698e-01,5.434528e-03,1.232695e-02
3.602248e-01,1.109049e-02,3.031242e-02,5.874806e-02,6.955649e-02,3.578905e-02,1.267233e-02,3.446779e-02,8.497956e-02,8.987189e-03,7.254027e-02,5.056535e-02,1.541371e-01,4.592834e-03,1.133624e-02
2.867970e-01,9.862697e-03,2.507159e-02,6.635147e-02,8.428504e-02,2.964981e-02,1.074559e-02,2.527153e-02,7.733645e-02,1.544382e-02,1.030260e-01,5.857861e-02,1.927530e-01,3.672963e-03,1.115438e-02
2.145784e-01,7.437913e-03,1.819251e-02,4.946326e-02,6.445009e-02,2.721422e-02,8.012495e-03,1.955966e-02,6.114332e-02,1.324954e-02,1.020900e-01,7.820391e-02,3.205075e-01,4.277861e-03,1.161933e-02
1.546748e-01,1.122914e-02,1.730445e-02,5.088634e-02,4.853759e-02,3.129922e-02,6.334541e-03,1.538809e-02,1.248318e-01,1.109370e-02,8.204788e-02,8.763887e-02,3.383791e-01,4.220323e-03,1.613411e-02
1.113308e-01,1.535117e-02,1.725169e-02,5.557603e-02,3.577276e-02,4.983146e-02,4.996930e-03,1.287415e-02,1.404889e-01,1.373028e-02,9.059146e-02,8.768396e-02,3.097257e-01,1.047396e-02,4.432086e-02
1.140327e-01,1.882839e-02,1.513548e-02,4.546345e-02,2.975153e-02,4.697878e-02,5.654982e-03,2.503574e-02,1.971428e-01,1.199449e-02,7.227246e-02,6.950398e-02,2.961464e-01,9.034399e-03,4.302439e-02
1.187075e-01,1.835397e-02,1.143853e-02,3.411926e-02,2.920501e-02,4.668730e-02,8.726845e-03,2.073190e-02,2.263424e-01,8.805694e-03,5.283580e-02,6.142247e-02,3.233591e-01,6.826085e-03,3.243819e-02
1.259086e-01,1.510633e-02,9.592790e-03,2.691827e-02,3.315786e-02,4.400909e-02,1.088950e-02,1.884613e-02,2.029441e-01,6.724703e-03,3.891798e-02,5.249822e-02,3.845958e-01,5.321603e-03,2.456911e-02
1.651672e-01,1.774398e-02,9.078493e-03,2.695509e-02,4.026119e-02,5.459484e-02,8.801549e-03,1.503749e-02,1.765358e-01,6.974354e-03,3.351325e-02,5.400812e-02,3.621347e-01,4.340699e-03,2.485316e-02
2.196789e-01,1.493441e-02,7.127071e-03,2.376900e-02,3.498322e-02,5.773204e-02,7.806142e-03,1.237306e-02,1.408457e-01,5.923740e-03,3.324845e-02,5.453875e-02,3.624473e-01,3.671731e-03,2.092049e-02
3.254595e-01,1.423475e-02,6.498419e-03,2.378058e-02,2.969211e-02,5.237489e-02,9.091755e-03,1.471591e-02,1.097014e-01,5.958605e-03,3.738341e-02,4.756389e-02,2.992890e-01,4.221832e-03,2.003390e-02
3.809245e-01,1.415462e-02,6.627175e-03,2.950053e-02,2.351464e-02,5.638172e-02,8.953685e-03,1.254769e-02,8.575350e-02,5.522463e-03,3.159674e-02,5.086279e-02,2.696657e-01,4.228286e-03,1.976606e-02
3.277008e-01,2.941493e-02,9.112425e-03,5.801848e-02,3.254481e-02,5.149787e-02,8.055840e-03,1.224872e-02,1.121316e-01,6.728470e-03,3.325282e-02,4.375101e-02,2.444037e-01,8.102983e-03,2.303567e-02
3.194651e-01,2.979875e-02,1.115128e-02,7.727738e-02,3.457836e-02,3.946451e-02,7.196059e-03,1.326691e-02,1.126537e-01,9.131994e-03,4.109473e-02,4.033018e-02,1.963643e-01,2.882503e-02,3.940181e-02
3.797004e-01,2.692487e-02,1.057174e-02,7.087086e-02,3.068625e-02,3.096738e-02,6.435683e-03,1.245709e-02,8.820075e-02,9.479051e-03,6.243829e-02,4.640835e-02,1.590578e-01,2.738351e-02,3.841792e-02
4.220299e-01,2.361471e-02,1.313609e-02,6.121735e-02,2.693547e-02,2.463737e-02,5.333949e-03,1.251527e-02,9.040181e-02,1.370147e-02,6.726158e-02,4.110465e-02,1.205564e-01,3.083307e-02,4.672082e-02
3.542782e-01,1.926575e-02,1.205072e-02,6.519754e-02,2.099474e-02,1.844803e-02,4.127556e-03,1.236154e-02,2.315050e-01,1.495115e-02,5.454221e-02,3.103356e-02,8.793022e-02,2.412692e-02,4.918681e-02
4.067940e-01,2.252966e-02,2.154464e-02,6.456975e-02,1.977617e-02,1.631268e-02,3.515976e-03,9.809105e-03,1.952748e-01,1.843457e-02,5.200408e-02,2.511824e-02,6.832555e-02,2.277169e-02,5.321913e-02
3.526828e-01,3.148519e-02,3.332792e-02,1.108040e-01,2.200532e-02,2.133185e-02,3.220588e-03,8.107048e-03,2.052573e-01,2.017956e-02,4.451554e-02,1.898630e-02,5.011834e-02,2.263368e-02,5.534461e-02
3.319195e-01,4.182586e-02,4.208952e-02,1.065545e-01,4.109199e-02,2.940630e-02,4.311637e-03,6.711579e-03,1.673078e-01,2.004042e-02,4.500823e-02,1.616047e-02,4.054559e-02,2.936416e-02,7.766238e-02
2.632849e-01,4.629119e-02,4.362107e-02,2.299485e-01,3.630709e-02,2.406548e-02,3.849413e-03,7.102224e-03,1.565566e-01,1.801321e-02,4.071221e-02,1.254251e-02,3.071292e-02,2.441677e-02,6.257585e-02
2.779233e-01,6.689940e-02,4.031603e-02,1.810004e-01,3.262115e-02,2.445876e-02,3.901000e-03,7.709779e-03,1.357719e-01,1.561571e-02,4.628686e-02,1.114639e-02,2.685087e-02,3.144756e-02,9.805083e-02
3.101539e-01,5.878030e-02,4.119847e-02,1.325178e-01,3.415427e-02,2.343862e-02,3.317314e-03,9.285916e-03,1.217875e-01,1.294054e-02,3.855863e-02,1.017350e-02,2.301668e-02,5.728783e-02,1.233887e-01
2.680025e-01,5.155186e-02,4.215439e-02,9.757423e-02,2.994128e-02,2.025577e-02,2.794004e-03,2.184506e-02,1.607296e-01,1.160703e-02,3.072170e-02,8.687071e-03,1.878182e-02,8.402967e-02,1.513240e-01
2.488487e-01,4.151439e-02,9.453960e-02,7.780571e-02,3.317925e-02,1.742176e-02,2.577459e-03,3.851895e-02,1.479178e-01,1.030523e-02,2.518476e-02,1.003204e-02,1.666676e-02,9.493461e-02,1.405529e-01
2.214844e-01,3.394047e-02,7.600342e-02,5.620753e-02,3.210760e-02,1.611884e-02,2.008405e-03,3.572581e-02,2.075662e-01,9.293348e-03,2.008385e-02,9.029476e-03,1.358187e-02,1.235622e-01,1.432865e-01
2.031208e-01,2.883931e-02,6.095304e-02,4.071397e-02,2.979269e-02,1.361495e-02,1.679845e-03,3.596899e-02,2.459543e-01,9.073859e-03,1.729982e-02,7.280000e-03,1.046223e-02,1.388118e-01,1.564344e-01
2.255478e-01,2.572457e-02,5.502100e-02,3.163910e-02,2.571749e-02,1.307333e-02,1.444531e-03,2.965913e-02,2.645419e-01,8.840770e-03,2.133060e-02,9.283388e-03,9.513838e-03,1.326152e-01,1.460474e-01
2.429909e-01,2.741141e-02,8.254854e-02,5.616301e-02,2.803826e-02,1.176821e-02,1.682068e-03,2.449699e-02,2.280488e-01,8.264594e-03,2.483910e-02,1.240855e-02,1.200046e-02,1.133549e-01,1.259842e-01
2.960094e-01,2.465389e-02,8.897761e-02,4.777941e-02,2.619996e-02,1.414230e-02,2.293144e-03,2.890576e-02,1.885524e-01,8.530010e-03,2.393022e-02,1.568630e-02,1.231892e-02,1.229162e-01,9.910453e-02
2.468300e-01,2.522663e-02,1.456527e-01,1.202884e-01,3.679298e-02,1.226752e-02,1.734276e-03,3.084026e-02,1.671201e-01,7.225068e-03,1.851534e-02,1.203265e-02,9.314394e-03,9.055917e-02,7.560059e-02
2.305092e-01,2.585276e-02,1.437560e-01,1.151870e-01,5.227669e-02,1.224690e-02,1.461447e-03,7.312210e-02,1.720837e-01,7.915837e-03,1.390085e-02,9.549507e-03,7.104971e-03,7.279334e-02,6.223973e-02
2.034173e-01,2.540272e-02,1.523928e-01,1.730894e-01,4.927080e-02,1.070126e-02,1.260688e-03,8.518220e-02,1.543846e-01,1.498783e-02,1.113249e-02,7.177101e-03,5.282322e-03,5.662192e-02,4.969648e-02
1.783427e-01,2.724280e-02,1.891179e-01,1.250948e-01,4.421835e-02,9.217739e-03,1.681850e-03,1.969756e-01,1.143656e-01,1.195506e-02,8.301485e-03,5.225941e-03,4.513623e-03,4.434111e-02,3.940537e-02
1.958522e-01,4.729663e-02,1.708401e-01,9.616429e-02,5.020662e-02,1.144064e-02,3.208888e-03,2.039658e-01,9.638541e-02,1.302680e-02,7.735885e-03,4.988305e-03,5.661691e-03,4.392482e-02,4.930183e-02
2.143466e-01,4.568500e-02,1.338321e-01,7.468225e-02,5.680405e-02,1.228112e-02,4.597992e-03,2.527883e-01,8.293897e-02,1.281571e-02,6.620957e-03,4.920553e-03,5.956585e-03,4.304813e-02,4.868158e-02
2.377020e-01,4.631300e-02,1.037764e-01,5.809191e-02,5.695833e-02,1.203995e-02,6.144608e-03,2.614029e-01,7.505153e-02,1.797556e-02,5.673177e-03,4.779007e-03,6.347039e-03,4.225117e-02,6.549336e-02
