1.000000e+00,0.000000e+00,0.000000e+00,0.000000e+00,0.000000e+00,0.000000e+00,0.000000e+00,0.000000e+00,0.000000e+00,0.000000e+00,0.000000e+00,0.000000e+00,0.000000e+00,0.000000e+00,0.000000e+00
1.000000e+00,0.000000e+00,0.000000e+00,0.000000e+00,0.000000e+00,0.000000e+00,0.000000e+00,0.000000e+00,0.000000e+00,0.000000e+00,0.000000e+00,0.000000e+00,0.000000e+00,0.000000e+00,0.000000e+00
1.000000e+00,0.000000e+00,0.000000e+00,0.000000e+00,0.000000e+00,0.000000e+00,0.000000e+00,0.000000e+00,0.000000e+00,0.000000e+00,0.000000e+00,0.000000e+00,0.000000e+00,0.000000e+00,0.000000e+00
1.000000e+00,0.000000e+00,0.000000e+00,0.000000e+00,0.000000e+00,0.000000e+00,0.000000e+00,0.000000e+00,0.000000e+00,0.000000e+00,0.000000e+00,0.000000e+00,0.000000e+00,0.000000e+00,0.000000e+00
1.000000e+00,0.000000e+00,0.000000e+00,0.000000e+00,0.000000e+00,0.000000e+00,0.000000e+00,0.000000e+00,0.000000e+00,0.000000e+00,0.000000e+00,0.000000e+00,0.000000e+00,0.000000e+00,0.000000e+00
1.000000e+00,0.000000e+00,0.000000e+00,0.000000e+00,0.000000e+00,0.000000e+00,0.000000e+00,0.000000e+00,0.000000e+00,0.000000e+00,0.000000e+00,0.000000e+00,0.000000e+00,0.000000e+00,0.000000e+00
1.000000e+00,0.000000e+00,0.000000e+00,0.000000e+00,0.000000e+00,0.000000e+00,0.000000e+00,0.000000e+00,0.000000e+00,0.000000e+00,0.000000e+00,0.000000e+00,0.000000e+00,0.000000e+00,0.000000e+00
1.000000e+00,0.000000e+00,0.000000e+00,0.000000e+00,0.000000e+00,0.000000e+00,0.000000e+00,0.000000e+00,0.000000e+00,0.000000e+00,0.000000e+00,0.000000e+00,0.000000e+00,0.000000e+00,0.000000e+00
1.000000e+00,0.000000e+00,0.000000e+00,0.000000e+00,0.000000e+00,0.000000e+00,0.000000e+00,0.000000e+00,0.000000e+00,0.000000e+00,0.000000e+00,0.000000e+00,0.000000e+00,0.000000e+00,0.000000e+00
1.000000e+00,0.000000e+00,0.000000e+00,0.000000e+00,0.000000e+00,0.000000e+00,0.000000e+00,0.000000e+00,0.000000e+00,0.000000e+00,0.000000e+00,0.000000e+00,0.000000e+00,0.000000e+00,0.000000e+00
1.000000e+00,0.000000e+00,0.000000e+00,0.000000e+00,0.000000e+00,0.000000e+00,0.000000e+00,0.000000e+00,0.000000e+00,0.000000e+00,0.000000e+00,0.000000e+00,0.000000e+00,0.000000e+00,0.000000e+00
1.000000e+00,0.000000e+00,0.000000e+00,0.000000e+00,0.000000e+00,0.000000e+00,0.000000e+00,0.000000e+00,0.000000e+00,0.000000e+00,0.000000e+00,0.000000e+00,0.000000e+00,0.000000e+00,0.000000e+00
1.000000e+00,0.000000e+00,0.000000e+00,0.000000e+00,0.000000e+00,0.000000e+00,0.000000e+00,0.000000e+00,0.000000e+00,0.000000e+00,0.000000e+00,0.000000e+00,0.000000e+00,0.000000e+00,0.000000e+00
1.000000e+00,0.000000e+00,0.000000e+00,0.000000e+00,0.000000e+00,0.000000e+00,0.000000e+00,0.000000e+00,0.000000e+00,0.000000e+00,0.000000e+00,0.000000e+00,0.000000e+00,0.000000e+00,0.000000e+00
1.000000e+00,0.000000e+00,0.000000e+00,0.000000e+00,0.000000e+00,0.000000e+00,0.000000e+00,0.000000e+00,0.000000e+00,0.000000e+00,0.000000e+00,0.000000e+00,0.000000e+00,0.000000e+00,0.000000e+00
1.000000e+00,0.000000e+00,0.000000e+00,0.000000e+00,0.000000e+00,0.000000e+00,0.000000e+00,0.000000e+00,0.000000e+00,0.000000e+00,0.000000e+00,0.000000e+00,0.000000e+00,0.000000e+00,0.000000e+00
1.000000e+00,0.000000e+00,0.000000e+00,0.000000e+00,0.000000e+00,0.000000e+00,0.000000e+00,0.000000e+00,0.000000e+00,0.000000e+00,0.000000e+00,0.000000e+00,0.000000e+00,0.000000e+00,0.000000e+00
1.000000e+00,0.000000e+00,0.000000e+00,0.000000e+00,0.000000e+00,0.000000e+00,0.000000e+00,0.000000e+00,0.000000e+00,0.000000e+00,0.000000e+00,0.000000e+00,0.000000e+00,0.000000e+00,0.000000e+00
1.000000e+00,0.000000e+00,0.000000e+00,0.000000e+00,0.000000e+00,0.000000e+00,0.000000e+00,0.000000e+00,0.000000e+00,0.000000e+00,0.000000e+00,0.000000e+00,0.000000e+00,0.000000e+00,0.000000e+00
1.000000e+00,0.000000e+00,0.000000e+00,0.000000e+00,0.000000e+00,0.000000e+00,0.000000e+00,0.000000e+00,0.000000e+00,0.000000e+00,0.000000e+00,0.000000e+00,0.000000e+00,0.000000e+00,0.000000e+00
1.000000e+00,0.000000e+00,0.000000e+00,0.000000e+00,0.000000e+00,0.000000e+00,0.000000e+00,0.000000e+00,0.000000e+00,0.000000e+00,0.000000e+00,0.000000e+00,0.000000e+00,0.000000e+00,0.000000e+00
1.000000e+00,0.000000e+00,0.000000e+00,0.000000e+00,0.000000e+00,0.000000e+00,0.000000e+00,0.000000e+00,0.000000e+00,0.000000e+00,0.000000e+00,0.000000e+00,0.000000e+00,0.000000e+00,0.000000e+00
1.000000e+00,0.000000e+00,0.000000e+00,0.000000e+00,0.000000e+00,0.000000e+00,0.000000e+00,0.000000e+00,0.000000e+00,0.000000e+00,0.000000e+00,0.000000e+00,0.000000e+00,0.000000e+00,0.000000e+00
1.000000e+00,0.000000e+00,0.000000e+00,0.000000e+00,0.000000e+00,0.000000e+00,0.000000e+00,0.000000e+00,0.000000e+00,0.000000e+00,0.000000e+00,0.000000e+00,0.000000e+00,0.000000e+00,0.000000e+00
1.000000e+00,0.000000e+00,0.000000e+00,0.000000e+00,0.000000e+00,0.000000e+00,0.000000e+00,0.000000e+00,0.000000e+00,0.000000e+00,0.000000e+00,0.000000e+00,0.000000e+00,0.000000e+00,0.000000e+00
1.000000e+00,0.000000e+00,0.000000e+00,0.000000e+00,0.000000e+00,0.000000e+00,0.000000e+00,0.000000e+00,0.000000e+00,0.000000e+00,0.000000e+00,0.000000e+00,0.000000e+00,0.000000e+00,0.000000e+00
1.000000e+00,0.000000e+00,0.000000e+00,0.000000e+00,0.000000e+00,0.000000e+00,0.000000e+00,0.000000e+00,0.000000e+00,0.000000e+00,0.000000e+00,0.000000e+00,0.000000e+00,0.000000e+00,0.000000e+00
1.000000e+00,0.000000e+00,0.000000e+00,0.000000e+00,0.000000e+00,0.000000e+00,0.000000e+00,0.000000e+00,0.000000e+00,0.000000e+00,0.000000e+00,0.000000e+00,0.000000e+00,0.000000e+00,0.000000e+00
1.000000e+00,0.000000e+00,0.000000e+00,0.000000e+00,0.000000e+00,0.000000e+00,0.000000e+00,0.000000e+00,0.000000e+00,0.000000e+00,0.000000e+00,0.000000e+00,0.000000e+00,0.000000e+00,0.000000e+00
1.000000e+00,0.000000e+00,0.000000e+00,0.000000e+00,0.000000e+00,0.000000e+00,0.000000e+00,0.000000e+00,0.000000e+00,0.000000e+00,0.000000e+00,0.000000e+00,0.000000e+00,0.000000e+00,0.000000e+00
1.000000e+00,0.000000e+00,0.000000e+00,0.000000e+00,0.000000e+00,0.000000e+00,0.000000e+00,0.000000e+00,0.000000e+00,0.000000e+00,0.000000e+00,0.000000e+00,0.000000e+00,0.000000e+00,0.000000e+00
1.000000e+00,0.000000e+00,0.000000e+00,0.000000e+00,0.000000e+00,0.000000e+00,0.000000e+00,0.000000e+00,0.000000e+00,0.000000e+00,0.000000e+00,0.000000e+00,0.000000e+00,0.000000e+00,0.000000e+00
1.000000e+00,0.000000e+00,0.000000e+00,0.000000e+00,0.000000e+00,0.000000e+00,0.000000e+00,0.000000e+00,0.000000e+00,0.000000e+00,0.000000e+00,0.000000e+00,0.000000e+00,0.000000e+00,0.000000e+00
1.000000e+00,0.000000e+00,0.000000e+00,0.000000e+00,0.000000e+00,0.000000e+00,0.000000e+00,0.000000e+00,0.000000e+00,0.000000e+00,0.000000e+00,0.000000e+00,0.000000e+00,0.000000e+00,0.000000e+00
1.000000e+00,0.000000e+00,0.000000e+00,0.000000e+00,0.000000e+00,0.000000e+00,0.000000e+00,0.000000e+00,0.000000e+00,0.000000e+00,0.000000e+00,0.000000e+00,0.000000e+00,0.000000e+00,0.000000e+00
1.000000e+00,0.000000e+00,0.000000e+00,0.000000e+00,0.000000e+00,0.000000e+00,0.000000e+00,0.000000e+00,0.000000e+00,0.000000e+00,0.000000e+00,0.000000e+00,0.000000e+00,0.000000e+00,0.000000e+00
1.000000e+00,0.000000e+00,0.000000e+00,0.000000e+00,0.000000e+00,0.000000e+00,0.000000e+00,0.000000e+00,0.000000e+00,0.000000e+00,0.000000e+00,0.000000e+00,0.000000e+00,0.000000e+00,0.000000e+00
1.000000e+00,0.000000e+00,0.000000e+00,0.000000e+00,0.000000e+00,0.000000e+00,0.000000e+00,0.000000e+00,0.000000e+00,0.000000e+00,0.000000e+00,0.000000e+00,0.000000e+00,0.000000e+00,0.000000e+00
1.000000e+00,0.000000e+00,0.000000e+00,0.000000e+00,0.000000e+00,0.000000e+00,0.000000e+00,0.000000e+00,0.000000e+00,0.000000e+00,0.000000e+00,0.000000e+00,0.000000e+00,0.000000e+00,0.000000e+00
1.000000e+00,0.000000e+00,0.000000e+00,0.000000e+00,0.000000e+00,0.000000e+00,0.000000e+00,0.000000e+00,0.000000e+00,0.000000e+00,0.000000e+00,0.000000e+00,0.000000e+00,0.000000e+00,0.000000e+00
1.000000e+00,0.000000e+00,0.000000e+00,0.000000e+00,0.000000e+00,0.000000e+00,0.000000e+00,0.000000e+00,0.000000e+00,0.000000e+00,0.000000e+00,0.000000e+00,0.000000e+00,0.000000e+00,0.000000e+00
1.000000e+00,0.000000e+00,0.000000e+00,0.000000e+00,0.000000e+00,0.000000e+00,0.000000e+00,0.000000e+00,0.000000e+00,0.000000e+00,0.000000e+00,0.000000e+00,0.000000e+00,0.000000e+00,0.000000e+00
1.000000e+00,0.000000e+00,0.000000e+00,0.000000e+00,0.000000e+00,0.000000e+00,0.000000e+00,0.000000e+00,0.000000e+00,0.000000e+00,0.000000e+00,0.000000e+00,0.000000e+00,0.000000e+00,0.000000e+00
1.000000e+00,0.000000e+00,0.000000e+00,0.000000e+00,0.000000e+00,0.000000e+00,0.000000e+00,0.000000e+00,0.000000e+00,0.000000e+00,0.000000e+00,0.000000e+00,0.000000e+00,0.000000e+00,0.000000e+00
1.000000e+00,0.000000e+00,0.000000e+00,0.000000e+00,0.000000e+00,0.000000e+00,0.000000e+00,0.000000e+00,0.000000e+00,0.000000e+00,0.000000e+00,0.000000e+00,0.000000e+00,0.000000e+00,0.000000e+00
1.000000e+00,0.000000e+00,0.000000e+00,0.000000e+00,0.000000e+00,0.000000e+00,0.000000e+00,0.000000e+00,0.000000e+00,0.000000e+00,0.000000e+00,0.000000e+00,0.000000e+00,0.000000e+00,0.000000e+00
1.000000e+00,0.000000e+00,0.000000e+00,0.000000e+00,0.000000e+00,0.000000e+00,0.000000e+00,0.000000e+00,0.000000e+00,0.000000e+00,0.000000e+00,0.000000e+00,0.000000e+00,0.000000e+00,0.000000e+00
1.000000e+00,0.000000e+00,0.000000e+00,0.000000e+00,0.000000e+00,0.000000e+00,0.000000e+00,0.000000e+00,0.000000e+00,0.000000e+00,0.000000e+00,0.000000e+00,0.000000e+00,0.000000e+00,0.000000e+00
1.000000e+00,0.000000e+00,0.000000e+00,0.000000e+00,0.000000e+00,0.000000e+00,0.000000e+00,0.000000e+00,0.000000e+00,0.000000e+00,0.000000e+00,0.000000e+00,0.000000e+00,0.000000e+00,0.000000e+00
1.000000e+00,0.000000e+00,0.000000e+00,0.000000e+00,0.000000e+00,0.000000e+00,0.000000e+00,0.000000e+00,0.000000e+00,0.000000e+00,0.000000e+00,0.000000e+00,0.000000e+00,0.000000e+00,0.000000e+00
1.000000e+00,0.000000e+00,0.000000e+00,0.000000e+00,0.000000e+00,0.000000e+00,0.000000e+00,0.000000e+00,0.000000e+00,0.000000e+00,0.000000e+00,0.000000e+00,0.000000e+00,0.000000e+00,0.000000e+00
1.000000e+00,0.000000e+00,0.000000e+00,0.000000e+00,0.000000e+00,0.000000e+00,0.000000e+00,0.000000e+00,0.000000e+00,0.000000e+00,0.000000e+00,0.000000e+00,0.000000e+00,0.000000e+00,0.000000e+00
1.000000e+00,0.000000e+00,0.000000e+00,0.000000e+00,0.000000e+00,0.000000e+00,0.000000e+00,0.000000e+00,0.000000e+00,0.000000e+00,0.000000e+00,0.000000e+00,0.000000e+00,0.000000e+00,0.000000e+00
1.000000e+00,0.000000e+00,0.000000e+00,0.000000e+00,0.000000e+00,0.000000e+00,0.000000e+00,0.000000e+00,0.000000e+00,0.000000e+00,0.000000e+00,0.000000e+00,0.000000e+00,0.000000e+00,0.000000e+00
1.000000e+00,0.000000e+00,0.000000e+00,0.000000e+00,0.000000e+00,0.000000e+00,0.000000e+00,0.000000e+00,0.000000e+00,0.000000e+00,0.000000e+00,0.000000e+00,0.000000e+00,0.000000e+00,0.000000e+00
3.808112e-01,2.194219e-02,9.798942e-03,4.179244e-02,7.350850e-02,2.524246e-02,5.175123e-02,3.391962e-01,5.096337e-03,1.247774e-03,7.189727e-03,1.130191e-02,1.601728e-02,3.084481e-03,1.201933e-02
2.673627e-01,1.568088e-02,8.719305e-03,3.001412e-02,5.866138e-02,1.935323e-02,4.053237e-02,5.196159e-01,3.598331e-03,8.937664e-04,5.181523e-03,7.986265e-03,1.175235e-02,2.200765e-03,8.446995e-03
1.882854e-01,1.140200e-02,7.087322e-03,2.183624e-02,4.976138e-02,1.688809e-02,3.238672e-02,6.421077e-01,2.617602e-03,8.447567e-04,4.376634e-03,5.697004e-03,8.719109e-03,1.951034e-03,6.038845e-03
1.323032e-01,8.274958e-03,5.827559e-03,1.635269e-02,3.624125e-02,1.316592e-02,2.652413e-02,6.805782e-01,2.256414e-03,1.840205e-03,1.514264e-02,1.368686e-02,2.284064e-02,1.778401e-02,7.181221e-03
9.273963e-02,5.830133e-03,4.094683e-03,1.787577e-02,2.560488e-02,9.399803e-03,1.977397e-02,5.138325e-01,2.264337e-03,4.005029e-03,5.768489e-02,4.815996e-02,3.089875e-02,1.613779e-01,6.457781e-03
6.504759e-02,4.329084e-03,2.901531e-03,3.742380e-02,1.818767e-02,6.782762e-03,1.417820e-02,3.745183e-01,4.746837e-03,5.150295e-03,9.336912e-02,5.345529e-02,6.120234e-02,2.493583e-01,9.348880e-03
4.565383e-02,3.226867e-03,2.071416e-03,3.630790e-02,1.301904e-02,4.966504e-03,1.013581e-02,2.711952e-01,5.932492e-03,5.631963e-03,1.104478e-01,4.785267e-02,1.142795e-01,3.163993e-01,1.287962e-02
3.219081e-02,3.795164e-03,2.199080e-03,3.568548e-02,1.050120e-02,4.371124e-03,7.596665e-03,1.923213e-01,3.577988e-02,8.197614e-03,1.229672e-01,3.974376e-02,1.024403e-01,3.767632e-01,2.544733e-02
2.268289e-02,2.904289e-03,1.674174e-03,2.646610e-02,7.756362e-03,3.274328e-03,5.339138e-03,1.347807e-01,4.095876e-02,7.406356e-03,1.143580e-01,2.943806e-02,8.292111e-02,4.996933e-01,2.034643e-02
1.607006e-02,2.789087e-03,1.440586e-03,1.945138e-02,6.092073e-03,3.063201e-03,3.788398e-03,9.450105e-02,5.082226e-02,7.019735e-03,9.020831e-02,2.131576e-02,5.936915e-02,6.083027e-01,1.576630e-02
1.253441e-02,4.266422e-03,4.167032e-03,1.832009e-02,6.899908e-03,6.047009e-03,3.177230e-03,6.860894e-02,8.348940e-02,6.930171e-03,8.102150e-02,1.789449e-02,4.515027e-02,6.248593e-01,1.663388e-02
1.044327e-02,7.273423e-03,8.060870e-03,1.601869e-02,6.591546e-03,3.814556e-02,2.937678e-03,4.887430e-02,1.284205e-01,5.909109e-03,7.001439e-02,1.471645e-02,3.586420e-02,5.878747e-01,1.885538e-02
8.011820e-03,6.299445e-03,6.795105e-03,2.064477e-02,5.138083e-03,3.622424e-02,2.162516e-03,3.473246e-02,2.741993e-01,5.123070e-03,6.389733e-02,1.146482e-02,2.984541e-02,4.796343e-01,1.582741e-02
6.164868e-03,5.719996e-03,6.303057e-03,2.589455e-02,4.044731e-03,5.049179e-02,1.587042e-03,2.437259e-02,3.853224e-01,4.782501e-03,5.408183e-02,1.035945e-02,3.214920e-02,3.698956e-01,1.883044e-02
4.890051e-03,5.756008e-03,6.778765e-03,2.001349e-02,3.570850e-03,4.306043e-02,1.228394e-03,1.734373e-02,3.318403e-01,6.641044e-03,1.284786e-01,1.166167e-02,4.769367e-02,3.415179e-01,2.952506e-02
4.398609e-03,4.600387e-03,5.599658e-03,1.508892e-02,9.495302e-03,3.315035e-02,1.160094e-03,1.567853e-02,3.619542e-01,9.721139e-03,1.179801e-01,1.018682e-02,3.833255e-02,3.239628e-01,4.869054e-02
3.264009e-03,3.775559e-03,4.199702e-03,1.237389e-02,1.109207e-02,2.441042e-02,8.789797e-04,1.170037e-02,5.055324e-01,7.551685e-03,9.033571e-02,7.381233e-03,2.823057e-02,2.522909e-01,3.698246e-02
2.678606e-03,2.991836e-03,4.500743e-03,1.093667e-02,1.233537e-02,1.749206e-02,6.438418e-04,2.942055e-02,5.805880e-01,5.859070e-03,7.453121e-02,5.659094e-03,2.124594e-02,2.043768e-01,2.674018e-02
2.326282e-03,2.651876e-03,7.047418e-03,9.744033e-03,1.744228e-02,1.266495e-02,5.678471e-04,1.811829e-01,5.180352e-01,4.258683e-03,5.514108e-02,4.707116e-03,1.586640e-02,1.490704e-01,1.929355e-02
3.994890e-03,4.728544e-03,5.845479e-02,3.763992e-02,4.404747e-02,9.690958e-03,1.071297e-03,2.258000e-01,4.327233e-01,3.322001e-03,4.092265e-02,3.477182e-03,1.149674e-02,1.076868e-01,1.494341e-02
3.363279e-03,4.106849e-03,7.138917e-02,3.557070e-02,3.844611e-02,7.373199e-03,1.050594e-03,3.989313e-01,3.111092e-01,2.417300e-03,2.931320e-02,2.489723e-03,8.140457e-03,7.560519e-02,1.069385e-02
2.802648e-03,3.420976e-03,7.886036e-02,3.378113e-02,3.114942e-02,5.525002e-03,1.711127e-03,5.282108e-01,2.232345e-01,1.759108e-03,2.120086e-02,1.814650e-03,5.912330e-03,5.299877e-02,7.618397e-03
4.089932e-03,4.117316e-03,6.663364e-02,3.121938e-02,2.535703e-02,4.645634e-03,1.398518e-03,6.291325e-01,1.613869e-01,1.882793e-03,1.820488e-02,1.657145e-03,5.032446e-03,3.757456e-02,7.667372e-03
6.684530e-03,4.446230e-03,7.294220e-02,3.755362e-02,1.949228e-02,4.601727e-03,1.196970e-03,6.189334e-01,1.266490e-01,3.405859e-03,4.539785e-02,5.974400e-03,1.109530e-02,2.746430e-02,1.416236e-02
1.582206e-02,1.315664e-02,9.064331e-02,1.551824e-01,2.938072e-02,5.248297e-03,1.086012e-03,4.854586e-01,1.077326e-01,5.230887e-03,3.943057e-02,4.893140e-03,8.998501e-03,1.955219e-02,1.818417e-02
1.577490e-02,2.220423e-02,9.415354e-02,2.819972e-01,5.207078e-02,7.251890e-03,1.750975e-03,3.530246e-01,9.436436e-02,5.177086e-03,3.160927e-02,4.105083e-03,7.566488e-03,1.382276e-02,1.512686e-02
1.726915e-02,3.062929e-02,9.391118e-02,3.604268e-01,5.947648e-02,8.445558e-03,1.694313e-03,2.543053e-01,9.020183e-02,1.322673e-02,3.097422e-02,3.449687e-03,6.731344e-03,1.016519e-02,1.909295e-02
1.247888e-02,7.588679e-02,7.455194e-02,4.624040e-01,5.864345e-02,6.438924e-03,1.252478e-03,1.783265e-01,6.745831e-02,9.605304e-03,2.453242e-02,2.494616e-03,4.950927e-03,7.159098e-03,1.381636e-02
9.425720e-03,2.164682e-01,1.130140e-01,3.425219e-01,4.807363e-02,6.334024e-03,9.356313e-04,1.249694e-01,5.674390e-02,7.900018e-03,4.059084e-02,2.176428e-03,5.912484e-03,1.055295e-02,1.438077e-02
8.395583e-03,1.615341e-01,8.130946e-02,2.519517e-01,3.767000e-02,1.008708e-02,8.953166e-04,8.760705e-02,7.513709e-02,8.926481e-03,2.175905e-01,2.738598e-03,2.003551e-02,1.832857e-02,1.779303e-02
7.226286e-03,1.136097e-01,5.784817e-02,1.773534e-01,2.813915e-02,9.703510e-03,6.952673e-04,6.138056e-02,7.095113e-02,9.223131e-03,3.341351e-01,2.196891e-03,2.634129e-02,6.634001e-02,3.485641e-02
6.798822e-03,8.041896e-02,5.278738e-02,1.394729e-01,2.590124e-02,8.007441e-03,5.687131e-04,4.340829e-02,1.945581e-01,1.292547e-02,3.226628e-01,2.089371e-03,3.223117e-02,4.920798e-02,2.896133e-02
7.943119e-03,6.335564e-02,1.229260e-01,1.337878e-01,2.409274e-02,8.848038e-03,6.660194e-04,3.074562e-02,2.113046e-01,1.982421e-02,2.462789e-01,3.140350e-03,2.444058e-02,5.966537e-02,4.298110e-02
1.292915e-02,5.261818e-02,1.061260e-01,9.814380e-02,2.140297e-02,1.009900e-02,6.372608e-04,2.180082e-02,2.078056e-01,1.881984e-02,2.122620e-01,2.589776e-03,1.790690e-02,1.309858e-01,8.587294e-02
1.882564e-02,4.638506e-02,9.834449e-02,7.873747e-02,2.151949e-02,1.388238e-02,5.680337e-04,1.730460e-02,2.777789e-01,2.010075e-02,1.558424e-01,2.757657e-03,1.329009e-02,1.496832e-01,8.497993e-02
1.474771e-02,4.626971e-02,9.190691e-02,5.692606e-02,1.763892e-02,1.271952e-02,4.511317e-04,1.297170e-02,3.856447e-01,1.999533e-02,1.123231e-01,2.880463e-03,9.931865e-03,1.384892e-01,7.710378e-02
1.423105e-02,3.817689e-02,8.312012e-02,4.077262e-02,1.572016e-02,1.229054e-02,3.919669e-04,9.364340e-03,4.257539e-01,2.635998e-02,8.259045e-02,2.489274e-03,7.668454e-03,1.263204e-01,1.147499e-01
2.540592e-02,3.354877e-02,6.905691e-02,2.922274e-02,2.108352e-02,1.182356e-02,3.660132e-04,7.689464e-03,4.643708e-01,2.951654e-02,6.292613e-02,1.884182e-03,6.876885e-03,1.297387e-01,1.064899e-01
2.266339e-02,3.076180e-02,5.638273e-02,2.286693e-02,2.005518e-02,9.412423e-03,4.684214e-04,7.257905e-03,5.336868e-01,2.767739e-02,4.847429e-02,1.523595e-03,5.559650e-03,1.081251e-01,1.050843e-01
2.937225e-02,3.385181e-02,6.072654e-02,1.753931e-02,2.927379e-02,9.428218e-03,9.305103e-04,1.198474e-02,5.465714e-01,2.578513e-02,3.758921e-02,1.952577e-03,5.557256e-03,1.052624e-01,8.417477e-02
2.379967e-02,2.821132e-02,1.706989e-01,2.011687e-02,2.577639e-02,7.463292e-03,7.661136e-04,9.861377e-03,4.926492e-01,3.287325e-02,2.719971e-02,1.736646e-03,4.341417e-03,7.763349e-02,7.687232e-02
1.918388e-02,2.131234e-02,2.196163e-01,1.890067e-02,2.006396e-02,6.244785e-03,6.258459e-04,7.072120e-03,4.126816e-01,3.516410e-02,2.111366e-02,1.407872e-03,3.730766e-03,5.977196e-02,1.531101e-01
1.409784e-02,1.537936e-02,2.188376e-01,1.346330e-02,1.422870e-02,4.629273e-03,4.579027e-04,5.021727e-03,3.214022e-01,1.089607e-01,2.218048e-02,1.241159e-03,4.188028e-03,5.116843e-02,2.047433e-01
1.126064e-02,1.344122e-02,1.697430e-01,1.066552e-02,1.110092e-02,3.756579e-03,3.429691e-04,3.696389e-03,2.972649e-01,1.369335e-01,3.900518e-02,1.399772e-03,6.156146e-03,5.327988e-02,2.419533e-01
8.268909e-03,1.066296e-02,1.531087e-01,3.151189e-02,8.283934e-03,2.701872e-03,2.564747e-04,2.740611e-03,4.181044e-01,1.061917e-01,2.831061e-02,1.036926e-03,4.623879e-03,3.747474e-02,1.867224e-01
8.048491e-03,1.049070e-02,2.562918e-01,7.275969e-02,7.654130e-03,2.611294e-03,3.319443e-04,2.565630e-03,3.494707e-01,9.123512e-02,2.108037e-02,8.817574e-04,3.747632e-03,2.698843e-02,1.458423e-01
1.634700e-02,1.925373e-02,3.515421e-01,5.718086e-02,9.579011e-03,4.917303e-03,4.738127e-04,2.409515e-03,2.709940e-01,7.534969e-02,1.715029e-02,8.079881e-04,3.205950e-03,2.939144e-02,1.413974e-01
2.226304e-02,3.314759e-02,2.579257e-01,9.867330e-02,1.227661e-02,6.872938e-03,1.075131e-03,3.884367e-03,3.084197e-01,6.840718e-02,1.808752e-02,9.790384e-04,4.137814e-03,2.236462e-02,1.414854e-01
8.598208e-02,4.276594e-02,1.869695e-01,9.681837e-02,3.295670e-02,2.169620e-02,1.601615e-02,2.927195e-02,2.559930e-01,5.754514e-02,2.386539e-02,4.010949e-03,9.092275e-03,1.795488e-02,1.190614e-01
1.053823e-01,4.509968e-02,1.360922e-01,7.899162e-02,4.180908e-02,2.751813e-02,1.584633e-02,1.744030e-01,1.896214e-01,4.235383e-02,2.083426e-02,5.102301e-03,8.307294e-03,1.449608e-02,9.414239e-02
9.340911e-02,3.418292e-02,9.785477e-02,5.877513e-02,3.441397e-02,2.181357e-02,1.267163e-02,3.783472e-01,1.343703e-01,2.991130e-02,1.558989e-02,3.995139e-03,6.226065e-03,1.077751e-02,6.766143e-02
8.103342e-02,2.583360e-02,7.149372e-02,4.367657e-02,2.773163e-02,1.874053e-02,1.183712e-02,5.246706e-01,9.677465e-02,2.113999e-02,1.147920e-02,3.243018e-03,4.996021e-03,8.222536e-03,4.912738e-02
7.187878e-02,1.853301e-02,5.095423e-02,3.194812e-02,2.345110e-02,1.487691e-02,9.569437e-03,6.396881e-01,6.884939e-02,1.516484e-02,8.332854e-03,2.577705e-03,3.736680e-03,5.910296e-03,3.452851e-02
8.510290e-02,1.341463e-02,3.659013e-02,2.337573e-02,1.993169e-02,1.290548e-02,7.582725e-03,7.010490e-01,4.859200e-02,1.084411e-02,6.280467e-03,2.609379e-03,3.037076e-03,4.327636e-03,2.435710e-02
8.625111e-02,9.759190e-03,2.627479e-02,1.737234e-02,1.724935e-02,1.320831e-02,6.027717e-03,7.475998e-01,3.459382e-02,7.802159e-03,6.043483e-03,3.714509e-03,3.579631e-03,3.173420e-03,1.735032e-02
1.250045e-01,7.091772e-03,1.900936e-02,1.414107e-02,1.472612e-02,1.474099e-02,4.534871e-03,7.421457e-01,2.546757e-02,5.554407e-03,5.036680e-03,4.550778e-03,3.196698e-03,2.330760e-03,1.246872e-02
1.407402e-01,5.246568e-03,1.423407e-02,1.180673e-02,1.249729e-02,1.434712e-02,3.579875e-03,7.508134e-01,1.928715e-02,4.057045e-03,4.331428e-03,5.124478e-03,2.874885e-03,1.803096e-03,9.256663e-03
1.452345e-01,4.041318e-03,1.059053e-02,1.045205e-02,1.094225e-02,1.363169e-02,3.178507e-03,7.644881e-01,1.461621e-02,3.219428e-03,3.549621e-03,4.735817e-03,2.658688e-03,1.418826e-03,7.242501e-03
1.605307e-01,3.409860e-03,8.310742e-03,1.132609e-02,1.015496e-02,1.589720e-02,3.153082e-03,7.541549e-01,1.159132e-02,2.801851e-03,3.187079e-03,5.059863e-03,2.919145e-03,1.207572e-03,6.295496e-03
1.196012e-01,7.236218e-03,2.552453e-02,8.142191e-02,1.461622e-02,1.103037e-01,2.683002e-03,5.380709e-01,1.852817e-02,1.029993e-02,2.108568e-02,1.505103e-02,1.395525e-02,1.852731e-03,1.976942e-02
8.473331e-02,5.433768e-03,1.979229e-02,1.758931e-01,1.096694e-02,8.213902e-02,1.911296e-03,3.777164e-01,1.382952e-02,1.019242e-02,1.425372e-01,1.660980e-02,4.145841e-02,1.541390e-03,1.524505e-02
6.030432e-02,4.348845e-03,1.549134e-02,2.402004e-01,8.765547e-03,6.060174e-02,1.417724e-03,2.664056e-01,1.102559e-02,1.046722e-02,2.130382e-01,2.274941e-02,7.051211e-02,2.387053e-03,1.228484e-02
5.180811e-02,3.358267e-03,1.187164e-02,1.982875e-01,7.268147e-03,5.195951e-02,1.741121e-03,1.891691e-01,1.125224e-02,8.749883e-03,2.245644e-01,9.510435e-02,1.308265e-01,4.404748e-03,9.634434e-03
4.221281e-02,2.879307e-03,9.019437e-03,1.453889e-01,9.448586e-03,3.845192e-02,1.342088e-03,1.345760e-01,4.285603e-02,8.315071e-03,2.840566e-01,1.024452e-01,1.680202e-01,3.694796e-03,7.293037e-03
3.470846e-02,1.216928e-02,7.316439e-03,1.191646e-01,8.978331e-03,3.053978e-02,1.069029e-03,9.526510e-02,2.334718e-01,7.605573e-03,2.168225e-01,9.019218e-02,1.336185e-01,3.028931e-03,6.049477e-03
3.658336e-02,2.183680e-02,5.668848e-03,9.399898e-02,7.619337e-03,3.882292e-02,8.480479e-04,6.723934e-02,3.839027e-01,6.597321e-03,1.545115e-01,7.028187e-02,1.028328e-01,2.665109e-03,6.591169e-03
3.532983e-02,2.743655e-02,6.602911e-03,1.222649e-01,7.868053e-03,3.297859e-02,7.918406e-04,4.897293e-02,4.642209e-01,6.375195e-03,1.112600e-01,5.258641e-02,7.424307e-02,2.489411e-03,6.579393e-03
7.035310e-02,2.472560e-02,8.884154e-03,8.696252e-02,7.756404e-03,9.688530e-02,2.122898e-03,3.852544e-02,4.770391e-01,4.717608e-03,8.192386e-02,3.925417e-02,5.371372e-02,2.170598e-03,4.965545e-03
8.459203e-02,2.643635e-02,8.012052e-03,6.295662e-02,8.354522e-03,1.063424e-01,1.751932e-03,3.009501e-02,5.254562e-01,4.055573e-03,6.035295e-02,3.051358e-02,4.309326e-02,2.766443e-03,5.220950e-03
8.069929e-02,3.095065e-02,1.171347e-02,5.810544e-02,1.177002e-02,1.187770e-01,1.667013e-03,2.558082e-02,4.944042e-01,1.488515e-02,4.386236e-02,2.264460e-02,3.589952e-02,2.861513e-03,4.617891e-02
1.453609e-01,2.789670e-02,1.408943e-02,5.088450e-02,1.942627e-02,1.082342e-01,5.880975e-03,2.458040e-02,4.364377e-01,1.334802e-02,3.379626e-02,1.889530e-02,5.877027e-02,4.775461e-03,3.762364e-02
1.283323e-01,4.077340e-02,1.662504e-02,4.158958e-02,2.509562e-02,1.139696e-01,7.331747e-03,3.284045e-02,3.980635e-01,1.459290e-02,2.642518e-02,1.669850e-02,9.059162e-02,5.471367e-03,4.159914e-02
9.290529e-02,4.337704e-02,1.526820e-02,3.714725e-02,2.009852e-02,1.106354e-01,6.194962e-03,2.449541e-02,3.734360e-01,1.261482e-02,2.250859e-02,1.446435e-02,1.693344e-01,4.218228e-03,5.330153e-02
6.600349e-02,3.613310e-02,1.160349e-02,3.073766e-02,1.452454e-02,8.445662e-02,4.472815e-03,1.853843e-02,4.865010e-01,1.275561e-02,1.653835e-02,1.083224e-02,1.527409e-01,3.070969e-03,5.109088e-02
5.975512e-02,3.484523e-02,1.372282e-02,3.426407e-02,1.793658e-02,9.785992e-02,3.941771e-03,1.771016e-02,4.319299e-01,1.650641e-02,1.510591e-02,1.204681e-02,1.848036e-01,2.702183e-03,5.686953e-02
6.124699e-02,3.208115e-02,2.753726e-02,9.186743e-02,2.209434e-02,9.626233e-02,4.223462e-03,2.177072e-02,3.861005e-01,1.623537e-02,1.379210e-02,9.939552e-03,1.603960e-01,2.534614e-03,5.391823e-02
5.731635e-02,2.931193e-02,6.176608e-02,1.631728e-01,1.897280e-02,7.484482e-02,3.400492e-03,2.090049e-02,3.220625e-01,1.994516e-02,1.275441e-02,7.890155e-03,1.251937e-01,2.386061e-03,8.008233e-02
7.922428e-02,4.242733e-02,5.149917e-02,1.276165e-01,2.686623e-02,7.229533e-02,3.170775e-03,3.803181e-02,2.936566e-01,2.244394e-02,1.098031e-02,6.641109e-03,1.158064e-01,4.818839e-03,1.045214e-01
8.674999e-02,4.320705e-02,4.425395e-02,9.403374e-02,2.956902e-02,6.875876e-02,2.528035e-03,3.113137e-02,2.427298e-01,2.065695e-02,9.100031e-03,5.136054e-03,9.234201e-02,7.609107e-03,2.221942e-01
9.494999e-02,4.598548e-02,7.071348e-02,1.615806e-01,3.369729e-02,5.171658e-02,2.948033e-03,3.431203e-02,1.926257e-01,1.872836e-02,8.893834e-03,4.903684e-03,6.652797e-02,7.344366e-03,2.050726e-01
2.593263e-01,4.213206e-02,6.051265e-02,1.361334e-01,3.603233e-02,4.183613e-02,3.295265e-03,3.038369e-02,1.434449e-01,1.404988e-02,9.624491e-03,8.109043e-03,5.298910e-02,7.132388e-03,1.549985e-01
3.191279e-01,4.482063e-02,7.697257e-02,1.269418e-01,3.819710e-02,3.557524e-02,3.051388e-03,2.657117e-02,1.131771e-01,1.126071e-02,9.541418e-03,9.330808e-03,3.948764e-02,7.418171e-03,1.385264e-01
2.892461e-01,4.824354e-02,1.011901e-01,1.217514e-01,3.001443e-02,2.706960e-02,2.654227e-03,2.036496e-02,9.350342e-02,1.180994e-02,8.752739e-03,8.486781e-03,2.909552e-02,1.246152e-02,1.953558e-01
3.566792e-01,4.445761e-02,9.339563e-02,9.548488e-02,2.492399e-02,2.140310e-02,3.320285e-03,1.757407e-02,7.283896e-02,1.020040e-02,8.992855e-03,8.548979e-03,2.268931e-02,2.026373e-02,1.992270e-01
3.110905e-01,3.809826e-02,7.978222e-02,6.895446e-02,1.937238e-02,1.752797e-02,2.530647e-03,1.302182e-02,5.554663e-02,7.849365e-03,8.707842e-03,7.065242e-03,1.666427e-02,8.434051e-02,2.694479e-01
2.263268e-01,2.749601e-02,5.686004e-02,4.840875e-02,1.369655e-02,1.282798e-02,1.799992e-03,9.228680e-03,4.042456e-02,7.047302e-03,7.109404e-03,5.761272e-03,1.217816e-02,2.844479e-01,2.463866e-01
1.667207e-01,2.175741e-02,4.180914e-02,3.419803e-02,9.904109e-03,9.451117e-03,1.302012e-03,6.611951e-03,3.439953e-02,1.053768e-02,6.804587e-03,5.323928e-03,8.894435e-03,3.684716e-01,2.738138e-01
1.205603e-01,1.701352e-02,3.366790e-02,2.552523e-02,7.072333e-03,6.748592e-03,9.452312e-04,4.660967e-03,4.540365e-02,1.509742e-02,6.667503e-03,4.385195e-03,6.436309e-03,4.622254e-01,2.435904e-01
8.637003e-02,1.215090e-02,2.380205e-02,1.792928e-02,5.008300e-03,4.846238e-03,6.812252e-04,3.271475e-03,3.417237e-02,1.254855e-02,5.040171e-03,3.236594e-03,4.590621e-03,6.049795e-01,1.813728e-01
6.100775e-02,8.568086e-03,1.669710e-02,1.256863e-02,3.540190e-03,3.423677e-03,4.899664e-04,2.295170e-03,2.794555e-02,1.100925e-02,4.782348e-03,2.455408e-03,3.419051e-03,6.840444e-01,1.577535e-01
4.328925e-02,6.087007e-03,1.178212e-02,8.827489e-03,2.579824e-03,2.462302e-03,3.624500e-04,1.615904e-03,5.825786e-02,2.562519e-02,7.032546e-03,2.067895e-03,2.774570e-03,6.599610e-01,1.672746e-01
3.039317e-02,4.292088e-03,8.282699e-03,6.188382e-03,1.862012e-03,1.747443e-03,2.611725e-04,1.134463e-03,7.971840e-02,3.825518e-02,1.243082e-02,1.525238e-03,2.172487e-03,6.543007e-01,1.574357e-01
2.211110e-02,3.091986e-03,5.996106e-03,4.422188e-03,1.990198e-03,1.353297e-03,2.476382e-04,8.483698e-04,2.641218e-01,4.503321e-02,2.350890e-02,1.190256e-03,2.236275e-03,4.717292e-01,1.521195e-01
1.636182e-02,3.314943e-03,6.309641e-03,3.482860e-03,8.004392e-03,2.472973e-03,3.036339e-04,7.403998e-04,3.762022e-01,3.701968e-02,5.560827e-02,1.035689e-03,2.956886e-03,3.529004e-01,1.332863e-01
1.402283e-02,3.986761e-03,8.288823e-02,1.372462e-02,3.015094e-02,2.505395e-03,5.030776e-04,1.400725e-03,4.254136e-01,2.797653e-02,4.460784e-02,9.264931e-04,2.794916e-03,2.530490e-01,9.604904e-02
1.351206e-02,5.331895e-03,1.392009e-01,1.285371e-01,6.797035e-02,2.279605e-03,6.219426e-04,1.631984e-03,3.389599e-01,2.061396e-02,3.215766e-02,7.183250e-04,2.132662e-03,1.775152e-01,6.881642e-02
2.337830e-02,8.700572e-03,1.821911e-01,1.180570e-01,1.190965e-01,4.148984e-03,8.548762e-04,2.707631e-03,3.056984e-01,1.771016e-02,2.364112e-02,6.435848e-04,1.790276e-03,1.249964e-01,6.638515e-02
1.734415e-02,7.052405e-03,1.434262e-01,2.951619e-01,1.057953e-01,3.194428e-03,8.010770e-04,2.263110e-03,2.453561e-01,1.434273e-02,2.490795e-02,7.055742e-04,1.838188e-03,8.757780e-02,5.023319e-02
1.234769e-02,5.492751e-03,1.056902e-01,3.711856e-01,8.075782e-02,2.487908e-03,6.195375e-04,1.862034e-03,2.077381e-01,1.222708e-02,9.128958e-02,1.657924e-03,4.709831e-03,6.141371e-02,4.052024e-02
8.715471e-03,3.900253e-03,7.443333e-02,2.671368e-01,5.711270e-02,1.804944e-03,4.387772e-04,1.346231e-03,1.514886e-01,1.173948e-02,3.332235e-01,1.865118e-03,1.365874e-02,4.398602e-02,2.914999e-02
6.183033e-03,2.888866e-03,5.258707e-02,1.997356e-01,4.149041e-02,1.487170e-03,3.258299e-04,1.052714e-03,1.481587e-01,1.214100e-02,4.274580e-01,1.928396e-03,3.461853e-02,4.084218e-02,2.910256e-02
4.399274e-03,2.111709e-03,3.726098e-02,1.490397e-01,3.035829e-02,1.189086e-03,2.449066e-04,9.838684e-04,1.528285e-01,9.909742e-03,5.102894e-01,1.923364e-03,3.862773e-02,3.423852e-02,2.659499e-02
3.165624e-03,1.552904e-03,2.632668e-02,1.085040e-01,2.315765e-02,1.519413e-03,2.565233e-04,9.144207e-04,1.302747e-01,9.721509e-03,5.577348e-01,2.407263e-03,5.498329e-02,3.519452e-02,4.428674e-02
2.378803e-03,1.247605e-03,1.895267e-02,7.859266e-02,2.153663e-02,1.262182e-03,2.664493e-04,7.727635e-04,1.107284e-01,1.081410e-02,5.393044e-01,2.362584e-03,5.357951e-02,3.924597e-02,1.189554e-01
2.001002e-03,1.157254e-03,1.365520e-02,5.658693e-02,3.852118e-02,1.198791e-03,3.511049e-04,1.054354e-03,9.993412e-02,1.443564e-02,4.899573e-01,2.507670e-03,6.211086e-02,3.370538e-02,1.828232e-01
2.818031e-03,1.867728e-03,1.006941e-02,4.223435e-02,4.051234e-02,1.937120e-03,3.238399e-04,1.246067e-03,1.480904e-01,1.510049e-02,4.840484e-01,3.268372e-03,5.498842e-02,3.927952e-02,1.542156e-01
4.548812e-03,3.532812e-03,8.312895e-03,3.052367e-02,3.065477e-02,1.984714e-03,2.663238e-04,1.122664e-03,2.072641e-01,1.340663e-02,4.607282e-01,4.926711e-03,4.359677e-02,7.057497e-02,1.185560e-01
5.570053e-03,4.658042e-03,1.234835e-02,2.274221e-02,2.259628e-02,3.000034e-03,2.815450e-04,1.777520e-03,1.894547e-01,1.985466e-02,5.003856e-01,5.643417e-03,3.346648e-02,7.757688e-02,1.006442e-01
6.270876e-03,4.252410e-03,1.111268e-02,1.680072e-02,1.659973e-02,3.032537e-03,2.206545e-04,1.467457e-03,1.589627e-01,1.735463e-02,5.636747e-01,4.494642e-03,2.489660e-02,9.696827e-02,7.389136e-02
5.747555e-03,3.746432e-03,3.557976e-02,1.353376e-02,1.286984e-02,2.990308e-03,2.774439e-04,2.613280e-03,1.235407e-01,1.479372e-02,6.081917e-01,3.557278e-03,1.961424e-02,9.496216e-02,5.798178e-02
6.126278e-03,5.352302e-03,7.978703e-02,1.298541e-02,9.794232e-03,6.682168e-03,3.165888e-04,3.137077e-03,1.082931e-01,1.263489e-02,5.681762e-01,2.667170e-03,1.467888e-02,1.242593e-01,4.510940e-02
6.804778e-03,5.888779e-03,6.536985e-02,9.961978e-03,7.311495e-03,6.120184e-03,2.570228e-04,2.506057e-03,1.246302e-01,1.017978e-02,4.976063e-01,2.086408e-03,1.071557e-02,2.164334e-01,3.412817e-02
8.994983e-03,5.498801e-03,1.371531e-01,1.806434e-02,7.101103e-03,7.025870e-03,3.930287e-04,5.512260e-03,1.889396e-01,7.496776e-03,3.843533e-01,1.588605e-03,8.144880e-03,1.953409e-01,2.439247e-02
1.735874e-02,5.889383e-03,1.106325e-01,1.451968e-02,8.354836e-03,6.547951e-03,3.073442e-04,4.171360e-03,2.404748e-01,6.002456e-03,2.961175e-01,1.509285e-03,6.055824e-03,2.640284e-01,1.802992e-02
1.691359e-02,5.231988e-03,8.403762e-02,1.054440e-02,8.240287e-03,7.455703e-03,2.392869e-04,3.205631e-03,3.047123e-01,4.567875e-03,2.201734e-01,1.209801e-03,4.448236e-03,3.152698e-01,1.375012e-02
1.908709e-02,4.036820e-03,7.040255e-02,9.837909e-03,8.464596e-03,4.709221e-02,3.276173e-04,5.862463e-03,4.040452e-01,3.443191e-03,1.558979e-01,9.619342e-04,3.387455e-03,2.571929e-01,9.960196e-03
2.777448e-02,3.088196e-03,6.713542e-02,1.823720e-02,1.000674e-02,4.015804e-02,4.242078e-04,1.740794e-02,4.803120e-01,2.618057e-03,1.122695e-01,8.341221e-04,3.054821e-03,2.094586e-01,7.220511e-03
3.132657e-02,2.278992e-03,9.583137e-02,2.661792e-02,1.598379e-02,2.965921e-02,6.415920e-04,1.500123e-02,4.529743e-01,1.968455e-03,7.978085e-02,6.730506e-04,2.379557e-03,2.395940e-01,5.289032e-03
3.259081e-02,1.688537e-03,1.830699e-01,6.641820e-02,1.329046e-02,2.237521e-02,6.696820e-04,2.250116e-02,4.111973e-01,1.539527e-03,5.644811e-02,5.133160e-04,1.802713e-03,1.820997e-01,3.795360e-03
3.208436e-02,1.258662e-03,2.991927e-01,7.615208e-02,1.073180e-02,1.701171e-02,1.038334e-03,2.713206e-02,3.522340e-01,1.152525e-03,3.981894e-02,3.995138e-04,1.355144e-03,1.376610e-01,2.777247e-03
3.600956e-02,1.124908e-03,3.676493e-01,8.267076e-02,9.310220e-03,1.382665e-02,1.409599e-03,3.362599e-02,2.998010e-01,9.987374e-04,2.935299e-02,4.385068e-04,1.079611e-03,1.204425e-01,2.259575e-03
3.630066e-02,9.777730e-04,4.283649e-01,1.063514e-01,8.118276e-03,1.048474e-02,1.478271e-03,4.798098e-02,2.392640e-01,9.256761e-04,2.160402e-02,4.521374e-04,8.901224e-04,9.501033e-02,1.796670e-03
5.627776e-02,1.230347e-03,3.974720e-01,1.493290e-01,6.998219e-03,8.323509e-03,1.750512e-03,5.668044e-02,2.160955e-01,1.341430e-03,1.801842e-02,9.630768e-04,1.002340e-03,8.273777e-02,1.779676e-03
6.296459e-02,1.695179e-03,4.088013e-01,1.534198e-01,5.908888e-03,6.916883e-03,1.773528e-03,8.296745e-02,1.897931e-01,1.467738e-03,1.423991e-02,1.348198e-03,9.925342e-04,6.569380e-02,2.017093e-03
7.916378e-02,1.757600e-03,3.802716e-01,1.279190e-01,5.236779e-03,7.555947e-03,2.345462e-03,1.552451e-01,1.710546e-01,1.636625e-03,1.192927e-02,1.764079e-03,1.026039e-03,4.983310e-02,3.261046e-03
7.142445e-02,1.419072e-03,4.554244e-01,1.297872e-01,4.463077e-03,5.828124e-03,2.072861e-03,1.482299e-01,1.284873e-01,2.117540e-03,8.969935e-03,1.657215e-03,9.061515e-04,3.633023e-02,2.882558e-03
5.277000e-02,1.986636e-03,5.134504e-01,9.644723e-02,3.632355e-03,5.327840e-03,1.571387e-03,1.096636e-01,1.245734e-01,4.395773e-03,1.406994e-02,1.661604e-03,8.654237e-04,6.562256e-02,3.961773e-03
3.746318e-02,1.948839e-03,4.354519e-01,6.898269e-02,2.607046e-03,3.999811e-03,1.133937e-03,7.816654e-02,1.622650e-01,5.921112e-03,6.643216e-02,2.770884e-03,1.292818e-03,1.228580e-01,8.706122e-03
2.676820e-02,1.566160e-03,3.328373e-01,4.855372e-02,1.840955e-03,3.028480e-03,8.097342e-04,5.499615e-02,2.681044e-01,9.170368e-03,1.028627e-01,2.786374e-03,1.195598e-03,1.325366e-01,1.294320e-02
1.959027e-02,1.393765e-03,2.370413e-01,3.431538e-02,1.392815e-03,2.530632e-03,5.898984e-04,3.885296e-02,2.296740e-01,1.237928e-02,2.611448e-01,4.890867e-03,1.212436e-03,1.434981e-01,1.149359e-02
1.386612e-02,1.133154e-03,1.661742e-01,2.435456e-02,1.142835e-03,1.832234e-03,4.225883e-04,2.730840e-02,2.123770e-01,1.005508e-02,3.868929e-01,5.192190e-03,1.250010e-03,1.394200e-01,8.578792e-03
9.793743e-03,8.684680e-04,1.164028e-01,1.726433e-02,9.539293e-04,1.324724e-03,3.118892e-04,1.920160e-02,1.842082e-01,8.150727e-03,4.738431e-01,6.296750e-03,1.305781e-03,1.536824e-01,6.391531e-03
7.016553e-03,1.362234e-03,8.156347e-02,1.241064e-02,1.232350e-03,1.536619e-03,3.039464e-04,1.431246e-02,1.617093e-01,6.760618e-03,5.204406e-01,6.343103e-03,1.229450e-03,1.788130e-01,4.965561e-03
5.056586e-03,2.419861e-03,5.718987e-02,9.148061e-03,1.351238e-03,3.359752e-03,2.963522e-04,1.072669e-02,1.861554e-01,5.612010e-03,5.112954e-01,7.301407e-03,1.099435e-03,1.952719e-01,3.716061e-03
3.826381e-03,3.461821e-03,4.052188e-02,6.903300e-03,1.868768e-03,4.629918e-03,2.757887e-04,9.155305e-03,2.001245e-01,5.092770e-03,5.137318e-01,6.319633e-03,1.100083e-03,2.002721e-01,2.715923e-03
3.239506e-03,6.153298e-03,2.897018e-02,7.521030e-03,2.876211e-03,1.017896e-01,2.675782e-04,6.806155e-03,1.938306e-01,5.194660e-03,4.388047e-01,5.820240e-03,2.645924e-03,1.936795e-01,2.400777e-03
2.640206e-03,5.995561e-03,2.094464e-02,6.391500e-03,3.418482e-03,8.724330e-02,2.358492e-04,5.609259e-03,2.454381e-01,4.647398e-03,4.195294e-01,4.834045e-03,2.236147e-03,1.889186e-01,1.917454e-03
2.166534e-03,5.494542e-03,1.495963e-02,5.304399e-03,3.724698e-03,1.255974e-01,1.946074e-04,4.275009e-03,2.786068e-01,4.223802e-03,3.522325e-01,6.019447e-03,8.660559e-03,1.868364e-01,1.703628e-03
1.748256e-03,5.590522e-03,1.094022e-02,5.480766e-03,5.231067e-03,1.790234e-01,1.978363e-04,4.340900e-03,2.747683e-01,4.918830e-03,2.840111e-01,6.096490e-03,1.932054e-02,1.966901e-01,1.641686e-03
1.493261e-03,6.307102e-03,1.211776e-02,4.697449e-03,4.792581e-03,3.629787e-01,1.934253e-04,7.868001e-03,2.137181e-01,4.523791e-03,2.077111e-01,5.141901e-03,1.739143e-02,1.497096e-01,1.355808e-03
5.162892e-03,5.561843e-03,1.349656e-02,8.858684e-03,2.053199e-02,3.184125e-01,1.384662e-03,5.465543e-02,1.885017e-01,6.727338e-03,1.744133e-01,5.744056e-03,2.320022e-02,1.719681e-01,1.380718e-03
1.033934e-02,6.599499e-03,2.752127e-02,1.999933e-02,3.591345e-02,2.588026e-01,2.413200e-03,1.023990e-01,2.074347e-01,7.663986e-03,1.462634e-01,6.141087e-03,2.469005e-02,1.412980e-01,2.521037e-03
1.079075e-02,6.725340e-03,6.264218e-02,1.297196e-01,3.040978e-02,1.947807e-01,1.860556e-03,1.232577e-01,1.946826e-01,7.937191e-03,1.068620e-01,4.928655e-03,1.817237e-02,1.008269e-01,6.403675e-03
1.868637e-02,9.799732e-03,6.376971e-02,9.764829e-02,3.583814e-02,2.062184e-01,1.656923e-03,1.350389e-01,2.350427e-01,7.807565e-03,7.917321e-02,3.802951e-03,1.336765e-02,7.730670e-02,1.484280e-02
3.989833e-02,2.257102e-02,7.303551e-02,1.006276e-01,6.457800e-02,1.583497e-01,1.626795e-03,1.568066e-01,2.267346e-01,6.513524e-03,5.974390e-02,3.556851e-03,1.007840e-02,5.902516e-02,1.685406e-02
8.037339e-02,2.667007e-02,6.206760e-02,1.032376e-01,8.389688e-02,1.274297e-01,1.704265e-03,1.609706e-01,2.238243e-01,5.803021e-03,4.601692e-02,4.516538e-03,7.901203e-03,4.628494e-02,1.930294e-02
1.206272e-01,2.242169e-02,7.103886e-02,9.982727e-02,1.103235e-01,1.033739e-01,2.740859e-03,1.753732e-01,1.901416e-01,4.593886e-03,3.489954e-02,4.550470e-03,6.352820e-03,3.713578e-02,1.659939e-02
1.404526e-01,2.123316e-02,7.309102e-02,1.024502e-01,9.768029e-02,7.630478e-02,2.551026e-03,2.498965e-01,1.503641e-01,4.366730e-03,2.589461e-02,3.990437e-03,5.001978e-03,2.976003e-02,1.696255e-02
1.422398e-01,1.856935e-02,5.909476e-02,1.307359e-01,1.003480e-01,5.615054e-02,2.280293e-03,2.908294e-01,1.216652e-01,3.509098e-03,2.340281e-02,5.528382e-03,8.620709e-03,2.160665e-02,1.541903e-02
