1.000000e+00,0.000000e+00,0.000000e+00,0.000000e+00,0.000000e+00,0.000000e+00,0.000000e+00,0.000000e+00,0.000000e+00,0.000000e+00,0.000000e+00,0.000000e+00,0.000000e+00,0.000000e+00,0.000000e+00
1.000000e+00,0.000000e+00,0.000000e+00,0.000000e+00,0.000000e+00,0.000000e+00,0.000000e+00,0.000000e+00,0.000000e+00,0.000000e+00,0.000000e+00,0.000000e+00,0.000000e+00,0.000000e+00,0.000000e+00
1.000000e+00,0.000000e+00,0.000000e+00,0.000000e+00,0.000000e+00,0.000000e+00,0.000000e+00,0.000000e+00,0.000000e+00,0.000000e+00,0.000000e+00,0.000000e+00,0.000000e+00,0.000000e+00,0.000000e+00
1.000000e+00,0.000000e+00,0.000000e+00,0.000000e+00,0.000000e+00,0.000000e+00,0.000000e+00,0.000000e+00,0.000000e+00,0.000000e+00,0.000000e+00,0.000000e+00,0.000000e+00,0.000000e+00,0.000000e+00
1.000000e+00,0.000000e+00,0.000000e+00,0.000000e+00,0.000000e+00,0.000000e+00,0.000000e+00,0.000000e+00,0.000000e+00,0.000000e+00,0.000000e+00,0.000000e+00,0.000000e+00,0.000000e+00,0.000000e+00
1.000000e+00,0.000000e+00,0.000000e+00,0.000000e+00,0.000000e+00,0.000000e+00,0.000000e+00,0.000000e+00,0.000000e+00,0.000000e+00,0.000000e+00,0.000000e+00,0.000000e+00,0.000000e+00,0.000000e+00
1.000000e+00,0.000000e+00,0.000000e+00,0.000000e+00,0.000000e+00,0.000000e+00,0.000000e+00,0.000000e+00,0.000000e+00,0.000000e+00,0.000000e+00,0.000000e+00,0.000000e+00,0.000000e+00,0.000000e+00
1.000000e+00,0.000000e+00,0.000000e+00,0.000000e+00,0.000000e+00,0.000000e+00,0.000000e+00,0.000000e+00,0.000000e+00,0.000000e+00,0.000000e+00,0.000000e+00,0.000000e+00,0.000000e+00,0.000000e+00
1.000000e+00,0.000000e+00,0.000000e+00,0.000000e+00,0.000000e+00,0.000000e+00,0.000000e+00,0.000000e+00,0.000000e+00,0.000000e+00,0.000000e+00,0.000000e+00,0.000000e+00,0.000000e+00,0.000000e+00
1.000000e+00,0.000000e+00,0.000000e+00,0.000000e+00,0.000000e+00,0.000000e+00,0.000000e+00,0.000000e+00,0.000000e+00,0.000000e+00,0.000000e+00,0.000000e+00,0.000000e+00,0.000000e+00,0.000000e+00
1.000000e+00,0.000000e+00,0.000000e+00,0.000000e+00,0.000000e+00,0.000000e+00,0.000000e+00,0.000000e+00,0.000000e+00,0.000000e+00,0.000000e+00,0.000000e+00,0.000000e+00,0.000000e+00,0.000000e+00
1.000000e+00,0.000000e+00,0.000000e+00,0.000000e+00,0.000000e+00,0.000000e+00,0.000000e+00,0.000000e+00,0.000000e+00,0.000000e+00,0.000000e+00,0.000000e+00,0.000000e+00,0.000000e+00,0.000000e+00
1.000000e+00,0.000000e+00,0.000000e+00,0.000000e+00,0.000000e+00,0.000000e+00,0.000000e+00,0.000000e+00,0.000000e+00,0.000000e+00,0.000000e+00,0.000000e+00,0.000000e+00,0.000000e+00,0.000000e+00
1.000000e+00,0.000000e+00,0.000000e+00,0.000000e+00,0.000000e+00,0.000000e+00,0.000000e+00,0.000000e+00,0.000000e+00,0.000000e+00,0.000000e+00,0.000000e+00,0.000000e+00,0.000000e+00,0.000000e+00
1.000000e+00,0.000000e+00,0.000000e+00,0.000000e+00,0.000000e+00,0.000000e+00,0.000000e+00,0.000000e+00,0.000000e+00,0.000000e+00,0.000000e+00,0.000000e+00,0.000000e+00,0.000000e+00,0.000000e+00
1.000000e+00,0.000000e+00,0.000000e+00,0.000000e+00,0.000000e+00,0.000000e+00,0.000000e+00,0.000000e+00,0.000000e+00,0.000000e+00,0.000000e+00,0.000000e+00,0.000000e+00,0.000000e+00,0.000000e+00
1.000000e+00,0.000000e+00,0.000000e+00,0.000000e+00,0.000000e+00,0.000000e+00,0.000000e+00,0.000000e+00,0.000000e+00,0.000000e+00,0.000000e+00,0.000000e+00,0.000000e+00,0.000000e+00,0.000000e+00
1.000000e+00,0.000000e+00,0.000000e+00,0.000000e+00,0.000000e+00,0.000000e+00,0.000000e+00,0.000000e+00,0.000000e+00,0.000000e+00,0.000000e+00,0.000000e+00,0.000000e+00,0.000000e+00,0.000000e+00
1.000000e+00,0.000000e+00,0.000000e+00,0.000000e+00,0.000000e+00,0.000000e+00,0.000000e+00,0.000000e+00,0.000000e+00,0.000000e+00,0.000000e+00,0.000000e+00,0.000000e+00,0.000000e+00,0.000000e+00
1.000000e+00,0.000000e+00,0.000000e+00,0.000000e+00,0.000000e+00,0.000000e+00,0.000000e+00,0.000000e+00,0.000000e+00,0.000000e+00,0.000000e+00,0.000000e+00,0.000000e+00,0.000000e+00,0.000000e+00
1.000000e+00,0.000000e+00,0.000000e+00,0.000000e+00,0.000000e+00,0.000000e+00,0.000000e+00,0.000000e+00,0.000000e+00,0.000000e+00,0.000000e+00,0.000000e+00,0.000000e+00,0.000000e+00,0.000000e+00
1.000000e+00,0.000000e+00,0.000000e+00,0.000000e+00,0.000000e+00,0.000000e+00,0.000000e+00,0.000000e+00,0.000000e+00,0.000000e+00,0.000000e+00,0.000000e+00,0.000000e+00,0.000000e+00,0.000000e+00
1.000000e+00,0.000000e+00,0.000000e+00,0.000000e+00,0.000000e+00,0.000000e+00,0.000000e+00,0.000000e+00,0.000000e+00,0.000000e+00,0.000000e+00,0.000000e+00,0.000000e+00,0.000000e+00,0.000000e+00
1.000000e+00,0.000000e+00,0.000000e+00,0.000000e+00,0.000000e+00,0.000000e+00,0.000000e+00,0.000000e+00,0.000000e+00,0.000000e+00,0.000000e+00,0.000000e+00,0.000000e+00,0.000000e+00,0.000000e+00
1.000000e+00,0.000000e+00,0.000000e+00,0.000000e+00,0.000000e+00,0.000000e+00,0.000000e+00,0.000000e+00,0.000000e+00,0.000000e+00,0.000000e+00,0.000000e+00,0.000000e+00,0.000000e+00,0.000000e+00
1.000000e+00,0.000000e+00,0.000000e+00,0.000000e+00,0.000000e+00,0.000000e+00,0.000000e+00,0.000000e+00,0.000000e+00,0.000000e+00,0.000000e+00,0.000000e+00,0.000000e+00,0.000000e+00,0.000000e+00
1.000000e+00,0.000000e+00,0.000000e+00,0.000000e+00,0.000000e+00,0.000000e+00,0.000000e+00,0.000000e+00,0.000000e+00,0.000000e+00,0.000000e+00,0.000000e+00,0.000000e+00,0.000000e+00,0.000000e+00
1.000000e+00,0.000000e+00,0.000000e+00,0.000000e+00,0.000000e+00,0.000000e+00,0.000000e+00,0.000000e+00,0.000000e+00,0.000000e+00,0.000000e+00,0.000000e+00,0.000000e+00,0.000000e+00,0.000000e+00
1.000000e+00,0.000000e+00,0.000000e+00,0.000000e+00,0.000000e+00,0.000000e+00,0.000000e+00,0.000000e+00,0.000000e+00,0.000000e+00,0.000000e+00,0.000000e+00,0.000000e+00,0.000000e+00,0.000000e+00
1.000000e+00,0.000000e+00,0.000000e+00,0.000000e+00,0.000000e+00,0.000000e+00,0.000000e+00,0.000000e+00,0.000000e+00,0.000000e+00,0.000000e+00,0.000000e+00,0.000000e+00,0.000000e+00,0.000000e+00
1.000000e+00,0.000000e+00,0.000000e+00,0.000000e+00,0.000000e+00,0.000000e+00,0.000000e+00,0.000000e+00,0.000000e+00,0.000000e+00,0.000000e+00,0.000000e+00,0.000000e+00,0.000000e+00,0.000000e+00
1.000000e+00,0.000000e+00,0.000000e+00,0.000000e+00,0.000000e+00,0.000000e+00,0.000000e+00,0.000000e+00,0.000000e+00,0.000000e+00,0.000000e+00,0.000000e+00,0.000000e+00,0.000000e+00,0.000000e+00
1.000000e+00,0.000000e+00,0.000000e+00,0.000000e+00,0.000000e+00,0.000000e+00,0.000000e+00,0.000000e+00,0.000000e+00,0.000000e+00,0.000000e+00,0.000000e+00,0.000000e+00,0.000000e+00,0.000000e+00
1.000000e+00,0.000000e+00,0.000000e+00,0.000000e+00,0.000000e+00,0.000000e+00,0.000000e+00,0.000000e+00,0.000000e+00,0.000000e+00,0.000000e+00,0.000000e+00,0.000000e+00,0.000000e+00,0.000000e+00
1.000000e+00,0.000000e+00,0.000000e+00,0.000000e+00,0.000000e+00,0.000000e+00,0.000000e+00,0.000000e+00,0.000000e+00,0.000000e+00,0.000000e+00,0.000000e+00,0.000000e+00,0.000000e+00,0.000000e+00
1.000000e+00,0.000000e+00,0.000000e+00,0.000000e+00,0.000000e+00,0.000000e+00,0.000000e+00,0.000000e+00,0.000000e+00,0.000000e+00,0.000000e+00,0.000000e+00,0.000000e+00,0.000000e+00,0.000000e+00
1.000000e+00,0.000000e+00,0.000000e+00,0.000000e+00,0.000000e+00,0.000000e+00,0.000000e+00,0.000000e+00,0.000000e+00,0.000000e+00,0.000000e+00,0.000000e+00,0.000000e+00,0.000000e+00,0.000000e+00
1.000000e+00,0.000000e+00,0.000000e+00,0.000000e+00,0.000000e+00,0.000000e+00,0.000000e+00,0.000000e+00,0.000000e+00,0.000000e+00,0.000000e+00,0.000000e+00,0.000000e+00,0.000000e+00,0.000000e+00
1.000000e+00,0.000000e+00,0.000000e+00,0.000000e+00,0.000000e+00,0.000000e+00,0.000000e+00,0.000000e+00,0.000000e+00,0.000000e+00,0.000000e+00,0.000000e+00,0.000000e+00,0.000000e+00,0.000000e+00
1.000000e+00,0.000000e+00,0.000000e+00,0.000000e+00,0.000000e+00,0.000000e+00,0.000000e+00,0.000000e+00,0.000000e+00,0.000000e+00,0.000000e+00,0.000000e+00,0.000000e+00,0.000000e+00,0.000000e+00
1.000000e+00,0.000000e+00,0.000000e+00,0.000000e+00,0.000000e+00,0.000000e+00,0.000000e+00,0.000000e+00,0.000000e+00,0.000000e+00,0.000000e+00,0.000000e+00,0.000000e+00,0.000000e+00,0.000000e+00
1.000000e+00,0.000000e+00,0.000000e+00,0.000000e+00,0.000000e+00,0.000000e+00,0.000000e+00,0.000000e+00,0.000000e+00,0.000000e+00,0.000000e+00,0.000000e+00,0.000000e+00,0.000000e+00,0.000000e+00
1.000000e+00,0.000000e+00,0.000000e+00,0.000000e+00,0.000000e+00,0.000000e+00,0.000000e+00,0.000000e+00,0.000000e+00,0.000000e+00,0.000000e+00,0.000000e+00,0.000000e+00,0.000000e+00,0.000000e+00
1.000000e+00,0.000000e+00,0.000000e+00,0.000000e+00,0.000000e+00,0.000000e+00,0.000000e+00,0.000000e+00,0.000000e+00,0.000000e+00,0.000000e+00,0.000000e+00,0.000000e+00,0.000000e+00,0.000000e+00
1.000000e+00,0.000000e+00,0.000000e+00,0.000000e+00,0.000000e+00,0.000000e+00,0.000000e+00,0.000000e+00,0.000000e+00,0.000000e+00,0.000000e+00,0.000000e+00,0.000000e+00,0.000000e+00,0.000000e+00
1.000000e+00,0.000000e+00,0.000000e+00,0.000000e+00,0.000000e+00,0.000000e+00,0.000000e+00,0.000000e+00,0.000000e+00,0.000000e+00,0.000000e+00,0.000000e+00,0.000000e+00,0.000000e+00,0.000000e+00
1.000000e+00,0.000000e+00,0.000000e+00,0.000000e+00,0.000000e+00,0.000000e+00,0.000000e+00,0.000000e+00,0.000000e+00,0.000000e+00,0.000000e+00,0.000000e+00,0.000000e+00,0.000000e+00,0.000000e+00
1.000000e+00,0.000000e+00,0.000000e+00,0.000000e+00,0.000000e+00,0.000000e+00,0.000000e+00,0.000000e+00,0.000000e+00,0.000000e+00,0.000000e+00,0.000000e+00,0.000000e+00,0.000000e+00,0.000000e+00
1.000000e+00,0.000000e+00,0.000000e+00,0.000000e+00,0.000000e+00,0.000000e+00,0.000000e+00,0.000000e+00,0.000000e+00,0.000000e+00,0.000000e+00,0.000000e+00,0.000000e+00,0.000000e+00,0.000000e+00
1.000000e+00,0.000000e+00,0.000000e+00,0.000000e+00,0.000000e+00,0.000000e+00,0.000000e+00,0.000000e+00,0.000000e+00,0.000000e+00,0.000000e+00,0.000000e+00,0.000000e+00,0.000000e+00,0.000000e+00
1.000000e+00,0.000000e+00,0.000000e+00,0.000000e+00,0.000000e+00,0.000000e+00,0.000000e+00,0.000000e+00,0.000000e+00,0.000000e+00,0.000000e+00,0.000000e+00,0.000000e+00,0.000000e+00,0.000000e+00
1.000000e+00,0.000000e+00,0.000000e+00,0.000000e+00,0.000000e+00,0.000000e+00,0.000000e+00,0.000000e+00,0.000000e+00,0.000000e+00,0.000000e+00,0.000000e+00,0.000000e+00,0.000000e+00,0.000000e+00
1.000000e+00,0.000000e+00,0.000000e+00,0.000000e+00,0.000000e+00,0.000000e+00,0.000000e+00,0.000000e+00,0.000000e+00,0.000000e+00,0.000000e+00,0.000000e+00,0.000000e+00,0.000000e+00,0.000000e+00
1.000000e+00,0.000000e+00,0.000000e+00,0.000000e+00,0.000000e+00,0.000000e+00,0.000000e+00,0.000000e+00,0.000000e+00,0.000000e+00,0.000000e+00,0.000000e+00,0.000000e+00,0.000000e+00,0.000000e+00
4.764172e-01,1.530255e-02,2.157028e-02,7.715353e-02,9.915112e-03,7.212961e-02,5.879776e-03,6.758656e-02,2.383845e-02,1.292660e-02,3.605548e-02,2.245492e-02,1.289485e-01,4.632418e-03,2.518903e-02
4.216722e-01,1.703346e-02,3.071944e-02,1.350957e-01,9.922964e-03,5.160706e-02,4.638250e-03,4.917355e-02,2.723681e-02,1.296656e-02,4.804043e-02,1.983301e-02,1.447263e-01,4.355019e-03,2.297921e-02
3.815426e-01,2.967486e-02,2.451065e-02,1.391422e-01,1.287297e-02,3.966487e-02,4.510804e-03,3.584133e-02,6.987234e-02,1.224456e-02,5.079261e-02,1.828014e-02,1.463759e-01,3.985498e-03,3.068865e-02
2.877641e-01,1.088218e-01,1.843913e-02,1.233684e-01,1.061584e-02,2.897450e-02,3.514444e-03,2.600270e-02,1.759821e-01,1.078038e-02,3.992017e-02,1.412972e-02,1.192215e-01,3.094089e-03,2.937115e-02
2.175907e-01,1.820358e-01,1.444926e-02,1.290780e-01,8.624630e-03,2.127494e-02,2.705873e-03,1.843644e-02,2.305930e-01,1.014398e-02,3.116752e-02,1.094475e-02,9.417035e-02,2.487764e-03,2.629699e-02
1.603951e-01,1.613578e-01,1.805617e-02,1.844278e-01,6.955915e-03,1.719002e-02,2.003116e-03,1.344313e-02,2.821051e-01,9.652617e-03,2.901592e-02,1.148557e-02,7.696823e-02,2.531041e-03,2.441252e-02
1.433174e-01,1.435751e-01,1.527694e-02,2.035805e-01,5.977524e-03,1.354609e-02,1.577637e-03,9.999027e-03,3.357370e-01,7.870820e-03,2.694412e-02,9.588348e-03,5.851961e-02,2.430087e-03,2.205971e-02
1.393398e-01,1.567387e-01,1.400320e-02,1.816654e-01,4.857823e-03,1.156815e-02,1.428377e-03,7.456922e-03,3.609825e-01,8.029766e-03,2.231687e-02,9.086701e-03,5.150154e-02,2.564483e-03,2.845966e-02
1.731299e-01,1.338704e-01,1.120614e-02,1.507734e-01,4.388127e-03,1.064239e-02,1.267332e-03,5.995835e-03,4.024087e-01,7.528693e-03,1.974734e-02,9.977516e-03,4.127255e-02,2.746528e-03,2.504523e-02
2.079941e-01,1.219413e-01,9.585003e-03,1.217095e-01,4.410410e-03,9.384690e-03,1.118482e-03,4.737231e-03,4.138089e-01,7.956846e-03,1.723250e-02,1.025077e-02,3.519703e-02,2.816556e-03,3.185662e-02
2.149795e-01,1.549354e-01,1.048592e-02,1.140334e-01,3.645431e-03,9.027207e-03,8.365203e-04,3.717496e-03,3.843825e-01,7.857522e-03,1.441564e-02,9.065199e-03,2.730153e-02,3.527581e-03,4.178908e-02
1.804909e-01,1.937120e-01,9.077851e-03,8.925600e-02,3.240926e-03,7.686400e-03,6.457695e-04,3.141067e-03,4.270478e-01,6.840848e-03,1.151026e-02,8.137068e-03,2.161343e-02,4.022722e-03,3.357692e-02
1.446349e-01,2.492626e-01,8.575873e-03,6.835628e-02,2.946608e-03,7.096530e-03,5.020796e-04,2.984227e-03,4.199194e-01,1.007851e-02,1.072025e-02,8.931887e-03,1.770199e-02,1.073508e-02,3.755383e-02
1.239264e-01,2.437608e-01,1.151504e-02,5.879616e-02,3.540878e-03,7.207659e-03,5.095326e-04,3.231301e-03,4.239441e-01,1.164907e-02,1.148890e-02,1.825346e-02,1.755316e-02,1.862370e-02,4.599987e-02
9.228789e-02,2.351798e-01,1.352520e-02,4.424733e-02,3.657348e-03,6.725697e-03,4.119875e-04,2.701389e-03,4.134972e-01,1.853144e-02,1.094642e-02,1.841908e-02,1.519071e-02,4.899720e-02,7.568134e-02
7.143828e-02,1.875026e-01,1.466545e-02,3.242391e-02,3.117478e-03,5.274906e-03,3.361970e-04,2.130596e-03,3.285185e-01,2.203828e-02,1.084121e-02,1.986723e-02,1.548713e-02,1.382575e-01,1.481006e-01
6.142402e-02,1.577609e-01,1.424226e-02,2.555471e-02,5.168583e-03,8.074620e-03,4.918834e-04,2.641249e-03,3.581294e-01,1.857414e-02,1.143997e-02,2.058748e-02,6.617876e-02,1.033461e-01,1.463860e-01
4.823887e-02,1.222449e-01,1.150586e-02,1.998460e-02,8.242264e-03,7.147229e-03,7.291923e-04,2.632644e-03,2.880751e-01,1.436386e-02,9.814144e-03,2.175425e-02,2.177793e-01,7.630807e-02,1.511797e-01
4.508136e-02,9.272172e-02,9.252992e-03,1.484494e-02,9.205794e-03,6.442664e-03,7.488756e-04,2.080693e-03,2.498370e-01,1.154093e-02,9.150989e-03,2.143263e-02,3.024952e-01,5.674247e-02,1.684217e-01
3.789719e-02,6.986624e-02,1.167772e-02,1.117324e-02,1.018956e-02,5.519415e-03,1.761770e-03,2.140628e-03,1.951028e-01,1.138782e-02,8.589280e-03,1.985658e-02,3.561488e-01,4.733735e-02,2.113517e-01
4.382697e-02,5.370704e-02,1.255074e-02,8.942274e-03,1.254549e-02,5.415825e-03,2.304468e-03,2.316628e-03,1.679994e-01,1.133444e-02,1.279945e-02,2.009208e-02,3.349758e-01,3.635135e-02,2.748381e-01
4.189339e-02,4.710907e-02,1.660597e-02,9.542053e-03,1.392777e-02,7.830011e-03,1.970471e-03,5.897983e-03,1.620210e-01,1.998971e-02,6.938595e-02,4.721381e-02,2.841021e-01,3.566564e-02,2.368451e-01
3.730788e-02,4.515662e-02,4.454258e-02,5.634690e-02,1.288682e-02,7.556911e-03,1.579843e-03,5.703817e-03,1.569675e-01,3.247729e-02,8.828589e-02,5.250064e-02,2.113951e-01,3.063515e-02,2.166571e-01
3.524933e-02,3.786717e-02,3.546285e-02,4.425849e-02,1.013026e-02,6.696315e-03,1.357017e-03,5.847359e-03,2.045528e-01,2.783713e-02,1.323576e-01,8.942758e-02,1.855787e-01,2.451729e-02,1.588601e-01
4.354046e-02,3.461914e-02,3.098233e-02,3.775436e-02,8.682048e-03,7.072854e-03,1.473673e-03,7.390489e-03,2.892388e-01,2.277339e-02,1.361445e-01,8.928078e-02,1.527632e-01,1.939502e-02,1.188889e-01
4.176332e-02,4.112348e-02,4.410450e-02,8.823055e-02,9.324343e-03,1.015766e-02,1.401309e-03,9.527309e-03,2.995135e-01,2.413839e-02,1.175194e-01,7.097027e-02,1.284499e-01,1.729006e-02,9.648596e-02
5.972393e-02,3.246889e-02,3.662013e-02,7.757648e-02,1.934967e-02,1.073525e-02,4.325198e-03,1.962323e-02,2.640195e-01,2.267153e-02,1.013829e-01,5.900409e-02,1.737459e-01,1.789706e-02,1.008562e-01
6.128724e-02,2.647300e-02,3.407752e-02,8.493715e-02,2.279993e-02,1.380353e-02,4.881728e-03,6.323431e-02,2.159575e-01,2.146070e-02,9.585313e-02,5.926860e-02,1.906510e-01,1.770907e-02,8.760565e-02
4.980700e-02,2.082949e-02,3.475431e-02,7.407009e-02,2.621315e-02,1.216771e-02,4.008312e-03,1.210575e-01,1.858149e-01,1.963825e-02,1.039935e-01,5.471847e-02,1.989212e-01,2.105668e-02,7.294950e-02
4.004228e-02,2.276172e-02,3.161135e-02,6.595257e-02,3.303796e-02,1.086365e-02,3.174492e-03,1.141088e-01,2.441198e-01,2.170541e-02,1.064294e-01,4.723331e-02,1.724775e-01,1.842661e-02,6.805520e-02
3.647326e-02,1.819656e-02,3.791264e-02,2.406723e-01,2.724843e-02,9.175912e-03,2.320771e-03,8.326931e-02,2.296324e-01,1.692341e-02,7.912651e-02,3.393431e-02,1.224858e-01,1.318164e-02,4.944675e-02
2.757064e-02,2.224972e-02,3.921280e-02,2.330924e-01,2.383613e-02,8.406444e-03,1.784994e-03,6.415235e-02,3.447571e-01,1.416443e-02,6.107736e-02,2.450472e-02,8.858390e-02,1.023828e-02,3.636870e-02
2.729286e-02,3.842118e-02,3.347141e-02,1.987489e-01,3.222423e-02,1.482140e-02,1.661594e-03,5.149677e-02,4.090761e-01,1.518305e-02,4.879772e-02,1.768132e-02,6.541970e-02,8.280369e-03,3.742339e-02
2.823144e-02,3.741773e-02,3.521154e-02,2.130715e-01,3.763778e-02,1.350795e-02,1.577693e-03,6.229175e-02,4.179968e-01,1.314810e-02,3.753032e-02,1.285896e-02,4.724115e-02,6.245396e-03,3.603189e-02
5.790486e-02,3.691255e-02,2.884432e-02,1.711579e-01,5.811109e-02,1.706673e-02,2.276978e-03,5.954192e-02,4.042620e-01,1.326614e-02,2.872683e-02,9.304707e-03,3.469314e-02,5.252531e-03,7.267833e-02
1.863755e-01,3.595076e-02,2.684136e-02,1.364777e-01,7.876002e-02,1.840441e-02,2.615278e-03,6.353898e-02,3.168447e-01,1.064462e-02,2.238770e-02,7.081321e-03,2.571238e-02,5.568521e-03,6.279673e-02
2.384221e-01,3.362167e-02,3.562646e-02,1.548533e-01,6.930804e-02,1.443577e-02,2.314803e-03,5.988727e-02,2.843778e-01,8.976448e-03,1.771170e-02,6.234685e-03,1.939991e-02,4.156133e-03,5.067398e-02
3.616379e-01,2.983169e-02,2.896722e-02,1.175605e-01,6.971396e-02,1.296295e-02,2.621528e-03,6.064443e-02,2.275612e-01,7.248505e-03,1.456948e-02,5.754555e-03,1.532187e-02,3.771419e-03,4.183274e-02
3.478928e-01,3.135512e-02,3.066690e-02,1.640001e-01,9.078139e-02,1.160135e-02,3.973832e-03,8.218219e-02,1.707142e-01,5.259512e-03,1.164793e-02,5.087331e-03,1.181124e-02,2.776189e-03,3.024995e-02
3.366103e-01,2.658143e-02,2.552452e-02,1.687773e-01,1.593892e-01,1.087189e-02,5.778822e-03,7.944398e-02,1.331643e-01,4.115818e-03,1.032954e-02,4.730154e-03,1.058276e-02,2.084490e-03,2.201546e-02
3.464606e-01,2.353893e-02,2.003632e-02,1.346052e-01,1.604225e-01,9.904087e-03,7.585777e-03,1.197996e-01,1.326907e-01,3.068590e-03,8.198036e-03,5.292026e-03,1.022839e-02,1.618869e-03,1.655029e-02
3.144390e-01,1.874844e-02,1.871797e-02,9.751363e-02,1.267072e-01,9.283592e-03,5.698091e-02,2.147837e-01,1.071789e-01,2.529613e-03,6.209571e-03,4.220172e-03,9.257956e-03,1.203685e-03,1.222576e-02
3.334764e-01,1.879371e-02,1.595890e-02,7.048695e-02,1.091565e-01,9.605452e-03,4.674343e-02,2.603860e-01,1.058910e-01,2.227147e-03,5.125227e-03,3.940421e-03,7.532494e-03,1.044101e-03,9.632263e-03
3.600301e-01,2.991999e-02,1.842328e-02,7.061458e-02,1.035121e-01,1.295233e-02,4.191948e-02,2.100380e-01,8.790478e-02,8.203835e-03,1.315849e-02,7.285083e-03,8.002443e-03,2.038356e-03,2.599720e-02
2.607256e-01,4.717024e-02,3.901468e-02,7.085630e-02,7.532099e-02,1.593109e-02,3.212706e-02,1.512188e-01,8.231650e-02,7.736982e-02,3.705933e-02,8.257436e-03,1.037868e-02,2.662013e-03,8.959148e-02
1.874206e-01,3.905424e-02,3.172992e-02,5.167732e-02,5.310202e-02,1.614295e-02,2.828531e-02,1.111264e-01,1.008210e-01,1.708128e-01,3.785021e-02,1.311479e-02,1.176113e-02,1.265739e-02,1.344438e-01
1.355804e-01,2.821842e-02,2.302812e-02,3.702320e-02,3.746117e-02,1.378517e-02,2.224579e-02,8.021893e-02,1.473919e-01,1.539787e-01,7.686629e-02,1.369012e-02,2.225796e-02,5.874167e-02,1.495122e-01
1.166071e-01,2.225570e-02,1.694488e-02,2.812282e-02,2.968993e-02,1.992128e-02,1.673495e-02,5.664417e-02,1.636399e-01,1.315626e-01,6.592848e-02,1.622412e-02,2.596290e-02,6.742533e-02,2.223358e-01
1.132925e-01,2.318698e-02,1.357584e-02,2.451092e-02,3.169776e-02,1.632384e-02,1.857636e-02,4.032947e-02,1.482312e-01,1.077602e-01,5.687345e-02,1.491711e-02,2.372678e-02,9.263551e-02,2.743621e-01
8.443686e-02,2.022261e-02,1.061636e-02,1.776615e-02,2.547676e-02,1.291062e-02,1.573636e-02,2.835465e-02,1.643746e-01,7.733025e-02,5.676619e-02,1.243872e-02,2.621750e-02,1.114297e-01,3.359227e-01
6.554095e-02,1.528421e-02,8.800751e-03,1.262260e-02,1.868306e-02,1.146097e-02,1.142355e-02,1.993183e-02,2.316206e-01,5.625957e-02,4.989824e-02,1.015833e-02,2.070853e-02,1.509320e-01,3.166748e-01
8.486155e-02,1.634193e-02,2.959811e-02,1.050627e-02,1.696117e-02,2.220431e-02,9.272581e-03,1.504939e-02,2.541548e-01,4.230716e-02,5.404072e-02,9.227281e-03,1.748178e-02,1.574432e-01,2.605498e-01
8.527967e-02,1.413857e-02,2.192518e-02,7.678949e-03,1.936806e-02,1.835347e-02,6.974682e-03,1.083360e-02,3.354776e-01,3.260341e-02,4.409987e-02,7.106889e-03,1.372648e-02,1.847244e-01,1.977092e-01
8.003392e-02,1.698034e-02,2.327478e-02,1.077695e-02,2.400208e-02,1.532802e-02,5.393928e-03,8.895393e-03,4.447685e-01,2.501055e-02,3.362496e-02,6.032515e-03,1.047438e-02,1.425364e-01,1.528673e-01
6.375153e-02,1.576581e-02,1.954201e-02,8.289641e-03,2.255277e-02,1.225033e-02,3.980234e-03,6.520885e-03,5.075872e-01,2.075580e-02,2.582887e-02,4.396085e-03,8.029104e-03,1.106164e-01,1.701333e-01
6.948373e-02,1.866058e-02,1.851683e-02,6.837151e-03,2.125909e-02,1.311168e-02,3.037633e-03,7.269372e-03,4.782461e-01,2.388664e-02,2.488048e-02,4.539882e-03,1.132322e-02,1.069481e-01,1.919995e-01
5.102075e-02,2.288371e-02,2.406954e-02,1.039298e-02,1.942402e-02,9.709664e-03,2.203295e-03,6.283222e-03,5.576375e-01,2.331730e-02,1.971116e-02,3.968617e-03,9.608290e-03,7.949994e-02,1.602700e-01
3.621779e-02,1.864301e-02,2.037887e-02,1.054882e-02,1.427865e-02,6.964177e-03,1.553095e-03,4.451776e-03,6.549567e-01,2.114560e-02,1.500873e-02,3.041095e-03,8.943981e-03,5.600572e-02,1.278620e-01
2.584991e-02,1.870035e-02,1.847758e-02,8.694518e-03,1.029099e-02,5.023895e-03,1.099041e-03,3.166817e-03,7.093125e-01,2.407760e-02,1.221422e-02,2.690499e-03,8.044002e-03,4.018389e-02,1.121742e-01
1.877706e-02,1.594874e-02,1.392217e-02,6.421686e-03,7.474561e-03,3.641915e-03,7.787730e-04,2.255013e-03,7.242668e-01,4.714973e-02,1.033388e-02,2.161657e-03,7.596955e-03,3.212966e-02,1.071415e-01
1.865194e-02,1.479824e-02,1.090669e-02,6.685346e-03,6.807480e-03,2.916004e-03,6.043133e-04,2.294017e-03,7.123560e-01,5.281186e-02,1.206410e-02,2.138054e-03,9.584116e-03,2.842657e-02,1.189554e-01
1.426115e-02,1.227617e-02,1.173573e-02,8.907164e-03,6.488568e-03,2.371498e-03,5.174007e-04,7.250602e-03,7.204751e-01,3.950131e-02,1.185006e-02,1.778531e-03,1.300666e-02,2.404290e-02,1.255372e-01
1.254798e-02,1.140165e-02,4.695639e-02,1.855284e-02,6.617703e-03,1.863514e-03,4.599614e-04,1.608114e-02,6.651940e-01,3.021290e-02,1.022709e-02,1.859860e-03,2.039532e-02,1.937211e-02,1.382575e-01
1.085225e-02,1.311971e-02,5.333424e-02,2.641600e-02,5.471249e-03,1.419379e-03,3.385584e-04,1.207380e-02,7.136083e-01,2.428326e-02,7.614152e-03,1.409545e-03,1.554028e-02,1.376002e-02,1.007593e-01
1.055694e-02,1.496428e-02,6.799130e-02,2.289131e-02,7.348022e-03,1.607743e-03,5.542665e-04,1.801666e-01,5.665261e-01,1.794933e-02,6.314789e-03,1.239283e-03,1.249436e-02,9.879252e-03,7.951642e-02
1.156634e-02,1.560505e-02,1.510596e-01,2.900361e-02,7.662669e-03,1.492127e-03,6.526852e-04,2.292569e-01,4.579508e-01,1.451727e-02,5.270873e-03,1.043405e-03,9.565625e-03,7.000378e-03,5.835264e-02
3.157322e-02,4.928663e-02,1.864929e-01,2.733940e-02,1.853392e-02,6.011211e-03,1.053987e-03,2.191694e-01,3.628923e-01,1.107261e-02,6.087952e-03,1.622834e-03,2.248703e-02,5.070488e-03,5.130605e-02
5.417894e-02,5.389029e-02,2.753932e-01,2.702587e-02,4.544384e-02,5.941068e-03,3.162804e-03,1.751030e-01,2.744330e-01,8.482887e-03,7.618776e-03,2.343301e-03,2.191464e-02,4.054786e-03,4.101364e-02
1.310522e-01,7.345478e-02,2.148648e-01,3.350211e-02,6.124626e-02,4.271638e-02,5.778434e-03,1.280004e-01,2.079311e-01,6.740650e-03,6.951376e-03,3.807189e-03,4.089940e-02,3.319028e-03,3.973588e-02
1.934019e-01,5.980039e-02,1.559601e-01,2.669123e-02,5.616533e-02,4.980853e-02,5.059976e-03,9.089810e-02,1.508429e-01,4.888800e-03,5.934743e-03,5.317427e-03,1.622211e-01,2.950047e-03,3.005938e-02
1.386983e-01,5.735130e-02,1.168722e-01,2.908931e-02,4.140025e-02,8.634277e-02,4.410741e-03,6.381675e-02,1.088589e-01,4.653645e-03,6.257850e-03,1.096256e-02,2.996809e-01,2.285112e-03,2.931934e-02
9.737849e-02,4.077918e-02,8.335647e-02,2.208513e-02,2.970935e-02,7.607824e-02,3.362918e-03,4.483407e-02,7.700679e-02,3.380795e-03,5.190112e-03,2.109113e-02,4.713468e-01,1.632470e-03,2.276802e-02
6.850608e-02,2.913698e-02,5.931208e-02,1.598416e-02,2.137001e-02,6.239212e-02,2.499104e-03,3.157393e-02,5.611482e-02,2.492666e-03,4.908354e-03,3.031636e-02,5.959498e-01,1.170440e-03,1.827303e-02
4.909618e-02,2.088345e-02,4.171795e-02,1.170618e-02,3.649684e-02,4.764133e-02,2.589731e-03,2.320058e-02,4.668951e-02,2.002039e-03,4.435992e-03,4.581982e-02,6.494242e-01,8.493867e-04,1.744677e-02
3.494285e-02,1.498746e-02,2.944573e-02,8.338563e-03,3.497417e-02,3.562644e-02,2.404272e-03,1.674381e-02,3.501668e-02,1.544952e-03,3.400647e-03,8.345424e-02,6.826673e-01,6.121629e-04,1.584070e-02
4.269506e-02,4.147012e-02,2.381664e-02,4.379090e-02,4.002858e-02,3.206788e-02,2.674330e-03,1.494927e-02,5.165603e-02,1.565878e-03,3.012712e-03,6.751513e-02,6.216054e-01,7.100790e-04,1.244190e-02
6.113781e-02,3.599421e-02,2.091860e-02,6.902884e-02,4.458124e-02,3.705032e-02,4.526115e-03,1.884833e-02,4.925197e-02,4.197256e-03,1.215803e-02,7.954122e-02,5.497777e-01,1.812259e-03,1.117604e-02
5.213011e-02,3.079935e-02,2.075999e-02,6.978226e-02,4.651031e-02,3.517082e-02,5.698247e-03,2.509471e-02,5.273443e-02,1.237455e-02,4.569607e-02,1.005181e-01,4.834548e-01,4.021818e-03,1.525445e-02
4.711163e-02,2.861804e-02,4.517895e-02,5.726196e-02,5.978341e-02,3.038259e-02,8.111488e-03,3.491671e-02,4.952250e-02,1.533394e-02,8.909985e-02,9.792388e-02,4.129260e-01,4.458678e-03,1.937038e-02
5.920754e-02,2.360614e-02,1.116456e-01,4.479122e-02,6.394845e-02,2.414383e-02,1.173867e-02,8.513448e-02,4.667664e-02,1.767597e-02,8.088993e-02,7.686261e-02,3.319596e-01,3.917930e-03,1.780129e-02
1.641904e-01,2.815758e-02,1.142402e-01,3.862558e-02,6.361002e-02,2.135363e-02,1.298935e-02,7.424328e-02,4.016341e-02,1.816465e-02,5.981466e-02,6.051098e-02,2.782010e-01,4.995433e-03,2.073975e-02
2.147473e-01,2.998522e-02,1.015804e-01,3.137842e-02,6.669237e-02,2.145289e-02,1.184091e-02,8.915521e-02,3.645255e-02,1.662077e-02,4.609315e-02,4.819287e-02,2.475175e-01,8.895682e-03,2.939478e-02
2.040095e-01,3.079643e-02,9.761218e-02,3.024262e-02,5.929417e-02,1.805629e-02,9.478698e-03,1.545509e-01,3.576583e-02,1.429692e-02,4.182666e-02,3.834524e-02,2.161323e-01,1.391482e-02,3.567743e-02
1.755887e-01,3.056914e-02,1.098746e-01,2.644635e-02,5.045032e-02,1.848844e-02,8.741879e-03,2.118331e-01,3.983418e-02,1.908869e-02,3.942232e-02,3.093642e-02,1.881635e-01,1.542954e-02,3.513273e-02
1.443319e-01,4.390452e-02,1.147885e-01,2.524360e-02,4.618010e-02,1.961661e-02,6.967587e-03,2.340400e-01,5.805311e-02,2.171056e-02,3.572424e-02,2.744618e-02,1.624497e-01,1.569789e-02,4.384543e-02
1.207149e-01,3.651661e-02,1.542848e-01,2.764926e-02,3.885111e-02,1.680091e-02,6.196060e-03,2.957569e-01,4.572492e-02,1.904729e-02,2.927672e-02,2.110330e-02,1.336980e-01,1.601634e-02,3.836291e-02
1.485699e-01,4.518571e-02,1.301666e-01,2.608807e-02,5.575544e-02,2.007427e-02,5.183632e-03,2.549742e-01,4.935712e-02,2.551695e-02,2.412418e-02,2.154483e-02,1.353839e-01,2.243942e-02,3.563581e-02
1.260327e-01,5.740101e-02,1.334277e-01,1.950879e-02,8.957146e-02,2.035970e-02,4.027347e-03,2.232159e-01,7.800401e-02,2.752976e-02,1.809228e-02,1.856971e-02,1.098165e-01,3.957727e-02,3.486586e-02
1.315985e-01,6.780222e-02,1.023590e-01,1.627066e-02,1.005177e-01,1.926869e-02,3.242510e-03,1.989720e-01,1.384999e-01,2.830105e-02,1.496566e-02,1.594399e-02,8.769844e-02,4.041052e-02,3.414910e-02
1.321313e-01,8.508164e-02,7.624982e-02,1.507975e-02,1.095177e-01,2.240708e-02,2.885453e-03,1.715506e-01,1.701753e-01,2.908175e-02,1.340729e-02,1.334894e-02,7.749495e-02,4.503526e-02,3.655309e-02
1.535692e-01,8.653441e-02,5.502241e-02,1.534306e-02,1.192699e-01,2.716614e-02,2.839120e-03,1.344354e-01,1.995374e-01,2.754879e-02,1.263753e-02,1.235752e-02,7.802932e-02,4.300701e-02,3.270274e-02
1.947626e-01,1.052291e-01,4.403379e-02,1.747886e-02,1.184766e-01,2.578054e-02,2.709085e-03,1.055969e-01,1.781926e-01,2.680561e-02,1.266265e-02,1.412603e-02,7.740192e-02,4.222767e-02,3.451616e-02
2.857598e-01,8.938981e-02,4.202723e-02,1.814923e-02,1.077839e-01,2.224656e-02,3.471554e-03,8.558826e-02,1.404652e-01,2.111411e-02,3.503293e-02,2.237418e-02,6.251512e-02,3.221915e-02,3.186299e-02
3.910743e-01,7.255779e-02,3.311104e-02,1.847662e-02,8.693507e-02,1.969916e-02,4.219301e-03,6.620089e-02,1.076111e-01,1.726924e-02,4.912488e-02,2.780221e-02,4.685211e-02,2.837164e-02,3.069468e-02
3.624325e-01,6.219421e-02,2.446383e-02,1.521141e-02,6.309786e-02,1.801660e-02,3.687112e-03,4.733519e-02,8.817503e-02,1.426225e-02,1.737323e-01,4.016695e-02,3.494158e-02,2.798650e-02,2.429673e-02
3.115683e-01,5.299401e-02,1.747535e-02,1.232969e-02,4.523465e-02,1.480930e-02,2.940487e-03,3.361499e-02,7.147001e-02,1.152029e-02,2.911222e-01,5.975519e-02,2.754006e-02,2.878805e-02,1.883743e-02
2.985739e-01,4.608563e-02,1.293046e-02,9.777554e-03,3.316286e-02,1.301981e-02,2.319672e-03,2.415022e-02,6.385422e-02,1.173272e-02,3.556838e-01,6.018745e-02,2.211446e-02,3.114842e-02,1.525893e-02
2.777577e-01,6.347463e-02,1.135527e-02,9.091455e-03,2.497213e-02,1.465576e-02,2.252383e-03,1.873784e-02,9.784514e-02,1.129763e-02,3.413264e-01,6.135612e-02,1.731050e-02,3.540143e-02,1.316564e-02
2.013602e-01,4.928665e-02,8.235585e-03,6.625652e-03,1.821860e-02,1.276030e-02,1.678956e-03,1.327944e-02,8.735947e-02,9.969630e-03,4.645389e-01,6.876459e-02,1.327413e-02,3.498814e-02,9.659803e-03
1.481127e-01,4.941503e-02,1.046463e-02,5.616360e-03,1.419759e-02,2.918284e-02,1.952466e-03,1.237686e-02,1.418483e-01,1.081818e-02,4.600068e-01,6.384188e-02,1.021768e-02,3.448634e-02,7.462422e-03
1.092372e-01,5.250958e-02,1.563967e-02,6.441685e-02,1.629552e-02,2.845577e-02,1.696366e-03,1.347056e-02,2.529455e-01,8.989362e-03,3.490992e-01,4.796038e-02,7.874231e-03,2.539864e-02,6.011263e-03
7.743707e-02,5.591060e-02,1.617729e-02,5.444947e-02,1.307675e-02,1.433962e-01,1.228440e-03,1.575174e-02,2.934383e-01,8.490071e-03,2.546929e-01,3.590852e-02,5.920527e-03,1.922976e-02,4.892329e-03
5.533889e-02,6.767856e-02,2.002982e-02,4.512180e-02,1.268564e-02,2.356803e-01,9.224845e-04,1.341098e-02,2.944556e-01,1.091499e-02,1.880933e-01,2.813840e-02,4.954703e-03,1.528695e-02,7.287564e-03
4.357659e-02,7.056510e-02,2.709782e-02,8.313626e-02,1.610537e-02,2.195339e-01,8.358215e-04,2.067106e-02,2.964030e-01,2.626577e-02,1.366266e-01,2.297514e-02,5.545638e-03,1.283760e-02,1.782423e-02
3.305157e-02,6.203882e-02,3.022269e-02,9.055240e-02,1.298765e-02,2.240773e-01,6.606401e-04,2.103518e-02,3.114495e-01,3.425646e-02,1.231201e-01,1.720208e-02,6.937282e-03,1.079116e-02,2.161721e-02
2.564036e-02,6.948262e-02,4.869172e-02,7.576739e-02,9.776175e-03,2.220171e-01,6.854412e-04,3.060597e-02,2.762486e-01,2.984499e-02,1.401055e-01,1.695967e-02,2.389297e-02,9.320723e-03,2.096073e-02
2.223868e-02,8.158919e-02,4.704288e-02,6.346370e-02,8.557545e-03,1.959586e-01,7.898138e-04,5.089758e-02,2.911356e-01,2.355370e-02,1.430303e-01,1.494128e-02,3.082230e-02,8.343844e-03,1.763503e-02
2.050953e-02,7.186484e-02,4.107737e-02,5.207288e-02,1.508418e-02,1.780859e-01,8.266786e-04,4.736343e-02,3.819608e-01,1.752903e-02,1.161857e-01,1.159575e-02,2.558627e-02,6.490044e-03,1.376757e-02
2.093519e-02,5.505294e-02,4.866853e-02,2.116673e-01,2.078502e-02,1.274069e-01,1.067703e-03,6.475857e-02,3.107999e-01,1.317718e-02,8.317877e-02,8.237910e-03,1.856215e-02,4.845122e-03,1.085677e-02
2.142219e-02,4.670366e-02,6.368475e-02,3.125110e-01,2.237962e-02,9.199569e-02,9.324958e-04,6.825946e-02,2.551411e-01,1.700032e-02,6.268261e-02,5.972777e-03,1.417331e-02,4.375745e-03,1.276524e-02
1.886665e-02,5.518487e-02,6.873039e-02,3.018731e-01,2.152159e-02,6.802575e-02,7.233403e-04,8.302888e-02,2.807679e-01,1.700593e-02,4.857212e-02,4.668128e-03,1.149221e-02,3.550719e-03,1.598836e-02
2.105124e-02,5.666205e-02,6.568533e-02,2.151333e-01,1.986225e-02,5.071894e-02,8.483403e-04,2.531028e-01,2.331074e-01,1.225963e-02,4.367897e-02,3.441633e-03,9.174244e-03,2.617631e-03,1.265620e-02
2.657159e-02,4.927111e-02,8.565257e-02,1.590358e-01,2.191452e-02,4.085400e-02,1.892308e-03,3.679415e-01,1.789162e-01,8.917308e-03,3.651527e-02,2.826029e-03,7.442096e-03,1.933206e-03,1.031640e-02
4.155935e-02,3.867761e-02,1.021817e-01,1.297314e-01,4.177919e-02,9.070826e-02,4.844771e-03,3.478979e-01,1.295926e-01,6.469735e-03,3.068993e-02,2.591738e-03,2.274041e-02,1.385089e-03,9.150364e-03
6.944596e-02,3.453904e-02,8.395889e-02,1.118672e-01,5.157511e-02,1.160697e-01,7.106361e-03,3.398093e-01,1.023246e-01,4.996230e-03,2.746883e-02,2.722469e-03,3.898175e-02,1.059942e-03,8.074688e-03
1.046665e-01,2.951743e-02,7.189800e-02,8.717853e-02,1.110857e-01,1.115578e-01,1.095225e-02,2.945338e-01,8.042079e-02,4.994591e-03,2.692074e-02,6.622358e-03,5.014013e-02,9.413435e-04,8.570064e-03
2.177883e-01,2.245609e-02,5.272839e-02,6.480727e-02,9.179714e-02,1.537352e-01,9.166366e-03,2.191525e-01,6.147044e-02,4.247703e-03,2.179531e-02,1.422551e-02,5.803263e-02,9.617480e-04,7.635412e-03
2.157980e-01,2.107920e-02,7.396066e-02,5.452508e-02,6.674883e-02,1.511819e-01,7.928726e-03,1.547906e-01,4.433367e-02,3.904799e-03,2.571336e-02,3.998198e-02,1.244527e-01,9.317273e-04,1.466881e-02
2.483374e-01,2.130754e-02,5.790957e-02,4.683822e-02,5.108897e-02,1.156797e-01,8.041423e-03,1.097553e-01,3.749101e-02,3.956221e-03,2.593040e-02,5.061380e-02,2.012588e-01,1.936780e-03,1.985479e-02
3.457673e-01,1.803028e-02,4.183602e-02,3.925717e-02,3.809804e-02,9.383544e-02,6.369315e-03,7.770623e-02,3.204177e-02,3.813447e-03,2.816914e-02,5.086974e-02,1.991006e-01,2.634788e-03,2.247082e-02
3.302777e-01,2.145713e-02,3.052538e-02,3.517010e-02,2.938272e-02,1.088353e-01,5.995703e-03,5.531367e-02,6.255265e-02,3.965463e-03,2.488641e-02,6.665664e-02,1.883260e-01,2.687230e-03,3.396796e-02
3.040970e-01,1.814557e-02,4.268407e-02,2.860409e-02,2.522594e-02,1.165907e-01,1.957308e-02,5.817072e-02,7.844340e-02,4.508620e-03,2.203306e-02,6.423633e-02,1.719135e-01,2.959124e-03,4.281489e-02
3.109683e-01,1.769133e-02,4.025468e-02,2.515380e-02,2.217983e-02,1.121744e-01,2.008501e-02,4.311926e-02,9.926569e-02,4.525893e-03,1.781350e-02,5.668095e-02,1.864692e-01,2.586649e-03,4.103157e-02
3.042822e-01,2.308132e-02,4.135768e-02,1.219917e-01,2.827329e-02,9.191281e-02,1.694268e-02,3.528287e-02,8.617511e-02,4.831363e-03,1.375478e-02,4.668458e-02,1.528381e-01,2.191255e-03,3.040031e-02
3.415704e-01,2.098225e-02,3.120613e-02,9.736366e-02,2.652492e-02,7.320966e-02,1.792088e-02,2.682475e-02,7.283172e-02,4.162180e-03,1.106093e-02,4.561360e-02,2.042415e-01,2.184125e-03,2.430333e-02
2.873024e-01,1.565374e-02,2.216429e-02,7.081687e-02,2.214811e-02,5.610752e-02,1.364969e-02,1.961298e-02,5.447946e-02,3.390355e-03,8.590712e-03,5.060694e-02,3.558120e-01,1.780014e-03,1.788497e-02
2.571303e-01,1.289905e-02,1.597947e-02,5.248170e-02,2.244330e-02,4.587432e-02,1.032520e-02,1.447816e-02,4.482713e-02,3.154509e-03,6.747301e-03,5.790253e-02,4.403221e-01,1.644788e-03,1.379014e-02
2.511915e-01,1.121099e-02,1.148966e-02,3.905820e-02,2.486317e-02,3.772667e-02,8.115142e-03,1.072658e-02,3.523347e-02,2.532237e-03,5.230287e-03,5.611040e-02,4.934803e-01,1.527463e-03,1.150402e-02
2.077294e-01,8.742660e-02,1.971480e-02,8.476909e-02,3.857614e-02,3.457463e-02,7.842772e-03,1.192914e-02,2.957514e-02,3.829682e-03,5.964797e-03,4.717817e-02,4.047175e-01,1.812705e-03,1.435954e-02
2.178968e-01,6.549954e-02,1.473740e-02,6.309438e-02,3.919370e-02,3.621171e-02,7.381890e-03,1.162257e-02,2.739196e-02,3.509792e-03,5.536885e-03,4.169670e-02,4.482348e-01,1.931683e-03,1.606027e-02
2.375708e-01,4.888491e-02,1.178769e-02,4.991851e-02,3.713722e-02,3.718230e-02,1.047360e-02,1.751497e-02,2.296216e-02,3.131913e-03,5.289468e-03,3.721914e-02,4.654037e-01,1.693910e-03,1.382966e-02
3.119235e-01,3.612372e-02,9.047893e-03,3.691506e-02,3.314870e-02,3.872154e-02,8.853632e-03,1.527382e-02,1.986946e-02,2.697557e-03,4.476358e-03,3.419704e-02,4.354932e-01,1.606072e-03,1.165244e-02
4.122164e-01,2.817324e-02,7.157104e-03,3.022600e-02,3.490856e-02,3.376447e-02,7.815368e-03,1.270577e-02,1.887852e-02,2.707079e-03,4.259603e-03,2.966165e-02,3.636639e-01,1.827824e-03,1.203447e-02
4.180182e-01,4.451382e-02,1.271499e-02,9.127377e-02,3.688923e-02,3.147404e-02,9.544102e-03,1.320257e-02,2.052907e-02,3.757809e-03,5.925011e-03,3.201602e-02,2.635023e-01,2.244824e-03,1.439425e-02
4.967313e-01,3.873487e-02,1.553241e-02,8.278397e-02,3.116132e-02,3.723371e-02,9.379977e-03,1.136639e-02,1.830128e-02,3.799293e-03,6.346833e-03,3.231609e-02,1.979092e-01,2.391191e-03,1.601215e-02
3.646021e-01,2.805703e-02,1.178509e-02,6.057829e-02,3.353864e-02,2.778902e-02,8.321506e-03,2.580448e-01,1.817921e-02,2.715061e-03,6.362740e-03,2.339933e-02,1.434756e-01,1.763071e-03,1.138849e-02
3.586112e-01,2.051648e-02,1.052965e-02,4.895397e-02,8.235958e-02,3.398760e-02,8.859403e-03,2.793898e-01,1.343995e-02,2.198958e-03,8.979929e-03,1.900271e-02,1.030580e-01,1.534499e-03,8.578284e-03
3.052122e-01,1.466053e-02,8.380548e-03,4.274181e-02,1.815691e-01,5.097372e-02,8.429565e-03,2.166286e-01,9.919435e-03,2.083642e-03,4.213156e-02,1.936999e-02,8.614271e-02,1.458764e-03,1.029786e-02
3.858968e-01,1.065317e-02,6.921409e-03,3.190521e-02,1.984719e-01,4.270521e-02,7.753823e-03,1.746621e-01,8.085574e-03,1.991832e-03,3.759733e-02,1.831673e-02,6.465305e-02,1.351251e-03,9.034531e-03
4.852991e-01,8.163400e-03,5.561395e-03,2.444920e-02,1.844247e-01,3.511204e-02,7.639105e-03,1.339945e-01,7.138886e-03,1.792876e-03,2.935540e-02,1.850932e-02,4.975706e-02,1.281642e-03,7.521284e-03
4.854168e-01,7.098577e-03,5.598309e-03,2.019133e-02,2.214223e-01,3.891027e-02,8.715388e-03,1.109296e-01,7.519233e-03,1.547911e-03,2.375083e-02,1.757654e-02,4.336189e-02,1.275958e-03,6.685040e-03
4.971682e-01,6.769162e-03,4.934893e-03,1.747295e-02,2.254226e-01,5.193710e-02,8.370174e-03,8.597573e-02,1.027165e-02,1.381395e-03,2.161590e-02,2.053415e-02,4.009154e-02,1.403739e-03,6.650905e-03
1.000000e+00,0.000000e+00,0.000000e+00,0.000000e+00,0.000000e+00,0.000000e+00,0.000000e+00,0.000000e+00,0.000000e+00,0.000000e+00,0.000000e+00,0.000000e+00,0.000000e+00,0.000000e+00,0.000000e+00
4.539142e-01,1.701062e-02,4.797442e-03,7.765626e-02,1.559130e-01,5.727033e-02,6.421279e-03,4.882304e-02,2.491063e-02,1.494638e-02,3.100267e-02,3.400896e-02,5.849688e-02,2.044453e-03,1.278384e-02
3.193642e-01,2.124151e-02,3.996970e-03,2.251278e-01,1.156160e-01,4.147242e-02,4.605289e-03,3.444647e-02,2.597105e-02,1.096267e-02,1.145700e-01,2.780372e-02,4.364352e-02,1.836457e-03,9.341873e-03
2.264573e-01,1.599197e-02,2.985404e-03,1.703750e-01,8.347294e-02,3.460582e-02,3.309732e-03,2.428502e-02,4.264499e-02,1.293729e-02,2.764952e-01,3.939090e-02,4.139271e-02,1.833640e-02,7.319327e-03
1.599047e-01,1.316861e-02,2.230555e-03,1.218774e-01,5.869868e-02,2.586638e-02,2.360946e-03,1.723285e-02,3.616267e-02,1.395037e-02,3.712739e-01,9.521851e-02,3.732853e-02,3.931285e-02,5.413063e-03
1.141846e-01,1.589957e-02,1.893672e-03,8.721244e-02,4.181483e-02,2.027339e-02,1.693203e-03,1.216687e-02,3.647653e-02,1.780938e-02,4.118349e-01,1.028621e-01,2.875155e-02,1.019388e-01,5.188187e-03
8.022884e-02,1.624757e-02,2.102427e-03,6.145517e-02,3.005528e-02,1.481554e-02,1.227272e-03,8.750379e-03,1.556202e-01,1.359495e-02,3.457441e-01,1.056697e-01,2.088201e-02,1.391031e-01,4.503386e-03
5.682056e-02,1.503561e-02,3.244793e-03,4.327423e-02,2.211253e-02,1.091826e-02,8.857006e-04,6.241876e-03,2.908594e-01,1.058538e-02,2.708730e-01,9.216456e-02,1.544338e-02,1.570967e-01,4.444106e-03
