1.000000e+00,0.000000e+00,0.000000e+00,0.000000e+00,0.000000e+00,0.000000e+00,0.000000e+00,0.000000e+00,0.000000e+00,0.000000e+00,0.000000e+00,0.000000e+00,0.000000e+00,0.000000e+00,0.000000e+00
1.000000e+00,0.000000e+00,0.000000e+00,0.000000e+00,0.000000e+00,0.000000e+00,0.000000e+00,0.000000e+00,0.000000e+00,0.000000e+00,0.000000e+00,0.000000e+00,0.000000e+00,0.000000e+00,0.000000e+00
1.000000e+00,0.000000e+00,0.000000e+00,0.000000e+00,0.000000e+00,0.000000e+00,0.000000e+00,0.000000e+00,0.000000e+00,0.000000e+00,0.000000e+00,0.000000e+00,0.000000e+00,0.000000e+00,0.000000e+00
1.000000e+00,0.000000e+00,0.000000e+00,0.000000e+00,0.000000e+00,0.000000e+00,0.000000e+00,0.000000e+00,0.000000e+00,0.000000e+00,0.000000e+00,0.000000e+00,0.000000e+00,0.000000e+00,0.000000e+00
1.000000e+00,0.000000e+00,0.000000e+00,0.000000e+00,0.000000e+00,0.000000e+00,0.000000e+00,0.000000e+00,0.000000e+00,0.000000e+00,0.000000e+00,0.000000e+00,0.000000e+00,0.000000e+00,0.000000e+00
1.000000e+00,0.000000e+00,0.000000e+00,0.000000e+00,0.000000e+00,0.000000e+00,0.000000e+00,0.000000e+00,0.000000e+00,0.000000e+00,0.000000e+00,0.000000e+00,0.000000e+00,0.000000e+00,0.000000e+00
1.000000e+00,0.000000e+00,0.000000e+00,0.000000e+00,0.000000e+00,0.000000e+00,0.000000e+00,0.000000e+00,0.000000e+00,0.000000e+00,0.000000e+00,0.000000e+00,0.000000e+00,0.000000e+00,0.000000e+00
1.000000e+00,0.000000e+00,0.000000e+00,0.000000e+00,0.000000e+00,0.000000e+00,0.000000e+00,0.000000e+00,0.000000e+00,0.000000e+00,0.000000e+00,0.000000e+00,0.000000e+00,0.000000e+00,0.000000e+00
1.000000e+00,0.000000e+00,0.000000e+00,0.000000e+00,0.000000e+00,0.000000e+00,0.000000e+00,0.000000e+00,0.000000e+00,0.000000e+00,0.000000e+00,0.000000e+00,0.000000e+00,0.000000e+00,0.000000e+00
1.000000e+00,0.000000e+00,0.000000e+00,0.000000e+00,0.000000e+00,0.000000e+00,0.000000e+00,0.000000e+00,0.000000e+00,0.000000e+00,0.000000e+00,0.000000e+00,0.000000e+00,0.000000e+00,0.000000e+00
1.000000e+00,0.000000e+00,0.000000e+00,0.000000e+00,0.000000e+00,0.000000e+00,0.000000e+00,0.000000e+00,0.000000e+00,0.000000e+00,0.000000e+00,0.000000e+00,0.000000e+00,0.000000e+00,0.000000e+00
1.000000e+00,0.000000e+00,0.000000e+00,0.000000e+00,0.000000e+00,0.000000e+00,0.000000e+00,0.000000e+00,0.000000e+00,0.000000e+00,0.000000e+00,0.000000e+00,0.000000e+00,0.000000e+00,0.000000e+00
1.000000e+00,0.000000e+00,0.000000e+00,0.000000e+00,0.000000e+00,0.000000e+00,0.000000e+00,0.000000e+00,0.000000e+00,0.000000e+00,0.000000e+00,0.000000e+00,0.000000e+00,0.000000e+00,0.000000e+00
1.000000e+00,0.000000e+00,0.000000e+00,0.000000e+00,0.000000e+00,0.000000e+00,0.000000e+00,0.000000e+00,0.000000e+00,0.000000e+00,0.000000e+00,0.000000e+00,0.000000e+00,0.000000e+00,0.000000e+00
1.000000e+00,0.000000e+00,0.000000e+00,0.000000e+00,0.000000e+00,0.000000e+00,0.000000e+00,0.000000e+00,0.000000e+00,0.000000e+00,0.000000e+00,0.000000e+00,0.000000e+00,0.000000e+00,0.000000e+00
1.000000e+00,0.000000e+00,0.000000e+00,0.000000e+00,0.000000e+00,0.000000e+00,0.000000e+00,0.000000e+00,0.000000e+00,0.000000e+00,0.000000e+00,0.000000e+00,0.000000e+00,0.000000e+00,0.000000e+00
1.000000e+00,0.000000e+00,0.000000e+00,0.000000e+00,0.000000e+00,0.000000e+00,0.000000e+00,0.000000e+00,0.000000e+00,0.000000e+00,0.000000e+00,0.000000e+00,0.000000e+00,0.000000e+00,0.000000e+00
1.000000e+00,0.000000e+00,0.000000e+00,0.000000e+00,0.000000e+00,0.000000e+00,0.000000e+00,0.000000e+00,0.000000e+00,0.000000e+00,0.000000e+00,0.000000e+00,0.000000e+00,0.000000e+00,0.000000e+00
1.000000e+00,0.000000e+00,0.000000e+00,0.000000e+00,0.000000e+00,0.000000e+00,0.000000e+00,0.000000e+00,0.000000e+00,0.000000e+00,0.000000e+00,0.000000e+00,0.000000e+00,0.000000e+00,0.000000e+00
1.000000e+00,0.000000e+00,0.000000e+00,0.000000e+00,0.000000e+00,0.000000e+00,0.000000e+00,0.000000e+00,0.000000e+00,0.000000e+00,0.000000e+00,0.000000e+00,0.000000e+00,0.000000e+00,0.000000e+00
1.000000e+00,0.000000e+00,0.000000e+00,0.000000e+00,0.000000e+00,0.000000e+00,0.000000e+00,0.000000e+00,0.000000e+00,0.000000e+00,0.000000e+00,0.000000e+00,0.000000e+00,0.000000e+00,0.000000e+00
1.000000e+00,0.000000e+00,0.000000e+00,0.000000e+00,0.000000e+00,0.000000e+00,0.000000e+00,0.000000e+00,0.000000e+00,0.000000e+00,0.000000e+00,0.000000e+00,0.000000e+00,0.000000e+00,0.000000e+00
1.000000e+00,0.000000e+00,0.000000e+00,0.000000e+00,0.000000e+00,0.000000e+00,0.000000e+00,0.000000e+00,0.000000e+00,0.000000e+00,0.000000e+00,0.000000e+00,0.000000e+00,0.000000e+00,0.000000e+00
1.000000e+00,0.000000e+00,0.000000e+00,0.000000e+00,0.000000e+00,0.000000e+00,0.000000e+00,0.000000e+00,0.000000e+00,0.000000e+00,0.000000e+00,0.000000e+00,0.000000e+00,0.000000e+00,0.000000e+00
1.000000e+00,0.000000e+00,0.000000e+00,0.000000e+00,0.000000e+00,0.000000e+00,0.000000e+00,0.000000e+00,0.000000e+00,0.000000e+00,0.000000e+00,0.000000e+00,0.000000e+00,0.000000e+00,0.000000e+00
1.000000e+00,0.000000e+00,0.000000e+00,0.000000e+00,0.000000e+00,0.000000e+00,0.000000e+00,0.000000e+00,0.000000e+00,0.000000e+00,0.000000e+00,0.000000e+00,0.000000e+00,0.000000e+00,0.000000e+00
1.000000e+00,0.000000e+00,0.000000e+00,0.000000e+00,0.000000e+00,0.000000e+00,0.000000e+00,0.000000e+00,0.000000e+00,0.000000e+00,0.000000e+00,0.000000e+00,0.000000e+00,0.000000e+00,0.000000e+00
1.000000e+00,0.000000e+00,0.000000e+00,0.000000e+00,0.000000e+00,0.000000e+00,0.000000e+00,0.000000e+00,0.000000e+00,0.000000e+00,0.000000e+00,0.000000e+00,0.000000e+00,0.000000e+00,0.000000e+00
1.000000e+00,0.000000e+00,0.000000e+00,0.000000e+00,0.000000e+00,0.000000e+00,0.000000e+00,0.000000e+00,0.000000e+00,0.000000e+00,0.000000e+00,0.000000e+00,0.000000e+00,0.000000e+00,0.000000e+00
1.000000e+00,0.000000e+00,0.000000e+00,0.000000e+00,0.000000e+00,0.000000e+00,0.000000e+00,0.000000e+00,0.000000e+00,0.000000e+00,0.000000e+00,0.000000e+00,0.000000e+00,0.000000e+00,0.000000e+00
1.000000e+00,0.000000e+00,0.000000e+00,0.000000e+00,0.000000e+00,0.000000e+00,0.000000e+00,0.000000e+00,0.000000e+00,0.000000e+00,0.000000e+00,0.000000e+00,0.000000e+00,0.000000e+00,0.000000e+00
1.000000e+00,0.000000e+00,0.000000e+00,0.000000e+00,0.000000e+00,0.000000e+00,0.000000e+00,0.000000e+00,0.000000e+00,0.000000e+00,0.000000e+00,0.000000e+00,0.000000e+00,0.000000e+00,0.000000e+00
1.000000e+00,0.000000e+00,0.000000e+00,0.000000e+00,0.000000e+00,0.000000e+00,0.000000e+00,0.000000e+00,0.000000e+00,0.000000e+00,0.000000e+00,0.000000e+00,0.000000e+00,0.000000e+00,0.000000e+00
3.878070e-01,5.486547e-02,7.590330e-02,2.245319e-01,1.819620e-02,2.375087e-02,7.734113e-03,2.669483e-02,2.137815e-02,3.897244e-03,2.995880e-02,4.947660e-02,2.431783e-02,7.802374e-03,4.368529e-02
4.661287e-01,4.842757e-02,6.662454e-02,1.813037e-01,1.810467e-02,2.168633e-02,6.707452e-03,2.289728e-02,1.951094e-02,3.351786e-03,2.709164e-02,4.160514e-02,2.456751e-02,7.689865e-03,4.430291e-02
4.073268e-01,4.516769e-02,1.047225e-01,2.178142e-01,2.113137e-02,1.958217e-02,5.686667e-03,2.417565e-02,1.887509e-02,2.965202e-03,2.616172e-02,3.709647e-02,2.190004e-02,7.135308e-03,4.025923e-02
1.000000e+00,0.000000e+00,0.000000e+00,0.000000e+00,0.000000e+00,0.000000e+00,0.000000e+00,0.000000e+00,0.000000e+00,0.000000e+00,0.000000e+00,0.000000e+00,0.000000e+00,0.000000e+00,0.000000e+00
1.000000e+00,0.000000e+00,0.000000e+00,0.000000e+00,0.000000e+00,0.000000e+00,0.000000e+00,0.000000e+00,0.000000e+00,0.000000e+00,0.000000e+00,0.000000e+00,0.000000e+00,0.000000e+00,0.000000e+00
1.000000e+00,0.000000e+00,0.000000e+00,0.000000e+00,0.000000e+00,0.000000e+00,0.000000e+00,0.000000e+00,0.000000e+00,0.000000e+00,0.000000e+00,0.000000e+00,0.000000e+00,0.000000e+00,0.000000e+00
1.000000e+00,0.000000e+00,0.000000e+00,0.000000e+00,0.000000e+00,0.000000e+00,0.000000e+00,0.000000e+00,0.000000e+00,0.000000e+00,0.000000e+00,0.000000e+00,0.000000e+00,0.000000e+00,0.000000e+00
1.000000e+00,0.000000e+00,0.000000e+00,0.000000e+00,0.000000e+00,0.000000e+00,0.000000e+00,0.000000e+00,0.000000e+00,0.000000e+00,0.000000e+00,0.000000e+00,0.000000e+00,0.000000e+00,0.000000e+00
1.000000e+00,0.000000e+00,0.000000e+00,0.000000e+00,0.000000e+00,0.000000e+00,0.000000e+00,0.000000e+00,0.000000e+00,0.000000e+00,0.000000e+00,0.000000e+00,0.000000e+00,0.000000e+00,0.000000e+00
1.000000e+00,0.000000e+00,0.000000e+00,0.000000e+00,0.000000e+00,0.000000e+00,0.000000e+00,0.000000e+00,0.000000e+00,0.000000e+00,0.000000e+00,0.000000e+00,0.000000e+00,0.000000e+00,0.000000e+00
1.000000e+00,0.000000e+00,0.000000e+00,0.000000e+00,0.000000e+00,0.000000e+00,0.000000e+00,0.000000e+00,0.000000e+00,0.000000e+00,0.000000e+00,0.000000e+00,0.000000e+00,0.000000e+00,0.000000e+00
1.000000e+00,0.000000e+00,0.000000e+00,0.000000e+00,0.000000e+00,0.000000e+00,0.000000e+00,0.000000e+00,0.000000e+00,0.000000e+00,0.000000e+00,0.000000e+00,0.000000e+00,0.000000e+00,0.000000e+00
1.000000e+00,0.000000e+00,0.000000e+00,0.000000e+00,0.000000e+00,0.000000e+00,0.000000e+00,0.000000e+00,0.000000e+00,0.000000e+00,0.000000e+00,0.000000e+00,0.000000e+00,0.000000e+00,0.000000e+00
1.000000e+00,0.000000e+00,0.000000e+00,0.000000e+00,0.000000e+00,0.000000e+00,0.000000e+00,0.000000e+00,0.000000e+00,0.000000e+00,0.000000e+00,0.000000e+00,0.000000e+00,0.000000e+00,0.000000e+00
1.000000e+00,0.000000e+00,0.000000e+00,0.000000e+00,0.000000e+00,0.000000e+00,0.000000e+00,0.000000e+00,0.000000e+00,0.000000e+00,0.000000e+00,0.000000e+00,0.000000e+00,0.000000e+00,0.000000e+00
1.000000e+00,0.000000e+00,0.000000e+00,0.000000e+00,0.000000e+00,0.000000e+00,0.000000e+00,0.000000e+00,0.000000e+00,0.000000e+00,0.000000e+00,0.000000e+00,0.000000e+00,0.000000e+00,0.000000e+00
1.000000e+00,0.000000e+00,0.000000e+00,0.000000e+00,0.000000e+00,0.000000e+00,0.000000e+00,0.000000e+00,0.000000e+00,0.000000e+00,0.000000e+00,0.000000e+00,0.000000e+00,0.000000e+00,0.000000e+00
1.000000e+00,0.000000e+00,0.000000e+00,0.000000e+00,0.000000e+00,0.000000e+00,0.000000e+00,0.000000e+00,0.000000e+00,0.000000e+00,0.000000e+00,0.000000e+00,0.000000e+00,0.000000e+00,0.000000e+00
1.000000e+00,0.000000e+00,0.000000e+00,0.000000e+00,0.000000e+00,0.000000e+00,0.000000e+00,0.000000e+00,0.000000e+00,0.000000e+00,0.000000e+00,0.000000e+00,0.000000e+00,0.000000e+00,0.000000e+00
1.000000e+00,0.000000e+00,0.000000e+00,0.000000e+00,0.000000e+00,0.000000e+00,0.000000e+00,0.000000e+00,0.000000e+00,0.000000e+00,0.000000e+00,0.000000e+00,0.000000e+00,0.000000e+00,0.000000e+00
1.000000e+00,0.000000e+00,0.000000e+00,0.000000e+00,0.000000e+00,0.000000e+00,0.000000e+00,0.000000e+00,0.000000e+00,0.000000e+00,0.000000e+00,0.000000e+00,0.000000e+00,0.000000e+00,0.000000e+00
1.000000e+00,0.000000e+00,0.000000e+00,0.000000e+00,0.000000e+00,0.000000e+00,0.000000e+00,0.000000e+00,0.000000e+00,0.000000e+00,0.000000e+00,0.000000e+00,0.000000e+00,0.000000e+00,0.000000e+00
1.000000e+00,0.000000e+00,0.000000e+00,0.000000e+00,0.000000e+00,0.000000e+00,0.000000e+00,0.000000e+00,0.000000e+00,0.000000e+00,0.000000e+00,0.000000e+00,0.000000e+00,0.000000e+00,0.000000e+00
1.000000e+00,0.000000e+00,0.000000e+00,0.000000e+00,0.000000e+00,0.000000e+00,0.000000e+00,0.000000e+00,0.000000e+00,0.000000e+00,0.000000e+00,0.000000e+00,0.000000e+00,0.000000e+00,0.000000e+00
4.408337e-01,7.361289e-03,1.883114e-01,4.386796e-02,3.959568e-03,2.021596e-02,8.427814e-03,2.293305e-01,2.303645e-03,7.991297e-04,8.994365e-03,2.681634e-02,1.036576e-02,1.883770e-03,6.528760e-03
4.303298e-01,5.926455e-03,1.763490e-01,3.655852e-02,3.399665e-03,1.754463e-02,9.872589e-03,2.739508e-01,1.795854e-03,7.140828e-04,7.321516e-03,2.051295e-02,8.314307e-03,1.765116e-03,5.644611e-03
4.570536e-01,5.435391e-03,1.366224e-01,2.840286e-02,3.007612e-03,1.519594e-02,1.106462e-02,3.031565e-01,1.562701e-03,7.519480e-04,6.561128e-03,1.608021e-02,7.417901e-03,1.778356e-03,5.908852e-03
1.000000e+00,0.000000e+00,0.000000e+00,0.000000e+00,0.000000e+00,0.000000e+00,0.000000e+00,0.000000e+00,0.000000e+00,0.000000e+00,0.000000e+00,0.000000e+00,0.000000e+00,0.000000e+00,0.000000e+00
1.000000e+00,0.000000e+00,0.000000e+00,0.000000e+00,0.000000e+00,0.000000e+00,0.000000e+00,0.000000e+00,0.000000e+00,0.000000e+00,0.000000e+00,0.000000e+00,0.000000e+00,0.000000e+00,0.000000e+00
1.000000e+00,0.000000e+00,0.000000e+00,0.000000e+00,0.000000e+00,0.000000e+00,0.000000e+00,0.000000e+00,0.000000e+00,0.000000e+00,0.000000e+00,0.000000e+00,0.000000e+00,0.000000e+00,0.000000e+00
1.000000e+00,0.000000e+00,0.000000e+00,0.000000e+00,0.000000e+00,0.000000e+00,0.000000e+00,0.000000e+00,0.000000e+00,0.000000e+00,0.000000e+00,0.000000e+00,0.000000e+00,0.000000e+00,0.000000e+00
3.820356e-01,2.666420e-03,4.647312e-02,9.733501e-03,3.986621e-03,9.987443e-03,4.976313e-02,4.692014e-01,1.036836e-03,8.124360e-04,3.431698e-03,6.697796e-03,7.968209e-03,1.383074e-03,4.822691e-03
3.946543e-01,2.517066e-03,3.474973e-02,8.653693e-03,4.732469e-03,1.152043e-02,4.326337e-02,4.680099e-01,1.274854e-03,9.118882e-04,3.659147e-03,9.051802e-03,1.039977e-02,1.521700e-03,5.079825e-03
3.619120e-01,2.459834e-03,2.926117e-02,8.226991e-03,5.212647e-03,1.224232e-02,5.665109e-02,4.899324e-01,1.279350e-03,7.992474e-04,3.352247e-03,1.001787e-02,1.201139e-02,1.594969e-03,5.046402e-03
3.535962e-01,2.752148e-03,2.488293e-02,7.377571e-03,5.293439e-03,2.185553e-02,7.851416e-02,4.665336e-01,1.285963e-03,8.544425e-04,3.424439e-03,1.062146e-02,1.483241e-02,1.853935e-03,6.321817e-03
3.227002e-01,2.347256e-03,1.889901e-02,5.960439e-03,5.322790e-03,2.163554e-02,7.749995e-02,5.032299e-01,1.225955e-03,8.803620e-04,3.920655e-03,1.068094e-02,1.715376e-02,2.451223e-03,6.092020e-03
2.861608e-01,2.104103e-03,1.441384e-02,5.248202e-03,6.998403e-03,1.939578e-02,6.257106e-02,4.876203e-01,1.807113e-03,1.187541e-03,1.985973e-02,1.351096e-02,6.796376e-02,3.364958e-03,7.793527e-03
2.236932e-01,1.774122e-03,1.077733e-02,5.290860e-03,5.478931e-03,1.522755e-02,4.851962e-02,3.920338e-01,1.731554e-03,9.564433e-03,2.681926e-02,4.052100e-02,1.227567e-01,8.325835e-02,1.255335e-02
1.719063e-01,1.615429e-03,7.862465e-03,5.412519e-03,4.093904e-03,1.166472e-02,3.502911e-02,2.954526e-01,2.035725e-03,1.343551e-02,3.486995e-02,5.104869e-02,1.499702e-01,1.973684e-01,1.823452e-02
1.224597e-01,2.039155e-03,5.703727e-03,4.684924e-03,3.146720e-03,9.054937e-03,2.465700e-02,2.074047e-01,3.674501e-03,1.163557e-02,3.218924e-02,3.810015e-02,1.825352e-01,2.560559e-01,9.665854e-02
8.723265e-02,2.442142e-03,4.037149e-03,3.994564e-03,2.367991e-03,7.000457e-03,1.737854e-02,1.454204e-01,1.845706e-02,9.515680e-03,2.607258e-02,2.989714e-02,2.528215e-01,2.650405e-01,1.283216e-01
6.252117e-02,6.846425e-03,3.242313e-03,5.864915e-03,1.990219e-03,1.086988e-02,1.224804e-02,1.018812e-01,1.585704e-01,1.242684e-02,2.465785e-02,2.909220e-02,1.938640e-01,2.220883e-01,1.538363e-01
4.438637e-02,8.763520e-03,2.732907e-03,4.775511e-03,1.600635e-03,1.035083e-02,8.652051e-03,7.136773e-02,2.441757e-01,1.313083e-02,2.985334e-02,2.514457e-02,1.436667e-01,2.372935e-01,1.541057e-01
3.197981e-02,8.543390e-03,2.179826e-03,4.050356e-03,1.348327e-03,8.605033e-03,6.088523e-03,4.997343e-02,2.793582e-01,1.084942e-02,5.262190e-02,2.162267e-02,1.063257e-01,2.931922e-01,1.232612e-01
2.312652e-02,3.665785e-02,3.437555e-03,3.580208e-03,1.357188e-03,7.270719e-03,4.295711e-03,3.506704e-02,2.868382e-01,8.025958e-03,4.910810e-02,1.711751e-02,7.733339e-02,3.545195e-01,9.226461e-02
1.679225e-02,3.401372e-02,2.801172e-03,3.215283e-03,1.150150e-03,5.810556e-03,3.015706e-03,2.457850e-02,2.969903e-01,5.935043e-03,4.447705e-02,1.305085e-02,5.596210e-02,4.235624e-01,6.864484e-02
1.218231e-02,8.285844e-02,8.061548e-03,2.404643e-03,1.078347e-03,5.355875e-03,2.129917e-03,1.725317e-02,2.722051e-01,4.482883e-03,3.984573e-02,9.726053e-03,4.119753e-02,4.377806e-01,6.343793e-02
8.905039e-03,7.275899e-02,6.256463e-03,2.023459e-03,9.344201e-04,5.194561e-03,1.512184e-03,1.217027e-02,3.518966e-01,3.484799e-03,2.835379e-02,6.847459e-03,2.924962e-02,4.239863e-01,4.642610e-02
6.621611e-03,6.240163e-02,4.980273e-03,2.180008e-03,1.177058e-03,5.956894e-03,1.092155e-03,8.972635e-03,3.756244e-01,2.646777e-03,2.020610e-02,4.875232e-03,2.110855e-02,4.480006e-01,3.415607e-02
5.022256e-03,5.152028e-02,4.271801e-03,7.234625e-03,3.813818e-03,6.144703e-03,8.484874e-04,1.282483e-02,4.465987e-01,2.207669e-03,1.483538e-02,3.525497e-03,1.609243e-02,4.002229e-01,2.483662e-02
4.273519e-03,5.227003e-02,3.814979e-03,6.385245e-03,7.315122e-03,5.880645e-03,6.648054e-04,1.357221e-02,5.239490e-01,1.978636e-03,1.072551e-02,2.501331e-03,1.185101e-02,3.366616e-01,1.815627e-02
6.053879e-03,4.503214e-02,1.862524e-02,1.994597e-02,4.988794e-02,6.295271e-03,9.516347e-04,9.476316e-02,4.618306e-01,1.825518e-03,7.693557e-03,1.770334e-03,8.544179e-03,2.634613e-01,1.331921e-02
6.086045e-03,3.498072e-02,1.970716e-02,2.093958e-02,5.170187e-02,5.087050e-03,6.943741e-04,7.040389e-02,5.637792e-01,3.404826e-03,5.789707e-03,1.280447e-03,6.192820e-03,1.975800e-01,1.237235e-02
7.322541e-03,2.615156e-02,2.086916e-02,2.936611e-02,6.761545e-02,4.767946e-03,5.341580e-04,8.286168e-02,5.818962e-01,4.617602e-03,4.970371e-03,9.632710e-04,4.570264e-03,1.519862e-01,1.150745e-02
9.794150e-03,2.337519e-02,2.350860e-02,3.273346e-02,7.399996e-02,3.691338e-03,4.321313e-04,1.871881e-01,5.109442e-01,5.459777e-03,4.323791e-03,7.258397e-04,3.339842e-03,1.101521e-01,1.033152e-02
1.195335e-02,1.993288e-02,2.245774e-02,2.600455e-02,7.170594e-02,2.833431e-03,3.341938e-04,3.202708e-01,4.231557e-01,6.057306e-03,3.757070e-03,5.280887e-04,2.447394e-03,7.917906e-02,9.382493e-03
1.297955e-02,2.031663e-02,2.295914e-02,2.064063e-02,5.598496e-02,2.581098e-03,3.208705e-04,4.380236e-01,3.405372e-01,5.810772e-03,3.454948e-03,4.684253e-04,1.959150e-03,6.140570e-02,1.255731e-02
2.216535e-02,3.147747e-02,2.173340e-02,1.698138e-02,4.786627e-02,2.498918e-03,2.849727e-04,5.228077e-01,2.606173e-01,5.132328e-03,3.510592e-03,4.842659e-04,1.607739e-03,4.900004e-02,1.383230e-02
2.766482e-02,3.217320e-02,2.019741e-02,1.396510e-02,4.362823e-02,2.478084e-03,3.537874e-04,5.855326e-01,2.073872e-01,4.399749e-03,3.281041e-03,4.491643e-04,1.338895e-03,4.361750e-02,1.353310e-02
3.835496e-02,4.117753e-02,1.760106e-02,1.149915e-02,3.916728e-02,2.713491e-03,5.634952e-04,5.910844e-01,1.905616e-01,3.852380e-03,3.128941e-03,5.147485e-04,1.219528e-03,4.617538e-02,1.238603e-02
7.309057e-02,6.484172e-02,1.819319e-02,9.884242e-03,5.528541e-02,3.837648e-03,1.395373e-03,5.368303e-01,1.741787e-01,3.424321e-03,2.923395e-03,5.981477e-04,1.142059e-03,4.332802e-02,1.104682e-02
1.142044e-01,8.844507e-02,2.337275e-02,1.121044e-02,6.772871e-02,4.295261e-03,3.850671e-03,4.758761e-01,1.550186e-01,3.484562e-03,2.775299e-03,1.190808e-03,1.946502e-03,3.355572e-02,1.304508e-02
8.544695e-02,7.290826e-02,1.978991e-02,2.870367e-02,4.816672e-02,4.355022e-03,2.775263e-03,3.373809e-01,2.547564e-01,5.062195e-03,4.765245e-02,1.652494e-03,5.464142e-03,3.551020e-02,5.037554e-02
6.323102e-02,5.926785e-02,1.861303e-02,3.410384e-02,3.584217e-02,4.918715e-03,2.227566e-03,2.462226e-01,3.188298e-01,6.204179e-03,9.562816e-02,3.827315e-03,8.350980e-03,5.155916e-02,5.117368e-02
4.517111e-02,4.281077e-02,1.632593e-02,2.532612e-02,2.849194e-02,4.984238e-03,1.692927e-03,1.735118e-01,2.486952e-01,5.272227e-03,2.202418e-01,6.284591e-03,3.186083e-02,1.085090e-01,4.082161e-02
3.206873e-02,3.090036e-02,1.301012e-02,1.829218e-02,2.375275e-02,4.269132e-03,1.312523e-03,1.221138e-01,2.259640e-01,5.254098e-03,2.785814e-01,5.982473e-03,3.697059e-02,1.694369e-01,3.209090e-02
2.261272e-02,2.215717e-02,9.518292e-03,1.306100e-02,2.027157e-02,3.334398e-03,1.002987e-03,8.580807e-02,2.862101e-01,4.603290e-03,2.450015e-01,7.697811e-03,3.560472e-02,2.179451e-01,2.517130e-02
1.597143e-02,1.582009e-02,6.871583e-03,9.247511e-03,1.613352e-02,2.690356e-03,7.630932e-04,6.013834e-02,3.684906e-01,4.195485e-03,1.794695e-01,6.796719e-03,2.690030e-02,2.657654e-01,2.074609e-02
1.135470e-02,1.128494e-02,5.079806e-03,6.569507e-03,1.278414e-02,2.141448e-03,5.971417e-04,4.218818e-02,4.525442e-01,3.499352e-03,1.291986e-01,5.633987e-03,1.968236e-02,2.815535e-01,1.588821e-02
9.079609e-03,8.289983e-03,4.037201e-03,4.806408e-03,9.925735e-03,2.113524e-03,5.176135e-04,2.964522e-02,5.268569e-01,3.570556e-03,9.698640e-02,5.740301e-03,1.522588e-02,2.694190e-01,1.378570e-02
7.105167e-03,6.110110e-03,3.015779e-03,3.435499e-03,8.493874e-03,3.607323e-03,3.983589e-04,2.084326e-02,5.592076e-01,2.878797e-03,7.374807e-02,4.333640e-03,1.138089e-02,2.809637e-01,1.447800e-02
6.668069e-03,5.212853e-03,3.114164e-03,2.599416e-03,7.850436e-03,9.067024e-03,4.192103e-04,1.498718e-02,6.126243e-01,2.711524e-03,5.603998e-02,3.449099e-03,8.466089e-03,2.553114e-01,1.147935e-02
5.182470e-03,4.051960e-03,4.093792e-03,4.515433e-03,6.475633e-03,6.691024e-03,3.050697e-04,1.111342e-02,7.013597e-01,3.287302e-03,4.035093e-02,2.525115e-03,6.234987e-03,1.947554e-01,9.057789e-03
4.381485e-03,3.487722e-03,4.606543e-03,4.132083e-03,4.820561e-03,5.603394e-03,2.200194e-04,7.875405e-03,7.621914e-01,4.129267e-03,3.820036e-02,2.073867e-03,4.947859e-03,1.419549e-01,1.137512e-02
8.457838e-03,4.208953e-03,4.268210e-02,4.093811e-03,6.314849e-03,1.422921e-02,5.434696e-04,7.344147e-03,6.540357e-01,4.468676e-03,6.539387e-02,2.015349e-03,5.990120e-03,1.684181e-01,1.180380e-02
1.211002e-02,7.311326e-03,5.189890e-02,3.232310e-03,5.780037e-03,1.725721e-02,4.065602e-04,5.291126e-03,5.799614e-01,5.892687e-03,5.781273e-02,1.660363e-03,4.969265e-03,2.197924e-01,2.662370e-02
1.172677e-02,1.160605e-02,1.126835e-01,3.565757e-03,6.925650e-03,1.376076e-02,3.570647e-04,4.471399e-03,4.882639e-01,9.394283e-03,4.427568e-02,1.396261e-03,4.495665e-03,2.385161e-01,4.856128e-02
1.199403e-02,1.729670e-02,1.023227e-01,3.597051e-03,6.982870e-03,1.061960e-02,3.156769e-04,3.769530e-03,4.527209e-01,1.361102e-02,3.366616e-02,1.192123e-03,3.865065e-03,2.685370e-01,6.950968e-02
1.886899e-02,1.547952e-02,8.639743e-02,2.858133e-03,6.472096e-03,8.756407e-03,3.072147e-04,3.684566e-03,3.759265e-01,2.545875e-02,2.877611e-02,1.157463e-03,3.578913e-03,3.045748e-01,1.177031e-01
2.031684e-02,1.693500e-02,7.213826e-02,8.574361e-03,1.030299e-02,7.428044e-03,3.598406e-04,5.865539e-03,3.443893e-01,2.755700e-02,2.440112e-02,1.260621e-03,5.178113e-03,3.396116e-01,1.156814e-01
2.337919e-02,3.656177e-02,8.745270e-02,7.713990e-03,1.540787e-02,6.487859e-03,6.011818e-04,1.964995e-02,3.159201e-01,2.835018e-02,1.951289e-02,1.155454e-03,4.671052e-03,3.232017e-01,1.099342e-01
3.197344e-02,4.065981e-02,8.291852e-02,7.107131e-03,5.593395e-02,8.340447e-03,6.198945e-04,2.141238e-02,2.812991e-01,4.900021e-02,1.420179e-02,9.192012e-04,3.814280e-03,2.992190e-01,1.025808e-01
2.912777e-02,3.439944e-02,1.373976e-01,5.875705e-02,8.383986e-02,6.683465e-03,5.933680e-04,2.928329e-02,2.479907e-01,4.719063e-02,1.068770e-02,7.362473e-04,2.843423e-03,2.165097e-01,9.395972e-02
4.366087e-02,3.142500e-02,1.150690e-01,7.693815e-02,1.061691e-01,5.749066e-03,4.789831e-04,3.154118e-02,2.588864e-01,4.605792e-02,1.067978e-02,1.101834e-03,2.753824e-03,1.625666e-01,1.069223e-01
5.473280e-02,2.710374e-02,8.949707e-02,5.800765e-02,2.019743e-01,9.544654e-03,4.390012e-04,3.310067e-02,2.469261e-01,3.742222e-02,8.292289e-03,8.471794e-04,2.037152e-03,1.436960e-01,8.637922e-02
6.951600e-02,2.805936e-02,7.118495e-02,8.320621e-02,2.379593e-01,1.223025e-02,1.190242e-03,5.622929e-02,2.048962e-01,3.450863e-02,6.641694e-03,7.459564e-04,1.739453e-03,1.133464e-01,7.854614e-02
7.953899e-02,2.692045e-02,7.422722e-02,1.424610e-01,2.100145e-01,1.038198e-02,1.163775e-03,9.600693e-02,1.754397e-01,2.740663e-02,5.223733e-03,8.633678e-04,1.352694e-03,8.551463e-02,6.348441e-02
1.291706e-01,2.632537e-02,6.161324e-02,1.163970e-01,2.126838e-01,9.552878e-03,1.167417e-03,8.288351e-02,1.962536e-01,2.322311e-02,4.989433e-03,1.567459e-03,1.379959e-03,7.200857e-02,6.078409e-02
1.870255e-01,2.477316e-02,5.112940e-02,1.280242e-01,1.863340e-01,8.624330e-03,1.320160e-03,8.567664e-02,1.882943e-01,1.891170e-02,4.667421e-03,2.215270e-03,1.349225e-03,5.871520e-02,5.293941e-02
1.993059e-01,2.096249e-02,4.253311e-02,1.018934e-01,2.175402e-01,1.811567e-02,2.385713e-02,7.218804e-02,1.875775e-01,1.517990e-02,4.146179e-03,2.138455e-03,2.856432e-03,4.805329e-02,4.365237e-02
1.841583e-01,1.950034e-02,4.276420e-02,1.538202e-01,2.358427e-01,1.514503e-02,1.758935e-02,7.710801e-02,1.575450e-01,1.872331e-02,3.639333e-03,2.060868e-03,2.364114e-03,3.441362e-02,3.532552e-02
1.302738e-01,2.097560e-02,4.179928e-02,1.892516e-01,1.757177e-01,1.660906e-02,1.320606e-02,5.491744e-02,1.286757e-01,6.511252e-02,5.256102e-02,2.829136e-03,9.167783e-03,2.909959e-02,6.980361e-02
1.040674e-01,1.920491e-02,4.503242e-02,1.470455e-01,1.272739e-01,1.340058e-02,9.514209e-03,4.080968e-02,1.263547e-01,1.390181e-01,5.753618e-02,2.774080e-03,9.797601e-03,2.719700e-02,1.309738e-01
7.440794e-02,1.454177e-02,5.180645e-02,1.060977e-01,9.024123e-02,9.702080e-03,6.952907e-03,2.905879e-02,1.147607e-01,1.829152e-01,4.315586e-02,2.255665e-03,7.467806e-03,5.046852e-02,2.161673e-01
5.338636e-02,1.152739e-02,3.941381e-02,7.440281e-02,6.375840e-02,7.042187e-03,4.950000e-03,2.042770e-02,8.446355e-02,1.490924e-01,3.309075e-02,1.732157e-03,5.730125e-03,2.784687e-01,1.725137e-01
3.921424e-02,9.848953e-03,3.163470e-02,5.222917e-02,4.500300e-02,5.198345e-03,3.520439e-03,1.453385e-02,7.364495e-02,1.320936e-01,2.591410e-02,1.601452e-03,4.367726e-03,3.919414e-01,1.692541e-01
2.781070e-02,7.235556e-03,2.239874e-02,3.659822e-02,3.155848e-02,3.826015e-03,2.478402e-03,1.018324e-02,5.774502e-02,1.153586e-01,2.016889e-02,1.503474e-03,3.376340e-03,5.266856e-01,1.330727e-01
2.092244e-02,5.222282e-03,1.583266e-02,2.575178e-02,2.218841e-02,3.320975e-03,1.815550e-03,7.174952e-03,4.748602e-02,1.025857e-01,2.084243e-02,2.530175e-03,3.226670e-03,5.844395e-01,1.366604e-01
1.502873e-02,3.675395e-03,1.111604e-02,1.805937e-02,1.555556e-02,2.792235e-03,1.293434e-03,5.052735e-03,3.596166e-02,8.449270e-02,1.796390e-02,2.366902e-03,2.784957e-03,6.779171e-01,1.059393e-01
1.085886e-02,2.669695e-03,7.882341e-03,1.272280e-02,1.109404e-02,2.814301e-03,9.961121e-04,3.637531e-03,3.598023e-02,7.726729e-02,6.472164e-02,3.451997e-03,4.992369e-03,6.028990e-01,1.580119e-01
7.836518e-03,2.072609e-03,5.552433e-03,8.972030e-03,7.964139e-03,2.202511e-03,7.673288e-04,2.596060e-03,5.176271e-02,6.850655e-02,1.816819e-01,4.347859e-03,5.367735e-03,4.989174e-01,1.514522e-01
6.032111e-03,2.292133e-03,4.063660e-03,6.351128e-03,5.916094e-03,2.372205e-03,9.939880e-04,2.008831e-03,4.378666e-02,6.685571e-02,2.645318e-01,5.094898e-03,7.909833e-03,4.429035e-01,1.388875e-01
4.684757e-03,2.435515e-03,2.951851e-03,4.565690e-03,4.512798e-03,2.486321e-03,9.671982e-04,1.511901e-03,6.338839e-02,5.819335e-02,3.786739e-01,5.146159e-03,9.959625e-03,3.455125e-01,1.150101e-01
3.737027e-03,2.567322e-03,2.119099e-03,3.344142e-03,3.887912e-03,3.223454e-03,7.951723e-04,1.136296e-03,1.302284e-01,5.081835e-02,4.168650e-01,6.610560e-03,1.101505e-02,2.777587e-01,8.589356e-02
3.565304e-03,6.005025e-03,1.924712e-03,2.540035e-03,3.758950e-03,8.822098e-03,6.498227e-04,2.409405e-03,1.690035e-01,4.023927e-02,4.711759e-01,1.078101e-02,1.073640e-02,2.071536e-01,6.123509e-02
2.831248e-03,7.457365e-03,1.661839e-03,2.149577e-03,3.076319e-03,1.994864e-02,5.243556e-04,2.691372e-03,2.973679e-01,3.165666e-02,3.977603e-01,1.128569e-02,8.950041e-03,1.683580e-01,4.428070e-02
3.022378e-03,2.281122e-02,1.604776e-03,2.011160e-03,3.911812e-03,1.740381e-02,4.321417e-04,3.238507e-03,4.652913e-01,2.722917e-02,2.845158e-01,8.659857e-03,6.541365e-03,1.219979e-01,3.132890e-02
3.133170e-03,4.393538e-02,7.215082e-03,7.157561e-03,6.299159e-03,2.768395e-02,4.212546e-04,9.416332e-03,5.398839e-01,2.080303e-02,2.124173e-01,6.745077e-03,5.134633e-03,8.684576e-02,2.290847e-02
3.524582e-03,5.392171e-02,7.003339e-03,6.946541e-03,7.133544e-03,4.141849e-02,3.511054e-04,1.441357e-02,6.090997e-01,1.534138e-02,1.526267e-01,5.377197e-03,4.034507e-03,6.233494e-02,1.647267e-02
5.472017e-03,5.377454e-02,5.870881e-03,1.032447e-02,2.237853e-02,4.189800e-02,4.858203e-04,1.720373e-02,6.540782e-01,1.372766e-02,1.081221e-01,4.249587e-03,3.247462e-03,4.485603e-02,1.431087e-02
8.059593e-03,4.993129e-02,8.246697e-03,4.787012e-02,2.555910e-02,4.634615e-02,5.826473e-04,4.187285e-02,6.070386e-01,2.040377e-02,8.242209e-02,4.899188e-03,5.589068e-03,3.375923e-02,1.741960e-02
1.378044e-02,4.582655e-02,1.340990e-02,3.581946e-02,2.400586e-02,3.390294e-02,6.331656e-04,1.055434e-01,5.886799e-01,1.586207e-02,6.737437e-02,6.587928e-03,8.420372e-03,2.527804e-02,1.487570e-02
1.383900e-02,3.810567e-02,1.491990e-02,2.645905e-02,2.509712e-02,2.540864e-02,8.278806e-04,2.319262e-01,5.198138e-01,1.175567e-02,4.889860e-02,5.245518e-03,6.665794e-03,1.953512e-02,1.150207e-02
1.402729e-02,3.590443e-02,1.297703e-02,2.495868e-02,2.601282e-02,2.160211e-02,8.475701e-04,2.293919e-01,5.513791e-01,1.151582e-02,3.609945e-02,4.598157e-03,5.721219e-03,1.490245e-02,1.006194e-02
1.494550e-02,5.516640e-02,1.941389e-02,4.724044e-02,2.476015e-02,1.630201e-02,7.714287e-04,2.302202e-01,5.200671e-01,1.336409e-02,2.760271e-02,3.589652e-03,4.743897e-03,1.138383e-02,1.042876e-02
1.779667e-02,4.967053e-02,5.117935e-02,6.950045e-02,2.499727e-02,1.295926e-02,7.811153e-04,2.636427e-01,4.489948e-01,1.400169e-02,2.116750e-02,2.733088e-03,3.863852e-03,8.469002e-03,1.024272e-02
1.623719e-02,4.990483e-02,1.989859e-01,7.049655e-02,2.045486e-02,1.010127e-02,6.935707e-04,2.136582e-01,3.610373e-01,1.886146e-02,1.605781e-02,2.095870e-03,3.263720e-03,6.466366e-03,1.168501e-02
1.858193e-02,7.279047e-02,2.610176e-01,7.029955e-02,2.114939e-02,8.074462e-03,8.212203e-04,1.922016e-01,3.031199e-01,1.696523e-02,1.267549e-02,1.711810e-03,3.790708e-03,4.880727e-03,1.191983e-02
1.988563e-02,5.766493e-02,1.896848e-01,5.355631e-02,2.931400e-02,6.659932e-03,8.792175e-04,3.516781e-01,2.525513e-01,1.207967e-02,9.260206e-03,1.222084e-03,3.037661e-03,3.463056e-03,9.062967e-03
1.637536e-02,4.555617e-02,1.403164e-01,3.813428e-02,2.398384e-02,5.160500e-03,1.045534e-03,5.175582e-01,1.837112e-01,8.604603e-03,6.584860e-03,8.748395e-04,2.626332e-03,2.457401e-03,7.010366e-03
1.306720e-02,3.479154e-02,1.031558e-01,2.694875e-02,1.832975e-02,3.870111e-03,9.242652e-04,6.479665e-01,1.305552e-01,6.184386e-03,4.661371e-03,6.265289e-04,2.031509e-03,1.768815e-03,5.118286e-03
1.129836e-02,2.598616e-02,7.485041e-02,1.922163e-02,1.524902e-02,2.889364e-03,7.460929e-04,7.389108e-01,9.581804e-02,4.566009e-03,3.336760e-03,4.689894e-04,1.579501e-03,1.260540e-03,3.818264e-03
1.112953e-02,1.930493e-02,5.321458e-02,1.364566e-02,1.221009e-02,2.122504e-03,5.647373e-04,8.047119e-01,7.226645e-02,3.227442e-03,2.400660e-03,3.881096e-04,1.173127e-03,8.938522e-04,2.746404e-03
1.384583e-02,1.513172e-02,3.808206e-02,9.716046e-03,1.127387e-02,1.565463e-03,4.579382e-04,8.467610e-01,5.528283e-02,2.273836e-03,1.745095e-03,3.466719e-04,8.651869e-04,6.406487e-04,2.011790e-03
2.538501e-02,1.470605e-02,2.705067e-02,7.484370e-03,8.974794e-03,1.339846e-03,3.959941e-04,8.621691e-01,4.491767e-02,1.616397e-03,1.801517e-03,7.458939e-04,8.199579e-04,5.386245e-04,2.054087e-03
3.761544e-02,1.697760e-02,1.944656e-02,5.933256e-03,7.682581e-03,1.327012e-03,3.672392e-04,8.673360e-01,3.586216e-02,1.165554e-03,1.734610e-03,1.103862e-03,8.087247e-04,4.777366e-04,2.161619e-03
7.376254e-02,1.563393e-02,1.445929e-02,4.806969e-03,6.040553e-03,1.774817e-03,5.465521e-04,8.460111e-01,2.916697e-02,8.514592e-04,1.647925e-03,1.481092e-03,7.838163e-04,4.820763e-04,2.550966e-03
1.135167e-01,1.234594e-02,1.145203e-02,4.004724e-03,4.832665e-03,2.913074e-03,1.450012e-03,8.186752e-01,2.283728e-02,6.562227e-04,1.693543e-03,1.984427e-03,7.952292e-04,5.105842e-04,2.332394e-03
1.219987e-01,9.521042e-03,9.812466e-03,3.501854e-03,3.900871e-03,3.782706e-03,1.866126e-03,8.209206e-01,1.718757e-02,5.416402e-04,1.632610e-03,2.038713e-03,7.407690e-04,4.980441e-04,2.056387e-03
1.357600e-01,7.284279e-03,7.717146e-03,3.260445e-03,3.729678e-03,4.060976e-03,1.976825e-03,8.150842e-01,1.273684e-02,5.902011e-04,2.018938e-03,2.528755e-03,8.986060e-04,4.849498e-04,1.868243e-03
1.476506e-01,5.416264e-03,6.127520e-03,3.207012e-03,3.296448e-03,4.188232e-03,1.846654e-03,8.097676e-01,9.395386e-03,6.468717e-04,2.052048e-03,3.245282e-03,1.097181e-03,4.341405e-04,1.628806e-03
1.305311e-01,4.394480e-03,4.821469e-03,2.574273e-03,2.664790e-03,3.544072e-03,1.379080e-03,7.672228e-01,6.001170e-02,2.094405e-03,7.099366e-03,4.123086e-03,3.430075e-03,2.423463e-03,3.685835e-03
9.439464e-02,3.169428e-03,3.453501e-03,2.719280e-03,1.892280e-03,2.989736e-03,1.014320e-03,5.544596e-01,1.588178e-01,7.820675e-03,6.672055e-02,7.937387e-03,1.688253e-02,5.999073e-02,1.773760e-02
6.700590e-02,2.464172e-03,2.441922e-03,2.884853e-03,1.417774e-03,2.309982e-03,7.380942e-04,4.051251e-01,1.356111e-01,6.612992e-03,1.917602e-01,9.125813e-03,4.168808e-02,1.026380e-01,2.817617e-02
4.970387e-02,2.450310e-03,2.516766e-03,6.871008e-03,1.565764e-03,4.744696e-03,5.961719e-04,2.867956e-01,1.646027e-01,5.019788e-03,2.920035e-01,1.218784e-02,5.334899e-02,9.580550e-02,2.178758e-02
3.662018e-02,1.973927e-03,1.869072e-03,5.527453e-03,1.606792e-03,5.017786e-03,4.761111e-04,2.021469e-01,2.130308e-01,4.097875e-03,2.953604e-01,1.305789e-02,5.196111e-02,1.486226e-01,1.863108e-02
2.657712e-02,2.265738e-03,1.488396e-03,4.275107e-03,2.325931e-03,4.105728e-03,3.760077e-04,1.418589e-01,2.749418e-01,3.271288e-03,2.294899e-01,1.181074e-02,3.935213e-02,2.387678e-01,1.909347e-02
1.867318e-02,1.725432e-03,1.056921e-03,3.025850e-03,2.400274e-03,3.010257e-03,2.699028e-04,9.933253e-02,4.107176e-01,2.476765e-03,1.667526e-01,8.615844e-03,2.896859e-02,2.327060e-01,2.026828e-02
1.312694e-02,1.309956e-03,7.772493e-04,2.144950e-03,2.130204e-03,2.203293e-03,1.977527e-04,6.957580e-02,5.651570e-01,2.108160e-03,1.180028e-01,7.101708e-03,2.124931e-02,1.794098e-01,1.550516e-02
1.010975e-02,2.362545e-03,1.174673e-03,1.779394e-03,2.587878e-03,2.574362e-03,2.078307e-04,4.889580e-02,6.359951e-01,1.827253e-03,8.973472e-02,9.308112e-03,1.891913e-02,1.617673e-01,1.275615e-02
8.452388e-03,2.316910e-03,9.206883e-04,1.583950e-03,2.540337e-03,3.651707e-03,2.105063e-04,3.436099e-02,6.838911e-01,1.552900e-03,6.849580e-02,7.294386e-03,1.545304e-02,1.574826e-01,1.179276e-02
6.430731e-03,3.232602e-03,2.088582e-03,2.176782e-03,2.536044e-03,3.728852e-03,1.963068e-04,2.434541e-02,7.455443e-01,1.399315e-03,5.004953e-02,5.315426e-03,1.124812e-02,1.310680e-01,1.063991e-02
6.329403e-03,2.680867e-03,2.298539e-03,1.994153e-03,4.007478e-03,3.442760e-03,1.664587e-04,1.718008e-02,6.739780e-01,2.547913e-03,3.995318e-02,3.896179e-03,8.214537e-03,2.223773e-01,1.093310e-02
1.142037e-02,3.850240e-03,1.029871e-02,5.833923e-03,1.029419e-02,2.987171e-03,1.665783e-04,1.354437e-02,6.965056e-01,2.461299e-03,3.028962e-02,2.938575e-03,6.221953e-03,1.851649e-01,1.802242e-02
1.026981e-02,4.171430e-03,1.480520e-02,1.291407e-02,1.003233e-02,2.400893e-03,1.463383e-04,9.656000e-03,7.319815e-01,4.056134e-03,2.350666e-02,2.242391e-03,4.855407e-03,1.355329e-01,3.342893e-02
8.847369e-03,4.463277e-03,1.577629e-02,1.039507e-02,8.314019e-03,2.079961e-03,1.244225e-04,6.839735e-03,7.295702e-01,5.424317e-03,2.309804e-02,1.712313e-03,4.273414e-03,1.227615e-01,5.632007e-02
1.210628e-02,6.224223e-03,1.418441e-02,9.235291e-03,1.220860e-02,1.755915e-03,1.761721e-04,5.234871e-03,7.069772e-01,1.094092e-02,2.578462e-02,1.510857e-03,4.619373e-03,1.178090e-01,7.123221e-02
2.101610e-02,1.020500e-02,1.855046e-02,7.872382e-03,1.719420e-02,2.469739e-03,5.290057e-04,8.022578e-03,6.732278e-01,1.571037e-02,2.423449e-02,1.304360e-03,5.401856e-03,1.108367e-01,8.342485e-02
4.928952e-02,1.224191e-02,5.327406e-02,1.030424e-02,2.416221e-02,4.594410e-03,1.382140e-03,2.454689e-02,5.533929e-01,2.240407e-02,1.954682e-02,1.271768e-03,6.516737e-03,9.520966e-02,1.218626e-01
3.634784e-02,1.091224e-02,4.325087e-02,2.273244e-02,2.086913e-02,3.707974e-03,1.051106e-03,1.737799e-02,6.200995e-01,2.021370e-02,1.398553e-02,9.447864e-04,4.724576e-03,6.728149e-02,1.165007e-01
3.062008e-02,9.088854e-03,3.336916e-02,1.729243e-02,1.734388e-02,3.100562e-03,7.858895e-04,1.262199e-02,5.389778e-01,2.509318e-02,1.008512e-02,7.194806e-04,3.484904e-03,5.078500e-02,2.466316e-01
3.203760e-02,2.427471e-02,4.522390e-02,7.231653e-02,4.797163e-02,5.975475e-03,1.289593e-03,1.540777e-02,4.357184e-01,2.230946e-02,8.355789e-03,7.985392e-04,2.766108e-03,3.796990e-02,2.475846e-01
3.817226e-02,2.578945e-02,5.318384e-02,6.290469e-02,4.605919e-02,6.395513e-03,1.243551e-03,1.181344e-02,3.558587e-01,2.557972e-02,7.811404e-03,1.270038e-03,3.590075e-03,2.981206e-02,3.305160e-01
7.534938e-02,2.883093e-02,4.166209e-02,5.233276e-02,6.273845e-02,1.213412e-02,2.013739e-03,1.077482e-02,2.986268e-01,3.670481e-02,8.896282e-03,2.389494e-03,2.963978e-02,2.306494e-02,3.148416e-01
9.148818e-02,2.320925e-02,3.237918e-02,3.958840e-02,5.295493e-02,1.084215e-02,2.419706e-03,1.425294e-01,2.323050e-01,2.946873e-02,1.454876e-02,5.504989e-03,6.774528e-02,1.897960e-02,2.360364e-01
8.336069e-02,1.741124e-02,2.450671e-02,3.035832e-02,4.775494e-02,9.714585e-03,1.885268e-03,3.390627e-01,1.694997e-01,2.155291e-02,1.214348e-02,5.229599e-03,5.414306e-02,1.401093e-02,1.693658e-01
6.397663e-02,1.237125e-02,1.888764e-02,2.199889e-02,3.493254e-02,7.841899e-03,2.067063e-03,5.215391e-01,1.194181e-01,1.522711e-02,8.725185e-03,3.808196e-03,4.034885e-02,9.927431e-03,1.189301e-01
4.970921e-02,9.527054e-03,1.436321e-02,1.569828e-02,2.557961e-02,6.876629e-03,1.595437e-03,6.500686e-01,8.408736e-02,1.078175e-02,6.328085e-03,2.858218e-03,3.193234e-02,7.041382e-03,8.355281e-02
4.156213e-02,8.551522e-03,1.127683e-02,1.141269e-02,1.930472e-02,6.885421e-03,1.305840e-03,7.318347e-01,6.019112e-02,8.029632e-03,4.966091e-03,2.279187e-03,2.650580e-02,5.110688e-03,6.078357e-02
4.787504e-02,3.255219e-02,1.552491e-02,3.823145e-02,2.034573e-02,1.313616e-02,1.759821e-03,6.649286e-01,5.819257e-02,1.072159e-02,8.252712e-03,4.253171e-03,2.270147e-02,4.006732e-03,5.751781e-02
6.311288e-02,2.877559e-02,1.225226e-02,3.830595e-02,1.731784e-02,1.309733e-02,1.658379e-03,5.732920e-01,1.240181e-01,1.956238e-02,1.167236e-02,5.006216e-03,1.875857e-02,3.554661e-03,6.961538e-02
7.890256e-02,2.552371e-02,1.070841e-02,5.665687e-02,1.406522e-02,1.101296e-02,1.536001e-03,5.273348e-01,1.589202e-01,2.250761e-02,1.028346e-02,5.353146e-03,1.442913e-02,2.847201e-03,5.991861e-02
1.608332e-01,2.089763e-02,1.040735e-02,5.274244e-02,1.281286e-02,1.137835e-02,2.024731e-03,4.753560e-01,1.493752e-01,1.734892e-02,9.974950e-03,7.148963e-03,1.670565e-02,2.578007e-03,5.041578e-02
2.460233e-01,1.679748e-02,1.095197e-02,4.171723e-02,1.149726e-02,1.048996e-02,1.919350e-03,4.555702e-01,1.114042e-01,1.261678e-02,8.816064e-03,8.039017e-03,1.858372e-02,3.178738e-03,4.239482e-02
2.951553e-01,1.788015e-02,1.144423e-02,6.321114e-02,1.031565e-02,1.121955e-02,1.858538e-03,3.541745e-01,1.302211e-01,1.157054e-02,1.006411e-02,1.281557e-02,1.913773e-02,3.433359e-03,4.749853e-02
3.783242e-01,1.481689e-02,1.113466e-02,5.036942e-02,9.333477e-03,1.016730e-02,1.799349e-03,3.216333e-01,1.060200e-01,8.906804e-03,1.062063e-02,1.353111e-02,1.766391e-02,4.495203e-03,4.118373e-02
3.755509e-01,1.620560e-02,1.085318e-02,7.675133e-02,1.527533e-02,1.047032e-02,2.076189e-03,3.058721e-01,9.448837e-02,6.950471e-03,1.140315e-02,1.668565e-02,1.915184e-02,4.618804e-03,3.364672e-02
4.586281e-01,1.610574e-02,1.007556e-02,6.034032e-02,2.011087e-02,1.054152e-02,2.127118e-03,2.224408e-01,8.706156e-02,6.121761e-03,1.146251e-02,1.615120e-02,1.671748e-02,1.231388e-02,4.980152e-02
4.683238e-01,2.377186e-02,1.214724e-02,7.732076e-02,2.274061e-02,1.010070e-02,2.202233e-03,1.678297e-01,9.957819e-02,5.465504e-03,1.310346e-02,1.782827e-02,1.430332e-02,1.288381e-02,5.240051e-02
1.000000e+00,0.000000e+00,0.000000e+00,0.000000e+00,0.000000e+00,0.000000e+00,0.000000e+00,0.000000e+00,0.000000e+00,0.000000e+00,0.000000e+00,0.000000e+00,0.000000e+00,0.000000e+00,0.000000e+00
1.000000e+00,0.000000e+00,0.000000e+00,0.000000e+00,0.000000e+00,0.000000e+00,0.000000e+00,0.000000e+00,0.000000e+00,0.000000e+00,0.000000e+00,0.000000e+00,0.000000e+00,0.000000e+00,0.000000e+00
