1.000000e+00,0.000000e+00,0.000000e+00,0.000000e+00,0.000000e+00,0.000000e+00,0.000000e+00,0.000000e+00,0.000000e+00,0.000000e+00,0.000000e+00,0.000000e+00,0.000000e+00,0.000000e+00,0.000000e+00
1.000000e+00,0.000000e+00,0.000000e+00,0.000000e+00,0.000000e+00,0.000000e+00,0.000000e+00,0.000000e+00,0.000000e+00,0.000000e+00,0.000000e+00,0.000000e+00,0.000000e+00,0.000000e+00,0.000000e+00
1.000000e+00,0.000000e+00,0.000000e+00,0.000000e+00,0.000000e+00,0.000000e+00,0.000000e+00,0.000000e+00,0.000000e+00,0.000000e+00,0.000000e+00,0.000000e+00,0.000000e+00,0.000000e+00,0.000000e+00
1.000000e+00,0.000000e+00,0.000000e+00,0.000000e+00,0.000000e+00,0.000000e+00,0.000000e+00,0.000000e+00,0.000000e+00,0.000000e+00,0.000000e+00,0.000000e+00,0.000000e+00,0.000000e+00,0.000000e+00
1.000000e+00,0.000000e+00,0.000000e+00,0.000000e+00,0.000000e+00,0.000000e+00,0.000000e+00,0.000000e+00,0.000000e+00,0.000000e+00,0.000000e+00,0.000000e+00,0.000000e+00,0.000000e+00,0.000000e+00
1.000000e+00,0.000000e+00,0.000000e+00,0.000000e+00,0.000000e+00,0.000000e+00,0.000000e+00,0.000000e+00,0.000000e+00,0.000000e+00,0.000000e+00,0.000000e+00,0.000000e+00,0.000000e+00,0.000000e+00
1.000000e+00,0.000000e+00,0.000000e+00,0.000000e+00,0.000000e+00,0.000000e+00,0.000000e+00,0.000000e+00,0.000000e+00,0.000000e+00,0.000000e+00,0.000000e+00,0.000000e+00,0.000000e+00,0.000000e+00
1.000000e+00,0.000000e+00,0.000000e+00,0.000000e+00,0.000000e+00,0.000000e+00,0.000000e+00,0.000000e+00,0.000000e+00,0.000000e+00,0.000000e+00,0.000000e+00,0.000000e+00,0.000000e+00,0.000000e+00
1.000000e+00,0.000000e+00,0.000000e+00,0.000000e+00,0.000000e+00,0.000000e+00,0.000000e+00,0.000000e+00,0.000000e+00,0.000000e+00,0.000000e+00,0.000000e+00,0.000000e+00,0.000000e+00,0.000000e+00
1.000000e+00,0.000000e+00,0.000000e+00,0.000000e+00,0.000000e+00,0.000000e+00,0.000000e+00,0.000000e+00,0.000000e+00,0.000000e+00,0.000000e+00,0.000000e+00,0.000000e+00,0.000000e+00,0.000000e+00
1.000000e+00,0.000000e+00,0.000000e+00,0.000000e+00,0.000000e+00,0.000000e+00,0.000000e+00,0.000000e+00,0.000000e+00,0.000000e+00,0.000000e+00,0.000000e+00,0.000000e+00,0.000000e+00,0.000000e+00
1.000000e+00,0.000000e+00,0.000000e+00,0.000000e+00,0.000000e+00,0.000000e+00,0.000000e+00,0.000000e+00,0.000000e+00,0.000000e+00,0.000000e+00,0.000000e+00,0.000000e+00,0.000000e+00,0.000000e+00
1.000000e+00,0.000000e+00,0.000000e+00,0.000000e+00,0.000000e+00,0.000000e+00,0.000000e+00,0.000000e+00,0.000000e+00,0.000000e+00,0.000000e+00,0.000000e+00,0.000000e+00,0.000000e+00,0.000000e+00
1.000000e+00,0.000000e+00,0.000000e+00,0.000000e+00,0.000000e+00,0.000000e+00,0.000000e+00,0.000000e+00,0.000000e+00,0.000000e+00,0.000000e+00,0.000000e+00,0.000000e+00,0.000000e+00,0.000000e+00
1.000000e+00,0.000000e+00,0.000000e+00,0.000000e+00,0.000000e+00,0.000000e+00,0.000000e+00,0.000000e+00,0.000000e+00,0.000000e+00,0.000000e+00,0.000000e+00,0.000000e+00,0.000000e+00,0.000000e+00
1.000000e+00,0.000000e+00,0.000000e+00,0.000000e+00,0.000000e+00,0.000000e+00,0.000000e+00,0.000000e+00,0.000000e+00,0.000000e+00,0.000000e+00,0.000000e+00,0.000000e+00,0.000000e+00,0.000000e+00
1.000000e+00,0.000000e+00,0.000000e+00,0.000000e+00,0.000000e+00,0.000000e+00,0.000000e+00,0.000000e+00,0.000000e+00,0.000000e+00,0.000000e+00,0.000000e+00,0.000000e+00,0.000000e+00,0.000000e+00
1.000000e+00,0.000000e+00,0.000000e+00,0.000000e+00,0.000000e+00,0.000000e+00,0.000000e+00,0.000000e+00,0.000000e+00,0.000000e+00,0.000000e+00,0.000000e+00,0.000000e+00,0.000000e+00,0.000000e+00
1.000000e+00,0.000000e+00,0.000000e+00,0.000000e+00,0.000000e+00,0.000000e+00,0.000000e+00,0.000000e+00,0.000000e+00,0.000000e+00,0.000000e+00,0.000000e+00,0.000000e+00,0.000000e+00,0.000000e+00
1.000000e+00,0.000000e+00,0.000000e+00,0.000000e+00,0.000000e+00,0.000000e+00,0.000000e+00,0.000000e+00,0.000000e+00,0.000000e+00,0.000000e+00,0.000000e+00,0.000000e+00,0.000000e+00,0.000000e+00
1.000000e+00,0.000000e+00,0.000000e+00,0.000000e+00,0.000000e+00,0.000000e+00,0.000000e+00,0.000000e+00,0.000000e+00,0.000000e+00,0.000000e+00,0.000000e+00,0.000000e+00,0.000000e+00,0.000000e+00
1.000000e+00,0.000000e+00,0.000000e+00,0.000000e+00,0.000000e+00,0.000000e+00,0.000000e+00,0.000000e+00,0.000000e+00,0.000000e+00,0.000000e+00,0.000000e+00,0.000000e+00,0.000000e+00,0.000000e+00
1.000000e+00,0.000000e+00,0.000000e+00,0.000000e+00,0.000000e+00,0.000000e+00,0.000000e+00,0.000000e+00,0.000000e+00,0.000000e+00,0.000000e+00,0.000000e+00,0.000000e+00,0.000000e+00,0.000000e+00
1.000000e+00,0.000000e+00,0.000000e+00,0.000000e+00,0.000000e+00,0.000000e+00,0.000000e+00,0.000000e+00,0.000000e+00,0.000000e+00,0.000000e+00,0.000000e+00,0.000000e+00,0.000000e+00,0.000000e+00
1.000000e+00,0.000000e+00,0.000000e+00,0.000000e+00,0.000000e+00,0.000000e+00,0.000000e+00,0.000000e+00,0.000000e+00,0.000000e+00,0.000000e+00,0.000000e+00,0.000000e+00,0.000000e+00,0.000000e+00
1.000000e+00,0.000000e+00,0.000000e+00,0.000000e+00,0.000000e+00,0.000000e+00,0.000000e+00,0.000000e+00,0.000000e+00,0.000000e+00,0.000000e+00,0.000000e+00,0.000000e+00,0.000000e+00,0.000000e+00
1.000000e+00,0.000000e+00,0.000000e+00,0.000000e+00,0.000000e+00,0.000000e+00,0.000000e+00,0.000000e+00,0.000000e+00,0.000000e+00,0.000000e+00,0.000000e+00,0.000000e+00,0.000000e+00,0.000000e+00
1.000000e+00,0.000000e+00,0.000000e+00,0.000000e+00,0.000000e+00,0.000000e+00,0.000000e+00,0.000000e+00,0.000000e+00,0.000000e+00,0.000000e+00,0.000000e+00,0.000000e+00,0.000000e+00,0.000000e+00
1.000000e+00,0.000000e+00,0.000000e+00,0.000000e+00,0.000000e+00,0.000000e+00,0.000000e+00,0.000000e+00,0.000000e+00,0.000000e+00,0.000000e+00,0.000000e+00,0.000000e+00,0.000000e+00,0.000000e+00
1.000000e+00,0.000000e+00,0.000000e+00,0.000000e+00,0.000000e+00,0.000000e+00,0.000000e+00,0.000000e+00,0.000000e+00,0.000000e+00,0.000000e+00,0.000000e+00,0.000000e+00,0.000000e+00,0.000000e+00
1.000000e+00,0.000000e+00,0.000000e+00,0.000000e+00,0.000000e+00,0.000000e+00,0.000000e+00,0.000000e+00,0.000000e+00,0.000000e+00,0.000000e+00,0.000000e+00,0.000000e+00,0.000000e+00,0.000000e+00
1.000000e+00,0.000000e+00,0.000000e+00,0.000000e+00,0.000000e+00,0.000000e+00,0.000000e+00,0.000000e+00,0.000000e+00,0.000000e+00,0.000000e+00,0.000000e+00,0.000000e+00,0.000000e+00,0.000000e+00
1.000000e+00,0.000000e+00,0.000000e+00,0.000000e+00,0.000000e+00,0.000000e+00,0.000000e+00,0.000000e+00,0.000000e+00,0.000000e+00,0.000000e+00,0.000000e+00,0.000000e+00,0.000000e+00,0.000000e+00
1.000000e+00,0.000000e+00,0.000000e+00,0.000000e+00,0.000000e+00,0.000000e+00,0.000000e+00,0.000000e+00,0.000000e+00,0.000000e+00,0.000000e+00,0.000000e+00,0.000000e+00,0.000000e+00,0.000000e+00
1.000000e+00,0.000000e+00,0.000000e+00,0.000000e+00,0.000000e+00,0.000000e+00,0.000000e+00,0.000000e+00,0.000000e+00,0.000000e+00,0.000000e+00,0.000000e+00,0.000000e+00,0.000000e+00,0.000000e+00
1.000000e+00,0.000000e+00,0.000000e+00,0.000000e+00,0.000000e+00,0.000000e+00,0.000000e+00,0.000000e+00,0.000000e+00,0.000000e+00,0.000000e+00,0.000000e+00,0.000000e+00,0.000000e+00,0.000000e+00
1.000000e+00,0.000000e+00,0.000000e+00,0.000000e+00,0.000000e+00,0.000000e+00,0.000000e+00,0.000000e+00,0.000000e+00,0.000000e+00,0.000000e+00,0.000000e+00,0.000000e+00,0.000000e+00,0.000000e+00
1.000000e+00,0.000000e+00,0.000000e+00,0.000000e+00,0.000000e+00,0.000000e+00,0.000000e+00,0.000000e+00,0.000000e+00,0.000000e+00,0.000000e+00,0.000000e+00,0.000000e+00,0.000000e+00,0.000000e+00
1.000000e+00,0.000000e+00,0.000000e+00,0.000000e+00,0.000000e+00,0.000000e+00,0.000000e+00,0.000000e+00,0.000000e+00,0.000000e+00,0.000000e+00,0.000000e+00,0.000000e+00,0.000000e+00,0.000000e+00
4.514441e-01,2.992231e-02,3.248380e-02,2.235781e-01,2.117125e-02,2.769040e-02,1.342987e-02,4.635179e-02,2.275671e-02,1.642231e-03,1.437026e-02,6.988350e-02,2.799220e-02,2.650144e-03,1.463337e-02
4.540192e-01,3.422955e-02,2.579495e-02,2.025352e-01,2.784682e-02,2.980886e-02,1.266406e-02,3.709972e-02,2.416508e-02,1.777552e-03,1.532430e-02,7.533816e-02,3.906557e-02,3.377662e-03,1.695342e-02
4.794350e-01,3.600826e-02,2.054552e-02,1.754528e-01,3.198311e-02,3.162419e-02,1.224664e-02,2.936744e-02,2.381774e-02,1.911825e-03,1.555706e-02,7.564935e-02,4.300503e-02,4.011444e-03,1.938467e-02
4.189097e-01,5.090388e-02,2.304398e-02,2.205899e-01,3.323400e-02,3.555212e-02,1.226738e-02,2.907660e-02,2.129953e-02,1.829426e-03,1.955441e-02,7.096313e-02,3.763078e-02,3.753886e-03,2.139129e-02
4.335032e-01,5.213761e-02,2.001910e-02,2.017754e-01,3.197031e-02,3.690979e-02,1.181327e-02,2.480661e-02,2.303401e-02,2.241033e-03,1.976974e-02,6.927604e-02,4.262332e-02,4.161697e-03,2.595894e-02
4.704524e-01,4.802171e-02,2.283508e-02,1.724657e-01,2.933898e-02,4.007709e-02,1.259754e-02,2.267508e-02,2.070824e-02,2.431316e-03,2.042172e-02,6.665623e-02,4.129808e-02,3.837487e-03,2.618334e-02
1.000000e+00,0.000000e+00,0.000000e+00,0.000000e+00,0.000000e+00,0.000000e+00,0.000000e+00,0.000000e+00,0.000000e+00,0.000000e+00,0.000000e+00,0.000000e+00,0.000000e+00,0.000000e+00,0.000000e+00
1.000000e+00,0.000000e+00,0.000000e+00,0.000000e+00,0.000000e+00,0.000000e+00,0.000000e+00,0.000000e+00,0.000000e+00,0.000000e+00,0.000000e+00,0.000000e+00,0.000000e+00,0.000000e+00,0.000000e+00
1.000000e+00,0.000000e+00,0.000000e+00,0.000000e+00,0.000000e+00,0.000000e+00,0.000000e+00,0.000000e+00,0.000000e+00,0.000000e+00,0.000000e+00,0.000000e+00,0.000000e+00,0.000000e+00,0.000000e+00
1.000000e+00,0.000000e+00,0.000000e+00,0.000000e+00,0.000000e+00,0.000000e+00,0.000000e+00,0.000000e+00,0.000000e+00,0.000000e+00,0.000000e+00,0.000000e+00,0.000000e+00,0.000000e+00,0.000000e+00
1.000000e+00,0.000000e+00,0.000000e+00,0.000000e+00,0.000000e+00,0.000000e+00,0.000000e+00,0.000000e+00,0.000000e+00,0.000000e+00,0.000000e+00,0.000000e+00,0.000000e+00,0.000000e+00,0.000000e+00
1.000000e+00,0.000000e+00,0.000000e+00,0.000000e+00,0.000000e+00,0.000000e+00,0.000000e+00,0.000000e+00,0.000000e+00,0.000000e+00,0.000000e+00,0.000000e+00,0.000000e+00,0.000000e+00,0.000000e+00
1.000000e+00,0.000000e+00,0.000000e+00,0.000000e+00,0.000000e+00,0.000000e+00,0.000000e+00,0.000000e+00,0.000000e+00,0.000000e+00,0.000000e+00,0.000000e+00,0.000000e+00,0.000000e+00,0.000000e+00
1.000000e+00,0.000000e+00,0.000000e+00,0.000000e+00,0.000000e+00,0.000000e+00,0.000000e+00,0.000000e+00,0.000000e+00,0.000000e+00,0.000000e+00,0.000000e+00,0.000000e+00,0.000000e+00,0.000000e+00
1.000000e+00,0.000000e+00,0.000000e+00,0.000000e+00,0.000000e+00,0.000000e+00,0.000000e+00,0.000000e+00,0.000000e+00,0.000000e+00,0.000000e+00,0.000000e+00,0.000000e+00,0.000000e+00,0.000000e+00
4.130217e-01,1.175237e-02,1.260747e-02,4.477451e-02,5.410784e-03,1.200574e-02,3.696214e-03,4.434185e-01,4.022739e-03,1.091846e-03,7.283034e-03,1.636535e-02,1.267050e-02,2.166421e-03,9.712785e-03
2.930956e-01,8.301253e-03,9.869099e-03,3.216612e-02,4.069656e-03,9.235581e-03,3.048629e-03,6.021137e-01,2.837868e-03,7.750533e-04,5.334583e-03,1.156680e-02,9.071041e-03,1.668841e-03,6.846055e-03
2.078318e-01,5.859025e-03,7.285242e-03,2.294701e-02,3.404736e-03,7.079069e-03,2.510329e-03,7.148191e-01,2.013201e-03,5.506439e-04,4.283727e-03,8.240047e-03,6.674983e-03,1.679565e-03,4.821475e-03
1.464705e-01,4.180941e-03,5.451104e-03,1.642206e-02,3.246852e-03,5.315416e-03,2.031527e-03,7.938192e-01,1.469868e-03,3.973138e-04,4.514516e-03,5.953820e-03,5.625201e-03,1.690499e-03,3.411154e-03
1.037563e-01,2.976047e-03,4.143532e-03,1.171279e-02,3.850779e-03,4.488199e-03,1.822654e-03,8.414900e-01,1.155265e-03,3.180340e-04,7.473729e-03,4.694654e-03,7.814285e-03,1.842407e-03,2.461330e-03
7.519955e-02,2.162825e-03,3.325432e-03,8.506750e-03,8.729171e-03,4.233025e-03,1.458389e-03,8.691630e-01,1.152364e-03,2.712408e-04,8.781784e-03,3.966244e-03,9.726096e-03,1.534567e-03,1.789524e-03
7.632573e-02,2.632097e-03,5.097323e-03,6.916764e-03,3.938532e-02,8.765803e-03,1.421872e-03,8.349882e-01,1.102284e-03,2.485007e-04,7.153386e-03,3.648003e-03,9.496963e-03,1.344328e-03,1.473368e-03
7.024931e-02,3.636496e-03,4.799022e-03,5.502130e-03,5.348245e-02,1.182474e-02,1.273665e-03,8.193447e-01,1.645280e-03,4.381537e-04,7.361895e-03,4.777321e-03,1.205007e-02,1.615303e-03,1.999394e-03
7.067465e-02,3.456402e-03,5.514329e-03,5.438290e-03,7.948186e-02,2.355838e-02,1.348641e-03,7.795068e-01,2.087280e-03,5.276734e-04,6.384923e-03,5.811403e-03,1.123670e-02,1.533439e-03,3.439146e-03
6.213976e-02,3.552702e-03,7.702526e-03,9.926891e-03,7.466091e-02,1.389888e-01,1.238344e-03,5.578921e-01,4.374023e-03,7.119114e-04,1.166177e-02,5.820948e-02,5.028268e-02,2.544018e-03,1.611402e-02
4.385090e-02,2.703857e-03,5.618853e-03,9.187230e-03,5.328644e-02,1.455421e-01,9.212378e-04,3.907482e-01,7.086548e-03,8.836112e-04,1.600445e-02,2.423041e-01,6.572017e-02,2.567331e-03,1.357507e-02
3.070781e-02,2.121577e-03,3.963617e-03,6.577587e-03,3.763982e-02,1.019852e-01,6.575902e-04,2.736823e-01,1.891050e-01,6.344249e-04,1.522820e-02,2.279370e-01,9.780481e-02,1.841599e-03,1.011349e-02
2.160138e-02,1.135933e-02,5.724022e-03,5.397177e-03,2.969150e-02,7.156765e-02,4.814676e-04,1.921731e-01,3.506933e-01,5.808433e-04,1.402384e-02,1.904424e-01,9.504157e-02,1.378169e-03,9.844212e-03
1.519981e-02,1.243573e-02,4.195525e-03,5.682749e-03,2.381267e-02,5.030711e-02,3.420144e-04,1.345624e-01,5.347206e-01,4.252759e-04,1.003567e-02,1.336080e-01,6.669451e-02,9.666664e-04,7.011253e-03
1.076100e-02,1.072870e-02,3.337734e-03,4.501851e-02,2.378639e-02,3.577611e-02,2.540588e-04,9.427895e-02,6.224810e-01,4.055830e-04,7.115018e-03,9.355723e-02,4.672179e-02,6.826365e-04,5.095263e-03
8.916922e-03,1.795404e-02,3.294285e-03,1.208339e-01,2.233649e-02,2.529948e-02,1.967213e-04,6.626539e-02,6.250736e-01,9.825502e-04,5.260274e-03,6.551740e-02,3.276839e-02,4.833033e-04,4.817320e-03
6.480273e-03,1.345041e-02,2.764048e-03,3.711293e-01,1.586167e-02,1.782704e-02,1.391189e-04,4.659534e-02,4.451822e-01,1.040379e-03,5.874294e-03,4.601297e-02,2.313792e-02,3.482581e-04,4.156738e-03
7.451733e-03,1.208784e-02,5.120465e-03,4.990400e-01,1.303067e-02,1.282294e-02,1.148272e-04,3.654166e-02,3.407201e-01,2.119688e-03,1.683190e-02,3.242380e-02,1.690257e-02,2.892283e-04,4.502620e-03
6.636962e-02,1.859101e-02,8.764276e-03,3.691487e-01,4.635379e-02,1.991796e-02,3.038962e-04,2.776249e-02,3.542754e-01,4.207801e-03,3.139536e-02,2.308522e-02,1.350420e-02,5.401365e-04,1.578020e-02
5.815063e-02,4.221086e-02,7.384705e-03,3.021314e-01,5.017051e-02,1.555342e-02,5.813139e-04,2.230497e-02,3.813181e-01,5.931471e-03,6.303757e-02,1.661975e-02,1.294305e-02,6.520377e-04,2.101027e-02
4.371009e-02,1.664156e-01,5.512080e-03,2.203157e-01,4.083697e-02,1.167049e-02,4.947602e-04,1.584082e-02,3.951706e-01,5.801597e-03,5.311668e-02,1.173022e-02,1.050527e-02,4.818987e-04,1.839717e-02
3.374996e-02,1.928404e-01,4.477896e-03,1.904871e-01,2.994523e-02,8.641429e-03,4.177207e-04,1.208368e-02,4.435287e-01,7.213607e-03,3.943940e-02,8.332152e-03,8.113910e-03,4.026863e-04,2.032622e-02
2.693848e-02,2.055190e-01,5.294648e-03,2.317701e-01,2.174770e-02,6.490340e-03,3.196994e-04,9.526206e-03,3.963837e-01,1.564517e-02,3.056752e-02,6.038143e-03,7.227907e-03,3.608477e-04,3.617060e-02
2.014407e-02,1.971284e-01,6.674661e-03,3.134843e-01,1.543465e-02,4.703281e-03,2.376902e-04,7.213721e-03,3.440087e-01,1.440809e-02,2.584236e-02,4.583108e-03,6.628272e-03,4.137568e-04,3.909494e-02
1.694957e-02,2.074040e-01,8.326093e-03,2.409980e-01,1.124817e-02,3.944607e-03,1.942411e-04,5.613340e-03,3.695278e-01,1.637919e-02,3.375144e-02,4.200708e-03,1.211287e-02,1.838673e-03,6.751136e-02
1.290935e-02,1.827966e-01,1.985576e-02,1.896289e-01,8.034418e-03,3.012732e-03,1.529302e-04,4.686772e-03,3.505334e-01,3.556064e-02,3.764549e-02,4.538211e-03,1.191756e-02,9.807265e-03,1.289200e-01
1.105677e-02,1.535968e-01,1.883209e-02,1.394733e-01,6.164124e-03,2.323452e-03,1.569090e-04,3.914642e-03,3.948518e-01,5.845661e-02,3.529851e-02,3.790179e-03,1.116095e-02,9.853561e-03,1.510703e-01
1.715236e-02,1.270531e-01,3.013999e-02,1.050959e-01,9.477651e-03,4.796154e-03,4.478648e-04,3.344619e-03,3.113220e-01,6.727712e-02,5.946839e-02,2.914528e-03,9.227487e-03,1.576256e-02,2.365203e-01
2.296286e-02,1.076595e-01,3.346552e-02,1.682808e-01,1.269396e-02,1.410434e-02,2.071492e-03,4.939880e-03,2.383344e-01,5.895994e-02,4.731120e-02,2.260121e-03,7.216667e-03,1.228044e-02,2.674589e-01
3.029866e-02,8.447951e-02,3.948675e-02,1.590410e-01,1.295814e-02,1.576241e-02,2.848175e-03,5.928691e-03,1.772711e-01,9.004260e-02,3.419005e-02,1.732737e-03,5.586450e-03,1.021812e-02,3.301556e-01
4.342628e-02,8.896737e-02,3.954964e-02,1.291836e-01,1.740887e-02,3.473566e-02,3.299643e-03,4.764020e-03,1.301039e-01,7.571417e-02,2.516235e-02,1.276709e-03,4.265388e-03,8.629563e-03,3.935128e-01
3.895415e-02,1.006193e-01,4.381859e-02,1.235157e-01,2.430057e-02,3.622357e-02,4.107366e-03,3.867439e-03,9.564379e-02,6.583069e-02,1.812064e-02,1.039847e-03,3.579583e-03,7.106276e-03,4.332725e-01
3.569392e-02,1.042541e-01,5.962216e-02,1.081631e-01,3.139613e-02,4.113322e-02,6.001304e-03,3.424380e-03,6.891869e-02,5.890103e-02,1.320293e-02,1.041516e-03,3.229137e-03,6.392751e-03,4.586256e-01
3.362997e-02,8.576716e-02,7.086702e-02,2.106801e-01,6.855310e-02,4.041293e-02,6.244282e-03,2.791901e-02,5.349325e-02,4.362233e-02,1.317583e-02,1.073791e-03,3.781635e-03,7.056531e-03,3.337230e-01
3.431647e-02,6.506936e-02,5.841126e-02,1.509484e-01,6.777199e-02,3.377761e-02,4.980108e-03,2.579922e-01,3.871238e-02,3.058473e-02,1.088526e-02,8.605509e-04,4.127932e-03,5.606404e-03,2.359553e-01
3.025597e-02,4.628650e-02,4.314129e-02,1.100656e-01,6.003866e-02,2.487833e-02,3.967241e-03,4.478120e-01,2.752008e-02,2.144110e-02,9.517387e-03,8.289001e-04,3.878468e-03,4.244103e-03,1.661243e-01
2.921921e-02,3.252023e-02,3.093039e-02,7.802799e-02,4.721874e-02,1.921429e-02,2.882748e-03,5.802338e-01,1.941234e-02,1.511393e-02,1.766255e-02,1.641759e-03,5.885845e-03,3.067225e-03,1.169690e-01
2.368828e-02,2.282369e-02,2.250423e-02,5.804786e-02,3.334875e-02,1.378167e-02,2.077086e-03,6.029563e-01,1.395231e-02,1.089657e-02,7.820899e-02,1.160331e-02,2.015346e-02,3.556335e-03,8.240119e-02
1.734261e-02,1.622261e-02,1.618905e-02,4.174913e-02,2.343299e-02,9.785238e-03,1.469935e-03,4.645112e-01,1.009332e-02,8.233459e-03,2.434544e-01,3.122070e-02,5.357697e-02,4.788317e-03,5.793002e-02
1.231803e-02,1.144643e-02,1.155125e-02,3.043322e-02,1.647153e-02,6.955392e-03,1.037316e-03,3.371234e-01,7.546301e-03,6.200522e-03,3.753491e-01,5.983707e-02,7.810848e-02,4.831991e-03,4.078999e-02
8.869586e-03,8.257012e-03,8.870915e-03,2.413403e-02,1.169904e-02,5.249768e-03,7.370106e-04,2.430887e-01,6.655261e-03,5.355735e-03,4.144301e-01,8.211578e-02,1.468776e-01,4.638881e-03,2.902061e-02
6.557960e-03,8.903945e-03,7.043930e-03,1.856454e-02,8.549031e-03,4.373388e-03,5.481903e-04,1.729655e-01,7.932674e-03,8.121422e-03,4.827969e-01,8.181196e-02,1.530872e-01,1.744699e-02,2.129632e-02
5.026363e-03,6.882852e-03,9.066440e-03,1.602669e-02,6.368855e-03,3.747549e-03,4.145970e-04,1.238356e-01,9.623542e-03,8.292606e-03,5.671914e-01,7.782404e-02,1.355806e-01,1.482472e-02,1.529419e-02
4.385947e-03,6.502622e-03,2.984357e-02,1.896805e-02,5.665388e-03,3.084875e-03,3.339156e-04,8.995202e-02,1.731684e-02,9.710422e-03,6.160706e-01,6.582174e-02,1.039332e-01,1.704782e-02,1.136306e-02
4.472793e-03,1.482636e-02,4.418566e-02,1.640075e-02,4.900217e-03,2.653171e-03,2.782859e-04,6.399533e-02,3.013727e-02,8.235188e-03,6.153665e-01,5.141671e-02,7.671437e-02,5.659274e-02,9.824631e-03
6.280568e-03,1.615172e-02,5.956666e-02,1.641651e-02,4.132660e-03,3.536432e-03,3.455973e-04,5.409802e-02,7.905282e-02,9.028831e-03,4.867338e-01,4.116866e-02,5.669308e-02,1.508599e-01,1.593477e-02
9.780495e-03,1.454489e-02,6.571157e-02,1.271023e-02,3.339339e-03,1.102117e-02,5.936144e-04,4.889938e-02,7.909802e-02,1.088529e-02,3.530803e-01,2.922632e-02,4.012690e-02,2.885579e-01,3.242460e-02
1.353662e-02,1.718871e-02,6.602832e-02,1.145546e-02,3.060683e-03,1.017946e-02,4.876081e-04,3.990995e-02,8.577004e-02,1.377262e-02,2.521302e-01,2.066553e-02,2.838837e-02,3.714286e-01,6.599788e-02
1.084573e-02,2.769981e-02,6.036572e-02,3.086485e-02,3.282366e-03,9.018145e-03,6.056491e-04,3.392473e-02,1.752733e-01,1.355011e-02,1.792035e-01,1.477855e-02,2.066983e-02,3.223525e-01,9.756517e-02
9.196821e-03,2.796009e-02,4.701053e-02,2.474730e-02,3.401624e-03,7.576497e-03,5.594309e-04,2.522738e-02,2.147940e-01,1.495631e-02,1.279211e-01,1.090249e-02,1.562212e-02,2.839453e-01,1.861791e-01
7.602260e-03,2.657980e-02,3.679015e-02,3.707302e-02,3.697249e-03,7.883606e-03,4.494285e-04,2.230183e-02,3.035692e-01,1.779867e-02,9.480844e-02,7.871496e-03,1.226638e-02,2.175218e-01,2.037867e-01
9.169994e-03,2.514996e-02,2.936802e-02,2.839598e-02,3.919084e-03,7.559106e-03,3.519831e-04,1.884329e-02,3.196777e-01,3.456079e-02,7.047278e-02,6.015107e-03,1.029183e-02,2.100174e-01,2.262070e-01
1.100616e-02,2.279767e-02,2.548110e-02,2.256995e-02,5.108629e-03,5.866109e-03,2.631535e-04,2.085981e-02,3.740752e-01,5.096889e-02,5.349505e-02,4.428143e-03,8.292813e-03,1.647190e-01,2.300683e-01
1.026665e-02,1.823760e-02,3.061787e-02,2.058323e-02,4.541534e-03,4.622499e-03,2.020984e-04,2.058367e-02,4.687359e-01,6.765875e-02,3.893682e-02,3.177480e-03,6.101468e-03,1.229532e-01,1.827813e-01
1.102392e-02,1.680141e-02,2.958137e-02,1.550676e-02,4.832990e-03,4.300416e-03,1.584300e-04,1.619542e-02,5.010438e-01,1.249141e-01,2.817117e-02,2.267676e-03,4.557595e-03,9.489930e-02,1.457457e-01
1.385337e-02,1.798129e-02,3.570891e-02,1.511997e-02,4.586746e-03,4.175332e-03,1.495004e-04,1.660313e-02,5.374504e-01,1.398960e-01,2.067405e-02,1.651025e-03,3.517141e-03,7.210480e-02,1.165284e-01
1.354871e-02,2.692546e-02,2.877701e-02,1.130551e-02,3.983791e-03,4.575224e-03,1.356545e-04,1.177267e-02,5.324438e-01,1.131729e-01,2.851563e-02,1.282495e-03,2.876518e-03,1.178944e-01,1.027902e-01
1.828083e-02,4.267632e-02,2.694175e-02,1.052428e-02,6.510100e-03,1.807012e-02,3.454694e-04,9.228358e-03,5.365444e-01,9.225123e-02,3.339865e-02,1.491576e-03,5.246753e-03,1.110997e-01,8.739044e-02
1.630134e-02,4.303142e-02,8.269802e-02,2.112746e-02,7.907965e-03,1.418905e-02,5.632725e-04,7.310858e-03,4.893736e-01,9.957118e-02,2.460872e-02,1.634153e-03,8.467251e-03,8.279382e-02,1.004219e-01
1.544963e-02,4.514034e-02,9.242969e-02,2.004600e-02,9.677000e-03,1.408122e-02,6.239997e-04,5.573241e-03,4.272515e-01,1.029702e-01,1.966220e-02,1.690341e-03,1.023321e-02,9.222321e-02,1.429483e-01
1.361657e-02,7.691096e-02,7.001604e-02,1.828375e-02,1.201119e-02,3.063057e-02,6.349008e-04,4.413893e-03,4.214852e-01,8.848181e-02,1.690203e-02,2.039867e-03,1.236828e-02,1.070649e-01,1.251401e-01
1.064631e-02,1.355154e-01,5.426246e-02,1.743974e-02,1.095530e-02,4.245223e-02,5.097800e-04,3.615457e-03,3.807186e-01,8.194400e-02,1.472459e-02,1.625161e-03,1.263313e-02,1.167054e-01,1.162524e-01
8.853272e-03,1.821290e-01,4.433195e-02,2.057525e-02,1.003479e-02,5.350141e-02,4.870775e-04,3.409910e-03,3.361551e-01,7.883768e-02,1.451897e-02,1.545681e-03,1.372191e-02,1.168680e-01,1.150300e-01
7.603207e-03,1.964819e-01,4.884000e-02,3.011335e-02,9.116560e-03,5.704203e-02,4.255446e-04,3.450804e-03,3.542574e-01,7.150823e-02,1.097854e-02,1.325682e-03,1.117774e-02,8.937491e-02,1.083040e-01
7.246768e-03,2.013170e-01,4.736990e-02,2.900480e-02,8.399653e-03,6.601743e-02,3.757029e-04,4.026597e-03,3.289041e-01,6.874745e-02,8.685162e-03,1.064232e-03,9.679854e-03,8.108165e-02,1.380797e-01
5.245609e-03,1.524578e-01,5.814426e-02,2.126526e-02,6.098209e-03,4.789486e-02,2.721989e-04,2.892704e-03,3.161440e-01,7.123295e-02,7.065154e-03,8.909984e-04,7.018462e-03,6.106109e-02,2.423164e-01
3.788266e-03,1.120934e-01,4.841103e-02,1.496691e-02,4.350027e-03,3.411172e-02,2.002064e-04,2.034401e-03,2.374919e-01,6.049209e-02,3.022855e-02,7.065801e-04,4.987403e-03,2.027954e-01,2.433422e-01
2.721188e-03,8.769648e-02,3.695594e-02,1.050415e-02,3.079040e-03,2.420078e-02,1.479032e-04,1.435563e-03,1.808205e-01,4.863936e-02,8.113138e-02,5.656339e-04,3.548486e-03,3.061582e-01,2.123955e-01
1.988066e-03,6.285818e-02,2.656979e-02,7.503030e-03,2.216770e-03,1.801860e-02,1.212765e-04,1.062417e-03,1.385472e-01,3.883500e-02,1.555114e-01,5.305380e-04,2.847699e-03,3.891563e-01,1.542337e-01
1.428979e-03,4.434386e-02,1.873725e-02,5.292220e-03,1.572793e-03,1.359261e-02,9.157239e-05,7.551225e-04,9.959766e-02,2.842589e-02,2.060468e-01,6.852964e-04,2.126502e-03,4.686037e-01,1.086998e-01
1.087974e-03,3.184019e-02,1.322655e-02,3.902975e-03,1.156252e-03,1.316767e-02,7.826026e-05,5.351128e-04,7.380621e-02,2.406719e-02,2.315074e-01,9.525372e-04,1.634367e-03,5.227233e-01,8.031413e-02
8.664340e-04,2.274582e-02,9.375545e-03,2.953005e-03,9.082039e-04,1.207941e-02,9.051175e-05,3.840504e-04,5.380486e-02,2.356297e-02,2.597007e-01,1.224022e-03,1.542444e-03,5.509036e-01,5.985845e-02
7.027410e-04,1.618656e-02,6.686585e-03,2.246574e-03,7.216759e-04,9.049739e-03,8.633770e-05,2.790852e-04,3.843549e-02,2.085144e-02,3.004508e-01,1.173152e-03,1.508336e-03,5.576261e-01,4.399537e-02
5.600977e-04,1.146429e-02,4.824491e-03,1.799780e-03,8.133290e-04,7.055956e-03,1.465330e-04,2.356621e-04,2.840433e-02,1.762689e-02,3.119195e-01,1.411648e-03,1.686839e-03,5.810456e-01,3.100503e-02
5.390591e-04,8.689899e-03,3.662475e-03,2.170705e-03,1.439213e-03,6.080329e-03,3.626101e-04,2.724294e-04,2.336621e-02,1.938974e-02,3.256678e-01,1.820576e-03,1.934217e-03,5.826212e-01,2.198353e-02
5.311738e-04,6.354670e-03,2.674964e-03,1.981670e-03,1.438872e-03,4.865615e-03,3.080454e-04,2.482246e-04,1.955360e-02,1.914434e-02,3.385141e-01,2.066911e-03,2.359698e-03,5.844246e-01,1.553354e-02
5.105949e-04,5.320380e-03,2.147676e-03,1.598679e-03,1.562647e-03,3.778021e-03,2.613714e-04,2.148200e-04,2.043629e-02,2.576900e-02,3.782955e-01,3.181259e-03,2.195750e-03,5.435898e-01,1.113822e-02
5.486312e-04,4.061806e-03,1.653581e-03,1.402982e-03,1.502512e-03,3.440967e-03,2.233734e-04,1.776192e-04,1.682419e-02,3.191567e-02,4.097462e-01,3.513647e-03,2.672400e-03,5.142943e-01,8.022246e-03
7.504708e-04,3.439701e-03,1.320760e-03,1.057557e-03,1.285276e-03,3.348623e-03,1.742962e-04,1.370582e-04,1.280816e-02,2.963153e-02,4.906584e-01,3.288557e-03,2.769225e-03,4.433981e-01,5.932430e-03
9.028581e-04,2.912342e-03,1.033205e-03,8.487460e-04,1.217736e-03,3.077446e-03,1.560047e-04,1.161035e-04,9.569436e-03,3.078100e-02,5.445651e-01,3.278772e-03,2.663500e-03,3.944883e-01,4.389594e-03
1.291266e-03,1.004285e-02,1.177581e-03,6.663905e-04,3.631499e-03,1.368196e-02,4.537625e-04,1.648910e-04,7.269861e-03,3.684663e-02,5.681280e-01,3.619583e-03,2.129731e-03,3.473424e-01,3.553628e-03
1.570432e-03,7.472099e-03,8.917215e-04,5.624307e-04,3.601131e-03,1.022290e-02,3.891964e-04,1.628246e-04,5.493422e-03,3.473689e-02,5.937981e-01,4.136682e-03,1.961111e-03,3.324033e-01,2.597793e-03
1.290592e-03,5.641737e-03,7.074183e-04,4.580180e-04,5.177659e-03,7.507524e-03,3.805018e-04,1.974645e-04,4.077412e-03,3.080123e-02,6.313952e-01,4.069430e-03,1.850382e-03,3.045392e-01,1.906178e-03
1.366016e-03,4.291674e-03,5.990487e-04,3.718107e-04,1.075068e-02,5.674287e-03,4.311815e-04,2.011960e-04,3.055572e-03,2.709067e-02,6.333659e-01,3.985275e-03,2.268795e-03,3.051204e-01,1.427404e-03
1.832008e-03,3.429266e-03,5.614339e-04,3.541577e-04,1.805199e-02,4.435895e-03,4.770153e-04,4.422648e-04,2.505959e-03,2.643781e-02,6.116823e-01,4.439620e-03,2.337882e-03,3.218737e-01,1.138683e-03
4.639836e-03,3.238423e-03,1.662757e-03,3.391265e-04,2.054381e-02,7.453914e-03,2.036538e-03,3.535325e-03,2.148234e-03,2.364146e-02,6.648259e-01,7.684282e-03,2.550605e-03,2.544588e-01,1.241016e-03
3.791708e-03,2.373984e-03,1.580411e-03,2.550819e-04,2.060561e-02,6.217639e-03,1.806847e-03,3.113515e-03,1.592415e-03,1.697684e-02,7.522240e-01,6.389602e-03,2.208356e-03,1.796826e-01,1.181428e-03
4.114096e-03,1.782189e-03,2.446289e-03,2.036902e-04,2.071883e-02,1.036448e-02,3.979793e-03,4.047613e-03,1.282132e-03,1.250870e-02,8.035824e-01,5.102819e-03,1.904589e-03,1.266867e-01,1.275619e-03
4.836784e-03,1.376849e-03,8.425171e-03,2.035046e-04,2.424645e-02,8.943284e-03,3.630330e-03,8.352689e-03,1.009932e-03,8.854553e-03,8.338334e-01,4.265864e-03,1.854514e-03,8.892630e-02,1.240334e-03
5.732868e-03,1.481759e-03,2.156491e-02,2.477591e-04,4.234663e-02,6.688801e-03,2.922176e-03,1.822703e-02,9.540791e-04,6.293786e-03,8.247877e-01,3.541560e-03,1.605400e-03,6.235160e-02,1.253952e-03
8.638270e-03,1.331942e-03,3.070857e-02,4.346640e-04,5.792706e-02,4.980030e-03,2.237198e-03,6.262702e-02,1.226918e-03,4.481298e-03,7.753351e-01,3.088612e-03,1.960972e-03,4.381089e-02,1.211433e-03
1.343812e-02,1.098325e-03,3.437300e-02,6.054125e-04,7.672643e-02,3.786735e-03,1.668934e-03,1.416221e-01,2.088065e-03,3.165483e-03,6.844085e-01,2.738105e-03,2.293041e-03,3.109204e-02,8.956679e-04
1.562313e-02,1.248886e-03,4.131416e-02,6.478385e-04,9.694332e-02,2.818629e-03,1.272891e-03,2.022692e-01,5.023362e-03,2.235986e-03,6.015278e-01,2.670158e-03,3.422434e-03,2.223969e-02,7.425773e-04
1.904348e-02,1.451204e-03,4.068239e-02,7.603366e-04,1.018037e-01,2.431891e-03,1.071062e-03,2.248279e-01,9.742966e-03,1.581952e-03,5.733114e-01,2.246052e-03,4.056819e-03,1.639953e-02,5.892956e-04
2.601799e-02,2.614110e-03,4.080265e-02,9.793976e-04,1.052799e-01,2.254185e-03,9.790752e-04,2.529705e-01,2.079900e-02,1.144775e-03,5.263447e-01,2.109880e-03,4.536274e-03,1.260335e-02,5.641457e-04
2.728637e-02,3.355889e-03,3.241118e-02,1.240197e-03,9.612283e-02,2.135274e-03,9.070933e-04,3.084897e-01,4.183061e-02,8.894732e-04,4.566299e-01,3.945209e-03,1.163317e-02,1.239107e-02,7.320450e-04
6.483609e-02,3.883980e-03,3.047783e-02,2.013961e-03,8.064163e-02,4.329955e-03,1.061997e-03,2.532899e-01,4.315017e-02,8.117267e-04,4.673573e-01,9.154769e-03,1.693428e-02,2.120094e-02,8.555202e-04
7.878959e-02,4.993319e-03,3.373394e-02,6.342595e-03,7.085931e-02,1.278432e-02,1.897089e-03,2.003393e-01,5.720903e-02,2.276102e-03,3.332894e-01,2.744584e-02,1.472542e-01,1.940399e-02,3.381963e-03
6.975400e-02,6.230998e-03,2.756605e-02,1.056179e-02,5.599576e-02,1.256666e-02,5.418727e-03,1.611023e-01,7.876901e-02,1.001529e-02,2.447386e-01,3.557343e-02,2.341242e-01,1.493058e-02,3.265263e-02
8.960435e-02,5.513969e-03,2.522112e-02,1.325607e-02,4.727160e-02,1.289310e-02,8.400611e-03,1.610986e-01,6.487181e-02,1.181002e-02,1.839315e-01,2.830508e-02,2.445009e-01,1.249047e-02,9.083078e-02
6.826308e-02,4.981042e-03,2.708819e-02,1.689813e-02,4.159568e-02,1.234486e-02,7.758004e-03,1.156679e-01,4.753657e-02,1.167060e-02,1.565190e-01,2.551790e-02,2.637039e-01,9.674711e-03,1.907804e-01
6.839941e-02,3.869715e-03,2.011357e-02,1.369818e-02,3.230438e-02,1.118739e-02,6.236699e-03,8.149195e-02,3.589499e-02,1.808924e-02,1.497711e-01,3.692328e-02,2.219758e-01,1.785667e-02,2.821876e-01
6.615032e-02,3.850862e-03,1.573729e-02,1.132926e-02,2.525536e-02,1.292005e-02,5.281985e-03,5.753260e-02,2.947659e-02,2.492515e-02,1.486131e-01,6.007792e-02,2.274090e-01,2.374277e-02,2.876977e-01
4.883185e-02,4.172920e-03,1.135478e-02,8.201106e-03,1.858644e-02,1.263150e-02,3.993650e-03,4.035660e-02,2.568410e-02,2.312600e-02,1.532532e-01,9.084830e-02,2.229951e-01,3.363953e-02,3.023249e-01
3.679529e-02,1.250258e-02,1.130414e-02,5.967019e-03,1.531380e-02,9.815178e-03,3.053375e-03,2.843367e-02,7.655153e-02,1.830529e-02,1.551547e-01,1.122828e-01,2.487353e-01,3.080557e-02,2.349798e-01
2.671577e-02,2.236847e-02,1.196033e-02,5.443658e-03,1.139666e-02,8.855121e-03,2.476905e-03,2.811782e-02,1.450416e-01,1.689472e-02,1.445406e-01,1.499501e-01,2.226215e-01,2.666862e-02,1.769481e-01
2.175834e-02,2.062009e-02,3.615870e-02,1.666436e-02,1.214450e-02,1.225711e-02,2.082389e-03,3.000300e-02,2.219934e-01,2.585101e-02,1.409028e-01,1.267478e-01,1.668136e-01,2.693907e-02,1.390639e-01
1.808459e-02,1.697484e-02,1.178616e-01,2.481029e-02,1.280679e-02,9.967627e-03,1.745797e-03,4.649492e-02,2.309694e-01,2.839188e-02,1.378116e-01,9.907489e-02,1.243700e-01,2.534258e-02,1.052933e-01
2.001080e-02,2.312876e-02,1.194623e-01,2.650906e-02,1.390797e-02,9.765750e-03,1.431739e-03,4.654849e-02,3.497333e-01,2.305464e-02,1.048253e-01,7.388625e-02,8.907883e-02,2.120538e-02,7.745147e-02
3.016084e-02,2.667879e-02,1.100026e-01,3.119626e-02,1.474408e-02,1.015175e-02,1.150145e-03,3.828951e-02,4.319327e-01,2.444743e-02,7.671044e-02,5.270700e-02,6.337545e-02,2.006622e-02,6.838673e-02
3.794933e-02,3.570976e-02,9.958340e-02,3.666002e-02,1.534011e-02,9.430249e-03,1.065005e-03,2.939557e-02,4.751556e-01,4.692566e-02,5.578455e-02,3.758579e-02,4.499187e-02,1.568881e-02,5.873428e-02
5.126599e-02,4.325757e-02,8.454101e-02,4.855473e-02,2.222989e-02,8.840927e-03,1.704702e-03,3.921513e-02,4.818477e-01,4.259798e-02,4.154875e-02,2.757910e-02,3.252120e-02,1.289501e-02,6.140032e-02
5.174799e-02,4.645059e-02,6.540484e-02,4.228654e-02,3.007741e-02,7.643508e-03,1.895175e-03,5.037326e-02,5.227022e-01,3.706262e-02,3.148796e-02,1.999562e-02,2.368596e-02,1.038852e-02,5.879779e-02
4.216061e-02,7.026218e-02,4.742376e-02,4.639288e-02,2.850511e-02,7.065173e-03,1.553224e-03,5.913339e-02,5.593879e-01,3.008064e-02,2.344068e-02,1.441697e-02,1.795202e-02,7.512899e-03,4.471261e-02
3.632179e-02,8.947349e-02,3.451302e-02,5.322913e-02,3.119650e-02,7.132428e-03,1.279430e-03,5.694368e-02,5.769547e-01,2.518979e-02,1.739313e-02,1.038940e-02,1.392741e-02,5.580638e-03,4.047539e-02
3.693511e-02,1.039039e-01,2.527873e-02,4.031792e-02,4.902385e-02,1.154997e-02,1.201053e-03,6.338070e-02,5.759906e-01,1.836906e-02,1.296013e-02,7.417975e-03,1.362827e-02,4.210683e-03,3.583201e-02
3.946418e-02,1.129064e-01,1.890037e-02,3.158781e-02,6.930113e-02,1.714604e-02,1.497422e-03,5.111238e-02,5.563819e-01,1.488963e-02,9.388922e-03,5.287257e-03,1.343076e-02,3.491259e-03,5.521453e-02
4.573375e-02,1.061791e-01,1.451395e-02,2.707897e-02,7.986216e-02,2.142676e-02,1.790820e-03,4.683295e-02,5.536151e-01,1.241971e-02,6.978160e-03,3.858260e-03,1.408412e-02,3.169775e-03,6.245640e-02
4.500122e-02,1.464216e-01,1.109402e-02,4.491893e-02,6.892849e-02,2.125441e-02,1.654988e-03,3.920365e-02,5.068371e-01,1.198696e-02,5.669960e-03,3.076931e-03,1.603477e-02,2.735115e-03,7.518186e-02
5.856238e-02,1.324580e-01,8.092854e-03,4.466327e-02,8.536410e-02,4.259561e-02,1.713773e-03,3.314199e-02,4.890606e-01,9.533005e-03,4.407180e-03,2.473916e-03,1.757276e-02,2.314522e-03,6.804599e-02
9.646806e-02,1.072009e-01,6.297886e-03,5.026468e-02,1.296266e-01,7.323007e-02,3.827254e-03,2.957152e-02,4.205825e-01,7.499919e-03,3.498643e-03,2.116500e-03,1.696591e-02,1.766201e-03,5.108336e-02
1.283702e-01,8.860043e-02,5.984232e-03,5.062087e-02,1.823821e-01,7.506175e-02,1.345486e-02,3.839638e-02,3.555417e-01,5.580012e-03,2.692030e-03,1.844446e-03,1.345890e-02,1.365578e-03,3.664644e-02
1.573552e-01,8.769231e-02,5.962079e-03,5.259497e-02,1.991224e-01,9.393525e-02,1.724491e-02,3.113888e-02,3.042322e-01,4.768464e-03,2.150654e-03,1.737389e-03,1.168868e-02,1.058217e-03,2.931834e-02
1.240734e-01,7.413887e-02,7.500238e-03,4.002823e-02,1.593845e-01,7.341337e-02,1.291734e-02,2.433095e-02,2.478224e-01,2.952523e-02,2.009285e-03,1.492426e-03,9.172823e-03,1.215170e-03,1.929758e-01
1.112438e-01,6.545603e-02,9.020979e-03,3.108398e-02,1.509202e-01,5.903616e-02,1.059476e-02,1.991330e-02,2.442562e-01,3.479840e-02,2.127642e-03,1.567324e-03,8.509671e-03,1.805642e-03,2.496660e-01
8.747278e-02,5.356752e-02,8.379998e-03,2.447561e-02,1.343228e-01,1.858127e-01,8.352343e-03,1.457327e-02,1.866489e-01,9.528977e-02,2.946454e-03,1.685505e-03,6.511597e-03,1.830831e-03,1.881299e-01
9.759741e-02,4.279979e-02,8.456102e-03,2.108197e-02,1.257131e-01,2.066797e-01,7.137118e-03,1.565361e-02,2.075197e-01,1.169878e-01,3.753205e-03,2.074467e-03,5.459851e-03,1.992476e-03,1.370937e-01
7.467497e-02,3.935038e-02,1.741373e-02,2.567053e-02,1.009393e-01,2.816869e-01,5.339873e-03,1.250603e-02,1.491351e-01,1.847625e-01,3.041389e-03,1.656673e-03,3.921750e-03,1.464131e-03,9.843672e-02
5.488560e-02,2.907701e-02,2.276243e-02,2.023510e-02,7.728381e-02,3.942587e-01,4.146098e-03,2.408273e-02,1.054681e-01,1.880079e-01,3.075364e-03,1.298804e-03,2.930382e-03,1.076869e-03,7.141114e-02
3.900520e-02,2.248167e-02,1.692512e-02,1.441214e-02,5.469358e-02,5.468547e-01,3.043757e-03,1.829658e-02,7.399052e-02,1.521331e-01,2.895593e-03,9.642550e-04,2.086090e-03,8.285012e-04,5.138927e-02
2.857044e-02,1.661392e-02,1.275412e-02,1.063885e-02,3.865133e-02,6.564983e-01,2.281475e-03,1.507799e-02,5.204615e-02,1.215768e-01,3.391634e-03,7.346456e-04,1.514503e-03,7.458159e-04,3.890411e-02
2.361661e-02,1.396667e-02,1.056193e-02,8.360531e-03,2.746588e-02,6.920613e-01,1.898802e-03,1.513570e-02,4.059153e-02,1.082284e-01,2.206001e-02,7.582243e-04,1.313868e-03,3.838527e-03,3.014202e-02
1.901862e-02,1.268850e-02,9.128659e-03,6.585642e-03,2.010796e-02,6.950952e-01,1.608547e-03,1.182842e-02,3.132737e-02,8.706887e-02,6.460631e-02,1.215151e-03,1.294591e-03,1.309092e-02,2.533521e-02
6.670398e-02,1.294837e-02,8.671870e-03,5.432470e-03,1.457009e-02,5.103630e-01,1.537888e-03,1.573807e-02,2.786264e-02,6.999145e-02,1.840884e-01,6.388187e-03,4.342725e-03,4.596177e-02,2.539911e-02
1.077331e-01,1.055927e-02,6.587770e-03,3.956881e-03,1.034344e-02,3.626876e-01,1.273892e-03,1.240123e-02,2.101644e-02,5.210707e-02,2.800301e-01,6.450695e-03,3.897425e-03,1.003066e-01,2.064859e-02
1.424338e-01,8.345734e-03,5.380651e-03,3.037085e-03,7.553280e-03,2.579206e-01,1.945512e-03,1.052806e-02,1.637641e-02,3.829069e-02,3.343837e-01,7.129030e-03,3.211058e-03,1.471535e-01,1.631085e-02
1.846394e-01,1.486818e-02,1.007830e-02,7.535689e-03,7.413798e-03,1.908619e-01,2.011953e-03,8.255221e-03,1.451788e-02,3.008922e-02,3.269433e-01,9.992719e-03,3.583014e-03,1.713949e-01,1.781446e-02
1.578206e-01,2.041386e-02,1.198924e-02,5.793937e-03,7.480636e-03,1.421791e-01,1.733010e-03,5.966492e-03,1.322691e-02,2.431842e-02,3.682203e-01,9.403689e-03,3.687394e-03,2.105319e-01,1.723446e-02
1.529565e-01,2.324091e-02,1.251793e-02,4.535106e-03,6.436604e-03,1.044553e-01,1.438035e-03,5.069753e-03,3.925894e-02,2.363797e-02,3.588191e-01,1.125386e-02,3.440531e-03,2.375400e-01,1.539946e-02
1.405053e-01,1.972197e-02,1.746892e-02,3.928321e-03,6.151863e-03,7.937197e-02,1.419384e-03,4.986511e-03,6.119958e-02,2.029124e-02,3.431228e-01,1.190309e-02,3.208159e-03,2.737963e-01,1.292467e-02
1.203603e-01,2.075364e-02,1.252255e-01,5.511095e-03,6.803639e-03,6.579104e-02,1.239020e-03,7.837257e-03,1.012551e-01,2.208698e-02,2.729333e-01,9.393355e-03,4.113595e-03,2.263351e-01,1.036092e-02
9.460410e-02,2.087744e-02,2.261059e-01,6.309172e-03,6.695346e-03,5.053360e-02,1.074053e-03,8.843975e-03,1.405784e-01,2.228359e-02,2.061542e-01,7.141398e-03,3.454391e-03,1.968510e-01,8.493301e-03
8.552850e-02,1.725874e-02,3.706332e-01,8.785856e-03,7.280262e-03,3.804324e-02,9.224198e-04,8.533685e-03,1.265833e-01,2.031453e-02,1.515832e-01,6.092652e-03,3.155741e-03,1.473152e-01,7.969471e-03
8.646522e-02,1.451671e-02,4.604813e-01,1.387052e-02,8.620582e-03,2.788644e-02,7.464655e-04,1.207513e-02,1.165223e-01,1.990769e-02,1.145314e-01,5.364275e-03,3.327819e-03,1.092146e-01,6.469637e-03
9.149610e-02,1.331680e-02,5.093254e-01,1.774640e-02,1.089958e-02,2.877030e-02,6.193948e-04,9.741970e-03,1.017297e-01,2.758939e-02,8.619695e-02,5.595637e-03,2.823232e-03,8.803459e-02,6.114481e-03
1.163280e-01,1.634577e-02,4.617010e-01,1.912765e-02,3.367751e-02,6.268095e-02,9.523990e-04,1.293570e-02,9.482529e-02,2.170493e-02,6.574176e-02,6.489069e-03,3.479425e-03,7.611141e-02,7.899199e-03
1.570193e-01,5.922806e-02,3.598980e-01,2.214979e-02,4.050980e-02,6.170674e-02,8.799920e-04,1.161846e-02,1.018633e-01,1.776529e-02,5.002110e-02,8.520504e-03,4.612802e-03,9.004776e-02,1.415905e-02
1.703583e-01,5.072000e-02,2.918768e-01,2.427865e-02,4.312367e-02,5.952478e-02,9.711913e-04,1.154195e-02,1.778667e-01,1.426553e-02,3.916946e-02,8.410718e-03,4.895018e-03,8.926454e-02,1.373263e-02
1.708449e-01,3.874081e-02,2.220888e-01,1.985858e-02,3.412186e-02,4.798931e-02,7.651247e-04,9.430105e-03,3.175491e-01,1.045325e-02,3.024919e-02,6.840567e-03,3.949045e-03,7.616857e-02,1.095080e-02
2.438144e-01,3.469017e-02,1.681771e-01,2.256323e-02,3.106109e-02,4.089881e-02,8.449010e-04,8.804329e-03,3.198942e-01,8.657089e-03,2.488503e-02,1.100714e-02,4.839517e-03,6.673872e-02,1.312420e-02
