1.000000e+00,0.000000e+00,0.000000e+00,0.000000e+00,0.000000e+00,0.000000e+00,0.000000e+00,0.000000e+00,0.000000e+00,0.000000e+00,0.000000e+00,0.000000e+00,0.000000e+00,0.000000e+00,0.000000e+00
1.000000e+00,0.000000e+00,0.000000e+00,0.000000e+00,0.000000e+00,0.000000e+00,0.000000e+00,0.000000e+00,0.000000e+00,0.000000e+00,0.000000e+00,0.000000e+00,0.000000e+00,0.000000e+00,0.000000e+00
1.000000e+00,0.000000e+00,0.000000e+00,0.000000e+00,0.000000e+00,0.000000e+00,0.000000e+00,0.000000e+00,0.000000e+00,0.000000e+00,0.000000e+00,0.000000e+00,0.000000e+00,0.000000e+00,0.000000e+00
1.000000e+00,0.000000e+00,0.000000e+00,0.000000e+00,0.000000e+00,0.000000e+00,0.000000e+00,0.000000e+00,0.000000e+00,0.000000e+00,0.000000e+00,0.000000e+00,0.000000e+00,0.000000e+00,0.000000e+00
1.000000e+00,0.000000e+00,0.000000e+00,0.000000e+00,0.000000e+00,0.000000e+00,0.000000e+00,0.000000e+00,0.000000e+00,0.000000e+00,0.000000e+00,0.000000e+00,0.000000e+00,0.000000e+00,0.000000e+00
1.000000e+00,0.000000e+00,0.000000e+00,0.000000e+00,0.000000e+00,0.000000e+00,0.000000e+00,0.000000e+00,0.000000e+00,0.000000e+00,0.000000e+00,0.000000e+00,0.000000e+00,0.000000e+00,0.000000e+00
1.000000e+00,0.000000e+00,0.000000e+00,0.000000e+00,0.000000e+00,0.000000e+00,0.000000e+00,0.000000e+00,0.000000e+00,0.000000e+00,0.000000e+00,0.000000e+00,0.000000e+00,0.000000e+00,0.000000e+00
1.000000e+00,0.000000e+00,0.000000e+00,0.000000e+00,0.000000e+00,0.000000e+00,0.000000e+00,0.000000e+00,0.000000e+00,0.000000e+00,0.000000e+00,0.000000e+00,0.000000e+00,0.000000e+00,0.000000e+00
1.000000e+00,0.000000e+00,0.000000e+00,0.000000e+00,0.000000e+00,0.000000e+00,0.000000e+00,0.000000e+00,0.000000e+00,0.000000e+00,0.000000e+00,0.000000e+00,0.000000e+00,0.000000e+00,0.000000e+00
1.000000e+00,0.000000e+00,0.000000e+00,0.000000e+00,0.000000e+00,0.000000e+00,0.000000e+00,0.000000e+00,0.000000e+00,0.000000e+00,0.000000e+00,0.000000e+00,0.000000e+00,0.000000e+00,0.000000e+00
1.000000e+00,0.000000e+00,0.000000e+00,0.000000e+00,0.000000e+00,0.000000e+00,0.000000e+00,0.000000e+00,0.000000e+00,0.000000e+00,0.000000e+00,0.000000e+00,0.000000e+00,0.000000e+00,0.000000e+00
1.000000e+00,0.000000e+00,0.000000e+00,0.000000e+00,0.000000e+00,0.000000e+00,0.000000e+00,0.000000e+00,0.000000e+00,0.000000e+00,0.000000e+00,0.000000e+00,0.000000e+00,0.000000e+00,0.000000e+00
1.000000e+00,0.000000e+00,0.000000e+00,0.000000e+00,0.000000e+00,0.000000e+00,0.000000e+00,0.000000e+00,0.000000e+00,0.000000e+00,0.000000e+00,0.000000e+00,0.000000e+00,0.000000e+00,0.000000e+00
1.000000e+00,0.000000e+00,0.000000e+00,0.000000e+00,0.000000e+00,0.000000e+00,0.000000e+00,0.000000e+00,0.000000e+00,0.000000e+00,0.000000e+00,0.000000e+00,0.000000e+00,0.000000e+00,0.000000e+00
1.000000e+00,0.000000e+00,0.000000e+00,0.000000e+00,0.000000e+00,0.000000e+00,0.000000e+00,0.000000e+00,0.000000e+00,0.000000e+00,0.000000e+00,0.000000e+00,0.000000e+00,0.000000e+00,0.000000e+00
1.000000e+00,0.000000e+00,0.000000e+00,0.000000e+00,0.000000e+00,0.000000e+00,0.000000e+00,0.000000e+00,0.000000e+00,0.000000e+00,0.000000e+00,0.000000e+00,0.000000e+00,0.000000e+00,0.000000e+00
1.000000e+00,0.000000e+00,0.000000e+00,0.000000e+00,0.000000e+00,0.000000e+00,0.000000e+00,0.000000e+00,0.000000e+00,0.000000e+00,0.000000e+00,0.000000e+00,0.000000e+00,0.000000e+00,0.000000e+00
1.000000e+00,0.000000e+00,0.000000e+00,0.000000e+00,0.000000e+00,0.000000e+00,0.000000e+00,0.000000e+00,0.000000e+00,0.000000e+00,0.000000e+00,0.000000e+00,0.000000e+00,0.000000e+00,0.000000e+00
1.000000e+00,0.000000e+00,0.000000e+00,0.000000e+00,0.000000e+00,0.000000e+00,0.000000e+00,0.000000e+00,0.000000e+00,0.000000e+00,0.000000e+00,0.000000e+00,0.000000e+00,0.000000e+00,0.000000e+00
1.000000e+00,0.000000e+00,0.000000e+00,0.000000e+00,0.000000e+00,0.000000e+00,0.000000e+00,0.000000e+00,0.000000e+00,0.000000e+00,0.000000e+00,0.000000e+00,0.000000e+00,0.000000e+00,0.000000e+00
1.000000e+00,0.000000e+00,0.000000e+00,0.000000e+00,0.000000e+00,0.000000e+00,0.000000e+00,0.000000e+00,0.000000e+00,0.000000e+00,0.000000e+00,0.000000e+00,0.000000e+00,0.000000e+00,0.000000e+00
1.000000e+00,0.000000e+00,0.000000e+00,0.000000e+00,0.000000e+00,0.000000e+00,0.000000e+00,0.000000e+00,0.000000e+00,0.000000e+00,0.000000e+00,0.000000e+00,0.000000e+00,0.000000e+00,0.000000e+00
1.000000e+00,0.000000e+00,0.000000e+00,0.000000e+00,0.000000e+00,0.000000e+00,0.000000e+00,0.000000e+00,0.000000e+00,0.000000e+00,0.000000e+00,0.000000e+00,0.000000e+00,0.000000e+00,0.000000e+00
1.000000e+00,0.000000e+00,0.000000e+00,0.000000e+00,0.000000e+00,0.000000e+00,0.000000e+00,0.000000e+00,0.000000e+00,0.000000e+00,0.000000e+00,0.000000e+00,0.000000e+00,0.000000e+00,0.000000e+00
1.000000e+00,0.000000e+00,0.000000e+00,0.000000e+00,0.000000e+00,0.000000e+00,0.000000e+00,0.000000e+00,0.000000e+00,0.000000e+00,0.000000e+00,0.000000e+00,0.000000e+00,0.000000e+00,0.000000e+00
1.000000e+00,0.000000e+00,0.000000e+00,0.000000e+00,0.000000e+00,0.000000e+00,0.000000e+00,0.000000e+00,0.000000e+00,0.000000e+00,0.000000e+00,0.000000e+00,0.000000e+00,0.000000e+00,0.000000e+00
1.000000e+00,0.000000e+00,0.000000e+00,0.000000e+00,0.000000e+00,0.000000e+00,0.000000e+00,0.000000e+00,0.000000e+00,0.000000e+00,0.000000e+00,0.000000e+00,0.000000e+00,0.000000e+00,0.000000e+00
1.000000e+00,0.000000e+00,0.000000e+00,0.000000e+00,0.000000e+00,0.000000e+00,0.000000e+00,0.000000e+00,0.000000e+00,0.000000e+00,0.000000e+00,0.000000e+00,0.000000e+00,0.000000e+00,0.000000e+00
1.000000e+00,0.000000e+00,0.000000e+00,0.000000e+00,0.000000e+00,0.000000e+00,0.000000e+00,0.000000e+00,0.000000e+00,0.000000e+00,0.000000e+00,0.000000e+00,0.000000e+00,0.000000e+00,0.000000e+00
1.000000e+00,0.000000e+00,0.000000e+00,0.000000e+00,0.000000e+00,0.000000e+00,0.000000e+00,0.000000e+00,0.000000e+00,0.000000e+00,0.000000e+00,0.000000e+00,0.000000e+00,0.000000e+00,0.000000e+00
1.000000e+00,0.000000e+00,0.000000e+00,0.000000e+00,0.000000e+00,0.000000e+00,0.000000e+00,0.000000e+00,0.000000e+00,0.000000e+00,0.000000e+00,0.000000e+00,0.000000e+00,0.000000e+00,0.000000e+00
1.000000e+00,0.000000e+00,0.000000e+00,0.000000e+00,0.000000e+00,0.000000e+00,0.000000e+00,0.000000e+00,0.000000e+00,0.000000e+00,0.000000e+00,0.000000e+00,0.000000e+00,0.000000e+00,0.000000e+00
1.000000e+00,0.000000e+00,0.000000e+00,0.000000e+00,0.000000e+00,0.000000e+00,0.000000e+00,0.000000e+00,0.000000e+00,0.000000e+00,0.000000e+00,0.000000e+00,0.000000e+00,0.000000e+00,0.000000e+00
1.000000e+00,0.000000e+00,0.000000e+00,0.000000e+00,0.000000e+00,0.000000e+00,0.000000e+00,0.000000e+00,0.000000e+00,0.000000e+00,0.000000e+00,0.000000e+00,0.000000e+00,0.000000e+00,0.000000e+00
1.000000e+00,0.000000e+00,0.000000e+00,0.000000e+00,0.000000e+00,0.000000e+00,0.000000e+00,0.000000e+00,0.000000e+00,0.000000e+00,0.000000e+00,0.000000e+00,0.000000e+00,0.000000e+00,0.000000e+00
1.000000e+00,0.000000e+00,0.000000e+00,0.000000e+00,0.000000e+00,0.000000e+00,0.000000e+00,0.000000e+00,0.000000e+00,0.000000e+00,0.000000e+00,0.000000e+00,0.000000e+00,0.000000e+00,0.000000e+00
1.000000e+00,0.000000e+00,0.000000e+00,0.000000e+00,0.000000e+00,0.000000e+00,0.000000e+00,0.000000e+00,0.000000e+00,0.000000e+00,0.000000e+00,0.000000e+00,0.000000e+00,0.000000e+00,0.000000e+00
1.000000e+00,0.000000e+00,0.000000e+00,0.000000e+00,0.000000e+00,0.000000e+00,0.000000e+00,0.000000e+00,0.000000e+00,0.000000e+00,0.000000e+00,0.000000e+00,0.000000e+00,0.000000e+00,0.000000e+00
1.000000e+00,0.000000e+00,0.000000e+00,0.000000e+00,0.000000e+00,0.000000e+00,0.000000e+00,0.000000e+00,0.000000e+00,0.000000e+00,0.000000e+00,0.000000e+00,0.000000e+00,0.000000e+00,0.000000e+00
1.000000e+00,0.000000e+00,0.000000e+00,0.000000e+00,0.000000e+00,0.000000e+00,0.000000e+00,0.000000e+00,0.000000e+00,0.000000e+00,0.000000e+00,0.000000e+00,0.000000e+00,0.000000e+00,0.000000e+00
1.000000e+00,0.000000e+00,0.000000e+00,0.000000e+00,0.000000e+00,0.000000e+00,0.000000e+00,0.000000e+00,0.000000e+00,0.000000e+00,0.000000e+00,0.000000e+00,0.000000e+00,0.000000e+00,0.000000e+00
1.000000e+00,0.000000e+00,0.000000e+00,0.000000e+00,0.000000e+00,0.000000e+00,0.000000e+00,0.000000e+00,0.000000e+00,0.000000e+00,0.000000e+00,0.000000e+00,0.000000e+00,0.000000e+00,0.000000e+00
1.000000e+00,0.000000e+00,0.000000e+00,0.000000e+00,0.000000e+00,0.000000e+00,0.000000e+00,0.000000e+00,0.000000e+00,0.000000e+00,0.000000e+00,0.000000e+00,0.000000e+00,0.000000e+00,0.000000e+00
1.000000e+00,0.000000e+00,0.000000e+00,0.000000e+00,0.000000e+00,0.000000e+00,0.000000e+00,0.000000e+00,0.000000e+00,0.000000e+00,0.000000e+00,0.000000e+00,0.000000e+00,0.000000e+00,0.000000e+00
1.000000e+00,0.000000e+00,0.000000e+00,0.000000e+00,0.000000e+00,0.000000e+00,0.000000e+00,0.000000e+00,0.000000e+00,0.000000e+00,0.000000e+00,0.000000e+00,0.000000e+00,0.000000e+00,0.000000e+00
1.000000e+00,0.000000e+00,0.000000e+00,0.000000e+00,0.000000e+00,0.000000e+00,0.000000e+00,0.000000e+00,0.000000e+00,0.000000e+00,0.000000e+00,0.000000e+00,0.000000e+00,0.000000e+00,0.000000e+00
1.000000e+00,0.000000e+00,0.000000e+00,0.000000e+00,0.000000e+00,0.000000e+00,0.000000e+00,0.000000e+00,0.000000e+00,0.000000e+00,0.000000e+00,0.000000e+00,0.000000e+00,0.000000e+00,0.000000e+00
1.000000e+00,0.000000e+00,0.000000e+00,0.000000e+00,0.000000e+00,0.000000e+00,0.000000e+00,0.000000e+00,0.000000e+00,0.000000e+00,0.000000e+00,0.000000e+00,0.000000e+00,0.000000e+00,0.000000e+00
1.000000e+00,0.000000e+00,0.000000e+00,0.000000e+00,0.000000e+00,0.000000e+00,0.000000e+00,0.000000e+00,0.000000e+00,0.000000e+00,0.000000e+00,0.000000e+00,0.000000e+00,0.000000e+00,0.000000e+00
1.000000e+00,0.000000e+00,0.000000e+00,0.000000e+00,0.000000e+00,0.000000e+00,0.000000e+00,0.000000e+00,0.000000e+00,0.000000e+00,0.000000e+00,0.000000e+00,0.000000e+00,0.000000e+00,0.000000e+00
1.000000e+00,0.000000e+00,0.000000e+00,0.000000e+00,0.000000e+00,0.000000e+00,0.000000e+00,0.000000e+00,0.000000e+00,0.000000e+00,0.000000e+00,0.000000e+00,0.000000e+00,0.000000e+00,0.000000e+00
1.000000e+00,0.000000e+00,0.000000e+00,0.000000e+00,0.000000e+00,0.000000e+00,0.000000e+00,0.000000e+00,0.000000e+00,0.000000e+00,0.000000e+00,0.000000e+00,0.000000e+00,0.000000e+00,0.000000e+00
1.000000e+00,0.000000e+00,0.000000e+00,0.000000e+00,0.000000e+00,0.000000e+00,0.000000e+00,0.000000e+00,0.000000e+00,0.000000e+00,0.000000e+00,0.000000e+00,0.000000e+00,0.000000e+00,0.000000e+00
1.000000e+00,0.000000e+00,0.000000e+00,0.000000e+00,0.000000e+00,0.000000e+00,0.000000e+00,0.000000e+00,0.000000e+00,0.000000e+00,0.000000e+00,0.000000e+00,0.000000e+00,0.000000e+00,0.000000e+00
1.000000e+00,0.000000e+00,0.000000e+00,0.000000e+00,0.000000e+00,0.000000e+00,0.000000e+00,0.000000e+00,0.000000e+00,0.000000e+00,0.000000e+00,0.000000e+00,0.000000e+00,0.000000e+00,0.000000e+00
1.000000e+00,0.000000e+00,0.000000e+00,0.000000e+00,0.000000e+00,0.000000e+00,0.000000e+00,0.000000e+00,0.000000e+00,0.000000e+00,0.000000e+00,0.000000e+00,0.000000e+00,0.000000e+00,0.000000e+00
1.000000e+00,0.000000e+00,0.000000e+00,0.000000e+00,0.000000e+00,0.000000e+00,0.000000e+00,0.000000e+00,0.000000e+00,0.000000e+00,0.000000e+00,0.000000e+00,0.000000e+00,0.000000e+00,0.000000e+00
1.000000e+00,0.000000e+00,0.000000e+00,0.000000e+00,0.000000e+00,0.000000e+00,0.000000e+00,0.000000e+00,0.000000e+00,0.000000e+00,0.000000e+00,0.000000e+00,0.000000e+00,0.000000e+00,0.000000e+00
1.000000e+00,0.000000e+00,0.000000e+00,0.000000e+00,0.000000e+00,0.000000e+00,0.000000e+00,0.000000e+00,0.000000e+00,0.000000e+00,0.000000e+00,0.000000e+00,0.000000e+00,0.000000e+00,0.000000e+00
1.000000e+00,0.000000e+00,0.000000e+00,0.000000e+00,0.000000e+00,0.000000e+00,0.000000e+00,0.000000e+00,0.000000e+00,0.000000e+00,0.000000e+00,0.000000e+00,0.000000e+00,0.000000e+00,0.000000e+00
4.605691e-01,9.739807e-03,1.009109e-01,5.412681e-02,6.817774e-03,1.429487e-02,3.280693e-03,3.078203e-01,2.324275e-03,1.092639e-03,6.580750e-03,1.458273e-02,8.642902e-03,1.938877e-03,7.277501e-03
3.273782e-01,6.961462e-03,8.401298e-02,4.435165e-02,5.267357e-03,1.085607e-02,2.501783e-03,4.878295e-01,1.696434e-03,8.458762e-04,4.808778e-03,1.052431e-02,6.277183e-03,1.462610e-03,5.225827e-03
2.604702e-01,5.067812e-03,6.093876e-02,3.597293e-02,5.507012e-03,8.519466e-03,2.168130e-03,5.977154e-01,1.290122e-03,8.883578e-04,3.596500e-03,8.058787e-03,4.871405e-03,1.083598e-03,3.851649e-03
2.552406e-01,3.869063e-03,4.675426e-02,2.923764e-02,6.101794e-03,7.644542e-03,2.502120e-03,6.196258e-01,1.311560e-03,1.454584e-03,4.863538e-03,8.843090e-03,8.194502e-03,9.958412e-04,3.361083e-03
2.243669e-01,3.857426e-03,3.498796e-02,3.679386e-02,7.113888e-03,6.630260e-03,1.998236e-03,5.964913e-01,1.310096e-02,1.365090e-02,1.487483e-02,1.638223e-02,2.156042e-02,3.319512e-03,4.871301e-03
1.586786e-01,3.719405e-03,2.526524e-02,1.458857e-01,5.305685e-03,5.101701e-03,1.424445e-03,4.301090e-01,1.163079e-02,1.768020e-02,9.607301e-02,2.817294e-02,6.126791e-02,4.267565e-03,5.417873e-03
1.114286e-01,3.149613e-03,1.824467e-02,1.870379e-01,3.954942e-03,3.989709e-03,1.081055e-03,3.021058e-01,1.262139e-02,1.426076e-02,1.454111e-01,4.963418e-02,1.381977e-01,3.712016e-03,5.170481e-03
7.809860e-02,2.344634e-03,1.298104e-02,1.560055e-01,3.220019e-03,3.130134e-03,8.298162e-04,2.118406e-01,1.213990e-02,1.183291e-02,1.741592e-01,7.147059e-02,2.511675e-01,4.841746e-03,5.937715e-03
5.486615e-02,2.245815e-03,9.462421e-03,3.340562e-01,3.047246e-03,3.838695e-03,6.575715e-04,1.485590e-01,2.499400e-02,8.467701e-03,1.583256e-01,6.441673e-02,1.785370e-01,4.040712e-03,4.485228e-03
3.845943e-02,1.708891e-03,6.903653e-03,3.748888e-01,2.741540e-03,5.460509e-03,4.744342e-04,1.043473e-01,2.336378e-02,6.033615e-03,1.630098e-01,1.396597e-01,1.263942e-01,3.175886e-03,3.378376e-03
2.694784e-02,1.238493e-03,4.917413e-03,2.807789e-01,6.042747e-03,6.008342e-03,3.473145e-04,7.306731e-02,1.750998e-02,5.089857e-03,1.878099e-01,2.951546e-01,8.994894e-02,2.596542e-03,2.541851e-03
1.889381e-02,9.390403e-04,3.530825e-03,2.103792e-01,2.525193e-02,6.213164e-03,2.747696e-04,5.118521e-02,1.382321e-02,4.224653e-03,2.557690e-01,3.416091e-01,6.355710e-02,2.433856e-03,1.915057e-03
1.328743e-02,7.064315e-04,2.613273e-03,1.502925e-01,2.942028e-02,8.126550e-03,2.367555e-04,3.591944e-02,1.147527e-02,3.875616e-03,2.563505e-01,4.382852e-01,4.548140e-02,2.444635e-03,1.484662e-03
9.539953e-03,5.792530e-04,1.928147e-03,1.063901e-01,3.490802e-02,7.154331e-03,1.939140e-04,2.524084e-02,1.082558e-02,3.942912e-03,2.948967e-01,4.675663e-01,3.251998e-02,3.135487e-03,1.178506e-03
6.772072e-03,4.293837e-04,1.381745e-03,7.469595e-02,2.879046e-02,6.569235e-03,1.570331e-04,1.775695e-02,8.728850e-03,3.235522e-03,2.425699e-01,5.821764e-01,2.305692e-02,2.804721e-03,8.748111e-04
4.801121e-03,4.825518e-04,1.172701e-03,5.234280e-02,5.022467e-02,4.819531e-03,2.005700e-04,1.268989e-02,1.220361e-02,2.578142e-03,1.784414e-01,6.604788e-01,1.673112e-02,2.207819e-03,6.252408e-04
3.445272e-03,3.826607e-04,9.338591e-04,3.675274e-02,4.542026e-02,4.023333e-03,2.056113e-04,9.087283e-03,1.084249e-02,2.253190e-03,1.338720e-01,7.385104e-01,1.196795e-02,1.847294e-03,4.556535e-04
2.794031e-03,2.931307e-04,7.212859e-04,2.577643e-02,3.890062e-02,3.527670e-03,1.864402e-04,6.541924e-03,8.619825e-03,1.989837e-03,9.860506e-02,8.015968e-01,8.684914e-03,1.431070e-03,3.309306e-04
2.409757e-03,2.346783e-04,5.429966e-04,1.814043e-02,3.583700e-02,3.226849e-03,2.455697e-04,4.766288e-03,6.922814e-03,1.683952e-03,7.521538e-02,8.430008e-01,6.370135e-03,1.154640e-03,2.487061e-04
4.155766e-03,2.675656e-04,4.929967e-04,1.307978e-02,5.611290e-02,3.510923e-03,1.043003e-03,3.930055e-03,1.101958e-02,2.422858e-03,7.151504e-02,8.253735e-01,5.604214e-03,1.251103e-03,2.207549e-04
3.880603e-03,2.267951e-03,1.472901e-03,9.491255e-03,6.310671e-02,3.333033e-03,1.147914e-03,3.843916e-03,3.965051e-02,3.721128e-03,6.366111e-02,7.961559e-01,6.717243e-03,1.340815e-03,2.089528e-04
3.071885e-03,2.237108e-03,1.610447e-03,6.819354e-03,6.541552e-02,3.115290e-03,1.288843e-03,4.654514e-03,6.782205e-02,3.484340e-03,5.279892e-02,7.788119e-01,7.462089e-03,1.226814e-03,1.809507e-04
2.356132e-03,2.063552e-03,1.488181e-03,4.995937e-03,6.123763e-02,2.553764e-03,1.385161e-03,4.328137e-03,1.539417e-01,3.391095e-03,5.055740e-02,7.001612e-01,1.039278e-02,9.744977e-04,1.728275e-04
1.942339e-03,1.882049e-03,2.049807e-03,3.796103e-03,7.244649e-02,2.839221e-03,2.251902e-03,6.353321e-03,2.078517e-01,3.907176e-03,5.244307e-02,6.258110e-01,1.524745e-02,9.408714e-04,2.374683e-04
1.791444e-03,1.368430e-03,2.064753e-03,2.825517e-03,1.849832e-01,4.220372e-03,1.346613e-02,2.109056e-02,1.847603e-01,3.288331e-03,5.018830e-02,5.143982e-01,1.440523e-02,8.447991e-04,3.043930e-04
1.904286e-03,1.092171e-03,2.302937e-03,2.289061e-03,1.629592e-01,5.089592e-03,2.122227e-02,9.729017e-02,1.587854e-01,3.134032e-03,5.193022e-02,4.547666e-01,3.572112e-02,9.212440e-04,5.916308e-04
1.956595e-03,7.886318e-04,1.934428e-03,2.135700e-03,1.765896e-01,4.770879e-03,2.573196e-02,1.547233e-01,1.221543e-01,2.952314e-03,5.475174e-02,3.961268e-01,5.374601e-02,8.780804e-04,7.596536e-04
1.771284e-03,5.621364e-04,1.655090e-03,1.615868e-03,1.319398e-01,3.471001e-03,1.904291e-02,3.658862e-01,8.667269e-02,2.274212e-03,4.292895e-02,2.885607e-01,5.238552e-02,6.572121e-04,5.764317e-04
2.369165e-03,4.423662e-04,1.619201e-03,1.529917e-03,1.449255e-01,4.000847e-03,2.520419e-02,4.605038e-01,6.605817e-02,1.756155e-03,3.498157e-02,2.104093e-01,4.527080e-02,4.920333e-04,4.369755e-04
3.188943e-03,8.272452e-04,1.477378e-03,2.065211e-03,2.399147e-01,7.453518e-03,1.566007e-01,3.337430e-01,4.784719e-02,1.243079e-03,2.480505e-02,1.474947e-01,3.261713e-02,3.486324e-04,3.734726e-04
8.402543e-03,1.262814e-03,1.771420e-03,1.122689e-02,3.479837e-01,9.296504e-03,1.549079e-01,2.845734e-01,3.414617e-02,8.931782e-04,1.774760e-02,1.035984e-01,2.360386e-02,2.503474e-04,3.352482e-04
1.041391e-02,9.903301e-04,1.659139e-03,1.914537e-02,3.688401e-01,8.238116e-03,1.285532e-01,3.344807e-01,2.417116e-02,6.354982e-04,1.268550e-02,7.293147e-02,1.682825e-02,1.803101e-04,2.469710e-04
1.236030e-02,7.154552e-04,1.371663e-03,1.512915e-02,2.927843e-01,6.462724e-03,9.319937e-02,4.881575e-01,1.697418e-02,4.542784e-04,8.971428e-03,5.122210e-02,1.189138e-02,1.282840e-04,1.779071e-04
1.193628e-02,5.181757e-04,1.010025e-03,1.104029e-02,2.382035e-01,4.822695e-03,6.593513e-02,6.031089e-01,1.195699e-02,3.260330e-04,6.341117e-03,3.609613e-02,8.485820e-03,9.232530e-05,1.266796e-04
1.455233e-02,3.901547e-04,8.373137e-04,8.325411e-03,1.865773e-01,3.866760e-03,4.638682e-02,6.937147e-01,8.401528e-03,2.447717e-04,4.577552e-03,2.567336e-02,6.276700e-03,8.015966e-05,9.514324e-05
1.968078e-02,4.405637e-04,7.215533e-04,7.792715e-03,1.445209e-01,3.967349e-03,3.278001e-02,7.563866e-01,6.131971e-03,2.105066e-04,3.440269e-03,1.853948e-02,5.189722e-03,8.665450e-05,1.109822e-04
2.568227e-02,8.065660e-04,6.283955e-04,6.511645e-03,1.271227e-01,3.669102e-03,2.422574e-02,7.856445e-01,5.092239e-03,1.977089e-04,2.704678e-03,1.333033e-02,4.199771e-03,7.501900e-05,1.094280e-04
3.412139e-02,1.247443e-03,8.906632e-04,8.279347e-03,9.436047e-02,7.350529e-03,1.728114e-02,8.116626e-01,5.299374e-03,2.533496e-04,2.850611e-03,1.124791e-02,4.651232e-03,1.391375e-04,3.649264e-04
3.635212e-02,1.336272e-03,8.607725e-04,7.618486e-03,7.074160e-02,7.569889e-03,1.252345e-02,8.407109e-01,5.257635e-03,2.285647e-04,2.637245e-03,9.279198e-03,4.133311e-03,1.911035e-04,5.594908e-04
6.496578e-02,2.635597e-03,2.126127e-03,7.828379e-03,5.260384e-02,1.492604e-02,9.986972e-03,7.922192e-01,1.549837e-02,6.925840e-04,3.482913e-03,1.551559e-02,1.527409e-02,5.869730e-04,1.657642e-03
9.352684e-02,2.610123e-03,2.904433e-03,1.031403e-02,3.919475e-02,2.724246e-02,7.608009e-03,6.968597e-01,1.610587e-02,8.583515e-04,5.153927e-03,2.616191e-02,6.837518e-02,6.230137e-04,2.461516e-03
9.079234e-02,2.961155e-03,4.862164e-03,2.967967e-02,2.992748e-02,3.294173e-02,6.585563e-03,5.410945e-01,1.527165e-02,1.079636e-03,1.377866e-02,3.322495e-02,1.937825e-01,6.910597e-04,3.326974e-03
6.937502e-02,2.462205e-03,3.672312e-03,2.408690e-02,2.286267e-02,2.864576e-02,6.033866e-03,3.863148e-01,1.435091e-02,9.520308e-04,1.594902e-02,3.947839e-02,3.824248e-01,6.690510e-04,2.722215e-03
5.115637e-02,1.948971e-03,2.863852e-03,1.750611e-02,2.058309e-02,2.175937e-02,4.830363e-03,2.720918e-01,1.368141e-02,1.124898e-03,2.220419e-02,5.951321e-02,5.076686e-01,6.796854e-04,2.388078e-03
4.957681e-02,2.459905e-03,2.401375e-03,1.283752e-02,1.645272e-02,1.906056e-02,4.448941e-03,1.909242e-01,1.366179e-02,1.903358e-03,3.527471e-02,2.184231e-01,4.269095e-01,3.144375e-03,2.521211e-03
3.584448e-02,2.103474e-03,1.712365e-03,9.199629e-03,1.334180e-02,1.355048e-02,3.336289e-03,1.338459e-01,1.025859e-02,2.190230e-03,3.131606e-02,3.901642e-01,3.475002e-01,3.736739e-03,1.899526e-03
2.547973e-02,3.361554e-03,1.328745e-03,6.510093e-03,1.160386e-02,9.540294e-03,2.472500e-03,9.386544e-02,8.409942e-03,2.436344e-03,2.891004e-02,4.829485e-01,3.145121e-01,7.145633e-03,1.475238e-03
1.852055e-02,7.284961e-03,1.713253e-03,4.645241e-03,9.499473e-03,6.976936e-03,1.782835e-03,6.610343e-02,1.343589e-02,4.366843e-03,4.718403e-02,5.264592e-01,2.674128e-01,2.199336e-02,2.621283e-03
1.336701e-02,1.087899e-02,1.612630e-03,3.276451e-03,7.072386e-03,6.349179e-03,1.310213e-03,4.648555e-02,1.663492e-02,5.118622e-03,1.246631e-01,5.220528e-01,2.001063e-01,3.832096e-02,2.750902e-03
9.577279e-03,1.169744e-02,1.421657e-03,2.307784e-03,5.040058e-03,8.618206e-03,9.385886e-04,3.262910e-02,3.146587e-02,5.990203e-03,2.172250e-01,4.642389e-01,1.426786e-01,6.160223e-02,4.569034e-03
6.997840e-03,1.071836e-02,2.242308e-03,1.686287e-03,3.812273e-03,1.937404e-02,6.823005e-04,2.296960e-02,1.064540e-01,6.247289e-03,2.454570e-01,3.811510e-01,1.008487e-01,8.718307e-02,4.176040e-03
5.562347e-03,9.476222e-03,2.390068e-03,1.283195e-03,3.372373e-03,4.195185e-02,4.890299e-04,1.616358e-02,1.230604e-01,6.473938e-03,2.708320e-01,2.774461e-01,7.126278e-02,1.663883e-01,3.847925e-03
3.999826e-03,9.305185e-03,1.796626e-03,9.233112e-04,2.741899e-03,3.355252e-02,3.458379e-04,1.132301e-02,1.180518e-01,5.588386e-03,3.133750e-01,2.043850e-01,5.007887e-02,2.416224e-01,2.910343e-03
2.881259e-03,7.265067e-03,1.312132e-03,6.589344e-04,2.234585e-03,2.441587e-02,2.437590e-04,7.930622e-03,1.294492e-01,4.380600e-03,3.038633e-01,1.536313e-01,3.521065e-02,3.243997e-01,2.123061e-03
2.559938e-03,6.485813e-03,1.366583e-03,5.168235e-04,1.997840e-03,1.802167e-02,1.754679e-04,5.616476e-03,1.341834e-01,3.392721e-03,3.358401e-01,1.116131e-01,2.482014e-02,3.517514e-01,1.658537e-03
1.975511e-03,5.588738e-03,1.159010e-03,4.178513e-04,1.686359e-03,1.305465e-02,1.259776e-04,3.952374e-03,1.661679e-01,2.660819e-03,2.932255e-01,8.388571e-02,1.745392e-02,4.072943e-01,1.351383e-03
1.485334e-03,4.658817e-03,9.508949e-04,3.244185e-04,1.322031e-03,9.505804e-03,9.048925e-05,2.775465e-03,1.635425e-01,2.156117e-03,2.801746e-01,6.395696e-02,1.230336e-02,4.556685e-01,1.084656e-03
1.233284e-03,1.123538e-02,1.106608e-03,2.689384e-04,1.218993e-03,7.245152e-03,6.583107e-05,1.976750e-03,2.148404e-01,2.174857e-03,2.466870e-01,4.915297e-02,8.643575e-03,4.532574e-01,8.928596e-04
1.201490e-03,1.085820e-02,9.997583e-04,2.247132e-04,1.300318e-03,5.396456e-03,5.186725e-05,1.428063e-03,2.232988e-01,2.836571e-03,2.625987e-01,3.659994e-02,6.081216e-03,4.464225e-01,7.013535e-04
1.135709e-03,1.198596e-02,1.062843e-03,1.873020e-04,1.309610e-03,4.692070e-03,4.768237e-05,1.021980e-03,1.799338e-01,3.878895e-03,3.400481e-01,2.756555e-02,4.315139e-03,4.221830e-01,6.321988e-04
1.260258e-03,1.551032e-02,1.385001e-03,3.626815e-04,1.634197e-03,8.086653e-03,4.603164e-05,7.611168e-04,3.414528e-01,5.786719e-03,2.770849e-01,2.025652e-02,3.124231e-03,3.223872e-01,8.613865e-04
2.008563e-03,1.680122e-02,5.892122e-03,1.057192e-03,4.055547e-03,1.003311e-02,1.375446e-04,7.730269e-04,4.885072e-01,6.331807e-03,2.081282e-01,1.474399e-02,2.267506e-03,2.384688e-01,7.942406e-04
2.544293e-03,1.748500e-02,6.419450e-03,1.601247e-03,5.259185e-03,1.535604e-02,1.301186e-04,2.964980e-03,6.091082e-01,7.484712e-03,1.493002e-01,1.085944e-02,1.716071e-03,1.685290e-01,1.241967e-03
2.265375e-03,1.703321e-02,4.817769e-03,1.290525e-03,4.850145e-03,3.308204e-02,1.190072e-04,2.394397e-03,6.947465e-01,6.008696e-03,1.050662e-01,7.760297e-03,1.265030e-03,1.181343e-01,1.166539e-03
6.347571e-03,1.820298e-02,3.748173e-03,1.573490e-03,1.319825e-02,5.910868e-02,2.200732e-04,2.195328e-03,7.241792e-01,5.603551e-03,7.428622e-02,5.532230e-03,9.817479e-04,8.299666e-02,1.825879e-03
9.163441e-03,2.238926e-02,3.867190e-03,5.877616e-03,1.288239e-02,1.566765e-01,1.954007e-04,3.426293e-03,6.603588e-01,5.131620e-03,5.306584e-02,3.998293e-03,1.043223e-03,5.831387e-02,3.610273e-03
1.401005e-02,1.848470e-02,2.902023e-03,5.664175e-03,1.307840e-02,3.274741e-01,2.189039e-04,2.649503e-03,5.265367e-01,3.850669e-03,3.756220e-02,2.825569e-03,8.476505e-04,4.093926e-02,2.956076e-03
2.482371e-02,2.178175e-02,1.030340e-02,1.006503e-01,2.054718e-02,3.477032e-01,3.325833e-04,1.827132e-02,3.868326e-01,3.704933e-03,2.686481e-02,2.093660e-03,7.466777e-04,2.875883e-02,6.585157e-03
3.821273e-02,1.931727e-02,3.463636e-02,1.353343e-01,1.896930e-02,3.891794e-01,3.790435e-04,2.275386e-02,2.786526e-01,6.556606e-03,2.070849e-02,1.634382e-03,6.334173e-04,2.022591e-02,1.280643e-02
6.909040e-02,2.656331e-02,8.101735e-02,1.081155e-01,2.150464e-02,3.461262e-01,5.811522e-04,1.838385e-02,2.087101e-01,2.412650e-02,1.647095e-02,1.283482e-03,5.935653e-04,1.463159e-02,6.280132e-02
5.383711e-02,4.183871e-02,2.032018e-01,1.072028e-01,3.065771e-02,2.441601e-01,1.150524e-03,1.385880e-02,1.566228e-01,3.471985e-02,1.188689e-02,1.029956e-03,7.622616e-04,1.040279e-02,8.866789e-02
5.554702e-02,4.697120e-02,2.320164e-01,1.512902e-01,4.179558e-02,1.767213e-01,2.774153e-03,1.174225e-02,1.152454e-01,4.057885e-02,9.043412e-03,9.239403e-04,8.868324e-04,7.463035e-03,1.070004e-01
4.248475e-02,4.400008e-02,2.571478e-01,1.362251e-01,3.545471e-02,1.244017e-01,2.273721e-03,8.564973e-03,9.290060e-02,4.250846e-02,6.439646e-03,6.809144e-04,1.296088e-03,5.375193e-03,2.002463e-01
4.169439e-02,6.171455e-02,2.911557e-01,1.122665e-01,3.993202e-02,9.148596e-02,2.525333e-03,6.625857e-03,7.746610e-02,4.917827e-02,4.784699e-03,5.151899e-04,1.663563e-03,4.015453e-03,2.149765e-01
3.013439e-02,5.274807e-02,2.979516e-01,2.179914e-01,2.980177e-02,6.429674e-02,1.832529e-03,4.718219e-03,6.145109e-02,5.136999e-02,3.622376e-03,3.992035e-04,1.219084e-03,2.859459e-03,1.796042e-01
2.760036e-02,4.426834e-02,2.586229e-01,3.283043e-01,2.134338e-02,4.590730e-02,1.373714e-03,3.346964e-03,4.935230e-02,4.212268e-02,4.363105e-02,1.062182e-03,1.259923e-03,2.436250e-03,1.293684e-01
1.970491e-02,3.578055e-02,2.111276e-01,4.697513e-01,1.516841e-02,3.223731e-02,9.836778e-04,2.362465e-03,3.746276e-02,3.165168e-02,4.655192e-02,2.172723e-03,9.537731e-04,1.869804e-03,9.222113e-02
1.393707e-02,2.876889e-02,2.183184e-01,4.310554e-01,1.064385e-02,2.273340e-02,7.129147e-04,1.666395e-03,2.861551e-02,2.391291e-02,5.008046e-02,9.904135e-02,1.948744e-03,1.915032e-03,6.664976e-02
1.006114e-02,2.081399e-02,1.663510e-01,4.247080e-01,7.496952e-03,1.651386e-02,5.128559e-04,1.184617e-03,2.079866e-02,1.714222e-02,6.088456e-02,2.025273e-01,1.695545e-03,1.466198e-03,4.784321e-02
7.391839e-03,1.460459e-02,1.168090e-01,3.004812e-01,5.382633e-03,1.199551e-02,3.616374e-04,8.339300e-04,1.517249e-02,1.209986e-02,6.315220e-02,4.156264e-01,1.463252e-03,1.065675e-03,3.355982e-02
5.556792e-03,1.026049e-02,8.182777e-02,2.122688e-01,4.522656e-03,8.678669e-03,2.599697e-04,5.918023e-04,1.137856e-02,8.500541e-03,5.109749e-02,5.796140e-01,1.091058e-03,7.636200e-04,2.358765e-02
4.354523e-03,7.207342e-03,5.730151e-02,1.490601e-01,4.412648e-03,6.371808e-03,1.858899e-04,4.194458e-04,8.540644e-03,5.992202e-03,4.031964e-02,6.978886e-01,7.884210e-04,5.535220e-04,1.660365e-02
3.134832e-03,5.051383e-03,4.011811e-02,1.044218e-01,5.160472e-03,5.183000e-03,1.324870e-04,2.965856e-04,6.093208e-03,4.233245e-03,3.253832e-02,7.810081e-01,5.747094e-04,4.045150e-04,1.164919e-02
2.248272e-03,3.539344e-03,2.808812e-02,7.317640e-02,6.244222e-03,4.087441e-03,9.474491e-05,2.096435e-04,4.370050e-03,3.003527e-03,2.794082e-02,8.381016e-01,4.214005e-04,2.922590e-04,8.182146e-03
1.588337e-03,2.479757e-03,1.966719e-02,5.127233e-02,5.408225e-03,2.945980e-03,6.665185e-05,1.479380e-04,3.083067e-03,2.126477e-03,2.116257e-02,8.837923e-01,3.099094e-04,2.120186e-04,5.737241e-03
1.170798e-03,1.741066e-03,1.377080e-02,3.594105e-02,5.437043e-03,2.182297e-03,4.831320e-05,1.176056e-04,2.185498e-03,1.526973e-03,1.655746e-02,9.149197e-01,2.248058e-04,1.558314e-04,4.020703e-03
8.514299e-04,1.221341e-03,9.642630e-03,2.521689e-02,6.422289e-03,1.695483e-03,3.682476e-05,9.538873e-05,1.544305e-03,1.097887e-03,1.232630e-02,9.367455e-01,1.668468e-04,1.186179e-04,2.818205e-03
6.459308e-04,8.731013e-04,6.759745e-03,1.770139e-02,8.836124e-03,1.392969e-03,3.526328e-05,1.033018e-04,1.116312e-03,8.072862e-04,9.697555e-03,9.498152e-01,1.338641e-04,1.031049e-04,1.978801e-03
5.397353e-04,6.319154e-04,4.739634e-03,1.242574e-02,1.373291e-02,1.492233e-03,4.615346e-05,1.445063e-04,8.519599e-04,5.938355e-04,7.529038e-03,9.556688e-01,1.178306e-04,9.682119e-05,1.388843e-03
4.175906e-04,6.957970e-04,3.367118e-03,8.714641e-03,1.903616e-02,2.947897e-03,7.471373e-04,3.823864e-04,9.641983e-04,4.631055e-04,6.235403e-03,9.548596e-01,1.005454e-04,8.582517e-05,9.826178e-04
3.920498e-04,5.546280e-04,2.469281e-03,6.168102e-03,2.697208e-02,7.137705e-03,1.210092e-02,5.865495e-03,8.907898e-04,4.049290e-04,6.667789e-03,9.294727e-01,1.131869e-04,9.882030e-05,6.914396e-04
5.331740e-04,1.082210e-03,2.276252e-03,4.379204e-03,5.447844e-02,9.567766e-03,1.310065e-02,7.179915e-03,2.771456e-03,4.844179e-04,1.083286e-02,8.923675e-01,1.451567e-04,2.569040e-04,5.440326e-04
1.097768e-03,1.458686e-03,3.150800e-03,3.096942e-03,4.974195e-02,9.218373e-03,1.147138e-02,5.504065e-03,3.380811e-03,3.032731e-03,4.718459e-02,8.600059e-01,4.889983e-04,6.143940e-04,5.525033e-04
1.282525e-03,1.260835e-03,2.800252e-03,2.244491e-03,5.056831e-02,8.011810e-03,9.242389e-03,4.241077e-03,4.156112e-03,2.661557e-03,1.466311e-01,7.645420e-01,1.215416e-03,6.844100e-04,4.576647e-04
4.644533e-03,5.812949e-03,1.083608e-02,2.086633e-03,8.755548e-02,8.065903e-03,7.906604e-03,4.930029e-03,5.745704e-03,4.146238e-03,2.333125e-01,6.186955e-01,3.574503e-03,1.126451e-03,1.560922e-03
8.174039e-03,4.905325e-03,1.033067e-02,1.565608e-03,8.308478e-02,2.282586e-02,8.128223e-03,5.784443e-03,6.286053e-03,3.527181e-03,3.661502e-01,4.705856e-01,6.301116e-03,9.731805e-04,1.377743e-03
1.043129e-02,5.880618e-03,1.181131e-02,1.279904e-03,7.802064e-02,5.122096e-02,7.851049e-03,6.368624e-03,5.790171e-03,3.334173e-03,4.613448e-01,3.464577e-01,7.752053e-03,8.553615e-04,1.601353e-03
1.099575e-02,4.523421e-03,8.974149e-03,1.140798e-03,8.633374e-02,4.046105e-02,6.637689e-03,7.931886e-03,4.613270e-03,2.488563e-03,5.288621e-01,2.799410e-01,1.515263e-02,6.610861e-04,1.282748e-03
1.007655e-02,3.382786e-03,6.556027e-03,9.494396e-04,1.214440e-01,3.051162e-02,5.200482e-03,7.543249e-03,3.686164e-03,1.778323e-03,5.760032e-01,2.153092e-01,1.605563e-02,5.280916e-04,9.751669e-04
1.327820e-02,2.470969e-03,4.732347e-03,9.356657e-04,1.039248e-01,2.329624e-02,4.505261e-03,2.426111e-02,2.880411e-03,1.269749e-03,6.140004e-01,1.862853e-01,1.642268e-02,1.007871e-03,7.289953e-04
2.560116e-02,1.829905e-03,3.409250e-03,9.444864e-04,7.525182e-02,2.297617e-02,4.154261e-03,3.694466e-02,2.692987e-03,9.647020e-04,5.209015e-01,2.381562e-01,6.346208e-02,2.052443e-03,6.583567e-04
2.735532e-02,1.432564e-03,2.609020e-03,1.356163e-03,5.566201e-02,2.575608e-02,3.315084e-03,3.243634e-02,3.204915e-03,9.237080e-04,3.965772e-01,2.485152e-01,1.960673e-01,3.689562e-03,1.099502e-03
2.566294e-02,1.165603e-03,2.036423e-03,1.122338e-03,4.000848e-02,3.628021e-02,2.596218e-03,3.236026e-02,3.041235e-03,6.993993e-04,2.891487e-01,3.255272e-01,2.344407e-01,4.840502e-03,1.069814e-03
2.687216e-02,9.173944e-04,1.515555e-03,9.494604e-04,3.041859e-02,3.369718e-02,2.175971e-03,3.378218e-02,2.613894e-03,5.089873e-04,2.233080e-01,4.464831e-01,1.889797e-01,6.934165e-03,8.436958e-04
2.536865e-02,1.086002e-03,1.737716e-03,8.193566e-04,2.596206e-02,2.718158e-02,1.662574e-03,3.442840e-02,4.592838e-03,4.140087e-04,1.600581e-01,5.505505e-01,1.590519e-01,6.336081e-03,7.502997e-04
2.577184e-02,9.574182e-04,2.401592e-03,7.653906e-04,2.061504e-02,2.588069e-02,1.315270e-03,3.705276e-02,4.737514e-03,3.304049e-04,1.219965e-01,6.306991e-01,1.203024e-01,6.528270e-03,6.457238e-04
2.131087e-02,7.044140e-04,2.527918e-03,5.892344e-04,1.528310e-02,2.123603e-02,1.130026e-03,3.568417e-02,3.467011e-03,2.448018e-04,9.320864e-02,7.103798e-01,8.764969e-02,6.116064e-03,4.681950e-04
2.421687e-02,6.454137e-04,3.325120e-03,5.209823e-04,1.272879e-02,2.305150e-02,1.303141e-03,2.711420e-02,2.730748e-03,1.960254e-04,6.884253e-02,7.643676e-01,6.513274e-02,5.460858e-03,3.634804e-04
2.501697e-02,5.553426e-04,3.842770e-03,5.128758e-04,1.164662e-02,5.693901e-02,1.511177e-03,2.047539e-02,2.155622e-03,1.632942e-04,5.171769e-02,7.739236e-01,4.667003e-02,4.562304e-03,3.072887e-04
4.849169e-02,8.817021e-04,6.518925e-03,7.101230e-04,1.165226e-02,1.392634e-01,3.627266e-03,1.720691e-02,2.658938e-03,3.419929e-04,4.238448e-02,6.804612e-01,3.978339e-02,5.236892e-03,7.809300e-04
5.026776e-02,1.420574e-03,7.226188e-03,9.737736e-04,1.039923e-02,2.152274e-01,6.263950e-03,1.400885e-02,3.564264e-03,4.471433e-04,3.096954e-02,5.952358e-01,5.834523e-02,4.206905e-03,1.443397e-03
5.409674e-02,2.571508e-03,8.571926e-03,1.180561e-03,1.272610e-02,1.856128e-01,1.530517e-02,1.388098e-02,8.688864e-03,6.125112e-04,2.330069e-02,5.688533e-01,9.865226e-02,3.444699e-03,2.501884e-03
4.283928e-02,4.550957e-03,1.085482e-02,1.044432e-03,1.495755e-02,1.324907e-01,2.294252e-02,1.446061e-02,2.131885e-02,6.563370e-04,1.700012e-02,6.028425e-01,1.092144e-01,2.480082e-03,2.346861e-03
3.967209e-02,5.952482e-03,2.095376e-02,9.459142e-04,2.004932e-02,9.574532e-02,2.771245e-02,1.474083e-02,2.619835e-02,7.800566e-04,1.277155e-02,5.873428e-01,1.421062e-01,1.847711e-03,3.181141e-03
4.130902e-02,1.510382e-02,1.885538e-02,3.762583e-03,1.842732e-02,1.802615e-01,2.040128e-02,1.192690e-02,3.698964e-02,1.075782e-03,1.232091e-02,4.480104e-01,1.861777e-01,1.585584e-03,3.792133e-03
4.168663e-02,1.332663e-02,1.503741e-02,3.525531e-03,2.079895e-02,1.402276e-01,2.062716e-02,1.470339e-02,6.500930e-02,1.683866e-03,1.448924e-02,3.625725e-01,2.803666e-01,1.752840e-03,4.192292e-03
4.025408e-02,1.055723e-02,1.177494e-02,3.862099e-03,1.888543e-02,1.057951e-01,1.658559e-02,1.755782e-02,5.800560e-02,2.067293e-03,1.706325e-02,3.236204e-01,3.678834e-01,1.883595e-03,4.204226e-03
3.254692e-02,7.580209e-03,9.586819e-03,4.759896e-03,1.690919e-02,7.834578e-02,1.563662e-02,1.810918e-02,4.638920e-02,3.209190e-03,2.778529e-02,3.494457e-01,3.846757e-01,1.517816e-03,3.502528e-03
2.496064e-02,5.467214e-03,7.476649e-03,4.532812e-03,1.409036e-02,5.714641e-02,1.488788e-02,1.383052e-02,3.916011e-02,5.714603e-03,3.995438e-02,4.068177e-01,3.615555e-01,1.197958e-03,3.207356e-03
1.862889e-02,3.922390e-03,5.836667e-03,4.449967e-03,1.337680e-02,4.101767e-02,1.108711e-02,1.071147e-02,3.623232e-02,5.283332e-03,6.312461e-02,3.468045e-01,4.283238e-01,1.114163e-03,1.008632e-02
1.378647e-02,2.851297e-03,6.625306e-03,3.558708e-03,1.368865e-02,2.919848e-02,8.680916e-03,1.290600e-02,3.928476e-02,5.334079e-03,6.519654e-02,2.632545e-01,5.034644e-01,1.059667e-03,3.111025e-02
1.100130e-02,2.204038e-03,1.166462e-02,3.729203e-03,1.411562e-02,2.109630e-02,7.140948e-03,1.945377e-02,4.374042e-02,8.947560e-03,6.169730e-02,2.084286e-01,5.415215e-01,1.094625e-03,4.416415e-02
8.516489e-03,1.688355e-03,1.215644e-02,3.344955e-03,1.561234e-02,1.496761e-02,5.514452e-03,5.709041e-02,4.340360e-02,8.263461e-03,9.589496e-02,1.753882e-01,5.207459e-01,1.017953e-03,3.639485e-02
8.418839e-03,1.427007e-03,1.384475e-02,2.965340e-03,4.438080e-02,1.076957e-02,6.422560e-03,1.327970e-01,9.189979e-02,6.572854e-03,8.297558e-02,1.300746e-01,4.311820e-01,7.936051e-04,3.547562e-02
7.619855e-03,1.238954e-03,1.236824e-02,4.938310e-03,4.419082e-02,8.474891e-03,4.628565e-03,3.296053e-01,8.684091e-02,4.901460e-03,6.120148e-02,9.440669e-02,3.138551e-01,5.812388e-04,2.514812e-02
1.142021e-02,1.248375e-03,1.176774e-02,4.153022e-03,4.040152e-02,8.752150e-03,3.701527e-03,4.661534e-01,9.081726e-02,3.658158e-03,4.528534e-02,6.858423e-02,2.257741e-01,4.243723e-04,1.785850e-02
2.315402e-02,2.440604e-03,1.244066e-02,3.971947e-03,4.693611e-02,1.030760e-02,4.264664e-03,4.922335e-01,1.456198e-01,2.901053e-03,3.294300e-02,4.970165e-02,1.596766e-01,3.422942e-04,1.306642e-02
3.450205e-02,9.228690e-03,1.705083e-02,6.222708e-03,6.088794e-02,1.121590e-02,7.736939e-03,4.674211e-01,1.993651e-01,2.366447e-03,2.369866e-02,3.691031e-02,1.134100e-01,2.781801e-04,9.705083e-03
3.881995e-02,9.466231e-03,1.936642e-02,5.057621e-03,5.385770e-02,9.523157e-03,4.900468e-02,5.026892e-01,1.756339e-01,2.418549e-03,1.698951e-02,2.681399e-02,8.140218e-02,2.638350e-04,8.692984e-03
6.982116e-02,2.192290e-02,2.005041e-02,6.278932e-03,6.539622e-02,1.707716e-02,6.215215e-02,3.912690e-01,2.362144e-01,2.709461e-03,1.230912e-02,2.078800e-02,6.433889e-02,2.863733e-04,9.385843e-03
6.546131e-02,1.842213e-02,1.572309e-02,5.438840e-03,5.663188e-02,1.547912e-02,2.018124e-01,3.122637e-01,2.231430e-01,2.457306e-03,8.914514e-03,1.580578e-02,5.025505e-02,3.265872e-04,7.865342e-03
6.871274e-02,1.583552e-02,1.179439e-02,4.921884e-03,6.055117e-02,1.352060e-02,2.606130e-01,2.434808e-01,2.514237e-01,2.507249e-03,6.530801e-03,1.258234e-02,3.898541e-02,3.191348e-04,8.221278e-03
7.517362e-02,1.500278e-02,8.771872e-03,4.994093e-03,6.324638e-02,1.103016e-02,3.064862e-01,1.818294e-01,2.800661e-01,2.638552e-03,4.899043e-03,1.000444e-02,2.911456e-02,2.656348e-04,6.477209e-03
1.064946e-01,1.306451e-02,6.487830e-03,4.973597e-03,5.827119e-02,1.040673e-02,3.436656e-01,1.449692e-01,2.600014e-01,5.529766e-03,3.802839e-03,9.919883e-03,2.450696e-02,3.293395e-04,7.576567e-03
1.477535e-01,1.403511e-02,5.201739e-03,6.542877e-03,7.470851e-02,1.016020e-02,3.282387e-01,1.147245e-01,2.493589e-01,8.124731e-03,3.546356e-03,1.078562e-02,1.898786e-02,3.823788e-04,7.449015e-03
1.581296e-01,2.059382e-02,5.644571e-03,5.891955e-03,7.557312e-02,8.923672e-03,2.861589e-01,1.030795e-01,2.939417e-01,7.565205e-03,3.038711e-03,9.307544e-03,1.507418e-02,6.185833e-04,6.458905e-03
1.732738e-01,2.349342e-02,4.989106e-03,5.283825e-03,7.768132e-02,9.241728e-03,2.429367e-01,8.921158e-02,3.366320e-01,6.548485e-03,2.725286e-03,8.268956e-03,1.306167e-02,6.997804e-04,5.952396e-03
2.128617e-01,2.318177e-02,4.494549e-03,4.486403e-03,6.549454e-02,1.002649e-02,1.999665e-01,7.320419e-02,3.718234e-01,5.949930e-03,2.720857e-03,7.675568e-03,1.127689e-02,8.601033e-04,5.977139e-03
2.751950e-01,2.097831e-02,4.225991e-03,4.061554e-03,5.409140e-02,1.200799e-02,1.709298e-01,6.270542e-02,3.618832e-01,5.954630e-03,2.569252e-03,7.405224e-03,1.155934e-02,9.616056e-04,5.471257e-03
3.989646e-01,1.707146e-02,4.617250e-03,5.069055e-03,4.296334e-02,1.357543e-02,1.559286e-01,4.941840e-02,2.735966e-01,5.235267e-03,2.927438e-03,1.035605e-02,1.296749e-02,1.031072e-03,6.277954e-03
4.794095e-01,1.406865e-02,3.981966e-03,5.376017e-03,3.366373e-02,1.645812e-02,1.583407e-01,3.765015e-02,2.090895e-01,4.946934e-03,3.139983e-03,1.141507e-02,1.451970e-02,1.031600e-03,6.908425e-03
1.000000e+00,0.000000e+00,0.000000e+00,0.000000e+00,0.000000e+00,0.000000e+00,0.000000e+00,0.000000e+00,0.000000e+00,0.000000e+00,0.000000e+00,0.000000e+00,0.000000e+00,0.000000e+00,0.000000e+00
4.847711e-01,1.581537e-02,4.297932e-03,6.666157e-03,2.548349e-02,2.678748e-02,2.122924e-01,2.776502e-02,1.247169e-01,4.361907e-03,1.987409e-02,2.107807e-02,1.478929e-02,1.354297e-03,9.946524e-03
3.482392e-01,1.273051e-02,3.671898e-03,5.622748e-03,2.390659e-02,2.278972e-02,2.605822e-01,2.335706e-02,9.120174e-02,1.058292e-02,5.959326e-02,2.022335e-02,2.344231e-02,2.766908e-03,9.128968e-02
