1.000000e+00,0.000000e+00,0.000000e+00,0.000000e+00,0.000000e+00,0.000000e+00,0.000000e+00,0.000000e+00,0.000000e+00,0.000000e+00,0.000000e+00,0.000000e+00,0.000000e+00,0.000000e+00,0.000000e+00
1.000000e+00,0.000000e+00,0.000000e+00,0.000000e+00,0.000000e+00,0.000000e+00,0.000000e+00,0.000000e+00,0.000000e+00,0.000000e+00,0.000000e+00,0.000000e+00,0.000000e+00,0.000000e+00,0.000000e+00
1.000000e+00,0.000000e+00,0.000000e+00,0.000000e+00,0.000000e+00,0.000000e+00,0.000000e+00,0.000000e+00,0.000000e+00,0.000000e+00,0.000000e+00,0.000000e+00,0.000000e+00,0.000000e+00,0.000000e+00
1.000000e+00,0.000000e+00,0.000000e+00,0.000000e+00,0.000000e+00,0.000000e+00,0.000000e+00,0.000000e+00,0.000000e+00,0.000000e+00,0.000000e+00,0.000000e+00,0.000000e+00,0.000000e+00,0.000000e+00
1.000000e+00,0.000000e+00,0.000000e+00,0.000000e+00,0.000000e+00,0.000000e+00,0.000000e+00,0.000000e+00,0.000000e+00,0.000000e+00,0.000000e+00,0.000000e+00,0.000000e+00,0.000000e+00,0.000000e+00
1.000000e+00,0.000000e+00,0.000000e+00,0.000000e+00,0.000000e+00,0.000000e+00,0.000000e+00,0.000000e+00,0.000000e+00,0.000000e+00,0.000000e+00,0.000000e+00,0.000000e+00,0.000000e+00,0.000000e+00
1.000000e+00,0.000000e+00,0.000000e+00,0.000000e+00,0.000000e+00,0.000000e+00,0.000000e+00,0.000000e+00,0.000000e+00,0.000000e+00,0.000000e+00,0.000000e+00,0.000000e+00,0.000000e+00,0.000000e+00
1.000000e+00,0.000000e+00,0.000000e+00,0.000000e+00,0.000000e+00,0.000000e+00,0.000000e+00,0.000000e+00,0.000000e+00,0.000000e+00,0.000000e+00,0.000000e+00,0.000000e+00,0.000000e+00,0.000000e+00
1.000000e+00,0.000000e+00,0.000000e+00,0.000000e+00,0.000000e+00,0.000000e+00,0.000000e+00,0.000000e+00,0.000000e+00,0.000000e+00,0.000000e+00,0.000000e+00,0.000000e+00,0.000000e+00,0.000000e+00
1.000000e+00,0.000000e+00,0.000000e+00,0.000000e+00,0.000000e+00,0.000000e+00,0.000000e+00,0.000000e+00,0.000000e+00,0.000000e+00,0.000000e+00,0.000000e+00,0.000000e+00,0.000000e+00,0.000000e+00
1.000000e+00,0.000000e+00,0.000000e+00,0.000000e+00,0.000000e+00,0.000000e+00,0.000000e+00,0.000000e+00,0.000000e+00,0.000000e+00,0.000000e+00,0.000000e+00,0.000000e+00,0.000000e+00,0.000000e+00
1.000000e+00,0.000000e+00,0.000000e+00,0.000000e+00,0.000000e+00,0.000000e+00,0.000000e+00,0.000000e+00,0.000000e+00,0.000000e+00,0.000000e+00,0.000000e+00,0.000000e+00,0.000000e+00,0.000000e+00
1.000000e+00,0.000000e+00,0.000000e+00,0.000000e+00,0.000000e+00,0.000000e+00,0.000000e+00,0.000000e+00,0.000000e+00,0.000000e+00,0.000000e+00,0.000000e+00,0.000000e+00,0.000000e+00,0.000000e+00
1.000000e+00,0.000000e+00,0.000000e+00,0.000000e+00,0.000000e+00,0.000000e+00,0.000000e+00,0.000000e+00,0.000000e+00,0.000000e+00,0.000000e+00,0.000000e+00,0.000000e+00,0.000000e+00,0.000000e+00
1.000000e+00,0.000000e+00,0.000000e+00,0.000000e+00,0.000000e+00,0.000000e+00,0.000000e+00,0.000000e+00,0.000000e+00,0.000000e+00,0.000000e+00,0.000000e+00,0.000000e+00,0.000000e+00,0.000000e+00
1.000000e+00,0.000000e+00,0.000000e+00,0.000000e+00,0.000000e+00,0.000000e+00,0.000000e+00,0.000000e+00,0.000000e+00,0.000000e+00,0.000000e+00,0.000000e+00,0.000000e+00,0.000000e+00,0.000000e+00
1.000000e+00,0.000000e+00,0.000000e+00,0.000000e+00,0.000000e+00,0.000000e+00,0.000000e+00,0.000000e+00,0.000000e+00,0.000000e+00,0.000000e+00,0.000000e+00,0.000000e+00,0.000000e+00,0.000000e+00
1.000000e+00,0.000000e+00,0.000000e+00,0.000000e+00,0.000000e+00,0.000000e+00,0.000000e+00,0.000000e+00,0.000000e+00,0.000000e+00,0.000000e+00,0.000000e+00,0.000000e+00,0.000000e+00,0.000000e+00
1.000000e+00,0.000000e+00,0.000000e+00,0.000000e+00,0.000000e+00,0.000000e+00,0.000000e+00,0.000000e+00,0.000000e+00,0.000000e+00,0.000000e+00,0.000000e+00,0.000000e+00,0.000000e+00,0.000000e+00
1.000000e+00,0.000000e+00,0.000000e+00,0.000000e+00,0.000000e+00,0.000000e+00,0.000000e+00,0.000000e+00,0.000000e+00,0.000000e+00,0.000000e+00,0.000000e+00,0.000000e+00,0.000000e+00,0.000000e+00
1.000000e+00,0.000000e+00,0.000000e+00,0.000000e+00,0.000000e+00,0.000000e+00,0.000000e+00,0.000000e+00,0.000000e+00,0.000000e+00,0.000000e+00,0.000000e+00,0.000000e+00,0.000000e+00,0.000000e+00
1.000000e+00,0.000000e+00,0.000000e+00,0.000000e+00,0.000000e+00,0.000000e+00,0.000000e+00,0.000000e+00,0.000000e+00,0.000000e+00,0.000000e+00,0.000000e+00,0.000000e+00,0.000000e+00,0.000000e+00
1.000000e+00,0.000000e+00,0.000000e+00,0.000000e+00,0.000000e+00,0.000000e+00,0.000000e+00,0.000000e+00,0.000000e+00,0.000000e+00,0.000000e+00,0.000000e+00,0.000000e+00,0.000000e+00,0.000000e+00
1.000000e+00,0.000000e+00,0.000000e+00,0.000000e+00,0.000000e+00,0.000000e+00,0.000000e+00,0.000000e+00,0.000000e+00,0.000000e+00,0.000000e+00,0.000000e+00,0.000000e+00,0.000000e+00,0.000000e+00
1.000000e+00,0.000000e+00,0.000000e+00,0.000000e+00,0.000000e+00,0.000000e+00,0.000000e+00,0.000000e+00,0.000000e+00,0.000000e+00,0.000000e+00,0.000000e+00,0.000000e+00,0.000000e+00,0.000000e+00
1.000000e+00,0.000000e+00,0.000000e+00,0.000000e+00,0.000000e+00,0.000000e+00,0.000000e+00,0.000000e+00,0.000000e+00,0.000000e+00,0.000000e+00,0.000000e+00,0.000000e+00,0.000000e+00,0.000000e+00
1.000000e+00,0.000000e+00,0.000000e+00,0.000000e+00,0.000000e+00,0.000000e+00,0.000000e+00,0.000000e+00,0.000000e+00,0.000000e+00,0.000000e+00,0.000000e+00,0.000000e+00,0.000000e+00,0.000000e+00
1.000000e+00,0.000000e+00,0.000000e+00,0.000000e+00,0.000000e+00,0.000000e+00,0.000000e+00,0.000000e+00,0.000000e+00,0.000000e+00,0.000000e+00,0.000000e+00,0.000000e+00,0.000000e+00,0.000000e+00
1.000000e+00,0.000000e+00,0.000000e+00,0.000000e+00,0.000000e+00,0.000000e+00,0.000000e+00,0.000000e+00,0.000000e+00,0.000000e+00,0.000000e+00,0.000000e+00,0.000000e+00,0.000000e+00,0.000000e+00
1.000000e+00,0.000000e+00,0.000000e+00,0.000000e+00,0.000000e+00,0.000000e+00,0.000000e+00,0.000000e+00,0.000000e+00,0.000000e+00,0.000000e+00,0.000000e+00,0.000000e+00,0.000000e+00,0.000000e+00
1.000000e+00,0.000000e+00,0.000000e+00,0.000000e+00,0.000000e+00,0.000000e+00,0.000000e+00,0.000000e+00,0.000000e+00,0.000000e+00,0.000000e+00,0.000000e+00,0.000000e+00,0.000000e+00,0.000000e+00
1.000000e+00,0.000000e+00,0.000000e+00,0.000000e+00,0.000000e+00,0.000000e+00,0.000000e+00,0.000000e+00,0.000000e+00,0.000000e+00,0.000000e+00,0.000000e+00,0.000000e+00,0.000000e+00,0.000000e+00
1.000000e+00,0.000000e+00,0.000000e+00,0.000000e+00,0.000000e+00,0.000000e+00,0.000000e+00,0.000000e+00,0.000000e+00,0.000000e+00,0.000000e+00,0.000000e+00,0.000000e+00,0.000000e+00,0.000000e+00
1.000000e+00,0.000000e+00,0.000000e+00,0.000000e+00,0.000000e+00,0.000000e+00,0.000000e+00,0.000000e+00,0.000000e+00,0.000000e+00,0.000000e+00,0.000000e+00,0.000000e+00,0.000000e+00,0.000000e+00
1.000000e+00,0.000000e+00,0.000000e+00,0.000000e+00,0.000000e+00,0.000000e+00,0.000000e+00,0.000000e+00,0.000000e+00,0.000000e+00,0.000000e+00,0.000000e+00,0.000000e+00,0.000000e+00,0.000000e+00
1.000000e+00,0.000000e+00,0.000000e+00,0.000000e+00,0.000000e+00,0.000000e+00,0.000000e+00,0.000000e+00,0.000000e+00,0.000000e+00,0.000000e+00,0.000000e+00,0.000000e+00,0.000000e+00,0.000000e+00
1.000000e+00,0.000000e+00,0.000000e+00,0.000000e+00,0.000000e+00,0.000000e+00,0.000000e+00,0.000000e+00,0.000000e+00,0.000000e+00,0.000000e+00,0.000000e+00,0.000000e+00,0.000000e+00,0.000000e+00
1.000000e+00,0.000000e+00,0.000000e+00,0.000000e+00,0.000000e+00,0.000000e+00,0.000000e+00,0.000000e+00,0.000000e+00,0.000000e+00,0.000000e+00,0.000000e+00,0.000000e+00,0.000000e+00,0.000000e+00
1.000000e+00,0.000000e+00,0.000000e+00,0.000000e+00,0.000000e+00,0.000000e+00,0.000000e+00,0.000000e+00,0.000000e+00,0.000000e+00,0.000000e+00,0.000000e+00,0.000000e+00,0.000000e+00,0.000000e+00
1.000000e+00,0.000000e+00,0.000000e+00,0.000000e+00,0.000000e+00,0.000000e+00,0.000000e+00,0.000000e+00,0.000000e+00,0.000000e+00,0.000000e+00,0.000000e+00,0.000000e+00,0.000000e+00,0.000000e+00
1.000000e+00,0.000000e+00,0.000000e+00,0.000000e+00,0.000000e+00,0.000000e+00,0.000000e+00,0.000000e+00,0.000000e+00,0.000000e+00,0.000000e+00,0.000000e+00,0.000000e+00,0.000000e+00,0.000000e+00
1.000000e+00,0.000000e+00,0.000000e+00,0.000000e+00,0.000000e+00,0.000000e+00,0.000000e+00,0.000000e+00,0.000000e+00,0.000000e+00,0.000000e+00,0.000000e+00,0.000000e+00,0.000000e+00,0.000000e+00
1.000000e+00,0.000000e+00,0.000000e+00,0.000000e+00,0.000000e+00,0.000000e+00,0.000000e+00,0.000000e+00,0.000000e+00,0.000000e+00,0.000000e+00,0.000000e+00,0.000000e+00,0.000000e+00,0.000000e+00
1.000000e+00,0.000000e+00,0.000000e+00,0.000000e+00,0.000000e+00,0.000000e+00,0.000000e+00,0.000000e+00,0.000000e+00,0.000000e+00,0.000000e+00,0.000000e+00,0.000000e+00,0.000000e+00,0.000000e+00
1.000000e+00,0.000000e+00,0.000000e+00,0.000000e+00,0.000000e+00,0.000000e+00,0.000000e+00,0.000000e+00,0.000000e+00,0.000000e+00,0.000000e+00,0.000000e+00,0.000000e+00,0.000000e+00,0.000000e+00
1.000000e+00,0.000000e+00,0.000000e+00,0.000000e+00,0.000000e+00,0.000000e+00,0.000000e+00,0.000000e+00,0.000000e+00,0.000000e+00,0.000000e+00,0.000000e+00,0.000000e+00,0.000000e+00,0.000000e+00
1.000000e+00,0.000000e+00,0.000000e+00,0.000000e+00,0.000000e+00,0.000000e+00,0.000000e+00,0.000000e+00,0.000000e+00,0.000000e+00,0.000000e+00,0.000000e+00,0.000000e+00,0.000000e+00,0.000000e+00
1.000000e+00,0.000000e+00,0.000000e+00,0.000000e+00,0.000000e+00,0.000000e+00,0.000000e+00,0.000000e+00,0.000000e+00,0.000000e+00,0.000000e+00,0.000000e+00,0.000000e+00,0.000000e+00,0.000000e+00
1.000000e+00,0.000000e+00,0.000000e+00,0.000000e+00,0.000000e+00,0.000000e+00,0.000000e+00,0.000000e+00,0.000000e+00,0.000000e+00,0.000000e+00,0.000000e+00,0.000000e+00,0.000000e+00,0.000000e+00
1.000000e+00,0.000000e+00,0.000000e+00,0.000000e+00,0.000000e+00,0.000000e+00,0.000000e+00,0.000000e+00,0.000000e+00,0.000000e+00,0.000000e+00,0.000000e+00,0.000000e+00,0.000000e+00,0.000000e+00
1.000000e+00,0.000000e+00,0.000000e+00,0.000000e+00,0.000000e+00,0.000000e+00,0.000000e+00,0.000000e+00,0.000000e+00,0.000000e+00,0.000000e+00,0.000000e+00,0.000000e+00,0.000000e+00,0.000000e+00
1.000000e+00,0.000000e+00,0.000000e+00,0.000000e+00,0.000000e+00,0.000000e+00,0.000000e+00,0.000000e+00,0.000000e+00,0.000000e+00,0.000000e+00,0.000000e+00,0.000000e+00,0.000000e+00,0.000000e+00
1.000000e+00,0.000000e+00,0.000000e+00,0.000000e+00,0.000000e+00,0.000000e+00,0.000000e+00,0.000000e+00,0.000000e+00,0.000000e+00,0.000000e+00,0.000000e+00,0.000000e+00,0.000000e+00,0.000000e+00
1.000000e+00,0.000000e+00,0.000000e+00,0.000000e+00,0.000000e+00,0.000000e+00,0.000000e+00,0.000000e+00,0.000000e+00,0.000000e+00,0.000000e+00,0.000000e+00,0.000000e+00,0.000000e+00,0.000000e+00
4.155132e-01,9.005648e-03,1.946075e-02,3.056496e-02,4.117372e-03,1.305968e-02,6.507525e-03,4.470527e-01,2.849508e-03,1.052566e-03,5.935341e-03,2.030722e-02,1.484507e-02,1.901084e-03,7.827467e-03
3.935393e-01,8.704796e-03,1.668868e-02,2.646492e-02,4.163900e-03,1.409178e-02,8.059431e-03,4.624313e-01,2.899826e-03,1.305030e-03,8.629380e-03,2.041438e-02,1.956136e-02,2.867567e-03,1.017840e-02
4.273055e-01,1.406461e-02,1.415065e-02,3.056211e-02,4.436241e-03,1.956410e-02,8.033452e-03,3.866999e-01,5.234247e-03,1.756074e-03,1.119900e-02,2.416496e-02,3.686440e-02,3.320846e-03,1.264387e-02
4.721752e-01,1.731630e-02,1.227402e-02,2.989190e-02,4.118593e-03,2.658945e-02,6.824780e-03,2.884803e-01,7.439945e-03,2.103655e-03,1.140523e-02,2.250113e-02,8.324290e-02,2.748927e-03,1.288762e-02
4.843512e-01,2.155156e-02,1.134039e-02,3.134615e-02,3.498990e-03,3.860741e-02,5.761745e-03,2.092292e-01,7.453787e-03,2.625046e-03,9.792771e-03,1.937075e-02,1.393841e-01,2.226066e-03,1.346082e-02
4.010361e-01,1.860738e-02,8.397522e-03,2.451719e-02,2.957170e-03,4.041886e-02,4.879449e-03,1.493911e-01,8.047386e-03,2.471826e-03,7.967178e-03,1.534150e-02,2.999431e-01,1.695632e-03,1.432868e-02
3.105334e-01,1.628090e-02,6.012014e-03,1.798986e-02,2.439735e-03,3.278280e-02,3.613062e-03,1.051097e-01,1.250658e-02,1.853989e-03,6.251188e-03,1.288042e-02,4.580739e-01,1.295776e-03,1.237682e-02
2.252553e-01,1.470005e-02,4.269573e-03,1.311553e-02,1.899663e-03,2.591607e-02,2.619663e-03,7.387297e-02,1.907491e-02,1.363586e-03,4.941687e-03,1.123501e-02,5.894711e-01,9.757360e-04,1.128918e-02
1.599192e-01,1.348413e-02,3.077477e-03,9.345895e-03,1.456490e-03,2.062084e-02,1.934542e-03,5.190579e-02,2.866760e-02,9.894194e-04,4.535931e-03,1.052764e-02,6.814471e-01,8.519591e-04,1.123600e-02
1.130488e-01,1.394770e-02,2.284238e-03,6.776222e-03,1.136054e-03,1.962548e-02,1.431041e-03,3.645692e-02,5.076829e-02,7.481218e-04,5.046242e-03,1.038045e-02,7.253791e-01,8.497442e-04,1.212157e-02
7.949801e-02,1.673957e-02,1.718156e-03,5.281155e-03,9.478020e-04,2.180365e-02,1.091940e-03,2.564894e-02,9.296348e-02,5.906768e-04,5.220191e-03,1.114304e-02,7.248892e-01,1.259461e-03,1.120476e-02
5.625074e-02,3.436062e-02,1.304337e-03,3.889949e-03,9.503288e-04,3.116499e-02,8.371093e-04,1.802492e-02,1.864675e-01,4.331058e-04,4.551623e-03,1.048178e-02,6.417028e-01,1.153476e-03,8.426759e-03
3.988587e-02,3.877548e-02,9.635980e-04,2.834048e-03,8.403919e-04,3.494346e-02,6.415712e-04,1.267236e-02,2.739284e-01,3.170791e-04,3.933291e-03,1.047318e-02,5.726133e-01,8.994784e-04,6.278460e-03
2.820647e-02,4.053631e-02,8.716200e-04,2.568773e-03,1.086519e-03,4.198188e-02,5.112886e-04,8.991927e-03,3.265010e-01,2.606826e-04,3.295551e-03,9.893833e-03,5.296270e-01,7.208714e-04,4.946332e-03
1.999880e-02,5.220726e-02,8.674753e-04,2.216532e-03,1.459370e-03,4.366950e-02,4.278064e-04,6.373859e-03,3.918996e-01,2.337530e-04,2.606711e-03,9.812728e-03,4.632811e-01,5.546311e-04,4.390852e-03
1.434250e-02,7.565993e-02,1.695216e-03,9.121289e-03,4.366410e-03,5.797055e-02,4.792097e-04,5.154872e-03,4.583306e-01,2.423719e-04,1.952074e-03,7.823793e-03,3.584409e-01,4.205016e-04,3.999716e-03
1.055822e-02,6.680781e-02,1.377379e-03,1.914754e-02,6.064484e-03,8.790879e-02,8.331548e-04,5.454389e-03,5.308318e-01,2.682105e-04,1.521772e-03,6.245557e-03,2.589118e-01,3.088340e-04,3.760151e-03
8.421781e-03,8.295772e-02,1.126357e-03,2.990783e-02,6.899571e-03,1.518037e-01,8.292871e-04,5.014590e-03,5.094521e-01,4.785690e-04,1.322507e-03,5.080116e-03,1.876529e-01,2.886558e-04,8.764417e-03
6.389701e-03,1.982113e-01,8.773113e-04,2.213319e-02,6.782854e-03,1.463697e-01,6.251056e-04,3.717234e-03,4.615233e-01,8.305368e-04,1.245396e-03,4.306279e-03,1.332057e-01,2.824307e-04,1.349992e-02
4.942792e-03,2.077729e-01,1.156054e-03,5.941952e-02,8.452895e-03,1.376043e-01,6.427438e-04,8.128267e-03,4.443629e-01,1.792440e-03,1.278706e-03,3.866033e-03,9.422758e-02,2.558987e-04,2.609693e-02
8.006442e-03,1.694358e-01,2.576684e-03,1.244806e-01,1.292311e-02,1.404353e-01,7.186222e-04,1.097071e-02,3.472064e-01,8.018050e-03,1.426921e-02,5.561933e-03,6.999923e-02,2.025364e-03,8.337252e-02
6.156159e-03,1.281717e-01,2.783269e-03,1.101507e-01,9.775083e-03,1.040991e-01,5.288817e-04,1.079100e-02,3.330068e-01,1.637267e-02,2.936549e-02,5.910892e-03,5.772978e-02,2.536763e-03,1.826218e-01
4.897980e-03,9.343065e-02,5.500033e-03,9.813862e-02,7.455152e-03,7.640269e-02,3.903497e-04,1.050979e-02,4.116854e-01,1.982923e-02,3.331000e-02,4.863876e-03,4.289109e-02,3.513240e-03,1.871819e-01
3.817850e-03,6.803820e-02,5.353183e-03,7.553402e-02,5.675789e-03,5.648998e-02,3.693168e-04,9.406758e-03,4.170704e-01,1.852891e-02,8.427757e-02,1.262576e-02,6.084689e-02,1.409803e-02,1.678672e-01
3.506145e-03,4.916677e-02,4.895521e-03,6.195278e-02,6.527211e-03,4.176193e-02,4.005794e-04,7.802335e-03,3.418821e-01,1.639135e-02,1.044857e-01,1.726257e-02,1.814507e-01,2.241882e-02,1.400955e-01
3.549739e-03,3.660829e-02,4.021358e-03,4.683958e-02,5.248807e-03,3.258957e-02,5.028246e-04,6.595429e-03,2.765535e-01,1.436030e-02,8.644785e-02,1.818815e-02,3.391521e-01,1.781783e-02,1.115246e-01
5.894144e-03,3.200102e-02,6.895510e-03,3.543819e-02,5.068381e-03,3.194311e-02,8.857087e-04,8.874178e-03,2.237356e-01,1.788532e-02,8.748741e-02,3.266335e-02,3.896545e-01,2.865101e-02,9.292251e-02
6.810797e-03,2.705832e-02,8.200033e-03,2.695050e-02,4.480146e-03,3.657013e-02,1.141850e-03,8.111384e-03,1.737812e-01,2.245823e-02,7.872131e-02,9.688386e-02,3.901919e-01,4.533792e-02,7.330240e-02
6.934042e-03,2.586329e-02,9.515977e-03,2.042631e-02,4.454089e-03,3.363034e-02,1.371368e-03,7.629536e-03,1.491961e-01,3.553006e-02,8.309415e-02,1.358587e-01,3.481457e-01,6.044190e-02,7.790856e-02
6.744009e-03,2.206863e-02,7.765143e-03,1.534930e-02,4.819802e-03,2.842158e-02,1.452130e-03,6.666405e-03,1.439142e-01,3.234873e-02,8.210292e-02,2.292563e-01,2.823849e-01,6.322943e-02,7.347655e-02
8.144009e-03,2.052023e-02,7.342667e-03,1.221226e-02,1.580446e-02,2.305599e-02,1.984874e-03,9.026266e-03,1.791894e-01,2.906212e-02,7.724549e-02,2.737090e-01,2.334740e-01,4.891191e-02,6.031744e-02
7.564293e-03,1.547969e-02,5.489598e-03,8.984214e-03,1.324921e-02,1.836055e-02,1.874125e-03,8.124227e-03,1.458789e-01,2.240324e-02,1.012060e-01,3.891668e-01,1.821314e-01,3.669583e-02,4.339194e-02
6.323206e-03,1.295865e-02,4.225763e-03,6.539074e-03,1.220091e-02,1.481706e-02,1.685156e-03,7.239241e-03,1.328713e-01,1.679520e-02,8.750827e-02,5.069563e-01,1.321245e-01,2.693870e-02,3.081672e-02
4.755614e-03,9.963725e-03,3.195603e-03,4.619465e-03,9.319109e-03,1.224249e-02,1.319395e-03,5.696338e-03,1.068650e-01,1.219870e-02,7.406645e-02,6.202013e-01,9.453295e-02,1.935951e-02,2.166432e-02
4.005264e-03,8.171225e-03,2.763563e-03,3.300864e-03,9.380357e-03,9.997437e-03,1.397274e-03,5.231025e-03,1.008689e-01,9.992722e-03,7.648925e-02,6.697685e-01,6.936696e-02,1.397956e-02,1.528709e-02
2.976613e-03,5.925434e-03,2.022002e-03,2.326384e-03,6.992221e-03,7.531933e-03,1.085281e-03,3.901459e-03,8.032063e-02,7.316541e-03,5.726082e-02,7.518274e-01,4.979053e-02,9.997978e-03,1.072480e-02
2.620693e-03,4.557216e-03,1.882249e-03,1.654659e-03,1.123793e-02,5.644558e-03,1.040229e-03,5.337881e-03,9.822293e-02,5.510800e-03,4.137807e-02,7.698948e-01,3.627716e-02,7.199958e-03,7.540877e-03
2.213561e-03,3.438892e-03,1.497620e-03,1.180181e-03,1.126319e-02,4.140412e-03,9.208812e-04,5.359575e-03,1.026577e-01,4.039526e-03,2.991016e-02,7.965871e-01,2.630704e-02,5.185580e-03,5.298589e-03
2.464037e-03,3.840647e-03,1.526537e-03,8.721108e-04,1.628921e-02,3.152245e-03,7.738451e-04,9.342347e-03,1.873955e-01,3.642302e-03,2.236870e-02,7.213829e-01,1.947897e-02,3.732373e-03,3.738328e-03
2.561925e-03,4.061938e-03,1.422852e-03,6.426130e-04,1.863642e-02,2.823494e-03,8.049632e-04,1.329781e-02,2.976046e-01,3.314411e-03,1.640827e-02,6.187181e-01,1.436330e-02,2.700167e-03,2.639212e-03
2.349549e-03,3.931681e-03,1.214989e-03,5.071469e-04,1.497015e-02,2.349244e-03,8.314948e-04,1.293648e-02,2.710206e-01,3.665357e-03,1.351185e-02,6.584519e-01,1.038129e-02,1.992855e-03,1.885455e-03
2.677677e-03,5.463698e-03,1.934104e-03,4.235684e-04,1.760365e-02,4.625133e-03,1.033003e-03,1.772760e-02,2.747605e-01,3.501407e-03,1.363168e-02,6.458129e-01,7.932208e-03,1.495137e-03,1.377702e-03
5.445139e-03,8.700028e-03,3.122447e-03,5.061098e-04,3.002557e-02,1.129383e-02,1.877663e-03,3.721524e-02,3.683266e-01,3.431150e-03,1.121106e-02,5.102597e-01,6.399441e-03,1.121885e-03,1.064129e-03
2.373694e-02,1.080049e-02,2.111334e-02,1.362926e-03,6.650762e-02,2.885321e-02,6.088098e-03,1.133718e-01,3.318270e-01,4.839912e-03,1.170141e-02,3.715854e-01,5.404628e-03,1.475170e-03,1.332099e-03
3.575688e-02,1.447112e-02,2.899918e-02,2.570275e-03,1.264722e-01,3.662409e-02,1.082295e-02,1.257734e-01,3.246508e-01,5.374667e-03,1.116932e-02,2.691036e-01,4.961283e-03,1.727105e-03,1.523114e-03
5.134877e-02,2.225619e-02,3.434815e-02,3.780048e-03,1.385747e-01,4.973999e-02,1.607157e-02,1.154883e-01,3.527799e-01,5.096054e-03,9.998740e-03,1.926997e-01,4.232720e-03,1.652365e-03,1.932890e-03
5.672655e-02,5.332267e-02,2.812553e-02,3.727658e-03,1.417578e-01,7.169616e-02,1.307883e-02,9.204297e-02,3.825992e-01,4.158026e-03,7.806624e-03,1.372473e-01,3.447053e-03,2.060839e-03,2.202814e-03
5.251271e-02,5.151579e-02,3.192179e-02,7.568902e-03,1.604160e-01,6.321409e-02,1.072882e-02,1.653757e-01,3.410383e-01,4.426518e-03,5.885090e-03,9.732886e-02,3.238588e-03,1.948346e-03,2.880428e-03
5.275454e-02,4.138714e-02,2.842837e-02,7.387551e-03,1.341038e-01,4.777771e-02,8.757946e-03,3.180226e-01,2.789681e-01,3.337414e-03,4.214858e-03,6.828902e-02,2.555204e-03,1.566113e-03,2.449614e-03
4.525990e-02,3.454988e-02,2.360981e-02,6.082714e-03,1.016376e-01,3.409299e-02,6.872938e-03,4.724785e-01,2.172878e-01,2.379293e-03,2.970393e-03,4.783988e-02,1.905021e-03,1.218450e-03,1.814730e-03
4.370579e-02,4.143723e-02,1.780718e-02,4.881947e-03,8.481658e-02,2.517021e-02,5.514374e-03,5.265492e-01,2.085859e-01,1.726552e-03,2.157088e-03,3.363867e-02,1.390669e-03,1.199974e-03,1.418544e-03
4.601187e-02,3.689824e-02,1.298176e-02,3.586977e-03,6.596663e-02,1.849373e-02,4.122898e-03,6.140347e-01,1.671791e-01,1.262169e-03,1.596820e-03,2.371798e-02,1.053321e-03,1.775271e-03,1.318510e-03
3.572942e-02,2.687675e-02,9.756311e-03,2.636203e-03,5.126610e-02,1.311494e-02,3.152125e-03,7.153397e-01,1.202845e-01,9.003700e-04,1.145746e-03,1.665764e-02,7.734186e-04,1.375652e-03,9.910621e-04
2.904607e-02,1.928356e-02,7.385373e-03,2.010476e-03,3.951286e-02,9.493344e-03,2.296564e-03,7.892500e-01,8.616266e-02,6.549659e-04,8.185136e-04,1.168793e-02,5.789296e-04,1.069814e-03,7.488480e-04
2.623903e-02,1.510330e-02,5.630436e-03,1.974448e-03,3.978333e-02,6.866566e-03,1.730649e-03,8.265514e-01,6.497035e-02,4.755215e-04,5.928513e-04,8.198460e-03,4.248192e-04,8.844254e-04,5.743618e-04
6.490482e-02,1.176522e-02,4.831672e-03,2.176280e-03,2.951154e-02,5.879512e-03,1.576045e-03,8.158978e-01,5.281456e-02,4.986706e-04,7.230492e-04,6.002326e-03,5.575933e-04,1.712676e-03,1.148213e-03
7.754076e-02,8.546960e-03,3.961758e-03,2.162460e-03,2.114394e-02,5.707634e-03,1.415626e-03,8.326821e-01,3.844971e-02,3.850383e-04,6.275374e-04,4.503209e-03,5.447814e-04,1.261876e-03,1.066622e-03
7.070644e-02,6.093652e-03,3.067628e-03,1.832136e-03,1.497222e-02,4.802490e-03,1.108201e-03,8.636736e-01,2.730220e-02,3.047769e-04,5.345321e-04,3.340230e-03,4.905442e-04,9.009083e-04,8.705097e-04
1.277847e-01,4.509164e-03,2.527273e-03,2.554188e-03,1.074420e-02,6.968957e-03,1.015423e-03,8.023165e-01,2.031551e-02,2.928489e-04,1.369270e-03,9.126494e-03,8.320129e-03,1.049218e-03,1.106068e-03
2.639487e-01,4.035738e-03,3.169139e-03,7.661054e-03,8.888841e-03,8.950967e-03,1.837589e-03,6.441076e-01,1.685720e-02,4.996079e-04,2.400738e-03,1.276457e-02,2.058865e-02,2.312083e-03,1.977485e-03
4.120639e-01,4.133672e-03,3.128390e-03,1.132624e-02,7.052883e-03,1.145435e-02,2.145945e-03,4.698618e-01,1.691967e-02,7.137234e-04,3.538674e-03,2.175399e-02,2.873652e-02,2.396789e-03,4.773378e-03
3.867851e-01,4.679829e-03,2.848804e-03,9.889075e-03,5.789912e-03,2.481800e-02,2.570226e-03,3.346949e-01,1.943420e-02,1.928341e-03,5.228702e-03,1.496006e-01,4.492356e-02,2.087303e-03,4.721351e-03
3.555025e-01,4.827555e-03,2.505692e-03,7.866055e-03,4.560070e-03,2.845207e-02,2.693361e-03,2.392225e-01,1.776179e-02,3.024829e-03,5.912488e-03,2.748446e-01,4.596703e-02,1.881146e-03,4.978232e-03
3.151771e-01,4.128722e-03,1.959739e-03,5.818984e-03,3.667837e-03,2.313638e-02,2.315720e-03,1.687974e-01,1.447985e-02,3.434931e-03,5.313750e-03,4.059002e-01,3.976397e-02,1.837627e-03,4.267752e-03
2.314872e-01,3.101647e-03,1.416828e-03,4.121461e-03,2.674952e-03,1.683378e-02,1.841286e-03,1.183911e-01,1.064493e-02,3.323533e-03,4.255656e-03,5.658146e-01,3.138807e-02,1.542680e-03,3.162166e-03
1.766557e-01,2.728541e-03,1.129668e-03,2.968296e-03,2.214032e-03,1.215636e-02,1.627418e-03,8.295292e-02,8.856320e-03,1.340798e-02,1.344061e-02,6.530993e-01,2.457873e-02,1.834878e-03,2.349280e-03
1.277154e-01,2.646447e-03,1.101725e-03,2.146627e-03,4.699884e-03,8.841160e-03,1.211271e-03,5.827517e-02,1.391686e-02,1.772725e-02,1.200047e-02,7.266866e-01,1.971349e-02,1.640935e-03,1.676686e-03
9.663185e-02,2.267616e-03,8.986329e-04,1.554504e-03,4.220316e-03,6.330539e-03,8.965288e-04,4.121142e-02,1.181253e-02,1.800783e-02,1.742745e-02,7.787840e-01,1.701589e-02,1.740137e-03,1.200731e-03
7.121589e-02,1.924683e-03,7.490255e-04,1.113122e-03,3.334211e-03,4.497645e-03,6.428153e-04,2.918835e-02,9.726652e-03,2.116810e-02,8.626298e-02,7.531153e-01,1.418875e-02,2.009120e-03,8.633625e-04
5.054105e-02,1.549715e-03,6.134119e-04,7.974695e-04,2.582018e-03,3.172502e-03,4.540689e-04,2.054391e-02,7.662231e-03,1.703207e-02,9.584009e-02,7.867696e-01,1.027642e-02,1.552307e-03,6.131018e-04
3.631560e-02,3.682527e-02,1.240552e-01,4.364350e-03,6.254585e-03,2.516244e-03,3.970387e-04,4.449823e-02,3.650628e-02,1.290243e-02,6.816264e-02,6.183262e-01,7.311593e-03,1.111897e-03,4.524509e-04
2.679250e-02,1.791116e-01,9.119377e-02,5.128296e-03,1.719618e-02,2.093389e-03,5.026784e-04,3.719412e-02,1.341359e-01,1.003538e-02,5.057199e-02,4.396530e-01,5.232534e-03,7.826852e-04,3.760482e-04
1.955689e-02,1.500028e-01,1.095698e-01,2.390411e-02,9.653191e-02,2.651482e-03,4.214412e-03,4.020506e-02,1.897683e-01,1.022159e-02,3.584825e-02,3.128840e-01,3.757023e-03,5.578469e-04,3.266112e-04
2.367177e-02,2.344672e-01,9.035074e-02,3.988902e-02,1.433239e-01,5.287658e-03,4.569977e-03,3.084712e-02,1.626197e-01,8.551982e-03,2.754077e-02,2.238463e-01,3.254369e-03,5.061467e-04,1.273568e-03
2.934827e-02,3.102971e-01,7.033896e-02,4.082314e-02,1.963755e-01,4.501321e-03,3.996563e-03,2.323001e-02,1.255915e-01,6.667475e-03,2.600818e-02,1.583996e-01,2.656942e-03,5.165662e-04,1.248970e-03
2.645056e-02,3.436056e-01,6.078613e-02,5.730495e-02,2.563133e-01,4.485652e-03,3.453697e-03,1.760318e-02,8.923833e-02,4.826831e-03,2.081713e-02,1.115328e-01,2.088665e-03,4.910676e-04,1.002152e-03
4.387701e-02,3.149970e-01,5.097286e-02,6.253900e-02,3.057906e-01,6.892453e-03,2.944676e-03,1.442714e-02,6.790499e-02,4.024598e-03,4.045619e-02,8.073727e-02,1.930972e-03,1.561151e-03,9.440606e-04
5.683341e-02,2.695850e-01,4.578902e-02,6.210023e-02,3.760402e-01,9.087471e-03,2.304192e-03,1.152371e-02,5.136763e-02,3.605211e-03,4.692448e-02,5.954167e-02,2.166345e-03,2.218674e-03,9.127700e-04
8.157456e-02,2.154866e-01,3.613654e-02,7.098924e-02,4.185930e-01,2.042062e-02,1.787939e-03,1.252538e-02,3.900767e-02,2.719110e-03,4.282699e-02,4.986019e-02,2.788387e-03,4.093839e-03,1.189994e-03
5.971712e-02,1.524140e-01,2.590985e-02,5.053756e-02,2.933832e-01,1.563826e-02,1.269976e-03,8.926982e-03,2.746557e-02,2.121561e-03,2.979980e-01,5.382483e-02,2.084585e-03,7.847747e-03,8.608302e-04
4.221198e-02,1.073223e-01,1.829493e-02,3.544499e-02,2.053907e-01,1.103330e-02,8.945494e-04,6.281014e-03,1.952765e-02,1.533526e-03,4.947266e-01,4.787982e-02,1.521907e-03,7.261014e-03,6.757324e-04
2.979077e-02,7.546496e-02,1.292574e-02,2.494707e-02,1.440724e-01,9.251518e-03,6.454338e-04,4.417053e-03,1.400021e-02,1.163739e-03,6.273087e-01,4.675087e-02,1.196594e-03,7.236242e-03,8.287383e-04
2.101044e-02,5.334202e-02,9.238090e-03,1.756178e-02,1.012947e-01,7.914465e-03,4.705967e-04,3.100565e-03,1.013819e-02,1.004985e-03,7.154396e-01,5.037533e-02,1.108622e-03,6.730647e-03,1.270062e-03
1.484654e-02,3.745048e-02,6.537922e-03,1.239850e-02,7.104808e-02,6.975768e-03,3.453835e-04,2.178780e-03,7.354505e-03,9.035710e-04,7.642474e-01,6.814466e-02,1.013223e-03,5.385964e-03,1.169260e-03
1.047570e-02,2.645069e-02,4.617407e-03,8.783331e-03,4.985144e-02,5.720941e-03,2.636516e-04,1.528630e-03,5.332960e-03,7.445873e-04,8.171152e-01,6.301741e-02,7.939007e-04,4.213224e-03,1.090985e-03
7.385038e-03,1.870115e-02,3.252201e-03,6.320893e-03,3.539897e-02,4.344943e-03,2.161625e-04,1.077481e-03,4.059474e-03,7.807839e-04,8.527532e-01,6.083217e-02,6.505830e-04,3.285771e-03,9.411691e-04
5.271396e-03,1.315132e-02,2.307108e-03,4.459827e-03,2.572956e-02,3.517113e-03,3.464648e-04,7.956839e-04,3.699602e-03,7.927993e-04,8.787038e-01,5.737045e-02,5.756597e-04,2.514507e-03,7.646810e-04
4.048937e-03,9.694844e-03,1.763340e-03,3.198839e-03,1.902186e-02,4.257536e-03,5.054088e-04,8.950510e-04,5.399928e-03,8.330600e-04,8.593639e-01,8.755235e-02,5.878847e-04,2.046530e-03,8.305694e-04
2.925129e-03,8.366627e-03,1.413497e-03,2.268905e-03,1.377111e-02,4.277118e-03,4.875799e-04,8.927775e-04,8.717466e-03,9.532962e-04,7.954609e-01,1.566233e-01,1.168143e-03,1.895992e-03,7.780837e-04
2.364378e-03,9.346485e-03,1.511633e-03,2.044734e-03,1.140036e-02,1.544073e-02,1.578158e-03,8.560820e-03,3.539124e-02,1.432051e-03,6.839824e-01,2.232330e-01,1.238078e-03,1.668606e-03,8.073348e-04
2.255518e-03,9.956066e-03,1.464172e-03,1.567113e-03,1.513917e-02,1.204228e-02,2.218021e-03,9.855438e-03,1.615509e-01,1.158125e-03,5.827324e-01,1.968583e-01,1.182057e-03,1.291872e-03,7.285478e-04
2.041313e-03,5.515298e-02,2.174075e-03,1.157395e-03,1.392191e-02,1.031398e-02,1.938651e-03,7.595724e-03,3.108172e-01,9.991399e-04,4.491312e-01,1.415814e-01,1.359114e-03,1.051976e-03,7.640546e-04
1.674658e-03,1.181806e-01,3.333286e-03,8.959009e-04,1.290982e-02,1.021419e-02,1.851271e-03,7.485587e-03,4.157951e-01,1.049492e-03,3.226967e-01,1.009332e-01,1.461337e-03,8.695513e-04,6.493130e-04
1.377999e-03,1.280518e-01,3.696239e-03,1.074945e-03,2.326464e-02,8.476199e-03,1.374001e-03,5.767055e-03,5.262316e-01,9.751008e-04,2.264676e-01,7.075938e-02,1.133546e-03,6.445658e-04,7.053699e-04
1.870882e-03,1.329984e-01,3.640489e-03,1.270948e-03,5.248852e-02,8.917990e-03,1.315492e-03,4.866668e-03,5.809253e-01,8.982888e-04,1.589869e-01,4.966531e-02,9.549112e-04,4.761082e-04,7.238254e-04
2.610835e-03,1.032196e-01,2.732181e-03,1.163752e-03,8.307339e-02,7.675422e-03,1.203569e-03,5.101902e-03,6.439646e-01,7.304299e-04,1.115577e-01,3.483780e-02,9.162154e-04,3.545333e-04,8.580213e-04
3.136791e-03,1.228001e-01,5.043127e-03,2.443698e-02,7.905867e-02,7.003289e-03,9.512288e-04,6.746053e-03,6.299996e-01,2.167399e-03,7.948843e-02,2.520645e-02,2.075010e-03,2.877880e-04,1.159902e-02
7.692189e-03,1.040424e-01,6.820818e-03,2.279298e-02,1.175683e-01,5.882356e-03,9.681407e-04,1.651911e-02,6.238202e-01,2.846961e-03,5.625593e-02,1.807771e-02,2.030861e-03,2.837722e-04,1.439816e-02
9.547045e-03,8.506782e-02,6.799917e-03,1.887353e-02,1.104177e-01,4.727901e-03,7.522995e-04,1.485537e-02,4.701815e-01,6.935490e-03,4.031883e-02,1.332317e-02,3.180942e-03,4.789924e-04,2.145395e-01
1.503237e-02,6.795581e-02,5.675379e-03,1.635942e-02,1.686343e-01,4.246654e-03,6.306496e-04,1.490954e-02,3.739091e-01,8.101704e-03,2.959091e-02,9.884921e-03,3.506586e-03,7.049205e-04,2.808577e-01
5.444348e-02,5.322145e-02,4.816165e-03,1.643568e-02,1.873698e-01,3.789878e-03,6.244727e-04,1.981625e-02,3.188732e-01,1.089850e-02,2.259831e-02,7.784744e-03,4.139699e-03,1.884372e-03,2.933040e-01
7.959942e-02,4.797691e-02,4.996779e-03,1.686678e-02,2.070460e-01,4.648008e-03,1.288040e-03,1.747262e-02,3.032455e-01,1.280373e-02,2.070477e-02,7.679069e-03,6.174705e-03,2.183517e-03,2.673141e-01
6.629293e-02,5.693127e-02,4.746552e-03,1.855990e-02,1.674651e-01,4.200170e-03,1.248723e-03,1.303111e-02,3.212391e-01,2.690567e-02,1.843455e-02,6.766133e-03,6.492010e-03,1.987814e-03,2.856990e-01
5.422808e-02,6.959032e-02,4.803260e-03,3.587950e-02,1.242943e-01,5.339378e-03,1.776103e-03,9.936064e-03,2.773866e-01,4.705600e-02,1.493552e-02,5.761499e-03,1.012461e-02,3.432188e-03,3.354568e-01
4.212612e-02,7.958671e-02,4.082650e-03,3.940238e-02,9.001762e-02,7.370014e-03,1.375348e-03,7.262494e-03,2.289674e-01,6.871022e-02,1.336153e-02,6.034961e-03,1.119935e-02,4.891983e-03,3.956113e-01
3.418837e-02,7.222322e-02,5.030045e-03,5.601958e-02,6.818542e-02,7.910132e-03,1.107306e-03,6.255187e-03,1.920135e-01,5.871192e-02,4.122203e-02,1.290116e-02,3.189736e-02,8.912425e-03,4.034224e-01
2.827991e-02,6.575479e-02,7.683611e-03,5.833326e-02,5.167026e-02,6.948694e-03,1.074026e-03,6.865609e-03,2.075402e-01,4.989704e-02,6.388372e-02,1.620910e-02,2.909550e-02,4.000361e-02,3.667606e-01
2.148305e-02,5.709755e-02,7.323515e-03,4.334154e-02,3.708076e-02,5.535124e-03,8.297882e-04,5.180714e-03,1.832625e-01,4.667767e-02,4.989545e-02,1.225184e-02,2.159415e-02,8.417086e-02,4.242756e-01
6.120630e-02,6.110895e-02,5.977395e-03,3.312389e-02,2.866353e-02,7.467834e-03,1.390095e-03,5.885396e-03,1.620929e-01,3.642627e-02,4.999905e-02,1.573421e-02,5.394427e-02,1.143166e-01,3.626633e-01
6.208115e-02,6.553245e-02,5.828319e-03,2.468125e-02,2.301921e-02,1.115459e-02,1.437368e-03,6.132334e-03,1.546560e-01,3.175594e-02,5.136340e-02,1.563743e-02,7.874428e-02,1.344683e-01,3.335080e-01
5.013312e-02,6.785377e-02,7.460938e-03,2.096871e-02,1.756301e-02,1.458575e-02,1.652129e-03,6.701602e-03,1.670086e-01,2.866041e-02,4.759882e-02,1.321365e-02,6.592171e-02,2.440227e-01,2.466551e-01
5.489748e-02,8.672167e-02,8.073665e-03,2.221645e-02,1.322931e-02,1.660795e-02,1.506573e-03,5.834961e-03,1.515789e-01,3.151706e-02,4.333865e-02,2.444490e-02,5.094627e-02,2.978468e-01,1.912393e-01
6.092999e-02,1.208946e-01,8.160964e-03,1.853386e-02,1.367864e-02,1.664493e-02,1.285023e-03,5.290652e-03,1.498021e-01,3.284437e-02,4.314046e-02,2.388981e-02,4.036999e-02,3.055556e-01,1.589790e-01
8.032589e-02,1.675335e-01,7.440392e-03,1.525162e-02,1.189797e-02,3.024214e-02,1.117244e-03,4.950766e-03,1.439290e-01,2.962747e-02,4.401845e-02,2.147799e-02,3.808693e-02,2.775391e-01,1.265616e-01
6.947969e-02,1.471049e-01,5.806025e-03,1.118803e-02,8.607074e-03,2.515071e-02,8.475477e-04,3.672451e-03,1.088002e-01,2.724659e-02,4.841174e-02,1.789444e-02,2.794404e-02,3.963693e-01,1.014772e-01
5.795716e-02,1.492028e-01,5.320430e-03,8.310363e-03,6.616251e-03,3.049536e-02,6.830696e-04,2.875814e-03,1.001017e-01,3.048978e-02,4.107488e-02,1.698158e-02,2.213264e-02,4.470419e-01,8.071630e-02
4.304527e-02,1.759523e-01,2.030439e-02,1.144299e-02,5.440420e-03,3.183502e-02,5.587881e-04,2.301245e-03,9.940495e-02,6.808389e-02,3.354483e-02,1.430315e-02,1.686710e-02,4.011064e-01,7.580929e-02
3.334379e-02,1.506600e-01,4.081024e-02,9.298519e-03,5.413896e-03,3.182482e-02,6.154796e-04,2.334207e-03,1.047139e-01,1.343615e-01,2.941882e-02,1.227471e-02,1.439257e-02,3.677235e-01,6.281392e-02
2.445103e-02,1.608993e-01,1.163572e-01,9.994604e-03,5.208293e-03,2.686110e-02,5.776574e-04,2.644313e-03,1.126661e-01,1.728368e-01,2.737181e-02,1.128330e-02,1.174765e-02,2.653053e-01,5.179551e-02
2.051493e-02,1.543002e-01,1.267263e-01,8.166146e-03,4.792605e-03,2.480810e-02,5.478363e-04,3.153807e-03,1.260938e-01,2.008308e-01,2.589169e-02,1.302017e-02,9.566396e-03,2.319151e-01,4.967211e-02
1.872385e-02,1.333578e-01,1.546415e-01,7.349149e-03,5.389222e-03,2.635441e-02,7.051671e-04,5.820194e-03,1.372155e-01,2.251071e-01,2.485001e-02,1.747914e-02,9.153741e-03,1.867422e-01,4.711100e-02
2.055618e-02,1.210297e-01,2.268513e-01,9.467876e-03,1.291857e-02,2.265456e-02,1.299188e-03,2.830702e-02,1.326768e-01,2.019967e-01,2.066367e-02,1.563467e-02,8.935103e-03,1.347633e-01,4.224532e-02
2.484215e-02,9.567426e-02,2.636149e-01,8.311966e-03,1.505920e-02,1.716779e-02,1.263043e-03,3.661183e-02,1.103758e-01,2.178098e-01,1.827168e-02,1.182901e-02,8.150776e-03,1.087563e-01,6.226158e-02
2.786277e-02,7.357194e-02,2.587460e-01,1.534854e-02,1.894077e-02,2.029657e-02,1.668581e-03,3.461272e-02,8.837328e-02,2.662899e-01,1.659734e-02,9.055873e-03,8.719624e-03,9.832405e-02,6.159202e-02
4.012129e-02,6.033523e-02,1.943666e-01,1.959014e-02,3.004923e-02,2.624644e-02,3.103509e-03,5.478786e-02,1.013189e-01,2.533025e-01,2.086244e-02,8.858404e-03,9.452019e-03,8.851001e-02,8.909533e-02
6.785525e-02,4.748176e-02,1.928178e-01,5.819143e-02,5.240003e-02,2.206586e-02,3.207637e-03,6.741790e-02,9.464689e-02,2.051398e-01,1.741574e-02,1.001389e-02,9.140227e-03,6.583726e-02,8.636849e-02
9.092218e-02,3.770377e-02,2.165785e-01,6.306991e-02,4.916869e-02,1.858618e-02,3.898560e-03,1.129519e-01,9.710583e-02,1.598654e-01,1.402957e-02,8.955866e-03,7.296707e-03,4.849599e-02,7.137093e-02
1.345061e-01,2.952299e-02,1.769305e-01,5.244521e-02,4.739413e-02,1.494412e-02,3.048812e-03,2.115257e-01,9.446847e-02,1.195249e-01,1.076137e-02,6.965711e-03,5.561057e-03,3.666820e-02,5.573267e-02
2.284176e-01,2.854348e-02,1.716453e-01,5.988003e-02,4.218921e-02,2.115883e-02,3.080627e-03,1.866851e-01,7.414091e-02,8.738033e-02,9.166250e-03,7.331987e-03,5.270672e-03,3.008787e-02,4.502178e-02
2.876035e-01,2.873818e-02,1.308741e-01,5.806769e-02,6.142693e-02,2.268765e-02,3.401638e-03,2.004086e-01,6.434330e-02,6.246826e-02,7.984987e-03,8.960865e-03,5.200029e-03,2.301128e-02,3.482298e-02
3.313982e-01,2.505910e-02,1.369085e-01,1.014534e-01,5.269045e-02,1.886074e-02,3.053959e-03,1.548112e-01,6.328177e-02,4.498503e-02,6.858786e-03,1.025805e-02,4.568934e-03,1.770885e-02,2.810296e-02
3.602873e-01,2.212803e-02,1.449027e-01,1.542193e-01,4.144641e-02,1.554266e-02,2.781542e-03,1.188578e-01,5.027029e-02,3.212030e-02,6.688542e-03,1.001210e-02,4.081993e-03,1.402974e-02,2.263118e-02
4.066017e-01,2.172925e-02,1.314443e-01,1.671393e-01,3.629315e-02,1.785943e-02,2.265052e-03,9.126229e-02,5.322538e-02,2.333004e-02,6.669116e-03,7.905129e-03,3.891463e-03,1.159577e-02,1.878862e-02
3.626336e-01,2.919259e-02,1.566213e-01,2.330068e-01,2.846873e-02,1.354599e-02,2.552551e-03,6.637726e-02,4.161653e-02,1.743453e-02,6.054012e-03,7.013515e-03,3.237747e-03,8.895788e-03,2.334908e-02
3.659845e-01,5.110446e-02,1.441959e-01,1.918933e-01,4.990818e-02,4.132034e-02,4.183898e-03,5.052916e-02,3.928316e-02,1.381604e-02,7.387474e-03,7.019982e-03,3.845520e-03,6.692585e-03,2.283555e-02
2.866729e-01,8.249734e-02,1.042653e-01,1.358150e-01,4.099170e-02,2.234765e-01,3.185627e-03,3.609159e-02,2.824138e-02,1.932574e-02,6.156822e-03,5.364877e-03,3.191885e-03,5.695452e-03,1.902787e-02
2.664563e-01,7.207310e-02,7.805435e-02,1.003019e-01,3.304876e-02,3.130984e-01,2.766829e-03,2.709079e-02,2.860292e-02,3.769024e-02,7.977561e-03,4.485078e-03,3.133847e-03,7.292297e-03,1.792764e-02
2.032935e-01,5.704154e-02,5.853247e-02,1.224357e-01,2.476477e-02,3.793167e-01,2.258552e-03,2.036300e-02,3.891555e-02,5.098321e-02,1.186197e-02,3.375728e-03,2.713963e-03,5.766037e-03,1.837738e-02
1.436449e-01,4.162221e-02,4.248954e-02,1.178940e-01,1.845340e-02,4.017820e-01,1.889722e-03,1.462315e-02,5.060704e-02,1.072364e-01,2.000216e-02,2.662567e-03,2.909588e-03,5.216337e-03,2.896694e-02
1.021545e-01,2.966608e-02,3.019316e-02,9.252463e-02,1.354895e-02,3.246808e-01,1.528249e-03,1.043546e-02,1.114103e-01,1.984245e-01,2.752961e-02,2.446452e-03,3.065528e-03,5.291255e-03,4.710048e-02
7.445335e-02,2.085565e-02,2.127320e-02,6.514799e-02,9.547460e-03,2.361446e-01,1.237054e-03,7.617339e-03,8.200131e-02,2.615217e-01,9.072924e-02,2.617538e-03,3.177165e-03,2.756488e-02,9.611157e-02
5.276034e-02,1.461298e-02,1.490869e-02,4.564014e-02,6.705015e-03,1.655748e-01,8.978839e-04,5.456310e-03,5.803470e-02,2.687893e-01,1.060610e-01,2.200754e-03,2.521139e-03,3.598070e-02,2.198563e-01
3.702947e-02,1.026498e-02,1.051113e-02,3.197677e-02,4.838636e-03,1.160348e-01,6.483801e-04,3.939974e-03,4.182049e-02,2.392414e-01,1.254767e-01,2.325227e-03,2.685989e-03,4.924893e-02,3.239572e-01
2.592843e-02,7.186596e-03,7.361433e-03,2.239292e-02,4.460703e-03,8.125723e-02,4.575069e-04,2.787574e-03,2.950300e-02,1.769302e-01,9.199267e-02,1.690577e-03,1.979033e-03,3.560423e-02,5.104679e-01
1.815263e-02,5.031637e-03,5.157957e-03,1.568223e-02,4.720220e-03,5.689497e-02,3.236207e-04,1.966589e-03,2.086458e-02,1.261827e-01,6.800105e-02,1.245141e-03,1.462722e-03,2.597053e-02,6.483434e-01
1.271216e-02,3.523391e-03,3.613766e-03,1.098103e-02,4.185847e-03,3.985380e-02,2.297791e-04,1.402367e-03,1.470262e-02,9.096748e-02,4.834357e-02,8.916300e-04,1.048307e-03,1.862091e-02,7.489234e-01
9.131802e-03,2.560826e-03,2.848846e-03,7.730939e-03,1.231658e-02,2.840529e-02,2.121296e-04,1.177652e-03,1.139736e-02,8.345158e-02,3.838303e-02,8.288662e-04,8.858899e-04,1.610634e-02,7.845628e-01
6.607311e-03,1.824192e-03,2.123627e-03,5.579452e-03,2.234170e-02,2.021173e-02,2.162860e-04,1.242370e-03,9.388631e-03,6.786904e-02,4.126693e-02,9.862625e-04,7.934751e-04,1.516570e-02,8.043833e-01
1.062040e-02,1.699772e-03,5.359386e-03,4.838144e-03,6.899761e-02,1.643441e-02,6.669319e-04,1.164112e-02,2.240476e-02,5.380677e-02,1.277945e-01,3.380272e-03,2.140090e-03,3.742941e-02,6.327864e-01
1.133512e-02,1.707110e-03,1.088072e-02,4.489686e-03,8.649324e-02,1.423736e-02,2.358290e-03,8.886287e-02,3.242440e-02,4.700232e-02,1.528667e-01,4.220771e-03,4.895871e-03,7.084714e-02,4.673784e-01
