1.000000e+00,0.000000e+00,0.000000e+00,0.000000e+00,0.000000e+00,0.000000e+00,0.000000e+00,0.000000e+00,0.000000e+00,0.000000e+00,0.000000e+00,0.000000e+00,0.000000e+00,0.000000e+00,0.000000e+00
1.000000e+00,0.000000e+00,0.000000e+00,0.000000e+00,0.000000e+00,0.000000e+00,0.000000e+00,0.000000e+00,0.000000e+00,0.000000e+00,0.000000e+00,0.000000e+00,0.000000e+00,0.000000e+00,0.000000e+00
1.000000e+00,0.000000e+00,0.000000e+00,0.000000e+00,0.000000e+00,0.000000e+00,0.000000e+00,0.000000e+00,0.000000e+00,0.000000e+00,0.000000e+00,0.000000e+00,0.000000e+00,0.000000e+00,0.000000e+00
1.000000e+00,0.000000e+00,0.000000e+00,0.000000e+00,0.000000e+00,0.000000e+00,0.000000e+00,0.000000e+00,0.000000e+00,0.000000e+00,0.000000e+00,0.000000e+00,0.000000e+00,0.000000e+00,0.000000e+00
1.000000e+00,0.000000e+00,0.000000e+00,0.000000e+00,0.000000e+00,0.000000e+00,0.000000e+00,0.000000e+00,0.000000e+00,0.000000e+00,0.000000e+00,0.000000e+00,0.000000e+00,0.000000e+00,0.000000e+00
1.000000e+00,0.000000e+00,0.000000e+00,0.000000e+00,0.000000e+00,0.000000e+00,0.000000e+00,0.000000e+00,0.000000e+00,0.000000e+00,0.000000e+00,0.000000e+00,0.000000e+00,0.000000e+00,0.000000e+00
1.000000e+00,0.000000e+00,0.000000e+00,0.000000e+00,0.000000e+00,0.000000e+00,0.000000e+00,0.000000e+00,0.000000e+00,0.000000e+00,0.000000e+00,0.000000e+00,0.000000e+00,0.000000e+00,0.000000e+00
1.000000e+00,0.000000e+00,0.000000e+00,0.000000e+00,0.000000e+00,0.000000e+00,0.000000e+00,0.000000e+00,0.000000e+00,0.000000e+00,0.000000e+00,0.000000e+00,0.000000e+00,0.000000e+00,0.000000e+00
1.000000e+00,0.000000e+00,0.000000e+00,0.000000e+00,0.000000e+00,0.000000e+00,0.000000e+00,0.000000e+00,0.000000e+00,0.000000e+00,0.000000e+00,0.000000e+00,0.000000e+00,0.000000e+00,0.000000e+00
1.000000e+00,0.000000e+00,0.000000e+00,0.000000e+00,0.000000e+00,0.000000e+00,0.000000e+00,0.000000e+00,0.000000e+00,0.000000e+00,0.000000e+00,0.000000e+00,0.000000e+00,0.000000e+00,0.000000e+00
1.000000e+00,0.000000e+00,0.000000e+00,0.000000e+00,0.000000e+00,0.000000e+00,0.000000e+00,0.000000e+00,0.000000e+00,0.000000e+00,0.000000e+00,0.000000e+00,0.000000e+00,0.000000e+00,0.000000e+00
1.000000e+00,0.000000e+00,0.000000e+00,0.000000e+00,0.000000e+00,0.000000e+00,0.000000e+00,0.000000e+00,0.000000e+00,0.000000e+00,0.000000e+00,0.000000e+00,0.000000e+00,0.000000e+00,0.000000e+00
1.000000e+00,0.000000e+00,0.000000e+00,0.000000e+00,0.000000e+00,0.000000e+00,0.000000e+00,0.000000e+00,0.000000e+00,0.000000e+00,0.000000e+00,0.000000e+00,0.000000e+00,0.000000e+00,0.000000e+00
1.000000e+00,0.000000e+00,0.000000e+00,0.000000e+00,0.000000e+00,0.000000e+00,0.000000e+00,0.000000e+00,0.000000e+00,0.000000e+00,0.000000e+00,0.000000e+00,0.000000e+00,0.000000e+00,0.000000e+00
1.000000e+00,0.000000e+00,0.000000e+00,0.000000e+00,0.000000e+00,0.000000e+00,0.000000e+00,0.000000e+00,0.000000e+00,0.000000e+00,0.000000e+00,0.000000e+00,0.000000e+00,0.000000e+00,0.000000e+00
1.000000e+00,0.000000e+00,0.000000e+00,0.000000e+00,0.000000e+00,0.000000e+00,0.000000e+00,0.000000e+00,0.000000e+00,0.000000e+00,0.000000e+00,0.000000e+00,0.000000e+00,0.000000e+00,0.000000e+00
1.000000e+00,0.000000e+00,0.000000e+00,0.000000e+00,0.000000e+00,0.000000e+00,0.000000e+00,0.000000e+00,0.000000e+00,0.000000e+00,0.000000e+00,0.000000e+00,0.000000e+00,0.000000e+00,0.000000e+00
1.000000e+00,0.000000e+00,0.000000e+00,0.000000e+00,0.000000e+00,0.000000e+00,0.000000e+00,0.000000e+00,0.000000e+00,0.000000e+00,0.000000e+00,0.000000e+00,0.000000e+00,0.000000e+00,0.000000e+00
1.000000e+00,0.000000e+00,0.000000e+00,0.000000e+00,0.000000e+00,0.000000e+00,0.000000e+00,0.000000e+00,0.000000e+00,0.000000e+00,0.000000e+00,0.000000e+00,0.000000e+00,0.000000e+00,0.000000e+00
1.000000e+00,0.000000e+00,0.000000e+00,0.000000e+00,0.000000e+00,0.000000e+00,0.000000e+00,0.000000e+00,0.000000e+00,0.000000e+00,0.000000e+00,0.000000e+00,0.000000e+00,0.000000e+00,0.000000e+00
1.000000e+00,0.000000e+00,0.000000e+00,0.000000e+00,0.000000e+00,0.000000e+00,0.000000e+00,0.000000e+00,0.000000e+00,0.000000e+00,0.000000e+00,0.000000e+00,0.000000e+00,0.000000e+00,0.000000e+00
1.000000e+00,0.000000e+00,0.000000e+00,0.000000e+00,0.000000e+00,0.000000e+00,0.000000e+00,0.000000e+00,0.000000e+00,0.000000e+00,0.000000e+00,0.000000e+00,0.000000e+00,0.000000e+00,0.000000e+00
1.000000e+00,0.000000e+00,0.000000e+00,0.000000e+00,0.000000e+00,0.000000e+00,0.000000e+00,0.000000e+00,0.000000e+00,0.000000e+00,0.000000e+00,0.000000e+00,0.000000e+00,0.000000e+00,0.000000e+00
1.000000e+00,0.000000e+00,0.000000e+00,0.000000e+00,0.000000e+00,0.000000e+00,0.000000e+00,0.000000e+00,0.000000e+00,0.000000e+00,0.000000e+00,0.000000e+00,0.000000e+00,0.000000e+00,0.000000e+00
1.000000e+00,0.000000e+00,0.000000e+00,0.000000e+00,0.000000e+00,0.000000e+00,0.000000e+00,0.000000e+00,0.000000e+00,0.000000e+00,0.000000e+00,0.000000e+00,0.000000e+00,0.000000e+00,0.000000e+00
1.000000e+00,0.000000e+00,0.000000e+00,0.000000e+00,0.000000e+00,0.000000e+00,0.000000e+00,0.000000e+00,0.000000e+00,0.000000e+00,0.000000e+00,0.000000e+00,0.000000e+00,0.000000e+00,0.000000e+00
1.000000e+00,0.000000e+00,0.000000e+00,0.000000e+00,0.000000e+00,0.000000e+00,0.000000e+00,0.000000e+00,0.000000e+00,0.000000e+00,0.000000e+00,0.000000e+00,0.000000e+00,0.000000e+00,0.000000e+00
1.000000e+00,0.000000e+00,0.000000e+00,0.000000e+00,0.000000e+00,0.000000e+00,0.000000e+00,0.000000e+00,0.000000e+00,0.000000e+00,0.000000e+00,0.000000e+00,0.000000e+00,0.000000e+00,0.000000e+00
1.000000e+00,0.000000e+00,0.000000e+00,0.000000e+00,0.000000e+00,0.000000e+00,0.000000e+00,0.000000e+00,0.000000e+00,0.000000e+00,0.000000e+00,0.000000e+00,0.000000e+00,0.000000e+00,0.000000e+00
1.000000e+00,0.000000e+00,0.000000e+00,0.000000e+00,0.000000e+00,0.000000e+00,0.000000e+00,0.000000e+00,0.000000e+00,0.000000e+00,0.000000e+00,0.000000e+00,0.000000e+00,0.000000e+00,0.000000e+00
1.000000e+00,0.000000e+00,0.000000e+00,0.000000e+00,0.000000e+00,0.000000e+00,0.000000e+00,0.000000e+00,0.000000e+00,0.000000e+00,0.000000e+00,0.000000e+00,0.000000e+00,0.000000e+00,0.000000e+00
1.000000e+00,0.000000e+00,0.000000e+00,0.000000e+00,0.000000e+00,0.000000e+00,0.000000e+00,0.000000e+00,0.000000e+00,0.000000e+00,0.000000e+00,0.000000e+00,0.000000e+00,0.000000e+00,0.000000e+00
1.000000e+00,0.000000e+00,0.000000e+00,0.000000e+00,0.000000e+00,0.000000e+00,0.000000e+00,0.000000e+00,0.000000e+00,0.000000e+00,0.000000e+00,0.000000e+00,0.000000e+00,0.000000e+00,0.000000e+00
1.000000e+00,0.000000e+00,0.000000e+00,0.000000e+00,0.000000e+00,0.000000e+00,0.000000e+00,0.000000e+00,0.000000e+00,0.000000e+00,0.000000e+00,0.000000e+00,0.000000e+00,0.000000e+00,0.000000e+00
1.000000e+00,0.000000e+00,0.000000e+00,0.000000e+00,0.000000e+00,0.000000e+00,0.000000e+00,0.000000e+00,0.000000e+00,0.000000e+00,0.000000e+00,0.000000e+00,0.000000e+00,0.000000e+00,0.000000e+00
1.000000e+00,0.000000e+00,0.000000e+00,0.000000e+00,0.000000e+00,0.000000e+00,0.000000e+00,0.000000e+00,0.000000e+00,0.000000e+00,0.000000e+00,0.000000e+00,0.000000e+00,0.000000e+00,0.000000e+00
1.000000e+00,0.000000e+00,0.000000e+00,0.000000e+00,0.000000e+00,0.000000e+00,0.000000e+00,0.000000e+00,0.000000e+00,0.000000e+00,0.000000e+00,0.000000e+00,0.000000e+00,0.000000e+00,0.000000e+00
1.000000e+00,0.000000e+00,0.000000e+00,0.000000e+00,0.000000e+00,0.000000e+00,0.000000e+00,0.000000e+00,0.000000e+00,0.000000e+00,0.000000e+00,0.000000e+00,0.000000e+00,0.000000e+00,0.000000e+00
1.000000e+00,0.000000e+00,0.000000e+00,0.000000e+00,0.000000e+00,0.000000e+00,0.000000e+00,0.000000e+00,0.000000e+00,0.000000e+00,0.000000e+00,0.000000e+00,0.000000e+00,0.000000e+00,0.000000e+00
1.000000e+00,0.000000e+00,0.000000e+00,0.000000e+00,0.000000e+00,0.000000e+00,0.000000e+00,0.000000e+00,0.000000e+00,0.000000e+00,0.000000e+00,0.000000e+00,0.000000e+00,0.000000e+00,0.000000e+00
1.000000e+00,0.000000e+00,0.000000e+00,0.000000e+00,0.000000e+00,0.000000e+00,0.000000e+00,0.000000e+00,0.000000e+00,0.000000e+00,0.000000e+00,0.000000e+00,0.000000e+00,0.000000e+00,0.000000e+00
1.000000e+00,0.000000e+00,0.000000e+00,0.000000e+00,0.000000e+00,0.000000e+00,0.000000e+00,0.000000e+00,0.000000e+00,0.000000e+00,0.000000e+00,0.000000e+00,0.000000e+00,0.000000e+00,0.000000e+00
1.000000e+00,0.000000e+00,0.000000e+00,0.000000e+00,0.000000e+00,0.000000e+00,0.000000e+00,0.000000e+00,0.000000e+00,0.000000e+00,0.000000e+00,0.000000e+00,0.000000e+00,0.000000e+00,0.000000e+00
1.000000e+00,0.000000e+00,0.000000e+00,0.000000e+00,0.000000e+00,0.000000e+00,0.000000e+00,0.000000e+00,0.000000e+00,0.000000e+00,0.000000e+00,0.000000e+00,0.000000e+00,0.000000e+00,0.000000e+00
1.000000e+00,0.000000e+00,0.000000e+00,0.000000e+00,0.000000e+00,0.000000e+00,0.000000e+00,0.000000e+00,0.000000e+00,0.000000e+00,0.000000e+00,0.000000e+00,0.000000e+00,0.000000e+00,0.000000e+00
1.000000e+00,0.000000e+00,0.000000e+00,0.000000e+00,0.000000e+00,0.000000e+00,0.000000e+00,0.000000e+00,0.000000e+00,0.000000e+00,0.000000e+00,0.000000e+00,0.000000e+00,0.000000e+00,0.000000e+00
4.836481e-01,3.542345e-02,1.998361e-02,9.255381e-02,9.613821e-03,3.093629e-02,7.859419e-03,2.500423e-02,3.080609e-02,4.648130e-03,8.438364e-02,7.411252e-02,2.887407e-02,1.993448e-02,5.221827e-02
4.815484e-01,3.726307e-02,1.902537e-02,9.389719e-02,1.074247e-02,3.026874e-02,7.853624e-03,2.154865e-02,3.228898e-02,4.844423e-03,8.645600e-02,6.832540e-02,2.759737e-02,2.304700e-02,5.529327e-02
1.000000e+00,0.000000e+00,0.000000e+00,0.000000e+00,0.000000e+00,0.000000e+00,0.000000e+00,0.000000e+00,0.000000e+00,0.000000e+00,0.000000e+00,0.000000e+00,0.000000e+00,0.000000e+00,0.000000e+00
4.746259e-01,3.732423e-02,2.129795e-02,9.674385e-02,1.072605e-02,3.150820e-02,7.814010e-03,1.959387e-02,3.561204e-02,4.852503e-03,8.595323e-02,6.390359e-02,2.572757e-02,2.536459e-02,5.895239e-02
4.768129e-01,3.896292e-02,2.020112e-02,9.172196e-02,1.105919e-02,3.124093e-02,7.578894e-03,1.830924e-02,3.850899e-02,5.552211e-03,8.168496e-02,5.848578e-02,2.463301e-02,3.076137e-02,6.448654e-02
4.787382e-01,4.035005e-02,2.089995e-02,8.868645e-02,1.161643e-02,3.471461e-02,8.376567e-03,1.807057e-02,3.613625e-02,5.579770e-03,7.760534e-02,5.975774e-02,2.669692e-02,2.998036e-02,6.279089e-02
1.000000e+00,0.000000e+00,0.000000e+00,0.000000e+00,0.000000e+00,0.000000e+00,0.000000e+00,0.000000e+00,0.000000e+00,0.000000e+00,0.000000e+00,0.000000e+00,0.000000e+00,0.000000e+00,0.000000e+00
1.000000e+00,0.000000e+00,0.000000e+00,0.000000e+00,0.000000e+00,0.000000e+00,0.000000e+00,0.000000e+00,0.000000e+00,0.000000e+00,0.000000e+00,0.000000e+00,0.000000e+00,0.000000e+00,0.000000e+00
1.000000e+00,0.000000e+00,0.000000e+00,0.000000e+00,0.000000e+00,0.000000e+00,0.000000e+00,0.000000e+00,0.000000e+00,0.000000e+00,0.000000e+00,0.000000e+00,0.000000e+00,0.000000e+00,0.000000e+00
1.000000e+00,0.000000e+00,0.000000e+00,0.000000e+00,0.000000e+00,0.000000e+00,0.000000e+00,0.000000e+00,0.000000e+00,0.000000e+00,0.000000e+00,0.000000e+00,0.000000e+00,0.000000e+00,0.000000e+00
1.000000e+00,0.000000e+00,0.000000e+00,0.000000e+00,0.000000e+00,0.000000e+00,0.000000e+00,0.000000e+00,0.000000e+00,0.000000e+00,0.000000e+00,0.000000e+00,0.000000e+00,0.000000e+00,0.000000e+00
4.549851e-01,1.605333e-02,1.447885e-02,4.692265e-02,6.760105e-03,1.425420e-02,4.408856e-03,3.487728e-01,9.771616e-03,2.164975e-03,1.815060e-02,2.177864e-02,1.286351e-02,6.904011e-03,2.173072e-02
3.276563e-01,1.131167e-02,1.045225e-02,3.314940e-02,5.598096e-03,1.042940e-02,3.319982e-03,5.319604e-01,6.888387e-03,1.530476e-03,1.288772e-02,1.541662e-02,9.150053e-03,4.877939e-03,1.537127e-02
2.326788e-01,8.059890e-03,7.961766e-03,2.343096e-02,4.137571e-03,8.027300e-03,2.871154e-03,6.657536e-01,4.837296e-03,1.078146e-03,9.183635e-03,1.097317e-02,6.564814e-03,3.558208e-03,1.088358e-02
1.685856e-01,5.854312e-03,6.007249e-03,1.662135e-02,3.357553e-03,6.821662e-03,2.599643e-03,7.556784e-01,3.419993e-03,7.737996e-04,6.828723e-03,7.911931e-03,4.876161e-03,2.939877e-03,7.723648e-03
1.221873e-01,4.507920e-03,4.728997e-03,1.184540e-02,3.122629e-03,5.615170e-03,2.070430e-03,8.143807e-01,2.515930e-03,5.986247e-04,7.324341e-03,6.111443e-03,4.669668e-03,4.680784e-03,5.640652e-03
1.056427e-01,9.778904e-03,4.188816e-03,1.125846e-02,9.505863e-03,8.209717e-03,3.039766e-03,6.949629e-01,1.604483e-02,2.432554e-03,3.109496e-02,1.914977e-02,6.518523e-02,1.106576e-02,8.439716e-03
9.270298e-02,1.144948e-02,3.620994e-03,1.133130e-02,9.691129e-03,1.473065e-02,5.088517e-03,5.430902e-01,1.829208e-02,4.776984e-03,3.602941e-02,1.885859e-02,2.021171e-01,1.179006e-02,1.643054e-02
9.209657e-02,1.474379e-02,3.139214e-03,9.823317e-03,7.429336e-03,4.679115e-02,5.243241e-03,3.968993e-01,1.612623e-02,4.230891e-03,2.733739e-02,1.469414e-02,3.152059e-01,9.111468e-03,3.712809e-02
7.024445e-02,1.737753e-02,2.402165e-03,7.639341e-03,5.355530e-03,3.999946e-02,3.947414e-03,2.785093e-01,1.838301e-02,3.170434e-03,1.962569e-02,1.054172e-02,4.619671e-01,6.417369e-03,5.441943e-02
5.241876e-02,1.776769e-02,1.971099e-03,5.780276e-03,4.168394e-03,3.183766e-02,3.303248e-03,1.955592e-01,2.167354e-02,2.404643e-03,1.422645e-02,7.613902e-03,5.494001e-01,4.527035e-03,8.734798e-02
3.821421e-02,1.607523e-02,1.714706e-03,4.698182e-03,3.453928e-03,2.391979e-02,2.810013e-03,1.371810e-01,3.158521e-02,1.894946e-03,1.029766e-02,5.983233e-03,5.807969e-01,3.211387e-03,1.381636e-01
2.757834e-02,1.376831e-02,1.446946e-03,3.738851e-03,2.679012e-03,1.830476e-02,2.319064e-03,9.616640e-02,3.189190e-02,1.441960e-03,7.385694e-03,4.854571e-03,6.137084e-01,2.275823e-03,1.724400e-01
1.966914e-02,1.097012e-02,1.157791e-03,2.925405e-03,2.001537e-03,1.403817e-02,1.708335e-03,6.736117e-02,2.577363e-02,1.074172e-03,5.286279e-03,4.106977e-03,6.803809e-01,1.608429e-03,1.619379e-01
1.415096e-02,8.268727e-03,9.757048e-04,2.175220e-03,1.677849e-03,1.032650e-02,1.321445e-03,4.718290e-02,1.940776e-02,8.617143e-04,3.869036e-03,4.195054e-03,6.955473e-01,1.201620e-03,1.888382e-01
1.017490e-02,6.456688e-03,9.526509e-04,1.700301e-03,1.453244e-03,7.755022e-03,1.070379e-03,3.305798e-02,1.531800e-02,7.814527e-04,2.897347e-03,4.077890e-03,7.472186e-01,8.900308e-04,1.661955e-01
8.077277e-03,5.209085e-03,1.059540e-03,1.343013e-03,1.199722e-03,8.021592e-03,9.417366e-04,2.316173e-02,1.144056e-02,9.670454e-04,2.364523e-03,4.988432e-03,8.067806e-01,6.708453e-04,1.237742e-01
6.033233e-03,4.458496e-03,1.774217e-03,1.046745e-03,1.115113e-03,7.952480e-03,9.471159e-04,1.628458e-02,8.730460e-03,2.122414e-03,2.542577e-03,4.628839e-03,8.397158e-01,5.649888e-04,1.020829e-01
4.650499e-03,1.459360e-02,4.913478e-02,1.018217e-03,1.155857e-03,6.322959e-03,7.010752e-04,1.164829e-02,7.619859e-03,5.147799e-03,5.168620e-03,4.391492e-03,8.078938e-01,5.841575e-04,7.996905e-02
3.377656e-03,1.427594e-02,3.017713e-01,9.895822e-04,1.617213e-03,4.846985e-03,5.078687e-04,8.240690e-03,5.872356e-03,5.975690e-03,9.511597e-03,3.665043e-03,5.811712e-01,4.781004e-04,5.769871e-02
2.632518e-03,1.121959e-02,4.938303e-01,2.307437e-03,2.980915e-03,3.611858e-03,3.704293e-04,5.830142e-03,8.759184e-03,7.646504e-03,7.355693e-03,2.635371e-03,4.094680e-01,3.440669e-04,4.100798e-02
1.937055e-03,8.610101e-03,6.366451e-01,3.928566e-03,2.595043e-03,2.876600e-03,2.604165e-04,4.095183e-03,7.781811e-03,7.689625e-03,5.464114e-03,1.856795e-03,2.866779e-01,2.422748e-04,2.933943e-02
2.483447e-03,1.071574e-02,6.673152e-01,1.075896e-02,5.731528e-02,2.791099e-03,6.614879e-04,2.919110e-03,9.750763e-03,6.108299e-03,4.245687e-03,1.331465e-03,2.018037e-01,1.757759e-04,2.162393e-02
1.822471e-03,1.048286e-02,4.806056e-01,2.606315e-01,6.337015e-02,2.179887e-03,6.967343e-04,2.084024e-03,1.269876e-02,4.368695e-03,3.109004e-03,9.516082e-04,1.414308e-01,1.246824e-04,1.544335e-02
1.481987e-03,1.234798e-02,3.487630e-01,4.477751e-01,5.727460e-02,1.766536e-03,5.434749e-04,1.602986e-03,1.157072e-02,3.157869e-03,2.534509e-03,6.758616e-04,9.902798e-02,8.838988e-05,1.138911e-02
3.115460e-03,2.502964e-02,2.771871e-01,4.973258e-01,7.889985e-02,5.369790e-03,9.458978e-04,1.328189e-03,1.761180e-02,3.656395e-03,4.792020e-03,5.205280e-04,6.943542e-02,6.757352e-05,1.471459e-02
2.585922e-03,3.094125e-02,2.106256e-01,6.008786e-01,5.856994e-02,3.992764e-03,7.487164e-04,1.198807e-03,1.789365e-02,3.568425e-03,4.666480e-03,3.846109e-04,4.865929e-02,7.282262e-05,1.521313e-02
4.166846e-03,3.722089e-02,1.774856e-01,5.746694e-01,4.487411e-02,4.616404e-03,7.871690e-04,1.729499e-03,4.015994e-02,1.751246e-02,1.387401e-02,4.324397e-04,3.456437e-02,6.220989e-04,4.728490e-02
4.429363e-03,4.510846e-02,1.450400e-01,5.857635e-01,3.294756e-02,3.496084e-03,6.412141e-04,1.443744e-03,5.962656e-02,1.370811e-02,4.335824e-02,1.036613e-03,2.611397e-02,5.862734e-04,3.670036e-02
3.850441e-03,3.910934e-02,1.089169e-01,5.342478e-01,2.356887e-02,2.663534e-03,4.729315e-04,1.166692e-03,6.290488e-02,1.033181e-02,1.328570e-01,2.311307e-02,2.868497e-02,7.979984e-04,2.731383e-02
3.684624e-03,3.196217e-02,7.818545e-02,4.534168e-01,1.732223e-02,2.522838e-03,4.265866e-04,1.198060e-03,1.160885e-01,9.097485e-03,1.427737e-01,9.181251e-02,2.448149e-02,6.752506e-03,2.027512e-02
6.057064e-03,2.271504e-02,5.541280e-02,3.384043e-01,1.370020e-02,1.147307e-02,6.183381e-04,1.142854e-03,8.762861e-02,6.829407e-03,1.844697e-01,2.271227e-01,2.089937e-02,8.887039e-03,1.463948e-02
4.569524e-03,1.606348e-02,3.883942e-02,2.388053e-01,1.201291e-02,8.531221e-03,4.510102e-04,8.668534e-04,6.869027e-02,5.228239e-03,1.800317e-01,3.876315e-01,1.753226e-02,1.042855e-02,1.031771e-02
3.468912e-03,1.162175e-02,2.721576e-02,1.673547e-01,9.711607e-03,6.138587e-03,3.295862e-04,6.852017e-04,5.068537e-02,4.044988e-03,1.919383e-01,4.943380e-01,1.401469e-02,1.119816e-02,7.254422e-03
2.638956e-03,1.236906e-02,2.002892e-02,1.174677e-01,1.416009e-02,4.422612e-03,2.751283e-04,4.946322e-03,5.945082e-02,3.311721e-03,1.587367e-01,5.694415e-01,1.478398e-02,1.281211e-02,5.154414e-03
1.914175e-03,1.620209e-02,1.434608e-02,8.242158e-02,1.304968e-02,3.178877e-03,2.012159e-04,3.753817e-03,4.556325e-02,2.499661e-03,2.737314e-01,5.040457e-01,1.241151e-02,2.292452e-02,3.756461e-03
1.469264e-03,8.989365e-02,1.048193e-02,5.784468e-02,1.339302e-02,2.267891e-03,1.474906e-04,2.834742e-03,4.398869e-02,1.888810e-03,3.642125e-01,3.791756e-01,9.679026e-03,1.988249e-02,2.840283e-03
1.097795e-03,7.043023e-02,7.468629e-03,4.061050e-02,1.086903e-02,1.671876e-03,1.098828e-04,2.322586e-03,3.851498e-02,1.574467e-03,4.840901e-01,3.034328e-01,8.216551e-03,2.737627e-02,2.214215e-03
8.106487e-04,5.772763e-02,5.287417e-03,2.849287e-02,8.111803e-03,1.281825e-03,8.273320e-05,1.852109e-03,5.197835e-02,1.228646e-03,5.917502e-01,2.176107e-01,6.073349e-03,2.598580e-02,1.725840e-03
6.657707e-04,4.726739e-02,3.784773e-03,1.998614e-02,5.878598e-03,1.026506e-03,5.969379e-05,1.393700e-03,9.596212e-02,1.050886e-03,6.362200e-01,1.542994e-01,4.609920e-03,2.645994e-02,1.335129e-03
6.288256e-04,3.885934e-02,2.701910e-03,1.400531e-02,4.170203e-03,8.347885e-04,4.264777e-05,1.006833e-03,9.913864e-02,8.876910e-04,6.971241e-01,1.089220e-01,3.696227e-03,2.688245e-02,1.098932e-03
5.196480e-04,2.963684e-02,1.910684e-03,9.809708e-03,2.994595e-03,6.856468e-04,3.074828e-05,7.363538e-04,1.005519e-01,7.057893e-04,7.424023e-01,7.660172e-02,2.937012e-03,2.958199e-02,8.950233e-04
5.459310e-04,2.230286e-02,1.365394e-03,6.873880e-03,2.150598e-03,5.547066e-04,2.250531e-05,5.466848e-04,1.406465e-01,5.389318e-04,7.356012e-01,5.371496e-02,2.170652e-03,3.223381e-02,7.313192e-04
2.464024e-03,1.668797e-02,1.927244e-03,5.849420e-03,2.040240e-03,8.619219e-04,2.946512e-05,2.308823e-03,1.874632e-01,8.562367e-04,7.025933e-01,3.778860e-02,1.756292e-03,3.652132e-02,8.519634e-04
1.194512e-02,1.474537e-02,3.526854e-03,6.089404e-03,3.820819e-03,1.247357e-03,5.346683e-05,7.965440e-03,2.668257e-01,2.626627e-03,5.831277e-01,2.680405e-02,1.529845e-03,6.800452e-02,1.687702e-03
2.036198e-02,1.373622e-02,4.030174e-03,5.146984e-03,5.480708e-03,1.394775e-03,5.305543e-05,8.838604e-03,3.431568e-01,5.086942e-03,4.967087e-01,1.913537e-02,1.350563e-03,6.758076e-02,7.938426e-03
2.206833e-02,1.440538e-02,3.972049e-03,5.248157e-03,1.080135e-02,1.156184e-03,6.477079e-05,1.195786e-02,4.823574e-01,5.192998e-03,3.646156e-01,1.354090e-02,1.062389e-03,5.645105e-02,7.105562e-03
3.055441e-02,1.369995e-02,4.288913e-03,5.666419e-03,1.831694e-02,1.264028e-03,9.063879e-05,1.758360e-02,5.378639e-01,6.898719e-03,2.788515e-01,9.718416e-03,1.058653e-03,6.004066e-02,1.410320e-02
3.591543e-02,1.441799e-02,1.517107e-02,1.024364e-02,2.466624e-02,1.413774e-03,1.538088e-04,3.111506e-02,5.233629e-01,1.481222e-02,2.091357e-01,7.303558e-03,1.196356e-03,6.697365e-02,4.411865e-02
4.232902e-02,1.364121e-02,3.767670e-02,1.391376e-02,1.964082e-02,2.173302e-03,1.839617e-04,2.740873e-02,4.471266e-01,2.667196e-02,1.493932e-01,6.296191e-03,1.338716e-03,6.480527e-02,1.474006e-01
3.110123e-02,1.338851e-02,3.560169e-02,9.834293e-03,1.380742e-02,1.770159e-03,1.622571e-04,1.946974e-02,3.413979e-01,2.343208e-02,1.061634e-01,4.487967e-03,1.004318e-03,1.015630e-01,2.968161e-01
2.268732e-02,1.048332e-02,2.671024e-02,7.032062e-03,9.687037e-03,1.321622e-03,1.246176e-04,1.371607e-02,2.852400e-01,2.581243e-02,1.052175e-01,4.121146e-03,1.146135e-03,1.485403e-01,3.381602e-01
1.663983e-02,7.649802e-03,1.917183e-02,4.997345e-03,6.788186e-03,9.653075e-04,1.032475e-04,9.660977e-03,3.000755e-01,3.014495e-02,1.153678e-01,5.837398e-03,1.694244e-03,1.520504e-01,3.288531e-01
1.192832e-02,5.717483e-03,1.370247e-02,3.664851e-03,4.778852e-03,7.555788e-04,1.026019e-04,6.800998e-03,2.380698e-01,2.725501e-02,2.867118e-01,1.014041e-02,2.221633e-03,1.505566e-01,2.375937e-01
8.725840e-03,4.177201e-03,9.630759e-03,2.643063e-03,3.442535e-03,6.342044e-04,8.947552e-05,4.779578e-03,1.694514e-01,2.304724e-02,4.800359e-01,1.199423e-02,2.401815e-03,1.104241e-01,1.685227e-01
6.372096e-03,3.114546e-03,6.791722e-03,2.019880e-03,2.970779e-03,8.980348e-04,1.010528e-04,3.453026e-03,1.421838e-01,2.249248e-02,5.755324e-01,2.421473e-02,3.225390e-03,8.614783e-02,1.204822e-01
5.077901e-03,2.670209e-03,4.796609e-03,1.469495e-03,2.738792e-03,1.241200e-03,1.390581e-04,2.583904e-03,1.068684e-01,1.770489e-02,6.118261e-01,8.914779e-02,4.645080e-03,6.425176e-02,8.483874e-02
3.743903e-03,1.996448e-03,3.390884e-03,1.122333e-03,2.277365e-03,1.096122e-03,1.246661e-04,1.874760e-03,8.176173e-02,1.534020e-02,5.824531e-01,1.900076e-01,5.099291e-03,4.989244e-02,5.981913e-02
2.700801e-03,1.574064e-03,2.432920e-03,9.132920e-04,1.791183e-03,8.727686e-04,1.666111e-04,1.379672e-03,8.529848e-02,1.163157e-02,6.254391e-01,1.808692e-01,4.557515e-03,3.810014e-02,4.227268e-02
2.355454e-03,1.411338e-03,1.957103e-03,1.377472e-03,1.481195e-03,1.017050e-03,1.943757e-04,1.575765e-03,8.604143e-02,8.606004e-03,6.517102e-01,1.787717e-01,4.160717e-03,2.919641e-02,3.014388e-02
2.155296e-03,1.597560e-03,1.804017e-03,1.955500e-03,1.959964e-03,1.144134e-03,3.822495e-04,4.382280e-03,1.325252e-01,7.298870e-03,6.318470e-01,1.645028e-01,4.238387e-03,2.257952e-02,2.162720e-02
2.248791e-03,2.587374e-03,1.596516e-03,1.902851e-03,3.945528e-03,1.188220e-03,3.921015e-04,5.162269e-03,3.592494e-01,5.597523e-03,4.640534e-01,1.170719e-01,3.259223e-03,1.637812e-02,1.536676e-02
4.240352e-03,2.417909e-03,1.819939e-03,3.498962e-03,5.852717e-03,1.295470e-03,3.487534e-04,1.088726e-02,4.111010e-01,5.227235e-03,4.321259e-01,9.355225e-02,3.670463e-03,1.257489e-02,1.138690e-02
3.882678e-03,2.720531e-03,1.460806e-03,3.214177e-03,5.475135e-03,2.582567e-03,3.954666e-04,8.530347e-03,3.179747e-01,3.851592e-03,5.480115e-01,7.597315e-02,8.500643e-03,9.151529e-03,8.275225e-03
4.968788e-03,3.170602e-03,1.854601e-03,2.934218e-03,1.504641e-02,3.019073e-03,6.200527e-04,9.022797e-03,3.024988e-01,2.828959e-03,5.700867e-01,5.999144e-02,1.133852e-02,6.719804e-03,5.899234e-03
5.486649e-03,3.078431e-03,2.765997e-03,2.669349e-03,2.778436e-02,2.638914e-03,1.219550e-03,1.434099e-02,2.763698e-01,2.265349e-03,5.874989e-01,4.986891e-02,1.486620e-02,4.949229e-03,4.197455e-03
8.379973e-03,2.703165e-03,1.265641e-02,7.147504e-03,1.340133e-01,3.269444e-03,5.358266e-03,7.402308e-02,2.581748e-01,1.760749e-03,4.316912e-01,3.958566e-02,1.451806e-02,3.703533e-03,3.014867e-03
1.330998e-02,3.795060e-03,1.896773e-02,9.055197e-03,1.718003e-01,3.643538e-03,6.289994e-03,7.952721e-02,3.140837e-01,1.467962e-03,3.286160e-01,3.134689e-02,1.267602e-02,2.970740e-03,2.449717e-03
1.377122e-02,1.101086e-02,1.432703e-02,7.572998e-03,1.403997e-01,5.976303e-03,4.995919e-03,6.699697e-02,4.556407e-01,1.553474e-03,2.399916e-01,2.373181e-02,9.800400e-03,2.320804e-03,1.910294e-03
1.440276e-02,9.942332e-03,1.040457e-02,6.240070e-03,1.374610e-01,7.107366e-03,4.570731e-03,5.333499e-02,5.572676e-01,1.320406e-03,1.696561e-01,1.743726e-02,7.394515e-03,1.800813e-03,1.659641e-03
1.355086e-02,7.779035e-03,8.132861e-03,8.640751e-03,1.505930e-01,5.524721e-03,4.104665e-03,5.957408e-02,6.009424e-01,1.021114e-03,1.191619e-01,1.261667e-02,5.638636e-03,1.307262e-03,1.412068e-03
1.778027e-02,9.446787e-03,1.130379e-02,1.767717e-02,1.428189e-01,4.827079e-03,3.544589e-03,1.027275e-01,5.889949e-01,8.352222e-04,8.402151e-02,9.222776e-03,4.424974e-03,1.055969e-03,1.318495e-03
2.419780e-02,1.046409e-02,8.637573e-03,1.758133e-02,1.432967e-01,4.746676e-03,2.840017e-03,9.843992e-02,6.164694e-01,8.008450e-04,5.967178e-02,7.069643e-03,3.477493e-03,1.040202e-03,1.266648e-03
4.598971e-02,1.315448e-02,7.489515e-03,1.962411e-02,1.340891e-01,5.545428e-03,2.635135e-03,1.121003e-01,6.032695e-01,1.447678e-03,4.292690e-02,5.935998e-03,2.876287e-03,1.236638e-03,1.679185e-03
5.323835e-02,1.335160e-02,3.307282e-02,8.905441e-02,1.170715e-01,4.394683e-03,2.102346e-03,1.855135e-01,4.566399e-01,2.976744e-03,3.145817e-02,5.093834e-03,2.629877e-03,9.773726e-04,2.424876e-03
4.138812e-02,1.006811e-02,2.508635e-02,6.570933e-02,9.195599e-02,3.191849e-03,1.510075e-03,4.002813e-01,3.280657e-01,2.155026e-03,2.255568e-02,3.633284e-03,1.974756e-03,6.937731e-04,1.730722e-03
3.724159e-02,7.587038e-03,1.829991e-02,4.937557e-02,6.695822e-02,2.363884e-03,1.091505e-03,5.623561e-01,2.315826e-01,1.537363e-03,1.585858e-02,2.564516e-03,1.450088e-03,4.969709e-04,1.236104e-03
2.924271e-02,5.550973e-03,1.295679e-02,3.551496e-02,5.041567e-02,1.784747e-03,7.967650e-04,6.844785e-01,1.629475e-01,1.092261e-03,1.115300e-02,1.808366e-03,1.037245e-03,3.504258e-04,8.700936e-04
2.348525e-02,4.159471e-03,9.281406e-03,2.513786e-02,3.600933e-02,1.541793e-03,5.861803e-04,7.737911e-01,1.143059e-01,7.812985e-04,7.870048e-03,1.362572e-03,8.038591e-04,2.516569e-04,6.323988e-04
1.747885e-02,2.947881e-03,6.601064e-03,1.768972e-02,2.538928e-02,1.306443e-03,4.173804e-04,8.394020e-01,8.011299e-02,5.524244e-04,5.610089e-03,1.109401e-03,7.375634e-04,1.865901e-04,4.583558e-04
1.293235e-02,2.080690e-03,4.666172e-03,1.247054e-02,1.785172e-02,1.166488e-03,3.017735e-04,8.856925e-01,5.612361e-02,3.889933e-04,4.081080e-03,8.957988e-04,8.742173e-04,1.394136e-04,3.346820e-04
1.029039e-02,1.560833e-03,3.319784e-03,8.873410e-03,1.302574e-02,1.105463e-03,2.587675e-04,9.143405e-01,4.066607e-02,2.759493e-04,3.838444e-03,7.522082e-04,1.297482e-03,1.164140e-04,2.785809e-04
9.367192e-03,1.142728e-03,2.351606e-03,6.266064e-03,9.227310e-03,1.048215e-03,2.242981e-04,9.361001e-01,2.905716e-02,1.953725e-04,2.923563e-03,5.845306e-04,1.183892e-03,9.455168e-05,2.334596e-04
1.294525e-02,8.595854e-04,1.731111e-03,4.480487e-03,6.609455e-03,1.165771e-03,2.248422e-04,9.471440e-01,2.072605e-02,1.415866e-04,2.153491e-03,5.461220e-04,9.486652e-04,7.813461e-05,2.453866e-04
2.006621e-02,6.799210e-04,1.385422e-03,3.244342e-03,4.818630e-03,2.061154e-03,2.444473e-04,9.486245e-01,1.540682e-02,1.044571e-04,1.591721e-03,6.526991e-04,8.139921e-04,6.444182e-05,2.412622e-04
5.504942e-02,1.899017e-03,1.640410e-03,2.911734e-03,3.960376e-03,7.962325e-03,3.845002e-04,8.926760e-01,1.865048e-02,2.193619e-04,2.850917e-03,6.122930e-03,4.631310e-03,1.710167e-04,8.701836e-04
6.122918e-02,1.931663e-03,2.030135e-03,1.147422e-02,3.063932e-03,8.274157e-02,3.822465e-04,6.420551e-01,1.554672e-02,1.317234e-03,1.997587e-02,8.706259e-02,6.943417e-02,4.045118e-04,1.350857e-03
7.780387e-02,1.792887e-03,1.794428e-03,1.387030e-02,2.637433e-03,1.075346e-01,4.403016e-04,4.591628e-01,1.429639e-02,1.659232e-03,2.911313e-02,1.632762e-01,1.245301e-01,8.074549e-04,1.280859e-03
7.596517e-02,2.299848e-03,1.450639e-03,1.109169e-02,2.109346e-03,8.395856e-02,4.326624e-04,3.252441e-01,1.367921e-02,1.529955e-03,4.865880e-02,2.662503e-01,1.644255e-01,1.907356e-03,9.968868e-04
5.626179e-02,8.162077e-03,2.201801e-03,8.353349e-03,3.933409e-03,5.942678e-02,3.232230e-04,2.281078e-01,6.549643e-02,2.852388e-03,5.146861e-02,3.026121e-01,2.059180e-01,3.567646e-03,1.314554e-03
4.199276e-02,9.076738e-03,2.493830e-03,6.568338e-03,5.709309e-03,4.254775e-02,2.638885e-04,1.606158e-01,7.564622e-02,8.881420e-03,6.335407e-02,3.495860e-01,2.225507e-01,9.414848e-03,1.298336e-03
3.109233e-02,1.211779e-02,6.870613e-03,5.618685e-03,1.196854e-02,3.035101e-02,3.347165e-04,1.265558e-01,7.335338e-02,1.118950e-02,6.594223e-02,4.196814e-01,1.913831e-01,1.236956e-02,1.171313e-03
2.275823e-02,1.352933e-02,6.736608e-03,4.477938e-03,1.805050e-02,2.156704e-02,2.710673e-04,9.156188e-02,7.873350e-02,1.178684e-02,7.890216e-02,4.727823e-01,1.627678e-01,1.505215e-02,1.022701e-03
1.721071e-02,2.067665e-02,8.713843e-03,4.476028e-03,4.048483e-02,1.595552e-02,3.403657e-04,7.225226e-02,1.166103e-01,9.702487e-03,1.018183e-01,4.561142e-01,1.180209e-01,1.674485e-02,8.787797e-04
1.343037e-02,2.842253e-02,1.073852e-02,3.739222e-03,4.567170e-02,1.273065e-02,4.141391e-04,6.185140e-02,1.934483e-01,8.079264e-03,8.588614e-02,4.332718e-01,8.519969e-02,1.631367e-02,8.025679e-04
1.308362e-02,4.478228e-02,1.696211e-02,3.492445e-03,4.927056e-02,9.391077e-03,3.779833e-04,6.922981e-02,3.183576e-01,6.181385e-03,6.924807e-02,3.237373e-01,6.059584e-02,1.461147e-02,6.783717e-04
1.184571e-02,4.874225e-02,2.662777e-02,4.535680e-03,4.091484e-02,7.983528e-03,3.280493e-04,1.086059e-01,3.924649e-01,4.815764e-03,5.398554e-02,2.403271e-01,4.344641e-02,1.450106e-02,8.754298e-04
1.001939e-02,4.577940e-02,2.362188e-02,4.149477e-03,5.810568e-02,6.450505e-03,4.159805e-04,9.665284e-02,4.955904e-01,3.530750e-03,4.018179e-02,1.712652e-01,3.084342e-02,1.263219e-02,7.610034e-04
1.065718e-02,4.648402e-02,2.320005e-02,5.152904e-03,5.975174e-02,8.973503e-03,6.849981e-04,9.157759e-02,5.557518e-01,3.328666e-03,3.279592e-02,1.223709e-01,2.245662e-02,1.470509e-02,2.108981e-03
1.148806e-02,3.676358e-02,2.641531e-02,1.339536e-02,6.573769e-02,6.960368e-03,1.961017e-03,1.000677e-01,5.876468e-01,3.323577e-03,2.673749e-02,8.710410e-02,1.642545e-02,1.368929e-02,2.284202e-03
1.198812e-02,2.912698e-02,2.012140e-02,1.257431e-02,7.200789e-02,5.594111e-03,1.854185e-03,8.708839e-02,6.335715e-01,2.946864e-03,2.475482e-02,6.224339e-02,1.196812e-02,2.178098e-02,2.378875e-03
1.580952e-02,2.539006e-02,1.517533e-02,1.933912e-02,7.930385e-02,4.454351e-03,2.091908e-03,1.259058e-01,5.985461e-01,2.665255e-03,2.476590e-02,4.411907e-02,8.606505e-03,3.171529e-02,2.111943e-03
3.020525e-02,2.226368e-02,1.528400e-02,3.675845e-02,7.602800e-02,4.700533e-03,2.807942e-03,1.501695e-01,5.701879e-01,2.970600e-03,2.003511e-02,3.185037e-02,6.753666e-03,2.737604e-02,2.608934e-03
7.338634e-02,3.190211e-02,2.359944e-02,4.779190e-02,7.228522e-02,4.321419e-03,2.830122e-03,1.844405e-01,4.719706e-01,6.604864e-03,1.952560e-02,2.532645e-02,6.580175e-03,2.153779e-02,7.897532e-03
1.486274e-01,4.926806e-02,2.923489e-02,5.701833e-02,5.971178e-02,6.161558e-03,3.199410e-03,1.542654e-01,3.961132e-01,7.079746e-03,2.242104e-02,3.179741e-02,6.365118e-03,1.775057e-02,1.098614e-02
1.754565e-01,4.384119e-02,2.802612e-02,5.486278e-02,5.630748e-02,5.804645e-03,2.827405e-03,1.902497e-01,3.563104e-01,6.140545e-03,2.179108e-02,2.690325e-02,5.314196e-03,1.399234e-02,1.217232e-02
2.503851e-01,4.286034e-02,2.933682e-02,4.978589e-02,9.465113e-02,2.902037e-02,3.872123e-03,1.431396e-01,2.777039e-01,5.789758e-03,2.328615e-02,1.975041e-02,5.866649e-03,1.246016e-02,1.209158e-02
2.150490e-01,5.831598e-02,4.741485e-02,7.090072e-02,1.384684e-01,6.781617e-02,9.007193e-03,1.163916e-01,2.105397e-01,4.559140e-03,1.873443e-02,1.422472e-02,4.716578e-03,9.687083e-03,1.417448e-02
2.049572e-01,6.582977e-02,9.908153e-02,6.277260e-02,1.694641e-01,6.827033e-02,7.286929e-03,9.224793e-02,1.702315e-01,4.155687e-03,1.589007e-02,1.017681e-02,3.998572e-03,1.092266e-02,1.471435e-02
1.508882e-01,5.400718e-02,1.354588e-01,2.450998e-01,1.230438e-01,4.948397e-02,5.239498e-03,6.608466e-02,1.225995e-01,4.071318e-03,1.251279e-02,7.247076e-03,2.902254e-03,7.891277e-03,1.346996e-02
1.245593e-01,4.459794e-02,1.694765e-01,3.364430e-01,9.126059e-02,3.726067e-02,3.760747e-03,4.883259e-02,9.171920e-02,5.423979e-03,1.690641e-02,5.408502e-03,2.315382e-03,6.268026e-03,1.576720e-02
1.136573e-01,3.619416e-02,2.459206e-01,3.373596e-01,6.865083e-02,2.736614e-02,2.782214e-03,3.878219e-02,7.893614e-02,6.938864e-03,1.416132e-02,4.187440e-03,2.192650e-03,5.015812e-03,1.785464e-02
1.267635e-01,3.287882e-02,3.009724e-01,2.846886e-01,5.320367e-02,1.972337e-02,2.085199e-03,3.137081e-02,7.866724e-02,1.391740e-02,1.737964e-02,3.447089e-03,2.665523e-03,4.493451e-03,2.774329e-02
2.350718e-01,3.101349e-02,2.898895e-01,2.240544e-01,4.094523e-02,1.612663e-02,2.051211e-03,2.565537e-02,6.119396e-02,1.229767e-02,1.460368e-02,4.554805e-03,2.500065e-03,5.277258e-03,3.476486e-02
3.616624e-01,3.079784e-02,2.078844e-01,1.640737e-01,4.464714e-02,3.628283e-02,2.076460e-03,2.259893e-02,5.115160e-02,2.418287e-02,1.200937e-02,4.988083e-03,2.113793e-03,4.220190e-03,3.131032e-02
2.690449e-01,2.461700e-02,1.469831e-01,1.157176e-01,3.247871e-02,2.933075e-01,1.512229e-03,1.654798e-02,3.609155e-02,2.302433e-02,9.413661e-03,3.729025e-03,1.614444e-03,3.210434e-03,2.270738e-02
1.902691e-01,1.744878e-02,1.029792e-01,8.149102e-02,2.279826e-02,4.231846e-01,1.108756e-03,1.186685e-02,2.856545e-02,3.912285e-02,2.322782e-02,2.920385e-03,1.656768e-03,5.440542e-03,4.791961e-02
1.337795e-01,1.245736e-02,7.213114e-02,5.759599e-02,1.603951e-02,4.671161e-01,8.075966e-04,8.414644e-03,3.663536e-02,8.987328e-02,2.090640e-02,2.131062e-03,1.574692e-03,4.737790e-03,7.579961e-02
9.431235e-02,8.761021e-03,5.056627e-02,4.080857e-02,1.128204e-02,3.426656e-01,5.807893e-04,5.931492e-03,4.246045e-02,2.016828e-01,1.542989e-02,1.526717e-03,1.528312e-03,3.451243e-03,1.790125e-01
6.611136e-02,6.156731e-03,3.545591e-02,2.860055e-02,7.923432e-03,2.420621e-01,4.472834e-04,4.167991e-03,5.948299e-02,3.406847e-01,1.294400e-02,1.279545e-03,2.965494e-03,2.814999e-03,1.889030e-01
4.642053e-02,4.334192e-03,2.485123e-02,2.006419e-02,5.687403e-03,1.698972e-01,3.319294e-04,2.935823e-03,9.021576e-02,3.326963e-01,1.023333e-02,9.559469e-04,2.699635e-03,2.184311e-03,2.864922e-01
3.253198e-02,3.057437e-03,1.741587e-02,1.405595e-02,4.212164e-03,1.190299e-01,2.681692e-04,2.098539e-03,6.660156e-02,3.050888e-01,1.335035e-02,1.324347e-03,6.269360e-03,2.429702e-03,4.122658e-01
2.281493e-02,2.145065e-03,1.219716e-02,9.842289e-03,3.000607e-03,8.337238e-02,2.289444e-04,1.479169e-03,4.813484e-02,2.525836e-01,1.245020e-02,1.209368e-03,5.619565e-03,2.943075e-03,5.419788e-01
1.598583e-02,1.502262e-03,8.538819e-03,6.891111e-03,2.149094e-03,5.836847e-02,1.649991e-04,1.036586e-03,3.385668e-02,1.791723e-01,9.011786e-03,8.891359e-04,4.013113e-03,2.173341e-03,6.762464e-01
1.139205e-02,1.056547e-03,5.980870e-03,4.834284e-03,1.771816e-03,4.090270e-02,1.208564e-04,7.352920e-04,2.392130e-02,1.304706e-01,7.066201e-03,7.069525e-04,2.933982e-03,1.881246e-03,7.662253e-01
8.011085e-03,7.446647e-04,4.191032e-03,3.387799e-03,2.784953e-03,2.864657e-02,8.645105e-05,5.256743e-04,1.690128e-02,9.440961e-02,5.557983e-03,5.209378e-04,2.182090e-03,1.543318e-03,8.305066e-01
9.429445e-03,6.025232e-04,3.020057e-03,2.560003e-03,1.122416e-02,2.080040e-02,9.998561e-05,6.752490e-04,1.265150e-02,7.828492e-02,8.222172e-03,1.556840e-03,3.324029e-03,3.299158e-03,8.442495e-01
8.703176e-03,4.669104e-04,2.290606e-03,1.976558e-03,2.019596e-02,1.490250e-02,1.096793e-04,1.223487e-03,9.726395e-03,6.389191e-02,2.310796e-02,4.385551e-03,3.534424e-03,3.962683e-03,8.415222e-01
1.025557e-02,4.637672e-04,2.359763e-03,2.033934e-03,6.598140e-02,1.108820e-02,2.176660e-04,3.432207e-03,9.446695e-03,5.758526e-02,3.916196e-02,6.052569e-03,4.423239e-03,6.281629e-03,7.812161e-01
1.854226e-02,8.671964e-04,1.306334e-02,3.880924e-03,1.021852e-01,9.767686e-03,6.844276e-04,2.305090e-02,1.543792e-02,6.033266e-02,7.621360e-02,1.480376e-02,6.618363e-03,1.927669e-02,6.352751e-01
3.067395e-02,1.875170e-03,2.070369e-02,4.148399e-03,1.371790e-01,1.008875e-02,1.434613e-03,4.391478e-02,9.397157e-02,5.036485e-02,8.754145e-02,1.900180e-02,7.518877e-03,2.644336e-02,4.651399e-01
4.131669e-02,1.732144e-03,5.234294e-02,6.319597e-03,1.075332e-01,8.045241e-03,3.996510e-03,2.061915e-01,7.359459e-02,3.717235e-02,7.874502e-02,1.499643e-02,7.719537e-03,2.644077e-02,3.338536e-01
7.459862e-02,5.210224e-03,7.529758e-02,1.546341e-02,1.006570e-01,1.048623e-02,6.106669e-03,2.449163e-01,7.821838e-02,3.057706e-02,7.053252e-02,1.342770e-02,7.803351e-03,2.637408e-02,2.403310e-01
7.025950e-02,2.718128e-02,8.312105e-02,1.892035e-02,9.015506e-02,8.907268e-03,5.694346e-03,1.892864e-01,2.198440e-01,2.528044e-02,5.479881e-02,1.020883e-02,6.895853e-03,2.019405e-02,1.692528e-01
6.353696e-02,2.450862e-02,8.643784e-02,1.813722e-02,1.614463e-01,1.438731e-02,9.341607e-03,1.448015e-01,2.601880e-01,2.397259e-02,4.252195e-02,7.336454e-03,6.126532e-03,1.624682e-02,1.210104e-01
5.383806e-02,2.276769e-02,7.570863e-02,1.537389e-02,1.978059e-01,1.930235e-02,1.238917e-02,1.140318e-01,3.240677e-01,2.366259e-02,3.259583e-02,5.204438e-03,4.884275e-03,1.282450e-02,8.554330e-02
5.853231e-02,4.583643e-02,5.913058e-02,2.793183e-02,1.871843e-01,2.099190e-02,1.039157e-02,1.385278e-01,2.843906e-01,5.439404e-02,2.861176e-02,3.921504e-03,4.042104e-03,1.552376e-02,6.058955e-02
5.908035e-02,5.402633e-02,4.392198e-02,3.299739e-02,1.762606e-01,1.724529e-02,7.670841e-03,1.274457e-01,3.119157e-01,8.339731e-02,2.289162e-02,3.048130e-03,3.420801e-03,1.379133e-02,4.288669e-02
6.924052e-02,4.734471e-02,3.363528e-02,4.102897e-02,1.663123e-01,1.339120e-02,5.828908e-03,2.095313e-01,2.700594e-01,7.857442e-02,1.764329e-02,2.768088e-03,3.378279e-03,1.102031e-02,3.024304e-02
8.221680e-02,3.797868e-02,2.519548e-02,3.674456e-02,1.300608e-01,1.031083e-02,5.016555e-03,3.645371e-01,1.995103e-01,6.045111e-02,1.329671e-02,2.385145e-03,2.809617e-03,7.944720e-03,2.154155e-02
6.734736e-02,2.726138e-02,1.862575e-02,2.916606e-02,9.732773e-02,7.937305e-03,3.743737e-03,5.298737e-01,1.414051e-01,4.292490e-02,9.642886e-03,1.847071e-03,2.100633e-03,5.630912e-03,1.516543e-02
8.018748e-02,1.972735e-02,1.387122e-02,2.183133e-02,7.333515e-02,6.524333e-03,3.029926e-03,6.255491e-01,9.999629e-02,3.046564e-02,7.253006e-03,1.680538e-03,1.765572e-03,4.012426e-03,1.077061e-02
1.375648e-01,1.662146e-02,1.128749e-02,1.697555e-02,5.802628e-02,5.556392e-03,2.802324e-03,6.341761e-01,7.430795e-02,2.206258e-02,5.820241e-03,1.974351e-03,1.747369e-03,3.061701e-03,8.015388e-03
1.935869e-01,1.316454e-02,8.900126e-03,1.355770e-02,4.729820e-02,5.681721e-03,3.141771e-03,6.237999e-01,5.553569e-02,1.576595e-02,5.337375e-03,2.771073e-03,2.219311e-03,2.538457e-03,6.701320e-03
2.478099e-01,1.173444e-02,1.065407e-02,1.310936e-02,4.050675e-02,8.446697e-03,2.920557e-03,5.827913e-01,4.156017e-02,1.180466e-02,8.599283e-03,6.957015e-03,3.533158e-03,2.776905e-03,6.795705e-03
3.207948e-01,1.306067e-02,1.523187e-02,1.827129e-02,3.290650e-02,8.345303e-03,2.445547e-03,4.824701e-01,3.421038e-02,1.562101e-02,1.673653e-02,1.423503e-02,7.980578e-03,3.388932e-03,1.430150e-02
2.337816e-01,1.437273e-02,1.215290e-01,1.375512e-01,2.340531e-02,6.141348e-03,1.746075e-03,3.407506e-01,3.284303e-02,2.214525e-02,1.785873e-02,1.187815e-02,8.785114e-03,2.526387e-03,2.468548e-02
1.798578e-01,1.424059e-02,1.088965e-01,1.738240e-01,1.727245e-02,5.099893e-03,1.316418e-03,2.441545e-01,7.023375e-02,3.241981e-02,2.967072e-02,1.079800e-02,1.381367e-02,2.189999e-03,9.621193e-02
