1.000000e+00,0.000000e+00,0.000000e+00,0.000000e+00,0.000000e+00,0.000000e+00,0.000000e+00,0.000000e+00,0.000000e+00,0.000000e+00,0.000000e+00,0.000000e+00,0.000000e+00,0.000000e+00,0.000000e+00
1.000000e+00,0.000000e+00,0.000000e+00,0.000000e+00,0.000000e+00,0.000000e+00,0.000000e+00,0.000000e+00,0.000000e+00,0.000000e+00,0.000000e+00,0.000000e+00,0.000000e+00,0.000000e+00,0.000000e+00
1.000000e+00,0.000000e+00,0.000000e+00,0.000000e+00,0.000000e+00,0.000000e+00,0.000000e+00,0.000000e+00,0.000000e+00,0.000000e+00,0.000000e+00,0.000000e+00,0.000000e+00,0.000000e+00,0.000000e+00
1.000000e+00,0.000000e+00,0.000000e+00,0.000000e+00,0.000000e+00,0.000000e+00,0.000000e+00,0.000000e+00,0.000000e+00,0.000000e+00,0.000000e+00,0.000000e+00,0.000000e+00,0.000000e+00,0.000000e+00
1.000000e+00,0.000000e+00,0.000000e+00,0.000000e+00,0.000000e+00,0.000000e+00,0.000000e+00,0.000000e+00,0.000000e+00,0.000000e+00,0.000000e+00,0.000000e+00,0.000000e+00,0.000000e+00,0.000000e+00
1.000000e+00,0.000000e+00,0.000000e+00,0.000000e+00,0.000000e+00,0.000000e+00,0.000000e+00,0.000000e+00,0.000000e+00,0.000000e+00,0.000000e+00,0.000000e+00,0.000000e+00,0.000000e+00,0.000000e+00
1.000000e+00,0.000000e+00,0.000000e+00,0.000000e+00,0.000000e+00,0.000000e+00,0.000000e+00,0.000000e+00,0.000000e+00,0.000000e+00,0.000000e+00,0.000000e+00,0.000000e+00,0.000000e+00,0.000000e+00
1.000000e+00,0.000000e+00,0.000000e+00,0.000000e+00,0.000000e+00,0.000000e+00,0.000000e+00,0.000000e+00,0.000000e+00,0.000000e+00,0.000000e+00,0.000000e+00,0.000000e+00,0.000000e+00,0.000000e+00
1.000000e+00,0.000000e+00,0.000000e+00,0.000000e+00,0.000000e+00,0.000000e+00,0.000000e+00,0.000000e+00,0.000000e+00,0.000000e+00,0.000000e+00,0.000000e+00,0.000000e+00,0.000000e+00,0.000000e+00
1.000000e+00,0.000000e+00,0.000000e+00,0.000000e+00,0.000000e+00,0.000000e+00,0.000000e+00,0.000000e+00,0.000000e+00,0.000000e+00,0.000000e+00,0.000000e+00,0.000000e+00,0.000000e+00,0.000000e+00
1.000000e+00,0.000000e+00,0.000000e+00,0.000000e+00,0.000000e+00,0.000000e+00,0.000000e+00,0.000000e+00,0.000000e+00,0.000000e+00,0.000000e+00,0.000000e+00,0.000000e+00,0.000000e+00,0.000000e+00
1.000000e+00,0.000000e+00,0.000000e+00,0.000000e+00,0.000000e+00,0.000000e+00,0.000000e+00,0.000000e+00,0.000000e+00,0.000000e+00,0.000000e+00,0.000000e+00,0.000000e+00,0.000000e+00,0.000000e+00
1.000000e+00,0.000000e+00,0.000000e+00,0.000000e+00,0.000000e+00,0.000000e+00,0.000000e+00,0.000000e+00,0.000000e+00,0.000000e+00,0.000000e+00,0.000000e+00,0.000000e+00,0.000000e+00,0.000000e+00
1.000000e+00,0.000000e+00,0.000000e+00,0.000000e+00,0.000000e+00,0.000000e+00,0.000000e+00,0.000000e+00,0.000000e+00,0.000000e+00,0.000000e+00,0.000000e+00,0.000000e+00,0.000000e+00,0.000000e+00
1.000000e+00,0.000000e+00,0.000000e+00,0.000000e+00,0.000000e+00,0.000000e+00,0.000000e+00,0.000000e+00,0.000000e+00,0.000000e+00,0.000000e+00,0.000000e+00,0.000000e+00,0.000000e+00,0.000000e+00
1.000000e+00,0.000000e+00,0.000000e+00,0.000000e+00,0.000000e+00,0.000000e+00,0.000000e+00,0.000000e+00,0.000000e+00,0.000000e+00,0.000000e+00,0.000000e+00,0.000000e+00,0.000000e+00,0.000000e+00
1.000000e+00,0.000000e+00,0.000000e+00,0.000000e+00,0.000000e+00,0.000000e+00,0.000000e+00,0.000000e+00,0.000000e+00,0.000000e+00,0.000000e+00,0.000000e+00,0.000000e+00,0.000000e+00,0.000000e+00
1.000000e+00,0.000000e+00,0.000000e+00,0.000000e+00,0.000000e+00,0.000000e+00,0.000000e+00,0.000000e+00,0.000000e+00,0.000000e+00,0.000000e+00,0.000000e+00,0.000000e+00,0.000000e+00,0.000000e+00
1.000000e+00,0.000000e+00,0.000000e+00,0.000000e+00,0.000000e+00,0.000000e+00,0.000000e+00,0.000000e+00,0.000000e+00,0.000000e+00,0.000000e+00,0.000000e+00,0.000000e+00,0.000000e+00,0.000000e+00
1.000000e+00,0.000000e+00,0.000000e+00,0.000000e+00,0.000000e+00,0.000000e+00,0.000000e+00,0.000000e+00,0.000000e+00,0.000000e+00,0.000000e+00,0.000000e+00,0.000000e+00,0.000000e+00,0.000000e+00
1.000000e+00,0.000000e+00,0.000000e+00,0.000000e+00,0.000000e+00,0.000000e+00,0.000000e+00,0.000000e+00,0.000000e+00,0.000000e+00,0.000000e+00,0.000000e+00,0.000000e+00,0.000000e+00,0.000000e+00
1.000000e+00,0.000000e+00,0.000000e+00,0.000000e+00,0.000000e+00,0.000000e+00,0.000000e+00,0.000000e+00,0.000000e+00,0.000000e+00,0.000000e+00,0.000000e+00,0.000000e+00,0.000000e+00,0.000000e+00
1.000000e+00,0.000000e+00,0.000000e+00,0.000000e+00,0.000000e+00,0.000000e+00,0.000000e+00,0.000000e+00,0.000000e+00,0.000000e+00,0.000000e+00,0.000000e+00,0.000000e+00,0.000000e+00,0.000000e+00
1.000000e+00,0.000000e+00,0.000000e+00,0.000000e+00,0.000000e+00,0.000000e+00,0.000000e+00,0.000000e+00,0.000000e+00,0.000000e+00,0.000000e+00,0.000000e+00,0.000000e+00,0.000000e+00,0.000000e+00
1.000000e+00,0.000000e+00,0.000000e+00,0.000000e+00,0.000000e+00,0.000000e+00,0.000000e+00,0.000000e+00,0.000000e+00,0.000000e+00,0.000000e+00,0.000000e+00,0.000000e+00,0.000000e+00,0.000000e+00
1.000000e+00,0.000000e+00,0.000000e+00,0.000000e+00,0.000000e+00,0.000000e+00,0.000000e+00,0.000000e+00,0.000000e+00,0.000000e+00,0.000000e+00,0.000000e+00,0.000000e+00,0.000000e+00,0.000000e+00
1.000000e+00,0.000000e+00,0.000000e+00,0.000000e+00,0.000000e+00,0.000000e+00,0.000000e+00,0.000000e+00,0.000000e+00,0.000000e+00,0.000000e+00,0.000000e+00,0.000000e+00,0.000000e+00,0.000000e+00
1.000000e+00,0.000000e+00,0.000000e+00,0.000000e+00,0.000000e+00,0.000000e+00,0.000000e+00,0.000000e+00,0.000000e+00,0.000000e+00,0.000000e+00,0.000000e+00,0.000000e+00,0.000000e+00,0.000000e+00
1.000000e+00,0.000000e+00,0.000000e+00,0.000000e+00,0.000000e+00,0.000000e+00,0.000000e+00,0.000000e+00,0.000000e+00,0.000000e+00,0.000000e+00,0.000000e+00,0.000000e+00,0.000000e+00,0.000000e+00
1.000000e+00,0.000000e+00,0.000000e+00,0.000000e+00,0.000000e+00,0.000000e+00,0.000000e+00,0.000000e+00,0.000000e+00,0.000000e+00,0.000000e+00,0.000000e+00,0.000000e+00,0.000000e+00,0.000000e+00
1.000000e+00,0.000000e+00,0.000000e+00,0.000000e+00,0.000000e+00,0.000000e+00,0.000000e+00,0.000000e+00,0.000000e+00,0.000000e+00,0.000000e+00,0.000000e+00,0.000000e+00,0.000000e+00,0.000000e+00
1.000000e+00,0.000000e+00,0.000000e+00,0.000000e+00,0.000000e+00,0.000000e+00,0.000000e+00,0.000000e+00,0.000000e+00,0.000000e+00,0.000000e+00,0.000000e+00,0.000000e+00,0.000000e+00,0.000000e+00
1.000000e+00,0.000000e+00,0.000000e+00,0.000000e+00,0.000000e+00,0.000000e+00,0.000000e+00,0.000000e+00,0.000000e+00,0.000000e+00,0.000000e+00,0.000000e+00,0.000000e+00,0.000000e+00,0.000000e+00
1.000000e+00,0.000000e+00,0.000000e+00,0.000000e+00,0.000000e+00,0.000000e+00,0.000000e+00,0.000000e+00,0.000000e+00,0.000000e+00,0.000000e+00,0.000000e+00,0.000000e+00,0.000000e+00,0.000000e+00
1.000000e+00,0.000000e+00,0.000000e+00,0.000000e+00,0.000000e+00,0.000000e+00,0.000000e+00,0.000000e+00,0.000000e+00,0.000000e+00,0.000000e+00,0.000000e+00,0.000000e+00,0.000000e+00,0.000000e+00
1.000000e+00,0.000000e+00,0.000000e+00,0.000000e+00,0.000000e+00,0.000000e+00,0.000000e+00,0.000000e+00,0.000000e+00,0.000000e+00,0.000000e+00,0.000000e+00,0.000000e+00,0.000000e+00,0.000000e+00
1.000000e+00,0.000000e+00,0.000000e+00,0.000000e+00,0.000000e+00,0.000000e+00,0.000000e+00,0.000000e+00,0.000000e+00,0.000000e+00,0.000000e+00,0.000000e+00,0.000000e+00,0.000000e+00,0.000000e+00
1.000000e+00,0.000000e+00,0.000000e+00,0.000000e+00,0.000000e+00,0.000000e+00,0.000000e+00,0.000000e+00,0.000000e+00,0.000000e+00,0.000000e+00,0.000000e+00,0.000000e+00,0.000000e+00,0.000000e+00
1.000000e+00,0.000000e+00,0.000000e+00,0.000000e+00,0.000000e+00,0.000000e+00,0.000000e+00,0.000000e+00,0.000000e+00,0.000000e+00,0.000000e+00,0.000000e+00,0.000000e+00,0.000000e+00,0.000000e+00
1.000000e+00,0.000000e+00,0.000000e+00,0.000000e+00,0.000000e+00,0.000000e+00,0.000000e+00,0.000000e+00,0.000000e+00,0.000000e+00,0.000000e+00,0.000000e+00,0.000000e+00,0.000000e+00,0.000000e+00
1.000000e+00,0.000000e+00,0.000000e+00,0.000000e+00,0.000000e+00,0.000000e+00,0.000000e+00,0.000000e+00,0.000000e+00,0.000000e+00,0.000000e+00,0.000000e+00,0.000000e+00,0.000000e+00,0.000000e+00
1.000000e+00,0.000000e+00,0.000000e+00,0.000000e+00,0.000000e+00,0.000000e+00,0.000000e+00,0.000000e+00,0.000000e+00,0.000000e+00,0.000000e+00,0.000000e+00,0.000000e+00,0.000000e+00,0.000000e+00
1.000000e+00,0.000000e+00,0.000000e+00,0.000000e+00,0.000000e+00,0.000000e+00,0.000000e+00,0.000000e+00,0.000000e+00,0.000000e+00,0.000000e+00,0.000000e+00,0.000000e+00,0.000000e+00,0.000000e+00
1.000000e+00,0.000000e+00,0.000000e+00,0.000000e+00,0.000000e+00,0.000000e+00,0.000000e+00,0.000000e+00,0.000000e+00,0.000000e+00,0.000000e+00,0.000000e+00,0.000000e+00,0.000000e+00,0.000000e+00
1.000000e+00,0.000000e+00,0.000000e+00,0.000000e+00,0.000000e+00,0.000000e+00,0.000000e+00,0.000000e+00,0.000000e+00,0.000000e+00,0.000000e+00,0.000000e+00,0.000000e+00,0.000000e+00,0.000000e+00
1.000000e+00,0.000000e+00,0.000000e+00,0.000000e+00,0.000000e+00,0.000000e+00,0.000000e+00,0.000000e+00,0.000000e+00,0.000000e+00,0.000000e+00,0.000000e+00,0.000000e+00,0.000000e+00,0.000000e+00
1.000000e+00,0.000000e+00,0.000000e+00,0.000000e+00,0.000000e+00,0.000000e+00,0.000000e+00,0.000000e+00,0.000000e+00,0.000000e+00,0.000000e+00,0.000000e+00,0.000000e+00,0.000000e+00,0.000000e+00
1.000000e+00,0.000000e+00,0.000000e+00,0.000000e+00,0.000000e+00,0.000000e+00,0.000000e+00,0.000000e+00,0.000000e+00,0.000000e+00,0.000000e+00,0.000000e+00,0.000000e+00,0.000000e+00,0.000000e+00
1.000000e+00,0.000000e+00,0.000000e+00,0.000000e+00,0.000000e+00,0.000000e+00,0.000000e+00,0.000000e+00,0.000000e+00,0.000000e+00,0.000000e+00,0.000000e+00,0.000000e+00,0.000000e+00,0.000000e+00
1.000000e+00,0.000000e+00,0.000000e+00,0.000000e+00,0.000000e+00,0.000000e+00,0.000000e+00,0.000000e+00,0.000000e+00,0.000000e+00,0.000000e+00,0.000000e+00,0.000000e+00,0.000000e+00,0.000000e+00
1.000000e+00,0.000000e+00,0.000000e+00,0.000000e+00,0.000000e+00,0.000000e+00,0.000000e+00,0.000000e+00,0.000000e+00,0.000000e+00,0.000000e+00,0.000000e+00,0.000000e+00,0.000000e+00,0.000000e+00
1.000000e+00,0.000000e+00,0.000000e+00,0.000000e+00,0.000000e+00,0.000000e+00,0.000000e+00,0.000000e+00,0.000000e+00,0.000000e+00,0.000000e+00,0.000000e+00,0.000000e+00,0.000000e+00,0.000000e+00
1.000000e+00,0.000000e+00,0.000000e+00,0.000000e+00,0.000000e+00,0.000000e+00,0.000000e+00,0.000000e+00,0.000000e+00,0.000000e+00,0.000000e+00,0.000000e+00,0.000000e+00,0.000000e+00,0.000000e+00
1.000000e+00,0.000000e+00,0.000000e+00,0.000000e+00,0.000000e+00,0.000000e+00,0.000000e+00,0.000000e+00,0.000000e+00,0.000000e+00,0.000000e+00,0.000000e+00,0.000000e+00,0.000000e+00,0.000000e+00
1.000000e+00,0.000000e+00,0.000000e+00,0.000000e+00,0.000000e+00,0.000000e+00,0.000000e+00,0.000000e+00,0.000000e+00,0.000000e+00,0.000000e+00,0.000000e+00,0.000000e+00,0.000000e+00,0.000000e+00
1.000000e+00,0.000000e+00,0.000000e+00,0.000000e+00,0.000000e+00,0.000000e+00,0.000000e+00,0.000000e+00,0.000000e+00,0.000000e+00,0.000000e+00,0.000000e+00,0.000000e+00,0.000000e+00,0.000000e+00
1.000000e+00,0.000000e+00,0.000000e+00,0.000000e+00,0.000000e+00,0.000000e+00,0.000000e+00,0.000000e+00,0.000000e+00,0.000000e+00,0.000000e+00,0.000000e+00,0.000000e+00,0.000000e+00,0.000000e+00
1.000000e+00,0.000000e+00,0.000000e+00,0.000000e+00,0.000000e+00,0.000000e+00,0.000000e+00,0.000000e+00,0.000000e+00,0.000000e+00,0.000000e+00,0.000000e+00,0.000000e+00,0.000000e+00,0.000000e+00
1.000000e+00,0.000000e+00,0.000000e+00,0.000000e+00,0.000000e+00,0.000000e+00,0.000000e+00,0.000000e+00,0.000000e+00,0.000000e+00,0.000000e+00,0.000000e+00,0.000000e+00,0.000000e+00,0.000000e+00
1.000000e+00,0.000000e+00,0.000000e+00,0.000000e+00,0.000000e+00,0.000000e+00,0.000000e+00,0.000000e+00,0.000000e+00,0.000000e+00,0.000000e+00,0.000000e+00,0.000000e+00,0.000000e+00,0.000000e+00
1.000000e+00,0.000000e+00,0.000000e+00,0.000000e+00,0.000000e+00,0.000000e+00,0.000000e+00,0.000000e+00,0.000000e+00,0.000000e+00,0.000000e+00,0.000000e+00,0.000000e+00,0.000000e+00,0.000000e+00
1.000000e+00,0.000000e+00,0.000000e+00,0.000000e+00,0.000000e+00,0.000000e+00,0.000000e+00,0.000000e+00,0.000000e+00,0.000000e+00,0.000000e+00,0.000000e+00,0.000000e+00,0.000000e+00,0.000000e+00
3.616138e-01,3.533322e-02,7.140864e-02,3.853826e-01,4.924013e-03,8.793913e-03,1.981148e-03,3.293201e-03,3.561756e-02,4.874847e-03,5.617010e-03,8.738358e-03,1.128631e-02,1.168251e-03,5.996712e-02
3.553954e-01,3.537407e-02,1.097799e-01,3.526303e-01,4.100734e-03,9.244084e-03,1.650046e-03,3.880077e-03,3.010036e-02,5.997982e-03,8.408709e-03,7.666344e-03,9.728152e-03,1.585650e-03,6.445828e-02
3.005872e-01,3.475359e-02,2.024868e-01,2.758963e-01,3.160018e-03,9.850305e-03,1.233303e-03,3.212543e-03,3.202540e-02,1.843271e-02,2.587151e-02,6.075684e-03,1.094711e-02,6.751727e-03,6.871577e-02
2.159731e-01,2.913758e-02,2.014379e-01,3.876531e-01,2.469924e-03,7.529912e-03,9.355280e-04,2.409687e-03,3.516176e-02,1.606809e-02,2.130736e-02,4.458345e-03,8.098857e-03,5.032925e-03,6.232591e-02
1.544968e-01,2.367362e-02,2.109954e-01,4.191658e-01,1.878157e-03,5.951359e-03,6.998901e-04,1.797906e-03,5.308744e-02,2.326728e-02,3.607106e-02,3.429938e-03,6.645821e-03,4.343427e-03,5.449612e-02
1.110469e-01,2.020593e-02,1.767597e-01,3.807913e-01,1.454588e-03,5.317659e-03,5.329745e-04,1.452114e-03,1.105182e-01,6.366692e-02,7.270634e-02,3.005290e-03,7.000829e-03,4.144094e-03,4.139718e-02
7.794099e-02,1.772574e-02,1.286099e-01,4.131045e-01,1.106042e-03,4.076196e-03,3.911761e-04,1.065818e-03,1.923350e-01,5.005342e-02,7.147098e-02,2.299627e-03,5.092362e-03,3.461354e-03,3.126688e-02
5.474710e-02,1.350269e-02,9.394262e-02,4.080783e-01,1.097861e-03,2.939782e-03,3.810906e-04,8.978253e-04,2.588770e-01,3.973258e-02,9.192678e-02,2.923165e-03,3.820609e-03,3.414429e-03,2.371824e-02
3.838090e-02,9.525820e-03,6.603293e-02,2.968393e-01,8.605555e-04,2.100989e-03,3.363788e-04,6.481007e-04,2.350201e-01,2.969881e-02,1.868470e-01,1.094094e-01,4.438810e-03,2.895368e-03,1.696552e-02
2.691948e-02,6.772769e-03,4.692055e-02,2.251305e-01,7.497804e-04,1.671173e-03,3.540366e-04,5.026139e-04,2.076298e-01,2.319582e-02,1.537470e-01,2.876508e-01,3.669051e-03,2.499005e-03,1.258766e-02
1.888106e-02,4.777703e-03,3.300334e-02,1.616851e-01,1.416994e-03,1.307614e-03,3.003778e-04,3.797018e-04,1.513976e-01,1.702104e-02,1.345980e-01,4.605405e-01,2.999107e-03,2.735771e-03,8.956069e-03
1.323877e-02,3.368375e-03,2.315368e-02,1.167532e-01,1.697699e-03,1.182768e-03,2.377517e-04,2.827550e-04,1.087253e-01,1.228582e-02,1.137225e-01,5.943223e-01,2.322335e-03,2.360391e-03,6.346441e-03
9.295293e-03,2.366683e-03,1.623451e-02,8.283243e-02,2.324761e-03,1.038838e-03,1.827885e-04,2.258022e-04,7.649922e-02,9.227130e-03,9.973241e-02,6.916802e-01,1.804079e-03,2.093527e-03,4.462408e-03
6.593853e-03,1.663976e-03,1.137886e-02,5.813577e-02,2.240367e-03,1.118383e-03,1.355913e-04,1.811415e-04,5.361185e-02,6.511141e-03,9.624193e-02,7.556313e-01,1.316411e-03,2.098487e-03,3.140954e-03
4.700863e-03,1.201063e-03,8.015270e-03,4.075380e-02,2.751646e-03,1.094865e-03,1.007451e-04,1.925054e-04,3.755554e-02,4.606744e-03,8.307228e-02,8.110249e-01,9.705756e-04,1.749179e-03,2.210013e-03
3.355074e-03,8.604872e-04,5.635911e-03,2.854750e-02,3.432261e-03,8.337019e-04,8.798383e-05,2.029818e-04,2.632552e-02,3.259422e-03,6.275432e-02,8.608835e-01,7.259723e-04,1.544912e-03,1.550465e-03
2.442830e-03,6.230360e-04,3.968938e-03,1.999712e-02,3.031717e-03,6.510475e-04,7.896137e-05,2.071174e-04,1.845196e-02,2.331466e-03,4.848473e-02,8.965334e-01,5.532763e-04,1.557009e-03,1.087357e-03
1.842039e-03,5.439003e-04,2.832219e-03,1.401617e-02,2.553769e-03,5.524523e-04,8.013695e-05,2.332720e-04,1.298254e-02,1.675245e-03,4.090138e-02,9.191821e-01,4.292036e-04,1.408554e-03,7.669564e-04
1.416516e-03,4.135165e-04,1.994946e-03,9.820866e-03,1.879084e-03,5.211125e-04,7.246923e-05,1.997953e-04,9.112826e-03,1.203778e-03,3.759441e-02,9.336657e-01,3.431589e-04,1.221104e-03,5.407203e-04
1.095267e-03,3.557199e-04,1.416712e-03,6.884434e-03,1.410721e-03,4.276072e-04,6.501341e-05,1.678816e-04,6.420260e-03,8.860707e-04,4.761681e-02,9.314706e-01,2.930484e-04,1.105134e-03,3.847571e-04
1.258365e-03,3.880321e-04,1.054175e-03,4.843473e-03,1.345739e-03,6.549817e-04,7.714677e-05,2.136113e-04,4.669899e-03,7.473584e-04,7.442613e-02,9.084702e-01,3.692697e-04,1.190312e-03,2.914040e-04
1.347332e-03,3.735612e-04,7.934887e-04,3.409086e-03,1.181117e-03,5.948693e-04,8.575556e-05,2.592344e-04,3.370551e-03,6.688547e-04,1.382253e-01,8.474954e-01,4.761398e-04,1.500053e-03,2.192613e-04
1.260048e-03,1.927060e-03,1.070078e-03,2.573071e-03,1.168518e-02,2.752195e-03,1.771795e-04,2.384445e-03,6.248581e-03,5.855457e-04,1.164266e-01,8.504693e-01,4.200532e-04,1.812136e-03,2.085393e-04
1.293649e-03,2.879704e-03,1.859087e-03,2.229294e-03,1.079826e-02,2.428184e-03,2.336114e-04,6.108989e-03,1.088762e-02,7.270918e-04,1.336464e-01,8.235452e-01,3.328420e-04,2.844562e-03,1.854926e-04
1.153809e-03,2.886817e-03,1.847391e-03,1.779718e-03,1.195992e-02,1.952913e-03,2.841424e-04,6.856811e-03,2.445251e-02,1.097484e-03,1.476538e-01,7.945472e-01,3.021233e-04,3.049543e-03,1.758445e-04
1.592689e-03,2.441031e-03,1.511830e-02,2.849557e-03,1.230233e-02,5.759832e-03,1.196528e-02,8.146033e-02,2.319571e-02,2.690907e-03,1.341113e-01,7.023115e-01,5.294299e-04,3.509327e-03,1.625140e-04
3.337000e-03,2.070008e-03,1.218701e-02,2.417305e-03,1.862552e-02,5.058589e-03,9.737932e-03,6.311087e-02,2.993314e-02,5.564335e-03,2.178769e-01,6.242347e-01,8.564884e-04,4.746830e-03,2.434277e-04
4.923130e-03,3.744704e-03,9.663947e-03,2.005359e-03,2.362564e-02,5.972919e-03,7.231696e-03,4.857402e-02,1.921256e-01,8.137322e-03,1.835349e-01,5.044718e-01,1.130386e-03,4.514144e-03,3.444414e-04
7.373573e-03,6.211129e-03,1.296035e-02,2.323773e-03,4.724121e-02,5.303674e-03,5.988862e-03,6.438351e-02,2.481548e-01,1.077504e-02,1.719698e-01,4.111176e-01,1.256671e-03,4.471421e-03,4.687356e-04
2.041986e-02,8.769229e-03,1.715786e-02,2.817578e-03,7.739162e-02,5.520495e-03,4.489937e-03,6.252363e-02,2.672744e-01,1.684777e-02,2.115657e-01,2.949788e-01,1.259278e-03,8.153066e-03,8.307393e-04
2.705190e-02,1.323318e-02,2.138299e-02,1.412307e-02,1.371626e-01,4.861176e-03,3.335204e-03,9.832389e-02,2.845239e-01,1.570168e-02,1.618077e-01,2.086928e-01,1.227240e-03,7.266173e-03,1.306398e-03
3.141734e-02,1.804677e-02,1.685923e-02,1.160123e-02,1.136386e-01,1.326284e-02,2.435634e-03,8.804496e-02,4.023401e-01,1.562580e-02,1.287705e-01,1.478639e-01,1.022594e-03,6.628603e-03,2.441859e-03
3.707523e-02,2.077920e-02,1.621347e-02,2.441191e-02,1.105105e-01,1.304079e-02,1.858608e-03,1.298818e-01,4.292406e-01,1.235292e-02,9.185188e-02,1.043239e-01,8.745308e-04,4.923200e-03,2.661572e-03
4.409013e-02,2.311858e-02,1.588930e-02,2.660501e-02,1.254773e-01,1.636304e-02,1.481207e-03,1.679931e-01,4.183604e-01,9.939349e-03,6.886882e-02,7.401500e-02,7.373983e-04,4.290964e-03,2.770483e-03
5.541578e-02,4.180028e-02,1.430060e-02,2.583949e-02,1.285721e-01,2.319793e-02,1.128277e-03,1.515818e-01,4.289266e-01,9.536030e-03,5.712879e-02,5.250700e-02,6.270747e-04,6.139675e-03,3.298506e-03
7.713131e-02,5.323534e-02,1.484502e-02,3.359186e-02,1.157863e-01,2.234161e-02,1.008681e-03,1.455525e-01,4.250389e-01,9.660285e-03,4.649755e-02,3.889006e-02,7.413500e-04,8.287767e-03,7.391554e-03
8.868518e-02,6.340884e-02,1.233171e-02,3.030873e-02,1.030556e-01,2.607381e-02,8.095456e-04,1.092633e-01,4.689470e-01,9.799798e-03,3.891635e-02,2.885131e-02,7.106031e-04,9.012031e-03,9.826169e-03
7.844211e-02,6.056417e-02,1.162151e-02,1.193697e-01,9.400450e-02,1.977031e-02,8.299155e-04,1.348429e-01,3.972885e-01,7.927728e-03,2.868648e-02,2.148545e-02,9.250542e-04,6.565636e-03,1.767607e-02
7.518640e-02,5.069023e-02,9.594399e-03,9.296242e-02,9.494504e-02,1.903304e-01,1.656771e-03,9.689562e-02,3.192192e-01,6.425573e-03,2.147042e-02,1.536580e-02,1.079804e-03,5.016596e-03,1.916139e-02
6.617546e-02,3.968894e-02,8.038137e-03,6.960884e-02,7.950830e-02,3.606007e-01,1.507086e-03,6.934787e-02,2.418549e-01,1.135904e-02,1.589648e-02,1.100097e-02,1.020436e-03,3.925735e-03,2.046712e-02
9.607826e-02,3.327557e-02,8.253183e-03,5.396141e-02,6.175543e-02,4.031493e-01,1.538749e-03,5.049563e-02,1.797417e-01,3.835162e-02,1.731910e-02,8.856509e-03,3.049305e-03,6.774295e-03,3.739993e-02
1.148013e-01,3.000807e-02,8.758329e-03,4.262197e-02,5.139741e-02,3.836759e-01,1.515102e-03,3.814403e-02,1.605627e-01,9.221087e-02,1.774285e-02,7.282616e-03,3.745044e-03,8.328708e-03,3.920511e-02
1.706504e-01,2.434484e-02,1.462809e-02,3.571948e-02,5.515808e-02,3.326834e-01,2.664294e-03,5.547606e-02,1.378355e-01,1.023469e-01,1.706851e-02,5.700956e-03,4.873906e-03,8.306216e-03,3.254350e-02
2.102197e-01,1.959318e-02,1.451264e-02,2.685877e-02,4.835528e-02,2.659682e-01,2.418518e-03,4.427091e-02,1.058133e-01,2.002875e-01,1.454100e-02,4.300517e-03,3.874617e-03,7.911112e-03,3.107484e-02
2.390463e-01,1.676311e-02,1.460896e-02,2.010030e-02,4.071044e-02,2.607034e-01,2.009223e-03,3.318875e-02,7.907861e-02,2.357166e-01,1.287066e-02,3.350256e-03,3.018593e-03,7.604216e-03,3.123061e-02
2.278721e-01,1.589243e-02,1.499957e-02,1.499565e-02,3.568953e-02,2.516800e-01,1.940714e-03,2.698611e-02,5.932350e-02,2.938089e-01,1.318162e-02,3.095401e-03,2.711481e-03,9.640155e-03,2.818288e-02
2.223018e-01,1.667179e-02,2.236959e-02,2.407965e-02,4.592725e-02,2.112160e-01,3.516947e-03,4.070461e-02,6.007946e-02,2.714961e-01,1.881287e-02,1.094408e-02,4.431290e-03,1.359277e-02,3.385586e-02
1.804115e-01,3.997374e-02,1.033793e-01,5.070861e-02,3.794273e-02,1.532771e-01,2.864533e-03,3.276289e-02,5.071976e-02,2.487253e-01,1.945846e-02,1.245733e-02,4.608752e-03,1.069166e-02,5.201831e-02
1.321400e-01,3.420831e-02,2.540515e-01,6.055009e-02,2.707082e-02,1.084270e-01,2.082237e-03,2.333342e-02,3.969556e-02,2.293713e-01,1.534880e-02,9.406822e-03,3.927422e-03,7.572380e-03,5.281441e-02
9.373783e-02,2.714840e-02,4.056818e-01,6.536790e-02,1.923290e-02,7.623085e-02,1.534838e-03,1.640047e-02,3.168231e-02,1.714536e-01,1.231787e-02,7.081278e-03,3.153231e-03,5.610602e-03,6.336617e-02
6.587510e-02,2.108430e-02,4.229828e-01,6.707854e-02,1.360502e-02,5.361368e-02,1.099817e-03,1.149020e-02,3.940672e-02,1.302933e-01,1.331806e-02,5.428087e-03,3.009265e-03,6.405099e-03,1.453100e-01
4.719206e-02,1.752904e-02,3.827533e-01,7.188250e-02,9.844514e-03,3.821608e-02,8.461329e-04,8.111183e-03,7.803879e-02,1.140427e-01,4.756272e-02,5.949307e-03,5.589250e-03,1.191862e-02,1.605238e-01
3.322314e-02,1.398923e-02,2.845055e-01,9.012522e-02,6.968440e-03,2.708230e-02,6.081520e-04,5.719433e-03,1.774378e-01,9.675623e-02,6.905504e-02,1.377050e-02,1.263018e-02,1.196147e-02,1.561673e-01
2.691363e-02,1.199303e-02,2.050229e-01,9.450799e-02,5.349977e-03,1.918414e-02,8.491413e-04,4.523712e-03,1.899921e-01,7.562007e-02,1.251526e-01,1.556845e-02,1.291300e-02,4.359966e-02,1.688095e-01
2.470911e-02,1.130376e-02,1.499931e-01,9.708139e-02,5.436374e-03,1.373825e-02,1.360257e-03,3.817596e-03,1.968750e-01,6.451987e-02,1.515153e-01,1.448504e-02,1.039326e-02,1.019542e-01,1.528174e-01
1.786379e-02,8.227131e-03,1.059961e-01,6.955662e-02,4.024907e-03,1.023344e-02,1.010736e-03,2.792519e-03,1.535555e-01,5.382895e-02,2.095088e-01,1.387658e-02,1.170620e-02,9.683044e-02,2.409882e-01
1.284968e-02,5.955360e-03,7.478601e-02,4.998881e-02,4.141727e-03,7.365127e-03,7.822118e-04,2.101242e-03,1.128045e-01,4.101643e-02,2.000535e-01,1.146725e-02,1.032610e-02,1.253948e-01,3.409672e-01
9.251667e-03,4.370643e-03,5.254060e-02,3.525665e-02,3.188393e-03,5.375374e-03,5.691406e-04,1.589533e-03,8.184689e-02,3.016467e-02,1.904574e-01,8.868295e-03,8.425975e-03,2.571203e-01,3.109744e-01
6.644695e-03,3.266150e-03,3.703935e-02,2.491290e-02,2.448933e-03,4.232172e-03,4.151741e-04,1.253946e-03,5.975411e-02,2.286662e-02,2.539830e-01,6.558299e-03,6.637277e-03,2.696505e-01,3.003369e-01
4.783367e-03,2.701763e-03,2.623226e-02,1.762729e-02,2.140445e-03,3.909959e-03,3.127332e-04,1.026085e-03,4.810823e-02,1.817701e-02,2.974342e-01,5.175543e-03,5.515260e-03,2.632857e-01,3.035701e-01
3.525918e-03,2.234137e-03,1.874042e-02,1.276747e-02,2.482048e-03,4.239651e-03,3.581803e-04,1.113723e-03,4.875058e-02,2.018572e-02,3.081985e-01,4.897764e-03,6.501228e-03,2.364067e-01,3.295979e-01
2.565312e-03,1.632364e-03,1.330983e-02,9.271739e-03,2.518216e-03,3.779157e-03,3.276472e-04,1.127925e-03,3.970670e-02,3.214064e-02,3.172148e-01,4.436285e-03,6.251720e-03,1.960160e-01,3.697016e-01
1.959147e-03,1.306304e-03,9.441938e-03,7.516294e-03,3.770796e-03,3.985239e-03,3.348908e-04,1.289934e-03,4.646082e-02,2.931471e-02,3.853557e-01,4.602878e-03,7.154412e-03,1.574409e-01,3.400660e-01
1.499662e-03,1.690170e-03,7.219372e-03,5.667895e-03,1.235134e-02,3.369156e-03,6.151689e-04,1.811089e-03,5.387133e-02,2.608835e-02,4.692326e-01,4.686884e-03,6.285303e-03,1.332403e-01,2.723714e-01
1.332506e-03,2.441722e-03,5.708429e-03,4.709310e-03,2.366001e-02,3.472941e-03,1.417423e-03,2.757702e-03,8.266374e-02,2.606200e-02,5.047383e-01,5.677880e-03,5.794914e-03,1.139700e-01,2.155930e-01
1.478500e-03,3.007049e-03,5.475064e-03,3.863557e-03,3.626140e-02,4.617670e-03,1.917667e-03,4.104822e-03,9.226881e-02,3.033133e-02,5.437005e-01,8.201741e-03,5.793871e-03,1.020667e-01,1.569113e-01
1.459347e-03,4.720082e-03,7.183645e-03,3.125142e-03,6.641455e-02,7.615697e-03,3.658655e-03,5.035465e-03,1.336238e-01,3.025148e-02,5.061176e-01,9.072614e-03,5.517960e-03,1.011729e-01,1.150309e-01
3.596531e-03,1.567911e-02,1.785971e-02,3.388433e-03,5.519294e-02,2.064501e-02,3.858875e-03,1.624889e-02,1.585189e-01,6.008218e-02,4.469842e-01,1.266148e-02,7.294470e-03,9.688909e-02,8.110018e-02
8.028675e-03,3.551980e-02,6.377241e-02,4.552700e-03,6.238656e-02,2.503278e-02,3.941253e-03,7.136904e-02,1.774655e-01,4.783325e-02,3.479482e-01,9.938135e-03,6.661525e-03,7.835196e-02,5.719829e-02
6.610672e-03,2.544756e-02,6.932615e-02,3.857548e-03,5.349231e-02,1.810782e-02,2.993598e-03,2.909508e-01,1.289994e-01,3.537104e-02,2.535944e-01,8.303562e-03,6.725706e-03,5.611619e-02,4.010326e-02
7.495494e-03,1.875088e-02,1.222710e-01,4.957547e-03,5.905116e-02,1.520548e-02,2.659681e-03,3.870109e-01,9.188973e-02,2.951494e-02,1.809981e-01,6.233759e-03,5.174650e-03,4.064718e-02,2.813951e-02
1.255318e-02,1.553228e-02,1.597506e-01,1.364419e-02,8.415580e-02,1.980223e-02,4.280275e-03,3.284888e-01,6.968534e-02,8.798248e-02,1.336437e-01,4.600388e-03,3.907981e-03,4.203152e-02,1.994126e-02
1.521878e-02,1.557021e-02,1.894165e-01,8.334762e-02,1.127052e-01,1.544099e-02,4.462416e-03,3.005101e-01,5.217182e-02,6.469432e-02,9.533300e-02,3.788548e-03,3.306367e-03,2.981112e-02,1.422301e-02
2.471859e-02,1.243751e-02,2.738131e-01,8.991337e-02,9.557700e-02,1.141496e-02,3.346812e-03,2.849249e-01,4.117812e-02,5.038257e-02,7.245928e-02,3.165756e-03,2.947580e-03,2.355837e-02,1.016211e-02
3.233531e-02,9.564442e-03,3.211911e-01,7.739429e-02,8.905333e-02,8.556223e-03,2.453918e-03,3.037798e-01,3.194243e-02,3.850828e-02,5.403198e-02,2.766149e-03,2.598227e-03,1.848341e-02,7.341109e-03
4.062197e-02,9.639024e-03,3.348076e-01,7.406734e-02,1.129366e-01,6.272038e-03,1.928908e-03,2.961764e-01,2.733451e-02,3.123664e-02,4.060804e-02,2.259755e-03,2.124596e-03,1.457804e-02,5.408592e-03
5.478127e-02,9.223001e-03,3.430959e-01,9.799889e-02,1.249422e-01,5.337949e-03,1.458039e-03,2.548140e-01,2.390788e-02,2.711040e-02,3.533276e-02,2.358421e-03,1.857538e-03,1.372139e-02,4.060322e-03
3.903606e-02,8.202211e-03,3.120660e-01,2.713227e-01,9.342566e-02,4.020853e-03,1.069047e-03,1.797681e-01,1.783000e-02,2.092482e-02,3.191353e-02,3.057666e-03,4.592256e-03,9.637370e-03,3.133646e-03
2.761937e-02,6.722935e-03,2.246971e-01,3.227483e-01,6.794976e-02,3.523285e-03,7.845805e-04,1.262919e-01,1.303350e-02,1.916592e-02,1.003025e-01,4.460964e-02,3.342167e-02,6.831547e-03,2.298087e-03
1.964416e-02,5.568485e-03,1.622205e-01,3.658977e-01,5.071606e-02,3.511937e-03,5.775458e-04,8.981722e-02,9.698367e-03,1.459205e-02,1.092089e-01,1.360942e-01,2.575038e-02,4.993836e-03,1.708727e-03
1.405039e-02,4.061411e-03,1.142075e-01,2.711009e-01,3.625222e-02,4.076709e-03,4.362071e-04,6.302819e-02,7.576795e-03,1.113177e-02,1.380650e-01,3.078677e-01,2.232808e-02,4.496703e-03,1.320449e-03
1.020691e-02,3.005799e-03,8.016925e-02,1.946520e-01,2.716073e-02,4.854495e-03,3.309654e-04,4.421378e-02,6.216772e-03,8.588274e-03,1.381471e-01,4.604067e-01,1.738992e-02,3.585782e-03,1.071444e-03
7.207261e-03,2.119989e-03,5.618766e-02,1.391188e-01,2.097168e-02,4.292449e-03,2.412950e-04,3.099510e-02,5.131235e-03,6.346258e-03,1.252471e-01,5.853764e-01,1.323141e-02,2.724455e-03,8.088891e-04
5.173049e-03,1.515792e-03,3.936540e-02,9.829603e-02,1.915808e-02,3.510982e-03,1.724455e-04,2.172644e-02,4.012871e-03,4.672979e-03,1.180966e-01,6.718563e-01,9.810361e-03,2.014650e-03,6.179836e-04
3.707589e-03,1.074677e-03,2.757206e-02,6.935685e-02,1.732834e-02,2.919144e-03,1.240556e-04,1.523542e-02,3.041523e-03,3.344077e-03,1.049444e-01,7.422741e-01,7.120528e-03,1.495849e-03,4.614175e-04
2.729206e-03,7.753706e-04,1.931380e-02,4.878138e-02,2.350861e-02,2.425089e-03,9.397389e-05,1.067737e-02,2.243219e-03,2.405579e-03,8.567011e-02,7.947562e-01,5.101430e-03,1.141015e-03,3.776383e-04
2.006583e-03,5.501424e-04,1.352354e-02,3.423204e-02,3.921121e-02,2.002190e-03,8.033796e-05,7.481752e-03,1.702476e-03,1.755779e-03,7.005958e-02,8.224683e-01,3.759203e-03,8.739220e-04,2.929360e-04
1.656106e-03,1.077786e-03,9.563935e-03,2.413647e-02,1.326922e-01,1.754127e-03,8.980901e-05,5.245912e-03,1.633870e-03,1.456440e-03,5.740872e-02,7.593675e-01,2.731617e-03,6.883082e-04,4.972408e-04
1.860180e-03,5.619194e-03,7.526354e-03,1.760439e-02,1.464807e-01,2.585205e-03,1.254811e-04,3.717098e-03,2.696961e-03,3.581509e-03,5.585456e-02,7.467240e-01,2.062786e-03,7.546558e-04,2.806918e-03
2.541685e-03,4.095824e-03,5.344431e-03,1.242295e-02,1.238380e-01,3.781348e-03,1.283486e-04,2.717913e-03,2.485653e-03,3.043142e-03,5.288328e-02,7.822467e-01,1.672797e-03,6.851792e-04,2.112782e-03
3.099905e-03,2.985798e-03,3.786309e-03,8.775561e-03,1.064366e-01,3.213099e-03,1.073556e-04,2.156905e-03,2.740862e-03,2.880425e-03,5.222174e-02,8.077859e-01,1.506191e-03,7.493328e-04,1.553965e-03
2.668386e-03,2.160484e-03,2.696111e-03,6.193374e-03,1.024722e-01,3.252360e-03,9.486877e-05,1.636083e-03,2.999326e-03,2.605481e-03,5.313871e-02,8.166701e-01,1.448184e-03,8.124644e-04,1.151864e-03
2.462438e-03,1.921604e-03,2.437975e-03,4.496982e-03,2.033583e-01,6.555757e-03,1.781456e-03,1.975267e-03,5.664131e-03,2.723351e-03,5.270844e-02,7.110288e-01,1.344174e-03,6.481750e-04,8.931553e-04
4.037048e-03,2.329479e-03,4.417811e-03,3.427976e-03,2.213882e-01,1.253679e-02,8.091853e-03,4.610594e-03,1.803686e-02,7.229211e-03,4.895435e-02,6.602349e-01,2.840957e-03,9.956919e-04,8.683489e-04
5.268970e-03,2.278811e-03,4.569541e-03,2.643403e-03,2.790855e-01,1.273506e-02,8.138573e-03,9.573801e-03,1.830141e-02,7.008289e-03,3.834192e-02,6.073034e-01,2.660539e-03,1.305528e-03,7.852755e-04
6.454359e-03,2.536222e-03,4.960620e-03,2.223362e-03,3.324335e-01,4.062743e-02,1.026448e-02,1.550158e-02,3.348269e-02,6.222744e-03,3.798810e-02,5.012562e-01,3.995507e-03,1.215298e-03,8.379510e-04
1.115755e-02,2.471002e-03,8.830534e-03,2.123711e-03,3.849590e-01,4.052935e-02,1.441145e-02,3.688728e-02,4.297386e-02,7.297504e-03,3.763102e-02,4.025849e-01,5.976216e-03,1.364943e-03,8.016338e-04
1.428849e-02,1.804833e-03,1.358945e-02,4.063807e-03,2.975041e-01,3.872851e-02,1.505547e-01,1.137973e-01,3.179347e-02,6.797893e-03,3.169438e-02,2.873805e-01,6.145699e-03,1.251573e-03,6.053237e-04
3.133475e-02,2.207785e-03,2.094939e-02,4.451005e-03,3.786244e-01,7.317783e-02,1.070830e-01,8.835959e-02,2.589529e-02,6.106521e-03,4.678998e-02,2.070022e-01,5.700269e-03,1.386458e-03,9.315418e-04
5.158497e-02,3.889761e-03,2.719996e-02,5.420240e-03,3.994983e-01,7.580623e-02,7.616011e-02,7.105204e-02,2.290377e-02,5.922427e-03,9.678784e-02,1.548256e-01,6.246048e-03,1.312287e-03,1.390562e-03
7.720296e-02,6.270871e-03,2.539552e-02,1.142065e-02,4.160295e-01,6.668627e-02,5.432672e-02,6.710087e-02,3.029166e-02,6.011984e-03,8.132154e-02,1.419508e-01,1.071389e-02,1.889172e-03,3.387684e-03
8.062121e-02,7.198840e-03,2.665191e-02,2.508429e-02,3.993185e-01,5.621631e-02,3.915482e-02,1.335131e-01,2.685275e-02,4.877693e-03,7.431585e-02,1.125558e-01,8.873800e-03,1.926953e-03,2.838257e-03
8.432274e-02,8.089217e-03,3.596917e-02,2.232411e-02,3.657528e-01,4.508943e-02,3.124765e-02,2.096058e-01,3.210277e-02,4.251102e-03,5.960751e-02,8.685784e-02,9.845426e-03,1.966821e-03,2.967649e-03
8.533379e-02,7.420800e-03,5.301071e-02,2.659175e-02,2.947540e-01,3.464909e-02,2.395630e-02,3.189918e-01,2.789199e-02,4.554803e-03,4.524133e-02,6.399236e-02,8.840196e-03,2.284872e-03,2.486247e-03
7.573057e-02,5.924356e-03,4.688310e-02,2.810354e-02,2.367643e-01,2.665961e-02,1.835762e-02,4.427330e-01,2.319996e-02,4.625904e-03,3.425888e-02,4.591086e-02,7.033754e-03,1.909067e-03,1.905488e-03
5.537497e-02,4.240417e-03,3.463738e-02,2.383568e-02,1.748992e-01,1.903600e-02,1.375826e-02,5.873077e-01,1.760582e-02,3.857091e-03,2.504676e-02,3.252867e-02,5.102545e-03,1.416383e-03,1.353172e-03
4.174443e-02,3.145104e-03,2.667910e-02,2.269384e-02,1.365414e-01,1.374657e-02,1.082069e-02,6.798356e-01,1.405267e-02,3.639236e-03,1.808968e-02,2.307251e-02,3.798409e-03,1.146154e-03,9.946731e-04
3.556666e-02,2.843345e-03,2.130219e-02,2.313358e-02,1.053569e-01,1.021833e-02,8.388611e-03,7.422498e-01,1.232990e-02,3.533654e-03,1.347948e-02,1.650101e-02,2.954715e-03,1.276853e-03,8.649207e-04
3.264432e-02,2.075193e-03,1.617826e-02,1.855344e-02,7.947990e-02,7.552998e-03,6.605458e-03,8.000564e-01,9.110957e-03,2.577340e-03,9.621920e-03,1.167849e-02,2.201268e-03,1.023667e-03,6.404498e-04
3.089451e-02,1.564464e-03,1.273294e-02,1.527343e-02,6.051381e-02,5.754105e-03,5.488500e-03,8.407760e-01,6.974268e-03,1.929660e-03,6.882466e-03,8.254892e-03,1.648920e-03,8.307290e-04,4.813831e-04
3.393880e-02,1.275243e-03,1.291182e-02,1.527344e-02,4.501747e-02,4.972662e-03,5.033748e-03,8.608922e-01,5.357978e-03,1.697543e-03,5.006405e-03,6.015379e-03,1.451251e-03,6.981694e-04,4.579834e-04
4.529765e-02,1.403786e-03,1.467112e-02,1.413906e-02,3.636188e-02,6.100020e-03,5.806256e-03,8.580805e-01,4.557764e-03,1.553814e-03,3.972125e-03,4.954605e-03,1.780818e-03,5.749550e-04,7.457163e-04
6.125028e-02,1.523420e-03,1.993414e-02,1.626511e-02,2.758969e-02,6.430753e-03,5.079576e-03,8.441557e-01,3.733049e-03,1.657570e-03,3.505980e-03,5.257313e-03,2.117248e-03,5.267088e-04,9.734872e-04
4.914095e-02,1.221491e-03,1.445926e-02,1.177356e-02,2.095647e-02,5.172572e-03,3.701593e-03,6.259289e-01,2.898607e-03,3.346672e-03,1.930462e-02,1.082191e-02,2.157202e-01,6.514740e-04,1.490173e-02
3.623518e-02,9.329349e-04,1.035412e-02,8.988027e-03,1.522210e-02,4.257705e-03,2.782466e-03,4.531558e-01,2.219182e-03,1.224678e-02,1.702845e-02,2.010371e-02,3.902263e-01,1.775219e-03,2.447198e-02
3.752073e-02,6.937546e-04,7.358783e-03,6.548731e-03,1.114914e-02,3.181079e-03,2.987552e-03,3.195638e-01,2.510420e-03,9.357150e-03,1.349349e-02,9.534746e-02,4.616457e-01,8.913410e-03,1.972874e-02
3.300540e-02,6.571055e-04,5.289586e-03,4.723512e-03,8.362813e-03,2.414511e-03,2.314921e-03,2.244206e-01,2.679343e-03,7.202340e-03,1.348995e-02,1.104028e-01,5.376466e-01,2.832506e-02,1.906551e-02
2.511974e-02,1.244024e-03,4.112761e-03,3.413565e-03,6.656783e-03,1.846334e-03,2.068650e-03,1.574379e-01,3.233524e-03,7.700011e-03,1.074824e-02,1.220330e-01,6.147658e-01,2.476037e-02,1.485929e-02
1.764952e-02,9.386219e-04,2.918574e-03,2.414267e-03,4.730476e-03,1.297659e-03,1.460921e-03,1.102639e-01,2.352748e-02,5.590364e-03,7.706178e-03,1.447516e-01,6.481038e-01,1.809041e-02,1.055626e-02
1.256353e-02,7.620185e-04,2.094507e-03,1.757315e-03,3.443550e-03,9.248310e-04,1.052854e-03,7.727311e-02,6.652315e-02,4.602659e-03,6.365715e-03,1.827191e-01,6.156461e-01,1.637507e-02,7.896540e-03
9.176420e-03,6.555588e-04,1.516445e-03,1.326564e-03,2.654697e-03,6.892639e-04,7.739571e-04,5.416857e-02,2.560355e-01,4.297519e-03,5.463227e-03,1.677203e-01,4.757448e-01,1.382973e-02,5.947467e-03
6.532630e-03,4.927665e-04,1.091359e-03,9.558236e-04,1.931844e-03,5.167291e-04,5.505059e-04,3.793526e-02,3.381142e-01,3.322662e-03,4.568716e-03,1.994836e-01,3.880247e-01,1.198496e-02,4.494266e-03
4.940312e-03,4.183322e-04,7.981728e-04,7.537631e-04,1.631397e-03,4.070760e-04,3.878969e-04,2.656836e-02,4.369006e-01,3.064095e-03,4.553752e-03,2.077941e-01,2.902626e-01,1.791584e-02,3.603572e-03
4.111627e-03,5.376124e-04,7.058205e-04,1.104714e-03,2.072040e-03,4.305528e-04,2.750750e-04,1.861173e-02,4.986280e-01,3.182158e-03,9.083245e-03,2.147357e-01,2.110705e-01,3.264809e-02,2.803018e-03
9.467814e-03,9.055337e-04,6.486168e-04,2.329480e-03,2.935222e-03,2.024559e-03,2.236292e-04,1.318026e-02,4.595758e-01,7.209128e-03,7.580551e-02,1.754371e-01,1.502002e-01,9.761648e-02,2.440573e-03
1.275507e-02,8.963939e-04,4.915788e-04,2.173340e-03,2.607985e-03,2.115988e-03,1.765999e-04,9.274046e-03,3.427020e-01,9.125031e-03,2.332239e-01,1.262130e-01,1.056432e-01,1.503592e-01,2.242500e-03
1.190072e-02,9.702105e-04,4.242018e-04,1.669569e-03,2.075556e-03,1.852568e-03,1.324503e-04,6.531711e-03,2.484966e-01,1.021398e-02,3.273115e-01,8.991987e-02,7.446674e-02,2.219313e-01,2.102983e-03
1.145462e-02,9.961037e-04,1.260951e-03,1.591575e-03,1.966626e-03,6.955889e-03,5.512846e-04,5.491007e-03,1.814242e-01,1.201735e-02,3.344228e-01,6.479143e-02,5.380416e-02,3.197951e-01,3.476812e-03
9.549936e-03,1.859648e-03,1.103087e-03,1.200347e-03,4.850324e-03,6.342683e-03,4.993929e-04,4.052903e-03,1.593439e-01,1.268063e-02,3.777744e-01,4.660963e-02,3.938830e-02,3.315531e-01,3.191699e-03
7.337259e-03,6.363872e-03,1.182549e-03,1.083545e-03,8.644133e-03,8.712964e-03,1.010635e-03,2.954050e-03,1.975814e-01,1.655032e-02,3.399653e-01,3.409974e-02,2.895543e-02,3.430208e-01,2.538026e-03
6.314757e-03,1.145632e-02,1.932465e-02,2.402352e-03,1.393957e-02,1.158102e-02,4.401499e-03,1.028651e-02,2.301897e-01,2.648313e-02,3.196747e-01,2.488770e-02,2.132391e-02,2.951661e-01,2.567986e-03
6.200339e-03,1.172501e-02,5.529556e-02,4.840216e-03,1.753231e-02,1.673518e-02,7.131829e-03,2.369021e-02,2.077714e-01,2.904592e-02,3.204942e-01,1.817533e-02,1.557208e-02,2.636849e-01,2.105494e-03
8.940050e-03,1.040114e-02,6.755515e-02,1.726891e-02,1.522604e-02,3.550654e-02,6.968946e-03,1.121103e-01,2.034747e-01,3.369298e-02,2.544154e-01,1.324354e-02,1.140622e-02,2.079121e-01,1.878037e-03
1.487081e-02,2.870854e-02,5.418658e-02,1.416608e-02,1.906461e-02,5.527683e-02,5.564681e-03,8.248727e-02,3.222914e-01,4.356296e-02,1.870841e-01,9.453056e-03,8.294858e-03,1.528301e-01,2.158109e-03
2.076009e-02,5.207646e-02,4.367109e-02,3.272527e-02,3.515136e-02,7.871424e-02,4.551666e-03,6.428252e-02,3.630939e-01,4.261740e-02,1.372389e-01,6.960983e-03,6.430433e-03,1.085355e-01,3.190245e-03
3.324361e-02,4.566098e-02,3.233951e-02,5.470526e-02,5.590052e-02,8.525777e-02,3.613146e-03,5.097711e-02,3.136418e-01,4.979338e-02,1.548569e-01,1.174701e-02,9.713482e-03,8.828042e-02,1.026912e-02
8.108893e-02,4.582144e-02,2.361660e-02,4.820420e-02,5.390482e-02,9.075214e-02,2.690489e-03,3.829861e-02,2.731227e-01,5.360154e-02,1.559551e-01,1.460684e-02,9.198052e-03,9.385537e-02,1.528315e-02
9.964453e-02,6.062301e-02,2.706771e-02,4.297362e-02,5.056620e-02,8.523449e-02,2.143547e-03,3.279534e-02,2.433953e-01,4.645569e-02,1.607279e-01,1.772067e-02,1.338181e-02,8.138198e-02,3.588819e-02
8.264473e-02,1.073277e-01,2.918261e-02,3.170072e-02,4.363523e-02,1.159655e-01,1.805341e-03,2.860572e-02,2.304813e-01,3.995693e-02,1.271951e-01,1.797850e-02,2.214711e-02,6.769542e-02,5.367823e-02
6.825095e-02,1.401172e-01,2.870038e-02,2.387439e-02,3.797346e-02,1.372219e-01,1.580981e-03,2.663051e-02,2.170966e-01,3.180547e-02,9.799043e-02,1.683225e-02,2.544295e-02,7.736450e-02,6.911804e-02
6.111253e-02,1.279816e-01,4.563580e-02,3.431237e-02,3.022717e-02,1.162361e-01,2.002714e-03,2.904023e-02,1.721624e-01,2.818287e-02,8.032041e-02,1.620593e-02,2.414963e-02,6.508424e-02,1.673459e-01
4.797471e-02,1.279822e-01,3.638106e-02,2.617116e-02,2.189172e-02,8.537065e-02,1.558701e-03,2.185697e-02,1.337447e-01,2.480622e-02,6.261978e-02,1.389336e-02,1.869337e-02,6.268443e-02,3.143709e-01
