1.000000e+00,0.000000e+00,0.000000e+00,0.000000e+00,0.000000e+00,0.000000e+00,0.000000e+00,0.000000e+00,0.000000e+00,0.000000e+00,0.000000e+00,0.000000e+00,0.000000e+00,0.000000e+00,0.000000e+00
1.000000e+00,0.000000e+00,0.000000e+00,0.000000e+00,0.000000e+00,0.000000e+00,0.000000e+00,0.000000e+00,0.000000e+00,0.000000e+00,0.000000e+00,0.000000e+00,0.000000e+00,0.000000e+00,0.000000e+00
1.000000e+00,0.000000e+00,0.000000e+00,0.000000e+00,0.000000e+00,0.000000e+00,0.000000e+00,0.000000e+00,0.000000e+00,0.000000e+00,0.000000e+00,0.000000e+00,0.000000e+00,0.000000e+00,0.000000e+00
1.000000e+00,0.000000e+00,0.000000e+00,0.000000e+00,0.000000e+00,0.000000e+00,0.000000e+00,0.000000e+00,0.000000e+00,0.000000e+00,0.000000e+00,0.000000e+00,0.000000e+00,0.000000e+00,0.000000e+00
1.000000e+00,0.000000e+00,0.000000e+00,0.000000e+00,0.000000e+00,0.000000e+00,0.000000e+00,0.000000e+00,0.000000e+00,0.000000e+00,0.000000e+00,0.000000e+00,0.000000e+00,0.000000e+00,0.000000e+00
1.000000e+00,0.000000e+00,0.000000e+00,0.000000e+00,0.000000e+00,0.000000e+00,0.000000e+00,0.000000e+00,0.000000e+00,0.000000e+00,0.000000e+00,0.000000e+00,0.000000e+00,0.000000e+00,0.000000e+00
1.000000e+00,0.000000e+00,0.000000e+00,0.000000e+00,0.000000e+00,0.000000e+00,0.000000e+00,0.000000e+00,0.000000e+00,0.000000e+00,0.000000e+00,0.000000e+00,0.000000e+00,0.000000e+00,0.000000e+00
1.000000e+00,0.000000e+00,0.000000e+00,0.000000e+00,0.000000e+00,0.000000e+00,0.000000e+00,0.000000e+00,0.000000e+00,0.000000e+00,0.000000e+00,0.000000e+00,0.000000e+00,0.000000e+00,0.000000e+00
1.000000e+00,0.000000e+00,0.000000e+00,0.000000e+00,0.000000e+00,0.000000e+00,0.000000e+00,0.000000e+00,0.000000e+00,0.000000e+00,0.000000e+00,0.000000e+00,0.000000e+00,0.000000e+00,0.000000e+00
1.000000e+00,0.000000e+00,0.000000e+00,0.000000e+00,0.000000e+00,0.000000e+00,0.000000e+00,0.000000e+00,0.000000e+00,0.000000e+00,0.000000e+00,0.000000e+00,0.000000e+00,0.000000e+00,0.000000e+00
1.000000e+00,0.000000e+00,0.000000e+00,0.000000e+00,0.000000e+00,0.000000e+00,0.000000e+00,0.000000e+00,0.000000e+00,0.000000e+00,0.000000e+00,0.000000e+00,0.000000e+00,0.000000e+00,0.000000e+00
1.000000e+00,0.000000e+00,0.000000e+00,0.000000e+00,0.000000e+00,0.000000e+00,0.000000e+00,0.000000e+00,0.000000e+00,0.000000e+00,0.000000e+00,0.000000e+00,0.000000e+00,0.000000e+00,0.000000e+00
1.000000e+00,0.000000e+00,0.000000e+00,0.000000e+00,0.000000e+00,0.000000e+00,0.000000e+00,0.000000e+00,0.000000e+00,0.000000e+00,0.000000e+00,0.000000e+00,0.000000e+00,0.000000e+00,0.000000e+00
1.000000e+00,0.000000e+00,0.000000e+00,0.000000e+00,0.000000e+00,0.000000e+00,0.000000e+00,0.000000e+00,0.000000e+00,0.000000e+00,0.000000e+00,0.000000e+00,0.000000e+00,0.000000e+00,0.000000e+00
1.000000e+00,0.000000e+00,0.000000e+00,0.000000e+00,0.000000e+00,0.000000e+00,0.000000e+00,0.000000e+00,0.000000e+00,0.000000e+00,0.000000e+00,0.000000e+00,0.000000e+00,0.000000e+00,0.000000e+00
1.000000e+00,0.000000e+00,0.000000e+00,0.000000e+00,0.000000e+00,0.000000e+00,0.000000e+00,0.000000e+00,0.000000e+00,0.000000e+00,0.000000e+00,0.000000e+00,0.000000e+00,0.000000e+00,0.000000e+00
1.000000e+00,0.000000e+00,0.000000e+00,0.000000e+00,0.000000e+00,0.000000e+00,0.000000e+00,0.000000e+00,0.000000e+00,0.000000e+00,0.000000e+00,0.000000e+00,0.000000e+00,0.000000e+00,0.000000e+00
1.000000e+00,0.000000e+00,0.000000e+00,0.000000e+00,0.000000e+00,0.000000e+00,0.000000e+00,0.000000e+00,0.000000e+00,0.000000e+00,0.000000e+00,0.000000e+00,0.000000e+00,0.000000e+00,0.000000e+00
1.000000e+00,0.000000e+00,0.000000e+00,0.000000e+00,0.000000e+00,0.000000e+00,0.000000e+00,0.000000e+00,0.000000e+00,0.000000e+00,0.000000e+00,0.000000e+00,0.000000e+00,0.000000e+00,0.000000e+00
1.000000e+00,0.000000e+00,0.000000e+00,0.000000e+00,0.000000e+00,0.000000e+00,0.000000e+00,0.000000e+00,0.000000e+00,0.000000e+00,0.000000e+00,0.000000e+00,0.000000e+00,0.000000e+00,0.000000e+00
1.000000e+00,0.000000e+00,0.000000e+00,0.000000e+00,0.000000e+00,0.000000e+00,0.000000e+00,0.000000e+00,0.000000e+00,0.000000e+00,0.000000e+00,0.000000e+00,0.000000e+00,0.000000e+00,0.000000e+00
1.000000e+00,0.000000e+00,0.000000e+00,0.000000e+00,0.000000e+00,0.000000e+00,0.000000e+00,0.000000e+00,0.000000e+00,0.000000e+00,0.000000e+00,0.000000e+00,0.000000e+00,0.000000e+00,0.000000e+00
1.000000e+00,0.000000e+00,0.000000e+00,0.000000e+00,0.000000e+00,0.000000e+00,0.000000e+00,0.000000e+00,0.000000e+00,0.000000e+00,0.000000e+00,0.000000e+00,0.000000e+00,0.000000e+00,0.000000e+00
1.000000e+00,0.000000e+00,0.000000e+00,0.000000e+00,0.000000e+00,0.000000e+00,0.000000e+00,0.000000e+00,0.000000e+00,0.000000e+00,0.000000e+00,0.000000e+00,0.000000e+00,0.000000e+00,0.000000e+00
1.000000e+00,0.000000e+00,0.000000e+00,0.000000e+00,0.000000e+00,0.000000e+00,0.000000e+00,0.000000e+00,0.000000e+00,0.000000e+00,0.000000e+00,0.000000e+00,0.000000e+00,0.000000e+00,0.000000e+00
1.000000e+00,0.000000e+00,0.000000e+00,0.000000e+00,0.000000e+00,0.000000e+00,0.000000e+00,0.000000e+00,0.000000e+00,0.000000e+00,0.000000e+00,0.000000e+00,0.000000e+00,0.000000e+00,0.000000e+00
1.000000e+00,0.000000e+00,0.000000e+00,0.000000e+00,0.000000e+00,0.000000e+00,0.000000e+00,0.000000e+00,0.000000e+00,0.000000e+00,0.000000e+00,0.000000e+00,0.000000e+00,0.000000e+00,0.000000e+00
1.000000e+00,0.000000e+00,0.000000e+00,0.000000e+00,0.000000e+00,0.000000e+00,0.000000e+00,0.000000e+00,0.000000e+00,0.000000e+00,0.000000e+00,0.000000e+00,0.000000e+00,0.000000e+00,0.000000e+00
1.000000e+00,0.000000e+00,0.000000e+00,0.000000e+00,0.000000e+00,0.000000e+00,0.000000e+00,0.000000e+00,0.000000e+00,0.000000e+00,0.000000e+00,0.000000e+00,0.000000e+00,0.000000e+00,0.000000e+00
1.000000e+00,0.000000e+00,0.000000e+00,0.000000e+00,0.000000e+00,0.000000e+00,0.000000e+00,0.000000e+00,0.000000e+00,0.000000e+00,0.000000e+00,0.000000e+00,0.000000e+00,0.000000e+00,0.000000e+00
1.000000e+00,0.000000e+00,0.000000e+00,0.000000e+00,0.000000e+00,0.000000e+00,0.000000e+00,0.000000e+00,0.000000e+00,0.000000e+00,0.000000e+00,0.000000e+00,0.000000e+00,0.000000e+00,0.000000e+00
1.000000e+00,0.000000e+00,0.000000e+00,0.000000e+00,0.000000e+00,0.000000e+00,0.000000e+00,0.000000e+00,0.000000e+00,0.000000e+00,0.000000e+00,0.000000e+00,0.000000e+00,0.000000e+00,0.000000e+00
1.000000e+00,0.000000e+00,0.000000e+00,0.000000e+00,0.000000e+00,0.000000e+00,0.000000e+00,0.000000e+00,0.000000e+00,0.000000e+00,0.000000e+00,0.000000e+00,0.000000e+00,0.000000e+00,0.000000e+00
1.000000e+00,0.000000e+00,0.000000e+00,0.000000e+00,0.000000e+00,0.000000e+00,0.000000e+00,0.000000e+00,0.000000e+00,0.000000e+00,0.000000e+00,0.000000e+00,0.000000e+00,0.000000e+00,0.000000e+00
1.000000e+00,0.000000e+00,0.000000e+00,0.000000e+00,0.000000e+00,0.000000e+00,0.000000e+00,0.000000e+00,0.000000e+00,0.000000e+00,0.000000e+00,0.000000e+00,0.000000e+00,0.000000e+00,0.000000e+00
1.000000e+00,0.000000e+00,0.000000e+00,0.000000e+00,0.000000e+00,0.000000e+00,0.000000e+00,0.000000e+00,0.000000e+00,0.000000e+00,0.000000e+00,0.000000e+00,0.000000e+00,0.000000e+00,0.000000e+00
1.000000e+00,0.000000e+00,0.000000e+00,0.000000e+00,0.000000e+00,0.000000e+00,0.000000e+00,0.000000e+00,0.000000e+00,0.000000e+00,0.000000e+00,0.000000e+00,0.000000e+00,0.000000e+00,0.000000e+00
1.000000e+00,0.000000e+00,0.000000e+00,0.000000e+00,0.000000e+00,0.000000e+00,0.000000e+00,0.000000e+00,0.000000e+00,0.000000e+00,0.000000e+00,0.000000e+00,0.000000e+00,0.000000e+00,0.000000e+00
1.000000e+00,0.000000e+00,0.000000e+00,0.000000e+00,0.000000e+00,0.000000e+00,0.000000e+00,0.000000e+00,0.000000e+00,0.000000e+00,0.000000e+00,0.000000e+00,0.000000e+00,0.000000e+00,0.000000e+00
1.000000e+00,0.000000e+00,0.000000e+00,0.000000e+00,0.000000e+00,0.000000e+00,0.000000e+00,0.000000e+00,0.000000e+00,0.000000e+00,0.000000e+00,0.000000e+00,0.000000e+00,0.000000e+00,0.000000e+00
1.000000e+00,0.000000e+00,0.000000e+00,0.000000e+00,0.000000e+00,0.000000e+00,0.000000e+00,0.000000e+00,0.000000e+00,0.000000e+00,0.000000e+00,0.000000e+00,0.000000e+00,0.000000e+00,0.000000e+00
1.000000e+00,0.000000e+00,0.000000e+00,0.000000e+00,0.000000e+00,0.000000e+00,0.000000e+00,0.000000e+00,0.000000e+00,0.000000e+00,0.000000e+00,0.000000e+00,0.000000e+00,0.000000e+00,0.000000e+00
1.000000e+00,0.000000e+00,0.000000e+00,0.000000e+00,0.000000e+00,0.000000e+00,0.000000e+00,0.000000e+00,0.000000e+00,0.000000e+00,0.000000e+00,0.000000e+00,0.000000e+00,0.000000e+00,0.000000e+00
1.000000e+00,0.000000e+00,0.000000e+00,0.000000e+00,0.000000e+00,0.000000e+00,0.000000e+00,0.000000e+00,0.000000e+00,0.000000e+00,0.000000e+00,0.000000e+00,0.000000e+00,0.000000e+00,0.000000e+00
1.000000e+00,0.000000e+00,0.000000e+00,0.000000e+00,0.000000e+00,0.000000e+00,0.000000e+00,0.000000e+00,0.000000e+00,0.000000e+00,0.000000e+00,0.000000e+00,0.000000e+00,0.000000e+00,0.000000e+00
1.000000e+00,0.000000e+00,0.000000e+00,0.000000e+00,0.000000e+00,0.000000e+00,0.000000e+00,0.000000e+00,0.000000e+00,0.000000e+00,0.000000e+00,0.000000e+00,0.000000e+00,0.000000e+00,0.000000e+00
1.000000e+00,0.000000e+00,0.000000e+00,0.000000e+00,0.000000e+00,0.000000e+00,0.000000e+00,0.000000e+00,0.000000e+00,0.000000e+00,0.000000e+00,0.000000e+00,0.000000e+00,0.000000e+00,0.000000e+00
1.000000e+00,0.000000e+00,0.000000e+00,0.000000e+00,0.000000e+00,0.000000e+00,0.000000e+00,0.000000e+00,0.000000e+00,0.000000e+00,0.000000e+00,0.000000e+00,0.000000e+00,0.000000e+00,0.000000e+00
1.000000e+00,0.000000e+00,0.000000e+00,0.000000e+00,0.000000e+00,0.000000e+00,0.000000e+00,0.000000e+00,0.000000e+00,0.000000e+00,0.000000e+00,0.000000e+00,0.000000e+00,0.000000e+00,0.000000e+00
1.000000e+00,0.000000e+00,0.000000e+00,0.000000e+00,0.000000e+00,0.000000e+00,0.000000e+00,0.000000e+00,0.000000e+00,0.000000e+00,0.000000e+00,0.000000e+00,0.000000e+00,0.000000e+00,0.000000e+00
1.000000e+00,0.000000e+00,0.000000e+00,0.000000e+00,0.000000e+00,0.000000e+00,0.000000e+00,0.000000e+00,0.000000e+00,0.000000e+00,0.000000e+00,0.000000e+00,0.000000e+00,0.000000e+00,0.000000e+00
1.000000e+00,0.000000e+00,0.000000e+00,0.000000e+00,0.000000e+00,0.000000e+00,0.000000e+00,0.000000e+00,0.000000e+00,0.000000e+00,0.000000e+00,0.000000e+00,0.000000e+00,0.000000e+00,0.000000e+00
1.000000e+00,0.000000e+00,0.000000e+00,0.000000e+00,0.000000e+00,0.000000e+00,0.000000e+00,0.000000e+00,0.000000e+00,0.000000e+00,0.000000e+00,0.000000e+00,0.000000e+00,0.000000e+00,0.000000e+00
4.471977e-01,2.199706e-02,6.871652e-02,1.342408e-01,1.162431e-02,1.558085e-02,4.134654e-03,2.000707e-01,7.620515e-03,1.935315e-03,1.419692e-02,3.188251e-02,1.812264e-02,3.330838e-03,1.934868e-02
3.543112e-01,1.657886e-02,5.566298e-02,1.011610e-01,1.001309e-02,1.267265e-02,3.434774e-03,3.729936e-01,5.666374e-03,1.465401e-03,1.069934e-02,2.393687e-02,1.368880e-02,2.683589e-03,1.503145e-02
2.553643e-01,1.167947e-02,3.935797e-02,7.110311e-02,7.538611e-03,9.521490e-03,2.847025e-03,5.507247e-01,3.982608e-03,1.047990e-03,7.593118e-03,1.695110e-02,9.753211e-03,1.915067e-03,1.062019e-02
1.876468e-01,8.242565e-03,2.792683e-02,5.021005e-02,5.768054e-03,7.744049e-03,2.401772e-03,6.728690e-01,2.804137e-03,7.609114e-04,5.489692e-03,1.214567e-02,7.111755e-03,1.381256e-03,7.497409e-03
1.485714e-01,5.917619e-03,1.979053e-02,3.543479e-02,5.528122e-03,7.661773e-03,3.690706e-03,7.307999e-01,2.087548e-03,5.985041e-04,6.848062e-03,1.168943e-02,1.471530e-02,1.342137e-03,5.324224e-03
1.859771e-01,4.553901e-03,1.418560e-02,2.677199e-02,5.251913e-03,1.046141e-02,3.842707e-03,6.753743e-01,1.775054e-03,5.222671e-04,1.037645e-02,2.775998e-02,2.691163e-02,2.243724e-03,3.991859e-03
1.436261e-01,3.316197e-03,1.037073e-02,2.195592e-02,3.882523e-03,1.293571e-02,2.973140e-03,4.969574e-01,1.961420e-03,8.600873e-04,1.167115e-02,2.537473e-01,2.760450e-02,5.011602e-03,3.126285e-03
1.136883e-01,2.492974e-03,7.495387e-03,1.690339e-02,2.831645e-03,1.671937e-02,2.212307e-03,3.514097e-01,2.407562e-03,6.820030e-04,1.081182e-02,4.372762e-01,2.824208e-02,4.344851e-03,2.482430e-03
9.926244e-02,2.087754e-03,5.548685e-03,1.238599e-02,2.211416e-03,1.612294e-02,1.680799e-03,2.494333e-01,5.529752e-03,5.256655e-04,1.100198e-02,5.610877e-01,2.615472e-02,5.002020e-03,1.964795e-03
1.088739e-01,1.937681e-03,5.139734e-03,9.222483e-03,2.368852e-03,1.082099e-01,1.789716e-03,1.798818e-01,8.360200e-03,6.072498e-04,1.478882e-02,5.323682e-01,2.091966e-02,3.969197e-03,1.562573e-03
1.510733e-01,2.001544e-03,4.658205e-03,7.254660e-03,2.568384e-03,1.484738e-01,2.146775e-03,1.290042e-01,9.595060e-03,1.759013e-03,1.396452e-02,5.061694e-01,1.645773e-02,3.243054e-03,1.630329e-03
1.108877e-01,2.635585e-03,3.805009e-03,5.422977e-03,3.882669e-03,1.774116e-01,1.727366e-03,9.098390e-02,1.140316e-02,2.424856e-03,1.624843e-02,5.559133e-01,1.295379e-02,2.712402e-03,1.587235e-03
7.836469e-02,2.006032e-03,2.842334e-03,4.292074e-03,4.718272e-03,2.292399e-01,1.298050e-03,6.397104e-02,1.109813e-02,1.840193e-03,1.459018e-02,5.711304e-01,1.141768e-02,2.000744e-03,1.190339e-03
5.584423e-02,1.668575e-03,2.209850e-03,3.585224e-03,8.309826e-03,2.155757e-01,1.302061e-03,4.532464e-02,1.225523e-02,1.413747e-03,2.872745e-02,6.061541e-01,1.507762e-02,1.610571e-03,9.412903e-04
3.967128e-02,1.260728e-03,1.575823e-03,2.719468e-03,9.237915e-03,1.634654e-01,9.650923e-04,3.189712e-02,2.268787e-02,1.062928e-03,3.488583e-02,6.712007e-01,1.737998e-02,1.313259e-03,6.766905e-04
2.804474e-02,2.311010e-03,1.689228e-03,2.569968e-03,1.289600e-02,1.195461e-01,8.282979e-04,2.274667e-02,8.375244e-02,8.573785e-04,3.737049e-02,6.682266e-01,1.739917e-02,1.216538e-03,5.453362e-04
1.971870e-02,1.707055e-03,1.468705e-03,2.618375e-03,1.168180e-02,1.132932e-01,6.508801e-04,1.618249e-02,6.223395e-02,6.896317e-04,2.892092e-02,7.253299e-01,1.406735e-02,1.037135e-03,3.999050e-04
1.438486e-02,1.376415e-03,1.225540e-03,2.000327e-03,1.336293e-01,7.981767e-02,1.090047e-03,1.195217e-02,9.111414e-02,5.970761e-04,2.612296e-02,6.239637e-01,1.134255e-02,1.080466e-03,3.028602e-04
1.058910e-02,1.090167e-03,1.116164e-03,1.535764e-03,2.193460e-01,5.680202e-02,1.354238e-03,1.087103e-02,1.046859e-01,4.899039e-04,2.370507e-02,5.547827e-01,1.247513e-02,9.249935e-04,2.317375e-04
8.014221e-03,8.789150e-04,9.488676e-04,1.197161e-03,1.988993e-01,4.142701e-02,1.954648e-03,1.172459e-02,1.183984e-01,5.819062e-04,3.205552e-02,5.550255e-01,2.778817e-02,9.088273e-04,1.970392e-04
6.138320e-03,6.846133e-04,7.102864e-04,8.625723e-04,2.226671e-01,2.973905e-02,9.999163e-03,9.585430e-03,2.010378e-01,5.378425e-04,4.670534e-02,4.456823e-01,2.477026e-02,7.133464e-04,1.665588e-04
7.894119e-03,6.516305e-04,2.932905e-03,8.300564e-04,2.278543e-01,2.548350e-02,3.289003e-02,8.807013e-02,1.827908e-01,5.358683e-04,3.790872e-02,3.580411e-01,3.339794e-02,5.723726e-04,1.464328e-04
1.096200e-02,1.282247e-03,3.767201e-03,2.335825e-03,2.629663e-01,3.761213e-02,2.969780e-02,1.181287e-01,2.131522e-01,6.222854e-04,2.873976e-02,2.575105e-01,3.247328e-02,4.358725e-04,3.138949e-04
1.376344e-02,2.333687e-03,2.816494e-03,2.220527e-03,2.346522e-01,2.740447e-02,2.412731e-02,9.355582e-02,3.604827e-01,5.089371e-04,2.196950e-02,1.868851e-01,2.861058e-02,3.529090e-04,3.164209e-04
1.793803e-02,1.065063e-02,4.654933e-03,1.007232e-02,2.670259e-01,2.247599e-02,1.896737e-02,6.677637e-02,4.019278e-01,1.118364e-03,1.735175e-02,1.330057e-01,2.461135e-02,3.177449e-04,3.105829e-03
4.119988e-02,1.068493e-02,3.870761e-03,1.175397e-02,2.884103e-01,2.100157e-02,1.759815e-02,5.238621e-02,4.070868e-01,1.272371e-03,1.442474e-02,9.783115e-02,2.556452e-02,3.847021e-04,6.530063e-03
4.693638e-02,1.291323e-02,6.132342e-03,1.328743e-02,2.292217e-01,2.338790e-02,1.516470e-02,4.178621e-02,3.872734e-01,4.613972e-03,2.505111e-02,1.006984e-01,7.805451e-02,4.993447e-04,1.497940e-02
5.310430e-02,1.205214e-02,1.063743e-02,2.120289e-02,1.809469e-01,2.430768e-02,1.297884e-02,3.434566e-02,2.834572e-01,6.152738e-03,4.307959e-02,8.557801e-02,2.056512e-01,1.244611e-03,2.526076e-02
7.791059e-02,1.079919e-02,1.288332e-02,2.303954e-02,1.463841e-01,2.682894e-02,1.206262e-02,2.630878e-02,2.106103e-01,5.087017e-03,5.185997e-02,8.914029e-02,2.728904e-01,2.922194e-03,3.127266e-02
1.034976e-01,8.353445e-03,9.568968e-03,2.055611e-02,1.146194e-01,4.289459e-02,1.340507e-02,2.513267e-02,1.586779e-01,4.055645e-03,5.286783e-02,1.183514e-01,2.961120e-01,5.527527e-03,2.637989e-02
1.234744e-01,6.460174e-03,6.845642e-03,1.725605e-02,8.645814e-02,4.814097e-02,1.018853e-02,1.834757e-02,1.221420e-01,3.889262e-03,5.430972e-02,1.859571e-01,2.881941e-01,7.489217e-03,2.084713e-02
1.519047e-01,5.110011e-03,5.406476e-03,1.388323e-02,6.213859e-02,5.531840e-02,9.346212e-03,1.485880e-02,9.068164e-02,4.975588e-03,4.616855e-02,2.920991e-01,2.219177e-01,8.790992e-03,1.740003e-02
1.182153e-01,4.194827e-03,3.924758e-03,1.009100e-02,4.396345e-02,4.409804e-02,6.815865e-03,1.172230e-02,6.886814e-02,4.542944e-03,3.556774e-02,4.567370e-01,1.720340e-01,6.769827e-03,1.245494e-02
8.800578e-02,3.408641e-03,2.814963e-03,7.229749e-03,3.114022e-02,3.519360e-02,4.880637e-03,8.403441e-03,5.371196e-02,5.511803e-03,4.963293e-02,5.664437e-01,1.293980e-01,5.254837e-03,8.969733e-03
6.262323e-02,2.575988e-03,1.993040e-03,5.071240e-03,2.209043e-02,2.500653e-02,3.464760e-03,5.951099e-03,4.516201e-02,6.969703e-03,5.233434e-02,6.635827e-01,9.290862e-02,3.943936e-03,6.322391e-03
4.431769e-02,2.035493e-03,1.427616e-03,3.554213e-03,1.569601e-02,1.788761e-02,2.444948e-03,4.196649e-03,3.556933e-02,1.212935e-02,7.852691e-02,7.071325e-01,6.705699e-02,3.565527e-03,4.459152e-03
3.170867e-02,1.709518e-03,1.059904e-03,2.505728e-03,1.108571e-02,1.305367e-02,1.725362e-03,3.062980e-03,2.738010e-02,1.193072e-02,8.833422e-02,7.532953e-01,4.728608e-02,2.731052e-03,3.130979e-03
2.253642e-02,1.408480e-03,7.646210e-04,1.775262e-03,8.425372e-03,1.037379e-02,1.238840e-03,2.414124e-03,2.469454e-02,1.024472e-02,7.866156e-02,8.000312e-01,3.321571e-02,2.018267e-03,2.197155e-03
1.615148e-02,1.597881e-03,5.852956e-04,1.259078e-03,4.057010e-02,9.774689e-03,1.872426e-03,2.018285e-03,6.649640e-02,1.492922e-02,6.995524e-02,7.478983e-01,2.362903e-02,1.713135e-03,1.549439e-03
1.158215e-02,1.225940e-02,6.618338e-04,1.009359e-03,3.220095e-02,8.751446e-03,1.415662e-03,2.538955e-03,6.893171e-02,1.195490e-02,1.782704e-01,6.511670e-01,1.671479e-02,1.433007e-03,1.108394e-03
8.373532e-03,2.010787e-02,8.162748e-04,9.173107e-04,2.704455e-02,8.128854e-03,1.145344e-03,2.896231e-03,1.018204e-01,1.056650e-02,1.931558e-01,6.110204e-01,1.192503e-02,1.257219e-03,8.246615e-04
6.384171e-03,2.184260e-02,1.402999e-03,1.417475e-03,2.590915e-02,9.136130e-03,4.286767e-03,1.301701e-02,1.163673e-01,1.364977e-02,1.911960e-01,5.846397e-01,8.830722e-03,1.258913e-03,6.613876e-04
5.126792e-03,1.971475e-02,1.249136e-03,1.274141e-03,1.923182e-02,7.035698e-03,3.752932e-03,1.146619e-02,1.153401e-01,1.538520e-02,3.346885e-01,4.565589e-01,6.643891e-03,1.973037e-03,5.588320e-04
4.039984e-03,1.471029e-02,9.934136e-04,1.016148e-03,1.405081e-02,5.155744e-03,2.702312e-03,8.384231e-03,1.251304e-01,1.338009e-02,4.558700e-01,3.462763e-01,4.926627e-03,2.883202e-03,4.803830e-04
2.996064e-03,1.059100e-02,7.614604e-04,7.368504e-04,1.001661e-02,3.719966e-03,1.941729e-03,5.936290e-03,1.194718e-01,1.201181e-02,5.743293e-01,2.504898e-01,3.555493e-03,2.907610e-03,5.342098e-04
2.392436e-03,8.355886e-03,5.859960e-04,6.476635e-04,7.256091e-03,2.759221e-03,1.382624e-03,4.224695e-03,1.287273e-01,9.582082e-03,6.442925e-01,1.842091e-01,2.638503e-03,2.281871e-03,6.640548e-04
3.372361e-03,6.261992e-03,6.529406e-04,8.622381e-04,5.549504e-03,2.648617e-03,1.024620e-03,3.337760e-03,1.793804e-01,7.769448e-03,6.411512e-01,1.433045e-01,2.114285e-03,1.790021e-03,7.800796e-04
2.874630e-03,4.993248e-03,5.038403e-04,6.651514e-04,4.790664e-03,1.922311e-03,7.291446e-04,2.857132e-03,3.357145e-01,5.960662e-03,5.338986e-01,1.010210e-01,1.527590e-03,1.856371e-03,6.850900e-04
4.467018e-03,5.897628e-03,4.513974e-04,7.504224e-04,1.254106e-02,1.484497e-03,5.335959e-04,2.969694e-03,4.829251e-01,4.456357e-03,4.085035e-01,7.087050e-02,1.102783e-03,2.036890e-03,1.009519e-03
9.869728e-03,5.414838e-03,5.332669e-04,4.113754e-03,2.665998e-02,1.199007e-03,4.321347e-04,7.998031e-03,5.793847e-01,3.523185e-03,3.065626e-01,4.971266e-02,8.020118e-04,2.364763e-03,1.429405e-03
1.685873e-02,4.729061e-03,4.704103e-04,6.836266e-03,4.865104e-02,1.123871e-03,3.826284e-04,9.807004e-03,6.299669e-01,2.626231e-03,2.393017e-01,3.489352e-02,5.871394e-04,2.253426e-03,1.512145e-03
2.924871e-02,6.633433e-03,2.217784e-03,5.183016e-02,1.096215e-01,1.502076e-03,5.336862e-04,3.783283e-02,5.501080e-01,2.388013e-03,1.762942e-01,2.455875e-02,4.801052e-04,2.609031e-03,4.141801e-03
4.085632e-02,9.268174e-03,1.517246e-02,1.332690e-01,1.365199e-01,1.651189e-03,4.994824e-04,6.003062e-02,4.347298e-01,3.164119e-03,1.316411e-01,1.731135e-02,4.452130e-04,6.316251e-03,9.125041e-03
5.704692e-02,1.066532e-02,1.614653e-02,1.149676e-01,1.558080e-01,4.047149e-03,4.750770e-04,5.021448e-02,4.301188e-01,5.517682e-03,1.012855e-01,1.242902e-02,6.578245e-04,1.073232e-02,2.988768e-02
6.061143e-02,1.834502e-02,3.121200e-02,1.153792e-01,1.125651e-01,3.729702e-03,4.505427e-04,3.651631e-02,3.437950e-01,5.734999e-02,7.492705e-02,9.590706e-03,2.067350e-03,8.828087e-03,1.246324e-01
5.679451e-02,1.888314e-02,2.463736e-02,8.306764e-02,8.079441e-02,3.033229e-03,4.411857e-04,2.708845e-02,2.601841e-01,4.493131e-02,5.321163e-02,7.127397e-03,2.201004e-03,8.859919e-03,3.287447e-01
4.926812e-02,1.722158e-02,3.126140e-02,5.845578e-02,5.685248e-02,2.834070e-03,3.930998e-04,1.910317e-02,1.864652e-01,3.450539e-02,3.912368e-02,5.522262e-03,2.051941e-03,1.245712e-01,3.723706e-01
3.761250e-02,1.300761e-02,2.762407e-02,4.118885e-02,3.993712e-02,2.157697e-03,3.002830e-04,1.343032e-02,1.336748e-01,2.553313e-02,2.864237e-02,4.171901e-03,1.633412e-03,2.464958e-01,3.845901e-01
3.091703e-02,9.576860e-03,2.016503e-02,2.900185e-02,2.804931e-02,1.854520e-03,2.226378e-04,9.444524e-03,9.713386e-02,1.885005e-02,2.117439e-02,3.047638e-03,1.368638e-03,4.346145e-01,2.945791e-01
2.311328e-02,7.151131e-03,1.488300e-02,2.058810e-02,1.969537e-02,1.584155e-03,1.667508e-04,6.637178e-03,6.920017e-02,1.555428e-02,1.566659e-02,2.192940e-03,1.077220e-03,5.700429e-01,2.324469e-01
1.823531e-02,7.509176e-03,1.103594e-02,1.468904e-02,1.392323e-02,1.620028e-03,1.417046e-04,4.675777e-03,5.188990e-02,1.578805e-02,1.168994e-02,1.572809e-03,1.018295e-03,6.629708e-01,1.832400e-01
1.285334e-02,5.534451e-03,8.009836e-03,1.030539e-02,9.761114e-03,1.172866e-03,1.040685e-04,3.275927e-03,3.771751e-02,1.389384e-02,8.278932e-03,1.103508e-03,7.442858e-04,7.557938e-01,1.314511e-01
9.467958e-03,7.874618e-03,1.528045e-02,7.811112e-03,7.228105e-03,9.580618e-04,1.503367e-04,2.321253e-03,4.241090e-02,3.421945e-02,6.504182e-03,9.038799e-04,8.727778e-04,7.599664e-01,1.040305e-01
7.511776e-03,6.824629e-03,1.304869e-02,5.639207e-03,5.683597e-03,1.250065e-03,1.576469e-04,1.646272e-03,4.305530e-02,6.356318e-02,5.437192e-03,6.638810e-04,8.032749e-04,7.595108e-01,8.520456e-02
7.657911e-03,6.439658e-03,2.433076e-02,6.656382e-03,4.893666e-03,1.161972e-03,3.006089e-04,1.269898e-03,7.830234e-02,5.559884e-02,5.075038e-03,7.933140e-04,9.533946e-04,7.292885e-01,7.727779e-02
8.100056e-03,7.066188e-03,2.319083e-02,5.585568e-03,4.354125e-03,1.283357e-03,4.085335e-04,9.911472e-04,9.760921e-02,5.808015e-02,4.921053e-03,8.094201e-04,1.124631e-03,7.174542e-01,6.902164e-02
1.877782e-02,1.267131e-02,2.392341e-02,5.637298e-03,7.131717e-03,2.952174e-03,6.349778e-04,1.090182e-03,1.391477e-01,7.165159e-02,7.871353e-03,9.816778e-04,1.248951e-03,6.081331e-01,9.814678e-02
3.408913e-02,2.156072e-02,4.928648e-02,2.151234e-02,1.297923e-02,5.446003e-03,1.083181e-03,2.336418e-03,1.597429e-01,7.891499e-02,1.139664e-02,1.811621e-03,1.961916e-03,4.508635e-01,1.470149e-01
6.166655e-02,3.143862e-02,4.282888e-02,2.127277e-02,1.274407e-02,8.995298e-03,1.302524e-03,2.351273e-03,1.590323e-01,8.408053e-02,1.142611e-02,2.690514e-03,2.726638e-03,3.366301e-01,2.208139e-01
7.447223e-02,4.710037e-02,3.798400e-02,2.026133e-02,1.190244e-02,8.858209e-03,1.088783e-03,2.372340e-03,1.363935e-01,1.023603e-01,1.072134e-02,3.491564e-03,3.916189e-03,2.421675e-01,2.969100e-01
8.810166e-02,6.369303e-02,3.585966e-02,5.176691e-02,1.217016e-02,8.383062e-03,9.733714e-04,3.244914e-03,1.453477e-01,1.167224e-01,1.063807e-02,3.922623e-03,5.297478e-03,1.739567e-01,2.799223e-01
6.909095e-02,5.630806e-02,9.192338e-02,1.437242e-01,1.052190e-02,6.861759e-03,7.441348e-04,2.784521e-03,1.451198e-01,1.038626e-01,1.045603e-02,3.362194e-03,4.506237e-03,1.240285e-01,2.267057e-01
8.624194e-02,4.971971e-02,1.412000e-01,1.269833e-01,9.298026e-03,7.608728e-03,6.407065e-04,2.308446e-03,1.362922e-01,8.930214e-02,1.793598e-02,4.992251e-03,5.814119e-03,9.843296e-02,2.232296e-01
7.063586e-02,4.370851e-02,1.499641e-01,2.657971e-01,8.486153e-03,6.422581e-03,5.347106e-04,1.960839e-03,1.092803e-01,6.616347e-02,2.110729e-02,4.524685e-03,5.312700e-03,6.968237e-02,1.764193e-01
6.192875e-02,4.581662e-02,1.387638e-01,2.971618e-01,6.817901e-03,6.391229e-03,4.977275e-04,1.898371e-03,1.075063e-01,6.070520e-02,4.202155e-02,6.852768e-03,8.169248e-03,5.344067e-02,1.620280e-01
4.380146e-02,3.351192e-02,1.090661e-01,2.156437e-01,4.889239e-03,5.156029e-03,3.624291e-04,1.406031e-03,1.020204e-01,2.649246e-01,4.066184e-02,6.782549e-03,9.189896e-03,3.895912e-02,1.236246e-01
3.164900e-02,2.638313e-02,7.701848e-02,1.562779e-01,3.667524e-03,4.201313e-03,2.943120e-04,1.033962e-03,1.169347e-01,3.341061e-01,7.292724e-02,2.227315e-02,3.003887e-02,2.995923e-02,9.323511e-02
2.252592e-02,1.969741e-02,5.473101e-02,1.119952e-01,4.053166e-03,7.916874e-03,3.328288e-04,1.856407e-03,1.083523e-01,2.480742e-01,1.037288e-01,9.895746e-02,1.139214e-01,2.343708e-02,8.041979e-02
1.639855e-02,1.506705e-02,3.927621e-02,7.993723e-02,4.018323e-03,8.900939e-03,5.557116e-04,1.642329e-03,9.457067e-02,1.844346e-01,1.018631e-01,2.333201e-01,1.332244e-01,1.770833e-02,6.908247e-02
1.366205e-02,1.205578e-02,2.792173e-02,5.618057e-02,4.271705e-03,8.778933e-03,9.359771e-04,3.304984e-03,7.581748e-02,1.722874e-01,1.257056e-01,2.619947e-01,1.324966e-01,1.628752e-02,8.829889e-02
1.112403e-02,1.085221e-02,1.976413e-02,3.943499e-02,4.036809e-03,7.801918e-03,1.008422e-03,3.046157e-03,6.903735e-02,1.602080e-01,1.244730e-01,3.333238e-01,1.230608e-01,1.527401e-02,7.755433e-02
1.151512e-02,1.511662e-02,1.497154e-02,2.850287e-02,4.810288e-03,1.230414e-02,2.022101e-03,5.924131e-03,9.287702e-02,1.166497e-01,1.017571e-01,4.214990e-01,1.032060e-01,1.275644e-02,5.608794e-02
1.098357e-02,1.371862e-02,1.102222e-02,2.035447e-02,5.075118e-03,1.184683e-02,2.570198e-03,1.166221e-02,1.264646e-01,8.288038e-02,8.044019e-02,4.913880e-01,8.159231e-02,9.996548e-03,4.000465e-02
1.278569e-02,1.712819e-02,1.160021e-02,1.567773e-02,8.453723e-03,1.394107e-02,3.149159e-03,2.070508e-02,2.034452e-01,6.112396e-02,6.650703e-02,4.584429e-01,6.610979e-02,9.893132e-03,3.103715e-02
1.848961e-02,2.941503e-02,1.743370e-02,1.415371e-02,1.377267e-02,1.476748e-02,3.094702e-03,3.284096e-02,2.775133e-01,4.668619e-02,5.411513e-02,3.811210e-01,6.045615e-02,1.042850e-02,2.571189e-02
2.535192e-02,3.716420e-02,1.628434e-02,1.455668e-02,2.886021e-02,3.203952e-02,2.478486e-03,3.453448e-02,3.736055e-01,3.821658e-02,4.277927e-02,2.770766e-01,4.706400e-02,9.811336e-03,2.017684e-02
5.437949e-02,3.451041e-02,1.336199e-02,1.361207e-02,9.834099e-02,4.054472e-02,2.848173e-03,3.228922e-02,3.885365e-01,2.781328e-02,3.233623e-02,1.974288e-01,3.519121e-02,8.883703e-03,1.992320e-02
6.704665e-02,3.365448e-02,1.520960e-02,1.865712e-02,1.338829e-01,3.654642e-02,5.096293e-03,5.740647e-02,3.997804e-01,2.019972e-02,2.367982e-02,1.400902e-01,2.651597e-02,6.764793e-03,1.546912e-02
8.492403e-02,2.874660e-02,2.376701e-02,2.378189e-02,1.623858e-01,3.016405e-02,6.456740e-03,1.069634e-01,3.619299e-01,1.554308e-02,1.758432e-02,9.978013e-02,1.992346e-02,5.314633e-03,1.273490e-02
9.490553e-02,3.220462e-02,4.536366e-02,3.199739e-02,1.649065e-01,3.463161e-02,9.971464e-03,1.160547e-01,3.436733e-01,1.159723e-02,1.333080e-02,7.129590e-02,1.579094e-02,4.087998e-03,1.018839e-02
1.252820e-01,4.860961e-02,4.300200e-02,2.965275e-02,1.747920e-01,5.353721e-02,8.222708e-03,9.630360e-02,3.136627e-01,8.898710e-03,1.070999e-02,5.125516e-02,1.529603e-02,4.184220e-03,1.659135e-02
2.033533e-01,5.141578e-02,3.329901e-02,2.665166e-02,1.844193e-01,5.332839e-02,6.762311e-03,1.053184e-01,2.462475e-01,7.037215e-03,9.204555e-03,3.671324e-02,1.306788e-02,7.387304e-03,1.579415e-02
2.235113e-01,5.638669e-02,3.580869e-02,7.125781e-02,1.625234e-01,4.474542e-02,6.277086e-03,9.026058e-02,2.083988e-01,9.261124e-03,9.233464e-03,3.069777e-02,1.086048e-02,6.630737e-03,3.414669e-02
2.852831e-01,4.814177e-02,3.611321e-02,8.872692e-02,1.251105e-01,4.536967e-02,5.727163e-03,8.673085e-02,1.613839e-01,1.020819e-02,9.894477e-03,2.845235e-02,9.580741e-03,6.254530e-03,5.302276e-02
2.817970e-01,3.688435e-02,2.673279e-02,1.075657e-01,9.177549e-02,4.010632e-02,4.293042e-03,6.640904e-02,1.339582e-01,9.760896e-03,3.024798e-02,3.862908e-02,1.741509e-02,7.009195e-03,1.074158e-01
2.435659e-01,2.732125e-02,1.940725e-02,8.637424e-02,6.687251e-02,3.063790e-02,3.336076e-03,4.841820e-02,1.100072e-01,3.609203e-02,3.569909e-02,5.511865e-02,2.582574e-02,1.493167e-02,1.963923e-01
2.156102e-01,1.978901e-02,1.402627e-02,7.125507e-02,4.775969e-02,2.355916e-02,2.754591e-03,3.465729e-02,8.674477e-02,5.194847e-02,3.798489e-02,1.592401e-01,2.891614e-02,2.744976e-02,1.783047e-01
1.986031e-01,1.464577e-02,1.066735e-02,6.748019e-02,5.135437e-02,2.229302e-02,2.660156e-03,2.893424e-02,8.764385e-02,5.559929e-02,6.259755e-02,2.084180e-01,3.221625e-02,2.178898e-02,1.350978e-01
1.729807e-01,1.107441e-02,8.896722e-03,5.873517e-02,4.385037e-02,2.068013e-02,2.548781e-03,2.142355e-02,7.163979e-02,4.668498e-02,6.697280e-02,3.228880e-01,2.869895e-02,1.955824e-02,1.033675e-01
1.235620e-01,8.711906e-03,6.467189e-03,4.295703e-02,4.314946e-02,1.640582e-02,1.992287e-03,1.525327e-02,7.766785e-02,3.740038e-02,6.350983e-02,4.431699e-01,3.247844e-02,1.433503e-02,7.293968e-02
8.748911e-02,7.175667e-03,4.727013e-03,3.097002e-02,3.305601e-02,1.306883e-02,1.574953e-03,1.098554e-02,9.073982e-02,3.655429e-02,5.829318e-02,5.316290e-01,3.151322e-02,1.067972e-02,5.154372e-02
6.208246e-02,6.293845e-03,4.330377e-03,2.236793e-02,3.055027e-02,1.342623e-02,1.637407e-03,2.585353e-02,1.395936e-01,2.862100e-02,5.927592e-02,5.139077e-01,4.784766e-02,8.012827e-03,3.619936e-02
4.436567e-02,5.143845e-03,3.590893e-03,1.603698e-02,3.101717e-02,9.987038e-03,1.778487e-03,2.946280e-02,2.581486e-01,2.107349e-02,5.485306e-02,4.432246e-01,5.001776e-02,5.857346e-03,2.544227e-02
3.197415e-02,4.460316e-03,3.167556e-03,1.182106e-02,5.419225e-02,7.977707e-03,1.747593e-03,2.599610e-02,3.946045e-01,1.536980e-02,4.445369e-02,3.330686e-01,4.893062e-02,4.317033e-03,1.791908e-02
2.649842e-02,3.624827e-03,4.274492e-03,1.197316e-02,9.012654e-02,6.722732e-03,3.034867e-03,4.566098e-02,4.415100e-01,1.109116e-02,3.536735e-02,2.565327e-01,4.687605e-02,3.825042e-03,1.288167e-02
2.261673e-02,2.843354e-03,4.204378e-03,1.068526e-02,1.638710e-01,5.932421e-03,3.554002e-03,7.172619e-02,4.366064e-01,8.040573e-03,2.834929e-02,1.908065e-01,3.844591e-02,3.158411e-03,9.159708e-03
2.432184e-02,2.348099e-03,6.909159e-03,1.598264e-02,2.761645e-01,5.138210e-03,5.496102e-03,1.176185e-01,3.464034e-01,5.718417e-03,2.131231e-02,1.347660e-01,2.888717e-02,2.343238e-03,6.590471e-03
2.807317e-02,2.766207e-03,1.189440e-02,3.081249e-02,3.031136e-01,5.745864e-03,4.851413e-03,1.806257e-01,2.877319e-01,4.140065e-03,1.640562e-02,9.567514e-02,2.149745e-02,1.780443e-03,4.886543e-03
5.198241e-02,3.161432e-03,1.211374e-02,3.523839e-02,3.112155e-01,7.668552e-03,4.837178e-03,2.331595e-01,2.343253e-01,3.211410e-03,1.286664e-02,6.867533e-02,1.615503e-02,1.411619e-03,3.977936e-03
9.658839e-02,3.806383e-03,1.604864e-02,4.723875e-02,2.998723e-01,8.776955e-03,5.534498e-03,2.418483e-01,2.007343e-01,2.458628e-03,1.026404e-02,5.004445e-02,1.220297e-02,1.093751e-03,3.487581e-03
1.906102e-01,4.234135e-03,1.451880e-02,4.605598e-02,2.974668e-01,9.074586e-03,5.725333e-03,2.123090e-01,1.582530e-01,1.911314e-03,8.703286e-03,3.746250e-02,9.190511e-03,9.751648e-04,3.509560e-03
2.802588e-01,1.074033e-02,2.597632e-02,5.347136e-02,2.794523e-01,1.275686e-02,5.633548e-03,1.601850e-01,1.253546e-01,1.453774e-03,6.861838e-03,2.706033e-02,6.878569e-03,9.355245e-04,2.980817e-03
2.965151e-01,1.850544e-02,8.076017e-02,7.553522e-02,2.490562e-01,1.811738e-02,6.010791e-03,1.216822e-01,9.792373e-02,1.252852e-03,5.542386e-03,1.965102e-02,5.356345e-03,1.087126e-03,3.004076e-03
3.151161e-01,2.446232e-02,1.347066e-01,8.276340e-02,2.134513e-01,2.408224e-02,6.268705e-03,9.412661e-02,7.549512e-02,1.227135e-03,4.452155e-03,1.459017e-02,4.313471e-03,1.101956e-03,3.842748e-03
2.509778e-01,1.975038e-02,2.078100e-01,8.532664e-02,1.896851e-01,2.477701e-02,6.336339e-03,1.388171e-01,5.465798e-02,9.819299e-04,3.281667e-03,1.050922e-02,3.358318e-03,8.452623e-04,2.885311e-03
1.798526e-01,1.415836e-02,1.591916e-01,6.352025e-02,1.536260e-01,2.201218e-02,5.064906e-03,3.485175e-01,3.858367e-02,6.917277e-04,2.329865e-03,7.401753e-03,2.416924e-03,5.981305e-04,2.034581e-03
1.275995e-01,1.005888e-02,1.159148e-01,4.500932e-02,1.112757e-01,1.611654e-02,3.669080e-03,5.323704e-01,2.708219e-02,4.892076e-04,1.647381e-03,5.201418e-03,1.709618e-03,4.217308e-04,1.434158e-03
9.028693e-02,7.070533e-03,8.175302e-02,3.163886e-02,7.906052e-02,1.135452e-02,2.611947e-03,6.695682e-01,1.897227e-02,3.481747e-04,1.168013e-03,3.652025e-03,1.210227e-03,2.967227e-04,1.008013e-03
6.507983e-02,5.011257e-03,5.792562e-02,2.227476e-02,5.695038e-02,8.225677e-03,1.902886e-03,7.637531e-01,1.330128e-02,2.577203e-04,8.734639e-04,2.595291e-03,9.047140e-04,2.167329e-04,7.272777e-04
4.996388e-02,3.544082e-03,4.069155e-02,1.563563e-02,4.041433e-02,6.539106e-03,1.407532e-03,8.281994e-01,9.345766e-03,1.829791e-04,6.522925e-04,1.855367e-03,8.848604e-04,1.618349e-04,5.212970e-04
7.403170e-02,2.914987e-03,2.886974e-02,1.167002e-02,2.902773e-02,8.057463e-03,1.052931e-03,7.978362e-01,7.223018e-03,3.214369e-04,5.613687e-03,1.372385e-02,1.835647e-02,6.392698e-04,6.614465e-04
1.136229e-01,2.253465e-03,2.035170e-02,9.168494e-03,2.077109e-02,1.058114e-02,1.176838e-03,5.966096e-01,6.068331e-03,1.874077e-03,1.276015e-02,5.732456e-02,1.449596e-01,1.475144e-03,1.002931e-03
1.768004e-01,1.692566e-03,1.432763e-02,6.973851e-03,1.480215e-02,9.344632e-03,2.226370e-03,4.308203e-01,5.414810e-03,1.460781e-03,1.200699e-02,1.232355e-01,1.961102e-01,3.867393e-03,9.164622e-04
2.618254e-01,1.380692e-03,1.022447e-02,5.567538e-03,1.067377e-02,1.078923e-02,3.473365e-03,3.071243e-01,5.535061e-03,1.252992e-03,1.131924e-02,1.968575e-01,1.672419e-01,5.805138e-03,9.294830e-04
3.158833e-01,1.346233e-03,7.462639e-03,4.391480e-03,7.655246e-03,1.239010e-02,2.798887e-03,2.156438e-01,1.017275e-02,2.774915e-03,1.138306e-02,2.599757e-01,1.407699e-01,6.373552e-03,9.785752e-04
3.241646e-01,1.818747e-03,5.546848e-03,3.521757e-03,5.822099e-03,9.861839e-03,2.213992e-03,1.517546e-01,1.406479e-02,4.795308e-03,1.347737e-02,3.135132e-01,1.409094e-01,7.579127e-03,9.563937e-04
4.229529e-01,2.983460e-03,5.021556e-03,3.790364e-03,5.408681e-03,8.473178e-03,2.076130e-03,1.070384e-01,1.563973e-02,7.665219e-03,1.304748e-02,2.712829e-01,1.267974e-01,6.627609e-03,1.195043e-03
3.657793e-01,6.855343e-03,4.611150e-03,3.658306e-03,7.708706e-03,7.696252e-03,1.849128e-03,7.661198e-02,2.779253e-02,1.859832e-02,2.382358e-02,3.427193e-01,1.034250e-01,7.303781e-03,1.567477e-03
3.204646e-01,1.412713e-02,7.453622e-03,4.235823e-03,1.185420e-02,7.072276e-03,1.773398e-03,5.707281e-02,3.275906e-02,2.171594e-02,3.364013e-02,3.841794e-01,8.843098e-02,1.293694e-02,2.283703e-03
2.931781e-01,3.550840e-02,3.175260e-02,4.991943e-03,1.728636e-02,6.942718e-03,2.241639e-03,4.684573e-02,3.591092e-02,2.518257e-02,4.884671e-02,3.623001e-01,6.850330e-02,1.778775e-02,2.721205e-03
4.260784e-01,3.081608e-02,2.540665e-02,6.893977e-03,1.564638e-02,6.650842e-03,2.103772e-03,3.616840e-02,3.221248e-02,2.573070e-02,3.743123e-02,2.841607e-01,5.055840e-02,1.575976e-02,4.382344e-03
1.000000e+00,0.000000e+00,0.000000e+00,0.000000e+00,0.000000e+00,0.000000e+00,0.000000e+00,0.000000e+00,0.000000e+00,0.000000e+00,0.000000e+00,0.000000e+00,0.000000e+00,0.000000e+00,0.000000e+00
4.391658e-01,2.133257e-02,2.112922e-02,1.027242e-02,1.716346e-02,6.680987e-03,3.119837e-03,2.529647e-02,4.735024e-02,3.964120e-02,5.971173e-02,2.484458e-01,3.135205e-02,2.263017e-02,6.708075e-03
3.430783e-01,1.676579e-02,2.268446e-02,1.606580e-02,2.492574e-02,7.118121e-03,3.818911e-03,2.609757e-02,7.841994e-02,3.696976e-02,1.093952e-01,2.622349e-01,2.543698e-02,2.099913e-02,5.989463e-03
2.740020e-01,1.430426e-02,3.405629e-02,2.210994e-02,2.190243e-02,6.991978e-03,3.763283e-03,1.657155e-01,6.841020e-02,3.108783e-02,9.218435e-02,2.221158e-01,2.129641e-02,1.742044e-02,4.639245e-03
2.745909e-01,2.069350e-02,3.241936e-02,5.034435e-02,2.191536e-02,1.644220e-02,4.252786e-03,1.522994e-01,7.708111e-02,2.999505e-02,8.009680e-02,1.904743e-01,2.008299e-02,2.063526e-02,8.676633e-03
2.075096e-01,2.073343e-02,4.088407e-02,1.102599e-01,2.253845e-02,2.557237e-02,3.953834e-03,1.894808e-01,9.138872e-02,2.410440e-02,6.796014e-02,1.501627e-01,1.729930e-02,1.917916e-02,8.973088e-03
1.614277e-01,3.116090e-02,4.179984e-02,1.981129e-01,2.341247e-02,2.266059e-02,3.390368e-03,1.742876e-01,1.128002e-01,2.729242e-02,5.601604e-02,1.093822e-01,1.485749e-02,1.605337e-02,7.345923e-03
1.365882e-01,3.500223e-02,4.655367e-02,2.374924e-01,7.129501e-02,5.216678e-02,4.932558e-03,1.271091e-01,1.046736e-01,2.308072e-02,4.670495e-02,8.206749e-02,1.250056e-02,1.268568e-02,7.147055e-03
1.329865e-01,3.669307e-02,3.520860e-02,2.856522e-01,6.752895e-02,3.928727e-02,4.203861e-03,9.248368e-02,1.589455e-01,1.751361e-02,3.669972e-02,6.304307e-02,1.130080e-02,9.518436e-03,8.934724e-03
1.431331e-01,4.860598e-02,3.033290e-02,2.854996e-01,7.230631e-02,3.237309e-02,4.141319e-03,6.627030e-02,2.007861e-01,1.308402e-02,3.047864e-02,4.663126e-02,8.834112e-03,7.719576e-03,9.803612e-03
1.087423e-01,3.667620e-02,2.304825e-02,4.232892e-01,6.821363e-02,2.459922e-02,3.902756e-03,5.573912e-02,1.709203e-01,9.476943e-03,2.330705e-02,3.295100e-02,6.388302e-03,5.437743e-03,7.308095e-03
7.931140e-02,2.611731e-02,2.354231e-02,5.627189e-01,5.211263e-02,1.765559e-02,2.847792e-03,4.127315e-02,1.322709e-01,6.885316e-03,1.854547e-02,2.311730e-02,4.514773e-03,3.822460e-03,5.264751e-03
6.620110e-02,2.078730e-02,1.975513e-02,5.868752e-01,5.762852e-02,1.307100e-02,2.276416e-03,3.392316e-02,1.343876e-01,6.328147e-03,3.092669e-02,1.651586e-02,3.486061e-03,2.765079e-03,5.072741e-03
6.047680e-02,1.873422e-02,1.727236e-02,4.432997e-01,6.925657e-02,9.544413e-03,1.853730e-03,2.020227e-01,1.236446e-01,4.975060e-03,2.879370e-02,1.174324e-02,2.644393e-03,1.968113e-03,3.770505e-03
5.281131e-02,1.408565e-02,1.282797e-02,3.155564e-01,7.504829e-02,6.997610e-03,1.573524e-03,3.836201e-01,9.712309e-02,3.537222e-03,2.241587e-02,8.326409e-03,2.015710e-03,1.385215e-03,2.675564e-03
4.041022e-02,1.059551e-02,9.172264e-03,2.225059e-01,5.582427e-02,5.056580e-03,1.143775e-03,5.582922e-01,6.847361e-02,2.481546e-03,1.588550e-02,5.847505e-03,1.447819e-03,9.723878e-04,1.890903e-03
3.324499e-02,7.899427e-03,6.775054e-03,1.562756e-01,4.048823e-02,3.711999e-03,8.490155e-04,6.823064e-01,4.819982e-02,1.741056e-03,1.121902e-02,4.156885e-03,1.072314e-03,6.868589e-04,1.373401e-03
3.253884e-02,6.732315e-03,5.590187e-03,1.113748e-01,3.168074e-02,3.207299e-03,8.588805e-04,7.560673e-01,3.589347e-02,1.251610e-03,8.330503e-03,3.495993e-03,1.155255e-03,5.140942e-04,1.308823e-03
3.490278e-02,5.346594e-03,4.660760e-03,8.411194e-02,2.438484e-02,2.621147e-03,7.802540e-04,7.821782e-01,3.088726e-02,1.005649e-03,1.187841e-02,9.744613e-03,5.438834e-03,6.209314e-04,1.437931e-03
3.368213e-02,5.219413e-03,4.423222e-03,7.144020e-02,2.208497e-02,3.737044e-03,8.176854e-04,7.238672e-01,3.809746e-02,1.316374e-03,2.859146e-02,2.265322e-02,3.988048e-02,1.020016e-03,3.169182e-03
