1.000000e+00,0.000000e+00,0.000000e+00,0.000000e+00,0.000000e+00,0.000000e+00,0.000000e+00,0.000000e+00,0.000000e+00,0.000000e+00,0.000000e+00,0.000000e+00,0.000000e+00,0.000000e+00,0.000000e+00
1.000000e+00,0.000000e+00,0.000000e+00,0.000000e+00,0.000000e+00,0.000000e+00,0.000000e+00,0.000000e+00,0.000000e+00,0.000000e+00,0.000000e+00,0.000000e+00,0.000000e+00,0.000000e+00,0.000000e+00
1.000000e+00,0.000000e+00,0.000000e+00,0.000000e+00,0.000000e+00,0.000000e+00,0.000000e+00,0.000000e+00,0.000000e+00,0.000000e+00,0.000000e+00,0.000000e+00,0.000000e+00,0.000000e+00,0.000000e+00
1.000000e+00,0.000000e+00,0.000000e+00,0.000000e+00,0.000000e+00,0.000000e+00,0.000000e+00,0.000000e+00,0.000000e+00,0.000000e+00,0.000000e+00,0.000000e+00,0.000000e+00,0.000000e+00,0.000000e+00
1.000000e+00,0.000000e+00,0.000000e+00,0.000000e+00,0.000000e+00,0.000000e+00,0.000000e+00,0.000000e+00,0.000000e+00,0.000000e+00,0.000000e+00,0.000000e+00,0.000000e+00,0.000000e+00,0.000000e+00
1.000000e+00,0.000000e+00,0.000000e+00,0.000000e+00,0.000000e+00,0.000000e+00,0.000000e+00,0.000000e+00,0.000000e+00,0.000000e+00,0.000000e+00,0.000000e+00,0.000000e+00,0.000000e+00,0.000000e+00
1.000000e+00,0.000000e+00,0.000000e+00,0.000000e+00,0.000000e+00,0.000000e+00,0.000000e+00,0.000000e+00,0.000000e+00,0.000000e+00,0.000000e+00,0.000000e+00,0.000000e+00,0.000000e+00,0.000000e+00
1.000000e+00,0.000000e+00,0.000000e+00,0.000000e+00,0.000000e+00,0.000000e+00,0.000000e+00,0.000000e+00,0.000000e+00,0.000000e+00,0.000000e+00,0.000000e+00,0.000000e+00,0.000000e+00,0.000000e+00
1.000000e+00,0.000000e+00,0.000000e+00,0.000000e+00,0.000000e+00,0.000000e+00,0.000000e+00,0.000000e+00,0.000000e+00,0.000000e+00,0.000000e+00,0.000000e+00,0.000000e+00,0.000000e+00,0.000000e+00
1.000000e+00,0.000000e+00,0.000000e+00,0.000000e+00,0.000000e+00,0.000000e+00,0.000000e+00,0.000000e+00,0.000000e+00,0.000000e+00,0.000000e+00,0.000000e+00,0.000000e+00,0.000000e+00,0.000000e+00
1.000000e+00,0.000000e+00,0.000000e+00,0.000000e+00,0.000000e+00,0.000000e+00,0.000000e+00,0.000000e+00,0.000000e+00,0.000000e+00,0.000000e+00,0.000000e+00,0.000000e+00,0.000000e+00,0.000000e+00
1.000000e+00,0.000000e+00,0.000000e+00,0.000000e+00,0.000000e+00,0.000000e+00,0.000000e+00,0.000000e+00,0.000000e+00,0.000000e+00,0.000000e+00,0.000000e+00,0.000000e+00,0.000000e+00,0.000000e+00
1.000000e+00,0.000000e+00,0.000000e+00,0.000000e+00,0.000000e+00,0.000000e+00,0.000000e+00,0.000000e+00,0.000000e+00,0.000000e+00,0.000000e+00,0.000000e+00,0.000000e+00,0.000000e+00,0.000000e+00
1.000000e+00,0.000000e+00,0.000000e+00,0.000000e+00,0.000000e+00,0.000000e+00,0.000000e+00,0.000000e+00,0.000000e+00,0.000000e+00,0.000000e+00,0.000000e+00,0.000000e+00,0.000000e+00,0.000000e+00
1.000000e+00,0.000000e+00,0.000000e+00,0.000000e+00,0.000000e+00,0.000000e+00,0.000000e+00,0.000000e+00,0.000000e+00,0.000000e+00,0.000000e+00,0.000000e+00,0.000000e+00,0.000000e+00,0.000000e+00
1.000000e+00,0.000000e+00,0.000000e+00,0.000000e+00,0.000000e+00,0.000000e+00,0.000000e+00,0.000000e+00,0.000000e+00,0.000000e+00,0.000000e+00,0.000000e+00,0.000000e+00,0.000000e+00,0.000000e+00
1.000000e+00,0.000000e+00,0.000000e+00,0.000000e+00,0.000000e+00,0.000000e+00,0.000000e+00,0.000000e+00,0.000000e+00,0.000000e+00,0.000000e+00,0.000000e+00,0.000000e+00,0.000000e+00,0.000000e+00
1.000000e+00,0.000000e+00,0.000000e+00,0.000000e+00,0.000000e+00,0.000000e+00,0.000000e+00,0.000000e+00,0.000000e+00,0.000000e+00,0.000000e+00,0.000000e+00,0.000000e+00,0.000000e+00,0.000000e+00
1.000000e+00,0.000000e+00,0.000000e+00,0.000000e+00,0.000000e+00,0.000000e+00,0.000000e+00,0.000000e+00,0.000000e+00,0.000000e+00,0.000000e+00,0.000000e+00,0.000000e+00,0.000000e+00,0.000000e+00
1.000000e+00,0.000000e+00,0.000000e+00,0.000000e+00,0.000000e+00,0.000000e+00,0.000000e+00,0.000000e+00,0.000000e+00,0.000000e+00,0.000000e+00,0.000000e+00,0.000000e+00,0.000000e+00,0.000000e+00
1.000000e+00,0.000000e+00,0.000000e+00,0.000000e+00,0.000000e+00,0.000000e+00,0.000000e+00,0.000000e+00,0.000000e+00,0.000000e+00,0.000000e+00,0.000000e+00,0.000000e+00,0.000000e+00,0.000000e+00
1.000000e+00,0.000000e+00,0.000000e+00,0.000000e+00,0.000000e+00,0.000000e+00,0.000000e+00,0.000000e+00,0.000000e+00,0.000000e+00,0.000000e+00,0.000000e+00,0.000000e+00,0.000000e+00,0.000000e+00
1.000000e+00,0.000000e+00,0.000000e+00,0.000000e+00,0.000000e+00,0.000000e+00,0.000000e+00,0.000000e+00,0.000000e+00,0.000000e+00,0.000000e+00,0.000000e+00,0.000000e+00,0.000000e+00,0.000000e+00
1.000000e+00,0.000000e+00,0.000000e+00,0.000000e+00,0.000000e+00,0.000000e+00,0.000000e+00,0.000000e+00,0.000000e+00,0.000000e+00,0.000000e+00,0.000000e+00,0.000000e+00,0.000000e+00,0.000000e+00
1.000000e+00,0.000000e+00,0.000000e+00,0.000000e+00,0.000000e+00,0.000000e+00,0.000000e+00,0.000000e+00,0.000000e+00,0.000000e+00,0.000000e+00,0.000000e+00,0.000000e+00,0.000000e+00,0.000000e+00
1.000000e+00,0.000000e+00,0.000000e+00,0.000000e+00,0.000000e+00,0.000000e+00,0.000000e+00,0.000000e+00,0.000000e+00,0.000000e+00,0.000000e+00,0.000000e+00,0.000000e+00,0.000000e+00,0.000000e+00
1.000000e+00,0.000000e+00,0.000000e+00,0.000000e+00,0.000000e+00,0.000000e+00,0.000000e+00,0.000000e+00,0.000000e+00,0.000000e+00,0.000000e+00,0.000000e+00,0.000000e+00,0.000000e+00,0.000000e+00
1.000000e+00,0.000000e+00,0.000000e+00,0.000000e+00,0.000000e+00,0.000000e+00,0.000000e+00,0.000000e+00,0.000000e+00,0.000000e+00,0.000000e+00,0.000000e+00,0.000000e+00,0.000000e+00,0.000000e+00
1.000000e+00,0.000000e+00,0.000000e+00,0.000000e+00,0.000000e+00,0.000000e+00,0.000000e+00,0.000000e+00,0.000000e+00,0.000000e+00,0.000000e+00,0.000000e+00,0.000000e+00,0.000000e+00,0.000000e+00
1.000000e+00,0.000000e+00,0.000000e+00,0.000000e+00,0.000000e+00,0.000000e+00,0.000000e+00,0.000000e+00,0.000000e+00,0.000000e+00,0.000000e+00,0.000000e+00,0.000000e+00,0.000000e+00,0.000000e+00
1.000000e+00,0.000000e+00,0.000000e+00,0.000000e+00,0.000000e+00,0.000000e+00,0.000000e+00,0.000000e+00,0.000000e+00,0.000000e+00,0.000000e+00,0.000000e+00,0.000000e+00,0.000000e+00,0.000000e+00
1.000000e+00,0.000000e+00,0.000000e+00,0.000000e+00,0.000000e+00,0.000000e+00,0.000000e+00,0.000000e+00,0.000000e+00,0.000000e+00,0.000000e+00,0.000000e+00,0.000000e+00,0.000000e+00,0.000000e+00
1.000000e+00,0.000000e+00,0.000000e+00,0.000000e+00,0.000000e+00,0.000000e+00,0.000000e+00,0.000000e+00,0.000000e+00,0.000000e+00,0.000000e+00,0.000000e+00,0.000000e+00,0.000000e+00,0.000000e+00
1.000000e+00,0.000000e+00,0.000000e+00,0.000000e+00,0.000000e+00,0.000000e+00,0.000000e+00,0.000000e+00,0.000000e+00,0.000000e+00,0.000000e+00,0.000000e+00,0.000000e+00,0.000000e+00,0.000000e+00
1.000000e+00,0.000000e+00,0.000000e+00,0.000000e+00,0.000000e+00,0.000000e+00,0.000000e+00,0.000000e+00,0.000000e+00,0.000000e+00,0.000000e+00,0.000000e+00,0.000000e+00,0.000000e+00,0.000000e+00
1.000000e+00,0.000000e+00,0.000000e+00,0.000000e+00,0.000000e+00,0.000000e+00,0.000000e+00,0.000000e+00,0.000000e+00,0.000000e+00,0.000000e+00,0.000000e+00,0.000000e+00,0.000000e+00,0.000000e+00
1.000000e+00,0.000000e+00,0.000000e+00,0.000000e+00,0.000000e+00,0.000000e+00,0.000000e+00,0.000000e+00,0.000000e+00,0.000000e+00,0.000000e+00,0.000000e+00,0.000000e+00,0.000000e+00,0.000000e+00
1.000000e+00,0.000000e+00,0.000000e+00,0.000000e+00,0.000000e+00,0.000000e+00,0.000000e+00,0.000000e+00,0.000000e+00,0.000000e+00,0.000000e+00,0.000000e+00,0.000000e+00,0.000000e+00,0.000000e+00
1.000000e+00,0.000000e+00,0.000000e+00,0.000000e+00,0.000000e+00,0.000000e+00,0.000000e+00,0.000000e+00,0.000000e+00,0.000000e+00,0.000000e+00,0.000000e+00,0.000000e+00,0.000000e+00,0.000000e+00
1.000000e+00,0.000000e+00,0.000000e+00,0.000000e+00,0.000000e+00,0.000000e+00,0.000000e+00,0.000000e+00,0.000000e+00,0.000000e+00,0.000000e+00,0.000000e+00,0.000000e+00,0.000000e+00,0.000000e+00
1.000000e+00,0.000000e+00,0.000000e+00,0.000000e+00,0.000000e+00,0.000000e+00,0.000000e+00,0.000000e+00,0.000000e+00,0.000000e+00,0.000000e+00,0.000000e+00,0.000000e+00,0.000000e+00,0.000000e+00
1.000000e+00,0.000000e+00,0.000000e+00,0.000000e+00,0.000000e+00,0.000000e+00,0.000000e+00,0.000000e+00,0.000000e+00,0.000000e+00,0.000000e+00,0.000000e+00,0.000000e+00,0.000000e+00,0.000000e+00
1.000000e+00,0.000000e+00,0.000000e+00,0.000000e+00,0.000000e+00,0.000000e+00,0.000000e+00,0.000000e+00,0.000000e+00,0.000000e+00,0.000000e+00,0.000000e+00,0.000000e+00,0.000000e+00,0.000000e+00
1.000000e+00,0.000000e+00,0.000000e+00,0.000000e+00,0.000000e+00,0.000000e+00,0.000000e+00,0.000000e+00,0.000000e+00,0.000000e+00,0.000000e+00,0.000000e+00,0.000000e+00,0.000000e+00,0.000000e+00
1.000000e+00,0.000000e+00,0.000000e+00,0.000000e+00,0.000000e+00,0.000000e+00,0.000000e+00,0.000000e+00,0.000000e+00,0.000000e+00,0.000000e+00,0.000000e+00,0.000000e+00,0.000000e+00,0.000000e+00
3.828041e-01,1.207360e-02,5.191910e-03,5.722290e-02,4.463427e-03,1.873489e-02,3.275138e-03,9.013884e-03,9.611382e-03,2.508727e-03,4.996093e-02,4.006592e-01,2.899122e-02,2.275131e-03,1.321364e-02
2.837310e-01,1.225169e-02,4.654723e-03,8.409530e-02,7.409071e-03,1.577643e-02,3.436851e-03,9.390142e-03,1.551300e-02,2.076901e-03,5.083669e-02,4.647751e-01,3.355318e-02,2.177169e-03,1.032280e-02
2.047300e-01,1.210235e-02,7.704335e-03,1.296810e-01,1.032870e-02,1.919730e-02,4.052443e-03,2.037961e-02,1.463517e-02,1.721253e-03,4.849308e-02,4.759069e-01,4.002357e-02,2.606960e-03,8.437399e-03
1.568942e-01,1.978401e-02,8.601776e-03,1.759213e-01,2.054615e-02,1.946348e-02,6.868510e-03,1.862245e-02,2.425112e-02,1.649011e-03,4.815182e-02,4.364201e-01,5.030515e-02,3.473415e-03,9.047574e-03
1.153110e-01,2.246608e-02,2.501062e-02,2.808427e-01,2.708635e-02,2.155013e-02,7.060367e-03,2.143661e-02,2.064981e-02,1.433972e-03,3.847700e-02,3.611998e-01,4.575390e-02,3.018842e-03,8.702865e-03
1.397964e-01,3.457412e-02,2.192258e-02,2.628324e-01,4.883522e-02,2.977043e-02,1.094429e-02,1.888162e-02,2.468981e-02,1.807597e-03,3.284110e-02,2.972824e-01,6.031153e-02,3.498995e-03,1.201155e-02
1.748771e-01,4.360571e-02,1.890691e-02,2.411705e-01,5.527249e-02,3.591862e-02,1.319744e-02,1.696312e-02,2.631932e-02,2.523767e-03,2.752680e-02,2.476417e-01,7.333153e-02,3.650791e-03,1.909435e-02
2.224422e-01,5.028717e-02,1.799363e-02,2.037819e-01,5.003476e-02,6.600073e-02,1.181527e-02,1.586648e-02,2.221179e-02,3.480358e-03,4.115997e-02,2.135129e-01,5.889974e-02,3.698914e-03,1.881432e-02
1.589017e-01,3.734534e-02,1.328143e-02,1.444333e-01,4.128309e-02,3.213180e-01,8.402746e-03,1.257707e-02,1.590217e-02,2.897711e-03,3.238297e-02,1.534073e-01,4.161755e-02,2.799854e-03,1.344978e-02
1.126814e-01,2.681256e-02,9.539246e-03,1.015425e-01,2.903906e-02,5.128551e-01,5.935011e-03,9.387412e-03,1.119646e-02,2.894024e-03,2.689862e-02,1.097174e-01,2.949432e-02,2.081816e-03,9.925154e-03
1.990319e-01,2.138822e-02,7.465500e-03,7.533244e-02,2.082568e-02,4.934244e-01,4.553339e-03,7.837105e-03,9.595805e-03,5.613267e-03,3.088716e-02,8.238008e-02,2.272160e-02,3.383645e-03,1.555996e-02
3.569041e-01,1.715026e-02,6.275274e-03,5.691372e-02,1.535256e-02,3.926659e-01,3.782405e-03,6.873128e-03,8.671992e-03,6.801412e-03,2.622988e-02,6.169510e-02,1.804882e-02,3.962126e-03,1.867342e-02
4.484421e-01,1.487673e-02,5.021433e-03,4.373040e-02,1.133272e-02,3.267523e-01,3.211349e-03,5.946076e-03,1.199067e-02,8.181861e-03,2.793941e-02,5.054623e-02,1.532967e-02,5.583691e-03,2.111540e-02
3.223912e-01,1.332765e-02,4.158100e-03,3.446127e-02,8.100829e-03,3.268000e-01,2.400559e-03,4.944962e-03,8.210995e-02,7.940204e-03,9.382905e-02,3.970449e-02,1.248909e-02,9.467691e-03,3.787496e-02
2.258900e-01,1.121148e-02,2.976052e-03,2.546369e-02,5.712903e-03,2.386072e-01,1.697998e-03,3.573505e-03,2.503743e-01,6.276106e-03,1.464862e-01,3.138578e-02,9.531432e-03,1.287359e-02,2.793982e-02
1.586902e-01,8.514282e-03,2.148188e-03,1.898396e-02,4.067268e-03,1.681415e-01,1.284793e-03,2.578358e-03,3.749224e-01,8.613637e-03,1.624904e-01,2.844761e-02,8.340145e-03,1.615808e-02,3.661918e-02
1.122350e-01,7.313333e-03,1.737543e-03,1.491282e-02,3.130795e-03,1.185548e-01,9.720897e-04,1.909182e-03,4.763193e-01,1.568964e-02,1.557137e-01,2.893947e-02,9.046110e-03,1.666207e-02,3.686418e-02
7.953242e-02,1.159736e-02,1.632854e-03,1.170212e-02,3.155887e-03,8.870485e-02,9.128338e-04,1.569653e-03,4.011761e-01,4.227761e-02,1.781257e-01,9.908864e-02,2.048206e-02,2.224066e-02,3.780120e-02
6.108077e-02,1.233851e-02,1.464847e-03,1.099718e-02,3.816688e-03,7.030747e-02,1.348921e-03,2.136182e-03,3.270609e-01,5.204459e-02,2.006774e-01,1.494078e-01,2.169772e-02,3.997106e-02,4.565001e-02
4.520852e-02,1.206778e-02,1.268157e-03,1.201724e-02,3.910167e-03,5.494169e-02,1.104831e-03,3.590064e-03,2.717614e-01,5.059423e-02,3.045907e-01,1.311810e-01,2.147372e-02,4.628302e-02,4.000753e-02
3.203220e-02,1.613353e-02,1.047254e-03,8.595289e-03,3.763547e-03,4.128288e-02,1.204271e-03,3.910678e-03,3.662970e-01,5.002558e-02,2.935638e-01,9.588958e-02,1.614870e-02,4.112870e-02,2.897698e-02
2.353020e-02,1.870559e-02,9.167273e-04,6.365500e-03,3.338989e-03,3.140699e-02,1.157058e-03,4.348169e-03,4.733713e-01,4.661619e-02,2.460236e-01,7.161320e-02,1.400563e-02,3.709074e-02,2.151009e-02
1.743068e-02,2.186297e-02,8.723569e-04,7.231467e-03,2.992143e-03,2.492478e-02,1.777966e-03,5.815363e-03,5.272861e-01,3.839961e-02,2.173615e-01,6.292846e-02,2.165055e-02,3.289254e-02,1.657358e-02
1.342928e-02,3.260775e-02,8.458049e-04,7.322098e-03,2.912241e-03,2.053004e-02,1.644836e-03,6.535276e-03,5.705867e-01,3.487844e-02,1.857201e-01,5.650787e-02,2.280821e-02,3.026386e-02,1.340748e-02
1.433037e-02,3.913788e-02,1.881710e-03,9.233966e-03,1.143724e-02,2.790940e-02,6.018183e-03,1.319582e-02,5.664240e-01,3.035410e-02,1.636908e-01,4.675294e-02,2.971343e-02,2.504994e-02,1.487021e-02
2.203347e-02,5.428717e-02,1.900060e-03,1.451311e-02,8.754712e-03,3.065435e-02,4.632286e-03,1.030398e-02,4.477618e-01,2.392691e-02,1.378757e-01,1.686204e-01,3.738900e-02,2.316908e-02,1.417791e-02
8.118317e-02,7.134132e-02,3.153353e-03,2.361599e-02,1.033291e-02,3.040961e-02,4.304244e-03,1.527650e-02,3.932216e-01,2.698476e-02,1.262497e-01,1.363865e-01,3.795465e-02,2.582885e-02,1.375688e-02
1.486893e-01,6.413503e-02,3.577645e-03,2.616125e-02,1.605565e-02,3.461221e-02,5.186122e-03,1.515895e-02,3.268072e-01,2.294494e-02,1.167938e-01,1.192600e-01,6.283559e-02,2.285496e-02,1.492734e-02
2.243476e-01,4.902621e-02,3.919593e-03,2.663489e-02,2.481703e-02,3.669668e-02,5.679004e-03,1.342530e-02,2.450890e-01,1.809042e-02,9.031511e-02,1.165221e-01,1.134737e-01,1.812989e-02,1.383351e-02
1.662160e-01,3.545887e-02,2.950607e-03,2.164392e-02,2.487610e-02,2.894128e-02,4.207992e-03,9.589531e-03,1.762792e-01,1.332589e-02,7.213382e-02,1.102679e-01,3.030313e-01,1.883825e-02,1.223941e-02
1.204304e-01,2.493550e-02,2.130171e-03,1.557195e-02,1.958738e-02,2.197560e-02,3.102816e-03,6.812427e-03,1.257260e-01,9.520094e-03,5.602353e-02,1.221375e-01,4.471366e-01,1.570920e-02,9.200856e-03
8.712374e-02,1.763864e-02,1.555090e-03,1.156416e-02,1.598067e-02,1.789785e-02,2.473869e-03,5.120013e-03,9.623080e-02,7.097024e-03,5.172626e-02,1.197547e-01,5.454968e-01,1.309045e-02,7.249876e-03
6.411120e-02,1.271947e-02,1.276073e-03,8.480761e-03,1.826098e-02,1.568988e-02,2.474337e-03,4.414917e-03,8.194771e-02,5.828777e-03,5.000453e-02,2.207912e-01,4.960158e-01,1.136157e-02,6.622836e-03
4.769956e-02,9.290542e-03,1.091536e-03,6.143087e-03,1.750891e-02,1.323510e-02,2.236340e-03,3.901018e-03,6.563140e-02,4.433156e-03,3.974433e-02,3.625880e-01,4.126951e-01,8.590815e-03,5.211181e-03
3.723349e-02,6.817666e-03,1.338818e-03,4.877169e-03,1.655304e-02,1.355554e-02,2.686341e-03,5.207124e-03,5.330388e-02,3.644408e-03,3.062005e-02,4.697298e-01,3.421847e-01,7.352007e-03,4.895969e-03
2.861563e-02,6.350935e-03,3.420782e-03,3.658178e-03,1.767547e-02,1.506112e-02,5.337669e-03,7.710600e-03,4.636321e-02,2.654571e-03,2.190493e-02,5.044457e-01,3.272254e-01,5.319511e-03,4.256284e-03
2.369130e-02,7.405900e-03,3.752730e-03,2.778139e-03,1.509401e-02,1.613936e-02,6.963911e-03,1.082749e-02,4.801552e-02,2.047742e-03,1.564791e-02,5.223413e-01,3.173894e-01,3.908119e-03,3.997181e-03
2.579187e-02,2.892207e-02,1.516208e-02,2.410421e-02,1.282994e-02,3.090325e-02,5.868793e-03,1.724590e-02,9.582844e-02,2.374234e-03,1.553756e-02,4.480461e-01,2.684215e-01,3.176813e-03,5.787156e-03
3.463325e-02,2.738252e-02,1.774293e-02,2.032688e-02,1.508852e-02,9.527603e-02,8.782603e-03,2.856331e-02,9.407876e-02,2.471833e-03,1.357984e-02,3.918322e-01,2.419825e-01,2.717222e-03,5.541599e-03
4.233402e-02,2.581400e-02,1.673408e-02,1.520910e-02,2.274657e-02,8.814242e-02,1.155687e-02,3.343146e-02,7.332458e-02,2.037111e-03,1.147352e-02,3.559147e-01,2.935415e-01,2.571396e-03,5.168688e-03
4.439330e-02,3.328111e-02,2.021478e-02,1.216063e-02,2.367789e-02,8.504432e-02,1.210323e-02,4.162600e-02,6.149182e-02,2.332723e-03,8.893819e-03,3.331279e-01,3.135675e-01,2.574735e-03,5.510105e-03
4.874386e-02,5.072972e-02,6.142710e-02,3.943933e-02,2.593013e-02,7.710284e-02,1.158227e-02,6.155712e-02,7.662889e-02,4.611026e-03,7.209124e-03,2.478385e-01,2.708619e-01,2.290296e-03,1.404785e-02
9.920356e-02,5.851349e-02,5.790598e-02,3.114642e-02,2.325673e-02,1.036994e-01,9.218878e-03,5.518186e-02,6.626802e-02,5.425353e-03,5.583656e-03,1.764729e-01,2.760198e-01,4.335038e-03,2.776891e-02
1.009374e-01,5.387793e-02,5.114188e-02,2.480224e-02,3.489662e-02,1.281158e-01,8.221764e-03,5.540906e-02,5.540971e-02,4.346177e-03,4.722105e-03,1.289292e-01,3.041844e-01,7.400693e-03,3.760505e-02
1.230977e-01,5.450357e-02,4.497183e-02,1.959237e-02,3.336973e-02,1.054389e-01,9.056015e-03,4.940647e-02,4.509382e-02,3.496984e-03,5.334052e-03,1.059098e-01,3.590514e-01,9.980873e-03,3.169652e-02
1.286597e-01,5.373017e-02,9.339324e-02,3.354582e-02,4.133783e-02,9.414265e-02,1.030221e-02,6.125357e-02,4.305905e-02,4.670450e-03,5.069697e-03,7.814015e-02,2.937947e-01,9.035956e-03,4.986469e-02
1.204093e-01,5.294337e-02,7.657174e-02,3.181154e-02,3.874432e-02,7.798848e-02,1.306184e-02,2.010958e-01,4.938021e-02,3.890522e-03,4.092940e-03,5.599673e-02,2.270741e-01,7.023565e-03,3.991561e-02
1.425920e-01,4.778732e-02,5.746545e-02,2.568191e-02,4.461737e-02,6.218531e-02,1.071891e-02,2.863585e-01,4.702999e-02,2.960144e-03,3.388307e-03,4.002605e-02,1.928139e-01,5.665338e-03,3.070958e-02
1.596063e-01,4.627666e-02,4.436743e-02,2.261293e-02,4.571038e-02,5.136369e-02,8.957616e-03,3.654053e-01,4.439846e-02,2.183509e-03,2.878037e-03,2.881706e-02,1.497186e-01,4.449070e-03,2.325500e-02
1.703673e-01,3.991460e-02,3.528583e-02,2.080426e-02,4.179603e-02,3.744693e-02,7.215548e-03,4.346380e-01,3.928088e-02,2.158635e-03,6.074348e-03,2.673551e-02,1.099917e-01,5.975961e-03,2.231443e-02
1.400650e-01,2.875087e-02,2.791527e-02,1.719421e-02,3.460260e-02,2.680672e-02,5.523676e-03,5.668770e-01,2.817704e-02,1.596055e-03,4.722370e-03,1.942076e-02,7.776140e-02,4.443785e-03,1.614326e-02
1.142955e-01,2.030571e-02,2.062505e-02,1.352111e-02,2.943811e-02,1.919194e-02,4.126487e-03,6.708057e-01,1.989920e-02,1.132203e-03,3.548203e-03,1.379355e-02,5.471468e-02,3.199494e-03,1.140309e-02
1.418348e-01,1.477346e-02,1.647229e-02,1.127796e-02,2.571361e-02,1.600296e-02,3.623633e-03,6.910443e-01,1.500701e-02,8.847000e-04,3.358621e-03,1.027933e-02,3.878443e-02,2.561143e-03,8.381728e-03
1.831668e-01,1.100560e-02,1.303286e-02,1.005191e-02,2.252143e-02,1.327591e-02,3.593544e-03,6.835659e-01,1.173095e-02,7.312429e-04,2.855846e-03,7.927426e-03,2.788808e-02,2.181845e-03,6.470653e-03
1.867588e-01,8.014388e-03,9.849020e-03,7.706685e-03,1.685726e-02,1.048329e-02,2.832388e-03,7.127163e-01,9.328261e-03,5.438379e-04,2.234452e-03,6.179790e-03,1.995439e-02,1.636216e-03,4.904779e-03
2.401035e-01,6.485833e-03,8.423341e-03,8.396251e-03,1.425214e-02,9.073907e-03,2.305354e-03,6.694404e-01,7.900989e-03,8.639513e-04,2.883126e-03,8.554686e-03,1.509579e-02,1.620109e-03,4.600659e-03
2.907064e-01,6.731494e-03,9.483312e-03,1.629199e-02,1.379071e-02,1.031419e-02,1.899968e-03,5.905897e-01,9.625535e-03,2.600269e-03,5.235038e-03,1.643426e-02,1.512696e-02,2.150011e-03,9.020157e-03
2.385794e-01,6.574115e-03,7.977178e-03,2.175515e-02,1.108511e-02,2.329079e-02,2.089039e-03,4.197236e-01,1.210555e-02,3.976174e-03,9.133475e-03,3.926874e-02,1.835242e-01,2.760449e-03,1.815703e-02
1.972892e-01,5.417541e-03,6.212227e-03,2.514971e-02,8.217292e-03,3.600805e-02,1.860988e-03,2.968622e-01,1.335262e-02,3.517313e-03,1.039884e-02,3.897691e-02,3.375176e-01,2.207875e-03,1.701167e-02
1.476563e-01,4.407801e-03,5.492213e-03,2.372020e-02,7.349954e-03,4.372454e-02,2.201405e-03,2.109842e-01,1.352325e-02,2.729804e-03,1.001011e-02,3.411882e-02,4.785449e-01,1.672491e-03,1.386400e-02
1.249911e-01,5.155554e-03,5.101697e-03,1.866056e-02,1.056075e-02,5.413986e-02,4.087918e-03,1.487233e-01,1.346751e-02,2.807404e-03,1.463247e-02,3.433878e-02,5.467709e-01,2.113885e-03,1.444830e-02
1.012193e-01,6.124844e-03,4.427889e-03,1.487515e-02,1.009646e-02,4.652371e-02,4.499981e-03,1.043768e-01,1.259528e-02,3.538578e-03,1.994186e-02,3.862044e-02,6.128160e-01,2.287836e-03,1.805591e-02
1.298271e-01,5.583179e-03,3.808495e-03,1.131096e-02,8.507836e-03,3.627905e-02,5.087642e-03,7.369085e-02,1.412420e-02,7.700766e-03,2.417064e-02,4.814242e-02,6.045933e-01,6.694505e-03,2.047908e-02
1.542560e-01,6.761136e-03,3.394795e-03,1.038980e-02,7.487118e-03,3.213210e-02,5.496324e-03,5.189263e-02,1.565524e-02,1.658851e-02,2.814459e-02,7.041679e-02,5.619745e-01,1.120540e-02,2.420509e-02
1.634424e-01,5.354591e-03,2.585195e-03,7.891214e-03,6.489989e-03,2.793640e-02,4.564119e-03,3.643285e-02,1.480619e-02,1.921396e-02,3.098817e-02,8.683627e-02,5.616727e-01,1.033382e-02,2.145217e-02
1.747742e-01,4.782189e-03,2.043362e-03,6.100114e-03,5.452536e-03,2.425467e-02,3.793936e-03,2.561154e-02,1.300694e-02,2.405461e-02,2.959529e-02,1.516368e-01,5.044254e-01,1.075226e-02,1.971615e-02
1.729023e-01,5.338551e-03,2.365190e-03,4.780710e-03,5.710654e-03,1.811042e-02,2.989165e-03,1.805289e-02,1.340466e-02,4.318018e-02,3.548889e-02,1.296392e-01,5.189073e-01,8.741791e-03,2.038798e-02
1.666204e-01,4.507561e-03,2.330993e-03,4.568753e-03,7.861896e-03,1.415028e-02,2.652868e-03,1.310652e-02,1.489819e-02,1.088158e-01,3.978748e-02,1.370140e-01,4.476472e-01,1.387489e-02,2.216317e-02
1.559424e-01,3.848386e-03,3.378032e-03,5.251178e-03,1.333154e-02,1.208625e-02,2.271033e-03,1.232687e-02,2.277012e-02,1.570412e-01,5.751210e-02,1.329118e-01,3.857251e-01,1.298163e-02,2.262241e-02
1.367747e-01,3.982054e-03,5.423063e-03,5.554716e-03,1.291582e-02,1.136041e-02,2.484647e-03,2.143163e-02,2.393650e-02,2.092060e-01,7.912642e-02,1.232474e-01,3.160862e-01,1.878681e-02,2.968371e-02
1.512035e-01,3.970664e-03,8.855758e-03,6.720218e-03,2.635781e-02,1.135442e-02,2.329182e-03,3.315309e-02,2.982975e-02,2.192568e-01,6.395973e-02,1.142250e-01,2.644561e-01,2.144904e-02,4.287893e-02
1.521537e-01,5.521056e-03,1.083518e-02,7.560379e-03,3.466712e-02,1.047715e-02,2.127405e-03,4.666282e-02,3.933120e-02,2.162013e-01,5.062914e-02,1.067265e-01,2.189549e-01,2.356825e-02,7.458384e-02
1.393744e-01,6.913299e-03,1.340947e-02,9.964336e-03,4.762221e-02,9.405486e-03,2.758780e-03,6.303958e-02,5.293196e-02,2.102602e-01,4.176605e-02,9.184239e-02,1.882456e-01,2.727835e-02,9.518798e-02
1.220025e-01,9.535884e-03,1.674040e-02,1.099840e-02,5.752036e-02,9.662683e-03,3.047945e-03,8.379377e-02,8.646265e-02,2.092674e-01,3.607177e-02,7.459222e-02,1.576231e-01,3.771137e-02,8.496960e-02
1.134400e-01,1.009241e-02,1.590703e-02,1.078587e-02,9.288908e-02,2.226808e-02,5.018895e-03,6.807660e-02,8.797681e-02,1.991437e-01,2.928120e-02,9.677173e-02,1.395628e-01,3.682872e-02,7.195702e-02
9.701452e-02,1.199397e-02,1.609146e-02,8.955324e-03,9.569289e-02,2.555233e-02,5.287507e-03,6.136301e-02,8.090995e-02,1.509117e-01,2.440161e-02,1.942079e-01,1.315099e-01,3.478763e-02,6.132039e-02
9.088212e-02,1.440117e-02,1.332987e-02,8.087160e-03,1.052402e-01,2.195477e-02,5.032727e-03,5.338104e-02,7.094939e-02,1.111052e-01,2.052192e-02,2.580820e-01,1.297303e-01,4.615780e-02,5.114429e-02
8.978408e-02,3.103803e-02,1.398530e-02,7.458326e-03,1.266875e-01,2.942681e-02,4.511961e-03,6.203915e-02,6.579318e-02,8.212839e-02,2.187584e-02,2.877449e-01,9.891407e-02,4.013282e-02,3.847954e-02
1.247769e-01,4.764097e-02,2.773623e-02,3.635946e-02,1.205969e-01,4.112783e-02,4.432376e-03,6.421166e-02,6.812586e-02,6.232320e-02,2.137808e-02,2.441173e-01,7.325658e-02,3.216484e-02,3.175169e-02
1.926471e-01,6.806628e-02,2.675908e-02,6.215648e-02,8.940794e-02,4.070941e-02,3.645176e-03,5.142376e-02,6.424949e-02,4.852353e-02,2.228159e-02,2.087895e-01,6.225767e-02,2.598262e-02,3.310033e-02
2.371050e-01,8.462742e-02,2.373667e-02,5.734140e-02,7.077839e-02,6.261483e-02,4.169728e-03,5.019739e-02,6.854153e-02,3.546000e-02,1.990078e-02,1.849086e-01,5.080723e-02,2.206249e-02,2.774849e-02
3.163235e-01,7.398483e-02,2.045133e-02,5.527469e-02,5.875601e-02,5.509800e-02,5.621741e-03,4.033171e-02,6.092203e-02,2.712892e-02,1.900109e-02,1.769859e-01,4.295457e-02,1.859953e-02,2.856605e-02
3.084166e-01,6.475773e-02,1.876424e-02,4.281469e-02,5.316258e-02,6.053629e-02,6.215372e-03,3.525875e-02,6.021208e-02,2.065592e-02,2.161656e-02,2.141919e-01,5.227897e-02,1.813671e-02,2.298150e-02
2.706795e-01,4.864049e-02,1.444824e-02,3.141131e-02,5.522640e-02,6.292699e-02,1.035319e-02,2.769020e-02,6.312330e-02,1.492942e-02,2.010406e-02,2.852702e-01,6.305775e-02,1.441329e-02,1.772561e-02
2.775557e-01,3.914749e-02,1.704038e-02,2.889190e-02,4.955904e-02,5.807274e-02,1.288300e-02,2.775037e-02,5.481925e-02,1.175475e-02,1.977491e-02,2.717161e-01,1.029223e-01,1.330688e-02,1.480522e-02
2.425735e-01,3.099033e-02,1.718813e-02,2.445416e-02,4.342990e-02,5.406132e-02,1.449132e-02,2.406449e-02,5.412484e-02,9.059560e-03,1.824756e-02,2.475611e-01,1.970367e-01,1.060179e-02,1.211530e-02
1.959015e-01,2.406900e-02,1.365654e-02,2.356548e-02,3.355224e-02,4.201295e-02,1.151047e-02,1.996891e-02,5.368394e-02,7.837112e-03,1.780860e-02,2.587674e-01,2.760458e-01,8.748199e-03,1.287184e-02
1.473688e-01,1.834784e-02,1.033341e-02,4.105410e-02,2.558396e-02,3.275960e-02,9.549029e-03,1.775961e-02,5.075098e-02,6.782625e-03,1.823835e-02,2.373848e-01,3.633802e-01,7.405427e-03,1.330133e-02
1.103712e-01,1.358891e-02,7.465207e-03,3.104869e-02,2.040031e-02,2.527758e-02,7.265583e-03,1.338185e-02,5.413011e-02,5.203173e-03,1.631013e-02,2.031135e-01,4.759872e-01,5.642497e-03,1.081406e-02
3.056265e-01,1.127620e-02,8.730078e-03,2.541125e-02,1.528232e-02,2.460428e-02,6.601478e-03,1.064259e-02,4.110285e-02,4.738979e-03,1.327340e-02,1.550485e-01,3.615608e-01,5.664147e-03,1.043663e-02
4.403845e-01,9.523238e-03,7.903415e-03,2.129257e-02,1.218554e-02,2.781275e-02,6.236413e-03,9.322663e-03,3.247081e-02,4.346129e-03,1.231075e-02,1.240044e-01,2.771770e-01,5.186748e-03,9.843135e-03
1.000000e+00,0.000000e+00,0.000000e+00,0.000000e+00,0.000000e+00,0.000000e+00,0.000000e+00,0.000000e+00,0.000000e+00,0.000000e+00,0.000000e+00,0.000000e+00,0.000000e+00,0.000000e+00,0.000000e+00
1.000000e+00,0.000000e+00,0.000000e+00,0.000000e+00,0.000000e+00,0.000000e+00,0.000000e+00,0.000000e+00,0.000000e+00,0.000000e+00,0.000000e+00,0.000000e+00,0.000000e+00,0.000000e+00,0.000000e+00
1.000000e+00,0.000000e+00,0.000000e+00,0.000000e+00,0.000000e+00,0.000000e+00,0.000000e+00,0.000000e+00,0.000000e+00,0.000000e+00,0.000000e+00,0.000000e+00,0.000000e+00,0.000000e+00,0.000000e+00
1.000000e+00,0.000000e+00,0.000000e+00,0.000000e+00,0.000000e+00,0.000000e+00,0.000000e+00,0.000000e+00,0.000000e+00,0.000000e+00,0.000000e+00,0.000000e+00,0.000000e+00,0.000000e+00,0.000000e+00
1.000000e+00,0.000000e+00,0.000000e+00,0.000000e+00,0.000000e+00,0.000000e+00,0.000000e+00,0.000000e+00,0.000000e+00,0.000000e+00,0.000000e+00,0.000000e+00,0.000000e+00,0.000000e+00,0.000000e+00
1.000000e+00,0.000000e+00,0.000000e+00,0.000000e+00,0.000000e+00,0.000000e+00,0.000000e+00,0.000000e+00,0.000000e+00,0.000000e+00,0.000000e+00,0.000000e+00,0.000000e+00,0.000000e+00,0.000000e+00
4.875213e-01,5.246912e-03,3.122935e-03,8.635791e-03,1.903693e-02,3.175464e-02,4.364463e-03,5.411926e-03,3.357759e-02,8.983221e-03,1.049027e-02,1.539120e-01,2.215810e-01,2.914240e-03,3.446754e-03
4.664980e-01,5.289340e-03,2.492385e-03,7.422396e-03,3.185244e-02,2.495383e-02,4.913382e-03,5.198197e-03,5.312157e-02,1.094120e-02,9.909231e-03,1.508258e-01,2.214240e-01,2.386658e-03,2.771549e-03
4.497981e-01,5.117235e-03,2.390445e-03,6.232510e-03,3.366888e-02,2.105698e-02,4.492898e-03,6.519386e-03,5.004895e-02,2.014303e-02,9.686792e-03,1.684820e-01,2.176371e-01,2.537177e-03,2.188459e-03
3.783148e-01,5.114532e-03,2.287718e-03,5.699879e-03,3.208083e-02,1.938694e-02,3.951312e-03,8.460842e-03,4.748703e-02,2.518529e-02,9.808179e-03,1.980827e-01,2.593237e-01,3.037987e-03,1.778226e-03
2.838605e-01,4.511036e-03,1.959148e-03,5.196050e-03,6.101073e-02,1.472170e-02,3.370718e-03,1.055723e-02,6.378023e-02,2.384120e-02,1.015086e-02,1.822332e-01,3.309705e-01,2.478631e-03,1.358325e-03
2.095077e-01,3.587255e-03,1.859066e-03,3.819521e-03,1.090460e-01,1.082283e-02,3.217168e-03,9.388190e-03,7.722997e-02,1.849550e-02,8.934309e-03,1.925745e-01,3.486241e-01,1.861950e-03,1.031997e-03
1.769610e-01,2.934642e-03,1.626044e-03,3.127685e-03,1.349341e-01,8.279744e-03,3.033405e-03,1.039942e-02,8.946805e-02,1.571529e-02,8.128094e-03,2.061867e-01,3.369662e-01,1.438873e-03,8.007708e-04
1.432375e-01,2.822540e-03,1.831735e-03,3.211663e-03,1.417411e-01,6.589948e-03,2.673083e-03,1.805045e-02,1.572446e-01,1.606275e-02,7.197066e-03,1.815319e-01,3.160642e-01,1.108724e-03,6.328529e-04
1.034045e-01,2.143767e-03,2.073604e-03,3.174092e-03,1.633240e-01,4.996811e-03,2.623270e-03,1.189460e-01,1.358166e-01,1.209908e-02,6.448847e-03,1.535810e-01,2.900903e-01,8.053175e-04,4.728233e-04
7.358795e-02,1.571611e-03,1.608019e-03,2.527761e-03,2.266042e-01,3.633000e-03,2.865735e-03,1.377583e-01,1.717725e-01,8.556347e-03,5.852832e-03,1.202820e-01,2.424515e-01,5.702821e-04,3.578824e-04
5.283886e-02,1.150194e-03,4.282278e-03,2.642839e-03,1.748389e-01,2.626248e-03,2.469776e-03,3.300294e-01,1.481042e-01,6.009439e-03,4.817009e-03,8.658668e-02,1.829383e-01,4.046120e-04,2.611380e-04
3.943666e-02,1.076662e-03,3.950050e-03,3.009561e-03,1.548999e-01,2.085021e-03,4.591697e-03,2.889090e-01,2.981974e-01,4.261373e-03,3.846993e-03,6.213750e-02,1.331059e-01,2.872924e-04,2.050807e-04
3.408296e-02,1.044017e-03,5.295432e-03,4.530983e-03,1.741725e-01,1.882692e-03,1.315119e-02,3.248720e-01,2.941082e-01,3.020396e-03,3.416926e-03,4.460196e-02,9.541981e-02,2.045715e-04,1.963650e-04
3.488275e-02,1.225346e-03,4.098746e-03,5.867252e-03,2.131648e-01,1.910974e-03,1.350045e-02,3.251376e-01,2.964010e-01,2.130595e-03,2.675333e-03,3.143957e-02,6.724557e-02,1.568579e-04,1.632471e-04
3.935208e-02,1.838434e-03,3.320944e-03,9.992067e-03,2.248845e-01,2.246088e-03,1.166400e-02,3.055046e-01,3.272632e-01,1.529418e-03,2.082855e-03,2.249515e-02,4.753586e-02,1.203180e-04,1.703604e-04
6.212481e-02,2.476099e-03,2.570684e-03,1.657291e-02,2.248913e-01,2.054533e-03,8.975525e-03,3.367429e-01,2.901556e-01,1.108997e-03,1.784746e-03,1.632120e-02,3.389537e-02,1.357666e-04,1.894678e-04
7.376554e-02,1.982716e-03,1.863622e-03,1.553279e-02,2.034473e-01,1.722974e-03,6.856042e-03,4.369084e-01,2.196795e-01,7.838038e-04,1.364890e-03,1.172292e-02,2.412225e-02,1.041497e-04,1.431697e-04
6.666579e-02,1.484869e-03,1.405998e-03,1.205889e-02,1.618865e-01,1.735764e-03,5.016318e-03,5.654459e-01,1.571786e-01,5.551461e-04,1.007448e-03,8.314906e-03,1.705694e-02,7.859874e-05,1.083565e-04
5.910399e-02,1.111487e-03,1.076291e-03,8.792270e-03,1.154536e-01,3.087341e-03,3.600100e-03,6.772739e-01,1.105346e-01,3.974919e-04,8.989369e-04,6.185628e-03,1.228209e-02,8.669597e-05,1.155452e-04
9.208611e-02,9.987768e-04,8.918017e-04,7.467022e-03,8.581227e-02,2.126949e-02,2.725130e-03,6.856530e-01,7.811987e-02,3.189035e-04,2.697196e-03,7.702488e-03,1.379818e-02,1.861616e-04,2.736667e-04
9.297996e-02,8.155861e-04,7.310578e-04,5.843493e-03,6.458740e-02,2.105931e-02,2.041356e-03,7.319496e-01,5.583442e-02,2.369265e-04,3.213610e-03,7.315501e-03,1.290651e-02,1.810062e-04,3.043197e-04
1.191310e-01,6.186786e-04,7.020924e-04,5.071220e-03,4.784068e-02,8.806241e-02,1.641333e-03,6.694193e-01,4.007065e-02,1.768051e-04,4.437950e-03,8.084977e-03,1.407155e-02,2.213813e-04,4.500160e-04
1.179810e-01,4.711437e-04,6.906012e-04,3.637837e-03,3.367917e-02,3.032548e-01,1.247287e-03,4.892768e-01,2.818707e-02,1.258484e-04,3.384878e-03,6.935806e-03,1.046869e-02,1.880422e-04,4.710216e-04
9.446400e-02,3.691385e-04,6.578811e-04,2.606390e-03,2.368387e-02,4.926429e-01,9.581203e-04,3.478421e-01,1.978059e-02,9.220302e-05,2.555829e-03,6.294254e-03,7.530899e-03,1.460547e-04,3.757256e-04
7.438385e-02,2.986064e-04,6.353598e-04,1.887450e-03,1.680866e-02,6.300637e-01,7.515316e-04,2.476851e-01,1.391452e-02,6.940654e-05,1.886920e-03,5.770418e-03,5.430964e-03,1.155474e-04,2.979988e-04
7.405716e-02,3.848620e-04,8.690509e-04,1.506647e-03,1.221432e-02,7.027528e-01,8.157169e-04,1.820841e-01,9.871691e-03,7.587740e-05,1.661563e-03,8.635342e-03,4.551747e-03,1.886260e-04,3.305045e-04
5.193844e-02,3.335816e-04,6.298682e-04,1.061909e-03,8.610921e-03,7.855080e-01,5.908154e-04,1.275804e-01,6.920625e-03,1.173015e-04,1.690186e-03,1.125033e-02,3.364596e-03,1.601624e-04,2.428615e-04
3.639848e-02,2.504184e-04,4.538732e-04,7.460306e-04,6.038212e-03,8.176726e-01,4.318045e-04,8.934607e-02,4.848194e-03,1.142208e-04,5.387432e-03,3.551964e-02,2.481277e-03,1.306758e-04,1.810179e-04
2.552290e-02,3.173093e-04,4.582045e-04,5.278799e-04,4.245915e-03,6.830032e-01,3.234448e-04,6.256346e-02,3.404400e-03,1.550332e-03,4.748518e-02,1.680679e-01,2.082630e-03,1.839831e-04,2.633082e-04
1.789816e-02,2.467920e-04,3.567366e-04,3.731557e-04,2.976841e-03,5.435260e-01,2.394886e-04,4.380477e-02,2.390073e-03,1.470186e-03,5.566343e-02,3.291114e-01,1.566480e-03,1.534137e-04,2.231437e-04
1.279188e-02,2.095061e-04,3.092568e-04,2.859704e-04,2.117069e-03,3.850965e-01,3.716997e-04,3.069522e-02,1.797549e-03,1.433927e-03,5.244170e-02,5.108919e-01,1.163434e-03,1.622748e-04,2.322056e-04
9.143936e-03,2.805158e-04,3.624322e-04,2.190786e-04,1.574869e-03,2.727438e-01,5.117239e-04,2.152175e-02,1.797527e-03,1.451430e-03,6.266077e-02,6.262581e-01,9.633092e-04,1.822539e-04,3.285123e-04
7.678461e-03,4.509596e-03,1.835512e-03,3.187499e-04,7.648380e-03,1.997652e-01,3.673211e-03,1.563822e-02,4.727158e-02,3.411969e-03,7.097087e-02,6.346536e-01,1.223352e-03,3.394930e-04,1.061830e-03
6.093224e-03,5.360829e-03,1.985972e-03,3.098594e-04,6.536985e-03,1.707678e-01,7.776618e-03,1.133426e-02,3.810888e-02,6.267183e-03,1.338543e-01,6.081544e-01,1.382934e-03,5.443130e-04,1.522438e-03
4.487445e-03,4.365552e-03,1.937327e-03,3.162685e-04,7.297435e-03,1.439350e-01,7.042275e-03,8.044280e-03,3.206725e-02,8.195092e-03,1.640284e-01,6.143929e-01,1.750201e-03,5.848841e-04,1.555636e-03
3.725697e-03,1.287346e-02,7.628496e-03,5.446131e-04,3.862125e-02,1.170946e-01,5.780842e-03,6.541326e-03,6.739208e-02,1.754467e-02,2.172268e-01,4.934320e-01,6.286421e-03,1.950094e-03,3.357606e-03
2.989298e-03,2.262001e-02,1.507115e-02,5.384029e-04,5.140836e-02,8.603925e-02,4.562473e-03,5.793469e-03,6.990114e-02,3.464578e-02,3.004968e-01,3.888514e-01,1.049800e-02,3.006879e-03,3.577521e-03
2.800288e-03,4.032957e-02,1.417667e-02,7.074530e-04,6.702235e-02,6.379059e-02,3.680890e-03,7.199721e-03,6.858125e-02,4.592784e-02,3.473697e-01,3.158410e-01,1.439357e-02,4.741397e-03,3.437598e-03
6.088931e-03,5.342202e-02,2.405149e-02,2.707798e-03,9.742306e-02,6.053331e-02,4.484857e-03,8.156662e-02,6.795980e-02,4.882539e-02,2.708482e-01,2.499437e-01,2.240792e-02,6.327494e-03,3.409503e-03
6.681981e-03,7.247287e-02,2.968415e-02,6.031787e-03,9.660687e-02,5.651762e-02,3.943088e-03,7.217584e-02,7.033011e-02,5.921984e-02,2.438088e-01,2.175825e-01,4.824390e-02,1.258840e-02,4.112319e-03
7.225404e-03,5.830256e-02,2.309325e-02,6.731521e-03,1.007998e-01,4.739039e-02,3.362656e-03,7.170099e-02,1.171943e-01,5.105591e-02,2.423415e-01,1.650648e-01,9.203456e-02,9.829899e-03,3.872459e-03
1.142678e-02,5.435392e-02,2.591909e-02,7.787696e-03,1.383913e-01,3.951122e-02,3.459817e-03,1.213558e-01,1.275361e-01,4.624304e-02,2.019652e-01,1.273343e-01,8.120386e-02,9.821895e-03,3.689945e-03
2.581103e-02,5.406043e-02,4.006570e-02,8.459922e-02,1.440242e-01,3.268509e-02,3.154161e-03,1.301506e-01,1.214224e-01,3.741528e-02,1.497357e-01,9.660706e-02,6.225843e-02,8.192960e-03,9.817874e-03
3.828920e-02,5.402636e-02,4.004352e-02,1.018133e-01,1.464459e-01,3.190241e-02,4.963563e-03,1.526158e-01,1.496132e-01,3.026538e-02,1.096245e-01,7.130627e-02,4.637890e-02,6.230573e-03,1.648114e-02
6.045414e-02,5.655465e-02,3.414646e-02,8.655827e-02,1.537648e-01,4.144042e-02,7.704004e-03,1.496712e-01,1.915381e-01,2.464912e-02,7.957575e-02,5.443273e-02,3.560430e-02,4.872657e-03,1.903328e-02
1.111366e-01,5.901838e-02,2.737750e-02,6.922495e-02,1.641804e-01,4.475643e-02,7.350386e-03,1.603676e-01,1.785662e-01,1.832359e-02,6.030918e-02,4.221554e-02,2.694570e-02,4.143051e-03,2.608443e-02
1.061486e-01,4.418816e-02,2.175265e-02,5.199829e-02,1.383196e-01,3.329751e-02,5.672296e-03,3.391142e-01,1.319245e-01,1.291962e-02,4.336147e-02,2.993229e-02,1.916819e-02,3.102511e-03,1.910016e-02
1.123585e-01,3.645833e-02,1.644027e-02,3.940242e-02,1.140524e-01,2.479444e-02,4.557034e-03,4.573551e-01,1.015942e-01,9.458858e-03,3.074787e-02,2.145136e-02,1.407838e-02,2.883714e-03,1.436713e-02
1.383940e-01,4.969510e-02,1.555967e-02,3.445890e-02,1.087234e-01,2.134370e-02,3.990715e-03,4.692806e-01,8.941397e-02,6.950228e-03,2.197139e-02,1.584906e-02,1.044250e-02,2.560554e-03,1.136617e-02
1.971710e-01,4.724199e-02,1.246414e-02,4.291978e-02,9.825906e-02,2.129211e-02,3.117805e-03,4.165350e-01,8.031712e-02,5.821152e-03,2.107215e-02,1.894507e-02,2.169791e-02,2.154510e-03,1.099112e-02
2.645758e-01,3.767444e-02,8.987330e-03,3.876030e-02,7.766685e-02,2.032061e-02,2.449835e-03,3.558081e-01,7.932653e-02,5.023619e-03,2.774693e-02,2.601245e-02,4.224887e-02,2.219286e-03,1.117903e-02
3.955885e-01,2.855382e-02,6.807651e-03,3.204916e-02,6.068087e-02,1.777737e-02,2.099107e-03,2.856446e-01,6.524427e-02,3.803522e-03,2.335132e-02,2.566549e-02,3.963064e-02,2.090639e-03,1.101306e-02
4.202796e-01,2.528904e-02,7.419873e-03,3.953541e-02,7.921135e-02,1.794176e-02,4.154871e-03,2.451406e-01,6.193180e-02,3.069716e-03,2.076571e-02,2.361016e-02,3.964415e-02,2.134985e-03,9.870900e-03
4.412726e-01,2.331171e-02,6.280975e-03,3.804186e-02,6.718726e-02,1.601583e-02,3.679827e-03,1.768466e-01,6.228735e-02,3.680288e-03,2.455684e-02,4.668105e-02,7.376786e-02,5.314440e-03,1.107543e-02
4.380261e-01,2.180941e-02,5.377997e-03,3.122744e-02,5.543887e-02,1.486612e-02,3.349870e-03,1.293501e-01,5.347899e-02,3.654574e-03,2.337357e-02,7.592563e-02,1.269645e-01,6.331613e-03,1.082523e-02
1.000000e+00,0.000000e+00,0.000000e+00,0.000000e+00,0.000000e+00,0.000000e+00,0.000000e+00,0.000000e+00,0.000000e+00,0.000000e+00,0.000000e+00,0.000000e+00,0.000000e+00,0.000000e+00,0.000000e+00
1.000000e+00,0.000000e+00,0.000000e+00,0.000000e+00,0.000000e+00,0.000000e+00,0.000000e+00,0.000000e+00,0.000000e+00,0.000000e+00,0.000000e+00,0.000000e+00,0.000000e+00,0.000000e+00,0.000000e+00
1.000000e+00,0.000000e+00,0.000000e+00,0.000000e+00,0.000000e+00,0.000000e+00,0.000000e+00,0.000000e+00,0.000000e+00,0.000000e+00,0.000000e+00,0.000000e+00,0.000000e+00,0.000000e+00,0.000000e+00
1.000000e+00,0.000000e+00,0.000000e+00,0.000000e+00,0.000000e+00,0.000000e+00,0.000000e+00,0.000000e+00,0.000000e+00,0.000000e+00,0.000000e+00,0.000000e+00,0.000000e+00,0.000000e+00,0.000000e+00
1.000000e+00,0.000000e+00,0.000000e+00,0.000000e+00,0.000000e+00,0.000000e+00,0.000000e+00,0.000000e+00,0.000000e+00,0.000000e+00,0.000000e+00,0.000000e+00,0.000000e+00,0.000000e+00,0.000000e+00
1.000000e+00,0.000000e+00,0.000000e+00,0.000000e+00,0.000000e+00,0.000000e+00,0.000000e+00,0.000000e+00,0.000000e+00,0.000000e+00,0.000000e+00,0.000000e+00,0.000000e+00,0.000000e+00,0.000000e+00
1.000000e+00,0.000000e+00,0.000000e+00,0.000000e+00,0.000000e+00,0.000000e+00,0.000000e+00,0.000000e+00,0.000000e+00,0.000000e+00,0.000000e+00,0.000000e+00,0.000000e+00,0.000000e+00,0.000000e+00
