1.000000e+00,0.000000e+00,0.000000e+00,0.000000e+00,0.000000e+00,0.000000e+00,0.000000e+00,0.000000e+00,0.000000e+00,0.000000e+00,0.000000e+00,0.000000e+00,0.000000e+00,0.000000e+00,0.000000e+00
1.000000e+00,0.000000e+00,0.000000e+00,0.000000e+00,0.000000e+00,0.000000e+00,0.000000e+00,0.000000e+00,0.000000e+00,0.000000e+00,0.000000e+00,0.000000e+00,0.000000e+00,0.000000e+00,0.000000e+00
1.000000e+00,0.000000e+00,0.000000e+00,0.000000e+00,0.000000e+00,0.000000e+00,0.000000e+00,0.000000e+00,0.000000e+00,0.000000e+00,0.000000e+00,0.000000e+00,0.000000e+00,0.000000e+00,0.000000e+00
1.000000e+00,0.000000e+00,0.000000e+00,0.000000e+00,0.000000e+00,0.000000e+00,0.000000e+00,0.000000e+00,0.000000e+00,0.000000e+00,0.000000e+00,0.000000e+00,0.000000e+00,0.000000e+00,0.000000e+00
1.000000e+00,0.000000e+00,0.000000e+00,0.000000e+00,0.000000e+00,0.000000e+00,0.000000e+00,0.000000e+00,0.000000e+00,0.000000e+00,0.000000e+00,0.000000e+00,0.000000e+00,0.000000e+00,0.000000e+00
1.000000e+00,0.000000e+00,0.000000e+00,0.000000e+00,0.000000e+00,0.000000e+00,0.000000e+00,0.000000e+00,0.000000e+00,0.000000e+00,0.000000e+00,0.000000e+00,0.000000e+00,0.000000e+00,0.000000e+00
1.000000e+00,0.000000e+00,0.000000e+00,0.000000e+00,0.000000e+00,0.000000e+00,0.000000e+00,0.000000e+00,0.000000e+00,0.000000e+00,0.000000e+00,0.000000e+00,0.000000e+00,0.000000e+00,0.000000e+00
1.000000e+00,0.000000e+00,0.000000e+00,0.000000e+00,0.000000e+00,0.000000e+00,0.000000e+00,0.000000e+00,0.000000e+00,0.000000e+00,0.000000e+00,0.000000e+00,0.000000e+00,0.000000e+00,0.000000e+00
1.000000e+00,0.000000e+00,0.000000e+00,0.000000e+00,0.000000e+00,0.000000e+00,0.000000e+00,0.000000e+00,0.000000e+00,0.000000e+00,0.000000e+00,0.000000e+00,0.000000e+00,0.000000e+00,0.000000e+00
1.000000e+00,0.000000e+00,0.000000e+00,0.000000e+00,0.000000e+00,0.000000e+00,0.000000e+00,0.000000e+00,0.000000e+00,0.000000e+00,0.000000e+00,0.000000e+00,0.000000e+00,0.000000e+00,0.000000e+00
1.000000e+00,0.000000e+00,0.000000e+00,0.000000e+00,0.000000e+00,0.000000e+00,0.000000e+00,0.000000e+00,0.000000e+00,0.000000e+00,0.000000e+00,0.000000e+00,0.000000e+00,0.000000e+00,0.000000e+00
1.000000e+00,0.000000e+00,0.000000e+00,0.000000e+00,0.000000e+00,0.000000e+00,0.000000e+00,0.000000e+00,0.000000e+00,0.000000e+00,0.000000e+00,0.000000e+00,0.000000e+00,0.000000e+00,0.000000e+00
1.000000e+00,0.000000e+00,0.000000e+00,0.000000e+00,0.000000e+00,0.000000e+00,0.000000e+00,0.000000e+00,0.000000e+00,0.000000e+00,0.000000e+00,0.000000e+00,0.000000e+00,0.000000e+00,0.000000e+00
1.000000e+00,0.000000e+00,0.000000e+00,0.000000e+00,0.000000e+00,0.000000e+00,0.000000e+00,0.000000e+00,0.000000e+00,0.000000e+00,0.000000e+00,0.000000e+00,0.000000e+00,0.000000e+00,0.000000e+00
1.000000e+00,0.000000e+00,0.000000e+00,0.000000e+00,0.000000e+00,0.000000e+00,0.000000e+00,0.000000e+00,0.000000e+00,0.000000e+00,0.000000e+00,0.000000e+00,0.000000e+00,0.000000e+00,0.000000e+00
1.000000e+00,0.000000e+00,0.000000e+00,0.000000e+00,0.000000e+00,0.000000e+00,0.000000e+00,0.000000e+00,0.000000e+00,0.000000e+00,0.000000e+00,0.000000e+00,0.000000e+00,0.000000e+00,0.000000e+00
1.000000e+00,0.000000e+00,0.000000e+00,0.000000e+00,0.000000e+00,0.000000e+00,0.000000e+00,0.000000e+00,0.000000e+00,0.000000e+00,0.000000e+00,0.000000e+00,0.000000e+00,0.000000e+00,0.000000e+00
1.000000e+00,0.000000e+00,0.000000e+00,0.000000e+00,0.000000e+00,0.000000e+00,0.000000e+00,0.000000e+00,0.000000e+00,0.000000e+00,0.000000e+00,0.000000e+00,0.000000e+00,0.000000e+00,0.000000e+00
1.000000e+00,0.000000e+00,0.000000e+00,0.000000e+00,0.000000e+00,0.000000e+00,0.000000e+00,0.000000e+00,0.000000e+00,0.000000e+00,0.000000e+00,0.000000e+00,0.000000e+00,0.000000e+00,0.000000e+00
1.000000e+00,0.000000e+00,0.000000e+00,0.000000e+00,0.000000e+00,0.000000e+00,0.000000e+00,0.000000e+00,0.000000e+00,0.000000e+00,0.000000e+00,0.000000e+00,0.000000e+00,0.000000e+00,0.000000e+00
1.000000e+00,0.000000e+00,0.000000e+00,0.000000e+00,0.000000e+00,0.000000e+00,0.000000e+00,0.000000e+00,0.000000e+00,0.000000e+00,0.000000e+00,0.000000e+00,0.000000e+00,0.000000e+00,0.000000e+00
1.000000e+00,0.000000e+00,0.000000e+00,0.000000e+00,0.000000e+00,0.000000e+00,0.000000e+00,0.000000e+00,0.000000e+00,0.000000e+00,0.000000e+00,0.000000e+00,0.000000e+00,0.000000e+00,0.000000e+00
1.000000e+00,0.000000e+00,0.000000e+00,0.000000e+00,0.000000e+00,0.000000e+00,0.000000e+00,0.000000e+00,0.000000e+00,0.000000e+00,0.000000e+00,0.000000e+00,0.000000e+00,0.000000e+00,0.000000e+00
1.000000e+00,0.000000e+00,0.000000e+00,0.000000e+00,0.000000e+00,0.000000e+00,0.000000e+00,0.000000e+00,0.000000e+00,0.000000e+00,0.000000e+00,0.000000e+00,0.000000e+00,0.000000e+00,0.000000e+00
1.000000e+00,0.000000e+00,0.000000e+00,0.000000e+00,0.000000e+00,0.000000e+00,0.000000e+00,0.000000e+00,0.000000e+00,0.000000e+00,0.000000e+00,0.000000e+00,0.000000e+00,0.000000e+00,0.000000e+00
1.000000e+00,0.000000e+00,0.000000e+00,0.000000e+00,0.000000e+00,0.000000e+00,0.000000e+00,0.000000e+00,0.000000e+00,0.000000e+00,0.000000e+00,0.000000e+00,0.000000e+00,0.000000e+00,0.000000e+00
1.000000e+00,0.000000e+00,0.000000e+00,0.000000e+00,0.000000e+00,0.000000e+00,0.000000e+00,0.000000e+00,0.000000e+00,0.000000e+00,0.000000e+00,0.000000e+00,0.000000e+00,0.000000e+00,0.000000e+00
1.000000e+00,0.000000e+00,0.000000e+00,0.000000e+00,0.000000e+00,0.000000e+00,0.000000e+00,0.000000e+00,0.000000e+00,0.000000e+00,0.000000e+00,0.000000e+00,0.000000e+00,0.000000e+00,0.000000e+00
1.000000e+00,0.000000e+00,0.000000e+00,0.000000e+00,0.000000e+00,0.000000e+00,0.000000e+00,0.000000e+00,0.000000e+00,0.000000e+00,0.000000e+00,0.000000e+00,0.000000e+00,0.000000e+00,0.000000e+00
1.000000e+00,0.000000e+00,0.000000e+00,0.000000e+00,0.000000e+00,0.000000e+00,0.000000e+00,0.000000e+00,0.000000e+00,0.000000e+00,0.000000e+00,0.000000e+00,0.000000e+00,0.000000e+00,0.000000e+00
1.000000e+00,0.000000e+00,0.000000e+00,0.000000e+00,0.000000e+00,0.000000e+00,0.000000e+00,0.000000e+00,0.000000e+00,0.000000e+00,0.000000e+00,0.000000e+00,0.000000e+00,0.000000e+00,0.000000e+00
1.000000e+00,0.000000e+00,0.000000e+00,0.000000e+00,0.000000e+00,0.000000e+00,0.000000e+00,0.000000e+00,0.000000e+00,0.000000e+00,0.000000e+00,0.000000e+00,0.000000e+00,0.000000e+00,0.000000e+00
1.000000e+00,0.000000e+00,0.000000e+00,0.000000e+00,0.000000e+00,0.000000e+00,0.000000e+00,0.000000e+00,0.000000e+00,0.000000e+00,0.000000e+00,0.000000e+00,0.000000e+00,0.000000e+00,0.000000e+00
1.000000e+00,0.000000e+00,0.000000e+00,0.000000e+00,0.000000e+00,0.000000e+00,0.000000e+00,0.000000e+00,0.000000e+00,0.000000e+00,0.000000e+00,0.000000e+00,0.000000e+00,0.000000e+00,0.000000e+00
1.000000e+00,0.000000e+00,0.000000e+00,0.000000e+00,0.000000e+00,0.000000e+00,0.000000e+00,0.000000e+00,0.000000e+00,0.000000e+00,0.000000e+00,0.000000e+00,0.000000e+00,0.000000e+00,0.000000e+00
1.000000e+00,0.000000e+00,0.000000e+00,0.000000e+00,0.000000e+00,0.000000e+00,0.000000e+00,0.000000e+00,0.000000e+00,0.000000e+00,0.000000e+00,0.000000e+00,0.000000e+00,0.000000e+00,0.000000e+00
4.348752e-01,4.196485e-02,1.830309e-02,6.932351e-02,5.172642e-03,2.274863e-02,2.246482e-03,8.976572e-03,2.764286e-02,3.691744e-03,2.063983e-01,2.413309e-02,6.815419e-03,2.755364e-02,1.001539e-01
3.770199e-01,7.687123e-02,2.201055e-02,7.855517e-02,5.946699e-03,2.107302e-02,2.082306e-03,9.625009e-03,3.431520e-02,3.749578e-03,1.716440e-01,1.941151e-02,6.318724e-03,3.723355e-02,1.341436e-01
2.935357e-01,7.936018e-02,2.376338e-02,9.123965e-02,5.833099e-03,1.925089e-02,2.052305e-03,9.197548e-03,6.510203e-02,5.711431e-03,1.477320e-01,1.678048e-02,6.536265e-03,4.366643e-02,1.902387e-01
2.281643e-01,7.579711e-02,6.757727e-02,1.389118e-01,5.249455e-03,1.760720e-02,1.897865e-03,1.178713e-02,7.337297e-02,5.106865e-03,1.320260e-01,1.566667e-02,6.505577e-03,4.071274e-02,1.796171e-01
2.211934e-01,7.962185e-02,5.609903e-02,1.430391e-01,7.579326e-03,1.921777e-02,2.202828e-03,1.094355e-02,7.970821e-02,5.836982e-03,1.132516e-01,1.531714e-02,7.709475e-03,4.786497e-02,1.904148e-01
2.415349e-01,8.341250e-02,4.658059e-02,1.303298e-01,9.430133e-03,1.984769e-02,2.566069e-03,9.720288e-03,7.428104e-02,6.159316e-03,9.891102e-02,1.505912e-02,8.012260e-03,5.605198e-02,1.981032e-01
2.635019e-01,8.708423e-02,3.937133e-02,1.240002e-01,1.061244e-02,2.190320e-02,2.849259e-03,1.000395e-02,6.300051e-02,6.441412e-03,8.989390e-02,1.627395e-02,9.114487e-03,6.573413e-02,1.902152e-01
2.139169e-01,9.201812e-02,6.685235e-02,1.582024e-01,1.089358e-02,2.027699e-02,3.050383e-03,1.872201e-02,5.947153e-02,5.674994e-03,7.836628e-02,1.599038e-02,9.287968e-03,6.912286e-02,1.781533e-01
2.247716e-01,1.003202e-01,6.149548e-02,1.432475e-01,1.281507e-02,1.926687e-02,3.534964e-03,1.588878e-02,5.254949e-02,5.802864e-03,7.652193e-02,1.714198e-02,1.171513e-02,7.865126e-02,1.762769e-01
2.496130e-01,1.015069e-01,5.670578e-02,1.398029e-01,1.341753e-02,2.648918e-02,4.339145e-03,1.500666e-02,4.458375e-02,5.981435e-03,6.839278e-02,2.153102e-02,1.455482e-02,6.785368e-02,1.702215e-01
2.731993e-01,1.007980e-01,6.126704e-02,1.378432e-01,1.247986e-02,2.569651e-02,4.286111e-03,1.409742e-02,3.679173e-02,6.143643e-03,5.837312e-02,2.465678e-02,1.742079e-02,5.624374e-02,1.707028e-01
3.341556e-01,8.852616e-02,6.186029e-02,1.287412e-01,1.352126e-02,2.466146e-02,5.339589e-03,1.615166e-02,3.018792e-02,5.427214e-03,5.574710e-02,3.427434e-02,2.043115e-02,4.614322e-02,1.348320e-01
4.652126e-01,6.914640e-02,4.645496e-02,1.032023e-01,1.220973e-02,2.143883e-02,4.946886e-03,1.403414e-02,2.380840e-02,4.581198e-03,4.458745e-02,3.287261e-02,1.983418e-02,3.504350e-02,1.026269e-01
1.000000e+00,0.000000e+00,0.000000e+00,0.000000e+00,0.000000e+00,0.000000e+00,0.000000e+00,0.000000e+00,0.000000e+00,0.000000e+00,0.000000e+00,0.000000e+00,0.000000e+00,0.000000e+00,0.000000e+00
1.000000e+00,0.000000e+00,0.000000e+00,0.000000e+00,0.000000e+00,0.000000e+00,0.000000e+00,0.000000e+00,0.000000e+00,0.000000e+00,0.000000e+00,0.000000e+00,0.000000e+00,0.000000e+00,0.000000e+00
1.000000e+00,0.000000e+00,0.000000e+00,0.000000e+00,0.000000e+00,0.000000e+00,0.000000e+00,0.000000e+00,0.000000e+00,0.000000e+00,0.000000e+00,0.000000e+00,0.000000e+00,0.000000e+00,0.000000e+00
1.000000e+00,0.000000e+00,0.000000e+00,0.000000e+00,0.000000e+00,0.000000e+00,0.000000e+00,0.000000e+00,0.000000e+00,0.000000e+00,0.000000e+00,0.000000e+00,0.000000e+00,0.000000e+00,0.000000e+00
1.000000e+00,0.000000e+00,0.000000e+00,0.000000e+00,0.000000e+00,0.000000e+00,0.000000e+00,0.000000e+00,0.000000e+00,0.000000e+00,0.000000e+00,0.000000e+00,0.000000e+00,0.000000e+00,0.000000e+00
1.000000e+00,0.000000e+00,0.000000e+00,0.000000e+00,0.000000e+00,0.000000e+00,0.000000e+00,0.000000e+00,0.000000e+00,0.000000e+00,0.000000e+00,0.000000e+00,0.000000e+00,0.000000e+00,0.000000e+00
1.000000e+00,0.000000e+00,0.000000e+00,0.000000e+00,0.000000e+00,0.000000e+00,0.000000e+00,0.000000e+00,0.000000e+00,0.000000e+00,0.000000e+00,0.000000e+00,0.000000e+00,0.000000e+00,0.000000e+00
1.000000e+00,0.000000e+00,0.000000e+00,0.000000e+00,0.000000e+00,0.000000e+00,0.000000e+00,0.000000e+00,0.000000e+00,0.000000e+00,0.000000e+00,0.000000e+00,0.000000e+00,0.000000e+00,0.000000e+00
1.000000e+00,0.000000e+00,0.000000e+00,0.000000e+00,0.000000e+00,0.000000e+00,0.000000e+00,0.000000e+00,0.000000e+00,0.000000e+00,0.000000e+00,0.000000e+00,0.000000e+00,0.000000e+00,0.000000e+00
1.000000e+00,0.000000e+00,0.000000e+00,0.000000e+00,0.000000e+00,0.000000e+00,0.000000e+00,0.000000e+00,0.000000e+00,0.000000e+00,0.000000e+00,0.000000e+00,0.000000e+00,0.000000e+00,0.000000e+00
1.000000e+00,0.000000e+00,0.000000e+00,0.000000e+00,0.000000e+00,0.000000e+00,0.000000e+00,0.000000e+00,0.000000e+00,0.000000e+00,0.000000e+00,0.000000e+00,0.000000e+00,0.000000e+00,0.000000e+00
1.000000e+00,0.000000e+00,0.000000e+00,0.000000e+00,0.000000e+00,0.000000e+00,0.000000e+00,0.000000e+00,0.000000e+00,0.000000e+00,0.000000e+00,0.000000e+00,0.000000e+00,0.000000e+00,0.000000e+00
4.711320e-01,4.443101e-02,6.986770e-02,7.112516e-02,3.514061e-03,1.523540e-02,3.073401e-03,1.189245e-02,7.062347e-03,3.399111e-03,1.313070e-02,1.826410e-02,9.731387e-03,2.436815e-02,2.337730e-01
3.441960e-01,3.850714e-02,6.132719e-02,5.768064e-02,3.275566e-03,1.287474e-02,2.366972e-03,8.838897e-03,2.271159e-02,8.216535e-03,1.453065e-02,1.448437e-02,9.154421e-03,8.548815e-02,3.163471e-01
2.755789e-01,3.338477e-02,4.947900e-02,4.553188e-02,3.206346e-03,1.313279e-02,1.928210e-03,6.679519e-03,2.190900e-02,1.000244e-02,1.469223e-02,1.186659e-02,1.014850e-02,1.456758e-01,3.567840e-01
2.012136e-01,2.709142e-02,4.010031e-02,3.581551e-02,3.104855e-03,9.988633e-03,1.413893e-03,4.793022e-03,2.302556e-02,1.855338e-02,1.264063e-02,8.807455e-03,8.187486e-03,3.177884e-01,2.874759e-01
1.475353e-01,1.966314e-02,3.103047e-02,2.986994e-02,2.672964e-03,7.701739e-03,1.114778e-03,3.395400e-03,2.109891e-02,1.937077e-02,9.520947e-03,6.461925e-03,6.121664e-03,4.766857e-01,2.177564e-01
1.081564e-01,1.431011e-02,2.349681e-02,2.117265e-02,2.075241e-03,5.706065e-03,8.557519e-04,2.408226e-03,1.802880e-02,2.364391e-02,8.331783e-03,4.788633e-03,4.526184e-03,5.932821e-01,1.692174e-01
9.438725e-02,1.044664e-02,1.837842e-02,1.505346e-02,1.652491e-03,5.017957e-03,6.608954e-04,1.735948e-03,1.663781e-02,2.910413e-02,1.207133e-02,3.573915e-03,3.257094e-03,6.602474e-01,1.277752e-01
7.051133e-02,7.447091e-03,1.332466e-02,1.085740e-02,1.347143e-03,3.922827e-03,5.152541e-04,1.247515e-03,1.424348e-02,3.391398e-02,1.098023e-02,2.626145e-03,2.367010e-03,7.320729e-01,9.462293e-02
5.070951e-02,5.611034e-03,9.534369e-03,7.717952e-03,1.102746e-03,3.247061e-03,3.788106e-04,8.838435e-04,1.624063e-02,4.209110e-02,8.181926e-03,1.965637e-03,1.751456e-03,7.797088e-01,7.087508e-02
3.842537e-02,4.293378e-03,7.055009e-03,5.555621e-03,9.128973e-04,2.546406e-03,2.934462e-04,6.344701e-04,2.440826e-02,4.189676e-02,7.168711e-03,1.591413e-03,1.348581e-03,8.077934e-01,5.607630e-02
2.948299e-02,3.144894e-03,5.186054e-03,4.036400e-03,8.751648e-04,2.062041e-03,2.360419e-04,4.617944e-04,4.142584e-02,1.559986e-01,6.024449e-03,1.405342e-03,1.204040e-03,6.981733e-01,5.028304e-02
3.161461e-02,2.715291e-03,4.170082e-03,6.222154e-03,2.397602e-03,2.607302e-03,2.276293e-04,6.281682e-04,1.399145e-01,2.175490e-01,1.111827e-02,1.905632e-03,2.109037e-03,5.215755e-01,5.524521e-02
4.833250e-02,3.166759e-03,3.817903e-03,8.390988e-03,7.705180e-03,6.839220e-03,4.612328e-04,1.125319e-03,1.853310e-01,2.707633e-01,1.439329e-02,2.333626e-03,3.758061e-03,3.854711e-01,5.811051e-02
4.929803e-02,7.859032e-03,3.636442e-03,2.958979e-02,4.762831e-02,1.207893e-02,8.303373e-04,1.637732e-03,2.463994e-01,2.315133e-01,2.579226e-02,2.953561e-03,6.547309e-03,2.773938e-01,5.684181e-02
6.948778e-02,7.056526e-03,4.350728e-03,6.474178e-02,5.633868e-02,2.563352e-02,2.321427e-03,5.977834e-03,2.980862e-01,1.759122e-01,2.575742e-02,6.420362e-03,1.445314e-02,1.960474e-01,4.741511e-02
8.091954e-02,6.225832e-03,3.834201e-03,7.129879e-02,7.986587e-02,2.226657e-02,1.829879e-03,1.215052e-02,3.428700e-01,1.406903e-01,2.888742e-02,9.396184e-03,2.229252e-02,1.402940e-01,3.717844e-02
1.199868e-01,5.380650e-03,3.347432e-03,7.187201e-02,6.581680e-02,2.302378e-02,1.566818e-03,1.542277e-02,3.029693e-01,1.005037e-01,3.739914e-02,2.339657e-02,9.008063e-02,1.028926e-01,3.634097e-02
1.401438e-01,6.437577e-03,3.136585e-03,6.371632e-02,6.667271e-02,2.108580e-02,1.435324e-03,1.253335e-02,3.223950e-01,7.210577e-02,3.967113e-02,2.448013e-02,9.902129e-02,7.872634e-02,4.843881e-02
1.031563e-01,5.919436e-03,3.290123e-03,4.706692e-02,5.554818e-02,1.550739e-02,1.340481e-03,1.714241e-02,4.773524e-01,5.120486e-02,3.416109e-02,2.004492e-02,7.583701e-02,5.684390e-02,3.558457e-02
1.185029e-01,5.895254e-03,4.498612e-03,3.672371e-02,1.140143e-01,1.534026e-02,1.434146e-03,1.341455e-02,4.817650e-01,3.696026e-02,2.830632e-02,1.800774e-02,5.664197e-02,4.243353e-02,2.606132e-02
1.523885e-01,5.985389e-03,4.249863e-03,3.391778e-02,1.586357e-01,3.147982e-02,1.519718e-03,1.208028e-02,4.209802e-01,2.675133e-02,2.360852e-02,3.030077e-02,4.403356e-02,3.390738e-02,2.016109e-02
1.255174e-01,5.719487e-03,3.518051e-03,2.818360e-02,1.235786e-01,8.578980e-02,1.264268e-03,9.011640e-03,3.120765e-01,1.975882e-02,2.702754e-02,1.639062e-01,4.688385e-02,2.889528e-02,1.886900e-02
9.513544e-02,5.806847e-03,3.623772e-03,2.431180e-02,8.977484e-02,1.357958e-01,1.242166e-03,6.767408e-03,2.337296e-01,1.449771e-02,2.941962e-02,2.716708e-01,4.792234e-02,2.276329e-02,1.753850e-02
7.434678e-02,5.298495e-03,3.381782e-03,1.794196e-02,6.467289e-02,1.524252e-01,1.152982e-03,4.936225e-03,1.683971e-01,1.053192e-02,4.020027e-02,3.815621e-01,4.357972e-02,1.773454e-02,1.383807e-02
6.116828e-02,4.813744e-03,2.823546e-03,1.389893e-02,4.582435e-02,1.318204e-01,9.493962e-04,3.551801e-03,1.246583e-01,8.291123e-03,6.196363e-02,4.792848e-01,3.370310e-02,1.518888e-02,1.205971e-02
5.495504e-02,4.853677e-03,2.616677e-03,1.031054e-02,3.278798e-02,1.163284e-01,9.395423e-04,2.741595e-03,9.134033e-02,6.772857e-03,1.003459e-01,5.222112e-01,3.006050e-02,1.348455e-02,1.025125e-02
4.050113e-02,3.926666e-03,1.988929e-03,7.363204e-03,2.338169e-02,8.632944e-02,7.541786e-04,2.161697e-03,6.784297e-02,5.695907e-03,8.293492e-02,6.363245e-01,2.372316e-02,9.721458e-03,7.350129e-03
3.137248e-02,9.292739e-03,2.034246e-03,5.358129e-03,2.411115e-02,6.157103e-02,6.311451e-04,2.561503e-03,1.128346e-01,5.318867e-03,8.547206e-02,6.202388e-01,2.666760e-02,7.172840e-03,5.362900e-03
2.726075e-02,7.628344e-03,2.029635e-03,4.127747e-03,2.046173e-02,4.427955e-02,5.822757e-04,6.640099e-03,9.192631e-02,4.508116e-03,7.473377e-02,6.857791e-01,2.073601e-02,5.476003e-03,3.830644e-03
1.939223e-02,5.480720e-03,1.484246e-03,2.964382e-03,1.603442e-02,3.124707e-02,4.297390e-04,5.000838e-03,7.857243e-02,3.362175e-03,5.501819e-02,7.592211e-01,1.519034e-02,3.908881e-03,2.693285e-03
1.369876e-02,4.418439e-03,1.230217e-03,2.094375e-03,3.195493e-02,2.212451e-02,6.479791e-04,3.886455e-03,1.518147e-01,2.483434e-03,3.982622e-02,7.099516e-01,1.119494e-02,2.778316e-03,1.895205e-03
1.004632e-02,4.206811e-03,1.087669e-03,1.522457e-03,3.789657e-02,1.585483e-02,7.820482e-04,4.082393e-03,2.394101e-01,2.024020e-03,3.064990e-02,6.402030e-01,8.801338e-03,2.056195e-03,1.376310e-03
8.351200e-03,4.481243e-03,8.907923e-04,1.133095e-03,2.910710e-02,1.189606e-02,6.278615e-04,5.135315e-03,2.412898e-01,1.786771e-03,2.333415e-02,6.620572e-01,7.311308e-03,1.593049e-03,1.004973e-03
9.832647e-03,4.737553e-03,2.548394e-03,1.800196e-03,3.219027e-02,1.055565e-02,7.648873e-04,1.231260e-02,2.408246e-01,2.148079e-03,1.938843e-02,6.548536e-01,5.906527e-03,1.330088e-03,8.064281e-04
1.135013e-02,4.840341e-03,3.432694e-03,2.541870e-03,3.869178e-02,9.984136e-03,7.249578e-04,1.361030e-02,2.334100e-01,2.269599e-03,2.047958e-02,6.518708e-01,4.979963e-03,1.154471e-03,6.593185e-04
1.063253e-02,1.580942e-02,5.720741e-03,2.898598e-03,5.541360e-02,7.583103e-03,6.681688e-04,1.844570e-02,3.115839e-01,2.824431e-03,2.503587e-02,5.368639e-01,4.487948e-03,1.061452e-03,9.705962e-04
1.234609e-02,1.400146e-02,8.310756e-03,2.433479e-02,2.047465e-01,7.081414e-03,6.923252e-04,1.853067e-02,2.948938e-01,2.516852e-03,2.031979e-02,3.864508e-01,3.821182e-03,9.448776e-04,1.008791e-03
1.777979e-02,1.842661e-02,9.568700e-03,2.469683e-02,2.514405e-01,6.643271e-03,1.179655e-03,2.129168e-02,3.355376e-01,2.831022e-03,1.666000e-02,2.883225e-01,3.629680e-03,1.013011e-03,9.791764e-04
2.791102e-02,2.538797e-02,1.036502e-02,3.235233e-02,2.122707e-01,7.242667e-03,1.034044e-03,3.039892e-02,4.128289e-01,3.558407e-03,1.459087e-02,2.161221e-01,3.374799e-03,1.296544e-03,1.265661e-03
3.197166e-02,2.631610e-02,4.353143e-02,8.448029e-02,2.108555e-01,7.444689e-03,2.372981e-03,6.594232e-02,3.501634e-01,3.494074e-03,1.202116e-02,1.548702e-01,3.007560e-03,1.540719e-03,1.987957e-03
5.294703e-02,6.618651e-02,4.619596e-02,7.368146e-02,2.028319e-01,8.580591e-03,2.363058e-03,9.752714e-02,3.082291e-01,5.038520e-03,1.304273e-02,1.125105e-01,3.418206e-03,2.814053e-03,4.633232e-03
6.481344e-02,1.131630e-01,4.021582e-02,7.057588e-02,1.957116e-01,1.204503e-02,2.030787e-03,1.183216e-01,2.723390e-01,5.698262e-03,1.440012e-02,8.046039e-02,2.809810e-03,3.714771e-03,3.700421e-03
9.058271e-02,1.079184e-01,5.423129e-02,1.197740e-01,1.711183e-01,1.328037e-02,1.734683e-03,1.337642e-01,2.170980e-01,9.568568e-03,1.386259e-02,5.777631e-02,2.129214e-03,4.090440e-03,3.070983e-03
1.892379e-01,1.201993e-01,6.584892e-02,1.022801e-01,1.406137e-01,1.221158e-02,1.796893e-03,1.019257e-01,1.870232e-01,1.619880e-02,1.142846e-02,4.186830e-02,1.699481e-03,5.032108e-03,2.635540e-03
2.158891e-01,1.168791e-01,1.261637e-01,1.146830e-01,1.197432e-01,1.263698e-02,1.704524e-03,7.629003e-02,1.527935e-01,1.432439e-02,9.408483e-03,2.992921e-02,1.530892e-03,5.787852e-03,2.236073e-03
2.244464e-01,1.253833e-01,1.151077e-01,1.533892e-01,1.237862e-01,1.067075e-02,1.838767e-03,7.024568e-02,1.214937e-01,1.148146e-02,8.814496e-03,2.270649e-02,1.785934e-03,4.537872e-03,4.312213e-03
2.475279e-01,9.870635e-02,1.096217e-01,2.027465e-01,1.356968e-01,9.713633e-03,1.658940e-03,5.204859e-02,9.922333e-02,9.391255e-03,6.933554e-03,1.690437e-02,1.769933e-03,4.375314e-03,3.681866e-03
2.247554e-01,7.311612e-02,9.207769e-02,2.778530e-01,1.520476e-01,9.882466e-03,2.112151e-03,4.638558e-02,8.682483e-02,8.235592e-03,6.021728e-03,1.289071e-02,1.627270e-03,3.301108e-03,2.868732e-03
3.150210e-01,5.887386e-02,8.446057e-02,2.311867e-01,1.243929e-01,1.119931e-02,2.757577e-03,4.363004e-02,6.568278e-02,9.168924e-03,1.785528e-02,2.137703e-02,2.911587e-03,4.420576e-03,7.061934e-03
2.631542e-01,9.022267e-02,1.005873e-01,1.877374e-01,8.940453e-02,8.931105e-03,2.036001e-03,3.125741e-02,5.445559e-02,7.485828e-03,1.158264e-01,3.423543e-02,2.726454e-03,4.564852e-03,7.374864e-03
2.515720e-01,7.779012e-02,9.206279e-02,1.590431e-01,6.376269e-02,8.323342e-03,1.594837e-03,2.262458e-02,4.137273e-02,5.848769e-03,2.172856e-01,4.431126e-02,2.350619e-03,5.758471e-03,6.299028e-03
2.330631e-01,5.777625e-02,7.742909e-02,1.163031e-01,4.579837e-02,1.180156e-02,1.301762e-03,1.692766e-02,2.970132e-02,4.729806e-03,2.918711e-01,9.098662e-02,1.934397e-03,1.547896e-02,4.896910e-03
1.833586e-01,4.229835e-02,5.619880e-02,8.361661e-02,3.262945e-02,1.138244e-02,9.979137e-04,1.218457e-02,2.123688e-02,3.549424e-03,4.327627e-01,1.001742e-01,1.491765e-03,1.445538e-02,3.662853e-03
1.505128e-01,3.191480e-02,4.026566e-02,6.071278e-02,2.963285e-02,1.401235e-02,1.826242e-03,9.339385e-03,1.688109e-02,3.152141e-03,4.771860e-01,1.411816e-01,1.426176e-03,1.846427e-02,3.491859e-03
1.088605e-01,2.351827e-02,2.872060e-02,4.352818e-02,2.649098e-02,1.117089e-02,1.356930e-03,6.952755e-03,1.552611e-02,2.805863e-03,5.294359e-01,1.796246e-01,1.349930e-03,1.721465e-02,3.443805e-03
8.393114e-02,1.715842e-02,2.060526e-02,3.186830e-02,2.381895e-02,1.087998e-02,1.037786e-03,5.227760e-03,1.293891e-02,2.432646e-03,5.284335e-01,2.334474e-01,1.362372e-03,2.383243e-02,3.025151e-03
6.635498e-02,1.399936e-02,1.480681e-02,2.332812e-02,2.560153e-02,1.163967e-02,8.438083e-04,3.776712e-03,1.087963e-02,2.342139e-03,5.115805e-01,2.840598e-01,1.470303e-03,2.590860e-02,3.408107e-03
5.822814e-02,1.303336e-02,1.067264e-02,1.735549e-02,3.345963e-02,1.131476e-02,7.865832e-04,2.790470e-03,9.349058e-03,2.419538e-03,5.001948e-01,3.110433e-01,1.637697e-03,2.379453e-02,3.920034e-03
6.397423e-02,1.315435e-02,7.901153e-03,1.263531e-02,3.551682e-02,1.135485e-02,1.134332e-03,2.253959e-03,8.352822e-03,2.745153e-03,4.845616e-01,3.293455e-01,1.756110e-03,2.056358e-02,4.750360e-03
5.306050e-02,1.094946e-02,5.977355e-03,9.172100e-03,2.984408e-02,1.389669e-02,1.997899e-03,2.013013e-03,7.594499e-03,4.832319e-03,5.463994e-01,2.887290e-01,1.835046e-03,1.750705e-02,6.191576e-03
4.088227e-02,8.344517e-03,4.325082e-03,6.614586e-03,2.390502e-02,1.294321e-02,1.985516e-03,1.711417e-03,6.360478e-03,5.072039e-03,6.285599e-01,2.352567e-01,1.940406e-03,1.579575e-02,6.303129e-03
3.313981e-02,9.387714e-03,4.445591e-03,5.834213e-03,2.559576e-02,1.499139e-02,4.017970e-03,3.300742e-03,7.837517e-03,8.833939e-03,6.552700e-01,1.955364e-01,2.533840e-03,1.466300e-02,1.461214e-02
2.889966e-02,9.056525e-03,4.504675e-03,6.773646e-03,2.649535e-02,1.872247e-02,5.441166e-03,4.645457e-03,1.091812e-02,9.892672e-03,6.834856e-01,1.560033e-01,3.096567e-03,1.180450e-02,2.026034e-02
2.191516e-02,1.621007e-02,9.488123e-03,8.947346e-03,3.062538e-02,2.438771e-02,4.687306e-03,4.508849e-03,1.931223e-02,1.036098e-02,6.541013e-01,1.300044e-01,3.812098e-03,1.121074e-02,5.042843e-02
1.681533e-02,1.260978e-02,1.096703e-02,7.030983e-03,3.474085e-02,3.411423e-02,4.863864e-03,4.859651e-03,1.691522e-02,7.890352e-03,6.876562e-01,1.057637e-01,7.823857e-03,9.146827e-03,3.880211e-02
1.362977e-02,1.142428e-02,1.424950e-02,7.159924e-03,7.320816e-02,3.618063e-02,5.273508e-03,2.365831e-02,2.537095e-02,5.976310e-03,6.482245e-01,8.978333e-02,9.572528e-03,6.833678e-03,2.945474e-02
1.112136e-02,8.943709e-03,1.947268e-02,7.036264e-03,8.941843e-02,2.987530e-02,4.660601e-03,1.514456e-01,3.261963e-02,4.435473e-03,5.344019e-01,6.976763e-02,9.206790e-03,5.110087e-03,2.248469e-02
9.034756e-03,6.965561e-03,2.034511e-02,5.779000e-03,1.034478e-01,2.216111e-02,3.595760e-03,2.584100e-01,3.520013e-02,3.222989e-03,4.494303e-01,5.364021e-02,8.268657e-03,3.797299e-03,1.670137e-02
1.491140e-02,5.464077e-03,2.382558e-02,7.082283e-03,2.220121e-01,2.068675e-02,1.432768e-02,2.157815e-01,3.248021e-02,2.475286e-03,3.794249e-01,3.935360e-02,7.013226e-03,2.818015e-03,1.234347e-02
2.497245e-02,4.930494e-03,3.187863e-02,1.889352e-02,3.327676e-01,2.801138e-02,1.758235e-02,1.626441e-01,2.948250e-02,2.047896e-03,2.970955e-01,2.847248e-02,6.386615e-03,2.106433e-03,1.272802e-02
3.422746e-02,5.105423e-03,2.949021e-02,3.082839e-02,4.051723e-01,3.533407e-02,1.753856e-02,1.210134e-01,2.692304e-02,1.676917e-03,2.534539e-01,2.075264e-02,5.608329e-03,1.607346e-03,1.126803e-02
7.023331e-02,9.965421e-03,2.652838e-02,4.337814e-02,4.366269e-01,3.672650e-02,1.924692e-02,9.125964e-02,3.250598e-02,1.622577e-03,1.974435e-01,1.545083e-02,5.811887e-03,1.479739e-03,1.172029e-02
9.801306e-02,1.646232e-02,2.272159e-02,5.547307e-02,4.376448e-01,3.606536e-02,1.933157e-02,7.000408e-02,5.053349e-02,1.796545e-03,1.537424e-01,1.179015e-02,9.097688e-03,1.702050e-03,1.562180e-02
1.241632e-01,2.644797e-02,1.863587e-02,6.903826e-02,4.434889e-01,3.476326e-02,2.644669e-02,5.384663e-02,5.052827e-02,1.454834e-03,1.114337e-01,1.747366e-02,8.013763e-03,1.512901e-03,1.275214e-02
1.514304e-01,2.506588e-02,1.574932e-02,6.165101e-02,4.610292e-01,3.425444e-02,2.167558e-02,4.568179e-02,4.947387e-02,1.158084e-03,8.915073e-02,2.360134e-02,8.532684e-03,1.777770e-03,9.767862e-03
1.899261e-01,2.221457e-02,1.315408e-02,4.999658e-02,4.493356e-01,3.475336e-02,1.711895e-02,3.562399e-02,4.904350e-02,1.052736e-03,8.073822e-02,3.495713e-02,1.072422e-02,3.466375e-03,7.894531e-03
2.268716e-01,2.116359e-02,1.034766e-02,4.068871e-02,4.449228e-01,3.422073e-02,1.503960e-02,2.708561e-02,5.365652e-02,1.184198e-03,6.204090e-02,3.449636e-02,1.530072e-02,6.059130e-03,6.921866e-03
2.458182e-01,2.547882e-02,1.099790e-02,5.222826e-02,3.949185e-01,4.773519e-02,1.533868e-02,2.868027e-02,4.612467e-02,1.517149e-03,5.282098e-02,3.905721e-02,2.360012e-02,7.717522e-03,7.966418e-03
2.068036e-01,3.366357e-02,1.304918e-01,8.012575e-02,3.073471e-01,4.558091e-02,1.301402e-02,3.050324e-02,3.511430e-02,2.916758e-03,4.008565e-02,3.247287e-02,1.999502e-02,7.449836e-03,1.443549e-02
1.468504e-01,3.039976e-02,9.475586e-02,6.048487e-02,2.154601e-01,3.381038e-02,9.127276e-03,2.161636e-02,5.937105e-02,4.103000e-03,2.136190e-01,4.078148e-02,1.673137e-02,1.662887e-02,3.626014e-02
1.035635e-01,2.825731e-02,6.739299e-02,4.425113e-02,1.509554e-01,2.540752e-02,6.398243e-03,1.518226e-02,5.921160e-02,3.688490e-03,3.772566e-01,4.030617e-02,1.321728e-02,2.014863e-02,4.476277e-02
7.423307e-02,2.151644e-02,4.793260e-02,3.373523e-02,1.059627e-01,2.139387e-02,4.541058e-03,1.096288e-02,4.869905e-02,3.282147e-03,5.072135e-01,4.245488e-02,1.003007e-02,3.263471e-02,3.540781e-02
5.262797e-02,1.569409e-02,3.433437e-02,2.457021e-02,7.427835e-02,2.193174e-02,3.209280e-03,7.733923e-03,3.618591e-02,2.499809e-03,6.353033e-01,3.191213e-02,7.329622e-03,2.549627e-02,2.689305e-02
3.713436e-02,1.119664e-02,2.428262e-02,1.780480e-02,5.217611e-02,1.997492e-02,2.280116e-03,5.426751e-03,2.586505e-02,2.130306e-03,7.312192e-01,2.579515e-02,5.334533e-03,1.972916e-02,1.965031e-02
2.739925e-02,8.338201e-03,1.740555e-02,1.369850e-02,3.720457e-02,1.676364e-02,1.668491e-03,3.954106e-03,1.994453e-02,1.853939e-03,7.840211e-01,2.956834e-02,4.235849e-03,1.876787e-02,1.517614e-02
2.078170e-02,6.342645e-03,1.248994e-02,1.011241e-02,2.636955e-02,1.279952e-02,1.205762e-03,2.850212e-03,1.472584e-02,1.681441e-03,8.326951e-01,2.739528e-02,3.330769e-03,1.583626e-02,1.138365e-02
1.579894e-02,4.892000e-03,8.845372e-03,7.297935e-03,1.918167e-02,9.345764e-03,1.198185e-03,2.120594e-03,1.168054e-02,1.850601e-03,8.685249e-01,2.363249e-02,2.647419e-03,1.403252e-02,8.951052e-03
1.190981e-02,4.834834e-03,6.699748e-03,5.532024e-03,1.441281e-02,7.463405e-03,9.974499e-04,1.814775e-03,9.527846e-03,1.926722e-03,8.680409e-01,4.076580e-02,2.134755e-03,1.632889e-02,7.610224e-03
1.161149e-02,5.244819e-03,5.123068e-03,6.567872e-03,1.392713e-02,6.372977e-03,1.174204e-03,4.128261e-03,1.226930e-02,1.970994e-03,8.499668e-01,5.238053e-02,1.902541e-03,1.928576e-02,8.074224e-03
1.184699e-02,4.021243e-03,3.779198e-03,5.256250e-03,1.302629e-02,5.561591e-03,1.400765e-03,7.117265e-03,1.351995e-02,1.694418e-03,8.602666e-01,4.765942e-02,1.779820e-03,1.638729e-02,6.682906e-03
1.052501e-02,6.063837e-03,3.068094e-03,4.100564e-03,1.715226e-02,4.364905e-03,1.459877e-03,1.304164e-02,3.079793e-02,1.676919e-03,8.322551e-01,5.230982e-02,1.688294e-03,1.525649e-02,6.239240e-03
1.138724e-02,6.232327e-03,3.212177e-03,3.475269e-03,1.992656e-02,3.574566e-03,2.072731e-03,1.760642e-02,4.463781e-02,1.785714e-03,8.022525e-01,6.035732e-02,1.634330e-03,1.549403e-02,6.351015e-03
1.588978e-02,7.348076e-03,4.443547e-03,3.863215e-03,2.895748e-02,3.867325e-03,3.402481e-03,1.972579e-02,5.606809e-02,1.889021e-03,7.569325e-01,7.405020e-02,2.014005e-03,1.529403e-02,6.254458e-03
1.442335e-02,1.262374e-02,8.454587e-03,4.007275e-03,3.450301e-02,6.230293e-03,3.376996e-03,4.262284e-02,1.406927e-01,2.263044e-03,6.412289e-01,6.893516e-02,2.032832e-03,1.337581e-02,5.229490e-03
1.311221e-02,1.717562e-02,1.248196e-02,3.333936e-03,3.990961e-02,6.351301e-03,7.436681e-03,4.735950e-02,1.194606e-01,2.424837e-03,6.607512e-01,5.314749e-02,2.242675e-03,1.032883e-02,4.483573e-03
1.142494e-02,3.606093e-02,1.467486e-02,2.860833e-03,3.417319e-02,6.430073e-03,6.161437e-03,5.103417e-02,1.250821e-01,2.300850e-03,6.566525e-01,3.905010e-02,2.563712e-03,7.652262e-03,3.877984e-03
1.623818e-02,3.901763e-02,2.075229e-02,3.637999e-03,4.427954e-02,8.752196e-03,5.845485e-03,9.888560e-02,1.626727e-01,2.066532e-03,5.519829e-01,3.161240e-02,4.336116e-03,6.220920e-03,3.699573e-03
1.584437e-02,4.810193e-02,2.020772e-02,3.441788e-03,4.418294e-02,1.979731e-02,5.298298e-03,1.003547e-01,2.243802e-01,1.749228e-03,4.740577e-01,2.652221e-02,7.392409e-03,5.043040e-03,3.626119e-03
2.723268e-02,8.591009e-02,2.091655e-02,3.429239e-03,3.564545e-02,2.141162e-02,4.572267e-03,1.078708e-01,2.520227e-01,1.774566e-03,3.857111e-01,3.726698e-02,7.780558e-03,4.906271e-03,3.549109e-03
3.161575e-02,1.170425e-01,2.194338e-02,4.284362e-03,3.557622e-02,2.144347e-02,4.808789e-03,1.086061e-01,2.987724e-01,6.440097e-03,2.931344e-01,3.683105e-02,8.322976e-03,7.212424e-03,3.966107e-03
4.553487e-02,1.106007e-01,1.700032e-02,4.843226e-03,4.678127e-02,3.256599e-02,3.935405e-03,1.074668e-01,3.421260e-01,7.835423e-03,2.282745e-01,3.253105e-02,7.593821e-03,8.982843e-03,3.927735e-03
5.548605e-02,8.606184e-02,1.373115e-02,5.729854e-03,5.171683e-02,3.785406e-02,5.298754e-03,1.186088e-01,4.042624e-01,6.619965e-03,1.669376e-01,2.925683e-02,6.987788e-03,7.770858e-03,3.677304e-03
6.633580e-02,6.716139e-02,1.061813e-02,5.254108e-03,6.275594e-02,4.663400e-02,4.933508e-03,1.269893e-01,4.442885e-01,5.196419e-03,1.190857e-01,2.380241e-02,6.118072e-03,7.063437e-03,3.763269e-03
6.912448e-02,6.055444e-02,1.046641e-02,6.200509e-03,6.214718e-02,5.204008e-02,5.687419e-03,1.243513e-01,4.755805e-01,6.713165e-03,8.543195e-02,1.966751e-02,6.277044e-03,6.730789e-03,9.027210e-03
6.495277e-02,7.377277e-02,1.521450e-02,1.235795e-02,6.017816e-02,6.002343e-02,5.653529e-03,1.343080e-01,4.458060e-01,1.031033e-02,6.190014e-02,1.509332e-02,7.258890e-03,5.997702e-03,2.717256e-02
6.919478e-02,7.644742e-02,1.984979e-02,1.334741e-02,7.662749e-02,7.119778e-02,6.022666e-03,1.476204e-01,3.908089e-01,1.385968e-02,4.549478e-02,1.117128e-02,6.637004e-03,6.693470e-03,4.502720e-02
7.608115e-02,8.415507e-02,6.002932e-02,3.382308e-02,6.067394e-02,6.094197e-02,4.907774e-03,1.155649e-01,3.285706e-01,2.855187e-02,3.349441e-02,8.405467e-03,5.999321e-03,5.354683e-03,9.344642e-02
1.065173e-01,8.543341e-02,6.025367e-02,3.067541e-02,5.763690e-02,6.434691e-02,4.848380e-03,9.691182e-02,2.699215e-01,3.695362e-02,2.541561e-02,6.440154e-03,5.670535e-03,5.759770e-03,1.432149e-01
1.209644e-01,7.628743e-02,1.200895e-01,3.563663e-02,4.458478e-02,4.935626e-02,3.992338e-03,7.229040e-02,2.262380e-01,4.944923e-02,1.964779e-02,5.276552e-03,5.359962e-03,4.663149e-03,1.661635e-01
2.216204e-01,6.946490e-02,1.082322e-01,3.600214e-02,4.026823e-02,5.760071e-02,4.491481e-03,6.705754e-02,1.796102e-01,3.927272e-02,1.603211e-02,5.771178e-03,9.548732e-03,4.459891e-03,1.405676e-01
2.507610e-01,6.224982e-02,8.886932e-02,3.164051e-02,3.230173e-02,4.989784e-02,3.959849e-03,5.335485e-02,1.557204e-01,4.140632e-02,1.367166e-02,5.608863e-03,9.517593e-03,5.954213e-03,1.950861e-01
3.668500e-01,5.336452e-02,6.912280e-02,2.628954e-02,2.778111e-02,5.827115e-02,4.184981e-03,4.410274e-02,1.311867e-01,3.217896e-02,1.278700e-02,8.479812e-03,1.240803e-02,6.353217e-03,1.466395e-01
4.443909e-01,4.995529e-02,5.040208e-02,2.496109e-02,2.558617e-02,5.268208e-02,3.655970e-03,3.663718e-02,1.109251e-01,2.582752e-02,1.154731e-02,9.861859e-03,1.268229e-02,7.314807e-03,1.335703e-01
1.000000e+00,0.000000e+00,0.000000e+00,0.000000e+00,0.000000e+00,0.000000e+00,0.000000e+00,0.000000e+00,0.000000e+00,0.000000e+00,0.000000e+00,0.000000e+00,0.000000e+00,0.000000e+00,0.000000e+00
1.000000e+00,0.000000e+00,0.000000e+00,0.000000e+00,0.000000e+00,0.000000e+00,0.000000e+00,0.000000e+00,0.000000e+00,0.000000e+00,0.000000e+00,0.000000e+00,0.000000e+00,0.000000e+00,0.000000e+00
1.000000e+00,0.000000e+00,0.000000e+00,0.000000e+00,0.000000e+00,0.000000e+00,0.000000e+00,0.000000e+00,0.000000e+00,0.000000e+00,0.000000e+00,0.000000e+00,0.000000e+00,0.000000e+00,0.000000e+00
1.000000e+00,0.000000e+00,0.000000e+00,0.000000e+00,0.000000e+00,0.000000e+00,0.000000e+00,0.000000e+00,0.000000e+00,0.000000e+00,0.000000e+00,0.000000e+00,0.000000e+00,0.000000e+00,0.000000e+00
1.000000e+00,0.000000e+00,0.000000e+00,0.000000e+00,0.000000e+00,0.000000e+00,0.000000e+00,0.000000e+00,0.000000e+00,0.000000e+00,0.000000e+00,0.000000e+00,0.000000e+00,0.000000e+00,0.000000e+00
4.900802e-01,2.249449e-02,1.154020e-02,4.968201e-02,8.387541e-03,2.001506e-02,2.462059e-03,9.544742e-03,1.247618e-01,2.658987e-02,1.294820e-02,5.708718e-02,2.740008e-02,1.946546e-02,1.175411e-01
4.308196e-01,1.708720e-02,8.731433e-03,4.261267e-02,8.460750e-03,1.731670e-02,2.239601e-03,9.343994e-03,1.647537e-01,2.263809e-02,1.431019e-02,8.438532e-02,7.013519e-02,1.725627e-02,8.990932e-02
3.184704e-01,1.251771e-02,6.475072e-03,3.333200e-02,9.151111e-03,1.304893e-02,2.340090e-03,7.641376e-03,2.001781e-01,1.859573e-02,2.139230e-02,1.315404e-01,1.406287e-01,1.663004e-02,6.805811e-02
2.471504e-01,1.302451e-02,9.163715e-03,2.594661e-02,9.583799e-03,1.228613e-02,1.932746e-03,5.705668e-03,2.127130e-01,1.682906e-02,3.321056e-02,1.448937e-01,1.815218e-01,1.760861e-02,6.842978e-02
1.822021e-01,1.018334e-02,7.915249e-03,2.088427e-02,8.982085e-03,1.263662e-02,1.485574e-03,5.151733e-03,1.774025e-01,1.715187e-02,6.329736e-02,1.626176e-01,2.588037e-01,1.559007e-02,5.569599e-02
1.283495e-01,7.799773e-03,6.279441e-03,1.511294e-02,7.189971e-03,1.013417e-02,1.073496e-03,4.090259e-03,1.499091e-01,1.478801e-02,7.017604e-02,2.051482e-01,3.237106e-01,1.140862e-02,4.482985e-02
9.094118e-02,8.727944e-03,6.198127e-03,1.098367e-02,6.534960e-03,7.591429e-03,7.907204e-04,3.142057e-03,1.120806e-01,1.346092e-02,9.260972e-02,1.944005e-01,3.982521e-01,1.662996e-02,3.765607e-02
6.532715e-02,1.029133e-02,6.494865e-03,8.240218e-03,6.214228e-03,5.609898e-03,5.791920e-04,2.517525e-03,9.185162e-02,1.508476e-02,1.232722e-01,2.041985e-01,4.109101e-01,1.768768e-02,3.172069e-02
5.283696e-02,1.886122e-02,1.059884e-02,7.218061e-03,8.609131e-03,4.783731e-03,5.769469e-04,3.807655e-03,1.117662e-01,2.695771e-02,1.141133e-01,2.118757e-01,3.761350e-01,2.203146e-02,2.982810e-02
3.836659e-02,1.782979e-02,9.596504e-03,5.822066e-03,1.042578e-02,3.701400e-03,4.226683e-04,3.602965e-03,1.290052e-01,3.230609e-02,1.305299e-01,2.553786e-01,3.154416e-01,2.447794e-02,2.309294e-02
2.831337e-02,1.603133e-02,1.171632e-02,5.878529e-03,1.766611e-02,3.304888e-03,3.372065e-04,6.315471e-03,1.603448e-01,3.141643e-02,1.472739e-01,2.732677e-01,2.576862e-01,2.276402e-02,1.768389e-02
2.292693e-02,1.240859e-02,1.347233e-02,8.595839e-03,2.755544e-02,4.358246e-03,2.873750e-04,7.917119e-03,1.376800e-01,4.776590e-02,1.974548e-01,2.851176e-01,1.960584e-01,2.247077e-02,1.593071e-02
1.879510e-02,1.000852e-02,1.171189e-02,6.764178e-03,2.416932e-02,3.560018e-03,2.157338e-04,7.300369e-03,1.082841e-01,6.691730e-02,2.811791e-01,2.746655e-01,1.502522e-01,2.312924e-02,1.304733e-02
1.757643e-02,1.213777e-02,1.227061e-02,5.446184e-03,2.245783e-02,3.148598e-03,1.754054e-04,6.764327e-03,9.431642e-02,7.681508e-02,3.272593e-01,2.659878e-01,1.154626e-01,2.972786e-02,1.045368e-02
2.053387e-02,1.188954e-02,1.109444e-02,4.253187e-03,1.996824e-02,2.829825e-03,1.529043e-04,8.497536e-03,8.027754e-02,8.440367e-02,3.939242e-01,2.391264e-01,8.425765e-02,3.065479e-02,8.136141e-03
8.836300e-02,1.057726e-02,1.645024e-02,1.386412e-02,2.312607e-02,6.323740e-03,4.238279e-04,1.532359e-02,6.770484e-02,6.433036e-02,3.809043e-01,2.192324e-01,6.170721e-02,2.517168e-02,6.497297e-03
1.780440e-01,9.061926e-03,1.371499e-02,2.113985e-02,2.463934e-02,1.235308e-02,5.683247e-04,1.427455e-02,5.753403e-02,4.788815e-02,3.363203e-01,2.119545e-01,4.674698e-02,2.020634e-02,5.553572e-03
2.722049e-01,9.823731e-03,1.096694e-02,2.557836e-02,2.074107e-02,1.690143e-02,6.003429e-04,1.317809e-02,5.221227e-02,3.565250e-02,2.789079e-01,2.041622e-01,3.682541e-02,1.651408e-02,5.730809e-03
3.577578e-01,1.248564e-02,8.751887e-03,2.387136e-02,1.640879e-02,1.893901e-02,7.365614e-04,1.295855e-02,4.676548e-02,3.175061e-02,2.474106e-01,1.688224e-01,2.995805e-02,1.574220e-02,7.640990e-03
3.489773e-01,1.421985e-02,7.377514e-03,1.955127e-02,2.752336e-02,1.628609e-02,9.392917e-04,1.418055e-02,7.124361e-02,2.777096e-02,2.610689e-01,1.417790e-01,2.618662e-02,1.520215e-02,7.693530e-03
3.643114e-01,2.151202e-02,6.956160e-03,1.745249e-02,3.098451e-02,1.585013e-02,1.452756e-03,1.588314e-02,1.142630e-01,2.545133e-02,2.159696e-01,1.197801e-01,2.185733e-02,1.839651e-02,9.879561e-03
3.291252e-01,2.268541e-02,6.671406e-03,1.565647e-02,2.932434e-02,1.529391e-02,1.520376e-03,2.212914e-02,1.394002e-01,2.806940e-02,2.091814e-01,1.320533e-01,2.094198e-02,1.828656e-02,9.661009e-03
2.841287e-01,2.127863e-02,6.104402e-03,1.139104e-01,3.286080e-02,1.490637e-02,1.596016e-03,2.381046e-02,1.357992e-01,2.289585e-02,1.730006e-01,1.281096e-01,1.999563e-02,1.344896e-02,8.154408e-03
3.373360e-01,1.949917e-02,1.260496e-02,1.335633e-01,2.796849e-02,2.184037e-02,2.629638e-03,2.318693e-02,1.124340e-01,1.920692e-02,1.421413e-01,1.106913e-01,1.715092e-02,1.094897e-02,8.797878e-03
3.345598e-01,2.315051e-02,1.325824e-02,1.135228e-01,3.141632e-02,1.940932e-02,2.427968e-03,2.616340e-02,1.344481e-01,2.285792e-02,1.375243e-01,1.040008e-01,1.548537e-02,1.110402e-02,1.067112e-02
