1.000000e+00,0.000000e+00,0.000000e+00,0.000000e+00,0.000000e+00,0.000000e+00,0.000000e+00,0.000000e+00,0.000000e+00,0.000000e+00,0.000000e+00,0.000000e+00,0.000000e+00,0.000000e+00,0.000000e+00
1.000000e+00,0.000000e+00,0.000000e+00,0.000000e+00,0.000000e+00,0.000000e+00,0.000000e+00,0.000000e+00,0.000000e+00,0.000000e+00,0.000000e+00,0.000000e+00,0.000000e+00,0.000000e+00,0.000000e+00
1.000000e+00,0.000000e+00,0.000000e+00,0.000000e+00,0.000000e+00,0.000000e+00,0.000000e+00,0.000000e+00,0.000000e+00,0.000000e+00,0.000000e+00,0.000000e+00,0.000000e+00,0.000000e+00,0.000000e+00
1.000000e+00,0.000000e+00,0.000000e+00,0.000000e+00,0.000000e+00,0.000000e+00,0.000000e+00,0.000000e+00,0.000000e+00,0.000000e+00,0.000000e+00,0.000000e+00,0.000000e+00,0.000000e+00,0.000000e+00
1.000000e+00,0.000000e+00,0.000000e+00,0.000000e+00,0.000000e+00,0.000000e+00,0.000000e+00,0.000000e+00,0.000000e+00,0.000000e+00,0.000000e+00,0.000000e+00,0.000000e+00,0.000000e+00,0.000000e+00
1.000000e+00,0.000000e+00,0.000000e+00,0.000000e+00,0.000000e+00,0.000000e+00,0.000000e+00,0.000000e+00,0.000000e+00,0.000000e+00,0.000000e+00,0.000000e+00,0.000000e+00,0.000000e+00,0.000000e+00
1.000000e+00,0.000000e+00,0.000000e+00,0.000000e+00,0.000000e+00,0.000000e+00,0.000000e+00,0.000000e+00,0.000000e+00,0.000000e+00,0.000000e+00,0.000000e+00,0.000000e+00,0.000000e+00,0.000000e+00
1.000000e+00,0.000000e+00,0.000000e+00,0.000000e+00,0.000000e+00,0.000000e+00,0.000000e+00,0.000000e+00,0.000000e+00,0.000000e+00,0.000000e+00,0.000000e+00,0.000000e+00,0.000000e+00,0.000000e+00
1.000000e+00,0.000000e+00,0.000000e+00,0.000000e+00,0.000000e+00,0.000000e+00,0.000000e+00,0.000000e+00,0.000000e+00,0.000000e+00,0.000000e+00,0.000000e+00,0.000000e+00,0.000000e+00,0.000000e+00
1.000000e+00,0.000000e+00,0.000000e+00,0.000000e+00,0.000000e+00,0.000000e+00,0.000000e+00,0.000000e+00,0.000000e+00,0.000000e+00,0.000000e+00,0.000000e+00,0.000000e+00,0.000000e+00,0.000000e+00
1.000000e+00,0.000000e+00,0.000000e+00,0.000000e+00,0.000000e+00,0.000000e+00,0.000000e+00,0.000000e+00,0.000000e+00,0.000000e+00,0.000000e+00,0.000000e+00,0.000000e+00,0.000000e+00,0.000000e+00
1.000000e+00,0.000000e+00,0.000000e+00,0.000000e+00,0.000000e+00,0.000000e+00,0.000000e+00,0.000000e+00,0.000000e+00,0.000000e+00,0.000000e+00,0.000000e+00,0.000000e+00,0.000000e+00,0.000000e+00
1.000000e+00,0.000000e+00,0.000000e+00,0.000000e+00,0.000000e+00,0.000000e+00,0.000000e+00,0.000000e+00,0.000000e+00,0.000000e+00,0.000000e+00,0.000000e+00,0.000000e+00,0.000000e+00,0.000000e+00
1.000000e+00,0.000000e+00,0.000000e+00,0.000000e+00,0.000000e+00,0.000000e+00,0.000000e+00,0.000000e+00,0.000000e+00,0.000000e+00,0.000000e+00,0.000000e+00,0.000000e+00,0.000000e+00,0.000000e+00
1.000000e+00,0.000000e+00,0.000000e+00,0.000000e+00,0.000000e+00,0.000000e+00,0.000000e+00,0.000000e+00,0.000000e+00,0.000000e+00,0.000000e+00,0.000000e+00,0.000000e+00,0.000000e+00,0.000000e+00
1.000000e+00,0.000000e+00,0.000000e+00,0.000000e+00,0.000000e+00,0.000000e+00,0.000000e+00,0.000000e+00,0.000000e+00,0.000000e+00,0.000000e+00,0.000000e+00,0.000000e+00,0.000000e+00,0.000000e+00
1.000000e+00,0.000000e+00,0.000000e+00,0.000000e+00,0.000000e+00,0.000000e+00,0.000000e+00,0.000000e+00,0.000000e+00,0.000000e+00,0.000000e+00,0.000000e+00,0.000000e+00,0.000000e+00,0.000000e+00
1.000000e+00,0.000000e+00,0.000000e+00,0.000000e+00,0.000000e+00,0.000000e+00,0.000000e+00,0.000000e+00,0.000000e+00,0.000000e+00,0.000000e+00,0.000000e+00,0.000000e+00,0.000000e+00,0.000000e+00
1.000000e+00,0.000000e+00,0.000000e+00,0.000000e+00,0.000000e+00,0.000000e+00,0.000000e+00,0.000000e+00,0.000000e+00,0.000000e+00,0.000000e+00,0.000000e+00,0.000000e+00,0.000000e+00,0.000000e+00
1.000000e+00,0.000000e+00,0.000000e+00,0.000000e+00,0.000000e+00,0.000000e+00,0.000000e+00,0.000000e+00,0.000000e+00,0.000000e+00,0.000000e+00,0.000000e+00,0.000000e+00,0.000000e+00,0.000000e+00
1.000000e+00,0.000000e+00,0.000000e+00,0.000000e+00,0.000000e+00,0.000000e+00,0.000000e+00,0.000000e+00,0.000000e+00,0.000000e+00,0.000000e+00,0.000000e+00,0.000000e+00,0.000000e+00,0.000000e+00
1.000000e+00,0.000000e+00,0.000000e+00,0.000000e+00,0.000000e+00,0.000000e+00,0.000000e+00,0.000000e+00,0.000000e+00,0.000000e+00,0.000000e+00,0.000000e+00,0.000000e+00,0.000000e+00,0.000000e+00
1.000000e+00,0.000000e+00,0.000000e+00,0.000000e+00,0.000000e+00,0.000000e+00,0.000000e+00,0.000000e+00,0.000000e+00,0.000000e+00,0.000000e+00,0.000000e+00,0.000000e+00,0.000000e+00,0.000000e+00
1.000000e+00,0.000000e+00,0.000000e+00,0.000000e+00,0.000000e+00,0.000000e+00,0.000000e+00,0.000000e+00,0.000000e+00,0.000000e+00,0.000000e+00,0.000000e+00,0.000000e+00,0.000000e+00,0.000000e+00
1.000000e+00,0.000000e+00,0.000000e+00,0.000000e+00,0.000000e+00,0.000000e+00,0.000000e+00,0.000000e+00,0.000000e+00,0.000000e+00,0.000000e+00,0.000000e+00,0.000000e+00,0.000000e+00,0.000000e+00
1.000000e+00,0.000000e+00,0.000000e+00,0.000000e+00,0.000000e+00,0.000000e+00,0.000000e+00,0.000000e+00,0.000000e+00,0.000000e+00,0.000000e+00,0.000000e+00,0.000000e+00,0.000000e+00,0.000000e+00
1.000000e+00,0.000000e+00,0.000000e+00,0.000000e+00,0.000000e+00,0.000000e+00,0.000000e+00,0.000000e+00,0.000000e+00,0.000000e+00,0.000000e+00,0.000000e+00,0.000000e+00,0.000000e+00,0.000000e+00
1.000000e+00,0.000000e+00,0.000000e+00,0.000000e+00,0.000000e+00,0.000000e+00,0.000000e+00,0.000000e+00,0.000000e+00,0.000000e+00,0.000000e+00,0.000000e+00,0.000000e+00,0.000000e+00,0.000000e+00
1.000000e+00,0.000000e+00,0.000000e+00,0.000000e+00,0.000000e+00,0.000000e+00,0.000000e+00,0.000000e+00,0.000000e+00,0.000000e+00,0.000000e+00,0.000000e+00,0.000000e+00,0.000000e+00,0.000000e+00
1.000000e+00,0.000000e+00,0.000000e+00,0.000000e+00,0.000000e+00,0.000000e+00,0.000000e+00,0.000000e+00,0.000000e+00,0.000000e+00,0.000000e+00,0.000000e+00,0.000000e+00,0.000000e+00,0.000000e+00
1.000000e+00,0.000000e+00,0.000000e+00,0.000000e+00,0.000000e+00,0.000000e+00,0.000000e+00,0.000000e+00,0.000000e+00,0.000000e+00,0.000000e+00,0.000000e+00,0.000000e+00,0.000000e+00,0.000000e+00
1.000000e+00,0.000000e+00,0.000000e+00,0.000000e+00,0.000000e+00,0.000000e+00,0.000000e+00,0.000000e+00,0.000000e+00,0.000000e+00,0.000000e+00,0.000000e+00,0.000000e+00,0.000000e+00,0.000000e+00
1.000000e+00,0.000000e+00,0.000000e+00,0.000000e+00,0.000000e+00,0.000000e+00,0.000000e+00,0.000000e+00,0.000000e+00,0.000000e+00,0.000000e+00,0.000000e+00,0.000000e+00,0.000000e+00,0.000000e+00
1.000000e+00,0.000000e+00,0.000000e+00,0.000000e+00,0.000000e+00,0.000000e+00,0.000000e+00,0.000000e+00,0.000000e+00,0.000000e+00,0.000000e+00,0.000000e+00,0.000000e+00,0.000000e+00,0.000000e+00
1.000000e+00,0.000000e+00,0.000000e+00,0.000000e+00,0.000000e+00,0.000000e+00,0.000000e+00,0.000000e+00,0.000000e+00,0.000000e+00,0.000000e+00,0.000000e+00,0.000000e+00,0.000000e+00,0.000000e+00
1.000000e+00,0.000000e+00,0.000000e+00,0.000000e+00,0.000000e+00,0.000000e+00,0.000000e+00,0.000000e+00,0.000000e+00,0.000000e+00,0.000000e+00,0.000000e+00,0.000000e+00,0.000000e+00,0.000000e+00
1.000000e+00,0.000000e+00,0.000000e+00,0.000000e+00,0.000000e+00,0.000000e+00,0.000000e+00,0.000000e+00,0.000000e+00,0.000000e+00,0.000000e+00,0.000000e+00,0.000000e+00,0.000000e+00,0.000000e+00
1.000000e+00,0.000000e+00,0.000000e+00,0.000000e+00,0.000000e+00,0.000000e+00,0.000000e+00,0.000000e+00,0.000000e+00,0.000000e+00,0.000000e+00,0.000000e+00,0.000000e+00,0.000000e+00,0.000000e+00
1.000000e+00,0.000000e+00,0.000000e+00,0.000000e+00,0.000000e+00,0.000000e+00,0.000000e+00,0.000000e+00,0.000000e+00,0.000000e+00,0.000000e+00,0.000000e+00,0.000000e+00,0.000000e+00,0.000000e+00
1.000000e+00,0.000000e+00,0.000000e+00,0.000000e+00,0.000000e+00,0.000000e+00,0.000000e+00,0.000000e+00,0.000000e+00,0.000000e+00,0.000000e+00,0.000000e+00,0.000000e+00,0.000000e+00,0.000000e+00
1.000000e+00,0.000000e+00,0.000000e+00,0.000000e+00,0.000000e+00,0.000000e+00,0.000000e+00,0.000000e+00,0.000000e+00,0.000000e+00,0.000000e+00,0.000000e+00,0.000000e+00,0.000000e+00,0.000000e+00
1.000000e+00,0.000000e+00,0.000000e+00,0.000000e+00,0.000000e+00,0.000000e+00,0.000000e+00,0.000000e+00,0.000000e+00,0.000000e+00,0.000000e+00,0.000000e+00,0.000000e+00,0.000000e+00,0.000000e+00
1.000000e+00,0.000000e+00,0.000000e+00,0.000000e+00,0.000000e+00,0.000000e+00,0.000000e+00,0.000000e+00,0.000000e+00,0.000000e+00,0.000000e+00,0.000000e+00,0.000000e+00,0.000000e+00,0.000000e+00
1.000000e+00,0.000000e+00,0.000000e+00,0.000000e+00,0.000000e+00,0.000000e+00,0.000000e+00,0.000000e+00,0.000000e+00,0.000000e+00,0.000000e+00,0.000000e+00,0.000000e+00,0.000000e+00,0.000000e+00
1.000000e+00,0.000000e+00,0.000000e+00,0.000000e+00,0.000000e+00,0.000000e+00,0.000000e+00,0.000000e+00,0.000000e+00,0.000000e+00,0.000000e+00,0.000000e+00,0.000000e+00,0.000000e+00,0.000000e+00
1.000000e+00,0.000000e+00,0.000000e+00,0.000000e+00,0.000000e+00,0.000000e+00,0.000000e+00,0.000000e+00,0.000000e+00,0.000000e+00,0.000000e+00,0.000000e+00,0.000000e+00,0.000000e+00,0.000000e+00
1.000000e+00,0.000000e+00,0.000000e+00,0.000000e+00,0.000000e+00,0.000000e+00,0.000000e+00,0.000000e+00,0.000000e+00,0.000000e+00,0.000000e+00,0.000000e+00,0.000000e+00,0.000000e+00,0.000000e+00
1.000000e+00,0.000000e+00,0.000000e+00,0.000000e+00,0.000000e+00,0.000000e+00,0.000000e+00,0.000000e+00,0.000000e+00,0.000000e+00,0.000000e+00,0.000000e+00,0.000000e+00,0.000000e+00,0.000000e+00
1.000000e+00,0.000000e+00,0.000000e+00,0.000000e+00,0.000000e+00,0.000000e+00,0.000000e+00,0.000000e+00,0.000000e+00,0.000000e+00,0.000000e+00,0.000000e+00,0.000000e+00,0.000000e+00,0.000000e+00
1.000000e+00,0.000000e+00,0.000000e+00,0.000000e+00,0.000000e+00,0.000000e+00,0.000000e+00,0.000000e+00,0.000000e+00,0.000000e+00,0.000000e+00,0.000000e+00,0.000000e+00,0.000000e+00,0.000000e+00
1.000000e+00,0.000000e+00,0.000000e+00,0.000000e+00,0.000000e+00,0.000000e+00,0.000000e+00,0.000000e+00,0.000000e+00,0.000000e+00,0.000000e+00,0.000000e+00,0.000000e+00,0.000000e+00,0.000000e+00
1.000000e+00,0.000000e+00,0.000000e+00,0.000000e+00,0.000000e+00,0.000000e+00,0.000000e+00,0.000000e+00,0.000000e+00,0.000000e+00,0.000000e+00,0.000000e+00,0.000000e+00,0.000000e+00,0.000000e+00
1.000000e+00,0.000000e+00,0.000000e+00,0.000000e+00,0.000000e+00,0.000000e+00,0.000000e+00,0.000000e+00,0.000000e+00,0.000000e+00,0.000000e+00,0.000000e+00,0.000000e+00,0.000000e+00,0.000000e+00
1.000000e+00,0.000000e+00,0.000000e+00,0.000000e+00,0.000000e+00,0.000000e+00,0.000000e+00,0.000000e+00,0.000000e+00,0.000000e+00,0.000000e+00,0.000000e+00,0.000000e+00,0.000000e+00,0.000000e+00
4.207316e-01,9.158699e-03,8.368690e-03,2.243806e-02,3.247017e-03,1.470747e-02,1.357150e-03,4.774491e-03,1.644242e-02,4.642512e-03,1.224606e-02,1.386654e-02,1.069232e-02,8.140743e-02,3.759196e-01
2.955322e-01,6.544363e-03,5.897101e-03,1.572764e-02,2.328197e-03,1.044376e-02,9.659327e-04,3.370018e-03,1.369153e-02,4.309457e-03,1.769592e-02,1.060477e-02,7.614427e-03,2.187134e-01,3.865612e-01
2.086472e-01,5.101805e-03,4.211928e-03,1.119227e-02,2.955613e-03,7.899635e-03,7.256329e-04,2.565159e-03,3.111727e-02,1.203535e-02,2.598319e-02,9.942847e-03,7.509297e-03,3.727275e-01,2.973852e-01
1.473622e-01,4.875102e-03,3.008445e-03,8.768182e-03,9.625133e-03,6.587720e-03,5.907242e-04,2.292624e-03,1.410401e-01,2.431509e-02,2.604771e-02,1.021392e-02,6.993263e-03,3.684692e-01,2.398106e-01
1.039192e-01,4.279849e-03,2.319368e-03,6.668291e-03,1.028658e-02,6.102202e-03,5.279650e-04,1.771089e-03,1.373324e-01,4.693173e-02,2.057799e-02,8.090875e-03,5.817066e-03,4.128634e-01,2.325119e-01
7.291152e-02,3.241071e-03,2.009026e-03,5.053397e-03,8.021773e-03,5.245249e-03,3.804268e-04,1.261379e-03,1.064724e-01,1.203657e-01,1.598609e-02,7.991957e-03,5.700538e-03,3.216511e-01,3.237083e-01
5.147196e-02,2.721989e-03,3.263304e-03,4.008154e-03,5.772258e-03,5.560027e-03,3.070697e-04,9.372467e-04,9.407237e-02,1.289311e-01,1.420650e-02,6.811176e-03,5.390692e-03,3.229499e-01,3.535962e-01
3.763456e-02,4.037395e-03,6.899535e-03,4.866794e-03,9.569406e-03,5.052933e-03,4.024236e-04,9.110877e-04,1.392936e-01,1.967303e-01,2.506499e-02,6.011112e-03,6.919102e-03,2.547514e-01,3.018554e-01
3.070082e-02,7.996805e-03,1.773309e-02,2.313877e-02,8.048835e-02,1.146584e-02,1.355803e-03,4.592082e-03,1.646475e-01,1.966915e-01,2.652960e-02,6.225353e-03,8.954860e-03,1.891433e-01,2.303364e-01
2.508834e-02,7.363321e-03,5.501708e-02,3.948217e-02,1.136420e-01,1.383151e-02,2.318487e-03,1.393760e-02,1.595463e-01,2.272945e-01,2.178175e-02,4.972205e-03,8.516549e-03,1.363004e-01,1.709077e-01
2.242212e-02,8.129604e-03,1.694750e-01,7.033762e-02,1.028119e-01,1.558491e-02,1.910175e-03,1.389571e-02,1.398753e-01,1.809077e-01,1.816923e-02,3.672877e-03,7.256179e-03,9.893667e-02,1.466150e-01
4.352051e-02,1.782623e-02,1.587236e-01,6.077335e-02,7.581890e-02,1.609646e-02,2.048622e-03,1.041050e-02,1.334571e-01,1.682810e-01,2.713843e-02,5.164936e-03,2.665008e-02,7.364516e-02,1.804451e-01
4.887091e-02,1.513468e-02,1.913764e-01,1.287727e-01,6.735820e-02,1.506039e-02,2.263032e-03,1.337988e-02,1.107123e-01,1.598471e-01,2.623212e-02,5.099346e-03,2.551043e-02,5.315588e-02,1.372266e-01
4.816639e-02,1.849963e-02,2.244846e-01,1.235417e-01,5.563739e-02,1.341005e-02,1.947309e-03,1.045622e-02,9.545815e-02,1.671090e-01,4.959891e-02,9.383993e-03,3.408675e-02,3.950627e-02,1.087137e-01
4.853697e-02,2.974020e-02,1.817461e-01,1.016564e-01,4.497380e-02,1.468465e-02,1.790458e-03,8.048896e-03,1.607049e-01,1.627375e-01,4.772392e-02,9.072576e-03,5.118442e-02,3.028961e-02,1.071096e-01
3.635830e-02,3.042100e-02,1.312857e-01,7.949603e-02,3.295926e-02,1.079605e-02,1.340809e-03,5.828563e-03,3.626710e-01,1.250086e-01,3.685066e-02,6.630689e-03,3.833883e-02,2.181439e-02,8.020012e-02
3.760894e-02,2.493875e-02,9.587437e-02,7.181705e-02,2.580423e-02,9.045058e-03,1.055733e-03,4.780774e-03,4.729933e-01,9.846430e-02,3.411596e-02,6.230307e-03,3.065088e-02,1.795212e-02,6.866828e-02
6.303368e-02,2.140313e-02,7.238323e-02,6.812463e-02,3.913847e-02,3.863351e-02,1.193799e-03,4.244121e-03,4.627595e-01,8.228657e-02,3.257138e-02,1.098145e-02,2.829958e-02,1.584265e-02,5.910434e-02
5.510220e-02,2.098761e-02,5.240640e-02,5.607737e-02,2.915318e-02,9.974157e-02,1.174797e-03,3.321131e-03,3.562734e-01,7.057524e-02,3.548696e-02,7.928415e-02,3.228337e-02,1.674038e-02,9.139233e-02
4.469592e-02,1.616026e-02,3.742348e-02,4.131600e-02,2.139938e-02,2.236907e-01,1.035676e-03,2.434986e-03,2.580937e-01,5.265124e-02,2.958000e-02,1.145670e-01,3.146722e-02,2.716950e-02,9.831496e-02
3.281221e-02,1.220975e-02,2.687501e-02,2.929746e-02,1.543589e-02,3.501947e-01,9.184768e-04,1.820470e-03,1.817466e-01,3.705761e-02,2.500232e-02,1.655138e-01,3.093282e-02,1.992056e-02,7.026239e-02
2.442552e-02,9.547506e-03,1.932505e-02,2.094200e-02,1.108688e-02,2.976148e-01,7.563657e-04,1.514664e-03,1.297694e-01,2.611127e-02,2.803688e-02,3.344289e-01,3.099291e-02,1.547298e-02,4.997484e-02
1.971149e-02,7.106619e-03,1.384152e-02,1.485861e-02,8.433786e-03,2.556487e-01,7.167562e-04,1.318460e-03,9.297610e-02,1.848120e-02,2.554842e-02,4.536862e-01,4.111237e-02,1.135966e-02,3.520013e-02
1.413631e-02,1.975610e-02,1.058686e-02,1.044450e-02,1.130399e-02,1.797194e-01,7.078637e-04,1.114596e-03,1.682069e-01,1.323406e-02,2.937233e-02,4.323065e-01,7.578727e-02,8.326937e-03,2.499641e-02
1.087243e-02,3.868353e-02,9.162592e-03,7.455606e-03,1.408298e-02,1.266462e-01,6.004134e-04,1.483644e-03,1.477093e-01,1.076507e-02,6.082723e-02,4.451405e-01,1.020734e-01,6.730946e-03,1.776616e-02
8.626526e-03,5.434164e-02,9.177191e-03,5.345961e-03,1.344414e-02,9.032270e-02,4.828908e-04,1.955752e-03,1.382097e-01,1.099046e-02,6.510101e-02,5.019984e-01,8.222813e-02,5.122350e-03,1.265318e-02
7.328006e-03,4.768252e-02,1.231193e-02,3.992667e-03,1.340945e-02,6.675754e-02,4.020626e-04,4.075582e-03,1.187259e-01,1.005722e-02,6.339340e-02,5.793116e-01,5.947063e-02,3.988741e-03,9.092771e-03
5.773966e-03,3.733008e-02,1.092651e-02,3.045311e-03,1.144765e-02,5.308669e-02,3.036301e-04,3.289373e-03,9.869999e-02,8.477241e-03,5.183872e-02,6.636121e-01,4.273830e-02,2.902899e-03,6.527564e-03
1.117539e-02,2.842629e-02,8.450427e-03,2.613029e-03,1.158414e-02,3.817698e-02,3.377292e-04,4.781444e-03,8.258102e-02,7.059302e-03,4.317015e-02,7.237741e-01,3.086367e-02,2.225208e-03,4.781188e-03
1.293227e-02,2.100355e-02,6.131812e-03,2.290661e-03,1.190310e-02,2.739213e-02,3.804639e-04,4.028720e-03,7.565080e-02,6.120151e-03,3.531181e-02,7.692002e-01,2.245746e-02,1.688029e-03,3.508846e-03
2.114791e-02,2.017916e-02,5.984041e-03,3.192433e-03,6.195344e-02,2.204878e-02,5.153196e-03,5.805496e-03,9.114824e-02,5.085344e-03,2.962735e-02,7.073336e-01,1.639155e-02,1.320453e-03,3.629046e-03
1.861726e-02,1.637437e-02,8.356372e-03,3.723985e-03,8.075310e-02,1.711281e-02,4.250058e-03,1.704980e-02,1.181872e-01,5.006033e-03,2.593148e-02,6.666927e-01,1.381471e-02,1.185246e-03,2.944901e-03
2.409928e-02,1.488084e-02,1.373133e-02,5.527669e-03,8.063900e-02,1.513519e-02,3.933550e-03,4.344632e-02,1.530257e-01,5.511716e-03,2.429373e-02,5.992205e-01,1.295366e-02,1.162866e-03,2.438603e-03
1.899090e-02,1.711173e-02,1.429798e-02,4.899792e-03,6.994228e-02,1.138343e-02,3.184135e-03,1.066200e-01,2.573537e-01,4.953806e-03,2.399092e-02,4.529052e-01,1.112887e-02,1.357354e-03,1.879948e-03
1.483901e-02,2.217767e-02,1.138037e-02,3.880946e-03,6.046471e-02,8.247972e-03,2.397549e-03,8.592276e-02,4.367640e-01,3.783542e-03,1.771953e-02,3.218578e-01,8.082747e-03,1.046868e-03,1.434549e-03
1.091923e-02,3.037311e-02,1.210676e-02,5.088308e-03,4.980258e-02,6.470297e-03,1.739051e-03,6.350220e-02,5.703784e-01,2.831809e-03,1.284825e-02,2.261436e-01,5.856608e-03,7.813860e-04,1.158431e-03
9.302363e-03,3.764237e-02,1.199440e-02,6.047024e-03,4.216082e-02,5.554517e-03,1.302304e-03,4.923747e-02,6.596237e-01,2.135065e-03,9.689126e-03,1.593166e-01,4.266729e-03,6.185178e-04,1.109031e-03
1.186283e-02,3.549710e-02,2.405125e-02,1.938817e-02,4.162655e-02,4.841641e-03,1.155726e-03,4.125995e-02,6.902325e-01,2.371784e-03,7.994888e-03,1.137793e-01,3.515261e-03,5.203508e-04,1.902662e-03
2.240981e-02,3.275827e-02,1.914479e-02,2.002609e-02,3.642203e-02,4.491788e-03,1.052249e-03,6.275222e-02,7.056811e-01,2.390981e-03,6.834388e-03,8.100808e-02,2.778622e-03,6.972892e-04,1.552341e-03
2.998641e-02,3.926677e-02,1.583982e-02,1.618661e-02,4.297919e-02,5.238818e-03,9.172065e-04,8.270783e-02,6.986195e-01,1.868771e-03,5.232824e-03,5.702985e-02,2.042548e-03,6.852064e-04,1.398617e-03
5.185750e-02,8.521242e-02,1.195004e-02,1.343721e-02,4.961160e-02,8.166226e-03,8.854225e-04,1.291936e-01,5.988708e-01,1.540271e-03,4.355030e-03,4.027912e-02,1.569143e-03,1.525389e-03,1.546249e-03
6.196459e-02,1.412314e-01,9.807616e-03,1.186280e-02,9.261066e-02,8.060753e-03,8.394928e-04,1.514329e-01,4.843434e-01,1.316985e-03,3.744714e-03,2.842411e-02,1.278465e-03,1.765937e-03,1.316160e-03
7.482069e-02,1.681682e-01,9.986192e-03,1.107376e-02,1.352194e-01,1.155476e-02,6.750837e-04,1.167435e-01,4.428777e-01,1.413260e-03,3.160187e-03,2.010981e-02,1.072045e-03,1.770733e-03,1.354643e-03
7.374497e-02,1.450776e-01,7.807728e-03,2.874438e-02,1.857848e-01,8.822344e-03,6.436141e-04,1.590992e-01,3.682655e-01,1.085095e-03,2.710681e-03,1.478218e-02,8.763212e-04,1.334402e-03,1.221183e-03
1.145249e-01,1.907899e-01,9.389173e-03,3.903613e-02,1.983410e-01,1.089793e-02,6.154293e-04,1.209230e-01,2.920816e-01,1.199207e-03,3.328162e-03,1.150590e-02,1.012075e-03,1.674899e-03,4.680638e-03
2.263581e-01,1.903444e-01,9.039918e-03,4.773900e-02,1.559244e-01,2.024391e-02,8.580853e-04,8.941323e-02,2.355774e-01,1.431333e-03,4.115347e-03,1.070289e-02,1.621342e-03,1.719376e-03,4.911269e-03
3.980733e-01,1.455798e-01,8.477901e-03,3.643962e-02,1.131528e-01,1.961211e-02,1.178212e-03,6.385750e-02,1.833314e-01,1.763370e-03,4.640301e-03,1.307853e-02,2.176881e-03,2.316219e-03,6.321983e-03
4.009028e-01,1.118614e-01,1.123123e-02,5.139019e-02,8.205330e-02,2.688131e-02,1.713180e-03,4.552876e-02,1.408038e-01,4.771376e-03,4.366856e-02,5.702885e-02,2.297973e-03,7.039231e-03,1.282810e-02
4.508010e-01,8.905129e-02,1.172745e-02,6.827693e-02,5.923060e-02,2.227706e-02,1.601648e-03,3.360331e-02,1.022927e-01,3.788588e-03,4.827543e-02,8.560942e-02,2.573674e-03,8.345746e-03,1.254516e-02
1.000000e+00,0.000000e+00,0.000000e+00,0.000000e+00,0.000000e+00,0.000000e+00,0.000000e+00,0.000000e+00,0.000000e+00,0.000000e+00,0.000000e+00,0.000000e+00,0.000000e+00,0.000000e+00,0.000000e+00
1.000000e+00,0.000000e+00,0.000000e+00,0.000000e+00,0.000000e+00,0.000000e+00,0.000000e+00,0.000000e+00,0.000000e+00,0.000000e+00,0.000000e+00,0.000000e+00,0.000000e+00,0.000000e+00,0.000000e+00
4.085491e-01,3.765561e-02,8.869512e-03,5.419999e-02,4.713307e-02,2.141797e-02,2.103758e-03,1.418627e-02,3.806932e-02,2.238085e-03,9.609387e-02,2.283927e-01,1.920878e-03,3.283959e-02,6.330342e-03
2.940730e-01,2.984174e-02,7.649206e-03,4.114220e-02,6.639019e-02,2.518746e-02,3.049353e-03,1.021875e-02,2.870449e-02,2.258699e-03,1.660480e-01,2.904013e-01,2.165358e-03,2.617318e-02,6.696961e-03
2.110837e-01,2.588964e-02,7.629569e-03,2.976773e-02,7.490824e-02,2.171479e-02,2.715647e-03,8.128541e-03,2.206810e-02,2.212598e-03,1.963890e-01,3.669748e-01,2.052485e-03,2.231316e-02,6.152050e-03
1.731942e-01,2.137807e-02,6.740029e-03,2.243263e-02,8.750862e-02,2.103996e-02,2.359496e-03,7.688829e-03,1.760964e-02,2.166987e-03,1.796400e-01,4.331962e-01,1.976370e-03,1.811394e-02,4.955037e-03
1.335180e-01,1.832518e-02,6.008074e-03,1.678070e-02,8.282067e-02,2.092883e-02,2.386396e-03,5.832926e-03,1.333150e-02,2.283952e-03,2.127105e-01,4.651319e-01,1.840681e-03,1.352010e-02,4.580578e-03
9.524231e-02,1.350846e-02,4.313108e-03,1.187469e-02,6.370616e-02,1.761818e-02,2.040542e-03,4.167741e-03,1.037079e-02,1.961749e-03,3.326616e-01,4.262010e-01,2.058550e-03,1.065646e-02,3.618626e-03
6.978649e-02,1.001032e-02,3.119385e-03,8.521195e-03,5.049255e-02,1.953284e-02,2.539541e-03,3.191264e-03,8.900491e-03,1.964652e-03,4.163382e-01,3.911380e-01,2.350781e-03,8.986257e-03,3.127986e-03
5.228728e-02,8.453623e-03,2.712820e-03,6.150472e-03,4.870660e-02,1.797454e-02,4.873087e-03,3.724825e-03,1.429823e-02,2.117033e-03,4.462817e-01,3.795721e-01,2.065402e-03,7.508770e-03,3.273477e-03
4.443904e-02,8.350317e-03,2.704603e-03,5.176398e-03,4.583647e-02,2.363187e-02,6.942819e-03,4.309706e-03,1.269902e-02,2.169974e-03,4.898845e-01,3.416263e-01,2.356145e-03,5.994089e-03,3.878777e-03
3.293741e-02,8.817097e-03,2.351776e-03,4.022636e-03,3.710415e-02,2.475147e-02,6.442173e-03,3.825926e-03,1.157039e-02,1.696021e-03,5.955085e-01,2.601641e-01,2.486109e-03,4.429313e-03,3.892894e-03
2.437839e-02,1.395444e-02,6.589528e-03,3.891338e-03,3.484493e-02,3.536920e-02,5.844629e-03,3.091665e-03,9.295048e-03,1.396461e-03,6.457126e-01,2.025625e-01,3.418431e-03,3.486741e-03,6.164116e-03
1.828026e-02,1.836903e-02,1.330969e-02,3.817752e-03,3.620727e-02,5.209263e-02,5.715442e-03,2.534990e-03,7.960258e-03,1.265809e-03,6.656036e-01,1.585177e-01,4.263902e-03,2.996198e-03,9.065497e-03
1.447269e-02,2.664863e-02,8.187013e-02,6.125612e-03,7.206963e-02,3.914422e-02,4.709054e-03,1.359123e-02,1.265042e-02,1.537346e-03,5.842305e-01,1.162095e-01,5.275891e-03,2.482110e-03,1.898300e-02
1.435560e-02,2.460825e-02,1.204200e-01,6.677087e-03,8.122306e-02,3.424825e-02,4.117616e-03,2.294755e-02,2.008685e-02,1.579163e-03,5.501842e-01,9.009530e-02,5.965725e-03,2.414202e-03,2.107713e-02
1.512175e-02,1.822456e-02,1.195768e-01,8.064710e-03,1.919170e-01,2.527644e-02,4.865731e-03,2.268405e-02,1.757262e-02,1.326322e-03,4.842923e-01,6.702904e-02,6.307425e-03,2.077437e-03,1.566388e-02
1.876136e-02,1.421643e-02,2.502038e-01,3.395876e-02,1.937436e-01,1.884721e-02,4.069562e-03,2.533791e-02,1.534691e-02,1.226522e-03,3.569894e-01,4.815329e-02,4.716847e-03,1.593511e-03,1.283486e-02
3.021511e-02,1.195327e-02,2.972459e-01,6.254160e-02,2.152423e-01,1.517443e-02,6.501744e-03,2.813943e-02,1.510549e-02,1.352545e-03,2.641704e-01,3.461792e-02,3.736509e-03,1.254925e-03,1.274834e-02
4.992588e-02,1.624734e-02,2.562412e-01,1.006107e-01,2.472966e-01,1.619592e-02,1.136497e-02,3.277210e-02,1.380464e-02,1.412602e-03,2.123758e-01,2.533526e-02,3.169297e-03,1.159499e-03,1.208819e-02
6.472514e-02,2.107600e-02,1.974079e-01,1.264505e-01,3.006480e-01,1.756329e-02,2.045212e-02,3.137122e-02,1.461844e-02,1.465909e-03,1.710646e-01,1.860960e-02,3.057639e-03,1.159388e-03,1.033023e-02
1.006072e-01,2.651105e-02,1.429692e-01,1.273412e-01,3.403772e-01,2.115772e-02,3.095632e-02,3.459246e-02,1.618195e-02,1.473727e-03,1.290415e-01,1.653168e-02,2.844746e-03,1.309691e-03,8.104292e-03
1.036356e-01,2.345881e-02,1.010284e-01,1.011231e-01,3.262602e-01,1.585595e-01,2.585278e-02,2.840827e-02,1.471578e-02,1.575824e-03,9.211334e-02,1.203932e-02,2.865118e-03,1.672408e-03,6.691488e-03
8.750590e-02,1.762993e-02,7.086837e-02,7.650080e-02,2.432332e-01,3.642453e-01,1.970901e-02,2.107997e-02,1.190247e-02,2.154296e-03,6.563342e-02,8.540095e-03,2.684255e-03,1.828115e-03,6.484938e-03
7.868029e-02,1.432585e-02,5.139122e-02,5.754038e-02,1.851095e-01,4.696497e-01,1.468633e-02,1.715732e-02,1.066564e-02,2.317622e-02,4.680489e-02,6.148621e-03,2.616450e-03,3.113982e-03,1.893359e-02
6.950274e-02,1.241547e-02,3.937611e-02,4.386109e-02,1.366652e-01,4.700581e-01,1.083769e-02,1.377708e-02,1.644927e-02,1.082955e-01,3.359411e-02,4.568130e-03,2.661671e-03,3.593738e-03,3.434414e-02
6.368658e-02,1.131547e-02,2.924789e-02,3.146405e-02,9.953263e-02,3.796906e-01,7.698529e-03,9.987270e-03,2.369305e-02,2.434076e-01,2.616753e-02,3.376310e-03,2.112567e-03,1.243103e-02,5.618895e-02
5.228215e-02,1.268335e-02,5.390117e-02,2.900608e-02,7.270728e-02,2.915775e-01,5.623096e-03,8.094159e-03,3.237466e-02,2.393003e-01,1.971244e-02,2.809216e-03,2.270431e-03,1.407211e-02,1.635861e-01
3.794072e-02,1.244392e-02,3.989973e-02,2.280192e-02,5.125631e-02,2.068906e-01,3.991998e-03,5.820015e-03,7.417661e-02,2.024110e-01,2.989987e-02,5.118483e-03,2.154196e-03,3.317951e-02,2.720152e-01
2.834330e-02,1.191488e-02,2.939766e-02,2.448395e-02,3.644555e-02,1.466282e-01,2.846973e-03,4.258886e-03,8.529131e-02,1.488506e-01,2.076628e-01,6.667046e-03,3.308034e-03,3.583027e-02,2.280706e-01
2.071755e-02,1.055368e-02,2.075651e-02,2.014825e-02,2.568880e-02,1.040573e-01,2.022682e-03,3.061423e-03,9.519976e-02,1.082724e-01,3.366819e-01,1.009507e-02,4.297821e-03,3.737844e-02,2.010685e-01
1.501175e-02,7.700553e-03,1.474507e-02,1.509369e-02,1.806484e-02,7.714567e-02,1.445894e-03,2.197220e-03,6.933036e-02,7.650129e-02,5.126100e-01,1.275510e-02,3.290188e-03,3.061116e-02,1.434972e-01
1.066265e-02,5.646546e-03,1.035287e-02,1.093346e-02,1.269053e-02,5.574755e-02,1.046862e-03,1.550374e-03,4.942342e-02,5.405406e-02,6.489765e-01,1.214507e-02,2.522643e-03,2.310396e-02,1.011435e-01
7.661735e-03,4.122318e-03,7.313794e-03,7.993801e-03,8.952292e-03,4.135427e-02,7.557616e-04,1.098760e-03,3.514754e-02,3.812360e-02,7.417759e-01,1.446754e-02,1.999639e-03,1.746747e-02,7.176555e-02
5.649424e-03,3.193327e-03,5.248727e-03,5.832767e-03,6.423274e-03,3.283590e-02,5.933584e-04,8.436579e-04,2.505323e-02,2.682695e-02,7.936096e-01,2.792062e-02,1.593794e-03,1.318339e-02,5.119199e-02
4.267697e-03,2.842689e-03,3.845721e-03,4.626236e-03,5.259484e-03,2.566663e-02,7.138879e-04,7.544722e-04,2.023958e-02,1.963857e-02,7.942287e-01,6.434745e-02,1.341599e-03,1.159141e-02,4.063585e-02
1.348096e-02,3.537498e-03,8.079682e-03,6.318916e-03,2.011059e-02,2.153065e-02,4.157074e-03,5.901611e-02,3.525001e-02,1.490051e-02,6.302330e-01,1.388842e-01,1.372972e-03,1.294425e-02,3.018364e-02
1.532546e-02,3.749873e-03,6.331157e-03,5.544934e-03,2.026279e-02,1.686408e-02,3.536844e-03,5.451697e-02,3.483177e-02,1.112147e-02,6.338194e-01,1.551044e-01,1.119406e-03,1.416057e-02,2.371088e-02
1.802665e-02,4.918409e-03,6.241456e-03,5.045414e-03,3.590862e-02,1.290466e-02,3.148529e-03,4.902354e-02,3.894263e-02,8.671739e-03,5.972289e-01,1.832751e-01,1.178247e-03,1.790500e-02,1.758108e-02
1.950113e-02,8.343713e-03,5.817019e-03,4.267085e-03,3.039883e-02,1.019424e-02,2.648819e-03,4.519789e-02,5.717139e-02,7.283610e-03,5.803159e-01,1.910866e-01,1.119750e-03,2.347041e-02,1.318350e-02
1.789434e-02,8.205565e-03,5.498117e-03,3.638177e-03,2.438440e-02,7.894056e-03,2.145760e-03,3.916707e-02,6.756783e-02,5.897744e-03,5.986423e-01,1.813307e-01,9.596769e-04,2.684546e-02,9.928774e-03
1.334733e-02,8.124035e-03,7.348414e-03,3.557996e-03,5.057799e-02,6.385757e-03,2.910281e-03,4.274088e-02,8.228183e-02,5.025093e-03,4.914895e-01,2.507909e-01,8.602209e-04,2.749278e-02,7.066965e-03
1.215078e-02,8.189340e-03,9.015687e-03,3.448648e-03,1.227012e-01,8.204491e-03,3.580956e-03,5.247170e-02,8.161989e-02,4.537404e-03,4.181365e-01,2.431023e-01,7.604947e-04,2.683305e-02,5.247610e-03
1.461239e-02,8.993366e-03,2.271303e-02,4.963738e-03,1.415088e-01,7.566002e-03,6.466419e-03,8.413413e-02,7.439314e-02,4.703505e-03,3.662726e-01,2.359956e-01,8.810379e-04,2.265985e-02,4.136296e-03
3.503906e-02,9.548446e-03,3.334343e-02,8.502001e-03,1.198914e-01,9.604879e-03,6.188283e-03,1.410803e-01,6.370664e-02,5.066067e-03,3.520021e-01,1.953844e-01,8.784748e-04,1.643792e-02,3.326603e-03
4.401419e-02,1.183041e-02,3.751521e-02,8.888472e-03,1.007800e-01,9.381123e-03,5.319476e-03,1.469276e-01,8.437274e-02,5.138254e-03,3.648527e-01,1.650788e-01,9.944650e-04,1.200106e-02,2.905526e-03
4.143799e-02,1.236034e-02,6.317396e-02,2.239154e-02,9.395455e-02,9.549377e-03,4.119605e-03,1.211473e-01,1.307559e-01,5.149534e-03,3.588989e-01,1.242115e-01,1.135801e-03,9.113225e-03,2.600535e-03
3.866351e-02,2.446089e-02,1.351456e-01,3.038124e-02,8.762500e-02,1.553537e-02,3.022110e-03,9.017141e-02,1.866771e-01,1.168747e-02,2.609775e-01,9.429839e-02,3.822531e-03,1.011307e-02,7.418810e-03
3.837853e-02,2.830903e-02,1.635783e-01,5.434929e-02,1.160587e-01,1.246437e-02,2.217446e-03,9.544978e-02,2.044950e-01,1.103853e-02,1.871980e-01,6.763754e-02,3.736839e-03,8.050465e-03,7.038200e-03
3.645163e-02,2.357640e-02,2.309816e-01,1.542916e-01,9.266948e-02,9.484547e-03,1.603117e-03,8.058413e-02,1.639689e-01,9.283188e-03,1.336869e-01,4.863885e-02,3.182751e-03,6.297054e-03,5.299957e-03
4.394508e-02,3.869600e-02,2.520968e-01,1.582035e-01,8.000737e-02,8.615930e-03,1.242402e-03,7.559893e-02,1.758042e-01,1.497369e-02,9.639277e-02,3.701532e-02,3.005543e-03,7.913036e-03,6.489505e-03
4.585848e-02,3.315115e-02,2.779069e-01,1.744536e-01,1.076023e-01,6.627278e-03,1.011177e-03,9.833692e-02,1.326049e-01,1.195081e-02,6.928694e-02,2.684367e-02,2.562249e-03,6.310800e-03,5.492786e-03
7.945883e-02,2.913800e-02,2.597051e-01,1.708040e-01,1.036099e-01,5.898559e-03,1.190857e-03,8.764140e-02,1.309336e-01,9.900074e-03,5.369325e-02,2.092534e-02,3.185853e-03,1.771449e-02,2.620087e-02
9.184085e-02,2.346218e-02,2.241376e-01,2.071324e-01,1.123869e-01,4.686698e-03,1.271105e-03,1.342702e-01,1.007939e-01,8.098703e-03,3.894700e-02,1.570681e-02,2.827385e-03,1.324638e-02,2.119192e-02
1.723399e-01,1.853887e-02,1.798840e-01,2.259596e-01,1.036258e-01,4.207882e-03,1.279536e-03,1.389041e-01,7.598270e-02,6.257677e-03,2.948456e-02,1.196832e-02,2.845955e-03,1.068349e-02,1.803753e-02
2.579343e-01,1.782785e-02,1.513979e-01,1.877646e-01,1.173646e-01,6.914074e-03,1.705232e-03,1.162447e-01,6.284697e-02,5.547090e-03,2.463887e-02,1.081842e-02,5.143858e-03,1.218680e-02,2.166474e-02
3.577847e-01,1.423234e-02,1.122275e-01,1.543995e-01,1.120199e-01,1.038293e-02,2.434374e-03,1.134915e-01,5.188277e-02,4.672112e-03,2.182751e-02,1.049310e-02,6.813076e-03,9.581091e-03,1.775756e-02
3.975326e-01,1.234925e-02,9.424594e-02,1.201208e-01,9.780354e-02,1.796664e-02,9.362009e-03,9.962923e-02,4.925364e-02,6.175683e-03,2.013709e-02,2.576067e-02,1.636714e-02,1.209619e-02,2.119950e-02
3.430960e-01,1.361662e-02,1.373622e-01,1.395403e-01,8.836363e-02,2.330683e-02,9.333861e-03,9.021731e-02,5.417823e-02,8.242367e-03,1.693956e-02,2.743463e-02,1.465821e-02,9.829741e-03,2.388056e-02
4.075444e-01,1.711532e-02,1.242175e-01,1.056888e-01,6.823350e-02,2.300199e-02,8.184137e-03,6.868087e-02,5.156603e-02,1.021237e-02,1.609348e-02,3.036449e-02,1.668750e-02,1.618999e-02,3.621951e-02
4.491827e-01,1.729114e-02,1.104049e-01,8.423162e-02,5.109970e-02,2.038777e-02,7.561684e-03,5.269918e-02,5.969962e-02,1.409083e-02,1.875072e-02,3.383544e-02,2.177557e-02,1.417292e-02,4.481615e-02
4.215955e-01,1.341631e-02,2.037680e-01,7.267318e-02,3.865368e-02,1.777794e-02,5.828219e-03,3.921660e-02,5.401684e-02,1.266576e-02,1.744764e-02,2.790069e-02,2.147322e-02,1.174208e-02,4.182434e-02
4.163361e-01,1.230104e-02,1.740581e-01,6.356577e-02,3.083155e-02,2.242666e-02,4.407403e-03,2.970981e-02,5.130151e-02,1.570956e-02,2.138265e-02,2.915460e-02,8.137225e-02,1.342676e-02,3.401628e-02
4.315163e-01,1.288397e-02,1.442287e-01,6.323810e-02,2.432980e-02,2.335071e-02,4.099673e-03,2.441673e-02,6.055359e-02,1.624016e-02,1.933190e-02,2.682142e-02,1.034250e-01,1.256252e-02,3.300134e-02
4.273308e-01,2.636137e-02,1.173284e-01,5.236596e-02,2.273330e-02,2.409317e-02,3.926810e-03,2.050654e-02,1.027922e-01,1.629939e-02,1.567886e-02,2.295574e-02,1.055388e-01,1.061461e-02,3.147390e-02
3.674327e-01,2.977008e-02,1.351253e-01,6.083357e-02,1.958142e-02,2.229511e-02,4.313393e-03,1.868147e-02,1.678415e-01,1.455031e-02,1.227142e-02,1.716816e-02,9.381479e-02,8.024770e-03,2.829595e-02
3.703588e-01,2.632788e-02,1.361715e-01,6.759865e-02,2.209894e-02,2.566247e-02,4.339380e-03,1.761150e-02,1.562099e-01,1.246151e-02,1.736662e-02,1.565945e-02,8.810309e-02,9.094814e-03,3.093549e-02
3.036744e-01,2.112585e-02,1.724807e-01,1.399474e-01,1.911852e-02,2.131733e-02,3.561620e-03,2.067669e-02,1.392162e-01,1.211735e-02,1.807987e-02,1.538747e-02,7.440393e-02,7.212547e-03,3.168011e-02
2.445569e-01,1.554522e-02,1.687597e-01,1.020787e-01,1.573024e-02,1.762351e-02,3.564618e-03,1.975436e-01,1.030098e-01,8.908396e-03,1.654945e-02,1.434013e-02,6.055509e-02,5.298422e-03,2.593618e-02
2.822642e-01,1.150029e-02,1.256044e-01,7.421037e-02,1.382985e-02,1.602825e-02,5.718600e-03,2.985267e-01,7.376716e-02,6.435601e-03,1.356230e-02,1.130383e-02,4.445615e-02,3.848248e-03,1.894407e-02
3.232304e-01,8.703156e-03,9.108459e-02,5.303858e-02,1.248708e-02,1.391522e-02,6.514501e-03,3.652242e-01,5.252434e-02,4.634595e-03,1.055689e-02,8.525193e-03,3.290533e-02,2.841800e-03,1.381414e-02
3.268440e-01,6.657408e-03,6.462427e-02,3.795214e-02,1.115662e-02,1.761292e-02,9.276304e-03,4.326591e-01,3.736422e-02,3.624019e-03,9.174198e-03,6.610566e-03,2.418758e-02,2.078895e-03,1.017778e-02
2.918431e-01,5.109222e-03,4.572747e-02,2.745317e-02,1.129893e-02,2.140279e-02,1.068951e-02,5.156573e-01,2.660795e-02,2.639161e-03,7.747548e-03,5.789794e-03,1.897086e-02,1.549879e-03,7.513409e-03
2.415386e-01,4.084485e-03,3.259508e-02,1.991879e-02,1.257851e-02,2.383908e-02,1.068045e-02,5.999699e-01,1.890125e-02,1.901623e-03,6.252066e-03,4.904086e-03,1.609539e-02,1.230551e-03,5.510152e-03
1.838430e-01,3.143439e-03,2.294422e-02,1.428686e-02,1.412599e-02,1.839417e-02,8.217088e-03,6.951761e-01,1.341390e-02,1.337883e-03,4.601891e-03,3.750179e-03,1.194328e-02,8.986613e-04,3.923282e-03
1.388489e-01,2.689469e-03,1.620338e-02,1.032659e-02,1.835415e-02,1.374870e-02,6.433992e-03,7.638581e-01,9.900689e-03,9.431910e-04,3.414282e-03,2.963295e-03,8.845828e-03,6.598317e-04,2.809549e-03
1.119448e-01,2.443876e-03,1.178337e-02,8.146279e-03,1.740191e-02,1.061605e-02,5.393396e-03,8.056359e-01,7.554404e-03,7.362725e-04,3.468305e-03,3.890818e-03,7.877777e-03,7.045356e-04,2.402246e-03
1.001120e-01,2.254415e-03,9.969595e-03,7.397737e-03,1.575642e-02,9.389983e-03,4.381716e-03,8.281702e-01,6.250199e-03,7.852032e-04,2.896669e-03,3.724675e-03,5.967785e-03,5.943552e-04,2.349004e-03
1.027746e-01,2.251516e-03,7.554003e-03,8.968861e-03,2.004187e-02,8.280907e-03,3.177103e-03,8.252602e-01,7.037569e-03,6.916576e-04,2.604560e-03,3.984811e-03,4.726879e-03,5.320209e-04,2.113531e-03
1.057530e-01,2.497289e-03,6.071184e-03,1.791310e-02,1.990593e-02,7.225527e-03,2.426253e-03,8.019831e-01,1.293979e-02,1.518862e-03,4.386704e-03,9.730995e-03,4.865464e-03,7.228631e-04,2.059964e-03
1.084348e-01,2.474520e-03,5.294460e-03,1.924475e-02,1.670462e-02,1.353175e-02,2.427524e-03,6.487371e-01,3.046100e-02,1.534591e-02,5.515386e-02,6.490039e-02,9.192357e-03,5.063084e-03,3.033874e-03
1.202541e-01,2.611103e-03,4.146916e-03,1.644364e-02,1.274337e-02,1.289729e-02,2.070152e-03,4.781050e-01,2.686906e-02,1.157417e-02,1.484241e-01,1.405003e-01,9.221200e-03,1.143594e-02,2.703728e-03
1.102818e-01,2.381951e-03,3.256077e-03,1.301115e-02,1.142627e-02,9.899986e-03,1.574239e-03,3.389814e-01,2.090258e-02,8.707958e-03,2.746544e-01,1.787772e-01,7.412871e-03,1.665977e-02,2.072439e-03
1.321482e-01,2.617579e-03,2.797683e-03,1.022385e-02,1.080685e-02,8.666361e-03,1.192657e-03,2.398688e-01,1.704907e-02,6.467332e-03,3.576093e-01,1.856848e-01,5.989632e-03,1.719888e-02,1.679010e-03
1.449434e-01,3.015532e-03,2.273196e-03,7.534657e-03,9.160470e-03,8.487154e-03,8.972121e-04,1.700281e-01,1.258505e-02,4.825628e-03,4.435032e-01,1.725817e-01,4.950842e-03,1.380665e-02,1.407258e-03
1.553578e-01,4.088491e-03,2.679860e-03,6.463556e-03,9.945191e-03,1.138905e-02,7.870133e-04,1.216067e-01,1.050106e-02,3.543629e-03,4.341648e-01,2.212781e-01,4.794898e-03,1.206673e-02,1.333091e-03
1.870750e-01,6.336933e-03,3.761348e-03,5.976403e-03,1.176373e-02,1.353011e-02,8.555565e-04,8.924839e-02,9.664956e-03,2.580484e-03,4.335118e-01,2.191876e-01,4.342795e-03,1.077064e-02,1.394277e-03
2.529508e-01,9.747694e-03,6.696606e-03,6.554794e-03,1.446360e-02,1.459424e-02,9.270556e-04,6.720600e-02,9.172400e-03,2.116223e-03,4.204935e-01,1.774452e-01,4.085988e-03,1.148859e-02,2.057259e-03
2.180199e-01,1.092901e-02,9.368729e-03,1.061114e-02,1.423718e-02,1.673995e-02,8.623124e-04,4.761086e-02,8.302550e-03,1.940547e-03,4.982709e-01,1.463196e-01,3.478409e-03,1.001969e-02,3.289309e-03
1.670077e-01,8.962713e-03,7.974099e-03,9.579292e-03,1.614270e-02,1.611442e-02,8.845589e-04,3.365161e-02,7.577355e-03,1.548141e-03,5.942023e-01,1.215200e-01,3.002367e-03,8.959669e-03,2.873093e-03
1.476572e-01,9.016648e-03,7.674327e-03,1.102412e-02,2.168455e-02,1.503695e-02,8.746684e-04,2.419809e-02,1.077598e-02,1.481961e-03,6.173670e-01,1.150671e-01,2.587395e-03,1.258072e-02,2.973253e-03
1.445332e-01,9.791179e-03,8.307251e-03,1.753677e-02,5.464638e-02,1.377158e-02,1.088924e-03,2.086091e-02,1.370590e-02,1.384871e-03,5.809231e-01,1.132060e-01,2.723595e-03,1.411462e-02,3.405642e-03
1.378948e-01,1.730126e-02,6.871846e-03,1.600605e-02,4.150312e-02,1.236510e-02,8.509489e-04,1.543579e-02,3.020500e-02,2.277255e-03,5.616369e-01,1.332131e-01,2.834408e-03,1.687742e-02,4.727141e-03
1.547199e-01,1.995585e-02,7.926782e-03,2.652576e-02,4.026868e-02,1.227702e-02,1.030326e-03,1.913605e-02,7.055259e-02,3.250394e-03,4.617476e-01,1.574240e-01,2.918003e-03,1.609596e-02,6.171180e-03
1.507077e-01,2.708635e-02,7.549860e-03,2.822606e-02,4.152709e-02,1.388180e-02,1.013952e-03,1.753413e-02,1.262164e-01,3.933750e-03,3.820382e-01,1.718657e-01,3.772084e-03,1.439934e-02,1.024758e-02
1.874477e-01,2.278158e-02,8.694919e-03,3.944705e-02,4.102267e-02,2.756203e-02,1.620337e-03,3.202205e-02,1.671828e-01,3.779695e-03,2.996100e-01,1.434902e-01,4.279716e-03,1.088429e-02,1.017514e-02
2.687689e-01,2.502967e-02,2.616832e-02,4.898826e-02,3.445657e-02,2.250440e-02,1.613982e-03,2.881340e-02,1.509414e-01,9.099726e-03,2.292914e-01,1.248262e-01,4.713343e-03,9.837689e-03,1.494692e-02
3.027516e-01,2.613582e-02,3.018194e-02,8.894023e-02,3.259537e-02,2.083672e-02,3.143760e-03,3.091991e-02,1.541705e-01,8.451436e-03,1.714833e-01,9.917442e-02,5.869356e-03,7.933259e-03,1.741244e-02
3.369948e-01,2.767337e-02,2.512814e-02,8.219355e-02,3.161284e-02,1.928760e-02,3.145150e-03,2.726448e-02,1.455230e-01,6.871662e-03,1.629301e-01,9.837521e-02,7.195793e-03,7.466787e-03,1.833767e-02
2.909487e-01,2.929147e-02,2.567941e-02,1.534003e-01,2.742345e-02,1.952575e-02,3.228473e-03,3.104547e-02,1.870471e-01,5.652521e-03,1.163054e-01,7.471733e-02,7.581569e-03,5.544296e-03,2.260876e-02
3.873786e-01,2.659023e-02,2.231882e-02,1.381062e-01,2.543149e-02,2.113138e-02,3.773629e-03,2.510178e-02,1.428143e-01,4.556064e-03,9.134467e-02,7.510802e-02,1.089488e-02,4.740413e-03,2.070962e-02
