1.000000e+00,0.000000e+00,0.000000e+00,0.000000e+00,0.000000e+00,0.000000e+00,0.000000e+00,0.000000e+00,0.000000e+00,0.000000e+00,0.000000e+00,0.000000e+00,0.000000e+00,0.000000e+00,0.000000e+00
1.000000e+00,0.000000e+00,0.000000e+00,0.000000e+00,0.000000e+00,0.000000e+00,0.000000e+00,0.000000e+00,0.000000e+00,0.000000e+00,0.000000e+00,0.000000e+00,0.000000e+00,0.000000e+00,0.000000e+00
1.000000e+00,0.000000e+00,0.000000e+00,0.000000e+00,0.000000e+00,0.000000e+00,0.000000e+00,0.000000e+00,0.000000e+00,0.000000e+00,0.000000e+00,0.000000e+00,0.000000e+00,0.000000e+00,0.000000e+00
1.000000e+00,0.000000e+00,0.000000e+00,0.000000e+00,0.000000e+00,0.000000e+00,0.000000e+00,0.000000e+00,0.000000e+00,0.000000e+00,0.000000e+00,0.000000e+00,0.000000e+00,0.000000e+00,0.000000e+00
1.000000e+00,0.000000e+00,0.000000e+00,0.000000e+00,0.000000e+00,0.000000e+00,0.000000e+00,0.000000e+00,0.000000e+00,0.000000e+00,0.000000e+00,0.000000e+00,0.000000e+00,0.000000e+00,0.000000e+00
1.000000e+00,0.000000e+00,0.000000e+00,0.000000e+00,0.000000e+00,0.000000e+00,0.000000e+00,0.000000e+00,0.000000e+00,0.000000e+00,0.000000e+00,0.000000e+00,0.000000e+00,0.000000e+00,0.000000e+00
1.000000e+00,0.000000e+00,0.000000e+00,0.000000e+00,0.000000e+00,0.000000e+00,0.000000e+00,0.000000e+00,0.000000e+00,0.000000e+00,0.000000e+00,0.000000e+00,0.000000e+00,0.000000e+00,0.000000e+00
1.000000e+00,0.000000e+00,0.000000e+00,0.000000e+00,0.000000e+00,0.000000e+00,0.000000e+00,0.000000e+00,0.000000e+00,0.000000e+00,0.000000e+00,0.000000e+00,0.000000e+00,0.000000e+00,0.000000e+00
1.000000e+00,0.000000e+00,0.000000e+00,0.000000e+00,0.000000e+00,0.000000e+00,0.000000e+00,0.000000e+00,0.000000e+00,0.000000e+00,0.000000e+00,0.000000e+00,0.000000e+00,0.000000e+00,0.000000e+00
1.000000e+00,0.000000e+00,0.000000e+00,0.000000e+00,0.000000e+00,0.000000e+00,0.000000e+00,0.000000e+00,0.000000e+00,0.000000e+00,0.000000e+00,0.000000e+00,0.000000e+00,0.000000e+00,0.000000e+00
1.000000e+00,0.000000e+00,0.000000e+00,0.000000e+00,0.000000e+00,0.000000e+00,0.000000e+00,0.000000e+00,0.000000e+00,0.000000e+00,0.000000e+00,0.000000e+00,0.000000e+00,0.000000e+00,0.000000e+00
1.000000e+00,0.000000e+00,0.000000e+00,0.000000e+00,0.000000e+00,0.000000e+00,0.000000e+00,0.000000e+00,0.000000e+00,0.000000e+00,0.000000e+00,0.000000e+00,0.000000e+00,0.000000e+00,0.000000e+00
1.000000e+00,0.000000e+00,0.000000e+00,0.000000e+00,0.000000e+00,0.000000e+00,0.000000e+00,0.000000e+00,0.000000e+00,0.000000e+00,0.000000e+00,0.000000e+00,0.000000e+00,0.000000e+00,0.000000e+00
1.000000e+00,0.000000e+00,0.000000e+00,0.000000e+00,0.000000e+00,0.000000e+00,0.000000e+00,0.000000e+00,0.000000e+00,0.000000e+00,0.000000e+00,0.000000e+00,0.000000e+00,0.000000e+00,0.000000e+00
1.000000e+00,0.000000e+00,0.000000e+00,0.000000e+00,0.000000e+00,0.000000e+00,0.000000e+00,0.000000e+00,0.000000e+00,0.000000e+00,0.000000e+00,0.000000e+00,0.000000e+00,0.000000e+00,0.000000e+00
1.000000e+00,0.000000e+00,0.000000e+00,0.000000e+00,0.000000e+00,0.000000e+00,0.000000e+00,0.000000e+00,0.000000e+00,0.000000e+00,0.000000e+00,0.000000e+00,0.000000e+00,0.000000e+00,0.000000e+00
1.000000e+00,0.000000e+00,0.000000e+00,0.000000e+00,0.000000e+00,0.000000e+00,0.000000e+00,0.000000e+00,0.000000e+00,0.000000e+00,0.000000e+00,0.000000e+00,0.000000e+00,0.000000e+00,0.000000e+00
1.000000e+00,0.000000e+00,0.000000e+00,0.000000e+00,0.000000e+00,0.000000e+00,0.000000e+00,0.000000e+00,0.000000e+00,0.000000e+00,0.000000e+00,0.000000e+00,0.000000e+00,0.000000e+00,0.000000e+00
1.000000e+00,0.000000e+00,0.000000e+00,0.000000e+00,0.000000e+00,0.000000e+00,0.000000e+00,0.000000e+00,0.000000e+00,0.000000e+00,0.000000e+00,0.000000e+00,0.000000e+00,0.000000e+00,0.000000e+00
1.000000e+00,0.000000e+00,0.000000e+00,0.000000e+00,0.000000e+00,0.000000e+00,0.000000e+00,0.000000e+00,0.000000e+00,0.000000e+00,0.000000e+00,0.000000e+00,0.000000e+00,0.000000e+00,0.000000e+00
1.000000e+00,0.000000e+00,0.000000e+00,0.000000e+00,0.000000e+00,0.000000e+00,0.000000e+00,0.000000e+00,0.000000e+00,0.000000e+00,0.000000e+00,0.000000e+00,0.000000e+00,0.000000e+00,0.000000e+00
1.000000e+00,0.000000e+00,0.000000e+00,0.000000e+00,0.000000e+00,0.000000e+00,0.000000e+00,0.000000e+00,0.000000e+00,0.000000e+00,0.000000e+00,0.000000e+00,0.000000e+00,0.000000e+00,0.000000e+00
1.000000e+00,0.000000e+00,0.000000e+00,0.000000e+00,0.000000e+00,0.000000e+00,0.000000e+00,0.000000e+00,0.000000e+00,0.000000e+00,0.000000e+00,0.000000e+00,0.000000e+00,0.000000e+00,0.000000e+00
1.000000e+00,0.000000e+00,0.000000e+00,0.000000e+00,0.000000e+00,0.000000e+00,0.000000e+00,0.000000e+00,0.000000e+00,0.000000e+00,0.000000e+00,0.000000e+00,0.000000e+00,0.000000e+00,0.000000e+00
1.000000e+00,0.000000e+00,0.000000e+00,0.000000e+00,0.000000e+00,0.000000e+00,0.000000e+00,0.000000e+00,0.000000e+00,0.000000e+00,0.000000e+00,0.000000e+00,0.000000e+00,0.000000e+00,0.000000e+00
1.000000e+00,0.000000e+00,0.000000e+00,0.000000e+00,0.000000e+00,0.000000e+00,0.000000e+00,0.000000e+00,0.000000e+00,0.000000e+00,0.000000e+00,0.000000e+00,0.000000e+00,0.000000e+00,0.000000e+00
1.000000e+00,0.000000e+00,0.000000e+00,0.000000e+00,0.000000e+00,0.000000e+00,0.000000e+00,0.000000e+00,0.000000e+00,0.000000e+00,0.000000e+00,0.000000e+00,0.000000e+00,0.000000e+00,0.000000e+00
1.000000e+00,0.000000e+00,0.000000e+00,0.000000e+00,0.000000e+00,0.000000e+00,0.000000e+00,0.000000e+00,0.000000e+00,0.000000e+00,0.000000e+00,0.000000e+00,0.000000e+00,0.000000e+00,0.000000e+00
1.000000e+00,0.000000e+00,0.000000e+00,0.000000e+00,0.000000e+00,0.000000e+00,0.000000e+00,0.000000e+00,0.000000e+00,0.000000e+00,0.000000e+00,0.000000e+00,0.000000e+00,0.000000e+00,0.000000e+00
1.000000e+00,0.000000e+00,0.000000e+00,0.000000e+00,0.000000e+00,0.000000e+00,0.000000e+00,0.000000e+00,0.000000e+00,0.000000e+00,0.000000e+00,0.000000e+00,0.000000e+00,0.000000e+00,0.000000e+00
1.000000e+00,0.000000e+00,0.000000e+00,0.000000e+00,0.000000e+00,0.000000e+00,0.000000e+00,0.000000e+00,0.000000e+00,0.000000e+00,0.000000e+00,0.000000e+00,0.000000e+00,0.000000e+00,0.000000e+00
1.000000e+00,0.000000e+00,0.000000e+00,0.000000e+00,0.000000e+00,0.000000e+00,0.000000e+00,0.000000e+00,0.000000e+00,0.000000e+00,0.000000e+00,0.000000e+00,0.000000e+00,0.000000e+00,0.000000e+00
1.000000e+00,0.000000e+00,0.000000e+00,0.000000e+00,0.000000e+00,0.000000e+00,0.000000e+00,0.000000e+00,0.000000e+00,0.000000e+00,0.000000e+00,0.000000e+00,0.000000e+00,0.000000e+00,0.000000e+00
1.000000e+00,0.000000e+00,0.000000e+00,0.000000e+00,0.000000e+00,0.000000e+00,0.000000e+00,0.000000e+00,0.000000e+00,0.000000e+00,0.000000e+00,0.000000e+00,0.000000e+00,0.000000e+00,0.000000e+00
1.000000e+00,0.000000e+00,0.000000e+00,0.000000e+00,0.000000e+00,0.000000e+00,0.000000e+00,0.000000e+00,0.000000e+00,0.000000e+00,0.000000e+00,0.000000e+00,0.000000e+00,0.000000e+00,0.000000e+00
1.000000e+00,0.000000e+00,0.000000e+00,0.000000e+00,0.000000e+00,0.000000e+00,0.000000e+00,0.000000e+00,0.000000e+00,0.000000e+00,0.000000e+00,0.000000e+00,0.000000e+00,0.000000e+00,0.000000e+00
1.000000e+00,0.000000e+00,0.000000e+00,0.000000e+00,0.000000e+00,0.000000e+00,0.000000e+00,0.000000e+00,0.000000e+00,0.000000e+00,0.000000e+00,0.000000e+00,0.000000e+00,0.000000e+00,0.000000e+00
1.000000e+00,0.000000e+00,0.000000e+00,0.000000e+00,0.000000e+00,0.000000e+00,0.000000e+00,0.000000e+00,0.000000e+00,0.000000e+00,0.000000e+00,0.000000e+00,0.000000e+00,0.000000e+00,0.000000e+00
1.000000e+00,0.000000e+00,0.000000e+00,0.000000e+00,0.000000e+00,0.000000e+00,0.000000e+00,0.000000e+00,0.000000e+00,0.000000e+00,0.000000e+00,0.000000e+00,0.000000e+00,0.000000e+00,0.000000e+00
1.000000e+00,0.000000e+00,0.000000e+00,0.000000e+00,0.000000e+00,0.000000e+00,0.000000e+00,0.000000e+00,0.000000e+00,0.000000e+00,0.000000e+00,0.000000e+00,0.000000e+00,0.000000e+00,0.000000e+00
1.000000e+00,0.000000e+00,0.000000e+00,0.000000e+00,0.000000e+00,0.000000e+00,0.000000e+00,0.000000e+00,0.000000e+00,0.000000e+00,0.000000e+00,0.000000e+00,0.000000e+00,0.000000e+00,0.000000e+00
1.000000e+00,0.000000e+00,0.000000e+00,0.000000e+00,0.000000e+00,0.000000e+00,0.000000e+00,0.000000e+00,0.000000e+00,0.000000e+00,0.000000e+00,0.000000e+00,0.000000e+00,0.000000e+00,0.000000e+00
1.000000e+00,0.000000e+00,0.000000e+00,0.000000e+00,0.000000e+00,0.000000e+00,0.000000e+00,0.000000e+00,0.000000e+00,0.000000e+00,0.000000e+00,0.000000e+00,0.000000e+00,0.000000e+00,0.000000e+00
1.000000e+00,0.000000e+00,0.000000e+00,0.000000e+00,0.000000e+00,0.000000e+00,0.000000e+00,0.000000e+00,0.000000e+00,0.000000e+00,0.000000e+00,0.000000e+00,0.000000e+00,0.000000e+00,0.000000e+00
1.000000e+00,0.000000e+00,0.000000e+00,0.000000e+00,0.000000e+00,0.000000e+00,0.000000e+00,0.000000e+00,0.000000e+00,0.000000e+00,0.000000e+00,0.000000e+00,0.000000e+00,0.000000e+00,0.000000e+00
1.000000e+00,0.000000e+00,0.000000e+00,0.000000e+00,0.000000e+00,0.000000e+00,0.000000e+00,0.000000e+00,0.000000e+00,0.000000e+00,0.000000e+00,0.000000e+00,0.000000e+00,0.000000e+00,0.000000e+00
1.000000e+00,0.000000e+00,0.000000e+00,0.000000e+00,0.000000e+00,0.000000e+00,0.000000e+00,0.000000e+00,0.000000e+00,0.000000e+00,0.000000e+00,0.000000e+00,0.000000e+00,0.000000e+00,0.000000e+00
1.000000e+00,0.000000e+00,0.000000e+00,0.000000e+00,0.000000e+00,0.000000e+00,0.000000e+00,0.000000e+00,0.000000e+00,0.000000e+00,0.000000e+00,0.000000e+00,0.000000e+00,0.000000e+00,0.000000e+00
1.000000e+00,0.000000e+00,0.000000e+00,0.000000e+00,0.000000e+00,0.000000e+00,0.000000e+00,0.000000e+00,0.000000e+00,0.000000e+00,0.000000e+00,0.000000e+00,0.000000e+00,0.000000e+00,0.000000e+00
1.000000e+00,0.000000e+00,0.000000e+00,0.000000e+00,0.000000e+00,0.000000e+00,0.000000e+00,0.000000e+00,0.000000e+00,0.000000e+00,0.000000e+00,0.000000e+00,0.000000e+00,0.000000e+00,0.000000e+00
1.000000e+00,0.000000e+00,0.000000e+00,0.000000e+00,0.000000e+00,0.000000e+00,0.000000e+00,0.000000e+00,0.000000e+00,0.000000e+00,0.000000e+00,0.000000e+00,0.000000e+00,0.000000e+00,0.000000e+00
1.000000e+00,0.000000e+00,0.000000e+00,0.000000e+00,0.000000e+00,0.000000e+00,0.000000e+00,0.000000e+00,0.000000e+00,0.000000e+00,0.000000e+00,0.000000e+00,0.000000e+00,0.000000e+00,0.000000e+00
4.370134e-01,5.038890e-02,2.703113e-02,1.811370e-01,2.871932e-02,4.026110e-02,1.478541e-02,4.565251e-02,2.952419e-02,3.039692e-03,2.172272e-02,5.644204e-02,2.329692e-02,5.624635e-03,3.536108e-02
3.993462e-01,5.670051e-02,2.491233e-02,1.909682e-01,2.994449e-02,4.098897e-02,1.487120e-02,4.248547e-02,4.038047e-02,3.062545e-03,2.235156e-02,5.811642e-02,2.782920e-02,6.881242e-03,4.116136e-02
3.185080e-01,5.224460e-02,3.925028e-02,2.514544e-01,3.428281e-02,4.044151e-02,1.521678e-02,5.726309e-02,4.113314e-02,2.674684e-03,2.056507e-02,5.897243e-02,2.601440e-02,5.753543e-03,3.622547e-02
3.145742e-01,5.173721e-02,4.293579e-02,2.553406e-01,3.323003e-02,3.919649e-02,1.407023e-02,5.018114e-02,3.948227e-02,2.840413e-03,2.697883e-02,6.106581e-02,2.611992e-02,6.052034e-03,3.619510e-02
3.358498e-01,5.254532e-02,3.852990e-02,2.345202e-01,3.110045e-02,3.728727e-02,1.249688e-02,4.078940e-02,4.000082e-02,3.427760e-03,3.461528e-02,6.193171e-02,2.784969e-02,7.335690e-03,4.171996e-02
4.146134e-01,5.097479e-02,2.985763e-02,1.905244e-01,2.788997e-02,3.425311e-02,1.133490e-02,3.171410e-02,3.397900e-02,3.399638e-03,3.275842e-02,5.824260e-02,2.959601e-02,8.572330e-03,4.228982e-02
4.829283e-01,4.840647e-02,2.391000e-02,1.563805e-01,2.369151e-02,3.230750e-02,1.047066e-02,2.543734e-02,2.882412e-02,3.503653e-03,2.950874e-02,5.285728e-02,3.016078e-02,8.702130e-03,4.291099e-02
1.000000e+00,0.000000e+00,0.000000e+00,0.000000e+00,0.000000e+00,0.000000e+00,0.000000e+00,0.000000e+00,0.000000e+00,0.000000e+00,0.000000e+00,0.000000e+00,0.000000e+00,0.000000e+00,0.000000e+00
1.000000e+00,0.000000e+00,0.000000e+00,0.000000e+00,0.000000e+00,0.000000e+00,0.000000e+00,0.000000e+00,0.000000e+00,0.000000e+00,0.000000e+00,0.000000e+00,0.000000e+00,0.000000e+00,0.000000e+00
1.000000e+00,0.000000e+00,0.000000e+00,0.000000e+00,0.000000e+00,0.000000e+00,0.000000e+00,0.000000e+00,0.000000e+00,0.000000e+00,0.000000e+00,0.000000e+00,0.000000e+00,0.000000e+00,0.000000e+00
1.000000e+00,0.000000e+00,0.000000e+00,0.000000e+00,0.000000e+00,0.000000e+00,0.000000e+00,0.000000e+00,0.000000e+00,0.000000e+00,0.000000e+00,0.000000e+00,0.000000e+00,0.000000e+00,0.000000e+00
1.000000e+00,0.000000e+00,0.000000e+00,0.000000e+00,0.000000e+00,0.000000e+00,0.000000e+00,0.000000e+00,0.000000e+00,0.000000e+00,0.000000e+00,0.000000e+00,0.000000e+00,0.000000e+00,0.000000e+00
1.000000e+00,0.000000e+00,0.000000e+00,0.000000e+00,0.000000e+00,0.000000e+00,0.000000e+00,0.000000e+00,0.000000e+00,0.000000e+00,0.000000e+00,0.000000e+00,0.000000e+00,0.000000e+00,0.000000e+00
4.433487e-01,1.369312e-02,5.833873e-03,4.145413e-02,7.966356e-03,1.325404e-02,2.627299e-03,3.996217e-01,7.144388e-03,1.423879e-03,1.903652e-02,1.617763e-02,1.029768e-02,3.775482e-03,1.434516e-02
3.126007e-01,9.699941e-03,4.398861e-03,2.924644e-02,5.934225e-03,9.754622e-03,1.992780e-03,5.754001e-01,5.023192e-03,1.011625e-03,1.343014e-02,1.142474e-02,7.266198e-03,2.689274e-03,1.012723e-02
2.296107e-01,6.929047e-03,3.506758e-03,2.122394e-02,4.751077e-03,9.041701e-03,1.669499e-03,6.839850e-01,3.653254e-03,7.702427e-04,1.039362e-02,9.126361e-03,6.040054e-03,2.102787e-03,7.195974e-03
1.755973e-01,5.027295e-03,2.846667e-03,1.986313e-02,3.721923e-03,6.768899e-03,1.354553e-03,6.837948e-01,3.551626e-03,1.616684e-03,3.700314e-02,3.510743e-02,1.406376e-02,4.471450e-03,5.211352e-03
1.248719e-01,3.625267e-03,2.146997e-03,2.244276e-02,2.895898e-03,4.909823e-03,9.725366e-04,5.042892e-01,3.329776e-03,1.871972e-03,9.921289e-02,2.063126e-01,1.213044e-02,7.227045e-03,3.761021e-03
9.140603e-02,2.879711e-03,1.661059e-03,1.717488e-02,2.161216e-03,3.754356e-03,7.468076e-04,3.666766e-01,3.257054e-03,5.420101e-03,1.075365e-01,3.597420e-01,1.159563e-02,2.286277e-02,3.125290e-03
7.710487e-02,4.207026e-03,1.776263e-03,3.208457e-02,4.526351e-03,6.080196e-03,7.418112e-04,2.762361e-01,6.457776e-03,4.932486e-03,1.071385e-01,4.382643e-01,1.182008e-02,2.436424e-02,4.265508e-03
6.021649e-02,4.930017e-03,4.531216e-03,3.388110e-02,4.207438e-03,2.502111e-02,6.492957e-04,1.976205e-01,1.065887e-02,4.321764e-03,9.048111e-02,5.260469e-01,1.209617e-02,1.854774e-02,6.790364e-03
4.904262e-02,4.561414e-03,5.341477e-03,3.438963e-02,9.118752e-03,3.395673e-02,6.830322e-04,1.408343e-01,2.019891e-02,3.573947e-03,9.456643e-02,5.690050e-01,1.353939e-02,1.523592e-02,5.952480e-03
7.912433e-02,4.574029e-03,4.653531e-03,2.787641e-02,8.435031e-03,4.461301e-02,7.382021e-04,1.015357e-01,3.091841e-02,3.324836e-03,9.123038e-02,5.708181e-01,1.406379e-02,1.241171e-02,5.682553e-03
7.140694e-02,4.409295e-03,3.750191e-03,2.255233e-02,7.536551e-03,4.309403e-02,9.792658e-04,7.248969e-02,3.208522e-02,3.838475e-03,7.611171e-02,6.181858e-01,1.263914e-02,2.421033e-02,6.711077e-03
7.476930e-02,8.011845e-03,4.637558e-03,2.663182e-02,2.005101e-02,4.545196e-02,1.881385e-03,5.623798e-02,6.288689e-02,4.985500e-03,8.106745e-02,5.649312e-01,1.645268e-02,2.385288e-02,8.150640e-03
8.281101e-02,8.005336e-03,8.716932e-03,2.725673e-02,4.646827e-02,4.836510e-02,2.323542e-03,6.629346e-02,6.858884e-02,5.500711e-03,6.904319e-02,5.151719e-01,2.408632e-02,2.090882e-02,6.459836e-03
8.540352e-02,9.864490e-03,9.223882e-03,2.647014e-02,9.377412e-02,5.243374e-02,3.201878e-03,6.290053e-02,9.154311e-02,5.011364e-03,6.847403e-02,4.383000e-01,2.646130e-02,2.173923e-02,5.198659e-03
7.094275e-02,5.820410e-02,1.791558e-02,2.378106e-02,1.460890e-01,4.262597e-02,3.039113e-03,4.942389e-02,1.431247e-01,5.480489e-03,5.531636e-02,3.310562e-01,2.334601e-02,2.469115e-02,4.963555e-03
6.022735e-02,4.513257e-02,2.534487e-02,3.062433e-02,1.213731e-01,3.729155e-02,2.332521e-03,4.352888e-02,2.841309e-01,5.118902e-03,4.647575e-02,2.476204e-01,1.953502e-02,2.696382e-02,4.300102e-03
8.403932e-02,3.598539e-02,2.108479e-02,2.583430e-02,1.345537e-01,3.213491e-02,1.865953e-03,3.600519e-02,3.340855e-01,4.471949e-03,4.499888e-02,1.937388e-01,1.613516e-02,2.986003e-02,5.206097e-03
6.904633e-02,2.626158e-02,5.281276e-02,4.317205e-02,1.091546e-01,3.007426e-02,2.405760e-03,7.954947e-02,3.466849e-01,3.550875e-03,3.955438e-02,1.500092e-01,1.483428e-02,2.902811e-02,3.861393e-03
6.148095e-02,2.678189e-02,3.923471e-02,3.776361e-02,1.095226e-01,6.589207e-02,2.231753e-03,5.775921e-02,3.706184e-01,3.138846e-03,3.544244e-02,1.197001e-01,1.132858e-02,5.603548e-02,3.069365e-03
5.820169e-02,3.178303e-02,4.294421e-02,3.880309e-02,1.750107e-01,1.161260e-01,3.757924e-03,6.137990e-02,2.948338e-01,2.657891e-03,2.857890e-02,8.800719e-02,9.100835e-03,4.571012e-02,3.104642e-03
6.536284e-02,2.506601e-02,3.226656e-02,2.945745e-02,1.692871e-01,1.253946e-01,3.258323e-03,4.532544e-02,3.348814e-01,2.065407e-03,3.315670e-02,6.966450e-02,6.937464e-03,5.430994e-02,3.566239e-03
6.979600e-02,1.976994e-02,2.322564e-02,2.315021e-02,1.498580e-01,1.153169e-01,2.946535e-03,3.509288e-02,3.868613e-01,1.629620e-03,4.028100e-02,8.239453e-02,5.718835e-03,4.095208e-02,3.006428e-03
9.452562e-02,1.588148e-02,1.891108e-02,2.171881e-02,1.339952e-01,1.024704e-01,2.680034e-03,3.040175e-02,4.152489e-01,1.879100e-03,4.860265e-02,6.562585e-02,5.412226e-03,3.973109e-02,2.915752e-03
1.041181e-01,1.287134e-02,1.594659e-02,2.003904e-02,1.283623e-01,8.194346e-02,2.567528e-03,2.426147e-02,4.572123e-01,1.779367e-03,5.437420e-02,5.434747e-02,5.529784e-03,3.425426e-02,2.392652e-03
1.847259e-01,1.122510e-02,1.494091e-02,1.692647e-02,1.223752e-01,7.192012e-02,3.035717e-03,1.799626e-02,4.247634e-01,2.472655e-03,4.320204e-02,4.302903e-02,6.193902e-03,3.421895e-02,2.974318e-03
2.770466e-01,9.354748e-03,1.426852e-02,1.547752e-02,9.101405e-02,7.781813e-02,2.707143e-03,1.462686e-02,3.752772e-01,2.282896e-03,4.010392e-02,3.759090e-02,5.955711e-03,3.173486e-02,4.740892e-03
3.239186e-01,7.835433e-03,1.210437e-02,1.383435e-02,6.668012e-02,1.698714e-01,2.226769e-03,1.108575e-02,2.756475e-01,1.719614e-03,3.509615e-02,4.178962e-02,6.083093e-03,2.520181e-02,6.905295e-03
3.294364e-01,7.315360e-03,1.094947e-02,1.477434e-02,4.784591e-02,2.655844e-01,1.942093e-03,8.576846e-03,1.989077e-01,1.963919e-03,3.366088e-02,4.007808e-02,5.641084e-03,2.091403e-02,1.240946e-02
3.057191e-01,6.122923e-03,8.809806e-03,1.296176e-02,3.435953e-02,3.835835e-01,1.669709e-03,6.435911e-03,1.415635e-01,1.727127e-03,2.906609e-02,3.444162e-02,5.224641e-03,1.633885e-02,1.197593e-02
3.168352e-01,6.552390e-03,8.002385e-03,1.268293e-02,2.465669e-02,4.119253e-01,1.604927e-03,4.894725e-03,1.036227e-01,2.160110e-03,3.559053e-02,3.948211e-02,5.444679e-03,1.288770e-02,1.365765e-02
3.649573e-01,1.073593e-02,1.265557e-02,1.921507e-02,1.916073e-02,3.486047e-01,2.324508e-03,5.439820e-03,7.619835e-02,3.890582e-03,4.231704e-02,5.848638e-02,8.677322e-03,1.076739e-02,1.656922e-02
3.440542e-01,1.753241e-02,1.734819e-02,2.669149e-02,1.628095e-02,3.304745e-01,2.604139e-03,5.352035e-03,5.616160e-02,4.039445e-03,6.208882e-02,7.719262e-02,1.190807e-02,9.802127e-03,1.846938e-02
3.110912e-01,1.910999e-02,2.025469e-02,4.887005e-02,1.670189e-02,2.988395e-01,3.051518e-03,5.499297e-03,4.517999e-02,4.093728e-03,8.204157e-02,1.029773e-01,1.056608e-02,1.014077e-02,2.158248e-02
2.299265e-01,1.517374e-02,1.590202e-02,3.625125e-02,1.266284e-02,4.007876e-01,2.519558e-03,4.151174e-03,3.289333e-02,3.108266e-03,9.950259e-02,1.147224e-01,7.880813e-03,7.737338e-03,1.678051e-02
1.621052e-01,1.083570e-02,1.143206e-02,2.548012e-02,9.008251e-03,4.267395e-01,1.902062e-03,2.973713e-03,2.314542e-02,2.390919e-03,1.160137e-01,1.848718e-01,5.552688e-03,5.649069e-03,1.189983e-02
1.138051e-01,7.868889e-03,8.324883e-03,1.802109e-02,6.511271e-03,3.036129e-01,1.493430e-03,2.184555e-03,1.657238e-02,1.716694e-03,1.707747e-01,3.325853e-01,3.956687e-03,4.075358e-03,8.496718e-03
8.040885e-02,5.780128e-03,6.094728e-03,1.284719e-02,4.773706e-03,2.171551e-01,1.436315e-03,1.617479e-03,1.196654e-02,1.314512e-03,1.829161e-01,4.616622e-01,2.848389e-03,3.054496e-03,6.124234e-03
5.817924e-02,5.430051e-03,6.441761e-03,9.391300e-03,4.200522e-03,1.536492e-01,1.223389e-03,1.907836e-03,9.374794e-03,1.006589e-03,2.248375e-01,5.154743e-01,2.039545e-03,2.336994e-03,4.506926e-03
4.106761e-02,5.753042e-03,5.569357e-03,6.685994e-03,3.430279e-03,1.078233e-01,9.061181e-04,1.626033e-03,7.065581e-03,7.347756e-04,2.846929e-01,5.281894e-01,1.451387e-03,1.753232e-03,3.250953e-03
2.885505e-02,6.511040e-03,1.075032e-02,5.251822e-03,3.451981e-03,7.647608e-02,8.963478e-04,4.266475e-03,5.748847e-03,6.073817e-04,2.819878e-01,5.704871e-01,1.049129e-03,1.343704e-03,2.316901e-03
2.049089e-02,6.025020e-03,1.247636e-02,4.138886e-03,4.186011e-03,5.460978e-02,7.848211e-04,5.953798e-03,7.080932e-03,4.905298e-04,3.723344e-01,5.076668e-01,7.483317e-04,1.296681e-03,1.716756e-03
1.456206e-02,5.867304e-03,1.417830e-02,3.632962e-03,3.510167e-03,3.927538e-02,6.337983e-04,6.615533e-03,1.074558e-02,3.879418e-04,4.980218e-01,3.995917e-01,5.334099e-04,1.131664e-03,1.312469e-03
1.035013e-02,4.606629e-03,1.699129e-02,3.221402e-03,2.708480e-03,2.855786e-02,5.095221e-04,5.927180e-03,2.046562e-02,3.983612e-04,6.020623e-01,3.015506e-01,3.849348e-04,1.298031e-03,9.677515e-04
7.273273e-03,3.238691e-03,1.205236e-02,2.313607e-03,1.922326e-03,2.012790e-02,3.605494e-04,4.247585e-03,1.827120e-02,3.271186e-04,7.147733e-01,2.127925e-01,2.742108e-04,1.340384e-03,6.850841e-04
5.180457e-03,2.269584e-03,8.589771e-03,1.690764e-03,1.370639e-03,1.439648e-02,2.547415e-04,3.114915e-03,1.540894e-02,4.599448e-04,7.960981e-01,1.493322e-01,1.987396e-04,1.148884e-03,4.858811e-04
4.232523e-03,1.757196e-03,7.098899e-03,2.060531e-03,1.336603e-03,1.137044e-02,2.061093e-04,5.245671e-03,2.678660e-02,4.352624e-04,8.326713e-01,1.047200e-01,1.493469e-04,1.579054e-03,3.505338e-04
4.907268e-03,1.496509e-03,9.038016e-03,1.311364e-02,5.298958e-03,8.603179e-03,1.773026e-04,2.347078e-02,3.091440e-02,2.289012e-03,8.244957e-01,7.363763e-02,1.401702e-04,2.110915e-03,3.065473e-04
1.148753e-02,2.112898e-03,1.560124e-02,5.279885e-02,5.846803e-03,6.989934e-03,1.432130e-04,5.129848e-02,3.273366e-02,2.054191e-03,7.636592e-01,5.170146e-02,1.344225e-04,3.165115e-03,2.730590e-04
1.044017e-02,1.653803e-03,1.135225e-02,3.864469e-02,5.267120e-03,4.967625e-03,1.124217e-04,3.622491e-02,3.345439e-02,1.500674e-03,8.149531e-01,3.622070e-02,9.905147e-05,4.897995e-03,2.111302e-04
1.243375e-02,1.517089e-03,8.429374e-03,2.987227e-02,7.064645e-03,4.024125e-03,9.993925e-05,2.561234e-02,3.812950e-02,1.125697e-03,8.265107e-01,2.543114e-02,8.818261e-05,1.942497e-02,2.362734e-04
1.334164e-02,1.205801e-03,6.735369e-03,2.189359e-02,6.217199e-03,3.026811e-03,7.945187e-05,1.799469e-02,5.916011e-02,8.184175e-04,7.970918e-01,1.785049e-02,7.292218e-05,5.429110e-02,2.206126e-04
1.384179e-02,9.929192e-04,5.101373e-03,1.585356e-02,5.142751e-03,2.232612e-03,6.265991e-05,1.263121e-02,7.347915e-02,6.139603e-04,7.773895e-01,1.272953e-02,6.595455e-05,7.964782e-02,2.152195e-04
2.053089e-02,1.312327e-03,4.527024e-03,1.206532e-02,4.756710e-03,1.991368e-03,8.571309e-05,8.908568e-03,1.420269e-01,4.830211e-04,6.873533e-01,9.229006e-03,1.175972e-04,1.059439e-01,6.684106e-04
3.188439e-02,1.957016e-03,7.064678e-03,1.424552e-02,4.005015e-03,2.114084e-03,1.322834e-04,6.320195e-03,2.865373e-01,3.776840e-04,5.103148e-01,7.815469e-03,2.868982e-04,1.255082e-01,1.436501e-03
5.544230e-02,4.074884e-03,2.497165e-02,1.280342e-02,4.113580e-03,2.278156e-03,2.803486e-04,4.572855e-03,3.887547e-01,4.163632e-04,3.698713e-01,7.147852e-03,4.597259e-04,1.191077e-01,5.705142e-03
1.246795e-01,3.283779e-02,3.501087e-02,1.811115e-02,4.931402e-03,3.365586e-03,2.634482e-04,4.193161e-03,3.277322e-01,4.174418e-04,2.868853e-01,5.533521e-03,9.958502e-04,1.393523e-01,1.569047e-02
1.971798e-01,4.135991e-02,2.699418e-02,1.591844e-02,3.973089e-03,6.553133e-03,2.988286e-04,3.667856e-03,2.611873e-01,3.855764e-04,2.639753e-01,4.626360e-03,1.214515e-03,1.337476e-01,3.891814e-02
1.705077e-01,3.506991e-02,2.023838e-02,1.358977e-02,4.709949e-03,6.038028e-03,3.928677e-04,3.526662e-03,1.865760e-01,7.230657e-04,3.576238e-01,5.619528e-03,1.297168e-03,1.642203e-01,2.986686e-02
1.510248e-01,2.682850e-02,1.489993e-02,1.096037e-02,4.629490e-03,5.344900e-03,4.801658e-04,3.441204e-03,1.317000e-01,7.241006e-04,4.054818e-01,8.183397e-03,1.346781e-03,2.124756e-01,2.247894e-02
1.135626e-01,1.932748e-02,1.083056e-02,8.026012e-03,4.113000e-03,4.651806e-03,4.429373e-04,2.711266e-03,9.314127e-02,7.634457e-04,4.336582e-01,1.538717e-02,1.570892e-03,2.756088e-01,1.620452e-02
8.653650e-02,1.372037e-02,8.095782e-03,5.995453e-03,4.235484e-03,6.323391e-03,4.597830e-04,2.329317e-03,6.585570e-02,1.067888e-03,5.308219e-01,2.070045e-02,1.522442e-03,2.408565e-01,1.147900e-02
6.247344e-02,9.901152e-03,1.186820e-02,4.781789e-03,6.052007e-03,7.877611e-03,8.671003e-04,6.298303e-03,4.688114e-02,1.174922e-03,5.847244e-01,2.876680e-02,1.393824e-03,2.188305e-01,8.108822e-03
4.439082e-02,7.062794e-03,1.081995e-02,3.673481e-03,6.106319e-03,1.419547e-02,9.451218e-04,5.220497e-03,3.309219e-02,1.001027e-03,6.786013e-01,2.288645e-02,1.491180e-03,1.647890e-01,5.724440e-03
3.233078e-02,5.320973e-03,8.675411e-03,2.822266e-03,5.481249e-03,1.682159e-02,7.159460e-04,4.146609e-03,2.391049e-02,9.757491e-04,7.161916e-01,2.127353e-02,1.746620e-03,1.553995e-01,4.187657e-03
2.413603e-02,5.185843e-03,9.260263e-03,2.872495e-03,1.158528e-02,1.370188e-02,9.483398e-04,7.793640e-03,1.952258e-02,1.156769e-03,7.356921e-01,1.863023e-02,1.603120e-03,1.444713e-01,3.440132e-03
1.728690e-02,3.970903e-03,7.310422e-03,2.285209e-03,9.032079e-03,9.903139e-03,7.494962e-04,6.500698e-03,2.742144e-02,1.207491e-03,7.504140e-01,1.932452e-02,1.317143e-03,1.408282e-01,2.448445e-03
1.242911e-02,4.296083e-03,5.909845e-03,2.003614e-03,8.583565e-03,7.385932e-03,6.373442e-04,5.331459e-03,2.845880e-02,2.089550e-03,7.469542e-01,2.242703e-02,1.064899e-03,1.506248e-01,1.803798e-03
9.500093e-03,2.673632e-02,6.282288e-03,1.835645e-03,1.490265e-02,1.315962e-02,8.646365e-04,4.469425e-03,3.153091e-02,4.341575e-03,7.275348e-01,2.079497e-02,1.103522e-03,1.350509e-01,1.892597e-03
9.177688e-03,2.724932e-02,5.556219e-03,2.952900e-03,1.646912e-02,1.010669e-02,7.819396e-04,5.597603e-03,9.377286e-02,3.886432e-03,6.731548e-01,2.350028e-02,1.247178e-03,1.249248e-01,1.622197e-03
7.853800e-03,2.435065e-02,1.171919e-02,4.575427e-03,1.641868e-02,9.310015e-03,6.423616e-04,1.400806e-02,2.377451e-01,4.362423e-03,5.380647e-01,2.407987e-02,1.395693e-03,1.039295e-01,1.544647e-03
1.026779e-02,1.862794e-02,2.242048e-02,3.815580e-03,1.486052e-02,2.572161e-02,5.391031e-04,1.071050e-02,3.076263e-01,4.778828e-03,4.765159e-01,2.336903e-02,1.135006e-03,7.772966e-02,1.881833e-03
9.149545e-03,1.471572e-02,9.042029e-02,4.713449e-03,1.564076e-02,2.675716e-02,5.163450e-04,1.194209e-02,3.587534e-01,5.766545e-03,3.815074e-01,1.947440e-02,9.331413e-04,5.732746e-02,2.382369e-03
1.188269e-02,1.132496e-02,1.269186e-01,5.280558e-03,1.592581e-02,2.616450e-02,4.532112e-04,2.272254e-02,3.990068e-01,7.091189e-03,3.047252e-01,1.537253e-02,1.008672e-03,4.618392e-02,5.938844e-03
3.201398e-02,1.250605e-02,1.573922e-01,1.800672e-02,3.592143e-02,3.023162e-02,6.167488e-04,2.646318e-02,3.685354e-01,7.768931e-03,2.523447e-01,1.168645e-02,1.000614e-03,3.877234e-02,6.739628e-03
4.880287e-02,1.055910e-02,2.840243e-01,2.439260e-02,3.804030e-02,3.076729e-02,6.235343e-04,3.677997e-02,2.956336e-01,6.998491e-03,1.786632e-01,8.495326e-03,8.589891e-04,2.761942e-02,7.740917e-03
3.959385e-02,9.384860e-03,3.090584e-01,1.118299e-01,6.580300e-02,2.260935e-02,9.208443e-04,3.434343e-02,2.407460e-01,6.133406e-03,1.255545e-01,6.351413e-03,8.256452e-04,1.939607e-02,7.449223e-03
3.363356e-02,8.155270e-03,3.981130e-01,1.224938e-01,8.113237e-02,1.715096e-02,8.612984e-04,3.064712e-02,1.863088e-01,5.927669e-03,8.846844e-02,4.628395e-03,8.072535e-04,1.379094e-02,7.881153e-03
3.063374e-02,6.867966e-03,3.798317e-01,2.185178e-01,9.358300e-02,1.345817e-02,1.045526e-03,3.566911e-02,1.340767e-01,4.404346e-03,6.209907e-02,3.308801e-03,6.503150e-04,9.707317e-03,6.146452e-03
3.101549e-02,7.949245e-03,4.082001e-01,2.377637e-01,1.071227e-01,1.273192e-02,1.085811e-03,2.985080e-02,1.012674e-01,3.308959e-03,4.393200e-02,2.383494e-03,5.578289e-04,6.968532e-03,5.862018e-03
4.521172e-02,9.689337e-03,4.170128e-01,2.130700e-01,1.456870e-01,1.155133e-02,1.122982e-03,2.856636e-02,7.609266e-02,2.579221e-03,3.451851e-02,2.050336e-03,1.058944e-03,5.395651e-03,6.393239e-03
3.182509e-02,7.196020e-03,3.042507e-01,2.311891e-01,1.029757e-01,8.512869e-03,8.092887e-04,2.141671e-02,5.442112e-02,3.622741e-03,2.115087e-01,4.424326e-03,8.548446e-03,4.232590e-03,5.066669e-03
2.239361e-02,5.352086e-03,2.175352e-01,2.154099e-01,7.240555e-02,6.111064e-03,5.780452e-04,1.573764e-02,4.102977e-02,4.074200e-03,3.704878e-01,6.417147e-03,1.372045e-02,4.116519e-03,4.630998e-03
1.579216e-02,3.805621e-03,1.527921e-01,1.610689e-01,5.100456e-02,4.539032e-03,4.099197e-04,1.113002e-02,3.053963e-02,4.203891e-03,5.113174e-01,1.202342e-02,2.900597e-02,8.830624e-03,3.536770e-03
1.110748e-02,2.774754e-03,1.076171e-01,1.172595e-01,3.611020e-02,3.292045e-03,2.925799e-04,7.840828e-03,2.482094e-02,1.501435e-02,6.015415e-01,1.407077e-02,3.122457e-02,2.353317e-02,3.500184e-03
8.348366e-03,2.279360e-03,7.679166e-02,9.359278e-02,2.700895e-02,2.797297e-03,2.339025e-04,5.577182e-03,6.101437e-02,4.148098e-02,5.673726e-01,2.238271e-02,4.251684e-02,4.039980e-02,8.203276e-03
7.683128e-03,2.780963e-03,5.528896e-02,7.445391e-02,2.154803e-02,2.989233e-03,2.937865e-04,6.122320e-03,9.412429e-02,8.643420e-02,4.973324e-01,2.606082e-02,4.699828e-02,6.160769e-02,1.628208e-02
7.434007e-03,5.342691e-03,4.050069e-02,5.584746e-02,1.926439e-02,2.650022e-03,3.517304e-04,6.980455e-03,1.703822e-01,9.603992e-02,3.881359e-01,2.206669e-02,4.010963e-02,1.234482e-01,2.144600e-02
8.431165e-03,6.167265e-03,2.951269e-02,4.696338e-02,1.500608e-02,2.929026e-03,3.470636e-04,7.914296e-03,1.644227e-01,1.823776e-01,3.245262e-01,2.581961e-02,3.417977e-02,1.155108e-01,3.589238e-02
9.798985e-03,7.936048e-03,2.298797e-02,3.875487e-02,1.311875e-02,3.270674e-03,3.614372e-04,1.005243e-02,1.513837e-01,2.467265e-01,2.685446e-01,3.109128e-02,2.914920e-02,1.312927e-01,3.553078e-02
1.216700e-02,9.668744e-03,1.988801e-02,3.015091e-02,1.865269e-02,3.013228e-03,3.877477e-04,1.073504e-02,1.654814e-01,3.029081e-01,2.185289e-01,2.872750e-02,2.486446e-02,1.205013e-01,3.432504e-02
1.219020e-02,1.337433e-02,1.635228e-02,2.305909e-02,1.681378e-02,3.067095e-03,6.655704e-04,1.392199e-02,1.747353e-01,3.774800e-01,1.734584e-01,2.295127e-02,2.078532e-02,1.002555e-01,3.089007e-02
1.084621e-02,1.994628e-02,1.514098e-02,1.857187e-02,1.863766e-02,2.954871e-03,6.835361e-04,1.995277e-02,2.319884e-01,3.862957e-01,1.317023e-01,1.840768e-02,1.758789e-02,8.385585e-02,2.342800e-02
1.347809e-02,2.339309e-02,5.496027e-02,1.865097e-02,2.916733e-02,4.113846e-03,1.666601e-03,6.468630e-02,1.757934e-01,3.945798e-01,1.101053e-01,1.417123e-02,1.483046e-02,6.333357e-02,1.706981e-02
1.347460e-02,3.112978e-02,4.425361e-02,1.484640e-02,5.368681e-02,3.794452e-03,1.359948e-03,5.107769e-02,2.240545e-01,3.901743e-01,9.051272e-02,1.039977e-02,1.125976e-02,4.788404e-02,1.209164e-02
2.139322e-02,3.159210e-02,3.314217e-02,1.315236e-02,7.466009e-02,3.297054e-03,1.116785e-03,3.902887e-02,2.353685e-01,3.989596e-01,8.897275e-02,7.491223e-03,8.213549e-03,3.506451e-02,8.547292e-03
3.672805e-02,2.893673e-02,2.383677e-02,1.212314e-02,6.243887e-02,2.868050e-03,1.214992e-03,4.365819e-02,2.013198e-01,4.391607e-01,1.026116e-01,5.631418e-03,6.133080e-03,2.721087e-02,6.127771e-03
4.847706e-02,4.917134e-02,1.693445e-02,1.240115e-02,5.104928e-02,2.507802e-03,1.000427e-03,4.117539e-02,2.022245e-01,4.214026e-01,1.177697e-01,4.267833e-03,4.655644e-03,2.248111e-02,4.481660e-03
7.482709e-02,4.717020e-02,1.201157e-02,1.332921e-02,3.883747e-02,2.072498e-03,7.983568e-04,4.158548e-02,1.701998e-01,3.836671e-01,1.849468e-01,3.715373e-03,3.890802e-03,1.956742e-02,3.380799e-03
1.126371e-01,3.997871e-02,8.592336e-03,1.744115e-02,3.299551e-02,1.929071e-03,7.408797e-04,8.594435e-02,1.541625e-01,3.313362e-01,1.876342e-01,3.893063e-03,3.713772e-03,1.632146e-02,2.679683e-03
1.229746e-01,2.934924e-02,6.823461e-03,8.636957e-02,5.058962e-02,2.517384e-03,1.191152e-03,1.592673e-01,1.224260e-01,2.546458e-01,1.429848e-01,3.761958e-03,3.484927e-03,1.156759e-02,2.046593e-03
1.185550e-01,2.133893e-02,5.981953e-03,1.755631e-01,5.121032e-02,2.369152e-03,9.891250e-04,2.271291e-01,9.260462e-02,1.859219e-01,1.027373e-01,2.979022e-03,2.862517e-03,8.221918e-03,1.536119e-03
1.156346e-01,1.574102e-02,6.276945e-03,1.860184e-01,5.131015e-02,2.078633e-03,8.796626e-04,3.314335e-01,7.139619e-02,1.326824e-01,7.461216e-02,2.548361e-03,2.317407e-03,5.859673e-03,1.210918e-03
1.090476e-01,1.118639e-02,5.719428e-03,1.769772e-01,4.086522e-02,1.984029e-03,7.986181e-04,4.470291e-01,5.094575e-02,9.297162e-02,5.341661e-02,2.144807e-03,1.832267e-03,4.184233e-03,8.972065e-04
9.408315e-02,7.923907e-03,4.333258e-03,1.366521e-01,3.363074e-02,1.589061e-03,6.385260e-04,5.754407e-01,3.614812e-02,6.512894e-02,3.787526e-02,1.586245e-03,1.373246e-03,2.949926e-03,6.468287e-04
8.953620e-02,5.808198e-03,3.737250e-03,1.029152e-01,2.948647e-02,1.448946e-03,7.879650e-04,6.629285e-01,2.602991e-02,4.566109e-02,2.673879e-02,1.207867e-03,1.104961e-03,2.099980e-03,5.086790e-04
1.262420e-01,4.293180e-03,3.190131e-03,7.800466e-02,2.385457e-02,2.139753e-03,9.216944e-04,6.857069e-01,1.896397e-02,3.204885e-02,1.939216e-02,1.629865e-03,1.337637e-03,1.666146e-03,6.085911e-04
1.957376e-01,3.451872e-03,3.673873e-03,5.856088e-02,1.820562e-02,2.890695e-03,9.896798e-04,6.352647e-01,1.403380e-02,2.266880e-02,2.282366e-02,1.289045e-02,5.983373e-03,1.844674e-03,9.803737e-04
2.849703e-01,3.392160e-03,4.226087e-03,4.783467e-02,1.645791e-02,3.611669e-03,1.000861e-03,5.400298e-01,1.206629e-02,1.644693e-02,3.009522e-02,2.007762e-02,1.325219e-02,3.459031e-03,3.079212e-03
3.131041e-01,3.848613e-03,1.200314e-02,1.185983e-01,1.303807e-02,3.770564e-03,7.788411e-04,4.064747e-01,1.558928e-02,1.443715e-02,4.366837e-02,2.113223e-02,2.251272e-02,3.312544e-03,7.731346e-03
2.501809e-01,3.300415e-03,2.059791e-02,2.271587e-01,1.034653e-02,3.970432e-03,5.791437e-04,2.898406e-01,1.607928e-02,1.188150e-02,6.143935e-02,4.152994e-02,5.247136e-02,2.680707e-03,7.943246e-03
1.990064e-01,3.151610e-03,1.612840e-02,2.421791e-01,8.432817e-03,3.801106e-03,4.633569e-04,2.067270e-01,2.933674e-02,9.478591e-03,8.863282e-02,3.427093e-02,1.459680e-01,3.004941e-03,9.418098e-03
1.548416e-01,3.433643e-03,1.332984e-02,1.867108e-01,8.933149e-03,2.910692e-03,3.917496e-04,1.532811e-01,5.958293e-02,7.676352e-03,1.195248e-01,3.152199e-02,2.428931e-01,3.828329e-03,1.113994e-02
1.273904e-01,3.290073e-03,1.161805e-02,2.019756e-01,9.601344e-03,2.466809e-03,3.190867e-04,1.087975e-01,2.280531e-01,5.508314e-03,9.557908e-02,2.226947e-02,1.718568e-01,2.923802e-03,8.350632e-03
1.366181e-01,2.873433e-03,1.504216e-02,1.613889e-01,1.053861e-02,4.154889e-03,4.473827e-04,8.302495e-02,1.840276e-01,4.385157e-03,2.095154e-01,1.665621e-02,1.428646e-01,3.644026e-03,2.481861e-02
1.531140e-01,2.671980e-03,1.844480e-02,1.889492e-01,8.942601e-03,1.712346e-02,1.266401e-03,5.959380e-02,2.142822e-01,3.974021e-03,1.804846e-01,1.520580e-02,1.084329e-01,4.197149e-03,2.331705e-02
1.601949e-01,2.248469e-03,1.540807e-02,1.500172e-01,7.437903e-03,1.578544e-02,9.868413e-04,4.213505e-02,2.976480e-01,3.268374e-03,1.417817e-01,1.665807e-02,1.197313e-01,4.351072e-03,2.234756e-02
2.014780e-01,3.702125e-03,1.255068e-02,1.142896e-01,1.150250e-02,1.254801e-02,1.268444e-03,3.145015e-02,2.464871e-01,3.828983e-03,1.964715e-01,2.746671e-02,1.096521e-01,7.820124e-03,1.948416e-02
3.242615e-01,4.953190e-03,1.105975e-02,1.113404e-01,1.789057e-02,1.223918e-02,1.192387e-03,2.615625e-02,2.119132e-01,2.914476e-03,1.440901e-01,2.854201e-02,8.164960e-02,6.221629e-03,1.557576e-02
3.100210e-01,4.776363e-03,1.132479e-02,9.304227e-02,1.667190e-02,9.843670e-03,1.439417e-03,7.521570e-02,1.780554e-01,2.891773e-03,1.445058e-01,4.381043e-02,8.751649e-02,8.111336e-03,1.277366e-02
3.859259e-01,4.819904e-03,1.216465e-02,7.221700e-02,1.565374e-02,1.012028e-02,2.498691e-03,1.065980e-01,1.384839e-01,2.793882e-03,1.142800e-01,4.688212e-02,6.840029e-02,7.331328e-03,1.183040e-02
1.000000e+00,0.000000e+00,0.000000e+00,0.000000e+00,0.000000e+00,0.000000e+00,0.000000e+00,0.000000e+00,0.000000e+00,0.000000e+00,0.000000e+00,0.000000e+00,0.000000e+00,0.000000e+00,0.000000e+00
1.000000e+00,0.000000e+00,0.000000e+00,0.000000e+00,0.000000e+00,0.000000e+00,0.000000e+00,0.000000e+00,0.000000e+00,0.000000e+00,0.000000e+00,0.000000e+00,0.000000e+00,0.000000e+00,0.000000e+00
1.000000e+00,0.000000e+00,0.000000e+00,0.000000e+00,0.000000e+00,0.000000e+00,0.000000e+00,0.000000e+00,0.000000e+00,0.000000e+00,0.000000e+00,0.000000e+00,0.000000e+00,0.000000e+00,0.000000e+00
1.000000e+00,0.000000e+00,0.000000e+00,0.000000e+00,0.000000e+00,0.000000e+00,0.000000e+00,0.000000e+00,0.000000e+00,0.000000e+00,0.000000e+00,0.000000e+00,0.000000e+00,0.000000e+00,0.000000e+00
3.919573e-01,1.536419e-02,8.346206e-03,1.126278e-01,4.902239e-02,1.527621e-02,2.721700e-03,2.544909e-01,4.584884e-02,4.407185e-03,3.729045e-02,2.382845e-02,1.815496e-02,5.735569e-03,1.492788e-02
2.974613e-01,1.198002e-02,7.198870e-03,8.260295e-02,4.032864e-02,1.890885e-02,2.389801e-03,4.267364e-01,3.368140e-02,3.853504e-03,2.870245e-02,1.729693e-02,1.344092e-02,4.528675e-03,1.088921e-02
2.260220e-01,8.827106e-03,5.641339e-03,5.861594e-02,2.990127e-02,1.879318e-02,1.978938e-03,5.673902e-01,2.469228e-02,2.988282e-03,2.131754e-02,1.270025e-02,9.833153e-03,3.397218e-03,7.901232e-03
2.132976e-01,6.547123e-03,5.109038e-03,4.198135e-02,2.198633e-02,4.030100e-02,1.698357e-03,6.038651e-01,1.862905e-02,2.183372e-03,1.721030e-02,1.013050e-02,8.240760e-03,2.641579e-03,6.178429e-03
1.763352e-01,4.718546e-03,4.525229e-03,2.999167e-02,1.716329e-02,1.956191e-01,1.362948e-03,5.203754e-01,1.337646e-02,1.578723e-03,1.312303e-02,8.855159e-03,6.281811e-03,2.062296e-03,4.631185e-03
1.259948e-01,3.682893e-03,5.620767e-03,2.247316e-02,1.308296e-02,4.077406e-01,1.023143e-03,3.700210e-01,9.522796e-03,1.262402e-03,1.834064e-02,1.012930e-02,4.966736e-03,2.693062e-03,3.445807e-03
2.033448e-01,3.284447e-03,5.067330e-03,1.682654e-02,9.580775e-03,4.124757e-01,9.292736e-04,2.765384e-01,7.956559e-03,1.211120e-03,2.701740e-02,2.109719e-02,6.444857e-03,4.547726e-03,3.677846e-03
3.323638e-01,3.014442e-03,4.488378e-03,1.286864e-02,7.539853e-03,3.368939e-01,9.437551e-04,2.210666e-01,6.331372e-03,1.079527e-03,3.024070e-02,2.189802e-02,8.247139e-03,8.419517e-03,4.604376e-03
3.850646e-01,6.565257e-03,5.889508e-03,1.392946e-02,6.420597e-03,2.769981e-01,1.343452e-03,1.653463e-01,8.847803e-03,1.334966e-03,6.417682e-02,3.322811e-02,1.183894e-02,1.033827e-02,8.677799e-03
3.258340e-01,6.137128e-03,5.331097e-03,1.112353e-02,4.882800e-03,3.036976e-01,1.281066e-03,1.182110e-01,6.996581e-03,1.561510e-03,1.405676e-01,4.225295e-02,1.278657e-02,9.631100e-03,9.705547e-03
2.754862e-01,5.746150e-03,5.177779e-03,8.772920e-03,3.894829e-03,2.716720e-01,1.243091e-03,8.342937e-02,5.508917e-03,1.770469e-03,2.459216e-01,6.202781e-02,1.018496e-02,9.448849e-03,9.715041e-03
2.635738e-01,1.354778e-02,5.698178e-03,1.416133e-02,5.868661e-03,2.083901e-01,1.261480e-03,5.943339e-02,5.522789e-03,2.049603e-03,2.921838e-01,9.800541e-02,7.937158e-03,8.209086e-03,1.415743e-02
2.841290e-01,1.720577e-02,6.878122e-03,1.870484e-02,8.357674e-03,1.581664e-01,1.234721e-03,4.266208e-02,5.850503e-03,1.937049e-03,3.108858e-01,1.154824e-01,6.494563e-03,7.924393e-03,1.408657e-02
2.519071e-01,1.778919e-02,8.069443e-03,1.809365e-02,8.536424e-03,1.168685e-01,1.359202e-03,3.053469e-02,5.944080e-03,1.697584e-03,3.849719e-01,1.300115e-01,5.247752e-03,6.670862e-03,1.229818e-02
2.053464e-01,1.596167e-02,7.568247e-03,1.457111e-02,8.403825e-03,8.435136e-02,1.385119e-03,2.179711e-02,5.974833e-03,1.500276e-03,4.472067e-01,1.657515e-01,3.997340e-03,6.013950e-03,1.017056e-02
