1.000000e+00,0.000000e+00,0.000000e+00,0.000000e+00,0.000000e+00,0.000000e+00,0.000000e+00,0.000000e+00,0.000000e+00,0.000000e+00,0.000000e+00,0.000000e+00,0.000000e+00,0.000000e+00,0.000000e+00
1.000000e+00,0.000000e+00,0.000000e+00,0.000000e+00,0.000000e+00,0.000000e+00,0.000000e+00,0.000000e+00,0.000000e+00,0.000000e+00,0.000000e+00,0.000000e+00,0.000000e+00,0.000000e+00,0.000000e+00
1.000000e+00,0.000000e+00,0.000000e+00,0.000000e+00,0.000000e+00,0.000000e+00,0.000000e+00,0.000000e+00,0.000000e+00,0.000000e+00,0.000000e+00,0.000000e+00,0.000000e+00,0.000000e+00,0.000000e+00
1.000000e+00,0.000000e+00,0.000000e+00,0.000000e+00,0.000000e+00,0.000000e+00,0.000000e+00,0.000000e+00,0.000000e+00,0.000000e+00,0.000000e+00,0.000000e+00,0.000000e+00,0.000000e+00,0.000000e+00
1.000000e+00,0.000000e+00,0.000000e+00,0.000000e+00,0.000000e+00,0.000000e+00,0.000000e+00,0.000000e+00,0.000000e+00,0.000000e+00,0.000000e+00,0.000000e+00,0.000000e+00,0.000000e+00,0.000000e+00
1.000000e+00,0.000000e+00,0.000000e+00,0.000000e+00,0.000000e+00,0.000000e+00,0.000000e+00,0.000000e+00,0.000000e+00,0.000000e+00,0.000000e+00,0.000000e+00,0.000000e+00,0.000000e+00,0.000000e+00
1.000000e+00,0.000000e+00,0.000000e+00,0.000000e+00,0.000000e+00,0.000000e+00,0.000000e+00,0.000000e+00,0.000000e+00,0.000000e+00,0.000000e+00,0.000000e+00,0.000000e+00,0.000000e+00,0.000000e+00
1.000000e+00,0.000000e+00,0.000000e+00,0.000000e+00,0.000000e+00,0.000000e+00,0.000000e+00,0.000000e+00,0.000000e+00,0.000000e+00,0.000000e+00,0.000000e+00,0.000000e+00,0.000000e+00,0.000000e+00
1.000000e+00,0.000000e+00,0.000000e+00,0.000000e+00,0.000000e+00,0.000000e+00,0.000000e+00,0.000000e+00,0.000000e+00,0.000000e+00,0.000000e+00,0.000000e+00,0.000000e+00,0.000000e+00,0.000000e+00
1.000000e+00,0.000000e+00,0.000000e+00,0.000000e+00,0.000000e+00,0.000000e+00,0.000000e+00,0.000000e+00,0.000000e+00,0.000000e+00,0.000000e+00,0.000000e+00,0.000000e+00,0.000000e+00,0.000000e+00
1.000000e+00,0.000000e+00,0.000000e+00,0.000000e+00,0.000000e+00,0.000000e+00,0.000000e+00,0.000000e+00,0.000000e+00,0.000000e+00,0.000000e+00,0.000000e+00,0.000000e+00,0.000000e+00,0.000000e+00
1.000000e+00,0.000000e+00,0.000000e+00,0.000000e+00,0.000000e+00,0.000000e+00,0.000000e+00,0.000000e+00,0.000000e+00,0.000000e+00,0.000000e+00,0.000000e+00,0.000000e+00,0.000000e+00,0.000000e+00
4.769044e-01,6.734711e-02,2.782751e-02,1.479896e-01,3.218843e-02,1.893425e-02,7.483799e-03,1.636784e-02,1.700014e-02,5.648506e-03,2.263877e-02,6.972295e-02,3.777019e-02,9.253503e-03,4.292292e-02
1.000000e+00,0.000000e+00,0.000000e+00,0.000000e+00,0.000000e+00,0.000000e+00,0.000000e+00,0.000000e+00,0.000000e+00,0.000000e+00,0.000000e+00,0.000000e+00,0.000000e+00,0.000000e+00,0.000000e+00
1.000000e+00,0.000000e+00,0.000000e+00,0.000000e+00,0.000000e+00,0.000000e+00,0.000000e+00,0.000000e+00,0.000000e+00,0.000000e+00,0.000000e+00,0.000000e+00,0.000000e+00,0.000000e+00,0.000000e+00
1.000000e+00,0.000000e+00,0.000000e+00,0.000000e+00,0.000000e+00,0.000000e+00,0.000000e+00,0.000000e+00,0.000000e+00,0.000000e+00,0.000000e+00,0.000000e+00,0.000000e+00,0.000000e+00,0.000000e+00
1.000000e+00,0.000000e+00,0.000000e+00,0.000000e+00,0.000000e+00,0.000000e+00,0.000000e+00,0.000000e+00,0.000000e+00,0.000000e+00,0.000000e+00,0.000000e+00,0.000000e+00,0.000000e+00,0.000000e+00
1.000000e+00,0.000000e+00,0.000000e+00,0.000000e+00,0.000000e+00,0.000000e+00,0.000000e+00,0.000000e+00,0.000000e+00,0.000000e+00,0.000000e+00,0.000000e+00,0.000000e+00,0.000000e+00,0.000000e+00
1.000000e+00,0.000000e+00,0.000000e+00,0.000000e+00,0.000000e+00,0.000000e+00,0.000000e+00,0.000000e+00,0.000000e+00,0.000000e+00,0.000000e+00,0.000000e+00,0.000000e+00,0.000000e+00,0.000000e+00
1.000000e+00,0.000000e+00,0.000000e+00,0.000000e+00,0.000000e+00,0.000000e+00,0.000000e+00,0.000000e+00,0.000000e+00,0.000000e+00,0.000000e+00,0.000000e+00,0.000000e+00,0.000000e+00,0.000000e+00
1.000000e+00,0.000000e+00,0.000000e+00,0.000000e+00,0.000000e+00,0.000000e+00,0.000000e+00,0.000000e+00,0.000000e+00,0.000000e+00,0.000000e+00,0.000000e+00,0.000000e+00,0.000000e+00,0.000000e+00
1.000000e+00,0.000000e+00,0.000000e+00,0.000000e+00,0.000000e+00,0.000000e+00,0.000000e+00,0.000000e+00,0.000000e+00,0.000000e+00,0.000000e+00,0.000000e+00,0.000000e+00,0.000000e+00,0.000000e+00
1.000000e+00,0.000000e+00,0.000000e+00,0.000000e+00,0.000000e+00,0.000000e+00,0.000000e+00,0.000000e+00,0.000000e+00,0.000000e+00,0.000000e+00,0.000000e+00,0.000000e+00,0.000000e+00,0.000000e+00
1.000000e+00,0.000000e+00,0.000000e+00,0.000000e+00,0.000000e+00,0.000000e+00,0.000000e+00,0.000000e+00,0.000000e+00,0.000000e+00,0.000000e+00,0.000000e+00,0.000000e+00,0.000000e+00,0.000000e+00
1.000000e+00,0.000000e+00,0.000000e+00,0.000000e+00,0.000000e+00,0.000000e+00,0.000000e+00,0.000000e+00,0.000000e+00,0.000000e+00,0.000000e+00,0.000000e+00,0.000000e+00,0.000000e+00,0.000000e+00
1.000000e+00,0.000000e+00,0.000000e+00,0.000000e+00,0.000000e+00,0.000000e+00,0.000000e+00,0.000000e+00,0.000000e+00,0.000000e+00,0.000000e+00,0.000000e+00,0.000000e+00,0.000000e+00,0.000000e+00
1.000000e+00,0.000000e+00,0.000000e+00,0.000000e+00,0.000000e+00,0.000000e+00,0.000000e+00,0.000000e+00,0.000000e+00,0.000000e+00,0.000000e+00,0.000000e+00,0.000000e+00,0.000000e+00,0.000000e+00
1.000000e+00,0.000000e+00,0.000000e+00,0.000000e+00,0.000000e+00,0.000000e+00,0.000000e+00,0.000000e+00,0.000000e+00,0.000000e+00,0.000000e+00,0.000000e+00,0.000000e+00,0.000000e+00,0.000000e+00
1.000000e+00,0.000000e+00,0.000000e+00,0.000000e+00,0.000000e+00,0.000000e+00,0.000000e+00,0.000000e+00,0.000000e+00,0.000000e+00,0.000000e+00,0.000000e+00,0.000000e+00,0.000000e+00,0.000000e+00
1.000000e+00,0.000000e+00,0.000000e+00,0.000000e+00,0.000000e+00,0.000000e+00,0.000000e+00,0.000000e+00,0.000000e+00,0.000000e+00,0.000000e+00,0.000000e+00,0.000000e+00,0.000000e+00,0.000000e+00
1.000000e+00,0.000000e+00,0.000000e+00,0.000000e+00,0.000000e+00,0.000000e+00,0.000000e+00,0.000000e+00,0.000000e+00,0.000000e+00,0.000000e+00,0.000000e+00,0.000000e+00,0.000000e+00,0.000000e+00
1.000000e+00,0.000000e+00,0.000000e+00,0.000000e+00,0.000000e+00,0.000000e+00,0.000000e+00,0.000000e+00,0.000000e+00,0.000000e+00,0.000000e+00,0.000000e+00,0.000000e+00,0.000000e+00,0.000000e+00
1.000000e+00,0.000000e+00,0.000000e+00,0.000000e+00,0.000000e+00,0.000000e+00,0.000000e+00,0.000000e+00,0.000000e+00,0.000000e+00,0.000000e+00,0.000000e+00,0.000000e+00,0.000000e+00,0.000000e+00
1.000000e+00,0.000000e+00,0.000000e+00,0.000000e+00,0.000000e+00,0.000000e+00,0.000000e+00,0.000000e+00,0.000000e+00,0.000000e+00,0.000000e+00,0.000000e+00,0.000000e+00,0.000000e+00,0.000000e+00
1.000000e+00,0.000000e+00,0.000000e+00,0.000000e+00,0.000000e+00,0.000000e+00,0.000000e+00,0.000000e+00,0.000000e+00,0.000000e+00,0.000000e+00,0.000000e+00,0.000000e+00,0.000000e+00,0.000000e+00
1.000000e+00,0.000000e+00,0.000000e+00,0.000000e+00,0.000000e+00,0.000000e+00,0.000000e+00,0.000000e+00,0.000000e+00,0.000000e+00,0.000000e+00,0.000000e+00,0.000000e+00,0.000000e+00,0.000000e+00
1.000000e+00,0.000000e+00,0.000000e+00,0.000000e+00,0.000000e+00,0.000000e+00,0.000000e+00,0.000000e+00,0.000000e+00,0.000000e+00,0.000000e+00,0.000000e+00,0.000000e+00,0.000000e+00,0.000000e+00
1.000000e+00,0.000000e+00,0.000000e+00,0.000000e+00,0.000000e+00,0.000000e+00,0.000000e+00,0.000000e+00,0.000000e+00,0.000000e+00,0.000000e+00,0.000000e+00,0.000000e+00,0.000000e+00,0.000000e+00
1.000000e+00,0.000000e+00,0.000000e+00,0.000000e+00,0.000000e+00,0.000000e+00,0.000000e+00,0.000000e+00,0.000000e+00,0.000000e+00,0.000000e+00,0.000000e+00,0.000000e+00,0.000000e+00,0.000000e+00
1.000000e+00,0.000000e+00,0.000000e+00,0.000000e+00,0.000000e+00,0.000000e+00,0.000000e+00,0.000000e+00,0.000000e+00,0.000000e+00,0.000000e+00,0.000000e+00,0.000000e+00,0.000000e+00,0.000000e+00
1.000000e+00,0.000000e+00,0.000000e+00,0.000000e+00,0.000000e+00,0.000000e+00,0.000000e+00,0.000000e+00,0.000000e+00,0.000000e+00,0.000000e+00,0.000000e+00,0.000000e+00,0.000000e+00,0.000000e+00
1.000000e+00,0.000000e+00,0.000000e+00,0.000000e+00,0.000000e+00,0.000000e+00,0.000000e+00,0.000000e+00,0.000000e+00,0.000000e+00,0.000000e+00,0.000000e+00,0.000000e+00,0.000000e+00,0.000000e+00
1.000000e+00,0.000000e+00,0.000000e+00,0.000000e+00,0.000000e+00,0.000000e+00,0.000000e+00,0.000000e+00,0.000000e+00,0.000000e+00,0.000000e+00,0.000000e+00,0.000000e+00,0.000000e+00,0.000000e+00
1.000000e+00,0.000000e+00,0.000000e+00,0.000000e+00,0.000000e+00,0.000000e+00,0.000000e+00,0.000000e+00,0.000000e+00,0.000000e+00,0.000000e+00,0.000000e+00,0.000000e+00,0.000000e+00,0.000000e+00
1.000000e+00,0.000000e+00,0.000000e+00,0.000000e+00,0.000000e+00,0.000000e+00,0.000000e+00,0.000000e+00,0.000000e+00,0.000000e+00,0.000000e+00,0.000000e+00,0.000000e+00,0.000000e+00,0.000000e+00
1.000000e+00,0.000000e+00,0.000000e+00,0.000000e+00,0.000000e+00,0.000000e+00,0.000000e+00,0.000000e+00,0.000000e+00,0.000000e+00,0.000000e+00,0.000000e+00,0.000000e+00,0.000000e+00,0.000000e+00
1.000000e+00,0.000000e+00,0.000000e+00,0.000000e+00,0.000000e+00,0.000000e+00,0.000000e+00,0.000000e+00,0.000000e+00,0.000000e+00,0.000000e+00,0.000000e+00,0.000000e+00,0.000000e+00,0.000000e+00
1.000000e+00,0.000000e+00,0.000000e+00,0.000000e+00,0.000000e+00,0.000000e+00,0.000000e+00,0.000000e+00,0.000000e+00,0.000000e+00,0.000000e+00,0.000000e+00,0.000000e+00,0.000000e+00,0.000000e+00
1.000000e+00,0.000000e+00,0.000000e+00,0.000000e+00,0.000000e+00,0.000000e+00,0.000000e+00,0.000000e+00,0.000000e+00,0.000000e+00,0.000000e+00,0.000000e+00,0.000000e+00,0.000000e+00,0.000000e+00
1.000000e+00,0.000000e+00,0.000000e+00,0.000000e+00,0.000000e+00,0.000000e+00,0.000000e+00,0.000000e+00,0.000000e+00,0.000000e+00,0.000000e+00,0.000000e+00,0.000000e+00,0.000000e+00,0.000000e+00
1.000000e+00,0.000000e+00,0.000000e+00,0.000000e+00,0.000000e+00,0.000000e+00,0.000000e+00,0.000000e+00,0.000000e+00,0.000000e+00,0.000000e+00,0.000000e+00,0.000000e+00,0.000000e+00,0.000000e+00
1.000000e+00,0.000000e+00,0.000000e+00,0.000000e+00,0.000000e+00,0.000000e+00,0.000000e+00,0.000000e+00,0.000000e+00,0.000000e+00,0.000000e+00,0.000000e+00,0.000000e+00,0.000000e+00,0.000000e+00
1.000000e+00,0.000000e+00,0.000000e+00,0.000000e+00,0.000000e+00,0.000000e+00,0.000000e+00,0.000000e+00,0.000000e+00,0.000000e+00,0.000000e+00,0.000000e+00,0.000000e+00,0.000000e+00,0.000000e+00
1.000000e+00,0.000000e+00,0.000000e+00,0.000000e+00,0.000000e+00,0.000000e+00,0.000000e+00,0.000000e+00,0.000000e+00,0.000000e+00,0.000000e+00,0.000000e+00,0.000000e+00,0.000000e+00,0.000000e+00
1.000000e+00,0.000000e+00,0.000000e+00,0.000000e+00,0.000000e+00,0.000000e+00,0.000000e+00,0.000000e+00,0.000000e+00,0.000000e+00,0.000000e+00,0.000000e+00,0.000000e+00,0.000000e+00,0.000000e+00
1.000000e+00,0.000000e+00,0.000000e+00,0.000000e+00,0.000000e+00,0.000000e+00,0.000000e+00,0.000000e+00,0.000000e+00,0.000000e+00,0.000000e+00,0.000000e+00,0.000000e+00,0.000000e+00,0.000000e+00
1.000000e+00,0.000000e+00,0.000000e+00,0.000000e+00,0.000000e+00,0.000000e+00,0.000000e+00,0.000000e+00,0.000000e+00,0.000000e+00,0.000000e+00,0.000000e+00,0.000000e+00,0.000000e+00,0.000000e+00
1.000000e+00,0.000000e+00,0.000000e+00,0.000000e+00,0.000000e+00,0.000000e+00,0.000000e+00,0.000000e+00,0.000000e+00,0.000000e+00,0.000000e+00,0.000000e+00,0.000000e+00,0.000000e+00,0.000000e+00
1.000000e+00,0.000000e+00,0.000000e+00,0.000000e+00,0.000000e+00,0.000000e+00,0.000000e+00,0.000000e+00,0.000000e+00,0.000000e+00,0.000000e+00,0.000000e+00,0.000000e+00,0.000000e+00,0.000000e+00
1.000000e+00,0.000000e+00,0.000000e+00,0.000000e+00,0.000000e+00,0.000000e+00,0.000000e+00,0.000000e+00,0.000000e+00,0.000000e+00,0.000000e+00,0.000000e+00,0.000000e+00,0.000000e+00,0.000000e+00
1.000000e+00,0.000000e+00,0.000000e+00,0.000000e+00,0.000000e+00,0.000000e+00,0.000000e+00,0.000000e+00,0.000000e+00,0.000000e+00,0.000000e+00,0.000000e+00,0.000000e+00,0.000000e+00,0.000000e+00
3.758887e-01,3.263725e-02,5.520609e-02,2.713429e-01,4.008051e-03,7.350811e-03,2.169568e-03,7.815357e-03,8.770276e-03,1.457346e-02,8.779394e-03,1.433613e-02,8.970597e-03,2.313306e-03,1.858381e-01
3.032728e-01,4.581697e-02,4.147533e-02,2.015766e-01,5.884188e-03,7.706869e-03,3.065768e-03,5.761312e-03,7.098330e-02,1.350151e-02,9.453297e-03,1.240582e-02,1.039369e-02,2.887213e-03,2.658153e-01
2.297521e-01,3.864344e-02,3.868207e-02,2.216394e-01,6.333634e-03,7.015958e-03,3.088094e-03,4.336986e-03,7.263496e-02,1.471645e-02,9.701199e-03,1.081304e-02,9.570035e-03,3.067909e-03,3.300048e-01
1.613064e-01,2.861745e-02,7.577483e-02,3.674918e-01,4.546989e-03,5.100057e-03,2.213712e-03,3.060773e-03,5.742804e-02,1.262970e-02,7.787087e-03,7.921294e-03,6.886327e-03,2.209527e-03,2.570261e-01
1.241737e-01,4.077616e-02,5.560956e-02,2.757896e-01,3.806321e-03,4.549403e-03,1.655659e-03,2.211730e-03,8.849984e-02,1.140151e-02,1.205432e-02,6.287741e-03,1.057099e-02,4.146300e-03,3.584672e-01
8.975687e-02,3.820057e-02,5.274029e-02,3.540500e-01,3.731533e-03,3.911301e-03,1.249165e-03,1.615596e-03,8.741073e-02,1.234195e-02,1.052467e-02,4.536707e-03,7.749713e-03,3.539222e-03,3.286418e-01
6.982256e-02,4.593793e-02,5.460235e-02,3.417284e-01,2.906920e-03,3.043432e-03,9.088618e-04,1.193456e-03,8.607893e-02,1.489650e-02,1.330924e-02,3.593968e-03,6.442060e-03,8.183125e-03,3.473523e-01
9.357280e-02,3.654006e-02,4.826914e-02,2.546075e-01,4.130071e-03,3.608773e-03,8.583601e-04,1.002265e-03,8.789054e-02,1.399902e-02,2.527302e-02,3.441896e-03,6.285019e-03,1.645966e-02,4.040619e-01
8.482260e-02,3.517038e-02,3.653371e-02,1.953297e-01,3.912290e-03,3.825673e-03,7.704851e-04,1.021278e-03,2.138305e-01,1.451993e-02,2.042922e-02,2.972398e-03,8.203192e-03,1.603304e-02,3.626256e-01
8.834921e-02,4.566757e-02,2.831563e-02,1.439670e-01,3.842859e-03,4.875270e-03,9.676792e-04,9.891738e-04,2.663489e-01,1.521269e-02,1.591803e-02,3.127802e-03,2.182693e-02,3.487280e-02,3.257185e-01
8.813622e-02,3.530548e-02,2.120466e-02,1.025620e-01,3.414616e-03,4.516704e-03,8.707280e-04,9.148701e-04,2.861643e-01,1.228203e-02,1.216033e-02,2.718587e-03,2.183678e-02,3.727139e-02,3.706414e-01
9.294844e-02,2.945001e-02,1.942390e-02,8.281650e-02,3.284251e-03,4.306357e-03,1.069734e-03,1.288872e-03,4.022412e-01,9.240736e-03,9.708332e-03,3.471299e-03,2.094428e-02,2.826733e-02,2.915388e-01
1.908689e-01,2.545981e-02,1.539739e-02,6.316551e-02,5.245922e-03,8.803648e-03,1.995665e-03,3.131972e-03,3.361945e-01,6.836272e-03,1.115030e-02,5.365990e-03,2.400588e-02,2.448513e-02,2.778932e-01
2.870614e-01,2.187340e-02,1.349372e-02,4.965648e-02,9.263591e-03,1.455242e-02,2.579998e-03,5.022667e-03,2.519074e-01,5.177415e-03,1.913775e-02,6.732736e-03,2.175979e-02,3.034470e-02,2.614366e-01
2.971223e-01,2.002575e-02,1.092870e-02,4.088753e-02,8.797080e-03,1.504366e-02,2.318996e-03,5.230103e-03,2.050299e-01,6.165920e-03,1.922611e-02,6.419543e-03,1.912312e-02,4.526148e-02,2.984199e-01
3.212314e-01,2.207892e-02,8.958533e-03,3.482654e-02,8.662397e-03,1.378348e-02,2.209145e-03,5.670849e-03,2.242260e-01,9.036159e-03,1.756887e-02,5.873187e-03,1.745417e-02,4.590373e-02,2.625166e-01
4.243804e-01,2.589954e-02,7.678934e-03,3.154740e-02,7.875578e-03,1.245309e-02,1.970495e-03,6.049875e-03,1.901927e-01,9.977125e-03,1.462383e-02,6.666852e-03,1.606298e-02,3.663548e-02,2.079858e-01
3.764198e-01,3.218142e-02,8.204407e-03,3.451725e-02,6.618479e-03,1.077802e-02,1.604378e-03,5.494074e-03,2.606804e-01,1.520089e-02,1.264864e-02,6.865519e-03,1.429282e-02,2.685147e-02,1.876425e-01
3.239798e-01,3.439414e-02,1.391499e-02,3.085428e-02,5.924577e-03,8.946625e-03,1.428204e-03,6.126490e-03,3.179843e-01,2.034063e-02,2.168733e-02,5.732321e-03,1.205998e-02,2.973900e-02,1.668873e-01
2.420670e-01,4.856897e-02,1.023564e-02,2.177949e-02,4.181426e-03,6.650004e-03,1.065921e-03,4.386891e-03,3.457331e-01,2.031400e-02,3.485810e-02,5.949119e-03,9.769451e-03,1.080156e-01,1.364253e-01
1.818616e-01,5.120376e-02,7.376441e-03,1.532742e-02,2.995268e-03,6.618503e-03,7.948637e-04,3.198006e-03,3.138264e-01,1.498537e-02,2.008252e-01,1.048343e-02,8.642349e-03,8.261509e-02,9.924616e-02
1.507383e-01,4.268359e-02,6.884236e-03,1.203737e-02,3.047489e-03,9.442338e-02,1.489902e-03,2.940980e-03,2.256773e-01,1.240866e-02,2.788324e-01,2.761638e-02,6.962303e-03,6.230619e-02,7.195158e-02
1.457590e-01,3.852782e-02,5.780907e-03,8.777619e-03,2.558788e-03,1.842386e-01,1.773515e-03,2.599689e-03,1.630959e-01,9.707360e-03,2.855355e-01,4.282402e-02,5.610495e-03,5.120327e-02,5.200751e-02
1.388595e-01,3.483872e-02,5.662295e-03,7.052324e-03,2.389493e-03,2.982710e-01,1.556856e-03,2.141154e-03,1.232037e-01,7.519681e-03,2.362033e-01,6.096927e-02,4.967141e-03,3.885356e-02,3.751208e-02
1.087153e-01,2.943935e-02,4.891478e-03,5.778460e-03,2.378694e-03,3.853579e-01,1.348574e-03,2.043306e-03,9.088197e-02,6.704991e-03,2.307535e-01,6.916329e-02,4.344681e-03,3.036185e-02,2.783684e-02
8.495791e-02,2.291124e-02,4.001878e-03,4.516459e-03,1.904167e-03,5.104666e-01,1.148061e-03,1.714544e-03,6.548273e-02,5.093160e-03,1.814999e-01,7.059306e-02,3.397677e-03,2.193061e-02,2.038208e-02
1.028892e-01,1.922949e-02,3.780099e-03,4.136265e-03,2.074162e-03,5.712037e-01,1.330398e-03,1.713352e-03,4.843981e-02,4.006451e-03,1.460177e-01,5.888817e-02,2.811129e-03,1.748322e-02,1.599684e-02
1.716979e-01,2.020477e-02,3.647404e-03,5.709806e-03,4.708842e-03,5.312295e-01,2.059428e-03,2.178139e-03,4.150697e-02,4.033518e-03,1.231537e-01,5.429472e-02,3.314645e-03,1.547509e-02,1.678557e-02
1.241167e-01,1.466556e-02,2.776058e-03,4.210070e-03,3.568623e-03,6.247370e-01,1.580423e-03,1.583987e-03,2.931694e-02,3.220334e-03,1.192110e-01,4.393356e-02,2.672055e-03,1.159507e-02,1.281270e-02
8.743640e-02,1.031771e-02,1.987083e-03,2.963324e-03,2.518580e-03,6.625331e-01,1.149780e-03,1.126973e-03,2.054403e-02,2.389919e-03,1.370590e-01,5.043676e-02,2.039442e-03,8.305909e-03,9.192002e-03
6.255548e-02,7.287385e-03,1.437259e-03,2.107904e-03,1.781280e-03,5.915793e-01,8.465959e-04,8.100676e-04,1.440603e-02,1.869409e-03,2.001819e-01,1.009766e-01,1.583355e-03,5.953077e-03,6.624414e-03
4.723570e-02,5.194499e-03,1.099263e-03,1.515538e-03,1.257343e-03,4.413743e-01,6.447660e-04,6.005751e-04,1.014717e-02,1.499264e-03,2.697698e-01,2.093223e-01,1.154205e-03,4.345617e-03,4.839616e-03
3.370316e-02,3.705953e-03,9.058014e-04,1.083339e-03,9.015806e-04,3.128941e-01,4.826018e-04,4.413418e-04,7.146044e-03,1.156783e-03,2.932374e-01,3.368544e-01,8.383822e-04,3.189625e-03,3.459455e-03
2.385081e-02,3.043415e-03,2.150175e-03,8.200440e-04,1.270310e-03,2.200149e-01,4.032568e-04,4.234259e-04,5.198936e-03,8.754816e-04,2.398825e-01,4.965809e-01,6.154443e-04,2.322906e-03,2.547529e-03
1.705288e-02,3.364458e-03,4.800086e-03,6.297606e-04,2.487077e-03,1.543908e-01,4.462621e-04,1.023387e-03,4.911962e-03,6.440105e-04,1.788793e-01,6.273888e-01,4.575749e-04,1.678238e-03,1.845354e-03
1.247932e-02,3.075474e-03,4.762131e-03,5.004636e-04,2.785257e-03,1.086663e-01,6.044989e-04,2.154111e-03,4.636664e-03,5.008978e-04,1.321927e-01,7.246931e-01,3.574679e-04,1.262345e-03,1.329289e-03
9.259742e-03,5.166561e-03,5.788737e-03,5.116439e-04,3.554726e-03,7.655985e-02,1.422337e-03,1.426169e-02,9.618809e-03,4.943208e-04,9.866699e-02,7.724574e-01,2.932996e-04,9.847371e-04,9.592563e-04
6.737310e-03,4.461271e-03,7.252453e-03,4.023731e-04,4.761359e-03,5.457544e-02,2.460743e-03,1.430034e-02,1.254773e-02,8.166425e-04,7.484034e-02,8.149987e-01,3.111349e-04,8.228145e-04,7.114264e-04
4.903983e-03,3.784719e-03,2.530864e-02,5.039612e-04,2.219328e-02,3.996283e-02,5.832960e-03,1.413571e-02,1.831101e-02,1.174078e-03,7.889876e-02,7.831268e-01,3.498154e-04,8.963619e-04,6.171857e-04
3.785142e-03,3.843434e-03,3.304781e-02,6.006087e-04,3.900568e-02,3.023186e-02,6.612116e-03,1.515072e-02,2.506550e-02,1.684635e-03,1.659338e-01,6.723351e-01,6.839023e-04,1.415786e-03,6.039066e-04
3.019189e-03,5.342702e-03,2.643393e-02,5.584909e-04,3.895703e-02,2.409930e-02,8.408823e-03,1.363730e-02,3.158978e-02,2.240652e-03,2.755060e-01,5.671992e-01,9.481637e-04,1.502248e-03,5.573015e-04
2.765818e-03,1.823682e-02,2.335421e-02,7.043339e-04,3.214964e-02,1.904908e-02,6.988877e-03,1.356611e-02,4.742788e-02,2.683726e-03,4.002784e-01,4.291774e-01,1.135009e-03,1.579068e-03,9.036288e-04
2.391934e-03,3.581423e-02,1.991402e-02,7.210920e-04,2.563159e-02,1.597021e-02,5.395865e-03,1.028519e-02,4.780950e-02,2.737235e-03,5.178936e-01,3.113165e-01,1.378596e-03,1.612265e-03,1.128271e-03
3.309272e-03,9.980895e-02,1.775872e-02,8.575906e-04,3.020175e-02,1.500827e-02,4.358663e-03,1.058428e-02,9.924155e-02,2.229031e-03,4.883714e-01,2.239055e-01,1.607801e-03,1.636347e-03,1.120940e-03
5.776090e-03,1.684634e-01,1.801031e-02,1.421587e-03,4.666521e-02,1.943867e-02,5.030912e-03,1.759231e-02,1.555648e-01,1.903295e-03,3.943713e-01,1.587657e-01,3.710902e-03,1.616596e-03,1.668906e-03
6.258060e-03,1.937722e-01,1.480963e-02,2.360391e-03,4.125735e-02,3.965449e-02,3.842739e-03,1.701912e-02,2.080564e-01,1.608328e-03,3.479961e-01,1.139230e-01,6.063090e-03,1.418859e-03,1.960329e-03
1.123202e-02,1.766633e-01,1.570476e-02,5.542275e-03,4.362417e-02,5.181577e-02,3.338058e-03,2.528456e-02,2.982819e-01,1.470671e-03,2.676786e-01,8.596389e-02,9.097341e-03,1.935452e-03,2.367257e-03
2.397349e-02,1.650736e-01,1.423933e-02,7.141958e-03,4.200405e-02,7.064229e-02,3.005990e-03,3.810558e-02,2.760634e-01,1.448568e-03,2.597057e-01,6.863672e-02,2.202579e-02,2.446033e-03,5.487555e-03
7.122979e-02,1.259435e-01,1.187986e-02,9.671444e-03,6.350489e-02,7.515676e-02,3.118467e-03,5.654656e-02,2.715588e-01,1.278922e-03,2.034058e-01,5.187854e-02,4.201236e-02,4.034617e-03,8.779745e-03
7.431709e-02,1.063756e-01,1.237671e-02,8.790612e-03,5.965891e-02,1.032406e-01,4.241069e-03,9.773191e-02,2.786639e-01,1.378304e-03,1.482480e-01,4.190496e-02,4.596421e-02,3.758045e-03,1.335005e-02
9.138189e-02,8.328995e-02,9.579521e-03,7.777804e-03,6.057069e-02,1.114913e-01,4.089868e-03,1.755157e-01,2.596902e-01,1.105343e-03,1.068949e-01,3.132284e-02,3.993153e-02,4.411744e-03,1.294679e-02
1.550914e-01,6.949621e-02,7.170207e-03,6.909615e-03,8.267114e-02,1.033788e-01,3.513429e-03,1.429274e-01,2.754512e-01,8.536511e-04,7.756699e-02,2.385403e-02,3.350202e-02,4.125662e-03,1.348822e-02
1.842787e-01,5.388367e-02,5.444800e-03,5.892167e-03,1.187146e-01,8.690865e-02,4.370974e-03,1.254387e-01,2.750264e-01,6.944719e-04,5.826788e-02,3.160990e-02,3.523631e-02,3.709065e-03,1.052369e-02
1.829197e-01,5.466814e-02,8.540377e-03,1.139297e-02,1.129182e-01,7.222421e-02,5.328478e-03,1.137938e-01,2.917286e-01,3.423439e-03,4.152512e-02,2.458863e-02,3.360638e-02,3.557269e-03,3.978471e-02
1.999950e-01,5.955542e-02,8.681624e-03,1.078530e-02,1.154545e-01,5.817574e-02,5.064062e-03,1.222804e-01,3.006073e-01,2.555289e-03,3.131299e-02,1.801214e-02,2.918691e-02,4.734880e-03,3.359852e-02
2.228754e-01,4.819818e-02,1.718841e-02,2.697768e-02,1.038367e-01,4.906210e-02,4.651342e-03,1.130593e-01,2.743439e-01,3.517863e-03,2.374992e-02,1.446290e-02,2.560334e-02,6.330375e-03,6.614256e-02
2.416769e-01,4.119371e-02,2.576763e-02,3.282289e-02,9.594551e-02,4.334033e-02,5.567279e-03,1.025710e-01,2.396464e-01,5.525526e-03,2.404120e-02,1.318401e-02,2.401183e-02,2.196477e-02,8.274106e-02
2.386189e-01,4.624490e-02,2.427840e-02,2.690930e-02,9.594347e-02,5.479032e-02,5.334308e-03,8.981203e-02,2.471120e-01,4.621804e-03,2.663997e-02,1.299891e-02,3.211311e-02,2.550053e-02,6.908207e-02
2.132205e-01,3.567751e-02,5.440014e-02,6.692321e-02,1.040239e-01,4.307409e-02,4.851553e-03,8.039736e-02,2.100342e-01,5.215705e-03,2.795046e-02,1.389501e-02,4.634107e-02,2.762389e-02,6.637153e-02
1.930899e-01,3.348673e-02,6.593093e-02,5.555038e-02,9.120997e-02,4.556584e-02,4.071587e-03,6.075779e-02,1.687683e-01,6.088734e-03,2.717326e-02,1.483215e-02,7.343612e-02,6.171699e-02,9.832132e-02
1.638870e-01,2.907417e-02,6.743745e-02,4.256677e-02,7.760243e-02,3.907005e-02,3.099776e-03,4.393567e-02,1.325807e-01,6.160513e-03,2.720637e-02,1.197820e-02,6.079820e-02,1.565371e-01,1.380656e-01
1.463257e-01,2.451216e-02,1.608301e-01,4.567982e-02,6.195313e-02,3.652907e-02,2.482401e-03,3.191745e-02,1.164544e-01,6.103395e-03,2.836956e-02,2.316359e-02,5.507939e-02,1.455919e-01,1.150080e-01
1.407280e-01,2.026092e-02,1.597879e-01,3.520482e-02,5.117495e-02,4.103902e-02,2.234596e-03,2.452460e-02,9.486394e-02,8.082001e-03,2.913850e-02,2.629809e-02,4.733082e-02,2.125287e-01,1.068031e-01
1.051342e-01,1.498420e-02,1.247149e-01,2.502911e-02,3.617301e-02,3.604851e-02,1.653998e-03,1.724074e-02,7.210545e-02,2.712914e-02,3.022702e-02,2.264851e-02,3.520155e-02,3.602238e-01,9.148584e-02
7.534807e-02,1.107875e-02,8.937265e-02,1.766181e-02,2.548867e-02,2.586455e-02,1.235525e-03,1.211927e-02,5.363013e-02,3.066162e-02,3.266084e-02,1.774136e-02,2.535404e-02,5.098472e-01,7.193552e-02
5.430903e-02,8.089938e-03,6.425290e-02,1.270080e-02,1.831096e-02,1.848111e-02,1.008064e-03,8.844167e-03,3.977195e-02,3.461409e-02,2.859455e-02,1.387987e-02,1.867457e-02,6.162103e-01,6.225773e-02
4.668034e-02,6.427980e-03,5.326672e-02,9.724892e-03,1.474153e-02,1.363650e-02,1.113266e-03,6.894424e-03,3.115526e-02,7.328488e-02,2.456129e-02,1.431800e-02,1.410084e-02,6.411246e-01,4.896949e-02
3.482424e-02,4.916023e-03,3.996460e-02,8.011639e-03,1.178163e-02,1.036649e-02,1.080381e-03,5.205794e-03,3.389663e-02,1.050859e-01,1.997078e-02,1.714450e-02,1.198148e-02,6.540466e-01,4.172333e-02
2.593560e-02,4.202658e-03,2.926600e-02,6.526257e-03,9.522672e-03,7.737198e-03,1.054315e-03,3.942642e-03,3.340121e-02,1.668467e-01,1.695766e-02,2.258740e-02,1.042604e-02,6.292536e-01,3.234006e-02
2.041602e-02,5.223658e-03,2.658706e-02,5.896014e-03,8.086620e-03,7.474117e-03,9.103775e-04,3.184256e-03,4.040644e-02,2.645136e-01,1.512376e-02,2.711245e-02,1.078668e-02,5.385407e-01,2.573833e-02
1.937173e-02,8.045109e-03,3.613769e-02,9.104272e-03,1.217650e-02,7.521011e-03,1.723789e-03,1.156124e-02,6.193420e-02,3.449777e-01,1.907155e-02,3.419496e-02,3.026036e-02,3.842328e-01,1.968713e-02
2.231372e-02,8.189198e-03,9.028573e-02,1.032158e-02,1.640183e-02,1.080513e-02,1.853790e-03,3.061932e-02,6.605244e-02,2.756656e-01,2.965558e-02,6.301169e-02,8.304471e-02,2.751705e-01,1.660926e-02
2.193480e-02,1.123170e-02,7.151638e-02,1.999785e-02,3.517802e-02,1.087792e-02,1.643003e-03,2.504947e-02,1.529139e-01,2.530262e-01,2.861201e-02,6.446636e-02,8.975971e-02,1.984265e-01,1.536623e-02
2.139226e-02,1.094410e-02,5.037635e-02,1.652847e-02,4.603438e-02,8.631345e-03,1.501767e-03,1.821388e-02,3.445600e-01,1.824910e-01,2.459642e-02,5.145316e-02,7.261496e-02,1.394884e-01,1.117352e-02
1.607382e-02,9.957284e-03,3.528322e-02,1.173328e-02,3.661659e-02,6.256804e-03,1.095904e-03,1.288738e-02,5.306792e-01,1.279106e-01,1.764894e-02,3.651313e-02,5.159652e-02,9.770878e-02,8.038524e-03
1.562840e-02,7.824937e-03,2.471289e-02,8.297144e-03,3.807165e-02,4.769750e-03,9.529325e-04,9.192234e-03,6.501005e-01,8.972988e-02,1.334496e-02,2.607069e-02,3.716520e-02,6.842282e-02,5.716025e-03
2.222554e-02,5.796974e-03,1.744984e-02,6.267156e-03,8.642696e-02,1.137487e-02,1.404293e-03,9.667974e-03,6.689389e-01,6.290233e-02,9.762770e-03,1.867052e-02,2.714017e-02,4.792192e-02,4.049771e-03
5.035587e-02,4.955393e-03,1.238801e-02,5.017215e-03,1.370732e-01,1.119179e-02,2.346321e-03,8.036761e-03,6.421522e-01,4.419873e-02,8.033107e-03,1.469844e-02,2.292597e-02,3.366041e-02,2.966544e-03
9.703672e-02,5.259649e-03,9.016537e-03,7.651784e-03,1.463999e-01,1.138022e-02,2.384646e-03,8.361643e-03,6.162147e-01,3.144431e-02,7.311323e-03,1.270407e-02,1.863576e-02,2.394084e-02,2.257959e-03
1.319524e-01,4.508511e-03,8.519838e-03,1.621248e-02,1.364011e-01,1.000975e-02,2.143109e-03,3.270335e-02,5.691978e-01,2.245351e-02,9.327183e-03,1.852094e-02,1.887343e-02,1.736324e-02,1.813463e-03
1.690988e-01,4.262428e-03,6.782529e-03,1.993277e-02,1.128034e-01,9.055642e-03,2.258173e-03,2.610148e-02,5.436625e-01,1.929969e-02,1.444784e-02,3.159042e-02,2.501679e-02,1.380313e-02,1.884385e-03
2.295336e-01,4.233864e-03,5.567428e-03,4.297295e-02,9.278815e-02,1.019963e-02,2.004636e-03,2.623701e-02,4.755551e-01,1.447546e-02,1.682047e-02,4.186373e-02,2.242822e-02,1.265871e-02,2.660972e-03
2.773887e-01,4.373895e-03,5.376083e-03,7.233396e-02,7.543799e-02,1.495830e-02,2.108698e-03,3.473819e-02,3.640744e-01,1.108905e-02,1.842337e-02,7.955751e-02,2.453670e-02,1.188129e-02,3.721952e-03
2.078947e-01,4.837771e-03,5.596279e-03,1.243627e-01,5.398746e-02,1.267745e-02,1.542980e-03,2.565103e-02,2.681987e-01,2.612668e-02,1.608667e-01,6.473313e-02,2.655888e-02,9.109089e-03,7.856503e-03
1.462497e-01,4.284525e-03,4.126460e-03,1.006745e-01,3.804139e-02,9.304333e-03,1.104247e-03,1.819301e-02,1.908022e-01,1.890746e-02,3.724717e-01,5.846461e-02,2.387680e-02,7.663075e-03,5.835995e-03
1.053459e-01,4.195052e-03,3.191098e-03,8.898386e-02,2.752030e-02,7.740924e-03,8.620642e-04,1.383987e-02,1.423319e-01,1.405643e-02,4.958452e-01,5.325155e-02,2.554758e-02,1.285791e-02,4.430420e-03
7.473952e-02,5.818501e-03,5.709285e-03,1.561593e-01,2.062764e-02,7.072341e-03,7.016178e-04,1.026231e-02,1.182577e-01,1.042107e-02,4.911382e-01,4.400733e-02,2.355359e-02,2.773509e-02,3.796619e-03
5.396407e-02,5.729503e-03,1.067304e-02,3.024954e-01,1.531588e-02,6.418809e-03,5.122799e-04,7.517023e-03,1.075423e-01,8.111930e-03,3.948489e-01,3.663461e-02,1.948712e-02,2.713744e-02,3.611703e-03
3.942555e-02,8.313484e-03,9.267304e-03,2.243457e-01,1.573489e-02,4.986149e-03,3.876872e-04,5.475902e-03,1.320670e-01,9.506649e-03,4.711417e-01,3.114115e-02,1.596093e-02,2.848089e-02,3.765114e-03
2.976349e-02,7.681172e-03,7.546556e-03,1.666208e-01,1.240208e-02,5.358551e-03,3.457586e-04,5.400922e-03,1.230169e-01,8.752925e-03,5.457288e-01,2.408048e-02,1.338910e-02,4.673521e-02,3.177340e-03
2.296683e-02,6.686825e-03,5.643610e-03,1.256921e-01,1.067156e-02,5.325990e-03,2.936216e-04,4.200158e-03,1.279649e-01,9.283244e-03,5.826724e-01,1.789921e-02,1.101036e-02,6.697333e-02,2.715960e-03
1.857457e-02,8.488033e-03,1.030972e-02,9.681389e-02,1.006240e-02,6.110072e-03,3.016784e-04,4.377153e-03,2.470119e-01,6.961264e-03,4.964321e-01,1.302673e-02,9.511011e-03,6.958157e-02,2.437953e-03
2.341477e-02,9.007111e-03,4.522347e-02,8.129473e-02,8.708168e-03,9.855781e-03,3.613811e-04,3.832149e-03,2.704771e-01,5.607475e-03,4.583004e-01,9.322430e-03,8.916658e-03,6.299103e-02,2.687427e-03
6.831177e-02,8.887342e-03,8.488296e-02,6.417391e-02,7.326496e-03,1.881798e-02,4.655022e-04,3.308077e-03,3.320318e-01,5.469145e-03,3.327119e-01,6.604559e-03,6.618299e-03,5.239110e-02,7.999144e-03
8.401175e-02,1.771050e-02,1.494112e-01,6.515163e-02,7.522583e-03,1.829419e-02,4.540297e-04,2.801402e-03,3.431459e-01,5.593791e-03,2.361175e-01,4.690641e-03,4.892159e-03,4.225367e-02,1.794909e-02
1.049268e-01,2.720116e-02,1.825489e-01,7.346975e-02,9.226108e-03,3.554019e-02,5.145922e-04,2.621821e-03,3.106043e-01,6.100615e-03,1.678140e-01,3.345061e-03,3.680999e-03,4.286397e-02,2.954169e-02
9.367017e-02,6.578460e-02,1.842418e-01,1.138921e-01,9.178973e-03,3.309442e-02,5.780787e-04,2.087090e-03,2.533269e-01,6.558375e-03,1.183725e-01,2.500699e-03,3.311573e-03,3.347882e-02,7.992397e-02
1.358017e-01,8.039902e-02,2.257344e-01,9.523508e-02,1.259289e-02,4.163967e-02,8.096906e-04,2.236204e-03,1.890717e-01,5.602115e-03,8.537540e-02,2.151608e-03,2.765164e-03,4.021521e-02,8.037018e-02
1.089363e-01,9.938833e-02,1.945824e-01,1.868238e-01,2.353036e-02,3.439736e-02,8.394627e-04,2.143575e-03,1.544741e-01,5.032754e-03,6.132488e-02,1.801683e-03,2.320047e-03,3.327913e-02,9.112581e-02
1.258309e-01,8.881311e-02,2.092379e-01,2.416289e-01,2.678361e-02,2.859189e-02,7.771974e-04,2.046326e-03,1.145878e-01,4.163999e-03,4.428409e-02,2.053939e-03,2.075926e-03,2.742810e-02,8.169633e-02
1.349636e-01,7.773248e-02,2.583700e-01,2.324106e-01,2.506685e-02,2.297275e-02,7.137944e-04,2.162751e-03,9.428395e-02,4.831740e-03,3.251573e-02,2.059290e-03,1.804032e-03,2.374162e-02,8.637088e-02
1.791893e-01,6.215913e-02,2.814257e-01,2.370102e-01,2.245488e-02,1.888364e-02,8.934137e-04,3.330020e-03,7.459972e-02,4.591221e-03,2.458478e-02,3.358707e-03,1.786878e-03,1.824950e-02,6.748293e-02
2.287149e-01,5.941915e-02,2.719899e-01,2.159146e-01,2.572122e-02,1.818361e-02,1.191530e-03,4.184735e-03,6.153628e-02,4.756662e-03,1.955351e-02,4.535692e-03,2.356599e-03,1.511653e-02,6.682506e-02
3.264020e-01,5.480047e-02,2.068611e-01,2.078936e-01,3.292070e-02,1.922315e-02,1.288981e-03,6.207566e-03,4.924700e-02,3.758972e-03,1.711478e-02,6.241177e-03,3.669061e-03,1.288921e-02,5.148222e-02
3.854800e-01,5.732260e-02,1.520474e-01,1.837180e-01,3.590420e-02,4.362873e-02,2.169293e-03,9.601371e-03,3.678593e-02,3.896621e-03,1.672006e-02,1.111711e-02,4.204697e-03,1.357136e-02,4.383260e-02
4.137948e-01,4.781070e-02,1.105671e-01,1.494521e-01,3.713423e-02,1.217684e-01,2.930576e-03,8.655122e-03,2.771486e-02,4.464970e-03,1.384439e-02,1.217419e-02,4.033002e-03,1.136500e-02,3.429050e-02
3.947451e-01,3.899598e-02,8.169401e-02,1.176077e-01,3.479950e-02,1.014689e-01,2.442517e-03,7.213264e-03,5.656467e-02,3.725337e-02,2.891465e-02,1.164258e-02,6.632977e-03,2.013431e-02,5.989037e-02
3.825348e-01,3.508082e-02,6.037061e-02,8.641325e-02,2.933871e-02,8.148498e-02,2.178947e-03,6.211498e-03,7.609963e-02,5.268253e-02,2.399210e-02,1.113571e-02,7.087473e-03,5.123361e-02,9.415527e-02
3.365436e-01,2.916735e-02,4.397020e-02,7.266608e-02,2.191910e-02,5.891968e-02,1.858625e-03,5.366162e-03,1.728625e-01,5.308323e-02,1.962980e-02,1.072087e-02,7.987625e-03,5.113772e-02,1.141674e-01
2.753606e-01,2.128805e-02,3.263562e-02,5.512557e-02,1.552713e-02,4.250349e-02,1.391439e-03,3.990030e-03,3.370221e-01,4.369630e-02,1.490242e-02,8.044112e-03,6.688853e-03,4.189645e-02,9.992774e-02
2.544027e-01,1.579089e-02,2.419336e-02,4.008788e-02,1.103727e-02,3.176528e-02,1.021934e-03,2.989121e-03,3.696990e-01,7.444970e-02,1.131598e-02,6.032988e-03,6.027484e-03,4.731894e-02,1.038675e-01
1.981127e-01,1.142207e-02,1.737441e-02,2.819965e-02,7.776294e-03,2.336993e-02,7.421185e-04,2.159038e-03,3.114253e-01,1.370453e-01,8.833890e-03,4.579969e-03,4.784918e-03,1.609184e-01,8.325601e-02
1.644768e-01,8.477892e-03,1.238832e-02,1.989929e-02,5.557525e-03,1.727274e-02,5.588387e-04,1.591041e-03,2.934433e-01,1.626968e-01,7.333104e-03,3.684587e-03,4.433647e-03,1.858704e-01,1.123158e-01
1.180171e-01,6.121627e-03,8.861582e-03,1.398028e-02,4.032245e-03,1.227634e-02,4.055555e-04,1.129783e-03,2.763236e-01,1.468779e-01,6.847177e-03,2.784733e-03,3.663382e-03,1.517342e-01,2.469445e-01
8.375394e-02,4.622261e-03,1.159892e-02,1.029210e-02,2.967858e-03,8.891146e-03,2.970262e-04,8.168946e-04,3.337317e-01,1.138189e-01,7.882126e-03,2.433480e-03,3.991745e-03,1.144254e-01,3.004766e-01
6.005203e-02,6.533720e-03,1.637253e-02,1.015821e-02,1.476304e-02,7.864246e-03,5.860724e-04,8.258969e-04,2.920277e-01,8.308540e-02,1.751775e-02,2.748200e-03,1.018135e-02,8.306155e-02,3.942223e-01
4.283355e-02,5.398036e-03,1.390075e-02,3.953835e-02,1.416498e-02,5.931119e-03,5.213110e-04,8.893365e-04,4.470252e-01,5.876866e-02,1.460474e-02,2.045491e-03,8.159254e-03,5.840901e-02,2.878102e-01
3.096163e-02,4.422904e-03,1.054087e-02,6.677192e-02,1.191264e-02,8.599251e-03,4.799330e-04,8.035190e-04,5.019799e-01,4.186210e-02,4.453467e-02,3.025683e-03,1.215580e-02,4.191926e-02,2.200299e-01
2.186058e-02,3.531811e-03,8.760707e-03,9.876359e-02,1.466540e-02,6.648949e-03,3.797637e-04,7.983051e-04,5.779461e-01,2.957319e-02,3.769438e-02,3.624361e-03,1.180713e-02,2.944988e-02,1.544958e-01
2.107508e-02,4.292924e-03,7.756137e-03,7.867859e-02,1.371425e-02,6.393624e-03,5.048691e-04,7.514997e-04,6.135848e-01,2.179536e-02,6.315063e-02,7.350914e-03,2.290230e-02,2.157943e-02,1.164696e-01
1.622176e-02,3.826540e-03,6.746804e-03,6.220070e-02,1.518848e-02,5.210031e-03,5.849913e-04,3.571870e-03,6.712915e-01,1.622249e-02,6.743533e-02,7.722807e-03,2.403375e-02,1.561321e-02,8.412967e-02
1.701655e-02,1.141770e-02,1.080539e-02,6.497639e-02,1.226939e-02,5.802801e-03,4.831735e-04,2.921654e-03,6.922774e-01,1.250585e-02,5.157546e-02,7.570650e-03,2.232204e-02,1.162431e-02,7.643124e-02
1.502094e-02,4.022544e-02,2.551311e-02,1.054267e-01,1.058824e-02,7.571553e-03,3.908251e-04,2.215529e-03,6.309326e-01,9.038400e-03,4.241304e-02,8.289218e-03,2.920270e-02,8.850428e-03,6.432123e-02
3.207877e-02,3.508036e-02,2.370873e-02,9.331699e-02,7.947520e-03,1.267243e-02,5.058394e-04,2.272253e-03,4.757989e-01,8.562306e-03,6.760943e-02,6.391938e-02,6.108600e-02,2.119963e-02,9.424148e-02
3.242449e-02,2.942425e-02,2.200625e-02,7.151492e-02,7.694792e-03,1.679545e-02,7.086607e-04,3.422688e-03,3.643739e-01,8.578390e-03,1.632160e-01,9.224547e-02,1.016515e-01,1.776950e-02,6.817365e-02
3.869607e-02,2.577867e-02,2.039570e-02,5.439681e-02,1.004912e-02,2.511293e-02,1.067190e-03,5.260936e-03,2.966814e-01,9.519866e-03,2.180043e-01,1.171350e-01,1.087911e-01,1.851196e-02,5.059890e-02
5.180983e-02,3.300100e-02,5.228690e-02,4.477857e-02,2.173339e-02,5.799620e-02,1.608644e-03,1.139761e-02,2.371891e-01,1.048459e-02,1.969049e-01,1.225051e-01,1.036659e-01,1.680720e-02,3.783084e-02
5.054827e-02,4.664023e-02,5.861296e-02,3.690992e-02,2.539354e-02,1.250266e-01,1.834583e-03,1.412649e-02,1.996140e-01,1.139862e-02,1.595908e-01,1.332708e-01,9.049786e-02,1.603397e-02,3.050144e-02
5.468071e-02,6.565591e-02,5.169191e-02,2.799377e-02,3.112639e-02,2.230197e-01,1.969596e-03,1.357868e-02,1.789987e-01,1.133176e-02,1.177958e-01,1.131809e-01,7.337838e-02,1.226598e-02,2.333191e-02
5.911061e-02,8.027837e-02,4.666398e-02,2.136578e-02,5.065791e-02,1.976791e-01,2.828109e-03,1.812170e-02,2.059465e-01,1.427361e-02,8.785480e-02,1.172920e-01,6.673888e-02,1.099616e-02,2.019245e-02
6.699617e-02,6.301844e-02,5.933295e-02,1.763033e-02,6.153150e-02,1.659828e-01,6.244302e-03,9.909412e-02,1.807516e-01,1.467736e-02,6.863099e-02,1.087857e-01,6.176316e-02,1.002453e-02,1.553612e-02
1.115035e-01,6.638420e-02,5.860656e-02,1.590279e-02,5.952312e-02,1.693012e-01,5.897262e-03,8.194613e-02,1.724782e-01,1.833016e-02,5.398745e-02,1.054447e-01,5.291544e-02,8.931698e-03,1.884766e-02
1.722735e-01,7.243740e-02,4.585730e-02,1.601934e-02,5.399865e-02,1.407754e-01,4.937833e-03,6.294686e-02,1.780569e-01,2.228237e-02,4.459442e-02,1.120677e-01,4.590289e-02,9.240474e-03,1.860891e-02
1.472878e-01,9.728056e-02,5.924992e-02,7.547799e-02,5.436759e-02,1.037023e-01,3.939765e-03,4.937671e-02,1.578917e-01,3.434000e-02,4.585123e-02,8.668739e-02,3.516605e-02,7.834931e-03,4.154602e-02
1.554039e-01,8.773512e-02,7.672711e-02,8.140810e-02,5.077479e-02,8.086298e-02,3.520598e-03,4.396309e-02,1.463352e-01,5.368566e-02,4.328986e-02,9.044991e-02,2.833535e-02,7.412198e-03,5.009602e-02
1.270482e-01,7.894097e-02,1.490618e-01,6.603301e-02,4.094739e-02,6.277355e-02,2.929584e-03,3.375530e-02,1.226366e-01,1.067880e-01,4.056519e-02,8.168300e-02,2.123736e-02,7.048578e-03,5.855140e-02
1.478426e-01,7.003470e-02,2.283709e-01,5.530800e-02,3.284013e-02,4.870734e-02,2.802571e-03,2.946560e-02,1.022472e-01,9.418726e-02,3.255551e-02,8.146879e-02,1.668015e-02,5.942478e-03,5.154684e-02
2.154250e-01,7.768485e-02,1.789936e-01,4.878992e-02,2.632391e-02,3.911914e-02,2.364005e-03,2.853182e-02,9.429353e-02,7.839923e-02,3.284655e-02,1.135252e-01,1.473207e-02,6.475904e-03,4.249531e-02
2.121784e-01,9.134509e-02,1.898380e-01,6.059872e-02,1.944936e-02,3.046222e-02,1.911409e-03,2.377674e-02,1.062194e-01,7.960367e-02,2.742673e-02,8.284613e-02,1.264287e-02,7.639994e-03,5.406125e-02
1.612486e-01,1.257702e-01,1.452618e-01,6.151880e-02,1.648483e-02,2.419211e-02,1.572777e-03,2.651842e-02,2.185997e-01,6.572761e-02,2.632327e-02,5.942849e-02,1.075390e-02,6.475171e-03,5.012438e-02
1.163823e-01,1.544688e-01,1.505142e-01,9.655421e-02,1.230133e-02,1.850166e-02,1.152964e-03,1.952121e-02,2.306336e-01,6.028690e-02,2.192961e-02,4.244850e-02,8.900425e-03,5.400698e-03,6.100350e-02
8.475724e-02,1.822320e-01,1.750551e-01,1.016552e-01,9.260091e-03,1.409201e-02,8.638902e-04,1.409314e-02,2.126956e-01,6.495838e-02,1.671551e-02,3.014083e-02,7.393664e-03,4.491795e-03,8.159567e-02
6.311312e-02,1.750337e-01,1.666061e-01,8.485577e-02,7.203446e-03,1.122722e-02,6.764993e-04,1.078825e-02,2.129173e-01,9.847788e-02,1.916179e-02,2.286267e-02,1.082574e-02,7.541153e-03,1.087094e-01
