1.000000e+00,0.000000e+00,0.000000e+00,0.000000e+00,0.000000e+00,0.000000e+00,0.000000e+00,0.000000e+00,0.000000e+00,0.000000e+00,0.000000e+00,0.000000e+00,0.000000e+00,0.000000e+00,0.000000e+00
1.000000e+00,0.000000e+00,0.000000e+00,0.000000e+00,0.000000e+00,0.000000e+00,0.000000e+00,0.000000e+00,0.000000e+00,0.000000e+00,0.000000e+00,0.000000e+00,0.000000e+00,0.000000e+00,0.000000e+00
1.000000e+00,0.000000e+00,0.000000e+00,0.000000e+00,0.000000e+00,0.000000e+00,0.000000e+00,0.000000e+00,0.000000e+00,0.000000e+00,0.000000e+00,0.000000e+00,0.000000e+00,0.000000e+00,0.000000e+00
1.000000e+00,0.000000e+00,0.000000e+00,0.000000e+00,0.000000e+00,0.000000e+00,0.000000e+00,0.000000e+00,0.000000e+00,0.000000e+00,0.000000e+00,0.000000e+00,0.000000e+00,0.000000e+00,0.000000e+00
1.000000e+00,0.000000e+00,0.000000e+00,0.000000e+00,0.000000e+00,0.000000e+00,0.000000e+00,0.000000e+00,0.000000e+00,0.000000e+00,0.000000e+00,0.000000e+00,0.000000e+00,0.000000e+00,0.000000e+00
1.000000e+00,0.000000e+00,0.000000e+00,0.000000e+00,0.000000e+00,0.000000e+00,0.000000e+00,0.000000e+00,0.000000e+00,0.000000e+00,0.000000e+00,0.000000e+00,0.000000e+00,0.000000e+00,0.000000e+00
1.000000e+00,0.000000e+00,0.000000e+00,0.000000e+00,0.000000e+00,0.000000e+00,0.000000e+00,0.000000e+00,0.000000e+00,0.000000e+00,0.000000e+00,0.000000e+00,0.000000e+00,0.000000e+00,0.000000e+00
1.000000e+00,0.000000e+00,0.000000e+00,0.000000e+00,0.000000e+00,0.000000e+00,0.000000e+00,0.000000e+00,0.000000e+00,0.000000e+00,0.000000e+00,0.000000e+00,0.000000e+00,0.000000e+00,0.000000e+00
1.000000e+00,0.000000e+00,0.000000e+00,0.000000e+00,0.000000e+00,0.000000e+00,0.000000e+00,0.000000e+00,0.000000e+00,0.000000e+00,0.000000e+00,0.000000e+00,0.000000e+00,0.000000e+00,0.000000e+00
1.000000e+00,0.000000e+00,0.000000e+00,0.000000e+00,0.000000e+00,0.000000e+00,0.000000e+00,0.000000e+00,0.000000e+00,0.000000e+00,0.000000e+00,0.000000e+00,0.000000e+00,0.000000e+00,0.000000e+00
1.000000e+00,0.000000e+00,0.000000e+00,0.000000e+00,0.000000e+00,0.000000e+00,0.000000e+00,0.000000e+00,0.000000e+00,0.000000e+00,0.000000e+00,0.000000e+00,0.000000e+00,0.000000e+00,0.000000e+00
1.000000e+00,0.000000e+00,0.000000e+00,0.000000e+00,0.000000e+00,0.000000e+00,0.000000e+00,0.000000e+00,0.000000e+00,0.000000e+00,0.000000e+00,0.000000e+00,0.000000e+00,0.000000e+00,0.000000e+00
1.000000e+00,0.000000e+00,0.000000e+00,0.000000e+00,0.000000e+00,0.000000e+00,0.000000e+00,0.000000e+00,0.000000e+00,0.000000e+00,0.000000e+00,0.000000e+00,0.000000e+00,0.000000e+00,0.000000e+00
1.000000e+00,0.000000e+00,0.000000e+00,0.000000e+00,0.000000e+00,0.000000e+00,0.000000e+00,0.000000e+00,0.000000e+00,0.000000e+00,0.000000e+00,0.000000e+00,0.000000e+00,0.000000e+00,0.000000e+00
1.000000e+00,0.000000e+00,0.000000e+00,0.000000e+00,0.000000e+00,0.000000e+00,0.000000e+00,0.000000e+00,0.000000e+00,0.000000e+00,0.000000e+00,0.000000e+00,0.000000e+00,0.000000e+00,0.000000e+00
1.000000e+00,0.000000e+00,0.000000e+00,0.000000e+00,0.000000e+00,0.000000e+00,0.000000e+00,0.000000e+00,0.000000e+00,0.000000e+00,0.000000e+00,0.000000e+00,0.000000e+00,0.000000e+00,0.000000e+00
1.000000e+00,0.000000e+00,0.000000e+00,0.000000e+00,0.000000e+00,0.000000e+00,0.000000e+00,0.000000e+00,0.000000e+00,0.000000e+00,0.000000e+00,0.000000e+00,0.000000e+00,0.000000e+00,0.000000e+00
1.000000e+00,0.000000e+00,0.000000e+00,0.000000e+00,0.000000e+00,0.000000e+00,0.000000e+00,0.000000e+00,0.000000e+00,0.000000e+00,0.000000e+00,0.000000e+00,0.000000e+00,0.000000e+00,0.000000e+00
1.000000e+00,0.000000e+00,0.000000e+00,0.000000e+00,0.000000e+00,0.000000e+00,0.000000e+00,0.000000e+00,0.000000e+00,0.000000e+00,0.000000e+00,0.000000e+00,0.000000e+00,0.000000e+00,0.000000e+00
1.000000e+00,0.000000e+00,0.000000e+00,0.000000e+00,0.000000e+00,0.000000e+00,0.000000e+00,0.000000e+00,0.000000e+00,0.000000e+00,0.000000e+00,0.000000e+00,0.000000e+00,0.000000e+00,0.000000e+00
1.000000e+00,0.000000e+00,0.000000e+00,0.000000e+00,0.000000e+00,0.000000e+00,0.000000e+00,0.000000e+00,0.000000e+00,0.000000e+00,0.000000e+00,0.000000e+00,0.000000e+00,0.000000e+00,0.000000e+00
1.000000e+00,0.000000e+00,0.000000e+00,0.000000e+00,0.000000e+00,0.000000e+00,0.000000e+00,0.000000e+00,0.000000e+00,0.000000e+00,0.000000e+00,0.000000e+00,0.000000e+00,0.000000e+00,0.000000e+00
1.000000e+00,0.000000e+00,0.000000e+00,0.000000e+00,0.000000e+00,0.000000e+00,0.000000e+00,0.000000e+00,0.000000e+00,0.000000e+00,0.000000e+00,0.000000e+00,0.000000e+00,0.000000e+00,0.000000e+00
1.000000e+00,0.000000e+00,0.000000e+00,0.000000e+00,0.000000e+00,0.000000e+00,0.000000e+00,0.000000e+00,0.000000e+00,0.000000e+00,0.000000e+00,0.000000e+00,0.000000e+00,0.000000e+00,0.000000e+00
1.000000e+00,0.000000e+00,0.000000e+00,0.000000e+00,0.000000e+00,0.000000e+00,0.000000e+00,0.000000e+00,0.000000e+00,0.000000e+00,0.000000e+00,0.000000e+00,0.000000e+00,0.000000e+00,0.000000e+00
1.000000e+00,0.000000e+00,0.000000e+00,0.000000e+00,0.000000e+00,0.000000e+00,0.000000e+00,0.000000e+00,0.000000e+00,0.000000e+00,0.000000e+00,0.000000e+00,0.000000e+00,0.000000e+00,0.000000e+00
1.000000e+00,0.000000e+00,0.000000e+00,0.000000e+00,0.000000e+00,0.000000e+00,0.000000e+00,0.000000e+00,0.000000e+00,0.000000e+00,0.000000e+00,0.000000e+00,0.000000e+00,0.000000e+00,0.000000e+00
1.000000e+00,0.000000e+00,0.000000e+00,0.000000e+00,0.000000e+00,0.000000e+00,0.000000e+00,0.000000e+00,0.000000e+00,0.000000e+00,0.000000e+00,0.000000e+00,0.000000e+00,0.000000e+00,0.000000e+00
1.000000e+00,0.000000e+00,0.000000e+00,0.000000e+00,0.000000e+00,0.000000e+00,0.000000e+00,0.000000e+00,0.000000e+00,0.000000e+00,0.000000e+00,0.000000e+00,0.000000e+00,0.000000e+00,0.000000e+00
1.000000e+00,0.000000e+00,0.000000e+00,0.000000e+00,0.000000e+00,0.000000e+00,0.000000e+00,0.000000e+00,0.000000e+00,0.000000e+00,0.000000e+00,0.000000e+00,0.000000e+00,0.000000e+00,0.000000e+00
1.000000e+00,0.000000e+00,0.000000e+00,0.000000e+00,0.000000e+00,0.000000e+00,0.000000e+00,0.000000e+00,0.000000e+00,0.000000e+00,0.000000e+00,0.000000e+00,0.000000e+00,0.000000e+00,0.000000e+00
1.000000e+00,0.000000e+00,0.000000e+00,0.000000e+00,0.000000e+00,0.000000e+00,0.000000e+00,0.000000e+00,0.000000e+00,0.000000e+00,0.000000e+00,0.000000e+00,0.000000e+00,0.000000e+00,0.000000e+00
1.000000e+00,0.000000e+00,0.000000e+00,0.000000e+00,0.000000e+00,0.000000e+00,0.000000e+00,0.000000e+00,0.000000e+00,0.000000e+00,0.000000e+00,0.000000e+00,0.000000e+00,0.000000e+00,0.000000e+00
1.000000e+00,0.000000e+00,0.000000e+00,0.000000e+00,0.000000e+00,0.000000e+00,0.000000e+00,0.000000e+00,0.000000e+00,0.000000e+00,0.000000e+00,0.000000e+00,0.000000e+00,0.000000e+00,0.000000e+00
1.000000e+00,0.000000e+00,0.000000e+00,0.000000e+00,0.000000e+00,0.000000e+00,0.000000e+00,0.000000e+00,0.000000e+00,0.000000e+00,0.000000e+00,0.000000e+00,0.000000e+00,0.000000e+00,0.000000e+00
1.000000e+00,0.000000e+00,0.000000e+00,0.000000e+00,0.000000e+00,0.000000e+00,0.000000e+00,0.000000e+00,0.000000e+00,0.000000e+00,0.000000e+00,0.000000e+00,0.000000e+00,0.000000e+00,0.000000e+00
1.000000e+00,0.000000e+00,0.000000e+00,0.000000e+00,0.000000e+00,0.000000e+00,0.000000e+00,0.000000e+00,0.000000e+00,0.000000e+00,0.000000e+00,0.000000e+00,0.000000e+00,0.000000e+00,0.000000e+00
1.000000e+00,0.000000e+00,0.000000e+00,0.000000e+00,0.000000e+00,0.000000e+00,0.000000e+00,0.000000e+00,0.000000e+00,0.000000e+00,0.000000e+00,0.000000e+00,0.000000e+00,0.000000e+00,0.000000e+00
1.000000e+00,0.000000e+00,0.000000e+00,0.000000e+00,0.000000e+00,0.000000e+00,0.000000e+00,0.000000e+00,0.000000e+00,0.000000e+00,0.000000e+00,0.000000e+00,0.000000e+00,0.000000e+00,0.000000e+00
1.000000e+00,0.000000e+00,0.000000e+00,0.000000e+00,0.000000e+00,0.000000e+00,0.000000e+00,0.000000e+00,0.000000e+00,0.000000e+00,0.000000e+00,0.000000e+00,0.000000e+00,0.000000e+00,0.000000e+00
1.000000e+00,0.000000e+00,0.000000e+00,0.000000e+00,0.000000e+00,0.000000e+00,0.000000e+00,0.000000e+00,0.000000e+00,0.000000e+00,0.000000e+00,0.000000e+00,0.000000e+00,0.000000e+00,0.000000e+00
1.000000e+00,0.000000e+00,0.000000e+00,0.000000e+00,0.000000e+00,0.000000e+00,0.000000e+00,0.000000e+00,0.000000e+00,0.000000e+00,0.000000e+00,0.000000e+00,0.000000e+00,0.000000e+00,0.000000e+00
1.000000e+00,0.000000e+00,0.000000e+00,0.000000e+00,0.000000e+00,0.000000e+00,0.000000e+00,0.000000e+00,0.000000e+00,0.000000e+00,0.000000e+00,0.000000e+00,0.000000e+00,0.000000e+00,0.000000e+00
1.000000e+00,0.000000e+00,0.000000e+00,0.000000e+00,0.000000e+00,0.000000e+00,0.000000e+00,0.000000e+00,0.000000e+00,0.000000e+00,0.000000e+00,0.000000e+00,0.000000e+00,0.000000e+00,0.000000e+00
1.000000e+00,0.000000e+00,0.000000e+00,0.000000e+00,0.000000e+00,0.000000e+00,0.000000e+00,0.000000e+00,0.000000e+00,0.000000e+00,0.000000e+00,0.000000e+00,0.000000e+00,0.000000e+00,0.000000e+00
1.000000e+00,0.000000e+00,0.000000e+00,0.000000e+00,0.000000e+00,0.000000e+00,0.000000e+00,0.000000e+00,0.000000e+00,0.000000e+00,0.000000e+00,0.000000e+00,0.000000e+00,0.000000e+00,0.000000e+00
1.000000e+00,0.000000e+00,0.000000e+00,0.000000e+00,0.000000e+00,0.000000e+00,0.000000e+00,0.000000e+00,0.000000e+00,0.000000e+00,0.000000e+00,0.000000e+00,0.000000e+00,0.000000e+00,0.000000e+00
1.000000e+00,0.000000e+00,0.000000e+00,0.000000e+00,0.000000e+00,0.000000e+00,0.000000e+00,0.000000e+00,0.000000e+00,0.000000e+00,0.000000e+00,0.000000e+00,0.000000e+00,0.000000e+00,0.000000e+00
1.000000e+00,0.000000e+00,0.000000e+00,0.000000e+00,0.000000e+00,0.000000e+00,0.000000e+00,0.000000e+00,0.000000e+00,0.000000e+00,0.000000e+00,0.000000e+00,0.000000e+00,0.000000e+00,0.000000e+00
1.000000e+00,0.000000e+00,0.000000e+00,0.000000e+00,0.000000e+00,0.000000e+00,0.000000e+00,0.000000e+00,0.000000e+00,0.000000e+00,0.000000e+00,0.000000e+00,0.000000e+00,0.000000e+00,0.000000e+00
1.000000e+00,0.000000e+00,0.000000e+00,0.000000e+00,0.000000e+00,0.000000e+00,0.000000e+00,0.000000e+00,0.000000e+00,0.000000e+00,0.000000e+00,0.000000e+00,0.000000e+00,0.000000e+00,0.000000e+00
1.000000e+00,0.000000e+00,0.000000e+00,0.000000e+00,0.000000e+00,0.000000e+00,0.000000e+00,0.000000e+00,0.000000e+00,0.000000e+00,0.000000e+00,0.000000e+00,0.000000e+00,0.000000e+00,0.000000e+00
1.000000e+00,0.000000e+00,0.000000e+00,0.000000e+00,0.000000e+00,0.000000e+00,0.000000e+00,0.000000e+00,0.000000e+00,0.000000e+00,0.000000e+00,0.000000e+00,0.000000e+00,0.000000e+00,0.000000e+00
1.000000e+00,0.000000e+00,0.000000e+00,0.000000e+00,0.000000e+00,0.000000e+00,0.000000e+00,0.000000e+00,0.000000e+00,0.000000e+00,0.000000e+00,0.000000e+00,0.000000e+00,0.000000e+00,0.000000e+00
1.000000e+00,0.000000e+00,0.000000e+00,0.000000e+00,0.000000e+00,0.000000e+00,0.000000e+00,0.000000e+00,0.000000e+00,0.000000e+00,0.000000e+00,0.000000e+00,0.000000e+00,0.000000e+00,0.000000e+00
1.000000e+00,0.000000e+00,0.000000e+00,0.000000e+00,0.000000e+00,0.000000e+00,0.000000e+00,0.000000e+00,0.000000e+00,0.000000e+00,0.000000e+00,0.000000e+00,0.000000e+00,0.000000e+00,0.000000e+00
4.304650e-01,4.184845e-02,2.818319e-01,1.266603e-01,4.062488e-03,1.122474e-02,2.472219e-03,7.190072e-03,8.359635e-03,3.674457e-03,9.201413e-03,1.494707e-02,1.263931e-02,1.999733e-03,4.342308e-02
3.028843e-01,6.770102e-02,2.502407e-01,1.466472e-01,3.141727e-03,8.239548e-03,1.795712e-03,5.177585e-03,2.239160e-02,1.708464e-02,2.578930e-02,1.294462e-02,1.070482e-02,3.462138e-03,1.217951e-01
2.165444e-01,1.013704e-01,2.094480e-01,1.227769e-01,2.523015e-03,6.703077e-03,1.328578e-03,4.045547e-03,2.600693e-02,6.960361e-02,8.685894e-02,1.305328e-02,1.276571e-02,7.362306e-03,1.196093e-01
1.534917e-01,9.735134e-02,1.531352e-01,9.812990e-02,2.002132e-03,5.102407e-03,9.680588e-04,3.331980e-03,2.590838e-02,6.095461e-02,2.686746e-01,1.938958e-02,1.062986e-02,1.189972e-02,8.903050e-02
1.077461e-01,6.875947e-02,1.073442e-01,6.939321e-02,2.115191e-03,3.780514e-03,7.139941e-04,2.438956e-03,2.273198e-02,5.358848e-02,4.586532e-01,1.530535e-02,7.749992e-03,1.633804e-02,6.334127e-02
7.544304e-02,4.820834e-02,7.515116e-02,4.870697e-02,3.576766e-03,2.793471e-03,5.156308e-04,1.730128e-03,1.610686e-02,3.855643e-02,6.131945e-01,1.181303e-02,5.593784e-03,1.410025e-02,4.450971e-02
5.299281e-02,3.391060e-02,5.279515e-02,3.479056e-02,1.660828e-02,6.603255e-03,6.439970e-04,1.447195e-03,1.186843e-02,2.779555e-02,6.944610e-01,1.330705e-02,4.633113e-03,1.637665e-02,3.176631e-02
3.718849e-02,2.379650e-02,3.698563e-02,2.496286e-02,1.534321e-02,9.507329e-03,4.822974e-04,1.045174e-03,8.522258e-03,1.963089e-02,7.660630e-01,1.626980e-02,3.701145e-03,1.408912e-02,2.241225e-02
2.740495e-02,1.689983e-02,2.622513e-02,1.834880e-02,2.208821e-02,3.282516e-02,4.163604e-04,8.332398e-04,6.406003e-03,1.426980e-02,7.544411e-01,4.282963e-02,3.632230e-03,1.700674e-02,1.637277e-02
2.056080e-02,1.200441e-02,1.851334e-02,1.495151e-02,2.806883e-02,3.706622e-02,3.138556e-04,6.763687e-04,5.330258e-03,1.080840e-02,7.008969e-01,1.070935e-01,3.632812e-03,2.772247e-02,1.236035e-02
1.490348e-02,8.457445e-03,1.303027e-02,1.182062e-02,3.226347e-02,3.986331e-02,2.381862e-04,5.497169e-04,4.342175e-03,8.251627e-03,6.560003e-01,1.662053e-01,3.729112e-03,3.111684e-02,9.228211e-03
1.473679e-02,6.104880e-03,9.400520e-03,8.936130e-03,3.188686e-02,3.964212e-02,2.340708e-04,6.938359e-04,3.557225e-03,6.542533e-03,5.914071e-01,2.440691e-01,3.883813e-03,3.173845e-02,7.166570e-03
1.163479e-02,4.473482e-03,6.820858e-03,6.395957e-03,2.841835e-02,3.389341e-02,2.184529e-04,6.152926e-04,3.084360e-03,5.501910e-03,4.757096e-01,3.819733e-01,3.117696e-03,3.254721e-02,5.595221e-03
9.478158e-03,3.349060e-03,4.999681e-03,4.812619e-03,2.434778e-02,2.583170e-02,2.620348e-04,1.020536e-03,2.555091e-03,4.780219e-03,3.764140e-01,5.062926e-01,2.496071e-03,2.931110e-02,4.049298e-03
1.177725e-02,3.479928e-03,3.877375e-03,4.044655e-03,2.245301e-02,1.931505e-02,4.612208e-04,1.732797e-03,2.185881e-03,3.742741e-03,3.436712e-01,5.535976e-01,2.228134e-03,2.443874e-02,2.994437e-03
1.177011e-02,2.938222e-03,2.981220e-03,3.129088e-03,1.709674e-02,1.441810e-02,5.234155e-04,1.864555e-03,1.690597e-03,2.957760e-03,3.076649e-01,6.100875e-01,1.894130e-03,1.883267e-02,2.151020e-03
1.633175e-02,4.366335e-03,2.840830e-03,2.953148e-03,1.744850e-02,1.142658e-02,6.363585e-04,4.350259e-03,1.555794e-03,2.274875e-03,2.664985e-01,6.501837e-01,1.717501e-03,1.577479e-02,1.641007e-03
1.318558e-02,5.425628e-03,2.597661e-03,2.203355e-03,1.411170e-02,8.470030e-03,5.440521e-04,3.842539e-03,1.500409e-03,1.951791e-03,2.332204e-01,6.975982e-01,1.571062e-03,1.255993e-02,1.217659e-03
9.577124e-03,1.043232e-02,4.913599e-03,1.642530e-03,1.157895e-02,6.663793e-03,4.852700e-04,3.493316e-03,1.955498e-03,3.336138e-03,2.537908e-01,6.804340e-01,1.186008e-03,9.522447e-03,9.881363e-04
7.800310e-03,7.914849e-03,3.738094e-03,1.199265e-03,9.641732e-03,5.009570e-03,4.477369e-04,2.983405e-03,1.676982e-03,3.126562e-03,2.553646e-01,6.917170e-01,1.086650e-03,7.568436e-03,7.247782e-04
6.913615e-03,1.117629e-02,4.232610e-03,9.306478e-04,1.692195e-02,5.698798e-03,5.808531e-04,3.434235e-03,5.997537e-03,3.275580e-03,2.171507e-01,7.157643e-01,9.109171e-04,6.297344e-03,7.145986e-04
5.824170e-03,1.105510e-02,1.221022e-02,9.294288e-04,1.776210e-02,6.277300e-03,4.244858e-03,6.957111e-03,1.602159e-02,5.174692e-03,1.759022e-01,7.308930e-01,7.739706e-04,5.271161e-03,7.030600e-04
4.788172e-03,8.420289e-03,1.569182e-02,8.389737e-04,2.127130e-02,5.036114e-03,4.618893e-03,1.005710e-02,2.061778e-02,5.866726e-03,1.508465e-01,7.460442e-01,6.350123e-04,4.686674e-03,5.804058e-04
5.863245e-03,6.861146e-03,1.954671e-02,1.114840e-03,2.433710e-02,6.607559e-03,6.050101e-03,1.321234e-02,3.115364e-02,2.732425e-02,1.485393e-01,7.040540e-01,6.435043e-04,4.075611e-03,6.166505e-04
6.580562e-03,8.509947e-03,1.817234e-02,1.024264e-03,4.771861e-02,7.187659e-03,5.538777e-03,1.469968e-02,1.072191e-01,3.876349e-02,1.854908e-01,5.539032e-01,7.639003e-04,3.656123e-03,7.716167e-04
6.417955e-03,1.495094e-02,1.690951e-02,1.266660e-03,4.941072e-02,6.340790e-03,5.352238e-03,2.424285e-02,2.486780e-01,3.985758e-02,1.560910e-01,4.259345e-01,7.094688e-04,3.015837e-03,8.219794e-04
6.737439e-03,2.043377e-02,1.239574e-02,1.163817e-03,4.514720e-02,1.137439e-02,3.805730e-03,1.935767e-02,4.240843e-01,3.705487e-02,1.142796e-01,3.001760e-01,5.747493e-04,2.367927e-03,1.046854e-03
7.961665e-03,2.263071e-02,9.669566e-03,1.473882e-03,5.510946e-02,1.118106e-02,2.726370e-03,2.053785e-02,5.398098e-01,3.342707e-02,8.127041e-02,2.107361e-01,4.699665e-04,1.770898e-03,1.225227e-03
1.121080e-02,2.129085e-02,7.463247e-03,1.384492e-03,7.975818e-02,1.290093e-02,2.217229e-03,1.858061e-02,6.057163e-01,2.967511e-02,5.859788e-02,1.479615e-01,3.965892e-04,1.424979e-03,1.421228e-03
1.888997e-02,2.457066e-02,7.864835e-03,5.214564e-03,9.798309e-02,1.319058e-02,1.979647e-03,2.736488e-02,6.257675e-01,2.322817e-02,4.321155e-02,1.046541e-01,6.348211e-04,1.227839e-03,4.217818e-03
2.774241e-02,3.006129e-02,8.657853e-03,8.132634e-03,9.261513e-02,1.492738e-02,1.850311e-03,4.182256e-02,6.315641e-01,2.128850e-02,3.204890e-02,7.432970e-02,1.718485e-03,1.156968e-03,1.208371e-02
3.410003e-02,2.674515e-02,1.105876e-02,1.724953e-02,1.147816e-01,2.420297e-02,2.032366e-03,6.690992e-02,5.903195e-01,2.211990e-02,2.412799e-02,5.311326e-02,1.680080e-03,1.025416e-03,1.053353e-02
4.706826e-02,2.686613e-02,9.491037e-03,1.912616e-02,1.223414e-01,2.995245e-02,2.081403e-03,6.456539e-02,5.867000e-01,2.292948e-02,1.905224e-02,3.809489e-02,1.542091e-03,1.125306e-03,9.063786e-03
5.577105e-02,2.253062e-02,8.349936e-03,2.332594e-02,1.420322e-01,1.005789e-01,2.360557e-03,5.370145e-02,5.081451e-01,2.359266e-02,1.541971e-02,2.755120e-02,2.763635e-03,1.191683e-03,1.268530e-02
7.262416e-02,2.186516e-02,7.004408e-03,2.510723e-02,1.294708e-01,1.273541e-01,2.026724e-03,4.935136e-02,4.734510e-01,2.770601e-02,1.995177e-02,2.210955e-02,3.866244e-03,2.141624e-03,1.596978e-02
9.782932e-02,2.351291e-02,6.742507e-03,3.175562e-02,1.075579e-01,1.475298e-01,1.720078e-03,6.558734e-02,4.175318e-01,3.368617e-02,2.159476e-02,1.771543e-02,4.248317e-03,2.786682e-03,2.020131e-02
9.997067e-02,3.179859e-02,3.292106e-02,4.992834e-02,8.855581e-02,1.244516e-01,1.436739e-03,7.296284e-02,3.471679e-01,7.883574e-02,2.218905e-02,1.463894e-02,5.011476e-03,2.799159e-03,2.733212e-02
1.177071e-01,3.727057e-02,2.996471e-02,4.236885e-02,7.085702e-02,1.972006e-01,1.524754e-03,6.624095e-02,3.058780e-01,6.751802e-02,2.046479e-02,1.162338e-02,4.914627e-03,3.270901e-03,2.319578e-02
1.338315e-01,3.157667e-02,1.148326e-01,1.003992e-01,5.692108e-02,1.647809e-01,1.767035e-03,6.629916e-02,2.219946e-01,5.170460e-02,2.021281e-02,9.877048e-03,4.398584e-03,2.775959e-03,1.862839e-02
1.332322e-01,5.537911e-02,8.745376e-02,1.476104e-01,4.252911e-02,1.311924e-01,1.687929e-03,5.969038e-02,1.737530e-01,1.029998e-01,2.338237e-02,8.583626e-03,5.519710e-03,2.797443e-03,2.418872e-02
1.185607e-01,7.783708e-02,8.019523e-02,1.442593e-01,3.128810e-02,1.001517e-01,1.368190e-03,4.462760e-02,1.701090e-01,1.288433e-01,3.586665e-02,8.897244e-03,5.916080e-03,4.109506e-03,4.797024e-02
8.946858e-02,1.501803e-01,6.076392e-02,1.705767e-01,2.265717e-02,7.562582e-02,1.053220e-03,3.393336e-02,1.622686e-01,1.320083e-01,3.465956e-02,8.640582e-03,9.454336e-03,3.450851e-03,4.525856e-02
6.514679e-02,2.839824e-01,4.684978e-02,1.404264e-01,1.623176e-02,5.427225e-02,7.737337e-04,2.428457e-02,1.521215e-01,1.143771e-01,2.916035e-02,7.714244e-03,9.875100e-03,3.341050e-03,5.144289e-02
4.586319e-02,3.519593e-01,4.024582e-02,1.277970e-01,1.140494e-02,3.822660e-02,5.466934e-04,1.707388e-02,1.688790e-01,8.547395e-02,2.257112e-02,6.283027e-03,1.024722e-02,2.779342e-03,7.064889e-02
3.276498e-02,3.134310e-01,3.000654e-02,9.144297e-02,8.002359e-03,2.802777e-02,3.909022e-04,1.201538e-02,2.033004e-01,7.455850e-02,1.774596e-02,4.789225e-03,1.005893e-02,9.650695e-03,1.638144e-01
2.361384e-02,2.622240e-01,2.139530e-02,6.460144e-02,5.614503e-03,2.011121e-02,2.875458e-04,8.449986e-03,1.941822e-01,5.967707e-02,1.617983e-02,3.990243e-03,7.916942e-03,3.104648e-02,2.807094e-01
1.755584e-02,2.393822e-01,1.561101e-02,4.599128e-02,3.943361e-03,1.427045e-02,2.552395e-04,5.952171e-03,2.735145e-01,4.658854e-02,1.801131e-02,3.445768e-03,5.956613e-03,6.753865e-02,2.419830e-01
1.365942e-02,1.830783e-01,1.145022e-02,3.271207e-02,2.766101e-03,1.032703e-02,2.092292e-04,4.229704e-03,2.343394e-01,4.014702e-02,3.959627e-02,2.761169e-03,5.978445e-03,1.597892e-01,2.589564e-01
9.991861e-03,1.306526e-01,1.472328e-02,2.375575e-02,2.069342e-03,7.371433e-03,1.556877e-04,3.079344e-03,1.699234e-01,3.658434e-02,9.020215e-02,2.439214e-03,8.655301e-03,1.584508e-01,3.419454e-01
7.480507e-03,9.235021e-02,1.248962e-02,1.705770e-02,2.102799e-03,5.393939e-03,1.507931e-04,2.610141e-03,1.219130e-01,4.153908e-02,1.282942e-01,2.176521e-03,7.722553e-03,1.748612e-01,3.838578e-01
5.326483e-03,6.491943e-02,1.003954e-02,1.219182e-02,2.132681e-03,4.020889e-03,1.715534e-04,2.603603e-03,8.665505e-02,3.128787e-02,1.062332e-01,1.888180e-03,6.521189e-03,1.960083e-01,4.700002e-01
3.933683e-03,4.656821e-02,1.240760e-02,9.691792e-03,2.740303e-03,3.110764e-03,1.473610e-04,2.841653e-03,6.386571e-02,2.583252e-02,9.436940e-02,1.507039e-03,5.592667e-03,2.094072e-01,5.179842e-01
2.802541e-03,3.266088e-02,9.514557e-03,7.127314e-03,2.169296e-03,2.355627e-03,1.279535e-04,2.242893e-03,4.529291e-02,2.057498e-02,7.518700e-02,1.098825e-03,4.370531e-03,1.566148e-01,6.378599e-01
2.065853e-03,2.288735e-02,6.996021e-03,5.262531e-03,1.639460e-03,1.995819e-03,1.152880e-04,1.665269e-03,3.239847e-02,1.681080e-02,6.147296e-02,8.710165e-04,4.409095e-03,1.209465e-01,7.204636e-01
1.549201e-03,1.604889e-02,5.031778e-03,3.770476e-03,1.344734e-03,1.616504e-03,9.553387e-05,1.304367e-03,2.322136e-02,1.550063e-02,6.722070e-02,7.709076e-04,4.552924e-03,9.300998e-02,7.649621e-01
1.184893e-03,1.127258e-02,3.837790e-03,2.753636e-03,1.079302e-03,1.364811e-03,8.229580e-05,1.140256e-03,1.700552e-02,1.548783e-02,8.643809e-02,7.818295e-04,4.858495e-03,7.282083e-02,7.798918e-01
1.321015e-03,8.047606e-03,2.867518e-03,2.314343e-03,1.013769e-03,2.024716e-03,8.046378e-05,1.260563e-03,1.822576e-02,2.819657e-02,1.851361e-01,1.516400e-03,5.824842e-03,6.581281e-02,6.763575e-01
1.289074e-03,5.982030e-03,2.142542e-03,1.804202e-03,1.457688e-03,2.792546e-03,1.565947e-04,1.403526e-03,6.388615e-02,3.884097e-02,2.022630e-01,1.936060e-03,5.415508e-03,5.440702e-02,6.162231e-01
1.155687e-03,4.530238e-03,1.538460e-03,1.415529e-03,1.312761e-03,3.683113e-03,1.767551e-04,1.034192e-03,1.264370e-01,5.710436e-02,2.674392e-01,3.793760e-03,5.264455e-03,4.374292e-02,4.813716e-01
1.122250e-03,4.140193e-03,1.129795e-03,1.373233e-03,1.641997e-03,5.108251e-03,2.984407e-04,9.778123e-04,1.747102e-01,5.973530e-02,3.396906e-01,6.073824e-03,6.747762e-03,3.525694e-02,3.619933e-01
1.053375e-03,4.523555e-03,8.089761e-04,1.258629e-03,2.252665e-03,5.108952e-03,2.987812e-04,7.544738e-04,2.278449e-01,6.381714e-02,3.812292e-01,7.107263e-03,8.704149e-03,2.659417e-02,2.686437e-01
1.001190e-03,6.547368e-03,6.397070e-04,1.239852e-03,3.427706e-03,3.941931e-03,2.664710e-04,5.833423e-04,2.148901e-01,6.547978e-02,4.757333e-01,7.196667e-03,7.837221e-03,1.975213e-02,1.914633e-01
2.029469e-03,1.132738e-02,5.786297e-04,1.317399e-03,6.956929e-03,3.279726e-03,2.741117e-04,9.291339e-04,3.274280e-01,7.680276e-02,4.053911e-01,6.594073e-03,7.215105e-03,1.498312e-02,1.348930e-01
4.858376e-03,2.220962e-02,5.090121e-04,1.452900e-03,7.260319e-03,3.898974e-03,2.825788e-04,1.517942e-03,4.736974e-01,6.981599e-02,2.960813e-01,5.600578e-03,6.164068e-03,1.163742e-02,9.501348e-02
1.268905e-02,2.651332e-02,1.324159e-03,4.364523e-03,1.990938e-02,7.290919e-03,5.469417e-04,1.004218e-02,5.518293e-01,5.891096e-02,2.173792e-01,5.815942e-03,5.513367e-03,1.023212e-02,6.763861e-02
2.839741e-02,3.106790e-02,2.035479e-03,5.080411e-03,3.358401e-02,1.129261e-02,7.216384e-04,1.561274e-02,5.838051e-01,4.940084e-02,1.603886e-01,9.782970e-03,6.364664e-03,1.160984e-02,5.085589e-02
3.523932e-02,2.934487e-02,2.655802e-02,7.473183e-03,7.237653e-02,1.722134e-02,3.385677e-03,4.563245e-02,5.500417e-01,3.533614e-02,1.166595e-01,9.594983e-03,5.928533e-03,9.080795e-03,3.612691e-02
6.382451e-02,2.912575e-02,5.892192e-02,1.032408e-02,7.288899e-02,2.622600e-02,3.710239e-03,4.922882e-02,4.991874e-01,3.839148e-02,8.520029e-02,1.358374e-02,6.692201e-03,1.155963e-02,3.113501e-02
6.880474e-02,3.332037e-02,1.222163e-01,4.246614e-02,5.721215e-02,2.862584e-02,2.984922e-03,7.696939e-02,3.857950e-01,3.838493e-02,6.911632e-02,2.264827e-02,7.235960e-03,1.405951e-02,3.016015e-02
8.880411e-02,3.655017e-02,1.427255e-01,1.066713e-01,4.575888e-02,2.810340e-02,2.599358e-03,8.794320e-02,3.123115e-01,3.068088e-02,5.448102e-02,2.068783e-02,6.935055e-03,1.207023e-02,2.367751e-02
1.125569e-01,5.434904e-02,1.055566e-01,1.015100e-01,4.215243e-02,2.741259e-02,2.153067e-03,7.440210e-02,3.518512e-01,2.511813e-02,4.949133e-02,1.730531e-02,7.524537e-03,9.920727e-03,1.869606e-02
1.074195e-01,8.032849e-02,7.490668e-02,7.914366e-02,4.022120e-02,2.853921e-02,1.942152e-03,5.585926e-02,4.326358e-01,1.967345e-02,3.754320e-02,1.342077e-02,6.340039e-03,7.447655e-03,1.457896e-02
1.137888e-01,9.208487e-02,5.669961e-02,8.600788e-02,6.765424e-02,2.342892e-02,2.680238e-03,4.866211e-02,4.250830e-01,1.834385e-02,3.003771e-02,1.047634e-02,5.285089e-03,5.884408e-03,1.388292e-02
1.437313e-01,8.009946e-02,4.527119e-02,1.083189e-01,8.440904e-02,2.156868e-02,3.267442e-03,5.309226e-02,3.862269e-01,1.631977e-02,2.728779e-02,8.226911e-03,4.298200e-03,5.307086e-03,1.257504e-02
1.988518e-01,7.458840e-02,3.577277e-02,9.424299e-02,7.896750e-02,1.924487e-02,3.200482e-03,4.516880e-02,3.677060e-01,1.782646e-02,2.762729e-02,1.006513e-02,7.108172e-03,4.548434e-03,1.508085e-02
1.773425e-01,1.019300e-01,2.984950e-02,8.954443e-02,6.142309e-02,1.715554e-02,2.883078e-03,3.506816e-02,3.655915e-01,2.168583e-02,2.705205e-02,9.493951e-03,3.621823e-02,3.824177e-03,2.093790e-02
1.889574e-01,1.106711e-01,2.262266e-02,7.168379e-02,4.743609e-02,2.023476e-02,2.540634e-03,3.019647e-02,3.366348e-01,1.657626e-02,2.171033e-02,7.649243e-03,1.016828e-01,3.108383e-03,1.829538e-02
1.493040e-01,1.274233e-01,1.840005e-02,6.429838e-02,3.387095e-02,2.477939e-02,2.007266e-03,2.295488e-02,3.694647e-01,1.288287e-02,1.661390e-02,6.733480e-03,1.314945e-01,2.378767e-03,1.739359e-02
1.142096e-01,1.091146e-01,1.382785e-02,5.096592e-02,2.400147e-02,4.788806e-02,1.855219e-03,1.854241e-02,3.094251e-01,1.029504e-02,1.812138e-02,8.442668e-03,2.301336e-01,2.201307e-03,4.097576e-02
8.333869e-02,1.039341e-01,1.069703e-02,3.982325e-02,1.717387e-02,4.163019e-02,1.434818e-03,1.366408e-02,3.737591e-01,7.932661e-03,1.600976e-02,1.291901e-02,2.279748e-01,3.081933e-03,4.662680e-02
6.104736e-02,8.076127e-02,8.541815e-03,3.084277e-02,1.219224e-02,3.522249e-02,1.116225e-03,1.016215e-02,3.053115e-01,6.216085e-03,2.160076e-02,3.199228e-02,3.219151e-01,4.244138e-03,6.883384e-02
4.374205e-02,6.246634e-02,6.964685e-03,2.180643e-02,9.290000e-03,2.533001e-02,1.041714e-03,7.379917e-03,2.274763e-01,4.670108e-03,1.680826e-02,2.676072e-02,4.298462e-01,3.466016e-03,1.129513e-01
3.156865e-02,6.127162e-02,7.183015e-03,1.547759e-02,6.911586e-03,1.861810e-02,1.065424e-03,5.411020e-03,1.792882e-01,5.056591e-03,1.283986e-02,2.238949e-02,4.287013e-01,4.000914e-03,2.002167e-01
2.291538e-02,4.637320e-02,1.149792e-02,1.209480e-02,5.379238e-03,1.389205e-02,1.076977e-03,3.889411e-03,1.486813e-01,8.747049e-03,1.031804e-02,1.888884e-02,3.942666e-01,4.205608e-03,2.977736e-01
1.708163e-02,3.386256e-02,8.540782e-03,1.030563e-02,4.115058e-03,1.205820e-02,9.348746e-04,2.800272e-03,1.305487e-01,1.062725e-02,2.408392e-02,4.094329e-02,3.085382e-01,4.737620e-03,3.908221e-01
1.274445e-02,2.438354e-02,6.241494e-03,7.740477e-03,3.104587e-03,1.032635e-02,7.982489e-04,1.972044e-03,1.033358e-01,1.230875e-02,4.411967e-02,7.367532e-02,2.646396e-01,4.665163e-03,4.299445e-01
1.296085e-02,1.905187e-02,5.529201e-03,7.737332e-03,4.046389e-03,1.223893e-02,7.299451e-04,1.446006e-03,1.418113e-01,1.604333e-02,6.098434e-02,1.879644e-01,1.976814e-01,4.974031e-03,3.268007e-01
9.813411e-03,1.381129e-02,4.048502e-03,5.872176e-03,3.860316e-03,9.220034e-03,7.017860e-04,1.065359e-03,1.334700e-01,1.369212e-02,7.789749e-02,3.087942e-01,1.671515e-01,4.122411e-03,2.464794e-01
7.551825e-03,1.156979e-02,2.868993e-03,4.181347e-03,3.428528e-03,6.600699e-03,5.349818e-04,7.639768e-04,1.908665e-01,1.079162e-02,1.035441e-01,3.215598e-01,1.529894e-01,3.069378e-03,1.796791e-01
5.434846e-03,9.869971e-03,2.039908e-03,3.053253e-03,2.523219e-03,4.959747e-03,3.910893e-04,5.781106e-04,2.094677e-01,8.888066e-03,9.418237e-02,4.047773e-01,1.214217e-01,2.528776e-03,1.298839e-01
3.932435e-03,8.083264e-03,1.443243e-03,2.176167e-03,1.808152e-03,3.864578e-03,2.888737e-04,4.150097e-04,1.663000e-01,8.902743e-03,7.375333e-02,5.395281e-01,9.387940e-02,2.116595e-03,9.350808e-02
2.997973e-03,6.157758e-03,1.149575e-03,1.825775e-03,3.080115e-03,4.841044e-03,4.061416e-04,1.001569e-03,1.761256e-01,7.121876e-03,5.819307e-02,6.026497e-01,6.724598e-02,1.648808e-03,6.555495e-02
2.271575e-03,4.757226e-03,8.663965e-04,1.576503e-03,2.589416e-03,6.181491e-03,3.025550e-04,7.741576e-04,1.541932e-01,6.730393e-03,5.074047e-02,6.723155e-01,4.934732e-02,1.285487e-03,4.606835e-02
3.423772e-03,3.948568e-03,1.186819e-03,1.643617e-03,3.048380e-03,2.581220e-02,4.250029e-04,8.052480e-03,1.383728e-01,6.162013e-03,5.879817e-02,6.718658e-01,4.373885e-02,1.184812e-03,3.233671e-02
3.688449e-03,2.877087e-03,9.638892e-04,2.153233e-03,5.332997e-03,2.104435e-02,8.882785e-04,6.275856e-03,1.260298e-01,5.701615e-03,5.646666e-02,7.111217e-01,3.354975e-02,1.157296e-03,2.274902e-02
4.434414e-03,2.140342e-03,8.430173e-04,2.453548e-03,1.165027e-02,1.991260e-02,1.503009e-03,5.101622e-03,1.152701e-01,5.737483e-03,7.127711e-02,7.115790e-01,3.034811e-02,1.593416e-03,1.615602e-02
3.954515e-03,1.685299e-03,7.460309e-04,2.022157e-03,1.489947e-02,1.543397e-02,1.373140e-03,4.295951e-03,1.089922e-01,5.155807e-03,7.064931e-02,7.264729e-01,3.137552e-02,1.531372e-03,1.141241e-02
3.629657e-03,1.554303e-03,6.574399e-04,1.670499e-03,1.825257e-02,1.121160e-02,1.275045e-03,4.470282e-03,1.838201e-01,4.817064e-03,7.168262e-02,6.495656e-01,3.810432e-02,1.249543e-03,8.039351e-03
2.821988e-03,2.133242e-03,5.109980e-04,1.217733e-03,1.444802e-02,8.500856e-03,1.073817e-03,4.142157e-03,4.110188e-01,3.412411e-03,5.203930e-02,4.631948e-01,2.896021e-02,8.842133e-04,5.641412e-03
2.302347e-03,1.719831e-03,6.127639e-04,1.288661e-03,1.988674e-02,7.168223e-03,1.080244e-03,8.477692e-03,5.664989e-01,2.477214e-03,3.692197e-02,3.260413e-01,2.091677e-02,6.342970e-04,3.973163e-03
3.198496e-03,1.576563e-03,9.815469e-04,1.301655e-03,5.190987e-02,5.913244e-03,3.012775e-03,6.540745e-03,6.504189e-01,1.805784e-03,2.627756e-02,2.287422e-01,1.505002e-02,4.566108e-04,2.814087e-03
4.646068e-03,2.045393e-03,1.309026e-03,1.220675e-02,7.906312e-02,1.379495e-02,3.853620e-03,9.890684e-03,6.771542e-01,1.676928e-03,1.868751e-02,1.605297e-01,1.251178e-02,3.334301e-04,2.296760e-03
6.335085e-03,2.839066e-03,2.079078e-03,2.121488e-02,9.582709e-02,1.675221e-02,4.012218e-03,1.138609e-02,7.001397e-01,1.466260e-03,1.347438e-02,1.127876e-01,9.555185e-03,2.411748e-04,1.889946e-03
7.692069e-03,5.174973e-03,7.682904e-03,1.226608e-01,8.744743e-02,1.659822e-02,3.219767e-03,1.782155e-02,6.243323e-01,3.662494e-03,1.122531e-02,8.053660e-02,8.108056e-03,1.886269e-04,3.648908e-03
1.641675e-02,5.640379e-03,1.834161e-02,1.482199e-01,9.122673e-02,1.369712e-02,3.603341e-03,2.588603e-02,5.982224e-01,3.109430e-03,8.437865e-03,5.711146e-02,6.489807e-03,1.577142e-04,3.439490e-03
3.319456e-02,6.384507e-03,3.154549e-02,1.313813e-01,1.415819e-01,1.139046e-02,3.802852e-03,4.573300e-02,5.323040e-01,3.278105e-03,6.548924e-03,4.060720e-02,5.700089e-03,2.188724e-04,6.328831e-03
5.763982e-02,8.273305e-03,3.730542e-02,1.151836e-01,1.690462e-01,1.120432e-02,3.920269e-03,6.041267e-02,4.820119e-01,2.983335e-03,5.956678e-03,3.027549e-02,6.849697e-03,3.288244e-04,8.608500e-03
7.149415e-02,9.246526e-03,3.447372e-02,1.073798e-01,1.881001e-01,1.215937e-02,4.126824e-03,9.990165e-02,4.211051e-01,2.976595e-03,5.379246e-03,2.346730e-02,8.767527e-03,4.091765e-04,1.101290e-02
7.015641e-02,1.981951e-02,3.419136e-02,1.618036e-01,1.421089e-01,2.422340e-02,4.694365e-03,7.432585e-02,3.309844e-01,5.801231e-03,8.037285e-03,2.596796e-02,6.064279e-02,5.285123e-04,3.671445e-02
6.095823e-02,1.900680e-02,2.773758e-02,1.275958e-01,1.087494e-01,4.318439e-02,4.445761e-03,5.373601e-02,2.488287e-01,4.608763e-03,6.447420e-03,1.873354e-02,2.466956e-01,4.416558e-04,2.883037e-02
5.237433e-02,1.465189e-02,2.380956e-02,9.269726e-02,8.287031e-02,5.413483e-02,5.118683e-03,3.940119e-02,1.790579e-01,3.925937e-03,5.377453e-03,1.342463e-02,4.090451e-01,3.755876e-04,2.373534e-02
4.961239e-02,3.562735e-02,4.049743e-02,1.145175e-01,6.263977e-02,4.218784e-02,4.691393e-03,3.120643e-02,1.730002e-01,1.102268e-02,6.226590e-03,1.188616e-02,3.878884e-01,1.671486e-03,2.732427e-02
4.196680e-02,3.676040e-02,3.161785e-02,9.045602e-02,4.549158e-02,4.121848e-02,3.702723e-03,2.404902e-02,1.354393e-01,1.287866e-02,1.232702e-02,1.440658e-02,4.744021e-01,2.203269e-03,3.308016e-02
4.209152e-02,3.105824e-02,2.313923e-02,6.454457e-02,3.263820e-02,3.573447e-02,2.851017e-03,1.801971e-02,1.100164e-01,9.643069e-03,1.189790e-02,1.355867e-02,5.771822e-01,2.559904e-03,2.506492e-02
4.852927e-02,3.029380e-02,1.690839e-02,4.692351e-02,2.340816e-02,3.128784e-02,2.356619e-03,1.370294e-02,9.522653e-02,8.280632e-03,1.088076e-02,2.020682e-02,6.267545e-01,3.911345e-03,2.132880e-02
4.739769e-02,2.530406e-02,1.208459e-02,3.332999e-02,1.690779e-02,3.465983e-02,1.825772e-03,1.012323e-02,7.534119e-02,5.893690e-03,8.644251e-03,3.309188e-02,6.761104e-01,3.438235e-03,1.584727e-02
5.012314e-02,2.059920e-02,8.643620e-03,2.388203e-02,1.259395e-02,2.905493e-02,1.470493e-03,8.105212e-03,5.789241e-02,4.208002e-03,7.316032e-03,4.260694e-02,7.191224e-01,2.782483e-03,1.159905e-02
4.266579e-02,1.655894e-02,6.205530e-03,1.697960e-02,1.095418e-02,2.230370e-02,1.172354e-03,6.541281e-03,4.733829e-02,2.982783e-03,5.783354e-03,4.712975e-02,7.626820e-01,2.159005e-03,8.543395e-03
3.434914e-02,1.212868e-02,4.476170e-03,1.204243e-02,1.005539e-02,1.708381e-02,9.952284e-04,5.856885e-03,3.667782e-02,2.111365e-03,4.510412e-03,4.251633e-02,8.093353e-01,1.578871e-03,6.282122e-03
2.489831e-02,9.368793e-03,3.318322e-03,8.502045e-03,8.202653e-03,1.258997e-02,8.077511e-04,4.418082e-03,2.798286e-02,1.523256e-03,3.287422e-03,3.168143e-02,8.575202e-01,1.144058e-03,4.754858e-03
2.105179e-02,1.135667e-02,3.693400e-03,1.144555e-02,8.359302e-03,1.861658e-02,9.418026e-04,4.721495e-03,5.263710e-02,1.483454e-03,3.162605e-03,2.596350e-02,8.304790e-01,1.018410e-03,5.069294e-03
1.582473e-02,8.885629e-03,2.824969e-03,8.256799e-03,6.761110e-03,1.378386e-02,7.715976e-04,3.613983e-03,3.996951e-02,1.201960e-03,2.626878e-03,2.380953e-02,8.667905e-01,8.113030e-04,4.067642e-03
1.229162e-02,6.795881e-03,2.128533e-03,5.955910e-03,5.653283e-03,1.018367e-02,6.320019e-04,2.699949e-03,3.194066e-02,8.996056e-04,2.080852e-03,1.953540e-02,8.953395e-01,6.572849e-04,3.205918e-03
1.039866e-02,7.765545e-03,1.950237e-03,4.330870e-03,4.639654e-03,8.318167e-03,5.646010e-04,2.210207e-03,2.892350e-02,7.160078e-04,1.939195e-03,1.721696e-02,9.076211e-01,8.281164e-04,2.577252e-03
9.185791e-03,6.249044e-03,2.187894e-03,3.095691e-03,6.119978e-03,6.833485e-03,1.493710e-03,4.698350e-03,2.776730e-02,5.861785e-04,1.914460e-03,2.030416e-02,9.055273e-01,9.581517e-04,3.078532e-03
8.296097e-03,5.641362e-03,1.959091e-03,2.226334e-03,6.806905e-03,6.106670e-03,1.475815e-03,3.810946e-03,2.707106e-02,4.604004e-04,1.607730e-03,2.054982e-02,9.103624e-01,8.302615e-04,2.795161e-03
9.619391e-03,4.368747e-03,8.584669e-03,2.378032e-03,1.859348e-02,5.735266e-03,1.959658e-03,6.339803e-03,2.581136e-02,8.498037e-04,1.604217e-03,1.862393e-02,8.913481e-01,8.334357e-04,3.350037e-03
1.016819e-02,3.405347e-03,1.001545e-02,1.971540e-03,2.314422e-02,7.241035e-03,3.628856e-03,1.219707e-02,2.211378e-02,8.890897e-04,1.563350e-03,2.165225e-02,8.754759e-01,6.636055e-04,5.870335e-03
1.055559e-02,5.555073e-03,4.017705e-02,1.435175e-03,8.011667e-02,6.456886e-03,7.152908e-03,1.064703e-02,2.911632e-02,9.756171e-04,1.313118e-03,2.229196e-02,7.779475e-01,5.077748e-04,5.751247e-03
1.142758e-02,4.040987e-03,8.038150e-02,1.420209e-03,6.252231e-02,5.828984e-03,5.962789e-03,7.949687e-02,2.125505e-02,1.378841e-03,1.762224e-03,1.736244e-02,7.008958e-01,4.384468e-04,5.826008e-03
1.713310e-02,3.004382e-03,1.454419e-01,2.614093e-03,5.104484e-02,3.460885e-02,5.349406e-03,7.049180e-02,1.763816e-02,1.977513e-03,2.035655e-03,1.329453e-02,6.251011e-01,4.183360e-04,9.846415e-03
3.457106e-02,2.434283e-03,1.377714e-01,8.533355e-03,4.532583e-02,7.036871e-02,4.238885e-03,5.067620e-02,1.805014e-02,1.848911e-03,1.842051e-03,9.702063e-03,6.023116e-01,3.686688e-04,1.195696e-02
6.010704e-02,2.128910e-03,1.633252e-01,1.499926e-02,3.906493e-02,1.265462e-01,3.346900e-03,3.677217e-02,1.595483e-02,1.678026e-03,2.431351e-03,8.304281e-03,5.133615e-01,3.815342e-04,1.159789e-02
8.252922e-02,3.890916e-03,2.205930e-01,1.496492e-02,3.475244e-02,1.185375e-01,2.556107e-03,2.724333e-02,1.563623e-02,3.121135e-03,2.702784e-03,6.729297e-03,4.508504e-01,6.606363e-04,1.523209e-02
1.526218e-01,3.730914e-02,1.908202e-01,1.768945e-02,4.303317e-02,8.432966e-02,1.992736e-03,1.999652e-02,5.751415e-02,3.941178e-03,4.696968e-03,7.469036e-03,3.629352e-01,6.577783e-04,1.499296e-02
1.780483e-01,4.848703e-02,1.482273e-01,2.444689e-02,6.050352e-02,6.053700e-02,1.672607e-03,1.511576e-02,7.815208e-02,3.869468e-03,6.250796e-03,7.251303e-03,3.476257e-01,7.470499e-04,1.906508e-02
1.351306e-01,4.136329e-02,1.198951e-01,2.032633e-01,5.425529e-02,4.660872e-02,1.679590e-03,1.223832e-02,6.987639e-02,3.315543e-03,6.271475e-03,8.777728e-03,2.792600e-01,6.427092e-04,1.742201e-02
9.638931e-02,3.173814e-02,9.071044e-02,3.936666e-01,4.237561e-02,3.440974e-02,1.332526e-03,8.845984e-03,5.468534e-02,3.175853e-03,1.747675e-02,9.172934e-03,2.008983e-01,4.838687e-04,1.463861e-02
6.923950e-02,2.252839e-02,6.409159e-02,3.304159e-01,3.020885e-02,2.519944e-02,1.008059e-03,6.328664e-03,3.989919e-02,4.583505e-03,2.244852e-01,1.159465e-02,1.580701e-01,5.127012e-04,1.183425e-02
4.885221e-02,1.580498e-02,4.494120e-02,2.708974e-01,2.190834e-02,1.868587e-02,7.358018e-04,4.462444e-03,2.843207e-02,8.472414e-03,3.109812e-01,6.852569e-02,1.473480e-01,4.668460e-04,9.485691e-03
3.507504e-02,1.110402e-02,3.151320e-02,2.128954e-01,1.706668e-02,1.436437e-02,5.878587e-04,3.176635e-03,2.024205e-02,1.030551e-02,3.518651e-01,1.054277e-01,1.784729e-01,4.440024e-04,7.459548e-03
3.087162e-02,7.816618e-03,2.209865e-02,1.593761e-01,1.458238e-02,1.592763e-02,7.044676e-04,2.398532e-03,1.502855e-02,1.436645e-02,2.961285e-01,1.185550e-01,2.951987e-01,1.181018e-03,5.765875e-03
2.557698e-02,5.764562e-03,1.552655e-02,1.182356e-01,1.306355e-02,2.594899e-02,9.655243e-04,1.950231e-03,1.170139e-02,1.320913e-02,2.279656e-01,1.409339e-01,3.925765e-01,2.278843e-03,4.302709e-03
1.895994e-02,4.177629e-03,1.091266e-02,8.466057e-02,9.636286e-03,3.562669e-02,7.845263e-04,1.557714e-03,1.058092e-02,1.036976e-02,1.855337e-01,1.799364e-01,4.398140e-01,4.010350e-03,3.438938e-03
1.424034e-02,3.650746e-03,7.877412e-03,5.968665e-02,7.486269e-03,4.439246e-02,6.605554e-04,1.697096e-03,1.156869e-02,1.566549e-02,2.267316e-01,2.617473e-01,3.356296e-01,6.086465e-03,2.879263e-03
1.433099e-02,6.329736e-03,6.513385e-03,4.203353e-02,5.961981e-03,6.786570e-02,7.491898e-04,3.344432e-03,1.356056e-02,1.717366e-02,2.801470e-01,2.749371e-01,2.558834e-01,8.670626e-03,2.498673e-03
2.036335e-02,5.011108e-03,6.222022e-03,2.986139e-02,5.248312e-03,7.114647e-02,1.531841e-03,7.567943e-03,1.138394e-02,2.551811e-02,3.354515e-01,2.508089e-01,2.014327e-01,2.588545e-02,2.566994e-03
2.634243e-02,4.379209e-03,1.474961e-02,2.288742e-02,9.691530e-03,6.901174e-02,1.951521e-03,1.581424e-02,1.130647e-02,3.554754e-02,3.458807e-01,2.503913e-01,1.569377e-01,3.278248e-02,2.326013e-03
