1.000000e+00,0.000000e+00,0.000000e+00,0.000000e+00,0.000000e+00,0.000000e+00,0.000000e+00,0.000000e+00,0.000000e+00,0.000000e+00,0.000000e+00,0.000000e+00,0.000000e+00,0.000000e+00,0.000000e+00
1.000000e+00,0.000000e+00,0.000000e+00,0.000000e+00,0.000000e+00,0.000000e+00,0.000000e+00,0.000000e+00,0.000000e+00,0.000000e+00,0.000000e+00,0.000000e+00,0.000000e+00,0.000000e+00,0.000000e+00
1.000000e+00,0.000000e+00,0.000000e+00,0.000000e+00,0.000000e+00,0.000000e+00,0.000000e+00,0.000000e+00,0.000000e+00,0.000000e+00,0.000000e+00,0.000000e+00,0.000000e+00,0.000000e+00,0.000000e+00
1.000000e+00,0.000000e+00,0.000000e+00,0.000000e+00,0.000000e+00,0.000000e+00,0.000000e+00,0.000000e+00,0.000000e+00,0.000000e+00,0.000000e+00,0.000000e+00,0.000000e+00,0.000000e+00,0.000000e+00
1.000000e+00,0.000000e+00,0.000000e+00,0.000000e+00,0.000000e+00,0.000000e+00,0.000000e+00,0.000000e+00,0.000000e+00,0.000000e+00,0.000000e+00,0.000000e+00,0.000000e+00,0.000000e+00,0.000000e+00
1.000000e+00,0.000000e+00,0.000000e+00,0.000000e+00,0.000000e+00,0.000000e+00,0.000000e+00,0.000000e+00,0.000000e+00,0.000000e+00,0.000000e+00,0.000000e+00,0.000000e+00,0.000000e+00,0.000000e+00
1.000000e+00,0.000000e+00,0.000000e+00,0.000000e+00,0.000000e+00,0.000000e+00,0.000000e+00,0.000000e+00,0.000000e+00,0.000000e+00,0.000000e+00,0.000000e+00,0.000000e+00,0.000000e+00,0.000000e+00
1.000000e+00,0.000000e+00,0.000000e+00,0.000000e+00,0.000000e+00,0.000000e+00,0.000000e+00,0.000000e+00,0.000000e+00,0.000000e+00,0.000000e+00,0.000000e+00,0.000000e+00,0.000000e+00,0.000000e+00
1.000000e+00,0.000000e+00,0.000000e+00,0.000000e+00,0.000000e+00,0.000000e+00,0.000000e+00,0.000000e+00,0.000000e+00,0.000000e+00,0.000000e+00,0.000000e+00,0.000000e+00,0.000000e+00,0.000000e+00
1.000000e+00,0.000000e+00,0.000000e+00,0.000000e+00,0.000000e+00,0.000000e+00,0.000000e+00,0.000000e+00,0.000000e+00,0.000000e+00,0.000000e+00,0.000000e+00,0.000000e+00,0.000000e+00,0.000000e+00
1.000000e+00,0.000000e+00,0.000000e+00,0.000000e+00,0.000000e+00,0.000000e+00,0.000000e+00,0.000000e+00,0.000000e+00,0.000000e+00,0.000000e+00,0.000000e+00,0.000000e+00,0.000000e+00,0.000000e+00
1.000000e+00,0.000000e+00,0.000000e+00,0.000000e+00,0.000000e+00,0.000000e+00,0.000000e+00,0.000000e+00,0.000000e+00,0.000000e+00,0.000000e+00,0.000000e+00,0.000000e+00,0.000000e+00,0.000000e+00
1.000000e+00,0.000000e+00,0.000000e+00,0.000000e+00,0.000000e+00,0.000000e+00,0.000000e+00,0.000000e+00,0.000000e+00,0.000000e+00,0.000000e+00,0.000000e+00,0.000000e+00,0.000000e+00,0.000000e+00
1.000000e+00,0.000000e+00,0.000000e+00,0.000000e+00,0.000000e+00,0.000000e+00,0.000000e+00,0.000000e+00,0.000000e+00,0.000000e+00,0.000000e+00,0.000000e+00,0.000000e+00,0.000000e+00,0.000000e+00
1.000000e+00,0.000000e+00,0.000000e+00,0.000000e+00,0.000000e+00,0.000000e+00,0.000000e+00,0.000000e+00,0.000000e+00,0.000000e+00,0.000000e+00,0.000000e+00,0.000000e+00,0.000000e+00,0.000000e+00
1.000000e+00,0.000000e+00,0.000000e+00,0.000000e+00,0.000000e+00,0.000000e+00,0.000000e+00,0.000000e+00,0.000000e+00,0.000000e+00,0.000000e+00,0.000000e+00,0.000000e+00,0.000000e+00,0.000000e+00
1.000000e+00,0.000000e+00,0.000000e+00,0.000000e+00,0.000000e+00,0.000000e+00,0.000000e+00,0.000000e+00,0.000000e+00,0.000000e+00,0.000000e+00,0.000000e+00,0.000000e+00,0.000000e+00,0.000000e+00
1.000000e+00,0.000000e+00,0.000000e+00,0.000000e+00,0.000000e+00,0.000000e+00,0.000000e+00,0.000000e+00,0.000000e+00,0.000000e+00,0.000000e+00,0.000000e+00,0.000000e+00,0.000000e+00,0.000000e+00
1.000000e+00,0.000000e+00,0.000000e+00,0.000000e+00,0.000000e+00,0.000000e+00,0.000000e+00,0.000000e+00,0.000000e+00,0.000000e+00,0.000000e+00,0.000000e+00,0.000000e+00,0.000000e+00,0.000000e+00
1.000000e+00,0.000000e+00,0.000000e+00,0.000000e+00,0.000000e+00,0.000000e+00,0.000000e+00,0.000000e+00,0.000000e+00,0.000000e+00,0.000000e+00,0.000000e+00,0.000000e+00,0.000000e+00,0.000000e+00
1.000000e+00,0.000000e+00,0.000000e+00,0.000000e+00,0.000000e+00,0.000000e+00,0.000000e+00,0.000000e+00,0.000000e+00,0.000000e+00,0.000000e+00,0.000000e+00,0.000000e+00,0.000000e+00,0.000000e+00
1.000000e+00,0.000000e+00,0.000000e+00,0.000000e+00,0.000000e+00,0.000000e+00,0.000000e+00,0.000000e+00,0.000000e+00,0.000000e+00,0.000000e+00,0.000000e+00,0.000000e+00,0.000000e+00,0.000000e+00
1.000000e+00,0.000000e+00,0.000000e+00,0.000000e+00,0.000000e+00,0.000000e+00,0.000000e+00,0.000000e+00,0.000000e+00,0.000000e+00,0.000000e+00,0.000000e+00,0.000000e+00,0.000000e+00,0.000000e+00
1.000000e+00,0.000000e+00,0.000000e+00,0.000000e+00,0.000000e+00,0.000000e+00,0.000000e+00,0.000000e+00,0.000000e+00,0.000000e+00,0.000000e+00,0.000000e+00,0.000000e+00,0.000000e+00,0.000000e+00
1.000000e+00,0.000000e+00,0.000000e+00,0.000000e+00,0.000000e+00,0.000000e+00,0.000000e+00,0.000000e+00,0.000000e+00,0.000000e+00,0.000000e+00,0.000000e+00,0.000000e+00,0.000000e+00,0.000000e+00
1.000000e+00,0.000000e+00,0.000000e+00,0.000000e+00,0.000000e+00,0.000000e+00,0.000000e+00,0.000000e+00,0.000000e+00,0.000000e+00,0.000000e+00,0.000000e+00,0.000000e+00,0.000000e+00,0.000000e+00
1.000000e+00,0.000000e+00,0.000000e+00,0.000000e+00,0.000000e+00,0.000000e+00,0.000000e+00,0.000000e+00,0.000000e+00,0.000000e+00,0.000000e+00,0.000000e+00,0.000000e+00,0.000000e+00,0.000000e+00
1.000000e+00,0.000000e+00,0.000000e+00,0.000000e+00,0.000000e+00,0.000000e+00,0.000000e+00,0.000000e+00,0.000000e+00,0.000000e+00,0.000000e+00,0.000000e+00,0.000000e+00,0.000000e+00,0.000000e+00
1.000000e+00,0.000000e+00,0.000000e+00,0.000000e+00,0.000000e+00,0.000000e+00,0.000000e+00,0.000000e+00,0.000000e+00,0.000000e+00,0.000000e+00,0.000000e+00,0.000000e+00,0.000000e+00,0.000000e+00
1.000000e+00,0.000000e+00,0.000000e+00,0.000000e+00,0.000000e+00,0.000000e+00,0.000000e+00,0.000000e+00,0.000000e+00,0.000000e+00,0.000000e+00,0.000000e+00,0.000000e+00,0.000000e+00,0.000000e+00
1.000000e+00,0.000000e+00,0.000000e+00,0.000000e+00,0.000000e+00,0.000000e+00,0.000000e+00,0.000000e+00,0.000000e+00,0.000000e+00,0.000000e+00,0.000000e+00,0.000000e+00,0.000000e+00,0.000000e+00
1.000000e+00,0.000000e+00,0.000000e+00,0.000000e+00,0.000000e+00,0.000000e+00,0.000000e+00,0.000000e+00,0.000000e+00,0.000000e+00,0.000000e+00,0.000000e+00,0.000000e+00,0.000000e+00,0.000000e+00
1.000000e+00,0.000000e+00,0.000000e+00,0.000000e+00,0.000000e+00,0.000000e+00,0.000000e+00,0.000000e+00,0.000000e+00,0.000000e+00,0.000000e+00,0.000000e+00,0.000000e+00,0.000000e+00,0.000000e+00
1.000000e+00,0.000000e+00,0.000000e+00,0.000000e+00,0.000000e+00,0.000000e+00,0.000000e+00,0.000000e+00,0.000000e+00,0.000000e+00,0.000000e+00,0.000000e+00,0.000000e+00,0.000000e+00,0.000000e+00
1.000000e+00,0.000000e+00,0.000000e+00,0.000000e+00,0.000000e+00,0.000000e+00,0.000000e+00,0.000000e+00,0.000000e+00,0.000000e+00,0.000000e+00,0.000000e+00,0.000000e+00,0.000000e+00,0.000000e+00
1.000000e+00,0.000000e+00,0.000000e+00,0.000000e+00,0.000000e+00,0.000000e+00,0.000000e+00,0.000000e+00,0.000000e+00,0.000000e+00,0.000000e+00,0.000000e+00,0.000000e+00,0.000000e+00,0.000000e+00
1.000000e+00,0.000000e+00,0.000000e+00,0.000000e+00,0.000000e+00,0.000000e+00,0.000000e+00,0.000000e+00,0.000000e+00,0.000000e+00,0.000000e+00,0.000000e+00,0.000000e+00,0.000000e+00,0.000000e+00
1.000000e+00,0.000000e+00,0.000000e+00,0.000000e+00,0.000000e+00,0.000000e+00,0.000000e+00,0.000000e+00,0.000000e+00,0.000000e+00,0.000000e+00,0.000000e+00,0.000000e+00,0.000000e+00,0.000000e+00
1.000000e+00,0.000000e+00,0.000000e+00,0.000000e+00,0.000000e+00,0.000000e+00,0.000000e+00,0.000000e+00,0.000000e+00,0.000000e+00,0.000000e+00,0.000000e+00,0.000000e+00,0.000000e+00,0.000000e+00
1.000000e+00,0.000000e+00,0.000000e+00,0.000000e+00,0.000000e+00,0.000000e+00,0.000000e+00,0.000000e+00,0.000000e+00,0.000000e+00,0.000000e+00,0.000000e+00,0.000000e+00,0.000000e+00,0.000000e+00
1.000000e+00,0.000000e+00,0.000000e+00,0.000000e+00,0.000000e+00,0.000000e+00,0.000000e+00,0.000000e+00,0.000000e+00,0.000000e+00,0.000000e+00,0.000000e+00,0.000000e+00,0.000000e+00,0.000000e+00
1.000000e+00,0.000000e+00,0.000000e+00,0.000000e+00,0.000000e+00,0.000000e+00,0.000000e+00,0.000000e+00,0.000000e+00,0.000000e+00,0.000000e+00,0.000000e+00,0.000000e+00,0.000000e+00,0.000000e+00
1.000000e+00,0.000000e+00,0.000000e+00,0.000000e+00,0.000000e+00,0.000000e+00,0.000000e+00,0.000000e+00,0.000000e+00,0.000000e+00,0.000000e+00,0.000000e+00,0.000000e+00,0.000000e+00,0.000000e+00
1.000000e+00,0.000000e+00,0.000000e+00,0.000000e+00,0.000000e+00,0.000000e+00,0.000000e+00,0.000000e+00,0.000000e+00,0.000000e+00,0.000000e+00,0.000000e+00,0.000000e+00,0.000000e+00,0.000000e+00
1.000000e+00,0.000000e+00,0.000000e+00,0.000000e+00,0.000000e+00,0.000000e+00,0.000000e+00,0.000000e+00,0.000000e+00,0.000000e+00,0.000000e+00,0.000000e+00,0.000000e+00,0.000000e+00,0.000000e+00
1.000000e+00,0.000000e+00,0.000000e+00,0.000000e+00,0.000000e+00,0.000000e+00,0.000000e+00,0.000000e+00,0.000000e+00,0.000000e+00,0.000000e+00,0.000000e+00,0.000000e+00,0.000000e+00,0.000000e+00
1.000000e+00,0.000000e+00,0.000000e+00,0.000000e+00,0.000000e+00,0.000000e+00,0.000000e+00,0.000000e+00,0.000000e+00,0.000000e+00,0.000000e+00,0.000000e+00,0.000000e+00,0.000000e+00,0.000000e+00
1.000000e+00,0.000000e+00,0.000000e+00,0.000000e+00,0.000000e+00,0.000000e+00,0.000000e+00,0.000000e+00,0.000000e+00,0.000000e+00,0.000000e+00,0.000000e+00,0.000000e+00,0.000000e+00,0.000000e+00
1.000000e+00,0.000000e+00,0.000000e+00,0.000000e+00,0.000000e+00,0.000000e+00,0.000000e+00,0.000000e+00,0.000000e+00,0.000000e+00,0.000000e+00,0.000000e+00,0.000000e+00,0.000000e+00,0.000000e+00
1.000000e+00,0.000000e+00,0.000000e+00,0.000000e+00,0.000000e+00,0.000000e+00,0.000000e+00,0.000000e+00,0.000000e+00,0.000000e+00,0.000000e+00,0.000000e+00,0.000000e+00,0.000000e+00,0.000000e+00
1.000000e+00,0.000000e+00,0.000000e+00,0.000000e+00,0.000000e+00,0.000000e+00,0.000000e+00,0.000000e+00,0.000000e+00,0.000000e+00,0.000000e+00,0.000000e+00,0.000000e+00,0.000000e+00,0.000000e+00
1.000000e+00,0.000000e+00,0.000000e+00,0.000000e+00,0.000000e+00,0.000000e+00,0.000000e+00,0.000000e+00,0.000000e+00,0.000000e+00,0.000000e+00,0.000000e+00,0.000000e+00,0.000000e+00,0.000000e+00
1.000000e+00,0.000000e+00,0.000000e+00,0.000000e+00,0.000000e+00,0.000000e+00,0.000000e+00,0.000000e+00,0.000000e+00,0.000000e+00,0.000000e+00,0.000000e+00,0.000000e+00,0.000000e+00,0.000000e+00
1.000000e+00,0.000000e+00,0.000000e+00,0.000000e+00,0.000000e+00,0.000000e+00,0.000000e+00,0.000000e+00,0.000000e+00,0.000000e+00,0.000000e+00,0.000000e+00,0.000000e+00,0.000000e+00,0.000000e+00
1.000000e+00,0.000000e+00,0.000000e+00,0.000000e+00,0.000000e+00,0.000000e+00,0.000000e+00,0.000000e+00,0.000000e+00,0.000000e+00,0.000000e+00,0.000000e+00,0.000000e+00,0.000000e+00,0.000000e+00
4.115749e-01,1.840695e-01,8.171293e-02,9.937318e-02,4.490956e-03,1.747514e-02,1.828532e-03,9.991377e-03,1.435034e-02,4.825464e-03,3.488487e-02,7.646380e-03,2.874331e-03,8.997649e-03,1.159045e-01
3.114578e-01,2.322717e-01,8.836842e-02,1.212508e-01,4.906917e-03,1.652105e-02,1.926622e-03,9.788215e-03,1.976839e-02,6.729522e-03,3.001308e-02,6.323801e-03,2.569644e-03,9.192324e-03,1.389117e-01
2.266933e-01,2.896435e-01,1.095057e-01,1.413453e-01,4.959309e-03,1.361595e-02,2.015756e-03,1.266651e-02,2.188070e-02,6.354290e-03,2.364902e-02,5.246353e-03,2.209483e-03,7.500659e-03,1.327142e-01
1.827203e-01,3.033197e-01,9.212562e-02,1.652210e-01,6.564595e-03,1.176531e-02,2.456610e-03,1.159670e-02,3.329658e-02,7.598802e-03,2.409539e-02,5.259200e-03,2.559718e-03,9.932424e-03,1.414880e-01
1.372458e-01,2.757674e-01,9.893686e-02,1.686653e-01,9.213751e-03,1.217444e-02,2.950848e-03,1.345891e-02,4.061917e-02,8.828285e-03,2.642148e-02,6.394780e-03,3.312590e-03,1.808648e-02,1.779240e-01
1.425313e-01,2.344684e-01,7.905747e-02,1.601857e-01,1.227870e-02,1.308589e-02,4.060030e-03,1.204887e-02,4.514645e-02,1.006229e-02,4.550206e-02,1.073112e-02,5.895805e-03,3.740440e-02,1.875415e-01
1.563433e-01,1.915565e-01,6.616290e-02,1.402200e-01,1.508103e-02,1.601990e-02,5.270903e-03,1.184626e-02,4.947976e-02,1.127303e-02,4.862235e-02,1.272642e-02,7.576260e-03,6.038346e-02,2.074379e-01
2.372544e-01,1.559623e-01,5.260935e-02,1.201716e-01,1.354859e-02,1.756837e-02,4.384630e-03,1.063472e-02,4.420920e-02,1.081357e-02,4.343748e-02,1.449860e-02,8.953558e-03,5.984381e-02,2.061098e-01
2.638477e-01,1.350153e-01,4.377497e-02,1.082385e-01,1.286168e-02,2.024974e-02,3.899736e-03,1.037237e-02,4.514837e-02,1.130766e-02,3.786575e-02,1.429254e-02,1.013730e-02,6.207057e-02,2.209179e-01
3.299660e-01,1.143487e-01,3.481825e-02,9.256047e-02,1.180790e-02,2.311734e-02,3.659636e-03,1.007216e-02,4.270191e-02,1.048199e-02,3.599826e-02,1.515965e-02,1.239897e-02,5.736384e-02,2.055449e-01
3.524214e-01,1.023536e-01,3.252641e-02,9.272393e-02,1.175278e-02,2.593695e-02,4.186023e-03,1.168421e-02,4.384695e-02,1.035448e-02,3.737596e-02,1.728605e-02,1.702152e-02,4.884950e-02,1.916803e-01
3.312154e-01,1.000641e-01,4.140678e-02,1.142145e-01,1.190000e-02,2.513324e-02,4.061849e-03,1.252533e-02,4.449481e-02,1.036623e-02,3.701010e-02,1.794264e-02,1.921651e-02,3.946387e-02,1.909846e-01
3.701321e-01,8.600817e-02,4.992021e-02,1.484370e-01,1.334250e-02,2.178537e-02,4.314906e-03,1.829661e-02,3.517207e-02,7.847705e-03,3.961756e-02,1.889348e-02,1.622147e-02,2.947826e-02,1.405326e-01
3.148124e-01,8.371146e-02,5.145751e-02,2.879211e-01,1.133583e-02,1.841046e-02,3.467373e-03,1.556267e-02,2.610664e-02,6.194458e-03,3.089217e-02,1.472694e-02,1.207611e-02,2.113126e-02,1.021936e-01
4.688085e-01,6.474401e-02,4.905523e-02,2.101697e-01,9.566694e-03,1.764577e-02,2.709876e-03,1.214031e-02,1.902146e-02,5.694889e-03,2.526460e-02,1.284672e-02,1.051165e-02,1.678006e-02,7.504047e-02
3.573502e-01,5.194665e-02,5.819402e-02,1.483385e-01,7.341282e-03,1.796719e-02,1.937047e-03,8.867577e-03,2.064159e-02,2.257825e-02,2.166303e-02,9.721261e-03,1.074380e-02,1.223970e-01,1.403126e-01
2.718532e-01,4.899681e-02,4.937347e-02,1.234170e-01,6.531126e-03,1.666208e-02,1.593181e-03,6.554211e-03,5.912669e-02,1.862366e-02,2.152308e-02,1.277582e-02,1.042906e-02,1.534971e-01,1.990435e-01
2.087106e-01,4.071772e-02,3.980213e-02,9.577505e-02,5.520560e-03,1.415073e-02,1.259713e-03,4.817418e-03,5.308236e-02,1.437713e-02,2.028822e-02,1.530484e-02,8.891967e-03,2.329914e-01,2.443101e-01
1.504932e-01,2.933181e-02,2.980082e-02,6.737295e-02,4.316752e-03,1.040962e-02,9.317997e-04,3.449200e-03,3.792914e-02,1.159273e-02,1.574355e-02,1.139016e-02,6.532694e-03,4.305518e-01,1.901537e-01
1.072594e-01,2.080782e-02,2.191370e-02,4.767196e-02,3.283360e-03,8.339659e-03,7.256982e-04,2.467797e-03,3.286038e-02,1.819293e-02,2.288520e-02,8.847940e-03,4.894941e-03,5.342417e-01,1.656076e-01
7.515278e-02,1.508746e-02,1.541929e-02,3.351029e-02,2.911785e-03,6.142999e-03,5.204387e-04,1.734221e-03,3.306696e-02,8.361606e-02,2.406208e-02,6.571088e-03,3.546081e-03,5.755501e-01,1.231084e-01
5.323558e-02,1.099880e-02,1.107116e-02,2.414779e-02,3.790920e-03,4.826544e-03,3.972811e-04,1.279577e-03,6.015923e-02,1.106047e-01,2.419930e-02,5.561582e-03,2.811155e-03,5.936385e-01,9.327784e-02
3.743026e-02,1.063489e-02,8.356384e-03,2.376375e-02,4.100217e-03,4.252557e-03,3.068425e-04,9.373112e-04,1.658374e-01,1.083841e-01,4.029343e-02,5.118648e-03,2.543344e-03,5.138922e-01,7.414863e-02
2.659904e-02,8.001163e-03,6.085604e-03,1.792454e-02,4.229522e-03,3.290340e-03,2.383132e-04,6.868116e-04,2.933757e-01,1.240108e-01,3.249704e-02,3.767075e-03,1.964803e-03,4.209670e-01,5.636227e-02
1.935868e-02,6.065086e-03,4.547091e-03,2.024448e-02,7.277029e-03,3.718321e-03,2.406801e-04,5.248662e-04,4.394780e-01,1.087259e-01,3.985983e-02,3.253951e-03,3.031452e-03,3.007326e-01,4.294205e-02
1.688109e-02,5.496617e-03,7.918396e-03,5.876262e-02,1.557512e-02,7.339196e-03,4.943422e-04,4.969905e-03,4.769146e-01,9.715189e-02,3.876618e-02,4.599221e-03,1.088683e-02,2.176860e-01,3.655786e-02
3.833294e-02,5.907149e-03,6.768393e-03,5.908219e-02,4.423071e-02,1.003582e-02,2.063856e-03,6.058245e-03,4.768513e-01,9.768303e-02,3.862903e-02,5.672588e-03,1.290102e-02,1.601565e-01,3.562724e-02
4.327410e-02,5.548968e-03,5.933000e-03,1.749642e-01,4.813841e-02,1.047373e-02,1.696233e-03,5.403888e-03,4.353143e-01,7.118520e-02,3.194947e-02,9.354601e-03,1.590708e-02,1.127375e-01,2.811932e-02
4.759941e-02,4.624247e-03,4.896075e-03,1.730905e-01,1.018198e-01,1.411766e-02,1.817235e-03,4.532527e-03,3.817796e-01,5.251731e-02,4.891560e-02,2.232442e-02,3.752835e-02,8.086548e-02,2.357176e-02
1.023076e-01,5.785994e-03,3.110345e-02,1.903843e-01,1.096368e-01,1.297916e-02,1.975537e-03,5.865447e-03,2.928228e-01,3.784617e-02,5.627768e-02,2.455781e-02,5.099603e-02,5.890116e-02,1.855996e-02
9.038317e-02,5.506075e-03,2.395466e-02,1.468590e-01,8.350474e-02,1.200061e-02,1.638105e-03,4.240595e-03,4.051715e-01,3.073207e-02,5.326524e-02,1.871418e-02,4.443185e-02,4.300474e-02,3.659349e-02
7.234672e-02,5.673759e-03,1.753021e-02,1.114124e-01,6.280513e-02,1.245354e-02,1.397256e-03,3.145738e-03,5.097553e-01,2.564706e-02,4.119650e-02,1.427146e-02,3.722863e-02,3.173583e-02,5.340051e-02
9.161474e-02,5.898560e-03,1.306622e-02,1.004905e-01,5.047927e-02,1.990449e-02,1.378594e-03,2.773346e-03,5.157856e-01,2.404849e-02,3.521156e-02,1.549176e-02,3.806281e-02,2.513190e-02,6.066222e-02
1.135468e-01,6.318566e-03,9.713579e-03,8.339513e-02,4.140361e-02,2.903819e-02,1.164183e-03,2.379796e-03,4.633742e-01,2.358619e-02,3.998670e-02,3.094761e-02,5.821589e-02,3.448410e-02,6.244543e-02
1.341584e-01,7.202618e-03,8.863840e-03,7.555066e-02,5.433769e-02,6.140951e-02,3.233321e-03,5.463144e-03,3.595057e-01,1.863823e-02,5.215913e-02,7.308650e-02,6.302661e-02,3.151109e-02,5.185358e-02
1.006435e-01,6.922697e-03,1.011960e-02,6.559261e-02,4.674936e-02,6.816280e-02,2.856682e-03,6.039888e-03,2.599688e-01,1.387619e-02,7.831588e-02,2.123150e-01,6.627797e-02,2.393794e-02,3.822108e-02
7.160362e-02,5.420380e-03,8.660943e-03,4.764564e-02,3.386171e-02,9.213234e-02,2.125274e-03,4.351072e-03,1.838881e-01,9.855274e-03,6.216595e-02,3.834837e-01,5.022441e-02,1.695528e-02,2.762628e-02
5.265324e-02,1.191992e-02,1.118692e-02,3.431534e-02,3.737774e-02,7.126635e-02,1.717300e-03,3.682132e-03,1.604425e-01,8.368010e-03,7.005253e-02,4.631155e-01,4.127729e-02,1.234031e-02,2.028486e-02
3.780337e-02,1.052099e-02,8.517861e-03,2.422054e-02,3.394799e-02,5.201730e-02,1.335915e-03,3.011042e-03,1.362173e-01,7.817330e-03,6.357417e-02,5.648896e-01,3.255438e-02,9.052774e-03,1.451945e-02
2.761581e-02,9.691727e-03,6.490408e-03,1.713955e-02,2.543856e-02,3.925812e-02,1.008105e-03,2.545075e-03,1.091055e-01,6.033431e-03,1.217750e-01,5.925336e-01,2.425873e-02,6.809051e-03,1.029719e-02
1.946537e-02,1.936620e-02,5.569653e-03,1.205216e-02,1.942643e-02,2.775109e-02,7.138270e-04,2.115415e-03,9.680057e-02,4.850344e-03,1.589901e-01,6.011227e-01,1.891878e-02,5.489281e-03,7.367978e-03
1.418707e-02,1.830061e-02,7.796587e-03,8.769175e-03,1.657949e-02,1.988185e-02,5.402878e-04,9.020781e-03,9.676218e-02,4.713226e-03,1.225704e-01,6.560404e-01,1.512431e-02,4.378014e-03,5.335581e-03
1.026047e-02,1.462419e-02,6.331924e-03,6.262296e-03,1.483393e-02,1.425082e-02,3.969020e-04,7.803645e-03,7.652957e-02,3.736035e-03,9.229404e-02,7.334402e-01,1.187903e-02,3.503993e-03,3.853005e-03
7.596094e-03,1.106915e-02,5.192029e-03,4.722353e-03,1.439929e-02,1.068967e-02,3.208405e-04,7.973208e-03,5.959901e-02,3.324514e-03,7.134578e-02,7.889021e-01,9.192724e-03,2.864242e-03,2.809028e-03
9.967727e-03,8.742074e-03,5.363339e-03,4.470591e-03,1.744331e-02,1.016721e-02,4.493119e-04,2.125219e-02,4.568087e-02,3.186453e-03,5.575102e-02,8.057609e-01,7.165176e-03,2.430996e-03,2.168877e-03
1.049932e-02,7.441299e-03,4.746227e-03,3.901342e-03,4.726290e-02,8.493690e-03,1.181020e-03,2.061968e-02,4.082346e-02,2.812772e-03,5.891860e-02,7.829229e-01,6.338282e-03,2.248481e-03,1.790044e-03
1.145680e-02,9.388397e-03,6.813683e-03,3.185695e-03,8.202311e-02,7.888575e-03,1.334479e-03,1.810446e-02,4.551942e-02,2.934320e-03,6.017145e-02,7.412736e-01,5.541656e-03,2.708854e-03,1.655552e-03
1.318253e-02,1.138963e-02,9.812437e-03,2.985673e-03,1.049735e-01,7.144363e-03,1.717028e-03,3.452755e-02,7.110359e-02,3.506462e-03,6.636541e-02,6.634587e-01,5.403520e-03,2.941747e-03,1.487923e-03
1.636548e-02,2.137937e-02,1.833520e-02,3.152675e-03,9.938342e-02,6.918292e-03,1.713610e-03,4.708234e-02,1.079146e-01,5.195381e-03,7.185429e-02,5.898237e-01,5.583288e-03,3.909337e-03,1.389085e-03
1.632874e-02,3.321612e-02,3.620915e-02,5.184556e-03,9.921824e-02,7.580439e-03,1.362572e-03,6.464987e-02,2.308813e-01,5.217127e-03,6.196198e-02,4.285394e-01,5.004048e-03,3.488366e-03,1.158128e-03
1.277711e-02,5.263120e-02,3.341153e-02,5.322573e-03,8.947672e-02,7.965479e-03,1.243430e-03,6.393532e-02,3.679140e-01,3.886680e-03,5.263317e-02,3.013565e-01,3.758352e-03,2.707246e-03,9.806958e-04
1.211062e-02,6.629138e-02,2.828506e-02,5.414685e-03,8.424833e-02,1.170045e-02,1.092511e-03,6.701949e-02,4.518135e-01,3.077960e-03,4.984511e-02,2.127220e-01,3.021338e-03,2.386063e-03,9.714565e-04
1.594569e-02,7.161081e-02,3.982323e-02,2.376942e-02,1.216790e-01,9.296991e-03,1.241486e-03,7.794827e-02,4.379047e-01,3.782401e-03,3.839238e-02,1.512165e-01,3.707083e-03,2.198183e-03,1.483878e-03
2.013515e-02,6.573238e-02,3.356358e-02,2.627448e-02,1.136433e-01,1.081793e-02,1.565437e-03,1.198638e-01,4.533171e-01,7.788666e-03,3.009345e-02,1.102543e-01,3.101340e-03,2.348547e-03,1.500431e-03
5.155895e-02,7.501031e-02,2.890259e-02,3.863374e-02,1.091421e-01,9.724545e-03,1.288634e-03,1.307608e-01,4.290615e-01,1.240442e-02,2.441886e-02,7.818159e-02,2.490064e-03,5.687555e-03,2.734353e-03
6.403565e-02,6.867354e-02,3.323071e-02,3.417333e-02,1.403570e-01,9.025150e-03,1.346073e-03,2.125640e-01,3.388561e-01,1.073900e-02,1.901948e-02,5.555082e-02,2.120190e-03,7.727017e-03,2.581862e-03
1.122152e-01,6.772296e-02,3.010115e-02,3.623763e-02,1.615901e-01,9.616420e-03,1.723659e-03,2.184805e-01,2.799752e-01,1.064088e-02,1.534609e-02,4.019414e-02,2.186837e-03,1.022150e-02,3.747624e-03
1.329028e-01,8.840984e-02,3.535555e-02,3.437305e-02,2.008813e-01,1.270034e-02,1.665253e-03,1.930805e-01,2.332544e-01,8.705188e-03,1.515288e-02,2.878832e-02,2.072055e-03,9.543991e-03,3.114526e-03
1.481701e-01,1.085409e-01,4.200882e-02,3.111642e-02,2.328937e-01,1.640370e-02,1.556982e-03,1.661607e-01,2.003339e-01,7.171802e-03,1.229763e-02,2.071772e-02,1.926246e-03,7.935741e-03,2.765564e-03
2.692710e-01,1.046256e-01,3.881275e-02,3.634415e-02,2.071319e-01,1.582489e-02,1.544823e-03,1.213889e-01,1.594349e-01,5.535681e-03,1.068799e-02,1.574226e-02,2.086138e-03,7.066476e-03,4.502534e-03
3.493347e-01,1.109968e-01,3.690437e-02,3.061243e-02,1.753008e-01,2.744882e-02,1.954541e-03,8.900130e-02,1.401117e-01,4.170071e-03,9.006582e-03,1.218042e-02,2.686209e-03,5.415397e-03,4.875841e-03
2.924330e-01,9.816583e-02,3.520272e-02,1.938662e-01,1.476826e-01,2.085579e-02,1.660060e-03,6.709488e-02,1.045786e-01,3.149927e-03,1.001066e-02,1.047303e-02,3.377538e-03,4.268235e-03,7.180876e-03
2.540941e-01,9.290072e-02,2.737170e-02,2.127258e-01,1.095326e-01,1.620734e-02,1.400259e-03,4.865101e-02,8.854559e-02,2.653282e-03,9.315378e-02,3.383489e-02,4.461190e-03,5.656693e-03,8.811018e-03
2.531500e-01,7.891011e-02,2.246158e-02,2.153123e-01,8.089530e-02,1.342733e-02,1.233227e-03,3.479863e-02,7.040386e-02,2.261812e-03,1.455887e-01,6.282572e-02,4.297855e-03,5.759891e-03,8.673710e-03
2.664697e-01,6.034224e-02,1.796811e-02,2.155290e-01,5.887388e-02,1.211354e-02,1.173923e-03,2.528367e-02,5.314517e-02,2.384590e-03,1.412484e-01,1.214827e-01,4.339918e-03,1.115377e-02,8.491331e-03
2.582191e-01,4.442311e-02,1.362715e-02,1.657943e-01,5.021934e-02,1.277386e-02,1.456904e-03,1.902027e-02,3.990013e-02,2.125002e-03,1.431975e-01,2.110765e-01,3.658135e-03,2.702824e-02,7.480549e-03
2.012789e-01,3.198413e-02,1.067686e-02,1.225180e-01,4.880238e-02,1.491301e-02,1.407525e-03,1.373184e-02,2.863748e-02,1.853319e-03,1.742824e-01,3.010781e-01,3.111147e-03,3.944480e-02,6.280072e-03
1.542735e-01,2.275150e-02,8.513115e-03,8.780754e-02,7.174316e-02,1.547989e-02,1.152717e-03,1.018482e-02,2.038027e-02,1.779643e-03,1.808499e-01,3.762436e-01,2.679434e-03,4.128562e-02,4.875352e-03
1.192085e-01,1.624716e-02,6.811636e-03,6.538749e-02,8.945163e-02,2.619990e-02,1.260561e-03,8.077962e-03,1.470739e-02,1.932862e-03,2.044428e-01,3.957130e-01,2.417491e-03,4.420094e-02,3.940678e-03
1.674852e-01,1.451775e-02,6.267405e-03,5.211730e-02,1.037329e-01,3.232276e-02,1.130068e-03,6.594006e-03,1.098910e-02,1.737916e-03,1.731047e-01,3.804606e-01,2.402888e-03,4.190966e-02,5.227719e-03
1.272933e-01,1.161329e-02,4.964076e-03,3.759232e-02,1.169719e-01,3.088659e-02,1.169985e-03,4.895455e-03,8.369447e-03,1.886758e-03,2.009412e-01,4.004496e-01,2.815176e-03,4.511550e-02,5.035338e-03
9.027371e-02,9.327470e-03,3.712461e-03,2.664967e-02,1.384385e-01,2.385832e-02,1.220461e-03,3.576636e-03,6.606992e-03,1.814040e-03,1.916068e-01,4.548033e-01,2.935478e-03,4.112396e-02,4.052181e-03
6.548706e-02,1.472346e-02,4.720690e-03,1.910762e-02,2.232708e-01,1.820178e-02,1.675099e-03,2.881760e-03,7.153371e-03,2.358385e-03,1.594309e-01,4.330900e-01,2.790941e-03,4.080320e-02,4.304933e-03
4.827921e-02,1.600673e-02,6.003288e-03,1.424871e-02,2.107070e-01,2.083671e-02,3.962201e-03,2.946263e-03,9.428255e-03,2.904648e-03,2.086300e-01,4.111528e-01,3.828566e-03,3.398625e-02,7.079313e-03
3.853520e-02,1.417472e-02,6.189883e-03,1.173168e-02,1.735315e-01,3.833549e-02,4.511870e-03,4.040169e-03,1.026981e-02,2.459099e-03,2.872356e-01,3.711148e-01,6.298582e-03,2.514980e-02,6.421733e-03
2.806125e-02,1.118011e-02,6.042033e-03,9.040209e-03,1.351440e-01,4.866899e-02,3.680666e-03,3.447909e-03,1.407151e-02,1.972129e-03,3.681248e-01,3.376412e-01,9.431880e-03,1.835060e-02,5.142702e-03
2.197081e-02,9.085329e-03,7.510962e-03,7.010513e-03,1.013005e-01,1.149552e-01,3.694142e-03,3.587305e-03,1.365924e-02,1.569450e-03,4.177966e-01,2.694039e-01,9.338313e-03,1.345813e-02,5.659553e-03
1.913766e-02,1.131593e-02,1.433460e-02,8.959666e-03,1.377296e-01,9.421335e-02,3.392402e-03,3.694542e-03,2.501650e-02,1.749118e-03,4.349980e-01,2.144994e-01,9.657139e-03,1.055717e-02,1.074495e-02
1.785788e-02,4.363848e-02,4.326478e-02,1.251735e-02,1.277971e-01,7.089370e-02,2.908610e-03,6.642977e-03,4.098158e-02,2.053800e-03,4.264335e-01,1.661822e-01,8.792537e-03,8.220590e-03,2.181482e-02
1.742936e-02,4.345190e-02,4.495419e-02,1.020287e-02,1.312375e-01,5.502451e-02,3.165224e-03,1.338891e-02,5.827028e-02,1.620053e-03,4.695227e-01,1.208151e-01,7.756097e-03,5.865240e-03,1.729606e-02
1.977149e-02,3.144529e-02,4.174321e-02,8.834310e-03,1.106596e-01,4.149975e-02,2.501299e-03,1.105199e-02,4.336826e-02,1.241975e-03,5.785332e-01,8.532008e-02,5.700791e-03,4.174543e-03,1.415425e-02
2.402880e-02,2.272314e-02,7.276487e-02,1.131847e-02,9.072655e-02,3.640181e-02,2.830261e-03,2.206371e-02,3.752797e-02,1.090595e-03,5.985173e-01,6.125372e-02,4.447673e-03,3.110689e-03,1.119437e-02
3.076888e-02,1.637997e-02,6.370995e-02,1.063411e-02,7.274651e-02,3.059595e-02,2.037690e-03,1.776947e-02,2.924621e-02,8.826478e-04,6.659067e-01,4.494116e-02,3.423185e-03,2.493433e-03,8.464069e-03
4.334825e-02,1.205125e-02,5.053053e-02,9.700915e-03,6.488857e-02,2.293822e-02,1.443422e-03,1.336193e-02,2.308572e-02,7.755210e-04,7.121277e-01,3.364194e-02,2.612203e-03,2.643706e-03,6.850047e-03
5.946433e-02,1.026702e-02,5.213633e-02,2.896157e-02,8.852019e-02,1.795814e-02,1.120277e-03,2.358131e-02,2.750941e-02,7.276314e-04,6.445124e-01,3.447387e-02,2.174958e-03,2.922921e-03,5.669671e-03
7.024448e-02,7.667399e-03,3.845957e-02,2.569129e-02,8.064321e-02,1.554174e-02,9.685454e-04,2.109699e-02,3.356946e-02,6.851524e-04,5.914330e-01,1.046958e-01,2.095745e-03,2.866416e-03,4.341258e-03
7.095436e-02,6.310697e-03,2.837113e-02,2.296992e-02,6.875535e-02,1.585716e-02,8.742625e-04,1.560256e-02,4.342467e-02,8.484637e-04,5.677507e-01,1.471637e-01,2.614347e-03,3.773121e-03,4.729512e-03
1.298504e-01,5.777268e-03,2.224850e-02,3.123795e-02,5.572158e-02,4.264517e-02,1.206483e-03,1.318222e-02,5.931132e-02,1.208310e-03,4.561751e-01,1.573974e-01,5.127809e-03,1.097969e-02,7.930727e-03
1.759221e-01,5.708541e-03,2.437957e-02,3.535105e-02,4.557092e-02,5.938478e-02,2.493168e-03,1.430279e-02,5.245581e-02,1.694394e-03,4.018516e-01,1.409186e-01,1.177920e-02,1.317696e-02,1.501056e-02
2.274812e-01,6.565351e-03,3.023994e-02,3.698018e-02,3.949703e-02,7.865865e-02,2.437825e-03,1.162767e-02,6.714786e-02,4.279271e-03,3.038583e-01,1.016483e-01,1.099202e-02,1.901218e-02,5.957415e-02
2.282559e-01,1.080346e-02,3.374711e-02,3.877497e-02,3.226297e-02,1.066139e-01,2.029296e-03,9.942325e-03,7.319994e-02,1.081784e-02,2.240474e-01,7.268783e-02,9.547448e-03,3.424774e-02,1.130219e-01
2.438154e-01,1.616000e-02,4.095759e-02,4.455093e-02,2.645895e-02,1.360665e-01,2.334218e-03,1.162140e-02,7.731798e-02,1.568526e-02,1.633195e-01,5.186119e-02,1.004413e-02,4.501399e-02,1.147929e-01
1.949834e-01,1.768787e-02,3.337238e-02,3.973534e-02,2.001104e-02,1.096656e-01,1.806932e-03,9.875814e-03,8.080037e-02,4.096128e-02,1.649159e-01,3.799922e-02,8.822725e-03,8.057901e-02,1.587830e-01
1.382054e-01,1.471159e-02,2.399917e-02,3.110508e-02,1.408527e-02,7.785632e-02,1.287883e-03,6.996481e-03,9.316191e-02,3.385874e-02,1.875681e-01,3.369042e-02,9.260423e-03,7.258432e-02,2.616289e-01
9.822822e-02,1.338978e-02,1.741213e-02,2.318539e-02,1.010603e-02,6.195823e-02,9.931572e-04,5.054515e-03,7.760374e-02,2.528137e-02,3.695638e-01,2.673980e-02,8.304253e-03,5.791652e-02,2.042631e-01
7.081291e-02,1.055572e-02,1.250818e-02,2.291536e-02,7.390800e-03,4.732554e-02,8.132471e-04,3.830207e-03,5.867922e-02,1.936354e-02,5.237650e-01,2.225696e-02,6.470817e-03,4.652704e-02,1.467856e-01
5.057560e-02,7.979116e-03,9.061122e-03,1.845950e-02,5.380253e-03,3.627529e-02,6.522430e-04,2.766459e-03,4.265230e-02,1.472338e-02,6.422017e-01,2.209580e-02,5.146709e-03,3.795126e-02,1.040794e-01
3.584630e-02,6.093667e-03,6.782427e-03,2.120313e-02,3.963511e-03,2.690986e-02,5.143897e-04,1.989437e-03,3.106049e-02,1.074729e-02,7.324769e-01,1.813373e-02,3.825520e-03,2.687328e-02,7.358005e-02
2.565899e-02,4.726556e-03,5.066476e-03,1.763467e-02,3.276994e-03,2.158335e-02,4.577430e-04,1.537863e-03,2.430066e-02,7.863902e-03,7.719564e-01,3.884726e-02,3.167724e-03,2.080239e-02,5.311903e-02
2.057396e-02,8.984060e-03,6.120642e-03,1.581361e-02,5.629708e-03,2.355408e-02,6.618159e-04,1.664588e-03,2.404642e-02,7.379323e-03,6.835637e-01,1.287339e-01,2.761447e-03,1.680485e-02,5.370790e-02
3.818859e-02,1.367918e-02,6.144081e-03,1.389393e-02,9.345010e-03,1.921147e-02,1.365714e-03,4.524159e-03,4.406721e-02,8.307354e-03,6.122995e-01,1.611306e-01,2.530378e-03,1.553810e-02,4.977475e-02
4.246289e-02,1.325061e-02,5.436483e-03,1.168173e-02,8.194696e-03,1.531429e-02,1.271719e-03,7.904048e-03,3.885829e-02,6.616658e-03,6.377364e-01,1.594925e-01,2.179969e-03,1.249600e-02,3.710370e-02
6.811868e-02,1.181519e-02,6.515579e-03,1.402693e-02,1.621613e-02,1.328455e-02,3.235718e-03,1.716431e-02,3.722459e-02,5.445139e-03,6.193555e-01,1.449795e-01,2.645771e-03,9.931752e-03,3.004067e-02
8.794737e-02,1.528094e-02,7.144834e-03,1.217508e-02,1.972211e-02,1.125640e-02,3.506385e-03,2.192911e-02,5.943122e-02,4.793072e-03,5.620748e-01,1.585314e-01,2.742363e-03,9.044193e-03,2.442074e-02
7.690915e-02,2.277820e-02,5.908578e-03,9.648292e-03,1.698825e-02,1.091466e-02,3.342956e-03,1.859280e-02,6.122693e-02,3.675416e-03,6.046976e-01,1.355918e-01,3.670130e-03,7.067618e-03,1.898768e-02
6.618136e-02,5.423548e-02,6.435970e-03,7.576874e-03,1.445563e-02,9.069780e-03,2.751349e-03,1.813854e-02,5.870634e-02,3.408017e-03,6.073046e-01,1.221609e-01,3.283122e-03,1.018953e-02,1.610252e-02
5.759869e-02,1.242636e-01,8.169748e-03,6.144842e-03,3.067445e-02,7.047065e-03,2.784226e-03,1.718483e-02,1.216690e-01,3.163642e-03,4.966514e-01,9.921368e-02,2.667740e-03,9.537984e-03,1.322908e-02
6.930202e-02,1.447381e-01,7.862242e-03,9.910561e-03,6.182952e-02,6.955315e-03,2.974509e-03,2.228494e-02,2.063234e-01,3.267396e-03,3.674410e-01,7.276399e-02,2.586673e-03,8.859514e-03,1.290085e-02
5.748374e-02,1.828343e-01,7.556405e-03,7.523851e-03,5.570840e-02,1.374229e-02,2.424766e-03,2.370670e-02,2.937735e-01,2.752058e-03,2.781849e-01,5.370691e-02,2.143313e-03,8.517465e-03,9.941468e-03
6.754151e-02,2.180040e-01,8.874281e-03,1.305318e-02,4.584920e-02,1.757809e-02,1.861429e-03,2.284354e-02,3.299876e-01,2.992573e-03,2.032417e-01,3.918868e-02,3.707030e-03,7.503543e-03,1.777365e-02
9.572463e-02,1.941069e-01,1.011762e-02,1.583303e-02,3.962410e-02,1.801685e-02,1.845458e-03,4.156242e-02,3.757273e-01,2.764989e-03,1.498584e-01,3.009353e-02,3.495851e-03,7.346180e-03,1.388275e-02
1.485227e-01,1.530156e-01,1.162882e-02,1.505656e-02,3.958547e-02,2.126535e-02,1.926586e-03,7.104636e-02,3.770992e-01,2.962363e-03,1.083246e-01,2.574436e-02,2.999540e-03,9.047288e-03,1.177522e-02
2.003244e-01,1.290853e-01,1.478017e-02,1.720678e-02,4.106205e-02,1.777448e-02,2.352035e-03,8.590753e-02,3.641057e-01,4.375689e-03,7.753042e-02,2.453699e-02,2.866184e-03,8.968270e-03,9.124071e-03
2.221321e-01,1.171229e-01,1.228588e-02,1.761010e-02,5.462115e-02,1.515698e-02,2.366513e-03,1.187497e-01,3.440001e-01,3.926666e-03,5.535660e-02,1.817359e-02,2.666000e-03,8.529993e-03,7.301608e-03
2.290921e-01,9.595965e-02,1.026224e-02,1.785959e-02,1.164948e-01,1.447615e-02,2.678972e-03,1.282289e-01,3.081061e-01,3.127892e-03,4.059965e-02,1.522074e-02,3.545345e-03,8.181900e-03,6.166033e-03
1.779802e-01,6.949311e-02,8.463511e-03,1.641980e-02,1.175887e-01,1.140839e-02,2.595717e-03,3.044051e-01,2.347867e-01,2.243154e-03,2.894782e-02,1.199372e-02,3.305630e-03,5.911480e-03,4.457090e-03
1.330038e-01,4.946573e-02,6.353860e-03,1.328735e-02,9.913699e-02,8.754586e-03,2.086004e-03,4.740329e-01,1.725106e-01,1.586335e-03,2.047010e-02,9.085910e-03,2.738875e-03,4.231264e-03,3.255787e-03
1.026813e-01,3.554133e-02,5.604844e-03,1.340059e-02,7.387803e-02,7.293215e-03,1.933389e-03,6.054664e-01,1.232158e-01,1.160457e-03,1.479632e-02,6.940221e-03,2.216664e-03,3.048450e-03,2.822962e-03
8.130483e-02,2.611724e-02,5.357298e-03,1.772197e-02,5.619580e-02,6.913699e-03,1.529962e-03,6.926358e-01,8.862875e-02,8.803791e-04,1.086866e-02,5.177687e-03,1.823639e-03,2.247172e-03,2.597197e-03
8.450498e-02,1.883583e-02,7.872436e-03,1.540211e-02,4.047060e-02,6.459027e-03,1.429344e-03,7.411097e-01,6.471923e-02,6.865559e-04,8.476645e-03,4.207162e-03,1.648846e-03,1.677971e-03,2.499586e-03
1.411070e-01,1.419360e-02,7.383985e-03,1.898675e-02,2.928146e-02,5.626586e-03,1.168458e-03,7.033284e-01,5.109376e-02,8.113506e-04,1.193496e-02,7.460703e-03,2.938045e-03,1.545585e-03,3.139484e-03
1.676374e-01,1.100105e-02,6.888437e-03,2.469150e-02,2.147924e-02,4.881564e-03,9.679436e-04,5.684851e-01,5.568845e-02,2.014083e-03,8.241902e-02,1.580868e-02,3.057082e-02,3.083570e-03,4.383123e-03
1.678040e-01,8.779091e-03,7.961858e-03,2.107123e-02,1.754129e-02,4.553392e-03,8.591894e-04,4.355847e-01,7.174717e-02,2.360091e-03,1.339783e-01,2.096361e-02,9.498452e-02,6.255871e-03,5.555681e-03
1.709607e-01,6.881988e-03,8.731642e-03,1.926265e-02,1.647585e-02,4.086258e-03,7.839163e-04,3.461038e-01,9.387130e-02,1.921057e-03,1.707027e-01,3.087029e-02,1.156387e-01,9.035911e-03,4.673176e-03
1.725312e-01,5.606505e-03,1.664402e-02,2.279264e-02,2.112408e-02,2.101247e-02,1.103987e-03,2.995314e-01,1.287435e-01,1.777956e-03,1.784498e-01,2.792829e-02,8.690018e-02,1.176305e-02,4.090970e-03
1.540342e-01,4.531462e-03,1.533800e-02,1.850269e-02,2.203498e-02,1.989899e-02,9.163321e-04,2.231518e-01,2.402893e-01,1.507423e-03,1.667079e-01,2.169289e-02,6.233856e-02,4.523313e-02,3.822361e-03
1.322363e-01,6.433064e-03,1.322761e-02,1.377210e-02,1.875725e-02,3.279312e-02,7.104040e-04,1.588480e-01,3.164356e-01,1.299509e-03,1.676832e-01,1.633263e-02,4.470256e-02,7.263656e-02,4.132169e-03
1.228303e-01,6.782289e-03,1.017380e-02,9.962865e-03,1.521288e-02,3.078722e-02,5.353382e-04,1.122789e-01,3.574615e-01,1.334631e-03,1.591034e-01,1.208914e-02,3.178835e-02,1.261883e-01,3.471062e-03
8.873455e-02,6.110238e-03,7.375012e-03,7.072332e-03,1.099433e-02,2.463497e-02,3.820086e-04,7.875320e-02,4.924555e-01,1.281301e-03,1.243879e-01,8.776932e-03,2.239321e-02,1.239252e-01,2.723248e-03
6.230644e-02,5.575684e-03,5.396077e-03,4.989863e-03,7.938812e-03,1.965556e-02,2.700416e-04,5.517936e-02,5.948700e-01,1.559284e-03,9.214557e-02,6.349148e-03,1.577273e-02,1.258709e-01,2.120497e-03
4.370210e-02,6.563122e-03,4.026396e-03,3.538624e-03,5.669685e-03,1.536180e-02,1.917187e-04,3.868821e-02,6.715772e-01,1.571202e-03,7.353640e-02,4.783840e-03,1.114911e-02,1.179630e-01,1.677628e-03
3.094124e-02,1.278045e-02,4.567453e-03,3.578455e-03,4.959394e-03,1.598843e-02,1.502442e-04,2.810574e-02,7.321099e-01,2.140856e-03,5.492772e-02,3.822079e-03,8.158678e-03,9.606633e-02,1.703087e-03
2.298597e-02,2.099333e-02,5.040118e-03,4.465933e-03,5.631221e-03,3.023224e-02,1.621596e-04,2.202677e-02,7.393436e-01,2.589684e-03,4.003219e-02,3.742237e-03,6.544674e-03,9.452234e-02,1.687603e-03
1.746356e-02,3.120285e-02,5.710619e-03,3.448121e-03,6.502748e-03,3.290705e-02,1.315977e-04,1.956566e-02,7.489411e-01,2.312037e-03,2.893484e-02,2.912788e-03,5.087204e-03,9.316752e-02,1.712334e-03
1.493811e-02,3.014088e-02,5.652077e-03,2.961062e-03,8.474901e-03,2.955553e-02,1.180884e-04,1.564498e-02,7.762536e-01,5.730677e-03,2.153409e-02,2.422089e-03,3.715967e-03,8.109355e-02,1.764413e-03
1.560411e-02,6.520498e-02,6.958382e-03,7.076079e-03,1.068326e-02,2.650208e-02,1.157810e-04,1.322092e-02,7.504658e-01,1.001603e-02,1.664227e-02,2.033490e-03,2.983916e-03,6.194518e-02,1.054777e-02
1.472310e-02,6.265144e-02,1.832984e-02,2.006151e-02,1.042152e-02,2.507486e-02,1.007975e-04,1.199427e-02,7.220535e-01,2.049750e-02,1.398219e-02,1.739117e-03,2.842484e-03,4.725442e-02,2.827339e-02
1.852898e-02,7.957590e-02,2.080981e-02,3.274086e-02,8.787393e-03,2.350660e-02,8.318607e-05,9.861697e-03,6.630441e-01,2.351782e-02,1.627481e-02,1.912670e-03,2.865536e-03,3.742085e-02,6.106972e-02
3.612030e-02,9.847341e-02,1.640183e-02,2.538019e-02,8.535339e-03,2.857841e-02,8.302002e-05,1.453878e-02,5.632415e-01,2.519009e-02,1.434752e-02,1.828273e-03,2.802479e-03,3.149588e-02,1.329829e-01
3.951484e-02,8.378716e-02,1.754626e-02,8.439578e-02,1.150570e-02,2.311134e-02,2.653052e-04,1.486481e-02,4.536717e-01,2.700220e-02,1.324717e-02,2.144006e-03,6.045791e-03,2.300045e-02,1.998974e-01
9.848876e-02,6.605505e-02,5.069612e-02,1.063684e-01,1.038896e-02,1.883666e-02,6.578043e-04,3.205976e-02,3.329625e-01,2.537592e-02,1.102495e-02,3.089892e-03,4.973369e-03,2.008879e-02,2.189331e-01
1.355004e-01,5.981079e-02,3.978262e-02,8.744940e-02,2.171378e-02,2.933734e-02,1.017556e-03,4.647927e-02,3.557563e-01,1.958235e-02,9.017575e-03,2.637280e-03,3.935698e-03,1.790470e-02,1.700749e-01
1.359499e-01,5.463674e-02,3.431005e-02,2.161699e-01,4.038464e-02,2.473242e-02,1.280787e-03,4.902676e-02,2.704779e-01,1.444856e-02,8.454221e-03,2.556216e-03,3.251601e-03,1.462400e-02,1.296962e-01
1.225723e-01,4.192144e-02,2.976054e-02,1.727154e-01,1.673762e-01,1.938297e-02,2.011918e-03,1.266840e-01,1.934515e-01,1.026248e-02,6.748388e-03,2.111315e-03,2.598310e-03,1.066009e-02,9.174312e-02
1.471447e-01,3.026249e-02,2.218116e-02,1.268874e-01,3.259010e-01,2.321311e-02,2.097643e-03,9.293351e-02,1.382454e-01,7.272672e-03,6.609410e-03,1.758944e-03,2.922442e-03,7.602124e-03,6.496780e-02
2.629656e-01,2.158106e-02,2.059441e-02,9.213813e-02,3.345812e-01,2.687590e-02,1.939168e-03,7.479214e-02,9.745128e-02,5.223024e-03,5.711107e-03,1.816300e-03,2.651955e-03,5.383264e-03,4.629538e-02
3.682698e-01,1.586146e-02,1.618564e-02,6.775340e-02,2.965931e-01,4.921945e-02,1.998372e-03,5.515502e-02,6.959706e-02,3.846001e-03,5.772654e-03,2.090440e-03,1.015405e-02,3.928395e-03,3.357515e-02
4.300911e-01,1.226070e-02,1.607293e-02,5.022003e-02,2.600371e-01,8.928455e-02,2.198874e-03,4.067446e-02,4.949706e-02,2.864091e-03,4.657672e-03,2.280204e-03,1.258280e-02,2.883178e-03,2.439519e-02
4.886702e-01,9.772494e-03,2.789309e-02,3.876873e-02,2.205043e-01,1.042054e-01,2.281302e-03,3.180297e-02,3.516712e-02,2.220483e-03,3.724644e-03,2.729170e-03,1.229776e-02,2.238750e-03,1.772348e-02
