1.000000e+00,0.000000e+00,0.000000e+00,0.000000e+00,0.000000e+00,0.000000e+00,0.000000e+00,0.000000e+00,0.000000e+00,0.000000e+00,0.000000e+00,0.000000e+00,0.000000e+00,0.000000e+00,0.000000e+00
1.000000e+00,0.000000e+00,0.000000e+00,0.000000e+00,0.000000e+00,0.000000e+00,0.000000e+00,0.000000e+00,0.000000e+00,0.000000e+00,0.000000e+00,0.000000e+00,0.000000e+00,0.000000e+00,0.000000e+00
1.000000e+00,0.000000e+00,0.000000e+00,0.000000e+00,0.000000e+00,0.000000e+00,0.000000e+00,0.000000e+00,0.000000e+00,0.000000e+00,0.000000e+00,0.000000e+00,0.000000e+00,0.000000e+00,0.000000e+00
1.000000e+00,0.000000e+00,0.000000e+00,0.000000e+00,0.000000e+00,0.000000e+00,0.000000e+00,0.000000e+00,0.000000e+00,0.000000e+00,0.000000e+00,0.000000e+00,0.000000e+00,0.000000e+00,0.000000e+00
1.000000e+00,0.000000e+00,0.000000e+00,0.000000e+00,0.000000e+00,0.000000e+00,0.000000e+00,0.000000e+00,0.000000e+00,0.000000e+00,0.000000e+00,0.000000e+00,0.000000e+00,0.000000e+00,0.000000e+00
1.000000e+00,0.000000e+00,0.000000e+00,0.000000e+00,0.000000e+00,0.000000e+00,0.000000e+00,0.000000e+00,0.000000e+00,0.000000e+00,0.000000e+00,0.000000e+00,0.000000e+00,0.000000e+00,0.000000e+00
1.000000e+00,0.000000e+00,0.000000e+00,0.000000e+00,0.000000e+00,0.000000e+00,0.000000e+00,0.000000e+00,0.000000e+00,0.000000e+00,0.000000e+00,0.000000e+00,0.000000e+00,0.000000e+00,0.000000e+00
1.000000e+00,0.000000e+00,0.000000e+00,0.000000e+00,0.000000e+00,0.000000e+00,0.000000e+00,0.000000e+00,0.000000e+00,0.000000e+00,0.000000e+00,0.000000e+00,0.000000e+00,0.000000e+00,0.000000e+00
1.000000e+00,0.000000e+00,0.000000e+00,0.000000e+00,0.000000e+00,0.000000e+00,0.000000e+00,0.000000e+00,0.000000e+00,0.000000e+00,0.000000e+00,0.000000e+00,0.000000e+00,0.000000e+00,0.000000e+00
1.000000e+00,0.000000e+00,0.000000e+00,0.000000e+00,0.000000e+00,0.000000e+00,0.000000e+00,0.000000e+00,0.000000e+00,0.000000e+00,0.000000e+00,0.000000e+00,0.000000e+00,0.000000e+00,0.000000e+00
1.000000e+00,0.000000e+00,0.000000e+00,0.000000e+00,0.000000e+00,0.000000e+00,0.000000e+00,0.000000e+00,0.000000e+00,0.000000e+00,0.000000e+00,0.000000e+00,0.000000e+00,0.000000e+00,0.000000e+00
1.000000e+00,0.000000e+00,0.000000e+00,0.000000e+00,0.000000e+00,0.000000e+00,0.000000e+00,0.000000e+00,0.000000e+00,0.000000e+00,0.000000e+00,0.000000e+00,0.000000e+00,0.000000e+00,0.000000e+00
1.000000e+00,0.000000e+00,0.000000e+00,0.000000e+00,0.000000e+00,0.000000e+00,0.000000e+00,0.000000e+00,0.000000e+00,0.000000e+00,0.000000e+00,0.000000e+00,0.000000e+00,0.000000e+00,0.000000e+00
1.000000e+00,0.000000e+00,0.000000e+00,0.000000e+00,0.000000e+00,0.000000e+00,0.000000e+00,0.000000e+00,0.000000e+00,0.000000e+00,0.000000e+00,0.000000e+00,0.000000e+00,0.000000e+00,0.000000e+00
1.000000e+00,0.000000e+00,0.000000e+00,0.000000e+00,0.000000e+00,0.000000e+00,0.000000e+00,0.000000e+00,0.000000e+00,0.000000e+00,0.000000e+00,0.000000e+00,0.000000e+00,0.000000e+00,0.000000e+00
1.000000e+00,0.000000e+00,0.000000e+00,0.000000e+00,0.000000e+00,0.000000e+00,0.000000e+00,0.000000e+00,0.000000e+00,0.000000e+00,0.000000e+00,0.000000e+00,0.000000e+00,0.000000e+00,0.000000e+00
1.000000e+00,0.000000e+00,0.000000e+00,0.000000e+00,0.000000e+00,0.000000e+00,0.000000e+00,0.000000e+00,0.000000e+00,0.000000e+00,0.000000e+00,0.000000e+00,0.000000e+00,0.000000e+00,0.000000e+00
1.000000e+00,0.000000e+00,0.000000e+00,0.000000e+00,0.000000e+00,0.000000e+00,0.000000e+00,0.000000e+00,0.000000e+00,0.000000e+00,0.000000e+00,0.000000e+00,0.000000e+00,0.000000e+00,0.000000e+00
1.000000e+00,0.000000e+00,0.000000e+00,0.000000e+00,0.000000e+00,0.000000e+00,0.000000e+00,0.000000e+00,0.000000e+00,0.000000e+00,0.000000e+00,0.000000e+00,0.000000e+00,0.000000e+00,0.000000e+00
1.000000e+00,0.000000e+00,0.000000e+00,0.000000e+00,0.000000e+00,0.000000e+00,0.000000e+00,0.000000e+00,0.000000e+00,0.000000e+00,0.000000e+00,0.000000e+00,0.000000e+00,0.000000e+00,0.000000e+00
1.000000e+00,0.000000e+00,0.000000e+00,0.000000e+00,0.000000e+00,0.000000e+00,0.000000e+00,0.000000e+00,0.000000e+00,0.000000e+00,0.000000e+00,0.000000e+00,0.000000e+00,0.000000e+00,0.000000e+00
1.000000e+00,0.000000e+00,0.000000e+00,0.000000e+00,0.000000e+00,0.000000e+00,0.000000e+00,0.000000e+00,0.000000e+00,0.000000e+00,0.000000e+00,0.000000e+00,0.000000e+00,0.000000e+00,0.000000e+00
1.000000e+00,0.000000e+00,0.000000e+00,0.000000e+00,0.000000e+00,0.000000e+00,0.000000e+00,0.000000e+00,0.000000e+00,0.000000e+00,0.000000e+00,0.000000e+00,0.000000e+00,0.000000e+00,0.000000e+00
1.000000e+00,0.000000e+00,0.000000e+00,0.000000e+00,0.000000e+00,0.000000e+00,0.000000e+00,0.000000e+00,0.000000e+00,0.000000e+00,0.000000e+00,0.000000e+00,0.000000e+00,0.000000e+00,0.000000e+00
1.000000e+00,0.000000e+00,0.000000e+00,0.000000e+00,0.000000e+00,0.000000e+00,0.000000e+00,0.000000e+00,0.000000e+00,0.000000e+00,0.000000e+00,0.000000e+00,0.000000e+00,0.000000e+00,0.000000e+00
1.000000e+00,0.000000e+00,0.000000e+00,0.000000e+00,0.000000e+00,0.000000e+00,0.000000e+00,0.000000e+00,0.000000e+00,0.000000e+00,0.000000e+00,0.000000e+00,0.000000e+00,0.000000e+00,0.000000e+00
1.000000e+00,0.000000e+00,0.000000e+00,0.000000e+00,0.000000e+00,0.000000e+00,0.000000e+00,0.000000e+00,0.000000e+00,0.000000e+00,0.000000e+00,0.000000e+00,0.000000e+00,0.000000e+00,0.000000e+00
1.000000e+00,0.000000e+00,0.000000e+00,0.000000e+00,0.000000e+00,0.000000e+00,0.000000e+00,0.000000e+00,0.000000e+00,0.000000e+00,0.000000e+00,0.000000e+00,0.000000e+00,0.000000e+00,0.000000e+00
1.000000e+00,0.000000e+00,0.000000e+00,0.000000e+00,0.000000e+00,0.000000e+00,0.000000e+00,0.000000e+00,0.000000e+00,0.000000e+00,0.000000e+00,0.000000e+00,0.000000e+00,0.000000e+00,0.000000e+00
1.000000e+00,0.000000e+00,0.000000e+00,0.000000e+00,0.000000e+00,0.000000e+00,0.000000e+00,0.000000e+00,0.000000e+00,0.000000e+00,0.000000e+00,0.000000e+00,0.000000e+00,0.000000e+00,0.000000e+00
1.000000e+00,0.000000e+00,0.000000e+00,0.000000e+00,0.000000e+00,0.000000e+00,0.000000e+00,0.000000e+00,0.000000e+00,0.000000e+00,0.000000e+00,0.000000e+00,0.000000e+00,0.000000e+00,0.000000e+00
1.000000e+00,0.000000e+00,0.000000e+00,0.000000e+00,0.000000e+00,0.000000e+00,0.000000e+00,0.000000e+00,0.000000e+00,0.000000e+00,0.000000e+00,0.000000e+00,0.000000e+00,0.000000e+00,0.000000e+00
1.000000e+00,0.000000e+00,0.000000e+00,0.000000e+00,0.000000e+00,0.000000e+00,0.000000e+00,0.000000e+00,0.000000e+00,0.000000e+00,0.000000e+00,0.000000e+00,0.000000e+00,0.000000e+00,0.000000e+00
1.000000e+00,0.000000e+00,0.000000e+00,0.000000e+00,0.000000e+00,0.000000e+00,0.000000e+00,0.000000e+00,0.000000e+00,0.000000e+00,0.000000e+00,0.000000e+00,0.000000e+00,0.000000e+00,0.000000e+00
1.000000e+00,0.000000e+00,0.000000e+00,0.000000e+00,0.000000e+00,0.000000e+00,0.000000e+00,0.000000e+00,0.000000e+00,0.000000e+00,0.000000e+00,0.000000e+00,0.000000e+00,0.000000e+00,0.000000e+00
1.000000e+00,0.000000e+00,0.000000e+00,0.000000e+00,0.000000e+00,0.000000e+00,0.000000e+00,0.000000e+00,0.000000e+00,0.000000e+00,0.000000e+00,0.000000e+00,0.000000e+00,0.000000e+00,0.000000e+00
1.000000e+00,0.000000e+00,0.000000e+00,0.000000e+00,0.000000e+00,0.000000e+00,0.000000e+00,0.000000e+00,0.000000e+00,0.000000e+00,0.000000e+00,0.000000e+00,0.000000e+00,0.000000e+00,0.000000e+00
1.000000e+00,0.000000e+00,0.000000e+00,0.000000e+00,0.000000e+00,0.000000e+00,0.000000e+00,0.000000e+00,0.000000e+00,0.000000e+00,0.000000e+00,0.000000e+00,0.000000e+00,0.000000e+00,0.000000e+00
1.000000e+00,0.000000e+00,0.000000e+00,0.000000e+00,0.000000e+00,0.000000e+00,0.000000e+00,0.000000e+00,0.000000e+00,0.000000e+00,0.000000e+00,0.000000e+00,0.000000e+00,0.000000e+00,0.000000e+00
1.000000e+00,0.000000e+00,0.000000e+00,0.000000e+00,0.000000e+00,0.000000e+00,0.000000e+00,0.000000e+00,0.000000e+00,0.000000e+00,0.000000e+00,0.000000e+00,0.000000e+00,0.000000e+00,0.000000e+00
1.000000e+00,0.000000e+00,0.000000e+00,0.000000e+00,0.000000e+00,0.000000e+00,0.000000e+00,0.000000e+00,0.000000e+00,0.000000e+00,0.000000e+00,0.000000e+00,0.000000e+00,0.000000e+00,0.000000e+00
1.000000e+00,0.000000e+00,0.000000e+00,0.000000e+00,0.000000e+00,0.000000e+00,0.000000e+00,0.000000e+00,0.000000e+00,0.000000e+00,0.000000e+00,0.000000e+00,0.000000e+00,0.000000e+00,0.000000e+00
1.000000e+00,0.000000e+00,0.000000e+00,0.000000e+00,0.000000e+00,0.000000e+00,0.000000e+00,0.000000e+00,0.000000e+00,0.000000e+00,0.000000e+00,0.000000e+00,0.000000e+00,0.000000e+00,0.000000e+00
1.000000e+00,0.000000e+00,0.000000e+00,0.000000e+00,0.000000e+00,0.000000e+00,0.000000e+00,0.000000e+00,0.000000e+00,0.000000e+00,0.000000e+00,0.000000e+00,0.000000e+00,0.000000e+00,0.000000e+00
1.000000e+00,0.000000e+00,0.000000e+00,0.000000e+00,0.000000e+00,0.000000e+00,0.000000e+00,0.000000e+00,0.000000e+00,0.000000e+00,0.000000e+00,0.000000e+00,0.000000e+00,0.000000e+00,0.000000e+00
1.000000e+00,0.000000e+00,0.000000e+00,0.000000e+00,0.000000e+00,0.000000e+00,0.000000e+00,0.000000e+00,0.000000e+00,0.000000e+00,0.000000e+00,0.000000e+00,0.000000e+00,0.000000e+00,0.000000e+00
4.699281e-01,9.641316e-03,2.545279e-02,1.746238e-02,6.476627e-03,2.180463e-02,2.455700e-01,1.578799e-01,2.516631e-03,1.152572e-03,7.148650e-03,1.139209e-02,1.114728e-02,2.825282e-03,9.601819e-03
4.185128e-01,8.025178e-03,2.524469e-02,1.560012e-02,8.006729e-03,3.153455e-02,2.593224e-01,1.895068e-01,2.400723e-03,1.483206e-03,5.552561e-03,9.617340e-03,1.279454e-02,2.542959e-03,9.855441e-03
4.339216e-01,7.678818e-03,2.422992e-02,1.381519e-02,9.693172e-03,3.811045e-02,2.485865e-01,1.764408e-01,2.580543e-03,2.231362e-03,4.597347e-03,9.474111e-03,1.372992e-02,2.651120e-03,1.225910e-02
4.945492e-01,8.154407e-03,2.092539e-02,1.445121e-02,1.654777e-02,4.949832e-02,1.929136e-01,1.395399e-01,2.495084e-03,6.637921e-03,4.939154e-03,1.283299e-02,1.533157e-02,2.605573e-03,1.857790e-02
1.000000e+00,0.000000e+00,0.000000e+00,0.000000e+00,0.000000e+00,0.000000e+00,0.000000e+00,0.000000e+00,0.000000e+00,0.000000e+00,0.000000e+00,0.000000e+00,0.000000e+00,0.000000e+00,0.000000e+00
1.000000e+00,0.000000e+00,0.000000e+00,0.000000e+00,0.000000e+00,0.000000e+00,0.000000e+00,0.000000e+00,0.000000e+00,0.000000e+00,0.000000e+00,0.000000e+00,0.000000e+00,0.000000e+00,0.000000e+00
1.000000e+00,0.000000e+00,0.000000e+00,0.000000e+00,0.000000e+00,0.000000e+00,0.000000e+00,0.000000e+00,0.000000e+00,0.000000e+00,0.000000e+00,0.000000e+00,0.000000e+00,0.000000e+00,0.000000e+00
4.123891e-01,1.412329e-02,1.074458e-02,6.363954e-02,2.256087e-02,4.150155e-02,5.501064e-02,5.677905e-02,6.158651e-02,9.993416e-02,1.491593e-02,2.014919e-02,6.246505e-02,2.624591e-03,6.157599e-02
2.894375e-01,1.191268e-02,7.741326e-03,6.354501e-02,1.614900e-02,3.062443e-02,3.891180e-02,3.992680e-02,6.509086e-02,1.063492e-01,1.227594e-02,1.962745e-02,2.485745e-01,1.874061e-03,4.795946e-02
2.041177e-01,8.477476e-03,6.715110e-03,4.638639e-02,1.246329e-02,3.058669e-02,2.849274e-02,2.807695e-02,4.619088e-02,7.771618e-02,1.022328e-02,1.746924e-02,4.216533e-01,1.446314e-03,5.998443e-02
1.441313e-01,6.230811e-03,5.884623e-03,3.350264e-02,9.731110e-03,2.310983e-02,2.001932e-02,1.970372e-02,3.279225e-02,5.553953e-02,1.140467e-02,1.449635e-02,5.574300e-01,1.159330e-03,6.486450e-02
1.032437e-01,4.584506e-03,4.504276e-03,2.679554e-02,1.159286e-02,5.525392e-02,1.413878e-02,1.397604e-02,2.805197e-02,4.091748e-02,1.963129e-02,1.843408e-02,5.578390e-01,3.731361e-03,9.730519e-02
7.277370e-02,3.302295e-03,3.796488e-03,2.009071e-02,9.107502e-03,4.094239e-02,9.932566e-03,1.007812e-02,2.267598e-02,3.232253e-02,3.206299e-02,1.992013e-02,4.805991e-01,3.664220e-03,2.387313e-01
5.149987e-02,2.880235e-03,5.362215e-03,2.390966e-02,1.493365e-02,3.398903e-02,7.296508e-03,1.166208e-02,2.163169e-02,2.435525e-02,6.404759e-02,2.317626e-02,4.438426e-01,3.317877e-03,2.680955e-01
3.696968e-02,2.410103e-03,4.181860e-03,2.123616e-02,2.629463e-02,6.369920e-02,5.384641e-03,9.990273e-03,2.088750e-02,1.894179e-02,5.472553e-02,2.293119e-02,4.775367e-01,2.534553e-03,2.322762e-01
2.671391e-02,2.172530e-03,3.347913e-03,1.587630e-02,3.221893e-02,8.033194e-02,4.271697e-03,8.295366e-03,1.971743e-02,1.508017e-02,4.494822e-02,2.756915e-02,5.131500e-01,1.882325e-03,2.044242e-01
1.917399e-02,1.842252e-03,2.780676e-03,1.235649e-02,3.295580e-02,5.857126e-02,3.132856e-03,8.163467e-03,2.227873e-02,1.586347e-02,3.989271e-02,3.939128e-02,5.954045e-01,1.536607e-03,1.466560e-01
1.403618e-02,2.114985e-03,2.755144e-03,9.579127e-03,3.717495e-02,4.259942e-02,2.271569e-03,9.736037e-03,2.892553e-02,1.608890e-02,3.630869e-02,4.531813e-02,6.453058e-01,1.288066e-03,1.064976e-01
1.166245e-02,1.673772e-03,2.720935e-03,7.391232e-03,1.018164e-01,3.060312e-02,1.773918e-03,2.230949e-02,3.580296e-02,1.264753e-02,3.923339e-02,8.488669e-02,5.696466e-01,1.033277e-03,7.679830e-02
9.087875e-03,1.474202e-03,2.179711e-03,6.214635e-03,2.201899e-01,2.165170e-02,2.110182e-03,2.125995e-02,3.078783e-02,1.152615e-02,3.537320e-02,1.031397e-01,4.776921e-01,9.931241e-04,5.631983e-02
7.141528e-03,1.675408e-03,1.791828e-03,4.699347e-03,2.863015e-01,1.531970e-02,1.979697e-03,2.281024e-02,3.784554e-02,1.067182e-02,3.083500e-02,1.125518e-01,4.252520e-01,8.787132e-04,4.024596e-02
6.324854e-03,2.913110e-03,3.179600e-03,3.587258e-03,2.785766e-01,1.183098e-02,2.584938e-03,4.646923e-02,6.262216e-02,9.271371e-03,2.949610e-02,1.217144e-01,3.916286e-01,8.208919e-04,2.897992e-02
6.704728e-03,7.045925e-03,7.298858e-03,3.144511e-03,2.471746e-01,1.207444e-02,3.421515e-03,6.696543e-02,1.228444e-01,7.497239e-03,2.565149e-02,1.136424e-01,3.525473e-01,8.103494e-04,2.317680e-02
8.521566e-03,8.535538e-03,8.478769e-03,2.567456e-03,2.575541e-01,1.310437e-02,3.572720e-03,7.060967e-02,1.471542e-01,6.824758e-03,2.125452e-02,1.309631e-01,3.006351e-01,7.960630e-04,1.942803e-02
1.106208e-02,1.211334e-02,8.166673e-03,2.062027e-03,2.148506e-01,1.432920e-02,3.956311e-03,8.258231e-02,2.006398e-01,6.776125e-03,1.698062e-02,1.438762e-01,2.618156e-01,9.622008e-04,1.982696e-02
1.356075e-02,1.205486e-02,8.241023e-03,1.949690e-03,2.109672e-01,1.469666e-02,5.589350e-03,8.955987e-02,2.530676e-01,6.992715e-03,1.405369e-02,1.229839e-01,2.258079e-01,8.696775e-04,1.960512e-02
2.163661e-02,1.290625e-02,7.311054e-03,1.985455e-03,2.413733e-01,1.447385e-02,7.144230e-03,6.862220e-02,3.049955e-01,6.582039e-03,1.342825e-02,9.839356e-02,1.852679e-01,8.141046e-04,1.506567e-02
2.934106e-02,1.685799e-02,7.058087e-03,1.860295e-03,2.268229e-01,1.793705e-02,8.205127e-03,5.504041e-02,3.783603e-01,6.145988e-03,1.283446e-02,7.897768e-02,1.480777e-01,8.790589e-04,1.160186e-02
5.031829e-02,1.311539e-02,1.847095e-02,2.979916e-03,2.338664e-01,1.653352e-02,1.225116e-02,1.657468e-01,2.853656e-01,5.328980e-03,1.088128e-02,6.429613e-02,1.114592e-01,8.010241e-04,8.585234e-03
1.049606e-01,1.191553e-02,1.797641e-02,1.273799e-02,2.534482e-01,1.910410e-02,1.319485e-02,1.399521e-01,2.655958e-01,6.471863e-03,8.759256e-03,5.524157e-02,8.145878e-02,7.841631e-04,8.398875e-03
1.674291e-01,1.156829e-02,1.658913e-02,1.546988e-02,2.714379e-01,2.293362e-02,2.276159e-02,1.057431e-01,2.395599e-01,5.571006e-03,7.120734e-03,4.487843e-02,6.111313e-02,7.275941e-04,7.096609e-03
2.226852e-01,1.226812e-02,2.677940e-02,3.694345e-02,2.341627e-01,2.856991e-02,3.505456e-02,8.243912e-02,2.101062e-01,5.277084e-03,5.667896e-03,3.844892e-02,5.296110e-02,6.396846e-04,7.996642e-03
2.388742e-01,1.379697e-02,3.281588e-02,3.620235e-02,1.997519e-01,2.985400e-02,4.389129e-02,6.835659e-02,2.315187e-01,4.539197e-03,4.518353e-03,2.960892e-02,5.860041e-02,5.878462e-04,7.083376e-03
2.722446e-01,1.616636e-02,2.554703e-02,3.801007e-02,1.841244e-01,4.038725e-02,5.544061e-02,5.038911e-02,2.294031e-01,3.634091e-03,3.711842e-03,2.336289e-02,5.001538e-02,4.745727e-04,7.088752e-03
2.824342e-01,1.624891e-02,1.896640e-02,3.590682e-02,2.172226e-01,4.025685e-02,5.318987e-02,4.121904e-02,2.266935e-01,2.927216e-03,3.111315e-03,1.796243e-02,3.726686e-02,3.992300e-04,6.194798e-03
2.898510e-01,1.765356e-02,1.404647e-02,3.461046e-02,2.432565e-01,3.792876e-02,4.617080e-02,3.422126e-02,2.275579e-01,2.622871e-03,2.573425e-03,1.392567e-02,2.849300e-02,3.667116e-04,6.721630e-03
2.462523e-01,2.361155e-02,1.242317e-02,5.520212e-02,2.846673e-01,3.251415e-02,4.419335e-02,4.866180e-02,2.098492e-01,2.057312e-03,2.293957e-03,1.058652e-02,2.102400e-02,3.910817e-04,6.272321e-03
1.837467e-01,1.709429e-02,8.969714e-03,4.412758e-02,2.781605e-01,2.406781e-02,3.277598e-02,2.195660e-01,1.607495e-01,1.459448e-03,1.826553e-03,7.639725e-03,1.505715e-02,2.935787e-04,4.465461e-03
1.425247e-01,1.379715e-02,6.616480e-03,3.319981e-02,2.235882e-01,1.905614e-02,2.479733e-02,3.835478e-01,1.300499e-01,1.074040e-03,1.629267e-03,5.605394e-03,1.088526e-02,2.622728e-04,3.366248e-03
1.089901e-01,1.151388e-02,4.791325e-03,2.420189e-02,1.601330e-01,1.401048e-02,1.758481e-02,5.470674e-01,9.483598e-02,7.729373e-04,1.456127e-03,4.109368e-03,7.849529e-03,2.076819e-04,2.475505e-03
8.400351e-02,8.459157e-03,3.430974e-03,1.725942e-02,1.150489e-01,1.001919e-02,1.253105e-02,6.699306e-01,6.708829e-02,5.516429e-04,1.170828e-03,2.962234e-03,5.624389e-03,1.538698e-04,1.766016e-03
6.258933e-02,6.208208e-03,2.592168e-03,1.223110e-02,8.359634e-02,7.104204e-03,9.056018e-03,7.607839e-01,4.706860e-02,3.932372e-04,8.988920e-04,2.099767e-03,4.013162e-03,1.111287e-04,1.254036e-03
4.751009e-02,4.529573e-03,2.002761e-03,8.744854e-03,6.207523e-02,5.070910e-03,6.738683e-03,8.240007e-01,3.306262e-02,2.783018e-04,6.728869e-04,1.480917e-03,2.862551e-03,8.292427e-05,8.870612e-04
3.927900e-02,3.399316e-03,1.516267e-03,6.212831e-03,4.659441e-02,3.674972e-03,5.451160e-03,8.660614e-01,2.328814e-02,1.994362e-04,4.971759e-04,1.050934e-03,2.073007e-03,6.645714e-05,6.354952e-04
3.190864e-02,2.566230e-03,1.249610e-03,4.520953e-03,4.739454e-02,3.511081e-03,1.282143e-02,8.738542e-01,1.660145e-02,1.647349e-04,4.482492e-04,8.689699e-04,3.431454e-03,7.205005e-05,5.864296e-04
2.743969e-02,1.994796e-03,1.271808e-03,3.472912e-03,4.591627e-02,3.280923e-03,1.229870e-02,8.871999e-01,1.201474e-02,1.662010e-04,4.391970e-04,7.709700e-04,3.082348e-03,8.196302e-05,5.695608e-04
2.760164e-02,1.592118e-03,1.276509e-03,2.708080e-03,4.220879e-02,2.855593e-03,1.101219e-02,8.970130e-01,8.715192e-03,2.235807e-04,5.653136e-04,8.808504e-04,2.617572e-03,9.796937e-05,6.315935e-04
5.199658e-02,3.957936e-03,1.586927e-03,2.391174e-03,4.954088e-02,6.264808e-03,1.128349e-02,8.219758e-01,8.640911e-03,3.121211e-03,8.279061e-03,4.671773e-03,2.121560e-02,7.943742e-04,4.279515e-03
9.223138e-02,1.118254e-02,1.048192e-02,6.540111e-03,4.935334e-02,7.371044e-03,1.177281e-02,7.183557e-01,8.105336e-03,2.612220e-02,1.266860e-02,1.054742e-02,2.459211e-02,1.870494e-03,8.804984e-03
1.019705e-01,1.309581e-02,2.479593e-02,3.555345e-02,4.661196e-02,1.315103e-02,1.122564e-02,5.698490e-01,1.147059e-02,3.048792e-02,2.704222e-02,3.204245e-02,6.353494e-02,2.238546e-03,1.693011e-02
1.141789e-01,1.424699e-02,2.881920e-02,5.162901e-02,4.934750e-02,1.741011e-02,9.981598e-03,4.248807e-01,5.299699e-02,3.185057e-02,4.530225e-02,3.286055e-02,8.238249e-02,4.324730e-03,3.978838e-02
1.587852e-01,1.745239e-02,2.384477e-02,4.413784e-02,3.786483e-02,2.042817e-02,8.628866e-03,3.097602e-01,5.114038e-02,2.442941e-02,4.072936e-02,2.699469e-02,1.915929e-01,3.907457e-03,4.030360e-02
1.794339e-01,3.997318e-02,2.039941e-02,6.947843e-02,2.811207e-02,2.512702e-02,8.048416e-03,2.190980e-01,8.103979e-02,3.504812e-02,3.229941e-02,2.463540e-02,1.792799e-01,3.853185e-03,5.417378e-02
1.355048e-01,9.087161e-02,4.711666e-02,1.012141e-01,2.045885e-02,2.291871e-02,6.329828e-03,1.537409e-01,1.446342e-01,3.673238e-02,2.677345e-02,2.576379e-02,1.298674e-01,4.051594e-03,5.402185e-02
1.754044e-01,9.988250e-02,4.049667e-02,1.063306e-01,1.551765e-02,1.944675e-02,5.120963e-03,1.084806e-01,1.869331e-01,3.242388e-02,2.654367e-02,2.452432e-02,1.025061e-01,4.572388e-03,5.181644e-02
2.599476e-01,1.096674e-01,3.161898e-02,8.714894e-02,1.187835e-02,1.522408e-02,4.184408e-03,7.671528e-02,1.945064e-01,2.588799e-02,2.835744e-02,2.440087e-02,8.142497e-02,6.417629e-03,4.261975e-02
2.933010e-01,1.004282e-01,2.424129e-02,6.860476e-02,9.763368e-03,1.503947e-02,3.142653e-03,5.664171e-02,2.075788e-01,2.090766e-02,3.343967e-02,2.646886e-02,8.571018e-02,9.425769e-03,4.530658e-02
2.556415e-01,1.326536e-01,1.859930e-02,5.437176e-02,1.297455e-02,1.358161e-02,2.381247e-03,4.126503e-02,2.928995e-01,1.616023e-02,3.105349e-02,2.029548e-02,6.496937e-02,7.888487e-03,3.526483e-02
1.899683e-01,3.065862e-01,1.348013e-02,4.559719e-02,9.405379e-03,1.005410e-02,1.694126e-03,2.926336e-02,2.618769e-01,1.188714e-02,2.311944e-02,1.468405e-02,4.610796e-02,5.954426e-03,3.032121e-02
1.494320e-01,3.606875e-01,1.107967e-02,3.618605e-02,7.344684e-03,8.138490e-03,1.250323e-03,2.144160e-02,2.689483e-01,1.064177e-02,2.942354e-02,1.391975e-02,4.008454e-02,7.553819e-03,3.386800e-02
1.223235e-01,3.008813e-01,1.212664e-02,3.262084e-02,2.552822e-02,2.296544e-02,1.812715e-03,1.564275e-02,3.077576e-01,1.004742e-02,2.847416e-02,1.077992e-02,3.188811e-02,6.917566e-03,7.023389e-02
9.288794e-02,3.833621e-01,1.034500e-02,3.128501e-02,2.151948e-02,1.706308e-02,1.354333e-03,1.139587e-02,2.913667e-01,8.236536e-03,2.169288e-02,7.973533e-03,2.314416e-02,5.163594e-03,7.320983e-02
1.129060e-01,3.754927e-01,1.199754e-02,2.904637e-02,2.195655e-02,1.386976e-02,1.460991e-03,1.002223e-02,2.608860e-01,9.196864e-03,2.273777e-02,8.344891e-03,1.969274e-02,5.673706e-03,9.671588e-02
1.357846e-01,3.736867e-01,1.238309e-02,2.513946e-02,2.064459e-02,1.168429e-02,1.288960e-03,8.373274e-03,1.997463e-01,1.000657e-02,2.117045e-02,8.057248e-03,1.643983e-02,6.450112e-03,1.491445e-01
1.795833e-01,3.946566e-01,1.109530e-02,1.937617e-02,2.256092e-02,1.134320e-02,1.392811e-03,7.991418e-03,1.579921e-01,7.953055e-03,2.305226e-02,8.126330e-03,1.433183e-02,1.188444e-02,1.286602e-01
1.434196e-01,3.952956e-01,3.830730e-02,8.058198e-02,2.777997e-02,1.077383e-02,1.540860e-03,8.506201e-03,1.195168e-01,7.489210e-03,2.324728e-02,6.862311e-03,1.184768e-02,1.108844e-02,1.137429e-01
1.553374e-01,3.296440e-01,6.118761e-02,6.357624e-02,2.344200e-02,1.184184e-02,1.443801e-03,9.566955e-03,9.701981e-02,1.168668e-02,3.298201e-02,1.054090e-02,1.838411e-02,2.114732e-02,1.521993e-01
1.768417e-01,2.792182e-01,5.315559e-02,4.829039e-02,3.074907e-02,1.283012e-02,2.283630e-03,1.046856e-02,8.759709e-02,1.166959e-02,3.492720e-02,1.012162e-02,1.918994e-02,2.243495e-02,2.002223e-01
2.441226e-01,2.188759e-01,4.118259e-02,3.616656e-02,4.736953e-02,1.652085e-02,3.189419e-03,1.382032e-02,1.199643e-01,9.460331e-03,2.898143e-02,8.338256e-03,1.915567e-02,1.930547e-02,1.735468e-01
2.359822e-01,2.123695e-01,8.459100e-02,5.490349e-02,4.030633e-02,1.424294e-02,3.485369e-03,1.380179e-02,1.231332e-01,8.773947e-03,2.310885e-02,8.846199e-03,1.704370e-02,1.709403e-02,1.423175e-01
2.288707e-01,2.208257e-01,1.008567e-01,4.391143e-02,4.401542e-02,1.343331e-02,4.410784e-03,1.906880e-02,1.434906e-01,8.810384e-03,1.838627e-02,7.787890e-03,1.452405e-02,1.475189e-02,1.168560e-01
1.950118e-01,1.610800e-01,1.786813e-01,1.420048e-01,3.499605e-02,1.097973e-02,3.700682e-03,1.523664e-02,1.230588e-01,7.631505e-03,1.382215e-02,6.398145e-03,1.097378e-02,1.050880e-02,8.591578e-02
2.654570e-01,1.191293e-01,2.186920e-01,1.117055e-01,3.910066e-02,1.225851e-02,3.594645e-03,2.839798e-02,9.752201e-02,5.793303e-03,1.097039e-02,4.959818e-03,9.644147e-03,8.370826e-03,6.440386e-02
2.812697e-01,9.307282e-02,3.086920e-01,8.467504e-02,3.097556e-02,2.106804e-02,2.909969e-03,2.356642e-02,7.477078e-02,4.236020e-03,8.249643e-03,3.798918e-03,8.100594e-03,6.317967e-03,4.829650e-02
3.077880e-01,7.256733e-02,3.428313e-01,6.578051e-02,2.301836e-02,2.428029e-02,2.587321e-03,1.863859e-02,5.904210e-02,3.338710e-03,6.080467e-03,3.134828e-03,2.858961e-02,4.893243e-03,3.742938e-02
2.381601e-01,5.240877e-02,2.581358e-01,4.731458e-02,1.656006e-02,3.583089e-02,2.944057e-03,1.335869e-02,4.291475e-02,2.728934e-03,4.957368e-03,2.584634e-03,2.436512e-01,3.869882e-03,3.458028e-02
1.776071e-01,3.723534e-02,1.810726e-01,3.365873e-02,1.175778e-02,2.982862e-02,5.075558e-03,9.379545e-03,3.223596e-02,3.199602e-03,7.559508e-03,8.268541e-03,4.244116e-01,4.070898e-03,3.463850e-02
1.337726e-01,2.637232e-02,1.267998e-01,2.422228e-02,8.437468e-03,3.590349e-02,5.434519e-03,6.589260e-03,2.600791e-02,1.038797e-02,2.993444e-02,1.818578e-02,4.785155e-01,9.366844e-03,6.006981e-02
9.480207e-02,1.855087e-02,8.876228e-02,1.715163e-02,5.950364e-03,2.950975e-02,4.861223e-03,4.618211e-03,2.444703e-02,1.147167e-02,4.783278e-02,2.640737e-02,5.263872e-01,1.926024e-02,7.998731e-02
6.645785e-02,1.301261e-02,6.213612e-02,1.218212e-02,4.277930e-03,2.192185e-02,4.250331e-03,3.247063e-03,6.359327e-02,2.391570e-02,6.758740e-02,5.175684e-02,4.834263e-01,3.112080e-02,9.111381e-02
4.663873e-02,9.141689e-03,4.350040e-02,8.680448e-03,3.273386e-03,1.737257e-02,3.499300e-03,2.334650e-03,1.081861e-01,3.293717e-02,8.004695e-02,7.752954e-02,4.414420e-01,3.803684e-02,8.738015e-02
3.284528e-02,6.495314e-03,3.047140e-02,6.711591e-03,3.368533e-03,1.438875e-02,2.496115e-03,1.760840e-03,2.059650e-01,3.847424e-02,1.040947e-01,6.413183e-02,3.226953e-01,4.441591e-02,1.216851e-01
2.304546e-02,4.703287e-03,2.138932e-02,6.732555e-03,3.226253e-03,1.027943e-02,1.760818e-03,1.255231e-03,3.409337e-01,3.070066e-02,1.157233e-01,5.438265e-02,2.374923e-01,4.880160e-02,9.957331e-02
1.616672e-02,3.444514e-03,1.502477e-02,8.582260e-03,2.373830e-03,7.347842e-03,1.245306e-03,9.135932e-04,4.592438e-01,2.411471e-02,1.109142e-01,4.741393e-02,1.736753e-01,5.358117e-02,7.595800e-02
1.275640e-02,2.541301e-03,1.070017e-02,1.163015e-02,1.860405e-03,5.676921e-03,8.914592e-04,7.803614e-04,5.208777e-01,2.160659e-02,1.071416e-01,3.638934e-02,1.225480e-01,8.751258e-02,5.708699e-02
1.324216e-02,1.988733e-03,8.504524e-03,9.797314e-03,1.507051e-03,5.039630e-03,6.475250e-04,6.465804e-04,5.051857e-01,1.884796e-02,1.290956e-01,2.933197e-02,8.707041e-02,1.485259e-01,4.056894e-02
1.448178e-02,1.661805e-03,9.691043e-03,7.589199e-03,1.257514e-03,1.581974e-02,5.721232e-04,1.081953e-03,5.233962e-01,1.779358e-02,1.295018e-01,2.784986e-02,6.325807e-02,1.562145e-01,2.983080e-02
1.538818e-02,1.395963e-03,7.484889e-03,5.495735e-03,1.069852e-03,1.458602e-02,4.172435e-04,8.370512e-04,5.524577e-01,1.429883e-02,9.985910e-02,2.188849e-02,4.501391e-02,1.983941e-01,2.141292e-02
1.156099e-02,1.439911e-03,6.454782e-03,3.904291e-03,9.189047e-04,1.063016e-02,2.945412e-04,6.001212e-04,6.027151e-01,1.050579e-02,7.355917e-02,1.623731e-02,3.169052e-02,2.141677e-01,1.532067e-02
1.351512e-02,1.401567e-03,7.888502e-03,2.856084e-03,7.955193e-04,1.085245e-02,2.222495e-04,4.875305e-04,5.374706e-01,8.010946e-03,5.221387e-02,1.144253e-02,2.228768e-02,3.191336e-01,1.142169e-02
1.069798e-02,1.185429e-03,6.107931e-03,2.047924e-03,7.093227e-04,8.548441e-03,1.594965e-04,4.125465e-04,4.657301e-01,5.787686e-03,3.690207e-02,8.054316e-03,1.564394e-02,4.296496e-01,8.363243e-03
8.749506e-03,1.282815e-03,5.032799e-03,1.508451e-03,5.756326e-04,6.897280e-03,1.184309e-04,5.840967e-04,3.672344e-01,4.112799e-03,2.600012e-02,5.662724e-03,1.097026e-02,5.551476e-01,6.122976e-03
6.885659e-03,1.395949e-03,4.036782e-03,1.099518e-03,4.529662e-04,5.611709e-03,8.631700e-05,7.878947e-04,2.809427e-01,2.925529e-03,1.833509e-02,3.978505e-03,7.694434e-03,6.612195e-01,4.547426e-03
5.947214e-03,1.262820e-03,3.108805e-03,7.909721e-04,3.445335e-04,4.265944e-03,6.198310e-05,7.539733e-04,2.080924e-01,2.083958e-03,1.304392e-02,2.792701e-03,5.393064e-03,7.486913e-01,3.366365e-03
8.327555e-03,1.958242e-03,1.590733e-02,7.837201e-04,4.202318e-04,3.920411e-03,6.608533e-05,1.739724e-03,1.588666e-01,1.624504e-03,9.586193e-03,1.984679e-03,3.814145e-03,7.885239e-01,2.476624e-03
1.494402e-02,2.497341e-03,1.588805e-02,7.185080e-04,6.434169e-04,3.253957e-03,7.583849e-05,2.385797e-03,1.270884e-01,1.562092e-03,7.566910e-03,1.407714e-03,2.722959e-03,8.172617e-01,1.983281e-03
1.924276e-02,1.025030e-02,2.412473e-02,9.501755e-04,1.951595e-03,2.893424e-03,1.669628e-04,5.950015e-03,1.098399e-01,2.852391e-03,6.225395e-03,1.005892e-03,2.042587e-03,8.100928e-01,2.411077e-03
1.730419e-02,8.951351e-03,1.879409e-02,7.436136e-04,2.147687e-03,2.448802e-03,1.341360e-04,5.689193e-03,8.724757e-02,2.730995e-03,5.057950e-03,7.156714e-04,1.473082e-03,8.434141e-01,3.147602e-03
1.688675e-02,8.643322e-03,1.473914e-02,5.921008e-04,2.033917e-03,1.976628e-03,1.201973e-04,5.819291e-03,6.602859e-02,2.514203e-03,4.114561e-03,5.051716e-04,1.114493e-03,8.715974e-01,3.314260e-03
1.964414e-02,1.719145e-02,6.839767e-02,3.355407e-03,3.795736e-03,1.962096e-03,1.878919e-04,8.685248e-03,5.865800e-02,1.078549e-02,3.340405e-03,3.864731e-04,9.262406e-04,7.503122e-01,5.237152e-02
2.483222e-02,1.415813e-02,8.892154e-02,3.352330e-03,4.452496e-03,3.331515e-03,2.945397e-04,2.008654e-02,5.110450e-02,9.395165e-03,2.775826e-03,3.046351e-04,7.236266e-04,7.253723e-01,5.089468e-02
3.461004e-02,1.444628e-02,7.781158e-02,3.418103e-03,3.881476e-03,3.589114e-03,4.322846e-04,2.156023e-02,4.217172e-02,7.881708e-03,5.730518e-03,2.575106e-04,6.751741e-04,7.368487e-01,4.668556e-02
5.144864e-02,1.285442e-02,1.024785e-01,3.788500e-03,5.019205e-03,4.444102e-03,3.844195e-04,1.998690e-02,4.351036e-02,9.613482e-03,7.579344e-03,2.451509e-04,6.021275e-04,6.493105e-01,8.873436e-02
7.537499e-02,1.892576e-02,1.004859e-01,3.560184e-03,8.414369e-03,4.585802e-03,5.232107e-04,1.915647e-02,4.305372e-02,2.371487e-02,1.728366e-02,4.221718e-04,8.707206e-04,5.766763e-01,1.069519e-01
1.066436e-01,1.863094e-02,9.659293e-02,1.420644e-02,8.657470e-03,5.922426e-03,1.172458e-03,2.649819e-02,3.910744e-02,2.590237e-02,1.359592e-02,7.778729e-04,9.861832e-04,4.384305e-01,2.028753e-01
1.035392e-01,1.698153e-02,7.821034e-02,2.094921e-02,7.192194e-03,5.993903e-03,1.055320e-03,2.051106e-02,3.409462e-02,3.798487e-02,1.125387e-02,1.412208e-03,2.128371e-03,3.106714e-01,3.480220e-01
1.722382e-01,2.811653e-02,7.136192e-02,2.264743e-02,1.473887e-02,1.012864e-02,1.697772e-03,2.820703e-02,3.848301e-02,2.998127e-02,9.603229e-03,1.860011e-03,6.872911e-03,2.722928e-01,2.917705e-01
2.334683e-01,3.320749e-02,5.922098e-02,2.117895e-02,1.686526e-02,1.217571e-02,1.799404e-03,2.676690e-02,4.421365e-02,2.591367e-02,9.270341e-03,3.079559e-03,1.540534e-02,2.073330e-01,2.901015e-01
3.208003e-01,3.212375e-02,4.803674e-02,2.495774e-02,1.847587e-02,1.355285e-02,2.169197e-03,2.145340e-02,4.095175e-02,2.060297e-02,9.524019e-03,8.397479e-03,2.920356e-02,1.523011e-01,2.574493e-01
4.463455e-01,3.609303e-02,4.193775e-02,2.271098e-02,2.082423e-02,1.306967e-02,3.353924e-03,2.539617e-02,3.592659e-02,1.508408e-02,8.072497e-03,9.187480e-03,2.756986e-02,1.084765e-01,1.859518e-01
1.000000e+00,0.000000e+00,0.000000e+00,0.000000e+00,0.000000e+00,0.000000e+00,0.000000e+00,0.000000e+00,0.000000e+00,0.000000e+00,0.000000e+00,0.000000e+00,0.000000e+00,0.000000e+00,0.000000e+00
4.319960e-01,5.554480e-02,3.394562e-02,1.762974e-01,2.033990e-02,1.172051e-02,2.611082e-03,1.573190e-02,3.709569e-02,9.872897e-03,6.863448e-03,9.799728e-03,2.212772e-02,5.400341e-02,1.120499e-01
4.960232e-01,4.587228e-02,2.628987e-02,1.617851e-01,1.787498e-02,1.237478e-02,2.751860e-03,1.363017e-02,3.991234e-02,7.893423e-03,6.475663e-03,1.043873e-02,2.079543e-02,3.848216e-02,9.940003e-02
1.000000e+00,0.000000e+00,0.000000e+00,0.000000e+00,0.000000e+00,0.000000e+00,0.000000e+00,0.000000e+00,0.000000e+00,0.000000e+00,0.000000e+00,0.000000e+00,0.000000e+00,0.000000e+00,0.000000e+00
4.122234e-01,4.643176e-02,6.898042e-02,2.540596e-01,1.131059e-02,1.072161e-02,1.980554e-03,9.569450e-03,4.250466e-02,7.487608e-03,6.175188e-03,8.898485e-03,1.483359e-02,1.959768e-02,8.522540e-02
4.378827e-01,4.350109e-02,8.250914e-02,2.408897e-01,9.521806e-03,1.083748e-02,1.713236e-03,7.379971e-03,3.671563e-02,8.133109e-03,7.067703e-03,8.452892e-03,1.250550e-02,1.427115e-02,7.861885e-02
4.924706e-01,4.238044e-02,8.610754e-02,2.018470e-01,8.476033e-03,1.220332e-02,1.578679e-03,5.615919e-03,3.322438e-02,8.173285e-03,6.779124e-03,7.972776e-03,1.146391e-02,1.061159e-02,7.109542e-02
1.000000e+00,0.000000e+00,0.000000e+00,0.000000e+00,0.000000e+00,0.000000e+00,0.000000e+00,0.000000e+00,0.000000e+00,0.000000e+00,0.000000e+00,0.000000e+00,0.000000e+00,0.000000e+00,0.000000e+00
1.000000e+00,0.000000e+00,0.000000e+00,0.000000e+00,0.000000e+00,0.000000e+00,0.000000e+00,0.000000e+00,0.000000e+00,0.000000e+00,0.000000e+00,0.000000e+00,0.000000e+00,0.000000e+00,0.000000e+00
4.247743e-01,2.921460e-02,2.607632e-01,1.342427e-01,1.119070e-02,1.234460e-02,1.155584e-03,5.033199e-03,3.842644e-02,1.282412e-02,5.527468e-03,5.080848e-03,6.764811e-03,4.895964e-03,4.776149e-02
3.597117e-01,2.583132e-02,3.247510e-01,1.202191e-01,1.115619e-02,1.153077e-02,1.117188e-03,6.854518e-03,6.218297e-02,1.576283e-02,5.265621e-03,3.867795e-03,5.968046e-03,4.625661e-03,4.115533e-02
3.259820e-01,5.251168e-02,3.174008e-01,9.787480e-02,3.008908e-02,1.936757e-02,2.770140e-03,1.095230e-02,6.849864e-02,1.256027e-02,6.224542e-03,3.257699e-03,1.363505e-02,3.990563e-03,3.488492e-02
2.975422e-01,6.468727e-02,2.646856e-01,8.239376e-02,5.042818e-02,3.596321e-02,4.702260e-03,1.449545e-02,7.837865e-02,9.870084e-03,5.297900e-03,2.921432e-03,4.764741e-02,3.652231e-03,3.733434e-02
2.342500e-01,8.598699e-02,2.052284e-01,6.351242e-02,4.395578e-02,3.629888e-02,5.118659e-03,1.362071e-02,9.594110e-02,8.747351e-03,5.285396e-03,3.213176e-03,1.565262e-01,3.675273e-03,3.863971e-02
2.112527e-01,7.341781e-02,1.651921e-01,4.960159e-02,4.629826e-02,3.254747e-02,5.338929e-03,1.431329e-02,8.966707e-02,6.966973e-03,5.697738e-03,3.028639e-03,2.515844e-01,4.344002e-03,4.074906e-02
1.776116e-01,8.455844e-02,1.967091e-01,7.157414e-02,4.498039e-02,2.817121e-02,4.252150e-03,1.283594e-02,7.861719e-02,7.565719e-03,7.195209e-03,4.184331e-03,1.956065e-01,5.394833e-03,8.074328e-02
1.509677e-01,6.704630e-02,3.195607e-01,8.033553e-02,3.523032e-02,2.330433e-02,3.180883e-03,1.108932e-02,6.210373e-02,8.189054e-03,7.150811e-03,5.615755e-03,1.443951e-01,5.065212e-03,7.676528e-02
2.360060e-01,6.005871e-02,2.789232e-01,6.408098e-02,3.190736e-02,2.200916e-02,2.671072e-03,1.903226e-02,5.937775e-02,6.618952e-03,6.002770e-03,5.309894e-03,1.269187e-01,6.062344e-03,7.502089e-02
2.962080e-01,5.271554e-02,2.283185e-01,5.442085e-02,4.109977e-02,3.402748e-02,4.619141e-03,2.173670e-02,5.947962e-02,5.638919e-03,7.359473e-03,4.686731e-03,1.222498e-01,5.535041e-03,6.190451e-02
3.302574e-01,5.485088e-02,1.658890e-01,4.438203e-02,5.743854e-02,4.276891e-02,6.358128e-03,2.283874e-02,9.829516e-02,5.498692e-03,6.524265e-03,4.869757e-03,1.086548e-01,4.376857e-03,4.699695e-02
3.169568e-01,5.849889e-02,1.213298e-01,3.856710e-02,7.556421e-02,5.622071e-02,7.674299e-03,2.200482e-02,1.376377e-01,4.751209e-03,5.733411e-03,4.866275e-03,1.085446e-01,3.560951e-03,3.808931e-02
2.821060e-01,4.580922e-02,8.712987e-02,8.832343e-02,8.460785e-02,4.734145e-02,7.957238e-03,9.926407e-02,1.101865e-01,4.476313e-03,6.254454e-03,5.472242e-03,9.947475e-02,3.190415e-03,2.840633e-02
2.328854e-01,3.313809e-02,6.142985e-02,6.763481e-02,1.142198e-01,3.609646e-02,7.412459e-03,2.605637e-01,7.943153e-02,3.204804e-03,4.953530e-03,4.724113e-03,7.200618e-02,2.294463e-03,2.000480e-02
2.521350e-01,2.341438e-02,4.330042e-02,4.877748e-02,2.539608e-01,2.898780e-02,6.337343e-03,1.884418e-01,5.638993e-02,2.987069e-03,1.838282e-02,5.739804e-03,5.411023e-02,1.984066e-03,1.505104e-02
3.109478e-01,1.721223e-02,3.097949e-02,3.587925e-02,2.800956e-01,2.572547e-02,5.786525e-03,1.587594e-01,4.304058e-02,2.725545e-03,2.290360e-02,1.080579e-02,4.163936e-02,1.763504e-03,1.173581e-02
3.268285e-01,1.292934e-02,2.322830e-02,2.886709e-02,3.275295e-01,2.945145e-02,6.329312e-03,1.251835e-01,3.267110e-02,2.222425e-03,2.534087e-02,1.547623e-02,3.144625e-02,1.780586e-03,1.071556e-02
3.846356e-01,9.707050e-03,1.890244e-02,2.255661e-02,3.040921e-01,5.427151e-02,6.927376e-03,9.936584e-02,2.443602e-02,1.995016e-03,2.187514e-02,1.589981e-02,2.338621e-02,1.826131e-03,1.012314e-02
3.169914e-01,7.919522e-03,1.542654e-02,1.723985e-02,3.377345e-01,1.220550e-01,6.009962e-03,8.080542e-02,1.753420e-02,2.240202e-03,3.293635e-02,1.446911e-02,1.723376e-02,2.599911e-03,8.804193e-03
3.170575e-01,9.421340e-03,1.285379e-02,1.404218e-02,3.359076e-01,1.396791e-01,5.424240e-03,6.137798e-02,1.318956e-02,3.332921e-03,4.718113e-02,1.610372e-02,1.299809e-02,3.473476e-03,7.957418e-03
3.257831e-01,1.126117e-02,1.419761e-02,1.413432e-02,3.218386e-01,1.443526e-01,5.689235e-03,5.335804e-02,1.034745e-02,3.376515e-03,5.687302e-02,1.811752e-02,9.703605e-03,3.968192e-03,6.999080e-03
3.727553e-01,1.195535e-02,1.299372e-02,1.499296e-02,3.062530e-01,1.229483e-01,5.642412e-03,4.327629e-02,9.040318e-03,3.586662e-03,5.735728e-02,1.937008e-02,7.550051e-03,5.027599e-03,7.250629e-03
3.419648e-01,2.122407e-02,1.373821e-02,1.579151e-02,3.086571e-01,1.167765e-01,5.612185e-03,3.490388e-02,7.953449e-03,3.803669e-03,8.354338e-02,2.785669e-02,5.894937e-03,5.414711e-03,6.864888e-03
3.109662e-01,2.482278e-02,1.327603e-02,1.387252e-02,3.346834e-01,1.058865e-01,5.439379e-03,2.918861e-02,6.599291e-03,3.489596e-03,1.070000e-01,2.665852e-02,4.523146e-03,7.065094e-03,6.528822e-03
4.510818e-01,2.045624e-02,1.115565e-02,1.479071e-02,2.449666e-01,8.201218e-02,4.554741e-03,2.346333e-02,6.298726e-03,2.875485e-03,8.684512e-02,2.766672e-02,3.607505e-03,8.082256e-03,1.214289e-02
1.000000e+00,0.000000e+00,0.000000e+00,0.000000e+00,0.000000e+00,0.000000e+00,0.000000e+00,0.000000e+00,0.000000e+00,0.000000e+00,0.000000e+00,0.000000e+00,0.000000e+00,0.000000e+00,0.000000e+00
1.000000e+00,0.000000e+00,0.000000e+00,0.000000e+00,0.000000e+00,0.000000e+00,0.000000e+00,0.000000e+00,0.000000e+00,0.000000e+00,0.000000e+00,0.000000e+00,0.000000e+00,0.000000e+00,0.000000e+00
1.000000e+00,0.000000e+00,0.000000e+00,0.000000e+00,0.000000e+00,0.000000e+00,0.000000e+00,0.000000e+00,0.000000e+00,0.000000e+00,0.000000e+00,0.000000e+00,0.000000e+00,0.000000e+00,0.000000e+00
1.000000e+00,0.000000e+00,0.000000e+00,0.000000e+00,0.000000e+00,0.000000e+00,0.000000e+00,0.000000e+00,0.000000e+00,0.000000e+00,0.000000e+00,0.000000e+00,0.000000e+00,0.000000e+00,0.000000e+00
1.000000e+00,0.000000e+00,0.000000e+00,0.000000e+00,0.000000e+00,0.000000e+00,0.000000e+00,0.000000e+00,0.000000e+00,0.000000e+00,0.000000e+00,0.000000e+00,0.000000e+00,0.000000e+00,0.000000e+00
4.306498e-01,1.307390e-02,9.917627e-03,9.273828e-03,3.774648e-02,3.505145e-02,2.537479e-03,1.473410e-02,8.707807e-03,2.144562e-03,3.381354e-01,5.499568e-02,1.666624e-03,2.331436e-02,1.805096e-02
3.328091e-01,9.788076e-03,8.282311e-03,6.728692e-03,2.675873e-02,3.281634e-02,2.303217e-03,1.163242e-02,7.952323e-03,2.943225e-03,4.509728e-01,5.283892e-02,1.306981e-03,3.916948e-02,1.369736e-02
2.433824e-01,7.377889e-03,6.777926e-03,4.852842e-03,1.882489e-02,2.878365e-02,1.973365e-03,8.754725e-03,6.876496e-03,7.550319e-03,4.998815e-01,5.002045e-02,1.050255e-03,1.038876e-01,1.000575e-02
1.786712e-01,5.812911e-03,5.659367e-03,3.497083e-03,1.325215e-02,2.870770e-02,1.614441e-03,6.658238e-03,5.644590e-03,1.219239e-02,5.770671e-01,4.232366e-02,9.606612e-04,1.104184e-01,7.520071e-03
1.354838e-01,4.596432e-03,5.883600e-03,2.595552e-03,9.414179e-03,2.771844e-02,1.323071e-03,5.233142e-03,5.237492e-03,1.492417e-02,6.430960e-01,3.787668e-02,7.900505e-04,1.001904e-01,5.636850e-03
1.051466e-01,3.869126e-03,5.981050e-03,2.054867e-03,6.912774e-03,2.486276e-02,1.503790e-03,4.588613e-03,5.215404e-03,1.622495e-02,6.808100e-01,4.391819e-02,7.626757e-04,9.386134e-02,4.287843e-03
8.032725e-02,3.603670e-03,9.740209e-03,1.898048e-03,5.208986e-03,2.591310e-02,1.474454e-03,4.192146e-03,5.778484e-03,1.562884e-02,6.891604e-01,4.288833e-02,7.518957e-04,1.100494e-01,3.384802e-03
5.798103e-02,5.933399e-03,1.122370e-02,2.708722e-03,4.146209e-03,1.947159e-02,1.244057e-03,3.464398e-03,4.579252e-02,1.440890e-02,6.062149e-01,4.427485e-02,5.505964e-04,1.798629e-01,2.722323e-03
4.620013e-02,6.647582e-03,9.739432e-03,2.990813e-03,3.286564e-03,1.499826e-02,1.117627e-03,3.196429e-03,9.460137e-02,1.297901e-02,4.935005e-01,4.048400e-02,4.795893e-04,2.673930e-01,2.385681e-03
