1.000000e+00,0.000000e+00,0.000000e+00,0.000000e+00,0.000000e+00,0.000000e+00,0.000000e+00,0.000000e+00,0.000000e+00,0.000000e+00,0.000000e+00,0.000000e+00,0.000000e+00,0.000000e+00,0.000000e+00
1.000000e+00,0.000000e+00,0.000000e+00,0.000000e+00,0.000000e+00,0.000000e+00,0.000000e+00,0.000000e+00,0.000000e+00,0.000000e+00,0.000000e+00,0.000000e+00,0.000000e+00,0.000000e+00,0.000000e+00
1.000000e+00,0.000000e+00,0.000000e+00,0.000000e+00,0.000000e+00,0.000000e+00,0.000000e+00,0.000000e+00,0.000000e+00,0.000000e+00,0.000000e+00,0.000000e+00,0.000000e+00,0.000000e+00,0.000000e+00
1.000000e+00,0.000000e+00,0.000000e+00,0.000000e+00,0.000000e+00,0.000000e+00,0.000000e+00,0.000000e+00,0.000000e+00,0.000000e+00,0.000000e+00,0.000000e+00,0.000000e+00,0.000000e+00,0.000000e+00
1.000000e+00,0.000000e+00,0.000000e+00,0.000000e+00,0.000000e+00,0.000000e+00,0.000000e+00,0.000000e+00,0.000000e+00,0.000000e+00,0.000000e+00,0.000000e+00,0.000000e+00,0.000000e+00,0.000000e+00
1.000000e+00,0.000000e+00,0.000000e+00,0.000000e+00,0.000000e+00,0.000000e+00,0.000000e+00,0.000000e+00,0.000000e+00,0.000000e+00,0.000000e+00,0.000000e+00,0.000000e+00,0.000000e+00,0.000000e+00
1.000000e+00,0.000000e+00,0.000000e+00,0.000000e+00,0.000000e+00,0.000000e+00,0.000000e+00,0.000000e+00,0.000000e+00,0.000000e+00,0.000000e+00,0.000000e+00,0.000000e+00,0.000000e+00,0.000000e+00
1.000000e+00,0.000000e+00,0.000000e+00,0.000000e+00,0.000000e+00,0.000000e+00,0.000000e+00,0.000000e+00,0.000000e+00,0.000000e+00,0.000000e+00,0.000000e+00,0.000000e+00,0.000000e+00,0.000000e+00
1.000000e+00,0.000000e+00,0.000000e+00,0.000000e+00,0.000000e+00,0.000000e+00,0.000000e+00,0.000000e+00,0.000000e+00,0.000000e+00,0.000000e+00,0.000000e+00,0.000000e+00,0.000000e+00,0.000000e+00
1.000000e+00,0.000000e+00,0.000000e+00,0.000000e+00,0.000000e+00,0.000000e+00,0.000000e+00,0.000000e+00,0.000000e+00,0.000000e+00,0.000000e+00,0.000000e+00,0.000000e+00,0.000000e+00,0.000000e+00
1.000000e+00,0.000000e+00,0.000000e+00,0.000000e+00,0.000000e+00,0.000000e+00,0.000000e+00,0.000000e+00,0.000000e+00,0.000000e+00,0.000000e+00,0.000000e+00,0.000000e+00,0.000000e+00,0.000000e+00
1.000000e+00,0.000000e+00,0.000000e+00,0.000000e+00,0.000000e+00,0.000000e+00,0.000000e+00,0.000000e+00,0.000000e+00,0.000000e+00,0.000000e+00,0.000000e+00,0.000000e+00,0.000000e+00,0.000000e+00
1.000000e+00,0.000000e+00,0.000000e+00,0.000000e+00,0.000000e+00,0.000000e+00,0.000000e+00,0.000000e+00,0.000000e+00,0.000000e+00,0.000000e+00,0.000000e+00,0.000000e+00,0.000000e+00,0.000000e+00
1.000000e+00,0.000000e+00,0.000000e+00,0.000000e+00,0.000000e+00,0.000000e+00,0.000000e+00,0.000000e+00,0.000000e+00,0.000000e+00,0.000000e+00,0.000000e+00,0.000000e+00,0.000000e+00,0.000000e+00
1.000000e+00,0.000000e+00,0.000000e+00,0.000000e+00,0.000000e+00,0.000000e+00,0.000000e+00,0.000000e+00,0.000000e+00,0.000000e+00,0.000000e+00,0.000000e+00,0.000000e+00,0.000000e+00,0.000000e+00
1.000000e+00,0.000000e+00,0.000000e+00,0.000000e+00,0.000000e+00,0.000000e+00,0.000000e+00,0.000000e+00,0.000000e+00,0.000000e+00,0.000000e+00,0.000000e+00,0.000000e+00,0.000000e+00,0.000000e+00
1.000000e+00,0.000000e+00,0.000000e+00,0.000000e+00,0.000000e+00,0.000000e+00,0.000000e+00,0.000000e+00,0.000000e+00,0.000000e+00,0.000000e+00,0.000000e+00,0.000000e+00,0.000000e+00,0.000000e+00
1.000000e+00,0.000000e+00,0.000000e+00,0.000000e+00,0.000000e+00,0.000000e+00,0.000000e+00,0.000000e+00,0.000000e+00,0.000000e+00,0.000000e+00,0.000000e+00,0.000000e+00,0.000000e+00,0.000000e+00
1.000000e+00,0.000000e+00,0.000000e+00,0.000000e+00,0.000000e+00,0.000000e+00,0.000000e+00,0.000000e+00,0.000000e+00,0.000000e+00,0.000000e+00,0.000000e+00,0.000000e+00,0.000000e+00,0.000000e+00
1.000000e+00,0.000000e+00,0.000000e+00,0.000000e+00,0.000000e+00,0.000000e+00,0.000000e+00,0.000000e+00,0.000000e+00,0.000000e+00,0.000000e+00,0.000000e+00,0.000000e+00,0.000000e+00,0.000000e+00
1.000000e+00,0.000000e+00,0.000000e+00,0.000000e+00,0.000000e+00,0.000000e+00,0.000000e+00,0.000000e+00,0.000000e+00,0.000000e+00,0.000000e+00,0.000000e+00,0.000000e+00,0.000000e+00,0.000000e+00
1.000000e+00,0.000000e+00,0.000000e+00,0.000000e+00,0.000000e+00,0.000000e+00,0.000000e+00,0.000000e+00,0.000000e+00,0.000000e+00,0.000000e+00,0.000000e+00,0.000000e+00,0.000000e+00,0.000000e+00
1.000000e+00,0.000000e+00,0.000000e+00,0.000000e+00,0.000000e+00,0.000000e+00,0.000000e+00,0.000000e+00,0.000000e+00,0.000000e+00,0.000000e+00,0.000000e+00,0.000000e+00,0.000000e+00,0.000000e+00
1.000000e+00,0.000000e+00,0.000000e+00,0.000000e+00,0.000000e+00,0.000000e+00,0.000000e+00,0.000000e+00,0.000000e+00,0.000000e+00,0.000000e+00,0.000000e+00,0.000000e+00,0.000000e+00,0.000000e+00
1.000000e+00,0.000000e+00,0.000000e+00,0.000000e+00,0.000000e+00,0.000000e+00,0.000000e+00,0.000000e+00,0.000000e+00,0.000000e+00,0.000000e+00,0.000000e+00,0.000000e+00,0.000000e+00,0.000000e+00
1.000000e+00,0.000000e+00,0.000000e+00,0.000000e+00,0.000000e+00,0.000000e+00,0.000000e+00,0.000000e+00,0.000000e+00,0.000000e+00,0.000000e+00,0.000000e+00,0.000000e+00,0.000000e+00,0.000000e+00
1.000000e+00,0.000000e+00,0.000000e+00,0.000000e+00,0.000000e+00,0.000000e+00,0.000000e+00,0.000000e+00,0.000000e+00,0.000000e+00,0.000000e+00,0.000000e+00,0.000000e+00,0.000000e+00,0.000000e+00
1.000000e+00,0.000000e+00,0.000000e+00,0.000000e+00,0.000000e+00,0.000000e+00,0.000000e+00,0.000000e+00,0.000000e+00,0.000000e+00,0.000000e+00,0.000000e+00,0.000000e+00,0.000000e+00,0.000000e+00
1.000000e+00,0.000000e+00,0.000000e+00,0.000000e+00,0.000000e+00,0.000000e+00,0.000000e+00,0.000000e+00,0.000000e+00,0.000000e+00,0.000000e+00,0.000000e+00,0.000000e+00,0.000000e+00,0.000000e+00
1.000000e+00,0.000000e+00,0.000000e+00,0.000000e+00,0.000000e+00,0.000000e+00,0.000000e+00,0.000000e+00,0.000000e+00,0.000000e+00,0.000000e+00,0.000000e+00,0.000000e+00,0.000000e+00,0.000000e+00
1.000000e+00,0.000000e+00,0.000000e+00,0.000000e+00,0.000000e+00,0.000000e+00,0.000000e+00,0.000000e+00,0.000000e+00,0.000000e+00,0.000000e+00,0.000000e+00,0.000000e+00,0.000000e+00,0.000000e+00
1.000000e+00,0.000000e+00,0.000000e+00,0.000000e+00,0.000000e+00,0.000000e+00,0.000000e+00,0.000000e+00,0.000000e+00,0.000000e+00,0.000000e+00,0.000000e+00,0.000000e+00,0.000000e+00,0.000000e+00
1.000000e+00,0.000000e+00,0.000000e+00,0.000000e+00,0.000000e+00,0.000000e+00,0.000000e+00,0.000000e+00,0.000000e+00,0.000000e+00,0.000000e+00,0.000000e+00,0.000000e+00,0.000000e+00,0.000000e+00
1.000000e+00,0.000000e+00,0.000000e+00,0.000000e+00,0.000000e+00,0.000000e+00,0.000000e+00,0.000000e+00,0.000000e+00,0.000000e+00,0.000000e+00,0.000000e+00,0.000000e+00,0.000000e+00,0.000000e+00
1.000000e+00,0.000000e+00,0.000000e+00,0.000000e+00,0.000000e+00,0.000000e+00,0.000000e+00,0.000000e+00,0.000000e+00,0.000000e+00,0.000000e+00,0.000000e+00,0.000000e+00,0.000000e+00,0.000000e+00
1.000000e+00,0.000000e+00,0.000000e+00,0.000000e+00,0.000000e+00,0.000000e+00,0.000000e+00,0.000000e+00,0.000000e+00,0.000000e+00,0.000000e+00,0.000000e+00,0.000000e+00,0.000000e+00,0.000000e+00
1.000000e+00,0.000000e+00,0.000000e+00,0.000000e+00,0.000000e+00,0.000000e+00,0.000000e+00,0.000000e+00,0.000000e+00,0.000000e+00,0.000000e+00,0.000000e+00,0.000000e+00,0.000000e+00,0.000000e+00
1.000000e+00,0.000000e+00,0.000000e+00,0.000000e+00,0.000000e+00,0.000000e+00,0.000000e+00,0.000000e+00,0.000000e+00,0.000000e+00,0.000000e+00,0.000000e+00,0.000000e+00,0.000000e+00,0.000000e+00
1.000000e+00,0.000000e+00,0.000000e+00,0.000000e+00,0.000000e+00,0.000000e+00,0.000000e+00,0.000000e+00,0.000000e+00,0.000000e+00,0.000000e+00,0.000000e+00,0.000000e+00,0.000000e+00,0.000000e+00
1.000000e+00,0.000000e+00,0.000000e+00,0.000000e+00,0.000000e+00,0.000000e+00,0.000000e+00,0.000000e+00,0.000000e+00,0.000000e+00,0.000000e+00,0.000000e+00,0.000000e+00,0.000000e+00,0.000000e+00
1.000000e+00,0.000000e+00,0.000000e+00,0.000000e+00,0.000000e+00,0.000000e+00,0.000000e+00,0.000000e+00,0.000000e+00,0.000000e+00,0.000000e+00,0.000000e+00,0.000000e+00,0.000000e+00,0.000000e+00
1.000000e+00,0.000000e+00,0.000000e+00,0.000000e+00,0.000000e+00,0.000000e+00,0.000000e+00,0.000000e+00,0.000000e+00,0.000000e+00,0.000000e+00,0.000000e+00,0.000000e+00,0.000000e+00,0.000000e+00
1.000000e+00,0.000000e+00,0.000000e+00,0.000000e+00,0.000000e+00,0.000000e+00,0.000000e+00,0.000000e+00,0.000000e+00,0.000000e+00,0.000000e+00,0.000000e+00,0.000000e+00,0.000000e+00,0.000000e+00
1.000000e+00,0.000000e+00,0.000000e+00,0.000000e+00,0.000000e+00,0.000000e+00,0.000000e+00,0.000000e+00,0.000000e+00,0.000000e+00,0.000000e+00,0.000000e+00,0.000000e+00,0.000000e+00,0.000000e+00
1.000000e+00,0.000000e+00,0.000000e+00,0.000000e+00,0.000000e+00,0.000000e+00,0.000000e+00,0.000000e+00,0.000000e+00,0.000000e+00,0.000000e+00,0.000000e+00,0.000000e+00,0.000000e+00,0.000000e+00
1.000000e+00,0.000000e+00,0.000000e+00,0.000000e+00,0.000000e+00,0.000000e+00,0.000000e+00,0.000000e+00,0.000000e+00,0.000000e+00,0.000000e+00,0.000000e+00,0.000000e+00,0.000000e+00,0.000000e+00
1.000000e+00,0.000000e+00,0.000000e+00,0.000000e+00,0.000000e+00,0.000000e+00,0.000000e+00,0.000000e+00,0.000000e+00,0.000000e+00,0.000000e+00,0.000000e+00,0.000000e+00,0.000000e+00,0.000000e+00
1.000000e+00,0.000000e+00,0.000000e+00,0.000000e+00,0.000000e+00,0.000000e+00,0.000000e+00,0.000000e+00,0.000000e+00,0.000000e+00,0.000000e+00,0.000000e+00,0.000000e+00,0.000000e+00,0.000000e+00
1.000000e+00,0.000000e+00,0.000000e+00,0.000000e+00,0.000000e+00,0.000000e+00,0.000000e+00,0.000000e+00,0.000000e+00,0.000000e+00,0.000000e+00,0.000000e+00,0.000000e+00,0.000000e+00,0.000000e+00
1.000000e+00,0.000000e+00,0.000000e+00,0.000000e+00,0.000000e+00,0.000000e+00,0.000000e+00,0.000000e+00,0.000000e+00,0.000000e+00,0.000000e+00,0.000000e+00,0.000000e+00,0.000000e+00,0.000000e+00
1.000000e+00,0.000000e+00,0.000000e+00,0.000000e+00,0.000000e+00,0.000000e+00,0.000000e+00,0.000000e+00,0.000000e+00,0.000000e+00,0.000000e+00,0.000000e+00,0.000000e+00,0.000000e+00,0.000000e+00
3.918961e-01,4.722128e-03,8.461782e-03,1.936648e-02,5.102402e-03,6.719504e-03,3.044447e-03,5.320978e-01,1.612209e-03,6.334867e-04,3.855028e-03,1.096299e-02,6.572607e-03,7.693369e-04,4.183774e-03
2.879114e-01,3.407136e-03,6.592326e-03,1.400307e-02,4.084986e-03,6.230411e-03,6.747030e-03,6.500763e-01,1.152467e-03,4.597576e-04,2.827565e-03,7.831912e-03,4.997357e-03,6.345337e-04,3.043836e-03
2.179264e-01,2.524744e-03,5.364375e-03,1.018087e-02,3.312119e-03,5.710975e-03,9.619230e-03,7.295331e-01,8.301379e-04,3.417442e-04,2.145868e-03,5.729044e-03,3.879696e-03,5.971264e-04,2.304618e-03
1.552105e-01,1.817038e-03,4.249725e-03,7.655333e-03,3.111617e-03,4.302878e-03,7.627196e-03,8.045091e-01,5.936284e-04,2.499693e-04,1.595584e-03,4.054514e-03,2.885835e-03,4.977779e-04,1.639371e-03
1.103744e-01,1.288588e-03,3.234207e-03,5.603646e-03,2.919614e-03,3.160487e-03,6.656320e-03,8.584520e-01,4.226792e-04,1.831117e-04,1.154597e-03,2.872667e-03,2.150478e-03,3.647697e-04,1.162529e-03
8.101779e-02,9.317991e-04,2.455000e-03,4.075345e-03,3.274705e-03,2.413081e-03,5.612567e-03,8.940821e-01,3.089193e-04,1.531189e-04,8.519407e-04,2.070913e-03,1.632338e-03,2.733507e-04,8.471622e-04
5.880815e-02,6.982345e-04,2.126891e-03,3.093151e-03,3.640751e-03,1.873683e-03,6.402041e-03,9.183446e-01,2.513286e-04,1.591891e-04,6.556394e-04,1.585071e-03,1.487700e-03,2.171869e-04,6.564747e-04
4.629477e-02,5.352357e-04,1.870719e-03,2.409057e-03,4.930840e-03,1.564067e-03,6.694498e-03,9.313205e-01,2.180575e-04,2.105842e-04,5.195199e-04,1.315749e-03,1.425338e-03,1.666365e-04,5.244058e-04
4.306902e-02,5.288080e-04,2.033782e-03,1.897842e-03,6.821008e-03,3.421624e-03,1.762632e-02,9.178553e-01,2.745265e-04,3.336076e-04,4.960121e-04,1.687417e-03,3.161790e-03,1.659071e-04,6.270845e-04
5.111599e-02,6.350554e-04,2.090371e-03,1.509483e-03,8.972038e-03,4.824736e-03,1.633684e-02,9.072832e-01,2.690909e-04,4.386853e-04,5.114879e-04,1.819500e-03,3.112651e-03,1.722117e-04,9.086583e-04
5.655643e-02,6.257620e-04,1.964398e-03,1.299267e-03,9.346711e-03,5.544239e-03,1.835504e-02,8.987409e-01,2.959099e-04,5.370752e-04,6.131865e-04,1.845349e-03,3.024476e-03,1.708063e-04,1.080427e-03
1.085364e-01,7.379814e-04,2.273466e-03,1.802755e-03,1.009146e-02,6.453602e-03,1.450389e-02,8.466168e-01,3.998851e-04,6.891144e-04,7.964654e-04,2.566588e-03,2.958040e-03,2.205693e-04,1.352970e-03
1.870033e-01,2.208473e-03,2.699554e-03,3.343466e-03,1.060935e-02,6.985463e-03,1.100504e-02,7.351254e-01,1.055042e-02,4.415786e-03,3.745658e-03,8.008565e-03,9.176507e-03,9.981267e-04,4.124920e-03
1.976686e-01,4.737226e-02,2.593866e-03,8.472217e-03,1.217867e-02,6.486766e-03,8.158847e-03,5.827814e-01,7.827599e-02,1.418161e-02,5.538296e-03,8.770357e-03,1.314203e-02,1.023428e-03,1.335557e-02
1.912149e-01,3.879130e-02,2.110142e-03,9.451988e-03,1.015346e-02,1.900892e-02,6.333848e-03,4.403230e-01,1.391922e-01,1.268710e-02,7.360006e-03,9.338968e-03,9.737717e-02,1.115237e-03,1.554169e-02
1.354407e-01,2.858388e-02,1.633731e-03,9.154491e-03,7.494510e-03,1.346207e-02,4.482469e-03,3.096314e-01,3.866295e-01,9.141620e-03,5.437976e-03,6.617908e-03,7.004162e-02,8.184975e-04,1.142958e-02
1.119128e-01,2.707574e-02,4.486521e-03,1.331142e-02,1.002392e-02,1.660821e-02,4.956678e-03,2.364012e-01,4.193685e-01,1.456543e-02,7.226472e-03,6.015613e-03,9.590828e-02,1.105853e-03,3.103337e-02
8.802868e-02,2.005933e-02,3.472228e-03,1.034062e-02,8.454841e-03,1.952928e-02,4.173412e-03,1.689486e-01,2.994596e-01,1.050971e-02,6.135067e-03,5.482759e-03,3.135310e-01,8.961809e-04,4.097876e-02
6.776680e-02,1.415404e-02,2.521752e-03,7.832453e-03,6.258824e-03,1.938746e-02,3.051484e-03,1.187334e-01,2.102728e-01,7.485339e-03,5.013505e-03,4.308105e-03,4.961509e-01,6.418505e-04,3.642136e-02
4.967722e-02,9.928242e-03,1.785411e-03,5.531087e-03,4.632841e-03,1.464217e-02,2.207223e-03,8.318062e-02,1.472927e-01,5.264393e-03,4.071678e-03,3.255886e-03,6.411923e-01,4.537423e-04,2.688446e-02
3.539252e-02,6.968715e-03,1.255660e-03,3.905556e-03,3.411508e-03,1.045108e-02,1.573786e-03,5.824658e-02,1.031841e-01,3.691681e-03,3.182105e-03,2.499129e-03,7.465028e-01,3.216674e-04,1.941308e-02
2.517698e-02,4.899214e-03,8.939322e-04,2.832645e-03,2.640853e-03,9.512101e-03,1.367003e-03,4.080439e-02,7.287937e-02,2.601614e-03,2.560050e-03,2.356966e-03,8.173164e-01,2.427827e-04,1.391569e-02
1.787363e-02,3.465296e-03,6.655975e-04,2.020441e-03,2.399155e-03,1.009572e-02,1.666182e-03,2.872617e-02,5.108347e-02,1.840236e-03,2.076703e-03,3.019260e-03,8.648312e-01,1.838321e-04,1.005310e-02
1.273695e-02,2.470982e-03,4.945239e-04,1.441616e-03,1.888854e-03,9.493815e-03,1.291279e-03,2.012530e-02,3.581001e-02,1.306165e-03,1.658049e-03,2.684396e-03,9.009978e-01,1.336029e-04,7.466639e-03
9.144450e-03,1.837606e-03,6.397146e-04,1.058372e-03,1.678835e-03,6.921105e-03,1.006159e-03,1.417188e-02,2.517249e-02,9.467825e-04,1.531204e-03,3.009577e-03,9.263272e-01,1.091231e-04,6.445437e-03
6.671936e-03,1.371172e-03,6.756026e-04,8.169384e-04,1.470061e-03,5.540955e-03,8.392105e-04,1.000807e-02,1.774860e-02,6.956495e-04,1.467758e-03,4.332749e-03,9.421905e-01,9.652776e-05,6.074175e-03
4.831741e-03,1.077932e-03,6.202321e-04,6.337948e-04,1.167797e-03,4.142671e-03,6.837777e-04,7.065755e-03,1.254875e-02,5.254063e-04,1.292397e-03,6.178007e-03,9.533018e-01,7.950496e-05,5.850384e-03
3.500366e-03,9.073915e-04,5.519055e-04,5.086003e-04,1.026474e-03,3.065258e-03,5.616097e-04,5.006410e-03,9.013312e-03,4.020911e-04,1.095762e-03,6.308077e-03,9.626500e-01,6.740316e-05,5.335299e-03
2.541057e-03,9.985364e-04,4.741757e-04,4.301504e-04,1.023949e-03,2.468226e-03,4.811852e-04,3.560108e-03,7.195754e-03,3.054950e-04,9.372189e-04,7.269906e-03,9.675949e-01,5.647537e-05,4.662837e-03
1.849709e-03,1.286168e-03,3.957349e-04,3.497376e-04,1.132261e-03,2.135916e-03,3.661993e-04,2.542595e-03,7.278593e-03,2.259514e-04,7.586809e-04,9.865578e-03,9.682950e-01,4.649824e-05,3.471402e-03
1.381628e-03,1.721133e-03,4.048103e-04,3.081242e-04,1.503085e-03,1.894014e-03,3.157723e-04,1.913315e-03,9.573861e-03,1.727180e-04,6.380774e-04,1.535964e-02,9.622142e-01,3.876491e-05,2.560811e-03
1.088274e-03,1.995663e-03,5.939393e-04,2.912261e-04,1.935357e-03,1.691876e-03,2.715128e-04,1.516728e-03,1.173236e-02,1.381024e-04,5.280848e-04,1.710857e-02,9.591794e-01,3.231075e-05,1.896529e-03
8.883891e-04,2.567014e-03,1.335091e-03,2.433392e-04,4.149967e-03,1.424751e-03,3.050489e-04,1.441566e-03,1.322708e-02,1.147908e-04,4.373719e-04,2.001494e-02,9.523982e-01,2.548900e-05,1.426996e-03
7.928208e-04,2.254548e-03,1.591972e-03,1.966986e-04,4.312910e-03,2.224808e-03,7.624354e-04,3.078440e-03,1.165808e-02,1.089663e-04,4.046873e-04,1.692210e-02,9.545555e-01,2.052796e-05,1.115542e-03
1.269914e-03,3.948729e-03,2.372493e-03,2.142300e-04,3.684635e-03,4.440987e-03,7.960266e-04,2.868619e-03,1.264459e-02,1.451259e-04,5.890793e-04,1.435444e-02,9.516253e-01,2.922607e-05,1.016684e-03
2.140593e-03,4.186752e-03,2.591598e-03,2.014501e-04,4.233623e-03,9.403299e-03,9.980197e-04,2.739314e-03,1.445562e-02,1.531577e-04,6.304662e-04,1.217983e-02,9.450381e-01,2.931606e-05,1.018899e-03
5.172804e-03,4.611029e-03,3.797259e-03,2.348289e-04,4.885687e-03,1.084431e-02,1.089014e-03,4.054515e-03,1.485402e-02,2.445262e-04,7.557289e-04,1.086217e-02,9.365224e-01,3.763763e-05,2.034104e-03
8.493989e-03,3.663225e-03,6.142301e-03,2.630767e-04,5.054010e-03,2.175109e-02,1.733187e-03,6.463713e-03,1.222061e-02,2.304192e-04,7.390627e-04,1.016590e-02,9.209721e-01,4.375945e-05,2.063538e-03
1.216252e-02,3.047626e-03,1.063429e-02,8.393484e-04,9.180789e-03,3.046230e-02,1.801608e-03,1.140986e-02,1.013301e-02,2.666327e-04,7.220402e-04,8.467854e-03,8.987446e-01,5.248774e-05,2.075083e-03
1.387911e-02,2.524237e-03,1.364531e-02,2.341487e-03,1.266957e-02,3.021782e-02,1.536289e-03,1.217591e-02,8.131931e-03,3.506018e-04,7.698603e-04,6.775151e-03,8.927863e-01,7.716278e-05,2.119327e-03
1.706319e-02,2.043040e-03,1.130380e-02,2.207185e-03,1.495643e-02,2.481406e-02,1.440795e-03,1.227462e-02,6.518328e-03,3.246248e-04,7.114352e-04,5.726193e-03,8.979239e-01,1.404334e-04,2.551876e-03
2.013223e-02,2.516798e-03,1.664131e-02,4.140378e-03,2.576954e-02,2.549123e-02,1.800127e-03,1.931559e-02,9.471532e-03,6.319024e-04,1.302750e-03,6.411914e-03,8.616025e-01,1.841666e-04,4.587948e-03
2.499830e-02,2.198460e-03,1.288623e-02,3.339217e-03,2.366262e-02,2.396452e-02,1.517555e-03,1.532312e-02,7.597476e-03,5.291434e-04,1.586757e-03,7.568508e-03,8.701732e-01,1.989725e-04,4.455949e-03
3.393974e-02,2.327005e-03,1.063819e-02,2.934811e-03,2.311978e-02,2.446822e-02,1.608426e-03,1.244081e-02,6.817337e-03,4.790762e-04,1.461757e-03,9.558385e-03,8.446826e-01,2.004177e-04,2.532342e-02
3.608890e-02,2.453534e-03,9.266665e-03,2.835699e-03,2.946289e-02,2.222491e-02,1.757608e-03,9.773541e-03,6.932210e-03,4.505046e-04,1.317545e-03,9.649466e-03,8.100688e-01,1.818758e-04,5.753586e-02
3.730266e-02,2.268571e-03,7.359655e-03,2.989234e-03,3.250158e-02,2.020552e-02,1.492520e-03,7.927217e-03,6.510590e-03,3.834635e-04,1.204774e-03,8.594109e-03,8.232481e-01,3.263794e-04,4.768562e-02
4.615254e-02,2.587727e-03,5.734667e-03,3.052114e-03,3.628312e-02,1.710694e-02,1.318051e-03,6.262339e-03,9.167124e-03,4.611701e-04,1.748987e-03,9.517104e-03,7.928052e-01,3.536903e-04,6.744923e-02
4.815427e-02,2.535246e-03,4.487450e-03,3.286829e-03,3.267838e-02,1.387315e-02,1.146230e-03,5.235093e-03,8.501356e-03,6.156010e-04,2.335493e-03,1.662601e-02,8.091686e-01,4.742346e-04,5.088203e-02
6.699784e-02,2.272794e-03,4.401687e-03,2.806753e-03,3.163415e-02,2.217652e-02,1.184708e-03,4.730581e-03,8.650092e-03,5.083741e-04,3.325815e-03,1.668082e-02,7.948380e-01,4.108886e-04,3.938101e-02
6.341062e-02,4.327589e-03,6.654567e-03,2.500044e-03,2.695432e-02,2.835266e-02,3.029247e-03,5.455554e-03,8.992308e-03,5.785811e-04,3.849298e-03,3.021991e-02,7.706975e-01,4.474717e-04,4.453035e-02
5.291916e-02,5.092357e-03,8.813730e-03,2.347194e-03,2.195361e-02,2.581724e-02,3.553480e-03,8.605454e-03,8.135070e-03,7.549323e-04,3.797325e-03,4.087337e-02,7.621989e-01,4.647838e-04,5.467338e-02
4.261536e-02,4.736835e-03,9.897763e-03,2.049940e-03,1.734388e-02,2.292671e-02,5.322708e-03,1.349191e-02,6.607493e-03,9.663401e-04,2.931447e-03,5.375841e-02,7.472326e-01,4.730836e-04,6.964551e-02
3.883852e-02,3.875093e-03,8.909350e-03,1.793264e-03,1.341620e-02,2.079433e-02,5.681062e-03,1.922128e-02,5.678035e-03,8.271224e-04,2.224500e-03,6.570337e-02,7.458367e-01,5.029814e-04,6.669815e-02
3.852037e-02,4.969225e-03,9.708003e-03,2.004273e-03,1.076467e-02,2.130502e-02,5.886499e-03,2.162917e-02,6.457335e-03,1.305794e-03,1.763183e-03,7.838286e-02,7.434272e-01,5.158627e-04,5.336057e-02
3.179600e-02,4.365377e-03,1.269124e-02,2.605902e-03,9.145720e-03,3.396610e-02,6.837806e-03,4.011835e-02,6.198162e-03,1.476989e-03,1.669535e-03,1.270185e-01,6.823592e-01,4.476496e-04,3.930345e-02
2.874589e-02,3.771378e-03,1.048217e-02,2.201345e-03,8.596679e-03,2.665107e-02,1.143763e-02,3.823133e-02,6.286107e-03,1.274500e-03,1.477659e-03,1.668026e-01,6.644419e-01,3.693613e-04,2.923024e-02
2.537764e-02,3.276568e-03,8.624586e-03,1.690767e-03,9.654858e-03,2.079447e-02,1.780319e-02,3.333462e-02,6.676889e-03,1.082074e-03,1.504340e-03,1.951922e-01,6.517598e-01,3.520792e-04,2.287591e-02
2.515225e-02,4.034972e-03,7.440544e-03,1.500574e-03,9.912656e-03,1.709713e-02,1.791848e-02,2.989371e-02,9.353702e-03,1.081793e-03,1.815667e-03,2.695853e-01,5.868285e-01,3.051759e-04,1.807954e-02
2.233876e-02,3.043147e-03,5.893252e-03,1.631259e-03,2.660725e-02,1.710369e-02,8.440914e-02,4.280522e-02,2.174849e-02,9.461651e-04,1.656203e-03,2.930396e-01,4.627864e-01,2.854525e-04,1.570587e-02
2.104747e-02,2.522784e-03,2.030223e-02,2.681406e-03,2.612303e-02,1.884861e-02,9.939243e-02,1.788922e-01,2.056310e-02,9.836404e-04,1.455600e-03,2.368086e-01,3.536272e-01,4.056156e-04,1.634610e-02
2.961810e-02,3.133781e-03,2.079333e-02,7.066798e-03,6.745230e-02,4.308199e-02,2.011198e-01,1.271881e-01,1.756592e-02,7.860402e-04,1.362039e-03,1.931370e-01,2.750995e-01,3.246038e-04,1.227074e-02
5.895492e-02,5.159792e-03,2.162579e-02,2.502129e-02,1.166103e-01,4.139079e-02,2.264207e-01,9.062646e-02,1.408004e-02,6.601906e-04,1.640548e-03,1.691829e-01,2.193173e-01,2.832063e-04,9.025823e-03
6.315425e-02,6.396518e-03,2.221018e-02,6.012882e-02,1.931369e-01,3.930742e-02,2.297550e-01,6.908255e-02,1.546259e-02,7.698059e-04,1.846156e-03,1.308666e-01,1.607534e-01,2.512270e-04,6.878671e-03
5.376541e-02,5.105167e-03,3.148132e-02,1.385856e-01,2.014319e-01,3.064262e-02,2.446388e-01,5.715283e-02,1.187897e-02,6.038255e-04,1.776659e-03,9.273499e-02,1.250746e-01,2.000502e-04,4.927326e-03
8.618794e-02,2.067165e-02,2.821796e-02,1.315854e-01,2.252912e-01,2.683872e-02,1.988241e-01,4.235132e-02,4.052079e-02,7.485325e-04,4.479135e-03,6.630715e-02,1.227615e-01,2.297703e-04,4.984844e-03
1.095159e-01,3.241700e-02,2.570183e-02,1.274659e-01,2.256997e-01,2.692254e-02,1.675867e-01,3.103671e-02,6.433017e-02,1.164083e-03,9.098370e-03,5.215260e-02,1.201450e-01,3.134959e-04,6.449986e-03
1.206771e-01,3.729510e-02,2.141052e-02,1.576159e-01,2.363713e-01,4.865524e-02,1.469975e-01,2.786900e-02,4.904670e-02,1.461580e-03,8.348910e-03,3.919029e-02,9.565320e-02,6.135583e-04,8.794166e-03
1.334275e-01,3.940411e-02,2.001214e-02,1.644311e-01,2.480149e-01,5.208936e-02,1.204356e-01,5.455527e-02,4.119323e-02,1.569449e-03,8.235688e-03,3.035993e-02,7.676742e-02,9.852299e-04,8.519086e-03
2.209721e-01,3.799780e-02,2.297156e-02,1.363887e-01,2.415511e-01,4.768451e-02,8.763878e-02,5.396052e-02,3.529125e-02,1.542633e-03,7.999903e-03,2.525459e-02,6.971828e-02,1.629059e-03,9.399205e-03
2.809126e-01,3.318109e-02,3.602774e-02,1.413047e-01,1.843656e-01,3.963891e-02,6.314246e-02,7.883313e-02,2.746315e-02,2.261898e-03,1.143982e-02,2.762752e-02,5.721093e-02,3.744418e-03,1.284601e-02
2.879681e-01,2.652371e-02,3.443420e-02,1.079206e-01,1.413813e-01,3.534352e-02,5.097688e-02,1.914304e-01,2.085864e-02,1.964778e-03,1.116308e-02,2.735966e-02,4.647489e-02,4.148188e-03,1.205192e-02
2.632560e-01,1.984745e-02,3.128136e-02,7.770550e-02,1.083685e-01,3.557286e-02,1.603864e-01,2.065921e-01,1.499743e-02,1.707616e-03,8.664671e-03,2.213953e-02,3.609789e-02,3.289726e-03,1.009309e-02
2.178016e-01,1.436638e-02,2.527288e-02,5.521339e-02,8.184006e-02,3.041790e-02,3.218927e-01,1.765337e-01,1.073551e-02,1.377565e-03,6.369543e-03,1.780661e-02,3.019882e-02,2.448474e-03,7.724828e-03
2.101955e-01,1.128954e-02,2.128683e-02,3.995240e-02,6.541732e-02,3.744296e-02,4.030685e-01,1.393576e-01,8.184597e-03,1.522102e-03,4.866334e-03,1.650680e-02,3.235842e-02,1.977654e-03,6.573466e-03
2.989587e-01,9.064628e-03,1.562364e-02,2.984267e-02,4.998348e-02,3.148687e-02,3.931041e-01,1.008653e-01,8.358237e-03,2.404183e-03,4.298321e-03,1.663782e-02,3.103476e-02,1.888963e-03,6.448373e-03
3.185024e-01,7.452529e-03,1.164392e-02,2.193589e-02,4.104549e-02,2.595538e-02,4.338857e-01,7.216038e-02,8.292968e-03,3.520431e-03,3.827380e-03,1.583771e-02,2.782636e-02,1.950807e-03,6.162667e-03
3.804440e-01,9.935962e-03,9.041934e-03,1.929607e-02,3.207111e-02,4.491341e-02,3.546557e-01,5.162308e-02,7.860301e-03,8.901320e-03,6.006137e-03,1.446864e-02,4.217071e-02,1.891461e-03,1.672012e-02
4.677918e-01,1.032163e-02,6.678169e-03,1.704312e-02,2.469330e-02,4.532697e-02,2.588363e-01,3.673433e-02,6.615214e-03,1.013090e-02,5.303590e-03,1.176898e-02,7.041477e-02,1.641968e-03,2.669897e-02
1.000000e+00,0.000000e+00,0.000000e+00,0.000000e+00,0.000000e+00,0.000000e+00,0.000000e+00,0.000000e+00,0.000000e+00,0.000000e+00,0.000000e+00,0.000000e+00,0.000000e+00,0.000000e+00,0.000000e+00
1.000000e+00,0.000000e+00,0.000000e+00,0.000000e+00,0.000000e+00,0.000000e+00,0.000000e+00,0.000000e+00,0.000000e+00,0.000000e+00,0.000000e+00,0.000000e+00,0.000000e+00,0.000000e+00,0.000000e+00
1.000000e+00,0.000000e+00,0.000000e+00,0.000000e+00,0.000000e+00,0.000000e+00,0.000000e+00,0.000000e+00,0.000000e+00,0.000000e+00,0.000000e+00,0.000000e+00,0.000000e+00,0.000000e+00,0.000000e+00
1.000000e+00,0.000000e+00,0.000000e+00,0.000000e+00,0.000000e+00,0.000000e+00,0.000000e+00,0.000000e+00,0.000000e+00,0.000000e+00,0.000000e+00,0.000000e+00,0.000000e+00,0.000000e+00,0.000000e+00
4.352804e-01,4.981920e-03,1.749564e-03,4.637456e-03,5.276968e-03,2.187134e-02,4.598684e-02,7.739976e-03,4.477482e-03,3.306169e-03,3.874286e-03,3.770295e-03,2.209412e-01,7.515650e-04,2.353545e-01
3.197548e-01,3.956271e-03,1.258667e-03,3.412170e-03,3.743284e-03,1.666623e-02,3.238323e-02,5.536109e-03,3.543293e-03,2.465735e-03,3.390708e-03,3.139043e-03,3.459256e-01,5.524145e-04,2.542723e-01
2.247354e-01,3.162598e-03,8.878217e-04,2.459738e-03,2.632058e-03,1.364232e-02,2.269183e-02,3.911593e-03,2.933879e-03,1.803724e-03,2.669576e-03,2.539411e-03,4.519682e-01,3.935617e-04,2.635682e-01
1.577081e-01,2.438285e-03,6.315787e-04,1.812504e-03,1.917805e-03,1.218879e-02,1.591357e-02,2.762328e-03,2.534746e-03,1.356185e-03,2.144225e-03,2.645283e-03,5.198360e-01,2.826158e-04,2.758279e-01
1.104500e-01,1.863713e-03,4.610237e-04,1.381752e-03,1.387580e-03,1.264130e-02,1.116572e-02,1.943855e-03,2.718175e-03,1.010040e-03,1.608488e-03,2.379788e-03,6.412909e-01,2.028781e-04,2.094947e-01
7.746314e-02,1.788019e-03,3.346254e-04,1.100281e-03,1.039870e-03,1.513468e-02,7.832908e-03,1.378822e-03,3.871419e-03,7.406967e-04,1.303911e-03,3.108817e-03,7.125805e-01,1.515461e-04,1.721707e-01
5.542449e-02,5.561992e-03,2.629955e-04,1.219934e-03,1.115070e-03,1.435525e-02,5.544201e-03,1.060369e-03,2.079725e-02,6.099133e-04,1.400330e-03,5.389489e-03,7.332820e-01,1.272963e-04,1.538494e-01
3.969036e-02,9.797801e-03,2.165183e-04,1.598077e-03,1.146924e-03,1.359374e-02,3.932027e-03,8.062144e-04,3.416958e-02,4.974978e-04,1.424276e-03,1.362017e-02,7.670685e-01,9.747876e-05,1.123409e-01
2.826259e-02,1.563264e-02,2.444049e-04,2.171358e-03,1.035476e-03,1.973350e-02,2.803745e-03,7.188969e-04,4.438679e-02,4.788708e-04,1.692077e-03,1.700229e-02,7.842958e-01,9.596003e-05,8.144566e-02
2.038053e-02,2.680216e-02,2.751591e-04,2.225683e-03,8.937483e-04,4.914743e-02,1.999096e-03,7.924293e-04,5.493427e-02,4.294682e-04,2.229405e-03,1.911336e-02,7.610717e-01,1.477408e-04,5.955793e-02
1.463081e-02,3.297928e-02,2.474221e-04,2.297102e-03,7.136500e-04,7.214757e-02,1.419063e-03,6.810897e-04,5.768247e-02,4.040111e-04,2.314145e-03,2.517509e-02,7.460230e-01,1.932191e-04,4.309214e-02
1.058609e-02,4.041178e-02,2.835457e-04,2.478095e-03,6.948786e-04,1.306964e-01,1.025527e-03,6.635308e-04,7.744272e-02,3.871429e-04,2.002435e-03,2.471857e-02,6.768332e-01,2.334710e-04,3.154269e-02
7.810118e-03,6.992618e-02,3.228887e-04,2.447134e-03,6.615084e-04,2.436906e-01,7.411936e-04,5.876169e-04,8.802569e-02,4.319620e-04,1.662518e-03,1.973593e-02,5.404813e-01,2.248956e-04,2.325051e-02
5.723822e-03,1.112164e-01,3.952401e-04,2.323429e-03,5.388560e-04,3.717068e-01,5.327043e-04,4.905574e-04,8.261405e-02,5.851994e-04,1.397932e-03,1.431079e-02,3.908621e-01,1.811240e-04,1.712104e-02
4.534878e-03,1.700621e-01,6.438721e-04,2.525765e-03,5.313691e-04,4.218441e-01,4.011345e-04,5.995809e-04,9.022312e-02,1.437832e-03,1.252626e-03,1.014895e-02,2.826171e-01,1.441412e-04,1.303336e-02
3.560561e-03,2.445565e-01,6.544282e-04,2.460667e-03,5.019744e-04,4.150921e-01,2.950351e-04,5.522646e-04,1.103658e-01,1.573671e-03,1.190534e-03,7.167535e-03,2.020183e-01,1.159061e-04,9.894669e-03
2.788436e-03,2.882724e-01,6.803473e-04,3.404895e-03,5.613598e-04,3.414280e-01,2.188653e-04,7.784413e-04,2.018999e-01,1.574503e-03,1.031498e-03,5.070027e-03,1.444647e-01,8.951514e-05,7.737213e-03
2.334485e-03,3.413982e-01,5.640017e-04,3.676541e-03,8.391120e-04,2.658024e-01,1.610693e-04,6.482131e-04,2.688397e-01,1.880577e-03,8.664033e-04,3.597931e-03,1.025401e-01,7.466805e-05,6.776565e-03
1.968935e-03,3.585997e-01,4.695427e-04,4.104696e-03,1.067179e-03,2.052297e-01,1.235783e-04,5.783681e-04,3.448016e-01,1.797719e-03,7.193736e-04,2.546060e-03,7.244896e-02,6.044080e-05,5.484159e-03
1.848583e-03,3.990022e-01,4.143762e-04,4.792576e-03,9.558415e-04,1.518997e-01,9.604205e-05,5.532361e-04,3.772546e-01,2.335639e-03,6.275414e-04,1.806832e-03,5.213271e-02,6.409497e-05,6.216055e-03
2.047054e-03,4.227203e-01,4.110704e-04,4.656747e-03,1.250094e-03,1.148336e-01,8.532580e-05,5.988464e-04,4.034716e-01,2.895446e-03,5.283937e-04,1.285846e-03,3.782246e-02,6.716704e-05,7.325952e-03
2.372110e-03,3.654590e-01,3.625667e-04,7.447279e-03,2.187259e-03,8.386774e-02,1.184298e-04,1.818639e-03,4.928821e-01,2.846896e-03,4.519016e-04,9.243548e-04,3.070767e-02,8.301999e-05,8.471047e-03
2.691446e-03,3.316294e-01,2.682729e-04,7.798963e-03,2.805163e-03,6.198452e-02,1.095039e-04,1.793965e-03,5.512343e-01,2.443518e-03,3.725748e-04,6.674238e-04,2.688161e-02,9.626927e-05,9.222979e-03
3.408638e-03,3.237245e-01,2.093869e-04,8.725015e-03,5.276940e-03,5.040913e-02,1.276464e-04,2.124486e-03,5.686367e-01,2.130412e-03,3.096104e-04,4.914251e-04,2.356868e-02,1.087477e-04,1.074862e-02
3.450872e-03,3.543918e-01,1.554756e-04,9.493137e-03,5.308154e-03,4.238626e-02,1.069308e-04,2.058868e-03,5.472884e-01,1.770260e-03,2.519540e-04,3.631109e-04,2.023206e-02,1.177806e-04,1.262484e-02
3.298014e-03,3.927278e-01,1.182546e-04,8.865150e-03,5.421981e-03,3.731213e-02,9.131689e-05,1.961318e-03,5.184652e-01,1.442770e-03,2.040319e-04,2.665949e-04,1.666536e-02,1.170155e-04,1.304310e-02
3.466577e-03,4.048394e-01,1.127074e-04,1.213769e-02,5.520807e-03,4.354713e-02,7.894529e-05,1.947058e-03,4.935972e-01,1.542927e-03,2.386110e-04,2.131201e-04,1.338762e-02,1.923498e-04,1.917784e-02
3.257222e-03,3.937479e-01,1.738559e-04,1.875624e-02,4.344853e-03,3.711703e-02,6.460549e-05,1.743553e-03,5.066108e-01,1.455679e-03,2.812170e-04,1.757488e-04,1.218990e-02,2.265064e-04,1.985491e-02
5.554595e-03,3.303555e-01,8.045258e-04,3.673897e-02,7.274811e-03,3.762989e-02,1.471063e-04,5.294386e-03,5.348059e-01,1.582544e-03,1.332693e-03,2.301521e-04,1.469978e-02,2.666670e-04,2.328248e-02
6.248713e-03,2.457522e-01,3.174520e-03,4.832111e-02,1.354620e-02,3.358768e-02,3.752595e-04,1.350405e-02,5.466079e-01,2.286553e-03,2.864793e-03,5.530760e-04,4.519137e-02,3.653724e-04,3.762125e-02
9.565393e-03,1.803398e-01,6.763028e-03,4.254279e-02,2.162927e-02,1.306645e-01,9.581064e-04,1.626602e-02,4.440187e-01,2.212697e-03,2.878695e-03,6.582553e-04,9.772402e-02,3.429946e-04,4.343574e-02
9.191727e-03,1.277087e-01,6.402063e-02,6.453190e-02,1.896804e-02,9.811128e-02,7.965270e-04,1.547417e-02,4.521755e-01,3.066547e-03,2.960087e-03,1.460646e-03,1.067276e-01,2.990491e-04,3.450752e-02
7.580038e-03,9.000724e-02,4.678839e-02,4.784249e-02,1.818290e-02,6.989042e-02,1.314103e-03,1.867080e-02,3.879818e-01,2.472449e-03,3.928006e-03,1.945605e-03,2.627966e-01,3.191793e-04,4.027997e-02
1.292952e-02,6.351491e-02,4.326776e-02,4.263305e-02,2.936931e-02,6.085962e-02,1.279513e-03,4.260551e-02,3.020428e-01,2.329345e-03,9.610521e-03,3.128030e-03,3.292934e-01,7.297089e-04,5.640700e-02
1.717615e-02,4.502564e-02,3.291831e-02,3.217896e-02,3.100807e-02,4.660298e-02,1.124638e-03,4.085375e-02,2.222302e-01,1.838572e-03,7.513531e-03,3.438282e-03,4.740381e-01,6.384699e-04,4.341432e-02
1.723977e-02,3.215674e-02,2.417774e-02,2.300881e-02,3.255338e-02,3.390408e-02,1.032364e-03,3.037698e-02,1.594395e-01,1.340201e-03,5.619139e-03,3.603224e-03,5.952363e-01,5.993494e-04,3.971238e-02
2.143636e-02,2.408685e-02,1.906938e-02,1.716372e-02,3.020552e-02,3.100258e-02,1.196022e-03,3.136539e-02,1.151311e-01,1.004839e-03,4.414845e-03,3.213099e-03,6.671884e-01,6.704291e-04,3.285143e-02
2.649527e-02,1.786147e-02,1.459343e-02,1.306532e-02,2.691234e-02,2.595790e-02,1.156457e-03,2.778311e-02,8.134221e-02,7.534343e-04,3.566823e-03,2.928304e-03,7.320003e-01,6.644845e-04,2.491914e-02
3.342494e-02,1.380890e-02,1.115228e-02,1.016491e-02,2.947883e-02,2.625090e-02,1.453877e-03,2.494270e-02,5.779850e-02,5.918327e-04,3.367763e-03,3.268240e-03,7.644020e-01,6.183865e-04,1.927587e-02
4.593996e-02,1.108529e-02,8.539031e-03,9.021684e-03,3.067587e-02,2.738218e-02,1.393559e-03,2.360879e-02,4.108692e-02,5.734456e-04,3.368950e-03,3.703495e-03,7.783389e-01,7.245359e-04,1.455734e-02
5.816108e-02,9.163103e-03,6.635834e-03,8.092610e-03,3.759000e-02,2.426434e-02,1.129163e-03,2.104257e-02,3.090912e-02,6.664749e-04,3.140324e-03,3.374933e-03,7.832206e-01,9.240483e-04,1.168567e-02
8.091915e-02,7.671486e-03,5.292280e-03,9.197523e-03,3.205422e-02,2.120116e-02,9.759868e-04,1.741438e-02,2.381080e-02,7.278726e-04,4.128542e-03,3.827584e-03,7.823151e-01,1.097957e-03,9.365850e-03
1.796657e-01,7.246898e-03,6.905418e-03,1.710430e-02,2.770666e-02,1.656901e-02,1.317730e-03,1.749085e-02,1.958138e-02,8.576710e-04,5.029536e-03,6.921791e-03,6.833298e-01,1.445906e-03,8.827355e-03
2.641454e-01,8.348590e-03,1.113621e-02,4.974688e-02,2.390154e-02,1.313548e-02,1.788646e-03,2.093945e-02,2.138621e-02,1.591812e-03,8.261431e-03,1.564257e-02,5.450948e-01,2.087794e-03,1.279311e-02
3.572465e-01,1.038741e-02,1.327253e-02,4.687487e-02,1.883856e-02,1.299682e-02,1.833120e-03,2.149851e-02,4.155960e-02,2.637590e-03,1.115540e-02,1.761020e-02,4.072642e-01,3.097447e-03,3.372713e-02
4.926080e-01,9.009504e-03,1.176499e-02,3.686480e-02,1.619301e-02,1.187324e-02,1.662112e-03,1.824026e-02,3.393522e-02,2.193045e-03,1.188971e-02,1.539338e-02,3.016869e-01,4.422445e-03,3.226330e-02
3.968340e-01,4.878497e-02,3.832832e-02,1.353454e-01,1.282501e-02,9.046566e-03,1.566162e-03,1.476925e-02,3.557597e-02,2.541962e-03,1.135033e-02,1.398814e-02,2.134473e-01,3.969464e-03,6.162710e-02
2.883424e-01,3.707473e-02,3.244251e-02,9.558935e-02,9.050292e-03,7.304844e-03,1.121231e-03,1.049855e-02,3.951545e-02,3.349906e-02,9.302832e-03,1.004892e-02,1.505308e-01,1.147976e-02,2.641992e-01
2.131083e-01,3.445885e-02,3.807184e-02,2.136029e-01,7.108752e-03,5.645707e-03,9.049617e-04,7.880537e-03,6.666477e-02,2.580214e-02,9.021983e-03,7.633328e-03,1.067148e-01,8.513214e-03,2.548679e-01
1.542792e-01,2.844343e-02,4.628640e-02,1.979179e-01,5.098980e-03,4.336075e-03,6.570756e-04,5.587081e-03,5.173960e-02,2.444397e-02,9.065494e-03,5.751974e-03,7.554567e-02,1.207328e-02,3.787738e-01
1.333598e-01,2.414785e-02,4.819156e-02,1.497636e-01,4.037653e-03,4.162288e-03,5.065869e-04,4.077912e-03,4.080074e-02,1.836348e-02,9.341733e-03,4.632870e-03,5.446337e-02,3.945740e-02,4.646931e-01
1.033278e-01,2.110042e-02,4.056216e-02,1.325429e-01,3.320409e-03,3.507467e-03,3.992369e-04,3.049068e-03,5.154070e-02,1.779340e-02,1.047711e-02,4.368160e-03,3.936121e-02,7.000467e-02,4.986453e-01
9.043685e-02,2.315070e-02,3.836390e-02,1.517734e-01,2.757106e-03,2.971125e-03,3.041748e-04,2.219703e-03,1.035063e-01,2.022266e-02,1.192519e-02,3.744628e-03,2.863701e-02,7.663064e-02,4.433567e-01
9.421413e-02,1.954935e-02,3.064168e-02,1.236940e-01,2.630945e-03,2.861607e-03,2.916054e-04,1.730743e-03,1.143669e-01,2.022590e-02,1.117445e-02,3.059830e-03,2.105293e-02,7.050523e-02,4.840007e-01
1.694361e-01,4.105042e-02,2.497471e-02,1.079763e-01,3.449636e-03,5.751849e-03,6.999900e-04,2.785105e-03,1.177583e-01,2.024242e-02,1.663576e-02,3.190686e-03,1.745076e-02,8.320924e-02,3.853888e-01
1.970337e-01,5.595873e-02,2.215196e-02,9.984743e-02,4.466102e-03,8.450473e-03,7.762276e-04,2.969649e-03,1.118510e-01,2.710254e-02,1.700840e-02,3.264072e-03,1.677098e-02,9.062226e-02,3.417265e-01
1.763713e-01,6.208646e-02,1.755883e-02,7.353833e-02,3.394376e-03,6.550265e-03,6.250696e-04,2.333826e-03,9.308238e-02,3.794789e-02,1.452898e-02,2.747971e-03,1.307895e-02,8.315779e-02,4.129976e-01
1.660762e-01,5.361967e-02,1.930736e-02,5.422797e-02,3.496777e-03,5.367959e-03,5.710920e-04,1.949835e-03,7.948536e-02,3.453217e-02,1.156139e-02,2.606082e-03,1.055784e-02,8.211237e-02,4.745279e-01
2.455819e-01,4.511875e-02,1.710331e-02,4.581853e-02,5.577887e-03,6.137249e-03,6.849150e-04,2.505176e-03,6.264188e-02,3.069284e-02,1.163011e-02,3.176833e-03,1.177527e-02,7.479036e-02,4.367650e-01
3.038315e-01,4.242161e-02,1.382815e-02,3.981848e-02,5.756551e-03,6.269814e-03,1.051244e-03,4.011056e-03,6.120306e-02,3.559422e-02,1.346258e-02,3.885063e-03,1.123042e-02,5.761405e-02,4.000222e-01
3.914575e-01,3.701836e-02,1.208625e-02,3.867691e-02,5.435157e-03,8.905082e-03,1.313987e-03,4.362642e-03,5.019419e-02,2.771672e-02,1.321393e-02,5.760001e-03,1.317202e-02,4.624286e-02,3.444445e-01
3.182660e-01,3.205032e-02,8.493468e-02,3.552274e-02,4.801041e-03,8.265132e-03,1.222721e-03,3.589840e-03,5.653430e-02,2.858932e-02,1.361897e-02,5.419334e-03,1.120045e-02,7.768913e-02,3.182961e-01
3.159287e-01,3.534333e-02,1.050835e-01,3.417154e-02,5.684973e-03,8.485116e-03,1.160885e-03,4.004193e-03,6.252172e-02,2.873950e-02,1.511602e-02,6.246303e-03,1.494309e-02,7.292506e-02,2.896462e-01
3.747029e-01,3.646741e-02,8.144128e-02,2.590101e-02,6.263213e-03,1.078712e-02,1.071001e-03,4.424241e-03,4.981195e-02,3.002881e-02,1.694089e-02,6.401998e-03,1.350296e-02,1.010917e-01,2.411636e-01
4.229034e-01,3.572696e-02,7.781315e-02,3.280838e-02,8.326103e-03,1.258466e-02,2.048586e-03,6.752145e-03,4.493173e-02,2.381897e-02,2.266991e-02,1.450283e-02,1.836736e-02,8.780664e-02,1.889393e-01
4.807958e-01,3.157468e-02,8.170157e-02,2.605281e-02,8.860960e-03,1.402554e-02,2.375151e-03,7.132464e-03,3.904106e-02,3.645773e-02,2.013901e-02,1.363340e-02,1.868555e-02,7.640181e-02,1.431226e-01
1.000000e+00,0.000000e+00,0.000000e+00,0.000000e+00,0.000000e+00,0.000000e+00,0.000000e+00,0.000000e+00,0.000000e+00,0.000000e+00,0.000000e+00,0.000000e+00,0.000000e+00,0.000000e+00,0.000000e+00
1.000000e+00,0.000000e+00,0.000000e+00,0.000000e+00,0.000000e+00,0.000000e+00,0.000000e+00,0.000000e+00,0.000000e+00,0.000000e+00,0.000000e+00,0.000000e+00,0.000000e+00,0.000000e+00,0.000000e+00
4.342945e-01,1.982412e-02,1.139406e-01,1.339926e-02,1.652101e-02,1.500569e-02,2.511282e-03,6.935083e-03,2.177070e-02,1.966078e-01,1.059232e-02,8.543327e-03,1.050561e-02,4.265591e-02,8.689293e-02
4.345787e-01,3.443165e-02,9.165840e-02,4.853338e-02,2.205815e-02,2.777884e-02,3.380577e-03,8.803515e-03,2.019682e-02,1.655792e-01,1.045482e-02,1.783602e-02,1.049812e-02,3.156378e-02,7.264815e-02
4.260197e-01,3.159834e-02,7.640936e-02,4.812165e-02,2.313031e-02,3.645334e-02,3.103127e-03,9.846249e-03,2.079845e-02,1.984674e-01,1.057149e-02,1.749288e-02,1.253732e-02,2.488452e-02,6.056586e-02
