1.000000e+00,0.000000e+00,0.000000e+00,0.000000e+00,0.000000e+00,0.000000e+00,0.000000e+00,0.000000e+00,0.000000e+00,0.000000e+00,0.000000e+00,0.000000e+00,0.000000e+00,0.000000e+00,0.000000e+00
1.000000e+00,0.000000e+00,0.000000e+00,0.000000e+00,0.000000e+00,0.000000e+00,0.000000e+00,0.000000e+00,0.000000e+00,0.000000e+00,0.000000e+00,0.000000e+00,0.000000e+00,0.000000e+00,0.000000e+00
1.000000e+00,0.000000e+00,0.000000e+00,0.000000e+00,0.000000e+00,0.000000e+00,0.000000e+00,0.000000e+00,0.000000e+00,0.000000e+00,0.000000e+00,0.000000e+00,0.000000e+00,0.000000e+00,0.000000e+00
1.000000e+00,0.000000e+00,0.000000e+00,0.000000e+00,0.000000e+00,0.000000e+00,0.000000e+00,0.000000e+00,0.000000e+00,0.000000e+00,0.000000e+00,0.000000e+00,0.000000e+00,0.000000e+00,0.000000e+00
1.000000e+00,0.000000e+00,0.000000e+00,0.000000e+00,0.000000e+00,0.000000e+00,0.000000e+00,0.000000e+00,0.000000e+00,0.000000e+00,0.000000e+00,0.000000e+00,0.000000e+00,0.000000e+00,0.000000e+00
1.000000e+00,0.000000e+00,0.000000e+00,0.000000e+00,0.000000e+00,0.000000e+00,0.000000e+00,0.000000e+00,0.000000e+00,0.000000e+00,0.000000e+00,0.000000e+00,0.000000e+00,0.000000e+00,0.000000e+00
1.000000e+00,0.000000e+00,0.000000e+00,0.000000e+00,0.000000e+00,0.000000e+00,0.000000e+00,0.000000e+00,0.000000e+00,0.000000e+00,0.000000e+00,0.000000e+00,0.000000e+00,0.000000e+00,0.000000e+00
1.000000e+00,0.000000e+00,0.000000e+00,0.000000e+00,0.000000e+00,0.000000e+00,0.000000e+00,0.000000e+00,0.000000e+00,0.000000e+00,0.000000e+00,0.000000e+00,0.000000e+00,0.000000e+00,0.000000e+00
1.000000e+00,0.000000e+00,0.000000e+00,0.000000e+00,0.000000e+00,0.000000e+00,0.000000e+00,0.000000e+00,0.000000e+00,0.000000e+00,0.000000e+00,0.000000e+00,0.000000e+00,0.000000e+00,0.000000e+00
1.000000e+00,0.000000e+00,0.000000e+00,0.000000e+00,0.000000e+00,0.000000e+00,0.000000e+00,0.000000e+00,0.000000e+00,0.000000e+00,0.000000e+00,0.000000e+00,0.000000e+00,0.000000e+00,0.000000e+00
1.000000e+00,0.000000e+00,0.000000e+00,0.000000e+00,0.000000e+00,0.000000e+00,0.000000e+00,0.000000e+00,0.000000e+00,0.000000e+00,0.000000e+00,0.000000e+00,0.000000e+00,0.000000e+00,0.000000e+00
1.000000e+00,0.000000e+00,0.000000e+00,0.000000e+00,0.000000e+00,0.000000e+00,0.000000e+00,0.000000e+00,0.000000e+00,0.000000e+00,0.000000e+00,0.000000e+00,0.000000e+00,0.000000e+00,0.000000e+00
1.000000e+00,0.000000e+00,0.000000e+00,0.000000e+00,0.000000e+00,0.000000e+00,0.000000e+00,0.000000e+00,0.000000e+00,0.000000e+00,0.000000e+00,0.000000e+00,0.000000e+00,0.000000e+00,0.000000e+00
1.000000e+00,0.000000e+00,0.000000e+00,0.000000e+00,0.000000e+00,0.000000e+00,0.000000e+00,0.000000e+00,0.000000e+00,0.000000e+00,0.000000e+00,0.000000e+00,0.000000e+00,0.000000e+00,0.000000e+00
1.000000e+00,0.000000e+00,0.000000e+00,0.000000e+00,0.000000e+00,0.000000e+00,0.000000e+00,0.000000e+00,0.000000e+00,0.000000e+00,0.000000e+00,0.000000e+00,0.000000e+00,0.000000e+00,0.000000e+00
1.000000e+00,0.000000e+00,0.000000e+00,0.000000e+00,0.000000e+00,0.000000e+00,0.000000e+00,0.000000e+00,0.000000e+00,0.000000e+00,0.000000e+00,0.000000e+00,0.000000e+00,0.000000e+00,0.000000e+00
1.000000e+00,0.000000e+00,0.000000e+00,0.000000e+00,0.000000e+00,0.000000e+00,0.000000e+00,0.000000e+00,0.000000e+00,0.000000e+00,0.000000e+00,0.000000e+00,0.000000e+00,0.000000e+00,0.000000e+00
1.000000e+00,0.000000e+00,0.000000e+00,0.000000e+00,0.000000e+00,0.000000e+00,0.000000e+00,0.000000e+00,0.000000e+00,0.000000e+00,0.000000e+00,0.000000e+00,0.000000e+00,0.000000e+00,0.000000e+00
1.000000e+00,0.000000e+00,0.000000e+00,0.000000e+00,0.000000e+00,0.000000e+00,0.000000e+00,0.000000e+00,0.000000e+00,0.000000e+00,0.000000e+00,0.000000e+00,0.000000e+00,0.000000e+00,0.000000e+00
1.000000e+00,0.000000e+00,0.000000e+00,0.000000e+00,0.000000e+00,0.000000e+00,0.000000e+00,0.000000e+00,0.000000e+00,0.000000e+00,0.000000e+00,0.000000e+00,0.000000e+00,0.000000e+00,0.000000e+00
1.000000e+00,0.000000e+00,0.000000e+00,0.000000e+00,0.000000e+00,0.000000e+00,0.000000e+00,0.000000e+00,0.000000e+00,0.000000e+00,0.000000e+00,0.000000e+00,0.000000e+00,0.000000e+00,0.000000e+00
1.000000e+00,0.000000e+00,0.000000e+00,0.000000e+00,0.000000e+00,0.000000e+00,0.000000e+00,0.000000e+00,0.000000e+00,0.000000e+00,0.000000e+00,0.000000e+00,0.000000e+00,0.000000e+00,0.000000e+00
1.000000e+00,0.000000e+00,0.000000e+00,0.000000e+00,0.000000e+00,0.000000e+00,0.000000e+00,0.000000e+00,0.000000e+00,0.000000e+00,0.000000e+00,0.000000e+00,0.000000e+00,0.000000e+00,0.000000e+00
1.000000e+00,0.000000e+00,0.000000e+00,0.000000e+00,0.000000e+00,0.000000e+00,0.000000e+00,0.000000e+00,0.000000e+00,0.000000e+00,0.000000e+00,0.000000e+00,0.000000e+00,0.000000e+00,0.000000e+00
1.000000e+00,0.000000e+00,0.000000e+00,0.000000e+00,0.000000e+00,0.000000e+00,0.000000e+00,0.000000e+00,0.000000e+00,0.000000e+00,0.000000e+00,0.000000e+00,0.000000e+00,0.000000e+00,0.000000e+00
1.000000e+00,0.000000e+00,0.000000e+00,0.000000e+00,0.000000e+00,0.000000e+00,0.000000e+00,0.000000e+00,0.000000e+00,0.000000e+00,0.000000e+00,0.000000e+00,0.000000e+00,0.000000e+00,0.000000e+00
1.000000e+00,0.000000e+00,0.000000e+00,0.000000e+00,0.000000e+00,0.000000e+00,0.000000e+00,0.000000e+00,0.000000e+00,0.000000e+00,0.000000e+00,0.000000e+00,0.000000e+00,0.000000e+00,0.000000e+00
1.000000e+00,0.000000e+00,0.000000e+00,0.000000e+00,0.000000e+00,0.000000e+00,0.000000e+00,0.000000e+00,0.000000e+00,0.000000e+00,0.000000e+00,0.000000e+00,0.000000e+00,0.000000e+00,0.000000e+00
1.000000e+00,0.000000e+00,0.000000e+00,0.000000e+00,0.000000e+00,0.000000e+00,0.000000e+00,0.000000e+00,0.000000e+00,0.000000e+00,0.000000e+00,0.000000e+00,0.000000e+00,0.000000e+00,0.000000e+00
1.000000e+00,0.000000e+00,0.000000e+00,0.000000e+00,0.000000e+00,0.000000e+00,0.000000e+00,0.000000e+00,0.000000e+00,0.000000e+00,0.000000e+00,0.000000e+00,0.000000e+00,0.000000e+00,0.000000e+00
1.000000e+00,0.000000e+00,0.000000e+00,0.000000e+00,0.000000e+00,0.000000e+00,0.000000e+00,0.000000e+00,0.000000e+00,0.000000e+00,0.000000e+00,0.000000e+00,0.000000e+00,0.000000e+00,0.000000e+00
1.000000e+00,0.000000e+00,0.000000e+00,0.000000e+00,0.000000e+00,0.000000e+00,0.000000e+00,0.000000e+00,0.000000e+00,0.000000e+00,0.000000e+00,0.000000e+00,0.000000e+00,0.000000e+00,0.000000e+00
1.000000e+00,0.000000e+00,0.000000e+00,0.000000e+00,0.000000e+00,0.000000e+00,0.000000e+00,0.000000e+00,0.000000e+00,0.000000e+00,0.000000e+00,0.000000e+00,0.000000e+00,0.000000e+00,0.000000e+00
1.000000e+00,0.000000e+00,0.000000e+00,0.000000e+00,0.000000e+00,0.000000e+00,0.000000e+00,0.000000e+00,0.000000e+00,0.000000e+00,0.000000e+00,0.000000e+00,0.000000e+00,0.000000e+00,0.000000e+00
1.000000e+00,0.000000e+00,0.000000e+00,0.000000e+00,0.000000e+00,0.000000e+00,0.000000e+00,0.000000e+00,0.000000e+00,0.000000e+00,0.000000e+00,0.000000e+00,0.000000e+00,0.000000e+00,0.000000e+00
1.000000e+00,0.000000e+00,0.000000e+00,0.000000e+00,0.000000e+00,0.000000e+00,0.000000e+00,0.000000e+00,0.000000e+00,0.000000e+00,0.000000e+00,0.000000e+00,0.000000e+00,0.000000e+00,0.000000e+00
1.000000e+00,0.000000e+00,0.000000e+00,0.000000e+00,0.000000e+00,0.000000e+00,0.000000e+00,0.000000e+00,0.000000e+00,0.000000e+00,0.000000e+00,0.000000e+00,0.000000e+00,0.000000e+00,0.000000e+00
1.000000e+00,0.000000e+00,0.000000e+00,0.000000e+00,0.000000e+00,0.000000e+00,0.000000e+00,0.000000e+00,0.000000e+00,0.000000e+00,0.000000e+00,0.000000e+00,0.000000e+00,0.000000e+00,0.000000e+00
1.000000e+00,0.000000e+00,0.000000e+00,0.000000e+00,0.000000e+00,0.000000e+00,0.000000e+00,0.000000e+00,0.000000e+00,0.000000e+00,0.000000e+00,0.000000e+00,0.000000e+00,0.000000e+00,0.000000e+00
1.000000e+00,0.000000e+00,0.000000e+00,0.000000e+00,0.000000e+00,0.000000e+00,0.000000e+00,0.000000e+00,0.000000e+00,0.000000e+00,0.000000e+00,0.000000e+00,0.000000e+00,0.000000e+00,0.000000e+00
1.000000e+00,0.000000e+00,0.000000e+00,0.000000e+00,0.000000e+00,0.000000e+00,0.000000e+00,0.000000e+00,0.000000e+00,0.000000e+00,0.000000e+00,0.000000e+00,0.000000e+00,0.000000e+00,0.000000e+00
1.000000e+00,0.000000e+00,0.000000e+00,0.000000e+00,0.000000e+00,0.000000e+00,0.000000e+00,0.000000e+00,0.000000e+00,0.000000e+00,0.000000e+00,0.000000e+00,0.000000e+00,0.000000e+00,0.000000e+00
1.000000e+00,0.000000e+00,0.000000e+00,0.000000e+00,0.000000e+00,0.000000e+00,0.000000e+00,0.000000e+00,0.000000e+00,0.000000e+00,0.000000e+00,0.000000e+00,0.000000e+00,0.000000e+00,0.000000e+00
1.000000e+00,0.000000e+00,0.000000e+00,0.000000e+00,0.000000e+00,0.000000e+00,0.000000e+00,0.000000e+00,0.000000e+00,0.000000e+00,0.000000e+00,0.000000e+00,0.000000e+00,0.000000e+00,0.000000e+00
1.000000e+00,0.000000e+00,0.000000e+00,0.000000e+00,0.000000e+00,0.000000e+00,0.000000e+00,0.000000e+00,0.000000e+00,0.000000e+00,0.000000e+00,0.000000e+00,0.000000e+00,0.000000e+00,0.000000e+00
1.000000e+00,0.000000e+00,0.000000e+00,0.000000e+00,0.000000e+00,0.000000e+00,0.000000e+00,0.000000e+00,0.000000e+00,0.000000e+00,0.000000e+00,0.000000e+00,0.000000e+00,0.000000e+00,0.000000e+00
1.000000e+00,0.000000e+00,0.000000e+00,0.000000e+00,0.000000e+00,0.000000e+00,0.000000e+00,0.000000e+00,0.000000e+00,0.000000e+00,0.000000e+00,0.000000e+00,0.000000e+00,0.000000e+00,0.000000e+00
1.000000e+00,0.000000e+00,0.000000e+00,0.000000e+00,0.000000e+00,0.000000e+00,0.000000e+00,0.000000e+00,0.000000e+00,0.000000e+00,0.000000e+00,0.000000e+00,0.000000e+00,0.000000e+00,0.000000e+00
1.000000e+00,0.000000e+00,0.000000e+00,0.000000e+00,0.000000e+00,0.000000e+00,0.000000e+00,0.000000e+00,0.000000e+00,0.000000e+00,0.000000e+00,0.000000e+00,0.000000e+00,0.000000e+00,0.000000e+00
1.000000e+00,0.000000e+00,0.000000e+00,0.000000e+00,0.000000e+00,0.000000e+00,0.000000e+00,0.000000e+00,0.000000e+00,0.000000e+00,0.000000e+00,0.000000e+00,0.000000e+00,0.000000e+00,0.000000e+00
1.000000e+00,0.000000e+00,0.000000e+00,0.000000e+00,0.000000e+00,0.000000e+00,0.000000e+00,0.000000e+00,0.000000e+00,0.000000e+00,0.000000e+00,0.000000e+00,0.000000e+00,0.000000e+00,0.000000e+00
1.000000e+00,0.000000e+00,0.000000e+00,0.000000e+00,0.000000e+00,0.000000e+00,0.000000e+00,0.000000e+00,0.000000e+00,0.000000e+00,0.000000e+00,0.000000e+00,0.000000e+00,0.000000e+00,0.000000e+00
1.000000e+00,0.000000e+00,0.000000e+00,0.000000e+00,0.000000e+00,0.000000e+00,0.000000e+00,0.000000e+00,0.000000e+00,0.000000e+00,0.000000e+00,0.000000e+00,0.000000e+00,0.000000e+00,0.000000e+00
1.000000e+00,0.000000e+00,0.000000e+00,0.000000e+00,0.000000e+00,0.000000e+00,0.000000e+00,0.000000e+00,0.000000e+00,0.000000e+00,0.000000e+00,0.000000e+00,0.000000e+00,0.000000e+00,0.000000e+00
1.000000e+00,0.000000e+00,0.000000e+00,0.000000e+00,0.000000e+00,0.000000e+00,0.000000e+00,0.000000e+00,0.000000e+00,0.000000e+00,0.000000e+00,0.000000e+00,0.000000e+00,0.000000e+00,0.000000e+00
1.000000e+00,0.000000e+00,0.000000e+00,0.000000e+00,0.000000e+00,0.000000e+00,0.000000e+00,0.000000e+00,0.000000e+00,0.000000e+00,0.000000e+00,0.000000e+00,0.000000e+00,0.000000e+00,0.000000e+00
4.660763e-01,5.782913e-03,2.024998e-02,2.531766e-02,3.134799e-03,1.462477e-02,5.961092e-03,4.117154e-01,4.755200e-03,8.188513e-04,9.606887e-03,1.208053e-02,8.204826e-03,3.144493e-03,8.526297e-03
3.523771e-01,4.162765e-03,1.568024e-02,1.903772e-02,2.794842e-03,1.104949e-02,5.722546e-03,5.549511e-01,3.386268e-03,6.021374e-04,6.878987e-03,8.672106e-03,6.097927e-03,2.467774e-03,6.118994e-03
2.827737e-01,3.063366e-03,1.154173e-02,1.395549e-02,3.068957e-03,8.491321e-03,4.981183e-03,6.471219e-01,2.438280e-03,4.523134e-04,4.958699e-03,6.344120e-03,4.541940e-03,1.839974e-03,4.427026e-03
2.081081e-01,2.208589e-03,8.600744e-03,1.062718e-02,3.526927e-03,6.293594e-03,4.806768e-03,7.377141e-01,1.730123e-03,3.420505e-04,3.519016e-03,4.620526e-03,3.407287e-03,1.344846e-03,3.150198e-03
1.576308e-01,1.624953e-03,6.304212e-03,7.749426e-03,4.141283e-03,4.807880e-03,4.702598e-03,7.996053e-01,1.248009e-03,2.738923e-04,2.526755e-03,3.452173e-03,2.678544e-03,9.761288e-04,2.277963e-03
1.244226e-01,1.281433e-03,4.668651e-03,5.698621e-03,6.076747e-03,3.839620e-03,5.297484e-03,8.380097e-01,9.285561e-04,2.545630e-04,1.881089e-03,2.828491e-03,2.372206e-03,7.341767e-04,1.706076e-03
9.284814e-02,9.403985e-04,3.551270e-03,4.258398e-03,5.444468e-03,2.929047e-03,5.550492e-03,8.764929e-01,6.678971e-04,1.983509e-04,1.357704e-03,2.125330e-03,1.850691e-03,5.395609e-04,1.245415e-03
7.189209e-02,7.073478e-04,2.657027e-03,3.192810e-03,6.354947e-03,2.164532e-03,4.550349e-03,9.025818e-01,4.991590e-04,1.577068e-04,9.798877e-04,1.559857e-03,1.409952e-03,3.906036e-04,9.019977e-04
6.093614e-02,5.654509e-04,1.986002e-03,2.350355e-03,6.190314e-03,1.762595e-03,4.424575e-03,9.169569e-01,3.934249e-04,1.468030e-04,7.385131e-04,1.349345e-03,1.192661e-03,2.940909e-04,7.129129e-04
6.206622e-02,4.756953e-04,1.638252e-03,1.852174e-03,5.735585e-03,1.669368e-03,4.301832e-03,9.174817e-01,3.301782e-04,1.707234e-04,6.192008e-04,1.455678e-03,1.289716e-03,2.429599e-04,6.708667e-04
6.427392e-02,4.125561e-04,1.398982e-03,1.515313e-03,6.014296e-03,1.505141e-03,3.858387e-03,9.164907e-01,2.843351e-04,2.101875e-04,5.200313e-04,1.472247e-03,1.231400e-03,1.999947e-04,6.125076e-04
5.502196e-02,3.285196e-04,1.241855e-03,1.305170e-03,5.440592e-03,1.384319e-03,3.413074e-03,9.278886e-01,2.292630e-04,1.880074e-04,4.611844e-04,1.293632e-03,1.109792e-03,1.635637e-04,5.304429e-04
5.039750e-02,2.631463e-04,1.027295e-03,1.106922e-03,6.011216e-03,1.092420e-03,2.741292e-03,9.340579e-01,1.872582e-04,1.810718e-04,3.819680e-04,1.049684e-03,9.420339e-04,1.290910e-04,4.312001e-04
4.328220e-02,2.100765e-04,8.178520e-04,8.788770e-04,6.326204e-03,8.619329e-04,2.345813e-03,9.425969e-01,1.570234e-04,1.552910e-04,3.061223e-04,8.346425e-04,7.771283e-04,1.026821e-04,3.473027e-04
3.761543e-02,1.767308e-04,6.913208e-04,6.999452e-04,5.619490e-03,6.813259e-04,1.933219e-03,9.504831e-01,1.233279e-04,1.294787e-04,2.411664e-04,6.379425e-04,6.008148e-04,8.298106e-05,2.838012e-04
3.606395e-02,1.639350e-04,7.229731e-04,6.098263e-04,5.309082e-03,5.645699e-04,1.697265e-03,9.530511e-01,1.017815e-04,1.175400e-04,2.193555e-04,5.326599e-04,5.042595e-04,7.345778e-05,2.682257e-04
3.546048e-02,1.491786e-04,7.364074e-04,5.222723e-04,5.318271e-03,4.968320e-04,1.606416e-03,9.540747e-01,9.299732e-05,1.102041e-04,1.947679e-04,4.663040e-04,4.335546e-04,7.022344e-05,2.673761e-04
3.528773e-02,1.664400e-04,7.537534e-04,4.805644e-04,5.267461e-03,4.465495e-04,1.361334e-03,9.547190e-01,9.161187e-05,1.126702e-04,1.777517e-04,4.205060e-04,3.882383e-04,6.561926e-05,2.607735e-04
5.093360e-02,6.909272e-04,1.057022e-03,6.574123e-04,6.532014e-03,7.553943e-04,1.053048e-03,9.346821e-01,2.073170e-04,3.805511e-04,5.246798e-04,1.005686e-03,7.763086e-04,1.379085e-04,6.060080e-04
5.975344e-02,2.377207e-03,1.258150e-03,6.607053e-04,1.351303e-02,1.997631e-03,9.847343e-04,9.124175e-01,9.670479e-04,1.098652e-03,9.791038e-04,1.177166e-03,1.571697e-03,2.121046e-04,1.031857e-03
6.382230e-02,4.367839e-03,1.841630e-03,7.900475e-04,2.462607e-02,2.461369e-03,1.005348e-03,8.816890e-01,3.168719e-03,3.515285e-03,1.920054e-03,1.818268e-03,4.577787e-03,6.043835e-04,3.791917e-03
7.255872e-02,8.284892e-03,2.433089e-03,2.780222e-03,3.366182e-02,3.027066e-03,1.519258e-03,7.801480e-01,1.147506e-02,5.014525e-03,5.264039e-03,2.721527e-03,5.381475e-02,7.384963e-04,1.655854e-02
8.470228e-02,9.377493e-03,2.356239e-03,3.129357e-03,3.635937e-02,4.732781e-03,1.685789e-03,6.380420e-01,1.268021e-02,4.170397e-03,5.730369e-03,2.669210e-03,1.704822e-01,7.565438e-04,2.312583e-02
6.893320e-02,7.951867e-03,1.740014e-03,2.985896e-03,2.660729e-02,3.682493e-03,1.377304e-03,4.513611e-01,1.127391e-02,3.078357e-03,4.875920e-03,2.260340e-03,3.934329e-01,5.678433e-04,1.987153e-02
5.344037e-02,5.970087e-03,1.248579e-03,2.221116e-03,1.895414e-02,2.717866e-03,1.073701e-03,3.165996e-01,8.976984e-03,2.200924e-03,3.785059e-03,1.888524e-03,5.660278e-01,4.120765e-04,1.448325e-02
4.181378e-02,4.391837e-03,9.286373e-04,1.796189e-03,1.350188e-02,2.165910e-03,8.838645e-04,2.217845e-01,8.655758e-03,1.612430e-03,2.987179e-03,1.706451e-03,6.870223e-01,3.240528e-04,1.042525e-02
3.023544e-02,3.631458e-03,7.881630e-04,1.287611e-03,9.759649e-03,3.674141e-03,9.496912e-04,1.553437e-01,6.650352e-03,1.145040e-03,2.480029e-03,1.542730e-03,7.746652e-01,3.110707e-04,7.535672e-03
2.201604e-02,2.665705e-03,5.808240e-04,9.171885e-04,6.980879e-03,5.042657e-03,9.491351e-04,1.088095e-01,4.761673e-03,8.050260e-04,1.935645e-03,1.293740e-03,8.376331e-01,2.420285e-04,5.366817e-03
1.602640e-02,1.951703e-03,5.055493e-04,6.593473e-04,5.124158e-03,1.105558e-02,1.009453e-03,7.629296e-02,3.558645e-03,5.668486e-04,1.475604e-03,1.063010e-03,8.767104e-01,2.079825e-04,3.792336e-03
1.311527e-02,1.664414e-03,7.781247e-04,4.696212e-04,4.743372e-03,1.044215e-02,8.816752e-04,5.347101e-02,2.751865e-03,4.019129e-04,1.119352e-03,1.110162e-03,9.061790e-01,1.932328e-04,2.678865e-03
1.165143e-02,1.414513e-03,1.189563e-03,3.339216e-04,5.309366e-03,8.452956e-03,7.990703e-04,3.760661e-02,2.161477e-03,2.882387e-04,8.392160e-04,1.208177e-03,9.266797e-01,1.695309e-04,1.896273e-03
1.123681e-02,1.339163e-03,1.316097e-03,2.449930e-04,7.679086e-03,6.187367e-03,7.540336e-04,2.654958e-02,2.413026e-03,2.150751e-04,6.275696e-04,2.380493e-03,9.375410e-01,1.415524e-04,1.374188e-03
1.104527e-02,1.237666e-03,1.175230e-03,1.911711e-04,8.704436e-03,4.603055e-03,6.920194e-04,1.889707e-02,2.288900e-03,1.594827e-04,4.715112e-04,4.263679e-03,9.451513e-01,1.165944e-04,1.002607e-03
1.448216e-02,1.401332e-03,3.065679e-03,4.564692e-04,1.013537e-02,3.925891e-03,6.367386e-04,1.413248e-02,2.412485e-03,1.322169e-04,3.782883e-04,4.327353e-03,9.435452e-01,1.216593e-04,8.466672e-04
1.697131e-02,1.397740e-03,2.692161e-03,3.476873e-04,1.373265e-02,5.499871e-03,7.449046e-04,1.067011e-02,2.083968e-03,9.904066e-05,3.186043e-04,5.987692e-03,9.387416e-01,1.086951e-04,6.040305e-04
2.406348e-02,1.835022e-03,2.825063e-03,3.375214e-04,1.508228e-02,8.515255e-03,1.014532e-03,8.359510e-03,2.131800e-03,9.924704e-05,3.508586e-04,7.030482e-03,9.277869e-01,1.107528e-04,4.573335e-04
2.499894e-02,1.646172e-03,2.631007e-03,4.023622e-04,1.406251e-02,1.162151e-02,1.062872e-03,6.824867e-03,1.891705e-03,1.105852e-04,3.546601e-04,7.293815e-03,9.266043e-01,1.043211e-04,3.904140e-04
2.098466e-02,1.297380e-03,2.142925e-03,3.269432e-04,1.229290e-02,9.182538e-03,9.511041e-04,6.329167e-03,1.558391e-03,8.308727e-05,3.106350e-04,7.405936e-03,9.367518e-01,8.317907e-05,2.993063e-04
1.801544e-02,1.333394e-03,1.910905e-03,2.969356e-04,1.069695e-02,7.994653e-03,9.037174e-04,5.058180e-03,1.943767e-03,7.564866e-05,2.681314e-04,9.028445e-03,9.419744e-01,7.137412e-05,4.279865e-04
1.774209e-02,1.359110e-03,2.313612e-03,4.844254e-04,1.013161e-02,1.740374e-02,8.855362e-04,5.268826e-03,2.245989e-03,9.089155e-05,2.553054e-04,9.057841e-03,9.320794e-01,1.088933e-04,5.726980e-04
1.680465e-02,1.171527e-03,2.241171e-03,4.738448e-04,9.048494e-03,2.187739e-02,9.718229e-04,1.247316e-02,1.965515e-03,8.028763e-05,2.455249e-04,9.082383e-03,9.229555e-01,1.114344e-04,4.972883e-04
2.001670e-02,1.850914e-03,3.640525e-03,4.583278e-04,1.170894e-02,3.106967e-02,1.568675e-03,1.221594e-02,2.757080e-03,7.431860e-05,2.252279e-04,1.253160e-02,9.012212e-01,1.359371e-04,5.249923e-04
1.828367e-02,1.824334e-03,3.690533e-03,5.078791e-04,1.062162e-02,3.320330e-02,1.535495e-03,1.296485e-02,2.493731e-03,6.797546e-05,1.873732e-04,1.245562e-02,9.015043e-01,1.172232e-04,5.421413e-04
1.738366e-02,1.726716e-03,4.785999e-03,5.488779e-04,1.125526e-02,2.920479e-02,1.564155e-03,1.183050e-02,2.587411e-03,7.797883e-05,1.872785e-04,9.869399e-03,9.077400e-01,9.688051e-05,1.141113e-03
1.524373e-02,1.408019e-03,4.293617e-03,4.346272e-04,9.846267e-03,2.162216e-02,1.673948e-03,9.722931e-03,2.136942e-03,6.143001e-05,2.469179e-04,8.113220e-03,9.236674e-01,8.015511e-05,1.448659e-03
1.212302e-02,1.269565e-03,3.468228e-03,4.126834e-04,7.433186e-03,1.612001e-02,1.363870e-03,7.962171e-03,1.855755e-03,5.017695e-05,2.268886e-04,7.519451e-03,9.384573e-01,6.885786e-05,1.668903e-03
1.096412e-02,1.966707e-03,1.159627e-02,1.193975e-03,6.159330e-03,1.225909e-02,1.429969e-03,8.976490e-03,3.627995e-03,1.162249e-04,2.387081e-04,8.239171e-03,9.295249e-01,1.315885e-04,3.575509e-03
1.078815e-02,3.171831e-03,1.474050e-02,2.131341e-03,5.124616e-03,1.189841e-02,1.425566e-03,8.489368e-03,6.864591e-03,2.098245e-04,2.691509e-04,7.917252e-03,9.130615e-01,2.611072e-04,1.364682e-02
1.288867e-02,3.407547e-03,2.317594e-02,1.967996e-03,5.113404e-03,9.090276e-03,1.604146e-03,7.698569e-03,8.072982e-03,3.358793e-04,3.438923e-04,7.657590e-03,8.941059e-01,2.839942e-04,2.425326e-02
1.372120e-02,3.729405e-03,1.807992e-02,1.539364e-03,5.610029e-03,6.549007e-03,1.522989e-03,6.436704e-03,6.828622e-03,2.953028e-04,4.812500e-04,6.680879e-03,9.030633e-01,2.485077e-04,2.521357e-02
1.326894e-02,3.663814e-03,1.365205e-02,1.253295e-03,5.513953e-03,4.805747e-03,1.255886e-03,5.829475e-03,6.100135e-03,2.565742e-04,5.971989e-04,6.018235e-03,9.056950e-01,2.570812e-04,3.183261e-02
1.183859e-02,4.461087e-03,1.230878e-02,1.069700e-03,4.711254e-03,3.522778e-03,9.661502e-04,4.317917e-03,5.588893e-03,2.973659e-04,6.163666e-04,5.818023e-03,9.166822e-01,2.667019e-04,2.753414e-02
1.080577e-02,4.274759e-03,1.098934e-02,1.038284e-03,4.299757e-03,2.624416e-03,7.780149e-04,3.226369e-03,5.121499e-03,3.117594e-04,6.287569e-04,5.079537e-03,9.250907e-01,2.454227e-04,2.548568e-02
9.094385e-03,3.262535e-03,9.176947e-03,8.560295e-04,7.739849e-03,2.127346e-03,9.272433e-04,2.635634e-03,4.564719e-03,2.736043e-04,5.804207e-04,4.937505e-03,9.307448e-01,2.132958e-04,2.286566e-02
7.740729e-03,2.506974e-03,8.441599e-03,7.303807e-04,1.281804e-02,2.033049e-03,9.031415e-04,2.749234e-03,3.889129e-03,2.244190e-04,5.424398e-04,3.895584e-03,9.344751e-01,2.055840e-04,1.884469e-02
8.223521e-03,1.841495e-03,7.738618e-03,8.751905e-04,1.625271e-02,8.721776e-03,1.070846e-03,3.344817e-03,3.131895e-03,1.773270e-04,6.706142e-04,3.793916e-03,9.295647e-01,3.640231e-04,1.422868e-02
9.449663e-03,1.304085e-03,5.459933e-03,7.892561e-04,1.329751e-02,6.779349e-03,7.714180e-04,2.749657e-03,2.427220e-03,2.084982e-04,3.648803e-03,1.354234e-02,9.283265e-01,9.280909e-04,1.031779e-02
1.474108e-02,9.854342e-04,4.038408e-03,1.671429e-03,1.288377e-02,6.671865e-03,6.106233e-04,4.881544e-03,3.784215e-03,7.118861e-04,2.942683e-02,1.099152e-01,8.010727e-01,8.898284e-04,7.715283e-03
1.619145e-02,8.118888e-04,3.844713e-03,3.184247e-03,1.242418e-02,6.461656e-03,5.328688e-04,2.532252e-02,8.544526e-03,1.915377e-03,5.462367e-02,1.720493e-01,6.876172e-01,6.790609e-04,5.797409e-03
1.243090e-02,9.851255e-04,3.262494e-03,5.117523e-03,1.246423e-02,4.672943e-03,4.611698e-04,2.754099e-02,2.062187e-01,1.824497e-03,4.795011e-02,1.569009e-01,5.153170e-01,4.831110e-04,4.370292e-03
9.465254e-03,1.160168e-03,2.704043e-03,1.050352e-02,1.445401e-02,3.655568e-03,3.728168e-04,2.301805e-02,3.925537e-01,1.401310e-03,3.812053e-02,1.226784e-01,3.762401e-01,3.511189e-04,3.321481e-03
1.042034e-02,1.034337e-03,8.253915e-03,7.336630e-02,2.471846e-02,4.209438e-03,4.222977e-04,6.583612e-02,4.200678e-01,1.166892e-03,3.267231e-02,8.758454e-02,2.675997e-01,2.596014e-04,2.388058e-03
1.206439e-02,2.133833e-03,9.578670e-03,1.034394e-01,2.865946e-02,1.521853e-02,4.298729e-04,5.469606e-02,4.905366e-01,1.124083e-03,2.810816e-02,6.221784e-02,1.895749e-01,2.174867e-04,2.000793e-03
1.205241e-02,2.291906e-03,8.179603e-03,9.643637e-02,3.636365e-02,1.717769e-02,6.913606e-04,5.521283e-02,4.810393e-01,2.142886e-03,7.510473e-02,5.481585e-02,1.553164e-01,5.206707e-04,2.654423e-03
1.086613e-02,2.276401e-03,6.501890e-03,8.737957e-02,2.972448e-02,1.506816e-02,5.987258e-04,4.612561e-02,4.086716e-01,3.058470e-03,1.423442e-01,8.453937e-02,1.598188e-01,6.384494e-04,2.388155e-03
1.069729e-02,2.620100e-03,6.091400e-03,7.751286e-02,2.571886e-02,1.284342e-02,5.459929e-04,3.556015e-02,3.656077e-01,4.362732e-03,1.982691e-01,1.047816e-01,1.524634e-01,7.562897e-04,2.169115e-03
1.789741e-02,7.686634e-03,1.255364e-02,6.353895e-02,2.630599e-02,1.021641e-02,5.635699e-04,4.054701e-02,3.655293e-01,1.101403e-02,2.247209e-01,8.941233e-02,1.264710e-01,1.223591e-03,2.319305e-03
3.250571e-02,1.710130e-02,1.508885e-02,5.275536e-02,2.641321e-02,8.913635e-03,5.935124e-04,3.637660e-02,4.031283e-01,1.619909e-02,2.099411e-01,7.515457e-02,1.004198e-01,2.415946e-03,2.993079e-03
2.882668e-02,2.083487e-02,1.546146e-02,4.243604e-02,2.265887e-02,7.569308e-03,5.509901e-04,4.412180e-02,4.061472e-01,2.333623e-02,2.297191e-01,6.696720e-02,8.408999e-02,4.030530e-03,3.249770e-03
3.880802e-02,3.572448e-02,2.049150e-02,4.758027e-02,2.318802e-02,6.703494e-03,5.452037e-04,4.105321e-02,3.963125e-01,2.714569e-02,2.241585e-01,6.058529e-02,6.532423e-02,7.015762e-03,5.363869e-03
3.963810e-02,5.097032e-02,2.885547e-02,3.698855e-02,2.454782e-02,5.330421e-03,5.380004e-04,4.657088e-02,3.810457e-01,2.751873e-02,2.325385e-01,5.214969e-02,5.323253e-02,1.399522e-02,6.080071e-03
5.484276e-02,4.504716e-02,2.226079e-02,3.065029e-02,2.250437e-02,6.226591e-03,7.043814e-04,3.859174e-02,3.871975e-01,2.690251e-02,2.512692e-01,4.821495e-02,4.095781e-02,1.343709e-02,1.119290e-02
7.262131e-02,3.991961e-02,1.727174e-02,2.503658e-02,2.509465e-02,5.471748e-03,7.593990e-04,3.436376e-02,3.958021e-01,3.238097e-02,2.568632e-01,4.260302e-02,3.109723e-02,1.200142e-02,8.713286e-03
9.605536e-02,3.669558e-02,1.398691e-02,2.050913e-02,2.101162e-02,8.705441e-03,8.204901e-04,3.344239e-02,3.531912e-01,3.401668e-02,2.899529e-01,4.038498e-02,2.485994e-02,1.744458e-02,8.922808e-03
1.401774e-01,3.049488e-02,1.191061e-02,2.105295e-02,1.587344e-02,7.244388e-03,6.621879e-04,2.671803e-02,2.729899e-01,2.740593e-02,3.564526e-01,4.529133e-02,2.164569e-02,1.482935e-02,7.251231e-03
1.336140e-01,3.052349e-02,1.142414e-02,1.900090e-02,1.309478e-02,5.633827e-03,5.174917e-04,2.131697e-02,2.216656e-01,2.642377e-02,4.173639e-01,5.394379e-02,2.579108e-02,1.378302e-02,5.903249e-03
1.892332e-01,2.671529e-02,8.426672e-03,1.553571e-02,9.714737e-03,5.787065e-03,4.295260e-04,1.686497e-02,1.788812e-01,2.392173e-02,4.299528e-01,5.007484e-02,2.040071e-02,1.925029e-02,4.811259e-03
2.603398e-01,2.163822e-02,6.438706e-03,1.781598e-02,7.207942e-03,7.572745e-03,3.577894e-04,1.296867e-02,1.492680e-01,1.790460e-02,4.107234e-01,5.041228e-02,1.713560e-02,1.606967e-02,4.146640e-03
2.623407e-01,1.662503e-02,5.204931e-03,2.198748e-02,5.858417e-03,8.814704e-03,3.508246e-04,9.724453e-03,1.130739e-01,1.302848e-02,4.530786e-01,5.772706e-02,1.390244e-02,1.442365e-02,3.859402e-03
2.746560e-01,1.307137e-02,4.624717e-03,2.148648e-02,4.493522e-03,1.003885e-02,6.506502e-04,8.785012e-03,8.299685e-02,9.685857e-03,4.553428e-01,7.846277e-02,1.123744e-02,2.053466e-02,3.933055e-03
2.928634e-01,1.003443e-02,3.904998e-03,1.706356e-02,3.587303e-03,1.119560e-02,8.842128e-04,7.058560e-03,5.999783e-02,7.754508e-03,4.661148e-01,7.923228e-02,8.829203e-03,2.766029e-02,3.819040e-03
3.112377e-01,8.256827e-03,3.256737e-03,1.321238e-02,2.866692e-03,1.457990e-02,9.441344e-04,5.665431e-03,4.353290e-02,6.472821e-03,4.602477e-01,7.517573e-02,7.293141e-03,4.321219e-02,4.045687e-03
3.330042e-01,7.064947e-03,3.040126e-03,1.017077e-02,2.254887e-03,1.440746e-02,9.303535e-04,4.363753e-03,3.128123e-02,5.377403e-03,4.565550e-01,6.370087e-02,5.937511e-03,5.755396e-02,4.357493e-03
2.513560e-01,5.172062e-03,2.277210e-03,7.396506e-03,1.673319e-03,1.163926e-02,6.833191e-04,3.188402e-03,2.304695e-02,4.901080e-03,5.724707e-01,5.634799e-02,4.685496e-03,5.167234e-02,3.489446e-03
1.799400e-01,4.005705e-03,1.731361e-03,5.282529e-03,1.297673e-03,9.196468e-03,5.105110e-04,2.304035e-03,1.821396e-02,4.939139e-03,6.568097e-01,5.350016e-02,4.067445e-03,5.498705e-02,3.214313e-03
1.276716e-01,3.071174e-03,1.378070e-03,3.770008e-03,9.656374e-04,7.400172e-03,3.888550e-04,1.680863e-03,1.371138e-02,4.493997e-03,7.320881e-01,4.426099e-02,3.482980e-03,5.217706e-02,3.459120e-03
9.108204e-02,2.634502e-03,1.308431e-03,2.690226e-03,8.990403e-04,8.239324e-03,3.922052e-04,1.439030e-03,1.011706e-02,3.626305e-03,7.900369e-01,3.403693e-02,3.001973e-03,4.772029e-02,2.775737e-03
6.530089e-02,2.696382e-03,1.340156e-03,1.961933e-03,9.287378e-04,8.391089e-03,4.072153e-04,1.295854e-03,8.204657e-03,4.058743e-03,8.075601e-01,3.039383e-02,2.722055e-03,6.234350e-02,2.394927e-03
4.688600e-02,6.314454e-03,1.661568e-03,1.426119e-03,9.129195e-04,6.802669e-03,4.375379e-04,1.174149e-03,8.412813e-03,4.565666e-03,8.125627e-01,2.912084e-02,2.261206e-03,7.561131e-02,1.850092e-03
3.343992e-02,5.064311e-03,1.348120e-03,1.010418e-03,7.212870e-04,5.080748e-03,3.205659e-04,9.057015e-04,8.695484e-03,3.735071e-03,8.178685e-01,2.716258e-02,1.832642e-03,9.144793e-02,1.366787e-03
2.402832e-02,4.472572e-03,1.054896e-03,7.171298e-04,5.442803e-04,4.153059e-03,2.400445e-04,7.291863e-04,1.003518e-02,3.442537e-03,8.167979e-01,2.389263e-02,1.480375e-03,1.073752e-01,1.036757e-03
1.739329e-02,3.686394e-03,8.563693e-04,5.109666e-04,4.248404e-04,3.183886e-03,1.753814e-04,5.414448e-04,9.698648e-03,3.141046e-03,8.308107e-01,1.999307e-02,1.162643e-03,1.076283e-01,7.931460e-04
1.358725e-02,1.007339e-02,2.884579e-03,4.288000e-04,6.298092e-04,3.444460e-03,1.612868e-04,6.603121e-04,2.396828e-02,4.249435e-03,7.846330e-01,2.309684e-02,1.144222e-03,1.300151e-01,1.023273e-03
1.177993e-02,9.769365e-03,8.101473e-03,4.872862e-04,1.302385e-03,3.262307e-03,1.737209e-04,6.983659e-04,6.154758e-02,4.755235e-03,7.314342e-01,2.490421e-02,1.012207e-03,1.396289e-01,1.142936e-03
1.258226e-02,8.420384e-03,8.015916e-03,4.273321e-04,1.429033e-03,3.195888e-03,1.389847e-04,7.150099e-04,1.420345e-01,4.227331e-03,6.264627e-01,1.962637e-02,9.050193e-04,1.707164e-01,1.103027e-03
1.191533e-02,6.987602e-03,7.670416e-03,3.918422e-04,1.546844e-03,2.937686e-03,1.229559e-04,7.997435e-04,2.369110e-01,3.859645e-03,5.508969e-01,1.512862e-02,7.824560e-04,1.590586e-01,9.903656e-04
1.095550e-02,5.843101e-03,9.014934e-03,5.864179e-04,1.577060e-03,2.515444e-03,1.059947e-04,9.381394e-04,3.562327e-01,3.814470e-03,4.654647e-01,1.120197e-02,6.265062e-04,1.301129e-01,1.010180e-03
1.054636e-02,4.780679e-03,1.046743e-02,5.694836e-04,1.388806e-03,2.040511e-03,8.134575e-05,9.666907e-04,4.757047e-01,3.088169e-03,3.667924e-01,8.047515e-03,4.762130e-04,1.140305e-01,1.019167e-03
1.050341e-02,3.475046e-03,1.086402e-02,6.594915e-04,1.170408e-03,2.046705e-03,6.046207e-05,1.079744e-03,5.376694e-01,2.592110e-03,3.409548e-01,5.712444e-03,3.667040e-04,8.194026e-02,9.049976e-04
1.247325e-02,2.624457e-03,1.535623e-02,7.734719e-04,1.415926e-03,2.304741e-03,4.973355e-05,1.392011e-03,5.535122e-01,2.715023e-03,3.413375e-01,4.057706e-03,3.382947e-04,6.068067e-02,9.687546e-04
1.569899e-02,2.363589e-03,1.402229e-02,6.560314e-04,1.554351e-03,2.366802e-03,4.106779e-05,1.210066e-03,5.139608e-01,3.222724e-03,3.770766e-01,2.905766e-03,2.743927e-04,6.135759e-02,3.288948e-03
2.088687e-02,1.880113e-03,1.213705e-02,5.150700e-04,1.543626e-03,2.130372e-03,3.937336e-05,1.163042e-03,3.980708e-01,3.892871e-03,4.503250e-01,2.066195e-03,3.721631e-04,9.099832e-02,1.397919e-02
2.204621e-02,1.756140e-03,1.156820e-02,4.310503e-04,2.615057e-03,2.324496e-03,3.768967e-05,1.237860e-03,3.153365e-01,3.064762e-03,5.299227e-01,1.476178e-03,3.300343e-04,9.657906e-02,1.127408e-02
3.170052e-02,2.617526e-03,1.580766e-02,6.806097e-04,3.413415e-03,3.294900e-03,6.499487e-05,3.257504e-03,2.473421e-01,2.903938e-03,5.149875e-01,1.097837e-03,6.896076e-04,1.519880e-01,2.015391e-02
5.411604e-02,3.311002e-03,3.747085e-02,2.073656e-03,5.437015e-03,5.729543e-03,1.671181e-04,1.138386e-02,1.962949e-01,2.916158e-03,4.587723e-01,1.118366e-03,1.447916e-03,1.686503e-01,5.111095e-02
7.676557e-02,3.446255e-03,4.691074e-02,2.596524e-03,6.020308e-03,9.350048e-03,2.934455e-04,2.027133e-02,1.642804e-01,2.782030e-03,4.132602e-01,9.857507e-04,1.457963e-03,1.877130e-01,6.386641e-02
7.395984e-02,3.109356e-03,4.594918e-02,2.028913e-03,4.680982e-03,8.210395e-03,2.275024e-04,1.734583e-02,1.364829e-01,3.413423e-03,3.270326e-01,8.569022e-04,1.447003e-03,1.684144e-01,2.068407e-01
7.389902e-02,3.828128e-03,5.499049e-02,1.892176e-03,4.002097e-03,8.014016e-03,1.713440e-04,1.455332e-02,1.150835e-01,2.853599e-03,2.679065e-01,7.388251e-04,1.414058e-03,2.453880e-01,2.052650e-01
8.735527e-02,3.961590e-03,4.380967e-02,2.471709e-03,3.719182e-03,9.222059e-03,1.966155e-04,2.001880e-02,9.158692e-02,2.419322e-03,2.183988e-01,8.873323e-04,1.590181e-03,2.488088e-01,2.655538e-01
1.190144e-01,4.543246e-03,3.637387e-02,8.186636e-03,4.561911e-03,7.556671e-03,3.283541e-04,2.784071e-02,7.031238e-02,3.418713e-03,1.634011e-01,1.205949e-03,1.839152e-03,2.215257e-01,3.298913e-01
1.189310e-01,4.813446e-03,3.017578e-02,7.585408e-03,4.209612e-03,6.723018e-03,3.472315e-04,3.015545e-02,6.232274e-02,4.041442e-03,1.174615e-01,9.929659e-04,1.565170e-03,2.214178e-01,3.892576e-01
9.642705e-02,5.780105e-03,2.713328e-02,1.330833e-02,3.611108e-03,5.257195e-03,3.371256e-04,2.410649e-02,4.941945e-02,4.738929e-03,8.298141e-02,1.073206e-03,1.331346e-03,1.612770e-01,5.232180e-01
8.422376e-02,5.598838e-03,2.584224e-02,1.439155e-02,2.746608e-03,4.147429e-03,3.824875e-04,1.769200e-02,3.876898e-02,4.846244e-03,5.869537e-02,1.122766e-03,1.168029e-03,1.217263e-01,6.186475e-01
8.900055e-02,5.475051e-03,2.480169e-02,1.456688e-02,2.686847e-03,3.572144e-03,4.555107e-04,1.296360e-02,3.709932e-02,7.567371e-03,4.201303e-02,1.128079e-03,1.367989e-03,1.006386e-01,6.566634e-01
1.117719e-01,9.113037e-03,3.450775e-02,2.212936e-02,7.780975e-03,4.588667e-03,5.705950e-04,1.091437e-02,3.377795e-02,1.126364e-02,3.255938e-02,2.105632e-03,2.176139e-03,9.668649e-02,6.200541e-01
9.009475e-02,7.103103e-03,2.539603e-02,1.637929e-02,5.831943e-03,4.164964e-03,4.293103e-04,7.751090e-03,2.650055e-02,1.547606e-02,2.503994e-02,2.642377e-03,2.454686e-03,9.568126e-02,6.750547e-01
6.704211e-02,7.797318e-03,3.848747e-02,4.151733e-02,4.488383e-03,3.096091e-03,3.230937e-04,5.541034e-03,4.841722e-02,1.789765e-02,1.870495e-02,2.053124e-03,1.965533e-03,7.020210e-02,6.724666e-01
5.216232e-02,6.547363e-03,7.044423e-02,7.339739e-02,3.423597e-03,2.476198e-03,2.492247e-04,4.120982e-03,4.686660e-02,2.267094e-02,1.398062e-02,1.561518e-03,1.536222e-03,5.197718e-02,6.485857e-01
5.476345e-02,4.919969e-03,1.522804e-01,6.036259e-02,2.889503e-03,2.162571e-03,2.426750e-04,3.280978e-03,5.092137e-02,2.412338e-02,1.250637e-02,1.509337e-03,1.501673e-03,1.026012e-01,5.259346e-01
1.143173e-01,1.321393e-02,1.696877e-01,6.884973e-02,5.444752e-03,3.792701e-03,5.145733e-04,3.654772e-03,4.774887e-02,2.308831e-02,1.112861e-02,2.611547e-03,1.963647e-03,9.000323e-02,4.439804e-01
2.469879e-01,3.005049e-02,1.346412e-01,6.148735e-02,7.991535e-03,4.576040e-03,7.682288e-04,3.853547e-03,4.205159e-02,2.143027e-02,1.123890e-02,4.497725e-03,3.843000e-03,7.305875e-02,3.535235e-01
3.094938e-01,4.393622e-02,1.185770e-01,1.022855e-01,7.060560e-03,5.914113e-03,1.408780e-03,4.459189e-03,4.785134e-02,1.637647e-02,1.024152e-02,6.342352e-03,3.776995e-03,5.328822e-02,2.689879e-01
4.529948e-01,3.672886e-02,9.213067e-02,9.668212e-02,5.807763e-03,6.433981e-03,1.572134e-03,4.502620e-03,3.739395e-02,1.236373e-02,8.813787e-03,6.671112e-03,4.096191e-03,3.820110e-02,1.956073e-01
1.000000e+00,0.000000e+00,0.000000e+00,0.000000e+00,0.000000e+00,0.000000e+00,0.000000e+00,0.000000e+00,0.000000e+00,0.000000e+00,0.000000e+00,0.000000e+00,0.000000e+00,0.000000e+00,0.000000e+00
1.000000e+00,0.000000e+00,0.000000e+00,0.000000e+00,0.000000e+00,0.000000e+00,0.000000e+00,0.000000e+00,0.000000e+00,0.000000e+00,0.000000e+00,0.000000e+00,0.000000e+00,0.000000e+00,0.000000e+00
1.000000e+00,0.000000e+00,0.000000e+00,0.000000e+00,0.000000e+00,0.000000e+00,0.000000e+00,0.000000e+00,0.000000e+00,0.000000e+00,0.000000e+00,0.000000e+00,0.000000e+00,0.000000e+00,0.000000e+00
4.687061e-01,1.868928e-02,1.991800e-01,1.619078e-01,3.827873e-03,6.641716e-03,8.334052e-04,2.422850e-03,1.920654e-02,5.465739e-03,1.481608e-02,7.514242e-03,7.468764e-03,1.193324e-02,7.138639e-02
4.640036e-01,1.610080e-02,1.825354e-01,1.883270e-01,3.272110e-03,7.143972e-03,7.123600e-04,2.115000e-03,2.031134e-02,5.177182e-03,2.765244e-02,6.226056e-03,8.735232e-03,9.127944e-03,5.855948e-02
3.672655e-01,1.502301e-02,2.162694e-01,2.717469e-01,2.820748e-03,6.018180e-03,5.729180e-04,1.861441e-03,2.350717e-02,6.096906e-03,2.275049e-02,5.210361e-03,7.121215e-03,6.755529e-03,4.698038e-02
2.641649e-01,1.308521e-02,2.714612e-01,3.385196e-01,2.287371e-03,4.581031e-03,5.132883e-04,1.373203e-03,2.985860e-02,5.493441e-03,1.969780e-02,3.956575e-03,5.541408e-03,4.986056e-03,3.448037e-02
1.867743e-01,1.135447e-02,3.771588e-01,3.232675e-01,1.997433e-03,3.740815e-03,5.124378e-04,1.027491e-03,2.928746e-02,5.013607e-03,2.120443e-02,3.448224e-03,4.919690e-03,3.723840e-03,2.656955e-02
1.374039e-01,1.213888e-02,3.990965e-01,3.596746e-01,1.831647e-03,3.288432e-03,4.724687e-04,7.888531e-04,3.087769e-02,5.014612e-03,1.817881e-02,3.093908e-03,4.097350e-03,2.870317e-03,2.117205e-02
1.104379e-01,1.332078e-02,4.393051e-01,3.387302e-01,3.020368e-03,3.070800e-03,6.063018e-04,6.322218e-04,3.239792e-02,5.301376e-03,2.297673e-02,3.149828e-03,4.057113e-03,2.863972e-03,2.012942e-02
1.060465e-01,1.338956e-02,4.679477e-01,3.151436e-01,2.901992e-03,2.844740e-03,5.692343e-04,6.505540e-04,3.679319e-02,5.636676e-03,1.993661e-02,3.505727e-03,3.464549e-03,2.733207e-03,1.843610e-02
1.129708e-01,2.955064e-02,4.621741e-01,2.752305e-01,8.539922e-03,4.751625e-03,1.444540e-03,1.138153e-03,4.189726e-02,5.473706e-03,2.454109e-02,3.775405e-03,3.568117e-03,3.255221e-03,2.168875e-02
1.337916e-01,3.732532e-02,4.395629e-01,2.274160e-01,2.592563e-02,7.802377e-03,4.026435e-03,1.763976e-03,5.005125e-02,5.333475e-03,3.135370e-02,3.459002e-03,3.393048e-03,4.151047e-03,2.464420e-02
1.175713e-01,6.653597e-02,3.898561e-01,2.139028e-01,2.792267e-02,8.067494e-03,3.511376e-03,2.933899e-03,7.384090e-02,6.375832e-03,2.464898e-02,3.410670e-03,3.820173e-03,4.115395e-03,5.348640e-02
1.163436e-01,8.853132e-02,3.263417e-01,1.744018e-01,6.736737e-02,1.423436e-02,5.183289e-03,9.171545e-03,1.099714e-01,5.242758e-03,2.486300e-02,2.781983e-03,3.663224e-03,4.513338e-03,4.738932e-02
1.176750e-01,8.109839e-02,2.603754e-01,2.437091e-01,6.595591e-02,1.337450e-02,4.738530e-03,1.264672e-02,1.148558e-01,5.136889e-03,1.941274e-02,2.713071e-03,4.842223e-03,4.290871e-03,4.917476e-02
1.838377e-01,8.688059e-02,1.894072e-01,1.888070e-01,7.219496e-02,1.527145e-02,5.837919e-03,4.270376e-02,1.388544e-01,4.281216e-03,1.871883e-02,4.372061e-03,5.331387e-03,4.655092e-03,3.884638e-02
2.115135e-01,9.267932e-02,1.374193e-01,1.427276e-01,9.700182e-02,2.372329e-02,5.144630e-03,7.637465e-02,1.469596e-01,3.859060e-03,1.588804e-02,4.326109e-03,4.951150e-03,4.845289e-03,3.258662e-02
3.048261e-01,8.050882e-02,9.714528e-02,1.119142e-01,8.056784e-02,2.848383e-02,4.496886e-03,7.173369e-02,1.453916e-01,4.121251e-03,1.737264e-02,8.381698e-03,5.940507e-03,4.586354e-03,3.452942e-02
3.543748e-01,6.817808e-02,6.932578e-02,9.274213e-02,7.436045e-02,3.641369e-02,4.062392e-03,7.187201e-02,1.469802e-01,6.015188e-03,1.615030e-02,1.009927e-02,7.161924e-03,4.440372e-03,3.782346e-02
2.675486e-01,6.509308e-02,5.080570e-02,2.672263e-01,6.453626e-02,2.703248e-02,3.327334e-03,6.446895e-02,1.271093e-01,4.575065e-03,1.238162e-02,7.695152e-03,5.465498e-03,3.214369e-03,2.952024e-02
2.880614e-01,5.270196e-02,5.827889e-02,3.204865e-01,5.203778e-02,2.118176e-02,3.162916e-03,4.885665e-02,9.541715e-02,3.838376e-03,1.524355e-02,8.158157e-03,4.861369e-03,2.810586e-03,2.490292e-02
3.114236e-01,4.522108e-02,6.038883e-02,2.670814e-01,4.059588e-02,1.748521e-02,2.387498e-03,3.494024e-02,8.880807e-02,6.256045e-03,2.824794e-02,8.975929e-03,4.946156e-03,1.100614e-02,7.223590e-02
4.097545e-01,3.962748e-02,4.868298e-02,1.923837e-01,3.979590e-02,1.466564e-02,2.279930e-03,2.808892e-02,7.499640e-02,7.009283e-03,3.026964e-02,9.130367e-03,7.523247e-03,2.550779e-02,7.028421e-02
3.981743e-01,4.750455e-02,4.294137e-02,2.079647e-01,4.117747e-02,1.294642e-02,2.772705e-03,2.652301e-02,7.510188e-02,5.637498e-03,3.064680e-02,9.062521e-03,8.511068e-03,2.516780e-02,6.586779e-02
