1.000000e+00,0.000000e+00,0.000000e+00,0.000000e+00,0.000000e+00,0.000000e+00,0.000000e+00,0.000000e+00,0.000000e+00,0.000000e+00,0.000000e+00,0.000000e+00,0.000000e+00,0.000000e+00,0.000000e+00
1.000000e+00,0.000000e+00,0.000000e+00,0.000000e+00,0.000000e+00,0.000000e+00,0.000000e+00,0.000000e+00,0.000000e+00,0.000000e+00,0.000000e+00,0.000000e+00,0.000000e+00,0.000000e+00,0.000000e+00
1.000000e+00,0.000000e+00,0.000000e+00,0.000000e+00,0.000000e+00,0.000000e+00,0.000000e+00,0.000000e+00,0.000000e+00,0.000000e+00,0.000000e+00,0.000000e+00,0.000000e+00,0.000000e+00,0.000000e+00
1.000000e+00,0.000000e+00,0.000000e+00,0.000000e+00,0.000000e+00,0.000000e+00,0.000000e+00,0.000000e+00,0.000000e+00,0.000000e+00,0.000000e+00,0.000000e+00,0.000000e+00,0.000000e+00,0.000000e+00
1.000000e+00,0.000000e+00,0.000000e+00,0.000000e+00,0.000000e+00,0.000000e+00,0.000000e+00,0.000000e+00,0.000000e+00,0.000000e+00,0.000000e+00,0.000000e+00,0.000000e+00,0.000000e+00,0.000000e+00
1.000000e+00,0.000000e+00,0.000000e+00,0.000000e+00,0.000000e+00,0.000000e+00,0.000000e+00,0.000000e+00,0.000000e+00,0.000000e+00,0.000000e+00,0.000000e+00,0.000000e+00,0.000000e+00,0.000000e+00
1.000000e+00,0.000000e+00,0.000000e+00,0.000000e+00,0.000000e+00,0.000000e+00,0.000000e+00,0.000000e+00,0.000000e+00,0.000000e+00,0.000000e+00,0.000000e+00,0.000000e+00,0.000000e+00,0.000000e+00
1.000000e+00,0.000000e+00,0.000000e+00,0.000000e+00,0.000000e+00,0.000000e+00,0.000000e+00,0.000000e+00,0.000000e+00,0.000000e+00,0.000000e+00,0.000000e+00,0.000000e+00,0.000000e+00,0.000000e+00
1.000000e+00,0.000000e+00,0.000000e+00,0.000000e+00,0.000000e+00,0.000000e+00,0.000000e+00,0.000000e+00,0.000000e+00,0.000000e+00,0.000000e+00,0.000000e+00,0.000000e+00,0.000000e+00,0.000000e+00
1.000000e+00,0.000000e+00,0.000000e+00,0.000000e+00,0.000000e+00,0.000000e+00,0.000000e+00,0.000000e+00,0.000000e+00,0.000000e+00,0.000000e+00,0.000000e+00,0.000000e+00,0.000000e+00,0.000000e+00
1.000000e+00,0.000000e+00,0.000000e+00,0.000000e+00,0.000000e+00,0.000000e+00,0.000000e+00,0.000000e+00,0.000000e+00,0.000000e+00,0.000000e+00,0.000000e+00,0.000000e+00,0.000000e+00,0.000000e+00
1.000000e+00,0.000000e+00,0.000000e+00,0.000000e+00,0.000000e+00,0.000000e+00,0.000000e+00,0.000000e+00,0.000000e+00,0.000000e+00,0.000000e+00,0.000000e+00,0.000000e+00,0.000000e+00,0.000000e+00
1.000000e+00,0.000000e+00,0.000000e+00,0.000000e+00,0.000000e+00,0.000000e+00,0.000000e+00,0.000000e+00,0.000000e+00,0.000000e+00,0.000000e+00,0.000000e+00,0.000000e+00,0.000000e+00,0.000000e+00
1.000000e+00,0.000000e+00,0.000000e+00,0.000000e+00,0.000000e+00,0.000000e+00,0.000000e+00,0.000000e+00,0.000000e+00,0.000000e+00,0.000000e+00,0.000000e+00,0.000000e+00,0.000000e+00,0.000000e+00
1.000000e+00,0.000000e+00,0.000000e+00,0.000000e+00,0.000000e+00,0.000000e+00,0.000000e+00,0.000000e+00,0.000000e+00,0.000000e+00,0.000000e+00,0.000000e+00,0.000000e+00,0.000000e+00,0.000000e+00
1.000000e+00,0.000000e+00,0.000000e+00,0.000000e+00,0.000000e+00,0.000000e+00,0.000000e+00,0.000000e+00,0.000000e+00,0.000000e+00,0.000000e+00,0.000000e+00,0.000000e+00,0.000000e+00,0.000000e+00
1.000000e+00,0.000000e+00,0.000000e+00,0.000000e+00,0.000000e+00,0.000000e+00,0.000000e+00,0.000000e+00,0.000000e+00,0.000000e+00,0.000000e+00,0.000000e+00,0.000000e+00,0.000000e+00,0.000000e+00
1.000000e+00,0.000000e+00,0.000000e+00,0.000000e+00,0.000000e+00,0.000000e+00,0.000000e+00,0.000000e+00,0.000000e+00,0.000000e+00,0.000000e+00,0.000000e+00,0.000000e+00,0.000000e+00,0.000000e+00
1.000000e+00,0.000000e+00,0.000000e+00,0.000000e+00,0.000000e+00,0.000000e+00,0.000000e+00,0.000000e+00,0.000000e+00,0.000000e+00,0.000000e+00,0.000000e+00,0.000000e+00,0.000000e+00,0.000000e+00
1.000000e+00,0.000000e+00,0.000000e+00,0.000000e+00,0.000000e+00,0.000000e+00,0.000000e+00,0.000000e+00,0.000000e+00,0.000000e+00,0.000000e+00,0.000000e+00,0.000000e+00,0.000000e+00,0.000000e+00
1.000000e+00,0.000000e+00,0.000000e+00,0.000000e+00,0.000000e+00,0.000000e+00,0.000000e+00,0.000000e+00,0.000000e+00,0.000000e+00,0.000000e+00,0.000000e+00,0.000000e+00,0.000000e+00,0.000000e+00
1.000000e+00,0.000000e+00,0.000000e+00,0.000000e+00,0.000000e+00,0.000000e+00,0.000000e+00,0.000000e+00,0.000000e+00,0.000000e+00,0.000000e+00,0.000000e+00,0.000000e+00,0.000000e+00,0.000000e+00
1.000000e+00,0.000000e+00,0.000000e+00,0.000000e+00,0.000000e+00,0.000000e+00,0.000000e+00,0.000000e+00,0.000000e+00,0.000000e+00,0.000000e+00,0.000000e+00,0.000000e+00,0.000000e+00,0.000000e+00
1.000000e+00,0.000000e+00,0.000000e+00,0.000000e+00,0.000000e+00,0.000000e+00,0.000000e+00,0.000000e+00,0.000000e+00,0.000000e+00,0.000000e+00,0.000000e+00,0.000000e+00,0.000000e+00,0.000000e+00
1.000000e+00,0.000000e+00,0.000000e+00,0.000000e+00,0.000000e+00,0.000000e+00,0.000000e+00,0.000000e+00,0.000000e+00,0.000000e+00,0.000000e+00,0.000000e+00,0.000000e+00,0.000000e+00,0.000000e+00
1.000000e+00,0.000000e+00,0.000000e+00,0.000000e+00,0.000000e+00,0.000000e+00,0.000000e+00,0.000000e+00,0.000000e+00,0.000000e+00,0.000000e+00,0.000000e+00,0.000000e+00,0.000000e+00,0.000000e+00
1.000000e+00,0.000000e+00,0.000000e+00,0.000000e+00,0.000000e+00,0.000000e+00,0.000000e+00,0.000000e+00,0.000000e+00,0.000000e+00,0.000000e+00,0.000000e+00,0.000000e+00,0.000000e+00,0.000000e+00
1.000000e+00,0.000000e+00,0.000000e+00,0.000000e+00,0.000000e+00,0.000000e+00,0.000000e+00,0.000000e+00,0.000000e+00,0.000000e+00,0.000000e+00,0.000000e+00,0.000000e+00,0.000000e+00,0.000000e+00
1.000000e+00,0.000000e+00,0.000000e+00,0.000000e+00,0.000000e+00,0.000000e+00,0.000000e+00,0.000000e+00,0.000000e+00,0.000000e+00,0.000000e+00,0.000000e+00,0.000000e+00,0.000000e+00,0.000000e+00
1.000000e+00,0.000000e+00,0.000000e+00,0.000000e+00,0.000000e+00,0.000000e+00,0.000000e+00,0.000000e+00,0.000000e+00,0.000000e+00,0.000000e+00,0.000000e+00,0.000000e+00,0.000000e+00,0.000000e+00
1.000000e+00,0.000000e+00,0.000000e+00,0.000000e+00,0.000000e+00,0.000000e+00,0.000000e+00,0.000000e+00,0.000000e+00,0.000000e+00,0.000000e+00,0.000000e+00,0.000000e+00,0.000000e+00,0.000000e+00
1.000000e+00,0.000000e+00,0.000000e+00,0.000000e+00,0.000000e+00,0.000000e+00,0.000000e+00,0.000000e+00,0.000000e+00,0.000000e+00,0.000000e+00,0.000000e+00,0.000000e+00,0.000000e+00,0.000000e+00
1.000000e+00,0.000000e+00,0.000000e+00,0.000000e+00,0.000000e+00,0.000000e+00,0.000000e+00,0.000000e+00,0.000000e+00,0.000000e+00,0.000000e+00,0.000000e+00,0.000000e+00,0.000000e+00,0.000000e+00
1.000000e+00,0.000000e+00,0.000000e+00,0.000000e+00,0.000000e+00,0.000000e+00,0.000000e+00,0.000000e+00,0.000000e+00,0.000000e+00,0.000000e+00,0.000000e+00,0.000000e+00,0.000000e+00,0.000000e+00
1.000000e+00,0.000000e+00,0.000000e+00,0.000000e+00,0.000000e+00,0.000000e+00,0.000000e+00,0.000000e+00,0.000000e+00,0.000000e+00,0.000000e+00,0.000000e+00,0.000000e+00,0.000000e+00,0.000000e+00
1.000000e+00,0.000000e+00,0.000000e+00,0.000000e+00,0.000000e+00,0.000000e+00,0.000000e+00,0.000000e+00,0.000000e+00,0.000000e+00,0.000000e+00,0.000000e+00,0.000000e+00,0.000000e+00,0.000000e+00
1.000000e+00,0.000000e+00,0.000000e+00,0.000000e+00,0.000000e+00,0.000000e+00,0.000000e+00,0.000000e+00,0.000000e+00,0.000000e+00,0.000000e+00,0.000000e+00,0.000000e+00,0.000000e+00,0.000000e+00
1.000000e+00,0.000000e+00,0.000000e+00,0.000000e+00,0.000000e+00,0.000000e+00,0.000000e+00,0.000000e+00,0.000000e+00,0.000000e+00,0.000000e+00,0.000000e+00,0.000000e+00,0.000000e+00,0.000000e+00
1.000000e+00,0.000000e+00,0.000000e+00,0.000000e+00,0.000000e+00,0.000000e+00,0.000000e+00,0.000000e+00,0.000000e+00,0.000000e+00,0.000000e+00,0.000000e+00,0.000000e+00,0.000000e+00,0.000000e+00
1.000000e+00,0.000000e+00,0.000000e+00,0.000000e+00,0.000000e+00,0.000000e+00,0.000000e+00,0.000000e+00,0.000000e+00,0.000000e+00,0.000000e+00,0.000000e+00,0.000000e+00,0.000000e+00,0.000000e+00
1.000000e+00,0.000000e+00,0.000000e+00,0.000000e+00,0.000000e+00,0.000000e+00,0.000000e+00,0.000000e+00,0.000000e+00,0.000000e+00,0.000000e+00,0.000000e+00,0.000000e+00,0.000000e+00,0.000000e+00
1.000000e+00,0.000000e+00,0.000000e+00,0.000000e+00,0.000000e+00,0.000000e+00,0.000000e+00,0.000000e+00,0.000000e+00,0.000000e+00,0.000000e+00,0.000000e+00,0.000000e+00,0.000000e+00,0.000000e+00
1.000000e+00,0.000000e+00,0.000000e+00,0.000000e+00,0.000000e+00,0.000000e+00,0.000000e+00,0.000000e+00,0.000000e+00,0.000000e+00,0.000000e+00,0.000000e+00,0.000000e+00,0.000000e+00,0.000000e+00
1.000000e+00,0.000000e+00,0.000000e+00,0.000000e+00,0.000000e+00,0.000000e+00,0.000000e+00,0.000000e+00,0.000000e+00,0.000000e+00,0.000000e+00,0.000000e+00,0.000000e+00,0.000000e+00,0.000000e+00
1.000000e+00,0.000000e+00,0.000000e+00,0.000000e+00,0.000000e+00,0.000000e+00,0.000000e+00,0.000000e+00,0.000000e+00,0.000000e+00,0.000000e+00,0.000000e+00,0.000000e+00,0.000000e+00,0.000000e+00
1.000000e+00,0.000000e+00,0.000000e+00,0.000000e+00,0.000000e+00,0.000000e+00,0.000000e+00,0.000000e+00,0.000000e+00,0.000000e+00,0.000000e+00,0.000000e+00,0.000000e+00,0.000000e+00,0.000000e+00
1.000000e+00,0.000000e+00,0.000000e+00,0.000000e+00,0.000000e+00,0.000000e+00,0.000000e+00,0.000000e+00,0.000000e+00,0.000000e+00,0.000000e+00,0.000000e+00,0.000000e+00,0.000000e+00,0.000000e+00
1.000000e+00,0.000000e+00,0.000000e+00,0.000000e+00,0.000000e+00,0.000000e+00,0.000000e+00,0.000000e+00,0.000000e+00,0.000000e+00,0.000000e+00,0.000000e+00,0.000000e+00,0.000000e+00,0.000000e+00
1.000000e+00,0.000000e+00,0.000000e+00,0.000000e+00,0.000000e+00,0.000000e+00,0.000000e+00,0.000000e+00,0.000000e+00,0.000000e+00,0.000000e+00,0.000000e+00,0.000000e+00,0.000000e+00,0.000000e+00
1.000000e+00,0.000000e+00,0.000000e+00,0.000000e+00,0.000000e+00,0.000000e+00,0.000000e+00,0.000000e+00,0.000000e+00,0.000000e+00,0.000000e+00,0.000000e+00,0.000000e+00,0.000000e+00,0.000000e+00
1.000000e+00,0.000000e+00,0.000000e+00,0.000000e+00,0.000000e+00,0.000000e+00,0.000000e+00,0.000000e+00,0.000000e+00,0.000000e+00,0.000000e+00,0.000000e+00,0.000000e+00,0.000000e+00,0.000000e+00
1.000000e+00,0.000000e+00,0.000000e+00,0.000000e+00,0.000000e+00,0.000000e+00,0.000000e+00,0.000000e+00,0.000000e+00,0.000000e+00,0.000000e+00,0.000000e+00,0.000000e+00,0.000000e+00,0.000000e+00
1.000000e+00,0.000000e+00,0.000000e+00,0.000000e+00,0.000000e+00,0.000000e+00,0.000000e+00,0.000000e+00,0.000000e+00,0.000000e+00,0.000000e+00,0.000000e+00,0.000000e+00,0.000000e+00,0.000000e+00
1.000000e+00,0.000000e+00,0.000000e+00,0.000000e+00,0.000000e+00,0.000000e+00,0.000000e+00,0.000000e+00,0.000000e+00,0.000000e+00,0.000000e+00,0.000000e+00,0.000000e+00,0.000000e+00,0.000000e+00
1.000000e+00,0.000000e+00,0.000000e+00,0.000000e+00,0.000000e+00,0.000000e+00,0.000000e+00,0.000000e+00,0.000000e+00,0.000000e+00,0.000000e+00,0.000000e+00,0.000000e+00,0.000000e+00,0.000000e+00
1.000000e+00,0.000000e+00,0.000000e+00,0.000000e+00,0.000000e+00,0.000000e+00,0.000000e+00,0.000000e+00,0.000000e+00,0.000000e+00,0.000000e+00,0.000000e+00,0.000000e+00,0.000000e+00,0.000000e+00
1.000000e+00,0.000000e+00,0.000000e+00,0.000000e+00,0.000000e+00,0.000000e+00,0.000000e+00,0.000000e+00,0.000000e+00,0.000000e+00,0.000000e+00,0.000000e+00,0.000000e+00,0.000000e+00,0.000000e+00
4.849237e-01,4.635148e-02,1.606512e-02,2.666051e-01,6.483941e-03,9.810594e-03,2.679680e-03,6.134560e-03,5.468463e-02,9.780638e-03,6.342403e-03,7.746804e-03,1.224544e-02,1.483138e-03,6.866276e-02
3.732378e-01,4.808573e-02,1.695330e-02,3.169023e-01,7.109346e-03,8.832613e-03,2.299560e-03,4.390216e-03,5.714446e-02,9.142367e-03,7.298152e-03,5.752617e-03,1.104587e-02,1.455167e-03,1.303504e-01
2.633119e-01,5.863353e-02,2.236454e-02,4.566556e-01,6.920654e-03,7.930135e-03,2.056816e-03,3.143473e-03,4.479830e-02,7.319448e-03,6.131769e-03,4.108443e-03,8.086756e-03,1.135029e-03,1.074036e-01
1.939126e-01,4.311007e-02,1.954073e-02,5.363760e-01,5.612303e-03,6.270412e-03,1.556584e-03,2.439945e-03,3.624536e-02,7.066912e-03,5.909623e-02,3.325264e-03,7.185866e-03,1.305538e-03,7.695606e-02
1.905646e-01,3.460855e-02,3.042243e-02,4.955587e-01,5.718117e-03,9.424810e-03,1.710456e-03,2.348628e-03,4.365706e-02,8.132533e-03,8.890237e-02,3.554251e-03,9.807371e-03,4.741382e-03,7.084863e-02
2.166285e-01,3.226378e-02,2.459485e-02,4.207961e-01,4.805650e-03,1.501697e-02,1.474167e-03,1.918719e-03,5.992822e-02,6.753678e-03,6.898317e-02,6.380372e-03,6.600542e-02,5.118325e-03,6.933210e-02
2.550076e-01,2.570110e-02,1.844989e-02,3.158262e-01,4.535043e-03,1.767825e-02,1.324946e-03,1.908365e-03,5.116294e-02,5.189586e-03,5.079868e-02,1.409880e-02,1.750936e-01,4.783972e-03,5.844102e-02
2.777389e-01,3.370301e-02,2.790520e-02,2.870931e-01,5.399687e-03,1.720662e-02,1.741453e-03,2.054824e-03,7.439802e-02,5.390530e-03,3.721219e-02,2.329195e-02,1.437835e-01,5.655930e-03,5.742503e-02
3.615612e-01,2.630197e-02,2.200137e-02,2.153196e-01,5.558448e-03,2.068156e-02,2.877573e-03,2.520015e-03,6.242364e-02,4.835182e-03,2.826887e-02,6.015380e-02,1.343431e-01,8.373592e-03,4.478014e-02
3.475193e-01,1.974605e-02,1.660465e-02,1.606192e-01,5.399710e-03,2.126042e-02,2.301811e-03,2.307783e-03,4.603318e-02,3.795560e-03,2.284331e-02,1.152138e-01,1.950864e-01,7.334450e-03,3.393446e-02
2.802494e-01,1.458055e-02,1.186624e-02,1.140056e-01,5.478565e-03,1.956157e-02,2.328930e-03,3.333078e-03,3.408685e-02,2.764338e-03,1.710514e-02,1.453424e-01,3.185800e-01,5.335111e-03,2.538233e-02
2.219655e-01,1.125177e-02,8.832788e-03,8.071826e-02,5.704659e-03,1.836115e-02,2.376937e-03,4.005010e-03,2.745749e-02,2.022158e-03,1.317115e-02,1.798049e-01,4.000055e-01,4.355224e-03,1.996754e-02
1.679652e-01,9.963671e-03,6.771347e-03,5.703675e-02,8.006914e-03,1.514851e-02,2.482223e-03,4.298459e-03,3.056345e-02,1.700055e-03,1.074725e-02,1.674418e-01,4.946731e-01,4.017053e-03,1.918423e-02
1.200307e-01,7.196764e-03,4.900721e-03,4.008692e-02,5.836565e-03,3.594774e-02,1.859878e-03,3.119602e-03,2.207309e-02,1.466344e-03,1.246866e-02,2.543353e-01,4.724022e-01,4.548377e-03,1.372724e-02
8.722965e-02,6.084423e-03,3.772753e-03,2.832529e-02,4.303067e-03,5.375780e-02,1.502211e-03,2.391290e-03,1.764954e-02,1.886266e-03,2.571812e-02,3.361165e-01,4.137223e-01,7.407551e-03,1.013335e-02
6.305165e-02,4.374280e-03,2.776412e-03,2.029843e-02,4.136309e-03,6.332973e-02,1.299144e-03,2.011831e-03,1.525172e-02,2.797883e-03,4.435260e-02,4.328669e-01,3.297053e-01,5.959508e-03,7.788327e-03
4.497405e-02,3.218065e-03,3.055692e-03,1.574412e-02,3.345419e-02,4.571968e-02,1.339801e-03,3.148861e-03,2.182754e-02,2.765034e-03,7.619632e-02,4.907626e-01,2.473528e-01,4.540900e-03,5.900378e-03
3.441299e-02,2.421039e-03,3.602025e-03,1.189349e-02,3.208166e-02,3.564173e-02,1.843002e-03,3.460726e-03,2.176997e-02,3.912373e-03,1.066273e-01,4.951242e-01,2.365931e-01,4.368442e-03,6.247981e-03
2.547451e-02,1.831460e-03,7.218048e-03,9.177054e-03,6.298645e-02,2.641010e-02,2.743162e-03,1.123907e-02,2.478071e-02,3.802358e-03,1.058726e-01,5.127031e-01,1.964646e-01,3.871878e-03,5.424922e-03
1.943517e-02,1.468619e-03,1.260960e-02,7.705019e-03,5.093357e-02,1.982798e-02,2.404668e-03,6.322151e-02,4.541192e-02,3.405601e-03,1.170432e-01,4.608935e-01,1.880094e-01,3.521923e-03,4.108311e-03
1.432253e-02,9.445977e-03,2.172465e-02,5.613969e-03,4.298364e-02,1.442171e-02,1.896636e-03,6.469811e-02,2.283536e-01,3.020423e-03,9.450345e-02,3.483282e-01,1.436174e-01,3.368739e-03,3.701021e-03
1.042230e-02,1.409653e-02,2.406741e-02,4.154917e-03,3.339768e-02,1.136745e-02,1.715420e-03,6.332815e-02,3.604946e-01,3.144269e-03,7.376465e-02,2.716625e-01,1.101098e-01,9.043559e-03,9.230755e-03
8.580901e-03,7.889789e-02,3.325205e-02,3.076218e-03,2.660035e-02,8.700093e-03,1.231236e-03,4.735965e-02,3.966328e-01,3.412438e-03,5.444830e-02,2.003705e-01,7.965933e-02,1.692977e-02,4.084852e-02
9.871935e-03,6.024007e-02,2.383270e-01,5.972832e-03,2.296307e-02,6.863033e-03,1.041858e-03,5.326736e-02,3.161530e-01,2.946093e-03,3.888344e-02,1.406639e-01,5.651411e-02,1.323040e-02,3.306195e-02
1.731154e-02,9.544244e-02,2.108507e-01,4.854869e-03,2.468192e-02,5.859758e-03,7.854998e-04,4.387730e-02,2.982881e-01,3.796255e-03,3.001015e-02,9.860733e-02,3.997701e-02,3.079894e-02,9.485807e-02
2.318029e-02,1.571949e-01,1.739719e-01,3.923104e-03,2.553081e-02,6.204917e-03,6.129768e-04,3.715645e-02,2.495808e-01,3.411221e-03,2.435117e-02,6.914248e-02,2.834269e-02,6.027469e-02,1.371215e-01
2.068039e-02,2.832971e-01,1.326969e-01,4.585525e-03,2.235598e-02,4.873584e-03,4.693920e-04,3.462797e-02,1.916343e-01,3.104436e-03,1.757466e-02,4.854377e-02,2.007380e-02,5.898884e-02,1.564933e-01
3.020239e-02,2.016547e-01,1.922306e-01,7.917518e-03,1.840883e-02,3.771503e-03,5.149408e-04,4.262828e-02,1.469142e-01,2.880532e-03,1.258005e-02,3.405061e-02,1.430536e-02,5.612020e-02,2.358202e-01
3.729485e-02,1.470859e-01,2.769860e-01,1.093916e-02,1.472989e-02,3.139786e-03,4.447846e-04,3.685428e-02,1.243617e-01,9.652354e-03,9.396194e-03,2.409114e-02,1.092735e-02,4.259476e-02,2.515017e-01
7.122017e-02,1.101033e-01,2.505281e-01,1.216113e-02,1.982824e-02,3.596351e-03,4.186586e-04,3.771878e-02,1.152889e-01,1.047783e-02,7.397672e-03,1.714335e-02,8.857829e-03,4.359879e-02,2.916609e-01
7.750765e-02,9.060720e-02,1.943674e-01,2.288102e-02,2.404122e-02,8.155966e-03,6.885092e-04,4.456498e-02,1.044560e-01,1.244195e-02,8.315485e-03,1.340444e-02,7.912667e-03,3.688915e-02,3.537664e-01
7.105640e-02,6.947420e-02,1.546057e-01,4.805974e-02,1.897705e-02,7.031003e-03,5.985903e-04,3.321282e-02,9.859328e-02,1.481411e-02,7.053583e-03,1.102900e-02,6.635360e-03,3.005000e-02,4.288091e-01
9.626733e-02,5.289820e-02,1.678483e-01,4.814382e-02,1.868627e-02,6.842825e-03,7.479135e-04,3.060648e-02,1.124772e-01,1.328297e-02,6.891616e-03,9.326557e-03,5.361043e-03,3.245972e-02,3.981597e-01
8.370520e-02,3.921251e-02,1.342478e-01,3.750512e-02,1.510378e-02,5.412849e-03,6.517880e-04,2.198669e-02,8.416354e-02,1.132366e-02,5.392002e-03,6.713313e-03,4.074137e-03,4.891390e-02,5.015937e-01
7.392540e-02,2.948146e-02,1.089627e-01,2.747470e-02,1.252919e-02,5.176782e-03,5.583381e-04,1.561901e-02,6.489243e-02,1.049098e-02,4.405518e-03,4.891702e-03,3.081798e-03,1.013193e-01,5.371907e-01
6.706652e-02,2.247951e-02,7.897897e-02,1.943039e-02,9.732593e-03,4.693868e-03,4.126094e-04,1.100617e-02,5.005018e-02,9.935569e-03,4.369244e-03,3.518327e-03,2.324048e-03,2.768815e-01,4.391205e-01
5.239552e-02,1.737935e-02,5.733628e-02,1.379655e-02,7.037475e-03,3.535938e-03,3.063054e-04,7.746882e-03,4.085337e-02,1.335417e-02,3.699762e-03,2.571392e-03,1.758599e-03,3.718609e-01,4.063675e-01
5.398101e-02,1.381331e-02,4.156971e-02,9.827107e-03,5.258222e-03,2.782187e-03,2.468173e-04,5.445099e-03,4.293671e-02,1.366239e-02,6.268095e-03,1.911691e-03,1.478686e-03,4.668915e-01,3.339274e-01
4.019358e-02,1.011651e-02,2.960421e-02,6.922253e-03,3.829738e-03,2.196413e-03,1.885343e-04,3.822419e-03,4.499876e-02,2.259955e-02,4.895235e-03,1.374886e-03,1.286524e-03,5.712987e-01,2.566726e-01
2.964744e-02,7.361056e-03,2.105386e-02,4.861161e-03,2.711603e-03,1.670785e-03,1.387989e-04,2.679894e-03,3.403446e-02,1.951191e-02,3.737563e-03,9.747475e-04,1.021109e-03,6.779193e-01,1.926763e-01
2.862722e-02,8.099891e-03,3.842810e-02,4.930409e-03,3.226959e-03,2.571758e-03,2.228625e-04,2.018330e-03,2.850362e-02,1.862957e-02,4.307858e-03,8.069585e-04,9.154435e-04,7.123613e-01,1.463498e-01
3.030435e-02,8.209668e-03,3.906399e-02,4.384636e-03,4.260412e-03,3.197965e-03,2.825417e-04,1.507811e-03,2.716828e-02,2.300814e-02,6.370879e-03,7.212981e-04,9.380619e-04,7.378456e-01,1.127364e-01
3.828868e-02,7.193522e-03,3.090975e-02,3.222486e-03,3.944800e-03,3.117633e-03,3.984122e-04,1.238378e-03,3.347427e-02,2.732627e-02,9.819267e-03,8.284839e-04,1.197122e-03,7.459046e-01,9.313627e-02
6.217360e-02,5.783342e-03,2.254147e-02,2.456984e-03,3.435472e-03,3.049274e-03,5.342886e-04,1.258882e-03,3.569005e-02,4.423351e-02,1.455872e-02,1.795279e-03,1.634045e-03,7.292978e-01,7.155723e-02
9.605452e-02,5.740239e-03,1.819854e-02,2.028623e-03,4.775307e-03,3.153816e-03,5.655626e-04,1.370104e-03,1.073552e-01,6.741118e-02,1.399729e-02,1.827809e-03,1.936715e-03,6.104825e-01,6.510267e-02
1.506760e-01,1.168032e-02,5.295272e-02,3.839456e-02,9.587919e-03,7.039709e-03,1.564672e-03,5.811071e-03,1.270210e-01,5.767561e-02,1.374153e-02,5.390062e-03,2.507796e-03,4.404139e-01,7.554317e-02
1.887821e-01,1.344116e-02,6.121957e-02,4.408850e-02,9.617657e-03,1.092662e-02,1.566715e-03,5.622439e-03,1.457939e-01,6.621602e-02,1.334596e-02,5.346790e-03,2.693251e-03,3.254588e-01,1.058806e-01
1.590147e-01,1.487924e-02,4.586528e-02,3.316685e-02,9.472542e-03,8.376472e-03,1.146457e-03,5.723620e-03,1.616114e-01,1.782226e-01,1.098336e-02,4.064293e-03,2.666655e-03,2.337382e-01,1.310682e-01
1.487056e-01,1.661443e-02,5.402409e-02,5.014667e-02,9.293586e-03,6.766658e-03,9.966854e-04,8.359741e-03,2.042953e-01,1.664337e-01,1.328980e-02,4.162217e-03,3.416836e-03,1.738936e-01,1.396011e-01
1.210561e-01,1.346786e-02,6.733331e-02,6.591748e-02,7.445139e-03,5.489554e-03,7.610024e-04,1.101598e-02,2.009122e-01,2.253766e-01,2.117410e-02,4.052883e-03,9.360425e-03,1.246280e-01,1.220095e-01
1.592220e-01,2.773509e-02,7.971190e-02,6.251799e-02,8.570908e-03,8.544564e-03,9.837598e-04,3.471848e-02,1.897346e-01,1.772974e-01,2.731191e-02,4.455760e-03,1.272258e-02,9.411279e-02,1.123603e-01
1.882260e-01,3.021368e-02,7.925563e-02,5.838300e-02,7.699315e-03,1.025611e-02,1.331791e-03,5.587375e-02,2.209871e-01,1.352109e-01,2.586729e-02,5.142013e-03,1.525601e-02,7.121299e-02,9.508443e-02
1.934044e-01,2.305944e-02,1.182201e-01,1.196960e-01,6.986407e-03,1.030477e-02,1.160152e-03,4.962748e-02,2.062666e-01,1.013390e-01,2.418620e-02,6.578946e-03,1.393103e-02,5.224976e-02,7.298970e-02
2.186992e-01,1.770210e-02,1.620861e-01,1.453246e-01,7.886617e-03,1.606427e-02,1.393809e-03,4.369233e-02,1.606540e-01,7.205430e-02,2.147159e-02,1.164664e-02,2.509862e-02,4.141953e-02,5.480636e-02
2.585973e-01,1.636383e-02,1.317170e-01,1.162494e-01,1.736981e-02,1.837714e-02,1.647741e-03,3.801853e-02,1.265834e-01,5.258852e-02,2.270123e-02,4.125569e-02,7.029704e-02,3.576453e-02,5.246902e-02
2.124989e-01,1.586160e-02,1.504495e-01,1.962685e-01,2.206140e-02,1.741768e-02,1.584254e-03,3.214878e-02,1.013700e-01,3.769892e-02,3.257096e-02,5.083588e-02,6.437697e-02,2.641107e-02,3.844557e-02
1.723843e-01,1.709785e-02,1.231583e-01,1.455835e-01,6.430929e-02,2.219508e-02,2.742864e-03,3.307457e-02,1.666310e-01,2.745574e-02,3.118331e-02,4.357810e-02,9.628328e-02,2.075905e-02,3.356391e-02
1.415962e-01,1.807727e-02,9.004640e-02,1.075422e-01,5.863415e-02,2.784233e-02,2.387052e-03,2.862400e-02,1.428053e-01,2.002095e-02,2.612596e-02,4.676583e-02,2.478846e-01,1.529675e-02,2.635111e-02
1.266760e-01,1.617877e-02,6.701487e-02,7.773612e-02,5.967473e-02,5.148146e-02,2.295123e-03,2.653032e-02,1.098254e-01,1.552443e-02,2.243422e-02,4.178987e-02,3.514055e-01,1.115767e-02,2.027554e-02
1.221087e-01,1.561472e-02,5.236772e-02,5.784003e-02,4.826484e-02,5.585754e-02,2.073270e-03,2.451564e-02,9.358815e-02,1.390144e-02,2.786061e-02,6.113451e-02,3.985271e-01,1.080901e-02,1.553673e-02
1.074258e-01,2.563029e-02,4.511590e-02,4.247610e-02,4.055950e-02,1.245402e-01,2.801787e-03,2.520947e-02,8.133005e-02,1.149658e-02,2.471050e-02,7.530002e-02,3.674968e-01,1.120391e-02,1.470312e-02
8.870353e-02,2.775646e-02,3.635463e-02,3.146124e-02,3.475370e-02,1.448949e-01,3.220581e-03,2.692499e-02,7.036624e-02,9.536255e-03,2.142580e-02,8.245857e-02,3.929083e-01,1.123480e-02,1.800004e-02
6.770787e-02,2.054774e-02,2.598907e-02,2.231085e-02,2.589690e-02,1.122388e-01,3.306771e-03,2.313982e-02,5.396751e-02,6.865231e-03,1.706193e-02,1.171215e-01,4.808492e-01,8.200143e-03,1.479665e-02
5.320487e-02,1.510431e-02,1.838633e-02,1.579948e-02,1.861612e-02,8.117712e-02,2.505803e-03,1.842507e-02,3.962688e-02,4.902968e-03,1.305526e-02,1.197492e-01,5.816292e-01,5.894377e-03,1.192299e-02
4.446007e-02,1.184886e-02,1.322215e-02,1.140447e-02,1.359576e-02,6.121209e-02,1.993374e-03,1.478345e-02,3.119952e-02,3.616979e-03,1.025871e-02,1.291061e-01,6.384543e-01,4.225381e-03,1.061878e-02
4.085237e-02,9.708796e-03,1.065217e-02,8.520604e-03,1.118290e-02,4.579858e-02,1.853121e-03,1.194298e-02,2.479297e-02,2.768930e-03,8.242072e-03,1.590690e-01,6.502483e-01,3.254308e-03,1.111286e-02
3.554317e-02,7.201148e-03,8.050334e-03,6.300618e-03,8.662958e-03,3.380266e-02,1.679031e-03,9.602070e-03,1.812100e-02,1.987410e-03,6.211376e-03,1.446023e-01,7.072968e-01,2.393416e-03,8.545712e-03
6.623288e-02,9.163834e-03,1.770941e-02,6.562494e-03,9.180475e-03,6.826243e-02,2.194555e-03,9.131432e-03,1.662084e-02,1.951737e-03,5.640293e-03,1.429490e-01,6.321299e-01,2.630454e-03,9.640222e-03
6.753248e-02,1.032612e-02,2.138422e-02,6.912913e-03,8.464562e-03,7.115564e-02,3.145467e-03,7.806612e-03,1.547479e-02,1.998052e-03,5.140672e-03,1.523515e-01,6.158699e-01,2.257762e-03,1.017930e-02
6.982090e-02,8.054440e-03,1.769754e-02,5.153965e-03,1.092909e-02,6.407053e-02,6.542965e-03,1.146164e-02,1.183912e-02,1.462404e-03,4.756693e-03,1.377181e-01,6.381209e-01,1.962279e-03,1.040934e-02
8.728238e-02,8.054524e-03,1.478303e-02,4.486434e-03,1.125773e-02,9.443751e-02,5.860487e-03,9.076159e-03,1.040810e-02,1.282015e-03,4.766806e-03,1.127722e-01,6.203628e-01,1.490710e-03,1.367905e-02
7.039033e-02,7.072310e-03,1.149300e-02,3.492524e-03,1.019237e-02,9.336443e-02,5.200229e-03,7.122904e-03,9.061896e-03,1.105517e-03,4.068903e-03,9.457520e-02,6.633095e-01,1.090940e-03,1.845994e-02
5.461387e-02,6.056977e-03,9.246912e-03,2.908938e-03,8.149844e-03,8.109080e-02,4.160908e-03,5.585370e-03,9.293354e-03,1.115967e-03,3.281591e-03,7.111347e-02,7.148611e-01,8.056881e-04,2.771526e-02
3.987023e-02,7.238074e-03,6.925999e-03,2.286999e-03,6.076543e-03,5.962693e-02,3.056667e-03,4.026182e-03,8.313363e-03,1.083387e-03,2.541537e-03,5.229117e-02,7.720652e-01,5.871468e-04,3.401065e-02
2.934867e-02,8.250449e-03,5.149334e-03,1.853121e-03,4.680119e-03,4.344358e-02,2.316581e-03,2.966474e-03,8.769244e-03,9.426741e-04,2.007758e-03,3.932786e-02,8.145742e-01,4.272216e-04,3.594274e-02
2.172549e-02,8.160781e-03,4.694054e-03,1.394694e-03,3.927478e-03,3.090266e-02,1.765649e-03,2.230095e-03,8.455552e-03,7.705732e-04,1.611687e-03,2.853425e-02,8.502704e-01,3.237916e-04,3.523289e-02
1.673160e-02,1.086775e-02,4.318218e-03,1.047130e-03,3.682211e-03,2.195480e-02,1.384243e-03,1.730542e-03,1.158240e-02,6.119824e-04,1.291745e-03,2.074104e-02,8.639539e-01,2.438832e-04,3.985855e-02
1.336775e-02,1.734352e-02,4.229658e-03,8.410811e-04,3.117025e-03,1.586350e-02,1.134403e-03,1.475859e-03,1.935432e-02,5.292933e-04,1.018919e-03,1.554259e-02,8.596572e-01,1.913621e-04,4.633357e-02
1.205289e-02,2.063670e-02,5.771819e-03,7.884087e-04,3.472742e-03,1.187742e-02,1.191150e-03,1.714564e-03,2.188262e-02,5.435176e-04,9.502058e-04,1.367269e-02,8.426782e-01,1.874860e-04,6.257969e-02
1.060406e-02,2.072866e-02,8.140026e-03,7.853562e-04,3.567981e-03,8.984714e-03,1.108215e-03,1.653357e-03,2.085016e-02,6.170842e-04,9.631168e-04,1.273624e-02,8.458072e-01,1.942243e-04,6.325966e-02
1.001875e-02,1.912607e-02,8.405684e-03,7.370552e-04,3.386530e-03,7.652271e-03,1.123990e-03,1.576116e-03,1.874579e-02,7.668076e-04,1.197945e-03,1.285713e-02,8.655938e-01,2.374057e-04,4.857469e-02
1.033209e-02,1.503048e-02,8.322837e-03,7.512004e-04,4.734828e-03,9.174646e-03,2.531597e-03,2.666497e-03,1.868089e-02,1.186022e-03,1.576401e-03,1.317417e-02,8.680600e-01,3.055820e-04,4.347279e-02
1.174960e-02,1.117800e-02,1.431443e-02,1.137566e-03,1.127131e-02,1.319426e-02,1.986679e-02,2.341434e-02,1.761467e-02,4.167901e-03,3.060375e-03,1.178213e-02,7.544050e-01,3.253600e-04,1.025183e-01
1.934738e-02,8.570226e-03,1.419358e-02,1.839381e-03,1.499338e-02,5.293689e-02,1.937201e-02,2.106857e-02,1.569390e-02,5.469724e-03,4.029029e-03,1.410872e-02,7.090111e-01,3.230145e-04,9.904309e-02
3.594132e-02,8.014967e-03,1.498420e-02,1.830054e-03,2.420542e-02,4.239300e-02,1.538110e-02,1.578517e-02,1.808200e-02,4.732458e-03,3.419163e-03,2.284769e-02,7.170132e-01,6.277990e-04,7.474247e-02
7.321452e-02,6.193709e-03,1.253900e-02,2.993377e-03,2.412662e-02,6.768338e-02,1.199558e-02,1.337059e-02,1.786298e-02,8.055748e-03,1.097577e-02,5.841595e-02,6.347748e-01,8.359310e-04,5.696199e-02
8.734434e-02,5.140538e-03,1.142414e-02,4.444209e-03,2.315618e-02,7.561827e-02,9.970722e-03,1.422026e-02,2.215137e-02,1.655784e-02,2.214100e-02,1.003292e-01,5.595740e-01,1.031292e-03,4.689660e-02
7.093600e-02,8.659150e-03,1.762232e-02,1.550749e-01,3.307789e-02,5.780051e-02,7.147860e-03,1.934394e-02,2.220617e-02,1.217129e-02,2.978190e-02,1.170327e-01,4.147584e-01,8.665909e-04,3.352040e-02
6.120708e-02,6.776750e-03,1.350828e-02,1.719192e-01,2.545482e-02,4.346067e-02,5.158452e-03,1.855142e-02,2.653815e-02,9.493333e-03,6.353122e-02,1.755065e-01,3.511711e-01,1.043868e-03,2.667912e-02
5.903718e-02,5.114466e-03,1.078120e-02,1.510419e-01,1.946668e-02,3.352428e-02,3.838038e-03,1.673433e-02,2.461026e-02,8.391745e-03,7.688993e-02,2.423780e-01,3.260475e-01,1.042652e-03,2.110195e-02
4.495416e-02,3.737068e-03,8.028894e-03,1.120772e-01,1.500167e-02,2.510490e-02,2.813747e-03,1.343791e-02,2.876649e-02,1.066795e-02,1.515938e-01,2.486050e-01,3.184758e-01,1.080634e-03,1.565482e-02
3.290237e-02,2.794061e-03,5.863282e-03,8.012883e-02,1.219750e-02,1.863245e-02,2.100821e-03,1.035420e-02,3.607751e-02,9.527514e-03,1.796699e-01,2.650949e-01,3.324530e-01,8.788113e-04,1.132487e-02
2.511489e-02,5.026049e-03,1.487827e-02,5.776301e-02,1.045276e-02,1.476519e-02,1.540374e-03,7.563118e-03,2.940409e-02,1.537141e-02,1.677361e-01,2.191485e-01,4.196164e-01,1.787249e-03,9.832623e-03
1.901362e-02,6.507427e-03,1.775128e-02,4.194103e-02,9.617088e-03,1.219749e-02,1.162973e-03,6.794021e-03,4.762946e-02,1.571732e-02,1.612667e-01,2.019115e-01,4.430053e-01,2.722390e-03,1.276245e-02
1.418859e-02,6.796964e-03,2.071255e-02,3.117622e-02,8.208007e-03,1.020229e-02,9.274448e-04,5.419428e-03,5.489204e-02,1.698298e-02,1.493110e-01,2.322997e-01,4.318654e-01,3.961972e-03,1.305549e-02
1.034483e-02,7.714400e-03,1.761626e-02,2.240130e-02,1.699262e-02,7.312892e-03,7.554432e-04,4.387305e-03,9.877547e-02,1.345994e-02,1.319108e-01,2.411154e-01,4.110141e-01,3.461752e-03,1.273741e-02
7.660663e-03,6.775483e-03,1.401540e-02,1.658113e-02,1.601304e-02,5.347313e-03,5.942754e-04,4.582933e-03,1.284308e-01,1.107947e-02,1.342776e-01,2.467577e-01,3.910922e-01,3.474990e-03,1.331717e-02
6.410474e-03,6.993693e-03,1.271079e-02,1.399969e-02,1.814096e-02,4.719688e-03,5.412514e-04,7.057719e-03,1.481363e-01,1.466578e-02,1.183081e-01,2.985141e-01,3.331121e-01,5.205029e-03,1.148441e-02
5.561195e-03,6.824790e-03,1.030871e-02,1.074566e-02,1.805069e-02,3.842153e-03,4.450231e-04,8.872409e-03,1.602993e-01,1.669004e-02,1.151432e-01,3.616039e-01,2.670532e-01,6.033198e-03,8.526498e-03
4.572075e-03,5.406189e-03,8.082088e-03,7.910954e-03,1.843139e-02,3.068580e-03,3.484100e-04,7.858634e-03,1.401424e-01,2.159923e-02,1.099650e-01,4.472977e-01,2.114731e-01,7.133466e-03,6.710957e-03
6.371116e-03,4.571799e-03,6.750965e-03,5.968870e-03,2.617065e-02,2.683023e-03,3.288452e-04,9.200372e-03,1.288493e-01,4.240385e-02,1.211555e-01,4.745315e-01,1.565814e-01,8.907964e-03,5.524785e-03
7.452279e-03,4.331418e-03,5.364303e-03,4.427437e-03,2.237142e-02,2.640624e-03,2.796637e-04,9.021182e-03,1.215387e-01,5.120704e-02,1.155308e-01,5.229722e-01,1.179679e-01,1.066953e-02,4.225563e-03
2.226892e-02,6.964487e-03,5.880057e-03,5.112068e-03,4.166670e-02,3.674147e-03,5.465597e-04,2.084235e-02,2.026992e-01,4.663746e-02,1.158371e-01,4.229147e-01,9.003529e-02,1.146528e-02,3.455671e-03
2.739828e-02,6.265542e-03,5.461040e-03,4.660116e-03,3.990917e-02,3.878242e-03,5.095141e-04,2.563285e-02,2.182370e-01,5.003893e-02,1.420613e-01,3.847965e-01,7.593713e-02,1.226921e-02,2.945205e-03
3.909743e-02,1.255203e-02,8.768423e-03,4.261289e-03,3.606680e-02,3.700768e-03,4.559820e-04,2.555010e-02,2.849180e-01,4.224718e-02,1.403812e-01,3.236716e-01,6.191052e-02,1.393665e-02,2.481986e-03
3.359158e-02,1.961934e-02,1.834845e-02,3.544695e-03,2.882197e-02,2.843241e-03,3.475446e-04,2.565764e-02,3.906202e-01,3.179000e-02,1.233500e-01,2.489214e-01,4.820314e-02,2.194540e-02,2.395410e-03
2.455170e-02,2.010726e-02,1.818481e-02,2.775001e-03,2.301019e-02,2.144739e-03,2.759079e-04,2.207957e-02,5.428863e-01,2.236242e-02,9.272487e-02,1.771225e-01,3.430188e-02,1.570350e-02,1.769439e-03
1.774228e-02,1.663427e-02,1.639205e-02,2.397638e-03,1.943505e-02,1.825584e-03,3.073481e-04,2.917238e-02,6.528249e-01,1.569249e-02,6.600071e-02,1.245238e-01,2.441056e-02,1.133804e-02,1.302933e-03
1.262001e-02,1.315246e-02,1.189136e-02,6.330146e-03,1.574567e-02,1.560641e-03,2.341776e-04,2.774909e-02,7.398685e-01,1.099898e-02,4.647347e-02,8.725595e-02,1.716989e-02,7.988530e-03,9.611513e-04
9.628296e-03,9.705054e-03,9.483686e-03,1.365378e-02,2.552443e-02,1.978758e-03,2.978097e-04,3.826398e-02,7.711596e-01,7.738429e-03,3.284024e-02,6.122443e-02,1.215646e-02,5.614775e-03,7.303586e-04
8.435196e-03,7.419663e-03,7.053846e-03,6.043121e-02,2.997037e-02,2.133249e-03,2.592656e-04,5.393820e-02,7.449595e-01,5.534775e-03,2.364844e-02,4.298774e-02,8.669711e-03,3.948668e-03,6.102842e-04
1.099417e-02,6.944402e-03,5.265652e-03,5.089941e-02,4.877196e-02,1.952967e-03,3.567790e-04,6.718915e-02,7.465742e-01,3.933057e-03,1.716422e-02,3.018850e-02,6.217319e-03,2.799812e-03,7.484648e-04
1.005538e-02,1.057464e-02,4.325711e-03,1.009567e-01,7.199454e-02,1.596242e-03,3.791488e-04,9.607921e-02,6.581009e-01,2.912218e-03,1.381873e-02,2.145526e-02,4.772439e-03,1.989185e-03,9.897287e-04
1.346742e-02,1.570247e-02,5.824215e-03,1.292917e-01,6.427322e-02,2.119175e-03,5.248173e-04,1.388798e-01,5.874984e-01,2.568774e-03,1.385111e-02,1.584121e-02,4.476422e-03,1.812472e-03,3.868882e-03
1.785497e-02,2.078662e-02,4.885560e-03,1.066785e-01,1.278482e-01,1.377192e-02,8.455769e-04,1.262904e-01,5.442207e-01,1.934661e-03,1.344299e-02,1.151270e-02,3.924876e-03,1.647550e-03,4.354829e-03
1.978867e-02,1.955733e-02,4.039886e-03,7.956143e-02,1.448488e-01,2.246243e-02,1.225640e-03,1.233990e-01,5.549405e-01,1.525771e-03,1.209994e-02,8.271219e-03,3.399401e-03,1.265744e-03,3.614301e-03
3.121324e-02,1.782303e-02,1.097835e-02,6.711912e-02,1.809452e-01,2.735833e-02,3.654484e-03,1.819294e-01,4.499496e-01,1.206885e-03,1.288092e-02,6.374848e-03,4.420270e-03,9.594473e-04,3.186936e-03
4.578978e-02,1.044778e-01,1.449050e-02,5.914993e-02,1.913467e-01,2.665646e-02,3.739010e-03,1.467066e-01,3.771894e-01,1.005886e-03,1.002271e-02,5.266374e-03,7.174456e-03,1.015902e-03,5.968441e-03
4.686166e-02,1.378728e-01,1.115658e-02,5.602433e-02,1.663384e-01,4.353659e-02,3.166474e-03,1.244639e-01,3.820003e-01,1.025911e-03,8.425697e-03,4.319265e-03,7.317694e-03,1.032656e-03,6.457619e-03
5.192013e-02,1.503388e-01,1.049316e-02,6.310731e-02,1.587072e-01,4.304811e-02,2.828056e-03,1.469265e-01,3.473235e-01,9.637309e-04,6.762081e-03,3.641692e-03,6.187381e-03,9.992551e-04,6.753007e-03
6.177839e-02,2.402221e-01,9.141210e-03,6.067391e-02,1.268402e-01,5.066448e-02,2.117164e-03,1.083319e-01,2.938404e-01,2.073030e-03,6.242927e-03,4.035809e-03,8.867961e-03,1.199655e-03,2.397084e-02
6.582835e-02,2.004109e-01,1.574307e-02,1.649764e-01,1.082023e-01,4.575560e-02,1.815364e-03,8.918621e-02,2.604271e-01,2.552127e-03,6.794535e-03,5.571424e-03,9.103335e-03,1.225319e-03,2.240799e-02
1.593691e-01,1.520466e-01,6.472905e-02,1.323556e-01,8.704698e-02,4.178047e-02,1.676198e-03,6.515606e-02,2.340945e-01,2.426070e-03,7.205868e-03,6.690888e-03,2.164367e-02,1.562549e-03,2.221638e-02
2.960539e-01,1.220596e-01,5.399411e-02,1.019242e-01,7.303518e-02,3.190041e-02,1.533525e-03,4.667102e-02,2.117713e-01,3.337434e-03,8.334990e-03,8.670071e-03,1.745863e-02,2.875620e-03,2.037990e-02
3.837717e-01,9.608977e-02,6.350046e-02,8.759488e-02,6.068820e-02,2.536816e-02,1.618307e-03,3.492965e-02,1.732545e-01,3.149796e-03,1.072878e-02,1.618229e-02,1.638340e-02,5.450696e-03,2.128936e-02
3.607830e-01,8.469155e-02,1.222086e-01,1.207548e-01,4.726899e-02,2.305570e-02,1.346421e-03,2.546878e-02,1.247891e-01,5.242615e-03,1.234695e-02,1.741919e-02,1.305161e-02,8.478923e-03,3.309380e-02
2.534499e-01,1.952331e-01,1.723520e-01,1.263177e-01,3.400887e-02,1.634987e-02,9.512922e-04,1.811654e-02,8.799282e-02,3.937196e-03,3.461885e-02,1.249762e-02,9.976523e-03,1.033765e-02,2.385994e-02
1.787819e-01,1.981035e-01,1.491722e-01,9.698509e-02,2.390079e-02,1.226969e-02,6.761588e-04,1.299471e-02,6.291179e-02,3.286969e-03,1.452560e-01,9.939238e-03,1.036480e-02,7.811514e-02,1.724206e-02
1.252303e-01,1.411978e-01,1.061004e-01,6.809866e-02,1.675175e-02,9.231008e-03,4.878772e-04,9.170476e-03,4.431808e-02,2.486159e-03,3.794548e-01,7.772887e-03,7.539804e-03,6.998827e-02,1.217170e-02
8.773590e-02,9.998243e-02,7.582626e-02,4.782993e-02,1.182984e-02,7.679322e-03,3.534538e-04,6.463809e-03,3.146279e-02,1.913823e-03,5.297744e-01,7.207137e-03,5.506808e-03,7.778294e-02,8.651193e-03
6.150892e-02,7.047743e-02,5.343475e-02,3.353704e-02,8.751202e-03,6.206253e-03,2.514307e-04,4.539164e-03,2.238324e-02,1.514907e-03,6.120826e-01,7.584777e-03,3.953418e-03,1.076624e-01,6.112472e-03
4.312280e-02,4.995408e-02,3.760524e-02,2.351716e-02,6.692949e-03,4.952479e-03,1.796967e-04,3.184485e-03,1.607892e-02,1.258296e-03,6.472040e-01,7.901734e-03,2.834555e-03,1.511382e-01,4.375378e-03
3.025668e-02,3.538219e-02,2.646003e-02,1.648067e-02,5.138954e-03,4.134905e-03,1.298050e-04,2.236098e-03,1.166849e-02,1.187364e-03,6.809759e-01,7.141309e-03,2.052679e-03,1.735723e-01,3.182615e-03
2.123144e-02,2.545081e-02,1.877034e-02,1.156177e-02,5.676763e-03,3.803279e-03,1.092188e-04,1.579927e-03,1.181691e-02,2.228395e-03,6.919333e-01,6.903090e-03,1.537731e-03,1.947235e-01,2.673624e-03
1.491337e-02,1.823947e-02,1.329536e-02,8.119944e-03,6.060322e-03,3.536761e-03,9.316871e-05,1.117597e-03,1.602369e-02,3.546293e-03,6.888915e-01,7.603404e-03,1.189191e-03,2.146300e-01,2.739903e-03
1.050158e-02,1.296194e-02,9.433884e-03,5.701893e-03,4.733324e-03,3.776154e-03,6.958889e-05,7.896497e-04,1.525836e-02,3.330882e-03,6.604307e-01,7.078317e-03,8.924688e-04,2.625815e-01,2.459793e-03
7.387642e-03,9.194094e-03,6.809589e-03,4.025450e-03,3.656893e-03,3.401859e-03,5.309300e-05,5.610004e-04,1.798340e-02,3.115904e-03,6.142435e-01,6.160439e-03,6.682083e-04,3.204178e-01,2.321123e-03
5.202745e-03,6.592163e-03,5.461033e-03,2.898351e-03,2.762030e-03,2.712359e-03,4.626954e-05,4.043846e-04,4.832550e-02,3.194004e-03,5.070521e-01,4.905352e-03,4.870472e-04,4.078221e-01,2.134494e-03
3.661788e-03,4.711143e-03,4.615502e-03,2.043727e-03,1.978728e-03,3.002638e-03,3.677608e-05,2.901866e-04,4.783169e-02,2.786461e-03,4.076475e-01,3.683057e-03,3.510452e-04,5.155374e-01,1.822414e-03
2.594851e-03,3.412671e-03,6.004053e-03,1.547160e-03,1.478878e-03,3.402290e-03,3.318204e-05,2.359003e-04,9.926730e-02,2.645763e-03,3.178089e-01,2.673079e-03,2.517982e-04,5.569592e-01,1.685017e-03
1.935461e-03,2.449114e-03,4.435419e-03,1.257359e-03,1.173836e-03,2.709863e-03,2.752678e-05,1.813862e-04,1.733388e-01,2.532735e-03,2.433222e-01,1.959103e-03,1.961018e-04,5.625992e-01,1.881874e-03
1.414804e-03,1.753757e-03,3.275643e-03,1.033172e-03,8.541156e-04,2.608076e-03,2.348484e-05,1.508683e-04,1.666957e-01,2.216522e-03,1.902087e-01,1.440983e-03,1.475718e-04,6.263917e-01,1.784827e-03
1.030165e-03,1.352930e-03,2.595466e-03,7.987258e-04,6.233685e-04,2.769144e-03,2.015882e-05,1.204448e-04,1.596256e-01,1.939349e-03,1.527691e-01,1.105827e-03,1.173812e-04,6.735334e-01,1.598979e-03
9.799236e-04,1.585878e-03,9.733239e-03,1.915944e-03,6.839144e-04,7.498346e-03,4.369020e-05,2.535370e-04,2.522388e-01,2.008393e-03,1.271342e-01,1.066862e-03,1.927955e-04,5.929646e-01,1.699897e-03
1.642933e-03,3.281159e-03,1.082659e-02,2.132580e-03,8.107899e-04,1.168387e-02,7.476142e-05,4.058033e-04,3.371253e-01,2.093366e-03,1.089418e-01,1.178864e-03,2.960249e-04,5.174360e-01,2.070130e-03
4.400250e-03,6.041503e-03,1.655534e-02,2.779585e-03,1.840824e-03,1.216744e-02,1.835538e-04,1.256424e-03,4.536715e-01,3.738150e-03,8.330950e-02,9.511928e-04,3.102713e-04,4.089195e-01,3.874931e-03
1.136294e-02,7.702030e-03,2.197255e-02,3.707926e-03,3.704932e-03,1.358186e-02,2.999669e-04,1.811000e-03,5.365394e-01,5.518937e-03,6.587167e-02,7.560666e-04,3.475859e-04,3.201600e-01,6.663167e-03
