1.000000e+00,0.000000e+00,0.000000e+00,0.000000e+00,0.000000e+00,0.000000e+00,0.000000e+00,0.000000e+00,0.000000e+00,0.000000e+00,0.000000e+00,0.000000e+00,0.000000e+00,0.000000e+00,0.000000e+00
1.000000e+00,0.000000e+00,0.000000e+00,0.000000e+00,0.000000e+00,0.000000e+00,0.000000e+00,0.000000e+00,0.000000e+00,0.000000e+00,0.000000e+00,0.000000e+00,0.000000e+00,0.000000e+00,0.000000e+00
1.000000e+00,0.000000e+00,0.000000e+00,0.000000e+00,0.000000e+00,0.000000e+00,0.000000e+00,0.000000e+00,0.000000e+00,0.000000e+00,0.000000e+00,0.000000e+00,0.000000e+00,0.000000e+00,0.000000e+00
1.000000e+00,0.000000e+00,0.000000e+00,0.000000e+00,0.000000e+00,0.000000e+00,0.000000e+00,0.000000e+00,0.000000e+00,0.000000e+00,0.000000e+00,0.000000e+00,0.000000e+00,0.000000e+00,0.000000e+00
1.000000e+00,0.000000e+00,0.000000e+00,0.000000e+00,0.000000e+00,0.000000e+00,0.000000e+00,0.000000e+00,0.000000e+00,0.000000e+00,0.000000e+00,0.000000e+00,0.000000e+00,0.000000e+00,0.000000e+00
1.000000e+00,0.000000e+00,0.000000e+00,0.000000e+00,0.000000e+00,0.000000e+00,0.000000e+00,0.000000e+00,0.000000e+00,0.000000e+00,0.000000e+00,0.000000e+00,0.000000e+00,0.000000e+00,0.000000e+00
1.000000e+00,0.000000e+00,0.000000e+00,0.000000e+00,0.000000e+00,0.000000e+00,0.000000e+00,0.000000e+00,0.000000e+00,0.000000e+00,0.000000e+00,0.000000e+00,0.000000e+00,0.000000e+00,0.000000e+00
1.000000e+00,0.000000e+00,0.000000e+00,0.000000e+00,0.000000e+00,0.000000e+00,0.000000e+00,0.000000e+00,0.000000e+00,0.000000e+00,0.000000e+00,0.000000e+00,0.000000e+00,0.000000e+00,0.000000e+00
1.000000e+00,0.000000e+00,0.000000e+00,0.000000e+00,0.000000e+00,0.000000e+00,0.000000e+00,0.000000e+00,0.000000e+00,0.000000e+00,0.000000e+00,0.000000e+00,0.000000e+00,0.000000e+00,0.000000e+00
1.000000e+00,0.000000e+00,0.000000e+00,0.000000e+00,0.000000e+00,0.000000e+00,0.000000e+00,0.000000e+00,0.000000e+00,0.000000e+00,0.000000e+00,0.000000e+00,0.000000e+00,0.000000e+00,0.000000e+00
1.000000e+00,0.000000e+00,0.000000e+00,0.000000e+00,0.000000e+00,0.000000e+00,0.000000e+00,0.000000e+00,0.000000e+00,0.000000e+00,0.000000e+00,0.000000e+00,0.000000e+00,0.000000e+00,0.000000e+00
1.000000e+00,0.000000e+00,0.000000e+00,0.000000e+00,0.000000e+00,0.000000e+00,0.000000e+00,0.000000e+00,0.000000e+00,0.000000e+00,0.000000e+00,0.000000e+00,0.000000e+00,0.000000e+00,0.000000e+00
1.000000e+00,0.000000e+00,0.000000e+00,0.000000e+00,0.000000e+00,0.000000e+00,0.000000e+00,0.000000e+00,0.000000e+00,0.000000e+00,0.000000e+00,0.000000e+00,0.000000e+00,0.000000e+00,0.000000e+00
1.000000e+00,0.000000e+00,0.000000e+00,0.000000e+00,0.000000e+00,0.000000e+00,0.000000e+00,0.000000e+00,0.000000e+00,0.000000e+00,0.000000e+00,0.000000e+00,0.000000e+00,0.000000e+00,0.000000e+00
1.000000e+00,0.000000e+00,0.000000e+00,0.000000e+00,0.000000e+00,0.000000e+00,0.000000e+00,0.000000e+00,0.000000e+00,0.000000e+00,0.000000e+00,0.000000e+00,0.000000e+00,0.000000e+00,0.000000e+00
1.000000e+00,0.000000e+00,0.000000e+00,0.000000e+00,0.000000e+00,0.000000e+00,0.000000e+00,0.000000e+00,0.000000e+00,0.000000e+00,0.000000e+00,0.000000e+00,0.000000e+00,0.000000e+00,0.000000e+00
1.000000e+00,0.000000e+00,0.000000e+00,0.000000e+00,0.000000e+00,0.000000e+00,0.000000e+00,0.000000e+00,0.000000e+00,0.000000e+00,0.000000e+00,0.000000e+00,0.000000e+00,0.000000e+00,0.000000e+00
1.000000e+00,0.000000e+00,0.000000e+00,0.000000e+00,0.000000e+00,0.000000e+00,0.000000e+00,0.000000e+00,0.000000e+00,0.000000e+00,0.000000e+00,0.000000e+00,0.000000e+00,0.000000e+00,0.000000e+00
1.000000e+00,0.000000e+00,0.000000e+00,0.000000e+00,0.000000e+00,0.000000e+00,0.000000e+00,0.000000e+00,0.000000e+00,0.000000e+00,0.000000e+00,0.000000e+00,0.000000e+00,0.000000e+00,0.000000e+00
1.000000e+00,0.000000e+00,0.000000e+00,0.000000e+00,0.000000e+00,0.000000e+00,0.000000e+00,0.000000e+00,0.000000e+00,0.000000e+00,0.000000e+00,0.000000e+00,0.000000e+00,0.000000e+00,0.000000e+00
1.000000e+00,0.000000e+00,0.000000e+00,0.000000e+00,0.000000e+00,0.000000e+00,0.000000e+00,0.000000e+00,0.000000e+00,0.000000e+00,0.000000e+00,0.000000e+00,0.000000e+00,0.000000e+00,0.000000e+00
1.000000e+00,0.000000e+00,0.000000e+00,0.000000e+00,0.000000e+00,0.000000e+00,0.000000e+00,0.000000e+00,0.000000e+00,0.000000e+00,0.000000e+00,0.000000e+00,0.000000e+00,0.000000e+00,0.000000e+00
1.000000e+00,0.000000e+00,0.000000e+00,0.000000e+00,0.000000e+00,0.000000e+00,0.000000e+00,0.000000e+00,0.000000e+00,0.000000e+00,0.000000e+00,0.000000e+00,0.000000e+00,0.000000e+00,0.000000e+00
1.000000e+00,0.000000e+00,0.000000e+00,0.000000e+00,0.000000e+00,0.000000e+00,0.000000e+00,0.000000e+00,0.000000e+00,0.000000e+00,0.000000e+00,0.000000e+00,0.000000e+00,0.000000e+00,0.000000e+00
1.000000e+00,0.000000e+00,0.000000e+00,0.000000e+00,0.000000e+00,0.000000e+00,0.000000e+00,0.000000e+00,0.000000e+00,0.000000e+00,0.000000e+00,0.000000e+00,0.000000e+00,0.000000e+00,0.000000e+00
1.000000e+00,0.000000e+00,0.000000e+00,0.000000e+00,0.000000e+00,0.000000e+00,0.000000e+00,0.000000e+00,0.000000e+00,0.000000e+00,0.000000e+00,0.000000e+00,0.000000e+00,0.000000e+00,0.000000e+00
1.000000e+00,0.000000e+00,0.000000e+00,0.000000e+00,0.000000e+00,0.000000e+00,0.000000e+00,0.000000e+00,0.000000e+00,0.000000e+00,0.000000e+00,0.000000e+00,0.000000e+00,0.000000e+00,0.000000e+00
1.000000e+00,0.000000e+00,0.000000e+00,0.000000e+00,0.000000e+00,0.000000e+00,0.000000e+00,0.000000e+00,0.000000e+00,0.000000e+00,0.000000e+00,0.000000e+00,0.000000e+00,0.000000e+00,0.000000e+00
1.000000e+00,0.000000e+00,0.000000e+00,0.000000e+00,0.000000e+00,0.000000e+00,0.000000e+00,0.000000e+00,0.000000e+00,0.000000e+00,0.000000e+00,0.000000e+00,0.000000e+00,0.000000e+00,0.000000e+00
1.000000e+00,0.000000e+00,0.000000e+00,0.000000e+00,0.000000e+00,0.000000e+00,0.000000e+00,0.000000e+00,0.000000e+00,0.000000e+00,0.000000e+00,0.000000e+00,0.000000e+00,0.000000e+00,0.000000e+00
1.000000e+00,0.000000e+00,0.000000e+00,0.000000e+00,0.000000e+00,0.000000e+00,0.000000e+00,0.000000e+00,0.000000e+00,0.000000e+00,0.000000e+00,0.000000e+00,0.000000e+00,0.000000e+00,0.000000e+00
1.000000e+00,0.000000e+00,0.000000e+00,0.000000e+00,0.000000e+00,0.000000e+00,0.000000e+00,0.000000e+00,0.000000e+00,0.000000e+00,0.000000e+00,0.000000e+00,0.000000e+00,0.000000e+00,0.000000e+00
1.000000e+00,0.000000e+00,0.000000e+00,0.000000e+00,0.000000e+00,0.000000e+00,0.000000e+00,0.000000e+00,0.000000e+00,0.000000e+00,0.000000e+00,0.000000e+00,0.000000e+00,0.000000e+00,0.000000e+00
1.000000e+00,0.000000e+00,0.000000e+00,0.000000e+00,0.000000e+00,0.000000e+00,0.000000e+00,0.000000e+00,0.000000e+00,0.000000e+00,0.000000e+00,0.000000e+00,0.000000e+00,0.000000e+00,0.000000e+00
1.000000e+00,0.000000e+00,0.000000e+00,0.000000e+00,0.000000e+00,0.000000e+00,0.000000e+00,0.000000e+00,0.000000e+00,0.000000e+00,0.000000e+00,0.000000e+00,0.000000e+00,0.000000e+00,0.000000e+00
1.000000e+00,0.000000e+00,0.000000e+00,0.000000e+00,0.000000e+00,0.000000e+00,0.000000e+00,0.000000e+00,0.000000e+00,0.000000e+00,0.000000e+00,0.000000e+00,0.000000e+00,0.000000e+00,0.000000e+00
1.000000e+00,0.000000e+00,0.000000e+00,0.000000e+00,0.000000e+00,0.000000e+00,0.000000e+00,0.000000e+00,0.000000e+00,0.000000e+00,0.000000e+00,0.000000e+00,0.000000e+00,0.000000e+00,0.000000e+00
1.000000e+00,0.000000e+00,0.000000e+00,0.000000e+00,0.000000e+00,0.000000e+00,0.000000e+00,0.000000e+00,0.000000e+00,0.000000e+00,0.000000e+00,0.000000e+00,0.000000e+00,0.000000e+00,0.000000e+00
1.000000e+00,0.000000e+00,0.000000e+00,0.000000e+00,0.000000e+00,0.000000e+00,0.000000e+00,0.000000e+00,0.000000e+00,0.000000e+00,0.000000e+00,0.000000e+00,0.000000e+00,0.000000e+00,0.000000e+00
1.000000e+00,0.000000e+00,0.000000e+00,0.000000e+00,0.000000e+00,0.000000e+00,0.000000e+00,0.000000e+00,0.000000e+00,0.000000e+00,0.000000e+00,0.000000e+00,0.000000e+00,0.000000e+00,0.000000e+00
1.000000e+00,0.000000e+00,0.000000e+00,0.000000e+00,0.000000e+00,0.000000e+00,0.000000e+00,0.000000e+00,0.000000e+00,0.000000e+00,0.000000e+00,0.000000e+00,0.000000e+00,0.000000e+00,0.000000e+00
1.000000e+00,0.000000e+00,0.000000e+00,0.000000e+00,0.000000e+00,0.000000e+00,0.000000e+00,0.000000e+00,0.000000e+00,0.000000e+00,0.000000e+00,0.000000e+00,0.000000e+00,0.000000e+00,0.000000e+00
1.000000e+00,0.000000e+00,0.000000e+00,0.000000e+00,0.000000e+00,0.000000e+00,0.000000e+00,0.000000e+00,0.000000e+00,0.000000e+00,0.000000e+00,0.000000e+00,0.000000e+00,0.000000e+00,0.000000e+00
1.000000e+00,0.000000e+00,0.000000e+00,0.000000e+00,0.000000e+00,0.000000e+00,0.000000e+00,0.000000e+00,0.000000e+00,0.000000e+00,0.000000e+00,0.000000e+00,0.000000e+00,0.000000e+00,0.000000e+00
1.000000e+00,0.000000e+00,0.000000e+00,0.000000e+00,0.000000e+00,0.000000e+00,0.000000e+00,0.000000e+00,0.000000e+00,0.000000e+00,0.000000e+00,0.000000e+00,0.000000e+00,0.000000e+00,0.000000e+00
1.000000e+00,0.000000e+00,0.000000e+00,0.000000e+00,0.000000e+00,0.000000e+00,0.000000e+00,0.000000e+00,0.000000e+00,0.000000e+00,0.000000e+00,0.000000e+00,0.000000e+00,0.000000e+00,0.000000e+00
1.000000e+00,0.000000e+00,0.000000e+00,0.000000e+00,0.000000e+00,0.000000e+00,0.000000e+00,0.000000e+00,0.000000e+00,0.000000e+00,0.000000e+00,0.000000e+00,0.000000e+00,0.000000e+00,0.000000e+00
1.000000e+00,0.000000e+00,0.000000e+00,0.000000e+00,0.000000e+00,0.000000e+00,0.000000e+00,0.000000e+00,0.000000e+00,0.000000e+00,0.000000e+00,0.000000e+00,0.000000e+00,0.000000e+00,0.000000e+00
1.000000e+00,0.000000e+00,0.000000e+00,0.000000e+00,0.000000e+00,0.000000e+00,0.000000e+00,0.000000e+00,0.000000e+00,0.000000e+00,0.000000e+00,0.000000e+00,0.000000e+00,0.000000e+00,0.000000e+00
1.000000e+00,0.000000e+00,0.000000e+00,0.000000e+00,0.000000e+00,0.000000e+00,0.000000e+00,0.000000e+00,0.000000e+00,0.000000e+00,0.000000e+00,0.000000e+00,0.000000e+00,0.000000e+00,0.000000e+00
4.379261e-01,6.619412e-03,6.421676e-02,3.194300e-02,4.529316e-03,1.710689e-02,4.260848e-03,3.936127e-01,2.498488e-03,9.881267e-04,5.859465e-03,1.258393e-02,8.111465e-03,1.554715e-03,8.188879e-03
3.173380e-01,4.716550e-03,5.174799e-02,2.370108e-02,3.396806e-03,1.247882e-02,3.619404e-03,5.539980e-01,1.799322e-03,7.365724e-04,4.224251e-03,9.035680e-03,5.948414e-03,1.179424e-03,6.079778e-03
2.426816e-01,3.415476e-03,4.122634e-02,1.784309e-02,2.840286e-03,9.207182e-03,2.839865e-03,6.585052e-01,1.280917e-03,6.081948e-04,3.116674e-03,6.621730e-03,4.518110e-03,8.663008e-04,4.429114e-03
1.778824e-01,2.451411e-03,3.126032e-02,1.308150e-02,2.698410e-03,6.600696e-03,2.189622e-03,7.484717e-01,9.061915e-04,4.574655e-04,2.247207e-03,4.696412e-03,3.292857e-03,6.186981e-04,3.145139e-03
1.283302e-01,1.753126e-03,2.232909e-02,9.294560e-03,2.767961e-03,4.780920e-03,1.694422e-03,8.177749e-01,6.481117e-04,3.453053e-04,1.631222e-03,3.409394e-03,2.555742e-03,4.497251e-04,2.235297e-03
9.131864e-02,1.256530e-03,1.652068e-02,6.581804e-03,2.592125e-03,3.403550e-03,1.397191e-03,8.687689e-01,4.580011e-04,2.525305e-04,1.167189e-03,2.442147e-03,1.929747e-03,3.235492e-04,1.587457e-03
6.498753e-02,8.991015e-04,1.271443e-02,4.674569e-03,2.520797e-03,2.432087e-03,1.292120e-03,9.045303e-01,3.227507e-04,1.836914e-04,8.405567e-04,1.752652e-03,1.483807e-03,2.333797e-04,1.132213e-03
4.938185e-02,6.748782e-04,9.503012e-03,3.322815e-03,2.396101e-03,1.842625e-03,1.023976e-03,9.261526e-01,2.710299e-04,3.706077e-04,7.678936e-04,1.633406e-03,1.557833e-03,2.003471e-04,9.011186e-04
4.083522e-02,5.534156e-04,7.103721e-03,2.424461e-03,2.629231e-03,1.432169e-03,8.006279e-04,9.364181e-01,7.451292e-04,4.957873e-04,9.510746e-04,2.114760e-03,2.434407e-03,2.341077e-04,8.279029e-04
3.068657e-02,4.239230e-04,5.017899e-03,2.066530e-03,2.152745e-03,1.069047e-03,7.107302e-04,7.164440e-01,6.855690e-04,2.317144e-03,4.183176e-03,1.680569e-01,5.946129e-02,6.062331e-03,6.621996e-04
2.163529e-02,3.175677e-04,3.528597e-03,1.580821e-03,1.611431e-03,7.677772e-04,5.748766e-04,5.090098e-01,5.932954e-04,6.313066e-03,7.274148e-03,3.353449e-01,9.702033e-02,1.388334e-02,5.447710e-04
1.528105e-02,2.577887e-04,2.481119e-03,1.188511e-03,1.271807e-03,5.576392e-04,4.358352e-04,3.596332e-01,7.987003e-04,8.338926e-03,1.159212e-02,4.005665e-01,1.623894e-01,3.471601e-02,4.913958e-04
1.088951e-02,1.991167e-04,1.764774e-03,9.010639e-04,1.125090e-03,4.249318e-04,3.677303e-04,2.528746e-01,1.428209e-03,9.273994e-03,1.342861e-02,5.483438e-01,1.240896e-01,3.450610e-02,3.830047e-04
7.757733e-03,1.700625e-04,1.261157e-03,7.244284e-04,1.332663e-03,4.002305e-04,3.070149e-04,1.773822e-01,1.979277e-03,9.695043e-03,1.521743e-02,6.627786e-01,8.944707e-02,3.125789e-02,2.892945e-04
5.626295e-03,1.451984e-04,9.157951e-04,7.485376e-04,2.510151e-03,4.085310e-04,2.589750e-04,1.242339e-01,1.871329e-03,1.519879e-02,2.515393e-02,7.262547e-01,6.383177e-02,3.259932e-02,2.428539e-04
4.228855e-03,1.506764e-04,7.044200e-04,7.196906e-04,3.663078e-03,4.354313e-04,2.546909e-04,8.701564e-02,1.720499e-03,2.439711e-02,3.259378e-02,7.687191e-01,4.603910e-02,2.913379e-02,2.241800e-04
3.067091e-03,1.667686e-04,6.079972e-04,7.655824e-04,5.904603e-03,5.532401e-04,2.383623e-04,6.097991e-02,1.558596e-03,2.396974e-02,3.407488e-02,8.099420e-01,3.337254e-02,2.459802e-02,2.007008e-04
2.204241e-03,1.600032e-04,5.009426e-04,7.596207e-04,7.717759e-03,7.349582e-04,1.729445e-04,4.272110e-02,1.778423e-03,1.743561e-02,3.025191e-02,8.537806e-01,2.395376e-02,1.766843e-02,1.596842e-04
1.578805e-03,1.428802e-04,3.899373e-04,6.295765e-04,7.107722e-03,7.392305e-04,1.230712e-04,2.991299e-02,1.503883e-03,1.253769e-02,2.713924e-02,8.884791e-01,1.701002e-02,1.258108e-02,1.247207e-04
1.146578e-03,1.344973e-04,3.188000e-04,4.847195e-04,6.695350e-03,6.879604e-04,8.893247e-05,2.094469e-02,1.218362e-03,8.951682e-03,2.537087e-02,9.127458e-01,1.209496e-02,9.014097e-03,1.026241e-04
8.503420e-04,1.153345e-04,2.420857e-04,3.715892e-04,6.385969e-03,6.078837e-04,6.644353e-05,1.466604e-02,9.958295e-04,6.345928e-03,2.276720e-02,9.312959e-01,8.622974e-03,6.582176e-03,8.433976e-05
6.491263e-04,9.811186e-05,1.841770e-04,2.900696e-04,6.039519e-03,5.186318e-04,5.521364e-05,1.027180e-02,8.079442e-04,4.497050e-03,2.040916e-02,9.451078e-01,6.178026e-03,4.825552e-03,6.774333e-05
5.663901e-04,1.167134e-04,1.603361e-04,2.453016e-04,5.488798e-03,8.886200e-04,1.125217e-04,7.218904e-03,7.559644e-04,3.237434e-03,2.523551e-02,9.479452e-01,4.447013e-03,3.512546e-03,6.862634e-05
5.061362e-04,1.284654e-04,1.591736e-04,1.919531e-04,5.054339e-03,1.081908e-03,2.069541e-04,5.107766e-03,7.733734e-04,2.443009e-03,3.309080e-02,9.452485e-01,3.305660e-03,2.633384e-03,6.842372e-05
4.643442e-04,1.487898e-04,1.794413e-04,1.478175e-04,4.829611e-03,1.439156e-03,3.167450e-04,3.661704e-03,8.317761e-04,2.030278e-03,4.105469e-02,9.402080e-01,2.544883e-03,2.063825e-03,7.892471e-05
4.356547e-04,1.244439e-04,1.575082e-04,1.146152e-04,4.477534e-03,1.400624e-03,4.804850e-04,2.666045e-03,7.524348e-04,1.726534e-03,5.380708e-02,9.300255e-01,2.183893e-03,1.576306e-03,7.130537e-05
7.219571e-04,2.691439e-04,2.955183e-04,1.128834e-04,3.552688e-02,4.929877e-03,1.165539e-03,2.742803e-03,1.658757e-03,1.644204e-03,4.894156e-02,8.982089e-01,2.116436e-03,1.575375e-03,9.014270e-05
3.125928e-03,4.101660e-04,1.162994e-03,1.862047e-04,9.126652e-02,7.518260e-03,2.890718e-03,6.835072e-03,3.814696e-03,1.720993e-03,4.205856e-02,8.348017e-01,2.209040e-03,1.888154e-03,1.109820e-04
6.022158e-03,4.691493e-04,1.330460e-03,2.374656e-04,9.860989e-02,7.061365e-03,4.341043e-03,7.011360e-03,4.018226e-03,1.810054e-03,5.524008e-02,8.081347e-01,3.704729e-03,1.873107e-03,1.361364e-04
9.023749e-03,5.411986e-04,1.358593e-03,2.743572e-04,8.972926e-02,7.623688e-03,4.670499e-03,6.288542e-03,3.588869e-03,1.486773e-03,6.668771e-02,8.011744e-01,5.820910e-03,1.581385e-03,1.500878e-04
2.195986e-02,7.955631e-04,2.421942e-03,3.212103e-04,1.343530e-01,2.665984e-02,7.042516e-03,9.762682e-03,3.318086e-03,1.615634e-03,1.160032e-01,6.579825e-01,1.606435e-02,1.450867e-03,2.486856e-04
3.333917e-02,8.422983e-04,2.910580e-03,3.575970e-04,1.292489e-01,5.991684e-02,6.686496e-03,1.346348e-02,3.111500e-03,1.538027e-03,1.240256e-01,5.983428e-01,2.465734e-02,1.258728e-03,3.007182e-04
3.405672e-02,7.428508e-04,2.237662e-03,3.404822e-04,9.831169e-02,5.042512e-02,5.435133e-03,1.101137e-02,2.446521e-03,1.325204e-03,1.047235e-01,6.661929e-01,2.130956e-02,1.187852e-03,2.533660e-04
2.836520e-02,6.189549e-04,1.629750e-03,2.724403e-04,7.974201e-02,4.671837e-02,4.077679e-03,8.743471e-03,1.923538e-03,1.024756e-03,8.765905e-02,7.215142e-01,1.659534e-02,9.230131e-04,1.921917e-04
2.413992e-02,5.251939e-04,1.187789e-03,2.259350e-04,6.366431e-02,4.309338e-02,3.480097e-03,7.910091e-03,1.501662e-03,7.410437e-04,8.030185e-02,7.595770e-01,1.274854e-02,7.508724e-04,1.523117e-04
2.229264e-02,4.337202e-04,9.072941e-04,1.841204e-04,4.611430e-02,3.221827e-02,2.617432e-03,8.292564e-03,1.175783e-03,5.407429e-04,6.331395e-02,8.111441e-01,9.752839e-03,8.457633e-04,1.665257e-04
2.116193e-02,3.821547e-04,7.280465e-04,1.791331e-04,3.349813e-02,2.413885e-02,1.948883e-03,9.761157e-03,9.974756e-04,4.037358e-04,5.421368e-02,8.438802e-01,7.331541e-03,1.193021e-03,1.820019e-04
3.031726e-02,4.602895e-04,8.207476e-04,2.683277e-04,2.627367e-02,1.914091e-02,1.513381e-03,1.759876e-02,1.117357e-03,3.677370e-04,5.118721e-02,8.411475e-01,6.566467e-03,2.975379e-03,2.450311e-04
3.271326e-02,4.755941e-04,7.667874e-04,2.920686e-04,2.161546e-02,1.659241e-02,1.210140e-03,1.862046e-02,1.063082e-03,2.899407e-04,5.233735e-02,8.442888e-01,6.224811e-03,3.250791e-03,2.590987e-04
6.689924e-02,8.337673e-04,1.314472e-03,7.514671e-04,2.300112e-02,2.312177e-02,1.436075e-03,2.674502e-02,1.623216e-03,2.748629e-04,6.055450e-02,7.812729e-01,8.007239e-03,3.791206e-03,3.731891e-04
8.928668e-02,1.096887e-03,1.683544e-03,1.178984e-03,2.135908e-02,4.735904e-02,1.576832e-03,2.844365e-02,2.427421e-03,2.371715e-04,5.958642e-02,7.187594e-01,2.296679e-02,3.353951e-03,6.841320e-04
9.790727e-02,1.056497e-03,1.543259e-03,1.517578e-03,2.332379e-02,5.043449e-02,1.439846e-03,2.572445e-02,2.339192e-03,1.739690e-04,7.751380e-02,6.742803e-01,3.943142e-02,2.653977e-03,6.600990e-04
8.694790e-02,9.191888e-04,1.355748e-03,1.311483e-03,2.064892e-02,3.837557e-02,1.145323e-03,2.009345e-02,2.147744e-03,1.411726e-04,1.205069e-01,6.655922e-01,3.685654e-02,3.324658e-03,6.332558e-04
9.151235e-02,8.032640e-04,1.143797e-03,1.308711e-03,1.850754e-02,3.277957e-02,9.601593e-04,1.481522e-02,2.007198e-03,1.228137e-04,1.881909e-01,6.103976e-01,3.259056e-02,4.173341e-03,6.869390e-04
9.295604e-02,1.065510e-03,1.645592e-03,1.351244e-03,2.971172e-02,2.568984e-02,1.037451e-03,1.156271e-02,3.716109e-03,1.081343e-04,1.875750e-01,6.075620e-01,3.126740e-02,3.975905e-03,7.753955e-04
8.156740e-02,1.045297e-03,2.277261e-03,1.231943e-03,2.959344e-02,1.946655e-02,9.823043e-04,9.874346e-03,4.521421e-03,9.319530e-05,1.578817e-01,6.225966e-01,6.444083e-02,3.731014e-03,6.966330e-04
8.340129e-02,1.024558e-03,3.927774e-03,1.398521e-03,2.919102e-02,1.556067e-02,1.119661e-03,1.105261e-02,6.721797e-03,1.126878e-04,1.303381e-01,6.135648e-01,9.823534e-02,3.673667e-03,6.775117e-04
9.209093e-02,8.683303e-04,3.112639e-03,1.336586e-03,2.208241e-02,1.462454e-02,9.701464e-04,8.413475e-03,6.534617e-03,1.312582e-04,1.079419e-01,5.563452e-01,1.802672e-01,4.496395e-03,7.843608e-04
1.048331e-01,8.581968e-04,3.038172e-03,1.325200e-03,1.790079e-02,1.485107e-02,1.130716e-03,7.617791e-03,6.188639e-03,1.906509e-04,8.281150e-02,5.196486e-01,2.339039e-01,4.511581e-03,1.189985e-03
1.207044e-01,4.061634e-03,8.308331e-03,3.123533e-03,1.436838e-02,3.504642e-02,2.050444e-03,6.927987e-03,8.291349e-03,9.458131e-04,6.058456e-02,4.225887e-01,2.936868e-01,5.390586e-03,1.392102e-02
1.054753e-01,1.128274e-02,1.472279e-02,1.066032e-02,1.296199e-02,9.155416e-02,3.210190e-03,6.510506e-03,2.239722e-02,2.198757e-03,4.304250e-02,3.091193e-01,3.086853e-01,4.356947e-03,5.382205e-02
8.512795e-02,1.369755e-02,1.299850e-02,1.394900e-02,1.103045e-02,1.325115e-01,2.926980e-03,5.131736e-03,2.329156e-02,2.530208e-03,3.059647e-02,2.221186e-01,3.873862e-01,3.224076e-03,5.347916e-02
6.219345e-02,1.398961e-02,9.478605e-03,1.140039e-02,8.038249e-03,1.567916e-01,2.174683e-03,3.849839e-03,2.163419e-02,2.329212e-03,2.187917e-02,1.566295e-01,4.845033e-01,2.353350e-03,4.275493e-02
4.519292e-02,1.178181e-02,6.922346e-03,9.125425e-03,5.796048e-03,1.704376e-01,1.638402e-03,2.992414e-03,2.109569e-02,2.078091e-03,1.581738e-02,1.109056e-01,5.549194e-01,1.776014e-03,3.952084e-02
3.259909e-02,8.567880e-03,4.987798e-03,6.595874e-03,4.341619e-03,1.249402e-01,1.325239e-03,2.694632e-03,1.592147e-02,1.514123e-03,1.146101e-02,7.819451e-02,6.661727e-01,1.337173e-03,3.934660e-02
2.547124e-02,6.531955e-03,3.651567e-03,4.945904e-03,3.270907e-03,8.931994e-02,1.053334e-03,2.402955e-03,1.209197e-02,1.140780e-03,8.555749e-03,5.674174e-02,7.499049e-01,1.072839e-03,3.384425e-02
2.023268e-02,5.835957e-03,2.790628e-03,3.840012e-03,2.463492e-03,6.359248e-02,9.152906e-04,2.209737e-03,1.000126e-02,1.141333e-03,6.759400e-03,4.468847e-02,8.013505e-01,8.790015e-04,3.329975e-02
1.512830e-02,4.916627e-03,2.346373e-03,2.926044e-03,2.000784e-03,4.529740e-02,7.888393e-04,2.390027e-03,9.069562e-03,9.654270e-04,5.489614e-03,3.546924e-02,8.420026e-01,7.772899e-04,3.043180e-02
1.135800e-02,3.665669e-03,1.973847e-03,2.254812e-03,2.029825e-03,3.529063e-02,7.580556e-04,3.348720e-03,7.131581e-03,7.237662e-04,4.415731e-03,2.801329e-02,8.723873e-01,6.373498e-04,2.601139e-02
9.308401e-03,2.699191e-03,2.406503e-03,1.952574e-03,2.833390e-03,2.765846e-02,8.678684e-04,4.488434e-03,5.472273e-03,5.380426e-04,3.454335e-03,2.119796e-02,8.942482e-01,5.408093e-04,2.233357e-02
9.919004e-03,2.287997e-03,5.139410e-03,2.006625e-03,4.271036e-03,6.997746e-02,1.048515e-03,4.630329e-03,5.416916e-03,6.136657e-04,3.435925e-03,1.596770e-02,8.547880e-01,8.837000e-04,1.961369e-02
1.157684e-02,2.152738e-03,7.659974e-03,1.911356e-03,8.544869e-03,7.123187e-02,1.065920e-03,4.259571e-03,4.937250e-03,6.126369e-04,2.932376e-03,1.195646e-02,8.511087e-01,9.751683e-04,1.907427e-02
2.195056e-02,2.340005e-03,7.375163e-03,1.819936e-03,1.422078e-02,5.988877e-02,9.738713e-04,4.578791e-03,4.540661e-03,6.925039e-04,2.914224e-03,1.004439e-02,8.465778e-01,1.244180e-03,2.083847e-02
2.559588e-02,2.441718e-03,6.084527e-03,1.709791e-03,1.872286e-02,4.650400e-02,8.553534e-04,4.486678e-03,4.390915e-03,6.604407e-04,2.380791e-03,8.074289e-03,8.574835e-01,1.310469e-03,1.929881e-02
2.870031e-02,7.804245e-03,2.797557e-02,3.570865e-03,1.692945e-02,3.839816e-02,9.988826e-04,5.688186e-03,7.587021e-03,3.660140e-03,8.253327e-03,1.376704e-02,7.853055e-01,3.651615e-03,4.770970e-02
3.890593e-02,1.187112e-02,4.667339e-02,8.012978e-03,1.395418e-02,3.769597e-02,1.030292e-03,6.436131e-03,1.345736e-02,1.216000e-02,2.658577e-02,2.574890e-02,6.158724e-01,6.467264e-03,1.351284e-01
5.143974e-02,1.156532e-02,7.072823e-02,8.954544e-03,1.386559e-02,3.173117e-02,1.001247e-03,7.726014e-03,1.899819e-02,1.324480e-02,6.378137e-02,2.266898e-02,4.725523e-01,1.368140e-02,1.980611e-01
5.062961e-02,1.532931e-02,1.516429e-01,1.213309e-02,1.433969e-02,2.595310e-02,4.013001e-03,2.608398e-02,2.551180e-02,1.071388e-02,5.368131e-02,1.724688e-02,3.676567e-01,1.359635e-02,2.114685e-01
4.091465e-02,1.498085e-02,2.618695e-01,2.128521e-02,1.368349e-02,2.005333e-02,8.863240e-03,7.994637e-02,2.776167e-02,8.912808e-03,4.091152e-02,1.240799e-02,2.645359e-01,1.155014e-02,1.723234e-01
3.441889e-02,1.235418e-02,2.703998e-01,1.719304e-02,1.340574e-02,1.453987e-02,7.732685e-03,2.389656e-01,2.298394e-02,6.410174e-03,2.968617e-02,8.901374e-03,1.902814e-01,8.326105e-03,1.244011e-01
4.327171e-02,1.069333e-02,2.088904e-01,1.455869e-02,1.483013e-02,1.235676e-02,8.448729e-03,4.043777e-01,1.728971e-02,4.710744e-03,2.122048e-02,6.302547e-03,1.380859e-01,6.104888e-03,8.885834e-02
4.566794e-02,8.589449e-03,1.553910e-01,1.111262e-02,1.766316e-02,1.027822e-02,1.070347e-02,5.387166e-01,1.241151e-02,3.511644e-03,1.524428e-02,4.475089e-03,9.848619e-02,4.596162e-03,6.315279e-02
3.484346e-02,6.460255e-03,1.122254e-01,7.890926e-03,1.858936e-02,7.717672e-03,1.022960e-02,6.593437e-01,8.810846e-03,2.475231e-03,1.079902e-02,3.181664e-03,6.980461e-02,3.260556e-03,4.436766e-02
2.933115e-02,4.801228e-03,8.122394e-02,5.621007e-03,2.313887e-02,5.841132e-03,8.185422e-03,7.411820e-01,6.252393e-03,1.742949e-03,7.620263e-03,2.261098e-03,4.924729e-02,2.338168e-03,3.121313e-02
4.168496e-02,3.999756e-03,5.826026e-02,4.309758e-03,2.591364e-02,6.001440e-03,6.763479e-03,7.809458e-01,4.606495e-03,1.266942e-03,5.529865e-03,1.789388e-03,3.489406e-02,1.920475e-03,2.211369e-02
1.095910e-01,3.908567e-03,4.277036e-02,4.929344e-03,2.394762e-02,1.041674e-02,8.881301e-03,7.394373e-01,3.964592e-03,1.004001e-03,4.381422e-03,2.945425e-03,2.574156e-02,1.840561e-03,1.624019e-02
1.199164e-01,3.639082e-03,3.176840e-02,5.316847e-03,2.681050e-02,9.848539e-03,7.946344e-03,7.521977e-01,3.561012e-03,8.336662e-04,3.362230e-03,2.863279e-03,1.853539e-02,1.635029e-03,1.176558e-02
1.057972e-01,2.922731e-03,2.313668e-02,5.745798e-03,2.401514e-02,7.469144e-03,6.290966e-03,7.936918e-01,2.941961e-03,6.244336e-04,2.495727e-03,2.206740e-03,1.316482e-02,1.187051e-03,8.309935e-03
9.351936e-02,2.291186e-03,1.692083e-02,5.377797e-03,2.300911e-02,5.568243e-03,5.071988e-03,8.258423e-01,2.286251e-03,4.716346e-04,1.866548e-03,1.668086e-03,9.356663e-03,8.669485e-04,5.883090e-03
7.797600e-02,1.710156e-03,1.197909e-02,4.267571e-03,1.741298e-02,4.115851e-03,3.763191e-03,8.627501e-01,1.689101e-03,3.427108e-04,1.377157e-03,1.246441e-03,6.609633e-03,6.170541e-04,4.142995e-03
5.889629e-02,1.265346e-03,8.480873e-03,3.508473e-03,1.241949e-02,2.963710e-03,2.735660e-03,8.983037e-01,1.214727e-03,2.455914e-04,1.026580e-03,9.156401e-04,4.670128e-03,4.362247e-04,2.917569e-03
4.334748e-02,9.035682e-04,5.986855e-03,2.612590e-03,8.872912e-03,2.093073e-03,1.941063e-03,9.261807e-01,8.587798e-04,1.731799e-04,7.380885e-04,6.560227e-04,3.282603e-03,3.066619e-04,2.046465e-03
3.602037e-02,6.669486e-04,4.247582e-03,2.372128e-03,6.803339e-03,1.492029e-03,1.392758e-03,9.410924e-01,6.873111e-04,1.295194e-04,5.741516e-04,5.236235e-04,2.333221e-03,2.180164e-04,1.446727e-03
3.409026e-02,5.038973e-04,3.046622e-03,2.336322e-03,5.416336e-03,1.082364e-03,1.019912e-03,9.480480e-01,5.514374e-04,9.846966e-05,4.793091e-04,4.489844e-04,1.690355e-03,1.570770e-04,1.030724e-03
3.075204e-02,3.842639e-04,2.178252e-03,1.933352e-03,4.703536e-03,8.168072e-04,7.689687e-04,9.547969e-01,5.170750e-04,7.569631e-05,4.784368e-04,4.213596e-04,1.293661e-03,1.198195e-04,7.598510e-04
2.747004e-02,3.058627e-04,1.596831e-03,1.606351e-03,3.707849e-03,6.406712e-04,5.866706e-04,9.608951e-01,5.123036e-04,6.596927e-05,4.921727e-04,4.363066e-04,1.008677e-03,9.485839e-05,5.804524e-04
3.396910e-02,5.128670e-04,1.268651e-03,1.637620e-03,3.525754e-03,6.414648e-04,4.649090e-04,9.441006e-01,2.135689e-03,1.912403e-04,2.865333e-03,2.465186e-03,5.120195e-03,2.885495e-04,8.128984e-04
2.952358e-02,4.776088e-04,9.613552e-04,1.501392e-03,4.022668e-03,5.780206e-04,3.698662e-04,9.482690e-01,2.150897e-03,1.632154e-04,2.746024e-03,2.249530e-03,5.921018e-03,2.649521e-04,8.009247e-04
3.285386e-02,4.534202e-04,7.546575e-04,1.624528e-03,7.334977e-03,8.559210e-04,3.683086e-04,9.246472e-01,2.929720e-03,1.444452e-04,3.229792e-03,3.677429e-03,2.006634e-02,2.593133e-04,8.001520e-04
3.554403e-02,6.921685e-04,6.863705e-04,1.482109e-03,1.145316e-02,1.829803e-03,4.721097e-04,7.211068e-01,2.673920e-03,1.506609e-04,9.469690e-03,8.803973e-03,2.032925e-01,2.823266e-04,2.060403e-03
6.673218e-02,1.989525e-03,1.117871e-03,1.558784e-03,2.414648e-02,5.579830e-03,2.639002e-03,5.394189e-01,3.904115e-03,4.964097e-04,1.405368e-02,2.398005e-02,3.118028e-01,4.241730e-04,2.156180e-03
6.988377e-02,1.851409e-03,1.914698e-03,1.237206e-03,2.615738e-02,6.460688e-03,2.788240e-03,3.921590e-01,3.807278e-03,6.434976e-04,1.718803e-02,4.172056e-02,4.263316e-01,5.280544e-04,7.328620e-03
7.904474e-02,1.756586e-03,2.541802e-03,9.388055e-04,2.723390e-02,8.789591e-03,3.549285e-03,2.770084e-01,3.813556e-03,6.737828e-04,1.439101e-02,5.297270e-02,5.204435e-01,8.962697e-04,5.946103e-03
6.503060e-02,1.326415e-03,2.129985e-03,6.738673e-04,2.257219e-02,7.596898e-03,2.797056e-03,1.943623e-01,3.129145e-03,6.096744e-04,1.162606e-02,5.341214e-02,6.282539e-01,1.015702e-03,5.464158e-03
4.736887e-02,1.032842e-03,1.650029e-03,4.801112e-04,1.872703e-02,5.706687e-03,2.050165e-03,1.362602e-01,2.413206e-03,5.124892e-04,9.505958e-03,4.991738e-02,7.192901e-01,7.963359e-04,4.288641e-03
3.752723e-02,8.698303e-04,1.359588e-03,4.235593e-04,1.677031e-02,4.233281e-03,1.541898e-03,9.552705e-02,2.217928e-03,6.667728e-04,1.109422e-02,5.522716e-02,7.681696e-01,6.500386e-04,3.721550e-03
2.766796e-02,7.061732e-04,1.364032e-03,3.785195e-04,1.546230e-02,3.177142e-03,1.145272e-03,6.713931e-02,2.273192e-03,1.159842e-03,1.229896e-02,7.627959e-02,7.868275e-01,5.190425e-04,3.601170e-03
2.134217e-02,5.988019e-04,1.183046e-03,4.618259e-04,2.554989e-02,3.358892e-03,9.234975e-04,4.792282e-02,3.298460e-03,4.621302e-03,1.542882e-02,1.623891e-01,7.092690e-01,6.614927e-04,2.990761e-03
1.655162e-02,5.606291e-04,1.469164e-03,4.183487e-04,4.144508e-02,2.794769e-03,7.985186e-04,3.458133e-02,4.219688e-03,6.805137e-03,1.523540e-02,2.173986e-01,6.539555e-01,9.047081e-04,2.861478e-03
1.270562e-02,5.417375e-04,1.307218e-03,3.837799e-04,7.031985e-02,2.211831e-03,7.767138e-04,2.633637e-02,6.131730e-03,8.315878e-03,1.492551e-02,2.672508e-01,5.849420e-01,1.042621e-03,2.808333e-03
1.165804e-02,5.470388e-04,1.255207e-03,3.542566e-04,8.710045e-02,1.923318e-03,9.804382e-04,2.124944e-02,8.053859e-03,9.143367e-03,1.294183e-02,3.152250e-01,5.252077e-01,1.422921e-03,2.937131e-03
1.748086e-02,6.481787e-04,1.314514e-03,3.492439e-04,9.673447e-02,2.063612e-03,1.467368e-03,1.744782e-02,1.145530e-02,1.511880e-02,1.149297e-02,3.345904e-01,4.831494e-01,2.901521e-03,3.785483e-03
2.330516e-02,1.102043e-03,2.369115e-03,5.862979e-04,1.078487e-01,3.588837e-03,2.548959e-03,1.625612e-02,2.463957e-02,3.704089e-02,1.080067e-02,3.308495e-01,4.270208e-01,8.142141e-03,3.901186e-03
1.917470e-02,1.267150e-03,2.206292e-03,7.535035e-04,1.232299e-01,3.367869e-03,2.512906e-03,2.129045e-02,5.144261e-02,4.098481e-02,1.138949e-02,3.191545e-01,3.937414e-01,6.355299e-03,3.129116e-03
1.706517e-02,1.383678e-03,2.378235e-03,6.921803e-04,1.675879e-01,3.587978e-03,2.869468e-03,3.512644e-02,8.938362e-02,3.977447e-02,9.599913e-03,2.724402e-01,3.509558e-01,4.657051e-03,2.497759e-03
1.699223e-02,2.013419e-03,3.889012e-03,8.614830e-04,1.871389e-01,3.328871e-03,2.638409e-03,4.711937e-02,1.359652e-01,6.116261e-02,9.583018e-03,2.248249e-01,2.988106e-01,3.473479e-03,2.198423e-03
2.474796e-02,3.784363e-03,8.751648e-03,1.095402e-03,2.257100e-01,3.366385e-03,2.906898e-03,5.445235e-02,1.768841e-01,7.618087e-02,9.409238e-03,1.765483e-01,2.309539e-01,2.902268e-03,2.306269e-03
7.816435e-02,1.153149e-02,1.148597e-02,2.106442e-03,2.149934e-01,5.760602e-03,3.265844e-03,6.279106e-02,1.903082e-01,8.678069e-02,9.090735e-03,1.413614e-01,1.755668e-01,3.833181e-03,2.959724e-03
9.697133e-02,1.233908e-02,1.122210e-02,2.432823e-03,2.356325e-01,5.881705e-03,3.198401e-03,9.492293e-02,1.858349e-01,8.297774e-02,9.060484e-03,1.161860e-01,1.367062e-01,3.811939e-03,2.821870e-03
1.048143e-01,1.050611e-02,1.201752e-02,2.849107e-03,2.129205e-01,5.709635e-03,3.124153e-03,1.780799e-01,1.809964e-01,7.344177e-02,9.324572e-03,9.046146e-02,1.096202e-01,3.693212e-03,2.441215e-03
1.543501e-01,9.210522e-03,1.236069e-02,3.730044e-03,1.919440e-01,4.811640e-03,3.655218e-03,2.380131e-01,1.498821e-01,6.369521e-02,7.942044e-03,7.313399e-02,8.145716e-02,3.561701e-03,2.252445e-03
1.875861e-01,7.738498e-03,1.170415e-02,5.304083e-03,1.487670e-01,5.168173e-03,2.887734e-03,3.404719e-01,1.132763e-01,4.865002e-02,6.319311e-03,5.682007e-02,5.982277e-02,3.231123e-03,2.252710e-03
2.408332e-01,9.524636e-03,1.490044e-02,7.324156e-03,1.487315e-01,6.242176e-03,3.278750e-03,3.039291e-01,1.111555e-01,4.243656e-02,7.375291e-03,4.717924e-02,4.511752e-02,6.755057e-03,5.216867e-03
2.773026e-01,8.921886e-03,1.615514e-02,1.213118e-02,1.518681e-01,6.974741e-03,3.366324e-03,2.771493e-01,1.080785e-01,3.545724e-02,8.374141e-03,4.351377e-02,3.636688e-02,6.891754e-03,7.448392e-03
3.832438e-01,8.342480e-03,1.443756e-02,1.203148e-02,1.459000e-01,8.860782e-03,3.277028e-03,2.073637e-01,9.215195e-02,2.954070e-02,9.784289e-03,4.044349e-02,2.905921e-02,7.195797e-03,8.367694e-03
4.402617e-01,7.475924e-03,1.569424e-02,1.717465e-02,1.132448e-01,1.624848e-02,3.994121e-03,2.106186e-01,7.101120e-02,2.140490e-02,9.322692e-03,3.761469e-02,2.237089e-02,5.612127e-03,7.950977e-03
4.671497e-01,1.027009e-02,3.776366e-02,3.135429e-02,9.162769e-02,2.504535e-02,5.401065e-03,1.826216e-01,5.830543e-02,1.558472e-02,8.093474e-03,3.091611e-02,2.425377e-02,4.426592e-03,7.186347e-03
4.987549e-01,1.054086e-02,4.897189e-02,3.447507e-02,7.787020e-02,4.192543e-02,6.500639e-03,1.331275e-01,4.804345e-02,1.170513e-02,6.649768e-03,3.752209e-02,3.359945e-02,3.533918e-03,6.779657e-03
1.000000e+00,0.000000e+00,0.000000e+00,0.000000e+00,0.000000e+00,0.000000e+00,0.000000e+00,0.000000e+00,0.000000e+00,0.000000e+00,0.000000e+00,0.000000e+00,0.000000e+00,0.000000e+00,0.000000e+00
1.000000e+00,0.000000e+00,0.000000e+00,0.000000e+00,0.000000e+00,0.000000e+00,0.000000e+00,0.000000e+00,0.000000e+00,0.000000e+00,0.000000e+00,0.000000e+00,0.000000e+00,0.000000e+00,0.000000e+00
1.000000e+00,0.000000e+00,0.000000e+00,0.000000e+00,0.000000e+00,0.000000e+00,0.000000e+00,0.000000e+00,0.000000e+00,0.000000e+00,0.000000e+00,0.000000e+00,0.000000e+00,0.000000e+00,0.000000e+00
1.000000e+00,0.000000e+00,0.000000e+00,0.000000e+00,0.000000e+00,0.000000e+00,0.000000e+00,0.000000e+00,0.000000e+00,0.000000e+00,0.000000e+00,0.000000e+00,0.000000e+00,0.000000e+00,0.000000e+00
1.000000e+00,0.000000e+00,0.000000e+00,0.000000e+00,0.000000e+00,0.000000e+00,0.000000e+00,0.000000e+00,0.000000e+00,0.000000e+00,0.000000e+00,0.000000e+00,0.000000e+00,0.000000e+00,0.000000e+00
1.000000e+00,0.000000e+00,0.000000e+00,0.000000e+00,0.000000e+00,0.000000e+00,0.000000e+00,0.000000e+00,0.000000e+00,0.000000e+00,0.000000e+00,0.000000e+00,0.000000e+00,0.000000e+00,0.000000e+00
1.000000e+00,0.000000e+00,0.000000e+00,0.000000e+00,0.000000e+00,0.000000e+00,0.000000e+00,0.000000e+00,0.000000e+00,0.000000e+00,0.000000e+00,0.000000e+00,0.000000e+00,0.000000e+00,0.000000e+00
1.000000e+00,0.000000e+00,0.000000e+00,0.000000e+00,0.000000e+00,0.000000e+00,0.000000e+00,0.000000e+00,0.000000e+00,0.000000e+00,0.000000e+00,0.000000e+00,0.000000e+00,0.000000e+00,0.000000e+00
1.000000e+00,0.000000e+00,0.000000e+00,0.000000e+00,0.000000e+00,0.000000e+00,0.000000e+00,0.000000e+00,0.000000e+00,0.000000e+00,0.000000e+00,0.000000e+00,0.000000e+00,0.000000e+00,0.000000e+00
1.000000e+00,0.000000e+00,0.000000e+00,0.000000e+00,0.000000e+00,0.000000e+00,0.000000e+00,0.000000e+00,0.000000e+00,0.000000e+00,0.000000e+00,0.000000e+00,0.000000e+00,0.000000e+00,0.000000e+00
4.059860e-01,1.052629e-02,2.106335e-02,3.766777e-02,1.153660e-02,1.019227e-01,4.141376e-03,3.499134e-02,1.283777e-02,3.734387e-03,1.694709e-01,9.825071e-02,2.152321e-02,3.797231e-02,2.837539e-02
2.851624e-01,9.017150e-03,1.602446e-02,2.645496e-02,8.153630e-03,8.859165e-02,2.924158e-03,2.465445e-02,1.004439e-02,2.775134e-03,3.419908e-01,7.003145e-02,1.555826e-02,7.489886e-02,2.371835e-02
2.012919e-01,6.719001e-03,1.156203e-02,1.878610e-02,5.763490e-03,7.057694e-02,2.067848e-03,1.732417e-02,7.596196e-03,2.230621e-03,5.109249e-01,4.991595e-02,1.155663e-02,6.604313e-02,1.764112e-02
1.429971e-01,4.956060e-03,8.250869e-03,1.346766e-02,4.098400e-03,5.382774e-02,1.498005e-03,1.227528e-02,5.705683e-03,1.927332e-03,6.259907e-01,3.680362e-02,8.613284e-03,6.683005e-02,1.275821e-02
1.002463e-01,3.570339e-03,5.868066e-03,9.605115e-03,2.988212e-03,3.966847e-02,1.094342e-03,8.660664e-03,4.987613e-03,1.764894e-03,7.260458e-01,2.697632e-02,6.547010e-03,5.290365e-02,9.073270e-03
7.060991e-02,2.947285e-03,4.367893e-03,6.862902e-03,2.286382e-03,2.927903e-02,8.156276e-04,6.175115e-03,1.084192e-02,2.057395e-03,7.769133e-01,2.164267e-02,5.275300e-03,5.305897e-02,6.866294e-03
4.976443e-02,2.676148e-03,3.123229e-03,4.895765e-03,1.670874e-03,2.113502e-02,6.003917e-04,4.427996e-03,1.117595e-02,2.007139e-03,8.192149e-01,1.684047e-02,3.983784e-03,5.357844e-02,4.905452e-03
3.525873e-02,4.090837e-03,2.360684e-03,3.517935e-03,1.387387e-03,1.632733e-02,4.761462e-04,3.353305e-03,1.548795e-02,2.953455e-03,8.173592e-01,1.313949e-02,2.988139e-03,7.775979e-02,3.539684e-03
2.507027e-02,8.999543e-03,1.795449e-03,2.568028e-03,1.274894e-03,1.307566e-02,3.788893e-04,2.563030e-03,2.184914e-02,3.590140e-03,8.089837e-01,1.052603e-02,2.145786e-03,9.462996e-02,2.549590e-03
1.822762e-02,5.189866e-02,4.701750e-03,2.162802e-03,4.750938e-03,1.371957e-02,7.377964e-04,2.810399e-03,5.387330e-02,5.170569e-03,7.103059e-01,8.362071e-03,1.685982e-03,1.187745e-01,2.818271e-03
1.487988e-02,4.705537e-02,3.800340e-03,2.319139e-03,4.254986e-03,3.692411e-02,8.364825e-04,4.182000e-03,9.715261e-02,6.067120e-03,6.256413e-01,7.454715e-03,1.559206e-03,1.453278e-01,2.544959e-03
1.127739e-02,5.061362e-02,3.181044e-03,2.063920e-03,3.879187e-03,4.817107e-02,6.866201e-04,4.311950e-03,1.580242e-01,5.976488e-03,5.777748e-01,7.868467e-03,1.673423e-03,1.224526e-01,2.045384e-03
1.103714e-02,8.649254e-02,6.062337e-03,2.416588e-03,5.015169e-03,7.605060e-02,6.399491e-04,8.788846e-03,1.957090e-01,6.888841e-03,4.922476e-01,7.833335e-03,1.857727e-03,9.671267e-02,2.247637e-03
1.258800e-02,9.827784e-02,9.928355e-03,9.237808e-03,9.925690e-03,1.033872e-01,5.651512e-04,1.902884e-02,2.511294e-01,7.495700e-03,3.919564e-01,6.705601e-03,2.878821e-03,7.355206e-02,3.343226e-03
1.231427e-02,1.047045e-01,1.119844e-02,2.454053e-02,1.716841e-02,1.326528e-01,5.084928e-04,2.072292e-02,3.139430e-01,9.073464e-03,2.798341e-01,5.465646e-03,3.527668e-03,5.258512e-02,1.176066e-02
1.325671e-02,1.007841e-01,8.769547e-03,2.090731e-02,2.496065e-02,2.181504e-01,5.049704e-04,2.862978e-02,3.153865e-01,7.058967e-03,2.057911e-01,4.389041e-03,2.839959e-03,3.825756e-02,1.031330e-02
2.672271e-02,1.462204e-01,1.272920e-02,7.520542e-02,2.843655e-02,1.617329e-01,4.760111e-04,9.214824e-02,2.569146e-01,5.919773e-03,1.457682e-01,3.736729e-03,2.336230e-03,2.750513e-02,1.414778e-02
6.752254e-02,2.227089e-01,9.641884e-03,5.599863e-02,4.045825e-02,1.293909e-01,4.276845e-04,1.023896e-01,2.185762e-01,4.214752e-03,1.095009e-01,3.324818e-03,2.044229e-03,2.272137e-02,1.107912e-02
8.603865e-02,2.025099e-01,1.018722e-02,5.515237e-02,7.120109e-02,1.194820e-01,7.173416e-04,1.309973e-01,1.865381e-01,3.439581e-03,8.057691e-02,5.623322e-03,4.194773e-03,1.807339e-02,2.526787e-02
8.879872e-02,2.343611e-01,7.752895e-03,4.314648e-02,5.693809e-02,1.802860e-01,6.211802e-04,9.541485e-02,1.844462e-01,2.509047e-03,5.897427e-02,5.136156e-03,3.843957e-03,1.419946e-02,2.357155e-02
7.884324e-02,1.990399e-01,5.890273e-03,3.136278e-02,4.306369e-02,3.316405e-01,4.954718e-04,6.986856e-02,1.566616e-01,1.946330e-03,4.255499e-02,4.040729e-03,3.383765e-03,1.065969e-02,2.054849e-02
8.567424e-02,1.668830e-01,1.483480e-02,8.881734e-02,3.385656e-02,2.568965e-01,6.338987e-04,5.389036e-02,1.455850e-01,2.632106e-03,3.274153e-02,4.627321e-03,3.164350e-03,8.263922e-03,1.014992e-01
1.419827e-01,1.299778e-01,3.031211e-02,1.768367e-01,4.006068e-02,1.979146e-01,8.339760e-04,4.869996e-02,1.147198e-01,2.229558e-03,2.592448e-02,4.042654e-03,2.844329e-03,6.311063e-03,7.730959e-02
2.711637e-01,1.161131e-01,3.011756e-02,1.656161e-01,3.276599e-02,1.485113e-01,7.474553e-04,3.491494e-02,8.807328e-02,2.139908e-03,2.176573e-02,4.364988e-03,2.757464e-03,5.774740e-03,7.517376e-02
2.450085e-01,9.817272e-02,2.177976e-02,1.185570e-01,2.576582e-02,1.048656e-01,9.118594e-04,2.418990e-01,6.286579e-02,1.511876e-03,1.602058e-02,3.233549e-03,2.190417e-03,4.115072e-03,5.310242e-02
2.001548e-01,7.125947e-02,1.651200e-02,8.550169e-02,2.023119e-02,7.410830e-02,4.865215e-03,4.246674e-01,4.452046e-02,1.110760e-03,1.207616e-02,2.316145e-03,2.361624e-03,2.912808e-03,3.740214e-02
