1.000000e+00,0.000000e+00,0.000000e+00,0.000000e+00,0.000000e+00,0.000000e+00,0.000000e+00,0.000000e+00,0.000000e+00,0.000000e+00,0.000000e+00,0.000000e+00,0.000000e+00,0.000000e+00,0.000000e+00
1.000000e+00,0.000000e+00,0.000000e+00,0.000000e+00,0.000000e+00,0.000000e+00,0.000000e+00,0.000000e+00,0.000000e+00,0.000000e+00,0.000000e+00,0.000000e+00,0.000000e+00,0.000000e+00,0.000000e+00
1.000000e+00,0.000000e+00,0.000000e+00,0.000000e+00,0.000000e+00,0.000000e+00,0.000000e+00,0.000000e+00,0.000000e+00,0.000000e+00,0.000000e+00,0.000000e+00,0.000000e+00,0.000000e+00,0.000000e+00
1.000000e+00,0.000000e+00,0.000000e+00,0.000000e+00,0.000000e+00,0.000000e+00,0.000000e+00,0.000000e+00,0.000000e+00,0.000000e+00,0.000000e+00,0.000000e+00,0.000000e+00,0.000000e+00,0.000000e+00
1.000000e+00,0.000000e+00,0.000000e+00,0.000000e+00,0.000000e+00,0.000000e+00,0.000000e+00,0.000000e+00,0.000000e+00,0.000000e+00,0.000000e+00,0.000000e+00,0.000000e+00,0.000000e+00,0.000000e+00
1.000000e+00,0.000000e+00,0.000000e+00,0.000000e+00,0.000000e+00,0.000000e+00,0.000000e+00,0.000000e+00,0.000000e+00,0.000000e+00,0.000000e+00,0.000000e+00,0.000000e+00,0.000000e+00,0.000000e+00
1.000000e+00,0.000000e+00,0.000000e+00,0.000000e+00,0.000000e+00,0.000000e+00,0.000000e+00,0.000000e+00,0.000000e+00,0.000000e+00,0.000000e+00,0.000000e+00,0.000000e+00,0.000000e+00,0.000000e+00
1.000000e+00,0.000000e+00,0.000000e+00,0.000000e+00,0.000000e+00,0.000000e+00,0.000000e+00,0.000000e+00,0.000000e+00,0.000000e+00,0.000000e+00,0.000000e+00,0.000000e+00,0.000000e+00,0.000000e+00
1.000000e+00,0.000000e+00,0.000000e+00,0.000000e+00,0.000000e+00,0.000000e+00,0.000000e+00,0.000000e+00,0.000000e+00,0.000000e+00,0.000000e+00,0.000000e+00,0.000000e+00,0.000000e+00,0.000000e+00
1.000000e+00,0.000000e+00,0.000000e+00,0.000000e+00,0.000000e+00,0.000000e+00,0.000000e+00,0.000000e+00,0.000000e+00,0.000000e+00,0.000000e+00,0.000000e+00,0.000000e+00,0.000000e+00,0.000000e+00
1.000000e+00,0.000000e+00,0.000000e+00,0.000000e+00,0.000000e+00,0.000000e+00,0.000000e+00,0.000000e+00,0.000000e+00,0.000000e+00,0.000000e+00,0.000000e+00,0.000000e+00,0.000000e+00,0.000000e+00
1.000000e+00,0.000000e+00,0.000000e+00,0.000000e+00,0.000000e+00,0.000000e+00,0.000000e+00,0.000000e+00,0.000000e+00,0.000000e+00,0.000000e+00,0.000000e+00,0.000000e+00,0.000000e+00,0.000000e+00
1.000000e+00,0.000000e+00,0.000000e+00,0.000000e+00,0.000000e+00,0.000000e+00,0.000000e+00,0.000000e+00,0.000000e+00,0.000000e+00,0.000000e+00,0.000000e+00,0.000000e+00,0.000000e+00,0.000000e+00
1.000000e+00,0.000000e+00,0.000000e+00,0.000000e+00,0.000000e+00,0.000000e+00,0.000000e+00,0.000000e+00,0.000000e+00,0.000000e+00,0.000000e+00,0.000000e+00,0.000000e+00,0.000000e+00,0.000000e+00
1.000000e+00,0.000000e+00,0.000000e+00,0.000000e+00,0.000000e+00,0.000000e+00,0.000000e+00,0.000000e+00,0.000000e+00,0.000000e+00,0.000000e+00,0.000000e+00,0.000000e+00,0.000000e+00,0.000000e+00
1.000000e+00,0.000000e+00,0.000000e+00,0.000000e+00,0.000000e+00,0.000000e+00,0.000000e+00,0.000000e+00,0.000000e+00,0.000000e+00,0.000000e+00,0.000000e+00,0.000000e+00,0.000000e+00,0.000000e+00
1.000000e+00,0.000000e+00,0.000000e+00,0.000000e+00,0.000000e+00,0.000000e+00,0.000000e+00,0.000000e+00,0.000000e+00,0.000000e+00,0.000000e+00,0.000000e+00,0.000000e+00,0.000000e+00,0.000000e+00
1.000000e+00,0.000000e+00,0.000000e+00,0.000000e+00,0.000000e+00,0.000000e+00,0.000000e+00,0.000000e+00,0.000000e+00,0.000000e+00,0.000000e+00,0.000000e+00,0.000000e+00,0.000000e+00,0.000000e+00
1.000000e+00,0.000000e+00,0.000000e+00,0.000000e+00,0.000000e+00,0.000000e+00,0.000000e+00,0.000000e+00,0.000000e+00,0.000000e+00,0.000000e+00,0.000000e+00,0.000000e+00,0.000000e+00,0.000000e+00
1.000000e+00,0.000000e+00,0.000000e+00,0.000000e+00,0.000000e+00,0.000000e+00,0.000000e+00,0.000000e+00,0.000000e+00,0.000000e+00,0.000000e+00,0.000000e+00,0.000000e+00,0.000000e+00,0.000000e+00
1.000000e+00,0.000000e+00,0.000000e+00,0.000000e+00,0.000000e+00,0.000000e+00,0.000000e+00,0.000000e+00,0.000000e+00,0.000000e+00,0.000000e+00,0.000000e+00,0.000000e+00,0.000000e+00,0.000000e+00
1.000000e+00,0.000000e+00,0.000000e+00,0.000000e+00,0.000000e+00,0.000000e+00,0.000000e+00,0.000000e+00,0.000000e+00,0.000000e+00,0.000000e+00,0.000000e+00,0.000000e+00,0.000000e+00,0.000000e+00
1.000000e+00,0.000000e+00,0.000000e+00,0.000000e+00,0.000000e+00,0.000000e+00,0.000000e+00,0.000000e+00,0.000000e+00,0.000000e+00,0.000000e+00,0.000000e+00,0.000000e+00,0.000000e+00,0.000000e+00
1.000000e+00,0.000000e+00,0.000000e+00,0.000000e+00,0.000000e+00,0.000000e+00,0.000000e+00,0.000000e+00,0.000000e+00,0.000000e+00,0.000000e+00,0.000000e+00,0.000000e+00,0.000000e+00,0.000000e+00
1.000000e+00,0.000000e+00,0.000000e+00,0.000000e+00,0.000000e+00,0.000000e+00,0.000000e+00,0.000000e+00,0.000000e+00,0.000000e+00,0.000000e+00,0.000000e+00,0.000000e+00,0.000000e+00,0.000000e+00
1.000000e+00,0.000000e+00,0.000000e+00,0.000000e+00,0.000000e+00,0.000000e+00,0.000000e+00,0.000000e+00,0.000000e+00,0.000000e+00,0.000000e+00,0.000000e+00,0.000000e+00,0.000000e+00,0.000000e+00
1.000000e+00,0.000000e+00,0.000000e+00,0.000000e+00,0.000000e+00,0.000000e+00,0.000000e+00,0.000000e+00,0.000000e+00,0.000000e+00,0.000000e+00,0.000000e+00,0.000000e+00,0.000000e+00,0.000000e+00
1.000000e+00,0.000000e+00,0.000000e+00,0.000000e+00,0.000000e+00,0.000000e+00,0.000000e+00,0.000000e+00,0.000000e+00,0.000000e+00,0.000000e+00,0.000000e+00,0.000000e+00,0.000000e+00,0.000000e+00
1.000000e+00,0.000000e+00,0.000000e+00,0.000000e+00,0.000000e+00,0.000000e+00,0.000000e+00,0.000000e+00,0.000000e+00,0.000000e+00,0.000000e+00,0.000000e+00,0.000000e+00,0.000000e+00,0.000000e+00
1.000000e+00,0.000000e+00,0.000000e+00,0.000000e+00,0.000000e+00,0.000000e+00,0.000000e+00,0.000000e+00,0.000000e+00,0.000000e+00,0.000000e+00,0.000000e+00,0.000000e+00,0.000000e+00,0.000000e+00
1.000000e+00,0.000000e+00,0.000000e+00,0.000000e+00,0.000000e+00,0.000000e+00,0.000000e+00,0.000000e+00,0.000000e+00,0.000000e+00,0.000000e+00,0.000000e+00,0.000000e+00,0.000000e+00,0.000000e+00
1.000000e+00,0.000000e+00,0.000000e+00,0.000000e+00,0.000000e+00,0.000000e+00,0.000000e+00,0.000000e+00,0.000000e+00,0.000000e+00,0.000000e+00,0.000000e+00,0.000000e+00,0.000000e+00,0.000000e+00
1.000000e+00,0.000000e+00,0.000000e+00,0.000000e+00,0.000000e+00,0.000000e+00,0.000000e+00,0.000000e+00,0.000000e+00,0.000000e+00,0.000000e+00,0.000000e+00,0.000000e+00,0.000000e+00,0.000000e+00
1.000000e+00,0.000000e+00,0.000000e+00,0.000000e+00,0.000000e+00,0.000000e+00,0.000000e+00,0.000000e+00,0.000000e+00,0.000000e+00,0.000000e+00,0.000000e+00,0.000000e+00,0.000000e+00,0.000000e+00
1.000000e+00,0.000000e+00,0.000000e+00,0.000000e+00,0.000000e+00,0.000000e+00,0.000000e+00,0.000000e+00,0.000000e+00,0.000000e+00,0.000000e+00,0.000000e+00,0.000000e+00,0.000000e+00,0.000000e+00
1.000000e+00,0.000000e+00,0.000000e+00,0.000000e+00,0.000000e+00,0.000000e+00,0.000000e+00,0.000000e+00,0.000000e+00,0.000000e+00,0.000000e+00,0.000000e+00,0.000000e+00,0.000000e+00,0.000000e+00
1.000000e+00,0.000000e+00,0.000000e+00,0.000000e+00,0.000000e+00,0.000000e+00,0.000000e+00,0.000000e+00,0.000000e+00,0.000000e+00,0.000000e+00,0.000000e+00,0.000000e+00,0.000000e+00,0.000000e+00
1.000000e+00,0.000000e+00,0.000000e+00,0.000000e+00,0.000000e+00,0.000000e+00,0.000000e+00,0.000000e+00,0.000000e+00,0.000000e+00,0.000000e+00,0.000000e+00,0.000000e+00,0.000000e+00,0.000000e+00
1.000000e+00,0.000000e+00,0.000000e+00,0.000000e+00,0.000000e+00,0.000000e+00,0.000000e+00,0.000000e+00,0.000000e+00,0.000000e+00,0.000000e+00,0.000000e+00,0.000000e+00,0.000000e+00,0.000000e+00
1.000000e+00,0.000000e+00,0.000000e+00,0.000000e+00,0.000000e+00,0.000000e+00,0.000000e+00,0.000000e+00,0.000000e+00,0.000000e+00,0.000000e+00,0.000000e+00,0.000000e+00,0.000000e+00,0.000000e+00
1.000000e+00,0.000000e+00,0.000000e+00,0.000000e+00,0.000000e+00,0.000000e+00,0.000000e+00,0.000000e+00,0.000000e+00,0.000000e+00,0.000000e+00,0.000000e+00,0.000000e+00,0.000000e+00,0.000000e+00
1.000000e+00,0.000000e+00,0.000000e+00,0.000000e+00,0.000000e+00,0.000000e+00,0.000000e+00,0.000000e+00,0.000000e+00,0.000000e+00,0.000000e+00,0.000000e+00,0.000000e+00,0.000000e+00,0.000000e+00
1.000000e+00,0.000000e+00,0.000000e+00,0.000000e+00,0.000000e+00,0.000000e+00,0.000000e+00,0.000000e+00,0.000000e+00,0.000000e+00,0.000000e+00,0.000000e+00,0.000000e+00,0.000000e+00,0.000000e+00
1.000000e+00,0.000000e+00,0.000000e+00,0.000000e+00,0.000000e+00,0.000000e+00,0.000000e+00,0.000000e+00,0.000000e+00,0.000000e+00,0.000000e+00,0.000000e+00,0.000000e+00,0.000000e+00,0.000000e+00
4.413601e-01,8.690791e-03,7.236579e-02,2.648472e-02,6.773167e-03,6.377631e-02,1.524682e-01,1.718777e-01,2.883922e-03,8.575254e-04,5.465963e-03,1.709703e-02,1.939963e-02,1.727942e-03,8.771258e-03
3.341158e-01,6.572607e-03,6.734096e-02,2.079044e-02,5.690284e-03,9.519720e-02,2.533959e-01,1.706968e-01,2.100440e-03,6.870206e-04,3.958658e-03,1.216133e-02,1.929112e-02,1.249820e-03,6.751713e-03
2.466436e-01,5.755400e-03,6.194125e-02,1.698604e-02,4.625756e-03,2.150425e-01,2.293347e-01,1.750672e-01,1.619099e-03,5.391151e-04,2.969577e-03,8.590749e-03,2.494817e-02,8.963125e-04,5.040492e-03
1.917287e-01,6.320151e-03,5.169517e-02,1.585378e-02,5.312869e-03,2.677314e-01,1.874985e-01,2.231669e-01,1.849740e-03,5.158752e-04,2.310285e-03,6.254354e-03,3.511297e-02,7.035150e-04,3.945827e-03
1.843560e-01,8.102602e-03,4.606172e-02,1.508208e-02,6.572451e-03,2.825680e-01,1.526228e-01,2.579490e-01,2.451310e-03,6.129631e-04,1.970230e-03,4.720832e-03,3.293973e-02,6.286955e-04,3.361615e-03
2.035905e-01,8.244090e-03,3.620007e-02,1.237689e-02,8.776709e-03,2.418304e-01,1.180908e-01,3.322323e-01,2.332083e-03,8.490251e-04,1.862943e-03,4.508028e-03,2.515424e-02,7.040709e-04,3.247757e-03
1.736325e-01,6.030088e-03,2.656133e-02,9.607671e-03,8.145721e-03,1.875681e-01,9.030703e-02,4.682636e-01,1.793101e-03,8.163643e-04,1.487118e-03,3.920811e-03,1.869507e-02,5.898040e-04,2.581643e-03
1.701328e-01,4.567310e-03,2.063191e-02,7.958404e-03,8.450916e-03,1.531797e-01,7.271082e-02,5.370135e-01,1.446272e-03,8.236266e-04,1.377840e-03,3.932345e-03,1.488842e-02,5.536079e-04,2.332528e-03
1.745430e-01,3.671059e-03,1.621434e-02,6.824956e-03,9.406229e-03,1.177406e-01,5.512664e-02,5.897400e-01,1.830541e-03,9.034142e-04,1.620205e-03,4.888391e-03,1.474027e-02,4.903048e-04,2.260108e-03
1.470583e-01,2.910987e-03,1.210846e-02,6.286297e-03,1.291980e-02,8.448674e-02,4.035847e-02,6.689724e-01,2.322869e-03,7.859926e-04,1.771416e-03,4.361492e-03,1.347372e-02,3.821326e-04,1.800939e-03
1.102737e-01,2.812096e-03,8.959461e-03,5.156850e-03,1.121770e-02,5.947823e-02,2.866567e-02,6.344703e-01,1.368244e-02,1.646131e-02,1.505013e-02,2.274835e-02,6.434900e-02,2.677493e-03,3.997155e-03
7.757587e-02,2.096568e-03,6.282230e-03,4.096183e-03,7.983156e-03,4.193222e-02,2.012648e-02,4.541765e-01,1.952781e-02,1.155504e-02,1.140546e-02,1.702656e-02,3.194224e-01,1.905694e-03,4.887824e-03
5.477376e-02,1.579903e-03,4.488282e-03,3.807390e-03,5.782156e-03,2.964946e-02,1.417300e-02,3.213608e-01,7.575901e-02,8.173772e-03,8.581292e-03,1.322371e-02,4.488275e-01,1.407569e-03,8.412382e-03
3.931307e-02,1.150973e-03,3.185158e-03,3.223144e-03,4.762816e-03,2.153290e-02,1.030749e-02,2.261785e-01,1.092944e-01,5.760149e-03,8.527108e-03,1.132111e-02,5.476347e-01,1.239611e-03,6.568862e-03
2.841679e-02,8.412356e-04,2.331088e-03,2.515529e-03,4.987336e-03,1.953372e-02,8.314847e-03,1.589879e-01,7.781992e-02,4.100267e-03,1.343923e-02,1.911483e-02,6.533734e-01,1.071225e-03,5.152820e-03
2.011628e-02,6.083996e-04,1.652903e-03,1.812726e-03,4.394339e-03,1.546096e-02,5.939272e-03,1.113599e-01,5.457378e-02,2.908630e-03,1.607647e-02,2.950561e-02,7.300482e-01,8.485941e-04,4.694007e-03
1.455714e-02,4.544135e-04,1.183412e-03,1.294329e-03,4.566486e-03,1.140835e-02,4.306535e-03,7.799964e-02,3.836236e-02,2.195868e-03,1.524242e-02,3.953720e-02,7.836318e-01,7.808546e-04,4.479206e-03
1.130355e-02,4.083627e-04,9.857879e-04,9.326566e-04,4.433396e-03,8.324433e-03,3.247253e-03,5.463986e-02,2.736084e-02,2.231779e-03,1.702014e-02,7.328627e-02,7.902019e-01,7.854671e-04,4.838331e-03
8.649014e-03,3.427132e-04,9.274337e-04,6.702800e-04,5.459982e-03,6.373400e-03,2.466080e-03,3.829876e-02,2.024560e-02,1.837010e-03,2.162176e-02,1.908449e-01,6.976141e-01,6.760071e-04,3.972977e-03
6.263922e-03,2.831941e-04,8.010070e-04,4.783170e-04,6.156369e-03,5.071871e-03,1.928048e-03,2.686906e-02,1.494489e-02,1.505160e-03,2.189689e-02,2.768339e-01,6.332888e-01,5.712612e-04,3.107320e-03
4.957500e-03,4.951028e-04,9.470475e-04,3.845613e-04,1.044609e-02,7.604900e-03,1.548265e-03,1.903296e-02,1.668664e-02,2.700993e-03,3.783045e-02,3.697503e-01,5.239476e-01,1.121923e-03,2.545604e-03
4.245087e-03,1.840350e-03,1.314734e-03,3.863324e-04,1.506043e-02,1.481107e-02,2.219865e-03,1.474376e-02,3.322812e-02,4.172965e-03,3.494941e-02,4.569829e-01,4.122940e-01,1.498307e-03,2.252639e-03
3.734722e-03,4.866981e-03,2.074596e-03,5.292011e-04,1.502627e-02,1.303791e-02,2.271994e-03,1.167830e-02,4.793883e-02,8.409765e-03,3.268838e-02,5.393107e-01,3.146226e-01,1.877182e-03,1.932545e-03
7.272038e-03,1.271465e-02,3.265368e-03,6.220000e-04,2.359455e-02,1.960506e-02,3.624050e-03,1.364667e-02,1.310319e-01,9.663285e-03,2.708382e-02,5.088127e-01,2.355601e-01,1.956566e-03,1.547218e-03
1.419235e-02,2.163576e-02,6.203464e-03,7.549678e-04,2.792959e-02,2.410129e-02,5.388807e-03,1.452792e-02,1.466443e-01,1.377171e-02,2.225194e-02,5.056851e-01,1.919992e-01,3.275206e-03,1.638358e-03
5.499903e-02,4.930979e-02,1.472339e-02,2.728045e-03,3.878374e-02,2.861527e-02,5.604974e-03,1.504563e-02,1.555891e-01,3.175157e-02,1.841604e-02,4.170628e-01,1.585487e-01,4.837774e-03,3.984104e-03
1.008195e-01,5.757950e-02,1.475636e-02,3.977289e-03,4.202775e-02,2.967720e-02,5.311715e-03,1.445710e-02,1.865368e-01,3.364836e-02,1.713957e-02,3.414089e-01,1.404362e-01,5.589614e-03,6.633966e-03
1.461436e-01,6.164494e-02,1.268991e-02,4.231100e-03,4.811335e-02,3.307168e-02,6.502010e-03,1.362844e-02,2.369538e-01,3.012127e-02,1.517700e-02,2.653604e-01,1.130553e-01,4.953072e-03,8.354085e-03
2.016001e-01,6.103814e-02,1.077065e-02,4.839851e-03,4.018100e-02,2.708204e-02,7.890428e-03,1.087697e-02,2.599053e-01,2.601598e-02,1.554291e-02,2.298207e-01,9.210530e-02,4.122115e-03,8.208567e-03
2.195732e-01,7.420172e-02,1.050362e-02,4.808092e-03,3.647006e-02,2.189873e-02,9.428345e-03,8.314469e-03,3.104655e-01,2.126079e-02,1.452995e-02,1.803491e-01,7.787240e-02,3.090104e-03,7.233941e-03
1.830246e-01,8.466252e-02,9.340789e-02,6.751876e-03,3.205544e-02,1.899489e-02,9.167586e-03,2.293225e-02,2.974826e-01,2.088985e-02,1.290449e-02,1.440435e-01,6.408590e-02,2.464603e-03,7.131964e-03
1.402392e-01,8.717901e-02,1.250897e-01,1.245116e-02,3.340140e-02,2.005397e-02,8.664886e-03,3.913733e-02,3.292985e-01,1.657292e-02,1.023684e-02,1.095749e-01,4.917170e-02,3.042876e-03,1.588561e-02
1.018006e-01,6.350648e-02,3.069059e-01,3.446004e-02,3.135480e-02,1.578120e-02,6.567568e-03,3.839138e-02,2.531895e-01,1.236327e-02,8.130989e-03,7.825836e-02,3.541953e-02,2.238994e-03,1.163139e-02
7.547387e-02,5.097523e-02,4.455311e-01,4.042859e-02,2.469365e-02,1.224061e-02,4.767087e-03,2.879020e-02,2.086713e-01,9.148945e-03,6.318793e-03,5.512726e-02,2.528029e-02,1.977207e-03,1.057592e-02
6.506340e-02,5.018451e-02,5.046344e-01,3.251512e-02,3.058614e-02,1.078434e-02,4.125838e-03,2.795480e-02,1.922580e-01,6.738156e-03,4.915913e-03,3.893708e-02,1.831755e-02,2.533109e-03,1.045166e-02
5.013513e-02,4.676500e-02,5.537042e-01,3.719622e-02,2.820225e-02,8.590029e-03,3.484373e-03,3.591990e-02,1.731582e-01,5.799053e-03,4.599335e-03,2.758503e-02,1.344795e-02,2.039519e-03,9.373815e-03
3.991289e-02,3.832569e-02,5.600317e-01,9.128463e-02,2.276041e-02,7.252895e-03,2.824139e-03,4.077606e-02,1.406435e-01,6.549234e-03,4.755371e-03,1.953360e-02,1.009468e-02,1.716297e-03,1.353896e-02
4.336515e-02,3.714954e-02,5.074425e-01,1.268194e-01,2.204033e-02,9.504046e-03,2.837283e-03,5.051031e-02,1.373056e-01,9.226962e-03,6.412411e-03,1.450612e-02,8.478544e-03,1.939409e-03,2.246237e-02
7.175332e-02,3.533748e-02,4.020104e-01,1.225219e-01,5.072713e-02,1.585683e-02,4.370441e-03,8.416233e-02,1.465275e-01,1.113869e-02,9.519381e-03,1.111474e-02,8.936726e-03,2.651864e-03,2.337135e-02
6.760887e-02,7.957602e-02,2.899674e-01,9.954791e-02,6.531090e-02,2.281259e-02,4.633351e-03,7.514816e-02,2.352670e-01,9.010451e-03,1.173423e-02,9.034517e-03,9.502699e-03,2.400731e-03,1.844529e-02
4.868719e-02,6.725775e-02,2.101647e-01,2.986051e-01,4.787214e-02,1.646117e-02,3.327578e-03,5.309199e-02,2.049009e-01,6.894026e-03,1.019191e-02,6.744417e-03,7.445398e-03,1.773344e-03,1.658235e-02
4.332717e-02,5.319445e-02,1.499339e-01,3.754687e-01,3.593505e-02,2.527362e-02,2.588353e-03,3.863465e-02,1.747230e-01,5.175599e-03,3.348418e-02,2.475975e-02,2.135348e-02,1.694002e-03,1.445408e-02
3.165520e-02,3.874521e-02,1.057468e-01,3.705611e-01,2.768727e-02,2.234902e-02,1.848482e-03,2.791863e-02,1.337046e-01,3.907407e-03,3.944217e-02,4.038227e-02,1.442915e-01,1.209579e-03,1.055081e-02
2.254985e-02,2.758986e-02,7.429694e-02,3.100086e-01,1.982903e-02,2.938201e-02,1.354833e-03,1.966993e-02,9.904747e-02,2.836042e-03,3.248250e-02,6.275948e-02,2.896473e-01,8.538077e-04,7.692384e-03
1.599305e-02,1.968949e-02,5.217062e-02,2.387550e-01,1.408150e-02,4.558117e-02,1.012053e-03,1.381116e-02,7.312171e-02,2.107222e-03,2.681020e-02,6.956643e-02,4.210019e-01,6.111712e-04,5.687445e-03
1.147163e-02,1.396111e-02,3.654139e-02,1.679267e-01,1.002360e-02,5.962034e-02,7.450079e-04,9.741785e-03,5.283745e-02,1.516080e-03,1.926557e-02,6.667034e-02,5.452006e-01,4.470197e-04,4.031511e-03
8.453717e-03,9.925789e-03,2.559224e-02,1.175925e-01,7.172338e-03,4.363849e-02,5.500665e-04,6.894278e-03,3.786970e-02,1.081913e-03,1.362141e-02,6.182986e-02,6.625983e-01,3.339410e-04,2.845556e-03
6.388846e-03,7.215629e-03,1.793614e-02,8.237237e-02,5.172050e-03,3.375462e-02,4.354368e-04,5.100578e-03,2.723447e-02,7.819018e-04,9.782901e-03,5.495068e-02,7.464033e-01,4.426414e-04,2.028375e-03
5.973553e-03,5.482298e-03,1.261772e-02,5.776957e-02,3.964954e-03,3.409313e-02,5.114133e-04,4.370939e-03,2.038685e-02,5.991627e-04,7.031298e-03,5.412906e-02,7.911325e-01,4.452181e-04,1.492319e-03
5.257898e-03,4.347595e-03,8.855735e-03,4.050126e-02,3.168123e-03,2.613511e-02,3.938556e-04,3.346862e-03,1.594258e-02,4.367307e-04,4.990763e-03,5.471325e-02,8.305050e-01,3.340738e-04,1.071114e-03
5.275605e-03,1.166421e-02,6.276192e-03,2.839732e-02,3.078535e-03,2.035539e-02,4.005902e-04,2.803499e-03,2.263050e-02,3.421438e-04,3.664814e-03,6.405842e-02,8.299655e-01,2.804627e-04,8.067132e-04
5.397161e-03,1.268023e-02,4.522343e-03,1.991256e-02,3.047901e-03,1.644461e-02,3.936960e-04,2.394812e-03,2.297655e-02,2.873222e-04,2.698414e-03,5.752055e-02,8.507978e-01,2.867364e-04,6.393235e-04
6.758119e-03,1.066305e-02,3.298346e-03,1.399697e-02,4.160372e-03,1.338264e-02,3.770098e-04,1.985861e-03,2.081518e-02,2.213945e-04,1.968775e-03,4.455855e-02,8.770896e-01,2.522438e-04,4.718326e-04
6.646111e-03,9.064489e-03,2.405553e-03,9.843941e-03,5.399907e-03,1.038173e-02,3.056673e-04,1.566063e-03,1.952578e-02,1.634970e-04,1.454985e-03,3.353810e-02,8.991509e-01,2.086321e-04,3.445756e-04
6.622890e-03,7.813772e-03,1.772065e-03,6.929997e-03,7.530742e-03,7.996256e-03,2.511257e-04,1.212273e-03,1.828637e-02,1.218579e-04,1.137652e-03,2.555037e-02,9.143531e-01,1.691538e-04,2.523380e-04
7.312775e-03,6.618927e-03,1.352330e-03,4.879363e-03,8.382035e-03,6.227649e-03,2.103539e-04,1.078587e-03,1.618606e-02,8.935314e-05,8.817390e-04,1.877910e-02,9.276885e-01,1.292454e-04,1.839638e-04
1.398575e-02,7.340512e-03,1.446156e-03,3.459642e-03,7.608284e-03,6.191356e-03,2.363957e-04,9.895613e-04,1.625373e-02,6.713428e-05,6.722557e-04,1.474013e-02,9.267238e-01,1.339037e-04,1.513329e-04
1.558294e-02,5.879310e-03,1.682938e-03,2.476751e-03,6.995859e-03,5.384367e-03,2.891649e-04,1.087268e-03,1.354180e-02,5.103384e-05,5.112111e-04,1.081468e-02,9.354508e-01,1.072015e-04,1.446614e-04
1.415227e-02,4.935590e-03,2.283618e-03,1.766337e-03,6.231086e-03,4.732474e-03,4.985260e-04,1.927401e-03,1.330066e-02,4.216499e-05,4.043722e-04,8.420370e-03,9.410713e-01,9.040740e-05,1.434848e-04
1.459768e-02,3.992965e-03,2.574513e-03,1.274704e-03,6.078795e-03,4.333991e-03,7.903851e-04,3.400601e-03,1.255839e-02,3.832712e-05,3.342053e-04,6.661801e-03,9.431435e-01,8.241254e-05,1.377270e-04
1.711785e-02,3.366549e-03,2.347147e-03,9.729869e-04,5.480566e-03,4.772548e-03,7.655211e-04,3.196436e-03,1.425806e-02,3.078175e-05,2.947638e-04,6.345707e-03,9.408670e-01,6.548956e-05,1.185575e-04
1.672257e-02,2.579544e-03,1.746920e-03,7.600675e-04,4.990409e-03,3.838975e-03,5.837888e-04,2.525069e-03,1.692866e-02,2.306453e-05,2.858814e-04,5.168684e-03,9.436895e-01,5.610595e-05,1.007795e-04
2.657578e-02,4.336185e-03,3.168024e-03,1.284965e-03,1.227320e-02,4.392346e-03,1.491253e-03,7.012836e-03,3.471248e-02,5.064836e-05,3.637037e-04,5.711848e-03,8.983183e-01,6.594143e-05,2.424974e-04
3.173321e-02,1.397660e-02,4.154213e-03,9.178253e-03,1.418366e-02,9.423984e-03,2.098263e-03,1.110884e-02,1.145788e-01,2.465263e-04,4.544977e-04,4.996209e-03,7.829916e-01,6.692136e-05,8.084531e-04
3.147727e-02,1.384167e-02,3.619608e-03,7.600572e-03,1.972353e-02,1.301687e-02,3.424525e-03,1.212164e-02,1.413034e-01,2.489794e-04,6.467496e-04,7.850876e-03,7.443583e-01,5.477871e-05,7.111980e-04
3.178243e-02,2.018109e-02,2.822628e-03,9.515909e-03,2.135675e-02,1.531369e-02,3.191935e-03,1.208250e-02,1.551675e-01,3.259415e-04,7.829104e-04,6.428312e-03,7.191176e-01,4.646077e-05,1.884248e-03
3.431323e-02,1.838138e-02,2.196179e-03,3.630745e-02,2.100892e-02,2.364710e-02,2.802880e-03,1.595140e-02,1.947559e-01,4.542799e-04,1.342621e-03,5.062285e-03,6.406395e-01,5.511512e-05,3.081591e-03
4.296502e-02,2.261972e-02,1.775090e-03,7.885869e-02,2.254476e-02,2.780990e-02,2.389378e-03,1.922166e-02,2.496656e-01,7.252501e-04,1.767582e-03,4.051297e-03,5.193270e-01,1.246511e-04,6.154260e-03
3.920322e-02,4.708601e-02,1.663407e-03,7.552440e-02,2.386252e-02,2.833090e-02,1.750680e-03,1.459376e-02,3.218551e-01,1.326061e-03,2.758707e-03,3.391465e-03,4.257093e-01,2.721231e-04,1.267228e-02
2.890031e-02,4.107061e-02,1.290889e-03,7.906120e-02,1.940104e-02,2.400998e-02,1.269699e-03,1.132062e-02,4.585562e-01,1.241808e-03,2.515068e-03,2.516681e-03,3.152083e-01,2.923625e-04,1.334518e-02
2.199348e-02,3.576111e-02,1.059379e-03,7.040041e-02,1.539962e-02,2.200177e-02,9.758989e-04,8.399088e-03,5.581514e-01,1.864835e-03,2.259463e-03,1.991975e-03,2.427754e-01,3.919834e-04,1.657419e-02
1.698536e-02,3.029590e-02,9.921333e-04,6.815811e-02,1.381364e-02,2.379277e-02,8.540829e-04,7.851653e-03,6.270328e-01,1.623911e-03,1.996942e-03,1.496946e-03,1.893300e-01,3.710563e-04,1.540472e-02
2.111845e-02,3.950717e-02,1.418858e-03,5.546800e-02,2.304586e-02,3.260431e-02,2.001338e-03,1.005786e-02,5.695161e-01,1.709836e-03,2.297741e-03,1.917705e-03,2.240482e-01,5.401594e-04,1.474837e-02
2.611296e-02,5.105236e-02,2.098755e-03,4.061061e-02,2.879957e-02,5.511837e-02,1.876833e-03,8.676548e-03,5.273247e-01,1.565573e-03,1.938207e-03,2.108072e-03,2.360678e-01,5.158269e-04,1.613379e-02
2.259079e-02,5.697346e-02,1.800994e-03,3.017402e-02,2.433847e-02,5.666571e-02,1.530562e-03,6.949020e-03,5.414834e-01,1.265415e-03,1.577551e-03,1.793987e-03,2.392030e-01,4.066058e-04,1.324705e-02
1.802946e-02,5.611053e-02,1.677230e-03,3.559102e-02,2.638566e-02,6.585363e-02,1.817592e-03,1.062946e-02,5.894123e-01,1.312357e-03,1.285984e-03,1.602688e-03,1.794603e-01,3.461754e-04,1.048558e-02
1.528381e-02,5.102101e-02,1.608224e-03,7.196614e-02,2.705177e-02,7.939145e-02,1.688452e-03,1.321168e-02,5.888702e-01,1.702531e-03,1.250942e-03,1.572574e-03,1.344545e-01,3.350541e-04,1.059167e-02
2.070751e-02,6.443499e-02,2.341784e-03,7.672459e-02,3.731382e-02,9.899139e-02,2.144919e-03,2.500536e-02,5.444368e-01,2.029122e-03,1.201722e-03,1.560765e-03,1.083864e-01,3.441455e-04,1.437681e-02
6.345145e-02,6.599137e-02,3.217789e-03,6.796364e-02,6.011666e-02,1.065725e-01,3.567991e-03,5.221327e-02,4.586513e-01,1.654788e-03,1.559677e-03,1.599582e-03,9.873342e-02,6.225718e-04,1.408400e-02
7.421214e-02,5.738943e-02,4.321996e-03,1.055346e-01,5.766945e-02,9.958082e-02,3.650784e-03,1.172609e-01,3.857969e-01,1.521561e-03,2.214641e-03,1.458097e-03,7.381468e-02,8.383637e-04,1.473566e-02
1.012757e-01,4.900962e-02,6.274640e-03,1.065539e-01,4.782432e-02,1.556230e-01,3.110335e-03,1.080225e-01,3.260874e-01,1.508394e-03,1.337172e-02,4.255759e-03,5.727599e-02,2.912923e-03,1.689377e-02
9.845974e-02,4.070436e-02,3.935243e-02,1.161556e-01,4.101799e-02,1.475269e-01,2.877207e-03,1.619415e-01,2.677033e-01,1.446834e-03,1.418858e-02,7.376532e-03,4.530358e-02,2.859526e-03,1.308591e-02
9.095013e-02,3.328327e-02,1.061270e-01,1.125028e-01,3.181675e-02,1.279509e-01,3.000009e-03,1.989936e-01,2.166889e-01,1.655044e-03,1.367084e-02,1.253659e-02,3.772672e-02,2.699018e-03,1.039842e-02
8.976267e-02,2.684676e-02,1.881365e-01,1.691514e-01,2.291511e-02,1.003098e-01,3.049766e-03,1.739467e-01,1.601687e-01,2.569308e-03,1.252002e-02,9.709843e-03,2.905074e-02,2.765424e-03,9.097254e-03
8.709814e-02,2.097001e-02,2.535734e-01,1.997109e-01,1.675140e-02,7.598875e-02,3.571355e-03,1.760912e-01,1.160447e-01,2.246808e-03,9.754715e-03,7.048358e-03,2.153663e-02,2.305355e-03,7.308214e-03
7.271444e-02,1.526471e-02,3.061058e-01,1.792342e-01,1.210480e-02,5.517230e-02,4.230657e-03,2.360582e-01,8.158820e-02,1.884491e-03,7.275977e-03,5.199934e-03,1.548079e-02,1.867435e-03,5.818079e-03
6.714428e-02,1.104055e-02,3.948342e-01,1.457682e-01,8.773303e-03,3.987808e-02,4.688721e-03,2.411854e-01,5.745278e-02,1.810621e-03,5.543631e-03,4.071989e-03,1.110429e-02,1.485552e-03,5.218343e-03
6.788663e-02,7.929465e-03,4.658068e-01,1.243439e-01,6.390909e-03,2.901035e-02,4.189607e-03,2.294667e-01,4.070900e-02,1.836885e-03,4.520362e-03,3.340981e-03,8.016988e-03,1.437454e-03,5.113928e-03
8.557248e-02,5.652927e-03,4.805554e-01,1.042816e-01,4.840681e-03,2.127947e-02,3.743629e-03,2.433020e-01,2.958971e-02,1.616189e-03,4.459931e-03,2.911581e-03,5.943072e-03,1.332030e-03,4.919214e-03
1.029855e-01,4.020603e-03,4.553822e-01,8.608077e-02,3.792909e-03,1.586560e-02,3.549345e-03,2.890421e-01,2.144645e-02,1.414145e-03,3.976608e-03,2.636209e-03,4.484620e-03,1.074032e-03,4.248877e-03
1.311776e-01,2.912384e-03,4.085874e-01,6.995799e-02,3.305828e-03,1.253628e-02,4.841833e-03,3.341120e-01,1.563982e-02,1.475944e-03,3.541070e-03,2.899682e-03,3.638542e-03,9.624466e-04,4.411293e-03
1.185206e-01,2.236462e-03,4.156058e-01,5.696222e-02,2.968676e-03,9.981055e-03,6.340070e-03,3.573274e-01,1.237688e-02,2.581007e-03,3.257189e-03,2.794645e-03,2.944824e-03,1.065758e-03,5.037479e-03
1.418491e-01,1.827510e-03,3.612811e-01,4.706711e-02,3.188177e-03,8.978141e-03,7.213613e-03,3.989664e-01,9.736421e-03,2.961884e-03,3.145546e-03,3.598175e-03,2.655526e-03,1.196727e-03,6.334626e-03
2.228636e-01,1.481943e-03,2.743455e-01,3.831633e-02,3.877734e-03,8.012388e-03,7.925688e-03,4.168973e-01,7.380658e-03,2.448232e-03,3.085494e-03,4.339701e-03,2.432601e-03,1.094408e-03,5.498472e-03
3.225783e-01,1.272572e-03,2.029704e-01,2.978331e-02,4.152741e-03,7.946281e-03,7.655248e-03,3.986417e-01,5.638436e-03,2.158402e-03,2.916556e-03,4.929021e-03,2.402899e-03,1.053590e-03,5.900587e-03
2.653180e-01,1.262783e-03,1.596619e-01,2.707481e-02,4.655955e-03,7.560506e-03,7.952679e-03,5.019082e-01,4.701285e-03,2.418667e-03,2.863752e-03,5.161001e-03,2.368827e-03,9.774650e-04,6.114164e-03
3.532381e-01,1.786353e-03,1.205902e-01,2.498057e-02,5.815478e-03,1.126078e-02,7.210391e-03,4.356629e-01,5.742252e-03,2.632882e-03,4.298913e-03,1.146651e-02,3.490851e-03,1.798967e-03,1.002485e-02
2.676418e-01,5.314526e-03,1.172124e-01,1.940539e-02,5.010323e-03,3.203979e-02,5.334952e-03,3.247261e-01,1.670057e-02,2.486954e-03,1.311418e-01,1.128556e-02,3.635362e-03,4.402263e-02,1.404192e-02
1.946985e-01,6.254184e-03,1.172061e-01,1.558485e-02,5.043290e-03,2.596893e-02,3.957311e-03,2.317998e-01,2.038315e-02,2.628649e-03,2.981376e-01,9.675572e-03,3.357121e-03,5.106005e-02,1.424494e-02
1.492345e-01,7.792221e-03,9.444349e-02,1.235581e-02,5.126630e-03,2.503399e-02,3.017659e-03,1.651575e-01,1.672600e-02,2.737860e-03,4.201647e-01,1.010872e-02,3.447109e-03,7.074781e-02,1.390597e-02
1.565716e-01,6.387457e-03,7.430774e-02,1.090963e-02,4.425158e-03,2.210081e-02,2.467846e-03,1.170449e-01,1.277461e-02,3.134703e-03,4.957675e-01,1.717573e-02,2.998596e-03,6.272025e-02,1.121338e-02
1.386770e-01,5.623544e-03,5.332848e-02,9.855282e-03,4.535910e-03,2.144012e-02,2.070623e-03,8.285913e-02,1.006638e-02,3.207221e-03,5.715168e-01,2.644134e-02,3.035372e-03,5.812015e-02,9.222628e-03
1.039354e-01,4.403444e-03,3.821215e-02,7.435268e-03,4.175788e-03,1.716450e-02,1.536666e-03,5.866143e-02,8.628488e-03,2.836187e-03,6.365252e-01,3.206400e-02,2.889338e-03,7.464144e-02,6.890785e-03
1.026549e-01,5.860449e-03,2.788313e-02,7.153000e-03,7.456586e-03,1.562443e-02,1.305055e-03,4.206099e-02,8.730701e-03,3.017143e-03,6.692902e-01,3.030909e-02,2.997458e-03,6.997605e-02,5.680855e-03
9.008899e-02,6.015833e-03,2.113956e-02,5.940343e-03,7.911817e-03,1.406219e-02,1.092759e-03,3.055989e-02,8.053391e-03,3.303682e-03,6.907258e-01,2.731636e-02,2.796452e-03,8.640691e-02,4.586114e-03
7.243116e-02,5.165645e-03,1.547184e-02,5.326685e-03,9.472180e-03,1.178876e-02,9.334274e-04,2.243887e-02,8.664377e-03,2.992259e-03,7.028407e-01,2.444008e-02,2.246191e-03,1.120406e-01,3.747291e-03
8.011366e-02,5.767833e-03,1.236962e-02,6.676007e-03,1.145213e-02,1.202229e-02,9.408490e-04,1.778688e-02,1.560459e-02,3.242696e-03,6.513298e-01,2.349017e-02,2.125452e-03,1.515914e-01,5.486707e-03
6.382531e-02,4.948016e-03,9.278368e-03,5.621671e-03,1.072885e-02,1.091408e-02,8.716722e-04,1.309913e-02,1.653551e-02,3.121322e-03,6.178321e-01,2.094296e-02,2.069903e-03,2.155732e-01,4.637866e-03
4.878511e-02,6.575553e-03,1.054184e-02,8.030241e-03,2.304076e-02,1.044602e-02,1.344097e-03,1.217262e-02,2.617826e-02,3.335769e-03,5.895361e-01,2.221574e-02,2.194859e-03,2.303715e-01,5.231542e-03
4.544285e-02,6.102272e-03,8.646528e-03,7.296447e-03,1.942494e-02,1.092702e-02,1.214997e-03,1.028808e-02,3.543416e-02,3.841282e-03,5.528309e-01,2.094125e-02,2.699493e-03,2.698159e-01,5.093893e-03
5.923431e-02,1.257701e-02,1.576391e-02,1.375333e-02,2.197250e-02,1.345706e-02,1.399970e-03,1.383161e-02,4.946822e-02,5.265856e-03,4.834783e-01,1.761059e-02,3.058920e-03,2.810796e-01,8.048761e-03
6.889865e-02,1.054714e-02,1.833071e-02,1.211253e-02,1.861217e-02,1.344993e-02,1.433715e-03,1.127984e-02,8.039004e-02,5.288810e-03,3.874779e-01,1.670690e-02,3.013745e-03,3.426386e-01,9.819397e-03
7.245160e-02,9.126049e-03,1.753864e-02,1.063689e-02,1.865655e-02,1.163044e-02,1.281361e-03,9.039113e-03,1.086531e-01,5.318202e-03,3.194695e-01,1.370865e-02,2.691173e-03,3.911425e-01,8.656258e-03
1.157053e-01,9.291940e-03,2.195426e-02,1.203930e-02,2.282833e-02,1.776135e-02,1.314490e-03,1.104517e-02,1.271019e-01,5.475710e-03,2.744357e-01,1.882627e-02,3.179493e-03,3.469436e-01,1.209729e-02
9.601568e-02,7.639621e-03,1.749024e-02,9.962379e-03,2.076604e-02,1.649528e-02,1.018495e-03,8.571950e-03,2.041619e-01,4.735506e-03,2.373921e-01,2.412389e-02,2.827703e-03,3.364989e-01,1.230036e-02
7.923906e-02,7.311408e-03,1.294450e-02,7.255077e-03,1.633638e-02,1.703225e-02,7.612150e-04,6.422091e-03,2.755488e-01,3.864266e-03,2.628654e-01,2.097455e-02,2.155602e-03,2.757229e-01,1.156643e-02
8.621669e-02,5.442485e-03,2.735944e-02,9.328021e-03,1.905230e-02,2.021409e-02,6.220301e-04,6.421329e-03,3.542188e-01,3.113147e-03,2.414408e-01,1.585582e-02,1.702821e-03,1.998223e-01,9.189853e-03
1.065681e-01,4.147488e-03,4.887719e-02,1.152000e-02,2.272902e-02,2.385197e-02,5.514659e-04,6.347623e-03,3.399184e-01,2.858124e-03,2.656871e-01,1.271002e-02,1.599885e-03,1.447930e-01,7.840585e-03
1.033528e-01,4.140965e-03,1.138025e-01,4.737756e-02,3.353867e-02,1.903507e-02,5.480258e-04,1.140013e-02,3.280702e-01,4.266944e-03,2.136962e-01,9.347975e-03,1.226285e-03,1.038076e-01,6.389098e-03
8.756287e-02,8.716763e-03,1.150931e-01,4.688935e-02,3.566783e-02,1.676754e-02,5.585767e-04,1.422864e-02,3.790313e-01,1.237199e-02,1.850549e-01,7.089431e-03,1.094871e-03,8.070208e-02,9.170823e-03
8.433165e-02,1.917873e-02,1.016734e-01,3.911674e-02,3.949777e-02,1.624866e-02,6.199001e-04,2.531585e-02,3.483028e-01,3.124945e-02,1.515650e-01,5.747858e-03,3.518130e-03,7.952855e-02,5.410555e-02
9.523281e-02,2.388783e-02,9.780961e-02,4.118530e-02,4.420205e-02,1.436066e-02,9.389127e-04,2.594958e-02,3.486538e-01,2.439101e-02,1.473167e-01,5.404202e-03,5.859725e-03,6.880182e-02,5.600609e-02
9.556128e-02,2.038564e-02,1.771050e-01,4.564299e-02,3.448056e-02,1.548549e-02,8.566474e-04,2.100800e-02,3.245385e-01,1.870991e-02,1.060109e-01,4.956335e-03,5.550942e-03,5.396434e-02,7.574354e-02
9.938961e-02,1.692647e-02,1.762455e-01,1.197941e-01,2.759558e-02,1.327223e-02,7.034912e-04,1.641424e-02,2.892531e-01,1.456989e-02,8.729860e-02,5.704048e-03,4.968029e-03,5.074187e-02,7.712332e-02
1.102148e-01,1.528061e-02,1.311019e-01,1.139069e-01,2.809857e-02,1.204290e-02,6.347692e-04,1.277868e-02,2.472443e-01,1.681691e-02,1.243327e-01,1.063174e-02,1.285280e-02,6.419354e-02,9.986899e-02
1.352852e-01,1.210287e-02,9.442187e-02,1.145989e-01,2.089223e-02,1.001803e-02,6.743923e-04,9.491484e-03,2.063590e-01,1.424141e-02,1.240090e-01,3.269271e-02,1.995627e-02,1.014190e-01,1.038377e-01
2.138926e-01,1.248994e-02,8.947127e-02,1.562164e-01,1.793403e-02,8.253094e-03,8.984986e-04,8.057787e-03,1.633078e-01,1.191335e-02,9.686696e-02,2.619824e-02,1.655187e-02,7.731964e-02,1.006285e-01
2.872217e-01,1.481474e-02,8.110955e-02,1.195026e-01,1.769048e-02,7.702027e-03,1.117873e-03,7.948890e-03,1.431600e-01,9.806128e-03,7.779266e-02,2.122043e-02,1.351589e-02,7.499373e-02,1.224034e-01
3.590733e-01,2.604987e-02,8.275481e-02,9.500158e-02,2.105440e-02,8.555725e-03,1.425746e-03,9.490981e-03,1.148297e-01,8.437494e-03,5.891540e-02,1.631414e-02,1.121199e-02,7.719857e-02,1.096863e-01
3.978435e-01,2.601517e-02,6.334465e-02,7.686011e-02,2.306902e-02,9.224826e-03,1.544279e-03,9.905381e-03,1.121317e-01,1.151683e-02,4.988808e-02,1.500958e-02,1.026577e-02,7.981755e-02,1.135636e-01
3.362064e-01,2.087627e-02,4.643935e-02,6.093053e-02,1.738796e-02,8.896815e-03,1.623239e-03,8.141865e-03,1.292118e-01,1.768617e-02,3.899219e-02,1.431761e-02,8.775583e-03,1.046852e-01,1.858290e-01
3.623957e-01,2.026955e-02,3.434941e-02,4.541334e-02,1.507556e-02,9.221173e-03,1.354384e-03,6.582002e-03,1.477879e-01,2.255046e-02,3.092038e-02,1.157902e-02,9.649607e-03,9.523217e-02,1.876194e-01
4.939956e-01,1.866400e-02,2.538388e-02,3.544219e-02,1.663406e-02,9.903238e-03,1.376035e-03,6.605224e-03,1.111994e-01,1.766112e-02,2.340204e-02,1.003800e-02,1.109485e-02,7.401814e-02,1.445823e-01
1.000000e+00,0.000000e+00,0.000000e+00,0.000000e+00,0.000000e+00,0.000000e+00,0.000000e+00,0.000000e+00,0.000000e+00,0.000000e+00,0.000000e+00,0.000000e+00,0.000000e+00,0.000000e+00,0.000000e+00
1.000000e+00,0.000000e+00,0.000000e+00,0.000000e+00,0.000000e+00,0.000000e+00,0.000000e+00,0.000000e+00,0.000000e+00,0.000000e+00,0.000000e+00,0.000000e+00,0.000000e+00,0.000000e+00,0.000000e+00
1.000000e+00,0.000000e+00,0.000000e+00,0.000000e+00,0.000000e+00,0.000000e+00,0.000000e+00,0.000000e+00,0.000000e+00,0.000000e+00,0.000000e+00,0.000000e+00,0.000000e+00,0.000000e+00,0.000000e+00
1.000000e+00,0.000000e+00,0.000000e+00,0.000000e+00,0.000000e+00,0.000000e+00,0.000000e+00,0.000000e+00,0.000000e+00,0.000000e+00,0.000000e+00,0.000000e+00,0.000000e+00,0.000000e+00,0.000000e+00
1.000000e+00,0.000000e+00,0.000000e+00,0.000000e+00,0.000000e+00,0.000000e+00,0.000000e+00,0.000000e+00,0.000000e+00,0.000000e+00,0.000000e+00,0.000000e+00,0.000000e+00,0.000000e+00,0.000000e+00
4.721050e-01,1.469595e-02,7.451096e-03,3.572832e-02,8.328160e-03,1.359170e-02,3.311448e-03,7.248382e-03,2.332886e-01,1.673484e-02,2.004320e-02,1.470163e-02,2.833365e-02,5.763587e-02,6.680217e-02
3.652470e-01,1.294806e-02,5.765602e-03,3.037468e-02,7.711198e-03,1.100393e-02,3.014976e-03,6.434938e-03,3.421856e-01,1.971077e-02,1.781783e-02,1.165542e-02,2.537532e-02,6.229247e-02,7.846221e-02
2.878995e-01,1.166102e-02,4.686923e-03,2.647144e-02,1.786075e-02,9.425036e-03,3.443918e-03,5.449948e-03,3.694801e-01,2.939873e-02,2.471228e-02,2.356738e-02,3.510591e-02,6.641716e-02,8.441985e-02
2.099979e-01,9.240232e-03,3.465361e-03,1.900971e-02,1.339846e-02,8.038837e-03,2.578626e-03,3.954225e-03,4.667370e-01,2.260502e-02,1.994837e-02,1.715236e-02,2.950351e-02,7.184944e-02,1.025210e-01
1.478810e-01,6.995910e-03,2.488020e-03,1.360417e-02,1.002257e-02,6.028951e-03,1.837051e-03,2.796113e-03,5.485987e-01,1.680569e-02,1.535980e-02,1.243159e-02,2.820864e-02,6.958240e-02,1.173594e-01
1.044000e-01,5.544500e-03,1.818878e-03,1.002285e-02,7.752197e-03,4.630534e-03,1.299667e-03,1.966563e-03,6.058164e-01,1.271590e-02,1.174995e-02,9.818883e-03,4.313860e-02,6.484468e-02,1.144804e-01
7.628673e-02,5.499217e-03,1.477586e-03,8.078435e-03,8.118636e-03,4.126933e-03,9.396335e-04,1.397154e-03,6.187477e-01,1.011552e-02,1.066696e-02,1.031791e-02,6.942879e-02,5.829916e-02,1.164996e-01
6.013115e-02,8.711849e-03,1.653377e-03,9.660160e-03,9.213839e-03,4.682129e-03,7.239025e-04,1.053811e-03,5.228091e-01,8.001530e-03,1.038477e-02,9.988306e-03,1.555697e-01,5.391286e-02,1.435035e-01
5.121754e-02,1.039698e-02,2.691396e-03,3.162145e-02,1.341409e-02,6.804711e-03,9.054529e-04,1.849651e-03,4.505458e-01,6.364631e-03,1.091942e-02,1.672745e-02,2.120210e-01,4.321786e-02,1.413026e-01
4.603379e-02,1.764215e-02,2.935966e-03,2.618062e-02,1.860064e-02,9.755609e-03,8.837798e-04,2.161460e-03,3.623772e-01,4.642375e-03,1.187856e-02,2.694447e-02,3.221998e-01,3.285475e-02,1.149088e-01
4.020489e-02,1.572486e-02,5.761758e-03,2.339770e-02,2.191338e-02,1.494205e-02,2.307951e-03,2.177707e-02,2.807940e-01,3.570926e-03,1.033517e-02,6.140641e-02,3.808641e-01,2.695932e-02,9.004036e-02
4.640689e-02,1.303534e-02,6.742929e-03,2.031869e-02,1.919204e-02,1.766357e-02,2.488420e-03,3.190881e-02,2.116581e-01,2.893157e-03,9.460752e-03,1.156109e-01,4.171652e-01,2.128211e-02,6.417303e-02
6.260588e-02,9.938623e-03,1.072161e-02,1.584012e-02,3.288558e-02,2.651900e-02,7.329705e-03,3.001950e-02,1.846367e-01,2.502783e-03,9.581758e-03,1.369929e-01,4.083579e-01,1.664003e-02,4.542787e-02
6.583339e-02,7.474335e-03,1.074508e-02,1.412563e-02,2.606513e-02,2.403920e-02,5.906819e-03,2.484793e-02,1.315759e-01,1.978131e-03,8.317917e-03,1.075347e-01,5.243353e-01,1.286204e-02,3.435843e-02
8.130248e-02,5.705561e-03,5.780327e-02,2.639712e-02,2.555699e-02,3.090417e-02,5.453526e-03,6.298047e-02,1.041106e-01,1.718181e-03,6.752330e-03,8.221016e-02,4.745176e-01,9.273140e-03,2.531442e-02
9.646027e-02,6.377757e-03,1.366248e-01,3.519497e-02,2.316687e-02,4.041025e-02,5.336763e-03,6.177023e-02,9.530261e-02,2.631666e-03,5.307044e-03,5.927798e-02,4.027461e-01,6.627991e-03,2.276472e-02
1.220595e-01,1.279497e-02,1.567623e-01,3.965406e-02,3.016722e-02,3.465545e-02,6.630781e-03,4.848035e-02,7.723999e-02,2.321853e-03,5.288309e-03,5.058535e-02,3.876401e-01,5.022279e-03,2.069755e-02
1.249795e-01,7.764156e-02,1.298597e-01,4.468535e-02,3.298663e-02,3.865913e-02,6.752713e-03,3.678187e-02,1.385290e-01,2.788339e-03,5.260853e-03,3.661481e-02,2.981402e-01,3.711164e-03,2.260916e-02
9.342122e-02,5.917662e-02,2.117963e-01,1.427817e-01,2.682022e-02,2.895918e-02,5.612765e-03,2.908933e-02,1.165669e-01,4.822774e-03,4.362406e-03,2.574483e-02,2.120964e-01,2.682946e-03,3.606641e-02
8.405674e-02,5.098019e-02,2.753545e-01,1.406865e-01,5.085997e-02,2.803356e-02,8.940122e-03,3.303925e-02,1.141485e-01,3.988727e-03,3.524975e-03,1.833749e-02,1.552582e-01,2.081350e-03,3.070996e-02
9.028846e-02,4.735952e-02,2.944278e-01,1.298495e-01,8.999862e-02,3.217347e-02,1.085202e-02,3.977657e-02,1.008891e-01,4.321507e-03,3.031292e-03,1.345125e-02,1.148417e-01,2.009452e-03,2.672972e-02
8.286908e-02,4.388985e-02,3.144996e-01,1.809505e-01,9.627149e-02,2.755470e-02,1.434221e-02,4.138441e-02,7.448371e-02,4.298454e-03,3.092049e-03,9.929683e-03,8.248308e-02,1.603669e-03,2.234752e-02
