1.000000e+00,0.000000e+00,0.000000e+00,0.000000e+00,0.000000e+00,0.000000e+00,0.000000e+00,0.000000e+00,0.000000e+00,0.000000e+00,0.000000e+00,0.000000e+00,0.000000e+00,0.000000e+00,0.000000e+00
1.000000e+00,0.000000e+00,0.000000e+00,0.000000e+00,0.000000e+00,0.000000e+00,0.000000e+00,0.000000e+00,0.000000e+00,0.000000e+00,0.000000e+00,0.000000e+00,0.000000e+00,0.000000e+00,0.000000e+00
1.000000e+00,0.000000e+00,0.000000e+00,0.000000e+00,0.000000e+00,0.000000e+00,0.000000e+00,0.000000e+00,0.000000e+00,0.000000e+00,0.000000e+00,0.000000e+00,0.000000e+00,0.000000e+00,0.000000e+00
1.000000e+00,0.000000e+00,0.000000e+00,0.000000e+00,0.000000e+00,0.000000e+00,0.000000e+00,0.000000e+00,0.000000e+00,0.000000e+00,0.000000e+00,0.000000e+00,0.000000e+00,0.000000e+00,0.000000e+00
1.000000e+00,0.000000e+00,0.000000e+00,0.000000e+00,0.000000e+00,0.000000e+00,0.000000e+00,0.000000e+00,0.000000e+00,0.000000e+00,0.000000e+00,0.000000e+00,0.000000e+00,0.000000e+00,0.000000e+00
1.000000e+00,0.000000e+00,0.000000e+00,0.000000e+00,0.000000e+00,0.000000e+00,0.000000e+00,0.000000e+00,0.000000e+00,0.000000e+00,0.000000e+00,0.000000e+00,0.000000e+00,0.000000e+00,0.000000e+00
1.000000e+00,0.000000e+00,0.000000e+00,0.000000e+00,0.000000e+00,0.000000e+00,0.000000e+00,0.000000e+00,0.000000e+00,0.000000e+00,0.000000e+00,0.000000e+00,0.000000e+00,0.000000e+00,0.000000e+00
1.000000e+00,0.000000e+00,0.000000e+00,0.000000e+00,0.000000e+00,0.000000e+00,0.000000e+00,0.000000e+00,0.000000e+00,0.000000e+00,0.000000e+00,0.000000e+00,0.000000e+00,0.000000e+00,0.000000e+00
1.000000e+00,0.000000e+00,0.000000e+00,0.000000e+00,0.000000e+00,0.000000e+00,0.000000e+00,0.000000e+00,0.000000e+00,0.000000e+00,0.000000e+00,0.000000e+00,0.000000e+00,0.000000e+00,0.000000e+00
1.000000e+00,0.000000e+00,0.000000e+00,0.000000e+00,0.000000e+00,0.000000e+00,0.000000e+00,0.000000e+00,0.000000e+00,0.000000e+00,0.000000e+00,0.000000e+00,0.000000e+00,0.000000e+00,0.000000e+00
1.000000e+00,0.000000e+00,0.000000e+00,0.000000e+00,0.000000e+00,0.000000e+00,0.000000e+00,0.000000e+00,0.000000e+00,0.000000e+00,0.000000e+00,0.000000e+00,0.000000e+00,0.000000e+00,0.000000e+00
1.000000e+00,0.000000e+00,0.000000e+00,0.000000e+00,0.000000e+00,0.000000e+00,0.000000e+00,0.000000e+00,0.000000e+00,0.000000e+00,0.000000e+00,0.000000e+00,0.000000e+00,0.000000e+00,0.000000e+00
1.000000e+00,0.000000e+00,0.000000e+00,0.000000e+00,0.000000e+00,0.000000e+00,0.000000e+00,0.000000e+00,0.000000e+00,0.000000e+00,0.000000e+00,0.000000e+00,0.000000e+00,0.000000e+00,0.000000e+00
1.000000e+00,0.000000e+00,0.000000e+00,0.000000e+00,0.000000e+00,0.000000e+00,0.000000e+00,0.000000e+00,0.000000e+00,0.000000e+00,0.000000e+00,0.000000e+00,0.000000e+00,0.000000e+00,0.000000e+00
1.000000e+00,0.000000e+00,0.000000e+00,0.000000e+00,0.000000e+00,0.000000e+00,0.000000e+00,0.000000e+00,0.000000e+00,0.000000e+00,0.000000e+00,0.000000e+00,0.000000e+00,0.000000e+00,0.000000e+00
1.000000e+00,0.000000e+00,0.000000e+00,0.000000e+00,0.000000e+00,0.000000e+00,0.000000e+00,0.000000e+00,0.000000e+00,0.000000e+00,0.000000e+00,0.000000e+00,0.000000e+00,0.000000e+00,0.000000e+00
1.000000e+00,0.000000e+00,0.000000e+00,0.000000e+00,0.000000e+00,0.000000e+00,0.000000e+00,0.000000e+00,0.000000e+00,0.000000e+00,0.000000e+00,0.000000e+00,0.000000e+00,0.000000e+00,0.000000e+00
1.000000e+00,0.000000e+00,0.000000e+00,0.000000e+00,0.000000e+00,0.000000e+00,0.000000e+00,0.000000e+00,0.000000e+00,0.000000e+00,0.000000e+00,0.000000e+00,0.000000e+00,0.000000e+00,0.000000e+00
1.000000e+00,0.000000e+00,0.000000e+00,0.000000e+00,0.000000e+00,0.000000e+00,0.000000e+00,0.000000e+00,0.000000e+00,0.000000e+00,0.000000e+00,0.000000e+00,0.000000e+00,0.000000e+00,0.000000e+00
1.000000e+00,0.000000e+00,0.000000e+00,0.000000e+00,0.000000e+00,0.000000e+00,0.000000e+00,0.000000e+00,0.000000e+00,0.000000e+00,0.000000e+00,0.000000e+00,0.000000e+00,0.000000e+00,0.000000e+00
1.000000e+00,0.000000e+00,0.000000e+00,0.000000e+00,0.000000e+00,0.000000e+00,0.000000e+00,0.000000e+00,0.000000e+00,0.000000e+00,0.000000e+00,0.000000e+00,0.000000e+00,0.000000e+00,0.000000e+00
1.000000e+00,0.000000e+00,0.000000e+00,0.000000e+00,0.000000e+00,0.000000e+00,0.000000e+00,0.000000e+00,0.000000e+00,0.000000e+00,0.000000e+00,0.000000e+00,0.000000e+00,0.000000e+00,0.000000e+00
1.000000e+00,0.000000e+00,0.000000e+00,0.000000e+00,0.000000e+00,0.000000e+00,0.000000e+00,0.000000e+00,0.000000e+00,0.000000e+00,0.000000e+00,0.000000e+00,0.000000e+00,0.000000e+00,0.000000e+00
1.000000e+00,0.000000e+00,0.000000e+00,0.000000e+00,0.000000e+00,0.000000e+00,0.000000e+00,0.000000e+00,0.000000e+00,0.000000e+00,0.000000e+00,0.000000e+00,0.000000e+00,0.000000e+00,0.000000e+00
1.000000e+00,0.000000e+00,0.000000e+00,0.000000e+00,0.000000e+00,0.000000e+00,0.000000e+00,0.000000e+00,0.000000e+00,0.000000e+00,0.000000e+00,0.000000e+00,0.000000e+00,0.000000e+00,0.000000e+00
1.000000e+00,0.000000e+00,0.000000e+00,0.000000e+00,0.000000e+00,0.000000e+00,0.000000e+00,0.000000e+00,0.000000e+00,0.000000e+00,0.000000e+00,0.000000e+00,0.000000e+00,0.000000e+00,0.000000e+00
1.000000e+00,0.000000e+00,0.000000e+00,0.000000e+00,0.000000e+00,0.000000e+00,0.000000e+00,0.000000e+00,0.000000e+00,0.000000e+00,0.000000e+00,0.000000e+00,0.000000e+00,0.000000e+00,0.000000e+00
1.000000e+00,0.000000e+00,0.000000e+00,0.000000e+00,0.000000e+00,0.000000e+00,0.000000e+00,0.000000e+00,0.000000e+00,0.000000e+00,0.000000e+00,0.000000e+00,0.000000e+00,0.000000e+00,0.000000e+00
1.000000e+00,0.000000e+00,0.000000e+00,0.000000e+00,0.000000e+00,0.000000e+00,0.000000e+00,0.000000e+00,0.000000e+00,0.000000e+00,0.000000e+00,0.000000e+00,0.000000e+00,0.000000e+00,0.000000e+00
1.000000e+00,0.000000e+00,0.000000e+00,0.000000e+00,0.000000e+00,0.000000e+00,0.000000e+00,0.000000e+00,0.000000e+00,0.000000e+00,0.000000e+00,0.000000e+00,0.000000e+00,0.000000e+00,0.000000e+00
1.000000e+00,0.000000e+00,0.000000e+00,0.000000e+00,0.000000e+00,0.000000e+00,0.000000e+00,0.000000e+00,0.000000e+00,0.000000e+00,0.000000e+00,0.000000e+00,0.000000e+00,0.000000e+00,0.000000e+00
1.000000e+00,0.000000e+00,0.000000e+00,0.000000e+00,0.000000e+00,0.000000e+00,0.000000e+00,0.000000e+00,0.000000e+00,0.000000e+00,0.000000e+00,0.000000e+00,0.000000e+00,0.000000e+00,0.000000e+00
1.000000e+00,0.000000e+00,0.000000e+00,0.000000e+00,0.000000e+00,0.000000e+00,0.000000e+00,0.000000e+00,0.000000e+00,0.000000e+00,0.000000e+00,0.000000e+00,0.000000e+00,0.000000e+00,0.000000e+00
1.000000e+00,0.000000e+00,0.000000e+00,0.000000e+00,0.000000e+00,0.000000e+00,0.000000e+00,0.000000e+00,0.000000e+00,0.000000e+00,0.000000e+00,0.000000e+00,0.000000e+00,0.000000e+00,0.000000e+00
1.000000e+00,0.000000e+00,0.000000e+00,0.000000e+00,0.000000e+00,0.000000e+00,0.000000e+00,0.000000e+00,0.000000e+00,0.000000e+00,0.000000e+00,0.000000e+00,0.000000e+00,0.000000e+00,0.000000e+00
1.000000e+00,0.000000e+00,0.000000e+00,0.000000e+00,0.000000e+00,0.000000e+00,0.000000e+00,0.000000e+00,0.000000e+00,0.000000e+00,0.000000e+00,0.000000e+00,0.000000e+00,0.000000e+00,0.000000e+00
1.000000e+00,0.000000e+00,0.000000e+00,0.000000e+00,0.000000e+00,0.000000e+00,0.000000e+00,0.000000e+00,0.000000e+00,0.000000e+00,0.000000e+00,0.000000e+00,0.000000e+00,0.000000e+00,0.000000e+00
1.000000e+00,0.000000e+00,0.000000e+00,0.000000e+00,0.000000e+00,0.000000e+00,0.000000e+00,0.000000e+00,0.000000e+00,0.000000e+00,0.000000e+00,0.000000e+00,0.000000e+00,0.000000e+00,0.000000e+00
1.000000e+00,0.000000e+00,0.000000e+00,0.000000e+00,0.000000e+00,0.000000e+00,0.000000e+00,0.000000e+00,0.000000e+00,0.000000e+00,0.000000e+00,0.000000e+00,0.000000e+00,0.000000e+00,0.000000e+00
1.000000e+00,0.000000e+00,0.000000e+00,0.000000e+00,0.000000e+00,0.000000e+00,0.000000e+00,0.000000e+00,0.000000e+00,0.000000e+00,0.000000e+00,0.000000e+00,0.000000e+00,0.000000e+00,0.000000e+00
1.000000e+00,0.000000e+00,0.000000e+00,0.000000e+00,0.000000e+00,0.000000e+00,0.000000e+00,0.000000e+00,0.000000e+00,0.000000e+00,0.000000e+00,0.000000e+00,0.000000e+00,0.000000e+00,0.000000e+00
1.000000e+00,0.000000e+00,0.000000e+00,0.000000e+00,0.000000e+00,0.000000e+00,0.000000e+00,0.000000e+00,0.000000e+00,0.000000e+00,0.000000e+00,0.000000e+00,0.000000e+00,0.000000e+00,0.000000e+00
1.000000e+00,0.000000e+00,0.000000e+00,0.000000e+00,0.000000e+00,0.000000e+00,0.000000e+00,0.000000e+00,0.000000e+00,0.000000e+00,0.000000e+00,0.000000e+00,0.000000e+00,0.000000e+00,0.000000e+00
1.000000e+00,0.000000e+00,0.000000e+00,0.000000e+00,0.000000e+00,0.000000e+00,0.000000e+00,0.000000e+00,0.000000e+00,0.000000e+00,0.000000e+00,0.000000e+00,0.000000e+00,0.000000e+00,0.000000e+00
1.000000e+00,0.000000e+00,0.000000e+00,0.000000e+00,0.000000e+00,0.000000e+00,0.000000e+00,0.000000e+00,0.000000e+00,0.000000e+00,0.000000e+00,0.000000e+00,0.000000e+00,0.000000e+00,0.000000e+00
1.000000e+00,0.000000e+00,0.000000e+00,0.000000e+00,0.000000e+00,0.000000e+00,0.000000e+00,0.000000e+00,0.000000e+00,0.000000e+00,0.000000e+00,0.000000e+00,0.000000e+00,0.000000e+00,0.000000e+00
1.000000e+00,0.000000e+00,0.000000e+00,0.000000e+00,0.000000e+00,0.000000e+00,0.000000e+00,0.000000e+00,0.000000e+00,0.000000e+00,0.000000e+00,0.000000e+00,0.000000e+00,0.000000e+00,0.000000e+00
1.000000e+00,0.000000e+00,0.000000e+00,0.000000e+00,0.000000e+00,0.000000e+00,0.000000e+00,0.000000e+00,0.000000e+00,0.000000e+00,0.000000e+00,0.000000e+00,0.000000e+00,0.000000e+00,0.000000e+00
1.000000e+00,0.000000e+00,0.000000e+00,0.000000e+00,0.000000e+00,0.000000e+00,0.000000e+00,0.000000e+00,0.000000e+00,0.000000e+00,0.000000e+00,0.000000e+00,0.000000e+00,0.000000e+00,0.000000e+00
1.000000e+00,0.000000e+00,0.000000e+00,0.000000e+00,0.000000e+00,0.000000e+00,0.000000e+00,0.000000e+00,0.000000e+00,0.000000e+00,0.000000e+00,0.000000e+00,0.000000e+00,0.000000e+00,0.000000e+00
1.000000e+00,0.000000e+00,0.000000e+00,0.000000e+00,0.000000e+00,0.000000e+00,0.000000e+00,0.000000e+00,0.000000e+00,0.000000e+00,0.000000e+00,0.000000e+00,0.000000e+00,0.000000e+00,0.000000e+00
1.000000e+00,0.000000e+00,0.000000e+00,0.000000e+00,0.000000e+00,0.000000e+00,0.000000e+00,0.000000e+00,0.000000e+00,0.000000e+00,0.000000e+00,0.000000e+00,0.000000e+00,0.000000e+00,0.000000e+00
1.000000e+00,0.000000e+00,0.000000e+00,0.000000e+00,0.000000e+00,0.000000e+00,0.000000e+00,0.000000e+00,0.000000e+00,0.000000e+00,0.000000e+00,0.000000e+00,0.000000e+00,0.000000e+00,0.000000e+00
1.000000e+00,0.000000e+00,0.000000e+00,0.000000e+00,0.000000e+00,0.000000e+00,0.000000e+00,0.000000e+00,0.000000e+00,0.000000e+00,0.000000e+00,0.000000e+00,0.000000e+00,0.000000e+00,0.000000e+00
1.000000e+00,0.000000e+00,0.000000e+00,0.000000e+00,0.000000e+00,0.000000e+00,0.000000e+00,0.000000e+00,0.000000e+00,0.000000e+00,0.000000e+00,0.000000e+00,0.000000e+00,0.000000e+00,0.000000e+00
1.000000e+00,0.000000e+00,0.000000e+00,0.000000e+00,0.000000e+00,0.000000e+00,0.000000e+00,0.000000e+00,0.000000e+00,0.000000e+00,0.000000e+00,0.000000e+00,0.000000e+00,0.000000e+00,0.000000e+00
1.000000e+00,0.000000e+00,0.000000e+00,0.000000e+00,0.000000e+00,0.000000e+00,0.000000e+00,0.000000e+00,0.000000e+00,0.000000e+00,0.000000e+00,0.000000e+00,0.000000e+00,0.000000e+00,0.000000e+00
1.000000e+00,0.000000e+00,0.000000e+00,0.000000e+00,0.000000e+00,0.000000e+00,0.000000e+00,0.000000e+00,0.000000e+00,0.000000e+00,0.000000e+00,0.000000e+00,0.000000e+00,0.000000e+00,0.000000e+00
3.992210e-01,5.478259e-03,2.784592e-03,9.175932e-03,1.337679e-03,2.000130e-02,1.633942e-03,2.826326e-03,4.693271e-03,1.262253e-03,4.857104e-01,1.318037e-02,4.121704e-03,3.505415e-02,1.351874e-02
2.798077e-01,3.967613e-03,1.983480e-03,6.548484e-03,9.595421e-04,1.472850e-02,1.165587e-03,2.011632e-03,3.682746e-03,1.007986e-03,6.305808e-01,1.083965e-02,3.019871e-03,2.965057e-02,1.004580e-02
1.962319e-01,3.489118e-03,1.618436e-03,4.780712e-03,1.008510e-03,1.220035e-02,9.733516e-04,1.441551e-03,3.459355e-03,2.554245e-03,7.201868e-01,1.073350e-02,2.329443e-03,2.962434e-02,9.368308e-03
1.375044e-01,3.123329e-03,1.299558e-03,3.555866e-03,1.486713e-03,1.024947e-02,8.802988e-04,1.044027e-03,3.020426e-03,2.766502e-03,7.917314e-01,9.886350e-03,1.803531e-03,2.403242e-02,7.615728e-03
9.658091e-02,2.801198e-03,1.417565e-03,3.801853e-03,2.927186e-03,1.048688e-02,8.914198e-04,8.860091e-04,5.962414e-03,5.937959e-03,8.263405e-01,1.064074e-02,1.682421e-03,2.253241e-02,7.110507e-03
6.835080e-02,3.133530e-03,2.385502e-03,3.085071e-03,2.842903e-03,1.348823e-02,1.225055e-03,8.063114e-04,8.450821e-03,5.980216e-03,8.421538e-01,1.793284e-02,1.472333e-03,2.020461e-02,8.488003e-03
4.815890e-02,6.115595e-03,2.042786e-03,2.248592e-03,2.768108e-03,1.070465e-02,1.155521e-03,5.988595e-04,7.081109e-03,7.716868e-03,8.506908e-01,2.953542e-02,1.215017e-03,1.729521e-02,1.267258e-02
3.464969e-02,5.736884e-03,1.813049e-03,1.925098e-03,2.876750e-03,9.492372e-03,1.160142e-03,6.038910e-04,8.194936e-03,1.543611e-02,8.538804e-01,3.599267e-02,1.092536e-03,1.569687e-02,1.144869e-02
2.538342e-02,5.903529e-03,2.093888e-03,1.609440e-03,2.862803e-03,7.873553e-03,1.446554e-03,7.437788e-04,1.262582e-02,2.012122e-02,8.125201e-01,7.314622e-02,1.045008e-03,2.155220e-02,1.107248e-02
2.373968e-02,7.702609e-03,6.926257e-03,1.624756e-03,4.445600e-03,8.278044e-03,2.444523e-03,2.732947e-03,1.640148e-02,2.387329e-02,7.059939e-01,1.448626e-01,1.172989e-03,3.761915e-02,1.218227e-02
2.324230e-02,7.917982e-03,6.573304e-03,1.418572e-03,5.203075e-03,7.699552e-03,2.711291e-03,2.489170e-03,1.919090e-02,3.431529e-02,6.511991e-01,1.757448e-01,1.216662e-03,4.619813e-02,1.487994e-02
2.393336e-02,1.393014e-02,1.256874e-02,1.689420e-02,2.408128e-02,9.952192e-03,2.677285e-03,2.247142e-03,2.448691e-02,4.449042e-02,5.826887e-01,1.879175e-01,3.306919e-03,3.529115e-02,1.553412e-02
3.132965e-02,1.434533e-02,1.097844e-02,1.475601e-02,2.391211e-02,1.006794e-02,1.994601e-03,2.378053e-03,3.081514e-02,4.173405e-02,5.769202e-01,1.808431e-01,3.463738e-03,4.385645e-02,1.260525e-02
2.491098e-02,1.246559e-02,1.319643e-02,1.092683e-02,1.806711e-02,8.624410e-03,1.432822e-03,1.773804e-03,2.378138e-02,4.937458e-02,6.346689e-01,1.433401e-01,2.822893e-03,4.513751e-02,9.476586e-03
8.269223e-02,1.374957e-02,1.584143e-02,8.784326e-03,1.376414e-02,1.028660e-02,1.092034e-03,1.906685e-03,2.189418e-02,5.105535e-02,5.765666e-01,1.164084e-01,2.821642e-03,7.434196e-02,8.794860e-03
9.528230e-02,1.302474e-02,1.369035e-02,7.153314e-03,1.134169e-02,9.984216e-03,8.307306e-04,1.975578e-03,1.987395e-02,5.488581e-02,5.818703e-01,9.391068e-02,2.556522e-03,8.674902e-02,6.870740e-03
1.257707e-01,1.350919e-02,1.073067e-02,8.390899e-03,9.238631e-03,1.459920e-02,8.273744e-04,3.121767e-03,2.234860e-02,5.318273e-02,5.490652e-01,8.525260e-02,3.492736e-03,9.239259e-02,8.076969e-03
1.177085e-01,1.167420e-02,8.230864e-03,7.378677e-03,7.368230e-03,2.039520e-02,7.867810e-04,3.597922e-03,2.007675e-02,5.190764e-02,5.938160e-01,6.925827e-02,3.476475e-03,7.723019e-02,7.094271e-03
1.098693e-01,1.508808e-02,7.154115e-03,7.463060e-03,7.412782e-03,2.284890e-02,1.051713e-03,4.515832e-03,2.346971e-02,5.792847e-02,5.956888e-01,6.345963e-02,3.623767e-03,7.229359e-02,8.132172e-03
1.114398e-01,5.219999e-02,1.326074e-02,7.103672e-03,6.856168e-03,2.793973e-02,1.222864e-03,5.129359e-03,7.147833e-02,8.264735e-02,4.772474e-01,4.789041e-02,3.432896e-03,8.138102e-02,1.077024e-02
1.262890e-01,5.679448e-02,4.884807e-02,1.212903e-02,6.580825e-03,2.863950e-02,1.606966e-03,1.297287e-02,1.105100e-01,7.956281e-02,4.035192e-01,3.527442e-02,3.938623e-03,6.383732e-02,9.496808e-03
1.310029e-01,5.622614e-02,1.558284e-01,2.177428e-02,6.651089e-03,2.895201e-02,1.446167e-03,9.573262e-03,9.752183e-02,7.015123e-02,3.213857e-01,2.516665e-02,3.187871e-03,5.930430e-02,1.182820e-02
9.398333e-02,4.331229e-02,2.712337e-01,1.188957e-01,5.103626e-03,2.103047e-02,1.058054e-03,7.111168e-03,7.802533e-02,5.808008e-02,2.262744e-01,1.764032e-02,2.277555e-03,4.199351e-02,1.398032e-02
9.822335e-02,5.495240e-02,2.983360e-01,1.379147e-01,4.502994e-03,1.805927e-02,8.141759e-04,5.391308e-03,6.983571e-02,7.385485e-02,1.694659e-01,1.263241e-02,1.907425e-03,3.716744e-02,1.694196e-02
7.200994e-02,3.994285e-02,2.303311e-01,3.607811e-01,4.692373e-03,1.371018e-02,6.782198e-04,4.222307e-03,5.201379e-02,5.288369e-02,1.194451e-01,8.864583e-03,1.403588e-03,2.640924e-02,1.261191e-02
8.006102e-02,3.906764e-02,1.873840e-01,4.210556e-01,1.522898e-02,2.141482e-02,8.162416e-04,3.060525e-03,4.045314e-02,5.612776e-02,9.251833e-02,6.532338e-03,1.397397e-03,2.140389e-02,1.347840e-02
7.335916e-02,3.350367e-02,1.414948e-01,4.660450e-01,6.333852e-02,3.053115e-02,8.261749e-03,3.454169e-03,3.323486e-02,4.509177e-02,6.816403e-02,5.045870e-03,1.501982e-03,1.584040e-02,1.113289e-02
1.184613e-01,8.452922e-02,1.060319e-01,3.581431e-01,9.032316e-02,3.403686e-02,6.819043e-03,3.542654e-03,3.633113e-02,5.887260e-02,6.420405e-02,6.279586e-03,4.208674e-03,1.627359e-02,1.194319e-02
9.966707e-02,6.503636e-02,8.451324e-02,4.375989e-01,1.091345e-01,2.954621e-02,5.699534e-03,9.158637e-03,2.981481e-02,4.533292e-02,5.366571e-02,5.503669e-03,3.527173e-03,1.180561e-02,9.995737e-03
1.166844e-01,5.741242e-02,1.154725e-01,3.885153e-01,1.249561e-01,2.536205e-02,4.478498e-03,2.820212e-02,3.445604e-02,3.327309e-02,4.451361e-02,5.433623e-03,3.799387e-03,8.635490e-03,8.805366e-03
1.837460e-01,6.295844e-02,1.183214e-01,3.248705e-01,1.111676e-01,2.716955e-02,4.633523e-03,2.815169e-02,3.694815e-02,2.616603e-02,3.849603e-02,1.275397e-02,5.158499e-03,7.683666e-03,1.177506e-02
2.324100e-01,6.481998e-02,9.929161e-02,3.050762e-01,8.874431e-02,2.454740e-02,4.651022e-03,2.548536e-02,3.610604e-02,2.038405e-02,3.645258e-02,2.883646e-02,1.051236e-02,8.017087e-03,1.466563e-02
3.649844e-01,5.075246e-02,9.094295e-02,2.417476e-01,6.436986e-02,2.547430e-02,4.105289e-03,2.010833e-02,2.873677e-02,1.537719e-02,3.109567e-02,2.782079e-02,1.104633e-02,7.760004e-03,1.567805e-02
3.927905e-01,3.978277e-02,1.352392e-01,2.129250e-01,4.627042e-02,2.602613e-02,3.453144e-03,1.744702e-02,2.389420e-02,1.191848e-02,3.103880e-02,2.319669e-02,9.377767e-03,7.490003e-03,1.914982e-02
3.960055e-01,4.072868e-02,1.846938e-01,1.706233e-01,3.315693e-02,2.475710e-02,2.567186e-03,1.312925e-02,2.770158e-02,1.999735e-02,2.484164e-02,1.789649e-02,7.147239e-03,1.653621e-02,2.021784e-02
3.684328e-01,4.455730e-02,2.271931e-01,1.275391e-01,2.392415e-02,2.457987e-02,1.948559e-03,1.043112e-02,3.503143e-02,3.464835e-02,2.046246e-02,1.387775e-02,5.698534e-03,3.615290e-02,2.552263e-02
3.602381e-01,3.867684e-02,2.171955e-01,1.224684e-01,1.856256e-02,2.094616e-02,1.727487e-03,9.712677e-03,7.626534e-02,2.928586e-02,1.664809e-02,1.241471e-02,5.230037e-03,3.339328e-02,3.723482e-02
2.588410e-01,2.931185e-02,2.130006e-01,9.086923e-02,1.324965e-02,1.537148e-02,1.232637e-03,7.075087e-03,1.001153e-01,2.393105e-02,1.424806e-02,8.807760e-03,4.597260e-03,1.293075e-01,9.004150e-02
1.826536e-01,2.168979e-02,1.568745e-01,6.425915e-02,9.351164e-03,1.095106e-02,8.772395e-04,4.990677e-03,1.565166e-01,2.002854e-02,1.062412e-02,6.268748e-03,3.741563e-03,1.834058e-01,1.677675e-01
1.286802e-01,1.545735e-02,1.099808e-01,4.505168e-02,6.664560e-03,7.747028e-03,6.241623e-04,3.517701e-03,1.522478e-01,1.739521e-02,8.401166e-03,4.669418e-03,2.801497e-03,2.482248e-01,2.485367e-01
9.438012e-02,1.125759e-02,7.742263e-02,3.180388e-02,5.498106e-03,5.821760e-03,4.982572e-04,2.523506e-03,1.088458e-01,1.503321e-02,9.529768e-03,3.590743e-03,3.556965e-03,3.680359e-01,2.622018e-01
6.921484e-02,8.616607e-03,5.469947e-02,2.242091e-02,4.003678e-03,4.250638e-03,3.899233e-04,1.793701e-03,7.772733e-02,1.462373e-02,7.162421e-03,2.903946e-03,2.742175e-03,4.292003e-01,3.002504e-01
4.943963e-02,6.260450e-03,3.843350e-02,1.572080e-02,2.873708e-03,3.203545e-03,3.274282e-04,1.261518e-03,5.541906e-02,1.260333e-02,6.227752e-03,2.723057e-03,2.283845e-03,5.415047e-01,2.617177e-01
3.783475e-02,4.896697e-03,2.714187e-02,1.113845e-02,2.541644e-03,2.797614e-03,3.134610e-04,8.906061e-04,5.039877e-02,1.384221e-02,6.392008e-03,3.203742e-03,3.317425e-03,5.478123e-01,2.874785e-01
3.476170e-02,4.214356e-03,2.227018e-02,9.763287e-03,2.895560e-03,2.601108e-03,3.877517e-04,6.906883e-04,1.489664e-01,1.697042e-02,7.321793e-03,2.971547e-03,4.053581e-03,4.715115e-01,2.706202e-01
3.126084e-02,4.215199e-03,1.903461e-02,7.511474e-03,3.252332e-03,3.793583e-03,4.819216e-04,5.309249e-04,2.246974e-01,1.895328e-02,7.706360e-03,2.385173e-03,4.481276e-03,4.269074e-01,2.447883e-01
2.556574e-02,7.143320e-03,3.826146e-02,5.868614e-03,6.999058e-03,6.121254e-03,5.110605e-04,5.899585e-04,2.356269e-01,2.948678e-02,6.418884e-03,1.795102e-03,3.331066e-03,3.980758e-01,2.342049e-01
2.830259e-02,8.255131e-03,1.152715e-01,8.312648e-03,1.770402e-02,4.545853e-02,1.267505e-03,3.346637e-03,2.346630e-01,3.046916e-02,6.916733e-03,1.395616e-03,2.589565e-03,3.189895e-01,1.770580e-01
3.548193e-02,1.419518e-02,1.694223e-01,8.396433e-03,2.284503e-02,4.225365e-02,1.866388e-03,3.491259e-03,2.411578e-01,4.574579e-02,7.620384e-03,1.108660e-03,2.867017e-03,2.591677e-01,1.443804e-01
9.507044e-02,1.933709e-02,1.381485e-01,9.464806e-03,6.193998e-02,4.541643e-02,8.371515e-03,1.226396e-02,2.323405e-01,3.809510e-02,6.860341e-03,1.082918e-03,4.146666e-03,1.968529e-01,1.306089e-01
1.379011e-01,2.724842e-02,1.047943e-01,1.295964e-02,1.249439e-01,4.497263e-02,1.043815e-02,1.083719e-02,2.154426e-01,4.625789e-02,7.040110e-03,1.187851e-03,5.458100e-03,1.451307e-01,1.053873e-01
1.263043e-01,3.991299e-02,9.257833e-02,8.722952e-02,1.053779e-01,3.469738e-02,8.146423e-03,8.533498e-03,2.415354e-01,3.681110e-02,6.158533e-03,1.928971e-03,5.698672e-03,1.021672e-01,1.029197e-01
1.838448e-01,3.823340e-02,7.681450e-02,9.218556e-02,1.237703e-01,2.817950e-02,7.372144e-03,1.228135e-02,2.363250e-01,2.679173e-02,8.470717e-03,3.870418e-03,6.822906e-03,7.688513e-02,7.815249e-02
2.250227e-01,4.731669e-02,6.238808e-02,8.506353e-02,1.381826e-01,2.645329e-02,6.038426e-03,1.438263e-02,2.237632e-01,2.061963e-02,1.148307e-02,6.314659e-03,1.077872e-02,5.868168e-02,6.351106e-02
2.869017e-01,3.893419e-02,4.655627e-02,1.077525e-01,1.288170e-01,2.741878e-02,1.017106e-02,1.766159e-02,1.736495e-01,1.624950e-02,2.506055e-02,2.068111e-02,1.024121e-02,4.248666e-02,4.741837e-02
3.359226e-01,3.019985e-02,3.615044e-02,9.846924e-02,1.366486e-01,3.672351e-02,7.590377e-03,2.962435e-02,1.346986e-01,1.212913e-02,3.800112e-02,2.583768e-02,1.162096e-02,3.099534e-02,3.538827e-02
4.119088e-01,2.746673e-02,2.767297e-02,7.825711e-02,1.195108e-01,3.436806e-02,6.009630e-03,2.542863e-02,1.181275e-01,1.087006e-02,3.948526e-02,2.916013e-02,1.473322e-02,2.493428e-02,3.206679e-02
4.030674e-01,2.558881e-02,2.102006e-02,6.986440e-02,9.344491e-02,3.201815e-02,4.823318e-03,2.040431e-02,1.613318e-01,1.297299e-02,4.155638e-02,2.543119e-02,1.746129e-02,2.081145e-02,5.020343e-02
3.369132e-01,2.738213e-02,1.508202e-02,5.372026e-02,7.045036e-02,3.148422e-02,3.638161e-03,1.492294e-02,2.149553e-01,1.658672e-02,9.377415e-02,2.032335e-02,2.083969e-02,1.826846e-02,6.165902e-02
2.388482e-01,2.226864e-02,1.073116e-02,3.860665e-02,5.098800e-02,2.258803e-02,2.579777e-03,1.050262e-02,3.967102e-01,1.576266e-02,7.760417e-02,1.441437e-02,1.605775e-02,1.411206e-02,6.822579e-02
1.677251e-01,1.633368e-02,7.551479e-03,2.759511e-02,3.605569e-02,1.611593e-02,1.814445e-03,7.376697e-03,5.647660e-01,1.251416e-02,5.535375e-02,1.012274e-02,1.146521e-02,1.025240e-02,5.495754e-02
1.176450e-01,1.177679e-02,5.292116e-03,1.946155e-02,2.527282e-02,1.260063e-02,1.274294e-03,5.169407e-03,6.627489e-01,9.179212e-03,3.949086e-02,7.206236e-03,8.551167e-03,7.630180e-03,6.670080e-02
8.261858e-02,8.407931e-03,3.713516e-03,1.373409e-02,1.775898e-02,1.098265e-02,9.013779e-04,3.627864e-03,6.626091e-01,6.717631e-03,3.065431e-02,5.331729e-03,7.282645e-03,1.007643e-02,1.355832e-01
5.815991e-02,6.084948e-03,2.624079e-03,9.801287e-03,1.246347e-02,1.088484e-02,6.420190e-04,2.545647e-03,6.719844e-01,5.979022e-03,2.527394e-02,5.279801e-03,5.983471e-03,1.505048e-02,1.672426e-01
4.776666e-02,4.505244e-03,1.869668e-03,7.365237e-03,9.027373e-03,9.702282e-03,4.911033e-04,1.837551e-03,5.813126e-01,5.668170e-03,3.814641e-02,9.303637e-03,1.415174e-02,7.019588e-02,1.986564e-01
3.768540e-02,3.635658e-03,1.399054e-03,5.453444e-03,6.518749e-03,9.113988e-03,3.979215e-04,1.334733e-03,4.462723e-01,4.523813e-03,6.579886e-02,8.518546e-03,1.930043e-02,1.450532e-01,2.449938e-01
2.701352e-02,2.860258e-03,1.079202e-03,3.879743e-03,4.678796e-03,7.735301e-03,2.974215e-04,9.544482e-04,3.593883e-01,3.640988e-03,6.587391e-02,6.425677e-03,1.712243e-02,2.374878e-01,2.615622e-01
2.038947e-02,2.424632e-03,8.553850e-04,2.828110e-03,3.438832e-03,6.417919e-03,2.235828e-04,6.777133e-04,2.823769e-01,4.210976e-03,6.115187e-02,4.730767e-03,1.249635e-02,3.797988e-01,2.179787e-01
1.605712e-02,2.774809e-03,1.158784e-03,2.175614e-03,2.929378e-03,6.388420e-03,2.191955e-04,5.294584e-04,2.635201e-01,6.199982e-03,7.496580e-02,3.974660e-03,9.217653e-03,4.417460e-01,1.681430e-01
1.241416e-02,3.419298e-03,1.495943e-03,1.679731e-03,2.748813e-03,5.593678e-03,1.952170e-04,4.337670e-04,2.358924e-01,1.092921e-02,9.032828e-02,3.486290e-03,6.880010e-03,5.003811e-01,1.241221e-01
9.845469e-03,4.241394e-03,1.993893e-03,1.316411e-03,5.140114e-03,4.816566e-03,1.731108e-04,4.094105e-04,2.390404e-01,1.465828e-02,9.115906e-02,2.696783e-03,5.151115e-03,5.240966e-01,9.526144e-02
7.435522e-03,3.736666e-03,2.597564e-03,1.054961e-03,4.066598e-03,5.590505e-03,1.452044e-04,3.321542e-04,1.968479e-01,1.861000e-02,1.195015e-01,2.666930e-03,4.069506e-03,5.646834e-01,6.866161e-02
5.788617e-03,4.129032e-03,9.308681e-03,9.167823e-04,3.296368e-03,7.640162e-03,1.734706e-04,3.710666e-04,1.634361e-01,1.990858e-02,1.444626e-01,4.038451e-03,3.282597e-03,5.846756e-01,4.857204e-02
4.324323e-03,3.663216e-03,8.478057e-03,7.027454e-04,2.485946e-03,1.404558e-02,1.296389e-04,2.927174e-04,1.293496e-01,1.779066e-02,1.587472e-01,3.953335e-03,2.633047e-03,6.189780e-01,3.442588e-02
3.138973e-03,2.736483e-03,6.239904e-03,5.376613e-04,1.906702e-03,1.378277e-02,9.608503e-05,2.162022e-04,9.905424e-02,1.404172e-02,1.443933e-01,3.239320e-03,1.929544e-03,6.843554e-01,2.433173e-02
2.251909e-03,2.029664e-03,4.464237e-03,4.051979e-04,1.429667e-03,1.041059e-02,7.057740e-05,1.539201e-04,8.006845e-02,1.074105e-02,1.198269e-01,2.790246e-03,1.381423e-03,7.468531e-01,1.712314e-02
1.627994e-03,1.607624e-03,3.273791e-03,3.380257e-04,1.259238e-03,7.780820e-03,5.930825e-05,1.138531e-04,9.651847e-02,9.872649e-03,1.061393e-01,2.749683e-03,1.022532e-03,7.554401e-01,1.219655e-02
1.202236e-03,1.283710e-03,2.504924e-03,2.625463e-04,1.044656e-03,6.254196e-03,4.568729e-05,8.683679e-05,8.949175e-02,1.170850e-02,1.169827e-01,2.246694e-03,7.447193e-04,7.573414e-01,8.799276e-03
9.001684e-04,1.440291e-03,1.956165e-03,2.073541e-04,8.376731e-04,7.995745e-03,3.689737e-05,6.923879e-05,8.091554e-02,1.595170e-02,1.460086e-01,2.173022e-03,6.023904e-04,7.344959e-01,6.409263e-03
7.676868e-04,1.000834e-02,1.780436e-03,1.776546e-04,7.749897e-04,3.916491e-02,3.377289e-05,6.232027e-05,9.031111e-02,1.223822e-01,1.449645e-01,2.347239e-03,5.636691e-04,5.814555e-01,5.205529e-03
6.033494e-04,9.082282e-03,1.344133e-03,1.459286e-04,6.432974e-04,3.174834e-02,2.532806e-05,4.768274e-05,8.082242e-02,2.622002e-01,1.589928e-01,2.228433e-03,4.997853e-04,4.475502e-01,4.065787e-03
5.103377e-04,1.164644e-02,1.009116e-03,1.279242e-04,6.570323e-04,3.426658e-02,2.534158e-05,3.637340e-05,1.033264e-01,3.589483e-01,1.469106e-01,2.309849e-03,6.568502e-04,3.362290e-01,3.339801e-03
4.173199e-04,9.002521e-03,7.325542e-04,1.476550e-04,8.778550e-04,2.773367e-02,2.991267e-05,2.860561e-05,1.079120e-01,4.791667e-01,1.170628e-01,2.144769e-03,1.243905e-03,2.505268e-01,2.972970e-03
3.661420e-04,7.207871e-03,5.650894e-04,1.672913e-04,1.566075e-03,2.363373e-02,7.133443e-05,2.591672e-05,1.559705e-01,5.189178e-01,9.252539e-02,1.902364e-03,1.425258e-03,1.930962e-01,2.559050e-03
5.638308e-04,8.300792e-03,6.546994e-04,1.758493e-04,1.569687e-03,2.499413e-02,1.006215e-04,4.288328e-05,1.661203e-01,5.682412e-01,7.394125e-02,1.927834e-03,2.179318e-03,1.477876e-01,3.399936e-03
8.185143e-04,1.883896e-02,1.177630e-03,1.741974e-04,1.852902e-03,2.874452e-02,1.319600e-04,6.440918e-05,1.664160e-01,6.078647e-01,5.756768e-02,1.586414e-03,2.148130e-03,1.081090e-01,4.504980e-03
4.672965e-03,3.963523e-02,1.600218e-02,1.148981e-03,9.196411e-03,3.978123e-02,9.754612e-04,1.306451e-02,1.550718e-01,5.831631e-01,4.369297e-02,3.576146e-03,7.666226e-03,7.713342e-02,5.219384e-03
1.178605e-02,3.113709e-02,1.171333e-02,1.582421e-03,1.087153e-02,3.561008e-02,8.157971e-04,1.006216e-02,1.148450e-01,6.372408e-01,5.650463e-02,3.397512e-03,6.277699e-03,6.149752e-02,6.658369e-03
1.529231e-02,3.237874e-02,1.316843e-02,2.716186e-03,1.484249e-02,3.194807e-02,9.627258e-04,1.119567e-02,9.125853e-02,6.770588e-01,4.445374e-02,4.863020e-03,7.006090e-03,4.478011e-02,8.075099e-03
1.243525e-02,3.078460e-02,1.271794e-02,4.029346e-03,1.158115e-02,2.566889e-02,1.489217e-03,8.450427e-03,6.914704e-02,7.150912e-01,4.253584e-02,1.246119e-02,1.111812e-02,3.294528e-02,9.544553e-03
9.440346e-03,4.284496e-02,1.137369e-02,5.759453e-03,8.732147e-03,2.299225e-02,2.295192e-03,6.213763e-03,5.541991e-02,7.286578e-01,4.212083e-02,1.801237e-02,1.352718e-02,2.373405e-02,8.876102e-03
7.328076e-03,3.653447e-02,9.405699e-03,6.981310e-03,6.709234e-03,1.853584e-02,2.060093e-03,4.949987e-03,4.190343e-02,7.557498e-01,3.968835e-02,2.434868e-02,1.994807e-02,1.788818e-02,7.968839e-03
5.382885e-03,2.671085e-02,6.998789e-03,7.679790e-03,5.092842e-03,1.434635e-02,1.620757e-03,4.060945e-03,3.068401e-02,7.023948e-01,7.789608e-02,5.454658e-02,3.873354e-02,1.539006e-02,8.461778e-03
3.932199e-03,1.890934e-02,5.079837e-03,6.014744e-03,3.916525e-03,1.107169e-02,1.173414e-03,4.560335e-03,2.279063e-02,5.745267e-01,1.545527e-01,1.128101e-01,5.963444e-02,1.368285e-02,7.344523e-03
2.941466e-03,1.360023e-02,4.275955e-03,4.681501e-03,3.089921e-03,8.109214e-03,8.318654e-04,3.585413e-03,1.778949e-02,4.469210e-01,2.564272e-01,1.515316e-01,6.800283e-02,1.233396e-02,5.878394e-03
2.670888e-03,1.035528e-02,3.994162e-03,5.818642e-03,2.917927e-03,6.720480e-03,6.338495e-04,3.135386e-03,1.523289e-02,3.630896e-01,2.937378e-01,1.835809e-01,8.682467e-02,1.450394e-02,6.783600e-03
3.744107e-03,8.156214e-03,3.622318e-03,6.208299e-03,3.438670e-03,7.543575e-03,4.862695e-04,2.519334e-03,1.462054e-02,2.668809e-01,3.361845e-01,2.396226e-01,7.557884e-02,2.431622e-02,7.077661e-03
5.848327e-03,6.033271e-03,3.249825e-03,5.617884e-03,3.548613e-03,6.329383e-03,3.657817e-04,2.200314e-03,1.330599e-02,2.119896e-01,4.009659e-01,2.558143e-01,5.843493e-02,2.087972e-02,5.416146e-03
8.037133e-03,4.859041e-03,2.836915e-03,5.012921e-03,4.734809e-03,5.675359e-03,2.911452e-04,1.956380e-03,1.211880e-02,1.753393e-01,4.174587e-01,2.921439e-01,4.658221e-02,1.876474e-02,4.188491e-03
9.839624e-03,4.365815e-03,2.407265e-03,3.828392e-03,6.344022e-03,4.719436e-03,2.540881e-04,2.439699e-03,1.728549e-02,1.341850e-01,3.568358e-01,4.020682e-01,3.579085e-02,1.658181e-02,3.054466e-03
1.021039e-02,4.382641e-03,1.774039e-03,2.844590e-03,5.079240e-03,4.313165e-03,2.087251e-04,2.170273e-03,1.777287e-02,1.007376e-01,3.035870e-01,5.020079e-01,2.944713e-02,1.321836e-02,2.246154e-03
2.850681e-02,7.770163e-03,1.504793e-03,2.876076e-03,6.348541e-03,5.787341e-03,3.676137e-04,3.749332e-03,8.279064e-02,7.522974e-02,2.667473e-01,4.754496e-01,2.873415e-02,1.183268e-02,2.305166e-03
2.591701e-02,8.540876e-03,1.241587e-03,2.333879e-03,7.971783e-03,6.171088e-03,3.635246e-04,4.952152e-03,1.273733e-01,5.565858e-02,2.131585e-01,5.090669e-01,2.414220e-02,1.132786e-02,1.780674e-03
3.555079e-02,8.796603e-03,1.179613e-03,2.132916e-03,6.701603e-03,7.563329e-03,3.383114e-04,6.457052e-03,1.208701e-01,4.113698e-02,1.672174e-01,5.711291e-01,2.028747e-02,9.242080e-03,1.396659e-03
4.400973e-02,1.404572e-02,1.232458e-03,1.995119e-03,5.971832e-03,7.317487e-03,3.975246e-04,8.558806e-03,1.402187e-01,3.003003e-02,1.226370e-01,5.991662e-01,1.585843e-02,7.437075e-03,1.123910e-03
4.269014e-02,1.858967e-02,1.025390e-03,1.666749e-03,4.900863e-03,5.860810e-03,3.461011e-04,8.229380e-03,1.713094e-01,2.140703e-02,9.057086e-02,6.140912e-01,1.270233e-02,5.688880e-03,9.213083e-04
3.224600e-02,1.872682e-02,9.776014e-04,1.401417e-03,1.013775e-02,4.447851e-03,3.690907e-04,9.430849e-03,3.560646e-01,1.519171e-02,6.737863e-02,4.693010e-01,9.468924e-03,4.106811e-03,7.509248e-04
2.360626e-02,1.695667e-02,9.075923e-04,1.262511e-03,9.974379e-03,3.899697e-03,3.225283e-04,1.488646e-02,5.047753e-01,1.074754e-02,4.960559e-02,3.523129e-01,7.227981e-03,2.969054e-03,5.455794e-04
1.704497e-02,2.604172e-02,9.052440e-04,1.007038e-03,8.084305e-03,3.169411e-03,2.515960e-04,1.544955e-02,6.255445e-01,7.568128e-03,3.591980e-02,2.511254e-01,5.390661e-03,2.102720e-03,3.948713e-04
1.245238e-02,2.230894e-02,2.632871e-03,1.038003e-02,1.280308e-02,3.987928e-03,2.165809e-04,1.521840e-02,7.066681e-01,5.469515e-03,2.555222e-02,1.765639e-01,3.844521e-03,1.492013e-03,4.095203e-04
9.174140e-03,1.768206e-02,3.303742e-03,1.076951e-02,1.536178e-02,5.937068e-03,2.059772e-04,1.231924e-02,7.748920e-01,3.909617e-03,1.815526e-02,1.240466e-01,2.786847e-03,1.066464e-03,3.896056e-04
1.008062e-02,1.435216e-02,3.237495e-03,1.082924e-02,8.402817e-02,6.061762e-03,3.505904e-04,1.218606e-02,7.518888e-01,2.961434e-03,1.322258e-02,8.719450e-02,2.138570e-03,8.102117e-04,6.578523e-04
1.066890e-02,1.142540e-02,3.724738e-03,9.736267e-03,1.303134e-01,5.320693e-03,4.311730e-04,5.783699e-02,6.951160e-01,2.105708e-03,9.465134e-03,6.111560e-02,1.561361e-03,6.492063e-04,5.294801e-04
2.007026e-02,1.234644e-02,4.471537e-03,9.033699e-03,1.627556e-01,5.063875e-03,5.051825e-04,7.781080e-02,6.540021e-01,1.514621e-03,6.983077e-03,4.297634e-02,1.188740e-03,7.261309e-04,5.517219e-04
2.714607e-02,2.767343e-02,1.172111e-02,8.822281e-03,1.816002e-01,5.000969e-03,5.100637e-04,6.348364e-02,6.334491e-01,1.197668e-03,5.820716e-03,3.064030e-02,9.914760e-04,1.028905e-03,9.140883e-04
3.684391e-02,3.548429e-02,2.742669e-02,1.299131e-02,2.214126e-01,5.286576e-03,6.447713e-04,6.891485e-02,5.567035e-01,1.159135e-03,5.132621e-03,2.291153e-02,1.504412e-03,1.265727e-03,2.318122e-03
5.126602e-02,5.550047e-02,6.316610e-02,1.154739e-02,2.395277e-01,4.544502e-03,6.164898e-04,6.648663e-02,4.798404e-01,1.093875e-03,4.379685e-03,1.665226e-02,1.277113e-03,2.098571e-03,2.002859e-03
6.993694e-02,4.411260e-02,1.802159e-01,3.006544e-02,2.156668e-01,3.711987e-03,7.365564e-04,8.201090e-02,3.517791e-01,9.851630e-04,3.679399e-03,1.203543e-02,1.188701e-03,2.168268e-03,1.706868e-03
1.250427e-01,4.927855e-02,2.163624e-01,5.295668e-02,1.761912e-01,3.883870e-03,9.329988e-04,7.262640e-02,2.808562e-01,1.344182e-03,3.921216e-03,9.229647e-03,1.361419e-03,2.544279e-03,3.468314e-03
9.807563e-02,4.845141e-02,1.612991e-01,1.599700e-01,1.307752e-01,2.933728e-03,7.277394e-04,5.411011e-02,3.216859e-01,1.714104e-03,4.807433e-03,7.130945e-03,2.408428e-03,2.028329e-03,3.882002e-03
1.667294e-01,5.640933e-02,1.483997e-01,1.528172e-01,1.163717e-01,3.919471e-03,1.017374e-03,6.588859e-02,2.628224e-01,1.953264e-03,6.816469e-03,5.820238e-03,2.948043e-03,2.072610e-03,6.014151e-03
3.006164e-01,6.847212e-02,1.079113e-01,1.137363e-01,8.439508e-02,3.841571e-03,1.735569e-03,6.577916e-02,2.246727e-01,1.764865e-03,9.602172e-03,5.504522e-03,3.179786e-03,2.286284e-03,6.502195e-03
3.223728e-01,1.246020e-01,8.836132e-02,1.013091e-01,6.091231e-02,3.623868e-03,1.700009e-03,5.006162e-02,2.177785e-01,1.820232e-03,9.905452e-03,4.517427e-03,3.525432e-03,2.920751e-03,6.589113e-03
2.975709e-01,1.935274e-01,7.194784e-02,8.794720e-02,4.354021e-02,3.603384e-03,1.862439e-03,4.035296e-02,2.263890e-01,1.769482e-03,9.685562e-03,3.918097e-03,4.634883e-03,3.410937e-03,9.839769e-03
2.945938e-01,1.643625e-01,5.204055e-02,9.519449e-02,3.346888e-02,6.309079e-03,1.539348e-03,3.262576e-02,2.582449e-01,1.734697e-03,1.025394e-02,3.752517e-03,1.136312e-02,4.983857e-03,2.953260e-02
2.150932e-01,1.546934e-01,3.749928e-02,1.121943e-01,2.375361e-02,4.784932e-03,1.089296e-03,2.299683e-02,3.697137e-01,1.342015e-03,1.842778e-02,2.938899e-03,8.754502e-03,5.266312e-03,2.145204e-02
2.020414e-01,1.355275e-01,2.865579e-02,9.950802e-02,1.690791e-02,5.876040e-03,9.054106e-04,1.708608e-02,3.116797e-01,1.043135e-03,1.205387e-01,3.081299e-02,7.466643e-03,5.416239e-03,1.653446e-02
2.178233e-01,9.949132e-02,2.084403e-02,1.179064e-01,1.255593e-02,1.263639e-02,8.827131e-04,1.405326e-02,2.259362e-01,1.225484e-03,1.201279e-01,1.313527e-01,6.624162e-03,5.487487e-03,1.305281e-02
1.964106e-01,7.192871e-02,1.508586e-02,9.978671e-02,9.347336e-03,1.755750e-02,8.018003e-04,1.044007e-02,1.612851e-01,1.131536e-03,1.390272e-01,2.561294e-01,5.986530e-03,4.861403e-03,1.022027e-02
1.615311e-01,5.185094e-02,1.153857e-02,7.318493e-02,1.327763e-02,1.762101e-02,1.452424e-03,9.463575e-03,1.161968e-01,1.276412e-03,1.753126e-01,3.490277e-01,6.200224e-03,4.601412e-03,7.464704e-03
1.529714e-01,3.756760e-02,8.619310e-03,5.273354e-02,1.137340e-02,1.554269e-02,1.122386e-03,7.114674e-03,8.434850e-02,1.290133e-03,1.406150e-01,4.712503e-01,5.498527e-03,4.135100e-03,5.817377e-03
1.186995e-01,2.678495e-02,6.202247e-03,3.829190e-02,8.549334e-03,1.309174e-02,8.255435e-04,5.132650e-03,6.014479e-02,1.118734e-03,1.346822e-01,5.740432e-01,4.343624e-03,3.468510e-03,4.621102e-03
1.033028e-01,1.960067e-02,4.522008e-03,2.818423e-02,9.300974e-03,1.025844e-02,7.725953e-04,3.799475e-03,4.757543e-02,1.300855e-03,1.702400e-01,5.895972e-01,3.653060e-03,3.426011e-03,4.466213e-03
8.114302e-02,1.398813e-02,3.211263e-03,2.030764e-02,7.425416e-03,8.541713e-03,7.788112e-04,2.820622e-03,3.736114e-02,1.059545e-03,2.930973e-01,5.210817e-01,3.107848e-03,2.629219e-03,3.446525e-03
8.162484e-02,1.101593e-02,2.512212e-03,1.488787e-02,6.595431e-03,9.035025e-03,1.039137e-03,2.474485e-03,3.197913e-02,9.075406e-04,2.863999e-01,5.430227e-01,2.715536e-03,2.315251e-03,3.474982e-03
8.733857e-02,8.309594e-03,2.091510e-03,1.104734e-02,6.006640e-03,1.432559e-02,1.327491e-03,2.541290e-03,2.665585e-02,1.077421e-03,2.844598e-01,5.467244e-01,2.734362e-03,2.060838e-03,3.299382e-03
7.574039e-02,6.171940e-03,1.603954e-03,8.160371e-03,5.876192e-03,1.291556e-02,1.480964e-03,2.278253e-03,2.239138e-02,9.327833e-04,3.745205e-01,4.807828e-01,2.597189e-03,1.833703e-03,2.713969e-03
5.959104e-02,4.818767e-03,1.960280e-03,6.025487e-03,7.482758e-03,1.049310e-02,2.397721e-03,2.353951e-03,2.911901e-02,7.841481e-04,5.118091e-01,3.562729e-01,3.104326e-03,1.428522e-03,2.358853e-03
4.874833e-02,4.941882e-03,2.318382e-03,4.452697e-03,8.556016e-03,9.276209e-03,2.815519e-03,2.616583e-03,3.758799e-02,7.148198e-04,5.991305e-01,2.720556e-01,3.046532e-03,1.223679e-03,2.515275e-03
5.409492e-02,5.911797e-03,6.525338e-03,3.574857e-03,1.160112e-02,1.031006e-02,4.267482e-03,3.950741e-03,3.349323e-02,8.785691e-04,6.225483e-01,2.330351e-01,4.571439e-03,1.995518e-03,3.241522e-03
5.791819e-02,7.525341e-03,1.590414e-02,2.998905e-03,1.516434e-02,1.074240e-02,4.149755e-03,3.706340e-03,2.707228e-02,8.909581e-04,6.465696e-01,1.948897e-01,5.925905e-03,2.298006e-03,4.244233e-03
5.200278e-02,7.814205e-03,3.320383e-02,2.412450e-03,1.808008e-02,1.002059e-02,5.093017e-03,7.192390e-03,2.210716e-02,1.118403e-03,6.815964e-01,1.461962e-01,7.035206e-03,2.019615e-03,4.107762e-03
5.331988e-02,1.686408e-02,5.337025e-02,2.181628e-03,4.034504e-02,1.366371e-02,5.939703e-03,3.339773e-02,3.889491e-02,2.273225e-03,6.056926e-01,1.205246e-01,7.284649e-03,2.285413e-03,3.962632e-03
4.192585e-02,6.493463e-02,7.128629e-02,1.742883e-03,6.236561e-02,1.143183e-02,4.716964e-03,4.620119e-02,1.225661e-01,1.911870e-03,4.665120e-01,9.316242e-02,6.071351e-03,1.924837e-03,3.246157e-03
3.255678e-02,7.180199e-02,5.874210e-02,1.431699e-03,9.318714e-02,1.234428e-02,3.858133e-03,4.512970e-02,2.584214e-01,1.654420e-03,3.440999e-01,6.745266e-02,4.971958e-03,1.590654e-03,2.757181e-03
3.014424e-02,7.334208e-02,6.093264e-02,1.502407e-03,1.644500e-01,1.406166e-02,4.084071e-03,5.167712e-02,2.799838e-01,1.292544e-03,2.616302e-01,4.868925e-02,4.421453e-03,1.328852e-03,2.459740e-03
