1.000000e+00,0.000000e+00,0.000000e+00,0.000000e+00,0.000000e+00,0.000000e+00,0.000000e+00,0.000000e+00,0.000000e+00,0.000000e+00,0.000000e+00,0.000000e+00,0.000000e+00,0.000000e+00,0.000000e+00
1.000000e+00,0.000000e+00,0.000000e+00,0.000000e+00,0.000000e+00,0.000000e+00,0.000000e+00,0.000000e+00,0.000000e+00,0.000000e+00,0.000000e+00,0.000000e+00,0.000000e+00,0.000000e+00,0.000000e+00
1.000000e+00,0.000000e+00,0.000000e+00,0.000000e+00,0.000000e+00,0.000000e+00,0.000000e+00,0.000000e+00,0.000000e+00,0.000000e+00,0.000000e+00,0.000000e+00,0.000000e+00,0.000000e+00,0.000000e+00
1.000000e+00,0.000000e+00,0.000000e+00,0.000000e+00,0.000000e+00,0.000000e+00,0.000000e+00,0.000000e+00,0.000000e+00,0.000000e+00,0.000000e+00,0.000000e+00,0.000000e+00,0.000000e+00,0.000000e+00
1.000000e+00,0.000000e+00,0.000000e+00,0.000000e+00,0.000000e+00,0.000000e+00,0.000000e+00,0.000000e+00,0.000000e+00,0.000000e+00,0.000000e+00,0.000000e+00,0.000000e+00,0.000000e+00,0.000000e+00
1.000000e+00,0.000000e+00,0.000000e+00,0.000000e+00,0.000000e+00,0.000000e+00,0.000000e+00,0.000000e+00,0.000000e+00,0.000000e+00,0.000000e+00,0.000000e+00,0.000000e+00,0.000000e+00,0.000000e+00
1.000000e+00,0.000000e+00,0.000000e+00,0.000000e+00,0.000000e+00,0.000000e+00,0.000000e+00,0.000000e+00,0.000000e+00,0.000000e+00,0.000000e+00,0.000000e+00,0.000000e+00,0.000000e+00,0.000000e+00
1.000000e+00,0.000000e+00,0.000000e+00,0.000000e+00,0.000000e+00,0.000000e+00,0.000000e+00,0.000000e+00,0.000000e+00,0.000000e+00,0.000000e+00,0.000000e+00,0.000000e+00,0.000000e+00,0.000000e+00
1.000000e+00,0.000000e+00,0.000000e+00,0.000000e+00,0.000000e+00,0.000000e+00,0.000000e+00,0.000000e+00,0.000000e+00,0.000000e+00,0.000000e+00,0.000000e+00,0.000000e+00,0.000000e+00,0.000000e+00
1.000000e+00,0.000000e+00,0.000000e+00,0.000000e+00,0.000000e+00,0.000000e+00,0.000000e+00,0.000000e+00,0.000000e+00,0.000000e+00,0.000000e+00,0.000000e+00,0.000000e+00,0.000000e+00,0.000000e+00
1.000000e+00,0.000000e+00,0.000000e+00,0.000000e+00,0.000000e+00,0.000000e+00,0.000000e+00,0.000000e+00,0.000000e+00,0.000000e+00,0.000000e+00,0.000000e+00,0.000000e+00,0.000000e+00,0.000000e+00
1.000000e+00,0.000000e+00,0.000000e+00,0.000000e+00,0.000000e+00,0.000000e+00,0.000000e+00,0.000000e+00,0.000000e+00,0.000000e+00,0.000000e+00,0.000000e+00,0.000000e+00,0.000000e+00,0.000000e+00
1.000000e+00,0.000000e+00,0.000000e+00,0.000000e+00,0.000000e+00,0.000000e+00,0.000000e+00,0.000000e+00,0.000000e+00,0.000000e+00,0.000000e+00,0.000000e+00,0.000000e+00,0.000000e+00,0.000000e+00
1.000000e+00,0.000000e+00,0.000000e+00,0.000000e+00,0.000000e+00,0.000000e+00,0.000000e+00,0.000000e+00,0.000000e+00,0.000000e+00,0.000000e+00,0.000000e+00,0.000000e+00,0.000000e+00,0.000000e+00
1.000000e+00,0.000000e+00,0.000000e+00,0.000000e+00,0.000000e+00,0.000000e+00,0.000000e+00,0.000000e+00,0.000000e+00,0.000000e+00,0.000000e+00,0.000000e+00,0.000000e+00,0.000000e+00,0.000000e+00
1.000000e+00,0.000000e+00,0.000000e+00,0.000000e+00,0.000000e+00,0.000000e+00,0.000000e+00,0.000000e+00,0.000000e+00,0.000000e+00,0.000000e+00,0.000000e+00,0.000000e+00,0.000000e+00,0.000000e+00
1.000000e+00,0.000000e+00,0.000000e+00,0.000000e+00,0.000000e+00,0.000000e+00,0.000000e+00,0.000000e+00,0.000000e+00,0.000000e+00,0.000000e+00,0.000000e+00,0.000000e+00,0.000000e+00,0.000000e+00
1.000000e+00,0.000000e+00,0.000000e+00,0.000000e+00,0.000000e+00,0.000000e+00,0.000000e+00,0.000000e+00,0.000000e+00,0.000000e+00,0.000000e+00,0.000000e+00,0.000000e+00,0.000000e+00,0.000000e+00
1.000000e+00,0.000000e+00,0.000000e+00,0.000000e+00,0.000000e+00,0.000000e+00,0.000000e+00,0.000000e+00,0.000000e+00,0.000000e+00,0.000000e+00,0.000000e+00,0.000000e+00,0.000000e+00,0.000000e+00
1.000000e+00,0.000000e+00,0.000000e+00,0.000000e+00,0.000000e+00,0.000000e+00,0.000000e+00,0.000000e+00,0.000000e+00,0.000000e+00,0.000000e+00,0.000000e+00,0.000000e+00,0.000000e+00,0.000000e+00
1.000000e+00,0.000000e+00,0.000000e+00,0.000000e+00,0.000000e+00,0.000000e+00,0.000000e+00,0.000000e+00,0.000000e+00,0.000000e+00,0.000000e+00,0.000000e+00,0.000000e+00,0.000000e+00,0.000000e+00
1.000000e+00,0.000000e+00,0.000000e+00,0.000000e+00,0.000000e+00,0.000000e+00,0.000000e+00,0.000000e+00,0.000000e+00,0.000000e+00,0.000000e+00,0.000000e+00,0.000000e+00,0.000000e+00,0.000000e+00
1.000000e+00,0.000000e+00,0.000000e+00,0.000000e+00,0.000000e+00,0.000000e+00,0.000000e+00,0.000000e+00,0.000000e+00,0.000000e+00,0.000000e+00,0.000000e+00,0.000000e+00,0.000000e+00,0.000000e+00
1.000000e+00,0.000000e+00,0.000000e+00,0.000000e+00,0.000000e+00,0.000000e+00,0.000000e+00,0.000000e+00,0.000000e+00,0.000000e+00,0.000000e+00,0.000000e+00,0.000000e+00,0.000000e+00,0.000000e+00
1.000000e+00,0.000000e+00,0.000000e+00,0.000000e+00,0.000000e+00,0.000000e+00,0.000000e+00,0.000000e+00,0.000000e+00,0.000000e+00,0.000000e+00,0.000000e+00,0.000000e+00,0.000000e+00,0.000000e+00
1.000000e+00,0.000000e+00,0.000000e+00,0.000000e+00,0.000000e+00,0.000000e+00,0.000000e+00,0.000000e+00,0.000000e+00,0.000000e+00,0.000000e+00,0.000000e+00,0.000000e+00,0.000000e+00,0.000000e+00
1.000000e+00,0.000000e+00,0.000000e+00,0.000000e+00,0.000000e+00,0.000000e+00,0.000000e+00,0.000000e+00,0.000000e+00,0.000000e+00,0.000000e+00,0.000000e+00,0.000000e+00,0.000000e+00,0.000000e+00
1.000000e+00,0.000000e+00,0.000000e+00,0.000000e+00,0.000000e+00,0.000000e+00,0.000000e+00,0.000000e+00,0.000000e+00,0.000000e+00,0.000000e+00,0.000000e+00,0.000000e+00,0.000000e+00,0.000000e+00
1.000000e+00,0.000000e+00,0.000000e+00,0.000000e+00,0.000000e+00,0.000000e+00,0.000000e+00,0.000000e+00,0.000000e+00,0.000000e+00,0.000000e+00,0.000000e+00,0.000000e+00,0.000000e+00,0.000000e+00
1.000000e+00,0.000000e+00,0.000000e+00,0.000000e+00,0.000000e+00,0.000000e+00,0.000000e+00,0.000000e+00,0.000000e+00,0.000000e+00,0.000000e+00,0.000000e+00,0.000000e+00,0.000000e+00,0.000000e+00
1.000000e+00,0.000000e+00,0.000000e+00,0.000000e+00,0.000000e+00,0.000000e+00,0.000000e+00,0.000000e+00,0.000000e+00,0.000000e+00,0.000000e+00,0.000000e+00,0.000000e+00,0.000000e+00,0.000000e+00
1.000000e+00,0.000000e+00,0.000000e+00,0.000000e+00,0.000000e+00,0.000000e+00,0.000000e+00,0.000000e+00,0.000000e+00,0.000000e+00,0.000000e+00,0.000000e+00,0.000000e+00,0.000000e+00,0.000000e+00
1.000000e+00,0.000000e+00,0.000000e+00,0.000000e+00,0.000000e+00,0.000000e+00,0.000000e+00,0.000000e+00,0.000000e+00,0.000000e+00,0.000000e+00,0.000000e+00,0.000000e+00,0.000000e+00,0.000000e+00
1.000000e+00,0.000000e+00,0.000000e+00,0.000000e+00,0.000000e+00,0.000000e+00,0.000000e+00,0.000000e+00,0.000000e+00,0.000000e+00,0.000000e+00,0.000000e+00,0.000000e+00,0.000000e+00,0.000000e+00
1.000000e+00,0.000000e+00,0.000000e+00,0.000000e+00,0.000000e+00,0.000000e+00,0.000000e+00,0.000000e+00,0.000000e+00,0.000000e+00,0.000000e+00,0.000000e+00,0.000000e+00,0.000000e+00,0.000000e+00
1.000000e+00,0.000000e+00,0.000000e+00,0.000000e+00,0.000000e+00,0.000000e+00,0.000000e+00,0.000000e+00,0.000000e+00,0.000000e+00,0.000000e+00,0.000000e+00,0.000000e+00,0.000000e+00,0.000000e+00
1.000000e+00,0.000000e+00,0.000000e+00,0.000000e+00,0.000000e+00,0.000000e+00,0.000000e+00,0.000000e+00,0.000000e+00,0.000000e+00,0.000000e+00,0.000000e+00,0.000000e+00,0.000000e+00,0.000000e+00
1.000000e+00,0.000000e+00,0.000000e+00,0.000000e+00,0.000000e+00,0.000000e+00,0.000000e+00,0.000000e+00,0.000000e+00,0.000000e+00,0.000000e+00,0.000000e+00,0.000000e+00,0.000000e+00,0.000000e+00
1.000000e+00,0.000000e+00,0.000000e+00,0.000000e+00,0.000000e+00,0.000000e+00,0.000000e+00,0.000000e+00,0.000000e+00,0.000000e+00,0.000000e+00,0.000000e+00,0.000000e+00,0.000000e+00,0.000000e+00
1.000000e+00,0.000000e+00,0.000000e+00,0.000000e+00,0.000000e+00,0.000000e+00,0.000000e+00,0.000000e+00,0.000000e+00,0.000000e+00,0.000000e+00,0.000000e+00,0.000000e+00,0.000000e+00,0.000000e+00
1.000000e+00,0.000000e+00,0.000000e+00,0.000000e+00,0.000000e+00,0.000000e+00,0.000000e+00,0.000000e+00,0.000000e+00,0.000000e+00,0.000000e+00,0.000000e+00,0.000000e+00,0.000000e+00,0.000000e+00
1.000000e+00,0.000000e+00,0.000000e+00,0.000000e+00,0.000000e+00,0.000000e+00,0.000000e+00,0.000000e+00,0.000000e+00,0.000000e+00,0.000000e+00,0.000000e+00,0.000000e+00,0.000000e+00,0.000000e+00
1.000000e+00,0.000000e+00,0.000000e+00,0.000000e+00,0.000000e+00,0.000000e+00,0.000000e+00,0.000000e+00,0.000000e+00,0.000000e+00,0.000000e+00,0.000000e+00,0.000000e+00,0.000000e+00,0.000000e+00
1.000000e+00,0.000000e+00,0.000000e+00,0.000000e+00,0.000000e+00,0.000000e+00,0.000000e+00,0.000000e+00,0.000000e+00,0.000000e+00,0.000000e+00,0.000000e+00,0.000000e+00,0.000000e+00,0.000000e+00
1.000000e+00,0.000000e+00,0.000000e+00,0.000000e+00,0.000000e+00,0.000000e+00,0.000000e+00,0.000000e+00,0.000000e+00,0.000000e+00,0.000000e+00,0.000000e+00,0.000000e+00,0.000000e+00,0.000000e+00
1.000000e+00,0.000000e+00,0.000000e+00,0.000000e+00,0.000000e+00,0.000000e+00,0.000000e+00,0.000000e+00,0.000000e+00,0.000000e+00,0.000000e+00,0.000000e+00,0.000000e+00,0.000000e+00,0.000000e+00
1.000000e+00,0.000000e+00,0.000000e+00,0.000000e+00,0.000000e+00,0.000000e+00,0.000000e+00,0.000000e+00,0.000000e+00,0.000000e+00,0.000000e+00,0.000000e+00,0.000000e+00,0.000000e+00,0.000000e+00
4.570349e-01,8.371745e-03,4.604743e-02,3.626888e-02,4.880495e-03,1.352111e-02,5.984810e-03,3.791724e-01,2.553917e-03,9.741127e-04,6.287222e-03,1.489956e-02,1.189959e-02,2.070003e-03,1.003395e-02
3.349269e-01,5.992673e-03,3.653512e-02,2.678655e-02,3.708068e-03,1.076475e-02,5.208107e-03,5.403910e-01,1.832188e-03,7.199129e-04,4.584374e-03,1.094352e-02,8.823469e-03,1.535577e-03,7.247807e-03
2.395751e-01,4.266040e-03,2.668980e-02,1.940808e-02,2.859445e-03,7.812293e-03,4.096548e-03,6.698332e-01,1.291300e-03,5.164166e-04,3.271945e-03,7.750251e-03,6.388796e-03,1.121556e-03,5.119228e-03
1.720576e-01,3.065183e-03,1.941106e-02,1.408130e-02,2.479418e-03,5.688506e-03,3.403061e-03,7.616254e-01,9.143729e-04,3.747246e-04,2.357113e-03,5.517595e-03,4.598731e-03,8.189615e-04,3.606943e-03
1.247081e-01,2.259272e-03,1.517776e-02,1.070041e-02,2.199569e-03,4.317587e-03,2.799936e-03,8.243783e-01,6.546841e-04,2.789980e-04,1.754387e-03,4.090954e-03,3.475150e-03,6.410949e-04,2.563750e-03
1.068406e-01,1.693134e-03,1.115643e-02,7.993309e-03,2.611338e-03,3.728506e-03,2.775927e-03,8.521795e-01,4.882494e-04,2.613880e-04,1.367955e-03,3.444374e-03,3.077491e-03,4.812928e-04,1.900463e-03
9.629720e-02,1.303629e-03,8.112781e-03,5.890424e-03,4.744702e-03,3.093037e-03,2.530960e-03,8.685282e-01,4.030690e-04,2.746573e-04,1.144235e-03,2.952221e-03,2.913973e-03,3.598701e-04,1.451079e-03
7.958501e-02,9.705624e-04,5.987999e-03,4.382942e-03,6.649972e-03,2.281684e-03,2.266302e-03,8.902524e-01,3.124244e-04,2.558150e-04,8.992488e-04,2.272733e-03,2.552764e-03,2.659144e-04,1.064238e-03
8.697645e-02,8.483287e-04,4.389555e-03,3.254804e-03,7.242694e-03,1.903776e-03,2.249946e-03,8.846472e-01,4.230105e-04,4.133600e-04,8.803100e-04,2.391951e-03,3.169944e-03,2.368812e-04,9.718286e-04
1.158655e-01,8.250668e-04,3.269596e-03,2.821616e-03,8.596559e-03,1.717947e-03,1.839089e-03,8.555391e-01,5.496005e-04,5.453482e-04,8.830130e-04,2.838935e-03,3.622225e-03,2.091027e-04,8.773238e-04
1.426729e-01,2.589768e-03,2.841912e-03,4.128099e-03,9.319047e-03,1.881247e-03,1.369234e-03,8.122452e-01,4.147345e-03,1.523666e-03,2.303036e-03,5.259315e-03,7.355865e-03,9.429263e-04,1.420426e-03
1.299818e-01,2.532074e-03,2.130913e-03,1.178497e-02,1.026907e-02,1.831673e-03,1.020404e-03,7.018682e-01,4.369932e-03,2.437307e-03,8.761546e-03,5.364989e-02,6.402749e-02,3.794502e-03,1.540308e-03
9.460738e-02,3.328630e-03,2.004614e-03,8.508564e-02,1.185954e-02,1.726011e-03,9.524059e-04,5.259990e-01,2.148271e-02,3.279825e-03,1.544125e-02,1.343989e-01,8.505762e-02,1.287588e-02,1.900652e-03
7.009738e-02,2.621018e-03,1.616842e-03,1.965307e-01,8.882476e-03,1.529795e-03,9.020912e-04,3.703696e-01,2.258647e-02,2.602927e-03,4.575155e-02,1.350777e-01,1.299631e-01,9.752903e-03,1.715406e-03
5.088667e-02,1.876946e-03,1.174040e-03,1.462125e-01,8.317842e-03,1.158505e-03,7.752727e-04,2.607957e-01,2.004970e-02,1.989561e-03,9.649537e-02,1.764016e-01,2.250424e-01,7.540074e-03,1.283818e-03
3.804538e-02,1.356170e-03,8.822361e-04,1.034988e-01,7.542919e-03,9.800727e-04,6.321857e-04,1.836928e-01,2.546541e-02,2.306922e-03,1.100828e-01,2.522077e-01,2.659551e-01,6.191437e-03,1.160100e-03
2.831320e-02,1.001797e-03,6.519496e-04,7.274897e-02,6.219107e-03,1.039595e-03,5.817341e-04,1.295839e-01,2.902384e-02,2.333773e-03,8.953699e-02,3.003014e-01,3.325365e-01,4.956214e-03,1.171054e-03
2.059201e-02,7.550403e-04,5.196724e-04,5.108804e-02,5.341453e-03,1.785394e-03,9.592600e-04,9.092544e-02,2.500367e-02,2.388105e-03,6.647171e-02,3.849068e-01,3.439050e-01,3.997624e-03,1.360855e-03
1.469637e-02,6.263079e-04,9.074728e-04,3.588026e-02,5.893758e-03,2.354114e-03,8.119793e-04,6.382646e-02,2.388336e-02,2.271583e-03,5.177965e-02,4.215952e-01,3.712908e-01,3.048760e-03,1.133925e-03
1.061173e-02,8.295082e-04,2.781899e-03,2.526684e-02,9.109035e-03,2.618830e-03,8.731930e-04,4.513485e-02,2.908315e-02,6.617690e-03,3.995977e-02,4.675998e-01,3.554988e-01,2.987332e-03,1.027622e-03
7.603116e-03,6.162221e-04,2.350706e-03,1.779178e-02,2.163183e-02,3.065296e-03,9.113891e-04,3.176647e-02,2.343980e-02,6.435263e-03,3.177151e-02,5.360744e-01,3.124762e-01,2.775055e-03,1.291056e-03
5.497254e-03,4.892634e-04,2.004663e-03,1.248703e-02,3.173794e-02,1.166699e-02,1.159897e-03,2.239669e-02,1.927435e-02,5.540272e-03,2.395370e-02,5.804268e-01,2.794342e-01,2.418678e-03,1.512313e-03
4.341006e-03,4.347642e-04,1.644021e-03,8.754601e-03,2.729414e-02,1.029181e-02,1.081617e-03,1.576953e-02,1.529625e-02,5.386500e-03,1.851930e-02,6.566423e-01,2.302397e-01,2.664646e-03,1.639731e-03
3.557080e-03,3.891076e-04,1.324417e-03,6.137120e-03,2.339643e-02,8.422229e-03,9.647874e-04,1.109564e-02,1.246371e-02,4.834360e-03,1.489284e-02,7.192589e-01,1.892026e-01,2.531762e-03,1.528859e-03
4.542200e-03,2.509610e-03,4.531161e-03,4.339701e-03,7.834399e-02,1.343574e-02,1.044740e-03,8.207241e-03,4.481575e-02,4.909415e-03,1.736451e-02,6.621373e-01,1.503169e-01,2.212810e-03,1.288897e-03
5.249949e-03,2.478855e-03,7.581739e-03,3.174127e-03,1.178668e-01,1.171654e-02,1.580951e-03,9.407545e-03,6.709167e-02,9.517433e-03,1.650139e-02,6.178938e-01,1.264323e-01,2.246064e-03,1.260832e-03
6.418908e-03,2.349990e-03,7.997562e-03,2.276603e-03,1.689535e-01,1.431562e-02,2.931679e-03,1.135117e-02,1.010791e-01,9.640460e-03,1.403323e-02,5.568513e-01,9.849570e-02,2.027018e-03,1.278175e-03
7.795488e-03,2.548787e-03,1.715589e-02,1.902178e-03,1.691293e-01,1.177693e-02,3.575930e-03,2.192323e-02,1.351300e-01,1.597483e-02,1.243598e-02,5.013165e-01,9.504290e-02,2.540255e-03,1.751750e-03
7.310538e-03,2.372058e-03,1.667362e-02,1.589147e-03,1.264568e-01,9.705091e-03,2.856817e-03,2.022633e-02,1.177009e-01,2.578353e-02,1.299783e-02,5.651592e-01,8.665000e-02,2.838291e-03,1.679818e-03
6.368726e-03,2.168514e-03,1.539721e-02,1.253059e-03,9.310630e-02,7.541714e-03,2.082200e-03,1.472380e-02,9.265321e-02,3.362416e-02,1.202809e-02,6.417829e-01,7.284955e-02,2.989412e-03,1.431083e-03
5.511997e-03,1.995878e-03,1.198864e-02,1.024790e-03,6.885523e-02,6.771421e-03,1.651524e-03,1.045811e-02,6.960045e-02,6.936651e-02,1.131888e-02,6.754348e-01,6.188754e-02,2.945681e-03,1.188458e-03
4.639289e-03,1.729632e-03,8.947295e-03,8.197483e-04,5.165326e-02,5.126711e-03,1.474358e-03,7.441286e-03,5.430000e-02,1.016635e-01,1.195795e-02,6.975213e-01,4.898990e-02,2.630006e-03,1.105666e-03
3.539713e-03,1.309658e-03,6.449386e-03,6.526775e-04,3.706469e-02,4.266588e-03,1.120678e-03,5.223858e-03,4.066394e-02,9.819999e-02,1.246715e-02,7.486329e-01,3.757407e-02,1.989809e-03,8.448422e-04
2.942687e-03,9.731200e-04,4.550495e-03,5.108896e-04,2.665407e-02,3.251973e-03,8.233070e-04,3.674152e-03,3.005856e-02,9.586002e-02,1.748456e-02,7.828772e-01,2.822249e-02,1.489318e-03,6.271345e-04
2.512363e-03,7.337861e-04,3.214408e-03,4.297732e-04,1.950571e-02,2.645929e-03,6.137449e-04,2.596973e-03,2.288765e-02,9.075195e-02,1.982635e-02,8.108468e-01,2.183107e-02,1.122452e-03,4.809866e-04
2.024510e-03,5.648180e-04,2.279084e-03,3.350444e-04,1.389009e-02,2.171979e-03,4.373624e-04,1.841080e-03,1.751258e-02,7.473053e-02,2.226183e-02,8.437164e-01,1.694002e-02,9.158581e-04,3.787356e-04
1.770386e-03,4.248985e-04,1.615745e-03,2.607829e-04,9.907365e-03,1.835909e-03,3.110488e-04,1.322541e-03,1.389678e-02,5.894816e-02,1.847142e-02,8.769637e-01,1.329689e-02,6.864285e-04,2.879146e-04
1.743815e-03,3.954080e-04,1.306580e-03,2.160889e-04,7.300604e-03,1.991332e-03,2.286445e-04,1.140177e-03,1.156602e-02,4.453509e-02,1.521879e-02,9.032196e-01,1.033668e-02,5.530814e-04,2.481081e-04
1.672542e-03,3.177009e-04,1.005103e-03,1.835631e-04,5.386679e-03,2.016843e-03,1.701683e-04,1.216918e-03,9.640202e-03,3.463870e-02,1.248864e-02,9.224296e-01,8.177082e-03,4.562833e-04,2.000189e-04
2.459359e-03,4.282438e-04,1.116704e-03,3.002007e-04,5.744496e-03,2.074637e-03,1.402054e-04,2.057954e-03,1.710967e-02,3.281166e-02,1.238411e-02,9.120672e-01,1.053799e-02,5.627264e-04,2.049183e-04
2.480218e-03,3.312738e-04,8.601941e-04,2.925354e-04,4.355559e-03,2.198118e-03,1.168905e-04,1.996741e-03,1.401265e-02,2.501487e-02,1.046062e-02,9.283403e-01,8.851466e-03,5.302513e-04,1.583218e-04
2.808407e-03,2.747647e-04,6.416710e-04,2.803041e-04,3.287312e-03,2.028396e-03,9.409348e-05,1.782693e-03,1.260466e-02,1.860080e-02,8.900113e-03,9.412107e-01,6.899850e-03,4.585468e-04,1.276625e-04
3.225452e-03,2.691221e-04,5.866931e-04,2.546027e-04,2.597971e-03,1.844076e-03,8.912077e-05,1.682507e-03,1.045718e-02,1.390870e-02,7.649750e-03,9.516349e-01,5.260359e-03,4.320722e-04,1.074477e-04
4.117767e-03,2.353475e-04,4.622078e-04,3.055275e-04,2.888252e-03,2.563907e-03,1.203927e-04,2.101697e-03,1.070345e-02,1.032679e-02,1.645381e-02,9.448928e-01,4.280565e-03,4.508125e-04,9.662825e-05
5.340033e-03,4.609202e-04,5.750591e-04,2.939939e-04,3.789282e-03,2.622649e-03,1.639208e-04,3.411901e-03,1.313983e-02,8.833839e-03,2.312192e-02,9.336967e-01,3.733778e-03,6.985048e-04,1.176482e-04
5.766762e-03,4.053750e-04,4.688017e-04,3.955080e-04,1.075028e-02,2.442537e-03,8.519604e-04,9.767346e-03,2.946449e-02,7.711698e-03,2.495634e-02,9.030678e-01,3.094818e-03,7.563694e-04,9.988512e-05
4.846584e-03,3.274514e-04,3.736289e-04,3.430893e-04,1.072381e-02,2.381341e-03,1.128083e-03,1.005466e-02,2.740438e-02,6.543096e-03,2.657840e-02,9.058071e-01,2.679603e-03,7.256005e-04,8.312698e-05
4.446963e-03,3.408424e-04,5.824956e-04,3.101874e-04,3.754330e-02,3.515201e-03,2.848668e-03,1.055229e-02,2.770361e-02,5.259444e-03,3.851723e-02,8.648728e-01,2.684304e-03,7.240217e-04,9.860429e-05
4.381333e-03,1.453250e-03,5.176225e-03,3.426348e-04,8.201002e-02,1.011596e-02,6.488046e-03,1.058682e-02,4.781650e-02,4.114133e-03,5.473441e-02,7.684261e-01,2.986750e-03,9.572889e-04,4.105314e-04
7.133306e-03,1.878497e-03,6.422445e-03,4.173293e-04,1.003273e-01,2.984838e-02,4.645511e-02,2.495700e-02,7.849807e-02,3.251488e-03,5.293052e-02,6.428472e-01,3.609702e-03,9.704258e-04,4.532101e-04
1.065140e-02,1.705449e-03,6.647130e-03,7.008731e-04,8.018318e-02,4.665738e-02,1.253355e-01,1.032293e-01,8.099192e-02,2.471413e-03,6.523836e-02,4.686792e-01,6.298114e-03,7.159918e-04,4.947346e-04
1.457065e-02,2.954972e-03,7.102728e-03,9.067188e-04,7.755889e-02,5.160434e-02,1.001659e-01,1.545904e-01,1.428297e-01,1.933975e-03,8.746469e-02,3.429575e-01,1.395219e-02,5.444514e-04,8.628902e-04
1.888099e-02,9.613120e-03,6.091598e-03,1.381414e-03,7.655967e-02,1.024035e-01,7.123083e-02,1.173314e-01,2.299827e-01,1.797308e-03,7.279909e-02,2.437017e-01,4.601783e-02,4.603115e-04,1.748591e-03
1.637032e-02,1.088804e-02,4.724201e-03,1.446265e-03,6.516328e-02,1.457035e-01,5.050157e-02,8.424380e-02,2.802067e-01,2.156757e-03,5.174593e-02,1.715383e-01,1.116920e-01,3.996498e-04,3.219722e-03
1.514961e-02,1.351746e-02,4.554555e-03,3.052345e-03,5.276847e-02,1.691505e-01,3.612264e-02,6.202036e-02,3.012962e-01,4.084449e-03,3.756892e-02,1.218795e-01,1.711751e-01,3.444891e-04,7.315323e-03
1.416512e-02,1.528959e-02,4.613627e-03,3.922498e-03,7.270325e-02,2.198064e-01,2.794227e-02,4.703835e-02,3.262052e-01,3.650582e-03,2.694449e-02,8.596915e-02,1.415419e-01,3.712362e-04,9.836430e-03
1.541915e-02,1.719232e-02,5.230062e-03,4.944490e-03,8.400741e-02,2.467880e-01,2.315762e-02,3.618164e-02,3.361691e-01,5.190069e-03,1.931846e-02,6.098437e-02,1.186192e-01,3.875330e-04,2.641059e-02
1.428645e-02,2.527234e-02,4.077550e-03,6.325813e-03,7.213678e-02,2.338397e-01,1.825783e-02,2.617169e-02,3.243675e-01,7.938652e-03,1.393686e-02,4.337942e-02,1.650087e-01,3.481439e-04,4.465255e-02
1.945607e-02,3.969776e-02,3.121096e-03,1.135239e-02,5.928701e-02,1.854580e-01,1.358527e-02,1.880687e-02,3.288215e-01,1.071757e-02,1.034599e-02,3.109887e-02,1.802282e-01,3.324477e-04,8.769104e-02
2.969474e-02,4.252131e-02,3.060673e-03,1.591966e-02,8.148631e-02,1.572913e-01,1.112690e-02,1.500309e-02,3.209267e-01,1.272750e-02,8.086617e-03,2.240991e-02,1.600721e-01,4.508253e-04,1.192223e-01
3.638221e-02,5.086918e-02,7.702477e-03,2.650353e-02,7.485043e-02,1.242303e-01,8.431659e-03,1.101989e-02,2.968761e-01,1.846655e-02,6.943886e-03,1.737808e-02,1.190790e-01,8.422208e-04,2.004244e-01
3.859831e-02,4.352937e-02,7.108762e-03,2.092885e-02,5.957044e-02,9.776992e-02,6.271078e-03,8.639233e-03,2.790924e-01,1.979622e-02,6.257583e-03,1.263358e-02,8.958108e-02,1.155741e-03,3.090675e-01
4.172919e-02,4.616448e-02,5.476668e-03,1.524417e-02,4.687668e-02,8.601038e-02,4.674271e-03,1.198862e-02,2.714880e-01,1.621490e-02,6.407537e-03,9.430106e-03,9.669907e-02,3.625767e-03,3.379702e-01
3.381312e-02,3.833214e-02,6.274088e-03,1.253276e-02,3.349347e-02,6.432977e-02,3.371070e-03,1.024453e-02,4.004893e-01,1.617236e-02,5.203112e-03,6.854537e-03,7.860793e-02,3.079114e-03,2.872027e-01
2.951955e-02,3.425633e-02,9.387231e-03,1.041608e-02,2.409493e-02,4.819722e-02,2.530464e-03,8.895065e-03,4.783297e-01,2.250796e-02,4.966551e-03,5.633005e-03,6.525374e-02,3.261993e-03,2.527502e-01
2.789892e-02,3.345056e-02,1.323583e-02,7.888040e-03,2.057975e-02,4.312052e-02,2.302402e-03,2.597605e-02,4.065077e-01,2.186928e-02,1.141160e-02,4.523344e-03,5.266142e-02,7.234430e-03,3.213401e-01
3.203233e-02,6.233362e-02,1.368446e-02,8.390699e-03,1.766478e-02,3.787684e-02,1.890430e-03,2.674003e-02,3.913156e-01,2.412828e-02,1.108491e-02,3.674442e-03,4.051494e-02,1.413718e-02,3.145314e-01
2.794206e-02,7.933462e-02,1.243046e-02,9.633232e-03,1.371539e-02,3.553224e-02,1.420647e-03,2.443855e-02,4.331006e-01,2.383774e-02,9.084504e-03,2.731796e-03,3.105276e-02,2.155504e-02,2.741902e-01
2.745225e-02,1.445891e-01,1.115983e-02,1.498986e-02,1.177180e-02,3.129046e-02,1.093133e-03,2.210120e-02,4.076724e-01,3.006693e-02,7.204438e-03,2.068369e-03,2.470276e-02,2.121523e-02,2.426223e-01
2.279248e-02,1.875434e-01,8.586113e-03,1.554308e-02,9.583804e-03,2.509253e-02,8.230751e-04,1.713209e-02,4.317120e-01,3.573371e-02,5.529046e-03,1.569622e-03,2.075264e-02,1.749698e-02,2.001093e-01
1.837936e-02,2.213486e-01,6.748646e-03,2.142886e-02,8.029229e-03,2.034855e-02,6.128508e-04,1.283012e-02,4.728330e-01,2.920980e-02,4.206420e-03,1.167416e-03,1.803716e-02,1.292316e-02,1.518968e-01
1.547094e-02,3.275318e-01,5.365897e-03,1.897275e-02,7.061137e-03,1.554396e-02,5.294728e-04,9.267454e-03,4.203457e-01,2.841775e-02,3.439921e-03,9.327536e-04,1.925514e-02,9.951585e-03,1.179136e-01
1.346257e-02,4.285037e-01,4.260357e-03,1.503375e-02,6.512474e-03,1.174805e-02,4.731439e-04,6.714547e-03,3.675779e-01,2.418159e-02,2.791137e-03,8.072598e-04,1.960517e-02,7.490720e-03,9.083755e-02
1.104713e-02,5.143663e-01,3.583951e-03,1.110320e-02,4.785821e-03,8.628126e-03,3.569118e-04,4.798457e-03,3.087525e-01,2.175103e-02,2.418041e-03,1.026667e-03,2.074254e-02,6.659744e-03,7.997943e-02
8.780916e-03,4.950001e-01,3.357432e-03,8.892822e-03,3.500636e-03,6.361119e-03,2.738906e-04,3.419341e-03,2.975915e-01,2.228844e-02,2.258894e-03,1.168421e-03,2.303899e-02,9.069575e-03,1.149978e-01
6.731870e-03,3.799989e-01,2.702229e-03,6.755146e-03,2.546268e-03,4.968721e-03,2.364099e-04,2.440439e-03,3.991209e-01,2.329836e-02,2.840938e-03,1.839944e-03,1.901735e-02,1.058356e-02,1.369189e-01
6.141651e-03,2.699047e-01,2.293696e-03,6.536786e-03,2.303127e-03,4.351233e-03,2.603076e-04,5.549444e-03,4.865106e-01,1.939404e-02,5.221968e-03,2.631691e-03,1.747801e-02,1.020493e-02,1.612177e-01
5.887459e-03,1.986962e-01,2.257152e-03,8.272315e-03,1.886534e-03,9.121002e-03,2.128922e-04,4.342066e-03,4.975520e-01,2.107511e-02,2.910429e-02,7.514398e-03,2.066019e-02,1.914697e-02,1.742714e-01
6.764067e-03,1.543943e-01,1.661128e-03,6.686426e-03,1.517129e-03,8.052082e-03,2.019727e-04,3.116068e-03,3.798611e-01,1.868927e-02,2.193755e-01,1.226258e-02,2.017288e-02,1.868424e-02,1.485613e-01
9.417485e-03,1.356766e-01,1.456619e-03,6.109222e-03,1.661491e-03,1.591754e-02,2.548448e-04,2.502925e-03,3.056461e-01,1.963390e-02,2.738480e-01,2.508944e-02,2.122135e-02,2.063783e-02,1.609266e-01
1.713208e-02,1.233094e-01,4.419732e-03,1.026812e-02,6.548727e-03,3.902717e-02,1.527121e-03,4.394907e-03,3.201465e-01,1.977801e-02,2.158200e-01,3.539332e-02,1.842621e-02,2.018857e-02,1.636201e-01
2.527987e-02,1.402119e-01,6.357708e-03,1.301470e-02,9.739487e-03,5.399947e-02,3.065136e-03,4.924553e-03,3.030108e-01,2.085365e-02,1.787387e-01,3.899836e-02,1.657593e-02,1.929947e-02,1.659303e-01
2.661414e-02,1.312762e-01,7.917559e-03,1.376834e-02,1.772150e-02,8.240128e-02,3.264737e-03,5.604523e-03,2.928666e-01,1.830764e-02,1.524660e-01,4.467579e-02,1.600593e-02,1.833634e-02,1.687734e-01
2.673692e-02,1.415960e-01,9.779606e-03,1.149276e-02,1.545981e-02,8.596957e-02,2.584577e-03,5.090038e-03,2.684203e-01,1.846165e-02,1.750130e-01,3.877851e-02,1.215375e-02,2.622994e-02,1.622335e-01
3.538874e-02,1.276831e-01,9.232678e-03,1.205769e-02,1.376758e-02,1.289396e-01,2.095300e-03,5.183655e-03,2.158746e-01,1.877606e-02,2.059181e-01,3.554004e-02,1.009743e-02,4.292857e-02,1.365168e-01
4.703176e-02,1.001268e-01,8.577270e-03,1.117608e-02,1.411822e-02,1.040327e-01,2.582100e-03,7.228987e-03,1.728150e-01,1.740732e-02,3.071681e-01,4.560807e-02,1.038306e-02,5.055685e-02,1.011877e-01
6.892999e-02,8.458386e-02,8.529816e-03,1.116974e-02,1.550671e-02,8.316787e-02,2.882880e-03,6.924366e-03,1.354914e-01,1.545779e-02,3.890772e-01,4.683883e-02,1.024414e-02,4.779590e-02,7.339954e-02
8.620074e-02,7.263575e-02,1.829700e-02,1.326426e-02,2.306969e-02,7.291031e-02,4.071958e-03,1.734617e-02,1.092243e-01,1.653271e-02,3.963807e-01,4.869192e-02,1.071643e-02,5.614249e-02,5.451561e-02
1.386681e-01,6.531250e-02,1.740400e-02,1.292216e-02,2.087196e-02,6.114525e-02,3.457701e-03,1.716108e-02,8.710020e-02,1.330398e-02,4.082060e-01,4.782593e-02,1.178654e-02,5.314950e-02,4.168496e-02
1.695492e-01,5.293184e-02,1.540984e-02,1.214058e-02,1.679280e-02,6.699683e-02,2.715218e-03,1.457500e-02,6.735139e-02,1.051980e-02,4.312615e-01,4.922474e-02,1.166571e-02,4.663590e-02,3.222955e-02
2.026019e-01,4.689251e-02,1.510772e-02,1.327830e-02,1.339588e-02,7.212416e-02,2.482544e-03,1.384241e-02,5.354610e-02,9.112228e-03,4.131533e-01,6.338026e-02,9.211556e-03,4.137807e-02,3.049303e-02
2.347240e-01,3.839086e-02,1.362187e-02,1.187562e-02,1.027969e-02,6.373992e-02,2.141448e-03,1.251807e-02,4.103838e-02,6.994950e-03,4.266928e-01,6.450900e-02,7.212896e-03,4.077842e-02,2.548201e-02
3.079515e-01,3.452034e-02,1.264578e-02,1.164241e-02,7.904314e-03,6.693065e-02,2.157986e-03,1.111086e-02,3.034346e-02,5.861199e-03,3.794345e-01,6.732961e-02,5.608191e-03,3.576041e-02,2.079877e-02
2.934029e-01,3.189801e-02,1.646522e-02,1.280730e-02,9.056870e-03,6.240546e-02,2.691046e-03,1.026921e-02,2.227114e-02,4.488086e-03,4.062015e-01,7.489337e-02,5.274387e-03,3.157147e-02,1.630398e-02
2.645493e-01,2.968066e-02,1.619396e-02,1.051515e-02,7.413798e-03,6.304320e-02,2.471199e-03,8.525141e-03,1.619306e-02,3.614746e-03,4.577329e-01,7.234484e-02,4.834808e-03,3.014921e-02,1.273812e-02
2.444949e-01,3.103753e-02,1.638287e-02,8.151864e-03,6.563145e-03,5.262257e-02,3.259895e-03,8.518964e-03,1.243055e-02,4.184218e-03,4.737735e-01,8.927037e-02,4.230112e-03,3.446391e-02,1.061556e-02
2.386934e-01,3.714618e-02,1.965199e-02,6.917478e-03,6.804168e-03,4.850215e-02,3.910696e-03,1.010867e-02,1.062324e-02,4.664079e-03,4.658187e-01,9.708761e-02,4.369420e-03,3.634191e-02,9.360269e-03
1.910125e-01,3.206333e-02,1.723442e-02,5.324482e-03,5.648034e-03,3.883397e-02,3.409291e-03,9.801450e-03,9.246912e-03,5.356787e-03,5.316705e-01,9.413348e-02,3.474753e-03,4.568417e-02,7.106038e-03
1.454575e-01,2.920411e-02,1.620758e-02,4.124422e-03,5.724381e-03,3.152988e-02,2.979838e-03,9.355394e-03,9.276446e-03,6.533851e-03,5.952444e-01,9.214092e-02,2.920419e-03,4.369102e-02,5.609852e-03
1.155947e-01,2.582658e-02,1.563644e-02,3.102446e-03,5.245807e-03,2.940799e-02,2.611047e-03,8.755213e-03,8.190076e-03,9.826867e-03,6.126950e-01,1.023303e-01,2.705325e-03,5.342123e-02,4.650934e-03
9.390719e-02,2.180144e-02,1.705123e-02,2.695767e-03,7.310816e-03,2.990658e-02,2.252227e-03,9.760218e-03,7.665178e-03,9.520299e-03,6.393933e-01,1.066542e-01,2.427806e-03,4.551233e-02,4.141426e-03
7.529124e-02,1.740575e-02,1.516400e-02,2.162625e-03,6.259680e-03,2.322512e-02,1.935424e-03,1.150087e-02,7.435490e-03,8.250331e-03,6.773379e-01,1.010993e-01,2.223970e-03,4.730618e-02,3.402088e-03
5.945060e-02,1.421686e-02,1.275172e-02,1.671081e-03,5.090249e-03,1.849432e-02,1.557658e-03,1.073438e-02,8.588905e-03,7.058207e-03,7.171572e-01,8.429988e-02,2.016229e-03,5.419752e-02,2.715181e-03
4.703704e-02,1.105989e-02,9.564973e-03,1.213605e-03,3.809487e-03,1.385704e-02,1.140702e-03,8.268734e-03,8.408900e-03,5.575971e-03,7.514134e-01,6.570444e-02,1.664048e-03,6.904700e-02,2.234805e-03
3.620392e-02,8.985730e-03,7.192633e-03,8.887630e-04,2.847905e-03,1.020619e-02,8.345253e-04,6.216394e-03,9.391852e-03,4.921761e-03,7.815440e-01,5.226669e-02,1.361366e-03,7.536583e-02,1.772489e-03
2.735773e-02,9.651017e-03,1.202027e-02,1.179939e-03,6.318180e-03,8.419501e-03,6.441125e-04,5.993105e-03,3.071554e-02,6.189513e-03,7.779530e-01,3.919876e-02,1.090066e-03,7.130477e-02,1.964492e-03
2.050394e-02,9.762303e-03,1.033027e-02,1.069482e-03,6.030981e-03,6.702368e-03,5.141911e-04,5.244771e-03,3.442993e-02,5.766268e-03,7.984784e-01,3.064462e-02,9.322331e-04,6.784265e-02,1.747699e-03
1.538078e-02,1.382129e-02,7.580800e-03,9.564828e-04,8.579178e-03,6.264374e-03,4.309491e-04,4.218036e-03,5.802473e-02,5.886402e-03,7.728873e-01,2.394415e-02,8.273988e-04,7.954244e-02,1.655663e-03
1.301148e-02,1.716241e-02,6.592927e-03,1.091440e-03,8.988334e-03,2.033758e-02,3.640912e-04,3.872716e-03,1.397667e-01,6.839481e-03,6.815701e-01,1.850669e-02,9.014055e-04,7.893838e-02,2.056268e-03
1.034981e-02,1.684662e-02,5.475929e-03,1.308120e-03,1.035848e-02,2.486490e-02,3.221803e-04,3.277354e-03,2.360882e-01,8.033149e-03,5.904226e-01,1.534231e-02,1.171919e-03,7.403417e-02,2.104220e-03
1.533138e-02,1.682927e-02,8.855568e-03,3.511821e-03,3.606974e-02,4.165674e-02,4.971108e-04,1.418101e-02,3.408768e-01,7.275547e-03,4.362264e-01,1.156178e-02,1.247155e-03,6.271525e-02,3.164361e-03
1.562094e-02,1.432537e-02,6.938685e-03,3.108195e-03,4.508012e-02,1.013136e-01,5.378192e-04,1.066817e-02,3.794386e-01,6.914796e-03,3.379785e-01,9.227924e-03,1.318346e-03,6.475574e-02,2.773159e-03
2.935039e-02,1.430544e-02,5.650196e-03,3.570280e-03,9.510927e-02,1.109457e-01,1.235235e-03,1.146734e-02,3.980651e-01,9.398531e-03,2.488958e-01,8.357169e-03,1.359047e-03,5.928363e-02,3.006948e-03
5.768800e-02,1.629566e-02,9.783133e-03,1.451271e-02,1.163933e-01,1.542070e-01,1.949233e-03,3.799736e-02,3.298340e-01,2.072818e-02,1.791200e-01,8.488559e-03,1.474105e-03,4.709843e-02,4.430390e-03
8.108038e-02,1.559055e-02,1.038828e-02,1.664124e-02,1.371530e-01,1.982577e-01,2.527458e-03,3.887344e-02,2.802335e-01,3.390435e-02,1.331519e-01,8.234102e-03,1.723079e-03,3.704187e-02,5.199158e-03
1.494933e-01,2.477026e-02,2.604263e-02,1.386222e-02,1.412713e-01,1.687137e-01,2.127960e-03,3.704565e-02,2.399544e-01,4.228546e-02,1.057707e-01,8.010227e-03,1.999639e-03,3.342777e-02,5.224959e-03
1.665120e-01,2.915357e-02,2.541802e-02,1.074767e-02,1.469285e-01,1.410605e-01,2.151044e-03,3.300169e-02,2.147346e-01,1.075659e-01,7.873705e-02,7.340862e-03,1.952433e-03,2.776911e-02,6.926998e-03
1.929928e-01,5.828477e-02,2.891802e-02,1.459142e-02,1.271941e-01,1.179556e-01,3.853378e-03,2.992153e-02,1.937741e-01,1.267045e-01,5.858447e-02,8.462970e-03,4.339755e-03,2.431120e-02,1.011154e-02
2.691441e-01,5.070088e-02,2.341681e-02,1.506992e-02,1.177183e-01,9.133857e-02,3.733613e-03,2.521711e-02,1.730115e-01,1.131157e-01,4.466308e-02,1.897750e-02,1.031977e-02,2.167108e-02,2.190206e-02
3.202831e-01,5.422103e-02,1.797984e-02,1.345835e-02,9.384086e-02,7.248902e-02,3.487145e-03,2.078607e-02,1.478006e-01,1.282162e-01,3.576559e-02,2.209142e-02,1.762528e-02,2.148948e-02,3.046609e-02
3.893102e-01,4.927257e-02,1.408816e-02,1.237620e-02,7.064141e-02,5.621604e-02,3.329438e-03,1.689006e-02,1.445629e-01,1.312615e-01,2.769433e-02,1.858288e-02,1.942625e-02,1.803767e-02,2.831043e-02
4.236817e-01,4.891600e-02,1.220520e-02,1.043432e-02,5.387703e-02,4.325835e-02,3.122902e-03,1.410217e-02,1.340144e-01,1.596826e-01,2.278997e-02,1.482197e-02,1.872632e-02,1.617004e-02,2.419697e-02
3.513502e-01,4.618905e-02,1.112676e-02,1.811453e-02,4.109392e-02,3.274177e-02,3.053781e-03,1.119496e-02,1.580160e-01,2.305216e-01,1.927919e-02,1.527151e-02,2.251877e-02,1.270007e-02,2.682789e-02
2.936375e-01,3.499036e-02,8.666997e-03,1.729643e-02,3.101417e-02,2.861314e-02,2.440414e-03,8.233060e-03,1.481943e-01,3.120167e-01,2.143484e-02,1.442868e-02,4.045356e-02,1.025282e-02,2.832700e-02
2.937356e-01,2.762534e-02,7.288975e-03,2.172002e-02,2.395271e-02,4.603319e-02,2.324631e-03,6.049099e-03,1.129062e-01,3.193043e-01,2.815931e-02,2.176355e-02,4.716631e-02,1.623623e-02,2.573444e-02
2.605020e-01,2.030946e-02,6.186219e-03,1.822126e-02,1.847163e-02,5.023817e-02,1.955197e-03,4.717925e-03,8.635472e-02,3.577804e-01,3.456089e-02,2.692676e-02,6.162518e-02,1.315787e-02,3.899235e-02
1.980038e-01,1.520537e-02,5.000450e-03,1.635299e-02,1.380828e-02,4.831979e-02,1.434624e-03,3.620229e-03,6.983005e-02,4.096200e-01,5.295090e-02,3.013751e-02,7.297736e-02,1.119509e-02,5.154352e-02
1.680481e-01,1.269811e-02,8.064149e-03,3.024055e-02,1.049454e-02,4.424576e-02,1.173438e-03,3.091289e-03,6.357052e-02,3.937714e-01,6.567205e-02,5.257601e-02,7.190047e-02,9.404270e-03,6.504932e-02
1.218997e-01,1.061931e-02,7.208747e-03,3.273804e-02,7.592977e-03,3.640768e-02,8.831528e-04,2.385403e-03,6.534164e-02,3.908992e-01,1.350378e-01,5.345622e-02,6.315896e-02,9.779047e-03,6.259206e-02
8.768746e-02,1.067374e-02,6.248055e-03,2.764359e-02,6.174327e-03,2.782121e-02,6.690215e-04,1.779614e-03,8.688861e-02,3.722535e-01,2.103375e-01,4.883096e-02,5.216167e-02,8.531322e-03,5.229936e-02
1.067335e-01,1.763454e-02,9.556123e-03,3.606547e-02,6.120658e-03,2.606485e-02,1.120751e-03,4.720066e-03,1.240423e-01,3.225167e-01,1.929930e-01,4.533491e-02,4.755495e-02,1.058020e-02,4.896203e-02
9.733953e-02,2.128667e-02,8.210537e-03,3.848078e-02,5.960051e-03,2.215123e-02,1.137098e-03,4.525096e-03,1.492022e-01,3.470223e-01,1.765589e-01,3.878393e-02,3.694697e-02,1.114338e-02,4.125135e-02
1.297092e-01,4.414050e-02,6.547669e-03,3.437963e-02,5.333799e-03,2.052377e-02,1.005543e-03,3.979638e-03,1.393444e-01,3.025666e-01,1.626434e-01,3.558451e-02,3.089874e-02,2.984817e-02,5.349447e-02
1.196965e-01,4.357060e-02,5.066285e-03,3.178286e-02,5.533621e-03,1.816410e-02,8.453671e-04,3.374757e-03,1.621444e-01,2.426125e-01,1.735500e-01,5.396872e-02,3.457621e-02,5.325048e-02,5.186362e-02
9.284126e-02,3.502997e-02,3.682876e-03,2.455749e-02,4.418758e-03,1.536241e-02,6.583780e-04,2.608881e-03,1.396708e-01,1.829950e-01,2.841858e-01,8.117579e-02,3.178325e-02,6.157964e-02,3.944970e-02
9.258945e-02,2.908139e-02,3.148365e-03,1.920699e-02,3.895951e-03,1.279120e-02,6.228177e-04,2.255484e-03,1.101927e-01,1.334472e-01,3.313674e-01,1.346017e-01,3.095303e-02,6.250831e-02,3.333798e-02
7.225610e-02,3.998937e-02,3.168102e-03,1.430700e-02,3.782266e-03,9.638752e-03,5.413989e-04,1.775029e-03,8.850162e-02,9.696507e-02,3.263419e-01,2.126281e-01,2.742569e-02,6.981353e-02,3.286606e-02
5.452124e-02,3.762761e-02,3.987161e-03,1.046548e-02,3.112911e-03,7.553199e-03,5.223043e-04,2.314410e-03,8.322297e-02,7.181075e-02,3.842887e-01,2.172522e-01,2.178949e-02,7.554861e-02,2.598301e-02
4.292620e-02,2.870973e-02,1.782865e-02,9.304631e-03,5.563862e-03,9.193046e-03,1.585977e-03,8.905043e-02,7.955878e-02,5.176844e-02,2.985455e-01,2.699837e-01,1.762724e-02,5.968512e-02,1.866859e-02
4.096151e-02,2.973993e-02,2.453453e-02,7.819038e-03,6.809394e-03,1.555257e-02,1.762995e-03,7.787172e-02,7.101587e-02,3.903966e-02,3.006441e-01,2.785397e-01,1.441217e-02,7.627677e-02,1.502003e-02
3.746116e-02,2.838038e-02,3.093068e-02,6.214969e-03,8.560237e-03,1.370556e-02,2.694405e-03,6.714933e-02,8.851689e-02,3.024482e-02,2.781491e-01,2.432319e-01,1.195005e-02,1.414741e-01,1.133642e-02
2.974588e-02,2.970749e-02,2.471051e-02,4.956782e-03,1.533537e-02,1.150600e-02,2.198672e-03,5.670626e-02,2.446157e-01,2.216757e-02,2.268248e-01,1.899046e-01,9.113389e-03,1.242677e-01,8.239342e-03
2.462311e-02,2.871934e-02,5.531133e-02,7.582496e-03,1.682848e-02,1.195408e-02,2.434596e-03,1.770196e-01,2.426945e-01,1.628930e-02,1.686223e-01,1.397860e-01,7.854879e-03,9.427727e-02,6.002671e-03
2.775187e-02,2.587710e-02,1.687143e-01,2.113920e-02,1.799346e-02,9.233739e-03,2.641667e-03,2.234626e-01,1.915051e-01,1.188954e-02,1.229810e-01,9.827790e-02,6.273355e-03,6.776013e-02,4.499001e-03
3.952373e-02,4.651635e-02,2.061638e-01,4.014369e-02,3.326000e-02,8.841397e-03,2.512954e-03,1.672044e-01,2.191307e-01,1.000781e-02,9.265117e-02,6.917878e-02,4.986746e-03,5.596485e-02,3.913638e-03
3.876125e-02,4.228591e-02,2.004830e-01,1.515937e-01,5.361430e-02,7.301465e-03,3.254669e-03,1.238830e-01,2.082863e-01,7.697511e-03,6.658015e-02,4.857339e-02,3.814742e-03,4.052168e-02,3.348853e-03
4.016719e-02,3.677299e-02,1.844970e-01,1.925630e-01,9.423035e-02,7.711693e-03,3.739498e-03,1.192428e-01,1.967631e-01,5.810199e-03,4.800543e-02,3.443954e-02,3.170978e-03,3.014442e-02,2.741878e-03
3.819125e-02,2.869681e-02,1.399094e-01,1.540698e-01,9.316252e-02,7.305059e-03,3.143973e-03,2.864520e-01,1.603158e-01,4.127297e-03,3.418500e-02,2.420828e-02,2.412550e-03,2.179635e-02,2.023782e-03
1.117658e-01,3.001064e-02,1.088372e-01,1.465703e-01,1.014442e-01,9.479299e-03,3.004379e-03,2.672051e-01,1.413370e-01,3.573628e-03,2.764833e-02,1.777893e-02,2.413059e-03,2.604789e-02,2.884337e-03
1.279542e-01,3.747360e-02,8.457524e-02,1.230216e-01,1.402453e-01,1.189452e-02,2.871893e-03,2.623731e-01,1.435732e-01,3.775501e-03,2.196347e-02,1.315610e-02,2.330590e-03,2.188646e-02,2.905071e-03
1.486740e-01,3.737824e-02,7.061951e-02,9.665790e-02,1.685370e-01,1.161064e-02,6.960083e-03,2.754669e-01,1.315312e-01,4.364273e-03,1.630234e-02,1.031824e-02,2.682000e-03,1.631010e-02,2.587539e-03
2.509880e-01,3.467716e-02,6.085828e-02,7.672449e-02,1.545718e-01,1.429417e-02,8.853655e-03,2.298285e-01,1.152024e-01,6.742025e-03,1.382680e-02,1.245293e-02,4.479364e-03,1.277106e-02,3.729404e-03
3.489040e-01,3.287948e-02,5.166097e-02,6.087285e-02,1.293826e-01,1.572780e-02,8.213743e-03,2.043701e-01,9.884547e-02,6.447134e-03,1.120938e-02,1.257800e-02,4.822177e-03,9.791788e-03,4.294486e-03
4.702986e-01,2.906923e-02,3.930405e-02,4.958468e-02,9.931707e-02,1.457352e-02,7.779690e-03,1.531536e-01,7.722223e-02,8.522108e-03,1.153022e-02,1.578285e-02,8.578016e-03,7.994524e-03,7.289468e-03
3.911705e-01,3.685281e-02,2.951779e-02,1.051314e-01,7.193525e-02,1.312119e-02,6.110617e-03,1.109723e-01,7.721372e-02,5.082930e-02,2.504738e-02,1.681054e-02,2.762704e-02,7.320300e-03,3.033977e-02
3.522527e-01,3.630334e-02,2.233959e-02,9.628186e-02,5.813942e-02,1.732517e-02,6.107332e-03,8.120100e-02,8.870234e-02,5.541924e-02,4.610939e-02,1.533128e-02,8.109938e-02,9.730702e-03,3.365725e-02
4.018758e-01,3.553476e-02,2.084550e-02,8.141412e-02,4.803570e-02,1.716997e-02,5.813580e-03,6.132545e-02,7.818734e-02,4.626821e-02,4.752751e-02,1.649169e-02,9.031001e-02,1.535410e-02,3.384624e-02
