1.000000e+00,0.000000e+00,0.000000e+00,0.000000e+00,0.000000e+00,0.000000e+00,0.000000e+00,0.000000e+00,0.000000e+00,0.000000e+00,0.000000e+00,0.000000e+00,0.000000e+00,0.000000e+00,0.000000e+00
1.000000e+00,0.000000e+00,0.000000e+00,0.000000e+00,0.000000e+00,0.000000e+00,0.000000e+00,0.000000e+00,0.000000e+00,0.000000e+00,0.000000e+00,0.000000e+00,0.000000e+00,0.000000e+00,0.000000e+00
1.000000e+00,0.000000e+00,0.000000e+00,0.000000e+00,0.000000e+00,0.000000e+00,0.000000e+00,0.000000e+00,0.000000e+00,0.000000e+00,0.000000e+00,0.000000e+00,0.000000e+00,0.000000e+00,0.000000e+00
1.000000e+00,0.000000e+00,0.000000e+00,0.000000e+00,0.000000e+00,0.000000e+00,0.000000e+00,0.000000e+00,0.000000e+00,0.000000e+00,0.000000e+00,0.000000e+00,0.000000e+00,0.000000e+00,0.000000e+00
1.000000e+00,0.000000e+00,0.000000e+00,0.000000e+00,0.000000e+00,0.000000e+00,0.000000e+00,0.000000e+00,0.000000e+00,0.000000e+00,0.000000e+00,0.000000e+00,0.000000e+00,0.000000e+00,0.000000e+00
1.000000e+00,0.000000e+00,0.000000e+00,0.000000e+00,0.000000e+00,0.000000e+00,0.000000e+00,0.000000e+00,0.000000e+00,0.000000e+00,0.000000e+00,0.000000e+00,0.000000e+00,0.000000e+00,0.000000e+00
1.000000e+00,0.000000e+00,0.000000e+00,0.000000e+00,0.000000e+00,0.000000e+00,0.000000e+00,0.000000e+00,0.000000e+00,0.000000e+00,0.000000e+00,0.000000e+00,0.000000e+00,0.000000e+00,0.000000e+00
1.000000e+00,0.000000e+00,0.000000e+00,0.000000e+00,0.000000e+00,0.000000e+00,0.000000e+00,0.000000e+00,0.000000e+00,0.000000e+00,0.000000e+00,0.000000e+00,0.000000e+00,0.000000e+00,0.000000e+00
1.000000e+00,0.000000e+00,0.000000e+00,0.000000e+00,0.000000e+00,0.000000e+00,0.000000e+00,0.000000e+00,0.000000e+00,0.000000e+00,0.000000e+00,0.000000e+00,0.000000e+00,0.000000e+00,0.000000e+00
1.000000e+00,0.000000e+00,0.000000e+00,0.000000e+00,0.000000e+00,0.000000e+00,0.000000e+00,0.000000e+00,0.000000e+00,0.000000e+00,0.000000e+00,0.000000e+00,0.000000e+00,0.000000e+00,0.000000e+00
1.000000e+00,0.000000e+00,0.000000e+00,0.000000e+00,0.000000e+00,0.000000e+00,0.000000e+00,0.000000e+00,0.000000e+00,0.000000e+00,0.000000e+00,0.000000e+00,0.000000e+00,0.000000e+00,0.000000e+00
1.000000e+00,0.000000e+00,0.000000e+00,0.000000e+00,0.000000e+00,0.000000e+00,0.000000e+00,0.000000e+00,0.000000e+00,0.000000e+00,0.000000e+00,0.000000e+00,0.000000e+00,0.000000e+00,0.000000e+00
1.000000e+00,0.000000e+00,0.000000e+00,0.000000e+00,0.000000e+00,0.000000e+00,0.000000e+00,0.000000e+00,0.000000e+00,0.000000e+00,0.000000e+00,0.000000e+00,0.000000e+00,0.000000e+00,0.000000e+00
1.000000e+00,0.000000e+00,0.000000e+00,0.000000e+00,0.000000e+00,0.000000e+00,0.000000e+00,0.000000e+00,0.000000e+00,0.000000e+00,0.000000e+00,0.000000e+00,0.000000e+00,0.000000e+00,0.000000e+00
1.000000e+00,0.000000e+00,0.000000e+00,0.000000e+00,0.000000e+00,0.000000e+00,0.000000e+00,0.000000e+00,0.000000e+00,0.000000e+00,0.000000e+00,0.000000e+00,0.000000e+00,0.000000e+00,0.000000e+00
1.000000e+00,0.000000e+00,0.000000e+00,0.000000e+00,0.000000e+00,0.000000e+00,0.000000e+00,0.000000e+00,0.000000e+00,0.000000e+00,0.000000e+00,0.000000e+00,0.000000e+00,0.000000e+00,0.000000e+00
1.000000e+00,0.000000e+00,0.000000e+00,0.000000e+00,0.000000e+00,0.000000e+00,0.000000e+00,0.000000e+00,0.000000e+00,0.000000e+00,0.000000e+00,0.000000e+00,0.000000e+00,0.000000e+00,0.000000e+00
1.000000e+00,0.000000e+00,0.000000e+00,0.000000e+00,0.000000e+00,0.000000e+00,0.000000e+00,0.000000e+00,0.000000e+00,0.000000e+00,0.000000e+00,0.000000e+00,0.000000e+00,0.000000e+00,0.000000e+00
1.000000e+00,0.000000e+00,0.000000e+00,0.000000e+00,0.000000e+00,0.000000e+00,0.000000e+00,0.000000e+00,0.000000e+00,0.000000e+00,0.000000e+00,0.000000e+00,0.000000e+00,0.000000e+00,0.000000e+00
1.000000e+00,0.000000e+00,0.000000e+00,0.000000e+00,0.000000e+00,0.000000e+00,0.000000e+00,0.000000e+00,0.000000e+00,0.000000e+00,0.000000e+00,0.000000e+00,0.000000e+00,0.000000e+00,0.000000e+00
1.000000e+00,0.000000e+00,0.000000e+00,0.000000e+00,0.000000e+00,0.000000e+00,0.000000e+00,0.000000e+00,0.000000e+00,0.000000e+00,0.000000e+00,0.000000e+00,0.000000e+00,0.000000e+00,0.000000e+00
1.000000e+00,0.000000e+00,0.000000e+00,0.000000e+00,0.000000e+00,0.000000e+00,0.000000e+00,0.000000e+00,0.000000e+00,0.000000e+00,0.000000e+00,0.000000e+00,0.000000e+00,0.000000e+00,0.000000e+00
1.000000e+00,0.000000e+00,0.000000e+00,0.000000e+00,0.000000e+00,0.000000e+00,0.000000e+00,0.000000e+00,0.000000e+00,0.000000e+00,0.000000e+00,0.000000e+00,0.000000e+00,0.000000e+00,0.000000e+00
1.000000e+00,0.000000e+00,0.000000e+00,0.000000e+00,0.000000e+00,0.000000e+00,0.000000e+00,0.000000e+00,0.000000e+00,0.000000e+00,0.000000e+00,0.000000e+00,0.000000e+00,0.000000e+00,0.000000e+00
1.000000e+00,0.000000e+00,0.000000e+00,0.000000e+00,0.000000e+00,0.000000e+00,0.000000e+00,0.000000e+00,0.000000e+00,0.000000e+00,0.000000e+00,0.000000e+00,0.000000e+00,0.000000e+00,0.000000e+00
1.000000e+00,0.000000e+00,0.000000e+00,0.000000e+00,0.000000e+00,0.000000e+00,0.000000e+00,0.000000e+00,0.000000e+00,0.000000e+00,0.000000e+00,0.000000e+00,0.000000e+00,0.000000e+00,0.000000e+00
1.000000e+00,0.000000e+00,0.000000e+00,0.000000e+00,0.000000e+00,0.000000e+00,0.000000e+00,0.000000e+00,0.000000e+00,0.000000e+00,0.000000e+00,0.000000e+00,0.000000e+00,0.000000e+00,0.000000e+00
1.000000e+00,0.000000e+00,0.000000e+00,0.000000e+00,0.000000e+00,0.000000e+00,0.000000e+00,0.000000e+00,0.000000e+00,0.000000e+00,0.000000e+00,0.000000e+00,0.000000e+00,0.000000e+00,0.000000e+00
1.000000e+00,0.000000e+00,0.000000e+00,0.000000e+00,0.000000e+00,0.000000e+00,0.000000e+00,0.000000e+00,0.000000e+00,0.000000e+00,0.000000e+00,0.000000e+00,0.000000e+00,0.000000e+00,0.000000e+00
1.000000e+00,0.000000e+00,0.000000e+00,0.000000e+00,0.000000e+00,0.000000e+00,0.000000e+00,0.000000e+00,0.000000e+00,0.000000e+00,0.000000e+00,0.000000e+00,0.000000e+00,0.000000e+00,0.000000e+00
1.000000e+00,0.000000e+00,0.000000e+00,0.000000e+00,0.000000e+00,0.000000e+00,0.000000e+00,0.000000e+00,0.000000e+00,0.000000e+00,0.000000e+00,0.000000e+00,0.000000e+00,0.000000e+00,0.000000e+00
1.000000e+00,0.000000e+00,0.000000e+00,0.000000e+00,0.000000e+00,0.000000e+00,0.000000e+00,0.000000e+00,0.000000e+00,0.000000e+00,0.000000e+00,0.000000e+00,0.000000e+00,0.000000e+00,0.000000e+00
1.000000e+00,0.000000e+00,0.000000e+00,0.000000e+00,0.000000e+00,0.000000e+00,0.000000e+00,0.000000e+00,0.000000e+00,0.000000e+00,0.000000e+00,0.000000e+00,0.000000e+00,0.000000e+00,0.000000e+00
1.000000e+00,0.000000e+00,0.000000e+00,0.000000e+00,0.000000e+00,0.000000e+00,0.000000e+00,0.000000e+00,0.000000e+00,0.000000e+00,0.000000e+00,0.000000e+00,0.000000e+00,0.000000e+00,0.000000e+00
1.000000e+00,0.000000e+00,0.000000e+00,0.000000e+00,0.000000e+00,0.000000e+00,0.000000e+00,0.000000e+00,0.000000e+00,0.000000e+00,0.000000e+00,0.000000e+00,0.000000e+00,0.000000e+00,0.000000e+00
1.000000e+00,0.000000e+00,0.000000e+00,0.000000e+00,0.000000e+00,0.000000e+00,0.000000e+00,0.000000e+00,0.000000e+00,0.000000e+00,0.000000e+00,0.000000e+00,0.000000e+00,0.000000e+00,0.000000e+00
1.000000e+00,0.000000e+00,0.000000e+00,0.000000e+00,0.000000e+00,0.000000e+00,0.000000e+00,0.000000e+00,0.000000e+00,0.000000e+00,0.000000e+00,0.000000e+00,0.000000e+00,0.000000e+00,0.000000e+00
1.000000e+00,0.000000e+00,0.000000e+00,0.000000e+00,0.000000e+00,0.000000e+00,0.000000e+00,0.000000e+00,0.000000e+00,0.000000e+00,0.000000e+00,0.000000e+00,0.000000e+00,0.000000e+00,0.000000e+00
1.000000e+00,0.000000e+00,0.000000e+00,0.000000e+00,0.000000e+00,0.000000e+00,0.000000e+00,0.000000e+00,0.000000e+00,0.000000e+00,0.000000e+00,0.000000e+00,0.000000e+00,0.000000e+00,0.000000e+00
1.000000e+00,0.000000e+00,0.000000e+00,0.000000e+00,0.000000e+00,0.000000e+00,0.000000e+00,0.000000e+00,0.000000e+00,0.000000e+00,0.000000e+00,0.000000e+00,0.000000e+00,0.000000e+00,0.000000e+00
1.000000e+00,0.000000e+00,0.000000e+00,0.000000e+00,0.000000e+00,0.000000e+00,0.000000e+00,0.000000e+00,0.000000e+00,0.000000e+00,0.000000e+00,0.000000e+00,0.000000e+00,0.000000e+00,0.000000e+00
1.000000e+00,0.000000e+00,0.000000e+00,0.000000e+00,0.000000e+00,0.000000e+00,0.000000e+00,0.000000e+00,0.000000e+00,0.000000e+00,0.000000e+00,0.000000e+00,0.000000e+00,0.000000e+00,0.000000e+00
1.000000e+00,0.000000e+00,0.000000e+00,0.000000e+00,0.000000e+00,0.000000e+00,0.000000e+00,0.000000e+00,0.000000e+00,0.000000e+00,0.000000e+00,0.000000e+00,0.000000e+00,0.000000e+00,0.000000e+00
1.000000e+00,0.000000e+00,0.000000e+00,0.000000e+00,0.000000e+00,0.000000e+00,0.000000e+00,0.000000e+00,0.000000e+00,0.000000e+00,0.000000e+00,0.000000e+00,0.000000e+00,0.000000e+00,0.000000e+00
1.000000e+00,0.000000e+00,0.000000e+00,0.000000e+00,0.000000e+00,0.000000e+00,0.000000e+00,0.000000e+00,0.000000e+00,0.000000e+00,0.000000e+00,0.000000e+00,0.000000e+00,0.000000e+00,0.000000e+00
1.000000e+00,0.000000e+00,0.000000e+00,0.000000e+00,0.000000e+00,0.000000e+00,0.000000e+00,0.000000e+00,0.000000e+00,0.000000e+00,0.000000e+00,0.000000e+00,0.000000e+00,0.000000e+00,0.000000e+00
1.000000e+00,0.000000e+00,0.000000e+00,0.000000e+00,0.000000e+00,0.000000e+00,0.000000e+00,0.000000e+00,0.000000e+00,0.000000e+00,0.000000e+00,0.000000e+00,0.000000e+00,0.000000e+00,0.000000e+00
1.000000e+00,0.000000e+00,0.000000e+00,0.000000e+00,0.000000e+00,0.000000e+00,0.000000e+00,0.000000e+00,0.000000e+00,0.000000e+00,0.000000e+00,0.000000e+00,0.000000e+00,0.000000e+00,0.000000e+00
1.000000e+00,0.000000e+00,0.000000e+00,0.000000e+00,0.000000e+00,0.000000e+00,0.000000e+00,0.000000e+00,0.000000e+00,0.000000e+00,0.000000e+00,0.000000e+00,0.000000e+00,0.000000e+00,0.000000e+00
1.000000e+00,0.000000e+00,0.000000e+00,0.000000e+00,0.000000e+00,0.000000e+00,0.000000e+00,0.000000e+00,0.000000e+00,0.000000e+00,0.000000e+00,0.000000e+00,0.000000e+00,0.000000e+00,0.000000e+00
1.000000e+00,0.000000e+00,0.000000e+00,0.000000e+00,0.000000e+00,0.000000e+00,0.000000e+00,0.000000e+00,0.000000e+00,0.000000e+00,0.000000e+00,0.000000e+00,0.000000e+00,0.000000e+00,0.000000e+00
1.000000e+00,0.000000e+00,0.000000e+00,0.000000e+00,0.000000e+00,0.000000e+00,0.000000e+00,0.000000e+00,0.000000e+00,0.000000e+00,0.000000e+00,0.000000e+00,0.000000e+00,0.000000e+00,0.000000e+00
1.000000e+00,0.000000e+00,0.000000e+00,0.000000e+00,0.000000e+00,0.000000e+00,0.000000e+00,0.000000e+00,0.000000e+00,0.000000e+00,0.000000e+00,0.000000e+00,0.000000e+00,0.000000e+00,0.000000e+00
1.000000e+00,0.000000e+00,0.000000e+00,0.000000e+00,0.000000e+00,0.000000e+00,0.000000e+00,0.000000e+00,0.000000e+00,0.000000e+00,0.000000e+00,0.000000e+00,0.000000e+00,0.000000e+00,0.000000e+00
4.241481e-01,3.160373e-02,1.305330e-01,1.692595e-01,1.000806e-02,2.366649e-02,5.270581e-03,2.142543e-02,1.608340e-02,2.812261e-03,3.218266e-02,5.365582e-02,3.060577e-02,7.761848e-03,4.098320e-02
1.000000e+00,0.000000e+00,0.000000e+00,0.000000e+00,0.000000e+00,0.000000e+00,0.000000e+00,0.000000e+00,0.000000e+00,0.000000e+00,0.000000e+00,0.000000e+00,0.000000e+00,0.000000e+00,0.000000e+00
1.000000e+00,0.000000e+00,0.000000e+00,0.000000e+00,0.000000e+00,0.000000e+00,0.000000e+00,0.000000e+00,0.000000e+00,0.000000e+00,0.000000e+00,0.000000e+00,0.000000e+00,0.000000e+00,0.000000e+00
4.121607e-01,1.497282e-02,7.846790e-02,7.264799e-02,1.361580e-02,3.058810e-02,5.968884e-02,2.118517e-01,8.799971e-03,1.415174e-03,1.481315e-02,2.459113e-02,3.055614e-02,5.005566e-03,2.082502e-02
2.935194e-01,1.088521e-02,5.808386e-02,5.175403e-02,1.233606e-02,2.454798e-02,7.054071e-02,3.991383e-01,6.257761e-03,1.019795e-03,1.050158e-02,1.739627e-02,2.551835e-02,3.585508e-03,1.491517e-02
2.064274e-01,7.690486e-03,4.082520e-02,3.636334e-02,9.260930e-03,1.761388e-02,5.379939e-02,5.722185e-01,4.389954e-03,7.178789e-04,7.387532e-03,1.220402e-02,1.808567e-02,2.532324e-03,1.048351e-02
1.447738e-01,5.414980e-03,2.862613e-02,2.548514e-02,6.849811e-03,1.255874e-02,4.408632e-02,6.929764e-01,3.077217e-03,5.032375e-04,5.180787e-03,8.551780e-03,1.278496e-02,1.780813e-03,7.349942e-03
1.014684e-01,3.812633e-03,2.012036e-02,1.787805e-02,5.491244e-03,9.100589e-03,6.874827e-02,7.455395e-01,2.160493e-03,3.538505e-04,3.681471e-03,5.999099e-03,9.208606e-03,1.271775e-03,5.165721e-03
7.105479e-02,2.677277e-03,1.411040e-02,1.254120e-02,4.858371e-03,6.587913e-03,8.791804e-02,7.804759e-01,1.515702e-03,2.526482e-04,2.627432e-03,4.211817e-03,6.636767e-03,9.094837e-04,3.622246e-03
4.991135e-02,1.886307e-03,9.896720e-03,8.833569e-03,8.164093e-03,4.701082e-03,6.941341e-02,8.329973e-01,1.093604e-03,1.838008e-04,1.928373e-03,2.976511e-03,4.801290e-03,6.685425e-04,2.544014e-03
3.527024e-02,1.373673e-03,7.004755e-03,6.347701e-03,2.559223e-02,3.454456e-03,5.315110e-02,8.497825e-01,1.577008e-03,4.146783e-04,3.090397e-03,2.492038e-03,7.586694e-03,8.322433e-04,2.030268e-03
2.543091e-02,1.165663e-03,5.150046e-03,4.645326e-03,7.114165e-02,2.584395e-03,3.887930e-02,8.275572e-01,1.808955e-03,1.380523e-03,4.609152e-03,2.069616e-03,1.010072e-02,1.137458e-03,2.339123e-03
2.045502e-02,1.560434e-03,3.941977e-03,3.557193e-03,9.324561e-02,2.324329e-03,3.033305e-02,7.867846e-01,3.488880e-03,9.314084e-03,7.052847e-03,2.567761e-03,2.375269e-02,4.254460e-03,7.367017e-03
1.827115e-02,3.337557e-03,3.521598e-03,4.350769e-03,8.623961e-02,2.051955e-03,2.780455e-02,7.067544e-01,1.309702e-02,1.816192e-02,1.913933e-02,6.335546e-03,5.029047e-02,1.137941e-02,2.926475e-02
1.724352e-02,4.780805e-03,3.085144e-03,5.448731e-03,1.701063e-01,2.087162e-03,2.374754e-02,5.588187e-01,4.009524e-02,3.321587e-02,1.702483e-02,8.063117e-03,6.535345e-02,1.096906e-02,3.996054e-02
1.781431e-02,4.756157e-03,2.586367e-03,7.274886e-03,1.439146e-01,2.455665e-03,1.977453e-02,4.416656e-01,7.998130e-02,3.032580e-02,2.184171e-02,1.020056e-02,1.140215e-01,1.022520e-02,9.316190e-02
9.935917e-02,6.342044e-03,5.240962e-03,7.782810e-03,1.062878e-01,8.962634e-03,2.003288e-02,3.312642e-01,9.230653e-02,2.783389e-02,2.525622e-02,1.154888e-02,1.161928e-01,1.028919e-02,1.313001e-01
1.792107e-01,1.022102e-02,5.189695e-03,1.090738e-02,7.800118e-02,1.852457e-02,1.649840e-02,2.392005e-01,1.225296e-01,2.395473e-02,2.703577e-02,2.705992e-02,1.189871e-01,9.626143e-03,1.130534e-01
1.570784e-01,1.837202e-02,7.651039e-03,3.287864e-02,5.759334e-02,1.769186e-02,1.203486e-02,1.695284e-01,1.644352e-01,2.536171e-02,3.975483e-02,7.046434e-02,1.177107e-01,9.854804e-03,9.958988e-02
2.123289e-01,1.581380e-02,6.333478e-03,3.017128e-02,4.214289e-02,2.126261e-02,9.039589e-03,1.212000e-01,1.671128e-01,2.041883e-02,4.586857e-02,1.019789e-01,1.197368e-01,8.337414e-03,7.825413e-02
1.939413e-01,1.439914e-02,7.468868e-03,4.985203e-02,3.291139e-02,2.075062e-02,6.965289e-03,8.580373e-02,2.155364e-01,1.971117e-02,4.895898e-02,1.128894e-01,1.166037e-01,9.276209e-03,6.493178e-02
2.708749e-01,1.262174e-02,7.285344e-03,4.535253e-02,3.085831e-02,1.946542e-02,5.749016e-03,6.203916e-02,2.207374e-01,1.694716e-02,5.339275e-02,1.000274e-01,9.430659e-02,9.342578e-03,5.099974e-02
3.119743e-01,1.144469e-02,5.953299e-03,4.284865e-02,2.896589e-02,1.848177e-02,4.649341e-03,4.510023e-02,2.344051e-01,1.403271e-02,5.146385e-02,9.632322e-02,8.307376e-02,1.017618e-02,4.110698e-02
2.937688e-01,1.156186e-02,5.248686e-03,4.047993e-02,2.687087e-02,1.651197e-02,3.531674e-03,3.498937e-02,3.014831e-01,1.201776e-02,4.597370e-02,8.243567e-02,8.259780e-02,9.082950e-03,3.344584e-02
2.554656e-01,1.380623e-02,4.637884e-03,4.029043e-02,2.674429e-02,1.782953e-02,2.759490e-03,3.176974e-02,3.476918e-01,1.009180e-02,4.020918e-02,7.718147e-02,9.096844e-02,7.974254e-03,3.257978e-02
2.264530e-01,2.597443e-02,5.069975e-03,4.625200e-02,2.394914e-02,1.672014e-02,2.351239e-03,2.861422e-02,3.895168e-01,1.203943e-02,3.834295e-02,6.452868e-02,8.343786e-02,9.645428e-03,2.710471e-02
1.830408e-01,3.227171e-02,6.291092e-03,4.725059e-02,2.046742e-02,1.991792e-02,1.946936e-03,2.986121e-02,4.306702e-01,1.572146e-02,3.791998e-02,6.436287e-02,7.504096e-02,1.156110e-02,2.367581e-02
1.738115e-01,3.004054e-02,9.311358e-03,4.446748e-02,2.757433e-02,1.912361e-02,1.948952e-03,6.683613e-02,4.368472e-01,1.473222e-02,3.312378e-02,5.245671e-02,5.884641e-02,1.144759e-02,1.943214e-02
1.690786e-01,2.761232e-02,8.928005e-03,9.992175e-02,2.578657e-02,2.200013e-02,1.783490e-03,5.376759e-02,4.286828e-01,1.499813e-02,2.512131e-02,4.186900e-02,4.644508e-02,8.842977e-03,2.516222e-02
2.290972e-01,2.721418e-02,9.825518e-03,1.083788e-01,2.771468e-02,4.066717e-02,2.597652e-03,4.605990e-02,3.513169e-01,1.257087e-02,2.568423e-02,4.786170e-02,3.767674e-02,7.917667e-03,2.541679e-02
3.031025e-01,3.205412e-02,9.731312e-03,1.262958e-01,2.559800e-02,4.795757e-02,2.876557e-03,3.428074e-02,2.596500e-01,1.065091e-02,2.475076e-02,4.992498e-02,3.389432e-02,7.132393e-03,3.210009e-02
3.563250e-01,3.212626e-02,9.656067e-03,1.213202e-01,3.358772e-02,4.670227e-02,3.791087e-03,2.920266e-02,2.072292e-01,9.353239e-03,2.537494e-02,5.182452e-02,3.243307e-02,7.207019e-03,3.386687e-02
3.525147e-01,3.580011e-02,9.268362e-03,1.234980e-01,3.947770e-02,4.166073e-02,5.648259e-03,2.634809e-02,1.854424e-01,9.257914e-03,2.732553e-02,5.538930e-02,4.137859e-02,6.732889e-03,4.025752e-02
3.228058e-01,3.634809e-02,1.230073e-02,1.432945e-01,5.152410e-02,3.499807e-02,4.802290e-03,6.242445e-02,1.684280e-01,8.943837e-03,2.826640e-02,4.876021e-02,3.475965e-02,6.457501e-03,3.588640e-02
3.021109e-01,4.596750e-02,1.209115e-02,1.336013e-01,6.512286e-02,2.894509e-02,5.661191e-03,5.698925e-02,1.929627e-01,7.681443e-03,2.639566e-02,4.810117e-02,3.575247e-02,6.024402e-03,3.259300e-02
2.190849e-01,4.021668e-02,1.902446e-02,2.020676e-01,5.067730e-02,2.119549e-02,4.293299e-03,4.156707e-02,2.794239e-01,7.449628e-03,2.034590e-02,3.445544e-02,2.693337e-02,4.336786e-03,2.892815e-02
1.729777e-01,3.330586e-02,4.252282e-02,2.716757e-01,5.730003e-02,1.665762e-02,4.863629e-03,5.059098e-02,2.525847e-01,6.669263e-03,1.789016e-02,2.527806e-02,2.031523e-02,3.293094e-03,2.407520e-02
1.833726e-01,4.269290e-02,4.729652e-02,2.337689e-01,6.570764e-02,1.518064e-02,7.319040e-03,4.999583e-02,2.579923e-01,5.846282e-03,2.360049e-02,2.037008e-02,2.231073e-02,2.810348e-03,2.173577e-02
1.985012e-01,4.840501e-02,4.224767e-02,2.087777e-01,8.150261e-02,1.432535e-02,1.336742e-02,6.101529e-02,2.253708e-01,5.343893e-03,2.831493e-02,2.654753e-02,1.996284e-02,3.334186e-03,2.298365e-02
2.196452e-01,5.320515e-02,3.766369e-02,2.271001e-01,8.046027e-02,1.360213e-02,1.497351e-02,5.591989e-02,1.725900e-01,5.387823e-03,3.946905e-02,3.417096e-02,1.859757e-02,3.537622e-03,2.367703e-02
2.461424e-01,4.396742e-02,2.816605e-02,1.876358e-01,5.812999e-02,1.231313e-02,1.086526e-02,4.033781e-02,1.728590e-01,4.409385e-03,6.601465e-02,5.682915e-02,4.975482e-02,2.946922e-03,1.962826e-02
2.546210e-01,3.350197e-02,2.029816e-02,1.460669e-01,4.202915e-02,1.058384e-02,7.993164e-03,3.063554e-02,1.319153e-01,4.653541e-03,1.515398e-01,5.890873e-02,8.259507e-02,9.373952e-03,1.528380e-02
3.030396e-01,2.736741e-02,1.481231e-02,1.206860e-01,3.087292e-02,1.009584e-02,6.030226e-03,2.583463e-02,1.093943e-01,4.684274e-03,1.667980e-01,6.316403e-02,7.976408e-02,2.545727e-02,1.199911e-02
3.596320e-01,2.028143e-02,1.101473e-02,9.184873e-02,2.276046e-02,9.371277e-03,4.870086e-03,2.157136e-02,8.572557e-02,4.974405e-03,1.605876e-01,7.755841e-02,8.014785e-02,4.045939e-02,9.196599e-03
4.131536e-01,1.752459e-02,8.586351e-03,7.005247e-02,1.752955e-02,7.707534e-03,3.697729e-03,1.621429e-02,6.909595e-02,4.831528e-03,1.454965e-01,8.351212e-02,7.196454e-02,6.254245e-02,8.090703e-03
3.563052e-01,1.584600e-02,7.379141e-03,5.165209e-02,1.500306e-02,6.710614e-03,2.900663e-03,1.531794e-02,6.754076e-02,6.153248e-03,1.713262e-01,8.182770e-02,5.666984e-02,1.360464e-01,9.321095e-03
2.843886e-01,1.730558e-02,9.436332e-03,3.871660e-02,1.665431e-02,6.286463e-03,2.312025e-03,2.205142e-02,7.869042e-02,6.808171e-03,1.993995e-01,7.175630e-02,4.188683e-02,1.958618e-01,8.445622e-03
2.206208e-01,2.166463e-02,9.126661e-03,2.795000e-02,1.488351e-02,5.308788e-03,1.715876e-03,1.785431e-02,8.010165e-02,6.095604e-03,2.278895e-01,5.709720e-02,3.012734e-02,2.716717e-01,7.892343e-03
1.629993e-01,2.354528e-02,7.356967e-03,2.003859e-02,1.188851e-02,4.771492e-03,1.222594e-03,1.310716e-02,1.097501e-01,5.020229e-03,2.838342e-01,4.347674e-02,2.184994e-02,2.845328e-01,6.606033e-03
1.220407e-01,4.055694e-02,6.698737e-03,1.460847e-02,1.008501e-02,5.016827e-03,8.797085e-04,1.017831e-02,1.433900e-01,4.676825e-03,2.723533e-01,3.107428e-02,1.573357e-02,3.162144e-01,6.492825e-03
9.771111e-02,3.655076e-02,5.267679e-03,1.244359e-02,8.640173e-03,5.656898e-03,6.571177e-04,8.223763e-03,1.940335e-01,5.383640e-03,2.280015e-01,2.453226e-02,1.256718e-02,3.540421e-01,6.288686e-03
7.466649e-02,3.215735e-02,1.763878e-02,1.555814e-02,1.145409e-02,8.276874e-03,8.119069e-04,1.350656e-02,1.933121e-01,4.720572e-03,1.737205e-01,1.807090e-02,1.029543e-02,4.191567e-01,6.653598e-03
6.526741e-02,2.934947e-02,3.673355e-02,1.692811e-02,1.249555e-02,1.028309e-02,1.050792e-03,2.401240e-02,1.806957e-01,4.352971e-03,1.334463e-01,1.325546e-02,8.344136e-03,4.573262e-01,6.458807e-03
5.704287e-02,4.075994e-02,3.020366e-02,1.370420e-02,1.144055e-02,1.487876e-02,9.023569e-04,2.475957e-02,2.733781e-01,3.399137e-03,9.848230e-02,1.018177e-02,7.307929e-03,4.076896e-01,5.869177e-03
4.820145e-02,4.623473e-02,7.161582e-02,2.001775e-02,1.787491e-02,2.027811e-02,9.131423e-04,2.255997e-02,3.391056e-01,3.671352e-03,7.265928e-02,7.780626e-03,7.376525e-03,3.140301e-01,7.680575e-03
4.618397e-02,5.475447e-02,1.459821e-01,1.858941e-02,1.577027e-02,2.462587e-02,8.179473e-04,2.453661e-02,3.350052e-01,4.283964e-03,5.421098e-02,6.090568e-03,6.128739e-03,2.416185e-01,2.140145e-02
5.540694e-02,6.288903e-02,2.192743e-01,1.823754e-02,4.188362e-02,2.351230e-02,8.844449e-04,2.306336e-02,2.918831e-01,4.925179e-03,4.071578e-02,4.782461e-03,5.164737e-03,1.852570e-01,2.212032e-02
5.534621e-02,6.299165e-02,2.113114e-01,2.442931e-02,1.226300e-01,2.103729e-02,2.049736e-03,4.099124e-02,2.560106e-01,3.786175e-03,3.050102e-02,3.700451e-03,4.406965e-03,1.431689e-01,1.763908e-02
6.424330e-02,8.661506e-02,1.732740e-01,2.126004e-02,1.583547e-01,2.100320e-02,1.597491e-03,3.187961e-02,2.720711e-01,2.951101e-03,2.271282e-02,3.104094e-03,3.642746e-03,1.232392e-01,1.405167e-02
7.503754e-02,9.928977e-02,1.581097e-01,4.353566e-02,1.829960e-01,2.409879e-02,1.512156e-03,3.173352e-02,2.452526e-01,2.446058e-03,1.743796e-02,4.329029e-03,3.449665e-03,9.293658e-02,1.783495e-02
1.277422e-01,8.591384e-02,1.879574e-01,4.792829e-02,1.617953e-01,3.104878e-02,1.699598e-03,2.619856e-02,2.117077e-01,2.064749e-03,1.615012e-02,4.968870e-03,3.937192e-03,7.644345e-02,1.444406e-02
2.069249e-01,6.760460e-02,1.919660e-01,4.443185e-02,1.277263e-01,6.051883e-02,2.469308e-03,2.131505e-02,1.731147e-01,2.631500e-03,1.615159e-02,7.039618e-03,4.686230e-03,5.994051e-02,1.347920e-02
2.847234e-01,5.919274e-02,1.766562e-01,4.181343e-02,1.031773e-01,7.456727e-02,2.390485e-03,1.768590e-02,1.415809e-01,3.015542e-03,1.531739e-02,8.016471e-03,4.504974e-03,4.690746e-02,2.045053e-02
4.026340e-01,5.372681e-02,1.449931e-01,3.903239e-02,7.911515e-02,5.690729e-02,2.583212e-03,1.582791e-02,1.087069e-01,3.440516e-03,1.552322e-02,1.346328e-02,4.617988e-03,3.793404e-02,2.149422e-02
4.805681e-01,4.995964e-02,1.319755e-01,3.792040e-02,5.942643e-02,4.317666e-02,2.205720e-03,1.394801e-02,8.231558e-02,3.064210e-03,1.587212e-02,1.433739e-02,5.087546e-03,3.215895e-02,2.798376e-02
1.000000e+00,0.000000e+00,0.000000e+00,0.000000e+00,0.000000e+00,0.000000e+00,0.000000e+00,0.000000e+00,0.000000e+00,0.000000e+00,0.000000e+00,0.000000e+00,0.000000e+00,0.000000e+00,0.000000e+00
1.000000e+00,0.000000e+00,0.000000e+00,0.000000e+00,0.000000e+00,0.000000e+00,0.000000e+00,0.000000e+00,0.000000e+00,0.000000e+00,0.000000e+00,0.000000e+00,0.000000e+00,0.000000e+00,0.000000e+00
1.000000e+00,0.000000e+00,0.000000e+00,0.000000e+00,0.000000e+00,0.000000e+00,0.000000e+00,0.000000e+00,0.000000e+00,0.000000e+00,0.000000e+00,0.000000e+00,0.000000e+00,0.000000e+00,0.000000e+00
1.000000e+00,0.000000e+00,0.000000e+00,0.000000e+00,0.000000e+00,0.000000e+00,0.000000e+00,0.000000e+00,0.000000e+00,0.000000e+00,0.000000e+00,0.000000e+00,0.000000e+00,0.000000e+00,0.000000e+00
1.000000e+00,0.000000e+00,0.000000e+00,0.000000e+00,0.000000e+00,0.000000e+00,0.000000e+00,0.000000e+00,0.000000e+00,0.000000e+00,0.000000e+00,0.000000e+00,0.000000e+00,0.000000e+00,0.000000e+00
4.416096e-01,2.152745e-02,4.687089e-02,2.256227e-02,1.148180e-02,1.336442e-02,1.303971e-03,7.176516e-03,4.305568e-02,1.948536e-02,2.200874e-02,1.805907e-02,8.890705e-03,1.106708e-01,2.119327e-01
3.128797e-01,1.716159e-02,3.741055e-02,1.642731e-02,8.084613e-03,9.729228e-03,9.310222e-04,5.074403e-03,6.492198e-02,2.316741e-02,2.851075e-02,1.390310e-02,6.901651e-03,1.096955e-01,3.452012e-01
2.198498e-01,1.251473e-02,2.735540e-02,1.172026e-02,5.689624e-03,7.007152e-03,6.632454e-04,3.604500e-03,5.859045e-02,2.112341e-02,5.323561e-02,1.153407e-02,5.398772e-03,1.343438e-01,4.273691e-01
1.553698e-01,9.103888e-03,2.027415e-02,8.775814e-03,4.046650e-03,5.050061e-03,4.937027e-04,2.594875e-03,4.391656e-02,1.722494e-02,2.674595e-01,9.879206e-03,5.103638e-03,1.338006e-01,3.169067e-01
1.095638e-01,6.437188e-03,1.435494e-02,6.323444e-03,2.886983e-03,3.586668e-03,3.819139e-04,1.870589e-03,3.210100e-02,1.312153e-02,4.476502e-01,9.877017e-03,4.402800e-03,1.205122e-01,2.269297e-01
8.101495e-02,4.585769e-03,1.008608e-02,4.618197e-03,2.322704e-03,2.612940e-03,4.338130e-04,1.401081e-03,2.342347e-02,9.705904e-03,5.598318e-01,1.637463e-02,3.832632e-03,1.198838e-01,1.598722e-01
5.723523e-02,3.253435e-03,7.120455e-03,3.371281e-03,2.195880e-03,2.238214e-03,4.322862e-04,1.041157e-03,1.690873e-02,7.829979e-03,6.253706e-01,2.147109e-02,3.453432e-03,1.357664e-01,1.123118e-01
4.022798e-02,2.317473e-03,5.024966e-03,2.478945e-03,1.922172e-03,1.700084e-03,3.676740e-04,7.441569e-04,1.212492e-02,6.338110e-03,6.826823e-01,2.169029e-02,2.911057e-03,1.399320e-01,7.953784e-02
2.854738e-02,1.866070e-03,3.773602e-03,1.808537e-03,3.258015e-03,3.356098e-03,1.237588e-03,6.368407e-04,9.322355e-03,1.343622e-02,6.533049e-01,2.829795e-02,2.596954e-03,1.906771e-01,5.788038e-02
2.097219e-02,1.503416e-03,2.872045e-03,1.386270e-03,3.338604e-03,3.410107e-03,1.198241e-03,6.351804e-04,8.201974e-03,1.328543e-02,6.727462e-01,3.427120e-02,2.583697e-03,1.912067e-01,4.238879e-02
2.263455e-02,1.298465e-03,2.292161e-03,1.523795e-03,3.799158e-03,5.142489e-03,2.462061e-03,2.544470e-03,1.534664e-02,1.608291e-02,6.671499e-01,3.285487e-02,2.772210e-03,1.895510e-01,3.454530e-02
1.918102e-02,9.890653e-04,1.681542e-03,1.166125e-03,3.026118e-03,3.951540e-03,1.837557e-03,1.935255e-03,1.467282e-02,1.615525e-02,6.137928e-01,2.814746e-02,2.407838e-03,2.654917e-01,2.556388e-02
1.815829e-02,8.485382e-04,1.248830e-03,9.714272e-04,2.562242e-03,3.136106e-03,1.418778e-03,1.451690e-03,1.320133e-02,1.586090e-02,5.906744e-01,2.518216e-02,2.212583e-03,3.034680e-01,1.960479e-02
1.986988e-02,1.453669e-03,1.150013e-03,9.201037e-04,6.726758e-03,4.118807e-03,2.126858e-03,1.592070e-03,1.157590e-02,1.659002e-02,5.907637e-01,3.039257e-02,2.557366e-03,2.953821e-01,1.478023e-02
1.909148e-02,1.526567e-03,9.509427e-04,7.562366e-04,6.722216e-03,3.718015e-03,1.868426e-03,1.331266e-03,9.293294e-03,1.427118e-02,6.062739e-01,3.393482e-02,2.519018e-03,2.869101e-01,1.083253e-02
2.372804e-02,1.875412e-03,8.155105e-04,6.113557e-04,5.480569e-03,3.174818e-03,1.478809e-03,1.151229e-03,7.005557e-03,1.096950e-02,6.633253e-01,3.728918e-02,2.481296e-03,2.328122e-01,7.801252e-03
2.434461e-02,2.618394e-03,1.287445e-03,5.384395e-04,5.399477e-03,3.031114e-03,1.256729e-03,1.416120e-03,5.402102e-03,8.671371e-03,6.998627e-01,4.278483e-02,2.299178e-03,1.954559e-01,5.631591e-03
2.681519e-02,3.437306e-03,1.586466e-03,4.925449e-04,5.324802e-03,2.719069e-03,1.055036e-03,1.657010e-03,4.369177e-03,6.949789e-03,7.315133e-01,4.673307e-02,2.198026e-03,1.610364e-01,4.112925e-03
2.528042e-02,4.884704e-03,1.591723e-03,4.186788e-04,5.573761e-03,2.571423e-03,8.865915e-04,1.582225e-03,3.452233e-03,5.519320e-03,7.701840e-01,4.548771e-02,2.001622e-03,1.275694e-01,2.996264e-03
2.337126e-02,5.894277e-03,1.509009e-03,3.919949e-04,7.553629e-03,2.428962e-03,8.470743e-04,1.557640e-03,3.396508e-03,4.981325e-03,7.925434e-01,4.792406e-02,1.842659e-03,1.034553e-01,2.303034e-03
2.342267e-02,8.015828e-03,1.503738e-03,4.531017e-04,1.999316e-02,2.944092e-03,1.166052e-03,1.815843e-03,4.344457e-03,4.547515e-03,8.002487e-01,4.855935e-02,2.506920e-03,7.799299e-02,2.485566e-03
1.763472e-02,7.998494e-03,2.016807e-03,4.934548e-04,4.689343e-02,3.299318e-03,1.895452e-03,3.214126e-03,8.844281e-03,4.724098e-03,7.892966e-01,4.810267e-02,2.302497e-03,6.049189e-02,2.792222e-03
1.373302e-02,2.308586e-02,6.834447e-03,6.010726e-04,1.484258e-01,3.923099e-03,3.347842e-03,3.801364e-03,2.274241e-02,4.920199e-03,6.730844e-01,4.403409e-02,1.768330e-03,4.651263e-02,3.185458e-03
1.222217e-02,2.942185e-02,5.238964e-02,1.811812e-03,1.798122e-01,4.085737e-03,2.518141e-03,8.535563e-02,5.455846e-02,5.523317e-03,4.942985e-01,3.768722e-02,1.848141e-03,3.529476e-02,3.172438e-03
1.190925e-02,4.209752e-02,1.651822e-01,2.133005e-03,1.803819e-01,4.803043e-03,2.869051e-03,9.117969e-02,8.350026e-02,6.185966e-03,3.523693e-01,2.719622e-02,1.470694e-03,2.533431e-02,3.387641e-03
9.962076e-03,1.460426e-01,2.032747e-01,2.413254e-03,1.442298e-01,4.064585e-03,2.105417e-03,6.617919e-02,1.289262e-01,4.668647e-03,2.469350e-01,1.912161e-02,1.101399e-03,1.780131e-02,3.174209e-03
1.363966e-02,2.680769e-01,1.701113e-01,2.323551e-03,1.290633e-01,4.454174e-03,1.646351e-03,6.535402e-02,1.396367e-01,3.329879e-03,1.731281e-01,1.348299e-02,8.434210e-04,1.258465e-02,2.325037e-03
3.924355e-02,2.697397e-01,1.415899e-01,2.887969e-03,1.389733e-01,3.727969e-03,1.304184e-03,9.151714e-02,1.653609e-01,2.393308e-03,1.216587e-01,9.817293e-03,8.589962e-04,9.179363e-03,1.747709e-03
3.851175e-02,1.994928e-01,1.057689e-01,2.925947e-03,1.206297e-01,2.909909e-03,1.218579e-03,3.003090e-01,1.256967e-01,1.683280e-03,8.530999e-02,7.020596e-03,6.894650e-04,6.563170e-03,1.270173e-03
4.205345e-02,1.488520e-01,8.504475e-02,3.261399e-03,9.772749e-02,2.386633e-03,2.211974e-03,4.443913e-01,1.002819e-01,1.212014e-03,6.039170e-02,5.456747e-03,6.538476e-04,4.981319e-03,1.093387e-03
4.847723e-02,1.178023e-01,6.321985e-02,3.000431e-03,7.432625e-02,3.209550e-03,1.255618e-02,5.289820e-01,9.198971e-02,9.772481e-04,4.320361e-02,5.212160e-03,9.036209e-04,3.910228e-03,2.229606e-03
4.559515e-02,8.391599e-02,4.758959e-02,2.643049e-03,5.579793e-02,3.521089e-03,5.497083e-02,5.992653e-01,6.577414e-02,7.175693e-04,3.057725e-02,3.937898e-03,9.220485e-04,2.831037e-03,1.941003e-03
3.719959e-02,5.916260e-02,3.523351e-02,2.128419e-03,4.091338e-02,3.810521e-03,1.579507e-01,5.867838e-01,4.638762e-02,5.329062e-04,2.178887e-02,3.225261e-03,1.253857e-03,2.076545e-03,1.552230e-03
2.913506e-02,4.147049e-02,2.662174e-02,1.708815e-03,3.186601e-02,6.384663e-03,2.294404e-01,5.779896e-01,3.254749e-02,4.451234e-04,1.552972e-02,2.401244e-03,1.708616e-03,1.483874e-03,1.267027e-03
2.242757e-02,2.907500e-02,1.977152e-02,1.344006e-03,2.842302e-02,4.946519e-03,2.749121e-01,5.797319e-01,2.284932e-02,3.344138e-04,1.098370e-02,1.708591e-03,1.490350e-03,1.048097e-03,9.537837e-04
1.798392e-02,2.040048e-02,1.425310e-02,1.034786e-03,2.956022e-02,4.010531e-03,3.119472e-01,5.725651e-01,1.616476e-02,3.147678e-04,7.784405e-03,1.226149e-03,1.216229e-03,7.433398e-04,7.950370e-04
1.572058e-02,1.431457e-02,1.028515e-02,8.365214e-04,2.857582e-02,3.528895e-03,3.230318e-01,5.830978e-01,1.141557e-02,2.731133e-04,5.522623e-03,8.871994e-04,1.186652e-03,5.374466e-04,7.862811e-04
2.128737e-02,1.016170e-02,7.910882e-03,9.361077e-04,2.861010e-02,4.188448e-03,3.347620e-01,5.742594e-01,8.300529e-03,5.673583e-04,4.445013e-03,7.598060e-04,1.412311e-03,5.105187e-04,1.888451e-03
2.325701e-02,7.244871e-03,5.908556e-03,1.250899e-03,3.502019e-02,3.679525e-03,3.342861e-01,5.748186e-01,6.066299e-03,5.459305e-04,3.703544e-03,6.486338e-04,1.294731e-03,3.926900e-04,1.882417e-03
2.614604e-02,5.386305e-03,4.415216e-03,1.230378e-03,3.873006e-02,3.107331e-03,2.901772e-01,6.183039e-01,4.534342e-03,5.485306e-04,3.082453e-03,5.911440e-04,1.333851e-03,3.081521e-04,2.105024e-03
4.451012e-02,4.254974e-03,3.750613e-03,1.645637e-03,4.866312e-02,3.726006e-03,2.907804e-01,5.904594e-01,3.529283e-03,8.246297e-04,2.857945e-03,6.301596e-04,1.199406e-03,2.581608e-04,2.910149e-03
7.893952e-02,5.162171e-03,4.384327e-03,2.218029e-02,5.560803e-02,4.223340e-02,2.124924e-01,4.883479e-01,7.190962e-03,4.526147e-03,3.997149e-02,1.250395e-02,8.151704e-03,1.293260e-03,1.701437e-02
1.075756e-01,7.052428e-03,5.072848e-03,2.759694e-02,6.158079e-02,1.165862e-01,1.514706e-01,3.871542e-01,9.660309e-03,8.876735e-03,4.909124e-02,1.612436e-02,1.399209e-02,4.424553e-03,3.374097e-02
1.106551e-01,6.552252e-03,4.171504e-03,2.531160e-02,5.340524e-02,1.283579e-01,1.093608e-01,2.843027e-01,1.503849e-02,9.966625e-03,1.710971e-01,2.434185e-02,2.210963e-02,9.172439e-03,2.615676e-02
9.408535e-02,5.843160e-03,3.294463e-03,1.941026e-02,3.987733e-02,1.262780e-01,7.708381e-02,2.030532e-01,1.325346e-02,1.906039e-02,2.860164e-01,3.340548e-02,3.027115e-02,2.429347e-02,2.477405e-02
6.728482e-02,4.444025e-03,2.345887e-03,1.368025e-02,2.794428e-02,9.093828e-02,5.398728e-02,1.423853e-01,1.168017e-02,1.778766e-02,4.625646e-01,2.644997e-02,2.201292e-02,3.787822e-02,1.861631e-02
4.769592e-02,3.243937e-03,1.712845e-03,9.688247e-03,1.965723e-02,6.446107e-02,3.781934e-02,9.979609e-02,1.300753e-02,1.388259e-02,6.063606e-01,2.071756e-02,1.601695e-02,3.042591e-02,1.551429e-02
3.672662e-02,3.678755e-03,1.425514e-03,7.106190e-03,1.429403e-02,4.697927e-02,2.657361e-02,7.049080e-02,4.365281e-02,1.378821e-02,6.548696e-01,1.850308e-02,1.195157e-02,3.422094e-02,1.573903e-02
2.604332e-02,3.759785e-03,1.089662e-03,5.005666e-03,1.011734e-02,3.398152e-02,1.864991e-02,4.951239e-02,3.839976e-02,1.559896e-02,7.152614e-01,2.022545e-02,8.812207e-03,4.071616e-02,1.282656e-02
1.841239e-02,1.078577e-02,1.809333e-03,3.557265e-03,7.987458e-03,3.350557e-02,1.316193e-02,3.507984e-02,7.689878e-02,2.062788e-02,6.552716e-01,2.082820e-02,6.505780e-03,8.501691e-02,1.055135e-02
1.348953e-02,2.868679e-02,8.795399e-03,2.655747e-03,8.419059e-03,2.912117e-02,9.450197e-03,2.715554e-02,7.179605e-02,2.074930e-02,5.472537e-01,2.346285e-02,5.088491e-03,1.946099e-01,9.266355e-03
1.155349e-02,4.168379e-02,1.038189e-02,2.211313e-03,8.016240e-03,2.782100e-02,6.919582e-03,2.444717e-02,7.415746e-02,2.664769e-02,4.521085e-01,3.069046e-02,4.410334e-03,2.682601e-01,1.069107e-02
1.070823e-02,4.691087e-02,8.877457e-03,1.819138e-03,6.015322e-03,2.191447e-02,4.941233e-03,1.844015e-02,6.640735e-02,2.679678e-02,3.607048e-01,2.756511e-02,3.496786e-03,3.839072e-01,1.149514e-02
9.163114e-03,8.194022e-02,1.005593e-02,1.585192e-03,4.726494e-03,1.843819e-02,3.562770e-03,1.695724e-02,5.773713e-02,2.812589e-02,3.072592e-01,2.453885e-02,3.073566e-03,4.228634e-01,9.972826e-03
7.319875e-03,1.022694e-01,1.067773e-02,1.456452e-03,4.082325e-03,1.451578e-02,2.610432e-03,1.675666e-02,5.934353e-02,2.701558e-02,2.700469e-01,2.187402e-02,2.737829e-03,4.503574e-01,8.936064e-03
8.560008e-03,9.680822e-02,1.236611e-02,1.528003e-03,3.662409e-03,1.187403e-02,2.007803e-03,1.637984e-02,8.354057e-02,2.541905e-02,2.732773e-01,3.431736e-02,2.851210e-03,4.181694e-01,9.238686e-03
1.533405e-02,9.790099e-02,1.155846e-02,1.289900e-03,3.006514e-03,9.179967e-03,1.489366e-03,1.308797e-02,8.075453e-02,1.872891e-02,2.531043e-01,2.885445e-02,2.435544e-03,4.535547e-01,9.720302e-03
2.045117e-02,1.184056e-01,1.508790e-02,1.397046e-03,2.787923e-03,7.411983e-03,1.119563e-03,1.133601e-02,8.794474e-02,1.389983e-02,2.125822e-01,2.298577e-02,1.862581e-03,4.722024e-01,1.052532e-02
2.276011e-02,1.128449e-01,1.283631e-02,1.148659e-03,2.299592e-03,6.121155e-03,8.068277e-04,9.579069e-03,7.716525e-02,9.875547e-03,1.539859e-01,1.628762e-02,1.374347e-03,5.634103e-01,9.504379e-03
1.920410e-02,1.327321e-01,1.113588e-02,9.250610e-04,2.031859e-03,5.425200e-03,5.793355e-04,8.870428e-03,6.808579e-02,7.101784e-03,1.190801e-01,1.150454e-02,1.026489e-03,6.041659e-01,8.131451e-03
1.959835e-02,1.616959e-01,1.023189e-02,1.056762e-03,3.102072e-03,7.040652e-03,4.388350e-04,9.085099e-03,9.817518e-02,5.147448e-03,9.722292e-02,8.376054e-03,9.182334e-04,5.706019e-01,7.308674e-03
2.562703e-02,1.622278e-01,8.464336e-03,2.438862e-03,5.848169e-03,7.321332e-03,3.832958e-04,1.170216e-02,1.466285e-01,3.750342e-03,7.841852e-02,6.154734e-03,9.258288e-04,5.339183e-01,6.190786e-03
2.749726e-02,1.565791e-01,7.189498e-03,2.822174e-03,1.695508e-02,6.700570e-03,3.199882e-04,1.107487e-02,1.662350e-01,2.855793e-03,7.110988e-02,4.428904e-03,7.589805e-04,5.196524e-01,5.820620e-03
4.349887e-02,1.270789e-01,7.654813e-03,2.136938e-02,2.225232e-02,6.369633e-03,2.965699e-04,1.350260e-02,2.936521e-01,2.805117e-03,5.394722e-02,3.702838e-03,1.032742e-03,3.917303e-01,1.110668e-02
1.069070e-01,1.002562e-01,8.739037e-03,2.216887e-02,2.273895e-02,6.174476e-03,3.113687e-04,1.588026e-02,3.158481e-01,2.469166e-03,5.396671e-02,3.630109e-03,3.003914e-03,3.171926e-01,2.071330e-02
1.265281e-01,8.760388e-02,7.109297e-03,1.631352e-02,2.109009e-02,5.462532e-03,2.733541e-04,1.368810e-02,3.554324e-01,1.955575e-03,4.471382e-02,3.252755e-03,3.614102e-03,2.841434e-01,2.881917e-02
1.217136e-01,6.893528e-02,5.706550e-03,1.407698e-02,1.532957e-02,4.609890e-03,2.286810e-04,1.148601e-02,4.428860e-01,1.996919e-03,5.798231e-02,3.015069e-03,1.066566e-02,2.087648e-01,3.260263e-02
1.222101e-01,5.059303e-02,4.745138e-03,1.209394e-02,1.112494e-02,4.491099e-03,2.629084e-04,9.076986e-03,4.751348e-01,2.401287e-03,9.523578e-02,3.422869e-03,1.795151e-02,1.616628e-01,2.959282e-02
8.988929e-02,3.666450e-02,4.611886e-03,8.998686e-03,7.930182e-03,3.431293e-03,2.225132e-04,6.677916e-03,5.402465e-01,2.725659e-03,1.140225e-01,4.188859e-03,1.445444e-02,1.417854e-01,2.415028e-02
6.533128e-02,2.688276e-02,3.996569e-03,6.681335e-03,5.592281e-03,2.789529e-03,1.756847e-04,4.850932e-03,5.222862e-01,4.823380e-03,1.960370e-01,7.648753e-03,1.337340e-02,1.189725e-01,2.055834e-02
4.637741e-02,1.914139e-02,2.943740e-03,4.744683e-03,3.949262e-03,2.046262e-03,1.339344e-04,3.444770e-03,3.880415e-01,3.933589e-03,3.923736e-01,9.662034e-03,1.069455e-02,9.733114e-02,1.518213e-02
3.320396e-02,1.355880e-02,2.150345e-03,3.355048e-03,2.831088e-03,1.647661e-03,1.047549e-04,2.494246e-03,2.731863e-01,3.147230e-03,5.462704e-01,1.191119e-02,8.303531e-03,8.653103e-02,1.130445e-02
2.395238e-02,9.575156e-03,1.556146e-03,2.370138e-03,2.032406e-03,1.414111e-03,8.378797e-05,1.825403e-03,1.921285e-01,2.534913e-03,6.393306e-01,1.535673e-02,6.318920e-03,9.313759e-02,8.383181e-03
1.837997e-02,6.769476e-03,1.134479e-03,1.704969e-03,1.459919e-03,1.718785e-03,7.820740e-05,1.348587e-03,1.348949e-01,1.929058e-03,7.012182e-01,1.625405e-02,4.646847e-03,1.023916e-01,6.070822e-03
1.336445e-02,4.851326e-03,9.725907e-04,1.238377e-03,1.087392e-03,3.209871e-03,8.471965e-05,1.121900e-03,9.531334e-02,1.817573e-03,7.137507e-01,2.199992e-02,3.584103e-03,1.324886e-01,5.115076e-03
9.528442e-03,3.455086e-03,7.413006e-04,9.766993e-04,8.570766e-04,5.252388e-03,9.956738e-05,8.650630e-04,6.822832e-02,1.833263e-03,7.562563e-01,1.943981e-02,2.868952e-03,1.256646e-01,3.933099e-03
7.154757e-03,2.498990e-03,6.390343e-04,8.530524e-04,9.417770e-04,5.478250e-03,1.642995e-04,7.824522e-04,5.007702e-02,2.080671e-03,7.670040e-01,1.709213e-02,2.515940e-03,1.396387e-01,3.078902e-03
5.957423e-03,2.235267e-03,1.022179e-03,6.876674e-04,8.126789e-04,5.311558e-03,1.667946e-04,8.794892e-04,3.592408e-02,2.064959e-03,7.623926e-01,1.537478e-02,2.059520e-03,1.625287e-01,2.582338e-03
5.410984e-03,1.717879e-03,9.537188e-04,6.549493e-04,7.685759e-04,5.227610e-03,2.344944e-04,1.025037e-03,2.603609e-02,2.569005e-03,7.753787e-01,1.415057e-02,1.768252e-03,1.622112e-01,1.892938e-03
4.073643e-03,1.349139e-03,7.661465e-04,5.049262e-04,6.264949e-04,3.825352e-03,1.879645e-04,7.758358e-04,1.842356e-02,2.254260e-03,8.024744e-01,1.175624e-02,1.456952e-03,1.501769e-01,1.348210e-03
