1.000000e+00,0.000000e+00,0.000000e+00,0.000000e+00,0.000000e+00,0.000000e+00,0.000000e+00,0.000000e+00,0.000000e+00,0.000000e+00,0.000000e+00,0.000000e+00,0.000000e+00,0.000000e+00,0.000000e+00
1.000000e+00,0.000000e+00,0.000000e+00,0.000000e+00,0.000000e+00,0.000000e+00,0.000000e+00,0.000000e+00,0.000000e+00,0.000000e+00,0.000000e+00,0.000000e+00,0.000000e+00,0.000000e+00,0.000000e+00
1.000000e+00,0.000000e+00,0.000000e+00,0.000000e+00,0.000000e+00,0.000000e+00,0.000000e+00,0.000000e+00,0.000000e+00,0.000000e+00,0.000000e+00,0.000000e+00,0.000000e+00,0.000000e+00,0.000000e+00
1.000000e+00,0.000000e+00,0.000000e+00,0.000000e+00,0.000000e+00,0.000000e+00,0.000000e+00,0.000000e+00,0.000000e+00,0.000000e+00,0.000000e+00,0.000000e+00,0.000000e+00,0.000000e+00,0.000000e+00
1.000000e+00,0.000000e+00,0.000000e+00,0.000000e+00,0.000000e+00,0.000000e+00,0.000000e+00,0.000000e+00,0.000000e+00,0.000000e+00,0.000000e+00,0.000000e+00,0.000000e+00,0.000000e+00,0.000000e+00
1.000000e+00,0.000000e+00,0.000000e+00,0.000000e+00,0.000000e+00,0.000000e+00,0.000000e+00,0.000000e+00,0.000000e+00,0.000000e+00,0.000000e+00,0.000000e+00,0.000000e+00,0.000000e+00,0.000000e+00
1.000000e+00,0.000000e+00,0.000000e+00,0.000000e+00,0.000000e+00,0.000000e+00,0.000000e+00,0.000000e+00,0.000000e+00,0.000000e+00,0.000000e+00,0.000000e+00,0.000000e+00,0.000000e+00,0.000000e+00
1.000000e+00,0.000000e+00,0.000000e+00,0.000000e+00,0.000000e+00,0.000000e+00,0.000000e+00,0.000000e+00,0.000000e+00,0.000000e+00,0.000000e+00,0.000000e+00,0.000000e+00,0.000000e+00,0.000000e+00
1.000000e+00,0.000000e+00,0.000000e+00,0.000000e+00,0.000000e+00,0.000000e+00,0.000000e+00,0.000000e+00,0.000000e+00,0.000000e+00,0.000000e+00,0.000000e+00,0.000000e+00,0.000000e+00,0.000000e+00
1.000000e+00,0.000000e+00,0.000000e+00,0.000000e+00,0.000000e+00,0.000000e+00,0.000000e+00,0.000000e+00,0.000000e+00,0.000000e+00,0.000000e+00,0.000000e+00,0.000000e+00,0.000000e+00,0.000000e+00
1.000000e+00,0.000000e+00,0.000000e+00,0.000000e+00,0.000000e+00,0.000000e+00,0.000000e+00,0.000000e+00,0.000000e+00,0.000000e+00,0.000000e+00,0.000000e+00,0.000000e+00,0.000000e+00,0.000000e+00
1.000000e+00,0.000000e+00,0.000000e+00,0.000000e+00,0.000000e+00,0.000000e+00,0.000000e+00,0.000000e+00,0.000000e+00,0.000000e+00,0.000000e+00,0.000000e+00,0.000000e+00,0.000000e+00,0.000000e+00
1.000000e+00,0.000000e+00,0.000000e+00,0.000000e+00,0.000000e+00,0.000000e+00,0.000000e+00,0.000000e+00,0.000000e+00,0.000000e+00,0.000000e+00,0.000000e+00,0.000000e+00,0.000000e+00,0.000000e+00
1.000000e+00,0.000000e+00,0.000000e+00,0.000000e+00,0.000000e+00,0.000000e+00,0.000000e+00,0.000000e+00,0.000000e+00,0.000000e+00,0.000000e+00,0.000000e+00,0.000000e+00,0.000000e+00,0.000000e+00
1.000000e+00,0.000000e+00,0.000000e+00,0.000000e+00,0.000000e+00,0.000000e+00,0.000000e+00,0.000000e+00,0.000000e+00,0.000000e+00,0.000000e+00,0.000000e+00,0.000000e+00,0.000000e+00,0.000000e+00
1.000000e+00,0.000000e+00,0.000000e+00,0.000000e+00,0.000000e+00,0.000000e+00,0.000000e+00,0.000000e+00,0.000000e+00,0.000000e+00,0.000000e+00,0.000000e+00,0.000000e+00,0.000000e+00,0.000000e+00
1.000000e+00,0.000000e+00,0.000000e+00,0.000000e+00,0.000000e+00,0.000000e+00,0.000000e+00,0.000000e+00,0.000000e+00,0.000000e+00,0.000000e+00,0.000000e+00,0.000000e+00,0.000000e+00,0.000000e+00
1.000000e+00,0.000000e+00,0.000000e+00,0.000000e+00,0.000000e+00,0.000000e+00,0.000000e+00,0.000000e+00,0.000000e+00,0.000000e+00,0.000000e+00,0.000000e+00,0.000000e+00,0.000000e+00,0.000000e+00
1.000000e+00,0.000000e+00,0.000000e+00,0.000000e+00,0.000000e+00,0.000000e+00,0.000000e+00,0.000000e+00,0.000000e+00,0.000000e+00,0.000000e+00,0.000000e+00,0.000000e+00,0.000000e+00,0.000000e+00
1.000000e+00,0.000000e+00,0.000000e+00,0.000000e+00,0.000000e+00,0.000000e+00,0.000000e+00,0.000000e+00,0.000000e+00,0.000000e+00,0.000000e+00,0.000000e+00,0.000000e+00,0.000000e+00,0.000000e+00
1.000000e+00,0.000000e+00,0.000000e+00,0.000000e+00,0.000000e+00,0.000000e+00,0.000000e+00,0.000000e+00,0.000000e+00,0.000000e+00,0.000000e+00,0.000000e+00,0.000000e+00,0.000000e+00,0.000000e+00
1.000000e+00,0.000000e+00,0.000000e+00,0.000000e+00,0.000000e+00,0.000000e+00,0.000000e+00,0.000000e+00,0.000000e+00,0.000000e+00,0.000000e+00,0.000000e+00,0.000000e+00,0.000000e+00,0.000000e+00
1.000000e+00,0.000000e+00,0.000000e+00,0.000000e+00,0.000000e+00,0.000000e+00,0.000000e+00,0.000000e+00,0.000000e+00,0.000000e+00,0.000000e+00,0.000000e+00,0.000000e+00,0.000000e+00,0.000000e+00
1.000000e+00,0.000000e+00,0.000000e+00,0.000000e+00,0.000000e+00,0.000000e+00,0.000000e+00,0.000000e+00,0.000000e+00,0.000000e+00,0.000000e+00,0.000000e+00,0.000000e+00,0.000000e+00,0.000000e+00
1.000000e+00,0.000000e+00,0.000000e+00,0.000000e+00,0.000000e+00,0.000000e+00,0.000000e+00,0.000000e+00,0.000000e+00,0.000000e+00,0.000000e+00,0.000000e+00,0.000000e+00,0.000000e+00,0.000000e+00
1.000000e+00,0.000000e+00,0.000000e+00,0.000000e+00,0.000000e+00,0.000000e+00,0.000000e+00,0.000000e+00,0.000000e+00,0.000000e+00,0.000000e+00,0.000000e+00,0.000000e+00,0.000000e+00,0.000000e+00
1.000000e+00,0.000000e+00,0.000000e+00,0.000000e+00,0.000000e+00,0.000000e+00,0.000000e+00,0.000000e+00,0.000000e+00,0.000000e+00,0.000000e+00,0.000000e+00,0.000000e+00,0.000000e+00,0.000000e+00
1.000000e+00,0.000000e+00,0.000000e+00,0.000000e+00,0.000000e+00,0.000000e+00,0.000000e+00,0.000000e+00,0.000000e+00,0.000000e+00,0.000000e+00,0.000000e+00,0.000000e+00,0.000000e+00,0.000000e+00
1.000000e+00,0.000000e+00,0.000000e+00,0.000000e+00,0.000000e+00,0.000000e+00,0.000000e+00,0.000000e+00,0.000000e+00,0.000000e+00,0.000000e+00,0.000000e+00,0.000000e+00,0.000000e+00,0.000000e+00
1.000000e+00,0.000000e+00,0.000000e+00,0.000000e+00,0.000000e+00,0.000000e+00,0.000000e+00,0.000000e+00,0.000000e+00,0.000000e+00,0.000000e+00,0.000000e+00,0.000000e+00,0.000000e+00,0.000000e+00
1.000000e+00,0.000000e+00,0.000000e+00,0.000000e+00,0.000000e+00,0.000000e+00,0.000000e+00,0.000000e+00,0.000000e+00,0.000000e+00,0.000000e+00,0.000000e+00,0.000000e+00,0.000000e+00,0.000000e+00
1.000000e+00,0.000000e+00,0.000000e+00,0.000000e+00,0.000000e+00,0.000000e+00,0.000000e+00,0.000000e+00,0.000000e+00,0.000000e+00,0.000000e+00,0.000000e+00,0.000000e+00,0.000000e+00,0.000000e+00
1.000000e+00,0.000000e+00,0.000000e+00,0.000000e+00,0.000000e+00,0.000000e+00,0.000000e+00,0.000000e+00,0.000000e+00,0.000000e+00,0.000000e+00,0.000000e+00,0.000000e+00,0.000000e+00,0.000000e+00
1.000000e+00,0.000000e+00,0.000000e+00,0.000000e+00,0.000000e+00,0.000000e+00,0.000000e+00,0.000000e+00,0.000000e+00,0.000000e+00,0.000000e+00,0.000000e+00,0.000000e+00,0.000000e+00,0.000000e+00
1.000000e+00,0.000000e+00,0.000000e+00,0.000000e+00,0.000000e+00,0.000000e+00,0.000000e+00,0.000000e+00,0.000000e+00,0.000000e+00,0.000000e+00,0.000000e+00,0.000000e+00,0.000000e+00,0.000000e+00
1.000000e+00,0.000000e+00,0.000000e+00,0.000000e+00,0.000000e+00,0.000000e+00,0.000000e+00,0.000000e+00,0.000000e+00,0.000000e+00,0.000000e+00,0.000000e+00,0.000000e+00,0.000000e+00,0.000000e+00
1.000000e+00,0.000000e+00,0.000000e+00,0.000000e+00,0.000000e+00,0.000000e+00,0.000000e+00,0.000000e+00,0.000000e+00,0.000000e+00,0.000000e+00,0.000000e+00,0.000000e+00,0.000000e+00,0.000000e+00
1.000000e+00,0.000000e+00,0.000000e+00,0.000000e+00,0.000000e+00,0.000000e+00,0.000000e+00,0.000000e+00,0.000000e+00,0.000000e+00,0.000000e+00,0.000000e+00,0.000000e+00,0.000000e+00,0.000000e+00
1.000000e+00,0.000000e+00,0.000000e+00,0.000000e+00,0.000000e+00,0.000000e+00,0.000000e+00,0.000000e+00,0.000000e+00,0.000000e+00,0.000000e+00,0.000000e+00,0.000000e+00,0.000000e+00,0.000000e+00
1.000000e+00,0.000000e+00,0.000000e+00,0.000000e+00,0.000000e+00,0.000000e+00,0.000000e+00,0.000000e+00,0.000000e+00,0.000000e+00,0.000000e+00,0.000000e+00,0.000000e+00,0.000000e+00,0.000000e+00
1.000000e+00,0.000000e+00,0.000000e+00,0.000000e+00,0.000000e+00,0.000000e+00,0.000000e+00,0.000000e+00,0.000000e+00,0.000000e+00,0.000000e+00,0.000000e+00,0.000000e+00,0.000000e+00,0.000000e+00
1.000000e+00,0.000000e+00,0.000000e+00,0.000000e+00,0.000000e+00,0.000000e+00,0.000000e+00,0.000000e+00,0.000000e+00,0.000000e+00,0.000000e+00,0.000000e+00,0.000000e+00,0.000000e+00,0.000000e+00
1.000000e+00,0.000000e+00,0.000000e+00,0.000000e+00,0.000000e+00,0.000000e+00,0.000000e+00,0.000000e+00,0.000000e+00,0.000000e+00,0.000000e+00,0.000000e+00,0.000000e+00,0.000000e+00,0.000000e+00
1.000000e+00,0.000000e+00,0.000000e+00,0.000000e+00,0.000000e+00,0.000000e+00,0.000000e+00,0.000000e+00,0.000000e+00,0.000000e+00,0.000000e+00,0.000000e+00,0.000000e+00,0.000000e+00,0.000000e+00
1.000000e+00,0.000000e+00,0.000000e+00,0.000000e+00,0.000000e+00,0.000000e+00,0.000000e+00,0.000000e+00,0.000000e+00,0.000000e+00,0.000000e+00,0.000000e+00,0.000000e+00,0.000000e+00,0.000000e+00
1.000000e+00,0.000000e+00,0.000000e+00,0.000000e+00,0.000000e+00,0.000000e+00,0.000000e+00,0.000000e+00,0.000000e+00,0.000000e+00,0.000000e+00,0.000000e+00,0.000000e+00,0.000000e+00,0.000000e+00
1.000000e+00,0.000000e+00,0.000000e+00,0.000000e+00,0.000000e+00,0.000000e+00,0.000000e+00,0.000000e+00,0.000000e+00,0.000000e+00,0.000000e+00,0.000000e+00,0.000000e+00,0.000000e+00,0.000000e+00
1.000000e+00,0.000000e+00,0.000000e+00,0.000000e+00,0.000000e+00,0.000000e+00,0.000000e+00,0.000000e+00,0.000000e+00,0.000000e+00,0.000000e+00,0.000000e+00,0.000000e+00,0.000000e+00,0.000000e+00
1.000000e+00,0.000000e+00,0.000000e+00,0.000000e+00,0.000000e+00,0.000000e+00,0.000000e+00,0.000000e+00,0.000000e+00,0.000000e+00,0.000000e+00,0.000000e+00,0.000000e+00,0.000000e+00,0.000000e+00
1.000000e+00,0.000000e+00,0.000000e+00,0.000000e+00,0.000000e+00,0.000000e+00,0.000000e+00,0.000000e+00,0.000000e+00,0.000000e+00,0.000000e+00,0.000000e+00,0.000000e+00,0.000000e+00,0.000000e+00
1.000000e+00,0.000000e+00,0.000000e+00,0.000000e+00,0.000000e+00,0.000000e+00,0.000000e+00,0.000000e+00,0.000000e+00,0.000000e+00,0.000000e+00,0.000000e+00,0.000000e+00,0.000000e+00,0.000000e+00
1.000000e+00,0.000000e+00,0.000000e+00,0.000000e+00,0.000000e+00,0.000000e+00,0.000000e+00,0.000000e+00,0.000000e+00,0.000000e+00,0.000000e+00,0.000000e+00,0.000000e+00,0.000000e+00,0.000000e+00
1.000000e+00,0.000000e+00,0.000000e+00,0.000000e+00,0.000000e+00,0.000000e+00,0.000000e+00,0.000000e+00,0.000000e+00,0.000000e+00,0.000000e+00,0.000000e+00,0.000000e+00,0.000000e+00,0.000000e+00
1.000000e+00,0.000000e+00,0.000000e+00,0.000000e+00,0.000000e+00,0.000000e+00,0.000000e+00,0.000000e+00,0.000000e+00,0.000000e+00,0.000000e+00,0.000000e+00,0.000000e+00,0.000000e+00,0.000000e+00
1.000000e+00,0.000000e+00,0.000000e+00,0.000000e+00,0.000000e+00,0.000000e+00,0.000000e+00,0.000000e+00,0.000000e+00,0.000000e+00,0.000000e+00,0.000000e+00,0.000000e+00,0.000000e+00,0.000000e+00
1.000000e+00,0.000000e+00,0.000000e+00,0.000000e+00,0.000000e+00,0.000000e+00,0.000000e+00,0.000000e+00,0.000000e+00,0.000000e+00,0.000000e+00,0.000000e+00,0.000000e+00,0.000000e+00,0.000000e+00
1.000000e+00,0.000000e+00,0.000000e+00,0.000000e+00,0.000000e+00,0.000000e+00,0.000000e+00,0.000000e+00,0.000000e+00,0.000000e+00,0.000000e+00,0.000000e+00,0.000000e+00,0.000000e+00,0.000000e+00
1.000000e+00,0.000000e+00,0.000000e+00,0.000000e+00,0.000000e+00,0.000000e+00,0.000000e+00,0.000000e+00,0.000000e+00,0.000000e+00,0.000000e+00,0.000000e+00,0.000000e+00,0.000000e+00,0.000000e+00
1.000000e+00,0.000000e+00,0.000000e+00,0.000000e+00,0.000000e+00,0.000000e+00,0.000000e+00,0.000000e+00,0.000000e+00,0.000000e+00,0.000000e+00,0.000000e+00,0.000000e+00,0.000000e+00,0.000000e+00
1.000000e+00,0.000000e+00,0.000000e+00,0.000000e+00,0.000000e+00,0.000000e+00,0.000000e+00,0.000000e+00,0.000000e+00,0.000000e+00,0.000000e+00,0.000000e+00,0.000000e+00,0.000000e+00,0.000000e+00
1.000000e+00,0.000000e+00,0.000000e+00,0.000000e+00,0.000000e+00,0.000000e+00,0.000000e+00,0.000000e+00,0.000000e+00,0.000000e+00,0.000000e+00,0.000000e+00,0.000000e+00,0.000000e+00,0.000000e+00
1.000000e+00,0.000000e+00,0.000000e+00,0.000000e+00,0.000000e+00,0.000000e+00,0.000000e+00,0.000000e+00,0.000000e+00,0.000000e+00,0.000000e+00,0.000000e+00,0.000000e+00,0.000000e+00,0.000000e+00
4.476922e-01,4.082026e-02,1.362279e-02,1.984639e-01,1.859639e-02,6.675696e-02,6.246974e-03,7.683274e-03,2.127663e-02,9.674775e-03,6.336556e-02,2.864020e-02,2.574559e-02,1.543802e-02,3.597645e-02
3.354120e-01,4.127335e-02,1.130363e-02,2.444359e-01,2.247325e-02,5.324282e-02,6.607445e-03,7.979394e-03,3.377980e-02,1.160887e-02,8.216383e-02,2.295216e-02,2.446008e-02,3.456245e-02,6.774502e-02
2.732066e-01,3.450997e-02,8.985179e-03,2.069923e-01,2.056391e-02,4.629707e-02,6.075387e-03,9.948062e-03,3.330858e-02,1.202167e-02,8.910298e-02,2.051172e-02,1.925005e-02,1.632905e-01,5.593610e-02
1.948143e-01,2.484217e-02,6.649224e-03,1.470684e-01,1.539675e-02,3.583085e-02,4.464240e-03,7.666045e-03,2.797115e-02,2.699531e-02,1.113908e-01,1.610448e-02,1.435531e-02,3.205275e-01,4.592352e-02
1.366495e-01,1.759111e-02,4.777926e-03,1.036642e-01,1.153337e-02,2.533728e-02,3.160692e-03,5.503135e-03,2.323160e-02,2.239651e-02,8.968807e-02,1.301450e-02,1.066869e-02,4.989942e-01,3.378912e-02
9.596027e-02,1.238037e-02,3.355307e-03,7.305551e-02,8.205670e-03,1.810619e-02,2.226221e-03,3.918538e-03,1.799663e-02,1.731923e-02,7.374275e-02,9.328870e-03,7.573075e-03,6.321616e-01,2.466974e-02
6.722714e-02,8.945432e-03,2.373596e-03,5.120568e-02,5.772450e-03,1.297626e-02,1.561403e-03,2.759074e-03,1.367519e-02,1.236487e-02,5.398389e-02,6.610730e-03,5.348807e-03,7.362580e-01,1.893743e-02
4.731051e-02,6.613325e-03,1.695172e-03,3.611913e-02,4.082097e-03,9.451468e-03,1.105150e-03,2.010721e-03,1.332679e-02,8.951881e-03,4.115101e-02,4.766008e-03,4.095708e-03,8.054982e-01,1.382276e-02
3.328313e-02,5.185257e-03,1.205250e-03,2.534920e-02,2.865205e-03,6.942108e-03,7.774651e-04,1.443848e-03,1.148428e-02,6.426860e-03,3.071178e-02,3.389017e-03,2.962080e-03,8.579463e-01,1.002821e-02
2.336354e-02,4.302308e-03,8.502020e-04,1.774850e-02,2.006909e-03,4.982379e-03,5.448274e-04,1.014191e-03,8.489288e-03,4.528171e-03,2.207480e-02,2.398128e-03,2.088330e-03,8.981369e-01,7.471579e-03
1.638574e-02,4.636147e-03,6.019588e-04,1.242628e-02,1.405707e-03,3.608075e-03,3.818252e-04,7.129765e-04,6.979707e-03,3.194859e-03,1.641016e-02,1.713229e-03,1.482885e-03,9.246123e-01,5.448147e-03
1.150175e-02,7.730266e-03,4.252457e-04,8.699958e-03,9.846110e-04,2.826026e-03,2.675309e-04,5.054819e-04,6.926962e-03,2.252623e-03,1.207571e-02,1.219439e-03,1.056450e-03,9.393715e-01,4.156438e-03
8.083320e-03,8.317618e-03,3.076551e-04,6.092464e-03,6.897957e-04,2.397845e-03,1.875674e-04,3.580186e-04,7.133606e-03,1.649039e-03,1.013640e-02,8.942241e-04,7.693819e-04,9.500277e-01,2.955308e-03
5.732654e-03,9.329742e-03,2.316042e-04,4.273080e-03,4.844565e-04,3.994729e-03,1.323698e-04,2.593189e-04,1.857570e-02,1.546382e-03,1.172456e-02,6.985751e-04,8.404950e-04,9.400013e-01,2.175016e-03
4.079683e-03,1.773121e-02,1.747219e-04,2.996537e-03,3.412077e-04,3.469848e-03,9.413576e-05,1.909005e-04,2.517287e-02,1.615330e-03,1.082500e-02,5.302964e-04,6.308447e-04,9.305460e-01,1.601373e-03
3.089685e-03,2.905553e-02,1.543910e-04,2.174831e-03,2.708533e-04,7.063254e-03,7.417693e-05,1.483435e-04,8.151469e-02,4.483859e-03,1.865774e-02,6.254425e-04,7.635539e-04,8.503872e-01,1.536492e-03
2.237992e-03,4.723470e-02,1.204880e-04,1.537471e-03,2.015372e-04,1.027182e-02,5.516081e-05,1.100733e-04,7.778007e-02,4.348953e-03,1.752528e-02,5.376029e-04,5.597902e-04,8.361291e-01,1.349996e-03
1.763681e-03,7.146549e-02,1.204478e-04,1.147129e-03,2.103582e-04,1.980187e-02,4.856846e-05,9.469705e-05,1.687228e-01,4.670478e-03,1.478813e-02,4.396283e-04,5.510879e-04,7.147814e-01,1.394283e-03
1.591241e-03,5.908726e-02,1.307396e-04,1.087253e-03,5.301725e-04,8.293222e-02,4.735124e-05,1.883979e-04,3.035870e-01,3.712659e-03,1.070054e-02,3.217565e-04,5.087910e-04,5.342140e-01,1.360595e-03
1.474011e-03,5.392349e-02,1.365010e-04,9.298007e-04,7.933998e-04,1.237704e-01,4.701128e-05,2.504229e-04,4.080079e-01,2.886300e-03,7.775102e-03,2.363899e-04,5.319928e-04,3.979686e-01,1.268785e-03
1.688043e-03,4.272281e-02,1.456717e-04,8.413958e-04,2.862366e-03,1.396981e-01,2.016817e-04,4.653956e-04,5.090749e-01,2.970178e-03,5.785788e-03,1.810991e-04,6.951458e-04,2.908951e-01,1.772319e-03
2.241558e-03,3.404742e-02,1.942944e-04,8.440609e-04,4.408008e-03,1.817375e-01,3.039317e-04,9.482090e-04,5.477347e-01,4.736359e-03,4.587660e-03,1.727036e-04,1.055349e-03,2.146236e-01,2.364628e-03
3.647894e-03,4.368435e-02,7.716715e-04,1.093255e-03,6.653185e-03,2.498701e-01,4.451112e-04,4.740729e-03,4.715012e-01,3.835010e-02,5.621006e-03,6.849584e-04,3.217484e-03,1.568182e-01,1.290071e-02
4.838643e-03,3.535778e-02,8.712120e-04,1.209369e-03,4.858979e-02,1.991461e-01,2.079779e-03,8.404139e-03,4.895726e-01,7.429966e-02,5.872929e-03,1.233296e-03,4.300401e-03,1.141250e-01,1.009934e-02
4.847114e-03,2.883460e-02,8.773040e-04,1.087657e-03,4.187863e-02,1.496253e-01,2.143457e-03,9.571713e-03,5.484207e-01,1.069892e-01,6.046320e-03,1.837750e-03,7.569283e-03,8.241254e-02,7.858436e-03
4.954849e-03,2.173566e-02,1.281127e-03,1.733477e-03,3.971040e-02,1.081496e-01,3.341522e-03,9.258635e-02,4.414160e-01,1.324603e-01,1.963678e-02,9.118887e-03,5.818827e-02,5.954506e-02,6.141659e-03
4.860195e-03,1.741757e-02,1.395473e-03,2.410629e-03,3.713793e-02,7.948904e-02,3.391433e-03,9.065822e-02,5.233939e-01,1.175641e-01,1.734598e-02,8.718341e-03,4.936174e-02,4.213984e-02,4.715607e-03
5.563563e-03,3.481492e-02,1.968452e-03,5.086856e-02,3.611792e-02,5.720483e-02,2.574303e-03,6.840231e-02,5.615805e-01,8.528226e-02,1.571506e-02,6.752394e-03,3.926292e-02,2.975907e-02,4.132966e-03
4.497548e-03,2.871026e-02,2.863382e-03,1.029528e-01,3.643455e-02,4.212647e-02,2.233486e-03,4.881192e-02,4.645161e-01,6.112171e-02,2.018498e-02,4.821634e-02,1.117193e-01,2.102531e-02,4.585915e-03
3.441827e-03,2.024324e-02,2.720491e-03,8.867302e-02,2.892967e-02,2.999434e-02,1.783196e-03,3.463391e-02,3.277457e-01,4.547981e-02,1.170343e-01,7.913262e-02,1.994832e-01,1.488993e-02,5.814790e-03
2.510648e-03,1.421082e-02,2.207331e-03,6.239659e-02,2.387330e-02,2.150089e-02,1.407688e-03,2.430776e-02,2.301808e-01,3.455042e-02,1.619797e-01,1.241619e-01,2.741323e-01,1.085704e-02,1.172282e-02
1.875890e-03,1.002981e-02,1.668704e-03,4.396001e-02,1.954751e-02,1.572523e-02,1.385258e-03,1.704619e-02,1.618852e-01,2.742649e-02,1.722794e-01,1.218225e-01,3.796799e-01,8.080933e-03,1.758704e-02
1.372026e-03,7.037786e-03,1.288683e-03,3.080038e-02,1.708395e-02,1.122216e-02,2.178127e-03,1.247241e-02,1.139397e-01,2.090168e-02,1.978245e-01,8.986303e-02,4.732817e-01,5.755159e-03,1.497867e-02
3.386374e-03,5.401310e-03,1.777830e-03,2.243258e-02,2.118802e-02,1.042679e-02,2.668084e-03,9.594493e-03,9.059265e-02,1.797405e-02,1.747008e-01,1.585464e-01,4.574733e-01,5.353237e-03,1.848409e-02
4.099530e-03,5.568579e-03,2.600482e-03,1.639174e-02,1.915706e-02,9.050444e-03,2.156753e-03,6.872591e-03,6.822553e-02,2.283506e-02,1.471960e-01,2.385846e-01,4.314451e-01,5.740966e-03,2.007554e-02
4.382099e-03,4.331293e-03,2.002182e-03,1.176162e-02,1.451590e-02,7.727075e-03,1.608854e-03,4.908392e-03,5.179757e-02,2.543411e-02,1.367199e-01,3.651408e-01,3.500218e-01,4.749817e-03,1.489861e-02
9.172697e-03,3.800139e-03,1.758690e-03,9.419096e-03,1.204300e-02,1.463270e-02,1.242297e-03,3.643775e-03,4.172245e-02,2.840006e-02,1.567264e-01,4.224343e-01,2.761394e-01,7.642247e-03,1.122278e-02
1.215866e-02,3.454119e-03,2.159449e-03,8.109154e-03,9.542633e-03,1.851434e-02,1.009985e-03,3.146152e-03,3.880947e-02,2.745525e-02,1.771635e-01,4.760916e-01,2.027799e-01,1.078691e-02,8.818853e-03
2.894755e-02,5.238164e-03,2.110201e-03,6.563463e-03,7.075925e-03,1.649133e-02,8.129987e-04,2.447492e-03,3.743178e-02,3.534694e-02,2.061847e-01,4.705358e-01,1.469426e-01,2.603585e-02,7.835278e-03
2.996502e-02,1.376063e-02,1.947447e-03,5.226955e-03,5.230142e-03,1.332656e-02,6.205713e-04,1.843255e-03,3.307468e-02,3.751968e-02,2.417818e-01,4.729010e-01,1.058566e-01,2.972998e-02,7.215645e-03
2.492786e-02,1.203658e-02,1.826471e-03,5.204575e-03,3.962255e-03,1.039999e-02,4.612578e-04,1.453913e-03,2.604850e-02,3.213105e-02,3.733948e-01,3.948529e-01,7.597660e-02,3.042391e-02,6.899377e-03
1.969987e-02,1.048712e-02,1.549064e-03,4.268499e-03,3.064464e-03,7.898545e-03,3.450628e-04,1.097818e-03,1.945102e-02,2.763235e-02,5.168583e-01,2.988382e-01,5.417335e-02,2.849919e-02,6.137080e-03
1.446145e-02,7.912724e-03,1.155308e-03,3.111752e-03,2.235994e-03,5.822421e-03,2.483691e-04,8.025417e-04,1.530699e-02,2.009900e-02,6.438348e-01,2.174280e-01,3.816421e-02,2.415532e-02,5.261091e-03
1.068082e-02,7.612314e-03,1.215603e-03,2.256150e-03,2.118195e-03,4.938551e-03,1.896207e-04,7.733633e-04,1.533723e-02,1.526502e-02,7.296385e-01,1.574567e-01,2.676839e-02,2.077898e-02,4.970569e-03
7.606995e-03,5.542635e-03,9.277434e-04,1.609712e-03,1.749071e-03,3.723095e-03,1.391380e-04,5.877393e-04,1.379381e-02,1.175888e-02,7.980658e-01,1.136024e-01,1.877519e-02,1.776200e-02,4.355738e-03
7.070698e-03,4.794735e-03,1.328142e-03,1.319657e-03,2.096367e-03,6.024523e-03,1.366633e-04,6.330671e-04,2.148715e-02,1.697798e-02,8.038350e-01,8.940218e-02,1.361944e-02,2.710314e-02,4.171233e-03
6.631832e-03,5.053291e-03,1.158362e-03,1.142064e-03,2.883417e-03,6.865239e-03,1.076252e-04,5.252674e-04,2.294428e-02,1.930516e-02,7.911159e-01,8.087836e-02,1.043546e-02,4.633540e-02,4.618386e-03
7.646078e-03,4.129854e-03,1.463052e-03,9.193352e-04,3.275103e-03,1.199752e-02,1.198195e-04,9.035309e-04,2.110988e-02,2.037118e-02,7.777718e-01,6.688113e-02,7.762254e-03,7.190748e-02,3.742013e-03
6.682187e-03,3.411231e-03,2.701777e-03,7.230598e-04,2.978275e-03,1.105763e-02,1.050956e-04,1.251330e-03,2.494007e-02,1.657981e-02,7.473352e-01,5.605975e-02,5.646394e-03,1.175917e-01,2.936507e-03
5.766375e-03,2.805834e-03,2.529092e-03,5.645340e-04,2.432257e-03,9.415384e-03,8.954098e-05,1.183792e-03,2.509536e-02,1.291682e-02,7.319537e-01,4.486811e-02,4.164488e-03,1.540169e-01,2.197896e-03
5.016047e-03,5.019461e-03,2.973594e-03,4.828137e-04,2.376724e-03,8.153196e-03,1.218377e-04,1.248770e-03,4.911156e-02,1.274665e-02,7.105917e-01,3.951637e-02,3.229379e-03,1.573630e-01,2.048955e-03
4.113141e-03,6.720341e-03,3.085370e-03,4.429037e-04,3.102020e-03,6.638075e-03,1.706617e-04,1.145686e-03,6.136475e-02,1.606532e-02,6.895807e-01,3.473600e-02,2.828569e-03,1.680146e-01,1.992025e-03
3.539622e-03,9.751685e-03,2.704746e-03,5.605123e-04,5.235714e-03,7.036990e-03,2.990519e-04,1.460121e-03,1.440679e-01,1.734898e-02,6.310126e-01,2.838834e-02,2.197209e-03,1.446697e-01,1.726817e-03
5.848436e-03,1.463993e-02,2.998138e-03,8.860616e-04,6.920630e-03,1.384126e-02,5.405661e-04,2.034992e-03,2.443395e-01,2.340207e-02,5.379910e-01,2.128774e-02,1.996503e-03,1.208145e-01,2.458659e-03
9.289807e-03,1.900478e-02,3.033080e-03,5.219493e-03,4.870477e-02,1.836655e-02,6.079891e-04,2.523496e-02,2.821236e-01,2.475374e-02,4.271389e-01,1.716824e-02,3.311461e-03,1.127691e-01,3.273658e-03
1.456659e-02,2.277549e-02,3.936030e-03,6.407197e-03,4.847041e-02,5.824854e-02,5.791335e-04,3.179006e-02,3.512155e-01,2.425551e-02,3.232309e-01,1.369272e-02,3.090595e-03,9.431559e-02,3.425729e-03
1.611100e-02,3.059702e-02,4.227066e-03,6.347884e-03,4.479842e-02,1.367172e-01,6.239249e-04,2.670924e-02,3.915494e-01,2.045183e-02,2.325731e-01,1.015592e-02,2.467514e-03,6.964187e-02,7.028630e-03
2.351962e-02,3.160286e-02,7.997980e-03,1.397957e-02,4.843610e-02,1.383209e-01,1.127809e-03,5.242697e-02,4.237480e-01,1.862703e-02,1.677882e-01,8.957694e-03,3.143288e-03,5.007217e-02,1.025176e-02
2.707001e-02,3.344651e-02,9.104153e-03,1.366055e-02,4.672801e-02,1.388272e-01,1.421375e-03,8.884602e-02,4.473937e-01,1.541381e-02,1.201034e-01,7.688532e-03,3.356767e-03,3.602823e-02,1.091184e-02
4.320998e-02,3.070376e-02,1.181289e-02,1.227598e-02,5.909637e-02,1.889290e-01,1.659147e-03,8.215749e-02,4.204368e-01,1.183844e-02,9.099325e-02,6.450692e-03,3.072899e-03,2.782650e-02,9.536852e-03
4.999228e-02,3.357470e-02,1.960847e-02,1.502149e-02,9.823074e-02,1.729223e-01,5.040946e-03,1.544731e-01,3.406916e-01,8.400993e-03,6.678920e-02,5.099849e-03,2.706073e-03,2.019577e-02,7.252556e-03
5.633752e-02,2.988539e-02,2.781653e-02,1.933972e-02,1.354571e-01,1.918574e-01,8.704335e-03,1.575149e-01,2.846505e-01,6.502673e-03,5.181064e-02,5.327615e-03,2.882754e-03,1.555404e-02,6.358850e-03
5.287930e-02,2.549910e-02,2.919256e-02,2.807734e-02,1.901794e-01,2.020681e-01,6.914081e-03,1.176920e-01,2.529579e-01,5.977747e-03,3.962728e-02,1.619625e-02,1.177007e-02,1.135656e-02,9.612354e-03
4.401642e-02,2.047173e-02,3.020152e-02,2.495629e-02,1.911103e-01,1.897703e-01,8.469152e-03,8.535270e-02,1.935837e-01,3.973950e-02,6.538936e-02,3.876260e-02,4.007831e-02,9.838873e-03,1.825923e-02
3.985691e-02,1.910232e-02,2.912129e-02,2.505107e-02,1.748355e-01,1.593416e-01,7.366288e-03,6.501754e-02,1.529604e-01,4.331556e-02,1.045464e-01,7.721058e-02,5.177329e-02,1.244289e-02,3.805828e-02
3.325916e-02,2.224747e-02,2.642297e-02,3.465947e-02,1.563229e-01,1.296080e-01,6.041107e-03,4.876310e-02,1.630226e-01,3.991686e-02,1.115287e-01,7.943914e-02,5.690100e-02,1.690549e-02,7.496186e-02
2.594045e-02,1.681343e-02,2.117562e-02,3.265065e-02,1.283508e-01,9.295727e-02,4.647664e-03,3.816552e-02,1.437526e-01,4.258234e-02,1.600029e-01,1.308803e-01,8.498034e-02,1.763065e-02,5.946954e-02
1.965284e-02,2.046588e-02,3.100829e-02,2.592234e-02,9.557737e-02,6.629613e-02,3.338659e-03,2.915696e-02,1.423714e-01,4.428010e-02,1.931359e-01,1.503389e-01,1.183959e-01,1.711144e-02,4.294790e-02
2.260668e-02,1.633615e-02,5.248615e-02,2.288200e-02,7.035758e-02,4.722080e-02,3.554835e-03,1.031963e-01,1.143111e-01,8.071052e-02,1.982977e-01,1.170072e-01,1.049511e-01,1.476552e-02,3.131641e-02
5.165029e-02,2.370941e-02,4.932065e-02,6.470291e-02,6.187219e-02,3.793001e-02,2.753697e-03,7.899587e-02,1.640199e-01,7.363766e-02,1.729586e-01,9.474450e-02,8.399386e-02,1.520542e-02,2.450510e-02
4.086076e-02,2.366977e-02,5.278441e-02,5.969520e-02,9.895827e-02,2.969652e-02,2.157081e-03,5.889713e-02,1.991480e-01,5.385732e-02,1.972752e-01,7.722079e-02,6.893831e-02,1.778630e-02,1.905503e-02
4.027462e-02,2.461261e-02,6.753705e-02,8.148406e-02,9.618163e-02,2.356295e-02,1.969332e-03,5.186205e-02,1.901740e-01,4.518569e-02,2.274605e-01,6.176617e-02,5.275527e-02,2.005285e-02,1.512130e-02
7.531533e-02,2.221518e-02,5.517008e-02,7.306983e-02,9.386926e-02,1.819310e-02,2.146773e-03,3.839686e-02,1.432065e-01,4.728762e-02,2.995613e-01,5.202226e-02,3.943024e-02,2.837389e-02,1.174176e-02
9.007902e-02,1.678564e-02,4.316085e-02,5.714631e-02,1.431114e-01,1.412724e-02,2.994162e-03,2.936385e-02,1.063417e-01,4.674126e-02,3.251810e-01,5.507529e-02,3.270747e-02,2.813846e-02,9.046238e-03
8.024062e-02,1.438471e-02,3.347044e-02,4.266541e-02,1.418533e-01,1.052151e-02,2.410969e-03,2.179761e-02,8.124603e-02,3.976584e-02,3.899541e-01,4.932654e-02,3.550965e-02,4.941359e-02,7.439645e-03
7.512974e-02,1.359209e-02,2.622209e-02,3.176079e-02,1.038702e-01,1.079722e-02,2.403715e-03,1.677654e-02,6.548625e-02,3.073454e-02,4.618083e-01,3.766689e-02,2.794547e-02,8.868569e-02,7.120407e-03
6.340508e-02,1.510208e-02,1.998680e-02,2.293335e-02,7.437416e-02,1.119518e-02,1.903043e-03,1.273193e-02,5.618069e-02,2.499489e-02,5.439150e-01,2.885640e-02,2.228813e-02,9.613734e-02,5.995911e-03
5.334377e-02,1.934994e-02,1.914930e-02,2.779066e-02,5.424243e-02,1.487095e-02,1.890727e-03,9.916849e-03,5.549613e-02,3.142131e-02,5.852334e-01,2.152011e-02,1.930862e-02,8.082265e-02,5.643065e-03
3.791304e-02,1.409972e-02,1.363096e-02,2.007242e-02,3.845496e-02,1.083688e-02,1.390494e-03,7.002712e-03,4.560037e-02,2.611726e-02,6.894901e-01,1.638138e-02,1.422973e-02,6.062469e-02,4.155303e-03
2.675563e-02,1.050166e-02,9.656858e-03,1.436400e-02,2.887609e-02,7.769498e-03,1.150805e-03,4.948025e-03,7.307638e-02,2.383165e-02,7.241772e-01,1.339943e-02,1.037875e-02,4.790448e-02,3.209425e-03
1.890929e-02,1.078589e-02,7.098095e-03,1.028375e-02,2.085621e-02,6.025206e-03,9.534002e-04,3.513033e-03,7.210709e-02,2.071372e-02,7.720090e-01,1.039124e-02,8.155920e-03,3.500695e-02,3.191119e-03
1.350335e-02,1.536290e-02,6.541147e-03,8.077183e-03,1.856578e-02,5.040803e-03,1.414453e-03,2.614816e-03,7.065661e-02,2.402294e-02,7.823459e-01,8.957650e-03,6.885233e-03,2.740401e-02,8.607175e-03
1.016240e-02,1.313895e-01,1.405996e-02,7.097390e-03,1.983058e-02,4.308439e-03,1.255849e-03,1.936186e-03,6.760357e-02,3.542820e-02,5.967979e-01,9.234075e-03,5.942235e-03,2.267199e-02,7.228176e-02
9.332173e-03,1.073382e-01,1.793244e-02,5.836029e-03,1.766384e-02,2.723416e-02,4.315593e-03,6.446471e-03,5.616918e-02,7.012893e-02,5.612659e-01,1.017336e-02,8.077573e-03,1.834294e-02,7.974318e-02
8.831349e-03,8.759569e-02,3.073294e-02,6.090613e-03,1.939774e-02,2.800227e-02,5.041467e-03,2.608058e-02,4.976965e-02,1.896894e-01,4.440815e-01,1.066753e-02,9.874886e-03,1.593179e-02,6.821261e-02
7.361607e-03,6.513329e-02,2.742705e-02,4.721900e-03,5.252593e-02,2.085138e-02,9.466432e-03,5.245990e-02,5.774536e-02,3.014758e-01,3.202428e-01,1.024819e-02,8.855875e-03,1.257009e-02,4.891436e-02
9.011948e-03,4.686190e-02,2.302987e-02,4.655958e-03,2.262333e-01,1.655322e-02,1.618423e-02,4.833111e-02,6.112289e-02,2.618442e-01,2.257525e-01,9.878492e-03,6.982998e-03,9.011687e-03,3.454573e-02
8.020969e-03,3.309157e-02,1.709625e-02,4.517820e-03,3.994184e-01,1.292084e-02,2.685527e-02,3.571740e-02,7.169480e-02,1.885365e-01,1.586050e-01,7.469539e-03,5.260273e-03,6.329692e-03,2.446576e-02
9.527296e-03,2.606352e-02,1.341678e-02,5.456408e-03,5.157935e-01,1.071256e-02,3.487190e-02,2.647699e-02,7.276927e-02,1.383435e-01,1.112651e-01,5.311990e-03,4.016374e-03,4.464201e-03,2.151063e-02
1.079997e-02,2.190093e-02,1.308297e-02,1.149892e-02,5.947058e-01,9.914704e-03,4.707453e-02,2.928869e-02,5.842359e-02,9.811594e-02,7.801106e-02,3.811553e-03,3.037433e-03,3.151004e-03,1.718292e-02
3.342234e-02,3.647513e-02,1.955374e-02,2.111264e-02,5.395280e-01,1.046205e-02,3.954249e-02,2.990590e-02,4.576469e-02,8.259785e-02,5.507700e-02,3.003458e-03,2.696823e-03,2.379019e-03,7.847893e-02
7.258769e-02,4.202329e-02,1.944322e-02,2.389442e-02,5.677885e-01,1.101511e-02,3.371280e-02,2.766836e-02,3.598881e-02,6.167170e-02,3.896448e-02,2.375859e-03,2.129287e-03,1.759290e-03,5.897715e-02
5.930594e-02,8.634378e-02,2.494002e-02,1.303023e-01,4.781710e-01,1.299657e-02,3.069588e-02,2.876263e-02,2.565563e-02,4.425046e-02,2.792756e-02,2.123217e-03,1.706687e-03,1.302926e-03,4.551537e-02
7.963461e-02,1.156113e-01,3.178319e-02,1.682272e-01,3.911192e-01,1.677082e-02,3.026171e-02,3.844405e-02,2.078896e-02,3.872512e-02,2.187735e-02,3.427238e-03,2.242084e-03,1.161531e-03,3.992569e-02
8.273689e-02,9.974796e-02,3.419231e-02,2.338195e-01,3.257945e-01,2.528781e-02,2.877616e-02,6.327334e-02,1.711581e-02,3.140168e-02,1.738791e-02,5.476867e-03,2.864961e-03,9.586293e-04,3.116572e-02
1.451929e-01,9.798740e-02,3.266176e-02,2.041771e-01,2.791276e-01,2.914378e-02,4.320284e-02,6.546164e-02,1.700448e-02,2.870846e-02,1.755521e-02,8.521462e-03,3.132037e-03,1.644668e-03,2.647873e-02
1.956330e-01,9.031689e-02,4.146867e-02,1.852103e-01,2.282039e-01,2.550223e-02,4.537714e-02,6.979248e-02,1.545298e-02,2.617899e-02,1.980649e-02,2.711728e-02,5.113521e-03,2.345452e-03,2.248067e-02
2.223657e-01,8.280782e-02,5.600967e-02,1.618398e-01,1.865395e-01,2.312837e-02,3.846210e-02,5.771494e-02,3.850354e-02,4.132596e-02,2.077649e-02,2.374835e-02,1.019427e-02,3.181117e-03,3.340242e-02
1.582092e-01,6.605543e-02,2.259195e-01,1.349369e-01,1.310229e-01,1.684416e-02,2.718756e-02,4.115679e-02,3.384415e-02,8.213336e-02,1.824741e-02,1.720321e-02,7.697507e-03,2.594143e-03,3.694781e-02
1.109332e-01,4.799571e-02,2.270827e-01,9.634849e-02,9.183110e-02,1.286880e-02,1.922789e-02,2.917746e-02,2.500183e-02,2.695469e-01,1.454979e-02,1.262125e-02,6.534988e-03,1.996979e-03,3.428293e-02
7.809515e-02,3.529432e-02,1.834594e-01,6.908549e-02,6.444104e-02,1.217304e-02,1.480436e-02,2.150876e-02,2.019768e-02,4.080649e-01,1.699335e-02,1.295976e-02,1.189609e-02,6.067594e-03,4.495911e-02
5.561167e-02,2.654023e-02,1.323139e-01,4.952700e-02,4.573362e-02,1.132273e-02,1.092396e-02,1.552333e-02,1.725548e-02,4.437139e-01,2.720886e-02,1.255900e-02,3.358370e-02,1.755995e-02,1.006227e-01
3.911185e-02,1.900585e-02,9.278095e-02,3.471900e-02,3.213014e-02,8.234891e-03,7.703780e-03,1.089369e-02,1.478662e-02,3.335824e-01,2.134261e-02,9.733338e-03,2.833586e-02,2.411852e-02,3.235206e-01
2.863526e-02,1.595596e-02,6.595566e-02,2.446923e-02,2.342859e-02,9.484063e-03,5.493212e-03,8.009796e-03,4.233453e-02,2.369199e-01,1.925505e-02,7.192954e-03,2.254388e-02,4.687151e-02,4.434504e-01
2.232611e-02,1.360325e-02,4.672974e-02,1.728799e-02,1.680019e-02,1.230932e-02,3.907431e-03,5.864367e-03,4.715671e-02,1.704503e-01,1.895662e-02,5.340796e-03,1.705037e-02,9.087357e-02,5.113434e-01
2.113784e-02,1.881213e-02,3.923693e-02,1.292266e-02,1.245989e-02,2.000937e-02,3.190202e-03,5.312282e-03,6.771833e-02,1.272424e-01,1.565870e-02,4.334993e-03,1.599744e-02,1.011090e-01,5.348578e-01
2.870165e-02,1.944410e-02,3.177312e-02,1.042610e-02,9.268585e-03,2.797699e-02,2.454844e-03,3.930313e-03,1.020993e-01,9.447202e-02,2.206355e-02,3.848147e-03,1.343026e-02,1.077761e-01,5.223349e-01
2.139368e-02,1.767603e-02,2.304913e-02,7.657806e-03,6.865775e-03,2.623982e-02,1.757379e-03,2.807433e-03,9.213150e-02,6.771927e-02,5.598274e-02,3.462755e-03,1.083397e-02,2.617331e-01,4.006896e-01
1.544329e-02,1.511198e-02,1.701695e-02,5.472548e-03,4.865299e-03,2.275647e-02,1.236918e-03,1.982461e-03,8.571796e-02,4.946199e-02,5.774546e-02,2.622296e-03,7.935612e-03,4.119830e-01,3.006478e-01
1.154070e-02,2.981456e-02,1.270937e-02,3.944303e-03,3.506770e-03,2.405668e-02,8.735803e-04,1.415963e-03,7.732184e-02,3.549008e-02,5.109333e-02,1.901924e-03,5.810041e-03,4.916122e-01,2.489087e-01
8.727558e-03,3.941846e-02,9.981333e-03,2.873566e-03,2.574553e-03,4.321340e-02,6.343538e-04,1.160477e-03,6.162164e-02,2.601874e-02,4.658799e-02,1.441355e-03,5.156069e-03,5.499161e-01,2.006744e-01
1.039731e-02,5.239490e-02,1.007151e-02,2.474827e-03,2.006617e-03,3.600339e-02,5.130988e-04,1.029805e-03,7.094362e-02,2.436915e-02,4.183792e-02,1.205470e-03,4.435592e-03,5.513962e-01,1.909206e-01
8.939531e-03,7.357530e-02,8.154443e-03,1.975009e-03,1.503405e-03,2.961502e-02,3.670663e-04,7.562353e-04,8.037290e-02,1.967463e-02,3.483594e-02,8.754796e-04,3.274340e-03,5.951424e-01,1.409383e-01
6.915406e-03,9.176894e-02,6.156251e-03,1.500354e-03,1.115584e-03,2.190087e-02,2.643283e-04,6.154053e-04,8.245982e-02,1.419903e-02,2.597355e-02,6.685577e-04,2.434620e-03,6.438264e-01,1.002009e-01
5.533830e-03,7.954787e-02,4.869220e-03,1.346356e-03,8.719956e-04,1.636757e-02,1.927967e-04,5.057445e-04,1.031138e-01,1.201081e-02,1.896666e-02,4.983884e-04,1.886873e-03,6.823343e-01,7.195378e-02
5.919729e-03,9.225050e-02,2.294926e-02,4.679248e-03,3.414340e-03,1.760217e-02,2.485623e-04,3.705984e-03,1.430443e-01,1.024906e-02,1.488085e-02,4.837332e-04,2.047816e-03,6.263516e-01,5.217288e-02
7.022751e-03,8.521199e-02,2.137082e-02,5.662376e-03,6.369839e-03,2.194839e-02,2.294952e-04,4.068395e-03,2.183177e-01,8.208949e-03,1.228957e-02,4.034471e-04,1.957936e-03,5.676918e-01,3.924648e-02
9.215932e-03,7.741931e-02,2.336627e-02,7.680841e-03,8.018866e-03,1.772128e-02,2.859071e-04,6.681279e-03,3.444197e-01,6.773924e-03,1.120800e-02,4.140916e-04,1.925446e-03,4.531355e-01,3.173372e-02
1.110468e-02,5.991057e-02,2.087712e-02,5.699287e-03,8.955822e-03,1.888459e-02,2.838745e-04,1.559881e-02,4.437930e-01,5.364784e-03,1.048610e-02,3.682867e-04,1.458118e-03,3.741279e-01,2.308714e-02
1.811505e-02,5.050767e-02,1.822197e-02,4.742678e-03,1.042185e-02,1.589177e-02,3.140479e-04,2.409844e-02,5.198743e-01,4.593768e-03,9.849244e-03,4.367865e-04,1.156235e-03,3.045657e-01,1.721047e-02
3.530353e-02,6.219498e-02,1.664636e-02,4.943707e-03,1.331739e-02,1.491341e-02,3.317423e-04,2.851576e-02,5.385661e-01,4.034720e-03,9.005008e-03,6.518650e-04,1.051076e-03,2.529916e-01,1.753275e-02
3.935814e-02,9.240305e-02,1.361919e-02,4.443230e-03,2.224932e-02,1.419031e-02,3.056849e-04,3.131279e-02,5.021791e-01,4.392127e-03,9.183490e-03,6.696039e-04,9.598181e-04,2.438879e-01,2.084624e-02
4.581955e-02,9.294285e-02,2.115839e-02,9.307412e-03,1.992404e-02,1.555411e-02,4.253770e-04,4.387580e-02,4.922392e-01,6.325150e-03,1.192028e-02,8.444975e-04,1.022936e-03,2.094966e-01,2.914386e-02
4.974321e-02,8.687599e-02,6.314042e-02,8.694960e-03,1.842722e-02,1.577955e-02,5.688358e-04,8.305983e-02,4.132961e-01,7.690181e-03,1.191926e-02,8.259275e-04,1.169070e-03,2.137293e-01,2.508018e-02
5.572889e-02,7.971730e-02,1.081720e-01,1.288544e-02,1.667165e-02,1.584401e-02,6.431206e-04,1.047972e-01,3.292000e-01,6.988624e-03,1.176062e-02,8.303605e-04,1.149291e-03,2.319145e-01,2.369691e-02
4.545367e-02,9.910253e-02,9.089576e-02,9.326042e-03,1.340400e-02,1.976110e-02,7.014034e-04,1.120983e-01,2.907481e-01,5.853034e-03,9.158672e-03,6.344573e-04,1.210486e-03,2.834810e-01,1.817144e-02
3.888873e-02,1.048953e-01,7.230984e-02,7.042386e-03,1.215491e-02,1.814970e-02,7.403120e-04,1.146193e-01,3.086769e-01,5.034485e-03,8.901284e-03,5.065118e-04,1.698576e-03,2.921833e-01,1.419841e-02
3.351638e-02,1.644321e-01,5.337307e-02,6.380453e-03,1.305814e-02,1.772350e-02,6.082330e-04,1.104986e-01,3.407005e-01,3.997585e-03,7.225646e-03,4.837390e-04,1.489587e-03,2.360214e-01,1.049107e-02
2.846611e-02,1.656679e-01,5.148691e-02,4.863094e-03,1.259267e-02,1.449660e-02,1.119021e-03,2.282612e-01,2.644252e-01,3.171988e-03,5.372680e-03,3.846131e-04,1.369050e-03,2.103734e-01,7.949548e-03
2.848705e-02,1.662846e-01,5.054352e-02,4.022075e-03,1.531992e-02,1.570298e-02,1.563500e-03,2.094354e-01,2.641998e-01,2.944143e-03,4.909750e-03,3.588666e-04,1.538966e-03,2.276998e-01,6.989709e-03
3.939419e-02,1.501445e-01,4.555675e-02,5.015643e-03,1.725662e-02,1.620614e-02,1.682308e-03,2.383161e-01,2.616701e-01,2.591785e-03,5.607042e-03,6.288874e-04,2.649793e-03,2.072549e-01,6.025175e-03
5.306570e-02,1.190111e-01,3.907071e-02,5.890779e-03,3.027155e-02,1.460052e-02,2.405482e-03,2.457979e-01,2.956288e-01,2.122603e-03,4.847432e-03,6.577306e-04,2.747649e-03,1.791576e-01,4.724499e-03
6.130755e-02,1.006175e-01,3.248047e-02,7.531044e-03,5.077468e-02,1.794099e-02,3.394010e-03,2.372302e-01,3.460410e-01,2.334859e-03,3.995304e-03,8.205407e-04,2.753957e-03,1.278989e-01,4.879073e-03
6.484038e-02,8.601504e-02,3.485765e-02,1.264712e-02,9.521955e-02,1.975123e-02,6.790073e-03,2.132746e-01,3.626525e-01,2.373120e-03,3.456242e-03,7.788971e-04,2.319065e-03,9.070347e-02,4.320999e-03
7.917425e-02,9.873841e-02,2.830641e-02,1.449205e-02,1.346848e-01,1.881167e-02,6.338771e-03,1.756161e-01,3.671598e-01,2.903548e-03,2.911817e-03,8.684293e-04,1.905498e-03,6.418476e-02,3.903670e-03
7.768984e-02,9.605247e-02,2.360624e-02,2.289417e-02,1.657868e-01,1.597132e-02,9.234678e-03,1.688464e-01,3.597206e-01,4.350139e-03,2.625023e-03,1.250250e-03,1.855356e-03,4.596897e-02,4.147732e-03
7.374702e-02,9.755003e-02,1.885617e-02,2.903296e-02,1.755696e-01,1.613021e-02,7.595254e-03,1.382792e-01,3.846591e-01,6.799685e-03,2.456501e-03,2.130310e-03,2.388083e-03,3.285067e-02,1.195526e-02
7.497913e-02,9.092511e-02,2.526272e-02,1.228373e-01,1.591826e-01,1.515448e-02,7.904220e-03,1.276927e-01,3.109314e-01,1.023613e-02,2.627795e-03,2.624326e-03,2.617144e-03,2.317540e-02,2.384960e-02
1.561642e-01,7.784861e-02,2.138186e-02,1.246294e-01,1.402526e-01,2.331110e-02,1.423960e-02,1.081773e-01,2.755033e-01,9.134920e-03,3.464533e-03,4.619125e-03,4.355875e-03,1.658786e-02,2.032953e-02
2.554640e-01,7.421457e-02,1.678151e-02,1.012662e-01,1.100465e-01,5.365781e-02,1.290092e-02,7.970879e-02,2.433578e-01,8.193466e-03,3.440722e-03,6.276868e-03,5.013906e-03,1.200172e-02,1.767532e-02
3.427514e-01,7.803301e-02,1.278183e-02,8.633426e-02,8.788172e-02,7.228960e-02,1.046381e-02,5.733142e-02,1.992479e-01,6.238271e-03,4.335210e-03,9.434033e-03,7.007581e-03,9.003537e-03,1.686653e-02
4.177988e-01,6.712238e-02,1.076137e-02,7.871360e-02,7.316595e-02,6.805162e-02,9.510571e-03,4.247645e-02,1.690940e-01,4.998913e-03,6.258910e-03,1.585409e-02,1.118127e-02,7.919326e-03,1.709268e-02
