1.000000e+00,0.000000e+00,0.000000e+00,0.000000e+00,0.000000e+00,0.000000e+00,0.000000e+00,0.000000e+00,0.000000e+00,0.000000e+00,0.000000e+00,0.000000e+00,0.000000e+00,0.000000e+00,0.000000e+00
1.000000e+00,0.000000e+00,0.000000e+00,0.000000e+00,0.000000e+00,0.000000e+00,0.000000e+00,0.000000e+00,0.000000e+00,0.000000e+00,0.000000e+00,0.000000e+00,0.000000e+00,0.000000e+00,0.000000e+00
1.000000e+00,0.000000e+00,0.000000e+00,0.000000e+00,0.000000e+00,0.000000e+00,0.000000e+00,0.000000e+00,0.000000e+00,0.000000e+00,0.000000e+00,0.000000e+00,0.000000e+00,0.000000e+00,0.000000e+00
1.000000e+00,0.000000e+00,0.000000e+00,0.000000e+00,0.000000e+00,0.000000e+00,0.000000e+00,0.000000e+00,0.000000e+00,0.000000e+00,0.000000e+00,0.000000e+00,0.000000e+00,0.000000e+00,0.000000e+00
1.000000e+00,0.000000e+00,0.000000e+00,0.000000e+00,0.000000e+00,0.000000e+00,0.000000e+00,0.000000e+00,0.000000e+00,0.000000e+00,0.000000e+00,0.000000e+00,0.000000e+00,0.000000e+00,0.000000e+00
1.000000e+00,0.000000e+00,0.000000e+00,0.000000e+00,0.000000e+00,0.000000e+00,0.000000e+00,0.000000e+00,0.000000e+00,0.000000e+00,0.000000e+00,0.000000e+00,0.000000e+00,0.000000e+00,0.000000e+00
1.000000e+00,0.000000e+00,0.000000e+00,0.000000e+00,0.000000e+00,0.000000e+00,0.000000e+00,0.000000e+00,0.000000e+00,0.000000e+00,0.000000e+00,0.000000e+00,0.000000e+00,0.000000e+00,0.000000e+00
1.000000e+00,0.000000e+00,0.000000e+00,0.000000e+00,0.000000e+00,0.000000e+00,0.000000e+00,0.000000e+00,0.000000e+00,0.000000e+00,0.000000e+00,0.000000e+00,0.000000e+00,0.000000e+00,0.000000e+00
1.000000e+00,0.000000e+00,0.000000e+00,0.000000e+00,0.000000e+00,0.000000e+00,0.000000e+00,0.000000e+00,0.000000e+00,0.000000e+00,0.000000e+00,0.000000e+00,0.000000e+00,0.000000e+00,0.000000e+00
1.000000e+00,0.000000e+00,0.000000e+00,0.000000e+00,0.000000e+00,0.000000e+00,0.000000e+00,0.000000e+00,0.000000e+00,0.000000e+00,0.000000e+00,0.000000e+00,0.000000e+00,0.000000e+00,0.000000e+00
1.000000e+00,0.000000e+00,0.000000e+00,0.000000e+00,0.000000e+00,0.000000e+00,0.000000e+00,0.000000e+00,0.000000e+00,0.000000e+00,0.000000e+00,0.000000e+00,0.000000e+00,0.000000e+00,0.000000e+00
1.000000e+00,0.000000e+00,0.000000e+00,0.000000e+00,0.000000e+00,0.000000e+00,0.000000e+00,0.000000e+00,0.000000e+00,0.000000e+00,0.000000e+00,0.000000e+00,0.000000e+00,0.000000e+00,0.000000e+00
1.000000e+00,0.000000e+00,0.000000e+00,0.000000e+00,0.000000e+00,0.000000e+00,0.000000e+00,0.000000e+00,0.000000e+00,0.000000e+00,0.000000e+00,0.000000e+00,0.000000e+00,0.000000e+00,0.000000e+00
1.000000e+00,0.000000e+00,0.000000e+00,0.000000e+00,0.000000e+00,0.000000e+00,0.000000e+00,0.000000e+00,0.000000e+00,0.000000e+00,0.000000e+00,0.000000e+00,0.000000e+00,0.000000e+00,0.000000e+00
1.000000e+00,0.000000e+00,0.000000e+00,0.000000e+00,0.000000e+00,0.000000e+00,0.000000e+00,0.000000e+00,0.000000e+00,0.000000e+00,0.000000e+00,0.000000e+00,0.000000e+00,0.000000e+00,0.000000e+00
1.000000e+00,0.000000e+00,0.000000e+00,0.000000e+00,0.000000e+00,0.000000e+00,0.000000e+00,0.000000e+00,0.000000e+00,0.000000e+00,0.000000e+00,0.000000e+00,0.000000e+00,0.000000e+00,0.000000e+00
1.000000e+00,0.000000e+00,0.000000e+00,0.000000e+00,0.000000e+00,0.000000e+00,0.000000e+00,0.000000e+00,0.000000e+00,0.000000e+00,0.000000e+00,0.000000e+00,0.000000e+00,0.000000e+00,0.000000e+00
1.000000e+00,0.000000e+00,0.000000e+00,0.000000e+00,0.000000e+00,0.000000e+00,0.000000e+00,0.000000e+00,0.000000e+00,0.000000e+00,0.000000e+00,0.000000e+00,0.000000e+00,0.000000e+00,0.000000e+00
1.000000e+00,0.000000e+00,0.000000e+00,0.000000e+00,0.000000e+00,0.000000e+00,0.000000e+00,0.000000e+00,0.000000e+00,0.000000e+00,0.000000e+00,0.000000e+00,0.000000e+00,0.000000e+00,0.000000e+00
1.000000e+00,0.000000e+00,0.000000e+00,0.000000e+00,0.000000e+00,0.000000e+00,0.000000e+00,0.000000e+00,0.000000e+00,0.000000e+00,0.000000e+00,0.000000e+00,0.000000e+00,0.000000e+00,0.000000e+00
1.000000e+00,0.000000e+00,0.000000e+00,0.000000e+00,0.000000e+00,0.000000e+00,0.000000e+00,0.000000e+00,0.000000e+00,0.000000e+00,0.000000e+00,0.000000e+00,0.000000e+00,0.000000e+00,0.000000e+00
1.000000e+00,0.000000e+00,0.000000e+00,0.000000e+00,0.000000e+00,0.000000e+00,0.000000e+00,0.000000e+00,0.000000e+00,0.000000e+00,0.000000e+00,0.000000e+00,0.000000e+00,0.000000e+00,0.000000e+00
1.000000e+00,0.000000e+00,0.000000e+00,0.000000e+00,0.000000e+00,0.000000e+00,0.000000e+00,0.000000e+00,0.000000e+00,0.000000e+00,0.000000e+00,0.000000e+00,0.000000e+00,0.000000e+00,0.000000e+00
1.000000e+00,0.000000e+00,0.000000e+00,0.000000e+00,0.000000e+00,0.000000e+00,0.000000e+00,0.000000e+00,0.000000e+00,0.000000e+00,0.000000e+00,0.000000e+00,0.000000e+00,0.000000e+00,0.000000e+00
1.000000e+00,0.000000e+00,0.000000e+00,0.000000e+00,0.000000e+00,0.000000e+00,0.000000e+00,0.000000e+00,0.000000e+00,0.000000e+00,0.000000e+00,0.000000e+00,0.000000e+00,0.000000e+00,0.000000e+00
1.000000e+00,0.000000e+00,0.000000e+00,0.000000e+00,0.000000e+00,0.000000e+00,0.000000e+00,0.000000e+00,0.000000e+00,0.000000e+00,0.000000e+00,0.000000e+00,0.000000e+00,0.000000e+00,0.000000e+00
1.000000e+00,0.000000e+00,0.000000e+00,0.000000e+00,0.000000e+00,0.000000e+00,0.000000e+00,0.000000e+00,0.000000e+00,0.000000e+00,0.000000e+00,0.000000e+00,0.000000e+00,0.000000e+00,0.000000e+00
1.000000e+00,0.000000e+00,0.000000e+00,0.000000e+00,0.000000e+00,0.000000e+00,0.000000e+00,0.000000e+00,0.000000e+00,0.000000e+00,0.000000e+00,0.000000e+00,0.000000e+00,0.000000e+00,0.000000e+00
1.000000e+00,0.000000e+00,0.000000e+00,0.000000e+00,0.000000e+00,0.000000e+00,0.000000e+00,0.000000e+00,0.000000e+00,0.000000e+00,0.000000e+00,0.000000e+00,0.000000e+00,0.000000e+00,0.000000e+00
1.000000e+00,0.000000e+00,0.000000e+00,0.000000e+00,0.000000e+00,0.000000e+00,0.000000e+00,0.000000e+00,0.000000e+00,0.000000e+00,0.000000e+00,0.000000e+00,0.000000e+00,0.000000e+00,0.000000e+00
1.000000e+00,0.000000e+00,0.000000e+00,0.000000e+00,0.000000e+00,0.000000e+00,0.000000e+00,0.000000e+00,0.000000e+00,0.000000e+00,0.000000e+00,0.000000e+00,0.000000e+00,0.000000e+00,0.000000e+00
1.000000e+00,0.000000e+00,0.000000e+00,0.000000e+00,0.000000e+00,0.000000e+00,0.000000e+00,0.000000e+00,0.000000e+00,0.000000e+00,0.000000e+00,0.000000e+00,0.000000e+00,0.000000e+00,0.000000e+00
1.000000e+00,0.000000e+00,0.000000e+00,0.000000e+00,0.000000e+00,0.000000e+00,0.000000e+00,0.000000e+00,0.000000e+00,0.000000e+00,0.000000e+00,0.000000e+00,0.000000e+00,0.000000e+00,0.000000e+00
1.000000e+00,0.000000e+00,0.000000e+00,0.000000e+00,0.000000e+00,0.000000e+00,0.000000e+00,0.000000e+00,0.000000e+00,0.000000e+00,0.000000e+00,0.000000e+00,0.000000e+00,0.000000e+00,0.000000e+00
1.000000e+00,0.000000e+00,0.000000e+00,0.000000e+00,0.000000e+00,0.000000e+00,0.000000e+00,0.000000e+00,0.000000e+00,0.000000e+00,0.000000e+00,0.000000e+00,0.000000e+00,0.000000e+00,0.000000e+00
1.000000e+00,0.000000e+00,0.000000e+00,0.000000e+00,0.000000e+00,0.000000e+00,0.000000e+00,0.000000e+00,0.000000e+00,0.000000e+00,0.000000e+00,0.000000e+00,0.000000e+00,0.000000e+00,0.000000e+00
1.000000e+00,0.000000e+00,0.000000e+00,0.000000e+00,0.000000e+00,0.000000e+00,0.000000e+00,0.000000e+00,0.000000e+00,0.000000e+00,0.000000e+00,0.000000e+00,0.000000e+00,0.000000e+00,0.000000e+00
1.000000e+00,0.000000e+00,0.000000e+00,0.000000e+00,0.000000e+00,0.000000e+00,0.000000e+00,0.000000e+00,0.000000e+00,0.000000e+00,0.000000e+00,0.000000e+00,0.000000e+00,0.000000e+00,0.000000e+00
1.000000e+00,0.000000e+00,0.000000e+00,0.000000e+00,0.000000e+00,0.000000e+00,0.000000e+00,0.000000e+00,0.000000e+00,0.000000e+00,0.000000e+00,0.000000e+00,0.000000e+00,0.000000e+00,0.000000e+00
1.000000e+00,0.000000e+00,0.000000e+00,0.000000e+00,0.000000e+00,0.000000e+00,0.000000e+00,0.000000e+00,0.000000e+00,0.000000e+00,0.000000e+00,0.000000e+00,0.000000e+00,0.000000e+00,0.000000e+00
4.806947e-01,9.103734e-02,3.898066e-02,1.349733e-01,2.274061e-02,2.923289e-02,8.978723e-03,2.882986e-02,2.233014e-02,7.874542e-03,1.783315e-02,2.130569e-02,1.138900e-02,8.151703e-03,7.564777e-02
3.982821e-01,1.071387e-01,4.031173e-02,1.654828e-01,2.493940e-02,2.950598e-02,8.639770e-03,2.744804e-02,2.900492e-02,9.518802e-03,1.871387e-02,2.210639e-02,1.192576e-02,1.047640e-02,9.650539e-02
3.137297e-01,8.445589e-02,6.880592e-02,2.112333e-01,2.327567e-02,2.461378e-02,8.418036e-03,8.922329e-02,2.812108e-02,7.399193e-03,1.856739e-02,2.342709e-02,1.344588e-02,1.049067e-02,7.479320e-02
3.054722e-01,7.580731e-02,8.159739e-02,2.243021e-01,2.137316e-02,2.222585e-02,7.823586e-03,8.871032e-02,2.902174e-02,6.555012e-03,2.102553e-02,2.278666e-02,1.421625e-02,1.246528e-02,6.661772e-02
2.577768e-01,7.119251e-02,7.812215e-02,2.753904e-01,2.031789e-02,2.020707e-02,6.541178e-03,8.233100e-02,4.035064e-02,5.489028e-03,2.682246e-02,2.077078e-02,1.429449e-02,1.788097e-02,6.251267e-02
1.901064e-01,5.144310e-02,1.413351e-01,2.176119e-01,1.555060e-02,1.597942e-02,5.453903e-03,2.177783e-01,2.985224e-02,4.044040e-03,2.204857e-02,1.606141e-02,1.166327e-02,1.445264e-02,4.661916e-02
1.397777e-01,3.691047e-02,1.368659e-01,1.669745e-01,1.184364e-02,1.244304e-02,4.504927e-03,3.822251e-01,2.135780e-02,2.915333e-03,1.751970e-02,1.227148e-02,9.147456e-03,1.133239e-02,3.391062e-02
1.099663e-01,2.630840e-02,1.041205e-01,1.201218e-01,8.909147e-03,1.023033e-02,4.475558e-03,5.358742e-01,1.508725e-02,2.116991e-03,1.292931e-02,9.466924e-03,7.207068e-03,8.815436e-03,2.437081e-02
9.088219e-02,1.878271e-02,7.701761e-02,8.610422e-02,6.735971e-03,8.725157e-03,4.595703e-03,6.478541e-01,1.065517e-02,1.572989e-03,9.475822e-03,7.424333e-03,5.842548e-03,6.747897e-03,1.758370e-02
8.305391e-02,1.333756e-02,5.548597e-02,6.146982e-02,5.177322e-03,7.253705e-03,4.598508e-03,7.266036e-01,7.527396e-03,1.148300e-03,6.812869e-03,5.559414e-03,4.597310e-03,4.896787e-03,1.247752e-02
1.043011e-01,9.579126e-03,3.977870e-02,4.354107e-02,4.712695e-03,5.685356e-03,4.296581e-03,7.562656e-01,5.376370e-03,8.838814e-04,4.974145e-03,4.401291e-03,3.750895e-03,3.506032e-03,8.947157e-03
9.759222e-02,6.830249e-03,2.924325e-02,3.095156e-02,3.866724e-03,4.620648e-03,4.301572e-03,7.988809e-01,3.810693e-03,6.673721e-04,3.605822e-03,3.552672e-03,3.130080e-03,2.513881e-03,6.432396e-03
1.338952e-01,5.173356e-03,2.171400e-02,2.225470e-02,4.111473e-03,4.456769e-03,5.274718e-03,7.812815e-01,2.840367e-03,8.047763e-04,2.890941e-03,4.001938e-03,4.153936e-03,1.896202e-03,5.250124e-03
1.957725e-01,4.085443e-03,1.680917e-02,1.615130e-02,4.583148e-03,4.520099e-03,6.069497e-03,7.319545e-01,2.202771e-03,8.027118e-04,2.349909e-03,4.387100e-03,4.491400e-03,1.422197e-03,4.398274e-03
2.110533e-01,3.232096e-03,1.399903e-02,1.228659e-02,5.504149e-03,4.691991e-03,5.880574e-03,7.244223e-01,1.670471e-03,8.825336e-04,2.073116e-03,4.562195e-03,4.882053e-03,1.133619e-03,3.725890e-03
1.679026e-01,2.378963e-03,1.123284e-02,9.072090e-03,5.614620e-03,3.521133e-03,5.112808e-03,7.805597e-01,1.256699e-03,7.422983e-04,1.580777e-03,3.512870e-03,3.933738e-03,8.325959e-04,2.746254e-03
1.302546e-01,1.733609e-03,8.814426e-03,6.841233e-03,5.262531e-03,2.588494e-03,4.164566e-03,8.293486e-01,9.330677e-04,5.852723e-04,1.197743e-03,2.624473e-03,3.055632e-03,6.068710e-04,1.988898e-03
1.251951e-01,1.389815e-03,7.171782e-03,5.420907e-03,4.614392e-03,2.416507e-03,3.728138e-03,8.396280e-01,8.120423e-04,6.515018e-04,1.083759e-03,2.763824e-03,2.803375e-03,5.215163e-04,1.799367e-03
1.069256e-01,1.069205e-03,6.029659e-03,4.438898e-03,4.130452e-03,1.875580e-03,3.024803e-03,8.639464e-01,6.528588e-04,5.635916e-04,8.866247e-04,2.305061e-03,2.327382e-03,4.080341e-04,1.415866e-03
1.055076e-01,9.350540e-04,4.877686e-03,3.986153e-03,5.115722e-03,1.554668e-03,2.389079e-03,8.676239e-01,7.467846e-04,6.464824e-04,8.546055e-04,2.215838e-03,2.038890e-03,3.232321e-04,1.184291e-03
1.215717e-01,8.733834e-04,3.769372e-03,3.853807e-03,5.766452e-03,1.372428e-03,1.829358e-03,8.515608e-01,1.211280e-03,6.508340e-04,1.000776e-03,2.812788e-03,2.303519e-03,3.060500e-04,1.117476e-03
1.264556e-01,1.746409e-03,3.368875e-03,3.997521e-03,7.536952e-03,1.771178e-03,1.457916e-03,8.119439e-01,6.077301e-03,2.474471e-03,6.615587e-03,1.454088e-02,7.088754e-03,3.175276e-03,1.749360e-03
1.447655e-01,9.941773e-03,4.326775e-03,6.257481e-02,1.060660e-02,3.202913e-03,1.109231e-03,6.701493e-01,3.054548e-02,3.516271e-03,1.200773e-02,2.544290e-02,1.325387e-02,5.674123e-03,2.882828e-03
1.545904e-01,9.116571e-03,3.915469e-03,5.997535e-02,8.588792e-03,3.265356e-03,8.751442e-04,5.135550e-01,1.206845e-01,1.451218e-02,2.864857e-02,3.459575e-02,2.374087e-02,9.793571e-03,1.414252e-02
1.558454e-01,8.232687e-03,5.268580e-03,4.618845e-02,6.782031e-03,2.920081e-03,7.254878e-04,3.944638e-01,1.822235e-01,7.492407e-02,3.278355e-02,2.858731e-02,2.438561e-02,1.075677e-02,2.591274e-02
2.001387e-01,8.479629e-03,4.803849e-03,6.644425e-02,5.511429e-03,4.031461e-03,6.017793e-04,2.944742e-01,1.658618e-01,7.811096e-02,6.709285e-02,3.096972e-02,3.450298e-02,1.126638e-02,2.770997e-02
2.337044e-01,1.896811e-02,4.669688e-03,7.154946e-02,5.414881e-03,3.522394e-03,5.287065e-04,2.242305e-01,1.467387e-01,1.172283e-01,5.614175e-02,2.521044e-02,3.097644e-02,1.323561e-02,4.788052e-02
2.757106e-01,2.279955e-02,1.080440e-02,1.087009e-01,4.704009e-03,4.675961e-03,4.643111e-04,1.672589e-01,1.637662e-01,8.696570e-02,4.428037e-02,2.427158e-02,2.970209e-02,1.066298e-02,4.523245e-02
2.188086e-01,3.516442e-02,2.292873e-02,1.322119e-01,3.436252e-03,4.100416e-03,3.810223e-04,1.223063e-01,2.496878e-01,6.715699e-02,3.532221e-02,1.885940e-02,2.702329e-02,8.445809e-03,5.416694e-02
2.444875e-01,6.884898e-02,3.740138e-02,9.686621e-02,2.750519e-03,3.954298e-03,3.766595e-04,9.036637e-02,2.067030e-01,6.902024e-02,3.994265e-02,1.671025e-02,3.381990e-02,9.705556e-03,7.904650e-02
2.281790e-01,1.129117e-01,9.187885e-02,7.427420e-02,2.086858e-03,3.482942e-03,3.344470e-04,6.394091e-02,1.955741e-01,5.317646e-02,3.240008e-02,1.437153e-02,3.352606e-02,1.034493e-02,8.351792e-02
2.078492e-01,1.214369e-01,1.652877e-01,5.861127e-02,1.799137e-03,3.586502e-03,3.628590e-04,4.573911e-02,1.576812e-01,4.125389e-02,3.028145e-02,1.504211e-02,4.634062e-02,1.773256e-02,8.699555e-02
3.117107e-01,9.553359e-02,1.265289e-01,4.488236e-02,3.955629e-03,4.400167e-03,5.688387e-04,3.351284e-02,1.274339e-01,3.289620e-02,3.469864e-02,1.724247e-02,4.854215e-02,1.912737e-02,9.896621e-02
3.572711e-01,9.480793e-02,9.628622e-02,3.630290e-02,8.267782e-03,5.249276e-03,7.026524e-04,2.488952e-02,1.412640e-01,2.753024e-02,3.757254e-02,1.582030e-02,4.183977e-02,1.619950e-02,9.599626e-02
3.503774e-01,1.326091e-01,7.044196e-02,3.853540e-02,7.135260e-03,5.777262e-03,5.626099e-04,1.763101e-02,1.449052e-01,2.402170e-02,2.976497e-02,1.205976e-02,3.152613e-02,1.214049e-02,1.225118e-01
3.353219e-01,1.343761e-01,5.128086e-02,4.050506e-02,1.023029e-02,6.846315e-03,5.447421e-04,1.276143e-02,2.274673e-01,1.848658e-02,2.276318e-02,9.051754e-03,2.352256e-02,8.984939e-03,9.785692e-02
3.793862e-01,1.162827e-01,3.765975e-02,5.159222e-02,1.369570e-02,9.124855e-03,6.128292e-04,9.780452e-03,2.095811e-01,1.599531e-02,1.820243e-02,7.594696e-03,1.808898e-02,7.283284e-03,1.051195e-01
3.065872e-01,1.231037e-01,2.797779e-02,1.019638e-01,1.740157e-02,9.576820e-03,8.482425e-04,1.082304e-02,2.539759e-01,1.496710e-02,1.639243e-02,6.145793e-03,1.662412e-02,6.743199e-03,8.686926e-02
2.322927e-01,1.452534e-01,3.506641e-02,1.459014e-01,2.189034e-02,9.291466e-03,1.006621e-03,1.533443e-02,2.628539e-01,1.551404e-02,1.584614e-02,5.624243e-03,1.499193e-02,6.512563e-03,7.262038e-02
2.016357e-01,1.589968e-01,5.119970e-02,1.663211e-01,2.999034e-02,8.367257e-03,1.065759e-03,1.711664e-02,2.376873e-01,1.877883e-02,1.665724e-02,5.174198e-03,1.298600e-02,5.934706e-03,6.808844e-02
1.868135e-01,1.518199e-01,5.651275e-02,1.686148e-01,3.872716e-02,7.359653e-03,1.299797e-03,2.688404e-02,2.454610e-01,1.727137e-02,2.077084e-02,5.775055e-03,1.502853e-02,5.005030e-03,5.265661e-02
1.518083e-01,1.168849e-01,9.188836e-02,2.361721e-01,4.116493e-02,5.979927e-03,1.414790e-03,4.816061e-02,2.125831e-01,1.509814e-02,1.817392e-02,4.990185e-03,1.295286e-02,3.863110e-03,3.886477e-02
1.384165e-01,9.062739e-02,1.501889e-01,2.505097e-01,4.858609e-02,6.085534e-03,1.968131e-03,4.322672e-02,1.800610e-01,1.700959e-02,1.831641e-02,5.965856e-03,1.178818e-02,3.271664e-03,3.397840e-02
1.650190e-01,7.595732e-02,1.718951e-01,2.013208e-01,5.877542e-02,7.047447e-03,4.306226e-03,5.460800e-02,1.638543e-01,1.790030e-02,1.924409e-02,7.408584e-03,1.800010e-02,3.440125e-03,3.122315e-02
1.353810e-01,6.728294e-02,2.102183e-01,2.674477e-01,5.899717e-02,6.193461e-03,3.731169e-03,4.797164e-02,1.242381e-01,1.595676e-02,1.614787e-02,6.242843e-03,1.362788e-02,2.547666e-03,2.401545e-02
1.195554e-01,4.879264e-02,1.978508e-01,3.241599e-01,4.571356e-02,5.411643e-03,3.376189e-03,7.311383e-02,1.159901e-01,1.292615e-02,1.582905e-02,5.196647e-03,1.179358e-02,1.924709e-03,1.836566e-02
1.120844e-01,3.490000e-02,1.667153e-01,2.493705e-01,3.891404e-02,4.867126e-03,3.597846e-03,2.531989e-01,8.570461e-02,9.617771e-03,1.289013e-02,3.870653e-03,9.143913e-03,1.394466e-03,1.373036e-02
9.072219e-02,2.462770e-02,1.204733e-01,1.775811e-01,3.075377e-02,3.739016e-03,2.875461e-03,4.523825e-01,6.040790e-02,6.828398e-03,9.634072e-03,2.798839e-03,6.480296e-03,9.951950e-04,9.700301e-03
7.389132e-02,1.746207e-02,8.558819e-02,1.256129e-01,2.407561e-02,2.843553e-03,2.156592e-03,5.996388e-01,4.274819e-02,4.858136e-03,6.981353e-03,2.014504e-03,4.586023e-03,7.086185e-04,6.834114e-03
5.664095e-02,1.230857e-02,6.009239e-02,8.817443e-02,1.806263e-02,2.112269e-03,1.562845e-03,7.124222e-01,3.018304e-02,3.411986e-03,4.991465e-03,1.476583e-03,3.240599e-03,5.040695e-04,4.816015e-03
4.786329e-02,8.641317e-03,4.214663e-02,6.182015e-02,1.300922e-02,1.593153e-03,1.128200e-03,7.891644e-01,2.133276e-02,2.391588e-03,3.600592e-03,1.247082e-03,2.308284e-03,3.634880e-04,3.389866e-03
4.349272e-02,6.096190e-03,2.959484e-02,4.350322e-02,9.437692e-03,1.249074e-03,8.417160e-04,8.407817e-01,1.522723e-02,1.678536e-03,2.672379e-03,1.082052e-03,1.667390e-03,2.688935e-04,2.406439e-03
5.212139e-02,4.416253e-03,2.086205e-02,3.074657e-02,7.097041e-03,1.141301e-03,6.537588e-04,8.636494e-01,1.154623e-02,1.181354e-03,2.138566e-03,1.144807e-03,1.277611e-03,2.370770e-04,1.786620e-03
8.995279e-02,3.504033e-03,1.486969e-02,2.366479e-02,5.712573e-03,1.537457e-03,5.086210e-04,8.351028e-01,8.901225e-03,8.741253e-04,3.624663e-03,7.644453e-03,1.779001e-03,5.865514e-04,1.737169e-03
1.735492e-01,3.490482e-03,1.143375e-02,2.723124e-02,4.833089e-03,2.819229e-03,4.875560e-04,7.310422e-01,8.185062e-03,1.013386e-03,7.760176e-03,2.057156e-02,4.248721e-03,1.086732e-03,2.247608e-03
2.651339e-01,3.103124e-03,1.045202e-02,2.138859e-02,4.254365e-03,3.850875e-03,6.203924e-04,6.351413e-01,8.111005e-03,2.442631e-03,1.449736e-02,1.844119e-02,4.919257e-03,3.519848e-03,4.124094e-03
3.698312e-01,3.551814e-03,1.121228e-02,1.941426e-02,4.858493e-03,6.816390e-03,7.062887e-04,5.026659e-01,9.100595e-03,4.208152e-03,2.744370e-02,1.657487e-02,7.270044e-03,7.752724e-03,8.593193e-03
4.603698e-01,3.601100e-03,1.018251e-02,1.707472e-02,6.623484e-03,7.989391e-03,7.768867e-04,3.824245e-01,1.103843e-02,7.511012e-03,3.500987e-02,1.659390e-02,8.992002e-03,1.676368e-02,1.504870e-02
1.000000e+00,0.000000e+00,0.000000e+00,0.000000e+00,0.000000e+00,0.000000e+00,0.000000e+00,0.000000e+00,0.000000e+00,0.000000e+00,0.000000e+00,0.000000e+00,0.000000e+00,0.000000e+00,0.000000e+00
1.000000e+00,0.000000e+00,0.000000e+00,0.000000e+00,0.000000e+00,0.000000e+00,0.000000e+00,0.000000e+00,0.000000e+00,0.000000e+00,0.000000e+00,0.000000e+00,0.000000e+00,0.000000e+00,0.000000e+00
1.000000e+00,0.000000e+00,0.000000e+00,0.000000e+00,0.000000e+00,0.000000e+00,0.000000e+00,0.000000e+00,0.000000e+00,0.000000e+00,0.000000e+00,0.000000e+00,0.000000e+00,0.000000e+00,0.000000e+00
1.000000e+00,0.000000e+00,0.000000e+00,0.000000e+00,0.000000e+00,0.000000e+00,0.000000e+00,0.000000e+00,0.000000e+00,0.000000e+00,0.000000e+00,0.000000e+00,0.000000e+00,0.000000e+00,0.000000e+00
1.000000e+00,0.000000e+00,0.000000e+00,0.000000e+00,0.000000e+00,0.000000e+00,0.000000e+00,0.000000e+00,0.000000e+00,0.000000e+00,0.000000e+00,0.000000e+00,0.000000e+00,0.000000e+00,0.000000e+00
1.000000e+00,0.000000e+00,0.000000e+00,0.000000e+00,0.000000e+00,0.000000e+00,0.000000e+00,0.000000e+00,0.000000e+00,0.000000e+00,0.000000e+00,0.000000e+00,0.000000e+00,0.000000e+00,0.000000e+00
1.000000e+00,0.000000e+00,0.000000e+00,0.000000e+00,0.000000e+00,0.000000e+00,0.000000e+00,0.000000e+00,0.000000e+00,0.000000e+00,0.000000e+00,0.000000e+00,0.000000e+00,0.000000e+00,0.000000e+00
1.000000e+00,0.000000e+00,0.000000e+00,0.000000e+00,0.000000e+00,0.000000e+00,0.000000e+00,0.000000e+00,0.000000e+00,0.000000e+00,0.000000e+00,0.000000e+00,0.000000e+00,0.000000e+00,0.000000e+00
1.000000e+00,0.000000e+00,0.000000e+00,0.000000e+00,0.000000e+00,0.000000e+00,0.000000e+00,0.000000e+00,0.000000e+00,0.000000e+00,0.000000e+00,0.000000e+00,0.000000e+00,0.000000e+00,0.000000e+00
1.000000e+00,0.000000e+00,0.000000e+00,0.000000e+00,0.000000e+00,0.000000e+00,0.000000e+00,0.000000e+00,0.000000e+00,0.000000e+00,0.000000e+00,0.000000e+00,0.000000e+00,0.000000e+00,0.000000e+00
4.150741e-01,1.490890e-02,1.005964e-02,1.248287e-02,7.551824e-03,1.780607e-02,1.585089e-03,1.274839e-02,1.041439e-01,9.995940e-02,2.889901e-02,3.618940e-02,1.883423e-02,1.103285e-01,1.094287e-01
3.201817e-01,1.765181e-02,1.232903e-02,2.241034e-02,8.235433e-03,1.321023e-02,1.224097e-03,9.385311e-03,1.947399e-01,1.232107e-01,2.229176e-02,2.569543e-02,1.470932e-02,8.519678e-02,1.295281e-01
2.948711e-01,2.090875e-02,1.378442e-02,2.116596e-02,1.296437e-02,1.122327e-02,1.357710e-03,2.358228e-02,2.549625e-01,9.815362e-02,2.145227e-02,1.908532e-02,1.439213e-02,8.183107e-02,1.102652e-01
2.277056e-01,2.040908e-02,1.431232e-02,3.128282e-02,1.056532e-02,8.916652e-03,1.018848e-03,1.856318e-02,3.722664e-01,8.075386e-02,1.657942e-02,1.371395e-02,1.160663e-02,5.998730e-02,1.123186e-01
2.348716e-01,2.295459e-02,1.354693e-02,4.778022e-02,8.794134e-03,9.796147e-03,1.020963e-03,1.707145e-02,4.053729e-01,5.988253e-02,1.655564e-02,1.139009e-02,1.122260e-02,4.836107e-02,9.137920e-02
2.011841e-01,2.320097e-02,1.214962e-02,4.916456e-02,7.961388e-03,1.014140e-02,1.042614e-03,1.778371e-02,4.925125e-01,4.329584e-02,1.397007e-02,8.424377e-03,1.049984e-02,3.957985e-02,6.908917e-02
1.922856e-01,2.094134e-02,3.028537e-02,5.528046e-02,1.309028e-02,9.611563e-03,2.148211e-03,9.583291e-02,4.284063e-01,3.143328e-02,1.567033e-02,6.602038e-03,9.161441e-03,3.736497e-02,5.188585e-02
1.700830e-01,2.041179e-02,4.233387e-02,4.864378e-02,1.676863e-02,8.567416e-03,2.392428e-03,2.442780e-01,3.257100e-01,2.233645e-02,1.301899e-02,5.069708e-03,1.155049e-02,2.803125e-02,4.080429e-02
1.409808e-01,1.690445e-02,5.142717e-02,4.118584e-02,2.487012e-02,8.311312e-03,4.843176e-03,3.856860e-01,2.349074e-01,1.580968e-02,9.771514e-03,3.669432e-03,1.113010e-02,2.068528e-02,2.981776e-02
1.409878e-01,1.534650e-02,5.269862e-02,3.726119e-02,2.582231e-02,1.102608e-02,5.097551e-03,4.733012e-01,1.686719e-01,1.138884e-02,7.438537e-03,2.793912e-03,1.009232e-02,1.597755e-02,2.209564e-02
1.091504e-01,1.303698e-02,4.428304e-02,3.041771e-02,2.453383e-02,9.433262e-03,4.872941e-03,5.917312e-01,1.205317e-01,8.091164e-03,5.485007e-03,2.046748e-03,7.776366e-03,1.244326e-02,1.616631e-02
1.033756e-01,1.489266e-02,3.481956e-02,2.836345e-02,2.750385e-02,9.243089e-03,4.430977e-03,6.480240e-01,8.777081e-02,5.873302e-03,4.822701e-03,1.959084e-03,6.989897e-03,9.324375e-03,1.260670e-02
9.126037e-02,1.600223e-02,2.619226e-02,2.540533e-02,2.583124e-02,9.524189e-03,3.678612e-03,6.997789e-01,6.700330e-02,4.326530e-03,4.427226e-03,1.967018e-03,6.219938e-03,7.063282e-03,1.131953e-02
7.820507e-02,1.531808e-02,2.207725e-02,2.476716e-02,2.213077e-02,9.735477e-03,3.065865e-03,7.435977e-01,4.974740e-02,3.213637e-03,4.025345e-03,2.231383e-03,6.411194e-03,5.326451e-03,1.014721e-02
6.443494e-02,1.213801e-02,1.771922e-02,1.977373e-02,1.970318e-02,7.855157e-03,2.337309e-03,7.964472e-01,3.554192e-02,2.331054e-03,3.256839e-03,1.939957e-03,4.777665e-03,4.346644e-03,7.397195e-03
5.312115e-02,9.608748e-03,1.363799e-02,1.440220e-02,1.795498e-02,6.073555e-03,1.778775e-03,8.404539e-01,2.533354e-02,1.666738e-03,2.435570e-03,1.504371e-03,3.572750e-03,3.181245e-03,5.274493e-03
5.718771e-02,7.395327e-03,1.032700e-02,1.103349e-02,1.492037e-02,5.299729e-03,1.364747e-03,8.601153e-01,1.853605e-02,1.206979e-03,2.028560e-03,1.457611e-03,2.791446e-03,2.445413e-03,3.890248e-03
5.229928e-02,5.650104e-03,7.446074e-03,8.038136e-03,1.110385e-02,5.398827e-03,1.157974e-03,8.849537e-01,1.353565e-02,8.638809e-04,1.586848e-03,1.244894e-03,2.166945e-03,1.731206e-03,2.822658e-03
5.533155e-02,4.532581e-03,5.404104e-03,6.171637e-03,8.681006e-03,5.997542e-03,9.189453e-04,8.942329e-01,1.008614e-02,6.275056e-04,1.343817e-03,1.300517e-03,1.968312e-03,1.242868e-03,2.160559e-03
7.142900e-02,4.525467e-03,4.023340e-03,1.253355e-02,6.581686e-03,6.338242e-03,6.898387e-04,8.602901e-01,1.347898e-02,8.749078e-04,3.486347e-03,7.437270e-03,4.124843e-03,1.068262e-03,3.118173e-03
1.003996e-01,4.860998e-03,3.121569e-03,3.088169e-02,5.264365e-03,7.131274e-03,5.556734e-04,7.875094e-01,2.527572e-02,1.561156e-03,7.362551e-03,1.198972e-02,8.129057e-03,1.024260e-03,4.932965e-03
9.418501e-02,7.073991e-03,5.545177e-03,1.097227e-01,5.833643e-03,7.425908e-03,5.627343e-04,6.446091e-01,5.492290e-02,6.025764e-03,1.724884e-02,1.878471e-02,1.639611e-02,1.062503e-03,1.060085e-02
7.483176e-02,9.056224e-03,1.504461e-02,2.692136e-01,5.560090e-03,6.689801e-03,4.943287e-04,4.829414e-01,5.617059e-02,7.591604e-03,2.142013e-02,2.106642e-02,1.552590e-02,8.792242e-04,1.351421e-02
6.383430e-02,1.645485e-02,2.097862e-02,3.280202e-01,4.720384e-03,5.946027e-03,5.111070e-04,3.506702e-01,9.973395e-02,2.319938e-02,2.135150e-02,1.920703e-02,1.553194e-02,7.577639e-04,2.908270e-02
1.332002e-01,1.830241e-02,1.912329e-02,2.712741e-01,4.117871e-03,9.788284e-03,6.445932e-04,2.567477e-01,1.803481e-01,1.845051e-02,2.238875e-02,2.510056e-02,1.543716e-02,9.639470e-04,2.411254e-02
2.092600e-01,1.970058e-02,1.467272e-02,2.193579e-01,4.166190e-03,8.301334e-03,7.904359e-04,1.859707e-01,2.376123e-01,1.608256e-02,2.128966e-02,2.174965e-02,1.452485e-02,9.806872e-04,2.554057e-02
3.545262e-01,1.775767e-02,1.133223e-02,1.655341e-01,5.366852e-03,9.514700e-03,9.805050e-04,1.337988e-01,2.090563e-01,1.212049e-02,1.832186e-02,2.462415e-02,1.247083e-02,1.136529e-03,2.345881e-02
4.499219e-01,2.062394e-02,8.748302e-03,1.311493e-01,6.358405e-03,9.541785e-03,1.164562e-03,9.504175e-02,1.870545e-01,9.491351e-03,1.532643e-02,2.740324e-02,1.140608e-02,1.365707e-03,2.540270e-02
4.851582e-01,2.851740e-02,6.659766e-03,1.130197e-01,2.159024e-02,1.080156e-02,2.377949e-03,6.958913e-02,1.741031e-01,7.409395e-03,1.363701e-02,2.789392e-02,1.156986e-02,1.545459e-03,2.612713e-02
1.000000e+00,0.000000e+00,0.000000e+00,0.000000e+00,0.000000e+00,0.000000e+00,0.000000e+00,0.000000e+00,0.000000e+00,0.000000e+00,0.000000e+00,0.000000e+00,0.000000e+00,0.000000e+00,0.000000e+00
1.000000e+00,0.000000e+00,0.000000e+00,0.000000e+00,0.000000e+00,0.000000e+00,0.000000e+00,0.000000e+00,0.000000e+00,0.000000e+00,0.000000e+00,0.000000e+00,0.000000e+00,0.000000e+00,0.000000e+00
4.320627e-01,4.325110e-02,1.869930e-02,1.820789e-01,2.131236e-02,1.024006e-02,2.772946e-03,3.321823e-02,9.621593e-02,8.946219e-03,1.054959e-02,2.464925e-02,1.065403e-02,1.460946e-03,1.038885e-01
3.768661e-01,3.909120e-02,5.198128e-02,2.179750e-01,1.901718e-02,9.981637e-03,2.315946e-03,2.810398e-02,1.032416e-01,1.184188e-02,1.126947e-02,2.059338e-02,1.001910e-02,1.652407e-03,9.604988e-02
3.146049e-01,3.812020e-02,1.092439e-01,2.552367e-01,1.679042e-02,9.002712e-03,1.880392e-03,2.561831e-02,8.311075e-02,1.393938e-02,1.198662e-02,1.730171e-02,8.895067e-03,1.839014e-03,9.242982e-02
2.476499e-01,3.382768e-02,2.045756e-01,2.778409e-01,1.279485e-02,7.277797e-03,1.448358e-03,1.901359e-02,6.586567e-02,1.409274e-02,1.113764e-02,1.383877e-02,7.787502e-03,1.853453e-03,8.099564e-02
2.328686e-01,3.202059e-02,2.320333e-01,2.303030e-01,1.091860e-02,6.288488e-03,1.178138e-03,1.497220e-02,6.312533e-02,1.602406e-02,1.686643e-02,1.138525e-02,7.138751e-03,5.961100e-03,1.189161e-01
2.033645e-01,2.593483e-02,3.270427e-01,2.138227e-01,8.685428e-03,5.328848e-03,8.880381e-04,1.158300e-02,5.034114e-02,1.575851e-02,1.827086e-02,9.211135e-03,6.503997e-03,6.336343e-03,9.692787e-02
3.238727e-01,2.302392e-02,2.698907e-01,1.844340e-01,8.314550e-03,6.007828e-03,9.531158e-04,1.091819e-02,4.443441e-02,1.283918e-02,1.877983e-02,8.082437e-03,6.402759e-03,5.737138e-03,7.630917e-02
3.047124e-01,2.015197e-02,2.760266e-01,2.210644e-01,6.518730e-03,6.158973e-03,7.276944e-04,8.413740e-03,4.331728e-02,1.193592e-02,1.550340e-02,6.422778e-03,5.254993e-03,4.894352e-03,6.889681e-02
2.413050e-01,1.772306e-02,3.225217e-01,2.686753e-01,5.084538e-03,5.363957e-03,5.647553e-04,6.276479e-03,4.160091e-02,9.993418e-03,1.166214e-02,4.832000e-03,4.015519e-03,3.584480e-03,5.679683e-02
1.809092e-01,1.435930e-02,4.088319e-01,2.342091e-01,3.692192e-03,4.173503e-03,4.299219e-04,5.091856e-03,5.245339e-02,1.832606e-02,1.100277e-02,3.631016e-03,3.780740e-03,2.712794e-03,5.639622e-02
1.299857e-01,1.122540e-02,5.314563e-01,1.815040e-01,2.643350e-03,3.121467e-03,3.123800e-04,4.185145e-03,4.383188e-02,2.355726e-02,9.640062e-03,2.986863e-03,3.454627e-03,2.052716e-03,5.004286e-02
1.393038e-01,2.271821e-02,5.327908e-01,1.411146e-01,2.467090e-03,3.874724e-03,3.469943e-04,4.380329e-03,5.162085e-02,2.198979e-02,1.153098e-02,2.908407e-03,3.685387e-03,5.777233e-03,5.549095e-02
1.592733e-01,2.259011e-02,5.408768e-01,1.040668e-01,2.108185e-03,3.125663e-03,3.134978e-04,4.324279e-03,5.289981e-02,2.207026e-02,1.088706e-02,2.443033e-03,2.994250e-03,5.961027e-03,6.606589e-02
2.521112e-01,5.455850e-02,4.481410e-01,8.137158e-02,2.428279e-03,3.875687e-03,3.558468e-04,3.680757e-03,4.523077e-02,1.890078e-02,8.614293e-03,2.196568e-03,2.645309e-03,5.972473e-03,6.991699e-02
2.004052e-01,9.222896e-02,3.699358e-01,8.943009e-02,2.022998e-03,3.550869e-03,3.372476e-04,2.864755e-03,7.583924e-02,2.905827e-02,6.694383e-03,2.114215e-03,2.559653e-03,4.732819e-03,1.182255e-01
2.710456e-01,7.571562e-02,2.868518e-01,9.838052e-02,1.714522e-03,4.994589e-03,3.978273e-04,2.538199e-03,6.445199e-02,2.947148e-02,9.988256e-03,4.248384e-03,5.999827e-03,6.530812e-03,1.376706e-01
3.217701e-01,6.543726e-02,2.359481e-01,9.279347e-02,2.585602e-03,6.347748e-03,6.961743e-04,3.087675e-03,6.885395e-02,2.780242e-02,1.831517e-02,6.890601e-03,9.567790e-03,1.349267e-02,1.264113e-01
2.958685e-01,5.062527e-02,2.342387e-01,7.352816e-02,2.245705e-03,6.597317e-03,6.946963e-04,2.732333e-03,7.172777e-02,3.621630e-02,1.914656e-02,7.988269e-03,1.192807e-02,2.339727e-02,1.630651e-01
3.633643e-01,4.224429e-02,1.966176e-01,5.705171e-02,4.191224e-03,6.433951e-03,8.546986e-04,4.511006e-03,6.632043e-02,3.983828e-02,3.187761e-02,1.075083e-02,1.518094e-02,2.516259e-02,1.356006e-01
3.392555e-01,3.817985e-02,1.826316e-01,4.563392e-02,1.231998e-02,8.094779e-03,1.007532e-03,6.809542e-03,6.398865e-02,5.324377e-02,4.027720e-02,9.143781e-03,1.307736e-02,2.115749e-02,1.651791e-01
2.913688e-01,3.885695e-02,1.452488e-01,6.332171e-02,1.138339e-02,6.649329e-03,9.542578e-04,5.156516e-03,9.992799e-02,6.312188e-02,2.935798e-02,6.825216e-03,9.550430e-03,1.544369e-02,2.128331e-01
2.598710e-01,4.126158e-02,1.825609e-01,1.061195e-01,1.083014e-02,5.931741e-03,1.015545e-03,3.856889e-03,8.518426e-02,6.128783e-02,2.108428e-02,5.934311e-03,7.165594e-03,1.133697e-02,1.965596e-01
2.086737e-01,3.403033e-02,2.150143e-01,9.509856e-02,8.833125e-03,4.999521e-03,8.257662e-04,2.907289e-03,7.734868e-02,1.109916e-01,1.591343e-02,4.607073e-03,5.597484e-03,1.086452e-02,2.042947e-01
2.228608e-01,3.439127e-02,2.621345e-01,8.888717e-02,1.078892e-02,5.588674e-03,1.529806e-03,3.618243e-03,6.894925e-02,9.521308e-02,1.582242e-02,4.874393e-03,6.651200e-03,1.022054e-02,1.684697e-01
2.614379e-01,3.246507e-02,2.508103e-01,7.450472e-02,1.244640e-02,5.681766e-03,1.497376e-03,3.659311e-03,7.037745e-02,8.625568e-02,2.228608e-02,6.243764e-03,7.866937e-03,1.146235e-02,1.530049e-01
4.197719e-01,3.193024e-02,1.897095e-01,6.059044e-02,1.207774e-02,6.485037e-03,1.472548e-03,5.747824e-03,5.180916e-02,6.183863e-02,1.821201e-02,6.568942e-03,6.480525e-03,9.459929e-03,1.178456e-01
4.335657e-01,3.212505e-02,1.942405e-01,1.033276e-01,1.065295e-02,8.703671e-03,1.489084e-03,7.063065e-03,4.045548e-02,4.573286e-02,1.385194e-02,6.370474e-03,5.198236e-03,7.544670e-03,8.967859e-02
4.448809e-01,3.399052e-02,2.054400e-01,1.056030e-01,1.035045e-02,9.495042e-03,1.417190e-03,7.140150e-03,3.713079e-02,4.044956e-02,1.098954e-02,5.797577e-03,4.035372e-03,8.137413e-03,7.514245e-02
4.419288e-01,3.862601e-02,1.847950e-01,8.369877e-02,9.630332e-03,1.005553e-02,1.360346e-03,8.548238e-03,5.444998e-02,4.174950e-02,1.032069e-02,5.251392e-03,3.709525e-03,1.322454e-02,9.265141e-02
1.000000e+00,0.000000e+00,0.000000e+00,0.000000e+00,0.000000e+00,0.000000e+00,0.000000e+00,0.000000e+00,0.000000e+00,0.000000e+00,0.000000e+00,0.000000e+00,0.000000e+00,0.000000e+00,0.000000e+00
1.000000e+00,0.000000e+00,0.000000e+00,0.000000e+00,0.000000e+00,0.000000e+00,0.000000e+00,0.000000e+00,0.000000e+00,0.000000e+00,0.000000e+00,0.000000e+00,0.000000e+00,0.000000e+00,0.000000e+00
1.000000e+00,0.000000e+00,0.000000e+00,0.000000e+00,0.000000e+00,0.000000e+00,0.000000e+00,0.000000e+00,0.000000e+00,0.000000e+00,0.000000e+00,0.000000e+00,0.000000e+00,0.000000e+00,0.000000e+00
4.997721e-01,3.571696e-02,6.472823e-02,1.542592e-01,2.965891e-02,1.624702e-02,2.214546e-03,3.305451e-02,4.014683e-02,3.121370e-02,2.232407e-02,1.662217e-02,7.992052e-03,1.309651e-02,3.295321e-02
4.819971e-01,2.876328e-02,6.279115e-02,1.655505e-01,2.979242e-02,1.762909e-02,2.568365e-03,3.336725e-02,3.045808e-02,2.262844e-02,3.064452e-02,5.151431e-02,7.763420e-03,1.032774e-02,2.420432e-02
1.000000e+00,0.000000e+00,0.000000e+00,0.000000e+00,0.000000e+00,0.000000e+00,0.000000e+00,0.000000e+00,0.000000e+00,0.000000e+00,0.000000e+00,0.000000e+00,0.000000e+00,0.000000e+00,0.000000e+00
1.000000e+00,0.000000e+00,0.000000e+00,0.000000e+00,0.000000e+00,0.000000e+00,0.000000e+00,0.000000e+00,0.000000e+00,0.000000e+00,0.000000e+00,0.000000e+00,0.000000e+00,0.000000e+00,0.000000e+00
1.000000e+00,0.000000e+00,0.000000e+00,0.000000e+00,0.000000e+00,0.000000e+00,0.000000e+00,0.000000e+00,0.000000e+00,0.000000e+00,0.000000e+00,0.000000e+00,0.000000e+00,0.000000e+00,0.000000e+00
1.000000e+00,0.000000e+00,0.000000e+00,0.000000e+00,0.000000e+00,0.000000e+00,0.000000e+00,0.000000e+00,0.000000e+00,0.000000e+00,0.000000e+00,0.000000e+00,0.000000e+00,0.000000e+00,0.000000e+00
1.000000e+00,0.000000e+00,0.000000e+00,0.000000e+00,0.000000e+00,0.000000e+00,0.000000e+00,0.000000e+00,0.000000e+00,0.000000e+00,0.000000e+00,0.000000e+00,0.000000e+00,0.000000e+00,0.000000e+00
1.000000e+00,0.000000e+00,0.000000e+00,0.000000e+00,0.000000e+00,0.000000e+00,0.000000e+00,0.000000e+00,0.000000e+00,0.000000e+00,0.000000e+00,0.000000e+00,0.000000e+00,0.000000e+00,0.000000e+00
1.000000e+00,0.000000e+00,0.000000e+00,0.000000e+00,0.000000e+00,0.000000e+00,0.000000e+00,0.000000e+00,0.000000e+00,0.000000e+00,0.000000e+00,0.000000e+00,0.000000e+00,0.000000e+00,0.000000e+00
4.612393e-01,1.198154e-02,1.373754e-02,3.707747e-02,5.617148e-03,1.793876e-02,1.326825e-03,9.681188e-03,1.702409e-02,8.047621e-03,2.463638e-01,1.330751e-01,6.934990e-03,2.020755e-02,9.747111e-03
3.965873e-01,1.180765e-02,1.063450e-02,3.145541e-02,5.310557e-03,1.552062e-02,1.165010e-03,8.534077e-03,1.431766e-02,6.847738e-03,3.377773e-01,1.283315e-01,5.791773e-03,1.808798e-02,7.831006e-03
3.294587e-01,1.179419e-02,8.099593e-03,2.444014e-02,4.952141e-03,1.315523e-02,1.162022e-03,6.747681e-03,1.220953e-02,5.961425e-03,4.432940e-01,1.099235e-01,4.779346e-03,1.734609e-02,6.676435e-03
3.319551e-01,1.207097e-02,7.140989e-03,2.071587e-02,4.712502e-03,1.313558e-02,1.221382e-03,6.484874e-03,1.057494e-02,4.990908e-03,4.591739e-01,9.836611e-02,4.715548e-03,1.887742e-02,5.863951e-03
2.832279e-01,1.181006e-02,6.343009e-03,1.815927e-02,4.871118e-03,1.127170e-02,1.266620e-03,8.563532e-03,1.025811e-02,3.992350e-03,5.187212e-01,9.420796e-02,3.809665e-03,1.879038e-02,4.707128e-03
2.114186e-01,9.058053e-03,4.736896e-03,1.366139e-02,6.019372e-03,8.782256e-03,1.163750e-03,7.279355e-03,1.003104e-02,3.041719e-03,6.198426e-01,8.200847e-02,2.928900e-03,1.653188e-02,3.495659e-03
1.597523e-01,7.685512e-03,3.803585e-03,1.036834e-02,1.014051e-02,6.839627e-03,9.976220e-04,7.296063e-03,1.040679e-02,2.381447e-03,6.884742e-01,7.048891e-02,2.481685e-03,1.622350e-02,2.659948e-03
1.559003e-01,6.790298e-03,3.427618e-03,9.677457e-03,1.889865e-02,6.702837e-03,9.110185e-04,1.195324e-02,1.384064e-02,2.152400e-03,6.749540e-01,7.614732e-02,2.460827e-03,1.406976e-02,2.113665e-03
1.248417e-01,5.495530e-03,3.265169e-03,7.185244e-03,3.059454e-02,5.548220e-03,7.982996e-04,1.208615e-02,1.394646e-02,2.184325e-03,6.976983e-01,8.045192e-02,2.399113e-03,1.187081e-02,1.634243e-03
8.943219e-02,4.206396e-03,2.891224e-03,5.119119e-03,3.317780e-02,4.211100e-03,8.503115e-04,9.675272e-03,1.108768e-02,1.600798e-03,7.609169e-01,6.504350e-02,1.994060e-03,8.577147e-03,1.216489e-03
6.539713e-02,3.543253e-03,4.437844e-03,3.664506e-03,7.066733e-02,3.362466e-03,1.398864e-03,9.728448e-03,1.300528e-02,1.361681e-03,7.581580e-01,5.590228e-02,2.047362e-03,6.388063e-03,9.375031e-04
5.019942e-02,4.130097e-03,1.001126e-02,2.740300e-03,1.170577e-01,2.981308e-03,2.701282e-03,1.793467e-02,3.005380e-02,1.222308e-03,6.891086e-01,6.395044e-02,2.335949e-03,4.743142e-03,8.297749e-04
3.824636e-02,3.514011e-03,1.554714e-02,2.237296e-03,2.420097e-01,2.743455e-03,5.151324e-03,4.884422e-02,7.404163e-02,1.197045e-03,5.090743e-01,5.097928e-02,2.258193e-03,3.535487e-03,6.205057e-04
3.130425e-02,3.403686e-03,3.278852e-02,4.089494e-03,2.720478e-01,2.605076e-03,4.779877e-03,9.984635e-02,9.238775e-02,2.380710e-03,4.064924e-01,4.177018e-02,2.498605e-03,3.113393e-03,4.920062e-04
2.620473e-02,1.247041e-02,6.517421e-02,4.724579e-03,2.759211e-01,2.601172e-03,3.619223e-03,1.561589e-01,1.006357e-01,3.393270e-03,3.122305e-01,3.150170e-02,2.275512e-03,2.580194e-03,5.088199e-04
2.301413e-02,1.043743e-02,5.615081e-02,4.641674e-03,3.524616e-01,2.918992e-03,3.194883e-03,1.900583e-01,9.584202e-02,2.939613e-03,2.315069e-01,2.269111e-02,1.761812e-03,1.940464e-03,4.402353e-04
2.199132e-02,8.220950e-03,5.050545e-02,5.827172e-03,3.883951e-01,3.724094e-03,3.085267e-03,2.284106e-01,8.278964e-02,2.317978e-03,1.813085e-01,1.956230e-02,1.865985e-03,1.466491e-03,5.291180e-04
2.018360e-02,6.718383e-03,3.747584e-02,6.876050e-03,3.966663e-01,3.352996e-03,3.291051e-03,2.632017e-01,1.073276e-01,2.210446e-03,1.329929e-01,1.590141e-02,1.866854e-03,1.510776e-03,4.241208e-04
1.902114e-02,5.308698e-03,2.881855e-02,7.762454e-03,4.815176e-01,3.417839e-03,3.318291e-03,2.094878e-01,1.265903e-01,2.781457e-03,9.626995e-02,1.234630e-02,1.622820e-03,1.420448e-03,3.164399e-04
2.148453e-02,4.998735e-03,2.238883e-02,6.491413e-03,5.478947e-01,3.317483e-03,2.640121e-03,1.864551e-01,1.117780e-01,4.460593e-03,7.140867e-02,1.291701e-02,1.522900e-03,1.997944e-03,2.438774e-04
2.931536e-02,4.400106e-03,1.885218e-02,6.136513e-03,5.959298e-01,3.396595e-03,2.432075e-03,1.726884e-01,8.685359e-02,4.236555e-03,6.039046e-02,1.197242e-02,1.519523e-03,1.654161e-03,2.222659e-04
3.882145e-02,3.886461e-03,1.557512e-02,6.471629e-03,6.428646e-01,3.141029e-03,1.845358e-03,1.364866e-01,6.587535e-02,3.191214e-03,5.839618e-02,1.903024e-02,2.889612e-03,1.312218e-03,2.128714e-04
7.046475e-02,3.502864e-03,1.453786e-02,5.824140e-03,6.686192e-01,4.492023e-03,1.553544e-03,1.006296e-01,5.297307e-02,3.613802e-03,5.036037e-02,1.884426e-02,2.767331e-03,1.387542e-03,4.296933e-04
1.035395e-01,3.869328e-03,1.728963e-02,1.160378e-02,6.591550e-01,9.638408e-03,1.938738e-03,8.245699e-02,3.933090e-02,9.162629e-03,3.987404e-02,1.730193e-02,2.651672e-03,1.360267e-03,8.271810e-04
