1.000000e+00,0.000000e+00,0.000000e+00,0.000000e+00,0.000000e+00,0.000000e+00,0.000000e+00,0.000000e+00,0.000000e+00,0.000000e+00,0.000000e+00,0.000000e+00,0.000000e+00,0.000000e+00,0.000000e+00
1.000000e+00,0.000000e+00,0.000000e+00,0.000000e+00,0.000000e+00,0.000000e+00,0.000000e+00,0.000000e+00,0.000000e+00,0.000000e+00,0.000000e+00,0.000000e+00,0.000000e+00,0.000000e+00,0.000000e+00
1.000000e+00,0.000000e+00,0.000000e+00,0.000000e+00,0.000000e+00,0.000000e+00,0.000000e+00,0.000000e+00,0.000000e+00,0.000000e+00,0.000000e+00,0.000000e+00,0.000000e+00,0.000000e+00,0.000000e+00
1.000000e+00,0.000000e+00,0.000000e+00,0.000000e+00,0.000000e+00,0.000000e+00,0.000000e+00,0.000000e+00,0.000000e+00,0.000000e+00,0.000000e+00,0.000000e+00,0.000000e+00,0.000000e+00,0.000000e+00
1.000000e+00,0.000000e+00,0.000000e+00,0.000000e+00,0.000000e+00,0.000000e+00,0.000000e+00,0.000000e+00,0.000000e+00,0.000000e+00,0.000000e+00,0.000000e+00,0.000000e+00,0.000000e+00,0.000000e+00
1.000000e+00,0.000000e+00,0.000000e+00,0.000000e+00,0.000000e+00,0.000000e+00,0.000000e+00,0.000000e+00,0.000000e+00,0.000000e+00,0.000000e+00,0.000000e+00,0.000000e+00,0.000000e+00,0.000000e+00
1.000000e+00,0.000000e+00,0.000000e+00,0.000000e+00,0.000000e+00,0.000000e+00,0.000000e+00,0.000000e+00,0.000000e+00,0.000000e+00,0.000000e+00,0.000000e+00,0.000000e+00,0.000000e+00,0.000000e+00
1.000000e+00,0.000000e+00,0.000000e+00,0.000000e+00,0.000000e+00,0.000000e+00,0.000000e+00,0.000000e+00,0.000000e+00,0.000000e+00,0.000000e+00,0.000000e+00,0.000000e+00,0.000000e+00,0.000000e+00
1.000000e+00,0.000000e+00,0.000000e+00,0.000000e+00,0.000000e+00,0.000000e+00,0.000000e+00,0.000000e+00,0.000000e+00,0.000000e+00,0.000000e+00,0.000000e+00,0.000000e+00,0.000000e+00,0.000000e+00
1.000000e+00,0.000000e+00,0.000000e+00,0.000000e+00,0.000000e+00,0.000000e+00,0.000000e+00,0.000000e+00,0.000000e+00,0.000000e+00,0.000000e+00,0.000000e+00,0.000000e+00,0.000000e+00,0.000000e+00
1.000000e+00,0.000000e+00,0.000000e+00,0.000000e+00,0.000000e+00,0.000000e+00,0.000000e+00,0.000000e+00,0.000000e+00,0.000000e+00,0.000000e+00,0.000000e+00,0.000000e+00,0.000000e+00,0.000000e+00
1.000000e+00,0.000000e+00,0.000000e+00,0.000000e+00,0.000000e+00,0.000000e+00,0.000000e+00,0.000000e+00,0.000000e+00,0.000000e+00,0.000000e+00,0.000000e+00,0.000000e+00,0.000000e+00,0.000000e+00
1.000000e+00,0.000000e+00,0.000000e+00,0.000000e+00,0.000000e+00,0.000000e+00,0.000000e+00,0.000000e+00,0.000000e+00,0.000000e+00,0.000000e+00,0.000000e+00,0.000000e+00,0.000000e+00,0.000000e+00
1.000000e+00,0.000000e+00,0.000000e+00,0.000000e+00,0.000000e+00,0.000000e+00,0.000000e+00,0.000000e+00,0.000000e+00,0.000000e+00,0.000000e+00,0.000000e+00,0.000000e+00,0.000000e+00,0.000000e+00
1.000000e+00,0.000000e+00,0.000000e+00,0.000000e+00,0.000000e+00,0.000000e+00,0.000000e+00,0.000000e+00,0.000000e+00,0.000000e+00,0.000000e+00,0.000000e+00,0.000000e+00,0.000000e+00,0.000000e+00
1.000000e+00,0.000000e+00,0.000000e+00,0.000000e+00,0.000000e+00,0.000000e+00,0.000000e+00,0.000000e+00,0.000000e+00,0.000000e+00,0.000000e+00,0.000000e+00,0.000000e+00,0.000000e+00,0.000000e+00
1.000000e+00,0.000000e+00,0.000000e+00,0.000000e+00,0.000000e+00,0.000000e+00,0.000000e+00,0.000000e+00,0.000000e+00,0.000000e+00,0.000000e+00,0.000000e+00,0.000000e+00,0.000000e+00,0.000000e+00
1.000000e+00,0.000000e+00,0.000000e+00,0.000000e+00,0.000000e+00,0.000000e+00,0.000000e+00,0.000000e+00,0.000000e+00,0.000000e+00,0.000000e+00,0.000000e+00,0.000000e+00,0.000000e+00,0.000000e+00
1.000000e+00,0.000000e+00,0.000000e+00,0.000000e+00,0.000000e+00,0.000000e+00,0.000000e+00,0.000000e+00,0.000000e+00,0.000000e+00,0.000000e+00,0.000000e+00,0.000000e+00,0.000000e+00,0.000000e+00
1.000000e+00,0.000000e+00,0.000000e+00,0.000000e+00,0.000000e+00,0.000000e+00,0.000000e+00,0.000000e+00,0.000000e+00,0.000000e+00,0.000000e+00,0.000000e+00,0.000000e+00,0.000000e+00,0.000000e+00
1.000000e+00,0.000000e+00,0.000000e+00,0.000000e+00,0.000000e+00,0.000000e+00,0.000000e+00,0.000000e+00,0.000000e+00,0.000000e+00,0.000000e+00,0.000000e+00,0.000000e+00,0.000000e+00,0.000000e+00
1.000000e+00,0.000000e+00,0.000000e+00,0.000000e+00,0.000000e+00,0.000000e+00,0.000000e+00,0.000000e+00,0.000000e+00,0.000000e+00,0.000000e+00,0.000000e+00,0.000000e+00,0.000000e+00,0.000000e+00
1.000000e+00,0.000000e+00,0.000000e+00,0.000000e+00,0.000000e+00,0.000000e+00,0.000000e+00,0.000000e+00,0.000000e+00,0.000000e+00,0.000000e+00,0.000000e+00,0.000000e+00,0.000000e+00,0.000000e+00
1.000000e+00,0.000000e+00,0.000000e+00,0.000000e+00,0.000000e+00,0.000000e+00,0.000000e+00,0.000000e+00,0.000000e+00,0.000000e+00,0.000000e+00,0.000000e+00,0.000000e+00,0.000000e+00,0.000000e+00
1.000000e+00,0.000000e+00,0.000000e+00,0.000000e+00,0.000000e+00,0.000000e+00,0.000000e+00,0.000000e+00,0.000000e+00,0.000000e+00,0.000000e+00,0.000000e+00,0.000000e+00,0.000000e+00,0.000000e+00
1.000000e+00,0.000000e+00,0.000000e+00,0.000000e+00,0.000000e+00,0.000000e+00,0.000000e+00,0.000000e+00,0.000000e+00,0.000000e+00,0.000000e+00,0.000000e+00,0.000000e+00,0.000000e+00,0.000000e+00
1.000000e+00,0.000000e+00,0.000000e+00,0.000000e+00,0.000000e+00,0.000000e+00,0.000000e+00,0.000000e+00,0.000000e+00,0.000000e+00,0.000000e+00,0.000000e+00,0.000000e+00,0.000000e+00,0.000000e+00
1.000000e+00,0.000000e+00,0.000000e+00,0.000000e+00,0.000000e+00,0.000000e+00,0.000000e+00,0.000000e+00,0.000000e+00,0.000000e+00,0.000000e+00,0.000000e+00,0.000000e+00,0.000000e+00,0.000000e+00
1.000000e+00,0.000000e+00,0.000000e+00,0.000000e+00,0.000000e+00,0.000000e+00,0.000000e+00,0.000000e+00,0.000000e+00,0.000000e+00,0.000000e+00,0.000000e+00,0.000000e+00,0.000000e+00,0.000000e+00
1.000000e+00,0.000000e+00,0.000000e+00,0.000000e+00,0.000000e+00,0.000000e+00,0.000000e+00,0.000000e+00,0.000000e+00,0.000000e+00,0.000000e+00,0.000000e+00,0.000000e+00,0.000000e+00,0.000000e+00
1.000000e+00,0.000000e+00,0.000000e+00,0.000000e+00,0.000000e+00,0.000000e+00,0.000000e+00,0.000000e+00,0.000000e+00,0.000000e+00,0.000000e+00,0.000000e+00,0.000000e+00,0.000000e+00,0.000000e+00
1.000000e+00,0.000000e+00,0.000000e+00,0.000000e+00,0.000000e+00,0.000000e+00,0.000000e+00,0.000000e+00,0.000000e+00,0.000000e+00,0.000000e+00,0.000000e+00,0.000000e+00,0.000000e+00,0.000000e+00
1.000000e+00,0.000000e+00,0.000000e+00,0.000000e+00,0.000000e+00,0.000000e+00,0.000000e+00,0.000000e+00,0.000000e+00,0.000000e+00,0.000000e+00,0.000000e+00,0.000000e+00,0.000000e+00,0.000000e+00
1.000000e+00,0.000000e+00,0.000000e+00,0.000000e+00,0.000000e+00,0.000000e+00,0.000000e+00,0.000000e+00,0.000000e+00,0.000000e+00,0.000000e+00,0.000000e+00,0.000000e+00,0.000000e+00,0.000000e+00
1.000000e+00,0.000000e+00,0.000000e+00,0.000000e+00,0.000000e+00,0.000000e+00,0.000000e+00,0.000000e+00,0.000000e+00,0.000000e+00,0.000000e+00,0.000000e+00,0.000000e+00,0.000000e+00,0.000000e+00
1.000000e+00,0.000000e+00,0.000000e+00,0.000000e+00,0.000000e+00,0.000000e+00,0.000000e+00,0.000000e+00,0.000000e+00,0.000000e+00,0.000000e+00,0.000000e+00,0.000000e+00,0.000000e+00,0.000000e+00
1.000000e+00,0.000000e+00,0.000000e+00,0.000000e+00,0.000000e+00,0.000000e+00,0.000000e+00,0.000000e+00,0.000000e+00,0.000000e+00,0.000000e+00,0.000000e+00,0.000000e+00,0.000000e+00,0.000000e+00
1.000000e+00,0.000000e+00,0.000000e+00,0.000000e+00,0.000000e+00,0.000000e+00,0.000000e+00,0.000000e+00,0.000000e+00,0.000000e+00,0.000000e+00,0.000000e+00,0.000000e+00,0.000000e+00,0.000000e+00
1.000000e+00,0.000000e+00,0.000000e+00,0.000000e+00,0.000000e+00,0.000000e+00,0.000000e+00,0.000000e+00,0.000000e+00,0.000000e+00,0.000000e+00,0.000000e+00,0.000000e+00,0.000000e+00,0.000000e+00
1.000000e+00,0.000000e+00,0.000000e+00,0.000000e+00,0.000000e+00,0.000000e+00,0.000000e+00,0.000000e+00,0.000000e+00,0.000000e+00,0.000000e+00,0.000000e+00,0.000000e+00,0.000000e+00,0.000000e+00
1.000000e+00,0.000000e+00,0.000000e+00,0.000000e+00,0.000000e+00,0.000000e+00,0.000000e+00,0.000000e+00,0.000000e+00,0.000000e+00,0.000000e+00,0.000000e+00,0.000000e+00,0.000000e+00,0.000000e+00
1.000000e+00,0.000000e+00,0.000000e+00,0.000000e+00,0.000000e+00,0.000000e+00,0.000000e+00,0.000000e+00,0.000000e+00,0.000000e+00,0.000000e+00,0.000000e+00,0.000000e+00,0.000000e+00,0.000000e+00
1.000000e+00,0.000000e+00,0.000000e+00,0.000000e+00,0.000000e+00,0.000000e+00,0.000000e+00,0.000000e+00,0.000000e+00,0.000000e+00,0.000000e+00,0.000000e+00,0.000000e+00,0.000000e+00,0.000000e+00
1.000000e+00,0.000000e+00,0.000000e+00,0.000000e+00,0.000000e+00,0.000000e+00,0.000000e+00,0.000000e+00,0.000000e+00,0.000000e+00,0.000000e+00,0.000000e+00,0.000000e+00,0.000000e+00,0.000000e+00
1.000000e+00,0.000000e+00,0.000000e+00,0.000000e+00,0.000000e+00,0.000000e+00,0.000000e+00,0.000000e+00,0.000000e+00,0.000000e+00,0.000000e+00,0.000000e+00,0.000000e+00,0.000000e+00,0.000000e+00
1.000000e+00,0.000000e+00,0.000000e+00,0.000000e+00,0.000000e+00,0.000000e+00,0.000000e+00,0.000000e+00,0.000000e+00,0.000000e+00,0.000000e+00,0.000000e+00,0.000000e+00,0.000000e+00,0.000000e+00
1.000000e+00,0.000000e+00,0.000000e+00,0.000000e+00,0.000000e+00,0.000000e+00,0.000000e+00,0.000000e+00,0.000000e+00,0.000000e+00,0.000000e+00,0.000000e+00,0.000000e+00,0.000000e+00,0.000000e+00
1.000000e+00,0.000000e+00,0.000000e+00,0.000000e+00,0.000000e+00,0.000000e+00,0.000000e+00,0.000000e+00,0.000000e+00,0.000000e+00,0.000000e+00,0.000000e+00,0.000000e+00,0.000000e+00,0.000000e+00
1.000000e+00,0.000000e+00,0.000000e+00,0.000000e+00,0.000000e+00,0.000000e+00,0.000000e+00,0.000000e+00,0.000000e+00,0.000000e+00,0.000000e+00,0.000000e+00,0.000000e+00,0.000000e+00,0.000000e+00
1.000000e+00,0.000000e+00,0.000000e+00,0.000000e+00,0.000000e+00,0.000000e+00,0.000000e+00,0.000000e+00,0.000000e+00,0.000000e+00,0.000000e+00,0.000000e+00,0.000000e+00,0.000000e+00,0.000000e+00
1.000000e+00,0.000000e+00,0.000000e+00,0.000000e+00,0.000000e+00,0.000000e+00,0.000000e+00,0.000000e+00,0.000000e+00,0.000000e+00,0.000000e+00,0.000000e+00,0.000000e+00,0.000000e+00,0.000000e+00
1.000000e+00,0.000000e+00,0.000000e+00,0.000000e+00,0.000000e+00,0.000000e+00,0.000000e+00,0.000000e+00,0.000000e+00,0.000000e+00,0.000000e+00,0.000000e+00,0.000000e+00,0.000000e+00,0.000000e+00
1.000000e+00,0.000000e+00,0.000000e+00,0.000000e+00,0.000000e+00,0.000000e+00,0.000000e+00,0.000000e+00,0.000000e+00,0.000000e+00,0.000000e+00,0.000000e+00,0.000000e+00,0.000000e+00,0.000000e+00
1.000000e+00,0.000000e+00,0.000000e+00,0.000000e+00,0.000000e+00,0.000000e+00,0.000000e+00,0.000000e+00,0.000000e+00,0.000000e+00,0.000000e+00,0.000000e+00,0.000000e+00,0.000000e+00,0.000000e+00
1.000000e+00,0.000000e+00,0.000000e+00,0.000000e+00,0.000000e+00,0.000000e+00,0.000000e+00,0.000000e+00,0.000000e+00,0.000000e+00,0.000000e+00,0.000000e+00,0.000000e+00,0.000000e+00,0.000000e+00
1.000000e+00,0.000000e+00,0.000000e+00,0.000000e+00,0.000000e+00,0.000000e+00,0.000000e+00,0.000000e+00,0.000000e+00,0.000000e+00,0.000000e+00,0.000000e+00,0.000000e+00,0.000000e+00,0.000000e+00
1.000000e+00,0.000000e+00,0.000000e+00,0.000000e+00,0.000000e+00,0.000000e+00,0.000000e+00,0.000000e+00,0.000000e+00,0.000000e+00,0.000000e+00,0.000000e+00,0.000000e+00,0.000000e+00,0.000000e+00
1.000000e+00,0.000000e+00,0.000000e+00,0.000000e+00,0.000000e+00,0.000000e+00,0.000000e+00,0.000000e+00,0.000000e+00,0.000000e+00,0.000000e+00,0.000000e+00,0.000000e+00,0.000000e+00,0.000000e+00
1.000000e+00,0.000000e+00,0.000000e+00,0.000000e+00,0.000000e+00,0.000000e+00,0.000000e+00,0.000000e+00,0.000000e+00,0.000000e+00,0.000000e+00,0.000000e+00,0.000000e+00,0.000000e+00,0.000000e+00
1.000000e+00,0.000000e+00,0.000000e+00,0.000000e+00,0.000000e+00,0.000000e+00,0.000000e+00,0.000000e+00,0.000000e+00,0.000000e+00,0.000000e+00,0.000000e+00,0.000000e+00,0.000000e+00,0.000000e+00
1.000000e+00,0.000000e+00,0.000000e+00,0.000000e+00,0.000000e+00,0.000000e+00,0.000000e+00,0.000000e+00,0.000000e+00,0.000000e+00,0.000000e+00,0.000000e+00,0.000000e+00,0.000000e+00,0.000000e+00
3.704022e-01,1.380769e-02,1.637744e-02,3.586164e-02,2.056132e-02,1.922086e-02,4.473291e-01,2.588149e-02,3.038320e-03,1.405860e-03,6.006808e-03,1.728803e-02,1.397424e-02,1.451279e-03,7.393643e-03
3.289881e-01,1.604999e-02,1.519079e-02,3.233579e-02,2.768533e-02,5.027537e-02,4.056972e-01,2.073395e-02,5.655253e-03,1.568953e-02,9.880790e-03,3.507058e-02,2.273181e-02,1.755770e-03,1.225978e-02
2.464314e-01,1.490015e-02,1.138412e-02,2.620836e-02,2.332018e-02,4.087989e-02,4.930463e-01,1.616994e-02,4.764019e-03,2.002199e-02,1.394899e-02,3.154834e-02,3.050812e-02,1.716220e-03,2.515202e-02
1.810933e-01,1.242303e-02,8.071058e-03,1.900495e-02,1.770183e-02,3.265193e-02,5.649592e-01,1.181250e-02,3.599872e-03,1.751078e-02,1.642478e-02,2.736398e-02,4.275156e-02,4.322884e-03,4.030842e-02
1.352575e-01,9.923930e-03,5.710864e-03,1.415948e-02,1.322553e-02,2.585583e-02,5.610647e-01,8.545932e-03,4.593494e-03,3.094318e-02,2.453417e-02,2.330304e-02,6.145846e-02,2.040745e-02,6.101643e-02
1.082295e-01,7.842225e-03,4.084170e-03,1.122251e-02,1.020022e-02,2.153806e-02,5.620136e-01,6.495110e-03,7.764422e-03,3.687326e-02,2.643542e-02,2.070347e-02,7.318348e-02,3.098562e-02,7.242890e-02
9.531775e-02,7.362708e-03,3.954374e-03,1.085752e-02,8.163727e-03,2.423676e-02,3.953830e-01,5.046627e-03,2.203511e-02,7.472603e-02,4.362316e-02,2.176326e-02,9.441236e-02,5.202704e-02,1.410906e-01
9.328716e-02,7.679165e-03,3.051982e-03,9.226921e-03,6.178267e-03,2.447430e-02,2.803743e-01,3.983203e-03,4.278036e-02,8.319357e-02,4.385093e-02,2.353102e-02,8.090545e-02,1.079451e-01,1.895384e-01
7.500015e-02,5.739087e-03,2.217747e-03,6.870481e-03,4.739235e-03,2.968441e-02,1.994731e-01,3.205381e-03,9.140413e-02,6.715287e-02,5.161433e-02,3.079678e-02,6.748024e-02,1.036730e-01,2.609490e-01
5.527769e-02,5.059150e-03,1.786133e-03,5.835296e-03,4.206585e-03,2.738108e-02,1.404835e-01,2.658728e-03,1.449420e-01,6.086909e-02,6.269897e-02,2.960702e-02,5.343923e-02,1.245641e-01,2.811914e-01
4.240293e-02,6.339319e-03,2.044760e-03,5.228098e-03,4.659103e-03,3.492658e-02,9.935825e-02,2.076188e-03,1.537286e-01,4.947694e-02,8.576176e-02,2.572201e-02,4.158970e-02,1.284996e-01,3.181862e-01
3.448605e-02,5.861678e-03,2.849089e-03,5.366835e-03,6.579255e-03,3.746846e-02,7.053733e-02,1.773573e-03,1.269566e-01,4.955111e-02,1.530161e-01,2.166042e-02,3.117618e-02,1.986499e-01,2.540675e-01
2.745055e-02,6.130710e-03,3.395976e-03,5.641771e-03,1.035024e-02,2.909748e-02,4.993079e-02,1.735312e-03,9.835064e-02,4.677841e-02,2.055914e-01,1.922988e-02,2.382773e-02,2.677853e-01,2.047039e-01
2.051426e-02,4.996003e-03,2.521777e-03,4.883566e-03,8.446344e-03,3.312133e-02,3.520984e-02,1.618452e-03,7.871269e-02,4.797682e-02,2.065471e-01,2.961471e-02,5.470855e-02,3.054427e-01,1.656858e-01
1.632776e-02,3.848789e-03,1.944444e-03,4.185733e-03,8.445598e-03,2.378765e-02,2.480686e-02,1.328853e-03,6.574710e-02,1.241580e-01,2.408952e-01,3.827535e-02,5.064628e-02,2.663835e-01,1.292189e-01
1.317601e-02,3.053062e-03,1.568574e-03,3.779912e-03,1.279419e-02,1.736853e-02,1.761007e-02,1.366885e-03,6.770971e-02,1.482542e-01,2.942552e-01,3.912326e-02,5.029679e-02,2.165881e-01,1.130555e-01
9.508998e-03,2.837341e-03,1.308135e-03,3.054719e-03,2.396569e-02,1.309400e-02,1.268558e-02,1.128455e-03,1.225170e-01,1.470515e-01,2.976644e-01,3.197139e-02,4.409694e-02,1.834096e-01,1.057062e-01
6.904393e-03,3.525418e-03,1.255929e-03,2.541741e-03,2.270107e-02,1.004185e-02,9.164857e-03,9.188336e-04,1.565925e-01,1.444327e-01,3.073483e-01,2.956679e-02,5.074685e-02,1.591789e-01,9.507988e-02
4.962803e-03,6.875095e-03,1.341429e-03,2.249266e-03,1.879579e-02,7.703240e-03,6.525311e-03,1.017907e-03,1.769916e-01,1.287787e-01,3.782521e-01,2.396733e-02,4.350276e-02,1.173399e-01,8.169672e-02
3.683005e-03,7.158162e-03,2.277137e-03,2.133384e-03,1.633290e-02,5.879539e-03,4.757431e-03,1.777507e-03,1.454842e-01,1.030660e-01,5.096323e-01,1.811019e-02,3.429690e-02,8.733846e-02,5.807274e-02
2.743565e-03,6.706374e-03,2.923007e-03,1.662155e-03,1.214572e-02,4.465832e-03,3.471672e-03,1.327602e-03,1.109985e-01,7.482334e-02,6.342540e-01,1.336117e-02,2.781557e-02,6.186791e-02,4.143360e-02
2.639282e-03,2.059268e-02,8.239098e-03,1.441731e-03,1.130161e-02,5.180323e-03,2.964751e-03,1.972268e-03,8.990771e-02,5.317417e-02,6.917596e-01,1.044564e-02,2.363164e-02,4.594815e-02,3.080129e-02
4.268700e-03,3.681473e-02,1.595152e-02,1.510969e-03,1.360940e-02,5.149703e-03,2.381826e-03,5.837371e-03,7.971790e-02,3.865730e-02,7.089168e-01,8.501182e-03,2.010214e-02,3.292682e-02,2.565356e-02
5.041259e-03,3.057628e-02,1.373427e-02,1.200021e-03,2.607628e-02,6.433461e-03,1.981133e-03,1.675043e-02,1.099622e-01,2.770601e-02,6.909233e-01,8.751746e-03,1.711720e-02,2.563542e-02,1.811106e-02
6.671544e-03,3.396797e-02,2.889750e-02,1.548507e-03,7.812405e-02,6.270838e-03,2.034402e-03,5.470569e-02,1.386049e-01,1.967628e-02,5.766780e-01,7.737654e-03,1.352514e-02,1.846220e-02,1.309527e-02
7.722589e-03,3.435558e-02,3.222042e-02,1.434413e-03,8.719523e-02,5.647719e-03,1.930575e-03,1.134240e-01,1.522897e-01,1.484255e-02,5.036353e-01,8.390041e-03,1.231796e-02,1.495897e-02,9.634987e-03
1.586125e-02,4.106617e-02,2.696777e-02,1.446598e-03,8.194919e-02,1.795717e-02,2.049149e-03,1.354482e-01,1.508245e-01,1.337410e-02,4.478007e-01,2.312196e-02,1.743544e-02,1.637097e-02,8.326773e-03
1.977287e-02,3.770236e-02,2.050485e-02,1.346827e-03,9.271052e-02,3.570566e-02,1.936181e-03,1.181611e-01,1.388431e-01,1.029316e-02,4.246604e-01,4.934233e-02,1.990360e-02,2.247721e-02,6.639783e-03
1.987693e-02,2.819059e-02,1.550224e-02,1.115432e-03,1.348020e-01,4.286849e-02,3.550998e-03,9.681444e-02,1.092557e-01,7.706472e-03,3.541310e-01,1.141013e-01,4.543174e-02,2.185505e-02,4.797560e-03
3.629791e-02,4.219375e-02,2.867402e-02,6.150505e-03,1.322812e-01,4.827198e-02,4.517373e-03,9.925711e-02,9.684963e-02,8.808161e-03,2.600567e-01,1.287481e-01,7.781612e-02,1.944772e-02,1.062956e-02
4.275945e-02,4.569453e-02,5.067180e-02,1.294203e-02,1.180555e-01,4.965626e-02,4.962584e-03,1.432562e-01,9.089977e-02,1.154778e-02,1.883204e-01,1.026676e-01,1.051524e-01,1.585644e-02,1.755723e-02
4.530317e-02,4.682478e-02,4.848994e-02,1.117576e-02,9.177394e-02,8.155377e-02,7.134277e-03,1.077541e-01,8.701336e-02,9.380547e-03,1.375185e-01,1.243853e-01,1.673551e-01,1.596471e-02,1.837282e-02
4.254696e-02,3.695897e-02,5.273372e-02,8.165233e-03,7.380111e-02,6.556553e-02,1.542379e-02,1.485249e-01,7.199357e-02,7.711833e-03,1.042337e-01,1.298035e-01,2.059979e-01,1.968214e-02,1.685712e-02
4.322997e-02,3.656588e-02,6.529073e-02,8.586830e-03,5.812064e-02,8.048473e-02,1.359322e-02,1.118119e-01,7.152666e-02,7.123175e-03,7.564949e-02,1.142896e-01,2.830484e-01,1.590822e-02,1.477068e-02
3.352335e-02,3.469454e-02,5.009566e-02,6.558583e-03,4.242527e-02,6.658773e-02,1.089976e-02,8.205819e-02,6.456496e-02,5.305798e-03,5.419043e-02,8.848903e-02,4.365112e-01,1.139460e-02,1.270095e-02
2.552981e-02,3.083366e-02,3.691309e-02,4.816847e-03,3.153183e-02,5.006536e-02,8.564716e-03,5.973722e-02,5.465801e-02,3.892205e-03,3.854325e-02,7.536913e-02,5.611745e-01,8.119816e-03,1.025055e-02
2.284367e-02,3.144884e-02,2.915013e-02,8.066152e-03,2.779567e-02,4.225510e-02,9.537138e-03,6.689782e-02,6.239448e-02,3.203199e-03,2.816172e-02,6.097878e-02,5.928915e-01,5.846459e-03,8.529402e-03
2.252974e-02,3.263070e-02,2.260213e-02,7.639483e-03,2.339426e-02,5.284224e-02,8.433796e-03,5.595922e-02,7.594183e-02,3.307426e-03,2.052111e-02,4.646459e-02,6.162812e-01,4.223960e-03,7.228385e-03
1.850725e-02,2.533472e-02,1.758925e-02,1.107973e-02,2.803946e-02,4.516133e-02,9.446247e-03,4.228360e-02,1.328997e-01,2.944985e-03,2.116276e-02,4.298111e-02,5.905418e-01,3.090555e-03,8.937485e-03
1.404760e-02,2.712956e-02,1.364565e-02,8.371145e-03,2.304176e-02,3.501458e-02,7.381955e-03,3.037294e-02,1.925144e-01,2.287660e-03,1.560190e-02,3.375254e-02,5.773942e-01,2.210334e-03,1.723368e-02
1.121261e-02,2.795247e-02,1.167512e-02,6.637621e-03,2.125382e-02,2.849980e-02,7.416448e-03,2.293035e-02,2.146140e-01,1.858464e-03,1.143653e-02,2.584367e-02,5.813272e-01,1.591938e-03,2.574994e-02
1.155020e-02,3.354490e-02,1.345170e-02,5.673578e-03,2.154597e-02,3.037282e-02,1.482300e-02,4.068181e-02,2.255566e-01,3.211820e-03,8.685541e-03,1.934917e-02,5.297725e-01,1.411852e-03,4.036855e-02
1.643145e-02,3.084311e-02,1.764745e-02,6.175129e-03,3.132882e-02,4.840190e-02,1.543637e-02,3.284590e-02,2.357600e-01,3.404456e-03,6.877025e-03,1.416731e-02,5.026505e-01,1.247396e-03,3.678322e-02
2.111929e-02,2.710240e-02,2.763803e-02,8.713420e-03,5.663420e-02,4.831311e-02,1.373374e-02,2.709993e-02,2.063952e-01,9.232521e-03,1.877326e-02,1.717323e-02,4.501519e-01,1.597230e-03,6.632249e-02
2.014697e-02,2.120846e-02,5.495960e-02,3.283083e-02,4.580462e-02,1.162481e-01,1.082658e-02,3.515459e-02,1.594563e-01,1.513391e-02,2.636280e-02,3.569838e-02,3.692168e-01,1.600072e-03,5.535199e-02
1.881057e-02,1.701425e-02,4.930691e-02,2.648885e-02,3.503783e-02,9.794459e-02,8.360301e-03,3.558861e-02,1.299037e-01,1.667563e-02,4.192509e-02,9.270522e-02,3.808886e-01,1.554332e-03,4.779548e-02
1.739434e-02,1.388494e-02,3.821460e-02,2.010434e-02,3.364576e-02,6.966681e-02,6.750622e-03,2.573643e-02,2.910847e-01,1.208706e-02,4.936122e-02,9.630810e-02,2.895304e-01,1.117637e-03,3.511303e-02
1.937695e-02,1.096006e-02,3.249051e-02,1.895414e-02,6.088801e-02,5.134605e-02,7.613734e-03,1.874000e-02,4.133673e-01,8.766954e-03,4.213328e-02,7.931307e-02,2.092699e-01,8.057299e-04,2.597441e-02
1.531479e-02,8.824629e-03,2.555393e-02,3.929032e-02,9.204322e-02,3.754210e-02,7.646020e-03,1.417867e-02,4.993522e-01,6.465524e-03,3.090208e-02,5.636380e-02,1.475435e-01,5.762232e-04,1.840309e-02
1.601347e-02,9.808022e-03,2.665205e-02,1.141473e-01,9.136950e-02,2.960137e-02,6.834878e-03,1.951758e-02,4.973083e-01,6.274741e-03,2.340200e-02,4.040970e-02,1.045756e-01,4.419796e-04,1.364364e-02
2.018166e-02,1.778222e-02,2.299393e-02,1.764440e-01,8.441073e-02,2.710773e-02,5.452520e-03,1.839885e-02,4.676140e-01,1.313825e-02,2.692838e-02,3.096986e-02,7.680264e-02,4.435719e-04,1.133168e-02
4.149058e-02,2.926005e-02,2.792603e-02,1.462710e-01,1.026462e-01,2.191302e-02,7.116918e-03,1.945433e-02,4.358607e-01,2.565568e-02,3.995147e-02,2.519233e-02,6.067980e-02,5.410082e-04,1.604087e-02
4.825686e-02,2.852916e-02,2.522965e-02,1.309817e-01,1.524350e-01,1.875128e-02,5.696280e-02,1.646113e-02,3.650677e-01,3.266310e-02,4.044309e-02,1.946956e-02,4.876385e-02,7.863307e-04,1.519882e-02
7.079397e-02,3.855837e-02,2.419221e-02,1.705383e-01,1.334191e-01,2.917152e-02,4.335168e-02,1.318004e-02,3.301411e-01,3.144181e-02,3.744736e-02,2.664013e-02,3.612807e-02,1.148039e-03,1.384824e-02
1.052194e-01,5.134816e-02,2.149057e-02,1.347036e-01,1.179437e-01,1.034774e-01,3.671152e-02,1.249538e-02,2.892374e-01,2.552497e-02,2.934157e-02,2.619430e-02,2.891342e-02,1.769413e-03,1.562924e-02
1.310410e-01,4.788859e-02,2.300021e-02,1.005803e-01,1.231676e-01,1.534876e-01,3.187697e-02,1.149754e-02,2.663729e-01,2.206700e-02,2.472828e-02,2.378651e-02,2.163293e-02,2.499653e-03,1.637291e-02
1.751670e-01,5.728232e-02,3.208111e-02,8.781117e-02,1.177813e-01,1.968711e-01,2.731504e-02,9.632853e-03,1.956488e-01,1.953406e-02,2.256857e-02,2.029818e-02,1.778731e-02,3.453251e-03,1.676792e-02
1.778065e-01,9.291425e-02,3.442017e-02,6.673635e-02,9.101444e-02,2.680081e-01,2.027381e-02,7.837416e-03,1.408468e-01,1.647124e-02,2.486114e-02,2.216495e-02,1.487656e-02,3.346203e-03,1.842219e-02
2.155524e-01,9.022956e-02,3.371421e-02,5.071886e-02,6.664532e-02,2.891770e-01,1.650404e-02,7.027326e-03,1.032710e-01,1.351796e-02,3.941472e-02,3.528602e-02,1.355429e-02,3.752018e-03,2.163532e-02
2.113822e-01,7.275462e-02,3.087181e-02,4.035653e-02,5.022566e-02,3.109505e-01,1.286533e-02,6.122236e-03,7.645895e-02,1.564116e-02,5.598518e-02,7.720591e-02,1.178859e-02,3.758940e-03,2.363235e-02
1.527552e-01,5.410687e-02,2.320069e-02,2.897116e-02,3.588668e-02,4.518891e-01,9.234388e-03,4.403536e-03,5.428163e-02,1.217864e-02,5.450388e-02,8.836159e-02,8.804607e-03,3.189915e-03,1.823203e-02
1.136349e-01,3.923262e-02,1.708250e-02,2.188334e-02,2.579129e-02,4.629658e-01,6.874939e-03,3.286156e-03,3.971060e-02,1.357740e-02,8.019021e-02,1.399022e-01,6.979698e-03,3.611212e-03,2.527719e-02
8.464243e-02,3.070489e-02,1.387013e-02,2.010803e-02,2.086136e-02,3.875397e-01,6.382976e-03,3.367837e-03,4.046978e-02,2.002799e-02,8.645951e-02,2.473770e-01,6.014753e-03,3.158201e-03,2.901533e-02
6.154202e-02,2.474038e-02,1.226818e-02,1.457971e-02,1.544995e-02,3.189996e-01,4.893960e-03,2.816775e-03,3.296459e-02,4.313880e-02,1.254902e-01,3.109978e-01,5.450439e-03,3.102501e-03,2.356511e-02
4.382733e-02,1.760278e-02,8.843724e-03,1.042967e-02,1.109885e-02,2.618036e-01,3.520507e-03,2.150287e-03,2.468789e-02,3.107924e-02,1.184603e-01,4.429776e-01,4.188305e-03,2.420796e-03,1.690911e-02
3.094900e-02,1.241083e-02,6.270368e-03,7.375119e-03,7.924804e-03,2.222471e-01,2.507330e-03,1.596123e-03,1.803748e-02,2.204813e-02,1.036763e-01,5.481464e-01,3.022119e-03,1.789252e-03,1.199968e-02
2.172810e-02,8.707845e-03,4.414534e-03,5.195502e-03,5.616859e-03,1.589553e-01,1.769726e-03,1.146246e-03,1.290596e-02,1.551969e-02,9.229533e-02,6.598516e-01,2.159120e-03,1.295512e-03,8.438732e-03
1.523994e-02,6.111554e-03,3.110170e-03,3.662142e-03,3.997518e-03,1.138598e-01,1.249445e-03,8.221514e-04,9.236212e-03,1.090238e-02,8.227558e-02,7.411333e-01,1.534333e-03,9.270424e-04,5.938367e-03
1.070128e-02,4.408510e-03,2.471332e-03,2.599625e-03,3.779981e-03,8.036353e-02,9.187322e-04,6.850977e-04,7.722082e-03,7.681011e-03,6.648788e-02,8.061442e-01,1.094818e-03,6.669821e-04,4.274915e-03
7.524693e-03,3.116711e-03,1.788480e-03,1.837232e-03,2.902664e-03,5.696739e-02,6.987652e-04,5.865596e-04,5.709542e-03,5.501468e-03,4.998756e-02,8.590795e-01,7.929952e-04,4.915305e-04,3.014984e-03
5.316349e-03,2.291982e-03,1.622371e-03,1.320309e-03,3.502431e-03,4.091521e-02,9.839674e-04,1.427943e-03,5.019277e-03,3.964844e-03,3.705749e-02,8.934790e-01,5.975796e-04,3.701066e-04,2.131104e-03
3.810175e-03,5.860489e-03,5.091903e-03,9.478419e-04,3.469736e-03,2.939169e-02,1.445777e-03,2.633264e-03,4.605763e-03,3.214408e-03,3.098574e-02,9.061313e-01,4.446691e-04,3.212120e-04,1.646130e-03
2.847908e-03,4.773321e-03,4.748280e-03,6.997499e-04,4.161782e-03,2.291527e-02,2.276978e-03,4.466651e-03,3.925455e-03,3.127471e-03,2.571906e-02,9.184501e-01,3.827384e-04,3.228030e-04,1.182460e-03
2.178994e-03,4.435245e-03,5.327820e-03,5.070574e-04,4.673161e-03,1.670953e-02,2.509640e-03,4.385050e-03,3.218815e-03,5.133135e-03,2.324713e-02,9.260457e-01,3.366535e-04,4.321297e-04,8.600710e-04
1.610657e-03,3.570343e-03,4.735822e-03,3.612749e-04,3.832098e-03,1.220689e-02,2.115830e-03,3.625618e-03,2.380827e-03,1.083510e-02,1.845693e-02,9.349359e-01,2.890411e-04,4.175395e-04,6.261605e-04
1.211753e-03,2.688135e-03,3.833440e-03,2.615393e-04,3.215495e-03,9.189670e-03,1.991062e-03,3.351307e-03,1.746424e-03,1.150246e-02,1.458733e-02,9.453321e-01,2.516609e-04,3.726947e-04,4.649883e-04
1.073101e-03,2.321868e-03,5.323184e-03,2.036433e-04,7.880777e-03,9.618548e-03,3.737371e-03,3.565981e-03,2.328028e-03,1.261979e-02,1.127726e-02,9.388345e-01,5.583279e-04,2.954054e-04,3.622323e-04
9.380830e-04,1.909301e-03,5.036301e-03,1.642342e-04,6.987755e-03,7.159702e-03,4.343505e-03,3.170558e-03,2.029503e-03,2.159396e-02,9.574320e-03,9.359088e-01,5.753676e-04,2.809041e-04,3.278317e-04
9.305768e-04,3.290112e-03,5.871564e-03,2.196947e-04,2.417005e-02,8.694009e-03,7.100424e-03,2.824130e-03,2.315736e-03,2.439585e-02,1.028134e-02,9.085996e-01,6.826515e-04,2.574470e-04,3.669703e-04
1.069169e-03,4.347705e-03,1.085457e-02,3.366987e-04,2.934167e-02,8.995544e-03,5.965999e-03,3.161214e-03,2.935259e-03,3.922693e-02,1.169220e-02,8.795915e-01,1.521800e-03,4.644406e-04,4.953657e-04
1.597544e-03,3.588255e-03,1.347803e-02,1.406999e-03,3.284360e-02,1.724874e-02,1.064309e-02,4.849626e-02,5.091498e-03,5.930588e-02,1.806707e-02,7.834629e-01,3.538525e-03,7.605671e-04,4.710505e-04
3.051068e-03,3.371578e-03,3.958284e-02,4.115924e-03,4.213915e-02,2.215801e-02,1.146348e-02,1.586430e-01,1.549878e-02,6.401888e-02,4.451105e-02,5.821316e-01,7.281682e-03,1.560258e-03,4.728255e-04
6.354027e-03,3.157635e-03,5.522878e-02,9.614018e-03,1.365561e-01,3.224783e-02,1.091734e-02,1.411803e-01,2.186941e-02,6.619746e-02,3.981082e-02,4.664465e-01,7.788712e-03,1.845838e-03,7.852691e-04
1.193106e-02,4.863764e-03,5.517442e-02,8.811789e-03,1.827720e-01,3.081747e-02,1.025790e-02,1.257400e-01,9.215339e-02,5.091815e-02,4.767308e-02,3.625003e-01,1.301412e-02,1.747987e-03,1.624676e-03
1.712340e-02,5.909545e-03,6.011145e-02,7.836944e-03,1.750388e-01,2.370030e-02,1.086981e-02,1.443332e-01,1.601434e-01,4.619731e-02,6.098544e-02,2.668564e-01,1.679806e-02,1.810407e-03,2.285571e-03
1.880040e-02,1.046445e-02,5.095826e-02,6.332041e-03,1.968438e-01,2.118769e-02,9.068846e-03,1.044474e-01,2.840976e-01,3.848018e-02,5.328181e-02,1.888973e-01,1.343829e-02,1.731145e-03,1.970779e-03
2.373927e-02,1.218464e-02,4.607861e-02,5.811220e-03,2.943937e-01,2.157419e-02,1.027743e-02,7.404624e-02,2.857357e-01,3.083585e-02,4.898807e-02,1.326762e-01,9.885268e-03,2.018115e-03,1.755644e-03
2.535910e-02,1.557661e-02,4.942138e-02,1.519389e-02,3.842645e-01,2.294045e-02,1.635968e-02,5.576972e-02,2.495594e-01,2.479343e-02,3.676338e-02,9.343074e-02,7.241156e-03,1.551667e-03,1.775017e-03
5.853263e-02,3.245013e-02,5.506626e-02,1.944523e-02,3.939303e-01,1.995203e-02,1.285545e-02,4.110983e-02,2.359169e-01,2.122223e-02,3.120740e-02,6.702837e-02,5.844119e-03,2.131979e-03,3.307148e-03
6.619071e-02,2.523043e-02,4.422827e-02,2.316657e-02,4.077080e-01,1.934797e-02,3.848999e-02,3.482252e-02,2.393900e-01,1.582969e-02,2.304645e-02,5.008972e-02,7.644778e-03,1.970109e-03,2.844722e-03
7.727255e-02,2.068709e-02,3.601813e-02,2.588724e-02,4.772861e-01,1.684330e-02,3.131659e-02,2.909933e-02,2.050701e-01,1.270954e-02,1.731304e-02,3.644297e-02,7.303715e-03,2.411878e-03,4.338425e-03
5.782641e-02,2.038699e-02,3.561372e-02,1.125685e-01,3.465050e-01,1.276670e-02,2.217126e-02,2.093822e-02,2.488914e-01,1.728136e-02,4.943988e-02,2.758826e-02,9.437074e-03,2.066945e-03,1.651818e-02
4.432594e-02,1.736922e-02,2.635965e-02,8.261461e-02,2.529012e-01,9.379859e-03,1.577932e-02,1.481519e-02,3.162082e-01,2.170251e-02,9.936028e-02,2.051810e-02,1.652854e-02,2.184625e-03,5.995272e-02
3.199883e-02,1.387838e-02,1.881382e-02,6.121346e-02,1.775293e-01,6.611919e-03,1.105391e-02,1.051829e-02,5.012054e-01,1.844483e-02,7.252304e-02,1.451926e-02,1.283669e-02,1.741715e-03,4.711112e-02
2.271877e-02,1.281402e-02,1.434209e-02,4.397335e-02,1.246254e-01,4.913989e-03,7.753334e-03,7.470761e-03,6.159583e-01,1.611935e-02,5.291687e-02,1.022006e-02,9.685996e-03,3.142872e-03,5.334480e-02
1.661693e-02,1.230909e-02,1.142071e-02,3.176149e-02,8.821277e-02,4.281024e-03,5.475808e-03,5.371617e-03,6.582202e-01,1.571569e-02,3.991829e-02,7.265017e-03,7.974654e-03,1.084097e-02,8.461574e-02
1.193489e-02,1.575849e-02,8.766601e-03,2.318330e-02,6.187836e-02,3.086859e-03,3.844401e-03,3.823075e-03,7.331100e-01,1.242467e-02,2.834767e-02,5.205494e-03,6.306703e-03,8.782183e-03,7.354739e-02
1.123203e-02,1.410841e-02,6.385077e-03,1.658756e-02,4.379774e-02,2.835455e-03,2.744130e-03,2.762176e-03,6.235388e-01,1.093702e-02,2.318724e-02,3.792943e-03,6.212033e-03,2.130863e-02,2.105708e-01
2.242739e-02,1.402711e-02,5.614722e-03,1.200152e-02,3.150778e-02,4.236837e-03,2.016176e-03,2.004276e-03,5.346835e-01,1.213129e-02,1.766363e-02,2.807134e-03,6.479562e-03,5.308864e-02,2.793105e-01
2.506272e-02,1.250548e-02,6.355692e-03,8.944825e-03,2.292363e-02,5.103264e-03,1.504521e-03,1.487490e-03,4.729156e-01,1.023275e-02,1.316527e-02,2.094904e-03,6.026669e-03,6.723374e-02,3.444434e-01
2.372045e-02,9.709722e-03,5.491907e-03,6.369247e-03,1.623751e-02,5.102002e-03,1.092966e-03,1.059899e-03,3.768812e-01,8.254187e-03,9.816398e-03,1.498566e-03,4.745943e-03,1.307817e-01,3.992383e-01
1.770790e-02,7.822251e-03,4.207602e-03,4.476731e-03,1.143283e-02,4.985327e-03,7.735458e-04,7.478542e-04,2.784181e-01,6.898947e-03,7.350613e-03,1.061908e-03,3.419929e-03,2.298428e-01,4.208537e-01
1.288375e-02,5.841404e-03,3.248523e-03,3.142137e-03,8.091681e-03,3.819532e-03,5.449009e-04,5.260867e-04,2.248089e-01,6.619796e-03,5.597023e-03,7.533378e-04,2.449166e-03,2.845635e-01,4.371103e-01
9.885483e-03,4.188389e-03,2.364463e-03,2.204410e-03,5.706504e-03,3.109443e-03,3.894416e-04,3.727811e-04,1.786872e-01,9.943068e-03,4.772346e-03,5.626525e-04,1.783374e-03,4.306948e-01,3.453357e-01
9.198669e-03,3.720892e-03,3.502858e-03,1.612023e-03,4.376726e-03,2.823463e-03,3.051010e-04,2.726127e-04,1.793578e-01,2.361447e-02,5.142321e-03,4.975105e-04,1.651125e-03,4.300248e-01,3.338996e-01
7.643651e-03,8.868490e-03,3.916827e-03,1.169141e-03,3.456827e-03,2.525822e-03,2.262946e-04,2.190476e-04,1.920927e-01,2.584260e-02,4.497646e-03,3.883372e-04,1.508990e-03,3.974820e-01,3.501616e-01
7.334145e-03,7.136079e-03,4.004362e-03,8.297099e-04,2.698567e-03,1.957027e-03,1.671450e-04,2.029338e-04,1.731351e-01,4.438201e-02,3.811731e-03,3.550346e-04,1.280324e-03,4.263965e-01,3.263093e-01
6.212493e-03,5.233733e-03,3.229230e-03,5.964242e-04,2.075089e-03,1.550117e-03,1.199265e-04,1.833045e-04,2.126057e-01,3.497435e-02,3.407366e-03,2.736924e-04,1.004681e-03,3.380437e-01,3.904901e-01
5.823352e-03,3.726748e-03,2.407354e-03,4.320434e-04,1.622886e-03,1.156549e-03,8.861976e-05,1.529600e-04,3.081012e-01,2.982667e-02,3.238631e-03,2.157885e-04,8.197385e-04,2.802061e-01,3.621813e-01
8.253839e-03,2.746293e-03,1.848925e-03,6.422877e-04,2.627429e-03,9.454072e-04,1.174029e-04,8.642203e-04,4.693080e-01,3.201512e-02,4.666978e-03,4.415424e-04,1.768657e-03,2.015032e-01,2.722506e-01
8.454366e-03,1.999049e-03,1.479380e-03,5.538489e-04,2.248869e-03,7.998743e-04,1.096627e-04,9.128284e-04,5.081243e-01,4.241326e-02,8.332724e-03,3.989541e-04,1.815820e-03,1.744788e-01,2.478783e-01
1.160780e-02,2.059681e-03,3.041868e-03,9.117760e-04,3.617826e-03,2.423768e-02,2.920414e-04,1.660085e-03,4.921093e-01,4.073635e-02,5.969642e-02,2.041034e-03,6.972553e-03,1.407807e-01,2.102348e-01
1.454563e-02,1.909561e-03,2.995860e-03,9.854550e-04,3.171641e-03,1.977130e-02,2.857957e-04,1.473340e-03,4.687772e-01,6.308313e-02,5.381781e-02,1.933000e-03,6.340879e-03,1.676908e-01,1.932186e-01
1.468919e-02,1.886684e-03,3.603131e-03,1.038194e-03,6.029882e-03,1.456306e-02,3.224418e-04,1.185944e-03,3.472618e-01,2.869253e-01,4.140393e-02,1.639981e-03,5.312278e-03,1.293812e-01,1.447570e-01
3.080798e-02,8.782385e-03,6.591179e-03,3.330166e-03,2.199396e-02,1.132534e-02,1.019338e-03,3.819758e-03,3.255348e-01,3.244444e-01,3.381797e-02,4.028347e-03,6.576229e-03,9.602238e-02,1.219058e-01
4.502358e-02,1.248328e-02,2.269692e-02,4.641669e-03,4.803881e-02,9.946896e-03,2.483245e-03,7.826963e-03,2.598801e-01,3.855847e-01,2.649485e-02,3.306764e-03,5.358030e-03,7.090270e-02,9.533156e-02
6.954040e-02,1.544415e-02,3.306126e-02,6.398621e-03,9.619801e-02,1.257498e-02,4.745758e-03,7.169713e-03,2.272417e-01,3.753718e-01,2.247713e-02,2.604833e-03,4.387373e-03,5.148115e-02,7.130309e-02
7.157198e-02,1.492811e-02,2.853318e-02,7.302339e-03,9.454730e-02,1.865275e-02,9.138096e-03,1.442284e-02,1.818124e-01,4.376913e-01,1.782537e-02,2.065910e-03,3.499938e-03,3.797292e-02,6.003562e-02
7.688719e-02,2.657877e-02,4.244273e-02,2.921172e-02,1.108331e-01,2.109388e-02,1.147357e-02,2.511836e-02,1.413037e-01,4.169997e-01,1.291380e-02,1.819989e-03,2.781499e-03,2.705699e-02,5.348495e-02
8.094374e-02,2.707616e-02,3.307591e-02,2.697662e-02,9.630702e-02,5.822999e-02,1.181675e-02,2.101077e-02,1.488152e-01,4.185007e-01,1.025553e-02,2.028530e-03,3.216220e-03,1.974787e-02,4.199905e-02
7.676750e-02,2.688270e-02,2.420310e-02,2.180682e-02,1.034327e-01,7.568293e-02,9.863836e-03,2.418985e-02,1.663944e-01,4.064780e-01,8.279579e-03,2.098615e-03,3.393682e-03,1.463836e-02,3.588792e-02
1.123935e-01,3.056826e-02,2.080817e-02,1.808553e-02,1.029532e-01,6.555991e-02,8.163782e-03,2.104244e-02,1.654072e-01,3.893680e-01,7.129505e-03,2.772429e-03,4.046765e-03,1.414601e-02,3.755538e-02
1.339017e-01,3.493408e-02,1.952765e-02,1.430126e-02,9.932184e-02,5.595082e-02,6.919426e-03,2.069784e-02,1.678084e-01,3.825035e-01,5.663622e-03,2.903608e-03,5.153521e-03,1.471989e-02,3.569288e-02
1.620171e-01,6.195872e-02,1.843420e-02,2.031055e-02,1.055066e-01,8.053192e-02,7.859274e-03,3.182779e-02,1.708576e-01,2.788721e-01,5.411959e-03,4.450851e-03,9.749741e-03,1.185440e-02,3.035715e-02
1.908548e-01,8.110802e-02,1.533092e-02,1.909247e-02,9.489380e-02,9.988957e-02,6.713610e-03,2.503747e-02,2.121011e-01,1.991285e-01,4.585704e-03,4.878210e-03,1.038188e-02,1.015010e-02,2.585392e-02
2.296822e-01,8.614214e-02,1.332914e-02,1.788238e-02,8.134355e-02,1.639937e-01,6.143620e-03,2.026460e-02,1.867294e-01,1.450068e-01,4.086970e-03,5.448632e-03,9.943195e-03,8.141048e-03,2.186261e-02
3.337514e-01,1.034434e-01,1.234407e-02,1.645155e-02,6.310405e-02,1.475446e-01,5.214642e-03,1.531524e-02,1.453288e-01,1.064412e-01,4.167894e-03,8.422551e-03,9.046403e-03,7.698825e-03,2.172528e-02
4.436887e-01,1.001857e-01,9.775804e-03,1.561952e-02,5.239563e-02,1.149608e-01,4.378682e-03,1.152823e-02,1.130227e-01,7.796095e-02,4.632744e-03,8.507547e-03,7.745513e-03,7.363284e-03,2.823418e-02
3.756301e-01,1.831985e-01,9.637868e-03,7.801382e-02,4.256001e-02,8.384315e-02,4.226860e-03,9.618453e-03,8.486651e-02,5.873739e-02,5.809840e-03,1.691278e-02,8.066051e-03,6.411309e-03,3.246738e-02
2.918320e-01,1.894292e-01,4.586305e-02,1.598936e-01,3.141918e-02,6.086509e-02,3.229783e-03,9.710573e-03,6.766558e-02,4.362223e-02,2.835775e-02,1.792047e-02,8.499196e-03,7.421405e-03,3.427095e-02
2.086212e-01,1.598312e-01,4.900030e-02,1.570594e-01,2.251256e-02,4.741109e-02,2.379516e-03,7.150357e-03,6.385043e-02,4.327901e-02,1.418636e-01,2.056474e-02,1.263600e-02,1.269311e-02,5.114753e-02
1.555842e-01,1.365738e-01,5.577035e-02,1.580553e-01,1.657009e-02,3.601938e-02,1.829669e-03,6.156323e-03,6.496054e-02,3.331110e-02,2.358777e-01,1.728306e-02,1.102734e-02,2.992137e-02,4.105996e-02
1.111715e-01,1.027002e-01,6.826951e-02,1.455143e-01,1.187494e-02,2.672295e-02,1.416736e-03,4.642750e-03,5.792730e-02,2.646602e-02,3.481911e-01,1.498236e-02,9.065494e-03,3.858568e-02,3.246922e-02
7.831197e-02,7.257537e-02,5.655176e-02,1.039876e-01,8.914049e-03,1.895512e-02,1.049848e-03,3.827978e-03,4.139443e-02,2.113931e-02,4.798636e-01,1.288388e-02,6.834060e-03,6.622627e-02,2.748482e-02
5.489377e-02,5.084425e-02,4.036639e-02,7.397055e-02,7.857145e-03,1.332010e-02,7.654649e-04,2.825705e-03,2.951952e-02,1.656761e-02,6.189555e-01,1.002809e-02,5.247344e-03,5.209268e-02,2.274593e-02
3.846673e-02,3.561812e-02,2.842558e-02,5.248315e-02,7.086130e-03,9.380465e-03,5.634438e-04,2.028989e-03,2.177408e-02,1.537094e-02,7.142391e-01,8.000065e-03,4.155227e-03,4.081147e-02,2.159658e-02
2.695332e-02,2.494289e-02,1.998589e-02,3.786391e-02,1.560410e-02,6.653628e-03,4.466758e-04,1.483510e-03,1.799291e-02,1.865618e-02,7.384609e-01,6.706722e-03,3.851323e-03,3.124446e-02,4.915360e-02
1.890782e-02,1.748105e-02,1.410337e-02,2.747124e-02,1.334490e-02,4.773951e-03,3.515437e-04,1.087497e-03,1.454371e-02,3.619336e-02,6.897781e-01,7.030549e-03,3.787295e-03,2.666363e-02,1.244820e-01
1.326318e-02,1.226093e-02,9.936738e-03,1.980631e-02,1.006406e-02,4.014804e-03,2.911756e-04,7.926655e-04,1.070396e-02,3.523230e-02,6.868132e-01,7.354135e-03,3.949257e-03,1.981040e-02,1.657069e-01
9.336212e-03,8.826411e-03,7.013810e-03,1.396341e-02,1.309928e-02,2.979125e-03,3.346937e-04,6.153201e-04,1.525832e-02,2.699170e-02,7.112478e-01,6.357975e-03,3.188991e-03,1.653397e-02,1.642530e-01
6.614627e-03,8.059300e-03,5.209053e-03,9.866340e-03,5.961370e-02,2.238285e-03,2.180868e-03,8.694786e-04,4.392313e-02,1.928578e-02,6.706066e-01,5.689604e-03,2.713517e-03,1.242785e-02,1.507019e-01
4.986099e-03,4.278498e-02,1.048408e-02,7.201238e-03,5.242943e-02,4.364842e-03,7.453149e-03,2.123984e-03,6.453493e-02,1.392803e-02,6.625893e-01,5.588811e-03,4.107862e-03,9.980131e-03,1.074432e-01
3.721740e-03,4.372314e-02,9.852278e-03,5.166496e-03,3.905082e-02,4.659797e-03,7.822592e-03,2.661753e-03,6.115840e-02,1.042852e-02,7.142318e-01,5.746384e-03,8.261696e-03,7.856405e-03,7.565821e-02
