1.000000e+00,0.000000e+00,0.000000e+00,0.000000e+00,0.000000e+00,0.000000e+00,0.000000e+00,0.000000e+00,0.000000e+00,0.000000e+00,0.000000e+00,0.000000e+00,0.000000e+00,0.000000e+00,0.000000e+00
1.000000e+00,0.000000e+00,0.000000e+00,0.000000e+00,0.000000e+00,0.000000e+00,0.000000e+00,0.000000e+00,0.000000e+00,0.000000e+00,0.000000e+00,0.000000e+00,0.000000e+00,0.000000e+00,0.000000e+00
1.000000e+00,0.000000e+00,0.000000e+00,0.000000e+00,0.000000e+00,0.000000e+00,0.000000e+00,0.000000e+00,0.000000e+00,0.000000e+00,0.000000e+00,0.000000e+00,0.000000e+00,0.000000e+00,0.000000e+00
1.000000e+00,0.000000e+00,0.000000e+00,0.000000e+00,0.000000e+00,0.000000e+00,0.000000e+00,0.000000e+00,0.000000e+00,0.000000e+00,0.000000e+00,0.000000e+00,0.000000e+00,0.000000e+00,0.000000e+00
1.000000e+00,0.000000e+00,0.000000e+00,0.000000e+00,0.000000e+00,0.000000e+00,0.000000e+00,0.000000e+00,0.000000e+00,0.000000e+00,0.000000e+00,0.000000e+00,0.000000e+00,0.000000e+00,0.000000e+00
1.000000e+00,0.000000e+00,0.000000e+00,0.000000e+00,0.000000e+00,0.000000e+00,0.000000e+00,0.000000e+00,0.000000e+00,0.000000e+00,0.000000e+00,0.000000e+00,0.000000e+00,0.000000e+00,0.000000e+00
1.000000e+00,0.000000e+00,0.000000e+00,0.000000e+00,0.000000e+00,0.000000e+00,0.000000e+00,0.000000e+00,0.000000e+00,0.000000e+00,0.000000e+00,0.000000e+00,0.000000e+00,0.000000e+00,0.000000e+00
1.000000e+00,0.000000e+00,0.000000e+00,0.000000e+00,0.000000e+00,0.000000e+00,0.000000e+00,0.000000e+00,0.000000e+00,0.000000e+00,0.000000e+00,0.000000e+00,0.000000e+00,0.000000e+00,0.000000e+00
1.000000e+00,0.000000e+00,0.000000e+00,0.000000e+00,0.000000e+00,0.000000e+00,0.000000e+00,0.000000e+00,0.000000e+00,0.000000e+00,0.000000e+00,0.000000e+00,0.000000e+00,0.000000e+00,0.000000e+00
1.000000e+00,0.000000e+00,0.000000e+00,0.000000e+00,0.000000e+00,0.000000e+00,0.000000e+00,0.000000e+00,0.000000e+00,0.000000e+00,0.000000e+00,0.000000e+00,0.000000e+00,0.000000e+00,0.000000e+00
1.000000e+00,0.000000e+00,0.000000e+00,0.000000e+00,0.000000e+00,0.000000e+00,0.000000e+00,0.000000e+00,0.000000e+00,0.000000e+00,0.000000e+00,0.000000e+00,0.000000e+00,0.000000e+00,0.000000e+00
1.000000e+00,0.000000e+00,0.000000e+00,0.000000e+00,0.000000e+00,0.000000e+00,0.000000e+00,0.000000e+00,0.000000e+00,0.000000e+00,0.000000e+00,0.000000e+00,0.000000e+00,0.000000e+00,0.000000e+00
1.000000e+00,0.000000e+00,0.000000e+00,0.000000e+00,0.000000e+00,0.000000e+00,0.000000e+00,0.000000e+00,0.000000e+00,0.000000e+00,0.000000e+00,0.000000e+00,0.000000e+00,0.000000e+00,0.000000e+00
1.000000e+00,0.000000e+00,0.000000e+00,0.000000e+00,0.000000e+00,0.000000e+00,0.000000e+00,0.000000e+00,0.000000e+00,0.000000e+00,0.000000e+00,0.000000e+00,0.000000e+00,0.000000e+00,0.000000e+00
1.000000e+00,0.000000e+00,0.000000e+00,0.000000e+00,0.000000e+00,0.000000e+00,0.000000e+00,0.000000e+00,0.000000e+00,0.000000e+00,0.000000e+00,0.000000e+00,0.000000e+00,0.000000e+00,0.000000e+00
1.000000e+00,0.000000e+00,0.000000e+00,0.000000e+00,0.000000e+00,0.000000e+00,0.000000e+00,0.000000e+00,0.000000e+00,0.000000e+00,0.000000e+00,0.000000e+00,0.000000e+00,0.000000e+00,0.000000e+00
1.000000e+00,0.000000e+00,0.000000e+00,0.000000e+00,0.000000e+00,0.000000e+00,0.000000e+00,0.000000e+00,0.000000e+00,0.000000e+00,0.000000e+00,0.000000e+00,0.000000e+00,0.000000e+00,0.000000e+00
1.000000e+00,0.000000e+00,0.000000e+00,0.000000e+00,0.000000e+00,0.000000e+00,0.000000e+00,0.000000e+00,0.000000e+00,0.000000e+00,0.000000e+00,0.000000e+00,0.000000e+00,0.000000e+00,0.000000e+00
1.000000e+00,0.000000e+00,0.000000e+00,0.000000e+00,0.000000e+00,0.000000e+00,0.000000e+00,0.000000e+00,0.000000e+00,0.000000e+00,0.000000e+00,0.000000e+00,0.000000e+00,0.000000e+00,0.000000e+00
1.000000e+00,0.000000e+00,0.000000e+00,0.000000e+00,0.000000e+00,0.000000e+00,0.000000e+00,0.000000e+00,0.000000e+00,0.000000e+00,0.000000e+00,0.000000e+00,0.000000e+00,0.000000e+00,0.000000e+00
1.000000e+00,0.000000e+00,0.000000e+00,0.000000e+00,0.000000e+00,0.000000e+00,0.000000e+00,0.000000e+00,0.000000e+00,0.000000e+00,0.000000e+00,0.000000e+00,0.000000e+00,0.000000e+00,0.000000e+00
1.000000e+00,0.000000e+00,0.000000e+00,0.000000e+00,0.000000e+00,0.000000e+00,0.000000e+00,0.000000e+00,0.000000e+00,0.000000e+00,0.000000e+00,0.000000e+00,0.000000e+00,0.000000e+00,0.000000e+00
1.000000e+00,0.000000e+00,0.000000e+00,0.000000e+00,0.000000e+00,0.000000e+00,0.000000e+00,0.000000e+00,0.000000e+00,0.000000e+00,0.000000e+00,0.000000e+00,0.000000e+00,0.000000e+00,0.000000e+00
1.000000e+00,0.000000e+00,0.000000e+00,0.000000e+00,0.000000e+00,0.000000e+00,0.000000e+00,0.000000e+00,0.000000e+00,0.000000e+00,0.000000e+00,0.000000e+00,0.000000e+00,0.000000e+00,0.000000e+00
1.000000e+00,0.000000e+00,0.000000e+00,0.000000e+00,0.000000e+00,0.000000e+00,0.000000e+00,0.000000e+00,0.000000e+00,0.000000e+00,0.000000e+00,0.000000e+00,0.000000e+00,0.000000e+00,0.000000e+00
1.000000e+00,0.000000e+00,0.000000e+00,0.000000e+00,0.000000e+00,0.000000e+00,0.000000e+00,0.000000e+00,0.000000e+00,0.000000e+00,0.000000e+00,0.000000e+00,0.000000e+00,0.000000e+00,0.000000e+00
1.000000e+00,0.000000e+00,0.000000e+00,0.000000e+00,0.000000e+00,0.000000e+00,0.000000e+00,0.000000e+00,0.000000e+00,0.000000e+00,0.000000e+00,0.000000e+00,0.000000e+00,0.000000e+00,0.000000e+00
1.000000e+00,0.000000e+00,0.000000e+00,0.000000e+00,0.000000e+00,0.000000e+00,0.000000e+00,0.000000e+00,0.000000e+00,0.000000e+00,0.000000e+00,0.000000e+00,0.000000e+00,0.000000e+00,0.000000e+00
1.000000e+00,0.000000e+00,0.000000e+00,0.000000e+00,0.000000e+00,0.000000e+00,0.000000e+00,0.000000e+00,0.000000e+00,0.000000e+00,0.000000e+00,0.000000e+00,0.000000e+00,0.000000e+00,0.000000e+00
1.000000e+00,0.000000e+00,0.000000e+00,0.000000e+00,0.000000e+00,0.000000e+00,0.000000e+00,0.000000e+00,0.000000e+00,0.000000e+00,0.000000e+00,0.000000e+00,0.000000e+00,0.000000e+00,0.000000e+00
1.000000e+00,0.000000e+00,0.000000e+00,0.000000e+00,0.000000e+00,0.000000e+00,0.000000e+00,0.000000e+00,0.000000e+00,0.000000e+00,0.000000e+00,0.000000e+00,0.000000e+00,0.000000e+00,0.000000e+00
1.000000e+00,0.000000e+00,0.000000e+00,0.000000e+00,0.000000e+00,0.000000e+00,0.000000e+00,0.000000e+00,0.000000e+00,0.000000e+00,0.000000e+00,0.000000e+00,0.000000e+00,0.000000e+00,0.000000e+00
1.000000e+00,0.000000e+00,0.000000e+00,0.000000e+00,0.000000e+00,0.000000e+00,0.000000e+00,0.000000e+00,0.000000e+00,0.000000e+00,0.000000e+00,0.000000e+00,0.000000e+00,0.000000e+00,0.000000e+00
1.000000e+00,0.000000e+00,0.000000e+00,0.000000e+00,0.000000e+00,0.000000e+00,0.000000e+00,0.000000e+00,0.000000e+00,0.000000e+00,0.000000e+00,0.000000e+00,0.000000e+00,0.000000e+00,0.000000e+00
1.000000e+00,0.000000e+00,0.000000e+00,0.000000e+00,0.000000e+00,0.000000e+00,0.000000e+00,0.000000e+00,0.000000e+00,0.000000e+00,0.000000e+00,0.000000e+00,0.000000e+00,0.000000e+00,0.000000e+00
1.000000e+00,0.000000e+00,0.000000e+00,0.000000e+00,0.000000e+00,0.000000e+00,0.000000e+00,0.000000e+00,0.000000e+00,0.000000e+00,0.000000e+00,0.000000e+00,0.000000e+00,0.000000e+00,0.000000e+00
1.000000e+00,0.000000e+00,0.000000e+00,0.000000e+00,0.000000e+00,0.000000e+00,0.000000e+00,0.000000e+00,0.000000e+00,0.000000e+00,0.000000e+00,0.000000e+00,0.000000e+00,0.000000e+00,0.000000e+00
1.000000e+00,0.000000e+00,0.000000e+00,0.000000e+00,0.000000e+00,0.000000e+00,0.000000e+00,0.000000e+00,0.000000e+00,0.000000e+00,0.000000e+00,0.000000e+00,0.000000e+00,0.000000e+00,0.000000e+00
1.000000e+00,0.000000e+00,0.000000e+00,0.000000e+00,0.000000e+00,0.000000e+00,0.000000e+00,0.000000e+00,0.000000e+00,0.000000e+00,0.000000e+00,0.000000e+00,0.000000e+00,0.000000e+00,0.000000e+00
1.000000e+00,0.000000e+00,0.000000e+00,0.000000e+00,0.000000e+00,0.000000e+00,0.000000e+00,0.000000e+00,0.000000e+00,0.000000e+00,0.000000e+00,0.000000e+00,0.000000e+00,0.000000e+00,0.000000e+00
1.000000e+00,0.000000e+00,0.000000e+00,0.000000e+00,0.000000e+00,0.000000e+00,0.000000e+00,0.000000e+00,0.000000e+00,0.000000e+00,0.000000e+00,0.000000e+00,0.000000e+00,0.000000e+00,0.000000e+00
1.000000e+00,0.000000e+00,0.000000e+00,0.000000e+00,0.000000e+00,0.000000e+00,0.000000e+00,0.000000e+00,0.000000e+00,0.000000e+00,0.000000e+00,0.000000e+00,0.000000e+00,0.000000e+00,0.000000e+00
1.000000e+00,0.000000e+00,0.000000e+00,0.000000e+00,0.000000e+00,0.000000e+00,0.000000e+00,0.000000e+00,0.000000e+00,0.000000e+00,0.000000e+00,0.000000e+00,0.000000e+00,0.000000e+00,0.000000e+00
4.879339e-01,3.413117e-02,1.027441e-02,3.264866e-01,9.211523e-03,1.176288e-02,4.417517e-03,6.675084e-03,3.565846e-02,6.883187e-03,9.288054e-03,1.014949e-02,1.842855e-02,9.431035e-04,2.775609e-02
3.645459e-01,5.297285e-02,9.444643e-03,3.005161e-01,9.917143e-03,1.037027e-02,4.763424e-03,5.381297e-03,1.451576e-01,1.171366e-02,1.523756e-02,9.148453e-03,2.458305e-02,9.024111e-04,3.534571e-02
2.747905e-01,3.829680e-02,6.721097e-03,2.139051e-01,7.281689e-03,9.849069e-03,3.538485e-03,3.996768e-03,1.071698e-01,8.311988e-03,1.105606e-02,6.512694e-03,2.792884e-01,6.542512e-04,2.862725e-02
1.931809e-01,2.692857e-02,4.733703e-03,1.499773e-01,5.221599e-03,7.248242e-03,2.529063e-03,2.809853e-03,7.562584e-02,5.858102e-03,7.822515e-03,4.591693e-03,4.847386e-01,4.667926e-04,2.826730e-02
1.352393e-01,1.887626e-02,3.329451e-03,1.050424e-01,3.724220e-03,5.186066e-03,1.822575e-03,1.967764e-03,5.310397e-02,4.293119e-03,5.639516e-03,3.300523e-03,5.743433e-01,3.787625e-04,8.375290e-02
9.468017e-02,1.322256e-02,2.335913e-03,7.354367e-02,2.676425e-03,3.749282e-03,1.357836e-03,1.378341e-03,3.747673e-02,3.329231e-03,4.598208e-03,2.419919e-03,4.500544e-01,1.231292e-03,3.079460e-01
6.629017e-02,9.275855e-03,1.640623e-03,5.151089e-02,2.081837e-03,3.065514e-03,1.217828e-03,9.659739e-04,2.752484e-02,7.613268e-03,8.563310e-03,2.759391e-03,3.386486e-01,4.378366e-03,4.744635e-01
4.650000e-02,6.514691e-03,1.155782e-03,3.607107e-02,1.498993e-03,2.949252e-03,8.773578e-04,6.769354e-04,2.088807e-02,1.033957e-02,7.119485e-03,2.111217e-03,2.389440e-01,6.504378e-03,6.178492e-01
3.262133e-02,4.604173e-03,8.237584e-04,2.529672e-02,1.530535e-03,2.750661e-03,6.318476e-04,4.754994e-04,1.993342e-02,1.455366e-02,8.621125e-03,1.940641e-03,1.687606e-01,1.128601e-02,7.061700e-01
2.289779e-02,3.482854e-03,6.401762e-04,1.776063e-02,1.371438e-03,1.566642e-02,5.031928e-04,3.482279e-04,6.728704e-02,1.087358e-02,8.384913e-03,1.783942e-03,1.188203e-01,9.252037e-03,7.209275e-01
1.627578e-02,3.505060e-03,5.229050e-04,1.247159e-02,1.377091e-03,1.298784e-02,3.763518e-04,2.497729e-04,1.251946e-01,9.591969e-03,1.139900e-02,1.460726e-03,8.418562e-02,1.205006e-02,7.083517e-01
1.181729e-02,3.331077e-03,5.174885e-04,8.762359e-03,1.205525e-03,9.749074e-03,2.730708e-04,1.861878e-04,2.386163e-01,1.216284e-02,2.248203e-02,1.088259e-03,5.943500e-02,1.392043e-02,6.164531e-01
8.611660e-03,2.712983e-03,5.836327e-04,6.174548e-03,8.993498e-04,1.023629e-02,1.977768e-04,1.487267e-04,4.007987e-01,9.579550e-03,1.685264e-02,8.076211e-04,4.253157e-02,1.150102e-02,4.883640e-01
7.251048e-03,2.684260e-03,6.343603e-04,4.395896e-03,9.698421e-04,1.314858e-02,1.552438e-04,1.409994e-04,4.527217e-01,1.032113e-02,1.417127e-02,6.335516e-04,3.135046e-02,1.073890e-02,4.506828e-01
6.094018e-03,2.278619e-03,2.675300e-03,4.630258e-03,1.095263e-03,1.095589e-02,1.373407e-04,5.854465e-04,5.762931e-01,9.747915e-03,1.306985e-02,1.332714e-03,2.438045e-02,8.655261e-03,3.380687e-01
6.689131e-03,2.808935e-03,2.851475e-03,4.742962e-03,2.318905e-03,1.156735e-02,1.893616e-04,1.195948e-03,6.050363e-01,8.886291e-03,2.045748e-02,1.734602e-03,2.311577e-02,8.923979e-03,2.994816e-01
7.714591e-03,5.648886e-03,3.793384e-03,4.145089e-03,3.280216e-03,1.213974e-02,2.192509e-04,1.955954e-03,5.863343e-01,1.132850e-02,4.258740e-02,3.880775e-03,3.799729e-02,1.073101e-02,2.682436e-01
6.575900e-03,6.161317e-03,3.801827e-02,4.002549e-03,2.677005e-03,9.214749e-03,1.917269e-04,3.543073e-03,5.940210e-01,1.012563e-02,3.713717e-02,3.158931e-03,3.746686e-02,9.968065e-03,2.377378e-01
6.487641e-03,5.884796e-03,5.890297e-02,3.885882e-03,2.585466e-03,7.611695e-03,2.110905e-04,1.198141e-02,5.483562e-01,8.904155e-03,4.411084e-02,3.102040e-03,4.293249e-02,1.354148e-02,2.415019e-01
6.201208e-03,5.213333e-03,5.331280e-02,4.268556e-03,3.996844e-03,5.601045e-03,1.388121e-03,1.368444e-01,4.142709e-01,7.774493e-03,5.813476e-02,4.654593e-03,4.432295e-02,2.175129e-02,2.322647e-01
4.594759e-03,3.847158e-03,4.274832e-02,3.876651e-03,3.264664e-03,3.950475e-03,1.497001e-03,3.569288e-01,2.995317e-01,5.854783e-03,4.497606e-02,3.795533e-03,3.746951e-02,1.682856e-02,1.708361e-01
3.390087e-03,2.800239e-03,5.829613e-02,3.242191e-03,2.756511e-03,2.808313e-03,2.228210e-03,5.106168e-01,2.113038e-01,4.356381e-03,3.225032e-02,2.799604e-03,2.693095e-02,1.202375e-02,1.241968e-01
2.740115e-03,2.001997e-03,5.304344e-02,2.379599e-03,3.205109e-03,2.425262e-03,3.228148e-03,6.396669e-01,1.480105e-01,3.087992e-03,2.262339e-02,2.030210e-03,1.921714e-02,8.505322e-03,8.783493e-02
2.349479e-03,1.425042e-03,4.073990e-02,1.778232e-03,3.833279e-03,2.293179e-03,2.825850e-03,7.398807e-01,1.036658e-01,2.190349e-03,1.589536e-02,1.461597e-03,1.370187e-02,6.042229e-03,6.191716e-02
3.008720e-03,1.027155e-03,2.884452e-02,1.380127e-03,1.228182e-02,2.168542e-03,2.352660e-03,8.048441e-01,7.260343e-02,1.601970e-03,1.126343e-02,1.050501e-03,9.852070e-03,4.240459e-03,4.348049e-02
4.408039e-03,7.644740e-04,2.088113e-02,1.096552e-03,1.671244e-02,6.056033e-03,1.173642e-02,8.254478e-01,5.085252e-02,1.165469e-03,7.965327e-03,7.760689e-04,1.846362e-02,2.988481e-03,3.068566e-02
7.741773e-03,6.136178e-04,1.533529e-02,1.395082e-03,1.820256e-02,1.907230e-02,3.620752e-02,8.141505e-01,3.568143e-02,8.628422e-04,5.850033e-03,9.690213e-04,2.015536e-02,2.104372e-03,2.165832e-02
1.297347e-02,4.870126e-04,1.125765e-02,2.168908e-03,1.434754e-02,2.818603e-02,7.644920e-02,7.883639e-01,2.502918e-02,6.460038e-04,4.645282e-03,1.431922e-03,1.724841e-02,1.483455e-03,1.528200e-02
1.779301e-02,3.758427e-04,8.239776e-03,2.114211e-03,1.083029e-02,2.659312e-02,1.083684e-01,7.758858e-01,1.758549e-02,4.715778e-04,3.694449e-03,1.454912e-03,1.475612e-02,1.044881e-03,1.079213e-02
2.051682e-02,4.182300e-04,6.324869e-03,2.179436e-03,9.296399e-03,2.264796e-02,1.230226e-01,7.753647e-01,1.255108e-02,3.833844e-04,3.610891e-03,1.475792e-03,1.356759e-02,7.509533e-04,7.889364e-03
2.459811e-02,4.984241e-04,5.369690e-03,2.666808e-03,9.989122e-03,2.054920e-02,1.701832e-01,7.310808e-01,9.121560e-03,3.359656e-04,4.752075e-03,1.621561e-03,1.269560e-02,5.649365e-04,5.972975e-03
2.606483e-02,5.776079e-04,4.616320e-03,3.050106e-03,9.387238e-03,2.787688e-02,1.381795e-01,7.433610e-01,6.655109e-03,4.242352e-04,8.973804e-03,3.642713e-03,2.160248e-02,5.055969e-04,5.082691e-03
3.127147e-02,1.372108e-03,5.187728e-03,3.676722e-03,1.162293e-02,5.163215e-02,1.056627e-01,6.984727e-01,5.531355e-03,2.012399e-03,2.181483e-02,9.877020e-03,3.695730e-02,3.354606e-03,1.155408e-02
2.655529e-02,1.300242e-03,6.826832e-03,5.147771e-03,1.052459e-02,5.656078e-02,7.759426e-02,5.900951e-01,7.495787e-03,6.316407e-03,3.486174e-02,3.654046e-02,1.077158e-01,1.194389e-02,2.052109e-02
1.950787e-02,1.025462e-03,5.103968e-03,6.648519e-03,8.010812e-03,4.273636e-02,5.446563e-02,4.267035e-01,1.257410e-02,5.678197e-03,7.576869e-02,2.789432e-02,2.326662e-01,1.062180e-02,7.059462e-02
1.375242e-02,7.273231e-04,3.596229e-03,5.004726e-03,5.732034e-03,3.026991e-02,3.818140e-02,2.995824e-01,1.487568e-02,4.056754e-03,5.834213e-02,2.012710e-02,4.269767e-01,8.739525e-03,7.003569e-02
9.635844e-03,5.227581e-04,2.519826e-03,3.644458e-03,4.093308e-03,2.120033e-02,2.673239e-02,2.097666e-01,2.183307e-02,2.855197e-03,4.247950e-02,1.460912e-02,5.679322e-01,6.781721e-03,6.539370e-02
6.800112e-03,5.235655e-04,1.811069e-03,4.571949e-03,3.280199e-03,1.551406e-02,1.872216e-02,1.468641e-01,1.498529e-01,2.210638e-03,3.675411e-02,1.057546e-02,4.204455e-01,5.618554e-03,1.764557e-01
4.844333e-03,9.330442e-04,1.464731e-03,3.775622e-03,3.260158e-03,1.099383e-02,1.312139e-02,1.029059e-01,2.045011e-01,1.929538e-03,3.143365e-02,7.831476e-03,3.050177e-01,1.007969e-02,2.979079e-01
3.710516e-03,3.236149e-03,1.320538e-03,3.385701e-03,4.033783e-03,8.023871e-03,9.206866e-03,7.216807e-02,2.734048e-01,1.612804e-03,2.571565e-02,5.623789e-03,2.149436e-01,1.616688e-02,3.574470e-01
2.913362e-03,3.476175e-03,3.159973e-03,4.231211e-03,1.116648e-02,6.038116e-03,6.863259e-03,5.861103e-02,4.113386e-01,1.278466e-03,1.974849e-02,4.105589e-03,1.519150e-01,1.758871e-02,2.975656e-01
2.098768e-03,3.572944e-03,5.149529e-03,7.007864e-03,9.965787e-03,4.482221e-03,4.816241e-03,4.116567e-02,5.692191e-01,9.956495e-04,1.404265e-02,2.948006e-03,1.067690e-01,1.290025e-02,2.148664e-01
1.691088e-03,3.573324e-03,5.750180e-03,6.731160e-03,7.627826e-03,3.405163e-03,3.395835e-03,3.085913e-02,6.805155e-01,9.046657e-04,1.133401e-02,2.349633e-03,7.795317e-02,9.584405e-03,1.543250e-01
3.453541e-03,4.874168e-03,2.513404e-02,3.233537e-02,4.950809e-02,5.823427e-03,2.844488e-03,3.165904e-02,6.309762e-01,1.164547e-03,1.346389e-02,2.059873e-03,5.818680e-02,1.574925e-02,1.227673e-01
3.372508e-03,7.673563e-03,4.497872e-02,1.504705e-01,8.215547e-02,4.605697e-03,2.989111e-03,2.418504e-02,5.265794e-01,1.045497e-03,1.051805e-02,1.542451e-03,4.113255e-02,1.123500e-02,8.751651e-02
5.378201e-03,1.131103e-02,6.876560e-02,2.320537e-01,1.350579e-01,5.360161e-03,4.689435e-03,1.867051e-02,4.038544e-01,9.858052e-04,9.008547e-03,1.227281e-03,2.937257e-02,8.003028e-03,6.626190e-02
8.950226e-03,2.213514e-02,1.066069e-01,2.275767e-01,1.936529e-01,2.487457e-02,8.993477e-03,1.634241e-02,3.070070e-01,1.342927e-03,6.694037e-03,9.262917e-04,2.089672e-02,5.753622e-03,4.824704e-02
2.486768e-02,2.028174e-02,1.181483e-01,2.909696e-01,1.761801e-01,2.581679e-02,7.012082e-03,3.495806e-02,2.364462e-01,2.054797e-03,8.188460e-03,9.415849e-04,1.514102e-02,4.284821e-03,3.470888e-02
1.863103e-02,1.513910e-02,9.715547e-02,3.108294e-01,1.308950e-01,1.986432e-02,5.152963e-03,2.737881e-02,1.774627e-01,6.462412e-03,1.415853e-01,2.241063e-03,1.839924e-02,3.336516e-03,2.546668e-02
1.312549e-02,1.065491e-02,6.843381e-02,2.322466e-01,9.190134e-02,1.397648e-02,3.622130e-03,1.931840e-02,1.259014e-01,5.148657e-03,3.709746e-01,2.382539e-03,2.183934e-02,2.462893e-03,1.801144e-02
9.206438e-03,7.585532e-03,4.804014e-02,1.642399e-01,6.443000e-02,9.834967e-03,2.537710e-03,1.356710e-02,8.907200e-02,3.826874e-03,5.474060e-01,2.126979e-03,2.254497e-02,2.136098e-03,1.344543e-02
6.581338e-03,6.427063e-03,3.432898e-02,1.194602e-01,4.528287e-02,8.489439e-03,1.784300e-03,9.545953e-03,7.172079e-02,2.881310e-02,6.343545e-01,1.972380e-03,1.851559e-02,2.365758e-03,1.035777e-02
5.428821e-03,5.423893e-03,2.658197e-02,1.140665e-01,3.283060e-02,9.496047e-03,1.333121e-03,8.251968e-03,9.374011e-02,3.058134e-02,6.266760e-01,3.187305e-03,2.126968e-02,8.367234e-03,1.276554e-02
5.040713e-03,6.372680e-03,2.100061e-02,1.191085e-01,2.366036e-02,1.134733e-02,9.964954e-04,6.355765e-03,9.005146e-02,8.143261e-02,5.815748e-01,5.010618e-03,1.975584e-02,1.214061e-02,1.615168e-02
4.850448e-03,7.345585e-03,1.608033e-02,8.601977e-02,1.806841e-02,9.660982e-03,7.252397e-04,4.637527e-03,6.576657e-02,7.915258e-02,6.354387e-01,5.013670e-03,2.523614e-02,1.712103e-02,2.488295e-02
4.926628e-03,7.128158e-03,1.239897e-02,6.341656e-02,1.410372e-02,9.656423e-03,5.772454e-04,3.906050e-03,5.034240e-02,8.988275e-02,6.348212e-01,8.438012e-03,2.683229e-02,3.127751e-02,4.229210e-02
8.446874e-03,1.297023e-02,1.065775e-02,4.490666e-02,1.116856e-02,7.519572e-03,4.702985e-04,3.494873e-03,4.005217e-02,1.012546e-01,5.805272e-01,8.820443e-03,2.719098e-02,9.220870e-02,5.031102e-02
1.017258e-02,1.365664e-02,9.285950e-03,3.184626e-02,8.250689e-03,6.032180e-03,4.310019e-04,7.313125e-03,3.974821e-02,1.235870e-01,5.092803e-01,8.778824e-03,2.178175e-02,1.290024e-01,8.083320e-02
9.915301e-03,1.531785e-02,9.586743e-03,2.253034e-02,5.977990e-03,6.468965e-03,3.960101e-04,1.093139e-02,3.384529e-02,1.221561e-01,4.929928e-01,7.433059e-03,1.781285e-02,1.403841e-01,1.042512e-01
8.150426e-03,1.119803e-02,8.089134e-03,1.602420e-02,4.423002e-03,5.504884e-03,2.989277e-04,8.693890e-03,2.532556e-02,1.343046e-01,5.775640e-01,5.215021e-03,1.255333e-02,1.059988e-01,7.665621e-02
7.456646e-03,8.039373e-03,6.489168e-03,1.154396e-02,3.377283e-03,4.917951e-03,2.404361e-04,7.403697e-03,1.933562e-02,1.894819e-01,5.957991e-01,3.667050e-03,8.852726e-03,7.756383e-02,5.583121e-02
1.337212e-02,5.912568e-03,2.079504e-02,8.747240e-03,2.573505e-03,4.086788e-03,6.016052e-04,9.483319e-03,2.208008e-02,2.544274e-01,5.525600e-01,2.627323e-03,6.297967e-03,5.703170e-02,3.940336e-02
1.651635e-02,5.713528e-03,2.154678e-02,6.755921e-03,1.954237e-03,4.300615e-03,4.898371e-04,7.482830e-03,1.658748e-02,2.577508e-01,5.820311e-01,1.878971e-03,4.466817e-03,4.484703e-02,2.767765e-02
2.122448e-02,5.789732e-03,2.296632e-02,5.538826e-03,1.678342e-03,5.331705e-03,4.630781e-04,6.661577e-03,1.335518e-02,2.273756e-01,6.284893e-01,1.379628e-03,3.222161e-03,3.705522e-02,1.946879e-02
2.927454e-02,5.747292e-03,1.719107e-02,4.170809e-03,1.494814e-03,4.950126e-03,3.594073e-04,5.132185e-03,1.234940e-02,2.309061e-01,6.408067e-01,1.139409e-03,2.519757e-03,2.969599e-02,1.426242e-02
4.162149e-02,6.597050e-03,1.321140e-02,3.423393e-03,1.639606e-03,7.119878e-03,3.214274e-04,4.163686e-03,1.328975e-02,2.471910e-01,6.169111e-01,1.156875e-03,2.269601e-03,3.003541e-02,1.104845e-02
5.631961e-02,1.779191e-02,1.119212e-02,2.951308e-03,2.515812e-03,1.274261e-02,4.605264e-04,4.234581e-03,3.750879e-02,2.716497e-01,5.409957e-01,1.836451e-03,2.202804e-03,2.880421e-02,8.794019e-03
8.428881e-02,2.956343e-02,1.034963e-02,2.935673e-03,4.838708e-03,3.202600e-02,1.033889e-03,6.026241e-03,7.733709e-02,3.054900e-01,4.012999e-01,5.090344e-03,3.573644e-03,2.607066e-02,1.007604e-02
1.270149e-01,4.303867e-02,9.589888e-03,4.050415e-03,6.676909e-03,7.880104e-02,1.645675e-03,9.027040e-03,1.088701e-01,2.630428e-01,2.984459e-01,6.859587e-03,3.442741e-03,2.862205e-02,1.087230e-02
1.919498e-01,5.254585e-02,1.259917e-02,5.858557e-03,8.570567e-03,7.505348e-02,3.062555e-03,5.593379e-02,1.225239e-01,2.107650e-01,2.125990e-01,8.977558e-03,3.217942e-03,2.614598e-02,1.019681e-02
2.491135e-01,4.768483e-02,1.567599e-02,6.510819e-03,1.064358e-02,6.621209e-02,4.312601e-03,1.044959e-01,1.361177e-01,1.613398e-01,1.514948e-01,1.121259e-02,3.397547e-03,2.267507e-02,9.112999e-03
3.003457e-01,3.615497e-02,1.946885e-02,8.406824e-03,1.249729e-02,5.340702e-02,4.368762e-03,1.519937e-01,1.281137e-01,1.144295e-01,1.077215e-01,3.415635e-02,4.504759e-03,1.656777e-02,7.863384e-03
3.357794e-01,3.026143e-02,5.596809e-02,2.300308e-02,1.687543e-02,3.977386e-02,3.296784e-03,1.679196e-01,1.050863e-01,8.890917e-02,7.838156e-02,2.928299e-02,4.114218e-03,1.368809e-02,7.660007e-03
2.460926e-01,2.915869e-02,2.014709e-01,2.192856e-02,1.253072e-02,3.128577e-02,2.369567e-03,1.187450e-01,8.026525e-02,6.970082e-02,9.814124e-02,2.268910e-02,3.830285e-03,4.083614e-02,2.095535e-02
1.743256e-01,2.582572e-02,1.602137e-01,1.598526e-02,8.899509e-03,2.229298e-02,1.685527e-03,8.325423e-02,5.958482e-02,4.964289e-02,3.294622e-01,1.697107e-02,3.045656e-03,3.090004e-02,1.791084e-02
1.251162e-01,1.896971e-02,1.213700e-01,1.172233e-02,6.304559e-03,1.641702e-02,1.208927e-03,5.843690e-02,4.252750e-02,3.598818e-02,4.984330e-01,1.730616e-02,2.367991e-03,3.081868e-02,1.301283e-02
8.996999e-02,1.377836e-02,8.847920e-02,8.636684e-03,4.532793e-03,1.203646e-02,9.120427e-04,4.120548e-02,3.076229e-02,5.158664e-02,5.892153e-01,1.773455e-02,1.970763e-03,3.960787e-02,9.571649e-03
6.471063e-02,1.404907e-02,6.359155e-02,6.281937e-03,3.639930e-03,1.020024e-02,7.275373e-04,2.912702e-02,3.067100e-02,6.648608e-02,6.253379e-01,1.621471e-02,1.610632e-03,6.045231e-02,6.899442e-03
4.840511e-02,2.083330e-02,4.660930e-02,4.735977e-03,3.812168e-03,1.379430e-02,9.344165e-04,2.203798e-02,3.596441e-02,6.614168e-02,6.512418e-01,1.782420e-02,1.697271e-03,6.070849e-02,5.259621e-03
3.426500e-02,1.656587e-02,3.281372e-02,3.406674e-03,2.953887e-03,1.092147e-02,7.422267e-04,1.565083e-02,2.793392e-02,4.933964e-02,7.347323e-01,1.738744e-02,1.457280e-03,4.796705e-02,3.862627e-03
2.452165e-02,1.459699e-02,2.320967e-02,2.626693e-03,2.408316e-03,1.331152e-02,5.940546e-04,1.119056e-02,2.501917e-02,4.230837e-02,7.648457e-01,2.341177e-02,1.557351e-03,4.736279e-02,3.035384e-03
1.841171e-02,1.683968e-02,1.772682e-02,3.150709e-03,2.821052e-03,1.364589e-02,5.883569e-04,9.199264e-03,3.194006e-02,4.268404e-02,7.586989e-01,2.257617e-02,1.360227e-03,5.753227e-02,2.824807e-03
1.322157e-02,1.399619e-02,1.281856e-02,2.567452e-03,3.024512e-03,1.666262e-02,4.671001e-04,6.964988e-03,7.248732e-02,3.208725e-02,7.216312e-01,1.949102e-02,1.060705e-03,8.134193e-02,2.177557e-03
1.038766e-02,2.316732e-02,1.200345e-02,3.117924e-03,4.409718e-03,2.592498e-02,7.309311e-04,1.042574e-02,1.447031e-01,2.614702e-02,6.430845e-01,1.809314e-02,9.427415e-04,7.505034e-02,1.811435e-03
8.227152e-03,3.080139e-02,8.737640e-03,8.982857e-03,4.437432e-03,8.834626e-02,5.937449e-04,8.284664e-03,2.959383e-01,1.911788e-02,4.564057e-01,1.301895e-02,9.350932e-04,5.428792e-02,1.885001e-03
7.243271e-03,3.337041e-02,6.487445e-03,3.234622e-02,7.447098e-03,2.213194e-01,4.842250e-04,8.014982e-03,2.940074e-01,1.492758e-02,3.211873e-01,9.380524e-03,1.075324e-03,3.882423e-02,3.884605e-03
6.254706e-03,2.637295e-02,5.024980e-03,2.725831e-02,1.007151e-02,2.938621e-01,4.520806e-04,8.089527e-03,3.250924e-01,1.369772e-02,2.261250e-01,6.631994e-03,1.126145e-03,2.875041e-02,2.119016e-02
4.783717e-03,2.081000e-02,3.916443e-03,4.564382e-02,8.678643e-03,2.763672e-01,3.398809e-04,9.010160e-03,4.141146e-01,1.122903e-02,1.591017e-01,4.675217e-03,1.197985e-03,2.051977e-02,1.961190e-02
4.151362e-03,1.661174e-02,4.752398e-03,9.320271e-02,6.636453e-03,2.230577e-01,2.463710e-04,7.667446e-03,4.687612e-01,1.245839e-02,1.152993e-01,3.476992e-03,1.215646e-03,1.489350e-02,2.756884e-02
1.987528e-02,1.635135e-02,9.038277e-03,8.293904e-02,1.260964e-02,2.781730e-01,4.988097e-04,1.160034e-02,4.031492e-01,1.158409e-02,9.036959e-02,3.006837e-03,1.840209e-03,1.263514e-02,4.632925e-02
4.332246e-02,1.941526e-02,1.033610e-02,8.080415e-02,2.865873e-02,3.248993e-01,1.290875e-03,1.219389e-02,3.107340e-01,9.993788e-03,7.125492e-02,3.179142e-03,3.007224e-03,1.065910e-02,7.025111e-02
5.023704e-02,2.878397e-02,1.626038e-02,9.919968e-02,2.552100e-02,2.347975e-01,1.097511e-03,1.137128e-02,2.363524e-01,1.050760e-02,5.231605e-02,3.397031e-03,3.304739e-03,8.448041e-03,2.184058e-01
7.575390e-02,3.552798e-02,1.954328e-02,9.392867e-02,8.556406e-02,2.044589e-01,2.759338e-03,2.956169e-02,2.310275e-01,7.724717e-03,3.793455e-02,2.702613e-03,3.102720e-03,8.542778e-03,1.618674e-01
9.235391e-02,3.541076e-02,2.030694e-02,7.920679e-02,1.172831e-01,2.170594e-01,3.078624e-03,2.972991e-02,2.431716e-01,5.558015e-03,2.818419e-02,2.178420e-03,3.097642e-03,8.240854e-03,1.151398e-01
1.386500e-01,4.398289e-02,1.732817e-02,8.395787e-02,1.270066e-01,1.799359e-01,4.797917e-03,2.715916e-02,2.491429e-01,4.275012e-03,2.244518e-02,3.009683e-03,3.624321e-03,7.293996e-03,8.739036e-02
1.388501e-01,3.744978e-02,1.333911e-02,1.872710e-01,1.668379e-01,1.299077e-01,3.712182e-03,2.242473e-02,1.936604e-01,3.192714e-03,1.885306e-02,8.164136e-03,5.567402e-03,7.428576e-03,6.334139e-02
1.157331e-01,2.713194e-02,9.857111e-03,2.986804e-01,1.872386e-01,1.016465e-01,2.677604e-03,1.754076e-02,1.371324e-01,2.515166e-03,2.895901e-02,8.030609e-03,1.261277e-02,5.404755e-03,4.483930e-02
1.098873e-01,2.144184e-02,7.167039e-03,2.472680e-01,1.434337e-01,7.426150e-02,2.145687e-03,1.266760e-02,1.075048e-01,4.899181e-03,4.904164e-02,7.625054e-03,1.731122e-01,3.904955e-03,3.563953e-02
8.327400e-02,1.572190e-02,5.218861e-03,2.182624e-01,1.047336e-01,5.480468e-02,1.544551e-03,9.035924e-03,7.934703e-02,5.342365e-03,4.278166e-02,8.182992e-03,3.413058e-01,2.782464e-03,2.766186e-02
8.100575e-02,1.278458e-02,4.092905e-03,1.770210e-01,7.491403e-02,4.422309e-02,1.354168e-03,6.774623e-03,6.416526e-02,4.542832e-03,3.325633e-02,1.057601e-02,4.607214e-01,2.312243e-03,2.225579e-02
6.693173e-02,9.517117e-03,3.805134e-03,1.318683e-01,5.374632e-02,3.531014e-02,1.824016e-03,6.428067e-03,5.095932e-02,3.814787e-03,2.937984e-02,1.034447e-02,5.762912e-01,1.989440e-03,1.779019e-02
8.692025e-02,8.914764e-03,4.275985e-03,9.988286e-02,4.079990e-02,2.807198e-02,1.885343e-03,7.712048e-03,4.143990e-02,4.772104e-03,5.608371e-02,2.178073e-02,5.743830e-01,2.893173e-03,2.018427e-02
1.655572e-01,7.180954e-03,3.531815e-03,7.336053e-02,2.971426e-02,2.206605e-02,2.097420e-03,6.768247e-03,3.505752e-02,4.214978e-03,5.305699e-02,3.046392e-02,5.471895e-01,3.229567e-03,1.651106e-02
1.647094e-01,1.443688e-02,8.185940e-03,1.563071e-01,2.692096e-02,1.917972e-02,2.104276e-03,1.369298e-02,9.091364e-02,4.763135e-03,4.494423e-02,2.486129e-02,4.075638e-01,3.208779e-03,1.820777e-02
1.920590e-01,2.144654e-02,7.226451e-03,1.225462e-01,2.096266e-02,1.875712e-02,2.245229e-03,1.927867e-02,1.369897e-01,5.154453e-03,3.760641e-02,2.279088e-02,3.710430e-01,3.465107e-03,1.842859e-02
1.773922e-01,2.218895e-02,5.972244e-03,9.101108e-02,1.955703e-02,2.009617e-02,2.242529e-03,1.728752e-02,1.339182e-01,4.079848e-03,3.532399e-02,2.775780e-02,4.248835e-01,2.945149e-03,1.534386e-02
1.715824e-01,3.253089e-02,1.731049e-02,1.812697e-01,1.700922e-02,1.702167e-02,1.961012e-03,1.693397e-02,1.700584e-01,3.514362e-03,2.804397e-02,2.061422e-02,3.060866e-01,2.388013e-03,1.367499e-02
2.907137e-01,2.605001e-02,1.541757e-02,1.439015e-01,1.404648e-02,1.616234e-02,2.080334e-03,1.788916e-02,1.501614e-01,3.651049e-03,3.001683e-02,2.300915e-02,2.492331e-01,3.160959e-03,1.450650e-02
2.876982e-01,1.967455e-02,1.274537e-02,1.033003e-01,1.249216e-02,1.292749e-02,2.643365e-03,1.502543e-01,1.118878e-01,3.663128e-03,4.195375e-02,2.545460e-02,1.936755e-01,3.529718e-03,1.809987e-02
3.245143e-01,2.424470e-02,3.216127e-02,8.309162e-02,1.594249e-02,1.388619e-02,3.983606e-03,1.927271e-01,8.174008e-02,3.698768e-03,3.750451e-02,2.114777e-02,1.462138e-01,2.996574e-03,1.614719e-02
2.674214e-01,1.804587e-02,2.895314e-02,5.982151e-02,1.388753e-02,1.108123e-02,6.716521e-03,3.667607e-01,5.786294e-02,2.771844e-03,3.006363e-02,1.586304e-02,1.060600e-01,2.151767e-03,1.253895e-02
2.831360e-01,1.446514e-02,2.371600e-02,4.287294e-02,1.186286e-02,1.149072e-02,7.494994e-03,4.406132e-01,4.084483e-02,2.065985e-03,2.151927e-02,1.179524e-02,7.625397e-02,1.605451e-03,1.026350e-02
2.663249e-01,1.148662e-02,1.967603e-02,3.096879e-02,1.377568e-02,1.583106e-02,1.009618e-02,5.062522e-01,2.890329e-02,1.521614e-03,1.596690e-02,9.259425e-03,6.083314e-02,1.248163e-03,7.856059e-03
2.159271e-01,1.008511e-02,2.643316e-02,2.233718e-02,2.476301e-02,2.804064e-02,1.579274e-02,5.452297e-01,2.069843e-02,1.139061e-03,1.189138e-02,7.832061e-03,6.099344e-02,1.512571e-03,7.324461e-03
1.687896e-01,7.648151e-03,2.179460e-02,1.633105e-02,2.411205e-02,4.224540e-02,5.111538e-02,5.737981e-01,1.471149e-02,9.416566e-04,8.721202e-03,5.925771e-03,5.653846e-02,1.254336e-03,6.072886e-03
1.336008e-01,5.824135e-03,1.910372e-02,1.332045e-02,2.455627e-02,1.079806e-01,8.034420e-02,5.318091e-01,1.056807e-02,9.643870e-04,7.042054e-03,5.551756e-03,5.259418e-02,1.081764e-03,5.658562e-03
1.080804e-01,4.655522e-03,4.505085e-02,1.394044e-02,2.444085e-02,9.343119e-02,9.278551e-02,5.490773e-01,7.959843e-03,1.757816e-03,7.370555e-03,5.593262e-03,3.991087e-02,8.784414e-04,5.067127e-03
8.491358e-02,3.849470e-03,3.572786e-02,1.011219e-02,1.964506e-02,6.971706e-02,9.617186e-02,6.266413e-01,6.142114e-03,1.546379e-03,6.256533e-03,4.425089e-03,2.870152e-02,6.589337e-04,5.491008e-03
6.576050e-02,3.054204e-03,2.684362e-02,7.354553e-03,1.592859e-02,5.331354e-02,8.917288e-02,6.966887e-01,4.607447e-03,1.534989e-03,5.492470e-03,3.551110e-03,2.092972e-02,5.255201e-04,5.242217e-03
5.711031e-02,2.379264e-03,1.936508e-02,5.918773e-03,1.399789e-02,4.450592e-02,8.193117e-02,7.433742e-01,3.480449e-03,1.301736e-03,4.242682e-03,2.727346e-03,1.488257e-02,3.931833e-04,4.389397e-03
5.890147e-02,2.072749e-03,1.499734e-02,5.072940e-03,1.247807e-02,4.359898e-02,7.150267e-02,7.670298e-01,2.753305e-03,1.155961e-03,3.241949e-03,2.263227e-03,1.078484e-02,3.054050e-04,3.841323e-03
5.869124e-02,2.055588e-03,1.214251e-02,6.528755e-03,1.176517e-02,8.705050e-02,5.373250e-02,7.465845e-01,2.255623e-03,1.578293e-03,2.602003e-03,3.372408e-03,7.845516e-03,3.091969e-04,3.486136e-03
6.067440e-02,1.648556e-03,8.916165e-03,5.597387e-03,1.085045e-02,2.371805e-01,3.785322e-02,6.156493e-01,1.822756e-03,1.328888e-03,2.305624e-03,7.530214e-03,5.682570e-03,2.634051e-04,2.696579e-03
5.166634e-02,1.350173e-03,6.544811e-03,5.148204e-03,9.392142e-03,4.295703e-01,2.661675e-02,4.463009e-01,1.476336e-03,1.202637e-03,2.135724e-03,1.180703e-02,4.390518e-03,2.334334e-04,2.164771e-03
3.633880e-02,1.058730e-03,4.744298e-03,5.143287e-03,6.959257e-03,5.059323e-01,1.865624e-02,3.124736e-01,1.330886e-03,1.057404e-03,4.321909e-03,9.610858e-02,4.031450e-03,2.387889e-04,1.604506e-03
2.550262e-02,7.627701e-04,3.351316e-03,3.722704e-03,4.936114e-03,6.133189e-01,1.308578e-02,2.187560e-01,1.026647e-03,1.220627e-03,5.154968e-03,1.043767e-01,3.370306e-03,2.292748e-04,1.185299e-03
1.798108e-02,5.731342e-04,2.473331e-03,2.858528e-03,3.577794e-03,5.292802e-01,9.223936e-03,1.532125e-01,8.786177e-04,7.106542e-03,2.616773e-02,2.419842e-01,2.813841e-03,8.224598e-04,1.046120e-03
1.274909e-02,8.148309e-04,2.352373e-03,2.108348e-03,2.593522e-03,3.761705e-01,6.480803e-03,1.073699e-01,1.072661e-03,1.735236e-02,6.673979e-02,3.959431e-01,4.302918e-03,2.999622e-03,9.502049e-04
9.356269e-03,6.901842e-04,1.808306e-03,1.560593e-03,1.878804e-03,2.732293e-01,4.582329e-03,7.523774e-02,1.081497e-03,2.784733e-02,7.155460e-02,5.192614e-01,5.102998e-03,5.729178e-03,1.079502e-03
7.094519e-03,5.892510e-04,1.530073e-03,1.126491e-03,1.620684e-03,1.945869e-01,3.315966e-03,5.279227e-02,1.662425e-03,2.174276e-02,5.625258e-02,6.485847e-01,3.825426e-03,4.484356e-03,7.915400e-04
5.256208e-03,4.543784e-04,1.156339e-03,8.115058e-04,3.177541e-03,1.366967e-01,2.368167e-03,3.703481e-02,4.271502e-03,1.956817e-02,4.222149e-02,7.395234e-01,3.220437e-03,3.640848e-03,5.984592e-04
4.303718e-03,1.018889e-03,2.554246e-03,6.260267e-04,1.307986e-02,9.602795e-02,2.032118e-03,2.784354e-02,8.851042e-03,1.831547e-02,3.429151e-02,7.845087e-01,2.574355e-03,3.534406e-03,4.381969e-04
3.304570e-03,1.388308e-03,2.735881e-03,4.827561e-04,1.284098e-02,6.742933e-02,1.544428e-03,2.153277e-02,1.041436e-02,1.686902e-02,3.061141e-02,8.253955e-01,2.012673e-03,3.121803e-03,3.162818e-04
4.244321e-03,6.418077e-03,4.258847e-03,4.658381e-04,1.835634e-02,4.746395e-02,1.570036e-03,2.259904e-02,3.244505e-02,2.117407e-02,2.656236e-02,8.092296e-01,1.865173e-03,3.089382e-03,2.578561e-04
7.315550e-03,1.276537e-02,6.917908e-03,1.042138e-03,4.717612e-02,3.491113e-02,2.615916e-03,4.179445e-02,5.799083e-02,2.436975e-02,2.709086e-02,7.309716e-01,1.769600e-03,2.949049e-03,3.196797e-04
6.523042e-03,1.614301e-02,7.344711e-03,2.011734e-03,9.059440e-02,2.571078e-02,3.199155e-03,6.912226e-02,1.010456e-01,3.205283e-02,2.281246e-02,6.189249e-01,1.506168e-03,2.734855e-03,2.741049e-04
8.247632e-03,2.394949e-02,1.398090e-02,3.379474e-03,1.635623e-01,2.463602e-02,4.867209e-03,8.157429e-02,1.258053e-01,3.960256e-02,2.679914e-02,4.776684e-01,1.416102e-03,4.085340e-03,4.257309e-04
1.497978e-02,2.848950e-02,3.563528e-02,9.648211e-03,1.902705e-01,2.916890e-02,7.496066e-03,9.931812e-02,1.164075e-01,6.986860e-02,3.974295e-02,3.477640e-01,1.500981e-03,8.928100e-03,7.814062e-04
1.977271e-02,3.132952e-02,4.116283e-02,1.390970e-02,2.186079e-01,3.217907e-02,7.534389e-03,1.116567e-01,1.278801e-01,7.711577e-02,5.025937e-02,2.528348e-01,1.439082e-03,1.317509e-02,1.142863e-03
3.054498e-02,3.137376e-02,4.882347e-02,5.993269e-02,2.571250e-01,3.073740e-02,7.339938e-03,1.061338e-01,1.129564e-01,6.163479e-02,5.591931e-02,1.830883e-01,1.505556e-03,1.123071e-02,1.653767e-03
4.218217e-02,2.403767e-02,4.237946e-02,1.171206e-01,2.245295e-01,2.537202e-02,5.804145e-03,1.443744e-01,1.177913e-01,4.708320e-02,6.188136e-02,1.314884e-01,1.525332e-03,1.274944e-02,1.681032e-03
4.635189e-02,1.854642e-02,3.211367e-02,1.288992e-01,2.116210e-01,2.083989e-02,4.288968e-03,1.497601e-01,1.887988e-01,3.497654e-02,5.071912e-02,9.304146e-02,1.455642e-03,1.716295e-02,1.424338e-03
5.898170e-02,1.403365e-02,2.782820e-02,1.322010e-01,2.248985e-01,1.776961e-02,3.497338e-03,1.705092e-01,2.029601e-01,2.496991e-02,3.957702e-02,6.567242e-02,1.201793e-03,1.476068e-02,1.138896e-03
5.647772e-02,1.253245e-02,2.347513e-02,1.165985e-01,3.440318e-01,4.398134e-02,2.857267e-03,1.362314e-01,1.542408e-01,1.765987e-02,2.885507e-02,5.048229e-02,1.088009e-03,1.047967e-02,1.008812e-03
5.359820e-02,9.634998e-03,1.826477e-02,9.255698e-02,2.497940e-01,2.785710e-01,2.226809e-03,1.034408e-01,1.100750e-01,1.260697e-02,2.191938e-02,3.762328e-02,1.103183e-03,7.649264e-03,9.354657e-04
4.961085e-02,7.102007e-03,1.625682e-02,7.789014e-02,1.794519e-01,4.484010e-01,1.886927e-03,7.642317e-02,7.936291e-02,9.534917e-03,1.847829e-02,2.777056e-02,1.019636e-03,5.723558e-03,1.087292e-03
6.369852e-02,5.571398e-03,1.297352e-02,6.544457e-02,1.267689e-01,5.499325e-01,1.677749e-03,5.496857e-02,6.057105e-02,7.617759e-03,2.141517e-02,2.118078e-02,1.470790e-03,4.372647e-03,2.336082e-03
6.074002e-02,4.822119e-03,9.310689e-03,4.856231e-02,8.883933e-02,6.434382e-01,1.298629e-03,3.872927e-02,4.326270e-02,5.856016e-03,2.781649e-02,2.018357e-02,1.538599e-03,3.256054e-03,2.346022e-03
6.324282e-02,4.159342e-03,6.798067e-03,3.742763e-02,6.228099e-02,7.060906e-01,1.077730e-03,2.744783e-02,3.114628e-02,4.704535e-03,2.902492e-02,1.985073e-02,1.896359e-03,2.501086e-03,2.351153e-03
1.273623e-01,1.181781e-02,5.948725e-03,2.989064e-02,4.388906e-02,6.645589e-01,1.265197e-03,1.994006e-02,2.428755e-02,3.766386e-03,3.586110e-02,2.265790e-02,2.612623e-03,2.677985e-03,3.463807e-03
1.248027e-01,2.671274e-02,5.978868e-03,2.335791e-02,3.131188e-02,6.617632e-01,1.436383e-03,1.457182e-02,2.051673e-02,3.093353e-03,4.181991e-02,3.323817e-02,3.025730e-03,3.396600e-03,4.974075e-03
8.836440e-02,2.141330e-02,4.665710e-03,1.655518e-02,2.286266e-02,6.750721e-01,1.277490e-03,1.035152e-02,1.470117e-02,2.699398e-03,4.446742e-02,8.841489e-02,2.525600e-03,2.642634e-03,3.986615e-03
6.280158e-02,1.525832e-02,3.557762e-03,1.269641e-02,1.715691e-02,5.574335e-01,1.183708e-03,8.054106e-03,1.222005e-02,2.210303e-03,4.252643e-02,2.574589e-01,2.169502e-03,2.100396e-03,3.172141e-03
4.437510e-02,1.138361e-02,3.478985e-03,1.047896e-02,1.354188e-02,4.938459e-01,9.696209e-04,6.457505e-03,1.204624e-02,2.002894e-03,3.855802e-02,3.558386e-01,2.129157e-03,1.633221e-03,3.260289e-03
3.116966e-02,8.043118e-03,2.797366e-03,7.935568e-03,1.001345e-02,4.017624e-01,7.186403e-04,4.882651e-03,1.134079e-02,1.921745e-03,3.357206e-02,4.801609e-01,1.911522e-03,1.400471e-03,2.369686e-03
2.186969e-02,5.661089e-03,2.148544e-03,5.768793e-03,7.141455e-03,3.661348e-01,5.677041e-04,3.465065e-03,8.291232e-03,1.649196e-03,2.499192e-02,5.481476e-01,1.421420e-03,1.036566e-03,1.704993e-03
1.533186e-02,3.979297e-03,1.789098e-03,4.117832e-03,6.566969e-03,2.578952e-01,5.442867e-04,2.589189e-03,8.091336e-03,1.453059e-03,1.983351e-02,6.747388e-01,1.103378e-03,7.635136e-04,1.202698e-03
1.092093e-02,2.868437e-03,1.896885e-03,2.910844e-03,7.198356e-03,1.814812e-01,5.658125e-04,2.155309e-03,8.001740e-03,2.313181e-03,1.551893e-02,7.616234e-01,9.333478e-04,7.543297e-04,8.573640e-04
1.397050e-02,2.534339e-03,2.252021e-03,2.178735e-03,3.530231e-02,1.280293e-01,1.735381e-03,5.528573e-03,4.018822e-02,2.930440e-03,1.452448e-02,7.483673e-01,9.550613e-04,8.188182e-04,6.845252e-04
2.302627e-02,2.208849e-03,6.319412e-03,2.128453e-03,8.705674e-02,9.340320e-02,2.835361e-03,3.910784e-02,4.379537e-02,3.429611e-03,1.220341e-02,6.818846e-01,1.121205e-03,9.439813e-04,5.356561e-04
3.128660e-02,2.470934e-03,6.745046e-03,1.988794e-03,1.776767e-01,6.641495e-02,2.645527e-03,4.061144e-02,8.869164e-02,3.063251e-03,1.015525e-02,5.655456e-01,1.045215e-03,1.204697e-03,4.543501e-04
