1.000000e+00,0.000000e+00,0.000000e+00,0.000000e+00,0.000000e+00,0.000000e+00,0.000000e+00,0.000000e+00,0.000000e+00,0.000000e+00,0.000000e+00,0.000000e+00,0.000000e+00,0.000000e+00,0.000000e+00
1.000000e+00,0.000000e+00,0.000000e+00,0.000000e+00,0.000000e+00,0.000000e+00,0.000000e+00,0.000000e+00,0.000000e+00,0.000000e+00,0.000000e+00,0.000000e+00,0.000000e+00,0.000000e+00,0.000000e+00
1.000000e+00,0.000000e+00,0.000000e+00,0.000000e+00,0.000000e+00,0.000000e+00,0.000000e+00,0.000000e+00,0.000000e+00,0.000000e+00,0.000000e+00,0.000000e+00,0.000000e+00,0.000000e+00,0.000000e+00
1.000000e+00,0.000000e+00,0.000000e+00,0.000000e+00,0.000000e+00,0.000000e+00,0.000000e+00,0.000000e+00,0.000000e+00,0.000000e+00,0.000000e+00,0.000000e+00,0.000000e+00,0.000000e+00,0.000000e+00
1.000000e+00,0.000000e+00,0.000000e+00,0.000000e+00,0.000000e+00,0.000000e+00,0.000000e+00,0.000000e+00,0.000000e+00,0.000000e+00,0.000000e+00,0.000000e+00,0.000000e+00,0.000000e+00,0.000000e+00
1.000000e+00,0.000000e+00,0.000000e+00,0.000000e+00,0.000000e+00,0.000000e+00,0.000000e+00,0.000000e+00,0.000000e+00,0.000000e+00,0.000000e+00,0.000000e+00,0.000000e+00,0.000000e+00,0.000000e+00
1.000000e+00,0.000000e+00,0.000000e+00,0.000000e+00,0.000000e+00,0.000000e+00,0.000000e+00,0.000000e+00,0.000000e+00,0.000000e+00,0.000000e+00,0.000000e+00,0.000000e+00,0.000000e+00,0.000000e+00
1.000000e+00,0.000000e+00,0.000000e+00,0.000000e+00,0.000000e+00,0.000000e+00,0.000000e+00,0.000000e+00,0.000000e+00,0.000000e+00,0.000000e+00,0.000000e+00,0.000000e+00,0.000000e+00,0.000000e+00
1.000000e+00,0.000000e+00,0.000000e+00,0.000000e+00,0.000000e+00,0.000000e+00,0.000000e+00,0.000000e+00,0.000000e+00,0.000000e+00,0.000000e+00,0.000000e+00,0.000000e+00,0.000000e+00,0.000000e+00
1.000000e+00,0.000000e+00,0.000000e+00,0.000000e+00,0.000000e+00,0.000000e+00,0.000000e+00,0.000000e+00,0.000000e+00,0.000000e+00,0.000000e+00,0.000000e+00,0.000000e+00,0.000000e+00,0.000000e+00
1.000000e+00,0.000000e+00,0.000000e+00,0.000000e+00,0.000000e+00,0.000000e+00,0.000000e+00,0.000000e+00,0.000000e+00,0.000000e+00,0.000000e+00,0.000000e+00,0.000000e+00,0.000000e+00,0.000000e+00
1.000000e+00,0.000000e+00,0.000000e+00,0.000000e+00,0.000000e+00,0.000000e+00,0.000000e+00,0.000000e+00,0.000000e+00,0.000000e+00,0.000000e+00,0.000000e+00,0.000000e+00,0.000000e+00,0.000000e+00
1.000000e+00,0.000000e+00,0.000000e+00,0.000000e+00,0.000000e+00,0.000000e+00,0.000000e+00,0.000000e+00,0.000000e+00,0.000000e+00,0.000000e+00,0.000000e+00,0.000000e+00,0.000000e+00,0.000000e+00
1.000000e+00,0.000000e+00,0.000000e+00,0.000000e+00,0.000000e+00,0.000000e+00,0.000000e+00,0.000000e+00,0.000000e+00,0.000000e+00,0.000000e+00,0.000000e+00,0.000000e+00,0.000000e+00,0.000000e+00
1.000000e+00,0.000000e+00,0.000000e+00,0.000000e+00,0.000000e+00,0.000000e+00,0.000000e+00,0.000000e+00,0.000000e+00,0.000000e+00,0.000000e+00,0.000000e+00,0.000000e+00,0.000000e+00,0.000000e+00
1.000000e+00,0.000000e+00,0.000000e+00,0.000000e+00,0.000000e+00,0.000000e+00,0.000000e+00,0.000000e+00,0.000000e+00,0.000000e+00,0.000000e+00,0.000000e+00,0.000000e+00,0.000000e+00,0.000000e+00
1.000000e+00,0.000000e+00,0.000000e+00,0.000000e+00,0.000000e+00,0.000000e+00,0.000000e+00,0.000000e+00,0.000000e+00,0.000000e+00,0.000000e+00,0.000000e+00,0.000000e+00,0.000000e+00,0.000000e+00
1.000000e+00,0.000000e+00,0.000000e+00,0.000000e+00,0.000000e+00,0.000000e+00,0.000000e+00,0.000000e+00,0.000000e+00,0.000000e+00,0.000000e+00,0.000000e+00,0.000000e+00,0.000000e+00,0.000000e+00
1.000000e+00,0.000000e+00,0.000000e+00,0.000000e+00,0.000000e+00,0.000000e+00,0.000000e+00,0.000000e+00,0.000000e+00,0.000000e+00,0.000000e+00,0.000000e+00,0.000000e+00,0.000000e+00,0.000000e+00
1.000000e+00,0.000000e+00,0.000000e+00,0.000000e+00,0.000000e+00,0.000000e+00,0.000000e+00,0.000000e+00,0.000000e+00,0.000000e+00,0.000000e+00,0.000000e+00,0.000000e+00,0.000000e+00,0.000000e+00
1.000000e+00,0.000000e+00,0.000000e+00,0.000000e+00,0.000000e+00,0.000000e+00,0.000000e+00,0.000000e+00,0.000000e+00,0.000000e+00,0.000000e+00,0.000000e+00,0.000000e+00,0.000000e+00,0.000000e+00
1.000000e+00,0.000000e+00,0.000000e+00,0.000000e+00,0.000000e+00,0.000000e+00,0.000000e+00,0.000000e+00,0.000000e+00,0.000000e+00,0.000000e+00,0.000000e+00,0.000000e+00,0.000000e+00,0.000000e+00
1.000000e+00,0.000000e+00,0.000000e+00,0.000000e+00,0.000000e+00,0.000000e+00,0.000000e+00,0.000000e+00,0.000000e+00,0.000000e+00,0.000000e+00,0.000000e+00,0.000000e+00,0.000000e+00,0.000000e+00
1.000000e+00,0.000000e+00,0.000000e+00,0.000000e+00,0.000000e+00,0.000000e+00,0.000000e+00,0.000000e+00,0.000000e+00,0.000000e+00,0.000000e+00,0.000000e+00,0.000000e+00,0.000000e+00,0.000000e+00
1.000000e+00,0.000000e+00,0.000000e+00,0.000000e+00,0.000000e+00,0.000000e+00,0.000000e+00,0.000000e+00,0.000000e+00,0.000000e+00,0.000000e+00,0.000000e+00,0.000000e+00,0.000000e+00,0.000000e+00
1.000000e+00,0.000000e+00,0.000000e+00,0.000000e+00,0.000000e+00,0.000000e+00,0.000000e+00,0.000000e+00,0.000000e+00,0.000000e+00,0.000000e+00,0.000000e+00,0.000000e+00,0.000000e+00,0.000000e+00
1.000000e+00,0.000000e+00,0.000000e+00,0.000000e+00,0.000000e+00,0.000000e+00,0.000000e+00,0.000000e+00,0.000000e+00,0.000000e+00,0.000000e+00,0.000000e+00,0.000000e+00,0.000000e+00,0.000000e+00
1.000000e+00,0.000000e+00,0.000000e+00,0.000000e+00,0.000000e+00,0.000000e+00,0.000000e+00,0.000000e+00,0.000000e+00,0.000000e+00,0.000000e+00,0.000000e+00,0.000000e+00,0.000000e+00,0.000000e+00
1.000000e+00,0.000000e+00,0.000000e+00,0.000000e+00,0.000000e+00,0.000000e+00,0.000000e+00,0.000000e+00,0.000000e+00,0.000000e+00,0.000000e+00,0.000000e+00,0.000000e+00,0.000000e+00,0.000000e+00
1.000000e+00,0.000000e+00,0.000000e+00,0.000000e+00,0.000000e+00,0.000000e+00,0.000000e+00,0.000000e+00,0.000000e+00,0.000000e+00,0.000000e+00,0.000000e+00,0.000000e+00,0.000000e+00,0.000000e+00
1.000000e+00,0.000000e+00,0.000000e+00,0.000000e+00,0.000000e+00,0.000000e+00,0.000000e+00,0.000000e+00,0.000000e+00,0.000000e+00,0.000000e+00,0.000000e+00,0.000000e+00,0.000000e+00,0.000000e+00
1.000000e+00,0.000000e+00,0.000000e+00,0.000000e+00,0.000000e+00,0.000000e+00,0.000000e+00,0.000000e+00,0.000000e+00,0.000000e+00,0.000000e+00,0.000000e+00,0.000000e+00,0.000000e+00,0.000000e+00
1.000000e+00,0.000000e+00,0.000000e+00,0.000000e+00,0.000000e+00,0.000000e+00,0.000000e+00,0.000000e+00,0.000000e+00,0.000000e+00,0.000000e+00,0.000000e+00,0.000000e+00,0.000000e+00,0.000000e+00
1.000000e+00,0.000000e+00,0.000000e+00,0.000000e+00,0.000000e+00,0.000000e+00,0.000000e+00,0.000000e+00,0.000000e+00,0.000000e+00,0.000000e+00,0.000000e+00,0.000000e+00,0.000000e+00,0.000000e+00
1.000000e+00,0.000000e+00,0.000000e+00,0.000000e+00,0.000000e+00,0.000000e+00,0.000000e+00,0.000000e+00,0.000000e+00,0.000000e+00,0.000000e+00,0.000000e+00,0.000000e+00,0.000000e+00,0.000000e+00
1.000000e+00,0.000000e+00,0.000000e+00,0.000000e+00,0.000000e+00,0.000000e+00,0.000000e+00,0.000000e+00,0.000000e+00,0.000000e+00,0.000000e+00,0.000000e+00,0.000000e+00,0.000000e+00,0.000000e+00
1.000000e+00,0.000000e+00,0.000000e+00,0.000000e+00,0.000000e+00,0.000000e+00,0.000000e+00,0.000000e+00,0.000000e+00,0.000000e+00,0.000000e+00,0.000000e+00,0.000000e+00,0.000000e+00,0.000000e+00
1.000000e+00,0.000000e+00,0.000000e+00,0.000000e+00,0.000000e+00,0.000000e+00,0.000000e+00,0.000000e+00,0.000000e+00,0.000000e+00,0.000000e+00,0.000000e+00,0.000000e+00,0.000000e+00,0.000000e+00
1.000000e+00,0.000000e+00,0.000000e+00,0.000000e+00,0.000000e+00,0.000000e+00,0.000000e+00,0.000000e+00,0.000000e+00,0.000000e+00,0.000000e+00,0.000000e+00,0.000000e+00,0.000000e+00,0.000000e+00
1.000000e+00,0.000000e+00,0.000000e+00,0.000000e+00,0.000000e+00,0.000000e+00,0.000000e+00,0.000000e+00,0.000000e+00,0.000000e+00,0.000000e+00,0.000000e+00,0.000000e+00,0.000000e+00,0.000000e+00
1.000000e+00,0.000000e+00,0.000000e+00,0.000000e+00,0.000000e+00,0.000000e+00,0.000000e+00,0.000000e+00,0.000000e+00,0.000000e+00,0.000000e+00,0.000000e+00,0.000000e+00,0.000000e+00,0.000000e+00
4.642221e-01,1.815413e-02,8.795345e-03,5.122247e-02,1.097142e-01,2.027140e-01,6.273891e-02,8.339770e-03,4.424817e-03,1.501130e-03,8.831714e-03,2.516031e-02,1.948699e-02,2.795708e-03,1.189840e-02
3.829430e-01,1.580535e-02,7.391729e-03,3.739408e-02,2.004021e-01,2.022734e-01,4.970902e-02,6.655078e-03,3.347572e-03,1.577257e-03,3.855443e-02,1.873828e-02,1.830095e-02,3.052623e-03,1.385519e-02
2.708112e-01,1.176569e-02,6.134425e-03,2.835663e-02,1.660224e-01,1.446356e-01,3.628503e-02,5.024488e-03,5.552005e-03,3.904522e-03,2.498576e-01,1.591418e-02,2.304449e-02,4.105515e-03,2.858636e-02
1.900448e-01,8.620412e-03,4.635014e-03,5.502607e-02,1.221543e-01,1.026796e-01,2.699723e-02,3.617513e-03,1.872955e-02,8.554142e-03,3.881666e-01,1.254525e-02,2.173272e-02,3.635968e-03,3.286084e-02
1.343131e-01,6.586635e-03,3.825066e-03,9.848262e-02,8.652325e-02,7.692643e-02,1.911931e-02,2.661545e-03,2.424897e-02,1.209855e-02,3.512923e-01,1.049473e-02,4.775881e-02,3.511534e-03,1.221573e-01
9.495436e-02,4.927858e-03,3.238761e-03,9.282182e-02,6.151400e-02,6.007241e-02,1.351814e-02,1.916609e-03,1.945952e-02,1.082255e-02,3.227324e-01,1.085456e-02,6.768762e-02,3.355638e-03,2.321238e-01
6.714621e-02,4.405016e-03,3.129747e-03,1.487708e-01,4.551645e-02,6.957948e-02,9.549022e-03,1.507727e-03,2.291198e-02,9.545931e-03,2.688843e-01,2.053486e-02,8.665980e-02,3.005714e-03,2.388530e-01
4.734496e-02,3.176703e-03,2.421555e-03,1.094833e-01,3.222590e-02,1.155903e-01,6.776793e-03,1.161237e-03,1.700666e-02,7.243297e-03,3.122112e-01,3.243679e-02,1.065361e-01,2.258291e-03,2.041269e-01
3.369633e-02,2.448672e-03,2.780853e-03,8.001621e-02,2.392481e-02,1.408337e-01,4.846034e-03,9.147506e-04,1.482878e-02,6.319053e-03,2.526410e-01,5.428407e-02,2.002073e-01,1.837317e-03,1.804211e-01
2.431165e-02,1.904113e-03,3.551057e-03,5.695459e-02,2.132591e-02,1.204627e-01,3.537836e-03,1.600270e-03,1.403624e-02,5.810727e-03,2.005770e-01,5.990943e-02,2.635130e-01,1.586141e-03,2.209193e-01
1.804274e-02,1.515479e-03,7.130588e-03,4.004795e-02,3.617998e-02,8.543435e-02,2.948199e-03,4.983608e-03,1.295392e-02,5.414722e-03,1.573220e-01,4.907543e-02,2.447400e-01,1.394851e-03,3.328162e-01
1.699894e-02,1.171695e-03,1.130347e-02,2.830742e-02,4.628448e-02,6.061865e-02,8.909510e-03,3.137802e-02,1.036570e-02,5.049876e-03,1.277412e-01,3.653518e-02,2.163632e-01,1.356621e-03,3.976161e-01
1.514447e-02,1.399840e-03,1.663231e-02,1.998579e-02,4.656102e-02,4.526000e-02,7.254836e-03,3.016205e-02,8.956875e-03,4.790151e-03,9.172762e-02,2.606250e-02,1.589308e-01,1.503853e-03,5.256279e-01
1.121919e-02,1.144320e-03,1.422009e-02,1.402615e-02,3.502195e-02,3.193135e-02,6.359348e-03,3.245965e-02,6.622972e-03,3.739303e-03,6.445935e-02,1.855211e-02,1.148385e-01,1.611359e-03,6.437944e-01
8.856477e-03,1.084407e-03,1.980863e-02,1.046688e-02,3.020553e-02,2.267633e-02,7.040724e-03,1.815194e-01,5.764243e-03,2.957138e-03,4.585814e-02,1.357368e-02,8.891840e-02,1.545464e-03,5.597246e-01
8.438513e-03,1.592963e-03,4.396980e-02,8.609010e-03,2.978150e-02,1.742774e-02,6.441122e-03,2.411133e-01,6.003908e-03,2.358198e-03,3.254819e-02,1.069640e-02,6.521298e-02,2.232663e-03,5.235738e-01
7.662700e-03,2.018759e-03,7.426425e-02,8.947376e-03,3.342288e-02,1.310232e-02,7.722114e-03,3.115135e-01,7.274210e-03,2.123614e-03,2.329235e-02,8.074167e-03,4.676558e-02,2.402879e-03,4.514133e-01
7.632733e-03,5.670270e-03,1.025385e-01,8.094830e-03,3.528146e-02,1.049996e-02,1.788169e-02,3.037899e-01,1.356184e-02,3.167539e-03,1.679923e-02,6.796499e-03,3.367832e-02,2.113126e-03,4.324940e-01
1.099805e-02,7.412212e-03,1.760603e-01,9.446653e-03,4.821568e-02,9.026697e-03,1.483812e-02,3.212426e-01,2.227207e-02,3.791349e-03,1.254562e-02,5.173266e-03,2.451521e-02,1.867270e-03,3.325948e-01
1.477807e-02,1.024583e-02,2.632554e-01,2.202662e-02,6.028318e-02,7.492502e-03,1.361823e-02,3.024250e-01,2.906317e-02,4.466305e-03,9.755211e-03,3.853552e-03,1.803509e-02,1.488990e-03,2.392129e-01
2.850320e-02,2.108681e-02,2.665945e-01,2.777898e-02,9.540083e-02,1.162087e-02,1.788255e-02,2.526035e-01,6.269585e-02,7.630733e-03,7.482147e-03,2.911184e-03,1.378543e-02,1.335275e-03,1.826881e-01
3.679166e-02,5.344248e-02,2.705452e-01,2.782537e-02,9.056527e-02,1.112968e-02,1.500736e-02,1.962766e-01,1.338980e-01,1.119557e-02,6.515576e-03,2.872338e-03,1.026939e-02,1.068536e-03,1.325970e-01
7.430398e-02,7.251058e-02,2.150223e-01,3.300389e-02,1.164783e-01,1.172716e-02,1.301511e-02,1.777698e-01,1.605291e-01,9.635504e-03,5.695484e-03,3.949024e-03,9.409665e-03,1.018044e-03,9.593216e-02
6.512886e-02,6.193196e-02,1.538605e-01,1.302112e-01,1.382282e-01,8.730394e-03,9.515583e-03,2.134539e-01,1.221439e-01,7.239866e-03,4.943961e-03,5.445736e-03,7.446935e-03,7.431250e-04,7.097590e-02
7.644027e-02,4.594781e-02,1.187582e-01,2.311743e-01,1.173954e-01,6.911928e-03,6.908468e-03,2.267110e-01,9.485687e-02,6.111993e-03,5.549959e-03,5.051223e-03,6.161359e-03,5.940897e-04,5.142712e-02
1.411295e-01,4.241806e-02,8.990649e-02,2.245859e-01,1.119262e-01,6.398118e-03,5.319715e-03,1.951004e-01,1.134007e-01,6.394065e-03,6.125662e-03,5.100065e-03,6.442596e-03,5.983607e-04,4.515415e-02
1.095086e-01,4.147499e-02,7.888132e-02,3.831731e-01,8.549387e-02,4.837142e-03,3.880474e-03,1.435093e-01,8.971766e-02,5.582573e-03,8.539793e-03,4.347736e-03,5.311566e-03,5.146393e-04,3.522724e-02
1.927632e-01,3.934836e-02,5.794870e-02,3.406660e-01,8.617040e-02,5.523497e-03,3.712309e-03,1.177714e-01,8.932848e-02,5.621832e-03,1.671942e-02,4.322251e-03,6.735159e-03,7.069359e-04,3.266215e-02
1.688723e-01,4.547931e-02,6.526630e-02,3.880555e-01,6.407590e-02,5.496555e-03,2.978746e-03,8.725033e-02,9.584659e-02,5.956901e-03,1.614688e-02,5.185395e-03,7.843100e-03,9.366644e-04,4.060957e-02
2.100367e-01,3.732296e-02,7.182617e-02,3.973036e-01,4.592381e-02,6.265961e-03,2.337327e-03,6.486841e-02,8.920313e-02,5.858899e-03,1.795407e-02,5.683198e-03,8.106511e-03,1.471924e-03,3.583730e-02
3.295808e-01,3.043500e-02,5.379894e-02,3.004821e-01,3.377205e-02,6.515287e-03,1.816530e-03,4.773970e-02,8.600844e-02,6.358551e-03,3.323944e-02,7.105046e-03,1.105824e-02,2.637102e-03,4.945284e-02
3.492521e-01,3.830772e-02,6.624094e-02,2.828317e-01,2.500136e-02,7.620981e-03,1.635676e-03,3.702645e-02,7.849428e-02,6.497968e-03,3.227725e-02,7.206949e-03,1.112935e-02,3.619594e-03,5.285764e-02
4.360669e-01,3.345672e-02,5.660045e-02,2.312508e-01,1.835625e-02,9.311132e-03,1.411309e-03,2.851687e-02,6.628887e-02,6.099028e-03,3.022777e-02,8.829856e-03,1.462230e-02,4.445991e-03,5.451566e-02
1.000000e+00,0.000000e+00,0.000000e+00,0.000000e+00,0.000000e+00,0.000000e+00,0.000000e+00,0.000000e+00,0.000000e+00,0.000000e+00,0.000000e+00,0.000000e+00,0.000000e+00,0.000000e+00,0.000000e+00
1.000000e+00,0.000000e+00,0.000000e+00,0.000000e+00,0.000000e+00,0.000000e+00,0.000000e+00,0.000000e+00,0.000000e+00,0.000000e+00,0.000000e+00,0.000000e+00,0.000000e+00,0.000000e+00,0.000000e+00
1.000000e+00,0.000000e+00,0.000000e+00,0.000000e+00,0.000000e+00,0.000000e+00,0.000000e+00,0.000000e+00,0.000000e+00,0.000000e+00,0.000000e+00,0.000000e+00,0.000000e+00,0.000000e+00,0.000000e+00
1.000000e+00,0.000000e+00,0.000000e+00,0.000000e+00,0.000000e+00,0.000000e+00,0.000000e+00,0.000000e+00,0.000000e+00,0.000000e+00,0.000000e+00,0.000000e+00,0.000000e+00,0.000000e+00,0.000000e+00
4.049734e-01,7.151815e-02,3.627900e-02,1.787602e-01,1.013165e-02,1.300441e-02,2.377156e-03,1.556617e-02,1.520461e-01,6.765651e-03,1.610821e-02,9.352584e-03,3.089173e-02,8.514392e-03,4.371115e-02
4.227009e-01,7.960945e-02,2.885820e-02,1.452095e-01,1.130185e-02,1.278141e-02,2.138871e-03,1.221813e-02,1.290685e-01,9.252749e-03,1.747210e-02,1.249784e-02,3.568362e-02,7.775380e-03,7.343151e-02
4.696361e-01,8.511763e-02,2.537064e-02,1.170661e-01,1.338993e-02,1.888283e-02,3.311234e-03,1.283438e-02,1.087585e-01,8.207019e-03,2.036003e-02,1.804476e-02,3.404423e-02,6.702984e-03,5.827363e-02
1.000000e+00,0.000000e+00,0.000000e+00,0.000000e+00,0.000000e+00,0.000000e+00,0.000000e+00,0.000000e+00,0.000000e+00,0.000000e+00,0.000000e+00,0.000000e+00,0.000000e+00,0.000000e+00,0.000000e+00
4.581483e-01,9.744900e-02,2.996431e-02,1.434317e-01,2.744170e-02,1.963380e-02,4.110008e-03,1.829548e-02,8.301201e-02,5.761300e-03,1.736442e-02,2.656548e-02,2.594901e-02,4.572059e-03,3.830141e-02
4.564210e-01,9.712305e-02,2.845629e-02,1.331496e-01,3.393522e-02,2.021165e-02,5.963294e-03,2.150019e-02,9.175721e-02,5.545938e-03,1.581134e-02,2.312009e-02,2.420962e-02,4.086452e-03,3.870900e-02
4.797589e-01,8.770808e-02,2.521957e-02,1.128005e-01,3.693176e-02,2.402271e-02,6.100816e-03,1.826347e-02,9.269091e-02,4.564027e-03,1.702333e-02,2.464502e-02,3.116206e-02,4.641579e-03,3.446720e-02
3.899469e-01,1.164273e-01,2.306341e-02,9.450385e-02,4.151852e-02,4.669835e-02,5.247575e-03,1.516408e-02,1.512241e-01,4.934190e-03,1.443702e-02,1.899997e-02,3.341321e-02,3.738793e-03,4.068269e-02
2.852076e-01,1.084055e-01,2.562219e-02,2.504792e-01,5.530074e-02,3.709981e-02,4.825838e-03,1.442186e-02,1.281865e-01,4.302048e-03,1.170897e-02,1.475456e-02,2.597650e-02,2.791254e-03,3.091729e-02
2.109309e-01,7.970396e-02,1.790345e-01,2.803217e-01,4.469936e-02,2.720703e-02,3.717444e-03,1.235748e-02,9.386242e-02,3.787321e-03,9.536037e-03,1.073718e-02,1.935908e-02,2.019552e-03,2.272594e-02
1.970616e-01,7.036255e-02,2.339685e-01,2.503510e-01,3.875255e-02,2.273037e-02,3.200768e-03,1.071219e-02,9.340513e-02,8.618979e-03,1.086590e-02,8.681408e-03,1.687694e-02,2.376889e-03,3.203518e-02
2.763503e-01,6.733328e-02,2.077294e-01,2.116734e-01,3.853938e-02,1.921829e-02,3.152533e-03,1.075757e-02,7.535945e-02,8.162847e-03,9.564890e-03,8.005397e-03,1.573258e-02,4.082181e-03,4.433848e-02
3.360280e-01,8.303095e-02,1.645554e-01,1.904595e-01,4.201821e-02,2.340756e-02,4.691441e-03,9.919545e-03,5.729995e-02,7.857488e-03,8.805487e-03,8.161698e-03,1.264293e-02,5.092261e-03,4.602959e-02
3.984733e-01,9.034814e-02,1.392184e-01,1.576098e-01,4.563938e-02,2.375582e-02,4.538602e-03,8.442083e-03,4.266723e-02,6.749571e-03,7.998199e-03,8.243751e-03,1.107227e-02,6.044849e-03,4.919851e-02
4.968385e-01,8.446311e-02,1.045156e-01,1.164966e-01,5.450638e-02,2.080915e-02,4.513038e-03,7.832450e-03,3.143524e-02,5.886505e-03,6.812215e-03,7.905813e-03,9.525144e-03,7.326076e-03,4.113428e-02
1.000000e+00,0.000000e+00,0.000000e+00,0.000000e+00,0.000000e+00,0.000000e+00,0.000000e+00,0.000000e+00,0.000000e+00,0.000000e+00,0.000000e+00,0.000000e+00,0.000000e+00,0.000000e+00,0.000000e+00
1.000000e+00,0.000000e+00,0.000000e+00,0.000000e+00,0.000000e+00,0.000000e+00,0.000000e+00,0.000000e+00,0.000000e+00,0.000000e+00,0.000000e+00,0.000000e+00,0.000000e+00,0.000000e+00,0.000000e+00
1.000000e+00,0.000000e+00,0.000000e+00,0.000000e+00,0.000000e+00,0.000000e+00,0.000000e+00,0.000000e+00,0.000000e+00,0.000000e+00,0.000000e+00,0.000000e+00,0.000000e+00,0.000000e+00,0.000000e+00
1.000000e+00,0.000000e+00,0.000000e+00,0.000000e+00,0.000000e+00,0.000000e+00,0.000000e+00,0.000000e+00,0.000000e+00,0.000000e+00,0.000000e+00,0.000000e+00,0.000000e+00,0.000000e+00,0.000000e+00
1.000000e+00,0.000000e+00,0.000000e+00,0.000000e+00,0.000000e+00,0.000000e+00,0.000000e+00,0.000000e+00,0.000000e+00,0.000000e+00,0.000000e+00,0.000000e+00,0.000000e+00,0.000000e+00,0.000000e+00
4.884114e-01,4.899805e-02,3.084417e-02,3.847488e-02,2.479452e-02,2.490227e-01,2.483129e-03,8.134843e-03,8.570747e-03,3.785054e-03,3.166861e-02,1.632785e-02,7.564804e-03,1.306406e-02,2.785517e-02
3.786432e-01,3.502795e-02,2.205680e-02,2.739681e-02,1.784269e-02,4.117662e-01,1.928175e-03,6.249146e-03,6.398383e-03,1.931931e-02,2.317009e-02,1.162955e-02,5.665065e-03,1.062214e-02,2.228433e-02
4.124193e-01,2.591364e-02,1.654011e-02,2.033731e-02,1.333927e-02,3.890053e-01,1.647398e-03,5.401397e-03,5.926576e-03,4.737236e-02,1.758638e-02,8.550625e-03,4.630189e-03,1.115074e-02,2.017939e-02
4.927158e-01,1.881197e-02,1.236453e-02,1.542185e-02,1.000038e-02,3.221374e-01,1.367159e-03,4.951582e-03,5.728410e-03,6.359689e-02,1.289255e-02,6.406460e-03,3.725520e-03,1.076613e-02,1.911344e-02
4.668023e-01,1.375901e-02,1.116211e-02,1.263213e-02,7.483375e-03,2.573754e-01,1.103758e-03,4.184434e-03,1.567708e-02,1.604779e-01,1.029066e-02,4.725671e-03,3.306540e-03,1.074874e-02,2.027080e-02
3.552977e-01,1.000479e-02,8.751115e-03,9.064825e-03,5.375145e-03,2.270210e-01,9.924193e-04,3.337097e-03,9.964639e-02,2.003477e-01,8.648783e-03,3.451196e-03,3.637033e-03,2.795000e-02,3.647491e-02
2.497312e-01,7.149564e-03,6.168145e-03,6.353481e-03,3.860964e-03,1.874619e-01,8.041825e-04,2.389064e-03,8.333720e-02,1.519860e-01,7.866332e-03,2.455526e-03,3.038806e-03,1.058751e-01,1.815226e-01
1.767657e-01,5.146077e-03,4.404962e-03,4.467625e-03,2.998493e-03,1.352350e-01,1.210878e-03,1.878688e-03,8.040716e-02,1.301934e-01,1.357808e-02,1.928804e-03,3.805227e-03,1.944052e-01,2.435747e-01
1.282984e-01,3.752080e-03,3.434518e-03,3.182945e-03,2.383523e-03,9.679861e-02,1.051559e-03,1.488709e-03,7.523265e-02,1.155813e-01,1.829230e-02,1.725772e-03,3.897136e-03,2.764050e-01,2.684754e-01
9.052873e-02,2.757755e-03,2.537503e-03,2.247447e-03,1.763225e-03,6.887653e-02,7.692856e-04,1.056853e-03,6.677447e-02,8.964884e-02,1.513606e-02,1.317426e-03,3.459772e-03,3.625225e-01,2.906036e-01
6.570288e-02,2.318437e-03,2.014075e-03,1.638300e-03,1.476059e-03,5.324285e-02,6.301121e-04,8.003650e-04,7.884385e-02,7.565766e-02,1.511702e-02,1.309988e-03,3.611114e-03,4.410171e-01,2.566202e-01
5.108449e-02,6.058954e-03,3.863271e-03,1.533143e-03,4.099234e-03,5.042275e-02,5.737909e-04,7.317600e-04,1.133033e-01,1.009327e-01,1.492809e-02,1.645470e-03,5.276210e-03,4.482025e-01,1.973443e-01
3.819841e-02,1.094640e-01,3.575800e-03,1.466346e-03,5.152408e-03,4.171272e-02,4.399154e-04,5.796726e-04,1.830402e-01,1.051818e-01,1.230136e-02,1.540074e-03,4.779077e-03,3.405000e-01,1.520681e-01
2.702083e-02,1.157199e-01,4.939979e-03,9.117202e-03,5.402310e-03,2.977720e-02,3.223060e-04,4.351010e-04,2.955512e-01,1.048036e-01,9.054724e-03,1.243982e-03,3.637710e-03,2.423385e-01,1.506353e-01
2.736500e-02,1.440007e-01,4.403814e-03,8.648545e-03,2.201170e-02,2.489402e-02,3.869042e-04,1.514308e-03,3.559644e-01,9.740926e-02,8.417834e-03,1.160699e-03,3.737985e-03,1.817756e-01,1.183093e-01
2.492215e-02,1.826667e-01,4.580582e-03,1.529563e-02,2.649592e-02,2.087900e-02,3.533495e-04,2.951723e-03,3.641049e-01,9.728868e-02,7.491294e-03,1.180926e-03,3.892594e-03,1.468871e-01,1.010095e-01
2.141999e-02,2.940512e-01,4.739822e-03,1.300033e-02,2.047678e-02,1.948236e-02,2.768343e-04,2.436080e-03,3.153022e-01,9.288312e-02,6.141806e-03,1.057211e-03,3.841738e-03,1.124486e-01,9.244192e-02
3.287444e-02,3.090713e-01,5.921273e-03,1.132414e-02,1.909323e-02,2.216441e-02,2.331442e-04,3.004054e-03,3.316043e-01,8.020682e-02,4.768279e-03,9.148859e-04,3.343990e-03,8.367837e-02,9.179723e-02
3.737807e-02,3.391666e-01,5.256415e-03,1.527349e-02,1.551604e-02,3.043332e-02,1.919256e-04,3.475363e-03,3.017417e-01,7.343079e-02,3.936456e-03,7.546864e-04,3.812377e-03,6.073475e-02,1.088980e-01
2.692076e-02,3.078197e-01,5.034695e-03,4.221509e-02,1.090087e-02,2.165114e-02,1.374114e-04,2.491378e-03,3.474484e-01,5.393696e-02,3.141368e-03,7.705919e-04,2.872077e-03,4.282479e-02,1.318348e-01
3.976179e-02,2.513408e-01,4.505728e-03,3.761390e-02,9.189415e-03,2.390549e-02,1.220981e-04,6.169475e-03,2.970639e-01,4.014462e-02,6.448723e-03,8.706949e-04,2.741388e-03,3.285602e-02,2.472660e-01
3.461539e-02,1.829813e-01,7.063038e-03,8.617959e-02,7.505410e-03,2.079547e-02,1.202137e-04,7.860274e-03,3.567947e-01,3.262761e-02,7.726669e-03,8.917594e-04,2.445979e-03,2.387520e-02,2.285174e-01
7.362082e-02,1.477707e-01,9.087825e-03,8.699867e-02,7.413759e-03,1.846468e-02,2.455589e-04,7.925036e-03,3.663173e-01,2.676910e-02,7.025911e-03,1.304841e-03,2.589514e-03,1.786870e-02,2.265976e-01
1.467329e-01,1.373430e-01,1.057793e-02,6.997372e-02,1.316861e-02,2.872731e-02,9.316654e-04,9.791043e-03,3.299106e-01,2.234615e-02,6.306553e-03,2.108830e-03,1.244948e-02,1.365161e-02,1.959807e-01
1.767831e-01,1.219132e-01,1.158249e-02,5.262164e-02,2.509347e-02,4.541441e-02,1.173852e-03,1.531220e-02,3.106258e-01,1.988076e-02,5.767386e-03,2.228656e-03,1.210954e-02,1.239241e-02,1.871011e-01
1.987130e-01,9.593395e-02,1.041551e-02,6.164314e-02,3.238422e-02,4.499597e-02,2.010072e-03,1.873714e-02,3.205003e-01,1.758522e-02,5.746630e-03,3.284276e-03,1.298955e-02,9.747814e-03,1.653132e-01
2.153611e-01,7.060853e-02,1.568755e-02,6.255464e-02,2.626460e-02,5.275606e-02,2.002269e-03,2.705230e-02,3.274534e-01,1.828832e-02,6.121896e-03,3.346912e-03,1.333295e-02,7.228491e-03,1.519410e-01
2.203616e-01,5.716643e-02,1.656518e-02,5.441612e-02,2.378860e-02,6.183102e-02,1.936023e-03,2.475180e-02,3.366033e-01,1.635743e-02,5.862847e-03,3.100574e-03,1.282384e-02,6.901638e-03,1.575336e-01
1.740088e-01,4.774353e-02,2.509070e-02,5.532169e-02,2.035167e-02,5.447160e-02,1.698356e-03,3.018225e-02,3.992943e-01,1.765132e-02,5.025798e-03,2.559690e-03,1.020189e-02,5.735990e-03,1.506625e-01
2.162592e-01,5.217485e-02,2.695386e-02,4.838696e-02,2.807090e-02,5.098849e-02,1.977816e-03,2.646476e-02,3.404190e-01,1.428094e-02,5.773702e-03,3.698179e-03,1.169809e-02,7.117060e-03,1.657363e-01
2.440334e-01,4.790237e-02,2.016328e-02,3.940270e-02,2.837340e-02,3.910091e-02,1.928488e-03,2.109634e-02,3.568085e-01,1.239325e-02,5.408737e-03,4.155164e-03,1.330128e-02,6.778754e-03,1.591535e-01
3.165501e-01,4.517043e-02,1.560069e-02,3.306570e-02,2.541805e-02,3.210128e-02,2.082525e-03,1.603785e-02,3.198994e-01,1.051273e-02,4.644814e-03,6.976310e-03,2.125330e-02,6.269973e-03,1.444169e-01
2.668212e-01,3.997242e-02,2.962673e-02,4.445075e-02,1.872467e-02,2.336725e-02,1.646809e-03,1.199767e-02,3.877813e-01,8.934606e-03,5.130999e-03,7.067265e-03,2.166031e-02,5.271475e-03,1.275467e-01
2.771326e-01,4.590217e-02,2.393456e-02,3.670194e-02,1.391478e-02,1.795963e-02,1.361678e-03,9.305977e-03,3.363864e-01,9.433053e-03,1.038339e-02,6.581594e-03,2.561099e-02,1.472671e-02,1.706646e-01
2.188487e-01,5.523621e-02,3.573119e-02,3.438262e-02,1.116737e-02,1.509431e-02,1.074080e-03,7.168608e-03,3.554157e-01,1.422213e-02,9.177824e-03,5.584707e-03,2.279648e-02,1.129361e-02,2.028065e-01
2.257142e-01,4.726534e-02,2.852251e-02,2.702482e-02,9.726279e-03,1.427538e-02,8.889895e-04,5.953151e-03,3.382223e-01,1.535219e-02,1.075988e-02,4.821301e-03,2.421751e-02,1.231913e-02,2.349370e-01
1.689046e-01,3.952327e-02,3.489608e-02,3.100829e-02,7.782415e-03,1.165405e-02,7.301968e-04,4.597894e-03,3.286219e-01,2.030078e-02,8.771055e-03,3.829141e-03,1.847480e-02,1.315085e-02,3.077547e-01
1.571987e-01,3.987838e-02,3.340650e-02,3.815450e-02,5.956449e-03,1.087777e-02,6.315695e-04,4.049677e-03,2.680261e-01,2.971048e-02,8.090092e-03,3.278880e-03,1.418807e-02,1.936461e-02,3.671883e-01
1.532788e-01,6.820550e-02,2.923884e-02,3.697458e-02,6.034528e-03,1.232122e-02,8.520070e-04,3.392406e-03,2.294165e-01,4.249931e-02,9.055026e-03,2.675350e-03,1.352781e-02,1.652435e-02,3.760039e-01
1.511409e-01,7.683005e-02,2.354874e-02,3.171708e-02,5.009979e-03,1.042384e-02,7.389534e-04,2.803739e-03,2.166027e-01,5.767123e-02,8.124818e-03,2.507871e-03,1.122620e-02,1.545830e-02,3.861956e-01
1.243586e-01,7.784849e-02,1.915558e-02,2.651314e-02,4.005795e-03,8.274298e-03,6.270787e-04,2.129386e-03,2.467582e-01,8.450716e-02,6.221403e-03,1.987899e-03,1.016532e-02,1.205312e-02,3.753946e-01
9.298277e-02,7.401971e-02,5.685315e-02,3.171446e-02,2.980106e-03,6.019962e-03,4.772029e-04,1.641236e-03,2.490818e-01,7.240163e-02,4.761981e-03,1.603734e-03,7.453196e-03,9.089853e-03,3.889193e-01
1.136045e-01,6.889553e-02,5.797757e-02,3.494401e-02,2.399381e-03,4.845121e-03,6.157114e-04,1.888531e-03,2.744431e-01,5.864365e-02,5.962673e-03,2.136403e-03,6.406291e-03,1.777783e-02,3.494597e-01
1.780654e-01,6.174912e-02,5.986903e-02,3.921308e-02,4.288872e-03,5.611682e-03,7.561169e-04,2.221594e-03,2.220809e-01,4.643137e-02,1.167732e-02,2.760654e-03,6.014234e-03,2.558971e-02,3.336709e-01
3.019711e-01,6.101602e-02,5.488487e-02,3.840457e-02,6.462726e-03,7.562131e-03,1.256477e-03,3.160934e-03,1.660787e-01,3.348010e-02,1.204482e-02,3.837266e-03,6.590167e-03,2.215782e-02,2.810923e-01
2.731159e-01,6.786484e-02,7.765009e-02,5.756192e-02,6.275212e-03,6.879356e-03,1.128783e-03,2.559868e-03,1.475362e-01,2.691327e-02,1.001484e-02,4.079836e-03,5.460998e-03,1.689385e-02,2.960650e-01
3.283066e-01,7.126489e-02,9.804162e-02,6.813514e-02,9.500789e-03,7.378645e-03,2.016331e-03,4.787233e-03,1.112679e-01,2.030900e-02,9.086637e-03,4.653771e-03,5.547056e-03,1.616417e-02,2.435402e-01
4.086699e-01,9.539437e-02,7.471627e-02,6.416311e-02,1.974412e-02,2.072455e-02,3.948417e-03,7.569792e-03,8.202213e-02,1.442978e-02,9.272199e-03,5.415611e-03,5.558604e-03,1.300608e-02,1.753650e-01
4.209129e-01,1.186009e-01,7.164565e-02,6.361130e-02,3.552224e-02,2.894788e-02,4.498559e-03,8.427870e-03,6.491926e-02,1.051051e-02,8.820108e-03,5.507666e-03,5.001090e-03,1.271482e-02,1.403592e-01
3.377435e-01,1.448463e-01,6.101459e-02,1.939585e-01,3.559801e-02,2.421594e-02,3.817401e-03,1.024596e-02,4.913844e-02,7.685737e-03,7.627749e-03,5.364255e-03,4.264214e-03,9.603887e-03,1.048755e-01
2.861894e-01,1.505745e-01,9.994897e-02,1.798553e-01,4.036848e-02,2.068698e-02,3.114226e-03,8.718787e-03,5.253254e-02,9.038600e-03,7.666877e-03,5.522068e-03,3.703931e-03,1.011118e-02,1.219682e-01
3.085853e-01,1.460171e-01,1.517506e-01,1.445707e-01,3.773187e-02,1.850760e-02,3.155256e-03,9.785078e-03,4.058554e-02,8.193958e-03,7.515017e-03,8.357229e-03,4.318421e-03,9.966100e-03,1.009601e-01
4.208971e-01,1.188148e-01,1.361626e-01,1.213083e-01,3.065477e-02,1.521496e-02,2.620774e-03,8.190487e-03,3.149966e-02,6.311918e-03,7.782166e-03,9.776500e-03,4.783768e-03,8.544664e-03,7.743750e-02
1.000000e+00,0.000000e+00,0.000000e+00,0.000000e+00,0.000000e+00,0.000000e+00,0.000000e+00,0.000000e+00,0.000000e+00,0.000000e+00,0.000000e+00,0.000000e+00,0.000000e+00,0.000000e+00,0.000000e+00
1.000000e+00,0.000000e+00,0.000000e+00,0.000000e+00,0.000000e+00,0.000000e+00,0.000000e+00,0.000000e+00,0.000000e+00,0.000000e+00,0.000000e+00,0.000000e+00,0.000000e+00,0.000000e+00,0.000000e+00
4.882687e-01,8.380557e-02,8.411410e-02,1.730844e-01,2.399352e-02,1.068466e-02,1.446128e-03,6.590189e-03,2.326145e-02,3.881341e-03,2.017699e-02,9.728068e-03,5.417501e-03,1.516037e-02,5.038707e-02
1.000000e+00,0.000000e+00,0.000000e+00,0.000000e+00,0.000000e+00,0.000000e+00,0.000000e+00,0.000000e+00,0.000000e+00,0.000000e+00,0.000000e+00,0.000000e+00,0.000000e+00,0.000000e+00,0.000000e+00
1.000000e+00,0.000000e+00,0.000000e+00,0.000000e+00,0.000000e+00,0.000000e+00,0.000000e+00,0.000000e+00,0.000000e+00,0.000000e+00,0.000000e+00,0.000000e+00,0.000000e+00,0.000000e+00,0.000000e+00
1.000000e+00,0.000000e+00,0.000000e+00,0.000000e+00,0.000000e+00,0.000000e+00,0.000000e+00,0.000000e+00,0.000000e+00,0.000000e+00,0.000000e+00,0.000000e+00,0.000000e+00,0.000000e+00,0.000000e+00
1.000000e+00,0.000000e+00,0.000000e+00,0.000000e+00,0.000000e+00,0.000000e+00,0.000000e+00,0.000000e+00,0.000000e+00,0.000000e+00,0.000000e+00,0.000000e+00,0.000000e+00,0.000000e+00,0.000000e+00
4.204869e-01,6.198376e-02,3.406053e-02,2.344660e-01,1.003835e-02,9.547486e-03,1.489796e-03,4.973066e-03,3.785480e-02,6.451346e-03,1.373370e-02,1.243035e-02,8.281062e-03,1.023560e-02,1.339673e-01
3.226781e-01,4.745768e-02,2.747066e-02,1.763847e-01,7.459221e-03,7.593849e-03,1.259970e-03,3.740043e-03,3.509622e-02,6.467490e-03,1.683280e-02,1.195080e-02,8.222571e-03,4.577348e-02,2.816124e-01
2.416289e-01,3.448015e-02,2.135615e-02,1.252119e-01,5.646847e-03,5.891635e-03,1.019192e-03,2.850876e-03,4.863795e-02,1.015861e-02,1.625926e-02,1.287373e-02,1.198946e-02,1.076047e-01,3.543906e-01
1.813603e-01,2.558141e-02,1.793142e-02,8.947837e-02,4.414757e-03,4.701945e-03,9.701080e-04,2.190459e-03,4.877329e-02,9.697413e-03,1.374579e-02,1.089664e-02,1.000059e-02,1.764972e-01,4.037603e-01
1.723680e-01,2.130273e-02,1.874227e-02,6.731726e-02,5.528692e-03,4.019627e-03,7.916187e-04,2.293709e-03,6.355354e-02,1.473683e-02,1.565658e-02,9.280162e-03,1.042688e-02,2.307871e-01,3.631949e-01
1.261893e-01,1.518833e-02,1.341081e-02,4.715493e-02,3.996506e-03,2.894571e-03,5.699514e-04,1.621117e-03,4.542291e-02,1.108651e-02,1.136293e-02,6.718622e-03,7.503290e-03,4.388472e-01,2.680330e-01
9.354676e-02,1.079079e-02,9.471812e-03,3.302320e-02,2.850970e-03,2.098289e-03,4.116897e-04,1.144025e-03,3.355057e-02,1.022915e-02,8.431802e-03,4.868217e-03,5.449141e-03,5.886211e-01,1.955125e-01
6.826163e-02,7.967070e-03,8.493002e-03,2.320110e-02,2.474342e-03,1.829853e-03,3.285929e-04,8.289639e-04,3.794264e-02,3.561167e-02,6.501877e-03,3.529298e-03,4.101090e-03,6.341299e-01,1.647989e-01
5.162171e-02,6.091546e-03,1.025350e-02,1.631206e-02,2.342209e-03,1.753621e-03,3.039408e-04,6.398496e-04,3.304132e-02,5.789293e-02,5.214023e-03,2.601648e-03,3.001088e-03,6.855286e-01,1.234019e-01
3.699164e-02,4.655249e-03,8.191464e-03,1.144937e-02,1.921065e-03,1.608626e-03,2.347308e-04,4.789813e-04,2.763410e-02,2.036636e-01,5.205963e-03,2.093509e-03,2.373030e-03,5.967132e-01,9.678540e-02
2.627721e-02,3.314694e-03,6.578291e-03,8.039733e-03,1.519469e-03,1.335090e-03,1.700587e-04,3.630506e-04,2.089093e-02,3.538848e-01,4.242570e-03,1.635507e-03,1.783282e-03,4.983007e-01,7.166451e-02
2.097674e-02,3.022297e-03,5.765363e-03,5.769721e-03,1.634668e-03,1.377865e-03,2.163757e-04,6.862975e-04,2.701916e-02,4.220248e-01,9.792077e-03,2.868222e-03,2.520517e-03,4.351410e-01,6.118471e-02
1.603806e-02,3.974060e-03,6.663744e-03,5.018076e-03,5.280765e-03,1.540327e-03,4.651221e-04,1.533089e-03,5.158486e-02,4.789554e-01,1.890749e-02,3.484894e-03,4.803624e-03,3.460009e-01,5.574949e-02
1.273602e-02,4.860126e-03,7.432909e-03,4.505180e-03,6.049896e-03,2.497033e-03,5.804849e-04,1.500664e-03,6.283982e-02,4.850870e-01,2.584503e-02,5.058954e-03,7.467258e-03,3.246513e-01,4.888823e-02
1.082745e-02,6.859185e-03,6.591165e-03,5.365596e-03,1.238407e-02,3.673921e-03,9.515656e-04,4.734729e-03,1.125038e-01,4.303645e-01,3.497294e-02,9.136558e-03,1.070967e-02,2.874836e-01,6.344122e-02
1.199241e-02,8.336926e-03,6.061096e-03,1.212182e-02,2.045035e-02,3.449757e-03,8.614326e-04,8.529004e-03,2.605169e-01,3.511407e-01,3.779547e-02,8.080160e-03,1.232354e-02,2.113552e-01,4.698522e-02
1.689330e-02,6.792962e-03,7.674571e-03,1.176906e-01,1.905968e-02,1.135201e-02,1.491540e-03,1.119468e-01,1.939054e-01,2.571764e-01,4.307911e-02,6.637273e-03,1.433260e-02,1.559841e-01,3.598363e-02
2.023221e-02,5.245669e-03,1.025086e-02,1.457849e-01,1.569776e-02,1.020193e-02,4.466440e-03,2.768875e-01,1.364009e-01,1.896901e-01,3.237102e-02,4.880981e-03,1.030752e-02,1.114122e-01,2.616989e-02
2.340567e-02,4.165761e-03,1.372899e-02,1.185752e-01,1.275368e-02,1.302259e-02,7.242427e-02,3.707163e-01,9.614644e-02,1.413053e-01,2.348880e-02,3.666308e-03,7.838805e-03,7.826373e-02,2.049818e-02
3.366154e-02,4.359664e-03,1.959569e-02,1.008171e-01,1.306110e-02,1.183468e-02,1.377570e-01,4.057422e-01,7.085411e-02,1.021948e-01,1.737024e-02,2.901623e-03,5.987432e-03,5.492331e-02,1.893961e-02
3.426256e-02,3.702466e-03,2.027097e-02,8.750181e-02,1.386986e-02,1.007519e-02,2.318529e-01,3.975437e-01,5.128008e-02,7.536907e-02,1.303706e-02,2.186097e-03,4.931123e-03,3.861216e-02,1.550496e-02
9.075539e-02,3.654592e-03,2.296603e-02,6.622665e-02,1.297987e-02,1.025704e-02,2.742675e-01,3.619379e-01,4.212880e-02,5.675241e-02,9.635264e-03,2.464468e-03,4.779876e-03,2.732928e-02,1.386495e-02
1.786413e-01,4.023450e-03,2.363035e-02,4.958452e-02,1.264046e-02,1.178558e-02,2.776550e-01,3.026499e-01,3.978010e-02,4.582033e-02,8.561184e-03,4.875770e-03,5.096208e-03,1.964788e-02,1.560800e-02
2.180642e-01,3.925909e-03,2.532830e-02,3.673777e-02,1.331908e-02,1.319094e-02,2.997519e-01,2.611111e-01,3.632716e-02,3.401414e-02,9.376492e-03,1.054075e-02,6.745914e-03,1.467856e-02,1.688777e-02
2.281654e-01,3.246869e-03,2.483087e-02,2.927964e-02,1.359451e-02,1.295094e-02,2.448829e-01,3.419722e-01,2.821243e-02,2.432572e-02,8.140950e-03,1.056359e-02,6.245111e-03,1.062273e-02,1.296612e-02
2.388632e-01,3.145077e-03,2.620079e-02,2.471708e-02,1.373615e-02,1.321003e-02,2.035138e-01,3.922600e-01,2.206739e-02,1.788648e-02,7.419749e-03,1.127045e-02,6.557496e-03,7.962499e-03,1.118982e-02
2.820664e-01,3.774557e-03,2.531028e-02,1.958003e-02,1.348187e-02,1.542887e-02,1.678996e-01,3.894458e-01,2.340252e-02,1.318372e-02,7.800230e-03,1.359373e-02,7.783288e-03,6.632579e-03,1.061650e-02
3.297440e-01,5.288167e-03,2.533315e-02,1.707404e-02,1.514189e-02,2.031088e-02,1.311045e-01,3.516752e-01,2.903737e-02,1.189318e-02,1.188094e-02,2.326588e-02,1.065911e-02,5.912730e-03,1.167896e-02
3.297318e-01,6.692666e-03,2.967054e-02,1.474344e-02,1.730957e-02,2.208422e-02,1.323800e-01,3.346159e-01,2.680734e-02,1.139604e-02,1.645330e-02,2.689708e-02,1.212923e-02,5.147819e-03,1.394112e-02
2.768599e-01,5.854288e-03,2.659955e-02,1.953106e-02,1.997721e-02,1.715543e-02,1.193363e-01,4.185690e-01,2.382857e-02,8.989957e-03,1.519234e-02,2.199071e-02,1.072870e-02,3.799665e-03,1.158730e-02
2.022571e-01,4.992417e-03,2.303661e-02,1.713013e-02,1.946616e-02,1.531905e-02,1.516167e-01,3.859838e-01,1.860784e-02,2.957634e-02,3.642532e-02,5.106119e-02,1.860981e-02,1.229702e-02,1.362048e-02
1.439852e-01,4.211971e-03,1.755994e-02,6.264216e-02,1.478439e-02,1.279534e-02,1.070789e-01,2.802356e-01,3.360490e-02,2.731530e-02,8.160556e-02,8.871001e-02,7.090235e-02,3.557812e-02,1.899038e-02
1.019881e-01,3.220557e-03,1.262672e-02,4.848596e-02,1.234596e-02,1.022473e-02,7.678409e-02,1.967328e-01,3.069310e-02,3.286084e-02,8.358289e-02,9.128340e-02,7.913277e-02,1.521202e-01,6.791792e-02
7.367117e-02,2.733951e-03,9.492210e-03,3.898402e-02,1.429416e-02,8.062657e-03,5.582643e-02,1.398635e-01,2.747653e-02,3.306624e-02,1.025496e-01,1.040162e-01,1.010353e-01,1.910535e-01,9.787458e-02
5.281775e-02,2.040318e-03,7.457388e-03,3.097722e-02,4.198984e-02,5.973125e-03,3.928851e-02,1.053759e-01,2.323424e-02,2.975092e-02,1.477625e-01,1.234157e-01,9.239384e-02,1.738481e-01,1.236747e-01
4.234749e-02,1.717103e-03,7.210332e-03,2.407557e-02,5.784304e-02,4.351344e-03,2.762499e-02,7.851481e-02,3.289704e-02,2.591362e-02,1.265284e-01,1.213078e-01,7.836898e-02,2.378526e-01,1.334468e-01
1.068779e-01,2.753018e-03,5.713135e-02,3.863905e-02,5.768605e-02,7.001744e-03,1.979798e-02,6.396247e-02,3.791008e-02,2.150060e-02,1.186806e-01,9.021987e-02,5.851744e-02,2.147207e-01,1.046012e-01
8.319622e-02,2.402523e-03,1.245916e-01,3.349927e-02,4.637126e-02,5.350433e-03,1.522379e-02,1.750885e-01,3.347312e-02,1.766071e-02,9.883980e-02,6.635112e-02,4.647479e-02,1.764634e-01,7.501347e-02
6.440855e-02,3.151526e-03,2.831394e-01,6.993128e-02,3.850082e-02,4.543663e-03,1.131792e-02,1.463853e-01,2.932329e-02,1.286375e-02,7.511390e-02,4.706544e-02,3.392188e-02,1.272761e-01,5.305722e-02
4.648961e-02,9.275348e-03,4.072759e-01,7.412421e-02,3.056644e-02,5.294025e-03,8.014691e-03,1.130650e-01,4.473445e-02,9.858874e-03,6.211288e-02,3.585516e-02,2.553105e-02,9.003180e-02,3.777060e-02
3.927755e-02,3.002162e-02,4.380810e-01,6.856738e-02,2.476691e-02,4.512798e-03,5.677196e-03,8.845942e-02,9.591371e-02,8.123641e-03,5.874586e-02,2.694008e-02,1.970343e-02,6.396095e-02,2.724854e-02
3.064812e-02,5.370832e-02,4.524653e-01,1.135043e-01,1.957840e-02,3.955740e-03,4.090306e-03,6.502797e-02,9.070918e-02,8.161352e-03,5.438858e-02,1.949753e-02,1.556832e-02,4.525483e-02,2.344181e-02
2.378379e-02,9.606965e-02,4.257033e-01,1.491820e-01,1.733916e-02,3.401784e-03,2.946883e-03,4.864462e-02,1.037875e-01,8.407647e-03,4.395071e-02,1.392056e-02,1.189785e-02,3.178728e-02,1.917735e-02
1.694259e-02,7.768282e-02,4.297264e-01,2.245712e-01,1.258457e-02,2.658769e-03,2.076819e-03,3.433100e-02,9.789155e-02,8.233674e-03,3.419804e-02,1.000474e-02,9.361833e-03,2.228061e-02,1.745542e-02
1.296836e-02,9.320367e-02,3.911909e-01,2.512609e-01,9.450730e-03,2.323727e-03,1.497998e-03,2.420568e-02,9.896876e-02,1.086480e-02,4.155800e-02,8.840166e-03,1.194075e-02,1.604984e-02,2.567578e-02
1.881892e-02,1.566069e-01,3.232391e-01,1.974028e-01,9.892004e-03,2.945224e-03,1.164267e-03,1.733496e-02,9.521975e-02,1.246527e-02,6.839871e-02,7.257367e-03,1.192036e-02,1.221792e-02,6.511639e-02
