1.000000e+00,0.000000e+00,0.000000e+00,0.000000e+00,0.000000e+00,0.000000e+00,0.000000e+00,0.000000e+00,0.000000e+00,0.000000e+00,0.000000e+00,0.000000e+00,0.000000e+00,0.000000e+00,0.000000e+00
1.000000e+00,0.000000e+00,0.000000e+00,0.000000e+00,0.000000e+00,0.000000e+00,0.000000e+00,0.000000e+00,0.000000e+00,0.000000e+00,0.000000e+00,0.000000e+00,0.000000e+00,0.000000e+00,0.000000e+00
1.000000e+00,0.000000e+00,0.000000e+00,0.000000e+00,0.000000e+00,0.000000e+00,0.000000e+00,0.000000e+00,0.000000e+00,0.000000e+00,0.000000e+00,0.000000e+00,0.000000e+00,0.000000e+00,0.000000e+00
1.000000e+00,0.000000e+00,0.000000e+00,0.000000e+00,0.000000e+00,0.000000e+00,0.000000e+00,0.000000e+00,0.000000e+00,0.000000e+00,0.000000e+00,0.000000e+00,0.000000e+00,0.000000e+00,0.000000e+00
1.000000e+00,0.000000e+00,0.000000e+00,0.000000e+00,0.000000e+00,0.000000e+00,0.000000e+00,0.000000e+00,0.000000e+00,0.000000e+00,0.000000e+00,0.000000e+00,0.000000e+00,0.000000e+00,0.000000e+00
1.000000e+00,0.000000e+00,0.000000e+00,0.000000e+00,0.000000e+00,0.000000e+00,0.000000e+00,0.000000e+00,0.000000e+00,0.000000e+00,0.000000e+00,0.000000e+00,0.000000e+00,0.000000e+00,0.000000e+00
1.000000e+00,0.000000e+00,0.000000e+00,0.000000e+00,0.000000e+00,0.000000e+00,0.000000e+00,0.000000e+00,0.000000e+00,0.000000e+00,0.000000e+00,0.000000e+00,0.000000e+00,0.000000e+00,0.000000e+00
1.000000e+00,0.000000e+00,0.000000e+00,0.000000e+00,0.000000e+00,0.000000e+00,0.000000e+00,0.000000e+00,0.000000e+00,0.000000e+00,0.000000e+00,0.000000e+00,0.000000e+00,0.000000e+00,0.000000e+00
1.000000e+00,0.000000e+00,0.000000e+00,0.000000e+00,0.000000e+00,0.000000e+00,0.000000e+00,0.000000e+00,0.000000e+00,0.000000e+00,0.000000e+00,0.000000e+00,0.000000e+00,0.000000e+00,0.000000e+00
1.000000e+00,0.000000e+00,0.000000e+00,0.000000e+00,0.000000e+00,0.000000e+00,0.000000e+00,0.000000e+00,0.000000e+00,0.000000e+00,0.000000e+00,0.000000e+00,0.000000e+00,0.000000e+00,0.000000e+00
1.000000e+00,0.000000e+00,0.000000e+00,0.000000e+00,0.000000e+00,0.000000e+00,0.000000e+00,0.000000e+00,0.000000e+00,0.000000e+00,0.000000e+00,0.000000e+00,0.000000e+00,0.000000e+00,0.000000e+00
1.000000e+00,0.000000e+00,0.000000e+00,0.000000e+00,0.000000e+00,0.000000e+00,0.000000e+00,0.000000e+00,0.000000e+00,0.000000e+00,0.000000e+00,0.000000e+00,0.000000e+00,0.000000e+00,0.000000e+00
1.000000e+00,0.000000e+00,0.000000e+00,0.000000e+00,0.000000e+00,0.000000e+00,0.000000e+00,0.000000e+00,0.000000e+00,0.000000e+00,0.000000e+00,0.000000e+00,0.000000e+00,0.000000e+00,0.000000e+00
1.000000e+00,0.000000e+00,0.000000e+00,0.000000e+00,0.000000e+00,0.000000e+00,0.000000e+00,0.000000e+00,0.000000e+00,0.000000e+00,0.000000e+00,0.000000e+00,0.000000e+00,0.000000e+00,0.000000e+00
1.000000e+00,0.000000e+00,0.000000e+00,0.000000e+00,0.000000e+00,0.000000e+00,0.000000e+00,0.000000e+00,0.000000e+00,0.000000e+00,0.000000e+00,0.000000e+00,0.000000e+00,0.000000e+00,0.000000e+00
1.000000e+00,0.000000e+00,0.000000e+00,0.000000e+00,0.000000e+00,0.000000e+00,0.000000e+00,0.000000e+00,0.000000e+00,0.000000e+00,0.000000e+00,0.000000e+00,0.000000e+00,0.000000e+00,0.000000e+00
1.000000e+00,0.000000e+00,0.000000e+00,0.000000e+00,0.000000e+00,0.000000e+00,0.000000e+00,0.000000e+00,0.000000e+00,0.000000e+00,0.000000e+00,0.000000e+00,0.000000e+00,0.000000e+00,0.000000e+00
1.000000e+00,0.000000e+00,0.000000e+00,0.000000e+00,0.000000e+00,0.000000e+00,0.000000e+00,0.000000e+00,0.000000e+00,0.000000e+00,0.000000e+00,0.000000e+00,0.000000e+00,0.000000e+00,0.000000e+00
1.000000e+00,0.000000e+00,0.000000e+00,0.000000e+00,0.000000e+00,0.000000e+00,0.000000e+00,0.000000e+00,0.000000e+00,0.000000e+00,0.000000e+00,0.000000e+00,0.000000e+00,0.000000e+00,0.000000e+00
1.000000e+00,0.000000e+00,0.000000e+00,0.000000e+00,0.000000e+00,0.000000e+00,0.000000e+00,0.000000e+00,0.000000e+00,0.000000e+00,0.000000e+00,0.000000e+00,0.000000e+00,0.000000e+00,0.000000e+00
1.000000e+00,0.000000e+00,0.000000e+00,0.000000e+00,0.000000e+00,0.000000e+00,0.000000e+00,0.000000e+00,0.000000e+00,0.000000e+00,0.000000e+00,0.000000e+00,0.000000e+00,0.000000e+00,0.000000e+00
1.000000e+00,0.000000e+00,0.000000e+00,0.000000e+00,0.000000e+00,0.000000e+00,0.000000e+00,0.000000e+00,0.000000e+00,0.000000e+00,0.000000e+00,0.000000e+00,0.000000e+00,0.000000e+00,0.000000e+00
1.000000e+00,0.000000e+00,0.000000e+00,0.000000e+00,0.000000e+00,0.000000e+00,0.000000e+00,0.000000e+00,0.000000e+00,0.000000e+00,0.000000e+00,0.000000e+00,0.000000e+00,0.000000e+00,0.000000e+00
1.000000e+00,0.000000e+00,0.000000e+00,0.000000e+00,0.000000e+00,0.000000e+00,0.000000e+00,0.000000e+00,0.000000e+00,0.000000e+00,0.000000e+00,0.000000e+00,0.000000e+00,0.000000e+00,0.000000e+00
1.000000e+00,0.000000e+00,0.000000e+00,0.000000e+00,0.000000e+00,0.000000e+00,0.000000e+00,0.000000e+00,0.000000e+00,0.000000e+00,0.000000e+00,0.000000e+00,0.000000e+00,0.000000e+00,0.000000e+00
1.000000e+00,0.000000e+00,0.000000e+00,0.000000e+00,0.000000e+00,0.000000e+00,0.000000e+00,0.000000e+00,0.000000e+00,0.000000e+00,0.000000e+00,0.000000e+00,0.000000e+00,0.000000e+00,0.000000e+00
1.000000e+00,0.000000e+00,0.000000e+00,0.000000e+00,0.000000e+00,0.000000e+00,0.000000e+00,0.000000e+00,0.000000e+00,0.000000e+00,0.000000e+00,0.000000e+00,0.000000e+00,0.000000e+00,0.000000e+00
1.000000e+00,0.000000e+00,0.000000e+00,0.000000e+00,0.000000e+00,0.000000e+00,0.000000e+00,0.000000e+00,0.000000e+00,0.000000e+00,0.000000e+00,0.000000e+00,0.000000e+00,0.000000e+00,0.000000e+00
1.000000e+00,0.000000e+00,0.000000e+00,0.000000e+00,0.000000e+00,0.000000e+00,0.000000e+00,0.000000e+00,0.000000e+00,0.000000e+00,0.000000e+00,0.000000e+00,0.000000e+00,0.000000e+00,0.000000e+00
1.000000e+00,0.000000e+00,0.000000e+00,0.000000e+00,0.000000e+00,0.000000e+00,0.000000e+00,0.000000e+00,0.000000e+00,0.000000e+00,0.000000e+00,0.000000e+00,0.000000e+00,0.000000e+00,0.000000e+00
1.000000e+00,0.000000e+00,0.000000e+00,0.000000e+00,0.000000e+00,0.000000e+00,0.000000e+00,0.000000e+00,0.000000e+00,0.000000e+00,0.000000e+00,0.000000e+00,0.000000e+00,0.000000e+00,0.000000e+00
1.000000e+00,0.000000e+00,0.000000e+00,0.000000e+00,0.000000e+00,0.000000e+00,0.000000e+00,0.000000e+00,0.000000e+00,0.000000e+00,0.000000e+00,0.000000e+00,0.000000e+00,0.000000e+00,0.000000e+00
1.000000e+00,0.000000e+00,0.000000e+00,0.000000e+00,0.000000e+00,0.000000e+00,0.000000e+00,0.000000e+00,0.000000e+00,0.000000e+00,0.000000e+00,0.000000e+00,0.000000e+00,0.000000e+00,0.000000e+00
1.000000e+00,0.000000e+00,0.000000e+00,0.000000e+00,0.000000e+00,0.000000e+00,0.000000e+00,0.000000e+00,0.000000e+00,0.000000e+00,0.000000e+00,0.000000e+00,0.000000e+00,0.000000e+00,0.000000e+00
1.000000e+00,0.000000e+00,0.000000e+00,0.000000e+00,0.000000e+00,0.000000e+00,0.000000e+00,0.000000e+00,0.000000e+00,0.000000e+00,0.000000e+00,0.000000e+00,0.000000e+00,0.000000e+00,0.000000e+00
1.000000e+00,0.000000e+00,0.000000e+00,0.000000e+00,0.000000e+00,0.000000e+00,0.000000e+00,0.000000e+00,0.000000e+00,0.000000e+00,0.000000e+00,0.000000e+00,0.000000e+00,0.000000e+00,0.000000e+00
1.000000e+00,0.000000e+00,0.000000e+00,0.000000e+00,0.000000e+00,0.000000e+00,0.000000e+00,0.000000e+00,0.000000e+00,0.000000e+00,0.000000e+00,0.000000e+00,0.000000e+00,0.000000e+00,0.000000e+00
1.000000e+00,0.000000e+00,0.000000e+00,0.000000e+00,0.000000e+00,0.000000e+00,0.000000e+00,0.000000e+00,0.000000e+00,0.000000e+00,0.000000e+00,0.000000e+00,0.000000e+00,0.000000e+00,0.000000e+00
1.000000e+00,0.000000e+00,0.000000e+00,0.000000e+00,0.000000e+00,0.000000e+00,0.000000e+00,0.000000e+00,0.000000e+00,0.000000e+00,0.000000e+00,0.000000e+00,0.000000e+00,0.000000e+00,0.000000e+00
1.000000e+00,0.000000e+00,0.000000e+00,0.000000e+00,0.000000e+00,0.000000e+00,0.000000e+00,0.000000e+00,0.000000e+00,0.000000e+00,0.000000e+00,0.000000e+00,0.000000e+00,0.000000e+00,0.000000e+00
1.000000e+00,0.000000e+00,0.000000e+00,0.000000e+00,0.000000e+00,0.000000e+00,0.000000e+00,0.000000e+00,0.000000e+00,0.000000e+00,0.000000e+00,0.000000e+00,0.000000e+00,0.000000e+00,0.000000e+00
1.000000e+00,0.000000e+00,0.000000e+00,0.000000e+00,0.000000e+00,0.000000e+00,0.000000e+00,0.000000e+00,0.000000e+00,0.000000e+00,0.000000e+00,0.000000e+00,0.000000e+00,0.000000e+00,0.000000e+00
1.000000e+00,0.000000e+00,0.000000e+00,0.000000e+00,0.000000e+00,0.000000e+00,0.000000e+00,0.000000e+00,0.000000e+00,0.000000e+00,0.000000e+00,0.000000e+00,0.000000e+00,0.000000e+00,0.000000e+00
1.000000e+00,0.000000e+00,0.000000e+00,0.000000e+00,0.000000e+00,0.000000e+00,0.000000e+00,0.000000e+00,0.000000e+00,0.000000e+00,0.000000e+00,0.000000e+00,0.000000e+00,0.000000e+00,0.000000e+00
1.000000e+00,0.000000e+00,0.000000e+00,0.000000e+00,0.000000e+00,0.000000e+00,0.000000e+00,0.000000e+00,0.000000e+00,0.000000e+00,0.000000e+00,0.000000e+00,0.000000e+00,0.000000e+00,0.000000e+00
1.000000e+00,0.000000e+00,0.000000e+00,0.000000e+00,0.000000e+00,0.000000e+00,0.000000e+00,0.000000e+00,0.000000e+00,0.000000e+00,0.000000e+00,0.000000e+00,0.000000e+00,0.000000e+00,0.000000e+00
1.000000e+00,0.000000e+00,0.000000e+00,0.000000e+00,0.000000e+00,0.000000e+00,0.000000e+00,0.000000e+00,0.000000e+00,0.000000e+00,0.000000e+00,0.000000e+00,0.000000e+00,0.000000e+00,0.000000e+00
1.000000e+00,0.000000e+00,0.000000e+00,0.000000e+00,0.000000e+00,0.000000e+00,0.000000e+00,0.000000e+00,0.000000e+00,0.000000e+00,0.000000e+00,0.000000e+00,0.000000e+00,0.000000e+00,0.000000e+00
1.000000e+00,0.000000e+00,0.000000e+00,0.000000e+00,0.000000e+00,0.000000e+00,0.000000e+00,0.000000e+00,0.000000e+00,0.000000e+00,0.000000e+00,0.000000e+00,0.000000e+00,0.000000e+00,0.000000e+00
1.000000e+00,0.000000e+00,0.000000e+00,0.000000e+00,0.000000e+00,0.000000e+00,0.000000e+00,0.000000e+00,0.000000e+00,0.000000e+00,0.000000e+00,0.000000e+00,0.000000e+00,0.000000e+00,0.000000e+00
1.000000e+00,0.000000e+00,0.000000e+00,0.000000e+00,0.000000e+00,0.000000e+00,0.000000e+00,0.000000e+00,0.000000e+00,0.000000e+00,0.000000e+00,0.000000e+00,0.000000e+00,0.000000e+00,0.000000e+00
1.000000e+00,0.000000e+00,0.000000e+00,0.000000e+00,0.000000e+00,0.000000e+00,0.000000e+00,0.000000e+00,0.000000e+00,0.000000e+00,0.000000e+00,0.000000e+00,0.000000e+00,0.000000e+00,0.000000e+00
1.000000e+00,0.000000e+00,0.000000e+00,0.000000e+00,0.000000e+00,0.000000e+00,0.000000e+00,0.000000e+00,0.000000e+00,0.000000e+00,0.000000e+00,0.000000e+00,0.000000e+00,0.000000e+00,0.000000e+00
1.000000e+00,0.000000e+00,0.000000e+00,0.000000e+00,0.000000e+00,0.000000e+00,0.000000e+00,0.000000e+00,0.000000e+00,0.000000e+00,0.000000e+00,0.000000e+00,0.000000e+00,0.000000e+00,0.000000e+00
4.725142e-01,6.200652e-02,9.826495e-02,8.105636e-02,6.993867e-03,2.153586e-02,3.363112e-03,5.870957e-03,7.467858e-03,8.209128e-03,1.518693e-01,3.641973e-02,7.981406e-03,1.037762e-02,2.606912e-02
3.417008e-01,4.457532e-02,7.083727e-02,5.779921e-02,5.131679e-03,2.063883e-02,2.441667e-03,4.426692e-03,5.820842e-03,6.194956e-03,3.701638e-01,3.654344e-02,5.788403e-03,8.827312e-03,1.910978e-02
2.399255e-01,3.172057e-02,4.994805e-02,4.086403e-02,3.703030e-03,1.638128e-02,1.724037e-03,3.154801e-03,4.594470e-03,5.476562e-03,5.233462e-01,5.160839e-02,4.270866e-03,8.779377e-03,1.450283e-02
1.701881e-01,2.540701e-02,3.562668e-02,3.111561e-02,4.687685e-03,1.439563e-02,1.360285e-03,2.971872e-03,1.010310e-02,4.639332e-03,5.982704e-01,6.983437e-02,3.255990e-03,1.002995e-02,1.811405e-02
1.194547e-01,2.279717e-02,2.594630e-02,2.331343e-02,8.345580e-03,1.136410e-02,1.169276e-03,2.329135e-03,1.062261e-01,4.366505e-03,5.453711e-01,9.404266e-02,2.746491e-03,1.222648e-02,2.030105e-02
8.423179e-02,2.028432e-02,3.846329e-02,2.460918e-02,1.102363e-02,9.573079e-03,1.207240e-03,4.021654e-03,1.086301e-01,1.221413e-02,5.291436e-01,1.154774e-01,2.688982e-03,1.212212e-02,2.630942e-02
5.976041e-02,2.055494e-02,3.607085e-02,2.656160e-02,1.122202e-02,8.443223e-03,1.007180e-03,5.360406e-03,2.320331e-01,1.931228e-02,4.198524e-01,9.308919e-02,2.175168e-03,1.932484e-02,4.523242e-02
4.272598e-02,1.655496e-02,2.879005e-02,2.336333e-02,9.104339e-03,6.434959e-03,7.900338e-04,4.204115e-03,2.566157e-01,5.472307e-02,3.189380e-01,7.393437e-02,1.802438e-03,2.328309e-02,1.387357e-01
4.186254e-02,1.686703e-02,2.645779e-02,1.872631e-02,8.643404e-03,6.305077e-03,6.259279e-04,3.594803e-03,1.945995e-01,4.794050e-02,2.627127e-01,5.419116e-02,1.694321e-03,2.579088e-02,2.899881e-01
3.369896e-02,1.651211e-02,2.328181e-02,2.498986e-02,1.153527e-02,5.961782e-03,5.892320e-04,4.634448e-03,2.069432e-01,4.275197e-02,1.911890e-01,4.097771e-02,2.736701e-03,3.239483e-02,3.618031e-01
3.357138e-02,1.592262e-02,2.515128e-02,2.727035e-02,8.767628e-03,7.204009e-03,5.431278e-04,4.047356e-03,1.610878e-01,5.776153e-02,1.376670e-01,2.957415e-02,3.456301e-03,2.647439e-02,4.615011e-01
7.602911e-02,2.149723e-02,2.348019e-02,2.639655e-02,8.874469e-03,1.012843e-02,8.015148e-04,6.145802e-03,1.659308e-01,6.218890e-02,1.156244e-01,2.709106e-02,1.636442e-02,4.672783e-02,3.927193e-01
7.212470e-02,2.605226e-02,2.070041e-02,7.587924e-02,7.894831e-03,1.012798e-02,8.050607e-04,5.385990e-03,1.501331e-01,6.100089e-02,8.888110e-02,2.071755e-02,1.513895e-02,3.608173e-02,4.090762e-01
6.967966e-02,2.753258e-02,1.588495e-02,8.172824e-02,6.477540e-03,9.784407e-03,7.188484e-04,4.047361e-03,1.251748e-01,4.873873e-02,8.123108e-02,1.702917e-02,1.262595e-02,3.683434e-02,4.625123e-01
6.048524e-02,3.023028e-02,1.311227e-02,8.171283e-02,5.203941e-03,9.293476e-03,7.098380e-04,3.273275e-03,1.241457e-01,4.883579e-02,7.068565e-02,1.699132e-02,1.687141e-02,3.157120e-02,4.868778e-01
8.409531e-02,3.318030e-02,1.666449e-02,9.907041e-02,5.636490e-03,1.073543e-02,9.030140e-04,3.295714e-03,1.151642e-01,5.380311e-02,6.542154e-02,1.478558e-02,1.892287e-02,2.662940e-02,4.516921e-01
1.075451e-01,4.846041e-02,2.346929e-02,9.080382e-02,6.355993e-03,1.381060e-02,1.438120e-03,8.080883e-03,1.039443e-01,5.166893e-02,9.584638e-02,1.773146e-02,5.187853e-02,3.733331e-02,3.416328e-01
1.184177e-01,7.269580e-02,2.281905e-02,8.665307e-02,6.266730e-03,1.549220e-02,1.372091e-03,8.327940e-03,9.619422e-02,5.864270e-02,9.541100e-02,1.967981e-02,5.978652e-02,4.290510e-02,2.953361e-01
9.730888e-02,8.112101e-02,2.667833e-02,7.943285e-02,6.735779e-03,1.279775e-02,1.397828e-03,9.017332e-03,1.292681e-01,5.138118e-02,8.945102e-02,1.977840e-02,5.984886e-02,4.918297e-02,2.865997e-01
7.570848e-02,8.319341e-02,2.458603e-02,6.341025e-02,8.974718e-03,9.824389e-03,1.307903e-03,8.034944e-03,2.394067e-01,3.927479e-02,8.747382e-02,1.771518e-02,5.488914e-02,4.859237e-02,2.376079e-01
6.986189e-02,6.790686e-02,2.250010e-02,5.381613e-02,1.614170e-02,7.837698e-03,1.524596e-03,5.590086e-02,2.727791e-01,3.745507e-02,9.756579e-02,1.469404e-02,4.901508e-02,4.892555e-02,1.840756e-01
6.307743e-02,6.796414e-02,2.942558e-02,4.406139e-02,1.652967e-02,6.324739e-03,1.584226e-03,1.776662e-01,2.549186e-01,3.450660e-02,7.828712e-02,1.091436e-02,3.840104e-02,4.181634e-02,1.345226e-01
6.371707e-02,7.227334e-02,7.292122e-02,7.094640e-02,1.722261e-02,5.611008e-03,1.687244e-03,1.661771e-01,2.642565e-01,2.776169e-02,6.098329e-02,8.337516e-03,2.979164e-02,3.204188e-02,1.062715e-01
5.155870e-02,9.622601e-02,1.301943e-01,7.099822e-02,1.855837e-02,4.945398e-03,1.394625e-03,1.394755e-01,2.830857e-01,2.228869e-02,4.736205e-02,6.485697e-03,2.288290e-02,2.335675e-02,8.118711e-02
5.480454e-02,1.341833e-01,1.218516e-01,5.760509e-02,1.794800e-02,5.367703e-03,1.281640e-03,1.247468e-01,3.207184e-01,1.851865e-02,3.864016e-02,5.636525e-03,1.802998e-02,1.739734e-02,6.327026e-02
6.556971e-02,1.079652e-01,9.387635e-02,4.585393e-02,3.057111e-02,8.134402e-03,2.058837e-03,1.647059e-01,3.553318e-01,1.616675e-02,2.921854e-02,4.895648e-03,1.532032e-02,1.304410e-02,4.728749e-02
5.120560e-02,7.980049e-02,7.520925e-02,3.315563e-02,3.109145e-02,6.532937e-03,2.026390e-03,3.392121e-01,2.910590e-01,1.187514e-02,2.110226e-02,3.554831e-03,1.119850e-02,9.273773e-03,3.370259e-02
3.803536e-02,5.701557e-02,5.638117e-02,2.381461e-02,2.394974e-02,4.739340e-03,1.586297e-03,5.136299e-01,2.168584e-01,8.352457e-03,1.495576e-02,2.565625e-03,7.958734e-03,6.505463e-03,2.365156e-02
2.818052e-02,4.029316e-02,4.265215e-02,1.704362e-02,1.927590e-02,3.410385e-03,1.286441e-03,6.483595e-01,1.544882e-01,5.892702e-03,1.051484e-02,1.833233e-03,5.620700e-03,4.563123e-03,1.658559e-02
2.119011e-02,2.837376e-02,3.160220e-02,1.207996e-02,1.465786e-02,2.492307e-03,9.585136e-04,7.482892e-01,1.086724e-01,4.191848e-03,7.390576e-03,1.303715e-03,3.973467e-03,3.201604e-03,1.162250e-02
1.850108e-02,2.035676e-02,2.290417e-02,8.766432e-03,1.419893e-02,2.120058e-03,8.599903e-04,8.114975e-01,7.793032e-02,3.173732e-03,5.231429e-03,1.051125e-03,2.963547e-03,2.252310e-03,8.192671e-03
2.133614e-02,1.454586e-02,1.644883e-02,6.303614e-03,1.163982e-02,2.230737e-03,1.777495e-03,8.531182e-01,5.560559e-02,2.694000e-03,3.711961e-03,9.314441e-04,2.232114e-03,1.583508e-03,5.840664e-03
2.418024e-02,1.048172e-02,1.258509e-02,4.686425e-03,1.054690e-02,1.983630e-03,4.094458e-03,8.790243e-01,3.987935e-02,1.994879e-03,2.635802e-03,8.338452e-04,1.719084e-03,1.114616e-03,4.239700e-03
2.484956e-02,7.523395e-03,9.416552e-03,3.477197e-03,1.105156e-02,1.559534e-03,3.788435e-03,9.007864e-01,2.858559e-02,1.416812e-03,1.870716e-03,6.239421e-04,1.257598e-03,7.849326e-04,3.007788e-03
2.650712e-02,5.415148e-03,6.979584e-03,2.631725e-03,1.201995e-02,1.273341e-03,3.143685e-03,9.150519e-01,2.052478e-02,1.017108e-03,1.339308e-03,4.596050e-04,9.250305e-04,5.590522e-04,2.152584e-03
3.573487e-02,4.039103e-03,5.937298e-03,2.823132e-03,9.725953e-03,2.036077e-03,4.607328e-03,9.150463e-01,1.472837e-02,7.510515e-04,1.007587e-03,5.412545e-04,9.786666e-04,4.249361e-04,1.618081e-03
7.036398e-02,3.055728e-03,9.085337e-03,4.081980e-03,8.563441e-03,6.080346e-03,8.100353e-03,8.736769e-01,1.066620e-02,6.273899e-04,9.154642e-04,1.425793e-03,1.585368e-03,3.536863e-04,1.418088e-03
1.098486e-01,2.418225e-03,9.568371e-03,3.966387e-03,7.299620e-03,8.007156e-03,8.644873e-03,8.339529e-01,7.996126e-03,5.203896e-04,8.725717e-04,3.306566e-03,1.887166e-03,3.381311e-04,1.372954e-03
1.928584e-01,2.473484e-03,1.406696e-02,4.685336e-03,8.886412e-03,1.490505e-02,9.056992e-03,7.231352e-01,7.040455e-03,1.200685e-03,1.779396e-03,1.087738e-02,4.476300e-03,6.751691e-04,3.882803e-03
2.849113e-01,2.657672e-03,1.568554e-02,5.283145e-03,1.039649e-02,1.733048e-02,8.993314e-03,6.153039e-01,6.319730e-03,1.845169e-03,2.526302e-03,1.582589e-02,6.159449e-03,9.258416e-04,5.835641e-03
3.207686e-01,2.888320e-03,1.727947e-02,6.673439e-03,1.196243e-02,1.807267e-02,8.332101e-03,5.665807e-01,6.207578e-03,2.329358e-03,3.826724e-03,1.896079e-02,7.643858e-03,1.157083e-03,7.316834e-03
2.736220e-01,2.996397e-03,2.415377e-02,2.171018e-02,1.515683e-02,1.551393e-02,9.447405e-03,5.886162e-01,5.912208e-03,2.223826e-03,7.190586e-03,1.854093e-02,7.103644e-03,1.147742e-03,6.664350e-03
2.356156e-01,4.211614e-03,3.117927e-02,2.920647e-02,2.025029e-02,1.314892e-02,1.196727e-02,5.581341e-01,1.713626e-02,5.433660e-03,2.744911e-02,1.968674e-02,1.051614e-02,5.605785e-03,1.045888e-02
1.695092e-01,4.911310e-03,2.389082e-02,7.048559e-02,1.813385e-02,1.385337e-02,1.083244e-02,4.194490e-01,1.014281e-01,7.106925e-03,7.151303e-02,2.900939e-02,4.363106e-02,5.076093e-03,1.116986e-02
1.227941e-01,4.372080e-03,1.734517e-02,9.652980e-02,1.431887e-02,1.258260e-02,8.762455e-03,3.008015e-01,1.204228e-01,6.628782e-03,1.387539e-01,3.837216e-02,9.983391e-02,4.850158e-03,1.363172e-02
8.689937e-02,3.500962e-03,1.224882e-02,7.509609e-02,1.689774e-02,8.866917e-03,6.297053e-03,2.107934e-01,1.071164e-01,5.110119e-03,1.752094e-01,5.033210e-02,1.573708e-01,4.294752e-03,7.996618e-02
6.179626e-02,5.049053e-03,1.350610e-02,2.135540e-01,2.278790e-02,6.766446e-03,4.447617e-03,1.518444e-01,1.564938e-01,4.086520e-03,1.409906e-01,3.784806e-02,1.201920e-01,3.448556e-03,5.718866e-02
4.782858e-02,6.369708e-03,2.535189e-02,2.526558e-01,3.507556e-02,5.218390e-03,3.152222e-03,1.104639e-01,2.182097e-01,3.187986e-03,1.261082e-01,2.850677e-02,9.392489e-02,2.690766e-03,4.125562e-02
3.915599e-02,8.224957e-03,2.122789e-02,1.832837e-01,4.195665e-02,3.860437e-03,2.362825e-03,8.625208e-02,4.017163e-01,2.278658e-03,9.113776e-02,2.072597e-02,6.687417e-02,1.939621e-03,2.900289e-02
3.330141e-02,2.892508e-02,1.679609e-02,1.324013e-01,3.613114e-02,2.880401e-03,1.727782e-03,6.591539e-02,5.304991e-01,1.710892e-03,6.483068e-02,1.531669e-02,4.747916e-02,1.416217e-03,2.066872e-02
2.507044e-02,6.680121e-02,1.232157e-02,9.606590e-02,3.797347e-02,2.863486e-03,1.232532e-03,4.647407e-02,5.975568e-01,2.579380e-03,4.803605e-02,1.163975e-02,3.454940e-02,1.040659e-03,1.579535e-02
2.606399e-02,1.394173e-01,9.065329e-03,7.452033e-02,3.342850e-02,3.193244e-03,9.090759e-04,3.407062e-02,5.794747e-01,4.551813e-03,4.037435e-02,1.126710e-02,2.848075e-02,8.793655e-04,1.430362e-02
1.920845e-02,2.477048e-01,6.591997e-03,5.729829e-02,2.414291e-02,2.341255e-03,6.410924e-04,2.422893e-02,5.435506e-01,3.314998e-03,2.968475e-02,8.237342e-03,2.149842e-02,6.644771e-04,1.089177e-02
9.303951e-02,1.953378e-01,6.774579e-03,4.307186e-02,3.030516e-02,5.845762e-03,6.864041e-04,1.966148e-02,4.974651e-01,5.230955e-03,3.163774e-02,7.829095e-03,1.851472e-02,2.896611e-03,4.170325e-02
7.135294e-02,1.517513e-01,6.266604e-03,3.398475e-02,2.426624e-02,5.082157e-03,5.540056e-04,1.550082e-02,6.010030e-01,6.807586e-03,2.458980e-02,6.011728e-03,1.492975e-02,2.720561e-03,3.517883e-02
7.652389e-02,1.685325e-01,1.033143e-02,3.105172e-02,2.232269e-02,5.341180e-03,5.064743e-04,1.615977e-02,5.689912e-01,9.071227e-03,2.567824e-02,5.299131e-03,1.630095e-02,4.027054e-03,3.986249e-02
7.207444e-02,1.378976e-01,8.159703e-03,2.418389e-02,1.860074e-02,6.864569e-03,4.728623e-04,1.616280e-02,5.726346e-01,7.863971e-03,1.968325e-02,4.259905e-03,3.099934e-02,4.627604e-03,7.551473e-02
7.373010e-02,1.193286e-01,6.987107e-03,1.862157e-02,1.644078e-02,1.112037e-02,4.846472e-04,1.405387e-02,4.855617e-01,6.607227e-03,1.479270e-02,3.304835e-03,3.131588e-02,7.522216e-03,1.901284e-01
7.058443e-02,8.571067e-02,1.522961e-02,2.584451e-02,1.723184e-02,1.698238e-02,3.299211e-03,4.788084e-02,4.080576e-01,5.811504e-03,1.223442e-02,3.124861e-03,3.670874e-02,8.034606e-03,2.432647e-01
6.697215e-02,6.368347e-02,1.642039e-02,2.749230e-02,1.896632e-02,1.696712e-02,4.003392e-03,1.985631e-01,3.113002e-01,4.842684e-03,1.014313e-02,3.335672e-03,3.608388e-02,6.504596e-03,2.147215e-01
6.530915e-02,4.638224e-02,1.554684e-02,2.744178e-02,1.647104e-02,1.813866e-02,3.792692e-03,3.660696e-01,2.350902e-01,4.290155e-03,7.893028e-03,2.952533e-03,2.989224e-02,5.252136e-03,1.554777e-01
5.322061e-02,3.291139e-02,1.175328e-02,2.073499e-02,1.410986e-02,1.801372e-02,3.951018e-03,5.335014e-01,1.651981e-01,3.062452e-03,5.804517e-03,2.293210e-03,2.213009e-02,3.880626e-03,1.094346e-01
4.018885e-02,2.329740e-02,9.569784e-03,1.566973e-02,1.695648e-02,1.520196e-02,3.624523e-03,6.545938e-01,1.159872e-01,2.187197e-03,4.317923e-03,1.669454e-03,1.592078e-02,2.981459e-03,7.783341e-02
4.113372e-02,1.661522e-02,7.368807e-03,1.169402e-02,1.746072e-02,2.010085e-02,5.151920e-03,7.210212e-01,8.141178e-02,1.605289e-03,3.587723e-03,1.364820e-03,1.438553e-02,2.335967e-03,5.476246e-02
5.785085e-02,1.234876e-02,5.680638e-03,9.150655e-03,1.882332e-02,1.959575e-02,5.152959e-03,7.568382e-01,5.724920e-02,1.198410e-03,2.891480e-03,1.310211e-03,1.138612e-02,1.880158e-03,3.864319e-02
6.151121e-02,9.411304e-03,4.598790e-03,7.719369e-03,1.831754e-02,1.584580e-02,5.753552e-03,7.941118e-01,4.056127e-02,8.635393e-04,2.352391e-03,1.335203e-03,9.052105e-03,1.373712e-03,2.719230e-02
6.423401e-02,7.183554e-03,3.791047e-03,6.653078e-03,1.633926e-02,1.350378e-02,6.624960e-03,8.203555e-01,2.924491e-02,6.746211e-04,2.089527e-03,1.770276e-03,7.192681e-03,1.032455e-03,1.931031e-02
7.564731e-02,5.612421e-03,3.882544e-03,6.536659e-03,1.577759e-02,1.300547e-02,1.161844e-02,8.202130e-01,2.155120e-02,5.695434e-04,1.994627e-03,2.533557e-03,6.380433e-03,8.219150e-04,1.385523e-02
8.403733e-02,4.876307e-03,5.195617e-03,7.621758e-03,1.567257e-02,1.221566e-02,1.562701e-02,8.162900e-01,1.585660e-02,5.829385e-04,2.019191e-03,3.166766e-03,5.751916e-03,7.778985e-04,1.030841e-02
1.175447e-01,4.486270e-03,5.192951e-03,6.556775e-03,1.347164e-02,1.258257e-02,1.352362e-02,7.926461e-01,1.208444e-02,6.930194e-04,2.176992e-03,4.812509e-03,5.291068e-03,7.904147e-04,8.146982e-03
1.241002e-01,3.539270e-03,4.314592e-03,5.278673e-03,1.032301e-02,1.108244e-02,9.961779e-03,8.039436e-01,8.990532e-03,5.627798e-04,1.795382e-03,4.931089e-03,4.242727e-03,7.095962e-04,6.224396e-03
1.053113e-01,2.634492e-03,3.325655e-03,4.185414e-03,7.615508e-03,9.782011e-03,7.334118e-03,8.387375e-01,6.556764e-03,4.342904e-04,1.378192e-03,4.300551e-03,3.303496e-03,5.420012e-04,4.558699e-03
1.556507e-01,3.336173e-03,2.883495e-03,6.046095e-03,6.116370e-03,2.304704e-02,5.752630e-03,7.522958e-01,8.735605e-03,1.408009e-03,4.584180e-03,1.089087e-02,1.247035e-02,9.489618e-04,5.833723e-03
1.616851e-01,2.906121e-03,2.787743e-03,6.736655e-03,4.783461e-03,5.062050e-02,5.156335e-03,5.805671e-01,1.035010e-02,1.232010e-03,5.851116e-03,1.790537e-02,1.372040e-01,1.869424e-03,1.034488e-02
2.315417e-01,2.642487e-03,2.846904e-03,6.639573e-03,4.288211e-03,6.176078e-02,4.687281e-03,4.279670e-01,8.743303e-03,1.048784e-03,8.759119e-03,2.854045e-02,1.957276e-01,2.025997e-03,1.278085e-02
2.286761e-01,4.622630e-03,3.562696e-03,6.944722e-03,1.694100e-02,7.096398e-02,5.652106e-03,3.199689e-01,8.701938e-03,1.132088e-03,1.260847e-02,5.389085e-02,2.484809e-01,2.045139e-03,1.580838e-02
1.798019e-01,3.679183e-03,2.695769e-03,5.242783e-03,1.399139e-02,5.994729e-02,4.244030e-03,2.255933e-01,7.288238e-03,9.910787e-04,1.343588e-02,6.890923e-02,4.008687e-01,1.585254e-03,1.172602e-02
1.799500e-01,3.589371e-03,2.552699e-03,4.475826e-03,1.534621e-02,4.975998e-02,3.268069e-03,1.585017e-01,1.290501e-02,1.447150e-03,1.439613e-02,7.136324e-02,4.707943e-01,1.569831e-03,1.008048e-02
1.456714e-01,3.023589e-03,1.951365e-03,3.712375e-03,1.144354e-02,3.850896e-02,2.432398e-03,1.112053e-01,1.984121e-02,2.238171e-03,1.323410e-02,9.115162e-02,5.464439e-01,1.558103e-03,7.584086e-03
1.442427e-01,3.254472e-03,1.759327e-03,3.863771e-03,8.834842e-03,3.145672e-02,1.875161e-03,7.842617e-02,3.430117e-02,3.113634e-03,1.572714e-02,1.096080e-01,5.560466e-01,1.615530e-03,5.874772e-03
1.364734e-01,5.510642e-03,2.785753e-03,3.273237e-03,9.740651e-03,2.388852e-02,2.088938e-03,5.710960e-02,6.466149e-02,5.240953e-03,1.314580e-02,1.417314e-01,5.268077e-01,1.988503e-03,5.553359e-03
1.071726e-01,1.980656e-02,3.093203e-03,2.691565e-03,1.026246e-02,3.166794e-02,1.748562e-03,4.162372e-02,1.871547e-01,6.518815e-03,1.271693e-02,1.422294e-01,4.234439e-01,1.880463e-03,7.989147e-03
8.221051e-02,2.325119e-02,2.607476e-03,2.271393e-03,1.698153e-02,3.182337e-02,1.479078e-03,3.082582e-02,3.475523e-01,5.786045e-03,1.136497e-02,1.208116e-01,3.154129e-01,1.509239e-03,6.112576e-03
6.195877e-02,2.297411e-02,2.115377e-03,1.912144e-03,1.426015e-02,2.728208e-02,1.344959e-03,2.322596e-02,4.922678e-01,4.838703e-03,9.315283e-03,1.012342e-01,2.295489e-01,1.301955e-03,6.419566e-03
4.761374e-02,2.432330e-02,1.929718e-03,2.126165e-03,1.319310e-02,2.827145e-02,1.490365e-03,2.127094e-02,5.785550e-01,4.348505e-03,8.912379e-03,8.872265e-02,1.713939e-01,1.187221e-03,6.661605e-03
4.027181e-02,5.366150e-02,2.923616e-03,6.630315e-03,1.361280e-02,5.147660e-02,1.523761e-03,1.922962e-02,5.947222e-01,7.282211e-03,7.074087e-03,6.904977e-02,1.238944e-01,1.008397e-03,7.638960e-03
2.960301e-02,5.173090e-02,2.347848e-03,5.567221e-03,1.718085e-02,4.269761e-02,1.835364e-03,1.443063e-02,6.809930e-01,5.221865e-03,5.282521e-03,4.854278e-02,8.727909e-02,7.359204e-04,6.551412e-03
2.734310e-02,5.441125e-02,5.392765e-03,2.363032e-02,3.408938e-02,3.326135e-02,2.153341e-03,1.901452e-02,6.876757e-01,4.638450e-03,4.355978e-03,3.503787e-02,6.202392e-02,5.830682e-04,6.389014e-03
2.451446e-02,5.582920e-02,6.516329e-03,7.831636e-02,3.694475e-02,2.471133e-02,1.819718e-03,1.999816e-02,6.639004e-01,5.037677e-03,4.905983e-03,2.566533e-02,4.483625e-02,4.591325e-04,6.545004e-03
3.207320e-02,5.670530e-02,5.667563e-03,6.494768e-02,5.623194e-02,2.049565e-02,2.440217e-03,2.197579e-02,6.701903e-01,4.537373e-03,4.973772e-03,1.898218e-02,3.297068e-02,4.001565e-04,7.408281e-03
5.883677e-02,5.319642e-02,6.620456e-03,9.358313e-02,6.671051e-02,1.703013e-02,2.678925e-03,4.093486e-02,6.015250e-01,4.321243e-03,5.455382e-03,1.562531e-02,2.472640e-02,4.986987e-04,8.256762e-03
1.008129e-01,5.046869e-02,7.023772e-03,8.531260e-02,1.241236e-01,1.680063e-02,3.840488e-03,3.829921e-02,5.163302e-01,3.623384e-03,5.689341e-03,1.269050e-02,1.932698e-02,6.601088e-04,1.499758e-02
8.885709e-02,4.207331e-02,9.925278e-03,1.764761e-01,1.066495e-01,1.286216e-02,3.366072e-03,4.535937e-02,4.502933e-01,5.668440e-03,6.458291e-03,1.114672e-02,1.540900e-02,5.726580e-04,2.488276e-02
8.051154e-02,3.271941e-02,3.461477e-02,2.988209e-01,8.109914e-02,9.758775e-03,2.531475e-03,3.507650e-02,3.610306e-01,7.723369e-03,6.862131e-03,8.362722e-03,1.155995e-02,4.974189e-04,2.883131e-02
9.060569e-02,3.053890e-02,3.252444e-02,2.420865e-01,6.329398e-02,8.606463e-03,1.998148e-03,2.663239e-02,3.485071e-01,9.806111e-03,6.730458e-03,6.438213e-03,9.053413e-03,6.542901e-04,1.225238e-01
9.418255e-02,3.213735e-02,5.815534e-02,3.040670e-01,4.660739e-02,7.088405e-03,1.579825e-03,2.020301e-02,2.818747e-01,1.038249e-02,6.575565e-03,5.046138e-03,7.039124e-03,8.443234e-04,1.242167e-01
7.396138e-02,3.064769e-02,1.551635e-01,2.951430e-01,3.333018e-02,5.348023e-03,1.178166e-03,1.499365e-02,2.169320e-01,1.223014e-02,5.317588e-03,3.643869e-03,5.088884e-03,1.190251e-03,1.458315e-01
5.721430e-02,2.632158e-02,2.128690e-01,2.194529e-01,2.361936e-02,4.097073e-03,8.651663e-04,1.106141e-02,1.965657e-01,1.559697e-02,4.615914e-03,2.630247e-03,3.824075e-03,1.841485e-03,2.194248e-01
1.163377e-01,4.777554e-02,2.043199e-01,1.734394e-01,2.247542e-02,1.448673e-02,1.191368e-03,9.234612e-03,1.497492e-01,1.523743e-02,5.572346e-03,1.985929e-03,3.094436e-03,3.351967e-03,2.317480e-01
1.124994e-01,6.644398e-02,2.185164e-01,1.420989e-01,1.807274e-02,1.390224e-02,1.230139e-03,6.875613e-03,1.119315e-01,1.488603e-02,4.854517e-03,1.579909e-03,2.450388e-03,6.527705e-03,2.781305e-01
1.128178e-01,5.346169e-02,1.961560e-01,1.054457e-01,1.330478e-02,1.059335e-02,9.489909e-04,5.070643e-03,1.024171e-01,2.171822e-02,4.457682e-03,1.322053e-03,2.032110e-03,6.938237e-03,3.633155e-01
9.599628e-02,4.491565e-02,1.620773e-01,8.050816e-02,9.707585e-03,7.830380e-03,7.238351e-04,4.536476e-03,1.237598e-01,6.635539e-02,3.524131e-03,1.017810e-03,2.012774e-03,6.717186e-03,3.903173e-01
9.116338e-02,3.421012e-02,1.560846e-01,6.220178e-02,7.148964e-03,5.851542e-03,5.640722e-04,4.807336e-03,1.194607e-01,1.021073e-01,3.113979e-03,8.918502e-04,1.949494e-03,7.218881e-03,4.032260e-01
1.947007e-01,2.918377e-02,1.173620e-01,4.819411e-02,5.434292e-03,6.214775e-03,5.186634e-04,4.965571e-03,9.808721e-02,7.937340e-02,3.197964e-03,1.708221e-03,2.814575e-03,1.302351e-02,3.952212e-01
1.867823e-01,2.436677e-02,9.123177e-02,3.554034e-02,4.350770e-03,5.579785e-03,4.346984e-04,4.080877e-03,9.059791e-02,5.955808e-02,3.921645e-03,1.638055e-03,3.255429e-03,1.856704e-02,4.700945e-01
1.549388e-01,3.563244e-02,8.739687e-02,4.786694e-02,4.321433e-03,5.020005e-03,5.979405e-04,4.464366e-03,1.295928e-01,5.438763e-02,4.608124e-03,1.681050e-03,3.268032e-03,1.733197e-02,4.488916e-01
1.271863e-01,3.046594e-02,1.295187e-01,7.397367e-02,3.529805e-03,3.994752e-03,4.947115e-04,3.608131e-03,1.484280e-01,7.097501e-02,5.836162e-03,1.776653e-03,3.685170e-03,1.395509e-02,3.825719e-01
1.061282e-01,2.357509e-02,1.006568e-01,5.294860e-02,2.985594e-03,3.355803e-03,4.144049e-04,2.797362e-03,1.454122e-01,5.331648e-02,5.309897e-03,1.395240e-03,3.366235e-03,2.117050e-02,4.771675e-01
1.051625e-01,2.897680e-02,7.539565e-02,5.105245e-02,3.166855e-03,4.495249e-03,6.954484e-04,4.117962e-03,1.847040e-01,4.121285e-02,1.010150e-02,2.591475e-03,7.126451e-03,2.171844e-02,4.594824e-01
1.364673e-01,2.832563e-02,5.905297e-02,4.374679e-02,4.841367e-03,5.377279e-03,1.012940e-03,5.350207e-03,2.168274e-01,4.057707e-02,1.156019e-02,2.905461e-03,1.102321e-02,2.444727e-02,4.084849e-01
1.027621e-01,2.572695e-02,5.428679e-02,4.171228e-02,3.505158e-03,4.148703e-03,7.244335e-04,4.023855e-03,2.764679e-01,7.653173e-02,8.483462e-03,2.132360e-03,8.168871e-03,1.801152e-02,3.733139e-01
7.902554e-02,2.717809e-02,6.490191e-02,3.702834e-02,2.581276e-03,3.057624e-03,5.461559e-04,3.166226e-03,3.417122e-01,8.234335e-02,6.424292e-03,1.665592e-03,6.047470e-03,1.493318e-02,3.293887e-01
7.065339e-02,2.339651e-02,5.449469e-02,2.836744e-02,1.963969e-03,2.415336e-03,4.984605e-04,2.592135e-03,3.590283e-01,8.748667e-02,5.609620e-03,1.469051e-03,5.290752e-03,1.857602e-02,3.381577e-01
6.390357e-02,2.420903e-02,5.799012e-02,2.283641e-02,1.525745e-03,1.868873e-03,3.825400e-04,2.150437e-03,4.413090e-01,7.903750e-02,5.516783e-03,1.436422e-03,4.985739e-03,1.846232e-02,2.743855e-01
7.232297e-02,3.830208e-02,5.184088e-02,1.803340e-02,1.641010e-03,1.592520e-03,3.189195e-04,1.989693e-03,4.777139e-01,7.271452e-02,6.716990e-03,1.445777e-03,6.804017e-03,1.584543e-02,2.327179e-01
1.126043e-01,4.968170e-02,4.616655e-02,1.886030e-02,1.010837e-02,7.328810e-03,5.371901e-04,2.438159e-03,4.268738e-01,5.505252e-02,8.161179e-03,1.758907e-03,1.858765e-02,1.666049e-02,2.251801e-01
9.883013e-02,4.009742e-02,9.376620e-02,6.087164e-02,1.980079e-02,1.468152e-02,7.140136e-04,2.576815e-02,3.944983e-01,4.050624e-02,1.025002e-02,1.805544e-03,1.731310e-02,1.341854e-02,1.676784e-01
7.889914e-02,3.193304e-02,2.378220e-01,9.047445e-02,2.636768e-02,1.786681e-02,7.679404e-04,2.574845e-02,2.953634e-01,3.099872e-02,1.009341e-02,1.663501e-03,1.397580e-02,1.093115e-02,1.270945e-01
9.136893e-02,4.084694e-02,2.515834e-01,8.964248e-02,5.248407e-02,4.006995e-02,2.073198e-03,2.882432e-02,2.273537e-01,2.535623e-02,9.269382e-03,2.542964e-03,1.840173e-02,9.254955e-03,1.109277e-01
8.854184e-02,5.381929e-02,2.114132e-01,6.715187e-02,1.323444e-01,7.335184e-02,2.857268e-03,2.342827e-02,1.858599e-01,1.869481e-02,7.159813e-03,2.204737e-03,2.184344e-02,7.795880e-03,1.035334e-01
8.702990e-02,6.870229e-02,1.702708e-01,7.962401e-02,1.632256e-01,8.034464e-02,5.678100e-03,3.443532e-02,1.568542e-01,1.374899e-02,7.110646e-03,3.851238e-03,3.396896e-02,6.421521e-03,8.873372e-02
1.453178e-01,7.553408e-02,1.231927e-01,6.814913e-02,1.483887e-01,7.996861e-02,7.358050e-03,3.429433e-02,1.446194e-01,1.002638e-02,6.528870e-03,5.023755e-03,7.218632e-02,5.594664e-03,7.381722e-02
1.920966e-01,8.108735e-02,9.107485e-02,5.910066e-02,1.310090e-01,8.671334e-02,8.579389e-03,3.537042e-02,1.275449e-01,8.580064e-03,6.066713e-03,5.782695e-03,8.762302e-02,5.583121e-03,7.378784e-02
3.217129e-01,7.281808e-02,6.982120e-02,5.055017e-02,1.087030e-01,6.471965e-02,7.796627e-03,3.518412e-02,1.029596e-01,7.507910e-03,5.904590e-03,8.625485e-03,7.723013e-02,5.817997e-03,6.064852e-02
4.087305e-01,7.151591e-02,6.040414e-02,4.398100e-02,9.170325e-02,5.013962e-02,9.405151e-03,3.871834e-02,8.986430e-02,6.632517e-03,5.137200e-03,1.041765e-02,6.197622e-02,5.018796e-03,4.635535e-02
2.995472e-01,5.037379e-02,4.312707e-02,3.119164e-02,7.168733e-02,3.679070e-02,2.344573e-01,7.376207e-02,6.303926e-02,4.750947e-03,3.753478e-03,7.444042e-03,4.391092e-02,3.548407e-03,3.261587e-02
2.102455e-01,3.529957e-02,3.036288e-02,2.186324e-02,5.339821e-02,2.631629e-02,4.576875e-01,5.267703e-02,4.415356e-02,3.379015e-03,2.704732e-03,5.347841e-03,3.109684e-02,2.500269e-03,2.296752e-02
1.482743e-01,2.481030e-02,2.163334e-02,1.540898e-02,5.020125e-02,1.976808e-02,5.967007e-01,3.737353e-02,3.104472e-02,3.576757e-03,5.264276e-03,4.033814e-03,2.243391e-02,2.003140e-03,1.747300e-02
1.111569e-01,1.762258e-02,1.539291e-02,1.188342e-02,3.774397e-02,1.503931e-02,6.969692e-01,2.626742e-02,2.215876e-02,3.151464e-03,6.795926e-03,3.860789e-03,1.651488e-02,1.474918e-03,1.396753e-02
8.594456e-02,1.819765e-02,1.146636e-02,9.538858e-03,2.943916e-02,1.458683e-02,6.429803e-01,1.879766e-02,1.815276e-02,1.409789e-02,5.108873e-02,2.945794e-02,2.713826e-02,4.484535e-03,2.462848e-02
6.149577e-02,1.327432e-02,8.734269e-03,8.981709e-03,2.214626e-02,1.594234e-02,6.052186e-01,1.330908e-02,1.340592e-02,4.474007e-02,9.030621e-02,4.399452e-02,2.356612e-02,7.291362e-03,2.759342e-02
4.330115e-02,1.073533e-02,6.504213e-03,6.721990e-03,1.569556e-02,1.208075e-02,4.566393e-01,9.392169e-03,1.039067e-02,3.469307e-02,2.765065e-01,4.440571e-02,3.149446e-02,2.120116e-02,2.023795e-02
3.085671e-02,8.026624e-03,5.218948e-03,6.629365e-03,1.164144e-02,9.247331e-03,3.546673e-01,6.863925e-03,8.451281e-03,2.654845e-02,4.259176e-01,4.116222e-02,2.886036e-02,2.105264e-02,1.485576e-02
2.204017e-02,5.820257e-03,4.242709e-03,5.118330e-03,9.174960e-03,7.816519e-03,2.747386e-01,5.344237e-03,6.975495e-03,1.925955e-02,5.421780e-01,3.580976e-02,2.482869e-02,2.592987e-02,1.072290e-02
1.552060e-02,4.179444e-03,3.131881e-03,3.750520e-03,7.086625e-03,5.857989e-03,1.953567e-01,3.946842e-03,6.199046e-03,1.368052e-02,6.604426e-01,2.911595e-02,1.871998e-02,2.542502e-02,7.586271e-03
1.096974e-02,2.984222e-03,2.322514e-03,2.813989e-03,5.333036e-03,4.431794e-03,1.372269e-01,2.863622e-03,5.804928e-03,1.005871e-02,7.444394e-01,2.657364e-02,1.340244e-02,2.537759e-02,5.397439e-03
8.089834e-03,3.328316e-03,2.075873e-03,2.285573e-03,4.335287e-03,3.851743e-03,9.614169e-02,2.328417e-03,3.122947e-02,1.107729e-02,7.222418e-01,2.842130e-02,9.586535e-03,7.102174e-02,3.985142e-03
6.061331e-03,8.403231e-03,2.431406e-03,1.893418e-03,4.413061e-03,4.083909e-03,6.738994e-02,1.920401e-03,1.054334e-01,1.043001e-02,6.338255e-01,2.377284e-02,6.911402e-03,1.199147e-01,3.115457e-03
4.850073e-03,8.028691e-03,3.011093e-03,1.904983e-03,4.837050e-03,4.827146e-03,4.725859e-02,2.250936e-03,1.954055e-01,1.321518e-02,5.190970e-01,2.072143e-02,5.066360e-03,1.670279e-01,2.498092e-03
3.591870e-03,6.809965e-03,2.510164e-03,1.555289e-03,4.738698e-03,4.880130e-03,3.310886e-02,1.723430e-03,3.275888e-01,1.156663e-02,4.059958e-01,1.626430e-02,3.670072e-03,1.741627e-01,1.833312e-03
4.235280e-03,6.165466e-03,1.128013e-02,1.119767e-02,6.953441e-03,6.117634e-03,2.324904e-02,5.848051e-03,4.044725e-01,1.059755e-02,3.199403e-01,1.279597e-02,3.329283e-03,1.721249e-01,1.692791e-03
4.207129e-03,5.603578e-03,9.181499e-03,1.076957e-02,7.164759e-03,6.686166e-03,1.630133e-02,6.951417e-03,4.596511e-01,1.099362e-02,2.649836e-01,1.035217e-02,3.288474e-03,1.824710e-01,1.394567e-03
4.937555e-03,5.159860e-03,7.044190e-03,1.587895e-02,9.871393e-03,5.896374e-03,1.152143e-02,5.559540e-03,3.971882e-01,1.636246e-02,2.724938e-01,1.411977e-02,9.137796e-03,2.231778e-01,1.650949e-03
1.098901e-02,4.172826e-02,1.164679e-02,1.328526e-02,2.224710e-02,9.486148e-03,8.405696e-03,1.694170e-02,3.936385e-01,2.131620e-02,2.379177e-01,1.171544e-02,8.013392e-03,1.905552e-01,2.113573e-03
1.403384e-02,7.161015e-02,1.029547e-02,1.200895e-02,2.621170e-02,1.243774e-02,5.989111e-03,2.201970e-02,4.678262e-01,1.769552e-02,1.860339e-01,9.213347e-03,6.188555e-03,1.363914e-01,2.044410e-03
2.328015e-02,5.698575e-02,1.061496e-02,9.773341e-03,6.543420e-02,1.367959e-02,4.487650e-03,1.698057e-02,5.318229e-01,1.370700e-02,1.437561e-01,6.578777e-03,4.510474e-03,9.660391e-02,1.784733e-03
4.734024e-02,4.953922e-02,4.431533e-02,4.905628e-02,1.488860e-01,1.310137e-02,3.909413e-03,2.322102e-02,4.251673e-01,1.094301e-02,1.030610e-01,4.920543e-03,3.418175e-03,6.812220e-02,4.999057e-03
7.418274e-02,4.515316e-02,6.462521e-02,5.218004e-02,2.315066e-01,1.229463e-02,3.549801e-03,2.271249e-02,3.481781e-01,9.167030e-03,7.398074e-02,3.639543e-03,2.572883e-03,4.853358e-02,7.723438e-03
8.671476e-02,3.854316e-02,5.004557e-02,5.482037e-02,2.842120e-01,1.525666e-02,3.363753e-03,4.164874e-02,3.170297e-01,7.055751e-03,5.327361e-02,2.972946e-03,2.187587e-03,3.561622e-02,7.259234e-03
7.464253e-02,3.029252e-02,3.675001e-02,4.856581e-02,2.822934e-01,6.776124e-02,2.854361e-03,1.406393e-01,2.370269e-01,5.140104e-03,3.828102e-02,2.401610e-03,2.020807e-03,2.513693e-02,6.193429e-03
