1.000000e+00,0.000000e+00,0.000000e+00,0.000000e+00,0.000000e+00,0.000000e+00,0.000000e+00,0.000000e+00,0.000000e+00,0.000000e+00,0.000000e+00,0.000000e+00,0.000000e+00,0.000000e+00,0.000000e+00
1.000000e+00,0.000000e+00,0.000000e+00,0.000000e+00,0.000000e+00,0.000000e+00,0.000000e+00,0.000000e+00,0.000000e+00,0.000000e+00,0.000000e+00,0.000000e+00,0.000000e+00,0.000000e+00,0.000000e+00
1.000000e+00,0.000000e+00,0.000000e+00,0.000000e+00,0.000000e+00,0.000000e+00,0.000000e+00,0.000000e+00,0.000000e+00,0.000000e+00,0.000000e+00,0.000000e+00,0.000000e+00,0.000000e+00,0.000000e+00
1.000000e+00,0.000000e+00,0.000000e+00,0.000000e+00,0.000000e+00,0.000000e+00,0.000000e+00,0.000000e+00,0.000000e+00,0.000000e+00,0.000000e+00,0.000000e+00,0.000000e+00,0.000000e+00,0.000000e+00
1.000000e+00,0.000000e+00,0.000000e+00,0.000000e+00,0.000000e+00,0.000000e+00,0.000000e+00,0.000000e+00,0.000000e+00,0.000000e+00,0.000000e+00,0.000000e+00,0.000000e+00,0.000000e+00,0.000000e+00
1.000000e+00,0.000000e+00,0.000000e+00,0.000000e+00,0.000000e+00,0.000000e+00,0.000000e+00,0.000000e+00,0.000000e+00,0.000000e+00,0.000000e+00,0.000000e+00,0.000000e+00,0.000000e+00,0.000000e+00
1.000000e+00,0.000000e+00,0.000000e+00,0.000000e+00,0.000000e+00,0.000000e+00,0.000000e+00,0.000000e+00,0.000000e+00,0.000000e+00,0.000000e+00,0.000000e+00,0.000000e+00,0.000000e+00,0.000000e+00
1.000000e+00,0.000000e+00,0.000000e+00,0.000000e+00,0.000000e+00,0.000000e+00,0.000000e+00,0.000000e+00,0.000000e+00,0.000000e+00,0.000000e+00,0.000000e+00,0.000000e+00,0.000000e+00,0.000000e+00
1.000000e+00,0.000000e+00,0.000000e+00,0.000000e+00,0.000000e+00,0.000000e+00,0.000000e+00,0.000000e+00,0.000000e+00,0.000000e+00,0.000000e+00,0.000000e+00,0.000000e+00,0.000000e+00,0.000000e+00
1.000000e+00,0.000000e+00,0.000000e+00,0.000000e+00,0.000000e+00,0.000000e+00,0.000000e+00,0.000000e+00,0.000000e+00,0.000000e+00,0.000000e+00,0.000000e+00,0.000000e+00,0.000000e+00,0.000000e+00
1.000000e+00,0.000000e+00,0.000000e+00,0.000000e+00,0.000000e+00,0.000000e+00,0.000000e+00,0.000000e+00,0.000000e+00,0.000000e+00,0.000000e+00,0.000000e+00,0.000000e+00,0.000000e+00,0.000000e+00
1.000000e+00,0.000000e+00,0.000000e+00,0.000000e+00,0.000000e+00,0.000000e+00,0.000000e+00,0.000000e+00,0.000000e+00,0.000000e+00,0.000000e+00,0.000000e+00,0.000000e+00,0.000000e+00,0.000000e+00
1.000000e+00,0.000000e+00,0.000000e+00,0.000000e+00,0.000000e+00,0.000000e+00,0.000000e+00,0.000000e+00,0.000000e+00,0.000000e+00,0.000000e+00,0.000000e+00,0.000000e+00,0.000000e+00,0.000000e+00
1.000000e+00,0.000000e+00,0.000000e+00,0.000000e+00,0.000000e+00,0.000000e+00,0.000000e+00,0.000000e+00,0.000000e+00,0.000000e+00,0.000000e+00,0.000000e+00,0.000000e+00,0.000000e+00,0.000000e+00
1.000000e+00,0.000000e+00,0.000000e+00,0.000000e+00,0.000000e+00,0.000000e+00,0.000000e+00,0.000000e+00,0.000000e+00,0.000000e+00,0.000000e+00,0.000000e+00,0.000000e+00,0.000000e+00,0.000000e+00
1.000000e+00,0.000000e+00,0.000000e+00,0.000000e+00,0.000000e+00,0.000000e+00,0.000000e+00,0.000000e+00,0.000000e+00,0.000000e+00,0.000000e+00,0.000000e+00,0.000000e+00,0.000000e+00,0.000000e+00
1.000000e+00,0.000000e+00,0.000000e+00,0.000000e+00,0.000000e+00,0.000000e+00,0.000000e+00,0.000000e+00,0.000000e+00,0.000000e+00,0.000000e+00,0.000000e+00,0.000000e+00,0.000000e+00,0.000000e+00
1.000000e+00,0.000000e+00,0.000000e+00,0.000000e+00,0.000000e+00,0.000000e+00,0.000000e+00,0.000000e+00,0.000000e+00,0.000000e+00,0.000000e+00,0.000000e+00,0.000000e+00,0.000000e+00,0.000000e+00
1.000000e+00,0.000000e+00,0.000000e+00,0.000000e+00,0.000000e+00,0.000000e+00,0.000000e+00,0.000000e+00,0.000000e+00,0.000000e+00,0.000000e+00,0.000000e+00,0.000000e+00,0.000000e+00,0.000000e+00
1.000000e+00,0.000000e+00,0.000000e+00,0.000000e+00,0.000000e+00,0.000000e+00,0.000000e+00,0.000000e+00,0.000000e+00,0.000000e+00,0.000000e+00,0.000000e+00,0.000000e+00,0.000000e+00,0.000000e+00
1.000000e+00,0.000000e+00,0.000000e+00,0.000000e+00,0.000000e+00,0.000000e+00,0.000000e+00,0.000000e+00,0.000000e+00,0.000000e+00,0.000000e+00,0.000000e+00,0.000000e+00,0.000000e+00,0.000000e+00
1.000000e+00,0.000000e+00,0.000000e+00,0.000000e+00,0.000000e+00,0.000000e+00,0.000000e+00,0.000000e+00,0.000000e+00,0.000000e+00,0.000000e+00,0.000000e+00,0.000000e+00,0.000000e+00,0.000000e+00
1.000000e+00,0.000000e+00,0.000000e+00,0.000000e+00,0.000000e+00,0.000000e+00,0.000000e+00,0.000000e+00,0.000000e+00,0.000000e+00,0.000000e+00,0.000000e+00,0.000000e+00,0.000000e+00,0.000000e+00
1.000000e+00,0.000000e+00,0.000000e+00,0.000000e+00,0.000000e+00,0.000000e+00,0.000000e+00,0.000000e+00,0.000000e+00,0.000000e+00,0.000000e+00,0.000000e+00,0.000000e+00,0.000000e+00,0.000000e+00
1.000000e+00,0.000000e+00,0.000000e+00,0.000000e+00,0.000000e+00,0.000000e+00,0.000000e+00,0.000000e+00,0.000000e+00,0.000000e+00,0.000000e+00,0.000000e+00,0.000000e+00,0.000000e+00,0.000000e+00
1.000000e+00,0.000000e+00,0.000000e+00,0.000000e+00,0.000000e+00,0.000000e+00,0.000000e+00,0.000000e+00,0.000000e+00,0.000000e+00,0.000000e+00,0.000000e+00,0.000000e+00,0.000000e+00,0.000000e+00
1.000000e+00,0.000000e+00,0.000000e+00,0.000000e+00,0.000000e+00,0.000000e+00,0.000000e+00,0.000000e+00,0.000000e+00,0.000000e+00,0.000000e+00,0.000000e+00,0.000000e+00,0.000000e+00,0.000000e+00
1.000000e+00,0.000000e+00,0.000000e+00,0.000000e+00,0.000000e+00,0.000000e+00,0.000000e+00,0.000000e+00,0.000000e+00,0.000000e+00,0.000000e+00,0.000000e+00,0.000000e+00,0.000000e+00,0.000000e+00
1.000000e+00,0.000000e+00,0.000000e+00,0.000000e+00,0.000000e+00,0.000000e+00,0.000000e+00,0.000000e+00,0.000000e+00,0.000000e+00,0.000000e+00,0.000000e+00,0.000000e+00,0.000000e+00,0.000000e+00
1.000000e+00,0.000000e+00,0.000000e+00,0.000000e+00,0.000000e+00,0.000000e+00,0.000000e+00,0.000000e+00,0.000000e+00,0.000000e+00,0.000000e+00,0.000000e+00,0.000000e+00,0.000000e+00,0.000000e+00
1.000000e+00,0.000000e+00,0.000000e+00,0.000000e+00,0.000000e+00,0.000000e+00,0.000000e+00,0.000000e+00,0.000000e+00,0.000000e+00,0.000000e+00,0.000000e+00,0.000000e+00,0.000000e+00,0.000000e+00
1.000000e+00,0.000000e+00,0.000000e+00,0.000000e+00,0.000000e+00,0.000000e+00,0.000000e+00,0.000000e+00,0.000000e+00,0.000000e+00,0.000000e+00,0.000000e+00,0.000000e+00,0.000000e+00,0.000000e+00
1.000000e+00,0.000000e+00,0.000000e+00,0.000000e+00,0.000000e+00,0.000000e+00,0.000000e+00,0.000000e+00,0.000000e+00,0.000000e+00,0.000000e+00,0.000000e+00,0.000000e+00,0.000000e+00,0.000000e+00
1.000000e+00,0.000000e+00,0.000000e+00,0.000000e+00,0.000000e+00,0.000000e+00,0.000000e+00,0.000000e+00,0.000000e+00,0.000000e+00,0.000000e+00,0.000000e+00,0.000000e+00,0.000000e+00,0.000000e+00
1.000000e+00,0.000000e+00,0.000000e+00,0.000000e+00,0.000000e+00,0.000000e+00,0.000000e+00,0.000000e+00,0.000000e+00,0.000000e+00,0.000000e+00,0.000000e+00,0.000000e+00,0.000000e+00,0.000000e+00
1.000000e+00,0.000000e+00,0.000000e+00,0.000000e+00,0.000000e+00,0.000000e+00,0.000000e+00,0.000000e+00,0.000000e+00,0.000000e+00,0.000000e+00,0.000000e+00,0.000000e+00,0.000000e+00,0.000000e+00
1.000000e+00,0.000000e+00,0.000000e+00,0.000000e+00,0.000000e+00,0.000000e+00,0.000000e+00,0.000000e+00,0.000000e+00,0.000000e+00,0.000000e+00,0.000000e+00,0.000000e+00,0.000000e+00,0.000000e+00
1.000000e+00,0.000000e+00,0.000000e+00,0.000000e+00,0.000000e+00,0.000000e+00,0.000000e+00,0.000000e+00,0.000000e+00,0.000000e+00,0.000000e+00,0.000000e+00,0.000000e+00,0.000000e+00,0.000000e+00
4.568967e-01,1.330948e-02,1.189851e-02,4.524866e-02,1.097853e-02,7.525424e-03,2.418264e-03,4.082002e-01,4.329164e-03,1.169135e-03,7.944014e-03,1.031836e-02,7.094387e-03,2.079460e-03,1.058970e-02
3.225353e-01,9.415188e-03,8.925812e-03,3.202465e-02,8.296955e-03,6.064824e-03,2.856800e-03,5.788176e-01,3.058475e-03,8.285723e-04,5.730415e-03,7.306491e-03,5.088646e-03,1.571831e-03,7.478449e-03
2.298816e-01,6.729935e-03,6.595186e-03,2.275893e-02,6.549544e-03,6.585377e-03,3.673854e-03,6.948141e-01,2.167692e-03,5.982855e-04,4.120202e-03,5.184371e-03,3.882625e-03,1.164507e-03,5.293768e-03
1.625308e-01,4.766825e-03,4.771740e-03,1.610923e-02,4.978816e-03,5.308259e-03,4.040590e-03,7.815056e-01,1.527061e-03,4.258090e-04,2.943202e-03,3.654830e-03,2.858703e-03,8.476165e-04,3.730924e-03
1.141059e-01,3.355035e-03,3.385707e-03,1.132223e-02,3.998853e-03,3.920572e-03,4.025487e-03,8.445363e-01,1.072500e-03,3.014040e-04,2.094381e-03,2.570702e-03,2.076853e-03,6.095782e-04,2.624519e-03
8.029803e-02,2.366957e-03,2.400734e-03,7.964610e-03,3.521885e-03,2.821989e-03,3.349410e-03,8.892245e-01,7.538359e-04,2.142016e-04,1.488039e-03,1.809440e-03,1.506615e-03,4.335040e-04,1.846199e-03
5.685295e-02,1.675384e-03,1.735956e-03,5.614546e-03,3.392725e-03,2.059375e-03,3.037927e-03,9.197819e-01,5.327855e-04,1.600991e-04,1.071169e-03,1.299783e-03,1.172006e-03,3.087672e-04,1.304553e-03
4.159881e-02,1.203212e-03,1.268274e-03,4.005651e-03,4.948452e-03,1.582577e-03,3.317487e-03,9.374619e-01,3.885802e-04,1.307504e-04,8.133507e-04,1.033894e-03,1.088246e-03,2.239136e-04,9.348792e-04
3.258859e-02,9.043480e-04,9.809155e-04,2.941704e-03,7.044659e-03,1.367565e-03,3.277476e-03,9.468024e-01,2.991390e-04,1.358687e-04,6.633659e-04,9.781847e-04,1.142566e-03,1.710362e-04,7.021224e-04
3.104832e-02,7.023816e-04,8.456337e-04,2.237715e-03,9.261589e-03,1.326042e-03,4.139039e-03,9.466317e-01,2.495305e-04,1.420398e-04,5.288498e-04,9.939851e-04,1.178621e-03,1.369385e-04,5.776035e-04
3.493946e-02,5.912558e-04,8.080711e-04,1.799507e-03,9.884821e-03,1.408585e-03,3.659901e-03,9.429539e-01,2.163580e-04,1.955735e-04,4.519167e-04,1.119490e-03,1.310310e-03,1.235064e-04,5.373023e-04
4.893768e-02,5.242350e-04,8.574550e-04,1.581805e-03,9.658087e-03,1.689935e-03,3.035277e-03,9.286559e-01,2.506069e-04,1.999070e-04,4.826251e-04,1.785141e-03,1.632924e-03,1.445191e-04,5.639380e-04
8.994558e-02,7.906633e-04,1.169239e-03,2.877920e-03,9.428446e-03,3.886940e-03,2.977577e-03,8.769764e-01,5.759984e-04,2.554574e-04,9.971415e-04,5.183506e-03,3.177175e-03,3.939802e-04,1.364027e-03
8.711076e-02,6.487568e-03,2.788703e-03,4.327198e-02,8.815955e-03,6.309076e-03,2.510353e-03,7.190119e-01,1.539856e-02,5.388245e-03,1.840954e-02,4.292797e-02,2.007036e-02,3.866737e-03,1.763231e-02
6.125280e-02,3.790376e-02,2.932526e-03,1.055136e-01,6.586553e-03,4.937203e-03,1.831008e-03,5.043647e-01,5.748814e-02,3.709814e-02,2.195376e-02,4.602535e-02,2.381445e-02,3.285334e-03,8.501266e-02
4.366803e-02,5.922511e-02,2.890861e-03,1.226025e-01,6.501560e-03,5.441437e-03,1.595933e-03,3.535533e-01,1.369689e-01,3.528526e-02,3.428853e-02,3.740635e-02,2.248396e-02,2.740453e-03,1.353478e-01
3.072408e-02,1.206780e-01,5.979355e-03,1.425411e-01,4.645641e-03,3.949937e-03,1.142253e-03,2.475399e-01,1.879990e-01,4.232924e-02,2.697813e-02,2.657383e-02,1.876556e-02,2.080170e-03,1.380738e-01
2.229862e-02,1.878081e-01,5.722947e-03,1.117168e-01,3.387108e-03,3.056509e-03,8.350738e-04,1.733448e-01,2.648767e-01,4.288939e-02,2.107280e-02,1.961068e-02,1.755030e-02,2.178961e-03,1.236512e-01
1.734501e-02,2.137589e-01,6.298531e-03,1.109675e-01,3.602372e-03,2.884128e-03,7.065676e-04,1.215691e-01,3.047384e-01,4.136546e-02,2.348766e-02,1.583344e-02,2.158250e-02,2.099458e-03,1.137609e-01
1.328502e-02,2.568594e-01,6.264651e-03,1.608371e-01,2.792151e-03,2.406046e-03,5.146822e-04,8.521888e-02,2.956212e-01,3.227831e-02,1.842508e-02,1.152386e-02,1.731638e-02,2.127711e-03,9.452947e-02
2.172912e-02,1.950711e-01,7.125996e-03,1.209362e-01,1.017294e-02,6.749016e-03,5.669249e-04,6.033117e-02,4.188619e-01,2.363408e-02,2.682308e-02,9.237941e-03,1.719449e-02,2.329441e-03,7.923663e-02
5.328285e-02,1.824704e-01,6.754570e-03,1.091009e-01,1.044739e-02,6.216124e-03,5.362181e-04,4.306548e-02,4.626037e-01,1.726855e-02,2.106315e-02,6.817839e-03,1.385212e-02,2.517107e-03,6.400361e-02
8.159994e-02,1.563984e-01,8.353366e-03,8.680180e-02,1.911937e-02,8.332780e-03,8.984288e-04,3.471438e-02,4.948349e-01,1.278137e-02,1.650447e-02,5.477135e-03,2.213280e-02,2.500493e-03,4.955040e-02
8.181702e-02,1.438349e-01,1.020821e-02,6.960073e-02,2.770805e-02,8.729146e-03,1.294063e-03,2.636308e-02,5.347627e-01,9.665872e-03,1.301129e-02,4.248726e-03,2.688364e-02,2.158586e-03,3.971396e-02
8.346476e-02,1.246104e-01,1.495864e-02,5.492872e-02,3.420721e-02,8.539598e-03,1.899366e-03,2.995546e-02,5.488508e-01,7.485132e-03,1.074961e-02,4.190398e-03,4.274287e-02,1.966335e-03,3.145080e-02
8.792718e-02,1.133740e-01,1.424879e-02,4.443744e-02,4.228033e-02,9.816598e-03,2.543995e-03,2.466452e-02,5.066507e-01,5.908663e-03,8.822573e-03,4.772359e-03,1.069377e-01,1.640451e-03,2.597476e-02
1.121943e-01,9.683110e-02,2.342195e-02,5.728228e-02,3.583925e-02,9.803282e-03,2.071813e-03,2.346694e-02,4.131184e-01,6.974631e-03,7.981145e-03,5.703699e-03,1.757844e-01,2.280587e-03,2.724627e-02
1.509962e-01,7.712975e-02,2.282714e-02,6.671716e-02,3.282686e-02,9.252449e-03,1.945378e-03,2.683021e-02,3.412121e-01,7.805973e-03,8.501343e-03,6.511810e-03,2.184476e-01,2.182895e-03,2.681306e-02
1.303835e-01,6.172086e-02,7.764086e-02,8.939390e-02,2.584044e-02,7.784138e-03,1.493760e-03,2.138817e-02,3.604763e-01,1.020368e-02,8.691838e-03,6.444088e-03,1.655953e-01,2.149764e-03,3.079340e-02
1.748241e-01,5.360341e-02,8.611183e-02,7.831378e-02,2.248651e-02,8.443529e-03,1.703200e-03,2.115189e-02,2.880264e-01,1.913820e-02,1.179118e-02,1.383689e-02,1.561244e-01,4.200625e-03,6.024396e-02
1.865930e-01,5.246449e-02,6.769184e-02,5.866605e-02,2.372312e-02,8.275282e-03,2.107502e-03,1.964049e-02,2.522337e-01,1.635217e-02,1.243437e-02,1.462452e-02,2.129747e-01,4.758688e-03,6.746010e-02
1.863254e-01,5.001717e-02,7.359867e-02,4.923274e-02,2.314426e-02,8.508716e-03,2.845605e-03,4.101285e-02,2.182389e-01,1.507861e-02,1.249008e-02,1.446850e-02,2.386395e-01,5.787732e-03,6.061125e-02
1.545934e-01,4.570493e-02,5.399494e-02,3.590827e-02,2.671353e-02,1.225692e-02,3.589339e-03,3.667854e-02,1.845344e-01,1.065759e-02,9.653352e-03,1.419808e-02,3.543131e-01,4.571107e-03,5.263257e-02
1.679475e-01,3.839378e-02,6.621370e-02,5.019246e-02,3.769293e-02,2.753026e-02,4.191504e-03,6.590362e-02,1.458805e-01,8.288481e-03,9.607284e-03,2.396816e-02,3.059770e-01,4.426834e-03,4.378604e-02
1.566482e-01,2.894783e-02,7.134637e-02,1.048690e-01,3.573955e-02,2.310285e-02,3.652418e-03,1.300320e-01,1.181711e-01,7.363575e-03,1.257743e-02,2.805819e-02,2.420366e-01,3.552261e-03,3.390269e-02
1.566289e-01,3.383874e-02,6.570219e-02,8.867243e-02,7.207672e-02,2.102328e-02,8.513285e-03,1.361370e-01,1.342182e-01,5.376148e-03,1.280254e-02,2.545235e-02,2.077733e-01,3.053770e-03,2.873117e-02
1.318868e-01,3.574789e-02,7.614747e-02,8.112068e-02,9.278823e-02,1.781158e-02,1.097417e-02,2.333596e-01,1.109154e-01,3.984903e-03,1.071996e-02,1.889757e-02,1.500257e-01,2.681205e-03,2.293893e-02
9.845017e-02,2.671304e-02,6.852551e-02,5.835301e-02,7.277530e-02,1.345136e-02,8.385890e-03,4.265878e-01,7.877792e-02,2.815662e-03,7.617549e-03,1.335254e-02,1.056899e-01,1.896522e-03,1.660789e-02
7.587010e-02,2.135632e-02,6.533392e-02,4.373575e-02,6.117365e-02,1.027688e-02,6.542268e-03,5.543549e-01,5.692958e-02,1.983526e-03,5.378508e-03,9.387542e-03,7.433350e-02,1.342091e-03,1.200148e-02
7.378967e-02,1.995696e-02,8.224451e-02,3.282350e-02,8.496429e-02,1.146651e-02,9.605976e-03,5.595009e-01,4.711870e-02,1.702311e-03,3.931638e-03,6.731683e-03,5.419033e-02,1.102882e-03,1.087011e-02
7.147829e-02,1.779057e-02,7.745604e-02,2.745176e-02,9.275229e-02,1.200219e-02,1.015479e-02,5.890682e-01,3.945641e-02,1.876442e-03,3.130681e-03,4.957339e-03,4.074611e-02,9.291217e-04,1.074965e-02
8.097857e-02,1.391239e-02,6.516311e-02,2.490826e-02,9.194936e-02,1.853216e-02,3.119569e-02,5.842282e-01,3.133223e-02,2.795365e-03,2.657698e-03,4.179093e-03,3.747141e-02,8.098372e-04,9.886656e-03
1.233292e-01,1.165256e-02,4.824576e-02,1.926478e-02,6.969924e-02,3.185617e-02,3.409199e-02,5.872623e-01,2.332051e-02,2.497021e-03,2.089463e-03,3.841757e-03,3.431697e-02,6.520425e-04,7.880173e-03
1.480392e-01,1.172203e-02,3.756168e-02,1.615351e-02,5.745851e-02,5.611745e-02,3.012461e-02,5.742730e-01,1.756736e-02,2.525425e-03,1.893167e-03,3.742054e-03,3.540444e-02,5.750611e-04,6.842494e-03
1.704926e-01,9.405430e-03,2.918538e-02,1.324265e-02,4.422127e-02,6.927672e-02,3.066015e-02,5.639625e-01,1.535270e-02,2.147304e-03,2.011975e-03,4.682413e-03,3.883232e-02,5.448629e-04,5.981781e-03
2.119511e-01,7.680617e-03,2.349037e-02,1.163560e-02,3.574644e-02,6.249728e-02,3.143923e-02,5.448492e-01,1.366874e-02,1.675935e-03,1.829265e-03,5.414407e-03,4.224957e-02,5.801545e-04,5.292056e-03
2.722287e-01,6.265389e-03,2.021785e-02,1.002100e-02,2.753435e-02,6.370201e-02,5.841557e-02,4.597343e-01,1.052895e-02,1.351890e-03,1.606585e-03,7.214934e-03,5.562935e-02,6.408835e-04,4.908167e-03
3.948497e-01,5.589113e-03,1.724321e-02,9.989752e-03,2.183913e-02,5.658159e-02,5.014758e-02,3.666581e-01,9.943770e-03,1.413936e-03,1.715138e-03,1.277178e-02,4.480598e-02,9.723629e-04,5.478852e-03
1.000000e+00,0.000000e+00,0.000000e+00,0.000000e+00,0.000000e+00,0.000000e+00,0.000000e+00,0.000000e+00,0.000000e+00,0.000000e+00,0.000000e+00,0.000000e+00,0.000000e+00,0.000000e+00,0.000000e+00
1.000000e+00,0.000000e+00,0.000000e+00,0.000000e+00,0.000000e+00,0.000000e+00,0.000000e+00,0.000000e+00,0.000000e+00,0.000000e+00,0.000000e+00,0.000000e+00,0.000000e+00,0.000000e+00,0.000000e+00
1.000000e+00,0.000000e+00,0.000000e+00,0.000000e+00,0.000000e+00,0.000000e+00,0.000000e+00,0.000000e+00,0.000000e+00,0.000000e+00,0.000000e+00,0.000000e+00,0.000000e+00,0.000000e+00,0.000000e+00
1.000000e+00,0.000000e+00,0.000000e+00,0.000000e+00,0.000000e+00,0.000000e+00,0.000000e+00,0.000000e+00,0.000000e+00,0.000000e+00,0.000000e+00,0.000000e+00,0.000000e+00,0.000000e+00,0.000000e+00
4.363063e-01,1.194440e-02,1.209496e-02,9.808571e-03,1.130720e-02,3.553909e-02,6.087052e-02,1.251858e-01,5.136641e-03,5.492788e-03,1.016915e-02,1.706870e-02,1.916203e-02,3.622585e-03,2.362912e-01
3.198357e-01,1.249255e-02,9.872016e-03,9.328920e-03,8.981953e-03,2.919534e-02,4.616214e-02,9.471230e-02,6.173031e-03,7.056298e-03,1.139448e-02,1.400343e-02,1.889097e-02,3.521085e-03,4.083799e-01
2.386060e-01,2.012429e-02,8.432640e-03,1.259683e-02,7.544121e-03,3.400888e-02,3.407170e-02,6.954109e-02,1.733287e-02,8.157901e-02,2.287509e-02,1.469863e-02,1.880186e-02,1.074218e-02,4.090449e-01
2.364264e-01,3.788489e-02,7.655810e-03,2.448939e-02,6.880841e-03,3.297788e-02,2.569912e-02,5.280931e-02,3.341509e-02,1.054238e-01,3.995503e-02,1.549622e-02,1.583211e-02,3.233919e-02,3.327150e-01
1.934439e-01,2.785777e-02,5.922015e-03,2.319692e-02,6.196185e-03,2.612302e-02,2.097898e-02,3.793470e-02,3.143656e-02,9.798923e-02,1.923231e-01,2.206023e-02,1.221627e-02,6.747265e-02,2.348486e-01
1.461528e-01,1.996033e-02,4.316297e-03,1.716004e-02,5.359685e-03,1.920220e-02,1.516584e-02,2.692514e-02,3.015610e-02,7.966862e-02,2.572521e-01,4.740247e-02,9.493123e-03,1.566679e-01,1.651174e-01
1.119586e-01,1.411444e-02,3.083835e-03,1.253336e-02,4.131115e-03,1.410975e-02,1.079334e-02,1.902461e-02,2.374761e-02,6.332563e-02,3.929524e-01,3.642986e-02,7.259640e-03,1.702538e-01,1.162819e-01
8.392739e-02,1.576228e-02,2.568995e-03,1.086391e-02,5.611904e-03,1.086149e-02,7.656946e-03,1.388420e-02,9.431829e-02,6.677925e-02,3.448254e-01,3.967159e-02,5.461104e-03,2.142137e-01,8.359350e-02
7.170200e-02,1.646475e-02,4.165876e-03,1.181635e-02,7.281446e-03,9.485605e-03,5.662713e-03,1.120161e-02,1.332321e-01,6.023046e-02,3.183287e-01,3.677447e-02,4.323307e-03,2.494420e-01,5.988856e-02
5.281885e-02,1.540309e-02,3.364481e-03,8.840606e-03,6.162225e-03,7.247976e-03,4.032223e-03,8.123337e-03,1.276246e-01,6.324395e-02,2.726073e-01,3.130366e-02,3.171278e-03,3.529940e-01,4.306235e-02
3.909034e-02,1.356144e-02,3.968942e-03,7.013496e-03,4.953171e-03,9.507076e-03,2.895515e-03,6.711894e-03,1.112985e-01,4.921062e-02,2.015480e-01,2.350448e-02,2.728732e-03,4.923349e-01,3.167299e-02
3.034150e-02,1.313610e-02,8.585142e-03,5.881189e-03,3.928126e-03,1.190301e-02,2.164646e-03,5.416560e-03,1.192036e-01,4.171518e-02,1.522608e-01,1.856302e-02,2.463921e-03,5.594112e-01,2.502598e-02
2.902190e-02,2.231128e-02,9.263201e-03,5.068473e-03,5.778167e-03,1.300102e-02,1.729202e-03,4.274232e-03,1.326552e-01,3.886621e-02,1.133920e-01,1.425639e-02,2.796015e-03,5.658820e-01,4.170462e-02
2.908853e-02,1.789022e-02,1.114949e-02,3.743634e-03,6.239266e-03,1.114473e-02,1.249786e-03,3.334582e-03,1.217946e-01,4.132239e-02,8.277371e-02,1.086153e-02,2.592791e-03,5.864114e-01,7.040338e-02
4.142535e-02,2.570369e-02,3.153910e-02,1.992234e-02,1.206048e-02,1.502677e-02,1.975544e-03,1.044663e-02,1.217395e-01,3.155764e-02,6.132564e-02,7.918383e-03,3.219047e-03,5.506316e-01,6.550832e-02
6.418605e-02,6.575792e-02,8.309672e-02,2.076660e-02,1.074138e-02,1.254830e-02,2.085929e-03,1.047191e-02,1.262423e-01,2.481116e-02,4.450263e-02,5.752612e-03,3.660243e-03,4.132153e-01,1.121610e-01
8.741655e-02,7.736447e-02,1.178335e-01,1.818970e-02,1.128233e-02,1.002641e-02,1.787539e-03,1.147739e-02,1.125066e-01,2.284493e-02,3.203935e-02,4.143078e-03,3.264026e-03,3.280010e-01,1.618232e-01
1.760290e-01,8.100640e-02,1.015453e-01,1.839177e-02,1.627532e-02,1.171560e-02,3.122165e-03,1.112096e-02,9.019595e-02,1.856296e-02,2.449256e-02,3.187292e-03,3.488120e-03,2.994047e-01,1.414620e-01
2.268378e-01,7.389775e-02,9.091885e-02,1.643586e-02,2.404917e-02,2.145103e-02,2.921431e-03,9.968722e-03,7.766364e-02,1.663317e-02,1.819305e-02,2.384587e-03,3.927912e-03,2.864473e-01,1.282698e-01
2.797273e-01,6.903045e-02,6.868808e-02,2.352803e-02,3.343233e-02,2.437504e-02,2.529813e-03,9.743977e-03,6.993948e-02,1.476710e-02,1.550624e-02,1.945794e-03,4.422555e-03,2.703203e-01,1.120435e-01
3.168095e-01,6.844045e-02,5.014171e-02,2.606382e-02,3.639287e-02,2.633879e-02,2.321568e-03,8.658069e-03,6.710560e-02,1.212273e-02,1.330522e-02,2.070833e-03,4.334396e-03,2.760791e-01,8.981544e-02
3.398438e-01,6.368879e-02,3.862301e-02,3.876094e-02,3.009807e-02,2.082433e-02,2.124210e-03,6.661464e-03,6.418096e-02,1.307239e-02,1.043210e-02,2.700028e-03,3.790540e-03,2.179217e-01,1.472778e-01
3.426769e-01,6.381911e-02,7.244598e-02,5.581269e-02,2.594071e-02,1.753024e-02,2.506661e-03,6.941461e-03,6.438712e-02,1.241157e-02,8.993644e-03,3.021537e-03,3.418320e-03,1.614829e-01,1.586112e-01
4.286664e-01,5.693301e-02,6.058767e-02,5.058397e-02,2.112685e-02,1.525648e-02,2.322819e-03,5.884366e-03,6.966989e-02,1.048398e-02,7.894011e-03,4.315920e-03,3.347915e-03,1.239110e-01,1.390158e-01
4.822037e-01,6.112278e-02,5.561199e-02,4.904810e-02,1.882005e-02,1.626709e-02,2.064725e-03,5.088821e-03,6.466745e-02,8.699899e-03,7.349952e-03,6.846068e-03,4.080195e-03,9.330282e-02,1.248264e-01
4.011287e-01,7.729287e-02,5.065434e-02,6.604463e-02,1.402258e-02,1.329785e-02,1.572643e-03,3.950776e-03,7.382698e-02,1.002156e-02,6.653156e-03,6.190776e-03,3.800479e-03,7.089441e-02,2.006482e-01
2.852443e-01,6.163121e-02,4.271379e-02,4.730513e-02,9.952571e-03,9.769229e-03,1.110452e-03,2.780639e-03,6.044979e-02,8.447513e-03,5.021981e-03,4.452532e-03,2.740639e-03,5.635002e-02,4.020301e-01
2.148775e-01,5.300888e-02,3.479986e-02,4.156971e-02,7.796555e-03,7.511253e-03,8.509743e-04,2.072377e-03,9.004538e-02,9.074610e-03,4.672482e-03,3.449395e-03,2.466608e-03,6.015661e-02,4.676478e-01
1.801415e-01,4.336083e-02,2.702275e-02,3.031657e-02,6.104521e-03,6.570742e-03,7.296980e-04,1.598360e-03,9.037135e-02,1.909721e-02,5.906345e-03,2.579876e-03,2.182285e-03,1.325644e-01,4.514536e-01
1.378310e-01,3.624519e-02,2.086718e-02,2.229214e-02,4.683123e-03,5.109587e-03,5.795678e-04,1.187727e-03,8.642523e-02,2.130790e-02,5.089126e-03,1.885237e-03,1.807115e-03,2.838913e-01,3.707986e-01
1.164859e-01,2.767883e-02,1.529712e-02,1.588267e-02,3.603792e-03,4.159363e-03,4.629216e-04,8.679126e-04,6.599113e-02,1.895796e-02,4.071170e-03,1.455900e-03,1.481358e-03,4.408787e-01,2.827252e-01
9.588950e-02,2.061859e-02,1.107439e-02,1.119949e-02,2.843163e-03,3.183603e-03,3.573345e-04,6.229823e-04,5.158096e-02,1.925508e-02,3.360893e-03,1.083718e-03,1.216296e-03,5.571877e-01,2.205263e-01
8.857552e-02,1.551069e-02,9.113256e-03,7.923879e-03,2.305381e-03,3.122175e-03,3.186932e-04,4.749881e-04,4.602527e-02,1.949871e-02,2.783658e-03,8.231059e-04,1.041667e-03,6.217739e-01,1.807091e-01
1.076516e-01,1.415687e-02,8.178219e-03,5.780510e-03,2.472078e-03,5.574810e-03,3.625162e-04,5.222532e-04,5.809047e-02,2.773608e-02,3.272149e-03,6.988068e-04,1.143114e-03,6.137304e-01,1.506300e-01
9.654134e-02,1.158441e-02,1.114228e-02,4.446777e-03,2.311532e-03,5.084825e-03,8.423503e-04,1.025943e-03,7.324895e-02,3.981528e-02,3.019033e-03,5.991532e-04,9.377059e-04,5.955452e-01,1.538551e-01
9.509367e-02,1.590925e-02,4.134763e-02,6.196177e-03,4.883405e-03,4.866943e-03,1.711536e-03,2.872969e-03,9.712598e-02,4.670443e-02,2.967950e-03,6.445897e-04,1.209092e-03,4.606575e-01,2.178088e-01
1.018838e-01,1.570943e-02,4.031347e-02,5.274281e-03,6.785702e-03,5.140169e-03,1.369681e-03,2.707725e-03,1.160023e-01,5.359406e-02,2.553765e-03,5.123811e-04,9.564488e-04,3.959631e-01,2.512337e-01
1.353814e-01,2.216849e-02,3.865970e-02,6.002087e-03,2.242573e-02,8.267215e-03,1.506026e-03,7.834896e-03,1.154480e-01,5.219518e-02,3.740141e-03,9.116614e-04,1.301334e-03,3.022594e-01,2.818987e-01
1.606067e-01,2.458975e-02,3.618822e-02,7.895088e-03,3.860759e-02,1.593689e-02,1.811935e-03,1.105309e-02,1.318375e-01,6.598205e-02,3.839534e-03,9.901500e-04,1.318869e-03,2.306846e-01,2.686580e-01
1.977580e-01,2.710649e-02,3.580291e-02,8.202525e-03,3.786562e-02,1.770655e-02,1.680188e-03,1.129095e-02,1.860069e-01,7.522021e-02,3.472870e-03,1.117249e-03,1.259619e-03,1.908780e-01,2.046319e-01
2.991779e-01,2.687023e-02,2.808671e-02,8.798292e-03,3.485243e-02,1.959165e-02,2.111238e-03,1.234678e-02,2.119944e-01,5.727348e-02,3.386830e-03,2.259396e-03,1.402890e-03,1.433063e-01,1.485415e-01
3.906176e-01,2.327900e-02,2.177265e-02,8.395996e-03,2.996631e-02,1.766086e-02,2.013224e-03,1.157393e-02,2.266261e-01,4.369292e-02,3.476391e-03,3.018412e-03,1.509137e-03,1.079890e-01,1.084085e-01
1.000000e+00,0.000000e+00,0.000000e+00,0.000000e+00,0.000000e+00,0.000000e+00,0.000000e+00,0.000000e+00,0.000000e+00,0.000000e+00,0.000000e+00,0.000000e+00,0.000000e+00,0.000000e+00,0.000000e+00
1.000000e+00,0.000000e+00,0.000000e+00,0.000000e+00,0.000000e+00,0.000000e+00,0.000000e+00,0.000000e+00,0.000000e+00,0.000000e+00,0.000000e+00,0.000000e+00,0.000000e+00,0.000000e+00,0.000000e+00
1.000000e+00,0.000000e+00,0.000000e+00,0.000000e+00,0.000000e+00,0.000000e+00,0.000000e+00,0.000000e+00,0.000000e+00,0.000000e+00,0.000000e+00,0.000000e+00,0.000000e+00,0.000000e+00,0.000000e+00
1.000000e+00,0.000000e+00,0.000000e+00,0.000000e+00,0.000000e+00,0.000000e+00,0.000000e+00,0.000000e+00,0.000000e+00,0.000000e+00,0.000000e+00,0.000000e+00,0.000000e+00,0.000000e+00,0.000000e+00
4.455118e-01,8.845534e-02,5.720958e-02,8.331680e-02,1.459150e-02,1.266111e-02,1.354910e-03,4.499867e-03,5.488475e-02,6.632139e-02,1.223712e-02,5.679129e-03,5.351978e-03,2.246821e-02,1.254566e-01
3.381616e-01,7.121444e-02,4.634074e-02,6.558877e-02,1.047639e-02,9.640787e-03,1.069765e-03,3.423485e-03,8.157948e-02,1.123269e-01,1.422272e-02,5.153377e-03,7.428157e-03,1.920519e-02,2.141681e-01
2.416470e-01,5.279713e-02,6.395778e-02,9.320971e-02,7.492449e-03,7.066918e-03,8.565139e-04,2.692041e-03,8.030979e-02,1.783703e-01,1.989467e-02,4.818746e-03,8.612914e-03,1.379525e-02,2.244788e-01
1.987476e-01,4.001285e-02,7.239737e-02,6.977301e-02,5.702507e-03,5.861313e-03,7.319385e-04,2.466170e-03,7.356581e-02,1.891256e-01,2.509159e-02,4.369977e-03,8.563106e-03,1.927554e-02,2.843157e-01
1.463220e-01,2.945208e-02,5.404868e-02,4.939744e-02,4.083121e-03,4.938822e-03,5.317613e-04,1.961078e-03,6.291365e-02,2.609718e-01,1.857188e-02,4.511156e-03,7.676049e-03,1.998557e-02,3.346350e-01
1.038270e-01,2.267698e-02,4.012401e-02,3.543214e-02,2.906197e-03,3.623944e-03,3.893990e-04,1.472455e-03,5.595558e-02,4.253120e-01,1.345322e-02,3.635479e-03,6.515548e-03,1.433387e-02,2.703423e-01
7.359734e-02,1.724226e-02,2.859217e-02,2.487785e-02,2.079070e-03,2.607010e-03,2.747736e-04,1.041482e-03,4.162283e-02,5.852107e-01,9.575092e-03,2.619910e-03,4.949954e-03,1.065165e-02,1.950580e-01
5.413873e-02,1.614310e-02,2.212293e-02,1.932972e-02,1.499326e-03,2.134164e-03,2.015124e-04,7.588033e-04,8.206512e-02,5.778812e-01,7.645121e-03,2.405246e-03,5.843597e-03,8.852239e-03,1.989793e-01
4.221758e-02,1.385288e-02,2.042061e-02,1.791977e-02,1.485174e-03,2.251307e-03,2.355942e-04,1.625834e-03,1.029271e-01,4.197502e-01,5.650498e-02,5.483830e-03,3.677751e-02,1.132988e-02,2.672178e-01
3.055598e-02,2.004585e-02,2.590575e-02,5.817337e-02,1.384308e-03,2.159828e-03,4.033155e-04,4.100135e-03,1.977873e-01,2.945521e-01,5.100031e-02,4.856671e-03,3.529751e-02,8.864751e-03,2.649129e-01
3.675564e-02,1.792083e-02,6.159440e-02,1.451859e-01,4.936511e-03,2.548809e-03,6.639215e-04,8.474683e-03,1.671619e-01,2.066243e-01,4.888607e-02,4.902011e-03,3.619833e-02,7.028902e-03,2.511179e-01
4.788112e-02,1.962504e-02,1.293077e-01,1.898973e-01,4.866030e-02,6.303741e-03,5.276735e-03,7.491881e-03,1.405006e-01,1.448423e-01,4.016177e-02,4.111271e-03,2.689914e-02,5.137753e-03,1.839035e-01
4.906046e-02,2.756831e-02,1.696509e-01,2.220101e-01,9.427172e-02,1.210821e-02,1.361411e-02,6.701370e-03,1.100437e-01,1.014871e-01,2.984838e-02,3.241990e-03,1.981198e-02,3.681011e-03,1.369007e-01
3.507821e-02,2.158261e-02,1.361981e-01,4.130483e-01,8.320987e-02,8.771564e-03,1.006226e-02,6.206478e-03,7.860456e-02,7.111976e-02,2.133347e-02,2.304756e-03,1.395247e-02,2.585778e-03,9.594186e-02
2.776156e-02,1.547060e-02,1.122395e-01,4.913997e-01,1.004793e-01,6.499236e-03,7.856052e-03,3.367918e-02,5.721005e-02,4.983464e-02,1.661229e-02,1.704272e-03,1.016198e-02,1.824362e-03,6.726733e-02
2.407324e-02,1.114016e-02,8.486126e-02,3.682501e-01,1.492757e-01,5.336618e-03,6.901334e-03,1.960603e-01,4.651377e-02,3.493803e-02,1.473311e-02,1.357959e-03,8.000282e-03,1.306430e-03,4.725172e-02
1.928401e-02,8.085689e-03,5.994483e-02,2.607889e-01,1.230643e-01,4.028789e-03,5.291896e-03,4.076024e-01,3.354637e-02,2.451112e-02,1.258908e-02,1.073836e-03,6.116823e-03,9.283467e-04,3.314357e-02
1.589896e-02,5.744349e-03,4.208062e-02,1.830525e-01,9.455055e-02,2.931462e-03,3.901399e-03,5.727724e-01,2.363642e-02,1.717482e-02,9.217754e-03,7.724347e-04,4.402717e-03,6.524771e-04,2.321121e-02
1.343269e-02,4.052381e-03,2.953875e-02,1.286646e-01,6.752945e-02,2.698036e-03,2.753112e-03,6.951275e-01,1.658107e-02,1.204111e-02,6.710766e-03,6.931628e-04,3.450531e-03,4.703914e-04,1.625645e-02
1.488148e-02,2.855582e-03,2.071928e-02,9.023333e-02,4.800515e-02,2.234001e-03,1.953022e-03,7.792933e-01,1.163736e-02,8.433163e-03,4.822306e-03,6.002557e-04,2.614376e-03,3.336395e-04,1.138372e-02
1.973335e-02,2.055418e-03,1.457545e-02,6.342148e-02,3.478963e-02,2.409199e-03,1.410277e-03,8.312765e-01,8.213945e-03,5.913255e-03,4.034473e-03,9.956699e-04,2.932074e-03,2.592667e-04,7.980004e-03
1.670780e-02,1.447072e-03,1.022135e-02,4.443981e-02,2.455787e-02,2.026660e-03,1.034538e-03,8.778902e-01,5.775380e-03,4.141391e-03,2.968959e-03,7.953244e-04,2.213837e-03,1.840935e-04,5.595756e-03
1.491146e-02,1.021731e-03,7.169781e-03,3.116365e-02,1.735328e-02,2.052183e-03,7.561002e-04,9.097970e-01,4.058056e-03,2.900213e-03,2.288830e-03,6.727888e-04,1.790561e-03,1.313130e-04,3.933154e-03
2.395823e-02,7.266597e-04,5.047054e-03,2.203946e-02,1.228542e-02,3.729424e-03,5.768703e-04,9.184058e-01,2.893641e-03,2.035018e-03,1.969100e-03,1.514885e-03,1.899517e-03,1.021637e-04,2.816794e-03
7.903264e-02,8.295507e-04,4.528620e-03,2.429951e-02,9.295100e-03,9.700420e-03,5.276307e-04,8.214864e-01,3.293654e-03,1.692296e-03,9.786082e-03,1.465399e-02,1.766403e-02,4.070100e-04,2.803133e-03
1.241742e-01,8.934344e-04,3.563297e-03,2.593483e-02,6.869696e-03,1.904526e-02,5.315269e-04,6.587266e-01,4.098000e-03,1.735659e-03,2.394635e-02,4.655331e-02,7.992449e-02,6.861247e-04,3.317293e-03
1.281622e-01,8.696670e-04,2.667548e-03,2.001292e-02,5.221190e-03,1.485085e-02,4.667758e-04,4.716681e-01,1.775864e-02,1.662477e-03,3.541628e-02,8.019271e-02,2.173265e-01,8.381301e-04,2.886043e-03
1.551079e-01,1.059219e-03,1.987903e-03,1.504684e-02,3.790647e-03,1.270219e-02,4.277473e-04,3.411816e-01,3.329977e-02,1.445569e-03,3.331359e-02,1.589933e-01,2.374553e-01,9.958684e-04,3.192633e-03
1.781054e-01,1.884762e-03,1.763099e-03,1.220263e-02,3.145479e-03,1.309464e-02,4.050628e-04,2.445453e-01,7.711333e-02,1.713732e-03,3.252939e-02,2.239286e-01,2.054638e-01,1.241538e-03,2.863178e-03
2.162577e-01,3.803479e-03,1.812912e-03,1.341499e-02,3.468073e-03,1.590511e-02,4.535210e-04,1.742267e-01,1.041952e-01,2.456593e-03,3.537117e-02,2.631203e-01,1.600621e-01,2.341407e-03,3.110791e-03
2.748197e-01,6.380237e-03,1.816407e-03,1.172191e-02,3.188714e-03,1.677326e-02,5.614119e-04,1.232510e-01,1.042513e-01,3.197116e-03,4.178983e-02,2.776639e-01,1.280305e-01,3.300614e-03,3.254048e-03
3.382220e-01,7.211890e-03,1.939048e-03,9.504398e-03,3.449877e-03,1.577748e-02,5.248364e-04,8.705369e-02,8.092982e-02,3.274960e-03,3.709434e-02,3.153956e-01,9.180552e-02,3.942719e-03,3.873842e-03
4.057202e-01,7.353663e-03,2.196625e-03,8.883575e-03,3.335450e-03,1.561736e-02,5.304079e-04,6.188152e-02,5.976056e-02,3.318749e-03,3.084464e-02,3.232153e-01,6.660330e-02,4.910742e-03,5.827926e-03
1.000000e+00,0.000000e+00,0.000000e+00,0.000000e+00,0.000000e+00,0.000000e+00,0.000000e+00,0.000000e+00,0.000000e+00,0.000000e+00,0.000000e+00,0.000000e+00,0.000000e+00,0.000000e+00,0.000000e+00
1.000000e+00,0.000000e+00,0.000000e+00,0.000000e+00,0.000000e+00,0.000000e+00,0.000000e+00,0.000000e+00,0.000000e+00,0.000000e+00,0.000000e+00,0.000000e+00,0.000000e+00,0.000000e+00,0.000000e+00
4.004013e-01,1.171785e-02,6.164361e-03,7.811438e-03,5.924839e-03,9.739860e-03,6.791928e-04,2.624676e-02,2.334537e-02,1.886580e-03,3.436586e-02,4.413694e-01,2.393113e-02,3.478646e-03,2.937337e-03
2.978754e-01,1.000861e-02,5.990560e-03,6.742410e-03,1.004419e-02,8.791932e-03,1.033736e-03,2.325677e-02,1.894695e-02,1.522100e-03,4.968519e-02,5.440343e-01,1.694372e-02,2.989233e-03,2.134934e-03
2.194122e-01,7.966797e-03,4.958012e-03,5.855051e-03,1.022385e-02,6.901947e-03,1.015467e-03,1.977467e-02,1.535447e-02,1.176508e-03,4.833067e-02,6.429161e-01,1.200369e-02,2.591761e-03,1.518838e-03
1.619591e-01,8.915112e-03,5.414241e-03,5.187888e-03,1.366901e-02,6.107890e-03,1.242290e-03,2.428238e-02,1.861910e-02,1.132426e-03,6.508101e-02,6.752831e-01,8.682083e-03,3.298846e-03,1.125560e-03
1.144163e-01,8.178135e-03,1.184112e-02,6.246202e-03,1.449510e-02,4.910497e-03,9.630320e-04,6.217221e-02,1.763891e-02,1.300698e-03,8.559757e-02,6.611828e-01,6.394878e-03,3.861594e-03,8.010060e-04
8.349818e-02,7.203991e-03,1.851690e-02,6.633569e-03,1.518695e-02,4.003013e-03,9.265982e-04,5.770561e-02,1.510178e-02,1.517826e-03,1.019312e-01,6.786913e-01,4.877223e-03,3.621993e-03,5.838478e-04
6.119346e-02,1.490326e-02,2.720748e-02,6.972381e-03,4.992070e-02,9.427375e-03,1.397340e-03,6.197828e-02,1.412718e-02,2.811584e-03,9.360586e-02,6.483823e-01,4.284025e-03,3.346673e-03,4.421161e-04
4.569689e-02,1.890655e-02,3.678670e-02,6.172624e-03,4.428699e-02,1.327408e-02,1.307404e-03,5.402274e-02,1.215458e-02,6.272929e-03,1.014803e-01,6.523333e-01,3.543811e-03,3.353911e-03,4.072506e-04
3.760388e-02,1.858302e-02,2.954675e-02,4.851717e-03,3.683878e-02,1.664136e-02,1.177143e-03,4.457776e-02,1.236441e-02,1.063588e-02,1.343585e-01,6.445326e-01,2.960139e-03,4.946354e-03,3.818247e-04
3.944349e-02,1.896500e-02,2.469254e-02,5.109277e-03,3.511858e-02,1.630397e-02,1.174124e-03,4.166991e-02,1.194282e-02,1.028858e-02,1.457084e-01,6.411945e-01,2.492662e-03,5.460366e-03,4.358424e-04
5.940768e-02,1.998684e-02,2.844196e-02,1.274387e-02,3.855601e-02,1.905903e-02,2.094545e-03,8.627740e-02,1.197468e-02,1.259927e-02,1.339968e-01,5.669725e-01,2.139721e-03,5.154239e-03,5.954779e-04
6.867957e-02,2.197281e-02,2.735429e-02,1.532491e-02,8.666597e-02,2.992174e-02,3.602598e-03,8.428191e-02,2.941218e-02,2.276567e-02,1.780607e-01,4.238997e-01,2.046054e-03,5.156688e-03,8.551098e-04
6.402213e-02,2.211695e-02,3.052656e-02,1.418572e-02,1.017319e-01,2.695776e-02,4.037221e-03,8.457112e-02,4.580005e-02,2.693286e-02,2.543506e-01,3.168538e-01,1.946792e-03,4.854842e-03,1.111652e-03
7.541235e-02,2.141060e-02,3.376672e-02,1.182457e-02,9.401025e-02,2.283365e-02,6.210994e-03,8.018503e-02,5.548085e-02,2.974054e-02,3.246407e-01,2.331780e-01,2.005354e-03,6.561986e-03,2.738355e-03
8.618017e-02,1.793912e-02,3.716670e-02,1.065676e-02,1.146465e-01,1.895971e-02,1.462516e-02,8.905542e-02,6.784362e-02,4.099151e-02,3.232193e-01,1.668157e-01,2.012984e-03,7.316198e-03,2.571055e-03
8.554101e-02,1.638605e-02,3.148485e-02,9.965415e-03,2.514865e-01,2.193691e-02,1.451213e-02,7.195365e-02,6.845401e-02,3.992237e-02,2.596351e-01,1.183769e-01,1.931216e-03,6.319777e-03,2.094017e-03
8.749191e-02,1.558246e-02,2.351158e-02,1.085722e-02,3.337443e-01,2.033589e-02,1.376186e-02,6.114438e-02,1.032541e-01,4.166528e-02,1.924286e-01,8.523384e-02,2.123473e-03,7.011274e-03,1.853935e-03
9.335522e-02,1.990664e-02,1.967511e-02,1.353673e-02,3.318291e-01,2.520021e-02,1.515638e-02,6.702413e-02,1.352702e-01,6.189257e-02,1.422794e-01,6.244330e-02,2.394777e-03,7.898184e-03,2.138034e-03
1.478163e-01,2.399545e-02,1.988601e-02,1.724569e-02,2.808929e-01,2.475311e-02,1.779412e-02,5.844101e-02,1.282203e-01,1.121601e-01,1.075010e-01,4.820731e-02,2.709645e-03,7.676582e-03,2.700459e-03
2.295830e-01,2.049010e-02,1.488811e-02,1.459532e-02,2.084326e-01,2.069002e-02,1.381923e-02,4.451544e-02,1.090692e-01,1.919021e-01,8.214339e-02,3.739683e-02,2.838385e-03,6.629328e-03,3.007035e-03
3.264167e-01,1.674653e-02,1.133009e-02,1.225670e-02,1.528841e-01,1.761871e-02,1.065149e-02,3.376529e-02,8.940925e-02,2.248464e-01,6.202517e-02,3.032902e-02,2.709398e-03,5.811986e-03,3.199193e-03
4.528779e-01,1.325684e-02,8.833330e-03,1.176027e-02,1.158326e-01,1.583792e-02,8.467784e-03,2.715465e-02,7.007721e-02,1.876184e-01,4.679059e-02,2.894967e-02,3.860545e-03,4.989590e-03,3.692687e-03
1.000000e+00,0.000000e+00,0.000000e+00,0.000000e+00,0.000000e+00,0.000000e+00,0.000000e+00,0.000000e+00,0.000000e+00,0.000000e+00,0.000000e+00,0.000000e+00,0.000000e+00,0.000000e+00,0.000000e+00
1.000000e+00,0.000000e+00,0.000000e+00,0.000000e+00,0.000000e+00,0.000000e+00,0.000000e+00,0.000000e+00,0.000000e+00,0.000000e+00,0.000000e+00,0.000000e+00,0.000000e+00,0.000000e+00,0.000000e+00
1.000000e+00,0.000000e+00,0.000000e+00,0.000000e+00,0.000000e+00,0.000000e+00,0.000000e+00,0.000000e+00,0.000000e+00,0.000000e+00,0.000000e+00,0.000000e+00,0.000000e+00,0.000000e+00,0.000000e+00
1.000000e+00,0.000000e+00,0.000000e+00,0.000000e+00,0.000000e+00,0.000000e+00,0.000000e+00,0.000000e+00,0.000000e+00,0.000000e+00,0.000000e+00,0.000000e+00,0.000000e+00,0.000000e+00,0.000000e+00
1.000000e+00,0.000000e+00,0.000000e+00,0.000000e+00,0.000000e+00,0.000000e+00,0.000000e+00,0.000000e+00,0.000000e+00,0.000000e+00,0.000000e+00,0.000000e+00,0.000000e+00,0.000000e+00,0.000000e+00
1.000000e+00,0.000000e+00,0.000000e+00,0.000000e+00,0.000000e+00,0.000000e+00,0.000000e+00,0.000000e+00,0.000000e+00,0.000000e+00,0.000000e+00,0.000000e+00,0.000000e+00,0.000000e+00,0.000000e+00
1.000000e+00,0.000000e+00,0.000000e+00,0.000000e+00,0.000000e+00,0.000000e+00,0.000000e+00,0.000000e+00,0.000000e+00,0.000000e+00,0.000000e+00,0.000000e+00,0.000000e+00,0.000000e+00,0.000000e+00
1.000000e+00,0.000000e+00,0.000000e+00,0.000000e+00,0.000000e+00,0.000000e+00,0.000000e+00,0.000000e+00,0.000000e+00,0.000000e+00,0.000000e+00,0.000000e+00,0.000000e+00,0.000000e+00,0.000000e+00
1.000000e+00,0.000000e+00,0.000000e+00,0.000000e+00,0.000000e+00,0.000000e+00,0.000000e+00,0.000000e+00,0.000000e+00,0.000000e+00,0.000000e+00,0.000000e+00,0.000000e+00,0.000000e+00,0.000000e+00
1.000000e+00,0.000000e+00,0.000000e+00,0.000000e+00,0.000000e+00,0.000000e+00,0.000000e+00,0.000000e+00,0.000000e+00,0.000000e+00,0.000000e+00,0.000000e+00,0.000000e+00,0.000000e+00,0.000000e+00
1.000000e+00,0.000000e+00,0.000000e+00,0.000000e+00,0.000000e+00,0.000000e+00,0.000000e+00,0.000000e+00,0.000000e+00,0.000000e+00,0.000000e+00,0.000000e+00,0.000000e+00,0.000000e+00,0.000000e+00
