1.000000e+00,0.000000e+00,0.000000e+00,0.000000e+00,0.000000e+00,0.000000e+00,0.000000e+00,0.000000e+00,0.000000e+00,0.000000e+00,0.000000e+00,0.000000e+00,0.000000e+00,0.000000e+00,0.000000e+00
1.000000e+00,0.000000e+00,0.000000e+00,0.000000e+00,0.000000e+00,0.000000e+00,0.000000e+00,0.000000e+00,0.000000e+00,0.000000e+00,0.000000e+00,0.000000e+00,0.000000e+00,0.000000e+00,0.000000e+00
1.000000e+00,0.000000e+00,0.000000e+00,0.000000e+00,0.000000e+00,0.000000e+00,0.000000e+00,0.000000e+00,0.000000e+00,0.000000e+00,0.000000e+00,0.000000e+00,0.000000e+00,0.000000e+00,0.000000e+00
1.000000e+00,0.000000e+00,0.000000e+00,0.000000e+00,0.000000e+00,0.000000e+00,0.000000e+00,0.000000e+00,0.000000e+00,0.000000e+00,0.000000e+00,0.000000e+00,0.000000e+00,0.000000e+00,0.000000e+00
1.000000e+00,0.000000e+00,0.000000e+00,0.000000e+00,0.000000e+00,0.000000e+00,0.000000e+00,0.000000e+00,0.000000e+00,0.000000e+00,0.000000e+00,0.000000e+00,0.000000e+00,0.000000e+00,0.000000e+00
1.000000e+00,0.000000e+00,0.000000e+00,0.000000e+00,0.000000e+00,0.000000e+00,0.000000e+00,0.000000e+00,0.000000e+00,0.000000e+00,0.000000e+00,0.000000e+00,0.000000e+00,0.000000e+00,0.000000e+00
1.000000e+00,0.000000e+00,0.000000e+00,0.000000e+00,0.000000e+00,0.000000e+00,0.000000e+00,0.000000e+00,0.000000e+00,0.000000e+00,0.000000e+00,0.000000e+00,0.000000e+00,0.000000e+00,0.000000e+00
1.000000e+00,0.000000e+00,0.000000e+00,0.000000e+00,0.000000e+00,0.000000e+00,0.000000e+00,0.000000e+00,0.000000e+00,0.000000e+00,0.000000e+00,0.000000e+00,0.000000e+00,0.000000e+00,0.000000e+00
1.000000e+00,0.000000e+00,0.000000e+00,0.000000e+00,0.000000e+00,0.000000e+00,0.000000e+00,0.000000e+00,0.000000e+00,0.000000e+00,0.000000e+00,0.000000e+00,0.000000e+00,0.000000e+00,0.000000e+00
1.000000e+00,0.000000e+00,0.000000e+00,0.000000e+00,0.000000e+00,0.000000e+00,0.000000e+00,0.000000e+00,0.000000e+00,0.000000e+00,0.000000e+00,0.000000e+00,0.000000e+00,0.000000e+00,0.000000e+00
1.000000e+00,0.000000e+00,0.000000e+00,0.000000e+00,0.000000e+00,0.000000e+00,0.000000e+00,0.000000e+00,0.000000e+00,0.000000e+00,0.000000e+00,0.000000e+00,0.000000e+00,0.000000e+00,0.000000e+00
1.000000e+00,0.000000e+00,0.000000e+00,0.000000e+00,0.000000e+00,0.000000e+00,0.000000e+00,0.000000e+00,0.000000e+00,0.000000e+00,0.000000e+00,0.000000e+00,0.000000e+00,0.000000e+00,0.000000e+00
1.000000e+00,0.000000e+00,0.000000e+00,0.000000e+00,0.000000e+00,0.000000e+00,0.000000e+00,0.000000e+00,0.000000e+00,0.000000e+00,0.000000e+00,0.000000e+00,0.000000e+00,0.000000e+00,0.000000e+00
1.000000e+00,0.000000e+00,0.000000e+00,0.000000e+00,0.000000e+00,0.000000e+00,0.000000e+00,0.000000e+00,0.000000e+00,0.000000e+00,0.000000e+00,0.000000e+00,0.000000e+00,0.000000e+00,0.000000e+00
1.000000e+00,0.000000e+00,0.000000e+00,0.000000e+00,0.000000e+00,0.000000e+00,0.000000e+00,0.000000e+00,0.000000e+00,0.000000e+00,0.000000e+00,0.000000e+00,0.000000e+00,0.000000e+00,0.000000e+00
1.000000e+00,0.000000e+00,0.000000e+00,0.000000e+00,0.000000e+00,0.000000e+00,0.000000e+00,0.000000e+00,0.000000e+00,0.000000e+00,0.000000e+00,0.000000e+00,0.000000e+00,0.000000e+00,0.000000e+00
1.000000e+00,0.000000e+00,0.000000e+00,0.000000e+00,0.000000e+00,0.000000e+00,0.000000e+00,0.000000e+00,0.000000e+00,0.000000e+00,0.000000e+00,0.000000e+00,0.000000e+00,0.000000e+00,0.000000e+00
1.000000e+00,0.000000e+00,0.000000e+00,0.000000e+00,0.000000e+00,0.000000e+00,0.000000e+00,0.000000e+00,0.000000e+00,0.000000e+00,0.000000e+00,0.000000e+00,0.000000e+00,0.000000e+00,0.000000e+00
1.000000e+00,0.000000e+00,0.000000e+00,0.000000e+00,0.000000e+00,0.000000e+00,0.000000e+00,0.000000e+00,0.000000e+00,0.000000e+00,0.000000e+00,0.000000e+00,0.000000e+00,0.000000e+00,0.000000e+00
1.000000e+00,0.000000e+00,0.000000e+00,0.000000e+00,0.000000e+00,0.000000e+00,0.000000e+00,0.000000e+00,0.000000e+00,0.000000e+00,0.000000e+00,0.000000e+00,0.000000e+00,0.000000e+00,0.000000e+00
1.000000e+00,0.000000e+00,0.000000e+00,0.000000e+00,0.000000e+00,0.000000e+00,0.000000e+00,0.000000e+00,0.000000e+00,0.000000e+00,0.000000e+00,0.000000e+00,0.000000e+00,0.000000e+00,0.000000e+00
1.000000e+00,0.000000e+00,0.000000e+00,0.000000e+00,0.000000e+00,0.000000e+00,0.000000e+00,0.000000e+00,0.000000e+00,0.000000e+00,0.000000e+00,0.000000e+00,0.000000e+00,0.000000e+00,0.000000e+00
1.000000e+00,0.000000e+00,0.000000e+00,0.000000e+00,0.000000e+00,0.000000e+00,0.000000e+00,0.000000e+00,0.000000e+00,0.000000e+00,0.000000e+00,0.000000e+00,0.000000e+00,0.000000e+00,0.000000e+00
1.000000e+00,0.000000e+00,0.000000e+00,0.000000e+00,0.000000e+00,0.000000e+00,0.000000e+00,0.000000e+00,0.000000e+00,0.000000e+00,0.000000e+00,0.000000e+00,0.000000e+00,0.000000e+00,0.000000e+00
1.000000e+00,0.000000e+00,0.000000e+00,0.000000e+00,0.000000e+00,0.000000e+00,0.000000e+00,0.000000e+00,0.000000e+00,0.000000e+00,0.000000e+00,0.000000e+00,0.000000e+00,0.000000e+00,0.000000e+00
1.000000e+00,0.000000e+00,0.000000e+00,0.000000e+00,0.000000e+00,0.000000e+00,0.000000e+00,0.000000e+00,0.000000e+00,0.000000e+00,0.000000e+00,0.000000e+00,0.000000e+00,0.000000e+00,0.000000e+00
1.000000e+00,0.000000e+00,0.000000e+00,0.000000e+00,0.000000e+00,0.000000e+00,0.000000e+00,0.000000e+00,0.000000e+00,0.000000e+00,0.000000e+00,0.000000e+00,0.000000e+00,0.000000e+00,0.000000e+00
1.000000e+00,0.000000e+00,0.000000e+00,0.000000e+00,0.000000e+00,0.000000e+00,0.000000e+00,0.000000e+00,0.000000e+00,0.000000e+00,0.000000e+00,0.000000e+00,0.000000e+00,0.000000e+00,0.000000e+00
1.000000e+00,0.000000e+00,0.000000e+00,0.000000e+00,0.000000e+00,0.000000e+00,0.000000e+00,0.000000e+00,0.000000e+00,0.000000e+00,0.000000e+00,0.000000e+00,0.000000e+00,0.000000e+00,0.000000e+00
1.000000e+00,0.000000e+00,0.000000e+00,0.000000e+00,0.000000e+00,0.000000e+00,0.000000e+00,0.000000e+00,0.000000e+00,0.000000e+00,0.000000e+00,0.000000e+00,0.000000e+00,0.000000e+00,0.000000e+00
1.000000e+00,0.000000e+00,0.000000e+00,0.000000e+00,0.000000e+00,0.000000e+00,0.000000e+00,0.000000e+00,0.000000e+00,0.000000e+00,0.000000e+00,0.000000e+00,0.000000e+00,0.000000e+00,0.000000e+00
1.000000e+00,0.000000e+00,0.000000e+00,0.000000e+00,0.000000e+00,0.000000e+00,0.000000e+00,0.000000e+00,0.000000e+00,0.000000e+00,0.000000e+00,0.000000e+00,0.000000e+00,0.000000e+00,0.000000e+00
1.000000e+00,0.000000e+00,0.000000e+00,0.000000e+00,0.000000e+00,0.000000e+00,0.000000e+00,0.000000e+00,0.000000e+00,0.000000e+00,0.000000e+00,0.000000e+00,0.000000e+00,0.000000e+00,0.000000e+00
1.000000e+00,0.000000e+00,0.000000e+00,0.000000e+00,0.000000e+00,0.000000e+00,0.000000e+00,0.000000e+00,0.000000e+00,0.000000e+00,0.000000e+00,0.000000e+00,0.000000e+00,0.000000e+00,0.000000e+00
1.000000e+00,0.000000e+00,0.000000e+00,0.000000e+00,0.000000e+00,0.000000e+00,0.000000e+00,0.000000e+00,0.000000e+00,0.000000e+00,0.000000e+00,0.000000e+00,0.000000e+00,0.000000e+00,0.000000e+00
1.000000e+00,0.000000e+00,0.000000e+00,0.000000e+00,0.000000e+00,0.000000e+00,0.000000e+00,0.000000e+00,0.000000e+00,0.000000e+00,0.000000e+00,0.000000e+00,0.000000e+00,0.000000e+00,0.000000e+00
4.696190e-01,3.119488e-02,5.876826e-02,1.636572e-01,1.131796e-02,6.540594e-02,3.768793e-03,3.441724e-02,1.438350e-02,6.317825e-03,4.179420e-02,2.909269e-02,2.209989e-02,9.088175e-03,3.907454e-02
3.548269e-01,2.778834e-02,8.387423e-02,2.744597e-01,2.533051e-02,6.084438e-02,2.867789e-03,3.556230e-02,1.224623e-02,7.616376e-03,4.193596e-02,2.099943e-02,1.666066e-02,6.881144e-03,2.810605e-02
3.278227e-01,2.425288e-02,1.032880e-01,2.598979e-01,3.565167e-02,5.490633e-02,2.364120e-03,6.894021e-02,1.302152e-02,6.307981e-03,4.503991e-02,1.575328e-02,1.320157e-02,7.772040e-03,2.177981e-02
2.984850e-01,3.393307e-02,7.725573e-02,2.025584e-01,3.254886e-02,4.413656e-02,2.102977e-03,5.515801e-02,1.052473e-01,1.338422e-02,5.717810e-02,1.402998e-02,1.692657e-02,1.312627e-02,3.392883e-02
2.200250e-01,2.716615e-02,5.795165e-02,1.999757e-01,3.266338e-02,4.052099e-02,2.238573e-03,3.978873e-02,8.920199e-02,1.177578e-02,1.161191e-01,1.037845e-01,1.461476e-02,1.354938e-02,3.062432e-02
1.609800e-01,2.143215e-02,4.260989e-02,1.681022e-01,2.503559e-02,3.354690e-02,1.719614e-03,2.887920e-02,7.275118e-02,9.134472e-03,2.101939e-01,1.780348e-01,1.208514e-02,1.081992e-02,2.467499e-02
1.132058e-01,1.568576e-02,3.011787e-02,1.243908e-01,2.110889e-02,2.816800e-02,1.701263e-03,2.060740e-02,5.595826e-02,6.946031e-03,3.040480e-01,2.417681e-01,9.775045e-03,8.584780e-03,1.793402e-02
8.005181e-02,1.235826e-02,2.289067e-02,9.576569e-02,2.720775e-02,5.164069e-02,1.543464e-03,1.739007e-02,4.545596e-02,5.856986e-03,2.522756e-01,3.568439e-01,9.581876e-03,8.328069e-03,1.280911e-02
5.706349e-02,9.074908e-03,1.692477e-02,7.123172e-02,4.190709e-02,4.894058e-02,1.253940e-03,1.853082e-02,3.662700e-02,4.687836e-03,2.504795e-01,4.158168e-01,1.026310e-02,8.062243e-03,9.136153e-03
4.054398e-02,6.942808e-03,1.236687e-02,5.205156e-02,6.462086e-02,3.613414e-02,1.073383e-03,1.648754e-02,5.522522e-02,3.661252e-03,1.914112e-01,4.985488e-01,8.054006e-03,6.283288e-03,6.595097e-03
2.924424e-02,7.692443e-03,9.856627e-03,4.052542e-02,6.178696e-02,2.858597e-02,9.085371e-04,1.619697e-02,9.809760e-02,3.621639e-03,1.464512e-01,5.392771e-01,6.899808e-03,5.820218e-03,5.035284e-03
2.314199e-02,1.674769e-02,8.797174e-03,3.224574e-02,4.803159e-02,2.601494e-02,7.949931e-04,1.815559e-02,1.162223e-01,3.854013e-03,1.202705e-01,5.694568e-01,6.235210e-03,5.731016e-03,4.300451e-03
2.155194e-02,1.805468e-02,7.930369e-03,2.955552e-02,3.748744e-02,3.154606e-02,8.979270e-04,3.795244e-02,1.175223e-01,4.292113e-03,1.046089e-01,5.737635e-01,5.642408e-03,5.582308e-03,3.612037e-03
3.223999e-02,2.079918e-02,6.816489e-03,2.534474e-02,2.936650e-02,2.403427e-02,8.918338e-04,4.046669e-02,1.381541e-01,3.841329e-03,9.324094e-02,5.730810e-01,4.233508e-03,4.588477e-03,2.900920e-03
3.870276e-02,1.948132e-02,1.414683e-02,4.465367e-02,2.874354e-02,2.276636e-02,1.620495e-03,1.122423e-01,1.243549e-01,3.724361e-03,7.846694e-02,5.019219e-01,3.179333e-03,3.608217e-03,2.387137e-03
6.835534e-02,3.809391e-02,3.020743e-02,4.714353e-02,2.484297e-02,2.026573e-02,1.833861e-03,1.045450e-01,1.272603e-01,6.958114e-03,7.221857e-02,4.490219e-01,2.629944e-03,3.731841e-03,2.891491e-03
6.255805e-02,6.602807e-02,4.055285e-02,4.526731e-02,2.287931e-02,2.802988e-02,1.519446e-03,8.187207e-02,2.204819e-01,1.383775e-02,6.358816e-02,3.379519e-01,2.832509e-03,6.025183e-03,6.575580e-03
9.486897e-02,6.825706e-02,7.762168e-02,4.520760e-02,2.755724e-02,4.060617e-02,1.437514e-03,7.226913e-02,1.793929e-01,2.891139e-02,7.145143e-02,2.694018e-01,4.904489e-03,9.759966e-03,8.352560e-03
8.042166e-02,1.153888e-01,8.777034e-02,7.951688e-02,7.293260e-02,3.887486e-02,1.881737e-03,6.178604e-02,1.574955e-01,2.773919e-02,5.609240e-02,1.923635e-01,5.011234e-03,8.269772e-03,1.445540e-02
6.369627e-02,8.836492e-02,2.065363e-01,1.349709e-01,7.541908e-02,3.922017e-02,1.911684e-03,5.634503e-02,1.141011e-01,2.236374e-02,4.058622e-02,1.356169e-01,3.876075e-03,5.927711e-03,1.106382e-02
5.695213e-02,6.577553e-02,3.482550e-01,1.302168e-01,6.348750e-02,3.305044e-02,1.596845e-03,4.589357e-02,8.528404e-02,2.371965e-02,3.121572e-02,9.643559e-02,3.048845e-03,4.340427e-03,1.072791e-02
1.338645e-01,5.513914e-02,3.606054e-01,1.165899e-01,5.148474e-02,2.644846e-02,1.892833e-03,3.677500e-02,6.651723e-02,2.886095e-02,2.445464e-02,7.529301e-02,3.541170e-03,3.849959e-03,1.468292e-02
2.257616e-01,4.669863e-02,2.887315e-01,1.142999e-01,5.043712e-02,2.395603e-02,2.894294e-03,4.012781e-02,5.660697e-02,3.726088e-02,2.041340e-02,6.766288e-02,6.280184e-03,3.794570e-03,1.507420e-02
1.788444e-01,3.668558e-02,2.273138e-01,1.097773e-01,7.011683e-02,1.824553e-02,8.019361e-03,1.915568e-01,4.900584e-02,2.899159e-02,1.476831e-02,4.776444e-02,5.219797e-03,2.807689e-03,1.088273e-02
2.244238e-01,3.563426e-02,1.782754e-01,8.628650e-02,1.353594e-01,1.733974e-02,7.859594e-03,1.437292e-01,8.273326e-02,2.534345e-02,1.157980e-02,3.534472e-02,4.545529e-03,2.557974e-03,8.987305e-03
2.453801e-01,3.066066e-02,1.435471e-01,6.786244e-02,1.688662e-01,1.661037e-02,1.175766e-02,1.658539e-01,7.708783e-02,2.302054e-02,9.321265e-03,2.584160e-02,4.448990e-03,2.125405e-03,7.615991e-03
2.970004e-01,2.615292e-02,1.118418e-01,5.240433e-02,1.477516e-01,1.789801e-02,2.597097e-02,1.954291e-01,6.765185e-02,1.764413e-02,6.945621e-03,1.889651e-02,5.848079e-03,1.877872e-03,6.686796e-03
3.247002e-01,2.166881e-02,1.107997e-01,4.774424e-02,1.273289e-01,2.678960e-02,3.276095e-02,2.064315e-01,5.152652e-02,1.451851e-02,5.806915e-03,1.466297e-02,6.497156e-03,1.779386e-03,6.984536e-03
2.793484e-01,1.695656e-02,9.292931e-02,3.555409e-02,9.537685e-02,2.998822e-02,1.310491e-01,2.422050e-01,3.802353e-02,1.054776e-02,4.265035e-03,1.056225e-02,6.316751e-03,1.388076e-03,5.489015e-03
2.744777e-01,1.350535e-02,8.918972e-02,2.759163e-02,7.141852e-02,3.619339e-02,1.696486e-01,2.557644e-01,2.836306e-02,8.292018e-03,3.420488e-03,9.051397e-03,6.720641e-03,1.204500e-03,5.158582e-03
2.911398e-01,1.051878e-02,7.304115e-02,2.087723e-02,5.386077e-02,3.525085e-02,1.902818e-01,2.747052e-01,2.212567e-02,6.198782e-03,2.900242e-03,7.438743e-03,5.967107e-03,9.453740e-04,4.748472e-03
2.848338e-01,8.365301e-03,6.827308e-02,1.609855e-02,4.063352e-02,3.179174e-02,2.200398e-01,2.871380e-01,1.774221e-02,4.833231e-03,2.483916e-03,6.398949e-03,5.937965e-03,7.772525e-04,4.652761e-03
2.569472e-01,6.418192e-03,6.249944e-02,1.293491e-02,3.303351e-02,2.723810e-02,1.983497e-01,3.679265e-01,1.437147e-02,3.585987e-03,1.965029e-03,5.126726e-03,5.245480e-03,5.958925e-04,3.761841e-03
2.084166e-01,4.693621e-03,5.312888e-02,1.247690e-02,2.548832e-02,2.318937e-02,1.582761e-01,4.865409e-01,1.025540e-02,2.723713e-03,1.595568e-03,4.771434e-03,4.964996e-03,4.698340e-04,3.008445e-03
1.825311e-01,3.530627e-03,4.482491e-02,1.106804e-02,2.033319e-02,1.889157e-02,1.217643e-01,5.745474e-01,7.504556e-03,2.074218e-03,1.296969e-03,4.548401e-03,4.210885e-03,3.623680e-04,2.511486e-03
1.679791e-01,2.863898e-03,3.571536e-02,9.384788e-03,1.747518e-02,1.459614e-02,9.351237e-02,6.393558e-01,5.834605e-03,1.603122e-03,1.138745e-03,4.112581e-03,3.907405e-03,2.983175e-04,2.222553e-03
1.971946e-01,2.240107e-03,2.912913e-02,9.227977e-03,1.513870e-02,1.226677e-02,7.067467e-02,6.455518e-01,4.417352e-03,1.380429e-03,1.234384e-03,4.960653e-03,3.716057e-03,2.965944e-04,2.570766e-03
2.149170e-01,1.873895e-03,2.730455e-02,9.023384e-03,1.425990e-02,1.112197e-02,5.482547e-02,6.475589e-01,3.319958e-03,1.226666e-03,1.462976e-03,5.771076e-03,4.113807e-03,3.275942e-04,2.892879e-03
2.250325e-01,1.778328e-03,2.320873e-02,8.442085e-03,1.312621e-02,1.060799e-02,4.212302e-02,6.547521e-01,2.675624e-03,1.054976e-03,1.908733e-03,6.293733e-03,4.663608e-03,4.568001e-04,3.875520e-03
2.637442e-01,2.110777e-03,2.240089e-02,8.998296e-03,1.451392e-02,1.063681e-02,3.455254e-02,6.156474e-01,3.124585e-03,1.135917e-03,3.650520e-03,8.190600e-03,5.631876e-03,6.836824e-04,4.977979e-03
2.504241e-01,1.996572e-03,1.912823e-02,8.211398e-03,1.359973e-02,1.010954e-02,2.954432e-02,6.388412e-01,3.197213e-03,1.022447e-03,4.518311e-03,8.177067e-03,5.752493e-03,7.248885e-04,4.752542e-03
2.066039e-01,3.000451e-03,2.100512e-02,8.230057e-03,1.813104e-02,1.321858e-02,3.148165e-02,6.565868e-01,6.412732e-03,1.384737e-03,8.182270e-03,9.389576e-03,8.873951e-03,1.190027e-03,6.309133e-03
1.570300e-01,4.427996e-03,1.721451e-02,1.215181e-02,1.730126e-02,1.149051e-02,2.421777e-02,5.881978e-01,6.682311e-02,5.917050e-03,3.646654e-02,1.375843e-02,3.117592e-02,4.881127e-03,8.946111e-03
1.114105e-01,6.043029e-03,1.265442e-02,2.024636e-02,1.289257e-02,8.225841e-03,1.737021e-02,4.185830e-01,2.912976e-01,6.608603e-03,3.142590e-02,1.654903e-02,2.995244e-02,4.141060e-03,1.259940e-02
8.460576e-02,8.276120e-03,1.356377e-02,2.954628e-02,1.086071e-02,6.399158e-03,1.604885e-02,3.025316e-01,3.179784e-01,2.929597e-02,4.604416e-02,2.817431e-02,6.518289e-02,1.049711e-02,3.099496e-02
7.727394e-02,8.950442e-03,1.139296e-02,2.766677e-02,1.043852e-02,5.037437e-03,1.222943e-02,2.239696e-01,3.267423e-01,3.620126e-02,8.547848e-02,3.049560e-02,8.445483e-02,1.794330e-02,4.172517e-02
5.618768e-02,1.053215e-02,1.249619e-02,2.694346e-02,1.007646e-02,3.928809e-03,8.730914e-03,1.629160e-01,3.296611e-01,2.822923e-02,7.064358e-02,2.535161e-02,7.145081e-02,2.593367e-02,1.569183e-01
4.270396e-02,1.065058e-02,1.217471e-02,2.311395e-02,1.043065e-02,3.027702e-03,6.290839e-03,1.239762e-01,3.016636e-01,2.397064e-02,5.268687e-02,2.366522e-02,6.580971e-02,3.908964e-02,2.607457e-01
4.059526e-02,1.927442e-02,2.535564e-02,2.170334e-02,1.208826e-02,2.638558e-03,4.542381e-03,1.057756e-01,3.308054e-01,1.933972e-02,4.051998e-02,2.025433e-02,5.774670e-02,3.120602e-02,2.681544e-01
4.642410e-02,8.187325e-02,4.698624e-02,1.614841e-02,1.376868e-02,2.527458e-03,3.606653e-03,1.002502e-01,3.451632e-01,1.476122e-02,2.968711e-02,1.470926e-02,4.220333e-02,2.405330e-02,2.178376e-01
4.497218e-02,1.041085e-01,6.133468e-02,1.210775e-02,2.371417e-02,2.971114e-03,2.924405e-03,1.029620e-01,3.689658e-01,1.115317e-02,2.147035e-02,1.065140e-02,3.065735e-02,1.910375e-02,1.829034e-01
4.732333e-02,9.429817e-02,7.085703e-02,1.020277e-02,5.933358e-02,7.080439e-03,2.965827e-03,7.917911e-02,3.789275e-01,1.027081e-02,1.583006e-02,7.723927e-03,2.250824e-02,1.617666e-02,1.773226e-01
5.216173e-02,7.991459e-02,8.761404e-02,8.317403e-03,8.069705e-02,9.760964e-03,7.229459e-03,8.577611e-02,3.472231e-01,8.989318e-03,1.188697e-02,5.718711e-03,1.727585e-02,1.253474e-02,1.849000e-01
6.280194e-02,6.337640e-02,9.846887e-02,7.347483e-03,9.618568e-02,7.939206e-03,1.436941e-02,1.743718e-01,2.864335e-01,1.009185e-02,9.099878e-03,4.262315e-03,1.302249e-02,9.231573e-03,1.429976e-01
7.692635e-02,4.895464e-02,8.034356e-02,7.095484e-03,8.068402e-02,8.522400e-03,3.235594e-02,3.088609e-01,2.091941e-01,1.092957e-02,7.154320e-03,3.240516e-03,1.051603e-02,6.848007e-03,1.083742e-01
7.171851e-02,3.854593e-02,6.297082e-02,7.742379e-03,6.761774e-02,8.380739e-03,4.124025e-02,4.360091e-01,1.500979e-01,8.825792e-03,5.484708e-03,2.446177e-03,8.134327e-03,5.144110e-03,8.564147e-02
8.724663e-02,2.987443e-02,5.623403e-02,7.494044e-03,5.226377e-02,1.223711e-02,3.366546e-02,5.192077e-01,1.071325e-01,9.110586e-03,5.494056e-03,2.436037e-03,6.337597e-03,3.861533e-03,6.740461e-02
1.056465e-01,2.244571e-02,4.302473e-02,5.746444e-03,3.952569e-02,1.789114e-02,3.082791e-02,5.852950e-01,7.584896e-02,8.446915e-03,4.917901e-03,2.789085e-03,5.086908e-03,2.903080e-03,4.960397e-02
9.081595e-02,1.653394e-02,3.218078e-02,5.013483e-03,3.125760e-02,4.428056e-02,2.372013e-02,6.428278e-01,5.408841e-02,6.568680e-03,5.379035e-03,3.704969e-03,4.494002e-03,2.329657e-03,3.680492e-02
1.233988e-01,1.302949e-02,2.486363e-02,5.658978e-03,2.706119e-02,1.053969e-01,1.968179e-02,5.959859e-01,3.965659e-02,4.858816e-03,4.293249e-03,3.455565e-03,3.914092e-03,1.845070e-03,2.689970e-02
1.401223e-01,1.035376e-02,1.855537e-02,5.217033e-03,2.080282e-02,1.339684e-01,1.534390e-02,5.930485e-01,2.822135e-02,3.507823e-03,3.256889e-03,3.286141e-03,3.211875e-03,1.441350e-03,1.966236e-02
1.275720e-01,7.966555e-03,1.354203e-02,4.947108e-03,1.887845e-02,1.342233e-01,1.284394e-02,6.339056e-01,1.988802e-02,2.517151e-03,2.617221e-03,3.339048e-03,2.444011e-03,1.134532e-03,1.418099e-02
1.144265e-01,5.971681e-03,1.002584e-02,4.484572e-03,1.821060e-02,1.652450e-01,1.179015e-02,6.338124e-01,1.408712e-02,1.902581e-03,2.628530e-03,4.402047e-03,1.952744e-03,8.609582e-04,1.019934e-02
1.020432e-01,4.581282e-03,7.497289e-03,3.757182e-03,1.569399e-02,2.330505e-01,9.182201e-03,5.949018e-01,9.966247e-03,1.526395e-03,2.485575e-03,5.410400e-03,1.666490e-03,6.451902e-04,7.592316e-03
1.640416e-01,3.792209e-03,6.206164e-03,3.654631e-03,2.276405e-02,2.508518e-01,7.439412e-03,5.130655e-01,7.094636e-03,1.368464e-03,2.583416e-03,8.803170e-03,1.882660e-03,6.071684e-04,5.845103e-03
2.365879e-01,3.678539e-03,6.260248e-03,3.801262e-03,2.675793e-02,2.664168e-01,5.745109e-03,4.162152e-01,5.197948e-03,1.643800e-03,3.846132e-03,1.604619e-02,1.994555e-03,8.041627e-04,5.004128e-03
1.670152e-01,3.237837e-03,5.604288e-03,3.732062e-03,1.953298e-02,4.415947e-01,4.095014e-03,2.914577e-01,3.833832e-03,2.369317e-03,1.204268e-02,3.774960e-02,1.806879e-03,1.094103e-03,4.833890e-03
1.171420e-01,2.338129e-03,4.162677e-03,2.636004e-03,1.384515e-02,5.659504e-01,2.919972e-03,2.040518e-01,2.709883e-03,1.811103e-03,3.252935e-02,4.401080e-02,1.330814e-03,1.034431e-03,3.527528e-03
8.213165e-02,1.669996e-03,3.143853e-03,1.872598e-03,9.766632e-03,4.971726e-01,2.069051e-03,1.428739e-01,1.954040e-03,1.360044e-03,1.873194e-01,6.378385e-02,9.631020e-04,1.213147e-03,2.706199e-03
5.753739e-02,1.245474e-03,2.791016e-03,1.409427e-03,7.001454e-03,3.502542e-01,1.487402e-03,1.000937e-01,2.044372e-03,1.367109e-03,3.910722e-01,7.883731e-02,6.869751e-04,1.414718e-03,2.757257e-03
4.032288e-02,1.356523e-03,5.542533e-03,1.286443e-03,5.405266e-03,2.457973e-01,1.071243e-03,7.031361e-02,5.413811e-03,1.267875e-03,5.267930e-01,9.079094e-02,4.986566e-04,1.800550e-03,2.339432e-03
2.825761e-02,1.218793e-03,4.811985e-03,9.918227e-04,3.902818e-03,1.724249e-01,7.711565e-04,4.945463e-02,7.074933e-03,9.969431e-04,6.460209e-01,7.548204e-02,3.772915e-04,6.496776e-03,1.717399e-03
1.983882e-02,1.280848e-03,4.261444e-03,7.976177e-04,2.896474e-03,1.210587e-01,5.539542e-04,3.497541e-02,1.505996e-02,8.570906e-04,7.170291e-01,6.144519e-02,3.131407e-04,1.834899e-02,1.283307e-03
1.407827e-02,2.744966e-03,4.432404e-03,7.273012e-04,2.511715e-03,8.569010e-02,4.271738e-04,2.636319e-02,2.108576e-02,1.193335e-03,7.497843e-01,4.978304e-02,3.050652e-04,3.974802e-02,1.125408e-03
1.087179e-02,2.201664e-02,3.625037e-03,5.516913e-04,2.194196e-03,6.393651e-02,4.780527e-04,2.192141e-02,5.061183e-02,4.430500e-03,5.953256e-01,4.916604e-02,7.147335e-04,1.730070e-01,1.148999e-03
9.415315e-03,5.742297e-02,1.186630e-02,9.554058e-04,3.105359e-03,4.973819e-02,1.424236e-03,6.004049e-02,6.882010e-02,1.038157e-02,5.031370e-01,4.825829e-02,1.058429e-03,1.733992e-01,9.772006e-04
8.497840e-03,8.636720e-02,1.753112e-02,4.263118e-03,6.706683e-03,4.415997e-02,1.547545e-03,1.179821e-01,9.713598e-02,1.412867e-02,3.980092e-01,3.696607e-02,1.342553e-03,1.645246e-01,8.373987e-04
7.824089e-03,1.756188e-01,1.917148e-02,5.796448e-03,1.543892e-02,4.691457e-02,1.709216e-03,9.991321e-02,1.224913e-01,1.612986e-02,3.021550e-01,2.712251e-02,1.437914e-03,1.574108e-01,8.658433e-04
6.938418e-03,3.552646e-01,1.466228e-02,4.667884e-03,1.779559e-02,4.117420e-02,1.363675e-03,7.177040e-02,1.137301e-01,1.251554e-02,2.233145e-01,1.917263e-02,1.394110e-03,1.149855e-01,1.250606e-03
7.353600e-03,4.957176e-01,1.085259e-02,3.860714e-03,1.885317e-02,3.160368e-02,1.175740e-03,5.329954e-02,1.112000e-01,9.123969e-03,1.587826e-01,1.350701e-02,1.076894e-03,8.252959e-02,1.063184e-03
6.543806e-03,6.036428e-01,8.272202e-03,3.342484e-03,2.825546e-02,2.305974e-02,1.079478e-03,4.029819e-02,9.695713e-02,6.531494e-03,1.120701e-01,9.481566e-03,7.915847e-04,5.885401e-02,8.200281e-04
9.594902e-03,6.028279e-01,9.226819e-03,4.113323e-03,4.056685e-02,2.137713e-02,1.337467e-03,4.924890e-02,1.186880e-01,5.107578e-03,8.084196e-02,6.823785e-03,6.505498e-04,4.817782e-02,1.417068e-03
2.128660e-02,6.293596e-01,8.008392e-03,5.151342e-03,3.305138e-02,1.988080e-02,1.170222e-03,5.284478e-02,1.160746e-01,4.229164e-03,5.981972e-02,5.151243e-03,6.608577e-04,4.020401e-02,3.107348e-03
3.732719e-02,5.993226e-01,1.543453e-02,2.928832e-02,3.573710e-02,1.974766e-02,1.177204e-03,5.531155e-02,1.021485e-01,3.150955e-03,5.443132e-02,5.875297e-03,1.508569e-03,3.442555e-02,5.113840e-03
8.157025e-02,4.352692e-01,1.370740e-01,8.067247e-02,3.705927e-02,2.167385e-02,1.292663e-03,4.400238e-02,7.764877e-02,2.380291e-03,4.369097e-02,5.996712e-03,1.390018e-03,2.517813e-02,5.101167e-03
2.092079e-01,3.556210e-01,1.121642e-01,7.572362e-02,3.949066e-02,2.772008e-02,1.399014e-03,3.497804e-02,6.798348e-02,2.123384e-03,3.903099e-02,5.905527e-03,1.575646e-03,2.030771e-02,6.768823e-03
3.253647e-01,2.824894e-01,8.800893e-02,6.765353e-02,3.294336e-02,5.078098e-02,1.341108e-03,2.638639e-02,5.637713e-02,1.880678e-03,3.168787e-02,6.454533e-03,2.449286e-03,1.813791e-02,8.044217e-03
3.992666e-01,2.269543e-01,6.511041e-02,5.438035e-02,2.927101e-02,8.091848e-02,1.197057e-03,1.982568e-02,5.714964e-02,1.896711e-03,2.638793e-02,7.181249e-03,3.417705e-03,1.753254e-02,9.510419e-03
4.785417e-01,2.082256e-01,5.279102e-02,4.973774e-02,2.558941e-02,6.182916e-02,1.360502e-03,1.605599e-02,4.497675e-02,1.607344e-03,2.130230e-02,7.806615e-03,4.474993e-03,1.511917e-02,1.058181e-02
1.000000e+00,0.000000e+00,0.000000e+00,0.000000e+00,0.000000e+00,0.000000e+00,0.000000e+00,0.000000e+00,0.000000e+00,0.000000e+00,0.000000e+00,0.000000e+00,0.000000e+00,0.000000e+00,0.000000e+00
1.000000e+00,0.000000e+00,0.000000e+00,0.000000e+00,0.000000e+00,0.000000e+00,0.000000e+00,0.000000e+00,0.000000e+00,0.000000e+00,0.000000e+00,0.000000e+00,0.000000e+00,0.000000e+00,0.000000e+00
1.000000e+00,0.000000e+00,0.000000e+00,0.000000e+00,0.000000e+00,0.000000e+00,0.000000e+00,0.000000e+00,0.000000e+00,0.000000e+00,0.000000e+00,0.000000e+00,0.000000e+00,0.000000e+00,0.000000e+00
1.000000e+00,0.000000e+00,0.000000e+00,0.000000e+00,0.000000e+00,0.000000e+00,0.000000e+00,0.000000e+00,0.000000e+00,0.000000e+00,0.000000e+00,0.000000e+00,0.000000e+00,0.000000e+00,0.000000e+00
1.000000e+00,0.000000e+00,0.000000e+00,0.000000e+00,0.000000e+00,0.000000e+00,0.000000e+00,0.000000e+00,0.000000e+00,0.000000e+00,0.000000e+00,0.000000e+00,0.000000e+00,0.000000e+00,0.000000e+00
1.000000e+00,0.000000e+00,0.000000e+00,0.000000e+00,0.000000e+00,0.000000e+00,0.000000e+00,0.000000e+00,0.000000e+00,0.000000e+00,0.000000e+00,0.000000e+00,0.000000e+00,0.000000e+00,0.000000e+00
1.000000e+00,0.000000e+00,0.000000e+00,0.000000e+00,0.000000e+00,0.000000e+00,0.000000e+00,0.000000e+00,0.000000e+00,0.000000e+00,0.000000e+00,0.000000e+00,0.000000e+00,0.000000e+00,0.000000e+00
1.000000e+00,0.000000e+00,0.000000e+00,0.000000e+00,0.000000e+00,0.000000e+00,0.000000e+00,0.000000e+00,0.000000e+00,0.000000e+00,0.000000e+00,0.000000e+00,0.000000e+00,0.000000e+00,0.000000e+00
1.000000e+00,0.000000e+00,0.000000e+00,0.000000e+00,0.000000e+00,0.000000e+00,0.000000e+00,0.000000e+00,0.000000e+00,0.000000e+00,0.000000e+00,0.000000e+00,0.000000e+00,0.000000e+00,0.000000e+00
1.000000e+00,0.000000e+00,0.000000e+00,0.000000e+00,0.000000e+00,0.000000e+00,0.000000e+00,0.000000e+00,0.000000e+00,0.000000e+00,0.000000e+00,0.000000e+00,0.000000e+00,0.000000e+00,0.000000e+00
1.000000e+00,0.000000e+00,0.000000e+00,0.000000e+00,0.000000e+00,0.000000e+00,0.000000e+00,0.000000e+00,0.000000e+00,0.000000e+00,0.000000e+00,0.000000e+00,0.000000e+00,0.000000e+00,0.000000e+00
1.000000e+00,0.000000e+00,0.000000e+00,0.000000e+00,0.000000e+00,0.000000e+00,0.000000e+00,0.000000e+00,0.000000e+00,0.000000e+00,0.000000e+00,0.000000e+00,0.000000e+00,0.000000e+00,0.000000e+00
1.000000e+00,0.000000e+00,0.000000e+00,0.000000e+00,0.000000e+00,0.000000e+00,0.000000e+00,0.000000e+00,0.000000e+00,0.000000e+00,0.000000e+00,0.000000e+00,0.000000e+00,0.000000e+00,0.000000e+00
1.000000e+00,0.000000e+00,0.000000e+00,0.000000e+00,0.000000e+00,0.000000e+00,0.000000e+00,0.000000e+00,0.000000e+00,0.000000e+00,0.000000e+00,0.000000e+00,0.000000e+00,0.000000e+00,0.000000e+00
1.000000e+00,0.000000e+00,0.000000e+00,0.000000e+00,0.000000e+00,0.000000e+00,0.000000e+00,0.000000e+00,0.000000e+00,0.000000e+00,0.000000e+00,0.000000e+00,0.000000e+00,0.000000e+00,0.000000e+00
1.000000e+00,0.000000e+00,0.000000e+00,0.000000e+00,0.000000e+00,0.000000e+00,0.000000e+00,0.000000e+00,0.000000e+00,0.000000e+00,0.000000e+00,0.000000e+00,0.000000e+00,0.000000e+00,0.000000e+00
1.000000e+00,0.000000e+00,0.000000e+00,0.000000e+00,0.000000e+00,0.000000e+00,0.000000e+00,0.000000e+00,0.000000e+00,0.000000e+00,0.000000e+00,0.000000e+00,0.000000e+00,0.000000e+00,0.000000e+00
1.000000e+00,0.000000e+00,0.000000e+00,0.000000e+00,0.000000e+00,0.000000e+00,0.000000e+00,0.000000e+00,0.000000e+00,0.000000e+00,0.000000e+00,0.000000e+00,0.000000e+00,0.000000e+00,0.000000e+00
4.317792e-01,1.840756e-02,5.179630e-03,8.862510e-02,2.536467e-02,4.412505e-02,1.920076e-03,3.943676e-03,1.925826e-01,1.586278e-02,6.827779e-02,7.324811e-03,8.396750e-02,1.311118e-03,1.132844e-02
3.024851e-01,1.370241e-02,4.230412e-03,7.478719e-02,1.797655e-02,3.117821e-02,1.405491e-03,2.800777e-03,4.047087e-01,1.182731e-02,4.950887e-02,5.749287e-03,6.734106e-02,9.401772e-04,1.135849e-02
2.120669e-01,1.109607e-02,5.227054e-03,6.221106e-02,1.284229e-02,2.204330e-02,1.058366e-03,1.993011e-03,5.558482e-01,9.745087e-03,3.513834e-02,4.247032e-03,4.935516e-02,7.194286e-04,1.640861e-02
1.502178e-01,9.693570e-03,9.639869e-03,5.062216e-02,9.803088e-03,1.633680e-02,1.188997e-03,1.768083e-03,5.938326e-01,9.471394e-03,2.954920e-02,5.630353e-03,7.403633e-02,1.204934e-03,3.700477e-02
1.080042e-01,8.470009e-03,8.885428e-03,3.874205e-02,7.335301e-03,1.234990e-02,9.589147e-04,1.372504e-03,5.038331e-01,1.026867e-02,2.791969e-02,6.056931e-03,5.882325e-02,9.811392e-02,1.088661e-01
8.855037e-02,1.188144e-02,7.987036e-03,3.782211e-02,5.673949e-03,1.023388e-02,9.084836e-04,1.420111e-03,5.150751e-01,1.158379e-02,3.424036e-02,1.910515e-02,7.877482e-02,7.597063e-02,1.007727e-01
8.706570e-02,2.508221e-02,1.408474e-02,2.955104e-02,8.704405e-03,2.759323e-02,1.416912e-03,2.330938e-03,4.538151e-01,1.061977e-02,3.744643e-02,3.021326e-02,1.298783e-01,5.527072e-02,8.692724e-02
1.573308e-01,2.356857e-02,7.552401e-02,2.755306e-02,1.214269e-02,3.592166e-02,4.966622e-03,8.916307e-03,3.334294e-01,1.389878e-02,3.290867e-02,3.410036e-02,1.121726e-01,4.146783e-02,8.609864e-02
1.512300e-01,2.886915e-02,2.027244e-01,3.073280e-02,1.029340e-02,3.305796e-02,4.174462e-03,7.374015e-03,2.523407e-01,2.765256e-02,2.499968e-02,2.500334e-02,8.404246e-02,3.002035e-02,8.748475e-02
1.125431e-01,3.354489e-02,3.112991e-01,3.512624e-02,8.268427e-03,2.800393e-02,2.977302e-03,5.416142e-03,1.893914e-01,3.309744e-02,1.837004e-02,1.805738e-02,5.996872e-02,2.126814e-02,1.226678e-01
1.183857e-01,6.337520e-02,2.638586e-01,3.507234e-02,1.079596e-02,3.674420e-02,2.564859e-03,4.686658e-03,1.892448e-01,4.707219e-02,1.481336e-02,1.330970e-02,4.443098e-02,1.529721e-02,1.403483e-01
1.147121e-01,7.602451e-02,2.137098e-01,4.690463e-02,1.936329e-02,5.430336e-02,2.558520e-03,4.753811e-03,1.735975e-01,7.392453e-02,1.794757e-02,1.003517e-02,3.268914e-02,1.119808e-02,1.482780e-01
9.961039e-02,8.781689e-02,2.305240e-01,8.681342e-02,1.986818e-02,4.430863e-02,2.705404e-03,5.221619e-03,1.688782e-01,7.035895e-02,1.559220e-02,7.667150e-03,2.753715e-02,8.391852e-03,1.247059e-01
7.543831e-02,1.024570e-01,2.209685e-01,1.162000e-01,1.498594e-02,3.231975e-02,1.991385e-03,3.922533e-03,1.728236e-01,9.138183e-02,1.243914e-02,5.645399e-03,2.288484e-02,6.041945e-03,1.204999e-01
6.324290e-02,1.068666e-01,1.766798e-01,1.270189e-01,1.139783e-02,2.371438e-02,1.466019e-03,2.977568e-03,2.092147e-01,9.547739e-02,1.050500e-02,4.221104e-03,1.724079e-02,4.822636e-03,1.451544e-01
5.643766e-02,8.840815e-02,1.377115e-01,1.447396e-01,8.895813e-03,1.814700e-02,1.142952e-03,2.428558e-03,2.405346e-01,1.066756e-01,1.342749e-02,3.299749e-03,1.412473e-02,3.836248e-03,1.601905e-01
6.456739e-02,7.184482e-02,1.642713e-01,1.494077e-01,9.296289e-03,1.725123e-02,9.791234e-04,4.672424e-03,2.339558e-01,1.059348e-01,1.388888e-02,2.910860e-03,1.131646e-02,3.553673e-03,1.461493e-01
5.765089e-02,5.616631e-02,1.410495e-01,1.174949e-01,8.128518e-03,1.341941e-02,8.868407e-04,5.431151e-03,3.286778e-01,1.084297e-01,1.133744e-02,2.911039e-03,8.838484e-03,4.720029e-03,1.348578e-01
1.070389e-01,7.259043e-02,1.166936e-01,9.296619e-02,1.396707e-02,1.857513e-02,1.227440e-03,2.821188e-02,2.861501e-01,8.728629e-02,1.179171e-02,3.124451e-03,8.366908e-03,7.789146e-03,1.442206e-01
1.314290e-01,7.413245e-02,1.210852e-01,9.993891e-02,1.740963e-02,2.963768e-02,1.400693e-03,2.457324e-02,2.414724e-01,6.587111e-02,1.065683e-02,2.841133e-03,7.030062e-03,1.085851e-02,1.616631e-01
1.018658e-01,6.058733e-02,8.981901e-02,7.353286e-02,1.324619e-02,2.151849e-02,1.076587e-03,1.793257e-02,2.273451e-01,6.819846e-02,7.995612e-03,2.183109e-03,5.445398e-03,1.071212e-02,2.985414e-01
9.870598e-02,4.687704e-02,6.760408e-02,6.307758e-02,9.889708e-03,1.557228e-02,9.247794e-04,1.392920e-02,2.443733e-01,6.011374e-02,7.140443e-03,2.024763e-03,4.454589e-03,1.208701e-02,3.532255e-01
7.213314e-02,3.619803e-02,5.124077e-02,4.632323e-02,6.990304e-03,1.101174e-02,6.690994e-04,9.877609e-03,3.031883e-01,1.409779e-01,9.616501e-03,2.004618e-03,4.028350e-03,1.256794e-02,2.931725e-01
5.069902e-02,2.570082e-02,4.664148e-02,3.330065e-02,4.932935e-03,7.824546e-03,4.806486e-04,7.010765e-03,2.248197e-01,3.425131e-01,9.612190e-03,1.851929e-03,4.403579e-03,1.038440e-02,2.298243e-01
3.630122e-02,2.004300e-02,4.381186e-02,4.483949e-02,4.280440e-03,6.149723e-03,4.846265e-04,5.268204e-03,2.234003e-01,3.001849e-01,3.723274e-02,1.997470e-02,4.572437e-02,1.133324e-02,2.009712e-01
2.558341e-02,1.450945e-02,3.172136e-02,3.645119e-02,3.340547e-03,4.486519e-03,3.725040e-04,3.801615e-03,1.712119e-01,2.109359e-01,1.191112e-01,2.751323e-02,1.909548e-01,1.070518e-02,1.493012e-01
1.848548e-02,1.120570e-02,2.461204e-02,2.728009e-02,3.704895e-03,3.576910e-03,3.179131e-04,2.814786e-03,1.252595e-01,1.489786e-01,1.056529e-01,3.150927e-02,2.184955e-01,1.304605e-02,2.650603e-01
1.421057e-02,8.619337e-03,1.885332e-02,1.977890e-02,6.236117e-03,3.418417e-03,4.988460e-03,1.666526e-02,1.077723e-01,1.076046e-01,1.493150e-01,3.155389e-02,2.183807e-01,1.802390e-02,2.745792e-01
1.058974e-02,6.743242e-03,1.382567e-02,1.466651e-02,5.400834e-03,2.996791e-03,6.820305e-03,1.510278e-02,1.036384e-01,7.897904e-02,1.185280e-01,7.688123e-02,2.794583e-01,2.643314e-02,2.399359e-01
7.733775e-03,5.103126e-03,1.087889e-02,1.057782e-02,4.984200e-03,3.021925e-03,2.075643e-02,1.507388e-02,7.708205e-02,5.668273e-02,8.705602e-02,1.589220e-01,3.116000e-01,2.554956e-02,2.049776e-01
5.709857e-03,4.237668e-03,8.200664e-03,7.953173e-03,4.061480e-03,3.231745e-03,1.687618e-02,1.147165e-02,5.934931e-02,4.058636e-02,6.410943e-02,2.422729e-01,3.447422e-01,2.168553e-02,1.655118e-01
4.611073e-03,3.146411e-03,6.127452e-03,5.753958e-03,4.487061e-03,4.459533e-03,1.388647e-02,1.156850e-02,4.282897e-02,2.858973e-02,4.748740e-02,3.086437e-01,3.787373e-01,1.621545e-02,1.234570e-01
3.756730e-03,2.432221e-03,4.626233e-03,4.160848e-03,4.127367e-03,2.448630e-02,1.159550e-02,1.098831e-02,3.069541e-02,2.016144e-02,3.435594e-02,2.664190e-01,4.794513e-01,1.188424e-02,9.085919e-02
3.843350e-03,1.902801e-03,3.433956e-03,3.073224e-03,5.592496e-03,1.959170e-02,8.525858e-03,8.417553e-03,2.188273e-02,1.415860e-02,2.466341e-02,2.121398e-01,5.996840e-01,8.543109e-03,6.454739e-02
8.191177e-03,7.497942e-03,4.025020e-02,1.584765e-02,1.344953e-02,1.940922e-02,7.733770e-03,7.220707e-03,2.360598e-02,1.018910e-02,1.812267e-02,1.845853e-01,5.919073e-01,6.104402e-03,4.588506e-02
2.806496e-02,1.067500e-02,6.775735e-02,2.245668e-02,2.303312e-02,3.047778e-02,6.735349e-03,8.557776e-03,2.329910e-02,7.806093e-03,1.463253e-02,1.464752e-01,5.672398e-01,4.879570e-03,3.790958e-02
3.921023e-02,3.837625e-02,8.468498e-02,1.882165e-02,2.865619e-02,3.893077e-02,7.055921e-03,1.298337e-02,4.102820e-02,7.529052e-03,1.232301e-02,1.219202e-01,4.977487e-01,4.914035e-03,4.581736e-02
3.829189e-02,8.641102e-02,1.699327e-01,2.105487e-02,2.127724e-02,3.327259e-02,5.487640e-03,1.226440e-02,7.630263e-02,1.273150e-02,1.049962e-02,8.709867e-02,3.763152e-01,3.769377e-03,4.529060e-02
3.368942e-02,1.040514e-01,2.921231e-01,1.670628e-02,1.563286e-02,3.089020e-02,4.474757e-03,1.270010e-02,7.942992e-02,1.092264e-02,1.055058e-02,6.377822e-02,2.796353e-01,3.228153e-03,4.218709e-02
3.897209e-02,1.500013e-01,2.929561e-01,1.310836e-02,1.158393e-02,2.868837e-02,3.499866e-03,1.108799e-02,7.875551e-02,1.194654e-02,1.300958e-02,4.668804e-02,2.130266e-01,8.231105e-03,7.844461e-02
3.459063e-02,1.655954e-01,2.242874e-01,1.194856e-02,1.304701e-02,3.909722e-02,4.006187e-03,1.416324e-02,1.351193e-01,9.842569e-03,1.626526e-02,3.877430e-02,1.990593e-01,9.422192e-03,8.478139e-02
3.460046e-02,1.474732e-01,1.772717e-01,1.086467e-02,1.732009e-02,4.618659e-02,6.912644e-03,2.266071e-02,1.474883e-01,9.728177e-03,2.356834e-02,4.467968e-02,2.223386e-01,1.115034e-02,7.775646e-02
3.176324e-02,1.110071e-01,1.276251e-01,1.049889e-02,1.800535e-02,3.771929e-02,6.033045e-03,1.746629e-02,1.192660e-01,1.148503e-02,4.087529e-02,4.885422e-02,2.196494e-01,7.484012e-02,1.249116e-01
2.711727e-02,8.039977e-02,8.962012e-02,1.005088e-02,1.595403e-02,3.177106e-02,4.871573e-03,1.535092e-02,1.385711e-01,1.171208e-02,1.173101e-01,5.759241e-02,2.374110e-01,6.453490e-02,9.773286e-02
2.187515e-02,5.936348e-02,6.330070e-02,9.116647e-03,1.270538e-02,2.519196e-02,3.461046e-03,1.130913e-02,2.275597e-01,1.387096e-02,1.422219e-01,4.753919e-02,1.996493e-01,5.387264e-02,1.089628e-01
1.628469e-02,4.274637e-02,4.487990e-02,7.962658e-03,1.110279e-02,1.914809e-02,2.473574e-03,8.395593e-03,3.307528e-01,1.123730e-02,1.431855e-01,3.585155e-02,1.701577e-01,4.651160e-02,1.093099e-01
1.567383e-02,3.093558e-02,3.218414e-02,1.024934e-02,1.042503e-02,1.469140e-02,1.943002e-03,7.669309e-03,4.772796e-01,8.593798e-03,1.145750e-01,2.606182e-02,1.241699e-01,3.832237e-02,8.722586e-02
1.206169e-02,2.200391e-02,2.290644e-02,7.591454e-03,8.488255e-03,1.082450e-02,1.403690e-03,5.904650e-03,5.697470e-01,6.373880e-03,8.975648e-02,1.870289e-02,8.823635e-02,4.176849e-02,9.423033e-02
1.261765e-02,1.605338e-02,1.695685e-02,5.931751e-03,7.286395e-03,7.984509e-03,1.098287e-03,5.593274e-03,6.592407e-01,5.033820e-03,6.679638e-02,1.327978e-02,6.220268e-02,4.027807e-02,7.964645e-02
1.350904e-02,1.174989e-02,1.293784e-02,7.046168e-03,6.239350e-03,7.021510e-03,8.076336e-04,5.209093e-03,7.388155e-01,4.642903e-03,4.868501e-02,9.798121e-03,4.442384e-02,3.145949e-02,5.765450e-02
4.123924e-02,9.032074e-03,1.096928e-02,5.692214e-03,7.709361e-03,5.656912e-03,6.525172e-04,7.818788e-03,7.502457e-01,5.166585e-03,3.830084e-02,8.015197e-03,3.350542e-02,3.270636e-02,4.328944e-02
7.008548e-02,6.912065e-03,8.849138e-03,5.083732e-03,1.145515e-02,5.248446e-03,5.493067e-04,1.288998e-02,7.361574e-01,5.534076e-03,3.331059e-02,9.165442e-03,3.335790e-02,2.782810e-02,3.357313e-02
5.635300e-02,5.213875e-03,7.993954e-03,5.435788e-03,1.522013e-02,4.525782e-03,5.289140e-04,2.997532e-02,7.037774e-01,5.059563e-03,5.603925e-02,1.589234e-02,4.197683e-02,2.565917e-02,2.634863e-02
4.159634e-02,4.911870e-03,1.071675e-02,9.936325e-03,1.855905e-02,4.070867e-03,4.310246e-04,3.690255e-02,7.131416e-01,4.364695e-03,4.940556e-02,1.371273e-02,4.482062e-02,1.965457e-02,2.777549e-02
4.598231e-02,6.414542e-03,1.217187e-02,8.936066e-03,3.164845e-02,8.237594e-03,1.346611e-03,1.470653e-01,5.572765e-01,5.176779e-03,5.601830e-02,1.964544e-02,4.982638e-02,1.829206e-02,3.196188e-02
4.583243e-02,6.127760e-03,1.292115e-02,9.108709e-03,3.851668e-02,7.602715e-03,1.993546e-03,2.910949e-01,4.304345e-01,4.724561e-03,4.559856e-02,2.039359e-02,4.240645e-02,1.597021e-02,2.727429e-02
4.164070e-02,5.235035e-03,9.661028e-02,4.134783e-02,3.633242e-02,6.220148e-03,1.872043e-03,3.435643e-01,3.111166e-01,3.822157e-03,3.366428e-02,1.512109e-02,3.155112e-02,1.157799e-02,2.032404e-02
3.893145e-02,5.985515e-03,1.747015e-01,1.358658e-01,4.532431e-02,5.633659e-03,2.303370e-03,2.819986e-01,2.256189e-01,3.096454e-03,2.418471e-02,1.077232e-02,2.244186e-02,8.310115e-03,1.483142e-02
4.007682e-02,1.171257e-02,1.675295e-01,1.547973e-01,6.779303e-02,8.603664e-03,3.016992e-03,3.115564e-01,1.707084e-01,2.434968e-03,1.755244e-02,7.772483e-03,1.633584e-02,6.250000e-03,1.385960e-02
6.385486e-02,1.685145e-02,1.217910e-01,1.353053e-01,1.526001e-01,1.531639e-02,5.447247e-03,2.979121e-01,1.388869e-01,2.869312e-03,1.345093e-02,5.969453e-03,1.348812e-02,4.981460e-03,1.127529e-02
8.036265e-02,2.282923e-02,9.974591e-02,1.151434e-01,1.839374e-01,2.036456e-02,6.510864e-03,2.984136e-01,1.223654e-01,2.839800e-03,1.083937e-02,4.755035e-03,1.487920e-02,4.558625e-03,1.245490e-02
