1.000000e+00,0.000000e+00,0.000000e+00,0.000000e+00,0.000000e+00,0.000000e+00,0.000000e+00,0.000000e+00,0.000000e+00,0.000000e+00,0.000000e+00,0.000000e+00,0.000000e+00,0.000000e+00,0.000000e+00
1.000000e+00,0.000000e+00,0.000000e+00,0.000000e+00,0.000000e+00,0.000000e+00,0.000000e+00,0.000000e+00,0.000000e+00,0.000000e+00,0.000000e+00,0.000000e+00,0.000000e+00,0.000000e+00,0.000000e+00
1.000000e+00,0.000000e+00,0.000000e+00,0.000000e+00,0.000000e+00,0.000000e+00,0.000000e+00,0.000000e+00,0.000000e+00,0.000000e+00,0.000000e+00,0.000000e+00,0.000000e+00,0.000000e+00,0.000000e+00
1.000000e+00,0.000000e+00,0.000000e+00,0.000000e+00,0.000000e+00,0.000000e+00,0.000000e+00,0.000000e+00,0.000000e+00,0.000000e+00,0.000000e+00,0.000000e+00,0.000000e+00,0.000000e+00,0.000000e+00
1.000000e+00,0.000000e+00,0.000000e+00,0.000000e+00,0.000000e+00,0.000000e+00,0.000000e+00,0.000000e+00,0.000000e+00,0.000000e+00,0.000000e+00,0.000000e+00,0.000000e+00,0.000000e+00,0.000000e+00
1.000000e+00,0.000000e+00,0.000000e+00,0.000000e+00,0.000000e+00,0.000000e+00,0.000000e+00,0.000000e+00,0.000000e+00,0.000000e+00,0.000000e+00,0.000000e+00,0.000000e+00,0.000000e+00,0.000000e+00
1.000000e+00,0.000000e+00,0.000000e+00,0.000000e+00,0.000000e+00,0.000000e+00,0.000000e+00,0.000000e+00,0.000000e+00,0.000000e+00,0.000000e+00,0.000000e+00,0.000000e+00,0.000000e+00,0.000000e+00
1.000000e+00,0.000000e+00,0.000000e+00,0.000000e+00,0.000000e+00,0.000000e+00,0.000000e+00,0.000000e+00,0.000000e+00,0.000000e+00,0.000000e+00,0.000000e+00,0.000000e+00,0.000000e+00,0.000000e+00
1.000000e+00,0.000000e+00,0.000000e+00,0.000000e+00,0.000000e+00,0.000000e+00,0.000000e+00,0.000000e+00,0.000000e+00,0.000000e+00,0.000000e+00,0.000000e+00,0.000000e+00,0.000000e+00,0.000000e+00
1.000000e+00,0.000000e+00,0.000000e+00,0.000000e+00,0.000000e+00,0.000000e+00,0.000000e+00,0.000000e+00,0.000000e+00,0.000000e+00,0.000000e+00,0.000000e+00,0.000000e+00,0.000000e+00,0.000000e+00
1.000000e+00,0.000000e+00,0.000000e+00,0.000000e+00,0.000000e+00,0.000000e+00,0.000000e+00,0.000000e+00,0.000000e+00,0.000000e+00,0.000000e+00,0.000000e+00,0.000000e+00,0.000000e+00,0.000000e+00
1.000000e+00,0.000000e+00,0.000000e+00,0.000000e+00,0.000000e+00,0.000000e+00,0.000000e+00,0.000000e+00,0.000000e+00,0.000000e+00,0.000000e+00,0.000000e+00,0.000000e+00,0.000000e+00,0.000000e+00
1.000000e+00,0.000000e+00,0.000000e+00,0.000000e+00,0.000000e+00,0.000000e+00,0.000000e+00,0.000000e+00,0.000000e+00,0.000000e+00,0.000000e+00,0.000000e+00,0.000000e+00,0.000000e+00,0.000000e+00
1.000000e+00,0.000000e+00,0.000000e+00,0.000000e+00,0.000000e+00,0.000000e+00,0.000000e+00,0.000000e+00,0.000000e+00,0.000000e+00,0.000000e+00,0.000000e+00,0.000000e+00,0.000000e+00,0.000000e+00
1.000000e+00,0.000000e+00,0.000000e+00,0.000000e+00,0.000000e+00,0.000000e+00,0.000000e+00,0.000000e+00,0.000000e+00,0.000000e+00,0.000000e+00,0.000000e+00,0.000000e+00,0.000000e+00,0.000000e+00
1.000000e+00,0.000000e+00,0.000000e+00,0.000000e+00,0.000000e+00,0.000000e+00,0.000000e+00,0.000000e+00,0.000000e+00,0.000000e+00,0.000000e+00,0.000000e+00,0.000000e+00,0.000000e+00,0.000000e+00
1.000000e+00,0.000000e+00,0.000000e+00,0.000000e+00,0.000000e+00,0.000000e+00,0.000000e+00,0.000000e+00,0.000000e+00,0.000000e+00,0.000000e+00,0.000000e+00,0.000000e+00,0.000000e+00,0.000000e+00
1.000000e+00,0.000000e+00,0.000000e+00,0.000000e+00,0.000000e+00,0.000000e+00,0.000000e+00,0.000000e+00,0.000000e+00,0.000000e+00,0.000000e+00,0.000000e+00,0.000000e+00,0.000000e+00,0.000000e+00
1.000000e+00,0.000000e+00,0.000000e+00,0.000000e+00,0.000000e+00,0.000000e+00,0.000000e+00,0.000000e+00,0.000000e+00,0.000000e+00,0.000000e+00,0.000000e+00,0.000000e+00,0.000000e+00,0.000000e+00
1.000000e+00,0.000000e+00,0.000000e+00,0.000000e+00,0.000000e+00,0.000000e+00,0.000000e+00,0.000000e+00,0.000000e+00,0.000000e+00,0.000000e+00,0.000000e+00,0.000000e+00,0.000000e+00,0.000000e+00
1.000000e+00,0.000000e+00,0.000000e+00,0.000000e+00,0.000000e+00,0.000000e+00,0.000000e+00,0.000000e+00,0.000000e+00,0.000000e+00,0.000000e+00,0.000000e+00,0.000000e+00,0.000000e+00,0.000000e+00
1.000000e+00,0.000000e+00,0.000000e+00,0.000000e+00,0.000000e+00,0.000000e+00,0.000000e+00,0.000000e+00,0.000000e+00,0.000000e+00,0.000000e+00,0.000000e+00,0.000000e+00,0.000000e+00,0.000000e+00
1.000000e+00,0.000000e+00,0.000000e+00,0.000000e+00,0.000000e+00,0.000000e+00,0.000000e+00,0.000000e+00,0.000000e+00,0.000000e+00,0.000000e+00,0.000000e+00,0.000000e+00,0.000000e+00,0.000000e+00
1.000000e+00,0.000000e+00,0.000000e+00,0.000000e+00,0.000000e+00,0.000000e+00,0.000000e+00,0.000000e+00,0.000000e+00,0.000000e+00,0.000000e+00,0.000000e+00,0.000000e+00,0.000000e+00,0.000000e+00
1.000000e+00,0.000000e+00,0.000000e+00,0.000000e+00,0.000000e+00,0.000000e+00,0.000000e+00,0.000000e+00,0.000000e+00,0.000000e+00,0.000000e+00,0.000000e+00,0.000000e+00,0.000000e+00,0.000000e+00
1.000000e+00,0.000000e+00,0.000000e+00,0.000000e+00,0.000000e+00,0.000000e+00,0.000000e+00,0.000000e+00,0.000000e+00,0.000000e+00,0.000000e+00,0.000000e+00,0.000000e+00,0.000000e+00,0.000000e+00
1.000000e+00,0.000000e+00,0.000000e+00,0.000000e+00,0.000000e+00,0.000000e+00,0.000000e+00,0.000000e+00,0.000000e+00,0.000000e+00,0.000000e+00,0.000000e+00,0.000000e+00,0.000000e+00,0.000000e+00
1.000000e+00,0.000000e+00,0.000000e+00,0.000000e+00,0.000000e+00,0.000000e+00,0.000000e+00,0.000000e+00,0.000000e+00,0.000000e+00,0.000000e+00,0.000000e+00,0.000000e+00,0.000000e+00,0.000000e+00
1.000000e+00,0.000000e+00,0.000000e+00,0.000000e+00,0.000000e+00,0.000000e+00,0.000000e+00,0.000000e+00,0.000000e+00,0.000000e+00,0.000000e+00,0.000000e+00,0.000000e+00,0.000000e+00,0.000000e+00
1.000000e+00,0.000000e+00,0.000000e+00,0.000000e+00,0.000000e+00,0.000000e+00,0.000000e+00,0.000000e+00,0.000000e+00,0.000000e+00,0.000000e+00,0.000000e+00,0.000000e+00,0.000000e+00,0.000000e+00
1.000000e+00,0.000000e+00,0.000000e+00,0.000000e+00,0.000000e+00,0.000000e+00,0.000000e+00,0.000000e+00,0.000000e+00,0.000000e+00,0.000000e+00,0.000000e+00,0.000000e+00,0.000000e+00,0.000000e+00
1.000000e+00,0.000000e+00,0.000000e+00,0.000000e+00,0.000000e+00,0.000000e+00,0.000000e+00,0.000000e+00,0.000000e+00,0.000000e+00,0.000000e+00,0.000000e+00,0.000000e+00,0.000000e+00,0.000000e+00
1.000000e+00,0.000000e+00,0.000000e+00,0.000000e+00,0.000000e+00,0.000000e+00,0.000000e+00,0.000000e+00,0.000000e+00,0.000000e+00,0.000000e+00,0.000000e+00,0.000000e+00,0.000000e+00,0.000000e+00
1.000000e+00,0.000000e+00,0.000000e+00,0.000000e+00,0.000000e+00,0.000000e+00,0.000000e+00,0.000000e+00,0.000000e+00,0.000000e+00,0.000000e+00,0.000000e+00,0.000000e+00,0.000000e+00,0.000000e+00
4.933075e-01,2.281651e-02,2.173373e-02,6.946009e-02,9.329570e-03,1.609705e-02,1.038019e-02,3.096620e-01,3.955771e-03,1.403657e-03,6.961422e-03,1.002354e-02,1.133366e-02,2.749002e-03,1.078631e-02
3.926387e-01,1.783487e-02,2.010671e-02,5.058002e-02,7.528710e-03,2.094657e-02,2.366876e-02,4.269942e-01,3.093064e-03,1.091743e-03,5.401839e-03,7.988235e-03,1.070998e-02,2.612907e-03,8.803712e-03
3.612772e-01,1.517478e-02,1.960482e-02,3.731894e-02,6.800593e-03,2.043725e-02,2.776610e-02,4.748208e-01,2.588382e-03,1.120885e-03,4.577837e-03,7.420784e-03,9.902851e-03,2.829978e-03,8.358793e-03
3.967102e-01,1.206947e-02,1.536871e-02,2.846589e-02,7.304842e-03,2.652559e-02,2.525244e-02,4.445976e-01,2.564970e-03,1.318644e-03,4.865211e-03,1.003208e-02,1.342716e-02,2.668067e-03,8.829201e-03
4.497313e-01,1.012488e-02,1.252118e-02,2.287369e-02,9.192377e-03,2.675169e-02,2.281517e-02,3.948026e-01,2.619525e-03,1.783684e-03,5.393667e-03,1.275869e-02,1.556154e-02,2.602935e-03,1.046713e-02
4.665427e-01,8.203065e-03,1.004901e-02,1.917887e-02,1.110964e-02,2.512502e-02,1.868831e-02,3.839286e-01,2.603049e-03,1.993357e-03,5.539161e-03,1.683496e-02,1.723278e-02,2.485952e-03,1.048558e-02
3.983300e-01,1.341632e-02,1.014799e-02,3.789824e-02,1.261207e-02,2.881889e-02,1.420821e-02,3.317502e-01,2.882696e-02,6.014530e-03,1.053617e-02,2.889670e-02,4.979719e-02,3.926688e-03,2.481995e-02
2.825772e-01,1.843935e-02,8.504270e-03,1.177940e-01,1.117192e-02,2.602806e-02,1.113068e-02,2.519652e-01,7.787530e-02,1.819752e-02,1.605148e-02,2.942919e-02,8.634043e-02,3.771181e-03,4.072421e-02
1.991526e-01,2.487688e-02,7.412266e-03,1.971692e-01,8.363502e-03,1.892896e-02,8.181158e-03,1.793834e-01,1.122480e-01,3.671565e-02,1.651929e-02,2.358380e-02,8.047701e-02,3.130813e-03,8.385750e-02
1.410658e-01,3.114997e-02,5.943949e-03,1.501526e-01,6.219847e-03,1.444012e-02,5.868754e-03,1.269176e-01,1.078136e-01,2.875363e-02,1.736632e-02,1.804814e-02,7.334515e-02,4.844633e-03,2.680700e-01
1.012456e-01,3.744768e-02,6.995454e-03,2.119287e-01,5.752635e-03,1.101053e-02,4.446474e-03,8.952054e-02,1.536699e-01,2.385842e-02,1.709543e-02,1.402854e-02,6.275684e-02,4.556810e-03,2.556865e-01
7.422598e-02,2.947822e-02,2.035797e-02,2.158126e-01,6.267966e-03,1.081882e-02,3.731045e-03,6.328542e-02,1.355686e-01,2.106623e-02,1.640855e-02,1.528791e-02,1.544311e-01,6.098665e-03,2.271609e-01
5.657446e-02,2.245747e-02,2.290638e-02,1.873592e-01,1.292766e-02,1.522886e-02,4.186539e-03,4.481055e-02,1.058269e-01,1.572047e-02,2.669054e-02,2.185043e-02,2.820671e-01,6.016070e-03,1.753773e-01
5.164396e-02,1.617454e-02,3.326774e-02,1.654167e-01,1.317663e-02,1.732123e-02,3.512223e-03,5.212238e-02,9.013157e-02,1.199535e-02,4.987081e-02,2.540721e-02,3.299462e-01,1.107832e-02,1.289350e-01
4.226086e-02,1.158075e-02,2.489248e-02,1.497637e-01,1.235327e-02,1.616124e-02,2.814190e-03,3.773675e-02,7.433812e-02,8.943569e-03,6.024664e-02,2.873491e-02,4.243821e-01,1.087811e-02,9.491335e-02
3.128422e-02,8.242368e-03,1.908755e-02,1.067409e-01,9.605027e-03,1.222479e-02,2.673349e-03,3.060972e-02,6.163182e-02,7.242779e-03,5.970098e-02,3.295360e-02,5.388206e-01,7.971249e-03,7.121100e-02
2.254768e-02,6.131554e-03,3.200123e-02,7.757855e-02,8.102762e-03,9.201160e-03,2.072626e-03,5.714009e-02,4.934042e-02,7.093160e-03,5.140943e-02,3.190611e-02,5.691062e-01,6.049295e-03,7.031973e-02
1.727533e-02,5.387239e-03,2.661594e-02,5.502322e-02,8.332212e-03,6.634121e-03,1.973068e-03,8.249633e-02,6.865574e-02,7.510022e-03,5.555275e-02,3.570813e-02,5.212439e-01,5.233653e-03,1.023583e-01
1.746475e-02,1.618123e-02,3.942269e-02,4.073227e-02,7.552763e-03,5.255484e-03,1.529777e-03,8.504763e-02,1.228119e-01,1.006490e-02,5.217687e-02,3.137026e-02,3.888597e-01,7.125089e-03,1.744046e-01
1.321387e-02,1.490570e-02,6.546512e-02,3.030115e-02,6.095175e-03,3.958642e-03,1.125401e-03,2.157423e-01,1.032165e-01,8.355389e-03,4.416836e-02,2.719748e-02,3.021787e-01,6.697221e-03,1.573790e-01
9.900670e-03,1.471406e-02,2.292409e-01,3.504622e-02,4.505533e-03,3.339768e-03,8.214346e-04,2.145207e-01,8.578686e-02,6.297085e-03,3.339432e-02,2.106309e-02,2.179262e-01,4.978403e-03,1.184647e-01
9.415001e-03,2.324180e-02,3.218018e-01,6.012845e-02,3.577192e-03,2.616716e-03,5.913764e-04,1.868621e-01,8.307666e-02,4.726081e-03,2.620833e-02,1.543158e-02,1.563700e-01,4.381769e-03,1.015711e-01
1.263777e-02,3.515807e-02,3.353698e-01,6.864691e-02,3.286074e-03,2.393801e-03,4.322039e-04,1.696320e-01,8.524337e-02,3.850119e-03,2.447356e-02,1.135325e-02,1.128740e-01,5.478161e-03,1.291710e-01
3.001093e-02,5.719296e-02,3.002843e-01,5.627161e-02,3.707955e-03,2.001356e-03,3.455966e-04,1.443900e-01,9.443550e-02,3.201304e-03,2.233076e-02,8.307101e-03,8.014988e-02,5.643519e-03,1.917273e-01
3.163066e-02,6.703226e-02,3.030556e-01,6.094204e-02,3.997979e-03,1.579696e-03,2.788650e-04,1.720922e-01,8.587524e-02,2.506710e-03,1.783550e-02,6.142967e-03,5.728039e-02,5.125839e-03,1.846241e-01
3.495079e-02,5.478848e-02,3.817785e-01,5.247255e-02,5.537499e-03,1.794186e-03,2.789813e-04,1.585793e-01,8.758443e-02,2.082339e-03,1.374846e-02,4.512662e-03,4.041564e-02,5.300551e-03,1.561756e-01
5.355909e-02,6.494961e-02,3.829712e-01,4.239181e-02,1.146373e-02,2.941101e-03,3.923514e-04,1.469995e-01,1.179204e-01,2.798518e-03,1.177216e-02,3.615667e-03,2.884860e-02,6.168518e-03,1.232078e-01
6.557406e-02,6.181107e-02,3.316391e-01,3.405654e-02,1.829158e-02,3.896473e-03,4.666287e-04,1.280531e-01,1.958257e-01,3.691574e-03,1.124797e-02,3.259358e-03,2.100787e-02,6.243560e-03,1.149354e-01
1.128549e-01,6.134916e-02,2.468781e-01,2.943798e-02,2.384543e-02,8.180221e-03,9.986481e-04,1.125379e-01,2.515779e-01,6.459033e-03,1.922677e-02,5.609181e-03,1.593700e-02,8.574706e-03,9.653297e-02
1.287994e-01,7.267541e-02,1.981158e-01,2.488337e-02,2.784923e-02,7.772904e-03,1.107317e-03,1.234786e-01,2.841440e-01,6.523848e-03,1.827200e-02,6.017158e-03,1.213487e-02,9.132866e-03,7.909320e-02
2.122812e-01,8.311809e-02,1.430480e-01,2.399505e-02,3.068012e-02,1.109308e-02,1.452213e-03,1.068295e-01,2.618446e-01,9.964488e-03,1.947096e-02,8.827109e-03,9.829142e-03,1.070096e-02,6.686544e-02
3.822895e-01,7.100616e-02,1.024514e-01,2.072247e-02,2.562776e-02,1.330294e-02,2.766649e-03,7.822374e-02,1.981941e-01,8.859022e-03,1.716456e-02,9.625076e-03,8.298027e-03,9.973845e-03,5.149470e-02
1.000000e+00,0.000000e+00,0.000000e+00,0.000000e+00,0.000000e+00,0.000000e+00,0.000000e+00,0.000000e+00,0.000000e+00,0.000000e+00,0.000000e+00,0.000000e+00,0.000000e+00,0.000000e+00,0.000000e+00
1.000000e+00,0.000000e+00,0.000000e+00,0.000000e+00,0.000000e+00,0.000000e+00,0.000000e+00,0.000000e+00,0.000000e+00,0.000000e+00,0.000000e+00,0.000000e+00,0.000000e+00,0.000000e+00,0.000000e+00
1.000000e+00,0.000000e+00,0.000000e+00,0.000000e+00,0.000000e+00,0.000000e+00,0.000000e+00,0.000000e+00,0.000000e+00,0.000000e+00,0.000000e+00,0.000000e+00,0.000000e+00,0.000000e+00,0.000000e+00
1.000000e+00,0.000000e+00,0.000000e+00,0.000000e+00,0.000000e+00,0.000000e+00,0.000000e+00,0.000000e+00,0.000000e+00,0.000000e+00,0.000000e+00,0.000000e+00,0.000000e+00,0.000000e+00,0.000000e+00
4.631538e-01,3.480334e-02,2.565813e-02,1.501806e-02,1.047346e-02,2.156834e-02,1.515984e-03,1.744436e-02,1.225001e-01,1.799116e-02,1.484739e-02,1.134645e-02,5.712846e-03,2.133291e-02,2.166336e-01
3.427726e-01,2.606990e-02,1.823248e-02,1.217774e-02,7.584670e-03,2.158009e-02,1.131325e-03,1.239275e-02,2.427559e-01,4.109079e-02,1.237843e-02,8.337317e-03,5.550086e-03,1.726165e-02,2.306842e-01
2.442513e-01,1.991346e-02,1.393556e-02,1.824445e-02,5.560376e-03,1.532408e-02,8.348104e-04,8.874983e-03,4.098684e-01,3.833245e-02,1.154339e-02,6.884019e-03,9.992791e-03,1.239396e-02,1.840460e-01
1.822357e-01,1.692879e-02,1.027312e-02,1.386147e-02,4.111828e-03,1.210970e-02,6.728832e-04,6.473670e-03,3.860825e-01,1.149029e-01,1.180291e-02,6.063744e-03,1.982731e-02,1.076787e-02,2.038856e-01
1.368907e-01,1.347859e-02,8.587645e-03,1.404927e-02,3.040334e-03,1.146732e-02,5.299811e-04,4.619265e-03,4.821715e-01,9.086993e-02,1.008635e-02,4.601039e-03,1.581873e-02,8.918770e-03,1.948705e-01
1.202004e-01,1.138661e-02,1.651580e-02,1.479637e-02,2.330647e-03,9.571228e-03,5.276520e-04,3.396554e-03,5.388859e-01,7.610419e-02,1.202577e-02,4.574524e-03,1.513122e-02,1.471326e-02,1.598399e-01
1.291512e-01,1.032982e-02,1.424255e-02,1.221817e-02,1.772922e-03,8.579787e-03,6.310567e-04,2.700036e-03,4.657664e-01,9.523982e-02,1.867311e-02,7.637476e-03,1.908742e-02,5.984753e-02,1.541227e-01
1.396602e-01,9.010026e-03,1.249693e-02,9.260716e-03,1.448811e-03,1.033213e-02,5.704435e-04,2.033058e-03,3.339858e-01,8.892460e-02,3.722915e-02,8.698818e-03,2.425008e-02,7.827140e-02,2.438278e-01
1.165392e-01,9.198786e-03,1.120329e-02,7.805594e-03,1.449564e-03,9.669835e-03,5.306987e-04,1.697597e-03,2.544574e-01,7.758014e-02,7.259152e-02,8.797379e-03,3.088199e-02,7.268980e-02,3.249072e-01
8.425935e-02,7.621274e-03,8.134551e-03,6.122728e-03,1.363354e-03,7.672288e-03,4.009599e-04,1.292740e-03,1.846010e-01,5.881819e-02,7.275227e-02,7.544167e-03,2.787153e-02,6.482098e-02,4.667246e-01
6.017163e-02,6.747747e-03,5.947832e-03,4.527540e-03,1.699700e-03,5.689593e-03,2.907331e-04,9.873111e-04,1.501109e-01,4.192457e-02,5.898940e-02,5.507543e-03,2.172102e-02,7.149445e-02,5.641900e-01
4.292866e-02,7.939452e-03,4.972778e-03,4.426262e-03,1.399029e-03,4.411338e-03,2.327675e-04,1.222244e-03,1.698434e-01,3.030899e-02,5.137038e-02,4.197639e-03,1.708705e-02,1.069134e-01,5.527465e-01
3.152674e-02,1.051603e-02,4.302623e-02,8.206502e-03,2.020342e-03,3.812499e-03,8.921972e-04,6.243307e-03,3.288806e-01,2.170310e-02,4.111198e-02,3.246740e-03,1.275531e-02,8.387731e-02,4.021811e-01
3.273828e-02,2.480258e-02,1.354264e-01,1.172831e-02,4.495797e-03,4.411095e-03,1.425456e-03,6.532949e-03,3.365117e-01,1.630272e-02,3.179076e-02,2.563482e-03,9.988111e-03,7.233377e-02,3.089487e-01
2.436743e-02,2.305730e-02,2.939227e-01,1.738903e-02,3.920339e-03,3.310293e-03,1.016538e-03,4.853786e-03,3.151049e-01,1.251934e-02,2.244244e-02,1.831422e-03,7.100955e-03,5.077194e-02,2.183916e-01
2.000665e-02,2.155842e-02,4.419617e-01,3.608495e-02,4.470229e-03,2.516380e-03,7.440022e-04,3.699948e-03,2.473476e-01,9.382818e-03,1.583808e-02,1.309896e-03,5.123343e-03,3.564283e-02,1.543131e-01
2.390379e-02,2.182355e-02,5.448677e-01,4.485344e-02,1.005725e-02,3.195576e-03,7.559227e-04,4.570498e-03,1.854021e-01,8.128897e-03,1.130756e-02,9.593279e-04,4.091938e-03,2.514113e-02,1.109414e-01
5.227415e-02,2.377172e-02,5.635871e-01,4.848088e-02,3.336040e-02,1.348091e-02,1.674434e-03,7.179782e-03,1.355409e-01,6.763121e-03,8.630932e-03,7.895962e-04,3.548886e-03,1.820552e-02,8.271171e-02
6.626947e-02,2.961422e-02,5.630133e-01,4.049917e-02,7.153039e-02,2.203357e-02,2.768338e-03,9.662068e-03,1.043338e-01,5.798088e-03,6.749143e-03,6.168438e-04,2.735277e-03,1.331575e-02,6.106061e-02
6.299470e-02,3.816705e-02,5.453212e-01,1.095286e-01,6.011442e-02,1.811502e-02,2.416468e-03,1.149526e-02,7.993570e-02,5.774172e-03,5.740824e-03,8.732857e-04,2.154741e-03,9.529103e-03,4.783943e-02
5.996452e-02,3.474276e-02,4.887842e-01,1.912802e-01,4.437711e-02,1.320234e-02,1.833336e-03,8.916231e-03,7.787912e-02,8.569146e-03,6.400696e-03,1.291686e-03,2.019419e-03,6.824980e-03,5.391432e-02
6.783067e-02,3.729966e-02,4.584045e-01,1.902983e-01,3.562893e-02,1.054032e-02,1.942216e-03,7.746215e-03,6.831066e-02,2.328801e-02,6.212330e-03,1.756205e-03,2.005707e-03,4.976929e-03,8.375937e-02
4.809416e-02,3.289905e-02,4.591240e-01,2.305685e-01,2.561552e-02,7.510267e-03,1.406138e-03,5.464425e-03,6.229459e-02,2.543620e-02,5.251350e-03,1.322664e-03,1.617503e-03,3.551824e-03,8.984374e-02
4.209636e-02,3.044029e-02,3.777881e-01,2.039643e-01,1.904367e-02,5.816700e-03,1.069175e-03,3.940818e-03,6.123067e-02,3.703332e-02,6.275038e-03,1.224362e-03,1.790826e-03,2.717750e-03,2.055687e-01
3.055014e-02,2.582519e-02,4.820077e-01,1.803715e-01,1.343062e-02,4.153118e-03,7.800953e-04,2.796949e-03,4.966873e-02,3.822196e-02,4.871474e-03,9.621443e-04,1.398116e-03,1.985324e-03,1.629770e-01
2.347813e-02,2.261402e-02,5.303401e-01,1.443861e-01,9.447832e-03,3.104420e-03,5.624056e-04,2.002599e-03,4.361454e-02,4.559306e-02,3.968210e-03,8.394143e-04,1.151575e-03,1.711713e-03,1.671858e-01
4.787759e-02,2.161962e-02,4.559727e-01,1.139424e-01,7.172576e-03,3.127692e-03,4.742820e-04,1.613006e-03,4.723275e-02,4.779793e-02,9.098125e-03,1.070703e-03,2.662319e-03,6.108355e-03,2.342299e-01
1.058840e-01,3.139719e-02,3.541629e-01,8.884804e-02,5.836258e-03,4.872002e-03,4.579605e-04,1.583238e-03,8.837791e-02,5.952723e-02,1.126601e-02,2.234595e-03,3.594875e-03,2.082089e-02,2.211369e-01
1.599702e-01,3.001419e-02,2.575950e-01,6.863362e-02,5.182529e-03,5.019137e-03,4.860295e-04,2.187140e-03,1.682666e-01,4.918621e-02,1.664854e-02,4.840094e-03,1.340417e-02,2.122497e-02,1.973416e-01
2.031758e-01,2.964436e-02,2.036996e-01,5.664333e-02,6.679072e-03,4.715588e-03,6.898527e-04,4.556014e-03,2.161073e-01,3.982313e-02,1.789265e-02,4.894828e-03,2.251934e-02,1.829905e-02,1.706600e-01
1.726419e-01,3.989068e-02,1.471955e-01,4.549125e-02,6.363413e-03,5.681865e-03,7.138358e-04,5.589645e-03,3.329415e-01,3.188165e-02,1.415063e-02,4.215957e-03,2.278353e-02,1.979738e-02,1.506612e-01
1.403674e-01,3.961818e-02,1.286340e-01,4.911353e-02,5.311274e-03,6.516468e-03,6.967619e-04,5.202387e-03,4.105937e-01,2.939988e-02,1.109502e-02,4.203667e-03,1.869742e-02,1.987725e-02,1.306729e-01
1.412116e-01,3.752660e-02,1.338330e-01,4.223790e-02,7.843358e-03,6.491412e-03,1.078314e-03,1.377632e-02,4.310549e-01,2.840283e-02,1.031478e-02,3.813623e-03,1.636181e-02,1.810440e-02,1.079491e-01
2.083477e-01,3.586750e-02,1.114872e-01,3.747948e-02,3.081433e-02,3.499985e-02,3.558167e-03,1.395911e-02,3.441492e-01,2.137217e-02,9.508977e-03,3.314654e-03,1.590299e-02,1.673232e-02,1.125064e-01
1.616704e-01,4.040688e-02,1.100418e-01,8.397546e-02,2.926266e-02,2.625524e-02,2.808030e-03,1.680500e-02,3.721035e-01,1.714976e-02,7.774231e-03,2.803749e-03,1.180204e-02,1.232844e-02,1.048128e-01
1.468498e-01,3.374374e-02,1.470640e-01,8.757788e-02,2.469142e-02,2.223664e-02,2.202397e-03,1.940523e-02,3.437078e-01,1.876621e-02,6.735565e-03,2.495301e-03,1.085523e-02,9.069445e-03,1.245994e-01
1.215397e-01,2.653534e-02,1.483127e-01,7.761362e-02,1.875530e-02,1.644869e-02,1.612109e-03,2.004535e-02,3.684042e-01,2.269569e-02,6.807037e-03,2.265464e-03,8.748082e-03,6.879323e-03,1.533374e-01
9.210666e-02,2.808737e-02,2.870112e-01,1.089769e-01,1.552936e-02,1.189824e-02,1.209930e-03,1.496613e-02,2.818651e-01,1.786086e-02,6.094286e-03,1.951450e-03,6.529165e-03,5.247482e-03,1.206657e-01
7.792826e-02,2.386734e-02,2.429893e-01,8.846805e-02,1.200091e-02,8.812523e-03,9.535402e-04,1.154567e-02,3.059451e-01,1.703265e-02,6.953483e-03,1.597940e-03,5.143435e-03,6.415179e-03,1.903465e-01
1.039986e-01,2.094370e-02,2.763229e-01,1.098897e-01,9.401531e-03,7.123038e-03,7.723987e-04,1.581272e-02,2.719827e-01,1.542727e-02,8.365421e-03,2.077645e-03,4.501071e-03,6.225341e-03,1.471559e-01
1.618775e-01,2.060309e-02,2.639693e-01,1.318540e-01,7.857720e-03,6.920863e-03,7.883782e-04,2.577850e-02,2.278985e-01,1.471243e-02,7.136661e-03,2.734307e-03,3.777951e-03,4.906134e-03,1.191846e-01
1.269841e-01,1.632714e-02,3.339809e-01,1.286818e-01,5.956412e-03,5.272562e-03,6.516329e-04,2.471783e-02,1.970763e-01,2.201583e-02,5.975232e-03,2.109689e-03,2.933496e-03,3.717151e-03,1.235999e-01
1.021283e-01,1.358392e-02,4.164971e-01,1.311684e-01,4.400272e-03,3.944275e-03,5.158974e-04,2.008043e-02,1.619860e-01,2.636548e-02,4.768938e-03,1.665625e-03,2.255526e-03,2.695259e-03,1.079445e-01
9.268324e-02,1.195826e-02,4.404271e-01,9.994936e-02,3.301967e-03,2.990578e-03,4.155209e-04,1.699522e-02,1.585847e-01,4.063182e-02,5.314949e-03,1.388888e-03,2.086456e-03,2.791536e-03,1.204805e-01
1.177111e-01,1.076533e-02,4.956859e-01,7.927530e-02,2.777884e-03,2.839323e-03,4.272548e-04,2.952623e-02,1.237431e-01,3.113834e-02,5.208717e-03,1.688458e-03,2.051657e-03,2.997542e-03,9.416388e-02
1.989027e-01,1.407775e-02,4.330400e-01,6.865251e-02,7.376344e-03,5.496247e-03,2.714529e-03,6.238408e-02,9.367109e-02,2.351429e-02,6.062085e-03,3.320333e-03,2.564228e-03,4.064640e-03,7.415918e-02
2.576947e-01,1.449676e-02,3.740083e-01,5.794821e-02,1.227228e-02,6.339202e-03,5.755039e-03,8.561073e-02,8.039980e-02,1.755853e-02,8.771490e-03,4.877761e-03,5.228706e-03,1.011206e-02,5.892640e-02
2.753467e-01,1.542610e-02,2.794035e-01,4.585491e-02,1.703899e-02,7.914725e-03,1.668267e-02,6.731660e-02,8.841516e-02,1.368875e-02,1.642934e-02,5.596341e-02,4.546555e-02,1.112727e-02,4.392637e-02
2.958408e-01,1.565097e-02,2.101252e-01,3.644735e-02,2.195394e-02,1.283238e-02,3.429579e-02,6.390849e-02,8.421262e-02,1.137607e-02,2.017965e-02,7.459773e-02,6.994860e-02,1.178274e-02,3.684782e-02
3.206691e-01,1.559377e-02,1.500028e-01,2.929007e-02,2.864530e-02,2.500703e-02,2.705750e-02,7.687422e-02,1.000664e-01,1.029100e-02,3.148441e-02,7.601012e-02,6.195160e-02,1.406122e-02,3.299551e-02
2.886494e-01,2.721382e-02,1.133299e-01,3.264851e-02,2.511073e-02,2.029846e-02,2.030930e-02,7.481930e-02,1.278231e-01,2.383149e-02,4.768678e-02,7.357177e-02,5.911189e-02,1.356046e-02,5.203521e-02
2.141396e-01,3.799451e-02,8.497217e-02,3.655476e-02,2.009277e-02,1.580686e-02,1.487661e-02,5.775923e-02,2.133336e-01,4.884793e-02,6.436856e-02,6.224449e-02,6.015823e-02,1.177415e-02,5.707663e-02
1.858305e-01,3.297583e-02,6.379424e-02,4.170148e-02,2.296313e-02,1.283261e-02,1.097194e-02,4.614578e-02,2.791609e-01,5.216434e-02,5.392476e-02,4.502138e-02,5.524690e-02,1.276223e-02,8.450404e-02
2.164909e-01,3.293329e-02,4.727927e-02,4.818471e-02,2.057539e-02,1.154358e-02,8.041401e-03,3.607976e-02,2.482997e-01,5.880213e-02,5.418210e-02,3.372098e-02,5.058478e-02,1.789923e-02,1.153829e-01
1.922947e-01,2.580691e-02,3.380722e-02,4.233127e-02,2.033792e-02,9.081511e-03,5.965361e-03,2.792911e-02,2.680877e-01,4.894045e-02,9.015951e-02,2.581940e-02,7.743309e-02,3.867972e-02,9.332622e-02
2.927719e-01,2.037025e-02,2.697670e-02,3.693434e-02,1.591134e-02,1.145723e-02,4.883184e-03,2.354161e-02,2.391961e-01,3.951716e-02,7.672410e-02,2.314125e-02,6.142174e-02,4.378230e-02,8.337083e-02
3.924255e-01,1.835368e-02,2.085769e-02,3.036535e-02,1.666145e-02,1.244975e-02,4.340096e-03,1.993515e-02,1.893033e-01,3.232940e-02,6.878754e-02,2.050929e-02,4.928364e-02,5.120358e-02,7.319467e-02
4.874078e-01,1.681092e-02,2.450238e-02,3.065066e-02,1.496941e-02,1.722877e-02,4.578530e-03,1.793060e-02,1.477240e-01,2.484602e-02,5.250979e-02,2.101499e-02,3.795208e-02,4.177331e-02,6.010073e-02
1.000000e+00,0.000000e+00,0.000000e+00,0.000000e+00,0.000000e+00,0.000000e+00,0.000000e+00,0.000000e+00,0.000000e+00,0.000000e+00,0.000000e+00,0.000000e+00,0.000000e+00,0.000000e+00,0.000000e+00
1.000000e+00,0.000000e+00,0.000000e+00,0.000000e+00,0.000000e+00,0.000000e+00,0.000000e+00,0.000000e+00,0.000000e+00,0.000000e+00,0.000000e+00,0.000000e+00,0.000000e+00,0.000000e+00,0.000000e+00
4.595199e-01,2.189160e-02,1.133929e-01,1.091118e-01,9.706327e-03,2.242395e-02,6.309707e-03,1.476014e-02,1.275674e-01,1.206927e-02,2.155430e-02,1.318134e-02,1.675898e-02,1.674974e-02,3.500277e-02
3.622658e-01,3.733564e-02,1.587274e-01,1.050893e-01,9.764459e-03,1.845182e-02,4.806036e-03,1.111419e-02,1.627477e-01,2.471164e-02,1.637056e-02,9.930152e-03,1.373391e-02,1.223910e-02,5.271235e-02
2.724559e-01,1.240211e-01,1.815489e-01,7.874968e-02,1.394174e-02,1.645054e-02,3.554596e-03,8.446278e-03,1.529446e-01,3.378022e-02,1.351942e-02,7.198089e-03,1.044998e-02,9.619255e-03,7.331973e-02
1.986051e-01,1.669719e-01,1.560955e-01,5.756207e-02,1.265098e-02,1.244133e-02,2.552333e-03,6.245558e-03,1.837989e-01,9.046054e-02,1.144235e-02,5.140862e-03,7.802576e-03,7.034089e-03,8.119588e-02
1.473957e-01,1.920280e-01,1.365256e-01,4.371294e-02,1.066761e-02,9.401598e-03,1.812127e-03,5.009296e-03,2.344994e-01,1.079641e-01,9.221707e-03,3.726311e-03,5.814221e-03,6.155453e-03,8.606606e-02
1.054585e-01,2.023566e-01,9.708058e-02,3.212447e-02,7.644889e-03,6.747529e-03,1.276817e-03,3.546044e-03,3.099590e-01,1.227612e-01,6.731964e-03,2.719400e-03,4.674223e-03,4.806092e-03,9.211276e-02
8.313620e-02,2.450609e-01,7.243868e-02,2.449621e-02,7.926404e-03,5.817960e-03,9.440681e-04,3.070171e-03,3.468118e-01,1.145614e-01,5.709663e-03,2.028720e-03,3.707250e-03,4.933663e-03,7.935689e-02
5.857172e-02,1.974303e-01,5.625534e-02,3.618541e-02,5.652481e-03,4.109139e-03,6.645176e-04,2.178608e-03,4.797312e-01,8.525003e-02,4.183362e-03,1.469862e-03,2.654133e-03,3.637974e-03,6.202597e-02
4.862491e-02,1.632457e-01,7.991274e-02,4.082868e-02,4.620856e-03,3.054864e-03,4.917128e-04,1.884476e-03,5.184412e-01,7.246001e-02,5.061284e-03,1.373775e-03,2.539631e-03,2.812601e-03,5.464756e-02
5.708290e-02,2.273175e-01,9.030905e-02,3.232119e-02,4.657674e-03,2.637362e-03,4.102207e-04,2.153186e-03,4.086496e-01,8.329593e-02,4.437905e-03,1.213514e-03,2.206509e-03,3.015125e-03,8.029236e-02
6.051756e-02,2.811856e-01,1.028792e-01,3.631049e-02,6.645526e-03,2.741667e-03,4.142911e-04,5.044902e-03,3.520014e-01,6.627834e-02,4.231285e-03,1.336939e-03,2.204384e-03,3.266907e-03,7.494145e-02
1.042642e-01,3.349664e-01,8.093938e-02,3.239352e-02,2.412592e-02,8.207859e-03,9.668644e-04,2.174244e-02,2.662847e-01,4.719223e-02,3.970860e-03,1.205771e-03,2.262726e-03,4.612863e-03,6.686431e-02
9.194693e-02,2.550714e-01,1.745911e-01,8.359310e-02,2.698390e-02,8.703884e-03,1.087410e-03,2.289474e-02,2.179913e-01,3.560837e-02,3.584553e-03,1.569670e-03,2.131521e-03,3.944402e-03,7.029782e-02
8.663777e-02,1.933238e-01,2.405379e-01,9.470356e-02,2.723383e-02,8.758166e-03,1.153872e-03,2.802325e-02,1.781596e-01,3.261339e-02,3.356958e-03,1.960408e-03,2.247571e-03,3.794625e-03,9.749540e-02
1.088049e-01,1.434967e-01,2.947241e-01,1.064763e-01,2.456675e-02,8.563835e-03,1.220335e-03,2.254959e-02,1.375051e-01,2.992195e-02,3.165392e-03,2.143692e-03,2.494459e-03,4.107594e-03,1.102594e-01
2.173102e-01,1.214170e-01,2.761576e-01,8.511481e-02,2.631699e-02,1.025514e-02,1.928115e-03,2.314546e-02,1.068746e-01,2.323325e-02,4.246679e-03,3.481563e-03,4.550137e-03,1.026942e-02,8.569910e-02
2.425729e-01,1.286187e-01,2.724178e-01,6.732164e-02,2.614664e-02,9.710537e-03,2.093654e-03,2.575992e-02,8.570218e-02,1.856947e-02,4.364479e-03,3.358036e-03,5.211234e-03,1.232679e-02,9.582601e-02
2.225637e-01,1.081446e-01,3.412471e-01,5.792287e-02,2.551624e-02,8.378685e-03,2.000767e-03,4.684205e-02,6.465189e-02,1.476845e-02,3.573541e-03,2.960796e-03,5.204266e-03,1.037204e-02,8.585306e-02
2.508401e-01,9.383022e-02,3.183104e-01,4.701927e-02,2.470340e-02,7.925643e-03,2.490285e-03,1.006117e-01,5.015083e-02,1.188602e-02,3.122422e-03,3.019871e-03,5.038405e-03,9.788346e-03,7.126310e-02
3.835179e-01,7.372017e-02,2.337455e-01,3.719845e-02,2.730352e-02,7.994140e-03,3.016091e-03,1.024589e-01,4.869641e-02,1.021151e-02,3.005926e-03,3.680708e-03,5.824413e-03,7.774093e-03,5.185229e-02
4.915994e-01,5.773265e-02,1.706086e-01,2.792457e-02,3.578232e-02,9.376442e-03,2.989342e-03,8.657442e-02,4.599252e-02,1.051947e-02,3.463772e-03,4.483225e-03,7.924112e-03,6.870099e-03,3.815906e-02
1.000000e+00,0.000000e+00,0.000000e+00,0.000000e+00,0.000000e+00,0.000000e+00,0.000000e+00,0.000000e+00,0.000000e+00,0.000000e+00,0.000000e+00,0.000000e+00,0.000000e+00,0.000000e+00,0.000000e+00
1.000000e+00,0.000000e+00,0.000000e+00,0.000000e+00,0.000000e+00,0.000000e+00,0.000000e+00,0.000000e+00,0.000000e+00,0.000000e+00,0.000000e+00,0.000000e+00,0.000000e+00,0.000000e+00,0.000000e+00
1.000000e+00,0.000000e+00,0.000000e+00,0.000000e+00,0.000000e+00,0.000000e+00,0.000000e+00,0.000000e+00,0.000000e+00,0.000000e+00,0.000000e+00,0.000000e+00,0.000000e+00,0.000000e+00,0.000000e+00
1.000000e+00,0.000000e+00,0.000000e+00,0.000000e+00,0.000000e+00,0.000000e+00,0.000000e+00,0.000000e+00,0.000000e+00,0.000000e+00,0.000000e+00,0.000000e+00,0.000000e+00,0.000000e+00,0.000000e+00
1.000000e+00,0.000000e+00,0.000000e+00,0.000000e+00,0.000000e+00,0.000000e+00,0.000000e+00,0.000000e+00,0.000000e+00,0.000000e+00,0.000000e+00,0.000000e+00,0.000000e+00,0.000000e+00,0.000000e+00
1.000000e+00,0.000000e+00,0.000000e+00,0.000000e+00,0.000000e+00,0.000000e+00,0.000000e+00,0.000000e+00,0.000000e+00,0.000000e+00,0.000000e+00,0.000000e+00,0.000000e+00,0.000000e+00,0.000000e+00
1.000000e+00,0.000000e+00,0.000000e+00,0.000000e+00,0.000000e+00,0.000000e+00,0.000000e+00,0.000000e+00,0.000000e+00,0.000000e+00,0.000000e+00,0.000000e+00,0.000000e+00,0.000000e+00,0.000000e+00
1.000000e+00,0.000000e+00,0.000000e+00,0.000000e+00,0.000000e+00,0.000000e+00,0.000000e+00,0.000000e+00,0.000000e+00,0.000000e+00,0.000000e+00,0.000000e+00,0.000000e+00,0.000000e+00,0.000000e+00
1.000000e+00,0.000000e+00,0.000000e+00,0.000000e+00,0.000000e+00,0.000000e+00,0.000000e+00,0.000000e+00,0.000000e+00,0.000000e+00,0.000000e+00,0.000000e+00,0.000000e+00,0.000000e+00,0.000000e+00
1.000000e+00,0.000000e+00,0.000000e+00,0.000000e+00,0.000000e+00,0.000000e+00,0.000000e+00,0.000000e+00,0.000000e+00,0.000000e+00,0.000000e+00,0.000000e+00,0.000000e+00,0.000000e+00,0.000000e+00
1.000000e+00,0.000000e+00,0.000000e+00,0.000000e+00,0.000000e+00,0.000000e+00,0.000000e+00,0.000000e+00,0.000000e+00,0.000000e+00,0.000000e+00,0.000000e+00,0.000000e+00,0.000000e+00,0.000000e+00
4.692356e-01,1.610024e-02,2.507472e-02,6.450124e-02,6.426779e-03,1.105305e-02,2.707107e-03,4.399160e-02,8.832981e-02,2.685717e-02,9.215070e-03,2.303431e-02,8.505428e-03,4.958060e-03,2.000098e-01
3.425079e-01,1.223245e-02,1.944724e-02,4.825397e-02,4.609365e-03,8.148284e-03,1.951734e-03,3.097614e-02,8.189364e-02,1.184612e-01,6.922697e-03,1.663045e-02,6.688228e-03,4.152068e-03,2.971246e-01
2.579628e-01,1.036587e-02,1.575108e-02,3.540462e-02,3.340018e-03,5.927337e-03,1.399730e-03,2.212228e-02,9.913073e-02,2.648319e-01,6.009922e-03,1.196391e-02,6.865693e-03,3.934766e-03,2.549894e-01
1.887209e-01,9.240368e-03,1.257017e-02,2.831791e-02,2.484694e-03,4.358912e-03,1.005572e-03,1.584611e-02,2.691741e-01,2.146905e-01,6.116624e-03,8.915562e-03,6.817490e-03,5.091800e-03,2.266493e-01
1.389844e-01,8.255855e-03,2.039018e-02,2.580165e-02,1.845411e-03,3.622451e-03,7.283283e-04,1.149385e-02,2.917916e-01,2.741361e-01,6.158899e-03,6.554046e-03,7.377843e-03,6.289067e-03,1.965703e-01
1.158069e-01,9.001740e-03,1.549193e-02,2.006852e-02,2.010522e-03,3.242098e-03,5.831464e-04,8.350660e-03,2.809798e-01,3.263922e-01,1.324643e-02,6.526484e-03,1.123315e-02,1.437525e-02,1.726912e-01
1.114470e-01,9.295105e-03,1.199102e-02,1.855356e-02,3.028729e-03,7.204152e-03,6.121679e-04,6.405904e-03,2.956772e-01,2.803000e-01,4.598041e-02,8.554108e-03,2.777419e-02,2.338446e-02,1.497921e-01
8.374730e-02,1.091727e-02,1.722608e-02,3.946986e-02,4.809938e-03,5.754048e-03,5.264437e-04,5.254711e-03,4.377310e-01,2.001599e-01,3.536456e-02,6.681440e-03,2.544916e-02,1.711750e-02,1.097909e-01
9.911785e-02,8.785690e-03,1.314803e-02,3.420736e-02,4.962522e-03,8.845969e-03,8.519500e-04,9.322617e-03,3.475651e-01,1.418974e-01,9.938455e-02,1.200503e-02,6.437778e-02,1.567049e-02,1.398576e-01
9.481618e-02,8.508503e-03,1.211094e-02,6.775290e-02,6.841788e-03,8.450438e-03,1.255783e-03,2.795806e-02,3.703454e-01,1.008476e-01,9.748006e-02,1.578280e-02,6.296328e-02,1.234252e-02,1.125439e-01
8.396234e-02,9.998100e-03,2.508724e-02,1.875343e-01,7.580936e-03,6.920765e-03,1.418099e-03,4.676901e-02,3.160326e-01,7.142057e-02,7.650884e-02,1.516265e-02,5.321775e-02,9.349842e-03,8.903708e-02
7.576294e-02,9.613408e-03,2.258619e-02,2.391338e-01,1.056334e-02,1.184386e-02,2.609907e-03,3.383257e-02,3.353097e-01,5.024817e-02,6.134841e-02,1.187957e-02,6.332837e-02,6.650814e-03,6.528896e-02
1.651167e-01,1.071582e-02,1.694636e-02,1.881917e-01,1.478975e-02,1.596934e-02,2.649209e-03,2.442819e-02,2.742046e-01,3.726216e-02,4.713617e-02,1.614458e-02,8.987972e-02,6.655290e-03,8.991048e-02
1.745657e-01,8.977280e-03,1.326601e-02,1.363033e-01,1.605327e-02,1.399195e-02,2.893668e-03,1.944482e-02,2.743731e-01,2.834975e-02,4.896916e-02,1.587937e-02,1.333987e-01,1.523478e-02,9.829913e-02
1.625103e-01,7.308475e-03,9.970524e-03,9.877586e-02,1.523683e-02,1.186182e-02,2.403419e-03,1.475655e-02,2.740219e-01,2.450171e-02,5.870145e-02,1.625690e-02,1.600634e-01,3.121981e-02,1.124111e-01
1.249367e-01,6.192105e-03,1.795972e-02,7.982878e-02,1.205088e-02,9.454215e-03,1.836236e-03,1.212345e-02,4.259596e-01,2.094567e-02,4.695660e-02,1.255301e-02,1.212324e-01,2.492193e-02,8.304869e-02
1.279506e-01,7.177214e-03,1.493294e-02,5.914970e-02,1.139686e-02,8.294526e-03,1.578032e-03,9.968095e-03,3.496885e-01,1.851546e-02,4.116166e-02,1.018666e-02,1.087329e-01,3.355335e-02,1.977135e-01
2.075683e-01,7.539996e-03,1.151432e-02,4.405719e-02,1.556546e-02,1.008272e-02,1.990682e-03,9.318983e-03,2.639755e-01,1.480561e-02,3.519259e-02,1.157587e-02,1.512513e-01,3.373739e-02,1.818240e-01
2.088964e-01,1.059380e-02,2.263715e-02,4.203448e-02,1.999730e-02,1.300070e-02,2.724063e-03,1.880755e-02,2.474369e-01,1.404206e-02,3.127347e-02,1.113562e-02,1.526668e-01,3.089703e-02,1.738568e-01
2.348947e-01,1.027859e-02,1.655028e-02,3.501189e-02,3.190142e-02,1.749621e-02,2.492025e-03,1.563325e-02,1.952452e-01,1.019064e-02,2.512795e-02,1.697118e-02,2.297790e-01,2.261053e-02,1.358172e-01
2.243808e-01,1.588893e-02,3.474019e-02,5.092981e-02,3.249612e-02,1.979202e-02,2.603629e-03,2.027349e-02,1.992037e-01,7.679832e-03,1.871145e-02,1.329042e-02,2.451119e-01,1.629746e-02,9.860036e-02
1.989554e-01,1.456974e-02,3.565022e-02,4.467203e-02,3.324182e-02,1.710002e-02,3.194775e-03,1.829437e-02,2.038369e-01,7.027701e-03,1.559737e-02,1.112795e-02,3.069116e-01,1.190351e-02,7.791668e-02
1.741993e-01,1.186692e-02,2.674393e-02,3.317377e-02,2.742137e-02,1.350481e-02,2.655709e-03,1.535235e-02,1.499143e-01,5.154259e-03,1.218386e-02,1.071760e-02,4.505973e-01,8.492318e-03,5.802219e-02
1.691493e-01,1.085526e-02,2.668079e-02,3.163464e-02,2.324203e-02,1.269797e-02,2.388767e-03,1.665337e-02,1.236314e-01,4.180131e-03,9.994120e-03,1.282140e-02,5.049664e-01,6.722696e-03,4.438176e-02
1.580319e-01,1.128692e-02,2.055151e-02,2.742765e-02,1.904314e-02,1.144112e-02,2.176321e-03,1.567203e-02,9.695581e-02,3.463112e-03,8.854320e-03,1.281278e-02,5.707623e-01,5.221526e-03,3.629967e-02
1.735991e-01,8.965957e-03,1.633586e-02,2.184768e-02,1.598132e-02,1.102035e-02,2.137745e-03,1.738197e-02,7.181944e-02,2.851788e-03,7.242148e-03,1.373561e-02,6.057113e-01,3.909712e-03,2.746008e-02
2.096350e-01,9.614926e-03,1.302886e-02,1.815555e-02,1.386627e-02,9.941594e-03,1.805876e-03,1.362182e-02,5.540730e-02,2.310851e-03,5.677762e-03,1.241276e-02,6.093100e-01,3.147716e-03,2.206371e-02
2.323853e-01,8.311008e-03,4.476933e-02,1.689851e-02,1.617020e-02,9.159865e-03,2.774303e-03,5.268824e-02,4.192494e-02,2.281052e-03,4.690091e-03,1.188318e-02,5.365351e-01,2.769455e-03,1.675950e-02
2.133487e-01,7.649878e-03,1.239971e-01,1.654318e-02,1.978279e-02,9.358895e-03,4.408041e-03,6.961471e-02,3.336911e-02,2.256286e-03,3.617318e-03,9.065595e-03,4.714246e-01,2.153037e-03,1.341090e-02
1.720023e-01,7.136854e-03,1.683672e-01,1.329262e-02,1.900549e-02,8.340112e-03,9.649159e-03,1.622594e-01,2.552613e-02,1.954558e-03,2.707598e-03,7.020841e-03,3.894364e-01,1.728128e-03,1.157324e-02
1.425325e-01,7.280488e-03,2.966563e-01,1.014480e-02,1.762133e-02,7.319128e-03,1.105333e-02,1.578366e-01,2.203426e-02,1.738436e-03,2.095360e-03,5.448453e-03,3.055204e-01,1.541228e-03,1.117733e-02
1.563838e-01,1.490980e-02,2.844598e-01,8.336904e-03,2.472309e-02,1.259387e-02,1.437690e-02,1.548873e-01,2.423596e-02,1.568445e-03,1.864693e-03,6.048911e-03,2.838153e-01,1.744938e-03,1.005022e-02
1.434421e-01,2.292901e-02,2.497993e-01,6.774526e-03,2.578951e-02,1.611211e-02,1.400129e-02,1.771397e-01,2.808395e-02,1.491482e-03,1.845367e-03,6.976929e-03,2.948848e-01,1.659533e-03,9.070466e-03
1.253598e-01,3.047488e-02,1.981004e-01,5.592690e-03,2.687594e-02,2.519597e-02,1.429051e-02,1.906257e-01,4.078598e-02,1.766982e-03,1.822579e-03,8.660411e-03,3.199870e-01,1.670533e-03,8.790529e-03
1.176248e-01,4.062736e-02,1.554821e-01,5.305273e-03,3.071554e-02,3.295426e-02,1.375305e-02,2.071524e-01,5.420085e-02,2.946758e-03,2.008632e-03,1.048164e-02,3.125721e-01,1.894977e-03,1.228028e-02
1.280371e-01,4.050888e-02,1.154025e-01,5.493429e-03,3.130249e-02,3.973714e-02,1.164954e-02,1.770957e-01,8.477798e-02,3.566579e-03,2.242824e-03,9.414510e-03,3.155176e-01,2.146678e-03,3.310719e-02
1.722588e-01,3.727449e-02,8.975035e-02,4.796856e-03,3.406928e-02,3.774358e-02,9.836202e-03,1.452206e-01,8.161733e-02,3.241172e-03,2.132198e-03,9.290824e-03,3.140074e-01,2.377078e-03,5.638382e-02
2.535767e-01,3.030413e-02,6.725624e-02,4.545852e-03,4.071454e-02,3.427108e-02,8.863454e-03,1.161888e-01,7.625487e-02,3.529558e-03,2.345812e-03,8.667460e-03,2.727067e-01,2.867255e-03,7.790762e-02
3.816677e-01,2.437001e-02,4.830607e-02,5.563377e-03,3.549169e-02,3.105972e-02,8.390252e-03,8.584583e-02,7.364354e-02,6.991704e-03,3.957945e-03,1.215223e-02,2.110483e-01,3.169865e-03,6.834181e-02
4.977240e-01,2.176193e-02,3.550595e-02,7.644290e-03,3.081115e-02,2.701380e-02,7.711866e-03,6.181638e-02,6.655923e-02,7.832142e-03,5.367228e-03,1.498704e-02,1.575065e-01,3.252407e-03,5.450605e-02
1.000000e+00,0.000000e+00,0.000000e+00,0.000000e+00,0.000000e+00,0.000000e+00,0.000000e+00,0.000000e+00,0.000000e+00,0.000000e+00,0.000000e+00,0.000000e+00,0.000000e+00,0.000000e+00,0.000000e+00
1.000000e+00,0.000000e+00,0.000000e+00,0.000000e+00,0.000000e+00,0.000000e+00,0.000000e+00,0.000000e+00,0.000000e+00,0.000000e+00,0.000000e+00,0.000000e+00,0.000000e+00,0.000000e+00,0.000000e+00
