1.000000e+00,0.000000e+00,0.000000e+00,0.000000e+00,0.000000e+00,0.000000e+00,0.000000e+00,0.000000e+00,0.000000e+00,0.000000e+00,0.000000e+00,0.000000e+00,0.000000e+00,0.000000e+00,0.000000e+00
1.000000e+00,0.000000e+00,0.000000e+00,0.000000e+00,0.000000e+00,0.000000e+00,0.000000e+00,0.000000e+00,0.000000e+00,0.000000e+00,0.000000e+00,0.000000e+00,0.000000e+00,0.000000e+00,0.000000e+00
1.000000e+00,0.000000e+00,0.000000e+00,0.000000e+00,0.000000e+00,0.000000e+00,0.000000e+00,0.000000e+00,0.000000e+00,0.000000e+00,0.000000e+00,0.000000e+00,0.000000e+00,0.000000e+00,0.000000e+00
1.000000e+00,0.000000e+00,0.000000e+00,0.000000e+00,0.000000e+00,0.000000e+00,0.000000e+00,0.000000e+00,0.000000e+00,0.000000e+00,0.000000e+00,0.000000e+00,0.000000e+00,0.000000e+00,0.000000e+00
1.000000e+00,0.000000e+00,0.000000e+00,0.000000e+00,0.000000e+00,0.000000e+00,0.000000e+00,0.000000e+00,0.000000e+00,0.000000e+00,0.000000e+00,0.000000e+00,0.000000e+00,0.000000e+00,0.000000e+00
1.000000e+00,0.000000e+00,0.000000e+00,0.000000e+00,0.000000e+00,0.000000e+00,0.000000e+00,0.000000e+00,0.000000e+00,0.000000e+00,0.000000e+00,0.000000e+00,0.000000e+00,0.000000e+00,0.000000e+00
1.000000e+00,0.000000e+00,0.000000e+00,0.000000e+00,0.000000e+00,0.000000e+00,0.000000e+00,0.000000e+00,0.000000e+00,0.000000e+00,0.000000e+00,0.000000e+00,0.000000e+00,0.000000e+00,0.000000e+00
1.000000e+00,0.000000e+00,0.000000e+00,0.000000e+00,0.000000e+00,0.000000e+00,0.000000e+00,0.000000e+00,0.000000e+00,0.000000e+00,0.000000e+00,0.000000e+00,0.000000e+00,0.000000e+00,0.000000e+00
1.000000e+00,0.000000e+00,0.000000e+00,0.000000e+00,0.000000e+00,0.000000e+00,0.000000e+00,0.000000e+00,0.000000e+00,0.000000e+00,0.000000e+00,0.000000e+00,0.000000e+00,0.000000e+00,0.000000e+00
1.000000e+00,0.000000e+00,0.000000e+00,0.000000e+00,0.000000e+00,0.000000e+00,0.000000e+00,0.000000e+00,0.000000e+00,0.000000e+00,0.000000e+00,0.000000e+00,0.000000e+00,0.000000e+00,0.000000e+00
1.000000e+00,0.000000e+00,0.000000e+00,0.000000e+00,0.000000e+00,0.000000e+00,0.000000e+00,0.000000e+00,0.000000e+00,0.000000e+00,0.000000e+00,0.000000e+00,0.000000e+00,0.000000e+00,0.000000e+00
1.000000e+00,0.000000e+00,0.000000e+00,0.000000e+00,0.000000e+00,0.000000e+00,0.000000e+00,0.000000e+00,0.000000e+00,0.000000e+00,0.000000e+00,0.000000e+00,0.000000e+00,0.000000e+00,0.000000e+00
1.000000e+00,0.000000e+00,0.000000e+00,0.000000e+00,0.000000e+00,0.000000e+00,0.000000e+00,0.000000e+00,0.000000e+00,0.000000e+00,0.000000e+00,0.000000e+00,0.000000e+00,0.000000e+00,0.000000e+00
1.000000e+00,0.000000e+00,0.000000e+00,0.000000e+00,0.000000e+00,0.000000e+00,0.000000e+00,0.000000e+00,0.000000e+00,0.000000e+00,0.000000e+00,0.000000e+00,0.000000e+00,0.000000e+00,0.000000e+00
1.000000e+00,0.000000e+00,0.000000e+00,0.000000e+00,0.000000e+00,0.000000e+00,0.000000e+00,0.000000e+00,0.000000e+00,0.000000e+00,0.000000e+00,0.000000e+00,0.000000e+00,0.000000e+00,0.000000e+00
1.000000e+00,0.000000e+00,0.000000e+00,0.000000e+00,0.000000e+00,0.000000e+00,0.000000e+00,0.000000e+00,0.000000e+00,0.000000e+00,0.000000e+00,0.000000e+00,0.000000e+00,0.000000e+00,0.000000e+00
1.000000e+00,0.000000e+00,0.000000e+00,0.000000e+00,0.000000e+00,0.000000e+00,0.000000e+00,0.000000e+00,0.000000e+00,0.000000e+00,0.000000e+00,0.000000e+00,0.000000e+00,0.000000e+00,0.000000e+00
1.000000e+00,0.000000e+00,0.000000e+00,0.000000e+00,0.000000e+00,0.000000e+00,0.000000e+00,0.000000e+00,0.000000e+00,0.000000e+00,0.000000e+00,0.000000e+00,0.000000e+00,0.000000e+00,0.000000e+00
1.000000e+00,0.000000e+00,0.000000e+00,0.000000e+00,0.000000e+00,0.000000e+00,0.000000e+00,0.000000e+00,0.000000e+00,0.000000e+00,0.000000e+00,0.000000e+00,0.000000e+00,0.000000e+00,0.000000e+00
1.000000e+00,0.000000e+00,0.000000e+00,0.000000e+00,0.000000e+00,0.000000e+00,0.000000e+00,0.000000e+00,0.000000e+00,0.000000e+00,0.000000e+00,0.000000e+00,0.000000e+00,0.000000e+00,0.000000e+00
1.000000e+00,0.000000e+00,0.000000e+00,0.000000e+00,0.000000e+00,0.000000e+00,0.000000e+00,0.000000e+00,0.000000e+00,0.000000e+00,0.000000e+00,0.000000e+00,0.000000e+00,0.000000e+00,0.000000e+00
1.000000e+00,0.000000e+00,0.000000e+00,0.000000e+00,0.000000e+00,0.000000e+00,0.000000e+00,0.000000e+00,0.000000e+00,0.000000e+00,0.000000e+00,0.000000e+00,0.000000e+00,0.000000e+00,0.000000e+00
1.000000e+00,0.000000e+00,0.000000e+00,0.000000e+00,0.000000e+00,0.000000e+00,0.000000e+00,0.000000e+00,0.000000e+00,0.000000e+00,0.000000e+00,0.000000e+00,0.000000e+00,0.000000e+00,0.000000e+00
1.000000e+00,0.000000e+00,0.000000e+00,0.000000e+00,0.000000e+00,0.000000e+00,0.000000e+00,0.000000e+00,0.000000e+00,0.000000e+00,0.000000e+00,0.000000e+00,0.000000e+00,0.000000e+00,0.000000e+00
1.000000e+00,0.000000e+00,0.000000e+00,0.000000e+00,0.000000e+00,0.000000e+00,0.000000e+00,0.000000e+00,0.000000e+00,0.000000e+00,0.000000e+00,0.000000e+00,0.000000e+00,0.000000e+00,0.000000e+00
1.000000e+00,0.000000e+00,0.000000e+00,0.000000e+00,0.000000e+00,0.000000e+00,0.000000e+00,0.000000e+00,0.000000e+00,0.000000e+00,0.000000e+00,0.000000e+00,0.000000e+00,0.000000e+00,0.000000e+00
1.000000e+00,0.000000e+00,0.000000e+00,0.000000e+00,0.000000e+00,0.000000e+00,0.000000e+00,0.000000e+00,0.000000e+00,0.000000e+00,0.000000e+00,0.000000e+00,0.000000e+00,0.000000e+00,0.000000e+00
1.000000e+00,0.000000e+00,0.000000e+00,0.000000e+00,0.000000e+00,0.000000e+00,0.000000e+00,0.000000e+00,0.000000e+00,0.000000e+00,0.000000e+00,0.000000e+00,0.000000e+00,0.000000e+00,0.000000e+00
1.000000e+00,0.000000e+00,0.000000e+00,0.000000e+00,0.000000e+00,0.000000e+00,0.000000e+00,0.000000e+00,0.000000e+00,0.000000e+00,0.000000e+00,0.000000e+00,0.000000e+00,0.000000e+00,0.000000e+00
1.000000e+00,0.000000e+00,0.000000e+00,0.000000e+00,0.000000e+00,0.000000e+00,0.000000e+00,0.000000e+00,0.000000e+00,0.000000e+00,0.000000e+00,0.000000e+00,0.000000e+00,0.000000e+00,0.000000e+00
1.000000e+00,0.000000e+00,0.000000e+00,0.000000e+00,0.000000e+00,0.000000e+00,0.000000e+00,0.000000e+00,0.000000e+00,0.000000e+00,0.000000e+00,0.000000e+00,0.000000e+00,0.000000e+00,0.000000e+00
1.000000e+00,0.000000e+00,0.000000e+00,0.000000e+00,0.000000e+00,0.000000e+00,0.000000e+00,0.000000e+00,0.000000e+00,0.000000e+00,0.000000e+00,0.000000e+00,0.000000e+00,0.000000e+00,0.000000e+00
1.000000e+00,0.000000e+00,0.000000e+00,0.000000e+00,0.000000e+00,0.000000e+00,0.000000e+00,0.000000e+00,0.000000e+00,0.000000e+00,0.000000e+00,0.000000e+00,0.000000e+00,0.000000e+00,0.000000e+00
1.000000e+00,0.000000e+00,0.000000e+00,0.000000e+00,0.000000e+00,0.000000e+00,0.000000e+00,0.000000e+00,0.000000e+00,0.000000e+00,0.000000e+00,0.000000e+00,0.000000e+00,0.000000e+00,0.000000e+00
1.000000e+00,0.000000e+00,0.000000e+00,0.000000e+00,0.000000e+00,0.000000e+00,0.000000e+00,0.000000e+00,0.000000e+00,0.000000e+00,0.000000e+00,0.000000e+00,0.000000e+00,0.000000e+00,0.000000e+00
1.000000e+00,0.000000e+00,0.000000e+00,0.000000e+00,0.000000e+00,0.000000e+00,0.000000e+00,0.000000e+00,0.000000e+00,0.000000e+00,0.000000e+00,0.000000e+00,0.000000e+00,0.000000e+00,0.000000e+00
1.000000e+00,0.000000e+00,0.000000e+00,0.000000e+00,0.000000e+00,0.000000e+00,0.000000e+00,0.000000e+00,0.000000e+00,0.000000e+00,0.000000e+00,0.000000e+00,0.000000e+00,0.000000e+00,0.000000e+00
1.000000e+00,0.000000e+00,0.000000e+00,0.000000e+00,0.000000e+00,0.000000e+00,0.000000e+00,0.000000e+00,0.000000e+00,0.000000e+00,0.000000e+00,0.000000e+00,0.000000e+00,0.000000e+00,0.000000e+00
1.000000e+00,0.000000e+00,0.000000e+00,0.000000e+00,0.000000e+00,0.000000e+00,0.000000e+00,0.000000e+00,0.000000e+00,0.000000e+00,0.000000e+00,0.000000e+00,0.000000e+00,0.000000e+00,0.000000e+00
1.000000e+00,0.000000e+00,0.000000e+00,0.000000e+00,0.000000e+00,0.000000e+00,0.000000e+00,0.000000e+00,0.000000e+00,0.000000e+00,0.000000e+00,0.000000e+00,0.000000e+00,0.000000e+00,0.000000e+00
1.000000e+00,0.000000e+00,0.000000e+00,0.000000e+00,0.000000e+00,0.000000e+00,0.000000e+00,0.000000e+00,0.000000e+00,0.000000e+00,0.000000e+00,0.000000e+00,0.000000e+00,0.000000e+00,0.000000e+00
1.000000e+00,0.000000e+00,0.000000e+00,0.000000e+00,0.000000e+00,0.000000e+00,0.000000e+00,0.000000e+00,0.000000e+00,0.000000e+00,0.000000e+00,0.000000e+00,0.000000e+00,0.000000e+00,0.000000e+00
1.000000e+00,0.000000e+00,0.000000e+00,0.000000e+00,0.000000e+00,0.000000e+00,0.000000e+00,0.000000e+00,0.000000e+00,0.000000e+00,0.000000e+00,0.000000e+00,0.000000e+00,0.000000e+00,0.000000e+00
1.000000e+00,0.000000e+00,0.000000e+00,0.000000e+00,0.000000e+00,0.000000e+00,0.000000e+00,0.000000e+00,0.000000e+00,0.000000e+00,0.000000e+00,0.000000e+00,0.000000e+00,0.000000e+00,0.000000e+00
1.000000e+00,0.000000e+00,0.000000e+00,0.000000e+00,0.000000e+00,0.000000e+00,0.000000e+00,0.000000e+00,0.000000e+00,0.000000e+00,0.000000e+00,0.000000e+00,0.000000e+00,0.000000e+00,0.000000e+00
1.000000e+00,0.000000e+00,0.000000e+00,0.000000e+00,0.000000e+00,0.000000e+00,0.000000e+00,0.000000e+00,0.000000e+00,0.000000e+00,0.000000e+00,0.000000e+00,0.000000e+00,0.000000e+00,0.000000e+00
1.000000e+00,0.000000e+00,0.000000e+00,0.000000e+00,0.000000e+00,0.000000e+00,0.000000e+00,0.000000e+00,0.000000e+00,0.000000e+00,0.000000e+00,0.000000e+00,0.000000e+00,0.000000e+00,0.000000e+00
1.000000e+00,0.000000e+00,0.000000e+00,0.000000e+00,0.000000e+00,0.000000e+00,0.000000e+00,0.000000e+00,0.000000e+00,0.000000e+00,0.000000e+00,0.000000e+00,0.000000e+00,0.000000e+00,0.000000e+00
1.000000e+00,0.000000e+00,0.000000e+00,0.000000e+00,0.000000e+00,0.000000e+00,0.000000e+00,0.000000e+00,0.000000e+00,0.000000e+00,0.000000e+00,0.000000e+00,0.000000e+00,0.000000e+00,0.000000e+00
1.000000e+00,0.000000e+00,0.000000e+00,0.000000e+00,0.000000e+00,0.000000e+00,0.000000e+00,0.000000e+00,0.000000e+00,0.000000e+00,0.000000e+00,0.000000e+00,0.000000e+00,0.000000e+00,0.000000e+00
4.802961e-01,3.150593e-02,2.305570e-02,1.749266e-01,2.446093e-02,3.441685e-02,1.273302e-02,6.357607e-02,1.872691e-02,1.318706e-03,1.681350e-02,7.650084e-02,2.338661e-02,2.136497e-03,1.614570e-02
4.297270e-01,4.165576e-02,2.647868e-02,1.948209e-01,2.986293e-02,3.647090e-02,1.321299e-02,5.569645e-02,2.373390e-02,1.726651e-03,2.085314e-02,7.784891e-02,2.432280e-02,2.553860e-03,2.103519e-02
4.059608e-01,5.448146e-02,2.471710e-02,1.957960e-01,3.360302e-02,3.629131e-02,1.363947e-02,4.563016e-02,2.793542e-02,2.839996e-03,2.212965e-02,7.540376e-02,2.790851e-02,3.573087e-03,3.009024e-02
3.968118e-01,6.512549e-02,2.243679e-02,1.904537e-01,3.417475e-02,3.722984e-02,1.303598e-02,3.642641e-02,2.806710e-02,3.635563e-03,2.134453e-02,7.166015e-02,3.289442e-02,5.141411e-03,4.156210e-02
3.593802e-01,6.785255e-02,2.709976e-02,1.960753e-01,3.156108e-02,3.761644e-02,1.116274e-02,3.430609e-02,3.051095e-02,4.068809e-03,3.387228e-02,7.723899e-02,3.293085e-02,9.143434e-03,4.718056e-02
3.987578e-01,6.878071e-02,2.393838e-02,1.717783e-01,2.884351e-02,3.719710e-02,1.028075e-02,2.750790e-02,2.775334e-02,4.274487e-03,3.446258e-02,7.194244e-02,3.302623e-02,1.153012e-02,4.992636e-02
3.991776e-01,6.618661e-02,3.064986e-02,1.596453e-01,2.628366e-02,3.775536e-02,1.005455e-02,2.737489e-02,2.773447e-02,4.523193e-03,3.517774e-02,7.386161e-02,3.512218e-02,1.166699e-02,5.478597e-02
4.964342e-01,5.340517e-02,2.406822e-02,1.255544e-01,2.141766e-02,3.364201e-02,9.020112e-03,2.181173e-02,2.263245e-02,3.782443e-03,2.969664e-02,6.859396e-02,3.494530e-02,1.015555e-02,4.484011e-02
1.000000e+00,0.000000e+00,0.000000e+00,0.000000e+00,0.000000e+00,0.000000e+00,0.000000e+00,0.000000e+00,0.000000e+00,0.000000e+00,0.000000e+00,0.000000e+00,0.000000e+00,0.000000e+00,0.000000e+00
4.531998e-01,3.161498e-02,3.053910e-02,9.261102e-02,1.392292e-02,2.706699e-02,8.234623e-03,1.736909e-01,1.423826e-02,2.298699e-03,2.671169e-02,6.617770e-02,2.622454e-02,7.033926e-03,2.643478e-02
3.222164e-01,2.224014e-02,2.375830e-02,6.745481e-02,1.001408e-02,1.985287e-02,6.266057e-03,4.058799e-01,1.012664e-02,1.629870e-03,1.974616e-02,4.796667e-02,1.905097e-02,5.080057e-03,1.871709e-02
2.290806e-01,1.560354e-02,1.769124e-02,4.840289e-02,7.142405e-03,1.425561e-02,4.704574e-03,5.762943e-01,7.152331e-03,1.148431e-03,1.422708e-02,3.389635e-02,1.361207e-02,3.617817e-03,1.317068e-02
1.654978e-01,1.096135e-02,1.274811e-02,3.433798e-02,5.060411e-03,1.023743e-02,3.663553e-03,6.959277e-01,5.044380e-03,8.125645e-04,1.023284e-02,2.385452e-02,9.694114e-03,2.642450e-03,9.284741e-03
1.169730e-01,7.696232e-03,9.114892e-03,2.426056e-02,3.580563e-03,7.262998e-03,2.802085e-03,7.849683e-01,3.542872e-03,5.713674e-04,7.231290e-03,1.672250e-02,6.836295e-03,1.921457e-03,6.515495e-03
8.232871e-02,5.401386e-03,6.561081e-03,1.714572e-02,2.557001e-03,5.172788e-03,2.164079e-03,8.481514e-01,2.487285e-03,4.017246e-04,5.119034e-03,1.172270e-02,4.810471e-03,1.408824e-03,4.567645e-03
5.789123e-02,3.791962e-03,4.648840e-03,1.208462e-02,2.058832e-03,3.662258e-03,1.640396e-03,8.927354e-01,1.759902e-03,2.825373e-04,3.617247e-03,8.218185e-03,3.401942e-03,1.005038e-03,3.201543e-03
4.072540e-02,2.662220e-03,3.294444e-03,8.525557e-03,1.758420e-03,2.597385e-03,1.236907e-03,9.240354e-01,1.256686e-03,1.998842e-04,2.557114e-03,5.767080e-03,2.423984e-03,7.136941e-04,2.245792e-03
3.009766e-02,1.892711e-03,2.355519e-03,6.114286e-03,2.886560e-03,1.963456e-03,9.156484e-04,9.427671e-01,9.271344e-04,1.575558e-04,1.846207e-03,4.124776e-03,1.864630e-03,5.027071e-04,1.583971e-03
2.279680e-02,1.353104e-03,1.689742e-03,4.421201e-03,3.740521e-03,1.514508e-03,7.337622e-04,9.554908e-01,6.945054e-04,1.367788e-04,1.348606e-03,3.010833e-03,1.585922e-03,3.582134e-04,1.124690e-03
1.698045e-02,9.590109e-04,1.236302e-03,3.149713e-03,3.752778e-03,1.119268e-03,7.992757e-04,9.657155e-01,4.982944e-04,1.076417e-04,9.799838e-04,2.278453e-03,1.362413e-03,2.578979e-04,8.029368e-04
1.442326e-02,6.930038e-04,9.173842e-04,2.238564e-03,3.596323e-03,8.581260e-04,7.822333e-04,9.713125e-01,3.713088e-04,9.095461e-05,7.542801e-04,1.859694e-03,1.309780e-03,1.915253e-04,6.010273e-04
1.294039e-02,5.039958e-04,6.958681e-04,1.613659e-03,3.749254e-03,6.609388e-04,7.651636e-04,9.750394e-01,2.732280e-04,7.439835e-05,5.750935e-04,1.433203e-03,1.082200e-03,1.439449e-04,4.492092e-04
1.589948e-02,4.154785e-04,5.327271e-04,1.219039e-03,5.353542e-03,5.619609e-04,6.403574e-04,9.712995e-01,2.859016e-04,7.538154e-05,5.549857e-04,1.424187e-03,1.249850e-03,1.190830e-04,3.684227e-04
2.347496e-02,7.050023e-04,5.544129e-04,1.201164e-03,6.688745e-03,6.551944e-04,5.208366e-04,9.394442e-01,1.624273e-03,8.049482e-04,3.910773e-03,4.632330e-03,1.451790e-02,5.958454e-04,6.693357e-04
1.700899e-02,5.698396e-04,4.102585e-04,1.102010e-03,5.270974e-03,5.731178e-04,4.007692e-04,6.998515e-01,1.455962e-03,3.004649e-03,1.634391e-01,4.472873e-02,1.428813e-02,4.733513e-02,5.607370e-04
1.255178e-02,4.795265e-04,3.233329e-04,1.165923e-03,4.022100e-03,4.675305e-04,3.026924e-04,4.932230e-01,1.681936e-03,1.253911e-02,1.965674e-01,8.389606e-02,3.284165e-02,1.593106e-01,6.272619e-04
9.797993e-03,4.166017e-04,2.570434e-04,1.073134e-03,3.253371e-03,4.048420e-04,2.907566e-04,3.478455e-01,2.072406e-03,1.326879e-02,3.242809e-01,1.253423e-01,2.631163e-02,1.448961e-01,4.885553e-04
9.209182e-03,8.149083e-04,2.821457e-04,1.031308e-03,2.940445e-03,4.106185e-04,3.374642e-04,2.451541e-01,3.674547e-03,1.274001e-02,4.046108e-01,1.603163e-01,2.145706e-02,1.365072e-01,5.139512e-04
9.363151e-03,8.315478e-04,2.255094e-04,8.694500e-04,2.232559e-03,3.919107e-04,2.631462e-04,1.717590e-01,3.321546e-03,1.385375e-02,4.812943e-01,1.818788e-01,1.680725e-02,1.164630e-01,4.451902e-04
6.954330e-03,8.514518e-04,1.931157e-04,6.913040e-04,1.868039e-03,3.305976e-04,2.101733e-04,1.203303e-01,4.047259e-03,2.528004e-02,4.830555e-01,2.202769e-01,1.333250e-02,1.221275e-01,4.509537e-04
4.974367e-03,1.407012e-03,2.703527e-04,5.326709e-04,1.668550e-03,3.208860e-04,1.882399e-04,8.428537e-02,6.765431e-03,4.176274e-02,5.755637e-01,1.721807e-01,1.023471e-02,9.935279e-02,4.925061e-04
3.643686e-03,1.421693e-03,3.849513e-04,4.514610e-04,2.097277e-03,2.604358e-04,1.818582e-04,5.907193e-02,6.130250e-03,7.713698e-02,5.479274e-01,1.669767e-01,8.155668e-03,1.256996e-01,4.601098e-04
2.697051e-03,1.487270e-03,8.497102e-04,4.799481e-04,4.084236e-03,2.714807e-04,1.945516e-04,4.143417e-02,6.212574e-03,7.493015e-02,5.472761e-01,2.074217e-01,6.523850e-03,1.057398e-01,3.972682e-04
1.961096e-03,5.693813e-03,4.132614e-03,4.807910e-04,7.660765e-03,4.740316e-04,1.899812e-04,2.913353e-02,1.991015e-02,5.731267e-02,5.525134e-01,2.367950e-01,5.224496e-03,7.820868e-02,3.089315e-04
1.440041e-03,8.530346e-03,2.224594e-02,1.050189e-03,4.947192e-02,1.260042e-03,4.310438e-04,2.202137e-02,4.234695e-02,4.109347e-02,4.727769e-01,2.726980e-01,4.271929e-03,6.000013e-02,3.616864e-04
1.367361e-03,9.725025e-03,2.175700e-02,1.439685e-03,5.734231e-02,1.983303e-03,2.217149e-03,1.791721e-02,5.841896e-02,3.709605e-02,4.295940e-01,3.015389e-01,5.091998e-03,5.365376e-02,8.572693e-04
1.602892e-03,9.124571e-03,1.812811e-02,1.490273e-03,6.510150e-02,3.286009e-03,1.943607e-03,1.760161e-02,6.982025e-02,2.850486e-02,3.499618e-01,3.812270e-01,4.799493e-03,4.662323e-02,7.848332e-04
2.199172e-03,7.571754e-03,1.768966e-02,2.092694e-03,6.296561e-02,4.075981e-03,2.735845e-03,1.967485e-02,8.951086e-02,2.376809e-02,3.514044e-01,3.733121e-01,7.417365e-03,3.455680e-02,1.024859e-03
2.617953e-03,7.092689e-03,1.323086e-02,1.851368e-03,4.941913e-02,4.519301e-03,3.052048e-03,3.000274e-02,9.833284e-02,1.862730e-02,2.789052e-01,4.556665e-01,9.608606e-03,2.623075e-02,8.427614e-04
4.444466e-03,1.138121e-02,1.033923e-02,1.612545e-03,4.193278e-02,6.263635e-03,2.973362e-03,2.693817e-02,1.882343e-01,1.714224e-02,2.138219e-01,4.438481e-01,1.080120e-02,1.936409e-02,9.027938e-04
5.635104e-03,1.683370e-02,8.091541e-03,1.466089e-03,3.649124e-02,7.139859e-03,2.401431e-03,2.349922e-02,3.312599e-01,2.028854e-02,1.719974e-01,3.491213e-01,9.875756e-03,1.483368e-02,1.065166e-03
8.501698e-03,2.039757e-02,6.398255e-03,2.698566e-03,3.770240e-02,1.256406e-02,2.127797e-03,1.942556e-02,4.194671e-01,2.691258e-02,1.573824e-01,2.630606e-01,8.532830e-03,1.116878e-02,3.659783e-03
1.674123e-02,2.060620e-02,1.008862e-02,8.353241e-03,8.527140e-02,1.209478e-02,2.446046e-03,5.407429e-02,4.122890e-01,3.246170e-02,1.320461e-01,1.931331e-01,8.074911e-03,8.564390e-03,3.754931e-03
2.761839e-02,2.121024e-02,1.067123e-02,2.658682e-02,1.888523e-01,1.391886e-02,3.549875e-03,4.267149e-02,3.534915e-01,4.854925e-02,1.049087e-01,1.392398e-01,7.827784e-03,7.074295e-03,3.829532e-03
3.423740e-02,3.676672e-02,1.064568e-02,5.725829e-02,1.467342e-01,1.457377e-02,2.716041e-03,3.472355e-02,3.830141e-01,5.221587e-02,7.964165e-02,1.028487e-01,1.001488e-02,9.454200e-03,2.515498e-02
4.624425e-02,6.350259e-02,1.496153e-02,4.830239e-02,1.470214e-01,1.275307e-02,2.051718e-03,2.828550e-02,4.024485e-01,4.957122e-02,6.211920e-02,7.512542e-02,1.017288e-02,1.518797e-02,2.225245e-02
5.002292e-02,7.236443e-02,1.485335e-02,4.003873e-02,1.351551e-01,1.090567e-02,1.573205e-03,2.598044e-02,4.623652e-01,4.063316e-02,4.887677e-02,5.406857e-02,8.949019e-03,1.533914e-02,1.887432e-02
5.787930e-02,6.495652e-02,1.325309e-02,3.868155e-02,2.052438e-01,1.455461e-02,1.302346e-03,2.134342e-02,4.377494e-01,3.225534e-02,3.665827e-02,3.813303e-02,6.871597e-03,1.268075e-02,1.843695e-02
6.044297e-02,9.708600e-02,1.043379e-02,3.137993e-02,1.783919e-01,1.471331e-02,1.005461e-03,1.582630e-02,4.727021e-01,2.510318e-02,2.732857e-02,2.709091e-02,5.452611e-03,1.110566e-02,2.193729e-02
6.545586e-02,1.055979e-01,8.529842e-03,5.482066e-02,1.397009e-01,1.641568e-02,1.040372e-03,1.238969e-02,4.922047e-01,2.315918e-02,2.071814e-02,1.991453e-02,4.965239e-03,8.026411e-03,2.706080e-02
5.792077e-02,8.779612e-02,6.814320e-03,5.526225e-02,1.298594e-01,1.577336e-02,1.224879e-03,1.467632e-02,5.395492e-01,1.913854e-02,1.493655e-02,1.424452e-02,4.557884e-03,5.720651e-03,3.252520e-02
4.864132e-02,6.353799e-02,5.469354e-03,5.677769e-02,1.177282e-01,1.387018e-02,1.349300e-03,4.918673e-02,5.777245e-01,1.349663e-02,1.071813e-02,1.012520e-02,3.311398e-03,4.064100e-03,2.399934e-02
4.480458e-02,4.627605e-02,1.740476e-02,1.794992e-01,9.290597e-02,1.123601e-02,1.036031e-03,4.786342e-02,4.932574e-01,1.133936e-02,8.708359e-03,7.329855e-03,2.565320e-03,2.961112e-03,3.281256e-02
6.090953e-02,3.844436e-02,1.579164e-02,1.465372e-01,1.028758e-01,1.488232e-02,1.640901e-03,4.602204e-02,5.116867e-01,9.474488e-03,7.178320e-03,5.484462e-03,2.453037e-03,2.299624e-03,3.431956e-02
8.253706e-02,4.142668e-02,1.947291e-02,1.653040e-01,1.119222e-01,2.088756e-02,2.323190e-03,5.436158e-02,4.454584e-01,7.531865e-03,6.896409e-03,4.959865e-03,2.389160e-03,2.265302e-03,3.226385e-02
8.907261e-02,3.865120e-02,2.552657e-02,2.547954e-01,1.035865e-01,1.723878e-02,2.852152e-03,6.240625e-02,3.609271e-01,5.577448e-03,5.697838e-03,4.168206e-03,2.039956e-03,1.697402e-03,2.576261e-02
7.583243e-02,2.950950e-02,2.375990e-02,3.920569e-01,9.794908e-02,1.306260e-02,2.434652e-03,5.192168e-02,2.787289e-01,4.131060e-03,5.865971e-03,3.114822e-03,1.615918e-03,1.261867e-03,1.875471e-02
6.767367e-02,2.230585e-02,2.210126e-02,2.931013e-01,9.629177e-02,1.041944e-02,2.852201e-03,2.528636e-01,2.044473e-01,2.992377e-03,7.103228e-03,2.248203e-03,1.295401e-03,9.279734e-04,1.337641e-02
7.349000e-02,1.782108e-02,1.864440e-02,2.096547e-01,8.699526e-02,1.133639e-02,5.079278e-03,4.049472e-01,1.462526e-01,2.216034e-03,9.066073e-03,1.744593e-03,1.499122e-03,8.123061e-04,1.044091e-02
6.834111e-02,1.451571e-02,1.613213e-02,1.564232e-01,1.387322e-01,1.653420e-02,1.364036e-02,4.470935e-01,1.029122e-01,1.820574e-03,1.097773e-02,1.479256e-03,2.481990e-03,7.013347e-04,8.214436e-03
4.980471e-02,1.050263e-02,1.243339e-02,1.114276e-01,1.410107e-01,1.566083e-02,1.400904e-01,3.799723e-01,7.386862e-02,5.653314e-03,2.291260e-02,7.969630e-03,1.688946e-02,2.491678e-03,9.312130e-03
3.810190e-02,7.888612e-03,9.738016e-03,8.172660e-02,1.504679e-01,1.913552e-02,1.716883e-01,3.160315e-01,5.330240e-02,2.424854e-02,2.610860e-02,3.644559e-02,4.204638e-02,1.064179e-02,1.242835e-02
2.765739e-02,5.701025e-03,7.064517e-03,5.769939e-02,1.230372e-01,1.499413e-02,1.661579e-01,2.252622e-01,3.819200e-02,4.205091e-02,3.925781e-02,1.534593e-01,5.920031e-02,2.518641e-02,1.507944e-02
1.989753e-02,4.276125e-03,5.379961e-03,4.195611e-02,9.451094e-02,1.184401e-02,1.441164e-01,1.595789e-01,2.821651e-02,5.429251e-02,5.875403e-02,1.655618e-01,1.021576e-01,6.267855e-02,4.677902e-02
1.449551e-02,3.264482e-03,4.200473e-03,3.002044e-02,6.837063e-02,8.941403e-03,1.049594e-01,1.205742e-01,2.132542e-02,5.647485e-02,1.486729e-01,2.066338e-01,9.761356e-02,7.052212e-02,4.393071e-02
1.089467e-02,2.793104e-03,3.610845e-03,2.161811e-02,4.842983e-02,6.858164e-03,7.551306e-02,8.662364e-02,1.987213e-02,8.299570e-02,1.675013e-01,2.416158e-01,8.478248e-02,1.132459e-01,3.364540e-02
8.204997e-03,2.546652e-03,3.404865e-03,1.571368e-02,3.441090e-02,5.418877e-03,5.342855e-02,6.382810e-02,1.865068e-02,9.237882e-02,1.627058e-01,3.095948e-01,9.397002e-02,1.089846e-01,2.675871e-02
6.392288e-03,2.933387e-03,5.466518e-03,1.908651e-02,3.767361e-02,6.316947e-03,3.779285e-02,5.947607e-02,4.311230e-02,8.030816e-02,2.031043e-01,2.963183e-01,8.536705e-02,9.041085e-02,2.624083e-02
4.731449e-03,3.936413e-03,5.985033e-03,4.308110e-02,4.237491e-02,5.135982e-03,2.678514e-02,4.410932e-02,5.948376e-02,9.711657e-02,1.905768e-01,3.056555e-01,6.734813e-02,7.828703e-02,2.539282e-02
4.564344e-03,5.128967e-03,7.245467e-03,4.343631e-02,4.910702e-02,8.330425e-03,1.898391e-02,3.584064e-02,6.239768e-02,7.230096e-02,1.715185e-01,3.751698e-01,5.871000e-02,6.733138e-02,1.993457e-02
7.483617e-03,4.829474e-03,6.663553e-03,3.395468e-02,4.218508e-02,1.009016e-02,1.376671e-02,2.861703e-02,5.720294e-02,5.380864e-02,1.578620e-01,4.534081e-01,4.536392e-02,6.939616e-02,1.536794e-02
1.345980e-02,4.856163e-03,8.391066e-03,2.771508e-02,3.490033e-02,1.063871e-02,9.898379e-03,2.221565e-02,7.729413e-02,3.908464e-02,1.776612e-01,4.414015e-01,3.494764e-02,8.597012e-02,1.156550e-02
4.574380e-02,8.818957e-03,2.080631e-02,2.693311e-02,3.460193e-02,1.667189e-02,7.473962e-03,2.312428e-02,1.633101e-01,2.886138e-02,1.480805e-01,3.580633e-01,2.683475e-02,8.122070e-02,9.455064e-03
7.058197e-02,1.003493e-02,1.799732e-02,2.407501e-02,3.187278e-02,1.930032e-02,5.531311e-03,1.953123e-02,2.491460e-01,2.187196e-02,1.131979e-01,3.133041e-01,2.137745e-02,7.461689e-02,7.560686e-03
1.396117e-01,1.132934e-02,1.506086e-02,2.611420e-02,4.298177e-02,1.832180e-02,4.061728e-03,1.540638e-02,2.991417e-01,1.746257e-02,9.109225e-02,2.306294e-01,1.847055e-02,6.145712e-02,8.858686e-03
1.346614e-01,9.248214e-03,2.157243e-02,3.094992e-02,4.469458e-02,1.581332e-02,3.107531e-03,1.890272e-02,3.845230e-01,1.486492e-02,8.068985e-02,1.654955e-01,1.506022e-02,5.190145e-02,8.514944e-03
1.469191e-01,9.642446e-03,1.986773e-02,2.520830e-02,5.581416e-02,1.259850e-02,2.463322e-03,1.951235e-02,4.115366e-01,1.295589e-02,7.831322e-02,1.209285e-01,1.527276e-02,5.937598e-02,9.591146e-03
2.173611e-01,1.624958e-02,2.976124e-02,3.372158e-02,6.349383e-02,1.429061e-02,2.171025e-03,2.328326e-02,3.569660e-01,1.352578e-02,6.361340e-02,9.199008e-02,1.773760e-02,4.548601e-02,1.034896e-02
2.695555e-01,1.942260e-02,3.057660e-02,3.151797e-02,6.617562e-02,1.754196e-02,1.826608e-03,2.091680e-02,3.188021e-01,1.476051e-02,5.710738e-02,7.526840e-02,1.873880e-02,4.611645e-02,1.167269e-02
3.748157e-01,1.601703e-02,3.209764e-02,2.630166e-02,5.368628e-02,2.153224e-02,1.608575e-03,1.682802e-02,2.635879e-01,1.113525e-02,4.744756e-02,6.161831e-02,1.957822e-02,4.153911e-02,1.220650e-02
4.093982e-01,1.511078e-02,4.234728e-02,3.884494e-02,5.463764e-02,2.619610e-02,1.853034e-03,1.628330e-02,2.177240e-01,8.849869e-03,4.174883e-02,5.283539e-02,1.989938e-02,4.266469e-02,1.160661e-02
3.856066e-01,1.419197e-02,9.017386e-02,5.271918e-02,6.445753e-02,3.338382e-02,2.097112e-03,1.640620e-02,1.824035e-01,7.539561e-03,3.599911e-02,4.619056e-02,1.927806e-02,3.797408e-02,1.157881e-02
3.886437e-01,1.320516e-02,1.163147e-01,5.179528e-02,5.539676e-02,2.849236e-02,1.796990e-03,1.330306e-02,1.776716e-01,6.722087e-03,3.810999e-02,3.667785e-02,1.479661e-02,4.525539e-02,1.181841e-02
3.782930e-01,1.192454e-02,1.445141e-01,5.249763e-02,5.605408e-02,2.560089e-02,1.657044e-03,1.326074e-02,1.363216e-01,1.355769e-02,4.367914e-02,3.455597e-02,1.208297e-02,5.641610e-02,1.958449e-02
3.728297e-01,1.030740e-02,1.362663e-01,4.880912e-02,5.195288e-02,6.233759e-02,1.998105e-03,1.424719e-02,9.847841e-02,2.366899e-02,6.226604e-02,3.310876e-02,1.140046e-02,5.118466e-02,2.114440e-02
3.210075e-01,8.854622e-03,1.032710e-01,4.631972e-02,4.809505e-02,5.933312e-02,4.719323e-03,1.094727e-02,7.636451e-02,4.824015e-02,1.330793e-01,3.467796e-02,3.202888e-02,5.009000e-02,2.297148e-02
2.308978e-01,7.323982e-03,7.299042e-02,4.357097e-02,5.315685e-02,4.547400e-02,5.174549e-03,8.306599e-03,8.041276e-02,6.363954e-02,1.616138e-01,4.447177e-02,8.514841e-02,5.897184e-02,3.884672e-02
1.689779e-01,6.937893e-03,5.228690e-02,4.411621e-02,4.367876e-02,5.898953e-02,4.152249e-03,6.424466e-03,7.467160e-02,5.331462e-02,1.368496e-01,8.364254e-02,1.768962e-01,5.876512e-02,3.029633e-02
1.194388e-01,5.354400e-03,3.730333e-02,3.378169e-02,3.692598e-02,4.394087e-02,3.048355e-03,6.473509e-03,8.356352e-02,4.086749e-02,1.730167e-01,1.190570e-01,2.257932e-01,4.535786e-02,2.607728e-02
8.680582e-02,5.547145e-03,2.705701e-02,2.699392e-02,2.844183e-02,3.480488e-02,2.375629e-03,5.673009e-03,9.286033e-02,3.281426e-02,1.949202e-01,1.408890e-01,2.516885e-01,4.823485e-02,2.089365e-02
6.159170e-02,4.554530e-03,2.003033e-02,2.243549e-02,2.244093e-02,2.592578e-02,1.816288e-03,6.417473e-03,1.652448e-01,2.835833e-02,1.749378e-01,1.201246e-01,2.674348e-01,6.131500e-02,1.737218e-02
4.578890e-02,5.824772e-03,1.496792e-02,2.110341e-02,1.937023e-02,2.547797e-02,1.975166e-03,7.876700e-03,1.597441e-01,2.303400e-02,1.409179e-01,1.564685e-01,3.062287e-01,5.489023e-02,1.633147e-02
3.356199e-02,4.902123e-03,1.105253e-02,1.682085e-02,1.836514e-02,2.244770e-02,1.864015e-03,6.275614e-03,1.470597e-01,1.796636e-02,1.091909e-01,2.731089e-01,2.781488e-01,4.627618e-02,1.295912e-02
2.375685e-02,3.694969e-03,8.080470e-03,1.231273e-02,1.431946e-02,1.829698e-02,1.540169e-03,4.996027e-03,1.097477e-01,1.300875e-02,8.318218e-02,4.149663e-01,2.460299e-01,3.617277e-02,9.894770e-03
1.835262e-02,3.160449e-03,7.896156e-03,9.171790e-03,1.392674e-02,1.573204e-02,1.233952e-03,4.124006e-03,8.481319e-02,1.018927e-02,6.435969e-02,4.821702e-01,2.431190e-01,3.368030e-02,8.070583e-03
1.316577e-02,2.269388e-03,7.308539e-03,6.650954e-03,1.202413e-02,1.193932e-02,2.139128e-03,1.205191e-02,6.089258e-02,7.278650e-03,5.158105e-02,4.283220e-01,3.540987e-01,2.422543e-02,6.052522e-03
9.869128e-03,1.689233e-03,6.548780e-03,5.556364e-03,1.460019e-02,9.311620e-03,2.520746e-03,2.738647e-02,4.922529e-02,5.299916e-03,4.269801e-02,3.573991e-01,4.463030e-01,1.717103e-02,4.421166e-03
7.186078e-03,1.195237e-03,5.578505e-03,4.628637e-03,1.205976e-02,6.634217e-03,1.957321e-03,1.015341e-01,3.623278e-02,3.768220e-03,4.043083e-02,2.596541e-01,5.038850e-01,1.211965e-02,3.135678e-03
5.296675e-03,8.490350e-04,4.330277e-03,5.189966e-03,1.303801e-02,4.717381e-03,1.533187e-03,1.384228e-01,2.925804e-02,2.668711e-03,4.102249e-02,1.924963e-01,5.504360e-01,8.524077e-03,2.217088e-03
4.320143e-03,6.084936e-04,3.580987e-03,8.837724e-03,1.993038e-02,3.346124e-03,1.266242e-03,2.248631e-01,2.248864e-02,1.888296e-03,5.326792e-02,1.405584e-01,5.074836e-01,5.983316e-03,1.576621e-03
4.043928e-03,4.711760e-04,3.474079e-03,8.610651e-03,2.152142e-02,2.412606e-03,1.133753e-03,3.111364e-01,2.700659e-02,1.363011e-03,7.383385e-02,1.017628e-01,4.378237e-01,4.217605e-03,1.188415e-03
4.487642e-03,3.970626e-04,3.821778e-03,8.934317e-03,2.356108e-02,1.754357e-03,9.667558e-04,4.289321e-01,3.168029e-02,9.839295e-04,6.942529e-02,7.446090e-02,3.467643e-01,2.964641e-03,8.655988e-04
9.414654e-03,4.477330e-04,7.920665e-03,1.381253e-02,3.071525e-02,1.882999e-03,8.158452e-04,5.134125e-01,5.587657e-02,7.869351e-04,5.746514e-02,5.507537e-02,2.495314e-01,2.119841e-03,7.226047e-04
1.401709e-02,7.529450e-04,1.138915e-02,1.647889e-02,4.869673e-02,1.545781e-03,6.830164e-04,5.394669e-01,9.682609e-02,6.778801e-04,4.649001e-02,4.065515e-02,1.800901e-01,1.531748e-03,6.985825e-04
2.288391e-02,3.248040e-03,1.229513e-02,2.352340e-02,5.270684e-02,1.835839e-03,5.762649e-04,5.339137e-01,1.497580e-01,8.822377e-04,3.572486e-02,3.139395e-02,1.292057e-01,1.169182e-03,8.829618e-04
5.119781e-02,6.596267e-03,2.186207e-02,5.106387e-02,1.006871e-01,3.500294e-03,1.808652e-03,4.115494e-01,2.049717e-01,1.324465e-03,2.760770e-02,2.285446e-02,9.161864e-02,9.965946e-04,2.360970e-03
9.693758e-02,8.513261e-03,2.968480e-02,7.742091e-02,1.664834e-01,4.565985e-03,3.173714e-03,3.040660e-01,1.935049e-01,2.450475e-03,2.189188e-02,1.671083e-02,6.498930e-02,1.176899e-03,8.430078e-03
1.150898e-01,1.034051e-02,2.892460e-02,1.008526e-01,2.037886e-01,4.674825e-03,3.284650e-03,2.626640e-01,1.823403e-01,2.570027e-03,1.760296e-02,1.327046e-02,4.696338e-02,1.099939e-03,6.533313e-03
1.182132e-01,8.704229e-03,2.306034e-02,9.072904e-02,2.053220e-01,3.977889e-03,3.116155e-03,3.206212e-01,1.610351e-01,2.040582e-03,1.330678e-02,1.007565e-02,3.395682e-02,8.344389e-04,5.006571e-03
8.930307e-02,6.271739e-03,1.654681e-02,6.669942e-02,1.536044e-01,3.059127e-03,2.300408e-03,4.992394e-01,1.168861e-01,1.431440e-03,9.464461e-03,7.125822e-03,2.393865e-02,5.995206e-04,3.529507e-03
6.671050e-02,4.426251e-03,1.162295e-02,4.714955e-02,1.166534e-01,2.347648e-03,1.721801e-03,6.349432e-01,8.207603e-02,1.003463e-03,6.655655e-03,4.998829e-03,1.679401e-02,4.218211e-04,2.474737e-03
4.969853e-02,3.118503e-03,8.173217e-03,3.317713e-02,8.545975e-02,1.854619e-03,1.266947e-03,7.369999e-01,5.753510e-02,7.054184e-04,4.692971e-03,3.507552e-03,1.177788e-02,2.971310e-04,1.735340e-03
3.836187e-02,2.199729e-03,5.761791e-03,2.339562e-02,6.180501e-02,1.506615e-03,9.630596e-04,8.096592e-01,4.033669e-02,4.963511e-04,3.337598e-03,2.473979e-03,8.271351e-03,2.107961e-04,1.220345e-03
2.931935e-02,1.547615e-03,4.049589e-03,1.648327e-02,4.560233e-02,1.124639e-03,7.292475e-04,8.616437e-01,2.825735e-02,3.479361e-04,2.352226e-03,1.737299e-03,5.800901e-03,1.487846e-04,8.558416e-04
2.304314e-02,1.094560e-03,2.846661e-03,1.162262e-02,3.394431e-02,9.099231e-04,5.426920e-04,8.982161e-01,1.980425e-02,2.441550e-04,1.677566e-03,1.243767e-03,4.101317e-03,1.065539e-04,6.023969e-04
2.728863e-02,9.208200e-04,2.037007e-03,8.370210e-03,2.446873e-02,8.651149e-04,4.033008e-04,9.050223e-01,1.399473e-02,2.020360e-04,4.900645e-03,3.742808e-03,7.001415e-03,2.619704e-04,5.202636e-04
2.131651e-02,7.426398e-04,1.443707e-03,5.975272e-03,1.723111e-02,7.188252e-04,2.960689e-04,7.678017e-01,9.869717e-03,6.272006e-04,1.174321e-01,4.057628e-02,7.323206e-03,8.252873e-03,3.927807e-04
1.540690e-02,5.510357e-04,1.019978e-03,4.272582e-03,1.228212e-02,5.247542e-04,2.199204e-04,5.423790e-01,7.989838e-03,5.953101e-03,1.628114e-01,2.004686e-01,3.267816e-02,1.309575e-02,3.468001e-04
1.119455e-02,4.283326e-04,7.378394e-04,3.160089e-03,8.827363e-03,4.066025e-04,1.888056e-04,3.853920e-01,6.206293e-03,1.005582e-02,1.821019e-01,3.286994e-01,2.901209e-02,3.326360e-02,3.253019e-04
8.379451e-03,3.749798e-04,5.991817e-04,2.720833e-03,6.529182e-03,4.288248e-04,1.575364e-04,2.714844e-01,5.114380e-03,9.730126e-03,1.659470e-01,4.528634e-01,2.954937e-02,4.572985e-02,3.914276e-04
6.356343e-03,3.314088e-04,5.722646e-04,2.114103e-03,4.819911e-03,6.629397e-04,1.437589e-04,1.905788e-01,4.512318e-03,8.222375e-03,1.423619e-01,5.752070e-01,2.543200e-02,3.834422e-02,3.405856e-04
4.898746e-03,3.052742e-04,4.680766e-04,1.599981e-03,3.663140e-03,6.815688e-04,1.123914e-04,1.335316e-01,3.996170e-03,7.073979e-03,1.432919e-01,6.494383e-01,2.119678e-02,2.946925e-02,2.729432e-04
7.059803e-03,8.057622e-04,7.046836e-04,1.622098e-03,6.266778e-03,9.883600e-04,2.034625e-04,9.423754e-02,1.061785e-02,1.180903e-02,1.645494e-01,6.572957e-01,1.924542e-02,2.419533e-02,3.987724e-04
8.823234e-03,7.959749e-04,7.688536e-04,1.678084e-03,5.336873e-03,1.536688e-03,2.738785e-04,6.651014e-02,1.048098e-02,1.523017e-02,1.893087e-01,6.612616e-01,1.571875e-02,2.182823e-02,4.478655e-04
7.259381e-03,1.002551e-03,2.652512e-03,2.074407e-03,2.352814e-02,3.312284e-03,7.742046e-04,4.825984e-02,1.288950e-02,1.676641e-02,2.408852e-01,6.041513e-01,1.479221e-02,2.117954e-02,4.724916e-04
5.568259e-03,7.285493e-04,2.036663e-03,1.972154e-03,2.390708e-02,2.811815e-03,5.810800e-04,3.383549e-02,9.485267e-03,1.346377e-02,2.342679e-01,6.417954e-01,1.119347e-02,1.799766e-02,3.555031e-04
4.427982e-03,5.507903e-04,1.588640e-03,1.739689e-03,2.701617e-02,2.303584e-03,4.367310e-04,2.373548e-02,7.046266e-03,9.924367e-03,1.939684e-01,7.019692e-01,8.392178e-03,1.661844e-02,2.820702e-04
7.440531e-03,7.881538e-04,1.698410e-03,1.684871e-03,4.577024e-02,2.944348e-03,4.291108e-04,1.723184e-02,6.091594e-03,7.684832e-03,1.555160e-01,7.208593e-01,7.671870e-03,2.393813e-02,2.507919e-04
1.477662e-02,9.207814e-04,1.725663e-03,2.260267e-03,4.929169e-02,3.612755e-03,4.905509e-04,1.286438e-02,6.372320e-03,5.747339e-03,1.216948e-01,7.487918e-01,7.057114e-03,2.411420e-02,2.797245e-04
2.635076e-02,1.564031e-03,1.579996e-03,2.711725e-03,4.321270e-02,9.891985e-03,8.300638e-04,9.565141e-03,6.078308e-03,4.218906e-03,1.660011e-01,6.981628e-01,5.945963e-03,2.345423e-02,4.322819e-04
2.146098e-02,1.780465e-03,1.428769e-03,2.373491e-03,3.951887e-02,1.123747e-02,1.008327e-03,6.928499e-03,6.115601e-03,3.112493e-03,2.132270e-01,6.669781e-01,5.136854e-03,1.913969e-02,5.533919e-04
2.700525e-02,1.957345e-03,1.200693e-03,2.248585e-03,3.745405e-02,1.624699e-02,1.171543e-03,5.421313e-03,5.306402e-03,2.584714e-03,2.172325e-01,6.610225e-01,5.321023e-03,1.520891e-02,6.181182e-04
2.249528e-02,1.753010e-03,1.509628e-03,1.836559e-03,1.529514e-01,1.317351e-02,9.793486e-04,6.028789e-03,7.438978e-03,2.438675e-03,1.652623e-01,5.989618e-01,8.222725e-03,1.613063e-02,8.172872e-04
1.954503e-02,1.519355e-03,1.785358e-03,1.581605e-03,2.271373e-01,1.102080e-02,9.004858e-04,6.320531e-03,1.063317e-02,2.084877e-03,1.240793e-01,5.686096e-01,9.522066e-03,1.447603e-02,7.845418e-04
1.595277e-02,1.821049e-03,9.379829e-03,1.445335e-03,2.897974e-01,8.673728e-03,1.335097e-03,9.724781e-03,1.185098e-02,2.045809e-03,1.089142e-01,5.147600e-01,1.168182e-02,1.181954e-02,7.976998e-04
1.403135e-02,1.837111e-03,2.133999e-02,1.405999e-03,3.457152e-01,7.807613e-03,2.149585e-03,2.224732e-02,1.252846e-02,1.590049e-03,1.020501e-01,4.417207e-01,1.538538e-02,9.494044e-03,6.971163e-04
1.172769e-02,1.665652e-03,1.932475e-02,1.183675e-03,4.078684e-01,7.069299e-03,4.998790e-03,2.745383e-02,1.639127e-02,1.189953e-03,7.837974e-02,3.946405e-01,2.056936e-02,6.996520e-03,5.406092e-04
1.461396e-02,1.421703e-03,2.296936e-02,1.466815e-03,3.370599e-01,7.438700e-03,4.431271e-03,1.101694e-01,3.173415e-02,1.195478e-03,6.607951e-02,3.380547e-01,5.602480e-02,6.729867e-03,6.103550e-04
1.864269e-02,1.309865e-03,1.859154e-02,2.487467e-03,4.434982e-01,5.783319e-03,7.503123e-03,1.085291e-01,3.113697e-02,1.184385e-03,5.520717e-02,2.514230e-01,4.853414e-02,5.631480e-03,5.375533e-04
2.175200e-02,1.573476e-03,1.516265e-02,2.492256e-03,4.329215e-01,6.536548e-03,7.293770e-03,1.267990e-01,1.053037e-01,9.114603e-04,4.246861e-02,1.892388e-01,4.260837e-02,4.323266e-03,6.146382e-04
3.381601e-02,1.808266e-03,1.343810e-02,4.676064e-03,4.846992e-01,1.511920e-02,1.419611e-02,1.194774e-01,1.057541e-01,7.021381e-04,3.238146e-02,1.348823e-01,3.476750e-02,3.244141e-03,1.038056e-03
3.359087e-02,2.012054e-03,1.359564e-02,1.100064e-02,4.978481e-01,1.377225e-02,1.477717e-02,1.564381e-01,1.071615e-01,5.765643e-04,2.373945e-02,9.548084e-02,2.645070e-02,2.427615e-03,1.128443e-03
4.680604e-02,1.918338e-03,1.102535e-02,1.322302e-02,5.634173e-01,1.260200e-02,1.396783e-02,1.349653e-01,9.335551e-02,4.601968e-04,1.769353e-02,6.841785e-02,1.930839e-02,1.849203e-03,9.901504e-04
4.689495e-02,1.644301e-03,7.983177e-03,1.097832e-02,6.510233e-01,1.057272e-02,1.071873e-02,1.003636e-01,8.101243e-02,3.465418e-04,1.316173e-02,4.941876e-02,1.366054e-02,1.454536e-03,7.663518e-04
4.283358e-02,2.106070e-03,5.999452e-03,8.702922e-03,6.691742e-01,9.782529e-03,8.202015e-03,7.498603e-02,1.209009e-01,2.712277e-04,9.776407e-03,3.539044e-02,9.914047e-03,1.303860e-03,6.563057e-04
5.444242e-02,2.832432e-03,6.023536e-03,1.243491e-02,6.727704e-01,1.055646e-02,6.878479e-03,6.144160e-02,1.291770e-01,2.463360e-04,8.204245e-03,2.566990e-02,7.203546e-03,1.479763e-03,6.389939e-04
7.500041e-02,3.635911e-03,5.298878e-03,1.894386e-02,6.431087e-01,1.145814e-02,5.878390e-03,5.307816e-02,1.474472e-01,2.313581e-04,7.439379e-03,2.091211e-02,5.563436e-03,1.330125e-03,6.740043e-04
1.444850e-01,4.401959e-03,5.379313e-03,3.227413e-02,5.205061e-01,1.330927e-02,5.178327e-03,5.897842e-02,1.793935e-01,2.418254e-04,8.847707e-03,2.026343e-02,4.790281e-03,1.093569e-03,8.571299e-04
1.694153e-01,6.118371e-03,4.256320e-03,2.688645e-02,4.045206e-01,3.029888e-02,4.126085e-03,4.496755e-02,2.753777e-01,2.765140e-04,9.857356e-03,1.801831e-02,3.891947e-03,1.013574e-03,9.750519e-04
2.728141e-01,6.661730e-03,1.072599e-02,4.848488e-02,2.952116e-01,2.627630e-02,4.019212e-03,4.565843e-02,2.537346e-01,4.408301e-04,9.023681e-03,1.944960e-02,4.323832e-03,1.359276e-03,1.815839e-03
3.786412e-01,8.120495e-03,8.352561e-03,3.732511e-02,2.166610e-01,2.596692e-02,6.550466e-03,3.391217e-02,2.504975e-01,7.344479e-04,7.163312e-03,1.784968e-02,4.491637e-03,1.426078e-03,2.307387e-03
3.889198e-01,8.153434e-03,7.070770e-03,3.369440e-02,1.889809e-01,2.999720e-02,2.817381e-02,2.764479e-02,2.522370e-01,9.056815e-04,6.347103e-03,1.897718e-02,5.199934e-03,1.443070e-03,2.254899e-03
4.376821e-01,8.435639e-03,6.592017e-03,4.069741e-02,1.588795e-01,2.921601e-02,2.119438e-02,2.216781e-02,2.036413e-01,2.660116e-03,1.181366e-02,2.775636e-02,1.601782e-02,2.532821e-03,1.071301e-02
4.718444e-01,8.641023e-03,5.363496e-03,5.324341e-02,1.181146e-01,3.019964e-02,1.555747e-02,1.834972e-02,1.571077e-01,4.229814e-03,2.173971e-02,4.039764e-02,3.901062e-02,2.814133e-03,1.338672e-02
