1.000000e+00,0.000000e+00,0.000000e+00,0.000000e+00,0.000000e+00,0.000000e+00,0.000000e+00,0.000000e+00,0.000000e+00,0.000000e+00,0.000000e+00,0.000000e+00,0.000000e+00,0.000000e+00,0.000000e+00
1.000000e+00,0.000000e+00,0.000000e+00,0.000000e+00,0.000000e+00,0.000000e+00,0.000000e+00,0.000000e+00,0.000000e+00,0.000000e+00,0.000000e+00,0.000000e+00,0.000000e+00,0.000000e+00,0.000000e+00
1.000000e+00,0.000000e+00,0.000000e+00,0.000000e+00,0.000000e+00,0.000000e+00,0.000000e+00,0.000000e+00,0.000000e+00,0.000000e+00,0.000000e+00,0.000000e+00,0.000000e+00,0.000000e+00,0.000000e+00
1.000000e+00,0.000000e+00,0.000000e+00,0.000000e+00,0.000000e+00,0.000000e+00,0.000000e+00,0.000000e+00,0.000000e+00,0.000000e+00,0.000000e+00,0.000000e+00,0.000000e+00,0.000000e+00,0.000000e+00
1.000000e+00,0.000000e+00,0.000000e+00,0.000000e+00,0.000000e+00,0.000000e+00,0.000000e+00,0.000000e+00,0.000000e+00,0.000000e+00,0.000000e+00,0.000000e+00,0.000000e+00,0.000000e+00,0.000000e+00
1.000000e+00,0.000000e+00,0.000000e+00,0.000000e+00,0.000000e+00,0.000000e+00,0.000000e+00,0.000000e+00,0.000000e+00,0.000000e+00,0.000000e+00,0.000000e+00,0.000000e+00,0.000000e+00,0.000000e+00
1.000000e+00,0.000000e+00,0.000000e+00,0.000000e+00,0.000000e+00,0.000000e+00,0.000000e+00,0.000000e+00,0.000000e+00,0.000000e+00,0.000000e+00,0.000000e+00,0.000000e+00,0.000000e+00,0.000000e+00
1.000000e+00,0.000000e+00,0.000000e+00,0.000000e+00,0.000000e+00,0.000000e+00,0.000000e+00,0.000000e+00,0.000000e+00,0.000000e+00,0.000000e+00,0.000000e+00,0.000000e+00,0.000000e+00,0.000000e+00
1.000000e+00,0.000000e+00,0.000000e+00,0.000000e+00,0.000000e+00,0.000000e+00,0.000000e+00,0.000000e+00,0.000000e+00,0.000000e+00,0.000000e+00,0.000000e+00,0.000000e+00,0.000000e+00,0.000000e+00
1.000000e+00,0.000000e+00,0.000000e+00,0.000000e+00,0.000000e+00,0.000000e+00,0.000000e+00,0.000000e+00,0.000000e+00,0.000000e+00,0.000000e+00,0.000000e+00,0.000000e+00,0.000000e+00,0.000000e+00
1.000000e+00,0.000000e+00,0.000000e+00,0.000000e+00,0.000000e+00,0.000000e+00,0.000000e+00,0.000000e+00,0.000000e+00,0.000000e+00,0.000000e+00,0.000000e+00,0.000000e+00,0.000000e+00,0.000000e+00
1.000000e+00,0.000000e+00,0.000000e+00,0.000000e+00,0.000000e+00,0.000000e+00,0.000000e+00,0.000000e+00,0.000000e+00,0.000000e+00,0.000000e+00,0.000000e+00,0.000000e+00,0.000000e+00,0.000000e+00
1.000000e+00,0.000000e+00,0.000000e+00,0.000000e+00,0.000000e+00,0.000000e+00,0.000000e+00,0.000000e+00,0.000000e+00,0.000000e+00,0.000000e+00,0.000000e+00,0.000000e+00,0.000000e+00,0.000000e+00
1.000000e+00,0.000000e+00,0.000000e+00,0.000000e+00,0.000000e+00,0.000000e+00,0.000000e+00,0.000000e+00,0.000000e+00,0.000000e+00,0.000000e+00,0.000000e+00,0.000000e+00,0.000000e+00,0.000000e+00
1.000000e+00,0.000000e+00,0.000000e+00,0.000000e+00,0.000000e+00,0.000000e+00,0.000000e+00,0.000000e+00,0.000000e+00,0.000000e+00,0.000000e+00,0.000000e+00,0.000000e+00,0.000000e+00,0.000000e+00
1.000000e+00,0.000000e+00,0.000000e+00,0.000000e+00,0.000000e+00,0.000000e+00,0.000000e+00,0.000000e+00,0.000000e+00,0.000000e+00,0.000000e+00,0.000000e+00,0.000000e+00,0.000000e+00,0.000000e+00
1.000000e+00,0.000000e+00,0.000000e+00,0.000000e+00,0.000000e+00,0.000000e+00,0.000000e+00,0.000000e+00,0.000000e+00,0.000000e+00,0.000000e+00,0.000000e+00,0.000000e+00,0.000000e+00,0.000000e+00
1.000000e+00,0.000000e+00,0.000000e+00,0.000000e+00,0.000000e+00,0.000000e+00,0.000000e+00,0.000000e+00,0.000000e+00,0.000000e+00,0.000000e+00,0.000000e+00,0.000000e+00,0.000000e+00,0.000000e+00
1.000000e+00,0.000000e+00,0.000000e+00,0.000000e+00,0.000000e+00,0.000000e+00,0.000000e+00,0.000000e+00,0.000000e+00,0.000000e+00,0.000000e+00,0.000000e+00,0.000000e+00,0.000000e+00,0.000000e+00
1.000000e+00,0.000000e+00,0.000000e+00,0.000000e+00,0.000000e+00,0.000000e+00,0.000000e+00,0.000000e+00,0.000000e+00,0.000000e+00,0.000000e+00,0.000000e+00,0.000000e+00,0.000000e+00,0.000000e+00
1.000000e+00,0.000000e+00,0.000000e+00,0.000000e+00,0.000000e+00,0.000000e+00,0.000000e+00,0.000000e+00,0.000000e+00,0.000000e+00,0.000000e+00,0.000000e+00,0.000000e+00,0.000000e+00,0.000000e+00
1.000000e+00,0.000000e+00,0.000000e+00,0.000000e+00,0.000000e+00,0.000000e+00,0.000000e+00,0.000000e+00,0.000000e+00,0.000000e+00,0.000000e+00,0.000000e+00,0.000000e+00,0.000000e+00,0.000000e+00
1.000000e+00,0.000000e+00,0.000000e+00,0.000000e+00,0.000000e+00,0.000000e+00,0.000000e+00,0.000000e+00,0.000000e+00,0.000000e+00,0.000000e+00,0.000000e+00,0.000000e+00,0.000000e+00,0.000000e+00
1.000000e+00,0.000000e+00,0.000000e+00,0.000000e+00,0.000000e+00,0.000000e+00,0.000000e+00,0.000000e+00,0.000000e+00,0.000000e+00,0.000000e+00,0.000000e+00,0.000000e+00,0.000000e+00,0.000000e+00
1.000000e+00,0.000000e+00,0.000000e+00,0.000000e+00,0.000000e+00,0.000000e+00,0.000000e+00,0.000000e+00,0.000000e+00,0.000000e+00,0.000000e+00,0.000000e+00,0.000000e+00,0.000000e+00,0.000000e+00
1.000000e+00,0.000000e+00,0.000000e+00,0.000000e+00,0.000000e+00,0.000000e+00,0.000000e+00,0.000000e+00,0.000000e+00,0.000000e+00,0.000000e+00,0.000000e+00,0.000000e+00,0.000000e+00,0.000000e+00
1.000000e+00,0.000000e+00,0.000000e+00,0.000000e+00,0.000000e+00,0.000000e+00,0.000000e+00,0.000000e+00,0.000000e+00,0.000000e+00,0.000000e+00,0.000000e+00,0.000000e+00,0.000000e+00,0.000000e+00
1.000000e+00,0.000000e+00,0.000000e+00,0.000000e+00,0.000000e+00,0.000000e+00,0.000000e+00,0.000000e+00,0.000000e+00,0.000000e+00,0.000000e+00,0.000000e+00,0.000000e+00,0.000000e+00,0.000000e+00
1.000000e+00,0.000000e+00,0.000000e+00,0.000000e+00,0.000000e+00,0.000000e+00,0.000000e+00,0.000000e+00,0.000000e+00,0.000000e+00,0.000000e+00,0.000000e+00,0.000000e+00,0.000000e+00,0.000000e+00
1.000000e+00,0.000000e+00,0.000000e+00,0.000000e+00,0.000000e+00,0.000000e+00,0.000000e+00,0.000000e+00,0.000000e+00,0.000000e+00,0.000000e+00,0.000000e+00,0.000000e+00,0.000000e+00,0.000000e+00
1.000000e+00,0.000000e+00,0.000000e+00,0.000000e+00,0.000000e+00,0.000000e+00,0.000000e+00,0.000000e+00,0.000000e+00,0.000000e+00,0.000000e+00,0.000000e+00,0.000000e+00,0.000000e+00,0.000000e+00
1.000000e+00,0.000000e+00,0.000000e+00,0.000000e+00,0.000000e+00,0.000000e+00,0.000000e+00,0.000000e+00,0.000000e+00,0.000000e+00,0.000000e+00,0.000000e+00,0.000000e+00,0.000000e+00,0.000000e+00
1.000000e+00,0.000000e+00,0.000000e+00,0.000000e+00,0.000000e+00,0.000000e+00,0.000000e+00,0.000000e+00,0.000000e+00,0.000000e+00,0.000000e+00,0.000000e+00,0.000000e+00,0.000000e+00,0.000000e+00
1.000000e+00,0.000000e+00,0.000000e+00,0.000000e+00,0.000000e+00,0.000000e+00,0.000000e+00,0.000000e+00,0.000000e+00,0.000000e+00,0.000000e+00,0.000000e+00,0.000000e+00,0.000000e+00,0.000000e+00
1.000000e+00,0.000000e+00,0.000000e+00,0.000000e+00,0.000000e+00,0.000000e+00,0.000000e+00,0.000000e+00,0.000000e+00,0.000000e+00,0.000000e+00,0.000000e+00,0.000000e+00,0.000000e+00,0.000000e+00
1.000000e+00,0.000000e+00,0.000000e+00,0.000000e+00,0.000000e+00,0.000000e+00,0.000000e+00,0.000000e+00,0.000000e+00,0.000000e+00,0.000000e+00,0.000000e+00,0.000000e+00,0.000000e+00,0.000000e+00
1.000000e+00,0.000000e+00,0.000000e+00,0.000000e+00,0.000000e+00,0.000000e+00,0.000000e+00,0.000000e+00,0.000000e+00,0.000000e+00,0.000000e+00,0.000000e+00,0.000000e+00,0.000000e+00,0.000000e+00
1.000000e+00,0.000000e+00,0.000000e+00,0.000000e+00,0.000000e+00,0.000000e+00,0.000000e+00,0.000000e+00,0.000000e+00,0.000000e+00,0.000000e+00,0.000000e+00,0.000000e+00,0.000000e+00,0.000000e+00
1.000000e+00,0.000000e+00,0.000000e+00,0.000000e+00,0.000000e+00,0.000000e+00,0.000000e+00,0.000000e+00,0.000000e+00,0.000000e+00,0.000000e+00,0.000000e+00,0.000000e+00,0.000000e+00,0.000000e+00
1.000000e+00,0.000000e+00,0.000000e+00,0.000000e+00,0.000000e+00,0.000000e+00,0.000000e+00,0.000000e+00,0.000000e+00,0.000000e+00,0.000000e+00,0.000000e+00,0.000000e+00,0.000000e+00,0.000000e+00
1.000000e+00,0.000000e+00,0.000000e+00,0.000000e+00,0.000000e+00,0.000000e+00,0.000000e+00,0.000000e+00,0.000000e+00,0.000000e+00,0.000000e+00,0.000000e+00,0.000000e+00,0.000000e+00,0.000000e+00
1.000000e+00,0.000000e+00,0.000000e+00,0.000000e+00,0.000000e+00,0.000000e+00,0.000000e+00,0.000000e+00,0.000000e+00,0.000000e+00,0.000000e+00,0.000000e+00,0.000000e+00,0.000000e+00,0.000000e+00
1.000000e+00,0.000000e+00,0.000000e+00,0.000000e+00,0.000000e+00,0.000000e+00,0.000000e+00,0.000000e+00,0.000000e+00,0.000000e+00,0.000000e+00,0.000000e+00,0.000000e+00,0.000000e+00,0.000000e+00
1.000000e+00,0.000000e+00,0.000000e+00,0.000000e+00,0.000000e+00,0.000000e+00,0.000000e+00,0.000000e+00,0.000000e+00,0.000000e+00,0.000000e+00,0.000000e+00,0.000000e+00,0.000000e+00,0.000000e+00
1.000000e+00,0.000000e+00,0.000000e+00,0.000000e+00,0.000000e+00,0.000000e+00,0.000000e+00,0.000000e+00,0.000000e+00,0.000000e+00,0.000000e+00,0.000000e+00,0.000000e+00,0.000000e+00,0.000000e+00
1.000000e+00,0.000000e+00,0.000000e+00,0.000000e+00,0.000000e+00,0.000000e+00,0.000000e+00,0.000000e+00,0.000000e+00,0.000000e+00,0.000000e+00,0.000000e+00,0.000000e+00,0.000000e+00,0.000000e+00
1.000000e+00,0.000000e+00,0.000000e+00,0.000000e+00,0.000000e+00,0.000000e+00,0.000000e+00,0.000000e+00,0.000000e+00,0.000000e+00,0.000000e+00,0.000000e+00,0.000000e+00,0.000000e+00,0.000000e+00
1.000000e+00,0.000000e+00,0.000000e+00,0.000000e+00,0.000000e+00,0.000000e+00,0.000000e+00,0.000000e+00,0.000000e+00,0.000000e+00,0.000000e+00,0.000000e+00,0.000000e+00,0.000000e+00,0.000000e+00
1.000000e+00,0.000000e+00,0.000000e+00,0.000000e+00,0.000000e+00,0.000000e+00,0.000000e+00,0.000000e+00,0.000000e+00,0.000000e+00,0.000000e+00,0.000000e+00,0.000000e+00,0.000000e+00,0.000000e+00
1.000000e+00,0.000000e+00,0.000000e+00,0.000000e+00,0.000000e+00,0.000000e+00,0.000000e+00,0.000000e+00,0.000000e+00,0.000000e+00,0.000000e+00,0.000000e+00,0.000000e+00,0.000000e+00,0.000000e+00
1.000000e+00,0.000000e+00,0.000000e+00,0.000000e+00,0.000000e+00,0.000000e+00,0.000000e+00,0.000000e+00,0.000000e+00,0.000000e+00,0.000000e+00,0.000000e+00,0.000000e+00,0.000000e+00,0.000000e+00
1.000000e+00,0.000000e+00,0.000000e+00,0.000000e+00,0.000000e+00,0.000000e+00,0.000000e+00,0.000000e+00,0.000000e+00,0.000000e+00,0.000000e+00,0.000000e+00,0.000000e+00,0.000000e+00,0.000000e+00
1.000000e+00,0.000000e+00,0.000000e+00,0.000000e+00,0.000000e+00,0.000000e+00,0.000000e+00,0.000000e+00,0.000000e+00,0.000000e+00,0.000000e+00,0.000000e+00,0.000000e+00,0.000000e+00,0.000000e+00
1.000000e+00,0.000000e+00,0.000000e+00,0.000000e+00,0.000000e+00,0.000000e+00,0.000000e+00,0.000000e+00,0.000000e+00,0.000000e+00,0.000000e+00,0.000000e+00,0.000000e+00,0.000000e+00,0.000000e+00
1.000000e+00,0.000000e+00,0.000000e+00,0.000000e+00,0.000000e+00,0.000000e+00,0.000000e+00,0.000000e+00,0.000000e+00,0.000000e+00,0.000000e+00,0.000000e+00,0.000000e+00,0.000000e+00,0.000000e+00
1.000000e+00,0.000000e+00,0.000000e+00,0.000000e+00,0.000000e+00,0.000000e+00,0.000000e+00,0.000000e+00,0.000000e+00,0.000000e+00,0.000000e+00,0.000000e+00,0.000000e+00,0.000000e+00,0.000000e+00
1.000000e+00,0.000000e+00,0.000000e+00,0.000000e+00,0.000000e+00,0.000000e+00,0.000000e+00,0.000000e+00,0.000000e+00,0.000000e+00,0.000000e+00,0.000000e+00,0.000000e+00,0.000000e+00,0.000000e+00
1.000000e+00,0.000000e+00,0.000000e+00,0.000000e+00,0.000000e+00,0.000000e+00,0.000000e+00,0.000000e+00,0.000000e+00,0.000000e+00,0.000000e+00,0.000000e+00,0.000000e+00,0.000000e+00,0.000000e+00
1.000000e+00,0.000000e+00,0.000000e+00,0.000000e+00,0.000000e+00,0.000000e+00,0.000000e+00,0.000000e+00,0.000000e+00,0.000000e+00,0.000000e+00,0.000000e+00,0.000000e+00,0.000000e+00,0.000000e+00
1.000000e+00,0.000000e+00,0.000000e+00,0.000000e+00,0.000000e+00,0.000000e+00,0.000000e+00,0.000000e+00,0.000000e+00,0.000000e+00,0.000000e+00,0.000000e+00,0.000000e+00,0.000000e+00,0.000000e+00
4.398607e-01,2.950127e-03,8.757122e-03,5.479638e-03,4.197469e-03,9.121316e-03,8.067438e-03,4.937215e-01,1.397311e-03,7.672526e-04,1.982452e-03,1.085179e-02,6.963599e-03,9.268179e-04,4.955464e-03
4.079438e-01,2.461825e-03,7.948934e-03,4.956658e-03,3.739009e-03,8.674781e-03,7.719708e-03,5.294107e-01,1.276314e-03,7.232469e-04,1.810242e-03,1.138600e-02,6.595169e-03,7.843110e-04,4.569431e-03
4.004258e-01,2.141824e-03,7.267579e-03,4.376776e-03,3.635219e-03,8.204562e-03,8.283308e-03,5.382046e-01,1.172015e-03,7.618099e-04,1.721658e-03,1.179759e-02,6.735282e-03,7.965114e-04,4.475554e-03
4.212643e-01,1.965462e-03,7.174323e-03,4.141455e-03,3.705452e-03,8.096236e-03,7.862658e-03,5.162808e-01,1.147464e-03,8.675866e-04,1.704439e-03,1.330699e-02,7.026333e-03,8.183524e-04,4.638186e-03
4.603527e-01,1.734795e-03,7.307691e-03,4.015256e-03,3.727372e-03,8.789076e-03,7.769227e-03,4.762027e-01,1.146722e-03,1.035869e-03,1.721928e-03,1.394418e-02,6.780074e-03,8.607966e-04,4.611622e-03
4.924534e-01,1.544819e-03,5.887054e-03,3.736490e-03,4.197787e-03,7.773126e-03,6.400538e-03,4.473436e-01,2.491501e-03,1.141368e-03,2.156103e-03,1.299003e-02,7.079421e-03,8.769404e-04,3.927802e-03
4.490773e-01,2.146656e-03,4.624043e-03,5.161046e-03,4.620605e-03,7.531093e-03,4.794281e-03,4.418144e-01,1.686331e-02,3.681518e-03,6.275440e-03,1.756928e-02,2.872240e-02,2.018455e-03,5.100245e-03
3.546992e-01,3.066366e-03,3.353590e-03,1.738730e-02,6.408181e-03,6.033593e-03,3.587815e-03,3.582850e-01,2.812500e-02,1.325112e-02,2.994348e-02,6.401182e-02,9.901768e-02,3.712730e-03,9.117175e-03
2.513706e-01,3.115135e-03,2.443637e-03,3.435057e-02,5.182934e-03,4.533653e-03,2.556141e-03,2.557372e-01,4.373909e-02,1.620550e-01,4.344733e-02,5.535567e-02,1.185444e-01,3.294413e-03,1.427419e-02
1.779344e-01,6.073502e-03,2.035473e-03,8.523314e-02,3.939109e-03,3.758485e-03,1.916894e-03,1.801379e-01,4.938756e-02,1.765293e-01,5.864292e-02,5.973527e-02,1.603090e-01,2.976770e-03,3.139016e-02
1.253158e-01,5.073524e-03,2.022823e-03,8.899813e-02,3.640069e-03,3.948509e-03,1.496807e-03,1.267288e-01,3.852769e-02,1.332423e-01,8.647203e-02,8.610748e-02,2.691191e-01,2.513412e-03,2.679350e-02
8.875534e-02,4.143067e-03,2.800032e-03,1.148390e-01,4.255944e-03,6.575336e-03,1.519151e-03,8.996665e-02,3.557295e-02,1.093877e-01,8.881766e-02,1.418250e-01,2.765772e-01,4.000316e-03,3.096459e-02
6.289279e-02,3.160349e-03,3.292285e-03,1.036005e-01,4.364409e-03,1.334764e-02,1.701995e-03,6.313003e-02,2.828894e-02,8.016311e-02,1.087200e-01,2.001277e-01,2.987166e-01,5.364716e-03,2.312890e-02
4.455463e-02,2.378788e-03,3.014009e-03,8.109897e-02,2.024697e-02,1.024135e-02,1.312818e-03,4.436350e-02,3.232467e-02,5.908373e-02,2.108915e-01,2.120449e-01,2.579039e-01,3.906335e-03,1.663394e-02
3.140733e-02,1.692413e-03,2.259811e-03,5.764899e-02,1.624081e-02,8.719318e-03,1.029753e-03,3.143121e-02,2.431381e-02,4.173217e-02,1.584986e-01,3.272230e-01,2.825371e-01,3.224257e-03,1.204137e-02
2.297147e-02,1.349446e-03,2.518142e-03,4.064758e-02,1.755501e-02,1.243111e-02,1.116420e-03,2.869474e-02,3.221121e-02,2.972448e-02,1.192454e-01,3.516526e-01,3.278970e-01,2.781585e-03,9.203790e-03
1.738870e-02,1.205550e-03,2.372648e-03,2.886752e-02,2.020890e-02,1.582088e-02,1.116200e-03,2.879254e-02,7.449567e-02,2.200528e-02,9.603809e-02,3.430669e-01,3.393029e-01,2.274286e-03,7.043868e-03
1.412944e-02,2.544748e-03,2.278443e-03,2.046526e-02,2.586158e-02,1.580541e-02,1.892293e-03,2.368064e-02,2.541783e-01,1.618712e-02,7.163402e-02,2.682934e-01,2.760095e-01,1.718102e-03,5.321704e-03
1.251291e-02,5.448807e-03,3.283096e-03,1.517028e-02,3.036944e-02,2.920935e-02,2.265377e-03,2.337638e-02,2.723317e-01,1.316288e-02,5.560726e-02,2.616262e-01,2.687255e-01,1.985960e-03,4.924824e-03
1.320033e-02,8.600866e-03,8.877791e-03,1.333036e-02,2.975271e-02,5.630864e-02,2.464302e-03,2.444910e-02,2.461941e-01,1.335151e-02,4.338195e-02,2.685938e-01,2.628065e-01,3.027213e-03,5.660751e-03
1.414165e-02,9.458743e-03,8.042838e-03,1.001067e-02,3.507018e-02,5.389301e-02,2.601907e-03,2.212144e-02,2.420163e-01,1.127021e-02,3.774583e-02,2.466027e-01,2.959805e-01,3.371125e-03,7.672801e-03
2.117754e-02,1.181019e-02,7.267207e-03,8.150193e-03,6.315878e-02,5.385154e-02,3.679793e-03,2.006358e-02,2.947040e-01,9.575987e-03,3.245854e-02,2.075503e-01,2.567265e-01,3.188090e-03,6.637623e-03
3.097340e-02,1.260097e-02,6.540063e-03,7.718605e-03,8.938524e-02,4.599117e-02,4.451943e-03,2.205173e-02,3.626927e-01,7.374214e-03,2.643455e-02,1.682243e-01,2.074013e-01,3.222753e-03,4.937016e-03
3.184747e-02,1.641205e-02,8.510016e-03,8.129998e-03,1.118541e-01,4.895465e-02,5.068263e-03,2.868373e-02,4.197851e-01,5.582914e-03,2.061534e-02,1.261576e-01,1.616469e-01,2.870990e-03,3.880859e-03
5.199350e-02,2.450275e-02,2.644320e-02,2.989367e-02,1.012202e-01,4.169926e-02,4.133407e-03,4.394615e-02,3.855334e-01,4.649043e-03,2.667858e-02,1.024156e-01,1.475529e-01,3.254603e-03,6.083694e-03
7.227758e-02,2.382555e-02,3.586890e-02,2.781170e-02,1.081478e-01,4.277309e-02,4.428378e-03,7.224240e-02,3.764559e-01,4.613439e-03,2.354494e-02,7.617049e-02,1.183906e-01,3.583940e-03,9.865237e-03
9.271970e-02,2.869327e-02,3.254932e-02,2.366708e-02,1.428003e-01,4.006774e-02,7.395381e-03,6.517351e-02,3.706261e-01,4.071896e-03,2.055619e-02,6.016577e-02,9.482124e-02,3.957530e-03,1.273504e-02
1.239057e-01,3.050492e-02,2.583151e-02,2.111444e-02,1.950468e-01,4.949540e-02,7.970110e-03,5.359453e-02,3.108895e-01,3.906353e-03,1.901591e-02,4.892915e-02,9.140785e-02,5.401666e-03,1.298624e-02
1.644819e-01,2.676963e-02,2.288946e-02,2.398591e-02,2.109795e-01,6.245747e-02,8.517575e-03,5.792975e-02,2.517808e-01,4.172432e-03,1.770934e-02,4.255306e-02,8.683708e-02,6.930111e-03,1.200593e-02
2.194035e-01,3.934914e-02,2.330681e-02,2.640864e-02,1.546992e-01,5.084078e-02,7.739531e-03,4.696561e-02,2.032382e-01,1.528322e-02,2.168504e-02,4.016194e-02,8.266962e-02,1.543530e-02,5.281341e-02
2.950093e-01,3.165729e-02,1.915050e-02,2.320691e-02,1.156447e-01,4.147010e-02,6.543389e-03,4.236185e-02,2.151793e-01,1.321338e-02,2.287460e-02,3.442526e-02,6.742855e-02,1.776088e-02,5.407405e-02
3.111496e-01,2.564395e-02,1.625073e-02,3.385653e-02,8.638169e-02,3.610858e-02,5.580158e-03,3.960664e-02,2.468917e-01,1.007948e-02,3.436867e-02,4.070405e-02,5.364045e-02,1.591938e-02,4.381849e-02
2.544832e-01,1.949843e-02,1.193714e-02,2.531817e-02,6.115443e-02,2.660677e-02,3.975499e-03,2.903190e-02,3.928394e-01,1.579859e-02,2.907825e-02,3.080982e-02,4.113992e-02,1.662669e-02,4.170176e-02
2.306498e-01,1.577621e-02,9.278283e-03,1.835908e-02,4.618922e-02,2.015776e-02,3.018110e-03,2.239553e-02,4.554105e-01,1.579401e-02,3.444870e-02,2.608750e-02,3.545114e-02,3.156357e-02,3.542065e-02
2.213645e-01,1.553918e-02,7.700545e-03,2.720642e-02,3.483490e-02,2.193759e-02,2.292017e-03,1.728730e-02,4.853697e-01,1.242539e-02,3.784714e-02,2.443343e-02,3.016980e-02,2.879455e-02,3.279751e-02
3.037504e-01,1.522834e-02,8.467594e-03,2.667859e-02,3.189862e-02,2.167749e-02,2.231028e-03,1.311359e-02,4.067127e-01,9.204005e-03,3.564935e-02,2.949414e-02,3.538693e-02,3.313593e-02,2.737129e-02
3.347811e-01,1.970714e-02,9.396532e-03,2.000623e-02,2.924838e-02,2.280947e-02,1.895477e-03,1.030929e-02,3.483179e-01,6.978835e-03,3.342737e-02,2.543044e-02,3.169744e-02,7.408583e-02,3.190860e-02
2.557845e-01,1.816566e-02,7.993564e-03,1.436872e-02,2.167049e-02,1.978980e-02,1.399065e-03,7.552749e-03,2.793434e-01,8.608924e-03,3.238245e-02,1.890106e-02,2.469315e-02,2.533626e-01,3.598389e-02
2.080535e-01,1.712988e-02,8.051647e-03,1.193255e-02,1.739053e-02,1.903767e-02,1.136285e-03,5.705457e-03,3.082460e-01,8.828317e-03,2.817484e-02,1.408636e-02,1.891740e-02,2.859995e-01,4.731008e-02
1.614117e-01,1.981345e-02,7.608681e-03,9.099781e-03,1.870882e-02,1.851526e-02,8.990231e-04,4.387516e-03,3.577870e-01,1.116026e-02,3.152186e-02,1.022924e-02,1.433104e-02,2.898059e-01,4.472041e-02
1.150502e-01,1.494605e-02,5.945335e-03,6.624492e-03,1.389770e-02,1.405200e-02,6.777885e-04,3.117425e-03,4.527707e-01,1.651573e-02,2.438862e-02,7.262893e-03,1.059112e-02,2.600171e-01,5.414276e-02
8.211354e-02,1.188654e-02,4.985775e-03,5.421531e-03,1.096043e-02,1.208040e-02,5.986901e-04,2.506518e-03,5.369991e-01,1.699456e-02,1.874933e-02,5.218598e-03,7.920339e-03,2.282438e-01,5.532080e-02
8.057624e-02,1.154417e-02,1.219282e-02,5.759824e-03,1.457329e-02,1.480579e-02,8.635264e-04,3.641690e-03,5.628030e-01,2.233886e-02,2.015390e-02,4.036116e-03,6.247714e-03,1.949724e-01,4.549067e-02
9.949431e-02,1.174493e-02,3.372618e-02,7.630729e-03,1.750896e-02,2.550802e-02,7.691833e-04,3.614576e-03,5.449603e-01,2.680980e-02,1.950581e-02,3.192252e-03,5.093674e-03,1.550961e-01,4.534522e-02
9.524105e-02,1.244455e-02,3.659331e-02,8.039869e-03,2.960152e-02,2.543286e-02,7.040763e-04,9.113424e-03,5.616857e-01,2.758075e-02,1.527909e-02,2.423853e-03,4.053945e-03,1.277178e-01,4.408827e-02
7.883245e-02,1.076996e-02,8.477758e-02,2.913996e-02,3.880312e-02,1.988448e-02,8.172416e-04,1.203495e-02,5.409307e-01,3.773339e-02,1.161936e-02,1.799457e-03,3.075595e-03,9.117717e-02,3.860456e-02
6.619557e-02,1.249916e-02,9.516867e-02,3.004676e-02,4.122597e-02,2.058224e-02,6.551268e-04,1.023639e-02,5.049437e-01,6.655587e-02,8.725577e-03,1.337312e-03,2.614361e-03,6.601511e-02,7.319818e-02
8.266307e-02,2.851134e-02,1.657166e-01,2.630919e-02,9.612077e-02,4.184660e-02,7.869470e-04,1.041515e-02,3.775353e-01,4.823470e-02,6.756782e-03,1.018210e-03,1.951921e-03,5.304718e-02,5.908622e-02
1.107668e-01,4.527817e-02,1.450816e-01,2.683804e-02,1.428308e-01,1.046576e-01,1.072743e-03,9.090965e-03,2.767855e-01,3.503640e-02,5.836549e-03,7.808685e-04,1.515265e-03,4.587365e-02,4.855505e-02
1.254453e-01,1.137784e-01,1.129623e-01,3.450514e-02,1.431520e-01,1.000937e-01,2.047830e-03,8.090802e-03,2.306614e-01,2.721782e-02,5.468780e-03,6.997699e-04,1.487333e-03,3.947737e-02,5.491203e-02
1.136375e-01,1.421556e-01,8.848224e-02,6.184755e-02,1.572513e-01,1.169769e-01,2.092655e-03,8.323159e-03,1.934928e-01,2.182910e-02,5.258111e-03,9.179920e-04,1.408241e-03,3.019024e-02,5.613666e-02
1.116844e-01,1.363121e-01,6.805539e-02,5.469293e-02,1.533220e-01,1.831764e-01,2.143854e-03,9.215974e-03,1.823840e-01,1.873706e-02,5.425711e-03,1.024669e-03,1.865519e-03,2.522019e-02,4.673975e-02
1.226505e-01,1.227865e-01,5.571788e-02,4.184516e-02,1.529305e-01,1.944065e-01,1.810698e-03,9.293117e-03,2.097791e-01,1.525679e-02,7.726251e-03,1.268736e-03,2.150014e-03,2.528085e-02,3.709735e-02
1.017000e-01,9.300673e-02,4.462152e-02,3.534980e-02,1.428906e-01,2.410055e-01,1.494702e-03,7.963393e-03,2.518974e-01,1.286970e-02,1.201765e-02,1.405845e-03,2.053441e-03,2.211495e-02,2.960866e-02
9.784130e-02,6.875109e-02,4.297938e-02,3.000897e-02,1.789987e-01,2.193965e-01,1.273351e-03,7.186959e-03,2.831264e-01,1.084808e-02,1.036085e-02,1.523609e-03,2.205198e-03,1.994681e-02,2.555287e-02
1.770008e-01,5.241917e-02,3.415552e-02,2.409304e-02,2.351406e-01,1.807881e-01,1.616867e-03,6.579808e-03,2.245263e-01,8.509309e-03,9.014316e-03,3.379900e-03,2.257124e-03,1.799691e-02,2.252220e-02
2.537579e-01,4.078107e-02,2.659925e-02,2.408985e-02,1.811318e-01,1.926112e-01,2.182948e-03,6.089569e-03,1.761468e-01,8.733349e-03,1.102078e-02,1.772099e-02,4.928255e-03,2.803371e-02,2.617250e-02
3.569908e-01,3.528221e-02,2.131122e-02,2.148855e-02,1.333215e-01,1.833663e-01,2.444857e-03,6.402240e-03,1.277632e-01,7.297250e-03,1.217301e-02,2.040606e-02,6.307200e-03,2.831177e-02,3.713387e-02
4.288652e-01,2.833171e-02,1.732731e-02,2.074270e-02,9.562794e-02,1.851170e-01,3.304826e-03,8.356901e-03,9.232263e-02,6.646736e-03,1.364412e-02,2.634193e-02,8.570869e-03,2.503147e-02,3.976878e-02
1.000000e+00,0.000000e+00,0.000000e+00,0.000000e+00,0.000000e+00,0.000000e+00,0.000000e+00,0.000000e+00,0.000000e+00,0.000000e+00,0.000000e+00,0.000000e+00,0.000000e+00,0.000000e+00,0.000000e+00
1.000000e+00,0.000000e+00,0.000000e+00,0.000000e+00,0.000000e+00,0.000000e+00,0.000000e+00,0.000000e+00,0.000000e+00,0.000000e+00,0.000000e+00,0.000000e+00,0.000000e+00,0.000000e+00,0.000000e+00
4.521556e-01,2.044302e-02,9.996522e-03,3.687744e-02,4.021387e-02,1.198097e-01,4.264062e-03,6.194862e-03,5.345292e-02,5.380957e-03,3.021178e-02,1.146418e-01,5.970225e-02,1.474108e-02,3.191418e-02
4.442808e-01,1.692929e-02,7.878357e-03,3.737450e-02,3.088088e-02,1.040790e-01,4.024757e-03,5.193329e-03,5.342060e-02,4.621235e-03,3.111043e-02,1.278017e-01,9.051597e-02,1.314211e-02,2.874702e-02
4.371799e-01,1.502107e-02,6.229665e-03,4.019738e-02,2.890641e-02,9.109224e-02,4.622422e-03,5.320576e-03,5.237306e-02,3.968949e-03,4.035657e-02,1.224322e-01,1.157842e-01,1.045884e-02,2.605653e-02
3.973677e-01,1.371996e-02,5.620382e-03,3.809694e-02,2.540994e-02,7.904431e-02,4.013324e-03,5.675157e-03,4.406003e-02,3.650120e-03,4.365882e-02,1.381310e-01,1.559688e-01,1.016193e-02,3.542161e-02
3.032526e-01,1.194775e-02,5.366276e-03,2.957246e-02,3.442191e-02,6.288864e-02,3.334162e-03,7.818419e-03,3.823968e-02,3.451446e-03,5.427746e-02,1.950820e-01,1.914791e-01,1.355064e-02,4.531744e-02
2.213054e-01,8.982798e-03,4.328145e-03,2.183490e-02,3.069129e-02,5.056105e-02,2.798513e-03,6.243388e-03,3.183883e-02,3.040881e-03,5.569769e-02,2.731884e-01,2.299209e-01,1.882393e-02,4.074389e-02
1.645585e-01,7.320783e-03,3.569168e-03,1.617737e-02,3.440647e-02,3.833451e-02,2.694552e-03,7.095461e-03,3.033775e-02,4.789442e-03,7.215260e-02,2.554219e-01,3.078656e-01,1.882607e-02,3.644986e-02
1.228242e-01,7.135959e-03,4.501552e-03,1.279195e-02,3.942127e-02,3.320228e-02,2.795220e-03,1.550810e-02,4.553497e-02,8.909763e-03,1.117687e-01,2.220847e-01,3.237857e-01,1.929818e-02,3.043749e-02
8.834080e-02,9.509558e-03,3.900178e-03,1.013060e-02,3.012716e-02,2.622849e-02,2.183476e-03,1.282067e-02,7.839650e-02,8.349346e-03,1.029878e-01,1.995859e-01,3.889556e-01,1.528996e-02,2.319399e-02
6.760196e-02,1.010850e-02,3.537262e-03,8.201484e-03,2.418653e-02,2.664984e-02,2.899363e-03,2.185271e-02,8.366998e-02,9.403095e-03,8.019238e-02,2.789549e-01,3.457469e-01,1.351122e-02,2.348397e-02
5.358035e-02,8.057778e-03,4.190278e-03,8.170035e-03,2.529919e-02,2.264137e-02,2.938094e-03,3.228674e-02,9.542605e-02,7.099065e-03,6.591671e-02,2.916508e-01,3.533484e-01,1.061806e-02,1.877713e-02
5.148235e-02,5.997151e-03,8.824499e-03,1.297222e-02,2.487466e-02,2.395345e-02,5.139189e-03,1.500179e-01,8.065772e-02,5.543824e-03,5.166950e-02,2.341272e-01,3.218191e-01,7.953794e-03,1.496743e-02
5.445030e-02,4.830109e-03,8.398374e-03,1.699473e-02,3.667978e-02,2.252069e-02,4.553995e-03,1.814230e-01,1.195579e-01,4.265972e-03,4.329365e-02,1.792611e-01,3.066780e-01,5.715809e-03,1.137661e-02
4.042529e-02,3.602419e-03,6.630286e-03,1.514443e-02,3.386078e-02,1.689010e-02,3.901448e-03,3.301406e-01,1.135510e-01,3.095367e-03,3.371224e-02,1.288171e-01,2.573368e-01,4.023134e-03,8.868965e-03
3.074805e-02,3.867360e-03,6.376889e-03,1.355515e-02,3.573738e-02,1.536528e-02,4.424864e-03,3.697872e-01,1.787060e-01,2.364269e-03,2.617836e-02,9.397703e-02,2.086010e-01,2.838433e-03,7.472709e-03
2.629284e-02,8.351352e-03,9.145394e-03,1.267772e-02,4.454871e-02,1.633283e-02,4.347957e-03,3.324030e-01,2.840701e-01,1.734909e-03,2.032530e-02,6.865551e-02,1.629922e-01,2.007152e-03,6.114890e-03
2.250494e-02,2.987315e-02,9.677323e-03,1.350016e-02,3.945122e-02,2.467364e-02,4.185091e-03,2.431585e-01,4.259694e-01,1.339595e-03,1.507151e-02,4.851096e-02,1.157581e-01,1.417393e-03,4.908994e-03
2.626553e-02,3.873175e-02,1.081350e-02,1.288091e-02,5.097560e-02,1.919813e-02,6.237742e-03,1.972364e-01,5.043809e-01,1.038893e-03,1.099749e-02,3.427099e-02,8.235592e-02,1.006084e-03,3.610067e-03
2.251986e-02,2.742754e-02,1.281669e-02,1.782259e-02,5.212675e-02,1.409285e-02,6.631518e-03,3.184464e-01,4.342136e-01,7.508068e-04,7.764293e-03,2.403153e-02,5.808172e-02,7.104710e-04,2.563342e-03
2.035197e-02,2.065198e-02,1.004179e-02,1.456998e-02,6.217419e-02,1.023794e-02,5.540778e-03,4.478049e-01,3.421894e-01,5.347573e-04,5.512338e-03,1.685211e-02,4.115157e-02,5.045834e-04,1.881764e-03
1.826087e-02,1.492752e-02,7.384018e-03,1.108489e-02,5.483554e-02,7.365604e-03,4.112110e-03,5.874320e-01,2.478360e-01,3.796520e-04,3.910472e-03,1.181294e-02,2.894594e-02,3.575565e-04,1.354859e-03
1.515405e-02,1.052719e-02,5.795784e-03,8.312596e-03,4.307511e-02,5.339890e-03,2.974170e-03,7.020243e-01,1.739218e-01,2.702635e-04,2.783065e-03,8.279391e-03,2.032596e-02,2.521823e-04,9.641951e-04
1.574248e-02,7.511764e-03,4.226604e-03,6.491371e-03,3.502490e-02,4.243565e-03,2.192327e-03,7.789415e-01,1.223326e-01,1.955667e-04,2.067789e-03,5.822798e-03,1.433200e-02,1.798853e-04,6.947091e-04
1.918405e-02,5.688495e-03,3.107941e-03,5.254427e-03,3.305798e-02,3.266205e-03,2.349845e-03,8.228676e-01,8.837213e-02,1.471890e-04,1.620785e-03,4.181346e-03,1.026239e-02,1.312506e-04,5.082961e-04
4.327699e-02,4.629742e-03,2.822703e-03,8.639226e-03,2.515390e-02,3.488316e-03,1.803594e-03,8.234617e-01,6.594657e-02,2.842729e-04,5.035691e-03,4.695428e-03,1.001207e-02,1.432021e-04,6.065728e-04
7.881264e-02,3.962561e-03,2.244836e-03,6.994492e-03,2.009012e-02,1.064123e-02,2.086459e-03,7.928028e-01,5.003654e-02,2.495788e-04,4.597437e-03,3.702088e-03,2.274138e-02,1.552455e-04,8.825983e-04
1.254529e-01,3.438434e-03,2.282440e-03,6.883834e-03,1.641069e-02,3.501605e-02,1.891951e-03,6.313320e-01,3.654999e-02,2.353089e-04,4.019615e-03,3.197891e-03,1.307101e-01,2.898537e-04,2.288800e-03
1.761224e-01,3.379676e-03,2.191887e-03,9.037071e-03,1.407334e-02,4.993413e-02,1.746521e-03,4.658717e-01,2.782180e-02,2.275367e-04,4.281678e-03,2.895614e-03,2.367491e-01,3.431142e-04,5.324432e-03
1.696085e-01,3.825977e-03,2.192391e-03,9.577418e-03,1.083297e-02,4.191080e-02,2.471186e-03,3.360172e-01,3.254255e-02,5.962084e-04,4.267549e-03,3.410413e-03,3.761902e-01,4.176851e-04,6.138926e-03
1.396180e-01,3.234727e-03,1.813928e-03,7.949565e-03,8.210014e-03,3.241978e-02,2.073789e-03,2.358501e-01,2.497888e-02,5.457010e-04,3.790060e-03,3.788159e-03,5.302101e-01,3.663633e-04,5.150915e-03
1.127298e-01,3.079932e-03,1.390064e-03,6.246433e-03,6.218132e-03,2.997208e-02,1.903765e-03,1.659098e-01,1.909527e-02,4.419535e-04,3.393551e-03,5.760252e-03,6.379631e-01,3.553868e-04,5.540587e-03
8.666688e-02,2.638678e-03,1.180795e-03,5.027952e-03,5.330273e-03,2.741997e-02,1.684039e-03,1.168264e-01,2.043841e-02,4.549076e-04,3.064225e-03,8.223203e-03,7.106861e-01,4.790857e-04,9.879057e-03
6.714284e-02,3.079446e-03,1.259670e-03,4.970996e-03,4.642475e-03,3.244784e-02,1.697733e-03,8.226324e-02,3.682233e-02,8.096535e-04,3.738384e-03,1.138664e-02,7.212059e-01,6.077261e-04,2.792506e-02
4.929612e-02,2.488896e-03,1.653425e-03,1.117399e-02,3.904126e-03,3.755355e-02,1.383123e-03,6.471736e-02,4.622455e-02,3.609313e-03,5.694088e-03,2.211117e-02,7.221627e-01,7.231031e-04,2.730444e-02
3.589473e-02,2.443560e-03,1.647820e-03,1.184511e-02,3.121890e-03,4.212192e-02,1.023994e-03,5.766952e-02,4.979137e-02,7.371722e-03,2.315650e-02,5.685966e-02,6.832203e-01,1.182937e-03,2.264891e-02
2.731531e-02,3.498682e-03,1.773251e-03,2.735948e-02,5.104660e-03,3.453010e-02,7.755189e-04,5.473175e-02,9.367438e-02,8.190800e-03,4.791988e-02,6.933712e-02,6.042957e-01,1.232923e-03,2.026046e-02
2.043374e-02,3.856998e-03,1.535013e-03,2.796357e-02,5.728611e-03,2.469629e-02,5.824512e-04,5.091066e-02,2.225675e-01,7.911156e-03,5.741850e-02,6.881374e-02,4.866999e-01,9.724551e-04,1.990945e-02
1.454951e-02,5.145754e-03,1.164078e-03,2.028123e-02,4.876288e-03,1.762101e-02,4.444975e-04,3.760010e-02,4.219097e-01,5.873885e-03,4.635634e-02,5.861814e-02,3.504708e-01,6.877338e-04,1.440092e-02
1.051322e-02,1.274904e-02,1.009448e-03,2.161160e-02,1.035942e-02,1.377264e-02,3.625916e-04,2.681627e-02,5.658568e-01,4.229174e-03,3.347764e-02,4.178619e-02,2.466983e-01,4.882361e-04,1.026944e-02
7.859843e-03,1.999513e-02,1.408347e-03,5.398573e-02,1.072488e-02,1.180535e-02,2.895255e-04,1.927267e-02,6.327099e-01,3.277512e-03,2.586393e-02,3.022895e-02,1.746120e-01,3.622455e-04,7.604121e-03
6.794351e-03,2.037718e-02,2.058788e-03,4.906508e-02,1.978297e-02,8.633306e-03,4.411771e-04,1.662478e-02,7.013198e-01,2.540505e-03,2.007301e-02,2.190931e-02,1.244648e-01,2.700059e-04,5.644972e-03
5.775175e-03,1.689588e-02,8.417788e-03,1.514420e-01,3.272257e-02,7.544617e-03,4.951935e-04,2.610110e-02,6.233795e-01,2.074401e-03,1.631316e-02,1.587236e-02,8.849126e-02,2.167584e-04,4.258259e-03
7.009050e-03,1.490300e-02,9.075820e-03,1.251209e-01,4.017372e-02,6.015545e-03,6.670723e-04,2.389697e-02,6.803936e-01,1.716800e-03,1.304670e-02,1.144640e-02,6.282578e-02,1.770318e-04,3.531644e-03
6.014457e-03,1.430087e-02,1.442381e-02,2.630235e-01,3.633684e-02,4.756328e-03,5.538127e-04,2.717509e-02,5.619582e-01,1.894447e-03,1.266123e-02,8.455552e-03,4.481181e-02,1.831200e-04,3.450919e-03
1.311245e-02,3.912157e-02,2.064531e-02,3.048042e-01,2.968146e-02,3.714564e-03,4.682036e-04,2.272460e-02,5.053687e-01,2.773521e-03,1.284426e-02,6.300427e-03,3.172275e-02,2.788900e-04,6.439033e-03
2.672370e-02,6.231131e-02,2.328063e-02,2.891249e-01,4.198105e-02,4.731519e-03,6.197572e-04,2.119908e-02,4.711274e-01,3.609351e-03,1.272476e-02,4.947405e-03,2.281247e-02,3.921771e-04,1.441449e-02
2.789374e-02,5.032952e-02,2.422866e-02,3.263910e-01,3.568397e-02,3.574218e-03,5.054407e-04,2.336360e-02,4.567427e-01,4.047497e-03,1.008209e-02,3.667575e-03,1.625395e-02,3.150271e-04,1.692091e-02
6.321335e-02,7.600847e-02,2.237722e-02,2.926247e-01,5.895971e-02,4.912407e-03,7.413769e-04,5.480648e-02,3.741720e-01,3.214898e-03,1.015103e-02,3.015286e-03,1.212415e-02,4.575712e-04,2.322130e-02
5.011062e-02,6.168207e-02,3.368850e-02,3.160175e-01,4.917821e-02,4.350569e-03,6.160591e-04,4.517270e-02,3.782058e-01,4.919893e-03,1.023234e-02,2.456595e-03,9.093503e-03,7.000662e-04,3.357559e-02
4.099081e-02,5.619068e-02,3.828032e-02,3.366933e-01,3.559722e-02,3.417452e-03,5.090318e-04,3.281507e-02,3.343654e-01,5.921678e-03,5.041103e-02,4.793636e-03,1.341007e-02,2.079355e-03,4.452496e-02
2.925778e-02,4.180923e-02,2.907732e-02,3.585334e-01,2.567785e-02,2.485486e-03,3.941229e-04,2.325115e-02,2.590483e-01,5.082664e-03,1.649156e-01,7.114096e-03,1.873965e-02,1.704311e-03,3.290914e-02
2.054062e-02,2.957141e-02,2.059454e-02,3.676484e-01,1.818202e-02,1.765864e-03,2.798248e-04,1.637065e-02,1.889820e-01,3.731558e-03,2.688977e-01,2.308969e-02,1.515197e-02,1.914300e-03,2.327951e-02
1.454522e-02,2.080901e-02,1.448546e-02,3.442972e-01,1.302564e-02,1.336139e-03,2.109350e-04,1.161480e-02,1.338621e-01,2.805733e-03,3.726976e-01,3.533530e-02,1.304941e-02,5.587868e-03,1.633762e-02
1.068050e-02,1.461249e-02,1.020267e-02,2.650646e-01,1.684456e-02,1.139120e-03,1.611722e-04,8.209988e-03,9.435170e-02,2.875905e-03,4.612126e-01,5.022888e-02,1.112233e-02,4.175915e-02,1.153438e-02
8.441726e-03,1.028777e-02,7.317565e-03,2.158068e-01,4.364798e-02,1.781991e-03,1.348214e-04,5.972652e-03,6.718107e-02,4.842276e-03,4.710217e-01,9.912996e-02,8.942746e-03,4.725897e-02,8.231989e-03
8.815392e-03,7.486819e-03,5.425414e-03,1.595811e-01,7.161545e-02,2.725768e-03,1.309565e-04,4.597583e-03,4.763378e-02,8.242013e-03,4.875851e-01,1.202062e-01,8.043650e-03,6.196156e-02,5.949210e-03
8.556811e-03,6.101411e-03,4.284055e-03,1.148564e-01,5.868690e-02,3.133833e-03,1.426441e-04,4.210072e-03,3.430893e-02,1.630193e-02,4.558761e-01,1.525873e-01,9.712961e-03,1.268662e-01,4.374433e-03
9.277035e-03,5.260496e-03,3.745030e-03,8.368927e-02,4.706523e-02,5.791578e-03,2.170161e-04,6.701420e-03,2.489422e-02,1.993431e-02,4.867376e-01,1.587451e-01,9.264232e-03,1.353979e-01,3.279661e-03
1.070403e-02,4.349577e-03,3.264852e-03,6.056242e-02,3.613936e-02,7.441483e-03,2.566172e-04,6.351985e-03,1.818830e-02,2.184447e-02,5.501408e-01,1.447407e-01,8.050972e-03,1.250072e-01,2.957276e-03
1.025234e-02,3.431056e-03,3.116353e-03,4.294377e-02,2.682713e-02,6.561159e-03,3.074381e-04,7.911433e-03,1.330515e-02,2.695882e-02,6.093102e-01,1.228285e-01,7.033654e-03,1.101027e-01,9.110370e-03
1.007783e-02,2.629317e-03,3.187493e-03,3.055063e-02,2.006179e-02,5.636954e-03,3.403202e-04,7.823129e-03,9.846332e-03,2.254722e-02,6.600233e-01,1.285469e-01,5.648803e-03,8.485510e-02,8.224944e-03
7.572531e-03,1.938273e-03,2.462485e-03,2.164202e-02,1.480821e-02,4.098922e-03,3.253933e-04,5.818774e-03,7.165061e-03,1.633644e-02,7.456664e-01,9.846763e-02,4.279004e-03,6.228276e-02,7.136135e-03
7.323706e-03,1.619013e-03,2.167113e-03,1.554860e-02,1.106289e-02,3.173795e-03,2.793786e-04,4.276314e-03,5.429389e-03,1.233394e-02,7.979423e-01,8.254033e-02,3.278021e-03,4.660728e-02,6.417919e-03
9.433759e-03,1.310315e-03,3.243895e-03,1.112498e-02,8.597884e-03,3.325294e-03,2.816799e-04,3.680479e-03,4.223797e-03,1.425504e-02,8.060692e-01,7.459983e-02,3.056281e-03,4.815784e-02,8.639778e-03
1.229876e-02,1.274548e-03,3.692097e-03,7.932608e-03,7.090194e-03,3.303088e-03,2.679399e-04,3.651591e-03,3.947723e-03,1.604981e-02,8.036803e-01,7.497418e-02,3.023199e-03,5.231534e-02,6.498693e-03
1.942347e-02,2.133032e-03,5.269528e-03,6.067755e-03,8.987660e-03,4.870457e-03,4.566644e-04,6.163379e-03,4.360010e-03,2.074517e-02,7.739052e-01,8.430476e-02,3.566046e-03,5.391490e-02,5.831968e-03
2.285893e-02,1.945499e-03,4.315181e-03,4.388193e-03,7.877201e-03,5.387215e-03,3.675745e-04,5.090013e-03,4.554109e-03,2.672203e-02,7.753175e-01,7.815762e-02,3.869392e-03,5.451893e-02,4.630642e-03
3.006765e-02,9.242269e-03,4.591115e-03,3.204617e-03,7.751127e-03,5.531012e-03,3.528164e-04,4.739392e-03,5.028157e-03,2.878687e-02,7.581435e-01,7.107367e-02,3.991148e-03,6.309751e-02,4.399144e-03
3.878923e-02,9.657891e-03,3.950905e-03,2.319040e-03,6.374775e-03,4.671355e-03,3.241789e-04,4.127867e-03,6.960704e-03,2.737035e-02,7.558337e-01,5.810923e-02,3.193341e-03,7.512736e-02,3.189981e-03
4.403070e-02,8.788104e-03,3.335266e-03,1.722186e-03,5.187976e-03,4.477010e-03,2.837766e-04,3.367376e-03,6.111349e-03,2.204897e-02,7.668777e-01,4.503117e-02,2.626668e-03,8.376140e-02,2.350378e-03
5.335976e-02,8.607209e-03,2.771177e-03,1.355496e-03,4.274644e-03,4.753444e-03,2.638949e-04,2.941604e-03,5.085937e-03,1.749530e-02,7.758135e-01,3.582963e-02,2.356423e-03,8.334294e-02,1.748995e-03
5.645239e-02,9.358671e-03,4.506306e-03,1.088932e-03,3.451283e-03,4.774483e-03,2.462926e-04,3.007011e-03,4.689129e-03,1.437576e-02,7.652370e-01,2.661941e-02,1.946502e-03,1.029454e-01,1.301416e-03
6.605637e-02,9.812456e-03,5.112595e-03,1.033888e-03,3.111489e-03,6.198880e-03,2.957490e-04,3.833933e-03,4.459790e-03,1.310619e-02,7.463429e-01,2.053200e-02,1.653030e-03,1.173863e-01,1.064447e-03
5.173903e-02,7.689519e-03,3.969743e-03,8.180711e-04,2.886388e-03,5.611476e-03,2.418347e-04,3.205294e-03,4.802947e-03,1.313410e-02,7.788352e-01,1.588159e-02,1.388404e-03,1.088627e-01,9.337518e-04
4.897569e-02,3.144668e-02,1.108804e-02,7.632207e-04,3.474900e-03,4.740703e-03,2.645581e-04,4.741004e-03,4.293597e-03,1.197155e-02,7.728596e-01,1.142592e-02,1.010315e-03,9.175006e-02,1.194211e-03
4.887526e-02,3.071479e-02,1.305687e-02,1.156675e-03,3.677174e-03,5.095272e-03,2.484999e-04,9.125535e-03,5.093428e-03,1.046516e-02,7.742426e-01,8.187591e-03,7.504700e-04,8.805766e-02,1.253046e-03
5.882349e-02,2.864318e-02,1.576653e-02,1.437702e-03,4.748788e-03,6.556240e-03,2.182910e-04,1.136620e-02,9.696731e-03,1.041888e-02,7.353193e-01,5.836068e-03,5.962463e-04,1.083377e-01,2.234678e-03
6.301984e-02,2.362171e-02,1.450233e-02,1.506169e-03,4.585058e-03,7.254762e-03,1.675723e-04,1.115847e-02,1.186732e-02,9.772986e-03,7.206721e-01,4.172996e-03,4.777787e-04,1.240774e-01,3.143436e-03
6.231324e-02,1.731446e-02,1.182195e-02,2.465599e-03,3.770230e-03,6.146698e-03,1.361799e-04,9.923519e-03,2.344371e-02,9.690761e-03,6.854261e-01,3.045385e-03,4.034825e-04,1.608206e-01,3.278076e-03
5.756245e-02,1.327225e-02,8.826080e-03,2.457881e-03,2.828645e-03,6.454987e-03,1.222019e-04,8.433340e-03,3.166389e-02,8.616220e-03,6.169465e-01,2.295592e-03,3.644055e-04,2.367855e-01,3.370063e-03
5.836135e-02,1.127511e-02,6.740753e-03,2.671748e-03,2.250491e-03,1.007185e-02,1.053772e-04,8.611886e-03,4.084464e-02,7.761620e-03,5.595741e-01,1.850881e-03,3.644518e-04,2.844896e-01,5.026129e-03
5.934910e-02,9.423669e-03,5.734648e-03,4.306697e-03,1.994996e-03,9.526056e-03,1.021542e-04,7.663408e-03,8.778176e-02,8.274091e-03,5.121195e-01,1.656123e-03,3.354200e-04,2.868100e-01,4.922376e-03
6.722876e-02,7.315387e-03,4.618173e-03,4.719200e-03,1.641709e-03,8.380081e-03,1.083878e-04,6.557450e-03,9.080526e-02,8.034472e-03,4.668330e-01,1.790665e-03,3.045621e-04,3.263066e-01,5.356239e-03
