1.000000e+00,0.000000e+00,0.000000e+00,0.000000e+00,0.000000e+00,0.000000e+00,0.000000e+00,0.000000e+00,0.000000e+00,0.000000e+00,0.000000e+00,0.000000e+00,0.000000e+00,0.000000e+00,0.000000e+00
1.000000e+00,0.000000e+00,0.000000e+00,0.000000e+00,0.000000e+00,0.000000e+00,0.000000e+00,0.000000e+00,0.000000e+00,0.000000e+00,0.000000e+00,0.000000e+00,0.000000e+00,0.000000e+00,0.000000e+00
1.000000e+00,0.000000e+00,0.000000e+00,0.000000e+00,0.000000e+00,0.000000e+00,0.000000e+00,0.000000e+00,0.000000e+00,0.000000e+00,0.000000e+00,0.000000e+00,0.000000e+00,0.000000e+00,0.000000e+00
1.000000e+00,0.000000e+00,0.000000e+00,0.000000e+00,0.000000e+00,0.000000e+00,0.000000e+00,0.000000e+00,0.000000e+00,0.000000e+00,0.000000e+00,0.000000e+00,0.000000e+00,0.000000e+00,0.000000e+00
1.000000e+00,0.000000e+00,0.000000e+00,0.000000e+00,0.000000e+00,0.000000e+00,0.000000e+00,0.000000e+00,0.000000e+00,0.000000e+00,0.000000e+00,0.000000e+00,0.000000e+00,0.000000e+00,0.000000e+00
1.000000e+00,0.000000e+00,0.000000e+00,0.000000e+00,0.000000e+00,0.000000e+00,0.000000e+00,0.000000e+00,0.000000e+00,0.000000e+00,0.000000e+00,0.000000e+00,0.000000e+00,0.000000e+00,0.000000e+00
1.000000e+00,0.000000e+00,0.000000e+00,0.000000e+00,0.000000e+00,0.000000e+00,0.000000e+00,0.000000e+00,0.000000e+00,0.000000e+00,0.000000e+00,0.000000e+00,0.000000e+00,0.000000e+00,0.000000e+00
1.000000e+00,0.000000e+00,0.000000e+00,0.000000e+00,0.000000e+00,0.000000e+00,0.000000e+00,0.000000e+00,0.000000e+00,0.000000e+00,0.000000e+00,0.000000e+00,0.000000e+00,0.000000e+00,0.000000e+00
1.000000e+00,0.000000e+00,0.000000e+00,0.000000e+00,0.000000e+00,0.000000e+00,0.000000e+00,0.000000e+00,0.000000e+00,0.000000e+00,0.000000e+00,0.000000e+00,0.000000e+00,0.000000e+00,0.000000e+00
1.000000e+00,0.000000e+00,0.000000e+00,0.000000e+00,0.000000e+00,0.000000e+00,0.000000e+00,0.000000e+00,0.000000e+00,0.000000e+00,0.000000e+00,0.000000e+00,0.000000e+00,0.000000e+00,0.000000e+00
1.000000e+00,0.000000e+00,0.000000e+00,0.000000e+00,0.000000e+00,0.000000e+00,0.000000e+00,0.000000e+00,0.000000e+00,0.000000e+00,0.000000e+00,0.000000e+00,0.000000e+00,0.000000e+00,0.000000e+00
1.000000e+00,0.000000e+00,0.000000e+00,0.000000e+00,0.000000e+00,0.000000e+00,0.000000e+00,0.000000e+00,0.000000e+00,0.000000e+00,0.000000e+00,0.000000e+00,0.000000e+00,0.000000e+00,0.000000e+00
1.000000e+00,0.000000e+00,0.000000e+00,0.000000e+00,0.000000e+00,0.000000e+00,0.000000e+00,0.000000e+00,0.000000e+00,0.000000e+00,0.000000e+00,0.000000e+00,0.000000e+00,0.000000e+00,0.000000e+00
1.000000e+00,0.000000e+00,0.000000e+00,0.000000e+00,0.000000e+00,0.000000e+00,0.000000e+00,0.000000e+00,0.000000e+00,0.000000e+00,0.000000e+00,0.000000e+00,0.000000e+00,0.000000e+00,0.000000e+00
1.000000e+00,0.000000e+00,0.000000e+00,0.000000e+00,0.000000e+00,0.000000e+00,0.000000e+00,0.000000e+00,0.000000e+00,0.000000e+00,0.000000e+00,0.000000e+00,0.000000e+00,0.000000e+00,0.000000e+00
1.000000e+00,0.000000e+00,0.000000e+00,0.000000e+00,0.000000e+00,0.000000e+00,0.000000e+00,0.000000e+00,0.000000e+00,0.000000e+00,0.000000e+00,0.000000e+00,0.000000e+00,0.000000e+00,0.000000e+00
1.000000e+00,0.000000e+00,0.000000e+00,0.000000e+00,0.000000e+00,0.000000e+00,0.000000e+00,0.000000e+00,0.000000e+00,0.000000e+00,0.000000e+00,0.000000e+00,0.000000e+00,0.000000e+00,0.000000e+00
1.000000e+00,0.000000e+00,0.000000e+00,0.000000e+00,0.000000e+00,0.000000e+00,0.000000e+00,0.000000e+00,0.000000e+00,0.000000e+00,0.000000e+00,0.000000e+00,0.000000e+00,0.000000e+00,0.000000e+00
1.000000e+00,0.000000e+00,0.000000e+00,0.000000e+00,0.000000e+00,0.000000e+00,0.000000e+00,0.000000e+00,0.000000e+00,0.000000e+00,0.000000e+00,0.000000e+00,0.000000e+00,0.000000e+00,0.000000e+00
1.000000e+00,0.000000e+00,0.000000e+00,0.000000e+00,0.000000e+00,0.000000e+00,0.000000e+00,0.000000e+00,0.000000e+00,0.000000e+00,0.000000e+00,0.000000e+00,0.000000e+00,0.000000e+00,0.000000e+00
1.000000e+00,0.000000e+00,0.000000e+00,0.000000e+00,0.000000e+00,0.000000e+00,0.000000e+00,0.000000e+00,0.000000e+00,0.000000e+00,0.000000e+00,0.000000e+00,0.000000e+00,0.000000e+00,0.000000e+00
1.000000e+00,0.000000e+00,0.000000e+00,0.000000e+00,0.000000e+00,0.000000e+00,0.000000e+00,0.000000e+00,0.000000e+00,0.000000e+00,0.000000e+00,0.000000e+00,0.000000e+00,0.000000e+00,0.000000e+00
1.000000e+00,0.000000e+00,0.000000e+00,0.000000e+00,0.000000e+00,0.000000e+00,0.000000e+00,0.000000e+00,0.000000e+00,0.000000e+00,0.000000e+00,0.000000e+00,0.000000e+00,0.000000e+00,0.000000e+00
1.000000e+00,0.000000e+00,0.000000e+00,0.000000e+00,0.000000e+00,0.000000e+00,0.000000e+00,0.000000e+00,0.000000e+00,0.000000e+00,0.000000e+00,0.000000e+00,0.000000e+00,0.000000e+00,0.000000e+00
1.000000e+00,0.000000e+00,0.000000e+00,0.000000e+00,0.000000e+00,0.000000e+00,0.000000e+00,0.000000e+00,0.000000e+00,0.000000e+00,0.000000e+00,0.000000e+00,0.000000e+00,0.000000e+00,0.000000e+00
1.000000e+00,0.000000e+00,0.000000e+00,0.000000e+00,0.000000e+00,0.000000e+00,0.000000e+00,0.000000e+00,0.000000e+00,0.000000e+00,0.000000e+00,0.000000e+00,0.000000e+00,0.000000e+00,0.000000e+00
1.000000e+00,0.000000e+00,0.000000e+00,0.000000e+00,0.000000e+00,0.000000e+00,0.000000e+00,0.000000e+00,0.000000e+00,0.000000e+00,0.000000e+00,0.000000e+00,0.000000e+00,0.000000e+00,0.000000e+00
1.000000e+00,0.000000e+00,0.000000e+00,0.000000e+00,0.000000e+00,0.000000e+00,0.000000e+00,0.000000e+00,0.000000e+00,0.000000e+00,0.000000e+00,0.000000e+00,0.000000e+00,0.000000e+00,0.000000e+00
1.000000e+00,0.000000e+00,0.000000e+00,0.000000e+00,0.000000e+00,0.000000e+00,0.000000e+00,0.000000e+00,0.000000e+00,0.000000e+00,0.000000e+00,0.000000e+00,0.000000e+00,0.000000e+00,0.000000e+00
1.000000e+00,0.000000e+00,0.000000e+00,0.000000e+00,0.000000e+00,0.000000e+00,0.000000e+00,0.000000e+00,0.000000e+00,0.000000e+00,0.000000e+00,0.000000e+00,0.000000e+00,0.000000e+00,0.000000e+00
1.000000e+00,0.000000e+00,0.000000e+00,0.000000e+00,0.000000e+00,0.000000e+00,0.000000e+00,0.000000e+00,0.000000e+00,0.000000e+00,0.000000e+00,0.000000e+00,0.000000e+00,0.000000e+00,0.000000e+00
1.000000e+00,0.000000e+00,0.000000e+00,0.000000e+00,0.000000e+00,0.000000e+00,0.000000e+00,0.000000e+00,0.000000e+00,0.000000e+00,0.000000e+00,0.000000e+00,0.000000e+00,0.000000e+00,0.000000e+00
1.000000e+00,0.000000e+00,0.000000e+00,0.000000e+00,0.000000e+00,0.000000e+00,0.000000e+00,0.000000e+00,0.000000e+00,0.000000e+00,0.000000e+00,0.000000e+00,0.000000e+00,0.000000e+00,0.000000e+00
1.000000e+00,0.000000e+00,0.000000e+00,0.000000e+00,0.000000e+00,0.000000e+00,0.000000e+00,0.000000e+00,0.000000e+00,0.000000e+00,0.000000e+00,0.000000e+00,0.000000e+00,0.000000e+00,0.000000e+00
1.000000e+00,0.000000e+00,0.000000e+00,0.000000e+00,0.000000e+00,0.000000e+00,0.000000e+00,0.000000e+00,0.000000e+00,0.000000e+00,0.000000e+00,0.000000e+00,0.000000e+00,0.000000e+00,0.000000e+00
1.000000e+00,0.000000e+00,0.000000e+00,0.000000e+00,0.000000e+00,0.000000e+00,0.000000e+00,0.000000e+00,0.000000e+00,0.000000e+00,0.000000e+00,0.000000e+00,0.000000e+00,0.000000e+00,0.000000e+00
1.000000e+00,0.000000e+00,0.000000e+00,0.000000e+00,0.000000e+00,0.000000e+00,0.000000e+00,0.000000e+00,0.000000e+00,0.000000e+00,0.000000e+00,0.000000e+00,0.000000e+00,0.000000e+00,0.000000e+00
1.000000e+00,0.000000e+00,0.000000e+00,0.000000e+00,0.000000e+00,0.000000e+00,0.000000e+00,0.000000e+00,0.000000e+00,0.000000e+00,0.000000e+00,0.000000e+00,0.000000e+00,0.000000e+00,0.000000e+00
1.000000e+00,0.000000e+00,0.000000e+00,0.000000e+00,0.000000e+00,0.000000e+00,0.000000e+00,0.000000e+00,0.000000e+00,0.000000e+00,0.000000e+00,0.000000e+00,0.000000e+00,0.000000e+00,0.000000e+00
1.000000e+00,0.000000e+00,0.000000e+00,0.000000e+00,0.000000e+00,0.000000e+00,0.000000e+00,0.000000e+00,0.000000e+00,0.000000e+00,0.000000e+00,0.000000e+00,0.000000e+00,0.000000e+00,0.000000e+00
1.000000e+00,0.000000e+00,0.000000e+00,0.000000e+00,0.000000e+00,0.000000e+00,0.000000e+00,0.000000e+00,0.000000e+00,0.000000e+00,0.000000e+00,0.000000e+00,0.000000e+00,0.000000e+00,0.000000e+00
1.000000e+00,0.000000e+00,0.000000e+00,0.000000e+00,0.000000e+00,0.000000e+00,0.000000e+00,0.000000e+00,0.000000e+00,0.000000e+00,0.000000e+00,0.000000e+00,0.000000e+00,0.000000e+00,0.000000e+00
1.000000e+00,0.000000e+00,0.000000e+00,0.000000e+00,0.000000e+00,0.000000e+00,0.000000e+00,0.000000e+00,0.000000e+00,0.000000e+00,0.000000e+00,0.000000e+00,0.000000e+00,0.000000e+00,0.000000e+00
1.000000e+00,0.000000e+00,0.000000e+00,0.000000e+00,0.000000e+00,0.000000e+00,0.000000e+00,0.000000e+00,0.000000e+00,0.000000e+00,0.000000e+00,0.000000e+00,0.000000e+00,0.000000e+00,0.000000e+00
1.000000e+00,0.000000e+00,0.000000e+00,0.000000e+00,0.000000e+00,0.000000e+00,0.000000e+00,0.000000e+00,0.000000e+00,0.000000e+00,0.000000e+00,0.000000e+00,0.000000e+00,0.000000e+00,0.000000e+00
1.000000e+00,0.000000e+00,0.000000e+00,0.000000e+00,0.000000e+00,0.000000e+00,0.000000e+00,0.000000e+00,0.000000e+00,0.000000e+00,0.000000e+00,0.000000e+00,0.000000e+00,0.000000e+00,0.000000e+00
1.000000e+00,0.000000e+00,0.000000e+00,0.000000e+00,0.000000e+00,0.000000e+00,0.000000e+00,0.000000e+00,0.000000e+00,0.000000e+00,0.000000e+00,0.000000e+00,0.000000e+00,0.000000e+00,0.000000e+00
1.000000e+00,0.000000e+00,0.000000e+00,0.000000e+00,0.000000e+00,0.000000e+00,0.000000e+00,0.000000e+00,0.000000e+00,0.000000e+00,0.000000e+00,0.000000e+00,0.000000e+00,0.000000e+00,0.000000e+00
1.000000e+00,0.000000e+00,0.000000e+00,0.000000e+00,0.000000e+00,0.000000e+00,0.000000e+00,0.000000e+00,0.000000e+00,0.000000e+00,0.000000e+00,0.000000e+00,0.000000e+00,0.000000e+00,0.000000e+00
1.000000e+00,0.000000e+00,0.000000e+00,0.000000e+00,0.000000e+00,0.000000e+00,0.000000e+00,0.000000e+00,0.000000e+00,0.000000e+00,0.000000e+00,0.000000e+00,0.000000e+00,0.000000e+00,0.000000e+00
1.000000e+00,0.000000e+00,0.000000e+00,0.000000e+00,0.000000e+00,0.000000e+00,0.000000e+00,0.000000e+00,0.000000e+00,0.000000e+00,0.000000e+00,0.000000e+00,0.000000e+00,0.000000e+00,0.000000e+00
1.000000e+00,0.000000e+00,0.000000e+00,0.000000e+00,0.000000e+00,0.000000e+00,0.000000e+00,0.000000e+00,0.000000e+00,0.000000e+00,0.000000e+00,0.000000e+00,0.000000e+00,0.000000e+00,0.000000e+00
1.000000e+00,0.000000e+00,0.000000e+00,0.000000e+00,0.000000e+00,0.000000e+00,0.000000e+00,0.000000e+00,0.000000e+00,0.000000e+00,0.000000e+00,0.000000e+00,0.000000e+00,0.000000e+00,0.000000e+00
1.000000e+00,0.000000e+00,0.000000e+00,0.000000e+00,0.000000e+00,0.000000e+00,0.000000e+00,0.000000e+00,0.000000e+00,0.000000e+00,0.000000e+00,0.000000e+00,0.000000e+00,0.000000e+00,0.000000e+00
1.000000e+00,0.000000e+00,0.000000e+00,0.000000e+00,0.000000e+00,0.000000e+00,0.000000e+00,0.000000e+00,0.000000e+00,0.000000e+00,0.000000e+00,0.000000e+00,0.000000e+00,0.000000e+00,0.000000e+00
1.000000e+00,0.000000e+00,0.000000e+00,0.000000e+00,0.000000e+00,0.000000e+00,0.000000e+00,0.000000e+00,0.000000e+00,0.000000e+00,0.000000e+00,0.000000e+00,0.000000e+00,0.000000e+00,0.000000e+00
1.000000e+00,0.000000e+00,0.000000e+00,0.000000e+00,0.000000e+00,0.000000e+00,0.000000e+00,0.000000e+00,0.000000e+00,0.000000e+00,0.000000e+00,0.000000e+00,0.000000e+00,0.000000e+00,0.000000e+00
1.000000e+00,0.000000e+00,0.000000e+00,0.000000e+00,0.000000e+00,0.000000e+00,0.000000e+00,0.000000e+00,0.000000e+00,0.000000e+00,0.000000e+00,0.000000e+00,0.000000e+00,0.000000e+00,0.000000e+00
1.000000e+00,0.000000e+00,0.000000e+00,0.000000e+00,0.000000e+00,0.000000e+00,0.000000e+00,0.000000e+00,0.000000e+00,0.000000e+00,0.000000e+00,0.000000e+00,0.000000e+00,0.000000e+00,0.000000e+00
1.000000e+00,0.000000e+00,0.000000e+00,0.000000e+00,0.000000e+00,0.000000e+00,0.000000e+00,0.000000e+00,0.000000e+00,0.000000e+00,0.000000e+00,0.000000e+00,0.000000e+00,0.000000e+00,0.000000e+00
4.643768e-01,2.821664e-02,1.366278e-02,4.206717e-01,4.076698e-03,1.032361e-02,1.658029e-03,4.175666e-03,5.887878e-03,1.776480e-03,1.361511e-02,1.169131e-02,9.370075e-03,1.576399e-03,8.920871e-03
4.033105e-01,4.545672e-02,1.574614e-02,4.052772e-01,5.859043e-03,1.194034e-02,1.399698e-03,3.318278e-03,9.647641e-03,1.923122e-02,3.741993e-02,1.173695e-02,8.710753e-03,2.598387e-03,1.834719e-02
3.512954e-01,6.828652e-02,1.410019e-02,3.863861e-01,7.462218e-03,1.323227e-02,2.002902e-03,4.010424e-03,1.608706e-02,2.149199e-02,4.030848e-02,2.186180e-02,1.171937e-02,4.512050e-03,3.724326e-02
3.957619e-01,6.699128e-02,1.178855e-02,2.967848e-01,7.592683e-03,1.615413e-02,2.043121e-03,3.871029e-03,1.477169e-02,6.642252e-02,3.817733e-02,2.070976e-02,1.563247e-02,4.419427e-03,3.887937e-02
2.798343e-01,5.489115e-02,9.770192e-03,2.767272e-01,6.452798e-03,1.443218e-02,1.759525e-03,2.858126e-03,3.900148e-02,6.153618e-02,3.318718e-02,1.388637e-01,3.888149e-02,3.505791e-03,3.829875e-02
1.970367e-01,4.284278e-02,7.106144e-03,2.247192e-01,4.872719e-03,1.300817e-02,1.576093e-03,2.076019e-03,1.089703e-01,4.449683e-02,2.762800e-02,1.446471e-01,1.482817e-01,2.678005e-03,3.006015e-02
1.397452e-01,3.340803e-02,5.172604e-03,1.813921e-01,3.732933e-03,1.140042e-02,1.338030e-03,1.545309e-03,2.404351e-01,3.311527e-02,2.437885e-02,1.481514e-01,1.369776e-01,2.755237e-03,3.645184e-02
1.002872e-01,2.722492e-02,3.699953e-03,1.432994e-01,2.777193e-03,1.128040e-02,1.066325e-03,1.267865e-03,2.463428e-01,2.518458e-02,2.949381e-02,1.744018e-01,1.932589e-01,5.965846e-03,3.444896e-02
7.250981e-02,2.555758e-02,2.835486e-03,1.101575e-01,3.775643e-03,1.539434e-02,9.280155e-04,1.194677e-03,3.001271e-01,1.934476e-02,4.650722e-02,1.615870e-01,2.057868e-01,5.946320e-03,2.834780e-02
5.579741e-02,3.296762e-02,2.596000e-03,9.186190e-02,3.289076e-03,2.063003e-02,1.322028e-03,1.786175e-03,2.734794e-01,1.518943e-02,4.053444e-02,2.043891e-01,2.226178e-01,7.520708e-03,2.601883e-02
4.361129e-02,2.763562e-02,2.193265e-03,6.661770e-02,2.965564e-03,1.789167e-02,1.172722e-03,1.918586e-03,2.196685e-01,1.108704e-02,3.029554e-02,2.764512e-01,2.705975e-01,6.407174e-03,2.148659e-02
3.451152e-02,2.397447e-02,1.977046e-03,5.260554e-02,2.564351e-03,1.596066e-02,1.061387e-03,1.927735e-03,1.863522e-01,8.481122e-03,2.339081e-02,3.507070e-01,2.704290e-01,7.239466e-03,1.881772e-02
2.484246e-02,1.819942e-02,2.571105e-03,4.428821e-02,2.672806e-03,1.442290e-02,9.419806e-04,2.627832e-03,1.555645e-01,6.343385e-03,1.977629e-02,4.171332e-01,2.663940e-01,7.545519e-03,1.667636e-02
1.848862e-02,1.396216e-02,2.285935e-03,3.549834e-02,2.786264e-03,1.396628e-02,1.040207e-03,4.520926e-03,1.492035e-01,5.093702e-03,2.084378e-02,4.409729e-01,2.675557e-01,6.998781e-03,1.678284e-02
1.464035e-02,1.353968e-02,2.132536e-03,2.600434e-02,2.593431e-03,1.186346e-02,8.950181e-04,4.028989e-03,1.311909e-01,4.044129e-03,2.022683e-02,5.131568e-01,2.351026e-01,6.368754e-03,1.421212e-02
1.308250e-02,1.948319e-02,2.771814e-03,2.003528e-02,2.617953e-03,1.782612e-02,8.725195e-04,3.641868e-03,1.434266e-01,3.640408e-03,2.055307e-02,4.791479e-01,2.506280e-01,8.842053e-03,1.343072e-02
1.655583e-02,1.759257e-02,2.347067e-03,1.515375e-02,4.793688e-03,2.145039e-02,1.779732e-03,5.303229e-03,1.343663e-01,4.162753e-03,1.889994e-02,3.881873e-01,3.519658e-01,6.445675e-03,1.099592e-02
1.659828e-02,1.674848e-02,1.972189e-03,1.110607e-02,7.853575e-03,2.165629e-02,2.406404e-03,4.796768e-03,1.212417e-01,4.137245e-03,1.409690e-02,3.156194e-01,4.486200e-01,4.752635e-03,8.393973e-03
1.779627e-02,2.458617e-02,1.909463e-03,8.126965e-03,1.027686e-02,2.846817e-02,3.112736e-03,4.447191e-03,1.380194e-01,3.514633e-03,1.058483e-02,2.915217e-01,4.478080e-01,3.487097e-03,6.340575e-03
3.259812e-02,2.397051e-02,4.398874e-03,2.920853e-02,2.326465e-02,3.465239e-02,2.875592e-03,5.003863e-03,1.301938e-01,3.857520e-03,8.886040e-03,2.486232e-01,4.426613e-01,3.093425e-03,6.712106e-03
3.270223e-02,1.888351e-02,3.784869e-03,2.495019e-02,2.367546e-02,2.990239e-02,2.456050e-03,4.202507e-03,9.995951e-02,3.155762e-03,1.166922e-02,2.419561e-01,4.932458e-01,3.065426e-03,6.390997e-03
3.486353e-02,2.081632e-02,4.814272e-03,4.646948e-02,2.182763e-02,2.549645e-02,1.949915e-03,3.649330e-03,8.599486e-02,3.985710e-03,2.166101e-02,2.090267e-01,5.037651e-01,5.018699e-03,1.066094e-02
3.341832e-02,1.675907e-02,3.693571e-03,3.817859e-02,1.724984e-02,2.081081e-02,1.621186e-03,2.777420e-03,6.922796e-02,4.035418e-03,2.984732e-02,2.240863e-01,5.189286e-01,9.341439e-03,1.002412e-02
3.967413e-02,1.513619e-02,3.193148e-03,3.207789e-02,2.474727e-02,2.066166e-02,2.252113e-03,2.521581e-03,6.639820e-02,4.574337e-03,3.111743e-02,2.797090e-01,4.602445e-01,8.193419e-03,9.499028e-03
4.711793e-02,1.290642e-02,3.808949e-03,2.389307e-02,3.140597e-02,2.950704e-02,5.423595e-03,4.369434e-03,8.172134e-02,4.749666e-03,2.445842e-02,3.370510e-01,3.797171e-01,6.032154e-03,7.837828e-03
4.885474e-02,1.087459e-02,3.593129e-03,1.732766e-02,2.612732e-02,3.069388e-02,7.887271e-03,4.448556e-03,6.421927e-02,4.239825e-03,1.753908e-02,3.102132e-01,4.426787e-01,4.628242e-03,6.674516e-03
6.742418e-02,1.322896e-02,7.408330e-03,1.578422e-02,5.370301e-02,4.477108e-02,2.584246e-02,9.386601e-03,5.895445e-02,5.587953e-03,1.332047e-02,2.992247e-01,3.739067e-01,3.947616e-03,7.509215e-03
5.554636e-02,1.527010e-02,7.540648e-03,1.374353e-02,5.737862e-02,4.271892e-02,2.215473e-02,8.589570e-03,5.385029e-02,6.327777e-03,1.571091e-02,2.648326e-01,4.222852e-01,3.621748e-03,1.042893e-02
6.242919e-02,1.755481e-02,8.167909e-03,1.377032e-02,7.122879e-02,4.028619e-02,3.098688e-02,1.447695e-02,5.110339e-02,6.197038e-03,1.440784e-02,2.832761e-01,3.740682e-01,3.028404e-03,9.018053e-03
5.217657e-02,1.359984e-02,6.960465e-03,1.011333e-02,6.541890e-02,3.932895e-02,2.461550e-02,1.121106e-02,4.255783e-02,4.489701e-03,1.168663e-02,2.247311e-01,4.817885e-01,2.629905e-03,8.691753e-03
8.352759e-02,1.580195e-02,1.053464e-02,5.929178e-02,8.045720e-02,3.213985e-02,1.955104e-02,1.078677e-02,5.926900e-02,4.552633e-03,9.657255e-03,1.605087e-01,4.433080e-01,2.036797e-03,8.576727e-03
9.618541e-02,2.680246e-02,1.601222e-02,1.722165e-01,8.162828e-02,2.652727e-02,1.448786e-02,9.346558e-03,6.791233e-02,8.427924e-03,1.938895e-02,1.163349e-01,3.261265e-01,1.656448e-03,1.694636e-02
1.466245e-01,2.760681e-02,1.521220e-02,1.302459e-01,8.852892e-02,2.251979e-02,1.313589e-02,1.190686e-02,6.505635e-02,9.927843e-03,1.926633e-02,9.095481e-02,2.540785e-01,3.303824e-03,1.016314e-01
2.049317e-01,2.682029e-02,1.711525e-02,1.134076e-01,1.328489e-01,2.268907e-02,1.334129e-02,1.587567e-02,5.492736e-02,8.251286e-03,1.852732e-02,8.290488e-02,1.951442e-01,3.423175e-03,8.979204e-02
2.792271e-01,2.263264e-02,1.359011e-02,8.735115e-02,1.422077e-01,2.083895e-02,1.114880e-02,1.435318e-02,4.376080e-02,6.446912e-03,1.706558e-02,7.313070e-02,1.951805e-01,3.944769e-03,6.912114e-02
2.902362e-01,2.652829e-02,1.609137e-02,9.351341e-02,1.197212e-01,2.650805e-02,1.084937e-02,1.467123e-02,3.752196e-02,6.800750e-03,2.259283e-02,9.891199e-02,1.733556e-01,5.552970e-03,5.714474e-02
3.756087e-01,2.263054e-02,1.470645e-02,7.820293e-02,1.026492e-01,2.406352e-02,9.606467e-03,1.337540e-02,3.194882e-02,7.149249e-03,2.095206e-02,9.098778e-02,1.535771e-01,6.687758e-03,4.785410e-02
4.697238e-01,1.769015e-02,1.117007e-02,6.469227e-02,8.374338e-02,2.267591e-02,7.721549e-03,1.265910e-02,3.065143e-02,5.555545e-03,1.961071e-02,8.566488e-02,1.243752e-01,6.365260e-03,3.770079e-02
1.000000e+00,0.000000e+00,0.000000e+00,0.000000e+00,0.000000e+00,0.000000e+00,0.000000e+00,0.000000e+00,0.000000e+00,0.000000e+00,0.000000e+00,0.000000e+00,0.000000e+00,0.000000e+00,0.000000e+00
1.000000e+00,0.000000e+00,0.000000e+00,0.000000e+00,0.000000e+00,0.000000e+00,0.000000e+00,0.000000e+00,0.000000e+00,0.000000e+00,0.000000e+00,0.000000e+00,0.000000e+00,0.000000e+00,0.000000e+00
4.176279e-01,1.495564e-02,6.846340e-03,4.651638e-02,6.652930e-02,2.936851e-02,4.977648e-03,9.520077e-03,2.292794e-02,4.470448e-03,1.122036e-02,5.160486e-02,2.760900e-01,4.951451e-03,3.239320e-02
3.045723e-01,2.052694e-02,5.969665e-03,4.978064e-02,4.747799e-02,3.104844e-02,5.974956e-03,7.395151e-03,4.582633e-02,5.837436e-03,1.007139e-02,5.315736e-02,3.545632e-01,6.228185e-03,5.156998e-02
2.156205e-01,2.045438e-02,4.445347e-03,4.092934e-02,3.335831e-02,2.714588e-02,4.564828e-03,5.457765e-03,8.417374e-02,5.565609e-03,1.039134e-02,6.269401e-02,4.360600e-01,5.803511e-03,4.333549e-02
1.522697e-01,1.565632e-02,3.352702e-03,3.129565e-02,2.346269e-02,3.541300e-02,3.451055e-03,4.108071e-03,6.669102e-02,4.119559e-03,1.093025e-02,6.764296e-02,5.459134e-01,4.246584e-03,3.144702e-02
1.075802e-01,1.413075e-02,2.837178e-03,2.366388e-02,1.660384e-02,5.565080e-02,2.527975e-03,3.078654e-03,5.913286e-02,3.412384e-03,8.653237e-03,6.711295e-02,6.087968e-01,3.203214e-03,2.361521e-02
7.581860e-02,1.043126e-02,2.147917e-03,1.674590e-02,1.172484e-02,5.699166e-02,1.828199e-03,2.318721e-03,4.480791e-02,2.424591e-03,6.743304e-03,6.935663e-02,6.788237e-01,2.504657e-03,1.733213e-02
5.390354e-02,8.019014e-03,1.651572e-03,1.203806e-02,8.379885e-03,4.721155e-02,1.380928e-03,1.696261e-03,3.957691e-02,1.830860e-03,5.914340e-03,9.245780e-02,7.093757e-01,2.413275e-03,1.415032e-02
3.910644e-02,6.367254e-03,1.357869e-03,8.725488e-03,6.072645e-03,4.400117e-02,1.088194e-03,1.611534e-03,3.744266e-02,1.584703e-03,7.912836e-03,1.926156e-01,6.371297e-01,3.583857e-03,1.140016e-02
2.815920e-02,5.029251e-03,1.312264e-03,6.483701e-03,4.662977e-03,3.779624e-02,9.306999e-04,1.452418e-03,3.389724e-02,1.561148e-03,7.779162e-03,2.320549e-01,6.268547e-01,2.817831e-03,9.208309e-03
2.031511e-02,5.296982e-03,1.208679e-03,4.672592e-03,3.809842e-03,2.920720e-02,9.371928e-04,1.332600e-03,4.786012e-02,1.508495e-03,6.900244e-03,2.636664e-01,6.021934e-01,2.146164e-03,8.945039e-03
1.472733e-02,4.859265e-03,9.691530e-04,3.372438e-03,3.390258e-03,2.751022e-02,8.220780e-04,1.398565e-03,4.226310e-02,1.233932e-03,5.211757e-03,2.628000e-01,6.225839e-01,1.663320e-03,7.194680e-03
1.075988e-02,4.772224e-03,8.016465e-04,2.472442e-03,3.230945e-03,2.306732e-02,7.371355e-04,1.244546e-03,4.104185e-02,1.124784e-03,4.349201e-03,2.673796e-01,6.316655e-01,1.377241e-03,5.975640e-03
9.984000e-03,3.878247e-03,7.943516e-04,1.819299e-03,5.479841e-03,1.988621e-02,1.256900e-03,4.220213e-03,3.451425e-02,9.691097e-04,3.378040e-03,2.467151e-01,6.613451e-01,1.086469e-03,4.672830e-03
9.186253e-03,3.582336e-03,8.664556e-04,1.350802e-03,8.680752e-03,2.009612e-02,1.229268e-03,3.976620e-03,2.746946e-02,7.637396e-04,2.598203e-03,2.680151e-01,6.479029e-01,8.058193e-04,3.476103e-03
7.414804e-03,2.918604e-03,1.974581e-03,1.122701e-03,1.204837e-02,1.620732e-02,1.159097e-03,4.185528e-03,2.135720e-02,6.219142e-04,2.066298e-03,2.702371e-01,6.552093e-01,7.414986e-04,2.735632e-03
8.123702e-03,2.646503e-03,2.205142e-03,1.315446e-03,1.846533e-02,2.319571e-02,1.100822e-03,3.530266e-03,1.899985e-02,8.188830e-04,2.373620e-03,2.948079e-01,6.189306e-01,1.077121e-03,2.409104e-03
8.502478e-03,2.579005e-03,2.222992e-03,1.356443e-03,2.122639e-02,1.824360e-02,8.336228e-04,2.670664e-03,1.541750e-02,9.798692e-04,3.292223e-03,3.996617e-01,5.199788e-01,9.831788e-04,2.051610e-03
8.518430e-03,2.412944e-03,2.200859e-03,1.255976e-03,1.915645e-02,1.437873e-02,6.576176e-04,2.064318e-03,1.343892e-02,1.054816e-03,4.938742e-03,4.960932e-01,4.310491e-01,8.935120e-04,1.886486e-03
9.057440e-03,2.158698e-03,2.687787e-03,1.196789e-03,2.277974e-02,1.314075e-02,9.467588e-04,2.203742e-03,1.393325e-02,1.075937e-03,7.671469e-03,5.767033e-01,3.439062e-01,7.628192e-04,1.775446e-03
8.419816e-03,1.845540e-03,2.367227e-03,9.287542e-04,2.271738e-02,1.243747e-02,2.626358e-03,3.261082e-03,1.693441e-02,1.156908e-03,7.613553e-03,6.178246e-01,2.996340e-01,6.078650e-04,1.625163e-03
9.663966e-03,1.866805e-03,7.712416e-03,1.066984e-03,1.881243e-02,1.438590e-02,3.600201e-03,5.440266e-02,1.549400e-02,1.374898e-03,6.871868e-03,5.999556e-01,2.622864e-01,7.462983e-04,1.759673e-03
1.308066e-02,2.446323e-03,9.095828e-03,1.902883e-03,2.425480e-02,1.259588e-02,5.424694e-03,5.367190e-02,1.971667e-02,1.397176e-03,6.611304e-03,6.109035e-01,2.354770e-01,1.225981e-03,2.195407e-03
1.893817e-02,3.148593e-03,1.186616e-02,1.522692e-02,4.249742e-02,1.803490e-02,2.707981e-02,8.507959e-02,2.209793e-02,5.790465e-03,6.032417e-03,4.953499e-01,2.458534e-01,1.027589e-03,1.976735e-03
1.553936e-02,2.714935e-03,1.187479e-02,1.270867e-02,4.277805e-02,2.176886e-02,4.324730e-02,1.085838e-01,2.075298e-02,9.545259e-03,5.885905e-03,4.328840e-01,2.691849e-01,8.055398e-04,1.725629e-03
2.543982e-02,3.998252e-03,2.005996e-02,9.831714e-03,6.512828e-02,2.316300e-02,6.860825e-02,9.156890e-02,2.574587e-02,2.293607e-02,6.750003e-03,3.916931e-01,2.419589e-01,1.019165e-03,2.098784e-03
2.253640e-02,2.993463e-03,1.569844e-01,7.551956e-03,4.900778e-02,1.708323e-02,5.103357e-02,1.647704e-01,1.836957e-02,1.714185e-02,5.451905e-03,2.933333e-01,1.907239e-01,8.599656e-04,2.158419e-03
2.184519e-02,3.427898e-03,1.821424e-01,6.762096e-03,4.501218e-02,1.526867e-02,5.391452e-02,1.779683e-01,1.487039e-02,1.830295e-02,5.726771e-03,2.772035e-01,1.712728e-01,1.206660e-03,5.075668e-03
2.018205e-02,2.833335e-03,1.663700e-01,6.005136e-03,4.516424e-02,1.167243e-02,4.696731e-02,2.352418e-01,1.352474e-02,2.300730e-02,9.147532e-03,2.162799e-01,1.583875e-01,2.309087e-03,4.290760e-02
1.850275e-02,2.274882e-03,1.321515e-01,4.772632e-03,5.051148e-02,8.668166e-03,4.393788e-02,3.334312e-01,1.206443e-02,2.303860e-02,8.399819e-03,1.641482e-01,1.226428e-01,2.805774e-03,7.264993e-02
1.604091e-02,2.053283e-03,1.041668e-01,4.063215e-03,7.111293e-02,7.075202e-03,3.906809e-02,3.836042e-01,1.211969e-02,1.957384e-02,6.735909e-03,1.179089e-01,9.345952e-02,2.704014e-03,1.203134e-01
1.525190e-02,3.027386e-03,8.722686e-02,3.743796e-03,6.553660e-02,9.333137e-03,3.809398e-02,3.923698e-01,1.643430e-02,1.871959e-02,5.217948e-03,9.403159e-02,9.270879e-02,2.983075e-03,1.553213e-01
1.429322e-02,5.335529e-03,6.653126e-02,3.144482e-03,6.454102e-02,1.145303e-02,3.557449e-02,3.958286e-01,2.459673e-02,1.731431e-02,4.112761e-03,9.036098e-02,8.263628e-02,3.656724e-03,1.806205e-01
1.318700e-02,4.215222e-03,5.126352e-02,5.966215e-03,6.109096e-02,8.949945e-03,3.084934e-02,5.301059e-01,2.056129e-02,1.231713e-02,2.964144e-03,6.599888e-02,5.968034e-02,2.601182e-03,1.302489e-01
2.516147e-02,6.947385e-03,3.809946e-02,6.667295e-03,9.591207e-02,2.072720e-02,4.178090e-02,4.338524e-01,4.181839e-02,8.903165e-03,2.569051e-03,9.808609e-02,6.894270e-02,2.231759e-03,1.083006e-01
2.785457e-02,1.720704e-02,3.316521e-02,9.686722e-03,8.666405e-02,2.772198e-02,4.577980e-02,4.475297e-01,6.412043e-02,6.534834e-03,1.984415e-03,9.591573e-02,5.399713e-02,1.647587e-03,8.019083e-02
3.508560e-02,5.772339e-02,2.513834e-02,7.828434e-03,7.176102e-02,5.238806e-02,4.138966e-02,3.454342e-01,1.552408e-01,4.752291e-03,1.539235e-03,9.193263e-02,4.576392e-02,1.259693e-03,6.276281e-02
3.663965e-02,6.573626e-02,2.782942e-02,2.193771e-02,7.889547e-02,5.126842e-02,3.712342e-02,3.661216e-01,1.572515e-01,3.613140e-03,1.190113e-03,6.968125e-02,3.599481e-02,9.562490e-04,4.576101e-02
6.142915e-02,1.332885e-01,2.101980e-02,1.675120e-02,6.212340e-02,6.903748e-02,3.102250e-02,2.725541e-01,2.047279e-01,2.571379e-03,1.259079e-03,5.507726e-02,3.336775e-02,7.264942e-04,3.504390e-02
7.487555e-02,1.687141e-01,1.636439e-02,1.202708e-02,4.907237e-02,1.057870e-01,2.717748e-02,1.978820e-01,2.068378e-01,1.904733e-03,1.361627e-03,8.292392e-02,2.755962e-02,5.622923e-04,2.694988e-02
8.852020e-02,1.866320e-01,1.439653e-02,9.335067e-03,3.910265e-02,1.627388e-01,2.187583e-02,1.511361e-01,2.129435e-01,1.548842e-03,1.514700e-03,6.341477e-02,2.238057e-02,6.061238e-04,2.385430e-02
1.135914e-01,1.807381e-01,1.466261e-02,1.225898e-02,3.016219e-02,2.005171e-01,1.710388e-02,1.200410e-01,2.147864e-01,1.845251e-03,1.362225e-03,4.556409e-02,2.307348e-02,7.787010e-04,2.351460e-02
1.125405e-01,2.012050e-01,2.325828e-02,1.455190e-02,2.304681e-02,2.257463e-01,1.276565e-02,9.796590e-02,1.900178e-01,3.336323e-03,1.361936e-03,3.393313e-02,2.073984e-02,1.133105e-03,3.839756e-02
1.212679e-01,2.032708e-01,1.695720e-02,1.072531e-02,1.805905e-02,2.798474e-01,1.100348e-02,8.036483e-02,1.793873e-01,2.513753e-03,1.293759e-03,2.455040e-02,2.181701e-02,9.284410e-04,2.801339e-02
1.262146e-01,2.540996e-01,1.226843e-02,7.953044e-03,1.360703e-02,2.783214e-01,8.000004e-03,5.958970e-02,1.763397e-01,1.831379e-03,1.176165e-03,1.790051e-02,2.104586e-02,7.900325e-04,2.086253e-02
1.218597e-01,3.103945e-01,1.091895e-02,7.036813e-03,1.018895e-02,2.801089e-01,6.004914e-03,4.541187e-02,1.462040e-01,1.556241e-03,1.194564e-03,1.509078e-02,2.429781e-02,6.916589e-04,1.904043e-02
1.054625e-01,3.454787e-01,9.060523e-03,1.136235e-02,7.571451e-03,2.466116e-01,4.427662e-03,3.453693e-02,1.368402e-01,2.121717e-03,1.249586e-03,1.301111e-02,5.089479e-02,7.110800e-04,3.065978e-02
9.247908e-02,3.702973e-01,6.874999e-03,1.347426e-02,5.701607e-03,2.205865e-01,3.257863e-03,2.612627e-02,1.461281e-01,2.514790e-03,1.379654e-03,1.090804e-02,6.639305e-02,7.195293e-04,3.315907e-02
7.271886e-02,3.335934e-01,5.103736e-03,1.469898e-02,4.244094e-03,1.748311e-01,2.409082e-03,1.917204e-02,1.756350e-01,2.141447e-03,1.157726e-03,8.341298e-03,1.575926e-01,5.502216e-04,2.781058e-02
5.840206e-02,3.585931e-01,3.980645e-03,1.420686e-02,3.265834e-03,1.322058e-01,1.778851e-03,1.430417e-02,2.069204e-01,1.704664e-03,1.048805e-03,6.488205e-03,1.627431e-01,4.358003e-04,3.392181e-02
4.414342e-02,3.211729e-01,4.348300e-03,1.096777e-02,2.466679e-03,9.841867e-02,1.371653e-03,1.171996e-02,2.249844e-01,1.508128e-03,1.047189e-03,5.363950e-03,1.762756e-01,4.009019e-04,9.581061e-02
3.141480e-02,2.296204e-01,3.728302e-03,7.954893e-03,1.746416e-03,6.965052e-02,9.857072e-04,8.257539e-03,1.746514e-01,1.515700e-03,9.877606e-04,4.240148e-03,1.808470e-01,4.140376e-04,2.839855e-01
2.231412e-02,1.636219e-01,3.035280e-03,5.692489e-03,1.242238e-03,4.898974e-02,7.968904e-04,5.848384e-03,1.316298e-01,1.736840e-03,8.055692e-04,3.154374e-03,1.483472e-01,3.658609e-04,4.624193e-01
1.672181e-02,1.215230e-01,6.085414e-03,5.133679e-03,1.005103e-03,3.563548e-02,1.134323e-03,6.372062e-03,1.246545e-01,2.377318e-03,1.003181e-03,2.537175e-03,1.070875e-01,8.589807e-04,5.678704e-01
1.298578e-02,8.565147e-02,5.183897e-03,6.599736e-03,8.531603e-04,2.735175e-02,1.029107e-03,5.592697e-03,9.395763e-02,2.567180e-03,2.350490e-03,2.881466e-03,8.020819e-02,1.163108e-03,6.716243e-01
1.683249e-02,6.068448e-02,4.052259e-03,6.399314e-03,7.751291e-04,2.728307e-02,8.076192e-04,4.084216e-03,7.337227e-02,9.408927e-03,1.702845e-02,1.464660e-02,6.437807e-02,3.024358e-03,6.972227e-01
1.485572e-02,4.453898e-02,1.796361e-02,3.903925e-02,1.638688e-03,4.262769e-02,1.220836e-03,5.071674e-03,1.323063e-01,1.389090e-02,2.381624e-02,2.269305e-02,6.028494e-02,2.929069e-03,5.771230e-01
1.308423e-02,3.261860e-02,1.425690e-02,2.986975e-02,2.055265e-03,3.261890e-02,9.883470e-04,4.057439e-03,1.846180e-01,1.156378e-02,2.637630e-02,2.508586e-02,4.759981e-02,3.674131e-03,5.715327e-01
1.692602e-02,3.064786e-02,1.178103e-02,2.410345e-02,1.927643e-03,2.966921e-02,7.493028e-04,4.733680e-03,2.373157e-01,8.652664e-03,2.758554e-02,2.213647e-02,3.669873e-02,4.531280e-03,5.425415e-01
2.422073e-02,2.651719e-02,1.178426e-02,2.402112e-02,2.138210e-03,2.487192e-02,6.373430e-04,1.196316e-02,2.404040e-01,6.955652e-03,3.129375e-02,2.075597e-02,2.808459e-02,6.514246e-03,5.398379e-01
2.825622e-02,3.304337e-02,1.167263e-02,2.331020e-02,2.696577e-03,1.968467e-02,5.097595e-04,1.310136e-02,2.618003e-01,6.223985e-03,3.528967e-02,1.661142e-02,2.102451e-02,9.142213e-03,5.176331e-01
2.565678e-02,6.600159e-02,1.083616e-02,2.319364e-02,2.625032e-03,1.653770e-02,4.002532e-04,1.386554e-02,2.519861e-01,5.384863e-03,3.118908e-02,1.363753e-02,1.741695e-02,9.832824e-03,5.114360e-01
2.209616e-02,6.189363e-02,1.198284e-02,1.572755e-01,8.218914e-03,1.286500e-02,3.324406e-04,2.825554e-02,2.656909e-01,4.542210e-03,2.650918e-02,9.753849e-03,1.310823e-02,8.507017e-03,3.689687e-01
1.818817e-02,4.836913e-02,2.216054e-02,2.754965e-01,6.807763e-03,1.095341e-02,2.625094e-04,2.147845e-02,1.992539e-01,5.158884e-03,9.856769e-02,7.845699e-03,1.094734e-02,9.078053e-03,2.654320e-01
1.314632e-02,3.512307e-02,1.953482e-02,2.798021e-01,5.087772e-03,8.315373e-03,1.975798e-04,1.549960e-02,1.472630e-01,5.355822e-03,2.562854e-01,6.521756e-03,1.275735e-02,7.326175e-03,1.877838e-01
1.048969e-02,2.807464e-02,1.674155e-02,2.900389e-01,6.172742e-03,6.811567e-03,1.895516e-04,1.122516e-02,1.206513e-01,4.340361e-03,3.456339e-01,5.307741e-03,1.270071e-02,8.871870e-03,1.327503e-01
7.411347e-03,3.040699e-02,1.511950e-02,2.235711e-01,4.451231e-03,4.821025e-03,1.641734e-04,7.882587e-03,2.444515e-01,4.597221e-03,3.196036e-01,2.497170e-02,1.120800e-02,7.553749e-03,9.378627e-02
5.236783e-03,3.283621e-02,1.377255e-02,1.652500e-01,3.263170e-03,3.436453e-03,1.287380e-04,5.533720e-03,3.066981e-01,3.927827e-03,3.217897e-01,5.627509e-02,9.507339e-03,6.214237e-03,6.613007e-02
3.705049e-03,2.397518e-02,1.187279e-02,1.307402e-01,2.420566e-03,2.543758e-03,1.235362e-04,3.899972e-03,2.383891e-01,3.158250e-03,2.745207e-01,2.465575e-01,6.836502e-03,4.572721e-03,4.668414e-02
2.627392e-03,1.697689e-02,9.543657e-03,9.932959e-02,1.919904e-03,1.866422e-03,1.125244e-04,2.756755e-03,1.773604e-01,2.393822e-03,2.312173e-01,4.124954e-01,4.938655e-03,3.624861e-03,3.283641e-02
1.886998e-03,1.191847e-02,6.871420e-03,7.062427e-02,1.629514e-03,1.479465e-03,8.569187e-05,1.965851e-03,1.247880e-01,1.948277e-03,1.986079e-01,5.487902e-01,3.539117e-03,2.835623e-03,2.302914e-02
1.386274e-03,8.363022e-03,4.893276e-03,4.973101e-02,1.395290e-03,1.366882e-03,6.312390e-05,1.392170e-03,8.750680e-02,1.434774e-03,1.597003e-01,6.616521e-01,2.526555e-03,2.435060e-03,1.615330e-02
1.047576e-03,5.906162e-03,3.487586e-03,3.497697e-02,2.378863e-03,2.221958e-03,5.577043e-05,1.025894e-03,6.131726e-02,1.238689e-03,1.405374e-01,7.302752e-01,1.905377e-03,2.298444e-03,1.132687e-02
7.852680e-04,4.208057e-03,2.580091e-03,2.465193e-02,8.439519e-03,1.735258e-03,4.713979e-05,7.800284e-04,4.301333e-02,9.257714e-04,1.168145e-01,7.846891e-01,1.395603e-03,1.976259e-03,7.958099e-03
6.680194e-04,2.983365e-03,1.852927e-03,1.738214e-02,1.439739e-02,1.504603e-03,5.383106e-05,6.374288e-04,3.017819e-02,7.609891e-04,9.458255e-02,8.262867e-01,1.081713e-03,2.047939e-03,5.582214e-03
1.136845e-03,2.258525e-03,1.382251e-03,1.222568e-02,1.358468e-02,1.580670e-03,8.984895e-05,5.989956e-04,2.122542e-02,7.827112e-04,8.007326e-02,8.577806e-01,8.782453e-04,2.471769e-03,3.930547e-03
1.009094e-03,1.745201e-03,1.166516e-03,8.612405e-03,1.153689e-02,1.275294e-03,1.318349e-04,6.028604e-04,1.501881e-02,6.278085e-04,8.890024e-02,8.625579e-01,7.444298e-04,3.310710e-03,2.760030e-03
8.745654e-04,1.351149e-03,9.654857e-04,6.127825e-03,1.696092e-02,1.374336e-03,4.014082e-04,1.063891e-03,1.069409e-02,5.566868e-04,9.104607e-02,8.617840e-01,6.468612e-04,4.210342e-03,1.942409e-03
9.242476e-04,1.073214e-03,7.690424e-04,4.350428e-03,1.950019e-02,2.050079e-03,5.177847e-04,1.414800e-03,7.741821e-03,5.569659e-04,1.149964e-01,8.401063e-01,6.476126e-04,3.982956e-03,1.368227e-03
1.261805e-03,1.414907e-03,8.180620e-04,3.136134e-03,3.424918e-02,3.159678e-03,8.848778e-04,2.112172e-03,6.174486e-03,6.944691e-04,1.105167e-01,8.295158e-01,5.994284e-04,4.471374e-03,9.909234e-04
9.574500e-04,1.543626e-03,7.857446e-04,2.392193e-03,3.017945e-02,2.942103e-03,7.207670e-04,4.127645e-03,5.393912e-03,6.746941e-04,8.744328e-02,8.576164e-01,4.878317e-04,4.012727e-03,7.222167e-04
2.765049e-03,5.512836e-03,2.422956e-03,1.868268e-03,1.158958e-01,1.270208e-02,4.745863e-03,4.879908e-03,1.157008e-02,1.649971e-02,8.031416e-02,7.348049e-01,5.190327e-04,4.404563e-03,1.094765e-03
4.910470e-03,5.266817e-03,4.365424e-03,1.457415e-03,1.152769e-01,1.590481e-02,8.278555e-03,5.864241e-03,1.301284e-02,5.330773e-02,9.594329e-02,6.700018e-01,7.008112e-04,4.532478e-03,1.176347e-03
4.596928e-03,4.798403e-03,4.753332e-03,1.311466e-03,8.400296e-02,3.381926e-02,1.645857e-02,1.079637e-02,1.401625e-02,1.160317e-01,1.142607e-01,5.890891e-01,1.091942e-03,3.922448e-03,1.050613e-03
4.666880e-03,5.124246e-03,5.122098e-03,2.969916e-03,6.157183e-02,5.638940e-02,1.820281e-02,1.923686e-02,1.967736e-02,2.752720e-01,9.673791e-02,4.288768e-01,1.327620e-03,3.922518e-03,9.018754e-04
7.016502e-03,1.358771e-02,7.075774e-03,6.543784e-03,4.998908e-02,4.503761e-02,1.425144e-02,7.843801e-02,1.290648e-01,2.521790e-01,7.726170e-02,3.132104e-01,1.562659e-03,3.869117e-03,9.124615e-04
6.749264e-03,2.010558e-02,5.532450e-03,6.000393e-03,3.738298e-02,1.128573e-01,9.993969e-03,5.632208e-02,2.788791e-01,1.856227e-01,5.502346e-02,2.199180e-01,1.365636e-03,3.013152e-03,1.233920e-03
7.312736e-03,2.003106e-02,4.096784e-03,4.606874e-03,3.164276e-02,1.806365e-01,7.031183e-03,3.990220e-02,3.699297e-01,1.358875e-01,3.887206e-02,1.540526e-01,1.051141e-03,2.281836e-03,2.665078e-03
1.427315e-02,2.253157e-02,3.094701e-03,4.066013e-03,4.544901e-02,1.909811e-01,5.008384e-03,3.059737e-02,4.343922e-01,1.068662e-01,2.764894e-02,1.079391e-01,8.231773e-04,1.808683e-03,4.520342e-03
2.526722e-02,2.280881e-02,2.722906e-03,5.032512e-03,6.471457e-02,2.007118e-01,3.622987e-03,2.747235e-02,4.570871e-01,8.468799e-02,2.020174e-02,7.587486e-02,6.785158e-04,1.643304e-03,7.473406e-03
2.366841e-02,4.741397e-02,6.492599e-03,5.508295e-02,6.520747e-02,1.578199e-01,2.835928e-03,3.671016e-02,3.440572e-01,6.572469e-02,1.551811e-02,5.547653e-02,2.062550e-03,1.360444e-03,1.205691e-01
3.108566e-02,5.467762e-02,5.441130e-03,4.546442e-02,6.817663e-02,2.333241e-01,2.189750e-03,3.331561e-02,3.290324e-01,5.113690e-02,1.172084e-02,3.912774e-02,1.748426e-03,1.135719e-03,9.242312e-02
3.543345e-02,4.662585e-02,9.774830e-03,1.106443e-01,9.640577e-02,2.363763e-01,2.266980e-03,6.917442e-02,2.488852e-01,3.770877e-02,8.815847e-03,2.766890e-02,1.482780e-03,8.592340e-04,6.787742e-02
7.167456e-02,5.242116e-02,1.142236e-02,1.461015e-01,9.973036e-02,1.845386e-01,2.048237e-03,5.703504e-02,2.292128e-01,3.499896e-02,1.303403e-02,2.090588e-02,2.214890e-03,2.281985e-03,7.237963e-02
9.122918e-02,5.689737e-02,1.219232e-02,1.168027e-01,1.045159e-01,1.564877e-01,1.900862e-03,4.546255e-02,2.046160e-01,3.408505e-02,1.201372e-02,1.514757e-02,2.244019e-03,6.105966e-03,1.402991e-01
8.647490e-02,6.085268e-02,1.916229e-02,8.771963e-02,8.002419e-02,1.240449e-01,1.538785e-03,3.275274e-02,2.013474e-01,4.268806e-02,1.142890e-02,1.101109e-02,2.332170e-03,8.613622e-03,2.300087e-01
7.886123e-02,5.869358e-02,1.604022e-02,6.396863e-02,5.953603e-02,9.584731e-02,1.362583e-03,2.330328e-02,1.709177e-01,4.399368e-02,9.619823e-03,8.018846e-03,2.586846e-03,1.236951e-02,3.548808e-01
7.326385e-02,6.105064e-02,1.491905e-02,5.054326e-02,4.937935e-02,7.095787e-02,1.658002e-03,1.700614e-02,1.507230e-01,4.010262e-02,7.818754e-03,6.128386e-03,3.408141e-03,1.365880e-02,4.393822e-01
5.303898e-02,5.548973e-02,1.519432e-02,5.127528e-02,3.566656e-02,5.022230e-02,1.226419e-03,1.205715e-02,1.796366e-01,6.116860e-02,7.336445e-03,4.440722e-03,3.586052e-03,1.020609e-02,4.594548e-01
3.762837e-02,4.126763e-02,1.299199e-02,3.695867e-02,2.514976e-02,3.539541e-02,8.816512e-04,8.576172e-03,1.492033e-01,2.713231e-01,6.400195e-03,3.177893e-03,3.213222e-03,7.465926e-03,3.603667e-01
3.896396e-02,3.781326e-02,4.008564e-02,8.271302e-02,1.960694e-02,2.644216e-02,9.396574e-04,1.653579e-02,1.937827e-01,2.321832e-01,1.846208e-02,2.826611e-03,9.662029e-03,6.136366e-03,2.738465e-01
2.774436e-02,2.918052e-02,4.244190e-02,1.460032e-01,1.394299e-02,1.888358e-02,6.997606e-04,1.202318e-02,1.900091e-01,2.546911e-01,3.018067e-02,3.079854e-03,1.046010e-02,5.081633e-03,2.155780e-01
2.061261e-02,2.853320e-02,5.036646e-02,1.578155e-01,1.017013e-02,1.382711e-02,5.826247e-04,9.335827e-03,1.952006e-01,2.521196e-01,3.927968e-02,3.858574e-03,1.028485e-02,5.360652e-03,2.026527e-01
1.528507e-02,8.886030e-02,5.625983e-02,1.315273e-01,8.095041e-03,1.026640e-02,4.634343e-04,6.811657e-03,1.954923e-01,1.992308e-01,3.191215e-02,6.867301e-03,8.481302e-03,1.564117e-02,2.248059e-01
1.153070e-02,9.190366e-02,4.925683e-02,9.901159e-02,6.048830e-03,7.559327e-03,3.706081e-04,5.048812e-03,2.827787e-01,1.580283e-01,3.993107e-02,8.936318e-03,1.338888e-02,1.835966e-02,2.078467e-01
