1.000000e+00,0.000000e+00,0.000000e+00,0.000000e+00,0.000000e+00,0.000000e+00,0.000000e+00,0.000000e+00,0.000000e+00,0.000000e+00,0.000000e+00,0.000000e+00,0.000000e+00,0.000000e+00,0.000000e+00
1.000000e+00,0.000000e+00,0.000000e+00,0.000000e+00,0.000000e+00,0.000000e+00,0.000000e+00,0.000000e+00,0.000000e+00,0.000000e+00,0.000000e+00,0.000000e+00,0.000000e+00,0.000000e+00,0.000000e+00
1.000000e+00,0.000000e+00,0.000000e+00,0.000000e+00,0.000000e+00,0.000000e+00,0.000000e+00,0.000000e+00,0.000000e+00,0.000000e+00,0.000000e+00,0.000000e+00,0.000000e+00,0.000000e+00,0.000000e+00
1.000000e+00,0.000000e+00,0.000000e+00,0.000000e+00,0.000000e+00,0.000000e+00,0.000000e+00,0.000000e+00,0.000000e+00,0.000000e+00,0.000000e+00,0.000000e+00,0.000000e+00,0.000000e+00,0.000000e+00
1.000000e+00,0.000000e+00,0.000000e+00,0.000000e+00,0.000000e+00,0.000000e+00,0.000000e+00,0.000000e+00,0.000000e+00,0.000000e+00,0.000000e+00,0.000000e+00,0.000000e+00,0.000000e+00,0.000000e+00
1.000000e+00,0.000000e+00,0.000000e+00,0.000000e+00,0.000000e+00,0.000000e+00,0.000000e+00,0.000000e+00,0.000000e+00,0.000000e+00,0.000000e+00,0.000000e+00,0.000000e+00,0.000000e+00,0.000000e+00
1.000000e+00,0.000000e+00,0.000000e+00,0.000000e+00,0.000000e+00,0.000000e+00,0.000000e+00,0.000000e+00,0.000000e+00,0.000000e+00,0.000000e+00,0.000000e+00,0.000000e+00,0.000000e+00,0.000000e+00
1.000000e+00,0.000000e+00,0.000000e+00,0.000000e+00,0.000000e+00,0.000000e+00,0.000000e+00,0.000000e+00,0.000000e+00,0.000000e+00,0.000000e+00,0.000000e+00,0.000000e+00,0.000000e+00,0.000000e+00
1.000000e+00,0.000000e+00,0.000000e+00,0.000000e+00,0.000000e+00,0.000000e+00,0.000000e+00,0.000000e+00,0.000000e+00,0.000000e+00,0.000000e+00,0.000000e+00,0.000000e+00,0.000000e+00,0.000000e+00
1.000000e+00,0.000000e+00,0.000000e+00,0.000000e+00,0.000000e+00,0.000000e+00,0.000000e+00,0.000000e+00,0.000000e+00,0.000000e+00,0.000000e+00,0.000000e+00,0.000000e+00,0.000000e+00,0.000000e+00
1.000000e+00,0.000000e+00,0.000000e+00,0.000000e+00,0.000000e+00,0.000000e+00,0.000000e+00,0.000000e+00,0.000000e+00,0.000000e+00,0.000000e+00,0.000000e+00,0.000000e+00,0.000000e+00,0.000000e+00
1.000000e+00,0.000000e+00,0.000000e+00,0.000000e+00,0.000000e+00,0.000000e+00,0.000000e+00,0.000000e+00,0.000000e+00,0.000000e+00,0.000000e+00,0.000000e+00,0.000000e+00,0.000000e+00,0.000000e+00
1.000000e+00,0.000000e+00,0.000000e+00,0.000000e+00,0.000000e+00,0.000000e+00,0.000000e+00,0.000000e+00,0.000000e+00,0.000000e+00,0.000000e+00,0.000000e+00,0.000000e+00,0.000000e+00,0.000000e+00
1.000000e+00,0.000000e+00,0.000000e+00,0.000000e+00,0.000000e+00,0.000000e+00,0.000000e+00,0.000000e+00,0.000000e+00,0.000000e+00,0.000000e+00,0.000000e+00,0.000000e+00,0.000000e+00,0.000000e+00
1.000000e+00,0.000000e+00,0.000000e+00,0.000000e+00,0.000000e+00,0.000000e+00,0.000000e+00,0.000000e+00,0.000000e+00,0.000000e+00,0.000000e+00,0.000000e+00,0.000000e+00,0.000000e+00,0.000000e+00
1.000000e+00,0.000000e+00,0.000000e+00,0.000000e+00,0.000000e+00,0.000000e+00,0.000000e+00,0.000000e+00,0.000000e+00,0.000000e+00,0.000000e+00,0.000000e+00,0.000000e+00,0.000000e+00,0.000000e+00
1.000000e+00,0.000000e+00,0.000000e+00,0.000000e+00,0.000000e+00,0.000000e+00,0.000000e+00,0.000000e+00,0.000000e+00,0.000000e+00,0.000000e+00,0.000000e+00,0.000000e+00,0.000000e+00,0.000000e+00
1.000000e+00,0.000000e+00,0.000000e+00,0.000000e+00,0.000000e+00,0.000000e+00,0.000000e+00,0.000000e+00,0.000000e+00,0.000000e+00,0.000000e+00,0.000000e+00,0.000000e+00,0.000000e+00,0.000000e+00
1.000000e+00,0.000000e+00,0.000000e+00,0.000000e+00,0.000000e+00,0.000000e+00,0.000000e+00,0.000000e+00,0.000000e+00,0.000000e+00,0.000000e+00,0.000000e+00,0.000000e+00,0.000000e+00,0.000000e+00
1.000000e+00,0.000000e+00,0.000000e+00,0.000000e+00,0.000000e+00,0.000000e+00,0.000000e+00,0.000000e+00,0.000000e+00,0.000000e+00,0.000000e+00,0.000000e+00,0.000000e+00,0.000000e+00,0.000000e+00
1.000000e+00,0.000000e+00,0.000000e+00,0.000000e+00,0.000000e+00,0.000000e+00,0.000000e+00,0.000000e+00,0.000000e+00,0.000000e+00,0.000000e+00,0.000000e+00,0.000000e+00,0.000000e+00,0.000000e+00
1.000000e+00,0.000000e+00,0.000000e+00,0.000000e+00,0.000000e+00,0.000000e+00,0.000000e+00,0.000000e+00,0.000000e+00,0.000000e+00,0.000000e+00,0.000000e+00,0.000000e+00,0.000000e+00,0.000000e+00
1.000000e+00,0.000000e+00,0.000000e+00,0.000000e+00,0.000000e+00,0.000000e+00,0.000000e+00,0.000000e+00,0.000000e+00,0.000000e+00,0.000000e+00,0.000000e+00,0.000000e+00,0.000000e+00,0.000000e+00
1.000000e+00,0.000000e+00,0.000000e+00,0.000000e+00,0.000000e+00,0.000000e+00,0.000000e+00,0.000000e+00,0.000000e+00,0.000000e+00,0.000000e+00,0.000000e+00,0.000000e+00,0.000000e+00,0.000000e+00
1.000000e+00,0.000000e+00,0.000000e+00,0.000000e+00,0.000000e+00,0.000000e+00,0.000000e+00,0.000000e+00,0.000000e+00,0.000000e+00,0.000000e+00,0.000000e+00,0.000000e+00,0.000000e+00,0.000000e+00
1.000000e+00,0.000000e+00,0.000000e+00,0.000000e+00,0.000000e+00,0.000000e+00,0.000000e+00,0.000000e+00,0.000000e+00,0.000000e+00,0.000000e+00,0.000000e+00,0.000000e+00,0.000000e+00,0.000000e+00
1.000000e+00,0.000000e+00,0.000000e+00,0.000000e+00,0.000000e+00,0.000000e+00,0.000000e+00,0.000000e+00,0.000000e+00,0.000000e+00,0.000000e+00,0.000000e+00,0.000000e+00,0.000000e+00,0.000000e+00
1.000000e+00,0.000000e+00,0.000000e+00,0.000000e+00,0.000000e+00,0.000000e+00,0.000000e+00,0.000000e+00,0.000000e+00,0.000000e+00,0.000000e+00,0.000000e+00,0.000000e+00,0.000000e+00,0.000000e+00
1.000000e+00,0.000000e+00,0.000000e+00,0.000000e+00,0.000000e+00,0.000000e+00,0.000000e+00,0.000000e+00,0.000000e+00,0.000000e+00,0.000000e+00,0.000000e+00,0.000000e+00,0.000000e+00,0.000000e+00
1.000000e+00,0.000000e+00,0.000000e+00,0.000000e+00,0.000000e+00,0.000000e+00,0.000000e+00,0.000000e+00,0.000000e+00,0.000000e+00,0.000000e+00,0.000000e+00,0.000000e+00,0.000000e+00,0.000000e+00
1.000000e+00,0.000000e+00,0.000000e+00,0.000000e+00,0.000000e+00,0.000000e+00,0.000000e+00,0.000000e+00,0.000000e+00,0.000000e+00,0.000000e+00,0.000000e+00,0.000000e+00,0.000000e+00,0.000000e+00
1.000000e+00,0.000000e+00,0.000000e+00,0.000000e+00,0.000000e+00,0.000000e+00,0.000000e+00,0.000000e+00,0.000000e+00,0.000000e+00,0.000000e+00,0.000000e+00,0.000000e+00,0.000000e+00,0.000000e+00
1.000000e+00,0.000000e+00,0.000000e+00,0.000000e+00,0.000000e+00,0.000000e+00,0.000000e+00,0.000000e+00,0.000000e+00,0.000000e+00,0.000000e+00,0.000000e+00,0.000000e+00,0.000000e+00,0.000000e+00
1.000000e+00,0.000000e+00,0.000000e+00,0.000000e+00,0.000000e+00,0.000000e+00,0.000000e+00,0.000000e+00,0.000000e+00,0.000000e+00,0.000000e+00,0.000000e+00,0.000000e+00,0.000000e+00,0.000000e+00
1.000000e+00,0.000000e+00,0.000000e+00,0.000000e+00,0.000000e+00,0.000000e+00,0.000000e+00,0.000000e+00,0.000000e+00,0.000000e+00,0.000000e+00,0.000000e+00,0.000000e+00,0.000000e+00,0.000000e+00
1.000000e+00,0.000000e+00,0.000000e+00,0.000000e+00,0.000000e+00,0.000000e+00,0.000000e+00,0.000000e+00,0.000000e+00,0.000000e+00,0.000000e+00,0.000000e+00,0.000000e+00,0.000000e+00,0.000000e+00
1.000000e+00,0.000000e+00,0.000000e+00,0.000000e+00,0.000000e+00,0.000000e+00,0.000000e+00,0.000000e+00,0.000000e+00,0.000000e+00,0.000000e+00,0.000000e+00,0.000000e+00,0.000000e+00,0.000000e+00
1.000000e+00,0.000000e+00,0.000000e+00,0.000000e+00,0.000000e+00,0.000000e+00,0.000000e+00,0.000000e+00,0.000000e+00,0.000000e+00,0.000000e+00,0.000000e+00,0.000000e+00,0.000000e+00,0.000000e+00
1.000000e+00,0.000000e+00,0.000000e+00,0.000000e+00,0.000000e+00,0.000000e+00,0.000000e+00,0.000000e+00,0.000000e+00,0.000000e+00,0.000000e+00,0.000000e+00,0.000000e+00,0.000000e+00,0.000000e+00
1.000000e+00,0.000000e+00,0.000000e+00,0.000000e+00,0.000000e+00,0.000000e+00,0.000000e+00,0.000000e+00,0.000000e+00,0.000000e+00,0.000000e+00,0.000000e+00,0.000000e+00,0.000000e+00,0.000000e+00
1.000000e+00,0.000000e+00,0.000000e+00,0.000000e+00,0.000000e+00,0.000000e+00,0.000000e+00,0.000000e+00,0.000000e+00,0.000000e+00,0.000000e+00,0.000000e+00,0.000000e+00,0.000000e+00,0.000000e+00
1.000000e+00,0.000000e+00,0.000000e+00,0.000000e+00,0.000000e+00,0.000000e+00,0.000000e+00,0.000000e+00,0.000000e+00,0.000000e+00,0.000000e+00,0.000000e+00,0.000000e+00,0.000000e+00,0.000000e+00
1.000000e+00,0.000000e+00,0.000000e+00,0.000000e+00,0.000000e+00,0.000000e+00,0.000000e+00,0.000000e+00,0.000000e+00,0.000000e+00,0.000000e+00,0.000000e+00,0.000000e+00,0.000000e+00,0.000000e+00
1.000000e+00,0.000000e+00,0.000000e+00,0.000000e+00,0.000000e+00,0.000000e+00,0.000000e+00,0.000000e+00,0.000000e+00,0.000000e+00,0.000000e+00,0.000000e+00,0.000000e+00,0.000000e+00,0.000000e+00
1.000000e+00,0.000000e+00,0.000000e+00,0.000000e+00,0.000000e+00,0.000000e+00,0.000000e+00,0.000000e+00,0.000000e+00,0.000000e+00,0.000000e+00,0.000000e+00,0.000000e+00,0.000000e+00,0.000000e+00
1.000000e+00,0.000000e+00,0.000000e+00,0.000000e+00,0.000000e+00,0.000000e+00,0.000000e+00,0.000000e+00,0.000000e+00,0.000000e+00,0.000000e+00,0.000000e+00,0.000000e+00,0.000000e+00,0.000000e+00
1.000000e+00,0.000000e+00,0.000000e+00,0.000000e+00,0.000000e+00,0.000000e+00,0.000000e+00,0.000000e+00,0.000000e+00,0.000000e+00,0.000000e+00,0.000000e+00,0.000000e+00,0.000000e+00,0.000000e+00
1.000000e+00,0.000000e+00,0.000000e+00,0.000000e+00,0.000000e+00,0.000000e+00,0.000000e+00,0.000000e+00,0.000000e+00,0.000000e+00,0.000000e+00,0.000000e+00,0.000000e+00,0.000000e+00,0.000000e+00
1.000000e+00,0.000000e+00,0.000000e+00,0.000000e+00,0.000000e+00,0.000000e+00,0.000000e+00,0.000000e+00,0.000000e+00,0.000000e+00,0.000000e+00,0.000000e+00,0.000000e+00,0.000000e+00,0.000000e+00
1.000000e+00,0.000000e+00,0.000000e+00,0.000000e+00,0.000000e+00,0.000000e+00,0.000000e+00,0.000000e+00,0.000000e+00,0.000000e+00,0.000000e+00,0.000000e+00,0.000000e+00,0.000000e+00,0.000000e+00
1.000000e+00,0.000000e+00,0.000000e+00,0.000000e+00,0.000000e+00,0.000000e+00,0.000000e+00,0.000000e+00,0.000000e+00,0.000000e+00,0.000000e+00,0.000000e+00,0.000000e+00,0.000000e+00,0.000000e+00
1.000000e+00,0.000000e+00,0.000000e+00,0.000000e+00,0.000000e+00,0.000000e+00,0.000000e+00,0.000000e+00,0.000000e+00,0.000000e+00,0.000000e+00,0.000000e+00,0.000000e+00,0.000000e+00,0.000000e+00
1.000000e+00,0.000000e+00,0.000000e+00,0.000000e+00,0.000000e+00,0.000000e+00,0.000000e+00,0.000000e+00,0.000000e+00,0.000000e+00,0.000000e+00,0.000000e+00,0.000000e+00,0.000000e+00,0.000000e+00
1.000000e+00,0.000000e+00,0.000000e+00,0.000000e+00,0.000000e+00,0.000000e+00,0.000000e+00,0.000000e+00,0.000000e+00,0.000000e+00,0.000000e+00,0.000000e+00,0.000000e+00,0.000000e+00,0.000000e+00
1.000000e+00,0.000000e+00,0.000000e+00,0.000000e+00,0.000000e+00,0.000000e+00,0.000000e+00,0.000000e+00,0.000000e+00,0.000000e+00,0.000000e+00,0.000000e+00,0.000000e+00,0.000000e+00,0.000000e+00
1.000000e+00,0.000000e+00,0.000000e+00,0.000000e+00,0.000000e+00,0.000000e+00,0.000000e+00,0.000000e+00,0.000000e+00,0.000000e+00,0.000000e+00,0.000000e+00,0.000000e+00,0.000000e+00,0.000000e+00
1.000000e+00,0.000000e+00,0.000000e+00,0.000000e+00,0.000000e+00,0.000000e+00,0.000000e+00,0.000000e+00,0.000000e+00,0.000000e+00,0.000000e+00,0.000000e+00,0.000000e+00,0.000000e+00,0.000000e+00
1.000000e+00,0.000000e+00,0.000000e+00,0.000000e+00,0.000000e+00,0.000000e+00,0.000000e+00,0.000000e+00,0.000000e+00,0.000000e+00,0.000000e+00,0.000000e+00,0.000000e+00,0.000000e+00,0.000000e+00
1.000000e+00,0.000000e+00,0.000000e+00,0.000000e+00,0.000000e+00,0.000000e+00,0.000000e+00,0.000000e+00,0.000000e+00,0.000000e+00,0.000000e+00,0.000000e+00,0.000000e+00,0.000000e+00,0.000000e+00
1.000000e+00,0.000000e+00,0.000000e+00,0.000000e+00,0.000000e+00,0.000000e+00,0.000000e+00,0.000000e+00,0.000000e+00,0.000000e+00,0.000000e+00,0.000000e+00,0.000000e+00,0.000000e+00,0.000000e+00
1.000000e+00,0.000000e+00,0.000000e+00,0.000000e+00,0.000000e+00,0.000000e+00,0.000000e+00,0.000000e+00,0.000000e+00,0.000000e+00,0.000000e+00,0.000000e+00,0.000000e+00,0.000000e+00,0.000000e+00
4.826576e-01,1.280336e-02,4.525551e-02,2.597659e-02,1.335322e-02,1.894949e-02,1.163577e-01,2.282381e-01,3.921267e-03,1.931099e-03,8.467275e-03,2.030226e-02,1.069941e-02,1.558506e-03,9.528666e-03
3.609734e-01,1.628320e-02,1.349632e-01,3.134136e-02,1.607215e-02,1.840379e-02,1.504937e-01,1.907820e-01,3.787310e-03,3.230624e-03,1.082035e-02,3.888125e-02,1.310758e-02,2.248993e-03,8.611024e-03
2.695554e-01,1.734985e-02,1.968153e-01,3.430114e-02,2.318573e-02,3.181991e-02,1.908731e-01,1.586536e-01,3.810906e-03,7.625785e-03,9.929086e-03,3.499524e-02,1.120959e-02,2.382395e-03,7.493080e-03
1.941428e-01,2.596815e-02,1.540988e-01,3.946662e-02,2.064091e-02,6.850453e-02,1.442065e-01,1.159927e-01,1.902397e-02,3.181770e-02,2.664090e-02,2.870332e-02,8.054204e-02,1.975921e-03,4.827503e-02
1.382134e-01,2.438268e-02,1.085981e-01,3.222291e-02,1.758842e-02,5.196512e-02,1.041375e-01,8.166616e-02,2.964579e-02,1.190766e-01,2.202103e-02,2.209669e-02,1.528820e-01,2.002638e-03,9.350103e-02
9.780500e-02,2.587369e-02,7.848101e-02,3.514520e-02,1.386334e-02,4.364154e-02,7.835162e-02,5.748518e-02,5.383980e-02,2.271744e-01,1.869188e-02,2.897089e-02,1.518057e-01,3.002943e-03,8.586787e-02
7.098822e-02,1.933248e-02,5.633011e-02,3.308117e-02,1.175639e-02,4.307883e-02,5.737749e-02,4.055550e-02,5.326861e-02,2.280759e-01,1.708964e-02,6.269676e-02,2.254949e-01,4.924339e-03,7.594958e-02
5.510091e-02,1.531168e-02,4.047756e-02,2.773365e-02,1.020087e-02,3.979831e-02,4.254343e-02,2.856627e-02,5.061038e-02,2.338531e-01,1.759428e-02,1.125261e-01,2.529924e-01,5.848745e-03,6.684224e-02
4.416377e-02,1.495676e-02,2.993429e-02,2.526094e-02,8.792062e-03,3.587949e-02,3.041984e-02,2.007586e-02,4.330995e-02,2.628886e-01,1.783005e-02,1.777182e-01,2.298444e-01,5.658976e-03,5.326682e-02
3.832222e-02,1.240472e-02,2.240706e-02,2.031159e-02,7.481865e-03,3.230824e-02,2.182509e-02,1.407008e-02,3.683496e-02,3.448821e-01,1.685447e-02,2.024322e-01,1.835693e-01,5.446034e-03,4.085002e-02
8.524555e-02,9.484231e-03,1.603136e-02,1.662892e-02,7.869646e-03,3.535100e-02,1.563505e-02,9.934341e-03,3.839068e-02,3.844938e-01,2.010956e-02,1.838987e-01,1.404171e-01,5.710374e-03,3.079966e-02
6.749844e-02,6.901974e-03,1.141322e-02,1.204295e-02,5.819434e-03,4.018326e-02,1.126045e-02,7.021237e-03,3.105017e-02,3.591399e-01,3.346839e-02,2.772765e-01,1.075888e-01,6.899349e-03,2.243598e-02
5.568230e-02,5.226789e-03,8.224365e-03,8.962882e-03,4.481572e-03,3.270081e-02,8.039767e-03,4.979690e-03,2.699898e-02,3.189549e-01,5.577470e-02,3.549160e-01,9.012008e-02,8.356363e-03,1.658077e-02
5.942500e-02,3.832328e-03,6.861556e-03,7.073857e-03,3.691475e-03,4.193775e-02,5.976153e-03,4.060880e-03,2.290596e-02,3.242764e-01,8.105972e-02,3.392957e-01,8.091185e-02,6.644621e-03,1.204665e-02
4.283954e-02,2.787114e-03,4.863362e-03,5.584376e-03,3.869342e-03,3.128923e-02,4.309634e-03,2.912584e-03,2.749400e-02,3.782846e-01,9.768058e-02,3.065919e-01,7.654564e-02,5.936889e-03,9.011121e-03
3.416737e-02,2.078656e-03,3.601042e-03,4.967831e-03,4.479925e-03,2.706965e-02,3.226181e-03,2.096482e-03,2.619604e-02,4.228529e-01,1.029083e-01,2.872336e-01,6.618197e-02,6.122099e-03,6.817846e-03
2.746633e-02,1.627002e-03,2.976012e-03,4.332043e-03,5.463502e-03,2.940020e-02,2.462499e-03,1.721382e-03,2.125184e-02,4.193434e-01,9.559894e-02,3.189847e-01,5.737996e-02,6.672513e-03,5.319672e-03
2.008502e-02,1.343153e-03,2.553622e-03,3.258696e-03,1.368514e-02,2.171695e-02,1.881302e-03,1.292555e-03,2.121045e-02,5.231827e-01,7.939530e-02,2.479926e-01,5.088546e-02,6.205629e-03,5.311455e-03
1.894275e-02,1.678299e-03,2.053667e-03,2.602437e-03,1.154604e-01,1.863134e-02,2.922878e-03,2.017494e-03,6.820449e-02,4.586001e-01,6.546828e-02,1.934882e-01,4.014299e-02,5.080498e-03,4.706245e-03
1.465950e-02,1.787754e-03,1.463943e-03,1.898153e-03,1.847210e-01,1.626223e-02,2.080121e-03,1.595188e-03,2.254286e-01,3.282993e-01,4.798576e-02,1.375604e-01,2.908968e-02,3.736792e-03,3.431498e-03
1.196712e-02,2.213542e-03,1.052973e-03,1.375972e-03,1.811858e-01,2.880388e-02,1.507581e-03,1.171302e-03,3.747997e-01,2.379095e-01,3.517042e-02,9.673280e-02,2.078485e-02,2.760427e-03,2.564091e-03
1.439319e-02,3.689053e-03,1.109394e-03,1.243887e-03,1.423219e-01,9.514741e-02,1.349014e-03,1.203427e-03,4.474583e-01,1.771366e-01,2.728890e-02,6.853410e-02,1.503822e-02,2.099050e-03,1.987552e-03
1.808521e-02,5.966662e-03,1.924960e-03,2.117597e-03,1.729277e-01,9.683984e-02,2.111625e-03,1.547108e-03,4.775057e-01,1.371268e-01,2.013063e-02,4.863407e-02,1.107278e-02,1.653230e-03,2.355934e-03
1.417513e-02,4.928659e-03,2.155543e-03,7.627107e-03,1.890757e-01,1.609179e-01,5.233515e-03,1.330134e-03,4.168223e-01,9.986029e-02,2.073770e-02,3.990742e-02,3.323157e-02,1.225365e-03,2.771640e-03
1.019769e-02,3.692370e-03,1.635888e-03,5.986515e-03,1.433472e-01,1.653727e-01,4.234043e-03,1.110353e-03,3.061295e-01,7.131262e-02,6.283483e-02,9.593432e-02,1.243407e-01,9.051152e-04,2.966219e-03
7.577643e-03,3.311963e-03,1.517903e-03,5.130223e-03,1.079941e-01,2.132926e-01,3.352664e-03,9.252132e-04,2.329606e-01,5.107542e-02,5.996279e-02,1.146283e-01,1.935089e-01,7.661317e-04,3.995628e-03
5.539580e-03,2.418851e-03,1.123702e-03,3.719465e-03,7.597782e-02,1.934794e-01,2.491680e-03,7.693461e-04,1.675285e-01,3.624006e-02,8.115730e-02,1.118629e-01,3.121994e-01,6.112264e-04,4.880878e-03
4.222935e-03,1.833573e-03,8.385414e-04,2.696390e-03,5.354522e-02,1.908163e-01,1.991303e-03,5.748294e-04,1.259077e-01,2.685495e-02,1.134562e-01,1.239391e-01,3.421579e-01,7.971977e-04,1.036793e-02
4.035490e-03,1.619693e-03,9.835256e-04,2.092933e-03,3.860955e-02,1.828038e-01,1.687247e-03,1.068651e-03,1.052211e-01,2.002138e-02,1.235326e-01,1.742458e-01,3.341082e-01,1.266811e-03,8.703194e-03
3.424017e-03,4.999096e-03,8.934009e-04,1.563357e-03,2.750531e-02,1.409527e-01,1.209653e-03,8.301068e-04,1.007259e-01,1.686858e-02,1.174123e-01,2.915753e-01,2.818370e-01,1.808582e-03,8.394684e-03
2.648636e-03,7.580982e-03,9.557603e-04,1.191599e-03,1.947458e-02,1.047170e-01,8.579350e-04,6.599399e-04,8.395475e-02,1.429698e-02,1.743111e-01,3.643030e-01,2.147438e-01,3.409025e-03,6.894975e-03
2.085961e-03,7.377722e-03,7.199760e-04,1.184564e-03,1.393491e-02,7.362556e-02,6.116798e-04,7.457862e-04,1.063677e-01,1.220143e-02,2.271432e-01,3.884138e-01,1.553015e-01,4.562704e-03,5.723427e-03
1.762842e-03,1.057761e-02,5.661953e-04,9.021283e-04,1.105193e-02,5.181148e-02,4.392401e-04,7.065043e-04,1.468473e-01,9.210596e-03,3.444799e-01,2.948292e-01,1.124897e-01,7.950614e-03,6.374706e-03
1.540318e-03,9.037317e-03,5.914878e-04,8.110395e-04,8.709510e-03,3.638068e-02,3.217726e-04,1.023265e-03,1.322807e-01,6.802165e-03,4.769700e-01,2.317951e-01,7.975105e-02,8.753095e-03,5.232571e-03
1.151810e-03,8.574100e-03,4.408093e-04,5.886349e-04,6.169979e-03,2.556957e-02,2.281820e-04,8.091728e-04,9.986100e-02,4.889087e-03,6.124038e-01,1.694742e-01,5.616232e-02,9.354379e-03,4.323080e-03
9.353560e-04,2.723796e-02,4.719260e-04,4.725349e-04,4.669966e-03,1.803256e-02,1.856248e-04,8.109754e-04,7.561072e-02,3.558713e-03,6.941760e-01,1.215383e-01,3.964172e-02,8.537330e-03,4.120336e-03
1.500783e-03,2.860605e-02,4.239993e-03,1.410102e-03,6.707915e-03,1.293926e-02,5.437197e-04,8.462762e-03,7.449209e-02,2.892960e-03,7.290216e-01,8.835190e-02,2.796061e-02,9.224810e-03,3.645432e-03
1.272050e-03,2.699580e-02,3.232850e-03,1.147488e-03,5.007023e-03,9.202768e-03,4.417902e-04,6.249397e-03,7.339334e-02,2.147352e-03,7.779496e-01,6.266573e-02,1.963439e-02,7.370681e-03,3.289736e-03
1.196184e-03,2.226659e-02,2.382020e-03,8.913163e-04,3.727550e-03,6.526110e-03,3.562760e-04,4.651969e-03,8.895251e-02,1.697657e-03,8.006185e-01,4.502784e-02,1.378662e-02,5.533051e-03,2.385715e-03
1.400466e-03,1.830300e-02,1.949877e-03,8.393575e-04,2.963546e-03,4.655265e-03,3.382830e-04,3.870286e-03,1.618228e-01,1.908359e-03,7.531779e-01,3.256686e-02,9.706321e-03,4.568243e-03,1.929405e-03
1.362595e-03,1.453005e-02,1.557875e-03,9.166679e-04,2.675643e-03,3.313061e-03,3.150654e-04,3.700184e-03,2.604612e-01,1.503861e-03,6.744831e-01,2.323538e-02,6.846577e-03,3.652874e-03,1.445831e-03
2.600645e-03,1.215166e-02,3.040393e-03,5.155117e-03,5.794831e-03,2.653974e-03,3.422387e-04,6.944519e-03,3.991838e-01,1.453321e-03,5.352803e-01,1.670851e-02,4.884673e-03,2.664556e-03,1.141372e-03
8.031498e-03,1.611626e-02,5.720940e-03,8.733490e-03,1.045161e-02,2.185307e-03,4.767214e-04,1.144898e-02,4.903930e-01,2.344454e-03,4.240348e-01,1.277006e-02,3.543753e-03,2.486669e-03,1.262428e-03
2.133457e-02,1.769682e-02,8.115089e-03,8.319263e-03,1.188417e-02,3.550328e-03,4.416843e-04,1.274261e-02,4.334394e-01,3.143555e-02,4.097726e-01,1.103752e-02,3.309367e-03,1.106327e-02,1.585771e-02
4.237317e-02,2.464224e-02,2.286097e-02,1.480676e-02,1.074042e-02,3.962076e-03,4.680135e-04,2.298726e-02,3.834046e-01,3.956667e-02,3.256081e-01,1.301043e-02,1.828095e-02,1.884150e-02,5.844675e-02
6.053400e-02,2.626796e-02,2.512811e-02,1.745641e-02,1.127309e-02,8.982436e-03,5.025379e-04,2.794879e-02,3.549501e-01,5.699386e-02,2.951073e-01,1.055714e-02,1.472123e-02,3.069765e-02,5.887934e-02
6.194639e-02,2.401282e-02,2.386779e-02,1.400031e-02,1.039572e-02,3.334019e-02,5.510648e-04,2.438862e-02,3.807638e-01,6.536545e-02,2.188085e-01,9.304682e-03,1.191166e-02,3.844482e-02,8.289810e-02
7.200691e-02,2.944625e-02,1.865600e-02,1.146715e-02,8.564680e-03,4.576234e-02,5.523594e-04,2.483070e-02,3.503209e-01,5.739503e-02,1.604286e-01,1.291199e-02,1.977452e-02,8.225479e-02,1.056278e-01
5.710399e-02,3.538920e-02,1.460109e-02,9.039614e-03,6.260456e-03,3.874294e-02,4.964260e-04,1.821613e-02,2.822813e-01,6.029848e-02,1.313067e-01,1.692348e-02,8.023336e-02,7.000349e-02,1.791033e-01
5.322879e-02,3.060726e-02,4.208302e-02,1.685636e-02,5.163542e-03,4.002280e-02,1.012277e-03,1.926442e-02,2.318759e-01,5.933679e-02,1.031463e-01,3.535829e-02,1.375974e-01,5.472194e-02,1.697249e-01
4.086639e-02,2.332115e-02,4.164141e-02,1.493512e-02,4.140810e-03,3.607719e-02,9.139855e-04,1.420801e-02,1.758857e-01,7.238738e-02,8.646242e-02,9.949197e-02,2.069075e-01,5.098972e-02,1.317712e-01
3.128177e-02,1.977167e-02,4.023847e-02,1.709848e-02,3.623450e-03,3.987829e-02,1.379946e-03,1.053437e-02,1.334256e-01,6.139273e-02,7.438404e-02,2.140992e-01,2.049702e-01,4.595491e-02,1.019668e-01
2.330997e-02,1.579938e-02,2.981851e-02,1.408190e-02,2.790830e-03,3.357155e-02,1.224998e-03,7.708581e-03,1.011306e-01,5.938675e-02,6.550743e-02,3.467420e-01,1.808253e-01,3.670178e-02,8.140038e-02
1.769041e-02,1.202739e-02,2.198949e-02,1.039311e-02,2.490592e-03,5.829548e-02,1.757641e-03,6.327695e-03,7.640035e-02,6.406789e-02,6.019250e-02,3.852594e-01,1.864490e-01,3.067407e-02,6.598494e-02
1.427340e-02,1.020674e-02,1.668664e-02,7.969091e-03,2.930668e-03,5.031651e-02,2.103294e-03,5.522105e-03,6.837915e-02,6.749413e-02,6.233702e-02,4.579961e-01,1.604510e-01,2.366620e-02,4.966788e-02
1.217736e-02,1.132170e-02,1.321168e-02,7.104616e-03,4.565076e-03,4.110758e-02,3.643112e-03,5.259812e-03,8.374284e-02,6.669587e-02,8.016198e-02,4.598744e-01,1.550613e-01,1.826316e-02,3.780958e-02
9.926407e-03,1.247345e-02,1.160533e-02,6.320122e-03,7.618867e-03,4.520478e-02,6.226706e-03,6.241952e-03,8.575135e-02,5.166435e-02,6.100993e-02,4.995157e-01,1.549173e-01,1.381261e-02,2.771118e-02
8.087991e-03,1.200017e-02,9.536573e-03,4.947430e-03,7.330522e-03,5.305225e-02,7.250329e-03,5.537932e-03,7.841952e-02,3.716430e-02,4.456708e-02,5.633417e-01,1.385684e-01,9.875240e-03,2.032049e-02
7.200625e-03,1.022298e-02,7.193078e-03,3.747607e-03,7.170623e-03,5.520651e-02,5.516075e-03,4.255642e-03,6.178224e-02,2.943691e-02,3.222094e-02,6.266656e-01,1.278194e-01,7.047730e-03,1.451405e-02
6.366112e-03,1.112288e-02,6.396126e-03,3.104866e-03,8.457547e-03,5.196533e-02,5.008606e-03,3.571924e-03,5.562021e-02,2.454175e-02,2.457692e-02,6.789659e-01,1.041356e-01,5.195363e-03,1.097080e-02
7.938243e-03,1.187237e-02,5.068932e-03,2.670542e-03,1.149871e-02,4.342604e-02,4.308126e-03,3.453613e-03,5.541375e-02,1.893363e-02,1.895944e-02,7.191113e-01,8.495947e-02,3.856997e-03,8.528791e-03
9.994410e-03,1.883738e-02,4.284279e-03,2.418943e-03,1.148662e-02,3.549444e-02,4.114903e-03,4.493739e-03,9.160470e-02,1.545758e-02,1.932649e-02,7.013822e-01,7.099956e-02,3.494316e-03,6.610323e-03
1.018464e-02,2.499240e-02,3.641963e-03,2.320071e-03,1.091030e-02,2.939759e-02,4.118004e-03,6.818893e-03,1.358697e-01,1.242300e-02,1.888733e-02,6.734412e-01,5.853372e-02,3.135473e-03,5.325572e-03
9.933892e-03,3.011608e-02,3.013144e-03,2.380374e-03,8.645223e-03,2.987041e-02,3.326503e-03,5.951658e-03,2.050414e-01,1.025384e-02,1.642100e-02,6.178268e-01,5.038752e-02,2.733378e-03,4.098728e-03
9.067507e-03,4.489696e-02,3.461641e-03,1.935208e-03,6.733870e-03,5.497942e-02,3.022261e-03,6.387855e-03,2.202331e-01,8.537307e-03,1.238733e-02,5.831256e-01,3.997331e-02,2.194206e-03,3.064420e-03
8.527009e-03,4.543482e-02,2.750411e-03,1.550068e-03,5.895736e-03,5.227835e-02,3.208701e-03,6.784644e-03,2.616852e-01,6.218883e-03,8.942739e-03,5.573437e-01,3.549779e-02,1.613440e-03,2.268452e-03
1.016693e-02,5.361801e-02,3.938391e-03,1.672194e-03,1.108914e-02,6.763816e-02,5.496635e-03,9.320694e-03,3.415273e-01,4.676747e-03,6.584457e-03,4.463498e-01,3.484222e-02,1.266408e-03,1.812882e-03
8.320849e-03,5.570033e-02,3.077517e-03,1.261611e-03,1.243555e-02,1.162353e-01,7.146036e-03,1.018921e-02,4.217451e-01,3.300240e-03,4.677045e-03,3.266430e-01,2.697974e-02,9.086434e-04,1.379832e-03
1.037798e-02,6.342161e-02,3.271890e-03,5.375153e-03,2.443571e-02,1.841379e-01,7.486291e-03,1.963476e-02,4.141959e-01,2.536341e-03,3.625340e-03,2.325515e-01,2.675547e-02,6.860880e-04,1.508116e-03
1.712405e-02,7.073085e-02,2.986659e-03,5.156025e-03,2.588879e-02,2.804313e-01,7.893610e-03,3.378748e-02,3.592182e-01,1.898836e-03,3.053053e-03,1.665667e-01,2.275108e-02,5.466054e-04,1.966872e-03
2.215961e-02,7.384315e-02,4.461708e-03,5.345600e-03,2.794627e-02,3.646392e-01,1.283439e-02,4.722866e-02,2.941805e-01,1.934999e-03,2.318452e-03,1.202380e-01,1.992475e-02,4.751193e-04,2.469595e-03
4.367259e-02,6.004861e-02,5.851120e-03,9.117605e-03,2.588627e-02,4.202361e-01,1.478852e-02,7.127298e-02,2.335048e-01,1.626720e-03,1.718701e-03,8.488949e-02,2.433756e-02,3.993269e-04,2.649602e-03
7.552922e-02,4.641155e-02,4.794480e-03,8.488772e-03,2.479694e-02,4.796141e-01,1.382352e-02,6.254300e-02,1.895463e-01,1.520021e-03,1.422130e-03,6.077066e-02,2.535614e-02,4.651441e-04,4.918103e-03
1.039095e-01,4.532309e-02,4.694811e-03,1.200757e-02,2.452358e-02,4.078407e-01,1.118447e-02,5.068219e-02,1.665173e-01,1.694476e-03,2.385819e-03,4.657558e-02,9.317524e-02,1.050519e-03,2.843521e-02
9.410410e-02,3.995355e-02,7.783672e-03,1.962243e-02,1.837473e-02,3.257517e-01,9.870961e-03,4.370055e-02,1.302239e-01,3.670217e-03,4.063718e-03,5.293543e-02,2.067700e-01,1.025730e-03,4.214932e-02
7.598060e-02,4.122491e-02,4.499552e-02,4.812695e-02,1.480876e-02,2.359187e-01,8.019478e-03,3.730754e-02,1.059682e-01,1.306150e-02,5.077476e-03,4.601597e-02,2.001313e-01,1.343191e-03,1.220199e-01
9.065557e-02,3.487340e-02,3.519300e-02,4.712630e-02,1.105111e-02,2.019835e-01,7.230421e-03,3.325548e-02,8.215148e-02,1.469515e-02,7.144778e-03,4.175633e-02,2.552010e-01,2.276297e-03,1.354062e-01
9.928940e-02,4.436709e-02,2.815994e-02,4.282043e-02,8.974418e-03,1.578332e-01,6.237140e-03,2.701150e-02,8.284178e-02,1.299940e-02,7.827409e-03,4.314884e-02,2.840070e-01,3.702161e-03,1.507802e-01
1.070422e-01,4.267073e-02,2.219404e-02,3.458882e-02,8.108528e-03,1.192816e-01,5.458765e-03,2.089907e-02,9.873883e-02,1.394642e-02,8.984460e-03,4.485453e-02,3.531648e-01,3.332687e-03,1.167346e-01
1.362656e-01,3.586737e-02,2.968227e-02,2.547681e-02,7.243381e-03,1.197107e-01,9.996625e-03,2.824574e-02,9.723374e-02,1.203149e-02,8.756165e-03,3.611088e-02,3.512997e-01,3.230484e-03,9.884908e-02
1.509810e-01,3.061539e-02,2.290124e-02,1.862009e-02,6.566025e-03,1.046487e-01,8.442085e-03,2.688041e-02,1.125633e-01,1.014045e-02,7.543704e-03,2.795793e-02,3.904069e-01,2.894082e-03,7.883878e-02
1.718048e-01,2.592112e-02,2.217993e-02,1.654107e-02,9.683717e-03,9.701866e-02,8.544181e-03,3.353867e-02,1.285686e-01,1.131147e-02,7.134264e-03,2.601499e-02,3.703428e-01,3.260962e-03,6.813493e-02
1.733102e-01,2.312751e-02,1.632247e-02,1.273611e-02,1.046449e-02,9.627225e-02,6.628938e-03,2.605772e-02,1.514428e-01,1.171693e-02,6.979037e-03,2.093720e-02,3.731317e-01,3.702804e-03,6.716990e-02
1.543433e-01,2.969033e-02,4.260286e-02,1.101464e-01,1.342611e-02,8.054485e-02,6.065028e-03,2.978417e-02,1.482282e-01,2.025308e-02,6.786257e-03,1.970714e-02,2.730547e-01,3.457721e-03,6.190989e-02
1.407807e-01,3.854347e-02,3.301686e-02,8.542193e-02,2.516838e-02,1.230312e-01,7.787718e-03,2.340659e-02,2.193244e-01,1.611944e-02,5.719079e-03,1.516155e-02,2.163019e-01,2.695254e-03,4.752159e-02
1.157793e-01,4.922391e-02,5.011548e-02,1.775251e-01,2.234169e-02,1.123827e-01,7.350663e-03,1.922622e-02,2.096947e-01,1.682542e-02,4.497961e-03,1.201912e-02,1.558388e-01,2.055983e-03,4.512294e-02
1.258319e-01,6.708981e-02,4.362392e-02,1.494273e-01,2.421483e-02,1.534603e-01,6.473159e-03,1.571241e-02,2.217527e-01,1.604169e-02,3.790623e-03,9.666030e-03,1.182948e-01,1.656642e-03,4.296391e-02
1.065848e-01,6.939232e-02,9.378640e-02,1.715067e-01,2.061445e-02,1.331923e-01,5.847424e-03,1.329817e-02,2.240915e-01,1.883646e-02,3.400937e-03,7.629849e-03,8.689314e-02,1.250752e-03,4.367488e-02
1.066783e-01,6.469474e-02,1.837843e-01,1.455001e-01,1.790920e-02,1.378137e-01,5.216872e-03,2.521389e-02,1.786643e-01,1.675083e-02,4.035926e-03,6.049648e-03,6.388363e-02,1.113283e-03,4.269119e-02
9.595531e-02,1.865368e-01,1.447828e-01,1.134739e-01,1.340935e-02,1.103127e-01,4.395681e-03,1.934902e-02,1.761607e-01,2.527783e-02,4.128703e-03,4.848428e-03,6.093507e-02,9.842125e-04,3.944949e-02
9.120704e-02,2.019600e-01,1.150413e-01,9.748464e-02,1.133567e-02,1.033637e-01,3.654987e-03,1.915078e-02,2.193413e-01,2.934696e-02,5.912002e-03,4.845327e-03,5.755153e-02,1.205634e-03,3.859917e-02
1.083890e-01,1.517439e-01,8.666837e-02,9.621628e-02,3.173619e-02,1.636611e-01,4.349336e-03,2.423057e-02,1.963100e-01,2.520866e-02,6.291979e-03,4.165436e-03,6.564851e-02,1.911371e-03,3.346927e-02
1.266963e-01,1.213849e-01,6.622622e-02,7.697336e-02,5.071792e-02,1.672985e-01,4.090345e-03,2.371644e-02,1.918943e-01,2.373966e-02,7.558670e-03,3.578614e-03,7.914346e-02,4.687782e-03,5.229347e-02
1.087201e-01,1.110100e-01,5.165146e-02,6.866474e-02,4.288354e-02,1.440862e-01,3.300466e-03,3.086221e-02,2.446041e-01,2.492780e-02,1.090682e-02,3.278659e-03,7.981474e-02,9.490129e-03,6.579896e-02
1.388167e-01,1.067053e-01,3.752735e-02,5.016870e-02,3.445911e-02,1.098397e-01,2.543574e-03,2.475862e-02,2.043995e-01,2.239078e-02,1.223948e-02,2.661452e-03,6.641863e-02,2.341947e-02,1.636516e-01
1.357933e-01,9.052709e-02,2.749743e-02,3.589279e-02,2.660675e-02,7.969517e-02,1.918378e-03,1.848597e-02,1.801361e-01,2.500476e-02,1.318212e-02,2.104248e-03,5.006463e-02,4.037088e-02,2.727203e-01
1.082956e-01,7.257883e-02,1.976244e-02,2.544921e-02,1.930105e-02,5.653522e-02,1.441874e-03,1.331381e-02,1.508877e-01,1.950956e-02,1.016385e-02,1.557924e-03,3.600501e-02,3.171369e-02,4.334842e-01
8.077911e-02,5.823769e-02,1.406679e-02,1.799125e-02,1.365305e-02,4.031366e-02,1.049455e-03,9.412426e-03,1.197736e-01,1.635680e-02,7.601756e-03,1.145269e-03,2.613164e-02,2.538901e-02,5.680984e-01
6.168181e-02,5.248041e-02,1.198857e-02,1.316896e-02,9.752008e-03,2.852616e-02,7.875561e-04,6.867496e-03,9.928175e-02,1.422646e-02,5.765335e-03,9.233005e-04,1.902819e-02,1.911672e-02,6.564053e-01
4.409547e-02,4.522305e-02,9.250251e-03,9.475848e-03,6.850395e-03,2.075634e-02,5.610916e-04,4.853635e-03,7.693886e-02,1.541416e-02,4.335389e-03,7.265588e-04,1.362947e-02,1.401241e-02,7.338771e-01
3.195681e-02,3.860552e-02,1.854016e-02,7.875483e-03,4.911223e-03,1.581870e-02,4.455959e-04,3.717203e-03,6.657740e-02,1.707423e-02,4.458292e-03,9.965110e-04,1.133342e-02,1.052445e-02,7.671651e-01
2.419763e-02,4.105926e-02,1.784939e-02,6.746504e-03,3.660415e-03,2.050823e-02,3.879697e-04,2.962414e-03,6.146106e-02,1.315821e-02,6.243723e-03,1.856124e-03,1.158961e-02,8.216884e-03,7.801026e-01
1.855985e-02,3.756214e-02,5.665581e-02,9.432537e-03,3.401641e-03,1.743655e-02,4.477517e-04,2.502203e-03,6.629091e-02,1.039972e-02,8.377162e-03,2.808182e-03,1.291704e-02,6.391800e-03,7.468168e-01
1.317927e-02,4.208367e-02,2.618741e-01,3.260098e-02,2.626517e-03,1.251662e-02,3.229572e-04,1.778284e-03,7.261100e-02,7.870276e-03,6.398712e-03,2.408728e-03,9.834105e-03,4.571029e-03,5.293237e-01
1.150782e-02,8.064102e-02,2.837038e-01,3.122595e-02,3.170724e-03,1.386907e-02,3.835242e-04,1.455665e-03,1.268170e-01,8.024507e-03,8.442756e-03,2.680371e-03,2.140439e-02,9.404495e-03,3.972689e-01
1.065474e-02,6.444909e-02,3.869582e-01,4.976895e-02,8.745164e-03,1.064003e-02,7.069036e-04,1.681364e-03,1.265662e-01,7.158888e-03,7.348628e-03,3.115611e-03,1.652313e-02,7.676092e-03,2.980069e-01
2.210420e-02,7.933885e-02,3.083816e-01,4.708103e-02,1.057074e-02,1.112494e-02,1.549870e-03,4.510593e-03,1.865348e-01,7.856455e-03,1.053460e-02,3.350159e-03,4.938035e-02,6.829698e-03,2.508520e-01
3.356556e-02,7.717990e-02,2.646128e-01,4.669248e-02,2.977487e-02,1.074231e-02,2.691702e-03,9.762981e-03,2.660412e-01,7.467990e-03,9.574145e-03,2.726759e-03,3.748550e-02,7.171259e-03,1.945105e-01
3.642616e-02,8.486005e-02,2.316831e-01,9.898555e-02,2.493103e-02,1.050091e-02,2.289826e-03,8.463456e-03,2.395468e-01,1.627087e-02,9.067993e-03,2.667774e-03,2.757199e-02,8.565233e-03,1.981692e-01
7.797478e-02,7.519942e-02,1.799107e-01,8.220198e-02,5.417398e-02,1.113251e-02,2.896631e-03,1.464030e-02,2.296209e-01,1.417015e-02,8.739352e-03,4.049717e-03,2.847142e-02,1.750900e-02,1.993091e-01
1.069995e-01,6.588681e-02,1.361625e-01,6.873897e-02,8.571275e-02,1.117512e-02,3.973888e-03,1.979449e-02,2.181318e-01,1.407250e-02,8.820254e-03,4.332961e-03,2.458455e-02,1.817928e-02,2.134346e-01
1.131142e-01,6.932612e-02,1.034456e-01,6.246020e-02,9.196487e-02,1.261728e-02,4.201873e-03,2.586134e-02,2.046930e-01,1.913642e-02,1.333629e-02,6.826212e-03,2.860893e-02,2.630657e-02,2.181011e-01
1.153319e-01,6.265793e-02,9.548113e-02,6.588177e-02,1.112543e-01,1.143518e-02,5.051579e-03,4.630459e-02,2.166792e-01,1.812239e-02,1.595427e-02,8.221379e-03,2.657814e-02,2.225431e-02,1.787920e-01
1.328518e-01,8.734347e-02,8.363058e-02,5.466222e-02,8.762777e-02,1.152363e-02,4.943754e-03,4.074237e-02,2.729172e-01,1.631243e-02,1.444912e-02,9.523071e-03,2.258966e-02,1.872779e-02,1.421552e-01
1.960101e-01,9.273309e-02,6.251903e-02,4.356775e-02,6.933348e-02,1.293110e-02,5.347106e-03,3.709069e-02,2.922781e-01,1.437484e-02,1.263195e-02,1.047885e-02,2.725950e-02,1.530635e-02,1.081381e-01
2.479309e-01,1.082725e-01,4.732437e-02,3.550883e-02,5.846330e-02,1.482347e-02,5.145652e-03,3.356719e-02,2.891594e-01,1.304415e-02,1.175981e-02,1.225582e-02,2.787841e-02,1.232210e-02,8.254410e-02
2.808183e-01,1.060515e-01,3.511424e-02,2.830478e-02,4.567176e-02,3.098872e-02,5.522605e-03,2.825939e-02,2.858192e-01,1.111005e-02,1.080171e-02,1.600079e-02,4.299285e-02,9.887429e-03,6.265675e-02
3.385621e-01,8.782423e-02,3.052719e-02,3.046465e-02,3.895728e-02,3.991194e-02,5.796401e-03,2.605607e-02,2.255248e-01,1.242455e-02,1.192516e-02,2.103406e-02,6.484681e-02,9.116467e-03,5.702830e-02
3.392287e-01,7.027759e-02,2.512838e-02,3.467507e-02,2.903130e-02,5.350041e-02,6.949858e-03,2.212945e-02,1.637016e-01,1.208524e-02,1.193505e-02,2.658215e-02,1.412888e-01,7.574631e-03,5.591166e-02
3.786239e-01,5.645258e-02,2.306419e-02,4.785848e-02,2.279094e-02,5.449986e-02,6.149685e-03,1.860429e-02,1.213570e-01,1.119588e-02,1.266125e-02,3.069583e-02,1.557567e-01,6.911826e-03,5.337755e-02
4.223693e-01,4.794314e-02,1.835067e-02,5.095167e-02,1.833884e-02,5.658357e-02,5.468741e-03,1.477338e-02,9.675577e-02,9.522687e-03,1.152614e-02,3.577587e-02,1.502937e-01,5.845897e-03,5.550067e-02
4.092273e-01,3.978474e-02,1.390272e-02,3.815999e-02,1.461319e-02,6.870051e-02,4.822489e-03,1.248264e-02,8.591922e-02,7.775139e-03,1.103672e-02,3.515488e-02,1.980254e-01,5.801504e-03,5.459363e-02
3.878705e-01,3.845647e-02,1.106546e-02,2.950069e-02,1.171286e-02,7.114021e-02,3.919003e-03,1.113715e-02,1.063659e-01,6.743100e-03,1.361471e-02,3.491265e-02,1.943658e-01,6.239018e-03,7.295658e-02
2.809923e-01,4.241256e-02,8.161898e-03,2.294783e-02,8.706155e-03,5.695186e-02,3.032414e-03,8.230714e-03,1.954114e-01,8.201008e-03,1.403792e-02,3.755332e-02,1.689311e-01,5.699475e-03,1.387301e-01
1.982011e-01,3.621167e-02,5.914640e-03,1.815343e-02,6.326959e-03,4.668588e-02,2.356180e-03,5.903205e-03,3.203633e-01,6.698599e-03,1.299073e-02,3.505561e-02,1.292416e-01,4.527065e-03,1.713701e-01
1.393861e-01,3.356745e-02,4.557345e-03,1.542864e-02,4.890850e-03,4.738325e-02,1.958817e-03,4.729553e-03,4.212302e-01,5.312477e-03,1.029386e-02,2.651839e-02,9.386397e-02,3.328302e-03,1.875508e-01
9.873645e-02,4.787319e-02,5.308083e-03,5.408830e-02,3.996412e-03,6.047820e-02,1.457216e-03,4.505787e-03,4.798650e-01,4.961778e-03,8.901510e-03,1.940833e-02,6.791050e-02,2.446839e-03,1.400625e-01
7.124075e-02,3.711328e-02,5.558479e-03,4.319952e-02,4.262657e-03,7.335825e-02,1.861685e-03,1.175507e-02,5.301974e-01,5.171757e-03,8.353185e-03,1.416455e-02,5.228442e-02,1.987997e-03,1.394911e-01
5.411874e-02,3.057945e-02,5.089948e-03,3.161332e-02,6.566428e-03,8.377902e-02,4.516193e-03,1.070723e-02,5.738515e-01,5.931911e-03,1.288757e-02,1.346811e-02,5.287751e-02,1.725256e-03,1.122878e-01
4.110615e-02,2.371820e-02,3.834241e-03,2.238666e-02,5.633581e-03,1.769663e-01,7.348821e-03,1.090308e-02,5.187227e-01,4.316047e-03,1.201744e-02,1.455421e-02,6.993298e-02,1.386632e-03,8.717290e-02
3.131770e-02,1.883813e-02,2.842484e-03,1.614078e-02,5.487499e-03,3.243970e-01,5.478746e-03,8.849369e-03,4.342158e-01,3.336324e-03,1.055763e-02,1.221018e-02,6.100717e-02,1.049314e-03,6.427190e-02
2.406233e-02,2.008595e-02,2.808753e-03,1.797780e-02,5.354805e-03,3.859717e-01,4.231598e-03,9.428243e-03,3.931720e-01,3.632257e-03,8.326570e-03,9.007689e-03,4.926826e-02,9.408095e-04,6.573120e-02
2.471316e-02,1.924274e-02,3.500569e-03,1.582501e-02,9.460352e-03,4.451915e-01,4.129656e-03,1.332505e-02,3.624098e-01,3.546234e-03,6.070975e-03,6.571314e-03,3.591217e-02,7.867003e-04,4.931471e-02
3.427197e-02,2.246595e-02,4.385052e-03,2.331836e-02,1.285480e-02,4.836530e-01,4.533363e-03,3.402532e-02,2.923366e-01,4.390571e-03,4.491779e-03,4.734734e-03,2.715791e-02,6.750887e-04,4.670553e-02
4.903758e-02,3.221028e-02,6.184858e-03,4.499719e-02,1.474858e-02,4.231286e-01,6.460131e-03,3.396856e-02,2.563138e-01,7.561810e-03,3.420782e-03,3.566700e-03,3.052270e-02,5.909312e-04,8.728747e-02
3.982118e-02,9.164981e-02,1.934048e-02,1.070892e-01,1.229812e-02,3.132912e-01,4.950148e-03,2.565873e-02,2.127019e-01,1.169527e-02,2.765662e-03,2.687974e-03,2.863278e-02,5.039715e-04,1.269136e-01
2.893446e-02,1.437055e-01,5.660400e-02,1.286955e-01,9.068324e-03,2.219748e-01,3.525381e-03,1.841091e-02,1.838532e-01,1.734138e-02,2.270866e-03,2.036543e-03,2.218883e-02,4.932802e-04,1.608972e-01
2.693173e-02,1.327255e-01,5.728840e-02,1.107397e-01,9.360943e-03,1.714638e-01,5.218841e-03,1.686635e-02,1.857889e-01,1.792776e-02,2.946314e-03,1.784603e-03,1.100511e-01,5.537608e-04,1.503522e-01
1.954059e-02,1.100551e-01,4.113971e-02,8.143523e-02,6.629733e-03,1.257353e-01,3.810341e-03,1.186504e-02,1.434348e-01,1.278312e-02,2.281763e-03,1.368855e-03,3.276996e-01,4.117750e-04,1.118090e-01
1.388003e-02,7.909645e-02,2.927495e-02,5.725588e-02,4.686400e-03,8.926413e-02,2.802256e-03,8.320323e-03,1.041481e-01,8.997421e-03,1.729053e-03,1.064574e-03,5.157400e-01,3.054929e-04,8.343489e-02
9.910237e-03,5.697991e-02,2.087583e-02,4.018081e-02,3.334637e-03,6.342293e-02,2.084795e-03,5.836561e-03,7.639054e-02,6.366724e-03,1.328822e-03,8.432898e-04,6.409856e-01,2.303622e-04,7.122896e-02
7.851091e-03,4.131118e-02,1.532131e-02,2.827068e-02,2.484682e-03,4.582072e-02,1.825714e-03,4.160120e-03,6.221844e-02,4.936075e-03,1.881714e-03,1.778328e-03,6.615378e-01,2.099422e-04,1.203923e-01
6.430713e-03,2.984023e-02,1.095413e-02,2.003159e-02,1.898156e-03,3.457216e-02,1.611015e-03,3.044218e-03,5.878650e-02,4.428920e-03,5.021298e-03,4.695144e-03,5.931196e-01,2.646905e-04,2.253017e-01
