1.000000e+00,0.000000e+00,0.000000e+00,0.000000e+00,0.000000e+00,0.000000e+00,0.000000e+00,0.000000e+00,0.000000e+00,0.000000e+00,0.000000e+00,0.000000e+00,0.000000e+00,0.000000e+00,0.000000e+00
1.000000e+00,0.000000e+00,0.000000e+00,0.000000e+00,0.000000e+00,0.000000e+00,0.000000e+00,0.000000e+00,0.000000e+00,0.000000e+00,0.000000e+00,0.000000e+00,0.000000e+00,0.000000e+00,0.000000e+00
1.000000e+00,0.000000e+00,0.000000e+00,0.000000e+00,0.000000e+00,0.000000e+00,0.000000e+00,0.000000e+00,0.000000e+00,0.000000e+00,0.000000e+00,0.000000e+00,0.000000e+00,0.000000e+00,0.000000e+00
1.000000e+00,0.000000e+00,0.000000e+00,0.000000e+00,0.000000e+00,0.000000e+00,0.000000e+00,0.000000e+00,0.000000e+00,0.000000e+00,0.000000e+00,0.000000e+00,0.000000e+00,0.000000e+00,0.000000e+00
1.000000e+00,0.000000e+00,0.000000e+00,0.000000e+00,0.000000e+00,0.000000e+00,0.000000e+00,0.000000e+00,0.000000e+00,0.000000e+00,0.000000e+00,0.000000e+00,0.000000e+00,0.000000e+00,0.000000e+00
1.000000e+00,0.000000e+00,0.000000e+00,0.000000e+00,0.000000e+00,0.000000e+00,0.000000e+00,0.000000e+00,0.000000e+00,0.000000e+00,0.000000e+00,0.000000e+00,0.000000e+00,0.000000e+00,0.000000e+00
1.000000e+00,0.000000e+00,0.000000e+00,0.000000e+00,0.000000e+00,0.000000e+00,0.000000e+00,0.000000e+00,0.000000e+00,0.000000e+00,0.000000e+00,0.000000e+00,0.000000e+00,0.000000e+00,0.000000e+00
1.000000e+00,0.000000e+00,0.000000e+00,0.000000e+00,0.000000e+00,0.000000e+00,0.000000e+00,0.000000e+00,0.000000e+00,0.000000e+00,0.000000e+00,0.000000e+00,0.000000e+00,0.000000e+00,0.000000e+00
1.000000e+00,0.000000e+00,0.000000e+00,0.000000e+00,0.000000e+00,0.000000e+00,0.000000e+00,0.000000e+00,0.000000e+00,0.000000e+00,0.000000e+00,0.000000e+00,0.000000e+00,0.000000e+00,0.000000e+00
1.000000e+00,0.000000e+00,0.000000e+00,0.000000e+00,0.000000e+00,0.000000e+00,0.000000e+00,0.000000e+00,0.000000e+00,0.000000e+00,0.000000e+00,0.000000e+00,0.000000e+00,0.000000e+00,0.000000e+00
1.000000e+00,0.000000e+00,0.000000e+00,0.000000e+00,0.000000e+00,0.000000e+00,0.000000e+00,0.000000e+00,0.000000e+00,0.000000e+00,0.000000e+00,0.000000e+00,0.000000e+00,0.000000e+00,0.000000e+00
1.000000e+00,0.000000e+00,0.000000e+00,0.000000e+00,0.000000e+00,0.000000e+00,0.000000e+00,0.000000e+00,0.000000e+00,0.000000e+00,0.000000e+00,0.000000e+00,0.000000e+00,0.000000e+00,0.000000e+00
1.000000e+00,0.000000e+00,0.000000e+00,0.000000e+00,0.000000e+00,0.000000e+00,0.000000e+00,0.000000e+00,0.000000e+00,0.000000e+00,0.000000e+00,0.000000e+00,0.000000e+00,0.000000e+00,0.000000e+00
1.000000e+00,0.000000e+00,0.000000e+00,0.000000e+00,0.000000e+00,0.000000e+00,0.000000e+00,0.000000e+00,0.000000e+00,0.000000e+00,0.000000e+00,0.000000e+00,0.000000e+00,0.000000e+00,0.000000e+00
1.000000e+00,0.000000e+00,0.000000e+00,0.000000e+00,0.000000e+00,0.000000e+00,0.000000e+00,0.000000e+00,0.000000e+00,0.000000e+00,0.000000e+00,0.000000e+00,0.000000e+00,0.000000e+00,0.000000e+00
1.000000e+00,0.000000e+00,0.000000e+00,0.000000e+00,0.000000e+00,0.000000e+00,0.000000e+00,0.000000e+00,0.000000e+00,0.000000e+00,0.000000e+00,0.000000e+00,0.000000e+00,0.000000e+00,0.000000e+00
1.000000e+00,0.000000e+00,0.000000e+00,0.000000e+00,0.000000e+00,0.000000e+00,0.000000e+00,0.000000e+00,0.000000e+00,0.000000e+00,0.000000e+00,0.000000e+00,0.000000e+00,0.000000e+00,0.000000e+00
1.000000e+00,0.000000e+00,0.000000e+00,0.000000e+00,0.000000e+00,0.000000e+00,0.000000e+00,0.000000e+00,0.000000e+00,0.000000e+00,0.000000e+00,0.000000e+00,0.000000e+00,0.000000e+00,0.000000e+00
1.000000e+00,0.000000e+00,0.000000e+00,0.000000e+00,0.000000e+00,0.000000e+00,0.000000e+00,0.000000e+00,0.000000e+00,0.000000e+00,0.000000e+00,0.000000e+00,0.000000e+00,0.000000e+00,0.000000e+00
1.000000e+00,0.000000e+00,0.000000e+00,0.000000e+00,0.000000e+00,0.000000e+00,0.000000e+00,0.000000e+00,0.000000e+00,0.000000e+00,0.000000e+00,0.000000e+00,0.000000e+00,0.000000e+00,0.000000e+00
1.000000e+00,0.000000e+00,0.000000e+00,0.000000e+00,0.000000e+00,0.000000e+00,0.000000e+00,0.000000e+00,0.000000e+00,0.000000e+00,0.000000e+00,0.000000e+00,0.000000e+00,0.000000e+00,0.000000e+00
1.000000e+00,0.000000e+00,0.000000e+00,0.000000e+00,0.000000e+00,0.000000e+00,0.000000e+00,0.000000e+00,0.000000e+00,0.000000e+00,0.000000e+00,0.000000e+00,0.000000e+00,0.000000e+00,0.000000e+00
1.000000e+00,0.000000e+00,0.000000e+00,0.000000e+00,0.000000e+00,0.000000e+00,0.000000e+00,0.000000e+00,0.000000e+00,0.000000e+00,0.000000e+00,0.000000e+00,0.000000e+00,0.000000e+00,0.000000e+00
1.000000e+00,0.000000e+00,0.000000e+00,0.000000e+00,0.000000e+00,0.000000e+00,0.000000e+00,0.000000e+00,0.000000e+00,0.000000e+00,0.000000e+00,0.000000e+00,0.000000e+00,0.000000e+00,0.000000e+00
1.000000e+00,0.000000e+00,0.000000e+00,0.000000e+00,0.000000e+00,0.000000e+00,0.000000e+00,0.000000e+00,0.000000e+00,0.000000e+00,0.000000e+00,0.000000e+00,0.000000e+00,0.000000e+00,0.000000e+00
1.000000e+00,0.000000e+00,0.000000e+00,0.000000e+00,0.000000e+00,0.000000e+00,0.000000e+00,0.000000e+00,0.000000e+00,0.000000e+00,0.000000e+00,0.000000e+00,0.000000e+00,0.000000e+00,0.000000e+00
1.000000e+00,0.000000e+00,0.000000e+00,0.000000e+00,0.000000e+00,0.000000e+00,0.000000e+00,0.000000e+00,0.000000e+00,0.000000e+00,0.000000e+00,0.000000e+00,0.000000e+00,0.000000e+00,0.000000e+00
1.000000e+00,0.000000e+00,0.000000e+00,0.000000e+00,0.000000e+00,0.000000e+00,0.000000e+00,0.000000e+00,0.000000e+00,0.000000e+00,0.000000e+00,0.000000e+00,0.000000e+00,0.000000e+00,0.000000e+00
1.000000e+00,0.000000e+00,0.000000e+00,0.000000e+00,0.000000e+00,0.000000e+00,0.000000e+00,0.000000e+00,0.000000e+00,0.000000e+00,0.000000e+00,0.000000e+00,0.000000e+00,0.000000e+00,0.000000e+00
1.000000e+00,0.000000e+00,0.000000e+00,0.000000e+00,0.000000e+00,0.000000e+00,0.000000e+00,0.000000e+00,0.000000e+00,0.000000e+00,0.000000e+00,0.000000e+00,0.000000e+00,0.000000e+00,0.000000e+00
1.000000e+00,0.000000e+00,0.000000e+00,0.000000e+00,0.000000e+00,0.000000e+00,0.000000e+00,0.000000e+00,0.000000e+00,0.000000e+00,0.000000e+00,0.000000e+00,0.000000e+00,0.000000e+00,0.000000e+00
1.000000e+00,0.000000e+00,0.000000e+00,0.000000e+00,0.000000e+00,0.000000e+00,0.000000e+00,0.000000e+00,0.000000e+00,0.000000e+00,0.000000e+00,0.000000e+00,0.000000e+00,0.000000e+00,0.000000e+00
1.000000e+00,0.000000e+00,0.000000e+00,0.000000e+00,0.000000e+00,0.000000e+00,0.000000e+00,0.000000e+00,0.000000e+00,0.000000e+00,0.000000e+00,0.000000e+00,0.000000e+00,0.000000e+00,0.000000e+00
1.000000e+00,0.000000e+00,0.000000e+00,0.000000e+00,0.000000e+00,0.000000e+00,0.000000e+00,0.000000e+00,0.000000e+00,0.000000e+00,0.000000e+00,0.000000e+00,0.000000e+00,0.000000e+00,0.000000e+00
1.000000e+00,0.000000e+00,0.000000e+00,0.000000e+00,0.000000e+00,0.000000e+00,0.000000e+00,0.000000e+00,0.000000e+00,0.000000e+00,0.000000e+00,0.000000e+00,0.000000e+00,0.000000e+00,0.000000e+00
1.000000e+00,0.000000e+00,0.000000e+00,0.000000e+00,0.000000e+00,0.000000e+00,0.000000e+00,0.000000e+00,0.000000e+00,0.000000e+00,0.000000e+00,0.000000e+00,0.000000e+00,0.000000e+00,0.000000e+00
1.000000e+00,0.000000e+00,0.000000e+00,0.000000e+00,0.000000e+00,0.000000e+00,0.000000e+00,0.000000e+00,0.000000e+00,0.000000e+00,0.000000e+00,0.000000e+00,0.000000e+00,0.000000e+00,0.000000e+00
1.000000e+00,0.000000e+00,0.000000e+00,0.000000e+00,0.000000e+00,0.000000e+00,0.000000e+00,0.000000e+00,0.000000e+00,0.000000e+00,0.000000e+00,0.000000e+00,0.000000e+00,0.000000e+00,0.000000e+00
1.000000e+00,0.000000e+00,0.000000e+00,0.000000e+00,0.000000e+00,0.000000e+00,0.000000e+00,0.000000e+00,0.000000e+00,0.000000e+00,0.000000e+00,0.000000e+00,0.000000e+00,0.000000e+00,0.000000e+00
1.000000e+00,0.000000e+00,0.000000e+00,0.000000e+00,0.000000e+00,0.000000e+00,0.000000e+00,0.000000e+00,0.000000e+00,0.000000e+00,0.000000e+00,0.000000e+00,0.000000e+00,0.000000e+00,0.000000e+00
1.000000e+00,0.000000e+00,0.000000e+00,0.000000e+00,0.000000e+00,0.000000e+00,0.000000e+00,0.000000e+00,0.000000e+00,0.000000e+00,0.000000e+00,0.000000e+00,0.000000e+00,0.000000e+00,0.000000e+00
1.000000e+00,0.000000e+00,0.000000e+00,0.000000e+00,0.000000e+00,0.000000e+00,0.000000e+00,0.000000e+00,0.000000e+00,0.000000e+00,0.000000e+00,0.000000e+00,0.000000e+00,0.000000e+00,0.000000e+00
1.000000e+00,0.000000e+00,0.000000e+00,0.000000e+00,0.000000e+00,0.000000e+00,0.000000e+00,0.000000e+00,0.000000e+00,0.000000e+00,0.000000e+00,0.000000e+00,0.000000e+00,0.000000e+00,0.000000e+00
1.000000e+00,0.000000e+00,0.000000e+00,0.000000e+00,0.000000e+00,0.000000e+00,0.000000e+00,0.000000e+00,0.000000e+00,0.000000e+00,0.000000e+00,0.000000e+00,0.000000e+00,0.000000e+00,0.000000e+00
1.000000e+00,0.000000e+00,0.000000e+00,0.000000e+00,0.000000e+00,0.000000e+00,0.000000e+00,0.000000e+00,0.000000e+00,0.000000e+00,0.000000e+00,0.000000e+00,0.000000e+00,0.000000e+00,0.000000e+00
1.000000e+00,0.000000e+00,0.000000e+00,0.000000e+00,0.000000e+00,0.000000e+00,0.000000e+00,0.000000e+00,0.000000e+00,0.000000e+00,0.000000e+00,0.000000e+00,0.000000e+00,0.000000e+00,0.000000e+00
1.000000e+00,0.000000e+00,0.000000e+00,0.000000e+00,0.000000e+00,0.000000e+00,0.000000e+00,0.000000e+00,0.000000e+00,0.000000e+00,0.000000e+00,0.000000e+00,0.000000e+00,0.000000e+00,0.000000e+00
1.000000e+00,0.000000e+00,0.000000e+00,0.000000e+00,0.000000e+00,0.000000e+00,0.000000e+00,0.000000e+00,0.000000e+00,0.000000e+00,0.000000e+00,0.000000e+00,0.000000e+00,0.000000e+00,0.000000e+00
1.000000e+00,0.000000e+00,0.000000e+00,0.000000e+00,0.000000e+00,0.000000e+00,0.000000e+00,0.000000e+00,0.000000e+00,0.000000e+00,0.000000e+00,0.000000e+00,0.000000e+00,0.000000e+00,0.000000e+00
1.000000e+00,0.000000e+00,0.000000e+00,0.000000e+00,0.000000e+00,0.000000e+00,0.000000e+00,0.000000e+00,0.000000e+00,0.000000e+00,0.000000e+00,0.000000e+00,0.000000e+00,0.000000e+00,0.000000e+00
1.000000e+00,0.000000e+00,0.000000e+00,0.000000e+00,0.000000e+00,0.000000e+00,0.000000e+00,0.000000e+00,0.000000e+00,0.000000e+00,0.000000e+00,0.000000e+00,0.000000e+00,0.000000e+00,0.000000e+00
1.000000e+00,0.000000e+00,0.000000e+00,0.000000e+00,0.000000e+00,0.000000e+00,0.000000e+00,0.000000e+00,0.000000e+00,0.000000e+00,0.000000e+00,0.000000e+00,0.000000e+00,0.000000e+00,0.000000e+00
1.000000e+00,0.000000e+00,0.000000e+00,0.000000e+00,0.000000e+00,0.000000e+00,0.000000e+00,0.000000e+00,0.000000e+00,0.000000e+00,0.000000e+00,0.000000e+00,0.000000e+00,0.000000e+00,0.000000e+00
1.000000e+00,0.000000e+00,0.000000e+00,0.000000e+00,0.000000e+00,0.000000e+00,0.000000e+00,0.000000e+00,0.000000e+00,0.000000e+00,0.000000e+00,0.000000e+00,0.000000e+00,0.000000e+00,0.000000e+00
1.000000e+00,0.000000e+00,0.000000e+00,0.000000e+00,0.000000e+00,0.000000e+00,0.000000e+00,0.000000e+00,0.000000e+00,0.000000e+00,0.000000e+00,0.000000e+00,0.000000e+00,0.000000e+00,0.000000e+00
1.000000e+00,0.000000e+00,0.000000e+00,0.000000e+00,0.000000e+00,0.000000e+00,0.000000e+00,0.000000e+00,0.000000e+00,0.000000e+00,0.000000e+00,0.000000e+00,0.000000e+00,0.000000e+00,0.000000e+00
1.000000e+00,0.000000e+00,0.000000e+00,0.000000e+00,0.000000e+00,0.000000e+00,0.000000e+00,0.000000e+00,0.000000e+00,0.000000e+00,0.000000e+00,0.000000e+00,0.000000e+00,0.000000e+00,0.000000e+00
1.000000e+00,0.000000e+00,0.000000e+00,0.000000e+00,0.000000e+00,0.000000e+00,0.000000e+00,0.000000e+00,0.000000e+00,0.000000e+00,0.000000e+00,0.000000e+00,0.000000e+00,0.000000e+00,0.000000e+00
1.000000e+00,0.000000e+00,0.000000e+00,0.000000e+00,0.000000e+00,0.000000e+00,0.000000e+00,0.000000e+00,0.000000e+00,0.000000e+00,0.000000e+00,0.000000e+00,0.000000e+00,0.000000e+00,0.000000e+00
1.000000e+00,0.000000e+00,0.000000e+00,0.000000e+00,0.000000e+00,0.000000e+00,0.000000e+00,0.000000e+00,0.000000e+00,0.000000e+00,0.000000e+00,0.000000e+00,0.000000e+00,0.000000e+00,0.000000e+00
1.000000e+00,0.000000e+00,0.000000e+00,0.000000e+00,0.000000e+00,0.000000e+00,0.000000e+00,0.000000e+00,0.000000e+00,0.000000e+00,0.000000e+00,0.000000e+00,0.000000e+00,0.000000e+00,0.000000e+00
4.439026e-01,1.328961e-02,2.437769e-02,2.793606e-02,8.734005e-03,1.696503e-02,2.936167e-01,9.196295e-02,4.724242e-03,1.153774e-03,1.938393e-02,2.426595e-02,1.352264e-02,3.466186e-03,1.269857e-02
3.483622e-01,1.021153e-02,1.964590e-02,2.117555e-02,1.511665e-01,2.241906e-02,2.720327e-01,7.617576e-02,4.011319e-03,3.088605e-03,1.774346e-02,1.931553e-02,1.500875e-02,3.566876e-03,1.607619e-02
2.493193e-01,7.427732e-03,1.421947e-02,1.596734e-02,1.342941e-01,1.826404e-02,3.807346e-01,5.573258e-02,3.690931e-03,4.277341e-03,4.269927e-02,1.896740e-02,2.415828e-02,4.274867e-03,2.597264e-02
2.263034e-01,7.211152e-03,1.034102e-02,1.302819e-02,9.925745e-02,2.854369e-02,3.793974e-01,4.027931e-02,3.791056e-03,7.139859e-03,5.952764e-02,1.961153e-02,3.989921e-02,1.131717e-02,5.435200e-02
2.527973e-01,6.293353e-03,7.547812e-03,1.048088e-02,7.048278e-02,3.225259e-02,3.691763e-01,2.849965e-02,3.350130e-03,5.678417e-03,5.945703e-02,1.972267e-02,5.977163e-02,2.806903e-02,4.642048e-02
1.914749e-01,4.969963e-03,5.335072e-03,7.968884e-03,4.958497e-02,2.734752e-02,3.174750e-01,2.008926e-02,4.154731e-03,4.299914e-03,5.800090e-02,2.071863e-02,1.888216e-01,4.028279e-02,5.947598e-02
1.558860e-01,3.987606e-03,3.878043e-03,6.184500e-03,3.511613e-02,3.138281e-02,2.285112e-01,1.493048e-02,2.063541e-02,3.310247e-03,5.008563e-02,1.703225e-02,1.984335e-01,3.617097e-02,1.944553e-01
1.130702e-01,2.993477e-03,2.749444e-03,4.564823e-03,2.470868e-02,2.788814e-02,1.609049e-01,1.052291e-02,6.684882e-02,2.415473e-03,4.709927e-02,1.314331e-02,1.645052e-01,3.771534e-02,3.208700e-01
8.082314e-02,3.011036e-03,2.002269e-03,3.774499e-03,1.755087e-02,2.299709e-02,1.129066e-01,7.395734e-03,2.109783e-01,2.356767e-03,4.799414e-02,1.024175e-02,1.231058e-01,3.375155e-02,3.211105e-01
5.684767e-02,3.819969e-03,1.783224e-03,2.760283e-03,1.268538e-02,1.677061e-02,7.924999e-02,5.182585e-03,2.747215e-01,3.429241e-03,4.216795e-02,7.479378e-03,8.749994e-02,5.047888e-02,3.551234e-01
3.991093e-02,4.185297e-03,1.780483e-03,2.130958e-03,9.134512e-03,1.315657e-02,5.566824e-02,3.636174e-03,3.665622e-01,3.525205e-03,3.133692e-02,5.453978e-03,6.346691e-02,4.584311e-02,3.542085e-01
2.811078e-02,6.946508e-03,4.324252e-03,1.635851e-03,6.554113e-03,9.913458e-03,3.899750e-02,2.548829e-03,4.814389e-01,5.685615e-03,2.287353e-02,3.992476e-03,4.517267e-02,4.024336e-02,3.015621e-01
2.077161e-02,9.747373e-03,4.564476e-03,1.229093e-03,5.552381e-03,7.957550e-03,2.735986e-02,1.788935e-03,4.343105e-01,7.133495e-03,1.960159e-02,2.927521e-03,3.249522e-02,7.074860e-02,3.538118e-01
1.533995e-02,1.601888e-02,4.350754e-03,8.953329e-04,4.520653e-03,6.242859e-03,1.916613e-02,1.254987e-03,3.662516e-01,8.292967e-03,2.044108e-02,2.194690e-03,2.349298e-02,1.019327e-01,4.096044e-01
1.097369e-02,1.327759e-02,3.320358e-03,6.452668e-04,3.746346e-03,4.940270e-03,1.342142e-02,8.815834e-04,3.834677e-01,7.471181e-03,1.945687e-02,1.587608e-03,1.674802e-02,1.100161e-01,4.100460e-01
7.871911e-03,1.806542e-02,2.689458e-03,4.852150e-04,3.311546e-03,4.321163e-03,9.399316e-03,6.308956e-04,4.406920e-01,6.634877e-03,1.751975e-02,1.151963e-03,1.205212e-02,9.820176e-02,3.769726e-01
5.833487e-03,1.931679e-02,2.335938e-03,4.333869e-04,5.073276e-03,3.345511e-03,6.588832e-03,4.509279e-04,5.204370e-01,6.330401e-03,1.421223e-02,8.245941e-04,8.663544e-03,1.107905e-01,2.953636e-01
4.325468e-03,2.212445e-02,2.024156e-03,4.956779e-04,7.217831e-03,3.006267e-03,4.624006e-03,3.360707e-04,6.071746e-01,5.712063e-03,1.083788e-02,6.045330e-04,6.222743e-03,9.727579e-02,2.280185e-01
3.352299e-03,2.118605e-02,2.045700e-03,1.611851e-02,1.227280e-02,2.928702e-03,3.273978e-03,2.728800e-04,6.818428e-01,6.207966e-03,8.106608e-03,5.459918e-04,4.601111e-03,6.893067e-02,1.683139e-01
3.175972e-03,1.796925e-02,3.078597e-03,1.606281e-02,1.811630e-02,1.376048e-02,2.426631e-03,7.152727e-04,7.100821e-01,7.736525e-03,1.231659e-02,1.236585e-03,8.850256e-03,5.116493e-02,1.333077e-01
2.760496e-03,1.708672e-02,4.670672e-03,1.528142e-02,1.782735e-02,1.294802e-02,1.865404e-03,9.173318e-04,7.402585e-01,1.079106e-02,1.306432e-02,2.438538e-03,1.613679e-02,3.724671e-02,1.067067e-01
2.172909e-03,1.316156e-02,5.495219e-03,1.246817e-02,1.289479e-02,9.545362e-03,1.364426e-03,7.454968e-04,7.828649e-01,8.974886e-03,1.088017e-02,2.345577e-03,2.446555e-02,2.636734e-02,8.625364e-02
2.988515e-03,1.043241e-02,4.566114e-03,1.105411e-02,1.156342e-02,7.880683e-03,1.308616e-03,1.038545e-03,6.462817e-01,7.361993e-03,1.230107e-02,3.202034e-03,1.652645e-01,1.880440e-02,9.595180e-02
4.066481e-03,1.240676e-02,6.123709e-03,1.001113e-02,1.271935e-02,7.353830e-03,1.587607e-03,4.836272e-03,4.763380e-01,5.817226e-03,1.058094e-02,3.394898e-03,2.043375e-01,1.377770e-02,2.266486e-01
3.504312e-03,2.110232e-02,7.367699e-03,1.135093e-02,1.044430e-02,6.352063e-03,1.416406e-03,4.960936e-03,3.670002e-01,4.686983e-03,8.323542e-03,3.237579e-03,2.492528e-01,1.017348e-02,2.908264e-01
3.794970e-03,2.821658e-02,7.026791e-03,2.180000e-02,1.172609e-02,9.388997e-03,1.396559e-03,6.170354e-03,3.414774e-01,3.985650e-03,6.794121e-03,3.615864e-03,2.642640e-01,8.113091e-03,2.822295e-01
3.600073e-03,2.820835e-02,1.072404e-02,9.761189e-02,1.154741e-02,9.629343e-03,1.172148e-03,1.011085e-02,3.519869e-01,3.678999e-03,8.133236e-03,3.074035e-03,2.330786e-01,6.209560e-03,2.212346e-01
5.274146e-03,2.401799e-02,1.631295e-02,1.168595e-01,1.268884e-02,9.193253e-03,1.155208e-03,1.170275e-02,2.723482e-01,3.910746e-03,1.031145e-02,2.534936e-03,1.871980e-01,5.350566e-03,3.211415e-01
7.377870e-03,3.601199e-02,1.710912e-02,1.078058e-01,2.144570e-02,1.101732e-02,1.467614e-03,1.701206e-02,2.764986e-01,3.465967e-03,9.374097e-03,2.283240e-03,1.446014e-01,4.185257e-03,3.403439e-01
8.297465e-03,6.307159e-02,1.528073e-02,8.208421e-02,1.689671e-02,1.239953e-02,1.454244e-03,1.453444e-02,2.516128e-01,3.137104e-03,7.432763e-03,1.843958e-03,1.115307e-01,3.268468e-03,4.071553e-01
1.135700e-02,6.381351e-02,2.164950e-02,6.971809e-02,1.784784e-02,1.809193e-02,1.736209e-03,1.580641e-02,2.154821e-01,2.714655e-03,5.957249e-03,1.931931e-03,9.110448e-02,2.661225e-03,4.601278e-01
2.794361e-02,5.957576e-02,4.736583e-02,8.190329e-02,3.241083e-02,4.633603e-02,3.093165e-03,3.133097e-02,1.819388e-01,2.197238e-03,6.241803e-03,2.128182e-03,8.330294e-02,2.381546e-03,3.918500e-01
4.108002e-02,4.853585e-02,1.324350e-01,1.025410e-01,3.909292e-02,7.791269e-02,3.591870e-03,2.806431e-02,1.456781e-01,1.887168e-03,7.672670e-03,4.008816e-03,8.042134e-02,2.361966e-03,2.847163e-01
3.298937e-02,3.630562e-02,2.967454e-01,8.300839e-02,3.125672e-02,6.596975e-02,3.233207e-03,2.302789e-02,1.092386e-01,7.057337e-03,8.836075e-03,1.360579e-02,7.983485e-02,4.651260e-03,2.042397e-01
2.434433e-02,2.655623e-02,2.870293e-01,6.576882e-02,2.318858e-02,4.976283e-02,2.779529e-03,1.668211e-02,8.006340e-02,6.261594e-03,4.184761e-02,9.983557e-02,1.285339e-01,3.512656e-03,1.438335e-01
2.177481e-02,2.040378e-02,2.441864e-01,5.948208e-02,2.160627e-02,4.205574e-02,3.041514e-03,1.283905e-02,8.373192e-02,1.348429e-02,7.194816e-02,1.598356e-01,1.396670e-01,3.168189e-03,1.027753e-01
1.643096e-02,1.538400e-02,1.892900e-01,4.816857e-02,1.623922e-02,3.516462e-02,2.777685e-03,9.204580e-03,6.310762e-02,1.863952e-02,6.291151e-02,3.029378e-01,1.431804e-01,2.984491e-03,7.357898e-02
1.356325e-02,1.181273e-02,1.396392e-01,3.602827e-02,1.172430e-02,3.022247e-02,2.199907e-03,6.500046e-03,4.663202e-02,1.790887e-02,6.419989e-02,4.324996e-01,1.323449e-01,2.410233e-03,5.231433e-02
1.231747e-02,9.170598e-03,9.955002e-02,2.591739e-02,1.048659e-02,2.299090e-02,1.966123e-03,5.368279e-03,4.365651e-02,1.560237e-02,6.943274e-02,4.817854e-01,1.614126e-01,2.585687e-03,3.775743e-02
8.798230e-03,6.513606e-03,6.996203e-02,1.817743e-02,8.139932e-03,1.682659e-02,1.563633e-03,3.888155e-03,3.125227e-02,1.168586e-02,5.044934e-02,6.151399e-01,1.286639e-01,2.318432e-03,2.662082e-02
6.341255e-03,4.651961e-03,4.911070e-02,1.276033e-02,6.600110e-03,1.306182e-02,1.478159e-03,2.855069e-03,2.257895e-02,8.932820e-03,3.653270e-02,7.186651e-01,9.587227e-02,1.849455e-03,1.870936e-02
4.597553e-03,3.322067e-03,3.448406e-02,8.952047e-03,5.170196e-03,1.096943e-02,1.113014e-03,2.080254e-03,1.680911e-02,7.050353e-03,2.767999e-02,7.877563e-01,7.537349e-02,1.460007e-03,1.318222e-02
3.340950e-03,2.417727e-03,2.420006e-02,6.287125e-03,4.134150e-03,1.357033e-02,8.804579e-04,1.606461e-03,1.358492e-02,5.304383e-03,2.091380e-02,8.356354e-01,5.770836e-02,1.151684e-03,9.264183e-03
3.069940e-03,1.748461e-03,1.697857e-02,4.409764e-03,1.114984e-02,1.383595e-02,1.057564e-03,1.645637e-03,1.917155e-02,3.912878e-03,1.553572e-02,8.556391e-01,4.441857e-02,9.293966e-04,6.497034e-03
2.485872e-03,1.268853e-03,1.191442e-02,3.098273e-03,8.522007e-03,1.197055e-02,8.046628e-04,1.395034e-03,1.631151e-02,3.046646e-03,1.296712e-02,8.854277e-01,3.542751e-02,7.997539e-04,4.560065e-03
2.866103e-03,9.604176e-04,8.363400e-03,2.196679e-03,6.779801e-03,1.160050e-02,6.098154e-04,1.275050e-03,1.761934e-02,2.446730e-03,1.224087e-02,8.977344e-01,3.133025e-02,7.768420e-04,3.199785e-03
2.705377e-03,8.853666e-04,5.880422e-03,1.595179e-03,5.928546e-03,1.089184e-02,4.553722e-04,1.230032e-03,2.682006e-02,2.105454e-03,1.294727e-02,8.951929e-01,3.005531e-02,1.053180e-03,2.253707e-03
2.729959e-03,6.965193e-04,4.137048e-03,1.176760e-03,6.284146e-03,1.162991e-02,3.463319e-04,1.202707e-03,2.733275e-02,1.769679e-03,1.100883e-02,9.048427e-01,2.436142e-02,8.945048e-04,1.586682e-03
2.679169e-03,6.424378e-04,2.914629e-03,8.521912e-04,5.594364e-03,1.923030e-02,2.715470e-04,1.298880e-03,2.956964e-02,1.444362e-03,8.875656e-03,9.038641e-01,2.090170e-02,7.441168e-04,1.116883e-03
3.655827e-03,7.451684e-04,2.085830e-03,6.333953e-04,6.487249e-03,4.238868e-02,2.783011e-04,1.610667e-03,4.121853e-02,1.201076e-03,6.736042e-03,8.737849e-01,1.777180e-02,6.133567e-04,7.891504e-04
6.050342e-03,1.561520e-03,1.504794e-03,4.681122e-04,7.297645e-03,1.118612e-01,3.056639e-04,1.720452e-03,8.166403e-02,1.055494e-03,5.454180e-03,7.647052e-01,1.523660e-02,5.512021e-04,5.635667e-04
5.871337e-03,3.413025e-03,1.094773e-03,3.640607e-04,1.680743e-02,1.722212e-01,1.247508e-03,1.641843e-03,1.822675e-01,8.394881e-04,3.945561e-03,5.983838e-01,1.110200e-02,3.995479e-04,4.008931e-04
8.422398e-03,5.070391e-03,1.103692e-03,4.243465e-04,3.169640e-02,2.221685e-01,1.691103e-03,3.023868e-03,2.483934e-01,9.434116e-04,3.042365e-03,4.651078e-01,8.283495e-03,3.202763e-04,3.085271e-04
1.872267e-02,7.259847e-03,5.352897e-03,3.225792e-03,3.446160e-02,2.610484e-01,2.218364e-03,1.001120e-02,2.917877e-01,1.673822e-03,3.097345e-03,3.500071e-01,9.745466e-03,3.111312e-04,1.076677e-03
3.674886e-02,8.867332e-03,6.108803e-03,3.089155e-03,8.444147e-02,2.118391e-01,4.774620e-03,7.771268e-03,3.715181e-01,1.509505e-03,2.875558e-03,2.463084e-01,9.907207e-03,3.460718e-04,3.894535e-03
3.774765e-02,9.363426e-03,6.625195e-03,1.145724e-02,1.923034e-01,1.507605e-01,4.964608e-03,7.103968e-03,3.891181e-01,1.206659e-03,2.430942e-03,1.746819e-01,7.683469e-03,2.935731e-04,4.259340e-03
7.288262e-02,1.124630e-02,1.340455e-02,2.450715e-02,2.498410e-01,1.144473e-01,1.141092e-02,1.057301e-02,3.436914e-01,1.512015e-03,3.009182e-03,1.246379e-01,7.200417e-03,4.067551e-04,1.122946e-02
8.951193e-02,1.215878e-02,1.252778e-02,2.139746e-02,3.179719e-01,9.897621e-02,1.584152e-02,1.054732e-02,3.124147e-01,1.142039e-03,2.604499e-03,8.884712e-02,6.049769e-03,3.625178e-04,9.646456e-03
1.005545e-01,2.398651e-02,9.689022e-03,2.561668e-02,3.965562e-01,1.013478e-01,1.676440e-02,9.489484e-03,2.357574e-01,9.084991e-04,2.939639e-03,6.285874e-02,4.916774e-03,4.602705e-04,8.154136e-03
9.614351e-02,2.867495e-02,7.864621e-03,2.499816e-02,4.276212e-01,1.395884e-01,1.551540e-02,7.135531e-03,1.927810e-01,6.982037e-04,3.367322e-03,4.455926e-02,3.867715e-03,4.698117e-04,6.715003e-03
1.044688e-01,3.883759e-02,8.141391e-03,3.483929e-02,4.075033e-01,1.459318e-01,1.719987e-02,7.302510e-03,1.845060e-01,7.745215e-04,3.976084e-03,3.291976e-02,4.142970e-03,4.513584e-04,9.004770e-03
1.431305e-01,4.080292e-02,8.642550e-03,3.640120e-02,3.497235e-01,1.799384e-01,1.649379e-02,6.188806e-03,1.729694e-01,7.191853e-04,4.682943e-03,2.597766e-02,5.337888e-03,5.738393e-04,8.417450e-03
1.963050e-01,4.332579e-02,9.059756e-03,3.485971e-02,2.729887e-01,2.240125e-01,1.298099e-02,5.095538e-03,1.549564e-01,8.296792e-04,6.203311e-03,2.204907e-02,6.436152e-03,1.333397e-03,9.564051e-03
1.898628e-01,8.938149e-02,1.496213e-02,1.622143e-01,2.052470e-01,1.620505e-01,9.550741e-03,5.433731e-03,1.136705e-01,1.144080e-03,5.934782e-03,1.931895e-02,6.721213e-03,1.352862e-03,1.315496e-02
2.701388e-01,6.958591e-02,1.578975e-02,1.640022e-01,2.020551e-01,1.182061e-01,7.351875e-03,1.855194e-02,8.594810e-02,1.069396e-03,1.013884e-02,1.733766e-02,7.558279e-03,1.979386e-03,1.028678e-02
2.870746e-01,5.527481e-02,1.528450e-02,2.050234e-01,1.671297e-01,8.548945e-02,6.244938e-03,1.406363e-02,6.565994e-02,1.158115e-02,3.135199e-02,2.111886e-02,2.253796e-02,2.855495e-03,9.309577e-03
3.384469e-01,4.201402e-02,1.149829e-02,1.590606e-01,1.197649e-01,8.092700e-02,5.201102e-03,1.136580e-02,5.114088e-02,8.771874e-03,2.511999e-02,1.601122e-02,1.202948e-01,2.189615e-03,8.193071e-03
3.723956e-01,3.134162e-02,8.858843e-03,1.164946e-01,8.604126e-02,8.594600e-02,4.212670e-03,8.729125e-03,4.182395e-02,6.654250e-03,1.941720e-02,1.227348e-02,1.971423e-01,1.825039e-03,6.844111e-03
3.474891e-01,2.267735e-02,6.616563e-03,8.304629e-02,6.604990e-02,6.408007e-02,3.237563e-03,6.459863e-03,3.045418e-02,4.920034e-03,1.488691e-02,9.424987e-03,3.263934e-01,1.358209e-03,1.290562e-02
2.579743e-01,1.589737e-02,4.674973e-03,5.817834e-02,4.665067e-02,4.618040e-02,2.379728e-03,4.642686e-03,2.154998e-02,3.476385e-03,1.067807e-02,7.821393e-03,5.054563e-01,9.710776e-04,1.346840e-02
1.906867e-01,1.116520e-02,3.295912e-03,4.079970e-02,3.296948e-02,3.332511e-02,1.762407e-03,3.463621e-03,1.549617e-02,2.497492e-03,7.736007e-03,6.558523e-03,6.366019e-01,7.221380e-04,1.291963e-02
1.353997e-01,7.852923e-03,2.334838e-03,2.865551e-02,2.330316e-02,2.440031e-02,1.304376e-03,3.241821e-03,1.132546e-02,1.818058e-03,5.973350e-03,7.304250e-03,7.284334e-01,5.661481e-04,1.808663e-02
9.648272e-02,5.573118e-03,1.663920e-03,2.026881e-02,1.650411e-02,1.809779e-02,9.533993e-04,2.577070e-03,8.699638e-03,1.348359e-03,4.376589e-03,7.074207e-03,7.970597e-01,4.293813e-04,1.889117e-02
6.898699e-02,3.954344e-03,1.333452e-03,1.440826e-02,1.270356e-02,1.350073e-02,8.011464e-04,2.887298e-03,7.389751e-03,1.046001e-03,3.281293e-03,6.037150e-03,8.454599e-01,3.480515e-04,1.786205e-02
5.275904e-02,2.972559e-03,1.164149e-03,1.032337e-02,1.016867e-02,1.200479e-02,7.005859e-04,2.538076e-03,5.900347e-03,7.986955e-04,2.973896e-03,5.173426e-03,8.758610e-01,2.684935e-04,1.639281e-02
4.062767e-02,2.356387e-03,1.130658e-03,7.401733e-03,1.000912e-02,9.577950e-03,7.786162e-04,2.277908e-03,5.064945e-03,6.723955e-04,2.477507e-03,4.125483e-03,8.956985e-01,2.231212e-04,1.757798e-02
3.107200e-02,2.030395e-03,3.179920e-03,5.496257e-03,1.173943e-02,1.047135e-02,1.103334e-03,6.443582e-03,4.590915e-03,6.556683e-04,2.656546e-03,3.497132e-03,8.955344e-01,2.877544e-04,2.124136e-02
3.124592e-02,2.374331e-03,7.994296e-03,4.779918e-03,1.860797e-02,2.100069e-02,1.431647e-03,7.529204e-03,5.457887e-03,7.049940e-04,2.342029e-03,3.111258e-03,8.666423e-01,4.219144e-04,2.635567e-02
3.217697e-02,3.570778e-03,1.128399e-02,4.705617e-03,2.375787e-02,3.300156e-02,1.649078e-03,8.903781e-03,7.504528e-03,3.020811e-03,5.855540e-03,3.581012e-03,8.001626e-01,1.735299e-03,5.909060e-02
2.806313e-02,5.024241e-03,1.192710e-02,5.729314e-03,2.318135e-02,5.583155e-02,2.208117e-03,8.254883e-03,1.854165e-02,2.003147e-02,1.364888e-02,7.489741e-03,6.810627e-01,2.136014e-03,1.168699e-01
2.607547e-02,5.270174e-03,1.562371e-02,5.239603e-03,2.699102e-02,5.891369e-02,1.929558e-03,8.786490e-03,2.208060e-02,2.698115e-02,4.519057e-02,1.445441e-02,5.715476e-01,4.871871e-03,1.660441e-01
2.213843e-02,5.837607e-03,1.903591e-02,4.830556e-03,2.333061e-02,4.537256e-02,2.189746e-03,7.556723e-03,2.274389e-02,2.717754e-02,4.340419e-02,1.547378e-02,4.688588e-01,5.463350e-03,2.865863e-01
1.960842e-02,7.235754e-03,2.803720e-02,4.849651e-03,2.568734e-02,3.489818e-02,2.005402e-03,9.472512e-03,2.760852e-02,2.165595e-02,4.109510e-02,1.402594e-02,4.062116e-01,4.650204e-03,3.529582e-01
2.032765e-02,2.684338e-02,3.379197e-02,4.285748e-03,2.555509e-02,4.796762e-02,2.251759e-03,1.721906e-02,6.742214e-02,1.894703e-02,3.403763e-02,1.109833e-02,3.091248e-01,5.068015e-03,3.760598e-01
2.111452e-02,1.651368e-01,2.634051e-02,3.652316e-03,2.081200e-02,4.590969e-02,1.693811e-03,1.738058e-02,9.951243e-02,1.493766e-02,2.443269e-02,7.882715e-03,2.200408e-01,3.665178e-03,3.274883e-01
2.364358e-02,1.681779e-01,2.380615e-02,3.897820e-03,2.254764e-02,4.333540e-02,1.546164e-03,8.344123e-02,1.348545e-01,1.110873e-02,1.807925e-02,5.717998e-03,1.625527e-01,2.816102e-03,2.944748e-01
4.052471e-02,1.677831e-01,3.047057e-02,4.796652e-03,3.384855e-02,3.673415e-02,2.738594e-03,1.663251e-01,1.164801e-01,8.316664e-03,1.305391e-02,4.184680e-03,1.181433e-01,2.443211e-03,2.541566e-01
5.388807e-02,1.763621e-01,3.319375e-02,5.241215e-03,4.211761e-02,3.277317e-02,3.665408e-03,2.191281e-01,1.053331e-01,6.360679e-03,9.514187e-03,3.489454e-03,9.093253e-02,2.322322e-03,2.156784e-01
5.700348e-02,1.355024e-01,3.893086e-02,7.441780e-03,5.521126e-02,2.663678e-02,4.448721e-03,3.378157e-01,8.135573e-02,6.034205e-03,7.557871e-03,2.869949e-03,6.614838e-02,4.008942e-03,1.690340e-01
5.333218e-02,9.636861e-02,3.057955e-02,6.422512e-03,5.327582e-02,2.177966e-02,4.014018e-03,4.927590e-01,5.860855e-02,4.411431e-03,5.567804e-03,2.164925e-03,4.737880e-02,3.025437e-03,1.203117e-01
6.388292e-02,6.831089e-02,2.530666e-02,6.046782e-03,4.599646e-02,1.829508e-02,3.524862e-03,5.966660e-01,4.157083e-02,3.230018e-03,4.200712e-03,1.732375e-03,3.359194e-02,2.385388e-03,8.525914e-02
7.069836e-02,4.868932e-02,1.919040e-02,5.317985e-03,3.733130e-02,1.561901e-02,2.793975e-03,6.758628e-01,2.947251e-02,2.701566e-03,3.801319e-03,1.995581e-03,2.409885e-02,1.918351e-03,6.050865e-02
6.860536e-02,3.524341e-02,1.516728e-02,4.874682e-03,2.779095e-02,1.263059e-02,2.085659e-03,7.404914e-01,2.111844e-02,2.304199e-03,4.469312e-03,2.804640e-03,1.784446e-02,1.543579e-03,4.302601e-02
5.322672e-02,2.474073e-02,1.093660e-02,3.786416e-03,1.977297e-02,9.267191e-03,1.497899e-03,8.107915e-01,1.494267e-02,1.630193e-03,3.331439e-03,2.193396e-03,1.257621e-02,1.106244e-03,3.019984e-02
6.045648e-02,1.764247e-02,8.544436e-03,5.079555e-03,1.480370e-02,2.009458e-02,1.583321e-03,8.217723e-01,1.127349e-02,1.277866e-03,2.758481e-03,2.660788e-03,9.525314e-03,8.098336e-04,2.171742e-02
7.210300e-02,1.314500e-02,7.479855e-03,2.269048e-02,1.144349e-02,3.440923e-02,1.314602e-03,7.838894e-01,1.109528e-02,1.329893e-03,4.522998e-03,9.432159e-03,9.107022e-03,7.522045e-04,1.728543e-02
1.268264e-01,9.481947e-03,6.057573e-03,1.719049e-02,8.286468e-03,3.685418e-02,1.199442e-03,7.518612e-01,8.415885e-03,1.003786e-03,3.730120e-03,8.966906e-03,6.971912e-03,6.519518e-04,1.250182e-02
2.128751e-01,6.964922e-03,5.010571e-03,1.334914e-02,6.133886e-03,3.269431e-02,1.234680e-03,6.877025e-01,6.365330e-03,7.562413e-04,3.146492e-03,8.271536e-03,5.562469e-03,6.893966e-04,9.243445e-03
2.730192e-01,6.385091e-03,4.868388e-03,1.563175e-02,5.424180e-03,8.299035e-02,1.101860e-03,5.645142e-01,5.645592e-03,1.241639e-03,5.078512e-03,1.561061e-02,5.802189e-03,1.909339e-03,1.077709e-02
2.996879e-01,6.597021e-03,4.804884e-03,1.647957e-02,5.389898e-03,1.351838e-01,1.202570e-03,4.092310e-01,5.567821e-03,2.222430e-03,4.124645e-02,4.877468e-02,8.062189e-03,2.662305e-03,1.288739e-02
2.967675e-01,6.813155e-03,5.013970e-03,1.500557e-02,4.456718e-03,1.590928e-01,1.184453e-03,2.937177e-01,5.622042e-03,5.278799e-03,9.424739e-02,8.604215e-02,8.080179e-03,4.206419e-03,1.447107e-02
2.747318e-01,7.126670e-03,5.158122e-03,1.436837e-02,4.249055e-03,1.487557e-01,1.403625e-03,2.079850e-01,5.566455e-03,7.404649e-03,1.308187e-01,1.618503e-01,7.673034e-03,5.008839e-03,1.789968e-02
3.105610e-01,8.106685e-03,5.322844e-03,1.789427e-02,4.428480e-03,1.357398e-01,1.504079e-03,1.475833e-01,6.755607e-03,7.043874e-03,1.268582e-01,1.941760e-01,7.933903e-03,5.643931e-03,2.044798e-02
2.649485e-01,7.331064e-03,4.657908e-03,1.586299e-02,4.898587e-03,1.144719e-01,1.659425e-03,1.044234e-01,7.287362e-03,6.420558e-03,1.260885e-01,3.118352e-01,7.139733e-03,5.567008e-03,1.740788e-02
2.156787e-01,6.307574e-03,3.759115e-03,1.328104e-02,4.886786e-03,8.583461e-02,1.523065e-03,7.359646e-02,9.261860e-03,6.047135e-03,1.119521e-01,4.428172e-01,6.099915e-03,4.985063e-03,1.396943e-02
1.638831e-01,4.945960e-03,2.795403e-03,1.043829e-02,4.043067e-03,6.216020e-02,1.219907e-03,5.172691e-02,1.027275e-02,5.527713e-03,1.007651e-01,5.624528e-01,4.843914e-03,4.189827e-03,1.073506e-02
1.378351e-01,4.518270e-03,2.355778e-03,9.435784e-03,3.698674e-03,4.598664e-02,1.202191e-03,3.699048e-02,1.213283e-02,4.831606e-03,8.025662e-02,6.439874e-01,3.794105e-03,3.645654e-03,9.328899e-03
1.170254e-01,4.015167e-03,2.011284e-03,8.364887e-03,3.324200e-03,3.525580e-02,1.169446e-03,2.673815e-02,1.368139e-02,3.951456e-03,6.816838e-02,7.024719e-01,3.062266e-03,3.136267e-03,7.624045e-03
9.537429e-02,3.273180e-03,1.635535e-03,6.574926e-03,2.818183e-03,2.645719e-02,1.028424e-03,1.935067e-02,1.256723e-02,3.067224e-03,6.587066e-02,7.510796e-01,2.414471e-03,2.631791e-03,5.856685e-03
8.188840e-02,3.126317e-03,2.568744e-03,6.054460e-03,3.785243e-03,2.229167e-02,2.789291e-03,1.796105e-02,1.308565e-02,2.954763e-03,7.401992e-02,7.599194e-01,2.038829e-03,2.765690e-03,4.750617e-03
7.567248e-02,4.228106e-03,2.594942e-03,6.066517e-03,5.704577e-03,2.045223e-02,5.841149e-03,1.573956e-02,1.891310e-02,2.754915e-03,1.090441e-01,7.237756e-01,2.189763e-03,2.387830e-03,4.635221e-03
9.550263e-02,5.468546e-03,3.913096e-03,8.524815e-03,9.829033e-03,4.231004e-02,1.317682e-02,2.795401e-02,2.667440e-02,2.843355e-03,1.065349e-01,6.471273e-01,3.555807e-03,2.062392e-03,4.522833e-03
1.230258e-01,7.781411e-03,3.792456e-03,9.217384e-03,1.187420e-02,4.417416e-02,1.288413e-02,2.442566e-02,2.935774e-02,2.493535e-03,1.212425e-01,5.987238e-01,3.804501e-03,2.192650e-03,5.010036e-03
1.050813e-01,8.337429e-03,3.510253e-03,7.337670e-03,1.101052e-02,4.008674e-02,1.075896e-02,2.200623e-02,2.744298e-02,2.776962e-03,1.222815e-01,6.291260e-01,3.155518e-03,2.707262e-03,4.380671e-03
7.898027e-02,9.132623e-03,3.064759e-03,5.300405e-03,1.252905e-02,3.225790e-02,8.679503e-03,1.769831e-02,3.441788e-02,3.176000e-03,1.323663e-01,6.530936e-01,2.858415e-03,2.776633e-03,3.668337e-03
6.039701e-02,8.769807e-03,3.988991e-03,4.176390e-03,1.693153e-02,2.633034e-02,7.874561e-03,1.858285e-02,4.084238e-02,3.352928e-03,1.186685e-01,6.809466e-01,3.230770e-03,2.986639e-03,2.920722e-03
5.851086e-02,8.045162e-03,4.268718e-03,4.169681e-03,2.399062e-02,2.896890e-02,7.562989e-03,1.896380e-02,4.115051e-02,3.130073e-03,1.045823e-01,6.866238e-01,3.772068e-03,3.369777e-03,2.890735e-03
4.866010e-02,7.436881e-03,6.829967e-03,3.871497e-03,4.015345e-02,2.585829e-02,8.925839e-03,2.295785e-02,4.308156e-02,3.536436e-03,1.032305e-01,6.742882e-01,5.000334e-03,3.515113e-03,2.653981e-03
3.649985e-02,8.195858e-03,6.802506e-03,3.265947e-03,4.631673e-02,3.329157e-02,7.303451e-03,2.432190e-02,5.427693e-02,4.009212e-03,1.351272e-01,6.259270e-01,8.511834e-03,3.770179e-03,2.379864e-03
2.973410e-02,9.668969e-03,1.010089e-02,2.971084e-03,5.626428e-02,3.945388e-02,5.616707e-03,3.520543e-02,7.152158e-02,4.036232e-03,2.310643e-01,4.838260e-01,1.421990e-02,3.947875e-03,2.368819e-03
2.393084e-02,9.433356e-03,8.620963e-03,2.373847e-03,5.182180e-02,6.253868e-02,4.298109e-03,3.314425e-02,8.836536e-02,3.144505e-03,3.144805e-01,3.667918e-01,2.580869e-02,3.084966e-03,2.162364e-03
1.931000e-02,1.108370e-02,8.484522e-03,1.944448e-03,5.310284e-02,6.371222e-02,3.503977e-03,3.027098e-02,9.391070e-02,2.426050e-03,3.964761e-01,2.844148e-01,2.683118e-02,2.339327e-03,2.189111e-03
1.743231e-02,1.371235e-02,9.818772e-03,1.846788e-03,5.503712e-02,5.662899e-02,3.000995e-03,3.248618e-02,9.328847e-02,2.076936e-03,4.672409e-01,2.203898e-01,2.198979e-02,1.851999e-03,3.198644e-03
1.676443e-02,2.361573e-02,1.324853e-02,2.466556e-03,7.941438e-02,6.064392e-02,3.170040e-03,9.129401e-02,1.338503e-01,2.084729e-03,3.853645e-01,1.643722e-01,1.808390e-02,1.669108e-03,3.957779e-03
1.856188e-02,2.625849e-02,1.335876e-02,7.503456e-03,8.791827e-02,1.140068e-01,2.655611e-03,8.753642e-02,1.996251e-01,2.531383e-03,2.926305e-01,1.249742e-01,1.642563e-02,1.389109e-03,4.624509e-03
3.671307e-02,2.416631e-02,3.557721e-02,1.076473e-02,1.237577e-01,1.148999e-01,2.825984e-03,1.246027e-01,1.912691e-01,3.377018e-03,2.222440e-01,9.146594e-02,1.212557e-02,1.325548e-03,4.885151e-03
4.526404e-02,2.397239e-02,4.421972e-02,1.947952e-02,1.891320e-01,1.105341e-01,4.950696e-03,1.256103e-01,1.773447e-01,4.171005e-03,1.660247e-01,7.123049e-02,9.209625e-03,1.578944e-03,7.277737e-03
5.546143e-02,6.424780e-02,4.903750e-02,1.717242e-02,1.917221e-01,1.075999e-01,5.359116e-03,1.232864e-01,1.896545e-01,3.721267e-03,1.214834e-01,5.253429e-02,6.983719e-03,2.032296e-03,9.703754e-03
7.811651e-02,7.128665e-02,5.045094e-02,1.689040e-02,1.914250e-01,8.808553e-02,7.005285e-03,1.637955e-01,1.810752e-01,3.414972e-03,8.753845e-02,3.833373e-02,5.529027e-03,3.153886e-03,1.389885e-02
7.700798e-02,5.687228e-02,6.162310e-02,2.083561e-02,1.539720e-01,6.600501e-02,6.947801e-03,3.025185e-01,1.420556e-01,2.993662e-03,6.152308e-02,2.774220e-02,4.230170e-03,2.624753e-03,1.304831e-02
7.160394e-02,4.509806e-02,8.404881e-02,2.269909e-02,1.216501e-01,5.161603e-02,7.676383e-03,4.008472e-01,1.101573e-01,3.129176e-03,4.341305e-02,2.023364e-02,3.202450e-03,2.365184e-03,1.225959e-02
7.957448e-02,3.792696e-02,1.072849e-01,3.250973e-02,9.882446e-02,3.860522e-02,7.005338e-03,4.389060e-01,8.861551e-02,3.406623e-03,3.132123e-02,1.556084e-02,2.536817e-03,3.050376e-03,1.487158e-02
9.275937e-02,2.854211e-02,9.623304e-02,3.475310e-02,7.341845e-02,3.060325e-02,5.452551e-03,5.182535e-01,6.538966e-02,2.550250e-03,2.240081e-02,1.156904e-02,2.050582e-03,3.006649e-03,1.301764e-02
1.491313e-01,2.446065e-02,7.952886e-02,3.197543e-02,6.133529e-02,2.672612e-02,4.967362e-03,5.206964e-01,5.407749e-02,2.232968e-03,1.775066e-02,9.098739e-03,2.144111e-03,3.588695e-03,1.228590e-02
2.135669e-01,3.750840e-02,6.365594e-02,2.508020e-02,4.958694e-02,1.984622e-02,4.509020e-03,4.908841e-01,5.220180e-02,1.889380e-03,1.487327e-02,7.263602e-03,2.449148e-03,5.219892e-03,1.146511e-02
2.836521e-01,5.651443e-02,5.458983e-02,1.889464e-02,4.669295e-02,1.546670e-02,5.202312e-03,4.147441e-01,5.950019e-02,1.859146e-03,1.278384e-02,5.994320e-03,2.877614e-03,9.472473e-03,1.175532e-02
2.494163e-01,4.370524e-02,4.285500e-02,1.427746e-02,7.543667e-02,1.185106e-02,1.006593e-02,4.648958e-01,5.129816e-02,2.012842e-03,1.007736e-02,4.541187e-03,2.839596e-03,7.912096e-03,8.815175e-03
2.008043e-01,3.223297e-02,3.212035e-02,1.030809e-02,9.260447e-02,9.083078e-03,2.703318e-02,5.304895e-01,3.768569e-02,1.567425e-03,7.403696e-03,3.247472e-03,2.763443e-03,6.340448e-03,6.315828e-03
1.834983e-01,2.451669e-02,2.537574e-02,7.564411e-03,9.877321e-02,7.758774e-03,4.367964e-02,5.485357e-01,3.445422e-02,2.257253e-03,5.587829e-03,2.586764e-03,3.395243e-03,7.009625e-03,5.006553e-03
1.861950e-01,1.776794e-02,1.892217e-02,5.989319e-03,9.239490e-02,7.913910e-03,5.864459e-02,5.512282e-01,2.539857e-02,2.861870e-03,7.495215e-03,9.373548e-03,5.829377e-03,5.634857e-03,4.350529e-03
1.436703e-01,1.313736e-02,1.366516e-02,4.793464e-03,8.225109e-02,8.314306e-03,7.538565e-02,4.897499e-01,1.825279e-02,2.642575e-02,3.240148e-02,1.979031e-02,4.086901e-02,1.120931e-02,2.008413e-02
1.229200e-01,1.013762e-02,9.688607e-03,3.823425e-03,6.049777e-02,7.734120e-03,6.660184e-02,3.495592e-01,1.434629e-02,3.672044e-02,8.227438e-02,1.011771e-01,7.795757e-02,3.428473e-02,2.227687e-02
1.201051e-01,8.518955e-03,6.961800e-03,3.086372e-03,4.308547e-02,9.376759e-03,5.532617e-02,2.496691e-01,1.148121e-02,2.703422e-02,1.055617e-01,1.495550e-01,9.635180e-02,9.657715e-02,1.730913e-02
