1.000000e+00,0.000000e+00,0.000000e+00,0.000000e+00,0.000000e+00,0.000000e+00,0.000000e+00,0.000000e+00,0.000000e+00,0.000000e+00,0.000000e+00,0.000000e+00,0.000000e+00,0.000000e+00,0.000000e+00
1.000000e+00,0.000000e+00,0.000000e+00,0.000000e+00,0.000000e+00,0.000000e+00,0.000000e+00,0.000000e+00,0.000000e+00,0.000000e+00,0.000000e+00,0.000000e+00,0.000000e+00,0.000000e+00,0.000000e+00
1.000000e+00,0.000000e+00,0.000000e+00,0.000000e+00,0.000000e+00,0.000000e+00,0.000000e+00,0.000000e+00,0.000000e+00,0.000000e+00,0.000000e+00,0.000000e+00,0.000000e+00,0.000000e+00,0.000000e+00
1.000000e+00,0.000000e+00,0.000000e+00,0.000000e+00,0.000000e+00,0.000000e+00,0.000000e+00,0.000000e+00,0.000000e+00,0.000000e+00,0.000000e+00,0.000000e+00,0.000000e+00,0.000000e+00,0.000000e+00
1.000000e+00,0.000000e+00,0.000000e+00,0.000000e+00,0.000000e+00,0.000000e+00,0.000000e+00,0.000000e+00,0.000000e+00,0.000000e+00,0.000000e+00,0.000000e+00,0.000000e+00,0.000000e+00,0.000000e+00
1.000000e+00,0.000000e+00,0.000000e+00,0.000000e+00,0.000000e+00,0.000000e+00,0.000000e+00,0.000000e+00,0.000000e+00,0.000000e+00,0.000000e+00,0.000000e+00,0.000000e+00,0.000000e+00,0.000000e+00
1.000000e+00,0.000000e+00,0.000000e+00,0.000000e+00,0.000000e+00,0.000000e+00,0.000000e+00,0.000000e+00,0.000000e+00,0.000000e+00,0.000000e+00,0.000000e+00,0.000000e+00,0.000000e+00,0.000000e+00
1.000000e+00,0.000000e+00,0.000000e+00,0.000000e+00,0.000000e+00,0.000000e+00,0.000000e+00,0.000000e+00,0.000000e+00,0.000000e+00,0.000000e+00,0.000000e+00,0.000000e+00,0.000000e+00,0.000000e+00
1.000000e+00,0.000000e+00,0.000000e+00,0.000000e+00,0.000000e+00,0.000000e+00,0.000000e+00,0.000000e+00,0.000000e+00,0.000000e+00,0.000000e+00,0.000000e+00,0.000000e+00,0.000000e+00,0.000000e+00
1.000000e+00,0.000000e+00,0.000000e+00,0.000000e+00,0.000000e+00,0.000000e+00,0.000000e+00,0.000000e+00,0.000000e+00,0.000000e+00,0.000000e+00,0.000000e+00,0.000000e+00,0.000000e+00,0.000000e+00
1.000000e+00,0.000000e+00,0.000000e+00,0.000000e+00,0.000000e+00,0.000000e+00,0.000000e+00,0.000000e+00,0.000000e+00,0.000000e+00,0.000000e+00,0.000000e+00,0.000000e+00,0.000000e+00,0.000000e+00
1.000000e+00,0.000000e+00,0.000000e+00,0.000000e+00,0.000000e+00,0.000000e+00,0.000000e+00,0.000000e+00,0.000000e+00,0.000000e+00,0.000000e+00,0.000000e+00,0.000000e+00,0.000000e+00,0.000000e+00
1.000000e+00,0.000000e+00,0.000000e+00,0.000000e+00,0.000000e+00,0.000000e+00,0.000000e+00,0.000000e+00,0.000000e+00,0.000000e+00,0.000000e+00,0.000000e+00,0.000000e+00,0.000000e+00,0.000000e+00
1.000000e+00,0.000000e+00,0.000000e+00,0.000000e+00,0.000000e+00,0.000000e+00,0.000000e+00,0.000000e+00,0.000000e+00,0.000000e+00,0.000000e+00,0.000000e+00,0.000000e+00,0.000000e+00,0.000000e+00
1.000000e+00,0.000000e+00,0.000000e+00,0.000000e+00,0.000000e+00,0.000000e+00,0.000000e+00,0.000000e+00,0.000000e+00,0.000000e+00,0.000000e+00,0.000000e+00,0.000000e+00,0.000000e+00,0.000000e+00
1.000000e+00,0.000000e+00,0.000000e+00,0.000000e+00,0.000000e+00,0.000000e+00,0.000000e+00,0.000000e+00,0.000000e+00,0.000000e+00,0.000000e+00,0.000000e+00,0.000000e+00,0.000000e+00,0.000000e+00
1.000000e+00,0.000000e+00,0.000000e+00,0.000000e+00,0.000000e+00,0.000000e+00,0.000000e+00,0.000000e+00,0.000000e+00,0.000000e+00,0.000000e+00,0.000000e+00,0.000000e+00,0.000000e+00,0.000000e+00
1.000000e+00,0.000000e+00,0.000000e+00,0.000000e+00,0.000000e+00,0.000000e+00,0.000000e+00,0.000000e+00,0.000000e+00,0.000000e+00,0.000000e+00,0.000000e+00,0.000000e+00,0.000000e+00,0.000000e+00
1.000000e+00,0.000000e+00,0.000000e+00,0.000000e+00,0.000000e+00,0.000000e+00,0.000000e+00,0.000000e+00,0.000000e+00,0.000000e+00,0.000000e+00,0.000000e+00,0.000000e+00,0.000000e+00,0.000000e+00
1.000000e+00,0.000000e+00,0.000000e+00,0.000000e+00,0.000000e+00,0.000000e+00,0.000000e+00,0.000000e+00,0.000000e+00,0.000000e+00,0.000000e+00,0.000000e+00,0.000000e+00,0.000000e+00,0.000000e+00
1.000000e+00,0.000000e+00,0.000000e+00,0.000000e+00,0.000000e+00,0.000000e+00,0.000000e+00,0.000000e+00,0.000000e+00,0.000000e+00,0.000000e+00,0.000000e+00,0.000000e+00,0.000000e+00,0.000000e+00
1.000000e+00,0.000000e+00,0.000000e+00,0.000000e+00,0.000000e+00,0.000000e+00,0.000000e+00,0.000000e+00,0.000000e+00,0.000000e+00,0.000000e+00,0.000000e+00,0.000000e+00,0.000000e+00,0.000000e+00
1.000000e+00,0.000000e+00,0.000000e+00,0.000000e+00,0.000000e+00,0.000000e+00,0.000000e+00,0.000000e+00,0.000000e+00,0.000000e+00,0.000000e+00,0.000000e+00,0.000000e+00,0.000000e+00,0.000000e+00
1.000000e+00,0.000000e+00,0.000000e+00,0.000000e+00,0.000000e+00,0.000000e+00,0.000000e+00,0.000000e+00,0.000000e+00,0.000000e+00,0.000000e+00,0.000000e+00,0.000000e+00,0.000000e+00,0.000000e+00
1.000000e+00,0.000000e+00,0.000000e+00,0.000000e+00,0.000000e+00,0.000000e+00,0.000000e+00,0.000000e+00,0.000000e+00,0.000000e+00,0.000000e+00,0.000000e+00,0.000000e+00,0.000000e+00,0.000000e+00
1.000000e+00,0.000000e+00,0.000000e+00,0.000000e+00,0.000000e+00,0.000000e+00,0.000000e+00,0.000000e+00,0.000000e+00,0.000000e+00,0.000000e+00,0.000000e+00,0.000000e+00,0.000000e+00,0.000000e+00
1.000000e+00,0.000000e+00,0.000000e+00,0.000000e+00,0.000000e+00,0.000000e+00,0.000000e+00,0.000000e+00,0.000000e+00,0.000000e+00,0.000000e+00,0.000000e+00,0.000000e+00,0.000000e+00,0.000000e+00
1.000000e+00,0.000000e+00,0.000000e+00,0.000000e+00,0.000000e+00,0.000000e+00,0.000000e+00,0.000000e+00,0.000000e+00,0.000000e+00,0.000000e+00,0.000000e+00,0.000000e+00,0.000000e+00,0.000000e+00
1.000000e+00,0.000000e+00,0.000000e+00,0.000000e+00,0.000000e+00,0.000000e+00,0.000000e+00,0.000000e+00,0.000000e+00,0.000000e+00,0.000000e+00,0.000000e+00,0.000000e+00,0.000000e+00,0.000000e+00
1.000000e+00,0.000000e+00,0.000000e+00,0.000000e+00,0.000000e+00,0.000000e+00,0.000000e+00,0.000000e+00,0.000000e+00,0.000000e+00,0.000000e+00,0.000000e+00,0.000000e+00,0.000000e+00,0.000000e+00
1.000000e+00,0.000000e+00,0.000000e+00,0.000000e+00,0.000000e+00,0.000000e+00,0.000000e+00,0.000000e+00,0.000000e+00,0.000000e+00,0.000000e+00,0.000000e+00,0.000000e+00,0.000000e+00,0.000000e+00
1.000000e+00,0.000000e+00,0.000000e+00,0.000000e+00,0.000000e+00,0.000000e+00,0.000000e+00,0.000000e+00,0.000000e+00,0.000000e+00,0.000000e+00,0.000000e+00,0.000000e+00,0.000000e+00,0.000000e+00
1.000000e+00,0.000000e+00,0.000000e+00,0.000000e+00,0.000000e+00,0.000000e+00,0.000000e+00,0.000000e+00,0.000000e+00,0.000000e+00,0.000000e+00,0.000000e+00,0.000000e+00,0.000000e+00,0.000000e+00
1.000000e+00,0.000000e+00,0.000000e+00,0.000000e+00,0.000000e+00,0.000000e+00,0.000000e+00,0.000000e+00,0.000000e+00,0.000000e+00,0.000000e+00,0.000000e+00,0.000000e+00,0.000000e+00,0.000000e+00
1.000000e+00,0.000000e+00,0.000000e+00,0.000000e+00,0.000000e+00,0.000000e+00,0.000000e+00,0.000000e+00,0.000000e+00,0.000000e+00,0.000000e+00,0.000000e+00,0.000000e+00,0.000000e+00,0.000000e+00
1.000000e+00,0.000000e+00,0.000000e+00,0.000000e+00,0.000000e+00,0.000000e+00,0.000000e+00,0.000000e+00,0.000000e+00,0.000000e+00,0.000000e+00,0.000000e+00,0.000000e+00,0.000000e+00,0.000000e+00
1.000000e+00,0.000000e+00,0.000000e+00,0.000000e+00,0.000000e+00,0.000000e+00,0.000000e+00,0.000000e+00,0.000000e+00,0.000000e+00,0.000000e+00,0.000000e+00,0.000000e+00,0.000000e+00,0.000000e+00
1.000000e+00,0.000000e+00,0.000000e+00,0.000000e+00,0.000000e+00,0.000000e+00,0.000000e+00,0.000000e+00,0.000000e+00,0.000000e+00,0.000000e+00,0.000000e+00,0.000000e+00,0.000000e+00,0.000000e+00
1.000000e+00,0.000000e+00,0.000000e+00,0.000000e+00,0.000000e+00,0.000000e+00,0.000000e+00,0.000000e+00,0.000000e+00,0.000000e+00,0.000000e+00,0.000000e+00,0.000000e+00,0.000000e+00,0.000000e+00
1.000000e+00,0.000000e+00,0.000000e+00,0.000000e+00,0.000000e+00,0.000000e+00,0.000000e+00,0.000000e+00,0.000000e+00,0.000000e+00,0.000000e+00,0.000000e+00,0.000000e+00,0.000000e+00,0.000000e+00
1.000000e+00,0.000000e+00,0.000000e+00,0.000000e+00,0.000000e+00,0.000000e+00,0.000000e+00,0.000000e+00,0.000000e+00,0.000000e+00,0.000000e+00,0.000000e+00,0.000000e+00,0.000000e+00,0.000000e+00
1.000000e+00,0.000000e+00,0.000000e+00,0.000000e+00,0.000000e+00,0.000000e+00,0.000000e+00,0.000000e+00,0.000000e+00,0.000000e+00,0.000000e+00,0.000000e+00,0.000000e+00,0.000000e+00,0.000000e+00
1.000000e+00,0.000000e+00,0.000000e+00,0.000000e+00,0.000000e+00,0.000000e+00,0.000000e+00,0.000000e+00,0.000000e+00,0.000000e+00,0.000000e+00,0.000000e+00,0.000000e+00,0.000000e+00,0.000000e+00
1.000000e+00,0.000000e+00,0.000000e+00,0.000000e+00,0.000000e+00,0.000000e+00,0.000000e+00,0.000000e+00,0.000000e+00,0.000000e+00,0.000000e+00,0.000000e+00,0.000000e+00,0.000000e+00,0.000000e+00
1.000000e+00,0.000000e+00,0.000000e+00,0.000000e+00,0.000000e+00,0.000000e+00,0.000000e+00,0.000000e+00,0.000000e+00,0.000000e+00,0.000000e+00,0.000000e+00,0.000000e+00,0.000000e+00,0.000000e+00
1.000000e+00,0.000000e+00,0.000000e+00,0.000000e+00,0.000000e+00,0.000000e+00,0.000000e+00,0.000000e+00,0.000000e+00,0.000000e+00,0.000000e+00,0.000000e+00,0.000000e+00,0.000000e+00,0.000000e+00
1.000000e+00,0.000000e+00,0.000000e+00,0.000000e+00,0.000000e+00,0.000000e+00,0.000000e+00,0.000000e+00,0.000000e+00,0.000000e+00,0.000000e+00,0.000000e+00,0.000000e+00,0.000000e+00,0.000000e+00
1.000000e+00,0.000000e+00,0.000000e+00,0.000000e+00,0.000000e+00,0.000000e+00,0.000000e+00,0.000000e+00,0.000000e+00,0.000000e+00,0.000000e+00,0.000000e+00,0.000000e+00,0.000000e+00,0.000000e+00
1.000000e+00,0.000000e+00,0.000000e+00,0.000000e+00,0.000000e+00,0.000000e+00,0.000000e+00,0.000000e+00,0.000000e+00,0.000000e+00,0.000000e+00,0.000000e+00,0.000000e+00,0.000000e+00,0.000000e+00
1.000000e+00,0.000000e+00,0.000000e+00,0.000000e+00,0.000000e+00,0.000000e+00,0.000000e+00,0.000000e+00,0.000000e+00,0.000000e+00,0.000000e+00,0.000000e+00,0.000000e+00,0.000000e+00,0.000000e+00
1.000000e+00,0.000000e+00,0.000000e+00,0.000000e+00,0.000000e+00,0.000000e+00,0.000000e+00,0.000000e+00,0.000000e+00,0.000000e+00,0.000000e+00,0.000000e+00,0.000000e+00,0.000000e+00,0.000000e+00
1.000000e+00,0.000000e+00,0.000000e+00,0.000000e+00,0.000000e+00,0.000000e+00,0.000000e+00,0.000000e+00,0.000000e+00,0.000000e+00,0.000000e+00,0.000000e+00,0.000000e+00,0.000000e+00,0.000000e+00
1.000000e+00,0.000000e+00,0.000000e+00,0.000000e+00,0.000000e+00,0.000000e+00,0.000000e+00,0.000000e+00,0.000000e+00,0.000000e+00,0.000000e+00,0.000000e+00,0.000000e+00,0.000000e+00,0.000000e+00
4.782400e-01,1.870939e-02,8.197908e-02,1.715166e-01,8.568006e-03,1.552485e-02,4.402026e-03,1.327072e-01,6.099326e-03,2.005443e-03,1.444265e-02,2.753148e-02,1.745228e-02,3.137723e-03,1.768397e-02
3.548343e-01,1.338753e-02,5.960310e-02,1.220849e-01,6.966755e-03,1.155505e-02,3.401445e-03,3.644309e-01,4.368433e-03,1.438595e-03,1.060458e-02,1.972903e-02,1.262462e-02,2.282512e-03,1.268824e-02
2.520405e-01,9.526986e-03,4.271999e-02,8.621528e-02,5.110609e-03,8.660849e-03,2.850985e-03,5.473863e-01,3.085433e-03,1.028037e-03,7.554463e-03,1.404593e-02,9.094752e-03,1.686323e-03,8.993569e-03
1.793920e-01,6.854374e-03,3.076553e-02,6.074566e-02,3.790527e-03,6.460472e-03,2.328959e-03,6.769708e-01,2.176233e-03,7.368379e-04,5.456740e-03,1.005273e-02,6.571641e-03,1.295466e-03,6.402005e-03
1.263761e-01,4.869152e-03,2.181849e-02,4.267706e-02,3.062131e-03,4.597153e-03,1.829994e-03,7.716715e-01,1.530009e-03,5.201935e-04,3.873426e-03,7.068835e-03,4.659865e-03,9.449826e-04,4.500960e-03
8.990519e-02,3.483187e-03,1.543561e-02,3.000844e-02,3.013872e-03,3.354743e-03,1.413270e-03,8.369478e-01,1.079833e-03,3.704839e-04,2.774138e-03,4.995152e-03,3.353278e-03,6.980594e-04,3.166915e-03
6.340476e-02,2.470465e-03,1.119416e-02,2.117382e-02,3.018085e-03,2.432191e-03,1.180539e-03,8.832923e-01,7.695958e-04,2.631318e-04,1.994053e-03,3.536888e-03,2.485287e-03,5.534210e-04,2.231283e-03
4.473872e-02,1.744482e-03,7.999019e-03,1.489210e-02,2.987313e-03,1.769137e-03,1.053088e-03,9.162816e-01,5.478023e-04,1.891947e-04,1.422070e-03,2.507623e-03,1.897291e-03,3.981194e-04,1.572490e-03
3.155848e-02,1.230086e-03,5.724733e-03,1.047139e-02,2.844026e-03,1.276945e-03,9.020261e-04,9.398227e-01,3.894705e-04,1.356862e-04,1.018348e-03,1.777210e-03,1.454098e-03,2.850796e-04,1.109735e-03
2.266681e-02,8.703577e-04,4.060624e-03,7.355455e-03,2.718000e-03,9.733859e-04,7.942478e-04,9.559469e-01,2.828606e-04,1.041983e-04,7.394452e-04,1.279728e-03,1.214441e-03,2.040634e-04,7.895012e-04
1.772892e-02,6.515593e-04,2.933717e-03,5.207213e-03,4.518364e-03,8.035643e-04,6.562807e-04,9.632881e-01,3.177393e-04,1.267987e-04,6.198429e-04,1.029477e-03,1.377711e-03,1.577931e-04,5.830040e-04
1.568708e-02,1.065959e-03,2.254774e-03,3.936255e-03,6.687607e-03,7.500068e-04,5.297210e-04,9.368368e-01,1.270407e-02,1.638985e-03,2.958242e-03,2.799039e-03,1.063114e-02,6.097805e-04,9.105559e-04
1.515917e-02,7.086429e-03,1.605010e-03,3.944253e-03,6.690294e-03,8.081833e-04,4.731342e-04,7.481080e-01,3.135812e-02,1.285173e-03,5.080231e-03,3.133755e-03,1.730577e-01,5.635596e-04,1.647071e-03
1.624554e-02,7.534720e-03,1.156283e-03,3.109448e-03,7.992817e-03,1.130818e-03,4.761091e-04,6.083974e-01,2.908615e-02,9.479135e-04,4.258447e-03,2.956200e-03,3.143914e-01,4.583247e-04,1.858531e-03
3.506122e-02,7.688918e-03,9.035735e-04,3.030819e-03,8.122920e-03,2.671595e-03,6.144065e-04,4.884343e-01,2.490887e-02,7.873267e-04,3.689172e-03,2.645979e-03,4.186026e-01,3.644386e-04,2.473880e-03
3.598157e-02,7.035209e-03,6.811882e-04,3.003710e-03,6.625474e-03,4.280299e-03,7.048624e-04,3.567640e-01,2.246619e-02,7.112118e-04,3.208946e-03,2.277426e-03,5.531902e-01,2.722375e-04,2.797500e-03
2.949526e-02,5.541970e-03,4.961090e-04,2.919030e-03,4.789974e-03,4.413381e-03,6.555681e-04,2.515337e-01,1.949010e-02,6.022158e-04,2.908247e-03,2.435235e-03,6.719579e-01,2.045637e-04,2.556807e-03
2.430953e-02,4.482073e-03,3.589326e-04,2.565969e-03,3.425519e-03,6.087959e-03,5.276432e-04,1.764567e-01,1.842806e-02,5.102957e-04,2.685185e-03,2.931200e-03,7.540318e-01,1.630502e-04,3.036110e-03
2.055876e-02,3.586882e-03,2.627145e-04,2.249266e-03,2.460361e-03,6.234745e-03,4.149432e-04,1.236790e-01,1.630439e-02,4.196034e-04,2.442189e-03,3.080066e-03,8.153496e-01,1.269570e-04,2.830582e-03
1.512526e-02,2.888746e-03,2.023891e-04,1.719305e-03,1.762747e-03,4.941424e-03,3.162420e-04,8.660942e-02,1.729365e-02,3.459888e-04,2.193406e-03,2.514564e-03,8.617005e-01,9.723953e-05,2.289120e-03
1.131112e-02,2.998005e-03,1.892570e-04,1.275489e-03,1.301327e-03,3.843497e-03,2.640614e-04,6.066882e-02,1.531535e-02,2.940198e-04,1.843244e-03,2.168284e-03,8.965440e-01,7.656714e-05,1.906984e-03
8.463527e-03,1.165983e-02,7.671950e-04,1.002439e-03,1.238288e-03,3.548184e-03,2.731763e-04,4.262370e-02,1.792218e-02,4.047084e-04,1.619166e-03,2.243498e-03,9.056360e-01,9.194559e-05,2.506201e-03
6.829679e-03,4.030060e-02,6.280560e-03,1.449361e-03,2.811615e-03,5.224137e-03,4.402053e-04,3.071209e-02,6.332695e-02,3.677399e-03,3.701739e-03,3.990234e-03,8.202917e-01,3.924668e-04,1.057128e-02
6.019661e-03,5.475523e-02,1.078850e-01,2.564436e-03,3.489082e-03,5.635520e-03,4.833463e-04,2.623328e-02,1.074368e-01,5.983792e-03,5.304754e-03,5.823880e-03,6.518075e-01,8.376057e-04,1.574009e-02
6.939209e-03,5.274558e-02,2.627565e-01,4.551642e-03,3.686687e-03,5.129735e-03,4.539223e-04,2.434973e-02,1.049813e-01,9.744028e-03,6.164990e-03,5.088008e-03,4.703965e-01,8.768737e-04,4.213527e-02
1.177861e-02,4.533418e-02,3.557671e-01,7.108018e-03,6.040383e-03,1.279304e-02,6.289375e-04,2.024630e-02,1.046794e-01,1.287447e-02,6.037207e-03,4.129014e-03,3.394522e-01,9.456158e-04,7.218546e-02
3.708325e-02,3.846804e-02,3.193605e-01,1.004064e-02,1.684258e-02,2.787314e-02,3.977804e-03,1.797276e-02,1.185599e-01,3.677515e-02,4.629130e-03,3.184803e-03,2.509288e-01,1.103730e-03,1.131998e-01
3.999108e-02,3.064138e-02,3.245947e-01,3.540435e-02,1.662001e-02,2.311278e-02,3.732728e-03,1.710357e-02,9.885678e-02,1.179940e-01,3.481370e-03,2.335195e-03,1.778826e-01,8.748934e-04,1.073745e-01
7.023109e-02,5.037795e-02,2.746102e-01,3.614748e-02,3.179685e-02,2.834677e-02,7.711975e-03,1.569549e-02,1.346754e-01,1.003963e-01,2.603893e-03,1.734554e-03,1.315568e-01,8.060261e-04,1.133093e-01
8.861621e-02,1.044989e-01,2.050482e-01,4.552664e-02,3.337260e-02,2.482900e-02,7.330792e-03,1.620134e-02,1.580757e-01,9.168722e-02,2.337359e-03,1.429691e-03,1.016060e-01,1.178582e-03,1.182619e-01
1.026392e-01,1.221985e-01,1.676856e-01,7.879893e-02,3.641556e-02,2.162920e-02,7.076521e-03,2.289193e-02,1.680978e-01,9.175238e-02,2.849337e-03,1.788136e-03,8.217011e-02,1.312293e-03,9.269448e-02
7.492273e-02,1.479099e-01,1.284169e-01,1.231033e-01,2.655761e-02,1.776458e-02,5.087275e-03,1.655768e-02,1.486090e-01,1.213032e-01,1.144569e-02,1.892520e-03,5.963138e-02,1.080395e-03,1.157179e-01
5.284729e-02,1.098995e-01,9.666426e-02,1.293783e-01,1.875484e-02,1.314826e-02,3.578247e-03,1.210113e-02,1.465173e-01,1.147035e-01,9.234151e-02,3.109340e-03,5.680841e-02,1.057088e-03,1.490911e-01
3.707450e-02,8.126047e-02,7.484240e-02,1.196090e-01,1.318656e-02,9.310572e-03,2.523815e-03,8.554379e-03,2.452686e-01,8.682793e-02,7.465638e-02,3.453983e-03,4.140466e-02,9.682059e-04,2.010586e-01
2.603036e-02,5.810540e-02,5.390237e-02,8.743561e-02,9.351511e-03,6.764119e-03,1.798485e-03,6.115940e-03,3.284239e-01,7.138313e-02,1.023852e-01,3.456488e-02,3.243500e-02,3.776319e-03,1.775279e-01
1.835741e-02,4.137989e-02,3.845640e-02,7.059331e-02,6.919737e-03,5.042267e-03,1.423391e-03,4.680373e-03,3.716992e-01,5.632827e-02,1.313571e-01,7.832191e-02,2.588180e-02,1.781593e-02,1.317430e-01
1.295429e-02,2.908511e-02,2.708756e-02,4.962746e-02,7.658381e-03,5.024672e-03,1.105395e-03,3.918816e-03,2.672311e-01,4.063007e-02,3.002253e-01,1.223506e-01,2.023727e-02,1.986771e-02,9.299631e-02
9.452351e-03,2.038780e-02,1.908460e-02,3.495115e-02,6.509488e-03,5.143140e-03,8.638725e-04,3.668963e-03,1.925107e-01,2.895894e-02,3.883469e-01,1.838872e-01,1.544319e-02,2.530695e-02,6.548476e-02
7.137271e-03,1.428957e-02,1.344547e-02,2.462293e-02,5.405459e-03,4.601577e-03,6.535851e-04,2.702582e-03,1.396786e-01,2.053894e-02,3.986335e-01,2.748343e-01,1.184870e-02,3.542966e-02,4.617793e-02
5.381273e-03,1.003727e-02,9.540007e-03,1.733499e-02,5.840347e-03,6.002988e-03,4.829451e-04,1.985569e-03,9.918597e-02,1.458415e-02,4.219047e-01,3.103360e-01,9.396194e-03,5.546698e-02,3.252064e-02
4.029725e-03,7.071765e-03,6.780782e-03,1.222361e-02,5.623926e-03,5.875610e-03,3.500663e-04,1.451630e-03,7.011020e-02,1.029664e-02,4.426941e-01,3.463387e-01,7.094596e-03,5.720353e-02,2.285517e-02
2.920636e-03,5.137743e-03,4.920933e-03,8.678709e-03,5.983292e-03,4.273926e-03,2.668185e-04,1.158017e-03,5.025860e-02,7.297795e-03,4.024988e-01,4.315922e-01,5.322561e-03,5.362163e-02,1.606838e-02
2.092890e-03,3.839740e-03,3.645445e-03,6.119265e-03,5.287117e-03,3.101567e-03,2.085811e-04,8.895044e-04,3.664725e-02,5.284619e-03,4.108351e-01,4.390754e-01,4.107529e-03,6.758471e-02,1.128119e-02
1.581392e-03,3.254390e-03,3.050559e-03,4.378954e-03,4.325336e-03,2.336027e-03,1.665226e-04,7.472959e-04,2.650091e-02,3.882054e-03,4.024673e-01,4.663171e-01,3.161948e-03,6.989955e-02,7.930618e-03
1.363373e-03,3.472822e-03,3.724275e-02,4.276653e-03,3.735311e-03,2.415751e-03,2.039213e-04,4.672809e-03,2.239713e-02,2.959087e-03,4.544591e-01,4.017396e-01,2.286451e-03,5.319279e-02,5.582359e-03
1.002157e-03,2.609457e-03,2.650672e-02,3.092062e-03,2.830026e-03,1.754501e-03,1.454089e-04,3.459145e-03,1.949699e-02,2.132261e-03,6.009880e-01,2.904375e-01,1.612003e-03,4.000958e-02,3.924118e-03
8.312812e-04,2.217791e-03,1.952760e-02,2.397178e-03,2.523626e-03,1.516624e-03,1.171562e-04,2.717215e-03,2.287545e-02,2.133043e-03,6.962985e-01,2.138855e-01,1.148344e-03,2.890731e-02,2.903447e-03
9.314996e-04,1.767088e-03,1.404501e-02,1.813496e-03,2.091719e-03,1.477610e-03,9.236182e-05,2.298017e-03,2.911336e-02,2.568656e-03,7.609192e-01,1.581909e-01,8.523600e-04,2.169369e-02,2.145081e-03
1.229716e-03,1.429088e-03,1.033080e-02,1.411590e-03,1.572500e-03,1.409427e-03,6.978630e-05,1.862520e-03,3.849001e-02,2.565623e-03,8.012138e-01,1.164729e-01,6.701655e-04,1.960157e-02,1.670479e-03
1.470827e-03,1.159641e-03,1.404349e-02,1.801246e-03,1.316112e-03,1.619803e-03,5.884295e-05,2.169379e-03,4.103276e-02,2.518153e-03,8.334694e-01,8.215513e-02,4.904428e-04,1.544248e-02,1.252345e-03
1.295166e-03,8.318279e-04,1.017031e-02,1.368157e-03,1.003242e-03,1.222236e-03,4.251515e-05,1.574802e-03,3.668515e-02,1.912189e-03,8.728867e-01,5.774495e-02,3.490146e-04,1.201778e-02,8.960310e-04
1.297043e-03,6.528295e-04,7.300480e-03,1.025054e-03,8.145183e-04,9.116106e-04,3.022171e-05,1.129998e-03,3.222919e-02,1.544447e-03,9.026196e-01,4.056982e-02,2.491004e-04,8.934802e-03,6.913160e-04
2.573120e-03,2.105739e-03,5.653305e-03,9.008502e-04,1.737774e-03,7.396812e-04,2.307351e-05,9.367853e-04,4.453540e-02,2.003288e-03,9.005811e-01,2.844559e-02,1.831045e-04,7.448734e-03,2.132434e-03
5.006040e-03,1.043311e-01,4.238075e-03,8.059203e-04,3.017390e-03,6.572768e-04,2.006521e-05,8.354770e-04,8.305047e-02,1.946768e-03,7.663373e-01,1.994054e-02,1.451647e-04,5.896368e-03,3.772081e-03
1.159144e-02,1.832865e-01,6.381651e-03,2.122028e-02,1.305860e-02,1.281914e-03,2.108191e-05,4.197245e-03,1.089211e-01,3.207250e-03,5.877705e-01,1.408813e-02,2.522359e-04,5.113204e-03,3.960881e-02
1.238136e-02,2.765737e-01,4.745980e-03,1.640697e-02,1.332713e-02,1.671966e-03,1.930471e-05,4.963932e-03,1.366535e-01,3.155922e-03,4.825569e-01,9.960205e-03,1.880641e-04,4.191726e-03,3.320335e-02
1.427893e-02,4.277055e-01,4.930581e-03,3.005757e-02,1.634068e-02,2.116969e-03,3.582179e-05,6.177924e-03,1.058064e-01,2.924941e-03,3.413869e-01,7.101745e-03,2.359365e-04,3.387618e-03,3.751251e-02
2.996892e-02,4.696023e-01,1.587510e-02,5.725105e-02,2.319691e-02,2.280673e-03,8.120490e-05,2.421187e-02,8.338773e-02,3.188096e-03,2.458035e-01,5.184903e-03,3.382817e-04,3.676673e-03,3.595271e-02
4.036666e-02,5.101895e-01,1.323343e-02,6.347337e-02,3.718090e-02,2.236421e-03,2.186986e-04,3.633182e-02,7.149684e-02,2.840407e-03,1.731554e-01,3.820087e-03,5.998363e-04,3.794653e-03,4.106189e-02
3.960079e-02,4.170762e-01,1.804269e-02,2.026559e-01,4.458128e-02,1.930991e-03,2.548209e-04,3.962670e-02,5.572931e-02,2.668273e-03,1.228504e-01,2.991661e-03,7.035615e-04,2.884855e-03,4.840252e-02
4.661028e-02,4.441068e-01,1.592145e-02,1.489217e-01,4.402912e-02,2.086215e-03,3.116484e-04,5.644988e-02,5.705458e-02,3.830813e-03,8.732404e-02,2.413905e-03,1.260122e-03,3.298390e-03,8.638108e-02
4.909548e-02,3.970801e-01,3.644270e-02,1.555290e-01,4.720714e-02,2.732892e-03,4.252488e-04,9.150784e-02,7.341795e-02,3.825384e-03,6.246462e-02,2.035026e-03,1.447850e-03,2.848387e-03,7.394037e-02
9.906988e-02,3.490508e-01,4.127546e-02,1.539415e-01,5.948497e-02,5.314329e-03,8.085937e-04,7.909119e-02,8.403821e-02,4.358588e-03,4.545740e-02,3.314956e-03,1.930973e-03,2.867480e-03,6.999564e-02
1.021755e-01,2.549877e-01,4.661512e-02,2.655819e-01,5.177025e-02,4.792909e-03,8.835841e-04,6.048875e-02,1.034859e-01,6.216627e-03,3.320740e-02,3.328984e-03,1.845810e-03,2.305548e-03,6.231415e-02
1.901465e-01,1.931029e-01,5.315134e-02,2.551667e-01,4.161805e-02,4.750133e-03,1.011557e-03,7.490391e-02,9.061707e-02,5.593154e-03,2.602609e-02,3.649086e-03,2.175505e-03,2.423980e-03,5.566394e-02
3.318100e-01,1.497890e-01,4.388949e-02,1.928932e-01,3.898467e-02,5.390579e-03,1.671952e-03,6.254447e-02,7.462666e-02,5.215893e-03,2.064959e-02,5.529339e-03,3.546341e-03,3.293508e-03,6.016536e-02
4.748164e-01,1.118410e-01,3.402867e-02,1.457348e-01,3.342139e-02,7.063238e-03,1.692957e-03,5.022018e-02,5.987971e-02,3.891731e-03,1.611641e-02,5.399470e-03,3.680505e-03,3.307488e-03,4.890597e-02
1.000000e+00,0.000000e+00,0.000000e+00,0.000000e+00,0.000000e+00,0.000000e+00,0.000000e+00,0.000000e+00,0.000000e+00,0.000000e+00,0.000000e+00,0.000000e+00,0.000000e+00,0.000000e+00,0.000000e+00
1.000000e+00,0.000000e+00,0.000000e+00,0.000000e+00,0.000000e+00,0.000000e+00,0.000000e+00,0.000000e+00,0.000000e+00,0.000000e+00,0.000000e+00,0.000000e+00,0.000000e+00,0.000000e+00,0.000000e+00
4.765972e-01,5.477266e-02,2.228709e-02,9.382996e-02,1.919260e-02,1.456927e-02,1.820911e-03,2.270682e-02,3.477040e-02,4.792191e-03,8.378933e-03,7.329446e-03,1.968884e-01,3.794601e-03,3.826946e-02
4.391333e-01,4.172213e-02,1.606034e-02,7.360175e-02,1.580973e-02,1.366065e-02,1.511996e-03,1.619665e-02,2.738086e-02,3.507870e-03,6.704208e-03,6.348932e-03,3.070259e-01,2.836642e-03,2.849899e-02
4.116818e-01,2.977305e-02,1.193273e-02,5.243582e-02,1.129881e-02,1.090356e-02,1.150576e-03,1.159299e-02,2.014529e-02,2.528912e-03,5.843881e-03,5.639973e-03,4.011565e-01,3.056968e-03,2.085917e-02
3.136686e-01,2.098277e-02,8.392149e-03,3.676570e-02,8.427693e-03,8.262845e-03,8.564024e-04,8.219544e-03,1.453901e-02,1.887002e-03,4.482291e-03,1.073260e-02,5.450469e-01,2.338443e-03,1.539804e-02
2.645238e-01,1.524622e-02,5.980290e-03,2.580758e-02,6.852464e-03,6.472050e-03,7.124845e-04,5.849002e-03,1.152386e-02,1.541984e-03,4.032611e-03,1.331016e-02,6.246840e-01,2.011862e-03,1.145165e-02
1.985698e-01,1.113846e-02,4.287052e-03,1.813836e-02,5.290807e-03,6.107843e-03,5.865238e-04,4.149580e-03,1.001706e-02,1.219955e-03,4.380516e-03,2.322334e-02,7.012263e-01,2.138113e-03,9.526309e-03
1.412800e-01,7.907728e-03,3.043145e-03,1.275368e-02,3.788985e-03,5.879341e-03,4.313837e-04,2.911943e-03,7.781154e-03,9.998616e-04,6.447058e-03,3.647937e-02,7.604495e-01,2.639445e-03,7.207468e-03
9.951597e-02,5.578270e-03,2.145210e-03,9.013195e-03,3.246322e-03,7.303681e-03,3.279170e-04,2.076971e-03,7.022499e-03,9.722903e-04,1.814991e-02,5.061198e-02,7.862544e-01,2.170003e-03,5.611333e-03
7.047892e-02,3.951806e-03,1.531722e-03,6.400820e-03,3.580151e-03,9.600636e-03,2.525612e-04,1.500238e-03,6.045675e-03,1.718093e-03,3.564970e-02,5.582274e-02,7.976185e-01,1.594949e-03,4.253471e-03
5.235760e-02,2.866349e-03,1.114866e-03,4.654915e-03,9.821238e-03,9.677848e-03,2.266328e-04,1.107255e-03,6.491500e-03,4.659365e-03,4.088005e-02,5.562530e-02,8.057280e-01,1.218807e-03,3.570255e-03
4.013928e-02,2.201405e-03,1.125981e-03,3.622317e-03,2.645213e-02,1.672290e-02,4.231062e-04,1.273990e-03,8.134932e-03,9.634238e-03,5.031813e-02,1.375068e-01,6.980141e-01,1.411251e-03,3.019355e-03
3.193442e-02,1.667436e-03,1.101699e-03,2.836635e-03,2.990555e-02,3.074062e-02,5.232079e-04,1.376555e-03,7.669003e-03,9.640928e-03,5.586973e-02,2.736476e-01,5.487692e-01,1.687129e-03,2.630188e-03
2.645530e-02,1.472947e-03,1.207505e-03,2.453519e-03,2.392802e-02,5.148471e-02,5.931137e-04,1.207047e-03,1.035710e-02,7.460360e-03,6.058460e-02,3.341124e-01,4.747629e-01,1.623758e-03,2.296735e-03
2.405509e-02,4.335109e-03,2.697029e-03,2.511813e-03,1.976328e-02,6.338260e-02,8.710730e-04,1.298513e-03,1.536554e-02,7.011515e-03,6.595022e-02,3.816615e-01,4.049894e-01,2.077114e-03,4.030178e-03
2.184217e-02,1.340568e-02,5.553233e-03,3.066502e-03,1.652567e-02,7.411853e-02,1.071195e-03,1.847279e-03,3.587437e-02,6.539166e-03,6.827281e-02,4.076588e-01,3.357949e-01,1.920206e-03,6.509513e-03
1.661046e-02,1.322546e-02,7.591370e-03,2.832587e-03,1.480573e-02,6.129751e-02,2.577098e-03,2.271692e-03,3.769262e-02,6.006818e-03,5.622737e-02,4.741597e-01,2.926382e-01,1.658210e-03,1.040521e-02
1.329008e-02,1.585352e-02,8.520811e-03,2.381809e-03,1.258757e-02,7.010011e-02,2.695988e-03,5.696888e-03,4.987738e-02,4.992324e-03,4.571851e-02,4.976037e-01,2.585215e-01,1.840737e-03,1.031903e-02
1.472924e-02,1.805045e-02,1.246769e-02,3.099112e-03,1.425363e-02,6.379624e-02,3.659928e-03,1.712357e-02,5.409548e-02,4.883060e-03,3.868927e-02,5.085449e-01,2.308828e-01,2.375080e-03,1.334953e-02
1.263600e-02,3.668781e-02,1.144840e-02,3.412726e-03,1.309509e-02,1.423193e-01,3.068243e-03,1.933721e-02,1.213182e-01,3.923438e-03,3.093643e-02,3.801352e-01,1.941772e-01,2.372243e-03,2.513240e-02
1.327277e-02,5.763184e-02,1.174922e-02,3.383448e-03,1.321475e-02,1.923028e-01,2.917954e-03,2.625307e-02,1.624649e-01,3.235938e-03,2.297323e-02,2.858535e-01,1.536722e-01,1.972675e-03,4.910167e-02
1.453559e-02,6.910152e-02,1.411397e-02,3.022179e-03,2.268451e-02,2.272737e-01,9.038921e-03,4.244292e-02,1.983359e-01,2.648299e-03,1.632020e-02,2.204491e-01,1.138196e-01,1.550560e-03,4.466316e-02
1.935822e-02,7.455153e-02,1.569469e-02,2.688948e-03,3.950364e-02,2.503682e-01,2.054190e-02,4.715256e-02,2.228601e-01,2.101824e-03,1.165797e-02,1.738401e-01,8.370782e-02,1.333553e-03,3.463890e-02
3.125405e-02,1.003097e-01,1.825823e-02,9.201852e-03,4.681525e-02,2.276200e-01,2.253601e-02,7.953274e-02,2.319520e-01,2.625678e-03,8.601707e-03,1.321787e-01,6.114488e-02,1.408629e-03,2.656050e-02
3.180956e-02,1.160012e-01,2.524126e-02,1.490664e-02,3.910557e-02,2.264332e-01,2.678334e-02,7.768417e-02,2.589731e-01,6.253788e-03,6.602381e-03,9.331763e-02,4.581299e-02,1.153155e-03,2.992201e-02
3.418146e-02,9.994141e-02,3.014764e-02,1.341182e-02,3.317965e-02,2.200013e-01,5.723783e-02,1.381908e-01,2.400406e-01,5.156402e-03,4.844015e-03,6.578542e-02,3.405977e-02,8.331657e-04,2.298867e-02
4.848123e-02,1.071196e-01,2.534092e-02,1.088607e-02,3.082282e-02,1.956859e-01,7.940382e-02,1.786109e-01,2.261077e-01,3.830927e-03,3.462342e-03,4.730088e-02,2.524322e-02,6.180718e-04,1.708557e-02
5.778491e-02,9.786372e-02,1.979075e-02,8.466582e-03,2.863941e-02,1.550716e-01,6.997462e-02,3.015032e-01,1.898309e-01,2.811185e-03,2.457445e-03,3.424009e-02,1.857063e-02,4.777391e-04,1.251715e-02
4.662210e-02,7.141452e-02,2.209082e-02,7.538361e-03,2.187868e-02,1.094482e-01,5.023563e-02,4.812178e-01,1.368286e-01,2.598821e-03,1.874880e-03,2.423673e-02,1.335279e-02,3.993905e-04,1.026269e-02
4.445573e-02,5.271048e-02,1.686743e-02,5.930695e-03,1.817261e-02,7.755248e-02,3.582375e-02,6.012775e-01,1.085145e-01,1.906828e-03,1.414388e-03,1.717949e-02,1.018890e-02,4.095840e-04,7.595588e-03
4.709131e-02,3.864764e-02,1.279448e-02,4.899161e-03,1.566719e-02,5.566151e-02,2.576828e-02,6.846048e-01,8.525341e-02,1.445951e-03,1.107643e-03,1.224607e-02,8.579598e-03,5.895484e-04,5.643500e-03
5.735485e-02,2.917536e-02,9.670279e-03,3.953076e-03,1.205886e-02,4.032948e-02,1.828742e-02,7.377203e-01,6.801047e-02,1.078253e-03,9.738888e-04,8.740353e-03,7.456442e-03,6.146713e-04,4.576367e-03
5.286348e-02,2.081538e-02,7.256581e-03,3.001382e-03,8.810733e-03,2.861629e-02,1.288613e-02,7.983084e-01,5.039139e-02,7.701396e-04,7.597917e-04,6.221426e-03,5.464206e-03,4.554363e-04,3.379268e-03
5.001399e-02,1.482338e-02,6.153516e-03,2.642326e-03,6.739770e-03,2.039763e-02,9.237862e-03,8.407277e-01,3.669712e-02,5.645721e-04,6.121971e-04,4.506750e-03,4.042064e-03,3.400394e-04,2.501039e-03
8.031696e-02,1.082988e-02,5.166410e-03,2.450861e-03,5.927877e-03,1.480161e-02,6.962687e-03,8.324473e-01,3.086462e-02,5.212474e-04,5.706924e-04,3.640931e-03,3.048295e-03,3.478957e-04,2.102727e-03
1.766608e-01,8.282608e-03,4.199870e-03,2.408800e-03,5.090388e-03,1.138731e-02,5.331391e-03,7.520503e-01,2.348902e-02,5.921131e-04,9.998208e-04,4.063445e-03,2.890712e-03,4.835717e-04,2.069755e-03
2.993735e-01,6.802765e-03,4.227326e-03,3.262504e-03,5.626416e-03,9.623411e-03,4.389599e-03,6.329702e-01,1.894407e-02,8.336121e-04,1.798362e-03,5.375830e-03,3.262158e-03,7.602969e-04,2.749944e-03
3.775935e-01,5.626385e-03,4.796297e-03,4.316824e-03,6.290250e-03,9.147231e-03,3.884968e-03,5.569524e-01,1.521842e-02,1.257839e-03,1.906474e-03,5.753254e-03,3.320917e-03,8.162463e-04,3.119027e-03
4.557982e-01,6.352697e-03,1.125302e-02,6.384398e-03,9.822428e-03,1.349469e-02,5.002616e-03,4.461296e-01,1.812448e-02,2.215731e-03,3.188452e-03,8.283697e-03,7.083701e-03,1.462434e-03,5.403860e-03
1.000000e+00,0.000000e+00,0.000000e+00,0.000000e+00,0.000000e+00,0.000000e+00,0.000000e+00,0.000000e+00,0.000000e+00,0.000000e+00,0.000000e+00,0.000000e+00,0.000000e+00,0.000000e+00,0.000000e+00
1.000000e+00,0.000000e+00,0.000000e+00,0.000000e+00,0.000000e+00,0.000000e+00,0.000000e+00,0.000000e+00,0.000000e+00,0.000000e+00,0.000000e+00,0.000000e+00,0.000000e+00,0.000000e+00,0.000000e+00
1.000000e+00,0.000000e+00,0.000000e+00,0.000000e+00,0.000000e+00,0.000000e+00,0.000000e+00,0.000000e+00,0.000000e+00,0.000000e+00,0.000000e+00,0.000000e+00,0.000000e+00,0.000000e+00,0.000000e+00
1.000000e+00,0.000000e+00,0.000000e+00,0.000000e+00,0.000000e+00,0.000000e+00,0.000000e+00,0.000000e+00,0.000000e+00,0.000000e+00,0.000000e+00,0.000000e+00,0.000000e+00,0.000000e+00,0.000000e+00
1.000000e+00,0.000000e+00,0.000000e+00,0.000000e+00,0.000000e+00,0.000000e+00,0.000000e+00,0.000000e+00,0.000000e+00,0.000000e+00,0.000000e+00,0.000000e+00,0.000000e+00,0.000000e+00,0.000000e+00
4.189772e-01,3.711521e-03,5.767375e-03,5.420382e-03,7.703328e-03,1.067160e-01,4.718654e-03,5.791264e-02,1.228047e-02,2.572922e-03,1.070368e-02,2.714055e-01,8.414003e-02,4.565139e-03,3.405212e-03
3.479963e-01,4.024083e-03,5.088070e-03,4.364009e-03,1.093494e-02,9.275977e-02,4.494817e-03,4.227383e-02,1.207647e-02,2.210312e-03,1.063407e-02,3.546335e-01,1.015594e-01,4.321583e-03,2.628885e-03
2.692628e-01,3.283662e-03,3.849130e-03,3.289661e-03,1.062375e-02,7.194564e-02,3.661456e-03,2.999543e-02,1.107846e-02,2.321274e-03,9.167567e-03,4.837224e-01,9.182161e-02,3.867652e-03,2.109516e-03
2.028611e-01,3.192741e-03,3.245756e-03,2.713485e-03,2.999643e-02,5.307804e-02,4.145593e-03,2.134023e-02,1.530854e-02,2.802566e-03,8.034103e-03,5.375938e-01,1.106415e-01,3.235146e-03,1.810950e-03
1.973708e-01,5.716593e-03,4.394762e-03,2.634410e-03,4.419612e-02,4.215914e-02,5.206141e-03,1.924773e-02,3.642119e-02,5.903834e-03,7.164937e-03,5.240782e-01,1.010748e-01,2.849257e-03,1.582082e-03
2.484854e-01,1.259704e-02,4.555627e-03,3.669795e-03,5.829993e-02,3.616201e-02,5.626609e-03,1.859787e-02,8.386311e-02,7.250449e-03,7.922647e-03,4.311190e-01,7.714032e-02,2.887858e-03,1.822341e-03
2.936729e-01,1.765574e-02,7.033728e-03,4.735783e-03,8.104785e-02,4.258391e-02,1.186111e-02,2.988466e-02,1.009887e-01,9.383895e-03,7.089014e-03,3.293509e-01,5.981837e-02,2.708204e-03,2.185089e-03
3.120169e-01,2.173244e-02,1.060689e-02,6.154670e-03,6.980979e-02,1.289555e-01,1.273221e-02,3.237798e-02,8.898090e-02,8.886280e-03,6.467764e-03,2.493704e-01,4.578991e-02,2.500439e-03,3.617807e-03
2.965689e-01,2.705660e-02,1.330495e-02,7.866546e-03,6.779029e-02,1.898368e-01,1.053480e-02,2.705559e-02,9.848836e-02,1.075590e-02,6.988196e-03,2.000878e-01,3.625377e-02,2.118894e-03,5.292702e-03
2.269921e-01,4.481656e-02,3.266412e-02,3.788146e-02,5.194681e-02,2.369727e-01,8.874839e-03,2.107269e-02,1.105851e-01,1.420327e-02,6.523949e-03,1.474097e-01,4.386675e-02,1.778024e-03,1.441187e-02
1.753490e-01,6.153157e-02,2.888466e-02,3.409069e-02,5.044926e-02,1.790296e-01,8.856555e-03,1.567059e-02,2.416612e-01,1.401896e-02,7.952544e-03,1.144649e-01,5.053539e-02,1.884667e-03,1.562039e-02
1.704175e-01,5.934521e-02,2.589813e-02,3.481341e-02,5.924045e-02,1.393012e-01,1.466949e-02,1.411703e-02,3.071139e-01,1.226665e-02,6.924830e-03,8.543485e-02,5.398649e-02,1.655350e-03,1.481543e-02
1.325858e-01,5.995907e-02,3.151985e-02,1.758584e-01,4.730241e-02,1.008822e-01,1.070544e-02,1.257578e-02,2.778799e-01,1.569681e-02,7.718333e-03,6.318248e-02,4.471474e-02,1.279360e-03,1.813953e-02
1.325407e-01,5.703130e-02,2.469890e-02,1.573660e-01,4.391018e-02,8.780361e-02,8.463088e-03,1.200955e-02,3.136708e-01,1.301084e-02,1.925888e-02,5.567858e-02,5.367301e-02,1.361768e-03,1.952273e-02
1.936222e-01,4.629442e-02,1.987083e-02,1.329373e-01,6.625267e-02,1.054772e-01,8.516552e-03,1.024250e-02,2.624297e-01,1.136671e-02,2.011751e-02,4.886606e-02,4.398628e-02,2.295672e-03,2.772434e-02
1.812984e-01,6.150391e-02,1.910007e-02,1.613666e-01,4.930256e-02,8.388558e-02,6.661552e-03,7.963107e-03,2.259075e-01,1.390572e-02,1.715681e-02,3.944831e-02,4.127114e-02,2.352614e-03,8.887601e-02
1.575907e-01,5.744208e-02,3.830968e-02,2.677201e-01,3.605942e-02,6.141383e-02,5.184546e-03,6.413637e-03,1.746572e-01,1.443767e-02,1.434930e-02,3.030809e-02,3.039812e-02,2.521512e-03,1.031941e-01
1.981677e-01,6.498514e-02,3.586129e-02,3.016071e-01,2.702626e-02,4.683213e-02,3.914101e-03,5.188360e-03,1.427841e-01,1.530583e-02,2.064423e-02,2.517474e-02,2.417720e-02,3.973929e-03,8.435793e-02
2.339772e-01,6.778406e-02,3.206775e-02,2.557523e-01,2.788753e-02,3.865941e-02,3.939090e-03,4.662452e-03,1.517653e-01,1.280583e-02,3.789406e-02,2.551858e-02,2.624878e-02,4.187638e-03,7.684989e-02
2.935812e-01,9.729381e-02,2.527776e-02,2.000974e-01,2.599561e-02,3.073142e-02,4.174066e-03,4.912437e-03,1.535412e-01,1.243091e-02,3.421397e-02,2.122304e-02,2.151327e-02,5.373856e-03,6.963995e-02
2.736855e-01,9.262472e-02,2.317129e-02,2.729529e-01,1.952952e-02,2.768829e-02,3.151730e-03,3.871177e-03,1.425438e-01,1.176815e-02,2.868766e-02,1.657274e-02,1.766888e-02,4.368232e-03,6.171536e-02
2.998155e-01,7.642248e-02,2.717112e-02,2.686414e-01,1.521095e-02,2.473194e-02,2.649398e-03,3.875903e-03,1.440003e-01,1.505802e-02,2.855317e-02,1.607715e-02,1.776136e-02,4.381130e-03,5.565021e-02
2.812210e-01,6.705931e-02,3.138280e-02,3.361609e-01,1.153906e-02,2.093261e-02,2.149680e-03,3.223673e-03,1.152488e-01,1.629658e-02,2.915012e-02,1.485386e-02,1.622170e-02,3.635974e-03,5.092395e-02
3.423650e-01,5.704933e-02,2.550220e-02,2.882697e-01,1.049403e-02,1.905655e-02,1.922276e-03,3.547159e-03,9.812231e-02,1.607498e-02,3.811868e-02,2.112859e-02,1.958510e-02,4.423064e-03,5.434103e-02
3.406655e-01,4.778533e-02,2.641074e-02,2.729574e-01,8.226118e-03,1.641630e-02,1.868251e-03,3.330285e-03,8.659707e-02,1.881379e-02,5.497698e-02,3.380021e-02,3.055459e-02,6.613284e-03,5.098405e-02
3.775696e-01,4.082523e-02,2.179776e-02,2.143611e-01,7.552072e-03,1.623788e-02,1.899973e-03,3.948655e-03,8.579327e-02,2.027253e-02,6.769840e-02,5.652010e-02,3.753872e-02,7.994516e-03,3.999018e-02
3.929968e-01,4.423283e-02,2.144831e-02,1.708169e-01,6.188336e-03,1.529866e-02,1.591094e-03,3.837615e-03,8.206838e-02,3.287599e-02,6.355996e-02,8.172499e-02,4.030478e-02,8.032495e-03,3.502281e-02
3.797553e-01,6.846134e-02,4.464989e-02,1.355197e-01,6.037540e-03,1.569969e-02,1.704301e-03,5.885387e-03,1.034722e-01,3.460367e-02,5.232259e-02,6.876927e-02,3.541604e-02,7.900364e-03,3.980267e-02
3.273274e-01,1.107002e-01,3.895416e-02,9.976117e-02,6.952577e-03,2.009747e-02,1.675105e-03,9.151345e-03,1.711520e-01,3.199892e-02,4.647787e-02,6.008627e-02,3.139390e-02,8.402495e-03,3.586899e-02
2.550285e-01,1.567172e-01,3.593719e-02,7.602691e-02,5.581317e-03,2.693520e-02,1.292825e-03,8.106606e-03,2.275458e-01,3.971042e-02,3.582418e-02,5.805316e-02,2.970367e-02,8.711552e-03,3.482549e-02
2.195975e-01,1.505989e-01,3.355823e-02,6.219916e-02,6.435608e-03,2.890767e-02,1.286517e-03,1.163068e-02,3.025474e-01,3.540783e-02,2.831834e-02,5.499832e-02,2.635425e-02,7.971964e-03,3.018766e-02
2.531101e-01,1.355142e-01,2.782905e-02,5.183772e-02,1.977158e-02,2.559570e-02,2.412150e-03,1.926197e-02,3.057047e-01,2.940775e-02,2.399063e-02,4.658649e-02,2.269150e-02,8.105523e-03,2.818109e-02
2.875295e-01,1.367323e-01,2.161952e-02,4.116447e-02,6.056763e-02,2.424857e-02,2.962004e-03,2.661141e-02,2.667666e-01,2.163571e-02,1.953666e-02,3.673529e-02,2.177444e-02,7.046270e-03,2.506967e-02
2.900494e-01,1.302430e-01,1.636194e-02,3.251059e-02,9.200741e-02,2.895837e-02,3.912392e-03,2.760278e-02,2.692612e-01,1.548272e-02,1.664210e-02,2.948798e-02,2.130137e-02,6.320249e-03,1.985863e-02
2.743906e-01,1.142531e-01,1.229538e-02,2.777832e-02,7.813618e-02,6.424128e-02,3.726654e-03,2.443219e-02,2.866761e-01,1.130020e-02,1.499940e-02,2.519037e-02,3.646413e-02,6.103382e-03,2.001280e-02
2.409057e-01,1.108665e-01,9.543454e-03,2.209537e-02,6.953253e-02,1.470915e-01,4.355050e-03,2.700050e-02,2.610735e-01,8.208850e-03,1.191624e-02,1.976740e-02,4.614317e-02,4.659384e-03,1.684087e-02
2.325509e-01,1.017697e-01,8.623924e-03,2.330945e-02,7.391866e-02,1.966261e-01,6.446552e-03,2.824730e-02,2.199373e-01,6.401113e-03,1.012840e-02,1.676841e-02,5.458931e-02,4.093918e-03,1.658892e-02
3.061084e-01,7.866095e-02,6.785903e-03,2.088703e-02,5.518597e-02,2.152369e-01,5.265550e-03,2.235728e-02,1.759433e-01,4.744318e-03,9.156135e-03,1.484885e-02,6.455166e-02,3.746692e-03,1.652110e-02
3.799030e-01,6.267615e-02,5.277211e-03,1.865693e-02,4.221378e-02,2.059857e-01,4.460115e-03,1.885502e-02,1.512248e-01,3.472344e-03,7.853361e-03,1.342226e-02,6.943597e-02,3.159422e-03,1.340389e-02
