1.000000e+00,0.000000e+00,0.000000e+00,0.000000e+00,0.000000e+00,0.000000e+00,0.000000e+00,0.000000e+00,0.000000e+00,0.000000e+00,0.000000e+00,0.000000e+00,0.000000e+00,0.000000e+00,0.000000e+00
1.000000e+00,0.000000e+00,0.000000e+00,0.000000e+00,0.000000e+00,0.000000e+00,0.000000e+00,0.000000e+00,0.000000e+00,0.000000e+00,0.000000e+00,0.000000e+00,0.000000e+00,0.000000e+00,0.000000e+00
1.000000e+00,0.000000e+00,0.000000e+00,0.000000e+00,0.000000e+00,0.000000e+00,0.000000e+00,0.000000e+00,0.000000e+00,0.000000e+00,0.000000e+00,0.000000e+00,0.000000e+00,0.000000e+00,0.000000e+00
1.000000e+00,0.000000e+00,0.000000e+00,0.000000e+00,0.000000e+00,0.000000e+00,0.000000e+00,0.000000e+00,0.000000e+00,0.000000e+00,0.000000e+00,0.000000e+00,0.000000e+00,0.000000e+00,0.000000e+00
1.000000e+00,0.000000e+00,0.000000e+00,0.000000e+00,0.000000e+00,0.000000e+00,0.000000e+00,0.000000e+00,0.000000e+00,0.000000e+00,0.000000e+00,0.000000e+00,0.000000e+00,0.000000e+00,0.000000e+00
1.000000e+00,0.000000e+00,0.000000e+00,0.000000e+00,0.000000e+00,0.000000e+00,0.000000e+00,0.000000e+00,0.000000e+00,0.000000e+00,0.000000e+00,0.000000e+00,0.000000e+00,0.000000e+00,0.000000e+00
1.000000e+00,0.000000e+00,0.000000e+00,0.000000e+00,0.000000e+00,0.000000e+00,0.000000e+00,0.000000e+00,0.000000e+00,0.000000e+00,0.000000e+00,0.000000e+00,0.000000e+00,0.000000e+00,0.000000e+00
1.000000e+00,0.000000e+00,0.000000e+00,0.000000e+00,0.000000e+00,0.000000e+00,0.000000e+00,0.000000e+00,0.000000e+00,0.000000e+00,0.000000e+00,0.000000e+00,0.000000e+00,0.000000e+00,0.000000e+00
1.000000e+00,0.000000e+00,0.000000e+00,0.000000e+00,0.000000e+00,0.000000e+00,0.000000e+00,0.000000e+00,0.000000e+00,0.000000e+00,0.000000e+00,0.000000e+00,0.000000e+00,0.000000e+00,0.000000e+00
1.000000e+00,0.000000e+00,0.000000e+00,0.000000e+00,0.000000e+00,0.000000e+00,0.000000e+00,0.000000e+00,0.000000e+00,0.000000e+00,0.000000e+00,0.000000e+00,0.000000e+00,0.000000e+00,0.000000e+00
1.000000e+00,0.000000e+00,0.000000e+00,0.000000e+00,0.000000e+00,0.000000e+00,0.000000e+00,0.000000e+00,0.000000e+00,0.000000e+00,0.000000e+00,0.000000e+00,0.000000e+00,0.000000e+00,0.000000e+00
1.000000e+00,0.000000e+00,0.000000e+00,0.000000e+00,0.000000e+00,0.000000e+00,0.000000e+00,0.000000e+00,0.000000e+00,0.000000e+00,0.000000e+00,0.000000e+00,0.000000e+00,0.000000e+00,0.000000e+00
1.000000e+00,0.000000e+00,0.000000e+00,0.000000e+00,0.000000e+00,0.000000e+00,0.000000e+00,0.000000e+00,0.000000e+00,0.000000e+00,0.000000e+00,0.000000e+00,0.000000e+00,0.000000e+00,0.000000e+00
1.000000e+00,0.000000e+00,0.000000e+00,0.000000e+00,0.000000e+00,0.000000e+00,0.000000e+00,0.000000e+00,0.000000e+00,0.000000e+00,0.000000e+00,0.000000e+00,0.000000e+00,0.000000e+00,0.000000e+00
1.000000e+00,0.000000e+00,0.000000e+00,0.000000e+00,0.000000e+00,0.000000e+00,0.000000e+00,0.000000e+00,0.000000e+00,0.000000e+00,0.000000e+00,0.000000e+00,0.000000e+00,0.000000e+00,0.000000e+00
1.000000e+00,0.000000e+00,0.000000e+00,0.000000e+00,0.000000e+00,0.000000e+00,0.000000e+00,0.000000e+00,0.000000e+00,0.000000e+00,0.000000e+00,0.000000e+00,0.000000e+00,0.000000e+00,0.000000e+00
1.000000e+00,0.000000e+00,0.000000e+00,0.000000e+00,0.000000e+00,0.000000e+00,0.000000e+00,0.000000e+00,0.000000e+00,0.000000e+00,0.000000e+00,0.000000e+00,0.000000e+00,0.000000e+00,0.000000e+00
1.000000e+00,0.000000e+00,0.000000e+00,0.000000e+00,0.000000e+00,0.000000e+00,0.000000e+00,0.000000e+00,0.000000e+00,0.000000e+00,0.000000e+00,0.000000e+00,0.000000e+00,0.000000e+00,0.000000e+00
1.000000e+00,0.000000e+00,0.000000e+00,0.000000e+00,0.000000e+00,0.000000e+00,0.000000e+00,0.000000e+00,0.000000e+00,0.000000e+00,0.000000e+00,0.000000e+00,0.000000e+00,0.000000e+00,0.000000e+00
1.000000e+00,0.000000e+00,0.000000e+00,0.000000e+00,0.000000e+00,0.000000e+00,0.000000e+00,0.000000e+00,0.000000e+00,0.000000e+00,0.000000e+00,0.000000e+00,0.000000e+00,0.000000e+00,0.000000e+00
1.000000e+00,0.000000e+00,0.000000e+00,0.000000e+00,0.000000e+00,0.000000e+00,0.000000e+00,0.000000e+00,0.000000e+00,0.000000e+00,0.000000e+00,0.000000e+00,0.000000e+00,0.000000e+00,0.000000e+00
1.000000e+00,0.000000e+00,0.000000e+00,0.000000e+00,0.000000e+00,0.000000e+00,0.000000e+00,0.000000e+00,0.000000e+00,0.000000e+00,0.000000e+00,0.000000e+00,0.000000e+00,0.000000e+00,0.000000e+00
1.000000e+00,0.000000e+00,0.000000e+00,0.000000e+00,0.000000e+00,0.000000e+00,0.000000e+00,0.000000e+00,0.000000e+00,0.000000e+00,0.000000e+00,0.000000e+00,0.000000e+00,0.000000e+00,0.000000e+00
1.000000e+00,0.000000e+00,0.000000e+00,0.000000e+00,0.000000e+00,0.000000e+00,0.000000e+00,0.000000e+00,0.000000e+00,0.000000e+00,0.000000e+00,0.000000e+00,0.000000e+00,0.000000e+00,0.000000e+00
1.000000e+00,0.000000e+00,0.000000e+00,0.000000e+00,0.000000e+00,0.000000e+00,0.000000e+00,0.000000e+00,0.000000e+00,0.000000e+00,0.000000e+00,0.000000e+00,0.000000e+00,0.000000e+00,0.000000e+00
1.000000e+00,0.000000e+00,0.000000e+00,0.000000e+00,0.000000e+00,0.000000e+00,0.000000e+00,0.000000e+00,0.000000e+00,0.000000e+00,0.000000e+00,0.000000e+00,0.000000e+00,0.000000e+00,0.000000e+00
1.000000e+00,0.000000e+00,0.000000e+00,0.000000e+00,0.000000e+00,0.000000e+00,0.000000e+00,0.000000e+00,0.000000e+00,0.000000e+00,0.000000e+00,0.000000e+00,0.000000e+00,0.000000e+00,0.000000e+00
1.000000e+00,0.000000e+00,0.000000e+00,0.000000e+00,0.000000e+00,0.000000e+00,0.000000e+00,0.000000e+00,0.000000e+00,0.000000e+00,0.000000e+00,0.000000e+00,0.000000e+00,0.000000e+00,0.000000e+00
1.000000e+00,0.000000e+00,0.000000e+00,0.000000e+00,0.000000e+00,0.000000e+00,0.000000e+00,0.000000e+00,0.000000e+00,0.000000e+00,0.000000e+00,0.000000e+00,0.000000e+00,0.000000e+00,0.000000e+00
1.000000e+00,0.000000e+00,0.000000e+00,0.000000e+00,0.000000e+00,0.000000e+00,0.000000e+00,0.000000e+00,0.000000e+00,0.000000e+00,0.000000e+00,0.000000e+00,0.000000e+00,0.000000e+00,0.000000e+00
1.000000e+00,0.000000e+00,0.000000e+00,0.000000e+00,0.000000e+00,0.000000e+00,0.000000e+00,0.000000e+00,0.000000e+00,0.000000e+00,0.000000e+00,0.000000e+00,0.000000e+00,0.000000e+00,0.000000e+00
1.000000e+00,0.000000e+00,0.000000e+00,0.000000e+00,0.000000e+00,0.000000e+00,0.000000e+00,0.000000e+00,0.000000e+00,0.000000e+00,0.000000e+00,0.000000e+00,0.000000e+00,0.000000e+00,0.000000e+00
1.000000e+00,0.000000e+00,0.000000e+00,0.000000e+00,0.000000e+00,0.000000e+00,0.000000e+00,0.000000e+00,0.000000e+00,0.000000e+00,0.000000e+00,0.000000e+00,0.000000e+00,0.000000e+00,0.000000e+00
1.000000e+00,0.000000e+00,0.000000e+00,0.000000e+00,0.000000e+00,0.000000e+00,0.000000e+00,0.000000e+00,0.000000e+00,0.000000e+00,0.000000e+00,0.000000e+00,0.000000e+00,0.000000e+00,0.000000e+00
1.000000e+00,0.000000e+00,0.000000e+00,0.000000e+00,0.000000e+00,0.000000e+00,0.000000e+00,0.000000e+00,0.000000e+00,0.000000e+00,0.000000e+00,0.000000e+00,0.000000e+00,0.000000e+00,0.000000e+00
1.000000e+00,0.000000e+00,0.000000e+00,0.000000e+00,0.000000e+00,0.000000e+00,0.000000e+00,0.000000e+00,0.000000e+00,0.000000e+00,0.000000e+00,0.000000e+00,0.000000e+00,0.000000e+00,0.000000e+00
1.000000e+00,0.000000e+00,0.000000e+00,0.000000e+00,0.000000e+00,0.000000e+00,0.000000e+00,0.000000e+00,0.000000e+00,0.000000e+00,0.000000e+00,0.000000e+00,0.000000e+00,0.000000e+00,0.000000e+00
1.000000e+00,0.000000e+00,0.000000e+00,0.000000e+00,0.000000e+00,0.000000e+00,0.000000e+00,0.000000e+00,0.000000e+00,0.000000e+00,0.000000e+00,0.000000e+00,0.000000e+00,0.000000e+00,0.000000e+00
1.000000e+00,0.000000e+00,0.000000e+00,0.000000e+00,0.000000e+00,0.000000e+00,0.000000e+00,0.000000e+00,0.000000e+00,0.000000e+00,0.000000e+00,0.000000e+00,0.000000e+00,0.000000e+00,0.000000e+00
1.000000e+00,0.000000e+00,0.000000e+00,0.000000e+00,0.000000e+00,0.000000e+00,0.000000e+00,0.000000e+00,0.000000e+00,0.000000e+00,0.000000e+00,0.000000e+00,0.000000e+00,0.000000e+00,0.000000e+00
1.000000e+00,0.000000e+00,0.000000e+00,0.000000e+00,0.000000e+00,0.000000e+00,0.000000e+00,0.000000e+00,0.000000e+00,0.000000e+00,0.000000e+00,0.000000e+00,0.000000e+00,0.000000e+00,0.000000e+00
1.000000e+00,0.000000e+00,0.000000e+00,0.000000e+00,0.000000e+00,0.000000e+00,0.000000e+00,0.000000e+00,0.000000e+00,0.000000e+00,0.000000e+00,0.000000e+00,0.000000e+00,0.000000e+00,0.000000e+00
1.000000e+00,0.000000e+00,0.000000e+00,0.000000e+00,0.000000e+00,0.000000e+00,0.000000e+00,0.000000e+00,0.000000e+00,0.000000e+00,0.000000e+00,0.000000e+00,0.000000e+00,0.000000e+00,0.000000e+00
1.000000e+00,0.000000e+00,0.000000e+00,0.000000e+00,0.000000e+00,0.000000e+00,0.000000e+00,0.000000e+00,0.000000e+00,0.000000e+00,0.000000e+00,0.000000e+00,0.000000e+00,0.000000e+00,0.000000e+00
1.000000e+00,0.000000e+00,0.000000e+00,0.000000e+00,0.000000e+00,0.000000e+00,0.000000e+00,0.000000e+00,0.000000e+00,0.000000e+00,0.000000e+00,0.000000e+00,0.000000e+00,0.000000e+00,0.000000e+00
1.000000e+00,0.000000e+00,0.000000e+00,0.000000e+00,0.000000e+00,0.000000e+00,0.000000e+00,0.000000e+00,0.000000e+00,0.000000e+00,0.000000e+00,0.000000e+00,0.000000e+00,0.000000e+00,0.000000e+00
1.000000e+00,0.000000e+00,0.000000e+00,0.000000e+00,0.000000e+00,0.000000e+00,0.000000e+00,0.000000e+00,0.000000e+00,0.000000e+00,0.000000e+00,0.000000e+00,0.000000e+00,0.000000e+00,0.000000e+00
1.000000e+00,0.000000e+00,0.000000e+00,0.000000e+00,0.000000e+00,0.000000e+00,0.000000e+00,0.000000e+00,0.000000e+00,0.000000e+00,0.000000e+00,0.000000e+00,0.000000e+00,0.000000e+00,0.000000e+00
1.000000e+00,0.000000e+00,0.000000e+00,0.000000e+00,0.000000e+00,0.000000e+00,0.000000e+00,0.000000e+00,0.000000e+00,0.000000e+00,0.000000e+00,0.000000e+00,0.000000e+00,0.000000e+00,0.000000e+00
1.000000e+00,0.000000e+00,0.000000e+00,0.000000e+00,0.000000e+00,0.000000e+00,0.000000e+00,0.000000e+00,0.000000e+00,0.000000e+00,0.000000e+00,0.000000e+00,0.000000e+00,0.000000e+00,0.000000e+00
1.000000e+00,0.000000e+00,0.000000e+00,0.000000e+00,0.000000e+00,0.000000e+00,0.000000e+00,0.000000e+00,0.000000e+00,0.000000e+00,0.000000e+00,0.000000e+00,0.000000e+00,0.000000e+00,0.000000e+00
1.000000e+00,0.000000e+00,0.000000e+00,0.000000e+00,0.000000e+00,0.000000e+00,0.000000e+00,0.000000e+00,0.000000e+00,0.000000e+00,0.000000e+00,0.000000e+00,0.000000e+00,0.000000e+00,0.000000e+00
1.000000e+00,0.000000e+00,0.000000e+00,0.000000e+00,0.000000e+00,0.000000e+00,0.000000e+00,0.000000e+00,0.000000e+00,0.000000e+00,0.000000e+00,0.000000e+00,0.000000e+00,0.000000e+00,0.000000e+00
1.000000e+00,0.000000e+00,0.000000e+00,0.000000e+00,0.000000e+00,0.000000e+00,0.000000e+00,0.000000e+00,0.000000e+00,0.000000e+00,0.000000e+00,0.000000e+00,0.000000e+00,0.000000e+00,0.000000e+00
1.000000e+00,0.000000e+00,0.000000e+00,0.000000e+00,0.000000e+00,0.000000e+00,0.000000e+00,0.000000e+00,0.000000e+00,0.000000e+00,0.000000e+00,0.000000e+00,0.000000e+00,0.000000e+00,0.000000e+00
1.000000e+00,0.000000e+00,0.000000e+00,0.000000e+00,0.000000e+00,0.000000e+00,0.000000e+00,0.000000e+00,0.000000e+00,0.000000e+00,0.000000e+00,0.000000e+00,0.000000e+00,0.000000e+00,0.000000e+00
1.000000e+00,0.000000e+00,0.000000e+00,0.000000e+00,0.000000e+00,0.000000e+00,0.000000e+00,0.000000e+00,0.000000e+00,0.000000e+00,0.000000e+00,0.000000e+00,0.000000e+00,0.000000e+00,0.000000e+00
4.688863e-01,2.647936e-02,1.183995e-02,5.669428e-02,2.912341e-03,1.467756e-02,1.956154e-03,8.078258e-03,1.715358e-02,5.100849e-03,2.391710e-01,3.771670e-02,1.160540e-02,3.144138e-02,6.628683e-02
3.324622e-01,2.927677e-02,9.066768e-03,4.522149e-02,2.140166e-03,1.706732e-02,1.438628e-03,5.864986e-03,2.393730e-02,6.796114e-03,3.556505e-01,5.452967e-02,9.363141e-03,3.008296e-02,7.710195e-02
2.342457e-01,2.304236e-02,7.023185e-03,3.533607e-02,1.717781e-03,1.408432e-02,1.043497e-03,4.205137e-03,3.471481e-02,6.765096e-03,4.706625e-01,5.927246e-02,8.509154e-03,2.386351e-02,7.551438e-02
1.670501e-01,1.735313e-02,5.393825e-03,3.101178e-02,3.533998e-03,1.169680e-02,8.075265e-04,3.228385e-03,3.284740e-02,8.262177e-03,5.017017e-01,1.271668e-01,8.427395e-03,2.452286e-02,5.699603e-02
1.249705e-01,1.320182e-02,4.296497e-03,2.848941e-02,3.452697e-03,1.351665e-02,6.871572e-04,2.631856e-03,2.757378e-02,7.642123e-03,5.084665e-01,1.930572e-01,6.730668e-03,2.220361e-02,4.307951e-02
9.680647e-02,9.675022e-03,3.299827e-03,2.228155e-02,3.259342e-03,1.473975e-02,5.892196e-04,2.044268e-03,2.020017e-02,6.021252e-03,5.276452e-01,2.379538e-01,5.263441e-03,1.879775e-02,3.142291e-02
8.102646e-02,7.081043e-03,2.434538e-03,1.763756e-02,3.926870e-03,1.502007e-02,5.094325e-04,1.676360e-03,1.457832e-02,4.712899e-03,5.223029e-01,2.853665e-01,4.244129e-03,1.651296e-02,2.296994e-02
6.178265e-02,5.774053e-03,2.682297e-03,1.408320e-02,2.829893e-02,1.776066e-02,4.780217e-04,2.136340e-03,1.083539e-02,3.866422e-03,4.107331e-01,4.045716e-01,4.370370e-03,1.573393e-02,1.689303e-02
1.177878e-01,6.231449e-03,3.549288e-03,1.379630e-02,2.512939e-02,2.977777e-02,4.605553e-04,2.484503e-03,9.246483e-03,3.506763e-03,4.015529e-01,3.443209e-01,3.668983e-03,2.257552e-02,1.591137e-02
1.653202e-01,8.422626e-03,6.875869e-03,2.439601e-02,2.736038e-02,3.673562e-02,5.133423e-04,6.042542e-03,9.354753e-03,3.106609e-03,3.424283e-01,3.299361e-01,3.200851e-03,2.151150e-02,1.479535e-02
2.004121e-01,1.577364e-02,8.357694e-03,3.182901e-02,2.204998e-02,3.556368e-02,4.990802e-04,5.678285e-03,9.534380e-03,3.143196e-03,3.182771e-01,3.002967e-01,2.923217e-03,2.658761e-02,1.907433e-02
2.099120e-01,1.614456e-02,9.469127e-03,2.717079e-02,1.674737e-02,3.257508e-02,4.651120e-04,4.956626e-03,8.995185e-03,2.747796e-03,3.159011e-01,3.057504e-01,2.607988e-03,3.062413e-02,1.593268e-02
1.978430e-01,1.665180e-02,1.733770e-02,2.039866e-02,1.385955e-02,2.523441e-02,4.388263e-04,7.035126e-03,8.279157e-03,2.872413e-03,3.354799e-01,3.110043e-01,2.191151e-03,2.941542e-02,1.195856e-02
1.703449e-01,1.421706e-02,3.240670e-02,1.777594e-02,1.109326e-02,2.005791e-02,6.505947e-04,2.364705e-02,9.691101e-03,2.704370e-03,3.706324e-01,2.915460e-01,1.726210e-03,2.483801e-02,8.668533e-03
1.336920e-01,1.180184e-02,2.827014e-02,1.334216e-02,8.271755e-03,1.542574e-02,5.694065e-04,2.093827e-02,1.066784e-02,2.301113e-03,4.733959e-01,2.510911e-01,1.333941e-03,2.261559e-02,6.283159e-03
1.003167e-01,9.101777e-03,2.192852e-02,9.817772e-03,5.924964e-03,1.186520e-02,4.665749e-04,1.636828e-02,1.457640e-02,1.857919e-03,5.829616e-01,1.989251e-01,1.004638e-03,2.031146e-02,4.573083e-03
7.185023e-02,6.711449e-03,1.622025e-02,7.130252e-03,4.221783e-03,8.856326e-03,3.579009e-04,1.208240e-02,1.937674e-02,1.482067e-03,6.750117e-01,1.547600e-01,7.335729e-04,1.776329e-02,3.442008e-03
5.044679e-02,5.602601e-03,1.268373e-02,5.608674e-03,3.372893e-03,6.685236e-03,2.903077e-04,9.120216e-03,2.384429e-02,1.505889e-03,7.464681e-01,1.181002e-01,5.292025e-04,1.307315e-02,2.668716e-03
3.568425e-02,4.746467e-03,9.288435e-03,4.174230e-03,2.804427e-03,5.047659e-03,2.173126e-04,7.121301e-03,3.297521e-02,1.252819e-03,8.005251e-01,8.373720e-02,3.855547e-04,1.012744e-02,1.912629e-03
2.579778e-02,3.678847e-03,2.438063e-02,5.726702e-03,3.042338e-03,4.432405e-03,1.992188e-04,1.132895e-02,3.576723e-02,1.221583e-03,8.157028e-01,5.945953e-02,2.801901e-04,7.619516e-03,1.362313e-03
1.934333e-02,2.985018e-03,1.953231e-02,4.468561e-03,3.013937e-03,4.122133e-03,1.439586e-04,8.911491e-03,5.324385e-02,1.642502e-03,8.304576e-01,4.225692e-02,2.303374e-04,8.526188e-03,1.121953e-03
1.432901e-02,2.191065e-03,1.388307e-02,3.251200e-03,2.490835e-03,3.003951e-03,1.019297e-04,6.409584e-03,6.057471e-02,1.840012e-03,8.525819e-01,2.979632e-02,1.711686e-04,8.538056e-03,8.372402e-04
1.098376e-02,1.605607e-03,1.047282e-02,2.617927e-03,2.122120e-03,2.311673e-03,7.264039e-05,4.842245e-03,6.887269e-02,3.208737e-03,8.612093e-01,2.095375e-02,1.315119e-04,9.938747e-03,6.565346e-04
8.203265e-03,1.201893e-03,7.665940e-03,1.901842e-03,1.774132e-03,1.794079e-03,5.264903e-05,3.532366e-03,7.016140e-02,3.766680e-03,8.729430e-01,1.486591e-02,1.032851e-04,1.147141e-02,5.620952e-04
6.301823e-03,9.560985e-04,5.731310e-03,1.399659e-03,1.564644e-03,1.757924e-03,3.886557e-05,2.601653e-03,7.528540e-02,6.147063e-03,8.745875e-01,1.055508e-02,8.642831e-05,1.249798e-02,4.885634e-04
7.120921e-03,8.240959e-04,4.456244e-03,1.076886e-03,2.361283e-03,2.094380e-03,3.383369e-05,2.334643e-03,9.583893e-02,1.735046e-02,8.019426e-01,8.296969e-03,1.417209e-04,5.570899e-02,4.180364e-04
8.050775e-03,7.568275e-04,3.570456e-03,8.114462e-04,2.519426e-03,2.193548e-03,3.038752e-05,1.940551e-03,1.210142e-01,2.162812e-02,7.431383e-01,6.304756e-03,1.679840e-04,8.746827e-02,4.049452e-04
1.165689e-02,8.021439e-04,2.840398e-03,6.007085e-04,2.336895e-03,2.372473e-03,2.866640e-05,1.537206e-03,1.381174e-01,1.830352e-02,6.635785e-01,5.240640e-03,2.264783e-04,1.518789e-01,4.791269e-04
1.202631e-02,7.620915e-04,2.146455e-03,4.620995e-04,1.958812e-03,2.290468e-03,3.403165e-05,1.140197e-03,1.139395e-01,1.462289e-02,6.573934e-01,4.176156e-03,2.848583e-04,1.882312e-01,5.315116e-04
1.017544e-02,6.127174e-04,1.598914e-03,3.419023e-04,1.431599e-03,1.891527e-03,2.809803e-05,8.139650e-04,8.842982e-02,1.068211e-02,5.862588e-01,3.235689e-03,2.421843e-04,2.938013e-01,4.559062e-04
9.930222e-03,1.282266e-03,1.332114e-03,3.267658e-04,1.349477e-03,5.876330e-03,3.564913e-05,6.007669e-04,7.119526e-02,8.642433e-03,5.454326e-01,3.079044e-03,2.273590e-04,3.501209e-01,5.687684e-04
9.077745e-03,1.040741e-03,9.935355e-04,2.748446e-04,1.072063e-03,5.303828e-03,3.494656e-05,4.392116e-04,5.558475e-02,6.616259e-03,4.987136e-01,2.489734e-03,1.940251e-04,4.176904e-01,4.742376e-04
1.064818e-02,9.951044e-04,7.956058e-04,3.290643e-04,1.109684e-03,5.284177e-03,5.680521e-05,3.471068e-04,4.212270e-02,6.156964e-03,5.345943e-01,2.512513e-03,4.472186e-04,3.940958e-01,5.047250e-04
1.271933e-02,9.097622e-04,7.776950e-04,4.460146e-04,1.401205e-03,4.588711e-03,8.814586e-05,3.342498e-04,3.130049e-02,7.329057e-03,4.860596e-01,3.029248e-03,6.416711e-04,4.498869e-01,4.878918e-04
9.925693e-03,8.536974e-04,5.998820e-04,4.755651e-04,1.492176e-03,3.478444e-03,7.912306e-05,2.548445e-04,2.255531e-02,7.297695e-03,4.585656e-01,2.970186e-03,7.660713e-04,4.902450e-01,4.407684e-04
7.409220e-03,8.555603e-04,5.342312e-04,5.062495e-04,1.705211e-03,3.049766e-03,8.994620e-05,2.545019e-04,1.674922e-02,7.600849e-03,4.187430e-01,3.035265e-03,7.663612e-04,5.382692e-01,4.314157e-04
5.320661e-03,7.126484e-04,4.048967e-04,6.152103e-04,2.129974e-03,2.750441e-03,1.585655e-04,2.235316e-04,1.305778e-02,7.752144e-03,4.110192e-01,3.031040e-03,1.063377e-03,5.511978e-01,5.627098e-04
3.805550e-03,6.331708e-04,3.127389e-04,1.447256e-03,3.444701e-03,2.445483e-03,3.027022e-04,2.675130e-04,1.056740e-02,7.860937e-03,3.611564e-01,4.626814e-03,1.655801e-03,6.008013e-01,6.721132e-04
2.782687e-03,5.891045e-04,2.788846e-04,1.560630e-03,3.344523e-03,1.882829e-03,2.359608e-04,2.409435e-04,9.188712e-03,1.127625e-02,3.181639e-01,6.715809e-03,2.002620e-03,6.409898e-01,7.472506e-04
2.054909e-03,5.862860e-04,2.594526e-04,1.331745e-03,8.385514e-03,1.790424e-03,3.858554e-04,2.320584e-04,7.093355e-03,1.177109e-02,2.665948e-01,8.808209e-03,3.260652e-03,6.864499e-01,9.957253e-04
1.731006e-03,9.566927e-04,3.883955e-04,1.584377e-03,1.056670e-02,1.641733e-03,3.866242e-04,3.568532e-04,7.625425e-03,1.358105e-02,3.516787e-01,2.448394e-02,5.268912e-03,5.766444e-01,3.105173e-03
2.247583e-03,9.787123e-04,5.302560e-04,2.460974e-03,1.205869e-02,2.066377e-03,4.506344e-04,9.724410e-04,8.768955e-03,1.645122e-02,4.160675e-01,3.805149e-02,8.985262e-03,4.864777e-01,3.432129e-03
5.087059e-03,1.053666e-03,1.649301e-03,2.942462e-03,1.789267e-02,3.876888e-03,8.138318e-04,4.897939e-03,7.814552e-03,1.468972e-02,5.048179e-01,6.115011e-02,1.293342e-02,3.573859e-01,2.994554e-03
1.837392e-02,2.571181e-03,5.724639e-03,3.109668e-03,3.873701e-02,4.278175e-03,1.355726e-03,1.009138e-02,8.039622e-03,1.284448e-02,4.958290e-01,1.215889e-01,1.307131e-02,2.609629e-01,3.422077e-03
2.941456e-02,3.668861e-03,9.048148e-03,3.119355e-03,5.498317e-02,6.363767e-03,2.865428e-03,1.531201e-02,7.474003e-03,1.052262e-02,5.031629e-01,1.533134e-01,1.185525e-02,1.847729e-01,4.123745e-03
4.023367e-02,3.951430e-03,1.459493e-02,2.615375e-03,6.542218e-02,6.969303e-03,3.334525e-03,2.242932e-02,6.892566e-03,8.877842e-03,5.236004e-01,1.533749e-01,1.190036e-02,1.321671e-01,3.636146e-03
6.904241e-02,4.079259e-03,1.373163e-02,2.419063e-03,6.041939e-02,1.086114e-02,3.720080e-03,2.537676e-02,6.188365e-03,7.064051e-03,5.134490e-01,1.709180e-01,1.378360e-02,9.517732e-02,3.769973e-03
7.103057e-02,3.920819e-03,1.168695e-02,2.232890e-03,5.495790e-02,1.850378e-02,3.597827e-03,2.151216e-02,8.573520e-03,5.135915e-03,5.780773e-01,1.366047e-01,1.364046e-02,6.700192e-02,3.523349e-03
6.345394e-02,6.806222e-03,9.465466e-03,2.145080e-03,5.122366e-02,2.118244e-02,3.309660e-03,2.096616e-02,2.615559e-02,3.892657e-03,6.153326e-01,1.123071e-01,1.274522e-02,4.771143e-02,3.302755e-03
6.521281e-02,7.580714e-03,1.637004e-02,3.087127e-03,5.678180e-02,2.639423e-02,5.588543e-03,3.143770e-02,3.060654e-02,3.054315e-03,6.101215e-01,9.291001e-02,1.286033e-02,3.506945e-02,2.924934e-03
5.622245e-02,1.018319e-02,1.585685e-02,3.568121e-03,6.101801e-02,5.726150e-02,5.171772e-03,4.155290e-02,3.504957e-02,2.405711e-03,5.944078e-01,7.487509e-02,1.347863e-02,2.652651e-02,2.421930e-03
5.042663e-02,1.183265e-02,1.371052e-02,3.558828e-03,6.175558e-02,5.459543e-02,4.288615e-03,3.537415e-02,4.626902e-02,1.932958e-03,6.219658e-01,5.875843e-02,1.169388e-02,2.189650e-02,1.941081e-03
4.865468e-02,1.675991e-02,1.208891e-02,3.407962e-03,5.779824e-02,4.477742e-02,3.351922e-03,3.628154e-02,6.092743e-02,1.458057e-03,6.316550e-01,4.733549e-02,1.045527e-02,2.314683e-02,1.901372e-03
5.597693e-02,3.659253e-02,1.693951e-02,4.723232e-03,7.351653e-02,4.065626e-02,2.722582e-03,6.734348e-02,8.883303e-02,1.273989e-03,5.402288e-01,3.705494e-02,1.105825e-02,2.061967e-02,2.460224e-03
5.926588e-02,5.504614e-02,1.465902e-02,4.723600e-03,8.437801e-02,3.563239e-02,2.237307e-03,6.393257e-02,1.131106e-01,9.801041e-04,4.995858e-01,3.179322e-02,1.287231e-02,1.930520e-02,2.477782e-03
6.274866e-02,5.418009e-02,1.535442e-02,5.483085e-03,1.139418e-01,5.471113e-02,3.205991e-03,7.753398e-02,1.624915e-01,1.890937e-03,3.775367e-01,3.416595e-02,1.660202e-02,1.628349e-02,3.870182e-03
7.090618e-02,5.245544e-02,1.466878e-02,5.704884e-03,1.170286e-01,6.798857e-02,4.218773e-03,8.877993e-02,1.987107e-01,2.866565e-03,2.921036e-01,3.902790e-02,2.478079e-02,1.510589e-02,5.653507e-03
7.228809e-02,4.939572e-02,1.513196e-02,5.768228e-03,1.246761e-01,7.227503e-02,5.885479e-03,7.356934e-02,2.451355e-01,2.370697e-03,2.286085e-01,3.719316e-02,5.047917e-02,1.169722e-02,5.525837e-03
6.429344e-02,6.403320e-02,1.292874e-02,6.062036e-03,9.828032e-02,7.578786e-02,5.771204e-03,5.978497e-02,2.724290e-01,2.653361e-03,1.666589e-01,3.298895e-02,1.175477e-01,8.763476e-03,1.201679e-02
7.638118e-02,8.677801e-02,3.483801e-02,4.125746e-02,7.893557e-02,6.579331e-02,5.207570e-03,5.967575e-02,2.404945e-01,6.483710e-03,1.211617e-01,2.805091e-02,1.064377e-01,7.803940e-03,4.070067e-02
6.112081e-02,1.222937e-01,3.658007e-02,7.818390e-02,5.717350e-02,5.258321e-02,3.793400e-03,4.316645e-02,2.569296e-01,8.354511e-03,9.743983e-02,2.381022e-02,8.832929e-02,6.686464e-03,6.355505e-02
5.205853e-02,9.867282e-02,3.653406e-02,1.050282e-01,4.317547e-02,4.091139e-02,3.144775e-03,3.282107e-02,2.257979e-01,1.386797e-02,1.349238e-01,2.213804e-02,8.654898e-02,9.865928e-03,9.451112e-02
5.452837e-02,8.194422e-02,3.497633e-02,8.153613e-02,5.119732e-02,3.745892e-02,2.518314e-03,2.426549e-02,2.261022e-01,1.178315e-02,1.618914e-01,1.836384e-02,7.251935e-02,4.043519e-02,1.004798e-01
4.402500e-02,6.235623e-02,2.684704e-02,6.681760e-02,4.424598e-02,2.938813e-02,1.893907e-03,1.733330e-02,1.925598e-01,9.745223e-03,1.654597e-01,1.833100e-02,6.546693e-02,1.533075e-01,1.022227e-01
3.641817e-02,4.633868e-02,2.695993e-02,7.429823e-02,4.091449e-02,2.255009e-02,1.521911e-03,1.647328e-02,1.779714e-01,8.971117e-03,2.232407e-01,1.749641e-02,6.552787e-02,1.608617e-01,8.045614e-02
3.071742e-02,3.473127e-02,2.122628e-02,5.511222e-02,3.049305e-02,1.784324e-02,1.199181e-03,1.185566e-02,2.956621e-01,1.007626e-02,1.767790e-01,1.389775e-02,4.923075e-02,1.783164e-01,7.285941e-02
2.392618e-02,2.774275e-02,2.103437e-02,3.986310e-02,2.204996e-02,1.397446e-02,8.970719e-04,8.404370e-03,2.498080e-01,1.334771e-02,1.532005e-01,1.051036e-02,3.595097e-02,3.161272e-01,6.316313e-02
2.428221e-02,2.422116e-02,1.817674e-02,2.981281e-02,1.764393e-02,1.704682e-02,7.753206e-04,6.914267e-03,2.450833e-01,1.412130e-02,1.482529e-01,9.186670e-03,2.801115e-02,3.674119e-01,4.905953e-02
1.819088e-02,1.952630e-02,1.321493e-02,2.124546e-02,1.290247e-02,1.443384e-02,5.783521e-04,4.930248e-03,2.371793e-01,1.291509e-02,1.297863e-01,7.735909e-03,2.205325e-02,4.442613e-01,4.104644e-02
1.362570e-02,1.691844e-02,9.714963e-03,1.507572e-02,9.347534e-03,1.397453e-02,4.240567e-04,3.518249e-03,2.571301e-01,1.120265e-02,1.092360e-01,6.045501e-03,1.725599e-02,4.821819e-01,3.434868e-02
9.935606e-03,1.461067e-02,7.283176e-03,1.061526e-02,7.212337e-03,1.145254e-02,3.030008e-04,2.479681e-03,2.743015e-01,1.006932e-02,8.317831e-02,4.690730e-03,1.293217e-02,5.216682e-01,2.926748e-02
7.502329e-03,1.670888e-02,6.420734e-03,7.536163e-03,5.290001e-03,1.075844e-02,2.175768e-04,1.753688e-03,3.592539e-01,9.255695e-03,6.386452e-02,3.556849e-03,9.313301e-03,4.735261e-01,2.504180e-02
5.944594e-03,2.150830e-02,4.914848e-03,5.321620e-03,3.791054e-03,9.066090e-03,1.548180e-04,1.239259e-03,3.281623e-01,7.105819e-03,5.015922e-02,2.724325e-03,6.725542e-03,5.263687e-01,2.681350e-02
4.522086e-03,2.033304e-02,3.772685e-03,3.754699e-03,2.739241e-03,6.818383e-03,1.106103e-04,8.820078e-04,3.165465e-01,5.434983e-03,3.752696e-02,2.061592e-03,4.799375e-03,5.598908e-01,3.080702e-02
4.434940e-03,1.827904e-02,5.494704e-03,2.748840e-03,2.216120e-03,5.549500e-03,9.117853e-05,7.575023e-04,3.587573e-01,4.946907e-03,2.776116e-02,1.580561e-03,3.512764e-03,5.381602e-01,2.570919e-02
7.908872e-03,1.691869e-02,7.511293e-03,2.184958e-03,3.696986e-03,5.137768e-03,7.643411e-05,2.530467e-03,4.310172e-01,5.322873e-03,2.037654e-02,1.282035e-03,2.578064e-03,4.748152e-01,1.864263e-02
8.723367e-03,1.238601e-02,5.704715e-03,1.604335e-03,5.353248e-03,3.793680e-03,5.908446e-05,4.302110e-03,5.577493e-01,4.509536e-03,1.460621e-02,9.831344e-04,1.860327e-03,3.651408e-01,1.322418e-02
2.428728e-02,1.118138e-02,1.414986e-02,5.145187e-03,1.598482e-02,3.861580e-03,1.249448e-04,1.711991e-02,5.656049e-01,3.982414e-03,1.139113e-02,1.107950e-03,1.547345e-03,3.138017e-01,1.070954e-02
4.353999e-02,1.068623e-02,1.272710e-02,9.028342e-03,2.630192e-02,3.786610e-03,1.462047e-04,1.685137e-02,6.051046e-01,4.456052e-03,9.548713e-03,1.965276e-03,1.800918e-03,2.421395e-01,1.191717e-02
5.508349e-02,1.156481e-02,1.079086e-02,9.693700e-03,2.903268e-02,4.242524e-03,1.707498e-04,1.457392e-02,6.363025e-01,4.453697e-03,8.695357e-03,3.038868e-03,1.936246e-03,1.983967e-01,1.202399e-02
5.979639e-02,3.977837e-02,1.130330e-02,8.533700e-02,3.701502e-02,4.810887e-03,1.889722e-04,1.098364e-02,5.571997e-01,4.150413e-03,7.899110e-03,2.861433e-03,1.825077e-03,1.436394e-01,3.321129e-02
6.503998e-02,4.515500e-02,1.551433e-02,7.247142e-02,3.441203e-02,4.494716e-03,2.164838e-04,1.079077e-02,5.877076e-01,3.811043e-03,7.433091e-03,3.000686e-03,1.468986e-03,1.143900e-01,3.409382e-02
7.069897e-02,8.245140e-02,5.063010e-02,6.560643e-02,3.233664e-02,4.068662e-03,2.191293e-04,1.400750e-02,5.519346e-01,3.235958e-03,6.213297e-03,2.591599e-03,1.122666e-03,8.611977e-02,2.876325e-02
9.217211e-02,7.996571e-02,9.648442e-02,8.277801e-02,2.631184e-02,4.049115e-03,3.280465e-04,5.129524e-02,4.664261e-01,3.284894e-03,5.672676e-03,2.381852e-03,8.906128e-04,6.328806e-02,2.467135e-02
1.168682e-01,1.047456e-01,9.237576e-02,6.841026e-02,2.789723e-02,6.644390e-03,4.575405e-04,1.156172e-01,3.790588e-01,2.776698e-03,6.685980e-03,2.062912e-03,8.988309e-04,4.925068e-02,2.624986e-02
1.454572e-01,1.217358e-01,7.094045e-02,5.214924e-02,3.193549e-02,1.561928e-02,6.278470e-04,1.144281e-01,3.599909e-01,2.794337e-03,8.210870e-03,2.835775e-03,1.862147e-03,4.522657e-02,2.618592e-02
1.672453e-01,9.188815e-02,6.291907e-02,5.820670e-02,3.364238e-02,1.533951e-02,9.091287e-04,1.645134e-01,2.872729e-01,3.274356e-03,1.661150e-02,7.500947e-03,7.194548e-03,3.905085e-02,4.443119e-02
1.945944e-01,8.070709e-02,4.909524e-02,4.974695e-02,3.633588e-02,1.736234e-02,1.167515e-03,1.543458e-01,2.308613e-01,4.684364e-03,2.125742e-02,1.127404e-02,1.471527e-02,5.308323e-02,8.076918e-02
2.005683e-01,6.647003e-02,3.989641e-02,6.183657e-02,8.221813e-02,1.661086e-02,1.655068e-03,1.373951e-01,1.912964e-01,4.184747e-03,3.004250e-02,2.314816e-02,3.401998e-02,4.481601e-02,6.584181e-02
2.152660e-01,5.575360e-02,3.352311e-02,5.495550e-02,9.970595e-02,2.383935e-02,3.621911e-03,1.755039e-01,1.562735e-01,3.675404e-03,3.404993e-02,2.171763e-02,3.648893e-02,3.325650e-02,5.236875e-02
2.843074e-01,4.375265e-02,2.918191e-02,4.297598e-02,1.482910e-01,3.238009e-02,3.841869e-03,1.339376e-01,1.289214e-01,2.808828e-03,2.729836e-02,1.806759e-02,3.500386e-02,2.456767e-02,4.466378e-02
3.415667e-01,3.934071e-02,2.227275e-02,3.664834e-02,1.551720e-01,4.026949e-02,3.783245e-03,1.036545e-01,1.171419e-01,2.318060e-03,2.287987e-02,1.589279e-02,3.566829e-02,1.875808e-02,4.463322e-02
4.311019e-01,3.356732e-02,1.698599e-02,2.797182e-02,1.207127e-01,4.031190e-02,3.596468e-03,7.807878e-02,1.143786e-01,2.992979e-03,1.941121e-02,1.393629e-02,4.357089e-02,1.466487e-02,3.871826e-02
4.162419e-01,3.329724e-02,5.265570e-02,6.672648e-02,8.913557e-02,3.219481e-02,4.653363e-03,6.696180e-02,1.025344e-01,6.332756e-03,1.845454e-02,1.488317e-02,3.527452e-02,1.124933e-02,4.940438e-02
1.000000e+00,0.000000e+00,0.000000e+00,0.000000e+00,0.000000e+00,0.000000e+00,0.000000e+00,0.000000e+00,0.000000e+00,0.000000e+00,0.000000e+00,0.000000e+00,0.000000e+00,0.000000e+00,0.000000e+00
1.000000e+00,0.000000e+00,0.000000e+00,0.000000e+00,0.000000e+00,0.000000e+00,0.000000e+00,0.000000e+00,0.000000e+00,0.000000e+00,0.000000e+00,0.000000e+00,0.000000e+00,0.000000e+00,0.000000e+00
1.000000e+00,0.000000e+00,0.000000e+00,0.000000e+00,0.000000e+00,0.000000e+00,0.000000e+00,0.000000e+00,0.000000e+00,0.000000e+00,0.000000e+00,0.000000e+00,0.000000e+00,0.000000e+00,0.000000e+00
4.618178e-01,2.474893e-02,3.816277e-02,4.150336e-02,3.024073e-02,2.393296e-02,4.171122e-03,3.774111e-02,1.935969e-01,6.077511e-03,2.161147e-02,1.206696e-02,3.609690e-02,1.153411e-02,5.669729e-02
3.385283e-01,1.991945e-02,3.947493e-02,6.423122e-02,2.173069e-02,1.795055e-02,2.997550e-03,2.708666e-02,3.581415e-01,4.553157e-03,1.621863e-02,1.078045e-02,2.690158e-02,8.536971e-03,4.294828e-02
3.207745e-01,1.829924e-02,6.124654e-02,6.164756e-02,1.714080e-02,1.602455e-02,2.463682e-03,2.275696e-02,3.505747e-01,6.534303e-03,1.677546e-02,9.722043e-03,2.305516e-02,9.290311e-03,6.369415e-02
2.854735e-01,1.792229e-02,5.013429e-02,4.973026e-02,1.666771e-02,1.433377e-02,2.367192e-03,1.896330e-02,3.312750e-01,6.863354e-03,2.643700e-02,8.637160e-03,4.375603e-02,1.007334e-02,1.173657e-01
2.164558e-01,2.160537e-02,3.775896e-02,3.703409e-02,1.358392e-02,1.301809e-02,2.071144e-03,1.491995e-02,3.329720e-01,6.308647e-03,2.655378e-02,7.247719e-03,1.060954e-01,8.565929e-03,1.558091e-01
1.548489e-01,3.156918e-02,2.823604e-02,2.669280e-02,1.031249e-02,1.006531e-02,1.610458e-03,1.085344e-02,3.803345e-01,5.295243e-03,1.916115e-02,5.805337e-03,1.559563e-01,7.460934e-03,1.517979e-01
1.295711e-01,1.071294e-01,3.189380e-02,1.990944e-02,7.677617e-03,8.215320e-03,1.253172e-03,8.012372e-03,3.339236e-01,6.831388e-03,1.433289e-02,5.016790e-03,1.509306e-01,7.803571e-03,1.674989e-01
1.422930e-01,1.854277e-01,2.520899e-02,1.584735e-02,9.038385e-03,8.219833e-03,1.255052e-03,7.038722e-03,2.582422e-01,8.865979e-03,1.260151e-02,4.654380e-03,1.300242e-01,1.005738e-02,1.812253e-01
1.354624e-01,2.060583e-01,2.553965e-02,1.704210e-02,9.805809e-03,1.123056e-02,1.397194e-03,5.873219e-03,2.047854e-01,1.221850e-02,1.090753e-02,4.255550e-03,1.006660e-01,1.124057e-02,2.435172e-01
1.273104e-01,2.422010e-01,2.290162e-02,1.724005e-02,7.767170e-03,9.847113e-03,1.177899e-03,4.419330e-03,1.596545e-01,2.048412e-02,8.795450e-03,3.676501e-03,7.415157e-02,8.878532e-03,2.914949e-01
1.907568e-01,2.101622e-01,2.557775e-02,1.818830e-02,1.583531e-02,1.264631e-02,1.676639e-03,4.000413e-03,1.556154e-01,1.919219e-02,1.188687e-02,5.739718e-03,6.571109e-02,1.029677e-02,2.527142e-01
2.549811e-01,1.780532e-01,2.611402e-02,2.000581e-02,3.888150e-02,3.376043e-02,2.742385e-03,4.821109e-03,1.403047e-01,1.469897e-02,1.070122e-02,5.710457e-03,6.726245e-02,8.856317e-03,1.931064e-01
2.855438e-01,1.599789e-01,2.400545e-02,1.938101e-02,6.347755e-02,4.566453e-02,3.782553e-03,6.053232e-03,1.313910e-01,1.212307e-02,9.152539e-03,5.331732e-03,6.935303e-02,8.056119e-03,1.567055e-01
2.724334e-01,1.589183e-01,2.911842e-02,2.292769e-02,7.142443e-02,5.152088e-02,8.906833e-03,8.081223e-03,1.197628e-01,1.180834e-02,8.288930e-03,4.894258e-03,6.651445e-02,7.163920e-03,1.582361e-01
2.569415e-01,1.536362e-01,3.119695e-02,2.085361e-02,9.184606e-02,7.594407e-02,1.362961e-02,8.378329e-03,1.153577e-01,1.085149e-02,7.214402e-03,3.830330e-03,5.705908e-02,6.156654e-03,1.471041e-01
2.872373e-01,1.578755e-01,2.537838e-02,2.565776e-02,8.760951e-02,1.012001e-01,1.281236e-02,6.438319e-03,9.403939e-02,9.565490e-03,7.319419e-03,3.584236e-03,4.750651e-02,4.785246e-03,1.289905e-01
2.889178e-01,1.859545e-01,2.540037e-02,5.154807e-02,6.952454e-02,8.277202e-02,1.082357e-02,5.195302e-03,7.094622e-02,1.222828e-02,6.420147e-03,3.623563e-03,3.546306e-02,3.744838e-03,1.474377e-01
3.532481e-01,1.650658e-01,2.029309e-02,5.490272e-02,5.731243e-02,6.891762e-02,9.274976e-03,5.457091e-03,6.187016e-02,1.155914e-02,5.694867e-03,3.698610e-03,2.787158e-02,3.211131e-03,1.516228e-01
4.112227e-01,1.548146e-01,1.806658e-02,4.798897e-02,5.399769e-02,6.237688e-02,8.463456e-03,5.755813e-03,5.476917e-02,9.293176e-03,6.853072e-03,4.746757e-03,2.694362e-02,4.698614e-03,1.300090e-01
4.277654e-01,1.429775e-01,1.689929e-02,4.220209e-02,5.341110e-02,6.139439e-02,9.750751e-03,6.140321e-03,6.356999e-02,7.690934e-03,7.633920e-03,5.440998e-03,2.591753e-02,6.617003e-03,1.225888e-01
4.378024e-01,1.454373e-01,1.581303e-02,5.140458e-02,4.230739e-02,4.750456e-02,7.324687e-03,5.341654e-03,5.044630e-02,7.595437e-03,7.127381e-03,5.578505e-03,2.035189e-02,6.261121e-03,1.497038e-01
4.767947e-01,1.242595e-01,5.176753e-02,6.572761e-02,3.246871e-02,3.551628e-02,6.358053e-03,5.978275e-03,3.810390e-02,7.494435e-03,6.337854e-03,7.511601e-03,1.674968e-02,5.074189e-03,1.198577e-01
1.000000e+00,0.000000e+00,0.000000e+00,0.000000e+00,0.000000e+00,0.000000e+00,0.000000e+00,0.000000e+00,0.000000e+00,0.000000e+00,0.000000e+00,0.000000e+00,0.000000e+00,0.000000e+00,0.000000e+00
1.000000e+00,0.000000e+00,0.000000e+00,0.000000e+00,0.000000e+00,0.000000e+00,0.000000e+00,0.000000e+00,0.000000e+00,0.000000e+00,0.000000e+00,0.000000e+00,0.000000e+00,0.000000e+00,0.000000e+00
4.897460e-01,6.143703e-02,4.797009e-02,1.015750e-01,1.700348e-02,2.747397e-02,3.931483e-03,4.847607e-03,2.221669e-02,8.643910e-03,9.521799e-03,6.949409e-02,1.130095e-02,1.332172e-02,1.115162e-01
3.928273e-01,4.364107e-02,3.491143e-02,9.765247e-02,1.264263e-02,2.622550e-02,2.963957e-03,4.968862e-03,1.843090e-02,6.446632e-03,2.354454e-02,2.371222e-01,9.321829e-03,9.824323e-03,7.947638e-02
3.002726e-01,3.080735e-02,2.466669e-02,7.174926e-02,1.001139e-02,1.978441e-02,2.160734e-03,3.700672e-03,1.431678e-02,5.075015e-03,2.653012e-02,4.210317e-01,6.791019e-03,6.992472e-03,5.610984e-02
2.216281e-01,2.169068e-02,1.744875e-02,5.100492e-02,7.872143e-03,1.481315e-02,1.549245e-03,2.710210e-03,1.169279e-02,4.274282e-03,4.007098e-02,5.556644e-01,4.951655e-03,5.050232e-03,3.957859e-02
1.577724e-01,1.522600e-02,1.224860e-02,3.594140e-02,7.502775e-03,1.080652e-02,1.100734e-03,1.969217e-03,9.803452e-03,3.528857e-03,3.829274e-02,6.706833e-01,3.619488e-03,3.689567e-03,2.781502e-02
1.140820e-01,1.079036e-02,8.608408e-03,2.524953e-02,1.057644e-02,8.330220e-03,8.175960e-04,1.428881e-03,8.869246e-03,2.978528e-03,8.341683e-02,6.999609e-01,2.633419e-03,2.723813e-03,1.953385e-02
8.161540e-02,7.698247e-03,6.073744e-03,1.779537e-02,1.400626e-02,6.351066e-03,6.239002e-04,1.166787e-03,6.565108e-03,2.172565e-03,1.291464e-01,7.092347e-01,1.871017e-03,1.979370e-03,1.370011e-02
5.782650e-02,5.419967e-03,4.260044e-03,1.259311e-02,1.466050e-02,4.655504e-03,4.830269e-04,8.679027e-04,4.729278e-03,1.556473e-03,9.541199e-02,7.851708e-01,1.329483e-03,1.425214e-03,9.610210e-03
4.091305e-02,3.827780e-03,2.986914e-03,8.967108e-03,1.410633e-02,3.516404e-03,3.742478e-04,6.265353e-04,3.371257e-03,1.126298e-03,7.071961e-02,8.407344e-01,9.467641e-04,1.025427e-03,6.757830e-03
2.883811e-02,2.780905e-03,2.103439e-03,6.378815e-03,1.342570e-02,3.344084e-03,3.096965e-04,4.779608e-04,2.385177e-03,8.276085e-04,5.260516e-02,8.803179e-01,6.767701e-04,7.445049e-04,4.784095e-03
2.029789e-02,1.997410e-03,1.481333e-03,4.495341e-03,1.255491e-02,4.535242e-03,2.632051e-04,4.103205e-04,1.690071e-03,6.036651e-04,3.808562e-02,9.091853e-01,4.984855e-04,5.414601e-04,3.359696e-03
1.429327e-02,1.406236e-03,1.041507e-03,3.154460e-03,9.559359e-03,3.900675e-03,2.494938e-04,3.897744e-04,1.195244e-03,4.322138e-04,3.843162e-02,9.227188e-01,4.497596e-04,4.232659e-04,2.354269e-03
1.011191e-02,1.047596e-03,7.443407e-04,2.223520e-03,1.057809e-02,3.711287e-03,5.872289e-04,4.814189e-04,9.675851e-04,3.229459e-04,5.269022e-02,9.139938e-01,4.434283e-04,4.378851e-04,1.658687e-03
7.143104e-03,7.626190e-04,5.304014e-04,1.565426e-03,1.169815e-02,3.715736e-03,7.091779e-04,4.919863e-04,7.405830e-04,2.412755e-04,5.187552e-02,9.184936e-01,4.147553e-04,4.497159e-04,1.167923e-03
5.105564e-03,9.169678e-04,6.259625e-04,1.142940e-03,1.954604e-02,6.369124e-03,1.113064e-03,7.653272e-04,2.337573e-03,2.477229e-04,4.581524e-02,9.140246e-01,4.028973e-04,7.007615e-04,8.862088e-04
3.663087e-03,7.289895e-04,5.777428e-04,8.399098e-04,2.117756e-02,5.779791e-03,1.309985e-03,1.134258e-03,2.754484e-03,2.216170e-04,4.164900e-02,9.182511e-01,4.130955e-04,8.665438e-04,6.328016e-04
2.759056e-03,6.613265e-04,1.014853e-03,6.388359e-04,2.070688e-02,6.661357e-03,2.001460e-03,1.406361e-03,2.557548e-03,2.772532e-04,4.994082e-02,9.089881e-01,5.714452e-04,1.309790e-03,5.049264e-04
2.757154e-03,1.466814e-03,3.259668e-03,7.696783e-04,8.156592e-02,8.954667e-03,2.375927e-03,3.518183e-03,6.762377e-03,6.392243e-04,6.120565e-02,8.228159e-01,1.760773e-03,1.614769e-03,5.332637e-04
3.049365e-03,4.045152e-03,1.575030e-02,9.258525e-04,9.001653e-02,7.568115e-03,1.925219e-03,5.161523e-03,9.543005e-03,1.218991e-03,6.727962e-02,7.875487e-01,3.216167e-03,1.870582e-03,8.808316e-04
3.671444e-03,3.046812e-03,1.609462e-02,1.134731e-03,1.064596e-01,6.431415e-03,1.774836e-03,3.319867e-02,2.857183e-02,1.909642e-03,8.131330e-02,7.055480e-01,7.926085e-03,2.208085e-03,7.108594e-04
3.469929e-03,3.011007e-03,1.925114e-02,1.634660e-03,8.321874e-02,6.201325e-03,1.299775e-03,2.972575e-02,4.066893e-02,2.882876e-03,7.910039e-02,7.165242e-01,9.731624e-03,2.555679e-03,7.239673e-04
3.461279e-03,4.310752e-03,1.528226e-02,1.682199e-03,6.924387e-02,5.867067e-03,9.282061e-04,2.451715e-02,1.119603e-01,2.711952e-03,7.195531e-02,6.726896e-01,1.260530e-02,2.166028e-03,6.187517e-04
2.601928e-03,3.301942e-03,1.077109e-02,1.344001e-03,5.011425e-02,4.578251e-03,6.613986e-04,1.796574e-02,1.113754e-01,2.130827e-03,5.570980e-02,7.229018e-01,1.447334e-02,1.613470e-03,4.567892e-04
2.056777e-03,2.987704e-03,7.810129e-03,1.160518e-03,3.709063e-02,3.655018e-03,4.728464e-04,1.441744e-02,1.167986e-01,1.830158e-03,4.592884e-02,7.469069e-01,1.729333e-02,1.242060e-03,3.490800e-04
1.575925e-03,3.203996e-03,5.706984e-03,9.344971e-04,2.796563e-02,3.237768e-03,3.484881e-04,1.076749e-02,1.239814e-01,1.586091e-03,3.826059e-02,7.638553e-01,1.726590e-02,1.027814e-03,2.821421e-04
1.317500e-03,3.882494e-03,4.174572e-03,8.397976e-04,2.154456e-02,2.626075e-03,2.547227e-04,8.096481e-03,1.260313e-01,1.569459e-03,3.356358e-02,7.782326e-01,1.675423e-02,8.599074e-04,2.527336e-04
