1.000000e+00,0.000000e+00,0.000000e+00,0.000000e+00,0.000000e+00,0.000000e+00,0.000000e+00,0.000000e+00,0.000000e+00,0.000000e+00,0.000000e+00,0.000000e+00,0.000000e+00,0.000000e+00,0.000000e+00
1.000000e+00,0.000000e+00,0.000000e+00,0.000000e+00,0.000000e+00,0.000000e+00,0.000000e+00,0.000000e+00,0.000000e+00,0.000000e+00,0.000000e+00,0.000000e+00,0.000000e+00,0.000000e+00,0.000000e+00
1.000000e+00,0.000000e+00,0.000000e+00,0.000000e+00,0.000000e+00,0.000000e+00,0.000000e+00,0.000000e+00,0.000000e+00,0.000000e+00,0.000000e+00,0.000000e+00,0.000000e+00,0.000000e+00,0.000000e+00
1.000000e+00,0.000000e+00,0.000000e+00,0.000000e+00,0.000000e+00,0.000000e+00,0.000000e+00,0.000000e+00,0.000000e+00,0.000000e+00,0.000000e+00,0.000000e+00,0.000000e+00,0.000000e+00,0.000000e+00
1.000000e+00,0.000000e+00,0.000000e+00,0.000000e+00,0.000000e+00,0.000000e+00,0.000000e+00,0.000000e+00,0.000000e+00,0.000000e+00,0.000000e+00,0.000000e+00,0.000000e+00,0.000000e+00,0.000000e+00
1.000000e+00,0.000000e+00,0.000000e+00,0.000000e+00,0.000000e+00,0.000000e+00,0.000000e+00,0.000000e+00,0.000000e+00,0.000000e+00,0.000000e+00,0.000000e+00,0.000000e+00,0.000000e+00,0.000000e+00
1.000000e+00,0.000000e+00,0.000000e+00,0.000000e+00,0.000000e+00,0.000000e+00,0.000000e+00,0.000000e+00,0.000000e+00,0.000000e+00,0.000000e+00,0.000000e+00,0.000000e+00,0.000000e+00,0.000000e+00
1.000000e+00,0.000000e+00,0.000000e+00,0.000000e+00,0.000000e+00,0.000000e+00,0.000000e+00,0.000000e+00,0.000000e+00,0.000000e+00,0.000000e+00,0.000000e+00,0.000000e+00,0.000000e+00,0.000000e+00
1.000000e+00,0.000000e+00,0.000000e+00,0.000000e+00,0.000000e+00,0.000000e+00,0.000000e+00,0.000000e+00,0.000000e+00,0.000000e+00,0.000000e+00,0.000000e+00,0.000000e+00,0.000000e+00,0.000000e+00
1.000000e+00,0.000000e+00,0.000000e+00,0.000000e+00,0.000000e+00,0.000000e+00,0.000000e+00,0.000000e+00,0.000000e+00,0.000000e+00,0.000000e+00,0.000000e+00,0.000000e+00,0.000000e+00,0.000000e+00
1.000000e+00,0.000000e+00,0.000000e+00,0.000000e+00,0.000000e+00,0.000000e+00,0.000000e+00,0.000000e+00,0.000000e+00,0.000000e+00,0.000000e+00,0.000000e+00,0.000000e+00,0.000000e+00,0.000000e+00
1.000000e+00,0.000000e+00,0.000000e+00,0.000000e+00,0.000000e+00,0.000000e+00,0.000000e+00,0.000000e+00,0.000000e+00,0.000000e+00,0.000000e+00,0.000000e+00,0.000000e+00,0.000000e+00,0.000000e+00
1.000000e+00,0.000000e+00,0.000000e+00,0.000000e+00,0.000000e+00,0.000000e+00,0.000000e+00,0.000000e+00,0.000000e+00,0.000000e+00,0.000000e+00,0.000000e+00,0.000000e+00,0.000000e+00,0.000000e+00
1.000000e+00,0.000000e+00,0.000000e+00,0.000000e+00,0.000000e+00,0.000000e+00,0.000000e+00,0.000000e+00,0.000000e+00,0.000000e+00,0.000000e+00,0.000000e+00,0.000000e+00,0.000000e+00,0.000000e+00
1.000000e+00,0.000000e+00,0.000000e+00,0.000000e+00,0.000000e+00,0.000000e+00,0.000000e+00,0.000000e+00,0.000000e+00,0.000000e+00,0.000000e+00,0.000000e+00,0.000000e+00,0.000000e+00,0.000000e+00
1.000000e+00,0.000000e+00,0.000000e+00,0.000000e+00,0.000000e+00,0.000000e+00,0.000000e+00,0.000000e+00,0.000000e+00,0.000000e+00,0.000000e+00,0.000000e+00,0.000000e+00,0.000000e+00,0.000000e+00
1.000000e+00,0.000000e+00,0.000000e+00,0.000000e+00,0.000000e+00,0.000000e+00,0.000000e+00,0.000000e+00,0.000000e+00,0.000000e+00,0.000000e+00,0.000000e+00,0.000000e+00,0.000000e+00,0.000000e+00
1.000000e+00,0.000000e+00,0.000000e+00,0.000000e+00,0.000000e+00,0.000000e+00,0.000000e+00,0.000000e+00,0.000000e+00,0.000000e+00,0.000000e+00,0.000000e+00,0.000000e+00,0.000000e+00,0.000000e+00
1.000000e+00,0.000000e+00,0.000000e+00,0.000000e+00,0.000000e+00,0.000000e+00,0.000000e+00,0.000000e+00,0.000000e+00,0.000000e+00,0.000000e+00,0.000000e+00,0.000000e+00,0.000000e+00,0.000000e+00
1.000000e+00,0.000000e+00,0.000000e+00,0.000000e+00,0.000000e+00,0.000000e+00,0.000000e+00,0.000000e+00,0.000000e+00,0.000000e+00,0.000000e+00,0.000000e+00,0.000000e+00,0.000000e+00,0.000000e+00
1.000000e+00,0.000000e+00,0.000000e+00,0.000000e+00,0.000000e+00,0.000000e+00,0.000000e+00,0.000000e+00,0.000000e+00,0.000000e+00,0.000000e+00,0.000000e+00,0.000000e+00,0.000000e+00,0.000000e+00
1.000000e+00,0.000000e+00,0.000000e+00,0.000000e+00,0.000000e+00,0.000000e+00,0.000000e+00,0.000000e+00,0.000000e+00,0.000000e+00,0.000000e+00,0.000000e+00,0.000000e+00,0.000000e+00,0.000000e+00
1.000000e+00,0.000000e+00,0.000000e+00,0.000000e+00,0.000000e+00,0.000000e+00,0.000000e+00,0.000000e+00,0.000000e+00,0.000000e+00,0.000000e+00,0.000000e+00,0.000000e+00,0.000000e+00,0.000000e+00
1.000000e+00,0.000000e+00,0.000000e+00,0.000000e+00,0.000000e+00,0.000000e+00,0.000000e+00,0.000000e+00,0.000000e+00,0.000000e+00,0.000000e+00,0.000000e+00,0.000000e+00,0.000000e+00,0.000000e+00
1.000000e+00,0.000000e+00,0.000000e+00,0.000000e+00,0.000000e+00,0.000000e+00,0.000000e+00,0.000000e+00,0.000000e+00,0.000000e+00,0.000000e+00,0.000000e+00,0.000000e+00,0.000000e+00,0.000000e+00
1.000000e+00,0.000000e+00,0.000000e+00,0.000000e+00,0.000000e+00,0.000000e+00,0.000000e+00,0.000000e+00,0.000000e+00,0.000000e+00,0.000000e+00,0.000000e+00,0.000000e+00,0.000000e+00,0.000000e+00
1.000000e+00,0.000000e+00,0.000000e+00,0.000000e+00,0.000000e+00,0.000000e+00,0.000000e+00,0.000000e+00,0.000000e+00,0.000000e+00,0.000000e+00,0.000000e+00,0.000000e+00,0.000000e+00,0.000000e+00
1.000000e+00,0.000000e+00,0.000000e+00,0.000000e+00,0.000000e+00,0.000000e+00,0.000000e+00,0.000000e+00,0.000000e+00,0.000000e+00,0.000000e+00,0.000000e+00,0.000000e+00,0.000000e+00,0.000000e+00
1.000000e+00,0.000000e+00,0.000000e+00,0.000000e+00,0.000000e+00,0.000000e+00,0.000000e+00,0.000000e+00,0.000000e+00,0.000000e+00,0.000000e+00,0.000000e+00,0.000000e+00,0.000000e+00,0.000000e+00
1.000000e+00,0.000000e+00,0.000000e+00,0.000000e+00,0.000000e+00,0.000000e+00,0.000000e+00,0.000000e+00,0.000000e+00,0.000000e+00,0.000000e+00,0.000000e+00,0.000000e+00,0.000000e+00,0.000000e+00
1.000000e+00,0.000000e+00,0.000000e+00,0.000000e+00,0.000000e+00,0.000000e+00,0.000000e+00,0.000000e+00,0.000000e+00,0.000000e+00,0.000000e+00,0.000000e+00,0.000000e+00,0.000000e+00,0.000000e+00
1.000000e+00,0.000000e+00,0.000000e+00,0.000000e+00,0.000000e+00,0.000000e+00,0.000000e+00,0.000000e+00,0.000000e+00,0.000000e+00,0.000000e+00,0.000000e+00,0.000000e+00,0.000000e+00,0.000000e+00
1.000000e+00,0.000000e+00,0.000000e+00,0.000000e+00,0.000000e+00,0.000000e+00,0.000000e+00,0.000000e+00,0.000000e+00,0.000000e+00,0.000000e+00,0.000000e+00,0.000000e+00,0.000000e+00,0.000000e+00
1.000000e+00,0.000000e+00,0.000000e+00,0.000000e+00,0.000000e+00,0.000000e+00,0.000000e+00,0.000000e+00,0.000000e+00,0.000000e+00,0.000000e+00,0.000000e+00,0.000000e+00,0.000000e+00,0.000000e+00
1.000000e+00,0.000000e+00,0.000000e+00,0.000000e+00,0.000000e+00,0.000000e+00,0.000000e+00,0.000000e+00,0.000000e+00,0.000000e+00,0.000000e+00,0.000000e+00,0.000000e+00,0.000000e+00,0.000000e+00
1.000000e+00,0.000000e+00,0.000000e+00,0.000000e+00,0.000000e+00,0.000000e+00,0.000000e+00,0.000000e+00,0.000000e+00,0.000000e+00,0.000000e+00,0.000000e+00,0.000000e+00,0.000000e+00,0.000000e+00
1.000000e+00,0.000000e+00,0.000000e+00,0.000000e+00,0.000000e+00,0.000000e+00,0.000000e+00,0.000000e+00,0.000000e+00,0.000000e+00,0.000000e+00,0.000000e+00,0.000000e+00,0.000000e+00,0.000000e+00
1.000000e+00,0.000000e+00,0.000000e+00,0.000000e+00,0.000000e+00,0.000000e+00,0.000000e+00,0.000000e+00,0.000000e+00,0.000000e+00,0.000000e+00,0.000000e+00,0.000000e+00,0.000000e+00,0.000000e+00
1.000000e+00,0.000000e+00,0.000000e+00,0.000000e+00,0.000000e+00,0.000000e+00,0.000000e+00,0.000000e+00,0.000000e+00,0.000000e+00,0.000000e+00,0.000000e+00,0.000000e+00,0.000000e+00,0.000000e+00
1.000000e+00,0.000000e+00,0.000000e+00,0.000000e+00,0.000000e+00,0.000000e+00,0.000000e+00,0.000000e+00,0.000000e+00,0.000000e+00,0.000000e+00,0.000000e+00,0.000000e+00,0.000000e+00,0.000000e+00
1.000000e+00,0.000000e+00,0.000000e+00,0.000000e+00,0.000000e+00,0.000000e+00,0.000000e+00,0.000000e+00,0.000000e+00,0.000000e+00,0.000000e+00,0.000000e+00,0.000000e+00,0.000000e+00,0.000000e+00
1.000000e+00,0.000000e+00,0.000000e+00,0.000000e+00,0.000000e+00,0.000000e+00,0.000000e+00,0.000000e+00,0.000000e+00,0.000000e+00,0.000000e+00,0.000000e+00,0.000000e+00,0.000000e+00,0.000000e+00
1.000000e+00,0.000000e+00,0.000000e+00,0.000000e+00,0.000000e+00,0.000000e+00,0.000000e+00,0.000000e+00,0.000000e+00,0.000000e+00,0.000000e+00,0.000000e+00,0.000000e+00,0.000000e+00,0.000000e+00
1.000000e+00,0.000000e+00,0.000000e+00,0.000000e+00,0.000000e+00,0.000000e+00,0.000000e+00,0.000000e+00,0.000000e+00,0.000000e+00,0.000000e+00,0.000000e+00,0.000000e+00,0.000000e+00,0.000000e+00
1.000000e+00,0.000000e+00,0.000000e+00,0.000000e+00,0.000000e+00,0.000000e+00,0.000000e+00,0.000000e+00,0.000000e+00,0.000000e+00,0.000000e+00,0.000000e+00,0.000000e+00,0.000000e+00,0.000000e+00
1.000000e+00,0.000000e+00,0.000000e+00,0.000000e+00,0.000000e+00,0.000000e+00,0.000000e+00,0.000000e+00,0.000000e+00,0.000000e+00,0.000000e+00,0.000000e+00,0.000000e+00,0.000000e+00,0.000000e+00
1.000000e+00,0.000000e+00,0.000000e+00,0.000000e+00,0.000000e+00,0.000000e+00,0.000000e+00,0.000000e+00,0.000000e+00,0.000000e+00,0.000000e+00,0.000000e+00,0.000000e+00,0.000000e+00,0.000000e+00
1.000000e+00,0.000000e+00,0.000000e+00,0.000000e+00,0.000000e+00,0.000000e+00,0.000000e+00,0.000000e+00,0.000000e+00,0.000000e+00,0.000000e+00,0.000000e+00,0.000000e+00,0.000000e+00,0.000000e+00
1.000000e+00,0.000000e+00,0.000000e+00,0.000000e+00,0.000000e+00,0.000000e+00,0.000000e+00,0.000000e+00,0.000000e+00,0.000000e+00,0.000000e+00,0.000000e+00,0.000000e+00,0.000000e+00,0.000000e+00
1.000000e+00,0.000000e+00,0.000000e+00,0.000000e+00,0.000000e+00,0.000000e+00,0.000000e+00,0.000000e+00,0.000000e+00,0.000000e+00,0.000000e+00,0.000000e+00,0.000000e+00,0.000000e+00,0.000000e+00
1.000000e+00,0.000000e+00,0.000000e+00,0.000000e+00,0.000000e+00,0.000000e+00,0.000000e+00,0.000000e+00,0.000000e+00,0.000000e+00,0.000000e+00,0.000000e+00,0.000000e+00,0.000000e+00,0.000000e+00
1.000000e+00,0.000000e+00,0.000000e+00,0.000000e+00,0.000000e+00,0.000000e+00,0.000000e+00,0.000000e+00,0.000000e+00,0.000000e+00,0.000000e+00,0.000000e+00,0.000000e+00,0.000000e+00,0.000000e+00
1.000000e+00,0.000000e+00,0.000000e+00,0.000000e+00,0.000000e+00,0.000000e+00,0.000000e+00,0.000000e+00,0.000000e+00,0.000000e+00,0.000000e+00,0.000000e+00,0.000000e+00,0.000000e+00,0.000000e+00
1.000000e+00,0.000000e+00,0.000000e+00,0.000000e+00,0.000000e+00,0.000000e+00,0.000000e+00,0.000000e+00,0.000000e+00,0.000000e+00,0.000000e+00,0.000000e+00,0.000000e+00,0.000000e+00,0.000000e+00
1.000000e+00,0.000000e+00,0.000000e+00,0.000000e+00,0.000000e+00,0.000000e+00,0.000000e+00,0.000000e+00,0.000000e+00,0.000000e+00,0.000000e+00,0.000000e+00,0.000000e+00,0.000000e+00,0.000000e+00
1.000000e+00,0.000000e+00,0.000000e+00,0.000000e+00,0.000000e+00,0.000000e+00,0.000000e+00,0.000000e+00,0.000000e+00,0.000000e+00,0.000000e+00,0.000000e+00,0.000000e+00,0.000000e+00,0.000000e+00
1.000000e+00,0.000000e+00,0.000000e+00,0.000000e+00,0.000000e+00,0.000000e+00,0.000000e+00,0.000000e+00,0.000000e+00,0.000000e+00,0.000000e+00,0.000000e+00,0.000000e+00,0.000000e+00,0.000000e+00
1.000000e+00,0.000000e+00,0.000000e+00,0.000000e+00,0.000000e+00,0.000000e+00,0.000000e+00,0.000000e+00,0.000000e+00,0.000000e+00,0.000000e+00,0.000000e+00,0.000000e+00,0.000000e+00,0.000000e+00
1.000000e+00,0.000000e+00,0.000000e+00,0.000000e+00,0.000000e+00,0.000000e+00,0.000000e+00,0.000000e+00,0.000000e+00,0.000000e+00,0.000000e+00,0.000000e+00,0.000000e+00,0.000000e+00,0.000000e+00
1.000000e+00,0.000000e+00,0.000000e+00,0.000000e+00,0.000000e+00,0.000000e+00,0.000000e+00,0.000000e+00,0.000000e+00,0.000000e+00,0.000000e+00,0.000000e+00,0.000000e+00,0.000000e+00,0.000000e+00
1.000000e+00,0.000000e+00,0.000000e+00,0.000000e+00,0.000000e+00,0.000000e+00,0.000000e+00,0.000000e+00,0.000000e+00,0.000000e+00,0.000000e+00,0.000000e+00,0.000000e+00,0.000000e+00,0.000000e+00
4.467032e-01,1.456069e-02,4.913792e-02,2.647714e-02,6.918453e-03,2.771986e-01,2.129840e-02,3.279856e-02,6.353556e-03,4.451466e-03,1.235418e-02,5.582466e-02,2.592520e-02,2.262374e-03,1.773557e-02
4.145731e-01,1.166137e-02,4.529960e-02,1.991408e-02,7.072233e-03,2.142768e-01,1.556989e-01,2.946812e-02,5.294859e-03,4.381774e-03,1.037407e-02,4.269735e-02,2.261073e-02,2.011344e-03,1.466559e-02
3.960233e-01,9.122957e-03,3.845440e-02,1.482901e-02,7.667091e-03,1.691720e-01,2.557285e-01,2.579545e-02,4.472947e-03,4.292436e-03,8.258679e-03,3.229876e-02,1.969345e-02,1.807620e-03,1.238337e-02
4.340639e-01,7.311826e-03,3.223188e-02,1.111005e-02,7.246606e-03,1.316858e-01,2.888353e-01,2.187064e-02,3.744336e-03,3.284667e-03,6.052577e-03,2.389612e-02,1.666436e-02,1.455213e-03,1.054662e-02
4.383091e-01,7.418690e-03,2.748410e-02,1.017327e-02,5.924628e-03,1.173360e-01,3.079774e-01,1.947450e-02,4.264906e-03,2.592650e-03,4.652917e-03,2.269805e-02,1.835526e-02,1.166450e-03,1.217198e-02
3.806609e-01,5.906288e-03,2.398934e-02,7.907905e-03,4.832356e-03,8.854716e-02,4.171491e-01,1.701252e-02,3.480337e-03,1.941215e-03,3.463082e-03,1.861314e-02,1.531651e-02,9.288811e-04,1.025133e-02
3.543168e-01,4.678291e-03,1.916335e-02,6.647065e-03,3.837651e-03,6.962303e-02,4.734457e-01,1.641637e-02,3.057808e-03,1.424141e-03,2.768632e-03,1.858333e-02,1.659435e-02,7.565488e-04,8.687012e-03
3.490859e-01,4.402747e-03,1.571131e-02,7.277782e-03,3.502248e-03,6.040554e-02,4.841788e-01,1.758559e-02,3.263462e-03,1.082328e-03,2.522931e-03,2.273871e-02,1.934931e-02,6.850841e-04,8.208288e-03
3.979397e-01,1.003690e-02,1.377290e-02,2.101345e-02,4.223138e-03,6.566112e-02,3.794935e-01,1.959939e-02,5.414980e-03,1.191830e-03,4.693620e-03,3.978861e-02,2.296633e-02,1.015236e-03,1.318932e-02
2.798467e-01,8.212549e-03,9.692642e-03,1.715382e-02,3.202394e-03,5.086081e-02,2.710705e-01,1.398161e-02,8.858216e-03,1.558149e-03,3.785050e-02,2.655765e-01,2.057866e-02,8.472077e-04,1.070975e-02
1.962746e-01,6.599855e-03,6.842275e-03,1.498188e-02,2.409781e-03,3.704305e-02,1.925644e-01,1.002102e-02,1.488534e-02,1.424777e-03,7.085280e-02,4.122936e-01,2.513814e-02,7.423525e-04,7.926119e-03
1.374355e-01,4.837016e-03,4.812789e-03,1.152606e-02,1.748713e-03,2.644501e-02,1.348370e-01,7.026473e-03,4.336689e-02,1.182223e-03,7.448549e-02,5.204730e-01,2.515197e-02,8.202414e-04,5.851605e-03
9.623527e-02,3.589603e-03,3.419122e-03,8.310269e-03,1.323878e-03,1.940361e-02,9.443592e-02,4.925807e-03,1.344192e-01,1.435867e-03,6.970886e-02,5.314822e-01,2.619154e-02,7.309522e-04,4.387928e-03
6.738841e-02,2.666768e-03,2.403478e-03,5.874858e-03,9.532638e-04,1.443070e-02,6.617211e-02,3.455912e-03,1.388910e-01,1.356607e-03,5.365973e-02,6.160063e-01,2.241370e-02,6.753022e-04,3.651927e-03
4.730424e-02,2.204335e-03,1.780094e-03,6.180803e-03,7.683942e-04,1.661186e-02,4.635484e-02,2.516679e-03,1.886339e-01,1.955268e-03,4.261886e-02,6.152602e-01,2.317221e-02,7.205283e-04,3.917820e-03
3.350228e-02,1.892386e-03,1.327451e-03,6.293052e-03,6.981324e-04,8.462638e-02,3.248224e-02,1.977845e-03,1.932687e-01,2.327164e-03,3.591026e-02,5.813767e-01,1.946223e-02,1.169543e-03,3.685639e-03
2.369754e-02,1.487382e-03,9.424104e-04,4.877992e-03,5.463103e-04,7.458258e-02,2.277103e-02,1.466744e-03,1.691653e-01,2.739101e-03,3.252137e-02,6.430861e-01,1.801930e-02,1.034627e-03,3.062137e-03
1.670840e-02,1.275758e-03,6.745649e-04,3.581376e-03,7.167766e-04,5.550976e-02,1.598160e-02,1.072968e-03,2.215139e-01,2.348923e-03,2.799623e-02,6.315866e-01,1.795240e-02,7.876463e-04,2.293150e-03
1.176045e-02,1.299399e-03,6.589000e-04,2.701513e-03,2.068308e-03,4.180119e-02,1.122929e-02,1.441038e-03,2.817056e-01,2.502620e-03,2.291687e-02,6.021880e-01,1.536502e-02,6.723158e-04,1.689475e-03
8.491563e-03,3.489619e-03,1.077388e-03,1.955638e-03,3.354049e-03,3.008114e-02,7.921205e-03,1.592559e-03,4.285313e-01,3.445559e-03,1.861315e-02,4.775086e-01,1.185523e-02,7.446121e-04,1.338391e-03
6.691725e-03,4.657992e-03,3.347422e-03,1.625662e-03,5.274198e-03,2.280364e-02,5.681147e-03,9.717031e-03,4.504578e-01,6.104783e-03,2.344591e-02,4.475666e-01,1.020337e-02,1.220666e-03,1.202024e-03
5.564805e-03,8.799997e-03,4.337182e-03,1.456197e-03,9.188488e-03,1.769737e-02,4.149631e-03,1.167170e-02,4.458237e-01,9.251732e-03,4.644232e-02,4.238367e-01,8.597533e-03,1.845017e-03,1.337615e-03
5.163413e-03,1.346259e-02,4.196883e-03,1.413982e-03,1.480075e-02,1.340328e-02,3.002483e-03,1.126170e-02,4.785801e-01,1.240346e-02,8.903556e-02,3.422123e-01,6.759432e-03,3.039446e-03,1.264562e-03
6.088766e-03,3.162079e-02,4.794495e-03,1.708924e-03,2.987653e-02,1.189381e-02,2.370659e-03,1.167552e-02,5.225924e-01,1.333256e-02,1.069132e-01,2.441213e-01,5.033326e-03,5.059028e-03,2.918745e-03
1.535942e-02,2.883859e-02,2.247972e-02,4.323072e-02,8.341643e-02,1.046910e-02,2.414517e-03,3.457114e-02,4.671653e-01,1.335813e-02,8.995676e-02,1.752917e-01,3.992110e-03,5.043170e-03,4.413120e-03
2.151280e-02,4.053418e-02,2.462142e-02,4.327599e-02,8.644615e-02,1.258115e-02,2.249450e-03,3.262201e-02,4.956458e-01,1.641771e-02,7.708637e-02,1.258929e-01,3.702840e-03,6.375650e-03,1.103562e-02
1.993445e-02,7.857805e-02,2.191212e-02,3.147289e-02,8.011141e-02,2.036560e-02,1.899742e-03,3.417213e-02,5.295938e-01,1.342691e-02,5.986315e-02,8.899996e-02,2.857691e-03,6.537272e-03,1.027483e-02
2.756215e-02,1.222812e-01,3.764668e-02,2.836920e-02,7.563461e-02,2.061194e-02,1.741386e-03,5.001374e-02,4.862579e-01,1.490793e-02,4.747778e-02,6.336068e-02,2.370438e-03,8.591873e-03,1.317258e-02
3.040863e-02,1.626386e-01,4.247677e-02,2.323095e-02,8.129068e-02,2.167107e-02,1.426720e-03,5.004319e-02,4.614567e-01,1.508538e-02,3.508370e-02,4.470388e-02,1.948924e-03,8.755460e-03,1.977933e-02
3.697561e-02,1.388646e-01,3.968309e-02,2.400008e-02,8.773315e-02,1.900922e-02,2.229593e-03,5.448157e-02,4.733324e-01,1.706140e-02,2.576755e-02,3.183952e-02,2.211570e-03,6.786260e-03,4.002444e-02
4.846384e-02,1.474674e-01,4.448599e-02,2.568250e-02,8.911704e-02,1.497484e-02,2.489240e-03,9.250189e-02,3.988165e-01,2.666553e-02,1.905421e-02,2.296740e-02,1.958603e-03,5.680606e-03,5.967445e-02
4.214098e-02,1.155801e-01,6.248717e-02,3.712313e-02,7.524611e-02,1.201041e-02,2.082489e-03,7.140228e-02,3.075167e-01,2.720820e-02,1.530971e-02,1.672982e-02,1.570758e-03,1.090680e-02,2.026853e-01
3.215870e-02,8.702318e-02,9.979153e-02,2.668072e-02,5.508544e-02,9.372944e-03,1.538876e-03,5.036694e-02,2.336218e-01,2.227455e-02,1.236347e-02,1.203253e-02,1.398667e-03,3.883069e-02,3.174599e-01
2.279856e-02,6.143851e-02,7.177807e-02,1.880721e-02,3.864134e-02,6.866698e-03,1.091757e-03,3.537853e-02,1.835191e-01,1.699028e-02,8.636275e-02,1.028280e-02,1.367831e-03,1.177400e-01,3.269366e-01
1.598731e-02,4.317487e-02,5.044221e-02,1.318965e-02,2.706407e-02,4.903829e-03,7.721314e-04,2.477214e-02,1.314372e-01,1.256235e-02,1.292152e-01,7.469507e-03,1.137239e-03,3.057381e-01,2.321342e-01
1.121039e-02,3.039401e-02,3.541175e-02,9.281107e-03,1.898051e-02,3.637248e-03,5.528973e-04,1.736681e-02,9.726550e-02,1.086093e-02,1.685575e-01,5.570259e-03,9.993738e-04,4.225157e-01,1.673960e-01
7.954691e-03,2.145134e-02,2.485346e-02,6.614768e-03,1.350064e-02,2.818066e-03,4.743524e-04,1.218793e-02,7.889824e-02,1.284373e-02,2.121926e-01,4.779516e-03,1.114853e-03,4.800650e-01,1.202508e-01
5.676180e-03,1.507541e-02,1.742586e-02,4.692786e-03,9.680335e-03,2.153915e-03,3.856537e-04,8.556817e-03,5.784248e-02,1.050697e-02,2.260461e-01,3.728796e-03,9.063599e-04,5.527146e-01,8.460767e-02
4.260477e-03,1.067088e-02,1.231825e-02,3.420218e-03,9.928185e-03,2.864417e-03,8.709395e-04,6.305944e-03,4.485869e-02,1.236052e-02,2.585392e-01,3.201003e-03,1.129227e-03,5.685304e-01,6.074156e-02
3.111556e-03,7.537725e-03,8.695330e-03,2.496766e-03,1.295960e-02,2.636250e-03,1.038250e-03,4.562468e-03,3.427672e-02,1.315460e-02,2.771699e-01,2.762208e-03,1.706974e-03,5.841151e-01,4.377658e-02
2.478898e-03,5.402462e-03,6.163725e-03,1.850841e-03,1.811952e-02,2.520086e-03,9.024460e-04,3.355074e-03,2.672229e-02,1.454634e-02,2.948252e-01,2.457765e-03,2.977415e-03,5.801979e-01,3.748006e-02
2.870099e-03,3.887143e-03,4.413167e-03,1.515698e-03,1.310577e-02,2.391183e-03,7.584685e-04,2.548511e-03,2.047898e-02,1.339041e-02,2.846600e-01,2.629240e-03,3.021451e-03,6.177715e-01,2.655838e-02
2.516448e-03,2.834840e-03,3.249640e-03,1.377519e-03,9.562952e-03,2.357278e-03,7.250048e-04,2.022181e-03,1.637158e-02,1.216149e-02,2.819952e-01,2.821315e-03,2.943342e-03,6.402856e-01,1.877558e-02
2.449358e-03,3.278098e-03,5.264738e-03,1.170518e-03,9.026114e-03,7.798354e-03,1.121521e-03,2.216944e-03,1.824771e-02,1.357414e-02,2.985641e-01,4.095888e-03,3.034033e-03,6.167545e-01,1.340400e-02
2.388598e-03,6.239190e-03,1.596793e-02,1.200026e-03,1.338570e-02,1.845994e-02,2.690449e-03,3.340476e-03,5.276939e-02,2.458041e-02,2.771180e-01,3.742470e-03,2.783273e-03,5.654450e-01,9.889107e-03
2.562745e-03,7.330713e-02,2.443832e-02,1.070777e-03,1.893420e-02,2.717490e-02,2.247855e-03,3.128218e-03,1.404246e-01,3.126216e-02,2.356753e-01,3.368591e-03,2.874806e-03,4.255738e-01,7.956629e-03
3.419675e-03,6.644201e-02,2.095580e-02,9.673247e-04,1.876964e-02,7.537574e-02,1.617561e-03,2.562605e-03,1.640066e-01,9.579139e-02,1.977449e-01,3.031865e-03,2.251568e-03,3.248810e-01,2.218227e-02
3.279519e-03,5.523690e-02,2.183230e-02,7.909142e-04,1.810314e-02,8.438872e-02,1.144854e-03,1.854895e-03,1.474006e-01,1.160134e-01,1.697332e-01,2.321436e-03,1.747248e-03,3.071394e-01,6.901351e-02
2.740955e-03,4.639145e-02,1.651425e-02,7.479935e-04,1.346336e-02,1.067317e-01,8.130401e-04,1.340099e-03,1.577614e-01,9.036528e-02,1.268934e-01,2.312324e-03,1.739766e-03,3.320904e-01,1.000946e-01
2.395259e-03,3.659597e-02,1.388544e-02,2.379826e-03,9.692318e-03,8.947667e-02,5.956774e-04,1.153805e-03,2.036246e-01,8.262247e-02,1.053443e-01,2.487461e-03,4.192358e-03,2.449459e-01,2.006080e-01
3.711232e-03,3.242325e-02,2.342317e-02,5.115838e-03,8.305809e-03,7.987341e-02,5.196200e-04,7.463996e-03,1.803041e-01,7.310493e-02,1.698276e-01,5.188882e-03,1.366422e-02,2.013631e-01,1.957107e-01
4.582508e-03,3.010702e-02,1.861077e-02,4.770867e-03,8.611239e-03,6.821989e-02,3.849132e-04,5.571406e-03,1.758588e-01,6.568955e-02,2.696225e-01,5.031797e-03,2.364267e-02,1.719437e-01,1.473524e-01
4.409869e-03,2.667067e-02,1.562133e-02,4.286384e-03,7.936573e-03,1.565497e-01,2.968681e-04,4.556814e-03,1.537580e-01,7.570213e-02,2.625600e-01,5.109044e-03,2.316892e-02,1.479491e-01,1.114246e-01
4.563461e-03,2.258810e-02,1.180972e-02,4.360674e-03,6.892861e-03,1.425066e-01,2.765113e-04,4.227915e-03,1.251677e-01,6.590088e-02,3.135598e-01,1.370623e-02,1.885212e-02,1.834055e-01,8.218190e-02
4.226324e-03,2.041956e-02,8.917507e-03,3.555514e-03,6.446641e-03,1.067954e-01,3.847980e-04,3.782282e-03,1.297100e-01,6.070241e-02,3.510426e-01,2.469859e-02,1.699039e-02,2.038513e-01,5.847676e-02
4.957419e-03,2.083294e-02,7.881204e-03,3.163570e-03,5.967220e-03,7.826637e-02,4.018450e-04,5.958761e-03,1.385424e-01,5.667177e-02,3.450129e-01,3.315917e-02,1.374540e-02,2.426565e-01,4.278237e-02
4.584598e-03,1.708647e-02,6.251370e-03,2.686484e-03,5.242799e-03,5.843897e-02,3.311160e-04,4.843747e-03,2.807093e-01,4.528336e-02,3.208138e-01,2.601858e-02,1.023351e-02,1.864748e-01,3.100114e-02
6.949811e-03,1.889537e-02,6.071869e-03,2.690444e-03,4.099113e-03,4.591781e-02,3.281308e-04,4.444711e-03,2.883049e-01,4.065866e-02,3.235774e-01,2.224088e-02,8.417882e-03,2.040523e-01,2.335070e-02
8.109739e-03,4.609938e-02,1.016993e-02,2.601934e-03,4.632725e-03,4.858163e-02,6.192795e-04,6.381860e-03,3.517000e-01,4.368138e-02,2.762791e-01,1.762129e-02,6.443269e-03,1.598732e-01,1.720530e-02
1.205159e-02,5.999268e-02,1.240843e-02,2.145851e-03,3.787367e-03,6.482061e-02,6.856919e-04,8.207050e-03,2.789702e-01,3.765851e-02,3.288019e-01,1.288637e-02,4.803691e-03,1.599707e-01,1.280934e-02
1.421060e-02,9.764710e-02,1.903671e-02,1.804522e-03,3.189545e-03,7.888658e-02,6.818726e-04,1.534671e-02,2.284347e-01,3.048000e-02,3.141379e-01,9.831699e-03,3.569114e-03,1.730518e-01,9.691272e-03
2.084402e-02,1.008330e-01,5.264383e-02,3.533713e-03,2.877333e-03,6.996804e-02,1.118527e-03,5.565416e-02,1.804048e-01,2.833913e-02,3.121482e-01,7.290193e-03,2.862729e-03,1.540595e-01,7.422905e-03
3.423010e-02,9.760250e-02,8.687238e-02,6.075056e-03,2.949071e-03,5.823871e-02,1.080809e-03,5.288595e-02,1.506404e-01,2.760026e-02,3.145023e-01,5.230885e-03,2.281973e-03,1.538932e-01,5.916425e-03
4.216685e-02,8.077740e-02,2.183158e-01,1.236495e-02,3.702075e-03,4.325550e-02,1.032605e-03,7.949738e-02,1.197109e-01,2.201225e-02,2.446953e-01,3.754963e-03,1.804553e-03,1.221631e-01,4.746409e-03
4.103186e-02,6.704966e-02,3.965631e-01,1.477782e-02,4.064435e-03,3.361810e-02,9.351173e-04,6.092761e-02,8.756244e-02,1.801965e-02,1.754897e-01,2.731715e-03,1.374698e-03,9.153777e-02,4.316398e-03
4.081405e-02,1.102410e-01,4.346433e-01,1.838682e-02,8.827939e-03,2.760561e-02,7.663525e-04,5.572525e-02,7.733196e-02,1.429988e-02,1.259569e-01,2.067107e-03,1.139214e-03,7.798269e-02,4.211989e-03
4.671036e-02,1.108556e-01,4.978680e-01,2.530052e-02,1.174878e-02,2.321295e-02,6.484388e-04,4.601271e-02,6.404547e-02,1.060445e-02,9.053741e-02,1.628247e-03,9.741838e-04,6.616978e-02,3.683146e-03
5.962969e-02,1.152442e-01,4.725754e-01,4.466741e-02,2.736362e-02,2.828741e-02,5.951041e-04,4.761988e-02,6.053244e-02,8.671068e-03,6.638474e-02,1.325702e-03,9.260460e-04,6.281473e-02,3.362522e-03
6.729214e-02,8.769824e-02,4.786279e-01,7.522944e-02,3.296412e-02,2.209018e-02,7.516700e-04,7.550970e-02,4.880644e-02,6.251813e-03,4.790800e-02,1.131110e-03,9.445010e-04,5.170547e-02,3.089297e-03
9.067282e-02,8.495031e-02,3.919863e-01,1.264729e-01,4.529145e-02,2.217312e-02,9.618022e-04,7.763457e-02,5.600633e-02,4.636184e-03,4.455550e-02,1.240840e-03,9.679431e-04,4.917170e-02,3.278196e-03
1.291857e-01,7.863858e-02,3.069523e-01,1.487119e-01,4.917976e-02,2.040414e-02,1.263784e-03,9.117620e-02,7.391438e-02,3.621497e-03,4.059917e-02,1.446475e-03,1.027214e-03,5.039344e-02,3.485352e-03
1.800202e-01,6.586468e-02,2.484753e-01,1.663011e-01,4.848147e-02,1.779187e-02,2.795758e-03,1.038471e-01,7.399973e-02,3.131544e-03,3.992281e-02,2.128900e-03,1.253075e-03,4.198331e-02,4.003039e-03
2.327237e-01,5.508903e-02,1.866108e-01,1.682150e-01,4.314147e-02,1.616494e-02,3.971362e-03,1.222400e-01,8.082984e-02,2.970647e-03,4.014441e-02,4.572121e-03,1.864186e-03,3.549895e-02,5.963535e-03
1.649242e-01,4.280474e-02,1.353630e-01,2.866884e-01,3.163636e-02,1.211722e-02,2.824884e-03,9.023022e-02,6.080361e-02,3.601479e-03,1.048774e-01,2.585823e-02,4.873981e-03,2.642587e-02,6.970283e-03
1.166565e-01,3.076014e-02,9.636669e-02,2.785229e-01,2.282454e-02,9.129001e-03,2.016858e-03,6.486331e-02,4.394272e-02,3.193771e-03,2.453571e-01,5.450902e-02,5.836237e-03,2.081829e-02,5.202882e-03
8.186846e-02,2.172992e-02,6.809926e-02,2.440568e-01,1.639639e-02,6.543305e-03,1.416452e-03,4.562208e-02,3.133395e-02,3.152728e-03,3.756434e-01,7.653568e-02,5.354144e-03,1.852036e-02,3.727062e-03
5.735540e-02,1.530057e-02,4.823622e-02,1.864333e-01,1.601097e-02,4.749481e-03,9.944031e-04,3.204896e-02,2.281591e-02,3.295625e-03,4.761482e-01,1.101964e-01,6.096773e-03,1.761265e-02,2.705039e-03
4.017623e-02,1.074550e-02,3.420315e-02,1.459629e-01,1.423069e-02,3.649222e-03,6.994684e-04,2.254386e-02,1.655916e-02,3.406462e-03,4.824654e-01,2.029935e-01,5.621358e-03,1.476925e-02,1.973787e-03
2.815686e-02,7.538209e-03,2.418464e-02,1.057349e-01,1.371594e-01,3.641344e-03,5.345340e-04,1.585525e-02,1.235131e-02,3.062227e-03,4.413295e-01,2.029030e-01,4.465306e-03,1.165157e-02,1.431878e-03
1.975513e-02,5.315065e-03,1.724701e-02,7.595447e-02,1.276438e-01,3.850362e-03,3.906247e-04,1.114241e-02,9.153215e-03,2.767975e-03,4.786050e-01,2.334024e-01,3.668616e-03,1.007007e-02,1.033832e-03
1.395882e-02,3.750384e-03,1.255249e-02,5.459543e-02,1.197407e-01,3.790061e-03,2.980875e-04,7.925480e-03,6.931709e-03,2.853723e-03,4.968949e-01,2.622102e-01,3.658440e-03,1.003586e-02,8.037402e-04
1.007780e-02,2.802959e-03,9.639954e-03,3.865754e-02,1.061349e-01,6.355937e-03,3.435214e-04,5.857474e-03,5.830486e-03,4.039647e-03,4.738367e-01,3.187146e-01,5.716880e-03,1.108022e-02,9.114570e-04
7.327509e-03,2.104747e-03,7.207085e-03,2.739898e-02,8.160658e-02,8.542023e-03,3.221257e-04,4.390878e-03,5.906365e-03,4.210341e-03,4.185479e-01,4.097838e-01,8.915406e-03,1.275608e-02,9.802674e-04
8.195459e-03,5.736331e-03,5.968739e-03,1.991430e-02,6.631014e-02,1.114553e-02,5.956144e-04,5.081267e-03,6.698073e-02,8.341408e-03,3.573160e-01,4.192692e-01,9.154152e-03,1.501719e-02,9.739451e-04
1.239456e-02,1.258930e-02,7.214537e-03,1.506610e-02,6.900515e-02,2.402954e-02,1.419843e-03,9.266410e-03,1.206822e-01,2.291078e-02,2.767657e-01,4.032489e-01,9.279225e-03,1.496542e-02,1.162316e-03
1.336098e-02,3.447718e-02,7.364229e-03,1.108449e-02,6.627935e-02,9.319499e-02,1.496809e-03,9.164056e-03,1.899655e-01,3.117288e-02,2.078651e-01,3.105615e-01,9.447570e-03,1.338183e-02,1.183520e-03
1.760975e-02,4.902507e-02,7.552076e-03,8.481672e-03,6.031802e-02,1.580514e-01,1.215636e-03,8.978026e-03,2.114799e-01,3.012195e-02,1.545578e-01,2.668810e-01,1.024293e-02,1.386103e-02,1.623738e-03
1.661090e-02,5.274664e-02,6.190822e-03,6.348308e-03,4.769887e-02,2.345981e-01,9.358606e-04,7.437451e-03,2.484913e-01,2.553420e-02,1.142903e-01,2.155828e-01,1.042271e-02,1.131993e-02,1.791770e-03
1.353204e-02,5.166701e-02,5.181925e-03,5.156264e-03,4.764701e-02,2.034679e-01,8.973631e-04,5.569878e-03,3.832335e-01,1.988118e-02,8.552115e-02,1.585508e-01,9.465594e-03,8.192085e-03,2.036286e-03
1.196533e-02,5.802201e-02,4.040851e-03,4.025449e-03,4.084533e-02,2.073783e-01,8.679761e-04,4.516733e-03,4.293101e-01,3.111613e-02,6.360824e-02,1.243295e-01,9.578315e-03,6.313614e-03,4.082109e-03
1.085767e-02,5.534973e-02,3.474193e-03,3.661731e-03,4.124891e-02,2.256899e-01,9.759594e-04,4.812669e-03,4.295625e-01,5.007091e-02,5.017946e-02,1.020436e-01,9.723742e-03,5.079721e-03,7.269315e-03
1.052037e-02,4.717460e-02,3.923080e-03,4.119405e-03,9.516677e-02,1.824727e-01,4.028568e-03,7.270765e-03,4.736587e-01,3.977926e-02,3.767297e-02,7.354512e-02,9.142742e-03,3.719619e-03,7.805314e-03
1.085075e-02,4.118305e-02,3.326578e-03,3.831942e-03,1.103666e-01,1.524787e-01,5.644130e-03,6.293269e-03,5.300529e-01,3.084472e-02,2.811885e-02,5.301888e-02,1.100338e-02,2.744573e-03,1.024157e-02
1.066854e-02,5.833364e-02,2.799857e-03,4.690969e-03,9.913037e-02,1.229404e-01,5.843809e-03,5.849338e-03,5.658101e-01,2.564790e-02,2.163997e-02,3.958284e-02,2.140163e-02,2.005575e-03,1.365503e-02
9.281613e-03,5.226023e-02,2.120424e-03,4.495523e-03,7.308868e-02,9.434107e-02,6.913627e-03,4.573081e-03,5.591722e-01,2.053160e-02,2.286491e-02,5.358872e-02,8.199932e-02,1.498639e-03,1.327039e-02
7.714155e-03,4.209922e-02,1.566783e-03,4.154860e-03,5.213106e-02,6.907146e-02,5.569267e-03,3.315685e-03,5.053675e-01,1.529149e-02,2.177826e-02,8.390176e-02,1.752198e-01,1.154658e-03,1.166399e-02
6.232528e-03,4.334582e-02,1.269698e-03,5.577605e-03,3.718277e-02,5.177531e-02,4.127847e-03,2.678499e-03,5.037880e-01,1.549993e-02,2.201065e-02,8.579507e-02,2.052849e-01,1.013601e-03,1.441771e-02
5.431892e-03,3.782340e-02,1.198689e-03,7.505885e-03,2.641794e-02,4.258624e-02,3.315066e-03,6.424738e-03,4.570544e-01,1.561944e-02,3.008281e-02,1.288602e-01,2.223318e-01,1.113001e-03,1.423446e-02
4.820969e-03,2.856410e-02,1.258179e-03,7.921304e-03,1.869862e-02,4.050106e-02,2.349016e-03,4.996223e-03,3.449149e-01,2.164647e-02,5.788215e-02,2.371085e-01,2.115225e-01,2.607875e-03,1.520815e-02
3.764491e-03,2.039297e-02,9.219096e-04,6.110470e-03,1.317036e-02,3.098486e-02,1.651832e-03,3.538482e-03,2.532747e-01,2.091991e-02,7.902999e-02,3.983580e-01,1.542438e-01,2.411560e-03,1.122672e-02
3.118877e-03,1.644352e-02,1.279336e-03,4.967737e-03,9.983940e-03,2.320888e-02,1.218133e-03,2.627677e-03,2.193954e-01,2.140146e-02,8.074492e-02,4.798983e-01,1.219471e-01,3.809751e-03,9.954895e-03
2.651611e-03,1.332255e-02,3.068975e-03,4.493808e-03,1.028328e-02,1.730566e-02,1.104661e-03,4.706212e-03,2.864009e-01,1.950293e-02,7.816404e-02,4.585294e-01,8.929369e-02,3.817192e-03,7.355068e-03
2.283599e-03,1.516577e-02,5.633953e-03,4.111253e-03,1.286031e-02,1.262822e-02,1.195528e-03,5.134642e-03,4.328897e-01,1.532263e-02,6.780531e-02,3.512782e-01,6.426413e-02,3.738901e-03,5.687803e-03
1.752123e-03,2.377703e-02,5.539624e-03,5.789536e-03,1.182084e-02,1.889673e-02,8.830965e-04,4.767169e-03,5.569903e-01,1.288151e-02,5.024434e-02,2.497492e-01,4.563113e-02,4.518548e-03,6.758742e-03
1.542951e-03,1.978842e-02,4.465773e-03,1.053666e-02,9.730482e-03,2.687123e-02,7.739053e-04,5.136008e-03,6.428834e-01,1.316938e-02,3.915502e-02,1.819392e-01,3.433841e-02,3.813985e-03,5.855200e-03
2.095950e-03,1.747826e-02,3.390270e-03,1.232491e-02,8.634688e-03,3.817409e-02,6.696656e-04,4.789821e-03,6.581510e-01,1.381441e-02,5.601158e-02,1.430237e-01,3.159837e-02,4.264889e-03,5.578412e-03
2.411056e-03,1.711269e-02,2.578314e-03,1.065114e-02,8.732729e-03,3.781395e-02,6.399722e-04,4.094363e-03,6.313246e-01,1.216092e-02,8.347976e-02,1.421167e-01,3.471880e-02,3.984051e-03,8.181071e-03
2.546263e-03,1.658071e-02,2.054938e-03,8.826002e-03,8.371936e-03,3.893862e-02,8.248882e-04,3.926170e-03,6.041316e-01,1.114945e-02,9.585306e-02,1.527116e-01,4.177888e-02,3.777383e-03,8.528528e-03
6.554063e-03,2.330099e-02,1.687448e-03,1.306165e-02,7.142364e-03,8.670332e-02,6.956795e-04,4.287194e-03,5.900367e-01,9.803047e-03,7.884223e-02,1.312145e-01,3.509709e-02,2.944782e-03,8.629053e-03
1.115488e-02,1.801633e-02,1.343330e-03,1.725351e-02,5.839405e-03,1.300626e-01,5.544727e-04,5.305624e-03,5.372513e-01,7.408479e-03,8.889111e-02,1.415808e-01,2.586832e-02,2.297014e-03,7.172929e-03
1.335731e-02,1.352979e-02,1.192891e-03,1.591919e-02,4.812068e-03,1.305550e-01,4.411902e-04,4.677604e-03,4.718940e-01,5.520997e-03,1.539109e-01,1.575911e-01,1.895483e-02,1.926410e-03,5.716724e-03
1.247714e-02,1.040936e-02,1.172001e-03,2.266148e-02,4.063337e-03,1.114660e-01,3.590944e-04,4.293960e-03,3.521273e-01,4.794853e-03,1.814081e-01,2.742185e-01,1.394386e-02,1.685555e-03,4.919534e-03
1.016487e-02,7.551884e-03,8.944395e-04,1.826075e-02,3.436701e-03,9.263442e-02,2.780429e-04,3.302866e-03,2.581105e-01,3.675807e-03,2.007013e-01,3.850107e-01,1.036759e-02,1.667203e-03,3.942908e-03
9.752256e-03,7.222435e-03,1.210054e-03,1.598105e-02,5.225159e-03,7.283903e-02,2.692857e-04,2.527098e-03,1.886714e-01,3.809073e-03,2.478075e-01,4.240529e-01,8.609085e-03,3.747963e-03,8.275745e-03
9.861503e-03,5.539988e-03,2.939046e-03,1.310958e-02,8.466830e-03,8.429314e-02,1.165022e-03,5.176348e-03,1.355273e-01,4.589054e-03,2.333449e-01,4.772429e-01,7.682227e-03,3.817860e-03,7.244415e-03
8.125303e-03,4.362812e-03,2.763512e-03,1.057553e-02,1.006620e-02,7.183907e-02,1.045501e-03,3.973696e-03,9.830292e-02,4.459667e-03,2.691945e-01,4.981223e-01,6.940329e-03,3.804581e-03,6.424055e-03
6.160184e-03,4.544296e-03,6.518765e-03,8.540906e-03,2.707841e-02,5.253788e-02,2.739433e-03,3.330819e-03,8.376010e-02,3.746914e-03,2.332383e-01,5.513161e-01,5.917052e-03,3.451644e-03,7.119121e-03
5.079332e-03,4.206598e-03,8.356907e-03,6.209488e-03,6.382056e-02,3.848505e-02,1.398108e-02,3.679908e-03,9.186399e-02,3.280554e-03,2.330580e-01,5.138949e-01,5.034846e-03,3.222317e-03,5.826389e-03
4.153895e-03,3.552628e-03,1.498387e-02,4.995493e-03,6.699425e-02,2.956848e-02,1.184673e-02,4.484115e-03,7.932658e-02,3.727873e-03,2.748142e-01,4.862231e-01,7.076421e-03,3.247108e-03,5.005202e-03
4.270285e-03,4.987767e-03,1.969891e-02,3.804745e-03,6.140643e-02,2.273158e-02,1.123299e-02,1.191029e-02,7.712419e-02,5.002242e-03,2.695638e-01,4.930768e-01,7.883401e-03,3.084401e-03,4.222128e-03
3.988280e-03,5.375106e-02,4.978522e-02,3.285113e-03,5.441929e-02,1.739579e-02,8.111471e-03,1.374300e-02,1.097629e-01,5.753580e-03,2.332859e-01,4.266245e-01,6.695861e-03,3.862765e-03,9.535196e-03
3.622756e-03,4.608579e-02,3.726576e-02,2.579539e-03,4.053612e-02,1.431417e-02,5.740196e-03,1.604913e-02,1.010017e-01,6.941137e-03,2.822694e-01,4.209145e-01,6.750852e-03,7.625290e-03,8.303585e-03
2.860372e-03,3.807109e-02,2.631914e-02,1.840601e-03,3.168478e-02,1.267116e-02,4.078328e-03,1.395416e-02,3.406842e-01,5.387355e-03,2.022185e-01,3.031867e-01,5.559022e-03,5.631907e-03,5.852693e-03
2.235633e-03,2.867581e-02,1.872626e-02,1.525940e-03,2.408830e-02,1.326781e-02,2.911014e-03,1.383540e-02,5.151704e-01,4.957288e-03,1.447880e-01,2.166005e-01,4.631878e-03,4.412521e-03,4.173214e-03
2.498304e-03,2.287382e-02,1.354023e-02,3.178938e-03,3.454227e-02,2.404956e-02,2.156905e-03,1.689713e-02,6.023149e-01,4.498016e-03,1.058339e-01,1.539621e-01,7.009248e-03,3.430197e-03,3.214376e-03
3.358065e-03,1.830128e-02,9.871460e-03,3.339295e-03,6.262971e-02,2.658424e-02,2.034692e-03,1.837273e-02,6.538503e-01,4.004940e-03,7.692800e-02,1.088734e-01,6.587843e-03,2.726604e-03,2.537449e-03
5.120382e-03,1.674019e-02,7.295581e-03,2.725435e-03,1.175383e-01,2.377701e-02,1.945426e-03,1.739176e-02,6.622332e-01,3.332430e-03,5.582377e-02,7.669691e-02,5.017472e-03,2.050053e-03,2.312024e-03
5.216773e-03,1.347698e-02,5.806399e-03,2.299761e-03,1.435793e-01,2.903012e-02,2.242655e-03,3.942243e-02,6.535218e-01,2.966971e-03,4.032135e-02,5.424501e-02,4.260238e-03,1.587664e-03,2.022582e-03
5.634843e-03,1.424896e-02,4.649613e-03,1.899110e-03,1.585135e-01,2.754980e-02,2.361916e-03,4.367900e-02,6.660415e-01,2.289909e-03,2.856912e-02,3.825687e-02,3.371305e-03,1.208461e-03,1.726071e-03
8.494202e-03,1.531059e-02,7.501666e-03,3.150462e-03,1.880262e-01,2.551915e-02,4.613126e-03,1.019260e-01,5.903590e-01,2.038169e-03,2.013404e-02,2.694002e-02,3.458287e-03,9.167544e-04,1.612353e-03
1.985627e-02,1.657043e-02,7.956084e-03,1.606827e-02,2.234847e-01,2.143156e-02,4.401242e-03,1.272675e-01,5.206435e-01,2.189686e-03,1.438654e-02,1.949639e-02,3.118312e-03,7.530025e-04,2.376577e-03
1.689433e-02,1.472167e-02,7.697260e-03,9.537348e-02,2.288407e-01,1.823834e-02,3.310079e-03,1.113397e-01,4.084745e-01,2.626808e-03,2.982312e-02,5.037151e-02,7.486122e-03,6.292422e-04,4.173158e-03
1.336257e-02,1.184065e-02,6.277408e-03,1.328242e-01,2.212691e-01,1.487529e-02,2.418546e-03,8.511761e-02,3.230525e-01,2.417851e-03,8.688515e-02,8.302131e-02,1.155708e-02,1.078229e-03,4.002545e-03
9.788493e-03,8.626349e-03,4.981463e-03,1.647751e-01,1.682092e-01,1.190168e-02,1.735206e-03,6.043234e-02,2.291501e-01,3.214914e-03,2.217453e-01,9.735536e-02,1.117855e-02,3.441460e-03,3.464489e-03
7.433263e-03,6.472702e-03,3.579714e-03,1.243494e-01,1.197728e-01,1.069303e-02,1.226080e-03,4.246011e-02,1.673276e-01,6.490275e-03,3.634379e-01,8.144531e-02,1.179721e-02,5.069162e-02,2.823000e-03
6.161328e-03,5.205059e-03,2.929128e-03,9.203248e-02,9.009306e-02,1.264723e-02,9.291794e-04,3.087226e-02,1.222019e-01,8.568820e-03,4.919403e-01,6.256832e-02,1.307599e-02,5.840069e-02,2.374257e-03
6.452891e-03,4.078202e-03,2.558217e-03,6.832002e-02,6.706165e-02,1.313524e-02,6.881389e-04,2.228440e-02,8.787785e-02,1.642522e-02,5.702891e-01,5.451767e-02,1.046379e-02,7.383256e-02,2.014993e-03
6.686878e-03,8.306096e-03,2.789502e-03,5.165854e-02,5.349463e-02,1.814467e-02,5.475216e-04,1.647513e-02,6.545985e-02,2.810744e-02,6.106713e-01,4.344741e-02,8.164525e-03,8.398320e-02,2.063270e-03
8.009715e-03,1.189488e-02,2.685199e-03,4.331636e-02,4.120844e-02,1.788549e-02,4.609722e-04,1.257952e-02,5.503050e-02,3.367618e-02,5.655807e-01,3.234483e-02,6.617037e-03,1.654592e-01,3.250931e-03
1.171085e-02,2.355915e-02,4.917945e-03,3.135910e-02,6.604372e-02,1.882713e-02,4.400628e-04,1.056273e-02,4.918087e-02,2.897062e-02,4.900623e-01,2.557808e-02,6.047310e-03,2.291235e-01,3.616611e-03
1.294704e-02,2.482896e-02,5.330589e-03,2.317552e-02,6.427268e-02,2.193184e-02,5.496829e-04,8.290128e-03,5.334719e-02,2.373773e-02,5.045472e-01,2.266721e-02,7.374930e-03,2.217155e-01,5.283787e-03
1.588737e-02,2.315910e-02,2.210653e-02,1.773032e-02,7.953312e-02,1.872619e-02,7.193665e-04,1.625741e-02,4.567463e-02,1.955832e-02,5.001590e-01,1.884993e-02,6.892093e-03,2.083462e-01,6.400400e-03
1.463985e-02,1.927998e-02,2.432967e-02,1.332317e-02,6.948193e-02,1.615600e-02,7.517465e-04,2.466231e-02,3.473351e-02,1.452313e-02,5.463117e-01,1.610511e-02,5.499834e-03,1.942739e-01,5.928077e-03
