1.000000e+00,0.000000e+00,0.000000e+00,0.000000e+00,0.000000e+00,0.000000e+00,0.000000e+00,0.000000e+00,0.000000e+00,0.000000e+00,0.000000e+00,0.000000e+00,0.000000e+00,0.000000e+00,0.000000e+00
1.000000e+00,0.000000e+00,0.000000e+00,0.000000e+00,0.000000e+00,0.000000e+00,0.000000e+00,0.000000e+00,0.000000e+00,0.000000e+00,0.000000e+00,0.000000e+00,0.000000e+00,0.000000e+00,0.000000e+00
1.000000e+00,0.000000e+00,0.000000e+00,0.000000e+00,0.000000e+00,0.000000e+00,0.000000e+00,0.000000e+00,0.000000e+00,0.000000e+00,0.000000e+00,0.000000e+00,0.000000e+00,0.000000e+00,0.000000e+00
1.000000e+00,0.000000e+00,0.000000e+00,0.000000e+00,0.000000e+00,0.000000e+00,0.000000e+00,0.000000e+00,0.000000e+00,0.000000e+00,0.000000e+00,0.000000e+00,0.000000e+00,0.000000e+00,0.000000e+00
1.000000e+00,0.000000e+00,0.000000e+00,0.000000e+00,0.000000e+00,0.000000e+00,0.000000e+00,0.000000e+00,0.000000e+00,0.000000e+00,0.000000e+00,0.000000e+00,0.000000e+00,0.000000e+00,0.000000e+00
1.000000e+00,0.000000e+00,0.000000e+00,0.000000e+00,0.000000e+00,0.000000e+00,0.000000e+00,0.000000e+00,0.000000e+00,0.000000e+00,0.000000e+00,0.000000e+00,0.000000e+00,0.000000e+00,0.000000e+00
1.000000e+00,0.000000e+00,0.000000e+00,0.000000e+00,0.000000e+00,0.000000e+00,0.000000e+00,0.000000e+00,0.000000e+00,0.000000e+00,0.000000e+00,0.000000e+00,0.000000e+00,0.000000e+00,0.000000e+00
1.000000e+00,0.000000e+00,0.000000e+00,0.000000e+00,0.000000e+00,0.000000e+00,0.000000e+00,0.000000e+00,0.000000e+00,0.000000e+00,0.000000e+00,0.000000e+00,0.000000e+00,0.000000e+00,0.000000e+00
1.000000e+00,0.000000e+00,0.000000e+00,0.000000e+00,0.000000e+00,0.000000e+00,0.000000e+00,0.000000e+00,0.000000e+00,0.000000e+00,0.000000e+00,0.000000e+00,0.000000e+00,0.000000e+00,0.000000e+00
1.000000e+00,0.000000e+00,0.000000e+00,0.000000e+00,0.000000e+00,0.000000e+00,0.000000e+00,0.000000e+00,0.000000e+00,0.000000e+00,0.000000e+00,0.000000e+00,0.000000e+00,0.000000e+00,0.000000e+00
1.000000e+00,0.000000e+00,0.000000e+00,0.000000e+00,0.000000e+00,0.000000e+00,0.000000e+00,0.000000e+00,0.000000e+00,0.000000e+00,0.000000e+00,0.000000e+00,0.000000e+00,0.000000e+00,0.000000e+00
1.000000e+00,0.000000e+00,0.000000e+00,0.000000e+00,0.000000e+00,0.000000e+00,0.000000e+00,0.000000e+00,0.000000e+00,0.000000e+00,0.000000e+00,0.000000e+00,0.000000e+00,0.000000e+00,0.000000e+00
1.000000e+00,0.000000e+00,0.000000e+00,0.000000e+00,0.000000e+00,0.000000e+00,0.000000e+00,0.000000e+00,0.000000e+00,0.000000e+00,0.000000e+00,0.000000e+00,0.000000e+00,0.000000e+00,0.000000e+00
1.000000e+00,0.000000e+00,0.000000e+00,0.000000e+00,0.000000e+00,0.000000e+00,0.000000e+00,0.000000e+00,0.000000e+00,0.000000e+00,0.000000e+00,0.000000e+00,0.000000e+00,0.000000e+00,0.000000e+00
1.000000e+00,0.000000e+00,0.000000e+00,0.000000e+00,0.000000e+00,0.000000e+00,0.000000e+00,0.000000e+00,0.000000e+00,0.000000e+00,0.000000e+00,0.000000e+00,0.000000e+00,0.000000e+00,0.000000e+00
1.000000e+00,0.000000e+00,0.000000e+00,0.000000e+00,0.000000e+00,0.000000e+00,0.000000e+00,0.000000e+00,0.000000e+00,0.000000e+00,0.000000e+00,0.000000e+00,0.000000e+00,0.000000e+00,0.000000e+00
1.000000e+00,0.000000e+00,0.000000e+00,0.000000e+00,0.000000e+00,0.000000e+00,0.000000e+00,0.000000e+00,0.000000e+00,0.000000e+00,0.000000e+00,0.000000e+00,0.000000e+00,0.000000e+00,0.000000e+00
1.000000e+00,0.000000e+00,0.000000e+00,0.000000e+00,0.000000e+00,0.000000e+00,0.000000e+00,0.000000e+00,0.000000e+00,0.000000e+00,0.000000e+00,0.000000e+00,0.000000e+00,0.000000e+00,0.000000e+00
1.000000e+00,0.000000e+00,0.000000e+00,0.000000e+00,0.000000e+00,0.000000e+00,0.000000e+00,0.000000e+00,0.000000e+00,0.000000e+00,0.000000e+00,0.000000e+00,0.000000e+00,0.000000e+00,0.000000e+00
1.000000e+00,0.000000e+00,0.000000e+00,0.000000e+00,0.000000e+00,0.000000e+00,0.000000e+00,0.000000e+00,0.000000e+00,0.000000e+00,0.000000e+00,0.000000e+00,0.000000e+00,0.000000e+00,0.000000e+00
1.000000e+00,0.000000e+00,0.000000e+00,0.000000e+00,0.000000e+00,0.000000e+00,0.000000e+00,0.000000e+00,0.000000e+00,0.000000e+00,0.000000e+00,0.000000e+00,0.000000e+00,0.000000e+00,0.000000e+00
1.000000e+00,0.000000e+00,0.000000e+00,0.000000e+00,0.000000e+00,0.000000e+00,0.000000e+00,0.000000e+00,0.000000e+00,0.000000e+00,0.000000e+00,0.000000e+00,0.000000e+00,0.000000e+00,0.000000e+00
1.000000e+00,0.000000e+00,0.000000e+00,0.000000e+00,0.000000e+00,0.000000e+00,0.000000e+00,0.000000e+00,0.000000e+00,0.000000e+00,0.000000e+00,0.000000e+00,0.000000e+00,0.000000e+00,0.000000e+00
1.000000e+00,0.000000e+00,0.000000e+00,0.000000e+00,0.000000e+00,0.000000e+00,0.000000e+00,0.000000e+00,0.000000e+00,0.000000e+00,0.000000e+00,0.000000e+00,0.000000e+00,0.000000e+00,0.000000e+00
1.000000e+00,0.000000e+00,0.000000e+00,0.000000e+00,0.000000e+00,0.000000e+00,0.000000e+00,0.000000e+00,0.000000e+00,0.000000e+00,0.000000e+00,0.000000e+00,0.000000e+00,0.000000e+00,0.000000e+00
1.000000e+00,0.000000e+00,0.000000e+00,0.000000e+00,0.000000e+00,0.000000e+00,0.000000e+00,0.000000e+00,0.000000e+00,0.000000e+00,0.000000e+00,0.000000e+00,0.000000e+00,0.000000e+00,0.000000e+00
1.000000e+00,0.000000e+00,0.000000e+00,0.000000e+00,0.000000e+00,0.000000e+00,0.000000e+00,0.000000e+00,0.000000e+00,0.000000e+00,0.000000e+00,0.000000e+00,0.000000e+00,0.000000e+00,0.000000e+00
1.000000e+00,0.000000e+00,0.000000e+00,0.000000e+00,0.000000e+00,0.000000e+00,0.000000e+00,0.000000e+00,0.000000e+00,0.000000e+00,0.000000e+00,0.000000e+00,0.000000e+00,0.000000e+00,0.000000e+00
1.000000e+00,0.000000e+00,0.000000e+00,0.000000e+00,0.000000e+00,0.000000e+00,0.000000e+00,0.000000e+00,0.000000e+00,0.000000e+00,0.000000e+00,0.000000e+00,0.000000e+00,0.000000e+00,0.000000e+00
1.000000e+00,0.000000e+00,0.000000e+00,0.000000e+00,0.000000e+00,0.000000e+00,0.000000e+00,0.000000e+00,0.000000e+00,0.000000e+00,0.000000e+00,0.000000e+00,0.000000e+00,0.000000e+00,0.000000e+00
1.000000e+00,0.000000e+00,0.000000e+00,0.000000e+00,0.000000e+00,0.000000e+00,0.000000e+00,0.000000e+00,0.000000e+00,0.000000e+00,0.000000e+00,0.000000e+00,0.000000e+00,0.000000e+00,0.000000e+00
1.000000e+00,0.000000e+00,0.000000e+00,0.000000e+00,0.000000e+00,0.000000e+00,0.000000e+00,0.000000e+00,0.000000e+00,0.000000e+00,0.000000e+00,0.000000e+00,0.000000e+00,0.000000e+00,0.000000e+00
1.000000e+00,0.000000e+00,0.000000e+00,0.000000e+00,0.000000e+00,0.000000e+00,0.000000e+00,0.000000e+00,0.000000e+00,0.000000e+00,0.000000e+00,0.000000e+00,0.000000e+00,0.000000e+00,0.000000e+00
1.000000e+00,0.000000e+00,0.000000e+00,0.000000e+00,0.000000e+00,0.000000e+00,0.000000e+00,0.000000e+00,0.000000e+00,0.000000e+00,0.000000e+00,0.000000e+00,0.000000e+00,0.000000e+00,0.000000e+00
1.000000e+00,0.000000e+00,0.000000e+00,0.000000e+00,0.000000e+00,0.000000e+00,0.000000e+00,0.000000e+00,0.000000e+00,0.000000e+00,0.000000e+00,0.000000e+00,0.000000e+00,0.000000e+00,0.000000e+00
1.000000e+00,0.000000e+00,0.000000e+00,0.000000e+00,0.000000e+00,0.000000e+00,0.000000e+00,0.000000e+00,0.000000e+00,0.000000e+00,0.000000e+00,0.000000e+00,0.000000e+00,0.000000e+00,0.000000e+00
1.000000e+00,0.000000e+00,0.000000e+00,0.000000e+00,0.000000e+00,0.000000e+00,0.000000e+00,0.000000e+00,0.000000e+00,0.000000e+00,0.000000e+00,0.000000e+00,0.000000e+00,0.000000e+00,0.000000e+00
1.000000e+00,0.000000e+00,0.000000e+00,0.000000e+00,0.000000e+00,0.000000e+00,0.000000e+00,0.000000e+00,0.000000e+00,0.000000e+00,0.000000e+00,0.000000e+00,0.000000e+00,0.000000e+00,0.000000e+00
1.000000e+00,0.000000e+00,0.000000e+00,0.000000e+00,0.000000e+00,0.000000e+00,0.000000e+00,0.000000e+00,0.000000e+00,0.000000e+00,0.000000e+00,0.000000e+00,0.000000e+00,0.000000e+00,0.000000e+00
1.000000e+00,0.000000e+00,0.000000e+00,0.000000e+00,0.000000e+00,0.000000e+00,0.000000e+00,0.000000e+00,0.000000e+00,0.000000e+00,0.000000e+00,0.000000e+00,0.000000e+00,0.000000e+00,0.000000e+00
1.000000e+00,0.000000e+00,0.000000e+00,0.000000e+00,0.000000e+00,0.000000e+00,0.000000e+00,0.000000e+00,0.000000e+00,0.000000e+00,0.000000e+00,0.000000e+00,0.000000e+00,0.000000e+00,0.000000e+00
1.000000e+00,0.000000e+00,0.000000e+00,0.000000e+00,0.000000e+00,0.000000e+00,0.000000e+00,0.000000e+00,0.000000e+00,0.000000e+00,0.000000e+00,0.000000e+00,0.000000e+00,0.000000e+00,0.000000e+00
1.000000e+00,0.000000e+00,0.000000e+00,0.000000e+00,0.000000e+00,0.000000e+00,0.000000e+00,0.000000e+00,0.000000e+00,0.000000e+00,0.000000e+00,0.000000e+00,0.000000e+00,0.000000e+00,0.000000e+00
1.000000e+00,0.000000e+00,0.000000e+00,0.000000e+00,0.000000e+00,0.000000e+00,0.000000e+00,0.000000e+00,0.000000e+00,0.000000e+00,0.000000e+00,0.000000e+00,0.000000e+00,0.000000e+00,0.000000e+00
1.000000e+00,0.000000e+00,0.000000e+00,0.000000e+00,0.000000e+00,0.000000e+00,0.000000e+00,0.000000e+00,0.000000e+00,0.000000e+00,0.000000e+00,0.000000e+00,0.000000e+00,0.000000e+00,0.000000e+00
1.000000e+00,0.000000e+00,0.000000e+00,0.000000e+00,0.000000e+00,0.000000e+00,0.000000e+00,0.000000e+00,0.000000e+00,0.000000e+00,0.000000e+00,0.000000e+00,0.000000e+00,0.000000e+00,0.000000e+00
1.000000e+00,0.000000e+00,0.000000e+00,0.000000e+00,0.000000e+00,0.000000e+00,0.000000e+00,0.000000e+00,0.000000e+00,0.000000e+00,0.000000e+00,0.000000e+00,0.000000e+00,0.000000e+00,0.000000e+00
1.000000e+00,0.000000e+00,0.000000e+00,0.000000e+00,0.000000e+00,0.000000e+00,0.000000e+00,0.000000e+00,0.000000e+00,0.000000e+00,0.000000e+00,0.000000e+00,0.000000e+00,0.000000e+00,0.000000e+00
1.000000e+00,0.000000e+00,0.000000e+00,0.000000e+00,0.000000e+00,0.000000e+00,0.000000e+00,0.000000e+00,0.000000e+00,0.000000e+00,0.000000e+00,0.000000e+00,0.000000e+00,0.000000e+00,0.000000e+00
1.000000e+00,0.000000e+00,0.000000e+00,0.000000e+00,0.000000e+00,0.000000e+00,0.000000e+00,0.000000e+00,0.000000e+00,0.000000e+00,0.000000e+00,0.000000e+00,0.000000e+00,0.000000e+00,0.000000e+00
1.000000e+00,0.000000e+00,0.000000e+00,0.000000e+00,0.000000e+00,0.000000e+00,0.000000e+00,0.000000e+00,0.000000e+00,0.000000e+00,0.000000e+00,0.000000e+00,0.000000e+00,0.000000e+00,0.000000e+00
1.000000e+00,0.000000e+00,0.000000e+00,0.000000e+00,0.000000e+00,0.000000e+00,0.000000e+00,0.000000e+00,0.000000e+00,0.000000e+00,0.000000e+00,0.000000e+00,0.000000e+00,0.000000e+00,0.000000e+00
1.000000e+00,0.000000e+00,0.000000e+00,0.000000e+00,0.000000e+00,0.000000e+00,0.000000e+00,0.000000e+00,0.000000e+00,0.000000e+00,0.000000e+00,0.000000e+00,0.000000e+00,0.000000e+00,0.000000e+00
1.000000e+00,0.000000e+00,0.000000e+00,0.000000e+00,0.000000e+00,0.000000e+00,0.000000e+00,0.000000e+00,0.000000e+00,0.000000e+00,0.000000e+00,0.000000e+00,0.000000e+00,0.000000e+00,0.000000e+00
1.000000e+00,0.000000e+00,0.000000e+00,0.000000e+00,0.000000e+00,0.000000e+00,0.000000e+00,0.000000e+00,0.000000e+00,0.000000e+00,0.000000e+00,0.000000e+00,0.000000e+00,0.000000e+00,0.000000e+00
1.000000e+00,0.000000e+00,0.000000e+00,0.000000e+00,0.000000e+00,0.000000e+00,0.000000e+00,0.000000e+00,0.000000e+00,0.000000e+00,0.000000e+00,0.000000e+00,0.000000e+00,0.000000e+00,0.000000e+00
1.000000e+00,0.000000e+00,0.000000e+00,0.000000e+00,0.000000e+00,0.000000e+00,0.000000e+00,0.000000e+00,0.000000e+00,0.000000e+00,0.000000e+00,0.000000e+00,0.000000e+00,0.000000e+00,0.000000e+00
4.955788e-01,4.114739e-02,1.813181e-02,2.921668e-01,4.950066e-03,2.019281e-02,4.919702e-03,1.317792e-02,1.267192e-02,3.410561e-03,9.507000e-03,2.589961e-02,2.024464e-02,2.105544e-03,3.589538e-02
3.471217e-01,4.035357e-02,1.661131e-02,2.328782e-01,3.492446e-03,1.433646e-02,3.454723e-03,9.245533e-03,2.032676e-02,2.532859e-02,9.290724e-03,1.822835e-02,1.451370e-02,1.934201e-03,2.428837e-01
2.469447e-01,9.753641e-02,1.276024e-02,1.673428e-01,2.907175e-03,1.100188e-02,2.477328e-03,6.508744e-03,1.407588e-01,2.011956e-02,9.515606e-03,1.347915e-02,1.304014e-02,2.016247e-03,2.535913e-01
1.730959e-01,8.368257e-02,3.189217e-02,2.623139e-01,2.181835e-03,8.049307e-03,1.849331e-03,4.721691e-03,1.485526e-01,2.658852e-02,8.293507e-03,9.778018e-03,1.150188e-02,1.878854e-03,2.256199e-01
1.216844e-01,6.945471e-02,8.956438e-02,2.680281e-01,1.646096e-03,5.979300e-03,1.379709e-03,3.967830e-03,1.377463e-01,4.618384e-02,8.130265e-03,7.159504e-03,9.800812e-03,1.996639e-03,2.272782e-01
8.612509e-02,5.988124e-02,8.125841e-02,1.885056e-01,1.276410e-03,4.464047e-03,1.066054e-03,5.267787e-03,1.173306e-01,2.500470e-01,8.868867e-03,5.269572e-03,1.733625e-02,2.473721e-03,1.708294e-01
7.131237e-02,6.772996e-02,6.250663e-02,1.480981e-01,2.752853e-03,5.417742e-03,1.235284e-03,6.253404e-03,1.720622e-01,1.902933e-01,1.257956e-02,1.030119e-02,2.889129e-02,4.547721e-03,2.160184e-01
8.614174e-02,5.470338e-02,4.859668e-02,1.228099e-01,3.062162e-03,7.801958e-03,1.245633e-03,8.985395e-03,1.856858e-01,1.429905e-01,3.651330e-02,3.629118e-02,5.882658e-02,1.148858e-02,1.948571e-01
7.587658e-02,4.145200e-02,3.651518e-02,9.776742e-02,2.678332e-03,1.207215e-02,1.385920e-03,8.805444e-03,1.912585e-01,1.047281e-01,7.613107e-02,5.467862e-02,1.429250e-01,1.048546e-02,1.432402e-01
9.426405e-02,3.067756e-02,2.905828e-02,8.635968e-02,4.309705e-03,1.285115e-02,1.533315e-03,9.053977e-03,1.653537e-01,7.573721e-02,1.177195e-01,5.702219e-02,1.934654e-01,1.192456e-02,1.106698e-01
1.229717e-01,2.592908e-02,2.219860e-02,6.497128e-02,4.006202e-03,1.393044e-02,1.799663e-03,1.045262e-02,1.758408e-01,5.737654e-02,1.007149e-01,6.918460e-02,2.153854e-01,1.434105e-02,1.008971e-01
9.097252e-02,1.912448e-02,1.604696e-02,4.578828e-02,1.101762e-02,1.078519e-02,3.321832e-03,8.513984e-03,3.444452e-01,4.110958e-02,8.684140e-02,5.465912e-02,1.770183e-01,1.052968e-02,7.982588e-02
8.901590e-02,2.133964e-02,1.408821e-02,3.510918e-02,1.839160e-02,1.142117e-02,4.170507e-03,2.121932e-02,3.909968e-01,3.018772e-02,6.584687e-02,4.403706e-02,1.615624e-01,8.991920e-03,8.362170e-02
1.165088e-01,2.212697e-02,1.175146e-02,2.999370e-02,2.344088e-02,2.027922e-02,7.962979e-03,2.323217e-02,3.802004e-01,2.212458e-02,5.350358e-02,3.952213e-02,1.750963e-01,7.226480e-03,6.703034e-02
1.278600e-01,2.759268e-02,1.886642e-02,3.898761e-02,2.766284e-02,1.929595e-02,1.151336e-02,3.790911e-02,3.516101e-01,2.077836e-02,4.598753e-02,3.566144e-02,1.649972e-01,7.473663e-03,6.380368e-02
1.882496e-01,4.330405e-02,1.705492e-02,3.498099e-02,2.334496e-02,2.100680e-02,1.038008e-02,3.422624e-02,3.234943e-01,1.874757e-02,3.575993e-02,3.151831e-02,1.477549e-01,7.119261e-03,6.305809e-02
2.786993e-01,3.618697e-02,1.257399e-02,3.253593e-02,2.309705e-02,3.009756e-02,1.010528e-02,2.744325e-02,2.780612e-01,1.402982e-02,2.825888e-02,3.643427e-02,1.359726e-01,6.160497e-03,5.034343e-02
3.650450e-01,3.089311e-02,1.349040e-02,3.656627e-02,2.259170e-02,4.286045e-02,1.181313e-02,2.584052e-02,2.183408e-01,1.158908e-02,2.347349e-02,4.154544e-02,1.098063e-01,5.296454e-03,4.084798e-02
4.120458e-01,2.789043e-02,1.162996e-02,4.796993e-02,1.866702e-02,5.561276e-02,1.059267e-02,2.159202e-02,1.727485e-01,8.740449e-03,1.776701e-02,3.759140e-02,1.206933e-01,4.147020e-03,3.231174e-02
4.561676e-01,2.586028e-02,9.399568e-03,5.968251e-02,1.526456e-02,6.071993e-02,8.818192e-03,1.620313e-02,1.413537e-01,6.870509e-03,1.376866e-02,3.636513e-02,1.189569e-01,3.441915e-03,2.712750e-02
4.641126e-01,2.479108e-02,8.797429e-03,6.250402e-02,1.773873e-02,5.190634e-02,9.948071e-03,1.532092e-02,1.589344e-01,6.269529e-03,1.159869e-02,4.040267e-02,1.018884e-01,3.048762e-03,2.273833e-02
4.167009e-01,2.477483e-02,1.978200e-02,1.553682e-01,1.427388e-02,4.119709e-02,8.114513e-03,1.216739e-02,1.450369e-01,7.760893e-03,9.829120e-03,3.697444e-02,8.252752e-02,2.699041e-03,2.279332e-02
4.624047e-01,2.239054e-02,2.125528e-02,1.245925e-01,1.346624e-02,3.548479e-02,9.450982e-03,1.123175e-02,1.331075e-01,9.303584e-03,9.984722e-03,4.284706e-02,6.933192e-02,3.650836e-03,3.149761e-02
3.799168e-01,2.745410e-02,2.803784e-02,1.020679e-01,2.157276e-02,3.248700e-02,1.214457e-02,1.601616e-02,2.271078e-01,9.325510e-03,1.196868e-02,3.514873e-02,6.192495e-02,3.105308e-03,3.172177e-02
3.545276e-01,3.952602e-02,3.161319e-02,1.009833e-01,1.849292e-02,2.600830e-02,9.212883e-03,1.701625e-02,2.155957e-01,1.691619e-02,1.228787e-02,3.152766e-02,5.180575e-02,3.234275e-03,7.125204e-02
3.241587e-01,4.970539e-02,2.940137e-02,9.129039e-02,1.720874e-02,2.299868e-02,7.529790e-03,1.832164e-02,2.649059e-01,1.848731e-02,1.403456e-02,2.991222e-02,4.419543e-02,3.514058e-03,6.433582e-02
3.161956e-01,6.167033e-02,2.770463e-02,7.779396e-02,1.639940e-02,1.963164e-02,6.841385e-03,2.081699e-02,2.854433e-01,2.244731e-02,1.185263e-02,2.362894e-02,3.537299e-02,3.366153e-03,7.083466e-02
3.442628e-01,7.076608e-02,2.222735e-02,6.601476e-02,1.548015e-02,1.642189e-02,5.129378e-03,1.977834e-02,2.718060e-01,2.538121e-02,1.106133e-02,1.955296e-02,3.036749e-02,5.822693e-03,7.592750e-02
2.719792e-01,2.155784e-01,2.647642e-02,5.459527e-02,1.104376e-02,1.197418e-02,3.671283e-03,1.422096e-02,2.362430e-01,2.911364e-02,9.850379e-03,1.532432e-02,2.534645e-02,4.667608e-03,6.991504e-02
2.726877e-01,2.228213e-01,2.421409e-02,4.064912e-02,8.423423e-03,9.323492e-03,2.749008e-03,1.111414e-02,1.934137e-01,2.870304e-02,1.218786e-02,1.209690e-02,2.018696e-02,2.994432e-02,1.114850e-01
2.723405e-01,1.854205e-01,1.901482e-02,2.894874e-02,6.416669e-03,7.633133e-03,1.970191e-03,8.270586e-03,1.453770e-01,2.835209e-02,1.451531e-02,9.746872e-03,1.644961e-02,8.431077e-02,1.712331e-01
2.561351e-01,1.563561e-01,1.575725e-02,2.059528e-02,4.790824e-03,6.776722e-03,1.415611e-03,6.047522e-03,1.085936e-01,3.064353e-02,1.702559e-02,7.655141e-03,1.272208e-02,1.216056e-01,2.338800e-01
1.987231e-01,1.278238e-01,1.226582e-02,1.743771e-02,3.596282e-03,5.338001e-03,1.018290e-03,4.338562e-03,1.083343e-01,4.364074e-02,1.302754e-02,6.503356e-03,9.674219e-03,9.625570e-02,3.520225e-01
1.584855e-01,9.241018e-02,9.395390e-03,1.300185e-02,2.693794e-03,4.905442e-03,7.901473e-04,3.120512e-03,7.977819e-02,3.708989e-02,9.973247e-03,6.639965e-03,7.785213e-03,1.491892e-01,4.247414e-01
1.286532e-01,6.691469e-02,8.008355e-03,1.003240e-02,2.198032e-03,4.001209e-03,6.928180e-04,2.260150e-03,5.979481e-02,3.462050e-02,8.815202e-03,9.071538e-03,7.324655e-03,2.589952e-01,3.986172e-01
1.034140e-01,5.054578e-02,1.320840e-02,7.834472e-03,1.955523e-03,3.961821e-03,7.763503e-04,1.818701e-03,4.683852e-02,4.474607e-02,9.857046e-03,1.283761e-02,7.173866e-03,3.008488e-01,3.941831e-01
7.747643e-02,3.881979e-02,1.107349e-02,5.821832e-03,1.483805e-03,3.545944e-03,6.853945e-04,1.370103e-03,3.793393e-02,4.296190e-02,1.058766e-02,3.759723e-02,1.633066e-02,4.035022e-01,3.108096e-01
6.735626e-02,3.424626e-02,9.947920e-03,4.731155e-03,1.343117e-03,3.545262e-03,6.329453e-04,1.391284e-03,5.585320e-02,3.597456e-02,2.599969e-02,1.108164e-01,3.666412e-02,3.482533e-01,2.632445e-01
5.934578e-02,3.164567e-02,8.777261e-03,4.194483e-03,1.865131e-03,3.857394e-03,8.117746e-04,2.260630e-03,7.160802e-02,3.310252e-02,2.870436e-02,1.458291e-01,4.992543e-02,3.118187e-01,2.462538e-01
4.573218e-02,2.574994e-02,6.505704e-03,3.414166e-03,1.988406e-03,3.485907e-03,7.744841e-04,2.020504e-03,1.344336e-01,2.917148e-02,3.809397e-02,2.114132e-01,5.870715e-02,2.421985e-01,1.963108e-01
3.900740e-02,2.248167e-02,7.673237e-03,4.049076e-03,8.018117e-03,3.641392e-03,1.074688e-03,6.481020e-03,3.009837e-01,2.372505e-02,3.515616e-02,1.835823e-01,4.683257e-02,1.747778e-01,1.425158e-01
3.438038e-02,1.928869e-02,7.595355e-03,3.629714e-03,1.420078e-02,4.288147e-03,1.378773e-03,9.395637e-03,4.651485e-01,1.739467e-02,2.777011e-02,1.345477e-01,3.676298e-02,1.232133e-01,1.010053e-01
4.976847e-02,1.864822e-02,1.148121e-02,3.417756e-03,1.961009e-02,4.590539e-03,2.412754e-03,1.122699e-02,5.522157e-01,1.334138e-02,2.111655e-02,1.018645e-01,2.939770e-02,8.738542e-02,7.352272e-02
1.321242e-01,1.707624e-02,2.472687e-02,5.119095e-03,3.440100e-02,5.932610e-03,3.870660e-03,2.936572e-02,4.874719e-01,1.133483e-02,1.783986e-02,8.142401e-02,2.956637e-02,6.267709e-02,5.706960e-02
1.464273e-01,1.450085e-02,1.884535e-02,5.180465e-03,9.478021e-02,8.334452e-03,6.658530e-03,5.763556e-02,4.478776e-01,8.163807e-03,1.487308e-02,6.067145e-02,2.563626e-02,4.491339e-02,4.550186e-02
1.320759e-01,1.368903e-02,2.582088e-02,1.728368e-02,1.377159e-01,8.026985e-03,6.423340e-03,1.394666e-01,3.645177e-01,5.944169e-03,1.339090e-02,4.606628e-02,2.223387e-02,3.200433e-02,3.534038e-02
1.538695e-01,1.359005e-02,2.625805e-02,1.876289e-02,1.680277e-01,8.587815e-03,7.752610e-03,1.697377e-01,3.059117e-01,4.630753e-03,1.097204e-02,3.735912e-02,1.881160e-02,2.568053e-02,3.004796e-02
2.122844e-01,2.109650e-02,2.216897e-02,1.600816e-02,1.449530e-01,8.826870e-03,7.743867e-03,1.409304e-01,3.025016e-01,3.567182e-03,9.613955e-03,3.013226e-02,1.694827e-02,3.058697e-02,3.263769e-02
3.222919e-01,2.830606e-02,2.021753e-02,1.637043e-02,1.246583e-01,8.026897e-03,6.842755e-03,1.108963e-01,2.563550e-01,2.736183e-03,8.629481e-03,2.415193e-02,1.471508e-02,2.622396e-02,2.957829e-02
4.247127e-01,2.515828e-02,1.708597e-02,1.767788e-02,1.250791e-01,7.445982e-03,5.974973e-03,8.622985e-02,2.015752e-01,2.217361e-03,8.465998e-03,2.180794e-02,1.253489e-02,2.106581e-02,2.296809e-02
4.602186e-01,2.253623e-02,1.575452e-02,1.756561e-02,1.171386e-01,1.019610e-02,5.328964e-03,6.964575e-02,1.727052e-01,2.219152e-03,1.533607e-02,3.388314e-02,1.428061e-02,2.550514e-02,1.768635e-02
3.770388e-01,1.977146e-02,1.353378e-02,5.031475e-02,2.177904e-01,1.857756e-02,7.375624e-03,8.157209e-02,1.295773e-01,1.915080e-03,1.246983e-02,2.695468e-02,1.079437e-02,1.880675e-02,1.350761e-02
3.125778e-01,1.435545e-02,1.118092e-02,4.292703e-02,3.394546e-01,1.690993e-02,1.158914e-02,9.738666e-02,9.247124e-02,1.517311e-03,9.303365e-03,1.926053e-02,8.142129e-03,1.329540e-02,9.628489e-03
2.283684e-01,1.011254e-02,7.966406e-03,3.015849e-02,2.703922e-01,1.326339e-02,2.548269e-01,7.526824e-02,6.506729e-02,1.227430e-03,6.727499e-03,1.356023e-02,6.541127e-03,9.370127e-03,7.149760e-03
1.835395e-01,7.249163e-03,5.789042e-03,2.127129e-02,2.257421e-01,1.005185e-02,3.788506e-01,8.730341e-02,4.649287e-02,1.072694e-03,4.894347e-03,9.730354e-03,6.133468e-03,6.709484e-03,5.169933e-03
1.571297e-01,5.389396e-03,4.411288e-03,1.528189e-02,1.868135e-01,8.626771e-03,4.795638e-01,8.174949e-02,3.363948e-02,1.048912e-03,3.873542e-03,7.911700e-03,5.478390e-03,4.771102e-03,4.310950e-03
1.167879e-01,4.039797e-03,3.238360e-03,1.085689e-02,1.394604e-01,6.892625e-03,6.042145e-01,5.982405e-02,2.480492e-02,1.488260e-03,5.529653e-03,6.363753e-03,8.753411e-03,3.384146e-03,4.361400e-03
1.604117e-01,4.612724e-03,2.441087e-03,8.542452e-03,1.009658e-01,1.394049e-02,5.420254e-01,4.734842e-02,2.152789e-02,1.753375e-03,1.158814e-02,4.120590e-02,3.522944e-02,3.607586e-03,4.799671e-03
1.619383e-01,3.769487e-03,1.899936e-03,6.718313e-03,7.170387e-02,2.169130e-02,5.224903e-01,3.429158e-02,1.715628e-02,2.811168e-03,2.465110e-02,6.964883e-02,5.109964e-02,5.848471e-03,4.281550e-03
1.856102e-01,3.515626e-03,1.513676e-03,5.756889e-03,5.137277e-02,2.886685e-02,4.683401e-01,2.561752e-02,1.560287e-02,2.752050e-03,2.821157e-02,1.025888e-01,6.882596e-02,7.028628e-03,4.396528e-03
2.054242e-01,3.126841e-03,1.166873e-03,4.489217e-03,3.682225e-02,3.277144e-02,3.796729e-01,1.931563e-02,1.706089e-02,2.214858e-03,3.077822e-02,1.692726e-01,8.599508e-02,8.216818e-03,3.672107e-03
1.844572e-01,2.975804e-03,9.276443e-04,3.327258e-03,2.635396e-02,2.687948e-02,2.942171e-01,1.457675e-02,2.136789e-02,2.041837e-03,3.212733e-02,2.852376e-01,9.371012e-02,8.779079e-03,3.021077e-03
3.018059e-01,2.806651e-03,1.081177e-03,2.851533e-03,1.924352e-02,3.257707e-02,2.149035e-01,1.092288e-02,1.773306e-02,2.431371e-03,2.689866e-02,2.837455e-01,7.220729e-02,7.181784e-03,3.610185e-03
2.622842e-01,3.156806e-03,1.315496e-03,2.759264e-03,1.575295e-02,3.647996e-02,1.538072e-01,8.371002e-03,2.461779e-02,3.325648e-03,2.221804e-02,4.016384e-01,5.518527e-02,5.402061e-03,3.685886e-03
1.967463e-01,2.644515e-03,1.034427e-03,2.359588e-03,1.743462e-02,3.037437e-02,1.103834e-01,6.657295e-03,2.946040e-02,3.365087e-03,2.007653e-02,5.275058e-01,4.510101e-02,4.006743e-03,2.849949e-03
1.422804e-01,2.366770e-03,9.969872e-04,2.046634e-03,1.804907e-02,2.473220e-02,7.790119e-02,6.015261e-03,3.041691e-02,4.988155e-03,1.606120e-02,6.342852e-01,3.479125e-02,2.969760e-03,2.098968e-03
1.001833e-01,2.169280e-03,1.486587e-03,1.508781e-03,2.566366e-02,1.791022e-02,5.485782e-02,5.467701e-03,2.904421e-02,4.666079e-03,1.202409e-02,7.142109e-01,2.712107e-02,2.187795e-03,1.498544e-03
7.103106e-02,1.756577e-03,1.164552e-03,1.098826e-03,3.247825e-02,1.272476e-02,3.866118e-02,5.230946e-03,2.529100e-02,3.720517e-03,9.039047e-03,7.721120e-01,2.298026e-02,1.647331e-03,1.063697e-03
5.081305e-02,1.921688e-03,1.405232e-03,8.472526e-04,6.619135e-02,9.603242e-03,2.805089e-02,1.022568e-02,2.295521e-02,6.934536e-03,7.645991e-03,7.719610e-01,1.916081e-02,1.472148e-03,8.120454e-04
4.042939e-02,1.704110e-03,1.766904e-03,9.540733e-04,1.154185e-01,9.045866e-03,2.263465e-02,1.771127e-02,2.131253e-02,6.755457e-03,8.013539e-03,7.288797e-01,2.329261e-02,1.387796e-03,6.936116e-04
3.292760e-02,1.381905e-03,1.382402e-03,8.413683e-04,8.516326e-02,9.008118e-03,1.614801e-02,1.476950e-02,2.263991e-02,5.771507e-03,9.557902e-03,7.752305e-01,2.331172e-02,1.293081e-03,5.732077e-04
2.691356e-02,1.142013e-03,1.191910e-03,8.335087e-04,8.036344e-02,7.328284e-03,1.215315e-02,1.373214e-02,1.341413e-01,4.291469e-03,9.593225e-03,6.835287e-01,2.338241e-02,9.607777e-04,4.441422e-04
2.654241e-02,1.497340e-03,3.902684e-03,1.041737e-03,1.431341e-01,6.589867e-03,1.087348e-02,2.640130e-02,1.989874e-01,3.607687e-03,9.776414e-03,5.420476e-01,2.435527e-02,8.393251e-04,4.033566e-04
3.803021e-02,1.920218e-03,4.583780e-03,1.692191e-03,1.338620e-01,6.445006e-03,8.922788e-03,3.012179e-02,2.880046e-01,4.465165e-03,1.009598e-02,4.358031e-01,3.462670e-02,8.277003e-04,5.986840e-04
3.587692e-02,1.993619e-03,6.182116e-03,2.181218e-03,1.269060e-01,5.742127e-03,7.348192e-03,7.967620e-02,3.028582e-01,3.846393e-03,1.276194e-02,3.625358e-01,5.085056e-02,7.172027e-04,5.234695e-04
6.126621e-02,2.853496e-03,1.294443e-02,1.156130e-02,1.145383e-01,1.450923e-02,8.568976e-03,1.139801e-01,2.846328e-01,3.398591e-03,1.390525e-02,2.924950e-01,6.332757e-02,7.132823e-04,1.305551e-03
6.555524e-02,3.640106e-03,1.055270e-02,1.380474e-02,1.142055e-01,1.658782e-02,8.691038e-03,8.523611e-02,3.688846e-01,3.065670e-03,1.214157e-02,2.167826e-01,7.806443e-02,8.123586e-04,1.975569e-03
6.125701e-02,4.577782e-03,9.061399e-03,1.260913e-02,9.681752e-02,1.316654e-02,7.650315e-03,1.121491e-01,4.101020e-01,2.868158e-03,1.354143e-02,1.637576e-01,8.845381e-02,1.242511e-03,2.745701e-03
5.570240e-02,4.911746e-03,7.204060e-03,1.143689e-02,7.758188e-02,1.132036e-02,6.853373e-03,1.890672e-01,4.055512e-01,2.256609e-03,1.306990e-02,1.246799e-01,8.624884e-02,1.601318e-03,2.514308e-03
8.190317e-02,4.306440e-03,7.402601e-03,1.848004e-02,7.111701e-02,1.131075e-02,6.419528e-03,2.748008e-01,3.308184e-01,1.939140e-03,1.204617e-02,1.004478e-01,7.505365e-02,1.324970e-03,2.629411e-03
1.079971e-01,4.697334e-03,6.761658e-03,2.073069e-02,9.582336e-02,1.351730e-02,7.803003e-03,3.280671e-01,2.625434e-01,1.482749e-03,1.171334e-02,7.663187e-02,5.849378e-02,1.191930e-03,2.545334e-03
1.680664e-01,4.941352e-03,7.265632e-03,5.751026e-02,9.392317e-02,1.498184e-02,6.938927e-03,3.052047e-01,2.129190e-01,1.444221e-03,9.929098e-03,5.853482e-02,5.362473e-02,1.066276e-03,3.649690e-03
1.958289e-01,7.042215e-03,9.868124e-03,5.971893e-02,1.215546e-01,1.545430e-02,6.808483e-03,2.814763e-01,2.009912e-01,1.290031e-03,8.724559e-03,4.404923e-02,4.043074e-02,1.082381e-03,5.679982e-03
1.940705e-01,3.668071e-02,8.432339e-03,5.440419e-02,1.311887e-01,1.620693e-02,5.937214e-03,2.337387e-01,2.356425e-01,1.373232e-03,7.685693e-03,3.252478e-02,3.200022e-02,1.060075e-03,9.054218e-03
1.998597e-01,5.392452e-02,6.788266e-03,5.841869e-02,1.405996e-01,1.658885e-02,5.345374e-03,1.931976e-01,2.544791e-01,1.598859e-03,7.023464e-03,2.505476e-02,2.611708e-02,9.910198e-04,1.001314e-02
1.537151e-01,7.397698e-02,5.492458e-03,9.758553e-02,1.127899e-01,1.335015e-02,4.004119e-03,1.614268e-01,3.207705e-01,1.970269e-03,5.944178e-03,1.805728e-02,2.007961e-02,7.316017e-04,1.010553e-02
1.313592e-01,8.282108e-02,4.466569e-03,8.283087e-02,9.675125e-02,1.383173e-02,3.394169e-03,1.317989e-01,4.016751e-01,1.852981e-03,5.112621e-03,1.329648e-02,2.021025e-02,5.716792e-04,1.002700e-02
1.129466e-01,1.734704e-01,3.706215e-03,9.260845e-02,7.362358e-02,1.270138e-02,2.517065e-03,1.020063e-01,3.766724e-01,2.770244e-03,4.642148e-03,9.661495e-03,1.603222e-02,5.827933e-04,1.605868e-02
1.293280e-01,2.239526e-01,3.627043e-03,8.074596e-02,5.306448e-02,9.847275e-03,1.937017e-03,7.742831e-02,3.526660e-01,4.074638e-03,4.519237e-03,7.059302e-03,2.304230e-02,1.070501e-03,2.763734e-02
1.460018e-01,2.562577e-01,3.869951e-03,6.876309e-02,4.153329e-02,7.905136e-03,1.561863e-03,5.942880e-02,3.488772e-01,4.581670e-03,5.350711e-03,5.340298e-03,2.274341e-02,1.254676e-03,2.653038e-02
1.463558e-01,2.745583e-01,3.874159e-03,5.269961e-02,3.260627e-02,6.364917e-03,1.319041e-03,4.516616e-02,3.678342e-01,4.299428e-03,5.258230e-03,4.098361e-03,2.766725e-02,1.609569e-03,2.628862e-02
1.605684e-01,2.458865e-01,3.089860e-03,3.983095e-02,2.344212e-02,5.202059e-03,9.854161e-04,3.208698e-02,3.977807e-01,4.181242e-03,4.527278e-03,3.214886e-03,3.874856e-02,2.891987e-03,3.756299e-02
2.089047e-01,1.861225e-01,2.490413e-03,3.024276e-02,1.813928e-02,5.907711e-03,9.297512e-04,2.280504e-02,4.003799e-01,3.346385e-03,4.524788e-03,2.843683e-03,6.765757e-02,3.504513e-03,4.220110e-02
2.288008e-01,1.507654e-01,7.750246e-03,2.409757e-02,1.691179e-02,6.444496e-03,2.114004e-03,1.681649e-02,3.702667e-01,3.977864e-03,4.492769e-03,3.208885e-03,9.086899e-02,7.346831e-03,6.613723e-02
1.972140e-01,1.214921e-01,1.156323e-02,1.940190e-02,1.506283e-02,5.673114e-03,2.375483e-03,1.250064e-02,3.304886e-01,4.331439e-03,3.843647e-03,2.940710e-03,1.489295e-01,7.225188e-03,1.169576e-01
1.710574e-01,8.825097e-02,2.115669e-02,1.417608e-02,1.689519e-02,4.616820e-03,2.843643e-03,9.235355e-03,2.378410e-01,7.951736e-03,3.297144e-03,2.653018e-03,1.702896e-01,6.095834e-03,2.436397e-01
1.371121e-01,6.296527e-02,3.155782e-02,1.053843e-02,1.303114e-02,3.803295e-03,2.364593e-03,6.802934e-03,1.723701e-01,1.799902e-02,2.811664e-03,2.260771e-03,2.079267e-01,6.684022e-03,3.217722e-01
1.019627e-01,4.683254e-02,1.148981e-01,9.329599e-03,9.879037e-03,2.918652e-03,2.030189e-03,7.150266e-03,1.262744e-01,2.121957e-02,2.357419e-03,1.805946e-03,1.691390e-01,5.064172e-03,3.791385e-01
7.995832e-02,3.671421e-02,8.331420e-02,7.191590e-03,8.516775e-03,2.291676e-03,1.545937e-03,5.894303e-03,1.394133e-01,2.136284e-02,1.797195e-03,1.378174e-03,1.197039e-01,3.681514e-03,4.872361e-01
6.033180e-02,3.194225e-02,7.211941e-02,6.829726e-03,7.308236e-03,2.016311e-03,1.223353e-03,5.740230e-03,1.494545e-01,2.600677e-02,1.439626e-03,1.108506e-03,8.416753e-02,2.669049e-03,5.476427e-01
5.711683e-02,2.653167e-02,5.123073e-02,5.613954e-03,7.212466e-03,2.275209e-03,1.043679e-03,4.849401e-03,1.514069e-01,2.967013e-02,1.259497e-03,8.982227e-04,5.968292e-02,2.044505e-03,5.991639e-01
6.435680e-02,2.080229e-02,3.726990e-02,4.166665e-03,6.823685e-03,3.840777e-03,1.109118e-03,4.270702e-03,1.166325e-01,3.007504e-02,1.027734e-03,7.657025e-04,4.273413e-02,1.700042e-03,6.644250e-01
6.257773e-02,2.761498e-02,2.688145e-02,7.273935e-02,1.051957e-01,7.404340e-03,2.731620e-03,2.001098e-02,8.829548e-02,2.170974e-02,1.870594e-03,1.552351e-03,3.069074e-02,1.691350e-03,5.290337e-01
9.544398e-02,2.684282e-02,2.833751e-02,1.246349e-01,1.099923e-01,1.145154e-02,4.513571e-03,3.243418e-02,6.793842e-02,2.036618e-02,3.102389e-03,4.560301e-03,2.446760e-02,3.880107e-03,4.420342e-01
7.902826e-02,2.539949e-02,6.822491e-02,2.654285e-01,8.741827e-02,9.815174e-03,3.584276e-03,2.966628e-02,5.185727e-02,1.801854e-02,3.327605e-03,4.011477e-03,1.818734e-02,3.587741e-03,3.324449e-01
9.819253e-02,2.281824e-02,6.208280e-02,1.979840e-01,8.752669e-02,8.880361e-03,3.426631e-03,3.595588e-02,4.646796e-02,1.667588e-02,3.414763e-03,3.826099e-03,1.380894e-02,6.704531e-03,3.922347e-01
8.250426e-02,2.179807e-02,1.008632e-01,2.514938e-01,6.966226e-02,7.393626e-03,2.714036e-03,3.583429e-02,6.460519e-02,1.597862e-02,5.139874e-03,3.369780e-03,1.074725e-02,6.170374e-03,3.217254e-01
9.404638e-02,1.882082e-02,1.427228e-01,2.362250e-01,5.373547e-02,6.741739e-03,2.256750e-03,6.550065e-02,6.252757e-02,1.435889e-02,7.107565e-03,3.508267e-03,9.022187e-03,5.805406e-03,2.776205e-01
1.038118e-01,1.479895e-02,1.587755e-01,2.640422e-01,3.896089e-02,6.351951e-03,1.657817e-03,6.252947e-02,9.831867e-02,1.585263e-02,1.820450e-02,3.469442e-03,8.093106e-03,4.852030e-03,2.002811e-01
1.039605e-01,1.208731e-02,1.390703e-01,2.409562e-01,2.796280e-02,7.857678e-03,1.251453e-03,7.524726e-02,1.405427e-01,2.355051e-02,3.397600e-02,6.003373e-03,2.146797e-02,5.534265e-03,1.605318e-01
8.852192e-02,9.078684e-03,1.004953e-01,1.872053e-01,1.971614e-02,7.170566e-03,1.034825e-03,5.477576e-02,1.066423e-01,1.845302e-02,3.615239e-02,2.483897e-02,2.262070e-01,5.254766e-03,1.144531e-01
7.667822e-02,6.828479e-03,7.378772e-02,1.519197e-01,1.400659e-02,6.453288e-03,8.964580e-04,3.957081e-02,7.838715e-02,1.468760e-02,4.008918e-02,2.718348e-02,3.814780e-01,4.491851e-03,8.354143e-02
8.253030e-02,5.025390e-03,6.775783e-02,1.195136e-01,1.076548e-02,5.942336e-03,1.002867e-03,3.311091e-02,6.057976e-02,1.156771e-02,4.378793e-02,2.922530e-02,4.628000e-01,4.370389e-03,6.202025e-02
7.204175e-02,5.999360e-03,5.646640e-02,9.160262e-02,9.972299e-03,7.488639e-03,1.674032e-03,3.678532e-02,8.013466e-02,1.089371e-02,5.457672e-02,5.158219e-02,4.696086e-01,4.379009e-03,4.679466e-02
7.280171e-02,1.088941e-02,4.702606e-02,7.294667e-02,8.739785e-03,1.849861e-02,2.125171e-03,4.199406e-02,1.192027e-01,1.423635e-02,6.030074e-02,5.912459e-02,4.284872e-01,5.174217e-03,3.845267e-02
6.050427e-02,1.837895e-02,3.564448e-02,5.432038e-02,6.947621e-03,3.778522e-02,1.992996e-03,3.462565e-02,2.322995e-01,1.350098e-02,5.278790e-02,6.038502e-02,3.514276e-01,6.075016e-03,3.332438e-02
5.341950e-02,2.581950e-02,2.792819e-02,3.959569e-02,5.568070e-03,4.435170e-02,1.918094e-03,2.729400e-02,3.497863e-01,1.358121e-02,4.401306e-02,5.672123e-02,2.705524e-01,6.610374e-03,3.284061e-02
4.713785e-02,3.751612e-02,2.530845e-02,2.971586e-02,4.206804e-03,4.941058e-02,1.810590e-03,2.379366e-02,3.819938e-01,1.394944e-02,3.798144e-02,9.436791e-02,2.105414e-01,9.166756e-03,3.309936e-02
3.955095e-02,1.183370e-01,2.819979e-02,3.011506e-02,3.373983e-03,4.275242e-02,1.568762e-03,1.757267e-02,4.131373e-01,1.676248e-02,2.845774e-02,6.873064e-02,1.505000e-01,7.064117e-03,3.387705e-02
5.517178e-02,9.702858e-02,2.363105e-02,2.612097e-02,9.577538e-03,4.848684e-02,2.508794e-03,1.427394e-02,4.890671e-01,1.386223e-02,2.214500e-02,4.931129e-02,1.083356e-01,5.682799e-03,3.479641e-02
7.311554e-02,7.678818e-02,1.856402e-02,2.186318e-02,2.629947e-02,4.405613e-02,4.184771e-03,1.096358e-02,5.448809e-01,1.099233e-02,1.723134e-02,3.517534e-02,7.790949e-02,4.329178e-03,3.364647e-02
9.249893e-02,7.079385e-02,1.411565e-02,2.696818e-02,2.271390e-02,3.451646e-02,4.174452e-03,8.174100e-03,5.605128e-01,9.571822e-03,1.290663e-02,2.565329e-02,6.760251e-02,3.317263e-03,4.648012e-02
1.063761e-01,6.004933e-02,1.300247e-02,3.247099e-02,2.786718e-02,2.804856e-02,4.349364e-03,6.574919e-03,5.615515e-01,9.740497e-03,1.091703e-02,2.046593e-02,5.802796e-02,2.617560e-03,5.794058e-02
9.738326e-02,6.926677e-02,2.337449e-02,1.488077e-01,2.274111e-02,2.068289e-02,3.165004e-03,5.622813e-03,4.515418e-01,9.672480e-03,1.314200e-02,1.558094e-02,4.492154e-02,2.562752e-03,7.153435e-02
1.670564e-01,8.294336e-02,1.935166e-02,1.159989e-01,2.447256e-02,1.690656e-02,2.647881e-03,6.383877e-03,3.633526e-01,9.667047e-03,1.620936e-02,1.290810e-02,3.659282e-02,3.736479e-03,1.217724e-01
2.430536e-01,9.968477e-02,1.855891e-02,9.586219e-02,2.502750e-02,1.501761e-02,2.345069e-03,6.438618e-03,2.860442e-01,9.389602e-03,2.019671e-02,1.253622e-02,3.307356e-02,4.121274e-03,1.286502e-01
2.277185e-01,1.950454e-01,1.849775e-02,7.378501e-02,1.888690e-02,1.157579e-02,1.796033e-03,5.028381e-03,2.377190e-01,1.123531e-02,1.683596e-02,9.999905e-03,2.770017e-02,4.267327e-03,1.399086e-01
2.340876e-01,2.661325e-01,1.737795e-02,5.823335e-02,1.447727e-02,9.435244e-03,1.330462e-03,4.119589e-03,2.058829e-01,9.620664e-03,1.721825e-02,9.307746e-03,2.434335e-02,3.584833e-03,1.248482e-01
1.757140e-01,4.134609e-01,1.948301e-02,5.221381e-02,1.016566e-02,7.117501e-03,9.589167e-04,2.994042e-03,1.676223e-01,8.496051e-03,1.263862e-02,7.517036e-03,1.807792e-02,3.258995e-03,1.002813e-01
1.977001e-01,4.048795e-01,2.021889e-02,4.208003e-02,7.342441e-03,5.700143e-03,7.845245e-04,3.315523e-03,1.486214e-01,1.076843e-02,1.311353e-02,6.137533e-03,1.735568e-02,6.088637e-03,1.158937e-01
1.661886e-01,3.828173e-01,6.456096e-02,4.542336e-02,5.506922e-03,5.199491e-03,6.212118e-04,2.981905e-03,1.573842e-01,1.596851e-02,1.120049e-02,5.673813e-03,1.535945e-02,5.673742e-03,1.154401e-01
1.553751e-01,3.807103e-01,6.413795e-02,3.542636e-02,4.374739e-03,4.882834e-03,5.079365e-04,2.585772e-03,1.753642e-01,1.860518e-02,1.134934e-02,5.124575e-03,1.591772e-02,7.620838e-03,1.180172e-01
1.647097e-01,3.103499e-01,5.857153e-02,3.096849e-02,1.106103e-02,1.711880e-02,1.175602e-03,2.522612e-03,2.351765e-01,1.627299e-02,1.411954e-02,4.979874e-03,1.632873e-02,6.772377e-03,1.098723e-01
1.951974e-01,2.999764e-01,5.104772e-02,3.452240e-02,8.685925e-03,1.700774e-02,9.437589e-04,3.276929e-03,2.157964e-01,1.866224e-02,1.255001e-02,5.918628e-03,1.342694e-02,8.306118e-03,1.146813e-01
2.815027e-01,2.372738e-01,4.133982e-02,3.409378e-02,8.989027e-03,1.593131e-02,1.181896e-03,5.762528e-03,2.102412e-01,1.764877e-02,1.243096e-02,9.193044e-03,1.461436e-02,9.452119e-03,1.003447e-01
2.450264e-01,1.981400e-01,4.167711e-02,1.067985e-01,7.761949e-03,1.332677e-02,9.554129e-04,4.917083e-03,2.211224e-01,2.304799e-02,1.302660e-02,9.099159e-03,1.628250e-02,7.710176e-03,9.110805e-02
2.165090e-01,1.577682e-01,3.711912e-02,1.090281e-01,6.618466e-03,1.168698e-02,8.433490e-04,3.900172e-03,2.473726e-01,2.290053e-02,2.215197e-02,1.759752e-02,2.462686e-02,1.497675e-02,1.069004e-01
2.495947e-01,1.229815e-01,2.991074e-02,8.739301e-02,5.537315e-03,1.126801e-02,7.991263e-04,3.131782e-03,2.086290e-01,3.211033e-02,2.962197e-02,5.083833e-02,3.362883e-02,3.197039e-02,1.025850e-01
2.614018e-01,9.636267e-02,2.352407e-02,6.464221e-02,4.464682e-03,1.064199e-02,7.889620e-04,2.889286e-03,1.695300e-01,7.082031e-02,3.387969e-02,5.907837e-02,3.045899e-02,6.170038e-02,1.098166e-01
2.440330e-01,7.648720e-02,2.312202e-02,4.900286e-02,3.737673e-03,9.450620e-03,8.051021e-04,2.767324e-03,1.473702e-01,1.141233e-01,3.011869e-02,6.335580e-02,2.711626e-02,7.265671e-02,1.358532e-01
2.729435e-01,6.087082e-02,2.122135e-02,3.930061e-02,3.512833e-03,1.064326e-02,1.062768e-03,2.885960e-03,1.182391e-01,1.238019e-01,3.346493e-02,8.563542e-02,2.371423e-02,7.180201e-02,1.309014e-01
2.405543e-01,5.075582e-02,1.786388e-02,3.057805e-02,3.219761e-03,8.811072e-03,1.042854e-03,3.330506e-03,1.141722e-01,1.297141e-01,4.158919e-02,1.478903e-01,3.323070e-02,5.894572e-02,1.183016e-01
2.609591e-01,4.306554e-02,2.165732e-02,2.552421e-02,3.355418e-03,8.595553e-03,1.007830e-03,4.265914e-03,9.718116e-02,1.131073e-01,5.684917e-02,1.572513e-01,3.681599e-02,5.081230e-02,1.195519e-01
2.432262e-01,4.326908e-02,2.646852e-02,2.142132e-02,4.633054e-03,6.827863e-03,1.054772e-03,8.442705e-03,1.188383e-01,9.148543e-02,5.291303e-02,1.217291e-01,4.122407e-02,5.250625e-02,1.659604e-01
2.166953e-01,3.890479e-02,2.211387e-02,2.024233e-02,4.000304e-03,7.128730e-03,1.112522e-03,1.046691e-02,1.265147e-01,7.276508e-02,6.038690e-02,1.031109e-01,3.707763e-02,5.168752e-02,2.277925e-01
2.158078e-01,3.755433e-02,2.135699e-02,2.219734e-02,5.426499e-03,7.286986e-03,1.110264e-03,1.184209e-02,1.150443e-01,5.520380e-02,6.298196e-02,8.764400e-02,3.390703e-02,5.351746e-02,2.691191e-01
2.172814e-01,3.398055e-02,2.185842e-02,1.690654e-02,1.798745e-02,1.087732e-02,1.531231e-03,2.361721e-02,1.321703e-01,4.483547e-02,7.160936e-02,6.700516e-02,2.717015e-02,6.670340e-02,2.464661e-01
