1.000000e+00,0.000000e+00,0.000000e+00,0.000000e+00,0.000000e+00,0.000000e+00,0.000000e+00,0.000000e+00,0.000000e+00,0.000000e+00,0.000000e+00,0.000000e+00,0.000000e+00,0.000000e+00,0.000000e+00
1.000000e+00,0.000000e+00,0.000000e+00,0.000000e+00,0.000000e+00,0.000000e+00,0.000000e+00,0.000000e+00,0.000000e+00,0.000000e+00,0.000000e+00,0.000000e+00,0.000000e+00,0.000000e+00,0.000000e+00
1.000000e+00,0.000000e+00,0.000000e+00,0.000000e+00,0.000000e+00,0.000000e+00,0.000000e+00,0.000000e+00,0.000000e+00,0.000000e+00,0.000000e+00,0.000000e+00,0.000000e+00,0.000000e+00,0.000000e+00
1.000000e+00,0.000000e+00,0.000000e+00,0.000000e+00,0.000000e+00,0.000000e+00,0.000000e+00,0.000000e+00,0.000000e+00,0.000000e+00,0.000000e+00,0.000000e+00,0.000000e+00,0.000000e+00,0.000000e+00
1.000000e+00,0.000000e+00,0.000000e+00,0.000000e+00,0.000000e+00,0.000000e+00,0.000000e+00,0.000000e+00,0.000000e+00,0.000000e+00,0.000000e+00,0.000000e+00,0.000000e+00,0.000000e+00,0.000000e+00
1.000000e+00,0.000000e+00,0.000000e+00,0.000000e+00,0.000000e+00,0.000000e+00,0.000000e+00,0.000000e+00,0.000000e+00,0.000000e+00,0.000000e+00,0.000000e+00,0.000000e+00,0.000000e+00,0.000000e+00
1.000000e+00,0.000000e+00,0.000000e+00,0.000000e+00,0.000000e+00,0.000000e+00,0.000000e+00,0.000000e+00,0.000000e+00,0.000000e+00,0.000000e+00,0.000000e+00,0.000000e+00,0.000000e+00,0.000000e+00
1.000000e+00,0.000000e+00,0.000000e+00,0.000000e+00,0.000000e+00,0.000000e+00,0.000000e+00,0.000000e+00,0.000000e+00,0.000000e+00,0.000000e+00,0.000000e+00,0.000000e+00,0.000000e+00,0.000000e+00
1.000000e+00,0.000000e+00,0.000000e+00,0.000000e+00,0.000000e+00,0.000000e+00,0.000000e+00,0.000000e+00,0.000000e+00,0.000000e+00,0.000000e+00,0.000000e+00,0.000000e+00,0.000000e+00,0.000000e+00
1.000000e+00,0.000000e+00,0.000000e+00,0.000000e+00,0.000000e+00,0.000000e+00,0.000000e+00,0.000000e+00,0.000000e+00,0.000000e+00,0.000000e+00,0.000000e+00,0.000000e+00,0.000000e+00,0.000000e+00
1.000000e+00,0.000000e+00,0.000000e+00,0.000000e+00,0.000000e+00,0.000000e+00,0.000000e+00,0.000000e+00,0.000000e+00,0.000000e+00,0.000000e+00,0.000000e+00,0.000000e+00,0.000000e+00,0.000000e+00
1.000000e+00,0.000000e+00,0.000000e+00,0.000000e+00,0.000000e+00,0.000000e+00,0.000000e+00,0.000000e+00,0.000000e+00,0.000000e+00,0.000000e+00,0.000000e+00,0.000000e+00,0.000000e+00,0.000000e+00
1.000000e+00,0.000000e+00,0.000000e+00,0.000000e+00,0.000000e+00,0.000000e+00,0.000000e+00,0.000000e+00,0.000000e+00,0.000000e+00,0.000000e+00,0.000000e+00,0.000000e+00,0.000000e+00,0.000000e+00
1.000000e+00,0.000000e+00,0.000000e+00,0.000000e+00,0.000000e+00,0.000000e+00,0.000000e+00,0.000000e+00,0.000000e+00,0.000000e+00,0.000000e+00,0.000000e+00,0.000000e+00,0.000000e+00,0.000000e+00
1.000000e+00,0.000000e+00,0.000000e+00,0.000000e+00,0.000000e+00,0.000000e+00,0.000000e+00,0.000000e+00,0.000000e+00,0.000000e+00,0.000000e+00,0.000000e+00,0.000000e+00,0.000000e+00,0.000000e+00
1.000000e+00,0.000000e+00,0.000000e+00,0.000000e+00,0.000000e+00,0.000000e+00,0.000000e+00,0.000000e+00,0.000000e+00,0.000000e+00,0.000000e+00,0.000000e+00,0.000000e+00,0.000000e+00,0.000000e+00
1.000000e+00,0.000000e+00,0.000000e+00,0.000000e+00,0.000000e+00,0.000000e+00,0.000000e+00,0.000000e+00,0.000000e+00,0.000000e+00,0.000000e+00,0.000000e+00,0.000000e+00,0.000000e+00,0.000000e+00
1.000000e+00,0.000000e+00,0.000000e+00,0.000000e+00,0.000000e+00,0.000000e+00,0.000000e+00,0.000000e+00,0.000000e+00,0.000000e+00,0.000000e+00,0.000000e+00,0.000000e+00,0.000000e+00,0.000000e+00
1.000000e+00,0.000000e+00,0.000000e+00,0.000000e+00,0.000000e+00,0.000000e+00,0.000000e+00,0.000000e+00,0.000000e+00,0.000000e+00,0.000000e+00,0.000000e+00,0.000000e+00,0.000000e+00,0.000000e+00
1.000000e+00,0.000000e+00,0.000000e+00,0.000000e+00,0.000000e+00,0.000000e+00,0.000000e+00,0.000000e+00,0.000000e+00,0.000000e+00,0.000000e+00,0.000000e+00,0.000000e+00,0.000000e+00,0.000000e+00
1.000000e+00,0.000000e+00,0.000000e+00,0.000000e+00,0.000000e+00,0.000000e+00,0.000000e+00,0.000000e+00,0.000000e+00,0.000000e+00,0.000000e+00,0.000000e+00,0.000000e+00,0.000000e+00,0.000000e+00
1.000000e+00,0.000000e+00,0.000000e+00,0.000000e+00,0.000000e+00,0.000000e+00,0.000000e+00,0.000000e+00,0.000000e+00,0.000000e+00,0.000000e+00,0.000000e+00,0.000000e+00,0.000000e+00,0.000000e+00
1.000000e+00,0.000000e+00,0.000000e+00,0.000000e+00,0.000000e+00,0.000000e+00,0.000000e+00,0.000000e+00,0.000000e+00,0.000000e+00,0.000000e+00,0.000000e+00,0.000000e+00,0.000000e+00,0.000000e+00
1.000000e+00,0.000000e+00,0.000000e+00,0.000000e+00,0.000000e+00,0.000000e+00,0.000000e+00,0.000000e+00,0.000000e+00,0.000000e+00,0.000000e+00,0.000000e+00,0.000000e+00,0.000000e+00,0.000000e+00
1.000000e+00,0.000000e+00,0.000000e+00,0.000000e+00,0.000000e+00,0.000000e+00,0.000000e+00,0.000000e+00,0.000000e+00,0.000000e+00,0.000000e+00,0.000000e+00,0.000000e+00,0.000000e+00,0.000000e+00
1.000000e+00,0.000000e+00,0.000000e+00,0.000000e+00,0.000000e+00,0.000000e+00,0.000000e+00,0.000000e+00,0.000000e+00,0.000000e+00,0.000000e+00,0.000000e+00,0.000000e+00,0.000000e+00,0.000000e+00
1.000000e+00,0.000000e+00,0.000000e+00,0.000000e+00,0.000000e+00,0.000000e+00,0.000000e+00,0.000000e+00,0.000000e+00,0.000000e+00,0.000000e+00,0.000000e+00,0.000000e+00,0.000000e+00,0.000000e+00
1.000000e+00,0.000000e+00,0.000000e+00,0.000000e+00,0.000000e+00,0.000000e+00,0.000000e+00,0.000000e+00,0.000000e+00,0.000000e+00,0.000000e+00,0.000000e+00,0.000000e+00,0.000000e+00,0.000000e+00
1.000000e+00,0.000000e+00,0.000000e+00,0.000000e+00,0.000000e+00,0.000000e+00,0.000000e+00,0.000000e+00,0.000000e+00,0.000000e+00,0.000000e+00,0.000000e+00,0.000000e+00,0.000000e+00,0.000000e+00
1.000000e+00,0.000000e+00,0.000000e+00,0.000000e+00,0.000000e+00,0.000000e+00,0.000000e+00,0.000000e+00,0.000000e+00,0.000000e+00,0.000000e+00,0.000000e+00,0.000000e+00,0.000000e+00,0.000000e+00
1.000000e+00,0.000000e+00,0.000000e+00,0.000000e+00,0.000000e+00,0.000000e+00,0.000000e+00,0.000000e+00,0.000000e+00,0.000000e+00,0.000000e+00,0.000000e+00,0.000000e+00,0.000000e+00,0.000000e+00
1.000000e+00,0.000000e+00,0.000000e+00,0.000000e+00,0.000000e+00,0.000000e+00,0.000000e+00,0.000000e+00,0.000000e+00,0.000000e+00,0.000000e+00,0.000000e+00,0.000000e+00,0.000000e+00,0.000000e+00
1.000000e+00,0.000000e+00,0.000000e+00,0.000000e+00,0.000000e+00,0.000000e+00,0.000000e+00,0.000000e+00,0.000000e+00,0.000000e+00,0.000000e+00,0.000000e+00,0.000000e+00,0.000000e+00,0.000000e+00
1.000000e+00,0.000000e+00,0.000000e+00,0.000000e+00,0.000000e+00,0.000000e+00,0.000000e+00,0.000000e+00,0.000000e+00,0.000000e+00,0.000000e+00,0.000000e+00,0.000000e+00,0.000000e+00,0.000000e+00
1.000000e+00,0.000000e+00,0.000000e+00,0.000000e+00,0.000000e+00,0.000000e+00,0.000000e+00,0.000000e+00,0.000000e+00,0.000000e+00,0.000000e+00,0.000000e+00,0.000000e+00,0.000000e+00,0.000000e+00
1.000000e+00,0.000000e+00,0.000000e+00,0.000000e+00,0.000000e+00,0.000000e+00,0.000000e+00,0.000000e+00,0.000000e+00,0.000000e+00,0.000000e+00,0.000000e+00,0.000000e+00,0.000000e+00,0.000000e+00
1.000000e+00,0.000000e+00,0.000000e+00,0.000000e+00,0.000000e+00,0.000000e+00,0.000000e+00,0.000000e+00,0.000000e+00,0.000000e+00,0.000000e+00,0.000000e+00,0.000000e+00,0.000000e+00,0.000000e+00
1.000000e+00,0.000000e+00,0.000000e+00,0.000000e+00,0.000000e+00,0.000000e+00,0.000000e+00,0.000000e+00,0.000000e+00,0.000000e+00,0.000000e+00,0.000000e+00,0.000000e+00,0.000000e+00,0.000000e+00
1.000000e+00,0.000000e+00,0.000000e+00,0.000000e+00,0.000000e+00,0.000000e+00,0.000000e+00,0.000000e+00,0.000000e+00,0.000000e+00,0.000000e+00,0.000000e+00,0.000000e+00,0.000000e+00,0.000000e+00
1.000000e+00,0.000000e+00,0.000000e+00,0.000000e+00,0.000000e+00,0.000000e+00,0.000000e+00,0.000000e+00,0.000000e+00,0.000000e+00,0.000000e+00,0.000000e+00,0.000000e+00,0.000000e+00,0.000000e+00
1.000000e+00,0.000000e+00,0.000000e+00,0.000000e+00,0.000000e+00,0.000000e+00,0.000000e+00,0.000000e+00,0.000000e+00,0.000000e+00,0.000000e+00,0.000000e+00,0.000000e+00,0.000000e+00,0.000000e+00
1.000000e+00,0.000000e+00,0.000000e+00,0.000000e+00,0.000000e+00,0.000000e+00,0.000000e+00,0.000000e+00,0.000000e+00,0.000000e+00,0.000000e+00,0.000000e+00,0.000000e+00,0.000000e+00,0.000000e+00
1.000000e+00,0.000000e+00,0.000000e+00,0.000000e+00,0.000000e+00,0.000000e+00,0.000000e+00,0.000000e+00,0.000000e+00,0.000000e+00,0.000000e+00,0.000000e+00,0.000000e+00,0.000000e+00,0.000000e+00
1.000000e+00,0.000000e+00,0.000000e+00,0.000000e+00,0.000000e+00,0.000000e+00,0.000000e+00,0.000000e+00,0.000000e+00,0.000000e+00,0.000000e+00,0.000000e+00,0.000000e+00,0.000000e+00,0.000000e+00
1.000000e+00,0.000000e+00,0.000000e+00,0.000000e+00,0.000000e+00,0.000000e+00,0.000000e+00,0.000000e+00,0.000000e+00,0.000000e+00,0.000000e+00,0.000000e+00,0.000000e+00,0.000000e+00,0.000000e+00
1.000000e+00,0.000000e+00,0.000000e+00,0.000000e+00,0.000000e+00,0.000000e+00,0.000000e+00,0.000000e+00,0.000000e+00,0.000000e+00,0.000000e+00,0.000000e+00,0.000000e+00,0.000000e+00,0.000000e+00
1.000000e+00,0.000000e+00,0.000000e+00,0.000000e+00,0.000000e+00,0.000000e+00,0.000000e+00,0.000000e+00,0.000000e+00,0.000000e+00,0.000000e+00,0.000000e+00,0.000000e+00,0.000000e+00,0.000000e+00
1.000000e+00,0.000000e+00,0.000000e+00,0.000000e+00,0.000000e+00,0.000000e+00,0.000000e+00,0.000000e+00,0.000000e+00,0.000000e+00,0.000000e+00,0.000000e+00,0.000000e+00,0.000000e+00,0.000000e+00
1.000000e+00,0.000000e+00,0.000000e+00,0.000000e+00,0.000000e+00,0.000000e+00,0.000000e+00,0.000000e+00,0.000000e+00,0.000000e+00,0.000000e+00,0.000000e+00,0.000000e+00,0.000000e+00,0.000000e+00
1.000000e+00,0.000000e+00,0.000000e+00,0.000000e+00,0.000000e+00,0.000000e+00,0.000000e+00,0.000000e+00,0.000000e+00,0.000000e+00,0.000000e+00,0.000000e+00,0.000000e+00,0.000000e+00,0.000000e+00
1.000000e+00,0.000000e+00,0.000000e+00,0.000000e+00,0.000000e+00,0.000000e+00,0.000000e+00,0.000000e+00,0.000000e+00,0.000000e+00,0.000000e+00,0.000000e+00,0.000000e+00,0.000000e+00,0.000000e+00
1.000000e+00,0.000000e+00,0.000000e+00,0.000000e+00,0.000000e+00,0.000000e+00,0.000000e+00,0.000000e+00,0.000000e+00,0.000000e+00,0.000000e+00,0.000000e+00,0.000000e+00,0.000000e+00,0.000000e+00
1.000000e+00,0.000000e+00,0.000000e+00,0.000000e+00,0.000000e+00,0.000000e+00,0.000000e+00,0.000000e+00,0.000000e+00,0.000000e+00,0.000000e+00,0.000000e+00,0.000000e+00,0.000000e+00,0.000000e+00
4.463843e-01,5.157626e-02,6.164925e-02,2.243090e-01,8.414363e-03,1.315587e-02,3.132878e-03,5.877738e-03,1.886323e-02,1.168580e-02,9.422019e-03,1.473572e-02,1.247975e-02,2.748374e-03,1.155654e-01
3.206463e-01,5.505900e-02,5.079485e-02,3.853719e-01,6.738916e-03,1.014553e-02,2.488240e-03,4.411438e-03,2.094390e-02,1.195993e-02,7.488288e-03,1.096339e-02,9.757507e-03,1.984476e-03,1.012464e-01
2.254660e-01,4.623302e-02,4.520227e-02,4.440681e-01,4.925787e-03,7.614521e-03,1.807583e-03,3.103555e-03,2.511388e-02,1.947583e-02,7.334469e-03,7.997565e-03,7.511505e-03,1.492028e-03,1.526539e-01
1.579076e-01,3.600928e-02,4.472432e-02,5.592339e-01,3.698663e-03,5.805921e-03,1.347820e-03,2.186309e-03,2.068934e-02,1.869937e-02,5.675687e-03,5.668886e-03,5.388574e-03,1.057741e-03,1.319066e-01
1.106108e-01,2.724735e-02,4.941822e-02,6.067296e-01,2.758138e-03,4.289423e-03,1.003106e-03,1.541035e-03,1.935918e-02,1.704185e-02,4.698792e-03,4.041269e-03,3.815502e-03,8.398469e-04,1.466060e-01
7.746151e-02,1.993525e-02,3.857388e-02,4.370021e-01,1.995733e-03,3.112326e-03,7.196762e-04,1.082895e-03,1.615317e-02,1.886042e-02,3.642783e-03,2.903845e-03,2.750607e-03,1.106769e-03,3.746990e-01
5.436383e-02,1.754618e-02,3.434924e-02,3.191676e-01,1.479876e-03,2.333098e-03,5.202977e-04,7.620325e-04,2.693415e-02,2.392223e-02,2.929382e-03,2.137091e-03,2.359139e-03,4.058248e-03,5.071377e-01
4.832338e-02,8.975617e-02,2.696371e-02,2.261449e-01,1.368649e-03,2.590792e-03,4.148195e-04,5.930644e-04,1.449342e-01,3.328888e-02,3.201964e-03,1.723653e-03,4.785888e-03,5.580009e-03,4.103300e-01
3.979936e-02,1.090937e-01,2.065151e-02,1.596342e-01,1.061672e-03,2.328914e-03,3.022260e-04,4.646314e-04,2.382503e-01,6.071701e-02,2.631780e-03,1.293990e-03,4.532196e-03,7.276752e-03,3.519618e-01
2.881732e-02,1.157235e-01,1.597002e-02,1.164289e-01,7.737218e-04,1.689333e-03,2.192197e-04,4.473571e-04,4.091454e-01,4.660116e-02,2.124415e-03,9.757495e-04,3.368576e-03,5.803876e-03,2.519114e-01
2.078031e-02,1.091561e-01,2.397198e-02,8.410416e-02,5.609178e-04,3.073789e-03,1.729902e-04,4.054773e-04,5.128413e-01,3.467677e-02,2.269576e-03,1.162285e-03,4.265841e-03,8.516826e-03,1.940417e-01
1.557534e-02,1.730207e-01,2.314943e-02,6.163480e-02,4.008355e-04,3.283289e-03,1.313909e-04,3.131152e-04,4.723374e-01,2.960392e-02,2.793683e-03,1.422559e-03,4.785079e-03,2.953681e-02,1.820116e-01
1.144760e-02,1.718366e-01,1.968805e-02,4.468070e-02,4.729868e-04,3.748552e-03,1.603361e-04,2.419873e-04,4.229648e-01,2.399826e-02,2.593702e-03,1.230617e-03,2.313389e-02,4.858948e-02,2.252125e-01
1.097621e-02,1.369395e-01,1.865198e-02,3.548903e-02,2.129017e-03,9.962339e-03,7.331955e-04,1.109482e-03,3.749539e-01,1.921743e-02,3.470759e-03,1.473621e-03,2.529581e-02,5.190172e-02,3.076960e-01
1.503559e-02,1.307861e-01,2.815203e-02,3.428160e-02,3.007288e-03,1.239934e-02,7.020772e-04,1.084325e-03,3.235592e-01,1.756770e-02,4.219188e-03,2.653544e-03,2.613964e-02,9.911950e-02,3.012930e-01
1.379979e-02,1.321079e-01,2.248728e-02,2.989134e-02,4.083320e-03,1.167616e-02,6.138560e-04,1.022335e-03,2.867768e-01,1.555574e-02,6.144993e-03,3.067894e-03,2.805422e-02,1.635444e-01,2.811739e-01
7.851616e-02,1.008294e-01,1.729367e-02,2.369334e-02,1.792808e-02,1.276614e-02,1.471045e-03,1.944884e-03,3.144811e-01,1.174640e-02,9.092663e-03,4.587856e-03,2.882319e-02,1.338185e-01,2.430075e-01
5.992929e-02,9.230590e-02,8.742109e-02,6.858079e-02,1.703615e-02,1.557017e-02,1.284690e-03,2.232205e-03,2.571271e-01,3.043858e-02,1.606128e-02,5.124216e-03,2.853268e-02,9.846163e-02,2.198942e-01
4.247364e-02,9.614812e-02,8.001889e-02,6.039340e-02,1.902606e-02,1.986182e-02,1.332197e-03,2.132140e-03,2.470336e-01,3.237744e-02,2.260479e-02,4.873213e-03,3.416043e-02,7.184633e-02,2.657180e-01
3.032495e-02,8.929110e-02,5.779572e-02,5.085045e-02,1.422631e-02,1.630248e-02,1.004707e-03,1.780765e-03,2.460962e-01,2.451158e-02,5.342152e-02,1.519952e-02,1.262294e-01,5.318724e-02,2.197781e-01
2.173457e-02,6.754357e-02,4.098301e-02,4.065426e-02,1.061463e-02,1.304531e-02,7.595576e-04,1.348210e-03,2.787872e-01,1.881524e-02,6.906100e-02,2.109525e-02,2.065703e-01,3.892803e-02,1.700599e-01
1.677439e-02,5.090627e-02,2.950345e-02,2.967312e-02,8.153332e-03,1.593989e-02,7.044039e-04,1.409956e-03,3.111416e-01,1.525054e-02,5.652206e-02,1.859363e-02,2.472877e-01,3.411661e-02,1.640230e-01
1.456161e-02,4.357688e-02,8.364702e-02,8.446681e-02,6.725588e-03,1.799696e-02,6.103770e-04,5.142702e-03,2.920976e-01,1.603897e-02,4.650651e-02,1.521848e-02,1.851756e-01,3.070668e-02,1.575283e-01
2.411394e-02,4.150156e-02,8.726450e-02,7.948827e-02,2.959779e-02,3.396882e-02,1.775347e-03,6.861806e-03,3.270676e-01,1.243920e-02,3.988183e-02,1.191669e-02,1.454997e-01,2.308163e-02,1.355413e-01
2.151272e-02,3.381458e-02,1.403936e-01,7.062919e-02,3.153295e-02,4.167966e-02,1.756376e-03,7.804291e-03,2.613334e-01,6.900822e-02,6.516280e-02,1.116590e-02,1.103680e-01,2.196814e-02,1.118701e-01
1.768672e-02,3.461010e-02,1.518779e-01,8.770786e-02,3.014148e-02,6.633794e-02,1.591408e-03,6.882380e-03,2.321381e-01,6.949341e-02,6.264090e-02,1.085671e-02,9.060089e-02,1.756126e-02,1.198729e-01
1.441565e-02,4.082090e-02,1.166021e-01,6.831878e-02,2.367740e-02,5.464916e-02,1.246808e-03,5.457642e-03,2.500989e-01,6.148184e-02,1.041200e-01,1.753394e-02,9.977359e-02,1.549729e-02,1.263060e-01
1.053642e-02,9.398104e-02,8.244254e-02,5.088510e-02,1.710945e-02,4.482009e-02,9.199204e-04,3.883244e-03,3.776384e-01,4.525480e-02,7.929251e-02,1.392874e-02,7.728209e-02,1.106346e-02,9.096217e-02
7.845582e-03,9.902273e-02,5.823958e-02,4.001325e-02,1.261193e-02,3.652800e-02,7.079027e-04,2.831237e-03,5.095227e-01,3.339833e-02,5.839167e-02,1.043683e-02,5.673175e-02,7.900858e-03,6.581765e-02
6.036844e-03,1.602753e-01,4.586856e-02,1.097087e-01,9.409434e-03,2.895313e-02,5.160483e-04,2.308365e-03,4.665514e-01,2.391633e-02,4.341362e-02,7.872139e-03,4.171687e-02,5.770422e-03,4.768289e-02
9.455614e-03,1.270622e-01,3.391644e-02,8.544891e-02,1.151189e-02,3.007170e-02,7.389758e-04,2.752508e-03,5.711810e-01,1.822907e-02,3.211680e-02,5.735029e-03,3.137985e-02,4.754279e-03,3.564570e-02
1.599376e-02,9.468738e-02,3.091411e-02,1.154908e-01,1.331210e-02,4.481922e-02,8.734644e-04,9.138400e-03,5.529283e-01,1.994585e-02,3.357866e-02,5.492651e-03,2.590024e-02,4.711689e-03,3.221336e-02
1.251929e-02,7.108438e-02,1.662094e-01,1.767955e-01,1.064842e-02,4.076928e-02,8.549400e-04,6.689278e-03,4.159448e-01,1.760356e-02,2.593663e-02,5.136103e-03,2.042055e-02,3.475676e-03,2.591229e-02
1.050476e-02,5.673623e-02,1.659681e-01,2.242549e-01,1.252897e-02,3.581962e-02,2.185050e-03,5.183519e-03,3.520215e-01,2.132250e-02,5.117313e-02,7.181979e-03,3.047724e-02,2.879061e-03,2.176345e-02
1.098033e-02,4.276904e-02,1.505646e-01,3.269427e-01,2.172266e-02,3.437371e-02,2.239673e-03,1.071458e-02,2.760114e-01,1.735796e-02,5.022253e-02,7.609766e-03,2.747343e-02,3.528167e-03,1.748940e-02
1.641684e-02,3.436180e-02,1.395747e-01,2.876019e-01,3.740144e-02,5.189709e-02,2.583070e-03,1.145682e-02,2.174508e-01,2.345156e-02,7.047297e-02,9.414466e-03,3.972095e-02,8.010944e-03,5.018463e-02
9.355690e-02,3.640064e-02,1.109283e-01,2.206050e-01,4.317096e-02,4.906923e-02,2.922800e-03,1.361634e-02,2.004550e-01,2.023668e-02,7.973644e-02,2.103749e-02,4.405756e-02,1.535143e-02,4.885515e-02
1.495396e-01,4.074555e-02,1.015186e-01,1.681158e-01,4.982748e-02,4.703072e-02,3.926042e-03,1.809562e-02,1.729917e-01,1.751339e-02,7.294689e-02,2.555135e-02,5.384131e-02,1.911870e-02,5.923717e-02
1.783504e-01,5.265239e-02,1.391433e-01,1.538786e-01,5.016304e-02,3.875880e-02,4.128921e-03,1.679531e-02,1.340341e-01,1.332226e-02,5.624533e-02,3.672295e-02,5.896453e-02,1.498135e-02,5.185875e-02
2.125615e-01,4.877229e-02,1.075530e-01,1.185829e-01,3.712947e-02,3.824061e-02,3.950662e-03,1.382316e-02,1.047973e-01,1.110610e-02,4.666533e-02,8.009084e-02,9.475659e-02,2.160195e-02,6.036824e-02
3.213558e-01,5.067123e-02,8.174302e-02,1.010074e-01,2.935225e-02,3.687929e-02,3.988579e-03,1.063928e-02,8.670844e-02,1.077445e-02,3.896920e-02,7.351263e-02,7.918528e-02,1.783527e-02,5.737781e-02
3.162463e-01,5.653717e-02,7.024598e-02,1.155977e-01,3.028344e-02,3.244310e-02,4.494526e-03,9.220062e-03,9.290387e-02,1.227354e-02,3.032231e-02,7.190482e-02,9.110605e-02,1.504613e-02,5.137498e-02
3.637829e-01,6.110635e-02,5.565819e-02,9.499318e-02,2.723957e-02,4.143142e-02,5.534689e-03,1.123759e-02,9.445801e-02,1.139442e-02,2.491808e-02,6.235380e-02,9.111439e-02,1.211880e-02,4.265867e-02
4.147190e-01,5.962500e-02,4.625275e-02,9.197597e-02,2.247166e-02,4.630706e-02,9.209481e-03,1.269840e-02,8.749379e-02,9.527645e-03,1.918183e-02,5.271625e-02,8.029285e-02,9.408724e-03,3.811966e-02
3.855878e-01,1.020707e-01,3.780185e-02,1.084277e-01,1.761673e-02,4.481877e-02,7.669858e-03,1.069107e-02,8.547542e-02,9.277330e-03,2.499160e-02,4.911514e-02,6.942231e-02,1.105221e-02,3.598162e-02
4.050488e-01,9.271267e-02,3.026303e-02,9.037703e-02,1.545916e-02,4.203839e-02,7.038433e-03,1.077146e-02,7.540315e-02,9.353795e-03,2.867641e-02,5.343384e-02,8.274823e-02,1.431000e-02,4.236575e-02
3.928621e-01,7.994819e-02,2.351705e-02,8.643163e-02,1.660364e-02,3.565885e-02,5.843389e-03,9.785632e-03,6.679020e-02,1.047189e-02,3.052955e-02,4.647822e-02,1.349361e-01,1.344653e-02,4.669712e-02
2.935087e-01,7.073827e-02,2.897267e-02,9.889638e-02,2.235383e-02,3.295231e-02,6.326380e-03,8.935250e-03,6.724746e-02,1.200660e-02,2.430954e-02,4.020507e-02,2.395075e-01,1.072313e-02,4.331700e-02
2.180148e-01,5.834087e-02,2.696661e-02,9.437440e-02,3.252596e-02,2.998881e-02,9.826256e-03,8.071268e-03,5.503409e-02,1.529848e-02,2.378822e-02,3.443765e-02,3.398802e-01,9.336647e-03,4.411578e-02
1.715873e-01,4.793395e-02,2.959037e-02,7.887651e-02,5.045845e-02,3.311826e-02,1.423214e-02,1.306835e-02,5.686922e-02,1.819734e-02,2.512822e-02,3.048543e-02,3.696283e-01,8.567384e-03,5.225877e-02
1.339673e-01,4.161220e-02,4.945157e-02,6.975134e-02,6.889087e-02,3.340707e-02,1.421892e-02,1.959517e-02,5.696860e-02,2.012004e-02,2.729201e-02,2.725752e-02,3.606113e-01,7.700949e-03,6.915517e-02
1.159985e-01,4.289472e-02,9.538168e-02,5.871331e-02,9.380230e-02,3.204101e-02,1.798110e-02,1.827474e-02,7.039360e-02,2.315619e-02,2.134775e-02,2.103852e-02,2.894022e-01,6.096721e-03,9.347772e-02
1.007083e-01,4.599449e-02,1.410353e-01,4.488703e-02,9.883372e-02,3.289196e-02,1.627045e-02,1.667724e-02,8.257784e-02,2.138484e-02,1.665537e-02,1.620015e-02,2.633948e-01,4.529066e-03,9.795950e-02
7.872014e-02,9.298517e-02,1.726920e-01,3.404985e-02,7.927882e-02,4.904178e-02,1.365971e-02,1.320640e-02,1.051213e-01,2.561865e-02,1.538019e-02,1.293621e-02,2.132415e-01,3.328248e-03,9.074003e-02
6.183612e-02,8.092421e-02,1.889364e-01,8.671211e-02,1.001737e-01,5.318294e-02,1.284585e-02,4.726900e-02,1.078160e-01,1.864912e-02,1.118675e-02,9.337888e-03,1.526733e-01,2.386014e-03,6.607068e-02
6.606925e-02,6.707018e-02,1.733699e-01,9.095947e-02,1.338525e-01,9.544244e-02,2.433851e-02,4.244335e-02,1.066471e-01,1.379996e-02,8.367171e-03,7.040306e-03,1.153889e-01,1.887178e-03,5.332388e-02
5.758986e-02,7.809863e-02,1.478309e-01,8.317462e-02,1.191012e-01,8.358149e-02,2.580386e-02,3.128089e-02,2.155468e-01,1.068036e-02,6.429251e-03,5.164783e-03,9.185348e-02,1.378253e-03,4.248566e-02
5.894937e-02,6.398293e-02,1.517815e-01,1.008656e-01,1.306854e-01,8.005058e-02,3.616340e-02,8.609086e-02,1.684911e-01,7.907187e-03,4.824981e-03,4.120622e-03,6.971029e-02,9.984648e-04,3.537766e-02
5.927364e-02,5.014865e-02,1.640462e-01,9.762907e-02,1.147775e-01,7.297079e-02,1.142220e-01,9.286980e-02,1.265427e-01,6.111505e-03,3.553728e-03,3.187965e-03,6.439091e-02,7.276979e-04,2.954791e-02
6.915746e-02,4.105130e-02,1.312679e-01,8.032537e-02,1.078505e-01,8.421369e-02,1.054885e-01,1.831983e-01,1.084163e-01,5.175145e-03,2.746226e-03,2.755614e-03,5.211075e-02,6.241747e-04,2.561880e-02
9.765318e-02,4.514480e-02,1.084269e-01,6.251582e-02,9.579550e-02,1.015144e-01,9.051598e-02,1.983052e-01,1.081495e-01,5.117576e-03,2.285133e-03,3.333336e-03,4.933130e-02,6.629422e-04,3.124844e-02
1.369945e-01,4.758222e-02,8.487506e-02,5.873872e-02,9.847102e-02,8.800650e-02,9.931792e-02,1.627435e-01,1.020275e-01,8.168318e-03,4.038597e-03,1.107942e-02,6.499804e-02,1.049421e-03,3.190933e-02
2.345099e-01,4.053481e-02,6.324247e-02,4.555932e-02,9.779574e-02,6.800998e-02,8.936046e-02,1.224663e-01,1.088969e-01,7.179895e-03,4.513179e-03,1.558987e-02,7.501117e-02,1.168604e-03,2.616135e-02
2.988359e-01,3.733764e-02,4.770472e-02,3.501901e-02,1.122975e-01,5.395453e-02,8.293205e-02,8.900753e-02,1.166082e-01,6.235481e-03,4.318378e-03,1.486073e-02,7.614288e-02,1.532925e-03,2.321266e-02
3.603755e-01,3.172269e-02,3.508254e-02,2.705285e-02,9.702811e-02,5.862575e-02,6.107600e-02,6.558999e-02,1.310378e-01,6.585728e-03,4.369176e-03,1.356678e-02,8.486579e-02,1.523471e-03,2.149782e-02
4.429435e-01,2.899675e-02,2.808811e-02,2.216683e-02,7.238112e-02,5.417728e-02,4.476934e-02,4.838831e-02,1.150879e-01,5.778386e-03,4.862698e-03,1.910312e-02,9.114902e-02,2.599808e-03,1.950792e-02
1.000000e+00,0.000000e+00,0.000000e+00,0.000000e+00,0.000000e+00,0.000000e+00,0.000000e+00,0.000000e+00,0.000000e+00,0.000000e+00,0.000000e+00,0.000000e+00,0.000000e+00,0.000000e+00,0.000000e+00
1.000000e+00,0.000000e+00,0.000000e+00,0.000000e+00,0.000000e+00,0.000000e+00,0.000000e+00,0.000000e+00,0.000000e+00,0.000000e+00,0.000000e+00,0.000000e+00,0.000000e+00,0.000000e+00,0.000000e+00
1.000000e+00,0.000000e+00,0.000000e+00,0.000000e+00,0.000000e+00,0.000000e+00,0.000000e+00,0.000000e+00,0.000000e+00,0.000000e+00,0.000000e+00,0.000000e+00,0.000000e+00,0.000000e+00,0.000000e+00
1.000000e+00,0.000000e+00,0.000000e+00,0.000000e+00,0.000000e+00,0.000000e+00,0.000000e+00,0.000000e+00,0.000000e+00,0.000000e+00,0.000000e+00,0.000000e+00,0.000000e+00,0.000000e+00,0.000000e+00
1.000000e+00,0.000000e+00,0.000000e+00,0.000000e+00,0.000000e+00,0.000000e+00,0.000000e+00,0.000000e+00,0.000000e+00,0.000000e+00,0.000000e+00,0.000000e+00,0.000000e+00,0.000000e+00,0.000000e+00
1.000000e+00,0.000000e+00,0.000000e+00,0.000000e+00,0.000000e+00,0.000000e+00,0.000000e+00,0.000000e+00,0.000000e+00,0.000000e+00,0.000000e+00,0.000000e+00,0.000000e+00,0.000000e+00,0.000000e+00
4.317268e-01,4.334851e-02,3.929146e-02,5.472129e-02,2.956765e-02,3.431302e-02,1.174792e-02,2.321516e-02,9.095518e-02,3.303933e-02,1.564318e-02,3.289747e-02,5.580319e-02,5.712613e-03,9.801725e-02
3.901177e-01,4.568734e-02,3.394765e-02,6.409786e-02,3.109851e-02,3.150791e-02,1.394885e-02,2.297971e-02,1.216762e-01,3.429492e-02,1.675819e-02,3.333606e-02,4.904714e-02,5.679090e-03,1.058228e-01
3.535652e-01,5.088881e-02,2.835769e-02,5.608297e-02,3.296262e-02,3.527788e-02,1.388949e-02,2.140401e-02,1.503987e-01,3.693418e-02,1.601540e-02,3.528818e-02,5.102434e-02,5.643600e-03,1.122669e-01
3.819763e-01,5.388386e-02,2.425936e-02,5.071307e-02,3.635830e-02,3.276706e-02,1.500464e-02,2.095161e-02,1.455277e-01,2.959384e-02,1.428045e-02,3.326571e-02,4.742742e-02,5.760224e-03,1.082306e-01
3.885680e-01,5.552266e-02,2.087171e-02,5.973119e-02,3.560355e-02,3.804740e-02,1.456822e-02,1.975450e-02,1.471067e-01,2.555822e-02,1.616677e-02,4.242350e-02,4.038295e-02,4.976392e-03,9.071829e-02
3.715393e-01,5.908135e-02,1.800604e-02,6.068078e-02,3.698745e-02,3.519669e-02,1.682744e-02,3.781202e-02,1.659414e-01,2.098376e-02,1.532632e-02,3.971455e-02,3.419190e-02,4.653594e-03,8.305746e-02
4.047039e-01,5.079480e-02,1.491156e-02,5.651999e-02,3.412888e-02,3.918041e-02,1.668700e-02,4.282121e-02,1.627821e-01,1.669694e-02,1.505160e-02,4.228323e-02,3.021342e-02,4.817674e-03,6.840730e-02
3.703433e-01,4.617670e-02,1.635406e-02,4.517929e-02,3.158341e-02,5.015887e-02,2.618023e-02,6.467101e-02,1.796065e-01,1.234000e-02,1.283400e-02,3.755148e-02,3.208889e-02,4.263311e-03,7.066895e-02
3.472437e-01,4.354804e-02,1.915816e-02,3.432388e-02,2.923072e-02,5.466688e-02,4.480055e-02,6.609903e-02,1.820541e-01,9.225225e-03,1.021333e-02,2.967015e-02,3.313769e-02,3.600240e-03,9.302831e-02
3.574377e-01,5.509005e-02,2.497588e-02,2.894894e-02,2.678426e-02,8.773515e-02,3.943080e-02,5.180369e-02,1.706072e-01,8.016204e-03,8.543833e-03,2.573531e-02,3.428742e-02,3.295069e-03,7.730858e-02
2.888178e-01,5.169885e-02,2.632339e-02,2.725208e-02,2.680632e-02,1.103460e-01,4.816892e-02,3.832005e-02,1.326525e-01,3.869203e-02,1.622725e-02,2.395260e-02,5.908969e-02,7.013779e-03,1.046388e-01
2.269343e-01,4.435242e-02,2.283027e-02,4.309488e-02,2.306212e-02,1.232318e-01,3.760789e-02,2.751198e-02,1.060780e-01,6.891968e-02,2.166358e-02,2.293156e-02,6.753370e-02,1.360962e-02,1.506381e-01
1.607009e-01,3.196846e-02,2.303542e-02,3.304382e-02,1.738990e-02,9.097333e-02,2.683214e-02,1.952506e-02,7.849152e-02,1.258229e-01,5.534061e-02,3.512572e-02,1.036411e-01,1.155538e-02,1.865537e-01
1.161187e-01,2.426440e-02,2.014724e-02,2.804283e-02,1.572286e-02,6.851797e-02,1.918265e-02,1.406347e-02,6.202719e-02,1.181381e-01,5.874944e-02,2.781541e-02,9.244053e-02,1.286129e-02,3.219080e-01
8.168664e-02,1.926808e-02,1.532193e-02,2.193329e-02,1.195782e-02,4.942750e-02,1.357310e-02,1.025537e-02,9.175725e-02,1.143473e-01,5.300399e-02,2.036092e-02,7.048320e-02,1.176375e-02,4.148599e-01
5.745685e-02,1.853320e-02,3.544953e-02,2.695534e-02,8.993346e-03,3.841547e-02,1.032287e-02,2.618038e-02,1.093735e-01,8.929731e-02,5.117010e-02,1.561161e-02,5.676105e-02,1.124456e-02,4.442349e-01
4.092323e-02,4.129931e-02,3.826024e-02,2.899771e-02,7.277132e-03,4.455353e-02,8.181523e-03,2.410896e-02,1.529787e-01,6.697264e-02,4.218390e-02,1.223707e-02,4.761382e-02,1.172336e-02,4.326890e-01
2.907484e-02,3.622884e-02,5.497906e-02,3.314939e-02,5.674159e-03,3.427975e-02,5.997182e-03,1.890765e-02,3.228709e-01,5.176883e-02,3.369100e-02,1.198667e-02,3.868580e-02,9.597479e-03,3.131085e-01
2.074451e-02,2.626735e-02,3.953432e-02,2.600115e-02,4.650352e-03,2.453468e-02,4.270897e-03,1.497526e-02,4.940673e-01,3.884228e-02,2.929849e-02,1.011607e-02,2.923460e-02,8.745623e-03,2.287172e-01
1.483701e-02,1.902894e-02,2.860419e-02,1.899660e-02,3.725350e-03,1.797403e-02,3.166255e-03,2.009011e-02,5.954023e-01,2.800139e-02,3.458007e-02,9.777698e-03,2.786836e-02,9.905628e-03,1.680421e-01
1.138753e-02,2.272408e-02,2.165635e-02,1.493515e-02,4.316346e-03,2.891664e-02,2.650484e-03,1.902073e-02,5.076128e-01,2.178172e-02,3.518292e-02,1.359216e-02,1.020815e-01,1.323643e-02,1.809051e-01
9.075586e-03,2.290216e-02,1.701235e-02,1.286802e-02,4.407094e-03,3.494204e-02,2.171534e-03,2.069789e-02,4.437229e-01,1.726053e-02,3.036418e-02,1.540889e-02,1.749550e-01,1.343196e-02,1.807798e-01
9.360166e-03,2.002137e-02,1.248007e-02,1.093723e-02,4.228389e-03,5.523370e-02,1.606550e-03,1.915858e-02,4.169301e-01,1.422179e-02,3.016146e-02,1.280872e-02,2.320441e-01,1.371294e-02,1.470947e-01
1.086177e-02,2.106329e-02,9.431571e-03,1.104025e-02,4.842719e-03,8.144759e-02,1.231659e-03,1.833325e-02,4.109044e-01,1.313230e-02,2.728644e-02,1.155124e-02,2.365731e-01,1.561488e-02,1.266855e-01
1.012637e-02,3.698593e-02,8.105326e-03,1.414245e-02,6.920716e-03,1.270830e-01,1.151304e-03,1.750367e-02,3.547497e-01,1.155955e-02,2.373368e-02,1.100398e-02,2.415937e-01,1.294776e-02,1.223928e-01
1.759768e-02,6.403391e-02,8.086110e-03,1.680991e-02,1.429095e-02,1.292378e-01,1.215341e-03,2.465263e-02,3.352920e-01,1.096601e-02,2.003531e-02,9.038015e-03,2.272390e-01,1.191223e-02,1.095931e-01
4.285458e-02,7.908198e-02,1.200431e-02,2.194368e-02,4.596792e-02,1.099832e-01,1.852851e-03,3.331461e-02,3.015946e-01,1.054011e-02,1.561166e-02,7.204343e-03,2.090150e-01,1.180097e-02,9.723018e-02
6.186516e-02,1.461217e-01,1.306636e-02,1.874047e-02,4.500717e-02,8.724287e-02,1.529615e-03,3.174037e-02,2.739556e-01,1.330554e-02,1.161277e-02,5.421518e-03,1.736212e-01,9.587290e-03,1.071825e-01
7.965285e-02,1.995896e-01,1.357828e-02,1.601708e-02,4.839578e-02,7.438082e-02,1.304428e-03,2.946291e-02,2.523474e-01,1.479780e-02,8.598937e-03,4.156660e-03,1.408524e-01,8.112795e-03,1.087524e-01
8.123442e-02,2.266902e-01,1.368377e-02,3.944769e-02,4.090167e-02,5.666937e-02,1.216867e-03,2.661928e-02,2.706175e-01,1.624353e-02,6.840991e-03,3.500753e-03,1.019688e-01,6.658899e-03,1.077064e-01
7.467896e-02,2.818394e-01,1.287524e-02,3.125210e-02,4.125571e-02,5.967204e-02,2.170531e-03,3.009635e-02,2.852363e-01,1.177948e-02,5.262878e-03,2.905831e-03,7.323043e-02,5.894125e-03,8.185066e-02
6.674840e-02,2.858827e-01,1.111957e-02,2.906136e-02,3.781885e-02,6.639943e-02,2.490469e-03,2.406371e-02,3.401133e-01,8.751933e-03,3.866114e-03,2.244427e-03,5.378300e-02,4.409367e-03,6.324750e-02
5.556383e-02,3.013533e-01,8.131465e-03,2.425124e-02,4.251704e-02,7.802577e-02,2.319747e-03,2.611922e-02,3.562389e-01,6.367203e-03,2.766997e-03,1.632861e-03,3.862357e-02,3.165045e-03,5.292387e-02
4.308422e-02,2.814018e-01,6.157836e-03,3.624759e-02,4.628024e-02,7.622454e-02,2.384571e-03,8.357766e-02,3.433759e-01,4.591171e-03,1.991601e-03,1.212840e-03,2.910473e-02,2.257712e-03,4.210762e-02
4.265106e-02,3.185948e-01,4.704840e-03,3.122169e-02,5.919327e-02,7.322204e-02,2.973307e-03,9.635937e-02,3.058148e-01,3.265652e-03,1.436147e-03,9.210255e-04,2.482983e-02,1.605237e-03,3.320692e-02
4.109352e-02,3.110453e-01,4.284138e-03,3.307556e-02,6.819792e-02,6.942344e-02,2.680453e-03,1.514321e-01,2.676430e-01,2.469176e-03,1.063343e-03,6.958143e-04,1.847870e-02,1.153335e-03,2.726424e-02
3.664787e-02,2.610160e-01,5.526246e-03,3.091155e-02,6.216489e-02,5.571960e-02,2.451149e-03,2.998531e-01,2.068027e-01,1.793823e-03,8.001432e-04,5.276362e-04,1.395357e-02,8.287120e-04,2.100297e-02
3.728321e-02,2.238474e-01,1.203871e-02,3.164355e-02,5.710378e-02,4.575435e-02,2.512660e-03,3.882720e-01,1.690933e-01,1.717583e-03,8.471202e-04,8.908405e-04,1.036720e-02,6.361696e-04,1.799222e-02
3.561776e-02,2.121741e-01,1.897363e-02,2.601358e-02,4.989138e-02,3.939295e-02,3.192204e-03,4.505309e-01,1.381819e-01,1.385220e-03,7.848619e-04,8.128756e-04,8.360147e-03,4.635583e-04,1.422484e-02
4.100326e-02,1.649992e-01,2.062213e-02,2.331932e-02,4.062451e-02,4.541327e-02,2.965338e-03,5.216060e-01,1.136136e-01,1.097517e-03,1.306240e-03,2.460831e-03,8.588901e-03,3.507505e-04,1.202916e-02
6.331244e-02,1.259729e-01,2.917417e-02,2.713824e-02,3.198762e-02,6.217788e-02,2.995846e-03,4.945648e-01,9.184770e-02,1.189248e-03,5.241423e-03,1.216516e-02,3.655893e-02,3.925839e-04,1.528094e-02
8.041389e-02,9.224213e-02,3.193406e-02,3.771302e-02,2.526518e-02,6.348549e-02,4.599426e-03,3.991027e-01,7.115503e-02,2.113840e-03,3.085588e-02,3.836673e-02,1.045041e-01,4.640371e-04,1.778448e-02
1.298938e-01,6.696002e-02,2.380937e-02,3.883647e-02,1.838097e-02,5.527082e-02,7.737550e-03,2.933819e-01,6.000914e-02,3.083959e-03,4.883786e-02,6.609589e-02,1.700231e-01,1.097169e-03,1.658190e-02
1.823632e-01,4.940546e-02,1.707447e-02,3.706390e-02,1.376000e-02,5.212309e-02,1.671828e-02,2.107258e-01,5.630356e-02,4.819913e-03,5.002299e-02,9.594920e-02,1.956794e-01,1.191996e-03,1.679866e-02
1.738425e-01,4.460786e-02,1.250114e-02,3.731647e-02,1.278662e-02,4.638781e-02,1.780043e-02,1.491518e-01,6.813152e-02,9.696221e-03,4.641514e-02,1.855269e-01,1.776733e-01,1.787567e-03,1.637467e-02
1.514322e-01,3.231047e-02,8.908741e-03,2.740067e-02,9.955741e-03,3.690204e-02,1.975725e-02,1.051987e-01,5.581496e-02,1.280041e-02,4.586190e-02,3.398864e-01,1.371049e-01,3.756734e-03,1.290874e-02
1.264013e-01,2.342988e-02,6.443363e-03,1.982400e-02,7.855588e-03,2.848824e-02,2.017067e-02,7.475277e-02,4.287056e-02,1.332833e-02,4.386470e-02,4.697816e-01,1.066260e-01,6.035129e-03,1.012795e-02
1.299070e-01,1.947641e-02,5.809517e-03,1.460618e-02,8.527391e-03,2.414753e-02,1.779018e-02,5.441792e-02,3.276117e-02,1.385156e-02,5.818414e-02,5.184494e-01,7.991698e-02,1.304314e-02,9.111488e-03
1.572390e-01,1.542637e-02,5.374051e-03,1.128260e-02,8.636823e-03,2.651994e-02,1.389528e-02,3.898903e-02,2.543811e-02,1.477511e-02,7.571256e-02,5.215679e-01,5.772658e-02,1.801036e-02,9.406290e-03
1.573495e-01,1.207924e-02,4.273028e-03,8.872915e-03,1.146533e-02,2.167294e-02,1.023789e-02,2.756407e-02,2.225068e-02,1.376581e-02,6.769675e-02,5.798421e-01,4.074203e-02,1.488674e-02,7.301014e-03
1.309966e-01,8.620315e-03,3.078009e-03,6.369879e-03,8.994287e-03,1.709369e-02,7.314458e-03,1.938388e-02,1.627396e-02,1.308621e-02,7.413995e-02,6.473484e-01,2.872595e-02,1.328442e-02,5.289891e-03
1.355302e-01,6.241550e-03,2.337159e-03,4.720465e-03,7.809861e-03,2.129175e-02,5.590905e-03,1.382377e-02,1.222625e-02,1.269003e-02,7.589494e-02,6.657293e-01,2.041759e-02,1.177173e-02,3.924381e-03
1.188928e-01,5.613159e-03,1.899685e-03,3.783925e-03,1.278706e-02,1.626370e-02,4.063825e-03,1.004820e-02,9.820234e-03,1.185061e-02,1.722123e-01,6.019847e-01,1.566797e-02,1.197842e-02,3.133350e-03
9.147917e-02,5.591269e-03,1.775444e-03,3.123374e-03,2.072672e-02,1.225624e-02,3.053595e-03,7.542349e-03,1.046357e-02,1.526474e-02,2.594473e-01,5.395115e-01,1.248312e-02,1.459161e-02,2.689932e-03
7.593268e-02,1.387799e-02,6.768692e-03,3.174010e-03,4.840044e-02,1.464660e-02,2.981351e-03,8.467388e-03,3.687222e-02,2.370809e-02,2.565477e-01,4.636065e-01,1.017448e-02,2.966489e-02,5.176969e-03
7.410923e-02,1.731368e-02,9.243567e-03,3.400530e-03,6.301700e-02,1.456654e-02,2.811337e-03,9.463644e-03,8.948760e-02,2.346504e-02,2.687876e-01,3.516493e-01,8.308448e-03,5.277916e-02,1.159734e-02
8.866059e-02,2.956458e-02,1.471648e-02,4.486457e-03,8.913542e-02,2.272213e-02,2.704598e-03,9.808245e-03,9.485900e-02,1.989925e-02,2.476031e-01,2.593181e-01,7.778885e-03,8.924268e-02,1.950042e-02
9.055494e-02,7.138848e-02,6.067963e-02,6.574663e-03,9.689592e-02,2.805748e-02,2.186651e-03,2.250876e-02,1.148835e-01,1.627789e-02,1.921494e-01,1.854705e-01,7.301046e-03,8.736169e-02,1.770949e-02
9.487949e-02,1.050745e-01,8.608444e-02,8.039026e-03,8.254735e-02,2.789593e-02,1.855839e-03,2.651298e-02,1.188730e-01,1.652429e-02,1.732086e-01,1.355010e-01,7.013417e-03,9.805909e-02,1.793105e-02
9.320351e-02,1.177911e-01,8.234691e-02,7.807586e-03,7.715645e-02,2.398361e-02,1.694724e-03,3.368901e-02,1.477416e-01,2.107905e-02,1.519617e-01,9.699752e-02,5.812828e-03,1.221701e-01,1.656425e-02
8.065020e-02,1.261576e-01,7.499395e-02,7.814217e-03,9.104037e-02,2.310661e-02,1.766235e-03,3.582009e-02,2.149130e-01,1.905131e-02,1.319688e-01,6.856506e-02,4.525932e-03,1.010593e-01,1.856731e-02
6.843482e-02,1.393346e-01,7.052943e-02,6.930745e-03,9.893312e-02,2.024788e-02,1.552052e-03,4.119926e-02,2.736736e-01,1.995337e-02,1.031791e-01,4.839499e-02,3.439795e-03,8.850273e-02,1.569452e-02
5.387937e-02,1.678816e-01,1.201782e-01,7.723966e-03,8.847064e-02,1.596319e-02,1.690703e-03,6.167985e-02,2.507598e-01,1.727826e-02,7.422374e-02,3.430089e-02,3.976059e-03,6.395416e-02,3.803953e-02
5.223773e-02,2.375755e-01,1.145472e-01,7.344146e-03,7.740377e-02,1.400455e-02,1.511356e-03,6.620526e-02,2.458341e-01,1.574051e-02,5.653475e-02,2.445474e-02,3.286525e-03,4.981893e-02,3.350093e-02
4.298581e-02,2.243167e-01,1.455615e-01,5.085646e-02,7.828756e-02,1.086154e-02,1.572041e-03,9.553344e-02,2.114385e-01,1.310398e-02,4.017834e-02,1.824453e-02,2.817657e-03,3.511932e-02,2.912253e-02
3.920148e-02,2.275699e-01,1.722799e-01,6.849079e-02,5.909511e-02,1.028933e-02,1.133018e-03,7.678469e-02,1.639166e-01,9.857359e-03,8.273274e-02,2.369896e-02,5.924151e-03,3.212417e-02,2.690183e-02
3.482671e-02,2.135990e-01,2.204507e-01,9.059930e-02,4.868500e-02,9.767259e-03,8.284844e-04,5.766079e-02,1.304147e-01,7.466828e-03,9.020789e-02,3.259982e-02,5.698043e-03,3.019194e-02,2.700355e-02
2.838252e-02,1.609470e-01,1.848299e-01,9.400959e-02,3.489373e-02,9.995693e-03,6.702367e-04,4.281288e-02,1.021312e-01,6.793124e-03,1.521022e-01,1.189784e-01,6.462551e-03,3.434422e-02,2.264674e-02
2.371901e-02,1.168059e-01,1.353400e-01,7.351372e-02,2.494325e-02,8.898587e-03,5.544563e-04,3.083803e-02,7.604261e-02,5.852819e-03,3.082336e-01,1.330043e-01,5.411307e-03,3.966584e-02,1.717667e-02
1.678989e-02,8.226571e-02,9.627073e-02,5.304978e-02,1.808874e-02,6.771196e-03,5.273282e-04,2.176180e-02,5.462096e-02,4.927881e-03,4.834421e-01,1.140845e-01,4.030410e-03,3.062301e-02,1.274609e-02
1.313177e-02,6.223954e-02,6.870054e-02,3.749929e-02,1.722540e-02,6.741992e-03,4.740533e-04,1.539925e-02,4.606615e-02,8.421356e-03,5.427965e-01,1.227148e-01,3.237555e-03,4.401027e-02,1.134155e-02
9.416974e-03,4.429476e-02,4.833080e-02,2.641068e-02,1.358727e-02,5.701949e-03,4.667977e-04,1.084193e-02,3.819002e-02,8.880979e-03,6.347347e-01,1.122792e-01,2.669617e-03,3.562998e-02,8.564269e-03
7.383814e-03,3.150250e-02,3.408083e-02,1.880405e-02,1.106973e-02,5.105054e-03,4.576683e-04,7.878521e-03,3.034106e-02,9.539627e-03,6.666557e-01,1.294456e-01,2.263867e-03,3.922300e-02,6.249038e-03
6.241862e-03,2.255734e-02,2.441717e-02,1.339357e-02,1.518981e-02,1.075059e-02,1.735016e-03,6.679553e-03,2.754058e-02,1.158896e-02,6.675147e-01,1.325176e-01,2.202617e-03,5.301827e-02,4.652367e-03
4.545427e-03,1.589319e-02,1.734333e-02,9.430116e-03,1.174363e-02,9.902969e-03,1.599863e-03,4.826183e-03,1.975123e-02,1.080578e-02,7.332951e-01,1.113921e-01,2.020411e-03,4.410969e-02,3.340941e-03
3.315503e-03,1.170998e-02,1.270271e-02,6.650764e-03,9.945249e-03,1.075015e-02,1.392036e-03,3.451276e-03,1.456114e-02,8.194736e-02,7.063379e-01,9.925157e-02,1.811201e-03,3.357431e-02,2.598928e-03
2.698380e-03,9.573543e-03,9.791918e-03,4.746492e-03,1.956398e-02,3.834503e-02,5.197010e-03,3.218516e-03,1.474660e-02,1.245208e-01,6.221577e-01,1.098734e-01,1.938480e-03,3.159800e-02,2.030170e-03
2.418511e-03,7.398328e-03,7.686533e-03,3.509026e-03,2.140029e-02,3.176990e-02,8.918768e-03,4.853266e-03,1.173981e-02,2.488905e-01,5.389038e-01,8.537747e-02,1.841541e-03,2.333372e-02,1.958554e-03
2.255719e-03,1.254327e-02,8.852307e-03,2.662977e-03,2.877071e-02,2.522874e-02,6.911550e-03,4.323255e-03,1.087538e-02,4.115413e-01,4.007864e-01,6.125623e-02,1.679857e-03,1.691502e-02,5.397297e-03
