1.000000e+00,0.000000e+00,0.000000e+00,0.000000e+00,0.000000e+00,0.000000e+00,0.000000e+00,0.000000e+00,0.000000e+00,0.000000e+00,0.000000e+00,0.000000e+00,0.000000e+00,0.000000e+00,0.000000e+00
1.000000e+00,0.000000e+00,0.000000e+00,0.000000e+00,0.000000e+00,0.000000e+00,0.000000e+00,0.000000e+00,0.000000e+00,0.000000e+00,0.000000e+00,0.000000e+00,0.000000e+00,0.000000e+00,0.000000e+00
1.000000e+00,0.000000e+00,0.000000e+00,0.000000e+00,0.000000e+00,0.000000e+00,0.000000e+00,0.000000e+00,0.000000e+00,0.000000e+00,0.000000e+00,0.000000e+00,0.000000e+00,0.000000e+00,0.000000e+00
1.000000e+00,0.000000e+00,0.000000e+00,0.000000e+00,0.000000e+00,0.000000e+00,0.000000e+00,0.000000e+00,0.000000e+00,0.000000e+00,0.000000e+00,0.000000e+00,0.000000e+00,0.000000e+00,0.000000e+00
1.000000e+00,0.000000e+00,0.000000e+00,0.000000e+00,0.000000e+00,0.000000e+00,0.000000e+00,0.000000e+00,0.000000e+00,0.000000e+00,0.000000e+00,0.000000e+00,0.000000e+00,0.000000e+00,0.000000e+00
1.000000e+00,0.000000e+00,0.000000e+00,0.000000e+00,0.000000e+00,0.000000e+00,0.000000e+00,0.000000e+00,0.000000e+00,0.000000e+00,0.000000e+00,0.000000e+00,0.000000e+00,0.000000e+00,0.000000e+00
1.000000e+00,0.000000e+00,0.000000e+00,0.000000e+00,0.000000e+00,0.000000e+00,0.000000e+00,0.000000e+00,0.000000e+00,0.000000e+00,0.000000e+00,0.000000e+00,0.000000e+00,0.000000e+00,0.000000e+00
1.000000e+00,0.000000e+00,0.000000e+00,0.000000e+00,0.000000e+00,0.000000e+00,0.000000e+00,0.000000e+00,0.000000e+00,0.000000e+00,0.000000e+00,0.000000e+00,0.000000e+00,0.000000e+00,0.000000e+00
1.000000e+00,0.000000e+00,0.000000e+00,0.000000e+00,0.000000e+00,0.000000e+00,0.000000e+00,0.000000e+00,0.000000e+00,0.000000e+00,0.000000e+00,0.000000e+00,0.000000e+00,0.000000e+00,0.000000e+00
1.000000e+00,0.000000e+00,0.000000e+00,0.000000e+00,0.000000e+00,0.000000e+00,0.000000e+00,0.000000e+00,0.000000e+00,0.000000e+00,0.000000e+00,0.000000e+00,0.000000e+00,0.000000e+00,0.000000e+00
1.000000e+00,0.000000e+00,0.000000e+00,0.000000e+00,0.000000e+00,0.000000e+00,0.000000e+00,0.000000e+00,0.000000e+00,0.000000e+00,0.000000e+00,0.000000e+00,0.000000e+00,0.000000e+00,0.000000e+00
1.000000e+00,0.000000e+00,0.000000e+00,0.000000e+00,0.000000e+00,0.000000e+00,0.000000e+00,0.000000e+00,0.000000e+00,0.000000e+00,0.000000e+00,0.000000e+00,0.000000e+00,0.000000e+00,0.000000e+00
1.000000e+00,0.000000e+00,0.000000e+00,0.000000e+00,0.000000e+00,0.000000e+00,0.000000e+00,0.000000e+00,0.000000e+00,0.000000e+00,0.000000e+00,0.000000e+00,0.000000e+00,0.000000e+00,0.000000e+00
1.000000e+00,0.000000e+00,0.000000e+00,0.000000e+00,0.000000e+00,0.000000e+00,0.000000e+00,0.000000e+00,0.000000e+00,0.000000e+00,0.000000e+00,0.000000e+00,0.000000e+00,0.000000e+00,0.000000e+00
1.000000e+00,0.000000e+00,0.000000e+00,0.000000e+00,0.000000e+00,0.000000e+00,0.000000e+00,0.000000e+00,0.000000e+00,0.000000e+00,0.000000e+00,0.000000e+00,0.000000e+00,0.000000e+00,0.000000e+00
1.000000e+00,0.000000e+00,0.000000e+00,0.000000e+00,0.000000e+00,0.000000e+00,0.000000e+00,0.000000e+00,0.000000e+00,0.000000e+00,0.000000e+00,0.000000e+00,0.000000e+00,0.000000e+00,0.000000e+00
1.000000e+00,0.000000e+00,0.000000e+00,0.000000e+00,0.000000e+00,0.000000e+00,0.000000e+00,0.000000e+00,0.000000e+00,0.000000e+00,0.000000e+00,0.000000e+00,0.000000e+00,0.000000e+00,0.000000e+00
1.000000e+00,0.000000e+00,0.000000e+00,0.000000e+00,0.000000e+00,0.000000e+00,0.000000e+00,0.000000e+00,0.000000e+00,0.000000e+00,0.000000e+00,0.000000e+00,0.000000e+00,0.000000e+00,0.000000e+00
1.000000e+00,0.000000e+00,0.000000e+00,0.000000e+00,0.000000e+00,0.000000e+00,0.000000e+00,0.000000e+00,0.000000e+00,0.000000e+00,0.000000e+00,0.000000e+00,0.000000e+00,0.000000e+00,0.000000e+00
1.000000e+00,0.000000e+00,0.000000e+00,0.000000e+00,0.000000e+00,0.000000e+00,0.000000e+00,0.000000e+00,0.000000e+00,0.000000e+00,0.000000e+00,0.000000e+00,0.000000e+00,0.000000e+00,0.000000e+00
1.000000e+00,0.000000e+00,0.000000e+00,0.000000e+00,0.000000e+00,0.000000e+00,0.000000e+00,0.000000e+00,0.000000e+00,0.000000e+00,0.000000e+00,0.000000e+00,0.000000e+00,0.000000e+00,0.000000e+00
1.000000e+00,0.000000e+00,0.000000e+00,0.000000e+00,0.000000e+00,0.000000e+00,0.000000e+00,0.000000e+00,0.000000e+00,0.000000e+00,0.000000e+00,0.000000e+00,0.000000e+00,0.000000e+00,0.000000e+00
1.000000e+00,0.000000e+00,0.000000e+00,0.000000e+00,0.000000e+00,0.000000e+00,0.000000e+00,0.000000e+00,0.000000e+00,0.000000e+00,0.000000e+00,0.000000e+00,0.000000e+00,0.000000e+00,0.000000e+00
1.000000e+00,0.000000e+00,0.000000e+00,0.000000e+00,0.000000e+00,0.000000e+00,0.000000e+00,0.000000e+00,0.000000e+00,0.000000e+00,0.000000e+00,0.000000e+00,0.000000e+00,0.000000e+00,0.000000e+00
1.000000e+00,0.000000e+00,0.000000e+00,0.000000e+00,0.000000e+00,0.000000e+00,0.000000e+00,0.000000e+00,0.000000e+00,0.000000e+00,0.000000e+00,0.000000e+00,0.000000e+00,0.000000e+00,0.000000e+00
1.000000e+00,0.000000e+00,0.000000e+00,0.000000e+00,0.000000e+00,0.000000e+00,0.000000e+00,0.000000e+00,0.000000e+00,0.000000e+00,0.000000e+00,0.000000e+00,0.000000e+00,0.000000e+00,0.000000e+00
1.000000e+00,0.000000e+00,0.000000e+00,0.000000e+00,0.000000e+00,0.000000e+00,0.000000e+00,0.000000e+00,0.000000e+00,0.000000e+00,0.000000e+00,0.000000e+00,0.000000e+00,0.000000e+00,0.000000e+00
1.000000e+00,0.000000e+00,0.000000e+00,0.000000e+00,0.000000e+00,0.000000e+00,0.000000e+00,0.000000e+00,0.000000e+00,0.000000e+00,0.000000e+00,0.000000e+00,0.000000e+00,0.000000e+00,0.000000e+00
1.000000e+00,0.000000e+00,0.000000e+00,0.000000e+00,0.000000e+00,0.000000e+00,0.000000e+00,0.000000e+00,0.000000e+00,0.000000e+00,0.000000e+00,0.000000e+00,0.000000e+00,0.000000e+00,0.000000e+00
1.000000e+00,0.000000e+00,0.000000e+00,0.000000e+00,0.000000e+00,0.000000e+00,0.000000e+00,0.000000e+00,0.000000e+00,0.000000e+00,0.000000e+00,0.000000e+00,0.000000e+00,0.000000e+00,0.000000e+00
1.000000e+00,0.000000e+00,0.000000e+00,0.000000e+00,0.000000e+00,0.000000e+00,0.000000e+00,0.000000e+00,0.000000e+00,0.000000e+00,0.000000e+00,0.000000e+00,0.000000e+00,0.000000e+00,0.000000e+00
1.000000e+00,0.000000e+00,0.000000e+00,0.000000e+00,0.000000e+00,0.000000e+00,0.000000e+00,0.000000e+00,0.000000e+00,0.000000e+00,0.000000e+00,0.000000e+00,0.000000e+00,0.000000e+00,0.000000e+00
1.000000e+00,0.000000e+00,0.000000e+00,0.000000e+00,0.000000e+00,0.000000e+00,0.000000e+00,0.000000e+00,0.000000e+00,0.000000e+00,0.000000e+00,0.000000e+00,0.000000e+00,0.000000e+00,0.000000e+00
1.000000e+00,0.000000e+00,0.000000e+00,0.000000e+00,0.000000e+00,0.000000e+00,0.000000e+00,0.000000e+00,0.000000e+00,0.000000e+00,0.000000e+00,0.000000e+00,0.000000e+00,0.000000e+00,0.000000e+00
1.000000e+00,0.000000e+00,0.000000e+00,0.000000e+00,0.000000e+00,0.000000e+00,0.000000e+00,0.000000e+00,0.000000e+00,0.000000e+00,0.000000e+00,0.000000e+00,0.000000e+00,0.000000e+00,0.000000e+00
1.000000e+00,0.000000e+00,0.000000e+00,0.000000e+00,0.000000e+00,0.000000e+00,0.000000e+00,0.000000e+00,0.000000e+00,0.000000e+00,0.000000e+00,0.000000e+00,0.000000e+00,0.000000e+00,0.000000e+00
1.000000e+00,0.000000e+00,0.000000e+00,0.000000e+00,0.000000e+00,0.000000e+00,0.000000e+00,0.000000e+00,0.000000e+00,0.000000e+00,0.000000e+00,0.000000e+00,0.000000e+00,0.000000e+00,0.000000e+00
1.000000e+00,0.000000e+00,0.000000e+00,0.000000e+00,0.000000e+00,0.000000e+00,0.000000e+00,0.000000e+00,0.000000e+00,0.000000e+00,0.000000e+00,0.000000e+00,0.000000e+00,0.000000e+00,0.000000e+00
1.000000e+00,0.000000e+00,0.000000e+00,0.000000e+00,0.000000e+00,0.000000e+00,0.000000e+00,0.000000e+00,0.000000e+00,0.000000e+00,0.000000e+00,0.000000e+00,0.000000e+00,0.000000e+00,0.000000e+00
1.000000e+00,0.000000e+00,0.000000e+00,0.000000e+00,0.000000e+00,0.000000e+00,0.000000e+00,0.000000e+00,0.000000e+00,0.000000e+00,0.000000e+00,0.000000e+00,0.000000e+00,0.000000e+00,0.000000e+00
1.000000e+00,0.000000e+00,0.000000e+00,0.000000e+00,0.000000e+00,0.000000e+00,0.000000e+00,0.000000e+00,0.000000e+00,0.000000e+00,0.000000e+00,0.000000e+00,0.000000e+00,0.000000e+00,0.000000e+00
1.000000e+00,0.000000e+00,0.000000e+00,0.000000e+00,0.000000e+00,0.000000e+00,0.000000e+00,0.000000e+00,0.000000e+00,0.000000e+00,0.000000e+00,0.000000e+00,0.000000e+00,0.000000e+00,0.000000e+00
1.000000e+00,0.000000e+00,0.000000e+00,0.000000e+00,0.000000e+00,0.000000e+00,0.000000e+00,0.000000e+00,0.000000e+00,0.000000e+00,0.000000e+00,0.000000e+00,0.000000e+00,0.000000e+00,0.000000e+00
1.000000e+00,0.000000e+00,0.000000e+00,0.000000e+00,0.000000e+00,0.000000e+00,0.000000e+00,0.000000e+00,0.000000e+00,0.000000e+00,0.000000e+00,0.000000e+00,0.000000e+00,0.000000e+00,0.000000e+00
1.000000e+00,0.000000e+00,0.000000e+00,0.000000e+00,0.000000e+00,0.000000e+00,0.000000e+00,0.000000e+00,0.000000e+00,0.000000e+00,0.000000e+00,0.000000e+00,0.000000e+00,0.000000e+00,0.000000e+00
1.000000e+00,0.000000e+00,0.000000e+00,0.000000e+00,0.000000e+00,0.000000e+00,0.000000e+00,0.000000e+00,0.000000e+00,0.000000e+00,0.000000e+00,0.000000e+00,0.000000e+00,0.000000e+00,0.000000e+00
1.000000e+00,0.000000e+00,0.000000e+00,0.000000e+00,0.000000e+00,0.000000e+00,0.000000e+00,0.000000e+00,0.000000e+00,0.000000e+00,0.000000e+00,0.000000e+00,0.000000e+00,0.000000e+00,0.000000e+00
1.000000e+00,0.000000e+00,0.000000e+00,0.000000e+00,0.000000e+00,0.000000e+00,0.000000e+00,0.000000e+00,0.000000e+00,0.000000e+00,0.000000e+00,0.000000e+00,0.000000e+00,0.000000e+00,0.000000e+00
1.000000e+00,0.000000e+00,0.000000e+00,0.000000e+00,0.000000e+00,0.000000e+00,0.000000e+00,0.000000e+00,0.000000e+00,0.000000e+00,0.000000e+00,0.000000e+00,0.000000e+00,0.000000e+00,0.000000e+00
1.000000e+00,0.000000e+00,0.000000e+00,0.000000e+00,0.000000e+00,0.000000e+00,0.000000e+00,0.000000e+00,0.000000e+00,0.000000e+00,0.000000e+00,0.000000e+00,0.000000e+00,0.000000e+00,0.000000e+00
1.000000e+00,0.000000e+00,0.000000e+00,0.000000e+00,0.000000e+00,0.000000e+00,0.000000e+00,0.000000e+00,0.000000e+00,0.000000e+00,0.000000e+00,0.000000e+00,0.000000e+00,0.000000e+00,0.000000e+00
1.000000e+00,0.000000e+00,0.000000e+00,0.000000e+00,0.000000e+00,0.000000e+00,0.000000e+00,0.000000e+00,0.000000e+00,0.000000e+00,0.000000e+00,0.000000e+00,0.000000e+00,0.000000e+00,0.000000e+00
1.000000e+00,0.000000e+00,0.000000e+00,0.000000e+00,0.000000e+00,0.000000e+00,0.000000e+00,0.000000e+00,0.000000e+00,0.000000e+00,0.000000e+00,0.000000e+00,0.000000e+00,0.000000e+00,0.000000e+00
1.000000e+00,0.000000e+00,0.000000e+00,0.000000e+00,0.000000e+00,0.000000e+00,0.000000e+00,0.000000e+00,0.000000e+00,0.000000e+00,0.000000e+00,0.000000e+00,0.000000e+00,0.000000e+00,0.000000e+00
1.000000e+00,0.000000e+00,0.000000e+00,0.000000e+00,0.000000e+00,0.000000e+00,0.000000e+00,0.000000e+00,0.000000e+00,0.000000e+00,0.000000e+00,0.000000e+00,0.000000e+00,0.000000e+00,0.000000e+00
1.000000e+00,0.000000e+00,0.000000e+00,0.000000e+00,0.000000e+00,0.000000e+00,0.000000e+00,0.000000e+00,0.000000e+00,0.000000e+00,0.000000e+00,0.000000e+00,0.000000e+00,0.000000e+00,0.000000e+00
1.000000e+00,0.000000e+00,0.000000e+00,0.000000e+00,0.000000e+00,0.000000e+00,0.000000e+00,0.000000e+00,0.000000e+00,0.000000e+00,0.000000e+00,0.000000e+00,0.000000e+00,0.000000e+00,0.000000e+00
1.000000e+00,0.000000e+00,0.000000e+00,0.000000e+00,0.000000e+00,0.000000e+00,0.000000e+00,0.000000e+00,0.000000e+00,0.000000e+00,0.000000e+00,0.000000e+00,0.000000e+00,0.000000e+00,0.000000e+00
1.000000e+00,0.000000e+00,0.000000e+00,0.000000e+00,0.000000e+00,0.000000e+00,0.000000e+00,0.000000e+00,0.000000e+00,0.000000e+00,0.000000e+00,0.000000e+00,0.000000e+00,0.000000e+00,0.000000e+00
1.000000e+00,0.000000e+00,0.000000e+00,0.000000e+00,0.000000e+00,0.000000e+00,0.000000e+00,0.000000e+00,0.000000e+00,0.000000e+00,0.000000e+00,0.000000e+00,0.000000e+00,0.000000e+00,0.000000e+00
4.232051e-01,2.322048e-02,3.727682e-03,2.979858e-01,1.603826e-02,7.747940e-03,1.937905e-03,5.737690e-03,1.751789e-02,1.599420e-03,1.494775e-01,1.049111e-02,8.091643e-03,2.545449e-02,7.767179e-03
3.394845e-01,1.896021e-02,3.134700e-03,2.593960e-01,1.505838e-02,6.539778e-03,1.533599e-03,5.407360e-03,1.506499e-02,1.994752e-03,2.459906e-01,1.527170e-02,6.366635e-03,5.879506e-02,7.001800e-03
2.783694e-01,1.499157e-02,2.686376e-03,2.085989e-01,1.952263e-02,2.194558e-02,1.547740e-03,5.467833e-03,1.275828e-02,1.801567e-03,2.680857e-01,2.222736e-02,6.800240e-03,1.292830e-01,5.913948e-03
2.608229e-01,1.207372e-02,2.184537e-03,1.658335e-01,2.367721e-02,2.431260e-02,1.392006e-03,5.691829e-03,1.013554e-02,1.526273e-03,2.737971e-01,2.140912e-02,6.424739e-03,1.855497e-01,5.169265e-03
2.003988e-01,8.919836e-03,1.628331e-03,1.424648e-01,3.629130e-02,1.968474e-02,1.094748e-03,4.917822e-03,9.511589e-03,1.579353e-03,2.856157e-01,1.943734e-02,7.314461e-03,2.570342e-01,4.107018e-03
1.423185e-01,9.355913e-03,1.533545e-03,1.027578e-01,6.179062e-02,1.451515e-02,8.528871e-04,3.642530e-03,3.039360e-02,2.006313e-03,2.693604e-01,2.034896e-02,6.015334e-03,3.294849e-01,5.623653e-03
1.014133e-01,8.886190e-03,1.746632e-03,7.354262e-02,1.042194e-01,1.084650e-02,8.045541e-04,3.151993e-03,4.486902e-02,2.689319e-03,2.975692e-01,1.890586e-02,5.346737e-03,3.205064e-01,5.502386e-03
7.153793e-02,2.124272e-02,3.329032e-03,5.249691e-02,1.137478e-01,1.681459e-02,6.924400e-04,2.572328e-03,1.860595e-01,3.349469e-03,2.463938e-01,1.521396e-02,4.502194e-03,2.539150e-01,8.132444e-03
5.338050e-02,1.991796e-02,3.360694e-03,3.751633e-02,1.161436e-01,1.813379e-02,5.369982e-04,1.925942e-03,2.395243e-01,4.686286e-03,1.904784e-01,1.159481e-02,3.743002e-03,2.849966e-01,1.406081e-02
4.023984e-02,1.492462e-02,4.279747e-03,2.980494e-02,8.306909e-02,2.398200e-02,4.786442e-04,1.442085e-03,3.445480e-01,6.237287e-03,1.535685e-01,9.484872e-03,3.783044e-03,2.662661e-01,1.789129e-02
3.028586e-02,1.140411e-02,4.441547e-03,2.642312e-02,5.877337e-02,2.044021e-02,3.896340e-04,1.504555e-03,4.869932e-01,6.174330e-03,1.150254e-01,7.126811e-03,3.523679e-03,2.104319e-01,1.706227e-02
3.009038e-02,1.274621e-02,5.826481e-03,3.578212e-02,4.316902e-02,1.849899e-02,5.201112e-04,2.148783e-03,5.521551e-01,6.151226e-03,9.234641e-02,5.573282e-03,4.150074e-03,1.613532e-01,2.948853e-02
3.183005e-02,2.135611e-02,1.446003e-02,1.422173e-01,3.736299e-02,2.294800e-02,6.135228e-04,5.951081e-03,4.866699e-01,5.257449e-03,7.125980e-02,4.182246e-03,3.774228e-03,1.187051e-01,3.341214e-02
4.160104e-02,3.265066e-02,2.183452e-02,1.540627e-01,3.365752e-02,2.327996e-02,6.392570e-04,6.236289e-03,4.806833e-01,5.633219e-03,5.482655e-02,3.382593e-03,3.689203e-03,9.957185e-02,3.825128e-02
4.188181e-02,6.224926e-02,2.025007e-02,1.207215e-01,2.736554e-02,2.039110e-02,4.875664e-04,4.977766e-03,5.148177e-01,9.465007e-03,4.513352e-02,2.994617e-03,3.462918e-03,8.080795e-02,4.499364e-02
6.175068e-02,6.336081e-02,1.791399e-02,9.618990e-02,2.976438e-02,2.124315e-02,4.270692e-04,5.191871e-03,5.257660e-01,7.977911e-03,4.879177e-02,4.670746e-03,4.427272e-03,7.152810e-02,4.099630e-02
8.046843e-02,5.270497e-02,2.126624e-02,1.392590e-01,6.447038e-02,2.123114e-02,7.906534e-04,3.023687e-02,4.322644e-01,8.437557e-03,4.356068e-02,8.076901e-03,8.866676e-03,5.459701e-02,3.376912e-02
7.957316e-02,4.806754e-02,8.818848e-02,1.196019e-01,6.818642e-02,3.111746e-02,2.051363e-03,8.188118e-02,3.424975e-01,8.147363e-03,3.958894e-02,9.301979e-03,8.429280e-03,4.820018e-02,2.516729e-02
7.570804e-02,3.909646e-02,1.239269e-01,8.890744e-02,6.588739e-02,2.858991e-02,5.650210e-03,1.873106e-01,2.619364e-01,1.089656e-02,3.647170e-02,8.106735e-03,7.294833e-03,4.152350e-02,1.869333e-02
9.228341e-02,3.998692e-02,1.059259e-01,6.653067e-02,6.965344e-02,2.619586e-02,5.649741e-03,2.277272e-01,2.458576e-01,1.883637e-02,3.219726e-02,7.132834e-03,7.498090e-03,4.046101e-02,1.406364e-02
7.844389e-02,2.873063e-02,7.656521e-02,4.830279e-02,5.214464e-02,1.950237e-02,4.933981e-03,4.252295e-01,1.770914e-01,1.475756e-02,2.345069e-02,5.194627e-03,5.556806e-03,3.012791e-02,9.967889e-03
6.143408e-02,2.074597e-02,5.538226e-02,3.495746e-02,3.967189e-02,1.457898e-02,4.800501e-03,5.766821e-01,1.275197e-01,1.095883e-02,1.663004e-02,3.801394e-03,4.072592e-03,2.164515e-02,7.119013e-03
4.985038e-02,1.604105e-02,4.159305e-02,2.540847e-02,3.047911e-02,1.130635e-02,5.896288e-03,6.797564e-01,9.210926e-02,8.196925e-03,1.198811e-02,3.072525e-03,3.104021e-03,1.562293e-02,5.575100e-03
3.990514e-02,1.172390e-02,3.034002e-02,1.828425e-02,2.438911e-02,8.460165e-03,4.428358e-03,7.625924e-01,6.562129e-02,5.883321e-03,8.532562e-03,2.430052e-03,2.312576e-03,1.102996e-02,4.066854e-03
7.744952e-02,1.369906e-02,2.280386e-02,1.376510e-02,2.098626e-02,1.247530e-02,4.267206e-03,6.855648e-01,5.554467e-02,6.059079e-03,3.755606e-02,1.401308e-02,2.206105e-02,8.983256e-03,4.771667e-03
6.680967e-02,1.400298e-02,1.717876e-02,1.129653e-02,1.574575e-02,9.829925e-03,3.137889e-03,5.115526e-01,6.114472e-02,1.980773e-02,1.471153e-01,4.548383e-02,5.661772e-02,1.184398e-02,8.432548e-03
6.433330e-02,1.998813e-02,1.587200e-02,9.037281e-03,1.249142e-02,7.846095e-03,2.410579e-03,3.912400e-01,5.755907e-02,6.342833e-02,2.097290e-01,4.483032e-02,7.450864e-02,1.150499e-02,1.522087e-02
4.754226e-02,3.502013e-02,1.703424e-02,2.503772e-02,1.033616e-02,7.734700e-03,1.770748e-03,2.774248e-01,1.696042e-01,5.143312e-02,2.177029e-01,3.780421e-02,7.179427e-02,9.512495e-03,2.024803e-02
3.362968e-02,4.867480e-02,1.338114e-02,2.198892e-02,8.327021e-03,9.788152e-03,1.303613e-03,1.977073e-01,3.195712e-01,4.033427e-02,1.786470e-01,2.914871e-02,7.124818e-02,7.822547e-03,1.842736e-02
2.412700e-02,4.717950e-02,1.082322e-02,4.893302e-02,1.333542e-02,8.507055e-03,1.061735e-03,1.571466e-01,4.390028e-01,2.842566e-02,1.299547e-01,2.053356e-02,5.163568e-02,5.683955e-03,1.364994e-02
1.836376e-02,3.767316e-02,1.694852e-02,1.222541e-01,3.866319e-02,8.613065e-03,9.546973e-04,1.226815e-01,4.510004e-01,2.127170e-02,9.534993e-02,1.449327e-02,3.669894e-02,4.139409e-03,1.089429e-02
1.711105e-02,3.636934e-02,1.835192e-02,1.493520e-01,5.712296e-02,8.386314e-03,8.320118e-04,9.496244e-02,4.668528e-01,1.923916e-02,7.858430e-02,1.054348e-02,2.644161e-02,4.077234e-03,1.177340e-02
2.526260e-02,4.967345e-02,1.744187e-02,1.143656e-01,7.034382e-02,1.863536e-02,7.721143e-04,7.622296e-02,4.522632e-01,1.790470e-02,9.700303e-02,8.861559e-03,2.066683e-02,1.081050e-02,1.977234e-02
2.309394e-02,5.551465e-02,1.893442e-02,1.102873e-01,6.279896e-02,1.749236e-02,6.561602e-04,8.239838e-02,4.713485e-01,1.657855e-02,8.727828e-02,7.416137e-03,1.569593e-02,1.187424e-02,1.863225e-02
1.840700e-02,5.552667e-02,9.457535e-02,1.024608e-01,4.756716e-02,1.309490e-02,4.932430e-04,6.703231e-02,4.755965e-01,1.665962e-02,6.401879e-02,5.585996e-03,1.171927e-02,9.206153e-03,1.805613e-02
3.665206e-02,6.072858e-02,8.504625e-02,7.988260e-02,5.018035e-02,1.296527e-02,6.671294e-04,9.066347e-02,4.514675e-01,1.514240e-02,5.859240e-02,4.976838e-03,1.109644e-02,1.704512e-02,2.489358e-02
5.601776e-02,7.580219e-02,7.147642e-02,6.356180e-02,5.268312e-02,1.591861e-02,9.443903e-04,8.555841e-02,4.188289e-01,1.644193e-02,4.928685e-02,5.108337e-03,1.270407e-02,2.879053e-02,4.687671e-02
4.511523e-02,1.154640e-01,5.828062e-02,4.580520e-02,4.457937e-02,2.619516e-02,1.057848e-03,7.103834e-02,4.229276e-01,1.495168e-02,3.747821e-02,4.179492e-03,1.426743e-02,3.131676e-02,6.734297e-02
3.532255e-02,1.605852e-01,4.632507e-02,3.574422e-02,3.837367e-02,3.064679e-02,1.007430e-03,5.882706e-02,4.363619e-01,1.657461e-02,2.868931e-02,3.374653e-03,1.416079e-02,2.606583e-02,6.794083e-02
2.676814e-02,1.502414e-01,4.335607e-02,3.171239e-02,2.756313e-02,2.211584e-02,7.328509e-04,4.155675e-02,4.372014e-01,2.519203e-02,2.063612e-02,2.536617e-03,1.072882e-02,1.946958e-02,1.401888e-01
2.106889e-02,1.720310e-01,3.329541e-02,2.505646e-02,1.940946e-02,1.610963e-02,5.377805e-04,2.970180e-02,3.832862e-01,2.331261e-02,1.647170e-02,2.035226e-03,7.987290e-03,2.070748e-02,2.289890e-01
1.971029e-02,1.495486e-01,6.023563e-02,3.730756e-02,1.381983e-02,1.168183e-02,4.307115e-04,2.162496e-02,3.249587e-01,3.223785e-02,1.465780e-02,1.837276e-03,6.084212e-03,2.171940e-02,2.841454e-01
1.649712e-02,1.105060e-01,5.352004e-02,2.644937e-02,9.729019e-03,8.738889e-03,3.318139e-04,1.518430e-02,2.337830e-01,6.544564e-02,1.185887e-02,1.442736e-03,4.358407e-03,7.194001e-02,3.702148e-01
2.715225e-02,8.144885e-02,4.235015e-02,2.001318e-02,7.074225e-03,7.604712e-03,3.062810e-04,1.083685e-02,1.693618e-01,5.401463e-02,1.048069e-02,1.394253e-03,3.341033e-03,1.297348e-01,4.348863e-01
2.910745e-02,5.777061e-02,3.042115e-02,1.415450e-02,5.015813e-03,6.034399e-03,3.243266e-04,7.648974e-03,1.196145e-01,4.034721e-02,9.098437e-03,1.472128e-03,2.459821e-03,3.205084e-01,3.560223e-01
2.881089e-02,4.079710e-02,2.201780e-02,9.936987e-03,3.572561e-03,4.487307e-03,2.735855e-04,5.377419e-03,8.427242e-02,3.145409e-02,7.229325e-03,1.280713e-03,1.783250e-03,4.801466e-01,2.785599e-01
3.019287e-02,2.878336e-02,1.564950e-02,6.988557e-03,2.575843e-03,3.319821e-03,2.574342e-04,3.789481e-03,5.980865e-02,2.497470e-02,6.403329e-03,1.151560e-03,1.325991e-03,5.955895e-01,2.191894e-01
2.248707e-02,2.022980e-02,1.108592e-02,4.898905e-03,1.845868e-03,2.405385e-03,1.894610e-04,2.659153e-03,4.297242e-02,1.920167e-02,5.182874e-03,8.502647e-04,9.546125e-04,6.921145e-01,1.729221e-01
1.727197e-02,1.427397e-02,7.860420e-03,3.446214e-03,1.378575e-03,1.816131e-03,1.461395e-04,1.869826e-03,3.488709e-02,1.535862e-02,4.106466e-03,6.319298e-04,7.481808e-04,7.633452e-01,1.328593e-01
1.244949e-02,1.001332e-02,5.545195e-03,2.415874e-03,9.872883e-04,1.324179e-03,1.145181e-04,1.311261e-03,2.746160e-02,1.714083e-02,3.405476e-03,4.810477e-04,5.724459e-04,8.147544e-01,1.020231e-01
1.015322e-02,7.179530e-03,4.453213e-03,1.752018e-03,8.130915e-04,1.302560e-03,2.622569e-04,9.546035e-04,8.864436e-02,3.581737e-02,4.335919e-03,3.899694e-04,4.782396e-04,7.529565e-01,9.050714e-02
9.464566e-03,5.174299e-03,3.669663e-03,1.254508e-03,6.575593e-04,1.000850e-03,2.628364e-04,6.787259e-04,9.868772e-02,4.199459e-02,4.644915e-03,3.198047e-04,4.022057e-04,7.559066e-01,7.588120e-02
2.892770e-02,4.759940e-03,1.909524e-02,1.254944e-03,1.205219e-03,2.456282e-03,2.797090e-04,8.603344e-04,1.608740e-01,4.208180e-02,9.113370e-03,4.679081e-04,6.181472e-04,6.670259e-01,6.097952e-02
3.402220e-02,3.997033e-03,1.549728e-02,1.150360e-03,1.957326e-03,2.306555e-03,2.280684e-04,7.314204e-04,1.992198e-01,3.632735e-02,8.937472e-03,4.265632e-04,7.965242e-04,6.233681e-01,7.103387e-02
4.119518e-02,9.994014e-03,2.371781e-02,1.543477e-03,4.000313e-03,2.492497e-03,2.736318e-04,2.688277e-03,2.382888e-01,3.320422e-02,8.119289e-03,4.917397e-04,1.080287e-03,5.306291e-01,1.022814e-01
5.885087e-02,1.188369e-02,3.697533e-02,5.904189e-03,1.506877e-02,4.627558e-03,2.985858e-04,2.136444e-02,3.025038e-01,2.603466e-02,7.519403e-03,6.250941e-04,1.359864e-03,4.261568e-01,8.082698e-02
6.093329e-02,1.266782e-02,8.798619e-02,1.102852e-02,2.998080e-02,4.358385e-03,2.724539e-04,2.883564e-02,3.148111e-01,2.900783e-02,6.744716e-03,5.739917e-04,1.246948e-03,3.218232e-01,8.972915e-02
5.787041e-02,1.426519e-02,2.023672e-01,2.325486e-02,4.226835e-02,4.598525e-03,2.519129e-04,2.876469e-02,2.787523e-01,2.369822e-02,5.191408e-03,4.360813e-04,9.984939e-04,2.424932e-01,7.478916e-02
6.023671e-02,1.609365e-02,2.011596e-01,2.226575e-02,6.635395e-02,4.610310e-03,2.238168e-04,5.570962e-02,2.924185e-01,1.891224e-02,4.145005e-03,3.561158e-04,7.790392e-04,2.003288e-01,5.640684e-02
7.086886e-02,1.921355e-02,2.060987e-01,1.836543e-02,6.569126e-02,4.857734e-03,2.028953e-04,5.192975e-02,2.948531e-01,1.686136e-02,3.648701e-03,2.673794e-04,7.157061e-04,1.993654e-01,4.706018e-02
8.229758e-02,1.760053e-02,1.917984e-01,1.492532e-02,6.261428e-02,4.317821e-03,2.167683e-04,5.001762e-02,2.850318e-01,1.361063e-02,3.483439e-03,2.214201e-04,6.104942e-04,2.370404e-01,3.621341e-02
8.098157e-02,2.079822e-02,1.650241e-01,1.100845e-02,6.134889e-02,3.864867e-03,1.986991e-04,4.006720e-02,3.003093e-01,1.112131e-02,3.582211e-03,1.701605e-04,4.842169e-04,2.733475e-01,2.769323e-02
9.444647e-02,2.331118e-02,1.330459e-01,1.107288e-02,6.660995e-02,4.043779e-03,2.811203e-04,4.481278e-02,3.090591e-01,8.640707e-03,5.975076e-03,4.053383e-04,5.947419e-04,2.713883e-01,2.631268e-02
1.130896e-01,2.223363e-02,1.035696e-01,1.037296e-02,6.258258e-02,4.040734e-03,3.242908e-04,4.794328e-02,3.380609e-01,7.645410e-03,7.953417e-03,6.129206e-04,6.685019e-04,2.511527e-01,2.974941e-02
1.754394e-01,2.051146e-02,7.530537e-02,1.144851e-02,6.013001e-02,5.161385e-03,7.845689e-04,4.795766e-02,3.624133e-01,5.768015e-03,8.733614e-03,1.902924e-03,1.160203e-03,1.991507e-01,2.413285e-02
2.781374e-01,1.705808e-02,5.552514e-02,9.213933e-03,4.827363e-02,5.234660e-03,1.274137e-03,4.118176e-02,3.426932e-01,4.333938e-03,8.468935e-03,1.935951e-03,1.356763e-03,1.663747e-01,1.893782e-02
3.868505e-01,1.319309e-02,3.978219e-02,8.131425e-03,3.679475e-02,5.263343e-03,1.351091e-03,3.159801e-02,3.223707e-01,3.466104e-03,7.259194e-03,2.647180e-03,1.541060e-03,1.237182e-01,1.603316e-02
3.270654e-01,1.538746e-02,2.887176e-02,8.295109e-03,2.599411e-02,5.359007e-03,1.087704e-03,2.233565e-02,2.872649e-01,8.644132e-03,7.220073e-03,3.634302e-03,2.038748e-03,9.888371e-02,1.579179e-01
2.401409e-01,1.198910e-02,2.065074e-02,6.226561e-03,1.825984e-02,4.248152e-03,8.118026e-04,1.569861e-02,2.301239e-01,8.751055e-03,6.544875e-03,2.964744e-03,1.619459e-03,7.948159e-02,3.524886e-01
2.091787e-01,1.050188e-02,2.267483e-02,5.544789e-03,1.297195e-02,6.393997e-03,8.887771e-04,1.168697e-02,1.763631e-01,4.362198e-02,2.081271e-02,3.337037e-03,2.019275e-03,1.375693e-01,3.364347e-01
1.573875e-01,8.985342e-03,1.814815e-02,4.612111e-03,9.608360e-03,5.322973e-03,7.859468e-04,8.519080e-03,1.322008e-01,5.001955e-02,1.216503e-01,4.848927e-03,3.459367e-03,1.721188e-01,3.023328e-01
1.162741e-01,7.550811e-03,1.784612e-02,3.919461e-03,7.039587e-03,5.621243e-03,7.313956e-04,6.531300e-03,1.067076e-01,4.335880e-02,1.923978e-01,4.062392e-03,3.235892e-03,2.628615e-01,2.218619e-01
9.346522e-02,8.149944e-03,1.260845e-02,4.238103e-03,5.477882e-03,5.876635e-03,5.637526e-04,4.862189e-03,8.170327e-02,3.992936e-02,3.440969e-01,4.643727e-03,3.470007e-03,2.294868e-01,1.614278e-01
6.727129e-02,7.097706e-03,8.863238e-03,3.360362e-03,4.182188e-03,4.700917e-03,4.671616e-04,3.484514e-03,6.336945e-02,3.376390e-02,5.062028e-01,6.515970e-03,3.694333e-03,1.723405e-01,1.146856e-01
4.879795e-02,7.664107e-03,6.239180e-03,2.566490e-03,3.262052e-03,4.435426e-03,3.811211e-04,2.536739e-03,5.010551e-02,2.524267e-02,6.138817e-01,2.644328e-02,4.068934e-03,1.232652e-01,8.110954e-02
3.724517e-02,7.156903e-03,4.494980e-03,2.676627e-03,3.827361e-03,5.932889e-03,3.748380e-04,1.947253e-03,6.582900e-02,3.804258e-02,6.137596e-01,6.347824e-02,4.083187e-03,9.197254e-02,5.917877e-02
2.756294e-02,9.726550e-03,3.349984e-03,2.268229e-03,8.374117e-03,5.212939e-03,3.348966e-04,1.494021e-03,1.844324e-01,8.303774e-02,4.969404e-01,5.604916e-02,4.036031e-03,7.185736e-02,4.532316e-02
2.490223e-02,4.399763e-02,3.266508e-03,4.580660e-03,1.174725e-02,9.188675e-03,1.336661e-03,4.978757e-03,2.794766e-01,9.667014e-02,3.774078e-01,5.024977e-02,5.068036e-03,5.160136e-02,3.552784e-02
1.805471e-02,5.625883e-02,2.652392e-03,5.089524e-03,9.487429e-03,8.015459e-03,1.061585e-03,4.422676e-03,4.104456e-01,1.029839e-01,2.721492e-01,4.194547e-02,5.055569e-03,3.665100e-02,2.572664e-02
1.360768e-02,8.276396e-02,3.142330e-03,1.071065e-02,9.095363e-03,6.972095e-03,8.640630e-04,8.134962e-03,5.074501e-01,7.790768e-02,1.980475e-01,3.205571e-02,4.343342e-03,2.625330e-02,1.865120e-02
1.289348e-02,9.674738e-02,3.767231e-03,3.825678e-02,1.055983e-02,9.783596e-03,7.647761e-04,8.511525e-03,5.177287e-01,6.158417e-02,1.575913e-01,4.089524e-02,6.032606e-03,2.012905e-02,1.475440e-02
1.146620e-02,1.234805e-01,4.057242e-03,3.486349e-02,1.382572e-02,9.962042e-03,7.475157e-04,9.369723e-03,5.262914e-01,5.655965e-02,1.277414e-01,4.425229e-02,8.556450e-03,1.769984e-02,1.112655e-02
1.635926e-02,1.411883e-01,5.219133e-03,3.474424e-02,1.689998e-02,8.602515e-03,1.101455e-03,1.314975e-02,5.181217e-01,5.738204e-02,1.018113e-01,4.840299e-02,1.028280e-02,1.688148e-02,9.852971e-03
1.767265e-02,1.464505e-01,6.467516e-03,2.865185e-02,1.651434e-02,8.888167e-03,1.485588e-03,1.661433e-02,5.342054e-01,7.073484e-02,7.829385e-02,4.068274e-02,9.376056e-03,1.586790e-02,8.094257e-03
4.013479e-02,1.514186e-01,1.225717e-02,2.804077e-02,4.033431e-02,7.763484e-03,4.104332e-03,4.528213e-02,4.953510e-01,5.295554e-02,6.100168e-02,3.043610e-02,7.934626e-03,1.599231e-02,6.993069e-03
4.716008e-02,1.175505e-01,3.945692e-02,4.143749e-02,8.022558e-02,6.195613e-03,7.181330e-03,9.221177e-02,4.361546e-01,4.010744e-02,4.512701e-02,2.246808e-02,6.622788e-03,1.178627e-02,6.314489e-03
4.713436e-02,8.751594e-02,6.289130e-02,4.669181e-02,1.087146e-01,5.078670e-03,7.053738e-03,1.967289e-01,3.395862e-01,2.939079e-02,3.332018e-02,1.621627e-02,5.311307e-03,8.749622e-03,5.616274e-03
6.111231e-02,7.949679e-02,5.403192e-02,4.790511e-02,1.049413e-01,6.262589e-03,5.807040e-03,1.695683e-01,3.911189e-01,2.140160e-02,2.663799e-02,1.268912e-02,4.974577e-03,7.703301e-03,6.349191e-03
8.264746e-02,6.377053e-02,4.445400e-02,5.234193e-02,1.172255e-01,5.814506e-03,6.047078e-03,2.008431e-01,3.654070e-01,1.526201e-02,2.080155e-02,9.907061e-03,4.424334e-03,6.030800e-03,5.023160e-03
8.701440e-02,4.587496e-02,4.920332e-02,7.784419e-02,1.102966e-01,4.633412e-03,5.457970e-03,3.017250e-01,2.721049e-01,1.080175e-02,1.555972e-02,7.379663e-03,3.709966e-03,4.513481e-03,3.880632e-03
8.102614e-02,3.265812e-02,3.546537e-02,5.850328e-02,8.247866e-02,3.443741e-03,4.094256e-03,4.745693e-01,1.952482e-01,7.609203e-03,1.100430e-02,5.287255e-03,2.677287e-03,3.190449e-03,2.744449e-03
7.062817e-02,2.345257e-02,2.551817e-02,4.315256e-02,6.911507e-02,2.748881e-03,3.428190e-03,5.988570e-01,1.398917e-01,5.360786e-03,7.856538e-03,3.776974e-03,1.976619e-03,2.278410e-03,1.958337e-03
9.894481e-02,1.753001e-02,1.896313e-02,3.275187e-02,6.285350e-02,2.727798e-03,3.098727e-03,6.441252e-01,1.012362e-01,3.854351e-03,5.829371e-03,3.072191e-03,1.698766e-03,1.791176e-03,1.522941e-03
8.627174e-02,1.267971e-02,1.412427e-02,2.375528e-02,4.950112e-02,2.465213e-03,2.846866e-03,7.205256e-01,7.474910e-02,2.732771e-03,4.207637e-03,2.278609e-03,1.342888e-03,1.339545e-03,1.179622e-03
8.753897e-02,9.514758e-03,1.090495e-02,1.749960e-02,4.136637e-02,2.581070e-03,2.878417e-03,7.577949e-01,5.885334e-02,2.025096e-03,3.279368e-03,2.015710e-03,1.286249e-03,1.316956e-03,1.144323e-03
1.051472e-01,7.485789e-03,9.040393e-03,1.267846e-02,3.093791e-02,4.112493e-03,5.338282e-03,7.703618e-01,4.508866e-02,1.520759e-03,2.485267e-03,1.991984e-03,1.429230e-03,1.121432e-03,1.260362e-03
2.222827e-01,8.001926e-03,7.920893e-03,9.674967e-03,2.621848e-02,5.225782e-03,8.717190e-03,6.559945e-01,4.311582e-02,1.272376e-03,2.258004e-03,3.375135e-03,2.561681e-03,1.240465e-03,2.140082e-03
3.158506e-01,6.806888e-03,7.118606e-03,8.132004e-03,2.024569e-02,6.428724e-03,7.435898e-03,5.768881e-01,3.304918e-02,1.438788e-03,2.546106e-03,5.621426e-03,3.355194e-03,1.393786e-03,3.689011e-03
4.156466e-01,5.625920e-03,6.284522e-03,6.901420e-03,1.499321e-02,1.370339e-02,7.062278e-03,4.822058e-01,2.486502e-02,1.210615e-03,2.605997e-03,7.612588e-03,5.756816e-03,1.361266e-03,4.164640e-03
4.616437e-01,4.848833e-03,6.159537e-03,6.123689e-03,1.128441e-02,1.918218e-02,6.582236e-03,4.389045e-01,2.016521e-02,1.247952e-03,2.664120e-03,8.329451e-03,6.558279e-03,1.442557e-03,4.863397e-03
4.653614e-01,3.948461e-03,6.052922e-03,5.463199e-03,8.966621e-03,1.967691e-02,5.767214e-03,4.437332e-01,1.719807e-02,1.293182e-03,2.249154e-03,8.177301e-03,6.070333e-03,1.291684e-03,4.750388e-03
4.740713e-01,3.533347e-03,6.564626e-03,5.747885e-03,8.084578e-03,2.744222e-02,5.153559e-03,4.300240e-01,1.359448e-02,1.227774e-03,2.193238e-03,9.494013e-03,6.140974e-03,1.343054e-03,5.384972e-03
4.469886e-01,3.555303e-03,6.174350e-03,7.364159e-03,8.916422e-03,3.055856e-02,4.873123e-03,4.541131e-01,1.014910e-02,1.007417e-03,2.101093e-03,1.096966e-02,6.684478e-03,1.193036e-03,5.351651e-03
4.338332e-01,3.541968e-03,5.558160e-03,7.815782e-03,8.389433e-03,2.728375e-02,4.791096e-03,4.755695e-01,7.558107e-03,8.165011e-04,1.806567e-03,1.069410e-02,6.246696e-03,9.907692e-04,5.104344e-03
3.585747e-01,1.741217e-02,1.375716e-02,1.042883e-01,1.133034e-02,3.292364e-02,4.919477e-03,3.930790e-01,7.999280e-03,3.087933e-03,4.321360e-03,2.779438e-02,9.291731e-03,1.053201e-03,1.016735e-02
2.921175e-01,1.815311e-02,1.210840e-02,1.152228e-01,1.496194e-02,3.336121e-02,5.149373e-03,2.824731e-01,3.079353e-02,1.141483e-02,8.828319e-03,5.363364e-02,3.229014e-02,2.168204e-03,8.732391e-02
2.315750e-01,2.454634e-02,1.441318e-02,1.000786e-01,1.157822e-02,3.902416e-02,4.009732e-03,2.015892e-01,3.579083e-02,3.735968e-02,9.798103e-03,5.575903e-02,2.959525e-02,2.800534e-03,2.020822e-01
1.868325e-01,1.853286e-02,1.129698e-02,8.290482e-02,8.441210e-03,3.791218e-02,3.223148e-03,1.423918e-01,4.181303e-02,2.653904e-02,1.260792e-02,2.327797e-01,4.862180e-02,2.146660e-03,1.439564e-01
1.648044e-01,1.380654e-02,8.170797e-03,6.118762e-02,6.031410e-03,3.222732e-02,2.388931e-03,1.002134e-01,6.014714e-02,1.893148e-02,2.060555e-02,3.540071e-01,5.427650e-02,1.773272e-03,1.014286e-01
1.815084e-01,1.127836e-02,5.941156e-03,4.595337e-02,4.971397e-03,2.466233e-02,1.976433e-03,7.066630e-02,8.266541e-02,1.440134e-02,2.978239e-02,3.738709e-01,7.865891e-02,1.881307e-03,7.178195e-02
1.644963e-01,1.199197e-02,4.604707e-03,3.237233e-02,6.720876e-03,1.773546e-02,2.254326e-03,5.026085e-02,1.801918e-01,1.053660e-02,4.746153e-02,3.002770e-01,1.179993e-01,1.613667e-03,5.148322e-02
1.250758e-01,1.040481e-02,7.048092e-03,2.296334e-02,3.747407e-02,1.290756e-02,2.665315e-03,4.821430e-02,2.592745e-01,7.613696e-03,5.534954e-02,2.410821e-01,1.316940e-01,1.314960e-03,3.691791e-02
8.999622e-02,9.971161e-03,7.995198e-03,1.692543e-02,4.497968e-02,1.090429e-02,3.146798e-03,4.727072e-02,2.551150e-01,5.969268e-03,6.802069e-02,2.199716e-01,1.903752e-01,1.162632e-03,2.819607e-02
6.618976e-02,9.680784e-03,7.035484e-03,1.229423e-02,5.346554e-02,8.367732e-03,3.031314e-03,4.036297e-02,3.015905e-01,4.764506e-03,6.648467e-02,2.215838e-01,1.832326e-01,1.009097e-03,2.090687e-02
4.888753e-02,9.465279e-03,5.721997e-03,9.061329e-03,5.888910e-02,6.321830e-03,2.852696e-03,3.818689e-02,4.071599e-01,3.804673e-03,5.832941e-02,1.798356e-01,1.552313e-01,8.427989e-04,1.540974e-02
3.494883e-02,7.109555e-03,4.187630e-03,6.402358e-03,4.348608e-02,5.846675e-03,2.209704e-03,2.784168e-02,3.558765e-01,3.200172e-03,5.063111e-02,2.932903e-01,1.532115e-01,6.665121e-04,1.109143e-02
2.529728e-02,6.976080e-03,3.310995e-03,4.563151e-03,3.280287e-02,4.607772e-03,1.596785e-03,2.083302e-02,3.265015e-01,2.967195e-03,4.311915e-02,3.747913e-01,1.434933e-01,5.734818e-04,8.566031e-03
2.132403e-02,7.301770e-03,3.062707e-03,3.766690e-03,3.476178e-02,3.598367e-03,1.460345e-03,2.320293e-02,3.801429e-01,2.905023e-03,3.508988e-02,3.447352e-01,1.311356e-01,4.903394e-04,7.022398e-03
1.763690e-02,1.014071e-02,2.625802e-03,2.790931e-03,2.840588e-02,3.450231e-03,1.705847e-03,2.006880e-02,4.296735e-01,2.861124e-03,2.766901e-02,3.382442e-01,1.084820e-01,4.194145e-04,5.825645e-03
1.824117e-02,1.280122e-02,2.894572e-03,2.756932e-03,2.282252e-02,6.700153e-03,4.509427e-03,2.576957e-02,4.262365e-01,2.752758e-03,2.540894e-02,3.337256e-01,1.017109e-01,5.428507e-04,1.312695e-02
1.814476e-02,1.494543e-02,4.599457e-03,3.199864e-03,3.045775e-02,8.291722e-03,1.935979e-02,2.566407e-02,4.377769e-01,4.333738e-03,2.363725e-02,2.864624e-01,1.000829e-01,9.097272e-04,2.213433e-02
1.695647e-02,1.430887e-02,4.109017e-03,2.860623e-03,2.941798e-02,9.664414e-03,1.756627e-02,2.249768e-02,4.304744e-01,5.166107e-03,2.419632e-02,2.868729e-01,1.162431e-01,1.106537e-03,1.855940e-02
1.791163e-02,1.104395e-02,5.208650e-03,2.799501e-03,5.258309e-02,8.845327e-03,2.209939e-02,7.241184e-02,3.737171e-01,4.530832e-03,3.040764e-02,2.619539e-01,1.214906e-01,1.060794e-03,1.393572e-02
1.922562e-02,8.665220e-03,4.159136e-03,2.450483e-03,5.435728e-02,1.061736e-02,2.396011e-02,6.276083e-02,4.311486e-01,3.736277e-03,2.934922e-02,2.205224e-01,1.171475e-01,1.221002e-03,1.067892e-02
3.261016e-02,7.283366e-03,3.565748e-03,2.547972e-03,5.368536e-02,9.687343e-03,1.818811e-02,5.638300e-02,4.108249e-01,3.004628e-03,3.178254e-02,2.036610e-01,1.574423e-01,1.475296e-03,7.858345e-03
3.345365e-02,6.802903e-03,2.844908e-03,2.115299e-03,4.465264e-02,1.394483e-02,1.358071e-02,4.158184e-02,4.212566e-01,2.430108e-03,2.751054e-02,1.811549e-01,2.006730e-01,1.768046e-03,6.229975e-03
4.863392e-02,8.783109e-03,3.475658e-03,1.044532e-02,8.383211e-02,1.672493e-02,1.071247e-02,4.241339e-02,4.058726e-01,2.099355e-03,2.365654e-02,1.600745e-01,1.761007e-01,1.945575e-03,5.229867e-03
5.955957e-02,1.671808e-02,1.092529e-02,3.333578e-02,6.621774e-02,2.343983e-02,8.279408e-03,3.524566e-02,4.152075e-01,2.950790e-03,2.012786e-02,1.360608e-01,1.633469e-01,1.824939e-03,6.759880e-03
5.289168e-02,2.014536e-02,9.154473e-03,3.071697e-02,5.091648e-02,2.255699e-02,6.595890e-03,2.545224e-02,4.531568e-01,4.550389e-03,1.917586e-02,1.355149e-01,1.517399e-01,2.183393e-03,1.524865e-02
4.473140e-02,1.571839e-02,6.590500e-03,2.354573e-02,3.599293e-02,1.756527e-02,4.844366e-03,1.801274e-02,3.930542e-01,3.997940e-03,2.368150e-02,2.373300e-01,1.597950e-01,2.271382e-03,1.286854e-02
5.881381e-02,1.204232e-02,4.772555e-03,2.271209e-02,2.542288e-02,1.539794e-02,3.496726e-03,1.364188e-02,3.460330e-01,3.197784e-03,2.789292e-02,3.043912e-01,1.502560e-01,2.166260e-03,9.762634e-03
6.222978e-02,1.000553e-02,3.469745e-03,1.835464e-02,1.807354e-02,1.191580e-02,2.568828e-03,9.913370e-03,3.532939e-01,2.828911e-03,3.894474e-02,3.199702e-01,1.383179e-01,2.506182e-03,7.606954e-03
5.879449e-02,1.359705e-02,2.746310e-03,1.357715e-02,1.300197e-02,9.318112e-03,1.855941e-03,7.145671e-03,3.762710e-01,8.247206e-03,4.093022e-02,3.359986e-01,1.057614e-01,4.537352e-03,8.217523e-03
7.157768e-02,1.801798e-02,2.361935e-03,1.159782e-02,9.607256e-03,7.673913e-03,1.380725e-03,5.920762e-03,3.743633e-01,9.935036e-03,5.131289e-02,3.252141e-01,9.349591e-02,9.561046e-03,7.979655e-03
5.791543e-02,2.016539e-02,2.090707e-03,8.796063e-03,7.209473e-03,7.451203e-03,1.013652e-03,4.378197e-03,3.228631e-01,8.884895e-03,1.158050e-01,2.841525e-01,8.925550e-02,6.217546e-02,7.843405e-03
4.335256e-02,1.911751e-02,2.034729e-03,7.574139e-03,5.318149e-03,5.951253e-03,7.320766e-04,3.199297e-03,2.491241e-01,7.912485e-03,2.112466e-01,2.344096e-01,6.711555e-02,1.356876e-01,7.224443e-03
3.117897e-02,1.942273e-02,1.705237e-03,6.082324e-03,1.714396e-02,4.506342e-03,5.471292e-04,2.439160e-03,2.208967e-01,6.590424e-03,3.273180e-01,1.987898e-01,5.244935e-02,1.052588e-01,5.671181e-03
2.980055e-02,1.546463e-02,6.739607e-03,5.607099e-03,5.664459e-02,4.460894e-03,7.788063e-04,3.601795e-03,2.102098e-01,5.356715e-03,3.634910e-01,1.595257e-01,3.880137e-02,9.527659e-02,4.240893e-03
6.824198e-02,1.238218e-02,9.603725e-03,6.055750e-03,9.657524e-02,5.673584e-03,1.026946e-03,6.177356e-03,2.463809e-01,4.640731e-03,3.025067e-01,1.218198e-01,2.814243e-02,8.731724e-02,3.455432e-03
7.891522e-02,1.102823e-02,1.051740e-02,5.545326e-03,7.617765e-02,5.507840e-03,8.326233e-04,5.472638e-03,3.696236e-01,5.706334e-03,2.212198e-01,8.915230e-02,2.072244e-02,9.474038e-02,4.838230e-03
6.437425e-02,1.065212e-02,1.496031e-02,6.104327e-03,5.514155e-02,1.460780e-02,7.034792e-04,6.126812e-03,4.832375e-01,5.411803e-03,1.658543e-01,6.704562e-02,1.578767e-02,8.532158e-02,4.670921e-03
5.375570e-02,8.460062e-03,1.230840e-02,5.154778e-03,3.928813e-02,1.495915e-02,5.119290e-04,4.620736e-03,5.754648e-01,4.966036e-03,1.263281e-01,5.050462e-02,1.219986e-02,8.630727e-02,5.170414e-03
4.624679e-02,7.541844e-03,5.124485e-02,3.077462e-02,3.567234e-02,1.928878e-02,4.014007e-04,5.594071e-03,5.871614e-01,6.185504e-03,9.196474e-02,3.628506e-02,9.140960e-03,6.524551e-02,7.252154e-03
4.126993e-02,6.995455e-03,4.411576e-02,2.338038e-02,2.868553e-02,1.691469e-02,3.079940e-04,4.824072e-03,6.599746e-01,5.614578e-03,6.647186e-02,2.581172e-02,6.702084e-03,5.736817e-02,1.156315e-02
