1.000000e+00,0.000000e+00,0.000000e+00,0.000000e+00,0.000000e+00,0.000000e+00,0.000000e+00,0.000000e+00,0.000000e+00,0.000000e+00,0.000000e+00,0.000000e+00,0.000000e+00,0.000000e+00,0.000000e+00
1.000000e+00,0.000000e+00,0.000000e+00,0.000000e+00,0.000000e+00,0.000000e+00,0.000000e+00,0.000000e+00,0.000000e+00,0.000000e+00,0.000000e+00,0.000000e+00,0.000000e+00,0.000000e+00,0.000000e+00
1.000000e+00,0.000000e+00,0.000000e+00,0.000000e+00,0.000000e+00,0.000000e+00,0.000000e+00,0.000000e+00,0.000000e+00,0.000000e+00,0.000000e+00,0.000000e+00,0.000000e+00,0.000000e+00,0.000000e+00
1.000000e+00,0.000000e+00,0.000000e+00,0.000000e+00,0.000000e+00,0.000000e+00,0.000000e+00,0.000000e+00,0.000000e+00,0.000000e+00,0.000000e+00,0.000000e+00,0.000000e+00,0.000000e+00,0.000000e+00
1.000000e+00,0.000000e+00,0.000000e+00,0.000000e+00,0.000000e+00,0.000000e+00,0.000000e+00,0.000000e+00,0.000000e+00,0.000000e+00,0.000000e+00,0.000000e+00,0.000000e+00,0.000000e+00,0.000000e+00
1.000000e+00,0.000000e+00,0.000000e+00,0.000000e+00,0.000000e+00,0.000000e+00,0.000000e+00,0.000000e+00,0.000000e+00,0.000000e+00,0.000000e+00,0.000000e+00,0.000000e+00,0.000000e+00,0.000000e+00
1.000000e+00,0.000000e+00,0.000000e+00,0.000000e+00,0.000000e+00,0.000000e+00,0.000000e+00,0.000000e+00,0.000000e+00,0.000000e+00,0.000000e+00,0.000000e+00,0.000000e+00,0.000000e+00,0.000000e+00
1.000000e+00,0.000000e+00,0.000000e+00,0.000000e+00,0.000000e+00,0.000000e+00,0.000000e+00,0.000000e+00,0.000000e+00,0.000000e+00,0.000000e+00,0.000000e+00,0.000000e+00,0.000000e+00,0.000000e+00
1.000000e+00,0.000000e+00,0.000000e+00,0.000000e+00,0.000000e+00,0.000000e+00,0.000000e+00,0.000000e+00,0.000000e+00,0.000000e+00,0.000000e+00,0.000000e+00,0.000000e+00,0.000000e+00,0.000000e+00
1.000000e+00,0.000000e+00,0.000000e+00,0.000000e+00,0.000000e+00,0.000000e+00,0.000000e+00,0.000000e+00,0.000000e+00,0.000000e+00,0.000000e+00,0.000000e+00,0.000000e+00,0.000000e+00,0.000000e+00
1.000000e+00,0.000000e+00,0.000000e+00,0.000000e+00,0.000000e+00,0.000000e+00,0.000000e+00,0.000000e+00,0.000000e+00,0.000000e+00,0.000000e+00,0.000000e+00,0.000000e+00,0.000000e+00,0.000000e+00
1.000000e+00,0.000000e+00,0.000000e+00,0.000000e+00,0.000000e+00,0.000000e+00,0.000000e+00,0.000000e+00,0.000000e+00,0.000000e+00,0.000000e+00,0.000000e+00,0.000000e+00,0.000000e+00,0.000000e+00
1.000000e+00,0.000000e+00,0.000000e+00,0.000000e+00,0.000000e+00,0.000000e+00,0.000000e+00,0.000000e+00,0.000000e+00,0.000000e+00,0.000000e+00,0.000000e+00,0.000000e+00,0.000000e+00,0.000000e+00
1.000000e+00,0.000000e+00,0.000000e+00,0.000000e+00,0.000000e+00,0.000000e+00,0.000000e+00,0.000000e+00,0.000000e+00,0.000000e+00,0.000000e+00,0.000000e+00,0.000000e+00,0.000000e+00,0.000000e+00
1.000000e+00,0.000000e+00,0.000000e+00,0.000000e+00,0.000000e+00,0.000000e+00,0.000000e+00,0.000000e+00,0.000000e+00,0.000000e+00,0.000000e+00,0.000000e+00,0.000000e+00,0.000000e+00,0.000000e+00
1.000000e+00,0.000000e+00,0.000000e+00,0.000000e+00,0.000000e+00,0.000000e+00,0.000000e+00,0.000000e+00,0.000000e+00,0.000000e+00,0.000000e+00,0.000000e+00,0.000000e+00,0.000000e+00,0.000000e+00
1.000000e+00,0.000000e+00,0.000000e+00,0.000000e+00,0.000000e+00,0.000000e+00,0.000000e+00,0.000000e+00,0.000000e+00,0.000000e+00,0.000000e+00,0.000000e+00,0.000000e+00,0.000000e+00,0.000000e+00
1.000000e+00,0.000000e+00,0.000000e+00,0.000000e+00,0.000000e+00,0.000000e+00,0.000000e+00,0.000000e+00,0.000000e+00,0.000000e+00,0.000000e+00,0.000000e+00,0.000000e+00,0.000000e+00,0.000000e+00
1.000000e+00,0.000000e+00,0.000000e+00,0.000000e+00,0.000000e+00,0.000000e+00,0.000000e+00,0.000000e+00,0.000000e+00,0.000000e+00,0.000000e+00,0.000000e+00,0.000000e+00,0.000000e+00,0.000000e+00
1.000000e+00,0.000000e+00,0.000000e+00,0.000000e+00,0.000000e+00,0.000000e+00,0.000000e+00,0.000000e+00,0.000000e+00,0.000000e+00,0.000000e+00,0.000000e+00,0.000000e+00,0.000000e+00,0.000000e+00
1.000000e+00,0.000000e+00,0.000000e+00,0.000000e+00,0.000000e+00,0.000000e+00,0.000000e+00,0.000000e+00,0.000000e+00,0.000000e+00,0.000000e+00,0.000000e+00,0.000000e+00,0.000000e+00,0.000000e+00
1.000000e+00,0.000000e+00,0.000000e+00,0.000000e+00,0.000000e+00,0.000000e+00,0.000000e+00,0.000000e+00,0.000000e+00,0.000000e+00,0.000000e+00,0.000000e+00,0.000000e+00,0.000000e+00,0.000000e+00
1.000000e+00,0.000000e+00,0.000000e+00,0.000000e+00,0.000000e+00,0.000000e+00,0.000000e+00,0.000000e+00,0.000000e+00,0.000000e+00,0.000000e+00,0.000000e+00,0.000000e+00,0.000000e+00,0.000000e+00
1.000000e+00,0.000000e+00,0.000000e+00,0.000000e+00,0.000000e+00,0.000000e+00,0.000000e+00,0.000000e+00,0.000000e+00,0.000000e+00,0.000000e+00,0.000000e+00,0.000000e+00,0.000000e+00,0.000000e+00
1.000000e+00,0.000000e+00,0.000000e+00,0.000000e+00,0.000000e+00,0.000000e+00,0.000000e+00,0.000000e+00,0.000000e+00,0.000000e+00,0.000000e+00,0.000000e+00,0.000000e+00,0.000000e+00,0.000000e+00
1.000000e+00,0.000000e+00,0.000000e+00,0.000000e+00,0.000000e+00,0.000000e+00,0.000000e+00,0.000000e+00,0.000000e+00,0.000000e+00,0.000000e+00,0.000000e+00,0.000000e+00,0.000000e+00,0.000000e+00
1.000000e+00,0.000000e+00,0.000000e+00,0.000000e+00,0.000000e+00,0.000000e+00,0.000000e+00,0.000000e+00,0.000000e+00,0.000000e+00,0.000000e+00,0.000000e+00,0.000000e+00,0.000000e+00,0.000000e+00
1.000000e+00,0.000000e+00,0.000000e+00,0.000000e+00,0.000000e+00,0.000000e+00,0.000000e+00,0.000000e+00,0.000000e+00,0.000000e+00,0.000000e+00,0.000000e+00,0.000000e+00,0.000000e+00,0.000000e+00
1.000000e+00,0.000000e+00,0.000000e+00,0.000000e+00,0.000000e+00,0.000000e+00,0.000000e+00,0.000000e+00,0.000000e+00,0.000000e+00,0.000000e+00,0.000000e+00,0.000000e+00,0.000000e+00,0.000000e+00
1.000000e+00,0.000000e+00,0.000000e+00,0.000000e+00,0.000000e+00,0.000000e+00,0.000000e+00,0.000000e+00,0.000000e+00,0.000000e+00,0.000000e+00,0.000000e+00,0.000000e+00,0.000000e+00,0.000000e+00
1.000000e+00,0.000000e+00,0.000000e+00,0.000000e+00,0.000000e+00,0.000000e+00,0.000000e+00,0.000000e+00,0.000000e+00,0.000000e+00,0.000000e+00,0.000000e+00,0.000000e+00,0.000000e+00,0.000000e+00
1.000000e+00,0.000000e+00,0.000000e+00,0.000000e+00,0.000000e+00,0.000000e+00,0.000000e+00,0.000000e+00,0.000000e+00,0.000000e+00,0.000000e+00,0.000000e+00,0.000000e+00,0.000000e+00,0.000000e+00
1.000000e+00,0.000000e+00,0.000000e+00,0.000000e+00,0.000000e+00,0.000000e+00,0.000000e+00,0.000000e+00,0.000000e+00,0.000000e+00,0.000000e+00,0.000000e+00,0.000000e+00,0.000000e+00,0.000000e+00
1.000000e+00,0.000000e+00,0.000000e+00,0.000000e+00,0.000000e+00,0.000000e+00,0.000000e+00,0.000000e+00,0.000000e+00,0.000000e+00,0.000000e+00,0.000000e+00,0.000000e+00,0.000000e+00,0.000000e+00
1.000000e+00,0.000000e+00,0.000000e+00,0.000000e+00,0.000000e+00,0.000000e+00,0.000000e+00,0.000000e+00,0.000000e+00,0.000000e+00,0.000000e+00,0.000000e+00,0.000000e+00,0.000000e+00,0.000000e+00
1.000000e+00,0.000000e+00,0.000000e+00,0.000000e+00,0.000000e+00,0.000000e+00,0.000000e+00,0.000000e+00,0.000000e+00,0.000000e+00,0.000000e+00,0.000000e+00,0.000000e+00,0.000000e+00,0.000000e+00
1.000000e+00,0.000000e+00,0.000000e+00,0.000000e+00,0.000000e+00,0.000000e+00,0.000000e+00,0.000000e+00,0.000000e+00,0.000000e+00,0.000000e+00,0.000000e+00,0.000000e+00,0.000000e+00,0.000000e+00
1.000000e+00,0.000000e+00,0.000000e+00,0.000000e+00,0.000000e+00,0.000000e+00,0.000000e+00,0.000000e+00,0.000000e+00,0.000000e+00,0.000000e+00,0.000000e+00,0.000000e+00,0.000000e+00,0.000000e+00
1.000000e+00,0.000000e+00,0.000000e+00,0.000000e+00,0.000000e+00,0.000000e+00,0.000000e+00,0.000000e+00,0.000000e+00,0.000000e+00,0.000000e+00,0.000000e+00,0.000000e+00,0.000000e+00,0.000000e+00
1.000000e+00,0.000000e+00,0.000000e+00,0.000000e+00,0.000000e+00,0.000000e+00,0.000000e+00,0.000000e+00,0.000000e+00,0.000000e+00,0.000000e+00,0.000000e+00,0.000000e+00,0.000000e+00,0.000000e+00
1.000000e+00,0.000000e+00,0.000000e+00,0.000000e+00,0.000000e+00,0.000000e+00,0.000000e+00,0.000000e+00,0.000000e+00,0.000000e+00,0.000000e+00,0.000000e+00,0.000000e+00,0.000000e+00,0.000000e+00
1.000000e+00,0.000000e+00,0.000000e+00,0.000000e+00,0.000000e+00,0.000000e+00,0.000000e+00,0.000000e+00,0.000000e+00,0.000000e+00,0.000000e+00,0.000000e+00,0.000000e+00,0.000000e+00,0.000000e+00
1.000000e+00,0.000000e+00,0.000000e+00,0.000000e+00,0.000000e+00,0.000000e+00,0.000000e+00,0.000000e+00,0.000000e+00,0.000000e+00,0.000000e+00,0.000000e+00,0.000000e+00,0.000000e+00,0.000000e+00
1.000000e+00,0.000000e+00,0.000000e+00,0.000000e+00,0.000000e+00,0.000000e+00,0.000000e+00,0.000000e+00,0.000000e+00,0.000000e+00,0.000000e+00,0.000000e+00,0.000000e+00,0.000000e+00,0.000000e+00
1.000000e+00,0.000000e+00,0.000000e+00,0.000000e+00,0.000000e+00,0.000000e+00,0.000000e+00,0.000000e+00,0.000000e+00,0.000000e+00,0.000000e+00,0.000000e+00,0.000000e+00,0.000000e+00,0.000000e+00
1.000000e+00,0.000000e+00,0.000000e+00,0.000000e+00,0.000000e+00,0.000000e+00,0.000000e+00,0.000000e+00,0.000000e+00,0.000000e+00,0.000000e+00,0.000000e+00,0.000000e+00,0.000000e+00,0.000000e+00
1.000000e+00,0.000000e+00,0.000000e+00,0.000000e+00,0.000000e+00,0.000000e+00,0.000000e+00,0.000000e+00,0.000000e+00,0.000000e+00,0.000000e+00,0.000000e+00,0.000000e+00,0.000000e+00,0.000000e+00
1.000000e+00,0.000000e+00,0.000000e+00,0.000000e+00,0.000000e+00,0.000000e+00,0.000000e+00,0.000000e+00,0.000000e+00,0.000000e+00,0.000000e+00,0.000000e+00,0.000000e+00,0.000000e+00,0.000000e+00
1.000000e+00,0.000000e+00,0.000000e+00,0.000000e+00,0.000000e+00,0.000000e+00,0.000000e+00,0.000000e+00,0.000000e+00,0.000000e+00,0.000000e+00,0.000000e+00,0.000000e+00,0.000000e+00,0.000000e+00
1.000000e+00,0.000000e+00,0.000000e+00,0.000000e+00,0.000000e+00,0.000000e+00,0.000000e+00,0.000000e+00,0.000000e+00,0.000000e+00,0.000000e+00,0.000000e+00,0.000000e+00,0.000000e+00,0.000000e+00
1.000000e+00,0.000000e+00,0.000000e+00,0.000000e+00,0.000000e+00,0.000000e+00,0.000000e+00,0.000000e+00,0.000000e+00,0.000000e+00,0.000000e+00,0.000000e+00,0.000000e+00,0.000000e+00,0.000000e+00
1.000000e+00,0.000000e+00,0.000000e+00,0.000000e+00,0.000000e+00,0.000000e+00,0.000000e+00,0.000000e+00,0.000000e+00,0.000000e+00,0.000000e+00,0.000000e+00,0.000000e+00,0.000000e+00,0.000000e+00
1.000000e+00,0.000000e+00,0.000000e+00,0.000000e+00,0.000000e+00,0.000000e+00,0.000000e+00,0.000000e+00,0.000000e+00,0.000000e+00,0.000000e+00,0.000000e+00,0.000000e+00,0.000000e+00,0.000000e+00
4.277348e-01,7.552266e-02,2.719151e-02,2.980560e-01,1.809695e-02,1.369687e-02,6.967060e-03,3.652613e-03,2.030060e-02,7.203390e-03,3.581535e-03,8.301081e-03,2.037004e-02,1.591214e-03,6.773381e-02
3.102510e-01,7.200319e-02,5.068761e-02,4.315749e-01,1.636779e-02,1.158166e-02,6.631824e-03,3.536085e-03,1.496345e-02,5.714307e-03,3.125331e-03,6.294588e-03,1.484398e-02,1.224786e-03,5.119953e-02
2.650464e-01,6.066061e-02,1.184857e-01,4.455941e-01,1.506642e-02,9.914682e-03,5.762106e-03,3.464259e-03,1.134656e-02,4.853958e-03,4.632570e-03,5.053231e-03,1.115901e-02,1.094792e-03,3.786579e-02
3.496152e-01,5.220604e-02,1.287656e-01,3.640532e-01,1.406774e-02,1.029916e-02,5.081663e-03,4.370932e-03,9.618198e-03,4.597042e-03,7.479936e-03,5.315509e-03,9.395902e-03,1.848486e-03,3.328540e-02
4.789254e-01,4.281846e-02,9.556676e-02,2.714929e-01,1.227825e-02,1.256496e-02,4.275280e-03,5.614751e-03,8.340958e-03,4.032013e-03,7.522988e-03,1.087984e-02,1.219909e-02,2.797952e-03,3.069047e-02
1.000000e+00,0.000000e+00,0.000000e+00,0.000000e+00,0.000000e+00,0.000000e+00,0.000000e+00,0.000000e+00,0.000000e+00,0.000000e+00,0.000000e+00,0.000000e+00,0.000000e+00,0.000000e+00,0.000000e+00
1.000000e+00,0.000000e+00,0.000000e+00,0.000000e+00,0.000000e+00,0.000000e+00,0.000000e+00,0.000000e+00,0.000000e+00,0.000000e+00,0.000000e+00,0.000000e+00,0.000000e+00,0.000000e+00,0.000000e+00
1.000000e+00,0.000000e+00,0.000000e+00,0.000000e+00,0.000000e+00,0.000000e+00,0.000000e+00,0.000000e+00,0.000000e+00,0.000000e+00,0.000000e+00,0.000000e+00,0.000000e+00,0.000000e+00,0.000000e+00
4.497730e-01,9.308575e-02,3.598217e-02,2.007854e-01,9.040603e-03,1.144683e-02,3.601218e-03,3.945883e-03,2.248064e-02,4.890302e-02,1.421150e-02,1.167047e-02,1.610002e-02,2.734709e-03,7.623878e-02
3.606353e-01,1.634791e-01,3.052618e-02,1.640127e-01,7.241913e-03,9.608304e-03,3.057558e-03,3.045509e-03,3.148210e-02,9.333742e-02,1.217594e-02,8.944871e-03,1.662497e-02,2.336674e-03,9.349141e-02
2.600925e-01,1.783645e-01,2.972678e-02,1.255951e-01,5.257461e-03,7.428046e-03,2.227790e-03,2.245034e-03,2.950262e-02,1.593438e-01,9.195122e-03,6.585014e-03,1.315163e-02,1.875288e-03,1.694094e-01
1.826695e-01,2.546417e-01,2.616438e-02,9.480668e-02,3.790814e-03,7.105016e-03,1.648135e-03,1.698648e-03,3.425170e-02,2.100162e-01,7.085476e-03,5.245966e-03,1.709539e-02,1.977021e-03,1.518035e-01
1.286234e-01,2.293354e-01,1.879337e-02,6.676283e-02,2.730999e-03,6.210391e-03,1.181443e-03,1.335800e-03,3.375141e-02,1.640832e-01,6.341934e-03,4.030547e-03,1.516417e-02,9.679556e-03,3.119756e-01
9.060846e-02,1.909598e-01,1.347806e-02,4.692215e-02,1.959010e-03,5.269265e-03,8.398080e-04,1.023727e-03,2.953184e-02,1.248368e-01,5.421138e-03,3.068923e-03,1.286480e-02,1.596997e-02,4.572463e-01
6.384964e-02,1.547163e-01,1.159747e-02,3.392758e-02,1.472739e-03,5.212436e-03,6.126228e-04,9.917637e-04,3.467741e-02,9.584344e-02,4.527611e-03,2.327742e-03,1.030434e-02,1.640347e-02,5.635355e-01
4.500694e-02,1.127333e-01,8.358560e-03,2.385977e-02,1.147320e-03,4.618650e-03,4.392923e-04,7.574499e-04,2.753132e-02,7.023415e-02,3.701685e-03,1.694499e-03,8.185931e-03,1.754907e-02,6.741821e-01
3.173813e-02,8.149157e-02,5.972000e-03,1.673386e-02,8.339654e-04,3.555941e-03,3.118722e-04,5.439133e-04,2.100578e-02,4.955335e-02,2.828547e-03,1.231025e-03,6.157174e-03,1.548689e-02,7.625560e-01
2.260323e-02,5.888130e-02,4.562212e-03,1.174528e-02,6.308738e-04,3.094864e-03,2.238281e-04,3.876633e-04,1.768219e-02,3.521111e-02,2.323772e-03,8.860414e-04,4.692901e-03,1.524177e-02,8.218329e-01
1.678365e-02,4.515099e-02,3.467088e-02,8.528619e-03,8.695778e-04,3.598656e-03,1.960624e-04,3.614017e-04,3.012173e-02,2.485205e-02,2.490736e-03,7.511138e-04,3.799495e-03,1.128589e-02,8.165390e-01
1.256625e-02,3.768460e-02,8.659603e-02,7.452217e-03,2.270201e-03,3.930715e-03,2.336915e-04,3.765311e-04,9.720888e-02,1.866342e-02,2.747847e-03,8.851574e-04,4.406971e-03,8.548230e-03,7.164292e-01
1.148958e-02,2.990581e-02,1.998675e-01,8.074671e-03,4.474312e-03,4.307285e-03,2.937220e-04,4.214732e-04,9.047692e-02,1.384499e-02,3.518645e-03,1.027488e-03,4.897555e-03,6.902009e-03,6.204980e-01
1.133426e-02,3.907093e-02,2.539214e-01,1.382176e-02,4.859895e-03,2.287758e-02,2.676122e-04,5.685425e-04,8.572658e-02,1.371976e-02,7.880658e-03,1.871037e-03,6.554782e-03,5.842670e-03,5.316825e-01
8.162031e-03,2.518654e-01,1.833907e-01,1.016987e-02,4.163904e-03,1.832780e-02,1.970668e-04,4.246566e-04,1.159749e-01,1.310151e-02,6.909440e-03,1.661600e-03,5.367552e-03,4.149938e-03,3.761336e-01
5.875053e-03,4.014789e-01,1.362815e-01,8.057014e-03,3.301600e-03,1.364709e-02,1.468561e-04,3.181244e-04,1.288205e-01,1.234625e-02,8.326078e-03,2.319088e-03,6.084114e-03,2.931320e-03,2.700665e-01
4.219890e-03,4.088875e-01,1.076568e-01,2.591169e-02,2.725305e-03,9.948873e-03,1.285886e-04,3.281714e-04,2.213979e-01,9.846875e-03,6.778688e-03,2.165928e-03,5.768762e-03,2.072909e-03,1.921621e-01
3.252062e-03,3.482188e-01,8.878639e-02,3.306888e-02,2.910024e-03,9.879188e-03,1.429099e-04,1.577154e-03,3.036755e-01,8.006207e-03,2.150096e-02,5.801831e-03,3.388315e-02,1.605544e-03,1.376913e-01
8.837594e-03,2.655053e-01,1.164437e-01,4.728142e-02,1.347718e-02,2.211984e-02,1.000048e-03,4.583213e-03,3.177058e-01,6.872213e-03,4.178875e-02,7.827936e-03,3.996280e-02,1.510994e-03,1.050833e-01
2.090400e-02,1.957091e-01,1.139956e-01,4.957172e-02,4.825671e-02,2.035645e-02,2.362722e-03,7.648329e-03,3.614256e-01,7.221942e-03,3.588860e-02,7.303047e-03,4.885425e-02,1.857292e-03,7.864457e-02
1.672373e-02,1.436335e-01,9.795028e-02,1.215553e-01,4.974574e-02,1.653071e-02,2.296035e-03,8.357561e-03,3.689013e-01,1.188096e-02,3.142361e-02,6.895245e-03,6.161950e-02,1.787386e-03,6.069918e-02
1.514759e-02,1.568967e-01,8.612425e-02,1.180140e-01,5.196375e-02,1.371323e-02,1.746782e-03,8.449916e-03,3.885742e-01,1.831624e-02,2.806386e-02,6.375404e-03,5.183468e-02,1.912443e-03,5.286701e-02
1.229624e-02,1.507348e-01,7.781635e-02,9.163708e-02,3.977834e-02,1.424782e-02,1.270823e-03,6.569202e-03,3.709913e-01,5.329598e-02,2.787960e-02,5.643320e-03,3.974579e-02,3.029670e-03,1.050636e-01
9.062961e-03,1.295396e-01,7.816957e-02,2.158297e-01,3.101693e-02,1.031123e-02,9.183272e-04,5.872421e-03,3.334536e-01,4.544135e-02,2.433263e-02,4.760922e-03,2.977541e-02,2.430651e-03,7.908468e-02
8.639615e-03,1.095006e-01,7.477965e-02,1.779738e-01,2.745032e-02,1.273463e-02,8.075857e-04,6.085292e-03,3.913202e-01,3.708880e-02,5.373536e-02,6.316460e-03,3.119263e-02,2.772721e-03,5.960229e-02
9.081441e-03,9.806138e-02,8.057868e-02,2.142053e-01,2.202559e-02,1.371768e-02,7.355429e-04,5.310204e-03,3.920702e-01,3.023547e-02,5.078973e-02,5.944051e-03,2.398479e-02,6.545187e-03,4.671475e-02
7.186664e-03,1.094546e-01,6.276823e-02,2.399862e-01,1.579878e-02,1.029423e-02,5.347696e-04,3.922120e-03,4.232609e-01,2.214844e-02,4.071472e-02,5.620105e-03,1.857138e-02,5.038763e-03,3.470007e-02
1.068146e-02,1.000622e-01,5.146710e-02,2.478128e-01,1.290376e-02,1.161289e-02,5.760090e-04,3.052189e-03,3.876509e-01,2.075075e-02,7.980646e-02,1.053399e-02,2.398726e-02,6.857845e-03,3.224433e-02
2.538775e-02,1.159352e-01,3.982830e-02,1.911181e-01,1.207192e-02,1.710423e-02,7.647852e-04,3.665262e-03,3.372883e-01,1.881474e-02,9.439300e-02,1.841367e-02,7.000755e-02,1.143667e-02,4.377048e-02
2.476318e-02,1.008746e-01,6.403809e-02,1.752186e-01,1.900309e-02,2.859361e-02,1.389842e-03,7.422072e-03,3.509917e-01,1.608807e-02,7.319525e-02,1.586058e-02,7.498955e-02,1.135103e-02,3.622075e-02
2.621900e-02,9.951381e-02,5.592196e-02,1.401131e-01,2.761206e-02,2.876665e-02,1.843310e-03,7.278362e-03,3.127364e-01,1.761227e-02,5.995711e-02,1.896621e-02,1.253182e-01,1.959286e-02,5.854878e-02
3.856695e-02,7.335290e-02,4.314254e-02,1.115790e-01,2.430102e-02,2.874441e-02,2.848355e-03,7.088412e-03,2.431321e-01,1.729414e-02,5.216193e-02,3.219490e-02,2.497353e-01,2.133850e-02,5.451962e-02
3.637468e-02,5.846634e-02,3.849275e-02,1.129939e-01,2.378397e-02,3.338578e-02,2.686274e-03,6.195836e-03,1.919004e-01,1.442891e-02,6.095290e-02,4.570879e-02,2.908863e-01,2.063893e-02,6.310429e-02
3.205850e-02,4.542331e-02,3.136091e-02,9.171134e-02,2.102104e-02,3.520180e-02,2.683887e-03,6.562470e-03,1.514167e-01,1.191008e-02,5.169840e-02,4.814291e-02,3.912562e-01,1.895226e-02,6.060018e-02
3.923280e-02,3.762608e-02,2.633300e-02,8.067358e-02,1.759636e-02,3.532454e-02,2.861816e-03,5.702781e-03,1.184790e-01,1.048940e-02,4.951894e-02,9.288121e-02,3.899908e-01,2.857686e-02,6.471292e-02
5.339747e-02,3.165252e-02,3.475339e-02,1.020008e-01,1.605187e-02,3.834822e-02,3.701727e-03,5.228530e-03,1.060151e-01,1.005165e-02,4.780458e-02,1.040027e-01,3.354885e-01,3.401029e-02,7.749264e-02
1.156587e-01,2.944251e-02,5.944552e-02,1.480289e-01,1.658066e-02,3.395843e-02,4.236123e-03,8.514385e-03,9.165832e-02,9.942401e-03,4.140302e-02,9.700251e-02,2.526689e-01,2.829948e-02,6.316016e-02
1.548112e-01,3.556895e-02,5.094283e-02,1.132889e-01,1.344714e-02,7.301350e-02,4.978844e-03,9.827007e-03,7.392798e-02,8.923408e-03,3.991833e-02,1.123897e-01,2.275841e-01,2.664813e-02,5.473012e-02
1.625342e-01,3.564119e-02,4.032139e-02,8.104781e-02,1.202910e-02,5.743475e-02,4.139756e-03,8.430418e-03,6.192205e-02,8.417483e-03,3.013048e-02,1.333167e-01,3.008457e-01,2.168216e-02,4.210690e-02
1.839149e-01,3.018060e-02,3.293253e-02,5.845650e-02,1.047914e-02,4.603203e-02,4.279762e-03,8.461636e-03,5.046299e-02,9.562212e-03,2.274059e-02,1.988180e-01,2.956612e-01,1.558441e-02,3.243356e-02
1.794167e-01,2.824044e-02,2.592090e-02,4.219425e-02,9.436719e-03,3.628017e-02,4.059102e-03,6.868903e-03,4.253276e-02,1.040955e-02,1.728712e-02,3.117542e-01,2.470741e-01,1.156076e-02,2.696449e-02
2.178562e-01,3.492313e-02,2.394714e-02,3.578291e-02,1.297483e-02,3.598252e-02,4.280927e-03,6.130414e-03,4.906654e-02,1.126363e-02,1.486733e-02,3.189016e-01,2.013680e-01,9.360712e-03,2.329410e-02
1.952528e-01,3.163584e-02,2.090042e-02,2.601129e-02,1.471622e-02,2.740457e-02,5.103149e-03,6.104144e-03,4.282011e-02,9.464158e-03,1.133462e-02,4.139178e-01,1.698864e-01,6.972567e-03,1.847594e-02
1.626726e-01,2.461540e-02,1.898979e-02,1.874511e-02,1.612332e-02,2.762118e-02,8.356649e-03,9.713501e-03,3.455206e-02,6.996532e-03,8.553588e-03,4.576284e-01,1.842439e-01,5.118531e-03,1.606949e-02
1.232733e-01,2.350726e-02,1.565460e-02,1.347794e-02,2.087611e-02,2.656138e-02,8.381693e-03,9.767198e-03,3.050008e-02,5.266379e-03,6.593311e-03,5.104198e-01,1.857092e-01,3.846186e-03,1.616556e-02
9.636665e-02,1.671659e-02,1.518302e-02,9.723024e-03,2.575010e-02,2.144197e-02,1.079995e-01,8.543318e-02,2.224012e-02,4.014634e-03,4.865759e-03,4.239480e-01,1.428642e-01,2.894779e-03,2.055840e-02
8.655390e-02,1.948618e-02,2.152885e-02,7.571890e-03,3.867806e-02,2.661003e-02,9.435791e-02,7.372632e-02,2.769298e-02,3.407423e-03,3.934193e-03,4.194298e-01,1.386073e-01,2.390837e-03,3.602434e-02
7.263793e-02,2.884334e-02,2.603880e-02,6.225936e-03,1.009256e-01,2.532273e-02,1.311021e-01,6.127845e-02,3.372402e-02,2.975297e-03,3.604314e-03,3.702705e-01,1.046832e-01,1.891277e-03,3.047644e-02
5.449748e-02,2.079397e-02,1.979096e-02,4.442887e-03,8.087984e-02,1.954731e-02,3.044216e-01,6.432810e-02,2.555855e-02,2.858523e-03,3.178651e-03,2.724851e-01,1.020105e-01,1.391261e-03,2.381525e-02
5.240950e-02,2.623966e-02,2.446203e-02,4.518079e-03,8.448099e-02,5.047584e-02,2.349674e-01,5.623959e-02,7.664265e-02,2.669864e-03,4.591565e-03,2.406615e-01,1.209184e-01,1.278725e-03,1.944424e-02
5.391687e-02,2.189158e-02,2.610219e-02,4.871231e-03,1.082649e-01,6.428710e-02,1.790940e-01,4.291013e-02,9.206152e-02,2.185667e-03,6.784159e-03,1.876111e-01,1.904136e-01,1.110318e-03,1.849576e-02
5.494535e-02,2.342256e-02,5.332395e-02,2.726364e-02,1.594797e-01,6.058455e-02,1.504589e-01,3.555537e-02,9.594704e-02,2.597849e-03,6.025108e-03,1.441723e-01,1.696394e-01,1.191540e-03,1.539275e-02
6.340386e-02,3.667431e-02,4.471663e-02,2.305253e-02,1.435081e-01,6.979020e-02,1.169683e-01,2.745537e-02,1.335923e-01,2.355414e-03,5.520354e-03,1.281484e-01,1.897982e-01,1.130311e-03,1.388567e-02
6.332096e-02,3.865206e-02,3.802605e-02,2.839781e-02,1.322028e-01,9.887899e-02,8.976579e-02,2.724135e-02,1.358572e-01,2.867134e-03,5.850264e-03,1.167512e-01,2.056757e-01,1.075057e-03,1.543757e-02
6.427243e-02,3.193699e-02,2.945256e-02,2.092336e-02,1.002958e-01,1.063300e-01,7.012966e-02,2.190946e-02,1.133370e-01,2.423551e-03,4.755741e-03,9.094995e-02,3.265827e-01,9.501473e-04,1.575057e-02
7.660832e-02,2.560987e-02,2.650923e-02,1.911513e-02,9.028373e-02,9.704019e-02,1.565641e-01,2.371187e-02,1.039659e-01,2.295136e-03,4.050830e-03,7.739120e-02,2.822062e-01,8.441810e-04,1.380412e-02
8.104961e-02,3.116899e-02,2.106140e-02,1.439465e-02,6.737348e-02,1.931317e-01,1.175924e-01,2.005310e-02,1.348209e-01,3.886038e-03,3.333680e-03,5.694896e-02,2.393540e-01,8.089655e-04,1.502204e-02
7.638310e-02,2.786866e-02,1.505078e-02,1.047591e-02,5.453816e-02,2.748801e-01,9.447198e-02,2.091010e-02,1.277177e-01,8.754650e-03,2.829739e-03,4.178652e-02,2.279779e-01,8.426224e-04,1.551207e-02
7.024065e-02,2.179307e-02,1.128906e-02,7.856939e-03,4.358898e-02,2.744445e-01,1.635449e-01,3.190889e-02,1.198145e-01,9.234896e-03,2.214839e-03,3.082451e-02,2.000114e-01,6.542883e-04,1.257853e-02
6.576768e-02,1.773417e-02,8.090410e-03,5.839427e-03,3.170350e-02,3.464451e-01,1.608821e-01,2.858969e-02,1.375335e-01,1.107682e-02,1.935834e-03,2.278615e-02,1.512055e-01,4.769078e-04,9.933197e-03
6.303933e-02,1.785767e-02,5.864265e-03,4.975752e-03,2.473184e-02,4.236041e-01,1.219395e-01,2.461104e-02,1.560604e-01,9.424849e-03,1.840845e-03,1.672491e-02,1.211373e-01,3.671330e-04,7.821050e-03
6.746066e-02,1.520391e-02,4.299421e-03,4.264175e-03,1.913625e-02,5.213780e-01,8.814294e-02,1.855665e-02,1.324574e-01,7.795488e-03,2.008686e-03,1.231377e-02,1.006622e-01,3.088609e-04,6.011505e-03
6.863218e-02,1.193716e-02,3.095330e-03,3.705162e-03,1.447931e-02,6.048230e-01,6.345724e-02,1.379458e-02,1.107456e-01,6.178136e-03,2.080887e-03,9.723131e-03,8.230503e-02,2.533297e-04,4.789993e-03
8.510383e-02,4.012405e-02,6.401085e-03,8.355211e-02,2.045496e-02,4.776911e-01,4.664108e-02,1.067019e-02,9.189530e-02,1.518259e-02,1.077239e-02,1.560292e-02,8.373840e-02,3.323346e-04,1.183756e-02
7.411197e-02,3.783127e-02,5.117203e-03,7.324895e-02,2.643696e-02,3.616798e-01,3.562679e-02,8.479948e-03,8.671821e-02,1.595697e-02,2.576080e-02,1.577692e-02,1.962815e-01,9.220490e-04,3.605066e-02
5.948234e-02,3.143324e-02,4.570754e-03,5.737476e-02,2.482632e-02,2.639568e-01,2.716492e-02,6.498550e-03,7.934069e-02,1.550616e-02,2.582698e-02,2.242950e-02,2.873841e-01,1.702915e-03,9.250195e-02
4.373514e-02,2.294520e-02,3.844496e-03,4.119299e-02,1.925783e-02,1.871069e-01,1.935626e-02,4.904270e-03,7.180130e-02,1.219606e-02,2.222535e-02,1.956836e-02,2.671975e-01,2.239164e-03,2.624292e-01
3.302258e-02,1.970100e-02,3.670647e-03,3.076750e-02,1.599018e-02,1.362204e-01,1.388390e-02,4.042697e-03,1.050801e-01,1.367580e-02,1.943130e-02,2.102359e-02,2.279971e-01,2.620573e-03,3.528728e-01
2.427187e-02,3.590398e-02,3.420133e-03,2.199288e-02,1.193987e-02,1.074970e-01,9.799588e-03,2.975375e-03,2.626783e-01,1.032771e-02,1.515331e-02,1.647980e-02,1.640794e-01,2.302349e-03,3.111785e-01
1.756217e-02,4.546250e-02,4.521138e-03,1.775844e-02,9.554626e-03,8.960981e-02,6.978355e-03,2.550768e-03,3.951486e-01,8.851947e-03,1.082094e-02,1.197432e-02,1.177284e-01,1.790282e-03,2.596877e-01
1.315504e-02,5.118318e-02,3.927765e-03,1.380485e-02,7.966016e-03,8.673587e-02,5.124007e-03,2.293674e-03,5.006199e-01,7.512365e-03,7.847612e-03,9.053222e-03,8.460966e-02,1.419388e-03,2.047475e-01
1.006126e-02,6.027630e-02,3.333718e-03,1.832822e-02,6.213813e-03,8.443159e-02,3.637423e-03,2.547323e-03,5.668268e-01,6.925607e-03,8.366598e-03,7.026968e-03,6.243432e-02,1.209787e-03,1.583802e-01
7.406624e-03,9.747277e-02,2.519071e-03,1.395729e-02,4.942067e-03,1.153734e-01,2.581346e-03,2.093859e-03,5.601605e-01,5.697811e-03,7.082869e-03,5.264068e-03,4.609118e-02,1.022152e-03,1.283350e-01
5.663014e-03,1.093953e-01,1.939725e-03,1.149330e-02,4.705016e-03,1.582047e-01,1.890044e-03,1.875243e-03,5.609633e-01,4.883571e-03,6.308798e-03,3.862061e-03,3.410985e-02,8.439969e-04,9.386209e-02
4.329608e-03,2.028487e-01,1.513946e-03,8.765139e-03,3.400641e-03,1.259577e-01,1.332711e-03,1.570328e-03,4.831989e-01,1.472250e-02,1.074412e-02,3.662045e-03,2.641481e-02,2.971078e-03,1.085677e-01
3.523965e-03,2.303695e-01,1.623619e-03,7.817122e-03,2.503052e-03,1.054169e-01,9.437496e-04,1.803076e-03,4.308507e-01,2.404418e-02,1.318950e-02,3.600857e-03,2.186358e-02,9.947622e-03,1.425025e-01
4.477428e-03,1.738254e-01,1.779428e-03,7.114149e-03,2.379301e-03,1.135953e-01,7.038154e-04,4.632372e-03,4.179237e-01,2.037401e-02,3.437421e-02,3.133630e-03,2.322041e-02,1.767542e-02,1.747914e-01
2.495188e-02,1.311569e-01,5.904836e-03,1.035412e-02,7.022934e-03,1.844518e-01,7.846351e-04,1.260525e-02,3.792528e-01,1.619256e-02,3.417926e-02,2.795035e-03,2.171394e-02,2.039159e-02,1.482424e-01
2.684068e-02,1.066213e-01,5.916283e-02,2.211411e-02,1.340439e-02,2.131998e-01,1.190107e-03,1.621202e-02,3.221702e-01,1.430876e-02,2.738808e-02,3.070858e-03,3.034770e-02,1.780902e-02,1.261601e-01
2.081745e-02,1.093369e-01,7.743862e-02,6.910682e-02,1.307379e-02,1.678573e-01,1.114426e-03,1.272833e-02,2.950061e-01,1.416875e-02,2.099595e-02,2.538664e-03,2.623828e-02,1.380644e-02,1.557722e-01
2.091246e-02,1.393402e-01,7.170736e-02,7.237321e-02,2.029641e-02,1.296171e-01,1.681881e-03,9.455032e-03,2.891402e-01,1.839445e-02,1.524762e-02,1.988079e-03,2.415084e-02,1.013338e-02,1.755618e-01
1.571533e-02,1.162714e-01,1.073153e-01,1.938942e-01,1.769234e-02,9.248266e-02,1.367738e-03,7.207709e-03,2.236864e-01,1.589448e-02,1.137788e-02,1.609146e-03,1.719316e-02,7.185065e-03,1.711071e-01
3.192884e-02,9.663793e-02,1.121493e-01,2.530094e-01,3.716529e-02,8.240877e-02,3.413350e-03,7.296436e-03,1.817664e-01,1.704205e-02,1.029531e-02,1.445862e-03,1.331663e-02,5.248351e-03,1.468760e-01
2.702591e-02,7.196438e-02,2.032251e-01,3.020369e-01,2.925928e-02,6.015958e-02,2.734015e-03,7.694471e-03,1.438140e-01,1.659668e-02,7.780260e-03,1.130728e-03,9.978026e-03,3.793294e-03,1.128073e-01
2.616712e-02,5.395193e-02,2.664205e-01,3.043757e-01,2.338348e-02,4.335480e-02,2.541689e-03,3.261500e-02,1.158780e-01,1.485852e-02,1.839580e-02,2.051603e-03,9.311918e-03,3.156285e-03,8.353759e-02
2.384860e-02,4.636830e-02,2.948223e-01,3.547267e-01,2.035571e-02,3.415898e-02,3.310891e-03,2.582557e-02,8.933295e-02,1.390319e-02,1.712888e-02,2.231644e-03,6.939000e-03,2.698150e-03,6.434914e-02
1.698566e-02,3.304430e-02,2.174921e-01,4.771281e-01,1.450422e-02,2.837876e-02,2.333895e-03,1.820472e-02,6.509086e-02,9.998888e-03,4.415596e-02,1.941585e-02,5.871872e-03,1.932958e-03,4.546178e-02
1.220436e-02,2.354796e-02,1.536997e-01,4.381778e-01,1.040742e-02,2.480204e-02,1.652617e-03,1.295728e-02,4.934934e-02,8.760269e-03,1.641704e-01,5.789255e-02,8.538907e-03,1.749603e-03,3.208968e-02
8.769777e-03,1.661334e-02,1.086950e-01,3.739228e-01,1.041086e-02,2.041327e-02,1.212297e-03,9.532968e-03,3.637283e-02,9.108881e-03,2.326330e-01,1.396987e-01,7.845119e-03,2.090188e-03,2.268084e-02
6.304046e-03,1.172662e-02,7.629392e-02,2.699925e-01,1.760183e-02,1.860375e-02,9.075616e-04,6.707608e-03,2.692408e-02,1.059225e-02,2.965014e-01,2.318572e-01,7.480732e-03,2.494131e-03,1.601238e-02
4.561113e-03,8.276710e-03,5.349655e-02,1.929101e-01,2.294913e-02,1.514219e-02,6.847936e-04,4.729387e-03,2.047316e-02,1.050596e-02,3.109170e-01,3.340976e-01,7.489092e-03,2.496449e-03,1.127080e-02
3.277332e-03,5.897275e-03,3.763323e-02,1.359729e-01,5.007888e-02,1.358636e-02,5.271316e-04,3.341836e-03,1.585165e-02,8.775723e-03,3.241174e-01,3.835174e-01,6.575163e-03,2.853977e-03,7.993677e-03
2.450473e-03,4.344485e-03,2.652230e-02,9.588505e-02,4.854302e-02,1.196042e-02,3.882262e-04,2.382054e-03,1.277905e-02,8.448127e-03,2.788077e-01,4.902166e-01,6.812168e-03,4.779676e-03,5.680710e-03
2.126237e-03,3.273495e-03,1.870060e-02,6.747999e-02,3.951902e-02,9.575140e-03,2.910083e-04,1.714045e-03,9.478288e-03,8.273897e-03,2.411114e-01,5.844741e-01,5.786071e-03,4.140797e-03,4.055918e-03
1.749903e-03,2.528336e-03,1.319825e-02,4.728923e-02,3.167289e-02,6.944616e-03,2.335321e-04,1.273769e-03,7.257543e-03,7.919378e-03,1.917580e-01,6.765174e-01,4.876134e-03,3.902505e-03,2.878487e-03
1.413094e-03,2.025526e-03,9.393126e-03,3.313279e-02,2.485465e-02,4.940457e-03,1.891040e-04,1.025567e-03,5.896446e-03,7.179783e-03,1.480388e-01,7.529305e-01,3.798008e-03,3.144947e-03,2.037187e-03
1.197884e-03,1.688269e-03,6.701758e-03,2.320178e-02,1.786900e-02,3.516713e-03,1.492502e-04,8.751336e-04,5.300156e-03,6.408918e-03,1.093024e-01,8.171723e-01,2.866442e-03,2.309295e-03,1.440638e-03
1.145565e-03,1.387370e-03,4.742214e-03,1.625129e-02,1.290259e-02,2.518333e-03,1.224941e-04,6.991649e-04,5.296716e-03,5.875455e-03,8.132038e-02,8.628111e-01,2.194358e-03,1.712910e-03,1.020016e-03
1.463067e-03,1.062758e-03,3.372946e-03,1.138384e-02,9.312727e-03,1.789595e-03,9.764462e-05,6.112004e-04,4.456543e-03,4.817449e-03,5.949095e-02,8.985903e-01,1.593980e-03,1.234633e-03,7.222805e-04
1.218481e-03,7.912911e-04,2.408091e-03,7.973390e-03,6.665398e-03,1.280057e-03,7.450263e-05,5.373953e-04,3.606968e-03,4.434397e-03,4.340417e-02,9.250513e-01,1.154296e-03,8.869216e-04,5.133301e-04
1.022211e-03,7.007796e-04,1.855218e-03,5.603042e-03,5.059247e-03,1.012991e-03,1.053604e-04,1.367665e-03,3.838313e-03,3.770138e-03,3.171872e-02,9.420842e-01,8.407356e-04,6.505412e-04,3.708613e-04
1.134477e-03,1.016249e-03,1.798181e-03,4.022517e-03,6.263070e-03,1.352559e-03,1.076647e-03,5.129451e-03,1.103364e-02,4.949929e-03,2.494991e-02,9.357488e-01,6.803729e-04,5.311865e-04,3.130682e-04
1.105884e-03,1.045909e-03,1.783104e-03,2.853199e-03,9.703347e-03,1.337437e-03,1.285139e-03,5.496170e-03,1.466255e-02,4.579782e-03,1.981792e-02,9.350252e-01,5.740067e-04,4.585761e-04,2.718070e-04
1.005872e-03,1.223347e-03,1.917188e-03,2.027645e-03,1.109275e-02,1.309762e-03,1.219226e-03,5.579987e-03,1.744930e-02,5.267030e-03,1.662137e-02,9.339542e-01,6.044746e-04,4.856006e-04,2.423023e-04
9.808699e-04,3.675433e-03,2.340788e-03,1.460845e-03,1.140732e-02,1.304304e-03,9.500723e-04,6.052483e-03,3.533157e-02,7.660461e-03,1.859607e-02,9.076326e-01,1.146151e-03,1.178504e-03,2.825490e-04
9.431733e-04,4.340441e-03,2.847351e-03,1.133641e-03,1.417655e-02,1.399132e-03,8.130419e-04,5.700512e-03,5.916236e-02,6.973534e-03,1.954975e-02,8.795394e-01,1.782597e-03,1.302151e-03,3.363647e-04
2.966894e-03,4.267135e-02,4.801982e-02,1.601703e-03,4.323779e-02,1.467157e-03,7.359299e-04,6.959276e-03,8.176710e-02,9.202143e-03,4.673856e-02,7.062141e-01,1.658455e-03,2.020567e-03,4.739198e-03
3.710240e-03,3.720831e-02,4.828324e-02,2.010904e-03,4.713799e-02,1.681040e-03,5.938841e-04,1.485174e-02,1.656285e-01,1.003460e-02,8.752821e-02,5.700707e-01,2.084420e-03,4.461422e-03,4.714755e-03
1.832523e-02,3.680867e-02,7.634616e-02,3.957516e-03,5.599877e-02,1.710144e-03,4.802938e-04,1.421571e-02,2.151310e-01,1.049016e-02,1.255915e-01,4.018096e-01,1.871320e-03,5.488527e-03,3.177556e-02
2.943540e-02,3.760853e-02,1.559507e-01,1.168580e-02,6.201770e-02,2.674399e-03,5.413705e-04,2.261231e-02,2.074367e-01,9.722416e-03,1.257462e-01,2.841892e-01,1.692666e-03,5.781990e-03,4.290461e-02
3.475309e-02,5.604117e-02,1.686516e-01,1.270755e-02,6.565536e-02,3.426023e-03,5.401887e-04,2.356794e-02,1.890993e-01,1.161171e-02,1.429159e-01,2.010247e-01,1.971372e-03,8.154571e-03,7.987965e-02
4.268821e-02,6.453917e-02,1.372963e-01,1.095151e-02,7.732227e-02,6.379487e-03,5.664532e-04,1.872619e-02,1.917027e-01,1.551117e-02,1.581368e-01,1.421252e-01,2.314402e-03,1.496903e-02,1.167710e-01
4.782321e-02,6.362642e-02,1.062047e-01,9.376430e-03,8.084843e-02,7.881925e-03,5.364817e-04,1.741090e-02,2.087469e-01,1.688526e-02,2.120124e-01,1.012007e-01,2.312303e-03,1.905987e-02,1.060740e-01
4.475813e-02,5.602936e-02,8.895456e-02,7.352844e-03,1.235090e-01,8.936088e-03,4.844213e-04,2.071086e-02,2.178012e-01,1.375331e-02,2.317683e-01,7.117400e-02,1.918236e-03,3.458835e-02,7.826133e-02
4.904837e-02,6.523723e-02,7.716690e-02,6.648864e-03,1.190145e-01,7.818691e-03,5.013918e-04,4.967648e-02,2.261958e-01,1.486961e-02,1.925565e-01,5.009780e-02,1.756273e-03,5.842039e-02,8.099118e-02
5.574326e-02,5.725163e-02,6.470012e-02,5.328160e-03,1.414045e-01,8.978272e-03,4.559220e-04,5.607282e-02,2.117721e-01,1.260290e-02,1.640552e-01,3.528177e-02,1.420737e-03,1.213712e-01,6.356139e-02
5.698716e-02,4.969399e-02,5.611874e-02,5.083025e-03,1.141319e-01,7.749271e-03,4.950560e-04,4.757348e-02,1.973852e-01,1.300682e-02,2.080095e-01,2.514768e-02,1.386542e-03,1.703815e-01,4.685019e-02
5.988906e-02,4.189223e-02,4.330403e-02,5.516276e-03,9.368913e-02,6.529309e-03,6.421468e-04,3.877575e-02,1.675596e-01,1.240338e-02,2.971587e-01,1.829163e-02,1.341051e-03,1.781793e-01,3.482836e-02
1.082233e-01,3.844012e-02,6.845579e-02,2.334784e-02,8.500426e-02,7.437381e-03,1.316340e-03,3.396228e-02,1.277211e-01,1.216648e-02,2.738085e-01,1.419815e-02,1.431459e-03,1.743554e-01,3.013157e-02
1.222497e-01,6.416525e-02,7.205641e-02,1.945166e-02,6.937470e-02,9.115106e-03,1.509590e-03,2.813772e-02,1.268008e-01,1.836501e-02,2.340141e-01,1.203305e-02,1.595517e-03,1.939283e-01,2.720302e-02
1.626831e-01,6.410828e-02,7.448025e-02,1.696283e-02,5.655725e-02,1.248974e-02,1.447391e-03,2.182977e-02,1.491017e-01,2.937475e-02,1.994351e-01,1.119718e-02,1.972794e-03,1.731200e-01,2.523993e-02
2.467678e-01,7.905105e-02,7.164004e-02,4.745860e-02,5.077037e-02,1.366753e-02,2.376635e-03,1.961483e-02,1.274517e-01,2.399794e-02,1.442337e-01,1.317630e-02,2.784345e-03,1.295778e-01,2.743131e-02
3.181849e-01,8.026588e-02,5.606766e-02,4.014027e-02,4.954256e-02,1.577450e-02,2.147279e-03,1.653319e-02,1.383528e-01,2.774480e-02,1.079702e-01,1.242123e-02,2.735036e-03,1.096503e-01,2.246947e-02
3.950751e-01,6.510164e-02,4.463622e-02,3.320444e-02,4.685264e-02,1.575936e-02,2.134503e-03,1.558467e-02,1.451056e-01,2.250042e-02,7.885375e-02,1.166977e-02,2.901526e-03,1.010240e-01,1.959644e-02
4.913311e-01,5.652677e-02,4.033538e-02,3.795378e-02,4.027341e-02,1.570859e-02,3.060712e-03,1.420322e-02,1.132383e-01,1.696847e-02,5.742255e-02,1.278501e-02,4.511958e-03,7.575131e-02,1.992948e-02
1.000000e+00,0.000000e+00,0.000000e+00,0.000000e+00,0.000000e+00,0.000000e+00,0.000000e+00,0.000000e+00,0.000000e+00,0.000000e+00,0.000000e+00,0.000000e+00,0.000000e+00,0.000000e+00,0.000000e+00
1.000000e+00,0.000000e+00,0.000000e+00,0.000000e+00,0.000000e+00,0.000000e+00,0.000000e+00,0.000000e+00,0.000000e+00,0.000000e+00,0.000000e+00,0.000000e+00,0.000000e+00,0.000000e+00,0.000000e+00
1.000000e+00,0.000000e+00,0.000000e+00,0.000000e+00,0.000000e+00,0.000000e+00,0.000000e+00,0.000000e+00,0.000000e+00,0.000000e+00,0.000000e+00,0.000000e+00,0.000000e+00,0.000000e+00,0.000000e+00
1.000000e+00,0.000000e+00,0.000000e+00,0.000000e+00,0.000000e+00,0.000000e+00,0.000000e+00,0.000000e+00,0.000000e+00,0.000000e+00,0.000000e+00,0.000000e+00,0.000000e+00,0.000000e+00,0.000000e+00
1.000000e+00,0.000000e+00,0.000000e+00,0.000000e+00,0.000000e+00,0.000000e+00,0.000000e+00,0.000000e+00,0.000000e+00,0.000000e+00,0.000000e+00,0.000000e+00,0.000000e+00,0.000000e+00,0.000000e+00
3.683033e-01,3.775240e-02,5.128640e-02,3.440048e-01,3.192506e-02,2.122502e-02,2.188947e-03,2.221991e-02,4.092285e-02,6.730942e-03,2.186313e-02,1.515729e-02,5.222501e-03,1.642563e-02,1.477175e-02
2.653213e-01,4.388482e-02,4.050593e-02,2.927109e-01,2.343049e-02,1.745079e-02,1.801727e-03,1.628470e-02,7.282698e-02,7.349589e-02,6.752217e-02,1.190257e-02,1.166574e-02,1.262568e-02,4.857028e-02
1.962250e-01,1.067587e-01,3.089615e-02,2.501944e-01,1.716196e-02,1.287085e-02,1.371329e-03,1.168217e-02,1.513261e-01,7.869707e-02,6.473264e-02,9.393941e-03,1.191669e-02,9.153585e-03,4.761942e-02
1.418670e-01,2.767342e-01,2.651632e-02,1.854293e-01,1.228328e-02,9.376744e-03,9.979426e-04,8.272563e-03,1.563993e-01,6.258450e-02,5.074471e-02,7.233850e-03,1.330521e-02,6.868655e-03,4.138655e-02
1.077724e-01,4.506813e-01,1.877222e-02,1.309556e-01,8.617514e-03,6.907346e-03,7.017404e-04,5.867363e-03,1.196465e-01,4.667502e-02,3.660126e-02,5.361661e-03,1.023131e-02,5.996926e-03,4.521190e-02
8.903033e-02,5.323675e-01,1.363932e-02,9.297793e-02,6.062067e-03,5.850658e-03,4.973812e-04,4.205433e-03,9.411813e-02,4.078507e-02,2.798612e-02,4.861266e-03,1.131904e-02,6.006860e-03,7.029299e-02
7.209123e-02,4.020661e-01,1.044636e-02,6.623710e-02,4.436542e-03,4.925472e-03,3.932438e-04,3.145464e-03,7.685211e-02,3.005128e-02,2.555069e-02,4.661113e-03,1.649734e-02,6.958135e-03,2.756878e-01
8.003049e-02,3.075538e-01,8.906861e-03,4.982614e-02,3.501205e-03,7.876378e-03,3.593095e-04,2.404090e-03,6.154270e-02,2.374411e-02,2.385119e-02,5.116700e-03,2.700877e-02,7.697597e-03,3.905806e-01
6.518838e-02,2.603015e-01,1.530624e-02,9.290048e-02,6.436446e-03,8.448961e-03,4.981129e-04,2.312061e-03,1.176584e-01,2.267785e-02,3.476313e-02,9.600624e-03,3.387583e-02,1.158001e-02,3.184520e-01
4.807576e-02,1.850469e-01,1.229311e-02,1.241183e-01,5.428066e-03,1.038539e-02,6.230497e-04,1.970642e-03,9.268210e-02,2.568753e-02,1.164227e-01,1.453153e-02,9.660037e-02,9.473143e-03,2.566614e-01
4.498256e-02,1.391796e-01,1.059783e-02,1.390501e-01,5.124129e-03,9.749870e-03,1.773292e-03,3.480025e-03,1.120563e-01,3.388608e-02,1.222483e-01,2.193924e-02,1.198940e-01,1.174730e-02,2.242914e-01
4.274485e-02,9.920130e-02,1.023816e-02,1.111087e-01,5.273446e-03,9.523635e-03,5.452892e-03,3.655429e-03,9.139965e-02,4.374638e-02,1.251740e-01,3.889506e-02,1.526756e-01,1.392308e-02,2.469879e-01
1.204986e-01,7.192121e-02,8.598778e-03,8.496059e-02,5.852335e-03,9.479792e-03,4.933833e-03,3.470965e-03,6.967869e-02,4.306632e-02,9.531057e-02,6.637156e-02,2.103187e-01,1.382396e-02,1.917142e-01
