1.000000e+00,0.000000e+00,0.000000e+00,0.000000e+00,0.000000e+00,0.000000e+00,0.000000e+00,0.000000e+00,0.000000e+00,0.000000e+00,0.000000e+00,0.000000e+00,0.000000e+00,0.000000e+00,0.000000e+00
1.000000e+00,0.000000e+00,0.000000e+00,0.000000e+00,0.000000e+00,0.000000e+00,0.000000e+00,0.000000e+00,0.000000e+00,0.000000e+00,0.000000e+00,0.000000e+00,0.000000e+00,0.000000e+00,0.000000e+00
1.000000e+00,0.000000e+00,0.000000e+00,0.000000e+00,0.000000e+00,0.000000e+00,0.000000e+00,0.000000e+00,0.000000e+00,0.000000e+00,0.000000e+00,0.000000e+00,0.000000e+00,0.000000e+00,0.000000e+00
1.000000e+00,0.000000e+00,0.000000e+00,0.000000e+00,0.000000e+00,0.000000e+00,0.000000e+00,0.000000e+00,0.000000e+00,0.000000e+00,0.000000e+00,0.000000e+00,0.000000e+00,0.000000e+00,0.000000e+00
1.000000e+00,0.000000e+00,0.000000e+00,0.000000e+00,0.000000e+00,0.000000e+00,0.000000e+00,0.000000e+00,0.000000e+00,0.000000e+00,0.000000e+00,0.000000e+00,0.000000e+00,0.000000e+00,0.000000e+00
1.000000e+00,0.000000e+00,0.000000e+00,0.000000e+00,0.000000e+00,0.000000e+00,0.000000e+00,0.000000e+00,0.000000e+00,0.000000e+00,0.000000e+00,0.000000e+00,0.000000e+00,0.000000e+00,0.000000e+00
1.000000e+00,0.000000e+00,0.000000e+00,0.000000e+00,0.000000e+00,0.000000e+00,0.000000e+00,0.000000e+00,0.000000e+00,0.000000e+00,0.000000e+00,0.000000e+00,0.000000e+00,0.000000e+00,0.000000e+00
1.000000e+00,0.000000e+00,0.000000e+00,0.000000e+00,0.000000e+00,0.000000e+00,0.000000e+00,0.000000e+00,0.000000e+00,0.000000e+00,0.000000e+00,0.000000e+00,0.000000e+00,0.000000e+00,0.000000e+00
1.000000e+00,0.000000e+00,0.000000e+00,0.000000e+00,0.000000e+00,0.000000e+00,0.000000e+00,0.000000e+00,0.000000e+00,0.000000e+00,0.000000e+00,0.000000e+00,0.000000e+00,0.000000e+00,0.000000e+00
1.000000e+00,0.000000e+00,0.000000e+00,0.000000e+00,0.000000e+00,0.000000e+00,0.000000e+00,0.000000e+00,0.000000e+00,0.000000e+00,0.000000e+00,0.000000e+00,0.000000e+00,0.000000e+00,0.000000e+00
1.000000e+00,0.000000e+00,0.000000e+00,0.000000e+00,0.000000e+00,0.000000e+00,0.000000e+00,0.000000e+00,0.000000e+00,0.000000e+00,0.000000e+00,0.000000e+00,0.000000e+00,0.000000e+00,0.000000e+00
1.000000e+00,0.000000e+00,0.000000e+00,0.000000e+00,0.000000e+00,0.000000e+00,0.000000e+00,0.000000e+00,0.000000e+00,0.000000e+00,0.000000e+00,0.000000e+00,0.000000e+00,0.000000e+00,0.000000e+00
1.000000e+00,0.000000e+00,0.000000e+00,0.000000e+00,0.000000e+00,0.000000e+00,0.000000e+00,0.000000e+00,0.000000e+00,0.000000e+00,0.000000e+00,0.000000e+00,0.000000e+00,0.000000e+00,0.000000e+00
1.000000e+00,0.000000e+00,0.000000e+00,0.000000e+00,0.000000e+00,0.000000e+00,0.000000e+00,0.000000e+00,0.000000e+00,0.000000e+00,0.000000e+00,0.000000e+00,0.000000e+00,0.000000e+00,0.000000e+00
1.000000e+00,0.000000e+00,0.000000e+00,0.000000e+00,0.000000e+00,0.000000e+00,0.000000e+00,0.000000e+00,0.000000e+00,0.000000e+00,0.000000e+00,0.000000e+00,0.000000e+00,0.000000e+00,0.000000e+00
1.000000e+00,0.000000e+00,0.000000e+00,0.000000e+00,0.000000e+00,0.000000e+00,0.000000e+00,0.000000e+00,0.000000e+00,0.000000e+00,0.000000e+00,0.000000e+00,0.000000e+00,0.000000e+00,0.000000e+00
1.000000e+00,0.000000e+00,0.000000e+00,0.000000e+00,0.000000e+00,0.000000e+00,0.000000e+00,0.000000e+00,0.000000e+00,0.000000e+00,0.000000e+00,0.000000e+00,0.000000e+00,0.000000e+00,0.000000e+00
1.000000e+00,0.000000e+00,0.000000e+00,0.000000e+00,0.000000e+00,0.000000e+00,0.000000e+00,0.000000e+00,0.000000e+00,0.000000e+00,0.000000e+00,0.000000e+00,0.000000e+00,0.000000e+00,0.000000e+00
1.000000e+00,0.000000e+00,0.000000e+00,0.000000e+00,0.000000e+00,0.000000e+00,0.000000e+00,0.000000e+00,0.000000e+00,0.000000e+00,0.000000e+00,0.000000e+00,0.000000e+00,0.000000e+00,0.000000e+00
1.000000e+00,0.000000e+00,0.000000e+00,0.000000e+00,0.000000e+00,0.000000e+00,0.000000e+00,0.000000e+00,0.000000e+00,0.000000e+00,0.000000e+00,0.000000e+00,0.000000e+00,0.000000e+00,0.000000e+00
1.000000e+00,0.000000e+00,0.000000e+00,0.000000e+00,0.000000e+00,0.000000e+00,0.000000e+00,0.000000e+00,0.000000e+00,0.000000e+00,0.000000e+00,0.000000e+00,0.000000e+00,0.000000e+00,0.000000e+00
1.000000e+00,0.000000e+00,0.000000e+00,0.000000e+00,0.000000e+00,0.000000e+00,0.000000e+00,0.000000e+00,0.000000e+00,0.000000e+00,0.000000e+00,0.000000e+00,0.000000e+00,0.000000e+00,0.000000e+00
1.000000e+00,0.000000e+00,0.000000e+00,0.000000e+00,0.000000e+00,0.000000e+00,0.000000e+00,0.000000e+00,0.000000e+00,0.000000e+00,0.000000e+00,0.000000e+00,0.000000e+00,0.000000e+00,0.000000e+00
1.000000e+00,0.000000e+00,0.000000e+00,0.000000e+00,0.000000e+00,0.000000e+00,0.000000e+00,0.000000e+00,0.000000e+00,0.000000e+00,0.000000e+00,0.000000e+00,0.000000e+00,0.000000e+00,0.000000e+00
1.000000e+00,0.000000e+00,0.000000e+00,0.000000e+00,0.000000e+00,0.000000e+00,0.000000e+00,0.000000e+00,0.000000e+00,0.000000e+00,0.000000e+00,0.000000e+00,0.000000e+00,0.000000e+00,0.000000e+00
1.000000e+00,0.000000e+00,0.000000e+00,0.000000e+00,0.000000e+00,0.000000e+00,0.000000e+00,0.000000e+00,0.000000e+00,0.000000e+00,0.000000e+00,0.000000e+00,0.000000e+00,0.000000e+00,0.000000e+00
1.000000e+00,0.000000e+00,0.000000e+00,0.000000e+00,0.000000e+00,0.000000e+00,0.000000e+00,0.000000e+00,0.000000e+00,0.000000e+00,0.000000e+00,0.000000e+00,0.000000e+00,0.000000e+00,0.000000e+00
1.000000e+00,0.000000e+00,0.000000e+00,0.000000e+00,0.000000e+00,0.000000e+00,0.000000e+00,0.000000e+00,0.000000e+00,0.000000e+00,0.000000e+00,0.000000e+00,0.000000e+00,0.000000e+00,0.000000e+00
1.000000e+00,0.000000e+00,0.000000e+00,0.000000e+00,0.000000e+00,0.000000e+00,0.000000e+00,0.000000e+00,0.000000e+00,0.000000e+00,0.000000e+00,0.000000e+00,0.000000e+00,0.000000e+00,0.000000e+00
1.000000e+00,0.000000e+00,0.000000e+00,0.000000e+00,0.000000e+00,0.000000e+00,0.000000e+00,0.000000e+00,0.000000e+00,0.000000e+00,0.000000e+00,0.000000e+00,0.000000e+00,0.000000e+00,0.000000e+00
1.000000e+00,0.000000e+00,0.000000e+00,0.000000e+00,0.000000e+00,0.000000e+00,0.000000e+00,0.000000e+00,0.000000e+00,0.000000e+00,0.000000e+00,0.000000e+00,0.000000e+00,0.000000e+00,0.000000e+00
1.000000e+00,0.000000e+00,0.000000e+00,0.000000e+00,0.000000e+00,0.000000e+00,0.000000e+00,0.000000e+00,0.000000e+00,0.000000e+00,0.000000e+00,0.000000e+00,0.000000e+00,0.000000e+00,0.000000e+00
1.000000e+00,0.000000e+00,0.000000e+00,0.000000e+00,0.000000e+00,0.000000e+00,0.000000e+00,0.000000e+00,0.000000e+00,0.000000e+00,0.000000e+00,0.000000e+00,0.000000e+00,0.000000e+00,0.000000e+00
1.000000e+00,0.000000e+00,0.000000e+00,0.000000e+00,0.000000e+00,0.000000e+00,0.000000e+00,0.000000e+00,0.000000e+00,0.000000e+00,0.000000e+00,0.000000e+00,0.000000e+00,0.000000e+00,0.000000e+00
1.000000e+00,0.000000e+00,0.000000e+00,0.000000e+00,0.000000e+00,0.000000e+00,0.000000e+00,0.000000e+00,0.000000e+00,0.000000e+00,0.000000e+00,0.000000e+00,0.000000e+00,0.000000e+00,0.000000e+00
1.000000e+00,0.000000e+00,0.000000e+00,0.000000e+00,0.000000e+00,0.000000e+00,0.000000e+00,0.000000e+00,0.000000e+00,0.000000e+00,0.000000e+00,0.000000e+00,0.000000e+00,0.000000e+00,0.000000e+00
1.000000e+00,0.000000e+00,0.000000e+00,0.000000e+00,0.000000e+00,0.000000e+00,0.000000e+00,0.000000e+00,0.000000e+00,0.000000e+00,0.000000e+00,0.000000e+00,0.000000e+00,0.000000e+00,0.000000e+00
1.000000e+00,0.000000e+00,0.000000e+00,0.000000e+00,0.000000e+00,0.000000e+00,0.000000e+00,0.000000e+00,0.000000e+00,0.000000e+00,0.000000e+00,0.000000e+00,0.000000e+00,0.000000e+00,0.000000e+00
1.000000e+00,0.000000e+00,0.000000e+00,0.000000e+00,0.000000e+00,0.000000e+00,0.000000e+00,0.000000e+00,0.000000e+00,0.000000e+00,0.000000e+00,0.000000e+00,0.000000e+00,0.000000e+00,0.000000e+00
1.000000e+00,0.000000e+00,0.000000e+00,0.000000e+00,0.000000e+00,0.000000e+00,0.000000e+00,0.000000e+00,0.000000e+00,0.000000e+00,0.000000e+00,0.000000e+00,0.000000e+00,0.000000e+00,0.000000e+00
1.000000e+00,0.000000e+00,0.000000e+00,0.000000e+00,0.000000e+00,0.000000e+00,0.000000e+00,0.000000e+00,0.000000e+00,0.000000e+00,0.000000e+00,0.000000e+00,0.000000e+00,0.000000e+00,0.000000e+00
1.000000e+00,0.000000e+00,0.000000e+00,0.000000e+00,0.000000e+00,0.000000e+00,0.000000e+00,0.000000e+00,0.000000e+00,0.000000e+00,0.000000e+00,0.000000e+00,0.000000e+00,0.000000e+00,0.000000e+00
1.000000e+00,0.000000e+00,0.000000e+00,0.000000e+00,0.000000e+00,0.000000e+00,0.000000e+00,0.000000e+00,0.000000e+00,0.000000e+00,0.000000e+00,0.000000e+00,0.000000e+00,0.000000e+00,0.000000e+00
1.000000e+00,0.000000e+00,0.000000e+00,0.000000e+00,0.000000e+00,0.000000e+00,0.000000e+00,0.000000e+00,0.000000e+00,0.000000e+00,0.000000e+00,0.000000e+00,0.000000e+00,0.000000e+00,0.000000e+00
1.000000e+00,0.000000e+00,0.000000e+00,0.000000e+00,0.000000e+00,0.000000e+00,0.000000e+00,0.000000e+00,0.000000e+00,0.000000e+00,0.000000e+00,0.000000e+00,0.000000e+00,0.000000e+00,0.000000e+00
1.000000e+00,0.000000e+00,0.000000e+00,0.000000e+00,0.000000e+00,0.000000e+00,0.000000e+00,0.000000e+00,0.000000e+00,0.000000e+00,0.000000e+00,0.000000e+00,0.000000e+00,0.000000e+00,0.000000e+00
1.000000e+00,0.000000e+00,0.000000e+00,0.000000e+00,0.000000e+00,0.000000e+00,0.000000e+00,0.000000e+00,0.000000e+00,0.000000e+00,0.000000e+00,0.000000e+00,0.000000e+00,0.000000e+00,0.000000e+00
1.000000e+00,0.000000e+00,0.000000e+00,0.000000e+00,0.000000e+00,0.000000e+00,0.000000e+00,0.000000e+00,0.000000e+00,0.000000e+00,0.000000e+00,0.000000e+00,0.000000e+00,0.000000e+00,0.000000e+00
1.000000e+00,0.000000e+00,0.000000e+00,0.000000e+00,0.000000e+00,0.000000e+00,0.000000e+00,0.000000e+00,0.000000e+00,0.000000e+00,0.000000e+00,0.000000e+00,0.000000e+00,0.000000e+00,0.000000e+00
1.000000e+00,0.000000e+00,0.000000e+00,0.000000e+00,0.000000e+00,0.000000e+00,0.000000e+00,0.000000e+00,0.000000e+00,0.000000e+00,0.000000e+00,0.000000e+00,0.000000e+00,0.000000e+00,0.000000e+00
1.000000e+00,0.000000e+00,0.000000e+00,0.000000e+00,0.000000e+00,0.000000e+00,0.000000e+00,0.000000e+00,0.000000e+00,0.000000e+00,0.000000e+00,0.000000e+00,0.000000e+00,0.000000e+00,0.000000e+00
1.000000e+00,0.000000e+00,0.000000e+00,0.000000e+00,0.000000e+00,0.000000e+00,0.000000e+00,0.000000e+00,0.000000e+00,0.000000e+00,0.000000e+00,0.000000e+00,0.000000e+00,0.000000e+00,0.000000e+00
1.000000e+00,0.000000e+00,0.000000e+00,0.000000e+00,0.000000e+00,0.000000e+00,0.000000e+00,0.000000e+00,0.000000e+00,0.000000e+00,0.000000e+00,0.000000e+00,0.000000e+00,0.000000e+00,0.000000e+00
1.000000e+00,0.000000e+00,0.000000e+00,0.000000e+00,0.000000e+00,0.000000e+00,0.000000e+00,0.000000e+00,0.000000e+00,0.000000e+00,0.000000e+00,0.000000e+00,0.000000e+00,0.000000e+00,0.000000e+00
1.000000e+00,0.000000e+00,0.000000e+00,0.000000e+00,0.000000e+00,0.000000e+00,0.000000e+00,0.000000e+00,0.000000e+00,0.000000e+00,0.000000e+00,0.000000e+00,0.000000e+00,0.000000e+00,0.000000e+00
1.000000e+00,0.000000e+00,0.000000e+00,0.000000e+00,0.000000e+00,0.000000e+00,0.000000e+00,0.000000e+00,0.000000e+00,0.000000e+00,0.000000e+00,0.000000e+00,0.000000e+00,0.000000e+00,0.000000e+00
1.000000e+00,0.000000e+00,0.000000e+00,0.000000e+00,0.000000e+00,0.000000e+00,0.000000e+00,0.000000e+00,0.000000e+00,0.000000e+00,0.000000e+00,0.000000e+00,0.000000e+00,0.000000e+00,0.000000e+00
1.000000e+00,0.000000e+00,0.000000e+00,0.000000e+00,0.000000e+00,0.000000e+00,0.000000e+00,0.000000e+00,0.000000e+00,0.000000e+00,0.000000e+00,0.000000e+00,0.000000e+00,0.000000e+00,0.000000e+00
1.000000e+00,0.000000e+00,0.000000e+00,0.000000e+00,0.000000e+00,0.000000e+00,0.000000e+00,0.000000e+00,0.000000e+00,0.000000e+00,0.000000e+00,0.000000e+00,0.000000e+00,0.000000e+00,0.000000e+00
1.000000e+00,0.000000e+00,0.000000e+00,0.000000e+00,0.000000e+00,0.000000e+00,0.000000e+00,0.000000e+00,0.000000e+00,0.000000e+00,0.000000e+00,0.000000e+00,0.000000e+00,0.000000e+00,0.000000e+00
4.558991e-01,1.093992e-02,4.359369e-02,3.646195e-02,5.185066e-03,1.469499e-02,8.835367e-03,3.744493e-01,3.537666e-03,1.051679e-03,8.510222e-03,1.453957e-02,1.034521e-02,2.820140e-03,9.136203e-03
3.284425e-01,8.108510e-03,5.080023e-02,3.126168e-02,3.877812e-03,1.210850e-02,8.380918e-03,5.200186e-01,2.561721e-03,7.743633e-04,6.212350e-03,1.072310e-02,7.772129e-03,2.252830e-03,6.704799e-03
2.331903e-01,5.765101e-03,4.432034e-02,2.334682e-02,2.875389e-03,9.969918e-03,9.804588e-03,6.442415e-01,1.811065e-03,5.636794e-04,4.391499e-03,7.653767e-03,5.656374e-03,1.641936e-03,4.767901e-03
1.645438e-01,4.077885e-03,3.727393e-02,1.694552e-02,2.142356e-03,7.582751e-03,1.112590e-02,7.374660e-01,1.274252e-03,4.123842e-04,3.091380e-03,5.404048e-03,4.110564e-03,1.174079e-03,3.375250e-03
1.165870e-01,2.874439e-03,2.816084e-02,1.214395e-02,1.726362e-03,5.453961e-03,9.517836e-03,8.101531e-01,8.955445e-04,3.111488e-04,2.187562e-03,3.806700e-03,2.963531e-03,8.328517e-04,2.385210e-03
8.200157e-02,2.022165e-03,2.142965e-02,8.569636e-03,1.492416e-03,3.887496e-03,1.158999e-02,8.594644e-01,6.301900e-04,2.389395e-04,1.543708e-03,2.685434e-03,2.168753e-03,5.875980e-04,1.688040e-03
5.779728e-02,1.442440e-03,1.764774e-02,6.121936e-03,1.882529e-03,2.864997e-03,1.397533e-02,8.910378e-01,4.632964e-04,2.632306e-04,1.110284e-03,1.961879e-03,1.774776e-03,4.259413e-04,1.230493e-03
4.225438e-02,1.090338e-03,1.324213e-02,4.366323e-03,3.094941e-03,2.426338e-03,1.763067e-02,9.097393e-01,3.827269e-04,3.421788e-04,8.226821e-04,1.536517e-03,1.714728e-03,3.176148e-04,1.039162e-03
3.605187e-02,9.332678e-04,1.025802e-02,3.242553e-03,4.915425e-03,2.797813e-03,2.099961e-02,9.146426e-01,3.447566e-04,4.450890e-04,6.649003e-04,1.351656e-03,1.834931e-03,2.612205e-04,1.256275e-03
3.300040e-02,1.044605e-03,1.344097e-02,3.152665e-03,1.094432e-02,2.834545e-03,3.834680e-02,8.887607e-01,3.921030e-04,1.664033e-03,5.876292e-04,1.483939e-03,2.282844e-03,3.600982e-04,1.704314e-03
4.899440e-02,9.680990e-04,1.005691e-02,2.512803e-03,1.123966e-02,4.714221e-03,5.376307e-02,8.574030e-01,4.964188e-04,1.567686e-03,7.147148e-04,2.034282e-03,3.005820e-03,4.173032e-04,2.111552e-03
9.446570e-02,1.156431e-03,7.862171e-03,2.235976e-03,1.235791e-02,8.026391e-03,5.438130e-02,8.033236e-01,7.557594e-04,1.695270e-03,9.889263e-04,4.581586e-03,4.257671e-03,6.246538e-04,3.286597e-03
2.008928e-01,1.707583e-03,6.850970e-03,2.527418e-03,1.358829e-02,9.297923e-03,5.412020e-02,6.853216e-01,1.138602e-03,1.723469e-03,1.294705e-03,9.793602e-03,5.585827e-03,8.631872e-04,5.293848e-03
2.965495e-01,2.162774e-03,6.432984e-03,3.486473e-03,1.509006e-02,1.104360e-02,4.612223e-02,5.842923e-01,1.640817e-03,2.007709e-03,1.711883e-03,1.427125e-02,6.867951e-03,1.134190e-03,7.186251e-03
3.220245e-01,5.440154e-03,8.486431e-03,1.194631e-02,1.947305e-02,2.528982e-02,3.738669e-02,4.417403e-01,2.020489e-02,1.326821e-02,5.370935e-03,2.484121e-02,3.885865e-02,2.708321e-03,2.296045e-02
2.520477e-01,8.124472e-03,7.076965e-03,1.904358e-02,2.119949e-02,2.077734e-02,2.790771e-02,3.178476e-01,1.014613e-01,9.465189e-02,7.116507e-03,2.277293e-02,5.464815e-02,2.983195e-03,4.234121e-02
2.234153e-01,1.964597e-02,5.808369e-03,2.574820e-02,2.391572e-02,1.795737e-02,2.195057e-02,2.341874e-01,1.381031e-01,1.106129e-01,1.098287e-02,2.731097e-02,6.953056e-02,3.394474e-03,6.743619e-02
1.754822e-01,3.136110e-02,5.262424e-03,3.301055e-02,1.996104e-02,1.453908e-02,1.643331e-02,1.671256e-01,2.196575e-01,1.357240e-01,1.010372e-02,2.569319e-02,6.937826e-02,2.895001e-03,7.337301e-02
2.187777e-01,3.310622e-02,7.463840e-03,3.126588e-02,1.695795e-02,2.338380e-02,1.626169e-02,1.266235e-01,2.021974e-01,1.180086e-01,1.044673e-02,3.240614e-02,8.643018e-02,3.374827e-03,7.329548e-02
2.145970e-01,3.462656e-02,8.064385e-03,3.013729e-02,1.888080e-02,1.896474e-02,1.694052e-02,9.340637e-02,2.477196e-01,8.684953e-02,1.460555e-02,3.159212e-02,1.189974e-01,3.360428e-03,6.125767e-02
2.484295e-01,2.778175e-02,2.491494e-02,3.206041e-02,2.159010e-02,2.052075e-02,1.363546e-02,6.804167e-02,1.872487e-01,6.465982e-02,1.337522e-02,3.467190e-02,1.805795e-01,6.577617e-03,5.591262e-02
3.318380e-01,2.741843e-02,2.167695e-02,3.360081e-02,2.182759e-02,2.467368e-02,1.164643e-02,5.107772e-02,1.472677e-01,4.678525e-02,1.679246e-02,4.792606e-02,1.664972e-01,6.653551e-03,4.431815e-02
3.563440e-01,2.405930e-02,2.180088e-02,3.436031e-02,2.296823e-02,2.535479e-02,1.014430e-02,3.742664e-02,1.156142e-01,3.361233e-02,1.878978e-02,6.371091e-02,1.919320e-01,6.667597e-03,3.721460e-02
4.352756e-01,2.291475e-02,1.721387e-02,3.274183e-02,2.484076e-02,2.589951e-02,8.509682e-03,2.846584e-02,9.111866e-02,2.440926e-02,1.632544e-02,6.130190e-02,1.766926e-01,5.155746e-03,2.913453e-02
4.752403e-01,1.943045e-02,1.818152e-02,3.028526e-02,3.095954e-02,2.908962e-02,8.318506e-03,2.267384e-02,7.257355e-02,1.892213e-02,1.645119e-02,8.236554e-02,1.474966e-01,4.422717e-03,2.358917e-02
4.298253e-01,1.489841e-02,1.332695e-02,2.290433e-02,2.495703e-02,3.520742e-02,6.213668e-03,1.625569e-02,6.613427e-02,1.335491e-02,1.248368e-02,6.954577e-02,2.545480e-01,3.231870e-03,1.711267e-02
4.258422e-01,1.248653e-02,9.523124e-03,1.758552e-02,2.087906e-02,3.247503e-02,4.770628e-03,1.176859e-02,6.544565e-02,9.511011e-03,9.481945e-03,6.827876e-02,2.967299e-01,2.574082e-03,1.264792e-02
3.791673e-01,1.096616e-02,6.940327e-03,1.336482e-02,1.748264e-02,7.975826e-02,3.936198e-03,8.473799e-03,5.363729e-02,7.100853e-03,9.282006e-03,7.736918e-02,3.206624e-01,2.212105e-03,9.646511e-03
3.303958e-01,1.004211e-02,5.010183e-03,1.007974e-02,1.532307e-02,6.255054e-02,3.048174e-03,6.157078e-03,4.344928e-02,5.318122e-03,7.888206e-03,9.331524e-02,3.985069e-01,1.626363e-03,7.289124e-03
2.867724e-01,7.973349e-03,4.003416e-03,8.052635e-03,1.232274e-02,5.179626e-02,2.677515e-03,4.644952e-03,3.254781e-02,3.942397e-03,7.284997e-03,1.110110e-01,4.597303e-01,1.336548e-03,5.903631e-03
2.323706e-01,6.348847e-03,2.980744e-03,6.352134e-03,1.270398e-02,4.187576e-02,2.261712e-03,3.493067e-03,2.663953e-02,2.899578e-03,6.889281e-03,9.649495e-02,5.524102e-01,1.526689e-03,4.752889e-03
1.674201e-01,4.606831e-03,2.113814e-03,4.952766e-03,9.413218e-03,4.010530e-02,1.682451e-03,2.519921e-03,1.998370e-02,2.144298e-03,9.253330e-03,1.189065e-01,6.114258e-01,1.701734e-03,3.770236e-03
1.243320e-01,3.754532e-03,1.669602e-03,5.288279e-03,9.458371e-03,3.622555e-02,1.550597e-03,2.712693e-03,2.180497e-02,1.823727e-03,1.453552e-02,1.739637e-01,5.984979e-01,1.385359e-03,2.997185e-03
9.470483e-02,3.523661e-03,1.265852e-03,4.653961e-03,8.115460e-03,4.352599e-02,1.235644e-03,2.102063e-03,2.076935e-02,1.676638e-03,1.774534e-02,2.221901e-01,5.740793e-01,1.253418e-03,3.158473e-03
9.304856e-02,3.885142e-03,1.294121e-03,6.096822e-03,1.577586e-02,5.444956e-02,1.473787e-03,3.132474e-03,4.228627e-02,1.577888e-03,2.063536e-02,1.915946e-01,5.605015e-01,1.238421e-03,3.009742e-03
9.078316e-02,6.226362e-03,2.458533e-03,7.283086e-03,3.510759e-02,9.237021e-02,3.334895e-03,3.814756e-03,1.079255e-01,1.485754e-03,1.733989e-02,1.545955e-01,4.727417e-01,1.370872e-03,3.162206e-03
8.116654e-02,8.203031e-03,1.408396e-02,1.169488e-02,4.150888e-02,1.338468e-01,5.815603e-03,3.056431e-02,1.399853e-01,1.930805e-03,1.539311e-02,1.415457e-01,3.697024e-01,1.241240e-03,3.317497e-03
6.824566e-02,9.072692e-03,2.421815e-02,7.032520e-02,6.059068e-02,1.337450e-01,8.897508e-03,3.449117e-02,1.957736e-01,1.873257e-03,1.321934e-02,1.033507e-01,2.713316e-01,9.056383e-04,3.959857e-03
6.700230e-02,8.068159e-03,2.036772e-02,5.981369e-02,7.901853e-02,2.093085e-01,1.481084e-02,3.207400e-02,1.908444e-01,1.565814e-03,1.097708e-02,8.995561e-02,2.120458e-01,6.915111e-04,3.456014e-03
7.393541e-02,6.890054e-03,3.702290e-02,1.407513e-01,9.488948e-02,1.634042e-01,1.238270e-02,7.613612e-02,1.479480e-01,1.326803e-03,1.060378e-02,6.604131e-02,1.653476e-01,6.018862e-04,2.718445e-03
7.150005e-02,6.877806e-03,6.980419e-02,1.554459e-01,8.893511e-02,1.314361e-01,1.241167e-02,1.018102e-01,1.637806e-01,1.762156e-03,1.229371e-02,5.562966e-02,1.246706e-01,7.213634e-04,2.920868e-03
6.805797e-02,8.511715e-03,5.700057e-02,1.295713e-01,8.518802e-02,1.288948e-01,1.256107e-02,1.060899e-01,2.306937e-01,1.767064e-03,1.756248e-02,4.392631e-02,1.049775e-01,7.062637e-04,4.491296e-03
6.712335e-02,6.560213e-03,4.907976e-02,9.922687e-02,7.693049e-02,9.432153e-02,1.055117e-02,2.861602e-01,1.791435e-01,1.608718e-03,1.587533e-02,3.230772e-02,7.683367e-02,6.241581e-04,3.653277e-03
9.784609e-02,7.375960e-03,3.715010e-02,1.035179e-01,6.087418e-02,1.006179e-01,9.442367e-03,2.492091e-01,2.178588e-01,3.376935e-03,1.407848e-02,2.748157e-02,6.099706e-02,7.617876e-04,9.411733e-03
9.427479e-02,1.010835e-02,3.947447e-02,1.321132e-01,4.945222e-02,8.946912e-02,8.371309e-03,2.155928e-01,2.600138e-01,5.706677e-03,1.164142e-02,2.183968e-02,4.976709e-02,6.456351e-04,1.152930e-02
9.201247e-02,1.123189e-02,3.133049e-02,1.229626e-01,4.133905e-02,7.446212e-02,1.035002e-02,1.909301e-01,3.204574e-01,4.976078e-03,9.531680e-03,1.674065e-02,6.201986e-02,6.011061e-04,1.105439e-02
1.075935e-01,1.021410e-02,2.316785e-02,9.738697e-02,5.412653e-02,6.312786e-02,1.551745e-02,1.863036e-01,3.520188e-01,4.200638e-03,8.004550e-03,1.350763e-02,5.346408e-02,5.047485e-04,1.086174e-02
1.566443e-01,1.463956e-02,1.727932e-02,8.107930e-02,4.402164e-02,5.017390e-02,1.577979e-02,1.480790e-01,3.415111e-01,3.633421e-03,6.979655e-03,1.321948e-02,9.536606e-02,4.950786e-04,1.109827e-02
1.590560e-01,1.303232e-02,1.239209e-02,6.092454e-02,3.383496e-02,3.909623e-02,1.206939e-02,1.076586e-01,2.943263e-01,2.741242e-03,5.618465e-03,1.003696e-02,2.388100e-01,4.108010e-04,9.992164e-03
1.140417e-01,1.045106e-02,8.935904e-03,5.314462e-02,2.571842e-02,3.056981e-02,8.675341e-03,7.599054e-02,2.155154e-01,2.043635e-03,4.452095e-03,7.251726e-03,4.347361e-01,2.936349e-04,8.180050e-03
8.244601e-02,8.084061e-03,6.425162e-03,3.999296e-02,1.877365e-02,2.354474e-02,6.136234e-03,5.373470e-02,1.537114e-01,1.529139e-03,3.581443e-03,5.708972e-03,5.889815e-01,2.281242e-04,7.121909e-03
5.828409e-02,6.000297e-03,4.566796e-03,2.893199e-02,1.333995e-02,1.761027e-02,4.332611e-03,3.803132e-02,1.113983e-01,1.130898e-03,2.726594e-03,4.363716e-03,7.035717e-01,1.710807e-04,5.540424e-03
4.209860e-02,5.331325e-03,3.294788e-03,2.049646e-02,9.837045e-03,1.387339e-02,3.101701e-03,2.690969e-02,8.057651e-02,8.332583e-04,2.309852e-03,4.064055e-03,7.826571e-01,1.507055e-04,4.465511e-03
3.137349e-02,5.131075e-03,2.349863e-03,1.456133e-02,7.138440e-03,1.088798e-02,2.216818e-03,1.908431e-02,5.865328e-02,6.223748e-04,1.887137e-03,3.607974e-03,8.385130e-01,1.339603e-04,3.838977e-03
2.309441e-02,5.137738e-03,1.810958e-03,1.036816e-02,5.367195e-03,1.164614e-02,1.614918e-03,1.367459e-02,4.671598e-02,4.578487e-04,1.808958e-03,3.871296e-03,8.713276e-01,2.321884e-04,2.872055e-03
1.713948e-02,4.626207e-03,1.348894e-03,7.447187e-03,4.049357e-03,1.739961e-02,1.184805e-03,9.629093e-03,4.188986e-02,3.982325e-04,5.290427e-03,1.679726e-02,8.688169e-01,5.176970e-04,3.465098e-03
1.313474e-02,3.940131e-03,1.021057e-03,5.343885e-03,3.004878e-03,1.749577e-02,8.885224e-04,6.777346e-03,3.516211e-02,3.896793e-04,7.776123e-03,3.551843e-02,8.645039e-01,5.671871e-04,4.476230e-03
1.119987e-02,3.831506e-03,9.237672e-04,3.885679e-03,2.494800e-03,1.344229e-02,7.269026e-04,4.916788e-03,3.359667e-02,5.105605e-04,9.120297e-03,3.857850e-02,8.713689e-01,8.943100e-04,4.509171e-03
9.987803e-03,3.422577e-03,1.162002e-03,2.813908e-03,1.851138e-03,1.597567e-02,5.522977e-04,3.484763e-03,2.642238e-02,7.111392e-04,1.139556e-02,8.765484e-02,8.285025e-01,1.299236e-03,4.764126e-03
8.539569e-03,2.751125e-03,9.572215e-04,2.046258e-03,1.379361e-03,1.255457e-02,4.291687e-04,2.459603e-03,2.539245e-02,8.012303e-04,1.754028e-02,2.141997e-01,7.043680e-01,1.613589e-03,4.967818e-03
6.690850e-03,2.140654e-03,7.662297e-04,1.495752e-03,1.021597e-03,9.704770e-03,3.273844e-04,1.731078e-03,2.188083e-02,9.692799e-04,2.410469e-02,3.741464e-01,5.491062e-01,1.689091e-03,4.225223e-03
5.181738e-03,1.706144e-03,6.542688e-04,1.071567e-03,8.302227e-04,7.288290e-03,2.586841e-04,1.219022e-03,2.052849e-02,1.272851e-03,2.669975e-02,4.750317e-01,4.527265e-01,1.493790e-03,4.037013e-03
3.806470e-03,1.239318e-03,4.991567e-04,7.622495e-04,7.171372e-04,5.406381e-03,2.214020e-04,8.622194e-04,1.997155e-02,1.617745e-03,2.360142e-02,5.893489e-01,3.472499e-01,1.147660e-03,3.548523e-03
2.940312e-03,9.691677e-04,4.375197e-04,5.607348e-04,8.807094e-04,4.194761e-03,3.124798e-04,7.189147e-04,3.936790e-02,2.201684e-03,2.580129e-02,6.340882e-01,2.826925e-01,8.643172e-04,3.969530e-03
2.542528e-03,1.044860e-03,4.180354e-04,4.421742e-04,2.124139e-03,5.616886e-03,1.159879e-03,9.521967e-04,1.040279e-01,2.960945e-03,2.581360e-02,6.304023e-01,2.170813e-01,7.022090e-04,4.711052e-03
2.282161e-03,9.486511e-04,4.626223e-04,3.899985e-04,2.358384e-03,5.650392e-03,1.349146e-03,1.124695e-03,1.056745e-01,3.763974e-03,2.124069e-02,6.828744e-01,1.652602e-01,8.498427e-04,5.770368e-03
2.363188e-03,9.953757e-04,6.083777e-04,3.501698e-04,5.870723e-03,5.253394e-03,1.810615e-03,3.293584e-03,1.880739e-01,5.707745e-03,1.830318e-02,6.260007e-01,1.342049e-01,7.390263e-04,6.425145e-03
2.995158e-03,1.854766e-03,9.117982e-04,3.411028e-04,1.634932e-02,6.489494e-03,3.907168e-03,1.108955e-02,3.339733e-01,6.458109e-03,1.440019e-02,4.916011e-01,1.026240e-01,6.044157e-04,6.400600e-03
2.697331e-03,2.661086e-03,7.147485e-04,2.582261e-04,1.790677e-02,1.830450e-02,3.976543e-03,9.283232e-03,4.958350e-01,4.799898e-03,1.151612e-02,3.521455e-01,7.432032e-02,4.455801e-04,5.135181e-03
2.749361e-03,3.037227e-03,6.109666e-04,8.048278e-04,2.270713e-02,3.634832e-02,4.201792e-03,1.134866e-02,5.981125e-01,3.858950e-03,8.595039e-03,2.504160e-01,5.308775e-02,3.329067e-04,3.788647e-03
2.891521e-03,3.114366e-03,7.223501e-04,5.117998e-03,2.349387e-02,5.517284e-02,3.985221e-03,1.506315e-02,6.578132e-01,3.674721e-03,6.913478e-03,1.792483e-01,3.957157e-02,2.465511e-04,2.970954e-03
4.930125e-03,3.298178e-03,7.414985e-04,4.910049e-03,3.306516e-02,5.268127e-02,6.903326e-03,1.444970e-02,7.006193e-01,3.740582e-03,6.657652e-03,1.333103e-01,3.212512e-02,1.939734e-04,2.373838e-03
1.130337e-02,3.740095e-03,2.261135e-03,5.853171e-03,4.215447e-02,5.363326e-02,1.020706e-02,5.346614e-02,6.627182e-01,3.611556e-03,1.091987e-02,1.003053e-01,3.747865e-02,2.431360e-04,2.104519e-03
1.590916e-02,3.932334e-03,2.010958e-03,4.540564e-03,4.006298e-02,5.689543e-02,1.120253e-02,4.759337e-02,6.816164e-01,2.720201e-03,2.067704e-02,7.502753e-02,3.599037e-02,2.309950e-04,1.590173e-03
1.116639e-01,5.131095e-03,1.453003e-03,3.573294e-03,3.399793e-02,4.498963e-02,9.477195e-03,4.129924e-02,6.198415e-01,1.996150e-03,2.034293e-02,6.201017e-02,4.215780e-02,7.689249e-04,1.297290e-03
1.393014e-01,5.648969e-03,1.106250e-03,4.115130e-03,3.377260e-02,3.272779e-02,7.538032e-03,6.392962e-02,4.750880e-01,1.480478e-03,2.100465e-02,7.979164e-02,1.312579e-01,1.663036e-03,1.574510e-03
1.173990e-01,4.331330e-03,8.376708e-04,3.268576e-03,4.369951e-02,2.316799e-02,6.119655e-03,2.703566e-01,3.468483e-01,1.056144e-03,1.589868e-02,6.093390e-02,1.035477e-01,1.315545e-03,1.219487e-03
9.700286e-02,3.255254e-03,8.918523e-04,2.798573e-03,4.049484e-02,1.766152e-02,7.128350e-03,4.373605e-01,2.458796e-01,8.072644e-04,1.355238e-02,4.787483e-02,8.282958e-02,1.339411e-03,1.123237e-03
7.713167e-02,2.440032e-03,7.959344e-04,3.021634e-03,3.228452e-02,1.643499e-02,1.019543e-02,5.629953e-01,1.738354e-01,5.934545e-04,1.109184e-02,3.786473e-02,6.927390e-02,1.026675e-03,1.014567e-03
5.653708e-02,1.744103e-03,7.638577e-04,2.783461e-03,2.338832e-02,1.288552e-02,8.780150e-03,6.828411e-01,1.221195e-01,4.294960e-04,8.726367e-03,2.759393e-02,4.985979e-02,7.580849e-04,7.892309e-04
4.238789e-02,1.284515e-03,6.420712e-04,2.297755e-03,1.845590e-02,9.446526e-03,6.662081e-03,7.701046e-01,8.600277e-02,3.069693e-04,6.533385e-03,1.947490e-02,3.527001e-02,5.557379e-04,5.749168e-04
3.400138e-02,9.146623e-04,5.269405e-04,2.024262e-03,1.540994e-02,6.818527e-03,5.025612e-03,8.305893e-01,6.049700e-02,2.164677e-04,4.699619e-03,1.367276e-02,2.479967e-02,3.952550e-04,4.086436e-04
2.674573e-02,6.512417e-04,4.297699e-04,1.702543e-03,1.340458e-02,5.409173e-03,4.416069e-03,8.735110e-01,4.242250e-02,1.555195e-04,3.400564e-03,9.616710e-03,1.755842e-02,2.834523e-04,2.927032e-04
2.090072e-02,4.662214e-04,3.491668e-04,1.421024e-03,1.230969e-02,3.989315e-03,3.629375e-03,9.051231e-01,2.976609e-02,1.103018e-04,2.425498e-03,6.751344e-03,1.234792e-02,2.009669e-04,2.092773e-04
1.621996e-02,3.448554e-04,2.844994e-04,1.116157e-03,1.240172e-02,2.864878e-03,2.695838e-03,9.276549e-01,2.089555e-02,7.815981e-05,1.722247e-03,4.749620e-03,8.677699e-03,1.425428e-04,1.513454e-04
1.332308e-02,2.734364e-04,2.770383e-04,8.953567e-04,1.302746e-02,2.109488e-03,2.452690e-03,9.419504e-01,1.469544e-02,5.760287e-05,1.230831e-03,3.364845e-03,6.123409e-03,1.022987e-04,1.166251e-04
1.177232e-02,2.193423e-04,3.239173e-04,7.917290e-04,1.491177e-02,1.570978e-03,2.376336e-03,9.498472e-01,1.038408e-02,4.475692e-05,8.852155e-04,2.386942e-03,4.316611e-03,7.576546e-05,9.296170e-05
1.123209e-02,1.840254e-04,4.556385e-04,7.515510e-04,1.313741e-02,1.274924e-03,2.622032e-03,9.572743e-01,7.344121e-03,3.890130e-05,6.731455e-04,1.768274e-03,3.099122e-03,5.874364e-05,8.569501e-05
1.245117e-02,1.509159e-04,5.099109e-04,6.882455e-04,1.159410e-02,9.635511e-04,2.854279e-03,9.613780e-01,5.184819e-03,3.507886e-05,5.309874e-04,1.302857e-03,2.230154e-03,4.684800e-05,7.905033e-05
1.469011e-02,1.459176e-04,4.616284e-04,6.346051e-04,1.002602e-02,7.726770e-04,2.536035e-03,9.638715e-01,3.667473e-03,3.461478e-05,4.411998e-04,9.761804e-04,1.621038e-03,3.730370e-05,8.364159e-05
1.842853e-02,1.678765e-04,5.233814e-04,6.455199e-04,9.995842e-03,7.729406e-04,3.773296e-03,9.602447e-01,2.622475e-03,3.669565e-05,4.486155e-04,8.684756e-04,1.311560e-03,3.222335e-05,1.278719e-04
2.644603e-02,2.096621e-04,5.392327e-04,6.642544e-04,1.039831e-02,7.902080e-04,3.727717e-03,9.525114e-01,1.913939e-03,5.101943e-05,5.170300e-04,8.501782e-04,1.142870e-03,3.400747e-05,2.041275e-04
5.484250e-02,2.716584e-04,6.909182e-04,7.360759e-04,9.143413e-03,1.154780e-03,3.548293e-03,9.237798e-01,1.534894e-03,9.862580e-05,6.865244e-04,1.589720e-03,1.304373e-03,7.798203e-05,5.403768e-04
8.903250e-02,3.243519e-04,1.000040e-03,9.052500e-04,8.275332e-03,1.636782e-03,5.166186e-03,8.864862e-01,1.264271e-03,1.644723e-04,8.026447e-04,2.424008e-03,1.494867e-03,1.215958e-04,9.014822e-04
1.616611e-01,3.855779e-04,1.503374e-03,1.194247e-03,7.167649e-03,3.684444e-03,7.864041e-03,8.063155e-01,1.215458e-03,2.355309e-04,9.179238e-04,4.275808e-03,1.912775e-03,2.238485e-04,1.442766e-03
2.206502e-01,4.240865e-04,1.957842e-03,1.406655e-03,6.572213e-03,4.404662e-03,1.021786e-02,7.426599e-01,1.323330e-03,3.380965e-04,9.439695e-04,5.164446e-03,2.056033e-03,2.744901e-04,1.606269e-03
2.589495e-01,5.698849e-04,2.085043e-03,1.673775e-03,6.905135e-03,5.159042e-03,1.077867e-02,6.992661e-01,1.530413e-03,5.183871e-04,1.218525e-03,6.503654e-03,2.696780e-03,3.478760e-04,1.797234e-03
3.349147e-01,7.770517e-04,2.141190e-03,2.647410e-03,6.812471e-03,6.985880e-03,9.624842e-03,6.093711e-01,1.754753e-03,8.315240e-04,2.198011e-03,1.160286e-02,7.645740e-03,4.777199e-04,2.214751e-03
3.737853e-01,9.354894e-04,1.963496e-03,4.027433e-03,6.867369e-03,7.461074e-03,7.940515e-03,5.518463e-01,1.805277e-03,1.162053e-03,2.873297e-03,1.953159e-02,1.660004e-02,5.375079e-04,2.663271e-03
3.815358e-01,1.178386e-03,1.850041e-03,3.684697e-03,6.432274e-03,7.207282e-03,6.363153e-03,4.658904e-01,2.148721e-03,1.101817e-03,5.470552e-03,2.832341e-02,8.465791e-02,1.395246e-03,2.760292e-03
3.089864e-01,1.234541e-03,1.488223e-03,2.811031e-03,5.718064e-03,5.354772e-03,4.589766e-03,3.423481e-01,2.195590e-03,1.052776e-03,7.555455e-03,2.918016e-02,2.777641e-01,1.905547e-03,7.815547e-03
2.420882e-01,1.194533e-03,1.187685e-03,2.160258e-03,6.218648e-03,3.893536e-03,3.309988e-03,2.490955e-01,2.233522e-03,1.038687e-03,1.577685e-02,2.706091e-02,4.312463e-01,1.765084e-03,1.173039e-02
1.750214e-01,8.849324e-04,9.558068e-04,1.576244e-03,5.395158e-03,2.772050e-03,2.381021e-03,1.760220e-01,2.880835e-03,9.007517e-04,1.381288e-02,2.517719e-02,5.801512e-01,1.342998e-03,1.072547e-02
1.241906e-01,6.412300e-04,7.314005e-04,1.151360e-03,6.001408e-03,1.994004e-03,1.763779e-03,1.242640e-01,4.158566e-03,7.936841e-04,1.159590e-02,2.701190e-02,6.841980e-01,1.005165e-03,1.049914e-02
8.699914e-02,5.270956e-04,6.814174e-04,8.226757e-04,1.216190e-02,1.403037e-03,1.293924e-03,8.707958e-02,5.971235e-03,5.970343e-04,9.349341e-03,2.095770e-02,7.605294e-01,7.297947e-04,1.089680e-02
6.109259e-02,4.169666e-04,8.461567e-04,7.004109e-04,4.065613e-02,1.032756e-03,1.087856e-03,6.292876e-02,8.244988e-03,6.168120e-04,1.001389e-02,1.768919e-02,7.734600e-01,7.789445e-04,2.043463e-02
4.290837e-02,3.327843e-04,9.211475e-04,8.849383e-04,8.329661e-02,1.084218e-03,9.029528e-04,4.628913e-02,1.214674e-02,8.763351e-04,1.682158e-02,1.728488e-02,7.577701e-01,9.020118e-04,1.757820e-02
3.011292e-02,2.427530e-04,1.836606e-03,6.847266e-04,7.973573e-02,8.551141e-04,9.106449e-04,3.741004e-02,1.111113e-02,1.081270e-03,4.317997e-02,1.743467e-02,7.506539e-01,7.104868e-04,2.404011e-02
2.118578e-02,1.886334e-04,3.335938e-03,6.031505e-04,7.230931e-02,6.826110e-04,7.680577e-04,3.401338e-02,9.593637e-03,1.187530e-03,5.190565e-02,1.528746e-02,7.134336e-01,6.388630e-04,7.486640e-02
1.512276e-02,2.448171e-04,9.036925e-03,5.424913e-04,1.305865e-01,5.469858e-04,9.617279e-04,5.499998e-02,1.096362e-02,2.663793e-03,5.563435e-02,1.178854e-02,6.059182e-01,5.876007e-04,1.004018e-01
1.095954e-02,1.838659e-04,7.305103e-03,4.286774e-04,1.850130e-01,4.121830e-04,2.207762e-03,1.172080e-01,9.319677e-03,2.854949e-03,5.581931e-02,9.011631e-03,5.017109e-01,5.477287e-04,9.701775e-02
8.527860e-03,1.970735e-04,8.326755e-03,3.966844e-04,2.691005e-01,4.078179e-04,4.357898e-03,1.472279e-01,9.524241e-03,3.549541e-03,5.814108e-02,7.370492e-03,3.953961e-01,7.678309e-04,8.670824e-02
7.354449e-03,2.230259e-04,7.783459e-03,7.679269e-04,2.215741e-01,4.403050e-04,3.497871e-03,3.314077e-01,1.117142e-02,2.717273e-03,4.891568e-02,5.553667e-03,2.946884e-01,8.366818e-04,6.306817e-02
7.837236e-03,3.477168e-04,7.357851e-03,9.330706e-04,2.849268e-01,6.340898e-04,4.748675e-03,3.367836e-01,1.580126e-02,2.467581e-03,4.558590e-02,5.232399e-03,2.355929e-01,1.028975e-03,5.072198e-02
1.212240e-02,6.154014e-04,1.006943e-02,1.152829e-03,3.937312e-01,1.307326e-03,1.218120e-02,3.019176e-01,1.493077e-02,2.846524e-03,3.557892e-02,4.419217e-03,1.723112e-01,9.657212e-04,3.585032e-02
6.816421e-02,1.616826e-03,9.122900e-03,6.178619e-03,4.111349e-01,1.753169e-03,1.613364e-02,2.694727e-01,3.054884e-02,2.420328e-03,2.769418e-02,5.396071e-03,1.240114e-01,8.954940e-04,2.545675e-02
1.370396e-01,2.939946e-03,8.564924e-03,1.557258e-02,3.767397e-01,3.480315e-03,1.494662e-02,2.564723e-01,4.097937e-02,2.109559e-03,2.252858e-02,6.875874e-03,9.251890e-02,7.485157e-04,1.848329e-02
1.374217e-01,3.286494e-03,7.922989e-03,1.771301e-02,3.206792e-01,3.382788e-03,1.241028e-02,3.544511e-01,3.466083e-02,1.625636e-03,1.831799e-02,6.412817e-03,6.788158e-02,6.692641e-04,1.316432e-02
1.875433e-01,5.145567e-03,7.278678e-03,4.192573e-02,2.568575e-01,7.734812e-03,1.398174e-02,3.507772e-01,3.319646e-02,1.501132e-03,1.561975e-02,1.215981e-02,5.532112e-02,7.298801e-04,1.022736e-02
1.837603e-01,5.261182e-03,6.234599e-03,3.556676e-02,2.056812e-01,7.648040e-03,1.483341e-02,4.329659e-01,3.176128e-02,1.282977e-03,1.232618e-02,1.216539e-02,4.209897e-02,6.279116e-04,7.785948e-03
1.322293e-01,3.765685e-03,4.565986e-03,2.535011e-02,1.497319e-01,5.654460e-03,1.131832e-02,5.893700e-01,2.294839e-02,9.284067e-04,9.007410e-03,8.892749e-03,3.028657e-02,4.492617e-04,5.501437e-03
9.818429e-02,2.743021e-03,3.495962e-03,1.811578e-02,1.085926e-01,4.633729e-03,9.987966e-03,6.983958e-01,1.645610e-02,6.798541e-04,6.467832e-03,6.488258e-03,2.151778e-02,3.229298e-04,3.918141e-03
9.099709e-02,2.463934e-03,2.913843e-03,1.375241e-02,8.018192e-02,8.065759e-03,1.006996e-02,7.480779e-01,1.196106e-02,5.528305e-04,4.732333e-03,5.379127e-03,1.763108e-02,2.660328e-04,2.954782e-03
6.987502e-02,1.834238e-03,2.172754e-03,9.917098e-03,5.739580e-02,1.007078e-02,8.111775e-03,8.075203e-01,8.489768e-03,4.059889e-04,3.374590e-03,4.178545e-03,1.433194e-02,2.015534e-04,2.119921e-03
5.248838e-02,1.314519e-03,1.576607e-03,7.024645e-03,4.184898e-02,8.095972e-03,5.929605e-03,8.579084e-01,5.985109e-03,2.902644e-04,2.381958e-03,3.008428e-03,1.050486e-02,1.469964e-04,1.495311e-03
4.054311e-02,9.566863e-04,1.122686e-03,4.960719e-03,3.222855e-02,5.985320e-03,4.380574e-03,8.929282e-01,4.256253e-03,2.079360e-04,1.682769e-03,2.153504e-03,7.435700e-03,1.064905e-04,1.051527e-03
3.183073e-02,7.037516e-04,8.086815e-04,3.524372e-03,2.646975e-02,4.651643e-03,3.215818e-03,9.167225e-01,3.034868e-03,1.489290e-04,1.193018e-03,1.552861e-03,5.326100e-03,7.691864e-05,7.400166e-04
2.749671e-02,5.643579e-04,6.152531e-04,2.648036e-03,2.068399e-02,4.205876e-03,2.486458e-03,9.321510e-01,2.217295e-03,1.110769e-04,8.922765e-04,1.312762e-03,4.010685e-03,6.177381e-05,5.425068e-04
2.486356e-02,4.448714e-04,4.899814e-04,2.078015e-03,1.731015e-02,3.210581e-03,1.968656e-03,9.427689e-01,1.656026e-03,8.198815e-05,6.615380e-04,1.090453e-03,2.923184e-03,5.059301e-05,4.015183e-04
2.061805e-02,3.305245e-04,3.781052e-04,1.632215e-03,1.285992e-02,2.305517e-03,1.430724e-03,9.554436e-01,1.186689e-03,6.102938e-05,4.876748e-04,8.403372e-04,2.092866e-03,3.828855e-05,2.945416e-04
1.793787e-02,2.522266e-04,2.995601e-04,1.280929e-03,9.255798e-03,1.680008e-03,1.036832e-03,9.645531e-01,8.509636e-04,4.578820e-05,3.718925e-04,6.750256e-04,1.503400e-03,3.041109e-05,2.261739e-04
1.739556e-02,2.072900e-04,2.750943e-04,1.094696e-03,6.715468e-03,1.249726e-03,7.868832e-04,9.693633e-01,6.296903e-04,3.836685e-05,3.139121e-04,6.097291e-04,1.100574e-03,2.825375e-05,1.914823e-04
1.920271e-02,1.799457e-04,2.370473e-04,1.114432e-03,4.962608e-03,9.365412e-04,6.539394e-04,9.703516e-01,4.830481e-04,3.696670e-05,3.001927e-04,5.335829e-04,8.227702e-04,2.438506e-05,1.602470e-04
1.809043e-02,1.470441e-04,1.856812e-04,8.640693e-04,3.526774e-03,7.068902e-04,5.349030e-04,9.740994e-01,3.615011e-04,3.351482e-05,2.453381e-04,4.430225e-04,6.075408e-04,2.124009e-05,1.325867e-04
2.775376e-02,1.654408e-04,2.996024e-04,8.939112e-04,2.910466e-03,7.724740e-04,9.357305e-04,9.640437e-01,3.250790e-04,4.706315e-05,3.662014e-04,6.518831e-04,5.923848e-04,4.859717e-05,1.936157e-04
4.259931e-02,2.132821e-04,4.392532e-04,8.919015e-04,3.226413e-03,1.289900e-03,2.087492e-03,9.462253e-01,3.066378e-04,6.607755e-05,4.812820e-04,9.628180e-04,7.502215e-04,9.258599e-05,3.674586e-04
5.452301e-02,2.125309e-04,5.159861e-04,8.097840e-04,2.913722e-03,2.611663e-03,3.199075e-03,9.311286e-01,2.646347e-04,7.645822e-05,4.847737e-04,1.532896e-03,1.095194e-03,1.217631e-04,5.099690e-04
9.391208e-02,4.297745e-04,6.373087e-04,8.130406e-04,3.493003e-03,2.294593e-03,2.685624e-03,8.656367e-01,1.502906e-03,5.112595e-04,3.878790e-03,6.765104e-03,1.560901e-02,7.996552e-04,1.031146e-03
1.144777e-01,4.418737e-04,5.182059e-04,7.212944e-04,3.675923e-03,2.337413e-03,2.860636e-03,7.317295e-01,1.815071e-03,9.828452e-04,8.364064e-03,1.834358e-02,1.107809e-01,1.829839e-03,1.121221e-03
1.189380e-01,1.126483e-03,4.051454e-04,6.352521e-04,1.116069e-02,4.953648e-03,7.048555e-03,6.018742e-01,2.945400e-03,2.361846e-03,9.405144e-03,2.852347e-02,2.053746e-01,3.254396e-03,1.993162e-03
9.349020e-02,1.270041e-03,3.601436e-04,9.614228e-04,9.942416e-03,4.538301e-03,1.215758e-02,4.391160e-01,1.010072e-02,3.601560e-03,8.101334e-03,1.371522e-01,2.714703e-01,5.530123e-03,2.207646e-03
7.215773e-02,1.256466e-03,2.918342e-04,1.760831e-03,8.624505e-03,4.467927e-03,1.119902e-02,3.188187e-01,4.461409e-02,5.387384e-03,1.026347e-02,3.051889e-01,2.078580e-01,5.485440e-03,2.625801e-03
5.263966e-02,1.942491e-03,3.416444e-04,1.870736e-03,8.941330e-03,4.390754e-03,9.446691e-03,2.251819e-01,7.259221e-02,8.909350e-03,2.393163e-02,4.336703e-01,1.484580e-01,5.076068e-03,2.607243e-03
4.225077e-02,8.835468e-03,5.346374e-04,1.426521e-03,9.235589e-03,3.955960e-03,7.137395e-03,1.591206e-01,7.542467e-02,1.284895e-02,6.262944e-02,5.018642e-01,1.067099e-01,5.740742e-03,2.285211e-03
