1.000000e+00,0.000000e+00,0.000000e+00,0.000000e+00,0.000000e+00,0.000000e+00,0.000000e+00,0.000000e+00,0.000000e+00,0.000000e+00,0.000000e+00,0.000000e+00,0.000000e+00,0.000000e+00,0.000000e+00
1.000000e+00,0.000000e+00,0.000000e+00,0.000000e+00,0.000000e+00,0.000000e+00,0.000000e+00,0.000000e+00,0.000000e+00,0.000000e+00,0.000000e+00,0.000000e+00,0.000000e+00,0.000000e+00,0.000000e+00
1.000000e+00,0.000000e+00,0.000000e+00,0.000000e+00,0.000000e+00,0.000000e+00,0.000000e+00,0.000000e+00,0.000000e+00,0.000000e+00,0.000000e+00,0.000000e+00,0.000000e+00,0.000000e+00,0.000000e+00
1.000000e+00,0.000000e+00,0.000000e+00,0.000000e+00,0.000000e+00,0.000000e+00,0.000000e+00,0.000000e+00,0.000000e+00,0.000000e+00,0.000000e+00,0.000000e+00,0.000000e+00,0.000000e+00,0.000000e+00
1.000000e+00,0.000000e+00,0.000000e+00,0.000000e+00,0.000000e+00,0.000000e+00,0.000000e+00,0.000000e+00,0.000000e+00,0.000000e+00,0.000000e+00,0.000000e+00,0.000000e+00,0.000000e+00,0.000000e+00
1.000000e+00,0.000000e+00,0.000000e+00,0.000000e+00,0.000000e+00,0.000000e+00,0.000000e+00,0.000000e+00,0.000000e+00,0.000000e+00,0.000000e+00,0.000000e+00,0.000000e+00,0.000000e+00,0.000000e+00
1.000000e+00,0.000000e+00,0.000000e+00,0.000000e+00,0.000000e+00,0.000000e+00,0.000000e+00,0.000000e+00,0.000000e+00,0.000000e+00,0.000000e+00,0.000000e+00,0.000000e+00,0.000000e+00,0.000000e+00
1.000000e+00,0.000000e+00,0.000000e+00,0.000000e+00,0.000000e+00,0.000000e+00,0.000000e+00,0.000000e+00,0.000000e+00,0.000000e+00,0.000000e+00,0.000000e+00,0.000000e+00,0.000000e+00,0.000000e+00
1.000000e+00,0.000000e+00,0.000000e+00,0.000000e+00,0.000000e+00,0.000000e+00,0.000000e+00,0.000000e+00,0.000000e+00,0.000000e+00,0.000000e+00,0.000000e+00,0.000000e+00,0.000000e+00,0.000000e+00
1.000000e+00,0.000000e+00,0.000000e+00,0.000000e+00,0.000000e+00,0.000000e+00,0.000000e+00,0.000000e+00,0.000000e+00,0.000000e+00,0.000000e+00,0.000000e+00,0.000000e+00,0.000000e+00,0.000000e+00
1.000000e+00,0.000000e+00,0.000000e+00,0.000000e+00,0.000000e+00,0.000000e+00,0.000000e+00,0.000000e+00,0.000000e+00,0.000000e+00,0.000000e+00,0.000000e+00,0.000000e+00,0.000000e+00,0.000000e+00
1.000000e+00,0.000000e+00,0.000000e+00,0.000000e+00,0.000000e+00,0.000000e+00,0.000000e+00,0.000000e+00,0.000000e+00,0.000000e+00,0.000000e+00,0.000000e+00,0.000000e+00,0.000000e+00,0.000000e+00
1.000000e+00,0.000000e+00,0.000000e+00,0.000000e+00,0.000000e+00,0.000000e+00,0.000000e+00,0.000000e+00,0.000000e+00,0.000000e+00,0.000000e+00,0.000000e+00,0.000000e+00,0.000000e+00,0.000000e+00
1.000000e+00,0.000000e+00,0.000000e+00,0.000000e+00,0.000000e+00,0.000000e+00,0.000000e+00,0.000000e+00,0.000000e+00,0.000000e+00,0.000000e+00,0.000000e+00,0.000000e+00,0.000000e+00,0.000000e+00
1.000000e+00,0.000000e+00,0.000000e+00,0.000000e+00,0.000000e+00,0.000000e+00,0.000000e+00,0.000000e+00,0.000000e+00,0.000000e+00,0.000000e+00,0.000000e+00,0.000000e+00,0.000000e+00,0.000000e+00
1.000000e+00,0.000000e+00,0.000000e+00,0.000000e+00,0.000000e+00,0.000000e+00,0.000000e+00,0.000000e+00,0.000000e+00,0.000000e+00,0.000000e+00,0.000000e+00,0.000000e+00,0.000000e+00,0.000000e+00
1.000000e+00,0.000000e+00,0.000000e+00,0.000000e+00,0.000000e+00,0.000000e+00,0.000000e+00,0.000000e+00,0.000000e+00,0.000000e+00,0.000000e+00,0.000000e+00,0.000000e+00,0.000000e+00,0.000000e+00
1.000000e+00,0.000000e+00,0.000000e+00,0.000000e+00,0.000000e+00,0.000000e+00,0.000000e+00,0.000000e+00,0.000000e+00,0.000000e+00,0.000000e+00,0.000000e+00,0.000000e+00,0.000000e+00,0.000000e+00
1.000000e+00,0.000000e+00,0.000000e+00,0.000000e+00,0.000000e+00,0.000000e+00,0.000000e+00,0.000000e+00,0.000000e+00,0.000000e+00,0.000000e+00,0.000000e+00,0.000000e+00,0.000000e+00,0.000000e+00
1.000000e+00,0.000000e+00,0.000000e+00,0.000000e+00,0.000000e+00,0.000000e+00,0.000000e+00,0.000000e+00,0.000000e+00,0.000000e+00,0.000000e+00,0.000000e+00,0.000000e+00,0.000000e+00,0.000000e+00
1.000000e+00,0.000000e+00,0.000000e+00,0.000000e+00,0.000000e+00,0.000000e+00,0.000000e+00,0.000000e+00,0.000000e+00,0.000000e+00,0.000000e+00,0.000000e+00,0.000000e+00,0.000000e+00,0.000000e+00
1.000000e+00,0.000000e+00,0.000000e+00,0.000000e+00,0.000000e+00,0.000000e+00,0.000000e+00,0.000000e+00,0.000000e+00,0.000000e+00,0.000000e+00,0.000000e+00,0.000000e+00,0.000000e+00,0.000000e+00
1.000000e+00,0.000000e+00,0.000000e+00,0.000000e+00,0.000000e+00,0.000000e+00,0.000000e+00,0.000000e+00,0.000000e+00,0.000000e+00,0.000000e+00,0.000000e+00,0.000000e+00,0.000000e+00,0.000000e+00
1.000000e+00,0.000000e+00,0.000000e+00,0.000000e+00,0.000000e+00,0.000000e+00,0.000000e+00,0.000000e+00,0.000000e+00,0.000000e+00,0.000000e+00,0.000000e+00,0.000000e+00,0.000000e+00,0.000000e+00
1.000000e+00,0.000000e+00,0.000000e+00,0.000000e+00,0.000000e+00,0.000000e+00,0.000000e+00,0.000000e+00,0.000000e+00,0.000000e+00,0.000000e+00,0.000000e+00,0.000000e+00,0.000000e+00,0.000000e+00
1.000000e+00,0.000000e+00,0.000000e+00,0.000000e+00,0.000000e+00,0.000000e+00,0.000000e+00,0.000000e+00,0.000000e+00,0.000000e+00,0.000000e+00,0.000000e+00,0.000000e+00,0.000000e+00,0.000000e+00
1.000000e+00,0.000000e+00,0.000000e+00,0.000000e+00,0.000000e+00,0.000000e+00,0.000000e+00,0.000000e+00,0.000000e+00,0.000000e+00,0.000000e+00,0.000000e+00,0.000000e+00,0.000000e+00,0.000000e+00
1.000000e+00,0.000000e+00,0.000000e+00,0.000000e+00,0.000000e+00,0.000000e+00,0.000000e+00,0.000000e+00,0.000000e+00,0.000000e+00,0.000000e+00,0.000000e+00,0.000000e+00,0.000000e+00,0.000000e+00
1.000000e+00,0.000000e+00,0.000000e+00,0.000000e+00,0.000000e+00,0.000000e+00,0.000000e+00,0.000000e+00,0.000000e+00,0.000000e+00,0.000000e+00,0.000000e+00,0.000000e+00,0.000000e+00,0.000000e+00
1.000000e+00,0.000000e+00,0.000000e+00,0.000000e+00,0.000000e+00,0.000000e+00,0.000000e+00,0.000000e+00,0.000000e+00,0.000000e+00,0.000000e+00,0.000000e+00,0.000000e+00,0.000000e+00,0.000000e+00
1.000000e+00,0.000000e+00,0.000000e+00,0.000000e+00,0.000000e+00,0.000000e+00,0.000000e+00,0.000000e+00,0.000000e+00,0.000000e+00,0.000000e+00,0.000000e+00,0.000000e+00,0.000000e+00,0.000000e+00
1.000000e+00,0.000000e+00,0.000000e+00,0.000000e+00,0.000000e+00,0.000000e+00,0.000000e+00,0.000000e+00,0.000000e+00,0.000000e+00,0.000000e+00,0.000000e+00,0.000000e+00,0.000000e+00,0.000000e+00
1.000000e+00,0.000000e+00,0.000000e+00,0.000000e+00,0.000000e+00,0.000000e+00,0.000000e+00,0.000000e+00,0.000000e+00,0.000000e+00,0.000000e+00,0.000000e+00,0.000000e+00,0.000000e+00,0.000000e+00
1.000000e+00,0.000000e+00,0.000000e+00,0.000000e+00,0.000000e+00,0.000000e+00,0.000000e+00,0.000000e+00,0.000000e+00,0.000000e+00,0.000000e+00,0.000000e+00,0.000000e+00,0.000000e+00,0.000000e+00
1.000000e+00,0.000000e+00,0.000000e+00,0.000000e+00,0.000000e+00,0.000000e+00,0.000000e+00,0.000000e+00,0.000000e+00,0.000000e+00,0.000000e+00,0.000000e+00,0.000000e+00,0.000000e+00,0.000000e+00
1.000000e+00,0.000000e+00,0.000000e+00,0.000000e+00,0.000000e+00,0.000000e+00,0.000000e+00,0.000000e+00,0.000000e+00,0.000000e+00,0.000000e+00,0.000000e+00,0.000000e+00,0.000000e+00,0.000000e+00
1.000000e+00,0.000000e+00,0.000000e+00,0.000000e+00,0.000000e+00,0.000000e+00,0.000000e+00,0.000000e+00,0.000000e+00,0.000000e+00,0.000000e+00,0.000000e+00,0.000000e+00,0.000000e+00,0.000000e+00
1.000000e+00,0.000000e+00,0.000000e+00,0.000000e+00,0.000000e+00,0.000000e+00,0.000000e+00,0.000000e+00,0.000000e+00,0.000000e+00,0.000000e+00,0.000000e+00,0.000000e+00,0.000000e+00,0.000000e+00
1.000000e+00,0.000000e+00,0.000000e+00,0.000000e+00,0.000000e+00,0.000000e+00,0.000000e+00,0.000000e+00,0.000000e+00,0.000000e+00,0.000000e+00,0.000000e+00,0.000000e+00,0.000000e+00,0.000000e+00
1.000000e+00,0.000000e+00,0.000000e+00,0.000000e+00,0.000000e+00,0.000000e+00,0.000000e+00,0.000000e+00,0.000000e+00,0.000000e+00,0.000000e+00,0.000000e+00,0.000000e+00,0.000000e+00,0.000000e+00
1.000000e+00,0.000000e+00,0.000000e+00,0.000000e+00,0.000000e+00,0.000000e+00,0.000000e+00,0.000000e+00,0.000000e+00,0.000000e+00,0.000000e+00,0.000000e+00,0.000000e+00,0.000000e+00,0.000000e+00
1.000000e+00,0.000000e+00,0.000000e+00,0.000000e+00,0.000000e+00,0.000000e+00,0.000000e+00,0.000000e+00,0.000000e+00,0.000000e+00,0.000000e+00,0.000000e+00,0.000000e+00,0.000000e+00,0.000000e+00
1.000000e+00,0.000000e+00,0.000000e+00,0.000000e+00,0.000000e+00,0.000000e+00,0.000000e+00,0.000000e+00,0.000000e+00,0.000000e+00,0.000000e+00,0.000000e+00,0.000000e+00,0.000000e+00,0.000000e+00
1.000000e+00,0.000000e+00,0.000000e+00,0.000000e+00,0.000000e+00,0.000000e+00,0.000000e+00,0.000000e+00,0.000000e+00,0.000000e+00,0.000000e+00,0.000000e+00,0.000000e+00,0.000000e+00,0.000000e+00
1.000000e+00,0.000000e+00,0.000000e+00,0.000000e+00,0.000000e+00,0.000000e+00,0.000000e+00,0.000000e+00,0.000000e+00,0.000000e+00,0.000000e+00,0.000000e+00,0.000000e+00,0.000000e+00,0.000000e+00
1.000000e+00,0.000000e+00,0.000000e+00,0.000000e+00,0.000000e+00,0.000000e+00,0.000000e+00,0.000000e+00,0.000000e+00,0.000000e+00,0.000000e+00,0.000000e+00,0.000000e+00,0.000000e+00,0.000000e+00
1.000000e+00,0.000000e+00,0.000000e+00,0.000000e+00,0.000000e+00,0.000000e+00,0.000000e+00,0.000000e+00,0.000000e+00,0.000000e+00,0.000000e+00,0.000000e+00,0.000000e+00,0.000000e+00,0.000000e+00
1.000000e+00,0.000000e+00,0.000000e+00,0.000000e+00,0.000000e+00,0.000000e+00,0.000000e+00,0.000000e+00,0.000000e+00,0.000000e+00,0.000000e+00,0.000000e+00,0.000000e+00,0.000000e+00,0.000000e+00
1.000000e+00,0.000000e+00,0.000000e+00,0.000000e+00,0.000000e+00,0.000000e+00,0.000000e+00,0.000000e+00,0.000000e+00,0.000000e+00,0.000000e+00,0.000000e+00,0.000000e+00,0.000000e+00,0.000000e+00
1.000000e+00,0.000000e+00,0.000000e+00,0.000000e+00,0.000000e+00,0.000000e+00,0.000000e+00,0.000000e+00,0.000000e+00,0.000000e+00,0.000000e+00,0.000000e+00,0.000000e+00,0.000000e+00,0.000000e+00
1.000000e+00,0.000000e+00,0.000000e+00,0.000000e+00,0.000000e+00,0.000000e+00,0.000000e+00,0.000000e+00,0.000000e+00,0.000000e+00,0.000000e+00,0.000000e+00,0.000000e+00,0.000000e+00,0.000000e+00
1.000000e+00,0.000000e+00,0.000000e+00,0.000000e+00,0.000000e+00,0.000000e+00,0.000000e+00,0.000000e+00,0.000000e+00,0.000000e+00,0.000000e+00,0.000000e+00,0.000000e+00,0.000000e+00,0.000000e+00
3.990977e-01,5.911750e-03,2.041004e-02,1.793574e-02,3.379690e-03,1.853736e-02,1.387933e-02,4.731649e-01,1.931636e-03,9.897922e-04,5.375960e-03,1.544640e-02,1.360167e-02,2.501528e-03,7.836526e-03
3.217103e-01,4.758264e-03,2.021095e-02,1.410412e-02,2.960772e-03,1.616783e-02,1.440918e-02,5.673571e-01,1.508108e-03,8.303495e-04,4.160741e-03,1.215009e-02,1.081389e-02,2.259272e-03,6.599107e-03
2.522718e-01,3.616450e-03,1.675218e-02,1.098739e-02,2.825755e-03,1.270765e-02,1.450914e-02,6.564795e-01,1.157893e-03,7.146351e-04,3.119391e-03,9.204159e-03,8.607846e-03,1.949810e-03,5.096442e-03
1.931698e-01,2.687510e-03,1.314170e-02,8.140055e-03,2.810413e-03,9.626798e-03,1.263827e-02,7.351788e-01,8.525742e-04,6.229100e-04,2.300541e-03,6.942793e-03,6.635492e-03,1.485299e-03,3.766984e-03
1.390440e-01,1.976090e-03,1.155330e-02,6.114309e-03,2.351520e-03,7.186701e-03,1.441278e-02,8.006064e-01,6.158748e-04,4.706936e-04,1.660042e-03,5.080671e-03,5.093657e-03,1.101646e-03,2.732327e-03
1.107068e-01,1.516107e-03,9.485684e-03,4.727209e-03,2.623737e-03,5.825705e-03,1.299031e-02,8.384236e-01,4.936912e-04,5.340755e-04,1.285952e-03,4.131925e-03,4.234016e-03,8.538780e-04,2.167372e-03
9.401330e-02,1.271504e-03,7.700037e-03,3.780102e-03,3.287901e-03,5.185647e-03,1.130434e-02,8.590553e-01,7.971234e-04,8.515975e-04,1.177604e-03,3.958466e-03,4.826126e-03,7.403562e-04,2.050710e-03
7.520180e-02,1.266021e-03,5.762328e-03,3.543659e-03,3.153107e-03,5.305397e-03,9.262828e-03,7.219366e-01,6.937713e-03,2.163095e-03,3.727300e-03,1.232263e-02,1.448445e-01,1.858256e-03,2.714875e-03
5.641647e-02,1.290187e-03,4.239517e-03,5.309409e-03,3.477180e-03,5.300218e-03,1.075813e-02,5.519270e-01,7.739038e-03,2.149645e-03,4.328235e-03,3.892304e-02,2.988664e-01,4.560441e-03,4.715207e-03
4.424763e-02,1.089696e-03,3.078077e-03,4.959770e-03,4.232112e-03,4.211850e-03,1.249190e-02,4.015136e-01,1.460456e-02,2.645365e-03,6.519278e-03,7.873465e-02,4.002976e-01,1.480537e-02,6.568558e-03
3.531371e-02,9.050812e-04,2.260874e-03,5.691951e-03,4.690593e-03,6.365140e-03,1.611647e-02,2.842925e-01,2.449780e-02,2.363789e-03,8.168312e-03,2.211027e-01,3.658797e-01,1.675145e-02,5.599995e-03
3.010538e-02,8.240205e-04,1.725000e-03,5.706694e-03,5.956532e-03,1.203347e-02,1.388136e-02,2.012528e-01,4.008219e-02,2.248937e-03,1.129017e-02,3.550931e-01,3.014657e-01,1.411420e-02,4.220441e-03
2.598085e-02,6.764493e-04,1.335212e-03,4.367035e-03,5.079540e-03,1.026820e-02,1.162405e-02,1.412339e-01,3.375961e-02,3.695218e-03,1.917123e-02,5.051516e-01,2.218132e-01,1.264065e-02,3.203232e-03
2.459067e-02,1.778997e-03,1.098666e-03,3.222452e-03,4.511775e-03,7.693529e-03,8.569280e-03,9.899840e-02,2.615318e-02,9.877954e-03,1.745883e-02,6.219872e-01,1.595683e-01,1.192254e-02,2.568201e-03
2.295062e-02,1.410060e-02,1.653817e-03,2.359323e-03,8.320901e-03,7.294638e-03,6.135661e-03,6.986989e-02,2.091374e-02,1.401909e-02,3.197938e-02,6.657318e-01,1.202663e-01,1.227576e-02,2.128402e-03
1.725362e-02,1.333917e-02,1.319473e-03,1.683295e-03,7.447353e-03,5.666614e-03,4.366538e-03,4.904194e-02,1.533669e-02,1.119497e-02,4.901745e-02,7.281508e-01,8.501253e-02,9.596969e-03,1.572628e-03
1.301580e-02,1.293808e-02,1.108925e-03,1.235357e-03,6.594880e-03,4.306898e-03,3.149352e-03,3.459477e-02,1.379178e-02,9.430414e-03,7.021000e-02,7.603744e-01,6.047587e-02,7.587527e-03,1.185978e-03
9.288183e-03,9.213627e-03,8.379310e-04,9.167626e-04,4.874763e-03,3.352429e-03,2.223586e-03,2.434574e-02,2.082346e-02,7.036140e-03,1.288724e-01,7.378157e-01,4.265022e-02,6.872421e-03,8.766261e-04
6.689526e-03,6.663661e-03,1.084690e-03,1.105902e-03,4.614003e-03,4.219193e-03,1.592171e-03,1.710106e-02,3.368080e-02,8.069123e-03,1.234847e-01,7.523195e-01,3.028846e-02,7.904957e-03,1.182321e-03
6.101388e-03,6.032178e-03,2.399872e-03,1.226900e-03,5.209368e-03,8.313436e-03,1.170326e-03,1.212363e-02,4.135244e-02,8.899625e-03,1.502095e-01,7.239934e-01,2.191261e-02,9.832965e-03,1.222462e-03
4.734199e-03,5.062249e-03,2.382106e-03,1.554826e-03,9.166742e-03,6.343972e-03,8.737811e-04,8.561485e-03,5.876503e-02,1.615818e-02,2.677912e-01,5.863279e-01,1.593995e-02,1.500117e-02,1.337235e-03
3.759133e-03,3.759748e-03,1.853795e-03,1.234944e-03,7.934592e-03,5.085574e-03,6.396478e-04,6.043571e-03,8.517915e-02,1.297080e-02,3.909029e-01,4.483097e-01,1.164276e-02,1.965280e-02,1.030865e-03
2.772058e-03,2.923756e-03,1.401667e-03,9.373144e-04,6.245753e-03,3.939037e-03,4.636289e-04,4.302434e-03,1.289058e-01,1.087632e-02,4.493995e-01,3.572186e-01,8.240175e-03,2.154464e-02,8.293898e-04
1.971217e-03,2.128653e-03,1.006112e-03,7.073950e-04,5.131207e-03,2.883537e-03,3.267819e-04,3.039583e-03,1.621172e-01,7.876092e-03,5.329835e-01,2.549553e-01,5.774831e-03,1.811087e-02,9.877294e-04
1.419528e-03,1.559215e-03,7.715160e-04,5.801649e-04,4.448013e-03,2.101514e-03,2.304372e-04,2.169641e-03,2.026405e-01,5.613279e-03,5.808113e-01,1.794842e-01,4.050469e-03,1.326287e-02,8.574609e-04
1.303016e-03,1.109904e-03,8.618477e-04,8.056342e-04,6.169390e-03,3.500219e-03,1.759170e-04,1.815161e-03,2.805740e-01,7.214189e-03,5.563737e-01,1.263115e-01,2.907932e-03,9.732486e-03,1.145079e-03
1.451665e-03,7.949300e-04,6.793927e-04,6.589693e-04,6.546245e-03,4.059448e-03,1.302575e-04,1.354341e-03,3.385402e-01,7.156530e-03,5.380277e-01,8.924529e-02,2.089307e-03,8.226689e-03,1.039047e-03
3.917206e-03,6.186155e-04,6.569588e-04,6.155583e-04,5.107391e-03,3.483573e-03,9.728418e-05,1.292851e-03,4.111846e-01,6.920527e-03,4.739157e-01,6.460843e-02,1.657615e-03,2.509947e-02,8.242085e-04
1.304625e-02,5.475845e-04,5.370716e-04,5.980855e-04,6.438563e-03,2.589775e-03,7.113355e-05,1.091302e-03,3.915095e-01,7.128560e-03,4.938607e-01,4.789545e-02,1.322862e-03,3.259576e-02,7.674569e-04
2.660249e-02,6.872805e-04,5.764443e-04,6.291664e-04,7.760565e-03,3.359567e-03,5.631288e-05,1.162744e-03,3.929135e-01,6.999068e-03,4.871126e-01,3.562868e-02,1.169058e-03,3.410842e-02,1.234169e-03
2.804961e-02,1.018354e-03,5.930571e-04,5.886761e-04,6.178115e-03,6.381246e-03,4.747334e-05,1.176503e-03,3.571821e-01,5.456516e-03,5.060562e-01,2.873681e-02,1.138193e-03,5.413423e-02,3.262807e-03
3.659960e-02,1.265793e-03,8.430421e-04,7.164339e-04,5.208513e-03,5.896696e-03,8.726830e-05,1.374930e-03,3.704578e-01,4.454365e-03,5.010491e-01,2.182881e-02,1.030587e-03,4.472216e-02,4.464925e-03
3.863384e-02,1.479391e-03,1.856385e-03,1.634490e-03,6.819149e-03,8.489914e-03,1.245476e-04,4.051150e-03,4.058912e-01,4.186994e-03,4.499369e-01,1.599183e-02,9.017561e-04,5.488095e-02,5.121528e-03
5.102449e-02,1.310838e-03,1.323827e-02,4.690999e-02,6.190926e-03,2.513874e-02,1.246735e-03,1.037335e-01,3.640967e-01,4.224455e-03,3.232141e-01,1.288322e-02,1.683053e-03,4.117079e-02,3.934172e-03
4.732968e-02,1.240893e-03,1.751611e-02,4.083679e-02,7.297433e-03,2.767184e-02,4.365431e-03,2.885732e-01,2.831033e-01,4.384066e-03,2.307160e-01,1.070638e-02,2.073799e-03,3.099535e-02,3.189774e-03
6.389567e-02,3.913718e-03,3.717082e-02,3.740328e-02,8.908407e-03,6.355462e-02,4.157757e-03,3.008087e-01,2.432757e-01,5.859855e-03,1.797729e-01,8.961182e-03,3.767342e-03,3.305344e-02,5.496602e-03
8.636197e-02,7.895209e-03,6.046448e-02,3.161247e-02,9.715613e-03,7.232911e-02,6.692844e-03,3.108734e-01,2.003099e-01,7.553267e-03,1.479565e-01,7.455739e-03,5.267609e-03,3.829849e-02,7.213341e-03
9.602669e-02,1.106532e-02,7.800487e-02,2.773055e-02,1.076801e-02,6.763694e-02,8.022957e-03,2.955811e-01,1.943436e-01,8.637147e-03,1.275013e-01,6.252112e-03,5.654160e-03,5.538462e-02,7.390620e-03
8.515189e-02,9.073070e-03,6.296185e-02,2.254583e-02,1.101234e-02,5.132810e-02,7.288444e-03,4.401246e-01,1.444145e-01,7.428952e-03,9.310146e-02,4.821300e-03,4.393006e-03,5.001899e-02,6.335620e-03
6.691361e-02,7.181377e-03,4.688388e-02,1.662168e-02,9.337102e-03,3.746171e-02,6.598012e-03,5.824589e-01,1.045688e-01,5.476103e-03,6.709053e-02,3.594377e-03,3.377862e-03,3.758813e-02,4.848009e-03
5.504609e-02,5.794522e-03,3.594768e-02,1.280688e-02,8.098063e-03,2.791216e-02,5.670023e-03,6.847491e-01,7.562593e-02,3.932172e-03,4.738257e-02,2.709151e-03,2.523075e-03,2.826939e-02,3.533168e-03
4.686052e-02,5.067280e-03,2.836027e-02,1.105559e-02,7.373507e-03,2.053179e-02,5.056067e-03,7.536419e-01,5.570843e-02,2.836363e-03,3.371880e-02,2.052152e-03,1.915853e-03,2.323713e-02,2.584300e-03
4.115929e-02,4.762407e-03,2.183184e-02,1.078787e-02,8.797166e-03,1.535606e-02,4.530501e-03,8.010586e-01,4.286693e-02,2.087155e-03,2.396139e-02,1.670481e-03,1.591869e-03,1.753595e-02,2.002476e-03
3.355756e-02,3.881548e-03,1.831240e-02,9.501457e-03,8.463324e-03,1.132513e-02,4.469572e-03,8.448302e-01,3.073197e-02,1.489227e-03,1.693382e-02,1.270672e-03,1.215500e-03,1.254063e-02,1.476949e-03
2.945218e-02,3.295673e-03,1.608625e-02,8.326888e-03,1.023891e-02,8.723189e-03,4.546116e-03,8.713261e-01,2.264767e-02,1.094809e-03,1.205076e-02,1.179563e-03,9.811807e-04,8.907667e-03,1.142937e-03
2.944676e-02,2.592129e-03,1.374001e-02,7.760526e-03,1.297178e-02,6.674522e-03,4.360868e-03,8.869971e-01,1.674095e-02,8.069850e-04,8.712715e-03,1.171322e-03,8.271652e-04,6.302223e-03,8.948732e-04
3.116557e-02,2.020735e-03,1.091652e-02,6.937151e-03,1.501894e-02,5.323034e-03,4.234026e-03,8.976512e-01,1.227839e-02,6.115019e-04,6.538861e-03,1.254500e-03,8.107269e-04,4.474236e-03,7.645465e-04
3.341400e-02,1.764446e-03,8.732598e-03,6.194846e-03,1.680472e-02,4.445171e-03,4.050941e-03,9.036313e-01,8.997755e-03,5.510474e-04,5.008126e-03,1.323106e-03,8.406803e-04,3.202941e-03,1.038304e-03
3.392433e-02,1.520647e-03,7.502847e-03,5.832510e-03,1.777483e-02,3.689979e-03,4.241850e-03,9.090012e-01,6.483693e-03,5.136365e-04,3.835913e-03,1.287628e-03,9.070965e-04,2.316210e-03,1.167640e-03
5.047356e-02,1.478419e-03,6.887250e-03,6.191452e-03,2.096763e-02,3.726105e-03,5.374429e-03,8.894603e-01,4.844862e-03,6.553266e-04,3.349227e-03,1.843861e-03,1.210496e-03,1.768773e-03,1.768288e-03
9.779146e-02,1.584110e-03,7.252225e-03,6.046744e-03,1.877303e-02,4.890687e-03,5.473486e-03,8.401493e-01,3.787506e-03,9.207701e-04,3.262074e-03,3.429678e-03,1.951586e-03,1.585250e-03,3.102066e-03
1.127634e-01,2.446561e-03,7.337245e-03,8.247668e-03,1.674472e-02,4.800596e-03,4.312191e-03,7.792944e-01,1.290487e-02,1.107148e-02,1.075160e-02,7.568573e-03,7.449090e-03,4.333829e-03,9.973689e-03
8.591990e-02,4.003558e-03,6.178990e-03,9.960471e-03,1.367871e-02,5.550514e-03,3.517658e-03,6.337639e-01,5.816556e-02,2.407231e-02,7.858764e-02,1.191299e-02,1.394980e-02,3.551960e-02,1.521843e-02
6.537709e-02,9.086525e-03,4.564872e-03,8.955596e-03,1.215508e-02,5.399911e-03,2.930994e-03,4.708636e-01,7.728684e-02,9.810138e-02,1.157255e-01,2.171783e-02,1.822099e-02,6.846688e-02,2.114696e-02
6.908189e-02,1.588254e-02,3.569242e-03,8.616664e-03,1.174335e-02,7.832285e-03,3.145282e-03,3.638003e-01,1.106559e-01,8.926824e-02,1.467834e-01,1.952991e-02,1.455621e-02,1.044304e-01,3.110443e-02
7.046336e-02,1.488947e-02,4.527618e-03,1.979441e-02,1.358364e-02,1.045179e-02,2.759046e-03,2.899827e-01,1.050766e-01,6.888081e-02,1.662498e-01,1.826892e-02,1.438759e-02,1.573222e-01,4.336194e-02
8.827794e-02,1.339829e-02,5.464635e-03,1.716425e-02,1.572683e-02,2.190675e-02,2.509122e-03,2.440821e-01,8.546679e-02,4.853335e-02,1.734059e-01,1.507888e-02,1.239511e-02,2.235754e-01,3.301467e-02
7.266891e-02,1.067264e-02,4.823780e-03,1.252178e-02,1.286194e-02,2.123747e-02,1.841108e-03,1.752452e-01,7.387196e-02,3.463908e-02,1.542714e-01,1.171243e-02,9.505508e-03,3.800383e-01,2.408862e-02
8.490361e-02,8.146489e-03,4.327943e-03,9.496359e-03,1.218070e-02,3.128378e-02,1.444725e-03,1.278280e-01,6.313962e-02,2.510878e-02,1.530513e-01,9.850856e-03,8.058935e-03,4.434011e-01,1.777778e-02
8.688013e-02,6.324613e-03,4.668146e-03,7.459740e-03,1.040694e-02,4.093171e-02,1.111482e-03,9.194382e-02,5.337600e-02,1.811904e-02,1.499545e-01,9.534730e-03,6.585407e-03,4.987695e-01,1.393431e-02
8.268145e-02,4.922220e-03,4.578755e-03,1.525792e-02,1.003657e-02,4.853768e-02,9.183108e-04,6.581533e-02,6.401543e-02,1.502985e-02,1.541457e-01,1.477757e-02,8.283669e-03,4.973238e-01,1.367579e-02
6.277908e-02,6.769202e-03,1.428990e-02,2.983722e-02,2.068815e-02,4.186693e-02,7.123071e-04,4.693526e-02,7.178627e-02,1.317869e-02,1.519367e-01,1.182831e-02,7.205015e-03,5.093119e-01,1.087511e-02
4.493581e-02,5.879314e-03,1.096097e-02,2.131936e-02,3.148172e-02,3.130408e-02,5.396240e-04,3.300831e-02,9.043593e-02,1.286180e-02,1.384023e-01,8.980311e-03,6.155839e-03,5.551903e-01,8.544277e-03
3.346617e-02,4.841421e-03,8.024232e-03,1.610594e-02,2.530573e-02,2.574651e-02,3.945690e-04,2.319496e-02,1.892617e-01,1.191449e-02,1.080013e-01,6.706064e-03,5.326812e-03,5.209650e-01,2.074519e-02
2.564810e-02,4.028509e-03,5.882184e-03,1.244710e-02,1.877532e-02,2.059624e-02,3.004183e-04,1.630296e-02,2.960816e-01,1.093155e-02,7.897013e-02,4.951836e-03,4.226345e-03,4.631474e-01,3.771033e-02
2.168793e-02,4.491820e-03,5.876430e-03,1.264780e-02,1.483067e-02,1.870142e-02,2.287209e-04,1.165327e-02,3.913012e-01,1.148592e-02,5.814415e-02,3.830103e-03,3.919955e-03,3.919662e-01,4.923439e-02
1.615701e-02,3.436781e-03,4.409605e-03,9.075617e-03,1.157448e-02,1.339835e-02,1.696287e-04,8.192779e-03,4.638233e-01,1.015671e-02,4.176026e-02,2.748718e-03,3.007915e-03,3.695572e-01,4.253172e-02
1.619661e-02,3.407473e-03,8.251511e-03,8.698315e-03,9.595473e-03,1.215739e-02,1.580594e-04,6.050282e-03,5.615236e-01,9.433997e-03,3.076574e-02,2.114081e-03,2.554820e-03,2.887609e-01,4.033177e-02
1.600962e-02,2.786570e-03,6.279194e-03,6.273615e-03,7.959707e-03,9.985178e-03,1.236421e-04,4.337418e-03,5.596328e-01,7.198044e-03,2.213128e-02,1.654018e-03,2.070618e-03,3.213608e-01,3.219750e-02
1.681889e-02,3.175150e-03,5.433054e-03,4.686965e-03,6.383716e-03,9.032069e-03,1.204745e-04,3.204255e-03,5.113847e-01,5.789034e-03,1.632244e-02,1.609840e-03,1.991312e-03,3.853412e-01,2.870689e-02
4.593230e-02,4.595383e-03,1.199823e-02,5.397798e-03,8.258659e-03,1.025112e-02,2.049479e-04,4.291588e-03,4.381098e-01,6.156893e-03,1.259277e-02,2.432283e-03,2.474499e-03,4.102116e-01,3.709218e-02
3.973529e-02,3.898121e-03,8.986644e-03,4.013312e-03,8.176243e-03,7.729114e-03,1.541423e-04,5.007012e-03,4.001568e-01,4.821625e-03,9.171654e-03,1.765511e-03,2.047294e-03,4.732135e-01,3.112380e-02
4.825185e-02,4.460901e-03,1.266643e-02,3.002800e-03,6.465083e-03,7.010627e-03,1.633336e-04,8.377945e-03,3.255344e-01,3.990031e-03,6.994793e-03,1.451048e-03,1.604591e-03,5.395777e-01,3.044844e-02
6.172037e-02,3.943519e-03,3.884660e-02,3.509379e-03,6.318794e-03,6.087950e-03,1.899153e-04,1.377618e-02,2.624251e-01,4.143087e-03,6.049291e-03,1.154874e-03,1.453598e-03,5.620751e-01,2.830621e-02
7.205191e-02,3.537152e-03,3.339423e-02,3.058754e-03,6.646360e-03,5.581238e-03,2.238629e-04,1.994569e-02,2.281979e-01,5.049049e-03,4.604993e-03,8.436588e-04,1.139439e-03,5.916785e-01,2.404721e-02
7.842901e-02,3.609104e-03,3.064900e-02,2.529481e-03,6.183257e-03,5.262098e-03,2.345209e-04,2.316000e-02,2.113994e-01,6.441820e-03,4.285180e-03,6.562247e-04,1.060371e-03,5.893751e-01,3.672542e-02
6.266696e-02,2.847057e-03,2.402719e-02,1.959725e-03,7.094460e-03,4.078315e-03,1.757352e-04,1.930632e-02,2.282201e-01,7.611461e-03,3.855537e-03,4.712479e-04,8.606312e-04,5.970843e-01,3.974097e-02
6.676933e-02,3.498448e-03,5.365080e-02,9.596729e-03,1.991468e-02,3.914881e-03,2.433240e-04,3.785150e-02,2.232264e-01,6.663845e-03,3.512169e-03,3.669764e-04,8.353798e-04,5.351047e-01,3.485085e-02
5.673741e-02,3.133548e-03,4.677664e-02,7.445913e-03,2.277524e-02,3.407271e-03,2.001827e-04,3.294149e-02,1.904576e-01,6.657191e-03,3.982305e-03,2.637967e-04,6.260754e-04,5.935857e-01,3.100969e-02
4.521862e-02,2.606008e-03,3.717086e-02,5.630466e-03,2.256716e-02,2.720810e-03,1.500744e-04,2.660581e-02,1.779620e-01,5.559181e-03,4.233593e-03,1.902371e-04,4.571363e-04,6.448641e-01,2.406391e-02
5.167827e-02,6.150806e-03,5.323547e-02,5.210574e-02,6.147545e-02,2.699533e-03,2.688206e-04,3.613659e-02,1.749795e-01,5.401494e-03,4.423350e-03,2.067963e-04,3.840877e-04,5.271055e-01,2.374860e-02
5.320898e-02,5.515498e-03,4.912194e-02,4.012698e-02,6.436040e-02,2.604752e-03,2.549273e-04,3.072520e-02,2.434648e-01,5.530963e-03,5.527186e-03,2.197088e-04,3.251475e-04,4.738089e-01,2.520467e-02
6.303261e-02,5.181066e-03,4.504006e-02,3.404740e-02,6.212059e-02,2.361906e-03,2.676108e-04,3.198303e-02,2.874723e-01,5.774213e-03,7.876012e-03,2.726667e-04,2.837009e-04,4.336734e-01,2.061348e-02
1.155306e-01,5.682177e-03,4.014150e-02,3.370769e-02,6.260128e-02,2.570386e-03,3.157449e-04,3.226044e-02,3.422626e-01,6.289392e-03,6.342380e-03,4.411138e-04,3.193187e-04,3.341690e-01,1.736636e-02
1.484545e-01,4.864803e-03,3.070399e-02,2.663193e-02,5.663376e-02,2.518774e-03,3.100955e-04,2.654798e-02,4.307086e-01,6.520347e-03,5.047525e-03,7.535979e-04,4.071783e-04,2.465685e-01,1.332842e-02
2.388342e-01,6.020778e-03,3.777237e-02,4.254357e-02,5.379133e-02,4.529796e-03,5.758831e-04,2.811621e-02,3.605608e-01,6.838332e-03,7.448562e-03,7.498712e-03,2.414909e-03,1.887610e-01,1.429368e-02
2.957095e-01,5.740816e-03,3.227680e-02,3.857154e-02,5.199528e-02,4.584651e-03,6.134417e-04,3.253548e-02,3.490880e-01,8.324211e-03,8.073002e-03,9.489994e-03,2.649970e-03,1.428559e-01,1.749145e-02
3.631643e-01,5.009316e-03,2.503715e-02,2.979355e-02,4.428101e-02,4.419692e-03,6.446007e-04,2.670527e-02,3.456870e-01,7.217596e-03,6.987995e-03,9.904263e-03,2.779588e-03,1.138939e-01,1.447482e-02
4.784443e-01,4.570197e-03,2.261639e-02,3.062713e-02,3.602605e-02,4.735473e-03,8.862148e-04,2.044374e-02,2.784628e-01,5.959646e-03,6.792306e-03,1.079781e-02,3.199688e-03,8.431314e-02,1.212517e-02
1.000000e+00,0.000000e+00,0.000000e+00,0.000000e+00,0.000000e+00,0.000000e+00,0.000000e+00,0.000000e+00,0.000000e+00,0.000000e+00,0.000000e+00,0.000000e+00,0.000000e+00,0.000000e+00,0.000000e+00
1.000000e+00,0.000000e+00,0.000000e+00,0.000000e+00,0.000000e+00,0.000000e+00,0.000000e+00,0.000000e+00,0.000000e+00,0.000000e+00,0.000000e+00,0.000000e+00,0.000000e+00,0.000000e+00,0.000000e+00
1.000000e+00,0.000000e+00,0.000000e+00,0.000000e+00,0.000000e+00,0.000000e+00,0.000000e+00,0.000000e+00,0.000000e+00,0.000000e+00,0.000000e+00,0.000000e+00,0.000000e+00,0.000000e+00,0.000000e+00
1.000000e+00,0.000000e+00,0.000000e+00,0.000000e+00,0.000000e+00,0.000000e+00,0.000000e+00,0.000000e+00,0.000000e+00,0.000000e+00,0.000000e+00,0.000000e+00,0.000000e+00,0.000000e+00,0.000000e+00
1.000000e+00,0.000000e+00,0.000000e+00,0.000000e+00,0.000000e+00,0.000000e+00,0.000000e+00,0.000000e+00,0.000000e+00,0.000000e+00,0.000000e+00,0.000000e+00,0.000000e+00,0.000000e+00,0.000000e+00
1.000000e+00,0.000000e+00,0.000000e+00,0.000000e+00,0.000000e+00,0.000000e+00,0.000000e+00,0.000000e+00,0.000000e+00,0.000000e+00,0.000000e+00,0.000000e+00,0.000000e+00,0.000000e+00,0.000000e+00
1.000000e+00,0.000000e+00,0.000000e+00,0.000000e+00,0.000000e+00,0.000000e+00,0.000000e+00,0.000000e+00,0.000000e+00,0.000000e+00,0.000000e+00,0.000000e+00,0.000000e+00,0.000000e+00,0.000000e+00
4.265331e-01,5.783798e-02,5.184308e-03,4.183265e-02,5.609989e-03,3.384310e-03,6.905681e-04,3.204976e-03,3.691588e-02,5.626373e-03,9.351397e-03,1.910139e-02,5.865221e-03,2.770707e-02,3.511547e-01
3.180053e-01,4.110319e-02,3.979921e-03,2.943285e-02,4.028780e-03,2.852600e-03,5.955761e-04,2.319041e-03,2.861390e-02,2.551053e-02,5.344166e-02,3.928718e-02,4.771367e-03,4.761586e-02,3.984423e-01
2.238227e-01,2.880692e-02,2.884844e-03,2.065414e-02,3.401417e-03,2.052989e-03,4.188327e-04,1.672859e-03,2.030567e-02,2.983510e-02,2.919431e-01,4.401222e-02,3.552497e-03,3.886026e-02,2.877765e-01
1.573189e-01,2.017634e-02,2.045575e-03,1.451736e-02,6.661891e-03,1.604239e-03,2.980913e-04,1.359378e-03,1.509509e-02,3.378336e-02,4.637639e-01,4.204450e-02,2.824032e-03,3.206889e-02,2.064385e-01
1.104284e-01,1.416066e-02,1.441194e-03,1.019690e-02,6.120462e-02,1.805913e-03,4.480290e-04,9.978127e-04,1.473090e-02,3.094610e-02,5.090824e-01,4.924718e-02,3.613594e-03,3.627765e-02,1.554186e-01
7.746156e-02,9.978724e-03,1.012010e-03,7.152298e-03,1.441523e-01,1.918009e-03,3.777085e-04,7.043557e-04,1.484709e-02,2.502778e-02,5.098391e-01,4.316550e-02,6.677755e-03,2.729499e-02,1.303909e-01
5.454405e-02,7.092450e-03,7.473581e-04,5.447486e-03,1.630300e-01,3.458007e-03,9.648020e-04,5.877272e-04,1.554891e-02,2.274190e-02,5.249367e-01,5.407511e-02,1.669330e-02,3.600444e-02,9.412781e-02
3.858300e-02,5.604743e-03,8.752776e-04,4.478985e-03,1.278465e-01,1.195429e-02,2.966127e-03,6.899587e-04,1.406309e-02,2.175285e-02,4.147940e-01,1.241254e-01,1.701521e-02,1.481565e-01,6.709415e-02
2.724457e-02,4.172366e-03,7.883258e-04,3.737039e-03,9.199597e-02,1.929047e-02,2.438879e-03,7.071763e-04,1.177251e-02,1.847558e-02,3.084020e-01,2.451135e-01,1.807084e-02,2.000446e-01,4.774616e-02
1.937770e-02,3.034858e-03,7.828138e-04,2.779897e-03,1.137506e-01,1.523691e-02,2.312752e-03,8.381039e-04,1.389787e-02,1.531588e-02,2.518421e-01,3.114465e-01,2.857341e-02,1.863136e-01,3.449706e-02
1.452894e-02,2.238349e-03,1.138464e-03,2.193928e-03,1.515857e-01,1.533014e-02,5.980969e-03,3.550309e-03,1.146987e-02,1.262857e-02,1.843837e-01,3.533243e-01,2.830216e-02,1.888683e-01,2.447634e-02
1.251328e-02,1.667116e-03,4.661905e-03,1.718444e-03,1.401221e-01,3.346572e-02,5.454245e-03,1.140648e-02,8.699719e-03,1.017816e-02,1.363146e-01,4.278912e-01,2.465872e-02,1.639610e-01,1.728741e-02
1.034429e-02,1.224998e-03,3.461155e-03,1.348014e-03,1.088483e-01,3.672487e-02,4.213182e-03,8.908284e-03,6.447382e-03,9.169643e-03,1.155023e-01,5.218470e-01,4.328749e-02,1.159254e-01,1.274768e-02
1.035332e-02,8.860074e-04,2.519476e-03,9.702358e-04,8.360168e-02,2.702080e-02,3.013837e-03,6.392868e-03,4.598456e-03,6.965642e-03,1.099150e-01,5.902826e-01,6.299132e-02,8.141358e-02,9.075291e-03
8.517236e-03,8.808898e-04,2.420524e-03,8.620773e-04,6.737186e-02,2.004797e-02,2.236407e-03,4.954111e-03,3.728660e-03,5.375716e-03,8.516560e-02,6.597879e-01,7.364313e-02,5.861393e-02,6.394060e-03
6.951409e-03,6.850387e-04,2.049204e-03,7.525061e-04,5.073762e-02,1.565377e-02,1.691263e-03,3.766672e-03,2.807184e-03,4.003331e-03,6.634720e-02,7.237266e-01,7.444280e-02,4.188929e-02,4.496092e-03
5.583233e-03,5.885240e-04,1.823410e-03,5.880525e-04,3.790536e-02,1.369030e-02,1.247224e-03,2.793070e-03,3.292771e-03,2.990480e-03,5.236310e-02,7.709657e-01,7.349816e-02,2.945141e-02,3.219194e-03
5.615365e-03,6.814196e-04,1.962987e-03,4.919543e-04,2.737101e-02,2.255742e-02,1.258875e-03,2.823295e-03,3.321708e-03,2.274054e-03,3.999261e-02,7.878060e-01,8.029116e-02,2.116876e-02,2.383346e-03
6.527825e-03,7.403471e-04,2.891034e-03,4.308147e-04,2.285685e-02,1.670038e-02,1.386447e-03,3.568464e-03,3.579488e-03,1.800266e-03,2.958651e-02,8.313702e-01,6.112880e-02,1.562236e-02,1.810158e-03
8.254690e-03,9.048353e-04,3.495517e-03,4.301835e-04,2.074135e-02,1.214440e-02,1.202853e-03,4.811747e-03,3.927889e-03,1.337613e-03,2.230025e-02,8.641348e-01,4.360442e-02,1.130946e-02,1.399959e-03
1.007132e-02,8.489258e-04,3.339963e-03,4.521578e-04,1.976039e-02,8.866067e-03,1.076920e-03,5.161476e-03,3.611305e-03,9.927991e-04,1.837778e-02,8.845484e-01,3.330418e-02,8.511486e-03,1.076770e-03
2.229739e-02,1.745875e-03,7.108225e-03,6.713991e-04,2.145073e-02,9.041086e-03,2.347754e-03,8.271336e-03,5.379810e-03,8.158797e-04,1.471839e-02,8.693227e-01,2.877338e-02,6.629917e-03,1.426134e-03
3.352418e-02,2.086174e-03,1.047941e-02,6.916999e-04,2.619479e-02,7.418867e-03,3.149482e-03,1.053744e-02,4.819739e-03,6.583596e-04,1.282336e-02,8.577818e-01,2.313198e-02,5.249509e-03,1.453191e-03
4.495946e-02,3.048264e-03,1.937620e-02,1.057724e-03,8.441330e-02,6.282961e-03,1.046645e-02,1.377838e-02,5.669605e-03,5.760519e-04,1.047687e-02,7.765989e-01,1.825618e-02,3.835885e-03,1.203815e-03
4.825546e-02,2.490883e-03,1.617450e-02,9.303305e-04,7.699529e-02,5.628763e-03,9.658849e-03,2.147356e-02,4.648827e-03,4.713465e-04,9.099299e-03,7.836519e-01,1.676064e-02,2.830016e-03,9.303816e-04
4.998448e-02,2.199398e-03,1.314450e-02,8.139250e-04,8.132025e-02,4.863021e-03,1.026535e-02,1.955691e-02,4.373690e-03,3.776935e-04,8.359849e-03,7.882736e-01,1.366275e-02,2.097841e-03,7.068080e-04
5.372863e-02,4.052965e-03,2.050428e-02,1.180161e-03,8.962913e-02,5.722042e-03,2.868397e-02,5.359028e-02,6.531239e-03,4.241980e-04,6.489803e-03,7.084346e-01,1.871553e-02,1.670632e-03,6.425306e-04
6.451239e-02,3.589631e-03,2.383436e-02,1.097649e-03,6.841431e-02,5.250392e-03,2.256513e-02,5.511971e-02,5.927100e-03,3.547938e-04,6.321327e-03,7.138038e-01,2.732855e-02,1.363925e-03,5.170171e-04
5.892595e-02,2.751962e-03,1.707063e-02,8.664785e-04,5.151837e-02,4.420049e-03,1.657210e-02,4.269743e-02,4.858809e-03,2.799672e-04,7.161628e-03,7.554352e-01,3.513347e-02,1.927479e-03,3.805290e-04
8.872926e-02,3.659065e-03,1.671931e-02,3.511949e-03,4.727024e-02,5.410598e-03,1.625580e-02,4.429628e-02,4.033451e-03,3.536929e-04,5.593604e-03,7.093445e-01,5.277010e-02,1.607945e-03,4.442947e-04
9.326029e-02,3.294301e-03,1.230398e-02,2.855839e-03,3.832442e-02,4.976567e-03,1.337431e-02,3.419524e-02,3.683717e-03,3.674954e-04,4.846039e-03,7.282598e-01,5.814393e-02,1.722931e-03,3.911722e-04
1.005814e-01,3.340641e-03,9.452438e-03,2.395672e-03,3.148080e-02,4.171109e-03,1.341830e-02,3.014670e-02,3.612304e-03,5.344095e-04,3.937824e-03,6.787795e-01,1.152652e-01,2.441917e-03,4.417324e-04
1.123999e-01,4.202399e-03,7.607833e-03,2.244852e-03,2.453152e-02,1.108864e-02,1.235884e-02,2.503308e-02,3.915098e-03,6.050452e-04,3.604339e-03,6.200442e-01,1.696340e-01,2.154625e-03,5.756749e-04
1.557332e-01,4.691076e-03,6.706467e-03,2.843691e-03,1.951769e-02,2.036071e-02,1.162524e-02,2.182466e-02,4.953856e-03,7.146210e-04,4.061113e-03,5.608479e-01,1.831114e-01,2.126706e-03,8.815917e-04
1.958326e-01,4.757099e-03,5.709272e-03,3.819101e-03,1.676840e-02,3.106857e-02,1.088623e-02,5.617040e-02,5.867189e-03,5.826288e-04,3.341680e-03,4.387134e-01,2.235522e-01,1.650191e-03,1.281013e-03
1.864647e-01,3.728375e-03,4.450800e-03,3.295672e-03,1.294261e-02,3.198466e-02,8.987254e-03,1.909247e-01,4.647408e-03,4.680179e-04,2.650337e-03,3.204101e-01,2.266389e-01,1.227375e-03,1.178976e-03
1.593302e-01,2.746456e-03,4.622844e-03,2.862643e-03,9.659427e-03,2.454021e-02,9.889849e-03,3.643605e-01,3.430119e-03,3.578977e-04,1.991081e-03,2.253992e-01,1.888663e-01,9.115479e-04,1.031637e-03
1.374136e-01,2.125957e-03,1.252108e-02,3.512845e-03,7.902877e-03,2.358109e-02,3.115719e-02,4.756451e-01,2.745216e-03,3.001239e-04,1.492416e-03,1.593608e-01,1.404831e-01,6.893994e-04,1.069162e-03
1.293656e-01,1.744162e-03,1.822662e-02,4.792271e-03,7.056614e-03,2.815462e-02,3.017063e-02,5.550727e-01,2.224409e-03,2.776009e-04,1.209548e-03,1.130494e-01,1.067782e-01,5.570448e-04,1.320630e-03
1.496083e-01,1.533278e-03,1.534404e-02,4.612920e-03,8.260302e-03,2.595783e-02,2.559700e-02,6.002960e-01,1.923874e-03,2.701990e-04,1.124080e-03,8.089875e-02,8.280306e-02,4.655875e-04,1.304780e-03
1.544476e-01,1.266624e-03,1.183330e-02,3.903386e-03,7.781525e-03,2.129891e-02,2.291469e-02,6.519225e-01,1.705760e-03,2.193452e-04,9.521186e-04,5.744438e-02,6.276439e-02,4.006600e-04,1.144848e-03
1.712924e-01,1.140337e-03,9.137557e-03,3.322397e-03,7.877114e-03,1.706742e-02,1.808520e-02,6.795246e-01,1.738789e-03,2.534217e-04,8.582090e-04,4.152058e-02,4.650388e-02,3.959896e-04,1.282111e-03
1.927523e-01,1.015348e-03,7.357085e-03,2.936825e-03,8.932054e-03,1.403510e-02,1.454746e-02,6.894577e-01,1.655524e-03,2.754631e-04,8.347282e-04,3.101535e-02,3.357325e-02,3.811632e-04,1.230664e-03
2.613025e-01,1.069261e-03,6.058852e-03,2.707303e-03,9.418725e-03,1.373886e-02,1.263267e-02,6.378075e-01,1.697532e-03,3.840016e-04,9.150888e-04,2.548577e-02,2.486870e-02,4.468927e-04,1.466279e-03
3.682459e-01,1.448695e-03,5.352197e-03,3.886742e-03,9.358272e-03,1.391883e-02,1.105137e-02,5.371158e-01,1.985308e-03,6.033593e-04,1.155298e-03,2.311626e-02,1.987341e-02,5.264974e-04,2.362048e-03
4.353166e-01,1.963990e-03,6.948055e-03,5.391989e-03,8.310797e-03,1.583729e-02,1.145511e-02,4.656159e-01,1.916751e-03,6.764395e-04,1.394381e-03,2.396589e-02,1.689476e-02,7.012346e-04,3.610829e-03
4.963650e-01,2.122650e-03,7.809827e-03,5.686800e-03,8.632097e-03,1.580307e-02,1.103648e-02,4.071171e-01,1.981193e-03,9.046721e-04,1.598837e-03,2.202551e-02,1.391333e-02,7.487962e-04,4.254713e-03
4.452595e-01,1.836070e-03,8.491721e-03,4.909127e-03,7.027444e-03,1.410162e-02,1.300798e-02,4.677262e-01,1.673270e-03,8.102497e-04,1.417693e-03,1.791380e-02,1.127641e-02,6.995496e-04,3.849397e-03
3.871016e-01,1.577315e-03,1.157871e-02,4.367103e-03,5.936105e-03,1.486982e-02,2.430818e-02,5.167389e-01,1.349113e-03,7.400565e-04,1.306101e-03,1.548278e-02,1.001250e-02,7.090659e-04,3.922610e-03
4.097041e-01,1.583667e-03,1.341222e-02,4.347837e-03,5.261797e-03,1.789243e-02,2.510658e-02,4.876578e-01,1.358276e-03,9.807802e-04,1.431158e-03,1.667137e-02,9.138302e-03,7.379186e-04,4.715665e-03
3.957584e-01,1.509597e-03,1.444512e-02,4.137417e-03,4.950022e-03,2.196713e-02,2.392896e-02,4.961727e-01,1.441398e-03,1.198649e-03,1.553979e-03,1.795860e-02,8.953780e-03,7.907440e-04,5.233463e-03
4.018860e-01,1.507195e-03,1.416801e-02,3.912027e-03,6.416386e-03,2.473196e-02,2.365931e-02,4.826175e-01,1.525461e-03,1.479423e-03,1.916924e-03,1.952988e-02,9.163886e-03,9.431149e-04,6.542815e-03
3.876138e-01,1.710470e-03,1.699821e-02,4.263510e-03,7.339076e-03,2.492381e-02,2.186823e-02,4.912182e-01,1.485639e-03,1.809384e-03,2.557688e-03,1.912565e-02,9.772395e-03,1.152033e-03,8.161819e-03
2.999099e-01,2.548004e-03,1.464747e-02,4.998817e-03,8.655328e-03,1.141421e-01,1.887632e-02,4.207934e-01,7.092434e-03,2.758342e-03,4.929211e-03,1.630274e-02,6.704912e-02,1.677595e-03,1.561924e-02
2.609524e-01,2.333260e-03,1.228052e-02,3.983714e-03,8.446151e-03,1.168639e-01,1.849855e-02,3.837723e-01,7.698898e-03,3.083186e-03,6.230780e-03,1.431540e-02,1.315052e-01,1.787156e-03,2.824863e-02
2.783302e-01,2.659663e-03,1.028367e-02,3.438897e-03,1.129831e-02,8.771991e-02,2.110720e-02,3.485670e-01,7.022519e-03,3.164741e-03,7.466645e-03,1.251900e-02,1.708635e-01,1.602654e-03,3.395610e-02
