1.000000e+00,0.000000e+00,0.000000e+00,0.000000e+00,0.000000e+00,0.000000e+00,0.000000e+00,0.000000e+00,0.000000e+00,0.000000e+00,0.000000e+00,0.000000e+00,0.000000e+00,0.000000e+00,0.000000e+00
1.000000e+00,0.000000e+00,0.000000e+00,0.000000e+00,0.000000e+00,0.000000e+00,0.000000e+00,0.000000e+00,0.000000e+00,0.000000e+00,0.000000e+00,0.000000e+00,0.000000e+00,0.000000e+00,0.000000e+00
1.000000e+00,0.000000e+00,0.000000e+00,0.000000e+00,0.000000e+00,0.000000e+00,0.000000e+00,0.000000e+00,0.000000e+00,0.000000e+00,0.000000e+00,0.000000e+00,0.000000e+00,0.000000e+00,0.000000e+00
1.000000e+00,0.000000e+00,0.000000e+00,0.000000e+00,0.000000e+00,0.000000e+00,0.000000e+00,0.000000e+00,0.000000e+00,0.000000e+00,0.000000e+00,0.000000e+00,0.000000e+00,0.000000e+00,0.000000e+00
1.000000e+00,0.000000e+00,0.000000e+00,0.000000e+00,0.000000e+00,0.000000e+00,0.000000e+00,0.000000e+00,0.000000e+00,0.000000e+00,0.000000e+00,0.000000e+00,0.000000e+00,0.000000e+00,0.000000e+00
1.000000e+00,0.000000e+00,0.000000e+00,0.000000e+00,0.000000e+00,0.000000e+00,0.000000e+00,0.000000e+00,0.000000e+00,0.000000e+00,0.000000e+00,0.000000e+00,0.000000e+00,0.000000e+00,0.000000e+00
1.000000e+00,0.000000e+00,0.000000e+00,0.000000e+00,0.000000e+00,0.000000e+00,0.000000e+00,0.000000e+00,0.000000e+00,0.000000e+00,0.000000e+00,0.000000e+00,0.000000e+00,0.000000e+00,0.000000e+00
1.000000e+00,0.000000e+00,0.000000e+00,0.000000e+00,0.000000e+00,0.000000e+00,0.000000e+00,0.000000e+00,0.000000e+00,0.000000e+00,0.000000e+00,0.000000e+00,0.000000e+00,0.000000e+00,0.000000e+00
1.000000e+00,0.000000e+00,0.000000e+00,0.000000e+00,0.000000e+00,0.000000e+00,0.000000e+00,0.000000e+00,0.000000e+00,0.000000e+00,0.000000e+00,0.000000e+00,0.000000e+00,0.000000e+00,0.000000e+00
1.000000e+00,0.000000e+00,0.000000e+00,0.000000e+00,0.000000e+00,0.000000e+00,0.000000e+00,0.000000e+00,0.000000e+00,0.000000e+00,0.000000e+00,0.000000e+00,0.000000e+00,0.000000e+00,0.000000e+00
1.000000e+00,0.000000e+00,0.000000e+00,0.000000e+00,0.000000e+00,0.000000e+00,0.000000e+00,0.000000e+00,0.000000e+00,0.000000e+00,0.000000e+00,0.000000e+00,0.000000e+00,0.000000e+00,0.000000e+00
1.000000e+00,0.000000e+00,0.000000e+00,0.000000e+00,0.000000e+00,0.000000e+00,0.000000e+00,0.000000e+00,0.000000e+00,0.000000e+00,0.000000e+00,0.000000e+00,0.000000e+00,0.000000e+00,0.000000e+00
1.000000e+00,0.000000e+00,0.000000e+00,0.000000e+00,0.000000e+00,0.000000e+00,0.000000e+00,0.000000e+00,0.000000e+00,0.000000e+00,0.000000e+00,0.000000e+00,0.000000e+00,0.000000e+00,0.000000e+00
1.000000e+00,0.000000e+00,0.000000e+00,0.000000e+00,0.000000e+00,0.000000e+00,0.000000e+00,0.000000e+00,0.000000e+00,0.000000e+00,0.000000e+00,0.000000e+00,0.000000e+00,0.000000e+00,0.000000e+00
1.000000e+00,0.000000e+00,0.000000e+00,0.000000e+00,0.000000e+00,0.000000e+00,0.000000e+00,0.000000e+00,0.000000e+00,0.000000e+00,0.000000e+00,0.000000e+00,0.000000e+00,0.000000e+00,0.000000e+00
1.000000e+00,0.000000e+00,0.000000e+00,0.000000e+00,0.000000e+00,0.000000e+00,0.000000e+00,0.000000e+00,0.000000e+00,0.000000e+00,0.000000e+00,0.000000e+00,0.000000e+00,0.000000e+00,0.000000e+00
1.000000e+00,0.000000e+00,0.000000e+00,0.000000e+00,0.000000e+00,0.000000e+00,0.000000e+00,0.000000e+00,0.000000e+00,0.000000e+00,0.000000e+00,0.000000e+00,0.000000e+00,0.000000e+00,0.000000e+00
1.000000e+00,0.000000e+00,0.000000e+00,0.000000e+00,0.000000e+00,0.000000e+00,0.000000e+00,0.000000e+00,0.000000e+00,0.000000e+00,0.000000e+00,0.000000e+00,0.000000e+00,0.000000e+00,0.000000e+00
1.000000e+00,0.000000e+00,0.000000e+00,0.000000e+00,0.000000e+00,0.000000e+00,0.000000e+00,0.000000e+00,0.000000e+00,0.000000e+00,0.000000e+00,0.000000e+00,0.000000e+00,0.000000e+00,0.000000e+00
1.000000e+00,0.000000e+00,0.000000e+00,0.000000e+00,0.000000e+00,0.000000e+00,0.000000e+00,0.000000e+00,0.000000e+00,0.000000e+00,0.000000e+00,0.000000e+00,0.000000e+00,0.000000e+00,0.000000e+00
1.000000e+00,0.000000e+00,0.000000e+00,0.000000e+00,0.000000e+00,0.000000e+00,0.000000e+00,0.000000e+00,0.000000e+00,0.000000e+00,0.000000e+00,0.000000e+00,0.000000e+00,0.000000e+00,0.000000e+00
1.000000e+00,0.000000e+00,0.000000e+00,0.000000e+00,0.000000e+00,0.000000e+00,0.000000e+00,0.000000e+00,0.000000e+00,0.000000e+00,0.000000e+00,0.000000e+00,0.000000e+00,0.000000e+00,0.000000e+00
1.000000e+00,0.000000e+00,0.000000e+00,0.000000e+00,0.000000e+00,0.000000e+00,0.000000e+00,0.000000e+00,0.000000e+00,0.000000e+00,0.000000e+00,0.000000e+00,0.000000e+00,0.000000e+00,0.000000e+00
1.000000e+00,0.000000e+00,0.000000e+00,0.000000e+00,0.000000e+00,0.000000e+00,0.000000e+00,0.000000e+00,0.000000e+00,0.000000e+00,0.000000e+00,0.000000e+00,0.000000e+00,0.000000e+00,0.000000e+00
1.000000e+00,0.000000e+00,0.000000e+00,0.000000e+00,0.000000e+00,0.000000e+00,0.000000e+00,0.000000e+00,0.000000e+00,0.000000e+00,0.000000e+00,0.000000e+00,0.000000e+00,0.000000e+00,0.000000e+00
1.000000e+00,0.000000e+00,0.000000e+00,0.000000e+00,0.000000e+00,0.000000e+00,0.000000e+00,0.000000e+00,0.000000e+00,0.000000e+00,0.000000e+00,0.000000e+00,0.000000e+00,0.000000e+00,0.000000e+00
1.000000e+00,0.000000e+00,0.000000e+00,0.000000e+00,0.000000e+00,0.000000e+00,0.000000e+00,0.000000e+00,0.000000e+00,0.000000e+00,0.000000e+00,0.000000e+00,0.000000e+00,0.000000e+00,0.000000e+00
1.000000e+00,0.000000e+00,0.000000e+00,0.000000e+00,0.000000e+00,0.000000e+00,0.000000e+00,0.000000e+00,0.000000e+00,0.000000e+00,0.000000e+00,0.000000e+00,0.000000e+00,0.000000e+00,0.000000e+00
1.000000e+00,0.000000e+00,0.000000e+00,0.000000e+00,0.000000e+00,0.000000e+00,0.000000e+00,0.000000e+00,0.000000e+00,0.000000e+00,0.000000e+00,0.000000e+00,0.000000e+00,0.000000e+00,0.000000e+00
1.000000e+00,0.000000e+00,0.000000e+00,0.000000e+00,0.000000e+00,0.000000e+00,0.000000e+00,0.000000e+00,0.000000e+00,0.000000e+00,0.000000e+00,0.000000e+00,0.000000e+00,0.000000e+00,0.000000e+00
1.000000e+00,0.000000e+00,0.000000e+00,0.000000e+00,0.000000e+00,0.000000e+00,0.000000e+00,0.000000e+00,0.000000e+00,0.000000e+00,0.000000e+00,0.000000e+00,0.000000e+00,0.000000e+00,0.000000e+00
1.000000e+00,0.000000e+00,0.000000e+00,0.000000e+00,0.000000e+00,0.000000e+00,0.000000e+00,0.000000e+00,0.000000e+00,0.000000e+00,0.000000e+00,0.000000e+00,0.000000e+00,0.000000e+00,0.000000e+00
1.000000e+00,0.000000e+00,0.000000e+00,0.000000e+00,0.000000e+00,0.000000e+00,0.000000e+00,0.000000e+00,0.000000e+00,0.000000e+00,0.000000e+00,0.000000e+00,0.000000e+00,0.000000e+00,0.000000e+00
1.000000e+00,0.000000e+00,0.000000e+00,0.000000e+00,0.000000e+00,0.000000e+00,0.000000e+00,0.000000e+00,0.000000e+00,0.000000e+00,0.000000e+00,0.000000e+00,0.000000e+00,0.000000e+00,0.000000e+00
1.000000e+00,0.000000e+00,0.000000e+00,0.000000e+00,0.000000e+00,0.000000e+00,0.000000e+00,0.000000e+00,0.000000e+00,0.000000e+00,0.000000e+00,0.000000e+00,0.000000e+00,0.000000e+00,0.000000e+00
1.000000e+00,0.000000e+00,0.000000e+00,0.000000e+00,0.000000e+00,0.000000e+00,0.000000e+00,0.000000e+00,0.000000e+00,0.000000e+00,0.000000e+00,0.000000e+00,0.000000e+00,0.000000e+00,0.000000e+00
1.000000e+00,0.000000e+00,0.000000e+00,0.000000e+00,0.000000e+00,0.000000e+00,0.000000e+00,0.000000e+00,0.000000e+00,0.000000e+00,0.000000e+00,0.000000e+00,0.000000e+00,0.000000e+00,0.000000e+00
1.000000e+00,0.000000e+00,0.000000e+00,0.000000e+00,0.000000e+00,0.000000e+00,0.000000e+00,0.000000e+00,0.000000e+00,0.000000e+00,0.000000e+00,0.000000e+00,0.000000e+00,0.000000e+00,0.000000e+00
1.000000e+00,0.000000e+00,0.000000e+00,0.000000e+00,0.000000e+00,0.000000e+00,0.000000e+00,0.000000e+00,0.000000e+00,0.000000e+00,0.000000e+00,0.000000e+00,0.000000e+00,0.000000e+00,0.000000e+00
1.000000e+00,0.000000e+00,0.000000e+00,0.000000e+00,0.000000e+00,0.000000e+00,0.000000e+00,0.000000e+00,0.000000e+00,0.000000e+00,0.000000e+00,0.000000e+00,0.000000e+00,0.000000e+00,0.000000e+00
1.000000e+00,0.000000e+00,0.000000e+00,0.000000e+00,0.000000e+00,0.000000e+00,0.000000e+00,0.000000e+00,0.000000e+00,0.000000e+00,0.000000e+00,0.000000e+00,0.000000e+00,0.000000e+00,0.000000e+00
1.000000e+00,0.000000e+00,0.000000e+00,0.000000e+00,0.000000e+00,0.000000e+00,0.000000e+00,0.000000e+00,0.000000e+00,0.000000e+00,0.000000e+00,0.000000e+00,0.000000e+00,0.000000e+00,0.000000e+00
1.000000e+00,0.000000e+00,0.000000e+00,0.000000e+00,0.000000e+00,0.000000e+00,0.000000e+00,0.000000e+00,0.000000e+00,0.000000e+00,0.000000e+00,0.000000e+00,0.000000e+00,0.000000e+00,0.000000e+00
1.000000e+00,0.000000e+00,0.000000e+00,0.000000e+00,0.000000e+00,0.000000e+00,0.000000e+00,0.000000e+00,0.000000e+00,0.000000e+00,0.000000e+00,0.000000e+00,0.000000e+00,0.000000e+00,0.000000e+00
1.000000e+00,0.000000e+00,0.000000e+00,0.000000e+00,0.000000e+00,0.000000e+00,0.000000e+00,0.000000e+00,0.000000e+00,0.000000e+00,0.000000e+00,0.000000e+00,0.000000e+00,0.000000e+00,0.000000e+00
1.000000e+00,0.000000e+00,0.000000e+00,0.000000e+00,0.000000e+00,0.000000e+00,0.000000e+00,0.000000e+00,0.000000e+00,0.000000e+00,0.000000e+00,0.000000e+00,0.000000e+00,0.000000e+00,0.000000e+00
1.000000e+00,0.000000e+00,0.000000e+00,0.000000e+00,0.000000e+00,0.000000e+00,0.000000e+00,0.000000e+00,0.000000e+00,0.000000e+00,0.000000e+00,0.000000e+00,0.000000e+00,0.000000e+00,0.000000e+00
1.000000e+00,0.000000e+00,0.000000e+00,0.000000e+00,0.000000e+00,0.000000e+00,0.000000e+00,0.000000e+00,0.000000e+00,0.000000e+00,0.000000e+00,0.000000e+00,0.000000e+00,0.000000e+00,0.000000e+00
1.000000e+00,0.000000e+00,0.000000e+00,0.000000e+00,0.000000e+00,0.000000e+00,0.000000e+00,0.000000e+00,0.000000e+00,0.000000e+00,0.000000e+00,0.000000e+00,0.000000e+00,0.000000e+00,0.000000e+00
1.000000e+00,0.000000e+00,0.000000e+00,0.000000e+00,0.000000e+00,0.000000e+00,0.000000e+00,0.000000e+00,0.000000e+00,0.000000e+00,0.000000e+00,0.000000e+00,0.000000e+00,0.000000e+00,0.000000e+00
1.000000e+00,0.000000e+00,0.000000e+00,0.000000e+00,0.000000e+00,0.000000e+00,0.000000e+00,0.000000e+00,0.000000e+00,0.000000e+00,0.000000e+00,0.000000e+00,0.000000e+00,0.000000e+00,0.000000e+00
1.000000e+00,0.000000e+00,0.000000e+00,0.000000e+00,0.000000e+00,0.000000e+00,0.000000e+00,0.000000e+00,0.000000e+00,0.000000e+00,0.000000e+00,0.000000e+00,0.000000e+00,0.000000e+00,0.000000e+00
1.000000e+00,0.000000e+00,0.000000e+00,0.000000e+00,0.000000e+00,0.000000e+00,0.000000e+00,0.000000e+00,0.000000e+00,0.000000e+00,0.000000e+00,0.000000e+00,0.000000e+00,0.000000e+00,0.000000e+00
4.531424e-01,1.019915e-02,1.242581e-01,6.550734e-02,1.346668e-02,1.136721e-02,5.229128e-03,2.766459e-01,4.577429e-03,9.031007e-04,7.951509e-03,8.367887e-03,9.485760e-03,1.312569e-03,7.585831e-03
3.386185e-01,7.373316e-03,9.237510e-02,5.065333e-02,2.729706e-02,9.501033e-03,4.249023e-03,4.344364e-01,3.586899e-03,6.914670e-04,9.890346e-03,6.303465e-03,8.435368e-03,1.146452e-03,5.442209e-03
2.378535e-01,5.191985e-03,6.540907e-02,3.593862e-02,1.929991e-02,6.720054e-03,3.121153e-03,6.012403e-01,2.541544e-03,4.863302e-04,7.147258e-03,4.425351e-03,5.973101e-03,8.297098e-04,3.822057e-03
1.667498e-01,3.656662e-03,4.646784e-02,2.563419e-02,1.366677e-02,4.935409e-03,2.253500e-03,7.185881e-01,1.799842e-03,3.449664e-04,5.196541e-03,3.108333e-03,4.221082e-03,6.867200e-04,2.690221e-03
1.172237e-01,2.659827e-03,3.315286e-02,1.848938e-02,1.096017e-02,3.975061e-03,1.984471e-03,7.962180e-01,1.435823e-03,3.177795e-04,4.714862e-03,2.369978e-03,3.392857e-03,1.158731e-03,1.946473e-03
8.314773e-02,2.004568e-03,2.381391e-02,1.347811e-02,1.468792e-02,5.453040e-03,1.999816e-03,8.328719e-01,1.910615e-03,5.955629e-04,6.839488e-03,3.754858e-03,5.653841e-03,2.325487e-03,1.463154e-03
6.371075e-02,3.780987e-03,1.821976e-02,1.405327e-02,9.561513e-02,5.872314e-02,1.944378e-03,6.732934e-01,3.306332e-03,8.833974e-04,4.153310e-02,1.357048e-02,6.727765e-03,3.400914e-03,1.237204e-03
1.065204e-01,1.380086e-02,1.677750e-02,1.759855e-02,1.545151e-01,8.976260e-02,2.351826e-03,5.297006e-01,3.964751e-03,1.359344e-03,3.705750e-02,1.284667e-02,7.642476e-03,3.490532e-03,2.611236e-03
1.736478e-01,1.461417e-02,1.674914e-02,2.132798e-02,1.642650e-01,1.067306e-01,2.366088e-03,4.330861e-01,4.600193e-03,1.334010e-03,3.276904e-02,1.478345e-02,6.979361e-03,3.280512e-03,3.466502e-03
2.162422e-01,1.337140e-02,1.574083e-02,2.422513e-02,1.883144e-01,1.020687e-01,2.779881e-03,3.747264e-01,5.869446e-03,1.335968e-03,2.595710e-02,1.546579e-02,6.918800e-03,3.223262e-03,3.760707e-03
2.619869e-01,1.172065e-02,1.538281e-02,2.613203e-02,1.591410e-01,1.023353e-01,3.006122e-03,3.486760e-01,6.631264e-03,1.608583e-03,2.514425e-02,2.169768e-02,8.266890e-03,3.174629e-03,5.095968e-03
3.120232e-01,1.024827e-02,1.315882e-02,2.419145e-02,1.306110e-01,7.920446e-02,2.765632e-03,3.596148e-01,5.632426e-03,1.458124e-03,1.980334e-02,2.029146e-02,1.054914e-02,2.974044e-03,7.473787e-03
2.810490e-01,1.928310e-02,1.648030e-02,3.930692e-02,1.041107e-01,1.144307e-01,2.928000e-03,2.601487e-01,9.153324e-03,4.691138e-03,5.535746e-02,5.072464e-02,1.438423e-02,8.077266e-03,1.987462e-02
2.020202e-01,2.014975e-02,1.555431e-02,3.725450e-02,7.459546e-02,1.790769e-01,2.357229e-03,1.829523e-01,9.076690e-03,6.326437e-02,9.027480e-02,4.322252e-02,1.224666e-02,9.586144e-03,5.836831e-02
1.421654e-01,1.467771e-02,1.127911e-02,2.695042e-02,5.236662e-02,1.600039e-01,1.715474e-03,1.280972e-01,6.911560e-03,5.072722e-02,3.090270e-01,3.762430e-02,8.897056e-03,7.180124e-03,4.237704e-02
9.989020e-02,1.062139e-02,8.022816e-03,1.898999e-02,3.669105e-02,1.482723e-01,1.225383e-03,8.967572e-02,5.031501e-03,4.286285e-02,4.641889e-01,3.241825e-02,6.353346e-03,5.331011e-03,3.042533e-02
7.008696e-02,7.548626e-03,5.649656e-03,1.331027e-02,2.569744e-02,1.119943e-01,8.976014e-04,6.277931e-02,3.618363e-03,6.131397e-02,5.769072e-01,3.006190e-02,4.546074e-03,4.008991e-03,2.157948e-02
4.920200e-02,5.539591e-03,4.070940e-03,9.357492e-03,1.801126e-02,8.336078e-02,6.990798e-04,4.395336e-02,2.750194e-03,6.267204e-02,6.635800e-01,3.333570e-02,3.284617e-03,3.503237e-03,1.667975e-02
3.466877e-02,3.939321e-03,2.901545e-03,6.573858e-03,1.262088e-02,6.343058e-02,5.896628e-04,3.077917e-02,2.103120e-03,4.935665e-02,7.305453e-01,4.458797e-02,2.404705e-03,3.393099e-03,1.210541e-02
2.503235e-02,4.033174e-03,2.398352e-03,4.642274e-03,8.916863e-03,4.559922e-02,5.237298e-04,2.160915e-02,2.677720e-03,4.007446e-02,6.866102e-01,1.417610e-01,1.876811e-03,5.202752e-03,9.041993e-03
1.934521e-02,4.531474e-03,2.703723e-03,3.359596e-03,6.422083e-03,3.385362e-02,5.504056e-04,1.543321e-02,3.834676e-03,3.193573e-02,6.702337e-01,1.907824e-01,1.450830e-03,8.497540e-03,7.065831e-03
1.608592e-02,4.285966e-03,3.112674e-03,2.422065e-03,4.677035e-03,2.512392e-02,5.557096e-04,1.121657e-02,4.210564e-03,2.987129e-02,6.203132e-01,2.603142e-01,1.210777e-03,1.138407e-02,5.216118e-03
1.267922e-02,3.288632e-03,2.377353e-03,1.864284e-03,3.506560e-03,1.925429e-02,5.282324e-04,7.907236e-03,3.640664e-03,2.322416e-02,6.565307e-01,2.496673e-01,9.976012e-04,1.042690e-02,4.106827e-03
1.011836e-02,2.604886e-03,1.909749e-03,1.480404e-03,2.620892e-03,1.835166e-02,5.425308e-04,5.599537e-03,2.993245e-03,1.839251e-02,6.523338e-01,2.682304e-01,8.902943e-04,1.033671e-02,3.595057e-03
1.581909e-02,2.765783e-03,1.893195e-03,1.500619e-03,2.507933e-03,1.975772e-02,1.147386e-03,4.235738e-03,2.580113e-03,1.460952e-02,6.405442e-01,2.781537e-01,8.403758e-04,1.036354e-02,3.281162e-03
1.691861e-02,2.644220e-03,1.623771e-03,1.284977e-03,2.165770e-03,2.469990e-02,1.275232e-03,3.131554e-03,2.050393e-03,1.078028e-02,6.819896e-01,2.378248e-01,7.834471e-04,1.001405e-02,2.813415e-03
2.670280e-02,4.954706e-03,1.933113e-03,1.954916e-03,3.090702e-03,2.344921e-02,1.288068e-03,2.556023e-03,1.989842e-03,8.527054e-03,6.842127e-01,2.181034e-01,1.052331e-03,1.703173e-02,3.153364e-03
7.427751e-02,1.329656e-02,4.621263e-03,5.152629e-03,7.726780e-03,2.710442e-02,2.045741e-03,1.032021e-02,9.261750e-03,6.768098e-03,5.987580e-01,1.927191e-01,1.476136e-03,2.719098e-02,1.928082e-02
1.489289e-01,1.846285e-02,1.030143e-02,9.110054e-03,1.127466e-02,4.521022e-02,2.557518e-03,1.453263e-02,9.713416e-03,5.543340e-03,4.861478e-01,1.856989e-01,2.580527e-03,3.191610e-02,1.802170e-02
1.547035e-01,2.877756e-02,1.253213e-02,1.136462e-02,2.339824e-02,4.346828e-02,3.062251e-03,1.568451e-02,9.701472e-03,5.313751e-03,4.524324e-01,1.791102e-01,3.577304e-03,4.064142e-02,1.623232e-02
2.017725e-01,4.146300e-02,1.544131e-02,1.255738e-02,2.583146e-02,4.018498e-02,3.590705e-03,1.765912e-02,8.736130e-03,4.441929e-03,4.043084e-01,1.617526e-01,3.996800e-03,4.411303e-02,1.415070e-02
2.339401e-01,4.896243e-02,2.018419e-02,1.515200e-02,2.861965e-02,3.403331e-02,3.489687e-03,1.736507e-02,7.499652e-03,3.678848e-03,3.607556e-01,1.667004e-01,3.318774e-03,4.397603e-02,1.232423e-02
2.434508e-01,4.728328e-02,5.170634e-02,1.700073e-02,2.420856e-02,2.810537e-02,3.445221e-03,2.526312e-02,6.917849e-03,3.011220e-03,3.441379e-01,1.547800e-01,2.603916e-03,3.806544e-02,1.002033e-02
2.847727e-01,5.306542e-02,7.931874e-02,2.095734e-02,2.104498e-02,2.319355e-02,3.236760e-03,2.901132e-02,5.837855e-03,2.516340e-03,2.900795e-01,1.449113e-01,2.040991e-03,3.163647e-02,8.376796e-03
2.359594e-01,4.839387e-02,1.409371e-01,5.052222e-02,2.457314e-02,1.926524e-02,3.843256e-03,7.938127e-02,8.562775e-03,3.473921e-03,2.230432e-01,1.303027e-01,1.671445e-03,2.288336e-02,7.187136e-03
1.901314e-01,4.378844e-02,1.531591e-01,4.633137e-02,3.793555e-02,1.968922e-02,3.781186e-03,8.886310e-02,2.070335e-02,3.516112e-03,2.255613e-01,1.384793e-01,1.641154e-03,1.970932e-02,6.710219e-03
1.639842e-01,4.367083e-02,1.409076e-01,4.409792e-02,7.901544e-02,2.208748e-02,5.635113e-03,1.546289e-01,2.565396e-02,3.331556e-03,1.817625e-01,1.120580e-01,1.786269e-03,1.563279e-02,5.747539e-03
1.522581e-01,4.237092e-02,1.435695e-01,4.770406e-02,1.143107e-01,3.122823e-02,4.928094e-03,1.285970e-01,3.956536e-02,5.912775e-03,1.767614e-01,8.759682e-02,1.714509e-03,1.801246e-02,5.470157e-03
1.417004e-01,4.187798e-02,1.153415e-01,4.520081e-02,1.833749e-01,3.969026e-02,4.180161e-03,1.186513e-01,4.988722e-02,7.332070e-03,1.606647e-01,6.659543e-02,1.623428e-03,1.880144e-02,5.078379e-03
1.405411e-01,7.395993e-02,8.882666e-02,5.853064e-02,2.136908e-01,4.076084e-02,3.273220e-03,1.011540e-01,5.374620e-02,7.581798e-03,1.402549e-01,5.035459e-02,1.659195e-03,1.894412e-02,6.722097e-03
1.481243e-01,9.214106e-02,7.229316e-02,6.318817e-02,2.280167e-01,4.336219e-02,2.441823e-03,8.000460e-02,6.407164e-02,8.239904e-03,1.266193e-01,3.880289e-02,1.767659e-03,2.229458e-02,8.632068e-03
1.814739e-01,9.545482e-02,6.058542e-02,6.728052e-02,2.117589e-01,3.883070e-02,2.011232e-03,8.987562e-02,5.318267e-02,6.563399e-03,1.262348e-01,3.482619e-02,2.086963e-03,2.140979e-02,8.425139e-03
1.987271e-01,7.182617e-02,1.291003e-01,1.126319e-01,1.631450e-01,2.930903e-02,1.928773e-03,9.723949e-02,4.100112e-02,5.159500e-03,9.271918e-02,3.142686e-02,2.059469e-03,1.736021e-02,6.365913e-03
1.968145e-01,5.755531e-02,2.121307e-01,1.532422e-01,1.249874e-01,2.355160e-02,1.535869e-03,7.578742e-02,3.358654e-02,4.472871e-03,6.872611e-02,2.570711e-02,1.765973e-03,1.404678e-02,6.089677e-03
1.412417e-01,4.314597e-02,2.524476e-01,1.120392e-01,8.803228e-02,1.708955e-02,1.088694e-03,5.320733e-02,6.769989e-02,4.157184e-02,6.531550e-02,1.848637e-02,2.926382e-03,4.583670e-02,4.987104e-02
1.060341e-01,3.361948e-02,2.312792e-01,1.116649e-01,6.513764e-02,1.345884e-02,7.933238e-04,3.811190e-02,1.539109e-01,4.683800e-02,7.571846e-02,1.437488e-02,8.608432e-03,4.578879e-02,5.466111e-02
7.619242e-02,2.441363e-02,1.722436e-01,7.882798e-02,4.580075e-02,9.829151e-03,6.286668e-04,2.676018e-02,1.286534e-01,8.736443e-02,8.124451e-02,1.030041e-02,7.807012e-03,1.991364e-01,5.079745e-02
5.701542e-02,1.883943e-02,1.309564e-01,5.652020e-02,3.267695e-02,7.529334e-03,5.176868e-04,1.882936e-02,1.863157e-01,1.046732e-01,6.400765e-02,7.964552e-03,6.861442e-03,2.279938e-01,7.929887e-02
4.312270e-02,1.462171e-02,1.207921e-01,4.052554e-02,2.323917e-02,6.649373e-03,4.165779e-04,1.326931e-02,2.057015e-01,1.225462e-01,4.853678e-02,5.798022e-03,5.167219e-03,2.425938e-01,1.070199e-01
3.446940e-02,1.055229e-02,8.614682e-02,2.853689e-02,1.667294e-02,5.181503e-03,3.719848e-04,9.319616e-03,1.734992e-01,1.054090e-01,3.875518e-02,4.130905e-03,3.865283e-03,3.796065e-01,1.034825e-01
5.570540e-02,1.574349e-02,6.460728e-02,2.075318e-02,1.555630e-02,8.175272e-03,4.276452e-04,6.756578e-03,2.064557e-01,8.564153e-02,3.616720e-02,3.272922e-03,3.691179e-03,3.598419e-01,1.172045e-01
4.417530e-02,1.726552e-02,5.550286e-02,1.637063e-02,1.190030e-02,7.033146e-03,4.445746e-04,4.816374e-03,2.016767e-01,7.573810e-02,2.626981e-02,2.516812e-03,2.746925e-03,2.805033e-01,2.530396e-01
3.784117e-02,1.368413e-02,4.149896e-02,1.176392e-02,8.854385e-03,5.726200e-03,3.480318e-04,3.394659e-03,2.345383e-01,7.368402e-02,1.979362e-02,2.018624e-03,2.237255e-03,2.710076e-01,2.736092e-01
4.049731e-02,1.170472e-02,2.965125e-02,8.990966e-03,7.764640e-03,4.645303e-03,3.179819e-04,2.469955e-03,2.770290e-01,8.259566e-02,1.523697e-02,1.676810e-03,2.396984e-03,2.121141e-01,3.029084e-01
3.672540e-02,1.815541e-02,2.174099e-02,9.542939e-03,6.171037e-03,3.575693e-03,2.472130e-04,1.802118e-03,4.114844e-01,7.085737e-02,1.162809e-02,1.376562e-03,2.390241e-03,1.526648e-01,2.516378e-01
3.673367e-02,3.502179e-02,1.829829e-02,8.307558e-03,4.974215e-03,2.834755e-03,2.494283e-04,1.466512e-03,4.188688e-01,6.804491e-02,9.760351e-03,1.274249e-03,2.952904e-03,1.180732e-01,2.731394e-01
5.367022e-02,4.780420e-02,1.433048e-02,6.161795e-03,3.545613e-03,2.234042e-03,2.164747e-04,1.125797e-03,3.230871e-01,6.494428e-02,1.099339e-02,2.433067e-03,5.011444e-03,1.301556e-01,3.342865e-01
5.597727e-02,3.644476e-02,1.089423e-02,4.909628e-03,2.745050e-03,1.866888e-03,2.606906e-04,1.039085e-03,2.836674e-01,1.245656e-01,1.112072e-02,6.030862e-03,1.022518e-02,1.314321e-01,3.188206e-01
5.463640e-02,3.073683e-02,1.184798e-02,5.199325e-03,2.582990e-03,1.934013e-03,4.690584e-04,2.104576e-03,3.133481e-01,1.182206e-01,1.352658e-02,7.530540e-03,1.686161e-02,1.132887e-01,3.077128e-01
4.363430e-02,2.372569e-02,1.422346e-02,4.346351e-03,1.947652e-03,1.892818e-03,3.531928e-04,1.641454e-03,2.622089e-01,2.187731e-01,1.085753e-02,6.528442e-03,1.406400e-02,8.575172e-02,3.100514e-01
3.849117e-02,1.772402e-02,1.124072e-02,3.585747e-03,1.960938e-03,1.822582e-03,3.764745e-04,1.577570e-03,2.199336e-01,2.037513e-01,1.248283e-02,6.843187e-03,1.296493e-02,8.463273e-02,3.826122e-01
2.911278e-02,1.410450e-02,1.639934e-02,4.695720e-03,1.767435e-03,1.500722e-03,3.182336e-04,1.384311e-03,3.895440e-01,1.655980e-01,9.779541e-03,5.190306e-03,1.034865e-02,6.080131e-02,2.894552e-01
4.190218e-02,1.922722e-02,3.307919e-02,2.018803e-02,4.501342e-03,3.466127e-03,1.174510e-03,3.368559e-03,3.679646e-01,1.314434e-01,1.843290e-02,5.159957e-03,1.492257e-02,5.179536e-02,2.833741e-01
1.939033e-01,2.451169e-02,3.137929e-02,3.182549e-02,1.265743e-02,1.412314e-02,2.912550e-03,4.656198e-03,2.818948e-01,9.403277e-02,2.121441e-02,9.809299e-03,1.508551e-02,4.481235e-02,2.171818e-01
2.724252e-01,3.527685e-02,3.411525e-02,4.081511e-02,3.297879e-02,2.364646e-02,3.398739e-03,4.860069e-03,2.130470e-01,6.786103e-02,1.950620e-02,1.386994e-02,1.622323e-02,3.818352e-02,1.837926e-01
2.979469e-01,4.438370e-02,3.539604e-02,7.818753e-02,4.343835e-02,2.866174e-02,5.465428e-03,8.332208e-03,1.757305e-01,4.987955e-02,1.813225e-02,1.579983e-02,1.622588e-02,2.984901e-02,1.525711e-01
2.926893e-01,5.073720e-02,8.184411e-02,1.376039e-01,3.939727e-02,2.495667e-02,4.788769e-03,7.290018e-03,1.349345e-01,3.627817e-02,1.449508e-02,1.637165e-02,1.432370e-02,2.369041e-02,1.205993e-01
3.513175e-01,5.507243e-02,8.399159e-02,1.226728e-01,5.705944e-02,3.087215e-02,6.720434e-03,7.566618e-03,9.927088e-02,2.638683e-02,1.149291e-02,1.352883e-02,1.232739e-02,1.927075e-02,1.024494e-01
3.425723e-01,6.644170e-02,7.099430e-02,1.089805e-01,8.645508e-02,4.423448e-02,7.153098e-03,7.465582e-03,7.996155e-02,1.932652e-02,9.423788e-03,1.112539e-02,1.277830e-02,1.691710e-02,1.161702e-01
3.022620e-01,7.136410e-02,9.915377e-02,9.496339e-02,1.532083e-01,4.299077e-02,5.665787e-03,8.038615e-03,7.616016e-02,1.543055e-02,7.801999e-03,8.328465e-03,1.259262e-02,1.581577e-02,8.622365e-02
2.562163e-01,1.478333e-01,7.678679e-02,8.539518e-02,1.668366e-01,7.905943e-02,4.800275e-03,8.677470e-03,5.852174e-02,1.183921e-02,7.386917e-03,1.005262e-02,1.131237e-02,1.221727e-02,6.306455e-02
2.228533e-01,1.130832e-01,5.898474e-02,6.851315e-02,2.367290e-01,1.265545e-01,4.358052e-03,1.487579e-02,4.936367e-02,1.039177e-02,7.392544e-03,1.021694e-02,9.345939e-03,9.917929e-03,5.741942e-02
1.682795e-01,9.049597e-02,4.321284e-02,5.072560e-02,2.109193e-01,1.323694e-01,3.419500e-03,1.083201e-02,3.851034e-02,1.796814e-02,5.620916e-02,7.702291e-03,9.991867e-03,6.574873e-02,9.361538e-02
1.232541e-01,7.669798e-02,3.133456e-02,3.924475e-02,1.562532e-01,1.394087e-01,2.744284e-03,7.808437e-03,4.405844e-02,2.947715e-02,7.500520e-02,5.844537e-03,1.024122e-02,8.566672e-02,1.729607e-01
9.666999e-02,5.781892e-02,2.316233e-02,2.898102e-02,1.113128e-01,1.186301e-01,2.241081e-03,5.930778e-03,1.205662e-01,3.235766e-02,9.005021e-02,5.213193e-03,1.225312e-02,1.388526e-01,1.559600e-01
7.273453e-02,4.112101e-02,1.642542e-02,2.039119e-02,7.862668e-02,8.429953e-02,1.639315e-03,4.228432e-03,1.012864e-01,3.435382e-02,9.298560e-02,3.930458e-03,1.096074e-02,3.164093e-01,1.206076e-01
7.286091e-02,3.110588e-02,1.199726e-02,1.503965e-02,5.642425e-02,6.029877e-02,1.349118e-03,3.100216e-03,1.610274e-01,4.342505e-02,7.037452e-02,3.176203e-03,9.992000e-03,3.514748e-01,1.083540e-01
5.793331e-02,2.323006e-02,8.590267e-03,1.058474e-02,4.067656e-02,4.265223e-02,1.032672e-03,2.189719e-03,1.273680e-01,4.311420e-02,5.840671e-02,2.335272e-03,7.839609e-03,4.652453e-01,1.088013e-01
4.372814e-02,1.681999e-02,6.072259e-03,7.430833e-03,2.896078e-02,3.009710e-02,7.644689e-04,1.539960e-03,9.387885e-02,3.221283e-02,4.232867e-02,1.667534e-03,5.719650e-03,5.884666e-01,1.003122e-01
4.040729e-02,1.360610e-02,6.382498e-03,5.471911e-03,2.131582e-02,2.387462e-02,6.488035e-04,1.126397e-03,2.041392e-01,3.185713e-02,3.099474e-02,1.345425e-03,4.751666e-03,4.807239e-01,1.333544e-01
3.252390e-02,9.825183e-03,4.806743e-03,3.864591e-03,1.555826e-02,1.719997e-02,5.107707e-04,8.217571e-04,2.198068e-01,3.263050e-02,2.207884e-02,1.069904e-03,3.528865e-03,5.189923e-01,1.167817e-01
2.702427e-02,7.531085e-03,6.843023e-03,3.263650e-03,1.262937e-02,1.240958e-02,4.112984e-04,6.800384e-04,2.720327e-01,3.764584e-02,1.643923e-02,8.610634e-04,2.632542e-03,4.816730e-01,1.179233e-01
1.940201e-02,5.968547e-03,6.004841e-03,2.337898e-03,9.274951e-03,8.816936e-03,3.139060e-04,5.199758e-04,2.522597e-01,3.942372e-02,1.216301e-02,7.680570e-04,2.010412e-03,5.365019e-01,1.042341e-01
1.372022e-02,4.274707e-03,4.567220e-03,1.654031e-03,6.556769e-03,6.224114e-03,2.240826e-04,3.679094e-04,1.911115e-01,4.067767e-02,8.831459e-03,5.716010e-04,1.435052e-03,6.042441e-01,1.155396e-01
1.044148e-02,3.186741e-03,3.972201e-03,1.220717e-03,4.745156e-03,4.400521e-03,1.801087e-04,3.232621e-04,1.403712e-01,4.780882e-02,9.382483e-03,6.883617e-04,1.180716e-03,6.258621e-01,1.462361e-01
7.802079e-03,2.325160e-03,3.063645e-03,8.976294e-04,3.389582e-03,3.118659e-03,1.506172e-04,2.451831e-04,1.001338e-01,4.708397e-02,7.771186e-03,5.871451e-04,9.463833e-04,7.099894e-01,1.124955e-01
5.664273e-03,1.666934e-03,2.230563e-03,6.403968e-04,2.401715e-03,2.195062e-03,1.120521e-04,1.736908e-04,7.160139e-02,4.184501e-02,7.009302e-03,6.075469e-04,8.316051e-04,7.720115e-01,9.100892e-02
5.070010e-03,1.406421e-03,1.804018e-03,4.964812e-04,2.030792e-03,1.824250e-03,1.458614e-04,2.126085e-04,6.955402e-02,7.102755e-02,1.008283e-02,1.427126e-03,3.393062e-03,7.283960e-01,1.031290e-01
5.454196e-03,1.511431e-03,1.656207e-03,5.288823e-04,1.608016e-03,1.444890e-03,3.262673e-04,3.683849e-04,5.855874e-02,7.247403e-02,1.326713e-02,1.281942e-03,2.769159e-03,7.325326e-01,1.062181e-01
9.768698e-03,1.344114e-03,1.633379e-03,4.631790e-04,1.380581e-03,1.261760e-03,3.042947e-04,3.157755e-04,5.217770e-02,1.052211e-01,1.341215e-02,1.492670e-03,2.381974e-03,7.243244e-01,8.451824e-02
8.587204e-03,1.136017e-03,1.383782e-03,4.268374e-04,1.243459e-03,1.252688e-03,2.346696e-04,2.657553e-04,4.350433e-02,2.069980e-01,1.103264e-02,1.173866e-03,1.807948e-03,6.572431e-01,6.370972e-02
6.510705e-03,9.370035e-04,1.013052e-03,3.063047e-04,9.115398e-04,1.306880e-03,1.691227e-04,1.986975e-04,3.154927e-02,2.974263e-01,1.074115e-02,9.629016e-04,1.315912e-03,5.987420e-01,4.790917e-02
6.860722e-03,1.410743e-03,8.652719e-04,2.728105e-04,7.404272e-04,1.711412e-03,1.805826e-04,1.860201e-04,3.314658e-02,2.924926e-01,1.505797e-02,8.044916e-04,1.096436e-03,5.963783e-01,4.879562e-02
8.939501e-03,1.449025e-03,6.933163e-04,3.543715e-04,6.316224e-04,2.053141e-03,1.627994e-04,2.571633e-04,2.861563e-02,3.475408e-01,1.600357e-02,6.743937e-04,9.566406e-04,5.530509e-01,3.861711e-02
2.641175e-02,2.337245e-03,6.035166e-04,8.469998e-04,8.433607e-04,3.675400e-03,1.658685e-04,3.894868e-04,3.819641e-02,4.037972e-01,2.343765e-02,9.473156e-04,1.116900e-03,4.679410e-01,2.928987e-02
2.493523e-02,2.580215e-03,4.668197e-04,8.219295e-04,7.131976e-04,3.988537e-03,1.392595e-04,3.619730e-04,3.654790e-02,3.545904e-01,6.012654e-02,9.954970e-04,1.363295e-03,4.865744e-01,2.579483e-02
2.015122e-02,3.281012e-03,3.624845e-04,6.810686e-04,6.532524e-04,3.596984e-03,1.394559e-04,3.257820e-04,2.922457e-02,2.772996e-01,1.226790e-01,1.204164e-03,1.888318e-03,5.178100e-01,2.070307e-02
3.223968e-02,4.967399e-03,3.897022e-04,7.954437e-04,1.824999e-03,6.620443e-03,4.895263e-04,5.160196e-04,9.806593e-02,2.217980e-01,1.478070e-01,1.838393e-03,2.430640e-03,4.637935e-01,1.642338e-02
3.164761e-02,5.107132e-03,4.200389e-04,1.655370e-03,2.486688e-03,1.126563e-02,8.378487e-04,9.336545e-04,1.515827e-01,1.791101e-01,1.623720e-01,2.781870e-03,2.468917e-03,4.346489e-01,1.268160e-02
2.903393e-02,9.973146e-03,9.425765e-04,3.848435e-03,6.835175e-03,3.034065e-02,9.733050e-04,2.751815e-03,2.751240e-01,1.380316e-01,1.343574e-01,3.013609e-03,3.275280e-03,3.517967e-01,9.702465e-03
2.391252e-02,8.817566e-03,1.674375e-03,1.012806e-02,1.869780e-02,2.478588e-02,1.177967e-03,5.630302e-02,3.555354e-01,1.103299e-01,1.013613e-01,2.724003e-03,3.661866e-03,2.730194e-01,7.870922e-03
2.631806e-02,9.493234e-03,4.984726e-03,2.123391e-02,2.362216e-02,3.421943e-02,1.404761e-03,1.269005e-01,3.618293e-01,9.612909e-02,7.589247e-02,3.147859e-03,4.373722e-03,2.032993e-01,7.151523e-03
2.124427e-02,9.618154e-03,8.142216e-03,3.573645e-02,2.023532e-02,5.938128e-02,1.093218e-03,1.469292e-01,4.162813e-01,7.125979e-02,5.511095e-02,2.317369e-03,3.364633e-03,1.432719e-01,6.013998e-03
1.761390e-02,8.019455e-03,7.642385e-03,2.721705e-02,1.944922e-02,4.535883e-02,8.477169e-04,3.127135e-01,3.617179e-01,5.025150e-02,3.953535e-02,1.864747e-03,2.822573e-03,1.005665e-01,4.379354e-03
1.667804e-02,5.887603e-03,5.664718e-03,1.997505e-02,1.690692e-02,3.263395e-02,7.077344e-04,5.036902e-01,2.574294e-01,3.521125e-02,2.801209e-02,1.433942e-03,2.121895e-03,7.044847e-02,3.198704e-03
1.385337e-02,4.278964e-03,4.260730e-03,1.472115e-02,1.477090e-02,2.351816e-02,6.298310e-04,6.423340e-01,1.827057e-01,2.467561e-02,1.974379e-02,1.073400e-03,1.761292e-03,4.938265e-02,2.290491e-03
1.276082e-02,3.094102e-03,3.413188e-03,1.084143e-02,1.355264e-02,1.894602e-02,5.112173e-04,7.384811e-01,1.283254e-01,1.728764e-02,1.396680e-02,8.552370e-04,1.704151e-03,3.461828e-02,1.641982e-03
1.234613e-02,2.219215e-03,2.513678e-03,7.711831e-03,1.199326e-02,1.367759e-02,4.178744e-04,8.096685e-01,9.013232e-02,1.211217e-02,9.859522e-03,6.486717e-04,1.253744e-03,2.428581e-02,1.159686e-03
1.521875e-02,1.616925e-03,1.902347e-03,5.735267e-03,1.216545e-02,1.030982e-02,3.921383e-04,8.543183e-01,6.329767e-02,8.495865e-03,7.069045e-03,5.777089e-04,1.021651e-03,1.704671e-02,8.324271e-04
1.559786e-02,1.164136e-03,1.405629e-03,4.216337e-03,1.227294e-02,7.959731e-03,7.094886e-04,8.872666e-01,4.451156e-02,5.955387e-03,5.008285e-03,4.738921e-04,8.970213e-04,1.196451e-02,5.965612e-04
1.743181e-02,8.652496e-04,1.053171e-03,3.103279e-03,1.182350e-02,6.386109e-03,1.091457e-03,9.088859e-01,3.136016e-02,4.179311e-03,3.595437e-03,3.966298e-04,9.798524e-04,8.412955e-03,4.351885e-04
1.772979e-02,7.647203e-04,8.176509e-04,2.311039e-03,1.114003e-02,5.017103e-03,1.405156e-03,9.245443e-01,2.256337e-02,2.944979e-03,2.642545e-03,4.015604e-04,1.465682e-03,5.921040e-03,3.309625e-04
1.680595e-02,7.380357e-04,7.171506e-04,1.917144e-03,9.390721e-03,3.707274e-03,1.133696e-03,9.394128e-01,1.618119e-02,2.079115e-03,1.914896e-03,4.673551e-04,1.090675e-03,4.170027e-03,2.739936e-04
2.147250e-02,7.691046e-04,8.932735e-04,2.662233e-03,9.642689e-03,2.837028e-03,1.053722e-03,9.414720e-01,1.170715e-02,1.478159e-03,1.453021e-03,5.325484e-04,8.343810e-04,2.950941e-03,2.412614e-04
2.509034e-02,7.245824e-04,1.125961e-03,3.267855e-03,1.166302e-02,2.172996e-03,1.224715e-03,9.405716e-01,8.509487e-03,1.066365e-03,1.085408e-03,5.367354e-04,6.667148e-04,2.088540e-03,2.056560e-04
3.106337e-02,7.088163e-04,1.471114e-03,3.824821e-03,1.210897e-02,1.653256e-03,1.752645e-03,9.367701e-01,6.235001e-03,8.086318e-04,8.294290e-04,5.527337e-04,5.524159e-04,1.484973e-03,1.837325e-04
6.280442e-02,7.607773e-04,2.215697e-03,4.677733e-03,1.066583e-02,1.511499e-03,2.562578e-03,9.056876e-01,4.685855e-03,6.603012e-04,7.404290e-04,1.076068e-03,6.023735e-04,1.104404e-03,2.444294e-04
9.756222e-02,7.529597e-04,2.550554e-03,4.961965e-03,1.131408e-02,1.938210e-03,3.277921e-03,8.684886e-01,3.693012e-03,5.485901e-04,7.693711e-04,1.905213e-03,1.010138e-03,8.631321e-04,3.640402e-04
1.362657e-01,7.953836e-04,2.547832e-03,4.394549e-03,1.217274e-02,2.986203e-03,3.735770e-03,8.264645e-01,3.181422e-03,4.804296e-04,8.717510e-04,3.060838e-03,1.627532e-03,7.503298e-04,6.649906e-04
2.473837e-01,1.127618e-03,2.357188e-03,3.714465e-03,1.117429e-02,3.853211e-03,3.391557e-03,6.913037e-01,2.947755e-03,5.205460e-04,2.588080e-03,1.284582e-02,1.501815e-02,8.031469e-04,9.706460e-04
2.252661e-01,1.119079e-03,1.759786e-03,3.157365e-03,1.035287e-02,4.846110e-03,3.481922e-03,5.481414e-01,2.545996e-03,5.313291e-04,5.597807e-03,2.163871e-02,1.691412e-01,8.610670e-04,1.559363e-03
2.078479e-01,1.540349e-03,1.339150e-03,2.615384e-03,1.192120e-02,6.980911e-03,9.468032e-03,4.091220e-01,1.087557e-02,5.422938e-04,6.236743e-03,3.877684e-02,2.894432e-01,1.742896e-03,1.547569e-03
1.503278e-01,1.769092e-03,1.063719e-03,2.049041e-03,1.032911e-02,5.797054e-03,1.866719e-02,2.923413e-01,1.654305e-02,1.143429e-03,6.156867e-03,9.459811e-02,3.937836e-01,2.714067e-03,2.716704e-03
1.118857e-01,2.181520e-03,8.386368e-04,1.613381e-03,9.589896e-03,5.007286e-03,2.989570e-02,2.077610e-01,3.020248e-02,1.822867e-03,7.086650e-03,2.336859e-01,3.532777e-01,2.735942e-03,2.415444e-03
7.977816e-02,2.903957e-03,8.384414e-04,1.172541e-03,8.291730e-03,3.944130e-03,2.227497e-02,1.456356e-01,3.385879e-02,4.635232e-03,1.165188e-02,3.958369e-01,2.845527e-01,2.755463e-03,1.869605e-03
5.673980e-02,2.836252e-03,8.463059e-04,8.428429e-04,7.673040e-03,3.024408e-03,1.636360e-02,1.020435e-01,3.700120e-02,7.379180e-03,2.453686e-02,5.088219e-01,2.268428e-01,3.594433e-03,1.454014e-03
4.092351e-02,7.751423e-03,1.956078e-03,6.459630e-04,1.048693e-02,2.785336e-03,1.222716e-02,7.169335e-02,3.346399e-02,1.951929e-02,2.420316e-02,5.712674e-01,1.981112e-01,3.834796e-03,1.130588e-03
2.872996e-02,5.896964e-03,1.418843e-03,4.593528e-04,8.983359e-03,2.110549e-03,8.626168e-03,5.023497e-02,2.451220e-02,1.608979e-02,2.996790e-02,6.748060e-01,1.441423e-01,3.219937e-03,8.018580e-04
2.016977e-02,5.288010e-03,1.018529e-03,3.237720e-04,7.708361e-03,1.566555e-03,6.047593e-03,3.518280e-02,1.780712e-02,1.399139e-02,5.007941e-02,7.333831e-01,1.042869e-01,2.576855e-03,5.699369e-04
1.415342e-02,6.682516e-03,7.717474e-04,2.403781e-04,5.904981e-03,1.124870e-03,4.235740e-03,2.469208e-02,1.370178e-02,1.037241e-02,7.894286e-02,7.632861e-01,7.355545e-02,1.932637e-03,4.031123e-04
9.932266e-03,5.608034e-03,6.048034e-04,1.947252e-04,4.575456e-03,8.359224e-04,2.970178e-03,1.739133e-02,1.249810e-02,8.150147e-03,8.414425e-02,7.995639e-01,5.170865e-02,1.533293e-03,2.890214e-04
7.005195e-03,4.240660e-03,8.443824e-04,2.276213e-04,3.506304e-03,8.780655e-04,2.094127e-03,1.229050e-02,1.009285e-02,6.007615e-03,6.533176e-02,8.493906e-01,3.629137e-02,1.586710e-03,2.122513e-04
5.166254e-03,3.786025e-03,7.817908e-04,2.755068e-04,2.668263e-03,9.394053e-04,1.484395e-03,8.682600e-03,1.427172e-02,4.648596e-03,1.359811e-01,7.895324e-01,2.595874e-02,5.641619e-03,1.816663e-04
4.691237e-03,3.679632e-03,1.722141e-03,2.204769e-03,2.517675e-03,1.411420e-03,1.151450e-03,6.466450e-03,1.482578e-02,4.501868e-03,1.449071e-01,7.789537e-01,1.858743e-02,1.419386e-02,1.855557e-04
5.382724e-03,3.113172e-03,1.739724e-03,2.295207e-03,2.379840e-03,1.681144e-03,9.049944e-04,4.748268e-03,1.720867e-02,5.709076e-03,1.636637e-01,7.574226e-01,1.334609e-02,2.010824e-02,2.966302e-04
4.427196e-03,3.091141e-03,1.810852e-03,1.938662e-03,2.493087e-03,1.341141e-03,6.675475e-04,3.453489e-03,1.887141e-02,5.295548e-03,3.162968e-01,6.118198e-01,9.425378e-03,1.878563e-02,2.822546e-04
3.551371e-03,9.609120e-03,1.273315e-02,2.368457e-03,4.764566e-03,1.432354e-03,5.123490e-04,3.537858e-03,3.018598e-02,8.409005e-03,4.310023e-01,4.690535e-01,6.688225e-03,1.578763e-02,3.640552e-04
2.569209e-03,6.941714e-03,9.768496e-03,2.061418e-03,4.438303e-03,1.173565e-03,3.798899e-04,2.765650e-03,2.981338e-02,6.865059e-03,5.759277e-01,3.405833e-01,4.707790e-03,1.169753e-02,3.069311e-04
1.897615e-03,4.988634e-03,7.216290e-03,1.574039e-03,4.110867e-03,9.566147e-04,2.719614e-04,2.048738e-03,3.730338e-02,4.938114e-03,6.798738e-01,2.410774e-01,3.303754e-03,1.011588e-02,3.228923e-04
1.352898e-03,3.525455e-03,5.103850e-03,1.132050e-03,3.084438e-03,7.066105e-04,1.906042e-04,1.441043e-03,3.795320e-02,3.501536e-03,7.621351e-01,1.691531e-01,2.313797e-03,8.109653e-03,2.965091e-04
9.630325e-04,2.476012e-03,3.599365e-03,8.016777e-04,2.245981e-03,5.052698e-04,1.335390e-04,1.010408e-03,3.466517e-02,2.465158e-03,8.247432e-01,1.185033e-01,1.620175e-03,6.036313e-03,2.314518e-04
8.123964e-04,1.746531e-03,3.166665e-03,7.514407e-04,1.758533e-03,4.925009e-04,9.426832e-05,7.743801e-04,3.557126e-02,1.909528e-03,8.641443e-01,8.301567e-02,1.135596e-03,4.441318e-03,1.855943e-04
1.475533e-03,1.228150e-03,2.552730e-03,1.053538e-03,1.455642e-03,6.974051e-04,6.736871e-05,7.344112e-04,4.179900e-02,1.922683e-03,8.845279e-01,5.817523e-02,8.006810e-04,3.299881e-03,2.098645e-04
2.224454e-03,8.802883e-04,1.926138e-03,1.388303e-03,1.855417e-03,8.098121e-04,5.591808e-05,9.483697e-04,4.825068e-02,1.472952e-03,8.957919e-01,4.076247e-02,5.685456e-04,2.887446e-03,1.773404e-04
3.060585e-03,6.316818e-04,1.414528e-03,1.392217e-03,1.964317e-03,7.001833e-04,4.160956e-05,8.077704e-04,4.477761e-02,1.274548e-03,9.119729e-01,2.858023e-02,4.094905e-04,2.759913e-03,2.123909e-04
4.079751e-03,4.830273e-04,1.046832e-03,1.256254e-03,3.849738e-03,6.231567e-04,3.254812e-05,6.931417e-04,3.929608e-02,1.311332e-03,9.234996e-01,2.006704e-02,3.108906e-04,2.831785e-03,6.188129e-04
4.142894e-03,3.810757e-04,8.236828e-04,1.052233e-03,3.448208e-03,6.133193e-04,2.389784e-05,5.603282e-04,3.122464e-02,1.044087e-03,9.383962e-01,1.406035e-02,2.257556e-04,2.954543e-03,1.048773e-03
1.949249e-02,4.107431e-04,4.744794e-03,7.084751e-03,4.045698e-03,5.472865e-03,8.896196e-05,1.863864e-03,4.810724e-02,9.735055e-04,8.911935e-01,9.977571e-03,2.035248e-04,5.080510e-03,1.259943e-03
2.063025e-02,3.182841e-04,6.053375e-03,6.173806e-03,3.244069e-03,6.398434e-03,7.504558e-05,1.435895e-03,4.347875e-02,7.794932e-04,8.951851e-01,7.039810e-03,1.625433e-04,7.554369e-03,1.470754e-03
3.024781e-02,4.038356e-04,7.617022e-02,1.608821e-02,2.628011e-03,1.264475e-02,1.315474e-04,2.602380e-03,4.063749e-02,8.206051e-04,7.888185e-01,5.157730e-03,1.893994e-04,1.843143e-02,5.028085e-03
3.455788e-02,4.843616e-04,1.547218e-01,1.707811e-02,2.337236e-03,2.689619e-02,1.428883e-04,2.047763e-03,4.912439e-02,1.147528e-03,6.638397e-01,3.803887e-03,1.924520e-04,3.227777e-02,1.134805e-02
