1.000000e+00,0.000000e+00,0.000000e+00,0.000000e+00,0.000000e+00,0.000000e+00,0.000000e+00,0.000000e+00,0.000000e+00,0.000000e+00,0.000000e+00,0.000000e+00,0.000000e+00,0.000000e+00,0.000000e+00
1.000000e+00,0.000000e+00,0.000000e+00,0.000000e+00,0.000000e+00,0.000000e+00,0.000000e+00,0.000000e+00,0.000000e+00,0.000000e+00,0.000000e+00,0.000000e+00,0.000000e+00,0.000000e+00,0.000000e+00
1.000000e+00,0.000000e+00,0.000000e+00,0.000000e+00,0.000000e+00,0.000000e+00,0.000000e+00,0.000000e+00,0.000000e+00,0.000000e+00,0.000000e+00,0.000000e+00,0.000000e+00,0.000000e+00,0.000000e+00
1.000000e+00,0.000000e+00,0.000000e+00,0.000000e+00,0.000000e+00,0.000000e+00,0.000000e+00,0.000000e+00,0.000000e+00,0.000000e+00,0.000000e+00,0.000000e+00,0.000000e+00,0.000000e+00,0.000000e+00
1.000000e+00,0.000000e+00,0.000000e+00,0.000000e+00,0.000000e+00,0.000000e+00,0.000000e+00,0.000000e+00,0.000000e+00,0.000000e+00,0.000000e+00,0.000000e+00,0.000000e+00,0.000000e+00,0.000000e+00
1.000000e+00,0.000000e+00,0.000000e+00,0.000000e+00,0.000000e+00,0.000000e+00,0.000000e+00,0.000000e+00,0.000000e+00,0.000000e+00,0.000000e+00,0.000000e+00,0.000000e+00,0.000000e+00,0.000000e+00
1.000000e+00,0.000000e+00,0.000000e+00,0.000000e+00,0.000000e+00,0.000000e+00,0.000000e+00,0.000000e+00,0.000000e+00,0.000000e+00,0.000000e+00,0.000000e+00,0.000000e+00,0.000000e+00,0.000000e+00
1.000000e+00,0.000000e+00,0.000000e+00,0.000000e+00,0.000000e+00,0.000000e+00,0.000000e+00,0.000000e+00,0.000000e+00,0.000000e+00,0.000000e+00,0.000000e+00,0.000000e+00,0.000000e+00,0.000000e+00
1.000000e+00,0.000000e+00,0.000000e+00,0.000000e+00,0.000000e+00,0.000000e+00,0.000000e+00,0.000000e+00,0.000000e+00,0.000000e+00,0.000000e+00,0.000000e+00,0.000000e+00,0.000000e+00,0.000000e+00
1.000000e+00,0.000000e+00,0.000000e+00,0.000000e+00,0.000000e+00,0.000000e+00,0.000000e+00,0.000000e+00,0.000000e+00,0.000000e+00,0.000000e+00,0.000000e+00,0.000000e+00,0.000000e+00,0.000000e+00
1.000000e+00,0.000000e+00,0.000000e+00,0.000000e+00,0.000000e+00,0.000000e+00,0.000000e+00,0.000000e+00,0.000000e+00,0.000000e+00,0.000000e+00,0.000000e+00,0.000000e+00,0.000000e+00,0.000000e+00
1.000000e+00,0.000000e+00,0.000000e+00,0.000000e+00,0.000000e+00,0.000000e+00,0.000000e+00,0.000000e+00,0.000000e+00,0.000000e+00,0.000000e+00,0.000000e+00,0.000000e+00,0.000000e+00,0.000000e+00
1.000000e+00,0.000000e+00,0.000000e+00,0.000000e+00,0.000000e+00,0.000000e+00,0.000000e+00,0.000000e+00,0.000000e+00,0.000000e+00,0.000000e+00,0.000000e+00,0.000000e+00,0.000000e+00,0.000000e+00
1.000000e+00,0.000000e+00,0.000000e+00,0.000000e+00,0.000000e+00,0.000000e+00,0.000000e+00,0.000000e+00,0.000000e+00,0.000000e+00,0.000000e+00,0.000000e+00,0.000000e+00,0.000000e+00,0.000000e+00
1.000000e+00,0.000000e+00,0.000000e+00,0.000000e+00,0.000000e+00,0.000000e+00,0.000000e+00,0.000000e+00,0.000000e+00,0.000000e+00,0.000000e+00,0.000000e+00,0.000000e+00,0.000000e+00,0.000000e+00
1.000000e+00,0.000000e+00,0.000000e+00,0.000000e+00,0.000000e+00,0.000000e+00,0.000000e+00,0.000000e+00,0.000000e+00,0.000000e+00,0.000000e+00,0.000000e+00,0.000000e+00,0.000000e+00,0.000000e+00
1.000000e+00,0.000000e+00,0.000000e+00,0.000000e+00,0.000000e+00,0.000000e+00,0.000000e+00,0.000000e+00,0.000000e+00,0.000000e+00,0.000000e+00,0.000000e+00,0.000000e+00,0.000000e+00,0.000000e+00
1.000000e+00,0.000000e+00,0.000000e+00,0.000000e+00,0.000000e+00,0.000000e+00,0.000000e+00,0.000000e+00,0.000000e+00,0.000000e+00,0.000000e+00,0.000000e+00,0.000000e+00,0.000000e+00,0.000000e+00
1.000000e+00,0.000000e+00,0.000000e+00,0.000000e+00,0.000000e+00,0.000000e+00,0.000000e+00,0.000000e+00,0.000000e+00,0.000000e+00,0.000000e+00,0.000000e+00,0.000000e+00,0.000000e+00,0.000000e+00
1.000000e+00,0.000000e+00,0.000000e+00,0.000000e+00,0.000000e+00,0.000000e+00,0.000000e+00,0.000000e+00,0.000000e+00,0.000000e+00,0.000000e+00,0.000000e+00,0.000000e+00,0.000000e+00,0.000000e+00
1.000000e+00,0.000000e+00,0.000000e+00,0.000000e+00,0.000000e+00,0.000000e+00,0.000000e+00,0.000000e+00,0.000000e+00,0.000000e+00,0.000000e+00,0.000000e+00,0.000000e+00,0.000000e+00,0.000000e+00
1.000000e+00,0.000000e+00,0.000000e+00,0.000000e+00,0.000000e+00,0.000000e+00,0.000000e+00,0.000000e+00,0.000000e+00,0.000000e+00,0.000000e+00,0.000000e+00,0.000000e+00,0.000000e+00,0.000000e+00
1.000000e+00,0.000000e+00,0.000000e+00,0.000000e+00,0.000000e+00,0.000000e+00,0.000000e+00,0.000000e+00,0.000000e+00,0.000000e+00,0.000000e+00,0.000000e+00,0.000000e+00,0.000000e+00,0.000000e+00
1.000000e+00,0.000000e+00,0.000000e+00,0.000000e+00,0.000000e+00,0.000000e+00,0.000000e+00,0.000000e+00,0.000000e+00,0.000000e+00,0.000000e+00,0.000000e+00,0.000000e+00,0.000000e+00,0.000000e+00
1.000000e+00,0.000000e+00,0.000000e+00,0.000000e+00,0.000000e+00,0.000000e+00,0.000000e+00,0.000000e+00,0.000000e+00,0.000000e+00,0.000000e+00,0.000000e+00,0.000000e+00,0.000000e+00,0.000000e+00
1.000000e+00,0.000000e+00,0.000000e+00,0.000000e+00,0.000000e+00,0.000000e+00,0.000000e+00,0.000000e+00,0.000000e+00,0.000000e+00,0.000000e+00,0.000000e+00,0.000000e+00,0.000000e+00,0.000000e+00
1.000000e+00,0.000000e+00,0.000000e+00,0.000000e+00,0.000000e+00,0.000000e+00,0.000000e+00,0.000000e+00,0.000000e+00,0.000000e+00,0.000000e+00,0.000000e+00,0.000000e+00,0.000000e+00,0.000000e+00
1.000000e+00,0.000000e+00,0.000000e+00,0.000000e+00,0.000000e+00,0.000000e+00,0.000000e+00,0.000000e+00,0.000000e+00,0.000000e+00,0.000000e+00,0.000000e+00,0.000000e+00,0.000000e+00,0.000000e+00
1.000000e+00,0.000000e+00,0.000000e+00,0.000000e+00,0.000000e+00,0.000000e+00,0.000000e+00,0.000000e+00,0.000000e+00,0.000000e+00,0.000000e+00,0.000000e+00,0.000000e+00,0.000000e+00,0.000000e+00
1.000000e+00,0.000000e+00,0.000000e+00,0.000000e+00,0.000000e+00,0.000000e+00,0.000000e+00,0.000000e+00,0.000000e+00,0.000000e+00,0.000000e+00,0.000000e+00,0.000000e+00,0.000000e+00,0.000000e+00
1.000000e+00,0.000000e+00,0.000000e+00,0.000000e+00,0.000000e+00,0.000000e+00,0.000000e+00,0.000000e+00,0.000000e+00,0.000000e+00,0.000000e+00,0.000000e+00,0.000000e+00,0.000000e+00,0.000000e+00
1.000000e+00,0.000000e+00,0.000000e+00,0.000000e+00,0.000000e+00,0.000000e+00,0.000000e+00,0.000000e+00,0.000000e+00,0.000000e+00,0.000000e+00,0.000000e+00,0.000000e+00,0.000000e+00,0.000000e+00
1.000000e+00,0.000000e+00,0.000000e+00,0.000000e+00,0.000000e+00,0.000000e+00,0.000000e+00,0.000000e+00,0.000000e+00,0.000000e+00,0.000000e+00,0.000000e+00,0.000000e+00,0.000000e+00,0.000000e+00
1.000000e+00,0.000000e+00,0.000000e+00,0.000000e+00,0.000000e+00,0.000000e+00,0.000000e+00,0.000000e+00,0.000000e+00,0.000000e+00,0.000000e+00,0.000000e+00,0.000000e+00,0.000000e+00,0.000000e+00
1.000000e+00,0.000000e+00,0.000000e+00,0.000000e+00,0.000000e+00,0.000000e+00,0.000000e+00,0.000000e+00,0.000000e+00,0.000000e+00,0.000000e+00,0.000000e+00,0.000000e+00,0.000000e+00,0.000000e+00
1.000000e+00,0.000000e+00,0.000000e+00,0.000000e+00,0.000000e+00,0.000000e+00,0.000000e+00,0.000000e+00,0.000000e+00,0.000000e+00,0.000000e+00,0.000000e+00,0.000000e+00,0.000000e+00,0.000000e+00
1.000000e+00,0.000000e+00,0.000000e+00,0.000000e+00,0.000000e+00,0.000000e+00,0.000000e+00,0.000000e+00,0.000000e+00,0.000000e+00,0.000000e+00,0.000000e+00,0.000000e+00,0.000000e+00,0.000000e+00
1.000000e+00,0.000000e+00,0.000000e+00,0.000000e+00,0.000000e+00,0.000000e+00,0.000000e+00,0.000000e+00,0.000000e+00,0.000000e+00,0.000000e+00,0.000000e+00,0.000000e+00,0.000000e+00,0.000000e+00
1.000000e+00,0.000000e+00,0.000000e+00,0.000000e+00,0.000000e+00,0.000000e+00,0.000000e+00,0.000000e+00,0.000000e+00,0.000000e+00,0.000000e+00,0.000000e+00,0.000000e+00,0.000000e+00,0.000000e+00
1.000000e+00,0.000000e+00,0.000000e+00,0.000000e+00,0.000000e+00,0.000000e+00,0.000000e+00,0.000000e+00,0.000000e+00,0.000000e+00,0.000000e+00,0.000000e+00,0.000000e+00,0.000000e+00,0.000000e+00
1.000000e+00,0.000000e+00,0.000000e+00,0.000000e+00,0.000000e+00,0.000000e+00,0.000000e+00,0.000000e+00,0.000000e+00,0.000000e+00,0.000000e+00,0.000000e+00,0.000000e+00,0.000000e+00,0.000000e+00
1.000000e+00,0.000000e+00,0.000000e+00,0.000000e+00,0.000000e+00,0.000000e+00,0.000000e+00,0.000000e+00,0.000000e+00,0.000000e+00,0.000000e+00,0.000000e+00,0.000000e+00,0.000000e+00,0.000000e+00
1.000000e+00,0.000000e+00,0.000000e+00,0.000000e+00,0.000000e+00,0.000000e+00,0.000000e+00,0.000000e+00,0.000000e+00,0.000000e+00,0.000000e+00,0.000000e+00,0.000000e+00,0.000000e+00,0.000000e+00
1.000000e+00,0.000000e+00,0.000000e+00,0.000000e+00,0.000000e+00,0.000000e+00,0.000000e+00,0.000000e+00,0.000000e+00,0.000000e+00,0.000000e+00,0.000000e+00,0.000000e+00,0.000000e+00,0.000000e+00
1.000000e+00,0.000000e+00,0.000000e+00,0.000000e+00,0.000000e+00,0.000000e+00,0.000000e+00,0.000000e+00,0.000000e+00,0.000000e+00,0.000000e+00,0.000000e+00,0.000000e+00,0.000000e+00,0.000000e+00
1.000000e+00,0.000000e+00,0.000000e+00,0.000000e+00,0.000000e+00,0.000000e+00,0.000000e+00,0.000000e+00,0.000000e+00,0.000000e+00,0.000000e+00,0.000000e+00,0.000000e+00,0.000000e+00,0.000000e+00
1.000000e+00,0.000000e+00,0.000000e+00,0.000000e+00,0.000000e+00,0.000000e+00,0.000000e+00,0.000000e+00,0.000000e+00,0.000000e+00,0.000000e+00,0.000000e+00,0.000000e+00,0.000000e+00,0.000000e+00
1.000000e+00,0.000000e+00,0.000000e+00,0.000000e+00,0.000000e+00,0.000000e+00,0.000000e+00,0.000000e+00,0.000000e+00,0.000000e+00,0.000000e+00,0.000000e+00,0.000000e+00,0.000000e+00,0.000000e+00
1.000000e+00,0.000000e+00,0.000000e+00,0.000000e+00,0.000000e+00,0.000000e+00,0.000000e+00,0.000000e+00,0.000000e+00,0.000000e+00,0.000000e+00,0.000000e+00,0.000000e+00,0.000000e+00,0.000000e+00
1.000000e+00,0.000000e+00,0.000000e+00,0.000000e+00,0.000000e+00,0.000000e+00,0.000000e+00,0.000000e+00,0.000000e+00,0.000000e+00,0.000000e+00,0.000000e+00,0.000000e+00,0.000000e+00,0.000000e+00
1.000000e+00,0.000000e+00,0.000000e+00,0.000000e+00,0.000000e+00,0.000000e+00,0.000000e+00,0.000000e+00,0.000000e+00,0.000000e+00,0.000000e+00,0.000000e+00,0.000000e+00,0.000000e+00,0.000000e+00
1.000000e+00,0.000000e+00,0.000000e+00,0.000000e+00,0.000000e+00,0.000000e+00,0.000000e+00,0.000000e+00,0.000000e+00,0.000000e+00,0.000000e+00,0.000000e+00,0.000000e+00,0.000000e+00,0.000000e+00
1.000000e+00,0.000000e+00,0.000000e+00,0.000000e+00,0.000000e+00,0.000000e+00,0.000000e+00,0.000000e+00,0.000000e+00,0.000000e+00,0.000000e+00,0.000000e+00,0.000000e+00,0.000000e+00,0.000000e+00
1.000000e+00,0.000000e+00,0.000000e+00,0.000000e+00,0.000000e+00,0.000000e+00,0.000000e+00,0.000000e+00,0.000000e+00,0.000000e+00,0.000000e+00,0.000000e+00,0.000000e+00,0.000000e+00,0.000000e+00
1.000000e+00,0.000000e+00,0.000000e+00,0.000000e+00,0.000000e+00,0.000000e+00,0.000000e+00,0.000000e+00,0.000000e+00,0.000000e+00,0.000000e+00,0.000000e+00,0.000000e+00,0.000000e+00,0.000000e+00
1.000000e+00,0.000000e+00,0.000000e+00,0.000000e+00,0.000000e+00,0.000000e+00,0.000000e+00,0.000000e+00,0.000000e+00,0.000000e+00,0.000000e+00,0.000000e+00,0.000000e+00,0.000000e+00,0.000000e+00
1.000000e+00,0.000000e+00,0.000000e+00,0.000000e+00,0.000000e+00,0.000000e+00,0.000000e+00,0.000000e+00,0.000000e+00,0.000000e+00,0.000000e+00,0.000000e+00,0.000000e+00,0.000000e+00,0.000000e+00
1.000000e+00,0.000000e+00,0.000000e+00,0.000000e+00,0.000000e+00,0.000000e+00,0.000000e+00,0.000000e+00,0.000000e+00,0.000000e+00,0.000000e+00,0.000000e+00,0.000000e+00,0.000000e+00,0.000000e+00
1.000000e+00,0.000000e+00,0.000000e+00,0.000000e+00,0.000000e+00,0.000000e+00,0.000000e+00,0.000000e+00,0.000000e+00,0.000000e+00,0.000000e+00,0.000000e+00,0.000000e+00,0.000000e+00,0.000000e+00
1.000000e+00,0.000000e+00,0.000000e+00,0.000000e+00,0.000000e+00,0.000000e+00,0.000000e+00,0.000000e+00,0.000000e+00,0.000000e+00,0.000000e+00,0.000000e+00,0.000000e+00,0.000000e+00,0.000000e+00
1.000000e+00,0.000000e+00,0.000000e+00,0.000000e+00,0.000000e+00,0.000000e+00,0.000000e+00,0.000000e+00,0.000000e+00,0.000000e+00,0.000000e+00,0.000000e+00,0.000000e+00,0.000000e+00,0.000000e+00
1.000000e+00,0.000000e+00,0.000000e+00,0.000000e+00,0.000000e+00,0.000000e+00,0.000000e+00,0.000000e+00,0.000000e+00,0.000000e+00,0.000000e+00,0.000000e+00,0.000000e+00,0.000000e+00,0.000000e+00
4.447625e-01,5.995870e-02,1.141337e-02,3.474384e-01,8.206610e-03,1.133190e-02,2.849269e-03,6.559392e-03,7.218769e-03,6.958088e-03,3.549911e-02,1.368247e-02,1.471430e-02,3.122249e-03,2.628483e-02
3.128437e-01,4.689049e-02,9.371844e-03,4.438792e-01,7.336573e-03,8.301513e-03,2.154384e-03,4.682895e-03,9.536054e-03,7.117756e-03,7.789789e-02,3.276133e-02,1.251453e-02,2.587288e-03,2.212445e-02
2.197800e-01,3.400332e-02,7.002464e-03,4.159353e-01,8.415650e-03,8.022685e-03,1.591675e-03,3.399777e-03,8.214735e-03,5.707516e-03,8.008088e-02,1.790468e-01,9.246766e-03,1.967551e-03,1.758475e-02
1.540554e-01,2.397668e-02,4.986375e-03,3.074088e-01,1.046826e-02,8.367451e-03,1.173287e-03,2.506444e-03,7.181779e-03,4.166298e-03,7.474803e-02,3.802187e-01,6.653427e-03,1.542764e-03,1.254635e-02
1.081720e-01,1.685454e-02,3.542576e-03,2.215601e-01,1.313675e-02,7.894357e-03,8.641484e-04,1.873333e-03,5.895538e-03,2.973253e-03,6.136707e-02,5.409354e-01,4.770730e-03,1.278468e-03,8.881626e-03
7.583737e-02,1.190012e-02,2.543609e-03,1.570816e-01,3.644396e-02,7.752362e-03,6.166427e-04,1.344937e-03,4.405117e-03,2.143994e-03,7.295133e-02,6.160233e-01,3.441738e-03,1.182210e-03,6.331654e-03
5.321307e-02,8.387025e-03,1.824702e-03,1.106834e-01,6.017148e-02,8.087296e-03,4.438318e-04,1.013200e-03,3.416968e-03,1.569300e-03,1.350588e-01,6.077762e-01,2.514391e-03,1.290135e-03,4.550105e-03
3.735658e-02,5.944757e-03,1.285978e-03,7.804787e-02,7.760292e-02,6.961128e-03,3.150095e-04,7.414802e-04,2.662426e-03,1.165354e-03,1.373971e-01,6.436421e-01,1.896472e-03,1.463121e-03,3.517670e-03
2.694100e-02,4.557053e-03,9.813055e-04,5.558897e-02,8.357709e-02,8.604230e-03,2.578029e-04,7.242610e-04,2.557648e-03,1.174918e-03,2.454966e-01,5.530603e-01,1.787585e-03,8.175833e-03,6.515387e-03
1.984729e-02,3.667993e-03,7.545911e-04,3.935037e-02,7.060852e-02,9.964961e-03,1.977175e-04,6.219252e-04,2.274518e-03,1.395542e-03,3.143096e-01,5.151702e-01,1.566324e-03,1.275580e-02,7.514757e-03
1.495168e-02,3.130256e-03,7.903962e-04,2.809040e-02,5.474465e-02,9.127145e-03,1.928877e-04,5.857133e-04,2.454924e-03,2.585729e-03,3.365026e-01,5.136991e-01,1.548371e-03,2.185213e-02,9.744109e-03
1.103248e-02,2.524273e-03,7.962339e-04,1.991729e-02,4.146522e-02,8.142103e-03,1.894402e-04,4.998938e-04,2.358454e-03,3.818958e-03,3.526254e-01,5.214694e-01,1.398914e-03,2.466109e-02,9.100890e-03
7.941255e-03,1.955209e-03,7.863675e-04,1.401518e-02,2.976288e-02,6.597909e-03,1.929933e-04,4.258417e-04,2.118418e-03,5.016319e-03,3.463256e-01,5.549885e-01,1.092522e-03,2.139197e-02,7.389001e-03
5.751032e-03,1.596152e-03,7.562882e-04,9.871606e-03,2.194204e-02,5.928808e-03,2.700896e-04,4.073948e-04,2.050430e-03,5.307450e-03,4.060079e-01,5.144678e-01,9.523032e-04,1.829373e-02,6.396972e-03
4.192058e-03,1.250416e-03,6.616029e-04,6.956483e-03,1.626918e-02,5.103193e-03,2.359482e-04,3.641543e-04,1.878779e-03,4.572596e-03,4.340555e-01,5.020270e-01,9.983322e-04,1.652918e-02,4.905595e-03
3.372682e-03,1.694303e-03,9.449322e-04,4.968502e-03,2.978840e-02,5.216349e-03,2.816439e-04,6.706677e-04,4.431655e-03,5.241127e-03,3.784600e-01,5.392331e-01,1.020052e-03,1.928153e-02,5.395085e-03
3.807924e-03,1.864339e-03,1.056061e-03,3.613241e-03,5.296763e-02,6.704109e-03,2.590959e-04,9.158045e-04,4.955019e-03,4.727183e-03,3.700162e-01,5.208176e-01,1.871256e-03,2.145022e-02,4.974240e-03
3.957666e-03,6.881088e-03,2.706842e-03,2.738171e-03,6.726910e-02,1.096193e-02,3.705021e-04,2.104084e-03,8.435911e-03,5.316936e-03,3.501059e-01,5.092239e-01,1.672568e-03,2.401057e-02,4.244812e-03
4.833362e-03,9.656700e-03,5.633915e-03,2.701660e-03,6.188786e-02,1.338592e-02,7.712168e-04,1.151685e-02,1.273151e-02,5.286597e-03,3.722124e-01,4.702224e-01,1.409301e-03,2.445219e-02,3.298158e-03
6.707073e-03,1.374076e-02,1.060251e-02,2.628695e-03,5.294621e-02,1.494621e-02,7.621148e-04,1.602842e-02,1.901345e-02,6.541301e-03,4.053845e-01,4.157173e-01,1.304551e-03,3.057462e-02,3.102227e-03
7.981186e-03,1.143758e-02,5.398991e-02,6.459339e-03,4.375988e-02,1.301178e-02,2.299107e-03,2.026003e-01,1.754769e-02,5.385315e-03,2.993141e-01,3.106678e-01,9.919760e-04,2.231506e-02,2.238967e-03
1.119207e-02,1.244456e-02,8.626501e-02,1.187685e-02,4.081660e-02,1.460337e-02,2.823074e-03,2.377044e-01,2.947950e-02,4.908641e-03,2.445593e-01,2.832796e-01,8.389324e-04,1.738117e-02,1.826901e-03
1.434900e-02,2.831618e-02,9.885284e-02,1.369723e-02,4.551728e-02,1.827319e-02,3.495276e-03,1.969622e-01,7.428053e-02,1.022014e-02,2.303802e-01,2.465607e-01,9.576628e-04,1.617715e-02,1.960317e-03
1.407832e-02,2.540355e-02,1.643024e-01,3.343236e-02,5.030023e-02,1.742039e-02,2.917067e-03,1.962212e-01,8.167841e-02,1.155330e-02,1.940295e-01,1.936542e-01,8.602003e-04,1.252832e-02,1.620556e-03
1.624071e-02,2.667130e-02,2.141744e-01,5.504645e-02,5.286487e-02,1.825785e-02,2.573436e-03,1.677547e-01,8.379996e-02,1.387061e-02,1.741227e-01,1.594520e-01,9.713899e-04,1.190102e-02,2.298548e-03
2.467326e-02,3.346083e-02,2.124270e-01,8.581124e-02,5.620106e-02,2.022850e-02,2.079138e-03,1.503786e-01,1.076087e-01,1.732478e-02,1.478762e-01,1.239888e-01,9.848551e-04,1.410268e-02,2.854418e-03
2.745433e-02,3.033985e-02,2.378896e-01,1.175328e-01,6.115146e-02,1.970466e-02,1.654845e-03,1.458512e-01,1.074438e-01,2.057202e-02,1.189957e-01,9.448193e-02,8.490753e-04,1.226742e-02,3.811351e-03
5.756563e-02,4.185573e-02,2.203549e-01,1.546619e-01,6.215720e-02,1.856938e-02,1.272183e-03,1.133760e-01,1.221985e-01,2.339243e-02,9.488618e-02,6.958061e-02,9.474173e-04,1.176714e-02,7.414842e-03
6.478835e-02,3.709367e-02,1.992388e-01,1.926749e-01,7.184224e-02,1.667469e-02,1.085976e-03,1.160251e-01,1.306408e-01,2.541389e-02,7.665698e-02,5.093448e-02,8.110901e-04,9.538355e-03,6.580673e-03
9.820317e-02,3.610343e-02,1.667209e-01,1.833436e-01,6.518652e-02,1.643413e-02,1.002418e-03,1.191516e-01,1.295587e-01,4.575643e-02,7.327928e-02,4.203319e-02,1.027256e-03,1.183507e-02,1.036438e-02
9.269576e-02,2.780750e-02,1.830863e-01,2.684932e-01,5.873134e-02,1.265418e-02,9.021737e-04,1.163130e-01,1.018802e-01,3.319268e-02,5.375309e-02,3.112219e-02,9.960840e-04,9.558639e-03,8.813674e-03
8.437245e-02,2.099134e-02,1.570452e-01,3.134103e-01,5.681849e-02,9.938580e-03,9.005412e-04,1.709863e-01,8.475688e-02,2.394751e-02,3.946312e-02,2.257775e-02,8.766008e-04,7.296974e-03,6.618027e-03
9.698553e-02,2.738091e-02,1.233859e-01,2.749079e-01,8.154032e-02,1.036441e-02,9.971865e-04,1.870467e-01,1.157579e-01,1.989954e-02,3.097107e-02,1.722493e-02,8.332435e-04,7.174601e-03,5.529888e-03
1.046149e-01,2.846755e-02,1.007726e-01,2.634013e-01,9.705400e-02,1.340531e-02,9.439697e-04,2.093247e-01,1.184241e-01,1.506898e-02,2.371077e-02,1.254460e-02,8.381626e-04,7.297265e-03,4.131655e-03
1.235122e-01,2.668001e-02,8.034323e-02,2.323647e-01,1.002706e-01,2.024679e-02,1.050790e-03,2.155862e-01,1.447351e-01,1.289846e-02,2.062398e-02,9.671456e-03,9.150000e-04,7.923053e-03,3.178383e-03
1.213999e-01,2.089389e-02,6.457982e-02,2.115930e-01,9.772910e-02,1.620848e-02,1.099552e-03,3.117808e-01,1.123908e-01,9.489441e-03,1.555942e-02,7.266697e-03,1.053311e-03,6.612234e-03,2.343551e-03
1.315425e-01,1.803837e-02,4.953528e-02,1.705689e-01,8.428051e-02,1.394616e-02,1.045036e-03,4.052284e-01,8.749904e-02,7.447277e-03,1.238947e-02,5.510158e-03,1.070629e-03,1.000377e-02,1.894536e-03
2.720605e-01,1.758364e-02,3.760868e-02,1.308205e-01,6.545063e-02,1.247083e-02,1.163120e-03,3.397443e-01,7.766526e-02,7.680632e-03,1.275289e-02,5.934141e-03,1.917511e-03,1.403711e-02,3.110263e-03
3.543419e-01,1.359628e-02,2.903406e-02,1.029460e-01,4.865087e-02,9.628900e-03,1.283970e-03,3.397271e-01,6.065812e-02,6.776131e-03,1.040376e-02,5.732461e-03,1.997765e-03,1.150971e-02,3.712972e-03
4.467795e-01,1.737167e-02,2.574360e-02,1.015481e-01,3.981610e-02,8.516844e-03,1.559752e-03,2.545099e-01,4.831591e-02,8.177030e-03,1.299182e-02,1.410594e-02,4.449053e-03,9.481239e-03,6.633544e-03
4.952154e-01,2.271472e-02,2.554950e-02,8.463153e-02,3.577672e-02,1.673598e-02,2.088878e-03,1.833459e-01,3.742566e-02,7.946065e-03,4.291504e-02,1.922203e-02,6.185761e-03,1.137644e-02,8.870586e-03
4.938481e-01,3.908754e-02,3.033706e-02,7.113235e-02,2.804928e-02,1.674624e-02,2.276578e-03,1.308494e-01,3.174052e-02,7.426845e-03,9.160927e-02,2.574335e-02,5.320187e-03,1.320877e-02,1.262459e-02
3.787827e-01,3.391706e-02,2.219267e-02,5.213825e-02,1.981430e-02,1.281544e-02,1.648459e-03,9.200393e-02,2.372238e-02,5.828192e-03,3.060458e-01,2.596163e-02,4.297028e-03,1.125359e-02,9.578621e-03
3.427875e-01,2.513993e-02,1.702137e-02,4.113537e-02,1.430741e-02,1.103776e-02,1.349352e-03,6.506054e-02,1.873340e-02,4.329053e-03,3.437331e-01,8.819625e-02,3.299698e-03,1.639684e-02,7.472380e-03
2.533761e-01,1.862723e-02,1.252379e-02,3.175624e-02,1.076943e-02,1.002223e-02,9.845770e-04,4.594738e-02,1.426396e-02,3.250916e-03,4.376818e-01,1.352814e-01,2.567491e-03,1.730818e-02,5.639247e-03
1.813815e-01,1.325614e-02,8.974053e-03,2.297692e-02,8.012564e-03,7.776029e-03,7.041981e-04,3.224050e-02,1.043782e-02,2.407366e-03,4.515561e-01,2.367256e-01,1.907290e-03,1.761485e-02,4.029171e-03
1.284280e-01,9.476625e-03,6.555628e-03,1.632913e-02,6.573364e-03,5.735211e-03,5.144061e-04,2.271448e-02,7.991939e-03,1.760253e-03,4.689529e-01,3.045520e-01,1.432460e-03,1.612979e-02,2.853840e-03
9.214810e-02,7.225854e-03,5.108722e-03,1.216703e-02,1.018470e-02,6.742266e-03,4.413577e-04,1.650483e-02,6.842193e-03,1.361021e-03,4.017199e-01,4.203597e-01,1.114810e-03,1.604192e-02,2.037640e-03
7.375620e-02,5.641926e-03,4.153946e-03,9.468797e-03,1.194068e-02,1.460228e-02,1.100034e-03,1.349370e-02,5.619076e-03,1.066892e-03,3.726736e-01,4.661787e-01,9.508054e-04,1.782105e-02,1.532276e-03
5.975084e-02,4.693153e-03,3.348443e-03,7.532372e-03,1.097920e-02,1.282220e-02,1.503766e-03,1.091886e-02,4.618289e-03,8.536915e-04,3.791170e-01,4.869882e-01,9.001063e-04,1.477975e-02,1.194133e-03
5.342031e-02,4.381969e-03,2.823026e-03,6.594874e-03,1.486556e-02,1.120061e-02,1.691962e-03,1.331863e-02,5.777380e-03,6.753991e-04,3.483022e-01,5.220143e-01,8.331506e-04,1.309662e-02,1.003924e-03
4.032407e-02,3.468446e-03,2.169800e-03,5.128410e-03,1.718212e-02,9.679014e-03,1.712001e-03,1.373517e-02,1.195111e-02,5.910388e-04,3.413839e-01,5.399349e-01,7.571327e-04,1.121440e-02,7.684986e-04
3.106331e-02,2.773478e-03,1.881599e-03,4.122288e-03,1.645768e-02,7.706836e-03,1.888777e-03,1.671863e-02,1.476244e-02,5.702403e-04,4.447308e-01,4.463817e-01,7.796375e-04,9.537804e-03,6.247760e-04
2.383900e-02,3.094616e-03,1.771967e-03,3.048673e-03,1.376454e-02,6.207921e-03,1.814598e-03,1.391795e-02,2.028691e-02,7.828907e-04,5.480742e-01,3.539397e-01,9.275086e-04,7.984711e-03,5.447527e-04
1.816833e-02,5.134128e-03,2.626644e-03,2.301246e-03,1.210039e-02,7.518762e-03,1.576323e-03,1.122891e-02,3.738791e-02,1.016527e-03,6.197841e-01,2.727876e-01,1.380721e-03,6.387407e-03,6.011018e-04
1.469627e-02,7.003201e-03,6.400351e-03,3.307321e-03,1.703408e-02,1.130826e-02,1.617507e-03,1.664878e-02,1.245375e-01,1.884038e-03,5.851910e-01,2.029610e-01,1.642383e-03,5.153119e-03,6.152905e-04
1.251251e-02,1.016767e-02,1.045034e-02,5.176060e-03,1.937022e-02,1.906117e-02,1.296099e-03,1.944427e-02,1.962277e-01,2.630401e-03,5.403617e-01,1.555012e-01,1.954528e-03,4.977794e-03,8.683380e-04
1.438762e-02,1.326626e-02,1.979454e-02,7.894148e-03,3.116707e-02,2.013860e-02,1.129210e-03,5.582750e-02,2.612354e-01,2.680243e-03,4.530210e-01,1.121388e-01,1.846601e-03,4.433014e-03,1.040057e-03
1.448740e-02,2.312892e-02,1.755774e-02,1.186188e-02,3.684813e-02,2.330410e-02,9.289298e-04,8.005535e-02,3.556513e-01,3.040137e-03,3.453738e-01,8.077737e-02,1.912385e-03,3.486414e-03,1.586116e-03
1.668753e-02,3.276798e-02,1.697167e-02,1.073165e-02,4.018246e-02,2.795351e-02,8.556307e-04,1.131448e-01,3.861502e-01,2.885681e-03,2.856655e-01,5.892058e-02,1.666553e-03,3.433602e-03,1.982725e-03
1.846226e-02,3.427957e-02,1.325803e-02,9.392365e-03,6.250007e-02,2.907316e-02,7.320326e-04,1.717899e-01,3.995783e-01,2.194224e-03,2.099951e-01,4.239411e-02,1.412987e-03,3.003236e-03,1.934634e-03
2.419459e-02,3.787317e-02,1.146650e-02,8.151500e-03,8.415198e-02,3.435338e-02,7.457217e-04,1.948959e-01,4.106635e-01,1.775842e-03,1.538688e-01,3.102826e-02,1.230442e-03,2.830209e-03,2.770339e-03
2.448760e-02,3.079171e-02,1.304617e-02,1.679279e-02,8.495424e-02,2.483098e-02,6.153807e-04,3.287692e-01,3.371441e-01,1.354648e-03,1.086990e-01,2.281777e-02,1.041172e-03,2.148836e-03,2.506489e-03
2.369367e-02,2.365472e-02,1.029491e-02,1.537669e-02,1.230476e-01,2.128936e-02,7.567864e-04,3.048103e-01,3.780259e-01,1.035124e-03,7.702314e-02,1.637174e-02,8.065730e-04,1.567684e-03,2.245800e-03
2.496067e-02,1.737967e-02,8.970397e-03,1.962122e-02,1.560359e-01,1.687228e-02,9.026660e-04,3.486394e-01,3.361938e-01,7.610088e-04,5.459657e-02,1.162670e-02,6.093934e-04,1.121660e-03,1.708718e-03
3.573127e-02,1.622936e-02,7.440262e-03,2.827709e-02,1.576638e-01,2.025931e-02,1.065157e-03,3.045158e-01,3.754427e-01,6.721350e-04,4.039272e-02,9.082964e-03,5.743508e-04,9.404747e-04,1.712609e-03
4.240946e-02,1.546978e-02,8.345327e-03,4.739249e-02,1.375172e-01,1.806313e-02,1.111268e-03,3.230048e-01,3.652368e-01,7.126475e-04,3.033270e-02,7.378678e-03,5.941527e-04,8.626512e-04,1.568889e-03
5.891517e-02,1.622415e-02,6.910802e-03,5.186676e-02,1.225108e-01,2.321777e-02,1.172575e-03,2.682990e-01,4.183049e-01,7.663108e-04,2.284066e-02,6.150124e-03,6.180802e-04,9.246194e-04,1.278173e-03
6.111988e-02,1.212135e-02,5.400026e-03,4.360078e-02,9.487012e-02,1.762161e-02,1.075164e-03,4.355846e-01,3.047323e-01,5.595274e-04,1.642795e-02,4.665363e-03,5.378800e-04,7.164143e-04,9.669933e-04
5.507294e-02,8.678760e-03,3.962479e-03,3.308966e-02,7.013913e-02,1.265429e-02,1.042327e-03,5.816200e-01,2.165704e-01,3.986532e-04,1.167122e-02,3.439400e-03,4.473358e-04,5.164279e-04,6.970627e-04
4.158191e-02,6.121039e-03,2.938383e-03,2.360260e-02,4.968700e-02,9.226006e-03,7.843947e-04,7.020916e-01,1.517354e-01,2.854031e-04,8.255886e-03,2.453994e-03,3.692386e-04,3.707925e-04,4.964255e-04
3.214939e-02,4.317727e-03,2.236809e-03,1.686121e-02,3.532063e-02,6.736335e-03,6.358909e-04,7.867689e-01,1.062874e-01,2.064303e-04,5.814888e-03,1.744214e-03,2.933242e-04,2.703923e-04,3.564586e-04
2.658045e-02,3.057361e-03,1.695919e-03,1.198086e-02,2.516370e-02,4.905387e-03,5.240743e-04,8.453655e-01,7.447289e-02,1.595924e-04,4.122460e-03,1.266658e-03,2.306388e-04,2.091612e-04,2.653711e-04
2.183110e-02,2.162308e-03,1.302291e-03,8.511088e-03,1.977769e-02,3.557534e-03,5.106061e-04,8.857085e-01,5.216744e-02,1.164541e-04,2.925355e-03,8.961185e-04,1.857743e-04,1.546039e-04,1.931594e-04
1.736097e-02,1.536125e-03,1.053034e-03,6.145195e-03,1.739219e-02,2.583624e-03,5.624548e-04,9.136239e-01,3.654230e-02,8.437015e-05,2.076320e-03,6.347085e-04,1.510319e-04,1.137301e-04,1.399977e-04
1.685818e-02,1.141887e-03,9.728681e-04,4.551432e-03,1.592333e-02,2.057754e-03,1.188280e-03,9.292123e-01,2.564778e-02,6.753517e-05,1.492841e-03,4.638874e-04,2.094314e-04,9.685919e-05,1.155723e-04
1.670166e-02,8.887271e-04,9.772200e-04,3.420090e-03,1.410710e-02,1.718084e-03,1.519393e-03,9.406332e-01,1.802456e-02,6.385085e-05,1.100846e-03,3.732064e-04,2.789104e-04,8.258087e-05,1.105246e-04
1.767507e-02,7.079806e-04,1.258476e-03,2.601622e-03,1.076217e-02,1.581791e-03,2.401760e-03,9.484605e-01,1.268401e-02,6.919223e-05,8.280335e-04,4.315848e-04,3.251903e-04,7.728310e-05,1.353200e-04
1.952292e-02,5.322249e-04,1.101222e-03,1.967812e-03,8.701751e-03,1.315120e-03,2.910534e-03,9.534187e-01,8.912695e-03,6.653840e-05,6.149558e-04,4.053510e-04,3.351103e-04,6.458930e-05,1.304275e-04
1.768799e-02,4.064479e-04,9.499561e-04,1.596242e-03,8.781547e-03,1.043446e-03,2.811503e-03,9.590697e-01,6.273127e-03,6.508276e-05,4.699576e-04,3.556890e-04,3.169196e-04,5.363847e-05,1.187668e-04
1.802110e-02,3.514985e-04,8.953924e-04,1.617661e-03,8.662329e-03,9.452217e-04,2.966495e-03,9.606246e-01,4.493866e-03,7.728508e-05,4.141306e-04,3.872684e-04,3.545909e-04,5.183564e-05,1.367364e-04
2.019003e-02,3.129580e-04,9.152417e-04,1.789273e-03,8.494663e-03,8.394684e-04,2.887973e-03,9.597644e-01,3.269532e-03,9.818807e-05,3.848335e-04,4.441941e-04,3.888575e-04,5.386341e-05,1.665228e-04
2.282575e-02,2.694244e-04,8.404434e-04,1.833091e-03,8.271758e-03,7.044438e-04,2.592030e-03,9.587737e-01,2.368725e-03,9.003609e-05,3.445747e-04,4.729415e-04,3.862157e-04,4.880023e-05,1.780764e-04
3.181445e-02,2.862282e-04,7.933162e-04,1.752751e-03,9.074712e-03,6.972780e-04,2.430196e-03,9.496792e-01,1.800358e-03,9.324345e-05,3.592444e-04,5.240329e-04,4.179398e-04,4.797965e-05,2.290519e-04
5.597136e-02,1.737124e-03,8.524728e-04,4.903908e-03,9.843811e-03,1.125786e-03,1.966633e-03,8.887807e-01,1.119684e-02,1.013718e-03,3.299311e-03,7.143222e-03,9.300258e-03,6.196077e-04,2.245235e-03
5.884619e-02,3.573706e-03,7.878701e-04,6.475260e-03,1.301019e-02,1.789810e-03,1.787039e-03,7.193264e-01,1.075250e-01,1.918957e-03,6.640956e-03,7.657368e-03,6.490630e-02,8.353587e-04,4.919522e-03
5.302994e-02,3.031960e-03,6.972799e-04,5.452953e-03,1.307147e-02,3.118629e-03,1.811105e-03,5.614480e-01,7.829813e-02,1.495121e-03,7.311675e-03,6.648827e-03,2.592221e-01,6.652595e-04,4.697588e-03
4.876734e-02,3.168474e-03,6.352501e-04,5.869874e-03,1.688071e-02,6.441950e-03,4.341400e-03,4.106580e-01,6.228725e-02,1.405317e-03,9.581136e-03,2.642220e-02,3.981484e-01,5.827949e-04,4.809906e-03
3.846604e-02,2.482981e-03,5.271907e-04,4.447976e-03,1.669147e-02,6.532737e-03,4.116664e-03,2.900058e-01,4.507667e-02,1.201234e-03,9.259989e-03,2.666971e-02,5.502788e-01,4.424227e-04,3.800340e-03
2.971065e-02,1.896595e-03,4.046322e-04,3.251490e-03,1.289618e-02,6.493000e-03,3.250722e-03,2.037429e-01,3.187209e-02,8.917890e-04,7.546081e-03,2.609068e-02,6.683551e-01,3.357885e-04,3.262290e-03
2.429623e-02,1.567924e-03,1.834625e-03,2.698342e-03,4.287191e-02,7.785751e-03,3.483246e-02,1.465415e-01,2.389849e-02,9.784573e-04,7.887876e-03,2.351930e-02,6.762879e-01,5.469832e-04,4.452200e-03
2.185967e-02,1.200140e-03,1.337324e-03,1.912085e-03,3.192941e-02,8.192386e-03,2.464910e-02,1.027472e-01,1.686940e-02,7.073792e-04,5.919207e-03,2.904972e-02,7.499238e-01,4.623626e-04,3.240724e-03
2.132882e-02,9.892231e-04,1.070182e-03,1.352194e-03,2.443983e-02,8.447103e-03,1.989664e-02,7.215332e-02,1.191510e-02,5.160843e-04,4.235266e-03,2.884669e-02,8.021311e-01,3.414262e-04,2.337079e-03
2.242512e-02,8.825440e-04,1.285445e-03,9.932917e-04,1.977892e-02,1.188004e-02,1.463377e-02,5.075295e-02,8.488326e-03,4.142002e-04,3.475668e-03,2.516529e-02,8.377791e-01,3.353126e-04,1.710024e-03
2.694729e-02,8.425156e-04,1.404028e-03,8.275553e-04,1.664847e-02,2.612990e-02,1.073974e-02,3.594881e-02,6.087456e-03,3.746174e-04,3.657138e-03,2.870572e-02,8.400811e-01,3.402916e-04,1.265374e-03
2.192553e-02,6.714516e-04,2.156533e-03,6.373030e-04,1.944652e-02,3.826895e-02,8.616134e-03,2.549806e-02,4.509084e-03,3.223367e-04,1.464891e-02,3.683377e-02,8.250650e-01,2.915200e-04,1.108851e-03
1.732479e-02,5.957371e-04,1.735862e-03,4.888001e-04,1.472512e-02,3.050612e-02,6.737736e-03,1.812480e-02,3.281239e-03,2.897040e-04,1.088397e-02,7.246831e-02,8.214526e-01,2.634636e-04,1.121721e-03
1.352056e-02,7.940326e-04,1.795245e-03,3.989804e-04,1.594869e-02,2.229823e-02,5.298861e-03,1.333418e-02,3.801985e-03,3.111186e-04,7.981800e-03,1.035675e-01,8.092955e-01,2.046529e-04,1.448690e-03
1.116255e-02,8.064472e-04,1.979795e-03,5.375437e-04,1.342242e-02,2.161646e-02,4.334445e-03,1.029077e-02,3.533498e-03,3.740846e-04,5.937316e-03,8.350863e-02,8.410289e-01,2.032775e-04,1.263840e-03
9.710129e-03,9.550721e-04,1.815223e-03,4.537175e-04,1.238009e-02,1.739366e-02,3.587222e-03,8.244324e-03,3.366116e-03,4.458110e-04,4.411694e-03,1.414943e-01,7.941015e-01,2.429231e-04,1.398370e-03
9.152416e-03,1.736515e-03,4.490596e-03,5.017453e-04,3.259857e-02,1.954536e-02,6.930709e-03,1.051038e-02,3.457178e-03,5.295293e-04,3.307531e-03,1.446541e-01,7.602854e-01,2.390100e-04,2.060992e-03
8.322827e-03,1.546067e-03,4.339187e-03,4.780630e-04,3.296416e-02,1.829756e-02,6.148908e-03,1.031235e-02,3.181981e-03,6.315664e-04,2.440227e-03,1.430446e-01,7.662799e-01,1.991045e-04,1.813495e-03
8.484872e-03,1.374051e-03,5.231915e-03,3.926755e-04,5.105430e-02,1.568367e-02,1.090032e-02,9.111704e-03,3.118600e-03,1.092777e-03,2.049700e-03,1.150921e-01,7.745618e-01,1.712053e-04,1.680375e-03
4.331875e-02,1.202775e-03,8.099393e-03,4.015268e-04,4.215281e-02,5.454133e-02,1.591313e-02,9.657780e-03,2.873832e-03,1.464926e-03,1.925572e-03,8.658421e-02,7.299908e-01,2.681906e-04,1.604936e-03
7.066306e-02,1.386628e-03,1.056444e-02,5.138267e-04,3.856171e-02,5.460483e-02,1.969072e-02,9.086784e-03,3.078737e-03,1.505751e-03,1.669119e-03,7.321988e-02,7.137207e-01,3.471508e-04,1.386637e-03
7.521954e-02,2.289573e-03,7.846213e-02,2.780268e-02,9.238715e-02,4.775314e-02,2.000618e-02,1.329317e-02,5.793109e-03,1.386415e-03,1.496532e-03,5.181107e-02,5.806642e-01,2.632181e-04,1.371927e-03
1.019622e-01,2.897115e-03,8.022239e-02,2.887763e-02,1.290274e-01,3.800128e-02,1.953621e-02,1.563846e-02,1.242921e-02,1.333518e-03,1.468291e-03,3.719851e-02,5.289273e-01,2.386481e-04,2.241803e-03
1.162583e-01,4.254316e-03,6.334890e-02,2.393163e-02,1.063123e-01,2.946463e-02,1.571788e-02,2.322106e-02,2.115221e-02,1.246267e-03,2.015458e-03,2.778080e-02,5.614985e-01,4.334034e-04,3.364486e-03
1.437504e-01,3.851974e-03,4.604023e-02,2.055905e-02,8.321954e-02,3.853139e-02,1.707730e-02,4.212882e-02,2.680836e-02,1.055217e-03,2.741171e-03,2.225264e-02,5.478212e-01,4.338846e-04,3.728788e-03
1.251538e-01,5.472220e-03,4.455915e-02,1.674911e-01,6.408871e-02,3.031771e-02,1.314723e-02,5.040899e-02,5.627790e-02,1.374399e-03,3.785130e-03,2.204776e-02,4.064105e-01,4.371233e-04,9.028291e-03
1.521700e-01,1.106254e-02,4.541117e-02,2.213877e-01,4.753987e-02,2.776304e-02,1.069667e-02,5.135980e-02,5.681940e-02,4.736541e-03,1.452546e-02,2.178395e-02,3.131715e-01,5.792407e-04,2.099311e-02
1.189719e-01,1.014903e-02,4.725867e-02,2.830720e-01,3.711329e-02,2.312283e-02,1.060633e-02,5.273038e-02,5.110515e-02,6.421790e-03,5.135586e-02,2.104743e-02,2.639105e-01,7.501735e-04,2.238461e-02
1.332432e-01,1.593529e-02,3.763044e-02,2.483835e-01,3.155972e-02,1.826276e-02,9.015223e-03,3.903156e-02,1.111588e-01,6.899158e-03,4.796536e-02,3.196975e-02,2.262955e-01,2.598966e-03,4.005078e-02
1.252434e-01,1.132196e-02,2.655178e-02,1.820271e-01,2.676736e-02,1.377080e-02,6.587043e-03,2.773587e-02,9.350633e-02,7.596903e-03,1.379203e-01,4.001636e-02,2.644532e-01,2.632352e-03,3.386928e-02
1.532727e-01,8.195679e-03,1.873940e-02,1.311699e-01,2.109678e-02,1.211127e-02,5.070608e-03,2.009692e-02,8.803426e-02,7.353689e-03,1.382820e-01,4.760240e-02,3.199912e-01,3.637511e-03,2.534576e-02
1.480658e-01,7.298616e-03,1.384268e-02,1.005643e-01,4.672465e-02,1.374738e-02,4.440337e-03,1.683436e-02,1.274804e-01,6.843841e-03,1.128913e-01,5.926088e-02,3.198467e-01,4.017591e-03,1.814110e-02
1.708411e-01,8.435655e-03,1.036307e-02,7.302821e-02,3.745763e-02,1.976366e-02,3.444385e-03,1.369666e-02,1.261086e-01,7.275860e-03,1.103302e-01,1.112382e-01,2.899818e-01,4.764506e-03,1.327054e-02
1.550755e-01,1.247196e-02,7.624916e-03,5.257684e-02,2.919978e-02,2.306705e-02,2.760443e-03,1.197599e-02,1.426935e-01,7.109215e-03,9.789707e-02,1.792817e-01,2.633490e-01,4.988597e-03,9.928394e-03
1.752064e-01,1.135550e-02,5.848028e-03,3.842555e-02,2.279633e-02,2.376233e-02,2.646812e-03,1.016551e-02,1.268916e-01,8.532781e-03,1.046783e-01,2.322041e-01,2.247113e-01,4.992777e-03,7.782805e-03
1.772147e-01,9.595222e-03,4.413574e-03,2.782403e-02,1.966307e-02,2.354660e-02,2.496118e-03,8.759851e-03,1.096230e-01,7.827066e-03,9.849437e-02,3.215362e-01,1.771607e-01,5.907154e-03,5.938227e-03
2.055103e-01,1.427627e-02,4.103939e-03,2.043637e-02,3.142340e-02,1.783724e-02,2.373760e-03,9.232243e-03,1.566298e-01,6.213945e-03,8.004618e-02,2.941459e-01,1.480208e-01,4.815465e-03,4.934423e-03
2.036895e-01,1.616005e-02,3.652977e-03,1.507136e-02,2.951770e-02,1.387610e-02,2.065331e-03,9.399107e-03,1.443930e-01,5.209612e-03,7.756494e-02,3.601415e-01,1.107565e-01,4.544408e-03,3.957985e-03
1.761562e-01,1.505831e-02,1.927443e-02,1.476957e-02,7.347382e-02,1.292035e-02,3.439036e-03,5.563734e-02,1.550857e-01,4.285369e-03,6.824396e-02,3.123992e-01,8.248050e-02,3.941513e-03,2.834742e-03
1.323558e-01,1.283539e-02,1.413450e-02,1.075342e-02,6.237311e-02,9.571068e-03,3.237298e-03,4.554762e-02,3.670501e-01,3.470740e-03,5.037507e-02,2.247399e-01,5.839415e-02,3.116560e-03,2.045315e-03
1.088897e-01,9.944874e-03,1.012851e-02,7.948900e-03,5.328970e-02,7.352425e-03,2.414563e-03,3.339227e-02,5.146064e-01,3.095934e-03,3.943178e-02,1.639136e-01,4.161426e-02,2.360166e-03,1.616881e-03
7.912239e-02,8.050771e-03,7.995872e-03,7.477427e-03,4.125802e-02,8.573124e-03,1.729696e-03,2.365378e-02,6.347006e-01,4.689369e-03,3.183420e-02,1.164377e-01,3.078543e-02,1.822009e-03,1.869589e-03
6.208421e-02,6.994427e-03,6.065635e-03,5.935003e-03,3.455533e-02,9.792684e-03,1.241535e-03,1.677383e-02,7.025044e-01,1.130030e-02,3.153259e-02,8.376914e-02,2.398988e-02,1.448117e-03,2.012879e-03
5.267591e-02,7.214621e-03,5.107700e-03,8.767353e-03,3.021705e-02,9.562941e-03,9.744065e-04,1.304525e-02,7.350317e-01,1.238558e-02,3.534680e-02,6.513342e-02,2.024757e-02,1.281171e-03,3.008532e-03
5.232782e-02,5.787288e-03,6.287635e-03,1.049293e-02,3.204861e-02,7.335497e-03,7.515426e-04,6.703280e-02,7.173742e-01,8.976009e-03,2.700922e-02,4.621907e-02,1.501653e-02,9.907065e-04,2.350085e-03
5.716631e-02,5.612919e-03,2.373581e-02,1.526233e-02,3.854977e-02,6.325859e-03,5.911543e-04,6.759157e-02,7.113501e-01,6.924290e-03,2.002128e-02,3.293196e-02,1.085483e-02,8.015195e-04,2.280292e-03
5.694908e-02,5.492368e-03,1.123798e-01,3.367481e-02,3.977631e-02,5.320271e-03,6.206682e-04,6.665161e-02,6.256871e-01,5.088440e-03,1.459392e-02,2.347268e-02,7.736336e-03,6.293321e-04,1.927331e-03
6.141472e-02,6.287356e-03,1.427874e-01,4.405382e-02,3.909117e-02,5.252323e-03,6.358053e-04,5.834256e-02,6.017731e-01,3.926132e-03,1.104364e-02,1.766171e-02,5.541589e-03,5.812964e-04,1.607400e-03
7.502881e-02,8.038721e-03,1.679876e-01,4.306816e-02,8.185662e-02,5.635954e-03,5.713101e-04,4.480889e-02,5.362315e-01,5.143393e-03,9.042235e-03,1.567585e-02,4.239924e-03,9.659405e-04,1.705055e-03
8.791435e-02,1.368800e-02,1.466896e-01,6.676651e-02,9.533808e-02,8.235889e-03,1.212135e-03,4.616302e-02,5.004996e-01,4.872045e-03,8.002532e-03,1.334437e-02,3.888033e-03,1.262678e-03,2.123141e-03
8.685786e-02,2.396035e-02,1.227655e-01,8.597323e-02,1.338896e-01,1.034117e-02,2.125820e-03,4.512621e-02,4.528138e-01,4.349810e-03,8.385796e-03,1.303563e-02,5.233561e-03,2.016748e-03,3.124849e-03
8.285800e-02,2.531890e-02,1.171542e-01,2.016672e-01,1.222867e-01,1.695066e-02,2.085267e-03,3.857968e-02,3.476808e-01,4.392393e-03,1.049454e-02,1.806757e-02,6.448376e-03,1.966993e-03,4.048718e-03
9.216286e-02,3.576665e-02,1.053215e-01,2.559635e-01,1.033685e-01,1.811057e-02,2.067601e-03,3.012973e-02,2.938765e-01,1.004732e-02,1.380291e-02,2.093496e-02,7.852294e-03,3.109880e-03,7.485279e-03
1.276219e-01,4.202956e-02,1.062836e-01,2.613967e-01,8.303815e-02,2.814996e-02,2.352029e-03,3.388676e-02,2.324402e-01,1.574676e-02,1.595719e-02,2.681136e-02,8.653106e-03,3.211334e-03,1.242149e-02
2.092831e-01,3.675992e-02,1.065250e-01,2.715482e-01,6.343207e-02,2.705331e-02,2.192120e-03,2.518234e-02,1.752098e-01,1.301540e-02,1.558048e-02,2.596846e-02,8.487713e-03,4.930199e-03,1.483189e-02
2.164743e-01,3.439581e-02,8.256782e-02,3.636832e-01,5.279542e-02,2.118090e-02,2.548156e-03,2.137302e-02,1.282701e-01,1.079007e-02,1.392091e-02,2.571486e-02,7.905470e-03,4.344636e-03,1.403535e-02
3.120615e-01,2.922948e-02,7.139646e-02,3.141842e-01,3.977627e-02,2.371042e-02,4.430343e-03,1.875328e-02,9.699179e-02,1.087377e-02,1.373765e-02,3.044149e-02,1.373593e-02,4.420777e-03,1.625656e-02
4.101983e-01,2.992216e-02,5.650708e-02,2.583142e-01,3.021769e-02,2.061961e-02,4.487875e-03,1.615142e-02,7.997531e-02,1.186523e-02,1.604258e-02,3.107729e-02,1.307780e-02,4.858181e-03,1.668525e-02
