1.000000e+00,0.000000e+00,0.000000e+00,0.000000e+00,0.000000e+00,0.000000e+00,0.000000e+00,0.000000e+00,0.000000e+00,0.000000e+00,0.000000e+00,0.000000e+00,0.000000e+00,0.000000e+00,0.000000e+00
1.000000e+00,0.000000e+00,0.000000e+00,0.000000e+00,0.000000e+00,0.000000e+00,0.000000e+00,0.000000e+00,0.000000e+00,0.000000e+00,0.000000e+00,0.000000e+00,0.000000e+00,0.000000e+00,0.000000e+00
1.000000e+00,0.000000e+00,0.000000e+00,0.000000e+00,0.000000e+00,0.000000e+00,0.000000e+00,0.000000e+00,0.000000e+00,0.000000e+00,0.000000e+00,0.000000e+00,0.000000e+00,0.000000e+00,0.000000e+00
1.000000e+00,0.000000e+00,0.000000e+00,0.000000e+00,0.000000e+00,0.000000e+00,0.000000e+00,0.000000e+00,0.000000e+00,0.000000e+00,0.000000e+00,0.000000e+00,0.000000e+00,0.000000e+00,0.000000e+00
1.000000e+00,0.000000e+00,0.000000e+00,0.000000e+00,0.000000e+00,0.000000e+00,0.000000e+00,0.000000e+00,0.000000e+00,0.000000e+00,0.000000e+00,0.000000e+00,0.000000e+00,0.000000e+00,0.000000e+00
1.000000e+00,0.000000e+00,0.000000e+00,0.000000e+00,0.000000e+00,0.000000e+00,0.000000e+00,0.000000e+00,0.000000e+00,0.000000e+00,0.000000e+00,0.000000e+00,0.000000e+00,0.000000e+00,0.000000e+00
1.000000e+00,0.000000e+00,0.000000e+00,0.000000e+00,0.000000e+00,0.000000e+00,0.000000e+00,0.000000e+00,0.000000e+00,0.000000e+00,0.000000e+00,0.000000e+00,0.000000e+00,0.000000e+00,0.000000e+00
1.000000e+00,0.000000e+00,0.000000e+00,0.000000e+00,0.000000e+00,0.000000e+00,0.000000e+00,0.000000e+00,0.000000e+00,0.000000e+00,0.000000e+00,0.000000e+00,0.000000e+00,0.000000e+00,0.000000e+00
1.000000e+00,0.000000e+00,0.000000e+00,0.000000e+00,0.000000e+00,0.000000e+00,0.000000e+00,0.000000e+00,0.000000e+00,0.000000e+00,0.000000e+00,0.000000e+00,0.000000e+00,0.000000e+00,0.000000e+00
1.000000e+00,0.000000e+00,0.000000e+00,0.000000e+00,0.000000e+00,0.000000e+00,0.000000e+00,0.000000e+00,0.000000e+00,0.000000e+00,0.000000e+00,0.000000e+00,0.000000e+00,0.000000e+00,0.000000e+00
1.000000e+00,0.000000e+00,0.000000e+00,0.000000e+00,0.000000e+00,0.000000e+00,0.000000e+00,0.000000e+00,0.000000e+00,0.000000e+00,0.000000e+00,0.000000e+00,0.000000e+00,0.000000e+00,0.000000e+00
1.000000e+00,0.000000e+00,0.000000e+00,0.000000e+00,0.000000e+00,0.000000e+00,0.000000e+00,0.000000e+00,0.000000e+00,0.000000e+00,0.000000e+00,0.000000e+00,0.000000e+00,0.000000e+00,0.000000e+00
1.000000e+00,0.000000e+00,0.000000e+00,0.000000e+00,0.000000e+00,0.000000e+00,0.000000e+00,0.000000e+00,0.000000e+00,0.000000e+00,0.000000e+00,0.000000e+00,0.000000e+00,0.000000e+00,0.000000e+00
1.000000e+00,0.000000e+00,0.000000e+00,0.000000e+00,0.000000e+00,0.000000e+00,0.000000e+00,0.000000e+00,0.000000e+00,0.000000e+00,0.000000e+00,0.000000e+00,0.000000e+00,0.000000e+00,0.000000e+00
1.000000e+00,0.000000e+00,0.000000e+00,0.000000e+00,0.000000e+00,0.000000e+00,0.000000e+00,0.000000e+00,0.000000e+00,0.000000e+00,0.000000e+00,0.000000e+00,0.000000e+00,0.000000e+00,0.000000e+00
1.000000e+00,0.000000e+00,0.000000e+00,0.000000e+00,0.000000e+00,0.000000e+00,0.000000e+00,0.000000e+00,0.000000e+00,0.000000e+00,0.000000e+00,0.000000e+00,0.000000e+00,0.000000e+00,0.000000e+00
1.000000e+00,0.000000e+00,0.000000e+00,0.000000e+00,0.000000e+00,0.000000e+00,0.000000e+00,0.000000e+00,0.000000e+00,0.000000e+00,0.000000e+00,0.000000e+00,0.000000e+00,0.000000e+00,0.000000e+00
4.603019e-01,6.884128e-02,8.980617e-02,2.114707e-01,1.586202e-02,2.106757e-02,5.451422e-03,1.357778e-02,8.141053e-03,2.601662e-03,8.790728e-03,3.113701e-02,2.760555e-02,2.982362e-03,3.236273e-02
1.000000e+00,0.000000e+00,0.000000e+00,0.000000e+00,0.000000e+00,0.000000e+00,0.000000e+00,0.000000e+00,0.000000e+00,0.000000e+00,0.000000e+00,0.000000e+00,0.000000e+00,0.000000e+00,0.000000e+00
1.000000e+00,0.000000e+00,0.000000e+00,0.000000e+00,0.000000e+00,0.000000e+00,0.000000e+00,0.000000e+00,0.000000e+00,0.000000e+00,0.000000e+00,0.000000e+00,0.000000e+00,0.000000e+00,0.000000e+00
4.608828e-01,6.904979e-02,7.120323e-02,2.117054e-01,1.219015e-02,1.899159e-02,3.994030e-03,1.009163e-02,8.809200e-03,3.879851e-03,1.132312e-02,3.949767e-02,3.052647e-02,4.263902e-03,4.359119e-02
3.417233e-01,5.692897e-02,1.661453e-01,2.814025e-01,9.862402e-03,1.554376e-02,3.068651e-03,8.683676e-03,7.298915e-03,3.385178e-03,9.289519e-03,3.173040e-02,2.360266e-02,3.275685e-03,3.805915e-02
4.518197e-01,4.609219e-02,1.391282e-01,2.167085e-01,8.256269e-03,1.759886e-02,3.042279e-03,8.265256e-03,6.726692e-03,3.493881e-03,9.098557e-03,2.862855e-02,2.235909e-02,3.551588e-03,3.523037e-02
1.000000e+00,0.000000e+00,0.000000e+00,0.000000e+00,0.000000e+00,0.000000e+00,0.000000e+00,0.000000e+00,0.000000e+00,0.000000e+00,0.000000e+00,0.000000e+00,0.000000e+00,0.000000e+00,0.000000e+00
1.000000e+00,0.000000e+00,0.000000e+00,0.000000e+00,0.000000e+00,0.000000e+00,0.000000e+00,0.000000e+00,0.000000e+00,0.000000e+00,0.000000e+00,0.000000e+00,0.000000e+00,0.000000e+00,0.000000e+00
1.000000e+00,0.000000e+00,0.000000e+00,0.000000e+00,0.000000e+00,0.000000e+00,0.000000e+00,0.000000e+00,0.000000e+00,0.000000e+00,0.000000e+00,0.000000e+00,0.000000e+00,0.000000e+00,0.000000e+00
1.000000e+00,0.000000e+00,0.000000e+00,0.000000e+00,0.000000e+00,0.000000e+00,0.000000e+00,0.000000e+00,0.000000e+00,0.000000e+00,0.000000e+00,0.000000e+00,0.000000e+00,0.000000e+00,0.000000e+00
1.000000e+00,0.000000e+00,0.000000e+00,0.000000e+00,0.000000e+00,0.000000e+00,0.000000e+00,0.000000e+00,0.000000e+00,0.000000e+00,0.000000e+00,0.000000e+00,0.000000e+00,0.000000e+00,0.000000e+00
1.000000e+00,0.000000e+00,0.000000e+00,0.000000e+00,0.000000e+00,0.000000e+00,0.000000e+00,0.000000e+00,0.000000e+00,0.000000e+00,0.000000e+00,0.000000e+00,0.000000e+00,0.000000e+00,0.000000e+00
1.000000e+00,0.000000e+00,0.000000e+00,0.000000e+00,0.000000e+00,0.000000e+00,0.000000e+00,0.000000e+00,0.000000e+00,0.000000e+00,0.000000e+00,0.000000e+00,0.000000e+00,0.000000e+00,0.000000e+00
1.000000e+00,0.000000e+00,0.000000e+00,0.000000e+00,0.000000e+00,0.000000e+00,0.000000e+00,0.000000e+00,0.000000e+00,0.000000e+00,0.000000e+00,0.000000e+00,0.000000e+00,0.000000e+00,0.000000e+00
1.000000e+00,0.000000e+00,0.000000e+00,0.000000e+00,0.000000e+00,0.000000e+00,0.000000e+00,0.000000e+00,0.000000e+00,0.000000e+00,0.000000e+00,0.000000e+00,0.000000e+00,0.000000e+00,0.000000e+00
1.000000e+00,0.000000e+00,0.000000e+00,0.000000e+00,0.000000e+00,0.000000e+00,0.000000e+00,0.000000e+00,0.000000e+00,0.000000e+00,0.000000e+00,0.000000e+00,0.000000e+00,0.000000e+00,0.000000e+00
1.000000e+00,0.000000e+00,0.000000e+00,0.000000e+00,0.000000e+00,0.000000e+00,0.000000e+00,0.000000e+00,0.000000e+00,0.000000e+00,0.000000e+00,0.000000e+00,0.000000e+00,0.000000e+00,0.000000e+00
1.000000e+00,0.000000e+00,0.000000e+00,0.000000e+00,0.000000e+00,0.000000e+00,0.000000e+00,0.000000e+00,0.000000e+00,0.000000e+00,0.000000e+00,0.000000e+00,0.000000e+00,0.000000e+00,0.000000e+00
1.000000e+00,0.000000e+00,0.000000e+00,0.000000e+00,0.000000e+00,0.000000e+00,0.000000e+00,0.000000e+00,0.000000e+00,0.000000e+00,0.000000e+00,0.000000e+00,0.000000e+00,0.000000e+00,0.000000e+00
1.000000e+00,0.000000e+00,0.000000e+00,0.000000e+00,0.000000e+00,0.000000e+00,0.000000e+00,0.000000e+00,0.000000e+00,0.000000e+00,0.000000e+00,0.000000e+00,0.000000e+00,0.000000e+00,0.000000e+00
1.000000e+00,0.000000e+00,0.000000e+00,0.000000e+00,0.000000e+00,0.000000e+00,0.000000e+00,0.000000e+00,0.000000e+00,0.000000e+00,0.000000e+00,0.000000e+00,0.000000e+00,0.000000e+00,0.000000e+00
1.000000e+00,0.000000e+00,0.000000e+00,0.000000e+00,0.000000e+00,0.000000e+00,0.000000e+00,0.000000e+00,0.000000e+00,0.000000e+00,0.000000e+00,0.000000e+00,0.000000e+00,0.000000e+00,0.000000e+00
1.000000e+00,0.000000e+00,0.000000e+00,0.000000e+00,0.000000e+00,0.000000e+00,0.000000e+00,0.000000e+00,0.000000e+00,0.000000e+00,0.000000e+00,0.000000e+00,0.000000e+00,0.000000e+00,0.000000e+00
1.000000e+00,0.000000e+00,0.000000e+00,0.000000e+00,0.000000e+00,0.000000e+00,0.000000e+00,0.000000e+00,0.000000e+00,0.000000e+00,0.000000e+00,0.000000e+00,0.000000e+00,0.000000e+00,0.000000e+00
1.000000e+00,0.000000e+00,0.000000e+00,0.000000e+00,0.000000e+00,0.000000e+00,0.000000e+00,0.000000e+00,0.000000e+00,0.000000e+00,0.000000e+00,0.000000e+00,0.000000e+00,0.000000e+00,0.000000e+00
1.000000e+00,0.000000e+00,0.000000e+00,0.000000e+00,0.000000e+00,0.000000e+00,0.000000e+00,0.000000e+00,0.000000e+00,0.000000e+00,0.000000e+00,0.000000e+00,0.000000e+00,0.000000e+00,0.000000e+00
1.000000e+00,0.000000e+00,0.000000e+00,0.000000e+00,0.000000e+00,0.000000e+00,0.000000e+00,0.000000e+00,0.000000e+00,0.000000e+00,0.000000e+00,0.000000e+00,0.000000e+00,0.000000e+00,0.000000e+00
1.000000e+00,0.000000e+00,0.000000e+00,0.000000e+00,0.000000e+00,0.000000e+00,0.000000e+00,0.000000e+00,0.000000e+00,0.000000e+00,0.000000e+00,0.000000e+00,0.000000e+00,0.000000e+00,0.000000e+00
1.000000e+00,0.000000e+00,0.000000e+00,0.000000e+00,0.000000e+00,0.000000e+00,0.000000e+00,0.000000e+00,0.000000e+00,0.000000e+00,0.000000e+00,0.000000e+00,0.000000e+00,0.000000e+00,0.000000e+00
1.000000e+00,0.000000e+00,0.000000e+00,0.000000e+00,0.000000e+00,0.000000e+00,0.000000e+00,0.000000e+00,0.000000e+00,0.000000e+00,0.000000e+00,0.000000e+00,0.000000e+00,0.000000e+00,0.000000e+00
1.000000e+00,0.000000e+00,0.000000e+00,0.000000e+00,0.000000e+00,0.000000e+00,0.000000e+00,0.000000e+00,0.000000e+00,0.000000e+00,0.000000e+00,0.000000e+00,0.000000e+00,0.000000e+00,0.000000e+00
1.000000e+00,0.000000e+00,0.000000e+00,0.000000e+00,0.000000e+00,0.000000e+00,0.000000e+00,0.000000e+00,0.000000e+00,0.000000e+00,0.000000e+00,0.000000e+00,0.000000e+00,0.000000e+00,0.000000e+00
1.000000e+00,0.000000e+00,0.000000e+00,0.000000e+00,0.000000e+00,0.000000e+00,0.000000e+00,0.000000e+00,0.000000e+00,0.000000e+00,0.000000e+00,0.000000e+00,0.000000e+00,0.000000e+00,0.000000e+00
1.000000e+00,0.000000e+00,0.000000e+00,0.000000e+00,0.000000e+00,0.000000e+00,0.000000e+00,0.000000e+00,0.000000e+00,0.000000e+00,0.000000e+00,0.000000e+00,0.000000e+00,0.000000e+00,0.000000e+00
1.000000e+00,0.000000e+00,0.000000e+00,0.000000e+00,0.000000e+00,0.000000e+00,0.000000e+00,0.000000e+00,0.000000e+00,0.000000e+00,0.000000e+00,0.000000e+00,0.000000e+00,0.000000e+00,0.000000e+00
1.000000e+00,0.000000e+00,0.000000e+00,0.000000e+00,0.000000e+00,0.000000e+00,0.000000e+00,0.000000e+00,0.000000e+00,0.000000e+00,0.000000e+00,0.000000e+00,0.000000e+00,0.000000e+00,0.000000e+00
1.000000e+00,0.000000e+00,0.000000e+00,0.000000e+00,0.000000e+00,0.000000e+00,0.000000e+00,0.000000e+00,0.000000e+00,0.000000e+00,0.000000e+00,0.000000e+00,0.000000e+00,0.000000e+00,0.000000e+00
1.000000e+00,0.000000e+00,0.000000e+00,0.000000e+00,0.000000e+00,0.000000e+00,0.000000e+00,0.000000e+00,0.000000e+00,0.000000e+00,0.000000e+00,0.000000e+00,0.000000e+00,0.000000e+00,0.000000e+00
4.350711e-01,2.040892e-02,1.273098e-02,1.538580e-01,4.059488e-03,1.638990e-02,3.570908e-03,1.275107e-02,1.295283e-02,3.143851e-03,7.356345e-03,1.377937e-02,2.709700e-01,1.848759e-03,3.110844e-02
4.036783e-01,2.075811e-02,9.375024e-03,1.406097e-01,4.229153e-03,2.546003e-02,3.780629e-03,9.653677e-03,1.348064e-02,3.087332e-03,6.800489e-03,1.033286e-02,3.208345e-01,1.432487e-03,2.648711e-02
2.909114e-01,2.623139e-02,7.293808e-03,1.344601e-01,4.574738e-03,2.262740e-02,4.101543e-03,6.893625e-03,2.147002e-02,3.236042e-03,5.625900e-03,8.775880e-03,4.383032e-01,1.099012e-03,2.439592e-02
2.043277e-01,3.947300e-02,8.529774e-03,2.259784e-01,4.309670e-03,2.119670e-02,3.606772e-03,4.898623e-03,4.033559e-02,6.101581e-03,4.523174e-03,6.641642e-03,3.977823e-01,8.384910e-04,3.145653e-02
1.525404e-01,4.862829e-02,8.327610e-03,1.865616e-01,6.584782e-03,2.083845e-02,5.122718e-03,3.555068e-03,5.714718e-02,5.639176e-03,5.086872e-03,8.300839e-03,4.509305e-01,1.097796e-03,3.963868e-02
1.668668e-01,7.683578e-02,7.064519e-03,1.476897e-01,7.855883e-03,2.024974e-02,5.888710e-03,2.817986e-03,7.351442e-02,4.693169e-03,4.699387e-03,8.745786e-03,4.341238e-01,1.543100e-03,3.741119e-02
1.217885e-01,9.740737e-02,3.471955e-02,2.235419e-01,1.245582e-02,1.972658e-02,8.121756e-03,2.368268e-03,7.207271e-02,9.246317e-03,4.090402e-03,6.818147e-03,3.485700e-01,2.099126e-03,3.697345e-02
9.719624e-02,1.599334e-01,2.838059e-02,1.623145e-01,9.362028e-03,1.684527e-02,6.088501e-03,2.418269e-03,9.755111e-02,1.203689e-02,6.326160e-03,7.766001e-03,3.513682e-01,5.227805e-03,3.718502e-02
9.835136e-02,2.199461e-01,2.382939e-02,1.153356e-01,7.369695e-03,1.323429e-02,4.789836e-03,2.446930e-03,1.147852e-01,1.037441e-02,5.928279e-03,6.296823e-03,3.234012e-01,5.888864e-03,4.802207e-02
1.269682e-01,1.763859e-01,1.872411e-02,8.554994e-02,6.064227e-03,1.261672e-02,4.195008e-03,2.017140e-03,1.113522e-01,7.703192e-03,4.391185e-03,5.025242e-03,3.949558e-01,4.450242e-03,3.960086e-02
1.312249e-01,2.191314e-01,1.842472e-02,6.391925e-02,6.418765e-03,1.704737e-02,4.632229e-03,1.931190e-03,1.710270e-01,8.240376e-03,3.928442e-03,5.296933e-03,2.998533e-01,5.266631e-03,4.365755e-02
1.956819e-01,2.124261e-01,1.706869e-02,5.109212e-02,8.306182e-03,1.672380e-02,4.788196e-03,2.441644e-03,1.948973e-01,7.689168e-03,3.391264e-03,5.017063e-03,2.331266e-01,5.319364e-03,4.203067e-02
1.971279e-01,1.813860e-01,1.762609e-02,3.746446e-02,1.518143e-02,2.896988e-02,7.564497e-03,4.527152e-03,2.193328e-01,5.700254e-03,2.779898e-03,4.160414e-03,2.410979e-01,4.415537e-03,3.266584e-02
1.980746e-01,1.500908e-01,4.116837e-02,4.013940e-02,2.509231e-02,4.209856e-02,1.508610e-02,7.977198e-03,2.239211e-01,4.676430e-03,2.462815e-03,3.350430e-03,2.143014e-01,3.802734e-03,2.775789e-02
2.088492e-01,1.201274e-01,9.475892e-02,5.515878e-02,2.069971e-02,3.889377e-02,1.144104e-02,6.413268e-03,1.656032e-01,1.392784e-02,3.128713e-03,6.010433e-03,1.593093e-01,3.484179e-03,9.219417e-02
2.031448e-01,1.207341e-01,7.543349e-02,5.054565e-02,2.276006e-02,5.699056e-02,1.008808e-02,5.192237e-03,1.525661e-01,1.114367e-02,2.964308e-03,5.696003e-03,1.608500e-01,3.740982e-03,1.181499e-01
1.817729e-01,1.158533e-01,7.853359e-02,5.217186e-02,2.259180e-02,5.357715e-02,8.699605e-03,5.114188e-03,1.187919e-01,1.598897e-02,3.034099e-03,5.352685e-03,1.373850e-01,4.299090e-03,1.968338e-01
1.468976e-01,1.044977e-01,1.339411e-01,1.287003e-01,2.162447e-02,5.114953e-02,7.501066e-03,1.264776e-02,8.984967e-02,1.444695e-02,3.068419e-03,4.885533e-03,1.092578e-01,3.342716e-03,1.681893e-01
1.817891e-01,8.651795e-02,1.520874e-01,1.097386e-01,2.716672e-02,7.577121e-02,1.808643e-02,3.048005e-02,8.164795e-02,1.100915e-02,2.523371e-03,4.098573e-03,9.122926e-02,2.677209e-03,1.251770e-01
1.929144e-01,8.246782e-02,1.792245e-01,1.033486e-01,3.341228e-02,6.971695e-02,1.781277e-02,2.691303e-02,8.277022e-02,1.009512e-02,2.727095e-03,5.808263e-03,7.566699e-02,3.000155e-03,1.141217e-01
2.019829e-01,8.113103e-02,1.820311e-01,1.021130e-01,2.981452e-02,6.258085e-02,1.800073e-02,1.994669e-02,9.280348e-02,1.171274e-02,3.161177e-03,8.595554e-03,8.619535e-02,2.486837e-03,9.744395e-02
1.475846e-01,6.609253e-02,2.086305e-01,1.241901e-01,2.642519e-02,5.362573e-02,2.698836e-02,1.546607e-02,1.088075e-01,1.383929e-02,3.553084e-03,9.346684e-03,1.097580e-01,2.060611e-03,8.363171e-02
1.094930e-01,8.528905e-02,1.647522e-01,1.845556e-01,1.905505e-02,4.247715e-02,1.921584e-02,1.098954e-02,1.907576e-01,1.092604e-02,5.458959e-03,9.749434e-03,7.999052e-02,1.639838e-03,6.565014e-02
9.592312e-02,6.566252e-02,1.298771e-01,1.673151e-01,1.666944e-02,5.105311e-02,1.658507e-02,8.332915e-03,1.556529e-01,8.985987e-03,2.126921e-02,3.078706e-02,1.752227e-01,1.662692e-03,5.500113e-02
7.159819e-02,4.932326e-02,9.964444e-02,1.227753e-01,1.326927e-02,3.739468e-02,1.276689e-02,6.009592e-03,1.184853e-01,9.445501e-03,2.120280e-02,1.669255e-01,2.092825e-01,2.284262e-03,5.959251e-02
5.501074e-02,3.535564e-02,7.704038e-02,8.659673e-02,1.022005e-02,2.752411e-02,1.212659e-02,4.459327e-03,8.613230e-02,1.490673e-02,1.708837e-02,1.789130e-01,1.856521e-01,7.234748e-03,2.017392e-01
4.035591e-02,2.503216e-02,5.883723e-02,6.122455e-02,7.632324e-03,2.119648e-02,1.029298e-02,3.327604e-03,6.175790e-02,1.958019e-02,1.342174e-02,1.361945e-01,1.764969e-01,8.722009e-03,3.559275e-01
3.455181e-02,2.221356e-02,6.746206e-02,6.031629e-02,1.414027e-02,1.932229e-02,8.116649e-03,3.184238e-03,6.213019e-02,3.264980e-02,1.141158e-02,1.184831e-01,1.479803e-01,1.651539e-02,3.815224e-01
2.912570e-02,1.704263e-02,5.118688e-02,4.831749e-02,2.144501e-02,3.261644e-02,7.935820e-03,2.932171e-03,6.060172e-02,2.915072e-02,1.046126e-02,1.219466e-01,1.164665e-01,1.371978e-02,4.370512e-01
2.410639e-02,1.482009e-02,3.779488e-02,3.572172e-02,2.024814e-02,2.490004e-02,8.084603e-03,3.341439e-03,9.060939e-02,3.079686e-02,1.234987e-02,1.066716e-01,9.078098e-02,1.142904e-02,4.883449e-01
1.891631e-02,1.519343e-02,2.808504e-02,2.919200e-02,1.554965e-02,2.055519e-02,7.329172e-03,4.110690e-03,1.453452e-01,2.573725e-02,1.940246e-02,9.812476e-02,7.586955e-02,9.694059e-03,4.868953e-01
2.631794e-02,1.663077e-02,2.338194e-02,5.440492e-02,1.251317e-02,1.914965e-02,6.679349e-03,8.683516e-03,1.631780e-01,2.244212e-02,2.966882e-02,8.128090e-02,6.616884e-02,9.031487e-03,4.604686e-01
4.597663e-02,4.855736e-02,1.811491e-02,1.132328e-01,1.219821e-02,2.167309e-02,4.937609e-03,7.553749e-03,1.815781e-01,2.166598e-02,5.649869e-02,6.428811e-02,5.677665e-02,1.052678e-02,3.364213e-01
3.834508e-02,4.524336e-02,1.443028e-02,9.579962e-02,1.324409e-02,4.762153e-02,4.707944e-03,8.216056e-03,1.838376e-01,1.878844e-02,1.130166e-01,6.252812e-02,1.018893e-01,9.626997e-03,2.427049e-01
3.454322e-02,3.420357e-02,1.200321e-02,7.360663e-02,1.380842e-02,7.569841e-02,5.485429e-03,3.011754e-02,1.682453e-01,2.060145e-02,1.351017e-01,7.789825e-02,1.298849e-01,1.109181e-02,1.777102e-01
4.939793e-02,3.555208e-02,1.070900e-02,5.602401e-02,1.573585e-02,8.171910e-02,5.828580e-03,2.593258e-02,1.485168e-01,2.133871e-02,1.046774e-01,8.750431e-02,2.104471e-01,1.305441e-02,1.335621e-01
5.515076e-02,3.366189e-02,9.650126e-03,4.063888e-02,1.485245e-02,9.229098e-02,5.238037e-03,2.088024e-02,1.204729e-01,1.776233e-02,7.602188e-02,8.374218e-02,3.177705e-01,1.336217e-02,9.850460e-02
6.134108e-02,5.851555e-02,1.023304e-02,1.253584e-01,2.061668e-02,7.243956e-02,4.973641e-03,1.591233e-02,1.422690e-01,1.769443e-02,5.824878e-02,6.851498e-02,2.438640e-01,1.184012e-02,8.817838e-02
6.252135e-02,5.524495e-02,9.096559e-03,9.471899e-02,2.956165e-02,6.321035e-02,4.116339e-03,1.247825e-02,1.278849e-01,1.459366e-02,5.196685e-02,7.713079e-02,2.559771e-01,2.442256e-02,1.170757e-01
7.270256e-02,4.832325e-02,8.398170e-03,7.320227e-02,2.461643e-02,4.969604e-02,3.312420e-03,9.764111e-03,1.077597e-01,1.404813e-02,4.885373e-02,7.339448e-02,2.195284e-01,7.209638e-02,1.743039e-01
1.254884e-01,5.330372e-02,9.489532e-03,5.545653e-02,2.610416e-02,4.244526e-02,3.777676e-03,1.058939e-02,9.563062e-02,1.460229e-02,4.004796e-02,6.094543e-02,1.936162e-01,7.948226e-02,1.890206e-01
1.368972e-01,5.645336e-02,9.792120e-03,4.377612e-02,2.402757e-02,4.618789e-02,3.725883e-03,1.155088e-02,8.780169e-02,2.018574e-02,3.416508e-02,4.802471e-02,1.734993e-01,7.222451e-02,2.316880e-01
1.164516e-01,6.232055e-02,4.651413e-02,5.292798e-02,2.270606e-02,4.253800e-02,5.576788e-03,1.128761e-02,9.031390e-02,2.742455e-02,2.810997e-02,3.677296e-02,1.248866e-01,5.604474e-02,2.761245e-01
1.504689e-01,8.447386e-02,4.477001e-02,4.174914e-02,2.358186e-02,6.212009e-02,5.920831e-03,1.447772e-02,1.109799e-01,2.158825e-02,2.326574e-02,2.983951e-02,9.921329e-02,5.138041e-02,2.361705e-01
1.366300e-01,1.069688e-01,5.000757e-02,1.565773e-01,2.050165e-02,4.865654e-02,4.651025e-03,1.072428e-02,9.011471e-02,1.802164e-02,1.877381e-02,3.049257e-02,7.231276e-02,3.756624e-02,1.980012e-01
1.090438e-01,9.358937e-02,4.395354e-02,1.497263e-01,1.919591e-02,6.386535e-02,7.413807e-03,8.029435e-03,1.044685e-01,1.626041e-02,1.928078e-02,3.940469e-02,1.222068e-01,2.828579e-02,1.752754e-01
1.276266e-01,8.134626e-02,3.361742e-02,1.390663e-01,1.959492e-02,7.464071e-02,1.381845e-02,7.204656e-03,1.053087e-01,1.342472e-02,1.918695e-02,5.413394e-02,1.517728e-01,2.194629e-02,1.373112e-01
9.823281e-02,6.043437e-02,2.424623e-02,9.924997e-02,1.632012e-02,5.459501e-02,1.088564e-02,6.281012e-03,8.254638e-02,1.059269e-02,1.456887e-02,4.968997e-02,3.318135e-01,1.567506e-02,1.248684e-01
7.366879e-02,4.401767e-02,1.817441e-02,7.027760e-02,1.369544e-02,3.958511e-02,8.708869e-03,5.229034e-03,6.281805e-02,9.038978e-03,1.111011e-02,4.892640e-02,4.602130e-01,1.163021e-02,1.229063e-01
6.415726e-02,3.475544e-02,1.916464e-02,5.152271e-02,1.589257e-02,3.057863e-02,9.091698e-03,5.279204e-03,5.228950e-02,9.627293e-03,9.813872e-03,3.914482e-02,4.049627e-01,9.732309e-03,2.439874e-01
5.100117e-02,2.727582e-02,1.528404e-02,3.713191e-02,1.292105e-02,2.276394e-02,7.338184e-03,5.920636e-03,4.527020e-02,1.656260e-02,9.210651e-03,2.843465e-02,2.947162e-01,7.968058e-03,4.182009e-01
3.797430e-02,1.971237e-02,1.130419e-02,2.621314e-02,9.570616e-03,1.768231e-02,5.303324e-03,4.674789e-03,3.457723e-02,1.313133e-02,7.945108e-03,2.013826e-02,2.088943e-01,8.913973e-03,5.739648e-01
2.858621e-02,1.705393e-02,9.089069e-03,2.062900e-02,7.162228e-03,1.512174e-02,3.772108e-03,4.905284e-03,3.523038e-02,1.268972e-02,1.084630e-02,1.587414e-02,1.508294e-01,6.770721e-03,6.614399e-01
2.586991e-02,1.357750e-02,6.928311e-03,1.623022e-02,5.520763e-03,1.337301e-02,2.694377e-03,4.084778e-03,3.407168e-02,1.058130e-02,2.240668e-02,1.334260e-02,1.086369e-01,6.426933e-03,7.162551e-01
2.268799e-02,1.786321e-02,7.217212e-03,2.310324e-02,4.827584e-03,2.364872e-02,2.041150e-03,4.126070e-03,4.299127e-02,9.155875e-03,3.573620e-02,1.284767e-02,8.606791e-02,6.418013e-03,7.012680e-01
1.925044e-02,1.395013e-02,1.238852e-01,3.632086e-02,5.221592e-03,1.958111e-02,2.023593e-03,4.120079e-03,3.739345e-02,7.433544e-03,4.283775e-02,9.736800e-03,6.572334e-02,5.759424e-03,6.067628e-01
2.378898e-02,1.865053e-02,1.404707e-01,3.013382e-02,5.529323e-03,2.277600e-02,1.614588e-03,3.408540e-03,4.894244e-02,1.125272e-02,4.270545e-02,7.977499e-03,4.902587e-02,9.834004e-03,5.838895e-01
1.847192e-02,4.566587e-02,1.054317e-01,2.197696e-02,4.083435e-03,2.017912e-02,1.163989e-03,2.471513e-03,7.575446e-02,2.264092e-02,3.340900e-02,5.871573e-03,3.577738e-02,1.253692e-02,5.945652e-01
1.799560e-02,4.081941e-02,1.117527e-01,1.824178e-02,4.078598e-03,1.573329e-02,1.005260e-03,3.097677e-03,7.109823e-02,2.964527e-02,2.595273e-02,4.453485e-03,2.601075e-02,1.472264e-02,6.153926e-01
2.246214e-02,3.686756e-02,8.747952e-02,1.356962e-02,4.059172e-03,1.331857e-02,8.781891e-04,2.597329e-03,6.017064e-02,3.483995e-02,2.083331e-02,3.506835e-03,1.884076e-02,2.058496e-02,6.599914e-01
2.673077e-02,5.783740e-02,1.382938e-01,2.704834e-02,4.962991e-03,1.165244e-02,7.261730e-04,3.469838e-03,8.625562e-02,5.247921e-02,2.564121e-02,4.628476e-03,1.902491e-02,2.059632e-02,5.206525e-01
2.483996e-02,4.983510e-02,2.016955e-01,2.596553e-02,4.539546e-03,9.657608e-03,6.852447e-04,3.671818e-03,7.606342e-02,6.548718e-02,3.840175e-02,6.075054e-03,2.564184e-02,1.847686e-02,4.489636e-01
2.692147e-02,4.252767e-02,2.309545e-01,2.382062e-02,5.081779e-03,1.003047e-02,8.161557e-04,3.648630e-03,5.823908e-02,5.992142e-02,1.173213e-01,6.925115e-03,3.014632e-02,1.802956e-02,3.656158e-01
2.513323e-02,7.452053e-02,2.177393e-01,5.206880e-02,1.025966e-02,8.347292e-03,1.009144e-03,4.601258e-03,1.158952e-01,4.624588e-02,1.074310e-01,9.634564e-03,3.021456e-02,1.425373e-02,2.826459e-01
2.591747e-02,1.092927e-01,1.616898e-01,4.560196e-02,1.190236e-02,1.131688e-02,1.374971e-03,3.954254e-03,2.100504e-01,4.163935e-02,8.012974e-02,1.269495e-02,5.714646e-02,1.096997e-02,2.163187e-01
2.160950e-02,1.153511e-01,1.141393e-01,3.780549e-02,9.726847e-03,9.915727e-03,1.203445e-03,2.969200e-03,2.218910e-01,3.062965e-02,5.806344e-02,1.024974e-02,1.960732e-01,7.806461e-03,1.625660e-01
1.689322e-02,1.269052e-01,8.104603e-02,2.931098e-02,8.172411e-03,9.369725e-03,1.012582e-03,2.834720e-03,1.753155e-01,2.282159e-02,4.338894e-02,1.003176e-02,3.454047e-01,5.641436e-03,1.218511e-01
1.346610e-02,1.235951e-01,6.347732e-02,3.236771e-02,7.560883e-03,1.081639e-02,9.442332e-04,8.713471e-03,1.581492e-01,1.730705e-02,3.252712e-02,8.315963e-03,4.305645e-01,4.112374e-03,8.808272e-02
1.410974e-02,9.740420e-02,8.088681e-02,3.367708e-02,1.294673e-02,1.803539e-02,2.232252e-03,1.093091e-02,1.582632e-01,1.354762e-02,2.404503e-02,6.280575e-03,4.591141e-01,3.078930e-03,6.544745e-02
1.048208e-02,7.846119e-02,2.174907e-01,1.110699e-01,1.061019e-02,1.383571e-02,1.670653e-03,7.975961e-03,1.314608e-01,1.447746e-02,1.899127e-02,4.785318e-03,3.234688e-01,2.218325e-03,5.300163e-02
1.220734e-02,1.358762e-01,2.080439e-01,9.416220e-02,1.758364e-02,2.577354e-02,4.600960e-03,6.314913e-03,1.682383e-01,1.262607e-02,1.803189e-02,3.698624e-03,2.419236e-01,1.709124e-03,4.920974e-02
2.972962e-02,1.253090e-01,1.778697e-01,8.392493e-02,6.082777e-02,6.760935e-02,1.678991e-02,5.784716e-03,1.661484e-01,1.128219e-02,1.631142e-02,2.892974e-03,1.890918e-01,1.379128e-03,4.504911e-02
4.404070e-02,1.396435e-01,1.752277e-01,1.098051e-01,6.069278e-02,5.918125e-02,2.113722e-02,5.325332e-03,1.298342e-01,1.430895e-02,1.285148e-02,2.908880e-03,1.612259e-01,1.215133e-03,6.260183e-02
5.911206e-02,1.456845e-01,1.463473e-01,9.790276e-02,8.377104e-02,7.717452e-02,3.127980e-02,8.046256e-03,1.084062e-01,1.616377e-02,9.453293e-03,2.722022e-03,1.447770e-01,1.158284e-03,6.800122e-02
7.609806e-02,1.526902e-01,1.156728e-01,8.452854e-02,7.792896e-02,1.125014e-01,2.759831e-02,1.121865e-02,9.755263e-02,2.411699e-02,8.022256e-03,2.551776e-03,1.249079e-01,1.377178e-03,8.323449e-02
7.412647e-02,1.659300e-01,8.390979e-02,6.782882e-02,6.001646e-02,8.655131e-02,2.268475e-02,8.898047e-03,9.593046e-02,1.932213e-02,7.502221e-03,2.387501e-03,2.381196e-01,1.202969e-03,6.558952e-02
5.438398e-02,1.221632e-01,5.965164e-02,5.119307e-02,4.343496e-02,6.249213e-02,1.697086e-02,6.800962e-03,6.949466e-02,1.395233e-02,5.402582e-03,1.819003e-03,4.427462e-01,8.575079e-04,4.863694e-02
3.903668e-02,8.823999e-02,4.401983e-02,3.663921e-02,3.172243e-02,4.773909e-02,1.272742e-02,4.929738e-03,4.982045e-02,9.988771e-03,4.114447e-03,2.582426e-03,5.868164e-01,6.534820e-04,4.096967e-02
2.820751e-02,6.345750e-02,3.250069e-02,2.633094e-02,2.407912e-02,3.587541e-02,1.041655e-02,3.682094e-03,3.611944e-02,7.377331e-03,3.237285e-03,2.593546e-03,6.835684e-01,5.197233e-04,4.203450e-02
3.078602e-02,6.343494e-02,3.106393e-02,7.063474e-02,2.006212e-02,3.519317e-02,9.667217e-03,3.034234e-03,6.172930e-02,6.301951e-03,3.408578e-03,1.045823e-02,6.139003e-01,5.450209e-04,3.978019e-02
2.239264e-02,4.748745e-02,2.203088e-02,5.451532e-02,1.539537e-02,2.951521e-02,7.202926e-03,2.156046e-03,4.690439e-02,4.600496e-03,5.154238e-03,2.380071e-02,6.891234e-01,4.598951e-04,2.926103e-02
1.649372e-02,3.469558e-02,1.562262e-02,4.053595e-02,1.156725e-02,2.525633e-02,5.776087e-03,1.546318e-03,3.725923e-02,4.413646e-03,1.140043e-02,8.609846e-02,6.789836e-01,4.726996e-04,2.987809e-02
1.255854e-02,2.443110e-02,1.098686e-02,2.854191e-02,8.329881e-03,1.931968e-02,4.334641e-03,1.098123e-03,3.120520e-02,7.087756e-03,2.672949e-02,1.716623e-01,6.262753e-01,7.330044e-04,2.670620e-02
9.435887e-03,1.723431e-02,7.752911e-03,2.006892e-02,6.049356e-03,1.722274e-02,3.146604e-03,7.870461e-04,2.559752e-02,1.402444e-02,5.084777e-02,2.519366e-01,5.526196e-01,8.006782e-04,2.247563e-02
7.261631e-03,1.214767e-02,5.446531e-03,1.408230e-02,4.268569e-03,1.556966e-02,2.256504e-03,5.545243e-04,2.098320e-02,1.760641e-02,5.094057e-02,4.023656e-01,4.292952e-01,7.179583e-04,1.650370e-02
8.680327e-03,9.381699e-03,4.160740e-03,1.001524e-02,3.766284e-03,5.915728e-02,1.789874e-03,6.754721e-04,3.566234e-02,2.835770e-02,9.079206e-02,3.668735e-01,3.647341e-01,5.751695e-04,1.537803e-02
7.096741e-03,6.930449e-03,2.966182e-03,7.113240e-03,3.373093e-03,6.324503e-02,1.423421e-03,5.681891e-04,4.782323e-02,3.667646e-02,9.433076e-02,4.275143e-01,2.878017e-01,5.016045e-04,1.263544e-02
5.178609e-03,4.922795e-03,2.112190e-03,5.120414e-03,3.063715e-03,8.748967e-02,1.304831e-03,4.619655e-04,6.166438e-02,3.203066e-02,7.487318e-02,5.003874e-01,2.119496e-01,3.895657e-04,9.050997e-03
3.854182e-03,3.502874e-03,1.502887e-03,3.749338e-03,3.311709e-03,6.701095e-02,1.642597e-03,5.011099e-04,1.028820e-01,2.647837e-02,7.388527e-02,5.407109e-01,1.641831e-01,3.097644e-04,6.474959e-03
2.811327e-03,2.521581e-03,1.174624e-03,2.699657e-03,6.266973e-03,4.697292e-02,1.240420e-03,6.970998e-04,3.108752e-01,1.867811e-02,5.897886e-02,4.166598e-01,1.256388e-01,2.256862e-04,4.558917e-03
2.522609e-03,2.177615e-03,2.574940e-03,3.350257e-03,5.703251e-03,3.318577e-02,1.099360e-03,4.112730e-03,4.801655e-01,1.329824e-02,4.592407e-02,3.082175e-01,9.424947e-02,1.723775e-04,3.246283e-03
1.886797e-03,1.765730e-03,1.840984e-03,2.433862e-03,4.438763e-03,2.329008e-02,8.001426e-04,3.000450e-03,6.307084e-01,9.336510e-03,3.259618e-02,2.188341e-01,6.665295e-02,1.235043e-04,2.291563e-03
1.556243e-03,1.587176e-03,1.476003e-03,4.497305e-03,3.703251e-03,1.699038e-02,6.213374e-04,2.605078e-03,7.342487e-01,6.688357e-03,2.330201e-02,1.537567e-01,4.714965e-02,9.521351e-05,1.722607e-03
1.931503e-03,1.515191e-03,1.150709e-03,6.095787e-03,4.490667e-03,1.360696e-02,5.840748e-04,2.422429e-03,8.019172e-01,4.888783e-03,1.710639e-02,1.085243e-01,3.408620e-02,9.686709e-05,1.582912e-03
4.693082e-03,1.574428e-03,1.085125e-03,1.130121e-02,1.200026e-02,1.081861e-02,6.140378e-04,9.126742e-03,8.234715e-01,3.528421e-03,1.482495e-02,7.757610e-02,2.693778e-02,2.492758e-04,2.198307e-03
6.847329e-03,1.756368e-03,9.515588e-04,1.034459e-02,2.536075e-02,8.761225e-03,7.349235e-04,2.428622e-02,8.273860e-01,2.545878e-03,1.217252e-02,5.509038e-02,2.044329e-02,5.587623e-04,2.760134e-03
8.917622e-03,1.785632e-03,7.416702e-04,7.890591e-03,2.798967e-02,6.630586e-03,6.539150e-04,3.580396e-02,8.419950e-01,1.847392e-03,9.190787e-03,3.910919e-02,1.490193e-02,5.056560e-04,2.036439e-03
1.120532e-02,1.828708e-03,5.709197e-04,7.721749e-03,2.463056e-02,1.699731e-02,5.627918e-04,3.674732e-02,8.491153e-01,1.361935e-03,7.324347e-03,2.869747e-02,1.121186e-02,3.908238e-04,1.633674e-03
1.349483e-02,1.798032e-03,4.403463e-04,9.601334e-03,2.088947e-02,1.280684e-01,4.375865e-04,2.684403e-02,7.568597e-01,9.834981e-04,6.230340e-03,2.278216e-02,1.005047e-02,2.784541e-04,1.241405e-03
1.055372e-02,1.352537e-03,3.251871e-04,8.362866e-03,1.512408e-02,2.006756e-01,3.159114e-04,1.917788e-02,5.556116e-01,7.326719e-04,1.593860e-02,1.082846e-01,6.219910e-02,2.170058e-04,1.128715e-03
7.847080e-03,9.966324e-04,2.358396e-04,6.394291e-03,1.073124e-02,1.483684e-01,2.375732e-04,1.353788e-02,3.975783e-01,6.946678e-04,4.614890e-02,2.327165e-01,1.327071e-01,2.080178e-04,1.597565e-03
6.554739e-03,8.403499e-04,2.667019e-04,5.825490e-03,8.205051e-03,1.139131e-01,2.311770e-04,9.917506e-03,2.917526e-01,9.860211e-04,8.743882e-02,2.702503e-01,2.004513e-01,2.777532e-04,3.089023e-03
5.016266e-03,6.300618e-04,3.292552e-04,4.397700e-03,6.688393e-03,9.703509e-02,2.519697e-04,8.015764e-03,2.091400e-01,1.896816e-03,1.192764e-01,3.024026e-01,2.378004e-01,5.490338e-04,6.570232e-03
4.671606e-03,6.424412e-04,3.573374e-04,3.178725e-03,7.225710e-03,7.608348e-02,4.285409e-04,6.262388e-03,1.664509e-01,2.135082e-03,1.396200e-01,3.172188e-01,2.619121e-01,1.201413e-03,1.261147e-02
4.051080e-03,1.006978e-03,1.007882e-03,2.295161e-03,6.580599e-03,6.054983e-02,1.161268e-03,5.085167e-03,1.271137e-01,2.549303e-03,1.105777e-01,4.394837e-01,2.126309e-01,2.149871e-03,2.375692e-02
3.113165e-03,4.693937e-03,1.353671e-03,1.789395e-03,5.254832e-03,6.465609e-02,1.745566e-03,3.912624e-03,1.061917e-01,2.133669e-03,8.306991e-02,5.332215e-01,1.613714e-01,3.839334e-03,2.365316e-02
2.328113e-03,6.231669e-03,1.090917e-03,1.356498e-03,3.957305e-03,6.567807e-02,1.314259e-03,2.839741e-03,8.757742e-02,1.627211e-03,5.983171e-02,6.193516e-01,1.270089e-01,2.882876e-03,1.692369e-02
1.831638e-03,6.932035e-03,1.029659e-03,1.151038e-03,3.390127e-03,5.636372e-02,1.835864e-03,2.243583e-03,9.340192e-02,1.586489e-03,4.530941e-02,6.735559e-01,9.588195e-02,2.237707e-03,1.324898e-02
1.871756e-03,7.893779e-03,1.106923e-03,1.088549e-03,2.945263e-03,5.343918e-02,1.573199e-03,1.717843e-03,1.155779e-01,1.512047e-03,3.978816e-02,6.761900e-01,8.247487e-02,1.782664e-03,1.103784e-02
1.359347e-03,5.690559e-03,8.700645e-04,1.002336e-03,2.262821e-03,4.302861e-02,1.187404e-03,1.326489e-03,9.929544e-02,1.203813e-03,3.452154e-02,7.152556e-01,8.348440e-02,1.625106e-03,7.886495e-03
1.418787e-03,5.245996e-03,1.565679e-03,1.162738e-03,2.335269e-03,1.115753e-01,1.295465e-03,1.544902e-03,1.006339e-01,1.252517e-03,3.047499e-02,6.671435e-01,6.689193e-02,1.534766e-03,5.924253e-03
1.988883e-03,9.939344e-03,2.433614e-03,1.077180e-03,2.550320e-03,1.125338e-01,1.217541e-03,2.123033e-03,1.600414e-01,1.418963e-03,2.552030e-02,6.215241e-01,5.151626e-02,1.285227e-03,4.829971e-03
2.024969e-03,8.665768e-03,2.847210e-03,1.247077e-03,2.303502e-03,1.042721e-01,1.072765e-03,5.662933e-03,1.387591e-01,1.985922e-03,2.018921e-02,6.618816e-01,4.365101e-02,1.259993e-03,4.176761e-03
2.556949e-03,1.112951e-02,4.468472e-03,1.374686e-03,2.188031e-03,9.595110e-02,8.938453e-04,4.782891e-03,1.208767e-01,3.606163e-03,1.556448e-02,6.959181e-01,3.605558e-02,1.313136e-03,3.320294e-03
3.921167e-03,1.054005e-02,4.902919e-03,1.244102e-03,7.917731e-03,7.346024e-02,1.929816e-03,5.271487e-03,2.556204e-01,4.401786e-03,1.274272e-02,5.778013e-01,3.405058e-02,1.310622e-03,4.884955e-03
3.575002e-03,1.582912e-02,5.594490e-03,1.191293e-03,7.864591e-03,6.432954e-02,3.122104e-03,8.599252e-03,3.907883e-01,5.154726e-03,1.078963e-02,4.450225e-01,3.145638e-02,1.313334e-03,5.369765e-03
5.437580e-03,2.144324e-02,7.183052e-03,1.330715e-03,8.742329e-03,6.647302e-02,5.385148e-03,1.908898e-02,4.772276e-01,5.434863e-03,9.881862e-03,3.346395e-01,3.082782e-02,1.312731e-03,5.591538e-03
7.602086e-03,4.270682e-02,1.507506e-02,1.181131e-02,2.152911e-02,6.403064e-02,6.266359e-03,1.427489e-02,4.824445e-01,2.163670e-02,7.709476e-03,2.529595e-01,4.187265e-02,2.090720e-03,7.990247e-03
1.503537e-02,6.975689e-02,2.120228e-02,2.538063e-02,2.921233e-02,5.727101e-02,5.550232e-03,1.074840e-02,4.411374e-01,3.953822e-02,8.820349e-03,2.150009e-01,4.406054e-02,3.152249e-03,1.413321e-02
1.700719e-02,8.805303e-02,2.840990e-02,5.231069e-02,2.777068e-02,4.314278e-02,5.339803e-03,8.287541e-03,3.878264e-01,7.440859e-02,8.932567e-03,1.961505e-01,3.993108e-02,2.616093e-03,1.981309e-02
1.572307e-02,1.629264e-01,2.781927e-02,5.774242e-02,2.487499e-02,4.070635e-02,4.347899e-03,7.403069e-03,4.033285e-01,5.465619e-02,8.174933e-03,1.447514e-01,2.996577e-02,1.958576e-03,1.562106e-02
1.516560e-02,1.968130e-01,2.198489e-02,4.258060e-02,3.172299e-02,3.963041e-02,5.262957e-03,8.212570e-03,4.547638e-01,3.867259e-02,6.241648e-03,1.044337e-01,2.163210e-02,1.468401e-03,1.141470e-02
1.478741e-02,1.773437e-01,1.733876e-02,3.071305e-02,4.949230e-02,6.269261e-02,8.491494e-03,8.845925e-03,4.885453e-01,2.807625e-02,4.816799e-03,7.789162e-02,2.039821e-02,1.196893e-03,9.369710e-03
1.485498e-02,1.380221e-01,1.745359e-02,2.800230e-02,6.725752e-02,7.220898e-02,3.039309e-02,2.250052e-02,5.038794e-01,2.012792e-02,3.715883e-03,5.789865e-02,1.547480e-02,9.533635e-04,7.256866e-03
2.776333e-02,1.213005e-01,2.241070e-02,4.491362e-02,1.042911e-01,8.529407e-02,2.897608e-02,5.183911e-02,4.233166e-01,1.484991e-02,3.145206e-03,5.282591e-02,1.278100e-02,7.931990e-04,5.499707e-03
3.837615e-02,9.481458e-02,7.726706e-02,1.376399e-01,9.995815e-02,7.923415e-02,2.509080e-02,4.879249e-02,3.264309e-01,1.157792e-02,2.931938e-03,4.249626e-02,1.039855e-02,6.261182e-04,4.365006e-03
8.451411e-02,9.063899e-02,6.736658e-02,1.185828e-01,8.216730e-02,1.339457e-01,2.293813e-02,4.624087e-02,2.606917e-01,1.431147e-02,3.983366e-03,4.501273e-02,2.324616e-02,8.130969e-04,5.546968e-03
1.316511e-01,8.162063e-02,4.966827e-02,8.930975e-02,6.831860e-02,1.512055e-01,1.925523e-02,3.439716e-02,2.462683e-01,1.246932e-02,8.146895e-03,6.874210e-02,3.093022e-02,2.135686e-03,5.881310e-03
1.751630e-01,7.336745e-02,3.567838e-02,6.820557e-02,5.799919e-02,1.693369e-01,1.577768e-02,2.601643e-02,2.392406e-01,1.017833e-02,8.795058e-03,7.220846e-02,4.045022e-02,2.013318e-03,5.569522e-03
2.500952e-01,6.853315e-02,2.753711e-02,5.229992e-02,5.727436e-02,1.543793e-01,1.383710e-02,2.222391e-02,2.318900e-01,7.390290e-03,8.192238e-03,6.291673e-02,3.566313e-02,1.800450e-03,5.967178e-03
2.904909e-01,5.366213e-02,3.738537e-02,8.497210e-02,6.888326e-02,1.161467e-01,1.430500e-02,3.069150e-02,2.058307e-01,5.825178e-03,7.014013e-03,4.693466e-02,2.976049e-02,1.629603e-03,6.468377e-03
3.674930e-01,4.365001e-02,4.282537e-02,7.595334e-02,5.703077e-02,1.032469e-01,1.260489e-02,2.930521e-02,1.725170e-01,4.675112e-03,6.894507e-03,3.739330e-02,3.610185e-02,2.085373e-03,8.223398e-03
3.668602e-01,4.131345e-02,3.973366e-02,5.795077e-02,5.099155e-02,1.283357e-01,1.096901e-02,2.300735e-02,1.475762e-01,3.587622e-03,5.886141e-03,3.020292e-02,8.200054e-02,2.050298e-03,9.534623e-03
3.573674e-01,4.610752e-02,3.988695e-02,4.306421e-02,5.708881e-02,1.417059e-01,9.186482e-03,1.878395e-02,1.769131e-01,2.819958e-03,4.732798e-03,2.234903e-02,6.880362e-02,1.870626e-03,9.319630e-03
4.043803e-01,4.905130e-02,3.535538e-02,3.454013e-02,5.602648e-02,1.142006e-01,9.034481e-03,1.549369e-02,1.757893e-01,2.484792e-03,4.631319e-03,2.244913e-02,5.633350e-02,2.526934e-03,1.770274e-02
4.365124e-01,4.857288e-02,5.464298e-02,4.113842e-02,5.897453e-02,8.864555e-02,9.386437e-03,1.626109e-02,1.451172e-01,2.865207e-03,4.125252e-03,2.118426e-02,4.443625e-02,2.438527e-03,2.569910e-02
4.059646e-01,5.508222e-02,9.937468e-02,7.351960e-02,4.828696e-02,6.617369e-02,7.576475e-03,1.338969e-02,1.076008e-01,9.976402e-03,3.468080e-03,1.903882e-02,3.368486e-02,2.203841e-03,5.465930e-02
4.906142e-01,4.851181e-02,9.938557e-02,5.625236e-02,4.722580e-02,5.112794e-02,6.261066e-03,1.130286e-02,8.338649e-02,8.545083e-03,3.193331e-03,1.645751e-02,3.298527e-02,2.077694e-03,4.267303e-02
1.000000e+00,0.000000e+00,0.000000e+00,0.000000e+00,0.000000e+00,0.000000e+00,0.000000e+00,0.000000e+00,0.000000e+00,0.000000e+00,0.000000e+00,0.000000e+00,0.000000e+00,0.000000e+00,0.000000e+00
1.000000e+00,0.000000e+00,0.000000e+00,0.000000e+00,0.000000e+00,0.000000e+00,0.000000e+00,0.000000e+00,0.000000e+00,0.000000e+00,0.000000e+00,0.000000e+00,0.000000e+00,0.000000e+00,0.000000e+00
1.000000e+00,0.000000e+00,0.000000e+00,0.000000e+00,0.000000e+00,0.000000e+00,0.000000e+00,0.000000e+00,0.000000e+00,0.000000e+00,0.000000e+00,0.000000e+00,0.000000e+00,0.000000e+00,0.000000e+00
4.255221e-01,8.295473e-02,3.929989e-02,1.316290e-01,2.412504e-02,7.403144e-02,3.930040e-03,6.162855e-03,8.925444e-02,1.435939e-02,1.121264e-02,2.812620e-02,3.222957e-02,1.372021e-03,3.579067e-02
3.095847e-01,5.936142e-02,2.940438e-02,1.072532e-01,1.760190e-02,2.939161e-01,3.511964e-03,9.958774e-03,6.707434e-02,1.033628e-02,1.446255e-02,2.523152e-02,2.462146e-02,1.454011e-03,2.622729e-02
2.253988e-01,4.269889e-02,2.121194e-02,1.053824e-01,1.316097e-02,3.886314e-01,4.197861e-03,7.777910e-03,4.963527e-02,1.045022e-02,4.115177e-02,2.109033e-02,3.244257e-02,1.772242e-03,3.499736e-02
1.871659e-01,3.139593e-02,1.547010e-02,8.668827e-02,9.823302e-03,3.591296e-01,4.349824e-03,8.201713e-03,3.825128e-02,8.755669e-03,1.397664e-01,2.212364e-02,5.023712e-02,1.483212e-03,3.715796e-02
2.121328e-01,2.289147e-02,1.094296e-02,6.438605e-02,7.749011e-03,3.041739e-01,6.041059e-03,9.771008e-03,3.748004e-02,1.177218e-02,1.127007e-01,3.515069e-02,1.249184e-01,2.436988e-03,3.745273e-02
2.192965e-01,2.024796e-02,7.835572e-03,5.036951e-02,6.316227e-03,2.712745e-01,6.233729e-03,1.285137e-02,5.062868e-02,2.463994e-02,9.401032e-02,4.300885e-02,1.455977e-01,5.148212e-03,4.254090e-02
2.233979e-01,5.128936e-02,6.308089e-03,4.521134e-02,4.811343e-03,2.050509e-01,4.685521e-03,1.158598e-02,1.082248e-01,1.967973e-02,6.991370e-02,6.484714e-02,1.490487e-01,4.328047e-03,3.161758e-02
2.361476e-01,6.271123e-02,5.071095e-03,3.616229e-02,4.260813e-03,1.552333e-01,3.749506e-03,9.449043e-03,1.204060e-01,1.569336e-02,5.794258e-02,6.601966e-02,1.952130e-01,4.642615e-03,2.729796e-02
