1.000000e+00,0.000000e+00,0.000000e+00,0.000000e+00,0.000000e+00,0.000000e+00,0.000000e+00,0.000000e+00,0.000000e+00,0.000000e+00,0.000000e+00,0.000000e+00,0.000000e+00,0.000000e+00,0.000000e+00
1.000000e+00,0.000000e+00,0.000000e+00,0.000000e+00,0.000000e+00,0.000000e+00,0.000000e+00,0.000000e+00,0.000000e+00,0.000000e+00,0.000000e+00,0.000000e+00,0.000000e+00,0.000000e+00,0.000000e+00
1.000000e+00,0.000000e+00,0.000000e+00,0.000000e+00,0.000000e+00,0.000000e+00,0.000000e+00,0.000000e+00,0.000000e+00,0.000000e+00,0.000000e+00,0.000000e+00,0.000000e+00,0.000000e+00,0.000000e+00
1.000000e+00,0.000000e+00,0.000000e+00,0.000000e+00,0.000000e+00,0.000000e+00,0.000000e+00,0.000000e+00,0.000000e+00,0.000000e+00,0.000000e+00,0.000000e+00,0.000000e+00,0.000000e+00,0.000000e+00
1.000000e+00,0.000000e+00,0.000000e+00,0.000000e+00,0.000000e+00,0.000000e+00,0.000000e+00,0.000000e+00,0.000000e+00,0.000000e+00,0.000000e+00,0.000000e+00,0.000000e+00,0.000000e+00,0.000000e+00
1.000000e+00,0.000000e+00,0.000000e+00,0.000000e+00,0.000000e+00,0.000000e+00,0.000000e+00,0.000000e+00,0.000000e+00,0.000000e+00,0.000000e+00,0.000000e+00,0.000000e+00,0.000000e+00,0.000000e+00
1.000000e+00,0.000000e+00,0.000000e+00,0.000000e+00,0.000000e+00,0.000000e+00,0.000000e+00,0.000000e+00,0.000000e+00,0.000000e+00,0.000000e+00,0.000000e+00,0.000000e+00,0.000000e+00,0.000000e+00
1.000000e+00,0.000000e+00,0.000000e+00,0.000000e+00,0.000000e+00,0.000000e+00,0.000000e+00,0.000000e+00,0.000000e+00,0.000000e+00,0.000000e+00,0.000000e+00,0.000000e+00,0.000000e+00,0.000000e+00
1.000000e+00,0.000000e+00,0.000000e+00,0.000000e+00,0.000000e+00,0.000000e+00,0.000000e+00,0.000000e+00,0.000000e+00,0.000000e+00,0.000000e+00,0.000000e+00,0.000000e+00,0.000000e+00,0.000000e+00
1.000000e+00,0.000000e+00,0.000000e+00,0.000000e+00,0.000000e+00,0.000000e+00,0.000000e+00,0.000000e+00,0.000000e+00,0.000000e+00,0.000000e+00,0.000000e+00,0.000000e+00,0.000000e+00,0.000000e+00
1.000000e+00,0.000000e+00,0.000000e+00,0.000000e+00,0.000000e+00,0.000000e+00,0.000000e+00,0.000000e+00,0.000000e+00,0.000000e+00,0.000000e+00,0.000000e+00,0.000000e+00,0.000000e+00,0.000000e+00
1.000000e+00,0.000000e+00,0.000000e+00,0.000000e+00,0.000000e+00,0.000000e+00,0.000000e+00,0.000000e+00,0.000000e+00,0.000000e+00,0.000000e+00,0.000000e+00,0.000000e+00,0.000000e+00,0.000000e+00
1.000000e+00,0.000000e+00,0.000000e+00,0.000000e+00,0.000000e+00,0.000000e+00,0.000000e+00,0.000000e+00,0.000000e+00,0.000000e+00,0.000000e+00,0.000000e+00,0.000000e+00,0.000000e+00,0.000000e+00
1.000000e+00,0.000000e+00,0.000000e+00,0.000000e+00,0.000000e+00,0.000000e+00,0.000000e+00,0.000000e+00,0.000000e+00,0.000000e+00,0.000000e+00,0.000000e+00,0.000000e+00,0.000000e+00,0.000000e+00
1.000000e+00,0.000000e+00,0.000000e+00,0.000000e+00,0.000000e+00,0.000000e+00,0.000000e+00,0.000000e+00,0.000000e+00,0.000000e+00,0.000000e+00,0.000000e+00,0.000000e+00,0.000000e+00,0.000000e+00
1.000000e+00,0.000000e+00,0.000000e+00,0.000000e+00,0.000000e+00,0.000000e+00,0.000000e+00,0.000000e+00,0.000000e+00,0.000000e+00,0.000000e+00,0.000000e+00,0.000000e+00,0.000000e+00,0.000000e+00
1.000000e+00,0.000000e+00,0.000000e+00,0.000000e+00,0.000000e+00,0.000000e+00,0.000000e+00,0.000000e+00,0.000000e+00,0.000000e+00,0.000000e+00,0.000000e+00,0.000000e+00,0.000000e+00,0.000000e+00
1.000000e+00,0.000000e+00,0.000000e+00,0.000000e+00,0.000000e+00,0.000000e+00,0.000000e+00,0.000000e+00,0.000000e+00,0.000000e+00,0.000000e+00,0.000000e+00,0.000000e+00,0.000000e+00,0.000000e+00
1.000000e+00,0.000000e+00,0.000000e+00,0.000000e+00,0.000000e+00,0.000000e+00,0.000000e+00,0.000000e+00,0.000000e+00,0.000000e+00,0.000000e+00,0.000000e+00,0.000000e+00,0.000000e+00,0.000000e+00
1.000000e+00,0.000000e+00,0.000000e+00,0.000000e+00,0.000000e+00,0.000000e+00,0.000000e+00,0.000000e+00,0.000000e+00,0.000000e+00,0.000000e+00,0.000000e+00,0.000000e+00,0.000000e+00,0.000000e+00
1.000000e+00,0.000000e+00,0.000000e+00,0.000000e+00,0.000000e+00,0.000000e+00,0.000000e+00,0.000000e+00,0.000000e+00,0.000000e+00,0.000000e+00,0.000000e+00,0.000000e+00,0.000000e+00,0.000000e+00
1.000000e+00,0.000000e+00,0.000000e+00,0.000000e+00,0.000000e+00,0.000000e+00,0.000000e+00,0.000000e+00,0.000000e+00,0.000000e+00,0.000000e+00,0.000000e+00,0.000000e+00,0.000000e+00,0.000000e+00
1.000000e+00,0.000000e+00,0.000000e+00,0.000000e+00,0.000000e+00,0.000000e+00,0.000000e+00,0.000000e+00,0.000000e+00,0.000000e+00,0.000000e+00,0.000000e+00,0.000000e+00,0.000000e+00,0.000000e+00
1.000000e+00,0.000000e+00,0.000000e+00,0.000000e+00,0.000000e+00,0.000000e+00,0.000000e+00,0.000000e+00,0.000000e+00,0.000000e+00,0.000000e+00,0.000000e+00,0.000000e+00,0.000000e+00,0.000000e+00
1.000000e+00,0.000000e+00,0.000000e+00,0.000000e+00,0.000000e+00,0.000000e+00,0.000000e+00,0.000000e+00,0.000000e+00,0.000000e+00,0.000000e+00,0.000000e+00,0.000000e+00,0.000000e+00,0.000000e+00
1.000000e+00,0.000000e+00,0.000000e+00,0.000000e+00,0.000000e+00,0.000000e+00,0.000000e+00,0.000000e+00,0.000000e+00,0.000000e+00,0.000000e+00,0.000000e+00,0.000000e+00,0.000000e+00,0.000000e+00
1.000000e+00,0.000000e+00,0.000000e+00,0.000000e+00,0.000000e+00,0.000000e+00,0.000000e+00,0.000000e+00,0.000000e+00,0.000000e+00,0.000000e+00,0.000000e+00,0.000000e+00,0.000000e+00,0.000000e+00
1.000000e+00,0.000000e+00,0.000000e+00,0.000000e+00,0.000000e+00,0.000000e+00,0.000000e+00,0.000000e+00,0.000000e+00,0.000000e+00,0.000000e+00,0.000000e+00,0.000000e+00,0.000000e+00,0.000000e+00
1.000000e+00,0.000000e+00,0.000000e+00,0.000000e+00,0.000000e+00,0.000000e+00,0.000000e+00,0.000000e+00,0.000000e+00,0.000000e+00,0.000000e+00,0.000000e+00,0.000000e+00,0.000000e+00,0.000000e+00
1.000000e+00,0.000000e+00,0.000000e+00,0.000000e+00,0.000000e+00,0.000000e+00,0.000000e+00,0.000000e+00,0.000000e+00,0.000000e+00,0.000000e+00,0.000000e+00,0.000000e+00,0.000000e+00,0.000000e+00
1.000000e+00,0.000000e+00,0.000000e+00,0.000000e+00,0.000000e+00,0.000000e+00,0.000000e+00,0.000000e+00,0.000000e+00,0.000000e+00,0.000000e+00,0.000000e+00,0.000000e+00,0.000000e+00,0.000000e+00
1.000000e+00,0.000000e+00,0.000000e+00,0.000000e+00,0.000000e+00,0.000000e+00,0.000000e+00,0.000000e+00,0.000000e+00,0.000000e+00,0.000000e+00,0.000000e+00,0.000000e+00,0.000000e+00,0.000000e+00
1.000000e+00,0.000000e+00,0.000000e+00,0.000000e+00,0.000000e+00,0.000000e+00,0.000000e+00,0.000000e+00,0.000000e+00,0.000000e+00,0.000000e+00,0.000000e+00,0.000000e+00,0.000000e+00,0.000000e+00
1.000000e+00,0.000000e+00,0.000000e+00,0.000000e+00,0.000000e+00,0.000000e+00,0.000000e+00,0.000000e+00,0.000000e+00,0.000000e+00,0.000000e+00,0.000000e+00,0.000000e+00,0.000000e+00,0.000000e+00
1.000000e+00,0.000000e+00,0.000000e+00,0.000000e+00,0.000000e+00,0.000000e+00,0.000000e+00,0.000000e+00,0.000000e+00,0.000000e+00,0.000000e+00,0.000000e+00,0.000000e+00,0.000000e+00,0.000000e+00
1.000000e+00,0.000000e+00,0.000000e+00,0.000000e+00,0.000000e+00,0.000000e+00,0.000000e+00,0.000000e+00,0.000000e+00,0.000000e+00,0.000000e+00,0.000000e+00,0.000000e+00,0.000000e+00,0.000000e+00
1.000000e+00,0.000000e+00,0.000000e+00,0.000000e+00,0.000000e+00,0.000000e+00,0.000000e+00,0.000000e+00,0.000000e+00,0.000000e+00,0.000000e+00,0.000000e+00,0.000000e+00,0.000000e+00,0.000000e+00
1.000000e+00,0.000000e+00,0.000000e+00,0.000000e+00,0.000000e+00,0.000000e+00,0.000000e+00,0.000000e+00,0.000000e+00,0.000000e+00,0.000000e+00,0.000000e+00,0.000000e+00,0.000000e+00,0.000000e+00
1.000000e+00,0.000000e+00,0.000000e+00,0.000000e+00,0.000000e+00,0.000000e+00,0.000000e+00,0.000000e+00,0.000000e+00,0.000000e+00,0.000000e+00,0.000000e+00,0.000000e+00,0.000000e+00,0.000000e+00
4.040282e-01,5.868742e-02,5.257303e-02,2.288458e-01,1.585816e-02,2.492698e-02,6.320422e-03,3.707334e-02,3.402214e-02,3.575239e-03,3.919308e-02,3.376497e-02,1.158123e-02,8.496284e-03,4.105374e-02
3.722343e-01,8.555187e-02,4.465646e-02,2.307317e-01,2.244131e-02,2.313942e-02,7.897234e-03,3.039132e-02,3.581386e-02,3.915669e-03,4.045376e-02,3.313886e-02,1.287133e-02,9.972347e-03,4.679049e-02
3.051810e-01,9.389098e-02,4.390241e-02,2.625943e-01,2.955262e-02,2.343602e-02,1.004822e-02,3.184158e-02,4.116063e-02,4.304116e-03,4.174265e-02,3.571836e-02,1.439600e-02,1.039912e-02,5.183199e-02
2.459545e-01,9.430479e-02,5.346654e-02,3.286529e-01,3.103647e-02,2.095035e-02,9.159612e-03,3.195065e-02,3.680617e-02,3.736629e-03,3.998718e-02,3.409252e-02,1.320016e-02,9.222123e-03,4.747938e-02
2.535808e-01,9.376251e-02,5.113562e-02,3.170191e-01,3.360968e-02,2.167634e-02,9.538454e-03,2.769444e-02,3.739124e-02,3.933752e-03,4.142693e-02,3.446914e-02,1.573993e-02,1.002076e-02,4.900131e-02
3.062308e-01,8.274733e-02,4.633601e-02,2.654540e-01,3.082321e-02,2.218928e-02,8.342308e-03,2.564993e-02,3.317502e-02,4.755838e-03,4.081985e-02,4.059908e-02,2.258341e-02,1.212029e-02,5.817363e-02
3.723242e-01,7.329535e-02,3.782315e-02,2.127876e-01,2.523038e-02,2.369713e-02,7.690586e-03,2.192865e-02,3.063099e-02,4.925075e-03,4.338079e-02,4.202821e-02,2.699361e-02,1.507562e-02,6.218870e-02
4.736402e-01,6.248576e-02,2.901424e-02,1.666222e-01,2.061393e-02,2.140905e-02,6.904194e-03,1.804212e-02,2.562167e-02,4.438379e-03,3.853112e-02,3.819043e-02,2.642048e-02,1.305269e-02,5.501347e-02
1.000000e+00,0.000000e+00,0.000000e+00,0.000000e+00,0.000000e+00,0.000000e+00,0.000000e+00,0.000000e+00,0.000000e+00,0.000000e+00,0.000000e+00,0.000000e+00,0.000000e+00,0.000000e+00,0.000000e+00
1.000000e+00,0.000000e+00,0.000000e+00,0.000000e+00,0.000000e+00,0.000000e+00,0.000000e+00,0.000000e+00,0.000000e+00,0.000000e+00,0.000000e+00,0.000000e+00,0.000000e+00,0.000000e+00,0.000000e+00
1.000000e+00,0.000000e+00,0.000000e+00,0.000000e+00,0.000000e+00,0.000000e+00,0.000000e+00,0.000000e+00,0.000000e+00,0.000000e+00,0.000000e+00,0.000000e+00,0.000000e+00,0.000000e+00,0.000000e+00
1.000000e+00,0.000000e+00,0.000000e+00,0.000000e+00,0.000000e+00,0.000000e+00,0.000000e+00,0.000000e+00,0.000000e+00,0.000000e+00,0.000000e+00,0.000000e+00,0.000000e+00,0.000000e+00,0.000000e+00
1.000000e+00,0.000000e+00,0.000000e+00,0.000000e+00,0.000000e+00,0.000000e+00,0.000000e+00,0.000000e+00,0.000000e+00,0.000000e+00,0.000000e+00,0.000000e+00,0.000000e+00,0.000000e+00,0.000000e+00
1.000000e+00,0.000000e+00,0.000000e+00,0.000000e+00,0.000000e+00,0.000000e+00,0.000000e+00,0.000000e+00,0.000000e+00,0.000000e+00,0.000000e+00,0.000000e+00,0.000000e+00,0.000000e+00,0.000000e+00
1.000000e+00,0.000000e+00,0.000000e+00,0.000000e+00,0.000000e+00,0.000000e+00,0.000000e+00,0.000000e+00,0.000000e+00,0.000000e+00,0.000000e+00,0.000000e+00,0.000000e+00,0.000000e+00,0.000000e+00
1.000000e+00,0.000000e+00,0.000000e+00,0.000000e+00,0.000000e+00,0.000000e+00,0.000000e+00,0.000000e+00,0.000000e+00,0.000000e+00,0.000000e+00,0.000000e+00,0.000000e+00,0.000000e+00,0.000000e+00
1.000000e+00,0.000000e+00,0.000000e+00,0.000000e+00,0.000000e+00,0.000000e+00,0.000000e+00,0.000000e+00,0.000000e+00,0.000000e+00,0.000000e+00,0.000000e+00,0.000000e+00,0.000000e+00,0.000000e+00
4.883456e-01,1.349821e-02,4.524767e-02,6.067497e-02,3.262406e-02,3.586615e-02,2.426725e-02,1.828469e-01,8.398856e-03,2.342185e-03,2.313870e-02,4.034003e-02,2.026282e-02,6.330722e-03,1.581581e-02
1.000000e+00,0.000000e+00,0.000000e+00,0.000000e+00,0.000000e+00,0.000000e+00,0.000000e+00,0.000000e+00,0.000000e+00,0.000000e+00,0.000000e+00,0.000000e+00,0.000000e+00,0.000000e+00,0.000000e+00
1.000000e+00,0.000000e+00,0.000000e+00,0.000000e+00,0.000000e+00,0.000000e+00,0.000000e+00,0.000000e+00,0.000000e+00,0.000000e+00,0.000000e+00,0.000000e+00,0.000000e+00,0.000000e+00,0.000000e+00
1.000000e+00,0.000000e+00,0.000000e+00,0.000000e+00,0.000000e+00,0.000000e+00,0.000000e+00,0.000000e+00,0.000000e+00,0.000000e+00,0.000000e+00,0.000000e+00,0.000000e+00,0.000000e+00,0.000000e+00
1.000000e+00,0.000000e+00,0.000000e+00,0.000000e+00,0.000000e+00,0.000000e+00,0.000000e+00,0.000000e+00,0.000000e+00,0.000000e+00,0.000000e+00,0.000000e+00,0.000000e+00,0.000000e+00,0.000000e+00
1.000000e+00,0.000000e+00,0.000000e+00,0.000000e+00,0.000000e+00,0.000000e+00,0.000000e+00,0.000000e+00,0.000000e+00,0.000000e+00,0.000000e+00,0.000000e+00,0.000000e+00,0.000000e+00,0.000000e+00
4.667165e-01,2.974593e-02,1.633465e-02,2.283556e-01,1.636550e-02,3.813543e-02,6.023692e-03,2.974441e-02,1.499788e-02,2.282464e-02,2.945757e-02,3.147426e-02,2.389759e-02,6.821711e-03,3.910473e-02
3.370775e-01,2.688027e-02,1.762794e-02,3.088494e-01,1.334559e-02,2.893163e-02,4.827739e-03,2.164506e-02,2.026536e-02,6.548577e-02,4.460602e-02,3.097651e-02,3.002825e-02,5.642106e-03,4.381090e-02
2.630070e-01,2.791793e-02,1.565981e-02,2.952300e-01,1.042354e-02,2.679706e-02,3.652234e-03,1.660315e-02,4.111131e-02,8.012098e-02,5.961324e-02,4.581183e-02,2.778632e-02,8.587551e-03,7.767808e-02
3.029550e-01,2.308997e-02,1.167124e-02,2.269864e-01,1.083350e-02,2.742448e-02,3.726379e-03,1.305787e-02,4.684526e-02,6.685542e-02,8.176935e-02,8.085412e-02,2.604754e-02,8.826176e-03,6.905733e-02
2.418725e-01,1.924202e-02,1.551171e-02,2.862648e-01,9.123734e-03,2.252266e-02,2.846182e-03,1.138039e-02,5.265509e-02,5.272204e-02,1.195001e-01,8.066234e-02,2.109665e-02,7.287999e-03,5.731188e-02
1.746284e-01,1.884705e-02,1.656301e-02,2.076670e-01,1.086879e-02,1.727350e-02,2.346113e-03,8.388369e-03,1.413031e-01,3.817004e-02,1.225776e-01,1.730871e-01,1.675981e-02,7.139504e-03,4.438065e-02
1.266008e-01,1.909341e-02,1.694238e-02,1.499084e-01,1.030479e-02,1.405385e-02,1.990050e-03,7.777074e-03,1.616779e-01,2.757491e-02,1.182032e-01,2.896227e-01,1.338304e-02,9.717540e-03,3.315000e-02
9.730057e-02,1.616302e-02,2.845530e-02,1.668248e-01,1.167517e-02,1.797194e-02,2.027451e-03,1.496375e-02,1.560656e-01,2.007882e-02,1.039398e-01,3.204069e-01,1.087156e-02,8.157715e-03,2.509765e-02
6.983883e-02,1.378462e-02,3.546137e-02,1.205123e-01,1.223949e-02,1.500859e-02,1.635132e-03,1.273770e-02,1.184159e-01,1.511496e-02,1.518668e-01,3.904483e-01,8.189075e-03,1.658420e-02,1.816275e-02
7.251775e-02,1.472839e-02,5.313051e-02,9.522536e-02,1.205939e-02,2.077347e-02,2.193541e-03,1.558376e-02,9.197865e-02,1.287165e-02,1.503773e-01,4.144652e-01,7.109027e-03,2.181065e-02,1.517530e-02
5.772726e-02,1.747217e-02,4.995485e-02,7.133980e-02,1.009744e-02,2.687657e-02,1.974949e-03,1.721754e-02,7.559279e-02,1.089593e-02,1.416883e-01,4.746172e-01,6.998251e-03,2.519849e-02,1.234841e-02
5.682586e-02,4.158878e-02,6.207494e-02,5.483238e-02,1.190821e-02,2.780690e-02,2.935523e-03,2.505079e-02,8.216431e-02,9.402314e-03,1.453407e-01,4.308049e-01,5.688296e-03,3.152950e-02,1.204657e-02
8.584183e-02,4.375651e-02,6.528977e-02,6.015589e-02,1.497899e-02,2.754284e-02,2.956568e-03,2.408523e-02,1.176412e-01,8.620685e-03,1.190440e-01,3.143423e-01,7.731145e-03,9.057708e-02,1.743596e-02
8.407938e-02,3.779490e-02,5.440129e-02,5.077643e-02,1.199896e-02,2.285949e-02,2.596722e-03,2.557972e-02,1.108121e-01,7.114196e-03,9.288999e-02,2.221551e-01,6.621167e-03,2.546747e-01,1.564577e-02
8.400834e-02,3.267016e-02,4.572130e-02,4.466835e-02,9.054231e-03,2.318720e-02,2.179952e-03,2.261684e-02,9.625199e-02,7.108618e-03,7.450069e-02,1.597462e-01,7.395441e-03,3.738031e-01,1.708756e-02
1.159516e-01,2.746798e-02,5.014621e-02,6.220167e-02,7.714958e-03,1.937538e-02,1.900538e-03,3.342922e-02,8.884305e-02,9.141484e-03,9.059331e-02,1.139597e-01,9.574793e-03,3.553260e-01,1.437407e-02
9.364639e-02,2.130058e-02,4.489162e-02,8.329810e-02,6.336273e-03,1.587026e-02,1.431254e-03,3.516808e-02,7.913078e-02,2.070962e-02,1.594628e-01,8.648777e-02,2.304705e-02,3.149649e-01,1.425455e-02
7.467865e-02,1.576875e-02,3.381929e-02,1.120282e-01,6.316313e-03,1.273251e-02,1.148286e-03,2.594435e-02,6.728277e-02,4.332420e-02,1.927803e-01,7.419945e-02,5.669334e-02,2.563677e-01,2.691592e-02
5.926353e-02,1.202481e-02,3.112788e-02,9.014359e-02,5.649408e-02,1.038772e-02,1.614615e-03,3.155845e-02,5.450146e-02,5.377648e-02,2.135159e-01,6.279720e-02,8.372222e-02,2.086523e-01,3.041968e-02
4.502860e-02,9.524272e-03,2.317991e-02,6.330772e-02,1.324210e-01,7.894513e-03,1.948514e-03,2.341590e-02,1.546381e-01,5.237867e-02,1.888758e-01,4.797379e-02,7.273126e-02,1.520007e-01,2.468121e-02
3.592949e-02,8.991200e-03,1.724126e-02,4.441176e-02,1.071032e-01,7.651384e-03,2.418659e-03,1.713316e-02,3.706084e-01,3.943859e-02,1.365763e-01,3.376762e-02,5.208430e-02,1.080570e-01,1.858773e-02
2.933710e-02,1.094138e-02,1.602817e-02,3.178165e-02,9.997275e-02,7.400914e-03,4.338783e-03,1.324250e-02,5.056344e-01,2.913120e-02,9.745050e-02,2.388989e-02,3.857936e-02,7.637492e-02,1.589652e-02
3.170180e-02,1.093998e-02,2.100666e-02,2.437598e-02,1.164269e-01,8.230647e-03,7.233107e-03,3.240370e-02,5.292060e-01,2.547111e-02,7.171217e-02,1.694762e-02,3.635587e-02,5.421531e-02,1.377309e-02
3.153915e-02,1.202165e-02,2.167434e-02,2.141209e-02,1.420432e-01,7.502514e-03,7.632982e-03,3.122203e-02,5.425463e-01,2.121929e-02,5.458950e-02,1.228982e-02,2.954117e-02,3.878216e-02,2.598381e-02
3.435276e-02,1.258861e-02,3.695900e-02,2.092237e-02,1.480301e-01,7.340964e-03,7.323201e-03,3.339548e-02,4.956281e-01,2.863963e-02,4.322271e-02,9.020331e-03,2.347989e-02,2.818361e-02,7.091323e-02
3.495745e-02,1.364405e-02,3.305730e-02,1.629031e-02,1.513643e-01,6.573189e-03,7.795590e-03,3.950232e-02,5.315109e-01,2.441557e-02,3.730886e-02,7.014113e-03,2.009773e-02,2.040069e-02,5.606760e-02
3.588248e-02,1.523474e-02,2.550156e-02,1.262951e-02,1.665277e-01,6.672849e-03,7.561847e-03,6.512628e-02,5.352286e-01,1.984502e-02,2.830030e-02,5.210274e-03,1.878819e-02,1.450972e-02,4.298089e-02
5.978057e-02,2.504571e-02,2.619174e-02,1.836242e-02,2.073694e-01,1.063564e-02,7.120900e-03,6.433646e-02,4.271969e-01,1.893740e-02,2.501788e-02,6.186092e-03,2.781951e-02,1.328578e-02,6.271362e-02
5.149964e-02,2.338424e-02,2.100559e-02,2.603322e-02,1.597208e-01,9.560985e-03,5.688244e-03,4.667656e-02,4.903608e-01,1.641871e-02,2.275968e-02,8.248616e-03,3.961666e-02,1.283724e-02,6.618910e-02
4.208338e-02,1.982510e-02,1.855698e-02,2.417614e-02,1.255143e-01,8.687641e-03,4.384014e-03,3.609898e-02,4.959908e-01,1.503145e-02,2.767678e-02,1.110548e-02,5.249465e-02,2.131382e-02,9.706060e-02
6.751048e-02,1.583320e-02,1.413458e-02,2.283785e-02,1.028770e-01,9.714453e-03,3.937082e-03,2.860914e-02,3.665763e-01,1.241163e-02,2.492371e-02,8.677552e-02,1.456371e-01,1.792177e-02,8.030018e-02
6.739464e-02,1.219238e-02,1.044119e-02,1.853462e-02,7.584606e-02,9.001710e-03,3.075279e-03,2.134009e-02,2.612353e-01,9.403459e-03,2.413624e-02,2.308297e-01,1.829677e-01,1.568403e-02,5.791770e-02
4.922317e-02,8.754691e-03,7.419817e-03,1.327979e-02,5.415109e-02,7.020327e-03,2.269031e-03,1.537536e-02,1.840368e-01,6.728275e-03,1.956828e-02,3.848931e-01,1.950158e-01,1.141180e-02,4.085278e-02
3.951641e-02,8.287791e-03,6.069236e-03,1.188698e-02,3.871416e-02,2.017543e-02,2.267735e-03,1.307256e-02,1.388201e-01,4.902761e-03,1.488679e-02,4.452542e-01,2.178544e-01,8.953943e-03,2.933749e-02
3.061887e-02,7.449168e-03,4.500738e-03,9.288648e-03,2.778155e-02,3.799020e-02,1.902867e-03,9.556674e-03,1.042490e-01,3.836362e-03,2.306645e-02,4.989691e-01,2.096064e-01,9.492723e-03,2.169129e-02
2.957463e-02,6.194996e-03,4.179579e-03,8.779299e-03,2.544936e-02,3.088118e-02,2.451948e-03,8.983372e-03,8.409813e-02,3.443903e-03,2.213850e-02,4.966033e-01,2.547516e-01,6.702696e-03,1.576748e-02
2.726813e-02,4.874937e-03,3.319091e-03,7.359641e-03,1.949599e-02,2.544719e-02,2.284969e-03,7.740859e-03,6.279285e-02,2.700885e-03,1.975703e-02,5.215341e-01,2.792782e-01,4.832224e-03,1.131390e-02
2.187845e-02,4.651639e-03,4.932834e-03,6.156207e-03,2.055843e-02,2.083012e-02,3.509629e-03,7.179124e-03,5.253681e-02,2.041013e-03,1.622849e-02,4.936203e-01,3.338489e-01,3.657428e-03,8.370687e-03
1.936261e-02,5.187732e-03,5.042529e-03,4.672842e-03,3.905063e-02,1.584721e-02,3.122139e-03,6.985576e-03,4.441132e-02,1.827271e-03,1.319437e-02,4.876764e-01,3.445532e-01,2.744643e-03,6.321494e-03
2.103513e-02,5.528070e-03,5.851837e-03,4.180829e-03,6.991393e-02,1.324242e-02,2.913372e-03,6.883902e-03,4.389768e-02,1.958165e-03,1.081741e-02,4.841075e-01,3.219574e-01,2.533727e-03,5.178627e-03
2.824884e-02,2.317675e-02,1.672784e-02,8.033823e-03,6.368758e-02,1.429506e-02,3.632100e-03,7.125313e-03,3.737159e-02,1.772783e-03,1.083019e-02,4.895856e-01,2.876209e-01,3.341120e-03,4.550595e-03
2.881930e-02,1.990420e-02,1.503657e-02,7.140745e-03,8.201305e-02,1.724830e-02,3.321066e-03,6.649952e-03,2.927113e-02,1.593579e-03,1.120047e-02,5.475544e-01,2.237670e-01,2.727224e-03,3.753135e-03
2.949414e-02,1.547624e-02,1.461646e-02,5.213289e-03,1.649344e-01,1.997298e-02,8.452703e-03,7.762060e-03,2.455061e-02,1.223064e-03,8.321282e-03,5.209923e-01,1.741906e-01,1.956870e-03,2.843001e-03
3.422551e-02,1.622738e-02,2.799132e-02,4.074641e-03,1.521212e-01,2.892307e-02,1.573506e-02,6.721983e-03,1.901904e-02,9.757877e-04,6.017662e-03,5.300626e-01,1.541135e-01,1.413441e-03,2.377843e-03
3.782346e-02,1.700005e-02,4.295868e-02,3.297454e-03,1.430486e-01,2.661244e-02,1.965440e-02,7.415326e-03,1.676052e-02,8.768451e-04,4.371752e-03,5.351572e-01,1.415918e-01,1.070400e-03,2.361083e-03
3.865201e-02,1.956744e-02,1.229026e-01,3.315860e-03,1.200004e-01,3.668911e-02,2.504867e-02,1.902271e-02,1.793991e-02,1.124374e-03,3.448318e-03,4.317407e-01,1.568314e-01,9.417790e-04,2.774783e-03
3.568281e-02,2.094380e-02,2.658317e-01,1.287394e-02,9.733046e-02,4.498878e-02,2.287089e-02,3.542717e-02,1.697799e-02,1.491379e-03,3.019849e-03,3.115231e-01,1.265758e-01,7.869487e-04,3.675466e-03
5.347112e-02,1.676368e-02,3.606012e-01,1.199503e-02,8.588124e-02,3.845938e-02,2.243251e-02,3.382649e-02,1.399083e-02,1.240019e-03,2.281924e-03,2.363071e-01,1.190930e-01,8.067684e-04,2.849571e-03
5.421517e-02,1.388267e-02,4.766714e-01,1.194214e-02,7.390691e-02,3.766259e-02,1.861741e-02,2.802585e-02,1.156640e-02,1.296931e-03,1.887611e-03,1.663582e-01,1.003365e-01,8.124441e-04,2.817854e-03
6.748791e-02,1.580964e-02,4.904704e-01,9.165244e-03,7.551102e-02,4.151620e-02,1.909351e-02,3.089228e-02,1.225779e-02,1.208922e-03,1.460200e-03,1.180806e-01,1.126198e-01,1.197434e-03,3.229023e-03
6.500328e-02,2.173673e-02,4.094377e-01,8.194792e-03,8.622060e-02,1.352824e-01,1.680269e-02,2.998435e-02,1.767915e-02,1.007087e-03,1.521139e-03,8.735586e-02,1.141445e-01,1.582286e-03,4.047348e-03
6.604812e-02,2.786080e-02,3.168169e-01,9.322379e-03,1.049503e-01,2.118880e-01,1.510317e-02,3.694962e-02,2.643842e-02,1.066958e-03,1.802057e-03,6.621477e-02,1.075890e-01,1.833454e-03,6.116096e-03
7.310340e-02,2.707577e-02,2.647710e-01,9.928284e-03,1.163811e-01,2.127973e-01,1.255294e-02,3.449705e-02,2.485494e-02,1.055218e-03,2.559043e-03,6.389919e-02,1.468222e-01,1.910495e-03,7.792088e-03
8.402346e-02,2.530600e-02,2.483639e-01,8.232601e-03,1.029541e-01,2.201317e-01,9.456550e-03,2.647738e-02,2.183808e-02,1.136767e-03,3.858998e-03,6.824289e-02,1.710091e-01,1.947060e-03,7.021362e-03
9.327898e-02,4.206762e-02,2.440792e-01,2.709471e-02,1.033158e-01,1.962740e-01,8.037223e-03,2.941149e-02,1.772299e-02,1.225262e-03,7.658317e-03,6.237250e-02,1.581585e-01,1.722709e-03,7.580852e-03
1.189163e-01,5.867145e-02,2.586470e-01,9.311470e-02,7.937158e-02,1.460906e-01,5.993903e-03,2.248132e-02,1.588264e-02,1.690001e-03,7.506378e-03,4.694159e-02,1.258712e-01,1.541183e-03,1.728019e-02
1.660281e-01,7.480802e-02,2.506180e-01,7.908889e-02,7.493958e-02,1.365726e-01,4.809144e-03,1.823457e-02,1.774343e-02,1.858388e-03,6.456069e-03,3.433770e-02,1.099067e-01,1.701317e-03,2.289748e-02
3.214408e-01,7.088383e-02,1.936064e-01,6.532525e-02,6.476130e-02,1.044478e-01,4.149238e-03,1.551602e-02,1.932046e-02,1.573986e-03,6.123045e-03,2.613891e-02,8.660349e-02,1.691408e-03,1.841802e-02
4.553523e-01,5.859013e-02,1.613590e-01,5.309997e-02,4.917209e-02,7.755938e-02,3.683145e-03,1.256775e-02,1.603677e-02,1.556523e-03,6.790571e-03,2.343016e-02,6.312211e-02,1.941192e-03,1.573886e-02
1.000000e+00,0.000000e+00,0.000000e+00,0.000000e+00,0.000000e+00,0.000000e+00,0.000000e+00,0.000000e+00,0.000000e+00,0.000000e+00,0.000000e+00,0.000000e+00,0.000000e+00,0.000000e+00,0.000000e+00
4.341044e-01,3.921008e-02,1.476178e-01,4.254462e-02,2.712409e-02,4.255248e-02,2.256118e-03,8.125326e-03,4.584943e-02,6.224823e-02,7.204335e-03,1.570960e-02,3.622689e-02,2.075115e-03,8.715136e-02
3.268911e-01,2.858139e-02,3.080064e-01,5.470377e-02,1.947045e-02,3.088630e-02,1.670794e-03,1.442802e-02,4.218784e-02,5.595440e-02,9.566661e-03,1.196069e-02,2.808684e-02,1.791787e-03,6.581350e-02
2.486640e-01,2.162394e-02,4.610979e-01,4.225984e-02,1.412235e-02,2.439347e-02,1.329952e-03,1.713666e-02,3.025882e-02,4.725586e-02,8.295434e-03,9.142181e-03,2.070105e-02,3.745038e-03,4.997339e-02
1.755659e-01,1.603870e-02,3.509184e-01,3.098867e-02,9.943086e-03,1.760466e-02,9.493941e-04,1.232740e-02,3.736190e-02,2.717888e-01,8.223329e-03,6.545335e-03,1.656698e-02,2.897255e-03,4.228018e-02
1.330174e-01,1.289496e-02,2.769951e-01,3.098011e-02,7.778248e-03,1.387636e-02,8.002578e-04,9.250114e-03,5.444632e-02,3.415014e-01,2.558662e-02,6.127414e-03,3.184513e-02,3.809124e-03,5.109149e-02
1.105736e-01,1.255972e-02,2.345699e-01,3.398956e-02,6.684324e-03,1.093421e-02,7.311630e-04,6.846553e-03,1.449351e-01,3.233915e-01,2.164767e-02,5.256033e-03,2.714301e-02,4.586828e-03,5.615082e-02
1.234414e-01,1.657299e-02,1.711588e-01,3.625397e-02,6.571822e-03,1.204646e-02,1.169522e-03,7.119876e-03,2.294392e-01,2.401081e-01,3.772598e-02,4.280868e-03,2.780612e-02,9.500341e-03,7.680453e-02
1.389172e-01,1.951878e-02,1.263797e-01,7.060632e-02,1.435129e-02,1.149201e-02,2.351686e-03,1.129425e-02,2.701013e-01,1.692781e-01,3.448962e-02,4.646779e-03,3.041491e-02,1.215904e-02,8.399902e-02
1.494412e-01,1.998832e-02,1.015841e-01,1.048232e-01,1.284992e-02,1.012624e-02,1.984254e-03,1.156352e-02,2.462152e-01,1.190157e-01,3.317241e-02,4.515996e-03,3.152601e-02,1.147486e-02,1.417191e-01
1.424266e-01,1.833639e-02,8.206667e-02,1.081815e-01,1.663179e-02,1.017614e-02,1.978454e-03,1.174629e-02,1.933558e-01,8.373392e-02,2.835611e-02,4.239507e-03,2.763969e-02,1.178489e-02,2.593463e-01
1.720548e-01,2.584314e-02,6.397299e-02,1.016369e-01,2.154168e-02,9.485394e-03,2.128893e-03,1.060124e-02,1.799995e-01,5.983362e-02,2.241769e-02,4.736136e-03,2.269774e-02,1.225061e-02,2.907997e-01
1.329197e-01,3.047651e-02,5.198044e-02,1.075250e-01,1.863219e-02,7.910022e-03,1.705202e-03,1.067175e-02,2.892801e-01,4.272892e-02,1.714545e-02,3.773961e-03,1.808590e-02,1.024864e-02,2.569163e-01
1.396806e-01,2.687297e-02,1.141407e-01,1.226945e-01,1.654457e-02,7.769364e-03,1.853044e-03,1.348349e-02,2.653296e-01,3.341822e-02,1.610547e-02,4.908568e-03,1.774067e-02,1.011085e-02,2.093474e-01
1.298712e-01,2.367292e-02,1.369327e-01,1.170806e-01,1.546201e-02,7.029769e-03,1.924337e-03,6.119685e-02,2.533735e-01,2.583917e-02,1.732283e-02,4.183486e-03,1.533884e-02,8.073618e-03,1.826981e-01
1.341098e-01,2.025598e-02,1.153624e-01,9.410286e-02,2.048633e-02,6.348466e-03,1.981655e-03,2.194206e-01,1.827203e-01,1.844380e-02,1.640712e-02,4.070386e-03,1.629998e-02,6.188783e-03,1.438014e-01
1.026765e-01,1.476771e-02,8.288106e-02,6.818710e-02,1.718425e-02,6.408833e-03,1.555705e-03,4.326979e-01,1.283591e-01,1.294215e-02,1.189523e-02,2.932727e-03,1.166531e-02,4.520687e-03,1.013258e-01
7.907249e-02,1.064673e-02,5.963283e-02,4.826843e-02,1.381654e-02,6.892314e-03,1.139687e-03,5.865536e-01,9.039599e-02,9.099437e-03,9.046451e-03,2.293173e-03,8.586391e-03,3.340392e-03,7.121558e-02
6.287214e-02,8.018323e-03,4.237111e-02,3.534327e-02,1.315222e-02,9.924063e-03,8.474463e-04,6.846415e-01,6.530786e-02,6.426088e-03,8.284449e-03,2.677957e-03,7.521229e-03,2.407968e-03,5.020444e-02
6.746508e-02,7.370411e-03,3.165019e-02,3.337808e-02,1.182831e-02,1.277211e-02,7.178501e-04,6.160411e-01,7.496351e-02,5.171895e-03,4.749527e-02,1.689622e-02,3.533426e-02,1.973667e-03,3.694210e-02
6.040205e-02,6.103259e-03,2.373705e-02,6.436092e-02,9.275325e-03,3.611724e-02,6.078030e-04,5.118613e-01,6.609266e-02,4.165033e-03,5.482618e-02,2.307622e-02,1.105251e-01,1.616520e-03,2.723347e-02
5.859942e-02,4.759217e-03,1.683239e-02,5.604945e-02,6.709505e-03,3.840948e-02,5.637453e-04,3.647078e-01,4.799855e-02,3.260631e-03,4.760198e-02,1.820962e-02,3.151609e-01,1.240469e-03,1.989690e-02
5.824917e-02,3.915944e-03,1.210007e-02,4.348773e-02,5.160837e-03,3.017371e-02,5.112951e-04,2.607626e-01,3.620799e-02,2.526206e-03,4.112016e-02,1.556411e-02,4.743475e-01,9.471538e-04,1.492558e-02
4.815384e-02,2.898176e-03,8.603740e-03,3.164560e-02,3.885133e-03,2.485581e-02,4.471162e-04,1.839278e-01,2.609538e-02,1.811986e-03,2.984857e-02,1.194599e-02,6.143753e-01,6.887038e-04,1.081688e-02
3.539242e-02,3.075269e-03,6.356422e-03,2.354979e-02,3.251126e-03,3.552005e-02,7.810384e-04,1.297375e-01,2.099573e-02,1.459802e-03,2.171036e-02,1.124361e-02,6.982712e-01,5.225686e-04,8.133219e-03
2.936033e-02,3.371286e-03,5.094815e-03,1.726397e-02,3.342984e-03,5.402105e-02,1.293488e-03,9.224296e-02,1.795557e-02,1.216937e-03,1.672432e-02,1.049341e-02,7.407142e-01,4.574636e-04,6.447221e-03
2.336841e-02,4.135613e-03,4.389392e-03,1.244798e-02,2.815255e-03,4.273507e-02,1.020759e-03,6.499244e-02,1.618641e-02,9.913630e-04,1.250227e-02,1.488739e-02,7.941561e-01,4.070394e-04,4.964437e-03
2.492243e-02,1.002977e-02,4.715736e-03,9.495664e-03,2.863556e-03,3.490104e-02,1.067438e-03,4.704962e-02,2.367056e-02,1.003437e-03,9.830374e-03,1.683115e-02,8.088720e-01,4.502657e-04,4.296891e-03
2.709116e-02,4.731569e-02,2.445698e-02,8.121631e-02,2.814896e-03,2.993341e-02,8.447347e-04,3.350867e-02,4.914413e-02,4.909513e-03,7.750206e-03,1.785978e-02,6.424364e-01,4.414397e-04,3.027662e-02
1.428468e-01,4.452710e-02,2.721050e-02,7.516562e-02,3.922762e-03,3.086296e-02,9.272000e-04,2.494788e-02,7.220985e-02,5.984298e-03,7.090708e-03,2.016653e-02,5.037903e-01,7.932805e-04,3.955411e-02
2.325394e-01,4.388918e-02,2.534803e-02,5.798022e-02,5.134513e-03,4.404452e-02,1.648853e-03,2.120681e-02,7.571678e-02,8.060377e-03,6.552102e-03,2.140312e-02,4.102414e-01,1.907652e-03,4.432697e-02
2.407780e-01,5.090192e-02,3.376218e-02,4.417498e-02,1.401058e-02,5.101152e-02,2.475586e-03,1.680588e-02,1.098551e-01,1.088307e-02,6.991599e-03,1.603308e-02,3.252197e-01,3.202184e-03,7.389453e-02
2.132602e-01,9.129075e-02,3.041838e-02,6.448653e-02,2.342049e-02,4.917932e-02,3.230199e-03,1.406326e-02,1.755728e-01,9.868795e-03,6.917419e-03,1.317304e-02,2.308170e-01,2.674719e-03,7.162718e-02
2.124343e-01,1.030866e-01,3.729688e-02,6.728733e-02,1.870380e-02,3.707804e-02,2.477908e-03,1.083129e-02,1.626821e-01,1.597388e-02,7.907061e-03,1.250527e-02,1.649005e-01,3.001060e-03,1.438340e-01
3.072814e-01,8.708155e-02,3.439924e-02,6.404521e-02,2.823296e-02,4.940618e-02,4.300348e-03,1.653566e-02,1.401950e-01,1.316578e-02,7.172054e-03,1.270885e-02,1.278990e-01,2.611881e-03,1.049649e-01
3.414679e-01,7.392610e-02,2.804262e-02,5.549116e-02,3.925597e-02,8.603629e-02,5.905020e-03,2.174596e-02,1.095781e-01,1.000927e-02,6.399382e-03,1.064293e-02,1.297475e-01,2.417354e-03,7.933448e-02
3.069862e-01,7.158154e-02,2.338532e-02,5.202164e-02,6.326307e-02,1.644337e-01,8.209123e-03,2.085846e-02,1.005716e-01,7.253717e-03,6.085313e-03,8.688815e-03,1.009520e-01,2.771381e-03,6.293822e-02
2.541650e-01,9.020250e-02,2.454924e-02,6.096624e-02,9.911211e-02,1.779396e-01,1.285128e-02,3.824182e-02,9.035321e-02,5.951630e-03,5.668312e-03,8.048026e-03,7.707462e-02,2.671086e-03,5.220534e-02
2.269413e-01,9.837069e-02,4.668894e-02,1.590277e-01,8.477990e-02,1.374018e-01,1.032400e-02,3.607791e-02,7.247900e-02,6.311201e-03,5.728632e-03,7.518859e-03,5.566680e-02,2.190770e-03,5.049247e-02
3.626226e-01,7.740031e-02,3.773157e-02,1.468292e-01,6.574314e-02,1.057645e-01,7.674535e-03,2.790357e-02,5.915975e-02,5.372653e-03,6.411774e-03,9.266252e-03,4.469657e-02,2.253233e-03,4.117038e-02
4.434353e-01,6.880873e-02,3.166299e-02,1.173343e-01,6.385912e-02,8.833285e-02,6.159796e-03,2.305520e-02,5.826062e-02,4.541373e-03,6.458868e-03,9.764715e-03,3.786502e-02,2.519546e-03,3.794155e-02
4.241848e-01,8.627336e-02,4.226664e-02,1.364166e-01,6.682673e-02,6.818630e-02,5.811496e-03,3.374372e-02,4.771031e-02,4.456340e-03,7.720097e-03,9.867601e-03,2.848826e-02,3.934529e-03,3.411324e-02
4.195559e-01,7.098004e-02,3.569471e-02,1.183252e-01,5.724951e-02,4.998295e-02,4.962096e-03,1.343137e-01,3.678304e-02,3.652904e-03,7.713434e-03,8.850286e-03,2.101684e-02,4.008367e-03,2.691097e-02
3.746830e-01,5.100733e-02,2.775109e-02,8.914182e-02,4.306559e-02,3.573300e-02,4.153294e-03,2.956060e-01,2.627281e-02,2.636349e-03,5.783332e-03,6.564869e-03,1.499532e-02,3.153165e-03,1.945309e-02
3.475195e-01,3.700970e-02,2.117835e-02,6.524454e-02,3.567138e-02,2.645338e-02,3.780594e-03,4.047754e-01,1.862424e-02,1.945759e-03,4.724890e-03,5.096644e-03,1.101516e-02,2.502932e-03,1.445745e-02
3.115419e-01,2.708235e-02,1.656290e-02,4.820843e-02,2.963348e-02,2.059307e-02,3.642309e-03,4.981112e-01,1.320546e-02,1.466639e-03,4.203638e-03,4.394779e-03,8.360612e-03,2.065769e-03,1.092739e-02
2.401498e-01,1.990600e-02,1.256004e-02,3.541016e-02,2.376143e-02,1.520057e-02,2.964781e-03,6.178665e-01,9.403253e-03,1.084049e-03,3.135312e-03,3.176914e-03,6.004571e-03,1.517287e-03,7.859389e-03
1.933623e-01,1.430544e-02,9.265982e-03,2.522357e-02,1.796484e-02,1.132824e-02,2.684399e-03,7.026808e-01,6.716838e-03,7.906840e-04,2.294712e-03,2.332594e-03,4.321885e-03,1.109215e-03,5.618509e-03
1.571387e-01,1.028807e-02,7.468376e-03,1.815495e-02,1.372114e-02,9.931738e-03,2.597311e-03,7.630067e-01,4.886194e-03,6.074316e-04,1.876557e-03,1.895978e-03,3.332878e-03,9.308886e-04,4.163137e-03
1.255287e-01,7.332198e-03,5.720747e-03,1.316676e-02,1.303893e-02,7.730762e-03,2.655337e-03,8.117532e-01,3.562655e-03,4.470193e-04,1.461114e-03,1.412698e-03,2.466851e-03,7.284492e-04,2.994564e-03
1.153586e-01,5.366136e-03,5.120137e-03,9.961734e-03,1.122901e-02,1.030784e-02,6.567251e-03,8.226027e-01,2.731825e-03,4.446591e-04,1.608612e-03,1.809147e-03,3.804257e-03,6.486498e-04,2.439388e-03
1.614692e-01,4.072990e-03,5.462133e-03,7.684068e-03,1.024958e-02,1.123662e-02,6.906221e-03,7.774832e-01,2.290308e-03,5.069086e-04,1.846762e-03,3.995105e-03,3.708397e-03,6.490300e-04,2.439572e-03
2.152000e-01,3.057219e-03,4.781127e-03,6.070078e-03,8.856599e-03,1.160084e-02,6.415898e-03,7.276169e-01,1.972249e-03,6.526642e-04,1.914603e-03,5.108931e-03,3.694003e-03,6.200565e-04,2.438837e-03
2.210619e-01,2.393504e-03,4.089503e-03,5.029768e-03,9.218171e-03,1.209586e-02,6.060525e-03,7.210236e-01,3.452401e-03,9.015895e-04,2.260431e-03,5.567115e-03,3.884315e-03,5.939447e-04,2.367407e-03
3.012738e-01,2.886220e-03,3.448864e-03,6.108802e-03,9.116310e-03,1.174242e-02,5.010035e-03,6.264271e-01,5.819326e-03,1.795943e-03,6.136161e-03,8.485772e-03,7.777005e-03,8.079638e-04,3.164328e-03
3.209324e-01,3.965465e-03,3.092273e-03,9.012276e-03,1.064786e-02,1.796811e-02,4.489973e-03,5.273509e-01,1.059362e-02,3.854486e-03,1.422930e-02,1.097501e-02,5.615876e-02,1.254576e-03,5.474982e-03
2.673891e-01,6.349984e-03,4.370105e-03,1.564964e-02,1.147069e-02,2.384050e-02,4.196391e-03,3.861887e-01,3.489206e-02,7.767025e-03,2.021936e-02,3.207467e-02,1.517842e-01,3.237630e-03,3.056990e-02
2.473912e-01,5.950569e-03,4.387105e-03,2.021627e-02,1.207675e-02,3.059309e-02,3.783638e-03,2.855678e-01,3.587425e-02,8.337088e-03,3.216925e-02,3.908108e-02,2.364899e-01,3.414712e-03,3.466727e-02
2.396470e-01,5.364996e-03,3.514212e-03,1.547584e-02,1.062107e-02,2.785887e-02,3.073387e-03,2.102529e-01,2.893530e-02,6.531091e-03,2.855482e-02,3.611634e-02,3.510427e-01,3.328827e-03,2.968260e-02
2.992994e-01,4.664401e-03,2.916898e-03,1.194649e-02,9.609980e-03,2.242446e-02,2.416915e-03,1.488956e-01,2.320262e-02,4.818124e-03,2.106146e-02,3.768409e-02,3.866115e-01,2.736044e-03,2.171194e-02
3.255033e-01,4.001222e-03,1.128753e-02,1.119936e-02,9.686184e-03,2.164330e-02,2.073786e-03,1.104186e-01,1.928873e-02,3.817138e-03,1.670667e-02,3.092661e-02,4.144323e-01,2.850612e-03,1.616468e-02
3.217965e-01,3.668652e-03,9.474268e-03,1.150835e-02,9.380188e-03,1.866958e-02,1.685051e-03,7.965054e-02,1.725728e-02,3.289535e-03,1.360030e-02,3.001778e-02,4.597853e-01,4.001494e-03,1.621520e-02
2.910390e-01,5.069056e-03,1.079280e-02,1.043208e-02,1.175223e-02,1.480283e-02,1.317915e-03,5.775733e-02,1.923210e-02,2.795006e-03,1.092560e-02,2.993540e-02,5.156811e-01,3.735597e-03,1.473195e-02
2.260358e-01,7.977882e-03,1.947103e-02,9.511016e-03,1.624470e-02,1.155770e-02,1.223295e-03,4.769403e-02,2.910754e-02,2.634988e-03,9.888112e-03,2.504400e-02,5.767018e-01,3.557926e-03,1.335020e-02
2.033413e-01,6.737141e-03,1.581791e-02,9.224573e-03,1.988959e-02,1.006079e-02,1.334702e-03,3.989621e-02,2.267456e-02,2.256673e-03,7.661575e-03,2.437994e-02,6.219648e-01,2.921439e-03,1.183880e-02
1.935963e-01,9.576305e-03,2.595196e-02,5.619268e-02,2.194690e-02,1.170901e-02,1.267213e-03,3.922933e-02,4.033077e-02,5.035887e-03,9.148717e-03,2.150713e-02,5.269618e-01,2.425859e-03,3.512014e-02
1.692872e-01,8.732896e-03,2.157662e-02,4.343382e-02,2.711119e-02,1.010150e-02,1.641673e-03,5.408632e-02,4.423412e-02,5.649769e-03,1.202533e-02,2.041141e-02,5.176826e-01,3.340161e-03,6.068559e-02
1.417915e-01,7.127389e-03,2.655444e-02,3.903199e-02,2.624054e-02,8.212840e-03,1.739666e-03,2.021469e-01,3.751429e-02,5.134366e-03,1.585967e-02,1.853388e-02,4.024182e-01,3.509520e-03,6.418493e-02
1.893206e-01,1.136309e-02,7.737920e-02,4.156907e-02,3.339447e-02,7.926282e-03,3.122333e-03,1.725252e-01,4.676191e-02,7.780297e-03,1.348183e-02,1.545150e-02,3.100401e-01,3.623428e-03,6.626071e-02
2.309804e-01,2.061323e-02,9.944029e-02,6.588799e-02,4.339890e-02,8.874724e-03,4.943895e-03,1.398643e-01,4.366441e-02,8.541245e-03,1.099504e-02,1.381953e-02,2.399240e-01,3.572365e-03,6.547976e-02
3.188109e-01,2.383319e-02,9.224024e-02,6.623714e-02,4.094164e-02,1.166536e-02,5.720565e-03,1.175763e-01,3.437713e-02,7.753864e-03,8.597930e-03,1.177668e-02,1.975719e-01,3.909734e-03,5.898739e-02
3.804548e-01,3.332637e-02,7.369953e-02,6.485964e-02,6.039201e-02,1.613725e-02,1.204416e-02,9.479516e-02,2.819331e-02,6.340226e-03,7.183359e-03,1.089382e-02,1.518579e-01,3.985647e-03,5.583683e-02
4.472167e-01,3.837838e-02,6.434809e-02,5.720341e-02,5.851992e-02,1.622278e-02,1.234789e-02,7.371008e-02,2.385470e-02,5.016388e-03,5.775149e-03,8.841671e-03,1.332141e-01,3.761007e-03,5.158973e-02
4.634697e-01,3.896055e-02,4.999486e-02,5.784974e-02,6.925736e-02,1.835428e-02,1.558506e-02,8.603498e-02,2.958682e-02,4.335034e-03,5.450455e-03,9.224548e-03,1.035768e-01,4.990414e-03,4.332945e-02
1.000000e+00,0.000000e+00,0.000000e+00,0.000000e+00,0.000000e+00,0.000000e+00,0.000000e+00,0.000000e+00,0.000000e+00,0.000000e+00,0.000000e+00,0.000000e+00,0.000000e+00,0.000000e+00,0.000000e+00
1.000000e+00,0.000000e+00,0.000000e+00,0.000000e+00,0.000000e+00,0.000000e+00,0.000000e+00,0.000000e+00,0.000000e+00,0.000000e+00,0.000000e+00,0.000000e+00,0.000000e+00,0.000000e+00,0.000000e+00
1.000000e+00,0.000000e+00,0.000000e+00,0.000000e+00,0.000000e+00,0.000000e+00,0.000000e+00,0.000000e+00,0.000000e+00,0.000000e+00,0.000000e+00,0.000000e+00,0.000000e+00,0.000000e+00,0.000000e+00
1.000000e+00,0.000000e+00,0.000000e+00,0.000000e+00,0.000000e+00,0.000000e+00,0.000000e+00,0.000000e+00,0.000000e+00,0.000000e+00,0.000000e+00,0.000000e+00,0.000000e+00,0.000000e+00,0.000000e+00
4.741373e-01,3.978557e-02,1.763781e-02,9.347922e-02,4.980800e-02,1.623373e-02,6.947618e-03,2.847918e-02,9.149213e-02,9.769289e-03,1.157192e-02,3.382547e-02,7.518423e-02,6.209494e-03,4.543908e-02
3.464259e-01,3.638080e-02,2.236508e-02,1.609838e-01,3.712488e-02,1.359079e-02,5.512250e-03,2.093737e-02,9.441222e-02,1.532033e-02,2.120239e-02,6.666858e-02,8.927998e-02,6.716340e-03,6.307930e-02
3.027245e-01,2.954187e-02,1.963529e-02,1.627300e-01,2.912481e-02,1.801866e-02,4.782388e-03,1.605214e-02,8.998385e-02,1.427299e-02,3.649218e-02,7.207257e-02,1.237906e-01,7.348035e-03,7.343008e-02
3.538908e-01,2.665356e-02,3.880619e-02,1.415310e-01,2.409298e-02,2.296971e-02,6.396624e-03,1.699916e-02,7.831040e-02,1.203586e-02,3.034135e-02,6.071043e-02,1.235491e-01,6.993122e-03,5.671977e-02
4.043083e-01,2.414434e-02,3.173543e-02,1.074301e-01,1.962196e-02,2.449523e-02,5.457197e-03,1.429191e-02,6.851976e-02,8.941205e-03,2.422191e-02,5.331276e-02,1.599858e-01,7.244382e-03,4.628973e-02
