1.000000e+00,0.000000e+00,0.000000e+00,0.000000e+00,0.000000e+00,0.000000e+00,0.000000e+00,0.000000e+00,0.000000e+00,0.000000e+00,0.000000e+00,0.000000e+00,0.000000e+00,0.000000e+00,0.000000e+00
1.000000e+00,0.000000e+00,0.000000e+00,0.000000e+00,0.000000e+00,0.000000e+00,0.000000e+00,0.000000e+00,0.000000e+00,0.000000e+00,0.000000e+00,0.000000e+00,0.000000e+00,0.000000e+00,0.000000e+00
1.000000e+00,0.000000e+00,0.000000e+00,0.000000e+00,0.000000e+00,0.000000e+00,0.000000e+00,0.000000e+00,0.000000e+00,0.000000e+00,0.000000e+00,0.000000e+00,0.000000e+00,0.000000e+00,0.000000e+00
1.000000e+00,0.000000e+00,0.000000e+00,0.000000e+00,0.000000e+00,0.000000e+00,0.000000e+00,0.000000e+00,0.000000e+00,0.000000e+00,0.000000e+00,0.000000e+00,0.000000e+00,0.000000e+00,0.000000e+00
1.000000e+00,0.000000e+00,0.000000e+00,0.000000e+00,0.000000e+00,0.000000e+00,0.000000e+00,0.000000e+00,0.000000e+00,0.000000e+00,0.000000e+00,0.000000e+00,0.000000e+00,0.000000e+00,0.000000e+00
1.000000e+00,0.000000e+00,0.000000e+00,0.000000e+00,0.000000e+00,0.000000e+00,0.000000e+00,0.000000e+00,0.000000e+00,0.000000e+00,0.000000e+00,0.000000e+00,0.000000e+00,0.000000e+00,0.000000e+00
1.000000e+00,0.000000e+00,0.000000e+00,0.000000e+00,0.000000e+00,0.000000e+00,0.000000e+00,0.000000e+00,0.000000e+00,0.000000e+00,0.000000e+00,0.000000e+00,0.000000e+00,0.000000e+00,0.000000e+00
1.000000e+00,0.000000e+00,0.000000e+00,0.000000e+00,0.000000e+00,0.000000e+00,0.000000e+00,0.000000e+00,0.000000e+00,0.000000e+00,0.000000e+00,0.000000e+00,0.000000e+00,0.000000e+00,0.000000e+00
1.000000e+00,0.000000e+00,0.000000e+00,0.000000e+00,0.000000e+00,0.000000e+00,0.000000e+00,0.000000e+00,0.000000e+00,0.000000e+00,0.000000e+00,0.000000e+00,0.000000e+00,0.000000e+00,0.000000e+00
1.000000e+00,0.000000e+00,0.000000e+00,0.000000e+00,0.000000e+00,0.000000e+00,0.000000e+00,0.000000e+00,0.000000e+00,0.000000e+00,0.000000e+00,0.000000e+00,0.000000e+00,0.000000e+00,0.000000e+00
1.000000e+00,0.000000e+00,0.000000e+00,0.000000e+00,0.000000e+00,0.000000e+00,0.000000e+00,0.000000e+00,0.000000e+00,0.000000e+00,0.000000e+00,0.000000e+00,0.000000e+00,0.000000e+00,0.000000e+00
1.000000e+00,0.000000e+00,0.000000e+00,0.000000e+00,0.000000e+00,0.000000e+00,0.000000e+00,0.000000e+00,0.000000e+00,0.000000e+00,0.000000e+00,0.000000e+00,0.000000e+00,0.000000e+00,0.000000e+00
1.000000e+00,0.000000e+00,0.000000e+00,0.000000e+00,0.000000e+00,0.000000e+00,0.000000e+00,0.000000e+00,0.000000e+00,0.000000e+00,0.000000e+00,0.000000e+00,0.000000e+00,0.000000e+00,0.000000e+00
1.000000e+00,0.000000e+00,0.000000e+00,0.000000e+00,0.000000e+00,0.000000e+00,0.000000e+00,0.000000e+00,0.000000e+00,0.000000e+00,0.000000e+00,0.000000e+00,0.000000e+00,0.000000e+00,0.000000e+00
1.000000e+00,0.000000e+00,0.000000e+00,0.000000e+00,0.000000e+00,0.000000e+00,0.000000e+00,0.000000e+00,0.000000e+00,0.000000e+00,0.000000e+00,0.000000e+00,0.000000e+00,0.000000e+00,0.000000e+00
1.000000e+00,0.000000e+00,0.000000e+00,0.000000e+00,0.000000e+00,0.000000e+00,0.000000e+00,0.000000e+00,0.000000e+00,0.000000e+00,0.000000e+00,0.000000e+00,0.000000e+00,0.000000e+00,0.000000e+00
1.000000e+00,0.000000e+00,0.000000e+00,0.000000e+00,0.000000e+00,0.000000e+00,0.000000e+00,0.000000e+00,0.000000e+00,0.000000e+00,0.000000e+00,0.000000e+00,0.000000e+00,0.000000e+00,0.000000e+00
1.000000e+00,0.000000e+00,0.000000e+00,0.000000e+00,0.000000e+00,0.000000e+00,0.000000e+00,0.000000e+00,0.000000e+00,0.000000e+00,0.000000e+00,0.000000e+00,0.000000e+00,0.000000e+00,0.000000e+00
1.000000e+00,0.000000e+00,0.000000e+00,0.000000e+00,0.000000e+00,0.000000e+00,0.000000e+00,0.000000e+00,0.000000e+00,0.000000e+00,0.000000e+00,0.000000e+00,0.000000e+00,0.000000e+00,0.000000e+00
1.000000e+00,0.000000e+00,0.000000e+00,0.000000e+00,0.000000e+00,0.000000e+00,0.000000e+00,0.000000e+00,0.000000e+00,0.000000e+00,0.000000e+00,0.000000e+00,0.000000e+00,0.000000e+00,0.000000e+00
1.000000e+00,0.000000e+00,0.000000e+00,0.000000e+00,0.000000e+00,0.000000e+00,0.000000e+00,0.000000e+00,0.000000e+00,0.000000e+00,0.000000e+00,0.000000e+00,0.000000e+00,0.000000e+00,0.000000e+00
1.000000e+00,0.000000e+00,0.000000e+00,0.000000e+00,0.000000e+00,0.000000e+00,0.000000e+00,0.000000e+00,0.000000e+00,0.000000e+00,0.000000e+00,0.000000e+00,0.000000e+00,0.000000e+00,0.000000e+00
1.000000e+00,0.000000e+00,0.000000e+00,0.000000e+00,0.000000e+00,0.000000e+00,0.000000e+00,0.000000e+00,0.000000e+00,0.000000e+00,0.000000e+00,0.000000e+00,0.000000e+00,0.000000e+00,0.000000e+00
1.000000e+00,0.000000e+00,0.000000e+00,0.000000e+00,0.000000e+00,0.000000e+00,0.000000e+00,0.000000e+00,0.000000e+00,0.000000e+00,0.000000e+00,0.000000e+00,0.000000e+00,0.000000e+00,0.000000e+00
1.000000e+00,0.000000e+00,0.000000e+00,0.000000e+00,0.000000e+00,0.000000e+00,0.000000e+00,0.000000e+00,0.000000e+00,0.000000e+00,0.000000e+00,0.000000e+00,0.000000e+00,0.000000e+00,0.000000e+00
1.000000e+00,0.000000e+00,0.000000e+00,0.000000e+00,0.000000e+00,0.000000e+00,0.000000e+00,0.000000e+00,0.000000e+00,0.000000e+00,0.000000e+00,0.000000e+00,0.000000e+00,0.000000e+00,0.000000e+00
1.000000e+00,0.000000e+00,0.000000e+00,0.000000e+00,0.000000e+00,0.000000e+00,0.000000e+00,0.000000e+00,0.000000e+00,0.000000e+00,0.000000e+00,0.000000e+00,0.000000e+00,0.000000e+00,0.000000e+00
1.000000e+00,0.000000e+00,0.000000e+00,0.000000e+00,0.000000e+00,0.000000e+00,0.000000e+00,0.000000e+00,0.000000e+00,0.000000e+00,0.000000e+00,0.000000e+00,0.000000e+00,0.000000e+00,0.000000e+00
1.000000e+00,0.000000e+00,0.000000e+00,0.000000e+00,0.000000e+00,0.000000e+00,0.000000e+00,0.000000e+00,0.000000e+00,0.000000e+00,0.000000e+00,0.000000e+00,0.000000e+00,0.000000e+00,0.000000e+00
1.000000e+00,0.000000e+00,0.000000e+00,0.000000e+00,0.000000e+00,0.000000e+00,0.000000e+00,0.000000e+00,0.000000e+00,0.000000e+00,0.000000e+00,0.000000e+00,0.000000e+00,0.000000e+00,0.000000e+00
1.000000e+00,0.000000e+00,0.000000e+00,0.000000e+00,0.000000e+00,0.000000e+00,0.000000e+00,0.000000e+00,0.000000e+00,0.000000e+00,0.000000e+00,0.000000e+00,0.000000e+00,0.000000e+00,0.000000e+00
1.000000e+00,0.000000e+00,0.000000e+00,0.000000e+00,0.000000e+00,0.000000e+00,0.000000e+00,0.000000e+00,0.000000e+00,0.000000e+00,0.000000e+00,0.000000e+00,0.000000e+00,0.000000e+00,0.000000e+00
1.000000e+00,0.000000e+00,0.000000e+00,0.000000e+00,0.000000e+00,0.000000e+00,0.000000e+00,0.000000e+00,0.000000e+00,0.000000e+00,0.000000e+00,0.000000e+00,0.000000e+00,0.000000e+00,0.000000e+00
1.000000e+00,0.000000e+00,0.000000e+00,0.000000e+00,0.000000e+00,0.000000e+00,0.000000e+00,0.000000e+00,0.000000e+00,0.000000e+00,0.000000e+00,0.000000e+00,0.000000e+00,0.000000e+00,0.000000e+00
1.000000e+00,0.000000e+00,0.000000e+00,0.000000e+00,0.000000e+00,0.000000e+00,0.000000e+00,0.000000e+00,0.000000e+00,0.000000e+00,0.000000e+00,0.000000e+00,0.000000e+00,0.000000e+00,0.000000e+00
1.000000e+00,0.000000e+00,0.000000e+00,0.000000e+00,0.000000e+00,0.000000e+00,0.000000e+00,0.000000e+00,0.000000e+00,0.000000e+00,0.000000e+00,0.000000e+00,0.000000e+00,0.000000e+00,0.000000e+00
1.000000e+00,0.000000e+00,0.000000e+00,0.000000e+00,0.000000e+00,0.000000e+00,0.000000e+00,0.000000e+00,0.000000e+00,0.000000e+00,0.000000e+00,0.000000e+00,0.000000e+00,0.000000e+00,0.000000e+00
1.000000e+00,0.000000e+00,0.000000e+00,0.000000e+00,0.000000e+00,0.000000e+00,0.000000e+00,0.000000e+00,0.000000e+00,0.000000e+00,0.000000e+00,0.000000e+00,0.000000e+00,0.000000e+00,0.000000e+00
1.000000e+00,0.000000e+00,0.000000e+00,0.000000e+00,0.000000e+00,0.000000e+00,0.000000e+00,0.000000e+00,0.000000e+00,0.000000e+00,0.000000e+00,0.000000e+00,0.000000e+00,0.000000e+00,0.000000e+00
1.000000e+00,0.000000e+00,0.000000e+00,0.000000e+00,0.000000e+00,0.000000e+00,0.000000e+00,0.000000e+00,0.000000e+00,0.000000e+00,0.000000e+00,0.000000e+00,0.000000e+00,0.000000e+00,0.000000e+00
1.000000e+00,0.000000e+00,0.000000e+00,0.000000e+00,0.000000e+00,0.000000e+00,0.000000e+00,0.000000e+00,0.000000e+00,0.000000e+00,0.000000e+00,0.000000e+00,0.000000e+00,0.000000e+00,0.000000e+00
1.000000e+00,0.000000e+00,0.000000e+00,0.000000e+00,0.000000e+00,0.000000e+00,0.000000e+00,0.000000e+00,0.000000e+00,0.000000e+00,0.000000e+00,0.000000e+00,0.000000e+00,0.000000e+00,0.000000e+00
1.000000e+00,0.000000e+00,0.000000e+00,0.000000e+00,0.000000e+00,0.000000e+00,0.000000e+00,0.000000e+00,0.000000e+00,0.000000e+00,0.000000e+00,0.000000e+00,0.000000e+00,0.000000e+00,0.000000e+00
1.000000e+00,0.000000e+00,0.000000e+00,0.000000e+00,0.000000e+00,0.000000e+00,0.000000e+00,0.000000e+00,0.000000e+00,0.000000e+00,0.000000e+00,0.000000e+00,0.000000e+00,0.000000e+00,0.000000e+00
1.000000e+00,0.000000e+00,0.000000e+00,0.000000e+00,0.000000e+00,0.000000e+00,0.000000e+00,0.000000e+00,0.000000e+00,0.000000e+00,0.000000e+00,0.000000e+00,0.000000e+00,0.000000e+00,0.000000e+00
1.000000e+00,0.000000e+00,0.000000e+00,0.000000e+00,0.000000e+00,0.000000e+00,0.000000e+00,0.000000e+00,0.000000e+00,0.000000e+00,0.000000e+00,0.000000e+00,0.000000e+00,0.000000e+00,0.000000e+00
1.000000e+00,0.000000e+00,0.000000e+00,0.000000e+00,0.000000e+00,0.000000e+00,0.000000e+00,0.000000e+00,0.000000e+00,0.000000e+00,0.000000e+00,0.000000e+00,0.000000e+00,0.000000e+00,0.000000e+00
1.000000e+00,0.000000e+00,0.000000e+00,0.000000e+00,0.000000e+00,0.000000e+00,0.000000e+00,0.000000e+00,0.000000e+00,0.000000e+00,0.000000e+00,0.000000e+00,0.000000e+00,0.000000e+00,0.000000e+00
1.000000e+00,0.000000e+00,0.000000e+00,0.000000e+00,0.000000e+00,0.000000e+00,0.000000e+00,0.000000e+00,0.000000e+00,0.000000e+00,0.000000e+00,0.000000e+00,0.000000e+00,0.000000e+00,0.000000e+00
1.000000e+00,0.000000e+00,0.000000e+00,0.000000e+00,0.000000e+00,0.000000e+00,0.000000e+00,0.000000e+00,0.000000e+00,0.000000e+00,0.000000e+00,0.000000e+00,0.000000e+00,0.000000e+00,0.000000e+00
1.000000e+00,0.000000e+00,0.000000e+00,0.000000e+00,0.000000e+00,0.000000e+00,0.000000e+00,0.000000e+00,0.000000e+00,0.000000e+00,0.000000e+00,0.000000e+00,0.000000e+00,0.000000e+00,0.000000e+00
1.000000e+00,0.000000e+00,0.000000e+00,0.000000e+00,0.000000e+00,0.000000e+00,0.000000e+00,0.000000e+00,0.000000e+00,0.000000e+00,0.000000e+00,0.000000e+00,0.000000e+00,0.000000e+00,0.000000e+00
1.000000e+00,0.000000e+00,0.000000e+00,0.000000e+00,0.000000e+00,0.000000e+00,0.000000e+00,0.000000e+00,0.000000e+00,0.000000e+00,0.000000e+00,0.000000e+00,0.000000e+00,0.000000e+00,0.000000e+00
1.000000e+00,0.000000e+00,0.000000e+00,0.000000e+00,0.000000e+00,0.000000e+00,0.000000e+00,0.000000e+00,0.000000e+00,0.000000e+00,0.000000e+00,0.000000e+00,0.000000e+00,0.000000e+00,0.000000e+00
1.000000e+00,0.000000e+00,0.000000e+00,0.000000e+00,0.000000e+00,0.000000e+00,0.000000e+00,0.000000e+00,0.000000e+00,0.000000e+00,0.000000e+00,0.000000e+00,0.000000e+00,0.000000e+00,0.000000e+00
1.000000e+00,0.000000e+00,0.000000e+00,0.000000e+00,0.000000e+00,0.000000e+00,0.000000e+00,0.000000e+00,0.000000e+00,0.000000e+00,0.000000e+00,0.000000e+00,0.000000e+00,0.000000e+00,0.000000e+00
4.758438e-01,1.957060e-02,1.232553e-01,4.944218e-02,7.492325e-03,5.464450e-02,1.002712e-01,5.554077e-02,6.120555e-03,4.256748e-03,1.610687e-02,4.157217e-02,2.588816e-02,2.298808e-03,1.769603e-02
3.975228e-01,1.546433e-02,1.238296e-01,4.044852e-02,7.484858e-03,5.591156e-02,1.835210e-01,8.437273e-02,5.071939e-03,3.654176e-03,1.229144e-02,3.231167e-02,2.212340e-02,1.910365e-03,1.408162e-02
3.695896e-01,1.272548e-02,1.065509e-01,3.270482e-02,8.070054e-03,5.594406e-02,2.301815e-01,1.085032e-01,4.719061e-03,3.307109e-03,9.486753e-03,2.556540e-02,1.848468e-02,1.678552e-03,1.248892e-02
3.263653e-01,9.607899e-03,8.417206e-02,2.412689e-02,6.672825e-03,4.590064e-02,3.498757e-01,9.392936e-02,3.788309e-03,2.450011e-03,6.808009e-03,1.945082e-02,1.501936e-02,1.287820e-03,1.054498e-02
3.652459e-01,8.381808e-03,6.433163e-02,1.909865e-02,5.574000e-03,4.537449e-02,3.540811e-01,8.355014e-02,3.404754e-03,1.890652e-03,5.108386e-03,1.689592e-02,1.426227e-02,1.074363e-03,1.172591e-02
4.421774e-01,8.026361e-03,5.179715e-02,1.709658e-02,4.701450e-03,4.460410e-02,3.045681e-01,7.381997e-02,3.158472e-03,1.512520e-03,4.051071e-03,1.689652e-02,1.321736e-02,9.527296e-04,1.342021e-02
1.000000e+00,0.000000e+00,0.000000e+00,0.000000e+00,0.000000e+00,0.000000e+00,0.000000e+00,0.000000e+00,0.000000e+00,0.000000e+00,0.000000e+00,0.000000e+00,0.000000e+00,0.000000e+00,0.000000e+00
1.000000e+00,0.000000e+00,0.000000e+00,0.000000e+00,0.000000e+00,0.000000e+00,0.000000e+00,0.000000e+00,0.000000e+00,0.000000e+00,0.000000e+00,0.000000e+00,0.000000e+00,0.000000e+00,0.000000e+00
1.000000e+00,0.000000e+00,0.000000e+00,0.000000e+00,0.000000e+00,0.000000e+00,0.000000e+00,0.000000e+00,0.000000e+00,0.000000e+00,0.000000e+00,0.000000e+00,0.000000e+00,0.000000e+00,0.000000e+00
1.000000e+00,0.000000e+00,0.000000e+00,0.000000e+00,0.000000e+00,0.000000e+00,0.000000e+00,0.000000e+00,0.000000e+00,0.000000e+00,0.000000e+00,0.000000e+00,0.000000e+00,0.000000e+00,0.000000e+00
1.000000e+00,0.000000e+00,0.000000e+00,0.000000e+00,0.000000e+00,0.000000e+00,0.000000e+00,0.000000e+00,0.000000e+00,0.000000e+00,0.000000e+00,0.000000e+00,0.000000e+00,0.000000e+00,0.000000e+00
1.000000e+00,0.000000e+00,0.000000e+00,0.000000e+00,0.000000e+00,0.000000e+00,0.000000e+00,0.000000e+00,0.000000e+00,0.000000e+00,0.000000e+00,0.000000e+00,0.000000e+00,0.000000e+00,0.000000e+00
3.998255e-01,2.639486e-02,1.223864e-02,4.265340e-02,2.819247e-03,4.065495e-02,3.715872e-02,2.993931e-02,3.580017e-02,1.495124e-02,1.466722e-02,1.054254e-01,1.712752e-01,3.331210e-03,6.286484e-02
2.835748e-01,5.011565e-02,9.928833e-03,4.812725e-02,3.441271e-03,2.888161e-02,2.693469e-02,2.125831e-02,2.418149e-01,1.317684e-02,1.216359e-02,7.757438e-02,1.306879e-01,2.594665e-03,4.972528e-02
2.073728e-01,3.730744e-02,7.910621e-03,4.725584e-02,4.476445e-03,2.872196e-02,2.005420e-02,1.514970e-02,3.019657e-01,6.170014e-02,1.664419e-02,6.607769e-02,1.100648e-01,9.725574e-03,6.557292e-02
1.551549e-01,2.775368e-02,7.665448e-03,4.422407e-02,6.008510e-03,3.017996e-02,1.441620e-02,1.078125e-02,2.668116e-01,1.278240e-01,2.316421e-02,7.581712e-02,1.368327e-01,1.057579e-02,6.279050e-02
1.159597e-01,2.197926e-02,1.045216e-02,3.912395e-02,7.875223e-03,2.827038e-02,1.073819e-02,7.709226e-03,2.012953e-01,1.693131e-01,2.617154e-02,9.597791e-02,1.811194e-01,1.074573e-02,7.326891e-02
8.494797e-02,1.660456e-02,8.213121e-03,3.232288e-02,8.924715e-03,2.165826e-02,7.906185e-03,5.528463e-03,1.600035e-01,2.512158e-01,2.887698e-02,9.171411e-02,1.901112e-01,1.089728e-02,8.107498e-02
6.539460e-02,1.646841e-02,1.722219e-02,3.160372e-02,1.243878e-02,1.873475e-02,6.246934e-03,4.966659e-03,1.482805e-01,2.525113e-01,4.538770e-02,8.573848e-02,1.998847e-01,2.661234e-02,6.850886e-02
4.814848e-02,1.898268e-02,1.953949e-02,3.565427e-02,1.713354e-02,1.967471e-02,4.851758e-03,3.738518e-03,2.318106e-01,2.061026e-01,5.908457e-02,7.348266e-02,1.565984e-01,4.650342e-02,5.869424e-02
3.571290e-02,4.601225e-02,2.882055e-02,2.728620e-02,2.113957e-02,1.685929e-02,3.675584e-03,3.365487e-03,2.313754e-01,1.829718e-01,9.263358e-02,5.440584e-02,1.238461e-01,5.231766e-02,7.957780e-02
3.684507e-02,5.187477e-02,4.937991e-02,2.152010e-02,2.303452e-02,1.261380e-02,2.691461e-03,3.041835e-03,1.754287e-01,1.513500e-01,9.986316e-02,3.895357e-02,9.268004e-02,9.671754e-02,1.440055e-01
3.079463e-02,7.044758e-02,1.521704e-01,2.375536e-02,3.583291e-02,1.118695e-02,2.404339e-03,3.567864e-03,1.404472e-01,1.187512e-01,7.907660e-02,2.782298e-02,6.834117e-02,8.258349e-02,1.528174e-01
2.785389e-02,6.121418e-02,2.153068e-01,1.941761e-02,3.165300e-02,9.655317e-03,2.052570e-03,2.879938e-03,1.104866e-01,1.330279e-01,5.968400e-02,1.981542e-02,4.908126e-02,6.529525e-02,1.925762e-01
2.640679e-02,1.058298e-01,2.327571e-01,2.546053e-02,2.733417e-02,1.009854e-02,1.842387e-03,3.156211e-03,1.093065e-01,1.110304e-01,4.670082e-02,1.420633e-02,3.549215e-02,4.925711e-02,2.011213e-01
2.813582e-02,2.419233e-01,1.928220e-01,2.557973e-02,3.117432e-02,1.284907e-02,2.544653e-03,2.857015e-03,1.036147e-01,8.351637e-02,3.767972e-02,1.009723e-02,2.588500e-02,3.585678e-02,1.654642e-01
2.187152e-02,2.335197e-01,1.669579e-01,1.432379e-01,2.598505e-02,1.104143e-02,2.181615e-03,2.545354e-03,8.011498e-02,6.321258e-02,2.688122e-02,7.149596e-03,1.833052e-02,2.531406e-02,1.716565e-01
2.033756e-02,2.127116e-01,1.866180e-01,1.533004e-01,2.126853e-02,1.218348e-02,1.887945e-03,2.275675e-03,6.166564e-02,5.676720e-02,1.956664e-02,5.113518e-03,1.299272e-02,1.865983e-02,2.146512e-01
2.014487e-02,1.713401e-01,1.640931e-01,1.101724e-01,1.600059e-02,9.631041e-03,1.472874e-03,1.639487e-03,5.180397e-02,7.749252e-02,1.426746e-02,3.715873e-03,9.818096e-03,1.644913e-02,3.319585e-01
1.598949e-02,1.276210e-01,1.230763e-01,7.954471e-02,1.173084e-02,7.454457e-03,1.093556e-03,1.251856e-03,3.979077e-02,5.896852e-02,1.109680e-02,3.033084e-03,7.345529e-03,1.457034e-02,4.974328e-01
1.688775e-02,1.103566e-01,9.881696e-02,6.103927e-02,9.296749e-03,6.005035e-03,8.565912e-04,1.052166e-03,5.997273e-02,6.560250e-02,1.070235e-02,2.665133e-03,6.418620e-03,1.757086e-02,5.327567e-01
1.472781e-02,2.031395e-01,7.974929e-02,5.933778e-02,6.941540e-03,4.717217e-03,6.491776e-04,9.958585e-04,1.254116e-01,6.024126e-02,1.006777e-02,3.331905e-03,6.839951e-03,1.395536e-02,4.098939e-01
1.319529e-02,3.125387e-01,6.253368e-02,5.047834e-02,5.858742e-03,4.587529e-03,5.935507e-04,1.057393e-03,1.455048e-01,6.500944e-02,1.572656e-02,4.068046e-03,9.482151e-03,1.307094e-02,2.962948e-01
1.019491e-02,4.263126e-01,4.617995e-02,3.652502e-02,4.172257e-03,3.843079e-03,4.560866e-04,8.122630e-04,1.199840e-01,5.290189e-02,1.886424e-02,5.586619e-03,1.122489e-02,1.239779e-02,2.505444e-01
2.162277e-02,3.592463e-01,5.157671e-02,3.232326e-02,4.930912e-03,3.919862e-02,5.072437e-03,1.705286e-02,1.049230e-01,4.841911e-02,3.663875e-02,7.764695e-03,2.541776e-02,1.447727e-02,2.313355e-01
2.398795e-02,2.957866e-01,7.689071e-02,2.946064e-02,6.332782e-03,7.929830e-02,4.613274e-03,2.275994e-02,1.229905e-01,3.959422e-02,3.511741e-02,7.836503e-03,3.012402e-02,1.235205e-02,2.128551e-01
2.963876e-02,2.251830e-01,1.029402e-01,3.046686e-02,6.925589e-03,1.705615e-01,4.625246e-03,2.401277e-02,1.157445e-01,3.380233e-02,3.325234e-02,7.046061e-03,2.524765e-02,1.157765e-02,1.789754e-01
2.661084e-02,1.611451e-01,8.244032e-02,2.427817e-02,1.027917e-02,1.456490e-01,8.283190e-02,2.752152e-02,9.079301e-02,3.314366e-02,3.102241e-02,5.954403e-03,1.923495e-02,1.325120e-02,2.458442e-01
2.148307e-02,1.134431e-01,6.098554e-02,1.779071e-02,9.205483e-03,1.077707e-01,2.752312e-01,5.993508e-02,6.458769e-02,2.807117e-02,2.365542e-02,4.512310e-03,1.472733e-02,9.680538e-03,1.889206e-01
2.165146e-02,8.185034e-02,4.752672e-02,1.417282e-02,1.129366e-02,7.867361e-02,3.625571e-01,1.212740e-01,5.019817e-02,2.742681e-02,1.905418e-02,3.675655e-03,1.273988e-02,6.991819e-03,1.409138e-01
1.685165e-02,5.870565e-02,3.484385e-02,1.047642e-02,1.006309e-02,5.648854e-02,5.119129e-01,9.847595e-02,3.800967e-02,2.219563e-02,1.449084e-02,3.144718e-03,1.139717e-02,5.019911e-03,1.079240e-01
1.434690e-02,4.363066e-02,2.603018e-02,7.559499e-03,9.779877e-03,4.179623e-02,5.664823e-01,8.179456e-02,4.879926e-02,1.986923e-02,1.412772e-02,3.609919e-03,1.687935e-02,3.868351e-03,1.014259e-01
1.157719e-02,3.391966e-02,1.956123e-02,5.440379e-03,8.502678e-03,3.120742e-02,6.247534e-01,6.111306e-02,5.145466e-02,1.762520e-02,1.397292e-02,4.371714e-03,2.315721e-02,2.925359e-03,9.041785e-02
4.133368e-02,3.886306e-02,1.666052e-02,4.421302e-03,1.334720e-02,4.139724e-02,4.737935e-01,5.048797e-02,1.404772e-01,2.022394e-02,1.934425e-02,7.279334e-03,4.440115e-02,2.937271e-03,8.503237e-02
5.836239e-02,5.153760e-02,1.588003e-02,3.857372e-03,1.400159e-02,6.058543e-02,3.386362e-01,4.711126e-02,2.309615e-01,2.101595e-02,1.716413e-02,8.015839e-03,4.958298e-02,3.358552e-03,7.992919e-02
6.923289e-02,5.127553e-02,1.570521e-02,3.367603e-03,1.523117e-02,7.021986e-02,2.483573e-01,4.530508e-02,3.034013e-01,2.100677e-02,1.374469e-02,7.532776e-03,5.830999e-02,4.137185e-03,7.317259e-02
9.481065e-02,5.930019e-02,1.336762e-02,3.311868e-03,2.007764e-02,8.398549e-02,1.774201e-01,4.419130e-02,3.452990e-01,2.364137e-02,1.170218e-02,7.627025e-03,4.992086e-02,5.087304e-03,6.025736e-02
1.077611e-01,6.457125e-02,1.292077e-02,3.333641e-03,2.416180e-02,8.171126e-02,1.275701e-01,4.826951e-02,3.779818e-01,2.943739e-02,1.065857e-02,8.781105e-03,4.830477e-02,5.104471e-03,4.943239e-02
1.885999e-01,6.494512e-02,1.221122e-02,6.441875e-03,2.425883e-02,6.551667e-02,9.086669e-02,3.920728e-02,3.384899e-01,4.405261e-02,1.219185e-02,2.179617e-02,3.793545e-02,5.168899e-03,4.831743e-02
2.693887e-01,5.168899e-02,1.020060e-02,1.135432e-02,2.099475e-02,5.574708e-02,6.489290e-02,3.015607e-02,2.652496e-01,6.472171e-02,1.746931e-02,5.049111e-02,3.580389e-02,4.662710e-03,4.717826e-02
3.300843e-01,4.388743e-02,1.020227e-02,1.335933e-02,2.305049e-02,4.503797e-02,4.820828e-02,2.677628e-02,2.233590e-01,7.361539e-02,2.114272e-02,5.620357e-02,3.758540e-02,4.767396e-03,4.272011e-02
4.137861e-01,3.920493e-02,9.045719e-03,2.306523e-02,2.145617e-02,4.036913e-02,3.539316e-02,2.074989e-02,1.748680e-01,6.457577e-02,2.298412e-02,5.393266e-02,3.380869e-02,5.311326e-03,4.144907e-02
4.482682e-01,4.196451e-02,8.220009e-03,3.123771e-02,2.048700e-02,3.668344e-02,2.623853e-02,1.634040e-02,1.580922e-01,5.511220e-02,2.426029e-02,5.253217e-02,3.412487e-02,6.008463e-03,4.042998e-02
3.825575e-01,5.945817e-02,8.421371e-03,5.909477e-02,2.125786e-02,3.286400e-02,1.979308e-02,1.420613e-02,1.899823e-01,5.145142e-02,2.646396e-02,4.929015e-02,3.767965e-02,5.359927e-03,4.211964e-02
3.324017e-01,6.333648e-02,9.102652e-03,6.879492e-02,1.811496e-02,2.751002e-02,1.502286e-02,1.490186e-02,2.129691e-01,6.114980e-02,2.452442e-02,4.167077e-02,4.447860e-02,4.503150e-03,6.151864e-02
2.609847e-01,5.699257e-02,1.706707e-02,6.456124e-02,2.562914e-02,2.395780e-02,1.420617e-02,2.485275e-02,2.998352e-01,4.871501e-02,2.821431e-02,3.629783e-02,4.471768e-02,3.529473e-03,5.043901e-02
2.470914e-01,6.416018e-02,3.100964e-02,8.964697e-02,5.190196e-02,2.682162e-02,1.581243e-02,2.607736e-02,2.639231e-01,4.489592e-02,2.429703e-02,2.953768e-02,3.452475e-02,3.074165e-03,4.722581e-02
2.848052e-01,7.469115e-02,4.312790e-02,1.097910e-01,5.814004e-02,2.995566e-02,1.398754e-02,2.254941e-02,2.064282e-01,3.743362e-02,2.076647e-02,2.428115e-02,2.605851e-02,2.691658e-03,4.529256e-02
3.236764e-01,7.784854e-02,6.453104e-02,1.214402e-01,6.088834e-02,2.690157e-02,1.332941e-02,1.992802e-02,1.519881e-01,3.017485e-02,1.759556e-02,2.081392e-02,2.167672e-02,2.799430e-03,4.640797e-02
2.973093e-01,7.504642e-02,1.156579e-01,1.565691e-01,5.328779e-02,2.240209e-02,1.034484e-02,1.647443e-02,1.131564e-01,3.129968e-02,1.360208e-02,1.738144e-02,1.687895e-02,2.193513e-03,5.839614e-02
2.734931e-01,8.268520e-02,1.112497e-01,1.374526e-01,4.727935e-02,1.857820e-02,8.157777e-03,1.314171e-02,1.364681e-01,3.591350e-02,1.163285e-02,1.477928e-02,1.538511e-02,1.771525e-03,9.201211e-02
1.939852e-01,7.695037e-02,1.213108e-01,2.938941e-01,4.290487e-02,1.414517e-02,6.318130e-03,1.072403e-02,1.043703e-01,2.674783e-02,9.254810e-03,1.106146e-02,1.107897e-02,1.283360e-03,7.597059e-02
1.463768e-01,6.740372e-02,1.018403e-01,3.418388e-01,5.277196e-02,1.983824e-02,9.053761e-03,8.290959e-03,9.903011e-02,2.475091e-02,8.538304e-03,8.504616e-03,1.361768e-02,1.116952e-03,9.702687e-02
1.082579e-01,7.657760e-02,1.189054e-01,3.516425e-01,7.113396e-02,2.932890e-02,1.203496e-02,7.045534e-03,8.849339e-02,2.161644e-02,6.786545e-03,6.553779e-03,1.052022e-02,8.784209e-04,9.022438e-02
8.654472e-02,8.019631e-02,1.577648e-01,3.949280e-01,5.676967e-02,2.467591e-02,1.091376e-02,5.824564e-03,6.629448e-02,1.775912e-02,5.258010e-03,5.085944e-03,7.874651e-03,7.281137e-04,7.938192e-02
1.130266e-01,9.567761e-02,1.502017e-01,3.502427e-01,6.706782e-02,2.758303e-02,1.409050e-02,9.626037e-03,5.904831e-02,1.639626e-02,5.041999e-03,4.978213e-03,6.739078e-03,1.017086e-03,7.926303e-02
1.531614e-01,1.028192e-01,1.266641e-01,3.044639e-01,6.507279e-02,2.778635e-02,1.511241e-02,1.203871e-02,4.994104e-02,1.704497e-02,6.091982e-03,6.602575e-03,7.279542e-03,3.032199e-03,1.028889e-01
1.667427e-01,1.202448e-01,9.795335e-02,2.630718e-01,9.473088e-02,4.671840e-02,2.348385e-02,1.329388e-02,4.571509e-02,1.447919e-02,5.445296e-03,5.820043e-03,7.037369e-03,2.975775e-03,9.228760e-02
1.291680e-01,9.468459e-02,8.157363e-02,3.898934e-01,1.041999e-01,3.564527e-02,1.988373e-02,1.672244e-02,3.532087e-02,1.072770e-02,4.188437e-03,4.667172e-03,5.299776e-03,2.163831e-03,6.586120e-02
9.463143e-02,7.102130e-02,6.207861e-02,5.188568e-01,7.619474e-02,2.632163e-02,1.411997e-02,1.214243e-02,2.614799e-02,1.215049e-02,2.847672e-02,4.021483e-03,4.408710e-03,1.719586e-03,4.770814e-02
6.631305e-02,5.099491e-02,4.615404e-02,5.268327e-01,5.409047e-02,1.901479e-02,9.988297e-03,8.559052e-03,2.006733e-02,1.030305e-02,1.435601e-01,3.197282e-03,4.851543e-03,1.325895e-03,3.474753e-02
4.653250e-02,3.613455e-02,3.359973e-02,4.467784e-01,3.889833e-02,1.434767e-02,7.292121e-03,6.046646e-03,4.370756e-02,1.179699e-02,2.654371e-01,8.023619e-03,7.948382e-03,6.268125e-03,2.718839e-02
3.265145e-02,2.543741e-02,2.366439e-02,3.346871e-01,2.775106e-02,1.047559e-02,5.197809e-03,4.253087e-03,3.861749e-02,9.361935e-03,4.285251e-01,7.145676e-03,9.672081e-03,2.110483e-02,2.145508e-02
2.319784e-02,1.817427e-02,1.680705e-02,2.440595e-01,2.126722e-02,9.765549e-03,3.849703e-03,3.047712e-03,4.281788e-02,9.518594e-03,3.710950e-01,1.099550e-02,1.825506e-02,1.901862e-01,1.696289e-02
1.649618e-02,1.429679e-02,1.227912e-02,1.724685e-01,1.544082e-02,1.085198e-02,2.743344e-03,2.298796e-03,7.548156e-02,9.866518e-03,2.708387e-01,8.841161e-03,1.457254e-02,3.569270e-01,1.659694e-02
1.195754e-02,1.113690e-02,8.816275e-03,1.215236e-01,1.126150e-02,8.514509e-03,1.945722e-03,1.646511e-03,7.403670e-02,8.587934e-03,1.939179e-01,6.777991e-03,1.061880e-02,5.118709e-01,1.738721e-02
8.507367e-03,8.017456e-03,6.217435e-03,8.523441e-02,8.123895e-03,6.984673e-03,1.363837e-03,1.172846e-03,8.688991e-02,6.306232e-03,1.363434e-01,4.970030e-03,7.644227e-03,6.181441e-01,1.408016e-02
6.028791e-03,6.086837e-03,4.414081e-03,5.971814e-02,5.830245e-03,5.897565e-03,9.558420e-04,8.319194e-04,8.030732e-02,4.731164e-03,9.568699e-02,3.567739e-03,5.444111e-03,7.095128e-01,1.098638e-02
4.412581e-03,5.128545e-03,3.801669e-03,4.202298e-02,4.281477e-03,6.289065e-03,6.765118e-04,7.292759e-04,8.559081e-02,4.650687e-03,6.732380e-02,2.568687e-03,3.964817e-03,7.599486e-01,8.610520e-03
3.432581e-03,4.278328e-03,7.894691e-03,2.996228e-02,4.044986e-03,7.032231e-03,5.704717e-04,1.377947e-03,8.122417e-02,7.054759e-03,4.858515e-02,2.055969e-03,5.607432e-03,7.893552e-01,7.523870e-03
3.350641e-03,4.325274e-03,1.262202e-02,2.141061e-02,3.122101e-03,7.717323e-03,4.828139e-04,2.098740e-03,8.044240e-02,1.459085e-02,3.709374e-02,2.558229e-03,9.663474e-03,7.940179e-01,6.503854e-03
3.266909e-03,3.991019e-03,1.172922e-02,1.562946e-02,2.459056e-03,7.735620e-03,5.696036e-04,4.160088e-03,8.152144e-02,2.707769e-02,3.595386e-02,4.146727e-03,1.607950e-02,7.795612e-01,6.118656e-03
3.626020e-03,3.770125e-03,9.824004e-03,1.164829e-02,2.534210e-03,5.944399e-03,7.800943e-04,6.780347e-03,1.055139e-01,3.434403e-02,3.555603e-02,7.519413e-03,2.073291e-02,7.453702e-01,6.055992e-03
3.149099e-03,4.561444e-03,7.180835e-03,8.329880e-03,4.613477e-03,6.175081e-03,6.789148e-04,6.304365e-03,2.970337e-01,2.932443e-02,3.494363e-02,9.080505e-03,2.336202e-02,5.584995e-01,6.763140e-03
5.129689e-03,2.277865e-02,4.624107e-02,1.002181e-02,7.860299e-03,1.215563e-02,9.037319e-04,1.568089e-02,3.800290e-01,2.622356e-02,3.119180e-02,7.211140e-03,2.630113e-02,3.951786e-01,1.309310e-02
1.082780e-02,4.163289e-02,7.535100e-02,9.268254e-03,1.300400e-02,1.571478e-02,1.368639e-03,1.686163e-02,4.341486e-01,2.706831e-02,2.376106e-02,5.291572e-03,2.135709e-02,2.787654e-01,2.557905e-02
1.341243e-02,6.247128e-02,5.525066e-02,8.815728e-03,2.737937e-02,1.801387e-02,1.468863e-03,1.320486e-02,5.137447e-01,2.331850e-02,1.705641e-02,3.838067e-03,1.531131e-02,1.955528e-01,3.116122e-02
1.492790e-02,8.414899e-02,4.052855e-02,8.954670e-03,4.068411e-02,1.661846e-02,1.776272e-03,1.088970e-02,5.679558e-01,1.854257e-02,1.216180e-02,2.770827e-03,1.139161e-02,1.371270e-01,3.152174e-02
1.521863e-02,8.557750e-02,3.564709e-02,5.972553e-02,5.398348e-02,1.345159e-02,2.001866e-03,2.990992e-02,5.216707e-01,1.637375e-02,9.154224e-03,2.137486e-03,8.514377e-03,9.614095e-02,5.049295e-02
1.877184e-02,7.243469e-02,2.882089e-02,4.734135e-02,5.838255e-02,1.628656e-02,2.791391e-03,6.211027e-02,5.555865e-01,1.212500e-02,6.555080e-03,1.561263e-03,6.339645e-03,6.736181e-02,4.353116e-02
2.460929e-02,6.416983e-02,2.751836e-02,4.169651e-02,5.964037e-02,1.608305e-02,7.217694e-03,6.757756e-02,5.422744e-01,1.050723e-02,4.778414e-03,1.210495e-03,2.095199e-02,4.738121e-02,6.438368e-02
2.540899e-02,8.004552e-02,2.152731e-02,3.316799e-02,5.284087e-02,1.527861e-02,7.650171e-03,5.268827e-02,5.491605e-01,8.196514e-03,3.652068e-03,1.075029e-03,6.140506e-02,3.322368e-02,5.467935e-02
2.459838e-02,9.157480e-02,1.739446e-02,2.524656e-02,3.933087e-02,1.549188e-02,8.406213e-03,4.451102e-02,5.535204e-01,7.004363e-03,3.192119e-03,1.403351e-03,1.012881e-01,2.332103e-02,4.371642e-02
1.871396e-02,8.338234e-02,1.635868e-02,2.643444e-02,2.812237e-02,1.227853e-02,6.767886e-03,3.143783e-02,6.280577e-01,6.165056e-03,3.764842e-03,4.609124e-03,8.032481e-02,1.649616e-02,3.708626e-02
1.395216e-02,6.151101e-02,1.216979e-02,3.978153e-02,2.045690e-02,1.038863e-02,6.358296e-03,2.240750e-02,5.526159e-01,5.602008e-03,9.098937e-03,1.339512e-02,1.370280e-01,1.197240e-02,8.326180e-02
1.088529e-02,4.390987e-02,8.658616e-03,4.031080e-02,1.513899e-02,9.553320e-03,5.976924e-03,1.584768e-02,5.347918e-01,5.456172e-03,1.181701e-02,4.819313e-02,1.467638e-01,8.984916e-03,9.371178e-02
1.337152e-02,3.120888e-02,6.184402e-03,3.204516e-02,1.236900e-02,8.117445e-03,6.129150e-03,1.117324e-02,4.188738e-01,7.583519e-03,1.270447e-02,2.086556e-01,1.445335e-01,1.054886e-02,7.650144e-02
1.870400e-02,2.235320e-02,4.351126e-03,2.332254e-02,1.006027e-02,7.967134e-03,6.644842e-03,7.956096e-03,3.461020e-01,1.275517e-02,2.231359e-02,2.507666e-01,1.484927e-01,5.288782e-02,6.532295e-02
2.255988e-02,1.653293e-02,3.157196e-03,1.667748e-02,1.008482e-02,1.128961e-02,5.649946e-03,5.832654e-03,2.626354e-01,1.252806e-02,1.059618e-01,2.336319e-01,1.249678e-01,1.081670e-01,6.032347e-02
1.677471e-02,1.175852e-02,2.325631e-03,1.197757e-02,7.733171e-03,9.245601e-03,4.130156e-03,4.370991e-03,1.859836e-01,1.215841e-02,2.426469e-01,1.968591e-01,9.006567e-02,1.599096e-01,4.406039e-02
1.207934e-02,8.816508e-03,1.741617e-03,8.853437e-03,5.949287e-03,7.122362e-03,3.048389e-03,3.218929e-03,1.408248e-01,1.452163e-02,2.369539e-01,1.820255e-01,6.458654e-02,2.761903e-01,3.406741e-02
9.982018e-03,7.118482e-03,1.363385e-03,6.525193e-03,5.322237e-03,6.569514e-03,2.342949e-03,2.566022e-03,1.179725e-01,1.454793e-02,2.847957e-01,1.481484e-01,4.571148e-02,3.208191e-01,2.621513e-02
1.243549e-02,5.596598e-03,1.143450e-03,5.026927e-03,4.819897e-03,1.317111e-02,1.871724e-03,2.365096e-03,9.354475e-02,1.348056e-02,3.792838e-01,1.133097e-01,3.259751e-02,3.018386e-01,1.951475e-02
1.199284e-02,4.075888e-03,8.436210e-04,3.628394e-03,3.913455e-03,1.037498e-02,1.375516e-03,1.801246e-03,6.953389e-02,1.088392e-02,4.345896e-01,8.805177e-02,2.310533e-02,3.219421e-01,1.388751e-02
9.387726e-03,3.531592e-03,6.386194e-04,2.625944e-03,2.959718e-03,8.236399e-03,9.874624e-04,1.384249e-03,5.453939e-02,8.661158e-03,4.493872e-01,7.261790e-02,1.666858e-02,3.584278e-01,9.946259e-03
7.078434e-03,3.076216e-03,4.622816e-04,1.893474e-03,2.205733e-03,6.857576e-03,7.070960e-04,1.003547e-03,4.350051e-02,6.762845e-03,4.887093e-01,6.245574e-02,1.229743e-02,3.558320e-01,7.157824e-03
5.713956e-03,2.778149e-03,3.822242e-04,1.477095e-03,1.863401e-03,6.802975e-03,5.453035e-04,7.544933e-04,3.795457e-02,6.349121e-03,5.312150e-01,5.712165e-02,9.193005e-03,3.327264e-01,5.122677e-03
5.076708e-03,6.201858e-03,4.047733e-04,1.122781e-03,1.652077e-03,9.430041e-03,4.245985e-04,5.795069e-04,4.194921e-02,6.447439e-03,5.409780e-01,4.828718e-02,7.131922e-03,3.264903e-01,3.823648e-03
4.663799e-03,8.173599e-03,1.619013e-03,9.601640e-04,1.652469e-03,3.464317e-02,8.381770e-04,1.576212e-03,5.936307e-02,8.531677e-03,5.066152e-01,4.071450e-02,5.853942e-03,3.218930e-01,2.902013e-03
4.741857e-03,7.376434e-03,3.457612e-02,6.974049e-03,3.112961e-03,4.091859e-02,4.416892e-03,6.784216e-02,6.146099e-02,1.022407e-02,4.306942e-01,3.020732e-02,4.475987e-03,2.907434e-01,2.235009e-03
5.477374e-03,1.452688e-02,4.319294e-02,9.079680e-03,8.007767e-03,5.071887e-02,8.186381e-03,8.594818e-02,1.238272e-01,1.306041e-02,3.600397e-01,2.275946e-02,3.450021e-03,2.498655e-01,1.859730e-03
6.267319e-03,1.187076e-02,4.879312e-02,9.958170e-03,8.156025e-03,7.579881e-02,6.976247e-03,1.540769e-01,1.753422e-01,1.270429e-02,2.718725e-01,1.620653e-02,2.633329e-03,1.974964e-01,1.847450e-03
1.046654e-02,1.123624e-02,3.996675e-02,9.409308e-03,9.079911e-03,1.670029e-01,5.442495e-03,1.239900e-01,1.966541e-01,1.295709e-02,2.194052e-01,1.162169e-02,2.149153e-03,1.777882e-01,2.830370e-03
1.473519e-02,9.070983e-03,3.157733e-02,1.098803e-02,7.663865e-03,1.837418e-01,4.776890e-03,1.111040e-01,2.612173e-01,1.150783e-02,1.682768e-01,8.269686e-03,1.626369e-03,1.724902e-01,2.953721e-03
1.781663e-02,7.584545e-03,2.461369e-02,9.382328e-03,7.450430e-03,2.616919e-01,3.553234e-03,8.402974e-02,2.685185e-01,9.093298e-03,1.272061e-01,5.882469e-03,1.434629e-03,1.672074e-01,4.535039e-03
2.589124e-02,6.717363e-03,2.309554e-02,9.127786e-03,8.622467e-03,2.881956e-01,2.769043e-03,6.728879e-02,3.005922e-01,7.990585e-03,9.737755e-02,4.272865e-03,1.386308e-03,1.483511e-01,8.321476e-03
2.884918e-02,5.602106e-03,1.878085e-02,8.753920e-03,7.610185e-03,2.249016e-01,2.105934e-03,5.078090e-02,4.151922e-01,6.977639e-03,1.004823e-01,3.080669e-03,1.110127e-03,1.191220e-01,6.650347e-03
2.874840e-02,4.797748e-03,1.416685e-02,7.889153e-03,6.038226e-03,1.907076e-01,1.593044e-03,3.922491e-02,4.906495e-01,6.702151e-03,1.050111e-01,2.247182e-03,8.742393e-04,9.608389e-02,5.266044e-03
2.859192e-02,4.779513e-03,1.167835e-02,7.359690e-03,4.975255e-03,1.621569e-01,1.177443e-03,3.523411e-02,5.139905e-01,6.916355e-03,1.361781e-01,1.746328e-03,7.169321e-04,7.993975e-02,4.558814e-03
2.947655e-02,4.723999e-03,9.218917e-03,5.604618e-03,3.992647e-03,2.081645e-01,8.819431e-04,2.804495e-02,4.635615e-01,6.866402e-03,1.566492e-01,1.576943e-03,6.471383e-04,7.608722e-02,4.503524e-03
3.106496e-02,6.460896e-03,7.502697e-03,4.227424e-03,3.759876e-03,2.293457e-01,7.210620e-04,2.164221e-02,4.179883e-01,7.074909e-03,1.939981e-01,1.437058e-03,8.190043e-04,6.658690e-02,7.370889e-03
4.585529e-02,5.025563e-03,5.636383e-03,3.053697e-03,3.106720e-03,1.995963e-01,5.601922e-04,1.562103e-02,3.565461e-01,6.333540e-03,2.293439e-01,1.433574e-03,9.937130e-04,1.107184e-01,1.617554e-02
5.641702e-02,3.935264e-03,4.266574e-03,2.235297e-03,2.531613e-03,1.584047e-01,4.644693e-04,1.116385e-02,3.053810e-01,5.271965e-03,3.048612e-01,1.677549e-03,1.196077e-03,1.239839e-01,1.820954e-02
8.228484e-02,3.334219e-03,4.154591e-03,2.131755e-03,2.986334e-03,1.257354e-01,4.874727e-04,8.475767e-03,3.264289e-01,4.799571e-03,2.607650e-01,2.994855e-03,1.777889e-03,1.562005e-01,1.744284e-02
7.745048e-02,3.202094e-03,3.206876e-03,1.763401e-03,2.668081e-03,9.251131e-02,4.140330e-04,6.038623e-03,2.777874e-01,5.252783e-03,2.189754e-01,3.376531e-03,1.527169e-03,2.902882e-01,1.553762e-02
6.571092e-02,3.814569e-03,2.749473e-03,1.364646e-03,2.275106e-03,6.840021e-02,4.226340e-04,4.328299e-03,2.652801e-01,5.215703e-03,1.702894e-01,3.907197e-03,1.213143e-03,3.925751e-01,1.245356e-02
4.641698e-02,3.408043e-03,1.949676e-03,9.621099e-04,1.620991e-03,4.810232e-02,3.036644e-04,3.032892e-03,2.314401e-01,3.848973e-03,1.202117e-01,2.889026e-03,8.567881e-04,5.255883e-01,9.368505e-03
3.277583e-02,5.480327e-03,1.393858e-03,6.798937e-04,1.158252e-03,3.382311e-02,2.193950e-04,2.127348e-03,2.128545e-01,2.828968e-03,8.490045e-02,2.063152e-03,6.033686e-04,6.118579e-01,7.233689e-03
2.322702e-02,8.975165e-02,1.057863e-02,5.382727e-04,1.441439e-03,2.634657e-02,2.838163e-04,1.510964e-03,2.139778e-01,2.633042e-03,5.976750e-02,1.477340e-03,4.572509e-04,5.623579e-01,5.650826e-03
1.658025e-02,1.320653e-01,4.249357e-02,8.108504e-04,3.016745e-03,2.082580e-02,3.011200e-04,1.417509e-03,2.206710e-01,2.672195e-03,4.220655e-02,1.083103e-03,3.928649e-04,5.107557e-01,4.707416e-03
1.212636e-02,1.004196e-01,3.228245e-02,7.106821e-04,2.916098e-03,1.680355e-02,2.417613e-04,1.130002e-03,2.344189e-01,2.420714e-03,2.995819e-02,8.211141e-04,3.356868e-04,5.612181e-01,4.196747e-03
9.391879e-03,1.543961e-01,2.947737e-02,1.651925e-03,3.216840e-03,1.294411e-02,3.667171e-04,1.650191e-03,2.985297e-01,2.518594e-03,2.180699e-02,6.477617e-04,5.518240e-04,4.584037e-01,4.446275e-03
7.891529e-03,1.647407e-01,2.562547e-02,1.903564e-03,4.118409e-03,1.106961e-02,3.298736e-04,2.311511e-03,3.395976e-01,2.427967e-03,1.612176e-02,5.026705e-04,5.322551e-04,4.186419e-01,4.185115e-03
5.892852e-03,1.884593e-01,2.193432e-02,2.565059e-03,3.350560e-03,9.135249e-03,2.499654e-04,2.019257e-03,3.964093e-01,3.328836e-03,1.164098e-02,4.224374e-04,6.059792e-04,3.461196e-01,7.866370e-03
4.612941e-03,1.599554e-01,2.787755e-02,3.701789e-03,3.994082e-03,8.161230e-03,2.090704e-04,1.900109e-03,4.495823e-01,5.201588e-03,8.525602e-03,4.121674e-04,7.593214e-04,3.099721e-01,1.513479e-02
4.073807e-03,1.321874e-01,4.284612e-02,4.961588e-03,8.071688e-03,6.988443e-03,1.969036e-04,2.975354e-03,4.871859e-01,8.972190e-03,6.672339e-03,4.028974e-04,7.778637e-04,2.769201e-01,1.676748e-02
1.430147e-02,1.271441e-01,3.946068e-02,3.704366e-03,6.822390e-03,7.365828e-03,1.483587e-04,2.597528e-03,4.311445e-01,1.916085e-02,6.421153e-03,3.161421e-04,6.469843e-04,2.397846e-01,1.009810e-01
1.914423e-02,1.069002e-01,3.034543e-02,2.815758e-03,1.102261e-02,8.233849e-03,1.630467e-04,4.218765e-03,4.297558e-01,1.870719e-02,6.288815e-03,2.894909e-04,8.293616e-04,2.668905e-01,9.439490e-02
2.443717e-02,1.179341e-01,2.962840e-02,3.323618e-03,1.658523e-02,7.014801e-03,1.812914e-04,3.605570e-03,3.538918e-01,4.402246e-02,5.629478e-03,3.040417e-04,1.063776e-03,2.184539e-01,1.739243e-01
2.274521e-02,9.837172e-02,2.377229e-02,4.441556e-03,1.292642e-02,7.083498e-03,1.536152e-04,3.644900e-03,2.741985e-01,4.964991e-02,5.378485e-03,7.686396e-04,1.502561e-03,1.681796e-01,3.271832e-01
1.846936e-02,7.961577e-02,2.074456e-02,1.854691e-02,1.016047e-02,6.206011e-03,1.400190e-04,4.454799e-03,2.560864e-01,4.742311e-02,8.817740e-03,1.892701e-03,4.652799e-03,1.203677e-01,4.024217e-01
1.340055e-02,7.894721e-02,3.063522e-02,7.868376e-02,7.531526e-03,4.800071e-03,1.082155e-04,3.746876e-03,2.521125e-01,4.448661e-02,1.764210e-02,1.167254e-02,2.719338e-02,8.533267e-02,3.437068e-01
1.174540e-02,7.531763e-02,2.704764e-02,9.011927e-02,7.035382e-03,5.628250e-03,2.637833e-04,4.350305e-03,2.088993e-01,3.845550e-02,8.112352e-02,2.648441e-02,7.740849e-02,6.891987e-02,2.772013e-01
8.613215e-03,7.785303e-02,2.794349e-02,7.833520e-02,5.928461e-03,6.972468e-03,3.704288e-04,3.330325e-03,2.417914e-01,6.096887e-02,1.006755e-01,3.301160e-02,9.021446e-02,4.912861e-02,2.148630e-01
6.988732e-03,5.820106e-02,2.341438e-02,6.292713e-02,4.900767e-03,7.094780e-03,5.997315e-04,4.580714e-03,1.806269e-01,4.958516e-02,1.152049e-01,4.112351e-02,1.642795e-01,3.667674e-02,2.437961e-01
5.766699e-03,4.672468e-02,1.922855e-02,5.378646e-02,3.889331e-03,1.196923e-02,1.026859e-03,4.475297e-03,1.381221e-01,4.456805e-02,1.112550e-01,4.446390e-02,1.859238e-01,2.878094e-02,3.000191e-01
4.742135e-03,4.039995e-02,1.620759e-02,4.858105e-02,3.088114e-03,1.915820e-02,1.383432e-03,4.317058e-03,1.156571e-01,3.514423e-02,9.188206e-02,4.247414e-02,1.577703e-01,2.395965e-02,3.952350e-01
3.746908e-03,3.080105e-02,1.231851e-02,4.100785e-02,2.451684e-03,3.419308e-02,1.404528e-03,3.457353e-03,8.868816e-02,3.173338e-02,8.624168e-02,4.965159e-02,1.412251e-01,2.076201e-02,4.523171e-01
