1.000000e+00,0.000000e+00,0.000000e+00,0.000000e+00,0.000000e+00,0.000000e+00,0.000000e+00,0.000000e+00,0.000000e+00,0.000000e+00,0.000000e+00,0.000000e+00,0.000000e+00,0.000000e+00,0.000000e+00
1.000000e+00,0.000000e+00,0.000000e+00,0.000000e+00,0.000000e+00,0.000000e+00,0.000000e+00,0.000000e+00,0.000000e+00,0.000000e+00,0.000000e+00,0.000000e+00,0.000000e+00,0.000000e+00,0.000000e+00
1.000000e+00,0.000000e+00,0.000000e+00,0.000000e+00,0.000000e+00,0.000000e+00,0.000000e+00,0.000000e+00,0.000000e+00,0.000000e+00,0.000000e+00,0.000000e+00,0.000000e+00,0.000000e+00,0.000000e+00
1.000000e+00,0.000000e+00,0.000000e+00,0.000000e+00,0.000000e+00,0.000000e+00,0.000000e+00,0.000000e+00,0.000000e+00,0.000000e+00,0.000000e+00,0.000000e+00,0.000000e+00,0.000000e+00,0.000000e+00
1.000000e+00,0.000000e+00,0.000000e+00,0.000000e+00,0.000000e+00,0.000000e+00,0.000000e+00,0.000000e+00,0.000000e+00,0.000000e+00,0.000000e+00,0.000000e+00,0.000000e+00,0.000000e+00,0.000000e+00
1.000000e+00,0.000000e+00,0.000000e+00,0.000000e+00,0.000000e+00,0.000000e+00,0.000000e+00,0.000000e+00,0.000000e+00,0.000000e+00,0.000000e+00,0.000000e+00,0.000000e+00,0.000000e+00,0.000000e+00
1.000000e+00,0.000000e+00,0.000000e+00,0.000000e+00,0.000000e+00,0.000000e+00,0.000000e+00,0.000000e+00,0.000000e+00,0.000000e+00,0.000000e+00,0.000000e+00,0.000000e+00,0.000000e+00,0.000000e+00
1.000000e+00,0.000000e+00,0.000000e+00,0.000000e+00,0.000000e+00,0.000000e+00,0.000000e+00,0.000000e+00,0.000000e+00,0.000000e+00,0.000000e+00,0.000000e+00,0.000000e+00,0.000000e+00,0.000000e+00
1.000000e+00,0.000000e+00,0.000000e+00,0.000000e+00,0.000000e+00,0.000000e+00,0.000000e+00,0.000000e+00,0.000000e+00,0.000000e+00,0.000000e+00,0.000000e+00,0.000000e+00,0.000000e+00,0.000000e+00
1.000000e+00,0.000000e+00,0.000000e+00,0.000000e+00,0.000000e+00,0.000000e+00,0.000000e+00,0.000000e+00,0.000000e+00,0.000000e+00,0.000000e+00,0.000000e+00,0.000000e+00,0.000000e+00,0.000000e+00
1.000000e+00,0.000000e+00,0.000000e+00,0.000000e+00,0.000000e+00,0.000000e+00,0.000000e+00,0.000000e+00,0.000000e+00,0.000000e+00,0.000000e+00,0.000000e+00,0.000000e+00,0.000000e+00,0.000000e+00
1.000000e+00,0.000000e+00,0.000000e+00,0.000000e+00,0.000000e+00,0.000000e+00,0.000000e+00,0.000000e+00,0.000000e+00,0.000000e+00,0.000000e+00,0.000000e+00,0.000000e+00,0.000000e+00,0.000000e+00
1.000000e+00,0.000000e+00,0.000000e+00,0.000000e+00,0.000000e+00,0.000000e+00,0.000000e+00,0.000000e+00,0.000000e+00,0.000000e+00,0.000000e+00,0.000000e+00,0.000000e+00,0.000000e+00,0.000000e+00
1.000000e+00,0.000000e+00,0.000000e+00,0.000000e+00,0.000000e+00,0.000000e+00,0.000000e+00,0.000000e+00,0.000000e+00,0.000000e+00,0.000000e+00,0.000000e+00,0.000000e+00,0.000000e+00,0.000000e+00
1.000000e+00,0.000000e+00,0.000000e+00,0.000000e+00,0.000000e+00,0.000000e+00,0.000000e+00,0.000000e+00,0.000000e+00,0.000000e+00,0.000000e+00,0.000000e+00,0.000000e+00,0.000000e+00,0.000000e+00
1.000000e+00,0.000000e+00,0.000000e+00,0.000000e+00,0.000000e+00,0.000000e+00,0.000000e+00,0.000000e+00,0.000000e+00,0.000000e+00,0.000000e+00,0.000000e+00,0.000000e+00,0.000000e+00,0.000000e+00
1.000000e+00,0.000000e+00,0.000000e+00,0.000000e+00,0.000000e+00,0.000000e+00,0.000000e+00,0.000000e+00,0.000000e+00,0.000000e+00,0.000000e+00,0.000000e+00,0.000000e+00,0.000000e+00,0.000000e+00
1.000000e+00,0.000000e+00,0.000000e+00,0.000000e+00,0.000000e+00,0.000000e+00,0.000000e+00,0.000000e+00,0.000000e+00,0.000000e+00,0.000000e+00,0.000000e+00,0.000000e+00,0.000000e+00,0.000000e+00
1.000000e+00,0.000000e+00,0.000000e+00,0.000000e+00,0.000000e+00,0.000000e+00,0.000000e+00,0.000000e+00,0.000000e+00,0.000000e+00,0.000000e+00,0.000000e+00,0.000000e+00,0.000000e+00,0.000000e+00
1.000000e+00,0.000000e+00,0.000000e+00,0.000000e+00,0.000000e+00,0.000000e+00,0.000000e+00,0.000000e+00,0.000000e+00,0.000000e+00,0.000000e+00,0.000000e+00,0.000000e+00,0.000000e+00,0.000000e+00
1.000000e+00,0.000000e+00,0.000000e+00,0.000000e+00,0.000000e+00,0.000000e+00,0.000000e+00,0.000000e+00,0.000000e+00,0.000000e+00,0.000000e+00,0.000000e+00,0.000000e+00,0.000000e+00,0.000000e+00
1.000000e+00,0.000000e+00,0.000000e+00,0.000000e+00,0.000000e+00,0.000000e+00,0.000000e+00,0.000000e+00,0.000000e+00,0.000000e+00,0.000000e+00,0.000000e+00,0.000000e+00,0.000000e+00,0.000000e+00
1.000000e+00,0.000000e+00,0.000000e+00,0.000000e+00,0.000000e+00,0.000000e+00,0.000000e+00,0.000000e+00,0.000000e+00,0.000000e+00,0.000000e+00,0.000000e+00,0.000000e+00,0.000000e+00,0.000000e+00
1.000000e+00,0.000000e+00,0.000000e+00,0.000000e+00,0.000000e+00,0.000000e+00,0.000000e+00,0.000000e+00,0.000000e+00,0.000000e+00,0.000000e+00,0.000000e+00,0.000000e+00,0.000000e+00,0.000000e+00
1.000000e+00,0.000000e+00,0.000000e+00,0.000000e+00,0.000000e+00,0.000000e+00,0.000000e+00,0.000000e+00,0.000000e+00,0.000000e+00,0.000000e+00,0.000000e+00,0.000000e+00,0.000000e+00,0.000000e+00
1.000000e+00,0.000000e+00,0.000000e+00,0.000000e+00,0.000000e+00,0.000000e+00,0.000000e+00,0.000000e+00,0.000000e+00,0.000000e+00,0.000000e+00,0.000000e+00,0.000000e+00,0.000000e+00,0.000000e+00
1.000000e+00,0.000000e+00,0.000000e+00,0.000000e+00,0.000000e+00,0.000000e+00,0.000000e+00,0.000000e+00,0.000000e+00,0.000000e+00,0.000000e+00,0.000000e+00,0.000000e+00,0.000000e+00,0.000000e+00
1.000000e+00,0.000000e+00,0.000000e+00,0.000000e+00,0.000000e+00,0.000000e+00,0.000000e+00,0.000000e+00,0.000000e+00,0.000000e+00,0.000000e+00,0.000000e+00,0.000000e+00,0.000000e+00,0.000000e+00
1.000000e+00,0.000000e+00,0.000000e+00,0.000000e+00,0.000000e+00,0.000000e+00,0.000000e+00,0.000000e+00,0.000000e+00,0.000000e+00,0.000000e+00,0.000000e+00,0.000000e+00,0.000000e+00,0.000000e+00
1.000000e+00,0.000000e+00,0.000000e+00,0.000000e+00,0.000000e+00,0.000000e+00,0.000000e+00,0.000000e+00,0.000000e+00,0.000000e+00,0.000000e+00,0.000000e+00,0.000000e+00,0.000000e+00,0.000000e+00
1.000000e+00,0.000000e+00,0.000000e+00,0.000000e+00,0.000000e+00,0.000000e+00,0.000000e+00,0.000000e+00,0.000000e+00,0.000000e+00,0.000000e+00,0.000000e+00,0.000000e+00,0.000000e+00,0.000000e+00
1.000000e+00,0.000000e+00,0.000000e+00,0.000000e+00,0.000000e+00,0.000000e+00,0.000000e+00,0.000000e+00,0.000000e+00,0.000000e+00,0.000000e+00,0.000000e+00,0.000000e+00,0.000000e+00,0.000000e+00
1.000000e+00,0.000000e+00,0.000000e+00,0.000000e+00,0.000000e+00,0.000000e+00,0.000000e+00,0.000000e+00,0.000000e+00,0.000000e+00,0.000000e+00,0.000000e+00,0.000000e+00,0.000000e+00,0.000000e+00
1.000000e+00,0.000000e+00,0.000000e+00,0.000000e+00,0.000000e+00,0.000000e+00,0.000000e+00,0.000000e+00,0.000000e+00,0.000000e+00,0.000000e+00,0.000000e+00,0.000000e+00,0.000000e+00,0.000000e+00
1.000000e+00,0.000000e+00,0.000000e+00,0.000000e+00,0.000000e+00,0.000000e+00,0.000000e+00,0.000000e+00,0.000000e+00,0.000000e+00,0.000000e+00,0.000000e+00,0.000000e+00,0.000000e+00,0.000000e+00
1.000000e+00,0.000000e+00,0.000000e+00,0.000000e+00,0.000000e+00,0.000000e+00,0.000000e+00,0.000000e+00,0.000000e+00,0.000000e+00,0.000000e+00,0.000000e+00,0.000000e+00,0.000000e+00,0.000000e+00
1.000000e+00,0.000000e+00,0.000000e+00,0.000000e+00,0.000000e+00,0.000000e+00,0.000000e+00,0.000000e+00,0.000000e+00,0.000000e+00,0.000000e+00,0.000000e+00,0.000000e+00,0.000000e+00,0.000000e+00
1.000000e+00,0.000000e+00,0.000000e+00,0.000000e+00,0.000000e+00,0.000000e+00,0.000000e+00,0.000000e+00,0.000000e+00,0.000000e+00,0.000000e+00,0.000000e+00,0.000000e+00,0.000000e+00,0.000000e+00
1.000000e+00,0.000000e+00,0.000000e+00,0.000000e+00,0.000000e+00,0.000000e+00,0.000000e+00,0.000000e+00,0.000000e+00,0.000000e+00,0.000000e+00,0.000000e+00,0.000000e+00,0.000000e+00,0.000000e+00
1.000000e+00,0.000000e+00,0.000000e+00,0.000000e+00,0.000000e+00,0.000000e+00,0.000000e+00,0.000000e+00,0.000000e+00,0.000000e+00,0.000000e+00,0.000000e+00,0.000000e+00,0.000000e+00,0.000000e+00
1.000000e+00,0.000000e+00,0.000000e+00,0.000000e+00,0.000000e+00,0.000000e+00,0.000000e+00,0.000000e+00,0.000000e+00,0.000000e+00,0.000000e+00,0.000000e+00,0.000000e+00,0.000000e+00,0.000000e+00
4.658110e-01,7.495578e-02,1.899415e-02,1.719537e-01,1.756032e-02,1.880212e-02,7.685843e-03,4.726038e-02,2.295560e-02,4.376346e-03,2.666876e-02,5.316830e-02,2.017566e-02,7.075624e-03,4.255646e-02
4.166107e-01,7.949495e-02,2.106512e-02,1.858409e-01,2.178784e-02,2.061137e-02,8.181663e-03,4.033410e-02,3.125683e-02,5.023813e-03,3.631399e-02,5.629033e-02,2.248132e-02,8.625980e-03,4.608108e-02
3.965193e-01,8.243084e-02,2.260988e-02,1.849525e-01,2.369920e-02,2.200362e-02,8.194795e-03,3.448451e-02,3.759380e-02,5.785545e-03,4.156920e-02,5.340295e-02,2.255012e-02,1.048618e-02,5.371754e-02
4.298262e-01,6.827497e-02,2.087400e-02,1.671008e-01,2.187779e-02,2.429857e-02,7.902354e-03,3.039689e-02,3.264687e-02,5.112034e-03,4.659680e-02,6.320806e-02,2.497843e-02,9.569741e-03,4.733644e-02
1.000000e+00,0.000000e+00,0.000000e+00,0.000000e+00,0.000000e+00,0.000000e+00,0.000000e+00,0.000000e+00,0.000000e+00,0.000000e+00,0.000000e+00,0.000000e+00,0.000000e+00,0.000000e+00,0.000000e+00
1.000000e+00,0.000000e+00,0.000000e+00,0.000000e+00,0.000000e+00,0.000000e+00,0.000000e+00,0.000000e+00,0.000000e+00,0.000000e+00,0.000000e+00,0.000000e+00,0.000000e+00,0.000000e+00,0.000000e+00
1.000000e+00,0.000000e+00,0.000000e+00,0.000000e+00,0.000000e+00,0.000000e+00,0.000000e+00,0.000000e+00,0.000000e+00,0.000000e+00,0.000000e+00,0.000000e+00,0.000000e+00,0.000000e+00,0.000000e+00
1.000000e+00,0.000000e+00,0.000000e+00,0.000000e+00,0.000000e+00,0.000000e+00,0.000000e+00,0.000000e+00,0.000000e+00,0.000000e+00,0.000000e+00,0.000000e+00,0.000000e+00,0.000000e+00,0.000000e+00
1.000000e+00,0.000000e+00,0.000000e+00,0.000000e+00,0.000000e+00,0.000000e+00,0.000000e+00,0.000000e+00,0.000000e+00,0.000000e+00,0.000000e+00,0.000000e+00,0.000000e+00,0.000000e+00,0.000000e+00
1.000000e+00,0.000000e+00,0.000000e+00,0.000000e+00,0.000000e+00,0.000000e+00,0.000000e+00,0.000000e+00,0.000000e+00,0.000000e+00,0.000000e+00,0.000000e+00,0.000000e+00,0.000000e+00,0.000000e+00
1.000000e+00,0.000000e+00,0.000000e+00,0.000000e+00,0.000000e+00,0.000000e+00,0.000000e+00,0.000000e+00,0.000000e+00,0.000000e+00,0.000000e+00,0.000000e+00,0.000000e+00,0.000000e+00,0.000000e+00
1.000000e+00,0.000000e+00,0.000000e+00,0.000000e+00,0.000000e+00,0.000000e+00,0.000000e+00,0.000000e+00,0.000000e+00,0.000000e+00,0.000000e+00,0.000000e+00,0.000000e+00,0.000000e+00,0.000000e+00
1.000000e+00,0.000000e+00,0.000000e+00,0.000000e+00,0.000000e+00,0.000000e+00,0.000000e+00,0.000000e+00,0.000000e+00,0.000000e+00,0.000000e+00,0.000000e+00,0.000000e+00,0.000000e+00,0.000000e+00
1.000000e+00,0.000000e+00,0.000000e+00,0.000000e+00,0.000000e+00,0.000000e+00,0.000000e+00,0.000000e+00,0.000000e+00,0.000000e+00,0.000000e+00,0.000000e+00,0.000000e+00,0.000000e+00,0.000000e+00
1.000000e+00,0.000000e+00,0.000000e+00,0.000000e+00,0.000000e+00,0.000000e+00,0.000000e+00,0.000000e+00,0.000000e+00,0.000000e+00,0.000000e+00,0.000000e+00,0.000000e+00,0.000000e+00,0.000000e+00
1.000000e+00,0.000000e+00,0.000000e+00,0.000000e+00,0.000000e+00,0.000000e+00,0.000000e+00,0.000000e+00,0.000000e+00,0.000000e+00,0.000000e+00,0.000000e+00,0.000000e+00,0.000000e+00,0.000000e+00
4.739533e-01,1.705681e-02,4.005698e-02,1.713565e-01,5.280933e-03,1.891633e-02,2.572331e-03,4.083839e-02,8.990012e-03,5.383317e-03,5.114253e-02,8.578616e-02,3.337974e-02,9.250845e-03,3.603578e-02
3.459712e-01,1.645009e-02,2.940721e-02,2.727031e-01,4.342273e-03,1.712343e-02,1.931271e-03,3.543093e-02,1.743687e-02,5.065832e-03,8.821993e-02,7.716709e-02,3.656831e-02,9.168271e-03,4.301413e-02
2.942374e-01,1.343599e-02,2.144114e-02,2.899821e-01,7.645583e-03,1.524179e-02,1.998115e-03,2.906977e-02,4.071823e-02,4.709709e-03,1.222492e-01,7.684892e-02,2.880969e-02,1.690188e-02,3.671041e-02
2.735378e-01,1.059490e-02,1.530059e-02,2.267007e-01,2.294084e-02,1.175205e-02,1.728473e-03,2.175800e-02,4.856406e-02,4.499685e-03,1.829107e-01,1.016629e-01,2.476130e-02,2.292228e-02,3.036568e-02
3.638095e-01,1.154667e-02,1.130274e-02,1.847641e-01,2.495838e-02,1.059198e-02,1.819519e-03,2.110064e-02,4.837979e-02,5.043957e-03,1.513255e-01,8.650607e-02,2.244499e-02,2.781523e-02,2.859086e-02
3.562745e-01,2.890970e-02,8.875700e-03,1.460913e-01,2.254204e-02,1.306991e-02,1.608415e-03,1.665305e-02,7.720888e-02,7.662645e-03,1.500437e-01,8.705026e-02,1.876990e-02,3.109448e-02,3.414564e-02
3.452714e-01,3.661589e-02,7.689596e-03,1.272547e-01,1.975358e-02,2.072187e-02,1.796243e-03,2.150062e-02,1.096532e-01,8.695234e-03,1.470497e-01,7.975414e-02,1.717190e-02,2.806332e-02,2.900856e-02
3.735554e-01,3.853071e-02,7.416671e-03,1.289658e-01,1.767550e-02,2.249684e-02,1.699801e-03,1.695724e-02,9.867387e-02,8.488341e-03,1.405872e-01,6.908640e-02,1.472048e-02,2.413326e-02,3.701249e-02
3.756382e-01,3.751021e-02,7.284297e-03,1.391914e-01,1.694972e-02,2.244210e-02,2.009797e-03,1.622535e-02,8.598477e-02,8.068850e-03,1.612151e-01,5.855140e-02,1.208148e-02,2.042416e-02,3.642317e-02
4.072311e-01,3.392420e-02,7.612383e-03,1.729415e-01,1.482939e-02,1.980990e-02,2.717769e-03,2.790485e-02,6.668168e-02,6.536122e-03,1.306369e-01,5.154075e-02,1.073732e-02,1.664047e-02,3.025570e-02
4.811553e-01,2.954331e-02,7.499706e-03,1.449050e-01,1.226050e-02,1.682541e-02,3.234175e-03,3.824906e-02,5.807238e-02,5.594522e-03,1.080425e-01,4.354909e-02,1.080736e-02,1.596601e-02,2.429562e-02
1.000000e+00,0.000000e+00,0.000000e+00,0.000000e+00,0.000000e+00,0.000000e+00,0.000000e+00,0.000000e+00,0.000000e+00,0.000000e+00,0.000000e+00,0.000000e+00,0.000000e+00,0.000000e+00,0.000000e+00
1.000000e+00,0.000000e+00,0.000000e+00,0.000000e+00,0.000000e+00,0.000000e+00,0.000000e+00,0.000000e+00,0.000000e+00,0.000000e+00,0.000000e+00,0.000000e+00,0.000000e+00,0.000000e+00,0.000000e+00
4.815328e-01,3.508308e-02,1.020298e-02,1.823229e-01,7.916161e-03,1.268129e-02,2.756555e-03,2.717217e-02,1.094673e-01,5.361130e-03,6.309906e-02,2.717222e-02,6.957497e-03,1.057657e-02,1.769830e-02
4.548737e-01,4.159112e-02,1.521009e-02,1.954736e-01,7.708239e-03,1.157764e-02,2.415001e-03,2.161935e-02,1.321185e-01,5.854532e-03,5.522601e-02,2.345484e-02,6.669535e-03,8.312081e-03,1.789573e-02
3.465183e-01,1.205643e-01,1.385273e-02,1.757806e-01,1.001105e-02,1.269057e-02,1.747227e-03,1.687788e-02,2.071961e-01,5.344630e-03,4.228983e-02,1.732289e-02,5.704536e-03,7.574586e-03,1.652469e-02
3.361124e-01,1.832756e-01,1.376176e-02,1.367677e-01,1.620485e-02,1.117067e-02,1.431517e-03,1.608839e-02,2.102731e-01,4.107577e-03,3.229999e-02,1.334047e-02,4.920755e-03,6.430126e-03,1.381511e-02
3.045136e-01,1.775931e-01,1.481119e-02,1.155303e-01,1.855933e-02,1.138979e-02,1.155673e-03,3.352160e-02,2.619491e-01,3.621361e-03,2.405344e-02,1.021630e-02,4.043846e-03,6.029657e-03,1.301171e-02
2.399085e-01,1.688478e-01,2.561254e-02,9.491930e-02,1.961145e-02,8.751339e-03,9.312029e-04,1.286983e-01,2.659806e-01,2.888886e-03,1.753868e-02,7.392703e-03,3.003681e-03,4.734458e-03,1.118063e-02
1.993273e-01,1.349630e-01,5.835312e-02,8.834422e-02,2.065689e-02,6.998726e-03,8.032323e-04,2.040798e-01,2.488161e-01,2.925902e-03,1.307437e-02,5.552401e-03,2.315386e-03,3.537193e-03,1.025237e-02
1.831686e-01,1.532017e-01,8.639386e-02,8.509661e-02,1.918941e-02,6.205157e-03,6.774050e-04,1.785187e-01,2.531644e-01,3.192993e-03,1.016789e-02,4.574432e-03,1.894701e-03,2.835150e-03,1.171895e-02
1.768231e-01,1.663606e-01,8.826920e-02,7.510740e-02,3.380037e-02,5.501432e-03,6.480406e-04,1.685199e-01,2.533844e-01,2.897808e-03,7.807300e-03,3.555040e-03,1.618500e-03,2.284913e-03,1.342200e-02
1.928416e-01,1.452786e-01,8.894977e-02,7.478769e-02,5.756929e-02,6.883094e-03,9.310133e-04,1.582818e-01,2.465248e-01,2.647635e-03,6.167565e-03,2.744066e-03,1.444878e-03,1.742278e-03,1.320592e-02
1.898060e-01,1.336525e-01,1.075520e-01,8.882359e-02,1.032895e-01,1.252621e-02,3.005303e-03,1.308813e-01,2.053703e-01,2.025174e-03,5.382109e-03,2.213013e-03,1.833708e-03,1.561403e-03,1.207799e-02
1.618311e-01,1.071528e-01,8.520449e-02,7.746849e-02,1.807197e-01,3.036382e-02,5.452128e-02,1.252125e-01,1.557282e-01,1.631153e-03,4.745207e-03,1.781009e-03,2.835382e-03,1.280692e-03,9.524182e-03
1.702127e-01,9.635589e-02,6.154398e-02,5.947782e-02,2.417177e-01,4.117902e-02,4.736120e-02,1.011368e-01,1.514631e-01,2.576173e-03,5.738853e-03,1.630603e-03,3.742006e-03,1.365271e-03,1.449872e-02
1.698354e-01,7.506805e-02,4.734934e-02,4.771612e-02,2.818422e-01,4.055817e-02,3.687210e-02,8.137947e-02,1.193131e-01,1.873703e-02,9.135187e-03,1.966814e-03,1.076454e-02,1.998603e-03,5.746384e-02
2.760331e-01,5.837151e-02,3.402780e-02,3.481620e-02,2.205694e-01,4.074802e-02,2.826311e-02,6.126503e-02,9.309576e-02,1.723157e-02,8.584376e-03,2.080894e-03,1.036958e-02,3.597111e-03,1.109465e-01
2.197043e-01,4.946852e-02,2.575257e-02,2.556805e-02,1.560582e-01,3.343279e-02,1.999257e-02,4.302838e-02,1.629072e-01,3.533154e-02,1.325120e-02,1.934405e-03,8.943485e-03,1.964770e-02,1.849790e-01
1.682767e-01,3.974936e-02,1.930637e-02,2.077429e-02,1.102223e-01,2.503375e-02,1.414581e-02,3.027820e-02,2.384200e-01,3.899010e-02,1.198126e-02,1.792309e-03,7.257130e-03,2.093823e-02,2.528341e-01
2.634728e-01,3.349499e-02,1.747425e-02,1.840451e-02,8.478819e-02,2.024432e-02,1.040623e-02,2.228017e-02,2.160311e-01,3.506537e-02,1.862899e-02,2.777547e-03,8.844356e-03,5.102851e-02,1.970586e-01
2.395458e-01,3.365858e-02,1.466697e-02,1.915943e-02,6.397671e-02,1.748832e-02,7.738406e-03,1.627856e-02,2.475474e-01,3.651364e-02,4.559499e-02,4.731241e-03,1.542483e-02,6.982188e-02,1.678533e-01
1.835248e-01,3.076513e-02,1.602336e-02,5.793239e-02,4.559008e-02,1.305873e-02,5.573651e-03,1.272406e-02,3.342713e-01,5.217280e-02,4.240131e-02,5.468547e-03,1.558600e-02,5.341384e-02,1.314940e-01
2.433388e-01,2.987814e-02,1.404414e-02,5.057171e-02,3.521502e-02,1.431048e-02,4.182780e-03,1.014682e-02,3.110818e-01,4.272291e-02,4.675602e-02,5.979992e-03,1.470212e-02,5.121260e-02,1.258566e-01
3.281997e-01,2.721071e-02,1.202289e-02,4.043237e-02,2.889504e-02,1.619324e-02,3.277562e-03,7.979201e-03,2.464612e-01,3.225362e-02,3.715881e-02,5.734339e-03,1.212489e-02,4.588581e-02,1.561706e-01
3.303854e-01,6.527865e-02,2.811374e-02,8.064032e-02,2.362697e-02,1.830041e-02,3.078519e-03,6.970392e-03,2.126264e-01,2.403798e-02,3.020839e-02,7.127713e-03,9.922816e-03,3.479176e-02,1.248905e-01
3.831759e-01,5.886368e-02,2.661387e-02,7.241818e-02,2.029683e-02,2.067710e-02,3.271411e-03,6.091488e-03,1.809698e-01,2.087358e-02,2.800800e-02,8.259797e-03,1.165774e-02,3.123081e-02,1.275917e-01
3.939297e-01,7.348029e-02,2.527027e-02,6.656903e-02,1.823909e-02,2.076644e-02,3.717142e-03,7.324869e-03,1.713138e-01,1.690796e-02,3.149923e-02,1.367432e-02,1.303463e-02,3.486960e-02,1.094036e-01
3.772818e-01,1.269833e-01,2.188183e-02,5.992632e-02,1.734059e-02,1.804654e-02,3.322518e-03,7.665883e-03,1.781955e-01,1.404739e-02,2.682555e-02,1.261851e-02,1.185014e-02,3.149860e-02,9.251542e-02
3.274589e-01,1.732942e-01,1.955035e-02,5.208208e-02,1.903751e-02,1.533109e-02,2.796142e-03,6.861197e-03,1.732721e-01,1.632203e-02,2.485348e-02,1.136113e-02,1.052893e-02,3.409144e-02,1.131594e-01
2.705195e-01,1.592115e-01,1.604556e-02,4.450028e-02,1.757896e-02,1.294712e-02,2.183575e-03,6.580464e-03,2.089656e-01,2.408860e-02,2.222547e-02,1.129793e-02,1.207724e-02,5.474620e-02,1.370320e-01
2.056672e-01,1.446351e-01,1.252094e-02,3.793952e-02,1.957496e-02,1.042235e-02,1.619289e-03,5.469544e-03,2.499850e-01,3.624480e-02,1.711523e-02,8.650292e-03,1.262496e-02,5.197465e-02,1.855561e-01
1.599082e-01,1.431057e-01,1.022127e-02,3.856909e-02,1.687044e-02,7.703552e-03,1.204597e-03,5.471252e-03,3.618232e-01,2.867587e-02,1.377552e-02,6.491127e-03,9.394344e-03,3.853341e-02,1.582524e-01
1.843161e-01,1.338469e-01,1.022621e-02,4.061466e-02,2.256587e-02,7.931685e-03,1.138111e-03,1.158598e-02,3.310335e-01,2.391808e-02,1.836075e-02,7.472977e-03,8.300545e-03,3.975923e-02,1.589295e-01
2.179549e-01,1.189429e-01,8.470042e-03,4.083200e-02,2.772726e-02,7.715334e-03,1.058052e-03,1.206177e-02,2.931547e-01,2.243132e-02,1.662468e-02,7.514465e-03,7.762547e-03,3.630299e-02,1.814471e-01
2.726218e-01,9.829900e-02,1.599928e-02,7.798198e-02,2.565853e-02,7.995762e-03,1.410569e-03,1.676267e-02,2.549698e-01,1.659684e-02,1.692701e-02,9.775404e-03,8.170867e-03,2.668426e-02,1.501462e-01
3.711305e-01,1.040066e-01,1.209421e-02,6.609143e-02,2.471730e-02,1.602396e-02,1.399858e-03,1.817073e-02,1.985870e-01,1.186846e-02,1.463399e-02,9.564668e-03,9.087667e-03,2.111809e-02,1.215056e-01
4.340055e-01,1.062098e-01,1.617672e-02,6.200185e-02,2.749628e-02,3.289568e-02,1.619126e-03,2.580822e-02,1.483992e-01,8.444180e-03,1.212302e-02,8.908834e-03,7.840960e-03,1.632301e-02,9.174766e-02
4.177819e-01,9.634851e-02,1.595957e-02,5.588857e-02,2.541173e-02,1.336063e-01,1.614354e-03,2.618388e-02,1.164641e-01,6.073651e-03,1.058996e-02,7.398095e-03,6.456933e-03,1.255356e-02,6.766888e-02
3.874548e-01,9.651940e-02,1.730316e-02,5.227201e-02,1.969403e-02,1.775512e-01,1.513004e-03,2.714518e-02,8.741992e-02,4.841398e-03,1.345347e-02,7.557154e-03,6.556626e-03,1.596138e-02,8.475725e-02
4.023285e-01,8.947833e-02,1.459183e-02,4.140797e-02,1.558481e-02,1.972130e-01,1.460138e-03,2.120173e-02,7.253010e-02,3.761727e-03,1.444345e-02,7.794808e-03,7.251886e-03,1.689697e-02,9.405474e-02
4.158344e-01,7.318585e-02,1.127327e-02,3.362194e-02,1.221121e-02,1.936228e-01,1.294542e-03,1.625528e-02,5.648202e-02,4.510510e-03,1.521656e-02,7.956480e-03,7.738949e-03,1.815349e-02,1.326426e-01
3.407723e-01,7.946828e-02,2.279066e-02,9.715160e-02,1.067067e-02,1.374631e-01,1.071112e-03,1.235481e-02,4.836780e-02,5.018439e-03,1.430072e-02,8.090002e-03,7.866995e-03,1.478568e-02,1.998277e-01
3.644541e-01,5.911437e-02,3.149730e-02,9.564755e-02,9.155412e-03,9.776601e-02,1.031392e-03,1.019898e-02,4.442417e-02,4.636680e-03,1.390005e-02,9.845396e-03,9.355538e-03,1.623422e-02,2.327388e-01
2.790543e-01,4.322170e-02,2.794526e-02,6.782262e-02,6.721340e-03,6.935754e-02,8.120488e-04,7.337162e-03,4.930618e-02,4.572924e-03,1.093188e-02,7.215061e-03,7.313951e-03,4.020507e-02,3.781829e-01
2.205948e-01,3.359387e-02,2.649714e-02,5.228809e-02,5.158251e-03,5.001082e-02,6.646817e-04,5.559266e-03,1.879150e-01,9.478575e-03,9.224333e-03,5.497499e-03,5.741886e-03,4.682751e-02,3.409483e-01
2.468026e-01,2.590876e-02,3.336073e-02,4.289998e-02,4.244040e-03,3.808551e-02,5.589590e-04,4.273953e-03,2.291720e-01,1.367388e-02,9.239869e-03,4.804456e-03,4.943833e-03,4.700747e-02,2.950240e-01
2.011508e-01,2.034556e-02,5.508634e-02,3.121439e-02,3.293602e-03,2.728612e-02,4.312398e-04,3.088104e-03,3.200309e-01,1.542906e-02,9.446016e-03,3.543822e-03,3.767365e-03,3.956428e-02,2.663224e-01
1.467476e-01,1.494645e-02,5.191430e-02,2.445571e-02,2.397526e-03,1.939146e-02,3.154282e-04,2.183864e-03,4.597136e-01,1.745372e-02,7.350639e-03,2.545580e-03,2.732083e-03,4.064294e-02,2.072090e-01
1.156092e-01,1.102728e-02,3.852729e-02,1.773892e-02,1.775444e-03,1.393105e-02,2.466161e-04,1.566165e-03,5.704058e-01,1.712546e-02,9.187702e-03,2.052035e-03,2.494769e-03,4.809995e-02,1.502122e-01
1.035073e-01,8.244442e-03,2.751307e-02,1.307991e-02,1.367238e-03,1.002781e-02,2.742411e-04,1.211907e-03,5.957929e-01,1.464253e-02,1.870550e-02,3.083183e-03,5.257358e-03,8.430268e-02,1.129900e-01
9.779830e-02,6.148014e-03,1.954969e-02,9.549947e-03,1.207167e-03,7.250045e-03,5.396981e-04,1.049572e-03,5.428054e-01,2.171390e-02,2.681154e-02,5.316118e-03,6.486436e-03,1.632336e-01,9.054051e-02
8.268496e-02,5.037747e-03,1.405576e-02,7.157766e-03,1.380282e-03,5.635235e-03,6.395907e-04,1.364595e-03,4.398107e-01,2.041681e-02,7.466097e-02,7.912425e-03,1.156322e-02,2.327930e-01,9.488691e-02
1.303446e-01,5.155021e-03,1.032568e-02,5.459560e-03,1.940297e-03,5.823555e-03,8.955029e-04,1.600321e-03,3.344239e-01,1.759234e-02,6.969613e-02,7.040220e-03,9.451694e-03,3.317268e-01,6.852430e-02
1.051923e-01,7.899504e-03,8.160175e-03,4.153333e-03,1.973802e-03,6.067622e-03,8.587600e-04,1.498985e-03,2.709489e-01,1.435824e-02,7.626048e-02,6.161932e-03,8.410886e-03,4.364301e-01,5.162490e-02
9.086516e-02,9.947344e-03,6.771893e-03,4.486012e-03,1.752599e-03,7.621347e-03,8.225286e-04,1.458113e-03,2.234088e-01,1.464811e-02,1.227906e-01,5.047748e-03,6.885197e-03,4.617470e-01,4.174744e-02
7.336366e-02,1.097342e-02,5.603496e-03,4.559075e-03,1.621297e-03,1.672135e-02,9.635324e-04,1.531598e-03,2.056731e-01,1.432511e-02,1.342201e-01,5.276354e-03,5.681277e-03,4.873677e-01,3.211892e-02
1.019919e-01,1.442746e-02,5.868331e-03,4.583573e-03,1.499310e-03,2.156840e-02,1.299685e-03,2.839568e-03,1.705820e-01,1.151522e-02,1.641172e-01,4.900695e-03,4.965536e-03,4.659280e-01,2.391319e-02
9.458736e-02,3.846414e-02,4.464862e-02,5.915303e-03,2.515390e-03,3.743421e-02,1.138818e-02,1.052618e-02,2.256861e-01,1.127219e-02,1.279773e-01,4.150682e-03,4.430850e-03,3.621227e-01,1.888075e-02
7.631682e-02,5.274907e-02,6.650202e-02,7.389315e-03,3.697943e-03,5.493589e-02,8.893115e-03,1.054635e-02,3.136404e-01,1.293788e-02,9.798384e-02,3.212921e-03,3.619995e-03,2.727049e-01,1.486964e-02
6.698989e-02,5.907321e-02,1.637904e-01,4.370815e-02,8.502797e-03,4.538296e-02,6.590030e-03,1.048671e-02,2.820592e-01,1.607755e-02,7.214847e-02,2.431151e-03,3.323372e-03,1.981140e-01,2.132213e-02
9.422201e-02,6.236850e-02,2.049763e-01,4.188955e-02,2.050004e-02,4.372209e-02,5.353839e-03,8.524148e-03,2.345623e-01,1.915874e-02,5.558097e-02,1.819267e-03,2.731133e-03,1.621502e-01,4.244090e-02
8.687506e-02,5.732831e-02,2.757262e-01,3.337452e-02,3.237247e-02,4.458092e-02,4.175802e-03,6.839215e-03,2.018218e-01,1.503817e-02,4.146514e-02,1.321080e-03,2.263804e-03,1.606078e-01,3.620966e-02
1.259385e-01,4.561863e-02,3.167616e-01,2.916030e-02,5.419484e-02,5.926938e-02,4.089185e-03,5.219870e-03,1.549223e-01,1.118470e-02,3.259039e-02,1.184195e-03,2.211470e-03,1.296695e-01,2.798511e-02
1.354239e-01,4.404852e-02,3.124333e-01,3.929197e-02,9.618270e-02,6.642942e-02,5.833527e-03,5.937625e-03,1.209849e-01,8.746834e-03,2.628266e-02,1.443809e-03,2.850323e-03,1.101364e-01,2.397408e-02
1.180384e-01,5.223679e-02,2.551679e-01,1.777388e-01,9.145649e-02,6.554273e-02,4.895551e-03,5.390013e-03,8.755702e-02,6.933403e-03,2.091283e-02,1.531614e-03,2.529515e-03,8.709180e-02,2.297709e-02
1.713530e-01,6.184394e-02,2.125203e-01,1.530568e-01,8.514857e-02,7.236904e-02,4.172096e-03,4.615110e-03,7.476239e-02,7.543810e-03,1.888822e-02,3.155227e-03,2.952570e-03,8.445442e-02,4.316446e-02
2.802302e-01,6.293143e-02,1.713541e-01,1.188796e-01,7.441342e-02,6.146732e-02,3.623939e-03,4.637616e-03,6.768496e-02,6.032158e-03,1.813009e-02,6.402499e-03,5.974918e-03,7.819895e-02,4.003875e-02
3.028426e-01,9.124722e-02,1.584551e-01,1.260651e-01,6.451031e-02,5.058141e-02,3.468859e-03,4.122769e-03,5.054712e-02,5.226280e-03,1.652160e-02,7.853499e-03,6.070219e-03,5.904827e-02,5.343959e-02
4.278092e-01,7.910623e-02,1.224899e-01,1.028182e-01,5.308527e-02,3.911490e-02,3.013087e-03,3.791576e-03,3.920858e-02,4.291244e-03,1.457283e-02,9.200053e-03,6.091533e-03,4.626644e-02,4.914107e-02
1.000000e+00,0.000000e+00,0.000000e+00,0.000000e+00,0.000000e+00,0.000000e+00,0.000000e+00,0.000000e+00,0.000000e+00,0.000000e+00,0.000000e+00,0.000000e+00,0.000000e+00,0.000000e+00,0.000000e+00
1.000000e+00,0.000000e+00,0.000000e+00,0.000000e+00,0.000000e+00,0.000000e+00,0.000000e+00,0.000000e+00,0.000000e+00,0.000000e+00,0.000000e+00,0.000000e+00,0.000000e+00,0.000000e+00,0.000000e+00
1.000000e+00,0.000000e+00,0.000000e+00,0.000000e+00,0.000000e+00,0.000000e+00,0.000000e+00,0.000000e+00,0.000000e+00,0.000000e+00,0.000000e+00,0.000000e+00,0.000000e+00,0.000000e+00,0.000000e+00
1.000000e+00,0.000000e+00,0.000000e+00,0.000000e+00,0.000000e+00,0.000000e+00,0.000000e+00,0.000000e+00,0.000000e+00,0.000000e+00,0.000000e+00,0.000000e+00,0.000000e+00,0.000000e+00,0.000000e+00
1.000000e+00,0.000000e+00,0.000000e+00,0.000000e+00,0.000000e+00,0.000000e+00,0.000000e+00,0.000000e+00,0.000000e+00,0.000000e+00,0.000000e+00,0.000000e+00,0.000000e+00,0.000000e+00,0.000000e+00
4.338161e-01,1.218263e-01,3.094051e-02,9.658778e-02,1.418274e-02,1.080669e-02,1.289366e-03,3.568708e-03,3.880938e-02,1.220045e-01,1.940795e-02,9.710217e-03,2.099477e-02,1.199832e-02,6.405679e-02
3.798278e-01,1.094622e-01,2.446366e-02,6.984826e-02,1.049917e-02,9.956108e-03,9.726196e-04,3.951955e-03,6.506803e-02,1.129583e-01,3.638746e-02,8.770090e-03,7.548624e-02,2.087448e-02,7.147365e-02
2.807154e-01,8.444888e-02,2.698673e-02,6.722736e-02,9.341342e-03,7.451084e-03,7.302891e-04,6.004044e-03,1.739673e-01,1.370653e-01,4.674508e-02,7.464155e-03,6.515680e-02,1.737037e-02,6.932589e-02
2.016495e-01,6.686672e-02,4.129134e-02,9.603889e-02,8.214024e-03,6.180991e-03,7.166638e-04,8.485610e-03,2.863830e-01,1.000054e-01,4.599610e-02,6.033915e-03,5.979000e-02,1.496752e-02,5.738036e-02
2.081879e-01,5.472546e-02,5.374446e-02,1.523376e-01,9.306648e-03,7.697592e-03,1.218002e-03,1.228664e-02,2.384177e-01,7.321352e-02,4.992987e-02,6.632207e-03,5.704301e-02,1.681581e-02,5.844357e-02
1.977082e-01,4.451490e-02,1.533621e-01,1.630057e-01,1.081277e-02,1.102744e-02,1.587844e-03,1.137219e-02,1.860177e-01,5.400502e-02,4.318580e-02,7.004798e-03,4.408433e-02,1.617349e-02,5.613764e-02
2.715982e-01,4.128908e-02,1.526550e-01,1.422950e-01,1.661358e-02,2.552165e-02,2.434680e-03,8.795302e-03,1.430129e-01,3.938937e-02,3.647071e-02,6.204088e-03,3.244410e-02,1.474205e-02,6.653427e-02
2.980973e-01,6.069170e-02,1.359380e-01,1.192583e-01,2.780025e-02,4.634649e-02,4.750940e-03,6.746040e-03,1.072935e-01,2.878823e-02,2.780189e-02,5.444543e-03,2.435855e-02,1.293493e-02,9.374937e-02
2.326182e-01,8.696252e-02,1.997443e-01,1.606646e-01,3.712710e-02,4.343737e-02,9.104572e-03,6.049513e-03,7.720369e-02,2.084433e-02,2.062454e-02,4.278212e-03,1.803179e-02,9.760153e-03,7.354906e-02
2.014241e-01,8.874901e-02,2.107029e-01,1.778181e-01,6.202599e-02,6.823181e-02,1.274288e-02,6.444714e-03,5.858745e-02,1.535480e-02,1.609368e-02,3.508030e-03,1.390967e-02,8.438710e-03,5.596818e-02
2.276922e-01,7.849570e-02,2.073467e-01,1.891307e-01,7.365908e-02,5.830297e-02,1.327720e-02,1.464849e-02,4.451628e-02,1.193368e-02,1.358742e-02,3.514896e-03,1.446096e-02,6.488862e-03,4.294492e-02
2.892555e-01,7.517850e-02,1.856870e-01,1.530346e-01,7.647082e-02,4.491427e-02,1.138635e-02,1.630040e-02,5.063752e-02,1.155516e-02,1.878461e-02,3.939551e-03,1.379431e-02,7.242314e-03,4.181911e-02
2.439099e-01,6.186859e-02,1.491824e-01,1.301286e-01,5.960950e-02,3.300273e-02,8.987000e-03,1.275100e-02,1.805486e-01,2.182870e-02,3.052174e-02,5.371659e-03,1.582042e-02,5.555093e-03,4.091399e-02
2.018593e-01,4.507029e-02,1.068183e-01,9.642382e-02,4.537954e-02,2.390005e-02,6.635648e-03,9.781601e-03,2.694165e-01,2.013408e-02,9.750251e-02,5.410338e-03,2.778886e-02,6.155907e-03,3.772323e-02
2.054204e-01,3.504175e-02,7.606521e-02,7.197582e-02,3.493719e-02,1.829368e-02,4.899723e-03,8.083126e-03,2.808175e-01,1.793884e-02,1.545498e-01,7.372867e-03,4.219531e-02,9.851910e-03,3.255684e-02
1.817115e-01,3.575088e-02,5.390162e-02,5.583462e-02,2.498535e-02,1.517441e-02,3.598544e-03,6.919901e-03,3.324571e-01,1.853585e-02,1.641759e-01,8.762976e-03,3.691277e-02,3.346220e-02,2.781637e-02
1.447847e-01,3.935231e-02,3.873914e-02,4.537695e-02,1.794133e-02,1.435718e-02,2.656100e-03,5.709069e-03,4.295581e-01,1.894616e-02,1.380900e-01,7.196534e-03,2.832001e-02,4.401049e-02,2.496190e-02
1.487643e-01,3.639097e-02,8.925639e-02,5.816453e-02,1.587438e-02,1.918085e-02,3.086706e-03,2.392465e-02,3.594045e-01,1.580500e-02,1.356116e-01,6.706035e-03,2.778389e-02,3.821497e-02,2.183112e-02
1.376781e-01,3.341737e-02,1.113357e-01,1.234640e-01,1.430817e-02,2.230277e-02,2.424054e-03,1.866277e-02,3.415436e-01,1.521285e-02,1.023786e-01,5.671994e-03,2.039926e-02,3.217816e-02,1.902263e-02
1.561433e-01,3.905722e-02,1.132699e-01,1.160915e-01,1.365665e-02,1.995340e-02,1.851442e-03,1.404064e-02,3.170733e-01,2.192294e-02,8.825817e-02,5.798573e-03,1.595225e-02,3.473598e-02,4.219470e-02
1.223182e-01,3.354853e-02,1.312694e-01,1.486188e-01,1.082810e-02,1.524045e-02,1.354711e-03,1.076973e-02,3.507932e-01,1.809933e-02,7.178067e-02,5.294286e-03,1.382108e-02,2.652663e-02,3.973690e-02
1.221418e-01,3.474559e-02,1.016488e-01,1.197534e-01,9.364743e-03,1.258755e-02,1.038281e-03,8.583371e-03,4.139845e-01,1.850680e-02,6.485311e-02,4.570254e-03,1.220154e-02,2.444185e-02,5.157840e-02
1.750589e-01,2.888708e-02,7.645918e-02,1.113496e-01,1.269568e-02,1.834431e-02,3.556069e-03,2.380822e-02,3.633877e-01,1.586831e-02,7.285816e-02,1.129912e-02,1.469941e-02,2.611934e-02,4.560896e-02
1.395420e-01,3.530411e-02,9.556916e-02,1.844743e-01,1.011000e-02,1.466036e-02,2.558073e-03,1.722224e-02,3.522075e-01,1.589302e-02,5.271782e-02,8.309613e-03,1.134484e-02,1.892125e-02,4.116577e-02
1.338893e-01,5.338327e-02,1.165405e-01,1.689118e-01,9.621227e-03,1.405165e-02,2.060055e-03,1.318690e-02,3.345335e-01,2.273462e-02,4.040683e-02,6.590134e-03,1.048728e-02,1.878027e-02,5.482279e-02
1.017266e-01,9.208946e-02,1.304917e-01,1.331711e-01,7.249393e-03,1.039860e-02,1.474735e-03,9.563030e-03,3.733371e-01,2.647533e-02,2.984857e-02,4.960142e-03,8.966320e-03,1.394044e-02,5.630746e-02
9.395426e-02,1.876992e-01,1.121428e-01,1.033252e-01,6.880177e-03,8.718228e-03,1.121192e-03,7.129759e-03,3.426565e-01,2.751688e-02,2.262545e-02,4.371622e-03,9.013079e-03,1.236365e-02,6.048205e-02
6.851395e-02,2.103224e-01,1.237881e-01,7.863636e-02,6.045224e-03,6.715031e-03,8.122419e-04,5.153963e-03,3.056498e-01,3.307936e-02,1.750980e-02,3.348310e-03,7.071257e-03,1.207295e-02,1.212813e-01
5.141021e-02,2.355829e-01,9.541382e-02,7.057102e-02,9.396631e-03,7.225909e-03,7.110770e-04,4.467537e-03,3.022678e-01,3.237381e-02,1.297553e-02,2.538927e-03,7.468203e-03,9.905371e-03,1.576913e-01
4.583555e-02,1.847246e-01,8.662264e-02,1.041062e-01,5.300771e-02,4.272323e-02,2.469134e-03,1.818572e-02,2.785622e-01,2.576984e-02,1.137185e-02,1.993199e-03,6.206925e-03,7.939296e-03,1.304819e-01
3.326019e-02,1.497925e-01,7.593269e-02,2.696681e-01,3.992531e-02,3.098659e-02,1.810577e-03,1.320878e-02,2.090942e-01,2.279188e-02,9.379566e-03,1.508884e-03,4.626922e-03,5.735292e-03,1.322785e-01
2.688663e-02,1.311021e-01,6.662650e-02,2.741068e-01,3.460162e-02,2.532984e-02,1.444914e-03,9.805584e-03,1.732539e-01,1.967338e-02,1.039668e-02,1.315410e-03,3.939313e-03,4.570143e-03,2.169473e-01
3.841858e-02,1.361329e-01,6.858702e-02,2.975811e-01,4.799785e-02,4.619986e-02,3.652498e-03,1.313813e-02,1.313519e-01,1.590569e-02,1.540218e-02,2.321396e-03,5.620379e-03,4.550115e-03,1.731405e-01
5.223174e-02,1.081329e-01,7.029518e-02,2.211094e-01,4.528361e-02,6.153139e-02,1.503626e-02,1.512555e-01,9.605314e-02,1.192129e-02,2.211717e-02,4.753316e-03,8.699451e-03,4.349901e-03,1.272296e-01
4.541566e-02,8.011045e-02,6.677926e-02,1.596087e-01,3.993352e-02,5.320661e-02,6.134480e-02,2.788551e-01,6.926686e-02,9.102383e-03,2.579616e-02,4.834820e-03,8.567506e-03,3.770295e-03,9.340781e-02
3.858625e-02,6.293017e-02,6.619480e-02,1.149881e-01,3.371163e-02,4.400494e-02,1.068858e-01,3.559938e-01,5.165427e-02,1.018320e-02,2.327617e-02,6.011892e-03,1.151637e-02,3.342187e-03,7.072036e-02
3.920578e-02,5.015917e-02,5.705182e-02,8.413067e-02,2.659750e-02,3.531664e-02,9.346437e-02,4.709437e-01,4.067316e-02,1.099892e-02,1.994140e-02,6.466962e-03,1.045495e-02,3.052613e-03,5.154242e-02
7.487755e-02,5.791011e-02,4.305421e-02,6.162214e-02,2.370836e-02,4.924598e-02,9.423539e-02,4.347966e-01,6.826633e-02,9.939988e-03,1.707099e-02,1.124861e-02,1.228897e-02,2.840907e-03,3.889391e-02
1.273670e-01,4.278338e-02,3.191182e-02,4.539730e-02,2.018286e-02,3.791983e-02,9.909967e-02,4.429023e-01,7.245924e-02,9.062029e-03,1.416600e-02,1.032252e-02,1.310544e-02,2.302945e-03,3.101768e-02
1.353711e-01,3.131170e-02,2.385263e-02,3.311612e-02,1.576854e-02,2.867032e-02,1.306799e-01,4.805626e-01,5.646101e-02,7.119380e-03,1.096710e-02,8.552738e-03,1.096498e-02,1.788789e-03,2.481313e-02
1.872597e-01,2.373648e-02,1.820467e-02,2.449772e-02,1.321810e-02,2.430660e-02,2.378593e-01,3.715251e-01,4.257955e-02,5.665317e-03,8.573820e-03,7.450070e-03,1.028195e-02,1.953914e-03,2.288782e-02
2.529078e-01,1.925466e-02,1.582831e-02,1.970283e-02,1.314927e-02,2.411557e-02,2.668585e-01,2.940112e-01,3.339775e-02,5.101108e-03,8.504546e-03,8.406770e-03,1.130303e-02,2.950031e-03,2.450864e-02
3.193420e-01,1.620273e-02,1.297635e-02,1.666297e-02,1.187890e-02,2.199238e-02,2.901244e-01,2.258014e-01,2.678261e-02,4.805052e-03,7.602048e-03,8.166356e-03,1.031548e-02,3.505821e-03,2.384151e-02
3.908489e-01,1.480688e-02,1.175554e-02,1.489413e-02,1.084150e-02,2.059549e-02,2.590698e-01,1.980851e-01,2.118216e-02,4.965669e-03,7.151926e-03,8.236141e-03,8.732115e-03,4.590871e-03,2.424384e-02
4.775420e-01,1.672697e-02,1.045380e-02,2.049937e-02,9.585098e-03,2.317705e-02,1.939163e-01,1.430601e-01,1.903470e-02,6.490103e-03,1.485638e-02,1.924089e-02,1.012055e-02,6.016981e-03,2.927970e-02
4.890594e-01,2.092659e-02,9.358482e-03,2.563188e-02,9.941317e-03,2.536611e-02,1.386944e-01,1.038699e-01,1.683903e-02,6.612024e-03,4.937097e-02,4.469031e-02,1.475281e-02,1.091176e-02,3.397501e-02
1.000000e+00,0.000000e+00,0.000000e+00,0.000000e+00,0.000000e+00,0.000000e+00,0.000000e+00,0.000000e+00,0.000000e+00,0.000000e+00,0.000000e+00,0.000000e+00,0.000000e+00,0.000000e+00,0.000000e+00
4.956269e-01,2.742253e-02,1.495932e-02,3.899084e-02,9.295694e-03,3.257224e-02,7.184485e-02,5.508319e-02,1.421273e-02,8.987587e-03,1.034975e-01,6.887574e-02,1.624248e-02,1.028369e-02,3.210467e-02
3.956890e-01,3.119424e-02,1.757303e-02,7.071384e-02,7.894703e-03,3.072699e-02,5.067855e-02,3.928127e-02,1.713492e-02,1.251993e-02,1.783940e-01,9.244122e-02,1.296528e-02,8.254156e-03,3.453884e-02
3.594103e-01,3.039640e-02,1.798141e-02,7.307550e-02,8.093672e-03,2.982811e-02,3.594215e-02,2.850905e-02,1.825969e-02,9.854165e-03,2.337970e-01,1.053512e-01,1.234269e-02,7.625583e-03,2.953321e-02
3.137478e-01,3.130575e-02,2.322519e-02,9.818936e-02,9.252812e-03,3.309684e-02,2.564583e-02,2.272361e-02,3.353586e-02,1.176807e-02,2.558154e-01,9.802677e-02,1.008210e-02,6.624650e-03,2.696005e-02
2.643127e-01,3.256044e-02,2.095225e-02,8.431916e-02,1.000734e-02,3.013284e-02,1.819311e-02,1.721810e-02,3.966480e-02,1.248422e-02,3.286425e-01,1.003290e-01,8.955243e-03,8.337322e-03,2.389098e-02
2.535560e-01,3.786271e-02,2.577899e-02,1.118259e-01,1.767648e-02,2.880817e-02,1.321642e-02,2.099650e-02,5.542447e-02,1.704231e-02,2.804109e-01,9.774378e-02,7.619548e-03,9.577190e-03,2.246071e-02
1.949876e-01,4.097914e-02,2.083122e-02,9.027608e-02,1.963992e-02,2.435018e-02,9.656327e-03,1.752735e-02,8.254603e-02,2.068953e-02,3.263485e-01,1.062380e-01,7.839764e-03,1.699801e-02,2.109230e-02
1.558393e-01,3.905744e-02,1.663108e-02,7.041226e-02,1.664605e-02,2.292330e-02,7.054240e-03,1.386107e-02,1.060926e-01,2.220211e-02,3.658683e-01,1.150358e-01,7.826837e-03,2.096516e-02,1.958439e-02
1.647877e-01,4.328996e-02,2.272775e-02,5.997053e-02,2.231596e-02,2.066507e-02,6.684514e-03,6.495807e-02,1.205669e-01,2.046417e-02,2.927809e-01,1.072492e-01,1.119727e-02,2.550362e-02,1.683832e-02
1.676771e-01,3.877555e-02,4.679264e-02,6.253673e-02,2.792071e-02,1.643158e-02,5.895801e-03,1.406159e-01,1.039570e-01,1.886124e-02,2.262332e-01,8.968753e-02,1.472101e-02,2.603053e-02,1.386344e-02
2.337620e-01,3.411122e-02,6.395403e-02,8.329767e-02,4.139084e-02,1.538513e-02,4.801147e-03,1.092471e-01,8.695752e-02,1.610196e-02,1.847000e-01,7.225958e-02,1.333742e-02,2.462182e-02,1.607258e-02
2.139703e-01,3.898745e-02,1.011848e-01,1.759265e-01,3.482949e-02,1.334408e-02,3.962026e-03,8.789315e-02,7.239146e-02,1.221953e-02,1.408136e-01,5.704691e-02,1.074060e-02,2.030270e-02,1.638744e-02
2.345623e-01,4.359463e-02,1.007052e-01,1.696478e-01,3.314191e-02,1.338490e-02,3.108921e-03,6.595644e-02,7.187997e-02,1.158413e-02,1.373391e-01,4.824322e-02,9.360034e-03,2.372268e-02,3.376867e-02
2.703919e-01,3.891331e-02,7.912649e-02,1.652302e-01,3.117064e-02,1.359153e-02,2.903725e-03,5.731490e-02,7.732415e-02,1.018540e-02,1.300267e-01,5.019547e-02,1.233537e-02,2.338751e-02,3.790265e-02
2.530847e-01,3.480821e-02,1.011436e-01,1.835984e-01,3.284106e-02,1.278748e-02,2.554569e-03,5.446929e-02,7.919306e-02,9.732489e-03,1.065782e-01,4.392388e-02,1.168883e-02,2.206469e-02,5.153143e-02
