1.000000e+00,0.000000e+00,0.000000e+00,0.000000e+00,0.000000e+00,0.000000e+00,0.000000e+00,0.000000e+00,0.000000e+00,0.000000e+00,0.000000e+00,0.000000e+00,0.000000e+00,0.000000e+00,0.000000e+00
1.000000e+00,0.000000e+00,0.000000e+00,0.000000e+00,0.000000e+00,0.000000e+00,0.000000e+00,0.000000e+00,0.000000e+00,0.000000e+00,0.000000e+00,0.000000e+00,0.000000e+00,0.000000e+00,0.000000e+00
1.000000e+00,0.000000e+00,0.000000e+00,0.000000e+00,0.000000e+00,0.000000e+00,0.000000e+00,0.000000e+00,0.000000e+00,0.000000e+00,0.000000e+00,0.000000e+00,0.000000e+00,0.000000e+00,0.000000e+00
1.000000e+00,0.000000e+00,0.000000e+00,0.000000e+00,0.000000e+00,0.000000e+00,0.000000e+00,0.000000e+00,0.000000e+00,0.000000e+00,0.000000e+00,0.000000e+00,0.000000e+00,0.000000e+00,0.000000e+00
1.000000e+00,0.000000e+00,0.000000e+00,0.000000e+00,0.000000e+00,0.000000e+00,0.000000e+00,0.000000e+00,0.000000e+00,0.000000e+00,0.000000e+00,0.000000e+00,0.000000e+00,0.000000e+00,0.000000e+00
1.000000e+00,0.000000e+00,0.000000e+00,0.000000e+00,0.000000e+00,0.000000e+00,0.000000e+00,0.000000e+00,0.000000e+00,0.000000e+00,0.000000e+00,0.000000e+00,0.000000e+00,0.000000e+00,0.000000e+00
1.000000e+00,0.000000e+00,0.000000e+00,0.000000e+00,0.000000e+00,0.000000e+00,0.000000e+00,0.000000e+00,0.000000e+00,0.000000e+00,0.000000e+00,0.000000e+00,0.000000e+00,0.000000e+00,0.000000e+00
1.000000e+00,0.000000e+00,0.000000e+00,0.000000e+00,0.000000e+00,0.000000e+00,0.000000e+00,0.000000e+00,0.000000e+00,0.000000e+00,0.000000e+00,0.000000e+00,0.000000e+00,0.000000e+00,0.000000e+00
1.000000e+00,0.000000e+00,0.000000e+00,0.000000e+00,0.000000e+00,0.000000e+00,0.000000e+00,0.000000e+00,0.000000e+00,0.000000e+00,0.000000e+00,0.000000e+00,0.000000e+00,0.000000e+00,0.000000e+00
1.000000e+00,0.000000e+00,0.000000e+00,0.000000e+00,0.000000e+00,0.000000e+00,0.000000e+00,0.000000e+00,0.000000e+00,0.000000e+00,0.000000e+00,0.000000e+00,0.000000e+00,0.000000e+00,0.000000e+00
1.000000e+00,0.000000e+00,0.000000e+00,0.000000e+00,0.000000e+00,0.000000e+00,0.000000e+00,0.000000e+00,0.000000e+00,0.000000e+00,0.000000e+00,0.000000e+00,0.000000e+00,0.000000e+00,0.000000e+00
1.000000e+00,0.000000e+00,0.000000e+00,0.000000e+00,0.000000e+00,0.000000e+00,0.000000e+00,0.000000e+00,0.000000e+00,0.000000e+00,0.000000e+00,0.000000e+00,0.000000e+00,0.000000e+00,0.000000e+00
1.000000e+00,0.000000e+00,0.000000e+00,0.000000e+00,0.000000e+00,0.000000e+00,0.000000e+00,0.000000e+00,0.000000e+00,0.000000e+00,0.000000e+00,0.000000e+00,0.000000e+00,0.000000e+00,0.000000e+00
1.000000e+00,0.000000e+00,0.000000e+00,0.000000e+00,0.000000e+00,0.000000e+00,0.000000e+00,0.000000e+00,0.000000e+00,0.000000e+00,0.000000e+00,0.000000e+00,0.000000e+00,0.000000e+00,0.000000e+00
1.000000e+00,0.000000e+00,0.000000e+00,0.000000e+00,0.000000e+00,0.000000e+00,0.000000e+00,0.000000e+00,0.000000e+00,0.000000e+00,0.000000e+00,0.000000e+00,0.000000e+00,0.000000e+00,0.000000e+00
1.000000e+00,0.000000e+00,0.000000e+00,0.000000e+00,0.000000e+00,0.000000e+00,0.000000e+00,0.000000e+00,0.000000e+00,0.000000e+00,0.000000e+00,0.000000e+00,0.000000e+00,0.000000e+00,0.000000e+00
1.000000e+00,0.000000e+00,0.000000e+00,0.000000e+00,0.000000e+00,0.000000e+00,0.000000e+00,0.000000e+00,0.000000e+00,0.000000e+00,0.000000e+00,0.000000e+00,0.000000e+00,0.000000e+00,0.000000e+00
1.000000e+00,0.000000e+00,0.000000e+00,0.000000e+00,0.000000e+00,0.000000e+00,0.000000e+00,0.000000e+00,0.000000e+00,0.000000e+00,0.000000e+00,0.000000e+00,0.000000e+00,0.000000e+00,0.000000e+00
1.000000e+00,0.000000e+00,0.000000e+00,0.000000e+00,0.000000e+00,0.000000e+00,0.000000e+00,0.000000e+00,0.000000e+00,0.000000e+00,0.000000e+00,0.000000e+00,0.000000e+00,0.000000e+00,0.000000e+00
1.000000e+00,0.000000e+00,0.000000e+00,0.000000e+00,0.000000e+00,0.000000e+00,0.000000e+00,0.000000e+00,0.000000e+00,0.000000e+00,0.000000e+00,0.000000e+00,0.000000e+00,0.000000e+00,0.000000e+00
1.000000e+00,0.000000e+00,0.000000e+00,0.000000e+00,0.000000e+00,0.000000e+00,0.000000e+00,0.000000e+00,0.000000e+00,0.000000e+00,0.000000e+00,0.000000e+00,0.000000e+00,0.000000e+00,0.000000e+00
1.000000e+00,0.000000e+00,0.000000e+00,0.000000e+00,0.000000e+00,0.000000e+00,0.000000e+00,0.000000e+00,0.000000e+00,0.000000e+00,0.000000e+00,0.000000e+00,0.000000e+00,0.000000e+00,0.000000e+00
1.000000e+00,0.000000e+00,0.000000e+00,0.000000e+00,0.000000e+00,0.000000e+00,0.000000e+00,0.000000e+00,0.000000e+00,0.000000e+00,0.000000e+00,0.000000e+00,0.000000e+00,0.000000e+00,0.000000e+00
1.000000e+00,0.000000e+00,0.000000e+00,0.000000e+00,0.000000e+00,0.000000e+00,0.000000e+00,0.000000e+00,0.000000e+00,0.000000e+00,0.000000e+00,0.000000e+00,0.000000e+00,0.000000e+00,0.000000e+00
1.000000e+00,0.000000e+00,0.000000e+00,0.000000e+00,0.000000e+00,0.000000e+00,0.000000e+00,0.000000e+00,0.000000e+00,0.000000e+00,0.000000e+00,0.000000e+00,0.000000e+00,0.000000e+00,0.000000e+00
1.000000e+00,0.000000e+00,0.000000e+00,0.000000e+00,0.000000e+00,0.000000e+00,0.000000e+00,0.000000e+00,0.000000e+00,0.000000e+00,0.000000e+00,0.000000e+00,0.000000e+00,0.000000e+00,0.000000e+00
1.000000e+00,0.000000e+00,0.000000e+00,0.000000e+00,0.000000e+00,0.000000e+00,0.000000e+00,0.000000e+00,0.000000e+00,0.000000e+00,0.000000e+00,0.000000e+00,0.000000e+00,0.000000e+00,0.000000e+00
1.000000e+00,0.000000e+00,0.000000e+00,0.000000e+00,0.000000e+00,0.000000e+00,0.000000e+00,0.000000e+00,0.000000e+00,0.000000e+00,0.000000e+00,0.000000e+00,0.000000e+00,0.000000e+00,0.000000e+00
1.000000e+00,0.000000e+00,0.000000e+00,0.000000e+00,0.000000e+00,0.000000e+00,0.000000e+00,0.000000e+00,0.000000e+00,0.000000e+00,0.000000e+00,0.000000e+00,0.000000e+00,0.000000e+00,0.000000e+00
1.000000e+00,0.000000e+00,0.000000e+00,0.000000e+00,0.000000e+00,0.000000e+00,0.000000e+00,0.000000e+00,0.000000e+00,0.000000e+00,0.000000e+00,0.000000e+00,0.000000e+00,0.000000e+00,0.000000e+00
1.000000e+00,0.000000e+00,0.000000e+00,0.000000e+00,0.000000e+00,0.000000e+00,0.000000e+00,0.000000e+00,0.000000e+00,0.000000e+00,0.000000e+00,0.000000e+00,0.000000e+00,0.000000e+00,0.000000e+00
1.000000e+00,0.000000e+00,0.000000e+00,0.000000e+00,0.000000e+00,0.000000e+00,0.000000e+00,0.000000e+00,0.000000e+00,0.000000e+00,0.000000e+00,0.000000e+00,0.000000e+00,0.000000e+00,0.000000e+00
1.000000e+00,0.000000e+00,0.000000e+00,0.000000e+00,0.000000e+00,0.000000e+00,0.000000e+00,0.000000e+00,0.000000e+00,0.000000e+00,0.000000e+00,0.000000e+00,0.000000e+00,0.000000e+00,0.000000e+00
1.000000e+00,0.000000e+00,0.000000e+00,0.000000e+00,0.000000e+00,0.000000e+00,0.000000e+00,0.000000e+00,0.000000e+00,0.000000e+00,0.000000e+00,0.000000e+00,0.000000e+00,0.000000e+00,0.000000e+00
1.000000e+00,0.000000e+00,0.000000e+00,0.000000e+00,0.000000e+00,0.000000e+00,0.000000e+00,0.000000e+00,0.000000e+00,0.000000e+00,0.000000e+00,0.000000e+00,0.000000e+00,0.000000e+00,0.000000e+00
1.000000e+00,0.000000e+00,0.000000e+00,0.000000e+00,0.000000e+00,0.000000e+00,0.000000e+00,0.000000e+00,0.000000e+00,0.000000e+00,0.000000e+00,0.000000e+00,0.000000e+00,0.000000e+00,0.000000e+00
1.000000e+00,0.000000e+00,0.000000e+00,0.000000e+00,0.000000e+00,0.000000e+00,0.000000e+00,0.000000e+00,0.000000e+00,0.000000e+00,0.000000e+00,0.000000e+00,0.000000e+00,0.000000e+00,0.000000e+00
1.000000e+00,0.000000e+00,0.000000e+00,0.000000e+00,0.000000e+00,0.000000e+00,0.000000e+00,0.000000e+00,0.000000e+00,0.000000e+00,0.000000e+00,0.000000e+00,0.000000e+00,0.000000e+00,0.000000e+00
1.000000e+00,0.000000e+00,0.000000e+00,0.000000e+00,0.000000e+00,0.000000e+00,0.000000e+00,0.000000e+00,0.000000e+00,0.000000e+00,0.000000e+00,0.000000e+00,0.000000e+00,0.000000e+00,0.000000e+00
1.000000e+00,0.000000e+00,0.000000e+00,0.000000e+00,0.000000e+00,0.000000e+00,0.000000e+00,0.000000e+00,0.000000e+00,0.000000e+00,0.000000e+00,0.000000e+00,0.000000e+00,0.000000e+00,0.000000e+00
1.000000e+00,0.000000e+00,0.000000e+00,0.000000e+00,0.000000e+00,0.000000e+00,0.000000e+00,0.000000e+00,0.000000e+00,0.000000e+00,0.000000e+00,0.000000e+00,0.000000e+00,0.000000e+00,0.000000e+00
1.000000e+00,0.000000e+00,0.000000e+00,0.000000e+00,0.000000e+00,0.000000e+00,0.000000e+00,0.000000e+00,0.000000e+00,0.000000e+00,0.000000e+00,0.000000e+00,0.000000e+00,0.000000e+00,0.000000e+00
1.000000e+00,0.000000e+00,0.000000e+00,0.000000e+00,0.000000e+00,0.000000e+00,0.000000e+00,0.000000e+00,0.000000e+00,0.000000e+00,0.000000e+00,0.000000e+00,0.000000e+00,0.000000e+00,0.000000e+00
1.000000e+00,0.000000e+00,0.000000e+00,0.000000e+00,0.000000e+00,0.000000e+00,0.000000e+00,0.000000e+00,0.000000e+00,0.000000e+00,0.000000e+00,0.000000e+00,0.000000e+00,0.000000e+00,0.000000e+00
1.000000e+00,0.000000e+00,0.000000e+00,0.000000e+00,0.000000e+00,0.000000e+00,0.000000e+00,0.000000e+00,0.000000e+00,0.000000e+00,0.000000e+00,0.000000e+00,0.000000e+00,0.000000e+00,0.000000e+00
1.000000e+00,0.000000e+00,0.000000e+00,0.000000e+00,0.000000e+00,0.000000e+00,0.000000e+00,0.000000e+00,0.000000e+00,0.000000e+00,0.000000e+00,0.000000e+00,0.000000e+00,0.000000e+00,0.000000e+00
1.000000e+00,0.000000e+00,0.000000e+00,0.000000e+00,0.000000e+00,0.000000e+00,0.000000e+00,0.000000e+00,0.000000e+00,0.000000e+00,0.000000e+00,0.000000e+00,0.000000e+00,0.000000e+00,0.000000e+00
1.000000e+00,0.000000e+00,0.000000e+00,0.000000e+00,0.000000e+00,0.000000e+00,0.000000e+00,0.000000e+00,0.000000e+00,0.000000e+00,0.000000e+00,0.000000e+00,0.000000e+00,0.000000e+00,0.000000e+00
1.000000e+00,0.000000e+00,0.000000e+00,0.000000e+00,0.000000e+00,0.000000e+00,0.000000e+00,0.000000e+00,0.000000e+00,0.000000e+00,0.000000e+00,0.000000e+00,0.000000e+00,0.000000e+00,0.000000e+00
1.000000e+00,0.000000e+00,0.000000e+00,0.000000e+00,0.000000e+00,0.000000e+00,0.000000e+00,0.000000e+00,0.000000e+00,0.000000e+00,0.000000e+00,0.000000e+00,0.000000e+00,0.000000e+00,0.000000e+00
1.000000e+00,0.000000e+00,0.000000e+00,0.000000e+00,0.000000e+00,0.000000e+00,0.000000e+00,0.000000e+00,0.000000e+00,0.000000e+00,0.000000e+00,0.000000e+00,0.000000e+00,0.000000e+00,0.000000e+00
1.000000e+00,0.000000e+00,0.000000e+00,0.000000e+00,0.000000e+00,0.000000e+00,0.000000e+00,0.000000e+00,0.000000e+00,0.000000e+00,0.000000e+00,0.000000e+00,0.000000e+00,0.000000e+00,0.000000e+00
1.000000e+00,0.000000e+00,0.000000e+00,0.000000e+00,0.000000e+00,0.000000e+00,0.000000e+00,0.000000e+00,0.000000e+00,0.000000e+00,0.000000e+00,0.000000e+00,0.000000e+00,0.000000e+00,0.000000e+00
4.127378e-01,2.238979e-02,1.935562e-01,1.592848e-01,1.037417e-02,2.110089e-02,4.666869e-03,5.319371e-02,5.894753e-03,2.156524e-03,2.435079e-02,5.280589e-02,1.727312e-02,3.627161e-03,1.658739e-02
4.433687e-01,1.854300e-02,2.036054e-01,1.247310e-01,1.252283e-02,2.225849e-02,5.604320e-03,4.493397e-02,6.613737e-03,3.276603e-03,2.856213e-02,5.021958e-02,1.771434e-02,3.665813e-03,1.438002e-02
3.348664e-01,1.562641e-02,1.657765e-01,1.772295e-01,1.011253e-02,2.048951e-02,4.179320e-03,3.624275e-02,2.181509e-02,4.320972e-03,7.459939e-02,7.185490e-02,2.396440e-02,1.690014e-02,2.202225e-02
2.360449e-01,1.446602e-02,1.247454e-01,2.228082e-01,7.493692e-03,2.919533e-02,3.135165e-03,2.674622e-02,3.030965e-02,5.667862e-03,1.010218e-01,7.725574e-02,3.083370e-02,1.981934e-02,7.045693e-02
1.700703e-01,2.547659e-02,9.225656e-02,1.711253e-01,5.849404e-03,2.571138e-02,2.415726e-03,2.040741e-02,4.454854e-02,1.383868e-02,9.233195e-02,8.365134e-02,4.141802e-02,4.886002e-02,1.620387e-01
1.220469e-01,2.464545e-02,6.609359e-02,1.260145e-01,4.856374e-03,2.182302e-02,1.843537e-03,1.480297e-02,4.916393e-02,2.266759e-02,8.053693e-02,7.665519e-02,5.108771e-02,6.533156e-02,2.724308e-01
8.704867e-02,1.957688e-02,4.658203e-02,9.283056e-02,4.587401e-03,2.145943e-02,1.386339e-03,1.067132e-02,6.623492e-02,1.836127e-02,7.496701e-02,6.047191e-02,9.352636e-02,6.310837e-02,3.391876e-01
6.216203e-02,1.796138e-02,3.279195e-02,7.176273e-02,3.638553e-03,2.053179e-02,1.004068e-03,7.611705e-03,1.255838e-01,1.708804e-02,6.283325e-02,4.670761e-02,9.171179e-02,7.492217e-02,3.636892e-01
4.519637e-02,1.850888e-02,2.610650e-02,5.621319e-02,3.657623e-03,4.270156e-02,9.513473e-04,6.042582e-03,1.291794e-01,1.560726e-02,1.481401e-01,3.935242e-02,8.537631e-02,6.656544e-02,3.164009e-01
3.271233e-02,1.884799e-02,5.987310e-02,6.021031e-02,3.876455e-03,3.838070e-02,7.244390e-04,5.069170e-03,2.728744e-01,1.274123e-02,1.263533e-01,2.824496e-02,6.374995e-02,4.889015e-02,2.274516e-01
3.201269e-02,2.315781e-02,1.015022e-01,7.437561e-02,1.102811e-02,2.909972e-02,5.799135e-04,4.592287e-03,3.102535e-01,1.234837e-02,1.164984e-01,2.018983e-02,4.628891e-02,4.373557e-02,1.743371e-01
2.337332e-02,2.270404e-02,7.717240e-02,5.815923e-02,9.137450e-03,2.092622e-02,4.523616e-04,3.388365e-03,4.834782e-01,1.006553e-02,8.391649e-02,1.433666e-02,3.315653e-02,3.245430e-02,1.272789e-01
1.720341e-02,5.924273e-02,5.467655e-02,4.219190e-02,7.192968e-03,1.510423e-02,3.324330e-04,2.409423e-03,5.862988e-01,8.113546e-03,6.010575e-02,1.012816e-02,2.387779e-02,2.289081e-02,9.023153e-02
1.219613e-02,6.029186e-02,3.943499e-02,3.239818e-02,5.157487e-03,1.065333e-02,2.356258e-04,1.728961e-03,6.854457e-01,5.960820e-03,4.223553e-02,7.216369e-03,1.700710e-02,1.606140e-02,6.397656e-02
2.190267e-02,8.324108e-02,2.850408e-02,3.347757e-02,6.390672e-03,9.613312e-03,2.051864e-04,1.832326e-03,6.837516e-01,6.910736e-03,3.462467e-02,6.603249e-03,1.589410e-02,1.277709e-02,5.427168e-02
1.761553e-02,1.103134e-01,2.063439e-02,2.680228e-02,5.406151e-03,9.086122e-03,1.610151e-04,1.514160e-03,6.886542e-01,9.066707e-03,2.634927e-02,4.791383e-03,1.294396e-02,9.360655e-03,5.730081e-02
2.529559e-02,1.475630e-01,1.536034e-02,2.620117e-02,9.507152e-03,9.290251e-03,1.681264e-04,1.460207e-03,6.565824e-01,9.150418e-03,2.120376e-02,3.587036e-03,1.141105e-02,6.823194e-03,5.639635e-02
1.860024e-02,1.412244e-01,1.455059e-02,3.240119e-02,6.708701e-03,6.544757e-03,1.218160e-04,1.099470e-03,6.919886e-01,6.809959e-03,1.556000e-02,3.239768e-03,9.219512e-03,4.943589e-03,4.698738e-02
2.955560e-02,1.436496e-01,1.393798e-02,4.215592e-02,5.826339e-03,5.642444e-03,1.490120e-04,1.870223e-03,6.433073e-01,6.121574e-03,2.110224e-02,2.822171e-03,8.928868e-03,4.514209e-03,7.041658e-02
3.176639e-02,1.079611e-01,5.469453e-02,1.008499e-01,1.404061e-02,5.494890e-03,3.166862e-04,9.049815e-03,5.757989e-01,5.173674e-03,2.176416e-02,2.362256e-03,8.468666e-03,3.798408e-03,5.845996e-02
6.422542e-02,9.232094e-02,6.981219e-02,1.052083e-01,5.233274e-02,3.771054e-02,2.216625e-03,1.607743e-02,4.617681e-01,4.143929e-03,2.474947e-02,2.240869e-03,8.959989e-03,4.271134e-03,5.396226e-02
6.868348e-02,8.633800e-02,5.685624e-02,9.902369e-02,1.528118e-01,6.772129e-02,1.471395e-02,1.656676e-02,3.593056e-01,3.114002e-03,1.925797e-02,2.118854e-03,8.721245e-03,3.993303e-03,4.077376e-02
6.198320e-02,8.340482e-02,4.851753e-02,1.201492e-01,2.084348e-01,8.967640e-02,2.335500e-02,1.535488e-02,2.898221e-01,2.370507e-03,1.429792e-02,1.842839e-03,7.271304e-03,3.173466e-03,3.034601e-02
6.322915e-02,6.332505e-02,3.524932e-02,9.413469e-02,2.229486e-01,1.069891e-01,1.128445e-01,1.246164e-02,2.364734e-01,2.090059e-03,1.122894e-02,2.257259e-03,1.219361e-02,2.347897e-03,2.222688e-02
1.217110e-01,4.809307e-02,2.740841e-02,7.726983e-02,2.038106e-01,9.321488e-02,9.682730e-02,1.626494e-02,2.641964e-01,2.366530e-03,9.265792e-03,3.132789e-03,1.716913e-02,1.925420e-03,1.734386e-02
1.502058e-01,4.405513e-02,2.617523e-02,6.324574e-02,1.810416e-01,1.082119e-01,7.432074e-02,1.609216e-02,2.753925e-01,6.418623e-03,8.065687e-03,3.355365e-03,1.617001e-02,1.816426e-03,2.543314e-02
1.284844e-01,4.853106e-02,2.388182e-02,6.533799e-02,1.337028e-01,1.014142e-01,5.316768e-02,1.191355e-02,3.044260e-01,3.489847e-02,8.908479e-03,4.281423e-03,2.221957e-02,2.056346e-03,5.677626e-02
1.104532e-01,3.549185e-02,1.773662e-02,4.775921e-02,9.462712e-02,7.770210e-02,3.769591e-02,8.887919e-03,4.477152e-01,3.319023e-02,1.168882e-02,3.927526e-03,1.866306e-02,7.430871e-03,4.703030e-02
1.971122e-01,2.698345e-02,1.377568e-02,3.520976e-02,6.804921e-02,5.832426e-02,2.697129e-02,7.236992e-03,4.085327e-01,4.703822e-02,2.488582e-02,5.703893e-03,2.152577e-02,1.177200e-02,4.687884e-02
2.775593e-01,2.174924e-02,1.097347e-02,2.699566e-02,4.910698e-02,4.613746e-02,1.919477e-02,5.697941e-03,4.054092e-01,3.646464e-02,1.944393e-02,5.856217e-03,1.863449e-02,1.322719e-02,4.354955e-02
2.311417e-01,1.644195e-02,8.041940e-03,1.951751e-02,3.475307e-02,3.738832e-02,1.356639e-02,4.508700e-03,5.176477e-01,2.761143e-02,1.552046e-02,4.896680e-03,1.560326e-02,1.557381e-02,3.778702e-02
1.805313e-01,1.318064e-02,6.564461e-03,1.479261e-02,2.499970e-02,2.733029e-02,9.592514e-03,3.511479e-03,6.131982e-01,2.404743e-02,1.318903e-02,3.813003e-03,1.205644e-02,1.790719e-02,3.528564e-02
1.401602e-01,1.097540e-02,5.164376e-03,1.130125e-02,1.778315e-02,1.983197e-02,6.768749e-03,2.842028e-03,6.752200e-01,2.239486e-02,1.340973e-02,3.370594e-03,1.256406e-02,2.506351e-02,3.315004e-02
1.370886e-01,9.138593e-03,4.242762e-03,9.700720e-03,1.354613e-02,1.570664e-02,4.988672e-03,3.121419e-03,6.724464e-01,2.524265e-02,2.038334e-02,6.411707e-03,1.923231e-02,2.784739e-02,3.090267e-02
1.505015e-01,8.784521e-03,4.532259e-03,8.177304e-03,1.031171e-02,1.274949e-02,4.046094e-03,3.308035e-03,6.157538e-01,2.243196e-02,4.863957e-02,9.428371e-03,2.200754e-02,4.726189e-02,3.206596e-02
1.235787e-01,7.912893e-03,4.382625e-03,7.356155e-03,8.041172e-03,1.023692e-02,3.254365e-03,3.491149e-03,5.514254e-01,2.578951e-02,9.211295e-02,1.684552e-02,2.403956e-02,7.651988e-02,4.501311e-02
1.173706e-01,8.129692e-03,3.418495e-03,5.979607e-03,7.419314e-03,8.644562e-03,2.626748e-03,3.183408e-03,4.594324e-01,3.921448e-02,1.525781e-01,2.625493e-02,3.419804e-02,9.165695e-02,3.989267e-02
8.868126e-02,1.608601e-02,3.260712e-03,6.249754e-03,7.636852e-03,8.433205e-03,1.986659e-03,2.889702e-03,4.433382e-01,4.016001e-02,1.856179e-01,2.787732e-02,4.282665e-02,9.101912e-02,3.393663e-02
6.812821e-02,1.628290e-02,3.757849e-03,7.321315e-03,8.582624e-03,8.510357e-03,1.721322e-03,3.536993e-03,3.510791e-01,4.009586e-02,2.946357e-01,2.851943e-02,4.667275e-02,8.685632e-02,3.429937e-02
4.993701e-02,2.384144e-02,3.882751e-03,1.250116e-02,8.329596e-03,1.260046e-02,1.269385e-03,4.596830e-03,4.932035e-01,3.134550e-02,2.133632e-01,2.090777e-02,3.409601e-02,6.397525e-02,2.615018e-02
3.574822e-02,2.620401e-02,3.737530e-03,1.737928e-02,6.841541e-03,1.532625e-02,9.278114e-04,1.429797e-02,5.948360e-01,2.452670e-02,1.527451e-01,1.488836e-02,2.492705e-02,4.795601e-02,1.965824e-02
2.909965e-02,3.663550e-02,1.086426e-02,2.939210e-02,1.378825e-02,1.527789e-02,8.080683e-04,3.632035e-02,6.177977e-01,1.764753e-02,1.108154e-01,1.065080e-02,1.827261e-02,3.626778e-02,1.636214e-02
2.225076e-02,3.085410e-02,1.546418e-02,9.166002e-02,1.861325e-02,1.344532e-02,7.233102e-04,1.328274e-01,5.210686e-01,1.290319e-02,8.090860e-02,7.566439e-03,1.338406e-02,2.596208e-02,1.236877e-02
1.726261e-02,2.327997e-02,2.339949e-02,8.382635e-02,2.122525e-02,1.051292e-02,8.573086e-04,3.173804e-01,3.880465e-01,9.176170e-03,6.230211e-02,5.398065e-03,9.788575e-03,1.835172e-02,9.192577e-03
1.381728e-02,1.739773e-02,2.172654e-02,6.443959e-02,1.905448e-02,8.268181e-03,9.407703e-04,4.971246e-01,2.755709e-01,6.483472e-03,4.497594e-02,3.831351e-03,6.913761e-03,1.293446e-02,6.520968e-03
1.107347e-02,1.299702e-02,1.709558e-02,4.613570e-02,1.603137e-02,6.358084e-03,1.168080e-03,6.359732e-01,1.954858e-01,4.561625e-03,3.176793e-02,2.700611e-03,4.887239e-03,9.118280e-03,4.645966e-03
9.333511e-03,9.411747e-03,1.346889e-02,3.282609e-02,1.478795e-02,5.073045e-03,2.000473e-03,7.344459e-01,1.378132e-01,3.228071e-03,2.237503e-02,1.908215e-03,3.610053e-03,6.416498e-03,3.301304e-03
9.795895e-03,7.388492e-03,1.048284e-02,2.327426e-02,1.551316e-02,4.716038e-03,2.225518e-03,7.991004e-01,9.822971e-02,2.410659e-03,1.577305e-02,1.375753e-03,2.782003e-03,4.527052e-03,2.405086e-03
9.685422e-03,6.149248e-03,7.769870e-03,1.654720e-02,1.531979e-02,3.930882e-03,2.249361e-03,8.465919e-01,7.079247e-02,1.764905e-03,1.115883e-02,1.005935e-03,2.121032e-03,3.181012e-03,1.732075e-03
1.157925e-02,4.806500e-03,6.012038e-03,1.244832e-02,1.394595e-02,3.272511e-03,2.185387e-03,8.783736e-01,5.211316e-02,1.309336e-03,7.936439e-03,8.888429e-04,1.570229e-03,2.251919e-03,1.306560e-03
1.639388e-02,4.319075e-03,5.019892e-03,1.039552e-02,1.369739e-02,2.828207e-03,2.396609e-03,8.925010e-01,4.012357e-02,1.160296e-03,5.721601e-03,1.066727e-03,1.641814e-03,1.622711e-03,1.111724e-03
3.948916e-02,3.995218e-03,5.130655e-03,1.041280e-02,1.619666e-02,3.158072e-03,3.574571e-03,8.762865e-01,2.939345e-02,1.141423e-03,4.397323e-03,2.026534e-03,2.268120e-03,1.225308e-03,1.304186e-03
7.608543e-02,4.154703e-03,6.192604e-03,9.732193e-03,1.657089e-02,4.479316e-03,4.623579e-03,8.383205e-01,2.286849e-02,1.485416e-03,4.269146e-03,2.914788e-03,5.097765e-03,1.081266e-03,2.123856e-03
1.285155e-01,4.564349e-03,7.017891e-03,8.248989e-03,1.678666e-02,5.533759e-03,5.237664e-03,7.808559e-01,1.959899e-02,1.686043e-03,4.718824e-03,4.724709e-03,7.787340e-03,1.151470e-03,3.571928e-03
1.980081e-01,5.180415e-03,6.851635e-03,7.558361e-03,1.380414e-02,6.991195e-03,4.943385e-03,7.078235e-01,1.861982e-02,1.767625e-03,4.482600e-03,6.508490e-03,1.041225e-02,1.374335e-03,5.674114e-03
2.258460e-01,4.552349e-03,6.622162e-03,6.687582e-03,1.100199e-02,7.555739e-03,4.981265e-03,6.840034e-01,1.573071e-02,1.915060e-03,4.057249e-03,6.689345e-03,1.198134e-02,1.417671e-03,6.958079e-03
2.872803e-01,5.991646e-03,7.161078e-03,8.228440e-03,9.690471e-03,1.227904e-02,6.012336e-03,5.859275e-01,1.356071e-02,3.791378e-03,9.337888e-03,1.630254e-02,1.347294e-02,4.822170e-03,1.614154e-02
3.895675e-01,4.990965e-03,6.800253e-03,7.437453e-03,7.934797e-03,1.286190e-02,4.796529e-03,4.902192e-01,1.044240e-02,4.861241e-03,1.021930e-02,1.574542e-02,1.364303e-02,4.621573e-03,1.585844e-02
4.716327e-01,4.291120e-03,6.224921e-03,8.316633e-03,6.825270e-03,1.270133e-02,4.925692e-03,3.894888e-01,8.763509e-03,4.241614e-03,2.197638e-02,2.094410e-02,1.975741e-02,6.391188e-03,1.351930e-02
1.000000e+00,0.000000e+00,0.000000e+00,0.000000e+00,0.000000e+00,0.000000e+00,0.000000e+00,0.000000e+00,0.000000e+00,0.000000e+00,0.000000e+00,0.000000e+00,0.000000e+00,0.000000e+00,0.000000e+00
1.000000e+00,0.000000e+00,0.000000e+00,0.000000e+00,0.000000e+00,0.000000e+00,0.000000e+00,0.000000e+00,0.000000e+00,0.000000e+00,0.000000e+00,0.000000e+00,0.000000e+00,0.000000e+00,0.000000e+00
1.000000e+00,0.000000e+00,0.000000e+00,0.000000e+00,0.000000e+00,0.000000e+00,0.000000e+00,0.000000e+00,0.000000e+00,0.000000e+00,0.000000e+00,0.000000e+00,0.000000e+00,0.000000e+00,0.000000e+00
1.000000e+00,0.000000e+00,0.000000e+00,0.000000e+00,0.000000e+00,0.000000e+00,0.000000e+00,0.000000e+00,0.000000e+00,0.000000e+00,0.000000e+00,0.000000e+00,0.000000e+00,0.000000e+00,0.000000e+00
1.000000e+00,0.000000e+00,0.000000e+00,0.000000e+00,0.000000e+00,0.000000e+00,0.000000e+00,0.000000e+00,0.000000e+00,0.000000e+00,0.000000e+00,0.000000e+00,0.000000e+00,0.000000e+00,0.000000e+00
4.865669e-01,1.351974e-02,1.473890e-02,8.530565e-02,1.234773e-02,2.730867e-02,2.984138e-03,6.165095e-02,7.512349e-02,1.291832e-02,4.828451e-02,8.314919e-02,2.779163e-02,1.456877e-02,3.374141e-02
4.966149e-01,1.498993e-02,1.318384e-02,7.594511e-02,1.254070e-02,3.074097e-02,2.946051e-03,4.482179e-02,9.439774e-02,1.055036e-02,4.926439e-02,8.198483e-02,2.409280e-02,1.390508e-02,3.402151e-02
1.000000e+00,0.000000e+00,0.000000e+00,0.000000e+00,0.000000e+00,0.000000e+00,0.000000e+00,0.000000e+00,0.000000e+00,0.000000e+00,0.000000e+00,0.000000e+00,0.000000e+00,0.000000e+00,0.000000e+00
1.000000e+00,0.000000e+00,0.000000e+00,0.000000e+00,0.000000e+00,0.000000e+00,0.000000e+00,0.000000e+00,0.000000e+00,0.000000e+00,0.000000e+00,0.000000e+00,0.000000e+00,0.000000e+00,0.000000e+00
4.464926e-01,2.207901e-02,1.587819e-02,8.412930e-02,1.641113e-02,2.959682e-02,4.179775e-03,2.170788e-02,1.370751e-01,1.271482e-02,3.931117e-02,6.212760e-02,2.254717e-02,2.179388e-02,6.395549e-02
4.632361e-01,2.404292e-02,1.676826e-02,7.467593e-02,1.380777e-02,2.943335e-02,3.577384e-03,1.728041e-02,1.226969e-01,1.612321e-02,5.215730e-02,5.535718e-02,2.414343e-02,2.203167e-02,6.466827e-02
3.635160e-01,2.909504e-02,2.643171e-02,7.782312e-02,1.121726e-02,2.562416e-02,2.885872e-03,1.323293e-02,1.743625e-01,1.952329e-02,5.284627e-02,4.863785e-02,4.939069e-02,1.729717e-02,8.811618e-02
3.070210e-01,2.783256e-02,2.321046e-02,7.393314e-02,9.814147e-03,2.443866e-02,2.820964e-03,1.044237e-02,1.468442e-01,2.080563e-02,1.335775e-01,6.777450e-02,5.967150e-02,1.780726e-02,7.400623e-02
2.212757e-01,2.056238e-02,1.687652e-02,6.222677e-02,8.565409e-03,2.225967e-02,2.215731e-03,7.461638e-03,1.079420e-01,2.966068e-02,1.913221e-01,1.253284e-01,9.438029e-02,1.626162e-02,7.366104e-02
1.612775e-01,1.561612e-02,1.237327e-02,4.844318e-02,9.033251e-03,2.067834e-02,2.179375e-03,5.573283e-03,8.084507e-02,2.339959e-02,3.257661e-01,1.417839e-01,7.881615e-02,1.419947e-02,6.001552e-02
1.183849e-01,1.399511e-02,8.999349e-03,3.681904e-02,1.008662e-02,2.920376e-02,2.126802e-03,5.070944e-03,7.042083e-02,1.970083e-02,4.651244e-01,1.044437e-01,6.058924e-02,1.057516e-02,4.445937e-02
9.506291e-02,1.534830e-02,9.398830e-03,3.230575e-02,1.755987e-02,4.022196e-02,3.917290e-03,1.634368e-02,1.083905e-01,2.168663e-02,4.528579e-01,8.248875e-02,5.475436e-02,1.210884e-02,3.755453e-02
8.086088e-02,2.791321e-02,1.477889e-02,2.560823e-02,1.866932e-02,5.250494e-02,5.377666e-03,3.485355e-02,1.267920e-01,2.231438e-02,4.212224e-01,7.029662e-02,5.494051e-02,1.432251e-02,2.954490e-02
6.531008e-02,4.317153e-02,1.348989e-02,2.329496e-02,1.572985e-02,5.633070e-02,4.575813e-03,3.048631e-02,2.250264e-01,2.117495e-02,3.475636e-01,6.205518e-02,4.892996e-02,1.570240e-02,2.715839e-02
5.058369e-02,5.736398e-02,1.681859e-02,2.436973e-02,1.564915e-02,4.660667e-02,3.945819e-03,3.494886e-02,2.601629e-01,2.913374e-02,2.837248e-01,6.541160e-02,5.644233e-02,1.921001e-02,3.562812e-02
4.143243e-02,6.338286e-02,1.530064e-02,2.081136e-02,1.614876e-02,3.949045e-02,3.567168e-03,2.739768e-02,2.591572e-01,3.444249e-02,2.269680e-01,1.244413e-01,6.012284e-02,2.111960e-02,4.621720e-02
3.697271e-02,6.277105e-02,1.262026e-02,1.712533e-02,2.049581e-02,3.218801e-02,2.947493e-03,2.353622e-02,3.293092e-01,5.462170e-02,1.775648e-01,1.117721e-01,5.772148e-02,1.817376e-02,4.218013e-02
3.058672e-02,4.805348e-02,9.688483e-03,1.239817e-02,6.058451e-02,2.388534e-02,3.057112e-03,1.826172e-02,4.377324e-01,4.541365e-02,1.329981e-01,8.217514e-02,4.814290e-02,1.603380e-02,3.098846e-02
3.976522e-02,3.988734e-02,6.260960e-02,1.988309e-02,9.165083e-02,2.155539e-02,5.371515e-03,8.443491e-02,3.634436e-01,3.343591e-02,1.019086e-01,6.222977e-02,3.925040e-02,1.248731e-02,2.208665e-02
6.510894e-02,3.065193e-02,5.711472e-02,2.013396e-02,2.180848e-01,2.214243e-02,5.561041e-03,6.291495e-02,3.006845e-01,2.697562e-02,7.800004e-02,5.076918e-02,3.403746e-02,1.015596e-02,1.766454e-02
1.163007e-01,2.331809e-02,4.511669e-02,1.876580e-02,2.075220e-01,2.132016e-02,7.220844e-03,5.392217e-02,2.244545e-01,2.451642e-02,8.994453e-02,5.242118e-02,8.926436e-02,8.708236e-03,1.720431e-02
1.144584e-01,1.914448e-02,3.299374e-02,1.457795e-02,1.684096e-01,1.864165e-02,6.553242e-03,5.040397e-02,1.770388e-01,2.070486e-02,7.695906e-02,5.582865e-02,2.212553e-01,7.676483e-03,1.535377e-02
1.063244e-01,1.423538e-02,2.409141e-02,1.084406e-02,1.489222e-01,2.015253e-02,5.751550e-03,4.155137e-02,1.321740e-01,1.550775e-02,5.930337e-02,5.367622e-02,3.490964e-01,5.865905e-03,1.250337e-02
8.885934e-02,1.022029e-02,1.707629e-02,7.797069e-03,1.097955e-01,1.815818e-02,4.538845e-03,3.066156e-02,9.370019e-02,1.102146e-02,4.255833e-02,7.143922e-02,4.804035e-01,4.268194e-03,9.501917e-03
7.665038e-02,7.608305e-03,1.203645e-02,5.979451e-03,7.792293e-02,1.799771e-02,3.459820e-03,2.324295e-02,6.728795e-02,8.042092e-03,3.106993e-02,7.357474e-02,5.847136e-01,3.338151e-03,7.075427e-03
5.690429e-02,6.305326e-03,8.764938e-03,4.446013e-03,5.679886e-02,1.407807e-02,2.987736e-03,1.813870e-02,5.091844e-02,5.844466e-03,2.214855e-02,6.920089e-02,6.754636e-01,2.407092e-03,5.593073e-03
4.218509e-02,6.398077e-03,6.617742e-03,4.886146e-03,4.085143e-02,1.144709e-02,2.479883e-03,1.490798e-02,5.530835e-02,4.470174e-03,1.627385e-02,5.832568e-02,7.293314e-01,1.776405e-03,4.740750e-03
4.354299e-02,1.009665e-02,6.634403e-03,2.002507e-02,2.978027e-02,5.998081e-02,2.182164e-03,1.985126e-02,7.496308e-02,4.190040e-03,1.879705e-02,1.071700e-01,5.917844e-01,2.147013e-03,8.854922e-03
4.329687e-02,9.107339e-03,5.278102e-03,1.928801e-02,2.161579e-02,4.947833e-02,1.839058e-03,1.523237e-02,7.985635e-02,3.568571e-03,2.667251e-02,2.366490e-01,4.774764e-01,2.459894e-03,8.181355e-03
3.645214e-02,9.075209e-03,4.570428e-03,1.870926e-02,1.587714e-02,4.193580e-02,1.593267e-03,1.203405e-02,8.773939e-02,3.220323e-03,3.797550e-02,3.613525e-01,3.585728e-01,3.469835e-03,7.422339e-03
2.812280e-02,7.512327e-03,3.737822e-03,1.470689e-02,1.137965e-02,3.388166e-02,1.154773e-03,8.784536e-03,7.698042e-02,2.596031e-03,5.001927e-02,4.890565e-01,2.610580e-01,5.236498e-03,5.772829e-03
2.148208e-02,6.074169e-03,3.558900e-03,1.131845e-02,9.950445e-03,2.457808e-02,9.618892e-04,6.770569e-03,8.778618e-02,2.224300e-03,6.215346e-02,5.443376e-01,2.049865e-01,8.708495e-03,5.108993e-03
1.545665e-02,4.805414e-03,5.342733e-03,1.197468e-02,4.288801e-02,1.798932e-02,1.081704e-03,1.178301e-02,8.690722e-02,1.983687e-03,9.500605e-02,5.249774e-01,1.638463e-01,1.212032e-02,3.837496e-03
1.111982e-02,4.028297e-03,4.646719e-03,9.808537e-03,3.445498e-02,1.281149e-02,7.911489e-04,1.155976e-02,9.790315e-02,2.812066e-03,1.033859e-01,5.594376e-01,1.289702e-01,1.515892e-02,3.111442e-03
8.302773e-03,4.816901e-03,7.522030e-03,8.074449e-03,3.123636e-02,9.318053e-03,6.890628e-04,1.090761e-02,1.254914e-01,3.460104e-03,9.573860e-02,5.675138e-01,1.049908e-01,1.893208e-02,3.005936e-03
8.166735e-03,4.007916e-03,7.493549e-03,7.015103e-03,2.494697e-02,8.376079e-03,5.769451e-04,1.448935e-02,1.229483e-01,5.987498e-03,9.894733e-02,5.924770e-01,8.219270e-02,1.973760e-02,2.636898e-03
7.959181e-03,3.897730e-03,9.112683e-03,5.631872e-03,2.753806e-02,6.488325e-03,1.274308e-03,3.209992e-02,1.526403e-01,7.723103e-03,1.080383e-01,5.498115e-01,6.496145e-02,2.007090e-02,2.752343e-03
1.077326e-02,4.306985e-03,4.165448e-02,6.757212e-03,3.699599e-02,6.100583e-03,2.148651e-03,7.532462e-02,2.107067e-01,9.803653e-03,9.370583e-02,4.263320e-01,5.258959e-02,1.962619e-02,3.174253e-03
1.430687e-02,6.179365e-03,5.576640e-02,8.083411e-03,3.180470e-02,8.620747e-03,2.048619e-03,6.820995e-02,2.384546e-01,2.142690e-02,1.046327e-01,3.596129e-01,4.690868e-02,2.697841e-02,6.965630e-03
1.824865e-02,6.120863e-03,4.610119e-02,9.460356e-03,3.507633e-02,6.952543e-03,1.902357e-03,6.088693e-02,3.073149e-01,2.561418e-02,1.169429e-01,2.943809e-01,4.232339e-02,2.279696e-02,5.877462e-03
1.757005e-02,5.877582e-03,4.519548e-02,9.472489e-03,3.728695e-02,5.609281e-03,1.497253e-03,1.508438e-01,3.254571e-01,1.994372e-02,1.014297e-01,2.221151e-01,3.472076e-02,1.844493e-02,4.535642e-03
1.720347e-02,5.896911e-03,3.637996e-02,1.438799e-02,3.390441e-02,4.929719e-03,1.245031e-03,1.432706e-01,4.461756e-01,1.467996e-02,7.752474e-02,1.618214e-01,2.584374e-02,1.342260e-02,3.313813e-03
1.473939e-02,7.499185e-03,2.710679e-02,1.289245e-02,3.017240e-02,4.525162e-03,9.650200e-04,1.220556e-01,5.679028e-01,1.094839e-02,5.652011e-02,1.141763e-01,1.842347e-02,9.568908e-03,2.503903e-03
1.676737e-02,1.157725e-02,2.072109e-02,1.354191e-02,4.865712e-02,3.976054e-03,1.149272e-03,1.059751e-01,6.256283e-01,8.955031e-03,4.029895e-02,8.050612e-02,1.312574e-02,7.123222e-03,1.997527e-03
2.788668e-02,1.365348e-02,1.853792e-02,1.881467e-02,9.364073e-02,3.558607e-03,2.134447e-03,1.230876e-01,5.834340e-01,1.173193e-02,2.972989e-02,5.683377e-02,9.668213e-03,5.624908e-03,1.663165e-03
4.370010e-02,2.660340e-02,1.549373e-02,2.087837e-02,1.568431e-01,3.885558e-03,3.111752e-03,1.462386e-01,4.892056e-01,1.592154e-02,2.190622e-02,4.034341e-02,7.410937e-03,6.761878e-03,1.695871e-03
6.493647e-02,3.015037e-02,1.198668e-02,2.056182e-02,1.843979e-01,4.360263e-03,3.119846e-03,1.167115e-01,4.748906e-01,2.677579e-02,1.694299e-02,2.941262e-02,6.097417e-03,7.884783e-03,1.770937e-03
1.350334e-01,5.114803e-02,9.577658e-03,2.087853e-02,1.837801e-01,6.439175e-03,2.716781e-03,8.709376e-02,4.125859e-01,3.493797e-02,1.721969e-02,2.140685e-02,5.270678e-03,9.630452e-03,2.280991e-03
2.199924e-01,5.798343e-02,8.062445e-03,2.315401e-02,1.936227e-01,6.633552e-03,2.493054e-03,6.556879e-02,3.440196e-01,2.582935e-02,1.649844e-02,1.874042e-02,5.742663e-03,7.864995e-03,3.794177e-03
3.479551e-01,4.791104e-02,7.481449e-03,2.494990e-02,1.612478e-01,6.752526e-03,2.566942e-03,5.055851e-02,2.750949e-01,1.917986e-02,1.648740e-02,1.938569e-02,7.178823e-03,7.505410e-03,5.744646e-03
3.744063e-01,3.658180e-02,7.522400e-03,3.186308e-02,1.310402e-01,6.413657e-03,2.864605e-03,1.455953e-01,2.025775e-01,1.371528e-02,1.502912e-02,1.528350e-02,6.960522e-03,5.564629e-03,4.582016e-03
3.696604e-01,2.644942e-02,6.216855e-03,2.512039e-02,1.021782e-01,5.013941e-03,2.461267e-03,2.703709e-01,1.455421e-01,9.858198e-03,1.216301e-02,1.164988e-02,5.702325e-03,4.106590e-03,3.506419e-03
2.778830e-01,1.876294e-02,6.472024e-03,2.258086e-02,7.569125e-02,4.656980e-03,2.165367e-03,4.547187e-01,1.022564e-01,6.926686e-03,9.088494e-03,8.780727e-03,4.291986e-03,3.027573e-03,2.696991e-03
2.138945e-01,1.336215e-02,6.082907e-03,1.905750e-02,5.446943e-02,5.329916e-03,1.909447e-03,5.873627e-01,7.205373e-02,4.903598e-03,6.891424e-03,6.673084e-03,3.267957e-03,2.453291e-03,2.288380e-03
1.739821e-01,9.544792e-03,5.221493e-03,1.524134e-02,4.003184e-02,4.841789e-03,1.733939e-03,6.789531e-01,5.060996e-02,3.490857e-03,5.191559e-03,5.003638e-03,2.504557e-03,1.837417e-03,1.811696e-03
1.343209e-01,6.884973e-03,4.050544e-03,1.145683e-02,3.196405e-02,3.756823e-03,1.500590e-03,7.559107e-01,3.558121e-02,2.475123e-03,3.863588e-03,3.631850e-03,1.960882e-03,1.326720e-03,1.315129e-03
1.055832e-01,4.976206e-03,3.113987e-03,8.509677e-03,2.588341e-02,2.976182e-03,1.198597e-03,8.120623e-01,2.497417e-02,1.755856e-03,2.880441e-03,2.647191e-03,1.526627e-03,9.526141e-04,9.595242e-04
9.020900e-02,3.597352e-03,2.335100e-03,6.388410e-03,1.962284e-02,2.635700e-03,9.011349e-04,8.486583e-01,1.751529e-02,1.247359e-03,2.157858e-03,2.030104e-03,1.245768e-03,6.991072e-04,7.566831e-04
7.818828e-02,2.587048e-03,1.789757e-03,4.795206e-03,1.734995e-02,3.559231e-03,7.750638e-04,8.705084e-01,1.233151e-02,8.980221e-04,1.805489e-03,2.261404e-03,2.043222e-03,5.108494e-04,5.964569e-04
7.149155e-02,2.020584e-03,1.611412e-03,4.324201e-03,1.405891e-02,2.031168e-02,7.931343e-04,7.267509e-01,1.079149e-02,1.011052e-03,1.529765e-02,4.624682e-02,8.222724e-02,2.015380e-03,1.047974e-03
5.891219e-02,1.555541e-03,1.194915e-03,4.520561e-03,1.132610e-02,2.889581e-02,8.158594e-04,5.364660e-01,9.383583e-03,1.799770e-03,2.428395e-02,1.935290e-01,1.200905e-01,6.049702e-03,1.176482e-03
5.250008e-02,1.180306e-03,9.620513e-04,4.125175e-03,9.229603e-03,3.951254e-02,8.506826e-04,3.923278e-01,7.779057e-03,1.626665e-03,2.976480e-02,3.298472e-01,1.211637e-01,7.981229e-03,1.149042e-03
4.381645e-02,1.049000e-03,8.612873e-04,3.369053e-03,6.813274e-03,4.319936e-02,7.132436e-04,2.756381e-01,9.264987e-03,1.255572e-03,7.157630e-02,4.384692e-01,9.519695e-02,7.673021e-03,1.104110e-03
5.072811e-02,1.615377e-03,9.550872e-04,3.037141e-03,5.040562e-03,3.838080e-02,6.300629e-04,1.943715e-01,1.905302e-02,1.061125e-03,8.958054e-02,5.177063e-01,7.026003e-02,6.588523e-03,9.917533e-04
4.100424e-02,1.795832e-03,8.467953e-04,2.459900e-03,3.729641e-03,3.080133e-02,5.388327e-04,1.365014e-01,2.252472e-02,1.064742e-03,1.699646e-01,5.264430e-01,5.302154e-02,8.477729e-03,8.257487e-04
4.195772e-02,1.925643e-03,7.659520e-04,2.052327e-03,3.218701e-03,2.322286e-02,4.237290e-04,9.604191e-02,2.076414e-02,1.193299e-03,1.552226e-01,6.041599e-01,3.995156e-02,8.424464e-03,6.752160e-04
3.592980e-02,2.883038e-03,7.731609e-04,1.690702e-03,2.945674e-03,1.737418e-02,3.168679e-04,6.763758e-02,1.929664e-02,1.296380e-03,1.249905e-01,6.867080e-01,3.051504e-02,7.106021e-03,5.364349e-04
2.764201e-02,1.153767e-02,1.910406e-03,1.677825e-03,4.048558e-03,1.248639e-02,2.433289e-04,4.891535e-02,1.735071e-02,1.197039e-03,1.230741e-01,7.209929e-01,2.274161e-02,5.774567e-03,4.074920e-04
2.376149e-02,1.756697e-02,2.586518e-03,1.637068e-03,3.918812e-03,9.137470e-03,2.207500e-04,3.547703e-02,1.551007e-02,1.412356e-03,1.348719e-01,7.318895e-01,1.680455e-02,4.896249e-03,3.092431e-04
1.961303e-02,2.144283e-02,3.279032e-03,1.731604e-03,4.037603e-03,6.575821e-03,2.014646e-04,2.601872e-02,1.673277e-02,1.279743e-03,1.214075e-01,7.612665e-01,1.216338e-02,4.023272e-03,2.268297e-04
3.144725e-02,2.551895e-02,7.603972e-03,4.436761e-03,4.904003e-03,5.626866e-03,3.311399e-04,2.241844e-02,1.608344e-02,1.187300e-03,9.707721e-02,7.705464e-01,8.822339e-03,3.720109e-03,2.758249e-04
4.986435e-02,3.172824e-02,1.141325e-02,6.967371e-03,7.307182e-03,6.105904e-03,4.852782e-04,2.052161e-02,2.549824e-02,1.327008e-03,8.186319e-02,7.461627e-01,6.693013e-03,3.635807e-03,4.268527e-04
4.613820e-02,3.295194e-02,2.313167e-02,1.220622e-02,1.250770e-02,9.392245e-03,1.088501e-03,5.170118e-02,5.091869e-02,3.762916e-03,8.334323e-02,6.638852e-01,5.210958e-03,3.027688e-03,7.336466e-04
4.455118e-02,3.417763e-02,2.486010e-02,1.332377e-02,3.577357e-02,1.459818e-02,1.677411e-03,6.078012e-02,1.237535e-01,4.532121e-03,8.207688e-02,5.519463e-01,4.215427e-03,2.809963e-03,9.237952e-04
3.396641e-02,4.347819e-02,1.940066e-02,1.058313e-02,3.195757e-02,1.152753e-02,1.366862e-03,4.973337e-02,3.256365e-01,3.928343e-03,6.314796e-02,3.991584e-01,3.103702e-03,2.216522e-03,7.948742e-04
2.774696e-02,4.224391e-02,1.496627e-02,9.610160e-03,4.946556e-02,1.153381e-02,1.230053e-03,3.741971e-02,4.582977e-01,5.803846e-03,4.817825e-02,2.861719e-01,2.524765e-03,1.926222e-03,2.880769e-03
2.319480e-02,3.524388e-02,1.217406e-02,9.195937e-03,5.844554e-02,9.755682e-03,1.152782e-03,4.259365e-02,5.536603e-01,5.634526e-03,3.701942e-02,2.055816e-01,2.143408e-03,1.508007e-03,2.696508e-03
3.700054e-02,3.202822e-02,9.287768e-03,1.261364e-02,8.648814e-02,1.130180e-02,1.051175e-03,4.366973e-02,5.678654e-01,6.215016e-03,3.191803e-02,1.501700e-01,2.305692e-03,1.769838e-03,6.314998e-03
4.276237e-02,2.598596e-02,6.954055e-03,1.108955e-02,1.649574e-01,1.091822e-02,1.792894e-03,6.122941e-02,5.306228e-01,4.834104e-03,2.362542e-02,1.057401e-01,2.113733e-03,2.038723e-03,5.335292e-03
6.421749e-02,2.200779e-02,5.495639e-03,1.404583e-02,2.030427e-01,1.027088e-02,1.841607e-03,8.778425e-02,4.870667e-01,3.878595e-03,1.743210e-02,7.484927e-02,1.719755e-03,1.701260e-03,4.646045e-03
1.654162e-01,2.446587e-02,5.497579e-03,2.573151e-02,1.637904e-01,1.301643e-02,1.781367e-03,6.847739e-02,4.065693e-01,6.302117e-03,1.859428e-02,6.979959e-02,3.375555e-03,4.530940e-03,2.265143e-02
1.541760e-01,2.552561e-02,9.297126e-03,2.751539e-02,1.336445e-01,1.186051e-02,1.538181e-03,5.344516e-02,3.155649e-01,4.192927e-02,2.123284e-02,5.782686e-02,6.851209e-03,5.935614e-03,1.336568e-01
1.323628e-01,2.605012e-02,1.011752e-02,3.375343e-02,9.909403e-02,1.024568e-02,1.344516e-03,3.971219e-02,2.464291e-01,6.821647e-02,5.355859e-02,5.960422e-02,2.291104e-02,5.842685e-03,1.907576e-01
1.407493e-01,2.911469e-02,1.371154e-02,3.963270e-02,7.680137e-02,3.549127e-02,1.752374e-03,3.846224e-02,2.235377e-01,5.332965e-02,6.460507e-02,8.015808e-02,2.783169e-02,4.910422e-03,1.699118e-01
1.342846e-01,3.047886e-02,1.126810e-02,3.820834e-02,5.770007e-02,2.914410e-02,1.857769e-03,2.922345e-02,2.796118e-01,4.035270e-02,7.190858e-02,1.094980e-01,2.791442e-02,4.386405e-03,1.341628e-01
1.156704e-01,4.080600e-02,1.239423e-02,7.662123e-02,4.261386e-02,2.471217e-02,1.683379e-03,2.259955e-02,3.233524e-01,3.354400e-02,6.203132e-02,8.765895e-02,2.594239e-02,5.204715e-03,1.251654e-01
8.880563e-02,5.323221e-02,1.714721e-02,1.483301e-01,3.141157e-02,2.228048e-02,1.379540e-03,1.773399e-02,3.226341e-01,3.352253e-02,4.966406e-02,6.542563e-02,2.088884e-02,5.170541e-03,1.223737e-01
