1.000000e+00,0.000000e+00,0.000000e+00,0.000000e+00,0.000000e+00,0.000000e+00,0.000000e+00,0.000000e+00,0.000000e+00,0.000000e+00,0.000000e+00,0.000000e+00,0.000000e+00,0.000000e+00,0.000000e+00
1.000000e+00,0.000000e+00,0.000000e+00,0.000000e+00,0.000000e+00,0.000000e+00,0.000000e+00,0.000000e+00,0.000000e+00,0.000000e+00,0.000000e+00,0.000000e+00,0.000000e+00,0.000000e+00,0.000000e+00
1.000000e+00,0.000000e+00,0.000000e+00,0.000000e+00,0.000000e+00,0.000000e+00,0.000000e+00,0.000000e+00,0.000000e+00,0.000000e+00,0.000000e+00,0.000000e+00,0.000000e+00,0.000000e+00,0.000000e+00
1.000000e+00,0.000000e+00,0.000000e+00,0.000000e+00,0.000000e+00,0.000000e+00,0.000000e+00,0.000000e+00,0.000000e+00,0.000000e+00,0.000000e+00,0.000000e+00,0.000000e+00,0.000000e+00,0.000000e+00
1.000000e+00,0.000000e+00,0.000000e+00,0.000000e+00,0.000000e+00,0.000000e+00,0.000000e+00,0.000000e+00,0.000000e+00,0.000000e+00,0.000000e+00,0.000000e+00,0.000000e+00,0.000000e+00,0.000000e+00
1.000000e+00,0.000000e+00,0.000000e+00,0.000000e+00,0.000000e+00,0.000000e+00,0.000000e+00,0.000000e+00,0.000000e+00,0.000000e+00,0.000000e+00,0.000000e+00,0.000000e+00,0.000000e+00,0.000000e+00
1.000000e+00,0.000000e+00,0.000000e+00,0.000000e+00,0.000000e+00,0.000000e+00,0.000000e+00,0.000000e+00,0.000000e+00,0.000000e+00,0.000000e+00,0.000000e+00,0.000000e+00,0.000000e+00,0.000000e+00
1.000000e+00,0.000000e+00,0.000000e+00,0.000000e+00,0.000000e+00,0.000000e+00,0.000000e+00,0.000000e+00,0.000000e+00,0.000000e+00,0.000000e+00,0.000000e+00,0.000000e+00,0.000000e+00,0.000000e+00
1.000000e+00,0.000000e+00,0.000000e+00,0.000000e+00,0.000000e+00,0.000000e+00,0.000000e+00,0.000000e+00,0.000000e+00,0.000000e+00,0.000000e+00,0.000000e+00,0.000000e+00,0.000000e+00,0.000000e+00
1.000000e+00,0.000000e+00,0.000000e+00,0.000000e+00,0.000000e+00,0.000000e+00,0.000000e+00,0.000000e+00,0.000000e+00,0.000000e+00,0.000000e+00,0.000000e+00,0.000000e+00,0.000000e+00,0.000000e+00
1.000000e+00,0.000000e+00,0.000000e+00,0.000000e+00,0.000000e+00,0.000000e+00,0.000000e+00,0.000000e+00,0.000000e+00,0.000000e+00,0.000000e+00,0.000000e+00,0.000000e+00,0.000000e+00,0.000000e+00
1.000000e+00,0.000000e+00,0.000000e+00,0.000000e+00,0.000000e+00,0.000000e+00,0.000000e+00,0.000000e+00,0.000000e+00,0.000000e+00,0.000000e+00,0.000000e+00,0.000000e+00,0.000000e+00,0.000000e+00
1.000000e+00,0.000000e+00,0.000000e+00,0.000000e+00,0.000000e+00,0.000000e+00,0.000000e+00,0.000000e+00,0.000000e+00,0.000000e+00,0.000000e+00,0.000000e+00,0.000000e+00,0.000000e+00,0.000000e+00
1.000000e+00,0.000000e+00,0.000000e+00,0.000000e+00,0.000000e+00,0.000000e+00,0.000000e+00,0.000000e+00,0.000000e+00,0.000000e+00,0.000000e+00,0.000000e+00,0.000000e+00,0.000000e+00,0.000000e+00
1.000000e+00,0.000000e+00,0.000000e+00,0.000000e+00,0.000000e+00,0.000000e+00,0.000000e+00,0.000000e+00,0.000000e+00,0.000000e+00,0.000000e+00,0.000000e+00,0.000000e+00,0.000000e+00,0.000000e+00
1.000000e+00,0.000000e+00,0.000000e+00,0.000000e+00,0.000000e+00,0.000000e+00,0.000000e+00,0.000000e+00,0.000000e+00,0.000000e+00,0.000000e+00,0.000000e+00,0.000000e+00,0.000000e+00,0.000000e+00
1.000000e+00,0.000000e+00,0.000000e+00,0.000000e+00,0.000000e+00,0.000000e+00,0.000000e+00,0.000000e+00,0.000000e+00,0.000000e+00,0.000000e+00,0.000000e+00,0.000000e+00,0.000000e+00,0.000000e+00
1.000000e+00,0.000000e+00,0.000000e+00,0.000000e+00,0.000000e+00,0.000000e+00,0.000000e+00,0.000000e+00,0.000000e+00,0.000000e+00,0.000000e+00,0.000000e+00,0.000000e+00,0.000000e+00,0.000000e+00
1.000000e+00,0.000000e+00,0.000000e+00,0.000000e+00,0.000000e+00,0.000000e+00,0.000000e+00,0.000000e+00,0.000000e+00,0.000000e+00,0.000000e+00,0.000000e+00,0.000000e+00,0.000000e+00,0.000000e+00
1.000000e+00,0.000000e+00,0.000000e+00,0.000000e+00,0.000000e+00,0.000000e+00,0.000000e+00,0.000000e+00,0.000000e+00,0.000000e+00,0.000000e+00,0.000000e+00,0.000000e+00,0.000000e+00,0.000000e+00
1.000000e+00,0.000000e+00,0.000000e+00,0.000000e+00,0.000000e+00,0.000000e+00,0.000000e+00,0.000000e+00,0.000000e+00,0.000000e+00,0.000000e+00,0.000000e+00,0.000000e+00,0.000000e+00,0.000000e+00
1.000000e+00,0.000000e+00,0.000000e+00,0.000000e+00,0.000000e+00,0.000000e+00,0.000000e+00,0.000000e+00,0.000000e+00,0.000000e+00,0.000000e+00,0.000000e+00,0.000000e+00,0.000000e+00,0.000000e+00
1.000000e+00,0.000000e+00,0.000000e+00,0.000000e+00,0.000000e+00,0.000000e+00,0.000000e+00,0.000000e+00,0.000000e+00,0.000000e+00,0.000000e+00,0.000000e+00,0.000000e+00,0.000000e+00,0.000000e+00
1.000000e+00,0.000000e+00,0.000000e+00,0.000000e+00,0.000000e+00,0.000000e+00,0.000000e+00,0.000000e+00,0.000000e+00,0.000000e+00,0.000000e+00,0.000000e+00,0.000000e+00,0.000000e+00,0.000000e+00
1.000000e+00,0.000000e+00,0.000000e+00,0.000000e+00,0.000000e+00,0.000000e+00,0.000000e+00,0.000000e+00,0.000000e+00,0.000000e+00,0.000000e+00,0.000000e+00,0.000000e+00,0.000000e+00,0.000000e+00
1.000000e+00,0.000000e+00,0.000000e+00,0.000000e+00,0.000000e+00,0.000000e+00,0.000000e+00,0.000000e+00,0.000000e+00,0.000000e+00,0.000000e+00,0.000000e+00,0.000000e+00,0.000000e+00,0.000000e+00
1.000000e+00,0.000000e+00,0.000000e+00,0.000000e+00,0.000000e+00,0.000000e+00,0.000000e+00,0.000000e+00,0.000000e+00,0.000000e+00,0.000000e+00,0.000000e+00,0.000000e+00,0.000000e+00,0.000000e+00
1.000000e+00,0.000000e+00,0.000000e+00,0.000000e+00,0.000000e+00,0.000000e+00,0.000000e+00,0.000000e+00,0.000000e+00,0.000000e+00,0.000000e+00,0.000000e+00,0.000000e+00,0.000000e+00,0.000000e+00
1.000000e+00,0.000000e+00,0.000000e+00,0.000000e+00,0.000000e+00,0.000000e+00,0.000000e+00,0.000000e+00,0.000000e+00,0.000000e+00,0.000000e+00,0.000000e+00,0.000000e+00,0.000000e+00,0.000000e+00
1.000000e+00,0.000000e+00,0.000000e+00,0.000000e+00,0.000000e+00,0.000000e+00,0.000000e+00,0.000000e+00,0.000000e+00,0.000000e+00,0.000000e+00,0.000000e+00,0.000000e+00,0.000000e+00,0.000000e+00
1.000000e+00,0.000000e+00,0.000000e+00,0.000000e+00,0.000000e+00,0.000000e+00,0.000000e+00,0.000000e+00,0.000000e+00,0.000000e+00,0.000000e+00,0.000000e+00,0.000000e+00,0.000000e+00,0.000000e+00
1.000000e+00,0.000000e+00,0.000000e+00,0.000000e+00,0.000000e+00,0.000000e+00,0.000000e+00,0.000000e+00,0.000000e+00,0.000000e+00,0.000000e+00,0.000000e+00,0.000000e+00,0.000000e+00,0.000000e+00
1.000000e+00,0.000000e+00,0.000000e+00,0.000000e+00,0.000000e+00,0.000000e+00,0.000000e+00,0.000000e+00,0.000000e+00,0.000000e+00,0.000000e+00,0.000000e+00,0.000000e+00,0.000000e+00,0.000000e+00
1.000000e+00,0.000000e+00,0.000000e+00,0.000000e+00,0.000000e+00,0.000000e+00,0.000000e+00,0.000000e+00,0.000000e+00,0.000000e+00,0.000000e+00,0.000000e+00,0.000000e+00,0.000000e+00,0.000000e+00
1.000000e+00,0.000000e+00,0.000000e+00,0.000000e+00,0.000000e+00,0.000000e+00,0.000000e+00,0.000000e+00,0.000000e+00,0.000000e+00,0.000000e+00,0.000000e+00,0.000000e+00,0.000000e+00,0.000000e+00
1.000000e+00,0.000000e+00,0.000000e+00,0.000000e+00,0.000000e+00,0.000000e+00,0.000000e+00,0.000000e+00,0.000000e+00,0.000000e+00,0.000000e+00,0.000000e+00,0.000000e+00,0.000000e+00,0.000000e+00
1.000000e+00,0.000000e+00,0.000000e+00,0.000000e+00,0.000000e+00,0.000000e+00,0.000000e+00,0.000000e+00,0.000000e+00,0.000000e+00,0.000000e+00,0.000000e+00,0.000000e+00,0.000000e+00,0.000000e+00
1.000000e+00,0.000000e+00,0.000000e+00,0.000000e+00,0.000000e+00,0.000000e+00,0.000000e+00,0.000000e+00,0.000000e+00,0.000000e+00,0.000000e+00,0.000000e+00,0.000000e+00,0.000000e+00,0.000000e+00
1.000000e+00,0.000000e+00,0.000000e+00,0.000000e+00,0.000000e+00,0.000000e+00,0.000000e+00,0.000000e+00,0.000000e+00,0.000000e+00,0.000000e+00,0.000000e+00,0.000000e+00,0.000000e+00,0.000000e+00
1.000000e+00,0.000000e+00,0.000000e+00,0.000000e+00,0.000000e+00,0.000000e+00,0.000000e+00,0.000000e+00,0.000000e+00,0.000000e+00,0.000000e+00,0.000000e+00,0.000000e+00,0.000000e+00,0.000000e+00
1.000000e+00,0.000000e+00,0.000000e+00,0.000000e+00,0.000000e+00,0.000000e+00,0.000000e+00,0.000000e+00,0.000000e+00,0.000000e+00,0.000000e+00,0.000000e+00,0.000000e+00,0.000000e+00,0.000000e+00
1.000000e+00,0.000000e+00,0.000000e+00,0.000000e+00,0.000000e+00,0.000000e+00,0.000000e+00,0.000000e+00,0.000000e+00,0.000000e+00,0.000000e+00,0.000000e+00,0.000000e+00,0.000000e+00,0.000000e+00
1.000000e+00,0.000000e+00,0.000000e+00,0.000000e+00,0.000000e+00,0.000000e+00,0.000000e+00,0.000000e+00,0.000000e+00,0.000000e+00,0.000000e+00,0.000000e+00,0.000000e+00,0.000000e+00,0.000000e+00
1.000000e+00,0.000000e+00,0.000000e+00,0.000000e+00,0.000000e+00,0.000000e+00,0.000000e+00,0.000000e+00,0.000000e+00,0.000000e+00,0.000000e+00,0.000000e+00,0.000000e+00,0.000000e+00,0.000000e+00
4.420910e-01,4.778134e-02,4.637458e-02,1.846978e-01,1.679410e-02,2.396728e-02,7.821817e-03,2.913070e-02,2.760508e-02,3.744839e-03,4.415492e-02,5.469563e-02,1.981099e-02,8.306112e-03,4.302388e-02
4.909712e-01,4.716667e-02,3.755106e-02,1.605607e-01,1.705095e-02,2.282500e-02,7.186092e-03,2.430617e-02,2.550457e-02,3.597071e-03,4.212170e-02,5.241549e-02,2.004760e-02,9.176373e-03,3.951935e-02
1.000000e+00,0.000000e+00,0.000000e+00,0.000000e+00,0.000000e+00,0.000000e+00,0.000000e+00,0.000000e+00,0.000000e+00,0.000000e+00,0.000000e+00,0.000000e+00,0.000000e+00,0.000000e+00,0.000000e+00
1.000000e+00,0.000000e+00,0.000000e+00,0.000000e+00,0.000000e+00,0.000000e+00,0.000000e+00,0.000000e+00,0.000000e+00,0.000000e+00,0.000000e+00,0.000000e+00,0.000000e+00,0.000000e+00,0.000000e+00
1.000000e+00,0.000000e+00,0.000000e+00,0.000000e+00,0.000000e+00,0.000000e+00,0.000000e+00,0.000000e+00,0.000000e+00,0.000000e+00,0.000000e+00,0.000000e+00,0.000000e+00,0.000000e+00,0.000000e+00
1.000000e+00,0.000000e+00,0.000000e+00,0.000000e+00,0.000000e+00,0.000000e+00,0.000000e+00,0.000000e+00,0.000000e+00,0.000000e+00,0.000000e+00,0.000000e+00,0.000000e+00,0.000000e+00,0.000000e+00
1.000000e+00,0.000000e+00,0.000000e+00,0.000000e+00,0.000000e+00,0.000000e+00,0.000000e+00,0.000000e+00,0.000000e+00,0.000000e+00,0.000000e+00,0.000000e+00,0.000000e+00,0.000000e+00,0.000000e+00
1.000000e+00,0.000000e+00,0.000000e+00,0.000000e+00,0.000000e+00,0.000000e+00,0.000000e+00,0.000000e+00,0.000000e+00,0.000000e+00,0.000000e+00,0.000000e+00,0.000000e+00,0.000000e+00,0.000000e+00
1.000000e+00,0.000000e+00,0.000000e+00,0.000000e+00,0.000000e+00,0.000000e+00,0.000000e+00,0.000000e+00,0.000000e+00,0.000000e+00,0.000000e+00,0.000000e+00,0.000000e+00,0.000000e+00,0.000000e+00
1.000000e+00,0.000000e+00,0.000000e+00,0.000000e+00,0.000000e+00,0.000000e+00,0.000000e+00,0.000000e+00,0.000000e+00,0.000000e+00,0.000000e+00,0.000000e+00,0.000000e+00,0.000000e+00,0.000000e+00
1.000000e+00,0.000000e+00,0.000000e+00,0.000000e+00,0.000000e+00,0.000000e+00,0.000000e+00,0.000000e+00,0.000000e+00,0.000000e+00,0.000000e+00,0.000000e+00,0.000000e+00,0.000000e+00,0.000000e+00
1.000000e+00,0.000000e+00,0.000000e+00,0.000000e+00,0.000000e+00,0.000000e+00,0.000000e+00,0.000000e+00,0.000000e+00,0.000000e+00,0.000000e+00,0.000000e+00,0.000000e+00,0.000000e+00,0.000000e+00
1.000000e+00,0.000000e+00,0.000000e+00,0.000000e+00,0.000000e+00,0.000000e+00,0.000000e+00,0.000000e+00,0.000000e+00,0.000000e+00,0.000000e+00,0.000000e+00,0.000000e+00,0.000000e+00,0.000000e+00
1.000000e+00,0.000000e+00,0.000000e+00,0.000000e+00,0.000000e+00,0.000000e+00,0.000000e+00,0.000000e+00,0.000000e+00,0.000000e+00,0.000000e+00,0.000000e+00,0.000000e+00,0.000000e+00,0.000000e+00
1.000000e+00,0.000000e+00,0.000000e+00,0.000000e+00,0.000000e+00,0.000000e+00,0.000000e+00,0.000000e+00,0.000000e+00,0.000000e+00,0.000000e+00,0.000000e+00,0.000000e+00,0.000000e+00,0.000000e+00
4.957583e-01,1.418863e-02,7.119851e-02,4.464778e-02,5.680725e-03,1.833039e-02,1.114538e-02,2.847078e-01,3.678798e-03,1.085416e-03,8.681823e-03,1.697587e-02,1.125547e-02,2.230758e-03,1.043445e-02
3.705050e-01,1.055414e-02,5.617959e-02,3.265708e-02,5.210242e-03,1.572650e-02,1.731962e-02,4.515041e-01,2.665072e-03,8.575708e-04,6.460462e-03,1.232517e-02,8.479401e-03,1.957942e-03,7.598217e-03
2.942446e-01,8.421361e-03,4.543387e-02,2.414499e-02,5.370554e-03,1.490570e-02,3.341202e-02,5.422227e-01,2.017483e-03,7.221477e-04,4.899678e-03,9.404940e-03,7.137303e-03,1.906096e-03,5.756536e-03
3.055567e-01,8.091160e-03,3.860426e-02,1.800827e-02,5.962785e-03,1.839349e-02,4.772934e-02,5.236340e-01,1.759176e-03,9.480433e-04,4.139813e-03,9.398537e-03,7.950745e-03,2.986117e-03,6.837568e-03
3.245537e-01,7.632783e-03,2.920904e-02,1.320370e-02,7.337845e-03,1.539019e-02,4.584701e-02,5.200897e-01,1.920331e-03,1.158844e-03,4.633753e-03,9.258482e-03,9.009961e-03,3.685502e-03,7.069155e-03
3.372790e-01,1.048620e-02,2.448081e-02,1.668646e-02,1.452194e-02,1.496223e-02,3.614352e-02,4.440494e-01,6.639724e-03,2.238954e-03,2.090332e-02,1.848816e-02,3.846358e-02,6.300219e-03,8.356515e-03
2.633816e-01,1.381444e-02,1.856802e-02,4.882489e-02,1.155538e-02,1.827460e-02,2.636779e-02,3.673081e-01,1.255497e-02,4.503925e-03,4.128959e-02,1.908904e-02,7.761283e-02,1.715534e-02,5.969954e-02
3.345432e-01,1.350755e-02,1.399186e-02,6.394772e-02,1.012573e-02,1.698574e-02,1.911691e-02,2.746367e-01,1.732261e-02,4.515877e-03,5.004708e-02,2.199471e-02,8.299197e-02,2.317335e-02,5.309902e-02
4.166323e-01,1.363193e-02,1.031095e-02,5.993608e-02,1.223395e-02,1.832592e-02,1.469793e-02,1.967981e-01,1.780865e-02,4.038403e-03,4.550231e-02,2.988280e-02,9.109079e-02,2.225463e-02,4.685531e-02
4.932119e-01,1.484801e-02,7.964932e-03,5.244758e-02,1.720656e-02,1.809998e-02,1.118357e-02,1.413666e-01,1.995320e-02,4.167284e-03,3.917447e-02,3.007580e-02,8.910720e-02,1.991997e-02,4.127300e-02
1.000000e+00,0.000000e+00,0.000000e+00,0.000000e+00,0.000000e+00,0.000000e+00,0.000000e+00,0.000000e+00,0.000000e+00,0.000000e+00,0.000000e+00,0.000000e+00,0.000000e+00,0.000000e+00,0.000000e+00
4.905931e-01,1.375646e-02,5.402058e-03,4.447875e-02,4.151534e-02,1.563512e-02,6.388724e-03,7.363680e-02,4.121403e-02,3.570151e-03,5.799753e-02,5.231017e-02,1.118308e-01,1.270620e-02,2.896473e-02
3.946546e-01,1.581631e-02,6.036941e-03,6.677443e-02,3.562681e-02,1.634667e-02,4.665182e-03,5.815995e-02,6.459292e-02,4.019096e-03,6.595241e-02,8.102886e-02,1.435694e-01,1.106441e-02,3.169200e-02
2.781875e-01,1.335567e-02,1.026775e-02,5.251978e-02,2.878026e-02,1.245800e-02,3.320028e-03,4.996789e-02,1.034660e-01,5.593687e-03,8.526605e-02,8.169535e-02,2.061024e-01,9.977449e-03,5.904217e-02
1.961008e-01,1.028919e-02,1.137728e-02,4.203385e-02,2.433187e-02,9.834003e-03,2.410985e-03,9.374953e-02,1.087093e-01,5.952969e-03,1.044726e-01,7.803766e-02,2.495602e-01,7.901695e-03,5.523811e-02
1.393846e-01,1.548651e-02,5.292413e-02,7.031307e-02,2.089265e-02,8.205825e-03,1.788205e-03,8.505815e-02,1.699438e-01,6.026089e-03,9.705664e-02,6.056539e-02,2.033453e-01,8.169698e-03,6.083998e-02
1.022735e-01,1.201815e-02,4.953712e-02,8.327536e-02,2.106601e-02,7.047651e-03,1.487344e-03,1.050508e-01,2.076891e-01,5.764912e-03,1.027678e-01,5.018396e-02,1.588022e-01,1.047939e-02,8.255674e-02
7.642031e-02,8.774145e-03,4.358905e-02,1.064824e-01,3.287169e-02,5.366346e-03,1.160843e-03,2.020557e-01,1.727576e-01,6.069103e-03,1.029336e-01,3.815937e-02,1.238672e-01,8.543478e-03,7.094920e-02
5.912669e-02,6.498888e-03,5.444351e-02,1.283213e-01,5.092815e-02,4.768273e-03,1.141221e-03,3.065336e-01,1.258951e-01,4.648372e-03,7.920568e-02,2.722724e-02,8.950970e-02,6.343594e-03,5.540878e-02
4.430726e-02,4.651596e-03,4.025188e-02,1.001434e-01,4.033461e-02,3.860442e-03,8.418073e-04,4.881858e-01,8.942928e-02,3.360755e-03,5.753852e-02,1.925166e-02,6.357808e-02,4.635538e-03,3.962948e-02
4.350360e-02,3.402786e-03,2.888798e-02,7.556771e-02,3.080112e-02,5.379370e-03,7.038972e-04,6.152175e-01,6.296625e-02,2.411573e-03,4.121390e-02,1.365407e-02,4.490076e-02,3.516552e-03,2.787297e-02
4.304879e-02,2.724728e-03,2.155606e-02,6.741483e-02,2.345037e-02,7.083762e-03,5.592841e-04,6.910442e-01,4.531140e-02,1.744151e-03,3.073343e-02,1.019594e-02,3.266412e-02,2.794035e-03,1.967496e-02
8.251113e-02,2.418603e-03,1.579609e-02,5.858731e-02,1.976072e-02,1.231194e-02,6.205096e-04,7.024549e-01,3.287803e-02,1.259886e-03,2.280808e-02,8.012762e-03,2.446299e-02,2.092287e-03,1.402471e-02
1.135133e-01,2.141802e-03,1.148522e-02,4.307643e-02,2.016599e-02,1.066217e-02,6.545864e-04,7.208444e-01,2.366740e-02,9.139456e-04,1.712281e-02,6.316962e-03,1.788176e-02,1.625218e-03,9.928028e-03
1.210427e-01,1.961197e-03,8.585529e-03,3.259953e-02,1.855018e-02,9.289362e-03,7.193453e-04,7.498815e-01,1.716748e-02,6.703418e-04,1.281939e-02,5.047793e-03,1.330554e-02,1.282948e-03,7.077189e-03
1.101703e-01,2.150146e-03,6.453306e-03,2.412446e-02,1.723042e-02,8.697486e-03,7.714906e-04,7.867398e-01,1.266780e-02,5.209488e-04,9.689084e-03,4.228756e-03,1.038029e-02,9.744641e-04,5.201226e-03
9.938631e-02,1.897942e-03,5.476780e-03,1.799873e-02,1.663272e-02,8.267114e-03,1.090139e-03,8.154587e-01,9.372450e-03,4.229075e-04,7.226953e-03,4.045589e-03,7.876112e-03,7.599312e-04,4.087758e-03
8.807263e-02,1.742637e-03,5.039318e-03,1.375983e-02,2.130347e-02,6.900316e-03,1.237833e-03,8.358216e-01,7.034707e-03,3.397910e-04,5.468586e-03,3.579998e-03,6.058987e-03,5.756792e-04,3.064602e-03
7.386290e-02,1.396962e-03,4.097481e-03,1.041861e-02,1.961122e-02,5.579639e-03,1.399853e-03,8.635365e-01,5.240468e-03,2.923255e-04,4.116922e-03,2.893208e-03,4.632695e-03,4.377596e-04,2.483533e-03
7.885942e-02,1.133118e-03,3.344882e-03,7.861374e-03,1.599659e-02,4.823206e-03,1.411134e-03,8.707823e-01,3.974133e-03,2.541548e-04,3.071428e-03,2.477440e-03,3.617581e-03,3.392835e-04,2.054040e-03
1.082943e-01,1.255180e-03,2.886846e-03,5.976332e-03,1.539078e-02,1.919031e-02,2.378977e-03,8.210755e-01,3.499704e-03,3.952454e-04,3.579238e-03,3.751490e-03,8.673333e-03,4.290268e-04,3.223765e-03
1.517016e-01,1.316531e-03,2.560768e-03,5.098880e-03,1.347763e-02,3.267172e-02,2.271129e-03,7.030244e-01,3.781351e-03,4.640774e-04,6.251543e-03,7.202807e-03,6.403293e-02,7.372880e-04,5.407291e-03
2.570092e-01,1.249858e-03,2.306271e-03,4.587506e-03,1.180459e-02,3.447340e-02,2.118977e-03,5.691009e-01,3.648895e-03,5.128204e-04,8.404261e-03,1.598511e-02,8.180131e-02,1.289059e-03,5.707772e-03
3.431802e-01,1.584272e-03,2.242375e-03,5.425392e-03,9.515743e-03,4.557100e-02,2.079001e-03,4.124867e-01,6.678606e-03,7.917564e-04,1.688407e-02,5.024142e-02,9.252250e-02,3.771397e-03,7.025610e-03
4.075019e-01,1.718010e-03,2.056914e-03,5.614285e-03,6.903762e-03,3.916374e-02,1.628745e-03,2.943736e-01,1.163564e-02,1.048864e-03,2.906651e-02,4.696371e-02,1.356472e-01,9.825340e-03,6.851757e-03
1.000000e+00,0.000000e+00,0.000000e+00,0.000000e+00,0.000000e+00,0.000000e+00,0.000000e+00,0.000000e+00,0.000000e+00,0.000000e+00,0.000000e+00,0.000000e+00,0.000000e+00,0.000000e+00,0.000000e+00
4.961685e-01,4.073722e-03,1.429006e-03,3.787888e-03,3.992681e-03,3.130398e-02,1.391615e-03,1.458276e-01,2.047837e-02,2.573278e-03,1.100593e-01,5.466323e-02,9.103643e-02,2.464667e-02,8.567745e-03
4.278498e-01,8.619042e-03,1.225715e-03,3.173191e-03,3.763442e-03,2.524776e-02,1.423776e-03,1.024890e-01,4.424624e-02,5.437998e-03,1.952749e-01,6.678842e-02,7.173438e-02,3.090945e-02,1.181684e-02
4.195168e-01,1.248208e-02,2.957023e-03,4.016214e-03,8.109516e-03,2.218223e-02,2.918083e-03,7.407703e-02,5.389038e-02,7.200064e-03,1.773936e-01,1.214866e-01,5.328714e-02,3.079202e-02,9.691304e-03
3.939129e-01,1.645868e-02,3.347110e-03,4.594418e-03,8.167081e-03,1.866861e-02,2.741272e-03,5.331007e-02,5.048081e-02,1.027137e-02,1.597087e-01,1.981071e-01,3.905385e-02,3.283346e-02,8.344634e-03
4.253513e-01,2.951508e-02,4.964883e-03,4.975129e-03,1.096445e-02,1.692084e-02,2.254996e-03,3.896234e-02,4.983154e-02,9.107874e-03,1.406567e-01,1.959064e-01,2.860139e-02,3.303490e-02,8.952199e-03
4.031712e-01,3.660993e-02,2.574068e-02,6.716270e-03,1.686545e-02,1.584560e-02,2.369235e-03,4.349720e-02,5.043231e-02,9.255381e-03,1.288373e-01,2.002721e-01,2.190318e-02,3.072039e-02,7.763684e-03
3.578274e-01,2.985005e-02,1.114395e-01,1.417227e-02,1.939726e-02,2.119685e-02,3.551334e-03,4.863852e-02,4.146438e-02,9.088811e-03,1.039343e-01,1.909536e-01,1.719037e-02,2.441462e-02,6.880868e-03
3.893310e-01,3.946877e-02,1.032822e-01,1.420653e-02,1.779886e-02,2.584207e-02,3.736721e-03,4.091188e-02,3.730414e-02,7.941922e-03,9.038363e-02,1.795075e-01,1.401019e-02,2.831776e-02,7.956894e-03
3.858362e-01,4.028497e-02,1.105632e-01,1.736909e-02,1.595743e-02,3.393598e-02,3.550934e-03,3.553311e-02,3.347610e-02,6.731965e-03,8.689625e-02,1.809303e-01,1.148616e-02,2.762379e-02,9.824464e-03
3.921991e-01,5.078024e-02,9.930820e-02,2.429936e-02,1.937892e-02,3.092015e-02,3.714262e-03,3.518403e-02,4.931509e-02,6.550035e-03,8.243214e-02,1.536999e-01,1.100518e-02,2.762342e-02,1.359008e-02
3.171083e-01,4.283133e-02,2.030065e-01,7.483084e-02,2.392972e-02,2.666740e-02,3.032957e-03,3.811076e-02,4.380894e-02,6.931327e-03,6.292056e-02,1.169649e-01,8.500977e-03,1.984918e-02,1.150635e-02
2.586383e-01,3.561555e-02,2.879306e-01,7.309890e-02,2.743702e-02,2.221676e-02,2.426023e-03,3.827425e-02,5.174495e-02,8.471545e-03,6.755193e-02,9.430006e-02,6.776589e-03,1.527064e-02,1.024696e-02
1.935335e-01,4.337037e-02,4.061657e-01,6.033472e-02,2.438628e-02,1.677830e-02,1.871759e-03,3.283062e-02,5.818208e-02,1.071809e-02,5.769771e-02,6.794354e-02,5.121555e-03,1.171716e-02,9.348787e-03
1.463044e-01,4.821873e-02,4.946088e-01,5.324738e-02,2.224757e-02,1.299626e-02,1.412608e-03,2.816956e-02,5.066779e-02,1.384435e-02,5.433597e-02,5.183623e-02,4.190385e-03,9.375803e-03,8.544197e-03
1.293264e-01,5.970543e-02,4.092039e-01,1.319558e-01,5.998353e-02,1.178273e-02,1.400172e-03,2.966256e-02,4.993022e-02,1.190173e-02,4.118694e-02,4.351032e-02,4.422339e-03,7.841943e-03,8.186044e-03
1.542545e-01,4.434973e-02,3.041847e-01,2.482622e-01,6.539714e-02,1.115433e-02,1.611160e-03,3.160400e-02,4.824142e-02,8.992171e-03,3.145611e-02,3.298296e-02,3.921060e-03,7.125914e-03,6.462559e-03
1.925838e-01,3.622141e-02,2.377804e-01,2.876548e-01,6.160113e-02,1.204341e-02,1.952027e-03,5.131594e-02,4.383531e-02,7.631308e-03,2.548260e-02,2.523027e-02,3.828061e-03,6.935914e-03,5.903571e-03
2.823491e-01,4.474653e-02,1.868973e-01,2.496836e-01,6.390348e-02,1.340820e-02,1.833789e-03,4.092064e-02,4.915491e-02,5.989850e-03,2.246075e-02,1.929552e-02,4.487536e-03,7.502622e-03,7.366237e-03
3.386626e-01,6.048764e-02,1.499007e-01,2.096711e-01,6.723346e-02,1.718230e-02,2.074947e-03,3.317604e-02,5.122254e-02,4.935415e-03,1.967432e-02,1.761690e-02,7.925020e-03,9.638367e-03,1.059858e-02
4.044120e-01,1.047016e-01,1.089897e-01,1.579870e-01,5.490489e-02,1.736078e-02,2.024569e-03,2.532080e-02,5.565270e-02,3.763593e-03,1.719064e-02,1.610464e-02,7.788870e-03,9.150507e-03,1.464783e-02
4.486687e-01,1.357783e-01,8.026610e-02,1.211345e-01,4.651234e-02,1.832973e-02,2.007612e-03,2.143215e-02,5.759287e-02,3.275900e-03,1.601999e-02,1.554192e-02,6.664701e-03,8.921790e-03,1.785347e-02
4.815050e-01,1.583212e-01,6.156491e-02,9.209741e-02,4.057173e-02,1.809297e-02,1.788696e-03,1.694943e-02,5.632718e-02,2.840285e-03,1.521166e-02,1.499953e-02,5.778607e-03,1.072821e-02,2.322322e-02
1.000000e+00,0.000000e+00,0.000000e+00,0.000000e+00,0.000000e+00,0.000000e+00,0.000000e+00,0.000000e+00,0.000000e+00,0.000000e+00,0.000000e+00,0.000000e+00,0.000000e+00,0.000000e+00,0.000000e+00
1.000000e+00,0.000000e+00,0.000000e+00,0.000000e+00,0.000000e+00,0.000000e+00,0.000000e+00,0.000000e+00,0.000000e+00,0.000000e+00,0.000000e+00,0.000000e+00,0.000000e+00,0.000000e+00,0.000000e+00
4.737704e-01,1.068383e-01,1.535205e-01,6.908479e-02,1.826582e-02,1.152239e-02,1.986457e-03,1.251615e-02,4.499270e-02,2.298404e-03,1.710067e-02,1.666638e-02,7.552111e-03,9.487374e-03,5.439764e-02
3.741361e-01,7.738479e-02,2.157599e-01,1.068064e-01,1.343639e-02,1.014350e-02,1.525454e-03,1.195995e-02,5.089388e-02,4.555932e-03,4.292434e-02,2.308990e-02,1.148911e-02,8.569704e-03,4.732472e-02
3.692372e-01,5.770309e-02,1.560449e-01,1.141477e-01,1.302374e-02,9.836097e-03,1.455609e-03,9.751118e-03,6.500617e-02,1.036503e-02,8.813172e-02,3.187939e-02,1.773025e-02,1.349378e-02,4.219417e-02
3.003387e-01,7.114677e-02,1.224735e-01,1.526238e-01,1.099488e-02,1.308178e-02,1.360050e-03,8.968139e-03,9.920876e-02,1.016206e-02,7.830816e-02,3.212136e-02,4.808896e-02,1.043171e-02,4.069139e-02
2.331460e-01,8.175750e-02,8.927317e-02,1.579695e-01,8.706549e-03,1.622495e-02,1.226440e-03,7.288459e-03,1.523573e-01,9.773443e-03,7.619088e-02,4.420697e-02,6.871872e-02,8.697653e-03,4.446261e-02
1.727330e-01,8.916562e-02,6.420941e-02,1.271135e-01,6.246465e-03,1.767828e-02,9.408246e-04,5.309623e-03,2.283678e-01,8.720674e-03,7.543094e-02,7.692489e-02,6.845017e-02,1.313883e-02,4.557000e-02
1.343153e-01,9.595230e-02,4.561044e-02,9.341072e-02,4.685749e-03,1.621871e-02,7.071752e-04,4.122098e-03,2.578102e-01,7.746461e-03,5.796255e-02,7.136985e-02,8.378389e-02,2.556016e-02,1.007444e-01
1.045911e-01,7.061284e-02,4.092875e-02,1.213962e-01,8.605323e-03,1.703730e-02,8.623123e-04,9.302342e-03,2.997217e-01,7.171018e-03,5.817202e-02,5.602632e-02,7.623243e-02,2.096679e-02,1.083736e-01
7.924084e-02,6.142484e-02,3.115895e-02,9.764646e-02,7.650769e-03,1.969172e-02,1.195359e-03,8.770950e-03,2.445626e-01,7.134413e-03,5.268062e-02,8.460937e-02,1.418392e-01,5.638994e-02,1.060040e-01
5.869010e-02,4.841493e-02,2.296420e-02,7.683171e-02,6.533397e-03,3.751526e-02,1.064665e-03,6.874810e-03,2.157433e-01,5.740476e-03,5.042456e-02,1.140341e-01,2.200724e-01,5.652121e-02,7.857490e-02
4.355282e-02,3.693842e-02,1.693176e-02,5.799028e-02,6.078301e-03,2.961099e-02,1.020971e-03,6.112579e-03,1.888785e-01,4.274932e-03,4.620714e-02,1.230838e-01,3.340952e-01,4.803050e-02,5.719378e-02
3.137259e-02,2.868523e-02,1.206010e-02,4.136061e-02,4.835366e-03,2.795399e-02,8.953280e-04,4.757843e-03,1.536610e-01,3.168858e-03,3.976209e-02,2.323998e-01,3.398691e-01,3.805724e-02,4.116091e-02
2.483012e-02,2.335756e-02,8.615121e-03,2.951860e-02,8.960472e-03,4.051248e-02,6.958287e-04,3.682514e-03,1.299101e-01,2.280245e-03,3.269600e-02,2.164423e-01,4.222454e-01,2.713664e-02,2.911658e-02
1.967381e-02,2.780419e-02,6.618341e-03,2.083757e-02,1.134800e-02,3.855590e-02,5.975775e-04,3.525989e-03,1.183936e-01,1.712270e-03,2.484754e-02,2.035490e-01,4.824308e-01,1.944205e-02,2.066346e-02
1.566076e-02,2.490846e-02,5.256209e-03,1.471380e-02,1.855404e-02,3.146362e-02,5.273644e-04,3.574754e-03,9.354100e-02,1.298459e-03,1.926730e-02,1.836733e-01,5.589666e-01,1.384217e-02,1.475216e-02
1.470891e-02,2.410384e-02,8.581699e-03,1.056182e-02,5.011110e-02,2.300598e-02,6.552818e-04,3.218713e-03,8.250390e-02,1.267165e-03,1.516089e-02,1.808693e-01,5.645659e-01,9.912000e-03,1.077350e-02
1.830970e-02,2.100071e-02,1.090142e-02,8.043916e-03,7.090470e-02,1.759753e-02,8.812843e-04,4.999823e-03,7.176545e-02,1.323794e-03,1.169168e-02,1.568365e-01,5.899284e-01,7.299427e-03,8.515680e-03
3.652098e-02,1.973398e-02,2.195494e-02,7.987331e-03,6.907436e-02,1.493629e-02,1.589179e-03,1.094661e-02,6.599171e-02,1.954705e-03,1.079234e-02,1.454474e-01,5.767609e-01,6.012437e-03,1.029681e-02
3.394453e-02,1.546294e-02,1.653107e-02,6.086385e-03,6.244113e-02,1.212993e-02,1.552025e-03,1.080396e-02,5.167358e-02,1.570605e-03,8.422789e-03,1.717598e-01,5.948867e-01,5.099356e-03,7.635274e-03
3.271008e-02,1.298385e-02,1.274765e-02,4.805729e-03,5.158377e-02,1.036128e-02,1.588724e-03,1.070153e-02,4.281279e-02,1.245373e-03,6.736429e-03,2.034912e-01,5.980310e-01,4.244496e-03,5.956061e-03
3.184707e-02,1.898108e-02,1.407980e-02,4.545721e-03,4.158363e-02,2.139389e-02,2.340348e-03,1.597914e-02,5.605768e-02,1.365653e-03,6.062497e-03,3.051341e-01,4.717539e-01,3.690667e-03,5.184811e-03
4.687624e-02,2.030142e-02,1.266670e-02,4.469020e-03,3.419550e-02,2.281813e-02,4.817630e-03,2.676624e-02,5.580896e-02,1.130035e-03,4.818476e-03,3.725829e-01,3.852468e-01,3.077344e-03,4.424591e-03
6.493698e-02,2.740118e-02,1.478171e-02,6.246014e-03,3.100267e-02,2.953212e-02,9.333556e-03,6.428576e-02,7.556640e-02,1.289711e-03,3.884665e-03,3.723286e-01,2.918011e-01,2.840385e-03,4.769096e-03
6.036229e-02,2.235542e-02,3.479367e-02,7.817187e-03,2.647370e-02,3.130193e-02,1.673193e-02,1.750180e-01,6.250186e-02,1.375555e-03,3.033694e-03,3.394794e-01,2.125635e-01,2.346142e-03,3.845835e-03
6.448287e-02,2.008717e-02,7.909061e-02,9.851344e-02,2.373756e-02,2.890341e-02,1.365567e-02,1.605423e-01,6.901811e-02,5.707749e-03,3.754012e-03,2.497155e-01,1.655362e-01,2.160722e-03,1.509471e-02
7.932638e-02,2.062941e-02,1.522762e-01,8.524100e-02,1.815227e-02,2.459856e-02,1.319515e-02,1.537447e-01,5.705034e-02,2.733874e-02,7.684003e-03,1.786443e-01,1.231635e-01,2.534748e-03,5.642067e-02
1.032596e-01,4.668574e-02,1.500032e-01,7.062218e-02,2.037480e-02,3.557251e-02,1.741760e-02,1.198447e-01,1.182280e-01,2.240464e-02,1.608145e-02,1.289066e-01,9.744355e-02,2.891008e-03,5.026446e-02
1.047640e-01,6.689407e-02,1.311000e-01,6.143891e-02,3.104150e-02,4.861619e-02,1.718763e-02,9.407346e-02,1.622721e-01,1.828818e-02,1.982395e-02,9.201428e-02,7.419521e-02,2.995498e-03,7.529493e-02
7.528140e-02,7.422666e-02,1.785668e-01,1.296659e-01,2.412049e-02,3.495288e-02,1.218922e-02,6.682763e-02,1.559965e-01,1.731060e-02,1.566512e-02,6.495547e-02,5.263676e-02,2.310854e-03,9.529375e-02
5.414494e-02,6.200537e-02,1.948143e-01,2.086357e-01,1.820802e-02,2.572471e-02,8.687194e-03,4.985237e-02,1.381321e-01,1.810483e-02,1.618104e-02,4.713066e-02,3.968303e-02,1.898764e-03,1.167970e-01
4.103141e-02,9.527336e-02,1.580273e-01,1.680215e-01,1.370071e-02,2.013560e-02,6.348595e-03,3.592446e-02,1.367076e-01,2.683519e-02,4.969194e-02,4.946186e-02,4.803622e-02,9.218043e-03,1.415862e-01
3.163002e-02,1.167658e-01,1.687986e-01,1.545018e-01,1.494890e-02,1.584220e-02,4.828589e-03,2.626292e-02,1.493016e-01,2.360003e-02,5.387305e-02,4.201358e-02,4.368488e-02,9.981346e-03,1.439666e-01
2.678364e-02,1.242194e-01,1.731134e-01,1.208255e-01,1.747621e-02,1.325977e-02,3.644343e-03,1.900959e-02,1.461396e-01,2.512415e-02,4.641254e-02,3.056788e-02,3.298352e-02,9.563211e-03,2.108772e-01
4.615792e-02,1.419888e-01,1.477806e-01,9.793290e-02,2.552757e-02,1.610659e-02,3.313060e-03,1.477847e-02,2.023570e-01,2.507158e-02,4.497848e-02,2.245285e-02,2.509158e-02,8.867384e-03,1.775952e-01
3.979300e-02,1.681594e-01,1.097823e-01,9.558985e-02,2.359981e-02,1.566918e-02,2.970190e-03,1.122955e-02,2.986835e-01,2.256690e-02,3.660136e-02,1.613511e-02,1.984159e-02,6.978821e-03,1.323995e-01
3.071617e-02,1.881526e-01,8.849751e-02,1.771520e-01,1.720678e-02,1.317330e-02,2.135884e-03,8.043891e-03,2.815495e-01,2.057102e-02,2.720734e-02,1.155208e-02,1.443198e-02,5.199043e-03,1.144110e-01
2.693380e-02,1.432021e-01,6.956235e-02,3.059163e-01,1.384734e-02,1.365156e-02,1.599933e-03,6.160488e-03,2.479443e-01,1.802534e-02,2.468139e-02,9.001473e-03,1.158251e-02,4.195380e-03,1.036956e-01
2.356703e-02,1.056528e-01,5.218183e-02,2.888550e-01,1.172362e-02,1.131476e-02,1.199222e-03,4.767718e-03,3.156353e-01,2.153261e-02,3.325653e-02,6.629233e-03,9.420776e-03,3.562085e-03,1.107016e-01
8.496176e-02,8.665587e-02,4.172438e-02,2.316822e-01,1.895582e-02,1.488674e-02,1.207634e-03,7.551303e-03,2.948765e-01,2.238248e-02,3.733350e-02,7.761135e-03,1.317944e-02,5.394509e-03,1.314467e-01
1.103354e-01,8.590228e-02,3.033637e-02,1.667334e-01,3.743671e-02,1.483098e-02,1.400562e-03,1.666870e-02,3.672019e-01,1.633528e-02,3.124577e-02,7.491584e-03,1.224981e-02,4.983450e-03,9.684786e-02
1.249074e-01,8.174515e-02,2.566060e-02,1.685602e-01,7.182372e-02,2.258836e-02,2.078083e-03,6.195846e-02,3.033424e-01,1.201100e-02,2.805846e-02,7.680456e-03,1.262394e-02,4.792174e-03,7.216957e-02
1.223959e-01,6.966923e-02,6.962952e-02,2.088645e-01,6.181486e-02,2.956558e-02,1.787681e-03,5.842853e-02,2.465881e-01,9.341151e-03,3.513663e-02,1.117660e-02,1.208217e-02,7.449924e-03,5.606961e-02
1.196510e-01,5.872068e-02,7.844958e-02,2.278661e-01,5.457486e-02,3.082708e-02,1.494006e-03,8.466010e-02,2.201737e-01,7.594225e-03,3.441642e-02,1.106232e-02,1.319055e-02,1.110500e-02,4.621427e-02
9.412344e-02,4.328196e-02,1.394264e-01,2.828376e-01,4.214060e-02,2.323726e-02,1.117944e-03,8.577131e-02,1.829548e-01,6.492669e-03,3.356105e-02,1.068628e-02,1.079943e-02,9.699547e-03,3.386967e-02
8.228948e-02,3.110437e-02,1.128663e-01,2.907389e-01,3.753353e-02,1.771875e-02,8.634106e-04,1.825150e-01,1.525937e-01,4.938954e-03,3.554904e-02,9.275835e-03,9.339594e-03,8.087390e-03,2.458574e-02
6.912322e-02,2.259144e-02,9.439221e-02,3.127784e-01,2.754198e-02,1.277236e-02,6.376294e-04,2.530836e-01,1.265617e-01,4.299308e-03,3.483118e-02,7.406326e-03,9.673121e-03,6.692433e-03,1.761509e-02
6.079043e-02,1.639687e-02,7.243473e-02,2.638224e-01,2.102587e-02,9.350443e-03,4.958751e-04,4.011906e-01,8.978007e-02,3.242929e-03,3.131051e-02,5.312336e-03,7.335116e-03,5.043503e-03,1.246834e-02
5.477321e-02,1.181690e-02,5.430175e-02,2.096828e-01,1.900747e-02,7.098099e-03,4.252545e-04,5.261921e-01,6.356147e-02,2.385164e-03,2.894305e-02,3.854442e-03,5.376617e-03,3.766750e-03,8.814925e-03
7.917666e-02,9.686142e-03,4.344875e-02,1.587437e-01,1.493789e-02,7.236432e-03,6.160693e-04,5.914250e-01,4.572923e-02,1.865062e-03,2.690202e-02,4.304926e-03,4.852275e-03,4.037245e-03,7.038618e-03
8.050209e-02,7.381768e-03,3.163368e-02,1.186280e-01,1.253110e-02,5.762319e-03,5.918590e-04,6.723262e-01,3.307696e-02,1.340034e-03,2.061699e-02,3.436598e-03,3.944035e-03,3.024317e-03,5.204097e-03
7.317210e-02,5.606782e-03,2.316206e-02,8.813660e-02,1.084832e-02,4.978202e-03,5.424550e-04,7.411264e-01,2.450510e-02,9.670917e-04,1.518232e-02,2.676116e-03,3.056511e-03,2.244453e-03,3.795566e-03
6.098450e-02,4.130332e-03,1.653010e-02,6.267164e-02,1.207089e-02,3.878164e-03,5.117973e-04,8.015574e-01,1.749747e-02,6.857100e-04,1.088134e-02,1.964039e-03,2.281881e-03,1.658277e-03,2.696496e-03
5.541913e-02,3.198752e-03,1.192675e-02,4.437422e-02,1.651199e-02,3.333500e-03,5.869558e-04,8.367181e-01,1.298704e-02,4.915072e-04,7.903717e-03,1.548420e-03,1.759069e-03,1.278012e-03,1.962830e-03
6.007633e-02,2.982015e-03,9.653747e-03,3.212621e-02,1.974461e-02,4.716600e-03,7.368106e-04,8.459506e-01,1.178909e-02,3.842046e-04,6.039510e-03,1.547103e-03,1.567936e-03,1.034334e-03,1.650880e-03
5.398155e-02,2.236740e-03,7.210016e-03,2.295077e-02,2.031555e-02,4.393870e-03,7.773012e-04,8.697217e-01,9.106319e-03,2.792229e-04,4.409607e-03,1.317650e-03,1.303570e-03,7.455988e-04,1.250545e-03
5.384647e-02,1.701054e-03,5.561742e-03,1.679305e-02,2.431646e-02,5.681194e-03,1.115049e-03,8.757507e-01,7.454427e-03,2.092778e-04,3.320375e-03,1.420708e-03,1.296987e-03,5.310870e-04,1.001470e-03
1.566300e-01,1.891471e-03,4.670980e-03,1.393973e-02,2.289667e-02,1.515053e-02,1.252455e-03,7.250696e-01,7.315729e-03,4.734540e-04,1.083907e-02,1.860018e-02,1.834317e-02,9.201558e-04,2.006723e-03
1.818534e-01,2.575552e-03,3.625524e-03,1.262238e-02,1.689764e-02,2.478351e-02,1.364748e-03,5.452980e-01,1.130867e-02,1.575232e-03,2.228421e-02,1.009384e-01,6.893555e-02,1.940337e-03,3.996754e-03
1.391571e-01,2.403149e-03,2.968389e-03,1.306949e-02,1.220218e-02,4.839011e-02,1.301665e-03,3.863869e-01,1.852261e-02,1.529354e-03,3.886358e-02,2.414898e-01,8.578628e-02,4.291330e-03,3.638033e-03
1.030533e-01,2.321267e-03,2.522406e-03,1.552781e-02,8.723740e-03,5.319819e-02,1.105106e-03,2.744301e-01,2.622428e-02,1.930818e-03,6.295373e-02,3.778031e-01,6.270737e-02,3.798491e-03,3.700292e-03
8.365674e-02,1.831526e-03,1.887872e-03,1.192375e-02,6.181339e-03,4.217286e-02,8.431958e-04,1.927104e-01,2.752258e-02,1.635239e-03,6.972933e-02,5.051664e-01,4.781064e-02,3.997973e-03,2.930242e-03
1.062805e-01,2.755011e-03,1.904300e-03,9.281551e-03,4.501805e-03,4.528335e-02,9.190955e-04,1.361635e-01,3.286298e-02,1.951652e-03,8.209466e-02,5.336542e-01,3.572617e-02,3.800449e-03,2.820783e-03
1.053569e-01,5.549092e-03,2.119950e-03,6.944723e-03,3.618159e-03,3.580119e-02,8.258894e-04,9.641225e-02,3.962694e-02,2.108432e-03,1.068445e-01,5.595882e-01,2.898831e-02,3.922104e-03,2.293385e-03
8.997107e-02,6.863762e-03,2.007876e-03,5.325738e-03,3.936486e-03,2.799543e-02,7.595621e-04,6.880145e-02,4.335292e-02,2.516926e-03,8.754920e-02,6.348564e-01,2.112084e-02,3.165450e-03,1.776921e-03
8.720335e-02,6.871991e-03,2.037058e-03,4.378395e-03,3.855396e-03,2.061219e-02,6.176570e-04,4.898409e-02,3.654543e-02,2.121451e-03,9.201735e-02,6.756101e-01,1.516827e-02,2.661165e-03,1.316142e-03
8.063480e-02,1.362755e-02,3.590613e-03,4.426412e-03,7.384077e-03,1.497097e-02,5.335428e-04,3.696724e-02,5.251766e-02,2.284746e-03,8.072838e-02,6.879151e-01,1.113895e-02,2.263124e-03,1.016821e-03
8.297142e-02,2.116453e-02,6.161417e-03,5.139300e-03,1.050012e-02,1.151357e-02,6.257273e-04,3.009745e-02,4.499376e-02,2.214920e-03,7.169837e-02,7.007622e-01,8.607819e-03,2.700382e-03,8.490759e-04
6.552830e-02,2.686148e-02,3.551670e-02,1.503177e-02,1.280881e-02,1.013929e-02,1.843662e-03,7.251727e-02,3.816590e-02,2.487872e-03,6.184763e-02,6.477556e-01,6.409571e-03,2.432278e-03,6.538201e-04
6.880299e-02,2.892854e-02,7.792097e-02,2.829840e-02,1.667920e-02,1.179982e-02,2.695316e-03,9.696151e-02,4.101702e-02,3.433414e-03,7.242405e-02,5.416649e-01,5.536566e-03,3.206237e-03,6.310022e-04
6.083746e-02,3.299432e-02,8.338408e-02,2.863166e-02,4.457447e-02,3.749018e-02,3.876208e-03,7.683934e-02,5.771150e-02,6.558276e-03,7.858466e-02,4.795967e-01,4.877751e-03,3.215078e-03,8.282369e-04
5.062248e-02,3.316655e-02,1.108175e-01,4.932933e-02,1.065722e-01,7.640503e-02,6.466895e-03,8.504172e-02,5.499369e-02,6.729805e-03,6.308859e-02,3.489695e-01,3.898844e-03,3.130517e-03,7.673571e-04
4.036643e-02,3.069319e-02,8.766593e-02,4.634764e-02,1.860713e-01,8.220530e-02,5.284963e-03,6.917778e-02,7.611187e-02,6.247734e-03,1.107632e-01,2.467217e-01,2.944165e-03,7.942524e-03,1.456399e-03
3.334345e-02,2.646092e-02,7.868999e-02,6.639681e-02,2.737299e-01,7.405044e-02,5.167970e-03,6.552792e-02,7.313273e-02,5.249522e-03,1.132467e-01,1.740326e-01,2.225353e-03,7.023321e-03,1.722466e-03
4.276503e-02,2.436318e-02,1.101623e-01,1.128877e-01,2.891402e-01,5.701669e-02,5.442263e-03,6.693405e-02,6.384218e-02,4.420617e-03,8.938055e-02,1.244015e-01,1.833140e-03,5.483417e-03,1.927205e-03
1.092472e-01,2.006461e-02,8.693033e-02,1.181389e-01,2.866028e-01,4.606875e-02,5.897541e-03,6.266968e-02,6.504992e-02,7.543934e-03,8.507785e-02,9.318089e-02,2.112747e-03,7.007457e-03,4.407367e-03
1.586290e-01,1.721247e-02,9.073049e-02,1.369201e-01,2.442685e-01,3.482412e-02,4.970968e-03,5.238478e-02,8.467738e-02,9.953471e-03,7.604377e-02,7.165162e-02,3.240903e-03,8.655831e-03,5.836566e-03
1.933489e-01,1.541698e-02,8.466786e-02,1.930125e-01,1.976282e-01,2.693096e-02,3.935326e-03,5.150671e-02,9.244998e-02,1.115689e-02,6.058089e-02,5.250262e-02,2.845103e-03,8.260034e-03,5.757076e-03
2.369131e-01,1.637458e-02,7.266683e-02,2.107369e-01,1.689207e-01,2.486855e-02,3.175112e-03,4.857946e-02,9.257843e-02,9.964654e-03,5.243852e-02,4.178523e-02,3.566504e-03,1.072669e-02,6.704781e-03
3.137763e-01,1.549850e-02,5.651680e-02,1.783833e-01,1.448555e-01,2.479742e-02,3.562948e-03,5.181531e-02,8.519645e-02,7.741082e-03,4.828119e-02,4.198129e-02,6.052665e-03,1.411373e-02,7.427552e-03
3.624951e-01,1.371494e-02,4.522749e-02,1.420323e-01,1.129530e-01,2.273123e-02,2.938024e-03,4.811013e-02,9.336509e-02,6.894659e-03,5.561411e-02,5.051544e-02,8.132715e-03,2.610856e-02,9.167267e-03
3.856332e-01,2.526962e-02,4.840411e-02,1.151683e-01,8.997473e-02,1.930612e-02,2.378830e-03,3.482263e-02,8.991818e-02,6.772844e-03,6.322058e-02,5.412675e-02,1.004565e-02,3.751642e-02,1.744200e-02
3.996897e-01,5.766208e-02,3.761180e-02,9.492975e-02,7.141588e-02,2.495137e-02,2.229414e-03,2.729842e-02,9.060429e-02,7.677916e-03,5.494792e-02,5.800887e-02,1.529348e-02,3.508152e-02,2.259760e-02
4.114252e-01,5.423338e-02,3.184866e-02,1.129336e-01,5.979815e-02,2.005092e-02,2.269020e-03,3.355714e-02,6.969354e-02,6.153699e-03,5.068616e-02,7.722740e-02,1.892563e-02,2.930675e-02,2.189077e-02
4.573058e-01,7.908525e-02,2.692701e-02,8.996084e-02,5.078507e-02,2.555748e-02,1.943301e-03,2.511319e-02,6.330718e-02,5.859768e-03,4.578837e-02,6.251446e-02,1.776087e-02,2.613488e-02,2.195655e-02
1.000000e+00,0.000000e+00,0.000000e+00,0.000000e+00,0.000000e+00,0.000000e+00,0.000000e+00,0.000000e+00,0.000000e+00,0.000000e+00,0.000000e+00,0.000000e+00,0.000000e+00,0.000000e+00,0.000000e+00
