1.000000e+00,0.000000e+00,0.000000e+00,0.000000e+00,0.000000e+00,0.000000e+00,0.000000e+00,0.000000e+00,0.000000e+00,0.000000e+00,0.000000e+00,0.000000e+00,0.000000e+00,0.000000e+00,0.000000e+00
1.000000e+00,0.000000e+00,0.000000e+00,0.000000e+00,0.000000e+00,0.000000e+00,0.000000e+00,0.000000e+00,0.000000e+00,0.000000e+00,0.000000e+00,0.000000e+00,0.000000e+00,0.000000e+00,0.000000e+00
1.000000e+00,0.000000e+00,0.000000e+00,0.000000e+00,0.000000e+00,0.000000e+00,0.000000e+00,0.000000e+00,0.000000e+00,0.000000e+00,0.000000e+00,0.000000e+00,0.000000e+00,0.000000e+00,0.000000e+00
1.000000e+00,0.000000e+00,0.000000e+00,0.000000e+00,0.000000e+00,0.000000e+00,0.000000e+00,0.000000e+00,0.000000e+00,0.000000e+00,0.000000e+00,0.000000e+00,0.000000e+00,0.000000e+00,0.000000e+00
1.000000e+00,0.000000e+00,0.000000e+00,0.000000e+00,0.000000e+00,0.000000e+00,0.000000e+00,0.000000e+00,0.000000e+00,0.000000e+00,0.000000e+00,0.000000e+00,0.000000e+00,0.000000e+00,0.000000e+00
1.000000e+00,0.000000e+00,0.000000e+00,0.000000e+00,0.000000e+00,0.000000e+00,0.000000e+00,0.000000e+00,0.000000e+00,0.000000e+00,0.000000e+00,0.000000e+00,0.000000e+00,0.000000e+00,0.000000e+00
1.000000e+00,0.000000e+00,0.000000e+00,0.000000e+00,0.000000e+00,0.000000e+00,0.000000e+00,0.000000e+00,0.000000e+00,0.000000e+00,0.000000e+00,0.000000e+00,0.000000e+00,0.000000e+00,0.000000e+00
1.000000e+00,0.000000e+00,0.000000e+00,0.000000e+00,0.000000e+00,0.000000e+00,0.000000e+00,0.000000e+00,0.000000e+00,0.000000e+00,0.000000e+00,0.000000e+00,0.000000e+00,0.000000e+00,0.000000e+00
1.000000e+00,0.000000e+00,0.000000e+00,0.000000e+00,0.000000e+00,0.000000e+00,0.000000e+00,0.000000e+00,0.000000e+00,0.000000e+00,0.000000e+00,0.000000e+00,0.000000e+00,0.000000e+00,0.000000e+00
1.000000e+00,0.000000e+00,0.000000e+00,0.000000e+00,0.000000e+00,0.000000e+00,0.000000e+00,0.000000e+00,0.000000e+00,0.000000e+00,0.000000e+00,0.000000e+00,0.000000e+00,0.000000e+00,0.000000e+00
1.000000e+00,0.000000e+00,0.000000e+00,0.000000e+00,0.000000e+00,0.000000e+00,0.000000e+00,0.000000e+00,0.000000e+00,0.000000e+00,0.000000e+00,0.000000e+00,0.000000e+00,0.000000e+00,0.000000e+00
1.000000e+00,0.000000e+00,0.000000e+00,0.000000e+00,0.000000e+00,0.000000e+00,0.000000e+00,0.000000e+00,0.000000e+00,0.000000e+00,0.000000e+00,0.000000e+00,0.000000e+00,0.000000e+00,0.000000e+00
1.000000e+00,0.000000e+00,0.000000e+00,0.000000e+00,0.000000e+00,0.000000e+00,0.000000e+00,0.000000e+00,0.000000e+00,0.000000e+00,0.000000e+00,0.000000e+00,0.000000e+00,0.000000e+00,0.000000e+00
1.000000e+00,0.000000e+00,0.000000e+00,0.000000e+00,0.000000e+00,0.000000e+00,0.000000e+00,0.000000e+00,0.000000e+00,0.000000e+00,0.000000e+00,0.000000e+00,0.000000e+00,0.000000e+00,0.000000e+00
1.000000e+00,0.000000e+00,0.000000e+00,0.000000e+00,0.000000e+00,0.000000e+00,0.000000e+00,0.000000e+00,0.000000e+00,0.000000e+00,0.000000e+00,0.000000e+00,0.000000e+00,0.000000e+00,0.000000e+00
1.000000e+00,0.000000e+00,0.000000e+00,0.000000e+00,0.000000e+00,0.000000e+00,0.000000e+00,0.000000e+00,0.000000e+00,0.000000e+00,0.000000e+00,0.000000e+00,0.000000e+00,0.000000e+00,0.000000e+00
1.000000e+00,0.000000e+00,0.000000e+00,0.000000e+00,0.000000e+00,0.000000e+00,0.000000e+00,0.000000e+00,0.000000e+00,0.000000e+00,0.000000e+00,0.000000e+00,0.000000e+00,0.000000e+00,0.000000e+00
1.000000e+00,0.000000e+00,0.000000e+00,0.000000e+00,0.000000e+00,0.000000e+00,0.000000e+00,0.000000e+00,0.000000e+00,0.000000e+00,0.000000e+00,0.000000e+00,0.000000e+00,0.000000e+00,0.000000e+00
1.000000e+00,0.000000e+00,0.000000e+00,0.000000e+00,0.000000e+00,0.000000e+00,0.000000e+00,0.000000e+00,0.000000e+00,0.000000e+00,0.000000e+00,0.000000e+00,0.000000e+00,0.000000e+00,0.000000e+00
1.000000e+00,0.000000e+00,0.000000e+00,0.000000e+00,0.000000e+00,0.000000e+00,0.000000e+00,0.000000e+00,0.000000e+00,0.000000e+00,0.000000e+00,0.000000e+00,0.000000e+00,0.000000e+00,0.000000e+00
1.000000e+00,0.000000e+00,0.000000e+00,0.000000e+00,0.000000e+00,0.000000e+00,0.000000e+00,0.000000e+00,0.000000e+00,0.000000e+00,0.000000e+00,0.000000e+00,0.000000e+00,0.000000e+00,0.000000e+00
1.000000e+00,0.000000e+00,0.000000e+00,0.000000e+00,0.000000e+00,0.000000e+00,0.000000e+00,0.000000e+00,0.000000e+00,0.000000e+00,0.000000e+00,0.000000e+00,0.000000e+00,0.000000e+00,0.000000e+00
1.000000e+00,0.000000e+00,0.000000e+00,0.000000e+00,0.000000e+00,0.000000e+00,0.000000e+00,0.000000e+00,0.000000e+00,0.000000e+00,0.000000e+00,0.000000e+00,0.000000e+00,0.000000e+00,0.000000e+00
1.000000e+00,0.000000e+00,0.000000e+00,0.000000e+00,0.000000e+00,0.000000e+00,0.000000e+00,0.000000e+00,0.000000e+00,0.000000e+00,0.000000e+00,0.000000e+00,0.000000e+00,0.000000e+00,0.000000e+00
1.000000e+00,0.000000e+00,0.000000e+00,0.000000e+00,0.000000e+00,0.000000e+00,0.000000e+00,0.000000e+00,0.000000e+00,0.000000e+00,0.000000e+00,0.000000e+00,0.000000e+00,0.000000e+00,0.000000e+00
1.000000e+00,0.000000e+00,0.000000e+00,0.000000e+00,0.000000e+00,0.000000e+00,0.000000e+00,0.000000e+00,0.000000e+00,0.000000e+00,0.000000e+00,0.000000e+00,0.000000e+00,0.000000e+00,0.000000e+00
1.000000e+00,0.000000e+00,0.000000e+00,0.000000e+00,0.000000e+00,0.000000e+00,0.000000e+00,0.000000e+00,0.000000e+00,0.000000e+00,0.000000e+00,0.000000e+00,0.000000e+00,0.000000e+00,0.000000e+00
1.000000e+00,0.000000e+00,0.000000e+00,0.000000e+00,0.000000e+00,0.000000e+00,0.000000e+00,0.000000e+00,0.000000e+00,0.000000e+00,0.000000e+00,0.000000e+00,0.000000e+00,0.000000e+00,0.000000e+00
1.000000e+00,0.000000e+00,0.000000e+00,0.000000e+00,0.000000e+00,0.000000e+00,0.000000e+00,0.000000e+00,0.000000e+00,0.000000e+00,0.000000e+00,0.000000e+00,0.000000e+00,0.000000e+00,0.000000e+00
1.000000e+00,0.000000e+00,0.000000e+00,0.000000e+00,0.000000e+00,0.000000e+00,0.000000e+00,0.000000e+00,0.000000e+00,0.000000e+00,0.000000e+00,0.000000e+00,0.000000e+00,0.000000e+00,0.000000e+00
1.000000e+00,0.000000e+00,0.000000e+00,0.000000e+00,0.000000e+00,0.000000e+00,0.000000e+00,0.000000e+00,0.000000e+00,0.000000e+00,0.000000e+00,0.000000e+00,0.000000e+00,0.000000e+00,0.000000e+00
1.000000e+00,0.000000e+00,0.000000e+00,0.000000e+00,0.000000e+00,0.000000e+00,0.000000e+00,0.000000e+00,0.000000e+00,0.000000e+00,0.000000e+00,0.000000e+00,0.000000e+00,0.000000e+00,0.000000e+00
1.000000e+00,0.000000e+00,0.000000e+00,0.000000e+00,0.000000e+00,0.000000e+00,0.000000e+00,0.000000e+00,0.000000e+00,0.000000e+00,0.000000e+00,0.000000e+00,0.000000e+00,0.000000e+00,0.000000e+00
1.000000e+00,0.000000e+00,0.000000e+00,0.000000e+00,0.000000e+00,0.000000e+00,0.000000e+00,0.000000e+00,0.000000e+00,0.000000e+00,0.000000e+00,0.000000e+00,0.000000e+00,0.000000e+00,0.000000e+00
1.000000e+00,0.000000e+00,0.000000e+00,0.000000e+00,0.000000e+00,0.000000e+00,0.000000e+00,0.000000e+00,0.000000e+00,0.000000e+00,0.000000e+00,0.000000e+00,0.000000e+00,0.000000e+00,0.000000e+00
1.000000e+00,0.000000e+00,0.000000e+00,0.000000e+00,0.000000e+00,0.000000e+00,0.000000e+00,0.000000e+00,0.000000e+00,0.000000e+00,0.000000e+00,0.000000e+00,0.000000e+00,0.000000e+00,0.000000e+00
1.000000e+00,0.000000e+00,0.000000e+00,0.000000e+00,0.000000e+00,0.000000e+00,0.000000e+00,0.000000e+00,0.000000e+00,0.000000e+00,0.000000e+00,0.000000e+00,0.000000e+00,0.000000e+00,0.000000e+00
1.000000e+00,0.000000e+00,0.000000e+00,0.000000e+00,0.000000e+00,0.000000e+00,0.000000e+00,0.000000e+00,0.000000e+00,0.000000e+00,0.000000e+00,0.000000e+00,0.000000e+00,0.000000e+00,0.000000e+00
1.000000e+00,0.000000e+00,0.000000e+00,0.000000e+00,0.000000e+00,0.000000e+00,0.000000e+00,0.000000e+00,0.000000e+00,0.000000e+00,0.000000e+00,0.000000e+00,0.000000e+00,0.000000e+00,0.000000e+00
1.000000e+00,0.000000e+00,0.000000e+00,0.000000e+00,0.000000e+00,0.000000e+00,0.000000e+00,0.000000e+00,0.000000e+00,0.000000e+00,0.000000e+00,0.000000e+00,0.000000e+00,0.000000e+00,0.000000e+00
1.000000e+00,0.000000e+00,0.000000e+00,0.000000e+00,0.000000e+00,0.000000e+00,0.000000e+00,0.000000e+00,0.000000e+00,0.000000e+00,0.000000e+00,0.000000e+00,0.000000e+00,0.000000e+00,0.000000e+00
1.000000e+00,0.000000e+00,0.000000e+00,0.000000e+00,0.000000e+00,0.000000e+00,0.000000e+00,0.000000e+00,0.000000e+00,0.000000e+00,0.000000e+00,0.000000e+00,0.000000e+00,0.000000e+00,0.000000e+00
1.000000e+00,0.000000e+00,0.000000e+00,0.000000e+00,0.000000e+00,0.000000e+00,0.000000e+00,0.000000e+00,0.000000e+00,0.000000e+00,0.000000e+00,0.000000e+00,0.000000e+00,0.000000e+00,0.000000e+00
1.000000e+00,0.000000e+00,0.000000e+00,0.000000e+00,0.000000e+00,0.000000e+00,0.000000e+00,0.000000e+00,0.000000e+00,0.000000e+00,0.000000e+00,0.000000e+00,0.000000e+00,0.000000e+00,0.000000e+00
1.000000e+00,0.000000e+00,0.000000e+00,0.000000e+00,0.000000e+00,0.000000e+00,0.000000e+00,0.000000e+00,0.000000e+00,0.000000e+00,0.000000e+00,0.000000e+00,0.000000e+00,0.000000e+00,0.000000e+00
1.000000e+00,0.000000e+00,0.000000e+00,0.000000e+00,0.000000e+00,0.000000e+00,0.000000e+00,0.000000e+00,0.000000e+00,0.000000e+00,0.000000e+00,0.000000e+00,0.000000e+00,0.000000e+00,0.000000e+00
1.000000e+00,0.000000e+00,0.000000e+00,0.000000e+00,0.000000e+00,0.000000e+00,0.000000e+00,0.000000e+00,0.000000e+00,0.000000e+00,0.000000e+00,0.000000e+00,0.000000e+00,0.000000e+00,0.000000e+00
1.000000e+00,0.000000e+00,0.000000e+00,0.000000e+00,0.000000e+00,0.000000e+00,0.000000e+00,0.000000e+00,0.000000e+00,0.000000e+00,0.000000e+00,0.000000e+00,0.000000e+00,0.000000e+00,0.000000e+00
1.000000e+00,0.000000e+00,0.000000e+00,0.000000e+00,0.000000e+00,0.000000e+00,0.000000e+00,0.000000e+00,0.000000e+00,0.000000e+00,0.000000e+00,0.000000e+00,0.000000e+00,0.000000e+00,0.000000e+00
1.000000e+00,0.000000e+00,0.000000e+00,0.000000e+00,0.000000e+00,0.000000e+00,0.000000e+00,0.000000e+00,0.000000e+00,0.000000e+00,0.000000e+00,0.000000e+00,0.000000e+00,0.000000e+00,0.000000e+00
1.000000e+00,0.000000e+00,0.000000e+00,0.000000e+00,0.000000e+00,0.000000e+00,0.000000e+00,0.000000e+00,0.000000e+00,0.000000e+00,0.000000e+00,0.000000e+00,0.000000e+00,0.000000e+00,0.000000e+00
1.000000e+00,0.000000e+00,0.000000e+00,0.000000e+00,0.000000e+00,0.000000e+00,0.000000e+00,0.000000e+00,0.000000e+00,0.000000e+00,0.000000e+00,0.000000e+00,0.000000e+00,0.000000e+00,0.000000e+00
1.000000e+00,0.000000e+00,0.000000e+00,0.000000e+00,0.000000e+00,0.000000e+00,0.000000e+00,0.000000e+00,0.000000e+00,0.000000e+00,0.000000e+00,0.000000e+00,0.000000e+00,0.000000e+00,0.000000e+00
4.914410e-01,7.814945e-02,3.482291e-02,1.358870e-01,1.261738e-02,1.918335e-02,6.177088e-03,3.319304e-02,1.939404e-02,6.690484e-03,2.952745e-02,2.975297e-02,1.621593e-02,1.564089e-02,7.130706e-02
3.824270e-01,6.167668e-02,6.078559e-02,1.422358e-01,1.256990e-02,1.773894e-02,6.067272e-03,1.363030e-01,1.853701e-02,5.877323e-03,2.711106e-02,3.009512e-02,1.712139e-02,1.686835e-02,6.458566e-02
3.073754e-01,4.510118e-02,5.708058e-02,1.055362e-01,1.035504e-02,1.795251e-02,5.465406e-03,3.089064e-01,1.367087e-02,4.922584e-03,2.176089e-02,2.502778e-02,1.496163e-02,1.341259e-02,4.847091e-02
2.254271e-01,3.237907e-02,6.325649e-02,7.710563e-02,7.911829e-03,1.471778e-02,4.524461e-03,4.694848e-01,9.797999e-03,4.025914e-03,1.609281e-02,1.874961e-02,1.138172e-02,1.013876e-02,3.500605e-02
1.663256e-01,2.281718e-02,4.919098e-02,5.500129e-02,5.760063e-03,1.131598e-02,3.921653e-03,6.109307e-01,6.893070e-03,2.867473e-03,1.143815e-02,1.336423e-02,8.235202e-03,7.265084e-03,2.467331e-02
1.264498e-01,1.612286e-02,3.681656e-02,3.923094e-02,4.374426e-03,8.783123e-03,3.563135e-03,7.113822e-01,4.864530e-03,2.052739e-03,8.158943e-03,9.582411e-03,5.987958e-03,5.220480e-03,1.740992e-02
1.216034e-01,1.166479e-02,2.728748e-02,2.834689e-02,4.045126e-03,7.421892e-03,4.036169e-03,7.558564e-01,3.532097e-03,1.584246e-03,5.937668e-03,7.449543e-03,4.843775e-03,3.874035e-03,1.251656e-02
1.269697e-01,8.793379e-03,2.098591e-02,2.131594e-02,5.113323e-03,6.286077e-03,3.778596e-03,7.734470e-01,2.786966e-03,1.602614e-03,4.643709e-03,6.729536e-03,5.254488e-03,2.983837e-03,9.309082e-03
1.592115e-01,6.535402e-03,1.600307e-02,1.604853e-02,5.428260e-03,5.991952e-03,3.650194e-03,7.573009e-01,2.201574e-03,1.747489e-03,3.752623e-03,6.719517e-03,5.941376e-03,2.281718e-03,7.185974e-03
1.253783e-01,4.687972e-03,1.192082e-02,1.175879e-02,4.935999e-03,4.780486e-03,3.924749e-03,8.098454e-01,1.597856e-03,1.320917e-03,2.733246e-03,5.293747e-03,4.961991e-03,1.670519e-03,5.189275e-03
1.160552e-01,3.527470e-03,8.889112e-03,8.619165e-03,4.966056e-03,4.661950e-03,4.676537e-03,8.284750e-01,1.288363e-03,1.415626e-03,2.141194e-03,5.045824e-03,5.024637e-03,1.252929e-03,3.960950e-03
1.182917e-01,2.623674e-03,7.245210e-03,6.580009e-03,4.689361e-03,4.457521e-03,5.881182e-03,8.331724e-01,9.881441e-04,1.133136e-03,1.613495e-03,4.739752e-03,4.534985e-03,9.789069e-04,3.070606e-03
1.455469e-01,2.131440e-03,6.279632e-03,5.224155e-03,5.278997e-03,5.234765e-03,5.952966e-03,8.068789e-01,9.414064e-04,1.278464e-03,1.443051e-03,5.194487e-03,4.670733e-03,9.116491e-04,3.032506e-03
1.521632e-01,1.835193e-03,5.818504e-03,4.529628e-03,5.826009e-03,6.395443e-03,6.086152e-03,7.984705e-01,8.729356e-04,1.297246e-03,1.457948e-03,5.973267e-03,4.940185e-03,9.870813e-04,3.346773e-03
1.371511e-01,1.399528e-03,5.034898e-03,3.487450e-03,5.875427e-03,5.445474e-03,5.386354e-03,8.205885e-01,7.082289e-04,1.116897e-03,1.164281e-03,4.846579e-03,4.156114e-03,8.407823e-04,2.798506e-03
1.274046e-01,1.131910e-03,5.147595e-03,2.925582e-03,5.489612e-03,5.725723e-03,5.586160e-03,8.317731e-01,5.823411e-04,9.895423e-04,1.088341e-03,4.665351e-03,3.990354e-03,8.097229e-04,2.690146e-03
1.419013e-01,1.043802e-03,7.651548e-03,2.724131e-03,6.176384e-03,7.737655e-03,6.413111e-03,8.103040e-01,5.673571e-04,1.178633e-03,1.336021e-03,5.310914e-03,3.887293e-03,8.539424e-04,2.913992e-03
1.386597e-01,8.598660e-04,5.822172e-03,2.388457e-03,8.529149e-03,6.006414e-03,4.897270e-03,8.189034e-01,5.848292e-04,1.096238e-03,1.177727e-03,4.634534e-03,3.388097e-03,6.839703e-04,2.368212e-03
1.247351e-01,7.751342e-04,4.379695e-03,2.487227e-03,1.192395e-02,4.855434e-03,3.594799e-03,8.355952e-01,5.423491e-04,9.439602e-04,1.049261e-03,3.856750e-03,2.865181e-03,5.441576e-04,1.851857e-03
2.165139e-01,1.533977e-03,3.494684e-03,3.528736e-03,1.207810e-02,4.891922e-03,2.746610e-03,6.898077e-01,3.779680e-03,2.532719e-03,7.194688e-03,3.057199e-02,1.542177e-02,2.876571e-03,3.027100e-03
1.527719e-01,1.377638e-03,2.722200e-03,1.863532e-01,1.012331e-02,4.348543e-03,1.950070e-03,4.924637e-01,1.509077e-02,2.290120e-03,2.694846e-02,2.893280e-02,6.813864e-02,2.208364e-03,4.280326e-03
1.074977e-01,2.951028e-03,2.036677e-03,2.195272e-01,8.141588e-03,3.360461e-03,1.617235e-03,3.464577e-01,1.318046e-01,2.317191e-03,4.703353e-02,2.492613e-02,8.908859e-02,2.065845e-03,1.117453e-02
7.601999e-02,2.231681e-03,1.786104e-03,1.863937e-01,6.516931e-03,2.778020e-03,1.241516e-03,2.427509e-01,9.741322e-02,2.068508e-03,9.002012e-02,3.734486e-02,2.355018e-01,1.653558e-03,1.627924e-02
5.766878e-02,2.066158e-03,2.668639e-03,1.908105e-01,8.453290e-03,3.753246e-03,1.135158e-03,1.705291e-01,8.572736e-02,2.004992e-03,9.972518e-02,3.930823e-02,3.044546e-01,2.164904e-03,2.952990e-02
4.134279e-02,1.558356e-03,3.339953e-03,1.352618e-01,1.059251e-02,3.700539e-03,9.910555e-04,1.198836e-01,6.308235e-02,1.736045e-03,1.077834e-01,3.375744e-02,4.443604e-01,1.913101e-03,3.069660e-02
3.275464e-02,1.227247e-03,3.503256e-03,9.602048e-02,1.591916e-02,4.191074e-03,1.072369e-03,8.770711e-02,5.080255e-02,1.575602e-03,1.268387e-01,2.923698e-02,4.962675e-01,2.276576e-03,5.060686e-02
2.573536e-02,1.425430e-03,4.271036e-03,6.757412e-02,1.807177e-02,4.709608e-03,2.886106e-03,6.482276e-02,4.413243e-02,2.112710e-03,9.930357e-02,9.242401e-02,4.968269e-01,4.409806e-03,7.129438e-02
1.866287e-02,1.766399e-03,3.619903e-03,4.734961e-02,1.563243e-02,4.807912e-03,2.641699e-03,4.647543e-02,3.629199e-02,2.808016e-03,7.576909e-02,9.325494e-02,5.609034e-01,4.783792e-03,8.523259e-02
1.422934e-02,3.004459e-03,1.096369e-02,3.353411e-02,1.994343e-02,5.375608e-03,6.037719e-03,3.651535e-02,4.011256e-02,3.362524e-03,5.986049e-02,9.681265e-02,5.974202e-01,4.774075e-03,6.805378e-02
1.171220e-02,6.562005e-03,1.646737e-02,2.645171e-02,2.080388e-02,7.916063e-03,4.835075e-03,2.865237e-02,5.878529e-02,6.291808e-03,4.949355e-02,1.372042e-01,5.558467e-01,5.542323e-03,6.343548e-02
1.023779e-02,3.620784e-02,2.878768e-02,2.089176e-02,2.608391e-02,1.630976e-02,3.689104e-03,2.214101e-02,1.302013e-01,6.775714e-03,6.166547e-02,1.164288e-01,4.553722e-01,5.290257e-03,5.991742e-02
1.527253e-02,2.985936e-02,2.332825e-02,1.947558e-02,2.070592e-02,3.980829e-02,2.985260e-03,1.684333e-02,1.104744e-01,7.570085e-03,5.196166e-02,2.026534e-01,3.736742e-01,6.812711e-03,7.857507e-02
2.197945e-02,3.049890e-02,1.828633e-02,1.470391e-02,1.587202e-02,3.718991e-02,2.454767e-03,1.325136e-02,1.019587e-01,6.343985e-03,4.262860e-02,3.187925e-01,2.882687e-01,8.852806e-03,7.891808e-02
3.233711e-02,4.024082e-02,1.781128e-02,1.153437e-02,2.295079e-02,2.963654e-02,3.114967e-03,1.505776e-02,1.242365e-01,8.071740e-03,3.814105e-02,3.444873e-01,2.200675e-01,1.534354e-02,7.696865e-02
4.368008e-02,4.039564e-02,4.070487e-02,8.396857e-02,2.274517e-02,3.037083e-02,5.755440e-03,1.864737e-02,1.268021e-01,9.183642e-03,3.359091e-02,2.777777e-01,1.702650e-01,1.435804e-02,8.175460e-02
5.415912e-02,4.345614e-02,4.298496e-02,1.035111e-01,1.887647e-02,3.477821e-02,5.557577e-03,2.156583e-02,1.321158e-01,1.220245e-02,3.916908e-02,2.504672e-01,1.483586e-01,1.457148e-02,7.822595e-02
6.006640e-02,5.103191e-02,3.823456e-02,7.655193e-02,1.827152e-02,8.816106e-02,6.529939e-03,2.005538e-02,1.658457e-01,1.093579e-02,3.325039e-02,2.191581e-01,1.316813e-01,1.236143e-02,6.786451e-02
5.806033e-02,4.776015e-02,3.378391e-02,5.471035e-02,2.083055e-02,8.817159e-02,1.470857e-02,3.663788e-02,2.501587e-01,1.363195e-02,2.686121e-02,1.631578e-01,1.057613e-01,1.258984e-02,7.317587e-02
9.984168e-02,4.012977e-02,3.715583e-02,1.161757e-01,2.980510e-02,7.414082e-02,1.231452e-02,3.519427e-02,2.526800e-01,1.330755e-02,2.354168e-02,1.196120e-01,7.696878e-02,9.689806e-03,5.944244e-02
2.167589e-01,3.416250e-02,2.793826e-02,9.835654e-02,3.021010e-02,6.918596e-02,1.027778e-02,2.735021e-02,2.308296e-01,1.498924e-02,2.318989e-02,9.542041e-02,6.122201e-02,7.484112e-03,5.262443e-02
2.638824e-01,3.259367e-02,2.227820e-02,7.948605e-02,5.009125e-02,6.017744e-02,1.050423e-02,2.419430e-02,2.160473e-01,1.451101e-02,2.498437e-02,7.435746e-02,7.901864e-02,6.607634e-03,4.126602e-02
3.633341e-01,3.035060e-02,2.379523e-02,6.411119e-02,4.921152e-02,5.737990e-02,1.105776e-02,2.470278e-02,1.675676e-01,1.256268e-02,2.255925e-02,6.270373e-02,7.175509e-02,6.127880e-03,3.278068e-02
3.740854e-01,2.474854e-02,1.806676e-02,8.229534e-02,6.956585e-02,4.760160e-02,9.445626e-03,1.856769e-02,1.436129e-01,1.184511e-02,2.993944e-02,6.469588e-02,7.019356e-02,5.861568e-03,2.947468e-02
3.709044e-01,2.298780e-02,1.498405e-02,7.142884e-02,5.772807e-02,5.313031e-02,7.252969e-03,1.418759e-02,1.328524e-01,9.955505e-03,3.613669e-02,1.098805e-01,6.210690e-02,6.996273e-03,2.946776e-02
3.429029e-01,1.777802e-02,1.363535e-02,5.806139e-02,4.353146e-02,5.380664e-02,5.625250e-03,1.073691e-02,9.937494e-02,7.412924e-03,4.261579e-02,2.281628e-01,4.856682e-02,5.575806e-03,2.221302e-02
3.417451e-01,1.368573e-02,1.088260e-02,4.648484e-02,3.206288e-02,5.415875e-02,4.181109e-03,7.843897e-03,7.596026e-02,6.023311e-03,4.716058e-02,2.999728e-01,3.796817e-02,4.761430e-03,1.710849e-02
2.853723e-01,1.217343e-02,8.279908e-03,3.422163e-02,2.380851e-02,4.246565e-02,3.164069e-03,6.337564e-03,7.254232e-02,5.280501e-03,5.195181e-02,4.025452e-01,3.478975e-02,4.142934e-03,1.292435e-02
2.192956e-01,1.122505e-02,6.222490e-03,2.477113e-02,1.863281e-02,3.272343e-02,2.356897e-03,5.495959e-03,6.875908e-02,5.024624e-03,5.312274e-02,5.086755e-01,3.085291e-02,3.412213e-03,9.429576e-03
1.762235e-01,9.609573e-03,4.794804e-03,1.895463e-02,1.486159e-02,2.705629e-02,1.891486e-03,5.437078e-03,6.710941e-02,4.433209e-03,4.714891e-02,5.891470e-01,2.339576e-02,2.801293e-03,7.135451e-03
1.514917e-01,9.047438e-03,3.894837e-03,1.697641e-02,2.346549e-02,2.832815e-02,9.049971e-03,9.009819e-03,8.910783e-02,4.583503e-03,5.339836e-02,5.746230e-01,1.791365e-02,2.389514e-03,6.720297e-03
1.240159e-01,8.542692e-03,3.036923e-03,1.340619e-02,2.051562e-02,2.495759e-02,7.641115e-03,1.262440e-02,1.413107e-01,3.903443e-03,5.040866e-02,5.673532e-01,1.487754e-02,2.005407e-03,5.400635e-03
9.477171e-02,7.667154e-03,2.284368e-03,9.875572e-03,1.911490e-02,2.127909e-02,6.669367e-03,1.230756e-02,1.574408e-01,3.214889e-03,4.992371e-02,5.970184e-01,1.231127e-02,1.716173e-03,4.405153e-03
7.968633e-02,7.895615e-03,1.880461e-03,7.548045e-03,1.688872e-02,1.851282e-02,4.814685e-03,1.523877e-02,1.597433e-01,4.037465e-03,4.518387e-02,6.152191e-01,1.812549e-02,1.591549e-03,3.633889e-03
6.352521e-02,6.860285e-03,1.429084e-03,5.741403e-03,1.322210e-02,1.533604e-02,3.420956e-03,1.407109e-02,1.319129e-01,3.665089e-03,3.547573e-02,6.848732e-01,1.610631e-02,1.444006e-03,2.916600e-03
5.018028e-02,6.745201e-03,1.215501e-03,4.381435e-03,1.211745e-02,1.149466e-02,2.510739e-03,1.555512e-02,1.653890e-01,3.474965e-03,2.846660e-02,6.798230e-01,1.500421e-02,1.366604e-03,2.275128e-03
4.735280e-02,8.312443e-03,1.161907e-03,3.834167e-03,1.164065e-02,9.138088e-03,2.052599e-03,1.823139e-02,2.003105e-01,3.098205e-03,2.350118e-02,6.538256e-01,1.431968e-02,1.317322e-03,1.903450e-03
4.386749e-02,9.762506e-03,2.309118e-03,4.335674e-03,2.567296e-02,7.415655e-03,2.003782e-03,3.066812e-02,2.715130e-01,2.969377e-03,1.905720e-02,5.649697e-01,1.233672e-02,1.266754e-03,1.851933e-03
4.180122e-02,8.108303e-03,2.475359e-03,5.179514e-03,3.087213e-02,5.980984e-03,2.091997e-03,5.552429e-02,3.023095e-01,2.856154e-03,1.522258e-02,5.125024e-01,1.250737e-02,1.034537e-03,1.533638e-03
3.440054e-02,6.900631e-03,2.449633e-03,5.069848e-03,4.297396e-02,5.198902e-03,2.099884e-03,8.171080e-02,3.826929e-01,2.643256e-03,1.209674e-02,4.086719e-01,1.108418e-02,8.453890e-04,1.161400e-03
8.313870e-02,6.415934e-03,3.560085e-03,2.063104e-02,7.112215e-02,5.695953e-03,2.861624e-03,1.232060e-01,3.436888e-01,2.464264e-03,1.120056e-02,3.128415e-01,1.143840e-02,7.084791e-04,1.026493e-03
7.446866e-02,6.072516e-03,3.171661e-03,1.889236e-02,9.909567e-02,6.025625e-03,4.079838e-03,1.166247e-01,4.178571e-01,1.851900e-03,1.029358e-02,2.296419e-01,1.047735e-02,6.380915e-04,8.090603e-04
5.788635e-02,4.777859e-03,2.441003e-03,1.443912e-02,1.229153e-01,4.717194e-03,3.470376e-03,1.032672e-01,5.056458e-01,1.334171e-03,7.716340e-03,1.620827e-01,8.201866e-03,4.885382e-04,6.161255e-04
4.611479e-02,3.826530e-03,2.704867e-03,1.305393e-02,1.142915e-01,3.649081e-03,2.746151e-03,2.561833e-01,4.260751e-01,9.576969e-04,6.841971e-03,1.152594e-01,7.371055e-03,4.297746e-04,4.947730e-04
3.549705e-02,2.840353e-03,2.719068e-03,1.025794e-02,9.151438e-02,2.645842e-03,2.073429e-03,4.400192e-01,3.166975e-01,6.810499e-04,5.982639e-03,8.181427e-02,6.562949e-03,3.220344e-04,3.721667e-04
2.745563e-02,2.033863e-03,1.994369e-03,8.073342e-03,7.848082e-02,1.922042e-03,1.550325e-03,5.891030e-01,2.222216e-01,4.786877e-04,4.268367e-03,5.729380e-02,4.629680e-03,2.299276e-04,2.645451e-04
2.190827e-02,1.460350e-03,1.477210e-03,6.048189e-03,7.220186e-02,1.608741e-03,1.206400e-03,6.911637e-01,1.557605e-01,3.369804e-04,3.036812e-03,4.014422e-02,3.287755e-03,1.676237e-04,1.913754e-04
1.753162e-02,1.057417e-03,1.092445e-03,4.457047e-03,7.497437e-02,1.370706e-03,9.765914e-04,7.562268e-01,1.091005e-01,2.393755e-04,2.209770e-03,2.812120e-02,2.376649e-03,1.270058e-04,1.384584e-04
1.666560e-02,8.321455e-04,8.405719e-04,3.489753e-03,8.045295e-02,1.273787e-03,8.590391e-04,7.953662e-01,7.652068e-02,1.726147e-04,1.708737e-03,1.974312e-02,1.846374e-03,1.238178e-04,1.045940e-04
1.448999e-02,6.642742e-04,7.377700e-04,2.917698e-03,7.716344e-02,1.055678e-03,8.885950e-04,8.316262e-01,5.363073e-02,1.267540e-04,1.273466e-03,1.384244e-02,1.369678e-03,1.343157e-04,7.912198e-05
1.592686e-02,6.776863e-04,7.398576e-04,2.429713e-03,7.305226e-02,1.344608e-03,1.333641e-03,8.542640e-01,3.780334e-02,1.006188e-04,1.058543e-03,9.752118e-03,1.125723e-03,2.845929e-04,1.065461e-04
2.822651e-02,9.991927e-04,1.030724e-03,2.245834e-03,7.721908e-02,3.461379e-03,3.095309e-03,8.457834e-01,2.755140e-02,9.453077e-05,1.062608e-03,7.115404e-03,1.374207e-03,5.454627e-04,1.950656e-04
4.901724e-02,1.229132e-03,1.278408e-03,2.107966e-03,6.219403e-02,3.604366e-03,3.020772e-03,8.485291e-01,2.012640e-02,1.589688e-04,9.925821e-04,5.555457e-03,1.248287e-03,6.208587e-04,3.164019e-04
8.991580e-02,1.614233e-03,2.061428e-03,2.360881e-03,4.661086e-02,3.152516e-03,2.773562e-03,8.276420e-01,1.558029e-02,2.850476e-04,9.641971e-04,4.644203e-03,1.153464e-03,6.578360e-04,5.836739e-04
1.581788e-01,1.902911e-03,2.641448e-03,2.143287e-03,3.436204e-02,4.711956e-03,4.115653e-03,7.688255e-01,1.215482e-02,5.318514e-04,1.294886e-03,5.417536e-03,1.610870e-03,8.535875e-04,1.254854e-03
2.084031e-01,1.895823e-03,4.362476e-03,2.768169e-03,2.595305e-02,5.762284e-03,4.241945e-03,7.252734e-01,9.291457e-03,7.114623e-04,1.246947e-03,5.470194e-03,2.068297e-03,8.161869e-04,1.735173e-03
1.829836e-01,1.603665e-03,4.968653e-03,3.293827e-03,1.966514e-02,6.608095e-03,3.949486e-03,7.596736e-01,6.812759e-03,6.905168e-04,1.050361e-03,4.360562e-03,1.980100e-03,6.592729e-04,1.700338e-03
3.168559e-01,2.011709e-03,5.017869e-03,4.321511e-03,1.475147e-02,4.318525e-02,4.973325e-03,5.649303e-01,5.789331e-03,1.325397e-03,3.716881e-03,8.740123e-03,1.838205e-02,1.185460e-03,4.813446e-03
2.523164e-01,1.952866e-03,4.384966e-03,6.000090e-03,1.059572e-02,9.311639e-02,4.338056e-03,3.998430e-01,5.309305e-03,1.264740e-03,5.116904e-03,8.340260e-03,1.993925e-01,1.099070e-03,6.929779e-03
1.987797e-01,1.813900e-03,3.429939e-03,6.297795e-03,7.726878e-03,9.343433e-02,3.495537e-03,2.818599e-01,4.526128e-03,1.139066e-03,5.273868e-03,8.675980e-03,3.752329e-01,8.875860e-04,7.426548e-03
1.419468e-01,1.394520e-03,2.560880e-03,5.236454e-03,5.734356e-03,7.108056e-02,2.918373e-03,1.980652e-01,3.945169e-03,8.830325e-04,4.337254e-03,7.405123e-03,5.479613e-01,7.487057e-04,5.782338e-03
1.033314e-01,1.378383e-03,1.873814e-03,4.251297e-03,4.104132e-03,5.775604e-02,2.367243e-03,1.389009e-01,3.240311e-03,7.048493e-04,3.420705e-03,6.760613e-03,6.669109e-01,5.608948e-04,4.438582e-03
7.627311e-02,3.734733e-03,2.059904e-03,4.470223e-03,3.404290e-03,5.908382e-02,1.810757e-03,9.759384e-02,1.007370e-02,6.617050e-04,3.425123e-03,9.464064e-03,7.235169e-01,5.604688e-04,3.867303e-03
5.601534e-02,1.560681e-02,2.060493e-03,5.327065e-03,3.660264e-03,5.822131e-02,1.369237e-03,6.965580e-02,1.151741e-01,6.418190e-04,7.469055e-03,1.808474e-02,6.413099e-01,8.168727e-04,4.587272e-03
4.064677e-02,2.882816e-02,2.236558e-03,5.920799e-03,3.292050e-03,6.121348e-02,1.095438e-03,4.920425e-02,2.564835e-01,6.057956e-04,7.696046e-03,2.677307e-02,5.104096e-01,7.650237e-04,4.829547e-03
3.007341e-02,2.511861e-02,2.335987e-03,1.055381e-02,3.166224e-03,4.787385e-02,8.764883e-04,3.923880e-02,4.270672e-01,6.886887e-04,6.862378e-03,2.276742e-02,3.789046e-01,5.675993e-04,3.904877e-03
2.192609e-02,2.874254e-02,1.839728e-03,1.026133e-02,3.604610e-03,4.004264e-02,7.430807e-04,2.895366e-02,5.654362e-01,6.746879e-04,5.281082e-03,1.697851e-02,2.717523e-01,4.095463e-04,3.353919e-03
1.766413e-02,2.888896e-02,1.897184e-03,1.606538e-02,7.473857e-03,3.600083e-02,9.945189e-04,2.319829e-02,6.533917e-01,1.295079e-03,4.257625e-03,1.248388e-02,1.925772e-01,3.241909e-04,3.487171e-03
2.123556e-02,3.285744e-02,1.947730e-03,2.098307e-02,2.155262e-02,3.162304e-02,1.701897e-03,1.847472e-02,6.953427e-01,1.660431e-03,3.268744e-03,8.963212e-03,1.355508e-01,2.898227e-04,4.548240e-03
3.536325e-02,2.685736e-02,2.251633e-03,2.254151e-02,7.491152e-02,3.801265e-02,5.303400e-03,2.102601e-02,6.622485e-01,1.450013e-03,2.675085e-03,6.471158e-03,9.536235e-02,2.618822e-04,5.263654e-03
4.531743e-02,2.628761e-02,2.374992e-03,2.718606e-02,7.511175e-02,3.667827e-02,7.020445e-03,6.839611e-02,6.180555e-01,1.830666e-03,2.188280e-03,4.940434e-03,6.960537e-02,3.131306e-04,1.469393e-02
5.045538e-02,2.207276e-02,2.521143e-03,2.579803e-02,7.966857e-02,2.981884e-02,6.924105e-02,1.151576e-01,5.224028e-01,1.544603e-03,1.759901e-03,3.790107e-03,6.220685e-02,2.839276e-04,1.327838e-02
6.533139e-02,2.271885e-02,2.484752e-03,2.426939e-02,7.465294e-02,2.797121e-02,7.016176e-02,1.769919e-01,4.227641e-01,1.315313e-03,1.500214e-03,3.262054e-03,9.225347e-02,2.855163e-04,1.403711e-02
5.427492e-02,2.606260e-02,2.840370e-03,1.936803e-02,6.015291e-02,2.941294e-02,7.997051e-02,2.196486e-01,3.987083e-01,1.781252e-03,1.863700e-03,2.995112e-03,8.997411e-02,2.373063e-04,1.270932e-02
4.813525e-02,2.706078e-02,3.276684e-03,1.759797e-02,5.338395e-02,4.348562e-02,6.288937e-02,2.803785e-01,3.724002e-01,2.400367e-03,2.019715e-03,2.740305e-03,7.199806e-02,1.964571e-04,1.203674e-02
4.953168e-02,3.053411e-02,2.807840e-03,1.390533e-02,4.523180e-02,5.668841e-02,4.763472e-02,2.531798e-01,4.280207e-01,2.067269e-03,2.148891e-03,2.411031e-03,5.555978e-02,2.021020e-04,1.007653e-02
5.440598e-02,3.136589e-02,2.273289e-03,1.088091e-02,4.282911e-02,7.703283e-02,3.796646e-02,2.264830e-01,4.582862e-01,1.899527e-03,1.979300e-03,2.289202e-03,4.303826e-02,2.254616e-04,9.044569e-03
6.080034e-02,3.772505e-02,2.553405e-03,8.399748e-03,3.693299e-02,9.064854e-02,3.076049e-02,1.922177e-01,4.872922e-01,2.368896e-03,2.234367e-03,2.854255e-03,3.522656e-02,2.708285e-04,9.714584e-03
7.159700e-02,3.355990e-02,2.595125e-03,6.877709e-03,3.074709e-02,1.262857e-01,2.256024e-02,1.593550e-01,5.007290e-01,2.138700e-03,2.477198e-03,2.893650e-03,2.825255e-02,3.015661e-04,9.629429e-03
9.698726e-02,2.973230e-02,2.620358e-03,6.354109e-03,2.982089e-02,1.389694e-01,1.740367e-02,1.480604e-01,4.891027e-01,1.941925e-03,2.600404e-03,2.765065e-03,2.370381e-02,2.875621e-04,9.650094e-03
1.975394e-01,2.821807e-02,2.612610e-03,6.617885e-03,2.460826e-02,1.202777e-01,1.464461e-02,1.238538e-01,4.355915e-01,2.933566e-03,3.602746e-03,3.835405e-03,2.227453e-02,6.017901e-04,1.278810e-02
3.025687e-01,3.255376e-02,3.365875e-03,1.168039e-02,2.004116e-02,1.002386e-01,1.143757e-02,9.705941e-02,3.556928e-01,5.182263e-03,4.979708e-03,7.092368e-03,1.938958e-02,1.127535e-03,2.759030e-02
2.403194e-01,3.399153e-02,2.912806e-02,6.799452e-02,1.490769e-02,9.713402e-02,8.091645e-03,6.818189e-02,2.566720e-01,9.689621e-03,4.658193e-02,7.945370e-02,1.723972e-02,1.342413e-03,2.927181e-02
3.038545e-01,2.798929e-02,2.849509e-02,5.648377e-02,1.128700e-02,8.069512e-02,5.939859e-03,4.821223e-02,1.827428e-01,7.138357e-03,1.194405e-01,8.751463e-02,1.345640e-02,2.381110e-03,2.436939e-02
3.345565e-01,2.266024e-02,2.883994e-02,5.118381e-02,8.712949e-03,7.158907e-02,4.544210e-03,3.413737e-02,1.299760e-01,5.542259e-03,1.804192e-01,9.448642e-02,1.035681e-02,2.304594e-03,2.069068e-02
4.240881e-01,2.095595e-02,2.467651e-02,4.163963e-02,7.086632e-03,6.085571e-02,4.301213e-03,2.515394e-02,9.196927e-02,4.262014e-03,1.750800e-01,9.007517e-02,9.377737e-03,4.126000e-03,1.635213e-02
4.036608e-01,1.912367e-02,2.125325e-02,3.265287e-02,5.562315e-03,4.890136e-02,3.637087e-03,1.858908e-02,6.664969e-02,3.827137e-03,2.337464e-01,1.137265e-01,9.064944e-03,5.130637e-03,1.447424e-02
3.648577e-01,1.646784e-02,1.797767e-02,3.570850e-02,6.817264e-03,3.845552e-02,3.012189e-03,1.423916e-02,5.403430e-02,3.878920e-03,2.544249e-01,1.631847e-01,7.118416e-03,7.508626e-03,1.231418e-02
3.106599e-01,1.429484e-02,1.424686e-02,3.418859e-02,9.718841e-03,3.057665e-02,2.911169e-03,1.732668e-02,6.395698e-02,3.128253e-03,2.936139e-01,1.826168e-01,5.864686e-03,7.424480e-03,9.471353e-03
2.599245e-01,1.415578e-02,1.086655e-02,3.148010e-02,1.371475e-02,2.642912e-02,3.069842e-03,1.781158e-02,2.273263e-01,2.485962e-03,2.243393e-01,1.498740e-01,4.849930e-03,5.913127e-03,7.759054e-03
2.080409e-01,1.479111e-02,1.179234e-02,3.181273e-02,1.867530e-02,3.572916e-02,3.543311e-03,2.129157e-02,3.425638e-01,2.421805e-03,1.803178e-01,1.133401e-01,4.297506e-03,5.065336e-03,6.317190e-03
1.900714e-01,2.377239e-02,9.988281e-03,3.906027e-02,2.055478e-02,4.351813e-02,2.816512e-03,1.703840e-02,3.885994e-01,2.656301e-03,1.548324e-01,9.024008e-02,4.402335e-03,4.733764e-03,7.715561e-03
1.443948e-01,1.937439e-02,9.443901e-03,3.703544e-02,6.746496e-02,6.332949e-02,3.358595e-03,1.461796e-02,4.477527e-01,2.339515e-03,1.132095e-01,6.419826e-02,3.965141e-03,3.693490e-03,5.821950e-03
1.155726e-01,2.679077e-02,6.961411e-03,9.434972e-02,5.585569e-02,6.243290e-02,2.706409e-03,1.337347e-02,4.639567e-01,3.095282e-03,8.416475e-02,4.784564e-02,1.228465e-02,2.925966e-03,7.684029e-03
1.072096e-01,2.620739e-02,7.869607e-03,9.889762e-02,5.329128e-02,6.250258e-02,3.240270e-03,2.854572e-02,4.801389e-01,3.186316e-03,7.103019e-02,3.602730e-02,1.155403e-02,2.492312e-03,7.806859e-03
9.818775e-02,3.886455e-02,6.351019e-03,1.232599e-01,3.907213e-02,5.148458e-02,2.322249e-03,2.081822e-02,3.851576e-01,4.409743e-03,1.491288e-01,3.930717e-02,1.637105e-02,7.071210e-03,1.819391e-02
7.938127e-02,4.280256e-02,5.258779e-03,1.092614e-01,2.795222e-02,4.068920e-02,1.677633e-03,1.529579e-02,3.156365e-01,3.896944e-03,2.766609e-01,3.867486e-02,1.733474e-02,1.009475e-02,1.538239e-02
5.592428e-02,3.153287e-02,4.197105e-03,7.937378e-02,1.981089e-02,2.919359e-02,1.197440e-03,1.085249e-02,2.312650e-01,4.141191e-03,4.498668e-01,4.169082e-02,2.001412e-02,9.697558e-03,1.124207e-02
3.961692e-02,2.361063e-02,3.135977e-03,5.639075e-02,1.419864e-02,2.111077e-02,8.713253e-04,7.706911e-03,1.756221e-01,4.335887e-03,5.597332e-01,5.514388e-02,1.925741e-02,1.088805e-02,8.377535e-03
2.876655e-02,2.017174e-02,2.454149e-03,4.056945e-02,1.026022e-02,1.612175e-02,6.346597e-04,5.470426e-03,1.319126e-01,4.832153e-03,5.741057e-01,1.270208e-01,1.821237e-02,1.280645e-02,6.660846e-03
2.411830e-02,4.155099e-02,3.015358e-03,3.256774e-02,1.241296e-02,1.488833e-02,7.221329e-04,6.416101e-03,1.101044e-01,7.615335e-03,5.031190e-01,1.431344e-01,1.738331e-02,7.236066e-02,1.059095e-02
2.333391e-02,6.055934e-02,3.978951e-03,2.680673e-02,1.114631e-02,1.645987e-02,7.612110e-04,5.837936e-03,8.819798e-02,1.119492e-02,4.312025e-01,1.392620e-01,1.600147e-02,1.506892e-01,1.456770e-02
1.913517e-02,4.623343e-02,4.545713e-03,2.496894e-02,1.619923e-02,1.459373e-02,1.006080e-03,1.247727e-02,9.951499e-02,2.086910e-02,3.732428e-01,1.810567e-01,1.327179e-02,1.538993e-01,1.898574e-02
2.166348e-02,4.047393e-02,4.637226e-03,1.865896e-02,2.296153e-02,1.120513e-02,1.456061e-03,2.023982e-02,1.309096e-01,2.425353e-02,3.576263e-01,1.781332e-01,1.143068e-02,1.392941e-01,1.705631e-02
2.622879e-02,3.580674e-02,9.153157e-03,2.010515e-02,3.296645e-02,9.959990e-03,1.536074e-03,4.767880e-02,1.323110e-01,2.629813e-02,3.425547e-01,1.636535e-01,1.024825e-02,1.278965e-01,1.360279e-02
4.651487e-02,3.758591e-02,9.803006e-03,1.658912e-02,3.319089e-02,1.136689e-02,1.702492e-03,4.339567e-02,1.125343e-01,3.604142e-02,3.047812e-01,2.111649e-01,9.265850e-03,1.132146e-01,1.284887e-02
6.634273e-02,3.710362e-02,9.534989e-03,1.334095e-02,2.640456e-02,1.134975e-02,1.520963e-03,3.462612e-02,1.042676e-01,4.426254e-02,2.714484e-01,2.689867e-01,8.986412e-03,9.162626e-02,1.019840e-02
6.771849e-02,3.176827e-02,9.568541e-03,1.099228e-02,2.055751e-02,1.117849e-02,1.306378e-03,2.827609e-02,8.914576e-02,3.311554e-02,2.559067e-01,3.549572e-01,7.178505e-03,6.915948e-02,9.170777e-03
6.385096e-02,2.864107e-02,2.628556e-02,9.889470e-03,2.818916e-02,9.452546e-03,1.629192e-03,7.158919e-02,8.908750e-02,2.393274e-02,2.000882e-01,3.840845e-01,5.615330e-03,5.060373e-02,7.060904e-03
8.393122e-02,2.613133e-02,7.578680e-02,1.455044e-02,3.105124e-02,9.270503e-03,2.088228e-03,1.071140e-01,9.379348e-02,1.883268e-02,1.518505e-01,3.388656e-01,4.774340e-03,3.641713e-02,5.542484e-03
8.613031e-02,2.805999e-02,7.970943e-02,1.494295e-02,4.068609e-02,8.478446e-03,3.686551e-03,1.444704e-01,1.037053e-01,1.520660e-02,1.166219e-01,3.232437e-01,4.030775e-03,2.648382e-02,4.543720e-03
7.645181e-02,3.271081e-02,8.534569e-02,1.552380e-02,6.224028e-02,9.197509e-03,5.130972e-03,1.540821e-01,1.275622e-01,1.295631e-02,1.052999e-01,2.860578e-01,3.587244e-03,2.009689e-02,3.756720e-03
6.730017e-02,3.526931e-02,1.333006e-01,1.443722e-02,9.825534e-02,1.319445e-02,4.614979e-03,1.485500e-01,1.568158e-01,1.271886e-02,8.521352e-02,2.077226e-01,2.961417e-03,1.596866e-02,3.677077e-03
6.564060e-02,2.944836e-02,1.724774e-01,1.936573e-02,1.048340e-01,1.483331e-02,3.826109e-03,1.764354e-01,1.524514e-01,1.594023e-02,7.368658e-02,1.520057e-01,2.492635e-03,1.365130e-02,2.911153e-03
6.031179e-02,2.324974e-02,2.054142e-01,4.110064e-02,9.434636e-02,1.605364e-02,3.285020e-03,2.404025e-01,1.167344e-01,1.566496e-02,5.898499e-02,1.098983e-01,1.985951e-03,1.032279e-02,2.244726e-03
6.065400e-02,1.799407e-02,3.561594e-01,3.981868e-02,8.458538e-02,1.259071e-02,2.493216e-03,1.841786e-01,8.972964e-02,1.836039e-02,4.440270e-02,7.752001e-02,1.458118e-03,8.190711e-03,1.864351e-03
7.426747e-02,1.512586e-02,3.947382e-01,4.642404e-02,1.001689e-01,1.222088e-02,2.033374e-03,1.389235e-01,7.854047e-02,3.199405e-02,3.881400e-02,5.531753e-02,1.235669e-03,8.495280e-03,1.700734e-03
1.251305e-01,1.614046e-02,3.666703e-01,4.459658e-02,1.145782e-01,1.008882e-02,1.820387e-03,1.042656e-01,8.996277e-02,3.376238e-02,3.446221e-02,4.049915e-02,1.194099e-03,1.512738e-02,1.701127e-03
1.801281e-01,3.084799e-02,2.659700e-01,3.469713e-02,1.092499e-01,1.014653e-02,1.813017e-03,7.937345e-02,1.574212e-01,4.449697e-02,2.903214e-02,2.994393e-02,1.496892e-03,2.375411e-02,1.628615e-03
2.500340e-01,4.022333e-02,1.919242e-01,3.023843e-02,9.721090e-02,1.042596e-02,2.148038e-03,6.555487e-02,1.891134e-01,4.549696e-02,2.472372e-02,2.400818e-02,1.817035e-03,2.538480e-02,1.696113e-03
3.236327e-01,4.144030e-02,1.377001e-01,2.418275e-02,8.318095e-02,1.005112e-02,2.443353e-03,5.192500e-02,2.210849e-01,3.545052e-02,2.166631e-02,2.273773e-02,2.583998e-03,1.969963e-02,2.220724e-03
4.064699e-01,3.770522e-02,9.876393e-02,1.987955e-02,7.062735e-02,9.065496e-03,2.740212e-03,3.935549e-02,2.227126e-01,2.677607e-02,2.065001e-02,2.393155e-02,3.740908e-03,1.491616e-02,2.665636e-03
1.000000e+00,0.000000e+00,0.000000e+00,0.000000e+00,0.000000e+00,0.000000e+00,0.000000e+00,0.000000e+00,0.000000e+00,0.000000e+00,0.000000e+00,0.000000e+00,0.000000e+00,0.000000e+00,0.000000e+00
1.000000e+00,0.000000e+00,0.000000e+00,0.000000e+00,0.000000e+00,0.000000e+00,0.000000e+00,0.000000e+00,0.000000e+00,0.000000e+00,0.000000e+00,0.000000e+00,0.000000e+00,0.000000e+00,0.000000e+00
1.000000e+00,0.000000e+00,0.000000e+00,0.000000e+00,0.000000e+00,0.000000e+00,0.000000e+00,0.000000e+00,0.000000e+00,0.000000e+00,0.000000e+00,0.000000e+00,0.000000e+00,0.000000e+00,0.000000e+00
1.000000e+00,0.000000e+00,0.000000e+00,0.000000e+00,0.000000e+00,0.000000e+00,0.000000e+00,0.000000e+00,0.000000e+00,0.000000e+00,0.000000e+00,0.000000e+00,0.000000e+00,0.000000e+00,0.000000e+00
1.000000e+00,0.000000e+00,0.000000e+00,0.000000e+00,0.000000e+00,0.000000e+00,0.000000e+00,0.000000e+00,0.000000e+00,0.000000e+00,0.000000e+00,0.000000e+00,0.000000e+00,0.000000e+00,0.000000e+00
1.000000e+00,0.000000e+00,0.000000e+00,0.000000e+00,0.000000e+00,0.000000e+00,0.000000e+00,0.000000e+00,0.000000e+00,0.000000e+00,0.000000e+00,0.000000e+00,0.000000e+00,0.000000e+00,0.000000e+00
1.000000e+00,0.000000e+00,0.000000e+00,0.000000e+00,0.000000e+00,0.000000e+00,0.000000e+00,0.000000e+00,0.000000e+00,0.000000e+00,0.000000e+00,0.000000e+00,0.000000e+00,0.000000e+00,0.000000e+00
4.224493e-01,6.685646e-03,1.002687e-02,7.532434e-03,8.438649e-03,2.133863e-02,1.530933e-03,6.058577e-03,2.135277e-02,4.040201e-03,4.058490e-01,6.836459e-02,2.902739e-03,6.065064e-03,7.364526e-03
3.535333e-01,6.710283e-03,8.370494e-03,7.239983e-03,6.537049e-03,2.159007e-02,1.781474e-03,6.049639e-03,2.097070e-02,3.345892e-03,4.567134e-01,8.865602e-02,2.607975e-03,6.965949e-03,8.927721e-03
2.789111e-01,6.724977e-03,6.436511e-03,6.122801e-03,5.043271e-03,2.023540e-02,1.710590e-03,4.842578e-03,1.766527e-02,2.849697e-03,5.489224e-01,8.388124e-02,2.237697e-03,5.953263e-03,8.463083e-03
