1.000000e+00,0.000000e+00,0.000000e+00,0.000000e+00,0.000000e+00,0.000000e+00,0.000000e+00,0.000000e+00,0.000000e+00,0.000000e+00,0.000000e+00,0.000000e+00,0.000000e+00,0.000000e+00,0.000000e+00
1.000000e+00,0.000000e+00,0.000000e+00,0.000000e+00,0.000000e+00,0.000000e+00,0.000000e+00,0.000000e+00,0.000000e+00,0.000000e+00,0.000000e+00,0.000000e+00,0.000000e+00,0.000000e+00,0.000000e+00
1.000000e+00,0.000000e+00,0.000000e+00,0.000000e+00,0.000000e+00,0.000000e+00,0.000000e+00,0.000000e+00,0.000000e+00,0.000000e+00,0.000000e+00,0.000000e+00,0.000000e+00,0.000000e+00,0.000000e+00
1.000000e+00,0.000000e+00,0.000000e+00,0.000000e+00,0.000000e+00,0.000000e+00,0.000000e+00,0.000000e+00,0.000000e+00,0.000000e+00,0.000000e+00,0.000000e+00,0.000000e+00,0.000000e+00,0.000000e+00
1.000000e+00,0.000000e+00,0.000000e+00,0.000000e+00,0.000000e+00,0.000000e+00,0.000000e+00,0.000000e+00,0.000000e+00,0.000000e+00,0.000000e+00,0.000000e+00,0.000000e+00,0.000000e+00,0.000000e+00
1.000000e+00,0.000000e+00,0.000000e+00,0.000000e+00,0.000000e+00,0.000000e+00,0.000000e+00,0.000000e+00,0.000000e+00,0.000000e+00,0.000000e+00,0.000000e+00,0.000000e+00,0.000000e+00,0.000000e+00
1.000000e+00,0.000000e+00,0.000000e+00,0.000000e+00,0.000000e+00,0.000000e+00,0.000000e+00,0.000000e+00,0.000000e+00,0.000000e+00,0.000000e+00,0.000000e+00,0.000000e+00,0.000000e+00,0.000000e+00
1.000000e+00,0.000000e+00,0.000000e+00,0.000000e+00,0.000000e+00,0.000000e+00,0.000000e+00,0.000000e+00,0.000000e+00,0.000000e+00,0.000000e+00,0.000000e+00,0.000000e+00,0.000000e+00,0.000000e+00
1.000000e+00,0.000000e+00,0.000000e+00,0.000000e+00,0.000000e+00,0.000000e+00,0.000000e+00,0.000000e+00,0.000000e+00,0.000000e+00,0.000000e+00,0.000000e+00,0.000000e+00,0.000000e+00,0.000000e+00
1.000000e+00,0.000000e+00,0.000000e+00,0.000000e+00,0.000000e+00,0.000000e+00,0.000000e+00,0.000000e+00,0.000000e+00,0.000000e+00,0.000000e+00,0.000000e+00,0.000000e+00,0.000000e+00,0.000000e+00
1.000000e+00,0.000000e+00,0.000000e+00,0.000000e+00,0.000000e+00,0.000000e+00,0.000000e+00,0.000000e+00,0.000000e+00,0.000000e+00,0.000000e+00,0.000000e+00,0.000000e+00,0.000000e+00,0.000000e+00
1.000000e+00,0.000000e+00,0.000000e+00,0.000000e+00,0.000000e+00,0.000000e+00,0.000000e+00,0.000000e+00,0.000000e+00,0.000000e+00,0.000000e+00,0.000000e+00,0.000000e+00,0.000000e+00,0.000000e+00
1.000000e+00,0.000000e+00,0.000000e+00,0.000000e+00,0.000000e+00,0.000000e+00,0.000000e+00,0.000000e+00,0.000000e+00,0.000000e+00,0.000000e+00,0.000000e+00,0.000000e+00,0.000000e+00,0.000000e+00
1.000000e+00,0.000000e+00,0.000000e+00,0.000000e+00,0.000000e+00,0.000000e+00,0.000000e+00,0.000000e+00,0.000000e+00,0.000000e+00,0.000000e+00,0.000000e+00,0.000000e+00,0.000000e+00,0.000000e+00
1.000000e+00,0.000000e+00,0.000000e+00,0.000000e+00,0.000000e+00,0.000000e+00,0.000000e+00,0.000000e+00,0.000000e+00,0.000000e+00,0.000000e+00,0.000000e+00,0.000000e+00,0.000000e+00,0.000000e+00
1.000000e+00,0.000000e+00,0.000000e+00,0.000000e+00,0.000000e+00,0.000000e+00,0.000000e+00,0.000000e+00,0.000000e+00,0.000000e+00,0.000000e+00,0.000000e+00,0.000000e+00,0.000000e+00,0.000000e+00
1.000000e+00,0.000000e+00,0.000000e+00,0.000000e+00,0.000000e+00,0.000000e+00,0.000000e+00,0.000000e+00,0.000000e+00,0.000000e+00,0.000000e+00,0.000000e+00,0.000000e+00,0.000000e+00,0.000000e+00
1.000000e+00,0.000000e+00,0.000000e+00,0.000000e+00,0.000000e+00,0.000000e+00,0.000000e+00,0.000000e+00,0.000000e+00,0.000000e+00,0.000000e+00,0.000000e+00,0.000000e+00,0.000000e+00,0.000000e+00
1.000000e+00,0.000000e+00,0.000000e+00,0.000000e+00,0.000000e+00,0.000000e+00,0.000000e+00,0.000000e+00,0.000000e+00,0.000000e+00,0.000000e+00,0.000000e+00,0.000000e+00,0.000000e+00,0.000000e+00
1.000000e+00,0.000000e+00,0.000000e+00,0.000000e+00,0.000000e+00,0.000000e+00,0.000000e+00,0.000000e+00,0.000000e+00,0.000000e+00,0.000000e+00,0.000000e+00,0.000000e+00,0.000000e+00,0.000000e+00
1.000000e+00,0.000000e+00,0.000000e+00,0.000000e+00,0.000000e+00,0.000000e+00,0.000000e+00,0.000000e+00,0.000000e+00,0.000000e+00,0.000000e+00,0.000000e+00,0.000000e+00,0.000000e+00,0.000000e+00
1.000000e+00,0.000000e+00,0.000000e+00,0.000000e+00,0.000000e+00,0.000000e+00,0.000000e+00,0.000000e+00,0.000000e+00,0.000000e+00,0.000000e+00,0.000000e+00,0.000000e+00,0.000000e+00,0.000000e+00
1.000000e+00,0.000000e+00,0.000000e+00,0.000000e+00,0.000000e+00,0.000000e+00,0.000000e+00,0.000000e+00,0.000000e+00,0.000000e+00,0.000000e+00,0.000000e+00,0.000000e+00,0.000000e+00,0.000000e+00
1.000000e+00,0.000000e+00,0.000000e+00,0.000000e+00,0.000000e+00,0.000000e+00,0.000000e+00,0.000000e+00,0.000000e+00,0.000000e+00,0.000000e+00,0.000000e+00,0.000000e+00,0.000000e+00,0.000000e+00
1.000000e+00,0.000000e+00,0.000000e+00,0.000000e+00,0.000000e+00,0.000000e+00,0.000000e+00,0.000000e+00,0.000000e+00,0.000000e+00,0.000000e+00,0.000000e+00,0.000000e+00,0.000000e+00,0.000000e+00
1.000000e+00,0.000000e+00,0.000000e+00,0.000000e+00,0.000000e+00,0.000000e+00,0.000000e+00,0.000000e+00,0.000000e+00,0.000000e+00,0.000000e+00,0.000000e+00,0.000000e+00,0.000000e+00,0.000000e+00
1.000000e+00,0.000000e+00,0.000000e+00,0.000000e+00,0.000000e+00,0.000000e+00,0.000000e+00,0.000000e+00,0.000000e+00,0.000000e+00,0.000000e+00,0.000000e+00,0.000000e+00,0.000000e+00,0.000000e+00
1.000000e+00,0.000000e+00,0.000000e+00,0.000000e+00,0.000000e+00,0.000000e+00,0.000000e+00,0.000000e+00,0.000000e+00,0.000000e+00,0.000000e+00,0.000000e+00,0.000000e+00,0.000000e+00,0.000000e+00
1.000000e+00,0.000000e+00,0.000000e+00,0.000000e+00,0.000000e+00,0.000000e+00,0.000000e+00,0.000000e+00,0.000000e+00,0.000000e+00,0.000000e+00,0.000000e+00,0.000000e+00,0.000000e+00,0.000000e+00
1.000000e+00,0.000000e+00,0.000000e+00,0.000000e+00,0.000000e+00,0.000000e+00,0.000000e+00,0.000000e+00,0.000000e+00,0.000000e+00,0.000000e+00,0.000000e+00,0.000000e+00,0.000000e+00,0.000000e+00
1.000000e+00,0.000000e+00,0.000000e+00,0.000000e+00,0.000000e+00,0.000000e+00,0.000000e+00,0.000000e+00,0.000000e+00,0.000000e+00,0.000000e+00,0.000000e+00,0.000000e+00,0.000000e+00,0.000000e+00
1.000000e+00,0.000000e+00,0.000000e+00,0.000000e+00,0.000000e+00,0.000000e+00,0.000000e+00,0.000000e+00,0.000000e+00,0.000000e+00,0.000000e+00,0.000000e+00,0.000000e+00,0.000000e+00,0.000000e+00
1.000000e+00,0.000000e+00,0.000000e+00,0.000000e+00,0.000000e+00,0.000000e+00,0.000000e+00,0.000000e+00,0.000000e+00,0.000000e+00,0.000000e+00,0.000000e+00,0.000000e+00,0.000000e+00,0.000000e+00
1.000000e+00,0.000000e+00,0.000000e+00,0.000000e+00,0.000000e+00,0.000000e+00,0.000000e+00,0.000000e+00,0.000000e+00,0.000000e+00,0.000000e+00,0.000000e+00,0.000000e+00,0.000000e+00,0.000000e+00
1.000000e+00,0.000000e+00,0.000000e+00,0.000000e+00,0.000000e+00,0.000000e+00,0.000000e+00,0.000000e+00,0.000000e+00,0.000000e+00,0.000000e+00,0.000000e+00,0.000000e+00,0.000000e+00,0.000000e+00
1.000000e+00,0.000000e+00,0.000000e+00,0.000000e+00,0.000000e+00,0.000000e+00,0.000000e+00,0.000000e+00,0.000000e+00,0.000000e+00,0.000000e+00,0.000000e+00,0.000000e+00,0.000000e+00,0.000000e+00
1.000000e+00,0.000000e+00,0.000000e+00,0.000000e+00,0.000000e+00,0.000000e+00,0.000000e+00,0.000000e+00,0.000000e+00,0.000000e+00,0.000000e+00,0.000000e+00,0.000000e+00,0.000000e+00,0.000000e+00
1.000000e+00,0.000000e+00,0.000000e+00,0.000000e+00,0.000000e+00,0.000000e+00,0.000000e+00,0.000000e+00,0.000000e+00,0.000000e+00,0.000000e+00,0.000000e+00,0.000000e+00,0.000000e+00,0.000000e+00
1.000000e+00,0.000000e+00,0.000000e+00,0.000000e+00,0.000000e+00,0.000000e+00,0.000000e+00,0.000000e+00,0.000000e+00,0.000000e+00,0.000000e+00,0.000000e+00,0.000000e+00,0.000000e+00,0.000000e+00
1.000000e+00,0.000000e+00,0.000000e+00,0.000000e+00,0.000000e+00,0.000000e+00,0.000000e+00,0.000000e+00,0.000000e+00,0.000000e+00,0.000000e+00,0.000000e+00,0.000000e+00,0.000000e+00,0.000000e+00
1.000000e+00,0.000000e+00,0.000000e+00,0.000000e+00,0.000000e+00,0.000000e+00,0.000000e+00,0.000000e+00,0.000000e+00,0.000000e+00,0.000000e+00,0.000000e+00,0.000000e+00,0.000000e+00,0.000000e+00
1.000000e+00,0.000000e+00,0.000000e+00,0.000000e+00,0.000000e+00,0.000000e+00,0.000000e+00,0.000000e+00,0.000000e+00,0.000000e+00,0.000000e+00,0.000000e+00,0.000000e+00,0.000000e+00,0.000000e+00
4.775425e-01,3.514707e-02,4.816187e-02,1.337059e-01,2.225356e-02,2.793916e-02,8.653981e-03,3.458839e-02,3.138600e-02,2.740964e-03,5.877864e-02,5.799662e-02,1.833824e-02,1.096870e-02,3.179836e-02
1.000000e+00,0.000000e+00,0.000000e+00,0.000000e+00,0.000000e+00,0.000000e+00,0.000000e+00,0.000000e+00,0.000000e+00,0.000000e+00,0.000000e+00,0.000000e+00,0.000000e+00,0.000000e+00,0.000000e+00
1.000000e+00,0.000000e+00,0.000000e+00,0.000000e+00,0.000000e+00,0.000000e+00,0.000000e+00,0.000000e+00,0.000000e+00,0.000000e+00,0.000000e+00,0.000000e+00,0.000000e+00,0.000000e+00,0.000000e+00
1.000000e+00,0.000000e+00,0.000000e+00,0.000000e+00,0.000000e+00,0.000000e+00,0.000000e+00,0.000000e+00,0.000000e+00,0.000000e+00,0.000000e+00,0.000000e+00,0.000000e+00,0.000000e+00,0.000000e+00
4.874277e-01,3.710328e-02,3.832465e-02,1.419984e-01,1.790011e-02,2.579129e-02,7.291885e-03,2.971798e-02,2.555357e-02,3.320961e-03,4.766814e-02,6.083613e-02,2.907862e-02,9.151298e-03,3.883599e-02
1.000000e+00,0.000000e+00,0.000000e+00,0.000000e+00,0.000000e+00,0.000000e+00,0.000000e+00,0.000000e+00,0.000000e+00,0.000000e+00,0.000000e+00,0.000000e+00,0.000000e+00,0.000000e+00,0.000000e+00
1.000000e+00,0.000000e+00,0.000000e+00,0.000000e+00,0.000000e+00,0.000000e+00,0.000000e+00,0.000000e+00,0.000000e+00,0.000000e+00,0.000000e+00,0.000000e+00,0.000000e+00,0.000000e+00,0.000000e+00
4.506968e-01,2.169801e-02,5.652346e-02,1.353389e-01,1.106177e-02,1.868627e-02,4.793802e-03,1.339080e-01,1.718978e-02,2.460403e-03,4.506326e-02,4.975460e-02,2.158299e-02,7.076672e-03,2.416513e-02
3.514252e-01,1.559924e-02,4.986908e-02,1.013233e-01,8.375184e-03,1.506298e-02,4.006665e-03,3.322999e-01,1.219956e-02,1.854127e-03,3.274592e-02,3.644022e-02,1.586827e-02,5.454132e-03,1.747621e-02
2.586179e-01,1.107413e-02,4.249866e-02,7.541421e-02,6.162217e-03,1.137121e-02,3.277428e-03,5.043727e-01,8.602040e-03,1.332639e-03,2.337754e-02,2.605495e-02,1.135747e-02,4.026302e-03,1.246047e-02
2.018145e-01,8.048114e-03,3.838297e-02,5.513980e-02,4.504970e-03,9.018078e-03,3.418187e-03,6.169108e-01,6.101281e-03,9.946425e-04,1.669743e-02,1.858324e-02,8.230567e-03,3.136534e-03,9.018919e-03
1.622827e-01,5.739634e-03,3.023851e-02,4.020273e-02,3.296733e-03,6.975582e-03,3.128130e-03,7.031113e-01,4.320859e-03,7.277580e-04,1.191465e-02,1.326724e-02,6.001292e-03,2.325972e-03,6.466842e-03
1.324205e-01,4.117012e-03,2.266894e-02,2.895749e-02,2.701488e-03,5.483745e-03,2.898628e-03,7.682672e-01,3.052017e-03,5.540911e-04,8.482019e-03,9.575278e-03,4.493709e-03,1.720656e-03,4.607302e-03
9.800439e-02,2.977932e-03,1.672984e-02,2.054234e-02,2.821257e-03,3.987982e-03,2.795177e-03,8.288397e-01,2.157361e-03,4.136929e-04,6.043247e-03,6.813712e-03,3.356339e-03,1.249653e-03,3.267395e-03
8.159815e-02,2.193120e-03,1.239786e-02,1.467964e-02,3.311826e-03,3.070614e-03,2.613314e-03,8.627644e-01,1.551491e-03,3.523080e-04,4.410913e-03,5.007453e-03,2.729018e-03,9.222347e-04,2.397719e-03
6.690978e-02,1.607337e-03,9.308794e-03,1.050962e-02,3.478916e-03,2.300288e-03,2.773192e-03,8.900478e-01,1.105669e-03,2.997487e-04,3.195163e-03,3.730236e-03,2.302605e-03,6.730781e-04,1.757822e-03
5.598680e-02,1.181690e-03,6.937706e-03,7.565096e-03,4.496769e-03,1.782871e-03,2.757666e-03,9.092532e-01,7.949150e-04,2.819785e-04,2.339407e-03,2.786204e-03,2.054574e-03,4.909104e-04,1.290257e-03
5.099352e-02,8.988351e-04,5.230649e-03,5.505500e-03,6.663576e-03,1.435113e-03,2.903349e-03,9.178994e-01,5.910894e-04,2.894425e-04,1.786764e-03,2.251679e-03,2.209166e-03,3.710658e-04,9.708341e-04
6.828142e-02,8.011762e-04,4.126451e-03,4.323031e-03,9.367885e-03,1.523146e-03,2.617443e-03,8.995383e-01,5.349820e-04,4.851463e-04,1.543509e-03,2.815655e-03,2.777222e-03,3.295143e-04,9.351359e-04
8.631207e-02,7.299240e-04,3.224363e-03,3.395358e-03,1.006377e-02,1.715205e-03,2.364640e-03,8.821577e-01,4.797861e-04,6.206731e-04,1.306731e-03,3.375317e-03,2.921492e-03,3.000826e-04,1.032948e-03
1.103231e-01,6.737962e-04,2.491417e-03,2.659337e-03,1.040076e-02,1.767769e-03,2.175668e-03,8.592668e-01,4.863364e-04,6.292874e-04,1.168586e-03,3.485911e-03,2.975585e-03,3.020737e-04,1.193608e-03
1.441412e-01,6.559509e-04,2.093154e-03,2.201035e-03,9.574283e-03,1.906976e-03,1.998172e-03,8.270749e-01,5.083429e-04,6.846802e-04,1.047699e-03,3.690191e-03,2.815471e-03,2.909648e-04,1.316972e-03
2.172360e-01,7.880951e-04,2.418325e-03,2.174153e-03,8.395425e-03,2.925590e-03,2.024550e-03,7.508554e-01,6.434480e-04,9.232286e-04,1.173428e-03,4.484051e-03,2.980435e-03,4.807641e-04,2.497026e-03
2.671510e-01,9.761587e-04,2.600946e-03,2.308592e-03,7.846038e-03,3.369088e-03,1.823786e-03,6.999406e-01,7.127175e-04,9.197474e-04,1.267489e-03,4.706133e-03,2.788151e-03,5.667612e-04,3.022832e-03
2.993762e-01,1.511433e-03,2.661518e-03,2.829794e-03,7.519200e-03,3.663698e-03,1.493396e-03,6.635833e-01,1.141088e-03,1.006111e-03,1.893044e-03,5.779526e-03,2.958866e-03,7.356359e-04,3.847217e-03
3.620295e-01,2.517380e-03,3.119682e-03,3.624596e-03,7.522633e-03,4.971941e-03,1.294242e-03,5.911930e-01,1.634565e-03,1.103212e-03,2.999934e-03,6.740066e-03,4.168834e-03,1.215051e-03,5.865435e-03
2.769152e-01,4.341344e-03,3.416116e-03,6.217027e-03,6.350073e-03,1.140058e-02,1.005403e-03,4.414403e-01,1.763483e-01,2.030127e-03,1.315726e-02,5.572286e-03,5.750361e-03,1.447857e-02,3.157716e-02
1.965766e-01,3.975435e-03,2.792227e-03,7.525061e-03,5.199469e-03,1.055901e-02,8.021761e-04,3.114364e-01,3.342364e-01,3.963814e-03,4.009197e-02,8.294596e-03,1.180813e-02,2.334798e-02,3.939072e-02
1.531363e-01,3.313555e-03,2.117788e-03,7.396821e-03,3.848758e-03,8.682434e-03,6.617209e-04,2.195863e-01,4.550149e-01,3.997533e-03,5.049349e-02,7.210490e-03,1.810040e-02,2.969954e-02,3.673997e-02
1.475501e-01,3.347730e-03,1.770956e-03,7.164308e-03,3.174929e-03,8.059474e-03,6.507788e-04,1.582689e-01,5.234485e-01,4.040212e-03,4.407131e-02,6.263766e-03,1.956838e-02,3.624885e-02,3.637187e-02
1.290262e-01,2.916828e-03,1.368743e-03,5.960944e-03,3.756575e-03,6.845714e-03,5.894155e-04,1.113177e-01,4.571790e-01,4.680583e-03,4.792359e-02,6.425962e-03,2.139024e-02,9.954444e-02,1.010740e-01
9.230785e-02,2.424320e-03,1.030295e-03,4.278501e-03,4.189997e-03,5.035860e-03,4.489658e-04,7.801355e-02,3.414902e-01,4.033106e-03,4.241970e-02,4.961198e-03,1.683971e-02,2.614863e-01,1.410405e-01
9.914500e-02,8.819464e-03,8.495588e-03,8.753728e-03,5.204944e-03,8.435993e-03,9.675004e-04,5.553963e-02,3.294006e-01,3.535288e-03,4.920859e-02,5.187807e-03,1.444143e-02,2.823641e-01,1.205004e-01
7.491469e-02,8.640539e-03,1.649350e-02,7.488622e-03,5.520897e-03,7.179037e-03,1.537239e-03,4.255050e-02,2.932779e-01,5.703148e-03,5.492973e-02,1.028161e-02,1.910460e-02,3.510169e-01,1.013612e-01
6.302129e-02,9.901784e-03,1.636199e-02,7.385439e-03,4.742747e-03,6.556131e-03,1.699979e-03,3.125194e-02,2.823173e-01,7.395888e-03,7.880412e-02,1.526707e-02,2.339150e-02,3.700928e-01,8.181014e-02
4.660662e-02,9.348804e-03,1.384319e-02,6.876799e-03,1.127798e-02,7.347043e-03,2.424028e-03,2.313015e-02,2.475687e-01,1.389806e-02,1.053974e-01,1.401250e-02,4.745189e-02,3.477491e-01,1.030678e-01
3.420842e-02,7.631448e-03,1.265679e-02,1.116969e-02,2.129246e-02,6.899276e-03,2.308295e-03,1.869715e-02,2.054851e-01,1.729568e-02,1.256512e-01,1.176686e-02,4.332849e-02,3.509771e-01,1.306320e-01
2.551904e-02,6.396216e-03,1.401713e-02,2.257316e-02,5.018124e-02,7.478802e-03,1.978660e-03,1.859201e-02,1.588457e-01,1.985485e-02,1.954662e-01,1.470053e-02,7.070042e-02,2.627350e-01,1.309611e-01
1.927861e-02,7.173037e-03,1.336597e-02,3.288077e-02,4.835898e-02,6.772851e-03,1.733792e-03,1.611207e-02,1.507936e-01,1.690681e-02,2.847272e-01,2.065786e-02,7.276032e-02,1.986842e-01,1.097939e-01
1.428753e-02,5.839968e-03,1.224277e-02,2.721957e-02,1.213132e-01,5.762556e-03,2.351182e-03,1.618386e-02,2.394840e-01,1.308187e-02,2.390232e-01,1.983903e-02,5.673784e-02,1.413903e-01,8.524312e-02
1.033472e-02,8.200523e-03,1.197103e-02,5.832046e-02,9.078874e-02,4.818947e-03,1.693523e-03,2.567253e-02,3.880991e-01,9.613136e-03,1.724988e-01,1.597276e-02,4.236353e-02,9.940547e-02,6.024669e-02
7.447010e-03,8.104818e-03,3.084166e-02,2.175630e-01,6.649560e-02,4.344827e-03,1.224010e-03,1.988734e-02,3.567240e-01,8.577933e-03,1.231794e-01,1.160313e-02,3.087336e-02,6.969523e-02,4.343864e-02
6.497978e-03,1.222143e-02,3.055915e-02,2.048004e-01,5.292665e-02,4.987513e-03,9.515351e-04,1.769836e-02,3.620326e-01,1.133932e-02,1.416734e-01,1.094189e-02,4.446616e-02,4.943630e-02,4.946733e-02
5.706321e-03,1.101972e-02,2.360831e-02,1.561456e-01,3.894392e-02,4.569618e-03,8.729671e-04,1.314638e-02,2.898197e-01,2.213080e-02,1.276739e-01,1.366413e-02,2.178640e-01,3.497565e-02,3.985905e-02
5.365968e-03,9.868966e-03,1.868952e-02,1.397198e-01,2.982581e-02,6.525113e-03,1.034108e-03,9.661975e-03,2.669316e-01,3.213269e-02,1.218410e-01,1.760622e-02,2.791871e-01,2.542247e-02,3.618762e-02
9.011757e-03,1.592159e-02,1.612750e-02,1.235279e-01,2.310687e-02,1.246748e-02,1.371699e-03,8.841203e-03,2.441555e-01,3.396793e-02,9.550986e-02,2.681886e-02,3.322788e-01,1.939625e-02,3.749691e-02
2.194674e-02,1.375921e-02,1.190708e-02,8.944222e-02,2.020526e-02,3.300618e-02,1.936819e-03,1.058418e-02,1.818514e-01,2.841409e-02,6.954432e-02,4.804013e-02,4.236596e-01,1.455698e-02,3.114575e-02
2.541430e-02,1.080542e-02,9.462317e-03,6.560040e-02,1.978637e-02,3.942741e-02,8.995665e-03,1.188236e-02,1.366286e-01,2.050742e-02,5.126071e-02,4.588071e-02,5.169398e-01,1.060413e-02,2.680440e-02
2.294857e-02,1.079775e-02,7.737217e-03,4.746759e-02,1.536438e-02,3.718978e-02,7.000302e-03,9.212271e-03,1.051032e-01,1.464527e-02,3.719798e-02,4.176784e-02,6.129125e-01,7.927325e-03,2.272799e-02
2.643759e-02,9.012661e-03,5.929853e-03,3.494608e-02,1.696797e-02,3.012685e-02,5.164223e-03,7.446852e-03,7.626047e-02,1.042189e-02,2.741965e-02,4.571842e-02,6.802930e-01,5.838340e-03,1.801614e-02
3.153261e-02,9.881404e-03,9.649958e-03,2.848197e-02,1.573373e-02,2.597276e-02,4.497790e-03,6.244578e-03,5.638071e-02,7.488265e-03,1.999683e-02,3.752396e-02,7.289218e-01,4.372566e-03,1.332108e-02
3.143251e-02,8.099751e-03,8.137928e-03,2.288699e-02,1.928455e-02,2.330483e-02,3.638470e-03,5.481370e-03,4.296497e-02,5.450782e-03,1.555909e-02,3.673434e-02,7.616596e-01,3.423126e-03,1.194166e-02
2.806437e-02,5.986871e-03,6.462676e-03,1.631876e-02,5.143315e-02,1.725773e-02,4.684510e-03,4.780881e-03,3.549593e-02,3.934945e-03,1.336777e-02,5.357609e-02,7.448955e-01,2.491903e-03,1.124885e-02
4.136717e-02,6.989350e-03,8.647926e-03,1.341415e-02,4.856680e-02,1.848547e-02,3.988201e-03,4.363688e-03,2.650383e-02,3.154455e-03,1.269309e-02,5.913813e-02,7.419792e-01,2.327676e-03,8.380866e-03
5.890827e-02,6.527882e-03,7.448752e-03,1.205666e-02,4.235334e-02,2.213634e-02,3.690678e-03,4.374584e-03,2.007407e-02,2.949567e-03,1.699215e-02,7.674915e-02,7.173411e-01,1.895334e-03,6.502070e-03
5.146342e-02,4.964838e-03,8.280025e-03,8.921054e-03,3.320802e-02,3.075177e-02,3.235100e-03,4.259099e-03,1.588172e-02,2.743711e-03,2.334706e-02,1.039337e-01,7.007636e-01,1.605113e-03,6.641859e-03
3.951523e-02,3.604106e-03,6.964116e-03,6.361765e-03,2.441672e-02,9.008454e-02,3.016406e-03,3.369434e-03,1.177766e-02,2.060133e-03,3.381324e-02,1.441208e-01,6.218740e-01,1.530454e-03,7.491459e-03
3.299483e-02,3.536473e-03,1.704078e-02,4.873192e-03,2.352889e-02,6.934597e-02,2.920628e-03,5.877444e-03,1.055072e-02,2.318345e-03,2.445109e-02,1.491653e-01,6.446923e-01,1.273732e-03,7.430392e-03
2.813215e-02,4.494392e-03,2.278494e-02,4.646716e-03,1.873074e-02,5.700754e-02,3.047970e-03,1.473731e-02,1.334735e-02,1.919057e-03,1.769691e-02,1.686892e-01,6.358474e-01,1.156177e-03,7.762226e-03
3.284326e-02,1.300477e-02,2.507622e-02,5.319504e-03,1.501200e-02,6.904965e-02,3.813802e-03,3.909629e-02,3.137650e-02,1.820945e-03,1.353052e-02,1.671508e-01,5.731038e-01,9.781691e-04,8.823872e-03
3.112143e-02,3.844477e-02,4.668738e-02,8.104000e-02,1.251640e-02,9.089786e-02,3.775072e-03,3.199229e-02,5.430688e-02,1.799233e-03,1.160319e-02,1.313933e-01,4.558060e-01,7.929064e-04,7.823197e-03
4.472849e-02,3.097202e-02,4.478158e-02,6.256850e-02,1.044184e-02,1.681235e-01,4.561790e-03,3.037509e-02,5.178559e-02,1.779991e-03,9.717709e-03,1.042419e-01,4.282723e-01,6.841776e-04,6.965504e-03
5.848535e-02,2.488417e-02,4.578306e-02,4.880255e-02,1.110525e-02,1.355281e-01,8.275660e-03,3.675891e-02,4.563453e-02,1.904675e-03,7.217884e-03,7.920201e-02,4.892442e-01,8.589362e-04,6.314597e-03
9.486323e-02,2.070527e-02,7.529424e-02,4.177251e-02,1.233937e-02,1.238174e-01,8.346134e-03,7.702317e-02,4.074876e-02,2.297422e-03,6.121915e-03,5.709015e-02,4.319282e-01,1.322615e-03,6.329569e-03
1.158915e-01,1.954585e-02,6.284350e-02,3.534484e-02,1.817445e-02,1.460634e-01,1.137117e-02,7.061458e-02,4.362576e-02,2.266512e-03,5.462449e-03,4.414243e-02,4.170125e-01,1.411366e-03,6.229613e-03
1.185972e-01,1.888639e-02,5.494022e-02,3.543515e-02,1.880496e-02,1.352370e-01,8.999822e-03,7.200664e-02,4.220595e-02,2.222098e-03,5.330828e-03,3.203374e-02,4.430088e-01,2.735821e-03,9.555381e-03
1.206507e-01,1.740199e-02,4.611096e-02,3.579605e-02,1.646300e-02,1.091923e-01,7.734948e-03,7.166138e-02,3.692972e-02,2.464498e-03,5.607393e-03,2.585593e-02,4.830721e-01,3.001889e-03,1.805714e-02
1.329728e-01,1.468818e-02,3.522060e-02,3.223616e-02,1.367687e-02,9.403153e-02,6.924258e-03,6.120402e-02,3.234167e-02,3.593823e-03,6.127178e-03,2.291871e-02,5.229716e-01,3.046945e-03,1.804563e-02
1.542191e-01,1.279273e-02,2.616087e-02,2.556142e-02,1.156554e-02,9.400481e-02,5.481559e-03,4.825286e-02,3.011037e-02,3.253805e-03,5.888439e-03,1.901231e-02,5.426276e-01,2.817617e-03,1.825093e-02
2.043687e-01,1.267314e-02,1.962081e-02,2.211150e-02,1.026582e-02,1.240514e-01,4.450100e-03,3.785617e-02,3.280525e-02,2.707834e-03,5.645222e-03,1.586716e-02,4.883907e-01,2.573009e-03,1.661327e-02
2.780640e-01,1.262712e-02,1.787806e-02,2.201014e-02,1.015208e-02,1.502679e-01,3.866757e-03,3.310601e-02,3.018011e-02,2.287648e-03,5.265961e-03,1.385715e-02,4.024296e-01,2.335161e-03,1.567237e-02
4.336750e-01,1.220053e-02,1.474959e-02,1.953630e-02,9.163499e-03,1.207187e-01,3.893548e-03,2.788662e-02,2.936957e-02,1.806250e-03,6.056914e-03,1.299787e-02,2.916052e-01,2.574930e-03,1.376546e-02
1.000000e+00,0.000000e+00,0.000000e+00,0.000000e+00,0.000000e+00,0.000000e+00,0.000000e+00,0.000000e+00,0.000000e+00,0.000000e+00,0.000000e+00,0.000000e+00,0.000000e+00,0.000000e+00,0.000000e+00
4.799721e-01,1.796077e-02,1.603854e-02,4.098465e-02,8.132005e-03,6.448520e-02,2.775238e-03,1.781800e-02,4.287572e-02,1.622873e-03,1.277820e-01,1.694321e-02,1.464613e-01,4.727161e-03,1.142122e-02
3.641885e-01,1.957614e-02,1.531807e-02,1.200430e-01,6.218053e-03,4.782853e-02,2.018949e-03,1.343851e-02,5.364737e-02,2.246675e-03,2.135555e-01,2.135269e-02,1.041771e-01,5.960745e-03,1.043024e-02
2.766377e-01,1.544749e-02,1.223018e-02,1.558833e-01,4.742707e-03,3.460530e-02,1.533574e-03,1.050046e-02,4.153726e-02,2.274798e-03,3.119350e-01,4.203090e-02,7.432608e-02,8.502925e-03,7.812342e-03
2.048114e-01,1.160089e-02,9.294851e-03,1.227190e-01,3.831613e-03,2.514400e-02,1.107026e-03,7.506192e-03,3.157782e-02,2.194402e-03,4.519023e-01,5.917843e-02,5.295216e-02,1.046225e-02,5.717794e-03
1.481604e-01,1.036176e-02,6.929187e-03,9.085198e-02,5.837861e-03,2.046294e-02,8.282711e-04,5.348244e-03,2.938942e-02,1.890273e-03,5.637355e-01,6.335026e-02,3.747475e-02,1.058462e-02,4.794562e-03
1.052765e-01,7.804709e-03,5.212676e-03,6.801841e-02,7.873463e-03,2.128506e-02,7.837150e-04,4.023427e-03,2.527219e-02,1.754605e-03,6.545110e-01,5.774649e-02,2.655181e-02,1.031840e-02,3.567716e-03
7.843208e-02,9.013082e-03,4.967436e-03,5.468897e-02,9.800297e-03,2.480262e-02,6.267676e-04,2.955448e-03,2.597101e-02,2.277508e-03,6.573983e-01,9.024842e-02,1.904440e-02,1.669343e-02,3.080298e-03
5.833201e-02,1.244606e-02,5.085126e-03,5.055561e-02,2.525747e-02,3.990293e-02,6.477189e-04,2.359712e-03,2.371949e-02,3.329172e-03,6.188219e-01,1.218157e-01,1.375764e-02,1.929998e-02,4.669565e-03
4.387271e-02,1.294491e-02,5.003789e-03,4.071692e-02,3.256636e-02,3.948122e-02,5.661434e-04,2.552138e-03,2.341608e-02,3.643832e-03,6.310474e-01,1.259443e-01,1.015784e-02,2.422208e-02,3.864222e-03
3.203951e-02,1.087412e-02,6.026622e-03,3.451484e-02,3.638614e-02,3.128282e-02,6.177666e-04,3.786915e-03,2.822098e-02,4.685902e-03,6.814566e-01,9.835456e-02,8.695331e-03,1.974536e-02,3.312625e-03
2.328917e-02,8.419176e-03,6.015417e-03,2.469173e-02,2.863011e-02,2.328429e-02,9.494704e-04,5.812871e-03,2.570664e-02,4.234903e-03,7.321134e-01,9.044965e-02,6.555115e-03,1.734855e-02,2.499572e-03
1.731980e-02,6.592567e-03,4.786959e-03,1.767916e-02,2.343864e-02,1.781159e-02,1.030425e-03,4.963536e-03,2.570795e-02,3.946391e-03,7.768509e-01,7.717340e-02,5.303185e-03,1.546617e-02,1.929304e-03
2.616556e-02,6.032412e-03,4.783213e-03,1.313215e-02,1.739456e-02,1.872901e-02,1.067808e-03,6.602138e-03,2.081608e-02,3.423986e-03,8.007292e-01,6.251661e-02,4.494821e-03,1.222907e-02,1.883456e-03
2.593785e-02,4.882437e-03,3.685983e-03,9.599071e-03,1.262269e-02,1.521650e-02,9.324279e-04,5.050789e-03,1.545603e-02,2.857509e-03,8.409312e-01,4.818550e-02,3.665260e-03,9.414058e-03,1.562703e-03
8.332331e-02,6.833117e-03,4.674112e-03,8.861260e-03,1.230088e-02,1.344954e-02,1.108103e-03,6.029493e-03,1.384493e-02,3.291311e-03,7.904944e-01,3.860326e-02,4.346831e-03,1.040558e-02,2.433948e-03
1.560735e-01,7.814037e-03,1.562617e-02,2.308945e-02,2.545059e-02,1.230261e-02,1.514683e-03,1.844689e-02,1.413835e-02,9.553917e-03,6.570243e-01,3.381609e-02,4.302003e-03,1.832416e-02,2.523245e-03
2.136950e-01,1.228554e-02,1.645065e-02,2.567297e-02,4.009082e-02,1.204602e-02,1.647801e-03,2.572791e-02,1.935973e-02,1.397153e-02,5.518282e-01,3.156419e-02,4.183021e-03,2.555315e-02,5.923447e-03
2.795302e-01,1.137976e-02,1.645059e-02,3.743650e-02,3.743581e-02,1.173699e-02,1.987172e-03,3.469704e-02,1.800290e-02,1.133724e-02,4.605354e-01,4.539578e-02,3.923708e-03,2.354958e-02,6.601315e-03
2.904910e-01,1.472060e-02,1.547074e-02,4.140085e-02,3.997913e-02,1.105590e-02,1.750256e-03,2.966899e-02,2.214032e-02,1.068196e-02,4.323894e-01,4.066179e-02,3.322294e-03,3.837505e-02,7.891722e-03
2.852275e-01,1.544107e-02,1.363386e-02,6.277892e-02,6.306771e-02,1.033738e-02,1.841446e-03,4.443509e-02,4.252528e-02,1.053346e-02,3.537429e-01,4.463294e-02,3.580996e-03,3.866934e-02,9.552137e-03
2.642378e-01,1.777658e-02,3.238443e-02,9.804107e-02,6.404902e-02,8.939327e-03,1.999954e-03,6.662260e-02,7.230709e-02,1.052172e-02,2.648857e-01,4.268426e-02,6.370707e-03,3.453918e-02,1.464056e-02
2.401898e-01,1.469055e-02,3.163600e-02,7.797390e-02,6.715669e-02,7.307466e-03,5.112708e-03,1.973718e-01,7.001305e-02,7.689214e-03,2.027610e-01,3.545439e-02,5.919792e-03,2.554405e-02,1.117966e-02
2.188258e-01,1.230570e-02,3.468998e-02,6.695876e-02,6.199227e-02,1.014351e-02,1.377410e-02,3.168211e-01,5.231850e-02,5.748642e-03,1.482754e-01,2.629423e-02,4.723291e-03,1.826675e-02,8.861966e-03
2.279234e-01,1.076847e-02,4.178574e-02,5.454353e-02,6.631241e-02,1.291272e-02,3.132769e-02,3.488440e-01,4.285320e-02,5.436270e-03,1.097286e-01,2.077338e-02,4.741174e-03,1.391880e-02,8.130625e-03
2.733996e-01,9.734223e-03,3.550062e-02,4.814040e-02,7.786074e-02,1.250300e-02,3.002018e-02,3.467647e-01,3.879192e-02,5.379981e-03,8.271470e-02,1.800535e-02,4.277592e-03,1.009836e-02,6.808721e-03
3.587787e-01,1.012682e-02,3.192172e-02,4.887229e-02,8.725912e-02,1.265630e-02,2.514776e-02,2.840082e-01,3.680103e-02,4.974528e-03,6.032224e-02,1.975800e-02,5.012211e-03,7.624101e-03,6.736970e-03
3.892538e-01,9.092523e-03,2.716535e-02,4.187351e-02,1.078513e-01,1.790896e-02,2.444464e-02,2.558376e-01,3.596783e-02,4.588334e-03,4.531270e-02,2.206168e-02,6.047301e-03,5.917191e-03,6.677390e-03
4.185448e-01,9.118567e-03,2.688355e-02,3.444095e-02,9.100153e-02,2.634988e-02,2.466295e-02,2.456691e-01,4.687075e-02,5.055842e-03,3.350548e-02,1.978736e-02,6.214900e-03,4.954749e-03,6.939550e-03
3.955270e-01,8.190135e-03,2.529372e-02,2.787095e-02,7.322979e-02,3.527775e-02,3.216980e-02,2.952780e-01,4.228939e-02,5.581484e-03,2.463998e-02,1.678839e-02,6.052424e-03,4.395138e-03,7.416038e-03
3.776427e-01,7.610689e-03,2.282809e-02,2.093626e-02,5.943190e-02,3.020185e-02,3.754267e-02,3.550291e-01,3.793557e-02,5.155689e-03,1.783187e-02,1.290002e-02,5.008620e-03,3.369670e-03,6.575388e-03
3.313614e-01,7.018032e-03,1.878305e-02,1.559185e-02,4.588634e-02,2.539303e-02,4.662120e-02,4.359643e-01,3.233061e-02,4.287638e-03,1.294758e-02,1.043445e-02,4.449338e-03,2.648671e-03,6.282596e-03
3.372169e-01,8.257443e-03,1.651048e-02,2.723686e-02,3.990274e-02,7.325585e-02,3.925258e-02,3.616406e-01,3.023081e-02,8.076986e-03,1.563788e-02,2.307805e-02,6.475404e-03,2.994077e-03,1.023334e-02
2.618849e-01,6.594215e-03,1.231028e-02,2.194038e-02,2.890872e-02,1.213444e-01,2.817845e-02,2.554937e-01,2.279976e-02,7.714014e-03,1.008265e-01,1.114952e-01,7.556938e-03,4.252386e-03,8.700282e-03
2.266422e-01,5.571038e-03,9.695264e-03,1.805719e-02,2.084280e-02,1.682095e-01,2.117520e-02,1.804900e-01,1.866581e-02,6.466794e-03,1.344524e-01,1.690135e-01,7.545929e-03,5.342372e-03,7.830023e-03
2.296802e-01,4.189285e-03,7.258654e-03,1.438335e-02,1.476395e-02,1.347897e-01,1.516457e-02,1.271203e-01,1.439220e-02,6.618589e-03,1.479927e-01,2.651162e-01,6.078834e-03,5.714626e-03,6.736890e-03
1.738320e-01,3.175272e-03,5.492000e-03,1.175577e-02,1.114192e-02,9.932192e-02,1.079972e-02,8.978002e-02,1.380377e-02,5.472478e-03,1.288798e-01,4.309003e-01,5.305482e-03,5.186169e-03,5.153386e-03
1.289330e-01,2.945660e-03,4.764314e-03,9.683417e-03,8.730249e-03,7.797567e-02,7.697201e-03,6.327283e-02,1.263987e-02,4.454657e-03,1.135756e-01,5.519704e-01,4.776220e-03,4.333169e-03,4.247739e-03
9.223004e-02,2.664615e-03,3.890348e-03,7.460902e-03,1.096068e-02,5.540630e-02,5.898572e-03,4.641625e-02,3.801835e-02,3.603518e-03,8.742615e-02,6.354091e-01,4.162939e-03,3.318177e-03,3.134135e-03
6.915554e-02,2.577173e-03,3.295584e-03,6.047647e-03,1.292570e-02,4.003311e-02,4.637417e-03,4.400968e-02,4.574144e-02,2.991667e-03,6.710925e-02,6.931275e-01,3.480079e-03,2.583386e-03,2.284833e-03
5.144967e-02,2.339057e-03,3.977309e-03,7.831936e-03,4.014415e-02,2.921935e-02,3.751956e-03,7.552271e-02,6.254026e-02,3.004167e-03,5.459946e-02,6.586913e-01,3.083263e-03,2.138362e-03,1.707014e-03
3.872794e-02,2.233475e-03,5.099518e-03,6.805649e-03,5.643949e-02,2.102128e-02,3.384136e-03,1.684453e-01,7.005576e-02,3.332997e-03,4.469160e-02,5.738091e-01,2.456576e-03,2.270337e-03,1.226871e-03
3.061893e-02,3.231843e-03,6.704417e-03,6.396255e-03,7.907866e-02,1.572658e-02,2.871876e-03,1.544944e-01,9.871926e-02,5.890493e-03,4.584727e-02,5.422347e-01,2.360892e-03,4.837688e-03,9.867225e-04
2.394799e-02,3.342888e-03,5.779045e-03,6.938058e-03,7.634833e-02,1.419561e-02,3.093054e-03,1.295971e-01,1.442360e-01,5.316143e-03,4.859272e-02,5.296839e-01,3.726579e-03,4.343431e-03,8.592182e-04
1.814158e-02,2.938650e-03,4.544759e-03,6.394918e-03,8.068220e-02,1.087635e-02,3.354801e-03,1.117382e-01,2.017936e-01,4.796507e-03,4.902011e-02,4.958975e-01,5.188031e-03,3.906753e-03,7.261320e-04
1.577539e-02,3.789782e-03,4.490298e-03,6.532335e-03,7.747874e-02,8.449126e-03,2.921050e-03,9.679896e-02,2.881975e-01,4.327523e-03,4.047379e-02,4.364730e-01,1.028727e-02,3.332087e-03,6.731919e-04
1.313752e-02,4.726611e-03,3.902608e-03,4.904422e-03,7.043859e-02,8.413370e-03,2.267620e-03,7.892787e-02,4.499578e-01,3.428507e-03,2.982396e-02,3.179003e-01,8.772769e-03,2.747141e-03,6.508697e-04
1.312941e-02,4.060249e-03,7.398686e-03,9.586590e-03,1.065817e-01,7.534908e-03,2.031038e-03,1.316381e-01,4.552905e-01,2.697089e-03,2.237793e-02,2.264508e-01,8.556544e-03,2.130479e-03,5.360647e-04
1.397068e-02,4.011163e-03,7.248255e-03,9.308624e-03,1.271141e-01,1.007032e-02,2.562172e-03,1.514849e-01,4.845288e-01,2.254405e-03,1.713284e-02,1.606360e-01,7.346361e-03,1.753734e-03,5.775755e-04
1.318277e-02,3.569504e-03,5.925916e-03,7.412074e-03,1.308193e-01,8.783981e-03,5.528351e-03,2.397143e-01,4.483693e-01,1.872239e-03,1.267844e-02,1.135172e-01,6.818715e-03,1.311348e-03,4.965210e-04
1.550911e-02,5.083007e-03,7.416932e-03,1.330470e-02,1.475871e-01,8.454293e-03,6.973594e-03,2.791539e-01,4.133994e-01,2.269821e-03,9.481614e-03,8.090581e-02,8.417304e-03,1.105299e-03,9.381901e-04
1.395912e-02,5.219040e-03,6.564462e-03,1.048887e-02,1.426393e-01,8.707158e-03,6.837302e-02,2.561030e-01,4.098765e-01,1.950160e-03,6.961715e-03,5.749721e-02,9.963229e-03,8.661287e-04,8.310183e-04
1.318699e-02,4.641976e-03,5.218285e-03,8.022781e-03,1.301149e-01,8.351728e-03,1.884679e-01,1.992574e-01,3.838659e-01,1.523318e-03,4.972825e-03,4.072854e-02,1.032580e-02,6.415712e-04,6.800354e-04
1.568937e-02,4.464880e-03,4.728906e-03,6.304784e-03,1.182229e-01,1.020378e-02,2.842779e-01,1.624743e-01,3.470075e-01,1.351025e-03,3.644311e-03,2.898874e-02,1.150340e-02,5.378412e-04,6.003187e-04
2.215775e-02,4.427711e-03,4.321209e-03,5.368936e-03,1.289676e-01,1.000973e-02,3.050861e-01,1.739897e-01,3.073897e-01,1.223891e-03,2.722893e-03,2.081391e-02,1.246974e-02,4.709843e-04,5.802185e-04
3.921632e-02,6.472172e-03,4.039980e-03,5.002419e-03,1.159155e-01,8.630284e-03,2.435356e-01,2.235330e-01,3.231148e-01,1.260179e-03,2.196693e-03,1.500654e-02,1.028272e-02,1.086602e-03,7.071664e-04
7.306950e-02,8.886648e-03,4.128437e-03,4.387133e-03,1.216832e-01,6.996025e-03,1.888246e-01,2.480433e-01,3.186489e-01,2.316185e-03,1.759148e-03,1.075600e-02,7.988444e-03,1.695417e-03,8.169580e-04
1.069648e-01,8.933747e-03,3.689991e-03,3.693857e-03,1.335477e-01,5.878844e-03,1.654176e-01,2.223587e-01,3.278839e-01,3.176023e-03,1.423312e-03,7.871490e-03,6.308749e-03,1.708837e-03,1.142444e-03
1.645525e-01,8.075515e-03,3.788306e-03,3.102381e-03,1.291899e-01,6.234748e-03,1.567142e-01,2.103654e-01,2.943233e-01,4.534287e-03,1.275276e-03,6.027232e-03,7.672858e-03,1.611838e-03,2.532255e-03
2.637890e-01,7.718969e-03,4.499657e-03,3.166118e-03,1.099933e-01,7.833876e-03,1.281241e-01,2.108504e-01,2.340067e-01,5.548596e-03,1.477559e-03,5.565273e-03,1.155201e-02,1.573224e-03,4.301165e-03
3.882090e-01,7.957329e-03,5.943279e-03,3.511235e-03,8.198783e-02,1.141863e-02,9.859255e-02,1.890380e-01,1.764682e-01,5.550258e-03,2.051931e-03,7.171048e-03,1.131091e-02,1.898199e-03,8.891606e-03
4.720293e-01,6.657692e-03,5.893086e-03,3.604433e-03,6.029984e-02,1.319933e-02,7.481228e-02,1.973509e-01,1.298533e-01,5.537551e-03,2.224447e-03,7.156729e-03,1.114289e-02,1.625917e-03,8.612345e-03
4.431322e-01,5.573969e-03,5.372198e-03,3.397307e-03,4.507586e-02,1.339085e-02,6.341136e-02,2.921517e-01,9.582581e-02,5.201513e-03,2.945346e-03,6.643262e-03,9.100732e-03,1.317532e-03,7.460388e-03
3.537728e-01,4.229380e-03,4.229893e-03,2.897120e-03,3.225398e-02,1.040992e-02,4.555129e-02,4.527149e-01,6.805617e-02,3.905484e-03,2.871299e-03,5.608498e-03,6.835134e-03,1.004506e-03,5.659694e-03
3.194498e-01,5.902351e-03,4.994842e-03,5.361592e-03,2.414774e-02,1.309739e-02,3.389787e-02,4.216863e-01,1.034775e-01,1.210257e-02,1.341718e-02,6.690376e-03,1.031619e-02,4.607725e-03,2.085070e-02
2.648889e-01,6.984624e-03,5.379936e-03,3.258316e-02,3.735875e-02,1.197378e-02,2.717206e-02,3.243814e-01,1.077761e-01,1.662941e-02,5.883745e-02,3.096819e-02,4.631877e-02,8.767713e-03,1.997987e-02
1.981657e-01,5.989623e-03,4.567778e-03,4.271132e-02,3.191276e-02,1.211807e-02,2.080257e-02,2.323511e-01,8.454680e-02,1.439038e-02,1.222509e-01,5.925738e-02,1.280306e-01,1.351428e-02,2.939073e-02
2.062624e-01,6.322631e-03,4.817153e-03,6.392824e-02,3.067576e-02,1.557620e-02,1.594850e-02,1.696175e-01,8.471921e-02,1.605811e-02,1.192020e-01,7.211863e-02,1.411596e-01,1.750983e-02,3.608415e-02
1.705259e-01,5.904873e-03,1.166621e-02,5.438690e-02,5.798654e-02,1.203975e-02,1.162479e-02,1.269061e-01,1.069256e-01,1.652422e-02,1.421501e-01,6.996682e-02,1.420902e-01,2.283265e-02,4.846939e-02
1.560180e-01,5.131498e-03,1.114398e-02,4.470236e-02,5.905335e-02,1.015923e-02,8.721447e-03,9.318724e-02,1.043301e-01,1.462335e-02,1.254558e-01,5.339551e-02,1.139860e-01,3.016773e-02,1.699243e-01
1.823963e-01,1.017242e-02,1.565226e-02,3.811781e-02,6.089744e-02,8.587987e-03,6.855122e-03,7.066987e-02,1.750085e-01,1.306655e-02,1.156283e-01,5.162553e-02,9.404309e-02,2.977391e-02,1.275049e-01
1.905971e-01,1.009567e-02,1.624608e-02,2.883175e-02,1.043288e-01,7.530464e-03,5.431063e-03,6.354993e-02,1.860072e-01,1.200046e-02,9.437703e-02,4.204684e-02,8.584423e-02,2.830353e-02,1.248099e-01
2.143723e-01,1.447624e-02,1.848654e-02,2.938330e-02,9.891960e-02,8.286057e-03,4.458056e-03,6.095764e-02,1.943303e-01,1.343904e-02,7.957376e-02,3.616562e-02,7.404967e-02,2.564204e-02,1.274599e-01
1.569447e-01,2.637198e-02,1.727060e-02,2.322907e-02,1.049138e-01,7.908192e-03,3.477500e-03,5.511769e-02,2.822329e-01,1.111420e-02,6.285588e-02,2.717666e-02,7.764242e-02,2.052276e-02,1.232217e-01
1.145918e-01,4.020564e-02,1.476180e-02,1.969105e-02,8.947279e-02,8.918497e-03,2.980365e-03,5.532222e-02,3.201451e-01,8.957511e-03,4.993398e-02,2.298431e-02,1.094128e-01,1.587443e-02,1.267478e-01
8.728254e-02,4.711931e-02,1.309173e-02,1.655773e-02,8.495818e-02,1.369204e-02,2.739717e-03,6.190226e-02,4.055074e-01,7.367335e-03,3.628423e-02,1.894194e-02,9.895814e-02,1.205087e-02,9.354664e-02
6.745127e-02,8.761333e-02,1.322204e-02,1.681901e-02,7.837236e-02,1.666231e-02,3.196639e-03,6.506399e-02,4.203612e-01,6.611336e-03,2.742252e-02,1.477007e-02,9.233100e-02,9.234077e-03,8.086887e-02
6.145664e-02,9.771162e-02,1.216007e-02,1.645498e-02,7.084790e-02,1.827302e-02,3.534097e-03,6.293122e-02,4.476032e-01,5.843318e-03,2.113470e-02,1.211962e-02,8.882346e-02,7.077964e-03,7.402820e-02
5.192018e-02,9.221477e-02,1.658721e-02,1.581245e-02,7.832904e-02,1.852945e-02,7.240910e-03,1.116162e-01,4.189010e-01,5.018981e-03,1.568786e-02,9.894684e-03,8.046255e-02,5.406849e-03,7.237782e-02
6.894934e-02,9.162647e-02,1.422707e-02,1.383773e-02,7.204519e-02,1.673752e-02,2.071528e-02,1.916902e-01,3.429471e-01,4.334432e-03,1.193705e-02,7.972510e-03,7.923613e-02,4.038191e-03,5.970576e-02
1.061502e-01,1.003357e-01,1.754977e-02,1.345981e-02,7.905209e-02,2.921774e-02,2.180963e-02,1.649839e-01,2.843840e-01,4.103541e-03,9.384368e-03,1.145381e-02,1.092787e-01,3.228245e-03,4.560847e-02
1.107522e-01,8.657837e-02,2.918258e-02,1.861243e-02,6.750169e-02,3.595426e-02,1.826293e-02,1.602667e-01,2.307733e-01,4.167852e-03,7.759816e-03,1.461845e-02,1.761056e-01,2.940878e-03,3.652290e-02
1.089636e-01,7.995395e-02,3.507743e-02,1.849468e-02,6.488971e-02,3.798481e-02,1.697808e-02,1.290516e-01,1.992285e-01,3.704931e-03,6.921281e-03,1.608280e-02,2.507828e-01,2.620602e-03,2.926522e-02
1.266419e-01,8.597880e-02,2.634258e-02,1.456878e-02,5.458892e-02,3.918678e-02,1.325188e-02,9.328951e-02,1.644493e-01,2.863158e-03,6.018156e-03,1.747859e-02,3.242373e-01,3.410251e-03,2.769409e-02
1.444019e-01,7.693215e-02,1.963094e-02,1.245485e-02,4.317567e-02,3.729556e-02,1.047088e-02,7.223739e-02,1.402391e-01,2.364050e-03,5.776935e-03,2.860039e-02,3.740617e-01,5.108126e-03,2.725034e-02
1.557933e-01,9.214452e-02,1.906245e-02,1.711558e-02,3.989289e-02,3.341495e-02,8.442060e-03,6.454140e-02,1.308369e-01,3.294156e-03,6.106058e-03,3.283608e-02,3.558882e-01,4.852314e-03,3.577904e-02
1.519440e-01,6.920642e-02,2.238117e-02,1.729126e-02,3.146002e-02,3.834283e-02,6.931663e-03,5.637202e-02,1.008522e-01,3.495238e-03,6.890601e-03,7.384329e-02,3.865413e-01,4.529951e-03,2.991790e-02
1.794652e-01,5.236313e-02,4.158195e-02,2.173154e-02,2.675956e-02,4.280489e-02,9.336086e-03,6.042834e-02,7.616199e-02,3.434884e-03,7.431802e-03,8.391702e-02,3.640326e-01,5.226704e-03,2.532428e-02
1.845332e-01,3.954989e-02,6.057084e-02,2.114082e-02,2.099854e-02,4.456003e-02,1.669795e-02,5.755382e-02,5.749901e-02,5.715675e-03,9.672033e-03,1.236420e-01,3.303348e-01,6.837586e-03,2.069380e-02
1.978688e-01,3.112584e-02,6.458648e-02,2.253424e-02,1.927132e-02,3.890535e-02,1.565624e-02,5.603815e-02,5.677720e-02,5.778738e-03,1.161720e-02,1.039462e-01,3.516784e-01,6.755282e-03,1.746049e-02
