1.000000e+00,0.000000e+00,0.000000e+00,0.000000e+00,0.000000e+00,0.000000e+00,0.000000e+00,0.000000e+00,0.000000e+00,0.000000e+00,0.000000e+00,0.000000e+00,0.000000e+00,0.000000e+00,0.000000e+00
1.000000e+00,0.000000e+00,0.000000e+00,0.000000e+00,0.000000e+00,0.000000e+00,0.000000e+00,0.000000e+00,0.000000e+00,0.000000e+00,0.000000e+00,0.000000e+00,0.000000e+00,0.000000e+00,0.000000e+00
1.000000e+00,0.000000e+00,0.000000e+00,0.000000e+00,0.000000e+00,0.000000e+00,0.000000e+00,0.000000e+00,0.000000e+00,0.000000e+00,0.000000e+00,0.000000e+00,0.000000e+00,0.000000e+00,0.000000e+00
1.000000e+00,0.000000e+00,0.000000e+00,0.000000e+00,0.000000e+00,0.000000e+00,0.000000e+00,0.000000e+00,0.000000e+00,0.000000e+00,0.000000e+00,0.000000e+00,0.000000e+00,0.000000e+00,0.000000e+00
1.000000e+00,0.000000e+00,0.000000e+00,0.000000e+00,0.000000e+00,0.000000e+00,0.000000e+00,0.000000e+00,0.000000e+00,0.000000e+00,0.000000e+00,0.000000e+00,0.000000e+00,0.000000e+00,0.000000e+00
1.000000e+00,0.000000e+00,0.000000e+00,0.000000e+00,0.000000e+00,0.000000e+00,0.000000e+00,0.000000e+00,0.000000e+00,0.000000e+00,0.000000e+00,0.000000e+00,0.000000e+00,0.000000e+00,0.000000e+00
1.000000e+00,0.000000e+00,0.000000e+00,0.000000e+00,0.000000e+00,0.000000e+00,0.000000e+00,0.000000e+00,0.000000e+00,0.000000e+00,0.000000e+00,0.000000e+00,0.000000e+00,0.000000e+00,0.000000e+00
1.000000e+00,0.000000e+00,0.000000e+00,0.000000e+00,0.000000e+00,0.000000e+00,0.000000e+00,0.000000e+00,0.000000e+00,0.000000e+00,0.000000e+00,0.000000e+00,0.000000e+00,0.000000e+00,0.000000e+00
1.000000e+00,0.000000e+00,0.000000e+00,0.000000e+00,0.000000e+00,0.000000e+00,0.000000e+00,0.000000e+00,0.000000e+00,0.000000e+00,0.000000e+00,0.000000e+00,0.000000e+00,0.000000e+00,0.000000e+00
1.000000e+00,0.000000e+00,0.000000e+00,0.000000e+00,0.000000e+00,0.000000e+00,0.000000e+00,0.000000e+00,0.000000e+00,0.000000e+00,0.000000e+00,0.000000e+00,0.000000e+00,0.000000e+00,0.000000e+00
1.000000e+00,0.000000e+00,0.000000e+00,0.000000e+00,0.000000e+00,0.000000e+00,0.000000e+00,0.000000e+00,0.000000e+00,0.000000e+00,0.000000e+00,0.000000e+00,0.000000e+00,0.000000e+00,0.000000e+00
1.000000e+00,0.000000e+00,0.000000e+00,0.000000e+00,0.000000e+00,0.000000e+00,0.000000e+00,0.000000e+00,0.000000e+00,0.000000e+00,0.000000e+00,0.000000e+00,0.000000e+00,0.000000e+00,0.000000e+00
1.000000e+00,0.000000e+00,0.000000e+00,0.000000e+00,0.000000e+00,0.000000e+00,0.000000e+00,0.000000e+00,0.000000e+00,0.000000e+00,0.000000e+00,0.000000e+00,0.000000e+00,0.000000e+00,0.000000e+00
1.000000e+00,0.000000e+00,0.000000e+00,0.000000e+00,0.000000e+00,0.000000e+00,0.000000e+00,0.000000e+00,0.000000e+00,0.000000e+00,0.000000e+00,0.000000e+00,0.000000e+00,0.000000e+00,0.000000e+00
1.000000e+00,0.000000e+00,0.000000e+00,0.000000e+00,0.000000e+00,0.000000e+00,0.000000e+00,0.000000e+00,0.000000e+00,0.000000e+00,0.000000e+00,0.000000e+00,0.000000e+00,0.000000e+00,0.000000e+00
1.000000e+00,0.000000e+00,0.000000e+00,0.000000e+00,0.000000e+00,0.000000e+00,0.000000e+00,0.000000e+00,0.000000e+00,0.000000e+00,0.000000e+00,0.000000e+00,0.000000e+00,0.000000e+00,0.000000e+00
1.000000e+00,0.000000e+00,0.000000e+00,0.000000e+00,0.000000e+00,0.000000e+00,0.000000e+00,0.000000e+00,0.000000e+00,0.000000e+00,0.000000e+00,0.000000e+00,0.000000e+00,0.000000e+00,0.000000e+00
1.000000e+00,0.000000e+00,0.000000e+00,0.000000e+00,0.000000e+00,0.000000e+00,0.000000e+00,0.000000e+00,0.000000e+00,0.000000e+00,0.000000e+00,0.000000e+00,0.000000e+00,0.000000e+00,0.000000e+00
1.000000e+00,0.000000e+00,0.000000e+00,0.000000e+00,0.000000e+00,0.000000e+00,0.000000e+00,0.000000e+00,0.000000e+00,0.000000e+00,0.000000e+00,0.000000e+00,0.000000e+00,0.000000e+00,0.000000e+00
1.000000e+00,0.000000e+00,0.000000e+00,0.000000e+00,0.000000e+00,0.000000e+00,0.000000e+00,0.000000e+00,0.000000e+00,0.000000e+00,0.000000e+00,0.000000e+00,0.000000e+00,0.000000e+00,0.000000e+00
1.000000e+00,0.000000e+00,0.000000e+00,0.000000e+00,0.000000e+00,0.000000e+00,0.000000e+00,0.000000e+00,0.000000e+00,0.000000e+00,0.000000e+00,0.000000e+00,0.000000e+00,0.000000e+00,0.000000e+00
1.000000e+00,0.000000e+00,0.000000e+00,0.000000e+00,0.000000e+00,0.000000e+00,0.000000e+00,0.000000e+00,0.000000e+00,0.000000e+00,0.000000e+00,0.000000e+00,0.000000e+00,0.000000e+00,0.000000e+00
1.000000e+00,0.000000e+00,0.000000e+00,0.000000e+00,0.000000e+00,0.000000e+00,0.000000e+00,0.000000e+00,0.000000e+00,0.000000e+00,0.000000e+00,0.000000e+00,0.000000e+00,0.000000e+00,0.000000e+00
1.000000e+00,0.000000e+00,0.000000e+00,0.000000e+00,0.000000e+00,0.000000e+00,0.000000e+00,0.000000e+00,0.000000e+00,0.000000e+00,0.000000e+00,0.000000e+00,0.000000e+00,0.000000e+00,0.000000e+00
1.000000e+00,0.000000e+00,0.000000e+00,0.000000e+00,0.000000e+00,0.000000e+00,0.000000e+00,0.000000e+00,0.000000e+00,0.000000e+00,0.000000e+00,0.000000e+00,0.000000e+00,0.000000e+00,0.000000e+00
1.000000e+00,0.000000e+00,0.000000e+00,0.000000e+00,0.000000e+00,0.000000e+00,0.000000e+00,0.000000e+00,0.000000e+00,0.000000e+00,0.000000e+00,0.000000e+00,0.000000e+00,0.000000e+00,0.000000e+00
1.000000e+00,0.000000e+00,0.000000e+00,0.000000e+00,0.000000e+00,0.000000e+00,0.000000e+00,0.000000e+00,0.000000e+00,0.000000e+00,0.000000e+00,0.000000e+00,0.000000e+00,0.000000e+00,0.000000e+00
1.000000e+00,0.000000e+00,0.000000e+00,0.000000e+00,0.000000e+00,0.000000e+00,0.000000e+00,0.000000e+00,0.000000e+00,0.000000e+00,0.000000e+00,0.000000e+00,0.000000e+00,0.000000e+00,0.000000e+00
1.000000e+00,0.000000e+00,0.000000e+00,0.000000e+00,0.000000e+00,0.000000e+00,0.000000e+00,0.000000e+00,0.000000e+00,0.000000e+00,0.000000e+00,0.000000e+00,0.000000e+00,0.000000e+00,0.000000e+00
1.000000e+00,0.000000e+00,0.000000e+00,0.000000e+00,0.000000e+00,0.000000e+00,0.000000e+00,0.000000e+00,0.000000e+00,0.000000e+00,0.000000e+00,0.000000e+00,0.000000e+00,0.000000e+00,0.000000e+00
1.000000e+00,0.000000e+00,0.000000e+00,0.000000e+00,0.000000e+00,0.000000e+00,0.000000e+00,0.000000e+00,0.000000e+00,0.000000e+00,0.000000e+00,0.000000e+00,0.000000e+00,0.000000e+00,0.000000e+00
1.000000e+00,0.000000e+00,0.000000e+00,0.000000e+00,0.000000e+00,0.000000e+00,0.000000e+00,0.000000e+00,0.000000e+00,0.000000e+00,0.000000e+00,0.000000e+00,0.000000e+00,0.000000e+00,0.000000e+00
1.000000e+00,0.000000e+00,0.000000e+00,0.000000e+00,0.000000e+00,0.000000e+00,0.000000e+00,0.000000e+00,0.000000e+00,0.000000e+00,0.000000e+00,0.000000e+00,0.000000e+00,0.000000e+00,0.000000e+00
1.000000e+00,0.000000e+00,0.000000e+00,0.000000e+00,0.000000e+00,0.000000e+00,0.000000e+00,0.000000e+00,0.000000e+00,0.000000e+00,0.000000e+00,0.000000e+00,0.000000e+00,0.000000e+00,0.000000e+00
1.000000e+00,0.000000e+00,0.000000e+00,0.000000e+00,0.000000e+00,0.000000e+00,0.000000e+00,0.000000e+00,0.000000e+00,0.000000e+00,0.000000e+00,0.000000e+00,0.000000e+00,0.000000e+00,0.000000e+00
1.000000e+00,0.000000e+00,0.000000e+00,0.000000e+00,0.000000e+00,0.000000e+00,0.000000e+00,0.000000e+00,0.000000e+00,0.000000e+00,0.000000e+00,0.000000e+00,0.000000e+00,0.000000e+00,0.000000e+00
1.000000e+00,0.000000e+00,0.000000e+00,0.000000e+00,0.000000e+00,0.000000e+00,0.000000e+00,0.000000e+00,0.000000e+00,0.000000e+00,0.000000e+00,0.000000e+00,0.000000e+00,0.000000e+00,0.000000e+00
1.000000e+00,0.000000e+00,0.000000e+00,0.000000e+00,0.000000e+00,0.000000e+00,0.000000e+00,0.000000e+00,0.000000e+00,0.000000e+00,0.000000e+00,0.000000e+00,0.000000e+00,0.000000e+00,0.000000e+00
1.000000e+00,0.000000e+00,0.000000e+00,0.000000e+00,0.000000e+00,0.000000e+00,0.000000e+00,0.000000e+00,0.000000e+00,0.000000e+00,0.000000e+00,0.000000e+00,0.000000e+00,0.000000e+00,0.000000e+00
1.000000e+00,0.000000e+00,0.000000e+00,0.000000e+00,0.000000e+00,0.000000e+00,0.000000e+00,0.000000e+00,0.000000e+00,0.000000e+00,0.000000e+00,0.000000e+00,0.000000e+00,0.000000e+00,0.000000e+00
1.000000e+00,0.000000e+00,0.000000e+00,0.000000e+00,0.000000e+00,0.000000e+00,0.000000e+00,0.000000e+00,0.000000e+00,0.000000e+00,0.000000e+00,0.000000e+00,0.000000e+00,0.000000e+00,0.000000e+00
1.000000e+00,0.000000e+00,0.000000e+00,0.000000e+00,0.000000e+00,0.000000e+00,0.000000e+00,0.000000e+00,0.000000e+00,0.000000e+00,0.000000e+00,0.000000e+00,0.000000e+00,0.000000e+00,0.000000e+00
1.000000e+00,0.000000e+00,0.000000e+00,0.000000e+00,0.000000e+00,0.000000e+00,0.000000e+00,0.000000e+00,0.000000e+00,0.000000e+00,0.000000e+00,0.000000e+00,0.000000e+00,0.000000e+00,0.000000e+00
1.000000e+00,0.000000e+00,0.000000e+00,0.000000e+00,0.000000e+00,0.000000e+00,0.000000e+00,0.000000e+00,0.000000e+00,0.000000e+00,0.000000e+00,0.000000e+00,0.000000e+00,0.000000e+00,0.000000e+00
1.000000e+00,0.000000e+00,0.000000e+00,0.000000e+00,0.000000e+00,0.000000e+00,0.000000e+00,0.000000e+00,0.000000e+00,0.000000e+00,0.000000e+00,0.000000e+00,0.000000e+00,0.000000e+00,0.000000e+00
1.000000e+00,0.000000e+00,0.000000e+00,0.000000e+00,0.000000e+00,0.000000e+00,0.000000e+00,0.000000e+00,0.000000e+00,0.000000e+00,0.000000e+00,0.000000e+00,0.000000e+00,0.000000e+00,0.000000e+00
1.000000e+00,0.000000e+00,0.000000e+00,0.000000e+00,0.000000e+00,0.000000e+00,0.000000e+00,0.000000e+00,0.000000e+00,0.000000e+00,0.000000e+00,0.000000e+00,0.000000e+00,0.000000e+00,0.000000e+00
1.000000e+00,0.000000e+00,0.000000e+00,0.000000e+00,0.000000e+00,0.000000e+00,0.000000e+00,0.000000e+00,0.000000e+00,0.000000e+00,0.000000e+00,0.000000e+00,0.000000e+00,0.000000e+00,0.000000e+00
1.000000e+00,0.000000e+00,0.000000e+00,0.000000e+00,0.000000e+00,0.000000e+00,0.000000e+00,0.000000e+00,0.000000e+00,0.000000e+00,0.000000e+00,0.000000e+00,0.000000e+00,0.000000e+00,0.000000e+00
1.000000e+00,0.000000e+00,0.000000e+00,0.000000e+00,0.000000e+00,0.000000e+00,0.000000e+00,0.000000e+00,0.000000e+00,0.000000e+00,0.000000e+00,0.000000e+00,0.000000e+00,0.000000e+00,0.000000e+00
1.000000e+00,0.000000e+00,0.000000e+00,0.000000e+00,0.000000e+00,0.000000e+00,0.000000e+00,0.000000e+00,0.000000e+00,0.000000e+00,0.000000e+00,0.000000e+00,0.000000e+00,0.000000e+00,0.000000e+00
1.000000e+00,0.000000e+00,0.000000e+00,0.000000e+00,0.000000e+00,0.000000e+00,0.000000e+00,0.000000e+00,0.000000e+00,0.000000e+00,0.000000e+00,0.000000e+00,0.000000e+00,0.000000e+00,0.000000e+00
1.000000e+00,0.000000e+00,0.000000e+00,0.000000e+00,0.000000e+00,0.000000e+00,0.000000e+00,0.000000e+00,0.000000e+00,0.000000e+00,0.000000e+00,0.000000e+00,0.000000e+00,0.000000e+00,0.000000e+00
1.000000e+00,0.000000e+00,0.000000e+00,0.000000e+00,0.000000e+00,0.000000e+00,0.000000e+00,0.000000e+00,0.000000e+00,0.000000e+00,0.000000e+00,0.000000e+00,0.000000e+00,0.000000e+00,0.000000e+00
1.000000e+00,0.000000e+00,0.000000e+00,0.000000e+00,0.000000e+00,0.000000e+00,0.000000e+00,0.000000e+00,0.000000e+00,0.000000e+00,0.000000e+00,0.000000e+00,0.000000e+00,0.000000e+00,0.000000e+00
1.000000e+00,0.000000e+00,0.000000e+00,0.000000e+00,0.000000e+00,0.000000e+00,0.000000e+00,0.000000e+00,0.000000e+00,0.000000e+00,0.000000e+00,0.000000e+00,0.000000e+00,0.000000e+00,0.000000e+00
1.000000e+00,0.000000e+00,0.000000e+00,0.000000e+00,0.000000e+00,0.000000e+00,0.000000e+00,0.000000e+00,0.000000e+00,0.000000e+00,0.000000e+00,0.000000e+00,0.000000e+00,0.000000e+00,0.000000e+00
1.000000e+00,0.000000e+00,0.000000e+00,0.000000e+00,0.000000e+00,0.000000e+00,0.000000e+00,0.000000e+00,0.000000e+00,0.000000e+00,0.000000e+00,0.000000e+00,0.000000e+00,0.000000e+00,0.000000e+00
1.000000e+00,0.000000e+00,0.000000e+00,0.000000e+00,0.000000e+00,0.000000e+00,0.000000e+00,0.000000e+00,0.000000e+00,0.000000e+00,0.000000e+00,0.000000e+00,0.000000e+00,0.000000e+00,0.000000e+00
1.000000e+00,0.000000e+00,0.000000e+00,0.000000e+00,0.000000e+00,0.000000e+00,0.000000e+00,0.000000e+00,0.000000e+00,0.000000e+00,0.000000e+00,0.000000e+00,0.000000e+00,0.000000e+00,0.000000e+00
1.000000e+00,0.000000e+00,0.000000e+00,0.000000e+00,0.000000e+00,0.000000e+00,0.000000e+00,0.000000e+00,0.000000e+00,0.000000e+00,0.000000e+00,0.000000e+00,0.000000e+00,0.000000e+00,0.000000e+00
1.000000e+00,0.000000e+00,0.000000e+00,0.000000e+00,0.000000e+00,0.000000e+00,0.000000e+00,0.000000e+00,0.000000e+00,0.000000e+00,0.000000e+00,0.000000e+00,0.000000e+00,0.000000e+00,0.000000e+00
4.274830e-01,6.583326e-02,4.243972e-02,9.115944e-02,1.146428e-02,6.632229e-02,2.909982e-03,1.080324e-02,5.621219e-03,8.342119e-03,1.683131e-01,5.296199e-02,1.227944e-02,7.299242e-03,2.676774e-02
3.011014e-01,5.304868e-02,3.161840e-02,6.544676e-02,8.225964e-03,4.725277e-02,2.064061e-03,7.641274e-03,4.145175e-03,1.189203e-02,3.602728e-01,7.129370e-02,8.979684e-03,6.080009e-03,2.093730e-02
2.131964e-01,4.458123e-02,2.358875e-02,4.801152e-02,7.224604e-03,4.352457e-02,1.687070e-03,5.752242e-03,2.188465e-02,2.388480e-02,3.714503e-01,1.425879e-01,7.046805e-03,1.127519e-02,3.430393e-02
1.493437e-01,3.155146e-02,1.658447e-02,3.368025e-02,5.200249e-03,3.186622e-02,1.187855e-03,4.033062e-03,1.569912e-02,6.733119e-02,4.986703e-01,1.048091e-01,5.001182e-03,1.034849e-02,2.469334e-02
1.047502e-01,2.364136e-02,1.183041e-02,2.380213e-02,4.566217e-03,2.580275e-02,1.014919e-03,2.889959e-03,1.459267e-02,2.783301e-01,3.985781e-01,7.973950e-02,3.661527e-03,8.486068e-03,1.831396e-02
7.348669e-02,1.747661e-02,8.305493e-03,1.679972e-02,3.793722e-03,2.170954e-02,7.511042e-04,2.075316e-03,1.204707e-02,3.932688e-01,3.625947e-01,6.476916e-02,2.748225e-03,7.155638e-03,1.301809e-02
5.154881e-02,1.310298e-02,5.847339e-03,1.190838e-02,3.215671e-03,1.816844e-02,5.339912e-04,1.464593e-03,1.006067e-02,5.371307e-01,2.795594e-01,5.045056e-02,2.229343e-03,5.568796e-03,9.210297e-03
3.630020e-02,1.289709e-02,4.190611e-03,8.515017e-03,2.561933e-03,1.783037e-02,3.838369e-04,1.054319e-03,9.164010e-03,6.424774e-01,2.128066e-01,3.780559e-02,2.372124e-03,4.989275e-03,6.651573e-03
2.556779e-02,9.581455e-03,2.941084e-03,6.072027e-03,1.875267e-03,2.420694e-02,2.725132e-04,7.456012e-04,7.720226e-03,6.893398e-01,1.891910e-01,3.100401e-02,2.498959e-03,4.256841e-03,4.726588e-03
1.833774e-02,9.849850e-03,2.168517e-03,5.164171e-03,3.083013e-03,2.717697e-02,2.252389e-04,5.817035e-04,1.445215e-02,7.397995e-01,1.426909e-01,2.654201e-02,3.026106e-03,3.413992e-03,3.488149e-03
1.330795e-02,8.032823e-03,1.650406e-03,4.072496e-03,5.392985e-03,2.635271e-02,2.401995e-04,5.267455e-04,1.977669e-02,7.853709e-01,1.049955e-01,2.148351e-02,3.525763e-03,2.626634e-03,2.644691e-03
9.679519e-03,6.700302e-03,1.245792e-03,2.926792e-03,4.711706e-03,2.297072e-02,1.881383e-04,3.945339e-04,1.889502e-02,8.292346e-01,7.758041e-02,1.694922e-02,4.355879e-03,2.171136e-03,1.996231e-03
7.287931e-03,8.586090e-03,1.380941e-03,2.069146e-03,3.887275e-03,2.061026e-02,1.545167e-04,3.172127e-04,1.465913e-02,8.520684e-01,6.545929e-02,1.336514e-02,6.247798e-03,2.103955e-03,1.802878e-03
5.502895e-03,6.473057e-03,1.025680e-03,1.510808e-03,3.115515e-03,2.215251e-02,1.441928e-04,2.691835e-04,1.599208e-02,8.663896e-01,5.022794e-02,1.372940e-02,9.791533e-03,2.283781e-03,1.391744e-03
4.122814e-03,5.210665e-03,1.122409e-03,1.150430e-03,2.911737e-03,1.969934e-02,1.647654e-04,2.664839e-04,1.426867e-02,8.672279e-01,4.206253e-02,1.470508e-02,2.356177e-02,2.392653e-03,1.132785e-03
3.288443e-03,4.351809e-03,1.492157e-03,8.885480e-04,2.407596e-03,1.586566e-02,1.625963e-04,2.204964e-04,1.068023e-02,8.834305e-01,3.464712e-02,1.633419e-02,2.147323e-02,3.502645e-03,1.254750e-03
2.733262e-03,3.623406e-03,1.454636e-03,6.300656e-04,1.979707e-03,1.158250e-02,1.212792e-04,1.663643e-04,7.653125e-03,9.030254e-01,2.959806e-02,1.345472e-02,1.917220e-02,3.616861e-03,1.188455e-03
2.222716e-03,4.082822e-03,2.565118e-03,4.599553e-04,1.684724e-03,1.247597e-02,1.081767e-04,1.879059e-04,5.915226e-03,9.028668e-01,3.446577e-02,1.107138e-02,1.640011e-02,4.383358e-03,1.109954e-03
2.926667e-03,9.137400e-03,4.293150e-02,5.932272e-04,1.532322e-03,1.478693e-02,1.726885e-04,8.554092e-04,4.871916e-03,8.614776e-01,3.258611e-02,8.158918e-03,1.219131e-02,6.474667e-03,1.303343e-03
9.448721e-03,1.485933e-02,8.232937e-02,9.403490e-04,2.827115e-03,1.289873e-02,2.762667e-04,1.512711e-03,5.003427e-03,8.177346e-01,2.740167e-02,5.933005e-03,9.084704e-03,7.602722e-03,2.147333e-03
1.689642e-02,1.145833e-02,6.558557e-02,9.062195e-04,5.427405e-03,1.135825e-02,1.117760e-03,2.316942e-03,4.382653e-03,8.428946e-01,1.945082e-02,4.216729e-03,6.541184e-03,5.801242e-03,1.645920e-03
4.264923e-02,1.207690e-02,5.605163e-02,1.573207e-03,8.829026e-03,1.357309e-02,2.162150e-03,6.608171e-03,7.049557e-03,8.189146e-01,1.422571e-02,4.024189e-03,5.444329e-03,4.765685e-03,2.052558e-03
5.513675e-02,1.260890e-02,5.682113e-02,2.266187e-03,8.260960e-03,2.464977e-02,2.296154e-03,5.554834e-03,6.181959e-03,8.005605e-01,1.073443e-02,3.830447e-03,5.058191e-03,3.737542e-03,2.302288e-03
5.229404e-02,1.117535e-02,4.549669e-02,2.283894e-03,7.443444e-03,2.440255e-02,2.117553e-03,4.187625e-03,5.554133e-03,8.237956e-01,8.292439e-03,3.278247e-03,4.047488e-03,2.925382e-03,2.705621e-03
6.339347e-02,1.977543e-02,3.568818e-02,2.184453e-03,7.086371e-03,3.359166e-02,1.821119e-03,3.656478e-03,7.738842e-03,7.849979e-01,1.691405e-02,5.985320e-03,5.447554e-03,4.203163e-03,7.515903e-03
6.641946e-02,3.988453e-02,3.660852e-02,7.191081e-03,8.076002e-03,3.969701e-02,1.725524e-03,2.920004e-03,1.038247e-02,5.969602e-01,5.316092e-02,9.996656e-02,1.285717e-02,6.718995e-03,1.743153e-02
8.274378e-02,4.179349e-02,3.698461e-02,8.267844e-03,8.724961e-03,4.850624e-02,1.552402e-03,2.832358e-03,1.415860e-02,5.358880e-01,5.951080e-02,1.025698e-01,1.970658e-02,1.147497e-02,2.528553e-02
9.126380e-02,3.562657e-02,3.633689e-02,8.075424e-03,7.180769e-03,4.404962e-02,1.254332e-03,3.083894e-03,1.186960e-02,5.444579e-01,6.323063e-02,9.972766e-02,2.064110e-02,1.294149e-02,2.026026e-02
7.881032e-02,3.041438e-02,4.343396e-02,1.575155e-02,7.625779e-03,4.007532e-02,1.200177e-03,3.697515e-03,1.208813e-02,3.942363e-01,1.193092e-01,2.025617e-01,1.877849e-02,1.271608e-02,1.930107e-02
1.157178e-01,2.757924e-02,5.156885e-02,2.185760e-02,1.058997e-02,5.758146e-02,1.849854e-03,7.940326e-03,1.208437e-02,2.833984e-01,1.452440e-01,2.151716e-01,1.586325e-02,1.299372e-02,2.055949e-02
2.667372e-01,2.259638e-02,4.216615e-02,2.698767e-02,1.238667e-02,5.090017e-02,3.374494e-03,1.321154e-02,1.285495e-02,2.019150e-01,1.180477e-01,1.817299e-01,1.320900e-02,1.204367e-02,2.183954e-02
3.422510e-01,1.995567e-02,3.539413e-02,3.090134e-02,1.075703e-02,6.177118e-02,3.426929e-03,1.148512e-02,1.268410e-02,1.432610e-01,9.920622e-02,1.812793e-01,1.112895e-02,1.411453e-02,2.238343e-02
2.523336e-01,2.084661e-02,2.795694e-02,2.603453e-02,1.169751e-02,6.997431e-02,3.344498e-03,9.803414e-03,1.133598e-02,1.038137e-01,1.882675e-01,2.290707e-01,8.468574e-03,1.670339e-02,2.034882e-02
1.783929e-01,1.542950e-02,2.065078e-02,1.897989e-02,9.279210e-03,5.207267e-02,2.495054e-03,7.269379e-03,9.677093e-03,8.262608e-02,2.644435e-01,2.992276e-01,6.355340e-03,1.717618e-02,1.592487e-02
1.262154e-01,1.166473e-02,1.557282e-02,1.356365e-02,7.514766e-03,3.972200e-02,1.882170e-03,5.315814e-03,8.264276e-03,6.234118e-02,2.872208e-01,3.839082e-01,4.899912e-03,1.932394e-02,1.259044e-02
1.001806e-01,9.307568e-03,1.342278e-02,1.034536e-02,6.369245e-03,3.078572e-02,1.827227e-03,5.686117e-03,1.557837e-02,5.029155e-02,3.610846e-01,3.530424e-01,3.703497e-03,2.671687e-02,1.165821e-02
8.438946e-02,7.439738e-03,1.159683e-02,7.753192e-03,5.495122e-03,2.881639e-02,1.901007e-03,5.748234e-03,1.612145e-02,4.296227e-02,4.042293e-01,3.327106e-01,3.132886e-03,3.774019e-02,9.963341e-03
6.081808e-02,5.940354e-03,1.245447e-02,5.653920e-03,5.578885e-03,4.306278e-02,3.027476e-03,5.472454e-03,1.333290e-02,4.047487e-02,4.448800e-01,3.134612e-01,2.682741e-03,3.561582e-02,7.544082e-03
4.619626e-02,4.384953e-03,9.173534e-03,4.006111e-03,4.677092e-03,3.432805e-02,2.449546e-03,4.067160e-03,1.067868e-02,5.207326e-02,5.402128e-01,2.436635e-01,2.175476e-03,3.612781e-02,5.785759e-03
4.066744e-02,4.255378e-03,2.756505e-02,3.662255e-03,5.657714e-03,6.369878e-02,8.540998e-03,8.670641e-03,9.064168e-03,5.815663e-02,4.995377e-01,2.273591e-01,1.982871e-03,3.631285e-02,4.868395e-03
2.940286e-02,3.255595e-03,1.938338e-02,2.647847e-03,4.748736e-03,4.956627e-02,6.346180e-03,6.197757e-03,7.152856e-03,5.843078e-02,6.129305e-01,1.670947e-01,1.831242e-03,2.712978e-02,3.881507e-03
2.105531e-02,3.076283e-03,1.377959e-02,1.926629e-03,5.700562e-03,3.599308e-02,4.765223e-03,4.430503e-03,7.504730e-03,8.315344e-02,6.453605e-01,1.420629e-01,1.957552e-03,2.568802e-02,3.545640e-03
1.589732e-02,5.361820e-03,9.956191e-03,1.421153e-03,4.886078e-03,2.589723e-02,3.687940e-03,3.211939e-03,8.227384e-03,1.541924e-01,5.709910e-01,1.653436e-01,1.736974e-03,2.593680e-02,3.252161e-03
1.149351e-02,1.167585e-02,7.225779e-03,1.124405e-03,7.897910e-03,1.922710e-02,3.264952e-03,2.713745e-03,3.637783e-02,2.838187e-01,4.410619e-01,1.489159e-01,1.379972e-03,2.079358e-02,3.028994e-03
8.433351e-03,1.012065e-02,5.187979e-03,8.547488e-04,6.924035e-03,1.477918e-02,2.799695e-03,2.083775e-03,3.004979e-02,3.672329e-01,4.171109e-01,1.143660e-01,1.182997e-03,1.559209e-02,3.281882e-03
6.016604e-03,1.770513e-02,3.889310e-03,6.820026e-04,5.652171e-03,1.497089e-02,2.453473e-03,1.555594e-03,3.217839e-02,4.871051e-01,3.285143e-01,8.252182e-02,2.342659e-03,1.112606e-02,3.286492e-03
4.547100e-03,5.327927e-02,4.157910e-03,6.254269e-04,6.002110e-03,1.888758e-02,2.812927e-03,1.296515e-03,3.083790e-02,5.353165e-01,2.654439e-01,6.088472e-02,2.238422e-03,8.659566e-03,5.010212e-03
3.900565e-03,4.065819e-02,3.328088e-03,5.302291e-04,1.066205e-02,1.484218e-02,2.266786e-03,1.241083e-03,2.597670e-02,6.386691e-01,2.007181e-01,4.408557e-02,2.851909e-03,6.503328e-03,3.766184e-03
5.383567e-03,3.517251e-02,5.545760e-03,9.404243e-04,5.599800e-02,1.751786e-02,4.426639e-03,6.933313e-03,2.595760e-02,6.530719e-01,1.447556e-01,3.265386e-02,3.631079e-03,5.092433e-03,2.919381e-03
1.239011e-02,7.123812e-02,9.911999e-03,1.017907e-03,6.447558e-02,1.695593e-02,3.913492e-03,6.757282e-03,4.880697e-02,6.138642e-01,1.121751e-01,2.678238e-02,4.239614e-03,4.386514e-03,3.084835e-03
2.127156e-02,9.830773e-02,9.172068e-03,2.112716e-03,8.572151e-02,1.621076e-02,3.593858e-03,8.368995e-03,9.569205e-02,5.331321e-01,8.766051e-02,2.277548e-02,3.748836e-03,3.619485e-03,8.612419e-03
2.779862e-02,9.534577e-02,7.303028e-03,3.060056e-03,7.474296e-02,1.879526e-02,3.168999e-03,8.191934e-03,1.448885e-01,4.862495e-01,7.276644e-02,3.627810e-02,5.397886e-03,3.677011e-03,1.233605e-02
2.923680e-02,9.465248e-02,8.457839e-03,3.420958e-03,7.221177e-02,4.130308e-02,1.023518e-02,4.558191e-02,1.540663e-01,4.299147e-01,6.298572e-02,2.887900e-02,5.419727e-03,3.649569e-03,9.984918e-03
2.434032e-02,7.221049e-02,6.384563e-03,4.030688e-03,5.843754e-02,1.250021e-01,7.511033e-03,3.264683e-02,1.714521e-01,3.269394e-01,6.821148e-02,5.596906e-02,3.253073e-02,3.401604e-03,1.093209e-02
1.825183e-02,5.612900e-02,4.824349e-03,3.767552e-03,4.303806e-02,1.234849e-01,5.353348e-03,2.324838e-02,1.810630e-01,2.497685e-01,1.135897e-01,9.190056e-02,7.207572e-02,3.113255e-03,1.039180e-02
1.363056e-02,4.030330e-02,3.464588e-03,2.976415e-03,3.045691e-02,1.068589e-01,3.781388e-03,1.644870e-02,1.468182e-01,1.841381e-01,1.351904e-01,2.100563e-01,9.538850e-02,2.373294e-03,8.114444e-03
1.039536e-02,2.887271e-02,2.604146e-03,2.775879e-03,2.187459e-02,1.054484e-01,2.746898e-03,1.205556e-02,1.290885e-01,1.465590e-01,1.355838e-01,2.662025e-01,1.269752e-01,1.849465e-03,6.967957e-03
8.244922e-03,2.058850e-02,1.895827e-03,2.297168e-03,1.568085e-02,1.126906e-01,2.015914e-03,8.719649e-03,9.631005e-02,1.129772e-01,1.157695e-01,2.778644e-01,2.147968e-01,1.881471e-03,8.267133e-03
6.367072e-03,1.656700e-02,1.470285e-03,1.964877e-03,1.171966e-02,8.659664e-02,1.626476e-03,6.320958e-03,9.138552e-02,8.447241e-02,1.023964e-01,3.584006e-01,2.148382e-01,2.865836e-03,1.300811e-02
5.358250e-03,1.350412e-02,1.283719e-03,1.835369e-03,9.719510e-03,6.779894e-02,1.685449e-03,5.340162e-03,9.960905e-02,6.494869e-02,9.397131e-02,3.962014e-01,2.195605e-01,3.210515e-03,1.597300e-02
6.635692e-03,1.315166e-02,1.160422e-03,2.495671e-03,8.104315e-03,8.204479e-02,1.698773e-03,5.081396e-03,1.323532e-01,4.896634e-02,7.452027e-02,4.309313e-01,1.754739e-01,3.012540e-03,1.436982e-02
6.437323e-03,1.455672e-02,1.595915e-03,3.347056e-03,1.000520e-02,7.981931e-02,3.034103e-03,4.351079e-03,2.023010e-01,3.576437e-02,6.021002e-02,4.299631e-01,1.340968e-01,2.642595e-03,1.187542e-02
7.214426e-03,1.265326e-02,1.659597e-03,3.175500e-03,1.303348e-02,7.678304e-02,7.418216e-03,4.200977e-03,2.783545e-01,2.647788e-02,4.807705e-02,4.107546e-01,9.929409e-02,1.981098e-03,8.922328e-03
1.467553e-02,1.354438e-02,1.610742e-03,2.616796e-03,1.364799e-02,9.246927e-02,9.153284e-03,5.925265e-03,3.041306e-01,2.061149e-02,3.771591e-02,4.027503e-01,7.282089e-02,1.665385e-03,6.662150e-03
1.526428e-02,1.315560e-02,2.191568e-03,2.269318e-03,2.029421e-02,9.637163e-02,1.305098e-02,1.092062e-02,3.244040e-01,1.779544e-02,2.939025e-02,3.956334e-01,5.282632e-02,1.516534e-03,4.915874e-03
2.778959e-02,1.467321e-02,2.127761e-03,1.956315e-03,1.831074e-02,1.461539e-01,1.110058e-02,9.669909e-03,2.688716e-01,1.570079e-02,2.543329e-02,4.136428e-01,3.919947e-02,1.366389e-03,4.003658e-03
3.020528e-02,1.311628e-02,1.840226e-03,1.726149e-03,2.812256e-02,1.383060e-01,1.493038e-02,8.313370e-03,3.297092e-01,1.522572e-02,2.100325e-02,3.639642e-01,2.907438e-02,1.364007e-03,3.098999e-03
3.073676e-02,1.244543e-02,2.096110e-03,1.716423e-03,2.855780e-02,2.735082e-01,1.291536e-02,9.640660e-03,2.799132e-01,1.415357e-02,1.676088e-02,2.875966e-01,2.612641e-02,1.345656e-03,2.486921e-03
2.605082e-02,1.409986e-02,1.669816e-03,1.395913e-03,2.506772e-02,3.524975e-01,9.556288e-03,8.266219e-03,2.748531e-01,1.243061e-02,1.283265e-02,2.360289e-01,2.163349e-02,1.581818e-03,2.035311e-03
2.056089e-02,1.455982e-02,1.331890e-03,1.083743e-03,2.002092e-02,4.175419e-01,6.984178e-03,7.234446e-03,2.431790e-01,1.106718e-02,1.036417e-02,2.234826e-01,1.930434e-02,1.622505e-03,1.662349e-03
1.665495e-02,2.215592e-02,1.130660e-03,1.000813e-03,1.911422e-02,4.372130e-01,5.124742e-03,6.140533e-03,2.484936e-01,1.043801e-02,8.821311e-03,2.026902e-01,1.759895e-02,1.658664e-03,1.764417e-03
1.575889e-02,3.110693e-02,1.197427e-03,1.350775e-03,2.169570e-02,4.182025e-01,4.204997e-03,6.890424e-03,2.603330e-01,1.149152e-02,7.866438e-03,1.884198e-01,2.733489e-02,1.858443e-03,2.288383e-03
1.578487e-02,3.137775e-02,1.520389e-03,3.600132e-03,4.255685e-02,3.625078e-01,6.743042e-03,1.379101e-02,2.618527e-01,1.814972e-02,7.539140e-03,1.542366e-01,7.447281e-02,1.831880e-03,4.035263e-03
1.870854e-02,3.837481e-02,1.286074e-03,4.229779e-03,4.243404e-02,3.228999e-01,5.718246e-03,1.094607e-02,2.794608e-01,1.983189e-02,6.373888e-03,1.203898e-01,1.154836e-01,1.536547e-03,1.232603e-02
1.940262e-02,3.306083e-02,1.378522e-03,4.948006e-03,7.457218e-02,2.592129e-01,2.313822e-02,1.244329e-02,2.954921e-01,1.935854e-02,4.955146e-03,9.200227e-02,1.480327e-01,1.171990e-03,1.083078e-02
1.930039e-02,3.548823e-02,4.277256e-03,2.766910e-02,6.483349e-02,2.871227e-01,2.021234e-02,1.706935e-02,2.770033e-01,2.044474e-02,5.337334e-03,6.854399e-02,1.298313e-01,1.134587e-03,2.173195e-02
2.083465e-02,3.477285e-02,3.568938e-03,2.107105e-02,4.831172e-02,3.648955e-01,1.759691e-02,1.380251e-02,2.455576e-01,1.707041e-02,5.131484e-03,5.215145e-02,1.284271e-01,1.008340e-03,2.579946e-02
2.675908e-02,4.148622e-02,5.487049e-03,2.135079e-02,3.832005e-02,3.734479e-01,1.882664e-02,1.435887e-02,2.108645e-01,1.591874e-02,5.808267e-03,4.247311e-02,1.422110e-01,9.566441e-04,4.173104e-02
2.700171e-02,6.033601e-02,1.726186e-02,4.208654e-02,2.935613e-02,3.083199e-01,1.523546e-02,1.092067e-02,1.899904e-01,2.102600e-02,1.162785e-02,5.517465e-02,1.383129e-01,1.237791e-03,7.211209e-02
2.045883e-02,4.494666e-02,1.707248e-02,3.374225e-02,2.107184e-02,2.229292e-01,1.187942e-02,7.850778e-03,1.371668e-01,1.632349e-02,8.992312e-03,3.986170e-02,3.583777e-01,9.264836e-04,5.840013e-02
2.135771e-02,3.618947e-02,1.785390e-02,3.994454e-02,1.703866e-02,1.708513e-01,9.567116e-03,6.212601e-03,1.026567e-01,1.402713e-02,9.374470e-03,3.313744e-02,4.673427e-01,1.419738e-03,5.302655e-02
3.052524e-02,2.880054e-02,1.431135e-02,3.600971e-02,1.488123e-02,1.332232e-01,8.516069e-03,4.742311e-03,8.292336e-02,1.180449e-02,1.158402e-02,3.403357e-02,5.145401e-01,2.271258e-03,7.183355e-02
2.620734e-02,2.134660e-02,1.054900e-02,2.737739e-02,1.195018e-02,1.034166e-01,6.574829e-03,3.694924e-03,6.089592e-02,9.308252e-03,2.179681e-02,3.930887e-02,5.954314e-01,3.839744e-03,5.830213e-02
1.868762e-02,1.497625e-02,7.496773e-03,1.969520e-02,8.792865e-03,7.297558e-02,4.946457e-03,5.609416e-03,4.411756e-02,7.608857e-03,5.461914e-02,3.633308e-02,6.184841e-01,3.154719e-03,8.250247e-02
1.317925e-02,1.049814e-02,5.467451e-03,1.399177e-02,6.270677e-03,5.137554e-02,3.679687e-03,4.108760e-02,3.148350e-02,6.453430e-03,6.148689e-02,2.934284e-02,6.440752e-01,2.309402e-03,7.929865e-02
9.683475e-03,7.449883e-03,4.571795e-03,1.052597e-02,4.538181e-03,3.620166e-02,3.078893e-03,4.506767e-02,2.319101e-02,7.070757e-03,6.000283e-02,2.333494e-02,6.205467e-01,1.786877e-03,1.429493e-01
6.907604e-03,5.275745e-03,3.908376e-03,7.704932e-03,3.262771e-03,2.548715e-02,2.811131e-03,1.147418e-01,1.737671e-02,6.323730e-03,6.321664e-02,1.967012e-02,5.782355e-01,1.349692e-03,1.437280e-01
4.896295e-03,3.736261e-03,2.996361e-03,5.752091e-03,2.334650e-03,1.791375e-02,2.902472e-03,3.218433e-01,1.252679e-02,4.946339e-03,5.038467e-02,1.506302e-02,4.259177e-01,9.875040e-04,1.277987e-01
3.518309e-03,2.716969e-03,2.412329e-03,4.298962e-03,1.703612e-03,1.263380e-02,3.328845e-03,4.995931e-01,9.101293e-03,3.578739e-03,3.915280e-02,1.095353e-02,3.009419e-01,7.569585e-04,1.053088e-01
2.630260e-03,2.010745e-03,2.135292e-03,3.604596e-03,1.292330e-03,8.953354e-03,3.908315e-03,6.086162e-01,6.710666e-03,2.639520e-03,2.969735e-02,8.063884e-03,2.122067e-01,6.318242e-04,1.068989e-01
3.115580e-03,4.816321e-03,3.808002e-03,3.488792e-03,1.466243e-03,7.880503e-03,5.622335e-03,6.152668e-01,1.124349e-02,4.774638e-03,2.459257e-02,6.863429e-03,1.512321e-01,1.115398e-03,1.547137e-01
3.253662e-03,7.321717e-03,6.270585e-03,3.317401e-03,2.322133e-03,5.962708e-03,6.129093e-03,5.923510e-01,1.740317e-02,5.103746e-03,2.416173e-02,7.828834e-03,1.093454e-01,1.471314e-03,2.077574e-01
3.093890e-03,7.992475e-03,7.434681e-03,3.257773e-03,2.312060e-03,5.263481e-03,6.892159e-03,6.307027e-01,2.040231e-02,4.448706e-03,2.343801e-02,7.148569e-03,7.987443e-02,1.303097e-03,1.964356e-01
3.495928e-03,1.307614e-02,9.025939e-03,2.524480e-03,3.433896e-03,5.996538e-03,9.167897e-03,6.420233e-01,3.107532e-02,4.894101e-03,1.727196e-02,5.357916e-03,6.266993e-02,1.128287e-03,1.888584e-01
4.004529e-03,1.852914e-02,9.680761e-03,2.046407e-03,6.059026e-03,8.274249e-03,7.364994e-03,6.385485e-01,5.343096e-02,4.556776e-03,1.252047e-02,4.033266e-03,4.759462e-02,1.124568e-03,1.822318e-01
5.674433e-03,3.032644e-02,1.035251e-02,1.939185e-03,8.047887e-03,1.650134e-02,5.453185e-03,6.195509e-01,1.005569e-01,4.399827e-03,9.062589e-03,3.194808e-03,3.589607e-02,1.184062e-03,1.478599e-01
6.658718e-03,3.480109e-02,9.179758e-03,1.965957e-03,1.086635e-02,2.051778e-02,3.985201e-03,5.918450e-01,1.649019e-01,3.730662e-03,6.563959e-03,2.464174e-03,2.640067e-02,1.078581e-03,1.150402e-01
1.095048e-02,3.077603e-02,8.190664e-03,2.449405e-03,1.703003e-02,1.802174e-02,3.253814e-03,6.155197e-01,1.749967e-01,3.316803e-03,4.830912e-03,2.510362e-03,2.133284e-02,1.050709e-03,8.576978e-02
2.709957e-02,2.679719e-02,7.424592e-03,5.817906e-03,2.171167e-02,1.630840e-02,4.052350e-03,5.927372e-01,1.946785e-01,4.983207e-03,3.708600e-03,2.358241e-03,2.247681e-02,9.717125e-04,6.887402e-02
4.992718e-02,2.415776e-02,7.415706e-03,1.504771e-02,4.446163e-02,2.400839e-02,4.470645e-03,5.351662e-01,2.129709e-01,6.592010e-03,4.220077e-03,2.579414e-03,1.746175e-02,9.005361e-04,5.062013e-02
6.380067e-02,2.451962e-02,1.044798e-02,6.736267e-02,6.627404e-02,2.723363e-02,7.600842e-03,4.676475e-01,1.889482e-01,8.927876e-03,6.223936e-03,8.052467e-03,1.374260e-02,7.497867e-04,3.846823e-02
6.811881e-02,2.117883e-02,1.114041e-02,1.359377e-01,5.394891e-02,3.497426e-02,7.468089e-03,4.109324e-01,1.475891e-01,2.936568e-02,2.110906e-02,1.297281e-02,1.265278e-02,7.210175e-04,3.189012e-02
2.069792e-01,2.116844e-02,9.598584e-03,1.033830e-01,4.830067e-02,2.952733e-02,9.300193e-03,3.365143e-01,1.330214e-01,2.414720e-02,1.950248e-02,1.505852e-02,1.378595e-02,1.119396e-03,2.859328e-02
3.495739e-01,2.100809e-02,7.432881e-03,8.419996e-02,3.794525e-02,2.392769e-02,9.732138e-03,2.555751e-01,1.084533e-01,2.183703e-02,1.811705e-02,1.745187e-02,1.398337e-02,1.229565e-03,2.953278e-02
3.435918e-01,3.603351e-02,7.504388e-03,9.147574e-02,3.177594e-02,2.242894e-02,8.275419e-03,1.821893e-01,1.205190e-01,3.276424e-02,2.155234e-02,2.741247e-02,1.850939e-02,1.415455e-03,5.455205e-02
2.548885e-01,6.914147e-02,7.267899e-03,8.707576e-02,2.968371e-02,1.938229e-02,7.017157e-03,1.280287e-01,2.141978e-01,4.410092e-02,2.018028e-02,2.681782e-02,2.106870e-02,1.375592e-03,6.977341e-02
1.879276e-01,9.937422e-02,1.068252e-02,8.562633e-02,2.688185e-02,1.631392e-02,5.810456e-03,9.066337e-02,2.385147e-01,9.096701e-02,1.782426e-02,2.252088e-02,1.938424e-02,1.445690e-03,8.606295e-02
1.322582e-01,8.875224e-02,3.392021e-02,2.453891e-01,2.030616e-02,1.278264e-02,4.298007e-03,6.383725e-02,1.997727e-01,7.335692e-02,1.337137e-02,1.672575e-02,1.503677e-02,1.096759e-03,7.909592e-02
9.720812e-02,7.825848e-02,3.762772e-02,1.949365e-01,1.636244e-02,1.195225e-02,3.245288e-03,4.534910e-02,2.464774e-01,7.857391e-02,1.122332e-02,1.272572e-02,1.215612e-02,4.996660e-03,1.489069e-01
7.468793e-02,6.895128e-02,3.332394e-02,1.438011e-01,1.450930e-02,1.301387e-02,2.882004e-03,3.193546e-02,2.973845e-01,8.852546e-02,8.902932e-03,9.558234e-03,1.148571e-02,5.631545e-03,1.954067e-01
5.539909e-02,8.332214e-02,3.286313e-02,1.371703e-01,1.087483e-02,1.099870e-02,2.198911e-03,2.295073e-02,3.879489e-01,7.363738e-02,6.969506e-03,6.991194e-03,1.066928e-02,4.396338e-03,1.536096e-01
5.836943e-02,7.722267e-02,2.661066e-02,1.164371e-01,1.198216e-02,2.034469e-02,2.365301e-03,1.697043e-02,4.331082e-01,5.692882e-02,6.516722e-03,5.716412e-03,2.186290e-02,3.940065e-03,1.416245e-01
8.368899e-02,8.725800e-02,1.977324e-02,9.445699e-02,1.199435e-02,1.990237e-02,1.981350e-03,1.231000e-02,4.378986e-01,4.302653e-02,5.912354e-03,6.065397e-03,2.646366e-02,4.425463e-03,1.448428e-01
5.943009e-02,6.587443e-02,1.397275e-02,6.766760e-02,8.591168e-03,2.012345e-02,2.108874e-03,8.660438e-03,4.201261e-01,3.060044e-02,4.695690e-03,5.538462e-03,1.844799e-01,3.388396e-03,1.047422e-01
4.211624e-02,4.864508e-02,1.010968e-02,5.015726e-02,6.207030e-03,2.852911e-02,3.702082e-03,6.384274e-03,3.944112e-01,2.194297e-02,4.337567e-03,7.524908e-03,2.945727e-01,2.863633e-03,7.849633e-02
3.074672e-02,3.791817e-02,7.886098e-03,4.082052e-02,4.592984e-03,3.443321e-02,3.940497e-03,4.827056e-03,4.077737e-01,1.702977e-02,7.830164e-03,1.733579e-02,3.149981e-01,3.531594e-03,6.633564e-02
2.333036e-02,2.762463e-02,6.068665e-03,3.197592e-02,3.579457e-03,5.051334e-02,3.595621e-03,3.909917e-03,3.373139e-01,1.336096e-02,3.281857e-02,5.978820e-02,3.379729e-01,4.244982e-03,6.390256e-02
1.746250e-02,2.013542e-02,4.413834e-03,2.379528e-02,2.645864e-03,4.524665e-02,2.825057e-03,2.758472e-03,2.483321e-01,1.147090e-02,4.564276e-02,1.069492e-01,4.084177e-01,4.407451e-03,5.549681e-02
1.331656e-02,1.444823e-02,3.120830e-03,1.750898e-02,2.173685e-03,3.956695e-02,2.337315e-03,1.940191e-03,1.844390e-01,1.347882e-02,4.044883e-02,2.495221e-01,3.729994e-01,3.933586e-03,4.076561e-02
1.360760e-02,1.083021e-02,2.405225e-03,1.349522e-02,2.042962e-03,4.026259e-02,1.943466e-03,1.421785e-03,1.395967e-01,2.904814e-02,4.951916e-02,3.526773e-01,3.069162e-01,4.593957e-03,3.163945e-02
1.103171e-02,8.289105e-03,1.908098e-03,1.010739e-02,1.820066e-03,3.084653e-02,1.533869e-03,1.161902e-03,1.077729e-01,4.756943e-02,4.855714e-02,4.580037e-01,2.391700e-01,5.217514e-03,2.701078e-02
8.359526e-03,6.512960e-03,1.531109e-03,7.534782e-03,3.577765e-03,2.238167e-02,3.021012e-03,1.070379e-03,1.270441e-01,4.817557e-02,4.046740e-02,5.107407e-01,1.928063e-01,4.329543e-03,2.244726e-02
6.666814e-03,6.375588e-03,1.259616e-03,5.597992e-03,3.422481e-03,1.766117e-02,2.663719e-03,8.778702e-04,1.445114e-01,5.254450e-02,4.345723e-02,5.441810e-01,1.461055e-01,4.139833e-03,2.053528e-02
5.049984e-03,5.091527e-03,9.356529e-04,4.010519e-03,2.519621e-03,1.442914e-02,1.936349e-03,6.301216e-04,1.126175e-01,4.636789e-02,4.838527e-02,6.248345e-01,1.136576e-01,3.589130e-03,1.594525e-02
3.906299e-03,4.335480e-03,6.971986e-04,2.883202e-03,1.905850e-03,1.343806e-02,1.371045e-03,4.657720e-04,8.822595e-02,3.535441e-02,7.639477e-02,6.713905e-01,8.472445e-02,3.168659e-03,1.173837e-02
3.063109e-03,3.499564e-03,5.080373e-04,2.036898e-03,1.560991e-03,9.975146e-03,1.012627e-03,3.701401e-04,7.826921e-02,2.860516e-02,7.522506e-02,7.233969e-01,6.142203e-02,2.398788e-03,8.656309e-03
2.428009e-03,3.617272e-03,4.163774e-04,1.442572e-03,1.250615e-03,7.570428e-03,7.398025e-04,2.932083e-04,6.432749e-02,2.310131e-02,7.266615e-02,7.699394e-01,4.410083e-02,1.831585e-03,6.274902e-03
3.883915e-03,5.678891e-03,5.484838e-04,1.117497e-03,1.931839e-03,6.085259e-03,8.571177e-04,1.552543e-03,1.106028e-01,2.285312e-02,5.447318e-02,7.517638e-01,3.268487e-02,1.425477e-03,4.541139e-03
4.691187e-03,8.853603e-03,6.688557e-03,2.126801e-03,5.216255e-03,5.276464e-03,1.562336e-03,2.550177e-02,2.595077e-01,2.010117e-02,4.004139e-02,5.919367e-01,2.415370e-02,1.061175e-03,3.281134e-03
1.411521e-02,1.504858e-02,9.248308e-03,4.748993e-03,1.145267e-02,9.436613e-03,1.406984e-02,6.270414e-02,2.722744e-01,5.031781e-02,3.163480e-02,4.833317e-01,1.766266e-02,1.243925e-03,2.710352e-03
1.686236e-02,1.668632e-02,1.952449e-02,6.457013e-03,1.230698e-02,2.059789e-02,1.399722e-02,9.509332e-02,2.867467e-01,4.749246e-02,2.856694e-02,4.194022e-01,1.302557e-02,1.082785e-03,2.157719e-03
1.962453e-02,1.572016e-02,3.146521e-02,8.206807e-03,1.254071e-02,2.589590e-02,1.228419e-02,1.256581e-01,2.811119e-01,5.471357e-02,2.829421e-02,3.713794e-01,1.000267e-02,1.174414e-03,1.928217e-03
2.247344e-02,1.658848e-02,2.671473e-02,7.550796e-03,1.731607e-02,3.440444e-02,1.972970e-02,1.212032e-01,2.615248e-01,7.606900e-02,2.958821e-02,3.545511e-01,8.040984e-03,2.013928e-03,2.231042e-03
2.230028e-02,1.634374e-02,2.350890e-02,5.618844e-03,2.095044e-02,3.215994e-02,1.205121e-01,1.148286e-01,2.223666e-01,1.155750e-01,2.361102e-02,2.703564e-01,6.523117e-03,3.376501e-03,1.968483e-03
2.119814e-02,1.379980e-02,2.272089e-02,4.329035e-03,2.159842e-02,2.599547e-02,2.783265e-01,1.117646e-01,1.726066e-01,1.041015e-01,1.840507e-02,1.953964e-01,5.123071e-03,3.008335e-03,1.626158e-03
2.687167e-02,1.347883e-02,3.295852e-02,3.792304e-03,2.318015e-02,2.662801e-02,3.481682e-01,1.221431e-01,1.540679e-01,8.423419e-02,1.371575e-02,1.403272e-01,6.240045e-03,2.454466e-03,1.739644e-03
3.177425e-02,1.500000e-02,2.701633e-02,3.221360e-03,2.702666e-02,3.166992e-02,3.782777e-01,1.020916e-01,1.819522e-01,7.546704e-02,1.090874e-02,1.028237e-01,8.508923e-03,2.225573e-03,2.036019e-03
3.567178e-02,1.438131e-02,2.735478e-02,2.848215e-03,3.095796e-02,2.623636e-02,3.774515e-01,8.942264e-02,2.172573e-01,6.081232e-02,8.764172e-03,7.511279e-02,2.820223e-02,2.258491e-03,3.268296e-03
4.032097e-02,1.241083e-02,2.462335e-02,2.510774e-03,2.905193e-02,2.116936e-02,3.668971e-01,7.853691e-02,2.728575e-01,5.157101e-02,8.417214e-03,5.585075e-02,2.944059e-02,2.877405e-03,3.464381e-03
4.600086e-02,1.167735e-02,2.260253e-02,2.224203e-03,2.576865e-02,1.882462e-02,3.709081e-01,7.104260e-02,2.990256e-01,4.405480e-02,8.900101e-03,4.404021e-02,2.773206e-02,3.603670e-03,3.594726e-03
4.827275e-02,9.743825e-03,1.978051e-02,1.816102e-03,2.206083e-02,1.420354e-02,4.620122e-01,5.592196e-02,2.632401e-01,3.355299e-02,8.047262e-03,3.186442e-02,2.159760e-02,4.794289e-03,3.091618e-03
5.096142e-02,8.406157e-03,1.657518e-02,1.529649e-03,1.773910e-02,1.092370e-02,5.278939e-01,4.295675e-02,2.386894e-01,2.679676e-02,8.091753e-03,2.386973e-02,1.712942e-02,5.486322e-03,2.950738e-03
