1.000000e+00,0.000000e+00,0.000000e+00,0.000000e+00,0.000000e+00,0.000000e+00,0.000000e+00,0.000000e+00,0.000000e+00,0.000000e+00,0.000000e+00,0.000000e+00,0.000000e+00,0.000000e+00,0.000000e+00
1.000000e+00,0.000000e+00,0.000000e+00,0.000000e+00,0.000000e+00,0.000000e+00,0.000000e+00,0.000000e+00,0.000000e+00,0.000000e+00,0.000000e+00,0.000000e+00,0.000000e+00,0.000000e+00,0.000000e+00
1.000000e+00,0.000000e+00,0.000000e+00,0.000000e+00,0.000000e+00,0.000000e+00,0.000000e+00,0.000000e+00,0.000000e+00,0.000000e+00,0.000000e+00,0.000000e+00,0.000000e+00,0.000000e+00,0.000000e+00
1.000000e+00,0.000000e+00,0.000000e+00,0.000000e+00,0.000000e+00,0.000000e+00,0.000000e+00,0.000000e+00,0.000000e+00,0.000000e+00,0.000000e+00,0.000000e+00,0.000000e+00,0.000000e+00,0.000000e+00
1.000000e+00,0.000000e+00,0.000000e+00,0.000000e+00,0.000000e+00,0.000000e+00,0.000000e+00,0.000000e+00,0.000000e+00,0.000000e+00,0.000000e+00,0.000000e+00,0.000000e+00,0.000000e+00,0.000000e+00
1.000000e+00,0.000000e+00,0.000000e+00,0.000000e+00,0.000000e+00,0.000000e+00,0.000000e+00,0.000000e+00,0.000000e+00,0.000000e+00,0.000000e+00,0.000000e+00,0.000000e+00,0.000000e+00,0.000000e+00
1.000000e+00,0.000000e+00,0.000000e+00,0.000000e+00,0.000000e+00,0.000000e+00,0.000000e+00,0.000000e+00,0.000000e+00,0.000000e+00,0.000000e+00,0.000000e+00,0.000000e+00,0.000000e+00,0.000000e+00
1.000000e+00,0.000000e+00,0.000000e+00,0.000000e+00,0.000000e+00,0.000000e+00,0.000000e+00,0.000000e+00,0.000000e+00,0.000000e+00,0.000000e+00,0.000000e+00,0.000000e+00,0.000000e+00,0.000000e+00
1.000000e+00,0.000000e+00,0.000000e+00,0.000000e+00,0.000000e+00,0.000000e+00,0.000000e+00,0.000000e+00,0.000000e+00,0.000000e+00,0.000000e+00,0.000000e+00,0.000000e+00,0.000000e+00,0.000000e+00
1.000000e+00,0.000000e+00,0.000000e+00,0.000000e+00,0.000000e+00,0.000000e+00,0.000000e+00,0.000000e+00,0.000000e+00,0.000000e+00,0.000000e+00,0.000000e+00,0.000000e+00,0.000000e+00,0.000000e+00
1.000000e+00,0.000000e+00,0.000000e+00,0.000000e+00,0.000000e+00,0.000000e+00,0.000000e+00,0.000000e+00,0.000000e+00,0.000000e+00,0.000000e+00,0.000000e+00,0.000000e+00,0.000000e+00,0.000000e+00
1.000000e+00,0.000000e+00,0.000000e+00,0.000000e+00,0.000000e+00,0.000000e+00,0.000000e+00,0.000000e+00,0.000000e+00,0.000000e+00,0.000000e+00,0.000000e+00,0.000000e+00,0.000000e+00,0.000000e+00
1.000000e+00,0.000000e+00,0.000000e+00,0.000000e+00,0.000000e+00,0.000000e+00,0.000000e+00,0.000000e+00,0.000000e+00,0.000000e+00,0.000000e+00,0.000000e+00,0.000000e+00,0.000000e+00,0.000000e+00
1.000000e+00,0.000000e+00,0.000000e+00,0.000000e+00,0.000000e+00,0.000000e+00,0.000000e+00,0.000000e+00,0.000000e+00,0.000000e+00,0.000000e+00,0.000000e+00,0.000000e+00,0.000000e+00,0.000000e+00
1.000000e+00,0.000000e+00,0.000000e+00,0.000000e+00,0.000000e+00,0.000000e+00,0.000000e+00,0.000000e+00,0.000000e+00,0.000000e+00,0.000000e+00,0.000000e+00,0.000000e+00,0.000000e+00,0.000000e+00
1.000000e+00,0.000000e+00,0.000000e+00,0.000000e+00,0.000000e+00,0.000000e+00,0.000000e+00,0.000000e+00,0.000000e+00,0.000000e+00,0.000000e+00,0.000000e+00,0.000000e+00,0.000000e+00,0.000000e+00
1.000000e+00,0.000000e+00,0.000000e+00,0.000000e+00,0.000000e+00,0.000000e+00,0.000000e+00,0.000000e+00,0.000000e+00,0.000000e+00,0.000000e+00,0.000000e+00,0.000000e+00,0.000000e+00,0.000000e+00
1.000000e+00,0.000000e+00,0.000000e+00,0.000000e+00,0.000000e+00,0.000000e+00,0.000000e+00,0.000000e+00,0.000000e+00,0.000000e+00,0.000000e+00,0.000000e+00,0.000000e+00,0.000000e+00,0.000000e+00
1.000000e+00,0.000000e+00,0.000000e+00,0.000000e+00,0.000000e+00,0.000000e+00,0.000000e+00,0.000000e+00,0.000000e+00,0.000000e+00,0.000000e+00,0.000000e+00,0.000000e+00,0.000000e+00,0.000000e+00
1.000000e+00,0.000000e+00,0.000000e+00,0.000000e+00,0.000000e+00,0.000000e+00,0.000000e+00,0.000000e+00,0.000000e+00,0.000000e+00,0.000000e+00,0.000000e+00,0.000000e+00,0.000000e+00,0.000000e+00
1.000000e+00,0.000000e+00,0.000000e+00,0.000000e+00,0.000000e+00,0.000000e+00,0.000000e+00,0.000000e+00,0.000000e+00,0.000000e+00,0.000000e+00,0.000000e+00,0.000000e+00,0.000000e+00,0.000000e+00
1.000000e+00,0.000000e+00,0.000000e+00,0.000000e+00,0.000000e+00,0.000000e+00,0.000000e+00,0.000000e+00,0.000000e+00,0.000000e+00,0.000000e+00,0.000000e+00,0.000000e+00,0.000000e+00,0.000000e+00
1.000000e+00,0.000000e+00,0.000000e+00,0.000000e+00,0.000000e+00,0.000000e+00,0.000000e+00,0.000000e+00,0.000000e+00,0.000000e+00,0.000000e+00,0.000000e+00,0.000000e+00,0.000000e+00,0.000000e+00
1.000000e+00,0.000000e+00,0.000000e+00,0.000000e+00,0.000000e+00,0.000000e+00,0.000000e+00,0.000000e+00,0.000000e+00,0.000000e+00,0.000000e+00,0.000000e+00,0.000000e+00,0.000000e+00,0.000000e+00
1.000000e+00,0.000000e+00,0.000000e+00,0.000000e+00,0.000000e+00,0.000000e+00,0.000000e+00,0.000000e+00,0.000000e+00,0.000000e+00,0.000000e+00,0.000000e+00,0.000000e+00,0.000000e+00,0.000000e+00
1.000000e+00,0.000000e+00,0.000000e+00,0.000000e+00,0.000000e+00,0.000000e+00,0.000000e+00,0.000000e+00,0.000000e+00,0.000000e+00,0.000000e+00,0.000000e+00,0.000000e+00,0.000000e+00,0.000000e+00
1.000000e+00,0.000000e+00,0.000000e+00,0.000000e+00,0.000000e+00,0.000000e+00,0.000000e+00,0.000000e+00,0.000000e+00,0.000000e+00,0.000000e+00,0.000000e+00,0.000000e+00,0.000000e+00,0.000000e+00
1.000000e+00,0.000000e+00,0.000000e+00,0.000000e+00,0.000000e+00,0.000000e+00,0.000000e+00,0.000000e+00,0.000000e+00,0.000000e+00,0.000000e+00,0.000000e+00,0.000000e+00,0.000000e+00,0.000000e+00
1.000000e+00,0.000000e+00,0.000000e+00,0.000000e+00,0.000000e+00,0.000000e+00,0.000000e+00,0.000000e+00,0.000000e+00,0.000000e+00,0.000000e+00,0.000000e+00,0.000000e+00,0.000000e+00,0.000000e+00
1.000000e+00,0.000000e+00,0.000000e+00,0.000000e+00,0.000000e+00,0.000000e+00,0.000000e+00,0.000000e+00,0.000000e+00,0.000000e+00,0.000000e+00,0.000000e+00,0.000000e+00,0.000000e+00,0.000000e+00
1.000000e+00,0.000000e+00,0.000000e+00,0.000000e+00,0.000000e+00,0.000000e+00,0.000000e+00,0.000000e+00,0.000000e+00,0.000000e+00,0.000000e+00,0.000000e+00,0.000000e+00,0.000000e+00,0.000000e+00
1.000000e+00,0.000000e+00,0.000000e+00,0.000000e+00,0.000000e+00,0.000000e+00,0.000000e+00,0.000000e+00,0.000000e+00,0.000000e+00,0.000000e+00,0.000000e+00,0.000000e+00,0.000000e+00,0.000000e+00
1.000000e+00,0.000000e+00,0.000000e+00,0.000000e+00,0.000000e+00,0.000000e+00,0.000000e+00,0.000000e+00,0.000000e+00,0.000000e+00,0.000000e+00,0.000000e+00,0.000000e+00,0.000000e+00,0.000000e+00
1.000000e+00,0.000000e+00,0.000000e+00,0.000000e+00,0.000000e+00,0.000000e+00,0.000000e+00,0.000000e+00,0.000000e+00,0.000000e+00,0.000000e+00,0.000000e+00,0.000000e+00,0.000000e+00,0.000000e+00
1.000000e+00,0.000000e+00,0.000000e+00,0.000000e+00,0.000000e+00,0.000000e+00,0.000000e+00,0.000000e+00,0.000000e+00,0.000000e+00,0.000000e+00,0.000000e+00,0.000000e+00,0.000000e+00,0.000000e+00
1.000000e+00,0.000000e+00,0.000000e+00,0.000000e+00,0.000000e+00,0.000000e+00,0.000000e+00,0.000000e+00,0.000000e+00,0.000000e+00,0.000000e+00,0.000000e+00,0.000000e+00,0.000000e+00,0.000000e+00
1.000000e+00,0.000000e+00,0.000000e+00,0.000000e+00,0.000000e+00,0.000000e+00,0.000000e+00,0.000000e+00,0.000000e+00,0.000000e+00,0.000000e+00,0.000000e+00,0.000000e+00,0.000000e+00,0.000000e+00
1.000000e+00,0.000000e+00,0.000000e+00,0.000000e+00,0.000000e+00,0.000000e+00,0.000000e+00,0.000000e+00,0.000000e+00,0.000000e+00,0.000000e+00,0.000000e+00,0.000000e+00,0.000000e+00,0.000000e+00
1.000000e+00,0.000000e+00,0.000000e+00,0.000000e+00,0.000000e+00,0.000000e+00,0.000000e+00,0.000000e+00,0.000000e+00,0.000000e+00,0.000000e+00,0.000000e+00,0.000000e+00,0.000000e+00,0.000000e+00
1.000000e+00,0.000000e+00,0.000000e+00,0.000000e+00,0.000000e+00,0.000000e+00,0.000000e+00,0.000000e+00,0.000000e+00,0.000000e+00,0.000000e+00,0.000000e+00,0.000000e+00,0.000000e+00,0.000000e+00
1.000000e+00,0.000000e+00,0.000000e+00,0.000000e+00,0.000000e+00,0.000000e+00,0.000000e+00,0.000000e+00,0.000000e+00,0.000000e+00,0.000000e+00,0.000000e+00,0.000000e+00,0.000000e+00,0.000000e+00
1.000000e+00,0.000000e+00,0.000000e+00,0.000000e+00,0.000000e+00,0.000000e+00,0.000000e+00,0.000000e+00,0.000000e+00,0.000000e+00,0.000000e+00,0.000000e+00,0.000000e+00,0.000000e+00,0.000000e+00
1.000000e+00,0.000000e+00,0.000000e+00,0.000000e+00,0.000000e+00,0.000000e+00,0.000000e+00,0.000000e+00,0.000000e+00,0.000000e+00,0.000000e+00,0.000000e+00,0.000000e+00,0.000000e+00,0.000000e+00
1.000000e+00,0.000000e+00,0.000000e+00,0.000000e+00,0.000000e+00,0.000000e+00,0.000000e+00,0.000000e+00,0.000000e+00,0.000000e+00,0.000000e+00,0.000000e+00,0.000000e+00,0.000000e+00,0.000000e+00
1.000000e+00,0.000000e+00,0.000000e+00,0.000000e+00,0.000000e+00,0.000000e+00,0.000000e+00,0.000000e+00,0.000000e+00,0.000000e+00,0.000000e+00,0.000000e+00,0.000000e+00,0.000000e+00,0.000000e+00
1.000000e+00,0.000000e+00,0.000000e+00,0.000000e+00,0.000000e+00,0.000000e+00,0.000000e+00,0.000000e+00,0.000000e+00,0.000000e+00,0.000000e+00,0.000000e+00,0.000000e+00,0.000000e+00,0.000000e+00
1.000000e+00,0.000000e+00,0.000000e+00,0.000000e+00,0.000000e+00,0.000000e+00,0.000000e+00,0.000000e+00,0.000000e+00,0.000000e+00,0.000000e+00,0.000000e+00,0.000000e+00,0.000000e+00,0.000000e+00
1.000000e+00,0.000000e+00,0.000000e+00,0.000000e+00,0.000000e+00,0.000000e+00,0.000000e+00,0.000000e+00,0.000000e+00,0.000000e+00,0.000000e+00,0.000000e+00,0.000000e+00,0.000000e+00,0.000000e+00
1.000000e+00,0.000000e+00,0.000000e+00,0.000000e+00,0.000000e+00,0.000000e+00,0.000000e+00,0.000000e+00,0.000000e+00,0.000000e+00,0.000000e+00,0.000000e+00,0.000000e+00,0.000000e+00,0.000000e+00
1.000000e+00,0.000000e+00,0.000000e+00,0.000000e+00,0.000000e+00,0.000000e+00,0.000000e+00,0.000000e+00,0.000000e+00,0.000000e+00,0.000000e+00,0.000000e+00,0.000000e+00,0.000000e+00,0.000000e+00
1.000000e+00,0.000000e+00,0.000000e+00,0.000000e+00,0.000000e+00,0.000000e+00,0.000000e+00,0.000000e+00,0.000000e+00,0.000000e+00,0.000000e+00,0.000000e+00,0.000000e+00,0.000000e+00,0.000000e+00
1.000000e+00,0.000000e+00,0.000000e+00,0.000000e+00,0.000000e+00,0.000000e+00,0.000000e+00,0.000000e+00,0.000000e+00,0.000000e+00,0.000000e+00,0.000000e+00,0.000000e+00,0.000000e+00,0.000000e+00
1.000000e+00,0.000000e+00,0.000000e+00,0.000000e+00,0.000000e+00,0.000000e+00,0.000000e+00,0.000000e+00,0.000000e+00,0.000000e+00,0.000000e+00,0.000000e+00,0.000000e+00,0.000000e+00,0.000000e+00
1.000000e+00,0.000000e+00,0.000000e+00,0.000000e+00,0.000000e+00,0.000000e+00,0.000000e+00,0.000000e+00,0.000000e+00,0.000000e+00,0.000000e+00,0.000000e+00,0.000000e+00,0.000000e+00,0.000000e+00
1.000000e+00,0.000000e+00,0.000000e+00,0.000000e+00,0.000000e+00,0.000000e+00,0.000000e+00,0.000000e+00,0.000000e+00,0.000000e+00,0.000000e+00,0.000000e+00,0.000000e+00,0.000000e+00,0.000000e+00
1.000000e+00,0.000000e+00,0.000000e+00,0.000000e+00,0.000000e+00,0.000000e+00,0.000000e+00,0.000000e+00,0.000000e+00,0.000000e+00,0.000000e+00,0.000000e+00,0.000000e+00,0.000000e+00,0.000000e+00
1.000000e+00,0.000000e+00,0.000000e+00,0.000000e+00,0.000000e+00,0.000000e+00,0.000000e+00,0.000000e+00,0.000000e+00,0.000000e+00,0.000000e+00,0.000000e+00,0.000000e+00,0.000000e+00,0.000000e+00
1.000000e+00,0.000000e+00,0.000000e+00,0.000000e+00,0.000000e+00,0.000000e+00,0.000000e+00,0.000000e+00,0.000000e+00,0.000000e+00,0.000000e+00,0.000000e+00,0.000000e+00,0.000000e+00,0.000000e+00
1.000000e+00,0.000000e+00,0.000000e+00,0.000000e+00,0.000000e+00,0.000000e+00,0.000000e+00,0.000000e+00,0.000000e+00,0.000000e+00,0.000000e+00,0.000000e+00,0.000000e+00,0.000000e+00,0.000000e+00
1.000000e+00,0.000000e+00,0.000000e+00,0.000000e+00,0.000000e+00,0.000000e+00,0.000000e+00,0.000000e+00,0.000000e+00,0.000000e+00,0.000000e+00,0.000000e+00,0.000000e+00,0.000000e+00,0.000000e+00
4.588487e-01,4.731214e-02,7.674539e-02,3.041690e-01,7.624182e-03,1.107599e-02,3.653786e-03,9.103076e-03,7.073510e-03,2.688030e-03,1.122525e-02,1.874379e-02,1.581532e-02,2.788437e-03,2.313337e-02
3.262759e-01,3.801672e-02,1.861906e-01,3.547027e-01,5.654420e-03,8.164127e-03,2.667813e-03,6.753746e-03,5.459988e-03,3.264054e-03,9.128898e-03,1.433140e-02,1.156309e-02,2.103477e-03,2.572311e-02
2.433777e-01,3.338563e-02,2.274590e-01,2.566807e-01,4.317437e-03,7.336024e-03,1.960554e-03,5.140984e-03,6.176464e-03,7.079308e-03,7.928109e-03,1.067080e-02,9.260702e-03,1.103236e-02,1.681942e-01
1.721916e-01,2.563597e-02,1.919098e-01,1.804889e-01,3.097243e-03,6.175411e-03,1.404158e-03,3.729073e-03,1.267876e-02,9.274416e-02,6.428787e-03,7.680535e-03,7.251063e-03,2.256752e-02,2.660171e-01
1.237654e-01,3.043972e-02,1.616911e-01,1.384480e-01,2.639040e-03,6.088665e-03,1.169800e-03,2.798183e-03,4.052463e-02,1.482932e-01,8.553931e-03,6.308431e-03,9.420918e-03,1.939640e-02,3.004626e-01
1.001689e-01,4.738741e-02,1.177364e-01,1.034148e-01,2.150956e-03,5.108151e-03,9.385171e-04,2.531837e-03,7.866734e-02,1.483925e-01,1.156843e-02,5.829406e-03,1.529776e-02,3.371539e-02,3.270923e-01
7.396488e-02,9.556779e-02,8.548782e-02,9.855942e-02,2.313311e-03,5.186085e-03,8.743322e-04,2.066864e-03,1.125461e-01,1.416449e-01,1.086076e-02,4.772861e-03,5.424378e-02,2.804361e-02,2.838674e-01
5.258049e-02,1.915415e-01,6.341907e-02,8.641417e-02,1.813622e-03,4.266464e-03,6.269324e-04,1.512290e-03,1.927908e-01,1.056165e-01,8.075101e-03,3.435336e-03,4.905200e-02,2.169807e-02,2.171576e-01
3.795314e-02,2.491096e-01,4.773363e-02,6.833687e-02,1.367132e-03,4.823684e-03,4.539199e-04,1.104294e-03,2.103672e-01,7.851394e-02,6.687864e-03,2.621965e-03,8.810744e-02,2.218729e-02,1.806320e-01
3.015346e-02,2.736976e-01,3.428851e-02,5.544109e-02,1.839185e-03,4.504413e-03,3.556237e-04,8.239137e-04,2.825949e-01,5.919615e-02,5.481099e-03,2.053209e-03,7.760794e-02,2.240927e-02,1.495536e-01
2.972318e-02,2.450487e-01,2.474749e-02,4.726623e-02,2.552770e-03,4.789456e-03,4.006292e-04,6.685664e-04,2.956297e-01,4.525113e-02,4.729566e-03,1.680632e-03,8.938946e-02,3.221568e-02,1.759068e-01
2.554565e-02,2.136916e-01,1.790742e-02,5.351171e-02,3.104279e-03,4.229928e-03,4.474614e-04,9.352730e-04,3.640561e-01,3.714809e-02,5.141218e-03,2.304745e-03,9.048051e-02,2.701440e-02,1.544815e-01
2.913380e-02,1.526646e-01,1.698037e-02,6.014736e-02,2.477383e-02,4.576138e-03,4.833507e-03,2.175998e-02,4.351435e-01,2.657891e-02,1.036275e-02,2.162471e-03,6.534095e-02,2.028641e-02,1.252554e-01
3.171494e-02,1.096443e-01,1.387195e-02,1.484655e-01,4.575501e-02,4.670429e-03,4.204006e-03,1.653231e-02,3.765181e-01,2.504885e-02,6.213672e-02,2.368900e-03,4.991098e-02,1.566026e-02,9.349772e-02
2.321778e-02,8.032620e-02,1.444484e-02,2.208172e-01,4.476834e-02,4.589581e-03,3.071768e-03,1.261606e-02,3.513138e-01,2.137325e-02,9.352556e-02,4.086529e-03,4.381002e-02,1.154968e-02,7.048939e-02
1.766723e-02,5.908506e-02,1.243731e-02,1.637202e-01,3.252861e-02,9.167470e-03,2.331268e-03,9.263504e-03,2.968107e-01,1.616071e-02,2.772360e-01,4.258822e-03,3.909400e-02,9.020026e-03,5.121903e-02
1.485418e-02,4.881139e-02,1.438347e-02,1.418603e-01,2.509248e-02,2.100634e-02,2.203697e-03,1.077292e-02,3.156053e-01,1.619653e-02,2.996025e-01,5.954994e-03,3.697480e-02,7.270474e-03,3.941056e-02
1.595096e-02,3.533652e-02,1.698709e-02,1.122622e-01,2.260497e-02,1.831379e-02,2.398920e-03,2.355370e-02,4.228261e-01,1.249830e-02,2.505264e-01,4.987839e-03,2.841697e-02,5.335428e-03,2.800073e-02
4.240233e-02,2.724301e-02,3.487688e-02,1.134269e-01,3.987966e-02,2.010959e-02,3.597524e-03,3.094542e-02,4.353931e-01,9.892162e-03,1.891434e-01,4.206942e-03,2.370523e-02,4.380570e-03,2.079726e-02
1.008786e-01,2.777418e-02,5.503615e-02,1.237991e-01,4.444241e-02,2.183631e-02,3.029348e-03,3.442391e-02,3.795945e-01,1.086344e-02,1.413463e-01,4.229628e-03,1.951849e-02,7.551464e-03,2.567615e-02
7.189177e-02,2.117087e-02,2.005060e-01,2.081968e-01,3.221436e-02,1.583306e-02,2.144354e-03,2.453133e-02,2.715141e-01,8.531298e-03,1.012690e-01,3.266236e-03,1.411970e-02,5.403703e-03,1.940749e-02
6.696144e-02,1.905817e-02,2.332719e-01,2.690747e-01,2.772107e-02,1.315068e-02,1.741973e-03,1.868005e-02,2.032942e-01,8.950391e-03,9.985331e-02,2.759006e-03,1.052372e-02,4.282198e-03,2.067719e-02
4.916099e-02,1.468121e-02,1.928691e-01,4.402537e-01,2.588943e-02,1.107445e-02,1.550723e-03,1.398360e-02,1.442904e-01,6.509047e-03,7.235406e-02,2.016160e-03,7.480556e-03,3.047539e-03,1.483906e-02
4.681433e-02,1.444876e-02,1.623262e-01,5.332754e-01,2.996029e-02,1.000800e-02,1.381221e-03,1.151536e-02,1.042656e-01,5.631439e-03,5.870137e-02,2.098077e-03,5.503714e-03,2.684094e-03,1.138618e-02
6.129438e-02,5.068039e-02,1.862579e-01,4.688833e-01,3.514091e-02,1.459910e-02,2.556856e-03,1.779934e-02,8.202577e-02,7.524847e-03,4.496139e-02,2.432353e-03,4.945610e-03,2.979825e-03,1.791802e-02
8.889788e-02,9.103560e-02,1.620454e-01,3.788745e-01,6.420857e-02,3.449497e-02,6.586889e-03,2.796839e-02,6.932449e-02,8.289214e-03,3.380840e-02,2.960010e-03,6.510409e-03,4.170095e-03,2.082523e-02
1.064681e-01,1.228817e-01,1.415733e-01,3.045446e-01,6.459423e-02,4.045206e-02,7.226275e-03,2.924219e-02,6.313784e-02,2.489304e-02,2.826416e-02,3.669334e-03,5.895470e-03,1.099965e-02,4.615808e-02
1.013889e-01,1.411978e-01,1.441543e-01,3.105975e-01,5.922718e-02,3.492824e-02,7.230320e-03,2.309748e-02,5.418452e-02,2.228270e-02,2.607576e-02,1.044876e-02,1.025544e-02,9.010633e-03,4.592057e-02
1.812496e-01,1.256208e-01,1.178340e-01,2.688563e-01,5.237872e-02,3.100602e-02,7.826373e-03,1.989212e-02,5.505338e-02,2.228069e-02,3.128370e-02,1.543239e-02,1.230241e-02,8.339970e-03,5.064352e-02
2.008561e-01,1.225000e-01,1.326881e-01,2.574177e-01,4.388345e-02,2.870028e-02,6.797127e-03,1.589965e-02,4.736665e-02,2.210826e-02,3.175915e-02,1.862193e-02,1.143736e-02,6.808230e-03,5.315605e-02
1.756485e-01,1.159061e-01,1.848399e-01,2.710544e-01,3.312002e-02,2.242355e-02,4.884962e-03,1.160563e-02,3.716049e-02,2.311189e-02,2.757569e-02,1.623450e-02,9.558729e-03,6.996323e-03,5.987932e-02
1.282367e-01,1.177040e-01,3.267864e-01,1.944388e-01,2.380526e-02,1.761431e-02,3.478639e-03,8.218347e-03,4.345070e-02,1.697518e-02,2.923816e-02,1.173609e-02,7.557053e-03,1.478039e-02,5.598006e-02
9.239741e-02,9.937550e-02,2.655512e-01,1.380214e-01,1.679094e-02,1.403924e-02,2.468332e-03,6.183529e-03,4.627617e-02,1.231184e-02,1.807940e-01,8.943625e-03,6.699069e-03,6.702957e-02,4.311816e-02
6.599026e-02,7.170806e-02,1.887017e-01,9.729025e-02,1.180258e-02,1.092476e-02,1.739663e-03,4.419387e-03,3.590846e-02,8.959280e-03,3.507842e-01,6.847082e-03,5.270186e-03,1.087445e-01,3.090959e-02
4.721972e-02,5.143715e-02,1.326560e-01,6.857920e-02,8.483425e-03,8.995578e-03,1.276642e-03,3.315478e-03,2.871035e-02,8.226965e-03,4.462717e-01,6.677703e-03,4.260410e-03,1.616756e-01,2.221410e-02
3.320552e-02,3.880262e-02,9.307689e-02,4.809745e-02,6.095694e-03,6.840813e-03,9.087365e-04,2.410363e-03,2.617258e-02,7.684478e-03,4.337837e-01,6.182753e-03,3.102887e-03,2.777844e-01,1.585113e-02
2.333596e-02,2.789531e-02,6.533498e-02,3.381317e-02,4.398967e-03,5.101181e-03,6.475156e-04,1.731154e-03,2.278000e-02,6.877985e-03,4.603173e-01,5.301797e-03,2.305475e-03,3.282359e-01,1.192326e-02
1.640172e-02,2.006711e-02,4.595216e-02,2.480407e-02,4.972209e-03,5.240265e-03,4.713465e-04,1.283618e-03,2.370851e-02,8.476984e-03,5.286863e-01,4.283459e-03,2.307377e-03,3.045696e-01,8.775281e-03
1.156938e-02,1.422227e-02,3.232346e-02,1.762216e-02,3.970662e-03,4.638742e-03,3.471331e-04,9.725946e-04,1.948306e-02,7.764803e-03,5.675926e-01,3.644537e-03,1.853712e-03,3.077707e-01,6.224222e-03
8.338161e-03,1.035805e-02,2.292535e-02,1.252171e-02,3.336433e-03,7.457625e-03,2.723926e-04,8.317257e-04,1.586876e-02,8.627440e-03,5.977260e-01,2.980845e-03,1.797820e-03,3.021853e-01,4.772390e-03
5.982314e-03,7.452184e-03,1.608073e-02,9.053509e-03,2.602036e-03,6.723241e-03,2.060431e-04,6.349325e-04,1.263934e-02,9.303128e-03,6.190959e-01,2.595030e-03,2.238543e-03,3.017042e-01,3.688910e-03
4.264886e-03,5.333494e-03,1.127591e-02,6.566902e-03,2.032887e-03,5.516286e-03,1.637622e-04,4.707423e-04,1.064479e-02,1.214822e-02,6.457460e-01,2.633508e-03,2.041178e-03,2.884207e-01,2.740732e-03
3.346215e-03,3.855359e-03,8.697894e-03,5.892788e-03,2.979400e-03,5.581372e-03,2.202198e-04,1.537368e-03,1.091594e-02,1.275830e-02,6.175694e-01,2.794636e-03,1.748687e-03,3.201355e-01,1.966882e-03
2.544008e-03,3.034761e-03,6.231926e-03,4.949661e-03,1.444083e-02,5.803600e-03,1.261547e-03,1.622622e-03,2.491116e-02,1.675721e-02,5.970023e-01,2.574712e-03,1.394537e-03,3.159634e-01,1.507728e-03
2.286840e-03,3.734664e-03,5.117657e-03,5.172363e-03,1.363479e-02,1.018324e-02,1.172005e-03,6.962312e-03,4.822737e-02,2.436624e-02,5.354387e-01,2.545491e-03,1.763066e-03,3.381703e-01,1.224967e-03
1.903559e-03,7.911958e-03,4.826716e-03,4.645644e-03,1.117037e-02,2.794003e-02,1.081445e-03,7.494034e-03,7.722542e-02,3.916425e-02,4.673065e-01,2.747556e-03,1.788996e-03,3.437585e-01,1.035051e-03
1.613740e-03,1.204840e-02,3.615294e-03,3.585676e-03,1.104972e-02,4.483885e-02,1.105697e-03,5.472701e-03,2.150259e-01,3.677990e-02,3.615359e-01,2.334268e-03,1.868788e-03,2.981878e-01,9.373968e-04
2.128849e-03,3.105320e-02,3.749589e-03,3.396756e-03,1.264736e-02,7.693909e-02,1.087014e-03,5.144265e-03,3.299677e-01,3.474008e-02,2.681958e-01,1.969810e-03,4.142733e-03,2.219764e-01,2.861289e-03
1.784608e-03,9.804903e-02,3.053556e-03,2.653231e-03,9.583941e-03,1.473740e-01,7.848885e-04,3.787282e-03,3.393176e-01,2.763532e-02,1.955304e-01,1.691471e-03,5.323077e-03,1.582559e-01,5.175712e-03
1.387889e-03,1.770834e-01,2.734654e-03,2.127327e-03,8.378912e-03,1.739126e-01,6.045722e-04,2.754540e-03,3.441824e-01,2.237019e-02,1.389714e-01,1.548748e-03,5.688492e-03,1.113105e-01,6.944397e-03
1.211742e-03,2.124490e-01,2.576682e-03,2.239505e-03,1.041513e-02,2.170828e-01,4.959739e-04,2.341844e-03,3.360952e-01,1.872975e-02,1.027981e-01,1.850389e-03,5.110728e-03,7.829100e-02,8.312250e-03
1.419422e-03,1.881584e-01,3.773555e-03,2.700551e-03,1.436500e-02,2.615513e-01,2.181543e-03,8.349913e-03,3.559555e-01,1.444814e-02,7.566154e-02,1.625635e-03,7.566785e-03,5.549924e-02,6.743481e-03
1.660449e-03,1.704883e-01,2.784689e-03,7.493204e-03,1.559199e-02,2.677185e-01,1.668045e-03,6.964844e-03,3.904855e-01,1.151594e-02,5.477881e-02,2.066692e-03,1.398257e-02,3.914025e-02,1.366023e-02
2.855638e-03,1.613300e-01,2.303827e-03,1.408944e-02,3.318428e-02,3.004419e-01,1.544773e-03,6.419433e-03,3.618932e-01,9.440604e-03,3.963865e-02,2.728347e-03,1.922175e-02,2.779560e-02,1.711250e-02
3.603341e-03,1.660686e-01,2.484797e-03,3.698584e-02,2.597103e-02,3.013234e-01,1.278078e-03,6.348857e-03,3.486494e-01,8.631541e-03,2.962488e-02,2.807440e-03,2.154074e-02,1.964373e-02,2.503835e-02
3.717943e-03,1.528690e-01,2.616425e-03,5.315518e-02,1.939111e-02,3.254396e-01,1.058554e-03,1.267312e-02,3.395458e-01,6.768078e-03,2.205119e-02,2.619327e-03,2.214613e-02,1.400672e-02,2.194175e-02
5.219366e-03,1.213784e-01,7.966758e-03,5.197249e-02,1.874171e-02,3.730206e-01,1.834507e-03,3.636729e-02,3.155358e-01,5.173253e-03,1.631290e-02,2.076062e-03,1.803835e-02,9.911064e-03,1.645135e-02
9.974841e-03,1.133246e-01,1.024429e-02,4.005075e-02,1.505182e-02,4.383454e-01,1.910631e-03,2.884339e-02,2.692284e-01,6.884339e-03,1.580215e-02,2.372621e-03,2.303552e-02,7.473108e-03,1.745800e-02
1.401196e-02,1.418657e-01,1.063506e-02,2.877511e-02,1.145095e-02,4.357487e-01,1.624257e-03,2.174602e-02,2.652338e-01,5.500928e-03,1.269264e-02,2.282472e-03,2.666225e-02,5.408674e-03,1.636137e-02
1.763848e-02,1.488371e-01,9.179288e-03,2.093867e-02,1.195151e-02,4.049079e-01,1.806831e-03,1.663250e-02,3.096790e-01,4.500169e-03,9.424555e-03,1.960541e-03,2.474326e-02,3.862477e-03,1.393761e-02
2.512431e-02,1.690167e-01,2.080747e-02,2.279544e-02,1.250172e-02,3.340696e-01,9.596430e-03,4.385083e-02,3.043577e-01,4.456592e-03,7.086961e-03,2.131165e-03,2.576194e-02,3.015132e-03,1.542798e-02
3.069605e-02,1.525886e-01,2.017099e-02,2.695817e-02,1.531401e-02,3.014458e-01,1.050580e-02,4.608683e-02,3.280958e-01,5.434455e-03,5.732492e-03,2.440228e-03,2.902848e-02,2.777855e-03,2.272439e-02
2.896350e-02,1.527230e-01,2.347258e-02,1.533514e-01,1.277583e-02,2.735328e-01,7.505493e-03,3.475526e-02,2.502276e-01,6.090320e-03,6.565255e-03,2.707367e-03,2.232570e-02,2.145467e-03,2.285837e-02
6.230599e-02,1.238618e-01,2.047800e-02,1.515949e-01,1.258684e-02,2.994654e-01,5.635177e-03,2.629928e-02,2.059512e-01,5.105753e-03,1.248438e-02,5.619846e-03,4.522167e-02,1.938271e-03,2.145144e-02
6.431304e-02,9.373768e-02,2.245577e-02,1.645934e-01,1.879378e-02,2.584850e-01,5.921516e-03,2.007962e-02,1.539935e-01,1.022802e-02,2.146264e-02,1.578853e-02,9.480398e-02,4.083248e-03,5.126023e-02
6.507361e-02,6.727105e-02,2.863957e-02,1.219186e-01,3.686425e-02,2.052747e-01,1.201661e-02,4.917242e-02,1.392284e-01,9.362819e-03,3.189889e-02,1.843584e-02,1.178457e-01,3.292217e-03,9.370519e-02
6.585460e-02,5.819200e-02,2.651051e-02,8.834869e-02,3.975000e-02,2.084741e-01,1.585093e-02,5.511984e-02,2.013684e-01,1.018102e-02,2.775844e-02,1.869337e-02,1.012915e-01,3.083241e-03,7.952330e-02
5.550898e-02,4.442827e-02,5.554875e-02,7.538009e-02,5.445454e-02,1.924912e-01,3.005505e-02,6.348890e-02,2.503489e-01,7.871712e-03,2.047321e-02,1.336877e-02,7.480826e-02,2.328647e-03,5.944467e-02
4.993357e-02,4.185460e-02,5.440291e-02,6.464159e-02,4.895023e-02,2.240863e-01,2.745104e-02,4.852165e-02,2.957558e-01,1.673221e-02,1.484571e-02,9.557948e-03,5.578813e-02,1.771086e-03,4.570721e-02
3.859823e-02,3.454072e-02,1.028910e-01,2.003433e-01,3.718880e-02,1.644447e-01,2.003323e-02,3.524055e-02,2.538064e-01,1.573121e-02,1.096667e-02,7.217453e-03,4.227985e-02,1.267278e-03,3.545064e-02
3.695039e-02,3.638301e-02,1.004198e-01,1.962850e-01,2.973786e-02,1.628598e-01,1.627257e-02,3.077085e-02,2.876768e-01,1.669500e-02,9.260804e-03,6.755364e-03,3.689617e-02,9.595648e-04,3.207703e-02
4.317138e-02,3.721910e-02,7.826159e-02,1.464043e-01,2.710668e-02,1.989972e-01,1.539761e-02,2.828610e-02,3.326774e-01,1.837864e-02,7.743854e-03,5.756970e-03,2.825960e-02,7.461245e-04,3.159339e-02
4.102515e-02,3.282122e-02,1.095836e-01,1.450429e-01,2.274437e-02,2.457191e-01,1.155098e-02,3.607903e-02,2.643410e-01,2.396230e-02,6.319481e-03,4.938509e-03,2.038419e-02,6.461992e-04,3.484211e-02
5.408579e-02,2.711061e-02,7.888187e-02,1.055084e-01,1.743244e-02,3.776433e-01,8.816453e-03,4.023952e-02,2.158000e-01,1.805904e-02,5.880510e-03,7.757648e-03,1.551354e-02,4.881487e-04,2.678267e-02
7.843462e-02,2.441412e-02,6.255351e-02,8.797419e-02,1.471532e-02,3.723980e-01,9.491324e-03,5.295128e-02,1.908272e-01,1.646584e-02,8.388313e-03,7.970705e-03,4.813935e-02,4.104410e-04,2.486586e-02
7.266536e-02,1.964969e-02,4.766285e-02,7.796782e-02,1.223006e-02,3.074979e-01,1.128147e-02,3.986353e-02,1.482890e-01,1.442450e-02,1.808364e-02,1.322931e-02,1.886815e-01,1.027670e-03,2.744569e-02
5.347836e-02,1.482765e-02,3.435781e-02,5.985612e-02,9.559258e-03,2.203374e-01,9.119831e-03,2.896942e-02,1.084799e-01,1.093006e-02,1.623268e-02,1.139910e-02,3.884450e-01,9.232293e-04,3.308425e-02
4.092337e-02,1.137441e-02,2.700855e-02,4.719105e-02,8.715242e-03,1.592036e-01,7.097455e-03,2.162462e-02,8.222073e-02,8.310369e-03,1.518246e-02,1.513781e-02,5.123080e-01,7.137958e-04,4.298859e-02
3.229667e-02,8.933791e-03,1.936299e-02,3.832072e-02,8.117855e-03,1.183538e-01,5.448279e-03,1.537203e-02,6.844909e-02,6.573254e-03,1.338429e-02,1.968672e-02,5.991217e-01,5.806350e-04,4.599813e-02
2.309128e-02,1.640391e-02,1.999125e-02,2.713729e-02,9.543394e-03,8.433758e-02,4.431615e-03,1.084792e-02,9.075835e-02,5.313777e-03,9.982157e-03,1.614415e-02,5.691114e-01,4.851359e-04,1.124209e-01
1.626025e-02,1.156912e-02,1.468667e-02,1.906269e-02,8.034541e-03,5.938666e-02,1.781629e-02,9.123227e-03,6.741354e-02,4.704729e-03,7.304680e-03,1.171296e-02,4.409195e-01,3.921316e-04,3.116130e-01
1.159790e-02,8.923721e-03,1.071026e-02,1.353673e-02,6.122067e-03,4.194703e-02,1.627360e-02,6.527294e-03,5.177497e-02,5.439423e-03,6.166033e-03,1.038379e-02,4.338977e-01,3.207050e-04,3.763788e-01
8.170008e-03,6.444823e-03,1.085419e-02,9.567513e-03,5.540440e-03,2.962091e-02,1.646343e-01,6.587186e-03,3.712234e-02,5.373502e-03,4.622868e-03,8.219463e-03,3.914299e-01,2.404951e-04,3.115721e-01
5.997194e-03,5.430880e-03,9.164277e-03,6.811323e-03,6.905486e-03,2.115363e-02,1.534056e-01,6.129948e-03,3.040678e-02,6.748124e-03,3.556730e-03,7.933656e-03,3.911520e-01,2.074611e-04,3.449970e-01
4.559048e-03,4.461654e-03,8.589969e-03,4.925774e-03,7.237053e-03,1.584443e-02,1.439108e-01,5.774480e-03,2.303644e-02,1.760856e-02,4.134180e-03,1.222010e-02,4.259043e-01,2.509631e-04,3.215422e-01
3.365214e-03,3.248660e-03,7.391425e-03,3.733032e-03,5.721432e-03,1.258508e-02,1.231397e-01,4.415171e-03,1.679931e-02,6.246215e-02,9.008298e-03,1.667686e-02,4.516332e-01,3.544912e-04,2.794661e-01
2.538304e-03,2.507066e-03,7.263516e-03,2.849342e-03,9.994283e-03,9.049827e-03,1.082530e-01,4.099823e-03,1.858769e-02,9.394142e-02,1.316506e-02,1.885579e-02,3.507307e-01,3.841308e-04,3.577801e-01
1.827759e-03,1.796538e-03,6.269267e-03,2.157198e-03,9.760021e-03,6.434138e-03,3.168913e-01,2.085612e-02,1.359300e-02,6.809401e-02,1.027132e-02,1.348471e-02,2.481321e-01,2.896274e-04,2.801428e-01
1.876038e-03,1.627050e-03,8.625379e-03,2.606202e-03,6.908926e-02,5.546603e-03,3.615288e-01,1.960759e-02,1.696282e-02,5.178306e-02,9.062329e-03,9.993628e-03,1.847457e-01,2.424995e-04,2.567030e-01
1.891555e-03,1.347829e-03,2.535786e-02,3.579166e-03,1.099912e-01,5.634211e-03,3.790065e-01,5.115137e-02,1.534579e-02,3.862215e-02,9.190805e-03,7.472015e-03,1.475803e-01,2.053113e-04,2.036241e-01
3.409846e-03,1.505409e-02,3.683534e-02,4.716795e-03,9.076136e-02,9.807108e-02,2.725164e-01,4.472085e-02,6.002044e-02,3.620047e-02,1.518680e-02,6.795018e-03,1.440361e-01,4.351289e-04,1.712403e-01
4.148311e-03,2.012983e-02,7.201759e-02,5.569833e-02,8.032905e-02,9.679130e-02,1.929426e-01,5.260307e-02,1.103418e-01,3.072857e-02,2.182926e-02,1.088803e-02,1.207952e-01,4.553967e-04,1.303016e-01
6.149032e-03,1.513597e-02,6.703819e-02,4.019645e-02,6.000766e-02,1.415813e-01,1.482276e-01,5.094120e-02,8.403244e-02,2.611872e-02,2.282690e-02,9.013978e-03,1.656114e-01,5.960076e-04,1.625233e-01
1.372535e-02,1.310336e-02,7.442940e-02,2.882630e-02,4.682612e-02,1.462666e-01,1.107616e-01,4.972107e-02,6.918010e-02,2.032908e-02,1.800241e-02,7.648279e-03,1.605327e-01,9.258499e-04,2.397218e-01
2.375506e-02,1.109369e-02,5.686715e-02,2.049664e-02,3.469484e-02,1.113110e-01,7.868408e-02,3.615521e-02,5.710943e-02,1.543854e-02,1.322509e-02,7.261480e-03,1.591714e-01,1.366592e-03,3.733699e-01
3.359959e-02,9.864748e-03,4.085258e-02,1.481275e-02,2.661728e-02,8.924314e-02,5.601028e-02,2.664624e-02,5.252531e-02,1.213497e-02,9.831943e-03,1.025369e-02,1.896875e-01,2.121191e-03,4.257988e-01
6.450179e-02,1.225588e-02,3.241729e-02,1.978689e-02,2.574809e-02,7.262298e-02,4.409639e-02,2.744312e-02,5.557439e-02,1.343698e-02,8.054472e-03,1.496508e-02,1.958323e-01,3.063492e-03,4.102009e-01
1.046448e-01,1.801450e-02,2.566468e-02,2.700305e-02,2.200611e-02,8.658338e-02,3.517474e-02,2.949551e-02,6.068417e-02,3.279468e-02,1.052198e-02,1.776795e-02,1.518108e-01,4.205841e-03,3.736277e-01
1.156830e-01,2.027033e-02,2.002393e-02,2.761907e-02,1.723801e-02,7.148104e-02,2.627341e-02,2.579070e-02,6.751492e-02,3.021448e-02,1.300805e-02,1.659144e-02,1.193622e-01,4.512701e-03,4.244167e-01
1.034532e-01,2.690629e-02,1.660807e-02,2.481193e-02,1.410217e-02,6.358879e-02,1.959620e-02,2.067676e-02,9.866097e-02,3.387496e-02,2.377125e-02,1.424138e-02,9.757348e-02,8.971482e-03,4.331630e-01
8.545099e-02,3.226214e-02,1.239854e-02,1.981021e-02,1.141290e-02,5.188902e-02,1.396331e-02,1.637100e-02,1.202684e-01,3.886444e-02,3.204858e-02,1.178792e-02,7.079805e-02,2.030750e-02,4.623671e-01
6.663430e-02,4.110517e-02,9.598332e-03,1.867746e-02,9.149065e-03,4.097229e-02,1.001688e-02,1.304728e-02,1.078431e-01,5.723196e-02,3.601556e-02,9.812053e-03,5.222420e-02,2.971312e-02,4.979593e-01
5.581151e-02,5.505284e-02,7.222232e-03,1.768002e-02,7.479494e-03,3.461357e-02,7.154929e-03,9.975974e-03,1.292013e-01,1.296554e-01,4.314471e-02,1.022421e-02,4.517742e-02,3.385115e-02,4.137552e-01
4.306126e-02,5.292075e-02,5.234928e-03,1.475528e-02,6.383233e-03,3.618729e-02,5.156088e-03,7.703855e-03,1.741900e-01,1.172202e-01,6.595303e-02,1.071937e-02,4.542224e-02,4.263666e-02,3.724558e-01
3.288342e-02,4.108049e-02,4.005284e-03,1.720254e-02,5.852102e-03,3.317284e-02,3.949767e-03,9.498399e-03,2.523448e-01,9.504791e-02,7.850835e-02,1.283159e-02,3.495656e-02,5.474270e-02,3.239232e-01
2.362798e-02,3.191567e-02,2.928074e-03,1.549026e-02,4.782368e-03,3.291541e-02,2.853748e-03,7.628880e-03,3.950171e-01,7.120763e-02,7.104924e-02,1.331152e-02,2.665452e-02,4.582484e-02,2.547927e-01
1.729422e-02,2.838252e-02,2.347545e-03,1.638814e-02,4.022887e-03,4.380761e-02,2.107431e-03,7.222556e-03,4.451140e-01,5.611802e-02,8.091389e-02,1.752188e-02,2.398992e-02,3.662444e-02,2.181449e-01
1.267959e-02,2.494830e-02,2.975482e-03,1.687291e-02,4.364029e-03,1.327556e-01,1.673441e-03,7.127906e-03,4.391063e-01,4.305583e-02,7.787037e-02,1.598428e-02,2.376404e-02,2.729720e-02,1.695247e-01
9.664542e-03,2.211561e-02,2.514960e-03,1.431193e-02,4.020888e-03,1.030324e-01,1.244333e-03,7.760043e-03,5.376400e-01,3.284508e-02,7.588430e-02,1.608293e-02,2.145003e-02,2.045853e-02,1.309744e-01
7.477105e-03,1.791685e-02,2.011433e-03,1.100886e-02,6.063166e-03,8.143567e-02,9.210689e-04,6.843535e-03,6.529240e-01,2.375880e-02,5.508530e-02,1.203974e-02,1.554745e-02,1.445686e-02,9.251013e-02
7.627312e-03,1.448394e-02,2.557397e-03,1.426321e-02,1.213074e-02,6.655288e-02,7.846222e-04,8.841423e-03,7.073498e-01,2.502906e-02,3.903282e-02,8.520878e-03,1.111164e-02,1.046573e-02,7.124852e-02
8.238262e-03,1.184287e-02,5.679122e-03,6.721351e-02,1.471713e-02,6.276027e-02,1.132550e-03,3.250981e-02,6.662830e-01,2.586427e-02,2.801083e-02,6.103446e-03,8.847241e-03,7.596120e-03,5.320156e-02
4.049877e-02,1.195172e-02,1.268027e-02,6.039587e-02,2.385251e-02,4.948616e-02,1.500911e-03,3.733937e-02,6.608247e-01,2.143855e-02,2.075601e-02,4.500669e-03,7.118295e-03,5.957445e-03,4.169874e-02
5.924708e-02,2.345235e-02,1.944159e-02,4.964828e-02,2.767239e-02,4.277286e-02,2.145742e-03,3.792889e-02,6.163854e-01,2.504270e-02,1.645829e-02,3.723162e-03,8.337471e-03,5.041864e-03,6.270188e-02
4.580837e-02,6.679963e-02,1.774592e-02,5.684275e-02,2.502143e-02,3.774531e-02,2.043428e-03,3.010968e-02,5.741462e-01,2.321024e-02,1.251341e-02,3.759860e-03,1.222358e-02,3.761877e-03,8.826825e-02
3.403216e-02,8.122879e-02,4.728720e-02,1.398139e-01,2.128457e-02,2.807711e-02,1.865565e-03,2.461131e-02,4.779302e-01,2.676425e-02,9.387860e-03,3.447900e-03,1.368475e-02,2.718171e-03,8.786614e-02
2.414071e-02,2.631154e-01,3.628395e-02,1.066582e-01,1.507894e-02,2.028591e-02,1.334155e-03,1.732333e-02,3.921902e-01,1.885194e-02,7.324121e-03,4.292799e-03,2.910377e-02,1.919344e-03,6.209721e-02
1.703529e-02,2.074678e-01,2.619105e-02,7.765144e-02,1.061874e-02,1.619011e-02,9.927498e-04,1.218687e-02,2.866279e-01,1.327856e-02,9.623457e-03,3.500012e-02,2.377249e-01,1.389521e-03,4.802147e-02
1.222683e-02,1.478445e-01,1.839213e-02,5.517611e-02,7.480061e-03,1.818929e-02,7.672769e-04,8.548293e-03,2.108250e-01,9.429316e-03,1.404422e-02,1.406863e-01,3.107175e-01,1.314584e-03,4.435860e-02
8.748534e-03,1.058037e-01,1.303711e-02,3.897042e-02,5.371894e-03,1.569470e-02,6.296152e-04,6.009200e-03,1.611035e-01,7.169380e-03,1.685202e-02,2.018006e-01,3.751112e-01,1.784978e-03,4.191319e-02
6.344235e-03,7.566682e-02,1.034044e-02,2.756375e-02,4.112255e-03,1.321612e-02,1.327051e-03,4.244162e-03,1.234839e-01,8.957835e-03,2.323613e-02,2.796504e-01,3.865185e-01,1.885732e-03,3.345262e-02
4.617246e-03,5.420973e-02,8.144554e-03,1.946894e-02,3.295918e-03,1.082868e-02,1.174903e-03,2.990299e-03,9.480730e-02,1.181431e-02,3.187310e-02,3.532988e-01,3.750684e-01,1.768214e-03,2.663967e-02
3.576279e-03,3.880358e-02,5.772983e-03,1.371211e-02,2.485872e-03,7.764290e-03,9.242110e-04,2.099676e-03,7.461280e-02,1.663052e-02,3.090189e-02,4.845579e-01,2.965436e-01,1.855678e-03,1.975855e-02
2.680392e-03,2.791506e-02,4.062322e-03,9.634203e-03,1.834378e-03,5.488586e-03,6.949183e-04,1.471848e-03,6.270260e-02,1.916726e-02,2.746621e-02,5.798197e-01,2.404628e-01,1.611111e-03,1.498855e-02
2.132691e-03,2.014047e-02,2.853136e-03,6.794247e-03,1.525411e-03,4.062070e-03,5.132540e-04,1.035388e-03,8.028048e-02,1.706129e-02,3.317957e-02,6.422864e-01,1.754317e-01,2.013830e-03,1.069014e-02
1.624979e-03,1.441005e-02,2.005420e-03,4.800783e-03,1.306093e-03,3.307342e-03,3.706939e-04,7.509902e-04,8.132666e-02,1.288639e-02,4.033368e-02,7.013632e-01,1.256911e-01,2.284478e-03,7.538250e-03
1.308511e-03,1.026004e-02,1.571577e-03,3.519296e-03,1.731152e-03,9.634709e-03,6.133757e-04,2.937764e-03,7.952831e-02,1.013421e-02,4.467151e-02,7.357925e-01,9.118909e-02,1.790293e-03,5.317689e-03
1.241424e-03,8.222293e-03,1.754692e-03,3.239457e-03,3.659800e-03,1.056728e-02,1.148787e-03,1.424076e-02,2.250560e-01,7.755224e-03,5.810918e-02,5.949042e-01,6.488936e-02,1.399644e-03,3.811884e-03
1.837426e-03,6.181463e-03,2.397623e-03,3.828391e-03,8.266284e-03,4.141602e-02,2.951585e-03,2.973327e-02,1.795010e-01,7.346049e-03,8.707771e-02,5.786672e-01,4.644820e-02,1.597817e-03,2.749929e-03
2.636674e-03,4.861639e-03,1.909034e-03,3.474412e-03,7.268675e-03,4.133232e-02,2.214741e-03,2.314899e-02,1.635945e-01,7.008085e-03,1.258584e-01,5.781500e-01,3.368612e-02,2.730675e-03,2.125670e-03
6.651785e-03,5.153757e-03,1.824494e-03,3.049776e-03,6.478273e-03,3.351815e-02,1.822365e-03,1.749630e-02,1.528129e-01,1.178663e-02,2.378146e-01,4.845229e-01,2.772006e-02,7.082370e-03,2.265700e-03
1.347383e-02,5.322702e-03,2.385370e-03,2.908994e-03,1.375743e-02,2.785613e-02,3.133775e-03,1.525713e-02,1.680911e-01,1.756899e-02,3.022998e-01,3.908600e-01,2.389047e-02,9.833951e-03,3.360317e-03
1.900052e-02,5.783281e-03,3.595938e-03,3.640627e-03,4.684990e-02,2.404855e-02,5.060569e-03,1.741560e-02,1.749751e-01,1.478423e-02,3.401878e-01,3.137039e-01,1.973066e-02,8.578718e-03,2.644698e-03
2.752978e-02,6.840926e-03,2.938752e-03,3.330772e-03,4.510740e-02,1.843561e-02,6.002511e-03,1.602254e-02,1.721102e-01,1.382149e-02,4.252691e-01,2.359069e-01,1.729819e-02,7.169113e-03,2.216720e-03
2.799506e-02,8.274350e-03,3.341288e-03,1.105389e-02,4.532837e-02,1.472968e-02,5.265664e-03,1.694210e-02,1.464786e-01,1.054910e-02,4.509695e-01,2.286862e-01,2.080735e-02,7.265184e-03,2.313676e-03
2.965170e-02,1.865690e-02,5.229747e-03,1.275845e-02,3.577214e-02,1.420147e-02,4.369069e-03,2.447311e-02,1.397201e-01,1.020756e-02,4.708987e-01,1.952845e-01,2.395638e-02,1.014366e-02,4.676646e-03
2.841372e-02,2.414913e-02,5.795667e-03,1.120733e-02,3.512219e-02,1.505612e-02,4.587804e-03,2.186655e-02,2.712248e-01,9.062290e-03,3.953148e-01,1.457060e-01,1.838757e-02,9.504411e-03,4.601699e-03
2.707397e-02,2.636151e-02,1.104805e-02,2.190439e-02,4.288587e-02,1.797174e-02,4.639916e-03,2.597796e-02,3.869906e-01,8.098956e-03,2.984826e-01,1.028980e-01,1.353996e-02,7.694875e-03,4.431553e-03
2.993337e-02,3.154638e-02,1.027226e-02,2.477478e-02,5.272618e-02,1.918596e-02,4.849941e-03,2.479690e-02,4.746407e-01,9.398688e-03,2.202614e-01,7.270085e-02,1.022309e-02,6.342901e-03,8.346586e-03
3.581007e-02,3.668546e-02,1.375552e-02,1.483848e-01,8.683465e-02,1.558718e-02,3.755192e-03,2.593033e-02,3.796886e-01,9.165002e-03,1.572091e-01,5.298896e-02,8.614805e-03,5.287812e-03,2.030252e-02
6.151135e-02,3.826511e-02,1.226809e-02,1.107953e-01,1.250257e-01,1.557897e-02,4.072701e-03,2.623664e-02,3.273929e-01,1.263342e-02,1.156029e-01,4.169701e-02,8.438871e-03,8.196337e-03,9.228469e-02
7.941468e-02,3.685514e-02,1.418365e-02,1.083485e-01,1.809689e-01,1.460463e-02,4.589134e-03,5.813003e-02,2.876436e-01,1.072989e-02,8.518375e-02,3.230050e-02,8.045428e-03,7.125427e-03,7.187678e-02
1.138730e-01,4.772262e-02,1.219498e-02,8.218855e-02,1.517002e-01,1.314184e-02,4.945519e-03,4.757475e-02,3.027439e-01,1.263144e-02,6.545229e-02,3.071325e-02,1.298690e-02,7.532414e-03,9.459841e-02
1.444774e-01,5.159629e-02,1.018046e-02,6.743807e-02,1.263909e-01,1.261380e-02,6.087832e-03,4.313349e-02,3.291408e-01,1.166971e-02,5.095302e-02,3.685001e-02,2.194810e-02,9.126683e-03,7.839343e-02
