1.000000e+00,0.000000e+00,0.000000e+00,0.000000e+00,0.000000e+00,0.000000e+00,0.000000e+00,0.000000e+00,0.000000e+00,0.000000e+00,0.000000e+00,0.000000e+00,0.000000e+00,0.000000e+00,0.000000e+00
1.000000e+00,0.000000e+00,0.000000e+00,0.000000e+00,0.000000e+00,0.000000e+00,0.000000e+00,0.000000e+00,0.000000e+00,0.000000e+00,0.000000e+00,0.000000e+00,0.000000e+00,0.000000e+00,0.000000e+00
1.000000e+00,0.000000e+00,0.000000e+00,0.000000e+00,0.000000e+00,0.000000e+00,0.000000e+00,0.000000e+00,0.000000e+00,0.000000e+00,0.000000e+00,0.000000e+00,0.000000e+00,0.000000e+00,0.000000e+00
1.000000e+00,0.000000e+00,0.000000e+00,0.000000e+00,0.000000e+00,0.000000e+00,0.000000e+00,0.000000e+00,0.000000e+00,0.000000e+00,0.000000e+00,0.000000e+00,0.000000e+00,0.000000e+00,0.000000e+00
1.000000e+00,0.000000e+00,0.000000e+00,0.000000e+00,0.000000e+00,0.000000e+00,0.000000e+00,0.000000e+00,0.000000e+00,0.000000e+00,0.000000e+00,0.000000e+00,0.000000e+00,0.000000e+00,0.000000e+00
1.000000e+00,0.000000e+00,0.000000e+00,0.000000e+00,0.000000e+00,0.000000e+00,0.000000e+00,0.000000e+00,0.000000e+00,0.000000e+00,0.000000e+00,0.000000e+00,0.000000e+00,0.000000e+00,0.000000e+00
1.000000e+00,0.000000e+00,0.000000e+00,0.000000e+00,0.000000e+00,0.000000e+00,0.000000e+00,0.000000e+00,0.000000e+00,0.000000e+00,0.000000e+00,0.000000e+00,0.000000e+00,0.000000e+00,0.000000e+00
1.000000e+00,0.000000e+00,0.000000e+00,0.000000e+00,0.000000e+00,0.000000e+00,0.000000e+00,0.000000e+00,0.000000e+00,0.000000e+00,0.000000e+00,0.000000e+00,0.000000e+00,0.000000e+00,0.000000e+00
1.000000e+00,0.000000e+00,0.000000e+00,0.000000e+00,0.000000e+00,0.000000e+00,0.000000e+00,0.000000e+00,0.000000e+00,0.000000e+00,0.000000e+00,0.000000e+00,0.000000e+00,0.000000e+00,0.000000e+00
1.000000e+00,0.000000e+00,0.000000e+00,0.000000e+00,0.000000e+00,0.000000e+00,0.000000e+00,0.000000e+00,0.000000e+00,0.000000e+00,0.000000e+00,0.000000e+00,0.000000e+00,0.000000e+00,0.000000e+00
1.000000e+00,0.000000e+00,0.000000e+00,0.000000e+00,0.000000e+00,0.000000e+00,0.000000e+00,0.000000e+00,0.000000e+00,0.000000e+00,0.000000e+00,0.000000e+00,0.000000e+00,0.000000e+00,0.000000e+00
1.000000e+00,0.000000e+00,0.000000e+00,0.000000e+00,0.000000e+00,0.000000e+00,0.000000e+00,0.000000e+00,0.000000e+00,0.000000e+00,0.000000e+00,0.000000e+00,0.000000e+00,0.000000e+00,0.000000e+00
1.000000e+00,0.000000e+00,0.000000e+00,0.000000e+00,0.000000e+00,0.000000e+00,0.000000e+00,0.000000e+00,0.000000e+00,0.000000e+00,0.000000e+00,0.000000e+00,0.000000e+00,0.000000e+00,0.000000e+00
1.000000e+00,0.000000e+00,0.000000e+00,0.000000e+00,0.000000e+00,0.000000e+00,0.000000e+00,0.000000e+00,0.000000e+00,0.000000e+00,0.000000e+00,0.000000e+00,0.000000e+00,0.000000e+00,0.000000e+00
1.000000e+00,0.000000e+00,0.000000e+00,0.000000e+00,0.000000e+00,0.000000e+00,0.000000e+00,0.000000e+00,0.000000e+00,0.000000e+00,0.000000e+00,0.000000e+00,0.000000e+00,0.000000e+00,0.000000e+00
1.000000e+00,0.000000e+00,0.000000e+00,0.000000e+00,0.000000e+00,0.000000e+00,0.000000e+00,0.000000e+00,0.000000e+00,0.000000e+00,0.000000e+00,0.000000e+00,0.000000e+00,0.000000e+00,0.000000e+00
1.000000e+00,0.000000e+00,0.000000e+00,0.000000e+00,0.000000e+00,0.000000e+00,0.000000e+00,0.000000e+00,0.000000e+00,0.000000e+00,0.000000e+00,0.000000e+00,0.000000e+00,0.000000e+00,0.000000e+00
1.000000e+00,0.000000e+00,0.000000e+00,0.000000e+00,0.000000e+00,0.000000e+00,0.000000e+00,0.000000e+00,0.000000e+00,0.000000e+00,0.000000e+00,0.000000e+00,0.000000e+00,0.000000e+00,0.000000e+00
1.000000e+00,0.000000e+00,0.000000e+00,0.000000e+00,0.000000e+00,0.000000e+00,0.000000e+00,0.000000e+00,0.000000e+00,0.000000e+00,0.000000e+00,0.000000e+00,0.000000e+00,0.000000e+00,0.000000e+00
1.000000e+00,0.000000e+00,0.000000e+00,0.000000e+00,0.000000e+00,0.000000e+00,0.000000e+00,0.000000e+00,0.000000e+00,0.000000e+00,0.000000e+00,0.000000e+00,0.000000e+00,0.000000e+00,0.000000e+00
1.000000e+00,0.000000e+00,0.000000e+00,0.000000e+00,0.000000e+00,0.000000e+00,0.000000e+00,0.000000e+00,0.000000e+00,0.000000e+00,0.000000e+00,0.000000e+00,0.000000e+00,0.000000e+00,0.000000e+00
1.000000e+00,0.000000e+00,0.000000e+00,0.000000e+00,0.000000e+00,0.000000e+00,0.000000e+00,0.000000e+00,0.000000e+00,0.000000e+00,0.000000e+00,0.000000e+00,0.000000e+00,0.000000e+00,0.000000e+00
1.000000e+00,0.000000e+00,0.000000e+00,0.000000e+00,0.000000e+00,0.000000e+00,0.000000e+00,0.000000e+00,0.000000e+00,0.000000e+00,0.000000e+00,0.000000e+00,0.000000e+00,0.000000e+00,0.000000e+00
1.000000e+00,0.000000e+00,0.000000e+00,0.000000e+00,0.000000e+00,0.000000e+00,0.000000e+00,0.000000e+00,0.000000e+00,0.000000e+00,0.000000e+00,0.000000e+00,0.000000e+00,0.000000e+00,0.000000e+00
1.000000e+00,0.000000e+00,0.000000e+00,0.000000e+00,0.000000e+00,0.000000e+00,0.000000e+00,0.000000e+00,0.000000e+00,0.000000e+00,0.000000e+00,0.000000e+00,0.000000e+00,0.000000e+00,0.000000e+00
1.000000e+00,0.000000e+00,0.000000e+00,0.000000e+00,0.000000e+00,0.000000e+00,0.000000e+00,0.000000e+00,0.000000e+00,0.000000e+00,0.000000e+00,0.000000e+00,0.000000e+00,0.000000e+00,0.000000e+00
1.000000e+00,0.000000e+00,0.000000e+00,0.000000e+00,0.000000e+00,0.000000e+00,0.000000e+00,0.000000e+00,0.000000e+00,0.000000e+00,0.000000e+00,0.000000e+00,0.000000e+00,0.000000e+00,0.000000e+00
1.000000e+00,0.000000e+00,0.000000e+00,0.000000e+00,0.000000e+00,0.000000e+00,0.000000e+00,0.000000e+00,0.000000e+00,0.000000e+00,0.000000e+00,0.000000e+00,0.000000e+00,0.000000e+00,0.000000e+00
1.000000e+00,0.000000e+00,0.000000e+00,0.000000e+00,0.000000e+00,0.000000e+00,0.000000e+00,0.000000e+00,0.000000e+00,0.000000e+00,0.000000e+00,0.000000e+00,0.000000e+00,0.000000e+00,0.000000e+00
1.000000e+00,0.000000e+00,0.000000e+00,0.000000e+00,0.000000e+00,0.000000e+00,0.000000e+00,0.000000e+00,0.000000e+00,0.000000e+00,0.000000e+00,0.000000e+00,0.000000e+00,0.000000e+00,0.000000e+00
1.000000e+00,0.000000e+00,0.000000e+00,0.000000e+00,0.000000e+00,0.000000e+00,0.000000e+00,0.000000e+00,0.000000e+00,0.000000e+00,0.000000e+00,0.000000e+00,0.000000e+00,0.000000e+00,0.000000e+00
1.000000e+00,0.000000e+00,0.000000e+00,0.000000e+00,0.000000e+00,0.000000e+00,0.000000e+00,0.000000e+00,0.000000e+00,0.000000e+00,0.000000e+00,0.000000e+00,0.000000e+00,0.000000e+00,0.000000e+00
1.000000e+00,0.000000e+00,0.000000e+00,0.000000e+00,0.000000e+00,0.000000e+00,0.000000e+00,0.000000e+00,0.000000e+00,0.000000e+00,0.000000e+00,0.000000e+00,0.000000e+00,0.000000e+00,0.000000e+00
1.000000e+00,0.000000e+00,0.000000e+00,0.000000e+00,0.000000e+00,0.000000e+00,0.000000e+00,0.000000e+00,0.000000e+00,0.000000e+00,0.000000e+00,0.000000e+00,0.000000e+00,0.000000e+00,0.000000e+00
1.000000e+00,0.000000e+00,0.000000e+00,0.000000e+00,0.000000e+00,0.000000e+00,0.000000e+00,0.000000e+00,0.000000e+00,0.000000e+00,0.000000e+00,0.000000e+00,0.000000e+00,0.000000e+00,0.000000e+00
1.000000e+00,0.000000e+00,0.000000e+00,0.000000e+00,0.000000e+00,0.000000e+00,0.000000e+00,0.000000e+00,0.000000e+00,0.000000e+00,0.000000e+00,0.000000e+00,0.000000e+00,0.000000e+00,0.000000e+00
1.000000e+00,0.000000e+00,0.000000e+00,0.000000e+00,0.000000e+00,0.000000e+00,0.000000e+00,0.000000e+00,0.000000e+00,0.000000e+00,0.000000e+00,0.000000e+00,0.000000e+00,0.000000e+00,0.000000e+00
1.000000e+00,0.000000e+00,0.000000e+00,0.000000e+00,0.000000e+00,0.000000e+00,0.000000e+00,0.000000e+00,0.000000e+00,0.000000e+00,0.000000e+00,0.000000e+00,0.000000e+00,0.000000e+00,0.000000e+00
1.000000e+00,0.000000e+00,0.000000e+00,0.000000e+00,0.000000e+00,0.000000e+00,0.000000e+00,0.000000e+00,0.000000e+00,0.000000e+00,0.000000e+00,0.000000e+00,0.000000e+00,0.000000e+00,0.000000e+00
1.000000e+00,0.000000e+00,0.000000e+00,0.000000e+00,0.000000e+00,0.000000e+00,0.000000e+00,0.000000e+00,0.000000e+00,0.000000e+00,0.000000e+00,0.000000e+00,0.000000e+00,0.000000e+00,0.000000e+00
1.000000e+00,0.000000e+00,0.000000e+00,0.000000e+00,0.000000e+00,0.000000e+00,0.000000e+00,0.000000e+00,0.000000e+00,0.000000e+00,0.000000e+00,0.000000e+00,0.000000e+00,0.000000e+00,0.000000e+00
1.000000e+00,0.000000e+00,0.000000e+00,0.000000e+00,0.000000e+00,0.000000e+00,0.000000e+00,0.000000e+00,0.000000e+00,0.000000e+00,0.000000e+00,0.000000e+00,0.000000e+00,0.000000e+00,0.000000e+00
1.000000e+00,0.000000e+00,0.000000e+00,0.000000e+00,0.000000e+00,0.000000e+00,0.000000e+00,0.000000e+00,0.000000e+00,0.000000e+00,0.000000e+00,0.000000e+00,0.000000e+00,0.000000e+00,0.000000e+00
1.000000e+00,0.000000e+00,0.000000e+00,0.000000e+00,0.000000e+00,0.000000e+00,0.000000e+00,0.000000e+00,0.000000e+00,0.000000e+00,0.000000e+00,0.000000e+00,0.000000e+00,0.000000e+00,0.000000e+00
1.000000e+00,0.000000e+00,0.000000e+00,0.000000e+00,0.000000e+00,0.000000e+00,0.000000e+00,0.000000e+00,0.000000e+00,0.000000e+00,0.000000e+00,0.000000e+00,0.000000e+00,0.000000e+00,0.000000e+00
1.000000e+00,0.000000e+00,0.000000e+00,0.000000e+00,0.000000e+00,0.000000e+00,0.000000e+00,0.000000e+00,0.000000e+00,0.000000e+00,0.000000e+00,0.000000e+00,0.000000e+00,0.000000e+00,0.000000e+00
1.000000e+00,0.000000e+00,0.000000e+00,0.000000e+00,0.000000e+00,0.000000e+00,0.000000e+00,0.000000e+00,0.000000e+00,0.000000e+00,0.000000e+00,0.000000e+00,0.000000e+00,0.000000e+00,0.000000e+00
1.000000e+00,0.000000e+00,0.000000e+00,0.000000e+00,0.000000e+00,0.000000e+00,0.000000e+00,0.000000e+00,0.000000e+00,0.000000e+00,0.000000e+00,0.000000e+00,0.000000e+00,0.000000e+00,0.000000e+00
1.000000e+00,0.000000e+00,0.000000e+00,0.000000e+00,0.000000e+00,0.000000e+00,0.000000e+00,0.000000e+00,0.000000e+00,0.000000e+00,0.000000e+00,0.000000e+00,0.000000e+00,0.000000e+00,0.000000e+00
1.000000e+00,0.000000e+00,0.000000e+00,0.000000e+00,0.000000e+00,0.000000e+00,0.000000e+00,0.000000e+00,0.000000e+00,0.000000e+00,0.000000e+00,0.000000e+00,0.000000e+00,0.000000e+00,0.000000e+00
1.000000e+00,0.000000e+00,0.000000e+00,0.000000e+00,0.000000e+00,0.000000e+00,0.000000e+00,0.000000e+00,0.000000e+00,0.000000e+00,0.000000e+00,0.000000e+00,0.000000e+00,0.000000e+00,0.000000e+00
1.000000e+00,0.000000e+00,0.000000e+00,0.000000e+00,0.000000e+00,0.000000e+00,0.000000e+00,0.000000e+00,0.000000e+00,0.000000e+00,0.000000e+00,0.000000e+00,0.000000e+00,0.000000e+00,0.000000e+00
1.000000e+00,0.000000e+00,0.000000e+00,0.000000e+00,0.000000e+00,0.000000e+00,0.000000e+00,0.000000e+00,0.000000e+00,0.000000e+00,0.000000e+00,0.000000e+00,0.000000e+00,0.000000e+00,0.000000e+00
1.000000e+00,0.000000e+00,0.000000e+00,0.000000e+00,0.000000e+00,0.000000e+00,0.000000e+00,0.000000e+00,0.000000e+00,0.000000e+00,0.000000e+00,0.000000e+00,0.000000e+00,0.000000e+00,0.000000e+00
1.000000e+00,0.000000e+00,0.000000e+00,0.000000e+00,0.000000e+00,0.000000e+00,0.000000e+00,0.000000e+00,0.000000e+00,0.000000e+00,0.000000e+00,0.000000e+00,0.000000e+00,0.000000e+00,0.000000e+00
1.000000e+00,0.000000e+00,0.000000e+00,0.000000e+00,0.000000e+00,0.000000e+00,0.000000e+00,0.000000e+00,0.000000e+00,0.000000e+00,0.000000e+00,0.000000e+00,0.000000e+00,0.000000e+00,0.000000e+00
1.000000e+00,0.000000e+00,0.000000e+00,0.000000e+00,0.000000e+00,0.000000e+00,0.000000e+00,0.000000e+00,0.000000e+00,0.000000e+00,0.000000e+00,0.000000e+00,0.000000e+00,0.000000e+00,0.000000e+00
4.577293e-01,3.835859e-02,2.283179e-02,9.537506e-02,2.660074e-02,1.707039e-02,2.611281e-01,1.412596e-02,6.554231e-03,2.560019e-03,9.947108e-03,1.603384e-02,1.251283e-02,2.933527e-03,1.623850e-02
3.432968e-01,3.084095e-02,2.091116e-02,6.993598e-02,1.173706e-01,1.732903e-02,3.259397e-01,1.341631e-02,5.386353e-03,7.731452e-03,7.554035e-03,1.250536e-02,1.135072e-02,2.423085e-03,1.400852e-02
2.481594e-01,2.228872e-02,1.703312e-02,4.930568e-02,8.834821e-02,1.541866e-02,4.973586e-01,1.702623e-02,3.951514e-03,5.672013e-03,5.412985e-03,9.147082e-03,9.112208e-03,1.765491e-03,1.000022e-02
1.789070e-01,1.585179e-02,1.345429e-02,3.491154e-02,6.500909e-02,1.302158e-02,6.305407e-01,1.438436e-02,2.916231e-03,4.190808e-03,3.875888e-03,6.896577e-03,7.557519e-03,1.291905e-03,7.190780e-03
1.312737e-01,1.127888e-02,1.007263e-02,2.469304e-02,4.664896e-02,1.084479e-02,7.262311e-01,1.357684e-02,2.133314e-03,3.010143e-03,2.786737e-03,5.240779e-03,6.015042e-03,9.449808e-04,5.249104e-03
1.045054e-01,8.086648e-03,7.478118e-03,1.740040e-02,3.333182e-02,9.415442e-03,7.846975e-01,1.580298e-02,1.599077e-03,2.140508e-03,2.031577e-03,4.010353e-03,4.723496e-03,7.122495e-04,4.064511e-03
1.146498e-01,6.088209e-03,6.245555e-03,1.254323e-02,2.446594e-02,9.920572e-03,7.843322e-01,2.549082e-02,1.381379e-03,1.599276e-03,1.628882e-03,3.328053e-03,4.026611e-03,6.487410e-04,3.650808e-03
1.211981e-01,5.105179e-03,6.179311e-03,1.005105e-02,1.961665e-02,9.693088e-03,7.260514e-01,8.549985e-02,1.415918e-03,1.429104e-03,1.343912e-03,3.539159e-03,4.798803e-03,6.711194e-04,3.407391e-03
1.440628e-01,4.199695e-03,6.767351e-03,7.781002e-03,1.527644e-02,1.209829e-02,6.756312e-01,1.165208e-01,1.222141e-03,1.111210e-03,1.058373e-03,3.780151e-03,6.359716e-03,6.147089e-04,3.516142e-03
1.147168e-01,3.673154e-03,6.891146e-03,7.074320e-03,1.445192e-02,1.096764e-02,6.437206e-01,1.764705e-01,1.124657e-03,1.072310e-03,8.909271e-04,3.393465e-03,1.090406e-02,6.395102e-04,4.009016e-03
9.856862e-02,5.357852e-03,7.027308e-03,8.527542e-03,2.753967e-02,1.321354e-02,4.983455e-01,3.002320e-01,1.601174e-03,2.777777e-03,1.312812e-03,4.234024e-03,1.899999e-02,1.052929e-03,1.120930e-02
7.002852e-02,4.437524e-03,9.576341e-03,7.363230e-03,2.639857e-02,1.146923e-02,3.877967e-01,2.773630e-01,4.981443e-03,1.744819e-02,3.688842e-03,1.104729e-02,1.476059e-01,2.459023e-03,1.833618e-02
5.283075e-02,3.883235e-03,8.180841e-03,6.171574e-03,2.365953e-02,9.653772e-03,2.800274e-01,2.389214e-01,1.661458e-02,8.235370e-02,9.167230e-03,1.551140e-02,2.079635e-01,6.453784e-03,3.860736e-02
3.816807e-02,3.111104e-03,5.933262e-03,5.271661e-03,1.831918e-02,7.346435e-03,2.188489e-01,1.727760e-01,2.000324e-02,9.409834e-02,1.190034e-02,4.388526e-02,2.847214e-01,1.526948e-02,6.034721e-02
2.807412e-02,2.435818e-03,4.312592e-03,4.362601e-03,1.400883e-02,5.783892e-03,2.018664e-01,1.224678e-01,1.561259e-02,8.002847e-02,1.129680e-02,1.122220e-01,3.104165e-01,1.783919e-02,6.927236e-02
2.071632e-02,1.879037e-03,3.229542e-03,4.219914e-03,1.110014e-02,6.177784e-03,1.436002e-01,8.578407e-02,1.864024e-02,1.135949e-01,1.022642e-02,2.383452e-01,2.617930e-01,1.770727e-02,6.298584e-02
1.556293e-02,1.501112e-03,2.373633e-03,3.209916e-03,8.226531e-03,4.934303e-03,1.023180e-01,6.007732e-02,1.574974e-02,1.121214e-01,1.152534e-02,3.450924e-01,2.372656e-01,2.432086e-02,5.572084e-02
1.176394e-02,1.343657e-03,2.438030e-03,3.777235e-03,8.232194e-03,6.401544e-03,7.224663e-02,4.216169e-02,1.878513e-02,1.631715e-01,1.362857e-02,3.986031e-01,1.862190e-01,2.502191e-02,4.620582e-02
9.336606e-03,1.066541e-03,1.908827e-03,3.221289e-03,6.871873e-03,7.445952e-03,5.066429e-02,2.967983e-02,1.724700e-02,1.606125e-01,1.953932e-02,5.012301e-01,1.351941e-01,2.153013e-02,3.445162e-02
7.367727e-03,8.250370e-04,1.697697e-03,2.772521e-03,6.772477e-03,1.128745e-02,3.562393e-02,2.231932e-02,1.970691e-02,1.449098e-01,2.564145e-02,5.785769e-01,1.012105e-01,1.632872e-02,2.495959e-02
5.676209e-03,6.594798e-04,1.282896e-03,2.276634e-03,5.839761e-03,1.022235e-02,2.511333e-02,1.580606e-02,1.862914e-02,1.107791e-01,2.441159e-02,6.747816e-01,7.389085e-02,1.271749e-02,1.791348e-02
5.598660e-03,9.523851e-04,1.257604e-03,2.001029e-03,5.460057e-03,8.755443e-03,1.807517e-02,1.145360e-02,2.219210e-02,1.011515e-01,3.824881e-02,7.066798e-01,5.434773e-02,1.031441e-02,1.351175e-02
4.970175e-03,1.031697e-03,1.003099e-03,1.456832e-03,4.604092e-03,6.572048e-03,1.286168e-02,8.168349e-03,1.999212e-02,1.124067e-01,3.570867e-02,7.346622e-01,3.892796e-02,7.824826e-03,9.809475e-03
3.840589e-03,9.712317e-04,7.422959e-04,1.037191e-03,3.428038e-03,4.753835e-03,9.031177e-03,5.736390e-03,1.593348e-02,1.437700e-01,3.050770e-02,7.397240e-01,2.780380e-02,5.750428e-03,6.969842e-03
2.903063e-03,1.441421e-03,6.163675e-04,7.457627e-04,2.831283e-03,3.519202e-03,6.357311e-03,4.044789e-03,1.772874e-02,1.554992e-01,2.694196e-02,7.483072e-01,1.991329e-02,4.183183e-03,4.967244e-03
2.075906e-03,1.117795e-03,4.414912e-04,5.343367e-04,2.212108e-03,2.497914e-03,4.500231e-03,2.844589e-03,1.749277e-02,1.306970e-01,2.016743e-02,7.946998e-01,1.424147e-02,2.975068e-03,3.502022e-03
1.560753e-03,9.435497e-04,3.292413e-04,3.942162e-04,5.929189e-03,1.861170e-03,3.634979e-03,2.138476e-03,1.012260e-01,1.028812e-01,1.673633e-02,7.467205e-01,1.105203e-02,2.123108e-03,2.469182e-03
1.138611e-03,2.436482e-03,3.877922e-04,3.004111e-04,5.479158e-03,1.453773e-03,2.625017e-03,1.609577e-03,2.827778e-01,7.369152e-02,1.395542e-02,6.020598e-01,8.819668e-03,1.505557e-03,1.759418e-03
8.142466e-04,1.187971e-02,1.647930e-03,2.440764e-04,4.605007e-03,1.402204e-03,1.856419e-03,1.705082e-03,4.502535e-01,5.223047e-02,1.074121e-02,4.533143e-01,6.932305e-03,1.092871e-03,1.280715e-03
6.659726e-04,1.024220e-02,4.588489e-03,3.934384e-04,4.854775e-03,1.304397e-03,1.495783e-03,2.394949e-02,5.274626e-01,3.920591e-02,8.594871e-03,3.681431e-01,7.382765e-03,7.916050e-04,9.246629e-04
6.925086e-04,8.286507e-03,1.710975e-02,7.986007e-03,1.049875e-02,2.697523e-03,1.385131e-03,4.107791e-02,5.874147e-01,2.863904e-02,7.497661e-03,2.796803e-01,5.708103e-03,5.793018e-04,7.467343e-04
8.954763e-04,7.745896e-03,1.752226e-02,9.834940e-03,1.726771e-02,3.927716e-03,1.967465e-03,4.409607e-02,6.523964e-01,2.118452e-02,7.956299e-03,2.085878e-01,4.543677e-03,5.298615e-04,1.543859e-03
1.727570e-03,8.449465e-03,1.327867e-02,8.489560e-03,2.365772e-02,4.150577e-03,1.616404e-03,4.139179e-02,7.153485e-01,1.543672e-02,7.417570e-03,1.523146e-01,3.983185e-03,4.717534e-04,2.265975e-03
4.773715e-03,1.658726e-02,1.331841e-02,8.928216e-03,8.524237e-02,8.857578e-03,2.380549e-03,6.877735e-02,6.592146e-01,1.153606e-02,6.017033e-03,1.073987e-01,3.225393e-03,6.510912e-04,3.091664e-03
7.114378e-03,1.692760e-02,3.212037e-02,1.690627e-02,1.303627e-01,7.956138e-03,2.600991e-03,1.202515e-01,5.697113e-01,9.204881e-03,4.541825e-03,7.602670e-02,2.665703e-03,5.822133e-04,3.027325e-03
1.096786e-02,1.799699e-02,4.340406e-02,2.658913e-02,1.838159e-01,8.240481e-03,2.684633e-03,1.369157e-01,4.989105e-01,7.537359e-03,3.618809e-03,5.353789e-02,2.151208e-03,5.908599e-04,3.038755e-03
2.469681e-02,2.161177e-02,4.242134e-02,2.530358e-02,2.396109e-01,1.565549e-02,2.522446e-03,1.108939e-01,4.613050e-01,6.538892e-03,3.983271e-03,3.793330e-02,2.026748e-03,1.500713e-03,3.995861e-03
3.360569e-02,3.306870e-02,4.060790e-02,1.770690e-01,2.290749e-01,1.567787e-02,1.832512e-03,8.388040e-02,3.288664e-01,5.284062e-03,1.270377e-02,2.915974e-02,3.077421e-03,1.475069e-03,4.616492e-03
2.806520e-02,2.666665e-02,2.955809e-02,1.493755e-01,2.222973e-01,1.635246e-02,1.417414e-03,6.016994e-02,2.385914e-01,1.020089e-02,1.673312e-01,2.677206e-02,1.272256e-02,5.152154e-03,5.327289e-03
2.192865e-02,1.954194e-02,2.133551e-02,1.099694e-01,1.851446e-01,1.290558e-02,1.038204e-03,4.256616e-02,1.799465e-01,9.749141e-03,2.929426e-01,2.656823e-02,2.577063e-02,4.554020e-02,5.052750e-03
1.803745e-02,1.627272e-02,2.074503e-02,9.331135e-02,1.364961e-01,1.027566e-02,1.133779e-03,3.128304e-02,2.608768e-01,1.062083e-02,2.910400e-01,2.281117e-02,3.610940e-02,4.524007e-02,5.746517e-03
1.411933e-02,1.368500e-02,1.542481e-02,6.928540e-02,1.059360e-01,1.374083e-02,9.255912e-04,2.229632e-02,4.044527e-01,8.558393e-03,2.358061e-01,1.890966e-02,2.872547e-02,4.234801e-02,5.786346e-03
1.007622e-02,1.233895e-02,1.139221e-02,5.586212e-02,7.746885e-02,1.672194e-02,6.870961e-04,1.588170e-02,5.533953e-01,6.896826e-03,1.679922e-01,1.377534e-02,2.122341e-02,3.152392e-02,4.763862e-03
7.424562e-03,2.415438e-02,8.442280e-03,4.851031e-02,5.587722e-02,4.027537e-02,4.952495e-04,1.119549e-02,6.218745e-01,6.111426e-03,1.191197e-01,9.958228e-03,1.597001e-02,2.552736e-02,5.063900e-03
5.472549e-03,2.232585e-02,6.079703e-03,6.429116e-02,4.003484e-02,4.808156e-02,3.656801e-04,8.128899e-03,6.732277e-01,5.298945e-03,8.471840e-02,7.083365e-03,1.175522e-02,1.887903e-02,4.257079e-03
7.867115e-03,4.003741e-02,4.472931e-03,7.063605e-02,3.244739e-02,5.993864e-02,3.944708e-04,6.194026e-03,6.684168e-01,5.451481e-03,6.379148e-02,5.419580e-03,1.211964e-02,1.519383e-02,7.619125e-03
1.078456e-02,4.476229e-02,3.243917e-03,6.842752e-02,2.777632e-02,9.642314e-02,3.926202e-04,4.783981e-03,6.481984e-01,4.884537e-03,4.902031e-02,5.557899e-03,1.310984e-02,1.157939e-02,1.105526e-02
7.860440e-03,5.335102e-02,2.401961e-03,6.640211e-02,1.979997e-02,7.176287e-02,2.847580e-04,3.450154e-03,6.921060e-01,5.583085e-03,3.532659e-02,4.141205e-03,1.002616e-02,8.387811e-03,1.911579e-02
6.318464e-03,6.847371e-02,1.857064e-03,6.554409e-02,1.503020e-02,6.457704e-02,2.431920e-04,2.553646e-03,7.056003e-01,5.807873e-03,2.651267e-02,3.247463e-03,1.023740e-02,6.164750e-03,1.783216e-02
4.496244e-03,5.145654e-02,1.367064e-03,5.414826e-02,1.056551e-02,4.745448e-02,1.720393e-04,1.949276e-03,7.732867e-01,4.358096e-03,2.217492e-02,2.852983e-03,8.530691e-03,4.346607e-03,1.284057e-02
4.267308e-03,8.858722e-02,5.634758e-03,7.303447e-02,8.687614e-03,4.018911e-02,2.350928e-04,1.854301e-03,6.857586e-01,1.221657e-02,4.270256e-02,3.628896e-03,1.232660e-02,3.195368e-03,1.768150e-02
3.663379e-03,1.058501e-01,1.180048e-02,8.295687e-02,7.609061e-03,3.408523e-02,3.231589e-04,1.741673e-03,5.960348e-01,2.713329e-02,6.225660e-02,4.370061e-03,1.796621e-02,2.608483e-03,4.160067e-02
3.164199e-03,8.455534e-02,1.993537e-02,7.465094e-02,9.788762e-03,2.525215e-02,1.618141e-02,4.295104e-02,4.895256e-01,2.137439e-02,5.550649e-02,5.082339e-03,4.631781e-02,2.281201e-03,1.034329e-01
2.859929e-03,6.403039e-02,1.731589e-02,7.980185e-02,1.171757e-02,2.030449e-02,1.290122e-02,5.583996e-02,4.843317e-01,3.953392e-02,4.477020e-02,4.743717e-03,5.926880e-02,2.623717e-03,9.995665e-02
2.845131e-03,6.027062e-02,1.550653e-02,7.500232e-02,1.380087e-02,1.682481e-02,1.053775e-02,4.948136e-02,4.752600e-01,6.438425e-02,3.645628e-02,4.748783e-03,8.724044e-02,3.003759e-03,8.463708e-02
2.243907e-03,4.405931e-02,1.177549e-02,5.406360e-02,1.017158e-02,1.286354e-02,7.450083e-03,3.754009e-02,5.774152e-01,7.645388e-02,2.857342e-02,3.582578e-03,6.809335e-02,2.833058e-03,6.288085e-02
2.716540e-03,3.883794e-02,9.140408e-03,3.958854e-02,8.821272e-03,1.254457e-02,5.376235e-03,2.881270e-02,5.792804e-01,1.080131e-01,2.664399e-02,3.266988e-03,8.087753e-02,2.658167e-03,5.342163e-02
2.510513e-03,3.419806e-02,6.982432e-03,3.242411e-02,6.513273e-03,1.424156e-02,3.896520e-03,2.127306e-02,6.064907e-01,9.659798e-02,2.098164e-02,2.870176e-03,1.072375e-01,2.047873e-03,4.173454e-02
3.002488e-03,3.565241e-02,5.144514e-03,2.578785e-02,5.183532e-03,1.973763e-02,2.830289e-03,1.557204e-02,6.267858e-01,8.232839e-02,1.633583e-02,2.524923e-03,9.599450e-02,2.179684e-03,6.094011e-02
3.433289e-03,4.155723e-02,3.783572e-03,2.308797e-02,4.740598e-03,2.946249e-02,2.178786e-03,1.356764e-02,6.329477e-01,6.307744e-02,1.321014e-02,2.735468e-03,1.057607e-01,2.012655e-03,5.844419e-02
4.489250e-03,5.280675e-02,2.964869e-03,2.253080e-02,5.000738e-03,5.595702e-02,1.729686e-03,1.167549e-02,5.847775e-01,4.822821e-02,1.051120e-02,3.353115e-03,1.377130e-01,1.983172e-03,5.627921e-02
3.744444e-03,4.192936e-02,2.534369e-03,3.296958e-02,5.607487e-03,6.529851e-02,1.450507e-03,1.905726e-02,6.176735e-01,3.552685e-02,8.869771e-03,2.771443e-03,1.186845e-01,1.678541e-03,4.220373e-02
4.170650e-03,4.798634e-02,5.407723e-03,3.844684e-02,4.736325e-03,9.683279e-02,1.304077e-03,1.718905e-02,5.777708e-01,3.000549e-02,8.214617e-03,4.001464e-03,1.167331e-01,2.136971e-03,4.506369e-02
6.603972e-03,8.057620e-02,8.230927e-03,2.872054e-02,6.397448e-03,1.194491e-01,1.716017e-03,1.785438e-02,5.306851e-01,2.162834e-02,6.918302e-03,3.662871e-03,1.278649e-01,1.752985e-03,3.793885e-02
8.093001e-03,8.747518e-02,1.840854e-02,2.529013e-02,6.615916e-03,1.593345e-01,1.878200e-03,3.535799e-02,4.169838e-01,1.685670e-02,5.540059e-03,4.231256e-03,1.809669e-01,1.524335e-03,3.144343e-02
8.772920e-03,1.289078e-01,2.310355e-02,1.936147e-02,5.617154e-03,1.533900e-01,1.888027e-03,2.663114e-02,3.284939e-01,1.425058e-02,4.914510e-03,4.843870e-03,1.615018e-01,3.100748e-03,1.152225e-01
1.229897e-02,1.236545e-01,2.133255e-02,1.449656e-02,1.011087e-02,1.261490e-01,2.138306e-03,2.338691e-02,3.047135e-01,1.353035e-02,4.713380e-03,4.522266e-03,1.492862e-01,4.198634e-03,1.854679e-01
1.348233e-02,1.171433e-01,1.802318e-02,1.190413e-02,1.220530e-02,1.008893e-01,1.949653e-03,1.911455e-02,2.956639e-01,1.617802e-02,4.084273e-03,4.164056e-03,1.265245e-01,3.999188e-03,2.546743e-01
2.559162e-02,9.766115e-02,2.552286e-02,1.115101e-02,2.673091e-02,8.654852e-02,3.794038e-03,2.522875e-02,2.941963e-01,1.592895e-02,3.907414e-03,3.301486e-03,1.025882e-01,3.639866e-03,2.742088e-01
3.211648e-02,1.174939e-01,4.228848e-02,2.896350e-02,2.662717e-02,6.720466e-02,3.545744e-03,2.863454e-02,2.800023e-01,2.150617e-02,3.411609e-03,2.620323e-03,7.871152e-02,3.140898e-03,2.637327e-01
2.472500e-02,9.586168e-02,9.543052e-02,8.429318e-02,1.956194e-02,4.879470e-02,2.610862e-03,2.201632e-02,2.337566e-01,3.254761e-02,2.836788e-03,1.900347e-03,5.568478e-02,2.676207e-03,2.773035e-01
2.579467e-02,8.329473e-02,1.330048e-01,8.721936e-02,1.564662e-02,3.809400e-02,2.092483e-03,1.959446e-02,1.887333e-01,4.951992e-02,3.022445e-03,1.602703e-03,4.008010e-02,6.064485e-03,3.062359e-01
2.337020e-02,6.854595e-02,2.146289e-01,8.404307e-02,1.218378e-02,2.798112e-02,1.589718e-03,1.888974e-02,1.477639e-01,7.888109e-02,4.691218e-03,2.257558e-03,3.011620e-02,8.356566e-03,2.767010e-01
3.930889e-02,6.585166e-02,2.081995e-01,7.204790e-02,2.004333e-02,2.451225e-02,2.177507e-03,9.056760e-02,1.313697e-01,6.996930e-02,6.464067e-03,2.151835e-03,2.340654e-02,8.629518e-03,2.353004e-01
5.204807e-02,8.318149e-02,1.590291e-01,5.535949e-02,2.897641e-02,2.917448e-02,3.646787e-03,1.019870e-01,2.194927e-01,5.144959e-02,5.844336e-03,1.919687e-03,2.051484e-02,7.947204e-03,1.794288e-01
6.277686e-02,1.178339e-01,1.289952e-01,4.330773e-02,3.474449e-02,3.200529e-02,4.172231e-03,1.372670e-01,2.184922e-01,4.005973e-02,5.125222e-03,1.968535e-03,2.009738e-02,7.288480e-03,1.458658e-01
6.546712e-02,1.332740e-01,1.226912e-01,3.442719e-02,3.276214e-02,2.763946e-02,4.043606e-03,1.875628e-01,1.976852e-01,3.330592e-02,4.693866e-03,2.156239e-03,1.822754e-02,6.842277e-03,1.292215e-01
1.203844e-01,1.169017e-01,1.012523e-01,2.957036e-02,3.236321e-02,2.364080e-02,4.069290e-03,2.328186e-01,1.626106e-01,2.545058e-02,6.794782e-03,3.765242e-03,2.548863e-02,5.744522e-03,1.091450e-01
2.948799e-01,1.087925e-01,7.367597e-02,2.431994e-02,2.701623e-02,2.234319e-02,3.725318e-03,1.707916e-01,1.296439e-01,1.831484e-02,7.050723e-03,8.194433e-03,2.317879e-02,5.202016e-03,8.287060e-02
3.972310e-01,9.037806e-02,5.395990e-02,2.523696e-02,2.274667e-02,2.122146e-02,3.795193e-03,1.205173e-01,1.139551e-01,1.376000e-02,7.111653e-03,3.095579e-02,2.631908e-02,4.782417e-03,6.802948e-02
4.892446e-01,6.924086e-02,4.231768e-02,2.797674e-02,2.074530e-02,1.853133e-02,5.118220e-03,9.390865e-02,9.553033e-02,1.092274e-02,9.948017e-03,2.833543e-02,3.192357e-02,5.487812e-03,5.076874e-02
1.000000e+00,0.000000e+00,0.000000e+00,0.000000e+00,0.000000e+00,0.000000e+00,0.000000e+00,0.000000e+00,0.000000e+00,0.000000e+00,0.000000e+00,0.000000e+00,0.000000e+00,0.000000e+00,0.000000e+00
4.508896e-01,3.880105e-02,2.345324e-02,2.553504e-02,1.293130e-02,2.197267e-02,4.153844e-03,4.804901e-02,6.605129e-02,2.223958e-02,2.547554e-02,7.592983e-02,1.452096e-01,5.571442e-03,3.373702e-02
3.355938e-01,2.978455e-02,1.700414e-02,1.824803e-02,9.868835e-03,1.854739e-02,3.185685e-03,3.370636e-02,5.806438e-02,6.514596e-02,3.458858e-02,2.200871e-01,1.210600e-01,7.724279e-03,2.739106e-02
2.526787e-01,2.333715e-02,1.274926e-02,1.299331e-02,8.313622e-03,1.932523e-02,2.693451e-03,2.380014e-02,5.111494e-02,6.484346e-02,1.253877e-01,2.734928e-01,8.995565e-02,1.761204e-02,2.170252e-02
1.917567e-01,1.711495e-02,9.135334e-03,9.258524e-03,6.698146e-03,1.669153e-02,1.975757e-03,1.679207e-02,4.232765e-02,5.357865e-02,2.584103e-01,2.736682e-01,6.413154e-02,2.240593e-02,1.605475e-02
1.430766e-01,1.254855e-02,9.583482e-03,7.255500e-03,7.985652e-03,1.357002e-02,1.506828e-03,1.236169e-02,3.830731e-02,5.154362e-02,2.153476e-01,4.095018e-01,4.752985e-02,1.786574e-02,1.201584e-02
1.171778e-01,9.047519e-03,7.121725e-03,5.876091e-03,6.607088e-03,1.025432e-02,1.113930e-03,8.966837e-03,3.323284e-02,5.355366e-02,1.851097e-01,4.986857e-01,3.525814e-02,1.891212e-02,9.082506e-03
8.269867e-02,6.747460e-03,5.301692e-03,4.405395e-03,1.168192e-02,7.264123e-03,8.808778e-04,6.656660e-03,4.324551e-02,5.550330e-02,1.960378e-01,5.289424e-01,2.614865e-02,1.801941e-02,6.466150e-03
5.858274e-02,5.049078e-03,3.819429e-03,3.240982e-03,1.059218e-02,5.167623e-03,6.969276e-04,4.863286e-03,4.671097e-02,6.042153e-02,1.927730e-01,5.690634e-01,1.890460e-02,1.551372e-02,4.600486e-03
4.122660e-02,4.031638e-03,2.859950e-03,2.314751e-03,7.644053e-03,3.694945e-03,5.090532e-04,3.566821e-03,3.739465e-02,4.523962e-02,1.915583e-01,6.312600e-01,1.347786e-02,1.197159e-02,3.250172e-03
2.898592e-02,4.687989e-03,2.589481e-03,1.679995e-03,5.743112e-03,2.686299e-03,3.805876e-04,2.815930e-03,3.623710e-02,3.436066e-02,2.032519e-01,6.556496e-01,9.617805e-03,9.002027e-03,2.311548e-03
2.099402e-02,9.879440e-03,3.573710e-02,4.238554e-03,5.629019e-03,3.461968e-03,1.401802e-03,2.997481e-02,4.675093e-02,2.582072e-02,1.612327e-01,6.398330e-01,6.969544e-03,6.437880e-03,1.638471e-03
1.580656e-02,8.988259e-03,3.815191e-02,9.564485e-03,5.793506e-03,3.139991e-03,1.312488e-03,9.294261e-02,4.276011e-02,1.855965e-02,1.385506e-01,6.133103e-01,5.166064e-03,4.796271e-03,1.157191e-03
1.321884e-02,1.277772e-02,3.714197e-02,7.776822e-03,1.163138e-02,2.943313e-03,1.530581e-03,7.226238e-02,6.638461e-02,1.522509e-02,1.267774e-01,6.232218e-01,4.031755e-03,4.138504e-03,9.378279e-04
1.032194e-02,1.148585e-02,3.033811e-02,5.847975e-03,1.404309e-02,3.222140e-03,1.274256e-03,5.413752e-02,5.880100e-02,1.228057e-02,1.297235e-01,6.606048e-01,3.108767e-03,3.967778e-03,8.426821e-04
8.562203e-03,1.223369e-02,4.587087e-02,4.661029e-03,1.688221e-02,3.103805e-03,1.123431e-03,4.825484e-02,5.273721e-02,1.144042e-02,1.663681e-01,6.193967e-01,2.721644e-03,5.904309e-03,7.395273e-04
7.941484e-03,9.815812e-03,1.624610e-01,6.581916e-03,1.733209e-02,2.821773e-03,1.625810e-03,1.030338e-01,4.740931e-02,9.455421e-03,1.367767e-01,4.875359e-01,2.131597e-03,4.498484e-03,5.789619e-04
9.716844e-03,9.841516e-03,2.380452e-01,7.102151e-03,2.558665e-02,2.567349e-03,1.512539e-03,1.318602e-01,5.831890e-02,8.270765e-03,1.439603e-01,3.570238e-01,1.760247e-03,3.852030e-03,5.816014e-04
1.473591e-02,2.052381e-02,2.330023e-01,7.334499e-02,4.724593e-02,1.761982e-02,1.778695e-03,9.642825e-02,9.136833e-02,8.645453e-03,1.160827e-01,2.684199e-01,2.841036e-03,3.321058e-03,4.641801e-03
2.324864e-02,3.884697e-02,1.815837e-01,5.730226e-02,5.489431e-02,1.911562e-02,1.686914e-03,7.177964e-02,2.330667e-01,1.172049e-02,9.282205e-02,1.937031e-01,3.784213e-03,5.022619e-03,1.142273e-02
2.743691e-02,3.724050e-02,1.341685e-01,4.934197e-02,6.669779e-02,2.134303e-02,1.560766e-03,6.072392e-02,3.629802e-01,9.858821e-03,7.142153e-02,1.378997e-01,3.502365e-03,4.335510e-03,1.148838e-02
2.206741e-02,4.298805e-02,1.055670e-01,1.671747e-01,5.600766e-02,1.881086e-02,1.233322e-03,6.934132e-02,3.430142e-01,7.658693e-03,5.222635e-02,9.697569e-02,3.415365e-03,3.188809e-03,1.033061e-02
2.804925e-02,3.976114e-02,9.419967e-02,2.780897e-01,4.813306e-02,1.727385e-02,9.905836e-04,6.408005e-02,2.710297e-01,8.132657e-03,5.419330e-02,6.884691e-02,4.082595e-03,3.231397e-03,1.990608e-02
2.609303e-02,6.454299e-02,7.125854e-02,2.866525e-01,3.873322e-02,1.450442e-02,8.256743e-04,4.523262e-02,2.541010e-01,1.783107e-02,8.757451e-02,4.952732e-02,5.836545e-03,2.546422e-03,3.474004e-02
2.016875e-02,1.637008e-01,5.072107e-02,2.164338e-01,2.909374e-02,1.182721e-02,8.167233e-04,3.185376e-02,3.034004e-01,1.398136e-02,7.250534e-02,3.517442e-02,2.191239e-02,1.850177e-03,2.656009e-02
1.615796e-02,1.702334e-01,3.611243e-02,1.777265e-01,2.225242e-02,1.160510e-02,8.898219e-04,2.320369e-02,3.026889e-01,1.138321e-02,6.451143e-02,2.547915e-02,1.151194e-01,1.362816e-03,2.127369e-02
1.245521e-02,2.862249e-01,2.585103e-02,1.627012e-01,1.617044e-02,9.799745e-03,6.601438e-04,1.650858e-02,2.818931e-01,8.680648e-03,5.026249e-02,1.977967e-02,8.617420e-02,1.502206e-03,2.133640e-02
1.132089e-02,2.407932e-01,1.907222e-02,1.351059e-01,1.247115e-02,9.788807e-03,6.387336e-04,1.177343e-02,2.357583e-01,7.707347e-03,4.275567e-02,3.996887e-02,2.025823e-01,2.601342e-03,2.766186e-02
8.959989e-03,2.136987e-01,1.386414e-02,9.890215e-02,9.323945e-03,7.835324e-03,6.275465e-04,8.379966e-03,1.930970e-01,6.243989e-03,3.245236e-02,3.993435e-02,2.479545e-01,4.139754e-03,1.145863e-01
8.849743e-03,1.556074e-01,1.102194e-02,7.020062e-02,7.896218e-03,7.949933e-03,9.407703e-04,1.109152e-02,1.426419e-01,5.169625e-03,3.178576e-02,4.281798e-02,3.717988e-01,6.634306e-03,1.255934e-01
8.090599e-03,1.138501e-01,8.193889e-03,5.245983e-02,7.058658e-03,8.836302e-03,7.790530e-04,8.746112e-03,1.059727e-01,4.006974e-03,2.375167e-02,5.783051e-02,4.986040e-01,5.361877e-03,9.645770e-02
6.762540e-03,8.582810e-02,6.862503e-03,3.971577e-02,6.261297e-03,7.357012e-03,7.262086e-04,6.425823e-03,8.076312e-02,3.271149e-03,1.717171e-02,5.065241e-02,6.125619e-01,3.986065e-03,7.165433e-02
6.318119e-03,6.162552e-02,4.945285e-03,2.800411e-02,9.880772e-03,5.665847e-03,7.549484e-04,4.689106e-03,6.040425e-02,2.406223e-03,1.228308e-02,4.131412e-02,7.053130e-01,2.882272e-03,5.351339e-02
7.562512e-03,4.470108e-02,3.893644e-03,2.004859e-02,2.688622e-02,4.670162e-03,8.946452e-04,4.697520e-03,4.542482e-02,1.762923e-03,9.155976e-03,3.735071e-02,7.500813e-01,2.175686e-03,4.069426e-02
1.698854e-02,3.229570e-02,3.310114e-03,1.461070e-02,2.177650e-02,1.214687e-02,1.613307e-03,4.160163e-03,3.344173e-02,1.351062e-03,8.489989e-03,3.532893e-02,7.832046e-01,2.372119e-03,2.890975e-02
2.552860e-02,2.381645e-02,2.574932e-03,1.075334e-02,1.906747e-02,1.027029e-02,1.625489e-03,3.354210e-03,2.570448e-02,1.134372e-03,7.835690e-03,4.025362e-02,8.050831e-01,2.091860e-03,2.090608e-02
2.775661e-02,1.742575e-02,2.082235e-03,7.800427e-03,1.874566e-02,8.035825e-03,1.361071e-03,2.671784e-03,2.156523e-02,1.082218e-03,6.834209e-03,5.713232e-02,8.108359e-01,1.561011e-03,1.510974e-02
3.054911e-02,1.706597e-02,7.329323e-03,5.950236e-03,3.614320e-02,6.728723e-03,1.384947e-03,5.863155e-03,2.707975e-02,1.737182e-03,6.092372e-03,6.931260e-02,7.721134e-01,1.408885e-03,1.124110e-02
3.277361e-02,1.902358e-02,2.579938e-02,5.496521e-03,6.965475e-02,5.336463e-03,1.465335e-03,8.965860e-03,4.023770e-02,2.881479e-03,5.902702e-03,6.684519e-02,7.050582e-01,1.262783e-03,9.296525e-03
2.646249e-02,1.398121e-02,4.450198e-02,4.307579e-03,5.975223e-02,4.065487e-03,2.591443e-03,1.749594e-01,3.518548e-02,3.276384e-03,5.771455e-03,5.726857e-02,5.593388e-01,9.700470e-04,7.567420e-03
2.463780e-02,1.056416e-02,9.024800e-02,4.908352e-03,4.665001e-02,3.213121e-03,2.414341e-03,2.945360e-01,2.896415e-02,3.786896e-03,5.869716e-03,4.157361e-02,4.358892e-01,7.818580e-04,5.962806e-03
2.865145e-02,1.820441e-02,2.203325e-01,4.835571e-03,3.830722e-02,8.580396e-03,3.879386e-03,2.504060e-01,4.909693e-02,4.757092e-03,4.444662e-03,2.974302e-02,3.310749e-01,6.772679e-04,7.009140e-03
2.722781e-02,3.833251e-02,2.653832e-01,4.598032e-03,4.327682e-02,1.770783e-02,5.705976e-03,2.266533e-01,8.763839e-02,5.105007e-03,3.288546e-03,2.133854e-02,2.453341e-01,7.564551e-04,7.653344e-03
2.745018e-02,4.895940e-02,2.393492e-01,5.183189e-03,6.359518e-02,2.489853e-02,9.146206e-03,2.530856e-01,1.025699e-01,4.811962e-03,2.489033e-03,1.592230e-02,1.917884e-01,8.610866e-04,9.889693e-03
2.811548e-02,4.389155e-02,1.969058e-01,1.348061e-02,1.427017e-01,2.346093e-02,1.595660e-02,2.611244e-01,1.038936e-01,3.929963e-03,1.849489e-03,1.139698e-02,1.397676e-01,7.922652e-04,1.273290e-02
4.056149e-02,4.799201e-02,1.976952e-01,1.468612e-02,1.716643e-01,2.364623e-02,1.361618e-02,2.225509e-01,1.330254e-01,4.277525e-03,1.474948e-03,8.189867e-03,1.029612e-01,7.197121e-04,1.693884e-02
4.661116e-02,5.447324e-02,1.946891e-01,1.992318e-02,1.733272e-01,2.280272e-02,1.425085e-02,2.077529e-01,1.582648e-01,4.761215e-03,1.157863e-03,6.240105e-03,7.356915e-02,6.316323e-04,2.154479e-02
6.298227e-02,4.862987e-02,1.875638e-01,2.148653e-02,1.844005e-01,1.857468e-02,1.856491e-02,1.984447e-01,1.721073e-01,3.796445e-03,8.943569e-04,4.735125e-03,5.253384e-02,5.323699e-04,2.475325e-02
9.682915e-02,4.723671e-02,1.907351e-01,2.284918e-02,1.728389e-01,1.514247e-02,2.068823e-02,1.788302e-01,1.757450e-01,3.042507e-03,7.217068e-04,3.956347e-03,3.767675e-02,5.284556e-04,3.317922e-02
1.328045e-01,6.929302e-02,2.032177e-01,2.036397e-02,1.484203e-01,1.372529e-02,1.800166e-02,1.338404e-01,1.848709e-01,2.934460e-03,8.409120e-04,7.585779e-03,2.789826e-02,9.877343e-04,3.521512e-02
1.939834e-01,8.202981e-02,1.956772e-01,2.022115e-02,1.423155e-01,1.098666e-02,1.596183e-02,1.016401e-01,1.716932e-01,3.008501e-03,1.057466e-03,1.032193e-02,2.086243e-02,1.217315e-03,2.902349e-02
1.651781e-01,8.958789e-02,1.572237e-01,1.831216e-02,1.143267e-01,9.486238e-03,1.179145e-02,7.265060e-02,1.353617e-01,5.226872e-02,2.216475e-03,8.766208e-03,1.622149e-02,2.414508e-03,1.441942e-01
1.620615e-01,6.986742e-02,1.455687e-01,1.376640e-02,8.211791e-02,1.061913e-02,8.437299e-03,5.113188e-02,1.136582e-01,1.609901e-01,1.713280e-02,8.037703e-03,1.682254e-02,2.611973e-02,1.136687e-01
1.228451e-01,6.145128e-02,1.096958e-01,1.382050e-02,5.817679e-02,1.167854e-02,6.076052e-03,3.627804e-02,1.581361e-01,1.593121e-01,7.378888e-02,1.183868e-02,2.193022e-02,5.440855e-02,1.005634e-01
8.778854e-02,5.635403e-02,8.390048e-02,2.696748e-02,4.183307e-02,1.848608e-02,4.355088e-03,2.605522e-02,1.440459e-01,1.465847e-01,1.758259e-01,2.201116e-02,3.809881e-02,4.654013e-02,8.115347e-02
6.299306e-02,4.716032e-02,6.306046e-02,2.023186e-02,2.942984e-02,2.732684e-02,3.216004e-03,1.837347e-02,1.082658e-01,1.232573e-01,3.395161e-01,1.970618e-02,2.900456e-02,4.907233e-02,5.938587e-02
4.488374e-02,3.590690e-02,5.067111e-02,1.582025e-02,2.082762e-02,2.785648e-02,2.347397e-03,1.297584e-02,8.494389e-02,9.851909e-02,3.896625e-01,1.910780e-02,2.106393e-02,1.302997e-01,4.511382e-02
3.198128e-02,2.698693e-02,3.572521e-02,1.168873e-02,1.470908e-02,2.244014e-02,1.697479e-03,9.138274e-03,6.510988e-02,7.564373e-02,4.792031e-01,1.933477e-02,1.545858e-02,1.584532e-01,3.242962e-02
2.253309e-02,1.937113e-02,2.505115e-02,9.198261e-03,1.048070e-02,1.626188e-02,1.224101e-03,6.446096e-03,4.750000e-02,5.619213e-02,5.865805e-01,1.686344e-02,1.191983e-02,1.471899e-01,2.318778e-02
1.722475e-02,1.516705e-02,1.899258e-02,9.347294e-03,1.384969e-02,1.422357e-02,1.184691e-03,6.732768e-03,6.966138e-02,4.323073e-02,5.804694e-01,1.351681e-02,9.454790e-03,1.700203e-01,1.692423e-02
1.304550e-02,1.101099e-02,1.356524e-02,6.959212e-03,1.132325e-02,1.080570e-02,8.999131e-04,5.133267e-03,5.332554e-02,3.185745e-02,6.198674e-01,1.087641e-02,7.761045e-03,1.915042e-01,1.206495e-02
9.526683e-03,8.537096e-03,9.632139e-03,6.596606e-03,5.245220e-02,1.108343e-02,3.013239e-03,4.515896e-03,8.346510e-02,2.857740e-02,5.432346e-01,8.703411e-03,6.538599e-03,2.147901e-01,9.333458e-03
6.933769e-03,6.197677e-03,6.959962e-03,5.695398e-03,6.690158e-02,8.623268e-03,3.365326e-03,5.335327e-03,6.734326e-02,2.328517e-02,5.078239e-01,6.884357e-03,1.137078e-02,2.664286e-01,6.851633e-03
5.017542e-03,4.459283e-03,5.116876e-03,4.751747e-03,6.366628e-02,6.957795e-03,3.203077e-03,8.228121e-03,5.257699e-02,2.273398e-02,5.561316e-01,5.312209e-03,1.515803e-02,2.414473e-01,5.239269e-03
4.402967e-03,3.294546e-03,4.383316e-03,4.857488e-03,5.811473e-02,1.119111e-02,5.328400e-03,4.367545e-02,3.990228e-02,2.321363e-02,5.890043e-01,4.847197e-03,2.092771e-02,1.829736e-01,3.883359e-03
4.120791e-03,3.170286e-03,6.097490e-03,1.800454e-02,9.574799e-02,9.537258e-03,4.693253e-03,5.513367e-02,4.810534e-02,2.033084e-02,5.719237e-01,4.370751e-03,2.314590e-02,1.323800e-01,3.238277e-03
