1.000000e+00,0.000000e+00,0.000000e+00,0.000000e+00,0.000000e+00,0.000000e+00,0.000000e+00,0.000000e+00,0.000000e+00,0.000000e+00,0.000000e+00,0.000000e+00,0.000000e+00,0.000000e+00,0.000000e+00
1.000000e+00,0.000000e+00,0.000000e+00,0.000000e+00,0.000000e+00,0.000000e+00,0.000000e+00,0.000000e+00,0.000000e+00,0.000000e+00,0.000000e+00,0.000000e+00,0.000000e+00,0.000000e+00,0.000000e+00
1.000000e+00,0.000000e+00,0.000000e+00,0.000000e+00,0.000000e+00,0.000000e+00,0.000000e+00,0.000000e+00,0.000000e+00,0.000000e+00,0.000000e+00,0.000000e+00,0.000000e+00,0.000000e+00,0.000000e+00
1.000000e+00,0.000000e+00,0.000000e+00,0.000000e+00,0.000000e+00,0.000000e+00,0.000000e+00,0.000000e+00,0.000000e+00,0.000000e+00,0.000000e+00,0.000000e+00,0.000000e+00,0.000000e+00,0.000000e+00
1.000000e+00,0.000000e+00,0.000000e+00,0.000000e+00,0.000000e+00,0.000000e+00,0.000000e+00,0.000000e+00,0.000000e+00,0.000000e+00,0.000000e+00,0.000000e+00,0.000000e+00,0.000000e+00,0.000000e+00
1.000000e+00,0.000000e+00,0.000000e+00,0.000000e+00,0.000000e+00,0.000000e+00,0.000000e+00,0.000000e+00,0.000000e+00,0.000000e+00,0.000000e+00,0.000000e+00,0.000000e+00,0.000000e+00,0.000000e+00
1.000000e+00,0.000000e+00,0.000000e+00,0.000000e+00,0.000000e+00,0.000000e+00,0.000000e+00,0.000000e+00,0.000000e+00,0.000000e+00,0.000000e+00,0.000000e+00,0.000000e+00,0.000000e+00,0.000000e+00
1.000000e+00,0.000000e+00,0.000000e+00,0.000000e+00,0.000000e+00,0.000000e+00,0.000000e+00,0.000000e+00,0.000000e+00,0.000000e+00,0.000000e+00,0.000000e+00,0.000000e+00,0.000000e+00,0.000000e+00
1.000000e+00,0.000000e+00,0.000000e+00,0.000000e+00,0.000000e+00,0.000000e+00,0.000000e+00,0.000000e+00,0.000000e+00,0.000000e+00,0.000000e+00,0.000000e+00,0.000000e+00,0.000000e+00,0.000000e+00
1.000000e+00,0.000000e+00,0.000000e+00,0.000000e+00,0.000000e+00,0.000000e+00,0.000000e+00,0.000000e+00,0.000000e+00,0.000000e+00,0.000000e+00,0.000000e+00,0.000000e+00,0.000000e+00,0.000000e+00
1.000000e+00,0.000000e+00,0.000000e+00,0.000000e+00,0.000000e+00,0.000000e+00,0.000000e+00,0.000000e+00,0.000000e+00,0.000000e+00,0.000000e+00,0.000000e+00,0.000000e+00,0.000000e+00,0.000000e+00
1.000000e+00,0.000000e+00,0.000000e+00,0.000000e+00,0.000000e+00,0.000000e+00,0.000000e+00,0.000000e+00,0.000000e+00,0.000000e+00,0.000000e+00,0.000000e+00,0.000000e+00,0.000000e+00,0.000000e+00
1.000000e+00,0.000000e+00,0.000000e+00,0.000000e+00,0.000000e+00,0.000000e+00,0.000000e+00,0.000000e+00,0.000000e+00,0.000000e+00,0.000000e+00,0.000000e+00,0.000000e+00,0.000000e+00,0.000000e+00
1.000000e+00,0.000000e+00,0.000000e+00,0.000000e+00,0.000000e+00,0.000000e+00,0.000000e+00,0.000000e+00,0.000000e+00,0.000000e+00,0.000000e+00,0.000000e+00,0.000000e+00,0.000000e+00,0.000000e+00
1.000000e+00,0.000000e+00,0.000000e+00,0.000000e+00,0.000000e+00,0.000000e+00,0.000000e+00,0.000000e+00,0.000000e+00,0.000000e+00,0.000000e+00,0.000000e+00,0.000000e+00,0.000000e+00,0.000000e+00
1.000000e+00,0.000000e+00,0.000000e+00,0.000000e+00,0.000000e+00,0.000000e+00,0.000000e+00,0.000000e+00,0.000000e+00,0.000000e+00,0.000000e+00,0.000000e+00,0.000000e+00,0.000000e+00,0.000000e+00
1.000000e+00,0.000000e+00,0.000000e+00,0.000000e+00,0.000000e+00,0.000000e+00,0.000000e+00,0.000000e+00,0.000000e+00,0.000000e+00,0.000000e+00,0.000000e+00,0.000000e+00,0.000000e+00,0.000000e+00
1.000000e+00,0.000000e+00,0.000000e+00,0.000000e+00,0.000000e+00,0.000000e+00,0.000000e+00,0.000000e+00,0.000000e+00,0.000000e+00,0.000000e+00,0.000000e+00,0.000000e+00,0.000000e+00,0.000000e+00
1.000000e+00,0.000000e+00,0.000000e+00,0.000000e+00,0.000000e+00,0.000000e+00,0.000000e+00,0.000000e+00,0.000000e+00,0.000000e+00,0.000000e+00,0.000000e+00,0.000000e+00,0.000000e+00,0.000000e+00
1.000000e+00,0.000000e+00,0.000000e+00,0.000000e+00,0.000000e+00,0.000000e+00,0.000000e+00,0.000000e+00,0.000000e+00,0.000000e+00,0.000000e+00,0.000000e+00,0.000000e+00,0.000000e+00,0.000000e+00
1.000000e+00,0.000000e+00,0.000000e+00,0.000000e+00,0.000000e+00,0.000000e+00,0.000000e+00,0.000000e+00,0.000000e+00,0.000000e+00,0.000000e+00,0.000000e+00,0.000000e+00,0.000000e+00,0.000000e+00
1.000000e+00,0.000000e+00,0.000000e+00,0.000000e+00,0.000000e+00,0.000000e+00,0.000000e+00,0.000000e+00,0.000000e+00,0.000000e+00,0.000000e+00,0.000000e+00,0.000000e+00,0.000000e+00,0.000000e+00
1.000000e+00,0.000000e+00,0.000000e+00,0.000000e+00,0.000000e+00,0.000000e+00,0.000000e+00,0.000000e+00,0.000000e+00,0.000000e+00,0.000000e+00,0.000000e+00,0.000000e+00,0.000000e+00,0.000000e+00
1.000000e+00,0.000000e+00,0.000000e+00,0.000000e+00,0.000000e+00,0.000000e+00,0.000000e+00,0.000000e+00,0.000000e+00,0.000000e+00,0.000000e+00,0.000000e+00,0.000000e+00,0.000000e+00,0.000000e+00
1.000000e+00,0.000000e+00,0.000000e+00,0.000000e+00,0.000000e+00,0.000000e+00,0.000000e+00,0.000000e+00,0.000000e+00,0.000000e+00,0.000000e+00,0.000000e+00,0.000000e+00,0.000000e+00,0.000000e+00
1.000000e+00,0.000000e+00,0.000000e+00,0.000000e+00,0.000000e+00,0.000000e+00,0.000000e+00,0.000000e+00,0.000000e+00,0.000000e+00,0.000000e+00,0.000000e+00,0.000000e+00,0.000000e+00,0.000000e+00
1.000000e+00,0.000000e+00,0.000000e+00,0.000000e+00,0.000000e+00,0.000000e+00,0.000000e+00,0.000000e+00,0.000000e+00,0.000000e+00,0.000000e+00,0.000000e+00,0.000000e+00,0.000000e+00,0.000000e+00
1.000000e+00,0.000000e+00,0.000000e+00,0.000000e+00,0.000000e+00,0.000000e+00,0.000000e+00,0.000000e+00,0.000000e+00,0.000000e+00,0.000000e+00,0.000000e+00,0.000000e+00,0.000000e+00,0.000000e+00
1.000000e+00,0.000000e+00,0.000000e+00,0.000000e+00,0.000000e+00,0.000000e+00,0.000000e+00,0.000000e+00,0.000000e+00,0.000000e+00,0.000000e+00,0.000000e+00,0.000000e+00,0.000000e+00,0.000000e+00
1.000000e+00,0.000000e+00,0.000000e+00,0.000000e+00,0.000000e+00,0.000000e+00,0.000000e+00,0.000000e+00,0.000000e+00,0.000000e+00,0.000000e+00,0.000000e+00,0.000000e+00,0.000000e+00,0.000000e+00
1.000000e+00,0.000000e+00,0.000000e+00,0.000000e+00,0.000000e+00,0.000000e+00,0.000000e+00,0.000000e+00,0.000000e+00,0.000000e+00,0.000000e+00,0.000000e+00,0.000000e+00,0.000000e+00,0.000000e+00
1.000000e+00,0.000000e+00,0.000000e+00,0.000000e+00,0.000000e+00,0.000000e+00,0.000000e+00,0.000000e+00,0.000000e+00,0.000000e+00,0.000000e+00,0.000000e+00,0.000000e+00,0.000000e+00,0.000000e+00
1.000000e+00,0.000000e+00,0.000000e+00,0.000000e+00,0.000000e+00,0.000000e+00,0.000000e+00,0.000000e+00,0.000000e+00,0.000000e+00,0.000000e+00,0.000000e+00,0.000000e+00,0.000000e+00,0.000000e+00
1.000000e+00,0.000000e+00,0.000000e+00,0.000000e+00,0.000000e+00,0.000000e+00,0.000000e+00,0.000000e+00,0.000000e+00,0.000000e+00,0.000000e+00,0.000000e+00,0.000000e+00,0.000000e+00,0.000000e+00
1.000000e+00,0.000000e+00,0.000000e+00,0.000000e+00,0.000000e+00,0.000000e+00,0.000000e+00,0.000000e+00,0.000000e+00,0.000000e+00,0.000000e+00,0.000000e+00,0.000000e+00,0.000000e+00,0.000000e+00
1.000000e+00,0.000000e+00,0.000000e+00,0.000000e+00,0.000000e+00,0.000000e+00,0.000000e+00,0.000000e+00,0.000000e+00,0.000000e+00,0.000000e+00,0.000000e+00,0.000000e+00,0.000000e+00,0.000000e+00
1.000000e+00,0.000000e+00,0.000000e+00,0.000000e+00,0.000000e+00,0.000000e+00,0.000000e+00,0.000000e+00,0.000000e+00,0.000000e+00,0.000000e+00,0.000000e+00,0.000000e+00,0.000000e+00,0.000000e+00
1.000000e+00,0.000000e+00,0.000000e+00,0.000000e+00,0.000000e+00,0.000000e+00,0.000000e+00,0.000000e+00,0.000000e+00,0.000000e+00,0.000000e+00,0.000000e+00,0.000000e+00,0.000000e+00,0.000000e+00
1.000000e+00,0.000000e+00,0.000000e+00,0.000000e+00,0.000000e+00,0.000000e+00,0.000000e+00,0.000000e+00,0.000000e+00,0.000000e+00,0.000000e+00,0.000000e+00,0.000000e+00,0.000000e+00,0.000000e+00
1.000000e+00,0.000000e+00,0.000000e+00,0.000000e+00,0.000000e+00,0.000000e+00,0.000000e+00,0.000000e+00,0.000000e+00,0.000000e+00,0.000000e+00,0.000000e+00,0.000000e+00,0.000000e+00,0.000000e+00
1.000000e+00,0.000000e+00,0.000000e+00,0.000000e+00,0.000000e+00,0.000000e+00,0.000000e+00,0.000000e+00,0.000000e+00,0.000000e+00,0.000000e+00,0.000000e+00,0.000000e+00,0.000000e+00,0.000000e+00
1.000000e+00,0.000000e+00,0.000000e+00,0.000000e+00,0.000000e+00,0.000000e+00,0.000000e+00,0.000000e+00,0.000000e+00,0.000000e+00,0.000000e+00,0.000000e+00,0.000000e+00,0.000000e+00,0.000000e+00
1.000000e+00,0.000000e+00,0.000000e+00,0.000000e+00,0.000000e+00,0.000000e+00,0.000000e+00,0.000000e+00,0.000000e+00,0.000000e+00,0.000000e+00,0.000000e+00,0.000000e+00,0.000000e+00,0.000000e+00
1.000000e+00,0.000000e+00,0.000000e+00,0.000000e+00,0.000000e+00,0.000000e+00,0.000000e+00,0.000000e+00,0.000000e+00,0.000000e+00,0.000000e+00,0.000000e+00,0.000000e+00,0.000000e+00,0.000000e+00
1.000000e+00,0.000000e+00,0.000000e+00,0.000000e+00,0.000000e+00,0.000000e+00,0.000000e+00,0.000000e+00,0.000000e+00,0.000000e+00,0.000000e+00,0.000000e+00,0.000000e+00,0.000000e+00,0.000000e+00
1.000000e+00,0.000000e+00,0.000000e+00,0.000000e+00,0.000000e+00,0.000000e+00,0.000000e+00,0.000000e+00,0.000000e+00,0.000000e+00,0.000000e+00,0.000000e+00,0.000000e+00,0.000000e+00,0.000000e+00
1.000000e+00,0.000000e+00,0.000000e+00,0.000000e+00,0.000000e+00,0.000000e+00,0.000000e+00,0.000000e+00,0.000000e+00,0.000000e+00,0.000000e+00,0.000000e+00,0.000000e+00,0.000000e+00,0.000000e+00
1.000000e+00,0.000000e+00,0.000000e+00,0.000000e+00,0.000000e+00,0.000000e+00,0.000000e+00,0.000000e+00,0.000000e+00,0.000000e+00,0.000000e+00,0.000000e+00,0.000000e+00,0.000000e+00,0.000000e+00
1.000000e+00,0.000000e+00,0.000000e+00,0.000000e+00,0.000000e+00,0.000000e+00,0.000000e+00,0.000000e+00,0.000000e+00,0.000000e+00,0.000000e+00,0.000000e+00,0.000000e+00,0.000000e+00,0.000000e+00
1.000000e+00,0.000000e+00,0.000000e+00,0.000000e+00,0.000000e+00,0.000000e+00,0.000000e+00,0.000000e+00,0.000000e+00,0.000000e+00,0.000000e+00,0.000000e+00,0.000000e+00,0.000000e+00,0.000000e+00
1.000000e+00,0.000000e+00,0.000000e+00,0.000000e+00,0.000000e+00,0.000000e+00,0.000000e+00,0.000000e+00,0.000000e+00,0.000000e+00,0.000000e+00,0.000000e+00,0.000000e+00,0.000000e+00,0.000000e+00
1.000000e+00,0.000000e+00,0.000000e+00,0.000000e+00,0.000000e+00,0.000000e+00,0.000000e+00,0.000000e+00,0.000000e+00,0.000000e+00,0.000000e+00,0.000000e+00,0.000000e+00,0.000000e+00,0.000000e+00
1.000000e+00,0.000000e+00,0.000000e+00,0.000000e+00,0.000000e+00,0.000000e+00,0.000000e+00,0.000000e+00,0.000000e+00,0.000000e+00,0.000000e+00,0.000000e+00,0.000000e+00,0.000000e+00,0.000000e+00
1.000000e+00,0.000000e+00,0.000000e+00,0.000000e+00,0.000000e+00,0.000000e+00,0.000000e+00,0.000000e+00,0.000000e+00,0.000000e+00,0.000000e+00,0.000000e+00,0.000000e+00,0.000000e+00,0.000000e+00
1.000000e+00,0.000000e+00,0.000000e+00,0.000000e+00,0.000000e+00,0.000000e+00,0.000000e+00,0.000000e+00,0.000000e+00,0.000000e+00,0.000000e+00,0.000000e+00,0.000000e+00,0.000000e+00,0.000000e+00
1.000000e+00,0.000000e+00,0.000000e+00,0.000000e+00,0.000000e+00,0.000000e+00,0.000000e+00,0.000000e+00,0.000000e+00,0.000000e+00,0.000000e+00,0.000000e+00,0.000000e+00,0.000000e+00,0.000000e+00
1.000000e+00,0.000000e+00,0.000000e+00,0.000000e+00,0.000000e+00,0.000000e+00,0.000000e+00,0.000000e+00,0.000000e+00,0.000000e+00,0.000000e+00,0.000000e+00,0.000000e+00,0.000000e+00,0.000000e+00
1.000000e+00,0.000000e+00,0.000000e+00,0.000000e+00,0.000000e+00,0.000000e+00,0.000000e+00,0.000000e+00,0.000000e+00,0.000000e+00,0.000000e+00,0.000000e+00,0.000000e+00,0.000000e+00,0.000000e+00
1.000000e+00,0.000000e+00,0.000000e+00,0.000000e+00,0.000000e+00,0.000000e+00,0.000000e+00,0.000000e+00,0.000000e+00,0.000000e+00,0.000000e+00,0.000000e+00,0.000000e+00,0.000000e+00,0.000000e+00
4.849233e-01,1.858742e-01,1.712579e-02,6.174368e-02,1.938754e-02,1.024405e-01,4.721454e-03,7.284272e-03,7.130650e-03,2.207910e-02,1.556140e-02,2.125239e-02,2.113037e-02,4.716281e-03,2.462906e-02
3.571558e-01,3.011843e-01,1.339154e-02,4.369791e-02,1.764199e-02,9.177343e-02,3.366960e-03,5.191455e-03,1.316946e-02,6.578379e-02,1.239147e-02,1.513291e-02,1.541144e-02,4.964691e-03,3.974287e-02
2.686352e-01,3.277337e-01,1.137046e-02,3.131421e-02,1.637569e-02,1.072663e-01,2.439524e-03,3.725702e-03,2.247796e-02,1.301526e-01,1.041584e-02,1.079765e-02,1.167378e-02,6.139614e-03,3.948180e-02
1.934481e-01,2.999309e-01,9.281127e-03,2.213945e-02,1.320234e-02,1.247445e-01,1.836902e-03,2.717632e-03,4.357806e-02,1.964553e-01,1.324844e-02,7.948829e-03,9.019348e-03,1.518331e-02,4.726581e-02
1.384803e-01,2.284257e-01,7.279971e-03,1.569485e-02,1.040769e-02,1.250222e-01,1.452276e-03,1.961960e-03,6.050539e-02,2.873012e-01,2.555684e-02,6.444681e-03,8.179516e-03,2.334192e-02,5.994557e-02
9.953600e-02,1.763830e-01,9.937799e-03,1.721310e-02,8.067849e-03,9.050681e-02,1.092425e-03,1.452252e-03,1.262883e-01,3.148277e-01,2.934960e-02,5.139483e-03,7.935440e-03,2.022837e-02,9.204200e-02
7.006860e-02,1.245312e-01,7.407058e-03,1.212972e-02,5.686241e-03,6.356648e-02,7.716618e-04,1.086987e-03,1.160336e-01,3.937614e-01,2.251066e-02,3.643779e-03,5.784906e-03,1.751669e-02,1.555010e-01
4.926611e-02,8.745891e-02,5.262733e-03,8.500165e-03,4.176201e-03,4.456870e-02,5.510378e-04,7.714031e-04,8.576369e-02,2.961451e-01,1.726010e-02,2.570564e-03,4.140894e-03,1.639207e-02,3.771724e-01
3.464618e-02,6.251305e-02,4.383071e-03,6.134472e-03,3.017452e-03,3.205225e-02,4.104345e-04,7.474311e-04,1.166205e-01,2.191880e-01,1.270464e-02,1.863463e-03,3.206449e-03,1.530464e-02,4.872079e-01
2.441655e-02,4.582271e-02,3.325356e-03,4.445175e-03,2.154650e-03,2.323542e-02,3.024853e-04,6.388239e-04,8.486768e-02,1.613474e-01,9.420559e-03,1.370959e-03,2.589103e-03,1.482529e-02,6.212378e-01
1.719942e-02,4.114579e-02,2.402187e-03,3.224736e-03,1.563420e-03,1.673199e-02,2.204194e-04,4.520727e-04,7.391998e-02,1.145384e-01,7.456863e-03,1.130269e-03,2.273145e-03,1.158740e-02,7.061539e-01
1.207307e-02,4.399629e-02,1.700537e-03,2.307042e-03,1.110862e-03,1.192163e-02,1.554206e-04,3.180873e-04,5.851232e-02,8.066420e-02,5.662567e-03,8.175176e-04,1.760397e-03,9.404661e-03,7.695954e-01
8.722172e-03,7.398967e-02,1.911432e-03,9.252830e-03,1.139261e-03,1.006483e-02,1.271176e-04,3.380611e-04,1.875197e-01,5.745591e-02,7.335524e-03,8.494421e-04,5.080156e-03,1.172676e-02,6.244872e-01
6.714234e-03,7.443576e-02,3.070509e-03,1.474317e-02,1.809265e-03,9.626785e-03,2.569190e-04,1.097623e-03,2.664220e-01,5.139340e-02,7.714519e-03,1.882250e-03,8.472940e-03,1.611594e-02,5.362447e-01
7.081248e-03,6.036934e-02,3.182742e-03,1.266533e-02,3.390942e-03,1.195339e-02,2.153629e-04,1.544743e-03,2.445247e-01,4.351646e-02,1.073557e-02,2.051420e-03,9.466228e-03,7.700074e-02,5.123017e-01
5.513109e-03,6.789398e-02,4.123519e-03,1.342709e-02,2.942468e-03,9.116955e-03,1.637745e-04,1.217547e-03,3.291634e-01,3.772283e-02,9.304701e-03,1.866074e-03,7.429912e-03,6.536369e-02,4.447510e-01
6.400312e-03,1.421357e-01,3.624174e-03,1.059468e-02,6.100524e-03,1.195053e-02,1.514237e-04,1.030001e-03,3.535560e-01,3.123414e-02,9.655341e-03,1.445042e-03,6.776643e-03,5.551646e-02,3.598290e-01
6.414309e-03,2.525721e-01,3.167846e-03,8.544679e-03,7.622819e-03,1.483670e-02,1.374414e-04,8.619472e-04,3.430233e-01,2.508000e-02,1.159119e-02,1.131453e-03,5.811878e-03,4.287572e-02,2.763286e-01
4.812266e-03,3.239125e-01,3.004861e-03,2.160854e-02,5.521061e-03,1.054977e-02,1.000632e-04,6.699751e-04,3.545465e-01,1.831553e-02,8.431107e-03,8.636757e-04,4.188037e-03,3.033338e-02,2.131427e-01
6.676317e-03,3.618913e-01,3.730951e-03,2.573147e-02,5.812687e-03,9.758861e-03,1.182412e-04,1.017302e-03,3.188578e-01,1.590305e-02,7.093235e-03,7.060590e-04,4.290675e-03,2.237452e-02,2.160375e-01
8.266781e-03,3.027049e-01,3.519475e-02,1.487176e-01,1.266734e-02,1.600131e-02,3.039106e-04,1.854195e-02,2.557617e-01,1.177130e-02,7.561037e-03,7.239783e-04,3.787228e-03,1.630447e-02,1.616917e-01
1.114587e-02,2.331305e-01,1.202396e-01,1.626713e-01,1.353527e-02,1.659282e-02,4.936430e-04,1.372229e-02,2.379326e-01,1.479599e-02,9.325976e-03,6.030718e-04,3.411802e-03,1.275131e-02,1.496479e-01
9.574641e-03,1.691385e-01,2.219873e-01,2.030741e-01,1.156837e-02,1.298666e-02,4.616309e-04,9.878698e-03,2.034024e-01,1.546342e-02,7.362284e-03,4.677155e-04,2.877604e-03,9.025732e-03,1.227310e-01
1.485551e-02,1.611513e-01,2.162149e-01,1.769470e-01,1.109032e-02,1.377715e-02,1.069336e-03,7.831154e-03,1.952827e-01,1.834581e-02,8.242463e-03,1.158225e-03,2.566009e-02,7.100251e-03,1.412738e-01
1.212736e-02,1.168219e-01,1.578687e-01,1.473326e-01,1.042465e-02,1.417554e-02,3.117885e-03,6.112654e-03,1.519949e-01,1.377787e-02,7.972858e-03,1.058453e-03,2.498401e-01,5.042471e-03,1.023322e-01
2.800673e-02,8.813531e-02,1.142193e-01,1.082852e-01,1.228031e-02,1.381541e-02,3.931548e-03,6.047191e-03,1.151091e-01,1.052132e-02,9.376248e-03,2.661916e-03,3.984879e-01,3.994988e-03,8.512761e-02
4.405409e-02,6.776159e-02,8.577096e-02,8.099499e-02,1.139228e-02,1.350542e-02,3.758178e-03,6.772859e-03,9.041695e-02,8.753090e-03,1.038766e-02,7.060480e-03,4.839576e-01,4.411743e-03,8.100218e-02
3.542233e-02,5.740158e-02,6.835020e-02,7.833014e-02,9.764683e-03,1.838115e-02,3.895126e-03,5.504669e-03,8.057363e-02,1.617608e-02,1.407392e-02,1.862965e-02,4.559662e-01,6.037653e-03,1.314930e-01
3.020425e-02,4.457962e-02,5.022793e-02,6.167841e-02,9.117131e-03,1.754367e-02,4.150143e-03,4.551291e-03,5.916210e-02,1.208955e-02,1.210742e-02,3.665047e-02,5.549603e-01,4.366115e-03,9.861161e-02
2.604334e-02,3.357726e-02,3.585130e-02,4.545692e-02,8.169937e-03,1.532286e-02,3.740607e-03,3.399670e-03,4.415380e-02,8.960526e-03,9.329172e-03,5.355380e-02,6.350963e-01,3.116377e-03,7.422819e-02
1.865219e-02,2.387353e-02,2.529345e-02,3.199094e-02,6.245930e-03,1.167333e-02,3.111554e-03,2.432255e-03,3.339101e-02,6.504202e-03,7.435815e-03,8.208770e-02,6.883618e-01,2.259646e-03,5.668673e-02
1.321962e-02,1.713333e-02,1.780416e-02,2.256759e-02,4.618596e-03,8.686232e-03,2.347798e-03,1.803911e-03,2.598312e-02,4.910766e-03,5.466906e-03,7.319212e-02,7.587552e-01,1.611068e-03,4.189961e-02
9.393128e-03,1.212586e-02,1.257824e-02,1.595807e-02,4.178833e-03,6.869431e-03,4.536973e-03,1.872091e-03,2.044731e-02,3.759745e-03,4.408270e-03,6.413209e-02,8.028111e-01,1.184820e-03,3.574404e-02
9.365278e-03,9.562821e-03,9.238786e-03,1.205118e-02,6.270943e-03,9.156553e-03,3.699728e-03,1.815604e-03,1.699758e-02,3.155403e-03,6.974185e-03,5.150681e-02,8.316531e-01,1.174472e-03,2.737759e-02
7.138315e-03,7.279645e-03,6.634786e-03,9.196735e-03,1.150157e-02,9.504088e-03,2.946865e-03,1.634665e-03,1.359819e-02,2.710672e-03,1.275829e-02,4.558768e-02,8.470687e-01,9.495352e-04,2.149031e-02
5.296617e-03,5.397167e-03,5.051297e-03,7.136880e-03,1.036137e-02,1.367150e-02,2.228705e-03,1.473655e-03,1.081199e-02,5.425222e-03,2.038280e-02,5.170800e-02,8.446064e-01,8.496905e-04,1.559878e-02
3.804208e-03,3.823486e-03,4.150776e-03,5.200770e-03,8.116459e-03,1.268950e-02,1.765225e-03,2.174868e-03,8.183515e-03,1.190307e-02,2.954782e-02,5.716038e-02,8.391957e-01,7.242160e-04,1.156007e-02
2.839878e-03,2.696939e-03,4.130761e-03,3.822421e-03,1.145185e-02,9.586224e-03,1.473694e-03,3.786914e-02,7.605804e-03,1.085918e-02,3.112928e-02,4.874591e-02,8.188208e-01,5.377741e-04,8.430361e-03
2.385001e-03,1.950348e-03,6.079685e-03,2.966251e-03,1.335113e-02,8.418205e-03,1.950855e-03,1.095089e-01,7.524815e-03,9.818638e-03,4.151119e-02,4.086806e-02,7.462498e-01,4.233403e-04,6.993816e-03
2.583838e-03,1.952242e-03,6.307557e-03,3.595035e-03,6.642055e-02,7.929193e-03,1.804123e-03,1.022435e-01,1.449833e-02,1.174479e-02,4.465991e-02,3.349803e-02,6.907825e-01,3.456348e-04,1.163477e-02
4.235626e-03,3.812172e-03,8.942223e-03,1.045495e-02,9.592387e-02,7.158341e-03,1.443043e-03,1.579286e-01,8.589181e-02,1.408762e-02,4.958009e-02,2.739265e-02,5.234476e-01,2.842450e-04,9.417300e-03
7.318551e-03,5.971028e-03,1.017980e-02,1.717000e-02,8.077406e-02,7.079524e-03,1.350271e-03,2.180709e-01,1.574474e-01,1.171234e-02,4.379348e-02,2.963225e-02,4.016891e-01,3.602414e-04,7.451157e-03
1.812273e-02,7.487469e-03,1.413951e-02,1.963186e-02,6.478228e-02,6.377544e-03,1.201030e-03,3.099961e-01,1.597077e-01,1.060169e-02,4.631066e-02,2.650599e-02,3.075301e-01,6.193934e-04,6.985969e-03
1.827685e-02,9.135153e-03,1.820757e-02,1.569048e-02,5.463512e-02,4.877430e-03,1.140653e-03,4.256532e-01,1.478172e-01,8.897305e-03,4.042933e-02,2.132463e-02,2.262610e-01,6.914149e-04,6.962633e-03
1.471218e-02,8.765638e-03,1.793798e-02,1.172027e-02,4.579300e-02,3.794927e-03,1.406269e-03,5.604836e-01,1.133668e-01,6.963735e-03,2.967350e-02,1.569120e-02,1.609762e-01,6.054255e-04,8.109262e-03
1.267197e-02,1.573806e-02,1.626734e-02,9.076414e-03,4.270509e-02,5.986589e-03,1.531837e-03,6.119389e-01,1.196690e-01,5.985851e-03,2.104989e-02,1.322210e-02,1.160682e-01,8.462907e-04,7.242493e-03
1.938169e-02,2.437987e-02,1.354754e-02,7.983571e-03,4.705217e-02,6.335005e-03,1.578830e-03,6.096578e-01,1.424414e-01,5.548780e-03,1.502678e-02,1.071384e-02,8.424511e-02,1.704812e-03,1.040281e-02
2.629676e-02,2.382245e-02,1.044253e-02,6.601658e-03,3.610463e-02,5.806465e-03,1.304313e-03,6.674500e-01,1.253392e-01,4.800980e-03,1.070709e-02,9.167770e-03,6.012558e-02,2.120547e-03,9.910019e-03
6.144772e-02,3.967591e-02,8.948500e-03,6.197603e-03,2.994912e-02,8.467653e-03,1.463315e-03,6.020773e-01,1.585995e-01,4.444771e-03,8.226153e-03,1.010517e-02,4.557667e-02,2.424353e-03,1.239628e-02
8.322226e-02,3.486616e-02,9.404148e-03,6.336083e-03,2.196282e-02,8.074929e-03,1.135908e-03,6.406795e-01,1.195384e-01,5.864414e-03,7.133408e-03,1.084958e-02,3.466475e-02,2.519189e-03,1.374849e-02
1.442776e-01,2.523869e-02,7.092134e-03,1.479439e-02,1.682194e-02,1.037665e-02,9.561686e-04,5.436321e-01,9.110467e-02,4.878919e-03,2.254086e-02,6.141092e-02,4.248496e-02,3.063948e-03,1.132594e-02
1.492550e-01,1.850625e-02,5.900369e-03,1.837966e-02,1.290303e-02,1.187260e-02,8.635035e-04,4.126374e-01,7.025097e-02,5.770391e-03,7.274405e-02,1.223397e-01,8.518615e-02,3.365412e-03,1.002540e-02
1.787697e-01,1.403920e-02,6.013834e-03,2.105855e-02,1.036248e-02,1.283148e-02,1.136194e-03,3.066069e-01,5.984136e-02,1.114498e-02,9.586613e-02,1.275249e-01,1.375120e-01,3.906843e-03,1.338540e-02
1.535383e-01,1.023208e-02,5.022190e-03,1.808455e-02,8.429637e-03,1.123966e-02,1.184433e-03,2.174089e-01,5.090048e-02,2.482351e-02,1.227789e-01,1.303109e-01,2.084569e-01,4.242878e-03,3.334669e-02
1.757371e-01,7.632203e-03,4.256087e-03,1.683636e-02,9.609194e-03,1.110385e-02,1.490638e-03,1.608014e-01,5.328277e-02,3.718087e-02,1.114398e-01,1.138858e-01,2.562246e-01,4.928335e-03,3.559102e-02
1.337297e-01,5.746924e-03,4.547076e-03,1.409639e-02,2.281066e-02,1.375008e-02,6.272417e-03,1.535507e-01,4.133449e-02,7.186536e-02,9.368666e-02,9.448357e-02,2.975551e-01,5.123524e-03,4.144732e-02
1.231036e-01,6.111093e-03,5.797523e-03,1.129392e-02,2.849889e-02,2.952984e-02,1.009345e-02,1.191556e-01,4.137871e-02,8.697726e-02,7.809369e-02,1.326587e-01,2.719457e-01,6.489983e-03,4.887211e-02
1.226701e-01,6.904533e-03,6.563190e-03,9.656602e-03,3.087896e-02,4.094421e-02,9.883534e-03,9.373110e-02,5.242854e-02,9.922758e-02,7.277111e-02,1.756627e-01,2.299025e-01,6.518088e-03,4.225727e-02
1.386799e-01,8.658427e-03,1.154777e-02,1.231510e-02,3.406649e-02,3.482461e-02,8.599985e-03,7.731606e-02,1.128380e-01,8.126267e-02,7.201853e-02,1.832730e-01,1.858888e-01,5.735922e-03,3.297466e-02
1.388949e-01,1.978103e-02,1.172648e-02,1.184764e-02,3.629540e-02,2.604396e-02,6.853878e-03,5.920975e-02,2.643462e-01,5.820100e-02,5.424288e-02,1.471485e-01,1.369033e-01,4.211109e-03,2.429396e-02
1.064482e-01,3.281681e-02,2.093466e-02,5.280264e-02,3.334522e-02,2.167296e-02,5.644872e-03,4.561199e-02,3.644090e-01,4.511969e-02,3.997927e-02,1.064483e-01,1.009275e-01,3.230701e-03,2.060820e-02
8.166844e-02,3.321611e-02,1.788426e-02,5.652450e-02,4.098455e-02,1.758914e-02,5.722997e-03,3.676179e-02,4.772773e-01,3.382026e-02,2.919134e-02,7.567481e-02,7.576574e-02,2.340865e-03,1.557795e-02
6.492957e-02,3.276137e-02,3.191631e-02,8.389824e-02,5.799757e-02,1.454423e-02,4.843208e-03,3.073903e-02,5.058990e-01,2.765086e-02,2.141548e-02,5.372302e-02,5.450174e-02,1.747779e-03,1.343261e-02
7.807059e-02,3.853536e-02,6.025099e-02,6.793062e-02,1.055030e-01,1.571891e-02,7.618137e-03,2.600834e-02,4.671708e-01,2.292401e-02,1.622215e-02,3.887818e-02,4.009593e-02,1.413440e-03,1.365956e-02
7.394967e-02,3.030031e-02,6.875657e-02,5.087171e-02,1.077418e-01,1.669032e-02,2.608935e-02,6.454716e-02,4.620365e-01,1.696011e-02,1.273781e-02,2.809349e-02,2.993036e-02,1.121905e-03,1.017300e-02
6.552101e-02,3.234982e-02,1.032635e-01,7.239600e-02,1.153142e-01,3.528497e-02,2.040440e-02,5.157753e-02,3.871752e-01,2.577061e-02,2.043374e-02,2.652707e-02,2.899853e-02,1.289036e-03,1.369445e-02
4.627834e-02,3.057200e-02,1.561708e-01,1.507764e-01,1.052079e-01,2.854194e-02,1.896252e-02,3.840839e-02,2.770423e-01,2.249049e-02,5.668107e-02,2.728399e-02,2.661969e-02,4.351809e-03,1.061253e-02
3.482619e-02,2.452200e-02,1.422129e-01,1.865476e-01,8.269109e-02,2.258774e-02,1.511404e-02,2.760452e-02,1.979166e-01,2.624860e-02,1.375094e-01,4.326680e-02,4.311860e-02,7.505965e-03,8.328057e-03
1.270337e-01,2.258737e-02,1.040891e-01,1.566582e-01,6.464250e-02,2.687996e-02,1.140383e-02,2.095513e-02,1.434937e-01,2.297345e-02,1.551470e-01,8.616903e-02,3.487635e-02,1.453906e-02,8.551650e-03
1.465267e-01,1.833382e-02,7.659994e-02,1.148233e-01,4.881585e-02,3.066389e-02,8.778065e-03,1.736178e-02,1.073122e-01,1.767926e-02,2.381485e-01,1.094893e-01,2.913703e-02,2.933871e-02,6.991645e-03
1.057411e-01,1.391271e-02,5.460896e-02,8.094618e-02,3.545807e-02,2.931242e-02,6.171855e-03,1.243859e-02,7.627728e-02,1.290348e-02,4.109350e-01,1.073135e-01,2.115721e-02,2.756231e-02,5.261390e-03
7.611674e-02,1.020750e-02,3.891265e-02,5.704680e-02,2.616249e-02,2.406208e-02,4.342066e-03,8.832775e-03,5.517723e-02,1.134409e-02,5.007256e-01,1.385028e-01,1.582645e-02,2.878391e-02,3.956877e-03
5.699047e-02,8.527391e-03,2.881189e-02,4.059831e-02,2.669417e-02,1.998297e-02,3.093574e-03,6.988354e-03,4.269266e-02,1.643514e-02,5.618225e-01,1.371887e-01,1.211302e-02,3.470030e-02,3.360534e-03
4.205256e-02,1.208564e-02,2.768785e-02,2.867748e-02,2.734875e-02,1.617777e-02,2.216555e-03,6.071411e-03,4.364452e-02,1.321616e-02,6.024909e-01,1.293256e-01,8.971336e-03,3.672097e-02,3.312478e-03
3.082963e-02,1.058122e-02,2.123259e-02,2.026610e-02,2.046967e-02,1.375166e-02,1.596554e-03,4.871067e-03,4.238061e-02,1.059944e-02,6.608248e-01,1.113051e-01,6.742871e-03,4.182225e-02,2.726488e-03
2.213604e-02,1.145939e-02,1.508404e-02,1.442206e-02,1.639872e-02,1.074981e-02,1.170958e-03,3.511098e-03,5.788489e-02,8.347942e-03,6.982620e-01,9.721857e-02,5.426855e-03,3.560778e-02,2.319906e-03
1.657223e-02,4.379220e-02,7.127725e-02,1.086216e-02,3.694522e-02,8.918684e-03,1.009075e-03,3.699157e-03,7.753992e-02,7.142353e-03,6.134517e-01,7.379691e-02,4.247127e-03,2.887187e-02,1.874160e-03
1.207579e-02,3.615930e-02,5.118142e-02,7.748690e-03,3.039384e-02,7.244979e-03,8.311524e-04,3.071180e-03,7.629500e-02,5.728070e-03,6.752883e-01,5.918878e-02,3.162375e-03,3.009813e-02,1.533018e-03
1.062568e-02,6.257173e-02,3.795963e-02,6.254968e-03,2.367787e-02,7.137753e-03,6.347338e-04,4.330271e-03,1.254118e-01,5.648838e-03,6.151130e-01,4.784377e-02,2.806321e-03,4.803209e-02,1.951530e-03
9.430377e-03,7.207583e-02,2.891789e-02,4.896038e-03,1.959362e-02,6.856724e-03,4.914880e-04,3.950745e-03,1.652237e-01,5.576990e-03,5.828336e-01,4.013932e-02,2.529097e-03,5.533990e-02,2.144729e-03
1.252754e-02,6.164828e-02,7.785373e-02,1.114636e-02,6.500755e-02,6.447186e-03,8.420569e-04,1.313229e-02,2.202878e-01,4.514121e-03,4.527581e-01,2.866640e-02,1.862384e-03,4.145170e-02,1.854523e-03
2.126635e-02,5.550721e-02,6.872545e-02,1.311781e-02,5.279030e-02,7.729887e-03,6.956570e-04,1.344761e-02,2.743865e-01,1.149175e-02,4.111560e-01,2.276139e-02,2.092510e-03,4.024232e-02,4.589255e-03
2.844714e-02,4.514946e-02,5.171577e-02,1.100247e-02,4.200532e-02,8.370578e-03,5.378065e-04,1.026762e-02,3.343462e-01,2.393366e-02,3.493335e-01,1.872731e-02,2.584413e-03,6.033960e-02,1.323912e-02
3.936511e-02,3.531604e-02,3.703779e-02,8.126702e-03,3.131906e-02,1.031060e-02,4.159953e-04,7.528178e-03,3.000984e-01,2.035193e-02,2.933131e-01,1.466952e-02,5.431061e-03,1.841490e-01,1.256762e-02
3.292938e-02,2.988704e-02,2.831367e-02,6.026765e-03,2.395749e-02,8.984887e-03,3.394630e-04,5.416846e-03,2.638334e-01,2.119038e-02,2.824553e-01,1.122935e-02,5.529488e-03,2.694811e-01,1.042547e-02
2.979251e-02,2.426444e-02,1.727839e-01,1.748851e-02,2.437017e-02,8.707033e-03,3.562327e-04,1.380251e-02,2.232116e-01,1.780613e-02,2.331720e-01,9.241564e-03,6.238802e-03,2.106763e-01,8.088361e-03
2.722106e-02,2.639841e-02,2.398849e-01,3.666716e-02,3.425476e-02,1.333055e-02,5.026357e-04,1.622568e-02,2.355048e-01,1.421456e-02,1.735649e-01,6.699344e-03,4.601446e-03,1.641045e-01,6.825209e-03
5.348820e-02,2.588581e-02,2.189843e-01,3.515145e-02,6.886141e-02,2.181987e-02,3.158106e-03,1.753450e-02,2.150905e-01,1.371153e-02,1.597949e-01,5.350795e-03,3.690982e-03,1.509590e-01,6.518724e-03
5.772341e-02,2.583534e-02,2.095036e-01,6.349636e-02,1.300004e-01,2.041064e-02,7.183392e-03,2.925818e-02,1.766050e-01,1.099690e-02,1.390963e-01,4.191104e-03,2.869586e-03,1.175151e-01,5.314695e-03
5.171850e-02,2.566514e-02,1.975974e-01,1.366308e-01,1.985665e-01,1.674272e-02,9.559337e-03,2.897464e-02,1.316985e-01,7.860929e-03,1.015544e-01,3.283971e-03,2.145621e-03,8.391321e-02,4.088457e-03
4.241497e-02,3.049457e-02,2.857235e-01,1.440413e-01,2.059250e-01,1.898899e-02,8.375311e-03,2.237409e-02,9.676690e-02,5.992619e-03,7.175614e-02,2.434108e-03,1.597091e-03,5.934988e-02,3.765593e-03
4.506983e-02,3.544883e-02,2.728742e-01,2.277442e-01,1.698718e-01,1.640898e-02,6.130868e-03,1.827038e-02,7.497717e-02,5.621608e-03,7.172361e-02,2.181841e-03,2.071041e-03,4.373815e-02,7.867432e-03
3.256736e-02,2.980021e-02,2.677048e-01,2.626709e-01,1.194850e-01,1.176089e-02,4.330618e-03,1.306674e-02,5.823570e-02,1.898414e-02,1.280032e-01,2.541697e-03,7.770525e-03,3.125324e-02,1.182510e-02
2.384148e-02,2.953096e-02,2.461451e-01,2.679414e-01,8.548914e-02,8.626748e-03,3.085555e-03,9.612314e-03,6.493913e-02,3.362355e-02,1.747482e-01,4.156960e-03,1.018242e-02,2.394744e-02,1.412972e-02
1.812641e-02,3.066463e-02,2.115256e-01,2.485119e-01,6.065318e-02,6.982591e-03,2.207510e-03,7.125494e-03,6.227324e-02,6.421312e-02,2.061830e-01,1.757832e-02,2.938536e-02,2.066009e-02,1.390960e-02
1.427499e-02,2.273726e-02,1.526020e-01,1.825679e-01,4.302987e-02,7.090144e-03,1.669623e-03,5.128354e-03,6.429511e-02,6.547838e-02,3.083583e-01,8.319630e-02,2.235768e-02,1.589837e-02,1.131569e-02
1.084375e-02,1.622657e-02,1.077328e-01,1.291324e-01,3.035898e-02,6.516529e-03,1.236541e-03,3.695651e-03,4.873347e-02,4.905052e-02,3.893014e-01,1.682816e-01,1.764322e-02,1.289385e-02,8.352785e-03
8.890226e-03,1.168325e-02,7.625341e-02,9.137852e-02,2.249136e-02,1.277587e-02,1.162321e-03,3.367442e-03,3.595849e-02,3.704684e-02,4.808134e-01,1.851117e-01,1.484935e-02,1.132066e-02,6.897162e-03
6.838500e-03,8.326569e-03,5.371372e-02,6.505775e-02,1.899810e-02,9.788648e-03,9.178114e-04,2.834528e-03,2.798969e-02,2.728226e-02,5.640762e-01,1.856792e-01,1.320188e-02,9.966943e-03,5.328254e-03
5.322380e-03,6.275618e-03,3.828463e-02,4.647255e-02,2.331838e-02,8.504396e-03,8.896204e-04,2.740637e-03,2.710008e-02,2.107617e-02,6.100015e-01,1.810817e-01,1.195989e-02,1.207284e-02,4.899648e-03
4.971832e-03,1.047606e-02,3.185288e-02,3.437566e-02,4.403310e-02,1.362263e-02,1.991573e-03,4.991363e-02,5.577379e-02,1.819555e-02,4.555093e-01,2.518734e-01,1.238488e-02,1.072449e-02,4.301335e-03
7.156746e-03,7.909986e-03,2.407676e-02,2.454049e-02,4.025837e-02,1.704030e-02,2.519621e-03,5.090737e-02,4.233935e-02,1.782881e-02,3.605598e-01,3.810495e-01,1.164563e-02,8.725804e-03,3.441429e-03
7.446047e-03,5.996888e-03,1.765393e-02,1.743945e-02,3.336572e-02,1.928619e-02,2.898982e-03,4.272514e-02,3.216823e-02,1.961187e-02,2.748179e-01,5.071520e-01,9.648912e-03,6.944436e-03,2.844278e-03
7.646829e-03,6.534853e-03,1.632868e-02,1.275144e-02,3.186043e-02,5.666189e-02,8.273243e-03,4.713736e-02,3.235079e-02,2.445348e-02,2.134096e-01,5.265317e-01,7.820677e-03,5.741145e-03,2.497905e-03
1.239398e-02,1.587777e-02,1.481932e-02,9.469599e-03,4.094698e-02,4.733734e-02,6.859581e-03,5.233650e-02,4.806669e-02,2.426604e-02,1.620723e-01,5.511832e-01,6.665766e-03,5.610316e-03,2.094574e-03
1.388946e-02,1.368432e-02,2.018453e-02,7.253700e-03,6.496220e-02,3.611642e-02,8.143915e-03,5.267210e-02,4.512379e-02,2.474646e-02,1.272809e-01,5.728436e-01,6.248638e-03,5.143228e-03,1.706815e-03
1.213941e-02,1.124180e-02,1.931374e-02,5.271592e-03,5.835220e-02,2.579514e-02,6.336887e-03,4.097519e-02,3.468537e-02,3.924188e-02,1.009185e-01,6.333444e-01,5.197650e-03,5.893065e-03,1.293124e-03
1.152371e-02,8.368367e-03,1.936091e-01,1.147942e-02,4.490636e-02,1.849829e-02,5.079646e-03,1.141698e-01,2.484287e-02,2.837443e-02,7.194436e-02,4.580610e-01,4.005259e-03,4.223673e-03,9.137534e-04
1.645149e-02,8.749033e-03,2.557857e-01,1.714445e-02,5.559067e-02,1.362817e-02,3.768721e-03,1.139613e-01,2.763975e-02,2.753043e-02,7.152958e-02,3.781916e-01,3.601656e-03,5.500234e-03,9.271885e-04
1.630311e-02,1.558457e-02,2.844339e-01,1.581870e-02,6.112959e-02,1.143045e-02,2.894065e-03,1.118804e-01,4.580704e-02,2.422564e-02,6.064513e-02,3.401693e-01,3.217079e-03,5.618054e-03,8.430280e-04
1.554130e-02,1.731060e-02,2.977970e-01,2.388360e-02,8.117290e-02,1.185196e-02,2.867860e-03,1.776279e-01,4.383642e-02,2.009478e-02,4.667801e-02,2.519553e-01,2.753760e-03,5.864016e-03,7.645765e-04
2.094460e-02,1.784294e-02,3.166578e-01,4.134253e-02,7.504278e-02,1.171618e-02,2.266007e-03,2.022208e-01,4.486689e-02,1.909162e-02,4.565071e-02,1.880310e-01,2.828853e-03,1.044177e-02,1.055564e-03
3.782825e-02,2.798940e-02,3.117110e-01,4.020969e-02,6.588662e-02,1.014048e-02,1.696504e-03,1.515111e-01,7.117662e-02,2.284630e-02,7.518022e-02,1.443340e-01,2.883123e-03,3.302789e-02,3.578893e-03
3.970299e-02,2.530659e-02,3.309878e-01,1.081624e-01,7.733970e-02,8.518998e-03,1.319255e-03,1.323337e-01,6.188701e-02,2.480745e-02,5.550540e-02,1.039143e-01,2.388650e-03,2.372797e-02,4.097812e-03
4.305165e-02,2.715954e-02,3.146186e-01,1.484225e-01,5.791758e-02,6.804796e-03,1.040965e-03,9.714699e-02,9.377447e-02,4.856638e-02,5.090883e-02,7.504315e-02,2.530708e-03,1.868954e-02,1.432423e-02
3.326173e-02,4.175842e-02,2.697842e-01,2.054756e-01,4.214565e-02,7.938107e-03,8.162419e-04,6.870863e-02,1.197893e-01,4.707536e-02,6.225366e-02,5.592347e-02,1.020754e-02,1.352751e-02,2.133467e-02
2.571710e-02,1.133230e-01,1.919818e-01,1.758246e-01,3.075583e-02,8.040626e-03,6.559781e-04,4.835624e-02,1.316057e-01,4.331355e-02,9.059086e-02,4.482259e-02,3.648079e-02,1.074777e-02,4.778350e-02
2.022981e-02,1.428259e-01,1.362721e-01,1.407480e-01,2.253942e-02,7.685544e-03,5.774691e-04,3.427317e-02,1.100688e-01,3.409416e-02,1.118945e-01,3.514542e-02,6.691994e-02,1.117143e-02,1.255543e-01
1.967828e-02,1.074648e-01,1.008013e-01,1.016156e-01,2.420562e-02,6.635776e-03,6.568224e-04,2.540878e-02,8.592352e-02,2.480946e-02,1.655868e-01,2.765552e-02,6.779477e-02,1.822715e-02,2.235357e-01
1.896923e-02,9.206216e-02,7.912609e-02,7.613420e-02,1.955787e-02,1.269933e-02,8.041575e-04,1.873552e-02,7.440663e-02,2.302941e-02,1.615476e-01,2.271529e-02,6.369473e-02,1.705263e-02,3.194652e-01
1.518771e-02,6.782667e-02,6.488341e-02,5.503680e-02,1.870243e-02,1.009338e-02,9.337384e-04,1.467224e-02,5.692152e-02,2.168288e-02,1.403335e-01,1.700061e-02,6.310734e-02,1.872511e-02,4.348926e-01
1.234652e-02,4.821583e-02,7.263745e-02,4.248054e-02,2.219631e-02,7.417008e-03,1.801378e-03,1.648264e-02,4.815050e-02,2.375446e-02,1.078383e-01,1.240713e-02,4.935565e-02,3.393893e-02,5.009773e-01
1.130354e-02,3.463346e-02,6.176737e-02,3.193418e-02,5.580696e-02,5.719773e-03,5.448039e-03,2.926533e-02,5.777024e-02,3.457897e-02,8.437198e-02,9.432157e-03,4.012828e-02,3.839217e-02,4.994475e-01
8.846896e-03,2.451281e-02,6.628645e-02,2.341188e-02,4.478813e-02,4.325071e-03,2.056480e-02,9.773725e-02,4.322705e-02,6.821235e-02,6.072494e-02,6.850784e-03,3.135652e-02,2.878205e-02,4.703730e-01
9.041229e-03,2.176687e-02,5.539506e-02,1.815559e-02,5.021485e-02,3.980004e-03,2.169057e-02,1.051516e-01,1.356124e-01,8.182339e-02,4.491036e-02,5.301634e-03,2.484982e-02,2.113769e-02,4.009689e-01
7.753713e-03,3.006769e-02,4.079771e-02,1.380250e-02,5.336019e-02,5.700322e-03,1.560085e-02,9.917559e-02,2.980865e-01,7.415771e-02,3.215868e-02,3.834514e-03,1.942592e-02,1.495881e-02,2.911192e-01
9.057555e-03,3.515213e-02,2.924249e-02,1.090902e-02,5.670864e-02,1.165678e-02,1.147354e-02,8.183974e-02,4.272835e-01,7.023863e-02,2.275426e-02,2.749037e-03,1.419186e-02,1.056916e-02,2.061735e-01
1.022977e-02,5.245767e-02,2.479297e-02,2.456186e-02,5.689049e-02,1.313382e-02,9.386190e-03,1.025866e-01,4.646626e-01,5.837454e-02,1.639292e-02,2.254647e-03,1.051785e-02,7.513599e-03,1.462444e-01
1.349827e-02,3.814111e-02,2.161404e-02,4.015893e-02,6.078665e-02,2.084669e-02,1.074386e-02,2.151515e-01,3.984603e-01,5.168932e-02,1.168832e-02,1.734310e-03,7.688246e-03,5.285521e-03,1.025129e-01
2.477943e-02,2.934656e-02,3.852491e-02,8.292269e-02,5.858982e-02,3.057005e-02,9.279265e-03,2.456909e-01,3.220229e-01,6.530874e-02,8.839607e-03,1.694616e-03,6.244922e-03,3.766179e-03,7.241942e-02
3.636117e-02,2.340608e-02,3.468616e-02,6.115413e-02,4.655033e-02,2.963485e-02,8.131771e-03,3.939618e-01,2.449154e-01,5.426432e-02,6.391115e-03,1.384134e-03,5.202741e-03,2.656670e-03,5.129926e-02
5.888149e-02,1.871069e-02,2.870087e-02,4.787285e-02,4.068787e-02,2.320749e-02,2.340489e-02,4.480147e-01,2.086136e-01,5.291633e-02,4.791701e-03,1.402414e-03,4.249275e-03,1.951747e-03,3.659417e-02
7.922889e-02,2.198012e-02,2.339614e-02,3.727138e-02,4.093775e-02,1.728002e-02,1.900019e-02,5.036042e-01,1.778824e-01,4.231497e-02,3.697906e-03,1.918674e-03,3.474160e-03,1.447660e-03,2.656556e-02
1.888168e-01,2.397268e-02,2.369734e-02,3.264426e-02,3.792929e-02,1.920342e-02,1.762483e-02,4.226763e-01,1.430645e-01,3.303872e-02,4.115159e-03,2.593498e-02,5.258245e-03,1.206729e-03,2.081675e-02
2.632344e-01,2.709762e-02,2.190172e-02,2.655933e-02,3.238808e-02,2.082794e-02,3.115272e-02,3.660187e-01,1.291017e-01,2.771621e-02,3.757110e-03,2.528545e-02,6.068445e-03,1.175946e-03,1.771457e-02
3.309429e-01,2.684806e-02,1.988017e-02,2.613191e-02,2.785018e-02,2.747330e-02,5.856667e-02,2.723026e-01,1.057862e-01,2.996771e-02,3.828375e-03,1.992082e-02,3.067915e-02,1.540354e-03,1.828163e-02
4.600111e-01,2.321485e-02,1.553976e-02,2.112344e-02,2.332040e-02,2.471454e-02,5.494261e-02,1.959260e-01,8.488961e-02,2.418503e-02,5.194751e-03,1.939484e-02,2.841276e-02,1.840431e-03,1.728987e-02
1.000000e+00,0.000000e+00,0.000000e+00,0.000000e+00,0.000000e+00,0.000000e+00,0.000000e+00,0.000000e+00,0.000000e+00,0.000000e+00,0.000000e+00,0.000000e+00,0.000000e+00,0.000000e+00,0.000000e+00
4.848442e-01,1.994479e-02,1.011545e-02,1.981183e-02,1.668942e-02,2.344658e-02,4.630817e-02,9.796558e-02,5.037169e-02,1.157856e-01,7.442831e-03,1.754877e-02,4.606283e-02,8.363990e-03,3.529829e-02
4.163325e-01,1.643575e-02,7.715576e-03,1.743581e-02,1.304547e-02,2.299130e-02,3.389635e-02,6.887289e-02,4.178311e-02,2.281431e-01,7.711377e-03,1.931376e-02,5.853126e-02,8.718505e-03,3.907330e-02
3.268251e-01,1.193869e-02,1.820034e-02,1.505381e-02,1.427905e-02,1.946904e-02,2.596081e-02,6.184288e-02,3.333383e-02,3.115773e-01,1.930645e-02,2.247990e-02,7.885148e-02,7.185943e-03,3.369546e-02
3.332414e-01,9.724293e-03,6.753599e-02,1.632886e-02,2.023203e-02,2.629909e-02,2.066441e-02,4.675644e-02,2.900521e-02,2.837882e-01,1.724540e-02,3.280312e-02,6.264389e-02,5.868109e-03,2.786360e-02
2.766408e-01,7.734553e-03,4.913209e-02,1.299291e-02,2.022238e-02,2.213999e-02,1.606936e-02,3.381850e-02,2.632617e-02,3.852646e-01,1.445688e-02,2.947186e-02,5.416529e-02,4.700634e-03,4.686403e-02
2.118969e-01,5.955067e-03,3.559038e-02,9.961790e-03,1.611332e-02,1.791143e-02,1.246302e-02,2.486076e-02,2.773129e-02,5.164387e-01,1.272136e-02,2.414691e-02,4.338755e-02,3.410016e-03,3.741151e-02
1.860120e-01,4.910257e-03,2.618489e-02,8.291401e-03,1.407284e-02,1.461900e-02,1.060323e-02,1.928675e-02,2.277933e-02,5.924629e-01,1.052797e-02,1.893463e-02,3.515941e-02,2.486955e-03,3.366835e-02
