1.000000e+00,0.000000e+00,0.000000e+00,0.000000e+00,0.000000e+00,0.000000e+00,0.000000e+00,0.000000e+00,0.000000e+00,0.000000e+00,0.000000e+00,0.000000e+00,0.000000e+00,0.000000e+00,0.000000e+00
1.000000e+00,0.000000e+00,0.000000e+00,0.000000e+00,0.000000e+00,0.000000e+00,0.000000e+00,0.000000e+00,0.000000e+00,0.000000e+00,0.000000e+00,0.000000e+00,0.000000e+00,0.000000e+00,0.000000e+00
1.000000e+00,0.000000e+00,0.000000e+00,0.000000e+00,0.000000e+00,0.000000e+00,0.000000e+00,0.000000e+00,0.000000e+00,0.000000e+00,0.000000e+00,0.000000e+00,0.000000e+00,0.000000e+00,0.000000e+00
1.000000e+00,0.000000e+00,0.000000e+00,0.000000e+00,0.000000e+00,0.000000e+00,0.000000e+00,0.000000e+00,0.000000e+00,0.000000e+00,0.000000e+00,0.000000e+00,0.000000e+00,0.000000e+00,0.000000e+00
1.000000e+00,0.000000e+00,0.000000e+00,0.000000e+00,0.000000e+00,0.000000e+00,0.000000e+00,0.000000e+00,0.000000e+00,0.000000e+00,0.000000e+00,0.000000e+00,0.000000e+00,0.000000e+00,0.000000e+00
1.000000e+00,0.000000e+00,0.000000e+00,0.000000e+00,0.000000e+00,0.000000e+00,0.000000e+00,0.000000e+00,0.000000e+00,0.000000e+00,0.000000e+00,0.000000e+00,0.000000e+00,0.000000e+00,0.000000e+00
1.000000e+00,0.000000e+00,0.000000e+00,0.000000e+00,0.000000e+00,0.000000e+00,0.000000e+00,0.000000e+00,0.000000e+00,0.000000e+00,0.000000e+00,0.000000e+00,0.000000e+00,0.000000e+00,0.000000e+00
1.000000e+00,0.000000e+00,0.000000e+00,0.000000e+00,0.000000e+00,0.000000e+00,0.000000e+00,0.000000e+00,0.000000e+00,0.000000e+00,0.000000e+00,0.000000e+00,0.000000e+00,0.000000e+00,0.000000e+00
1.000000e+00,0.000000e+00,0.000000e+00,0.000000e+00,0.000000e+00,0.000000e+00,0.000000e+00,0.000000e+00,0.000000e+00,0.000000e+00,0.000000e+00,0.000000e+00,0.000000e+00,0.000000e+00,0.000000e+00
1.000000e+00,0.000000e+00,0.000000e+00,0.000000e+00,0.000000e+00,0.000000e+00,0.000000e+00,0.000000e+00,0.000000e+00,0.000000e+00,0.000000e+00,0.000000e+00,0.000000e+00,0.000000e+00,0.000000e+00
1.000000e+00,0.000000e+00,0.000000e+00,0.000000e+00,0.000000e+00,0.000000e+00,0.000000e+00,0.000000e+00,0.000000e+00,0.000000e+00,0.000000e+00,0.000000e+00,0.000000e+00,0.000000e+00,0.000000e+00
1.000000e+00,0.000000e+00,0.000000e+00,0.000000e+00,0.000000e+00,0.000000e+00,0.000000e+00,0.000000e+00,0.000000e+00,0.000000e+00,0.000000e+00,0.000000e+00,0.000000e+00,0.000000e+00,0.000000e+00
1.000000e+00,0.000000e+00,0.000000e+00,0.000000e+00,0.000000e+00,0.000000e+00,0.000000e+00,0.000000e+00,0.000000e+00,0.000000e+00,0.000000e+00,0.000000e+00,0.000000e+00,0.000000e+00,0.000000e+00
1.000000e+00,0.000000e+00,0.000000e+00,0.000000e+00,0.000000e+00,0.000000e+00,0.000000e+00,0.000000e+00,0.000000e+00,0.000000e+00,0.000000e+00,0.000000e+00,0.000000e+00,0.000000e+00,0.000000e+00
1.000000e+00,0.000000e+00,0.000000e+00,0.000000e+00,0.000000e+00,0.000000e+00,0.000000e+00,0.000000e+00,0.000000e+00,0.000000e+00,0.000000e+00,0.000000e+00,0.000000e+00,0.000000e+00,0.000000e+00
1.000000e+00,0.000000e+00,0.000000e+00,0.000000e+00,0.000000e+00,0.000000e+00,0.000000e+00,0.000000e+00,0.000000e+00,0.000000e+00,0.000000e+00,0.000000e+00,0.000000e+00,0.000000e+00,0.000000e+00
1.000000e+00,0.000000e+00,0.000000e+00,0.000000e+00,0.000000e+00,0.000000e+00,0.000000e+00,0.000000e+00,0.000000e+00,0.000000e+00,0.000000e+00,0.000000e+00,0.000000e+00,0.000000e+00,0.000000e+00
1.000000e+00,0.000000e+00,0.000000e+00,0.000000e+00,0.000000e+00,0.000000e+00,0.000000e+00,0.000000e+00,0.000000e+00,0.000000e+00,0.000000e+00,0.000000e+00,0.000000e+00,0.000000e+00,0.000000e+00
1.000000e+00,0.000000e+00,0.000000e+00,0.000000e+00,0.000000e+00,0.000000e+00,0.000000e+00,0.000000e+00,0.000000e+00,0.000000e+00,0.000000e+00,0.000000e+00,0.000000e+00,0.000000e+00,0.000000e+00
1.000000e+00,0.000000e+00,0.000000e+00,0.000000e+00,0.000000e+00,0.000000e+00,0.000000e+00,0.000000e+00,0.000000e+00,0.000000e+00,0.000000e+00,0.000000e+00,0.000000e+00,0.000000e+00,0.000000e+00
1.000000e+00,0.000000e+00,0.000000e+00,0.000000e+00,0.000000e+00,0.000000e+00,0.000000e+00,0.000000e+00,0.000000e+00,0.000000e+00,0.000000e+00,0.000000e+00,0.000000e+00,0.000000e+00,0.000000e+00
1.000000e+00,0.000000e+00,0.000000e+00,0.000000e+00,0.000000e+00,0.000000e+00,0.000000e+00,0.000000e+00,0.000000e+00,0.000000e+00,0.000000e+00,0.000000e+00,0.000000e+00,0.000000e+00,0.000000e+00
1.000000e+00,0.000000e+00,0.000000e+00,0.000000e+00,0.000000e+00,0.000000e+00,0.000000e+00,0.000000e+00,0.000000e+00,0.000000e+00,0.000000e+00,0.000000e+00,0.000000e+00,0.000000e+00,0.000000e+00
1.000000e+00,0.000000e+00,0.000000e+00,0.000000e+00,0.000000e+00,0.000000e+00,0.000000e+00,0.000000e+00,0.000000e+00,0.000000e+00,0.000000e+00,0.000000e+00,0.000000e+00,0.000000e+00,0.000000e+00
1.000000e+00,0.000000e+00,0.000000e+00,0.000000e+00,0.000000e+00,0.000000e+00,0.000000e+00,0.000000e+00,0.000000e+00,0.000000e+00,0.000000e+00,0.000000e+00,0.000000e+00,0.000000e+00,0.000000e+00
1.000000e+00,0.000000e+00,0.000000e+00,0.000000e+00,0.000000e+00,0.000000e+00,0.000000e+00,0.000000e+00,0.000000e+00,0.000000e+00,0.000000e+00,0.000000e+00,0.000000e+00,0.000000e+00,0.000000e+00
1.000000e+00,0.000000e+00,0.000000e+00,0.000000e+00,0.000000e+00,0.000000e+00,0.000000e+00,0.000000e+00,0.000000e+00,0.000000e+00,0.000000e+00,0.000000e+00,0.000000e+00,0.000000e+00,0.000000e+00
1.000000e+00,0.000000e+00,0.000000e+00,0.000000e+00,0.000000e+00,0.000000e+00,0.000000e+00,0.000000e+00,0.000000e+00,0.000000e+00,0.000000e+00,0.000000e+00,0.000000e+00,0.000000e+00,0.000000e+00
1.000000e+00,0.000000e+00,0.000000e+00,0.000000e+00,0.000000e+00,0.000000e+00,0.000000e+00,0.000000e+00,0.000000e+00,0.000000e+00,0.000000e+00,0.000000e+00,0.000000e+00,0.000000e+00,0.000000e+00
1.000000e+00,0.000000e+00,0.000000e+00,0.000000e+00,0.000000e+00,0.000000e+00,0.000000e+00,0.000000e+00,0.000000e+00,0.000000e+00,0.000000e+00,0.000000e+00,0.000000e+00,0.000000e+00,0.000000e+00
1.000000e+00,0.000000e+00,0.000000e+00,0.000000e+00,0.000000e+00,0.000000e+00,0.000000e+00,0.000000e+00,0.000000e+00,0.000000e+00,0.000000e+00,0.000000e+00,0.000000e+00,0.000000e+00,0.000000e+00
1.000000e+00,0.000000e+00,0.000000e+00,0.000000e+00,0.000000e+00,0.000000e+00,0.000000e+00,0.000000e+00,0.000000e+00,0.000000e+00,0.000000e+00,0.000000e+00,0.000000e+00,0.000000e+00,0.000000e+00
1.000000e+00,0.000000e+00,0.000000e+00,0.000000e+00,0.000000e+00,0.000000e+00,0.000000e+00,0.000000e+00,0.000000e+00,0.000000e+00,0.000000e+00,0.000000e+00,0.000000e+00,0.000000e+00,0.000000e+00
1.000000e+00,0.000000e+00,0.000000e+00,0.000000e+00,0.000000e+00,0.000000e+00,0.000000e+00,0.000000e+00,0.000000e+00,0.000000e+00,0.000000e+00,0.000000e+00,0.000000e+00,0.000000e+00,0.000000e+00
1.000000e+00,0.000000e+00,0.000000e+00,0.000000e+00,0.000000e+00,0.000000e+00,0.000000e+00,0.000000e+00,0.000000e+00,0.000000e+00,0.000000e+00,0.000000e+00,0.000000e+00,0.000000e+00,0.000000e+00
1.000000e+00,0.000000e+00,0.000000e+00,0.000000e+00,0.000000e+00,0.000000e+00,0.000000e+00,0.000000e+00,0.000000e+00,0.000000e+00,0.000000e+00,0.000000e+00,0.000000e+00,0.000000e+00,0.000000e+00
1.000000e+00,0.000000e+00,0.000000e+00,0.000000e+00,0.000000e+00,0.000000e+00,0.000000e+00,0.000000e+00,0.000000e+00,0.000000e+00,0.000000e+00,0.000000e+00,0.000000e+00,0.000000e+00,0.000000e+00
1.000000e+00,0.000000e+00,0.000000e+00,0.000000e+00,0.000000e+00,0.000000e+00,0.000000e+00,0.000000e+00,0.000000e+00,0.000000e+00,0.000000e+00,0.000000e+00,0.000000e+00,0.000000e+00,0.000000e+00
1.000000e+00,0.000000e+00,0.000000e+00,0.000000e+00,0.000000e+00,0.000000e+00,0.000000e+00,0.000000e+00,0.000000e+00,0.000000e+00,0.000000e+00,0.000000e+00,0.000000e+00,0.000000e+00,0.000000e+00
1.000000e+00,0.000000e+00,0.000000e+00,0.000000e+00,0.000000e+00,0.000000e+00,0.000000e+00,0.000000e+00,0.000000e+00,0.000000e+00,0.000000e+00,0.000000e+00,0.000000e+00,0.000000e+00,0.000000e+00
1.000000e+00,0.000000e+00,0.000000e+00,0.000000e+00,0.000000e+00,0.000000e+00,0.000000e+00,0.000000e+00,0.000000e+00,0.000000e+00,0.000000e+00,0.000000e+00,0.000000e+00,0.000000e+00,0.000000e+00
1.000000e+00,0.000000e+00,0.000000e+00,0.000000e+00,0.000000e+00,0.000000e+00,0.000000e+00,0.000000e+00,0.000000e+00,0.000000e+00,0.000000e+00,0.000000e+00,0.000000e+00,0.000000e+00,0.000000e+00
1.000000e+00,0.000000e+00,0.000000e+00,0.000000e+00,0.000000e+00,0.000000e+00,0.000000e+00,0.000000e+00,0.000000e+00,0.000000e+00,0.000000e+00,0.000000e+00,0.000000e+00,0.000000e+00,0.000000e+00
1.000000e+00,0.000000e+00,0.000000e+00,0.000000e+00,0.000000e+00,0.000000e+00,0.000000e+00,0.000000e+00,0.000000e+00,0.000000e+00,0.000000e+00,0.000000e+00,0.000000e+00,0.000000e+00,0.000000e+00
1.000000e+00,0.000000e+00,0.000000e+00,0.000000e+00,0.000000e+00,0.000000e+00,0.000000e+00,0.000000e+00,0.000000e+00,0.000000e+00,0.000000e+00,0.000000e+00,0.000000e+00,0.000000e+00,0.000000e+00
1.000000e+00,0.000000e+00,0.000000e+00,0.000000e+00,0.000000e+00,0.000000e+00,0.000000e+00,0.000000e+00,0.000000e+00,0.000000e+00,0.000000e+00,0.000000e+00,0.000000e+00,0.000000e+00,0.000000e+00
1.000000e+00,0.000000e+00,0.000000e+00,0.000000e+00,0.000000e+00,0.000000e+00,0.000000e+00,0.000000e+00,0.000000e+00,0.000000e+00,0.000000e+00,0.000000e+00,0.000000e+00,0.000000e+00,0.000000e+00
1.000000e+00,0.000000e+00,0.000000e+00,0.000000e+00,0.000000e+00,0.000000e+00,0.000000e+00,0.000000e+00,0.000000e+00,0.000000e+00,0.000000e+00,0.000000e+00,0.000000e+00,0.000000e+00,0.000000e+00
1.000000e+00,0.000000e+00,0.000000e+00,0.000000e+00,0.000000e+00,0.000000e+00,0.000000e+00,0.000000e+00,0.000000e+00,0.000000e+00,0.000000e+00,0.000000e+00,0.000000e+00,0.000000e+00,0.000000e+00
1.000000e+00,0.000000e+00,0.000000e+00,0.000000e+00,0.000000e+00,0.000000e+00,0.000000e+00,0.000000e+00,0.000000e+00,0.000000e+00,0.000000e+00,0.000000e+00,0.000000e+00,0.000000e+00,0.000000e+00
1.000000e+00,0.000000e+00,0.000000e+00,0.000000e+00,0.000000e+00,0.000000e+00,0.000000e+00,0.000000e+00,0.000000e+00,0.000000e+00,0.000000e+00,0.000000e+00,0.000000e+00,0.000000e+00,0.000000e+00
1.000000e+00,0.000000e+00,0.000000e+00,0.000000e+00,0.000000e+00,0.000000e+00,0.000000e+00,0.000000e+00,0.000000e+00,0.000000e+00,0.000000e+00,0.000000e+00,0.000000e+00,0.000000e+00,0.000000e+00
1.000000e+00,0.000000e+00,0.000000e+00,0.000000e+00,0.000000e+00,0.000000e+00,0.000000e+00,0.000000e+00,0.000000e+00,0.000000e+00,0.000000e+00,0.000000e+00,0.000000e+00,0.000000e+00,0.000000e+00
1.000000e+00,0.000000e+00,0.000000e+00,0.000000e+00,0.000000e+00,0.000000e+00,0.000000e+00,0.000000e+00,0.000000e+00,0.000000e+00,0.000000e+00,0.000000e+00,0.000000e+00,0.000000e+00,0.000000e+00
4.635229e-01,4.214348e-02,1.161485e-01,2.193642e-01,1.609937e-02,1.241568e-02,3.621967e-03,2.170892e-02,1.030938e-02,2.377077e-03,1.915887e-02,2.755694e-02,1.343111e-02,6.061414e-03,2.608031e-02
1.000000e+00,0.000000e+00,0.000000e+00,0.000000e+00,0.000000e+00,0.000000e+00,0.000000e+00,0.000000e+00,0.000000e+00,0.000000e+00,0.000000e+00,0.000000e+00,0.000000e+00,0.000000e+00,0.000000e+00
1.000000e+00,0.000000e+00,0.000000e+00,0.000000e+00,0.000000e+00,0.000000e+00,0.000000e+00,0.000000e+00,0.000000e+00,0.000000e+00,0.000000e+00,0.000000e+00,0.000000e+00,0.000000e+00,0.000000e+00
4.267798e-01,2.257918e-02,5.094076e-02,8.927607e-02,3.005403e-02,2.492128e-02,2.722243e-01,1.229320e-02,5.879313e-03,1.952438e-03,1.234816e-02,2.040152e-02,1.493795e-02,2.936739e-03,1.247529e-02
3.287307e-01,1.754740e-02,4.277041e-02,6.411664e-02,4.609231e-02,2.294229e-02,4.054446e-01,1.498576e-02,4.603747e-03,2.274568e-03,9.349333e-03,1.599081e-02,1.345603e-02,2.421231e-03,9.274199e-03
2.331812e-01,1.253004e-02,3.131169e-02,4.523496e-02,3.522073e-02,1.643358e-02,5.712166e-01,1.356548e-02,3.295257e-03,1.699823e-03,6.624585e-03,1.147648e-02,9.908004e-03,1.751701e-03,6.549947e-03
2.021163e-01,9.317511e-03,2.384095e-02,3.232156e-02,2.728048e-02,1.367046e-02,6.359127e-01,2.254951e-02,2.598291e-03,1.341144e-03,4.964428e-03,9.037365e-03,8.544486e-03,1.465805e-03,5.039067e-03
2.338353e-01,7.405619e-03,2.126350e-02,2.408130e-02,2.131036e-02,1.256998e-02,5.983791e-01,5.151659e-02,2.418948e-03,1.172997e-03,4.130130e-03,7.927750e-03,8.185632e-03,1.364956e-03,4.437929e-03
2.031323e-01,5.394116e-03,1.735052e-02,1.739628e-02,1.642827e-02,1.096478e-02,6.532330e-01,5.298871e-02,1.853385e-03,9.338844e-04,3.021834e-03,6.051738e-03,6.656766e-03,1.098885e-03,3.495557e-03
1.747221e-01,4.005670e-03,1.415579e-02,1.283158e-02,1.280660e-02,9.952174e-03,7.045931e-01,4.846440e-02,1.420133e-03,7.540596e-04,2.225485e-03,4.635742e-03,5.742979e-03,8.873419e-04,2.802835e-03
1.370127e-01,2.992093e-03,1.265922e-02,9.738539e-03,9.996588e-03,9.000078e-03,7.562863e-01,4.756183e-02,1.074855e-03,6.485619e-04,1.635748e-03,3.680475e-03,4.713369e-03,7.346881e-04,2.264935e-03
1.465017e-01,2.790358e-03,1.073555e-02,7.585463e-03,9.478582e-03,1.380008e-02,7.388787e-01,5.356955e-02,9.284150e-04,7.287171e-04,1.404425e-03,4.184838e-03,5.787932e-03,7.654756e-04,2.860204e-03
1.432245e-01,2.656849e-03,9.359146e-03,5.921311e-03,9.973828e-03,1.603459e-02,7.355169e-01,5.898116e-02,8.185832e-04,9.033949e-04,1.251084e-03,4.819282e-03,6.402279e-03,7.562982e-04,3.380781e-03
1.033740e-01,2.246873e-03,7.249909e-03,4.295700e-03,8.455736e-03,1.599385e-02,7.903619e-01,4.879477e-02,8.671170e-04,1.230700e-03,1.176228e-03,5.287976e-03,7.013607e-03,6.870576e-04,2.964609e-03
7.290234e-02,1.697270e-03,5.322574e-03,3.326556e-03,6.705806e-03,1.223382e-02,7.837402e-01,4.449450e-02,8.905521e-04,4.338860e-03,3.165421e-03,1.259681e-02,2.133852e-02,1.834462e-03,2.541225e-02
5.177172e-02,1.471930e-03,3.752535e-03,2.447139e-03,6.337524e-03,9.608408e-03,6.205534e-01,3.250284e-02,1.203628e-03,1.482478e-02,1.135471e-02,1.548811e-02,4.613100e-02,3.239002e-03,1.793133e-01
3.664976e-02,1.757844e-03,2.653008e-03,1.799126e-03,4.945909e-03,7.676445e-03,4.750012e-01,2.300892e-02,2.155181e-03,2.146770e-02,1.872990e-02,2.126463e-02,8.307715e-02,2.526826e-02,2.745450e-01
2.815001e-02,1.834755e-03,1.955538e-03,1.573650e-03,4.786058e-03,6.395897e-03,4.638512e-01,1.657362e-02,3.634473e-03,4.938260e-02,2.396680e-02,4.667099e-02,8.367561e-02,2.463793e-02,2.429109e-01
2.129854e-02,1.706954e-03,1.426207e-03,1.231754e-03,3.919302e-03,6.399365e-03,3.440560e-01,1.164218e-02,3.884429e-03,6.901226e-02,2.961478e-02,1.843493e-01,9.075220e-02,4.511820e-02,1.855885e-01
1.593462e-02,1.959567e-03,1.249446e-03,1.008352e-03,3.414960e-03,7.312641e-03,2.581708e-01,8.207199e-03,4.985283e-03,8.605385e-02,4.696611e-02,2.257674e-01,1.063663e-01,7.263698e-02,1.599665e-01
1.199332e-02,1.674567e-03,1.038775e-03,8.875529e-04,3.020213e-03,6.926695e-03,1.831185e-01,5.829456e-03,9.574580e-03,1.211119e-01,6.514475e-02,2.962295e-01,9.966525e-02,7.361652e-02,1.201684e-01
9.517843e-03,1.421618e-03,8.734139e-04,1.022719e-03,3.100356e-03,6.451133e-03,1.290858e-01,4.167044e-03,1.642368e-02,1.082978e-01,1.350662e-01,3.379760e-01,9.364910e-02,5.866412e-02,9.428314e-02
8.624395e-03,1.138965e-03,9.049204e-04,1.639064e-03,5.984200e-03,7.769538e-03,9.096464e-02,3.424834e-03,2.153901e-02,1.120948e-01,2.021823e-01,3.403743e-01,7.859887e-02,4.576114e-02,7.899905e-02
7.257166e-03,1.088774e-03,1.150503e-03,2.198985e-03,3.077279e-02,9.609653e-03,6.463368e-02,5.983745e-03,7.710876e-02,8.988157e-02,2.052125e-01,3.447731e-01,6.232179e-02,3.718397e-02,6.082298e-02
5.829849e-03,1.389706e-03,1.712492e-03,3.001723e-03,3.917934e-02,8.377156e-03,4.559948e-02,1.027129e-02,1.736773e-01,6.850486e-02,1.783828e-01,3.425258e-01,4.887262e-02,2.833373e-02,4.434182e-02
4.633249e-03,2.118383e-03,2.518640e-03,3.015007e-03,3.906965e-02,8.244088e-03,3.220085e-02,9.750607e-03,2.156512e-01,5.992365e-02,1.649754e-01,3.535702e-01,4.274508e-02,2.614235e-02,3.544157e-02
3.705595e-03,3.834493e-03,2.280102e-03,2.520272e-03,3.018820e-02,7.470824e-03,2.267124e-02,7.914051e-03,2.240577e-01,6.717622e-02,1.418290e-01,3.939008e-01,3.588433e-02,2.866211e-02,2.790503e-02
3.159372e-03,5.232608e-03,2.605844e-03,2.107991e-03,2.703677e-02,6.492870e-03,1.615112e-02,8.913558e-03,2.220106e-01,6.198870e-02,1.166668e-01,4.507526e-01,2.975337e-02,2.647717e-02,2.065066e-02
2.615622e-03,6.959294e-03,2.972042e-03,1.667411e-03,2.467418e-02,4.985635e-03,1.153597e-02,1.232582e-02,2.436216e-01,4.713752e-02,9.312383e-02,4.869393e-01,2.576290e-02,2.099599e-02,1.468289e-02
2.082843e-03,1.155593e-02,3.839071e-03,1.288938e-03,2.304633e-02,3.885704e-03,8.203085e-03,1.450130e-02,3.949139e-01,3.367577e-02,7.558396e-02,3.792169e-01,2.253209e-02,1.530637e-02,1.036781e-02
1.562307e-03,1.139089e-02,3.721685e-03,9.700350e-04,1.823031e-02,3.039631e-03,5.797651e-03,1.717832e-02,5.575331e-01,2.381482e-02,5.465988e-02,2.674187e-01,1.666726e-02,1.074248e-02,7.272917e-03
1.282374e-03,8.695589e-03,2.671247e-03,8.787756e-04,2.082610e-02,2.227614e-03,4.095797e-03,1.263386e-02,6.799608e-01,1.671659e-02,3.842428e-02,1.872665e-01,1.170071e-02,7.522240e-03,5.097479e-03
1.979657e-03,6.881372e-03,2.926212e-03,2.665431e-03,7.167961e-02,2.213274e-03,3.583997e-03,2.819493e-02,6.926571e-01,1.181768e-02,2.704299e-02,1.312056e-01,8.289527e-03,5.270427e-03,3.592243e-03
6.488972e-03,5.618043e-03,4.705368e-03,6.657028e-03,1.858141e-01,2.415667e-03,2.925260e-03,3.024332e-02,6.229594e-01,8.411179e-03,1.936257e-02,9.200913e-02,5.980747e-03,3.731908e-03,2.677393e-03
1.107574e-02,5.540716e-03,6.369192e-03,1.194889e-02,2.521417e-01,3.403178e-03,2.579934e-03,3.605885e-02,5.768938e-01,6.139512e-03,1.402225e-02,6.458114e-02,4.366627e-03,2.680154e-03,2.198357e-03
2.391786e-02,5.743380e-03,7.270877e-03,1.472312e-02,2.727221e-01,3.193178e-03,2.461977e-03,3.637561e-02,5.617672e-01,5.254092e-03,1.281758e-02,4.593377e-02,3.461112e-03,2.088451e-03,2.269627e-03
3.067658e-02,5.338017e-03,1.043787e-02,5.041488e-02,2.564847e-01,3.186043e-03,2.728737e-03,1.131736e-01,4.734030e-01,3.883032e-03,1.114808e-02,3.296844e-02,2.892686e-03,1.547242e-03,1.717088e-03
4.723125e-02,6.015013e-03,1.568624e-02,8.656614e-02,2.429760e-01,5.941948e-03,3.047141e-03,1.469570e-01,4.009665e-01,3.103240e-03,1.166943e-02,2.442008e-02,2.551833e-03,1.292087e-03,1.576061e-03
3.361016e-02,6.118596e-03,1.904280e-02,2.187084e-01,1.710397e-01,4.537140e-03,2.183602e-03,1.045567e-01,2.834495e-01,2.658239e-03,1.251174e-01,1.797223e-02,7.152331e-03,1.656479e-03,2.196743e-03
2.388252e-02,5.484620e-03,1.562763e-02,2.230936e-01,1.201584e-01,3.843460e-03,1.567072e-03,7.372188e-02,2.002560e-01,2.320473e-03,2.986690e-01,1.335976e-02,1.217503e-02,2.613650e-03,3.226935e-03
1.697918e-02,4.430894e-03,1.162859e-02,1.625084e-01,8.431354e-02,3.214973e-03,1.104756e-03,5.189053e-02,1.471056e-01,1.837762e-03,4.684959e-01,9.597658e-03,1.469309e-02,6.384613e-03,1.581460e-02
1.212799e-02,3.934973e-03,9.322465e-03,1.155388e-01,5.951271e-02,4.034483e-03,7.944257e-04,3.646733e-02,1.083826e-01,1.706099e-03,4.364153e-01,6.894157e-03,1.185082e-02,6.811853e-02,1.248994e-01
9.044328e-03,3.733705e-03,8.744895e-03,8.308133e-02,4.242375e-02,5.959087e-03,6.425690e-04,2.573437e-02,8.217256e-02,1.746028e-03,3.388235e-01,5.004423e-03,9.658763e-03,9.161016e-02,2.916206e-01
7.251821e-03,3.844080e-03,1.471617e-02,6.161881e-02,3.119275e-02,6.046804e-03,7.529814e-04,1.872022e-02,7.350060e-02,5.283700e-03,2.473446e-01,3.929893e-03,1.251146e-02,1.060936e-01,4.071925e-01
5.643928e-03,3.515588e-03,1.195546e-02,4.391827e-02,2.310595e-02,5.575527e-03,6.913332e-04,1.395065e-02,6.952629e-02,5.782816e-03,1.748736e-01,2.891849e-03,1.051989e-02,1.128379e-01,5.152110e-01
4.674512e-03,3.611091e-03,1.009041e-02,3.384636e-02,1.725297e-02,5.369692e-03,7.804293e-04,1.332378e-02,8.703836e-02,5.548763e-03,1.247715e-01,3.343234e-03,1.235823e-02,2.458180e-01,4.321727e-01
4.567331e-03,7.322382e-03,8.370471e-03,2.496425e-02,1.287187e-02,6.340358e-03,1.027414e-03,1.681686e-02,9.071101e-02,6.482108e-03,9.275483e-02,8.187875e-03,2.085622e-02,3.105623e-01,3.881647e-01
3.902472e-03,8.536216e-03,1.151361e-02,2.100047e-02,1.003503e-02,5.572019e-03,2.087373e-03,5.750534e-02,1.522326e-01,5.742346e-03,6.835345e-02,7.775997e-03,2.352599e-02,2.810828e-01,3.411342e-01
5.226044e-03,1.432277e-02,9.700436e-03,1.789637e-02,7.925923e-03,5.768771e-03,1.953965e-03,4.873480e-02,2.699042e-01,8.566008e-03,7.662711e-02,2.182421e-02,3.848182e-02,2.166353e-01,2.564322e-01
4.822934e-03,2.362122e-02,1.396600e-02,1.650646e-02,1.420008e-02,7.191154e-03,1.877820e-03,3.779957e-02,2.850240e-01,8.399282e-02,8.269174e-02,3.113273e-02,5.617562e-02,1.543343e-01,1.866635e-01
3.649642e-03,2.007362e-02,1.780568e-02,1.438111e-02,1.070572e-02,9.879503e-03,1.605141e-03,2.702990e-02,2.072401e-01,2.932878e-01,7.384177e-02,2.557194e-02,5.204667e-02,1.096287e-01,1.332527e-01
2.780369e-03,1.487337e-02,1.288146e-02,1.206665e-02,8.274256e-03,7.558542e-03,1.168190e-03,1.978718e-02,1.626908e-01,4.678346e-01,5.673546e-02,2.021676e-02,4.105303e-02,7.762808e-02,9.445132e-02
3.231236e-03,1.098550e-02,1.599017e-02,9.587020e-03,7.833983e-03,5.835450e-03,4.296757e-03,6.021878e-02,1.177005e-01,5.352004e-01,5.003069e-02,1.490615e-02,4.157004e-02,5.483153e-02,6.778180e-02
4.424661e-03,8.020974e-03,7.223652e-02,8.278447e-03,1.593356e-02,7.410496e-03,1.414638e-02,2.034844e-01,8.382368e-02,4.101961e-01,4.025079e-02,1.096257e-02,3.431010e-02,3.852960e-02,4.799170e-02
5.763524e-03,6.470826e-03,1.728948e-01,7.895732e-03,1.780447e-02,9.999338e-03,4.467402e-02,2.464213e-01,5.951967e-02,3.003953e-01,3.085091e-02,8.554209e-03,2.752105e-02,2.704757e-02,3.418737e-02
7.923516e-03,5.071927e-03,1.536589e-01,7.060722e-03,3.031768e-02,8.365482e-03,9.923767e-02,3.375156e-01,4.350702e-02,2.154358e-01,2.212520e-02,6.162796e-03,2.016857e-02,1.897713e-02,2.447201e-02
8.055118e-03,3.921191e-03,1.238145e-01,6.009656e-03,3.923970e-02,8.198471e-03,9.409374e-02,4.655047e-01,3.127488e-02,1.513954e-01,1.560091e-02,4.352983e-03,1.745149e-02,1.330473e-02,1.778262e-02
7.727139e-03,3.074531e-03,1.114784e-01,5.480003e-03,3.825952e-02,8.271548e-03,8.812560e-02,5.526232e-01,2.261633e-02,1.063934e-01,1.101739e-02,3.087911e-03,1.955855e-02,9.325753e-03,1.296074e-02
7.389116e-03,2.640424e-03,1.107089e-01,4.236494e-03,3.026794e-02,7.137579e-03,1.480010e-01,5.332929e-01,1.631881e-02,7.591546e-02,7.859495e-03,2.241673e-03,3.799843e-02,6.541092e-03,9.450619e-03
9.257441e-03,2.653391e-03,1.351131e-01,3.525688e-03,2.605624e-02,6.184071e-03,2.141928e-01,4.778741e-01,1.321813e-02,5.586971e-02,5.678299e-03,1.710476e-03,3.697124e-02,4.614830e-03,7.080512e-03
1.375710e-02,2.484232e-03,1.044161e-01,3.195032e-03,1.979926e-02,6.697906e-03,3.018630e-01,4.254105e-01,9.838234e-03,4.022176e-02,5.238431e-03,2.425198e-03,5.504914e-02,3.674568e-03,5.929519e-03
1.202039e-02,2.912150e-03,7.788077e-02,3.584448e-03,1.555342e-02,1.607125e-02,2.389386e-01,3.225031e-01,7.782463e-03,3.266797e-02,1.053986e-02,2.340639e-03,2.351984e-01,3.185904e-03,1.882065e-02
1.076021e-02,3.105393e-03,6.392378e-02,2.917672e-03,1.114642e-02,1.930509e-02,1.994893e-01,2.326501e-01,1.016780e-02,3.201885e-02,1.241504e-01,1.228677e-02,2.304034e-01,5.133957e-03,4.254088e-02
8.769789e-03,3.376069e-03,4.643794e-02,2.224587e-03,7.928847e-03,1.687940e-02,1.871425e-01,1.657662e-01,1.392869e-02,4.673223e-02,2.253215e-01,2.051781e-02,1.836840e-01,4.881659e-03,6.640875e-02
7.814168e-03,3.252019e-03,3.271183e-02,1.818558e-03,5.959708e-03,1.384111e-02,1.582490e-01,1.183803e-01,2.808880e-02,3.950917e-02,3.083555e-01,2.349695e-02,1.645778e-01,4.995281e-03,8.894974e-02
6.271325e-03,5.066133e-03,3.326461e-02,1.763819e-02,5.606798e-03,1.135562e-02,1.126676e-01,8.490667e-02,1.225928e-01,4.705866e-02,2.820624e-01,3.733041e-02,1.613181e-01,4.424478e-03,6.843618e-02
5.272395e-03,4.468604e-03,2.468380e-02,2.161317e-02,5.128097e-03,9.728914e-03,7.981198e-02,6.149492e-02,1.831105e-01,4.824949e-02,3.027744e-01,4.862473e-02,1.472572e-01,4.895565e-03,5.288626e-02
4.023754e-03,3.809448e-03,1.747476e-02,1.585064e-02,4.108842e-03,7.017571e-03,5.599472e-02,4.402583e-02,3.884285e-01,3.581376e-02,2.373648e-01,3.733345e-02,1.073825e-01,3.598478e-03,3.777290e-02
4.233217e-03,5.672562e-03,1.335593e-02,3.800061e-02,7.347517e-03,5.938289e-03,3.937827e-02,3.594853e-02,5.232046e-01,2.578888e-02,1.688468e-01,2.687268e-02,7.591245e-02,2.759936e-03,2.673977e-02
5.212319e-03,6.291876e-03,9.695548e-03,3.130925e-02,7.032575e-03,4.912714e-03,2.774378e-02,2.747314e-02,6.426325e-01,1.850061e-02,1.226860e-01,2.070147e-02,5.454589e-02,2.147682e-03,1.911458e-02
1.222762e-02,7.479275e-03,7.358491e-03,3.354403e-02,1.390414e-02,4.689845e-03,1.962888e-02,2.305611e-02,7.038332e-01,1.370364e-02,8.946809e-02,1.519230e-02,3.924707e-02,1.672876e-03,1.499441e-02
1.447369e-02,1.838269e-02,5.276293e-03,2.845448e-02,1.830756e-02,5.079360e-03,1.380579e-02,1.703604e-02,7.489261e-01,9.883380e-03,6.730862e-02,1.202364e-02,2.867528e-02,1.231402e-03,1.113565e-02
1.374931e-02,2.600111e-02,4.491218e-03,7.905132e-02,2.103059e-02,4.840981e-03,9.839491e-03,1.611523e-02,7.279592e-01,7.707917e-03,4.887885e-02,8.998606e-03,2.129680e-02,9.239484e-04,9.115493e-03
1.114466e-02,2.867288e-02,3.973695e-03,1.560479e-01,1.768698e-02,4.149808e-03,6.932973e-03,1.505735e-02,6.837384e-01,6.420923e-03,3.476930e-02,6.710325e-03,1.544819e-02,6.723761e-04,8.574269e-03
1.480313e-02,2.612439e-02,3.648316e-03,1.281044e-01,2.312768e-02,3.958832e-03,4.955233e-03,1.554887e-02,7.175756e-01,6.514871e-03,2.538007e-02,4.994846e-03,1.121188e-02,5.982818e-04,1.345359e-02
1.902527e-02,3.080364e-02,3.865943e-03,1.068951e-01,1.978942e-02,3.125922e-03,3.497195e-03,1.514556e-02,6.066921e-01,1.565941e-02,2.037876e-02,3.969665e-03,8.764260e-03,7.004851e-04,1.416873e-01
6.017372e-02,2.952553e-02,3.644186e-03,7.869130e-02,5.137901e-02,4.274258e-03,3.164598e-03,1.733303e-02,5.643362e-01,1.394239e-02,2.034071e-02,5.330337e-03,9.073732e-03,9.658356e-04,1.378252e-01
6.652789e-02,2.707723e-02,4.151751e-03,9.289142e-02,8.618592e-02,5.577581e-03,3.055484e-03,3.827783e-02,5.211882e-01,1.167093e-02,1.967175e-02,4.725510e-03,8.390466e-03,1.128199e-03,1.094799e-01
7.122585e-02,2.804883e-02,2.345830e-02,1.094970e-01,6.754068e-02,5.548420e-03,2.414691e-03,2.888125e-02,4.858443e-01,1.929900e-02,1.491036e-02,3.817867e-03,6.743244e-03,1.240612e-03,1.315295e-01
8.458166e-02,2.797890e-02,3.284803e-02,8.149932e-02,5.100629e-02,7.280874e-03,1.832913e-03,2.055749e-02,3.910281e-01,2.403318e-02,1.257742e-02,3.317679e-03,5.456576e-03,6.116943e-03,2.498846e-01
8.419595e-02,5.302704e-02,2.475997e-02,2.496038e-01,4.607089e-02,6.618561e-03,2.231492e-03,1.689110e-02,2.940088e-01,1.738163e-02,1.012633e-02,4.165149e-03,5.148639e-03,4.437742e-03,1.813330e-01
8.937519e-02,5.122530e-02,5.228475e-02,3.722299e-01,3.715101e-02,6.403967e-03,2.032292e-03,1.278570e-02,2.100607e-01,1.409905e-02,8.693765e-03,3.578245e-03,3.982934e-03,3.827346e-03,1.322699e-01
9.902910e-02,5.133203e-02,6.406107e-02,3.499901e-01,2.795113e-02,6.719363e-03,1.580353e-03,9.213807e-03,1.998752e-01,3.117826e-02,1.613816e-02,3.145721e-03,3.586613e-03,5.457373e-03,1.307418e-01
1.750724e-01,9.019862e-02,7.157674e-02,2.815107e-01,2.729332e-02,8.891780e-03,1.692306e-03,7.466334e-03,1.522240e-01,2.674739e-02,1.409744e-02,4.149289e-03,4.003438e-03,7.169056e-03,1.279071e-01
2.872936e-01,1.031288e-01,5.693306e-02,2.163351e-01,2.918719e-02,9.578173e-03,1.692973e-03,7.396952e-03,1.153809e-01,2.104348e-02,1.170242e-02,4.821624e-03,4.655595e-03,9.925507e-03,1.209246e-01
2.462513e-01,1.175588e-01,7.413210e-02,2.572566e-01,3.916493e-02,1.495215e-02,2.379886e-03,1.561970e-02,9.056902e-02,1.673583e-02,1.090932e-02,4.594330e-03,4.533345e-03,8.419427e-03,9.692326e-02
2.809873e-01,9.696161e-02,1.445781e-01,2.150946e-01,3.618813e-02,1.326719e-02,2.012359e-03,2.009486e-02,7.327417e-02,1.341319e-02,8.929284e-03,4.247959e-03,3.848319e-03,8.645131e-03,7.845773e-02
2.712389e-01,9.871630e-02,1.825672e-01,1.859388e-01,3.395855e-02,1.245459e-02,1.750497e-03,2.383374e-02,7.467759e-02,1.530718e-02,7.426450e-03,3.668830e-03,3.322660e-03,1.103206e-02,7.410663e-02
2.703077e-01,8.366646e-02,1.854584e-01,2.013534e-01,2.989277e-02,1.085374e-02,1.467135e-03,6.045042e-02,6.314747e-02,1.313455e-02,6.263700e-03,3.262497e-03,2.826385e-03,1.050906e-02,5.740635e-02
3.288608e-01,7.073637e-02,1.471093e-01,2.087434e-01,2.510196e-02,9.452300e-03,1.353886e-03,8.164930e-02,4.913167e-02,1.037854e-02,5.587291e-03,3.223022e-03,2.709264e-03,1.100277e-02,4.496009e-02
2.901169e-01,5.495947e-02,1.514780e-01,2.322681e-01,2.237658e-02,8.310512e-03,1.149766e-03,1.324912e-01,4.111798e-02,9.799341e-03,4.987249e-03,3.375238e-03,2.353387e-03,9.852557e-03,3.536368e-02
2.878815e-01,4.026122e-02,1.293403e-01,2.254003e-01,1.794004e-02,6.915241e-03,1.005860e-03,2.079982e-01,3.344477e-02,7.466833e-03,4.314848e-03,2.933193e-03,1.925698e-03,7.526227e-03,2.564585e-02
3.117800e-01,2.911356e-02,1.293315e-01,1.881128e-01,1.361368e-02,7.251874e-03,1.075674e-03,2.531900e-01,2.643017e-02,5.810527e-03,4.150187e-03,3.323675e-03,1.863966e-03,6.038341e-03,1.891395e-02
3.520400e-01,2.102903e-02,1.233151e-01,1.613844e-01,1.109975e-02,6.239437e-03,1.045500e-03,2.684783e-01,2.171827e-02,5.985679e-03,3.754699e-03,2.954241e-03,1.695449e-03,4.795126e-03,1.446502e-02
3.564518e-01,1.584566e-02,1.949092e-01,1.235894e-01,8.013273e-03,5.957733e-03,9.091690e-04,2.015514e-01,2.916902e-02,1.933713e-02,1.271453e-02,4.198418e-03,2.093711e-03,1.355246e-02,1.170715e-02
2.647602e-01,1.213452e-02,2.421543e-01,9.058924e-02,5.684322e-03,4.849337e-03,6.860956e-04,1.444647e-01,2.896218e-02,2.317018e-02,1.248068e-01,4.644000e-03,2.178209e-03,4.172796e-02,9.187970e-03
1.901324e-01,9.199705e-03,1.848915e-01,6.395798e-02,4.023284e-03,3.661424e-03,5.295781e-04,1.017299e-01,2.135163e-02,1.779973e-02,3.091129e-01,4.869096e-03,2.095468e-03,8.004792e-02,6.597383e-03
1.336075e-01,6.774210e-03,1.320174e-01,4.490756e-02,2.825460e-03,2.641634e-03,3.849421e-04,7.134812e-02,1.550810e-02,1.443383e-02,4.856535e-01,4.588548e-03,1.796339e-03,7.879467e-02,4.718137e-03
9.520532e-02,5.862997e-03,9.328244e-02,3.193808e-02,2.083796e-03,2.369437e-03,3.160195e-04,5.051348e-02,1.212301e-02,1.182133e-02,6.126605e-01,5.147191e-03,1.684510e-03,7.158677e-02,3.405111e-03
6.682591e-02,4.257766e-03,6.534613e-02,2.242628e-02,1.483320e-03,1.777796e-03,2.254641e-04,3.539061e-02,9.049083e-03,8.414295e-03,7.235632e-01,5.206956e-03,1.343979e-03,5.229283e-02,2.396425e-03
4.695474e-02,3.161257e-03,4.586004e-02,1.609432e-02,1.870740e-03,1.479977e-03,5.393774e-04,2.562632e-02,9.648541e-03,7.181618e-03,7.853965e-01,5.431063e-03,1.166469e-03,4.786638e-02,1.722758e-03
3.298641e-02,2.455851e-03,3.218390e-02,1.138844e-02,1.530173e-03,1.102762e-03,4.047977e-04,1.811917e-02,8.035087e-03,5.407427e-03,8.376808e-01,6.447707e-03,9.375162e-04,4.007182e-02,1.248183e-03
2.317347e-02,2.162686e-03,2.256170e-02,8.109421e-03,1.211518e-03,9.201976e-04,2.961667e-04,1.279073e-02,8.771271e-03,4.592092e-03,8.689128e-01,7.258889e-03,7.525349e-04,3.756756e-02,9.189947e-04
1.634025e-02,1.767651e-03,1.581206e-02,5.868559e-03,1.005102e-03,7.137877e-04,2.113113e-04,8.966988e-03,7.658425e-03,4.276300e-03,8.916533e-01,7.030184e-03,6.708978e-04,3.725160e-02,7.736047e-04
1.158450e-02,1.832563e-03,1.116663e-02,4.524676e-03,1.722958e-03,6.195311e-04,1.891794e-04,6.359245e-03,8.434564e-03,4.912414e-03,9.032017e-01,9.772077e-03,6.064503e-04,3.425032e-02,8.232121e-04
8.164291e-03,1.340955e-03,7.829438e-03,3.217421e-03,1.576597e-03,4.753477e-04,1.520507e-04,4.469725e-03,6.441830e-03,4.040942e-03,9.220301e-01,9.638947e-03,5.309662e-04,2.947804e-02,6.133770e-04
6.715070e-03,1.193513e-03,5.626322e-03,2.401499e-03,1.664245e-03,5.212892e-04,1.862638e-04,3.302520e-03,5.391925e-03,3.742690e-03,9.229076e-01,1.699705e-02,5.999277e-04,2.823637e-02,5.137558e-04
5.617540e-03,9.468800e-04,4.059942e-03,1.765676e-03,1.444694e-03,4.859283e-04,2.070682e-04,2.559007e-03,4.357393e-03,3.640640e-03,9.221538e-01,2.468370e-02,6.781233e-04,2.698616e-02,4.134809e-04
7.617755e-03,1.028176e-03,3.137978e-03,1.374071e-03,1.369930e-03,5.511547e-04,2.179290e-04,2.027279e-03,3.755064e-03,3.720376e-03,9.144452e-01,2.979766e-02,9.116392e-04,2.956532e-02,4.805769e-04
8.395964e-03,1.139347e-03,2.787125e-03,1.228733e-03,1.558549e-03,6.504648e-04,2.258740e-04,2.105042e-03,4.745124e-03,4.017733e-03,9.004117e-01,3.356069e-02,1.032895e-03,3.748176e-02,6.590751e-04
1.076953e-02,2.591629e-02,5.989156e-03,2.439500e-03,1.859729e-02,4.389785e-03,5.941503e-04,3.222181e-03,4.701790e-02,7.269226e-03,7.835196e-01,4.219325e-02,1.002094e-03,4.521082e-02,1.869281e-03
8.883376e-03,1.872850e-02,6.544068e-02,7.166322e-03,1.540273e-02,3.781515e-03,7.946949e-04,8.484353e-02,3.863004e-02,7.609030e-03,6.709475e-01,3.455461e-02,8.351168e-04,4.092709e-02,1.455296e-03
9.052762e-03,1.498389e-02,6.336649e-02,9.755708e-03,1.419717e-02,4.307378e-03,7.764072e-04,1.033177e-01,4.718720e-02,8.465532e-03,6.427253e-01,2.975801e-02,8.361710e-04,4.989481e-02,1.375471e-03
1.908411e-02,3.204759e-02,8.106741e-02,1.386482e-02,1.877117e-02,1.225328e-02,1.536759e-03,1.117888e-01,5.375120e-02,1.334690e-02,5.639732e-01,2.299722e-02,1.140386e-03,5.125298e-02,3.124198e-03
3.609579e-02,3.347447e-02,1.172779e-01,1.648966e-02,2.167236e-02,1.574203e-02,1.723511e-03,1.415733e-01,7.254495e-02,1.568520e-02,4.590887e-01,1.701568e-02,1.394164e-03,4.366205e-02,6.560335e-03
4.060693e-02,2.996964e-02,1.277484e-01,3.351169e-02,2.447611e-02,1.838578e-02,1.372017e-03,1.161513e-01,1.570131e-01,1.885515e-02,3.495424e-01,1.241669e-02,1.318163e-03,4.356449e-02,2.506818e-02
4.512694e-02,2.835678e-02,1.277215e-01,2.860667e-02,2.872151e-02,4.884804e-02,1.128666e-03,1.036050e-01,1.954556e-01,1.551851e-02,2.777724e-01,9.466563e-03,1.550546e-03,6.204900e-02,2.607235e-02
6.866053e-02,2.796096e-02,1.067889e-01,2.650812e-02,3.872975e-02,8.546986e-02,9.982403e-04,1.028040e-01,1.996364e-01,1.387812e-02,2.205349e-01,7.301311e-03,1.777977e-03,7.576914e-02,2.318186e-02
7.623459e-02,2.727474e-02,8.119862e-02,2.263107e-02,3.886073e-02,1.072093e-01,8.537238e-04,8.612773e-02,2.558998e-01,1.486090e-02,1.737421e-01,5.561914e-03,1.883624e-03,7.375479e-02,3.390631e-02
7.318388e-02,3.139736e-02,1.039103e-01,5.939303e-02,4.909436e-02,9.409773e-02,9.982251e-04,7.499402e-02,2.569987e-01,1.937450e-02,1.318004e-01,4.656785e-03,1.835158e-03,5.540448e-02,4.286091e-02
8.253478e-02,3.203018e-02,1.143303e-01,5.368531e-02,4.914599e-02,8.722263e-02,1.600244e-03,5.688792e-02,2.055034e-01,2.488304e-02,1.741389e-01,8.136722e-03,4.174757e-03,5.245615e-02,5.326960e-02
6.279770e-02,2.808095e-02,1.137114e-01,3.932807e-02,3.874335e-02,6.571203e-02,1.372585e-03,4.084091e-02,1.653548e-01,1.991997e-02,1.901594e-01,7.887244e-03,3.960756e-03,1.464377e-01,7.569316e-02
5.225049e-02,2.475314e-02,1.095436e-01,2.969071e-02,3.713800e-02,5.221222e-02,1.502665e-03,2.968629e-02,1.542603e-01,1.931867e-02,1.748605e-01,9.254884e-03,4.340251e-03,2.314971e-01,6.969115e-02
3.739879e-02,1.862337e-02,7.932442e-02,2.103452e-02,2.666700e-02,3.726869e-02,1.117635e-03,2.082547e-02,1.263921e-01,1.835282e-02,2.038140e-01,7.109265e-03,3.418768e-03,3.458022e-01,5.285101e-02
2.755603e-02,1.472810e-02,5.772739e-02,1.522550e-02,1.906576e-02,2.810158e-02,8.209644e-04,1.472977e-02,1.188013e-01,1.876618e-02,2.183815e-01,6.627426e-03,2.869649e-03,4.179361e-01,3.866277e-02
1.957676e-02,1.211867e-02,4.089465e-02,1.080344e-02,1.387133e-02,2.137805e-02,6.039322e-04,1.033154e-02,1.259868e-01,1.804714e-02,2.162042e-01,5.361604e-03,2.096471e-03,4.752404e-01,2.748499e-02
1.384279e-02,1.061649e-02,2.925102e-02,7.801320e-03,1.046122e-02,2.223681e-02,4.489128e-04,7.320410e-03,1.872181e-01,1.667320e-02,1.811517e-01,4.271644e-03,1.599650e-03,4.875080e-01,1.959877e-02
1.003321e-02,1.221315e-02,2.163729e-02,5.926103e-03,8.509155e-03,2.249821e-02,3.628409e-04,5.192049e-03,2.779681e-01,1.554224e-02,1.550346e-01,3.500024e-03,1.311550e-03,4.458480e-01,1.442351e-02
8.403528e-03,1.099100e-02,2.060316e-02,2.008977e-02,1.038781e-02,1.954884e-02,4.674643e-04,1.275123e-02,3.773026e-01,1.987579e-02,1.218833e-01,2.675041e-03,1.332028e-03,3.629307e-01,1.075783e-02
6.813118e-03,1.641797e-02,1.661280e-02,3.037239e-02,1.243706e-02,1.963224e-02,4.389371e-04,1.262650e-02,4.714536e-01,2.140470e-02,9.729703e-02,2.037954e-03,1.226404e-03,2.827036e-01,8.525730e-03
6.538226e-03,2.633823e-02,1.264383e-02,1.312107e-01,1.467745e-02,2.625399e-02,4.475548e-04,9.319251e-03,4.115711e-01,2.869164e-02,8.444817e-02,2.199380e-03,2.431746e-03,2.230801e-01,2.014866e-02
5.908143e-03,3.178601e-02,2.151506e-02,2.033069e-01,1.859608e-02,2.216882e-02,5.073748e-04,8.703427e-03,3.964192e-01,3.125001e-02,6.616675e-02,1.681854e-03,2.461423e-03,1.626460e-01,2.688290e-02
1.109150e-02,7.009828e-02,1.808757e-02,1.741394e-01,1.376010e-02,1.870452e-02,3.994133e-04,6.403941e-03,3.843100e-01,2.422533e-02,1.003781e-01,1.351636e-03,4.260509e-03,1.417357e-01,3.105398e-02
1.308782e-02,6.655040e-02,1.650702e-02,1.251095e-01,1.081877e-02,1.978903e-02,4.379676e-04,4.630288e-03,2.967729e-01,3.368849e-02,2.145873e-01,1.374079e-03,8.199626e-03,1.571409e-01,3.130594e-02
1.226917e-02,7.204408e-02,3.484986e-02,8.973086e-02,9.545845e-03,5.236195e-02,4.360888e-04,4.294962e-03,2.241154e-01,6.604295e-02,2.457283e-01,1.872426e-03,1.793863e-02,1.391439e-01,2.962559e-02
1.076695e-02,5.737498e-02,1.160900e-01,6.387761e-02,8.702193e-03,4.140870e-02,5.636482e-04,5.135713e-03,1.607851e-01,1.135403e-01,2.619102e-01,2.357805e-03,2.547276e-02,1.096453e-01,2.236881e-02
1.999371e-02,5.770127e-02,1.697123e-01,4.715550e-02,9.516807e-03,3.826490e-02,7.631914e-04,8.997726e-03,1.219569e-01,1.685738e-01,2.189117e-01,2.437037e-03,1.954182e-02,9.944548e-02,1.702781e-02
3.383852e-02,6.505071e-02,1.834289e-01,4.027613e-02,1.324484e-02,3.256503e-02,8.210116e-04,9.475766e-03,1.026481e-01,2.448163e-01,1.674544e-01,2.006067e-03,1.443286e-02,7.613925e-02,1.380224e-02
5.840173e-02,7.714325e-02,1.681029e-01,3.107276e-02,2.569279e-02,3.974194e-02,1.907826e-03,7.261550e-03,8.557029e-02,3.038851e-01,1.204527e-01,1.540855e-03,1.030876e-02,5.646312e-02,1.245447e-02
6.305610e-02,1.046218e-01,1.967653e-01,1.067129e-01,3.083322e-02,3.673374e-02,2.021476e-03,8.793896e-03,6.906852e-02,2.267096e-01,8.644749e-02,1.448946e-03,7.504950e-03,4.056030e-02,1.872180e-02
5.907705e-02,8.448815e-02,3.004588e-01,9.167345e-02,3.099530e-02,6.340581e-02,2.046000e-03,7.741494e-03,4.997933e-02,1.949334e-01,6.349720e-02,1.188688e-03,5.385826e-03,2.994806e-02,1.518150e-02
6.872404e-02,8.448818e-02,2.987089e-01,7.590152e-02,3.558677e-02,1.219335e-01,3.292574e-03,7.182467e-03,3.716811e-02,1.784158e-01,4.581822e-02,1.444605e-03,4.171840e-03,2.390487e-02,1.325875e-02
8.191912e-02,7.739487e-02,3.149702e-01,6.684683e-02,3.505079e-02,1.368897e-01,3.317414e-03,9.007182e-03,2.852004e-02,1.739292e-01,3.365371e-02,3.257445e-03,3.697466e-03,1.865026e-02,1.289580e-02
6.714702e-02,5.528539e-02,4.565030e-01,8.443534e-02,2.633783e-02,1.009465e-01,2.531823e-03,1.110229e-02,2.047505e-02,1.231135e-01,2.406360e-02,2.550434e-03,2.751631e-03,1.327046e-02,9.486111e-03
5.292149e-02,3.906164e-02,5.761869e-01,8.134916e-02,1.960639e-02,7.154132e-02,1.841371e-03,1.697719e-02,1.528340e-02,8.767925e-02,1.706439e-02,1.883164e-03,2.019056e-03,9.349138e-03,7.236097e-03
4.252495e-02,2.776294e-02,6.734452e-01,6.187514e-02,1.397953e-02,5.050910e-02,1.406296e-03,1.416721e-02,1.130113e-02,7.547412e-02,1.216628e-02,1.388283e-03,1.478615e-03,6.726189e-03,5.794928e-03
3.058761e-02,1.952608e-02,5.742583e-01,4.428387e-02,9.823257e-03,3.563980e-02,1.027395e-03,1.015126e-02,8.738863e-03,2.440488e-01,8.848900e-03,1.017298e-03,1.394797e-03,5.904040e-03,4.749690e-03
2.149320e-02,1.368835e-02,4.290282e-01,3.108165e-02,6.880222e-03,2.502537e-02,7.229060e-04,7.137459e-03,7.621922e-03,4.353841e-01,6.561359e-03,7.455748e-04,1.273284e-03,8.871545e-03,4.484916e-03
1.519416e-02,9.752403e-03,3.051331e-01,2.185567e-02,4.835758e-03,1.762503e-02,5.157163e-04,5.048266e-03,7.658595e-02,4.938180e-01,9.915093e-03,6.396514e-04,2.842842e-03,1.025784e-02,2.598051e-02
1.068698e-02,6.931901e-03,2.145516e-01,1.535313e-02,3.407114e-03,1.242962e-02,3.649652e-04,3.561588e-03,6.186107e-02,5.813131e-01,2.653643e-02,5.561165e-04,6.883333e-03,9.707022e-03,4.585604e-02
