1.000000e+00,0.000000e+00,0.000000e+00,0.000000e+00,0.000000e+00,0.000000e+00,0.000000e+00,0.000000e+00,0.000000e+00,0.000000e+00,0.000000e+00,0.000000e+00,0.000000e+00,0.000000e+00,0.000000e+00
1.000000e+00,0.000000e+00,0.000000e+00,0.000000e+00,0.000000e+00,0.000000e+00,0.000000e+00,0.000000e+00,0.000000e+00,0.000000e+00,0.000000e+00,0.000000e+00,0.000000e+00,0.000000e+00,0.000000e+00
1.000000e+00,0.000000e+00,0.000000e+00,0.000000e+00,0.000000e+00,0.000000e+00,0.000000e+00,0.000000e+00,0.000000e+00,0.000000e+00,0.000000e+00,0.000000e+00,0.000000e+00,0.000000e+00,0.000000e+00
1.000000e+00,0.000000e+00,0.000000e+00,0.000000e+00,0.000000e+00,0.000000e+00,0.000000e+00,0.000000e+00,0.000000e+00,0.000000e+00,0.000000e+00,0.000000e+00,0.000000e+00,0.000000e+00,0.000000e+00
1.000000e+00,0.000000e+00,0.000000e+00,0.000000e+00,0.000000e+00,0.000000e+00,0.000000e+00,0.000000e+00,0.000000e+00,0.000000e+00,0.000000e+00,0.000000e+00,0.000000e+00,0.000000e+00,0.000000e+00
1.000000e+00,0.000000e+00,0.000000e+00,0.000000e+00,0.000000e+00,0.000000e+00,0.000000e+00,0.000000e+00,0.000000e+00,0.000000e+00,0.000000e+00,0.000000e+00,0.000000e+00,0.000000e+00,0.000000e+00
1.000000e+00,0.000000e+00,0.000000e+00,0.000000e+00,0.000000e+00,0.000000e+00,0.000000e+00,0.000000e+00,0.000000e+00,0.000000e+00,0.000000e+00,0.000000e+00,0.000000e+00,0.000000e+00,0.000000e+00
1.000000e+00,0.000000e+00,0.000000e+00,0.000000e+00,0.000000e+00,0.000000e+00,0.000000e+00,0.000000e+00,0.000000e+00,0.000000e+00,0.000000e+00,0.000000e+00,0.000000e+00,0.000000e+00,0.000000e+00
1.000000e+00,0.000000e+00,0.000000e+00,0.000000e+00,0.000000e+00,0.000000e+00,0.000000e+00,0.000000e+00,0.000000e+00,0.000000e+00,0.000000e+00,0.000000e+00,0.000000e+00,0.000000e+00,0.000000e+00
1.000000e+00,0.000000e+00,0.000000e+00,0.000000e+00,0.000000e+00,0.000000e+00,0.000000e+00,0.000000e+00,0.000000e+00,0.000000e+00,0.000000e+00,0.000000e+00,0.000000e+00,0.000000e+00,0.000000e+00
1.000000e+00,0.000000e+00,0.000000e+00,0.000000e+00,0.000000e+00,0.000000e+00,0.000000e+00,0.000000e+00,0.000000e+00,0.000000e+00,0.000000e+00,0.000000e+00,0.000000e+00,0.000000e+00,0.000000e+00
1.000000e+00,0.000000e+00,0.000000e+00,0.000000e+00,0.000000e+00,0.000000e+00,0.000000e+00,0.000000e+00,0.000000e+00,0.000000e+00,0.000000e+00,0.000000e+00,0.000000e+00,0.000000e+00,0.000000e+00
1.000000e+00,0.000000e+00,0.000000e+00,0.000000e+00,0.000000e+00,0.000000e+00,0.000000e+00,0.000000e+00,0.000000e+00,0.000000e+00,0.000000e+00,0.000000e+00,0.000000e+00,0.000000e+00,0.000000e+00
1.000000e+00,0.000000e+00,0.000000e+00,0.000000e+00,0.000000e+00,0.000000e+00,0.000000e+00,0.000000e+00,0.000000e+00,0.000000e+00,0.000000e+00,0.000000e+00,0.000000e+00,0.000000e+00,0.000000e+00
1.000000e+00,0.000000e+00,0.000000e+00,0.000000e+00,0.000000e+00,0.000000e+00,0.000000e+00,0.000000e+00,0.000000e+00,0.000000e+00,0.000000e+00,0.000000e+00,0.000000e+00,0.000000e+00,0.000000e+00
1.000000e+00,0.000000e+00,0.000000e+00,0.000000e+00,0.000000e+00,0.000000e+00,0.000000e+00,0.000000e+00,0.000000e+00,0.000000e+00,0.000000e+00,0.000000e+00,0.000000e+00,0.000000e+00,0.000000e+00
1.000000e+00,0.000000e+00,0.000000e+00,0.000000e+00,0.000000e+00,0.000000e+00,0.000000e+00,0.000000e+00,0.000000e+00,0.000000e+00,0.000000e+00,0.000000e+00,0.000000e+00,0.000000e+00,0.000000e+00
1.000000e+00,0.000000e+00,0.000000e+00,0.000000e+00,0.000000e+00,0.000000e+00,0.000000e+00,0.000000e+00,0.000000e+00,0.000000e+00,0.000000e+00,0.000000e+00,0.000000e+00,0.000000e+00,0.000000e+00
1.000000e+00,0.000000e+00,0.000000e+00,0.000000e+00,0.000000e+00,0.000000e+00,0.000000e+00,0.000000e+00,0.000000e+00,0.000000e+00,0.000000e+00,0.000000e+00,0.000000e+00,0.000000e+00,0.000000e+00
1.000000e+00,0.000000e+00,0.000000e+00,0.000000e+00,0.000000e+00,0.000000e+00,0.000000e+00,0.000000e+00,0.000000e+00,0.000000e+00,0.000000e+00,0.000000e+00,0.000000e+00,0.000000e+00,0.000000e+00
1.000000e+00,0.000000e+00,0.000000e+00,0.000000e+00,0.000000e+00,0.000000e+00,0.000000e+00,0.000000e+00,0.000000e+00,0.000000e+00,0.000000e+00,0.000000e+00,0.000000e+00,0.000000e+00,0.000000e+00
1.000000e+00,0.000000e+00,0.000000e+00,0.000000e+00,0.000000e+00,0.000000e+00,0.000000e+00,0.000000e+00,0.000000e+00,0.000000e+00,0.000000e+00,0.000000e+00,0.000000e+00,0.000000e+00,0.000000e+00
1.000000e+00,0.000000e+00,0.000000e+00,0.000000e+00,0.000000e+00,0.000000e+00,0.000000e+00,0.000000e+00,0.000000e+00,0.000000e+00,0.000000e+00,0.000000e+00,0.000000e+00,0.000000e+00,0.000000e+00
1.000000e+00,0.000000e+00,0.000000e+00,0.000000e+00,0.000000e+00,0.000000e+00,0.000000e+00,0.000000e+00,0.000000e+00,0.000000e+00,0.000000e+00,0.000000e+00,0.000000e+00,0.000000e+00,0.000000e+00
1.000000e+00,0.000000e+00,0.000000e+00,0.000000e+00,0.000000e+00,0.000000e+00,0.000000e+00,0.000000e+00,0.000000e+00,0.000000e+00,0.000000e+00,0.000000e+00,0.000000e+00,0.000000e+00,0.000000e+00
1.000000e+00,0.000000e+00,0.000000e+00,0.000000e+00,0.000000e+00,0.000000e+00,0.000000e+00,0.000000e+00,0.000000e+00,0.000000e+00,0.000000e+00,0.000000e+00,0.000000e+00,0.000000e+00,0.000000e+00
1.000000e+00,0.000000e+00,0.000000e+00,0.000000e+00,0.000000e+00,0.000000e+00,0.000000e+00,0.000000e+00,0.000000e+00,0.000000e+00,0.000000e+00,0.000000e+00,0.000000e+00,0.000000e+00,0.000000e+00
1.000000e+00,0.000000e+00,0.000000e+00,0.000000e+00,0.000000e+00,0.000000e+00,0.000000e+00,0.000000e+00,0.000000e+00,0.000000e+00,0.000000e+00,0.000000e+00,0.000000e+00,0.000000e+00,0.000000e+00
1.000000e+00,0.000000e+00,0.000000e+00,0.000000e+00,0.000000e+00,0.000000e+00,0.000000e+00,0.000000e+00,0.000000e+00,0.000000e+00,0.000000e+00,0.000000e+00,0.000000e+00,0.000000e+00,0.000000e+00
1.000000e+00,0.000000e+00,0.000000e+00,0.000000e+00,0.000000e+00,0.000000e+00,0.000000e+00,0.000000e+00,0.000000e+00,0.000000e+00,0.000000e+00,0.000000e+00,0.000000e+00,0.000000e+00,0.000000e+00
1.000000e+00,0.000000e+00,0.000000e+00,0.000000e+00,0.000000e+00,0.000000e+00,0.000000e+00,0.000000e+00,0.000000e+00,0.000000e+00,0.000000e+00,0.000000e+00,0.000000e+00,0.000000e+00,0.000000e+00
1.000000e+00,0.000000e+00,0.000000e+00,0.000000e+00,0.000000e+00,0.000000e+00,0.000000e+00,0.000000e+00,0.000000e+00,0.000000e+00,0.000000e+00,0.000000e+00,0.000000e+00,0.000000e+00,0.000000e+00
1.000000e+00,0.000000e+00,0.000000e+00,0.000000e+00,0.000000e+00,0.000000e+00,0.000000e+00,0.000000e+00,0.000000e+00,0.000000e+00,0.000000e+00,0.000000e+00,0.000000e+00,0.000000e+00,0.000000e+00
1.000000e+00,0.000000e+00,0.000000e+00,0.000000e+00,0.000000e+00,0.000000e+00,0.000000e+00,0.000000e+00,0.000000e+00,0.000000e+00,0.000000e+00,0.000000e+00,0.000000e+00,0.000000e+00,0.000000e+00
1.000000e+00,0.000000e+00,0.000000e+00,0.000000e+00,0.000000e+00,0.000000e+00,0.000000e+00,0.000000e+00,0.000000e+00,0.000000e+00,0.000000e+00,0.000000e+00,0.000000e+00,0.000000e+00,0.000000e+00
1.000000e+00,0.000000e+00,0.000000e+00,0.000000e+00,0.000000e+00,0.000000e+00,0.000000e+00,0.000000e+00,0.000000e+00,0.000000e+00,0.000000e+00,0.000000e+00,0.000000e+00,0.000000e+00,0.000000e+00
1.000000e+00,0.000000e+00,0.000000e+00,0.000000e+00,0.000000e+00,0.000000e+00,0.000000e+00,0.000000e+00,0.000000e+00,0.000000e+00,0.000000e+00,0.000000e+00,0.000000e+00,0.000000e+00,0.000000e+00
1.000000e+00,0.000000e+00,0.000000e+00,0.000000e+00,0.000000e+00,0.000000e+00,0.000000e+00,0.000000e+00,0.000000e+00,0.000000e+00,0.000000e+00,0.000000e+00,0.000000e+00,0.000000e+00,0.000000e+00
1.000000e+00,0.000000e+00,0.000000e+00,0.000000e+00,0.000000e+00,0.000000e+00,0.000000e+00,0.000000e+00,0.000000e+00,0.000000e+00,0.000000e+00,0.000000e+00,0.000000e+00,0.000000e+00,0.000000e+00
1.000000e+00,0.000000e+00,0.000000e+00,0.000000e+00,0.000000e+00,0.000000e+00,0.000000e+00,0.000000e+00,0.000000e+00,0.000000e+00,0.000000e+00,0.000000e+00,0.000000e+00,0.000000e+00,0.000000e+00
1.000000e+00,0.000000e+00,0.000000e+00,0.000000e+00,0.000000e+00,0.000000e+00,0.000000e+00,0.000000e+00,0.000000e+00,0.000000e+00,0.000000e+00,0.000000e+00,0.000000e+00,0.000000e+00,0.000000e+00
1.000000e+00,0.000000e+00,0.000000e+00,0.000000e+00,0.000000e+00,0.000000e+00,0.000000e+00,0.000000e+00,0.000000e+00,0.000000e+00,0.000000e+00,0.000000e+00,0.000000e+00,0.000000e+00,0.000000e+00
1.000000e+00,0.000000e+00,0.000000e+00,0.000000e+00,0.000000e+00,0.000000e+00,0.000000e+00,0.000000e+00,0.000000e+00,0.000000e+00,0.000000e+00,0.000000e+00,0.000000e+00,0.000000e+00,0.000000e+00
1.000000e+00,0.000000e+00,0.000000e+00,0.000000e+00,0.000000e+00,0.000000e+00,0.000000e+00,0.000000e+00,0.000000e+00,0.000000e+00,0.000000e+00,0.000000e+00,0.000000e+00,0.000000e+00,0.000000e+00
1.000000e+00,0.000000e+00,0.000000e+00,0.000000e+00,0.000000e+00,0.000000e+00,0.000000e+00,0.000000e+00,0.000000e+00,0.000000e+00,0.000000e+00,0.000000e+00,0.000000e+00,0.000000e+00,0.000000e+00
1.000000e+00,0.000000e+00,0.000000e+00,0.000000e+00,0.000000e+00,0.000000e+00,0.000000e+00,0.000000e+00,0.000000e+00,0.000000e+00,0.000000e+00,0.000000e+00,0.000000e+00,0.000000e+00,0.000000e+00
1.000000e+00,0.000000e+00,0.000000e+00,0.000000e+00,0.000000e+00,0.000000e+00,0.000000e+00,0.000000e+00,0.000000e+00,0.000000e+00,0.000000e+00,0.000000e+00,0.000000e+00,0.000000e+00,0.000000e+00
1.000000e+00,0.000000e+00,0.000000e+00,0.000000e+00,0.000000e+00,0.000000e+00,0.000000e+00,0.000000e+00,0.000000e+00,0.000000e+00,0.000000e+00,0.000000e+00,0.000000e+00,0.000000e+00,0.000000e+00
1.000000e+00,0.000000e+00,0.000000e+00,0.000000e+00,0.000000e+00,0.000000e+00,0.000000e+00,0.000000e+00,0.000000e+00,0.000000e+00,0.000000e+00,0.000000e+00,0.000000e+00,0.000000e+00,0.000000e+00
1.000000e+00,0.000000e+00,0.000000e+00,0.000000e+00,0.000000e+00,0.000000e+00,0.000000e+00,0.000000e+00,0.000000e+00,0.000000e+00,0.000000e+00,0.000000e+00,0.000000e+00,0.000000e+00,0.000000e+00
1.000000e+00,0.000000e+00,0.000000e+00,0.000000e+00,0.000000e+00,0.000000e+00,0.000000e+00,0.000000e+00,0.000000e+00,0.000000e+00,0.000000e+00,0.000000e+00,0.000000e+00,0.000000e+00,0.000000e+00
1.000000e+00,0.000000e+00,0.000000e+00,0.000000e+00,0.000000e+00,0.000000e+00,0.000000e+00,0.000000e+00,0.000000e+00,0.000000e+00,0.000000e+00,0.000000e+00,0.000000e+00,0.000000e+00,0.000000e+00
1.000000e+00,0.000000e+00,0.000000e+00,0.000000e+00,0.000000e+00,0.000000e+00,0.000000e+00,0.000000e+00,0.000000e+00,0.000000e+00,0.000000e+00,0.000000e+00,0.000000e+00,0.000000e+00,0.000000e+00
1.000000e+00,0.000000e+00,0.000000e+00,0.000000e+00,0.000000e+00,0.000000e+00,0.000000e+00,0.000000e+00,0.000000e+00,0.000000e+00,0.000000e+00,0.000000e+00,0.000000e+00,0.000000e+00,0.000000e+00
1.000000e+00,0.000000e+00,0.000000e+00,0.000000e+00,0.000000e+00,0.000000e+00,0.000000e+00,0.000000e+00,0.000000e+00,0.000000e+00,0.000000e+00,0.000000e+00,0.000000e+00,0.000000e+00,0.000000e+00
1.000000e+00,0.000000e+00,0.000000e+00,0.000000e+00,0.000000e+00,0.000000e+00,0.000000e+00,0.000000e+00,0.000000e+00,0.000000e+00,0.000000e+00,0.000000e+00,0.000000e+00,0.000000e+00,0.000000e+00
1.000000e+00,0.000000e+00,0.000000e+00,0.000000e+00,0.000000e+00,0.000000e+00,0.000000e+00,0.000000e+00,0.000000e+00,0.000000e+00,0.000000e+00,0.000000e+00,0.000000e+00,0.000000e+00,0.000000e+00
1.000000e+00,0.000000e+00,0.000000e+00,0.000000e+00,0.000000e+00,0.000000e+00,0.000000e+00,0.000000e+00,0.000000e+00,0.000000e+00,0.000000e+00,0.000000e+00,0.000000e+00,0.000000e+00,0.000000e+00
4.583704e-01,4.099705e-02,2.676274e-02,1.408860e-01,1.064625e-02,3.026867e-02,8.709358e-03,3.033714e-02,4.071374e-02,3.916779e-03,4.973301e-02,5.682602e-02,2.691262e-02,1.556822e-02,5.935195e-02
4.082811e-01,4.845975e-02,2.631851e-02,1.653430e-01,1.291246e-02,2.816640e-02,7.553448e-03,2.568924e-02,5.019224e-02,4.289593e-03,6.075610e-02,5.238912e-02,2.474441e-02,1.826999e-02,6.663472e-02
3.152021e-01,4.705955e-02,3.995515e-02,2.392941e-01,1.678289e-02,2.777714e-02,6.943119e-03,3.227042e-02,5.455414e-02,3.742870e-03,5.984318e-02,5.970354e-02,2.223857e-02,1.589334e-02,5.873993e-02
2.287553e-01,3.810308e-02,7.206505e-02,3.482232e-01,1.617720e-02,2.237999e-02,5.521052e-03,3.532787e-02,4.726644e-02,3.111431e-03,5.012371e-02,5.450546e-02,1.780712e-02,1.245086e-02,4.818217e-02
1.826679e-01,2.994623e-02,1.152301e-01,3.639442e-01,1.564424e-02,1.875058e-02,4.545752e-03,6.724135e-02,4.084409e-02,2.700053e-03,4.161891e-02,4.918640e-02,1.643940e-02,1.160548e-02,3.963539e-02
2.443771e-01,3.365633e-02,9.063581e-02,3.125912e-01,1.619534e-02,1.805437e-02,4.026446e-03,5.490790e-02,3.922812e-02,2.815064e-03,5.149545e-02,5.680629e-02,1.917424e-02,1.526376e-02,4.077255e-02
2.300955e-01,4.686315e-02,7.736607e-02,3.516967e-01,1.904012e-02,1.740129e-02,4.109716e-03,4.708244e-02,3.417306e-02,2.575596e-03,5.245285e-02,5.230649e-02,1.579948e-02,1.476991e-02,3.426753e-02
2.535924e-01,4.226819e-02,7.818422e-02,3.193884e-01,2.178665e-02,1.951065e-02,4.395706e-03,4.102138e-02,2.929730e-02,2.660561e-03,6.404009e-02,6.207885e-02,1.635666e-02,1.432081e-02,3.109812e-02
3.393537e-01,3.990830e-02,6.185140e-02,2.584285e-01,2.226871e-02,2.151156e-02,4.999296e-03,3.319550e-02,2.664388e-02,2.607193e-03,6.423648e-02,6.232913e-02,1.925302e-02,1.285916e-02,3.055423e-02
4.656416e-01,3.292162e-02,4.562990e-02,1.937690e-01,1.881033e-02,2.190220e-02,4.886587e-03,2.604448e-02,2.127083e-02,2.415034e-03,5.105301e-02,5.681629e-02,1.972208e-02,1.089779e-02,2.821928e-02
4.231868e-01,5.721006e-02,3.906847e-02,2.194870e-01,1.660707e-02,2.135877e-02,5.037926e-03,2.282757e-02,2.392275e-02,2.931939e-03,4.550145e-02,5.723459e-02,1.958195e-02,9.599445e-03,3.644428e-02
3.555836e-01,5.223720e-02,2.933573e-02,2.524484e-01,1.245058e-02,1.706487e-02,3.666573e-03,1.677786e-02,5.108781e-02,6.609447e-03,6.304573e-02,4.113289e-02,2.004224e-02,7.620182e-03,7.089696e-02
3.069525e-01,3.814539e-02,2.336748e-02,1.915048e-01,9.301049e-03,1.304291e-02,2.706934e-03,1.323703e-02,3.946068e-02,5.001001e-03,2.388904e-01,3.037014e-02,3.000338e-02,6.788936e-03,5.122742e-02
2.330127e-01,3.135968e-02,2.984856e-02,2.954821e-01,8.543629e-03,1.096700e-02,2.149612e-03,1.004939e-02,5.851647e-02,4.426890e-03,2.176430e-01,2.270280e-02,2.818905e-02,5.776266e-03,4.133296e-02
1.631607e-01,2.599884e-02,3.016662e-02,3.544412e-01,6.237888e-03,8.185864e-03,1.579904e-03,7.093961e-03,1.389996e-01,4.936032e-03,1.767137e-01,1.621405e-02,2.245520e-02,4.787727e-03,3.902875e-02
1.145735e-01,2.809096e-02,3.249540e-02,3.114127e-01,4.951433e-03,6.528553e-03,1.336072e-03,5.018319e-03,1.523646e-01,6.718009e-03,2.629369e-01,1.164516e-02,1.956767e-02,4.624015e-03,3.773666e-02
8.079332e-02,3.664640e-02,2.605205e-02,2.895654e-01,4.080689e-03,4.963319e-03,9.963766e-04,3.814965e-03,2.297852e-01,6.711685e-03,2.235489e-01,8.808026e-03,1.838024e-02,7.254136e-03,5.859932e-02
5.677926e-02,3.255339e-02,1.960929e-02,3.333718e-01,3.022181e-03,3.925615e-03,7.260649e-04,2.713680e-03,2.420943e-01,6.684428e-03,2.218172e-01,6.953122e-03,1.590606e-02,6.962615e-03,4.688091e-02
4.045773e-02,2.810495e-02,1.450235e-02,2.805611e-01,2.589037e-03,3.171639e-03,5.476547e-04,1.916213e-03,2.267103e-01,6.304110e-03,2.816355e-01,5.137038e-03,1.237620e-02,4.558792e-02,5.039839e-02
2.933334e-02,2.416725e-02,1.661513e-02,2.298018e-01,2.017965e-03,2.492446e-03,4.331041e-04,1.418734e-03,2.958230e-01,7.675585e-03,2.824791e-01,4.600619e-03,1.314007e-02,4.228538e-02,4.771652e-02
2.200895e-02,1.954613e-02,1.338835e-02,1.789081e-01,1.656035e-03,2.339084e-03,3.928823e-04,1.180576e-03,3.022877e-01,8.091955e-03,3.281749e-01,4.172576e-03,1.551439e-02,5.649924e-02,4.583915e-02
1.904172e-02,1.672592e-02,1.149242e-02,1.415747e-01,2.894362e-03,2.653874e-03,4.858391e-04,1.137652e-03,3.965722e-01,8.408156e-03,2.657624e-01,8.669777e-03,1.973122e-02,5.345427e-02,5.139555e-02
1.534715e-02,1.383935e-02,8.563973e-03,1.019158e-01,2.328808e-03,2.118996e-03,4.303843e-04,9.865029e-04,3.838016e-01,6.388018e-03,3.591182e-01,1.221548e-02,1.651553e-02,3.997126e-02,3.645901e-02
1.222703e-02,1.047823e-02,6.320316e-03,7.212689e-02,1.679724e-03,1.817339e-03,3.901870e-04,7.795580e-04,3.359562e-01,4.690787e-03,4.584429e-01,1.576165e-02,1.248519e-02,4.095526e-02,2.588884e-02
1.008647e-02,7.583604e-03,4.867374e-03,5.100859e-02,1.318510e-03,1.384022e-03,3.388838e-04,6.786041e-04,2.535643e-01,3.501535e-03,5.631355e-01,2.888658e-02,8.997412e-03,4.641778e-02,1.823081e-02
8.162916e-03,5.486102e-03,3.898311e-03,3.607550e-02,1.208122e-03,1.137688e-03,2.995643e-04,5.658125e-04,1.829598e-01,2.660681e-03,6.565771e-01,3.983065e-02,6.551305e-03,4.171021e-02,1.287617e-02
6.024197e-03,3.887207e-03,2.860327e-03,2.537901e-02,1.175467e-03,1.094953e-03,2.457905e-04,4.749217e-04,1.284033e-01,2.104874e-03,7.239161e-01,4.440462e-02,4.863551e-03,4.606217e-02,9.103457e-03
4.308468e-03,2.775819e-03,2.289283e-03,1.781593e-02,1.327155e-03,8.966456e-04,1.960201e-04,3.652537e-04,9.021776e-02,1.739223e-03,7.608650e-01,5.152496e-02,3.650628e-03,5.540509e-02,6.622781e-03
3.090397e-03,1.984231e-03,1.896186e-03,1.253610e-02,1.232373e-03,7.862130e-04,1.519535e-04,3.040459e-04,6.356339e-02,1.508169e-03,7.582874e-01,6.854276e-02,2.842283e-03,7.847449e-02,4.799978e-03
2.225776e-03,1.436044e-03,1.417550e-03,8.826971e-03,9.535734e-04,6.742956e-04,1.134444e-04,2.346667e-04,4.470639e-02,1.321335e-03,7.667441e-01,6.398009e-02,2.286993e-03,1.016878e-01,3.390966e-03
1.606870e-03,1.174386e-03,1.137139e-03,6.213902e-03,8.797086e-04,5.862852e-04,9.883472e-05,1.779992e-04,3.145748e-02,1.263059e-03,7.986016e-01,5.558682e-02,1.961452e-03,9.686370e-02,2.390702e-03
1.250731e-03,1.118027e-03,9.505036e-04,4.383327e-03,7.240681e-04,7.002592e-04,7.506637e-05,1.327042e-04,2.216543e-02,1.126251e-03,8.437293e-01,4.151769e-02,1.678048e-03,7.871728e-02,1.731284e-03
9.293134e-04,9.578214e-04,7.642194e-04,3.162537e-03,7.177340e-04,6.025715e-04,7.450905e-05,1.092634e-04,1.584439e-02,1.326644e-03,8.630715e-01,3.496897e-02,1.646699e-03,7.458590e-02,1.237855e-03
6.961203e-04,1.076680e-03,6.419591e-04,2.313053e-03,9.396764e-04,5.658678e-04,8.694911e-05,8.770643e-05,1.139405e-02,1.402972e-03,8.812255e-01,2.878178e-02,1.627477e-03,6.825750e-02,9.027587e-04
6.181692e-04,3.574661e-03,8.046116e-04,1.848254e-03,1.673310e-03,8.166060e-04,1.500006e-04,1.221783e-04,8.573795e-03,2.778419e-03,8.713812e-01,2.471259e-02,1.444555e-03,8.074421e-02,7.574469e-04
5.973123e-04,6.874634e-03,1.109419e-03,1.434117e-03,2.403519e-03,1.017020e-03,1.859169e-04,1.556809e-04,6.857426e-03,4.258987e-03,8.619864e-01,2.110760e-02,1.307143e-03,9.003393e-02,6.709225e-04
7.419348e-04,5.700986e-03,9.036503e-04,1.095423e-03,2.317826e-03,8.943303e-04,1.580543e-04,1.539087e-04,5.749308e-03,5.437100e-03,8.507934e-01,1.849774e-02,1.255135e-03,1.057570e-01,5.442118e-04
6.966547e-04,5.455325e-03,7.849529e-04,8.109533e-04,2.405637e-03,8.741515e-04,1.467587e-04,1.216717e-04,4.451128e-03,6.830810e-03,8.552547e-01,1.621353e-02,1.192968e-03,1.042728e-01,4.880266e-04
6.407303e-04,7.097410e-03,9.151106e-04,5.991636e-04,2.694265e-03,1.040463e-03,1.941216e-04,1.035691e-04,3.448601e-03,9.139014e-03,8.599221e-01,1.450746e-02,1.141410e-03,9.791279e-02,6.437746e-04
7.197540e-04,6.493850e-03,9.812086e-04,4.477544e-04,3.020992e-03,1.209307e-03,2.561318e-04,1.056465e-04,2.660167e-03,1.153174e-02,8.647518e-01,1.292730e-02,1.185564e-03,9.303211e-02,6.767447e-04
8.648664e-04,5.855313e-03,1.006213e-03,3.414788e-04,3.265622e-03,1.362220e-03,3.192167e-04,1.120887e-04,2.173409e-03,1.422505e-02,8.641828e-01,1.170966e-02,1.213854e-03,9.258815e-02,7.801153e-04
8.292802e-04,4.933600e-03,9.351667e-04,2.925178e-04,4.502191e-03,2.269415e-03,3.881941e-04,2.474874e-04,2.040301e-03,1.451972e-02,8.639976e-01,9.971716e-03,9.796866e-04,9.335711e-02,7.360863e-04
1.075332e-03,7.107431e-03,2.985135e-03,1.650175e-03,1.353023e-02,1.971678e-02,7.167673e-04,6.609896e-03,3.520745e-03,1.322326e-02,8.413333e-01,8.307430e-03,7.868940e-04,7.868865e-02,7.480537e-04
1.421863e-03,6.310754e-03,1.167621e-02,5.562385e-03,1.778599e-02,2.897459e-02,6.554680e-04,8.568311e-02,6.547597e-03,1.305538e-02,7.499142e-01,8.869953e-03,8.249149e-04,6.199981e-02,7.178147e-04
1.237974e-02,1.874577e-02,6.304016e-02,2.039982e-02,4.251922e-02,1.183681e-01,1.244949e-03,8.461174e-02,9.498295e-03,1.141976e-02,5.618709e-01,6.588129e-03,7.331920e-04,4.732526e-02,1.255049e-03
2.130917e-02,2.452349e-02,1.294409e-01,8.040231e-02,5.863766e-02,1.357851e-01,1.342794e-03,6.997941e-02,1.357830e-02,1.062353e-02,4.117268e-01,4.864866e-03,6.269667e-04,3.539538e-02,1.763461e-03
2.524966e-02,2.686767e-02,2.176608e-01,1.074952e-01,6.590306e-02,1.424613e-01,1.353505e-03,6.390110e-02,1.336028e-02,9.454530e-03,2.934467e-01,3.492500e-03,5.899729e-04,2.668202e-02,2.081809e-03
2.213744e-02,2.072038e-02,3.103790e-01,1.709771e-01,5.634445e-02,1.028081e-01,1.021535e-03,6.762731e-02,1.074380e-02,7.330251e-03,2.062314e-01,2.570783e-03,4.740615e-04,1.894212e-02,1.692239e-03
1.836673e-02,1.532748e-02,4.138297e-01,1.790362e-01,4.587772e-02,7.327895e-02,7.691210e-04,7.721462e-02,8.581022e-03,5.369166e-03,1.452315e-01,1.970395e-03,4.255239e-04,1.334521e-02,1.376716e-03
1.874896e-02,1.256692e-02,4.103030e-01,1.732120e-01,4.061333e-02,5.268506e-02,6.808434e-04,1.623182e-01,7.586153e-03,4.130973e-03,1.040030e-01,1.609978e-03,5.319838e-04,9.547041e-03,1.462580e-03
1.336196e-02,1.678305e-02,3.354258e-01,3.406671e-01,2.937594e-02,3.710432e-02,5.074483e-04,1.194759e-01,8.057600e-03,3.876318e-03,8.415149e-02,1.553613e-03,8.460343e-04,6.771852e-03,2.041529e-03
9.834461e-03,2.247166e-02,3.257582e-01,3.379903e-01,2.092622e-02,2.620471e-02,3.730721e-04,8.447240e-02,1.171603e-02,1.150922e-02,1.137421e-01,4.126318e-03,6.313494e-03,6.125738e-03,1.843613e-02
7.746035e-03,2.620099e-02,3.264695e-01,2.639655e-01,1.539560e-02,2.030181e-02,3.928593e-04,5.943239e-02,1.264765e-02,3.191430e-02,1.400227e-01,7.726197e-03,1.670121e-02,1.557428e-02,5.550904e-02
6.489398e-03,4.274629e-02,2.727794e-01,1.989412e-01,1.257351e-02,1.677616e-02,6.307843e-04,4.234225e-02,4.736362e-02,4.144305e-02,1.369120e-01,2.103060e-02,3.370182e-02,2.484234e-02,1.014277e-01
4.938800e-03,3.393315e-02,1.921609e-01,1.404664e-01,1.004610e-02,1.275673e-02,4.840808e-04,2.988567e-02,4.456593e-02,3.225820e-02,1.048318e-01,1.758863e-02,3.046025e-02,3.803067e-02,3.075927e-01
3.687362e-03,2.881911e-02,1.361213e-01,9.875881e-02,1.085036e-02,9.536041e-03,3.746701e-04,2.101477e-02,4.482669e-02,2.332652e-02,8.272892e-02,1.284453e-02,2.510695e-02,5.000992e-02,4.519941e-01
2.927626e-03,2.318635e-02,9.602333e-02,6.937778e-02,8.592565e-03,1.188289e-02,3.370370e-04,1.485847e-02,7.098112e-02,1.678110e-02,6.164331e-02,9.420079e-03,2.119137e-02,7.838402e-02,5.144130e-01
2.162787e-03,6.432103e-02,6.795111e-02,4.861688e-02,6.404627e-03,1.180189e-02,2.596908e-04,1.048638e-02,1.092631e-01,1.196915e-02,4.409914e-02,6.727470e-03,1.683777e-02,1.039962e-01,4.951028e-01
1.820943e-03,6.253076e-02,4.948396e-02,3.464119e-02,6.311205e-03,1.010889e-02,3.371568e-04,9.007675e-03,2.000301e-01,8.699035e-03,3.257892e-02,4.845735e-03,1.348632e-02,1.249147e-01,4.412035e-01
2.056024e-03,1.181772e-01,3.600974e-02,2.493898e-02,8.000256e-03,1.024389e-02,3.255087e-04,6.673286e-03,2.552963e-01,6.542532e-03,2.413658e-02,4.426791e-03,1.409425e-02,1.488024e-01,3.402764e-01
1.936777e-03,1.234389e-01,2.847789e-02,1.970124e-02,7.011404e-03,9.210715e-03,2.937292e-04,5.696964e-03,3.977709e-01,5.515124e-03,1.750205e-02,3.252210e-03,1.088648e-02,1.236497e-01,2.456559e-01
1.161642e-02,1.158590e-01,2.191377e-02,1.486517e-02,1.365469e-02,8.392351e-03,5.304860e-04,1.063319e-02,3.671345e-01,4.565631e-03,1.526899e-02,2.515935e-03,1.041740e-02,2.122827e-01,1.903497e-01
1.029207e-02,1.114980e-01,1.592671e-02,1.255085e-02,1.419930e-02,8.265909e-03,5.823151e-04,1.114875e-02,4.720215e-01,5.538269e-03,1.444259e-02,2.170411e-03,1.059756e-02,1.679772e-01,1.427885e-01
7.862021e-03,1.112657e-01,1.408210e-02,1.528240e-02,1.093387e-02,6.095608e-03,4.316914e-04,8.154538e-03,5.545616e-01,5.766639e-03,1.193343e-02,1.807770e-03,8.508233e-03,1.188169e-01,1.244975e-01
8.525836e-03,1.048499e-01,1.123534e-02,1.328698e-02,1.139382e-02,8.261025e-03,4.316888e-04,7.326378e-03,5.711772e-01,9.060733e-03,1.249294e-02,1.631052e-03,1.191171e-02,8.828689e-02,1.401285e-01
1.525946e-02,1.151142e-01,1.055000e-02,1.890057e-02,3.389971e-02,1.215164e-02,9.506168e-04,2.232178e-02,5.563955e-01,7.597478e-03,1.209940e-02,1.525452e-03,1.493036e-02,6.783908e-02,1.104648e-01
1.510580e-02,1.032677e-01,7.930838e-02,8.943059e-02,3.351255e-02,9.288375e-03,8.162213e-04,3.076180e-02,4.718118e-01,8.766561e-03,1.027016e-02,1.291816e-03,1.179720e-02,4.767041e-02,8.690067e-02
1.462584e-02,1.471146e-01,5.847467e-02,7.020508e-02,3.067074e-02,7.269695e-03,6.549825e-04,2.275453e-02,4.835417e-01,1.546404e-02,9.082077e-03,1.180133e-03,1.155911e-02,3.397491e-02,9.342787e-02
1.160040e-02,2.125220e-01,4.364085e-02,5.110058e-02,2.471682e-02,6.059642e-03,5.254834e-04,1.718694e-02,4.800267e-01,3.280626e-02,8.217528e-03,1.076212e-03,1.145701e-02,2.418628e-02,7.487735e-02
1.098884e-02,2.569366e-01,3.175043e-02,4.085433e-02,1.891017e-02,7.925337e-03,4.287491e-04,1.244801e-02,4.651631e-01,3.228161e-02,6.777715e-03,9.788240e-04,1.467245e-02,1.806005e-02,8.182376e-02
1.275904e-02,2.196656e-01,2.632588e-02,1.061725e-01,1.639199e-02,6.134420e-03,3.515863e-04,1.196067e-02,4.811951e-01,2.394361e-02,5.755829e-03,9.548776e-04,1.144532e-02,1.277119e-02,6.417245e-02
2.875207e-02,1.885744e-01,3.318132e-02,1.070297e-01,1.365167e-02,6.172108e-03,3.805503e-04,1.038646e-02,3.892357e-01,3.666140e-02,1.180684e-02,3.474665e-03,1.311486e-02,1.097773e-02,1.466005e-01
6.299065e-02,1.738572e-01,3.151540e-02,8.758328e-02,1.982455e-02,7.308940e-03,1.098192e-03,9.396568e-03,3.548397e-01,5.059794e-02,1.875448e-02,6.137644e-03,1.691530e-02,9.827812e-03,1.493524e-01
1.089141e-01,1.666530e-01,2.902132e-02,7.525337e-02,2.848218e-02,1.058448e-02,2.093544e-03,1.014389e-02,3.140932e-01,4.819608e-02,2.280860e-02,1.149785e-02,2.451328e-02,7.801850e-03,1.399432e-01
9.674340e-02,1.668772e-01,2.848994e-02,1.638180e-01,2.516433e-02,1.124348e-02,2.760056e-03,1.674990e-02,2.395043e-01,3.547309e-02,1.833802e-02,1.181250e-02,2.098458e-02,6.746701e-03,1.552946e-01
8.756752e-02,1.337780e-01,3.161102e-02,2.190591e-01,2.020548e-02,9.211395e-03,2.182406e-03,1.366289e-02,1.863678e-01,3.613419e-02,1.968796e-02,9.871681e-03,1.579513e-02,1.181405e-02,2.030514e-01
1.581471e-01,1.163735e-01,5.492809e-02,1.782878e-01,2.146871e-02,8.983454e-03,2.423425e-03,1.457223e-02,1.413879e-01,3.522223e-02,1.827168e-02,1.037068e-02,1.374619e-02,1.743428e-02,2.083827e-01
2.837165e-01,9.450255e-02,4.540867e-02,1.396141e-01,2.978025e-02,1.088578e-02,2.389555e-03,1.730739e-02,1.176898e-01,2.868447e-02,2.081342e-02,1.633583e-02,1.351440e-02,1.572632e-02,1.636309e-01
3.516925e-01,7.573090e-02,4.658990e-02,1.429161e-01,3.311448e-02,1.370103e-02,3.616999e-03,2.694418e-02,8.696325e-02,2.507002e-02,2.009620e-02,2.410866e-02,1.257603e-02,1.371005e-02,1.231698e-01
2.601767e-01,5.515901e-02,2.096625e-01,1.430975e-01,2.992298e-02,1.126665e-02,3.216847e-03,6.299375e-02,6.307887e-02,1.942385e-02,1.600594e-02,1.820895e-02,9.411108e-03,1.007582e-02,8.829952e-02
1.893434e-01,4.012359e-02,3.098660e-01,1.422640e-01,2.570069e-02,8.618939e-03,2.800457e-03,1.172828e-01,4.637191e-02,1.592009e-02,1.189764e-02,1.293073e-02,6.939591e-03,7.236172e-03,6.270395e-02
1.527748e-01,3.180527e-02,3.612508e-01,1.151102e-01,2.156517e-02,6.811352e-03,2.250796e-03,1.698186e-01,3.610850e-02,2.252217e-02,9.668645e-03,9.677168e-03,5.329273e-03,5.423968e-03,4.988338e-02
1.398527e-01,2.877669e-02,3.651266e-01,8.516467e-02,2.347004e-02,6.850404e-03,2.103404e-03,1.591623e-01,3.467061e-02,8.347292e-02,1.022512e-02,8.058866e-03,5.048495e-03,4.875736e-03,4.314148e-02
1.198936e-01,3.688428e-02,3.554217e-01,7.280160e-02,1.762675e-02,6.232316e-03,1.520045e-03,1.200183e-01,7.181412e-02,9.313673e-02,3.067849e-02,6.666340e-03,6.334094e-03,6.073281e-03,5.489838e-02
8.529984e-02,2.827039e-02,2.718483e-01,5.176884e-02,1.244085e-02,5.507631e-03,1.122882e-03,8.478429e-02,1.356624e-01,1.488986e-01,6.394930e-02,5.410199e-03,1.512061e-02,7.815856e-03,8.210003e-02
6.009184e-02,2.106047e-02,1.960194e-01,3.646703e-02,8.875920e-03,4.420415e-03,8.233468e-04,5.984319e-02,1.694895e-01,1.385267e-01,8.308058e-02,4.310091e-03,1.597586e-02,1.322062e-02,1.877950e-01
4.391368e-02,1.793464e-02,1.442216e-01,2.771786e-02,6.600588e-03,3.613834e-03,6.060383e-04,4.223154e-02,3.426698e-01,1.162144e-01,6.338782e-02,3.423622e-03,1.330490e-02,1.374159e-02,1.604181e-01
4.685229e-02,1.521549e-02,1.031602e-01,1.983528e-02,5.233905e-03,3.839111e-03,4.854358e-04,2.984247e-02,3.533994e-01,8.362197e-02,6.149105e-02,2.692030e-03,1.177442e-02,5.003447e-02,2.125225e-01
4.491982e-02,1.383911e-02,7.561204e-02,1.819449e-02,4.243910e-03,6.124015e-03,4.997972e-04,2.116753e-02,4.753317e-01,5.957329e-02,5.319072e-02,2.266053e-03,9.889512e-03,4.125850e-02,1.738895e-01
5.485502e-02,1.669636e-02,7.114018e-02,1.723938e-02,3.819316e-03,1.199105e-02,8.035607e-04,1.498504e-02,4.686143e-01,4.520369e-02,5.292777e-02,2.653654e-03,8.447204e-03,6.655825e-02,1.640653e-01
4.435772e-02,1.849221e-02,5.258188e-02,1.250966e-02,3.097721e-03,9.801831e-03,6.064137e-04,1.059728e-02,4.561023e-01,3.402276e-02,1.072071e-01,2.085984e-03,7.356296e-03,6.974594e-02,1.714350e-01
4.680592e-02,1.522285e-02,3.965363e-02,9.529999e-03,3.230484e-03,1.007954e-02,5.231428e-04,8.373527e-03,4.875843e-01,2.534066e-02,1.120647e-01,2.276451e-03,8.020101e-03,9.333196e-02,1.379626e-01
3.566172e-02,1.161647e-02,2.869970e-02,6.854633e-03,2.748991e-03,8.361357e-03,4.151809e-04,5.887409e-03,5.197647e-01,2.047222e-02,9.909116e-02,1.773341e-03,7.166489e-03,1.320337e-01,1.194530e-01
3.005114e-02,9.318914e-03,2.262526e-02,4.993630e-03,2.467565e-03,7.197812e-03,3.157677e-04,4.304329e-03,5.767426e-01,1.489041e-02,8.691543e-02,1.346175e-03,5.675876e-03,1.374301e-01,9.572503e-02
2.620203e-02,8.287289e-03,4.308148e-02,4.765877e-03,4.967208e-03,7.175900e-03,2.597584e-04,4.417716e-03,6.377497e-01,1.348235e-02,6.562363e-02,1.046383e-03,4.197533e-03,1.081358e-01,7.060733e-02
2.701133e-02,8.284589e-03,1.736723e-01,5.230895e-03,7.684359e-03,6.519899e-03,2.190923e-04,5.140199e-03,5.556753e-01,1.187615e-02,5.117270e-02,7.871160e-04,3.103678e-03,8.724300e-02,5.637946e-02
2.367533e-02,9.753868e-03,3.480792e-01,1.541035e-02,2.955178e-02,6.356157e-03,2.920839e-04,6.227018e-03,4.075636e-01,1.078139e-02,3.673481e-02,6.337868e-04,2.312542e-03,6.183787e-02,4.079015e-02
1.944895e-02,9.667506e-03,5.120779e-01,1.559818e-02,2.800529e-02,5.213401e-03,2.526501e-04,5.301539e-03,2.938722e-01,8.785077e-03,2.597611e-02,4.714409e-04,1.738091e-03,4.370527e-02,2.988644e-02
2.571548e-02,1.896781e-02,5.302373e-01,2.071747e-02,3.730929e-02,7.206156e-03,2.628447e-04,9.004376e-03,2.445372e-01,1.461477e-02,1.902382e-02,4.155406e-04,1.442541e-03,3.166293e-02,3.888254e-02
5.387062e-02,2.180630e-02,5.126787e-01,3.554023e-02,4.787331e-02,1.072496e-02,3.208771e-04,1.649936e-02,1.964769e-01,1.428838e-02,1.423113e-02,6.969547e-04,1.573616e-03,2.714852e-02,4.627008e-02
4.279223e-02,1.862457e-02,6.148412e-01,3.431456e-02,4.114668e-02,8.188814e-03,2.609373e-04,1.456328e-02,1.436457e-01,1.176084e-02,1.020356e-02,5.695149e-04,1.201739e-03,1.981659e-02,3.806983e-02
4.415544e-02,1.588165e-02,5.870152e-01,3.101873e-02,3.128015e-02,6.984497e-03,2.484443e-04,1.563970e-02,1.240328e-01,2.974536e-02,8.168438e-03,6.213619e-04,9.922909e-04,1.584760e-02,8.836846e-02
4.185253e-02,1.323400e-02,6.168565e-01,5.081737e-02,2.316499e-02,5.447340e-03,2.099017e-04,1.326693e-02,9.710942e-02,4.116978e-02,7.548038e-03,7.712925e-04,1.462590e-03,1.163011e-02,7.545922e-02
8.419448e-02,1.443784e-02,5.277275e-01,7.485454e-02,2.218923e-02,5.507389e-03,2.744720e-04,1.988352e-02,8.436400e-02,5.314812e-02,8.612674e-03,1.460606e-03,1.873986e-03,1.048998e-02,9.098171e-02
8.248531e-02,2.272212e-02,4.473637e-01,7.928588e-02,2.691530e-02,7.234346e-03,9.660082e-04,2.833362e-02,8.246204e-02,6.724857e-02,8.808497e-03,1.559354e-03,2.385967e-03,9.475224e-03,1.327541e-01
5.841183e-02,2.330145e-02,4.183753e-01,5.635339e-02,1.911527e-02,5.471549e-03,6.964880e-04,2.003204e-02,1.755322e-01,5.264566e-02,1.380768e-02,1.305559e-03,2.030761e-03,1.299038e-02,1.399305e-01
4.324045e-02,2.979339e-02,3.017235e-01,6.032655e-02,1.794414e-02,1.973267e-02,6.128642e-04,1.447063e-02,3.185428e-01,4.193130e-02,1.512624e-02,1.368454e-03,1.998004e-03,1.175604e-02,1.214329e-01
8.255168e-02,2.903805e-02,2.308176e-01,7.924406e-02,1.709962e-02,1.892700e-02,5.876630e-04,1.108711e-02,3.150193e-01,4.554147e-02,3.496741e-02,2.765871e-03,4.082534e-03,1.838971e-02,1.098810e-01
6.785622e-02,2.337823e-02,1.719985e-01,5.835876e-02,1.278798e-02,1.384605e-02,4.520101e-04,8.597299e-03,3.960446e-01,4.748880e-02,3.600617e-02,2.304377e-03,3.493465e-03,4.832887e-02,1.090588e-01
4.846261e-02,1.847410e-02,1.211150e-01,4.164032e-02,9.152058e-03,9.886848e-03,3.377845e-04,6.086122e-03,5.275052e-01,4.089759e-02,3.472815e-02,1.898035e-03,2.712892e-03,5.079950e-02,8.630377e-02
3.742789e-02,1.727087e-02,8.531249e-02,3.041805e-02,6.949526e-03,8.265736e-03,3.020750e-04,4.398980e-03,5.861206e-01,3.868683e-02,4.165822e-02,2.201363e-03,2.623387e-03,6.850892e-02,6.985506e-02
3.573312e-02,2.803815e-02,6.197905e-02,3.703586e-02,6.767787e-03,9.117030e-03,4.014962e-04,3.397186e-03,5.924521e-01,3.259101e-02,5.125379e-02,2.083373e-03,2.392610e-03,7.348196e-02,6.327551e-02
4.521535e-02,2.752931e-02,4.434753e-02,2.773407e-02,5.686312e-03,7.598627e-03,3.991530e-04,2.509187e-03,4.397380e-01,2.490389e-02,1.350527e-01,4.383897e-03,3.686355e-03,1.794568e-01,5.175889e-02
3.434664e-02,2.684789e-02,3.145375e-02,1.983429e-02,4.596405e-03,6.686163e-03,3.482420e-04,1.880550e-03,3.443983e-01,3.290820e-02,1.900561e-01,4.412767e-03,3.664746e-03,2.604696e-01,3.809634e-02
3.565032e-02,2.982180e-02,2.446508e-02,1.669993e-02,5.688055e-03,3.269079e-02,4.863616e-04,3.430664e-03,2.765988e-01,3.696522e-02,2.005754e-01,7.150350e-03,5.380016e-03,2.925808e-01,3.181637e-02
2.726560e-02,2.766294e-02,1.744904e-02,1.249768e-02,4.487505e-03,2.814273e-02,3.853153e-04,2.575059e-03,2.038538e-01,4.484736e-02,2.560757e-01,7.913804e-03,6.058218e-03,3.351253e-01,2.565999e-02
2.004004e-02,3.061407e-02,1.295279e-02,9.142440e-03,3.921067e-03,3.103258e-02,3.113407e-04,1.876185e-03,1.723061e-01,2.093107e-01,1.981561e-01,6.486331e-03,5.034281e-03,2.786207e-01,2.019527e-02
1.448086e-02,2.519227e-02,9.148454e-03,6.891985e-03,4.238186e-03,9.711945e-02,3.983440e-04,2.298533e-03,2.544397e-01,1.796323e-01,1.570760e-01,5.108613e-03,4.788914e-03,2.240900e-01,1.509629e-02
1.147679e-02,2.162157e-02,6.779487e-03,1.122959e-02,5.579727e-03,9.995307e-02,4.881234e-04,1.014793e-02,3.367533e-01,1.636578e-01,1.263093e-01,4.443073e-03,8.096076e-03,1.793131e-01,1.415107e-02
1.261852e-02,3.477045e-02,8.414826e-03,1.461070e-02,8.156165e-03,9.816045e-02,8.999720e-04,3.056262e-02,3.846384e-01,1.533035e-01,9.411149e-02,3.616615e-03,9.982976e-03,1.346449e-01,1.150840e-02
1.226470e-02,5.422341e-02,8.102579e-03,1.358601e-02,1.799495e-02,1.246496e-01,1.805084e-03,2.403210e-02,4.037469e-01,1.418074e-01,7.097889e-02,3.067362e-03,8.950635e-03,1.052580e-01,9.532400e-03
1.535637e-02,1.002785e-01,1.174484e-02,1.871245e-02,4.323114e-02,1.064922e-01,4.160362e-03,3.250290e-02,4.035529e-01,1.100707e-01,5.417567e-02,2.690898e-03,1.040697e-02,7.605780e-02,1.056628e-02
1.523350e-02,8.852460e-02,1.152160e-02,2.232032e-02,5.171634e-02,7.871358e-02,5.388336e-03,1.823136e-01,3.551702e-01,7.858977e-02,3.917509e-02,2.028277e-03,7.581886e-03,5.377778e-02,7.945119e-03
1.334503e-02,7.069399e-02,9.078974e-03,1.866334e-02,4.847175e-02,5.793217e-02,4.302719e-03,3.597640e-01,2.841657e-01,5.521257e-02,2.772288e-02,1.481799e-03,5.472693e-03,3.786427e-02,5.828103e-03
1.991385e-02,6.605869e-02,9.543102e-03,1.629434e-02,4.658581e-02,5.388277e-02,3.864899e-03,4.404532e-01,2.443927e-01,3.915184e-02,2.154632e-02,1.316122e-03,4.343916e-03,2.749085e-02,5.161593e-03
1.849546e-02,5.190936e-02,7.927343e-03,1.388533e-02,3.835921e-02,4.400241e-02,3.443800e-03,5.597456e-01,1.908560e-01,2.773520e-02,1.553246e-02,1.021528e-03,3.189597e-03,1.995199e-02,3.944730e-03
2.228443e-02,4.058276e-02,7.169280e-03,1.162428e-02,3.589835e-02,3.300150e-02,3.832556e-03,6.409938e-01,1.524874e-01,1.955649e-02,1.142750e-02,1.006183e-03,2.636698e-03,1.419410e-02,3.304672e-03
7.840790e-02,4.582649e-02,1.050466e-02,1.211134e-02,4.357556e-02,3.046240e-02,5.594891e-03,5.537401e-01,1.738767e-01,1.419588e-02,9.119185e-03,2.149787e-03,4.374150e-03,1.043406e-02,5.626913e-03
1.372651e-01,5.488057e-02,1.444112e-02,1.237917e-02,4.042458e-02,3.298184e-02,7.531965e-03,4.637331e-01,1.454507e-01,1.457741e-02,1.121860e-02,4.468676e-03,2.950990e-02,9.738695e-03,2.139863e-02
2.998890e-01,4.857290e-02,1.314889e-02,1.261174e-02,3.177986e-02,3.091915e-02,6.852240e-03,3.302343e-01,1.137987e-01,1.272536e-02,1.174574e-02,1.840210e-02,3.392875e-02,9.172350e-03,2.621899e-02
4.054774e-01,3.932285e-02,1.426722e-02,1.330655e-02,2.610690e-02,3.101978e-02,7.098515e-03,2.339658e-01,8.910383e-02,1.324864e-02,1.467776e-02,2.510345e-02,4.074670e-02,1.035763e-02,3.619694e-02
4.930893e-01,2.982064e-02,1.176212e-02,1.166013e-02,2.075702e-02,2.692315e-02,8.669835e-03,1.645006e-01,7.180168e-02,1.472212e-02,1.492529e-02,2.053907e-02,3.892395e-02,1.852787e-02,5.337724e-02
1.000000e+00,0.000000e+00,0.000000e+00,0.000000e+00,0.000000e+00,0.000000e+00,0.000000e+00,0.000000e+00,0.000000e+00,0.000000e+00,0.000000e+00,0.000000e+00,0.000000e+00,0.000000e+00,0.000000e+00
1.000000e+00,0.000000e+00,0.000000e+00,0.000000e+00,0.000000e+00,0.000000e+00,0.000000e+00,0.000000e+00,0.000000e+00,0.000000e+00,0.000000e+00,0.000000e+00,0.000000e+00,0.000000e+00,0.000000e+00
1.000000e+00,0.000000e+00,0.000000e+00,0.000000e+00,0.000000e+00,0.000000e+00,0.000000e+00,0.000000e+00,0.000000e+00,0.000000e+00,0.000000e+00,0.000000e+00,0.000000e+00,0.000000e+00,0.000000e+00
1.000000e+00,0.000000e+00,0.000000e+00,0.000000e+00,0.000000e+00,0.000000e+00,0.000000e+00,0.000000e+00,0.000000e+00,0.000000e+00,0.000000e+00,0.000000e+00,0.000000e+00,0.000000e+00,0.000000e+00
4.852429e-01,1.179522e-02,3.705140e-03,8.660886e-03,5.880094e-03,2.599924e-02,3.099270e-03,2.844878e-02,4.218708e-02,3.150222e-02,7.755759e-02,1.153372e-02,2.112623e-02,9.034286e-02,1.529187e-01
3.563651e-01,1.391647e-02,6.152512e-03,9.945208e-03,5.283315e-03,2.264901e-02,2.424370e-03,2.217939e-02,5.239046e-02,2.551114e-02,1.514306e-01,1.243228e-02,3.025572e-02,1.071514e-01,1.819130e-01
2.542687e-01,1.336142e-02,5.572517e-03,8.506874e-03,5.574431e-03,1.695613e-02,1.791444e-03,1.595350e-02,6.711571e-02,2.122506e-02,1.848369e-01,1.133790e-02,2.931010e-02,1.429743e-01,2.212149e-01
1.832621e-01,1.215349e-02,6.229513e-03,9.557301e-03,4.839514e-03,1.346438e-02,1.332307e-03,1.145126e-02,1.177340e-01,1.966472e-02,1.692117e-01,1.018529e-02,2.519170e-02,1.864005e-01,2.293223e-01
1.334411e-01,1.127168e-02,1.041686e-02,1.088931e-02,4.358517e-03,1.277230e-02,1.022957e-03,8.861271e-03,1.545600e-01,1.693184e-02,1.532072e-01,9.701215e-03,2.537820e-02,1.924767e-01,2.547108e-01
9.829947e-02,8.880219e-03,2.474657e-02,1.079093e-02,3.729467e-03,1.798731e-02,1.172540e-03,9.885765e-03,1.753547e-01,1.346625e-02,1.160187e-01,7.516945e-03,2.392711e-02,2.351533e-01,2.530708e-01
7.881334e-02,8.807600e-03,1.395442e-01,1.778253e-02,5.064666e-03,1.410445e-02,1.391679e-03,3.127301e-02,1.618494e-01,1.058153e-02,8.709726e-02,5.717152e-03,1.938831e-02,2.325805e-01,1.860044e-01
7.301915e-02,1.490662e-02,2.040512e-01,4.231161e-02,4.090668e-02,1.670357e-02,2.418768e-03,3.052525e-02,1.458260e-01,8.623629e-03,6.362528e-02,4.353586e-03,1.449334e-02,2.060891e-01,1.321463e-01
5.824286e-02,1.219983e-02,2.457068e-01,8.969235e-02,4.598362e-02,1.236516e-02,2.838747e-03,7.705642e-02,1.334534e-01,6.882301e-03,4.570383e-02,3.194896e-03,1.076773e-02,1.612026e-01,9.470951e-02
5.051639e-02,9.434249e-03,3.681102e-01,8.737458e-02,5.025242e-02,9.953260e-03,2.597817e-03,7.928253e-02,9.938891e-02,5.103998e-03,3.253828e-02,2.319472e-03,8.193690e-03,1.245259e-01,7.040833e-02
