1.000000e+00,0.000000e+00,0.000000e+00,0.000000e+00,0.000000e+00,0.000000e+00,0.000000e+00,0.000000e+00,0.000000e+00,0.000000e+00,0.000000e+00,0.000000e+00,0.000000e+00,0.000000e+00,0.000000e+00
1.000000e+00,0.000000e+00,0.000000e+00,0.000000e+00,0.000000e+00,0.000000e+00,0.000000e+00,0.000000e+00,0.000000e+00,0.000000e+00,0.000000e+00,0.000000e+00,0.000000e+00,0.000000e+00,0.000000e+00
1.000000e+00,0.000000e+00,0.000000e+00,0.000000e+00,0.000000e+00,0.000000e+00,0.000000e+00,0.000000e+00,0.000000e+00,0.000000e+00,0.000000e+00,0.000000e+00,0.000000e+00,0.000000e+00,0.000000e+00
1.000000e+00,0.000000e+00,0.000000e+00,0.000000e+00,0.000000e+00,0.000000e+00,0.000000e+00,0.000000e+00,0.000000e+00,0.000000e+00,0.000000e+00,0.000000e+00,0.000000e+00,0.000000e+00,0.000000e+00
1.000000e+00,0.000000e+00,0.000000e+00,0.000000e+00,0.000000e+00,0.000000e+00,0.000000e+00,0.000000e+00,0.000000e+00,0.000000e+00,0.000000e+00,0.000000e+00,0.000000e+00,0.000000e+00,0.000000e+00
1.000000e+00,0.000000e+00,0.000000e+00,0.000000e+00,0.000000e+00,0.000000e+00,0.000000e+00,0.000000e+00,0.000000e+00,0.000000e+00,0.000000e+00,0.000000e+00,0.000000e+00,0.000000e+00,0.000000e+00
1.000000e+00,0.000000e+00,0.000000e+00,0.000000e+00,0.000000e+00,0.000000e+00,0.000000e+00,0.000000e+00,0.000000e+00,0.000000e+00,0.000000e+00,0.000000e+00,0.000000e+00,0.000000e+00,0.000000e+00
1.000000e+00,0.000000e+00,0.000000e+00,0.000000e+00,0.000000e+00,0.000000e+00,0.000000e+00,0.000000e+00,0.000000e+00,0.000000e+00,0.000000e+00,0.000000e+00,0.000000e+00,0.000000e+00,0.000000e+00
1.000000e+00,0.000000e+00,0.000000e+00,0.000000e+00,0.000000e+00,0.000000e+00,0.000000e+00,0.000000e+00,0.000000e+00,0.000000e+00,0.000000e+00,0.000000e+00,0.000000e+00,0.000000e+00,0.000000e+00
1.000000e+00,0.000000e+00,0.000000e+00,0.000000e+00,0.000000e+00,0.000000e+00,0.000000e+00,0.000000e+00,0.000000e+00,0.000000e+00,0.000000e+00,0.000000e+00,0.000000e+00,0.000000e+00,0.000000e+00
1.000000e+00,0.000000e+00,0.000000e+00,0.000000e+00,0.000000e+00,0.000000e+00,0.000000e+00,0.000000e+00,0.000000e+00,0.000000e+00,0.000000e+00,0.000000e+00,0.000000e+00,0.000000e+00,0.000000e+00
1.000000e+00,0.000000e+00,0.000000e+00,0.000000e+00,0.000000e+00,0.000000e+00,0.000000e+00,0.000000e+00,0.000000e+00,0.000000e+00,0.000000e+00,0.000000e+00,0.000000e+00,0.000000e+00,0.000000e+00
1.000000e+00,0.000000e+00,0.000000e+00,0.000000e+00,0.000000e+00,0.000000e+00,0.000000e+00,0.000000e+00,0.000000e+00,0.000000e+00,0.000000e+00,0.000000e+00,0.000000e+00,0.000000e+00,0.000000e+00
1.000000e+00,0.000000e+00,0.000000e+00,0.000000e+00,0.000000e+00,0.000000e+00,0.000000e+00,0.000000e+00,0.000000e+00,0.000000e+00,0.000000e+00,0.000000e+00,0.000000e+00,0.000000e+00,0.000000e+00
1.000000e+00,0.000000e+00,0.000000e+00,0.000000e+00,0.000000e+00,0.000000e+00,0.000000e+00,0.000000e+00,0.000000e+00,0.000000e+00,0.000000e+00,0.000000e+00,0.000000e+00,0.000000e+00,0.000000e+00
1.000000e+00,0.000000e+00,0.000000e+00,0.000000e+00,0.000000e+00,0.000000e+00,0.000000e+00,0.000000e+00,0.000000e+00,0.000000e+00,0.000000e+00,0.000000e+00,0.000000e+00,0.000000e+00,0.000000e+00
1.000000e+00,0.000000e+00,0.000000e+00,0.000000e+00,0.000000e+00,0.000000e+00,0.000000e+00,0.000000e+00,0.000000e+00,0.000000e+00,0.000000e+00,0.000000e+00,0.000000e+00,0.000000e+00,0.000000e+00
1.000000e+00,0.000000e+00,0.000000e+00,0.000000e+00,0.000000e+00,0.000000e+00,0.000000e+00,0.000000e+00,0.000000e+00,0.000000e+00,0.000000e+00,0.000000e+00,0.000000e+00,0.000000e+00,0.000000e+00
1.000000e+00,0.000000e+00,0.000000e+00,0.000000e+00,0.000000e+00,0.000000e+00,0.000000e+00,0.000000e+00,0.000000e+00,0.000000e+00,0.000000e+00,0.000000e+00,0.000000e+00,0.000000e+00,0.000000e+00
1.000000e+00,0.000000e+00,0.000000e+00,0.000000e+00,0.000000e+00,0.000000e+00,0.000000e+00,0.000000e+00,0.000000e+00,0.000000e+00,0.000000e+00,0.000000e+00,0.000000e+00,0.000000e+00,0.000000e+00
1.000000e+00,0.000000e+00,0.000000e+00,0.000000e+00,0.000000e+00,0.000000e+00,0.000000e+00,0.000000e+00,0.000000e+00,0.000000e+00,0.000000e+00,0.000000e+00,0.000000e+00,0.000000e+00,0.000000e+00
1.000000e+00,0.000000e+00,0.000000e+00,0.000000e+00,0.000000e+00,0.000000e+00,0.000000e+00,0.000000e+00,0.000000e+00,0.000000e+00,0.000000e+00,0.000000e+00,0.000000e+00,0.000000e+00,0.000000e+00
1.000000e+00,0.000000e+00,0.000000e+00,0.000000e+00,0.000000e+00,0.000000e+00,0.000000e+00,0.000000e+00,0.000000e+00,0.000000e+00,0.000000e+00,0.000000e+00,0.000000e+00,0.000000e+00,0.000000e+00
1.000000e+00,0.000000e+00,0.000000e+00,0.000000e+00,0.000000e+00,0.000000e+00,0.000000e+00,0.000000e+00,0.000000e+00,0.000000e+00,0.000000e+00,0.000000e+00,0.000000e+00,0.000000e+00,0.000000e+00
1.000000e+00,0.000000e+00,0.000000e+00,0.000000e+00,0.000000e+00,0.000000e+00,0.000000e+00,0.000000e+00,0.000000e+00,0.000000e+00,0.000000e+00,0.000000e+00,0.000000e+00,0.000000e+00,0.000000e+00
1.000000e+00,0.000000e+00,0.000000e+00,0.000000e+00,0.000000e+00,0.000000e+00,0.000000e+00,0.000000e+00,0.000000e+00,0.000000e+00,0.000000e+00,0.000000e+00,0.000000e+00,0.000000e+00,0.000000e+00
1.000000e+00,0.000000e+00,0.000000e+00,0.000000e+00,0.000000e+00,0.000000e+00,0.000000e+00,0.000000e+00,0.000000e+00,0.000000e+00,0.000000e+00,0.000000e+00,0.000000e+00,0.000000e+00,0.000000e+00
1.000000e+00,0.000000e+00,0.000000e+00,0.000000e+00,0.000000e+00,0.000000e+00,0.000000e+00,0.000000e+00,0.000000e+00,0.000000e+00,0.000000e+00,0.000000e+00,0.000000e+00,0.000000e+00,0.000000e+00
1.000000e+00,0.000000e+00,0.000000e+00,0.000000e+00,0.000000e+00,0.000000e+00,0.000000e+00,0.000000e+00,0.000000e+00,0.000000e+00,0.000000e+00,0.000000e+00,0.000000e+00,0.000000e+00,0.000000e+00
1.000000e+00,0.000000e+00,0.000000e+00,0.000000e+00,0.000000e+00,0.000000e+00,0.000000e+00,0.000000e+00,0.000000e+00,0.000000e+00,0.000000e+00,0.000000e+00,0.000000e+00,0.000000e+00,0.000000e+00
1.000000e+00,0.000000e+00,0.000000e+00,0.000000e+00,0.000000e+00,0.000000e+00,0.000000e+00,0.000000e+00,0.000000e+00,0.000000e+00,0.000000e+00,0.000000e+00,0.000000e+00,0.000000e+00,0.000000e+00
1.000000e+00,0.000000e+00,0.000000e+00,0.000000e+00,0.000000e+00,0.000000e+00,0.000000e+00,0.000000e+00,0.000000e+00,0.000000e+00,0.000000e+00,0.000000e+00,0.000000e+00,0.000000e+00,0.000000e+00
1.000000e+00,0.000000e+00,0.000000e+00,0.000000e+00,0.000000e+00,0.000000e+00,0.000000e+00,0.000000e+00,0.000000e+00,0.000000e+00,0.000000e+00,0.000000e+00,0.000000e+00,0.000000e+00,0.000000e+00
1.000000e+00,0.000000e+00,0.000000e+00,0.000000e+00,0.000000e+00,0.000000e+00,0.000000e+00,0.000000e+00,0.000000e+00,0.000000e+00,0.000000e+00,0.000000e+00,0.000000e+00,0.000000e+00,0.000000e+00
1.000000e+00,0.000000e+00,0.000000e+00,0.000000e+00,0.000000e+00,0.000000e+00,0.000000e+00,0.000000e+00,0.000000e+00,0.000000e+00,0.000000e+00,0.000000e+00,0.000000e+00,0.000000e+00,0.000000e+00
1.000000e+00,0.000000e+00,0.000000e+00,0.000000e+00,0.000000e+00,0.000000e+00,0.000000e+00,0.000000e+00,0.000000e+00,0.000000e+00,0.000000e+00,0.000000e+00,0.000000e+00,0.000000e+00,0.000000e+00
1.000000e+00,0.000000e+00,0.000000e+00,0.000000e+00,0.000000e+00,0.000000e+00,0.000000e+00,0.000000e+00,0.000000e+00,0.000000e+00,0.000000e+00,0.000000e+00,0.000000e+00,0.000000e+00,0.000000e+00
1.000000e+00,0.000000e+00,0.000000e+00,0.000000e+00,0.000000e+00,0.000000e+00,0.000000e+00,0.000000e+00,0.000000e+00,0.000000e+00,0.000000e+00,0.000000e+00,0.000000e+00,0.000000e+00,0.000000e+00
1.000000e+00,0.000000e+00,0.000000e+00,0.000000e+00,0.000000e+00,0.000000e+00,0.000000e+00,0.000000e+00,0.000000e+00,0.000000e+00,0.000000e+00,0.000000e+00,0.000000e+00,0.000000e+00,0.000000e+00
1.000000e+00,0.000000e+00,0.000000e+00,0.000000e+00,0.000000e+00,0.000000e+00,0.000000e+00,0.000000e+00,0.000000e+00,0.000000e+00,0.000000e+00,0.000000e+00,0.000000e+00,0.000000e+00,0.000000e+00
1.000000e+00,0.000000e+00,0.000000e+00,0.000000e+00,0.000000e+00,0.000000e+00,0.000000e+00,0.000000e+00,0.000000e+00,0.000000e+00,0.000000e+00,0.000000e+00,0.000000e+00,0.000000e+00,0.000000e+00
1.000000e+00,0.000000e+00,0.000000e+00,0.000000e+00,0.000000e+00,0.000000e+00,0.000000e+00,0.000000e+00,0.000000e+00,0.000000e+00,0.000000e+00,0.000000e+00,0.000000e+00,0.000000e+00,0.000000e+00
1.000000e+00,0.000000e+00,0.000000e+00,0.000000e+00,0.000000e+00,0.000000e+00,0.000000e+00,0.000000e+00,0.000000e+00,0.000000e+00,0.000000e+00,0.000000e+00,0.000000e+00,0.000000e+00,0.000000e+00
1.000000e+00,0.000000e+00,0.000000e+00,0.000000e+00,0.000000e+00,0.000000e+00,0.000000e+00,0.000000e+00,0.000000e+00,0.000000e+00,0.000000e+00,0.000000e+00,0.000000e+00,0.000000e+00,0.000000e+00
1.000000e+00,0.000000e+00,0.000000e+00,0.000000e+00,0.000000e+00,0.000000e+00,0.000000e+00,0.000000e+00,0.000000e+00,0.000000e+00,0.000000e+00,0.000000e+00,0.000000e+00,0.000000e+00,0.000000e+00
1.000000e+00,0.000000e+00,0.000000e+00,0.000000e+00,0.000000e+00,0.000000e+00,0.000000e+00,0.000000e+00,0.000000e+00,0.000000e+00,0.000000e+00,0.000000e+00,0.000000e+00,0.000000e+00,0.000000e+00
1.000000e+00,0.000000e+00,0.000000e+00,0.000000e+00,0.000000e+00,0.000000e+00,0.000000e+00,0.000000e+00,0.000000e+00,0.000000e+00,0.000000e+00,0.000000e+00,0.000000e+00,0.000000e+00,0.000000e+00
1.000000e+00,0.000000e+00,0.000000e+00,0.000000e+00,0.000000e+00,0.000000e+00,0.000000e+00,0.000000e+00,0.000000e+00,0.000000e+00,0.000000e+00,0.000000e+00,0.000000e+00,0.000000e+00,0.000000e+00
1.000000e+00,0.000000e+00,0.000000e+00,0.000000e+00,0.000000e+00,0.000000e+00,0.000000e+00,0.000000e+00,0.000000e+00,0.000000e+00,0.000000e+00,0.000000e+00,0.000000e+00,0.000000e+00,0.000000e+00
1.000000e+00,0.000000e+00,0.000000e+00,0.000000e+00,0.000000e+00,0.000000e+00,0.000000e+00,0.000000e+00,0.000000e+00,0.000000e+00,0.000000e+00,0.000000e+00,0.000000e+00,0.000000e+00,0.000000e+00
1.000000e+00,0.000000e+00,0.000000e+00,0.000000e+00,0.000000e+00,0.000000e+00,0.000000e+00,0.000000e+00,0.000000e+00,0.000000e+00,0.000000e+00,0.000000e+00,0.000000e+00,0.000000e+00,0.000000e+00
1.000000e+00,0.000000e+00,0.000000e+00,0.000000e+00,0.000000e+00,0.000000e+00,0.000000e+00,0.000000e+00,0.000000e+00,0.000000e+00,0.000000e+00,0.000000e+00,0.000000e+00,0.000000e+00,0.000000e+00
1.000000e+00,0.000000e+00,0.000000e+00,0.000000e+00,0.000000e+00,0.000000e+00,0.000000e+00,0.000000e+00,0.000000e+00,0.000000e+00,0.000000e+00,0.000000e+00,0.000000e+00,0.000000e+00,0.000000e+00
1.000000e+00,0.000000e+00,0.000000e+00,0.000000e+00,0.000000e+00,0.000000e+00,0.000000e+00,0.000000e+00,0.000000e+00,0.000000e+00,0.000000e+00,0.000000e+00,0.000000e+00,0.000000e+00,0.000000e+00
1.000000e+00,0.000000e+00,0.000000e+00,0.000000e+00,0.000000e+00,0.000000e+00,0.000000e+00,0.000000e+00,0.000000e+00,0.000000e+00,0.000000e+00,0.000000e+00,0.000000e+00,0.000000e+00,0.000000e+00
1.000000e+00,0.000000e+00,0.000000e+00,0.000000e+00,0.000000e+00,0.000000e+00,0.000000e+00,0.000000e+00,0.000000e+00,0.000000e+00,0.000000e+00,0.000000e+00,0.000000e+00,0.000000e+00,0.000000e+00
1.000000e+00,0.000000e+00,0.000000e+00,0.000000e+00,0.000000e+00,0.000000e+00,0.000000e+00,0.000000e+00,0.000000e+00,0.000000e+00,0.000000e+00,0.000000e+00,0.000000e+00,0.000000e+00,0.000000e+00
1.000000e+00,0.000000e+00,0.000000e+00,0.000000e+00,0.000000e+00,0.000000e+00,0.000000e+00,0.000000e+00,0.000000e+00,0.000000e+00,0.000000e+00,0.000000e+00,0.000000e+00,0.000000e+00,0.000000e+00
1.000000e+00,0.000000e+00,0.000000e+00,0.000000e+00,0.000000e+00,0.000000e+00,0.000000e+00,0.000000e+00,0.000000e+00,0.000000e+00,0.000000e+00,0.000000e+00,0.000000e+00,0.000000e+00,0.000000e+00
1.000000e+00,0.000000e+00,0.000000e+00,0.000000e+00,0.000000e+00,0.000000e+00,0.000000e+00,0.000000e+00,0.000000e+00,0.000000e+00,0.000000e+00,0.000000e+00,0.000000e+00,0.000000e+00,0.000000e+00
1.000000e+00,0.000000e+00,0.000000e+00,0.000000e+00,0.000000e+00,0.000000e+00,0.000000e+00,0.000000e+00,0.000000e+00,0.000000e+00,0.000000e+00,0.000000e+00,0.000000e+00,0.000000e+00,0.000000e+00
1.000000e+00,0.000000e+00,0.000000e+00,0.000000e+00,0.000000e+00,0.000000e+00,0.000000e+00,0.000000e+00,0.000000e+00,0.000000e+00,0.000000e+00,0.000000e+00,0.000000e+00,0.000000e+00,0.000000e+00
4.260441e-01,1.343340e-01,1.157454e-02,1.119314e-01,3.373735e-03,1.231568e-02,2.481560e-03,5.038786e-03,2.968673e-02,5.607181e-02,5.958692e-03,1.406566e-02,1.378574e-02,4.189719e-03,1.691479e-01
3.074729e-01,1.273377e-01,1.812904e-02,2.151064e-01,3.139285e-03,1.013473e-02,1.968359e-03,4.153941e-03,4.596454e-02,4.566562e-02,7.072140e-03,1.216710e-02,1.405537e-02,4.122364e-03,1.835104e-01
2.231372e-01,9.780103e-02,2.284649e-02,1.651647e-01,2.520474e-03,8.387800e-03,1.448510e-03,3.155973e-03,4.147336e-02,4.013442e-02,9.596045e-03,9.095459e-03,1.099953e-02,1.329553e-02,3.509435e-01
1.582592e-01,7.858849e-02,2.873929e-02,1.631535e-01,2.404536e-03,8.006131e-03,1.303862e-03,2.548913e-03,7.472745e-02,4.144833e-02,8.063830e-03,7.707021e-03,1.150098e-02,1.229166e-02,4.012569e-01
1.224176e-01,6.579074e-02,5.671243e-02,1.309725e-01,3.614038e-03,1.089472e-02,1.472861e-03,2.238909e-03,9.353863e-02,4.559727e-02,1.529349e-02,9.308482e-03,1.253163e-02,4.050431e-02,3.891124e-01
9.200465e-02,7.701375e-02,4.088766e-02,9.709716e-02,3.380461e-03,9.298722e-03,1.181469e-03,1.694684e-03,1.788355e-01,4.538430e-02,1.447467e-02,8.551541e-03,1.560263e-02,6.638309e-02,3.482097e-01
7.625343e-02,8.417276e-02,2.892092e-02,7.223301e-02,3.710204e-03,7.904779e-03,9.100052e-04,1.253128e-03,2.915003e-01,3.986270e-02,1.340949e-02,7.209520e-03,1.509519e-02,8.183236e-02,2.757323e-01
5.537874e-02,8.918434e-02,2.029075e-02,5.459034e-02,2.891477e-03,7.958922e-03,6.588240e-04,9.299091e-04,4.170995e-01,3.009589e-02,1.200807e-02,5.695147e-03,1.459542e-02,6.996743e-02,2.186553e-01
3.927165e-02,1.397507e-01,1.427368e-02,3.998245e-02,2.607096e-03,7.800519e-03,4.737233e-04,6.633596e-04,4.745627e-01,2.199920e-02,1.058408e-02,4.183917e-03,1.251953e-02,5.209941e-02,1.792279e-01
2.874251e-02,1.957097e-01,1.009655e-02,3.292653e-02,3.472765e-03,9.167182e-03,3.598674e-04,5.466875e-04,5.036930e-01,1.701516e-02,8.317905e-03,3.085254e-03,1.182472e-02,4.083074e-02,1.342115e-01
2.105794e-02,2.796821e-01,7.109510e-03,2.665642e-02,3.132424e-03,7.960495e-03,2.631343e-04,4.288718e-04,4.851009e-01,1.449398e-02,6.355690e-03,2.236088e-03,9.384794e-03,3.147273e-02,1.046649e-01
1.520966e-02,2.852590e-01,5.013923e-03,2.203412e-02,3.489534e-03,9.400763e-03,2.123951e-04,3.673946e-04,5.284540e-01,1.364022e-02,5.581677e-03,1.706870e-03,7.368125e-03,2.340670e-02,7.885569e-02
1.089002e-02,2.574254e-01,3.521062e-03,2.206863e-02,2.701618e-03,1.118192e-02,1.549500e-04,2.831693e-04,5.942551e-01,1.101990e-02,4.404560e-03,1.329374e-03,5.851373e-03,1.681159e-02,5.810142e-02
8.400609e-03,2.193794e-01,2.482367e-03,2.105481e-02,2.651757e-03,1.669944e-02,1.182651e-04,2.349747e-04,6.482819e-01,9.050006e-03,3.703032e-03,1.112843e-03,4.536379e-03,1.235769e-02,4.993656e-02
6.651871e-03,1.722551e-01,1.746777e-03,1.836887e-02,2.956387e-03,2.759433e-02,1.011922e-04,2.465323e-04,7.084028e-01,6.894489e-03,3.294193e-03,1.106787e-03,3.843635e-03,9.458180e-03,3.707896e-02
5.413223e-03,1.393396e-01,1.296392e-03,2.143952e-02,4.973245e-03,2.656893e-02,1.375562e-04,1.063110e-03,7.416779e-01,6.018274e-03,4.267405e-03,1.371309e-03,9.578276e-03,8.135779e-03,2.871945e-02
5.108905e-03,1.055218e-01,1.035741e-03,1.979670e-02,1.159977e-02,2.256344e-02,2.955642e-04,2.085522e-03,7.509639e-01,6.795892e-03,6.028088e-03,1.897483e-03,2.813738e-02,7.300612e-03,3.086923e-02
6.793867e-03,1.058540e-01,1.394872e-03,2.572313e-02,1.492908e-02,2.292774e-02,3.776661e-04,5.889881e-03,7.252323e-01,5.806634e-03,6.727139e-03,2.221556e-03,4.148998e-02,5.788506e-03,2.884356e-02
5.770533e-03,9.482042e-02,1.590959e-03,2.108432e-02,1.358704e-02,2.826783e-02,4.699181e-04,1.619224e-02,7.423411e-01,4.394151e-03,5.305512e-03,1.851718e-03,3.677439e-02,4.210093e-03,2.333971e-02
5.382267e-03,7.474054e-02,9.580482e-03,1.731121e-02,1.526251e-02,3.645902e-02,6.401767e-04,8.027850e-02,6.918234e-01,3.274355e-03,4.226175e-03,1.413016e-03,3.447001e-02,3.112370e-03,2.202600e-02
5.528278e-03,6.400926e-02,9.455430e-03,1.877021e-02,2.800385e-02,4.506082e-02,1.044132e-03,6.901858e-02,7.066532e-01,3.217214e-03,3.071314e-03,1.034813e-03,2.463840e-02,2.288543e-03,1.820591e-02
8.789921e-03,6.142012e-02,9.486569e-03,2.526467e-02,5.041243e-02,5.439436e-02,2.096264e-03,6.977816e-02,6.791811e-01,2.683987e-03,2.234875e-03,7.688323e-04,1.746104e-02,1.675542e-03,1.435208e-02
1.497030e-02,7.247236e-02,1.928590e-02,7.810374e-02,5.528883e-02,6.623903e-02,2.773476e-03,1.181265e-01,5.385987e-01,3.667863e-03,1.866902e-03,6.123770e-04,1.266229e-02,1.279361e-03,1.405239e-02
3.295709e-02,8.276629e-02,1.641192e-02,9.153156e-02,7.628989e-02,7.665762e-02,3.268383e-03,1.235909e-01,4.488840e-01,6.462692e-03,1.635965e-03,5.172138e-04,9.855966e-03,1.024158e-03,2.814643e-02
3.423689e-02,1.057183e-01,1.496455e-02,1.387309e-01,6.686865e-02,8.315241e-02,2.975712e-03,1.576184e-01,3.440955e-01,7.650433e-03,1.699625e-03,4.368019e-04,7.802973e-03,7.518504e-04,3.329697e-02
2.943666e-02,1.397752e-01,1.259762e-02,1.215861e-01,5.362963e-02,7.649920e-02,2.608778e-03,1.828533e-01,3.043116e-01,9.231983e-03,1.878174e-03,3.901619e-04,9.296620e-03,5.785447e-04,5.532643e-02
3.175706e-02,1.533262e-01,1.151384e-02,1.038431e-01,4.587357e-02,7.236888e-02,2.610671e-03,2.498568e-01,2.493716e-01,8.450563e-03,1.858145e-03,3.609879e-04,8.417398e-03,4.484121e-04,5.994271e-02
2.732660e-02,1.125501e-01,1.250453e-02,8.424018e-02,3.765648e-02,5.968291e-02,2.391320e-03,4.223751e-01,1.833349e-01,6.091614e-03,1.634586e-03,2.997757e-04,6.092918e-03,3.274718e-04,4.349158e-02
2.273118e-02,8.115819e-02,1.177660e-02,6.227146e-02,3.257212e-02,4.541978e-02,2.689794e-03,5.676986e-01,1.316380e-01,4.496100e-03,1.367265e-03,2.370270e-04,4.621235e-03,2.413332e-04,3.108126e-02
2.296078e-02,6.427153e-02,1.378993e-02,4.825675e-02,3.206551e-02,4.026002e-02,3.514386e-03,6.417235e-01,9.888875e-02,4.021304e-03,1.242339e-03,2.345995e-04,3.961324e-03,2.291831e-04,2.458014e-02
2.763942e-02,7.062738e-02,1.723091e-02,3.740055e-02,3.395046e-02,3.256065e-02,4.148316e-03,6.525031e-01,9.372935e-02,3.395388e-03,1.135388e-03,3.795644e-04,4.034342e-03,3.771745e-04,2.088808e-02
3.152781e-02,7.097282e-02,2.350327e-02,2.952321e-02,3.120596e-02,2.617851e-02,4.888393e-03,6.701968e-01,8.073656e-02,3.322383e-03,1.280678e-03,7.960109e-04,3.928448e-03,4.747355e-04,2.146449e-02
7.691213e-02,6.993745e-02,3.313721e-02,2.630238e-02,2.783828e-02,2.099943e-02,6.217225e-03,6.197658e-01,7.950503e-02,5.428595e-03,1.626144e-03,1.553262e-03,4.426656e-03,5.786669e-04,2.577177e-02
2.078853e-01,7.050185e-02,3.586415e-02,2.637051e-02,2.235300e-02,1.682038e-02,5.629612e-03,4.694608e-01,7.615864e-02,1.012035e-02,3.505290e-03,3.929964e-03,6.026005e-03,1.099328e-03,4.427490e-02
2.574983e-01,5.983663e-02,3.923728e-02,3.828095e-02,1.734158e-02,1.424275e-02,4.580074e-03,3.706348e-01,7.398019e-02,2.563103e-02,8.223276e-03,9.379255e-03,9.836298e-03,1.462239e-03,6.983546e-02
3.326037e-01,5.102606e-02,3.142238e-02,3.925950e-02,1.362520e-02,1.284857e-02,3.953519e-03,2.698720e-01,8.314547e-02,3.091433e-02,9.515511e-03,1.528886e-02,1.765675e-02,1.426986e-03,8.744124e-02
3.731493e-01,4.283186e-02,2.562023e-02,3.875066e-02,1.126733e-02,1.236060e-02,3.558711e-03,1.999457e-01,9.237479e-02,2.932431e-02,1.242283e-02,2.384910e-02,3.620823e-02,1.761578e-03,9.657480e-02
3.568040e-01,3.518897e-02,2.504078e-02,5.723926e-02,9.415727e-03,1.197550e-02,2.854432e-03,1.646971e-01,8.955450e-02,2.727121e-02,2.317977e-02,2.240079e-02,7.209897e-02,3.940347e-03,9.833866e-02
2.652293e-01,2.608199e-02,1.882158e-02,4.348516e-02,8.127412e-03,9.932864e-03,2.208884e-03,2.055262e-01,1.000336e-01,2.020259e-02,5.468409e-02,2.737227e-02,1.364928e-01,4.755592e-03,7.704563e-02
1.921179e-01,1.886610e-02,1.446670e-02,3.151715e-02,6.131247e-03,7.822048e-03,1.762759e-03,3.456838e-01,8.081055e-02,1.488255e-02,6.576122e-02,2.435796e-02,1.339823e-01,3.750435e-03,5.808733e-02
1.363893e-01,1.386233e-02,1.323115e-02,2.247089e-02,4.722563e-03,6.131509e-03,1.850347e-03,4.956009e-01,6.540799e-02,1.072023e-02,5.348046e-02,2.063179e-02,1.069119e-01,2.924125e-03,4.566458e-02
9.659412e-02,1.022283e-02,1.277852e-02,1.655481e-02,3.549308e-03,4.841874e-03,1.803136e-03,6.182057e-01,4.968555e-02,7.757081e-03,4.019004e-02,1.885047e-02,8.335429e-02,2.275030e-03,3.333731e-02
7.128052e-02,1.106319e-02,1.236101e-02,1.220979e-02,4.409267e-03,4.126189e-03,1.438777e-03,6.611825e-01,8.625637e-02,5.505414e-03,2.961671e-02,1.395293e-02,6.008345e-02,1.944601e-03,2.456937e-02
5.430615e-02,1.250727e-02,9.805149e-03,8.939900e-03,5.686156e-03,5.463778e-03,1.139799e-03,6.149375e-01,1.790032e-01,3.996808e-03,2.253533e-02,1.031356e-02,4.920569e-02,1.815529e-03,2.034426e-02
4.466593e-02,1.073009e-02,8.281453e-03,7.474648e-03,8.730458e-03,7.330728e-03,9.217589e-04,6.251892e-01,1.991493e-01,2.950289e-03,1.641102e-02,7.627525e-03,4.238888e-02,1.705324e-03,1.644345e-02
3.995613e-02,1.081400e-02,8.895971e-03,6.779246e-03,1.355054e-02,9.613987e-03,8.426355e-04,6.431367e-01,1.885138e-01,2.393801e-03,1.177042e-02,5.721599e-03,4.372695e-02,1.371664e-03,1.291257e-02
3.722455e-02,8.866590e-03,7.163492e-03,5.265335e-03,1.291684e-02,9.414994e-03,7.641236e-04,6.992091e-01,1.587790e-01,1.758391e-03,8.398687e-03,4.195694e-03,3.517843e-02,1.014189e-03,9.850665e-03
3.191515e-02,7.520548e-03,6.210945e-03,4.981984e-03,1.236051e-02,7.206753e-03,6.331601e-04,7.613831e-01,1.216372e-01,1.476211e-03,6.390485e-03,3.611686e-03,2.640778e-02,7.897211e-04,7.474767e-03
3.426261e-02,6.676974e-03,9.147678e-03,5.558869e-03,9.761849e-03,9.981919e-03,5.705224e-04,7.693474e-01,9.427992e-02,1.447077e-03,1.375582e-02,1.322039e-02,2.348645e-02,7.572027e-04,7.745331e-03
3.434378e-02,5.640177e-03,1.024434e-02,5.034839e-03,7.881338e-03,1.256290e-02,5.937429e-04,7.992603e-01,7.031920e-02,1.359835e-03,1.231263e-02,1.205051e-02,1.826371e-02,5.855949e-04,9.547164e-03
1.293778e-01,6.799564e-03,1.047088e-02,6.846306e-03,6.707624e-03,4.046170e-02,1.154102e-03,6.495268e-01,6.705827e-02,1.536646e-03,1.452964e-02,1.419452e-02,3.718754e-02,6.228888e-04,1.352563e-02
1.116036e-01,6.447345e-03,1.029737e-02,1.301822e-02,6.263692e-03,8.725739e-02,2.352715e-03,4.613644e-01,5.271336e-02,2.061161e-03,1.266680e-02,1.324542e-02,2.008127e-01,5.604656e-04,1.933531e-02
9.533165e-02,5.189194e-03,8.080919e-03,1.206032e-02,5.545152e-03,7.231075e-02,2.575792e-03,3.252401e-01,4.304017e-02,1.891386e-03,1.083418e-02,1.123517e-02,3.637689e-01,5.386033e-04,4.235768e-02
6.746727e-02,3.740956e-03,6.111227e-03,9.235616e-03,4.374881e-03,5.593219e-02,2.665889e-03,2.278902e-01,3.229421e-02,1.575285e-03,9.710249e-03,1.304199e-02,5.088713e-01,4.091100e-04,5.667962e-02
4.776078e-02,2.794487e-03,4.741118e-03,7.075835e-03,3.515751e-03,4.289323e-02,2.678872e-03,1.595941e-01,2.463314e-02,1.496529e-03,8.493254e-03,1.630213e-02,6.066113e-01,3.097889e-04,7.109971e-02
3.456351e-02,2.250232e-03,4.261988e-03,5.307383e-03,2.900253e-03,3.254762e-02,2.775504e-03,1.118297e-01,1.944707e-02,4.586486e-03,1.052584e-02,2.717992e-02,5.908279e-01,2.996725e-04,1.506968e-01
2.481853e-02,1.828571e-03,3.858859e-03,3.888583e-03,2.493244e-03,2.458627e-02,3.611888e-03,7.832449e-02,1.533642e-02,6.366601e-03,1.081359e-02,3.122444e-02,5.754051e-01,3.113468e-04,2.171321e-01
1.774435e-02,1.385049e-03,2.945604e-03,2.832720e-03,2.191474e-03,1.789748e-02,4.348005e-03,5.484967e-02,1.149300e-02,1.049518e-02,9.157138e-03,3.028174e-02,6.213133e-01,4.094116e-04,2.126558e-01
1.255329e-02,1.163340e-03,2.320406e-03,2.029258e-03,2.212486e-03,1.287631e-02,3.331224e-03,3.840551e-02,8.636815e-03,1.509529e-02,6.854960e-03,2.837952e-02,5.999478e-01,4.339434e-04,2.657599e-01
8.916190e-03,1.556103e-03,3.052424e-03,1.513681e-03,2.420145e-03,9.601715e-03,2.468611e-03,2.690498e-02,6.869550e-03,1.607334e-02,5.180264e-03,3.011035e-02,5.790059e-01,4.720883e-04,3.058547e-01
6.388414e-03,1.362646e-03,4.164891e-03,1.275403e-03,1.932290e-03,7.334969e-03,2.284524e-03,1.899580e-02,5.322410e-03,1.928468e-02,3.919147e-03,2.764419e-02,4.531960e-01,4.895110e-04,4.464051e-01
4.636813e-03,1.049701e-03,3.736786e-03,1.128086e-03,1.521869e-03,5.514023e-03,2.140195e-03,1.377651e-02,4.210978e-03,1.703246e-02,2.979786e-03,2.298022e-02,3.300760e-01,5.235696e-04,5.886930e-01
3.472662e-03,1.041225e-03,4.909487e-03,9.460856e-04,1.287621e-03,5.183788e-03,1.947658e-03,1.168382e-02,6.870964e-03,1.827080e-02,2.535032e-03,1.722376e-02,2.330558e-01,6.563206e-04,6.909150e-01
2.747090e-03,7.092841e-03,4.315881e-03,9.387707e-04,1.055378e-03,5.999390e-03,1.380836e-03,8.394075e-03,1.897764e-01,1.382994e-02,1.978996e-03,1.215531e-02,1.632544e-01,4.740674e-04,5.866067e-01
2.441961e-03,1.320193e-02,1.020529e-02,6.661402e-03,1.381325e-03,8.512260e-03,9.913199e-04,6.987719e-03,3.661760e-01,9.964047e-03,1.469678e-03,8.565265e-03,1.143699e-01,3.428978e-04,4.487291e-01
2.977544e-03,3.407745e-02,7.733645e-03,1.317632e-02,2.140467e-03,7.864723e-03,7.585776e-04,4.975583e-03,5.067772e-01,7.748721e-03,1.077845e-03,6.034562e-03,8.033839e-02,2.415419e-04,3.240775e-01
1.938443e-02,5.695247e-02,8.330292e-03,1.568619e-02,2.731637e-02,9.905789e-03,3.079335e-03,6.394298e-03,5.324386e-01,6.119171e-03,8.634070e-04,4.251946e-03,5.675270e-02,1.826165e-04,2.523424e-01
3.698811e-02,6.395984e-02,7.723837e-03,1.995337e-02,4.571383e-02,1.850944e-02,5.611802e-03,1.163164e-02,5.101492e-01,5.077682e-03,7.500887e-04,3.037049e-03,4.054580e-02,2.445891e-04,2.301038e-01
4.041468e-02,5.438948e-02,3.680230e-02,1.199966e-01,5.141358e-02,1.490079e-02,6.583183e-03,2.475085e-02,4.302781e-01,4.594337e-03,7.079338e-04,2.284992e-03,2.915399e-02,2.239219e-04,1.835054e-01
6.443226e-02,4.771925e-02,1.132377e-01,1.384878e-01,4.719340e-02,1.276120e-02,6.537549e-03,2.467548e-02,3.565851e-01,6.399360e-03,7.989249e-04,1.874487e-03,2.140668e-02,3.255524e-04,1.575654e-01
8.560434e-02,5.143628e-02,1.387397e-01,1.281718e-01,4.966611e-02,1.304550e-02,1.424558e-02,2.753172e-02,3.199673e-01,6.891340e-03,1.028008e-03,2.096575e-03,2.271374e-02,3.814934e-04,1.384806e-01
1.059266e-01,6.901496e-02,1.161382e-01,1.191465e-01,6.704393e-02,1.462540e-02,1.579370e-02,2.632773e-02,3.311767e-01,5.666249e-03,9.578365e-04,2.427350e-03,1.870543e-02,3.387390e-04,1.067106e-01
1.014537e-01,7.417928e-02,1.142750e-01,1.113358e-01,7.756367e-02,2.042739e-02,1.629744e-02,3.410150e-02,3.311551e-01,8.103927e-03,1.032784e-03,2.606719e-03,1.465880e-02,3.658663e-04,9.244310e-02
8.748122e-02,6.095387e-02,1.648511e-01,1.398824e-01,1.012431e-01,2.643738e-02,2.305633e-02,3.781360e-02,2.645220e-01,9.064504e-03,1.187255e-03,2.954266e-03,1.155748e-02,2.941116e-04,6.870133e-02
6.234621e-02,4.958050e-02,1.642538e-01,2.728062e-01,7.695287e-02,2.282123e-02,1.658889e-02,2.678606e-02,1.915810e-01,2.709583e-02,2.041800e-02,3.037530e-03,1.029736e-02,2.971299e-04,5.513735e-02
4.365650e-02,3.508797e-02,1.304596e-01,3.994861e-01,5.440947e-02,1.615240e-02,1.166428e-02,1.880144e-02,1.343771e-01,2.046493e-02,7.134072e-02,1.288321e-02,1.220859e-02,3.321279e-04,3.867548e-02
3.057272e-02,2.479070e-02,1.018511e-01,4.601719e-01,3.847050e-02,1.147311e-02,8.249702e-03,1.322983e-02,9.445549e-02,1.687422e-02,8.840608e-02,7.017870e-02,1.337035e-02,7.448262e-04,2.716081e-02
2.141681e-02,1.740606e-02,7.269894e-02,3.294447e-01,2.758412e-02,8.096104e-03,6.187418e-03,9.275028e-03,6.628853e-02,1.426342e-02,2.190102e-01,1.544784e-01,3.352560e-02,1.276521e-03,1.904820e-02
1.500372e-02,1.219489e-02,5.133294e-02,2.310148e-01,1.969980e-02,5.777611e-03,4.419845e-03,6.499344e-03,4.683906e-02,1.027338e-02,1.639865e-01,3.714334e-01,4.705546e-02,1.118227e-03,1.335092e-02
1.051909e-02,8.548386e-03,3.678780e-02,1.618818e-01,1.407951e-02,4.097423e-03,3.232478e-03,4.567560e-03,3.395196e-02,8.050395e-03,1.214426e-01,5.376247e-01,4.476671e-02,1.065611e-03,9.383842e-03
7.393086e-03,5.999761e-03,2.629466e-02,1.134806e-01,1.019802e-02,3.134483e-03,2.433335e-03,3.334005e-03,2.628754e-02,6.100566e-03,9.315594e-02,6.450410e-01,4.964418e-02,8.825760e-04,6.620056e-03
5.201870e-03,4.218725e-03,1.874407e-02,7.950911e-02,7.314113e-03,2.359855e-03,1.827710e-03,2.611893e-03,2.098168e-02,4.754292e-03,7.177415e-02,7.221171e-01,5.325884e-02,6.639414e-04,4.662674e-03
3.767241e-03,2.999457e-03,1.323560e-02,5.568267e-02,7.035035e-03,3.198673e-02,1.451920e-03,2.731404e-03,2.265253e-02,5.749450e-03,5.505844e-02,7.474903e-01,4.637535e-02,4.881584e-04,3.295777e-03
2.896629e-03,2.182242e-03,9.338296e-03,3.902247e-02,6.488790e-03,3.159720e-02,1.062515e-03,2.065000e-03,2.081126e-02,8.284036e-03,4.057479e-02,7.960379e-01,3.688287e-02,4.133403e-04,2.342651e-03
3.614375e-03,2.048442e-03,6.973739e-03,2.740300e-02,1.338950e-02,3.243999e-02,1.524626e-03,5.675835e-03,4.025291e-02,2.063016e-02,3.005830e-02,7.853467e-01,2.863417e-02,3.438350e-04,1.664391e-03
4.503573e-03,1.523776e-03,5.075747e-03,1.920592e-02,2.142659e-02,5.081554e-02,1.589183e-03,5.951189e-03,3.295638e-02,1.627056e-02,2.201043e-02,7.961036e-01,2.114258e-02,2.546008e-04,1.170341e-03
5.301316e-03,1.250236e-03,3.611671e-03,1.347118e-02,2.212251e-02,4.947684e-02,1.237685e-03,4.700470e-03,2.875168e-02,1.237185e-02,1.605160e-02,8.250729e-01,1.555387e-02,1.984571e-04,8.276855e-04
9.297526e-03,3.244914e-03,3.250929e-03,9.513768e-03,3.439108e-02,5.924112e-02,1.449165e-03,4.561880e-03,3.300858e-02,1.217371e-02,1.221381e-02,8.039875e-01,1.273345e-02,2.688110e-04,6.637118e-04
1.507748e-02,9.636508e-03,4.741170e-03,6.993298e-03,4.122693e-02,9.628206e-02,1.863522e-03,5.919661e-03,1.054066e-01,2.416908e-02,1.327083e-02,6.621571e-01,1.054968e-02,1.582000e-03,1.124102e-03
1.986858e-02,1.610863e-02,1.865721e-02,5.799831e-03,3.980403e-02,9.545094e-02,2.979760e-03,1.462040e-02,1.585307e-01,4.333914e-02,1.250035e-02,5.601108e-01,9.044598e-03,1.980522e-03,1.204549e-03
3.384697e-02,2.321359e-02,3.346929e-02,1.238470e-02,4.395614e-02,8.985087e-02,3.267374e-03,2.947671e-02,1.868145e-01,4.518329e-02,1.093149e-02,4.764053e-01,7.279410e-03,1.791411e-03,2.128984e-03
4.020501e-02,4.277975e-02,2.526963e-02,1.134565e-02,6.824812e-02,8.710881e-02,3.863511e-03,2.432265e-02,2.294685e-01,3.900624e-02,1.117607e-02,4.045067e-01,6.815512e-03,1.676484e-03,4.207408e-03
4.451372e-02,4.352251e-02,1.886249e-02,2.105838e-02,1.637468e-01,6.817146e-02,8.936903e-03,1.910417e-02,2.685566e-01,2.931352e-02,1.177505e-02,2.891643e-01,5.711036e-03,1.616659e-03,5.946416e-03
3.944866e-02,3.772993e-02,1.864191e-02,1.284177e-01,1.647730e-01,5.087737e-02,7.825468e-03,2.269679e-02,2.674263e-01,2.355145e-02,9.436817e-03,2.065894e-01,5.209109e-03,1.223739e-03,1.615231e-02
3.953459e-02,3.709681e-02,2.567196e-02,1.960733e-01,1.684434e-01,3.719173e-02,6.781553e-03,3.833501e-02,2.544655e-01,1.974958e-02,7.354239e-03,1.459704e-01,4.231639e-03,9.245424e-04,1.817578e-02
5.648512e-02,8.255020e-02,3.147288e-02,1.590813e-01,1.485552e-01,3.072205e-02,5.428291e-03,3.795010e-02,2.559874e-01,2.459494e-02,6.275917e-03,1.048416e-01,4.066906e-03,1.206676e-03,5.078142e-02
1.069380e-01,8.443496e-02,2.988369e-02,1.358773e-01,1.701111e-01,2.793495e-02,5.362042e-03,3.622949e-02,2.267205e-01,2.474180e-02,6.870280e-03,7.666799e-02,4.305819e-03,1.639373e-03,6.228270e-02
1.482110e-01,1.464491e-01,3.479500e-02,1.050318e-01,1.445182e-01,2.274504e-02,4.586601e-03,3.157435e-02,1.912812e-01,2.462324e-02,6.391237e-03,5.626487e-02,5.742528e-03,3.010723e-03,7.477514e-02
1.209364e-01,1.294415e-01,7.731818e-02,1.380276e-01,1.194248e-01,1.838370e-02,4.182281e-03,3.316198e-02,2.006359e-01,3.100870e-02,5.766439e-03,3.984001e-02,5.734997e-03,2.488199e-03,7.364931e-02
8.986367e-02,1.123250e-01,1.012580e-01,1.231253e-01,9.000883e-02,1.452591e-02,3.132011e-03,2.511206e-02,2.316748e-01,4.704463e-02,1.324701e-02,2.837371e-02,5.448755e-03,3.470178e-03,1.113901e-01
1.303306e-01,9.077328e-02,9.048906e-02,1.057548e-01,8.507778e-02,2.160397e-02,3.746590e-03,2.995351e-02,2.534504e-01,3.932821e-02,1.899322e-02,2.673879e-02,1.155714e-02,3.890393e-03,8.831228e-02
9.756295e-02,7.651187e-02,6.627994e-02,7.787546e-02,6.039514e-02,2.120465e-02,2.735711e-03,2.140277e-02,3.887732e-01,3.832874e-02,4.490256e-02,2.065271e-02,1.189734e-02,4.600022e-03,6.687694e-02
6.939975e-02,5.667562e-02,4.726459e-02,5.516542e-02,4.251467e-02,1.782239e-02,1.956101e-03,1.503854e-02,3.166715e-01,2.380811e-01,5.927417e-02,1.799895e-02,9.659215e-03,4.130094e-03,4.834796e-02
5.266923e-02,4.783451e-02,3.664862e-02,3.993362e-02,3.169362e-02,2.184803e-02,1.623705e-03,1.157013e-02,2.325308e-01,2.509822e-01,1.708049e-01,3.592791e-02,2.318427e-02,5.810686e-03,3.693774e-02
3.900420e-02,3.482477e-02,2.613917e-02,2.844363e-02,2.235418e-02,1.927539e-02,1.313240e-03,8.152169e-03,1.671590e-01,2.612288e-01,2.274256e-01,1.139308e-01,1.832933e-02,5.187102e-03,2.723262e-02
2.911710e-02,2.457322e-02,1.843319e-02,1.998121e-02,1.577333e-02,1.646789e-02,1.077705e-03,5.819861e-03,1.185129e-01,1.894619e-01,2.604721e-01,2.622655e-01,1.453856e-02,4.152754e-03,1.935287e-02
2.118411e-02,1.763309e-02,1.300759e-02,1.402530e-02,1.136127e-02,1.229501e-02,8.350789e-04,4.232233e-03,8.528345e-02,1.365488e-01,2.414710e-01,4.103765e-01,1.401648e-02,3.758208e-03,1.397193e-02
1.494165e-02,1.343074e-02,9.352009e-03,9.832215e-03,8.201660e-03,9.274608e-03,6.970468e-04,3.004799e-03,6.141572e-02,1.001736e-01,3.111784e-01,4.333351e-01,1.211542e-02,3.027411e-03,1.001970e-02
1.097443e-02,1.537377e-02,8.800047e-03,6.941894e-03,1.162301e-02,1.175101e-02,8.709294e-04,3.060008e-03,5.759996e-02,1.079155e-01,2.970884e-01,4.416863e-01,1.155218e-02,7.290627e-03,7.471996e-03
8.021603e-03,3.367425e-02,5.172334e-02,4.996710e-03,1.517149e-02,1.000749e-02,1.636604e-03,4.246729e-03,5.695071e-02,1.465718e-01,2.795589e-01,3.544700e-01,1.139713e-02,1.438050e-02,7.192833e-03
6.935879e-03,3.666795e-02,4.030869e-02,3.623536e-03,1.294045e-02,8.144016e-03,1.707402e-03,4.548340e-03,5.458603e-02,2.105816e-01,2.541678e-01,3.279126e-01,1.023381e-02,2.202594e-02,5.616042e-03
6.315032e-03,3.188029e-02,3.036389e-02,2.615701e-03,1.588158e-02,7.589469e-03,1.735396e-03,5.891478e-03,5.883765e-02,3.242763e-01,2.201360e-01,2.576841e-01,8.263854e-03,2.433239e-02,4.196886e-03
6.403087e-03,4.297195e-02,3.101414e-02,2.050322e-03,1.948535e-02,2.521064e-02,6.126161e-03,1.098063e-02,6.458521e-02,3.763526e-01,1.916653e-01,1.908995e-01,8.847528e-03,1.963348e-02,3.774081e-03
6.480056e-03,5.060258e-02,5.379985e-02,3.528630e-03,2.405071e-02,3.857350e-02,1.405692e-02,1.072191e-01,9.177706e-02,3.075921e-01,1.377346e-01,1.386237e-01,8.188296e-03,1.489563e-02,2.877394e-03
7.365595e-03,6.071883e-02,4.528261e-02,3.753598e-03,4.801229e-02,8.014736e-02,1.115845e-02,1.251828e-01,1.369140e-01,2.501011e-01,1.029428e-01,1.060203e-01,8.299251e-03,1.191784e-02,2.183215e-03
7.772051e-03,4.478078e-02,3.328449e-02,3.240924e-03,9.567502e-02,2.244647e-01,1.130835e-02,9.844370e-02,1.056333e-01,2.036562e-01,7.612332e-02,7.794417e-02,6.877983e-03,9.189122e-03,1.605936e-03
8.171399e-03,3.436517e-02,2.651834e-02,3.217757e-03,1.497452e-01,2.167649e-01,9.570621e-03,1.026671e-01,9.006992e-02,2.249591e-01,5.889424e-02,5.964436e-02,6.266414e-03,7.934950e-03,1.210507e-03
1.107813e-02,3.042439e-02,2.574093e-02,4.091525e-03,1.811017e-01,2.322399e-01,9.380454e-03,1.169689e-01,9.102367e-02,1.794263e-01,5.750575e-02,4.752413e-02,5.599560e-03,6.938968e-03,9.557345e-04
1.304260e-02,2.261684e-02,2.919279e-02,6.142375e-03,1.840620e-01,2.372170e-01,9.425147e-03,1.818624e-01,8.423081e-02,1.385709e-01,4.620569e-02,3.677009e-02,4.517409e-03,5.298709e-03,8.451252e-04
2.771921e-02,1.717046e-02,2.485897e-02,7.609082e-03,1.783817e-01,2.078620e-01,9.940479e-03,1.935270e-01,9.909017e-02,1.162571e-01,6.943882e-02,3.913624e-02,3.932534e-03,4.214967e-03,8.613099e-04
9.504226e-02,1.621024e-02,1.905197e-02,7.410050e-03,1.695595e-01,1.600531e-01,8.194751e-03,1.470555e-01,1.370341e-01,1.114281e-01,8.874935e-02,3.159233e-02,3.453647e-03,4.058926e-03,1.106201e-03
1.140832e-01,1.364080e-02,1.612719e-02,7.595881e-03,2.147541e-01,1.663147e-01,8.009211e-03,1.249748e-01,1.444526e-01,8.961888e-02,6.832871e-02,2.521679e-02,2.716140e-03,3.082642e-03,1.084465e-03
1.117131e-01,1.026734e-02,1.743122e-02,6.705951e-03,2.360849e-01,1.826745e-01,4.178746e-02,1.551358e-01,1.025890e-01,6.364647e-02,4.862899e-02,1.795438e-02,2.113246e-03,2.404825e-03,8.627501e-04
8.714226e-02,7.292826e-03,1.264806e-02,5.315458e-03,2.830563e-01,2.742391e-01,4.133901e-02,1.130368e-01,7.233369e-02,4.606803e-02,3.786387e-02,1.346598e-02,3.076962e-03,1.810575e-03,1.310987e-03
6.553603e-02,5.229848e-03,9.048104e-03,4.109314e-03,2.454762e-01,4.125296e-01,3.572287e-02,7.969209e-02,5.157273e-02,3.285679e-02,3.406031e-02,1.296081e-02,7.543283e-03,1.391279e-03,2.270714e-03
4.691095e-02,3.716785e-03,6.382874e-03,3.777108e-03,1.750969e-01,2.999233e-01,9.734152e-02,5.594391e-02,3.751994e-02,1.888731e-01,4.549401e-02,1.257786e-02,1.313765e-02,1.312006e-03,1.199203e-02
3.336804e-02,2.753462e-03,4.496614e-03,3.979804e-03,1.240318e-01,2.187861e-01,1.739269e-01,3.925808e-02,2.721315e-02,2.313388e-01,5.466568e-02,4.081378e-02,2.111165e-02,1.101763e-03,2.315437e-02
2.509086e-02,2.009902e-03,3.169449e-03,3.978285e-03,8.805662e-02,1.545057e-01,1.860498e-01,2.759188e-02,2.013866e-02,2.687074e-01,4.721310e-02,1.233955e-01,2.704198e-02,1.154276e-03,2.189650e-02
1.809022e-02,1.545456e-03,2.300911e-03,3.544223e-03,6.316715e-02,1.161893e-01,1.482948e-01,1.946396e-02,1.646414e-02,3.781481e-01,4.171387e-02,1.432091e-01,2.919744e-02,1.056180e-03,1.761496e-02
1.315101e-02,1.223010e-03,1.701320e-03,2.697541e-03,4.557525e-02,9.804010e-02,1.080175e-01,1.373188e-02,1.399690e-02,4.499649e-01,4.195294e-02,1.629153e-01,3.179784e-02,1.084366e-03,1.415009e-02
1.517659e-02,1.102318e-03,1.756904e-03,1.970727e-03,3.262808e-02,1.234847e-01,7.606454e-02,1.083606e-02,1.186045e-02,4.924438e-01,5.013712e-02,1.349775e-01,3.518893e-02,1.088445e-03,1.128367e-02
2.760908e-02,1.699882e-03,1.357642e-03,1.487854e-03,2.337301e-02,9.364957e-02,5.369379e-02,7.618523e-03,1.031014e-02,5.048517e-01,4.984138e-02,1.792369e-01,3.525137e-02,9.914620e-04,9.027738e-03
2.440502e-02,7.242985e-03,1.415223e-03,1.216762e-03,1.699180e-02,6.882126e-02,3.776459e-02,5.406811e-03,1.289995e-02,4.396474e-01,6.148905e-02,2.411566e-01,7.159729e-02,1.233018e-03,8.712207e-03
2.155528e-02,9.553231e-03,1.645126e-03,9.732517e-04,1.237843e-02,4.946861e-02,2.654840e-02,3.852352e-03,1.504663e-02,3.718178e-01,5.773195e-02,3.199481e-01,9.648734e-02,1.748871e-03,1.124461e-02
1.814106e-02,8.384000e-03,2.105318e-03,1.361890e-03,1.159406e-02,3.616494e-02,1.868214e-02,3.336090e-03,2.821793e-02,3.496781e-01,7.158986e-02,3.603529e-01,7.868825e-02,2.282705e-03,9.420770e-03
1.574000e-02,8.243660e-03,1.960719e-03,1.552361e-03,1.890070e-02,2.731339e-02,1.317787e-02,2.662070e-03,3.957755e-02,3.669703e-01,1.010801e-01,3.296040e-01,6.212365e-02,3.626212e-03,7.467392e-03
1.388174e-02,9.036798e-03,1.694671e-03,1.526947e-03,1.974662e-02,1.993914e-02,9.368793e-03,2.261715e-03,6.294844e-02,3.712866e-01,9.928292e-02,3.310863e-01,4.864004e-02,3.622227e-03,5.677064e-03
1.425824e-02,9.538022e-03,1.780605e-03,1.514972e-03,2.218981e-02,1.785642e-02,6.959931e-03,2.813601e-03,8.116214e-02,3.248603e-01,8.638290e-02,3.852164e-01,3.719600e-02,3.542961e-03,4.727711e-03
1.474074e-02,1.068820e-02,1.413779e-03,1.573122e-03,1.749981e-02,1.349017e-02,4.936743e-03,3.104748e-03,1.021380e-01,2.905195e-01,9.142284e-02,4.099265e-01,3.137608e-02,3.344554e-03,3.825185e-03
1.546844e-02,2.482620e-02,1.051878e-02,2.402322e-03,2.394765e-02,1.008341e-02,3.776956e-03,1.861820e-02,2.270633e-01,2.280585e-01,7.891980e-02,3.240244e-01,2.591766e-02,3.347715e-03,3.026665e-03
1.600622e-02,1.991607e-02,2.013056e-02,5.748590e-03,4.899634e-02,7.539671e-03,4.862237e-03,5.495107e-02,3.423072e-01,1.633869e-01,5.724056e-02,2.350616e-01,1.908436e-02,2.500567e-03,2.268095e-03
1.271390e-02,1.768186e-02,1.475433e-02,4.446210e-03,4.212845e-02,6.227261e-03,3.619649e-03,4.153311e-02,5.159682e-01,1.152200e-01,4.054017e-02,1.681503e-01,1.356982e-02,1.793556e-03,1.653154e-03
