1.000000e+00,0.000000e+00,0.000000e+00,0.000000e+00,0.000000e+00,0.000000e+00,0.000000e+00,0.000000e+00,0.000000e+00,0.000000e+00,0.000000e+00,0.000000e+00,0.000000e+00,0.000000e+00,0.000000e+00
1.000000e+00,0.000000e+00,0.000000e+00,0.000000e+00,0.000000e+00,0.000000e+00,0.000000e+00,0.000000e+00,0.000000e+00,0.000000e+00,0.000000e+00,0.000000e+00,0.000000e+00,0.000000e+00,0.000000e+00
1.000000e+00,0.000000e+00,0.000000e+00,0.000000e+00,0.000000e+00,0.000000e+00,0.000000e+00,0.000000e+00,0.000000e+00,0.000000e+00,0.000000e+00,0.000000e+00,0.000000e+00,0.000000e+00,0.000000e+00
1.000000e+00,0.000000e+00,0.000000e+00,0.000000e+00,0.000000e+00,0.000000e+00,0.000000e+00,0.000000e+00,0.000000e+00,0.000000e+00,0.000000e+00,0.000000e+00,0.000000e+00,0.000000e+00,0.000000e+00
1.000000e+00,0.000000e+00,0.000000e+00,0.000000e+00,0.000000e+00,0.000000e+00,0.000000e+00,0.000000e+00,0.000000e+00,0.000000e+00,0.000000e+00,0.000000e+00,0.000000e+00,0.000000e+00,0.000000e+00
1.000000e+00,0.000000e+00,0.000000e+00,0.000000e+00,0.000000e+00,0.000000e+00,0.000000e+00,0.000000e+00,0.000000e+00,0.000000e+00,0.000000e+00,0.000000e+00,0.000000e+00,0.000000e+00,0.000000e+00
1.000000e+00,0.000000e+00,0.000000e+00,0.000000e+00,0.000000e+00,0.000000e+00,0.000000e+00,0.000000e+00,0.000000e+00,0.000000e+00,0.000000e+00,0.000000e+00,0.000000e+00,0.000000e+00,0.000000e+00
1.000000e+00,0.000000e+00,0.000000e+00,0.000000e+00,0.000000e+00,0.000000e+00,0.000000e+00,0.000000e+00,0.000000e+00,0.000000e+00,0.000000e+00,0.000000e+00,0.000000e+00,0.000000e+00,0.000000e+00
1.000000e+00,0.000000e+00,0.000000e+00,0.000000e+00,0.000000e+00,0.000000e+00,0.000000e+00,0.000000e+00,0.000000e+00,0.000000e+00,0.000000e+00,0.000000e+00,0.000000e+00,0.000000e+00,0.000000e+00
1.000000e+00,0.000000e+00,0.000000e+00,0.000000e+00,0.000000e+00,0.000000e+00,0.000000e+00,0.000000e+00,0.000000e+00,0.000000e+00,0.000000e+00,0.000000e+00,0.000000e+00,0.000000e+00,0.000000e+00
1.000000e+00,0.000000e+00,0.000000e+00,0.000000e+00,0.000000e+00,0.000000e+00,0.000000e+00,0.000000e+00,0.000000e+00,0.000000e+00,0.000000e+00,0.000000e+00,0.000000e+00,0.000000e+00,0.000000e+00
1.000000e+00,0.000000e+00,0.000000e+00,0.000000e+00,0.000000e+00,0.000000e+00,0.000000e+00,0.000000e+00,0.000000e+00,0.000000e+00,0.000000e+00,0.000000e+00,0.000000e+00,0.000000e+00,0.000000e+00
1.000000e+00,0.000000e+00,0.000000e+00,0.000000e+00,0.000000e+00,0.000000e+00,0.000000e+00,0.000000e+00,0.000000e+00,0.000000e+00,0.000000e+00,0.000000e+00,0.000000e+00,0.000000e+00,0.000000e+00
1.000000e+00,0.000000e+00,0.000000e+00,0.000000e+00,0.000000e+00,0.000000e+00,0.000000e+00,0.000000e+00,0.000000e+00,0.000000e+00,0.000000e+00,0.000000e+00,0.000000e+00,0.000000e+00,0.000000e+00
1.000000e+00,0.000000e+00,0.000000e+00,0.000000e+00,0.000000e+00,0.000000e+00,0.000000e+00,0.000000e+00,0.000000e+00,0.000000e+00,0.000000e+00,0.000000e+00,0.000000e+00,0.000000e+00,0.000000e+00
1.000000e+00,0.000000e+00,0.000000e+00,0.000000e+00,0.000000e+00,0.000000e+00,0.000000e+00,0.000000e+00,0.000000e+00,0.000000e+00,0.000000e+00,0.000000e+00,0.000000e+00,0.000000e+00,0.000000e+00
1.000000e+00,0.000000e+00,0.000000e+00,0.000000e+00,0.000000e+00,0.000000e+00,0.000000e+00,0.000000e+00,0.000000e+00,0.000000e+00,0.000000e+00,0.000000e+00,0.000000e+00,0.000000e+00,0.000000e+00
1.000000e+00,0.000000e+00,0.000000e+00,0.000000e+00,0.000000e+00,0.000000e+00,0.000000e+00,0.000000e+00,0.000000e+00,0.000000e+00,0.000000e+00,0.000000e+00,0.000000e+00,0.000000e+00,0.000000e+00
1.000000e+00,0.000000e+00,0.000000e+00,0.000000e+00,0.000000e+00,0.000000e+00,0.000000e+00,0.000000e+00,0.000000e+00,0.000000e+00,0.000000e+00,0.000000e+00,0.000000e+00,0.000000e+00,0.000000e+00
1.000000e+00,0.000000e+00,0.000000e+00,0.000000e+00,0.000000e+00,0.000000e+00,0.000000e+00,0.000000e+00,0.000000e+00,0.000000e+00,0.000000e+00,0.000000e+00,0.000000e+00,0.000000e+00,0.000000e+00
1.000000e+00,0.000000e+00,0.000000e+00,0.000000e+00,0.000000e+00,0.000000e+00,0.000000e+00,0.000000e+00,0.000000e+00,0.000000e+00,0.000000e+00,0.000000e+00,0.000000e+00,0.000000e+00,0.000000e+00
1.000000e+00,0.000000e+00,0.000000e+00,0.000000e+00,0.000000e+00,0.000000e+00,0.000000e+00,0.000000e+00,0.000000e+00,0.000000e+00,0.000000e+00,0.000000e+00,0.000000e+00,0.000000e+00,0.000000e+00
1.000000e+00,0.000000e+00,0.000000e+00,0.000000e+00,0.000000e+00,0.000000e+00,0.000000e+00,0.000000e+00,0.000000e+00,0.000000e+00,0.000000e+00,0.000000e+00,0.000000e+00,0.000000e+00,0.000000e+00
1.000000e+00,0.000000e+00,0.000000e+00,0.000000e+00,0.000000e+00,0.000000e+00,0.000000e+00,0.000000e+00,0.000000e+00,0.000000e+00,0.000000e+00,0.000000e+00,0.000000e+00,0.000000e+00,0.000000e+00
1.000000e+00,0.000000e+00,0.000000e+00,0.000000e+00,0.000000e+00,0.000000e+00,0.000000e+00,0.000000e+00,0.000000e+00,0.000000e+00,0.000000e+00,0.000000e+00,0.000000e+00,0.000000e+00,0.000000e+00
1.000000e+00,0.000000e+00,0.000000e+00,0.000000e+00,0.000000e+00,0.000000e+00,0.000000e+00,0.000000e+00,0.000000e+00,0.000000e+00,0.000000e+00,0.000000e+00,0.000000e+00,0.000000e+00,0.000000e+00
1.000000e+00,0.000000e+00,0.000000e+00,0.000000e+00,0.000000e+00,0.000000e+00,0.000000e+00,0.000000e+00,0.000000e+00,0.000000e+00,0.000000e+00,0.000000e+00,0.000000e+00,0.000000e+00,0.000000e+00
1.000000e+00,0.000000e+00,0.000000e+00,0.000000e+00,0.000000e+00,0.000000e+00,0.000000e+00,0.000000e+00,0.000000e+00,0.000000e+00,0.000000e+00,0.000000e+00,0.000000e+00,0.000000e+00,0.000000e+00
1.000000e+00,0.000000e+00,0.000000e+00,0.000000e+00,0.000000e+00,0.000000e+00,0.000000e+00,0.000000e+00,0.000000e+00,0.000000e+00,0.000000e+00,0.000000e+00,0.000000e+00,0.000000e+00,0.000000e+00
1.000000e+00,0.000000e+00,0.000000e+00,0.000000e+00,0.000000e+00,0.000000e+00,0.000000e+00,0.000000e+00,0.000000e+00,0.000000e+00,0.000000e+00,0.000000e+00,0.000000e+00,0.000000e+00,0.000000e+00
1.000000e+00,0.000000e+00,0.000000e+00,0.000000e+00,0.000000e+00,0.000000e+00,0.000000e+00,0.000000e+00,0.000000e+00,0.000000e+00,0.000000e+00,0.000000e+00,0.000000e+00,0.000000e+00,0.000000e+00
1.000000e+00,0.000000e+00,0.000000e+00,0.000000e+00,0.000000e+00,0.000000e+00,0.000000e+00,0.000000e+00,0.000000e+00,0.000000e+00,0.000000e+00,0.000000e+00,0.000000e+00,0.000000e+00,0.000000e+00
1.000000e+00,0.000000e+00,0.000000e+00,0.000000e+00,0.000000e+00,0.000000e+00,0.000000e+00,0.000000e+00,0.000000e+00,0.000000e+00,0.000000e+00,0.000000e+00,0.000000e+00,0.000000e+00,0.000000e+00
1.000000e+00,0.000000e+00,0.000000e+00,0.000000e+00,0.000000e+00,0.000000e+00,0.000000e+00,0.000000e+00,0.000000e+00,0.000000e+00,0.000000e+00,0.000000e+00,0.000000e+00,0.000000e+00,0.000000e+00
1.000000e+00,0.000000e+00,0.000000e+00,0.000000e+00,0.000000e+00,0.000000e+00,0.000000e+00,0.000000e+00,0.000000e+00,0.000000e+00,0.000000e+00,0.000000e+00,0.000000e+00,0.000000e+00,0.000000e+00
1.000000e+00,0.000000e+00,0.000000e+00,0.000000e+00,0.000000e+00,0.000000e+00,0.000000e+00,0.000000e+00,0.000000e+00,0.000000e+00,0.000000e+00,0.000000e+00,0.000000e+00,0.000000e+00,0.000000e+00
1.000000e+00,0.000000e+00,0.000000e+00,0.000000e+00,0.000000e+00,0.000000e+00,0.000000e+00,0.000000e+00,0.000000e+00,0.000000e+00,0.000000e+00,0.000000e+00,0.000000e+00,0.000000e+00,0.000000e+00
1.000000e+00,0.000000e+00,0.000000e+00,0.000000e+00,0.000000e+00,0.000000e+00,0.000000e+00,0.000000e+00,0.000000e+00,0.000000e+00,0.000000e+00,0.000000e+00,0.000000e+00,0.000000e+00,0.000000e+00
1.000000e+00,0.000000e+00,0.000000e+00,0.000000e+00,0.000000e+00,0.000000e+00,0.000000e+00,0.000000e+00,0.000000e+00,0.000000e+00,0.000000e+00,0.000000e+00,0.000000e+00,0.000000e+00,0.000000e+00
1.000000e+00,0.000000e+00,0.000000e+00,0.000000e+00,0.000000e+00,0.000000e+00,0.000000e+00,0.000000e+00,0.000000e+00,0.000000e+00,0.000000e+00,0.000000e+00,0.000000e+00,0.000000e+00,0.000000e+00
1.000000e+00,0.000000e+00,0.000000e+00,0.000000e+00,0.000000e+00,0.000000e+00,0.000000e+00,0.000000e+00,0.000000e+00,0.000000e+00,0.000000e+00,0.000000e+00,0.000000e+00,0.000000e+00,0.000000e+00
1.000000e+00,0.000000e+00,0.000000e+00,0.000000e+00,0.000000e+00,0.000000e+00,0.000000e+00,0.000000e+00,0.000000e+00,0.000000e+00,0.000000e+00,0.000000e+00,0.000000e+00,0.000000e+00,0.000000e+00
1.000000e+00,0.000000e+00,0.000000e+00,0.000000e+00,0.000000e+00,0.000000e+00,0.000000e+00,0.000000e+00,0.000000e+00,0.000000e+00,0.000000e+00,0.000000e+00,0.000000e+00,0.000000e+00,0.000000e+00
1.000000e+00,0.000000e+00,0.000000e+00,0.000000e+00,0.000000e+00,0.000000e+00,0.000000e+00,0.000000e+00,0.000000e+00,0.000000e+00,0.000000e+00,0.000000e+00,0.000000e+00,0.000000e+00,0.000000e+00
1.000000e+00,0.000000e+00,0.000000e+00,0.000000e+00,0.000000e+00,0.000000e+00,0.000000e+00,0.000000e+00,0.000000e+00,0.000000e+00,0.000000e+00,0.000000e+00,0.000000e+00,0.000000e+00,0.000000e+00
1.000000e+00,0.000000e+00,0.000000e+00,0.000000e+00,0.000000e+00,0.000000e+00,0.000000e+00,0.000000e+00,0.000000e+00,0.000000e+00,0.000000e+00,0.000000e+00,0.000000e+00,0.000000e+00,0.000000e+00
1.000000e+00,0.000000e+00,0.000000e+00,0.000000e+00,0.000000e+00,0.000000e+00,0.000000e+00,0.000000e+00,0.000000e+00,0.000000e+00,0.000000e+00,0.000000e+00,0.000000e+00,0.000000e+00,0.000000e+00
1.000000e+00,0.000000e+00,0.000000e+00,0.000000e+00,0.000000e+00,0.000000e+00,0.000000e+00,0.000000e+00,0.000000e+00,0.000000e+00,0.000000e+00,0.000000e+00,0.000000e+00,0.000000e+00,0.000000e+00
1.000000e+00,0.000000e+00,0.000000e+00,0.000000e+00,0.000000e+00,0.000000e+00,0.000000e+00,0.000000e+00,0.000000e+00,0.000000e+00,0.000000e+00,0.000000e+00,0.000000e+00,0.000000e+00,0.000000e+00
1.000000e+00,0.000000e+00,0.000000e+00,0.000000e+00,0.000000e+00,0.000000e+00,0.000000e+00,0.000000e+00,0.000000e+00,0.000000e+00,0.000000e+00,0.000000e+00,0.000000e+00,0.000000e+00,0.000000e+00
1.000000e+00,0.000000e+00,0.000000e+00,0.000000e+00,0.000000e+00,0.000000e+00,0.000000e+00,0.000000e+00,0.000000e+00,0.000000e+00,0.000000e+00,0.000000e+00,0.000000e+00,0.000000e+00,0.000000e+00
1.000000e+00,0.000000e+00,0.000000e+00,0.000000e+00,0.000000e+00,0.000000e+00,0.000000e+00,0.000000e+00,0.000000e+00,0.000000e+00,0.000000e+00,0.000000e+00,0.000000e+00,0.000000e+00,0.000000e+00
1.000000e+00,0.000000e+00,0.000000e+00,0.000000e+00,0.000000e+00,0.000000e+00,0.000000e+00,0.000000e+00,0.000000e+00,0.000000e+00,0.000000e+00,0.000000e+00,0.000000e+00,0.000000e+00,0.000000e+00
1.000000e+00,0.000000e+00,0.000000e+00,0.000000e+00,0.000000e+00,0.000000e+00,0.000000e+00,0.000000e+00,0.000000e+00,0.000000e+00,0.000000e+00,0.000000e+00,0.000000e+00,0.000000e+00,0.000000e+00
1.000000e+00,0.000000e+00,0.000000e+00,0.000000e+00,0.000000e+00,0.000000e+00,0.000000e+00,0.000000e+00,0.000000e+00,0.000000e+00,0.000000e+00,0.000000e+00,0.000000e+00,0.000000e+00,0.000000e+00
1.000000e+00,0.000000e+00,0.000000e+00,0.000000e+00,0.000000e+00,0.000000e+00,0.000000e+00,0.000000e+00,0.000000e+00,0.000000e+00,0.000000e+00,0.000000e+00,0.000000e+00,0.000000e+00,0.000000e+00
1.000000e+00,0.000000e+00,0.000000e+00,0.000000e+00,0.000000e+00,0.000000e+00,0.000000e+00,0.000000e+00,0.000000e+00,0.000000e+00,0.000000e+00,0.000000e+00,0.000000e+00,0.000000e+00,0.000000e+00
1.000000e+00,0.000000e+00,0.000000e+00,0.000000e+00,0.000000e+00,0.000000e+00,0.000000e+00,0.000000e+00,0.000000e+00,0.000000e+00,0.000000e+00,0.000000e+00,0.000000e+00,0.000000e+00,0.000000e+00
1.000000e+00,0.000000e+00,0.000000e+00,0.000000e+00,0.000000e+00,0.000000e+00,0.000000e+00,0.000000e+00,0.000000e+00,0.000000e+00,0.000000e+00,0.000000e+00,0.000000e+00,0.000000e+00,0.000000e+00
1.000000e+00,0.000000e+00,0.000000e+00,0.000000e+00,0.000000e+00,0.000000e+00,0.000000e+00,0.000000e+00,0.000000e+00,0.000000e+00,0.000000e+00,0.000000e+00,0.000000e+00,0.000000e+00,0.000000e+00
1.000000e+00,0.000000e+00,0.000000e+00,0.000000e+00,0.000000e+00,0.000000e+00,0.000000e+00,0.000000e+00,0.000000e+00,0.000000e+00,0.000000e+00,0.000000e+00,0.000000e+00,0.000000e+00,0.000000e+00
1.000000e+00,0.000000e+00,0.000000e+00,0.000000e+00,0.000000e+00,0.000000e+00,0.000000e+00,0.000000e+00,0.000000e+00,0.000000e+00,0.000000e+00,0.000000e+00,0.000000e+00,0.000000e+00,0.000000e+00
4.634198e-01,1.764684e-02,5.891641e-02,3.204914e-01,6.796566e-03,1.425555e-02,3.882091e-03,4.052871e-02,6.265322e-03,1.532287e-03,1.051740e-02,2.521185e-02,1.638171e-02,1.895200e-03,1.225884e-02
3.323463e-01,1.769818e-02,4.486527e-02,3.955798e-01,5.617480e-03,1.257421e-02,3.360073e-03,3.478058e-02,3.525540e-02,3.660068e-03,2.001057e-02,1.814541e-02,4.534028e-02,1.756969e-03,2.900939e-02
2.329628e-01,3.086032e-02,4.154362e-02,3.995777e-01,4.153073e-03,9.487486e-03,2.530003e-03,2.484915e-02,1.475843e-01,6.452295e-03,1.588511e-02,1.284408e-02,3.912608e-02,1.410092e-03,3.073378e-02
1.642516e-01,7.915729e-02,3.444678e-02,2.906167e-01,3.445573e-03,9.854428e-03,2.240574e-03,1.752741e-02,2.816872e-01,7.169458e-03,1.269760e-02,9.422690e-03,5.885473e-02,1.270660e-03,2.735729e-02
1.467506e-01,7.366052e-02,3.182310e-02,2.206523e-01,4.493247e-03,1.224983e-02,2.795323e-03,1.612883e-02,3.798503e-01,7.486139e-03,1.337311e-02,8.064152e-03,5.206418e-02,2.337728e-03,2.827076e-02
1.088694e-01,6.453392e-02,8.237555e-02,1.911943e-01,4.501501e-03,1.023235e-02,2.262141e-03,1.212929e-02,4.186339e-01,9.931966e-03,1.016823e-02,6.351518e-03,3.873272e-02,1.912286e-03,3.817096e-02
8.289240e-02,5.495923e-02,7.117553e-02,1.532417e-01,5.393989e-03,2.168228e-02,4.091663e-03,1.075294e-02,3.984930e-01,8.090299e-03,7.860183e-03,4.898770e-03,1.271966e-01,1.575076e-03,4.769643e-02
8.161992e-02,5.430041e-02,5.565105e-02,1.105826e-01,4.724367e-03,2.007458e-02,3.946754e-03,1.019886e-02,3.887802e-01,5.979952e-03,6.278294e-03,4.789286e-03,1.960572e-01,2.645534e-03,5.437104e-02
1.090116e-01,5.355222e-02,5.139170e-02,8.083940e-02,5.326279e-03,1.637655e-02,3.847927e-03,9.662127e-03,3.847814e-01,6.275293e-03,5.203836e-03,5.351497e-03,1.984863e-01,4.852169e-03,6.504181e-02
1.359424e-01,4.231491e-02,4.335293e-02,5.751339e-02,5.739983e-03,1.298802e-02,4.073103e-03,9.321769e-03,3.449362e-01,5.455064e-03,4.890238e-03,6.296966e-03,2.355577e-01,6.284092e-03,8.533317e-02
1.712094e-01,3.687988e-02,4.380881e-02,4.081845e-02,6.397385e-03,1.174139e-02,3.797146e-03,7.564369e-03,2.561328e-01,1.078308e-02,4.247828e-03,1.167199e-02,2.544751e-01,1.706555e-02,1.234069e-01
1.507714e-01,2.888924e-02,3.850764e-02,2.887998e-02,6.093690e-03,1.069394e-02,4.593304e-03,7.777136e-03,1.861243e-01,1.062815e-02,3.482335e-03,1.401053e-02,3.618484e-01,1.414726e-02,1.335526e-01
1.376632e-01,2.142274e-02,3.932012e-02,2.080695e-02,5.580068e-03,1.078480e-02,4.574695e-03,6.731058e-03,1.366558e-01,2.474723e-02,6.503065e-03,5.767080e-02,3.577634e-01,1.869500e-02,1.510811e-01
1.631311e-01,1.605506e-02,7.322653e-02,1.583154e-02,1.023593e-02,9.734656e-03,6.102726e-03,1.219932e-02,1.109910e-01,2.424386e-02,1.203209e-02,5.192618e-02,2.887235e-01,1.481665e-02,1.907498e-01
1.341588e-01,1.211338e-02,5.931356e-02,1.163220e-02,1.788863e-02,8.904525e-03,2.446245e-02,2.300431e-02,8.538973e-02,2.143910e-02,1.223826e-02,4.181409e-02,3.237461e-01,1.099525e-02,2.128996e-01
1.428529e-01,1.035553e-02,4.446368e-02,9.272696e-03,2.061199e-02,1.319396e-02,2.047561e-02,3.303626e-02,7.147340e-02,1.911629e-02,1.045662e-02,3.507568e-02,3.903103e-01,8.524673e-03,1.707805e-01
1.062189e-01,8.823760e-03,4.155920e-02,6.894292e-03,2.229050e-02,1.112775e-02,1.906834e-02,3.763302e-02,5.990046e-02,1.597013e-02,1.090843e-02,3.040054e-02,4.561993e-01,6.953338e-03,1.660520e-01
8.056696e-02,6.569546e-03,3.379985e-02,6.387962e-03,2.197931e-02,1.012386e-02,1.739744e-02,8.406270e-02,4.607324e-02,1.418683e-02,1.362344e-02,3.392941e-02,4.696278e-01,6.518912e-03,1.551528e-01
7.941685e-02,1.073370e-02,4.320291e-02,7.135175e-03,3.409472e-02,8.402053e-03,1.721639e-02,1.558470e-01,5.894124e-02,1.289069e-02,1.284487e-02,2.842307e-02,3.668724e-01,5.457176e-03,1.585218e-01
8.658270e-02,2.287418e-02,6.952614e-02,8.526023e-03,5.364472e-02,7.815723e-03,1.896605e-02,1.655616e-01,9.825841e-02,1.166064e-02,1.196875e-02,2.497521e-02,2.939410e-01,4.623085e-03,1.210758e-01
1.278478e-01,2.756394e-02,6.619796e-02,1.367929e-02,8.233710e-02,1.692890e-02,3.354920e-02,1.629920e-01,9.166955e-02,9.169797e-03,9.306736e-03,1.991454e-02,2.442950e-01,3.586261e-03,9.096207e-02
1.150841e-01,3.066120e-02,5.682777e-02,1.579597e-02,1.421221e-01,3.304952e-02,6.104997e-02,1.469904e-01,8.618830e-02,7.399218e-03,8.567620e-03,1.467702e-02,2.115489e-01,2.841813e-03,6.719613e-02
1.322558e-01,3.276975e-02,4.779155e-02,2.037060e-02,1.773688e-01,4.375094e-02,6.650182e-02,1.248553e-01,1.072087e-01,8.640202e-03,7.823120e-03,1.133645e-02,1.617458e-01,2.199731e-03,5.538141e-02
1.021039e-01,2.355862e-02,4.041981e-02,2.348883e-02,2.007001e-01,5.135434e-02,1.857343e-01,1.054548e-01,7.725377e-02,6.757997e-03,6.282315e-03,8.173377e-03,1.255486e-01,1.617577e-03,4.155160e-02
8.794022e-02,1.684042e-02,3.155810e-02,1.854833e-02,1.813447e-01,6.210934e-02,1.523695e-01,2.555891e-01,5.645553e-02,4.847494e-03,4.822859e-03,5.932119e-03,9.073035e-02,1.234661e-03,2.967725e-02
6.836534e-02,1.195393e-02,2.452265e-02,1.444098e-02,1.386501e-01,4.614731e-02,1.253918e-01,4.313694e-01,3.998599e-02,3.519597e-03,3.728719e-03,4.327937e-03,6.545115e-02,8.871206e-04,2.125806e-02
5.317114e-02,8.516854e-03,2.524578e-02,1.117548e-02,1.315569e-01,3.942028e-02,1.589454e-01,4.591997e-01,2.819741e-02,2.936751e-03,2.854157e-03,3.139206e-03,5.939367e-02,6.462852e-04,1.560101e-02
3.877210e-02,6.183736e-03,2.429161e-02,1.017415e-02,1.401331e-01,4.276092e-02,1.934252e-01,4.035810e-01,1.991270e-02,2.269108e-02,3.293481e-03,2.335740e-03,6.972080e-02,5.967025e-04,2.212766e-02
3.064817e-02,5.308384e-03,1.891896e-02,1.052754e-02,2.211270e-01,4.820057e-02,1.908829e-01,3.046844e-01,1.425992e-02,3.825952e-02,4.417949e-03,1.758763e-03,6.541887e-02,5.705545e-04,4.501658e-02
2.178266e-02,4.158277e-03,1.356204e-02,7.858152e-03,2.267555e-01,3.905192e-02,1.423799e-01,2.188432e-01,1.019540e-02,1.481372e-01,4.525634e-03,1.345621e-03,5.333889e-02,7.085092e-04,1.073572e-01
1.559718e-02,2.982663e-03,9.644755e-03,5.697771e-03,1.637843e-01,3.208000e-02,1.020328e-01,1.536744e-01,7.371921e-03,3.439250e-01,5.452903e-03,1.046279e-03,4.051563e-02,6.988324e-04,1.154957e-01
1.128394e-02,2.635363e-03,6.915065e-03,4.245236e-03,1.181526e-01,2.649195e-02,7.388400e-02,1.077865e-01,6.215053e-03,4.447625e-01,7.660192e-03,9.894031e-04,4.034612e-02,6.226823e-04,1.480094e-01
9.398126e-03,2.508348e-02,6.424000e-03,4.594673e-03,8.613797e-02,2.542200e-02,5.469104e-02,7.552531e-02,5.135527e-02,4.399054e-01,9.784201e-03,9.611759e-04,4.242560e-02,4.795808e-04,1.678122e-01
7.111356e-03,3.130819e-02,6.599288e-03,4.788216e-03,6.131940e-02,4.570783e-02,3.916285e-02,5.307895e-02,5.570693e-02,4.723168e-01,9.172205e-03,9.524755e-04,3.583223e-02,4.662313e-04,1.764771e-01
5.214589e-03,2.549385e-02,4.771992e-03,3.499681e-03,4.328348e-02,5.752850e-02,2.782755e-02,3.721241e-02,4.245476e-02,3.954466e-01,1.406871e-02,1.000373e-03,3.419757e-02,4.618116e-04,3.075381e-01
3.827177e-03,2.334340e-02,3.972636e-03,6.942695e-03,3.074563e-02,9.047078e-02,1.973053e-02,2.614058e-02,5.341475e-02,3.348085e-01,1.410517e-02,1.656996e-03,3.789281e-02,4.631243e-04,3.524852e-01
2.767584e-03,1.985987e-02,2.860210e-03,6.345393e-03,2.171380e-02,7.175514e-02,1.388165e-02,1.836619e-02,5.117417e-02,2.445809e-01,1.776908e-02,4.712120e-03,7.188115e-02,4.149319e-04,4.519179e-01
2.128104e-03,2.784876e-02,2.228793e-03,3.916729e-02,1.537168e-02,5.468962e-02,9.765410e-03,1.345853e-02,1.726833e-01,1.735859e-01,2.381333e-02,5.512380e-03,6.456747e-02,5.465100e-04,3.946330e-01
1.605640e-03,2.892588e-02,1.685100e-03,3.799301e-02,1.089710e-02,4.459654e-02,6.887376e-03,9.588501e-03,2.004957e-01,1.227151e-01,3.023094e-02,8.652930e-03,5.574688e-02,9.932019e-04,4.389862e-01
1.437704e-03,3.239087e-02,1.466664e-03,9.782642e-02,8.081080e-03,3.431488e-02,4.896687e-03,7.729395e-03,3.004704e-01,8.703464e-02,2.556137e-02,6.770113e-03,4.196705e-02,9.373483e-04,3.491154e-01
1.437931e-03,2.711694e-02,1.393731e-03,8.467796e-02,6.213423e-03,2.591026e-02,3.445690e-03,5.523690e-03,2.422904e-01,6.247308e-02,6.858242e-02,5.166327e-03,3.158278e-02,7.645253e-03,4.265401e-01
1.502487e-03,2.363730e-02,1.414242e-03,7.719940e-02,4.749102e-03,2.068118e-02,2.433130e-03,4.865180e-03,2.067059e-01,4.491397e-02,7.681993e-02,4.041709e-03,2.405780e-02,1.325737e-02,4.937213e-01
1.577589e-03,2.353778e-02,1.924099e-03,6.057644e-02,3.749119e-03,1.674868e-02,1.751137e-03,4.192562e-03,2.094986e-01,3.325470e-02,6.399518e-02,4.309753e-03,2.164519e-02,1.656713e-02,5.366721e-01
1.481056e-03,2.085639e-02,4.930765e-03,4.420500e-02,3.296906e-03,1.250140e-02,1.482195e-03,4.655684e-03,2.352521e-01,2.392036e-02,4.657739e-02,3.619669e-03,1.635361e-02,1.699692e-02,5.638706e-01
1.738372e-03,2.303479e-02,4.933650e-03,3.211011e-02,2.969433e-03,9.400552e-03,1.077009e-03,3.817972e-03,2.221530e-01,1.749553e-02,3.669537e-02,3.209034e-03,1.276802e-02,1.686814e-02,6.117290e-01
1.852489e-03,2.297087e-02,6.912243e-03,2.625546e-02,3.249743e-03,7.629726e-03,7.923382e-04,3.765783e-03,4.101951e-01,1.312206e-02,2.696846e-02,3.249831e-03,1.160805e-02,1.431948e-02,4.471084e-01
2.575158e-03,4.073609e-02,7.065620e-03,2.230966e-02,6.254014e-03,1.493768e-02,7.801469e-04,6.059387e-03,4.918821e-01,1.053077e-02,2.153461e-02,3.006390e-03,1.299856e-02,1.190199e-02,3.474278e-01
1.983874e-03,3.070516e-02,8.888523e-03,3.724508e-02,4.860864e-03,1.063650e-02,5.524933e-04,4.704986e-03,6.121677e-01,8.150766e-03,1.587222e-02,2.184651e-03,9.567003e-03,8.553543e-03,2.439266e-01
2.497503e-03,2.578148e-02,1.107020e-02,3.047050e-02,6.802894e-03,1.063507e-02,4.699607e-04,4.065330e-03,6.432860e-01,7.974586e-03,2.931467e-02,3.373012e-03,2.114584e-02,6.834465e-03,1.962784e-01
3.074554e-03,2.143670e-02,1.131393e-02,3.190944e-02,8.120316e-03,1.075993e-02,5.723765e-04,4.243114e-03,5.715598e-01,1.031209e-02,7.035155e-02,7.146493e-03,4.801291e-02,6.660063e-03,1.945267e-01
3.097883e-03,1.732100e-02,1.424544e-02,3.811590e-02,6.550666e-03,1.082004e-02,1.156317e-03,5.881378e-03,4.968227e-01,8.991999e-03,6.926883e-02,1.340319e-02,1.271423e-01,5.926490e-03,1.812558e-01
3.471181e-03,1.385867e-02,1.560814e-02,3.373601e-02,6.649978e-03,1.096207e-02,3.531897e-03,1.560227e-02,3.846653e-01,1.514160e-02,7.960416e-02,1.799172e-02,2.364874e-01,4.582096e-03,1.581076e-01
3.080627e-03,1.001616e-02,1.288826e-02,2.687705e-02,5.046543e-03,1.085792e-02,4.059355e-03,1.455876e-02,2.918585e-01,1.319222e-02,5.902240e-02,2.334896e-02,4.075904e-01,3.533996e-03,1.140689e-01
2.655041e-03,7.629332e-03,1.036179e-02,2.506090e-02,3.930931e-03,1.809452e-02,3.188577e-03,1.111053e-02,2.138778e-01,9.939954e-03,4.722760e-02,2.210975e-02,5.395472e-01,2.709938e-03,8.255608e-02
3.257295e-03,6.072540e-03,7.600181e-03,1.811245e-02,3.436692e-03,2.526652e-02,2.605902e-03,9.287017e-03,1.553805e-01,7.171836e-03,3.558509e-02,2.327247e-02,6.396921e-01,2.115906e-03,6.114349e-02
6.873449e-03,7.666303e-03,6.295315e-03,1.678243e-02,3.398356e-03,3.752941e-02,2.328344e-03,1.189045e-02,1.398262e-01,6.669193e-03,3.789598e-02,3.572754e-02,6.366295e-01,2.830992e-03,4.765655e-02
7.850146e-03,6.999136e-03,4.517605e-03,1.294307e-02,5.968422e-03,3.671650e-02,3.128637e-03,1.009226e-02,1.725261e-01,5.382936e-03,4.222140e-02,4.891868e-02,5.993127e-01,2.519656e-03,4.090282e-02
8.327295e-03,8.756149e-03,3.533108e-03,1.860216e-02,5.705739e-03,6.419455e-02,3.085119e-03,1.364843e-02,2.237270e-01,4.803939e-03,3.717221e-02,4.561478e-02,5.294981e-01,2.314241e-03,3.101708e-02
9.966647e-03,1.803771e-02,2.969716e-03,1.684163e-02,5.646405e-03,5.280430e-02,3.041132e-03,1.156902e-02,2.634622e-01,4.286402e-03,3.025086e-02,5.168210e-02,5.025635e-01,1.821844e-03,2.505651e-02
1.012038e-02,1.839612e-02,2.458521e-03,1.511281e-02,5.089435e-03,4.487203e-02,2.719731e-03,9.621608e-03,2.327659e-01,3.448504e-03,2.434683e-02,6.291077e-02,5.469834e-01,1.338846e-03,1.981511e-02
1.014809e-02,2.135002e-02,1.868534e-03,1.169092e-02,4.652574e-03,5.548485e-02,2.000584e-03,6.905240e-03,1.977033e-01,3.118136e-03,2.241584e-02,8.059999e-02,5.640245e-01,1.371253e-03,1.666617e-02
9.869360e-03,3.695449e-02,1.547027e-03,8.996946e-03,4.395067e-03,6.794060e-02,1.565463e-03,5.081239e-03,2.301774e-01,2.889480e-03,2.224719e-02,9.575775e-02,4.965377e-01,1.609046e-03,1.443122e-02
8.179756e-03,9.782921e-02,1.322649e-03,6.362473e-03,4.169387e-03,1.150326e-01,1.296986e-03,3.959892e-03,2.648717e-01,2.071461e-03,1.822520e-02,7.258537e-02,3.907042e-01,1.289766e-03,1.209931e-02
7.188270e-03,1.287239e-01,1.181597e-03,5.019765e-03,3.911933e-03,1.653682e-01,1.105637e-03,5.539465e-03,2.758098e-01,1.642562e-03,1.373383e-02,5.349606e-02,3.273546e-01,9.922156e-04,8.932036e-03
6.201419e-03,1.863365e-01,1.241106e-03,4.071194e-03,3.638946e-03,1.614730e-01,1.018276e-03,8.405348e-03,2.940097e-01,2.017349e-03,1.057129e-02,4.015407e-02,2.710249e-01,9.324616e-04,8.904356e-03
1.107917e-02,2.195600e-01,1.657175e-03,3.425163e-03,1.296141e-02,1.567758e-01,2.686584e-03,1.002503e-02,2.796702e-01,2.715210e-03,7.630391e-03,3.642906e-02,2.311907e-01,7.789977e-04,2.341508e-02
1.472069e-02,2.227316e-01,2.156284e-03,3.326348e-03,2.547321e-02,1.458678e-01,9.711576e-03,3.532330e-02,2.934290e-01,3.372330e-03,5.448804e-03,2.884712e-02,1.842111e-01,6.232184e-04,2.475757e-02
1.996638e-02,2.221765e-01,2.257799e-03,3.343981e-03,2.350623e-02,1.373737e-01,1.071412e-02,3.596286e-02,3.075228e-01,3.624336e-03,4.036824e-03,2.304514e-02,1.603568e-01,6.277857e-04,4.548464e-02
2.420612e-02,2.038102e-01,4.558228e-03,9.307145e-03,2.364674e-02,1.463183e-01,1.136905e-02,5.919833e-02,3.292424e-01,5.858433e-03,3.230635e-03,1.877455e-02,1.176191e-01,7.149082e-04,4.214589e-02
3.318676e-02,1.652803e-01,5.923035e-03,1.120034e-02,2.674079e-02,1.443134e-01,1.821693e-02,9.355133e-02,3.398417e-01,4.985620e-03,2.619213e-03,1.464491e-02,1.023689e-01,8.648324e-04,3.626193e-02
7.946894e-02,1.325856e-01,4.379693e-03,8.276738e-03,2.821439e-02,1.377105e-01,1.676797e-02,8.956832e-02,3.143218e-01,3.515433e-03,2.031834e-03,1.115437e-02,1.421118e-01,1.239754e-03,2.865283e-02
1.363232e-01,1.011183e-01,3.220503e-03,6.398973e-03,2.431282e-02,1.190114e-01,1.475361e-02,1.450576e-01,2.656874e-01,2.484565e-03,2.007029e-03,1.031951e-02,1.442812e-01,2.564304e-03,2.245950e-02
1.249278e-01,8.081173e-02,2.714584e-03,7.391049e-03,1.984266e-02,8.841538e-02,1.168625e-02,1.112273e-01,2.056180e-01,2.726565e-03,3.869888e-03,1.836005e-02,2.689758e-01,7.282069e-03,4.615090e-02
9.273988e-02,5.808768e-02,2.180694e-03,7.520788e-03,1.502638e-02,6.302746e-02,8.535628e-03,7.872880e-02,1.587848e-01,2.232126e-03,4.907217e-03,2.341070e-02,4.419218e-01,6.366264e-03,3.652976e-02
7.167806e-02,4.545179e-02,2.193065e-03,1.220457e-02,1.326170e-02,4.568604e-02,6.497457e-03,5.733069e-02,1.609606e-01,2.209929e-03,5.454851e-03,2.107176e-02,5.186374e-01,5.284942e-03,3.207718e-02
6.361604e-02,3.980833e-02,4.225879e-03,2.221791e-02,1.270078e-02,3.526222e-02,5.128860e-03,4.761339e-02,1.878008e-01,3.441947e-03,8.013455e-03,1.949193e-02,5.023582e-01,6.432855e-03,4.188747e-02
4.968061e-02,2.861900e-02,1.205645e-02,2.082229e-02,1.176837e-02,2.534868e-02,4.289107e-03,1.849050e-01,1.442892e-01,2.919639e-03,1.309854e-02,1.927776e-02,4.425255e-01,5.421611e-03,3.497829e-02
3.708901e-02,2.023755e-02,1.798809e-02,1.861997e-02,8.982068e-03,1.830914e-02,3.303084e-03,3.764319e-01,1.042254e-01,2.528637e-03,1.091989e-02,1.418037e-02,3.268911e-01,4.039180e-03,3.625470e-02
3.609941e-02,1.719992e-02,2.534289e-02,1.699626e-02,7.564477e-03,1.581056e-02,2.934330e-03,4.576807e-01,8.887507e-02,2.895241e-03,8.513940e-03,1.030641e-02,2.581374e-01,3.168597e-03,4.847483e-02
3.679307e-02,1.984255e-02,5.085529e-02,1.976202e-02,6.930702e-03,1.275730e-02,2.437647e-03,5.025107e-01,8.128473e-02,5.697908e-03,6.960842e-03,7.780993e-03,1.982097e-01,2.428574e-03,4.574805e-02
5.379498e-02,2.655897e-02,5.240736e-02,1.624461e-02,2.518542e-02,1.068032e-02,4.640692e-03,4.692780e-01,1.284929e-01,4.314237e-03,6.113844e-03,6.251603e-03,1.508461e-01,1.888458e-03,4.330256e-02
6.429832e-02,2.357364e-02,5.800418e-02,1.556153e-02,3.900196e-02,9.496715e-03,5.188363e-03,5.085430e-01,1.086062e-01,3.234752e-03,4.925221e-03,4.819999e-03,1.158801e-01,1.454553e-03,3.741153e-02
5.792871e-02,1.968744e-02,5.193907e-02,1.232264e-02,4.344422e-02,7.956710e-03,4.330395e-03,5.681484e-01,8.410735e-02,2.346750e-03,3.734964e-03,3.637348e-03,1.083365e-01,1.208779e-03,3.087080e-02
6.361520e-02,2.268670e-02,3.827352e-02,1.016908e-02,3.719544e-02,7.749559e-03,3.883800e-03,5.215693e-01,6.905522e-02,1.863813e-03,2.801374e-03,2.943116e-03,1.891189e-01,1.091085e-03,2.798397e-02
7.484379e-02,2.448804e-02,2.889092e-02,1.029372e-02,2.949131e-02,7.489070e-03,3.349056e-03,5.054783e-01,5.598322e-02,1.729736e-03,2.313962e-03,2.934261e-03,2.252345e-01,1.336761e-03,2.614337e-02
1.143745e-01,3.794136e-02,2.190980e-02,1.311844e-02,2.535583e-02,9.036591e-03,2.936731e-03,4.369619e-01,5.129675e-02,2.336438e-03,2.470061e-03,4.018749e-03,2.470329e-01,1.695620e-03,2.951431e-02
1.385308e-01,4.323653e-02,1.725803e-02,1.421441e-02,2.203043e-02,9.413774e-03,2.764589e-03,4.222834e-01,4.548214e-02,3.354379e-03,2.699737e-03,5.207932e-03,2.438474e-01,1.882673e-03,2.779374e-02
1.547757e-01,3.829144e-02,1.537861e-02,1.713764e-02,1.911578e-02,1.091004e-02,3.660814e-03,4.530385e-01,3.880342e-02,3.057705e-03,2.951585e-03,6.283209e-03,2.102581e-01,1.723996e-03,2.461347e-02
2.096529e-01,3.493860e-02,1.276696e-02,1.871072e-02,1.621144e-02,1.335670e-02,3.642436e-03,4.346550e-01,3.747262e-02,3.587114e-03,3.561997e-03,9.141934e-03,1.741819e-01,1.807896e-03,2.631176e-02
2.714386e-01,3.067890e-02,1.065593e-02,1.837105e-02,1.437739e-02,1.596333e-02,3.947214e-03,4.149984e-01,3.646361e-02,3.525080e-03,3.878470e-03,1.095015e-02,1.343404e-01,1.927644e-03,2.848377e-02
3.529117e-01,2.441803e-02,8.756320e-03,1.760933e-02,1.193806e-02,1.702565e-02,4.154223e-03,3.821920e-01,3.390642e-02,2.993438e-03,3.898074e-03,1.216282e-02,1.000723e-01,1.950823e-03,2.601086e-02
3.201538e-01,1.840800e-02,7.176009e-03,1.544176e-02,9.134602e-03,1.447585e-02,3.231767e-03,4.705702e-01,2.470727e-02,2.638632e-03,3.682360e-03,1.203805e-02,7.355235e-02,1.790543e-03,2.299882e-02
2.809664e-01,1.418173e-02,6.164751e-03,1.542973e-02,6.858912e-03,2.703116e-02,3.395718e-03,4.576681e-01,1.856500e-02,2.352268e-03,4.915659e-03,4.816101e-02,9.193586e-02,1.870873e-03,2.050281e-02
2.331457e-01,1.107206e-02,9.262335e-03,1.524273e-02,5.022557e-03,4.490960e-02,3.373251e-03,3.933174e-01,1.481299e-02,2.445738e-03,8.536750e-03,1.017615e-01,1.349169e-01,1.808812e-03,2.037181e-02
2.135455e-01,8.474912e-03,8.830618e-03,1.607909e-02,4.218099e-03,6.332974e-02,2.782475e-03,3.111489e-01,1.150177e-02,2.403454e-03,2.014849e-02,8.619651e-02,2.332337e-01,1.571145e-03,1.653562e-02
1.708144e-01,6.538462e-03,1.025356e-02,1.216948e-02,5.094423e-03,4.898004e-02,3.134234e-03,2.215619e-01,9.256329e-03,2.490077e-03,1.716857e-02,8.268717e-02,3.866146e-01,4.193156e-03,1.904358e-02
1.284800e-01,4.845678e-03,8.297511e-03,8.722525e-03,5.587505e-03,3.517634e-02,2.726757e-03,1.559513e-01,7.277942e-03,2.679639e-03,1.430583e-02,9.557235e-02,5.068513e-01,3.790519e-03,1.973470e-02
9.245747e-02,3.884724e-03,1.755987e-02,6.173390e-03,1.270035e-02,2.498177e-02,3.008767e-03,1.092661e-01,6.545378e-03,1.455835e-02,1.381692e-02,1.145747e-01,5.222907e-01,3.832441e-03,5.434905e-02
6.965820e-02,2.848220e-03,1.773741e-02,4.367287e-03,1.173678e-02,1.809338e-02,3.934707e-03,7.691008e-02,5.417948e-03,1.813680e-02,1.120062e-02,1.367075e-01,4.219351e-01,6.344456e-03,1.949715e-01
4.912470e-02,2.058503e-03,2.085942e-02,3.083513e-03,1.186524e-02,1.295996e-02,5.905655e-03,5.461024e-02,4.436628e-03,2.735066e-02,9.256102e-03,1.667696e-01,3.568375e-01,6.090000e-03,2.687923e-01
3.485033e-02,1.531470e-03,1.705592e-02,2.268940e-03,1.040209e-02,2.046505e-02,7.068782e-03,3.898342e-02,3.965994e-03,5.476666e-02,8.016283e-03,2.168192e-01,2.940304e-01,6.371383e-03,2.834041e-01
2.485249e-02,1.156932e-03,1.475104e-02,1.691726e-03,8.927110e-03,1.968150e-02,5.649985e-03,2.817076e-02,3.486839e-03,7.485548e-02,8.494111e-03,2.414490e-01,2.584970e-01,5.581847e-03,3.027542e-01
1.886799e-02,9.850385e-04,1.218054e-02,2.160073e-03,2.185779e-02,1.571256e-02,6.408841e-03,2.554522e-02,5.497610e-03,9.022146e-02,1.079232e-02,1.880131e-01,2.218122e-01,4.330764e-03,3.756144e-01
1.457043e-02,8.494767e-04,1.029072e-02,2.958134e-03,2.391990e-02,1.235998e-02,7.410832e-03,2.532947e-02,7.188114e-03,9.469405e-02,1.201003e-02,1.704760e-01,1.876761e-01,3.963804e-03,4.263030e-01
1.145684e-02,7.463919e-04,1.210590e-02,3.168659e-03,3.425131e-02,9.306028e-03,1.126794e-02,3.564485e-02,9.038526e-03,8.178279e-02,1.275459e-02,1.258105e-01,1.593248e-01,3.687537e-03,4.896534e-01
1.435518e-02,2.631221e-03,3.987690e-02,3.719030e-03,8.219822e-02,7.900048e-03,1.445202e-02,6.887267e-02,2.966029e-02,6.257076e-02,1.330401e-02,1.034100e-01,1.286549e-01,4.559748e-03,4.238350e-01
1.760679e-02,2.407028e-03,3.057646e-02,3.850956e-03,2.792421e-01,9.143868e-03,3.767380e-02,5.021449e-02,2.217611e-02,4.402918e-02,1.480914e-02,7.445902e-02,1.001903e-01,3.346552e-03,3.102742e-01
1.569377e-02,2.557077e-03,4.721497e-02,1.038744e-02,4.074042e-01,9.039478e-03,4.961047e-02,5.417366e-02,1.601578e-02,3.091182e-02,1.108822e-02,5.238960e-02,7.302389e-02,2.390491e-03,2.180991e-01
2.634626e-02,3.764899e-03,4.926779e-02,2.092336e-02,4.665493e-01,1.155041e-02,4.850845e-02,7.560152e-02,1.429686e-02,2.184425e-02,1.034962e-02,3.776257e-02,5.750487e-02,1.727597e-03,1.540023e-01
6.498897e-02,6.332071e-03,4.657095e-02,2.152254e-02,4.717408e-01,1.912652e-02,5.625725e-02,6.435851e-02,2.546063e-02,1.639976e-02,9.380374e-03,2.756162e-02,4.412785e-02,1.329281e-03,1.248429e-01
6.428134e-02,1.254325e-02,1.297389e-01,5.462531e-02,4.215502e-01,2.401292e-02,5.283513e-02,4.842183e-02,2.582338e-02,1.202271e-02,7.580677e-03,2.023305e-02,3.230260e-02,1.060702e-03,9.296791e-02
7.042050e-02,1.514335e-02,2.345060e-01,5.379277e-02,3.626235e-01,2.727346e-02,5.076849e-02,3.607658e-02,2.325534e-02,9.194965e-03,5.728281e-03,1.468027e-02,2.369518e-02,8.472480e-04,7.199410e-02
7.868589e-02,1.262159e-02,2.919964e-01,4.156699e-02,3.657127e-01,2.118891e-02,4.321085e-02,3.641953e-02,1.762510e-02,6.628294e-03,4.297813e-03,1.061231e-02,1.767991e-02,6.752326e-04,5.107836e-02
1.209687e-01,1.605862e-02,3.125251e-01,3.636593e-02,3.354003e-01,1.887725e-02,4.038666e-02,3.189785e-02,1.676564e-02,5.212067e-03,4.062387e-03,8.630020e-03,1.444012e-02,7.255372e-04,3.768380e-02
1.384012e-01,1.411613e-02,2.367175e-01,3.258246e-02,4.038338e-01,1.670930e-02,3.503025e-02,5.402881e-02,1.429964e-02,3.888572e-03,3.633155e-03,7.034806e-03,1.183033e-02,6.655568e-04,2.722846e-02
1.703563e-01,1.217021e-02,1.677389e-01,2.676926e-02,4.820373e-01,1.634815e-02,2.556027e-02,4.397741e-02,1.277521e-02,2.958812e-03,3.180380e-03,5.804283e-03,9.893985e-03,5.736000e-04,1.985590e-02
1.855145e-01,1.878678e-02,1.201303e-01,5.546815e-02,4.185880e-01,5.741455e-02,2.121387e-02,3.374955e-02,2.930489e-02,4.238200e-03,5.584550e-03,6.800028e-03,2.188075e-02,5.948090e-04,2.073106e-02
1.355675e-01,1.900988e-02,8.867041e-02,2.057781e-01,2.958851e-01,4.188257e-02,1.548140e-02,2.470956e-02,6.302913e-02,1.943439e-02,1.047716e-02,1.217197e-02,4.003190e-02,5.545273e-04,2.731638e-02
1.802137e-01,2.753667e-02,6.287490e-02,1.709092e-01,2.091236e-01,5.017793e-02,1.245720e-02,1.987545e-02,6.556566e-02,1.694536e-02,1.103866e-02,1.486527e-02,1.345370e-01,6.692485e-04,2.321023e-02
1.484708e-01,3.256778e-02,4.844301e-02,1.973809e-01,1.480155e-01,4.622226e-02,9.987392e-03,1.641242e-02,7.479337e-02,2.019449e-02,1.235680e-02,1.536042e-02,2.035778e-01,6.329942e-04,2.558408e-02
1.519415e-01,3.377876e-02,3.641972e-02,1.671266e-01,1.051321e-01,3.551672e-02,7.852363e-03,1.376463e-02,1.083191e-01,2.063045e-02,1.470898e-02,1.432456e-02,2.620478e-01,1.675732e-03,2.676100e-02
1.201087e-01,2.696757e-02,2.583760e-02,1.232310e-01,7.450121e-02,3.064560e-02,6.044752e-03,1.080123e-02,8.491684e-02,1.501636e-02,1.191726e-02,1.238196e-02,4.346159e-01,1.323381e-03,2.169069e-02
1.422051e-01,2.082618e-02,1.832255e-02,8.791360e-02,5.311196e-02,2.407272e-02,4.629408e-03,8.360643e-03,6.189392e-02,1.066221e-02,8.870536e-03,1.219256e-02,5.286039e-01,1.039096e-03,1.729557e-02
1.161277e-01,1.628208e-02,1.364424e-02,6.416363e-02,3.783663e-02,3.101678e-02,4.473478e-03,6.247964e-03,4.608386e-02,7.732417e-03,8.201024e-03,1.588313e-02,6.166252e-01,1.037496e-03,1.464440e-02
8.479968e-02,1.322137e-02,1.053435e-02,4.603765e-02,2.763580e-02,3.442253e-02,3.625449e-03,4.590332e-03,3.309129e-02,6.947874e-03,1.761898e-02,1.885392e-02,6.819742e-01,1.184809e-03,1.546183e-02
6.171754e-02,9.653920e-03,3.851149e-02,3.274262e-02,2.126047e-02,3.303729e-02,5.907212e-03,7.469792e-03,2.385512e-02,7.700196e-03,2.050034e-02,2.060116e-02,6.570718e-01,1.369738e-03,5.860134e-02
4.883862e-02,7.154664e-03,1.052832e-01,3.787543e-02,1.834494e-02,3.708003e-02,4.506806e-03,1.121772e-02,1.885456e-02,8.219335e-03,3.066758e-02,2.357288e-02,5.834158e-01,1.316007e-03,6.365247e-02
3.476702e-02,5.090130e-03,3.217167e-01,7.232629e-02,1.366507e-02,2.642341e-02,3.170054e-03,8.185947e-03,1.482048e-02,6.224204e-03,2.179914e-02,1.654021e-02,4.086254e-01,9.251560e-04,4.572076e-02
2.750400e-02,5.452150e-03,4.563721e-01,8.644886e-02,1.098406e-02,2.226141e-02,2.300852e-03,6.195332e-03,2.453279e-02,6.276231e-03,1.631338e-02,1.164446e-02,2.867209e-01,6.929908e-04,3.630050e-02
2.813634e-02,1.683918e-02,5.329948e-01,7.002746e-02,1.147716e-02,1.868093e-02,1.741646e-03,5.218238e-03,4.828602e-02,5.079960e-03,1.257661e-02,8.217430e-03,2.014609e-01,6.262257e-04,3.863708e-02
2.854696e-02,2.987124e-02,5.765988e-01,6.629767e-02,1.266312e-02,1.998963e-02,1.482664e-03,4.095492e-03,5.504374e-02,4.799263e-03,9.631811e-03,5.869634e-03,1.435020e-01,5.169690e-04,4.109095e-02
2.544103e-02,3.118036e-02,6.149058e-01,6.404329e-02,1.182711e-02,2.000216e-02,1.245212e-03,3.041886e-03,5.149227e-02,7.848818e-03,8.183459e-03,4.404478e-03,1.023108e-01,4.988883e-04,5.357441e-02
3.560226e-02,3.345894e-02,6.439931e-01,4.769414e-02,1.070127e-02,1.583940e-02,1.019490e-03,2.392926e-03,4.078826e-02,9.972936e-03,8.168133e-03,3.401137e-03,7.298927e-02,9.460161e-04,7.303268e-02
4.389672e-02,5.138150e-02,5.712546e-01,3.747743e-02,1.255398e-02,1.436109e-02,1.482009e-03,3.088419e-03,3.830329e-02,2.394830e-02,1.201606e-02,3.179719e-03,5.349981e-02,3.645909e-03,1.299111e-01
3.341096e-02,4.291672e-02,5.019030e-01,3.200743e-02,9.491956e-03,1.155259e-02,1.107392e-03,2.669612e-03,3.329905e-02,8.035708e-02,1.727296e-02,3.309789e-03,3.912177e-02,3.373314e-03,1.882064e-01
2.510819e-02,3.663555e-02,4.927414e-01,3.430171e-02,7.850947e-03,1.033909e-02,1.255249e-03,2.348314e-03,3.989597e-02,8.693053e-02,6.745800e-02,4.903940e-03,3.041719e-02,1.168101e-02,1.481329e-01
3.408254e-02,4.543122e-02,4.067988e-01,4.335360e-02,8.104342e-03,1.426909e-02,1.425216e-03,2.724370e-03,4.164277e-02,7.643007e-02,1.252679e-01,7.139726e-03,3.019733e-02,5.193772e-02,1.111953e-01
2.511759e-02,3.578025e-02,2.967705e-01,3.097309e-02,5.949047e-03,1.217791e-02,1.203753e-03,2.100718e-03,5.325866e-02,6.771263e-02,2.260794e-01,1.014348e-02,2.661333e-02,1.227792e-01,8.334035e-02
1.809456e-02,2.541759e-02,2.081455e-01,2.183078e-02,4.237442e-03,1.213082e-02,8.997718e-04,1.511907e-03,3.861921e-02,4.898407e-02,4.380741e-01,8.869861e-03,1.918165e-02,9.523496e-02,5.876777e-02
1.440530e-02,1.854094e-02,1.479425e-01,1.568744e-02,3.316768e-03,7.318045e-02,7.454326e-04,1.693196e-03,2.870707e-02,3.769971e-02,4.731579e-01,8.668586e-03,1.461045e-02,1.195566e-01,4.208767e-02
1.158396e-02,1.338527e-02,1.042854e-01,1.163919e-02,3.487977e-03,6.686833e-02,6.548826e-04,1.610030e-03,2.299717e-02,2.999561e-02,5.020290e-01,7.624413e-03,1.145037e-02,1.825880e-01,2.980051e-02
9.357117e-03,1.075410e-02,7.383379e-02,8.549374e-03,8.997745e-03,5.143736e-02,6.762380e-04,1.379683e-03,1.967417e-02,2.546600e-02,4.721391e-01,6.452486e-03,8.985489e-03,2.809631e-01,2.133425e-02
