1.000000e+00,0.000000e+00,0.000000e+00,0.000000e+00,0.000000e+00,0.000000e+00,0.000000e+00,0.000000e+00,0.000000e+00,0.000000e+00,0.000000e+00,0.000000e+00,0.000000e+00,0.000000e+00,0.000000e+00
1.000000e+00,0.000000e+00,0.000000e+00,0.000000e+00,0.000000e+00,0.000000e+00,0.000000e+00,0.000000e+00,0.000000e+00,0.000000e+00,0.000000e+00,0.000000e+00,0.000000e+00,0.000000e+00,0.000000e+00
1.000000e+00,0.000000e+00,0.000000e+00,0.000000e+00,0.000000e+00,0.000000e+00,0.000000e+00,0.000000e+00,0.000000e+00,0.000000e+00,0.000000e+00,0.000000e+00,0.000000e+00,0.000000e+00,0.000000e+00
1.000000e+00,0.000000e+00,0.000000e+00,0.000000e+00,0.000000e+00,0.000000e+00,0.000000e+00,0.000000e+00,0.000000e+00,0.000000e+00,0.000000e+00,0.000000e+00,0.000000e+00,0.000000e+00,0.000000e+00
1.000000e+00,0.000000e+00,0.000000e+00,0.000000e+00,0.000000e+00,0.000000e+00,0.000000e+00,0.000000e+00,0.000000e+00,0.000000e+00,0.000000e+00,0.000000e+00,0.000000e+00,0.000000e+00,0.000000e+00
1.000000e+00,0.000000e+00,0.000000e+00,0.000000e+00,0.000000e+00,0.000000e+00,0.000000e+00,0.000000e+00,0.000000e+00,0.000000e+00,0.000000e+00,0.000000e+00,0.000000e+00,0.000000e+00,0.000000e+00
1.000000e+00,0.000000e+00,0.000000e+00,0.000000e+00,0.000000e+00,0.000000e+00,0.000000e+00,0.000000e+00,0.000000e+00,0.000000e+00,0.000000e+00,0.000000e+00,0.000000e+00,0.000000e+00,0.000000e+00
1.000000e+00,0.000000e+00,0.000000e+00,0.000000e+00,0.000000e+00,0.000000e+00,0.000000e+00,0.000000e+00,0.000000e+00,0.000000e+00,0.000000e+00,0.000000e+00,0.000000e+00,0.000000e+00,0.000000e+00
1.000000e+00,0.000000e+00,0.000000e+00,0.000000e+00,0.000000e+00,0.000000e+00,0.000000e+00,0.000000e+00,0.000000e+00,0.000000e+00,0.000000e+00,0.000000e+00,0.000000e+00,0.000000e+00,0.000000e+00
1.000000e+00,0.000000e+00,0.000000e+00,0.000000e+00,0.000000e+00,0.000000e+00,0.000000e+00,0.000000e+00,0.000000e+00,0.000000e+00,0.000000e+00,0.000000e+00,0.000000e+00,0.000000e+00,0.000000e+00
1.000000e+00,0.000000e+00,0.000000e+00,0.000000e+00,0.000000e+00,0.000000e+00,0.000000e+00,0.000000e+00,0.000000e+00,0.000000e+00,0.000000e+00,0.000000e+00,0.000000e+00,0.000000e+00,0.000000e+00
1.000000e+00,0.000000e+00,0.000000e+00,0.000000e+00,0.000000e+00,0.000000e+00,0.000000e+00,0.000000e+00,0.000000e+00,0.000000e+00,0.000000e+00,0.000000e+00,0.000000e+00,0.000000e+00,0.000000e+00
1.000000e+00,0.000000e+00,0.000000e+00,0.000000e+00,0.000000e+00,0.000000e+00,0.000000e+00,0.000000e+00,0.000000e+00,0.000000e+00,0.000000e+00,0.000000e+00,0.000000e+00,0.000000e+00,0.000000e+00
1.000000e+00,0.000000e+00,0.000000e+00,0.000000e+00,0.000000e+00,0.000000e+00,0.000000e+00,0.000000e+00,0.000000e+00,0.000000e+00,0.000000e+00,0.000000e+00,0.000000e+00,0.000000e+00,0.000000e+00
1.000000e+00,0.000000e+00,0.000000e+00,0.000000e+00,0.000000e+00,0.000000e+00,0.000000e+00,0.000000e+00,0.000000e+00,0.000000e+00,0.000000e+00,0.000000e+00,0.000000e+00,0.000000e+00,0.000000e+00
1.000000e+00,0.000000e+00,0.000000e+00,0.000000e+00,0.000000e+00,0.000000e+00,0.000000e+00,0.000000e+00,0.000000e+00,0.000000e+00,0.000000e+00,0.000000e+00,0.000000e+00,0.000000e+00,0.000000e+00
1.000000e+00,0.000000e+00,0.000000e+00,0.000000e+00,0.000000e+00,0.000000e+00,0.000000e+00,0.000000e+00,0.000000e+00,0.000000e+00,0.000000e+00,0.000000e+00,0.000000e+00,0.000000e+00,0.000000e+00
1.000000e+00,0.000000e+00,0.000000e+00,0.000000e+00,0.000000e+00,0.000000e+00,0.000000e+00,0.000000e+00,0.000000e+00,0.000000e+00,0.000000e+00,0.000000e+00,0.000000e+00,0.000000e+00,0.000000e+00
1.000000e+00,0.000000e+00,0.000000e+00,0.000000e+00,0.000000e+00,0.000000e+00,0.000000e+00,0.000000e+00,0.000000e+00,0.000000e+00,0.000000e+00,0.000000e+00,0.000000e+00,0.000000e+00,0.000000e+00
1.000000e+00,0.000000e+00,0.000000e+00,0.000000e+00,0.000000e+00,0.000000e+00,0.000000e+00,0.000000e+00,0.000000e+00,0.000000e+00,0.000000e+00,0.000000e+00,0.000000e+00,0.000000e+00,0.000000e+00
1.000000e+00,0.000000e+00,0.000000e+00,0.000000e+00,0.000000e+00,0.000000e+00,0.000000e+00,0.000000e+00,0.000000e+00,0.000000e+00,0.000000e+00,0.000000e+00,0.000000e+00,0.000000e+00,0.000000e+00
1.000000e+00,0.000000e+00,0.000000e+00,0.000000e+00,0.000000e+00,0.000000e+00,0.000000e+00,0.000000e+00,0.000000e+00,0.000000e+00,0.000000e+00,0.000000e+00,0.000000e+00,0.000000e+00,0.000000e+00
1.000000e+00,0.000000e+00,0.000000e+00,0.000000e+00,0.000000e+00,0.000000e+00,0.000000e+00,0.000000e+00,0.000000e+00,0.000000e+00,0.000000e+00,0.000000e+00,0.000000e+00,0.000000e+00,0.000000e+00
1.000000e+00,0.000000e+00,0.000000e+00,0.000000e+00,0.000000e+00,0.000000e+00,0.000000e+00,0.000000e+00,0.000000e+00,0.000000e+00,0.000000e+00,0.000000e+00,0.000000e+00,0.000000e+00,0.000000e+00
1.000000e+00,0.000000e+00,0.000000e+00,0.000000e+00,0.000000e+00,0.000000e+00,0.000000e+00,0.000000e+00,0.000000e+00,0.000000e+00,0.000000e+00,0.000000e+00,0.000000e+00,0.000000e+00,0.000000e+00
1.000000e+00,0.000000e+00,0.000000e+00,0.000000e+00,0.000000e+00,0.000000e+00,0.000000e+00,0.000000e+00,0.000000e+00,0.000000e+00,0.000000e+00,0.000000e+00,0.000000e+00,0.000000e+00,0.000000e+00
1.000000e+00,0.000000e+00,0.000000e+00,0.000000e+00,0.000000e+00,0.000000e+00,0.000000e+00,0.000000e+00,0.000000e+00,0.000000e+00,0.000000e+00,0.000000e+00,0.000000e+00,0.000000e+00,0.000000e+00
1.000000e+00,0.000000e+00,0.000000e+00,0.000000e+00,0.000000e+00,0.000000e+00,0.000000e+00,0.000000e+00,0.000000e+00,0.000000e+00,0.000000e+00,0.000000e+00,0.000000e+00,0.000000e+00,0.000000e+00
1.000000e+00,0.000000e+00,0.000000e+00,0.000000e+00,0.000000e+00,0.000000e+00,0.000000e+00,0.000000e+00,0.000000e+00,0.000000e+00,0.000000e+00,0.000000e+00,0.000000e+00,0.000000e+00,0.000000e+00
1.000000e+00,0.000000e+00,0.000000e+00,0.000000e+00,0.000000e+00,0.000000e+00,0.000000e+00,0.000000e+00,0.000000e+00,0.000000e+00,0.000000e+00,0.000000e+00,0.000000e+00,0.000000e+00,0.000000e+00
1.000000e+00,0.000000e+00,0.000000e+00,0.000000e+00,0.000000e+00,0.000000e+00,0.000000e+00,0.000000e+00,0.000000e+00,0.000000e+00,0.000000e+00,0.000000e+00,0.000000e+00,0.000000e+00,0.000000e+00
1.000000e+00,0.000000e+00,0.000000e+00,0.000000e+00,0.000000e+00,0.000000e+00,0.000000e+00,0.000000e+00,0.000000e+00,0.000000e+00,0.000000e+00,0.000000e+00,0.000000e+00,0.000000e+00,0.000000e+00
1.000000e+00,0.000000e+00,0.000000e+00,0.000000e+00,0.000000e+00,0.000000e+00,0.000000e+00,0.000000e+00,0.000000e+00,0.000000e+00,0.000000e+00,0.000000e+00,0.000000e+00,0.000000e+00,0.000000e+00
1.000000e+00,0.000000e+00,0.000000e+00,0.000000e+00,0.000000e+00,0.000000e+00,0.000000e+00,0.000000e+00,0.000000e+00,0.000000e+00,0.000000e+00,0.000000e+00,0.000000e+00,0.000000e+00,0.000000e+00
1.000000e+00,0.000000e+00,0.000000e+00,0.000000e+00,0.000000e+00,0.000000e+00,0.000000e+00,0.000000e+00,0.000000e+00,0.000000e+00,0.000000e+00,0.000000e+00,0.000000e+00,0.000000e+00,0.000000e+00
1.000000e+00,0.000000e+00,0.000000e+00,0.000000e+00,0.000000e+00,0.000000e+00,0.000000e+00,0.000000e+00,0.000000e+00,0.000000e+00,0.000000e+00,0.000000e+00,0.000000e+00,0.000000e+00,0.000000e+00
1.000000e+00,0.000000e+00,0.000000e+00,0.000000e+00,0.000000e+00,0.000000e+00,0.000000e+00,0.000000e+00,0.000000e+00,0.000000e+00,0.000000e+00,0.000000e+00,0.000000e+00,0.000000e+00,0.000000e+00
1.000000e+00,0.000000e+00,0.000000e+00,0.000000e+00,0.000000e+00,0.000000e+00,0.000000e+00,0.000000e+00,0.000000e+00,0.000000e+00,0.000000e+00,0.000000e+00,0.000000e+00,0.000000e+00,0.000000e+00
1.000000e+00,0.000000e+00,0.000000e+00,0.000000e+00,0.000000e+00,0.000000e+00,0.000000e+00,0.000000e+00,0.000000e+00,0.000000e+00,0.000000e+00,0.000000e+00,0.000000e+00,0.000000e+00,0.000000e+00
1.000000e+00,0.000000e+00,0.000000e+00,0.000000e+00,0.000000e+00,0.000000e+00,0.000000e+00,0.000000e+00,0.000000e+00,0.000000e+00,0.000000e+00,0.000000e+00,0.000000e+00,0.000000e+00,0.000000e+00
1.000000e+00,0.000000e+00,0.000000e+00,0.000000e+00,0.000000e+00,0.000000e+00,0.000000e+00,0.000000e+00,0.000000e+00,0.000000e+00,0.000000e+00,0.000000e+00,0.000000e+00,0.000000e+00,0.000000e+00
1.000000e+00,0.000000e+00,0.000000e+00,0.000000e+00,0.000000e+00,0.000000e+00,0.000000e+00,0.000000e+00,0.000000e+00,0.000000e+00,0.000000e+00,0.000000e+00,0.000000e+00,0.000000e+00,0.000000e+00
1.000000e+00,0.000000e+00,0.000000e+00,0.000000e+00,0.000000e+00,0.000000e+00,0.000000e+00,0.000000e+00,0.000000e+00,0.000000e+00,0.000000e+00,0.000000e+00,0.000000e+00,0.000000e+00,0.000000e+00
1.000000e+00,0.000000e+00,0.000000e+00,0.000000e+00,0.000000e+00,0.000000e+00,0.000000e+00,0.000000e+00,0.000000e+00,0.000000e+00,0.000000e+00,0.000000e+00,0.000000e+00,0.000000e+00,0.000000e+00
1.000000e+00,0.000000e+00,0.000000e+00,0.000000e+00,0.000000e+00,0.000000e+00,0.000000e+00,0.000000e+00,0.000000e+00,0.000000e+00,0.000000e+00,0.000000e+00,0.000000e+00,0.000000e+00,0.000000e+00
1.000000e+00,0.000000e+00,0.000000e+00,0.000000e+00,0.000000e+00,0.000000e+00,0.000000e+00,0.000000e+00,0.000000e+00,0.000000e+00,0.000000e+00,0.000000e+00,0.000000e+00,0.000000e+00,0.000000e+00
1.000000e+00,0.000000e+00,0.000000e+00,0.000000e+00,0.000000e+00,0.000000e+00,0.000000e+00,0.000000e+00,0.000000e+00,0.000000e+00,0.000000e+00,0.000000e+00,0.000000e+00,0.000000e+00,0.000000e+00
1.000000e+00,0.000000e+00,0.000000e+00,0.000000e+00,0.000000e+00,0.000000e+00,0.000000e+00,0.000000e+00,0.000000e+00,0.000000e+00,0.000000e+00,0.000000e+00,0.000000e+00,0.000000e+00,0.000000e+00
1.000000e+00,0.000000e+00,0.000000e+00,0.000000e+00,0.000000e+00,0.000000e+00,0.000000e+00,0.000000e+00,0.000000e+00,0.000000e+00,0.000000e+00,0.000000e+00,0.000000e+00,0.000000e+00,0.000000e+00
1.000000e+00,0.000000e+00,0.000000e+00,0.000000e+00,0.000000e+00,0.000000e+00,0.000000e+00,0.000000e+00,0.000000e+00,0.000000e+00,0.000000e+00,0.000000e+00,0.000000e+00,0.000000e+00,0.000000e+00
1.000000e+00,0.000000e+00,0.000000e+00,0.000000e+00,0.000000e+00,0.000000e+00,0.000000e+00,0.000000e+00,0.000000e+00,0.000000e+00,0.000000e+00,0.000000e+00,0.000000e+00,0.000000e+00,0.000000e+00
1.000000e+00,0.000000e+00,0.000000e+00,0.000000e+00,0.000000e+00,0.000000e+00,0.000000e+00,0.000000e+00,0.000000e+00,0.000000e+00,0.000000e+00,0.000000e+00,0.000000e+00,0.000000e+00,0.000000e+00
1.000000e+00,0.000000e+00,0.000000e+00,0.000000e+00,0.000000e+00,0.000000e+00,0.000000e+00,0.000000e+00,0.000000e+00,0.000000e+00,0.000000e+00,0.000000e+00,0.000000e+00,0.000000e+00,0.000000e+00
1.000000e+00,0.000000e+00,0.000000e+00,0.000000e+00,0.000000e+00,0.000000e+00,0.000000e+00,0.000000e+00,0.000000e+00,0.000000e+00,0.000000e+00,0.000000e+00,0.000000e+00,0.000000e+00,0.000000e+00
1.000000e+00,0.000000e+00,0.000000e+00,0.000000e+00,0.000000e+00,0.000000e+00,0.000000e+00,0.000000e+00,0.000000e+00,0.000000e+00,0.000000e+00,0.000000e+00,0.000000e+00,0.000000e+00,0.000000e+00
1.000000e+00,0.000000e+00,0.000000e+00,0.000000e+00,0.000000e+00,0.000000e+00,0.000000e+00,0.000000e+00,0.000000e+00,0.000000e+00,0.000000e+00,0.000000e+00,0.000000e+00,0.000000e+00,0.000000e+00
1.000000e+00,0.000000e+00,0.000000e+00,0.000000e+00,0.000000e+00,0.000000e+00,0.000000e+00,0.000000e+00,0.000000e+00,0.000000e+00,0.000000e+00,0.000000e+00,0.000000e+00,0.000000e+00,0.000000e+00
1.000000e+00,0.000000e+00,0.000000e+00,0.000000e+00,0.000000e+00,0.000000e+00,0.000000e+00,0.000000e+00,0.000000e+00,0.000000e+00,0.000000e+00,0.000000e+00,0.000000e+00,0.000000e+00,0.000000e+00
4.614208e-01,1.254833e-02,6.618482e-03,1.561122e-02,5.372500e-02,2.132453e-01,4.426452e-03,2.666924e-02,1.982706e-02,1.236796e-01,2.602630e-02,1.071341e-02,1.092567e-02,5.886430e-03,8.676590e-03
3.420068e-01,9.584734e-03,4.931767e-03,1.291713e-02,3.931811e-02,1.716228e-01,3.569078e-03,1.919505e-02,1.072385e-01,2.080242e-01,3.584282e-02,8.934576e-03,9.265167e-03,7.019369e-03,2.052984e-02
2.398897e-01,1.193489e-02,3.972573e-03,2.309705e-02,2.788760e-02,1.242806e-01,2.597843e-03,1.347983e-02,1.317172e-01,3.380621e-01,3.563469e-02,6.645208e-03,7.741441e-03,5.146396e-03,2.791288e-02
1.682754e-01,2.737995e-02,1.301271e-02,7.898813e-02,2.015593e-02,9.068064e-02,1.879439e-03,9.514102e-03,1.758159e-01,3.394038e-01,2.900587e-02,4.976942e-03,6.239921e-03,3.829939e-03,3.084131e-02
1.188576e-01,6.875689e-02,1.032859e-02,5.829653e-02,1.455362e-02,6.482670e-02,1.390389e-03,6.679714e-03,1.637551e-01,2.855862e-01,2.818288e-02,4.136296e-03,6.647315e-03,3.009657e-03,1.649925e-01
8.362482e-02,1.515428e-01,7.877338e-03,4.242438e-02,1.039599e-02,4.607147e-02,1.002272e-03,4.683168e-03,1.713688e-01,2.142948e-01,2.281711e-02,3.234827e-03,5.696708e-03,2.309277e-03,2.326563e-01
5.873857e-02,3.173972e-01,5.625868e-03,3.035661e-02,7.336884e-03,3.244542e-02,7.040016e-04,3.280488e-03,1.666092e-01,1.516095e-01,1.608423e-02,2.292901e-03,4.617285e-03,1.766309e-03,2.011356e-01
4.118035e-02,4.892489e-01,3.960893e-03,2.143431e-02,5.160328e-03,2.278587e-02,4.933220e-04,2.297450e-03,1.395878e-01,1.064618e-01,1.130022e-02,1.614536e-03,3.531785e-03,1.300518e-03,1.496420e-01
2.899009e-02,5.533175e-01,3.180251e-03,1.759838e-02,3.784266e-03,1.622382e-02,3.479435e-04,1.659645e-03,1.785366e-01,7.492200e-02,7.954878e-03,1.138752e-03,2.741987e-03,1.013504e-03,1.085903e-01
2.064694e-02,5.575616e-01,4.115171e-03,3.204653e-02,3.118427e-03,1.278782e-02,2.483538e-04,2.382237e-03,2.238072e-01,5.304916e-02,5.712627e-03,8.258363e-04,2.622982e-03,8.146192e-04,8.026052e-02
1.472297e-02,5.744040e-01,3.071833e-03,2.508780e-02,2.685450e-03,1.152489e-02,1.775448e-04,1.908804e-03,2.620734e-01,3.738675e-02,4.047914e-03,5.879305e-04,2.627899e-03,6.475094e-04,5.904534e-02
1.053882e-02,6.224071e-01,2.251382e-03,1.866217e-02,2.099997e-03,8.312370e-03,1.268081e-04,1.442735e-03,2.547978e-01,2.645440e-02,2.866925e-03,4.194204e-04,2.718334e-03,6.875346e-04,4.621428e-02
8.306300e-03,5.838434e-01,2.454967e-03,2.379344e-02,2.646622e-03,6.440558e-03,1.147716e-04,2.433074e-03,3.021862e-01,1.952401e-02,2.133650e-03,3.146835e-04,2.765289e-03,7.222899e-04,4.232081e-02
9.387696e-03,5.781173e-01,2.923014e-03,2.350272e-02,6.120699e-03,8.174710e-03,1.531288e-04,3.594855e-03,2.727707e-01,1.477519e-02,1.691510e-03,2.423007e-04,2.635662e-03,1.118830e-03,7.479167e-02
8.282905e-03,5.248526e-01,3.416756e-03,3.305653e-02,7.404173e-03,6.942142e-03,1.549983e-04,4.360419e-03,3.051496e-01,1.251147e-02,1.323401e-03,1.961785e-04,2.396576e-03,1.062008e-03,8.889011e-02
9.408078e-03,4.925513e-01,4.201153e-03,3.109062e-02,9.037378e-03,7.257589e-03,1.489618e-04,4.262944e-03,3.025067e-01,1.228975e-02,1.202680e-03,1.628279e-04,2.265215e-03,1.156806e-03,1.224580e-01
1.906737e-02,4.426675e-01,7.528034e-03,3.203000e-02,1.998859e-02,1.522935e-02,3.461794e-04,7.171464e-03,3.084201e-01,1.099889e-02,1.517334e-03,2.093466e-04,2.026950e-03,1.504746e-03,1.312942e-01
2.682910e-02,3.357654e-01,5.649634e-02,8.750074e-02,3.174469e-02,1.392408e-02,5.706500e-04,1.703035e-02,2.896115e-01,9.593851e-03,2.379520e-03,2.999976e-04,1.725250e-03,2.152887e-03,1.243757e-01
2.122759e-02,2.403477e-01,2.176387e-01,1.435978e-01,2.493114e-02,1.050216e-02,4.976250e-04,1.376188e-02,2.209221e-01,7.419088e-03,2.323551e-03,2.578901e-04,1.288312e-03,1.743874e-03,9.354069e-02
3.256970e-02,1.842491e-01,3.372767e-01,1.287316e-01,2.434798e-02,1.003467e-02,1.037486e-03,1.105883e-02,1.628073e-01,7.064214e-03,5.149605e-03,4.099589e-04,1.101382e-03,5.176861e-03,8.898451e-02
4.642198e-02,1.495124e-01,3.465647e-01,1.110234e-01,2.635964e-02,1.057906e-02,1.300734e-03,9.812875e-03,1.248655e-01,8.555456e-03,9.587895e-03,6.970542e-04,1.116919e-03,1.993246e-02,1.336700e-01
4.562321e-02,1.264202e-01,3.186611e-01,9.290595e-02,2.554777e-02,1.026032e-02,1.495716e-03,9.157138e-03,9.278244e-02,1.134528e-02,8.597874e-03,1.176254e-03,1.287119e-03,3.093344e-02,2.238061e-01
4.039020e-02,9.707636e-02,2.864310e-01,7.779877e-02,2.013643e-02,8.036867e-03,1.268441e-03,7.585787e-03,7.381436e-02,4.204604e-02,7.010400e-03,1.202994e-03,1.296169e-03,2.378034e-02,3.121259e-01
3.635092e-02,7.065415e-02,2.319157e-01,5.564474e-02,1.460219e-02,6.639593e-03,9.740739e-04,5.664186e-03,5.578493e-02,4.848088e-02,5.333009e-03,9.694639e-04,1.162756e-03,2.216498e-02,4.436584e-01
2.926465e-02,8.735608e-02,1.984715e-01,1.104298e-01,1.173734e-02,5.866781e-03,8.386408e-04,4.490220e-03,4.368685e-02,4.489169e-02,4.821737e-03,1.036145e-03,1.298264e-03,1.716803e-02,4.386423e-01
4.065420e-02,7.051666e-02,1.801997e-01,8.828764e-02,8.892485e-03,5.304657e-03,7.198366e-04,3.443380e-03,3.622308e-02,4.922169e-02,5.187229e-03,1.251898e-03,1.380324e-03,2.597600e-02,4.827412e-01
3.921791e-02,5.845242e-02,3.476509e-01,8.101794e-02,8.090463e-03,7.032181e-03,8.192792e-04,4.733817e-03,2.663037e-02,3.512862e-02,5.746018e-03,1.800802e-03,1.578877e-03,2.677415e-02,3.553262e-01
4.806080e-02,5.542529e-02,3.158490e-01,6.879486e-02,6.416800e-03,6.797849e-03,6.873030e-04,3.662016e-03,2.985011e-02,3.428687e-02,6.357974e-03,1.663022e-03,1.502927e-03,6.683952e-02,3.538056e-01
4.535995e-02,4.333251e-02,2.481662e-01,4.947666e-02,4.634592e-03,5.587500e-03,5.244189e-04,2.642542e-03,5.156118e-02,6.089298e-02,7.515072e-03,1.656170e-03,1.406880e-03,1.334845e-01,3.437588e-01
5.441231e-02,3.675717e-02,2.449991e-01,3.793475e-02,3.797060e-03,4.688982e-03,4.881359e-04,2.202285e-03,8.831254e-02,8.643347e-02,1.294936e-02,1.516538e-03,1.577900e-03,1.620187e-01,2.619117e-01
1.036227e-01,2.896106e-02,1.863807e-01,2.772705e-02,3.308474e-03,8.951561e-03,4.894750e-04,1.843204e-03,7.566616e-02,1.049104e-01,4.342993e-02,1.407172e-03,1.737183e-03,2.173906e-01,1.941743e-01
2.386237e-01,2.146636e-02,1.503872e-01,2.241267e-02,4.091759e-03,1.701148e-02,1.224640e-03,6.531111e-03,6.144407e-02,8.787843e-02,4.575105e-02,2.048704e-03,2.788759e-03,2.008215e-01,1.375186e-01
2.688479e-01,1.572585e-02,1.107372e-01,1.729564e-02,4.180175e-03,1.451551e-02,1.167174e-03,4.901773e-03,5.285134e-02,8.056419e-02,5.666160e-02,2.235539e-03,2.454092e-03,2.679467e-01,9.991537e-02
2.212662e-01,1.135771e-02,8.038169e-02,1.309597e-02,3.849189e-03,1.108323e-02,1.004951e-03,3.639065e-03,5.444877e-02,2.503510e-01,4.632464e-02,2.041631e-03,2.060610e-03,2.236719e-01,7.542349e-02
2.510498e-01,9.847826e-03,5.900388e-02,1.177480e-02,6.117379e-03,9.575910e-03,9.051761e-04,3.735013e-03,6.867298e-02,2.651037e-01,5.558755e-02,2.714959e-03,3.680122e-03,1.893356e-01,6.289543e-02
3.145301e-01,8.323258e-03,4.178276e-02,9.627809e-03,6.148695e-03,9.510674e-03,8.803869e-04,3.383683e-03,8.167128e-02,2.128790e-01,7.128623e-02,4.203906e-03,7.210054e-03,1.736242e-01,5.493799e-02
2.576374e-01,7.014900e-03,3.077558e-02,7.882775e-03,1.001098e-02,9.613063e-03,7.644077e-04,3.947194e-03,9.374151e-02,1.759089e-01,1.857343e-01,9.203779e-03,1.876165e-02,1.472309e-01,4.177262e-02
1.876660e-01,6.149382e-03,2.217298e-02,5.991935e-03,1.022265e-02,7.426646e-03,6.254987e-04,3.042974e-03,8.434695e-02,1.450944e-01,3.189567e-01,1.200110e-02,2.471351e-02,1.282523e-01,4.333702e-02
1.379060e-01,5.732413e-03,1.649105e-02,4.778675e-03,9.667038e-03,5.727243e-03,5.413063e-04,3.219222e-03,7.494443e-02,1.398269e-01,3.764974e-01,1.580947e-02,2.477074e-02,1.421880e-01,4.190028e-02
1.325355e-01,1.575630e-02,6.390709e-02,1.313622e-02,1.255433e-02,5.784237e-03,1.965038e-03,2.476317e-02,1.137716e-01,1.137014e-01,3.171421e-01,1.612886e-02,1.996312e-02,1.148519e-01,3.403916e-02
1.060450e-01,2.157466e-02,9.707145e-02,2.546252e-02,6.972391e-02,2.446159e-02,2.360456e-03,2.642165e-02,1.339107e-01,8.388610e-02,2.469271e-01,1.227339e-02,1.593009e-02,1.008064e-01,3.314507e-02
9.190103e-02,3.641016e-02,1.852294e-01,2.945348e-02,7.742205e-02,4.121558e-02,2.490245e-03,2.282704e-02,1.271565e-01,6.125636e-02,1.862236e-01,8.817517e-03,1.188425e-02,9.193511e-02,2.577770e-02
8.763246e-02,3.580225e-02,2.798487e-01,5.608980e-02,9.331344e-02,4.473069e-02,3.601813e-03,2.229824e-02,9.485544e-02,4.369190e-02,1.354121e-01,6.384781e-03,8.621380e-03,6.816615e-02,1.955089e-02
8.230063e-02,3.740464e-02,3.417970e-01,4.841244e-02,1.270831e-01,3.992491e-02,4.078869e-03,1.942165e-02,7.468319e-02,3.293698e-02,1.038790e-01,4.632139e-03,6.280628e-03,6.245211e-02,1.471258e-02
9.300835e-02,4.013215e-02,2.998281e-01,6.851425e-02,1.729937e-01,4.967165e-02,5.591508e-03,2.308586e-02,6.437340e-02,2.471809e-02,8.426753e-02,3.726576e-03,4.847609e-03,5.315778e-02,1.208337e-02
1.157167e-01,4.535088e-02,2.218105e-01,6.388470e-02,2.001086e-01,7.150629e-02,6.011061e-03,2.015081e-02,6.988679e-02,2.542655e-02,9.144785e-02,3.377288e-03,4.589221e-03,5.030251e-02,1.043012e-02
1.519294e-01,5.969469e-02,1.744672e-01,5.486965e-02,1.631290e-01,5.712808e-02,4.675079e-03,1.909482e-02,7.177207e-02,4.472626e-02,1.163699e-01,4.350763e-03,4.820447e-03,6.307220e-02,9.900372e-03
1.989677e-01,5.470005e-02,1.270832e-01,1.014618e-01,1.379386e-01,4.744359e-02,4.493732e-03,7.078525e-02,5.612394e-02,3.640888e-02,9.737851e-02,6.687524e-03,5.685843e-03,4.626623e-02,8.575054e-03
1.558289e-01,4.398736e-02,8.993274e-02,1.461014e-01,1.081399e-01,2.015053e-01,3.283971e-03,6.310727e-02,4.053268e-02,2.597209e-02,7.287549e-02,5.368627e-03,4.391110e-03,3.253116e-02,6.442036e-03
1.106619e-01,3.099951e-02,6.304374e-02,1.031193e-01,7.674883e-02,4.316680e-01,2.319793e-03,4.436949e-02,2.851476e-02,1.839635e-02,5.471495e-02,4.033595e-03,3.195491e-03,2.285262e-02,5.361774e-03
7.795088e-02,2.186245e-02,4.416820e-02,7.274029e-02,5.432008e-02,5.847765e-01,1.666382e-03,3.113709e-02,2.098090e-02,1.328131e-02,4.963921e-02,3.017111e-03,2.349279e-03,1.633391e-02,5.776405e-03
5.478941e-02,1.536653e-02,3.094776e-02,5.118234e-02,3.817048e-02,4.648111e-01,1.187186e-03,2.325196e-02,1.721655e-02,9.750103e-03,2.569070e-01,4.475463e-03,1.902844e-03,2.593956e-02,4.101666e-03
3.861380e-02,1.079616e-02,2.168704e-02,3.590679e-02,2.686188e-02,3.367502e-01,8.450648e-04,1.777933e-02,1.224880e-02,7.036772e-03,4.484321e-01,6.477053e-03,1.477866e-03,3.217430e-02,2.912781e-03
2.721831e-02,7.587173e-03,1.520052e-02,2.515733e-02,1.889222e-02,2.407694e-01,6.015777e-04,1.332677e-02,8.683410e-03,5.038542e-03,5.931318e-01,6.641196e-03,1.176825e-03,3.450799e-02,2.066876e-03
1.937383e-02,5.424829e-03,1.067776e-02,1.762678e-02,1.376461e-02,1.705361e-01,5.040687e-04,9.602613e-03,6.661369e-03,3.878017e-03,7.002295e-01,6.914672e-03,1.041477e-03,3.228379e-02,1.480532e-03
1.375995e-02,3.902581e-03,7.504537e-03,1.235032e-02,1.070728e-02,1.202665e-01,3.926798e-04,6.776625e-03,5.187820e-03,3.042516e-03,7.787688e-01,6.695035e-03,1.018215e-03,2.855991e-02,1.067351e-03
9.776370e-03,2.881185e-03,5.428869e-03,8.660272e-03,1.115347e-02,8.448365e-02,3.523324e-04,4.810376e-03,4.036789e-03,3.186062e-03,8.330846e-01,5.561417e-03,1.148023e-03,2.462074e-02,8.159098e-04
7.095654e-03,2.111661e-03,3.847053e-03,6.090514e-03,9.318879e-03,5.934304e-02,2.858293e-04,3.461856e-03,3.075158e-03,4.621314e-03,8.687297e-01,5.129007e-03,1.264878e-03,2.501586e-02,6.096803e-04
5.645469e-03,1.835217e-03,2.796008e-03,4.384037e-03,7.017787e-03,4.199319e-02,2.677256e-04,2.733669e-03,4.749778e-03,1.064005e-02,8.695409e-01,8.413354e-03,1.142533e-03,3.834954e-02,4.907660e-04
4.094276e-03,1.552919e-03,2.053848e-03,3.106379e-03,5.360272e-03,2.954563e-02,2.107680e-04,1.968229e-03,4.443999e-03,9.257204e-03,8.652041e-01,8.027161e-03,9.861033e-04,6.380308e-02,3.860756e-04
3.237830e-03,1.506072e-03,1.635253e-03,2.223442e-03,4.286244e-03,2.080488e-02,2.141287e-04,1.438334e-03,3.611053e-03,9.194691e-03,8.717483e-01,7.170071e-03,1.038283e-03,7.155625e-02,3.352218e-04
2.858180e-03,2.801376e-03,6.936107e-03,1.870325e-03,5.684448e-03,1.595334e-02,7.646293e-04,1.433269e-03,3.124181e-03,1.171453e-02,8.635854e-01,7.107025e-03,1.042694e-03,7.479311e-02,3.314148e-04
2.428540e-03,2.650944e-03,6.064724e-03,1.597796e-03,4.646621e-03,1.159760e-02,6.482666e-04,1.353007e-03,3.522535e-03,1.090013e-02,8.389092e-01,1.236369e-02,9.660569e-04,1.020886e-01,2.622160e-04
1.989908e-03,2.339752e-03,4.955640e-03,1.270873e-03,3.635512e-03,8.395975e-03,5.584414e-04,1.138018e-03,3.551160e-03,1.000117e-02,8.487628e-01,1.332716e-02,1.030892e-03,9.880570e-02,2.370812e-04
1.791001e-03,2.954725e-03,6.806788e-03,2.027261e-03,5.926065e-03,6.663171e-03,5.326745e-04,4.229888e-03,5.686163e-03,9.912688e-03,8.074079e-01,1.219785e-02,1.061820e-03,1.325080e-01,2.940559e-04
1.891609e-03,6.503630e-03,5.584850e-03,1.951080e-03,1.933665e-02,7.235771e-03,7.064749e-04,3.633051e-03,7.277741e-03,9.859550e-03,7.448893e-01,1.166777e-02,1.484012e-03,1.776093e-01,3.692430e-04
1.134370e-02,2.050132e-02,8.998619e-03,4.205277e-03,5.684546e-02,1.387215e-02,2.028408e-03,1.207154e-02,1.460370e-02,1.070125e-02,6.472638e-01,1.330417e-02,1.640647e-03,1.811757e-01,1.444237e-03
1.929518e-02,2.907289e-02,3.860897e-02,5.646055e-03,9.104079e-02,3.006999e-02,2.774382e-03,2.761745e-02,2.995938e-02,1.652014e-02,5.316336e-01,1.297480e-02,1.911601e-03,1.606604e-01,2.214432e-03
3.806107e-02,3.817265e-02,9.393743e-02,8.975966e-03,1.067629e-01,3.381260e-02,2.999858e-03,4.604734e-02,3.504350e-02,2.192122e-02,4.270363e-01,1.078868e-02,1.829486e-03,1.308740e-01,3.737053e-03
6.192134e-02,4.337929e-02,1.320626e-01,1.239308e-02,1.348614e-01,5.295952e-02,3.763310e-03,4.202532e-02,4.723506e-02,3.755958e-02,3.099708e-01,8.052074e-03,1.556836e-03,9.964091e-02,1.261897e-02
9.341656e-02,4.288780e-02,1.460285e-01,1.233687e-02,1.284031e-01,7.179186e-02,4.048879e-03,4.344836e-02,6.816693e-02,4.731989e-02,2.324227e-01,6.136033e-03,1.606155e-03,8.732117e-02,1.466518e-02
1.188769e-01,4.411319e-02,1.843912e-01,1.042393e-02,1.131790e-01,6.324660e-02,3.348332e-03,3.966825e-02,8.525151e-02,6.199401e-02,1.759442e-01,4.830897e-03,1.549367e-03,7.276097e-02,2.042156e-02
1.521604e-01,4.033237e-02,2.104917e-01,8.662233e-03,1.304179e-01,6.273293e-02,3.512840e-03,3.013127e-02,8.247422e-02,5.951073e-02,1.317424e-01,3.798030e-03,1.240070e-03,6.753614e-02,1.525661e-02
1.585620e-01,4.648128e-02,2.274389e-01,8.124066e-03,1.236524e-01,5.389065e-02,3.088765e-03,2.380528e-02,9.556647e-02,8.097331e-02,9.790699e-02,3.420968e-03,1.070341e-03,6.292713e-02,1.309146e-02
1.320113e-01,3.421615e-02,1.608522e-01,7.085167e-03,1.122336e-01,2.651584e-01,2.626070e-03,2.503919e-02,6.862640e-02,6.373365e-02,6.946705e-02,2.898232e-03,8.983195e-04,4.535714e-02,9.797205e-03
1.090644e-01,2.504158e-02,1.143303e-01,6.288092e-03,1.214272e-01,4.005285e-01,2.289370e-03,2.692260e-02,4.964953e-02,5.228013e-02,4.898954e-02,2.380800e-03,8.118635e-04,3.271882e-02,7.277371e-03
1.284409e-01,2.312063e-02,9.091069e-02,7.391714e-03,1.307293e-01,3.947907e-01,2.731166e-03,2.694039e-02,3.772033e-02,8.316418e-02,3.911074e-02,2.861709e-03,1.733613e-03,2.391983e-02,6.434132e-03
1.243163e-01,2.149381e-02,7.601660e-02,1.226604e-02,1.451912e-01,3.912179e-01,2.887884e-03,2.188944e-02,3.250314e-02,1.091772e-01,3.113014e-02,2.965304e-03,2.526029e-03,1.835832e-02,8.060615e-03
1.017858e-01,6.507525e-02,5.534316e-02,1.450192e-01,1.276361e-01,3.000815e-01,2.385354e-03,1.711764e-02,3.583951e-02,8.438179e-02,2.896497e-02,6.212750e-03,3.346959e-03,1.388984e-02,1.292002e-02
7.919888e-02,6.276989e-02,4.405117e-02,3.170587e-01,9.335197e-02,2.139564e-01,2.028609e-03,1.339552e-02,3.539271e-02,6.971546e-02,3.019582e-02,6.179039e-03,4.780153e-03,1.022787e-02,1.769778e-02
6.158871e-02,1.262075e-01,4.646593e-02,2.390078e-01,6.772684e-02,1.529672e-01,1.652932e-03,9.821832e-03,3.349541e-02,1.289822e-01,3.172346e-02,5.731816e-03,5.765748e-03,1.120038e-02,7.766224e-02
8.539701e-02,1.366414e-01,5.146471e-02,1.874202e-01,7.737955e-02,1.230490e-01,2.157349e-03,1.211012e-02,3.449474e-02,1.015227e-01,3.318971e-02,7.812215e-03,8.747432e-03,4.220514e-02,9.640872e-02
8.057243e-02,1.279239e-01,9.883983e-02,1.850467e-01,5.815573e-02,9.301879e-02,2.396989e-03,1.038373e-02,5.626215e-02,8.550067e-02,2.891155e-02,1.514442e-02,1.605123e-02,3.495719e-02,1.068347e-01
1.216472e-01,1.088827e-01,9.123533e-02,1.618969e-01,4.908292e-02,7.427181e-02,4.558674e-03,1.041037e-02,9.095715e-02,7.433876e-02,2.635679e-02,1.758616e-02,3.909776e-02,3.561321e-02,9.406430e-02
1.220580e-01,1.729461e-01,6.888761e-02,1.244047e-01,3.800081e-02,5.539514e-02,3.795024e-03,7.515294e-03,1.395776e-01,6.621542e-02,2.131796e-02,1.346270e-02,6.357200e-02,2.826129e-02,7.459029e-02
1.195367e-01,1.562013e-01,6.294920e-02,2.072310e-01,3.066559e-02,4.160764e-02,3.286513e-03,7.358788e-03,1.554418e-01,5.306841e-02,1.813251e-02,1.020601e-02,5.268998e-02,2.177648e-02,5.984810e-02
1.016252e-01,1.662821e-01,5.805305e-02,1.812709e-01,2.485405e-02,3.192914e-02,2.463614e-03,5.820875e-03,1.868985e-01,4.844591e-02,1.685967e-02,8.220315e-03,5.082848e-02,3.966522e-02,7.678304e-02
7.330772e-02,1.631507e-01,6.159791e-02,2.410960e-01,1.789622e-02,2.306748e-02,1.762931e-03,5.022470e-03,2.276998e-01,3.702767e-02,1.418467e-02,6.284729e-03,3.626369e-02,2.848010e-02,6.315791e-02
6.135709e-02,1.666017e-01,5.219163e-02,2.082601e-01,1.346083e-02,1.763101e-02,1.294413e-03,5.351437e-03,2.500170e-01,5.483503e-02,3.479073e-02,6.280432e-03,2.858710e-02,2.405311e-02,7.528832e-02
5.373994e-02,1.353857e-01,4.262622e-02,1.999905e-01,1.207943e-02,2.751184e-02,1.398461e-03,1.426187e-02,2.073691e-01,4.618760e-02,1.409861e-01,9.635167e-03,3.299537e-02,1.910876e-02,5.672392e-02
4.206601e-02,1.141272e-01,5.738298e-02,2.127827e-01,1.076508e-02,2.300592e-02,1.335658e-03,1.470559e-02,2.434677e-01,4.164106e-02,1.378043e-01,1.039921e-02,3.239526e-02,1.477649e-02,4.334482e-02
3.485193e-02,1.057032e-01,4.758847e-02,1.608993e-01,9.428119e-03,1.738546e-02,1.082567e-03,1.071815e-02,3.552665e-01,4.125338e-02,1.008329e-01,7.647119e-03,2.380357e-02,1.076784e-02,7.277164e-02
2.696053e-02,1.036320e-01,6.255739e-02,1.747994e-01,8.590722e-03,1.296905e-02,8.395758e-04,9.177519e-03,3.305321e-01,6.176651e-02,7.278678e-02,5.749836e-03,1.742814e-02,7.844875e-03,1.043657e-01
3.370061e-02,1.047269e-01,9.230892e-02,1.362506e-01,1.304054e-02,1.165726e-02,1.229309e-03,1.897734e-02,2.991887e-01,1.020225e-01,5.287864e-02,4.311441e-03,1.375908e-02,6.128466e-03,1.098197e-01
9.208298e-02,9.005567e-02,7.038550e-02,9.894613e-02,3.401627e-02,3.821674e-02,2.339248e-03,1.806195e-02,2.747672e-01,1.050256e-01,3.865004e-02,3.366700e-03,1.181870e-02,4.988607e-03,1.172787e-01
1.072110e-01,9.178055e-02,5.785193e-02,8.032799e-02,6.373791e-02,5.344147e-02,4.913744e-03,3.426253e-02,2.434438e-01,9.184622e-02,2.817871e-02,2.636045e-03,9.204440e-03,4.321087e-03,1.268425e-01
1.240678e-01,1.105544e-01,4.353469e-02,6.049327e-02,6.963244e-02,5.787602e-02,5.458721e-03,2.765155e-02,2.682311e-01,6.984482e-02,2.094632e-02,2.287215e-03,9.247627e-03,5.159448e-03,1.250146e-01
1.319357e-01,1.310430e-01,3.184120e-02,4.620047e-02,7.497797e-02,1.289470e-01,5.430198e-03,2.071213e-02,2.545061e-01,5.057433e-02,1.584271e-02,2.107738e-03,7.700404e-03,4.190675e-03,9.399040e-02
1.059953e-01,9.642366e-02,2.293595e-02,3.714592e-02,1.664518e-01,2.317614e-01,9.141710e-03,1.502602e-02,1.846880e-01,3.858835e-02,1.196108e-02,1.676330e-03,6.962981e-03,3.166879e-03,6.807465e-02
8.089665e-02,6.802233e-02,1.691055e-02,2.671980e-02,3.294823e-01,1.739304e-01,1.037908e-02,1.101419e-02,1.312827e-01,7.997022e-02,9.155254e-03,1.252213e-03,5.712741e-03,2.653909e-03,5.261772e-02
5.718026e-02,4.773013e-02,1.204598e-02,1.903385e-02,4.460054e-01,1.232009e-01,9.047000e-03,7.797504e-03,9.195995e-02,1.333278e-01,7.062733e-03,8.859123e-04,4.070810e-03,1.989635e-03,3.866225e-02
4.016672e-02,3.343042e-02,8.444645e-03,1.335668e-02,3.624842e-01,8.668433e-02,7.366722e-03,5.469843e-03,6.440847e-02,3.379464e-01,5.554873e-03,6.282444e-04,2.917824e-03,1.412784e-03,2.972781e-02
2.821780e-02,2.341776e-02,5.918696e-03,9.358589e-03,2.656235e-01,6.075304e-02,5.312768e-03,3.832459e-03,4.512253e-02,5.216924e-01,4.457479e-03,4.575817e-04,2.219488e-03,1.024518e-03,2.259150e-02
2.017887e-02,1.651997e-02,4.173852e-03,6.569869e-03,2.018761e-01,4.280824e-02,3.805691e-03,2.694357e-03,3.171935e-02,6.457824e-01,3.884408e-03,3.596036e-04,1.744839e-03,7.885818e-04,1.709402e-02
2.040704e-02,1.248729e-02,3.054702e-03,4.663654e-03,2.062192e-01,3.687460e-02,3.327587e-03,1.942567e-03,2.229743e-02,6.636270e-01,4.075689e-03,2.986560e-04,1.363230e-03,1.325805e-03,1.803556e-02
1.818871e-02,1.437680e-02,3.836399e-03,3.915121e-03,1.958355e-01,3.771603e-02,3.202898e-03,1.450184e-03,1.587624e-02,6.744510e-01,6.095595e-03,4.741125e-04,1.810411e-03,1.897515e-03,2.087351e-02
1.587180e-02,1.277093e-02,1.227461e-02,8.381458e-02,1.400351e-01,2.978825e-02,2.437526e-03,1.293572e-03,1.694677e-02,6.127220e-01,2.549780e-02,9.832998e-04,3.831747e-03,2.024659e-03,3.970734e-02
1.503815e-02,1.211992e-02,1.882883e-02,1.056658e-01,1.028046e-01,2.950259e-02,2.454853e-03,1.760738e-03,2.642071e-02,4.906214e-01,5.019793e-02,4.709973e-03,1.190001e-02,6.047389e-03,1.219271e-01
1.192957e-02,3.983893e-02,1.867887e-02,9.041114e-02,7.357771e-02,2.220563e-02,1.917816e-03,1.389502e-03,3.405259e-02,4.887859e-01,6.299293e-02,7.893737e-03,1.246451e-02,7.058308e-03,1.268029e-01
9.375819e-03,1.250228e-01,4.622313e-02,1.190238e-01,5.305693e-02,1.685032e-02,1.394825e-03,1.330642e-03,1.173610e-01,3.480001e-01,4.839545e-02,5.899519e-03,9.463848e-03,5.967710e-03,9.263414e-02
7.684157e-03,1.434425e-01,5.033434e-02,1.232178e-01,3.787213e-02,1.685530e-02,1.095436e-03,1.186070e-03,2.496427e-01,2.448559e-01,3.822726e-02,4.562239e-03,7.813998e-03,4.464593e-03,6.874567e-02
5.987696e-03,1.797758e-01,5.800711e-02,2.269823e-01,2.684062e-02,1.394502e-02,7.834381e-04,1.066150e-03,2.218612e-01,1.720647e-01,2.965653e-02,3.655500e-03,6.418872e-03,3.242783e-03,4.971242e-02
8.250754e-03,1.612142e-01,4.510434e-02,2.649491e-01,2.344629e-02,1.387169e-02,6.876014e-04,4.539242e-03,2.841935e-01,1.208507e-01,2.626449e-02,3.176775e-03,5.569127e-03,2.495301e-03,3.538704e-02
1.311210e-02,1.639452e-01,3.220740e-02,2.580253e-01,1.960700e-02,1.692598e-02,6.435789e-04,5.398447e-03,3.467534e-01,8.487224e-02,2.185158e-02,3.102170e-03,6.152752e-03,1.920083e-03,2.548269e-02
1.280055e-02,1.462327e-01,2.402830e-02,3.683529e-01,1.581025e-02,1.315005e-02,4.754939e-04,5.809732e-03,2.973033e-01,5.969915e-02,2.545285e-02,3.175834e-03,6.843110e-03,1.590530e-03,1.927522e-02
1.278830e-02,1.115185e-01,2.983613e-02,4.242492e-01,1.506360e-02,1.266648e-02,4.425558e-04,1.714414e-02,2.631500e-01,4.299782e-02,4.374626e-02,2.690045e-03,7.484731e-03,1.414686e-03,1.480759e-02
3.613101e-02,8.968324e-02,4.865267e-02,3.587465e-01,2.973727e-02,1.380586e-02,1.039713e-03,2.098903e-02,2.505820e-01,3.208429e-02,9.250902e-02,2.721486e-03,8.887807e-03,1.208687e-03,1.322138e-02
3.957634e-02,9.204844e-02,4.982403e-02,2.733784e-01,5.205470e-02,1.449474e-02,3.312714e-03,3.739322e-02,2.899140e-01,2.452314e-02,1.012700e-01,2.366378e-03,7.914214e-03,1.012941e-03,1.091669e-02
4.976843e-02,8.222841e-02,7.129705e-02,2.087431e-01,7.428826e-02,1.672241e-02,2.502271e-02,5.673626e-02,2.991776e-01,1.917826e-02,7.647853e-02,1.951956e-03,8.168004e-03,9.039105e-04,9.335086e-03
6.864070e-02,8.690043e-02,8.829069e-02,1.891096e-01,7.480292e-02,2.987323e-02,3.345978e-02,6.449135e-02,2.640074e-01,1.760079e-02,6.022565e-02,1.926224e-03,1.030158e-02,1.252739e-03,9.116833e-03
8.090138e-02,8.371782e-02,9.570143e-02,1.460866e-01,7.325551e-02,3.122107e-02,3.041788e-02,1.383317e-01,2.392734e-01,1.506822e-02,4.625919e-02,1.895052e-03,8.670878e-03,1.259689e-03,7.940169e-03
1.504642e-01,9.232593e-02,1.114029e-01,1.064996e-01,7.358138e-02,3.049949e-02,3.501253e-02,1.230743e-01,1.945690e-01,1.842716e-02,3.486203e-02,6.013589e-03,1.139482e-02,2.089332e-03,9.783691e-03
1.886582e-01,1.240428e-01,8.801572e-02,7.672848e-02,6.509353e-02,3.630594e-02,3.118869e-02,1.006752e-01,2.006507e-01,2.091336e-02,2.797637e-02,8.904240e-03,1.412185e-02,5.646271e-03,1.107867e-02
2.353155e-01,1.318873e-01,8.103909e-02,5.824056e-02,5.867376e-02,3.438074e-02,3.023195e-02,9.109926e-02,1.708439e-01,2.977815e-02,2.363340e-02,1.335767e-02,1.835461e-02,6.404597e-03,1.675962e-02
3.323342e-01,1.116055e-01,6.853996e-02,4.502548e-02,5.113489e-02,3.193301e-02,2.675236e-02,8.213497e-02,1.472715e-01,2.713001e-02,1.925203e-02,1.426150e-02,1.924219e-02,7.125311e-03,1.625708e-02
3.818772e-01,9.179609e-02,5.355134e-02,3.560474e-02,4.362947e-02,3.437412e-02,2.491923e-02,1.035312e-01,1.289102e-01,3.115900e-02,1.495063e-02,1.597543e-02,1.668572e-02,6.345233e-03,1.669037e-02
4.158888e-01,7.419540e-02,4.296986e-02,2.852514e-02,3.481665e-02,3.416253e-02,2.566095e-02,1.392682e-01,1.076039e-01,2.579650e-02,1.177442e-02,1.891066e-02,1.394860e-02,5.278806e-03,2.119966e-02
4.096119e-01,5.588631e-02,3.527179e-02,2.254368e-02,3.077945e-02,3.091405e-02,3.191772e-02,2.069005e-01,8.899231e-02,2.017232e-02,1.052325e-02,1.912283e-02,1.179104e-02,4.234991e-03,2.133784e-02
3.893825e-01,4.265236e-02,3.067507e-02,2.381495e-02,2.378707e-02,4.298424e-02,3.203346e-02,1.689571e-01,7.323695e-02,4.610160e-02,2.496420e-02,2.828505e-02,3.522355e-02,6.927366e-03,3.097443e-02
3.204821e-01,4.282759e-02,2.219263e-02,1.990379e-02,1.800253e-02,3.334551e-02,2.350309e-02,1.229093e-01,1.545664e-01,1.155443e-01,2.817452e-02,2.244146e-02,3.332764e-02,6.622468e-03,3.615657e-02
2.839752e-01,4.392940e-02,1.668935e-02,2.067575e-02,1.777511e-02,2.489965e-02,1.816813e-02,9.079891e-02,1.712414e-01,1.416359e-01,6.786087e-02,2.143317e-02,4.124124e-02,5.635852e-03,3.403998e-02
2.039352e-01,4.571906e-02,1.402931e-02,7.587363e-02,1.566061e-02,1.830501e-02,1.316955e-02,6.456152e-02,2.804359e-01,1.322098e-01,5.235503e-02,1.605139e-02,3.324676e-02,4.218020e-03,3.022918e-02
1.466293e-01,3.953268e-02,1.167419e-02,5.771360e-02,1.207165e-02,1.423625e-02,9.729729e-03,4.730057e-02,3.081696e-01,1.067481e-01,5.126305e-02,1.180156e-02,2.984796e-02,4.454435e-03,1.488273e-01
1.050061e-01,3.906911e-02,2.447395e-02,1.271661e-01,1.430309e-02,1.588583e-02,1.144883e-02,3.900448e-02,3.223444e-01,7.877319e-02,4.797670e-02,9.621815e-03,4.290716e-02,3.405135e-03,1.186141e-01
7.576320e-02,2.870356e-02,1.212967e-01,1.967386e-01,1.521879e-02,1.614363e-02,8.446717e-03,3.075279e-02,2.627168e-01,5.723123e-02,4.567639e-02,9.690657e-03,3.942854e-02,2.761415e-03,8.943096e-02
5.923739e-02,2.690026e-02,1.117967e-01,1.890667e-01,1.414322e-02,1.291729e-02,6.206255e-03,2.518139e-02,2.299070e-01,4.696774e-02,1.572507e-01,9.409010e-03,3.689261e-02,2.476162e-03,7.164755e-02
4.934242e-02,1.092179e-01,9.805250e-02,1.487636e-01,1.685351e-02,1.017880e-02,5.080945e-03,1.980234e-02,2.776087e-01,3.693467e-02,1.281019e-01,7.829652e-03,3.006424e-02,2.104163e-03,6.006464e-02
3.858486e-02,1.314923e-01,2.118048e-01,1.275888e-01,1.461890e-02,7.910349e-03,4.163905e-03,2.129750e-02,2.319149e-01,3.221514e-02,9.296761e-02,6.053553e-03,2.413834e-02,2.056498e-03,5.319250e-02
4.743575e-02,1.799898e-01,1.807904e-01,1.045526e-01,1.922457e-02,7.028534e-03,4.128424e-03,2.691650e-02,2.429271e-01,2.705871e-02,7.467091e-02,5.742091e-03,2.175768e-02,2.234363e-03,5.554250e-02
1.111448e-01,1.592296e-01,1.396155e-01,9.141392e-02,4.290010e-02,1.121539e-02,7.186541e-03,4.493375e-02,2.317389e-01,3.192943e-02,5.613121e-02,8.226326e-03,1.897827e-02,2.398184e-03,4.295805e-02
1.738074e-01,1.588281e-01,1.018340e-01,7.573487e-02,5.080508e-02,1.101544e-02,7.721867e-03,4.539382e-02,2.152540e-01,4.858413e-02,4.312507e-02,1.160030e-02,2.055934e-02,2.612885e-03,3.312359e-02
2.021969e-01,1.612245e-01,7.372312e-02,6.122435e-02,5.153982e-02,1.311003e-02,6.417077e-03,3.768903e-02,2.167240e-01,7.413127e-02,3.319027e-02,1.297455e-02,2.616879e-02,2.957671e-03,2.672857e-02
2.023290e-01,1.744669e-01,5.775345e-02,5.907350e-02,4.611850e-02,1.697162e-02,5.330680e-03,4.286779e-02,2.171109e-01,8.734602e-02,2.561108e-02,1.438165e-02,2.653796e-02,2.993210e-03,2.110767e-02
2.071434e-01,1.730582e-01,4.602337e-02,4.974362e-02,4.823744e-02,1.969835e-02,4.892341e-03,5.568015e-02,1.903247e-01,1.210875e-01,2.006480e-02,1.431034e-02,2.960433e-02,2.878536e-03,1.725290e-02
2.235872e-01,1.459037e-01,3.410064e-02,3.625453e-02,4.773585e-02,3.282870e-02,3.924955e-03,4.310086e-02,1.960601e-01,1.635178e-01,1.495508e-02,1.121606e-02,2.965925e-02,2.442081e-03,1.471322e-02
2.780723e-01,1.126356e-01,2.577127e-02,2.658982e-02,4.164030e-02,4.287164e-02,3.261390e-03,3.362489e-02,1.760408e-01,1.852017e-01,1.161627e-02,9.370714e-03,3.910523e-02,2.127231e-03,1.207080e-02
