1.000000e+00,0.000000e+00,0.000000e+00,0.000000e+00,0.000000e+00,0.000000e+00,0.000000e+00,0.000000e+00,0.000000e+00,0.000000e+00,0.000000e+00,0.000000e+00,0.000000e+00,0.000000e+00,0.000000e+00
1.000000e+00,0.000000e+00,0.000000e+00,0.000000e+00,0.000000e+00,0.000000e+00,0.000000e+00,0.000000e+00,0.000000e+00,0.000000e+00,0.000000e+00,0.000000e+00,0.000000e+00,0.000000e+00,0.000000e+00
1.000000e+00,0.000000e+00,0.000000e+00,0.000000e+00,0.000000e+00,0.000000e+00,0.000000e+00,0.000000e+00,0.000000e+00,0.000000e+00,0.000000e+00,0.000000e+00,0.000000e+00,0.000000e+00,0.000000e+00
1.000000e+00,0.000000e+00,0.000000e+00,0.000000e+00,0.000000e+00,0.000000e+00,0.000000e+00,0.000000e+00,0.000000e+00,0.000000e+00,0.000000e+00,0.000000e+00,0.000000e+00,0.000000e+00,0.000000e+00
1.000000e+00,0.000000e+00,0.000000e+00,0.000000e+00,0.000000e+00,0.000000e+00,0.000000e+00,0.000000e+00,0.000000e+00,0.000000e+00,0.000000e+00,0.000000e+00,0.000000e+00,0.000000e+00,0.000000e+00
1.000000e+00,0.000000e+00,0.000000e+00,0.000000e+00,0.000000e+00,0.000000e+00,0.000000e+00,0.000000e+00,0.000000e+00,0.000000e+00,0.000000e+00,0.000000e+00,0.000000e+00,0.000000e+00,0.000000e+00
1.000000e+00,0.000000e+00,0.000000e+00,0.000000e+00,0.000000e+00,0.000000e+00,0.000000e+00,0.000000e+00,0.000000e+00,0.000000e+00,0.000000e+00,0.000000e+00,0.000000e+00,0.000000e+00,0.000000e+00
1.000000e+00,0.000000e+00,0.000000e+00,0.000000e+00,0.000000e+00,0.000000e+00,0.000000e+00,0.000000e+00,0.000000e+00,0.000000e+00,0.000000e+00,0.000000e+00,0.000000e+00,0.000000e+00,0.000000e+00
1.000000e+00,0.000000e+00,0.000000e+00,0.000000e+00,0.000000e+00,0.000000e+00,0.000000e+00,0.000000e+00,0.000000e+00,0.000000e+00,0.000000e+00,0.000000e+00,0.000000e+00,0.000000e+00,0.000000e+00
1.000000e+00,0.000000e+00,0.000000e+00,0.000000e+00,0.000000e+00,0.000000e+00,0.000000e+00,0.000000e+00,0.000000e+00,0.000000e+00,0.000000e+00,0.000000e+00,0.000000e+00,0.000000e+00,0.000000e+00
1.000000e+00,0.000000e+00,0.000000e+00,0.000000e+00,0.000000e+00,0.000000e+00,0.000000e+00,0.000000e+00,0.000000e+00,0.000000e+00,0.000000e+00,0.000000e+00,0.000000e+00,0.000000e+00,0.000000e+00
1.000000e+00,0.000000e+00,0.000000e+00,0.000000e+00,0.000000e+00,0.000000e+00,0.000000e+00,0.000000e+00,0.000000e+00,0.000000e+00,0.000000e+00,0.000000e+00,0.000000e+00,0.000000e+00,0.000000e+00
1.000000e+00,0.000000e+00,0.000000e+00,0.000000e+00,0.000000e+00,0.000000e+00,0.000000e+00,0.000000e+00,0.000000e+00,0.000000e+00,0.000000e+00,0.000000e+00,0.000000e+00,0.000000e+00,0.000000e+00
1.000000e+00,0.000000e+00,0.000000e+00,0.000000e+00,0.000000e+00,0.000000e+00,0.000000e+00,0.000000e+00,0.000000e+00,0.000000e+00,0.000000e+00,0.000000e+00,0.000000e+00,0.000000e+00,0.000000e+00
1.000000e+00,0.000000e+00,0.000000e+00,0.000000e+00,0.000000e+00,0.000000e+00,0.000000e+00,0.000000e+00,0.000000e+00,0.000000e+00,0.000000e+00,0.000000e+00,0.000000e+00,0.000000e+00,0.000000e+00
1.000000e+00,0.000000e+00,0.000000e+00,0.000000e+00,0.000000e+00,0.000000e+00,0.000000e+00,0.000000e+00,0.000000e+00,0.000000e+00,0.000000e+00,0.000000e+00,0.000000e+00,0.000000e+00,0.000000e+00
1.000000e+00,0.000000e+00,0.000000e+00,0.000000e+00,0.000000e+00,0.000000e+00,0.000000e+00,0.000000e+00,0.000000e+00,0.000000e+00,0.000000e+00,0.000000e+00,0.000000e+00,0.000000e+00,0.000000e+00
1.000000e+00,0.000000e+00,0.000000e+00,0.000000e+00,0.000000e+00,0.000000e+00,0.000000e+00,0.000000e+00,0.000000e+00,0.000000e+00,0.000000e+00,0.000000e+00,0.000000e+00,0.000000e+00,0.000000e+00
1.000000e+00,0.000000e+00,0.000000e+00,0.000000e+00,0.000000e+00,0.000000e+00,0.000000e+00,0.000000e+00,0.000000e+00,0.000000e+00,0.000000e+00,0.000000e+00,0.000000e+00,0.000000e+00,0.000000e+00
1.000000e+00,0.000000e+00,0.000000e+00,0.000000e+00,0.000000e+00,0.000000e+00,0.000000e+00,0.000000e+00,0.000000e+00,0.000000e+00,0.000000e+00,0.000000e+00,0.000000e+00,0.000000e+00,0.000000e+00
1.000000e+00,0.000000e+00,0.000000e+00,0.000000e+00,0.000000e+00,0.000000e+00,0.000000e+00,0.000000e+00,0.000000e+00,0.000000e+00,0.000000e+00,0.000000e+00,0.000000e+00,0.000000e+00,0.000000e+00
1.000000e+00,0.000000e+00,0.000000e+00,0.000000e+00,0.000000e+00,0.000000e+00,0.000000e+00,0.000000e+00,0.000000e+00,0.000000e+00,0.000000e+00,0.000000e+00,0.000000e+00,0.000000e+00,0.000000e+00
1.000000e+00,0.000000e+00,0.000000e+00,0.000000e+00,0.000000e+00,0.000000e+00,0.000000e+00,0.000000e+00,0.000000e+00,0.000000e+00,0.000000e+00,0.000000e+00,0.000000e+00,0.000000e+00,0.000000e+00
1.000000e+00,0.000000e+00,0.000000e+00,0.000000e+00,0.000000e+00,0.000000e+00,0.000000e+00,0.000000e+00,0.000000e+00,0.000000e+00,0.000000e+00,0.000000e+00,0.000000e+00,0.000000e+00,0.000000e+00
1.000000e+00,0.000000e+00,0.000000e+00,0.000000e+00,0.000000e+00,0.000000e+00,0.000000e+00,0.000000e+00,0.000000e+00,0.000000e+00,0.000000e+00,0.000000e+00,0.000000e+00,0.000000e+00,0.000000e+00
1.000000e+00,0.000000e+00,0.000000e+00,0.000000e+00,0.000000e+00,0.000000e+00,0.000000e+00,0.000000e+00,0.000000e+00,0.000000e+00,0.000000e+00,0.000000e+00,0.000000e+00,0.000000e+00,0.000000e+00
1.000000e+00,0.000000e+00,0.000000e+00,0.000000e+00,0.000000e+00,0.000000e+00,0.000000e+00,0.000000e+00,0.000000e+00,0.000000e+00,0.000000e+00,0.000000e+00,0.000000e+00,0.000000e+00,0.000000e+00
1.000000e+00,0.000000e+00,0.000000e+00,0.000000e+00,0.000000e+00,0.000000e+00,0.000000e+00,0.000000e+00,0.000000e+00,0.000000e+00,0.000000e+00,0.000000e+00,0.000000e+00,0.000000e+00,0.000000e+00
1.000000e+00,0.000000e+00,0.000000e+00,0.000000e+00,0.000000e+00,0.000000e+00,0.000000e+00,0.000000e+00,0.000000e+00,0.000000e+00,0.000000e+00,0.000000e+00,0.000000e+00,0.000000e+00,0.000000e+00
1.000000e+00,0.000000e+00,0.000000e+00,0.000000e+00,0.000000e+00,0.000000e+00,0.000000e+00,0.000000e+00,0.000000e+00,0.000000e+00,0.000000e+00,0.000000e+00,0.000000e+00,0.000000e+00,0.000000e+00
1.000000e+00,0.000000e+00,0.000000e+00,0.000000e+00,0.000000e+00,0.000000e+00,0.000000e+00,0.000000e+00,0.000000e+00,0.000000e+00,0.000000e+00,0.000000e+00,0.000000e+00,0.000000e+00,0.000000e+00
1.000000e+00,0.000000e+00,0.000000e+00,0.000000e+00,0.000000e+00,0.000000e+00,0.000000e+00,0.000000e+00,0.000000e+00,0.000000e+00,0.000000e+00,0.000000e+00,0.000000e+00,0.000000e+00,0.000000e+00
1.000000e+00,0.000000e+00,0.000000e+00,0.000000e+00,0.000000e+00,0.000000e+00,0.000000e+00,0.000000e+00,0.000000e+00,0.000000e+00,0.000000e+00,0.000000e+00,0.000000e+00,0.000000e+00,0.000000e+00
1.000000e+00,0.000000e+00,0.000000e+00,0.000000e+00,0.000000e+00,0.000000e+00,0.000000e+00,0.000000e+00,0.000000e+00,0.000000e+00,0.000000e+00,0.000000e+00,0.000000e+00,0.000000e+00,0.000000e+00
1.000000e+00,0.000000e+00,0.000000e+00,0.000000e+00,0.000000e+00,0.000000e+00,0.000000e+00,0.000000e+00,0.000000e+00,0.000000e+00,0.000000e+00,0.000000e+00,0.000000e+00,0.000000e+00,0.000000e+00
1.000000e+00,0.000000e+00,0.000000e+00,0.000000e+00,0.000000e+00,0.000000e+00,0.000000e+00,0.000000e+00,0.000000e+00,0.000000e+00,0.000000e+00,0.000000e+00,0.000000e+00,0.000000e+00,0.000000e+00
1.000000e+00,0.000000e+00,0.000000e+00,0.000000e+00,0.000000e+00,0.000000e+00,0.000000e+00,0.000000e+00,0.000000e+00,0.000000e+00,0.000000e+00,0.000000e+00,0.000000e+00,0.000000e+00,0.000000e+00
1.000000e+00,0.000000e+00,0.000000e+00,0.000000e+00,0.000000e+00,0.000000e+00,0.000000e+00,0.000000e+00,0.000000e+00,0.000000e+00,0.000000e+00,0.000000e+00,0.000000e+00,0.000000e+00,0.000000e+00
1.000000e+00,0.000000e+00,0.000000e+00,0.000000e+00,0.000000e+00,0.000000e+00,0.000000e+00,0.000000e+00,0.000000e+00,0.000000e+00,0.000000e+00,0.000000e+00,0.000000e+00,0.000000e+00,0.000000e+00
1.000000e+00,0.000000e+00,0.000000e+00,0.000000e+00,0.000000e+00,0.000000e+00,0.000000e+00,0.000000e+00,0.000000e+00,0.000000e+00,0.000000e+00,0.000000e+00,0.000000e+00,0.000000e+00,0.000000e+00
1.000000e+00,0.000000e+00,0.000000e+00,0.000000e+00,0.000000e+00,0.000000e+00,0.000000e+00,0.000000e+00,0.000000e+00,0.000000e+00,0.000000e+00,0.000000e+00,0.000000e+00,0.000000e+00,0.000000e+00
1.000000e+00,0.000000e+00,0.000000e+00,0.000000e+00,0.000000e+00,0.000000e+00,0.000000e+00,0.000000e+00,0.000000e+00,0.000000e+00,0.000000e+00,0.000000e+00,0.000000e+00,0.000000e+00,0.000000e+00
1.000000e+00,0.000000e+00,0.000000e+00,0.000000e+00,0.000000e+00,0.000000e+00,0.000000e+00,0.000000e+00,0.000000e+00,0.000000e+00,0.000000e+00,0.000000e+00,0.000000e+00,0.000000e+00,0.000000e+00
1.000000e+00,0.000000e+00,0.000000e+00,0.000000e+00,0.000000e+00,0.000000e+00,0.000000e+00,0.000000e+00,0.000000e+00,0.000000e+00,0.000000e+00,0.000000e+00,0.000000e+00,0.000000e+00,0.000000e+00
1.000000e+00,0.000000e+00,0.000000e+00,0.000000e+00,0.000000e+00,0.000000e+00,0.000000e+00,0.000000e+00,0.000000e+00,0.000000e+00,0.000000e+00,0.000000e+00,0.000000e+00,0.000000e+00,0.000000e+00
1.000000e+00,0.000000e+00,0.000000e+00,0.000000e+00,0.000000e+00,0.000000e+00,0.000000e+00,0.000000e+00,0.000000e+00,0.000000e+00,0.000000e+00,0.000000e+00,0.000000e+00,0.000000e+00,0.000000e+00
1.000000e+00,0.000000e+00,0.000000e+00,0.000000e+00,0.000000e+00,0.000000e+00,0.000000e+00,0.000000e+00,0.000000e+00,0.000000e+00,0.000000e+00,0.000000e+00,0.000000e+00,0.000000e+00,0.000000e+00
1.000000e+00,0.000000e+00,0.000000e+00,0.000000e+00,0.000000e+00,0.000000e+00,0.000000e+00,0.000000e+00,0.000000e+00,0.000000e+00,0.000000e+00,0.000000e+00,0.000000e+00,0.000000e+00,0.000000e+00
1.000000e+00,0.000000e+00,0.000000e+00,0.000000e+00,0.000000e+00,0.000000e+00,0.000000e+00,0.000000e+00,0.000000e+00,0.000000e+00,0.000000e+00,0.000000e+00,0.000000e+00,0.000000e+00,0.000000e+00
1.000000e+00,0.000000e+00,0.000000e+00,0.000000e+00,0.000000e+00,0.000000e+00,0.000000e+00,0.000000e+00,0.000000e+00,0.000000e+00,0.000000e+00,0.000000e+00,0.000000e+00,0.000000e+00,0.000000e+00
1.000000e+00,0.000000e+00,0.000000e+00,0.000000e+00,0.000000e+00,0.000000e+00,0.000000e+00,0.000000e+00,0.000000e+00,0.000000e+00,0.000000e+00,0.000000e+00,0.000000e+00,0.000000e+00,0.000000e+00
1.000000e+00,0.000000e+00,0.000000e+00,0.000000e+00,0.000000e+00,0.000000e+00,0.000000e+00,0.000000e+00,0.000000e+00,0.000000e+00,0.000000e+00,0.000000e+00,0.000000e+00,0.000000e+00,0.000000e+00
1.000000e+00,0.000000e+00,0.000000e+00,0.000000e+00,0.000000e+00,0.000000e+00,0.000000e+00,0.000000e+00,0.000000e+00,0.000000e+00,0.000000e+00,0.000000e+00,0.000000e+00,0.000000e+00,0.000000e+00
1.000000e+00,0.000000e+00,0.000000e+00,0.000000e+00,0.000000e+00,0.000000e+00,0.000000e+00,0.000000e+00,0.000000e+00,0.000000e+00,0.000000e+00,0.000000e+00,0.000000e+00,0.000000e+00,0.000000e+00
1.000000e+00,0.000000e+00,0.000000e+00,0.000000e+00,0.000000e+00,0.000000e+00,0.000000e+00,0.000000e+00,0.000000e+00,0.000000e+00,0.000000e+00,0.000000e+00,0.000000e+00,0.000000e+00,0.000000e+00
1.000000e+00,0.000000e+00,0.000000e+00,0.000000e+00,0.000000e+00,0.000000e+00,0.000000e+00,0.000000e+00,0.000000e+00,0.000000e+00,0.000000e+00,0.000000e+00,0.000000e+00,0.000000e+00,0.000000e+00
1.000000e+00,0.000000e+00,0.000000e+00,0.000000e+00,0.000000e+00,0.000000e+00,0.000000e+00,0.000000e+00,0.000000e+00,0.000000e+00,0.000000e+00,0.000000e+00,0.000000e+00,0.000000e+00,0.000000e+00
1.000000e+00,0.000000e+00,0.000000e+00,0.000000e+00,0.000000e+00,0.000000e+00,0.000000e+00,0.000000e+00,0.000000e+00,0.000000e+00,0.000000e+00,0.000000e+00,0.000000e+00,0.000000e+00,0.000000e+00
1.000000e+00,0.000000e+00,0.000000e+00,0.000000e+00,0.000000e+00,0.000000e+00,0.000000e+00,0.000000e+00,0.000000e+00,0.000000e+00,0.000000e+00,0.000000e+00,0.000000e+00,0.000000e+00,0.000000e+00
1.000000e+00,0.000000e+00,0.000000e+00,0.000000e+00,0.000000e+00,0.000000e+00,0.000000e+00,0.000000e+00,0.000000e+00,0.000000e+00,0.000000e+00,0.000000e+00,0.000000e+00,0.000000e+00,0.000000e+00
3.954271e-01,1.170585e-02,1.506056e-02,2.497442e-02,9.093205e-03,1.743774e-02,4.585844e-01,1.396692e-02,3.324951e-03,9.063920e-04,1.046308e-02,1.757606e-02,1.121438e-02,1.686062e-03,8.578969e-03
2.792953e-01,8.305398e-03,1.076863e-02,1.753942e-02,8.878144e-03,1.484112e-02,6.084613e-01,1.202902e-02,2.387787e-03,7.714905e-04,7.386220e-03,1.254213e-02,9.426461e-03,1.218595e-03,6.149056e-03
2.049822e-01,7.504257e-03,8.266971e-03,1.336325e-02,8.343482e-03,3.036590e-02,6.686602e-01,1.087375e-02,2.518180e-03,1.372730e-03,7.193581e-03,1.312064e-02,1.588374e-02,1.076779e-03,6.474424e-03
1.441419e-01,5.561179e-03,5.821817e-03,9.552548e-03,6.236437e-03,2.231194e-02,7.489781e-01,8.383619e-03,1.828842e-03,1.314057e-03,6.969374e-03,1.237841e-02,1.501298e-02,1.224841e-03,1.028387e-02
1.049057e-01,4.250908e-03,4.090906e-03,7.061704e-03,5.629067e-03,2.200547e-02,7.525517e-01,6.178017e-03,1.346914e-03,1.092985e-03,6.232193e-03,1.830721e-02,5.419943e-02,1.045390e-03,1.110241e-02
7.825011e-02,3.230573e-03,2.876548e-03,5.189433e-03,4.513729e-03,2.210528e-02,5.936132e-01,4.445476e-03,1.016195e-03,1.380942e-03,7.000519e-03,3.836409e-02,2.207498e-01,1.045797e-03,1.621824e-02
6.009836e-02,2.510255e-03,2.020325e-03,3.804270e-03,3.704357e-03,2.659359e-02,4.876163e-01,3.321828e-03,8.282149e-04,1.617881e-03,6.279947e-03,6.017410e-02,3.276241e-01,8.770406e-04,1.292938e-02
4.654920e-02,1.939819e-03,1.441850e-03,2.984918e-03,3.065608e-03,4.042882e-02,3.631661e-01,2.688344e-03,1.065797e-03,2.480708e-03,6.194380e-03,1.009465e-01,4.167029e-01,6.924622e-04,9.652608e-03
3.869124e-02,1.461894e-03,1.039922e-03,2.208804e-03,4.201348e-03,3.513022e-02,2.697403e-01,2.196596e-03,3.710344e-03,2.128654e-03,8.600265e-03,1.130229e-01,5.082400e-01,5.666841e-04,9.060830e-03
3.081497e-02,1.212570e-03,1.100652e-03,1.830610e-03,3.815879e-03,5.524365e-02,1.905399e-01,1.917848e-03,4.117174e-03,1.990919e-03,7.954773e-03,1.511007e-01,5.372674e-01,4.635527e-04,1.062936e-02
2.198063e-02,9.079589e-04,1.114851e-03,1.819053e-03,3.388865e-03,9.044470e-02,1.338026e-01,1.728633e-03,3.606058e-03,1.686792e-03,8.426335e-03,2.890631e-01,4.309019e-01,4.563640e-04,1.067213e-02
1.570394e-02,7.006784e-04,9.927296e-04,1.560024e-03,2.572445e-03,7.752267e-02,9.383649e-02,1.329105e-03,3.202952e-03,1.343512e-03,9.037795e-03,4.547293e-01,3.283618e-01,4.229874e-04,8.683597e-03
1.304086e-02,1.299876e-03,4.485566e-03,1.759175e-03,9.734232e-03,6.378844e-02,6.655932e-02,2.334669e-03,1.683437e-02,1.944737e-03,1.217931e-02,5.154839e-01,2.816589e-01,7.737145e-04,8.122939e-03
1.407729e-02,1.362415e-03,4.126390e-03,2.697577e-03,1.000262e-02,8.731531e-02,4.740389e-02,4.138771e-03,1.639008e-02,3.342855e-03,1.910224e-02,5.308724e-01,2.511727e-01,1.119354e-03,6.876107e-03
1.087781e-02,1.107782e-03,3.405792e-03,2.663586e-03,8.034436e-03,8.094653e-02,3.325966e-02,3.340225e-03,1.324213e-02,4.861159e-03,2.645285e-02,6.049903e-01,2.007075e-01,1.095680e-03,5.014614e-03
7.965732e-03,8.751085e-04,3.660239e-03,2.517863e-03,6.760137e-03,5.887230e-02,2.345140e-02,2.625333e-03,9.925696e-03,1.045645e-02,2.959820e-02,6.796565e-01,1.575164e-01,2.496105e-03,3.622547e-03
6.063581e-03,6.763369e-04,4.027946e-03,2.332468e-03,7.124505e-03,6.575140e-02,1.728108e-02,2.405537e-03,8.036252e-03,1.032855e-02,3.866987e-02,7.091838e-01,1.233389e-01,1.985066e-03,2.794704e-03
5.080481e-03,7.695857e-04,3.548269e-03,2.761031e-03,7.354696e-03,8.908665e-02,1.261579e-02,2.328933e-03,6.953983e-03,9.982972e-03,3.396147e-02,7.119107e-01,1.089208e-01,2.356346e-03,2.368323e-03
4.772714e-03,7.246062e-04,3.057570e-03,2.651743e-03,2.722043e-02,6.507660e-02,1.039720e-02,3.333237e-03,1.205237e-02,1.061887e-02,3.251633e-02,7.197365e-01,1.036530e-01,2.059026e-03,2.129880e-03
4.576594e-03,8.934070e-04,3.424801e-03,3.973981e-03,3.485689e-02,5.450723e-02,9.163477e-03,5.385709e-03,1.487582e-02,1.070850e-02,3.053169e-02,7.162615e-01,1.068947e-01,1.876635e-03,2.069074e-03
8.208893e-03,8.764945e-03,1.441301e-02,3.465865e-03,2.895576e-02,4.354806e-02,6.862352e-03,5.292209e-03,2.188760e-02,1.109598e-02,2.619709e-02,7.343667e-01,8.306861e-02,1.955311e-03,1.917642e-03
2.225085e-02,8.355593e-03,3.235390e-02,3.131111e-03,3.132167e-02,4.013174e-02,6.949298e-03,2.366683e-02,1.769200e-02,1.127936e-02,2.095249e-02,7.060153e-01,7.083806e-02,3.129276e-03,1.932596e-03
6.240518e-02,1.366073e-02,3.559726e-02,5.890069e-03,5.444963e-02,4.168216e-02,8.736601e-03,2.300635e-02,2.304000e-02,2.007832e-02,1.752843e-02,6.098437e-01,7.611860e-02,4.044441e-03,3.918542e-03
4.930374e-02,1.245082e-02,3.404626e-02,1.381791e-02,6.276795e-02,7.168178e-02,1.366252e-02,2.237940e-02,2.481890e-02,2.493420e-02,3.220268e-02,5.511772e-01,7.719803e-02,4.828934e-03,4.729717e-03
4.459652e-02,9.418081e-03,2.697506e-02,1.684990e-02,6.750074e-02,5.587069e-02,1.597509e-02,3.796009e-02,3.240841e-02,4.738930e-02,5.358753e-02,4.819341e-01,9.483706e-02,1.024142e-02,4.456073e-03
3.913570e-02,7.064559e-03,2.672581e-02,1.359056e-02,5.430720e-02,4.221326e-02,1.200059e-02,2.345426e-01,2.357802e-02,3.840042e-02,4.391564e-02,3.677010e-01,8.363598e-02,9.781795e-03,3.406978e-03
4.394871e-02,7.346425e-03,2.932044e-02,2.804564e-02,9.133624e-02,6.286186e-02,1.018023e-02,2.035080e-01,2.617640e-02,4.664633e-02,4.275522e-02,3.114340e-01,7.037876e-02,2.128346e-02,4.778223e-03
3.803818e-02,8.378133e-03,2.846892e-02,5.873480e-02,9.925726e-02,5.055157e-02,8.732815e-03,2.100258e-01,4.522043e-02,4.482603e-02,4.099920e-02,2.701106e-01,7.566369e-02,1.567230e-02,5.320246e-03
3.952665e-02,1.239079e-02,2.169132e-02,5.042306e-02,1.083520e-01,3.797451e-02,9.346286e-03,1.614242e-01,8.797345e-02,3.990889e-02,4.800892e-02,2.833851e-01,8.050226e-02,1.169661e-02,7.396051e-03
3.539572e-02,1.274344e-02,2.834422e-02,4.828189e-02,9.870354e-02,2.749286e-02,7.204873e-03,2.005580e-01,1.057428e-01,2.984483e-02,4.168688e-02,2.515855e-01,9.698652e-02,8.555304e-03,6.873607e-03
2.692120e-02,2.728902e-02,2.329579e-02,3.600637e-02,7.719415e-02,2.251381e-02,5.219179e-03,1.467754e-01,3.139240e-01,2.172102e-02,3.113794e-02,1.831359e-01,7.243481e-02,6.262551e-03,6.168930e-03
2.126511e-02,3.087204e-02,1.834482e-02,4.793357e-02,5.876437e-02,2.061049e-02,3.740087e-03,1.070188e-01,4.341123e-01,1.700800e-02,2.648853e-02,1.468577e-01,5.671601e-02,4.786964e-03,5.481308e-03
1.644848e-02,2.962134e-02,1.432140e-02,4.749186e-02,4.883892e-02,2.792617e-02,2.774681e-03,9.141454e-02,5.181549e-01,1.392819e-02,2.277627e-02,1.124053e-01,4.475348e-02,3.831486e-03,5.313016e-03
1.213324e-02,2.303025e-02,1.059613e-02,3.515090e-02,4.146192e-02,2.466844e-02,2.448071e-03,7.390498e-02,6.211308e-01,1.073731e-02,1.810852e-02,8.234294e-02,3.657341e-02,2.807309e-03,4.905898e-03
9.789387e-03,1.982896e-02,9.161828e-03,3.398598e-02,3.373698e-02,1.975541e-02,1.830569e-03,1.080362e-01,6.415324e-01,1.063150e-02,1.427102e-02,6.002215e-02,2.997203e-02,2.070901e-03,5.374821e-03
1.029274e-02,1.926768e-02,7.272457e-03,3.542858e-02,4.208497e-02,1.958893e-02,1.611555e-03,1.022493e-01,6.424034e-01,2.054242e-02,1.407846e-02,4.752469e-02,2.797779e-02,1.685554e-03,7.991550e-03
9.618320e-03,1.727121e-02,5.452896e-03,3.605459e-02,4.146785e-02,3.327316e-02,1.390246e-03,9.155011e-02,6.369609e-01,2.295776e-02,1.944951e-02,4.576459e-02,2.813603e-02,1.382119e-03,9.270874e-03
8.390974e-03,1.250108e-02,3.952986e-03,2.974823e-02,3.594206e-02,4.516255e-02,1.309001e-03,6.767198e-02,5.292162e-01,1.702936e-02,2.648416e-02,1.692476e-01,4.489940e-02,1.145757e-03,7.298688e-03
7.978392e-03,9.049516e-03,2.832496e-03,2.346142e-02,2.837374e-02,4.116070e-02,1.050943e-03,4.921705e-02,4.397567e-01,1.278185e-02,3.403781e-02,2.891860e-01,5.461428e-02,9.782275e-04,5.520940e-03
7.050803e-03,6.718133e-03,2.278759e-03,2.365838e-02,2.144574e-02,3.245034e-02,7.813520e-04,3.554794e-02,3.328951e-01,1.576484e-02,7.476015e-02,3.777024e-01,6.307058e-02,1.606481e-03,4.269065e-03
7.799429e-03,6.677142e-03,3.314537e-03,1.956473e-02,1.825076e-02,2.432421e-02,7.042746e-04,2.635373e-02,2.578160e-01,4.005010e-02,1.216162e-01,4.005523e-01,6.563096e-02,3.148513e-03,4.197146e-03
8.051429e-03,9.037187e-03,3.918133e-03,1.527568e-02,1.788813e-02,2.133814e-02,6.091785e-04,1.933500e-02,2.146674e-01,9.797288e-02,1.544950e-01,3.550078e-01,7.327663e-02,4.553276e-03,4.574061e-03
8.732842e-03,1.409109e-02,6.796869e-03,1.351378e-02,1.596637e-02,1.643094e-02,5.891918e-04,1.639720e-02,1.788889e-01,1.739051e-01,1.536039e-01,3.278454e-01,6.309053e-02,5.767781e-03,4.380133e-03
1.423140e-02,1.696387e-02,6.105073e-03,1.667278e-02,2.645498e-02,1.728442e-02,5.742586e-04,1.443009e-02,1.574700e-01,2.673921e-01,1.323628e-01,2.652803e-01,5.132665e-02,7.379437e-03,6.071831e-03
1.880018e-02,7.310771e-02,3.164109e-02,1.732658e-02,3.085886e-02,1.390084e-02,6.479929e-04,1.835905e-02,1.485993e-01,2.106892e-01,1.119155e-01,1.908750e-01,4.180013e-02,4.322480e-02,4.825371e-02
2.162787e-02,6.652163e-02,2.546990e-02,1.884443e-02,3.260586e-02,1.507203e-02,9.311200e-04,1.544180e-02,1.784355e-01,1.633629e-01,9.487474e-02,1.441093e-01,4.469259e-02,7.620884e-02,1.018015e-01
2.176315e-02,5.940578e-02,2.613382e-02,1.906051e-02,2.960021e-02,1.443261e-02,1.079452e-03,2.487127e-02,1.895537e-01,1.306875e-01,9.999789e-02,1.135500e-01,5.033000e-02,1.033966e-01,1.161374e-01
1.882989e-02,1.212802e-01,2.219307e-02,2.371571e-02,2.544075e-02,1.393764e-02,1.834453e-03,1.841825e-02,2.560454e-01,9.878998e-02,7.300401e-02,8.271016e-02,4.643760e-02,7.400331e-02,1.233596e-01
1.484956e-02,1.502353e-01,2.070409e-02,2.506810e-02,1.891912e-02,1.204912e-02,1.924195e-03,1.321582e-02,2.609116e-01,8.683687e-02,5.502566e-02,6.141170e-02,3.863525e-02,5.289569e-02,1.873180e-01
1.092806e-02,1.540065e-01,3.131936e-02,2.499119e-02,1.340048e-02,9.143173e-03,1.400490e-03,9.606867e-03,2.247774e-01,7.605079e-02,4.222940e-02,4.524643e-02,3.279496e-02,3.910907e-02,2.849959e-01
8.181461e-03,1.294167e-01,2.714067e-02,2.128378e-02,9.807542e-03,6.865797e-03,1.032585e-03,7.078982e-03,2.672898e-01,8.364144e-02,3.882436e-02,3.434081e-02,2.751802e-02,3.866418e-02,2.989138e-01
1.031515e-02,1.054071e-01,2.344517e-02,1.941642e-02,2.330811e-02,7.996297e-03,1.141902e-03,5.828021e-03,3.329495e-01,6.361039e-02,4.079030e-02,2.553032e-02,3.367649e-02,3.389237e-02,2.726924e-01
1.269876e-02,9.438375e-02,2.300109e-02,2.192290e-02,3.380883e-02,9.257632e-03,3.388830e-03,1.543478e-02,3.380433e-01,5.221811e-02,3.788693e-02,2.001019e-02,6.796696e-02,3.510366e-02,2.348743e-01
1.783437e-02,9.049485e-02,5.994280e-02,3.942093e-02,4.011672e-02,1.149739e-02,3.439911e-03,1.925929e-02,3.158939e-01,4.234161e-02,3.227310e-02,1.527599e-02,7.950881e-02,2.854594e-02,2.041544e-01
1.577399e-02,7.516036e-02,1.731806e-01,6.101912e-02,3.527866e-02,8.976188e-03,2.506953e-03,1.533539e-02,2.970890e-01,3.635282e-02,2.465518e-02,1.131953e-02,5.895022e-02,2.148851e-02,1.629134e-01
4.499046e-02,8.509484e-02,1.746037e-01,9.594688e-02,4.648899e-02,9.541637e-03,2.224179e-03,1.620702e-02,2.492037e-01,3.386808e-02,2.459048e-02,1.327157e-02,4.750673e-02,1.893160e-02,1.375300e-01
7.451551e-02,8.888455e-02,1.567142e-01,9.514295e-02,8.331449e-02,2.693194e-02,2.814875e-03,1.363210e-02,2.079314e-01,3.240015e-02,2.497866e-02,1.362105e-02,3.974638e-02,1.500552e-02,1.243662e-01
1.003803e-01,9.167756e-02,1.522390e-01,1.083189e-01,7.288965e-02,2.559197e-02,2.902400e-03,2.120264e-02,1.817468e-01,3.214005e-02,3.178480e-02,2.129089e-02,3.590053e-02,1.511158e-02,1.068230e-01
8.035548e-02,8.419516e-02,1.439310e-01,2.166065e-01,5.798770e-02,1.995065e-02,2.343275e-03,1.547746e-02,1.438655e-01,2.926855e-02,4.062237e-02,1.924254e-02,3.261796e-02,1.086026e-02,1.026756e-01
9.625535e-02,6.470768e-02,1.036100e-01,1.775514e-01,4.482097e-02,1.699355e-02,2.088838e-03,1.171364e-02,1.135891e-01,2.820959e-02,1.516374e-01,1.683102e-02,5.009124e-02,1.497030e-02,1.069299e-01
2.145350e-01,4.964006e-02,7.460121e-02,1.357258e-01,3.418346e-02,1.895837e-02,1.930836e-03,9.503705e-03,8.562420e-02,2.512697e-02,1.256445e-01,1.670193e-02,4.786158e-02,2.563298e-02,1.343293e-01
3.058824e-01,4.534402e-02,5.395862e-02,1.257386e-01,3.042717e-02,1.983187e-02,2.158248e-03,8.817730e-03,7.073626e-02,1.974171e-02,1.169611e-01,1.559222e-02,4.889495e-02,2.341063e-02,1.125046e-01
2.607144e-01,4.028914e-02,4.067279e-02,1.139209e-01,2.470875e-02,1.860489e-02,2.767757e-03,7.907379e-03,1.969222e-01,1.662303e-02,9.128495e-02,1.402324e-02,4.398000e-02,2.480362e-02,1.027770e-01
2.080764e-01,3.180102e-02,3.123209e-02,9.142747e-02,2.373898e-02,1.919096e-02,3.652657e-03,6.357311e-03,1.626763e-01,1.452826e-02,1.158596e-01,1.330508e-02,5.622270e-02,5.172899e-02,1.702022e-01
1.784179e-01,2.515321e-02,2.382403e-02,6.943875e-02,1.955491e-02,2.883198e-02,3.513378e-03,4.868227e-03,2.164894e-01,1.247081e-02,8.981583e-02,1.409041e-02,4.708153e-02,4.506946e-02,2.213802e-01
1.319886e-01,1.904326e-02,1.877318e-02,5.160288e-02,2.397159e-02,3.794812e-02,3.140349e-03,3.809792e-03,1.987171e-01,1.048238e-02,1.021494e-01,1.814947e-02,4.662390e-02,1.370973e-01,1.965027e-01
1.241838e-01,1.419731e-02,1.378641e-02,3.890420e-02,2.185990e-02,3.733339e-02,3.207522e-03,3.274310e-03,1.792919e-01,1.306855e-02,1.028251e-01,1.807870e-02,4.342958e-02,1.782615e-01,2.082978e-01
9.256954e-02,1.073430e-02,1.323539e-02,2.778146e-02,1.920575e-02,2.762589e-02,2.314873e-03,2.662759e-03,1.464740e-01,1.564121e-02,1.410207e-01,1.360623e-02,4.070567e-02,2.137681e-01,2.326542e-01
6.728382e-02,1.001137e-02,2.375048e-02,1.978232e-02,1.466666e-02,2.931186e-02,1.856031e-03,2.672463e-03,1.395806e-01,1.695577e-02,1.551920e-01,1.031330e-02,3.448905e-02,2.180974e-01,2.560369e-01
5.388603e-02,1.175482e-02,2.517835e-02,1.503369e-02,1.141932e-02,3.130263e-02,1.369599e-03,1.988362e-03,1.708657e-01,1.475762e-02,1.272122e-01,7.500227e-03,2.538330e-02,2.988178e-01,2.035304e-01
5.813187e-02,1.413339e-02,2.221467e-02,1.366927e-02,8.664179e-03,3.550322e-02,1.240881e-03,1.622878e-03,2.100345e-01,1.185384e-02,9.361877e-02,6.732674e-03,2.169194e-02,3.232086e-01,1.776793e-01
1.038893e-01,2.703842e-02,2.320431e-02,1.322679e-02,7.544873e-03,4.406036e-02,1.982913e-03,1.788326e-03,2.369996e-01,1.010935e-02,7.238642e-02,5.657104e-03,1.828538e-02,2.975167e-01,1.363103e-01
7.836678e-02,2.136784e-02,2.140102e-02,1.977912e-02,6.782570e-03,3.333263e-02,1.507760e-03,1.687809e-03,3.967769e-01,8.391232e-03,5.270450e-02,4.476978e-03,1.475934e-02,2.344494e-01,1.042162e-01
6.183214e-02,1.884025e-02,1.756847e-02,1.479063e-02,6.656265e-03,2.596740e-02,1.138899e-03,2.233790e-03,3.322748e-01,6.649552e-03,4.205564e-02,3.482588e-03,1.144687e-02,3.562276e-01,9.883524e-02
5.632001e-02,1.795080e-02,2.400296e-02,1.404984e-02,7.748443e-03,2.121771e-02,1.049279e-03,8.276911e-03,3.245718e-01,6.179822e-03,3.426455e-02,3.810555e-03,1.156937e-02,3.672700e-01,1.017181e-01
4.433178e-02,1.582476e-02,2.147803e-02,1.364991e-02,6.742029e-03,1.582231e-02,7.651171e-04,1.030504e-02,4.434955e-01,5.694541e-03,2.628655e-02,3.093125e-03,9.569368e-03,3.072090e-01,7.573300e-02
3.358340e-02,1.292282e-02,1.770839e-02,1.318665e-02,8.899666e-03,1.234575e-02,5.854640e-04,8.286063e-03,4.859837e-01,7.602706e-03,2.284793e-02,2.879615e-03,1.028725e-02,2.992938e-01,6.358673e-02
3.032297e-02,1.079333e-02,4.161651e-02,3.114790e-02,3.651067e-02,1.015866e-02,5.891002e-04,2.967453e-02,4.220352e-01,6.778670e-03,2.597536e-02,2.484401e-03,1.004055e-02,2.889026e-01,5.296952e-02
2.548771e-02,9.201017e-03,3.618661e-02,3.404826e-02,4.775101e-02,8.003041e-03,7.653563e-04,2.593318e-02,3.878921e-01,5.639684e-03,2.290126e-02,2.080131e-03,1.058206e-02,3.312120e-01,5.231660e-02
2.573421e-02,7.961420e-03,4.275293e-02,3.323259e-02,6.789362e-02,7.535812e-03,9.125501e-04,2.661721e-02,3.488993e-01,4.738169e-03,2.185940e-02,4.401643e-03,2.142386e-02,3.358798e-01,5.015750e-02
2.423183e-02,7.420447e-03,4.229503e-02,2.763631e-02,6.335621e-02,6.677977e-03,2.902255e-03,7.917414e-02,2.641116e-01,4.732642e-03,2.209246e-02,4.975726e-03,2.789161e-02,3.685952e-01,5.390653e-02
3.340292e-02,9.871654e-03,4.760886e-02,4.390611e-02,1.260853e-01,8.539189e-03,5.470326e-03,7.018637e-02,1.982992e-01,3.823358e-03,1.879278e-02,4.338331e-03,2.598272e-02,3.515645e-01,5.212852e-02
3.306587e-02,1.317449e-02,6.945667e-02,4.357564e-02,1.234103e-01,9.238802e-03,4.848956e-03,5.794908e-02,2.360964e-01,8.414008e-03,1.592539e-02,3.478099e-03,2.014904e-02,2.652671e-01,9.595013e-02
4.226477e-02,2.194682e-02,6.118583e-02,3.651452e-02,1.758852e-01,1.326025e-02,4.610776e-03,5.676603e-02,2.296411e-01,7.503646e-03,1.267435e-02,3.074994e-03,1.810029e-02,2.227710e-01,9.380049e-02
4.344973e-02,3.645676e-02,4.878217e-02,3.306714e-02,2.017606e-01,2.221453e-02,4.256481e-03,4.690177e-02,2.832737e-01,7.555385e-03,9.868392e-03,2.393330e-03,1.501277e-02,1.718270e-01,7.318018e-02
4.221623e-02,5.159479e-02,5.010474e-02,5.085454e-02,2.082843e-01,2.189073e-02,6.325074e-03,8.672751e-02,2.710185e-01,7.334458e-03,7.647366e-03,2.002255e-03,1.356947e-02,1.235643e-01,5.686578e-02
4.041254e-02,4.697686e-02,7.990117e-02,6.773539e-02,2.349004e-01,2.115767e-02,9.350415e-03,8.850120e-02,2.511013e-01,6.811143e-03,5.702626e-03,1.618001e-03,1.074642e-02,8.834911e-02,4.673572e-02
5.119995e-02,7.762001e-02,1.082385e-01,6.184138e-02,2.041781e-01,1.985969e-02,8.519440e-03,7.708479e-02,2.514020e-01,6.510928e-03,4.915389e-03,1.934690e-03,1.151703e-02,6.654629e-02,4.863176e-02
5.801633e-02,9.511705e-02,1.442252e-01,6.135030e-02,1.706593e-01,1.762208e-02,7.079995e-03,7.758822e-02,2.137861e-01,9.576360e-03,4.269450e-03,2.217813e-03,1.126178e-02,4.814887e-02,7.908118e-02
4.808080e-02,7.055263e-02,1.552055e-01,9.014378e-02,1.334043e-01,1.321222e-02,5.697511e-03,1.951623e-01,1.703342e-01,9.728577e-03,3.767143e-03,1.784493e-03,8.490748e-03,3.388819e-02,6.054757e-02
4.468941e-02,6.437910e-02,1.516992e-01,6.958126e-02,1.091684e-01,1.094807e-02,5.546265e-03,3.001180e-01,1.400620e-01,8.117594e-03,3.016354e-03,1.371071e-03,6.814990e-03,2.420170e-02,6.028651e-02
4.310852e-02,6.062833e-02,1.282848e-01,5.615884e-02,9.366095e-02,9.756811e-03,7.526683e-03,4.028225e-01,1.138304e-01,6.857884e-03,2.590922e-03,1.196254e-03,6.450190e-03,1.719477e-02,4.993220e-02
5.177199e-02,6.619394e-02,1.251853e-01,4.936002e-02,8.927181e-02,1.195876e-02,8.309731e-03,4.121293e-01,9.811081e-02,7.345805e-03,2.433698e-03,1.527513e-03,1.467731e-02,1.278776e-02,4.893633e-02
4.971559e-02,6.164815e-02,1.214864e-01,4.273087e-02,8.509931e-02,1.408161e-02,1.101915e-02,4.571420e-01,8.370356e-02,6.604120e-03,1.958279e-03,1.598924e-03,1.278414e-02,9.132891e-03,4.129498e-02
8.011407e-02,5.288591e-02,1.150249e-01,3.581388e-02,7.594285e-02,1.459172e-02,1.334293e-02,4.818250e-01,6.571152e-02,6.895437e-03,1.784588e-03,1.679357e-03,1.200366e-02,6.724177e-03,3.566004e-02
2.297504e-01,5.391470e-02,1.027543e-01,3.865302e-02,5.880472e-02,1.875024e-02,1.989376e-02,3.516449e-01,5.437506e-02,9.768032e-03,2.472498e-03,4.475510e-03,1.211863e-02,5.209338e-03,3.741494e-02
3.603874e-01,5.352101e-02,7.727687e-02,3.718881e-02,4.501887e-02,2.186788e-02,3.593164e-02,2.475597e-01,4.297056e-02,9.146117e-03,3.315154e-03,1.104592e-02,1.471357e-02,4.252755e-03,3.580379e-02
3.375424e-01,1.068612e-01,6.337417e-02,5.956895e-02,3.571944e-02,2.050657e-02,2.936513e-02,1.755396e-01,4.999010e-02,1.832331e-02,5.143615e-03,1.662728e-02,2.250374e-02,4.347786e-03,5.458689e-02
3.258802e-01,1.047807e-01,5.533447e-02,8.008034e-02,2.916200e-02,2.609027e-02,2.393609e-02,1.255859e-01,5.352209e-02,2.287628e-02,1.107730e-02,1.828103e-02,5.503475e-02,5.106349e-03,6.325230e-02
3.749616e-01,8.082823e-02,4.267503e-02,7.374635e-02,2.350117e-02,2.713947e-02,1.905689e-02,8.980753e-02,4.271026e-02,2.289953e-02,1.656369e-02,1.904943e-02,1.053314e-01,5.921562e-03,5.580778e-02
4.472001e-01,6.522443e-02,4.055937e-02,6.535590e-02,1.992651e-02,2.964183e-02,1.551685e-02,6.468769e-02,3.745137e-02,1.729731e-02,1.407646e-02,1.931738e-02,1.075564e-01,7.031654e-03,4.915670e-02
4.365750e-01,5.007245e-02,2.978605e-02,5.386753e-02,1.750905e-02,3.756893e-02,1.878574e-02,4.676741e-02,3.472635e-02,1.434922e-02,1.400442e-02,2.215797e-02,1.725414e-01,7.064639e-03,4.422382e-02
3.464038e-01,4.429806e-02,2.740774e-02,4.286233e-02,1.576628e-02,3.106334e-02,1.722866e-02,3.299683e-02,2.869225e-02,1.540750e-02,1.911779e-02,2.582913e-02,2.627504e-01,6.920264e-03,8.325572e-02
2.692877e-01,3.440506e-02,2.922178e-02,3.668564e-02,2.359065e-02,2.845763e-02,1.724069e-02,2.373115e-02,2.535957e-02,1.547231e-02,2.249462e-02,3.440901e-02,3.027139e-01,5.894992e-03,1.310353e-01
2.149883e-01,2.576522e-02,2.418122e-02,2.872244e-02,2.050447e-02,2.384975e-02,1.416703e-02,1.728675e-02,2.613955e-02,3.513701e-02,2.571951e-02,3.501131e-02,3.853668e-01,5.274480e-03,1.178862e-01
1.519619e-01,1.943883e-02,3.833576e-02,2.050807e-02,3.170714e-02,1.684626e-02,1.103230e-02,1.508220e-02,2.142256e-02,5.606492e-02,2.151946e-02,2.814868e-02,3.503880e-01,4.309475e-03,2.132345e-01
1.065013e-01,1.368167e-02,3.041025e-02,1.448165e-02,2.918066e-02,1.183060e-02,8.400131e-03,1.171307e-02,1.533173e-02,4.986089e-02,1.649047e-02,2.099664e-02,2.823353e-01,3.197639e-03,3.855880e-01
7.488156e-02,9.888347e-03,2.475364e-02,1.081093e-02,2.803363e-02,8.364839e-03,6.233963e-03,1.070852e-02,1.314358e-02,5.333748e-02,1.380358e-02,1.671964e-02,2.563946e-01,2.510044e-03,4.704156e-01
5.293392e-02,7.051609e-03,1.826832e-02,8.127918e-03,2.416907e-02,5.928176e-03,4.544672e-03,1.047038e-02,1.057037e-02,8.361264e-02,1.392864e-02,1.482866e-02,2.780910e-01,2.025194e-03,4.654494e-01
3.772260e-02,5.083662e-03,1.361796e-02,6.127574e-03,1.824323e-02,4.479817e-03,3.242034e-03,9.864046e-03,9.338207e-03,1.621540e-01,2.302992e-02,1.702367e-02,3.145990e-01,1.812825e-03,3.736615e-01
2.691559e-02,3.878348e-03,1.290241e-02,5.002480e-03,2.626769e-02,3.219471e-03,2.834584e-03,4.003501e-02,8.892502e-03,2.092808e-01,2.029024e-02,1.408073e-02,2.833523e-01,1.444186e-03,3.416037e-01
1.970087e-02,3.042698e-03,9.676794e-03,4.229569e-03,6.020261e-02,2.408235e-03,2.753566e-03,6.465172e-02,1.224785e-02,2.632586e-01,1.921664e-02,1.177024e-02,2.351457e-01,1.676244e-03,2.900186e-01
1.461282e-02,2.255975e-03,8.034023e-03,4.630483e-03,1.089243e-01,1.793028e-03,2.917787e-03,1.443622e-01,1.300809e-02,2.667450e-01,1.614145e-02,9.368354e-03,1.866664e-01,2.084963e-03,2.184550e-01
1.226301e-02,1.926777e-03,8.705778e-03,5.074234e-03,1.109358e-01,1.525845e-03,3.778296e-03,2.168739e-01,1.323680e-02,2.961571e-01,1.308267e-02,7.286421e-03,1.429494e-01,2.039692e-03,1.641643e-01
1.968713e-02,2.301047e-03,1.234775e-02,6.945946e-03,1.372340e-01,1.976920e-03,6.123137e-03,2.242239e-01,1.699824e-02,3.168758e-01,1.069198e-02,6.605612e-03,1.077346e-01,2.243563e-03,1.280105e-01
2.388744e-02,2.557987e-03,1.244664e-02,5.934993e-03,1.163007e-01,2.704470e-03,1.320847e-02,2.860619e-01,1.425285e-02,3.146399e-01,9.288426e-03,5.883406e-03,8.376247e-02,2.994299e-03,1.060760e-01
2.306336e-02,2.650294e-03,1.011544e-02,4.721608e-03,9.208569e-02,2.335039e-03,1.442555e-02,3.862752e-01,1.112002e-02,2.864086e-01,8.123158e-03,4.845588e-03,6.476245e-02,4.738311e-03,8.432971e-02
5.435694e-02,5.867541e-03,9.238378e-03,4.550843e-03,8.567168e-02,4.248508e-03,1.974608e-02,3.795726e-01,1.193410e-02,2.701762e-01,6.625481e-03,9.590914e-03,5.918552e-02,1.179287e-02,6.744235e-02
9.699351e-02,9.492435e-03,9.400820e-03,4.041514e-03,8.193393e-02,8.799313e-03,2.803596e-02,3.640547e-01,1.523005e-02,2.303571e-01,5.187035e-03,1.398398e-02,5.571917e-02,1.974342e-02,5.702703e-02
1.580599e-01,1.337989e-02,8.133071e-03,4.023894e-03,8.103337e-02,1.202154e-02,2.847122e-02,3.040204e-01,2.625491e-02,2.008048e-01,4.168394e-03,2.113057e-02,6.139575e-02,2.673657e-02,5.036581e-02
2.139511e-01,1.399927e-02,6.762564e-03,3.512122e-03,6.881422e-02,1.253590e-02,2.886447e-02,2.650694e-01,3.079151e-02,2.069131e-01,3.370778e-03,2.438599e-02,4.715604e-02,2.496919e-02,4.890441e-02
2.392536e-01,1.518936e-02,7.407977e-03,2.964381e-03,5.775269e-02,1.239609e-02,8.120843e-02,2.394010e-01,3.410318e-02,1.602449e-01,2.867227e-03,2.959910e-02,4.271985e-02,1.936173e-02,5.553059e-02
3.042507e-01,1.853609e-02,8.750960e-03,3.048695e-03,4.901126e-02,1.485597e-02,9.282821e-02,1.955503e-01,5.216999e-02,1.185046e-01,3.337555e-03,2.691047e-02,3.511619e-02,1.442973e-02,6.269935e-02
3.175132e-01,2.520090e-02,1.433887e-02,3.507641e-03,4.667327e-02,1.509901e-02,9.612104e-02,1.823518e-01,7.251453e-02,9.301782e-02,3.631398e-03,2.505141e-02,2.977068e-02,1.099145e-02,6.421702e-02
2.907635e-01,2.371445e-02,1.565064e-02,3.552869e-03,5.070131e-02,1.429961e-02,1.597541e-01,1.564280e-01,9.440901e-02,7.612545e-02,3.838139e-03,2.219043e-02,2.995738e-02,8.452017e-03,5.016309e-02
2.385597e-01,2.517052e-02,1.355411e-02,3.611045e-03,4.992722e-02,1.216358e-02,2.250114e-01,1.238414e-01,1.433672e-01,5.891572e-02,3.632701e-03,1.960505e-02,3.606831e-02,6.741899e-03,3.983022e-02
1.882897e-01,2.146042e-02,1.273992e-02,3.618400e-03,4.180977e-02,1.306333e-02,3.475392e-01,1.035994e-01,1.306242e-01,4.253965e-02,3.542886e-03,1.604250e-02,3.714891e-02,5.125033e-03,3.285658e-02
1.892234e-01,2.091180e-02,1.057789e-02,5.452522e-03,3.997108e-02,1.540225e-02,3.541818e-01,8.688030e-02,1.064226e-01,3.667217e-02,1.809631e-02,1.829905e-02,5.337849e-02,4.681773e-03,3.984870e-02
1.529130e-01,1.976549e-02,8.144348e-03,5.884088e-03,3.803506e-02,1.686304e-02,3.819585e-01,7.544912e-02,9.178811e-02,3.854636e-02,3.696262e-02,1.998927e-02,5.652033e-02,3.904464e-03,5.327618e-02
1.297772e-01,1.664785e-02,5.922422e-03,6.119890e-03,2.942084e-02,1.654215e-02,3.371772e-01,5.484425e-02,7.381904e-02,2.906117e-02,1.626915e-01,3.708106e-02,5.307058e-02,3.345574e-03,4.447930e-02
1.004134e-01,1.361891e-02,4.420773e-03,6.045097e-03,2.206174e-02,1.669014e-02,2.739356e-01,3.913618e-02,6.726731e-02,2.929908e-02,2.232315e-01,3.388120e-02,1.016780e-01,3.193880e-03,6.512713e-02
7.715438e-02,1.090331e-02,3.485101e-03,6.427457e-03,1.781096e-02,1.713848e-02,2.141278e-01,2.828811e-02,7.348043e-02,3.704796e-02,2.602217e-01,3.303142e-02,1.288716e-01,3.130381e-03,8.888093e-02
6.181179e-02,8.404790e-03,2.612696e-03,5.886728e-03,2.248475e-02,1.427257e-02,1.692199e-01,2.219789e-02,1.698386e-01,3.618176e-02,2.036797e-01,5.006035e-02,1.427988e-01,3.640472e-03,8.690910e-02
4.716506e-02,7.891263e-03,2.434947e-03,4.926149e-03,1.727342e-02,1.367073e-02,1.369497e-01,1.729103e-02,1.752907e-01,4.457318e-02,1.552790e-01,9.288320e-02,1.878529e-01,4.135693e-03,9.238305e-02
3.458537e-02,1.275769e-02,1.028545e-02,1.579449e-02,1.549186e-02,1.541524e-02,1.006866e-01,1.380453e-02,2.601875e-01,5.680699e-02,1.129559e-01,8.162471e-02,1.623781e-01,4.336307e-03,1.028892e-01
2.548755e-02,9.876086e-03,1.073976e-02,3.996667e-02,1.768169e-02,2.955627e-02,7.470932e-02,1.129119e-02,2.691239e-01,5.201514e-02,9.687291e-02,1.072893e-01,1.644530e-01,6.329977e-03,8.460711e-02
1.859456e-02,7.448231e-03,8.220459e-03,4.755509e-02,2.023838e-02,3.293851e-02,7.156853e-02,9.807388e-03,2.350030e-01,7.606114e-02,1.050845e-01,1.060601e-01,1.690762e-01,9.349037e-03,8.299486e-02
1.374401e-02,5.861962e-03,9.667413e-03,3.646281e-02,2.212524e-02,2.385378e-02,7.253592e-02,7.340042e-03,1.829594e-01,1.280456e-01,1.382631e-01,9.014510e-02,1.625486e-01,7.468400e-03,9.897859e-02
1.124917e-02,5.077801e-03,1.239227e-02,3.456806e-02,2.796681e-02,1.799121e-02,7.451394e-02,6.330063e-03,1.432116e-01,1.521830e-01,1.209283e-01,7.564568e-02,1.890250e-01,5.772012e-03,1.231450e-01
9.538532e-03,5.025805e-03,1.149504e-02,3.750357e-02,3.033058e-02,1.627057e-02,6.018478e-02,5.624956e-03,1.142252e-01,1.716543e-01,1.086300e-01,6.204056e-02,2.607444e-01,5.377326e-03,1.013545e-01
8.361155e-03,4.154742e-03,9.497812e-03,3.219473e-02,2.942670e-02,1.349808e-02,5.271314e-02,6.542475e-03,8.705574e-02,2.008778e-01,9.734450e-02,6.223985e-02,2.760956e-01,4.738507e-03,1.152591e-01
7.093660e-03,3.314734e-03,8.393848e-03,2.629737e-02,2.853453e-02,1.081313e-02,4.259712e-02,1.312470e-02,6.829079e-02,1.953013e-01,8.658988e-02,5.289253e-02,2.778344e-01,4.378093e-03,1.745440e-01
6.441276e-03,4.018984e-03,7.772115e-03,2.249316e-02,2.615207e-02,9.245073e-03,3.176512e-02,1.055994e-02,5.210697e-02,1.912217e-01,8.917879e-02,6.526192e-02,3.305818e-01,5.206144e-03,1.479949e-01
5.801232e-03,2.974938e-03,6.100024e-03,2.689581e-02,2.410943e-02,7.505503e-03,2.359481e-02,1.372174e-02,4.220206e-02,2.349775e-01,1.141168e-01,5.638812e-02,3.145982e-01,4.319360e-03,1.226946e-01
