1.000000e+00,0.000000e+00,0.000000e+00,0.000000e+00,0.000000e+00,0.000000e+00,0.000000e+00,0.000000e+00,0.000000e+00,0.000000e+00,0.000000e+00,0.000000e+00,0.000000e+00,0.000000e+00,0.000000e+00
1.000000e+00,0.000000e+00,0.000000e+00,0.000000e+00,0.000000e+00,0.000000e+00,0.000000e+00,0.000000e+00,0.000000e+00,0.000000e+00,0.000000e+00,0.000000e+00,0.000000e+00,0.000000e+00,0.000000e+00
1.000000e+00,0.000000e+00,0.000000e+00,0.000000e+00,0.000000e+00,0.000000e+00,0.000000e+00,0.000000e+00,0.000000e+00,0.000000e+00,0.000000e+00,0.000000e+00,0.000000e+00,0.000000e+00,0.000000e+00
1.000000e+00,0.000000e+00,0.000000e+00,0.000000e+00,0.000000e+00,0.000000e+00,0.000000e+00,0.000000e+00,0.000000e+00,0.000000e+00,0.000000e+00,0.000000e+00,0.000000e+00,0.000000e+00,0.000000e+00
1.000000e+00,0.000000e+00,0.000000e+00,0.000000e+00,0.000000e+00,0.000000e+00,0.000000e+00,0.000000e+00,0.000000e+00,0.000000e+00,0.000000e+00,0.000000e+00,0.000000e+00,0.000000e+00,0.000000e+00
1.000000e+00,0.000000e+00,0.000000e+00,0.000000e+00,0.000000e+00,0.000000e+00,0.000000e+00,0.000000e+00,0.000000e+00,0.000000e+00,0.000000e+00,0.000000e+00,0.000000e+00,0.000000e+00,0.000000e+00
1.000000e+00,0.000000e+00,0.000000e+00,0.000000e+00,0.000000e+00,0.000000e+00,0.000000e+00,0.000000e+00,0.000000e+00,0.000000e+00,0.000000e+00,0.000000e+00,0.000000e+00,0.000000e+00,0.000000e+00
1.000000e+00,0.000000e+00,0.000000e+00,0.000000e+00,0.000000e+00,0.000000e+00,0.000000e+00,0.000000e+00,0.000000e+00,0.000000e+00,0.000000e+00,0.000000e+00,0.000000e+00,0.000000e+00,0.000000e+00
1.000000e+00,0.000000e+00,0.000000e+00,0.000000e+00,0.000000e+00,0.000000e+00,0.000000e+00,0.000000e+00,0.000000e+00,0.000000e+00,0.000000e+00,0.000000e+00,0.000000e+00,0.000000e+00,0.000000e+00
1.000000e+00,0.000000e+00,0.000000e+00,0.000000e+00,0.000000e+00,0.000000e+00,0.000000e+00,0.000000e+00,0.000000e+00,0.000000e+00,0.000000e+00,0.000000e+00,0.000000e+00,0.000000e+00,0.000000e+00
1.000000e+00,0.000000e+00,0.000000e+00,0.000000e+00,0.000000e+00,0.000000e+00,0.000000e+00,0.000000e+00,0.000000e+00,0.000000e+00,0.000000e+00,0.000000e+00,0.000000e+00,0.000000e+00,0.000000e+00
1.000000e+00,0.000000e+00,0.000000e+00,0.000000e+00,0.000000e+00,0.000000e+00,0.000000e+00,0.000000e+00,0.000000e+00,0.000000e+00,0.000000e+00,0.000000e+00,0.000000e+00,0.000000e+00,0.000000e+00
1.000000e+00,0.000000e+00,0.000000e+00,0.000000e+00,0.000000e+00,0.000000e+00,0.000000e+00,0.000000e+00,0.000000e+00,0.000000e+00,0.000000e+00,0.000000e+00,0.000000e+00,0.000000e+00,0.000000e+00
1.000000e+00,0.000000e+00,0.000000e+00,0.000000e+00,0.000000e+00,0.000000e+00,0.000000e+00,0.000000e+00,0.000000e+00,0.000000e+00,0.000000e+00,0.000000e+00,0.000000e+00,0.000000e+00,0.000000e+00
1.000000e+00,0.000000e+00,0.000000e+00,0.000000e+00,0.000000e+00,0.000000e+00,0.000000e+00,0.000000e+00,0.000000e+00,0.000000e+00,0.000000e+00,0.000000e+00,0.000000e+00,0.000000e+00,0.000000e+00
1.000000e+00,0.000000e+00,0.000000e+00,0.000000e+00,0.000000e+00,0.000000e+00,0.000000e+00,0.000000e+00,0.000000e+00,0.000000e+00,0.000000e+00,0.000000e+00,0.000000e+00,0.000000e+00,0.000000e+00
1.000000e+00,0.000000e+00,0.000000e+00,0.000000e+00,0.000000e+00,0.000000e+00,0.000000e+00,0.000000e+00,0.000000e+00,0.000000e+00,0.000000e+00,0.000000e+00,0.000000e+00,0.000000e+00,0.000000e+00
1.000000e+00,0.000000e+00,0.000000e+00,0.000000e+00,0.000000e+00,0.000000e+00,0.000000e+00,0.000000e+00,0.000000e+00,0.000000e+00,0.000000e+00,0.000000e+00,0.000000e+00,0.000000e+00,0.000000e+00
1.000000e+00,0.000000e+00,0.000000e+00,0.000000e+00,0.000000e+00,0.000000e+00,0.000000e+00,0.000000e+00,0.000000e+00,0.000000e+00,0.000000e+00,0.000000e+00,0.000000e+00,0.000000e+00,0.000000e+00
1.000000e+00,0.000000e+00,0.000000e+00,0.000000e+00,0.000000e+00,0.000000e+00,0.000000e+00,0.000000e+00,0.000000e+00,0.000000e+00,0.000000e+00,0.000000e+00,0.000000e+00,0.000000e+00,0.000000e+00
1.000000e+00,0.000000e+00,0.000000e+00,0.000000e+00,0.000000e+00,0.000000e+00,0.000000e+00,0.000000e+00,0.000000e+00,0.000000e+00,0.000000e+00,0.000000e+00,0.000000e+00,0.000000e+00,0.000000e+00
1.000000e+00,0.000000e+00,0.000000e+00,0.000000e+00,0.000000e+00,0.000000e+00,0.000000e+00,0.000000e+00,0.000000e+00,0.000000e+00,0.000000e+00,0.000000e+00,0.000000e+00,0.000000e+00,0.000000e+00
1.000000e+00,0.000000e+00,0.000000e+00,0.000000e+00,0.000000e+00,0.000000e+00,0.000000e+00,0.000000e+00,0.000000e+00,0.000000e+00,0.000000e+00,0.000000e+00,0.000000e+00,0.000000e+00,0.000000e+00
1.000000e+00,0.000000e+00,0.000000e+00,0.000000e+00,0.000000e+00,0.000000e+00,0.000000e+00,0.000000e+00,0.000000e+00,0.000000e+00,0.000000e+00,0.000000e+00,0.000000e+00,0.000000e+00,0.000000e+00
1.000000e+00,0.000000e+00,0.000000e+00,0.000000e+00,0.000000e+00,0.000000e+00,0.000000e+00,0.000000e+00,0.000000e+00,0.000000e+00,0.000000e+00,0.000000e+00,0.000000e+00,0.000000e+00,0.000000e+00
1.000000e+00,0.000000e+00,0.000000e+00,0.000000e+00,0.000000e+00,0.000000e+00,0.000000e+00,0.000000e+00,0.000000e+00,0.000000e+00,0.000000e+00,0.000000e+00,0.000000e+00,0.000000e+00,0.000000e+00
1.000000e+00,0.000000e+00,0.000000e+00,0.000000e+00,0.000000e+00,0.000000e+00,0.000000e+00,0.000000e+00,0.000000e+00,0.000000e+00,0.000000e+00,0.000000e+00,0.000000e+00,0.000000e+00,0.000000e+00
1.000000e+00,0.000000e+00,0.000000e+00,0.000000e+00,0.000000e+00,0.000000e+00,0.000000e+00,0.000000e+00,0.000000e+00,0.000000e+00,0.000000e+00,0.000000e+00,0.000000e+00,0.000000e+00,0.000000e+00
1.000000e+00,0.000000e+00,0.000000e+00,0.000000e+00,0.000000e+00,0.000000e+00,0.000000e+00,0.000000e+00,0.000000e+00,0.000000e+00,0.000000e+00,0.000000e+00,0.000000e+00,0.000000e+00,0.000000e+00
1.000000e+00,0.000000e+00,0.000000e+00,0.000000e+00,0.000000e+00,0.000000e+00,0.000000e+00,0.000000e+00,0.000000e+00,0.000000e+00,0.000000e+00,0.000000e+00,0.000000e+00,0.000000e+00,0.000000e+00
1.000000e+00,0.000000e+00,0.000000e+00,0.000000e+00,0.000000e+00,0.000000e+00,0.000000e+00,0.000000e+00,0.000000e+00,0.000000e+00,0.000000e+00,0.000000e+00,0.000000e+00,0.000000e+00,0.000000e+00
1.000000e+00,0.000000e+00,0.000000e+00,0.000000e+00,0.000000e+00,0.000000e+00,0.000000e+00,0.000000e+00,0.000000e+00,0.000000e+00,0.000000e+00,0.000000e+00,0.000000e+00,0.000000e+00,0.000000e+00
1.000000e+00,0.000000e+00,0.000000e+00,0.000000e+00,0.000000e+00,0.000000e+00,0.000000e+00,0.000000e+00,0.000000e+00,0.000000e+00,0.000000e+00,0.000000e+00,0.000000e+00,0.000000e+00,0.000000e+00
1.000000e+00,0.000000e+00,0.000000e+00,0.000000e+00,0.000000e+00,0.000000e+00,0.000000e+00,0.000000e+00,0.000000e+00,0.000000e+00,0.000000e+00,0.000000e+00,0.000000e+00,0.000000e+00,0.000000e+00
1.000000e+00,0.000000e+00,0.000000e+00,0.000000e+00,0.000000e+00,0.000000e+00,0.000000e+00,0.000000e+00,0.000000e+00,0.000000e+00,0.000000e+00,0.000000e+00,0.000000e+00,0.000000e+00,0.000000e+00
1.000000e+00,0.000000e+00,0.000000e+00,0.000000e+00,0.000000e+00,0.000000e+00,0.000000e+00,0.000000e+00,0.000000e+00,0.000000e+00,0.000000e+00,0.000000e+00,0.000000e+00,0.000000e+00,0.000000e+00
1.000000e+00,0.000000e+00,0.000000e+00,0.000000e+00,0.000000e+00,0.000000e+00,0.000000e+00,0.000000e+00,0.000000e+00,0.000000e+00,0.000000e+00,0.000000e+00,0.000000e+00,0.000000e+00,0.000000e+00
1.000000e+00,0.000000e+00,0.000000e+00,0.000000e+00,0.000000e+00,0.000000e+00,0.000000e+00,0.000000e+00,0.000000e+00,0.000000e+00,0.000000e+00,0.000000e+00,0.000000e+00,0.000000e+00,0.000000e+00
1.000000e+00,0.000000e+00,0.000000e+00,0.000000e+00,0.000000e+00,0.000000e+00,0.000000e+00,0.000000e+00,0.000000e+00,0.000000e+00,0.000000e+00,0.000000e+00,0.000000e+00,0.000000e+00,0.000000e+00
1.000000e+00,0.000000e+00,0.000000e+00,0.000000e+00,0.000000e+00,0.000000e+00,0.000000e+00,0.000000e+00,0.000000e+00,0.000000e+00,0.000000e+00,0.000000e+00,0.000000e+00,0.000000e+00,0.000000e+00
1.000000e+00,0.000000e+00,0.000000e+00,0.000000e+00,0.000000e+00,0.000000e+00,0.000000e+00,0.000000e+00,0.000000e+00,0.000000e+00,0.000000e+00,0.000000e+00,0.000000e+00,0.000000e+00,0.000000e+00
1.000000e+00,0.000000e+00,0.000000e+00,0.000000e+00,0.000000e+00,0.000000e+00,0.000000e+00,0.000000e+00,0.000000e+00,0.000000e+00,0.000000e+00,0.000000e+00,0.000000e+00,0.000000e+00,0.000000e+00
1.000000e+00,0.000000e+00,0.000000e+00,0.000000e+00,0.000000e+00,0.000000e+00,0.000000e+00,0.000000e+00,0.000000e+00,0.000000e+00,0.000000e+00,0.000000e+00,0.000000e+00,0.000000e+00,0.000000e+00
1.000000e+00,0.000000e+00,0.000000e+00,0.000000e+00,0.000000e+00,0.000000e+00,0.000000e+00,0.000000e+00,0.000000e+00,0.000000e+00,0.000000e+00,0.000000e+00,0.000000e+00,0.000000e+00,0.000000e+00
1.000000e+00,0.000000e+00,0.000000e+00,0.000000e+00,0.000000e+00,0.000000e+00,0.000000e+00,0.000000e+00,0.000000e+00,0.000000e+00,0.000000e+00,0.000000e+00,0.000000e+00,0.000000e+00,0.000000e+00
1.000000e+00,0.000000e+00,0.000000e+00,0.000000e+00,0.000000e+00,0.000000e+00,0.000000e+00,0.000000e+00,0.000000e+00,0.000000e+00,0.000000e+00,0.000000e+00,0.000000e+00,0.000000e+00,0.000000e+00
1.000000e+00,0.000000e+00,0.000000e+00,0.000000e+00,0.000000e+00,0.000000e+00,0.000000e+00,0.000000e+00,0.000000e+00,0.000000e+00,0.000000e+00,0.000000e+00,0.000000e+00,0.000000e+00,0.000000e+00
1.000000e+00,0.000000e+00,0.000000e+00,0.000000e+00,0.000000e+00,0.000000e+00,0.000000e+00,0.000000e+00,0.000000e+00,0.000000e+00,0.000000e+00,0.000000e+00,0.000000e+00,0.000000e+00,0.000000e+00
1.000000e+00,0.000000e+00,0.000000e+00,0.000000e+00,0.000000e+00,0.000000e+00,0.000000e+00,0.000000e+00,0.000000e+00,0.000000e+00,0.000000e+00,0.000000e+00,0.000000e+00,0.000000e+00,0.000000e+00
1.000000e+00,0.000000e+00,0.000000e+00,0.000000e+00,0.000000e+00,0.000000e+00,0.000000e+00,0.000000e+00,0.000000e+00,0.000000e+00,0.000000e+00,0.000000e+00,0.000000e+00,0.000000e+00,0.000000e+00
1.000000e+00,0.000000e+00,0.000000e+00,0.000000e+00,0.000000e+00,0.000000e+00,0.000000e+00,0.000000e+00,0.000000e+00,0.000000e+00,0.000000e+00,0.000000e+00,0.000000e+00,0.000000e+00,0.000000e+00
1.000000e+00,0.000000e+00,0.000000e+00,0.000000e+00,0.000000e+00,0.000000e+00,0.000000e+00,0.000000e+00,0.000000e+00,0.000000e+00,0.000000e+00,0.000000e+00,0.000000e+00,0.000000e+00,0.000000e+00
1.000000e+00,0.000000e+00,0.000000e+00,0.000000e+00,0.000000e+00,0.000000e+00,0.000000e+00,0.000000e+00,0.000000e+00,0.000000e+00,0.000000e+00,0.000000e+00,0.000000e+00,0.000000e+00,0.000000e+00
1.000000e+00,0.000000e+00,0.000000e+00,0.000000e+00,0.000000e+00,0.000000e+00,0.000000e+00,0.000000e+00,0.000000e+00,0.000000e+00,0.000000e+00,0.000000e+00,0.000000e+00,0.000000e+00,0.000000e+00
1.000000e+00,0.000000e+00,0.000000e+00,0.000000e+00,0.000000e+00,0.000000e+00,0.000000e+00,0.000000e+00,0.000000e+00,0.000000e+00,0.000000e+00,0.000000e+00,0.000000e+00,0.000000e+00,0.000000e+00
1.000000e+00,0.000000e+00,0.000000e+00,0.000000e+00,0.000000e+00,0.000000e+00,0.000000e+00,0.000000e+00,0.000000e+00,0.000000e+00,0.000000e+00,0.000000e+00,0.000000e+00,0.000000e+00,0.000000e+00
1.000000e+00,0.000000e+00,0.000000e+00,0.000000e+00,0.000000e+00,0.000000e+00,0.000000e+00,0.000000e+00,0.000000e+00,0.000000e+00,0.000000e+00,0.000000e+00,0.000000e+00,0.000000e+00,0.000000e+00
1.000000e+00,0.000000e+00,0.000000e+00,0.000000e+00,0.000000e+00,0.000000e+00,0.000000e+00,0.000000e+00,0.000000e+00,0.000000e+00,0.000000e+00,0.000000e+00,0.000000e+00,0.000000e+00,0.000000e+00
1.000000e+00,0.000000e+00,0.000000e+00,0.000000e+00,0.000000e+00,0.000000e+00,0.000000e+00,0.000000e+00,0.000000e+00,0.000000e+00,0.000000e+00,0.000000e+00,0.000000e+00,0.000000e+00,0.000000e+00
1.000000e+00,0.000000e+00,0.000000e+00,0.000000e+00,0.000000e+00,0.000000e+00,0.000000e+00,0.000000e+00,0.000000e+00,0.000000e+00,0.000000e+00,0.000000e+00,0.000000e+00,0.000000e+00,0.000000e+00
1.000000e+00,0.000000e+00,0.000000e+00,0.000000e+00,0.000000e+00,0.000000e+00,0.000000e+00,0.000000e+00,0.000000e+00,0.000000e+00,0.000000e+00,0.000000e+00,0.000000e+00,0.000000e+00,0.000000e+00
1.000000e+00,0.000000e+00,0.000000e+00,0.000000e+00,0.000000e+00,0.000000e+00,0.000000e+00,0.000000e+00,0.000000e+00,0.000000e+00,0.000000e+00,0.000000e+00,0.000000e+00,0.000000e+00,0.000000e+00
4.080822e-01,7.667449e-03,7.026816e-03,1.243309e-02,2.339177e-02,1.001837e-01,3.768235e-01,2.231070e-02,2.774266e-03,1.783397e-03,5.405202e-03,1.187779e-02,1.203582e-02,1.577287e-03,6.627011e-03
4.078059e-01,7.557566e-03,8.236996e-03,1.040222e-02,3.812543e-02,9.756205e-02,3.394503e-01,2.283309e-02,3.643859e-03,5.520163e-03,1.136828e-02,2.226182e-02,1.556097e-02,3.046816e-03,6.624583e-03
3.265793e-01,8.032664e-03,7.717782e-03,1.199992e-02,4.000937e-02,8.624463e-02,3.193299e-01,1.802718e-02,5.436283e-03,1.944208e-02,4.518680e-02,4.114062e-02,3.023488e-02,9.989467e-03,3.062922e-02
2.321982e-01,6.434617e-03,7.545820e-03,1.361296e-02,3.329879e-02,6.938516e-02,3.015741e-01,1.358237e-02,5.499643e-03,1.938781e-02,1.555648e-01,8.253655e-02,2.252133e-02,1.454092e-02,2.231705e-02
1.652407e-01,4.819580e-03,6.212520e-03,1.180464e-02,2.478646e-02,5.374575e-02,2.404025e-01,1.007507e-02,5.493636e-03,1.578138e-02,2.900891e-01,1.191451e-01,1.678964e-02,1.954300e-02,1.607095e-02
1.165452e-01,3.548475e-03,4.663425e-03,9.277062e-03,1.841876e-02,3.932432e-02,1.739897e-01,7.657341e-03,5.786026e-03,1.174860e-02,3.958927e-01,1.449857e-01,1.222134e-02,4.449198e-02,1.144936e-02
8.214743e-02,2.568510e-03,3.519157e-03,6.912083e-03,1.437677e-02,2.899119e-02,1.307070e-01,5.792510e-03,5.344137e-03,8.595693e-03,4.919898e-01,1.277026e-01,8.949045e-03,7.425342e-02,8.150727e-03
5.766932e-02,1.943478e-03,2.527563e-03,5.063722e-03,1.151760e-02,2.129879e-02,9.255315e-02,4.186269e-03,4.982441e-03,6.385918e-03,5.477109e-01,1.162174e-01,6.902362e-03,1.151844e-01,5.856751e-03
4.054733e-02,2.174639e-03,1.807424e-03,3.601375e-03,8.770813e-03,1.579261e-02,6.487218e-02,2.975188e-03,6.986672e-03,5.697954e-03,6.325519e-01,8.980361e-02,5.048810e-03,1.149545e-01,4.415061e-03
2.848446e-02,2.142173e-03,1.288019e-03,2.584989e-03,6.428089e-03,1.182444e-02,4.544298e-02,2.122051e-03,7.791728e-03,4.708554e-03,6.727737e-01,6.875326e-02,3.806036e-03,1.385213e-01,3.328264e-03
2.006559e-02,5.777504e-03,1.018284e-03,1.850915e-03,4.805936e-03,1.647440e-02,3.183512e-02,1.527381e-03,9.163875e-03,4.928322e-03,6.577870e-01,5.818243e-02,2.988285e-03,1.808403e-01,2.754600e-03
1.430583e-02,9.981483e-03,1.831904e-03,1.353168e-03,3.815194e-03,1.987619e-02,2.239729e-02,1.300450e-03,1.002006e-02,4.135329e-03,6.646834e-01,4.931206e-02,2.255342e-03,1.925924e-01,2.139934e-03
1.011622e-02,4.536692e-02,2.061586e-03,9.662471e-04,4.136827e-03,2.133879e-02,1.576716e-02,9.967557e-04,4.329289e-02,3.583903e-03,6.396472e-01,4.244093e-02,1.753042e-03,1.669449e-01,1.586732e-03
7.145883e-03,4.560571e-02,2.284144e-03,7.469169e-04,5.240295e-03,2.742228e-02,1.123165e-02,8.075517e-04,1.560240e-01,5.226399e-03,5.490531e-01,4.287118e-02,2.071789e-03,1.430709e-01,1.198183e-03
5.103877e-03,4.260324e-02,2.056157e-03,6.192952e-04,7.535527e-03,2.436640e-02,7.991108e-03,6.257033e-04,2.360314e-01,6.284841e-03,4.992311e-01,3.932372e-02,1.836102e-03,1.254121e-01,9.795564e-04
3.730594e-03,3.599959e-02,2.039996e-03,1.587377e-03,1.022184e-02,2.106933e-02,5.640894e-03,7.499736e-04,3.740118e-01,1.064838e-02,3.995701e-01,3.014247e-02,3.203267e-03,9.993301e-02,1.451417e-03
2.851043e-03,3.657894e-02,3.829276e-03,2.784002e-03,1.706966e-02,2.162176e-02,3.972597e-03,3.459485e-03,4.644465e-01,1.490053e-02,3.244792e-01,2.350791e-02,3.524863e-03,7.500246e-02,1.971803e-03
2.827432e-03,3.250241e-02,3.682831e-03,2.942803e-03,2.074172e-02,4.863090e-02,2.807605e-03,3.001746e-03,4.795267e-01,3.849874e-02,2.650488e-01,2.016622e-02,4.776636e-03,6.463102e-02,1.021447e-02
3.221534e-03,2.858531e-02,3.981896e-03,2.823492e-03,1.948056e-02,1.321039e-01,1.993713e-03,2.347140e-03,4.429529e-01,4.423723e-02,2.271710e-01,1.810873e-02,5.777729e-03,5.598079e-02,1.123409e-02
3.149739e-03,2.510201e-02,4.188221e-03,3.541425e-03,1.636813e-02,2.204344e-01,1.422088e-03,2.633660e-03,4.099543e-01,4.321987e-02,1.888338e-01,1.761373e-02,5.851899e-03,4.807103e-02,9.615695e-03
2.834524e-03,3.771119e-02,4.506852e-03,3.826410e-03,1.233433e-02,3.231300e-01,1.040540e-03,4.576775e-03,3.713328e-01,3.636285e-02,1.369910e-01,1.263519e-02,4.454314e-03,3.900561e-02,9.257594e-03
2.135098e-03,3.458722e-02,3.362169e-03,2.892826e-03,9.000720e-03,4.138977e-01,7.593643e-04,3.483228e-03,3.596420e-01,2.612384e-02,9.686263e-02,8.939932e-03,3.272441e-03,2.811236e-02,6.928525e-03
1.770997e-03,3.095065e-02,2.685147e-03,4.002531e-03,7.621192e-03,4.426018e-01,5.584356e-04,2.897204e-03,3.815289e-01,2.244005e-02,6.802855e-02,6.304507e-03,2.411038e-03,2.001285e-02,6.186204e-03
2.577830e-03,2.440143e-02,1.121736e-02,5.926799e-02,7.036129e-03,4.873885e-01,4.522231e-04,1.060263e-02,2.949747e-01,2.301881e-02,4.809507e-02,4.443386e-03,1.872003e-03,1.414491e-02,1.050709e-02
4.412980e-03,1.818965e-02,9.121334e-03,4.452306e-02,6.516148e-03,5.600324e-01,4.050889e-04,9.284161e-03,2.289090e-01,2.202805e-02,3.388372e-02,3.130495e-03,1.441578e-03,1.046413e-02,4.765823e-02
7.530044e-03,1.511333e-02,9.809162e-03,4.383048e-02,1.040691e-02,5.518090e-01,4.140449e-04,4.670240e-02,1.967531e-01,2.260113e-02,2.461892e-02,2.362739e-03,1.202156e-03,7.797022e-03,5.904954e-02
9.316975e-03,1.170415e-02,9.150913e-03,3.807143e-02,1.119138e-02,5.274578e-01,4.329297e-04,4.473270e-02,1.875079e-01,3.232752e-02,1.886319e-02,1.946613e-03,1.211539e-03,6.309126e-03,9.977581e-02
2.360084e-02,1.239252e-02,1.018000e-02,3.342611e-02,4.546305e-02,4.886479e-01,1.014599e-03,4.163968e-02,1.533055e-01,4.043888e-02,1.467015e-02,1.571592e-03,1.251652e-03,5.153469e-03,1.272440e-01
2.863376e-02,2.397553e-02,1.780473e-02,3.477990e-02,5.553851e-02,3.852788e-01,1.203876e-03,6.925735e-02,1.514288e-01,5.013898e-02,1.181943e-02,1.450926e-03,2.082848e-03,5.515250e-03,1.610913e-01
2.969438e-02,2.822080e-02,2.193667e-02,3.337123e-02,5.425800e-02,2.774224e-01,1.033298e-03,6.848700e-02,1.712302e-01,6.066768e-02,1.005279e-02,1.338939e-03,2.622669e-03,4.990641e-03,2.346734e-01
2.632219e-02,3.093154e-02,3.827699e-02,4.558790e-02,4.543787e-02,1.973850e-01,7.616886e-04,5.300658e-02,1.943541e-01,6.765337e-02,8.273805e-03,1.274947e-03,2.553771e-03,4.343473e-03,2.838368e-01
4.370082e-02,3.523059e-02,4.213803e-02,4.379787e-02,8.839111e-02,1.614114e-01,1.149437e-03,5.294316e-02,1.844211e-01,6.283495e-02,7.903757e-03,1.084197e-03,2.535616e-03,5.924369e-03,2.665336e-01
4.504840e-02,3.433283e-02,5.233446e-02,3.902379e-02,6.853594e-02,1.175324e-01,1.003817e-03,4.393913e-02,1.915166e-01,6.827904e-02,7.521311e-03,9.590046e-04,2.681626e-03,7.447882e-03,3.198438e-01
5.458882e-02,4.755788e-02,5.235334e-02,3.123969e-02,6.510387e-02,9.132155e-02,1.009295e-03,6.507419e-02,1.805315e-01,5.931318e-02,9.381304e-03,1.007134e-03,3.106068e-03,2.423652e-02,3.141757e-01
6.372188e-02,5.175448e-02,6.127974e-02,2.912730e-02,6.105381e-02,7.029215e-02,1.078574e-03,8.598163e-02,2.011497e-01,5.401953e-02,1.134253e-02,1.088395e-03,2.958578e-03,2.640076e-02,2.787508e-01
7.872915e-02,8.665461e-02,9.459396e-02,2.372761e-02,6.427860e-02,6.420513e-02,1.857019e-03,8.142932e-02,1.875391e-01,4.320060e-02,1.056343e-02,9.307379e-04,4.208247e-03,3.473715e-02,2.233453e-01
8.827606e-02,1.386243e-01,9.666003e-02,1.962112e-02,7.693426e-02,5.664477e-02,2.113727e-03,6.951649e-02,1.844850e-01,3.331664e-02,9.745786e-03,8.059868e-04,4.540822e-03,4.113784e-02,1.775772e-01
9.316676e-02,1.782600e-01,8.835438e-02,1.807110e-02,7.126190e-02,4.652559e-02,2.109622e-03,5.709194e-02,1.945533e-01,2.748185e-02,9.856865e-03,1.053059e-03,4.691608e-03,5.492733e-02,1.525947e-01
9.425879e-02,1.496843e-01,7.744534e-02,1.539897e-02,5.768409e-02,3.794231e-02,1.793163e-03,4.232340e-02,1.663312e-01,5.017712e-02,1.050056e-02,3.111297e-03,7.062979e-03,4.480639e-02,2.414801e-01
6.953898e-02,1.066607e-01,5.711996e-02,1.099397e-02,4.085357e-02,2.755479e-02,1.300347e-03,2.993973e-02,1.265210e-01,8.405681e-02,8.322509e-03,2.605848e-03,5.346222e-03,4.142802e-02,3.877575e-01
5.062916e-02,8.351038e-02,4.612511e-02,1.784228e-02,2.960439e-02,2.387830e-02,9.864703e-04,2.191412e-02,1.101799e-01,9.321265e-02,7.256219e-03,2.276962e-03,4.313789e-03,3.167827e-02,4.765920e-01
3.786847e-02,6.148535e-02,3.597059e-02,1.320579e-02,2.110384e-02,1.704222e-02,7.222816e-04,1.545817e-02,8.753349e-02,7.307187e-02,5.542659e-03,1.725017e-03,3.311682e-03,3.230232e-02,5.936562e-01
4.356845e-02,5.717237e-02,3.748152e-02,2.454479e-02,1.561619e-02,1.302086e-02,6.596186e-04,1.117235e-02,8.813775e-02,6.129113e-02,4.718796e-03,1.725119e-03,3.422398e-03,3.215573e-02,6.053129e-01
5.736694e-02,4.909012e-02,3.087972e-02,2.591196e-02,1.186212e-02,1.052246e-02,5.984189e-04,8.130020e-03,1.313173e-01,5.407738e-02,5.057712e-03,1.970690e-03,4.075733e-03,8.293691e-02,5.262026e-01
5.282890e-02,3.915573e-02,2.352489e-02,1.885829e-02,8.968109e-03,8.343335e-03,5.905484e-04,5.785134e-03,1.036473e-01,4.121182e-02,4.552130e-03,1.605452e-03,3.539270e-03,1.995907e-01,4.877984e-01
4.085201e-02,3.648759e-02,2.228191e-02,2.026641e-02,6.777415e-03,6.226887e-03,4.842191e-04,4.136978e-03,1.917605e-01,3.467037e-02,4.159078e-03,1.437155e-03,2.683028e-03,1.765133e-01,4.512631e-01
4.194449e-02,2.923578e-02,1.699771e-02,1.512284e-02,5.361186e-03,5.260705e-03,4.712812e-04,3.033396e-03,1.578931e-01,2.663952e-02,3.546486e-03,1.213019e-03,2.269521e-03,3.085197e-01,3.824912e-01
8.123506e-02,2.483552e-02,1.417895e-02,1.150304e-02,4.678891e-03,4.790722e-03,5.756229e-04,2.398620e-03,1.353407e-01,2.118834e-02,3.408143e-03,1.175093e-03,2.322844e-03,3.801023e-01,3.122662e-01
6.851571e-02,1.784321e-02,1.042429e-02,8.210662e-03,3.413388e-03,3.723585e-03,4.555348e-04,1.697220e-03,1.024140e-01,1.737961e-02,3.081229e-03,9.826026e-04,1.898699e-03,5.139890e-01,2.459712e-01
5.772664e-02,1.287419e-02,7.436938e-03,5.854277e-03,2.495162e-03,2.845324e-03,3.432005e-04,1.195929e-03,7.859712e-02,1.389279e-02,2.568450e-03,7.580807e-04,1.513882e-03,6.177169e-01,1.941811e-01
4.485655e-02,9.447319e-03,5.282318e-03,4.138922e-03,1.879111e-03,2.102621e-03,2.500339e-04,8.413185e-04,6.321636e-02,1.255292e-02,2.559411e-03,6.047023e-04,1.142790e-03,6.888929e-01,1.622327e-01
3.473801e-02,6.856895e-03,3.771583e-03,2.929918e-03,1.420680e-03,1.515809e-03,1.813265e-04,5.911851e-04,5.424057e-02,1.294537e-02,2.236649e-03,4.597129e-04,8.972678e-04,7.426587e-01,1.345563e-01
3.334430e-02,6.262916e-03,1.116963e-02,3.831226e-03,1.868494e-03,1.254454e-03,1.860987e-04,5.023816e-04,1.007546e-01,1.691391e-02,2.712842e-03,4.577190e-04,8.166302e-04,7.042468e-01,1.156781e-01
2.437959e-02,5.092284e-03,1.048479e-02,2.956669e-03,2.156013e-03,9.616785e-04,1.489190e-04,3.785607e-04,1.449165e-01,3.535835e-02,2.194338e-03,3.541897e-04,6.353129e-04,6.440408e-01,1.259420e-01
1.845709e-02,4.353196e-03,1.107563e-02,2.324745e-03,2.305241e-03,7.233537e-04,1.220911e-04,2.937243e-04,1.710397e-01,3.486280e-02,1.946392e-03,2.655703e-04,4.959155e-04,6.208651e-01,1.308694e-01
1.480600e-02,5.028979e-03,3.351985e-02,2.224608e-03,2.158575e-03,6.376657e-04,1.034617e-04,2.587329e-04,1.678973e-01,3.561017e-02,2.295167e-03,2.541227e-04,4.597908e-04,5.639086e-01,1.708370e-01
1.538573e-02,5.201187e-03,3.117407e-02,1.820571e-03,2.251032e-03,7.243102e-04,9.300366e-05,3.031562e-04,1.825136e-01,3.763015e-02,3.506558e-03,2.600133e-04,5.121564e-04,5.165421e-01,2.020824e-01
1.194456e-02,7.298999e-03,2.902266e-02,1.555971e-03,1.764194e-03,7.688888e-04,8.354912e-05,2.496353e-04,1.869980e-01,4.685143e-02,3.612739e-03,3.910811e-04,6.363722e-04,3.995817e-01,3.092403e-01
2.502357e-02,1.992874e-02,2.574610e-02,2.418578e-03,3.651581e-03,2.543677e-03,2.027356e-04,1.312617e-03,2.415030e-01,4.520821e-02,6.844734e-03,7.054150e-04,1.790138e-03,3.517392e-01,2.713817e-01
2.448868e-02,2.196979e-02,1.972601e-02,2.084226e-03,2.947943e-03,2.201595e-03,1.864524e-04,9.835856e-04,2.058878e-01,5.092059e-02,5.965291e-03,6.094978e-04,2.517164e-03,3.513951e-01,3.081163e-01
1.774007e-02,1.933705e-02,1.471947e-02,2.590232e-03,2.123947e-03,1.616449e-03,1.403431e-04,7.014863e-04,3.579535e-01,4.249203e-02,4.856546e-03,1.293721e-03,2.108041e-03,2.476109e-01,2.847163e-01
1.595001e-02,1.759600e-02,1.135857e-02,2.469087e-03,1.822438e-03,1.357833e-03,1.533234e-04,5.161872e-04,3.234332e-01,8.891937e-02,7.255392e-03,2.372139e-03,2.824776e-03,1.992535e-01,3.247182e-01
1.342215e-02,1.954118e-02,9.349876e-03,2.960705e-03,1.509107e-03,1.189332e-03,1.360728e-04,4.489442e-04,2.606264e-01,1.398296e-01,2.227955e-02,4.054891e-03,6.979189e-03,2.142309e-01,3.034422e-01
2.885408e-02,2.159020e-02,1.455988e-02,4.862707e-03,4.696210e-03,1.684756e-03,3.958439e-04,1.981543e-03,2.120196e-01,1.272782e-01,4.916199e-02,4.435970e-03,1.638827e-02,1.823230e-01,3.297679e-01
3.110816e-02,4.261000e-02,4.808383e-02,1.721886e-02,1.257907e-02,2.151927e-03,1.173954e-03,9.006455e-03,1.947245e-01,9.428646e-02,6.952730e-02,4.230757e-03,1.978245e-02,1.627924e-01,2.907239e-01
3.361083e-02,4.734562e-02,1.637101e-01,3.470710e-02,1.510980e-02,3.827067e-03,9.801649e-04,7.607317e-03,1.906699e-01,8.012588e-02,5.559461e-02,4.274909e-03,1.682904e-02,1.211696e-01,2.244381e-01
4.628145e-02,5.972842e-02,1.949413e-01,3.841133e-02,1.814532e-02,5.098592e-03,9.600085e-04,7.287610e-03,2.022801e-01,8.146995e-02,4.391064e-02,3.855083e-03,1.346438e-02,9.983728e-02,1.843286e-01
7.658866e-02,6.132842e-02,1.949274e-01,3.257862e-02,2.076888e-02,4.923933e-03,9.298258e-04,6.387305e-03,1.910769e-01,8.627686e-02,3.973943e-02,3.754660e-03,1.193982e-02,8.177262e-02,1.870067e-01
1.309603e-01,6.894667e-02,2.101568e-01,3.203108e-02,3.979668e-02,3.401063e-02,3.459691e-03,6.579241e-03,1.405831e-01,6.368980e-02,3.921966e-02,3.874223e-03,1.145259e-02,6.841274e-02,1.468268e-01
1.053664e-01,6.077227e-02,1.554260e-01,3.185781e-02,1.463390e-01,5.518701e-02,8.950286e-02,8.000693e-03,1.045927e-01,4.537299e-02,2.990561e-02,3.030969e-03,8.773129e-03,5.079434e-02,1.050782e-01
1.924893e-01,5.833614e-02,1.138317e-01,2.829455e-02,1.591690e-01,8.423416e-02,6.505650e-02,1.120334e-02,8.851042e-02,3.391718e-02,2.608331e-02,5.594486e-03,1.138281e-02,3.897912e-02,8.291797e-02
2.058154e-01,6.345572e-02,8.377376e-02,3.106692e-02,1.295538e-01,9.110121e-02,4.872778e-02,1.062880e-02,1.440226e-01,2.862009e-02,2.342427e-02,6.299598e-03,2.085328e-02,2.993920e-02,8.271757e-02
2.180942e-01,6.627199e-02,6.353565e-02,3.237107e-02,1.019697e-01,7.414529e-02,3.652468e-02,1.147796e-02,1.987663e-01,2.348570e-02,2.172373e-02,6.336797e-03,3.350361e-02,2.393309e-02,8.786021e-02
1.811662e-01,1.265091e-01,8.202627e-02,3.248706e-02,1.057453e-01,6.753109e-02,3.370336e-02,1.357113e-02,1.768322e-01,2.401447e-02,1.830062e-02,5.171095e-03,2.864910e-02,1.815285e-02,8.614008e-02
1.529028e-01,1.232868e-01,1.167679e-01,3.845639e-02,1.089536e-01,5.690829e-02,2.898799e-02,3.482576e-02,1.821139e-01,2.270358e-02,1.621448e-02,4.682741e-03,2.500056e-02,1.415374e-02,7.404134e-02
1.098451e-01,2.276870e-01,1.594331e-01,3.902442e-02,8.126088e-02,4.257411e-02,2.080435e-02,2.465313e-02,1.637344e-01,2.066882e-02,1.257069e-02,3.567937e-03,1.803136e-02,1.088510e-02,6.525954e-02
7.708612e-02,1.965486e-01,2.301219e-01,3.633895e-02,6.139009e-02,3.101707e-02,1.559188e-02,1.737268e-02,1.886827e-01,1.656801e-02,1.218992e-02,4.667252e-03,5.315016e-02,7.720665e-03,5.155390e-02
5.417109e-02,1.534020e-01,2.136543e-01,4.762975e-02,4.798082e-02,2.292416e-02,1.143914e-02,1.222035e-02,1.364093e-01,1.211689e-02,2.606902e-02,1.222459e-02,2.008692e-01,5.566125e-03,4.332330e-02
3.809752e-02,1.091599e-01,1.602116e-01,3.788215e-02,3.579450e-02,1.700160e-02,8.231449e-03,8.567148e-03,9.635170e-02,8.794356e-03,2.129541e-02,2.506702e-02,3.971533e-01,4.015362e-03,3.237703e-02
2.672416e-02,7.659236e-02,1.132771e-01,2.770469e-02,2.647558e-02,1.224436e-02,5.817940e-03,6.005095e-03,6.834844e-02,6.283553e-03,2.026416e-02,2.576732e-02,5.533750e-01,2.835143e-03,2.828513e-02
1.901699e-02,5.381734e-02,7.974105e-02,2.145774e-02,1.937409e-02,1.023191e-02,4.153034e-03,4.255596e-03,4.976070e-02,4.509039e-03,1.521989e-02,3.444962e-02,6.609388e-01,2.249935e-03,2.082426e-02
1.344770e-02,3.778221e-02,5.670303e-02,1.629818e-02,1.455410e-02,8.812691e-03,3.097816e-03,3.179825e-03,3.673377e-02,3.296853e-03,1.229277e-02,7.246061e-02,7.034605e-01,1.645873e-03,1.623409e-02
9.864934e-03,2.676584e-02,4.277558e-02,1.213492e-02,1.091016e-02,1.014734e-02,2.544072e-03,2.823545e-03,2.978705e-02,2.778166e-03,1.497805e-02,1.370476e-01,6.839480e-01,1.236467e-03,1.225822e-02
8.145301e-03,1.895887e-02,3.083497e-02,8.753520e-03,9.231285e-03,1.268893e-02,3.228252e-03,2.742467e-03,2.266542e-02,2.902010e-03,1.486508e-02,1.853343e-01,6.666511e-01,2.075228e-03,1.092329e-02
8.348750e-03,1.364863e-02,2.239075e-02,6.482340e-03,7.709473e-03,4.052578e-02,2.622974e-03,2.815726e-03,1.661224e-02,3.249455e-03,2.080549e-02,1.696921e-01,6.735229e-01,3.044480e-03,8.528900e-03
1.860181e-02,1.032615e-02,1.867775e-02,5.171970e-03,7.255598e-03,9.165491e-02,2.046699e-03,2.643788e-03,1.425891e-02,3.365342e-03,4.823556e-02,1.691431e-01,5.973214e-01,2.690021e-03,8.607061e-03
2.005628e-02,7.578054e-03,1.408047e-02,3.890530e-03,6.208072e-03,9.373352e-02,1.732238e-03,3.053148e-03,1.050312e-02,4.773981e-03,4.506020e-02,2.276318e-01,5.508344e-01,2.277469e-03,8.586816e-03
2.190406e-02,5.643198e-03,1.256858e-02,2.855540e-03,6.095875e-03,7.640525e-02,2.280973e-03,3.328459e-03,7.979139e-03,8.608831e-03,4.110962e-02,3.253620e-01,4.750063e-01,2.012948e-03,8.839305e-03
2.263047e-02,4.488461e-03,1.688877e-02,2.247352e-03,9.937245e-03,5.537480e-02,4.221049e-03,4.836001e-03,7.357179e-03,2.866282e-02,3.200612e-02,3.638961e-01,4.278561e-01,2.389957e-03,1.720768e-02
2.798256e-02,7.210782e-03,4.076755e-02,1.438306e-02,3.502234e-02,4.397835e-02,7.693877e-03,1.069076e-02,8.718576e-03,2.531289e-02,2.655753e-02,3.948831e-01,3.233341e-01,2.586629e-03,3.087797e-02
2.901034e-02,1.169278e-02,3.401081e-02,1.133774e-02,3.412819e-02,4.447664e-02,7.008793e-03,1.224230e-02,1.491139e-02,2.366208e-02,2.060189e-02,4.177921e-01,3.066113e-01,3.269188e-03,2.924450e-02
3.847234e-02,2.973373e-02,3.426981e-02,1.090557e-02,5.895416e-02,6.843296e-02,1.391599e-02,2.387805e-02,3.459141e-02,2.344588e-02,1.529700e-02,3.493263e-01,2.623859e-01,3.222851e-03,3.316800e-02
5.280870e-02,2.735385e-02,3.552937e-02,1.005551e-02,7.471642e-02,5.654397e-02,1.633626e-02,3.121667e-02,3.101643e-02,2.861145e-02,1.154050e-02,2.631359e-01,3.131509e-01,1.065057e-02,3.733356e-02
6.748399e-02,4.162858e-02,3.709545e-02,9.798886e-03,7.389166e-02,4.408922e-02,1.560543e-02,5.095837e-02,4.342948e-02,3.227757e-02,9.517930e-03,2.005816e-01,3.094782e-01,1.014805e-02,5.401565e-02
1.167810e-01,5.199016e-02,3.688400e-02,1.107760e-02,6.223368e-02,3.961742e-02,1.448248e-02,6.169158e-02,4.866269e-02,3.184702e-02,7.958254e-03,1.577282e-01,2.781812e-01,1.063651e-02,7.022820e-02
1.517531e-01,4.950805e-02,3.451640e-02,8.355993e-03,4.590424e-02,4.739366e-02,1.400985e-02,7.170029e-02,4.107320e-02,2.555582e-02,5.838845e-03,1.270801e-01,2.877439e-01,1.032833e-02,7.923821e-02
1.926888e-01,5.240287e-02,3.823369e-02,1.347614e-02,3.633802e-02,6.612311e-02,1.537639e-02,5.763856e-02,3.823805e-02,2.107257e-02,4.620065e-03,1.052232e-01,2.878667e-01,8.211471e-03,6.249043e-02
2.352937e-01,5.567852e-02,3.034678e-02,2.052490e-02,3.532357e-02,9.029825e-02,1.286426e-02,4.266525e-02,7.306787e-02,1.576360e-02,9.067934e-03,9.464023e-02,2.247968e-01,8.531433e-03,5.113690e-02
2.551073e-01,4.401753e-02,2.656684e-02,1.671948e-02,3.209296e-02,8.938687e-02,9.690378e-03,3.205850e-02,7.576863e-02,1.349806e-02,8.837847e-02,7.476643e-02,1.736108e-01,2.942161e-02,3.891612e-02
1.903657e-01,3.266255e-02,2.045964e-02,1.276126e-02,2.695564e-02,7.342592e-02,6.995738e-03,2.317317e-02,6.527837e-02,1.200278e-02,2.480285e-01,6.195932e-02,1.271746e-01,6.959184e-02,2.916488e-02
1.350046e-01,2.336450e-02,1.500571e-02,9.228179e-03,1.991842e-02,5.516279e-02,4.944462e-03,1.634014e-02,4.778845e-02,9.558113e-03,4.152042e-01,5.273852e-02,9.161077e-02,8.294015e-02,2.119099e-02
9.717762e-02,1.682255e-02,1.121927e-02,6.657475e-03,1.496096e-02,4.090933e-02,3.549732e-03,1.154387e-02,3.398114e-02,7.708083e-03,5.426712e-01,4.201083e-02,6.560590e-02,8.995944e-02,1.522260e-02
6.912249e-02,1.217910e-02,9.729609e-03,4.944897e-03,1.499136e-02,3.012262e-02,2.640811e-03,8.270914e-03,2.450179e-02,7.849908e-03,6.335289e-01,3.218387e-02,4.659251e-02,9.237860e-02,1.096261e-02
4.878351e-02,8.700619e-03,6.962767e-03,3.561441e-03,1.127689e-02,2.177218e-02,1.902164e-03,5.836118e-03,1.731230e-02,6.392478e-03,7.087817e-01,2.432987e-02,3.297525e-02,9.368873e-02,7.724056e-03
3.511392e-02,6.422844e-03,5.284221e-03,2.557921e-03,8.877212e-03,1.626506e-02,1.352912e-03,4.166270e-03,1.246935e-02,5.116119e-03,7.433397e-01,2.189748e-02,2.333991e-02,1.082659e-01,5.531268e-03
2.494922e-02,4.628778e-03,3.810520e-03,1.829906e-03,6.336292e-03,1.242946e-02,9.555353e-04,2.944348e-03,9.181182e-03,4.970243e-03,7.765312e-01,1.860193e-02,1.668206e-02,1.121523e-01,3.997126e-03
1.810551e-02,6.600975e-03,5.189852e-03,2.641452e-03,6.682148e-03,9.935978e-03,7.716374e-04,2.228372e-03,2.162814e-02,1.339305e-02,7.255822e-01,2.726018e-02,1.200076e-02,1.441269e-01,3.852863e-03
1.308954e-02,5.587490e-03,3.974027e-03,1.953770e-03,5.510153e-03,8.570024e-03,5.885729e-04,1.641618e-03,1.959397e-02,1.617666e-02,7.400702e-01,2.808281e-02,9.180697e-03,1.427749e-01,3.205734e-03
9.464337e-03,4.231118e-03,2.986704e-03,1.383443e-03,4.204347e-03,6.426416e-03,4.328075e-04,1.242233e-03,1.605159e-02,1.361123e-02,7.694744e-01,2.358204e-02,6.888161e-03,1.376968e-01,2.324513e-03
6.943590e-03,3.254687e-03,2.280322e-03,9.913938e-04,3.172469e-03,4.986505e-03,3.160517e-04,9.544576e-04,1.236754e-02,1.095338e-02,8.098377e-01,1.908739e-02,5.365946e-03,1.177872e-01,1.701487e-03
5.240067e-03,2.745715e-03,1.923295e-03,8.065494e-04,3.533885e-03,3.913083e-03,2.838942e-04,8.534763e-04,1.101752e-02,1.186479e-02,8.399174e-01,1.613091e-02,4.618059e-03,9.582780e-02,1.323558e-03
4.063383e-03,2.828888e-03,1.566126e-03,6.156904e-04,3.484277e-03,3.911093e-03,2.587907e-04,7.605279e-04,1.207498e-02,1.270372e-02,8.440584e-01,1.452880e-02,4.595824e-03,9.350508e-02,1.044459e-03
3.039425e-03,3.134364e-03,1.232492e-03,5.179404e-04,3.345551e-03,4.038842e-03,2.236820e-04,5.659780e-04,1.488129e-02,1.670581e-02,8.153577e-01,1.320556e-02,3.869633e-03,1.189705e-01,9.112776e-04
2.543840e-03,2.927498e-03,1.035084e-03,6.507974e-04,5.033965e-03,4.019717e-03,3.451462e-04,1.443339e-03,3.986986e-02,2.364683e-02,7.668690e-01,1.175161e-02,4.363745e-03,1.345434e-01,9.561442e-04
2.193037e-03,5.223277e-03,9.903838e-04,9.051359e-04,7.997226e-03,4.674220e-03,3.739744e-04,1.234298e-03,7.216832e-02,2.490993e-02,7.100055e-01,1.109395e-02,4.381134e-03,1.527009e-01,1.148784e-03
2.011437e-03,5.069742e-02,2.223316e-03,7.507239e-04,6.913915e-03,3.775006e-02,3.269679e-04,1.086350e-03,1.943590e-01,2.029423e-02,5.462633e-01,8.655152e-03,3.709862e-03,1.237384e-01,1.219906e-03
2.719369e-03,5.499476e-02,7.417868e-03,1.475363e-03,6.319499e-03,8.516230e-02,2.995723e-04,5.178779e-03,2.502845e-01,1.900654e-02,4.470448e-01,6.612176e-03,2.889689e-03,1.093123e-01,1.282580e-03
7.722838e-03,6.490246e-02,1.201732e-02,2.285507e-03,8.115941e-03,9.141274e-02,3.169425e-04,7.412612e-03,3.093618e-01,2.251719e-02,3.745415e-01,5.097002e-03,2.205983e-03,8.915079e-02,2.939323e-03
1.367566e-02,7.445663e-02,1.740767e-02,1.561306e-02,3.106995e-02,9.174705e-02,3.136340e-04,1.877175e-02,3.287019e-01,2.695436e-02,2.754385e-01,5.021296e-03,2.807924e-03,7.144962e-02,2.657100e-02
1.640918e-02,7.471589e-02,1.713644e-02,1.992434e-02,4.147461e-02,1.286001e-01,3.653181e-04,1.953784e-02,3.514023e-01,2.434542e-02,2.064281e-01,5.758921e-03,3.118039e-03,5.797577e-02,3.280775e-02
1.519607e-02,7.157272e-02,2.863925e-02,4.939786e-02,4.867174e-02,1.038399e-01,3.356107e-04,2.586981e-02,2.816311e-01,2.207423e-02,2.080228e-01,2.951951e-02,1.544129e-02,4.713886e-02,5.264930e-02
1.380933e-02,5.212845e-02,3.061061e-02,4.982476e-02,4.197136e-02,7.461711e-02,3.498541e-04,3.002648e-02,2.058168e-01,2.121548e-02,2.904581e-01,6.363552e-02,4.580365e-02,3.809315e-02,4.163937e-02
1.363716e-02,4.560082e-02,2.680926e-02,1.349490e-01,5.702773e-02,6.229940e-02,3.777311e-04,3.403093e-02,1.615075e-01,1.766787e-02,2.702891e-01,5.426750e-02,4.235921e-02,2.942644e-02,4.975028e-02
1.122203e-02,3.313531e-02,2.299306e-02,1.383088e-01,4.220014e-02,4.843437e-02,3.723820e-04,2.564286e-02,1.185315e-01,2.390769e-02,3.307256e-01,9.387824e-02,5.073800e-02,2.153854e-02,3.837152e-02
8.520451e-03,2.393896e-02,1.850569e-02,1.146262e-01,3.038377e-02,3.789750e-02,3.208867e-04,1.868995e-02,8.796198e-02,6.281018e-02,3.635932e-01,1.258242e-01,6.098867e-02,1.680893e-02,2.912949e-02
6.728778e-03,1.960391e-02,1.675595e-02,8.492014e-02,2.269035e-02,2.896134e-02,2.633179e-04,1.344178e-02,6.956202e-02,6.831859e-02,3.822842e-01,1.549806e-01,9.393773e-02,1.635474e-02,2.119656e-02
6.108099e-03,2.007126e-02,1.581209e-02,6.223298e-02,1.846749e-02,2.188298e-02,2.216968e-04,9.545059e-03,5.890335e-02,8.253480e-02,3.777580e-01,1.813849e-01,1.082245e-01,2.097401e-02,1.587877e-02
3.118921e-02,1.886682e-02,1.581404e-02,4.872565e-02,1.769597e-02,1.827675e-02,3.874306e-04,8.005187e-03,5.116542e-02,1.146471e-01,3.536476e-01,1.771017e-01,1.027726e-01,2.809977e-02,1.360462e-02
1.058862e-01,1.521353e-02,1.445934e-02,5.398987e-02,2.055116e-02,1.974209e-02,6.617919e-04,8.195687e-03,4.354481e-02,1.141967e-01,2.982139e-01,1.872175e-01,8.208078e-02,2.452953e-02,1.151704e-02
1.358913e-01,1.254260e-02,1.392146e-02,5.356989e-02,2.645595e-02,1.850995e-02,8.198969e-04,1.208670e-02,3.812775e-02,1.366704e-01,2.646476e-01,1.870896e-01,6.781651e-02,2.227351e-02,9.576829e-03
1.699661e-01,1.374594e-02,1.230130e-02,4.358415e-02,3.067497e-02,1.722154e-02,7.672465e-04,1.238950e-02,4.163010e-02,1.217366e-01,2.295080e-01,2.103281e-01,6.636729e-02,2.098317e-02,8.795928e-03
1.481509e-01,1.325148e-02,1.035564e-02,3.208159e-02,5.077215e-02,1.476894e-02,7.371797e-04,1.159620e-02,8.549690e-02,9.045023e-02,2.073561e-01,2.480323e-01,6.330058e-02,1.678717e-02,6.862551e-03
1.205397e-01,1.212863e-02,1.345412e-02,2.543136e-02,4.339911e-02,1.412892e-02,1.409442e-03,8.551972e-02,9.057112e-02,6.683555e-02,1.883028e-01,2.597156e-01,5.583382e-02,1.678983e-02,5.940251e-03
1.402856e-01,1.180945e-02,1.279139e-02,2.082002e-02,3.390987e-02,1.993835e-02,1.893245e-03,7.535212e-02,7.988574e-02,5.052520e-02,1.753599e-01,2.938363e-01,5.566423e-02,2.141374e-02,6.514813e-03
1.346859e-01,1.194741e-02,1.048119e-02,1.686833e-02,2.589471e-02,1.833610e-02,1.858456e-03,6.499207e-02,8.185443e-02,3.996778e-02,1.835921e-01,3.228305e-01,5.650514e-02,2.348672e-02,6.699104e-03
1.041309e-01,9.795831e-03,8.556360e-03,1.352193e-02,2.735095e-02,1.736505e-02,4.323887e-03,5.965092e-02,1.042784e-01,2.912826e-02,1.947673e-01,3.592722e-01,4.397490e-02,1.776593e-02,6.117160e-03
9.070922e-02,9.922163e-03,7.755655e-03,1.116580e-02,2.507401e-02,1.667251e-02,4.092117e-03,1.064899e-01,1.229780e-01,2.162074e-02,1.878367e-01,3.433033e-01,3.317787e-02,1.376706e-02,5.434941e-03
1.307589e-01,1.561173e-02,9.578731e-03,1.069307e-02,3.015395e-02,2.108004e-02,5.018055e-03,9.067427e-02,1.316921e-01,2.636858e-02,1.890494e-01,2.890942e-01,2.955127e-02,1.352993e-02,7.145700e-03
2.312027e-01,1.321231e-02,7.528197e-03,1.361524e-02,2.721714e-02,4.284976e-02,4.289816e-03,6.755915e-02,9.825876e-02,2.068383e-02,1.839930e-01,2.391376e-01,2.954521e-02,1.102534e-02,9.881917e-03
2.486328e-01,1.236987e-02,6.470663e-03,1.146108e-02,2.635110e-02,5.085693e-02,3.792064e-03,5.157764e-02,8.366606e-02,7.733442e-02,1.579921e-01,2.177812e-01,3.197630e-02,1.104304e-02,8.694684e-03
2.242773e-01,9.974902e-03,1.645547e-02,1.435713e-02,3.086723e-02,4.269736e-02,6.171837e-03,1.342975e-01,7.069229e-02,6.200195e-02,1.614266e-01,1.805626e-01,2.987051e-02,9.844095e-03,6.503219e-03
2.025973e-01,9.682659e-03,1.793385e-02,1.745488e-02,6.061294e-02,3.413092e-02,4.809092e-03,1.060171e-01,7.376884e-02,8.135010e-02,1.723357e-01,1.660861e-01,3.022705e-02,1.687769e-02,6.115629e-03
