1.000000e+00,0.000000e+00,0.000000e+00,0.000000e+00,0.000000e+00,0.000000e+00,0.000000e+00,0.000000e+00,0.000000e+00,0.000000e+00,0.000000e+00,0.000000e+00,0.000000e+00,0.000000e+00,0.000000e+00
1.000000e+00,0.000000e+00,0.000000e+00,0.000000e+00,0.000000e+00,0.000000e+00,0.000000e+00,0.000000e+00,0.000000e+00,0.000000e+00,0.000000e+00,0.000000e+00,0.000000e+00,0.000000e+00,0.000000e+00
1.000000e+00,0.000000e+00,0.000000e+00,0.000000e+00,0.000000e+00,0.000000e+00,0.000000e+00,0.000000e+00,0.000000e+00,0.000000e+00,0.000000e+00,0.000000e+00,0.000000e+00,0.000000e+00,0.000000e+00
1.000000e+00,0.000000e+00,0.000000e+00,0.000000e+00,0.000000e+00,0.000000e+00,0.000000e+00,0.000000e+00,0.000000e+00,0.000000e+00,0.000000e+00,0.000000e+00,0.000000e+00,0.000000e+00,0.000000e+00
1.000000e+00,0.000000e+00,0.000000e+00,0.000000e+00,0.000000e+00,0.000000e+00,0.000000e+00,0.000000e+00,0.000000e+00,0.000000e+00,0.000000e+00,0.000000e+00,0.000000e+00,0.000000e+00,0.000000e+00
1.000000e+00,0.000000e+00,0.000000e+00,0.000000e+00,0.000000e+00,0.000000e+00,0.000000e+00,0.000000e+00,0.000000e+00,0.000000e+00,0.000000e+00,0.000000e+00,0.000000e+00,0.000000e+00,0.000000e+00
1.000000e+00,0.000000e+00,0.000000e+00,0.000000e+00,0.000000e+00,0.000000e+00,0.000000e+00,0.000000e+00,0.000000e+00,0.000000e+00,0.000000e+00,0.000000e+00,0.000000e+00,0.000000e+00,0.000000e+00
1.000000e+00,0.000000e+00,0.000000e+00,0.000000e+00,0.000000e+00,0.000000e+00,0.000000e+00,0.000000e+00,0.000000e+00,0.000000e+00,0.000000e+00,0.000000e+00,0.000000e+00,0.000000e+00,0.000000e+00
1.000000e+00,0.000000e+00,0.000000e+00,0.000000e+00,0.000000e+00,0.000000e+00,0.000000e+00,0.000000e+00,0.000000e+00,0.000000e+00,0.000000e+00,0.000000e+00,0.000000e+00,0.000000e+00,0.000000e+00
1.000000e+00,0.000000e+00,0.000000e+00,0.000000e+00,0.000000e+00,0.000000e+00,0.000000e+00,0.000000e+00,0.000000e+00,0.000000e+00,0.000000e+00,0.000000e+00,0.000000e+00,0.000000e+00,0.000000e+00
1.000000e+00,0.000000e+00,0.000000e+00,0.000000e+00,0.000000e+00,0.000000e+00,0.000000e+00,0.000000e+00,0.000000e+00,0.000000e+00,0.000000e+00,0.000000e+00,0.000000e+00,0.000000e+00,0.000000e+00
1.000000e+00,0.000000e+00,0.000000e+00,0.000000e+00,0.000000e+00,0.000000e+00,0.000000e+00,0.000000e+00,0.000000e+00,0.000000e+00,0.000000e+00,0.000000e+00,0.000000e+00,0.000000e+00,0.000000e+00
1.000000e+00,0.000000e+00,0.000000e+00,0.000000e+00,0.000000e+00,0.000000e+00,0.000000e+00,0.000000e+00,0.000000e+00,0.000000e+00,0.000000e+00,0.000000e+00,0.000000e+00,0.000000e+00,0.000000e+00
1.000000e+00,0.000000e+00,0.000000e+00,0.000000e+00,0.000000e+00,0.000000e+00,0.000000e+00,0.000000e+00,0.000000e+00,0.000000e+00,0.000000e+00,0.000000e+00,0.000000e+00,0.000000e+00,0.000000e+00
1.000000e+00,0.000000e+00,0.000000e+00,0.000000e+00,0.000000e+00,0.000000e+00,0.000000e+00,0.000000e+00,0.000000e+00,0.000000e+00,0.000000e+00,0.000000e+00,0.000000e+00,0.000000e+00,0.000000e+00
1.000000e+00,0.000000e+00,0.000000e+00,0.000000e+00,0.000000e+00,0.000000e+00,0.000000e+00,0.000000e+00,0.000000e+00,0.000000e+00,0.000000e+00,0.000000e+00,0.000000e+00,0.000000e+00,0.000000e+00
1.000000e+00,0.000000e+00,0.000000e+00,0.000000e+00,0.000000e+00,0.000000e+00,0.000000e+00,0.000000e+00,0.000000e+00,0.000000e+00,0.000000e+00,0.000000e+00,0.000000e+00,0.000000e+00,0.000000e+00
1.000000e+00,0.000000e+00,0.000000e+00,0.000000e+00,0.000000e+00,0.000000e+00,0.000000e+00,0.000000e+00,0.000000e+00,0.000000e+00,0.000000e+00,0.000000e+00,0.000000e+00,0.000000e+00,0.000000e+00
1.000000e+00,0.000000e+00,0.000000e+00,0.000000e+00,0.000000e+00,0.000000e+00,0.000000e+00,0.000000e+00,0.000000e+00,0.000000e+00,0.000000e+00,0.000000e+00,0.000000e+00,0.000000e+00,0.000000e+00
1.000000e+00,0.000000e+00,0.000000e+00,0.000000e+00,0.000000e+00,0.000000e+00,0.000000e+00,0.000000e+00,0.000000e+00,0.000000e+00,0.000000e+00,0.000000e+00,0.000000e+00,0.000000e+00,0.000000e+00
1.000000e+00,0.000000e+00,0.000000e+00,0.000000e+00,0.000000e+00,0.000000e+00,0.000000e+00,0.000000e+00,0.000000e+00,0.000000e+00,0.000000e+00,0.000000e+00,0.000000e+00,0.000000e+00,0.000000e+00
1.000000e+00,0.000000e+00,0.000000e+00,0.000000e+00,0.000000e+00,0.000000e+00,0.000000e+00,0.000000e+00,0.000000e+00,0.000000e+00,0.000000e+00,0.000000e+00,0.000000e+00,0.000000e+00,0.000000e+00
1.000000e+00,0.000000e+00,0.000000e+00,0.000000e+00,0.000000e+00,0.000000e+00,0.000000e+00,0.000000e+00,0.000000e+00,0.000000e+00,0.000000e+00,0.000000e+00,0.000000e+00,0.000000e+00,0.000000e+00
1.000000e+00,0.000000e+00,0.000000e+00,0.000000e+00,0.000000e+00,0.000000e+00,0.000000e+00,0.000000e+00,0.000000e+00,0.000000e+00,0.000000e+00,0.000000e+00,0.000000e+00,0.000000e+00,0.000000e+00
1.000000e+00,0.000000e+00,0.000000e+00,0.000000e+00,0.000000e+00,0.000000e+00,0.000000e+00,0.000000e+00,0.000000e+00,0.000000e+00,0.000000e+00,0.000000e+00,0.000000e+00,0.000000e+00,0.000000e+00
1.000000e+00,0.000000e+00,0.000000e+00,0.000000e+00,0.000000e+00,0.000000e+00,0.000000e+00,0.000000e+00,0.000000e+00,0.000000e+00,0.000000e+00,0.000000e+00,0.000000e+00,0.000000e+00,0.000000e+00
1.000000e+00,0.000000e+00,0.000000e+00,0.000000e+00,0.000000e+00,0.000000e+00,0.000000e+00,0.000000e+00,0.000000e+00,0.000000e+00,0.000000e+00,0.000000e+00,0.000000e+00,0.000000e+00,0.000000e+00
1.000000e+00,0.000000e+00,0.000000e+00,0.000000e+00,0.000000e+00,0.000000e+00,0.000000e+00,0.000000e+00,0.000000e+00,0.000000e+00,0.000000e+00,0.000000e+00,0.000000e+00,0.000000e+00,0.000000e+00
1.000000e+00,0.000000e+00,0.000000e+00,0.000000e+00,0.000000e+00,0.000000e+00,0.000000e+00,0.000000e+00,0.000000e+00,0.000000e+00,0.000000e+00,0.000000e+00,0.000000e+00,0.000000e+00,0.000000e+00
1.000000e+00,0.000000e+00,0.000000e+00,0.000000e+00,0.000000e+00,0.000000e+00,0.000000e+00,0.000000e+00,0.000000e+00,0.000000e+00,0.000000e+00,0.000000e+00,0.000000e+00,0.000000e+00,0.000000e+00
1.000000e+00,0.000000e+00,0.000000e+00,0.000000e+00,0.000000e+00,0.000000e+00,0.000000e+00,0.000000e+00,0.000000e+00,0.000000e+00,0.000000e+00,0.000000e+00,0.000000e+00,0.000000e+00,0.000000e+00
1.000000e+00,0.000000e+00,0.000000e+00,0.000000e+00,0.000000e+00,0.000000e+00,0.000000e+00,0.000000e+00,0.000000e+00,0.000000e+00,0.000000e+00,0.000000e+00,0.000000e+00,0.000000e+00,0.000000e+00
1.000000e+00,0.000000e+00,0.000000e+00,0.000000e+00,0.000000e+00,0.000000e+00,0.000000e+00,0.000000e+00,0.000000e+00,0.000000e+00,0.000000e+00,0.000000e+00,0.000000e+00,0.000000e+00,0.000000e+00
1.000000e+00,0.000000e+00,0.000000e+00,0.000000e+00,0.000000e+00,0.000000e+00,0.000000e+00,0.000000e+00,0.000000e+00,0.000000e+00,0.000000e+00,0.000000e+00,0.000000e+00,0.000000e+00,0.000000e+00
1.000000e+00,0.000000e+00,0.000000e+00,0.000000e+00,0.000000e+00,0.000000e+00,0.000000e+00,0.000000e+00,0.000000e+00,0.000000e+00,0.000000e+00,0.000000e+00,0.000000e+00,0.000000e+00,0.000000e+00
1.000000e+00,0.000000e+00,0.000000e+00,0.000000e+00,0.000000e+00,0.000000e+00,0.000000e+00,0.000000e+00,0.000000e+00,0.000000e+00,0.000000e+00,0.000000e+00,0.000000e+00,0.000000e+00,0.000000e+00
1.000000e+00,0.000000e+00,0.000000e+00,0.000000e+00,0.000000e+00,0.000000e+00,0.000000e+00,0.000000e+00,0.000000e+00,0.000000e+00,0.000000e+00,0.000000e+00,0.000000e+00,0.000000e+00,0.000000e+00
1.000000e+00,0.000000e+00,0.000000e+00,0.000000e+00,0.000000e+00,0.000000e+00,0.000000e+00,0.000000e+00,0.000000e+00,0.000000e+00,0.000000e+00,0.000000e+00,0.000000e+00,0.000000e+00,0.000000e+00
1.000000e+00,0.000000e+00,0.000000e+00,0.000000e+00,0.000000e+00,0.000000e+00,0.000000e+00,0.000000e+00,0.000000e+00,0.000000e+00,0.000000e+00,0.000000e+00,0.000000e+00,0.000000e+00,0.000000e+00
1.000000e+00,0.000000e+00,0.000000e+00,0.000000e+00,0.000000e+00,0.000000e+00,0.000000e+00,0.000000e+00,0.000000e+00,0.000000e+00,0.000000e+00,0.000000e+00,0.000000e+00,0.000000e+00,0.000000e+00
1.000000e+00,0.000000e+00,0.000000e+00,0.000000e+00,0.000000e+00,0.000000e+00,0.000000e+00,0.000000e+00,0.000000e+00,0.000000e+00,0.000000e+00,0.000000e+00,0.000000e+00,0.000000e+00,0.000000e+00
1.000000e+00,0.000000e+00,0.000000e+00,0.000000e+00,0.000000e+00,0.000000e+00,0.000000e+00,0.000000e+00,0.000000e+00,0.000000e+00,0.000000e+00,0.000000e+00,0.000000e+00,0.000000e+00,0.000000e+00
1.000000e+00,0.000000e+00,0.000000e+00,0.000000e+00,0.000000e+00,0.000000e+00,0.000000e+00,0.000000e+00,0.000000e+00,0.000000e+00,0.000000e+00,0.000000e+00,0.000000e+00,0.000000e+00,0.000000e+00
1.000000e+00,0.000000e+00,0.000000e+00,0.000000e+00,0.000000e+00,0.000000e+00,0.000000e+00,0.000000e+00,0.000000e+00,0.000000e+00,0.000000e+00,0.000000e+00,0.000000e+00,0.000000e+00,0.000000e+00
1.000000e+00,0.000000e+00,0.000000e+00,0.000000e+00,0.000000e+00,0.000000e+00,0.000000e+00,0.000000e+00,0.000000e+00,0.000000e+00,0.000000e+00,0.000000e+00,0.000000e+00,0.000000e+00,0.000000e+00
1.000000e+00,0.000000e+00,0.000000e+00,0.000000e+00,0.000000e+00,0.000000e+00,0.000000e+00,0.000000e+00,0.000000e+00,0.000000e+00,0.000000e+00,0.000000e+00,0.000000e+00,0.000000e+00,0.000000e+00
1.000000e+00,0.000000e+00,0.000000e+00,0.000000e+00,0.000000e+00,0.000000e+00,0.000000e+00,0.000000e+00,0.000000e+00,0.000000e+00,0.000000e+00,0.000000e+00,0.000000e+00,0.000000e+00,0.000000e+00
1.000000e+00,0.000000e+00,0.000000e+00,0.000000e+00,0.000000e+00,0.000000e+00,0.000000e+00,0.000000e+00,0.000000e+00,0.000000e+00,0.000000e+00,0.000000e+00,0.000000e+00,0.000000e+00,0.000000e+00
1.000000e+00,0.000000e+00,0.000000e+00,0.000000e+00,0.000000e+00,0.000000e+00,0.000000e+00,0.000000e+00,0.000000e+00,0.000000e+00,0.000000e+00,0.000000e+00,0.000000e+00,0.000000e+00,0.000000e+00
1.000000e+00,0.000000e+00,0.000000e+00,0.000000e+00,0.000000e+00,0.000000e+00,0.000000e+00,0.000000e+00,0.000000e+00,0.000000e+00,0.000000e+00,0.000000e+00,0.000000e+00,0.000000e+00,0.000000e+00
1.000000e+00,0.000000e+00,0.000000e+00,0.000000e+00,0.000000e+00,0.000000e+00,0.000000e+00,0.000000e+00,0.000000e+00,0.000000e+00,0.000000e+00,0.000000e+00,0.000000e+00,0.000000e+00,0.000000e+00
1.000000e+00,0.000000e+00,0.000000e+00,0.000000e+00,0.000000e+00,0.000000e+00,0.000000e+00,0.000000e+00,0.000000e+00,0.000000e+00,0.000000e+00,0.000000e+00,0.000000e+00,0.000000e+00,0.000000e+00
1.000000e+00,0.000000e+00,0.000000e+00,0.000000e+00,0.000000e+00,0.000000e+00,0.000000e+00,0.000000e+00,0.000000e+00,0.000000e+00,0.000000e+00,0.000000e+00,0.000000e+00,0.000000e+00,0.000000e+00
1.000000e+00,0.000000e+00,0.000000e+00,0.000000e+00,0.000000e+00,0.000000e+00,0.000000e+00,0.000000e+00,0.000000e+00,0.000000e+00,0.000000e+00,0.000000e+00,0.000000e+00,0.000000e+00,0.000000e+00
1.000000e+00,0.000000e+00,0.000000e+00,0.000000e+00,0.000000e+00,0.000000e+00,0.000000e+00,0.000000e+00,0.000000e+00,0.000000e+00,0.000000e+00,0.000000e+00,0.000000e+00,0.000000e+00,0.000000e+00
1.000000e+00,0.000000e+00,0.000000e+00,0.000000e+00,0.000000e+00,0.000000e+00,0.000000e+00,0.000000e+00,0.000000e+00,0.000000e+00,0.000000e+00,0.000000e+00,0.000000e+00,0.000000e+00,0.000000e+00
1.000000e+00,0.000000e+00,0.000000e+00,0.000000e+00,0.000000e+00,0.000000e+00,0.000000e+00,0.000000e+00,0.000000e+00,0.000000e+00,0.000000e+00,0.000000e+00,0.000000e+00,0.000000e+00,0.000000e+00
1.000000e+00,0.000000e+00,0.000000e+00,0.000000e+00,0.000000e+00,0.000000e+00,0.000000e+00,0.000000e+00,0.000000e+00,0.000000e+00,0.000000e+00,0.000000e+00,0.000000e+00,0.000000e+00,0.000000e+00
1.000000e+00,0.000000e+00,0.000000e+00,0.000000e+00,0.000000e+00,0.000000e+00,0.000000e+00,0.000000e+00,0.000000e+00,0.000000e+00,0.000000e+00,0.000000e+00,0.000000e+00,0.000000e+00,0.000000e+00
3.642808e-01,9.081633e-03,5.399817e-03,7.999614e-03,1.642082e-03,1.076839e-02,1.600915e-03,3.080083e-03,5.372421e-03,1.751459e-03,3.962943e-01,1.279806e-02,3.944185e-03,1.419005e-01,3.408564e-02
2.566677e-01,7.097551e-03,4.009608e-03,6.135581e-03,1.474119e-03,9.298907e-03,1.159454e-03,2.256994e-03,5.640980e-03,1.616436e-03,4.563506e-01,1.035249e-02,2.940977e-03,2.096637e-01,2.533490e-02
1.809338e-01,6.103135e-03,3.061552e-03,5.117190e-03,1.482342e-03,8.030729e-03,8.699690e-04,1.683910e-03,6.187041e-03,1.712871e-03,5.351127e-01,1.031076e-02,2.541164e-03,2.177628e-01,1.909009e-02
1.269390e-01,4.884465e-03,2.174875e-03,4.145680e-03,1.349607e-03,6.368634e-03,6.339226e-04,1.196151e-03,1.034656e-02,2.139939e-03,6.003512e-01,1.706977e-02,2.342035e-03,2.062349e-01,1.382330e-02
8.908676e-02,8.156593e-03,1.556732e-03,3.137223e-03,4.117593e-03,7.650583e-03,5.142424e-04,8.740964e-04,1.689158e-01,2.270054e-03,4.910361e-01,1.973922e-02,2.376553e-03,1.895410e-01,1.102744e-02
6.261111e-02,4.690621e-02,1.619650e-03,2.876843e-03,5.370331e-03,2.610969e-02,4.277118e-04,7.808423e-04,3.279580e-01,2.255017e-03,3.559247e-01,1.587304e-02,2.129426e-03,1.405249e-01,8.632510e-03
4.389616e-02,3.838062e-02,1.165304e-03,2.091964e-03,3.860471e-03,2.541521e-01,3.055890e-04,5.782730e-04,2.828267e-01,1.691915e-03,2.504104e-01,1.222760e-02,1.772673e-03,1.003496e-01,6.290739e-03
3.117862e-02,4.630858e-02,1.207324e-03,3.991203e-03,3.975330e-03,2.819676e-01,2.672614e-04,6.871203e-04,3.388078e-01,3.031540e-03,1.840705e-01,1.489196e-02,2.142034e-03,7.927297e-02,8.200281e-03
2.212572e-02,3.718889e-02,3.253532e-03,5.157473e-03,4.577603e-03,4.052800e-01,2.185893e-04,6.107253e-04,3.118390e-01,2.819296e-03,1.312054e-01,1.148076e-02,1.656593e-03,5.646601e-02,6.120444e-03
1.563235e-02,3.060111e-02,2.612866e-03,4.606653e-03,3.750458e-03,5.508593e-01,1.563795e-04,4.657347e-04,2.322248e-01,3.264607e-03,9.469809e-02,9.852581e-03,2.017389e-03,4.147532e-02,7.782476e-03
1.222823e-02,2.840604e-02,2.906876e-03,7.677814e-03,9.967020e-03,5.187427e-01,1.319413e-04,1.361975e-03,2.104080e-01,1.742568e-02,8.649170e-02,8.642435e-03,3.711092e-03,3.261200e-02,5.928646e-02
8.827350e-03,2.167205e-02,2.494500e-03,8.472638e-03,7.222427e-03,3.708933e-01,1.080566e-04,2.178722e-03,2.587233e-01,2.482871e-02,6.684378e-02,8.625587e-03,5.508969e-03,2.516421e-02,1.884365e-01
6.791026e-03,2.984843e-02,2.449182e-03,1.101892e-02,8.065962e-03,3.243086e-01,2.273285e-04,5.365173e-03,2.652872e-01,2.598129e-02,6.767800e-02,1.347059e-02,1.962074e-02,2.296272e-02,1.969249e-01
5.897627e-03,2.648127e-02,4.930882e-03,1.985577e-02,7.244814e-03,3.903796e-01,7.501354e-04,1.583492e-02,2.289233e-01,2.120983e-02,7.114782e-02,1.119244e-02,2.217118e-02,2.427449e-02,1.497060e-01
5.901180e-03,2.967810e-02,5.092847e-03,2.348607e-02,9.586869e-03,3.769032e-01,2.114798e-03,1.478841e-02,2.720408e-01,1.880582e-02,6.819248e-02,9.640831e-03,2.687137e-02,2.424745e-02,1.126497e-01
8.865859e-03,2.807246e-02,1.360477e-02,3.845540e-02,2.122816e-02,2.824159e-01,2.741083e-03,6.698334e-02,3.032639e-01,1.619050e-02,6.145932e-02,9.585881e-03,2.924907e-02,3.276380e-02,8.512057e-02
1.534062e-02,2.918774e-02,1.864429e-02,5.701302e-02,6.712037e-02,2.183458e-01,3.839642e-03,5.877269e-02,2.947363e-01,1.577188e-02,4.924947e-02,7.706539e-03,3.162199e-02,3.396322e-02,9.868643e-02
1.358064e-02,2.245377e-02,3.338179e-02,1.866808e-01,9.274224e-02,1.561214e-01,3.421077e-03,6.566898e-02,2.490586e-01,1.317423e-02,3.658478e-02,5.715865e-03,2.328878e-02,2.481080e-02,7.331622e-02
1.983235e-02,2.915500e-02,3.046086e-02,1.503428e-01,1.083855e-01,1.459927e-01,2.986189e-03,5.601665e-02,2.735303e-01,1.420948e-02,3.001895e-02,7.117512e-03,3.167348e-02,2.376467e-02,7.651354e-02
2.286550e-02,5.454411e-02,3.559773e-02,1.194749e-01,1.142893e-01,1.331195e-01,3.307275e-03,5.832763e-02,3.034092e-01,1.300603e-02,2.375381e-02,7.759986e-03,2.759864e-02,2.089690e-02,6.204946e-02
2.818282e-02,4.905648e-02,3.135123e-02,9.038768e-02,1.443712e-01,1.380946e-01,5.004124e-03,1.278045e-01,2.656088e-01,9.488960e-03,1.935356e-02,8.319156e-03,2.196963e-02,1.588400e-02,4.512331e-02
2.371024e-02,3.573683e-02,2.317972e-02,6.407838e-02,1.212597e-01,1.057654e-01,3.811277e-03,3.394439e-01,1.978158e-01,6.694715e-03,1.368600e-02,5.880252e-03,1.563542e-02,1.152368e-02,3.177875e-02
2.324491e-02,2.956697e-02,1.977886e-02,4.795332e-02,9.895837e-02,8.723006e-02,3.510680e-03,4.725645e-01,1.536784e-01,4.926167e-03,9.934979e-03,4.481635e-03,1.158135e-02,9.185096e-03,2.340465e-02
3.618658e-02,2.210054e-02,1.927009e-02,4.094930e-02,7.624448e-02,8.518633e-02,3.891815e-03,5.510466e-01,1.127016e-01,3.883006e-03,7.722414e-03,3.986468e-03,1.111702e-02,7.333713e-03,1.837999e-02
2.912199e-02,1.730974e-02,2.409823e-02,5.887418e-02,6.177187e-02,6.570956e-02,3.537381e-03,5.560291e-01,8.274169e-02,3.962018e-03,1.307354e-02,6.980473e-03,5.683292e-02,5.393008e-03,1.456430e-02
2.240648e-02,1.317392e-02,2.176123e-02,6.979423e-02,5.067214e-02,4.867401e-02,5.081859e-03,4.325141e-01,6.316531e-02,4.717324e-03,3.153820e-02,2.888678e-02,1.902702e-01,5.281033e-03,1.206314e-02
1.708687e-02,1.012136e-02,1.579385e-02,5.567555e-02,3.950854e-02,3.562533e-02,4.881479e-03,3.068855e-01,4.626722e-02,3.849305e-03,4.474631e-02,2.201963e-01,1.809308e-01,9.373610e-03,9.057906e-03
1.347618e-02,7.562412e-03,1.143359e-02,4.136981e-02,2.850637e-02,2.662841e-02,3.596196e-03,2.161786e-01,3.508743e-02,3.060690e-03,5.429984e-02,3.701779e-01,1.692883e-01,1.245451e-02,6.879799e-03
9.552919e-03,2.114270e-02,9.814376e-03,2.902882e-02,2.018457e-02,1.876624e-02,2.524050e-03,1.514541e-01,3.048366e-02,3.183727e-03,5.728549e-02,4.788095e-01,1.499476e-01,1.260118e-02,5.221049e-03
7.230491e-03,1.701587e-02,7.557767e-03,2.095183e-02,1.522175e-02,1.341186e-02,1.913257e-03,1.064256e-01,2.782020e-02,4.375373e-03,1.062626e-01,5.170923e-01,1.210178e-01,2.941728e-02,4.285992e-03
6.612934e-03,1.327499e-02,6.131861e-03,1.651675e-02,1.342300e-02,1.196981e-02,1.454797e-03,7.561846e-02,2.535613e-02,7.239336e-03,1.163325e-01,5.772340e-01,9.726707e-02,2.759885e-02,3.969557e-03
5.698385e-03,1.111758e-02,5.557646e-03,1.239518e-02,1.167248e-02,9.740321e-03,1.114684e-03,5.324841e-02,2.250186e-02,7.660402e-03,2.044049e-01,5.459223e-01,7.137716e-02,3.427343e-02,3.315212e-03
5.588180e-03,9.016974e-03,4.745728e-03,9.408256e-03,1.200279e-02,9.949162e-03,9.255362e-04,3.779549e-02,2.065571e-02,8.470103e-03,2.482235e-01,5.390345e-01,5.272485e-02,3.871985e-02,2.739344e-03
7.767004e-03,9.300170e-03,7.158827e-03,7.701243e-03,1.182143e-02,4.372812e-02,1.019237e-03,2.987467e-02,1.793659e-02,1.035047e-02,2.634406e-01,4.996658e-01,3.848286e-02,4.943093e-02,2.321995e-03
7.343913e-03,9.135623e-03,5.620814e-03,5.787422e-03,1.991962e-02,3.643962e-02,7.926266e-04,2.122207e-02,1.968939e-02,1.243960e-02,3.051706e-01,4.727426e-01,2.798484e-02,5.298063e-02,2.730569e-03
1.094838e-02,1.017983e-02,5.386211e-03,4.438240e-03,2.301008e-02,2.928876e-02,9.291624e-04,1.528889e-02,1.734271e-02,1.844423e-02,3.862310e-01,3.883368e-01,2.105304e-02,6.617326e-02,2.949364e-03
3.058790e-02,1.077574e-02,7.742130e-03,3.661983e-03,1.970650e-02,2.319748e-02,1.016117e-03,1.225893e-02,1.806304e-02,1.765542e-02,4.513911e-01,3.190407e-01,1.555812e-02,6.557984e-02,3.764986e-03
3.674927e-02,9.608844e-03,6.862142e-03,2.828534e-03,1.625246e-02,1.755224e-02,8.666007e-04,8.988507e-03,1.563996e-02,1.924257e-02,5.325221e-01,2.520532e-01,1.156729e-02,6.493402e-02,4.332199e-03
3.836687e-02,7.698667e-03,4.966247e-03,2.231394e-03,1.298370e-02,1.263389e-02,7.020659e-04,6.583835e-03,1.173948e-02,1.508943e-02,6.351415e-01,1.828880e-01,9.117831e-03,5.633431e-02,3.522828e-03
4.050909e-02,9.052322e-03,4.037273e-03,2.248437e-03,1.594099e-02,1.017136e-02,8.224094e-04,5.117493e-03,9.919629e-03,1.563119e-02,6.769606e-01,1.433483e-01,7.202726e-03,5.467267e-02,4.365477e-03
3.373382e-02,7.485639e-03,3.159841e-03,1.663778e-03,1.245190e-02,7.508058e-03,6.790062e-04,3.804446e-03,7.710136e-03,1.659267e-02,7.321088e-01,1.078964e-01,5.634184e-03,5.614341e-02,3.427878e-03
2.456635e-02,6.854652e-03,2.521370e-03,1.202673e-03,1.020854e-02,5.545648e-03,5.427577e-04,2.744694e-03,6.555248e-03,2.250461e-02,7.611994e-01,8.876830e-02,4.231160e-03,5.938534e-02,3.169286e-03
1.796967e-02,5.037426e-03,1.853004e-03,8.677086e-04,7.537768e-03,4.231886e-03,4.171471e-04,1.986984e-03,4.904946e-03,1.818370e-02,8.122736e-01,6.722441e-02,3.585905e-03,5.159818e-02,2.327674e-03
1.326699e-02,5.590528e-03,1.694246e-03,7.035391e-04,9.726724e-03,3.914491e-03,4.692863e-04,1.541817e-03,6.447537e-03,2.244884e-02,8.179036e-01,6.023929e-02,3.427641e-03,5.056438e-02,2.060977e-03
9.620261e-03,5.494824e-03,1.942897e-03,8.029516e-04,1.774392e-02,4.543052e-03,6.877101e-04,1.673914e-03,1.133098e-02,2.554588e-02,8.042240e-01,5.779416e-02,2.934363e-03,5.370520e-02,1.955803e-03
9.752071e-03,8.264716e-03,9.294440e-03,2.290179e-03,2.212903e-02,4.420311e-03,1.362979e-03,4.275907e-02,4.431457e-02,2.554289e-02,6.989756e-01,5.797015e-02,2.466223e-03,6.872395e-02,1.733750e-03
1.675764e-02,7.879004e-03,5.352769e-02,2.572870e-02,2.937442e-02,5.352290e-03,1.725173e-03,1.648158e-01,4.343788e-02,2.653891e-02,5.185196e-01,4.307512e-02,2.506427e-03,5.911484e-02,1.646552e-03
2.653414e-02,1.284338e-02,5.264255e-02,2.289999e-02,5.505241e-02,7.069901e-03,1.559183e-03,1.478900e-01,6.885721e-02,3.532793e-02,4.518615e-01,3.271195e-02,2.547675e-03,7.968035e-02,2.521841e-03
3.862266e-02,2.626596e-02,1.063780e-01,2.458006e-02,6.099872e-02,1.842486e-02,1.524460e-03,1.262353e-01,8.482863e-02,3.836830e-02,3.600427e-01,2.728968e-02,3.291994e-03,7.603113e-02,7.117497e-03
6.446336e-02,2.976851e-02,1.693170e-01,4.064675e-02,6.134604e-02,3.566910e-02,1.361779e-03,1.031498e-01,6.937243e-02,3.875819e-02,2.778503e-01,2.224101e-02,3.288884e-03,7.186128e-02,1.090551e-02
6.131642e-02,2.414940e-02,3.338300e-01,3.618579e-02,5.663642e-02,2.711394e-02,1.028495e-03,8.136016e-02,5.944255e-02,2.906369e-02,2.018587e-01,1.635020e-02,2.507571e-03,6.090145e-02,8.255196e-03
5.366668e-02,1.984302e-02,4.441613e-01,3.062185e-02,5.117391e-02,2.091126e-02,7.410100e-04,6.018888e-02,5.757075e-02,2.845111e-02,1.513284e-01,1.173613e-02,1.900752e-03,6.131526e-02,6.389658e-03
5.193055e-02,2.047639e-02,5.077218e-01,2.560730e-02,5.332676e-02,1.874058e-02,5.835880e-04,4.617309e-02,5.651030e-02,3.503663e-02,1.129215e-01,8.800135e-03,1.695591e-03,5.483502e-02,5.640751e-03
5.271788e-02,1.986831e-02,5.689275e-01,2.233776e-02,5.905907e-02,1.504173e-02,4.762562e-04,3.739652e-02,5.289136e-02,3.002641e-02,8.463626e-02,7.296313e-03,1.446331e-03,4.235207e-02,5.526275e-03
6.825677e-02,2.373902e-02,5.399784e-01,2.283736e-02,7.605695e-02,1.469324e-02,8.822310e-04,3.267590e-02,7.108477e-02,2.958497e-02,6.601980e-02,7.400841e-03,2.223630e-03,3.889004e-02,5.676068e-03
8.879243e-02,2.669679e-02,4.688701e-01,1.927663e-02,8.812881e-02,1.586189e-02,1.281230e-03,2.682693e-02,1.031145e-01,2.570521e-02,5.681957e-02,6.798876e-03,2.968016e-03,6.099630e-02,7.862823e-03
1.548539e-01,2.923797e-02,3.451537e-01,1.505347e-02,9.225527e-02,2.072190e-02,2.197164e-03,2.322876e-02,1.032504e-01,2.755313e-02,5.581261e-02,7.268988e-03,3.382742e-03,1.105589e-01,9.471118e-03
2.412097e-01,3.051129e-02,2.463259e-01,1.189346e-02,8.241070e-02,2.081805e-02,3.727995e-03,2.188209e-02,1.110108e-01,4.608998e-02,4.864806e-02,9.903036e-03,4.116507e-03,1.102668e-01,1.118562e-02
3.300012e-01,2.877820e-02,1.756959e-01,1.191838e-02,6.535922e-02,2.130376e-02,3.685409e-03,2.033390e-02,8.602675e-02,9.766121e-02,3.820483e-02,1.521687e-02,6.857954e-03,8.572657e-02,1.323002e-02
3.764804e-01,2.664549e-02,1.255544e-01,1.237436e-02,5.300160e-02,2.369579e-02,3.597066e-03,1.990446e-02,6.917414e-02,1.431449e-01,3.229799e-02,2.010312e-02,8.852587e-03,6.966646e-02,1.550726e-02
4.280117e-01,2.461057e-02,9.168012e-02,1.944118e-02,4.326989e-02,2.928882e-02,3.353499e-03,1.610270e-02,5.537652e-02,1.266065e-01,2.936683e-02,2.918726e-02,1.210500e-02,5.819239e-02,3.340702e-02
3.964866e-01,2.041754e-02,6.559421e-02,2.147348e-02,3.316440e-02,4.107635e-02,3.187547e-03,1.237064e-02,6.737967e-02,1.268330e-01,2.648015e-02,2.612042e-02,6.553487e-02,4.289891e-02,5.098229e-02
3.232037e-01,2.495242e-02,4.704002e-02,2.699601e-02,2.682992e-02,4.113646e-02,3.245485e-03,9.701603e-03,1.414980e-01,1.180372e-01,2.490424e-02,2.878986e-02,8.463903e-02,3.343155e-02,6.559449e-02
2.292463e-01,7.140656e-02,3.539744e-02,3.076219e-02,2.241470e-02,3.265473e-02,2.830796e-03,6.945325e-03,2.329496e-01,9.727874e-02,2.341487e-02,2.487683e-02,8.648783e-02,2.420791e-02,7.912628e-02
1.728849e-01,8.174031e-02,3.056213e-02,3.220453e-02,1.933563e-02,2.455624e-02,2.500566e-03,6.461516e-03,2.566254e-01,8.411641e-02,2.015237e-02,2.090240e-02,1.399105e-01,1.810880e-02,8.993842e-02
1.621743e-01,1.183198e-01,2.516344e-02,3.205875e-02,1.544156e-02,1.909854e-02,1.987202e-03,5.082062e-03,2.543773e-01,7.822265e-02,1.803774e-02,1.822026e-02,1.168826e-01,1.372790e-02,1.212059e-01
1.180513e-01,1.321603e-01,2.720331e-02,4.227754e-02,1.461059e-02,2.035417e-02,1.744042e-03,4.535583e-03,2.970887e-01,6.792831e-02,1.921388e-02,1.524594e-02,1.088485e-01,1.028238e-02,1.204556e-01
1.027953e-01,1.288512e-01,2.334814e-02,3.578005e-02,1.570424e-02,2.352994e-02,2.067620e-03,4.572848e-03,3.268709e-01,5.428911e-02,2.521757e-02,1.501606e-02,1.064695e-01,9.416205e-03,1.260713e-01
8.250766e-02,1.343294e-01,2.034371e-02,3.501934e-02,1.357748e-02,2.795262e-02,1.602206e-03,7.243015e-03,3.933825e-01,3.974247e-02,2.096730e-02,1.220818e-02,8.593595e-02,7.102001e-03,1.180862e-01
6.212199e-02,1.236876e-01,1.688680e-02,2.695089e-02,1.170418e-02,3.589377e-02,1.305724e-03,1.130476e-02,4.808314e-01,2.876308e-02,1.680449e-02,9.652753e-03,6.691195e-02,5.332944e-03,1.018477e-01
4.907495e-02,9.372972e-02,1.327014e-02,1.998911e-02,1.799934e-02,2.755203e-02,2.680177e-03,9.385258e-03,5.772395e-01,2.076124e-02,1.294782e-02,8.154763e-03,4.929649e-02,3.876716e-03,9.404279e-02
3.592423e-02,7.970874e-02,9.750292e-03,1.433975e-02,1.686813e-02,2.823928e-02,2.524674e-03,7.278600e-03,6.560197e-01,1.496031e-02,9.253236e-03,5.798986e-03,3.506077e-02,2.803213e-03,8.147005e-02
2.794975e-02,7.088891e-02,9.782127e-03,2.462869e-02,2.356408e-02,2.351156e-02,2.887422e-03,1.826992e-02,6.863297e-01,1.146371e-02,7.103890e-03,4.200133e-03,2.517093e-02,2.028138e-03,6.222115e-02
3.755672e-02,7.122403e-02,1.014984e-02,2.032718e-02,2.785466e-02,3.299431e-02,2.728567e-03,1.770695e-02,6.711459e-01,1.372550e-02,6.084392e-03,3.404301e-03,1.919555e-02,2.059930e-03,6.384227e-02
5.198795e-02,7.346094e-02,1.030144e-02,1.739212e-02,4.239406e-02,5.344831e-02,3.011382e-03,1.717338e-02,6.257053e-01,1.239056e-02,5.209926e-03,2.932697e-03,1.591145e-02,2.384383e-03,6.629613e-02
6.105155e-02,7.566398e-02,1.424767e-02,5.065763e-02,4.292950e-02,4.996572e-02,2.755272e-03,2.240619e-02,5.122211e-01,2.097422e-02,7.656557e-03,5.810303e-03,1.671115e-02,3.439339e-03,1.135099e-01
5.330889e-02,1.186841e-01,1.426439e-02,4.567356e-02,3.917812e-02,5.683255e-02,2.656554e-03,5.438448e-02,4.393338e-01,2.875294e-02,6.852796e-03,5.564503e-03,1.769214e-02,3.297540e-03,1.135236e-01
4.320123e-02,9.739508e-02,5.181383e-02,1.044829e-01,3.952044e-02,4.960830e-02,8.699278e-03,7.952638e-02,3.691330e-01,2.534253e-02,6.957536e-03,5.080557e-03,1.870612e-02,2.825242e-03,9.770764e-02
3.472823e-02,8.475490e-02,4.257654e-02,7.869720e-02,2.942309e-02,5.502925e-02,9.335345e-03,6.328756e-02,2.783144e-01,2.066429e-02,5.311215e-03,4.386775e-03,2.106794e-01,2.203568e-03,8.060832e-02
3.461412e-02,7.809162e-02,3.231213e-02,6.081795e-02,2.311469e-02,5.573665e-02,9.374547e-03,4.673740e-02,2.413171e-01,1.751639e-02,4.287515e-03,4.558694e-03,3.191283e-01,1.868781e-03,7.052404e-02
2.935931e-02,7.484172e-02,2.754238e-02,5.993643e-02,1.744588e-02,5.069106e-02,8.692602e-03,4.067718e-02,1.926483e-01,1.326540e-02,3.458340e-03,3.731585e-03,4.181775e-01,1.540525e-03,5.799186e-02
3.240994e-02,6.638849e-02,2.613692e-02,4.962758e-02,1.548752e-02,3.944135e-02,1.704259e-02,9.686665e-02,1.610985e-01,9.990834e-03,2.994957e-03,3.179047e-03,4.207758e-01,1.304050e-03,5.725582e-02
3.442353e-02,5.931452e-02,2.176899e-02,3.732787e-02,1.395401e-02,3.677145e-02,3.511252e-02,1.123259e-01,1.263019e-01,7.422972e-03,2.598177e-03,3.040440e-03,4.520491e-01,1.019764e-03,5.656883e-02
3.805564e-02,6.209412e-02,3.616070e-02,3.152943e-02,2.461074e-02,3.775122e-02,5.997715e-02,1.625500e-01,1.114317e-01,8.051828e-03,2.481468e-03,2.901164e-03,3.697963e-01,8.877883e-04,5.172072e-02
4.437514e-02,8.096239e-02,5.319730e-02,4.739435e-02,3.869590e-02,3.656560e-02,5.992321e-02,1.765813e-01,9.577251e-02,9.851763e-03,2.955666e-03,3.792676e-03,3.031407e-01,9.660959e-04,4.582543e-02
4.587537e-02,8.543535e-02,7.068954e-02,4.519899e-02,6.306475e-02,3.161457e-02,5.518551e-02,1.544701e-01,9.056365e-02,2.584917e-02,3.577875e-03,3.802432e-03,2.818601e-01,9.687372e-04,4.184384e-02
6.161239e-02,9.455784e-02,1.327736e-01,4.224973e-02,7.470790e-02,3.283741e-02,5.142519e-02,1.107731e-01,8.178008e-02,4.294324e-02,5.107657e-03,4.277589e-03,2.232414e-01,1.588852e-03,4.012402e-02
9.141249e-02,1.206738e-01,1.251039e-01,4.262255e-02,6.622025e-02,3.211065e-02,4.244184e-02,7.959203e-02,8.939645e-02,4.768401e-02,6.602196e-03,6.649820e-03,2.001871e-01,2.076427e-03,4.722642e-02
1.225454e-01,1.420054e-01,1.015100e-01,3.917542e-02,5.049708e-02,2.595771e-02,3.323065e-02,5.675578e-02,9.184722e-02,5.143264e-02,7.696723e-03,7.808387e-03,1.592604e-01,2.052785e-03,1.082244e-01
1.643676e-01,1.293865e-01,8.076695e-02,3.460425e-02,4.186416e-02,2.432045e-02,2.588972e-02,4.046752e-02,8.442885e-02,4.784944e-02,7.492816e-03,7.433983e-03,1.488322e-01,2.042516e-03,1.602530e-01
1.252828e-01,1.800210e-01,1.094036e-01,5.120268e-02,3.265176e-02,2.037963e-02,1.872388e-02,2.859757e-02,7.194199e-02,5.706391e-02,8.258196e-03,1.140082e-02,1.163662e-01,3.866448e-03,1.648394e-01
9.960325e-02,1.435873e-01,1.069312e-01,5.766926e-02,2.361605e-02,1.616309e-02,1.339294e-02,2.014364e-02,8.750463e-02,4.883218e-02,1.127588e-02,2.424809e-02,9.051372e-02,9.377021e-03,2.471417e-01
8.731686e-02,1.165973e-01,8.643520e-02,6.786597e-02,2.040187e-02,1.893986e-02,1.007171e-02,1.463605e-02,8.425438e-02,3.580968e-02,1.864905e-02,4.127458e-02,1.086237e-01,1.894512e-02,2.701786e-01
1.021022e-01,1.119912e-01,6.664509e-02,7.690851e-02,1.872873e-02,1.822092e-02,9.351315e-03,1.170905e-02,1.118798e-01,2.944382e-02,2.261483e-02,5.496506e-02,1.217890e-01,2.751325e-02,2.161372e-01
1.132154e-01,8.423734e-02,4.803378e-02,6.296611e-02,1.428727e-02,1.650363e-02,7.793312e-03,8.747157e-03,9.779558e-02,2.300048e-02,3.014198e-02,1.026827e-01,1.550891e-01,5.965285e-02,1.758533e-01
1.028885e-01,6.683131e-02,3.414166e-02,4.628531e-02,1.079889e-02,1.432206e-02,5.745393e-03,6.513534e-03,8.540140e-02,1.734930e-02,2.897492e-02,1.068580e-01,2.467151e-01,9.137192e-02,1.358027e-01
8.438271e-02,6.989359e-02,2.646876e-02,3.829122e-02,9.234163e-03,1.912478e-02,4.260185e-03,5.578113e-03,1.242149e-01,1.371194e-02,2.521303e-02,9.718750e-02,2.853853e-01,7.762238e-02,1.194314e-01
7.387286e-02,7.037367e-02,7.773131e-02,4.971659e-02,8.311887e-03,2.049403e-02,3.499659e-03,6.276059e-03,1.349329e-01,2.134385e-02,2.346767e-02,7.713913e-02,2.656484e-01,6.097331e-02,1.062187e-01
5.433383e-02,7.179059e-02,5.877953e-02,3.706403e-02,7.912352e-03,2.434905e-02,2.703869e-03,4.926780e-03,2.902502e-01,1.536831e-02,1.867805e-02,5.919929e-02,2.297553e-01,4.346982e-02,8.141902e-02
3.996092e-02,9.745163e-02,4.811902e-02,2.812170e-02,6.435205e-03,3.457784e-02,2.201834e-03,3.723386e-03,3.537127e-01,1.172674e-02,1.504413e-02,4.697309e-02,2.091880e-01,3.152679e-02,7.123694e-02
3.056186e-02,1.050623e-01,3.419160e-02,2.268529e-02,5.719426e-03,4.133114e-02,1.631888e-03,2.758970e-03,4.210949e-01,9.846366e-03,1.137719e-02,3.373472e-02,1.905658e-01,2.285191e-02,6.658672e-02
2.362830e-02,1.725402e-01,2.479480e-02,2.120874e-02,5.251508e-03,6.332815e-02,1.191510e-03,2.064866e-03,4.235640e-01,1.099541e-02,8.752929e-03,2.403538e-02,1.449793e-01,1.642479e-02,5.724009e-02
1.743989e-02,2.506987e-01,1.917442e-02,9.541000e-02,4.199930e-03,6.331797e-02,8.527897e-04,2.496476e-03,3.427790e-01,1.066190e-02,8.426747e-03,1.735657e-02,1.042369e-01,1.198974e-02,5.095901e-02
1.767463e-02,2.040765e-01,2.653592e-02,2.037393e-01,7.042223e-03,6.072099e-02,7.320713e-04,5.630320e-03,2.854769e-01,1.368572e-02,1.938644e-02,1.424796e-02,7.736572e-02,9.598136e-03,5.408717e-02
2.317889e-02,2.106396e-01,2.208112e-02,1.726147e-01,9.294499e-03,5.947866e-02,7.701640e-04,5.919464e-03,2.349507e-01,1.644677e-02,2.359848e-02,1.128385e-02,6.553438e-02,8.129942e-03,1.360788e-01
1.873800e-02,2.286764e-01,2.201793e-02,1.434647e-01,7.328384e-03,4.620388e-02,6.005891e-04,8.023379e-03,2.991405e-01,2.409188e-02,2.333162e-02,8.417015e-03,4.793108e-02,6.805877e-03,1.152288e-01
1.880179e-02,1.947423e-01,1.800961e-02,1.069950e-01,6.780559e-03,4.530518e-02,6.361126e-04,6.985451e-03,3.417712e-01,6.731252e-02,2.067975e-02,6.376296e-03,3.725681e-02,6.124985e-03,1.222225e-01
1.448144e-02,1.661375e-01,1.549206e-02,9.391625e-02,5.158255e-03,4.287677e-02,5.184518e-04,6.311385e-03,4.074455e-01,8.842553e-02,1.643651e-02,4.766087e-03,2.737769e-02,4.750056e-03,1.059066e-01
1.067494e-02,1.361974e-01,1.517136e-02,1.006433e-01,3.913992e-03,3.055548e-02,3.986582e-04,4.973824e-03,4.795954e-01,8.768804e-02,1.372446e-02,4.257914e-03,2.144269e-02,3.856624e-03,8.690588e-02
9.318276e-03,1.109404e-01,2.379951e-02,8.315842e-02,3.400134e-03,2.272143e-02,4.364831e-04,4.628002e-03,4.169546e-01,1.479369e-01,2.093397e-02,3.966857e-03,2.359260e-02,5.044621e-03,1.231677e-01
1.194156e-02,8.853088e-02,3.459059e-02,6.352237e-02,3.893820e-03,1.950595e-02,4.620294e-04,3.871490e-03,3.636853e-01,2.000635e-01,2.083671e-02,3.446176e-03,1.960521e-02,5.862567e-03,1.601818e-01
8.816104e-03,6.646242e-02,3.177924e-02,4.566356e-02,2.876485e-03,1.390656e-02,3.455203e-04,3.163497e-03,3.183821e-01,3.318413e-01,1.499283e-02,2.709474e-03,1.469449e-02,4.762151e-03,1.396043e-01
6.726113e-03,4.986285e-02,2.375031e-02,3.247776e-02,2.101264e-03,1.003314e-02,2.679548e-04,2.318941e-03,2.430018e-01,4.701363e-01,1.084310e-02,2.083813e-03,1.149619e-02,4.165701e-03,1.307347e-01
5.231977e-03,4.019018e-02,1.876804e-02,3.056318e-02,1.608304e-03,7.760025e-03,2.071790e-04,2.440858e-03,3.062904e-01,4.396341e-01,8.317858e-03,1.747358e-03,9.920822e-03,3.932383e-03,1.233873e-01
4.209531e-03,3.152343e-02,1.931663e-02,2.765834e-02,1.265897e-03,5.779681e-03,1.780432e-04,2.670410e-03,2.985072e-01,4.605123e-01,6.962757e-03,2.075904e-03,8.322719e-03,5.267157e-03,1.257500e-01
3.896394e-03,2.820869e-02,2.302540e-02,2.111018e-02,9.799850e-04,4.317610e-03,1.452404e-04,2.023313e-03,2.347469e-01,4.691865e-01,6.813766e-03,2.430783e-03,8.259892e-03,1.398509e-02,1.808702e-01
3.864476e-03,4.861875e-02,4.475733e-02,1.943334e-02,1.624246e-03,4.029328e-03,1.970256e-04,1.877218e-03,2.688139e-01,3.899978e-01,8.086661e-03,2.711015e-03,9.330665e-03,1.355350e-02,1.831048e-01
5.835899e-03,8.937390e-02,4.000506e-02,1.988985e-02,2.756089e-03,4.735610e-03,2.265312e-04,1.668435e-03,2.872120e-01,3.158762e-01,6.996514e-03,2.511924e-03,8.503230e-03,1.215013e-02,2.022587e-01
7.445838e-03,8.074618e-02,3.093312e-02,1.656351e-02,5.659396e-03,6.824429e-03,3.187522e-04,1.379824e-03,2.600590e-01,2.387854e-01,5.636493e-03,2.091661e-03,7.787880e-03,1.154310e-02,3.242254e-01
9.647591e-03,7.615836e-02,2.338086e-02,1.927155e-02,6.519668e-03,6.435315e-03,3.443641e-04,2.165567e-03,2.384387e-01,2.338371e-01,4.763665e-03,1.860029e-03,7.340547e-03,1.109833e-02,3.587383e-01
1.134029e-02,6.933141e-02,2.739234e-02,1.042188e-01,6.264762e-03,5.206762e-03,2.760172e-04,2.586932e-03,2.657392e-01,1.823373e-01,6.708065e-03,2.602095e-03,7.278016e-03,8.258543e-03,3.004595e-01
1.411104e-02,5.750337e-02,4.955408e-02,8.473875e-02,5.747312e-03,4.305129e-03,2.730098e-04,2.326587e-03,3.134809e-01,1.513474e-01,7.512290e-03,2.557461e-03,6.578802e-03,8.219004e-03,2.917448e-01
2.531777e-02,4.778446e-02,4.052478e-02,6.120494e-02,7.040549e-03,3.718186e-03,2.584100e-04,1.823049e-03,2.917671e-01,1.178715e-01,7.618351e-03,2.203028e-03,5.581704e-03,8.727223e-03,3.785589e-01
2.404039e-02,4.005447e-02,3.267867e-02,4.332538e-02,5.870506e-03,3.473500e-03,2.307938e-04,1.571938e-03,2.838705e-01,1.013277e-01,7.582311e-03,1.661939e-03,5.101639e-03,1.616240e-02,4.330479e-01
1.762854e-02,3.168359e-02,2.511317e-02,3.133088e-02,4.293349e-03,2.611403e-03,1.830117e-04,1.240747e-03,3.798495e-01,7.987487e-02,5.790447e-03,1.370447e-03,4.102137e-03,1.437047e-02,4.005574e-01
1.426062e-02,2.562706e-02,2.175667e-02,2.235417e-02,3.344621e-03,2.416800e-03,1.695237e-04,1.064126e-03,3.622528e-01,8.669069e-02,5.401623e-03,1.051377e-03,3.350554e-03,3.155595e-02,4.187034e-01
1.542883e-02,2.323223e-02,2.195178e-02,1.679960e-02,3.639321e-03,3.081137e-03,2.720697e-04,2.602330e-03,3.126277e-01,9.770220e-02,5.854760e-03,1.102047e-03,3.993332e-03,5.804192e-02,4.336707e-01
1.558257e-02,1.801976e-02,2.098280e-02,1.205433e-02,3.638987e-03,3.328167e-03,2.959776e-04,2.477896e-03,2.518689e-01,8.938190e-02,4.790164e-03,9.682650e-04,3.989142e-03,9.570377e-02,4.769173e-01
1.308995e-02,1.472381e-02,5.642867e-02,1.205192e-02,3.916926e-03,3.159076e-03,2.862169e-04,2.854223e-03,2.219710e-01,9.726825e-02,3.837268e-03,9.387796e-04,3.616783e-03,7.543561e-02,4.904215e-01
2.488996e-02,3.185990e-02,9.139363e-02,1.341674e-02,9.561813e-03,8.450273e-03,5.599883e-04,7.163162e-03,1.960085e-01,8.713655e-02,3.035228e-03,8.994433e-04,9.816024e-03,6.106537e-02,4.547434e-01
2.310464e-02,2.676735e-02,9.458081e-02,1.115774e-02,8.937635e-03,7.020377e-03,4.514652e-04,6.379831e-03,1.777213e-01,8.103254e-02,2.435745e-03,7.632640e-04,8.110030e-03,4.553070e-02,5.060066e-01
4.671809e-02,3.450085e-02,8.458436e-02,1.003633e-02,1.363010e-02,8.123811e-03,5.489442e-04,1.595091e-02,1.776796e-01,7.016747e-02,2.724128e-03,1.065825e-03,8.405239e-03,3.640313e-02,4.894613e-01
5.663211e-02,4.165422e-02,7.400754e-02,1.052493e-02,2.293646e-02,1.018321e-02,6.860220e-04,2.546422e-02,1.917636e-01,6.239015e-02,3.463408e-03,1.322774e-03,8.289146e-03,3.106748e-02,4.596148e-01
9.158370e-02,4.006698e-02,9.167601e-02,1.169904e-02,4.073410e-02,1.414223e-02,2.622169e-03,7.762204e-02,1.795783e-01,4.971372e-02,3.771638e-03,1.613706e-03,7.030793e-03,3.261513e-02,3.555304e-01
1.261583e-01,4.526193e-02,8.674593e-02,1.393705e-02,5.011972e-02,2.137075e-02,2.428094e-03,8.874454e-02,1.999920e-01,4.195628e-02,4.745193e-03,2.438812e-03,7.458747e-03,3.259207e-02,2.760505e-01
1.754176e-01,6.130070e-02,7.177497e-02,1.295536e-02,4.681249e-02,3.976865e-02,2.168576e-03,6.971879e-02,1.936088e-01,3.970309e-02,6.948473e-03,3.118658e-03,1.215947e-02,4.009105e-02,2.244532e-01
2.199638e-01,6.200345e-02,8.785401e-02,3.324138e-02,5.054126e-02,3.396878e-02,2.826822e-03,6.576891e-02,1.495248e-01,4.153152e-02,8.309539e-03,5.497976e-03,1.303416e-02,3.261152e-02,1.933221e-01
2.748947e-01,6.481217e-02,6.738491e-02,3.537920e-02,6.344368e-02,3.567244e-02,3.183555e-03,5.821297e-02,1.533302e-01,3.405831e-02,9.662866e-03,7.501896e-03,1.457863e-02,2.788053e-02,1.500039e-01
2.531813e-01,6.946681e-02,9.421776e-02,1.102687e-01,6.578957e-02,2.844105e-02,3.090327e-03,4.943870e-02,1.275048e-01,2.742122e-02,9.057892e-03,1.017168e-02,1.173772e-02,2.072967e-02,1.194828e-01
2.712162e-01,7.812651e-02,9.365030e-02,1.205970e-01,6.246398e-02,2.699435e-02,3.213336e-03,4.014842e-02,1.153101e-01,2.521036e-02,1.026622e-02,1.174069e-02,1.062867e-02,1.699259e-02,1.134412e-01
2.988409e-01,7.420707e-02,8.581337e-02,9.811754e-02,5.531946e-02,2.771481e-02,3.242621e-03,4.361985e-02,1.021184e-01,2.053738e-02,1.789481e-02,1.533241e-02,1.321003e-02,1.867689e-02,1.253545e-01
3.475961e-01,8.028042e-02,7.212292e-02,7.419308e-02,5.359608e-02,2.552205e-02,3.182516e-03,4.878693e-02,1.059426e-01,1.721349e-02,2.010373e-02,1.726968e-02,1.283337e-02,1.844574e-02,1.029113e-01
4.354974e-01,6.300292e-02,5.981360e-02,5.761755e-02,4.483233e-02,2.432836e-02,2.979281e-03,5.105564e-02,8.815467e-02,1.604143e-02,2.384501e-02,2.115253e-02,1.245103e-02,1.777855e-02,8.144968e-02
3.882160e-01,5.301625e-02,5.047952e-02,5.040137e-02,3.328280e-02,2.609526e-02,2.408986e-03,3.781299e-02,7.354653e-02,1.428264e-02,1.504866e-01,2.456356e-02,1.083832e-02,1.903067e-02,6.553858e-02
2.885317e-01,3.843163e-02,3.659667e-02,3.635326e-02,2.374507e-02,2.589234e-02,1.779956e-03,2.680001e-02,5.292290e-02,1.068348e-02,3.484066e-01,3.547266e-02,8.477309e-03,1.788789e-02,4.801850e-02
