1.000000e+00,0.000000e+00,0.000000e+00,0.000000e+00,0.000000e+00,0.000000e+00,0.000000e+00,0.000000e+00,0.000000e+00,0.000000e+00,0.000000e+00,0.000000e+00,0.000000e+00,0.000000e+00,0.000000e+00
1.000000e+00,0.000000e+00,0.000000e+00,0.000000e+00,0.000000e+00,0.000000e+00,0.000000e+00,0.000000e+00,0.000000e+00,0.000000e+00,0.000000e+00,0.000000e+00,0.000000e+00,0.000000e+00,0.000000e+00
1.000000e+00,0.000000e+00,0.000000e+00,0.000000e+00,0.000000e+00,0.000000e+00,0.000000e+00,0.000000e+00,0.000000e+00,0.000000e+00,0.000000e+00,0.000000e+00,0.000000e+00,0.000000e+00,0.000000e+00
1.000000e+00,0.000000e+00,0.000000e+00,0.000000e+00,0.000000e+00,0.000000e+00,0.000000e+00,0.000000e+00,0.000000e+00,0.000000e+00,0.000000e+00,0.000000e+00,0.000000e+00,0.000000e+00,0.000000e+00
1.000000e+00,0.000000e+00,0.000000e+00,0.000000e+00,0.000000e+00,0.000000e+00,0.000000e+00,0.000000e+00,0.000000e+00,0.000000e+00,0.000000e+00,0.000000e+00,0.000000e+00,0.000000e+00,0.000000e+00
1.000000e+00,0.000000e+00,0.000000e+00,0.000000e+00,0.000000e+00,0.000000e+00,0.000000e+00,0.000000e+00,0.000000e+00,0.000000e+00,0.000000e+00,0.000000e+00,0.000000e+00,0.000000e+00,0.000000e+00
1.000000e+00,0.000000e+00,0.000000e+00,0.000000e+00,0.000000e+00,0.000000e+00,0.000000e+00,0.000000e+00,0.000000e+00,0.000000e+00,0.000000e+00,0.000000e+00,0.000000e+00,0.000000e+00,0.000000e+00
1.000000e+00,0.000000e+00,0.000000e+00,0.000000e+00,0.000000e+00,0.000000e+00,0.000000e+00,0.000000e+00,0.000000e+00,0.000000e+00,0.000000e+00,0.000000e+00,0.000000e+00,0.000000e+00,0.000000e+00
1.000000e+00,0.000000e+00,0.000000e+00,0.000000e+00,0.000000e+00,0.000000e+00,0.000000e+00,0.000000e+00,0.000000e+00,0.000000e+00,0.000000e+00,0.000000e+00,0.000000e+00,0.000000e+00,0.000000e+00
1.000000e+00,0.000000e+00,0.000000e+00,0.000000e+00,0.000000e+00,0.000000e+00,0.000000e+00,0.000000e+00,0.000000e+00,0.000000e+00,0.000000e+00,0.000000e+00,0.000000e+00,0.000000e+00,0.000000e+00
1.000000e+00,0.000000e+00,0.000000e+00,0.000000e+00,0.000000e+00,0.000000e+00,0.000000e+00,0.000000e+00,0.000000e+00,0.000000e+00,0.000000e+00,0.000000e+00,0.000000e+00,0.000000e+00,0.000000e+00
1.000000e+00,0.000000e+00,0.000000e+00,0.000000e+00,0.000000e+00,0.000000e+00,0.000000e+00,0.000000e+00,0.000000e+00,0.000000e+00,0.000000e+00,0.000000e+00,0.000000e+00,0.000000e+00,0.000000e+00
1.000000e+00,0.000000e+00,0.000000e+00,0.000000e+00,0.000000e+00,0.000000e+00,0.000000e+00,0.000000e+00,0.000000e+00,0.000000e+00,0.000000e+00,0.000000e+00,0.000000e+00,0.000000e+00,0.000000e+00
1.000000e+00,0.000000e+00,0.000000e+00,0.000000e+00,0.000000e+00,0.000000e+00,0.000000e+00,0.000000e+00,0.000000e+00,0.000000e+00,0.000000e+00,0.000000e+00,0.000000e+00,0.000000e+00,0.000000e+00
1.000000e+00,0.000000e+00,0.000000e+00,0.000000e+00,0.000000e+00,0.000000e+00,0.000000e+00,0.000000e+00,0.000000e+00,0.000000e+00,0.000000e+00,0.000000e+00,0.000000e+00,0.000000e+00,0.000000e+00
1.000000e+00,0.000000e+00,0.000000e+00,0.000000e+00,0.000000e+00,0.000000e+00,0.000000e+00,0.000000e+00,0.000000e+00,0.000000e+00,0.000000e+00,0.000000e+00,0.000000e+00,0.000000e+00,0.000000e+00
1.000000e+00,0.000000e+00,0.000000e+00,0.000000e+00,0.000000e+00,0.000000e+00,0.000000e+00,0.000000e+00,0.000000e+00,0.000000e+00,0.000000e+00,0.000000e+00,0.000000e+00,0.000000e+00,0.000000e+00
1.000000e+00,0.000000e+00,0.000000e+00,0.000000e+00,0.000000e+00,0.000000e+00,0.000000e+00,0.000000e+00,0.000000e+00,0.000000e+00,0.000000e+00,0.000000e+00,0.000000e+00,0.000000e+00,0.000000e+00
1.000000e+00,0.000000e+00,0.000000e+00,0.000000e+00,0.000000e+00,0.000000e+00,0.000000e+00,0.000000e+00,0.000000e+00,0.000000e+00,0.000000e+00,0.000000e+00,0.000000e+00,0.000000e+00,0.000000e+00
1.000000e+00,0.000000e+00,0.000000e+00,0.000000e+00,0.000000e+00,0.000000e+00,0.000000e+00,0.000000e+00,0.000000e+00,0.000000e+00,0.000000e+00,0.000000e+00,0.000000e+00,0.000000e+00,0.000000e+00
1.000000e+00,0.000000e+00,0.000000e+00,0.000000e+00,0.000000e+00,0.000000e+00,0.000000e+00,0.000000e+00,0.000000e+00,0.000000e+00,0.000000e+00,0.000000e+00,0.000000e+00,0.000000e+00,0.000000e+00
1.000000e+00,0.000000e+00,0.000000e+00,0.000000e+00,0.000000e+00,0.000000e+00,0.000000e+00,0.000000e+00,0.000000e+00,0.000000e+00,0.000000e+00,0.000000e+00,0.000000e+00,0.000000e+00,0.000000e+00
1.000000e+00,0.000000e+00,0.000000e+00,0.000000e+00,0.000000e+00,0.000000e+00,0.000000e+00,0.000000e+00,0.000000e+00,0.000000e+00,0.000000e+00,0.000000e+00,0.000000e+00,0.000000e+00,0.000000e+00
1.000000e+00,0.000000e+00,0.000000e+00,0.000000e+00,0.000000e+00,0.000000e+00,0.000000e+00,0.000000e+00,0.000000e+00,0.000000e+00,0.000000e+00,0.000000e+00,0.000000e+00,0.000000e+00,0.000000e+00
1.000000e+00,0.000000e+00,0.000000e+00,0.000000e+00,0.000000e+00,0.000000e+00,0.000000e+00,0.000000e+00,0.000000e+00,0.000000e+00,0.000000e+00,0.000000e+00,0.000000e+00,0.000000e+00,0.000000e+00
1.000000e+00,0.000000e+00,0.000000e+00,0.000000e+00,0.000000e+00,0.000000e+00,0.000000e+00,0.000000e+00,0.000000e+00,0.000000e+00,0.000000e+00,0.000000e+00,0.000000e+00,0.000000e+00,0.000000e+00
1.000000e+00,0.000000e+00,0.000000e+00,0.000000e+00,0.000000e+00,0.000000e+00,0.000000e+00,0.000000e+00,0.000000e+00,0.000000e+00,0.000000e+00,0.000000e+00,0.000000e+00,0.000000e+00,0.000000e+00
1.000000e+00,0.000000e+00,0.000000e+00,0.000000e+00,0.000000e+00,0.000000e+00,0.000000e+00,0.000000e+00,0.000000e+00,0.000000e+00,0.000000e+00,0.000000e+00,0.000000e+00,0.000000e+00,0.000000e+00
1.000000e+00,0.000000e+00,0.000000e+00,0.000000e+00,0.000000e+00,0.000000e+00,0.000000e+00,0.000000e+00,0.000000e+00,0.000000e+00,0.000000e+00,0.000000e+00,0.000000e+00,0.000000e+00,0.000000e+00
1.000000e+00,0.000000e+00,0.000000e+00,0.000000e+00,0.000000e+00,0.000000e+00,0.000000e+00,0.000000e+00,0.000000e+00,0.000000e+00,0.000000e+00,0.000000e+00,0.000000e+00,0.000000e+00,0.000000e+00
1.000000e+00,0.000000e+00,0.000000e+00,0.000000e+00,0.000000e+00,0.000000e+00,0.000000e+00,0.000000e+00,0.000000e+00,0.000000e+00,0.000000e+00,0.000000e+00,0.000000e+00,0.000000e+00,0.000000e+00
1.000000e+00,0.000000e+00,0.000000e+00,0.000000e+00,0.000000e+00,0.000000e+00,0.000000e+00,0.000000e+00,0.000000e+00,0.000000e+00,0.000000e+00,0.000000e+00,0.000000e+00,0.000000e+00,0.000000e+00
1.000000e+00,0.000000e+00,0.000000e+00,0.000000e+00,0.000000e+00,0.000000e+00,0.000000e+00,0.000000e+00,0.000000e+00,0.000000e+00,0.000000e+00,0.000000e+00,0.000000e+00,0.000000e+00,0.000000e+00
1.000000e+00,0.000000e+00,0.000000e+00,0.000000e+00,0.000000e+00,0.000000e+00,0.000000e+00,0.000000e+00,0.000000e+00,0.000000e+00,0.000000e+00,0.000000e+00,0.000000e+00,0.000000e+00,0.000000e+00
1.000000e+00,0.000000e+00,0.000000e+00,0.000000e+00,0.000000e+00,0.000000e+00,0.000000e+00,0.000000e+00,0.000000e+00,0.000000e+00,0.000000e+00,0.000000e+00,0.000000e+00,0.000000e+00,0.000000e+00
1.000000e+00,0.000000e+00,0.000000e+00,0.000000e+00,0.000000e+00,0.000000e+00,0.000000e+00,0.000000e+00,0.000000e+00,0.000000e+00,0.000000e+00,0.000000e+00,0.000000e+00,0.000000e+00,0.000000e+00
1.000000e+00,0.000000e+00,0.000000e+00,0.000000e+00,0.000000e+00,0.000000e+00,0.000000e+00,0.000000e+00,0.000000e+00,0.000000e+00,0.000000e+00,0.000000e+00,0.000000e+00,0.000000e+00,0.000000e+00
1.000000e+00,0.000000e+00,0.000000e+00,0.000000e+00,0.000000e+00,0.000000e+00,0.000000e+00,0.000000e+00,0.000000e+00,0.000000e+00,0.000000e+00,0.000000e+00,0.000000e+00,0.000000e+00,0.000000e+00
1.000000e+00,0.000000e+00,0.000000e+00,0.000000e+00,0.000000e+00,0.000000e+00,0.000000e+00,0.000000e+00,0.000000e+00,0.000000e+00,0.000000e+00,0.000000e+00,0.000000e+00,0.000000e+00,0.000000e+00
1.000000e+00,0.000000e+00,0.000000e+00,0.000000e+00,0.000000e+00,0.000000e+00,0.000000e+00,0.000000e+00,0.000000e+00,0.000000e+00,0.000000e+00,0.000000e+00,0.000000e+00,0.000000e+00,0.000000e+00
4.875259e-01,3.528997e-02,1.068563e-02,7.333976e-02,1.735519e-02,8.172926e-02,2.577670e-02,1.712613e-02,2.094873e-02,3.436806e-03,7.094724e-03,9.852401e-02,9.558479e-02,1.725618e-03,2.385680e-02
4.205295e-01,4.297607e-02,1.116301e-02,9.119633e-02,1.992355e-02,7.862546e-02,2.418267e-02,1.707074e-02,2.278912e-02,3.639986e-03,8.579968e-03,1.186508e-01,1.100347e-01,2.204486e-03,2.843362e-02
3.168092e-01,6.882905e-02,2.553196e-02,1.976953e-01,2.118904e-02,6.110275e-02,2.002314e-02,2.423684e-02,1.930480e-02,2.978616e-03,8.590305e-03,1.130369e-01,9.022619e-02,2.116698e-03,2.832930e-02
3.095977e-01,6.941183e-02,2.081168e-02,1.937082e-01,2.602375e-02,5.303563e-02,1.808160e-02,2.032728e-02,2.850508e-02,3.067104e-03,1.135891e-02,1.188415e-01,9.527484e-02,3.039512e-03,2.891553e-02
2.499014e-01,8.576225e-02,3.293035e-02,2.354060e-01,2.791788e-02,4.535740e-02,1.484543e-02,2.015479e-02,2.528311e-02,3.017939e-03,1.609603e-02,1.255932e-01,8.262544e-02,3.679568e-03,3.142917e-02
3.132067e-01,7.807306e-02,2.616931e-02,2.019444e-01,3.016496e-02,4.237000e-02,1.397207e-02,1.765651e-02,2.707388e-02,3.026887e-03,1.666163e-02,1.149033e-01,7.872672e-02,4.270718e-03,3.177994e-02
3.073925e-01,6.998191e-02,3.269830e-02,1.800549e-01,3.796097e-02,4.798139e-02,1.566109e-02,2.416570e-02,2.563257e-02,3.196005e-03,1.890414e-02,1.218670e-01,7.245861e-02,5.304412e-03,3.674050e-02
3.625674e-01,6.183548e-02,2.697272e-02,1.479589e-01,3.545775e-02,4.458969e-02,1.479263e-02,2.081564e-02,2.665506e-02,3.951738e-03,2.276805e-02,1.094619e-01,6.879918e-02,8.795425e-03,4.457839e-02
4.392328e-01,5.323049e-02,2.277656e-02,1.209987e-01,3.146769e-02,4.245130e-02,1.329124e-02,1.783069e-02,2.442159e-02,4.058822e-03,2.257590e-02,9.235208e-02,6.154579e-02,8.487788e-03,4.527853e-02
1.000000e+00,0.000000e+00,0.000000e+00,0.000000e+00,0.000000e+00,0.000000e+00,0.000000e+00,0.000000e+00,0.000000e+00,0.000000e+00,0.000000e+00,0.000000e+00,0.000000e+00,0.000000e+00,0.000000e+00
1.000000e+00,0.000000e+00,0.000000e+00,0.000000e+00,0.000000e+00,0.000000e+00,0.000000e+00,0.000000e+00,0.000000e+00,0.000000e+00,0.000000e+00,0.000000e+00,0.000000e+00,0.000000e+00,0.000000e+00
1.000000e+00,0.000000e+00,0.000000e+00,0.000000e+00,0.000000e+00,0.000000e+00,0.000000e+00,0.000000e+00,0.000000e+00,0.000000e+00,0.000000e+00,0.000000e+00,0.000000e+00,0.000000e+00,0.000000e+00
1.000000e+00,0.000000e+00,0.000000e+00,0.000000e+00,0.000000e+00,0.000000e+00,0.000000e+00,0.000000e+00,0.000000e+00,0.000000e+00,0.000000e+00,0.000000e+00,0.000000e+00,0.000000e+00,0.000000e+00
1.000000e+00,0.000000e+00,0.000000e+00,0.000000e+00,0.000000e+00,0.000000e+00,0.000000e+00,0.000000e+00,0.000000e+00,0.000000e+00,0.000000e+00,0.000000e+00,0.000000e+00,0.000000e+00,0.000000e+00
1.000000e+00,0.000000e+00,0.000000e+00,0.000000e+00,0.000000e+00,0.000000e+00,0.000000e+00,0.000000e+00,0.000000e+00,0.000000e+00,0.000000e+00,0.000000e+00,0.000000e+00,0.000000e+00,0.000000e+00
4.547038e-01,2.329599e-02,5.076054e-02,6.972268e-02,8.073107e-03,1.552364e-02,6.524719e-03,2.768669e-01,8.056086e-03,1.757277e-03,1.337098e-02,2.628856e-02,1.924654e-02,5.904854e-03,1.990419e-02
4.655272e-01,1.748233e-02,4.567201e-02,5.294606e-02,6.787959e-03,1.479921e-02,6.695828e-03,3.168780e-01,5.886509e-03,1.379943e-03,1.023598e-02,2.072752e-02,1.541143e-02,4.538620e-03,1.503138e-02
3.469104e-01,1.263303e-02,6.697413e-02,5.409723e-02,5.275896e-03,1.162633e-02,5.309855e-03,4.442928e-01,4.187383e-03,1.048295e-03,7.434678e-03,1.493920e-02,1.117626e-02,3.325437e-03,1.076908e-02
2.773593e-01,8.988170e-03,6.385979e-02,4.799609e-02,4.150329e-03,9.388363e-03,4.366098e-03,5.452170e-01,3.007565e-03,8.575799e-04,5.458401e-03,1.083976e-02,8.356824e-03,2.436435e-03,7.718288e-03
2.931959e-01,6.594904e-03,5.078049e-02,3.633912e-02,4.353648e-03,8.954176e-03,4.111147e-03,5.547095e-01,3.382675e-03,1.652654e-03,7.469918e-03,9.236508e-03,1.061958e-02,2.322729e-03,6.276999e-03
3.465405e-01,5.505641e-03,3.707945e-02,2.767684e-02,4.009490e-03,8.776395e-03,3.117243e-03,4.838362e-01,4.633797e-03,2.164534e-03,1.344777e-02,1.317713e-02,4.160350e-02,2.601692e-03,5.829794e-03
2.828464e-01,1.025568e-02,3.542933e-02,1.231670e-01,5.668678e-03,8.223050e-03,2.339388e-03,3.680520e-01,4.957975e-02,1.486642e-02,1.586000e-02,1.454548e-02,4.948343e-02,2.996075e-03,1.668721e-02
2.035256e-01,9.675717e-03,2.806028e-02,1.511519e-01,5.506559e-03,6.515497e-03,1.819590e-03,2.626148e-01,7.767139e-02,1.491730e-02,4.835391e-02,1.300620e-02,1.467369e-01,2.885771e-03,2.755860e-02
1.511828e-01,1.440485e-02,2.586341e-02,1.764400e-01,4.994614e-03,7.293685e-03,1.513317e-03,1.889503e-01,1.396929e-01,2.146879e-02,4.907402e-02,1.045045e-02,1.301818e-01,3.031796e-03,7.545733e-02
1.142512e-01,4.321222e-02,2.629254e-02,1.900037e-01,3.900872e-03,9.874195e-03,1.288726e-03,1.335196e-01,1.407428e-01,1.956464e-02,4.450721e-02,1.581049e-02,1.186979e-01,3.939274e-03,1.343945e-01
9.314517e-02,3.321996e-02,2.084527e-02,1.648948e-01,6.488867e-03,1.222208e-02,2.211659e-03,9.570379e-02,2.248526e-01,1.473960e-02,6.271962e-02,2.323614e-02,1.305960e-01,5.742997e-03,1.093815e-01
7.518579e-02,2.524721e-02,1.567104e-02,1.645275e-01,9.942730e-03,1.261312e-02,4.013561e-03,6.854452e-02,2.155145e-01,1.132088e-02,9.529532e-02,2.352764e-02,1.434003e-01,6.769669e-03,1.284262e-01
6.210206e-02,2.242757e-02,1.199345e-02,1.280437e-01,9.263736e-03,1.668989e-02,3.774070e-03,5.026026e-02,2.152861e-01,9.150861e-03,8.493649e-02,2.379270e-02,1.307754e-01,1.982355e-02,2.116801e-01
6.690316e-02,2.272863e-02,1.406127e-02,1.542708e-01,1.030596e-02,1.772907e-02,3.530754e-03,3.901051e-02,2.357190e-01,7.785839e-03,6.780159e-02,2.336027e-02,1.251667e-01,2.154583e-02,1.900806e-01
1.332757e-01,2.223402e-02,1.612506e-02,1.288372e-01,1.456735e-02,2.217296e-02,3.391329e-03,2.885230e-02,1.948402e-01,8.178903e-03,6.329434e-02,3.245062e-02,1.093432e-01,2.181300e-02,2.006238e-01
1.974321e-01,2.199285e-02,4.052908e-02,1.285838e-01,2.764534e-02,2.076185e-02,4.526861e-03,2.197170e-02,1.738346e-01,6.639366e-03,5.076025e-02,2.929077e-02,1.003638e-01,1.739513e-02,1.582725e-01
2.486640e-01,1.774366e-02,3.235924e-02,1.059628e-01,3.177172e-02,2.029254e-02,4.404712e-03,1.637108e-02,1.424232e-01,5.849936e-03,5.307977e-02,3.037216e-02,1.452922e-01,1.501149e-02,1.304015e-01
2.914780e-01,1.609471e-02,3.303430e-02,9.894537e-02,3.825703e-02,1.802727e-02,5.402149e-03,1.764387e-02,1.191711e-01,5.591046e-03,5.791234e-02,3.417949e-02,1.527529e-01,1.244972e-02,9.906077e-02
2.567849e-01,1.228300e-02,2.772273e-02,7.367513e-02,3.570190e-02,1.524171e-02,4.779087e-03,1.452659e-02,9.379314e-02,6.575834e-03,6.230779e-02,5.209323e-02,2.582873e-01,1.067861e-02,7.554898e-02
3.030224e-01,1.039360e-02,2.520348e-02,6.340112e-02,3.373669e-02,2.300261e-02,6.096834e-03,1.567548e-02,7.627161e-02,5.575927e-03,5.340428e-02,7.613271e-02,2.443921e-01,8.408185e-03,5.528287e-02
2.266529e-01,9.241478e-03,2.579356e-02,5.278194e-02,3.200667e-02,2.119950e-02,7.357088e-03,1.803719e-02,7.082832e-02,4.656360e-03,4.859684e-02,7.184855e-02,3.638568e-01,6.925610e-03,4.021714e-02
1.747277e-01,1.116265e-02,3.124746e-02,3.925863e-02,3.952171e-02,1.944874e-02,9.378000e-03,1.654192e-02,1.572884e-01,4.593549e-03,4.347167e-02,5.683577e-02,3.617519e-01,5.279680e-03,2.949216e-02
1.428460e-01,1.387842e-02,2.696308e-02,3.357422e-02,3.781138e-02,2.799184e-02,1.235676e-02,1.914208e-02,1.779529e-01,4.874566e-03,3.812744e-02,6.534941e-02,3.686003e-01,4.188479e-03,2.634308e-02
1.441536e-01,1.353734e-02,2.379584e-02,3.395927e-02,5.267420e-02,3.766077e-02,1.139187e-02,2.633725e-02,1.766157e-01,4.421545e-03,3.368258e-02,5.737418e-02,3.607957e-01,3.312993e-03,2.028714e-02
1.358018e-01,1.013551e-02,1.929103e-02,2.610902e-02,4.769709e-02,3.348394e-02,1.309062e-02,7.900535e-02,1.530117e-01,4.751806e-03,3.009690e-02,6.153903e-02,3.649794e-01,3.979180e-03,1.702762e-02
1.465309e-01,7.649515e-03,2.680451e-02,3.218108e-02,4.517737e-02,3.272437e-02,1.143954e-02,1.449835e-01,1.238956e-01,4.100546e-03,3.399831e-02,5.143151e-02,3.220780e-01,3.196581e-03,1.380857e-02
2.148112e-01,6.771866e-03,2.179082e-02,6.881285e-02,8.707948e-02,2.750727e-02,1.382986e-02,1.119857e-01,1.160343e-01,3.636925e-03,2.871830e-02,4.252028e-02,2.430187e-01,2.734099e-03,1.074826e-02
2.574142e-01,5.977740e-03,1.854149e-02,1.424842e-01,1.079003e-01,2.648720e-02,1.599745e-02,8.063948e-02,9.072492e-02,3.141244e-03,2.490400e-02,3.381611e-02,1.803122e-01,2.621305e-03,9.038044e-03
2.801326e-01,4.839475e-03,1.402625e-02,2.214623e-01,1.246377e-01,2.143440e-02,1.694591e-02,5.802997e-02,6.620614e-02,2.588374e-03,2.145367e-02,2.632412e-02,1.327258e-01,1.998796e-03,7.194457e-03
2.528776e-01,4.232511e-03,1.125376e-02,3.220273e-01,1.373118e-01,1.823540e-02,2.275591e-02,4.321977e-02,4.839653e-02,2.050283e-03,1.613662e-02,1.933635e-02,9.519424e-02,1.482933e-03,5.488945e-03
2.157818e-01,3.725685e-03,9.954534e-03,4.084404e-01,1.512439e-01,1.440635e-02,2.184755e-02,3.617814e-02,3.622572e-02,1.860770e-03,1.232427e-02,1.412899e-02,6.873223e-02,1.121927e-03,4.027714e-03
2.351344e-01,4.665434e-03,8.531312e-03,4.128029e-01,1.483817e-01,2.069097e-02,2.091691e-02,2.738007e-02,3.889531e-02,1.747904e-03,1.149145e-02,1.181430e-02,5.339256e-02,9.446602e-04,3.210015e-03
1.823010e-01,6.375440e-03,8.968815e-03,4.769891e-01,1.645285e-01,1.843818e-02,2.103125e-02,2.697147e-02,3.072369e-02,1.503278e-03,8.833522e-03,9.738100e-03,4.015636e-02,8.013747e-04,2.639917e-03
1.681596e-01,8.465388e-03,8.231443e-03,4.623807e-01,2.066797e-01,2.112999e-02,2.117800e-02,2.357516e-02,2.876553e-02,1.363665e-03,7.876090e-03,8.270646e-03,3.077442e-02,7.038891e-04,2.445748e-03
1.969498e-01,1.371875e-02,8.471960e-03,3.850514e-01,2.389395e-01,3.897610e-02,2.191438e-02,1.962783e-02,2.573177e-02,1.421258e-03,8.871512e-03,8.419338e-03,2.836554e-02,8.924386e-04,2.648441e-03
1.666956e-01,1.745243e-02,7.902873e-03,4.701209e-01,1.983313e-01,3.174642e-02,1.652067e-02,2.078386e-02,1.970042e-02,2.053482e-03,1.400811e-02,7.948007e-03,2.293640e-02,1.408168e-03,2.391252e-03
1.646178e-01,1.639974e-02,9.078377e-03,4.246753e-01,1.964833e-01,4.832353e-02,1.456908e-02,6.254177e-02,1.597892e-02,2.533332e-03,1.352234e-02,6.941827e-03,1.972065e-02,2.144844e-03,2.469090e-03
1.687234e-01,1.480629e-02,7.987747e-03,4.050238e-01,1.776795e-01,6.981508e-02,1.206592e-02,6.007649e-02,2.406070e-02,3.601161e-03,1.500826e-02,6.269525e-03,2.799473e-02,2.820532e-03,4.066893e-03
1.228885e-01,1.223419e-02,6.450067e-03,3.688118e-01,1.284343e-01,5.737005e-02,9.291636e-03,4.283716e-02,1.434012e-01,2.474281e-02,3.108862e-02,5.218369e-03,3.800769e-02,2.578057e-03,6.645447e-03
9.149578e-02,1.017802e-02,5.475025e-03,2.750892e-01,9.267168e-02,4.709785e-02,9.366021e-03,3.083377e-02,1.995752e-01,2.664976e-02,4.193217e-02,4.937112e-03,1.541257e-01,2.055548e-03,8.517101e-03
6.600296e-02,7.501436e-03,3.999175e-03,1.981517e-01,6.548581e-02,4.151700e-02,6.740300e-03,2.186302e-02,1.527216e-01,1.940992e-02,3.099939e-02,4.512468e-03,3.708685e-01,1.499774e-03,8.726881e-03
5.060139e-02,6.098963e-03,2.969564e-03,1.420804e-01,4.636926e-02,3.450236e-02,5.166847e-03,1.545667e-02,1.658171e-01,1.432888e-02,2.223785e-02,3.928410e-03,4.776815e-01,1.120812e-03,1.163993e-02
4.172365e-02,8.142487e-03,5.551004e-03,1.097242e-01,3.357346e-02,2.694307e-02,4.343280e-03,1.116722e-02,2.207265e-01,1.081776e-02,1.635379e-02,3.595219e-03,4.822155e-01,9.470408e-04,2.417580e-02
3.825529e-02,9.520558e-03,4.834054e-03,8.341223e-02,2.425923e-02,3.068805e-02,3.446467e-03,8.186680e-03,1.906630e-01,8.109685e-03,1.241217e-02,3.483158e-03,5.543615e-01,7.999529e-04,2.756793e-02
6.859726e-02,7.838170e-03,3.632774e-03,5.979114e-02,1.761049e-02,4.126693e-02,4.106450e-03,7.100321e-03,1.392149e-01,6.249012e-03,1.691175e-02,7.199707e-03,5.545850e-01,1.200224e-03,6.469586e-02
8.742562e-02,6.654478e-03,3.505171e-03,4.408867e-02,1.298330e-02,5.172017e-02,4.699707e-03,5.341281e-03,1.021023e-01,4.497304e-03,1.261857e-02,9.096120e-03,6.013730e-01,9.463318e-04,5.294788e-02
1.136461e-01,5.236391e-03,3.161657e-03,3.221049e-02,9.606010e-03,6.630228e-02,4.899537e-03,3.979101e-03,7.534102e-02,3.261928e-03,9.629081e-03,9.882251e-03,6.179483e-01,7.378063e-04,4.415802e-02
8.646754e-02,3.955613e-03,2.572451e-03,2.279440e-02,9.956287e-03,4.901058e-02,3.695192e-03,2.930205e-03,5.411804e-02,2.358500e-03,7.299197e-03,1.133667e-02,7.046728e-01,5.423640e-04,3.829012e-02
6.717245e-02,3.088426e-03,2.123998e-03,1.629385e-02,9.101262e-03,3.656419e-02,3.032098e-03,2.189358e-03,3.917034e-02,1.744863e-03,5.700281e-03,1.423950e-02,7.661138e-01,4.597977e-04,3.300577e-02
5.373085e-02,2.727229e-03,2.267226e-03,1.277973e-02,1.359743e-02,2.799171e-02,2.707294e-03,2.295685e-03,3.115241e-02,1.417151e-03,4.946696e-03,1.790831e-02,8.010040e-01,5.031901e-04,2.497111e-02
4.144020e-02,3.695490e-03,3.718756e-03,9.062968e-03,1.551714e-02,3.082904e-02,2.466816e-03,2.216242e-03,2.431684e-02,1.115890e-03,3.820241e-03,2.349252e-02,8.187908e-01,4.830770e-04,1.903407e-02
3.569122e-02,4.276366e-03,1.327370e-02,7.281999e-03,1.830490e-02,4.865316e-02,2.799001e-03,2.559239e-03,2.214795e-02,1.524172e-03,4.235082e-03,2.587407e-02,7.969730e-01,1.030919e-03,1.537531e-02
3.778003e-02,4.173817e-03,1.474709e-02,6.145644e-03,2.115123e-02,4.134698e-02,2.486216e-03,2.803586e-03,2.094671e-02,2.284378e-03,5.221470e-03,2.909406e-02,7.982566e-01,1.274897e-03,1.228732e-02
3.366536e-02,3.496186e-03,1.065636e-02,4.551660e-03,2.091158e-02,3.040434e-02,2.029885e-03,2.367152e-03,1.871205e-02,2.439354e-03,4.575150e-03,3.603567e-02,8.202143e-01,9.948792e-04,8.946105e-03
3.370063e-02,3.972371e-03,1.010906e-02,4.095228e-03,3.874607e-02,2.501737e-02,4.473947e-03,7.766717e-03,3.284808e-02,5.360628e-03,4.446439e-03,5.143715e-02,7.621467e-01,1.050679e-03,1.482896e-02
2.763358e-02,3.544667e-03,1.309155e-02,3.247621e-03,3.550106e-02,1.895232e-02,3.956099e-03,8.081850e-03,2.435889e-02,5.230730e-03,4.550842e-03,5.710253e-02,7.456785e-01,1.418763e-03,4.765090e-02
2.541549e-02,3.353550e-03,1.715441e-02,2.761159e-03,2.868371e-02,1.467067e-02,3.301914e-03,7.382684e-03,1.788177e-02,5.122120e-03,5.285997e-03,5.567666e-02,7.170302e-01,1.555024e-03,9.472463e-02
2.003732e-02,2.850803e-03,7.342435e-02,2.394493e-03,2.818706e-02,1.075625e-02,2.598722e-02,4.572142e-02,1.419299e-02,6.365029e-03,4.594646e-03,4.344238e-02,5.910999e-01,1.667334e-03,1.292788e-01
2.560207e-02,2.755145e-03,5.917899e-02,2.135637e-03,2.452055e-02,8.575628e-03,2.230327e-02,4.142768e-02,1.194712e-02,6.079097e-03,3.729851e-03,3.494950e-02,5.278010e-01,1.617549e-03,2.273769e-01
4.821283e-02,2.512144e-03,1.070910e-01,2.539092e-03,1.919421e-02,8.640029e-03,2.163909e-02,3.414249e-02,9.568758e-03,5.583184e-03,2.806563e-03,2.618726e-02,4.316611e-01,1.656561e-03,2.785658e-01
6.245472e-02,2.354280e-03,2.524147e-01,2.034198e-03,1.741509e-02,1.242100e-02,4.637952e-02,3.079120e-02,7.877363e-03,4.432823e-03,2.028918e-03,1.867820e-02,3.154638e-01,1.280193e-03,2.239740e-01
5.691918e-02,1.789032e-03,2.379000e-01,1.651932e-03,1.409859e-02,1.069038e-02,2.378964e-01,3.014921e-02,5.980190e-03,3.286497e-03,1.438623e-03,1.313512e-02,2.223319e-01,9.275505e-04,1.618054e-01
4.633133e-02,1.451732e-03,1.752162e-01,1.630412e-03,1.073683e-02,8.593116e-03,4.281619e-01,3.304685e-02,4.862341e-03,2.579482e-03,1.028484e-03,9.230292e-03,1.570022e-01,6.618378e-04,1.194670e-01
3.701816e-02,1.179119e-03,1.287843e-01,2.889660e-03,1.049586e-02,6.636770e-03,5.353262e-01,6.304263e-02,4.185078e-03,1.918627e-03,7.513373e-04,6.481903e-03,1.109774e-01,4.743889e-04,8.983850e-02
2.628547e-02,8.574870e-04,9.128201e-02,2.679785e-03,1.037996e-02,4.839933e-03,6.462643e-01,6.400324e-02,3.137758e-03,1.355494e-03,5.403847e-04,4.541398e-03,7.893761e-02,3.384169e-04,6.455673e-02
1.869780e-02,6.168391e-04,6.420977e-02,2.017366e-03,8.205904e-03,3.517462e-03,7.118356e-01,8.191903e-02,2.723075e-03,9.627869e-04,3.967134e-04,3.183170e-03,5.580557e-02,2.413311e-04,4.566758e-02
1.330823e-02,4.449174e-04,4.520423e-02,1.564357e-03,6.692434e-03,2.615805e-03,7.736346e-01,7.883929e-02,2.114362e-03,6.852887e-04,2.874690e-04,2.231923e-03,4.005968e-02,1.739097e-04,3.214345e-02
9.880673e-03,3.204568e-04,3.201504e-02,1.261070e-03,4.862468e-03,1.958079e-03,8.200462e-01,7.450286e-02,1.580686e-03,4.984405e-04,2.259217e-04,1.578184e-03,2.856318e-02,1.279798e-04,2.257874e-02
9.107614e-03,2.835859e-04,2.292219e-02,1.107681e-03,3.577918e-03,1.561461e-03,8.426822e-01,7.885090e-02,1.242075e-03,4.034598e-04,1.764058e-04,1.145520e-03,2.084061e-02,1.242674e-04,1.597405e-02
7.691191e-03,3.515246e-04,1.665322e-02,1.270788e-03,3.053116e-03,1.498475e-03,8.700018e-01,6.909598e-02,9.216287e-04,7.445269e-04,2.653254e-04,9.008324e-04,1.565619e-02,1.177071e-04,1.177769e-02
8.985701e-03,5.884874e-04,1.313261e-02,1.623844e-03,5.820575e-03,2.457683e-03,8.565213e-01,7.590775e-02,8.314835e-04,9.670898e-03,5.598819e-04,7.405702e-04,1.235862e-02,2.194381e-04,1.058111e-02
9.054903e-03,8.407593e-04,9.929212e-03,1.398436e-03,8.072127e-03,3.689776e-03,8.277937e-01,7.343361e-02,7.142319e-04,3.442252e-02,1.328350e-03,6.626432e-04,1.092177e-02,4.603002e-04,1.727766e-02
7.213574e-03,6.950650e-04,7.109724e-03,1.001446e-03,7.225587e-03,3.464244e-03,6.058695e-01,5.397277e-02,1.142627e-03,1.888067e-01,3.178156e-03,5.605458e-04,1.104833e-02,3.037705e-03,1.056741e-01
5.369100e-03,5.366460e-04,5.054368e-03,7.062153e-04,5.575379e-03,2.843512e-03,4.459870e-01,3.931476e-02,1.136451e-03,3.459057e-01,2.794043e-03,4.446048e-04,8.326432e-03,6.696029e-03,1.293097e-01
4.207638e-03,4.104339e-04,3.580080e-03,4.993608e-04,4.354980e-03,2.472503e-03,3.226517e-01,2.794242e-02,1.248097e-03,3.610852e-01,2.852055e-03,3.622623e-04,7.320368e-03,1.331535e-02,2.476976e-01
3.152041e-03,3.145624e-04,2.858826e-03,3.547024e-04,3.764954e-03,2.198631e-03,2.279507e-01,1.961754e-02,1.145736e-03,3.422119e-01,2.712244e-03,3.375045e-04,6.340394e-03,3.263301e-02,3.544072e-01
2.528782e-03,2.440001e-04,2.308542e-03,2.495710e-04,4.069041e-03,1.873432e-03,1.619536e-01,1.379116e-02,1.025208e-03,2.893074e-01,2.526301e-03,2.666511e-04,4.993101e-03,1.340478e-01,3.808153e-01
2.015850e-03,1.897624e-04,1.714183e-03,1.753876e-04,3.303381e-03,1.557236e-03,1.139831e-01,9.669811e-03,1.265717e-03,2.122403e-01,2.053746e-03,1.950287e-04,4.224475e-03,3.114550e-01,3.359569e-01
1.608845e-03,1.580670e-04,1.409461e-03,1.238138e-04,2.468511e-03,1.408625e-03,8.021636e-02,6.779138e-03,1.919877e-03,1.658327e-01,1.738297e-03,1.531804e-04,3.849039e-03,4.295997e-01,3.027343e-01
1.882182e-03,4.262789e-04,1.960277e-03,1.074815e-04,1.902052e-03,3.817204e-03,5.626021e-02,4.751082e-03,8.025216e-03,1.523145e-01,5.596511e-03,7.287135e-04,4.264461e-03,4.691958e-01,2.887679e-01
2.134509e-03,4.477565e-04,1.579918e-03,8.388306e-05,1.515009e-03,3.088637e-03,3.947392e-02,3.329698e-03,4.371664e-02,1.236907e-01,1.281378e-02,6.655666e-04,3.377076e-03,3.668699e-01,3.972129e-01
2.003601e-03,5.357791e-04,1.347867e-03,7.556831e-05,1.243227e-03,2.353397e-03,2.766828e-02,2.334589e-03,1.447056e-01,9.929246e-02,1.572490e-02,5.820141e-04,2.632100e-03,2.806743e-01,4.188263e-01
1.991389e-03,1.238805e-03,4.024141e-03,2.322949e-04,1.414895e-03,1.939386e-03,1.941557e-02,1.799328e-03,2.338184e-01,1.085369e-01,1.846302e-02,4.885838e-04,2.111093e-03,2.026862e-01,4.018400e-01
2.870324e-03,4.121339e-03,2.972406e-02,8.815820e-04,2.327850e-03,2.472312e-03,1.368825e-02,1.505881e-03,3.015433e-01,1.283810e-01,2.079870e-02,5.451688e-04,1.906988e-03,1.472327e-01,3.420005e-01
1.220626e-02,1.432368e-02,1.176635e-01,1.571547e-03,8.662609e-03,4.988075e-03,9.869448e-03,1.634063e-03,3.136955e-01,1.218329e-01,1.660853e-02,5.051258e-04,1.505051e-03,1.104320e-01,2.645017e-01
1.849872e-02,5.299734e-02,2.125345e-01,6.225265e-03,4.079793e-02,5.738337e-03,8.068373e-03,2.859457e-03,2.486043e-01,1.005525e-01,1.222636e-02,4.319610e-04,1.220867e-03,7.775316e-02,2.114908e-01
3.068679e-02,5.272749e-02,2.792380e-01,6.075194e-03,4.168479e-02,6.105448e-03,6.216017e-03,3.330864e-03,1.938155e-01,1.164590e-01,8.840965e-03,3.350953e-04,9.453053e-04,5.537886e-02,1.981607e-01
5.033445e-02,7.120377e-02,3.176165e-01,9.073891e-03,4.192587e-02,1.057923e-02,4.565677e-03,5.412990e-03,1.526994e-01,1.052890e-01,6.637919e-03,2.934335e-04,8.520668e-04,4.103250e-02,1.824831e-01
6.721930e-02,6.426415e-02,3.644965e-01,1.598204e-02,4.190862e-02,1.030506e-02,3.306656e-03,7.840523e-03,1.184922e-01,9.821115e-02,5.252755e-03,3.068946e-04,7.828149e-04,3.165462e-02,1.699766e-01
7.030354e-02,9.241056e-02,3.421714e-01,3.765816e-02,3.657622e-02,8.030986e-03,2.404983e-03,8.236028e-03,9.636533e-02,8.032549e-02,4.343120e-03,5.668318e-04,8.020107e-04,2.413307e-02,1.956722e-01
7.045784e-02,6.558111e-02,4.092922e-01,8.158128e-02,3.026401e-02,6.515288e-03,1.811122e-03,1.578693e-02,9.084912e-02,6.062910e-02,3.489653e-03,7.687630e-04,7.977057e-04,1.745281e-02,1.447230e-01
8.575478e-02,4.654520e-02,4.086012e-01,1.282573e-01,2.774200e-02,5.472581e-03,1.480884e-03,4.574560e-02,8.436957e-02,4.454244e-02,3.038470e-03,9.521328e-04,7.204654e-04,1.302155e-02,1.037557e-01
1.176200e-01,3.346628e-02,4.165263e-01,1.265794e-01,2.191516e-02,4.902243e-03,1.834571e-03,7.143068e-02,8.328640e-02,3.264713e-02,2.737027e-03,1.364874e-03,6.769035e-04,1.044811e-02,7.456475e-02
1.473613e-01,2.457671e-02,4.514090e-01,1.089567e-01,1.710819e-02,4.262067e-03,2.322252e-03,8.460597e-02,6.857824e-02,2.384062e-02,2.210460e-03,1.482123e-03,6.460901e-04,8.524261e-03,5.411596e-02
1.955317e-01,1.829957e-02,4.221658e-01,1.096037e-01,1.233866e-02,4.258011e-03,2.523215e-03,1.153369e-01,5.019487e-02,1.723538e-02,1.946000e-03,2.870272e-03,1.059769e-03,7.231888e-03,3.940428e-02
3.415481e-01,1.397088e-02,3.389013e-01,8.262103e-02,9.070609e-03,4.071353e-03,3.255358e-03,1.147532e-01,3.636685e-02,1.311563e-02,1.715315e-03,3.376446e-03,1.287129e-03,5.956660e-03,2.999008e-02
4.812670e-01,1.254539e-02,2.648738e-01,6.128173e-02,6.718890e-03,3.782428e-03,3.627383e-03,9.239136e-02,2.673281e-02,9.963704e-03,1.635498e-03,3.548505e-03,1.479727e-03,6.497930e-03,2.365378e-02
1.000000e+00,0.000000e+00,0.000000e+00,0.000000e+00,0.000000e+00,0.000000e+00,0.000000e+00,0.000000e+00,0.000000e+00,0.000000e+00,0.000000e+00,0.000000e+00,0.000000e+00,0.000000e+00,0.000000e+00
1.000000e+00,0.000000e+00,0.000000e+00,0.000000e+00,0.000000e+00,0.000000e+00,0.000000e+00,0.000000e+00,0.000000e+00,0.000000e+00,0.000000e+00,0.000000e+00,0.000000e+00,0.000000e+00,0.000000e+00
1.000000e+00,0.000000e+00,0.000000e+00,0.000000e+00,0.000000e+00,0.000000e+00,0.000000e+00,0.000000e+00,0.000000e+00,0.000000e+00,0.000000e+00,0.000000e+00,0.000000e+00,0.000000e+00,0.000000e+00
1.000000e+00,0.000000e+00,0.000000e+00,0.000000e+00,0.000000e+00,0.000000e+00,0.000000e+00,0.000000e+00,0.000000e+00,0.000000e+00,0.000000e+00,0.000000e+00,0.000000e+00,0.000000e+00,0.000000e+00
1.000000e+00,0.000000e+00,0.000000e+00,0.000000e+00,0.000000e+00,0.000000e+00,0.000000e+00,0.000000e+00,0.000000e+00,0.000000e+00,0.000000e+00,0.000000e+00,0.000000e+00,0.000000e+00,0.000000e+00
1.000000e+00,0.000000e+00,0.000000e+00,0.000000e+00,0.000000e+00,0.000000e+00,0.000000e+00,0.000000e+00,0.000000e+00,0.000000e+00,0.000000e+00,0.000000e+00,0.000000e+00,0.000000e+00,0.000000e+00
1.000000e+00,0.000000e+00,0.000000e+00,0.000000e+00,0.000000e+00,0.000000e+00,0.000000e+00,0.000000e+00,0.000000e+00,0.000000e+00,0.000000e+00,0.000000e+00,0.000000e+00,0.000000e+00,0.000000e+00
1.000000e+00,0.000000e+00,0.000000e+00,0.000000e+00,0.000000e+00,0.000000e+00,0.000000e+00,0.000000e+00,0.000000e+00,0.000000e+00,0.000000e+00,0.000000e+00,0.000000e+00,0.000000e+00,0.000000e+00
4.864668e-01,2.003754e-02,2.766838e-02,8.179452e-02,9.766478e-03,5.475637e-02,3.942543e-03,3.528703e-02,2.524620e-02,1.313950e-02,1.784242e-02,6.568596e-02,3.422909e-02,1.428410e-02,1.098531e-01
4.166505e-01,2.189587e-02,2.306135e-02,1.022797e-01,1.322395e-02,7.491039e-02,4.346415e-03,3.659280e-02,2.744479e-02,1.182478e-02,1.873969e-02,8.165644e-02,4.863418e-02,1.372311e-02,1.050161e-01
3.794583e-01,2.310016e-02,1.951854e-02,1.119563e-01,1.440144e-02,8.582943e-02,4.704782e-03,3.383137e-02,3.052454e-02,1.102947e-02,1.915785e-02,1.077228e-01,5.950771e-02,1.302485e-02,8.623248e-02
4.232176e-01,2.411523e-02,1.643611e-02,9.791952e-02,1.381945e-02,8.549463e-02,4.611233e-03,2.790169e-02,2.756955e-02,1.038088e-02,1.772779e-02,1.036020e-01,6.333669e-02,1.209639e-02,7.177130e-02
4.909926e-01,2.639152e-02,1.378294e-02,7.658406e-02,1.524488e-02,6.763854e-02,4.083759e-03,2.050738e-02,2.673710e-02,9.016855e-03,1.535627e-02,8.046824e-02,4.843453e-02,1.120310e-02,9.355816e-02
1.000000e+00,0.000000e+00,0.000000e+00,0.000000e+00,0.000000e+00,0.000000e+00,0.000000e+00,0.000000e+00,0.000000e+00,0.000000e+00,0.000000e+00,0.000000e+00,0.000000e+00,0.000000e+00,0.000000e+00
1.000000e+00,0.000000e+00,0.000000e+00,0.000000e+00,0.000000e+00,0.000000e+00,0.000000e+00,0.000000e+00,0.000000e+00,0.000000e+00,0.000000e+00,0.000000e+00,0.000000e+00,0.000000e+00,0.000000e+00
1.000000e+00,0.000000e+00,0.000000e+00,0.000000e+00,0.000000e+00,0.000000e+00,0.000000e+00,0.000000e+00,0.000000e+00,0.000000e+00,0.000000e+00,0.000000e+00,0.000000e+00,0.000000e+00,0.000000e+00
1.000000e+00,0.000000e+00,0.000000e+00,0.000000e+00,0.000000e+00,0.000000e+00,0.000000e+00,0.000000e+00,0.000000e+00,0.000000e+00,0.000000e+00,0.000000e+00,0.000000e+00,0.000000e+00,0.000000e+00
1.000000e+00,0.000000e+00,0.000000e+00,0.000000e+00,0.000000e+00,0.000000e+00,0.000000e+00,0.000000e+00,0.000000e+00,0.000000e+00,0.000000e+00,0.000000e+00,0.000000e+00,0.000000e+00,0.000000e+00
1.000000e+00,0.000000e+00,0.000000e+00,0.000000e+00,0.000000e+00,0.000000e+00,0.000000e+00,0.000000e+00,0.000000e+00,0.000000e+00,0.000000e+00,0.000000e+00,0.000000e+00,0.000000e+00,0.000000e+00
1.000000e+00,0.000000e+00,0.000000e+00,0.000000e+00,0.000000e+00,0.000000e+00,0.000000e+00,0.000000e+00,0.000000e+00,0.000000e+00,0.000000e+00,0.000000e+00,0.000000e+00,0.000000e+00,0.000000e+00
4.281305e-01,2.245602e-02,2.949397e-02,5.077046e-02,1.902486e-02,2.809573e-01,4.230564e-03,5.681088e-03,2.589077e-02,8.018752e-03,4.055226e-03,8.776628e-03,7.026271e-03,7.739305e-03,9.774832e-02
3.012562e-01,1.791243e-02,2.113046e-02,3.567194e-02,1.382971e-02,4.077786e-01,3.030191e-03,4.336401e-03,2.057688e-02,9.166176e-03,6.656946e-03,6.440364e-03,5.076805e-03,1.042960e-02,1.367073e-01
2.118182e-01,1.324146e-02,1.488858e-02,2.502151e-02,9.994262e-03,4.733514e-01,2.131051e-03,3.060663e-03,1.522537e-02,5.939705e-02,5.548358e-03,4.563739e-03,3.616750e-03,1.092280e-02,1.472188e-01
1.509968e-01,1.014692e-02,1.106768e-02,1.776200e-02,7.533011e-03,4.742965e-01,1.529863e-03,2.270010e-03,2.232889e-02,1.375781e-01,5.581628e-03,3.237746e-03,2.641451e-03,1.113125e-02,1.418981e-01
1.106232e-01,8.055072e-03,7.998423e-03,1.262479e-02,5.777838e-03,3.857201e-01,1.141635e-03,1.766497e-03,2.676580e-02,2.335449e-01,1.072879e-02,2.393344e-03,2.311123e-03,1.231071e-02,1.782378e-01
7.824977e-02,6.216729e-03,5.769491e-03,8.899879e-03,4.281551e-03,2.817070e-01,1.149766e-03,1.440081e-03,4.653482e-02,2.077079e-01,7.833937e-02,4.676613e-03,2.641802e-03,1.552437e-02,2.568608e-01
5.522556e-02,4.494370e-03,4.076680e-03,6.265198e-03,3.249366e-03,1.984902e-01,1.291951e-03,1.104388e-03,4.978468e-02,1.726032e-01,1.927236e-01,1.913306e-02,4.073894e-03,1.458636e-02,2.728976e-01
3.952949e-02,3.843568e-03,2.888022e-03,4.413452e-03,2.537836e-03,1.395735e-01,1.187015e-03,8.546390e-04,4.632936e-02,1.241634e-01,2.209591e-01,1.732683e-01,5.611866e-03,1.202796e-02,2.228125e-01
3.356390e-02,3.894479e-03,2.208132e-03,3.234605e-03,3.058687e-03,1.001003e-01,1.258992e-03,1.351286e-03,3.763375e-02,1.008556e-01,2.702261e-01,2.328681e-01,8.005165e-03,1.096758e-02,1.907733e-01
3.646343e-02,4.588624e-03,3.439425e-03,2.535477e-03,6.636449e-03,7.121688e-02,1.058402e-03,1.663216e-03,3.092707e-02,9.679620e-02,2.838005e-01,2.774280e-01,1.121001e-02,1.024126e-02,1.619950e-01
4.031456e-02,4.215083e-03,3.240271e-03,2.093840e-03,7.681677e-03,5.117999e-02,1.017537e-03,1.744896e-03,2.492187e-02,1.057517e-01,3.746946e-01,2.414863e-01,1.023190e-02,8.616375e-03,1.228094e-01
5.392167e-02,4.405888e-03,4.016923e-03,2.436228e-03,1.292043e-02,3.874372e-02,1.427419e-03,2.517134e-03,2.877025e-02,1.272921e-01,3.999643e-01,2.054662e-01,1.349416e-02,8.698892e-03,9.592474e-02
6.341349e-02,4.692672e-03,5.035329e-03,4.026720e-03,1.859553e-02,5.179441e-02,4.196151e-03,9.352466e-03,2.434921e-02,1.764468e-01,3.498004e-01,1.903179e-01,1.697737e-02,1.010414e-02,7.089750e-02
1.081966e-01,5.697128e-03,4.776126e-03,6.118910e-03,2.155601e-02,4.290181e-02,3.644382e-03,8.003036e-03,2.170162e-02,1.498906e-01,3.473737e-01,2.013463e-01,1.441878e-02,1.148939e-02,5.288572e-02
1.406016e-01,6.065876e-03,4.353832e-03,6.915564e-03,1.980206e-02,3.770388e-02,3.480105e-03,6.699553e-03,2.388239e-02,1.269165e-01,3.451411e-01,2.153934e-01,1.192820e-02,1.178142e-02,3.933442e-02
2.136751e-01,1.695192e-02,7.110438e-03,1.381430e-02,3.675556e-02,3.274116e-02,3.907303e-03,1.044860e-02,4.764899e-02,1.131039e-01,2.747239e-01,1.699756e-01,1.109604e-02,1.449976e-02,3.354741e-02
2.524612e-01,2.783917e-02,7.660658e-03,1.693459e-02,3.730703e-02,3.605634e-02,4.628985e-03,1.398437e-02,6.646705e-02,9.681216e-02,2.327325e-01,1.469328e-01,1.193485e-02,1.713388e-02,3.111438e-02
2.273828e-01,4.815876e-02,1.086813e-02,1.590103e-02,4.270223e-02,3.571283e-02,4.507737e-03,1.111213e-02,1.106410e-01,8.581954e-02,1.972686e-01,1.474101e-01,1.309189e-02,1.790094e-02,3.152229e-02
2.541473e-01,4.945897e-02,1.142659e-02,2.748998e-02,4.133294e-02,3.462345e-02,4.965091e-03,1.457051e-02,1.493936e-01,6.741195e-02,1.502963e-01,1.361686e-01,1.353555e-02,1.495202e-02,3.022705e-02
2.445452e-01,5.070622e-02,1.138267e-02,5.935849e-02,3.860795e-02,3.918261e-02,6.182034e-03,1.564138e-02,1.725011e-01,5.185362e-02,1.152115e-01,1.321501e-01,1.635965e-02,1.212871e-02,3.418878e-02
2.642732e-01,4.514198e-02,1.071208e-02,8.618490e-02,4.065909e-02,3.888196e-02,5.550100e-03,1.716358e-02,1.660722e-01,4.005365e-02,1.070090e-01,1.186761e-01,1.676245e-02,1.053658e-02,3.232312e-02
2.759688e-01,4.042567e-02,9.226204e-03,9.410551e-02,4.420059e-02,3.379853e-02,4.415110e-03,1.336708e-02,1.542163e-01,3.048671e-02,1.254146e-01,1.114854e-01,1.655711e-02,9.221461e-03,3.711092e-02
2.531880e-01,3.429114e-02,7.506929e-03,7.136568e-02,5.360855e-02,2.674916e-02,4.225705e-03,1.843848e-02,2.583049e-01,2.378176e-02,9.710999e-02,9.874289e-02,1.653235e-02,7.817551e-03,2.833691e-02
2.015407e-01,2.583159e-02,7.682978e-03,6.739195e-02,1.181057e-01,2.331132e-02,4.061329e-03,2.398429e-02,3.332243e-01,1.706370e-02,6.953962e-02,6.992359e-02,1.231396e-02,5.729304e-03,2.029561e-02
1.671157e-01,1.916407e-02,1.020766e-02,6.573223e-02,2.200140e-01,1.992312e-02,5.323845e-03,4.179025e-02,3.120671e-01,1.216229e-02,4.938161e-02,4.942927e-02,9.002583e-03,4.107572e-03,1.457870e-02
1.671859e-01,1.821276e-02,1.186735e-02,7.596387e-02,2.599803e-01,2.308974e-02,6.016135e-03,3.667938e-02,2.907672e-01,1.050831e-02,3.568340e-02,3.531244e-02,7.258577e-03,3.405718e-03,1.806886e-02
1.752761e-01,2.260823e-02,1.256401e-02,8.303881e-02,2.704037e-01,3.094650e-02,8.146435e-03,3.131347e-02,2.702848e-01,1.036298e-02,2.648214e-02,2.548610e-02,6.406995e-03,2.770796e-03,2.390906e-02
2.061313e-01,2.395901e-02,1.370959e-02,8.337211e-02,2.570713e-01,3.494504e-02,9.662684e-03,2.573617e-02,2.620465e-01,9.239438e-03,2.045449e-02,1.870654e-02,5.957888e-03,2.490863e-03,2.651710e-02
2.426466e-01,4.082941e-02,2.788408e-02,6.900080e-02,2.321161e-01,4.702953e-02,1.092067e-02,2.064053e-02,2.314165e-01,7.075987e-03,1.640216e-02,1.548112e-02,6.358262e-03,3.696076e-03,2.850225e-02
2.524605e-01,5.715074e-02,2.577367e-02,1.084388e-01,2.120182e-01,5.736092e-02,1.800345e-02,2.126012e-02,1.789551e-01,5.371959e-03,1.331322e-02,1.356911e-02,6.123896e-03,3.225031e-03,2.697532e-02
2.331907e-01,5.382142e-02,2.562726e-02,1.739212e-01,2.312645e-01,4.920016e-02,1.760562e-02,2.374339e-02,1.386474e-01,3.970079e-03,1.003408e-02,1.053852e-02,4.917313e-03,2.382307e-03,2.113592e-02
2.828021e-01,4.804781e-02,2.689432e-02,1.377732e-01,2.323893e-01,4.918037e-02,1.530244e-02,2.808508e-02,1.359712e-01,3.271009e-03,8.047913e-03,8.878568e-03,4.430155e-03,2.054314e-03,1.687227e-02
