1.000000e+00,0.000000e+00,0.000000e+00,0.000000e+00,0.000000e+00,0.000000e+00,0.000000e+00,0.000000e+00,0.000000e+00,0.000000e+00,0.000000e+00,0.000000e+00,0.000000e+00,0.000000e+00,0.000000e+00
1.000000e+00,0.000000e+00,0.000000e+00,0.000000e+00,0.000000e+00,0.000000e+00,0.000000e+00,0.000000e+00,0.000000e+00,0.000000e+00,0.000000e+00,0.000000e+00,0.000000e+00,0.000000e+00,0.000000e+00
1.000000e+00,0.000000e+00,0.000000e+00,0.000000e+00,0.000000e+00,0.000000e+00,0.000000e+00,0.000000e+00,0.000000e+00,0.000000e+00,0.000000e+00,0.000000e+00,0.000000e+00,0.000000e+00,0.000000e+00
1.000000e+00,0.000000e+00,0.000000e+00,0.000000e+00,0.000000e+00,0.000000e+00,0.000000e+00,0.000000e+00,0.000000e+00,0.000000e+00,0.000000e+00,0.000000e+00,0.000000e+00,0.000000e+00,0.000000e+00
1.000000e+00,0.000000e+00,0.000000e+00,0.000000e+00,0.000000e+00,0.000000e+00,0.000000e+00,0.000000e+00,0.000000e+00,0.000000e+00,0.000000e+00,0.000000e+00,0.000000e+00,0.000000e+00,0.000000e+00
1.000000e+00,0.000000e+00,0.000000e+00,0.000000e+00,0.000000e+00,0.000000e+00,0.000000e+00,0.000000e+00,0.000000e+00,0.000000e+00,0.000000e+00,0.000000e+00,0.000000e+00,0.000000e+00,0.000000e+00
1.000000e+00,0.000000e+00,0.000000e+00,0.000000e+00,0.000000e+00,0.000000e+00,0.000000e+00,0.000000e+00,0.000000e+00,0.000000e+00,0.000000e+00,0.000000e+00,0.000000e+00,0.000000e+00,0.000000e+00
1.000000e+00,0.000000e+00,0.000000e+00,0.000000e+00,0.000000e+00,0.000000e+00,0.000000e+00,0.000000e+00,0.000000e+00,0.000000e+00,0.000000e+00,0.000000e+00,0.000000e+00,0.000000e+00,0.000000e+00
1.000000e+00,0.000000e+00,0.000000e+00,0.000000e+00,0.000000e+00,0.000000e+00,0.000000e+00,0.000000e+00,0.000000e+00,0.000000e+00,0.000000e+00,0.000000e+00,0.000000e+00,0.000000e+00,0.000000e+00
1.000000e+00,0.000000e+00,0.000000e+00,0.000000e+00,0.000000e+00,0.000000e+00,0.000000e+00,0.000000e+00,0.000000e+00,0.000000e+00,0.000000e+00,0.000000e+00,0.000000e+00,0.000000e+00,0.000000e+00
1.000000e+00,0.000000e+00,0.000000e+00,0.000000e+00,0.000000e+00,0.000000e+00,0.000000e+00,0.000000e+00,0.000000e+00,0.000000e+00,0.000000e+00,0.000000e+00,0.000000e+00,0.000000e+00,0.000000e+00
1.000000e+00,0.000000e+00,0.000000e+00,0.000000e+00,0.000000e+00,0.000000e+00,0.000000e+00,0.000000e+00,0.000000e+00,0.000000e+00,0.000000e+00,0.000000e+00,0.000000e+00,0.000000e+00,0.000000e+00
1.000000e+00,0.000000e+00,0.000000e+00,0.000000e+00,0.000000e+00,0.000000e+00,0.000000e+00,0.000000e+00,0.000000e+00,0.000000e+00,0.000000e+00,0.000000e+00,0.000000e+00,0.000000e+00,0.000000e+00
1.000000e+00,0.000000e+00,0.000000e+00,0.000000e+00,0.000000e+00,0.000000e+00,0.000000e+00,0.000000e+00,0.000000e+00,0.000000e+00,0.000000e+00,0.000000e+00,0.000000e+00,0.000000e+00,0.000000e+00
1.000000e+00,0.000000e+00,0.000000e+00,0.000000e+00,0.000000e+00,0.000000e+00,0.000000e+00,0.000000e+00,0.000000e+00,0.000000e+00,0.000000e+00,0.000000e+00,0.000000e+00,0.000000e+00,0.000000e+00
1.000000e+00,0.000000e+00,0.000000e+00,0.000000e+00,0.000000e+00,0.000000e+00,0.000000e+00,0.000000e+00,0.000000e+00,0.000000e+00,0.000000e+00,0.000000e+00,0.000000e+00,0.000000e+00,0.000000e+00
1.000000e+00,0.000000e+00,0.000000e+00,0.000000e+00,0.000000e+00,0.000000e+00,0.000000e+00,0.000000e+00,0.000000e+00,0.000000e+00,0.000000e+00,0.000000e+00,0.000000e+00,0.000000e+00,0.000000e+00
1.000000e+00,0.000000e+00,0.000000e+00,0.000000e+00,0.000000e+00,0.000000e+00,0.000000e+00,0.000000e+00,0.000000e+00,0.000000e+00,0.000000e+00,0.000000e+00,0.000000e+00,0.000000e+00,0.000000e+00
1.000000e+00,0.000000e+00,0.000000e+00,0.000000e+00,0.000000e+00,0.000000e+00,0.000000e+00,0.000000e+00,0.000000e+00,0.000000e+00,0.000000e+00,0.000000e+00,0.000000e+00,0.000000e+00,0.000000e+00
1.000000e+00,0.000000e+00,0.000000e+00,0.000000e+00,0.000000e+00,0.000000e+00,0.000000e+00,0.000000e+00,0.000000e+00,0.000000e+00,0.000000e+00,0.000000e+00,0.000000e+00,0.000000e+00,0.000000e+00
1.000000e+00,0.000000e+00,0.000000e+00,0.000000e+00,0.000000e+00,0.000000e+00,0.000000e+00,0.000000e+00,0.000000e+00,0.000000e+00,0.000000e+00,0.000000e+00,0.000000e+00,0.000000e+00,0.000000e+00
1.000000e+00,0.000000e+00,0.000000e+00,0.000000e+00,0.000000e+00,0.000000e+00,0.000000e+00,0.000000e+00,0.000000e+00,0.000000e+00,0.000000e+00,0.000000e+00,0.000000e+00,0.000000e+00,0.000000e+00
1.000000e+00,0.000000e+00,0.000000e+00,0.000000e+00,0.000000e+00,0.000000e+00,0.000000e+00,0.000000e+00,0.000000e+00,0.000000e+00,0.000000e+00,0.000000e+00,0.000000e+00,0.000000e+00,0.000000e+00
1.000000e+00,0.000000e+00,0.000000e+00,0.000000e+00,0.000000e+00,0.000000e+00,0.000000e+00,0.000000e+00,0.000000e+00,0.000000e+00,0.000000e+00,0.000000e+00,0.000000e+00,0.000000e+00,0.000000e+00
1.000000e+00,0.000000e+00,0.000000e+00,0.000000e+00,0.000000e+00,0.000000e+00,0.000000e+00,0.000000e+00,0.000000e+00,0.000000e+00,0.000000e+00,0.000000e+00,0.000000e+00,0.000000e+00,0.000000e+00
1.000000e+00,0.000000e+00,0.000000e+00,0.000000e+00,0.000000e+00,0.000000e+00,0.000000e+00,0.000000e+00,0.000000e+00,0.000000e+00,0.000000e+00,0.000000e+00,0.000000e+00,0.000000e+00,0.000000e+00
1.000000e+00,0.000000e+00,0.000000e+00,0.000000e+00,0.000000e+00,0.000000e+00,0.000000e+00,0.000000e+00,0.000000e+00,0.000000e+00,0.000000e+00,0.000000e+00,0.000000e+00,0.000000e+00,0.000000e+00
1.000000e+00,0.000000e+00,0.000000e+00,0.000000e+00,0.000000e+00,0.000000e+00,0.000000e+00,0.000000e+00,0.000000e+00,0.000000e+00,0.000000e+00,0.000000e+00,0.000000e+00,0.000000e+00,0.000000e+00
1.000000e+00,0.000000e+00,0.000000e+00,0.000000e+00,0.000000e+00,0.000000e+00,0.000000e+00,0.000000e+00,0.000000e+00,0.000000e+00,0.000000e+00,0.000000e+00,0.000000e+00,0.000000e+00,0.000000e+00
1.000000e+00,0.000000e+00,0.000000e+00,0.000000e+00,0.000000e+00,0.000000e+00,0.000000e+00,0.000000e+00,0.000000e+00,0.000000e+00,0.000000e+00,0.000000e+00,0.000000e+00,0.000000e+00,0.000000e+00
1.000000e+00,0.000000e+00,0.000000e+00,0.000000e+00,0.000000e+00,0.000000e+00,0.000000e+00,0.000000e+00,0.000000e+00,0.000000e+00,0.000000e+00,0.000000e+00,0.000000e+00,0.000000e+00,0.000000e+00
1.000000e+00,0.000000e+00,0.000000e+00,0.000000e+00,0.000000e+00,0.000000e+00,0.000000e+00,0.000000e+00,0.000000e+00,0.000000e+00,0.000000e+00,0.000000e+00,0.000000e+00,0.000000e+00,0.000000e+00
1.000000e+00,0.000000e+00,0.000000e+00,0.000000e+00,0.000000e+00,0.000000e+00,0.000000e+00,0.000000e+00,0.000000e+00,0.000000e+00,0.000000e+00,0.000000e+00,0.000000e+00,0.000000e+00,0.000000e+00
1.000000e+00,0.000000e+00,0.000000e+00,0.000000e+00,0.000000e+00,0.000000e+00,0.000000e+00,0.000000e+00,0.000000e+00,0.000000e+00,0.000000e+00,0.000000e+00,0.000000e+00,0.000000e+00,0.000000e+00
1.000000e+00,0.000000e+00,0.000000e+00,0.000000e+00,0.000000e+00,0.000000e+00,0.000000e+00,0.000000e+00,0.000000e+00,0.000000e+00,0.000000e+00,0.000000e+00,0.000000e+00,0.000000e+00,0.000000e+00
1.000000e+00,0.000000e+00,0.000000e+00,0.000000e+00,0.000000e+00,0.000000e+00,0.000000e+00,0.000000e+00,0.000000e+00,0.000000e+00,0.000000e+00,0.000000e+00,0.000000e+00,0.000000e+00,0.000000e+00
1.000000e+00,0.000000e+00,0.000000e+00,0.000000e+00,0.000000e+00,0.000000e+00,0.000000e+00,0.000000e+00,0.000000e+00,0.000000e+00,0.000000e+00,0.000000e+00,0.000000e+00,0.000000e+00,0.000000e+00
1.000000e+00,0.000000e+00,0.000000e+00,0.000000e+00,0.000000e+00,0.000000e+00,0.000000e+00,0.000000e+00,0.000000e+00,0.000000e+00,0.000000e+00,0.000000e+00,0.000000e+00,0.000000e+00,0.000000e+00
1.000000e+00,0.000000e+00,0.000000e+00,0.000000e+00,0.000000e+00,0.000000e+00,0.000000e+00,0.000000e+00,0.000000e+00,0.000000e+00,0.000000e+00,0.000000e+00,0.000000e+00,0.000000e+00,0.000000e+00
1.000000e+00,0.000000e+00,0.000000e+00,0.000000e+00,0.000000e+00,0.000000e+00,0.000000e+00,0.000000e+00,0.000000e+00,0.000000e+00,0.000000e+00,0.000000e+00,0.000000e+00,0.000000e+00,0.000000e+00
1.000000e+00,0.000000e+00,0.000000e+00,0.000000e+00,0.000000e+00,0.000000e+00,0.000000e+00,0.000000e+00,0.000000e+00,0.000000e+00,0.000000e+00,0.000000e+00,0.000000e+00,0.000000e+00,0.000000e+00
1.000000e+00,0.000000e+00,0.000000e+00,0.000000e+00,0.000000e+00,0.000000e+00,0.000000e+00,0.000000e+00,0.000000e+00,0.000000e+00,0.000000e+00,0.000000e+00,0.000000e+00,0.000000e+00,0.000000e+00
1.000000e+00,0.000000e+00,0.000000e+00,0.000000e+00,0.000000e+00,0.000000e+00,0.000000e+00,0.000000e+00,0.000000e+00,0.000000e+00,0.000000e+00,0.000000e+00,0.000000e+00,0.000000e+00,0.000000e+00
1.000000e+00,0.000000e+00,0.000000e+00,0.000000e+00,0.000000e+00,0.000000e+00,0.000000e+00,0.000000e+00,0.000000e+00,0.000000e+00,0.000000e+00,0.000000e+00,0.000000e+00,0.000000e+00,0.000000e+00
1.000000e+00,0.000000e+00,0.000000e+00,0.000000e+00,0.000000e+00,0.000000e+00,0.000000e+00,0.000000e+00,0.000000e+00,0.000000e+00,0.000000e+00,0.000000e+00,0.000000e+00,0.000000e+00,0.000000e+00
1.000000e+00,0.000000e+00,0.000000e+00,0.000000e+00,0.000000e+00,0.000000e+00,0.000000e+00,0.000000e+00,0.000000e+00,0.000000e+00,0.000000e+00,0.000000e+00,0.000000e+00,0.000000e+00,0.000000e+00
1.000000e+00,0.000000e+00,0.000000e+00,0.000000e+00,0.000000e+00,0.000000e+00,0.000000e+00,0.000000e+00,0.000000e+00,0.000000e+00,0.000000e+00,0.000000e+00,0.000000e+00,0.000000e+00,0.000000e+00
1.000000e+00,0.000000e+00,0.000000e+00,0.000000e+00,0.000000e+00,0.000000e+00,0.000000e+00,0.000000e+00,0.000000e+00,0.000000e+00,0.000000e+00,0.000000e+00,0.000000e+00,0.000000e+00,0.000000e+00
1.000000e+00,0.000000e+00,0.000000e+00,0.000000e+00,0.000000e+00,0.000000e+00,0.000000e+00,0.000000e+00,0.000000e+00,0.000000e+00,0.000000e+00,0.000000e+00,0.000000e+00,0.000000e+00,0.000000e+00
1.000000e+00,0.000000e+00,0.000000e+00,0.000000e+00,0.000000e+00,0.000000e+00,0.000000e+00,0.000000e+00,0.000000e+00,0.000000e+00,0.000000e+00,0.000000e+00,0.000000e+00,0.000000e+00,0.000000e+00
1.000000e+00,0.000000e+00,0.000000e+00,0.000000e+00,0.000000e+00,0.000000e+00,0.000000e+00,0.000000e+00,0.000000e+00,0.000000e+00,0.000000e+00,0.000000e+00,0.000000e+00,0.000000e+00,0.000000e+00
1.000000e+00,0.000000e+00,0.000000e+00,0.000000e+00,0.000000e+00,0.000000e+00,0.000000e+00,0.000000e+00,0.000000e+00,0.000000e+00,0.000000e+00,0.000000e+00,0.000000e+00,0.000000e+00,0.000000e+00
1.000000e+00,0.000000e+00,0.000000e+00,0.000000e+00,0.000000e+00,0.000000e+00,0.000000e+00,0.000000e+00,0.000000e+00,0.000000e+00,0.000000e+00,0.000000e+00,0.000000e+00,0.000000e+00,0.000000e+00
1.000000e+00,0.000000e+00,0.000000e+00,0.000000e+00,0.000000e+00,0.000000e+00,0.000000e+00,0.000000e+00,0.000000e+00,0.000000e+00,0.000000e+00,0.000000e+00,0.000000e+00,0.000000e+00,0.000000e+00
1.000000e+00,0.000000e+00,0.000000e+00,0.000000e+00,0.000000e+00,0.000000e+00,0.000000e+00,0.000000e+00,0.000000e+00,0.000000e+00,0.000000e+00,0.000000e+00,0.000000e+00,0.000000e+00,0.000000e+00
1.000000e+00,0.000000e+00,0.000000e+00,0.000000e+00,0.000000e+00,0.000000e+00,0.000000e+00,0.000000e+00,0.000000e+00,0.000000e+00,0.000000e+00,0.000000e+00,0.000000e+00,0.000000e+00,0.000000e+00
1.000000e+00,0.000000e+00,0.000000e+00,0.000000e+00,0.000000e+00,0.000000e+00,0.000000e+00,0.000000e+00,0.000000e+00,0.000000e+00,0.000000e+00,0.000000e+00,0.000000e+00,0.000000e+00,0.000000e+00
1.000000e+00,0.000000e+00,0.000000e+00,0.000000e+00,0.000000e+00,0.000000e+00,0.000000e+00,0.000000e+00,0.000000e+00,0.000000e+00,0.000000e+00,0.000000e+00,0.000000e+00,0.000000e+00,0.000000e+00
1.000000e+00,0.000000e+00,0.000000e+00,0.000000e+00,0.000000e+00,0.000000e+00,0.000000e+00,0.000000e+00,0.000000e+00,0.000000e+00,0.000000e+00,0.000000e+00,0.000000e+00,0.000000e+00,0.000000e+00
4.076192e-01,9.005399e-03,1.449986e-01,4.492876e-02,5.095303e-03,1.022258e-02,4.006345e-03,3.244604e-01,2.715830e-03,1.204786e-03,5.104730e-03,1.927312e-02,1.045447e-02,1.678662e-03,9.231735e-03
3.980058e-01,6.634918e-03,1.286873e-01,3.584097e-02,4.066963e-03,9.375371e-03,4.030603e-03,3.732539e-01,2.023231e-03,1.134608e-03,4.224795e-03,1.500287e-02,8.965169e-03,1.582239e-03,7.171283e-03
3.942925e-01,4.978954e-03,1.166123e-01,2.796765e-02,3.313394e-03,9.141917e-03,3.989452e-03,4.075221e-01,1.512363e-03,1.017598e-03,3.399784e-03,1.159087e-02,7.491304e-03,1.398240e-03,5.771541e-03
3.047492e-01,3.600014e-03,8.937202e-02,2.067633e-02,2.775023e-03,7.207232e-03,3.665934e-03,5.438151e-01,1.096001e-03,7.887192e-04,2.521861e-03,8.572391e-03,5.797427e-03,1.047993e-03,4.314803e-03
2.296725e-01,2.588554e-03,6.912436e-02,1.525820e-02,2.386945e-03,5.497655e-03,3.452473e-03,6.543132e-01,7.846380e-04,5.987702e-04,1.826673e-03,6.221571e-03,4.361183e-03,7.683097e-04,3.144998e-03
1.626703e-01,1.883665e-03,5.749372e-02,1.125155e-02,2.048380e-03,4.097642e-03,3.117808e-03,7.440348e-01,5.697697e-04,7.331118e-04,1.330250e-03,4.566754e-03,3.294394e-03,5.929006e-04,2.315041e-03
1.178959e-01,1.353989e-03,4.311596e-02,8.344188e-03,2.268096e-03,2.928036e-03,2.454890e-03,8.117170e-01,4.238875e-04,5.915902e-04,9.769767e-04,3.304838e-03,2.523186e-03,4.363922e-04,1.665070e-03
8.765814e-02,1.004635e-03,3.402139e-02,6.307283e-03,2.998788e-03,2.153466e-03,2.074768e-03,8.558958e-01,3.522210e-04,6.592966e-04,7.468694e-04,2.491325e-03,2.030645e-03,3.297748e-04,1.275581e-03
6.250785e-02,7.469427e-04,3.125869e-02,5.319258e-03,3.358729e-03,1.589215e-03,1.997770e-03,8.863010e-01,3.064821e-04,6.325208e-04,5.886160e-04,2.011696e-03,2.149708e-03,2.692952e-04,9.621264e-04
4.609578e-02,5.766185e-04,2.885972e-02,4.354442e-03,3.322201e-03,1.376631e-03,1.680331e-03,9.059291e-01,3.119447e-04,1.494025e-03,5.559223e-04,1.903945e-03,2.490697e-03,2.369432e-04,8.116661e-04
4.247561e-02,4.998303e-04,2.443953e-02,4.320006e-03,5.076459e-03,1.209488e-03,1.469416e-03,9.124650e-01,5.568129e-04,1.714996e-03,5.966456e-04,1.706237e-03,2.421266e-03,3.007350e-04,7.479317e-04
4.052079e-02,4.185291e-04,1.819542e-02,3.370715e-03,5.001754e-03,9.868331e-04,1.426005e-03,9.238383e-01,4.131662e-04,1.336685e-03,4.851914e-04,1.332241e-03,1.849363e-03,2.252714e-04,5.997295e-04
6.498646e-02,6.241166e-04,1.348037e-02,2.821723e-03,5.664315e-03,1.217791e-03,1.285715e-03,9.008692e-01,4.973404e-04,1.544428e-03,7.073164e-04,2.638313e-03,2.651260e-03,3.067653e-04,7.048857e-04
6.152765e-02,1.805849e-03,1.024389e-02,1.620115e-02,6.353546e-03,1.351730e-03,1.043534e-03,8.120016e-01,6.023597e-03,8.021755e-03,1.165379e-02,1.749851e-02,3.380938e-02,5.791849e-03,6.672133e-03
7.926969e-02,2.461896e-03,7.523773e-03,2.080935e-02,7.814311e-03,1.993957e-03,7.801257e-04,7.595840e-01,8.063685e-03,8.655563e-03,1.752241e-02,1.613050e-02,4.336263e-02,7.695925e-03,1.833227e-02
1.244188e-01,3.085584e-03,5.864859e-03,1.656527e-02,8.662956e-03,3.271470e-03,6.806547e-04,6.452716e-01,1.006237e-02,4.041609e-02,2.348339e-02,1.240168e-02,7.300000e-02,7.103817e-03,2.571159e-02
1.227653e-01,3.186122e-03,4.583896e-03,1.275211e-02,6.688454e-03,2.824176e-03,5.357986e-04,4.644060e-01,1.141337e-02,5.497739e-02,2.368650e-02,9.927431e-03,1.017667e-01,7.622263e-03,1.728646e-01
1.284470e-01,3.753267e-03,3.667843e-03,1.083167e-02,5.433953e-03,2.400257e-03,5.039909e-04,3.345488e-01,1.614283e-02,5.366245e-02,2.575686e-02,8.075617e-03,1.222756e-01,9.373333e-03,2.751266e-01
9.876696e-02,3.817311e-03,3.106087e-03,8.918248e-03,4.370427e-03,2.141426e-03,4.482771e-04,2.390293e-01,2.002325e-02,4.087367e-02,2.434534e-02,6.184876e-03,1.006937e-01,8.243741e-03,4.390374e-01
7.222439e-02,3.973866e-03,5.948490e-03,8.216295e-03,4.503890e-03,1.891820e-03,4.966315e-04,1.857520e-01,2.277107e-02,3.027402e-02,2.736088e-02,5.238268e-03,9.617869e-02,8.669944e-03,5.264997e-01
5.328684e-02,4.126278e-03,1.775388e-01,8.294287e-03,5.044852e-03,1.776730e-03,5.397559e-04,1.360970e-01,2.196280e-02,2.137028e-02,2.092708e-02,3.894665e-03,7.015485e-02,6.485725e-03,4.685000e-01
3.923003e-02,4.653792e-03,3.209883e-01,1.384606e-02,5.373330e-03,2.859832e-03,6.910503e-04,1.303036e-01,2.496839e-02,1.518251e-02,1.592514e-02,2.841799e-03,5.029052e-02,4.691661e-03,3.681540e-01
3.062947e-02,4.282418e-03,3.734625e-01,1.638254e-02,7.339544e-03,2.602023e-03,6.082162e-04,1.911142e-01,2.598968e-02,1.072480e-02,1.258386e-02,2.090916e-03,3.628799e-02,3.362267e-03,2.825395e-01
2.616359e-02,4.130499e-03,2.885981e-01,1.707045e-02,6.746346e-03,2.703761e-03,5.554703e-04,3.800080e-01,2.120982e-02,7.833552e-03,1.046745e-02,2.478365e-03,2.693592e-02,2.567759e-03,2.025309e-01
2.717139e-02,9.372766e-03,2.125589e-01,1.788306e-02,9.295143e-03,3.400000e-03,6.440311e-04,5.082468e-01,2.388599e-02,6.523124e-03,9.038697e-03,2.605323e-03,2.016149e-02,2.159535e-03,1.470537e-01
2.723799e-02,9.844349e-03,1.675854e-01,3.307674e-02,1.241721e-02,1.131806e-02,6.883076e-04,5.737375e-01,2.494955e-02,5.719526e-03,7.914069e-03,2.717827e-03,1.523874e-02,1.935018e-03,1.056197e-01
7.360169e-02,7.970325e-03,1.495190e-01,4.021868e-02,1.625515e-02,1.779142e-02,6.971901e-04,5.716434e-01,1.965739e-02,4.558772e-03,7.161155e-03,2.739523e-03,1.175657e-02,1.612883e-03,7.481682e-02
1.365067e-01,6.816654e-03,1.247415e-01,4.607595e-02,1.800805e-02,2.039756e-02,8.272365e-04,5.526190e-01,1.621748e-02,3.767467e-03,6.854275e-03,3.115802e-03,9.287402e-03,1.583709e-03,5.318123e-02
1.509893e-01,5.043035e-03,1.030034e-01,5.045888e-02,1.468602e-02,1.790298e-02,9.646286e-04,5.867921e-01,1.208850e-02,3.091633e-03,5.851473e-03,2.806289e-03,7.053408e-03,1.619616e-03,3.764878e-02
1.261690e-01,3.692361e-03,9.133982e-02,5.135949e-02,1.157693e-02,1.531965e-02,1.001410e-03,6.462967e-01,9.162625e-03,2.742588e-03,4.933901e-03,2.521576e-03,5.758206e-03,1.362413e-03,2.676326e-02
1.158879e-01,2.997583e-03,1.408786e-01,5.149115e-02,9.901945e-03,1.371757e-02,1.852155e-03,6.204469e-01,6.850469e-03,4.566471e-03,3.845586e-03,2.455290e-03,4.467069e-03,1.094122e-03,1.954727e-02
1.356682e-01,2.688401e-03,1.221855e-01,4.432996e-02,9.249650e-03,1.278254e-02,1.921559e-03,6.339079e-01,5.297519e-03,5.632703e-03,3.559108e-03,3.241214e-03,3.641076e-03,1.061648e-03,1.483311e-02
1.507123e-01,2.238046e-03,1.011417e-01,4.356112e-02,9.090709e-03,1.063462e-02,1.966016e-03,6.496232e-01,4.144129e-03,5.007504e-03,3.366941e-03,3.604035e-03,3.139399e-03,9.361535e-04,1.083423e-02
1.778963e-01,2.300203e-03,8.334448e-02,4.474690e-02,9.236374e-03,9.283235e-03,1.920377e-03,6.432716e-01,3.384448e-03,4.564119e-03,3.202509e-03,4.542237e-03,3.120229e-03,8.742581e-04,8.312778e-03
1.571308e-01,1.961377e-03,7.468393e-02,3.954833e-02,8.642584e-03,7.512228e-03,1.974545e-03,6.847361e-01,2.589414e-03,4.031862e-03,2.651161e-03,4.620947e-03,2.916413e-03,7.591851e-04,6.241126e-03
1.501102e-01,2.064291e-03,9.062517e-02,3.512675e-02,8.484496e-03,6.864308e-03,2.505903e-03,6.795424e-01,2.069713e-03,5.554206e-03,2.214103e-03,5.218378e-03,3.362849e-03,7.112655e-04,5.546025e-03
2.341903e-01,2.712690e-03,6.933485e-02,2.705548e-02,1.119506e-02,8.879209e-03,2.420597e-03,6.095413e-01,1.914817e-03,5.498379e-03,2.481368e-03,1.085225e-02,5.304150e-03,1.206682e-03,7.412887e-03
3.100656e-01,2.861786e-03,6.264476e-02,2.309174e-02,1.374200e-02,9.189650e-03,2.945037e-03,5.362910e-01,1.880702e-03,6.244109e-03,2.720747e-03,1.310571e-02,5.591628e-03,1.518759e-03,8.106818e-03
3.576459e-01,2.457194e-03,6.976655e-02,2.094750e-02,1.283494e-02,1.024474e-02,4.008361e-03,4.843330e-01,1.598344e-03,6.281270e-03,2.611574e-03,1.338189e-02,5.170268e-03,1.636525e-03,7.081896e-03
4.079572e-01,1.999594e-03,6.600205e-02,1.764367e-02,1.206711e-02,9.620992e-03,4.194890e-03,4.457201e-01,1.412246e-03,6.497703e-03,2.418315e-03,1.228623e-02,4.451021e-03,1.637965e-03,6.090970e-03
4.144700e-01,2.096132e-03,7.603560e-02,1.748694e-02,1.068445e-02,1.359109e-02,5.796465e-03,4.104649e-01,1.672729e-03,6.035322e-03,3.059790e-03,2.222035e-02,7.459413e-03,1.980760e-03,6.946123e-03
4.504463e-01,2.342410e-03,5.960930e-02,1.499693e-02,1.007743e-02,1.765743e-02,5.756444e-03,3.807185e-01,1.670517e-03,5.714417e-03,3.668501e-03,2.889659e-02,7.884169e-03,2.080930e-03,8.480064e-03
3.761381e-01,2.703432e-03,6.632923e-02,1.367642e-02,9.995082e-03,1.970879e-02,5.310629e-03,4.386243e-01,1.570618e-03,1.891465e-02,3.266999e-03,2.421666e-02,6.864429e-03,2.339771e-03,1.034090e-02
3.388199e-01,3.523174e-03,7.136224e-02,1.302600e-02,1.181523e-02,1.935041e-02,4.671472e-03,4.473088e-01,2.830518e-03,3.407050e-02,5.220895e-03,2.065573e-02,8.859171e-03,4.114136e-03,1.437175e-02
3.255420e-01,3.964825e-03,5.372548e-02,1.149842e-02,1.298963e-02,1.945946e-02,3.883086e-03,4.796833e-01,2.826912e-03,2.838487e-02,6.568532e-03,1.908256e-02,1.142141e-02,5.537512e-03,1.543196e-02
3.454423e-01,4.793775e-03,4.342386e-02,1.093186e-02,1.245233e-02,1.983454e-02,3.775236e-03,4.659747e-01,2.985688e-03,2.623650e-02,7.149729e-03,2.235962e-02,1.314184e-02,5.311770e-03,1.618629e-02
3.288422e-01,6.684227e-03,3.426944e-02,2.746579e-02,1.302424e-02,1.781704e-02,3.296987e-03,4.398933e-01,1.143309e-02,2.635477e-02,1.155727e-02,3.131295e-02,2.036026e-02,5.760578e-03,2.192786e-02
3.197595e-01,8.865329e-03,2.873658e-02,3.245757e-02,1.489741e-02,1.864148e-02,3.070795e-03,4.326270e-01,1.197364e-02,2.336534e-02,1.367829e-02,3.955234e-02,2.240370e-02,6.257361e-03,2.371369e-02
3.083857e-01,1.056177e-02,3.642256e-02,3.108557e-02,1.856544e-02,1.929545e-02,2.819319e-03,4.069332e-01,1.141895e-02,5.171992e-02,1.431931e-02,3.356022e-02,1.952267e-02,8.254981e-03,2.713500e-02
3.684621e-01,1.320721e-02,3.111615e-02,3.169353e-02,2.623421e-02,2.178244e-02,3.017539e-03,3.456081e-01,1.091612e-02,3.892540e-02,1.643901e-02,3.451378e-02,2.255659e-02,7.537294e-03,2.799042e-02
4.151091e-01,1.207583e-02,2.945562e-02,4.407800e-02,2.359651e-02,2.680575e-02,3.009315e-03,2.722783e-01,1.102765e-02,3.113120e-02,1.622641e-02,5.093358e-02,2.314888e-02,7.031158e-03,3.409263e-02
4.041197e-01,1.158159e-02,5.757073e-02,4.912845e-02,2.631625e-02,2.268986e-02,2.650315e-03,2.031709e-01,2.213403e-02,3.199304e-02,3.146367e-02,6.282910e-02,3.213461e-02,1.134815e-02,3.086956e-02
4.299468e-01,1.001498e-02,4.728434e-02,5.335611e-02,2.510554e-02,1.902752e-02,2.386600e-03,1.505596e-01,3.716689e-02,2.867872e-02,4.599091e-02,7.005091e-02,4.007917e-02,1.247048e-02,2.788131e-02
4.513585e-01,1.245743e-02,3.988004e-02,7.837672e-02,2.565863e-02,3.626620e-02,3.814779e-03,1.119556e-01,3.519439e-02,2.211698e-02,4.184700e-02,5.906539e-02,4.401224e-02,9.505285e-03,2.849077e-02
4.966667e-01,1.385361e-02,3.005469e-02,8.786869e-02,2.299383e-02,4.100237e-02,3.668598e-03,8.029821e-02,3.125947e-02,1.672860e-02,3.810160e-02,5.058243e-02,5.071422e-02,7.386988e-03,2.881999e-02
1.000000e+00,0.000000e+00,0.000000e+00,0.000000e+00,0.000000e+00,0.000000e+00,0.000000e+00,0.000000e+00,0.000000e+00,0.000000e+00,0.000000e+00,0.000000e+00,0.000000e+00,0.000000e+00,0.000000e+00
1.000000e+00,0.000000e+00,0.000000e+00,0.000000e+00,0.000000e+00,0.000000e+00,0.000000e+00,0.000000e+00,0.000000e+00,0.000000e+00,0.000000e+00,0.000000e+00,0.000000e+00,0.000000e+00,0.000000e+00
4.538739e-01,1.668405e-02,1.589452e-02,8.602811e-02,1.604655e-02,2.337163e-02,2.727635e-03,3.392708e-02,9.151302e-02,1.895867e-02,6.991443e-02,3.691862e-02,8.298259e-02,1.382831e-02,3.733081e-02
3.758569e-01,1.586458e-02,1.175305e-02,6.547187e-02,1.367140e-02,1.916741e-02,2.517940e-03,2.639369e-02,1.143554e-01,2.866280e-02,6.507531e-02,3.198101e-02,1.185276e-01,2.078994e-02,8.991109e-02
3.039314e-01,1.264805e-02,9.079601e-03,4.827584e-02,1.244482e-02,1.832192e-02,2.986722e-03,2.126379e-02,1.382021e-01,2.358358e-02,8.206764e-02,2.769082e-02,1.640600e-01,2.153100e-02,1.139127e-01
2.385104e-01,1.149906e-02,1.136003e-02,3.918201e-02,1.558296e-02,1.757502e-02,3.471620e-03,2.939421e-02,2.182425e-01,2.198758e-02,7.049876e-02,2.385217e-02,1.581394e-01,2.491508e-02,1.157892e-01
2.500114e-01,1.116402e-02,3.853074e-02,3.913983e-02,1.449009e-02,2.054277e-02,4.310595e-03,2.421763e-02,2.176232e-01,2.271283e-02,5.408163e-02,2.201521e-02,1.208735e-01,2.482577e-02,1.354609e-01
2.635333e-01,1.459977e-02,7.514001e-02,3.977501e-02,1.984837e-02,2.532357e-02,4.651511e-03,1.969600e-02,1.676727e-01,2.095617e-02,5.257475e-02,2.651181e-02,1.007049e-01,2.264687e-02,1.463652e-01
2.806832e-01,1.740129e-02,6.580169e-02,3.840401e-02,1.877915e-02,2.714886e-02,4.454939e-03,1.626419e-02,1.453552e-01,1.798992e-02,5.388507e-02,5.695732e-02,1.046560e-01,2.259078e-02,1.296284e-01
2.507748e-01,2.324022e-02,6.365762e-02,3.232000e-02,1.940340e-02,2.563038e-02,4.050615e-03,1.286691e-02,1.200574e-01,1.590605e-02,6.093729e-02,6.479074e-02,1.150074e-01,2.072090e-02,1.706363e-01
2.290864e-01,3.342467e-02,6.516033e-02,3.368092e-02,3.034565e-02,2.254162e-02,5.429056e-03,1.063312e-02,1.594660e-01,1.734451e-02,5.365739e-02,6.060334e-02,9.629370e-02,1.881511e-02,1.635181e-01
1.872572e-01,6.810424e-02,6.825317e-02,2.688362e-02,3.734600e-02,2.235897e-02,4.861905e-03,9.891726e-03,1.982229e-01,1.897813e-02,4.234875e-02,4.481089e-02,7.373037e-02,1.596563e-02,1.809865e-01
1.498620e-01,9.202638e-02,9.521789e-02,2.085129e-02,4.763820e-02,2.353204e-02,4.457188e-03,1.938272e-02,1.947615e-01,2.448348e-02,3.658946e-02,3.355283e-02,6.369840e-02,1.915105e-02,1.747956e-01
1.264893e-01,7.629237e-02,2.336674e-01,1.847115e-02,4.624709e-02,2.009704e-02,4.443063e-03,4.210030e-02,1.516803e-01,2.854247e-02,2.680278e-02,2.481274e-02,5.249393e-02,1.570092e-02,1.321592e-01
1.059121e-01,5.791977e-02,3.029465e-01,1.518496e-02,4.337781e-02,1.724320e-02,2.216993e-02,1.106840e-01,1.160413e-01,2.414066e-02,1.997820e-02,1.774272e-02,3.991964e-02,1.139772e-02,9.534147e-02
1.012960e-01,4.404458e-02,2.887886e-01,1.232863e-02,3.627628e-02,1.705067e-02,3.984985e-02,2.125671e-01,8.806852e-02,1.900020e-02,1.514206e-02,1.276623e-02,3.184382e-02,8.323573e-03,7.265383e-02
7.557841e-02,3.228556e-02,2.338062e-01,9.927363e-03,2.860533e-02,1.317360e-02,1.669716e-01,2.343731e-01,6.527562e-02,1.429072e-02,1.098606e-02,9.105901e-03,4.411897e-02,5.911620e-03,5.558991e-02
5.417814e-02,2.298312e-02,1.787970e-01,7.445376e-03,2.214346e-02,9.364489e-03,3.389183e-01,2.174182e-01,4.673474e-02,1.030140e-02,7.743545e-03,6.398369e-03,3.375539e-02,4.175082e-03,3.964335e-02
3.839992e-02,1.611902e-02,1.280632e-01,5.913453e-03,1.676326e-02,6.729648e-03,4.717144e-01,2.102019e-01,3.297776e-02,7.360908e-03,5.476253e-03,4.487044e-03,2.482018e-02,2.937433e-03,2.803563e-02
2.702647e-02,1.129443e-02,9.077407e-02,4.368897e-03,1.223083e-02,4.775426e-03,6.116276e-01,1.628602e-01,2.321516e-02,5.188342e-03,3.851910e-03,3.144634e-03,1.786811e-02,2.060115e-03,1.971382e-02
1.911404e-02,7.913710e-03,6.416526e-02,3.129713e-03,8.821995e-03,3.381161e-03,7.218863e-01,1.186019e-01,1.639520e-02,3.670159e-03,2.725819e-03,2.209619e-03,1.268446e-02,1.445241e-03,1.385549e-02
1.387889e-02,5.551519e-03,4.538516e-02,2.295442e-03,6.684922e-03,2.467555e-03,7.995104e-01,8.630809e-02,1.161949e-02,2.680122e-03,1.954769e-03,1.571975e-03,9.237925e-03,1.036788e-03,9.817039e-03
1.091316e-02,3.915396e-03,3.264647e-02,1.719036e-03,5.163494e-03,1.878889e-03,8.512123e-01,6.486727e-02,8.311676e-03,2.061360e-03,1.408799e-03,1.139864e-03,6.926802e-03,8.008059e-04,7.034673e-03
1.330714e-02,2.869208e-03,2.478988e-02,1.424458e-03,4.283300e-03,1.802785e-03,8.758150e-01,5.397973e-02,6.045610e-03,1.807281e-03,1.071775e-03,9.866115e-04,5.874846e-03,6.982036e-04,5.244139e-03
1.646570e-02,2.241037e-03,1.875531e-02,1.152112e-03,3.714949e-03,2.012284e-03,8.957516e-01,4.238170e-02,4.373104e-03,1.634199e-03,8.523047e-04,9.499125e-04,5.171434e-03,5.508714e-04,3.993422e-03
4.594537e-02,2.711632e-03,2.097823e-02,1.261538e-03,5.396946e-03,4.480347e-03,8.541806e-01,4.261097e-02,3.999281e-03,3.341549e-03,1.465977e-03,1.699612e-03,6.481419e-03,7.139115e-04,4.732542e-03
1.403359e-01,3.538650e-03,1.930477e-02,2.636956e-03,1.028401e-02,7.023888e-03,7.130779e-01,7.078347e-02,4.596935e-03,5.845403e-03,2.498244e-03,4.441376e-03,7.989093e-03,1.040613e-03,6.602697e-03
1.616836e-01,4.964752e-03,1.695547e-02,3.934937e-03,1.533754e-02,1.064208e-02,6.378465e-01,8.559996e-02,4.401483e-03,2.356899e-02,4.554099e-03,7.618210e-03,1.018781e-02,1.430171e-03,1.127436e-02
1.207907e-01,4.611596e-03,1.264838e-02,3.981518e-03,1.661189e-02,1.285282e-02,4.992113e-01,7.263618e-02,3.960185e-03,1.890590e-01,9.821286e-03,6.218350e-03,1.098176e-02,3.277719e-03,3.333725e-02
8.588089e-02,3.543978e-03,9.433301e-03,2.846637e-03,1.295332e-02,1.072579e-02,4.485086e-01,5.562596e-02,5.019382e-03,2.237909e-01,9.845895e-03,4.675608e-03,1.048962e-02,1.760052e-02,9.905961e-02
6.048850e-02,2.603456e-03,6.995556e-03,2.012416e-03,1.116763e-02,7.940084e-03,3.668818e-01,3.948190e-02,7.341030e-03,1.895586e-01,7.916340e-03,3.435428e-03,9.471253e-03,7.072438e-02,2.139816e-01
4.250541e-02,1.892276e-03,4.954956e-03,1.420798e-03,9.017244e-03,5.776100e-03,2.641601e-01,2.766966e-02,6.855154e-03,1.524435e-01,8.097130e-03,2.677336e-03,7.918572e-03,1.305531e-01,3.340587e-01
2.990566e-02,1.443461e-03,3.585541e-03,1.004557e-03,7.190801e-03,4.616895e-03,1.874310e-01,1.938299e-02,6.232945e-03,1.332199e-01,7.303390e-03,2.704833e-03,6.674767e-03,1.983595e-01,3.909437e-01
2.127114e-02,1.073926e-03,2.618766e-03,7.257957e-04,5.304751e-03,3.932383e-03,1.318174e-01,1.357308e-02,1.572697e-02,1.062110e-01,8.296140e-03,2.553407e-03,6.572009e-03,3.081064e-01,3.722169e-01
1.519132e-02,9.208474e-04,1.872645e-03,5.341223e-04,3.883841e-03,2.998104e-03,9.243558e-02,9.505380e-03,4.632353e-02,8.920782e-02,2.318996e-02,2.333918e-03,7.077514e-03,3.595449e-01,3.449806e-01
1.071014e-02,9.414910e-04,1.359361e-03,3.840704e-04,2.785085e-03,2.180105e-03,6.472375e-02,6.654273e-03,6.786983e-02,9.386212e-02,2.312610e-02,1.809561e-03,5.461893e-03,3.778136e-01,3.403186e-01
7.737319e-03,8.590751e-04,1.116067e-03,3.201169e-04,2.125780e-03,2.104791e-03,4.544085e-02,4.663064e-03,1.092864e-01,9.781742e-02,2.324759e-02,1.845440e-03,4.225202e-03,4.153532e-01,2.838577e-01
5.763179e-03,7.424683e-04,1.150524e-03,2.821485e-04,1.691299e-03,2.117995e-03,3.201793e-02,3.287494e-03,1.370581e-01,1.196386e-01,2.128482e-02,1.430247e-03,3.248111e-03,4.415704e-01,2.287167e-01
4.393130e-03,1.544193e-03,2.202017e-03,2.359725e-04,1.467964e-03,2.200931e-03,2.264950e-02,2.336341e-03,1.776049e-01,1.548318e-01,1.958852e-02,1.255047e-03,2.544204e-03,4.241581e-01,1.829873e-01
3.918622e-03,1.591579e-03,2.392136e-03,2.409102e-04,1.608468e-03,2.975137e-03,1.598901e-02,1.701074e-03,2.128275e-01,2.002015e-01,1.816622e-02,1.074110e-03,2.222488e-03,3.920007e-01,1.430905e-01
4.226041e-03,1.986320e-03,1.046954e-02,2.916348e-04,2.395816e-03,2.916334e-03,1.132734e-02,1.439625e-03,1.872978e-01,2.404689e-01,1.748887e-02,1.517304e-03,2.963401e-03,4.115153e-01,1.036958e-01
5.026430e-03,4.110408e-03,9.344845e-02,8.477020e-04,5.307970e-03,2.432949e-03,7.988108e-03,2.660859e-03,2.246633e-01,2.305735e-01,1.605579e-02,1.454933e-03,2.734044e-03,3.216493e-01,8.104627e-02
1.770958e-02,5.869323e-03,1.063540e-01,9.325071e-04,1.495867e-02,3.003904e-03,5.669623e-03,3.914814e-03,2.770545e-01,2.015065e-01,1.326629e-02,1.123372e-03,2.136931e-03,2.551462e-01,9.135382e-02
3.128924e-02,1.439073e-02,1.363627e-01,6.201507e-03,3.773277e-02,4.348660e-03,4.038974e-03,1.250210e-02,2.742885e-01,1.558950e-01,1.229540e-02,1.815882e-03,2.321728e-03,1.903226e-01,1.161942e-01
5.596208e-02,1.490686e-02,1.154263e-01,5.500112e-03,4.810607e-02,4.724477e-03,2.939455e-03,1.434081e-02,3.153083e-01,1.181069e-01,1.135210e-02,1.662331e-03,2.681943e-03,1.480658e-01,1.409164e-01
6.077957e-02,1.689671e-02,1.005747e-01,1.825110e-02,4.954249e-02,4.281785e-03,2.143217e-03,1.388867e-02,3.174102e-01,8.756205e-02,9.951355e-03,1.786566e-03,2.662070e-03,1.092738e-01,2.049956e-01
1.127390e-01,2.591826e-02,7.733943e-02,1.471762e-02,5.413536e-02,4.649315e-03,1.721061e-03,2.499326e-02,3.340223e-01,6.306756e-02,7.972432e-03,2.103308e-03,2.414773e-03,1.077022e-01,1.665042e-01
1.787754e-01,2.658029e-02,6.166656e-02,1.833490e-02,4.626139e-02,7.415931e-03,2.054964e-03,4.267011e-02,3.153425e-01,4.607334e-02,6.431223e-03,2.287922e-03,2.678068e-03,1.062582e-01,1.371691e-01
2.387798e-01,2.326111e-02,7.155921e-02,5.625191e-02,4.889583e-02,8.420590e-03,2.056027e-03,3.998440e-02,2.745268e-01,3.491911e-02,7.219015e-03,3.080893e-03,2.419322e-03,7.932196e-02,1.093040e-01
2.118377e-01,1.836548e-02,1.528609e-01,9.470464e-02,4.920311e-02,7.465897e-03,1.705420e-03,4.812489e-02,2.273993e-01,3.150249e-02,6.590987e-03,2.548318e-03,1.929876e-03,5.847811e-02,8.728283e-02
1.932015e-01,1.408331e-02,3.040436e-01,8.338673e-02,3.924967e-02,7.046862e-03,1.284589e-03,3.665791e-02,1.723898e-01,2.675575e-02,5.667276e-03,2.015367e-03,1.489010e-03,4.328180e-02,6.944686e-02
1.611984e-01,1.223877e-02,4.170749e-01,7.314919e-02,3.133833e-02,5.594554e-03,1.017239e-03,4.643036e-02,1.328153e-01,2.390889e-02,4.821812e-03,1.510418e-03,1.137489e-03,3.406992e-02,5.369437e-02
1.228992e-01,9.309099e-03,5.483053e-01,6.033937e-02,2.278970e-02,4.514107e-03,7.824221e-04,3.695615e-02,9.723330e-02,2.037052e-02,3.542349e-03,1.133510e-03,8.620445e-04,2.523325e-02,4.572970e-02
1.070594e-01,7.194257e-03,6.401640e-01,5.123894e-02,1.685703e-02,3.966893e-03,8.026862e-04,3.188552e-02,6.935050e-02,1.551030e-02,2.647380e-03,9.534806e-04,7.142789e-04,1.853571e-02,3.311950e-02
9.238353e-02,6.023746e-03,7.000143e-01,4.750661e-02,1.319322e-02,3.542916e-03,1.031378e-03,3.343648e-02,5.029456e-02,1.146128e-02,1.928963e-03,7.990529e-04,6.009197e-04,1.365392e-02,2.412908e-02
1.124437e-01,5.405731e-03,6.851487e-01,5.129123e-02,1.222469e-02,3.429704e-03,1.832657e-03,4.762071e-02,3.896069e-02,9.777262e-03,1.483173e-03,8.521075e-04,5.498219e-04,1.084716e-02,1.813261e-02
1.205166e-01,4.598883e-03,6.957582e-01,4.663302e-02,1.031304e-02,2.849121e-03,2.811128e-03,5.366663e-02,2.898241e-02,7.553427e-03,1.201623e-03,9.110707e-04,6.321227e-04,1.020330e-02,1.336942e-02
1.248588e-01,4.119999e-03,7.068027e-01,4.542138e-02,8.976799e-03,2.511245e-03,3.261944e-03,5.428116e-02,2.180086e-02,6.259664e-03,1.075819e-03,1.063125e-03,6.913060e-04,8.501817e-03,1.037327e-02
1.284349e-01,4.814113e-03,7.274486e-01,3.769824e-02,7.183014e-03,2.382676e-03,3.445852e-03,4.443518e-02,1.855772e-02,6.563661e-03,1.020606e-03,1.245217e-03,6.965568e-04,7.497292e-03,8.576331e-03
1.471743e-01,5.877584e-03,7.245225e-01,3.072133e-02,5.767855e-03,2.345405e-03,3.856840e-03,4.100186e-02,1.500852e-02,6.553203e-03,9.256373e-04,1.347048e-03,6.547634e-04,6.734743e-03,7.508404e-03
2.031968e-01,1.170404e-02,6.361187e-01,2.889013e-02,5.603820e-03,4.065995e-03,3.955241e-03,6.080977e-02,1.540094e-02,6.809536e-03,1.296309e-03,2.844340e-03,9.894473e-04,7.375531e-03,1.093949e-02
2.936383e-01,1.426827e-02,5.051780e-01,2.833307e-02,6.050887e-03,5.545060e-03,3.661705e-03,9.101456e-02,1.527310e-02,7.047832e-03,1.730165e-03,4.805865e-03,1.673493e-03,8.289614e-03,1.349014e-02
3.493420e-01,1.482214e-02,3.841820e-01,2.459246e-02,5.975328e-03,9.352417e-03,3.091805e-03,9.755116e-02,3.010866e-02,1.095928e-02,3.621924e-03,1.384163e-02,6.320861e-03,1.123168e-02,3.500658e-02
3.245735e-01,1.173032e-02,3.987926e-01,2.739800e-02,5.638428e-03,9.098040e-03,2.973005e-03,9.252654e-02,3.489875e-02,1.751779e-02,4.209655e-03,1.276431e-02,5.401428e-03,1.550195e-02,3.697559e-02
3.616006e-01,1.020814e-02,3.130881e-01,2.602181e-02,7.072440e-03,1.074003e-02,3.538856e-03,1.109996e-01,5.167269e-02,1.997140e-02,6.338676e-03,1.590265e-02,6.380837e-03,1.602567e-02,4.043853e-02
3.758384e-01,9.188429e-03,2.325528e-01,2.678430e-02,6.925241e-03,1.635137e-02,3.555817e-03,9.132884e-02,7.935710e-02,2.411926e-02,1.358175e-02,2.446233e-02,1.185854e-02,2.355833e-02,6.053750e-02
3.283089e-01,1.016180e-02,2.046870e-01,6.143830e-02,7.094493e-03,2.094463e-02,3.630662e-03,8.678647e-02,9.643226e-02,2.012810e-02,1.295171e-02,4.329639e-02,2.447715e-02,1.924544e-02,6.041667e-02
3.578333e-01,1.129276e-02,1.573181e-01,6.552710e-02,7.992116e-03,2.576306e-02,3.699737e-03,6.907667e-02,8.963542e-02,2.937459e-02,1.430798e-02,5.510110e-02,3.019405e-02,1.943527e-02,6.344867e-02
3.121455e-01,1.053435e-02,1.217355e-01,5.278080e-02,7.546059e-03,2.414814e-02,3.196580e-03,5.233117e-02,1.563874e-01,4.188677e-02,1.899651e-02,4.780011e-02,3.154295e-02,3.366870e-02,8.529940e-02
3.528083e-01,9.615562e-03,8.978166e-02,4.773170e-02,7.744472e-03,2.718653e-02,2.891434e-03,3.903822e-02,1.524109e-01,4.479178e-02,1.944213e-02,4.704940e-02,3.558455e-02,4.073471e-02,8.318868e-02
3.488220e-01,8.697489e-03,6.990832e-02,4.763877e-02,8.648911e-03,2.700274e-02,2.828656e-03,3.194150e-02,1.848302e-01,4.239598e-02,2.458304e-02,4.485369e-02,4.803607e-02,3.598514e-02,7.382758e-02
3.453993e-01,8.284217e-03,5.150389e-02,3.825449e-02,1.371365e-02,2.415350e-02,2.612170e-03,2.377904e-02,1.755974e-01,1.108648e-01,2.466139e-02,3.800159e-02,4.807800e-02,3.397309e-02,6.112353e-02
3.248538e-01,7.758402e-03,3.674316e-02,3.581187e-02,1.296276e-02,2.748837e-02,2.515540e-03,1.818246e-02,1.616580e-01,9.045430e-02,4.707284e-02,6.388149e-02,9.461686e-02,2.657126e-02,4.942879e-02
3.122772e-01,1.026099e-02,2.663703e-02,3.761081e-02,1.374086e-02,5.027957e-02,3.809336e-03,1.464395e-02,1.443751e-01,6.687257e-02,4.677616e-02,9.360646e-02,1.180963e-01,2.014680e-02,4.086677e-02
2.642748e-01,1.198803e-02,2.246940e-02,3.911935e-02,2.134140e-02,4.521395e-02,4.287760e-03,1.464190e-02,1.590539e-01,5.234339e-02,1.003134e-01,8.895499e-02,1.244422e-01,1.632941e-02,3.522611e-02
3.005071e-01,1.047970e-02,7.703879e-02,3.781815e-02,3.194904e-02,4.416076e-02,5.410060e-03,1.930225e-02,1.338634e-01,3.800629e-02,9.331189e-02,6.736753e-02,9.800670e-02,1.269632e-02,3.008199e-02
2.856425e-01,1.199941e-02,1.501799e-01,9.125198e-02,4.668977e-02,3.731628e-02,5.520168e-03,1.657466e-02,1.025518e-01,2.746395e-02,6.863115e-02,5.315364e-02,7.067233e-02,9.302039e-03,2.305042e-02
3.192328e-01,1.901161e-02,1.589968e-01,9.126713e-02,6.316774e-02,4.824711e-02,6.423714e-03,1.446518e-02,8.464183e-02,2.048445e-02,5.217990e-02,4.345415e-02,5.193773e-02,7.769796e-03,1.872019e-02
2.757442e-01,2.251768e-02,1.564793e-01,1.663672e-01,1.017079e-01,5.016131e-02,7.173387e-03,1.340206e-02,6.254584e-02,1.490050e-02,3.804677e-02,3.261630e-02,3.756331e-02,6.050528e-03,1.472372e-02
2.833802e-01,3.350524e-02,1.418551e-01,1.838814e-01,1.230944e-01,4.644610e-02,8.412507e-03,1.160436e-02,4.927136e-02,1.185404e-02,3.153742e-02,2.572092e-02,2.864884e-02,5.592549e-03,1.519571e-02
3.189758e-01,4.090673e-02,1.083039e-01,2.302559e-01,1.065235e-01,3.559678e-02,7.076336e-03,1.302571e-02,3.819968e-02,9.381973e-03,2.484955e-02,2.457354e-02,2.325158e-02,4.612153e-03,1.446698e-02
3.882197e-01,4.420047e-02,8.233178e-02,2.221243e-01,9.346584e-02,2.873916e-02,6.841902e-03,1.378422e-02,2.955925e-02,7.253469e-03,2.161248e-02,2.462940e-02,2.011194e-02,4.115543e-03,1.301055e-02
4.482014e-01,4.786990e-02,6.361621e-02,2.000775e-01,8.350618e-02,2.504316e-02,7.077814e-03,1.408031e-02,2.352577e-02,5.889281e-03,1.954684e-02,2.636132e-02,1.868830e-02,4.084873e-03,1.243120e-02
1.000000e+00,0.000000e+00,0.000000e+00,0.000000e+00,0.000000e+00,0.000000e+00,0.000000e+00,0.000000e+00,0.000000e+00,0.000000e+00,0.000000e+00,0.000000e+00,0.000000e+00,0.000000e+00,0.000000e+00
4.832431e-01,4.448815e-02,3.879418e-02,2.286862e-01,6.339048e-02,1.984508e-02,4.875580e-03,1.664941e-02,1.566546e-02,4.862895e-03,1.994905e-02,2.999569e-02,1.665044e-02,4.032045e-03,8.872195e-03
4.002939e-01,4.177449e-02,3.025743e-02,2.716849e-01,5.157408e-02,2.136429e-02,3.919917e-03,1.347816e-02,1.934559e-02,1.169291e-02,3.791699e-02,2.700520e-02,5.542331e-02,3.994835e-03,1.027402e-02
3.067513e-01,3.553251e-02,2.165987e-02,2.558939e-01,4.276181e-02,2.059388e-02,2.926940e-03,9.876297e-03,1.645487e-02,1.836524e-02,4.180077e-02,2.238491e-02,1.894155e-01,3.218965e-03,1.236327e-02
2.629139e-01,2.694483e-02,1.544226e-02,2.109216e-01,3.334019e-02,1.685090e-02,2.165136e-03,7.249006e-03,1.503057e-02,1.531968e-02,3.136859e-02,1.918726e-02,3.260460e-01,2.516810e-03,1.470327e-02
1.935371e-01,1.899233e-02,1.090058e-02,1.486421e-01,2.393010e-02,1.229279e-02,1.580187e-03,5.558137e-03,1.114665e-02,1.121964e-02,2.314901e-02,1.611035e-02,5.069900e-01,1.939055e-03,1.401197e-02
1.402103e-01,1.332952e-02,7.695470e-03,1.043061e-01,1.730252e-02,9.338836e-03,1.220166e-03,4.388636e-03,8.185169e-03,7.966335e-03,1.820279e-02,1.509438e-02,6.403874e-01,1.521746e-03,1.085067e-02
