1.000000e+00,0.000000e+00,0.000000e+00,0.000000e+00,0.000000e+00,0.000000e+00,0.000000e+00,0.000000e+00,0.000000e+00,0.000000e+00,0.000000e+00,0.000000e+00,0.000000e+00,0.000000e+00,0.000000e+00
1.000000e+00,0.000000e+00,0.000000e+00,0.000000e+00,0.000000e+00,0.000000e+00,0.000000e+00,0.000000e+00,0.000000e+00,0.000000e+00,0.000000e+00,0.000000e+00,0.000000e+00,0.000000e+00,0.000000e+00
1.000000e+00,0.000000e+00,0.000000e+00,0.000000e+00,0.000000e+00,0.000000e+00,0.000000e+00,0.000000e+00,0.000000e+00,0.000000e+00,0.000000e+00,0.000000e+00,0.000000e+00,0.000000e+00,0.000000e+00
1.000000e+00,0.000000e+00,0.000000e+00,0.000000e+00,0.000000e+00,0.000000e+00,0.000000e+00,0.000000e+00,0.000000e+00,0.000000e+00,0.000000e+00,0.000000e+00,0.000000e+00,0.000000e+00,0.000000e+00
1.000000e+00,0.000000e+00,0.000000e+00,0.000000e+00,0.000000e+00,0.000000e+00,0.000000e+00,0.000000e+00,0.000000e+00,0.000000e+00,0.000000e+00,0.000000e+00,0.000000e+00,0.000000e+00,0.000000e+00
1.000000e+00,0.000000e+00,0.000000e+00,0.000000e+00,0.000000e+00,0.000000e+00,0.000000e+00,0.000000e+00,0.000000e+00,0.000000e+00,0.000000e+00,0.000000e+00,0.000000e+00,0.000000e+00,0.000000e+00
1.000000e+00,0.000000e+00,0.000000e+00,0.000000e+00,0.000000e+00,0.000000e+00,0.000000e+00,0.000000e+00,0.000000e+00,0.000000e+00,0.000000e+00,0.000000e+00,0.000000e+00,0.000000e+00,0.000000e+00
1.000000e+00,0.000000e+00,0.000000e+00,0.000000e+00,0.000000e+00,0.000000e+00,0.000000e+00,0.000000e+00,0.000000e+00,0.000000e+00,0.000000e+00,0.000000e+00,0.000000e+00,0.000000e+00,0.000000e+00
1.000000e+00,0.000000e+00,0.000000e+00,0.000000e+00,0.000000e+00,0.000000e+00,0.000000e+00,0.000000e+00,0.000000e+00,0.000000e+00,0.000000e+00,0.000000e+00,0.000000e+00,0.000000e+00,0.000000e+00
1.000000e+00,0.000000e+00,0.000000e+00,0.000000e+00,0.000000e+00,0.000000e+00,0.000000e+00,0.000000e+00,0.000000e+00,0.000000e+00,0.000000e+00,0.000000e+00,0.000000e+00,0.000000e+00,0.000000e+00
1.000000e+00,0.000000e+00,0.000000e+00,0.000000e+00,0.000000e+00,0.000000e+00,0.000000e+00,0.000000e+00,0.000000e+00,0.000000e+00,0.000000e+00,0.000000e+00,0.000000e+00,0.000000e+00,0.000000e+00
1.000000e+00,0.000000e+00,0.000000e+00,0.000000e+00,0.000000e+00,0.000000e+00,0.000000e+00,0.000000e+00,0.000000e+00,0.000000e+00,0.000000e+00,0.000000e+00,0.000000e+00,0.000000e+00,0.000000e+00
1.000000e+00,0.000000e+00,0.000000e+00,0.000000e+00,0.000000e+00,0.000000e+00,0.000000e+00,0.000000e+00,0.000000e+00,0.000000e+00,0.000000e+00,0.000000e+00,0.000000e+00,0.000000e+00,0.000000e+00
1.000000e+00,0.000000e+00,0.000000e+00,0.000000e+00,0.000000e+00,0.000000e+00,0.000000e+00,0.000000e+00,0.000000e+00,0.000000e+00,0.000000e+00,0.000000e+00,0.000000e+00,0.000000e+00,0.000000e+00
1.000000e+00,0.000000e+00,0.000000e+00,0.000000e+00,0.000000e+00,0.000000e+00,0.000000e+00,0.000000e+00,0.000000e+00,0.000000e+00,0.000000e+00,0.000000e+00,0.000000e+00,0.000000e+00,0.000000e+00
1.000000e+00,0.000000e+00,0.000000e+00,0.000000e+00,0.000000e+00,0.000000e+00,0.000000e+00,0.000000e+00,0.000000e+00,0.000000e+00,0.000000e+00,0.000000e+00,0.000000e+00,0.000000e+00,0.000000e+00
1.000000e+00,0.000000e+00,0.000000e+00,0.000000e+00,0.000000e+00,0.000000e+00,0.000000e+00,0.000000e+00,0.000000e+00,0.000000e+00,0.000000e+00,0.000000e+00,0.000000e+00,0.000000e+00,0.000000e+00
1.000000e+00,0.000000e+00,0.000000e+00,0.000000e+00,0.000000e+00,0.000000e+00,0.000000e+00,0.000000e+00,0.000000e+00,0.000000e+00,0.000000e+00,0.000000e+00,0.000000e+00,0.000000e+00,0.000000e+00
1.000000e+00,0.000000e+00,0.000000e+00,0.000000e+00,0.000000e+00,0.000000e+00,0.000000e+00,0.000000e+00,0.000000e+00,0.000000e+00,0.000000e+00,0.000000e+00,0.000000e+00,0.000000e+00,0.000000e+00
1.000000e+00,0.000000e+00,0.000000e+00,0.000000e+00,0.000000e+00,0.000000e+00,0.000000e+00,0.000000e+00,0.000000e+00,0.000000e+00,0.000000e+00,0.000000e+00,0.000000e+00,0.000000e+00,0.000000e+00
1.000000e+00,0.000000e+00,0.000000e+00,0.000000e+00,0.000000e+00,0.000000e+00,0.000000e+00,0.000000e+00,0.000000e+00,0.000000e+00,0.000000e+00,0.000000e+00,0.000000e+00,0.000000e+00,0.000000e+00
1.000000e+00,0.000000e+00,0.000000e+00,0.000000e+00,0.000000e+00,0.000000e+00,0.000000e+00,0.000000e+00,0.000000e+00,0.000000e+00,0.000000e+00,0.000000e+00,0.000000e+00,0.000000e+00,0.000000e+00
1.000000e+00,0.000000e+00,0.000000e+00,0.000000e+00,0.000000e+00,0.000000e+00,0.000000e+00,0.000000e+00,0.000000e+00,0.000000e+00,0.000000e+00,0.000000e+00,0.000000e+00,0.000000e+00,0.000000e+00
1.000000e+00,0.000000e+00,0.000000e+00,0.000000e+00,0.000000e+00,0.000000e+00,0.000000e+00,0.000000e+00,0.000000e+00,0.000000e+00,0.000000e+00,0.000000e+00,0.000000e+00,0.000000e+00,0.000000e+00
1.000000e+00,0.000000e+00,0.000000e+00,0.000000e+00,0.000000e+00,0.000000e+00,0.000000e+00,0.000000e+00,0.000000e+00,0.000000e+00,0.000000e+00,0.000000e+00,0.000000e+00,0.000000e+00,0.000000e+00
1.000000e+00,0.000000e+00,0.000000e+00,0.000000e+00,0.000000e+00,0.000000e+00,0.000000e+00,0.000000e+00,0.000000e+00,0.000000e+00,0.000000e+00,0.000000e+00,0.000000e+00,0.000000e+00,0.000000e+00
1.000000e+00,0.000000e+00,0.000000e+00,0.000000e+00,0.000000e+00,0.000000e+00,0.000000e+00,0.000000e+00,0.000000e+00,0.000000e+00,0.000000e+00,0.000000e+00,0.000000e+00,0.000000e+00,0.000000e+00
1.000000e+00,0.000000e+00,0.000000e+00,0.000000e+00,0.000000e+00,0.000000e+00,0.000000e+00,0.000000e+00,0.000000e+00,0.000000e+00,0.000000e+00,0.000000e+00,0.000000e+00,0.000000e+00,0.000000e+00
1.000000e+00,0.000000e+00,0.000000e+00,0.000000e+00,0.000000e+00,0.000000e+00,0.000000e+00,0.000000e+00,0.000000e+00,0.000000e+00,0.000000e+00,0.000000e+00,0.000000e+00,0.000000e+00,0.000000e+00
1.000000e+00,0.000000e+00,0.000000e+00,0.000000e+00,0.000000e+00,0.000000e+00,0.000000e+00,0.000000e+00,0.000000e+00,0.000000e+00,0.000000e+00,0.000000e+00,0.000000e+00,0.000000e+00,0.000000e+00
1.000000e+00,0.000000e+00,0.000000e+00,0.000000e+00,0.000000e+00,0.000000e+00,0.000000e+00,0.000000e+00,0.000000e+00,0.000000e+00,0.000000e+00,0.000000e+00,0.000000e+00,0.000000e+00,0.000000e+00
1.000000e+00,0.000000e+00,0.000000e+00,0.000000e+00,0.000000e+00,0.000000e+00,0.000000e+00,0.000000e+00,0.000000e+00,0.000000e+00,0.000000e+00,0.000000e+00,0.000000e+00,0.000000e+00,0.000000e+00
1.000000e+00,0.000000e+00,0.000000e+00,0.000000e+00,0.000000e+00,0.000000e+00,0.000000e+00,0.000000e+00,0.000000e+00,0.000000e+00,0.000000e+00,0.000000e+00,0.000000e+00,0.000000e+00,0.000000e+00
1.000000e+00,0.000000e+00,0.000000e+00,0.000000e+00,0.000000e+00,0.000000e+00,0.000000e+00,0.000000e+00,0.000000e+00,0.000000e+00,0.000000e+00,0.000000e+00,0.000000e+00,0.000000e+00,0.000000e+00
1.000000e+00,0.000000e+00,0.000000e+00,0.000000e+00,0.000000e+00,0.000000e+00,0.000000e+00,0.000000e+00,0.000000e+00,0.000000e+00,0.000000e+00,0.000000e+00,0.000000e+00,0.000000e+00,0.000000e+00
1.000000e+00,0.000000e+00,0.000000e+00,0.000000e+00,0.000000e+00,0.000000e+00,0.000000e+00,0.000000e+00,0.000000e+00,0.000000e+00,0.000000e+00,0.000000e+00,0.000000e+00,0.000000e+00,0.000000e+00
1.000000e+00,0.000000e+00,0.000000e+00,0.000000e+00,0.000000e+00,0.000000e+00,0.000000e+00,0.000000e+00,0.000000e+00,0.000000e+00,0.000000e+00,0.000000e+00,0.000000e+00,0.000000e+00,0.000000e+00
1.000000e+00,0.000000e+00,0.000000e+00,0.000000e+00,0.000000e+00,0.000000e+00,0.000000e+00,0.000000e+00,0.000000e+00,0.000000e+00,0.000000e+00,0.000000e+00,0.000000e+00,0.000000e+00,0.000000e+00
1.000000e+00,0.000000e+00,0.000000e+00,0.000000e+00,0.000000e+00,0.000000e+00,0.000000e+00,0.000000e+00,0.000000e+00,0.000000e+00,0.000000e+00,0.000000e+00,0.000000e+00,0.000000e+00,0.000000e+00
1.000000e+00,0.000000e+00,0.000000e+00,0.000000e+00,0.000000e+00,0.000000e+00,0.000000e+00,0.000000e+00,0.000000e+00,0.000000e+00,0.000000e+00,0.000000e+00,0.000000e+00,0.000000e+00,0.000000e+00
1.000000e+00,0.000000e+00,0.000000e+00,0.000000e+00,0.000000e+00,0.000000e+00,0.000000e+00,0.000000e+00,0.000000e+00,0.000000e+00,0.000000e+00,0.000000e+00,0.000000e+00,0.000000e+00,0.000000e+00
1.000000e+00,0.000000e+00,0.000000e+00,0.000000e+00,0.000000e+00,0.000000e+00,0.000000e+00,0.000000e+00,0.000000e+00,0.000000e+00,0.000000e+00,0.000000e+00,0.000000e+00,0.000000e+00,0.000000e+00
1.000000e+00,0.000000e+00,0.000000e+00,0.000000e+00,0.000000e+00,0.000000e+00,0.000000e+00,0.000000e+00,0.000000e+00,0.000000e+00,0.000000e+00,0.000000e+00,0.000000e+00,0.000000e+00,0.000000e+00
1.000000e+00,0.000000e+00,0.000000e+00,0.000000e+00,0.000000e+00,0.000000e+00,0.000000e+00,0.000000e+00,0.000000e+00,0.000000e+00,0.000000e+00,0.000000e+00,0.000000e+00,0.000000e+00,0.000000e+00
1.000000e+00,0.000000e+00,0.000000e+00,0.000000e+00,0.000000e+00,0.000000e+00,0.000000e+00,0.000000e+00,0.000000e+00,0.000000e+00,0.000000e+00,0.000000e+00,0.000000e+00,0.000000e+00,0.000000e+00
1.000000e+00,0.000000e+00,0.000000e+00,0.000000e+00,0.000000e+00,0.000000e+00,0.000000e+00,0.000000e+00,0.000000e+00,0.000000e+00,0.000000e+00,0.000000e+00,0.000000e+00,0.000000e+00,0.000000e+00
1.000000e+00,0.000000e+00,0.000000e+00,0.000000e+00,0.000000e+00,0.000000e+00,0.000000e+00,0.000000e+00,0.000000e+00,0.000000e+00,0.000000e+00,0.000000e+00,0.000000e+00,0.000000e+00,0.000000e+00
1.000000e+00,0.000000e+00,0.000000e+00,0.000000e+00,0.000000e+00,0.000000e+00,0.000000e+00,0.000000e+00,0.000000e+00,0.000000e+00,0.000000e+00,0.000000e+00,0.000000e+00,0.000000e+00,0.000000e+00
1.000000e+00,0.000000e+00,0.000000e+00,0.000000e+00,0.000000e+00,0.000000e+00,0.000000e+00,0.000000e+00,0.000000e+00,0.000000e+00,0.000000e+00,0.000000e+00,0.000000e+00,0.000000e+00,0.000000e+00
1.000000e+00,0.000000e+00,0.000000e+00,0.000000e+00,0.000000e+00,0.000000e+00,0.000000e+00,0.000000e+00,0.000000e+00,0.000000e+00,0.000000e+00,0.000000e+00,0.000000e+00,0.000000e+00,0.000000e+00
1.000000e+00,0.000000e+00,0.000000e+00,0.000000e+00,0.000000e+00,0.000000e+00,0.000000e+00,0.000000e+00,0.000000e+00,0.000000e+00,0.000000e+00,0.000000e+00,0.000000e+00,0.000000e+00,0.000000e+00
1.000000e+00,0.000000e+00,0.000000e+00,0.000000e+00,0.000000e+00,0.000000e+00,0.000000e+00,0.000000e+00,0.000000e+00,0.000000e+00,0.000000e+00,0.000000e+00,0.000000e+00,0.000000e+00,0.000000e+00
1.000000e+00,0.000000e+00,0.000000e+00,0.000000e+00,0.000000e+00,0.000000e+00,0.000000e+00,0.000000e+00,0.000000e+00,0.000000e+00,0.000000e+00,0.000000e+00,0.000000e+00,0.000000e+00,0.000000e+00
1.000000e+00,0.000000e+00,0.000000e+00,0.000000e+00,0.000000e+00,0.000000e+00,0.000000e+00,0.000000e+00,0.000000e+00,0.000000e+00,0.000000e+00,0.000000e+00,0.000000e+00,0.000000e+00,0.000000e+00
1.000000e+00,0.000000e+00,0.000000e+00,0.000000e+00,0.000000e+00,0.000000e+00,0.000000e+00,0.000000e+00,0.000000e+00,0.000000e+00,0.000000e+00,0.000000e+00,0.000000e+00,0.000000e+00,0.000000e+00
1.000000e+00,0.000000e+00,0.000000e+00,0.000000e+00,0.000000e+00,0.000000e+00,0.000000e+00,0.000000e+00,0.000000e+00,0.000000e+00,0.000000e+00,0.000000e+00,0.000000e+00,0.000000e+00,0.000000e+00
1.000000e+00,0.000000e+00,0.000000e+00,0.000000e+00,0.000000e+00,0.000000e+00,0.000000e+00,0.000000e+00,0.000000e+00,0.000000e+00,0.000000e+00,0.000000e+00,0.000000e+00,0.000000e+00,0.000000e+00
1.000000e+00,0.000000e+00,0.000000e+00,0.000000e+00,0.000000e+00,0.000000e+00,0.000000e+00,0.000000e+00,0.000000e+00,0.000000e+00,0.000000e+00,0.000000e+00,0.000000e+00,0.000000e+00,0.000000e+00
1.000000e+00,0.000000e+00,0.000000e+00,0.000000e+00,0.000000e+00,0.000000e+00,0.000000e+00,0.000000e+00,0.000000e+00,0.000000e+00,0.000000e+00,0.000000e+00,0.000000e+00,0.000000e+00,0.000000e+00
4.862872e-01,7.549027e-02,7.858481e-02,1.399913e-01,7.586633e-03,1.955159e-02,4.374270e-03,1.561424e-02,2.099617e-02,3.477148e-03,3.587479e-02,2.631317e-02,1.221456e-02,1.377986e-02,5.986393e-02
3.484336e-01,5.858054e-02,2.849306e-01,1.393757e-01,5.501839e-03,1.462965e-02,3.174888e-03,1.299432e-02,1.568156e-02,2.777567e-03,2.888208e-02,1.911342e-02,8.784309e-03,1.137126e-02,4.576866e-02
2.682978e-01,5.225409e-02,4.135957e-01,1.136452e-01,4.110532e-03,1.435433e-02,2.329969e-03,9.473253e-03,1.170040e-02,6.872234e-03,2.554273e-02,1.485778e-02,6.986500e-03,9.630841e-03,4.634861e-02
1.911600e-01,3.776393e-02,3.616100e-01,7.987896e-02,3.000625e-03,1.163104e-02,1.668224e-03,6.861641e-03,8.615038e-03,2.073703e-01,1.973758e-02,1.064396e-02,6.304758e-03,1.694919e-02,3.680483e-02
1.986579e-01,3.109562e-02,3.862737e-01,6.154393e-02,3.918003e-03,1.337310e-02,1.455497e-03,7.552059e-03,9.827956e-03,1.712414e-01,2.560305e-02,1.253173e-02,7.108414e-03,2.659030e-02,4.322726e-02
3.143067e-01,2.502769e-02,2.889948e-01,4.600848e-02,4.556725e-03,1.349093e-02,1.536726e-03,6.372914e-03,1.005142e-02,1.477004e-01,2.738864e-02,1.666751e-02,7.813507e-03,4.766158e-02,4.242197e-02
4.014199e-01,1.974578e-02,2.120728e-01,3.561448e-02,4.960213e-03,1.606185e-02,1.688395e-03,5.861254e-03,1.155764e-02,1.269876e-01,2.674775e-02,1.599220e-02,7.816990e-03,6.847866e-02,4.499443e-02
4.288332e-01,1.766510e-02,1.515783e-01,2.848911e-02,6.599768e-03,1.868843e-02,1.676590e-03,4.916833e-03,1.129078e-02,1.498096e-01,2.665010e-02,1.580473e-02,9.638506e-03,7.731835e-02,5.104046e-02
3.768602e-01,1.619861e-02,1.066293e-01,2.194573e-02,9.234174e-03,3.019054e-02,1.503945e-03,3.964202e-03,9.846785e-03,2.587018e-01,3.723297e-02,1.425847e-02,9.799561e-03,6.254566e-02,4.108801e-02
3.909144e-01,1.456777e-02,7.479487e-02,1.693460e-02,8.884644e-03,3.163566e-02,1.302662e-03,3.007087e-03,8.663738e-03,2.900519e-01,4.943010e-02,1.610123e-02,1.020533e-02,4.894339e-02,3.456258e-02
3.803747e-01,1.315257e-02,5.259643e-02,1.444870e-02,7.738585e-03,4.318663e-02,1.062986e-03,2.421886e-03,1.728627e-02,2.274595e-01,1.347207e-01,2.212293e-02,1.285805e-02,4.038495e-02,3.018506e-02
2.939973e-01,1.172252e-02,3.689087e-02,1.100362e-02,6.562830e-03,4.932553e-02,8.706615e-04,1.783416e-03,1.408015e-02,3.093845e-01,1.777494e-01,2.096118e-02,1.007240e-02,3.314063e-02,2.245506e-02
2.191269e-01,1.021913e-02,2.589329e-02,9.485467e-03,5.180858e-03,4.361045e-02,6.932028e-04,1.528322e-03,1.522532e-02,2.816786e-01,3.107590e-01,2.328109e-02,7.862178e-03,2.773544e-02,1.772071e-02
1.574597e-01,8.466851e-03,1.814283e-02,7.098389e-03,3.758371e-03,3.338099e-02,5.144763e-04,1.097627e-03,1.214056e-02,2.568587e-01,4.391987e-01,2.134658e-02,5.978134e-03,2.183087e-02,1.272727e-02
1.303203e-01,7.517646e-03,1.273628e-02,6.632646e-03,2.785552e-03,2.826843e-02,3.934947e-04,8.725959e-04,1.186833e-02,2.325991e-01,5.098226e-01,2.340674e-02,4.670394e-03,1.835848e-02,9.747354e-03
9.535456e-02,1.440735e-02,9.044363e-03,4.751191e-03,2.268490e-03,2.243159e-02,3.022693e-04,6.302710e-04,1.042758e-02,3.943397e-01,3.971422e-01,1.965670e-02,3.822509e-03,1.778306e-02,7.638148e-03
8.021688e-02,1.229524e-02,6.406775e-03,3.430341e-03,1.869724e-03,2.439826e-02,2.270072e-04,4.602052e-04,8.953855e-03,4.859804e-01,3.313947e-01,1.802537e-02,5.011939e-03,1.453363e-02,6.795700e-03
5.947704e-02,1.203917e-02,4.706490e-03,2.520292e-03,1.584805e-03,2.220350e-02,1.692331e-04,3.383742e-04,8.681493e-03,5.910240e-01,2.600718e-01,1.438599e-02,4.947117e-03,1.200422e-02,5.846474e-03
5.367344e-02,2.843095e-02,4.132293e-03,2.464586e-03,2.085672e-03,2.441952e-02,1.955695e-04,3.886458e-04,1.517080e-02,6.346419e-01,1.975520e-01,1.401889e-02,5.223457e-03,1.052104e-02,7.081287e-03
5.290524e-02,3.401902e-02,3.846061e-03,2.888342e-03,3.838803e-03,2.592500e-02,2.449890e-04,5.452650e-04,3.049321e-02,6.587659e-01,1.503284e-01,1.377023e-02,5.608378e-03,9.958884e-03,6.862293e-03
6.147704e-02,6.301015e-02,4.986164e-03,1.214364e-02,5.279610e-03,2.505742e-02,8.104820e-04,3.645259e-03,6.969677e-02,5.846473e-01,1.167280e-01,2.629154e-02,7.104553e-03,9.662771e-03,9.459337e-03
7.099417e-02,7.547611e-02,4.231945e-03,1.472884e-02,4.969577e-03,2.934053e-02,7.402349e-04,3.126398e-03,1.147268e-01,5.110255e-01,1.038520e-01,3.523144e-02,1.062957e-02,1.089162e-02,1.003518e-02
5.318933e-02,8.019841e-02,3.408446e-03,1.134286e-02,4.210559e-03,2.447501e-02,5.574470e-04,2.311073e-03,1.789427e-01,4.672242e-01,1.056302e-01,3.128462e-02,1.670381e-02,1.200477e-02,8.516544e-03
3.784940e-02,6.596531e-02,2.701673e-03,8.521046e-03,3.222517e-03,1.891281e-02,4.087841e-04,1.721002e-03,1.700967e-01,5.321997e-01,9.253208e-02,2.779436e-02,1.707607e-02,1.358162e-02,7.416848e-03
2.750708e-02,4.896189e-02,3.395092e-03,9.131877e-03,6.772431e-03,1.476423e-02,1.215983e-03,2.229154e-02,1.721373e-01,5.129509e-01,9.332834e-02,3.075047e-02,2.756447e-02,2.274362e-02,6.484749e-03
2.129404e-02,3.516711e-02,1.362169e-02,1.998130e-01,2.849267e-02,1.215152e-02,1.133298e-03,1.918183e-02,1.387802e-01,3.943170e-01,7.012011e-02,2.318372e-02,2.115174e-02,1.669395e-02,4.898069e-03
1.597152e-02,2.645128e-02,1.768571e-02,3.027966e-01,3.411733e-02,9.308649e-03,9.563862e-04,1.631187e-02,1.992065e-01,2.796180e-01,5.054015e-02,1.656094e-02,1.514370e-02,1.177373e-02,3.557646e-03
1.241992e-02,2.169846e-02,1.485308e-02,2.718787e-01,3.810904e-02,8.305498e-03,8.763798e-04,1.283064e-02,3.452467e-01,2.040648e-01,3.619846e-02,1.170146e-02,1.092438e-02,8.336649e-03,2.555749e-03
1.505042e-02,1.663736e-02,1.120247e-02,3.144349e-01,7.198257e-02,8.670865e-03,2.107107e-03,1.909728e-02,3.449394e-01,1.446949e-01,2.707811e-02,8.279108e-03,7.838061e-03,5.934111e-03,2.053429e-03
2.124942e-02,1.549914e-02,8.213419e-03,3.504699e-01,9.997156e-02,8.682142e-03,2.701386e-03,2.067734e-02,3.313280e-01,1.030304e-01,2.061840e-02,5.892337e-03,5.705083e-03,4.216765e-03,1.744670e-03
4.559059e-02,1.663224e-02,6.009912e-03,3.178995e-01,1.137434e-01,1.053931e-02,2.332690e-03,3.957564e-02,3.316751e-01,8.516130e-02,1.742010e-02,4.304176e-03,4.145158e-03,3.252902e-03,1.717985e-03
7.033709e-02,1.755262e-02,4.631751e-03,3.111939e-01,1.088462e-01,8.877745e-03,2.212429e-03,8.189661e-02,3.014800e-01,6.631817e-02,1.521137e-02,3.882320e-03,3.383273e-03,2.471337e-03,1.705159e-03
8.239196e-02,2.065862e-02,4.197410e-03,2.777742e-01,1.116312e-01,9.675994e-03,2.293410e-03,9.596935e-02,3.145485e-01,5.555625e-02,1.434394e-02,3.616871e-03,3.159102e-03,2.106674e-03,2.076540e-03
1.080636e-01,2.173196e-02,4.168028e-03,2.336358e-01,1.052702e-01,8.630713e-03,2.468759e-03,7.519197e-02,3.694305e-01,4.140571e-02,1.493290e-02,5.929102e-03,4.410164e-03,1.931737e-03,2.798838e-03
8.790855e-02,2.426488e-02,4.421962e-03,3.338157e-01,1.375586e-01,7.960042e-03,2.426141e-03,6.211537e-02,2.825823e-01,2.916827e-02,1.360883e-02,6.543435e-03,3.791134e-03,1.516617e-03,2.318204e-03
1.025966e-01,3.565347e-02,5.870228e-03,3.519104e-01,1.367744e-01,2.293834e-02,2.693790e-03,4.900831e-02,2.225820e-01,2.125585e-02,1.852819e-02,2.141524e-02,3.571054e-03,2.092368e-03,3.109809e-03
7.319086e-02,3.440510e-02,5.542228e-03,2.653416e-01,1.295823e-01,1.827070e-01,2.501090e-03,3.516668e-02,1.892007e-01,1.808818e-02,2.266625e-02,1.615494e-02,1.235186e-02,3.780130e-03,9.321112e-03
5.158420e-02,2.794399e-02,4.951681e-03,2.570703e-01,1.191345e-01,1.813218e-01,2.422917e-03,2.539398e-02,1.367640e-01,1.575731e-02,1.147779e-01,1.588221e-02,3.680686e-02,2.868010e-03,7.320290e-03
3.623716e-02,2.019342e-02,5.070615e-03,2.045901e-01,8.597550e-02,1.280269e-01,1.734641e-03,1.809479e-02,1.768273e-01,1.545975e-02,1.451074e-01,1.687188e-02,1.364070e-01,3.036619e-03,6.366901e-03
2.567673e-02,1.466565e-02,8.269684e-03,1.715033e-01,6.255549e-02,9.006971e-02,1.247543e-03,1.295599e-02,2.097345e-01,1.336003e-02,1.297902e-01,2.329849e-02,2.271421e-01,3.279720e-03,6.450891e-03
1.988748e-02,1.125628e-02,2.150231e-02,1.479576e-01,5.551130e-02,6.362219e-02,1.034633e-03,1.216788e-02,1.933261e-01,1.077869e-02,1.591828e-01,2.165601e-02,2.638364e-01,4.588246e-03,1.369207e-02
1.475681e-02,8.606962e-03,2.310997e-02,1.429594e-01,4.845907e-02,4.595337e-02,2.083879e-03,9.552216e-03,1.911104e-01,1.212831e-02,1.171209e-01,1.360791e-01,2.217336e-01,7.181242e-03,1.916482e-02
1.399240e-02,6.282030e-03,2.171454e-02,1.181140e-01,3.988797e-02,3.939018e-02,2.544975e-03,8.241029e-03,1.473066e-01,9.749153e-03,9.441257e-02,2.477118e-01,2.237283e-01,7.611117e-03,1.931336e-02
1.083178e-02,4.850451e-03,1.759282e-02,8.625456e-02,6.513242e-02,2.978137e-02,2.638747e-03,6.820774e-03,1.118758e-01,8.255394e-03,8.856934e-02,3.090123e-01,2.188540e-01,1.032425e-02,2.920596e-02
9.489722e-03,3.559292e-03,1.351743e-02,6.231192e-02,5.517599e-02,2.316946e-02,2.872190e-03,6.023047e-03,8.522447e-02,8.786028e-03,7.061519e-02,4.267147e-01,1.837276e-01,1.849648e-02,3.031644e-02
1.075549e-02,6.561443e-03,2.798748e-02,4.473389e-02,5.129398e-02,3.068512e-02,2.498215e-03,6.186746e-03,8.838577e-02,2.211943e-02,5.804242e-02,3.721212e-01,1.735726e-01,5.730603e-02,4.775019e-02
1.150554e-02,7.340665e-03,2.229536e-02,3.180443e-02,1.162666e-01,5.147342e-02,3.017356e-03,1.107037e-02,9.504253e-02,1.744616e-02,4.402807e-02,3.533515e-01,1.501727e-01,4.420137e-02,4.098390e-02
1.337254e-02,6.422885e-03,1.780746e-02,2.261025e-02,1.161938e-01,4.511292e-02,5.211261e-03,1.780178e-02,1.023022e-01,1.281748e-02,3.398026e-02,3.682847e-01,1.631617e-01,3.484502e-02,4.007572e-02
1.212426e-02,5.122820e-03,1.314940e-02,1.606891e-02,8.638670e-02,3.707453e-02,5.235801e-03,2.418496e-02,7.599956e-02,9.414813e-03,2.555554e-02,4.761169e-01,1.555688e-01,2.618421e-02,3.181278e-02
1.675456e-02,4.980920e-03,9.921033e-03,1.193427e-02,6.898900e-02,6.089929e-02,4.110767e-03,2.541148e-02,5.985760e-02,7.485210e-03,1.930984e-02,5.286467e-01,1.364522e-01,2.042054e-02,2.482665e-02
1.649387e-02,3.716032e-03,7.232478e-03,8.716711e-03,5.060378e-02,5.214415e-02,3.070754e-03,2.051941e-02,4.500639e-02,6.219700e-03,1.992916e-02,5.695112e-01,1.615522e-01,1.645112e-02,1.883304e-02
3.948097e-02,3.122265e-03,6.297617e-03,7.482757e-03,3.982257e-02,4.490483e-02,3.054149e-03,2.946899e-02,3.431483e-02,6.495810e-03,1.920019e-02,5.820227e-01,1.533409e-01,1.636763e-02,1.462377e-02
5.029018e-02,3.033642e-03,5.767626e-03,5.882828e-03,9.180307e-02,3.512880e-02,4.648909e-03,2.497147e-02,2.817861e-02,5.628430e-03,2.085049e-02,5.606261e-01,1.355921e-01,1.614877e-02,1.144898e-02
7.112649e-02,4.437038e-03,7.442211e-03,5.935690e-03,1.738094e-01,2.857181e-02,5.672927e-03,4.172339e-02,2.751169e-02,4.646236e-03,2.153042e-02,4.591045e-01,1.246943e-01,1.306807e-02,1.072586e-02
7.850079e-02,5.559536e-03,5.979910e-03,8.289794e-03,1.537095e-01,5.712637e-02,5.135528e-03,3.756901e-02,2.436445e-02,3.462332e-03,2.656981e-02,4.269606e-01,1.427850e-01,1.468474e-02,9.302725e-03
9.115157e-02,6.259597e-03,7.585119e-03,7.377846e-03,1.267999e-01,5.243496e-02,4.859472e-03,3.438173e-02,2.349257e-02,4.608243e-03,2.734167e-02,4.589587e-01,1.241737e-01,2.245965e-02,8.115277e-03
9.411722e-02,6.245135e-03,9.878714e-03,6.094021e-03,1.066245e-01,4.186645e-02,4.166039e-03,3.058777e-02,2.208333e-02,3.668002e-03,2.695439e-02,4.798474e-01,1.398470e-01,2.132640e-02,6.693656e-03
9.219755e-02,5.700179e-03,9.534933e-03,4.951534e-03,9.253288e-02,3.489319e-02,4.307325e-03,2.681444e-02,2.131589e-02,3.323485e-03,3.869349e-02,4.930844e-01,1.396107e-01,2.737188e-02,5.668194e-03
1.038647e-01,9.126857e-03,1.203925e-02,4.919486e-03,7.050252e-02,3.053478e-02,5.750837e-03,2.262141e-02,1.982912e-02,3.256518e-03,2.897485e-02,5.161037e-01,1.435178e-01,2.010300e-02,8.855220e-03
1.331097e-01,8.934082e-03,1.006807e-02,4.589949e-03,5.320011e-02,2.755915e-02,5.433863e-03,1.897951e-02,1.753993e-02,2.621304e-03,2.281748e-02,5.315460e-01,1.395979e-01,1.493911e-02,9.063920e-03
1.333029e-01,6.948957e-03,1.144213e-02,3.412198e-03,4.135877e-02,2.416305e-02,1.945999e-02,4.990096e-02,1.516349e-02,2.028494e-03,1.679925e-02,5.291495e-01,1.256904e-01,1.089958e-02,1.028030e-02
1.660687e-01,7.497299e-03,1.704472e-02,3.097829e-03,3.910897e-02,2.449963e-02,1.671097e-02,3.950319e-02,1.432466e-02,1.573148e-03,1.308047e-02,4.922053e-01,1.482018e-01,8.375567e-03,8.707727e-03
2.139343e-01,8.833298e-03,2.256986e-02,4.521301e-03,3.890649e-02,6.215042e-02,1.375004e-02,3.009718e-02,1.492698e-02,1.463926e-03,1.179136e-02,4.220288e-01,1.392499e-01,6.553664e-03,9.222503e-03
1.762475e-01,7.221793e-03,1.096145e-01,5.690143e-03,3.834571e-02,4.956643e-02,1.453615e-02,2.707396e-02,1.229697e-02,1.302785e-03,8.945865e-03,3.807752e-01,1.551860e-01,4.800784e-03,8.396192e-03
1.703644e-01,5.760385e-03,8.352137e-02,5.207969e-03,6.444876e-02,4.287430e-02,2.427670e-02,2.325712e-02,1.299654e-02,1.490220e-03,9.114523e-03,3.727944e-01,1.712225e-01,4.546889e-03,8.123946e-03
1.744710e-01,5.005665e-03,7.210636e-02,4.958494e-03,1.169394e-01,3.605013e-02,3.289531e-02,2.177148e-02,1.179083e-02,1.641369e-03,1.005219e-02,3.102627e-01,1.880362e-01,3.668839e-03,1.035012e-02
1.638740e-01,4.265358e-03,7.029136e-02,4.492867e-03,1.070061e-01,2.844000e-02,3.257726e-02,2.253684e-02,1.024821e-02,4.602839e-03,2.061641e-02,2.560513e-01,2.421888e-01,4.577406e-03,2.823130e-02
1.651246e-01,3.581821e-03,5.723608e-02,4.889297e-03,1.108170e-01,2.386532e-02,2.774134e-02,1.960213e-02,9.367425e-03,7.201048e-03,2.452741e-02,2.427199e-01,2.466042e-01,5.166423e-03,5.155606e-02
1.355431e-01,2.857095e-03,4.705667e-02,3.975499e-03,1.001422e-01,1.857457e-02,2.193296e-02,1.861028e-02,8.592480e-03,9.275991e-03,2.642006e-02,2.116481e-01,2.837252e-01,2.908170e-02,8.256412e-02
1.171022e-01,2.257991e-03,4.321745e-02,3.574383e-03,1.131256e-01,1.577944e-02,1.797896e-02,3.652373e-02,6.947530e-03,9.423518e-03,2.452459e-02,2.313363e-01,2.618588e-01,4.183828e-02,7.451136e-02
9.144565e-02,1.667065e-03,3.215808e-02,2.968057e-03,8.975087e-02,1.501894e-02,1.346960e-02,2.817827e-02,5.858345e-03,8.952457e-03,2.428094e-02,1.819775e-01,3.091065e-01,3.700723e-02,1.581606e-01
7.756615e-02,1.457500e-03,2.349122e-02,2.883590e-03,8.270137e-02,1.566168e-02,1.119418e-02,2.352937e-02,6.932824e-03,9.458630e-03,2.144650e-02,1.739027e-01,3.421496e-01,4.726282e-02,1.603620e-01
7.214367e-02,1.311514e-03,1.934637e-02,3.820668e-03,1.260650e-01,1.993322e-02,1.259598e-02,2.790717e-02,7.979944e-03,9.179632e-03,1.725049e-02,1.920083e-01,3.205387e-01,4.227510e-02,1.276443e-01
7.976517e-02,1.131663e-03,1.461879e-02,5.237848e-03,1.393758e-01,1.756988e-02,1.711317e-02,4.883754e-02,8.480877e-03,1.156926e-02,1.629426e-02,2.037753e-01,2.979775e-01,3.433966e-02,1.039133e-01
8.535843e-02,9.498086e-04,1.086471e-02,6.880515e-03,2.001339e-01,1.364831e-02,2.625270e-02,6.011027e-02,9.954777e-03,1.352943e-02,1.863826e-02,1.757090e-01,2.491846e-01,3.098232e-02,9.780292e-02
1.435357e-01,1.075305e-03,9.694894e-03,6.591303e-03,2.009121e-01,1.502987e-02,2.276386e-02,5.587374e-02,1.306012e-02,1.351547e-02,1.779876e-02,1.613035e-01,2.232809e-01,3.776616e-02,7.779837e-02
2.424808e-01,1.292526e-03,8.862804e-03,1.189301e-02,1.753418e-01,1.769219e-02,2.071181e-02,5.216234e-02,2.417587e-02,1.234357e-02,1.461330e-02,1.323145e-01,1.974405e-01,3.135466e-02,5.732034e-02
3.081928e-01,1.784211e-03,1.079696e-02,1.296307e-02,1.649996e-01,1.525981e-02,1.825259e-02,6.675071e-02,2.274051e-02,1.162638e-02,1.407236e-02,1.041471e-01,1.757495e-01,2.988057e-02,4.278370e-02
3.330384e-01,2.640089e-03,9.371673e-03,1.242487e-02,1.294722e-01,4.896012e-02,1.413070e-02,6.777949e-02,2.279064e-02,8.489488e-03,1.311553e-02,1.198729e-01,1.632669e-01,2.326971e-02,3.137731e-02
2.671686e-01,2.364004e-03,8.473134e-03,9.264687e-03,1.091340e-01,3.592736e-02,1.120594e-02,2.312516e-01,1.974176e-02,6.371880e-03,1.483283e-02,1.095373e-01,1.317666e-01,2.019529e-02,2.276495e-02
2.688613e-01,2.771029e-03,7.496252e-03,1.088870e-02,8.906151e-02,3.243812e-02,9.459892e-03,3.223539e-01,1.710604e-02,4.709263e-03,1.192810e-02,8.961844e-02,1.020525e-01,1.462227e-02,1.663274e-02
3.586671e-01,4.105821e-03,6.071831e-03,1.382329e-02,7.069986e-02,3.424763e-02,7.985383e-03,2.972947e-01,1.569632e-02,3.520868e-03,9.908925e-03,6.987209e-02,8.343717e-02,1.076480e-02,1.390428e-02
3.582692e-01,4.656260e-03,7.847361e-03,4.049970e-02,6.037709e-02,3.682863e-02,7.092236e-03,3.184967e-01,1.424842e-02,2.778450e-03,8.113714e-03,5.490974e-02,6.692931e-02,7.992496e-03,1.096075e-02
4.457542e-01,4.599728e-03,7.545536e-03,3.866075e-02,5.004271e-02,3.185485e-02,5.634211e-03,2.654371e-01,1.332397e-02,2.383474e-03,8.159782e-03,4.178552e-02,6.634641e-02,6.457965e-03,1.201383e-02
4.830942e-01,4.824011e-03,6.435674e-03,3.356555e-02,4.416779e-02,2.738437e-02,5.589976e-03,2.639065e-01,1.297664e-02,2.116858e-03,8.224539e-03,3.337736e-02,5.781186e-02,5.253390e-03,1.127139e-02
4.291834e-01,5.822998e-03,5.325591e-03,2.926990e-02,3.940739e-02,2.340970e-02,5.188198e-03,3.486561e-01,1.058577e-02,1.828440e-03,8.116614e-03,2.818229e-02,4.909161e-02,4.397115e-03,1.153496e-02
3.716211e-01,5.661499e-03,5.134844e-03,2.255662e-02,3.279748e-02,2.251047e-02,5.394700e-03,4.335173e-01,8.578272e-03,1.570421e-03,7.043693e-03,2.198110e-02,4.742630e-02,3.442646e-03,1.076356e-02
2.893828e-01,4.399037e-03,3.967511e-03,1.729710e-02,2.717847e-02,1.915068e-02,5.156729e-03,5.554507e-01,6.621544e-03,1.180886e-03,5.372325e-03,1.595999e-02,3.841398e-02,2.489260e-03,7.979021e-03
2.178320e-01,3.468392e-03,3.599476e-03,1.326591e-02,2.169269e-02,1.639379e-02,4.060595e-03,6.612833e-01,4.888789e-03,9.600717e-04,4.385729e-03,1.207119e-02,2.823675e-02,1.914897e-03,5.946440e-03
1.667068e-01,2.524707e-03,2.821539e-03,9.678306e-03,1.772683e-02,1.284927e-02,3.275515e-03,7.424388e-01,3.630968e-03,7.089556e-04,3.198001e-03,8.649505e-03,2.013641e-02,1.393187e-03,4.261184e-03
1.233235e-01,1.829444e-03,2.833159e-03,7.699340e-03,1.381585e-02,1.013805e-02,2.689484e-03,8.075746e-01,2.588253e-03,5.123999e-04,2.346978e-03,6.254554e-03,1.431838e-02,1.024340e-03,3.051681e-03
9.179633e-02,1.304984e-03,2.663719e-03,5.971979e-03,1.058388e-02,7.648718e-03,2.181217e-03,8.564047e-01,1.832757e-03,3.666131e-04,1.724711e-03,4.455366e-03,1.016897e-02,7.361448e-04,2.159992e-03
7.049904e-02,9.371942e-04,2.057088e-03,4.553484e-03,1.088410e-02,5.595671e-03,1.733818e-03,8.884814e-01,1.330669e-03,2.633091e-04,1.292756e-03,3.143871e-03,7.178737e-03,5.225640e-04,1.526366e-03
5.125981e-02,6.731524e-04,1.557635e-03,3.415384e-03,8.455844e-03,4.022856e-03,1.382331e-03,9.183979e-01,9.484028e-04,1.926095e-04,9.448173e-04,2.231419e-03,5.068080e-03,3.694239e-04,1.080425e-03
3.776097e-02,4.907778e-04,1.211589e-03,2.557894e-03,6.839427e-03,2.876058e-03,1.094182e-03,9.394343e-01,6.814050e-04,1.453703e-04,6.931137e-04,1.594713e-03,3.590694e-03,2.626749e-04,7.669909e-04
2.884877e-02,3.609164e-04,1.123951e-03,1.991557e-03,5.372647e-03,2.067986e-03,1.037639e-03,9.535250e-01,4.951803e-04,1.244062e-04,5.253832e-04,1.217353e-03,2.562379e-03,1.926236e-04,5.542610e-04
2.186928e-02,2.598398e-04,9.357522e-04,1.491645e-03,4.053270e-03,1.512358e-03,9.556955e-04,9.647222e-01,3.575663e-04,1.053845e-04,4.071349e-04,9.262846e-04,1.853192e-03,1.425238e-04,4.079014e-04
1.755679e-02,1.897198e-04,7.211300e-04,1.125378e-03,3.243214e-03,1.135312e-03,8.076287e-04,9.719635e-01,2.660146e-04,9.510177e-05,3.324773e-04,7.280213e-04,1.420412e-03,1.054708e-04,3.098042e-04
1.618966e-02,1.515310e-04,5.948980e-04,9.579649e-04,3.669545e-03,9.518702e-04,7.809422e-04,9.739777e-01,2.424659e-04,8.609581e-05,3.254756e-04,5.829260e-04,1.119510e-03,8.448829e-05,2.848402e-04
1.541942e-02,1.188497e-04,4.637985e-04,8.279138e-04,3.080528e-03,7.784352e-04,6.262436e-04,9.764682e-01,2.166281e-04,8.081336e-05,2.823518e-04,4.581429e-04,8.616852e-04,6.503666e-05,2.518632e-04
2.091255e-02,1.288493e-04,3.825877e-04,8.253769e-04,3.018374e-03,7.190388e-04,4.781239e-04,9.715918e-01,1.894536e-04,6.594060e-05,2.567848e-04,3.947166e-04,6.916272e-04,5.277008e-05,2.918874e-04
4.610648e-02,2.738743e-04,4.375685e-04,9.693737e-04,2.992640e-03,1.075575e-03,4.063400e-04,9.438524e-01,2.910788e-04,1.137283e-04,4.044454e-04,1.187761e-03,1.138513e-03,6.570976e-05,6.844677e-04
7.141161e-02,5.573987e-04,6.083781e-04,2.834659e-03,3.376403e-03,2.742695e-03,5.060476e-04,8.973420e-01,9.922680e-04,4.272078e-04,1.678616e-03,6.674305e-03,6.372806e-03,2.146763e-04,4.260872e-03
8.718401e-02,5.777861e-04,6.049892e-04,2.776763e-03,4.075526e-03,3.029773e-03,5.636033e-04,8.827555e-01,9.927308e-04,3.662031e-04,1.546326e-03,5.377086e-03,6.450652e-03,1.766406e-04,3.522372e-03
9.621345e-02,6.204973e-04,6.231779e-04,2.621066e-03,5.003946e-03,2.891502e-03,5.594008e-04,8.731042e-01,1.102917e-03,3.033269e-04,1.760861e-03,4.527172e-03,7.614778e-03,1.568745e-04,2.896839e-03
1.497454e-01,6.266246e-04,7.843202e-04,2.869028e-03,6.550221e-03,3.477734e-03,6.490905e-04,7.987601e-01,2.282275e-03,3.077195e-04,6.671549e-03,5.477030e-03,1.797578e-02,2.496317e-04,3.573467e-03
2.418867e-01,6.972201e-04,1.087679e-03,4.093708e-03,5.744591e-03,4.079900e-03,5.165975e-04,6.916545e-01,2.808098e-03,4.041923e-04,7.085194e-03,9.910673e-03,2.486403e-02,5.784857e-04,4.588487e-03
3.022037e-01,9.144878e-04,1.472670e-03,8.206608e-03,4.902180e-03,4.352662e-03,4.236978e-04,6.255658e-01,3.514627e-03,4.836328e-04,6.774281e-03,1.019787e-02,2.399545e-02,6.961535e-04,6.296192e-03
3.682348e-01,1.302819e-03,1.737263e-03,1.129682e-02,5.162176e-03,4.472171e-03,5.499151e-04,5.576788e-01,6.694308e-03,4.027500e-04,6.782025e-03,9.910028e-03,1.956377e-02,7.283338e-04,5.484031e-03
3.377908e-01,2.328778e-03,2.254313e-03,1.503484e-02,7.802017e-03,4.295645e-03,7.918521e-04,5.612420e-01,2.573648e-02,3.324577e-04,6.741246e-03,1.254663e-02,1.762802e-02,7.162176e-04,4.758753e-03
2.805506e-01,3.628726e-03,2.186159e-03,6.113983e-02,2.636404e-02,4.147172e-03,1.089066e-03,5.339294e-01,4.658474e-02,2.670747e-04,7.225789e-03,1.229695e-02,1.523671e-02,6.075840e-04,4.746159e-03
2.315105e-01,5.567655e-03,3.049902e-03,1.924623e-01,2.789542e-02,4.445015e-03,1.557430e-03,4.547016e-01,4.091664e-02,4.650005e-04,7.721226e-03,1.091134e-02,1.225302e-02,5.410173e-04,6.001917e-03
2.043586e-01,8.055340e-03,3.606981e-03,2.510504e-01,2.997692e-02,4.963691e-03,2.098829e-03,4.150956e-01,4.428999e-02,7.175060e-04,7.927831e-03,9.790837e-03,1.094367e-02,4.903298e-04,6.633431e-03
1.604770e-01,6.462470e-03,6.475748e-03,3.438982e-01,3.650066e-02,4.737556e-03,2.252047e-03,3.753434e-01,3.390888e-02,7.858794e-04,8.384818e-03,7.302584e-03,8.248915e-03,3.686534e-04,4.853205e-03
1.233127e-01,5.379595e-03,8.446086e-03,4.796973e-01,2.971305e-02,4.498341e-03,1.668850e-03,2.860520e-01,2.536109e-02,2.017499e-03,1.682166e-02,6.252034e-03,6.926377e-03,3.014205e-04,3.551874e-03
1.197043e-01,1.925196e-02,6.814566e-02,4.408106e-01,4.541804e-02,1.348950e-02,1.329461e-03,2.107999e-01,2.654929e-02,8.429062e-03,2.572792e-02,6.389244e-03,5.789789e-03,4.256279e-03,3.909033e-03
1.145843e-01,3.258104e-02,5.191927e-02,3.480214e-01,7.525188e-02,1.293742e-01,1.171575e-03,1.615987e-01,2.320749e-02,6.726317e-03,3.347812e-02,7.987977e-03,5.755049e-03,4.526380e-03,3.816169e-03
9.908951e-02,5.307189e-02,4.095993e-02,2.724241e-01,1.057816e-01,2.289906e-01,1.103380e-03,1.187897e-01,2.143787e-02,5.342686e-03,3.033058e-02,1.030011e-02,4.626911e-03,4.091591e-03,3.659575e-03
8.962347e-02,1.008515e-01,3.457169e-02,1.989380e-01,1.285952e-01,2.518018e-01,1.380945e-03,8.660680e-02,2.032293e-02,9.313864e-03,4.248885e-02,2.031242e-02,4.008113e-03,4.417827e-03,6.766470e-03
7.127959e-02,1.682011e-01,2.947446e-02,1.424098e-01,1.290143e-01,2.254542e-01,1.796002e-03,6.155413e-02,1.784208e-02,2.205357e-02,5.194243e-02,6.022928e-02,4.012306e-03,5.513554e-03,9.223112e-03
1.171832e-01,1.386993e-01,2.204598e-02,1.032737e-01,1.297375e-01,1.931275e-01,2.383167e-03,4.604825e-02,1.899690e-02,1.772545e-02,8.870855e-02,1.017368e-01,4.265394e-03,7.047134e-03,9.021130e-03
1.525909e-01,1.174024e-01,2.266046e-02,8.045878e-02,1.133555e-01,1.516210e-01,2.661728e-03,3.521790e-02,1.732531e-02,1.371227e-02,9.323870e-02,1.818474e-01,3.674064e-03,5.892931e-03,8.340624e-03
1.422492e-01,1.025794e-01,1.940689e-02,5.956565e-02,1.078327e-01,1.211505e-01,2.909261e-03,2.637305e-02,2.132367e-02,1.251480e-02,1.219742e-01,2.465130e-01,3.381071e-03,4.991011e-03,7.235621e-03
1.588519e-01,8.025013e-02,1.481230e-02,4.257400e-02,9.934941e-02,9.243385e-02,3.048960e-03,2.045574e-02,2.109033e-02,1.699558e-02,1.706645e-01,2.642742e-01,3.797384e-03,5.113609e-03,6.288220e-03
2.112979e-01,6.420977e-02,1.233750e-02,3.147527e-02,9.020618e-02,7.130814e-02,3.272350e-03,1.584318e-02,1.895561e-02,2.074510e-02,1.807740e-01,2.632227e-01,3.854786e-03,5.773693e-03,6.723892e-03
2.346556e-01,4.812434e-02,1.005951e-02,2.352342e-02,6.959003e-02,6.608310e-02,2.976014e-03,1.180262e-02,1.553074e-02,3.204489e-02,1.768498e-01,2.905084e-01,3.781813e-03,7.259688e-03,7.209946e-03
2.449802e-01,3.533401e-02,8.720070e-03,1.798373e-02,4.973421e-02,6.248282e-02,2.522016e-03,9.097882e-03,1.202052e-02,2.895723e-02,1.550412e-01,3.530473e-01,3.249417e-03,8.070040e-03,8.759343e-03
2.382926e-01,2.590160e-02,7.279765e-03,1.390724e-02,3.555613e-02,5.606006e-02,2.723627e-03,6.991959e-03,1.025172e-02,3.097573e-02,1.781917e-01,3.695739e-01,3.098275e-03,9.991605e-03,1.120410e-02
2.048778e-01,3.463416e-02,1.455927e-02,2.791607e-02,3.138003e-02,4.552038e-02,2.350111e-03,7.567489e-03,1.076398e-02,3.359453e-02,1.804283e-01,3.721003e-01,3.192775e-03,1.233033e-02,1.878444e-02
1.549175e-01,2.642194e-02,1.324719e-02,2.363880e-02,2.495277e-02,4.345791e-02,2.409051e-03,6.393197e-03,1.196307e-02,3.036113e-02,1.570283e-01,4.741309e-01,3.041113e-03,1.188618e-02,1.615096e-02
1.128992e-01,2.039073e-02,1.037025e-02,1.703183e-02,1.957032e-02,4.243432e-02,3.259187e-03,5.643907e-03,1.366303e-02,6.410905e-02,1.455180e-01,5.076981e-01,3.075459e-03,1.993806e-02,1.439860e-02
8.250675e-02,1.762279e-02,8.928107e-03,1.227230e-02,1.524685e-02,4.304295e-02,4.371192e-03,4.813242e-03,1.705538e-02,1.786054e-01,1.727015e-01,3.993540e-01,3.334480e-03,2.464945e-02,1.549568e-02
6.912385e-02,1.567351e-02,6.869625e-03,9.578141e-03,1.222409e-02,3.629994e-02,4.305418e-03,3.724582e-03,1.695132e-02,2.422267e-01,2.083232e-01,3.181038e-01,3.279915e-03,3.218209e-02,2.113386e-02
5.291053e-02,1.690815e-02,6.203107e-03,8.582741e-03,1.945165e-02,2.725436e-02,3.541146e-03,3.247451e-03,1.018717e-01,2.696289e-01,1.728454e-01,2.607268e-01,6.570024e-03,3.194890e-02,1.830914e-02
4.823580e-02,1.433521e-02,5.769495e-03,9.584980e-03,3.108793e-02,2.480549e-02,5.085775e-03,2.669485e-02,9.732203e-02,3.235939e-01,1.330428e-01,2.250008e-01,1.235219e-02,2.822603e-02,1.486276e-02
3.675754e-02,1.040999e-02,7.102245e-03,1.062145e-02,2.400178e-02,1.807882e-02,4.826184e-03,2.598397e-01,6.996781e-02,2.367781e-01,1.049330e-01,1.712537e-01,1.494687e-02,2.003778e-02,1.044494e-02
3.187079e-02,8.206878e-03,5.853621e-02,9.184223e-02,3.270439e-02,2.159869e-02,4.607297e-03,2.956339e-01,5.093257e-02,1.732417e-01,7.613567e-02,1.211214e-01,1.184789e-02,1.428838e-02,7.431977e-03
3.113837e-02,6.577266e-03,7.118221e-02,9.304588e-02,3.621029e-02,2.537641e-02,5.090571e-03,4.049386e-01,3.720348e-02,1.237217e-01,5.456372e-02,8.642015e-02,8.760257e-03,1.030028e-02,5.470716e-03
5.544197e-02,6.425865e-03,7.522853e-02,1.071310e-01,5.364977e-02,2.575980e-02,5.915530e-03,4.293861e-01,2.753470e-02,8.831460e-02,4.153015e-02,6.305774e-02,7.466326e-03,7.812880e-03,5.345108e-03
4.972032e-02,5.533352e-03,6.829268e-02,9.749538e-02,9.367146e-02,2.648370e-02,5.150191e-03,4.793918e-01,2.023820e-02,6.251755e-02,3.125437e-02,4.469479e-02,5.815438e-03,5.746330e-03,3.994433e-03
4.816711e-02,5.833255e-03,6.545331e-02,7.992920e-02,1.480033e-01,3.262324e-02,4.921967e-03,4.859396e-01,1.487724e-02,4.550522e-02,2.400839e-02,3.211718e-02,5.089456e-03,4.393784e-03,3.137770e-03
3.958991e-02,4.385405e-03,5.007045e-02,6.023991e-02,2.068948e-01,2.654267e-02,6.704005e-03,5.140642e-01,1.063395e-02,3.220654e-02,1.711350e-02,2.256651e-02,3.673961e-03,3.103884e-03,2.210423e-03
3.279188e-02,3.368401e-03,3.681638e-02,4.425560e-02,2.225894e-01,2.168840e-02,9.447243e-03,5.637364e-01,7.639674e-03,2.263824e-02,1.232283e-02,1.587968e-02,3.069382e-03,2.189475e-03,1.566985e-03
2.579371e-02,2.518258e-03,2.651288e-02,3.157824e-02,2.033415e-01,1.700368e-02,1.388166e-02,6.294208e-01,5.492255e-03,1.602348e-02,8.848568e-03,1.116440e-02,5.744767e-03,1.546954e-03,1.128953e-03
2.048535e-02,1.826898e-03,1.884430e-02,2.241757e-02,1.633800e-01,1.242951e-02,2.016464e-02,7.040368e-01,3.883426e-03,1.127916e-02,6.232702e-03,7.839188e-03,5.288654e-03,1.087251e-03,8.046051e-04
