1.000000e+00,0.000000e+00,0.000000e+00,0.000000e+00,0.000000e+00,0.000000e+00,0.000000e+00,0.000000e+00,0.000000e+00,0.000000e+00,0.000000e+00,0.000000e+00,0.000000e+00,0.000000e+00,0.000000e+00
1.000000e+00,0.000000e+00,0.000000e+00,0.000000e+00,0.000000e+00,0.000000e+00,0.000000e+00,0.000000e+00,0.000000e+00,0.000000e+00,0.000000e+00,0.000000e+00,0.000000e+00,0.000000e+00,0.000000e+00
1.000000e+00,0.000000e+00,0.000000e+00,0.000000e+00,0.000000e+00,0.000000e+00,0.000000e+00,0.000000e+00,0.000000e+00,0.000000e+00,0.000000e+00,0.000000e+00,0.000000e+00,0.000000e+00,0.000000e+00
1.000000e+00,0.000000e+00,0.000000e+00,0.000000e+00,0.000000e+00,0.000000e+00,0.000000e+00,0.000000e+00,0.000000e+00,0.000000e+00,0.000000e+00,0.000000e+00,0.000000e+00,0.000000e+00,0.000000e+00
1.000000e+00,0.000000e+00,0.000000e+00,0.000000e+00,0.000000e+00,0.000000e+00,0.000000e+00,0.000000e+00,0.000000e+00,0.000000e+00,0.000000e+00,0.000000e+00,0.000000e+00,0.000000e+00,0.000000e+00
1.000000e+00,0.000000e+00,0.000000e+00,0.000000e+00,0.000000e+00,0.000000e+00,0.000000e+00,0.000000e+00,0.000000e+00,0.000000e+00,0.000000e+00,0.000000e+00,0.000000e+00,0.000000e+00,0.000000e+00
1.000000e+00,0.000000e+00,0.000000e+00,0.000000e+00,0.000000e+00,0.000000e+00,0.000000e+00,0.000000e+00,0.000000e+00,0.000000e+00,0.000000e+00,0.000000e+00,0.000000e+00,0.000000e+00,0.000000e+00
1.000000e+00,0.000000e+00,0.000000e+00,0.000000e+00,0.000000e+00,0.000000e+00,0.000000e+00,0.000000e+00,0.000000e+00,0.000000e+00,0.000000e+00,0.000000e+00,0.000000e+00,0.000000e+00,0.000000e+00
1.000000e+00,0.000000e+00,0.000000e+00,0.000000e+00,0.000000e+00,0.000000e+00,0.000000e+00,0.000000e+00,0.000000e+00,0.000000e+00,0.000000e+00,0.000000e+00,0.000000e+00,0.000000e+00,0.000000e+00
1.000000e+00,0.000000e+00,0.000000e+00,0.000000e+00,0.000000e+00,0.000000e+00,0.000000e+00,0.000000e+00,0.000000e+00,0.000000e+00,0.000000e+00,0.000000e+00,0.000000e+00,0.000000e+00,0.000000e+00
1.000000e+00,0.000000e+00,0.000000e+00,0.000000e+00,0.000000e+00,0.000000e+00,0.000000e+00,0.000000e+00,0.000000e+00,0.000000e+00,0.000000e+00,0.000000e+00,0.000000e+00,0.000000e+00,0.000000e+00
1.000000e+00,0.000000e+00,0.000000e+00,0.000000e+00,0.000000e+00,0.000000e+00,0.000000e+00,0.000000e+00,0.000000e+00,0.000000e+00,0.000000e+00,0.000000e+00,0.000000e+00,0.000000e+00,0.000000e+00
1.000000e+00,0.000000e+00,0.000000e+00,0.000000e+00,0.000000e+00,0.000000e+00,0.000000e+00,0.000000e+00,0.000000e+00,0.000000e+00,0.000000e+00,0.000000e+00,0.000000e+00,0.000000e+00,0.000000e+00
1.000000e+00,0.000000e+00,0.000000e+00,0.000000e+00,0.000000e+00,0.000000e+00,0.000000e+00,0.000000e+00,0.000000e+00,0.000000e+00,0.000000e+00,0.000000e+00,0.000000e+00,0.000000e+00,0.000000e+00
1.000000e+00,0.000000e+00,0.000000e+00,0.000000e+00,0.000000e+00,0.000000e+00,0.000000e+00,0.000000e+00,0.000000e+00,0.000000e+00,0.000000e+00,0.000000e+00,0.000000e+00,0.000000e+00,0.000000e+00
1.000000e+00,0.000000e+00,0.000000e+00,0.000000e+00,0.000000e+00,0.000000e+00,0.000000e+00,0.000000e+00,0.000000e+00,0.000000e+00,0.000000e+00,0.000000e+00,0.000000e+00,0.000000e+00,0.000000e+00
1.000000e+00,0.000000e+00,0.000000e+00,0.000000e+00,0.000000e+00,0.000000e+00,0.000000e+00,0.000000e+00,0.000000e+00,0.000000e+00,0.000000e+00,0.000000e+00,0.000000e+00,0.000000e+00,0.000000e+00
1.000000e+00,0.000000e+00,0.000000e+00,0.000000e+00,0.000000e+00,0.000000e+00,0.000000e+00,0.000000e+00,0.000000e+00,0.000000e+00,0.000000e+00,0.000000e+00,0.000000e+00,0.000000e+00,0.000000e+00
1.000000e+00,0.000000e+00,0.000000e+00,0.000000e+00,0.000000e+00,0.000000e+00,0.000000e+00,0.000000e+00,0.000000e+00,0.000000e+00,0.000000e+00,0.000000e+00,0.000000e+00,0.000000e+00,0.000000e+00
1.000000e+00,0.000000e+00,0.000000e+00,0.000000e+00,0.000000e+00,0.000000e+00,0.000000e+00,0.000000e+00,0.000000e+00,0.000000e+00,0.000000e+00,0.000000e+00,0.000000e+00,0.000000e+00,0.000000e+00
1.000000e+00,0.000000e+00,0.000000e+00,0.000000e+00,0.000000e+00,0.000000e+00,0.000000e+00,0.000000e+00,0.000000e+00,0.000000e+00,0.000000e+00,0.000000e+00,0.000000e+00,0.000000e+00,0.000000e+00
1.000000e+00,0.000000e+00,0.000000e+00,0.000000e+00,0.000000e+00,0.000000e+00,0.000000e+00,0.000000e+00,0.000000e+00,0.000000e+00,0.000000e+00,0.000000e+00,0.000000e+00,0.000000e+00,0.000000e+00
1.000000e+00,0.000000e+00,0.000000e+00,0.000000e+00,0.000000e+00,0.000000e+00,0.000000e+00,0.000000e+00,0.000000e+00,0.000000e+00,0.000000e+00,0.000000e+00,0.000000e+00,0.000000e+00,0.000000e+00
1.000000e+00,0.000000e+00,0.000000e+00,0.000000e+00,0.000000e+00,0.000000e+00,0.000000e+00,0.000000e+00,0.000000e+00,0.000000e+00,0.000000e+00,0.000000e+00,0.000000e+00,0.000000e+00,0.000000e+00
1.000000e+00,0.000000e+00,0.000000e+00,0.000000e+00,0.000000e+00,0.000000e+00,0.000000e+00,0.000000e+00,0.000000e+00,0.000000e+00,0.000000e+00,0.000000e+00,0.000000e+00,0.000000e+00,0.000000e+00
1.000000e+00,0.000000e+00,0.000000e+00,0.000000e+00,0.000000e+00,0.000000e+00,0.000000e+00,0.000000e+00,0.000000e+00,0.000000e+00,0.000000e+00,0.000000e+00,0.000000e+00,0.000000e+00,0.000000e+00
1.000000e+00,0.000000e+00,0.000000e+00,0.000000e+00,0.000000e+00,0.000000e+00,0.000000e+00,0.000000e+00,0.000000e+00,0.000000e+00,0.000000e+00,0.000000e+00,0.000000e+00,0.000000e+00,0.000000e+00
1.000000e+00,0.000000e+00,0.000000e+00,0.000000e+00,0.000000e+00,0.000000e+00,0.000000e+00,0.000000e+00,0.000000e+00,0.000000e+00,0.000000e+00,0.000000e+00,0.000000e+00,0.000000e+00,0.000000e+00
1.000000e+00,0.000000e+00,0.000000e+00,0.000000e+00,0.000000e+00,0.000000e+00,0.000000e+00,0.000000e+00,0.000000e+00,0.000000e+00,0.000000e+00,0.000000e+00,0.000000e+00,0.000000e+00,0.000000e+00
1.000000e+00,0.000000e+00,0.000000e+00,0.000000e+00,0.000000e+00,0.000000e+00,0.000000e+00,0.000000e+00,0.000000e+00,0.000000e+00,0.000000e+00,0.000000e+00,0.000000e+00,0.000000e+00,0.000000e+00
1.000000e+00,0.000000e+00,0.000000e+00,0.000000e+00,0.000000e+00,0.000000e+00,0.000000e+00,0.000000e+00,0.000000e+00,0.000000e+00,0.000000e+00,0.000000e+00,0.000000e+00,0.000000e+00,0.000000e+00
1.000000e+00,0.000000e+00,0.000000e+00,0.000000e+00,0.000000e+00,0.000000e+00,0.000000e+00,0.000000e+00,0.000000e+00,0.000000e+00,0.000000e+00,0.000000e+00,0.000000e+00,0.000000e+00,0.000000e+00
1.000000e+00,0.000000e+00,0.000000e+00,0.000000e+00,0.000000e+00,0.000000e+00,0.000000e+00,0.000000e+00,0.000000e+00,0.000000e+00,0.000000e+00,0.000000e+00,0.000000e+00,0.000000e+00,0.000000e+00
1.000000e+00,0.000000e+00,0.000000e+00,0.000000e+00,0.000000e+00,0.000000e+00,0.000000e+00,0.000000e+00,0.000000e+00,0.000000e+00,0.000000e+00,0.000000e+00,0.000000e+00,0.000000e+00,0.000000e+00
1.000000e+00,0.000000e+00,0.000000e+00,0.000000e+00,0.000000e+00,0.000000e+00,0.000000e+00,0.000000e+00,0.000000e+00,0.000000e+00,0.000000e+00,0.000000e+00,0.000000e+00,0.000000e+00,0.000000e+00
1.000000e+00,0.000000e+00,0.000000e+00,0.000000e+00,0.000000e+00,0.000000e+00,0.000000e+00,0.000000e+00,0.000000e+00,0.000000e+00,0.000000e+00,0.000000e+00,0.000000e+00,0.000000e+00,0.000000e+00
1.000000e+00,0.000000e+00,0.000000e+00,0.000000e+00,0.000000e+00,0.000000e+00,0.000000e+00,0.000000e+00,0.000000e+00,0.000000e+00,0.000000e+00,0.000000e+00,0.000000e+00,0.000000e+00,0.000000e+00
1.000000e+00,0.000000e+00,0.000000e+00,0.000000e+00,0.000000e+00,0.000000e+00,0.000000e+00,0.000000e+00,0.000000e+00,0.000000e+00,0.000000e+00,0.000000e+00,0.000000e+00,0.000000e+00,0.000000e+00
1.000000e+00,0.000000e+00,0.000000e+00,0.000000e+00,0.000000e+00,0.000000e+00,0.000000e+00,0.000000e+00,0.000000e+00,0.000000e+00,0.000000e+00,0.000000e+00,0.000000e+00,0.000000e+00,0.000000e+00
1.000000e+00,0.000000e+00,0.000000e+00,0.000000e+00,0.000000e+00,0.000000e+00,0.000000e+00,0.000000e+00,0.000000e+00,0.000000e+00,0.000000e+00,0.000000e+00,0.000000e+00,0.000000e+00,0.000000e+00
1.000000e+00,0.000000e+00,0.000000e+00,0.000000e+00,0.000000e+00,0.000000e+00,0.000000e+00,0.000000e+00,0.000000e+00,0.000000e+00,0.000000e+00,0.000000e+00,0.000000e+00,0.000000e+00,0.000000e+00
1.000000e+00,0.000000e+00,0.000000e+00,0.000000e+00,0.000000e+00,0.000000e+00,0.000000e+00,0.000000e+00,0.000000e+00,0.000000e+00,0.000000e+00,0.000000e+00,0.000000e+00,0.000000e+00,0.000000e+00
1.000000e+00,0.000000e+00,0.000000e+00,0.000000e+00,0.000000e+00,0.000000e+00,0.000000e+00,0.000000e+00,0.000000e+00,0.000000e+00,0.000000e+00,0.000000e+00,0.000000e+00,0.000000e+00,0.000000e+00
1.000000e+00,0.000000e+00,0.000000e+00,0.000000e+00,0.000000e+00,0.000000e+00,0.000000e+00,0.000000e+00,0.000000e+00,0.000000e+00,0.000000e+00,0.000000e+00,0.000000e+00,0.000000e+00,0.000000e+00
1.000000e+00,0.000000e+00,0.000000e+00,0.000000e+00,0.000000e+00,0.000000e+00,0.000000e+00,0.000000e+00,0.000000e+00,0.000000e+00,0.000000e+00,0.000000e+00,0.000000e+00,0.000000e+00,0.000000e+00
1.000000e+00,0.000000e+00,0.000000e+00,0.000000e+00,0.000000e+00,0.000000e+00,0.000000e+00,0.000000e+00,0.000000e+00,0.000000e+00,0.000000e+00,0.000000e+00,0.000000e+00,0.000000e+00,0.000000e+00
4.236629e-01,5.551345e-02,5.798813e-02,1.110290e-01,1.295673e-02,2.381199e-02,5.072455e-03,2.629677e-02,4.066163e-02,6.938068e-03,5.990979e-02,2.859295e-02,1.231124e-02,3.178013e-02,1.034748e-01
4.243507e-01,5.819689e-02,4.750879e-02,1.052905e-01,1.498177e-02,2.377162e-02,5.472612e-03,2.220047e-02,4.273587e-02,7.500505e-03,6.045572e-02,2.925047e-02,1.382012e-02,3.801287e-02,1.064512e-01
4.006881e-01,5.929484e-02,4.176080e-02,1.024702e-01,1.596877e-02,2.538092e-02,5.874765e-03,1.980862e-02,4.893827e-02,8.872118e-03,5.916851e-02,3.074522e-02,1.627502e-02,4.391584e-02,1.208380e-01
4.241394e-01,6.005549e-02,3.483118e-02,9.273085e-02,1.491061e-02,2.459571e-02,5.474628e-03,1.705160e-02,4.607137e-02,8.747894e-03,5.413609e-02,2.841861e-02,1.631099e-02,4.630286e-02,1.262227e-01
3.856253e-01,6.734927e-02,6.123597e-02,1.079892e-01,1.539516e-02,2.453547e-02,5.762203e-03,2.350578e-02,4.392514e-02,7.528830e-03,5.298329e-02,2.587697e-02,1.557089e-02,4.102868e-02,1.216878e-01
4.554063e-01,6.172423e-02,4.764047e-02,9.649066e-02,1.557934e-02,2.148353e-02,5.649187e-03,2.034126e-02,3.826958e-02,6.261895e-03,4.802757e-02,2.679440e-02,1.752972e-02,3.510529e-02,1.036965e-01
4.632360e-01,5.777832e-02,6.465544e-02,1.041929e-01,1.512246e-02,2.076822e-02,6.341124e-03,2.403238e-02,3.312148e-02,5.242745e-03,4.531582e-02,2.784467e-02,1.966054e-02,2.736722e-02,8.532067e-02
1.000000e+00,0.000000e+00,0.000000e+00,0.000000e+00,0.000000e+00,0.000000e+00,0.000000e+00,0.000000e+00,0.000000e+00,0.000000e+00,0.000000e+00,0.000000e+00,0.000000e+00,0.000000e+00,0.000000e+00
4.866850e-01,5.585313e-02,5.006665e-02,1.229104e-01,1.279435e-02,2.008096e-02,4.990292e-03,1.801450e-02,3.136927e-02,4.245580e-03,5.805640e-02,2.968706e-02,1.780826e-02,2.211536e-02,6.532283e-02
1.000000e+00,0.000000e+00,0.000000e+00,0.000000e+00,0.000000e+00,0.000000e+00,0.000000e+00,0.000000e+00,0.000000e+00,0.000000e+00,0.000000e+00,0.000000e+00,0.000000e+00,0.000000e+00,0.000000e+00
1.000000e+00,0.000000e+00,0.000000e+00,0.000000e+00,0.000000e+00,0.000000e+00,0.000000e+00,0.000000e+00,0.000000e+00,0.000000e+00,0.000000e+00,0.000000e+00,0.000000e+00,0.000000e+00,0.000000e+00
1.000000e+00,0.000000e+00,0.000000e+00,0.000000e+00,0.000000e+00,0.000000e+00,0.000000e+00,0.000000e+00,0.000000e+00,0.000000e+00,0.000000e+00,0.000000e+00,0.000000e+00,0.000000e+00,0.000000e+00
1.000000e+00,0.000000e+00,0.000000e+00,0.000000e+00,0.000000e+00,0.000000e+00,0.000000e+00,0.000000e+00,0.000000e+00,0.000000e+00,0.000000e+00,0.000000e+00,0.000000e+00,0.000000e+00,0.000000e+00
4.197952e-01,3.361354e-02,2.174692e-02,1.933942e-01,4.774429e-03,1.364325e-02,2.875367e-03,9.512821e-03,5.301250e-02,1.294212e-02,2.048142e-02,1.643127e-02,1.427647e-02,7.217270e-03,1.762832e-01
3.323094e-01,3.549232e-02,2.393930e-02,1.423133e-01,3.665927e-03,1.195041e-02,2.268076e-03,7.362574e-03,4.590064e-02,1.310991e-02,1.673058e-02,1.568905e-02,1.334549e-02,2.025952e-02,3.156635e-01
3.283142e-01,3.164288e-02,2.644248e-02,1.026129e-01,3.027046e-03,1.169429e-02,1.971131e-03,6.472378e-03,3.494855e-02,1.037040e-02,1.371382e-02,1.308454e-02,1.515414e-02,3.516848e-02,3.653829e-01
2.806068e-01,3.171921e-02,2.355987e-02,7.439458e-02,2.611966e-03,9.487929e-03,1.528600e-03,5.129214e-03,3.049787e-02,8.836675e-03,1.181428e-02,9.876694e-03,1.159729e-02,1.147246e-01,3.836145e-01
2.141774e-01,2.430059e-02,1.746421e-02,5.289478e-02,1.977888e-03,7.463165e-03,1.163533e-03,3.741636e-03,2.569661e-02,9.284918e-03,1.120901e-02,7.607606e-03,8.419493e-03,1.976398e-01,4.169595e-01
1.795050e-01,1.828189e-02,1.252808e-02,3.775406e-02,1.806290e-03,5.799029e-03,1.115916e-03,2.823866e-03,2.319099e-02,9.927388e-03,1.198756e-02,6.114272e-03,6.247988e-03,3.326727e-01,3.502449e-01
1.803671e-01,1.485506e-02,9.483588e-03,3.221944e-02,1.938514e-03,4.903914e-03,9.201742e-04,2.207709e-03,3.793827e-02,1.041074e-02,1.194367e-02,5.618195e-03,5.166498e-03,4.042143e-01,2.778128e-01
1.448439e-01,1.119756e-02,7.165955e-03,2.358095e-02,1.628421e-03,4.165904e-03,7.307025e-04,1.619852e-03,2.960170e-02,1.002756e-02,1.019688e-02,4.215138e-03,3.930079e-03,5.421894e-01,2.049060e-01
1.102844e-01,8.495255e-03,5.469154e-03,1.671340e-02,1.338376e-03,4.549644e-03,5.619324e-04,1.178612e-03,2.610837e-02,1.438107e-02,8.759018e-03,3.109253e-03,2.972683e-03,6.458999e-01,1.501789e-01
8.050454e-02,6.198999e-03,4.399885e-03,1.197546e-02,1.115277e-03,3.479224e-03,4.270237e-04,8.419313e-04,2.353655e-02,1.972924e-02,7.226266e-03,2.287423e-03,2.173463e-03,7.275784e-01,1.085264e-01
6.011226e-02,5.340349e-03,5.521824e-03,8.547232e-03,1.036870e-03,3.551219e-03,3.366226e-04,6.093006e-04,2.034511e-02,3.338984e-02,8.267667e-03,1.821275e-03,1.729013e-03,7.698437e-01,7.954778e-02
7.102584e-02,5.162351e-03,8.963803e-03,6.886688e-03,1.212003e-03,5.067435e-03,3.899083e-04,5.327898e-04,3.334855e-02,5.486688e-02,8.708715e-03,1.818176e-03,1.903199e-03,7.377145e-01,6.239924e-02
1.017656e-01,1.966411e-02,1.288215e-02,6.123967e-03,1.374568e-03,1.049562e-02,9.134086e-04,6.114729e-04,4.961618e-02,7.235077e-02,9.631622e-03,1.972960e-03,3.530258e-03,6.460335e-01,6.303391e-02
1.113624e-01,2.439075e-02,2.353428e-02,1.469415e-02,2.300121e-03,1.456028e-02,1.649531e-03,1.227728e-03,6.024806e-02,6.158227e-02,1.073839e-02,3.060092e-03,6.496850e-03,5.671591e-01,9.699607e-02
1.592038e-01,3.088149e-02,2.258077e-02,1.168045e-02,2.989918e-03,1.834946e-02,1.935247e-03,1.366455e-03,5.789968e-02,5.097698e-02,1.013580e-02,3.372675e-03,6.945906e-03,5.115303e-01,1.101511e-01
2.040826e-01,5.818451e-02,1.772476e-02,1.059821e-02,9.832161e-03,1.793943e-02,2.718507e-03,1.794900e-03,6.931640e-02,4.037713e-02,8.754076e-03,4.646450e-03,7.166526e-03,4.537776e-01,9.308677e-02
1.979470e-01,1.107606e-01,1.480456e-02,1.515653e-02,1.095909e-02,1.968279e-02,3.192582e-03,3.607679e-03,9.140038e-02,3.149894e-02,8.897589e-03,7.389096e-03,8.519140e-03,3.680440e-01,1.081400e-01
1.762975e-01,1.322052e-01,1.165873e-02,1.218289e-02,1.741556e-02,1.703325e-02,2.520039e-03,1.177973e-02,1.346966e-01,2.540194e-02,8.359594e-03,9.278396e-03,1.052980e-02,3.409578e-01,8.968291e-02
1.333723e-01,9.510463e-02,9.338884e-03,1.105112e-02,2.596568e-02,1.254444e-02,1.949823e-03,2.572568e-01,1.101849e-01,1.808855e-02,6.278892e-03,6.818607e-03,7.860453e-03,2.410924e-01,6.309249e-02
1.322249e-01,8.003853e-02,9.913279e-03,2.320531e-02,8.856083e-02,1.343154e-02,1.661709e-03,2.374326e-01,1.570572e-01,1.417516e-02,5.556159e-03,6.653006e-03,8.045606e-03,1.734791e-01,4.856505e-02
1.686468e-01,5.958237e-02,2.527367e-02,9.699387e-02,1.068780e-01,1.249665e-02,1.562339e-03,1.972362e-01,1.408746e-01,1.058202e-02,6.001660e-03,8.099240e-03,7.722854e-03,1.224193e-01,3.563032e-02
2.060598e-01,4.864017e-02,2.541191e-02,1.021056e-01,1.053976e-01,1.570835e-02,2.004724e-03,1.456497e-01,2.002506e-01,7.868290e-03,7.786158e-03,1.129529e-02,7.339098e-03,8.804761e-02,2.643500e-02
2.427428e-01,4.657369e-02,1.991586e-02,8.385575e-02,1.041179e-01,1.895121e-02,2.073847e-03,1.063664e-01,2.618785e-01,5.835678e-03,7.789000e-03,1.147108e-02,6.185682e-03,6.256554e-02,1.967697e-02
2.690623e-01,4.005013e-02,1.516608e-02,6.934409e-02,1.254962e-01,1.690363e-02,1.846151e-03,7.782827e-02,2.924517e-01,4.451943e-03,8.497970e-03,1.205380e-02,5.629390e-03,4.475434e-02,1.646400e-02
3.020900e-01,3.288966e-02,1.160409e-02,5.488469e-02,1.381040e-01,1.400756e-02,1.691294e-03,6.769965e-02,3.046418e-01,3.306971e-03,8.018262e-03,1.195802e-02,4.965346e-03,3.198173e-02,1.215691e-02
2.891022e-01,2.364519e-02,9.006738e-03,4.310948e-02,1.103987e-01,1.103223e-02,2.446679e-03,2.253800e-01,2.305174e-01,2.366411e-03,6.680793e-03,9.888550e-03,5.049945e-03,2.264208e-02,8.733519e-03
2.128661e-01,1.660076e-02,6.545075e-03,3.110412e-02,8.533837e-02,7.933172e-03,1.982575e-03,4.367215e-01,1.618895e-01,1.658629e-03,4.774732e-03,6.987536e-03,3.600651e-03,1.586897e-02,6.128312e-03
1.586698e-01,1.165118e-02,4.711017e-03,2.199831e-02,6.140220e-02,5.800198e-03,1.822578e-03,5.929190e-01,1.135028e-01,1.163389e-03,3.399454e-03,4.957932e-03,2.574856e-03,1.112083e-02,4.306532e-03
1.148725e-01,8.184261e-03,3.461150e-03,1.558803e-02,4.412576e-02,4.285219e-03,1.422931e-03,7.090850e-01,7.951718e-02,8.203231e-04,2.445834e-03,3.513969e-03,1.849567e-03,7.796244e-03,3.032057e-03
8.398379e-02,5.784960e-03,2.533444e-03,1.131980e-02,3.164544e-02,3.645081e-03,1.086280e-03,7.902808e-01,5.573109e-02,5.780167e-04,1.804816e-03,2.583456e-03,1.378695e-03,5.483959e-03,2.160426e-03
6.534909e-02,4.082209e-03,1.875465e-03,8.150638e-03,2.373887e-02,2.919460e-03,8.735101e-04,8.437376e-01,3.919698e-02,4.069504e-04,1.353648e-03,1.906964e-03,1.025922e-03,3.851782e-03,1.530946e-03
5.367517e-02,2.873990e-03,1.376591e-03,5.845898e-03,1.782066e-02,2.556273e-03,8.477763e-04,8.801777e-01,2.751093e-02,2.879993e-04,1.025256e-03,1.407138e-03,7.948444e-04,2.707281e-03,1.092495e-03
5.026029e-02,2.029653e-03,1.070770e-03,4.351989e-03,1.325794e-02,2.294362e-03,8.265559e-04,9.011379e-01,1.931805e-02,2.065618e-04,8.223589e-04,1.092169e-03,6.349314e-04,1.906922e-03,7.894970e-04
4.698434e-02,1.434146e-03,8.531760e-04,3.265115e-03,9.700715e-03,2.015306e-03,7.144231e-04,9.174012e-01,1.355767e-02,1.486955e-04,6.307812e-04,8.636584e-04,5.051764e-04,1.344936e-03,5.806759e-04
4.449289e-02,1.010333e-03,6.454406e-04,2.407745e-03,7.034883e-03,1.912451e-03,6.177144e-04,9.293320e-01,9.512540e-03,1.067273e-04,4.736343e-04,6.672434e-04,4.203307e-04,9.460688e-04,4.199296e-04
3.817684e-02,7.160461e-04,4.950048e-04,1.817615e-03,5.306342e-03,2.495307e-03,5.275341e-04,9.413338e-01,6.673260e-03,7.840787e-05,3.743482e-04,5.313678e-04,4.903481e-04,6.653626e-04,3.184028e-04
5.884104e-02,5.674858e-04,4.976483e-04,1.514455e-03,4.229716e-03,8.767219e-03,6.266586e-04,8.968257e-01,4.899066e-03,1.105244e-04,2.941496e-03,4.146626e-03,1.485412e-02,5.362051e-04,6.420522e-04
7.763152e-02,5.712627e-04,5.536968e-04,2.083061e-03,3.941240e-03,4.420070e-02,6.022918e-04,7.434011e-01,4.384875e-03,2.524235e-04,8.962225e-03,1.320474e-02,9.772003e-02,6.045726e-04,1.886211e-03
1.129911e-01,7.191063e-04,6.386536e-04,2.371131e-03,5.321120e-03,4.264445e-02,7.708347e-04,5.828356e-01,5.884188e-03,4.716452e-04,1.928424e-02,1.599856e-02,2.014678e-01,5.879666e-04,8.013655e-03
1.388471e-01,8.378543e-04,1.572189e-03,2.647068e-03,6.855526e-03,4.387116e-02,8.993725e-04,4.533368e-01,6.319935e-03,8.396454e-04,3.160183e-02,1.561800e-02,2.762043e-01,8.034186e-04,1.974580e-02
1.154624e-01,7.614777e-04,1.889815e-03,3.245044e-03,9.263187e-03,3.666671e-02,8.422462e-04,3.274176e-01,8.753870e-03,8.940219e-04,4.641498e-02,2.850761e-02,3.979020e-01,7.630720e-04,2.121603e-02
1.034679e-01,6.819086e-04,1.504630e-03,2.751187e-03,7.039412e-03,2.961807e-02,7.439440e-04,2.305646e-01,7.906843e-03,9.478956e-04,4.554501e-02,3.113917e-02,5.088194e-01,9.076523e-04,2.836237e-02
1.052086e-01,7.087346e-04,1.239035e-03,2.441362e-03,5.863817e-03,2.351634e-02,7.328141e-04,1.625379e-01,6.732726e-03,9.427121e-04,3.613998e-02,2.664283e-02,5.985487e-01,9.327083e-04,2.781179e-02
8.200644e-02,1.170982e-03,1.311945e-03,3.877208e-03,9.765970e-03,1.993281e-02,8.318829e-04,1.143760e-01,7.198373e-03,1.165846e-03,2.983593e-02,2.348186e-02,6.635308e-01,1.018033e-03,4.049592e-02
6.241727e-02,9.958586e-04,1.408031e-03,3.730529e-03,1.334325e-02,1.546247e-02,8.049260e-04,8.038776e-02,7.828835e-03,2.041725e-03,3.049442e-02,2.430084e-02,6.602569e-01,1.085700e-03,9.544150e-02
4.596004e-02,1.160204e-03,5.883144e-03,3.102480e-03,1.791514e-02,1.205825e-02,1.236252e-03,6.343457e-02,1.104250e-02,2.421963e-03,3.809142e-02,3.220545e-02,6.863196e-01,1.301332e-03,7.786768e-02
6.288571e-02,2.481342e-03,1.120854e-02,8.846463e-03,5.707651e-02,1.413471e-02,5.317351e-03,5.072039e-02,2.578883e-02,1.266979e-02,3.377524e-02,3.697202e-02,5.899463e-01,3.908735e-03,8.426812e-02
6.800240e-02,5.732701e-03,1.723836e-02,9.682214e-03,1.707789e-01,1.171030e-02,4.238813e-03,3.822667e-02,3.138310e-02,1.322679e-02,3.805938e-02,3.994286e-02,4.789541e-01,5.743480e-03,6.707993e-02
1.399548e-01,5.364673e-03,1.544851e-02,8.782241e-03,2.199936e-01,9.331502e-03,3.605373e-03,3.257385e-02,3.268480e-02,1.291969e-02,4.666936e-02,3.650359e-02,3.672324e-01,1.486335e-02,5.407221e-02
1.250849e-01,5.851429e-03,1.854816e-02,8.654088e-03,2.486639e-01,7.104963e-03,2.788434e-03,3.981883e-02,4.153713e-02,1.767851e-02,6.358992e-02,4.612400e-02,3.046556e-01,1.963789e-02,5.026222e-02
1.094101e-01,6.103014e-03,3.573678e-02,7.869118e-03,2.306016e-01,5.769041e-03,2.239242e-03,1.394800e-01,4.156673e-02,1.644061e-02,5.271666e-02,4.332590e-02,2.497562e-01,1.906068e-02,3.992426e-02
1.543663e-01,7.829202e-03,3.126878e-02,1.671509e-02,1.665151e-01,5.972386e-03,1.735852e-03,1.044143e-01,6.226190e-02,1.469093e-02,6.748804e-02,8.067083e-02,2.274826e-01,2.828591e-02,3.030268e-02
1.642154e-01,8.466141e-03,2.968184e-02,2.320408e-02,1.330499e-01,6.561005e-03,1.754699e-03,7.555932e-02,7.446703e-02,1.791918e-02,1.263282e-01,1.157059e-01,1.753234e-01,2.350475e-02,2.425915e-02
1.473710e-01,1.186446e-02,2.774956e-02,1.971389e-02,1.050182e-01,6.505747e-03,1.760871e-03,5.909321e-02,1.395925e-01,1.615367e-02,1.227255e-01,1.466065e-01,1.536769e-01,2.277856e-02,1.938938e-02
1.206400e-01,1.278085e-02,2.185967e-02,1.547287e-02,7.842737e-02,5.493960e-03,1.363450e-03,4.676765e-02,2.240228e-01,1.413519e-02,1.148623e-01,1.643643e-01,1.465740e-01,1.871832e-02,1.451722e-02
1.473224e-01,1.301760e-02,2.283396e-02,1.834505e-02,6.270418e-02,1.330822e-02,2.620680e-03,5.384953e-02,2.451421e-01,1.277033e-02,9.896859e-02,1.493927e-01,1.317809e-01,1.551423e-02,1.242940e-02
1.608856e-01,1.592173e-02,2.060520e-02,2.679825e-02,5.061829e-02,1.101307e-02,2.333811e-03,4.298156e-02,3.292171e-01,1.229269e-02,7.896192e-02,1.181486e-01,1.034150e-01,1.494922e-02,1.185793e-02
1.397151e-01,2.598907e-02,1.656614e-02,2.699975e-02,4.188179e-02,9.510556e-03,1.855499e-03,3.329605e-02,4.272544e-01,1.055063e-02,6.326543e-02,1.000517e-01,7.857521e-02,1.330853e-02,1.118013e-02
1.047074e-01,3.863807e-02,1.601238e-02,2.278971e-02,4.284121e-02,7.851791e-03,1.457221e-03,3.220138e-02,5.290738e-01,8.977692e-03,4.823685e-02,7.133746e-02,5.605496e-02,1.091477e-02,8.905394e-03
8.438134e-02,3.596932e-02,1.607182e-02,1.778898e-02,5.295841e-02,6.899647e-03,1.263366e-03,5.428699e-02,5.757211e-01,9.001691e-03,3.822472e-02,5.083738e-02,4.056255e-02,8.707743e-03,7.324921e-03
1.001907e-01,3.063689e-02,2.206339e-02,3.932635e-02,7.219246e-02,6.737353e-03,1.364225e-03,6.417891e-02,5.405767e-01,1.321427e-02,2.823764e-02,3.684696e-02,2.929274e-02,6.699093e-03,8.442277e-03
1.162622e-01,4.564033e-02,2.641535e-02,3.523618e-02,9.229748e-02,1.082096e-02,1.561558e-03,5.219412e-02,5.116119e-01,2.088470e-02,2.355929e-02,2.724910e-02,2.132752e-02,6.689964e-03,8.249346e-03
1.424110e-01,6.404565e-02,2.307346e-02,4.806916e-02,1.236159e-01,1.485075e-02,1.711861e-03,4.197168e-02,4.380925e-01,2.646765e-02,1.996798e-02,2.204383e-02,1.644956e-02,7.016251e-03,1.021264e-02
1.394742e-01,5.501457e-02,2.352028e-02,1.078861e-01,1.460614e-01,1.421104e-02,2.497006e-03,6.522939e-02,3.509597e-01,3.385232e-02,1.658624e-02,1.787876e-02,1.222248e-02,6.067456e-03,8.539019e-03
1.641318e-01,4.515424e-02,2.186491e-02,1.349755e-01,1.523417e-01,1.193499e-02,2.644333e-03,8.939723e-02,2.923886e-01,3.221980e-02,1.406756e-02,1.604862e-02,9.380698e-03,5.164227e-03,8.285764e-03
2.059018e-01,5.552636e-02,4.867952e-02,1.340962e-01,1.568444e-01,1.151812e-02,2.481838e-03,7.449935e-02,2.354321e-01,2.691171e-02,1.252665e-02,1.329513e-02,7.518017e-03,4.282315e-03,1.048645e-02
2.618316e-01,5.265525e-02,8.184990e-02,1.057650e-01,1.620165e-01,1.045385e-02,2.393728e-03,6.226733e-02,1.795077e-01,3.936242e-02,1.068675e-02,1.090943e-02,6.192686e-03,3.911025e-03,1.019687e-02
2.784062e-01,4.777678e-02,7.346316e-02,1.417964e-01,1.475771e-01,1.697822e-02,2.572358e-03,8.181082e-02,1.364568e-01,3.174915e-02,9.761430e-03,1.234781e-02,5.284844e-03,3.277771e-03,1.074115e-02
2.571154e-01,3.578742e-02,6.322065e-02,1.415817e-01,1.215908e-01,1.631438e-02,2.211741e-03,2.052865e-01,1.003638e-01,2.280421e-02,8.900354e-03,1.030075e-02,4.232818e-03,2.456222e-03,7.833437e-03
2.494106e-01,2.650061e-02,5.353840e-02,1.364973e-01,9.744401e-02,1.559169e-02,1.956418e-03,2.989517e-01,7.318954e-02,1.622484e-02,1.064270e-02,8.892719e-03,3.520400e-03,1.826656e-03,5.812502e-03
2.323709e-01,1.882639e-02,6.459972e-02,1.703554e-01,7.241176e-02,1.481577e-02,1.533363e-03,3.342749e-01,5.206477e-02,1.215939e-02,1.038596e-02,7.194180e-03,3.127578e-03,1.442217e-03,4.437732e-03
2.351802e-01,1.370555e-02,9.297583e-02,1.773587e-01,5.653064e-02,1.184725e-02,1.807861e-03,3.443189e-01,3.711363e-02,8.803873e-03,7.714854e-03,5.481049e-03,2.537389e-03,1.110679e-03,3.513671e-03
2.407114e-01,1.013404e-02,1.179772e-01,1.520492e-01,5.083896e-02,1.281582e-02,1.701256e-03,3.626812e-01,2.649455e-02,7.338037e-03,6.103085e-03,4.875741e-03,2.008295e-03,1.006448e-03,3.264794e-03
1.828017e-01,7.975640e-03,1.184813e-01,1.550063e-01,4.845856e-02,1.513391e-02,1.387613e-03,4.207199e-01,2.017354e-02,8.280009e-03,8.591082e-03,4.966875e-03,2.617838e-03,1.262763e-03,4.142947e-03
1.369101e-01,6.926174e-03,1.913851e-01,1.665663e-01,3.610962e-02,1.566020e-02,1.097415e-03,3.163133e-01,5.255567e-02,1.846028e-02,2.350108e-02,5.600678e-03,4.346849e-03,1.695502e-02,7.612119e-03
9.904049e-02,6.433332e-03,1.976936e-01,1.227242e-01,2.640548e-02,1.872434e-02,1.091776e-03,2.314638e-01,4.539679e-02,1.978055e-02,1.883572e-01,1.114817e-02,3.832216e-03,2.114085e-02,6.767280e-03
7.586329e-02,6.540990e-03,1.447175e-01,8.688866e-02,1.889576e-02,3.114616e-02,8.531296e-04,1.639328e-01,3.572563e-02,1.713872e-02,3.047223e-01,4.304269e-02,4.509342e-03,6.013899e-02,5.883899e-03
5.467406e-02,5.002080e-03,1.024498e-01,6.105203e-02,1.327819e-02,2.541598e-02,6.218414e-04,1.150477e-01,2.577836e-02,1.425029e-02,4.933997e-01,3.269349e-02,3.589636e-03,4.844036e-02,4.306439e-03
4.412945e-02,5.208827e-03,7.951602e-02,4.864928e-02,1.052460e-02,2.190073e-02,8.132489e-04,8.169635e-02,2.730108e-02,1.144876e-02,5.848387e-01,3.620777e-02,3.164161e-03,4.101693e-02,3.583966e-03
3.344382e-02,4.012096e-03,5.604720e-02,3.568772e-02,7.588359e-03,1.811117e-02,7.615999e-04,5.762917e-02,2.248097e-02,8.517653e-03,6.724465e-01,4.536779e-02,2.758268e-03,3.239377e-02,2.753894e-03
2.549624e-02,7.415767e-03,3.938528e-02,2.603660e-02,6.900045e-03,1.431852e-02,6.905835e-04,4.068048e-02,5.813310e-02,3.291585e-02,6.556881e-01,5.856289e-02,2.333076e-03,2.902252e-02,2.420956e-03
1.962140e-02,8.733131e-03,2.789351e-02,1.874685e-02,5.682125e-03,1.339178e-02,6.709889e-04,2.857066e-02,6.312495e-02,1.014581e-01,6.264527e-01,5.885724e-02,2.326778e-03,2.202747e-02,2.442373e-03
1.453502e-02,1.079020e-02,1.983842e-02,1.404472e-02,5.333850e-03,1.212974e-02,6.167642e-04,2.017736e-02,9.165603e-02,1.314633e-01,5.990604e-01,5.801910e-02,2.668281e-03,1.741402e-02,2.252813e-03
1.123444e-02,1.903261e-02,1.440998e-02,1.089034e-02,7.426368e-03,1.052392e-02,7.092357e-04,1.638217e-02,1.101251e-01,1.245743e-01,5.964674e-01,5.803899e-02,4.121524e-03,1.436089e-02,1.702734e-03
8.272914e-03,2.743935e-02,1.026966e-02,8.277593e-03,7.117044e-03,9.310285e-03,8.431710e-04,1.182859e-02,1.480092e-01,1.115652e-01,5.855151e-01,5.459471e-02,3.947760e-03,1.170721e-02,1.302228e-03
6.083765e-03,3.813561e-02,7.234018e-03,5.980114e-03,5.380041e-03,8.941556e-03,6.414986e-04,8.345334e-03,1.896796e-01,9.773015e-02,5.705245e-01,4.662808e-02,3.761766e-03,9.840878e-03,1.093157e-03
5.106850e-03,4.363185e-02,5.119252e-03,4.939472e-03,4.336791e-03,8.252593e-03,4.835529e-04,6.458098e-03,2.899266e-01,1.022751e-01,4.764894e-01,3.813572e-02,4.765171e-03,9.095796e-03,9.838012e-04
4.011242e-03,3.906403e-02,3.668468e-03,3.948682e-03,5.327888e-03,6.126017e-03,4.008043e-04,6.880409e-03,4.318204e-01,1.030050e-01,3.522297e-01,2.848183e-02,6.062496e-03,8.217003e-03,7.561036e-04
3.096038e-03,3.052212e-02,2.583362e-03,2.857595e-03,5.069562e-03,4.347700e-03,3.448454e-04,5.182878e-03,5.619604e-01,9.544310e-02,2.545727e-01,2.110432e-02,5.582755e-03,6.657768e-03,6.748700e-04
2.403041e-03,2.338284e-02,1.814379e-03,2.020502e-03,6.347065e-03,3.132614e-03,3.429368e-04,3.807839e-03,6.808115e-01,7.052065e-02,1.807514e-01,1.493644e-02,4.291750e-03,4.928469e-03,5.085612e-04
2.166235e-03,1.816371e-02,1.279731e-03,1.563830e-03,1.986962e-02,2.628449e-03,5.975286e-04,3.769506e-03,7.557923e-01,4.979561e-02,1.268570e-01,1.048903e-02,3.080745e-03,3.576542e-03,3.702680e-04
2.477819e-03,1.515535e-02,1.160583e-03,2.478778e-03,5.044330e-02,2.151544e-03,3.228817e-03,4.409677e-02,7.417102e-01,3.539781e-02,8.903770e-02,7.406224e-03,2.416925e-03,2.565170e-03,2.729992e-04
3.785846e-03,1.321563e-02,9.426807e-04,2.600339e-03,7.518183e-02,1.867207e-03,3.903179e-03,3.829475e-02,7.622077e-01,2.586291e-02,6.261891e-02,5.305729e-03,2.010028e-03,1.967717e-03,2.355381e-04
5.203322e-03,1.003264e-02,9.037319e-04,3.610488e-03,1.058596e-01,2.026977e-03,4.504607e-03,8.864258e-02,7.100415e-01,1.819916e-02,4.396932e-02,3.746614e-03,1.500846e-03,1.575586e-03,1.830344e-04
1.546813e-02,1.169094e-02,1.844987e-03,1.090487e-02,1.545815e-01,2.492266e-03,3.751373e-03,1.217562e-01,6.262627e-01,1.321747e-02,3.127918e-02,2.952631e-03,1.474642e-03,1.641932e-03,6.812437e-04
2.111929e-02,1.047760e-02,1.998192e-03,1.163729e-02,1.763762e-01,2.555000e-03,3.152333e-03,9.909785e-02,6.358258e-01,9.565457e-03,2.245735e-02,2.393625e-03,1.376212e-03,1.294059e-03,6.737727e-04
4.113337e-02,9.146813e-03,1.961599e-03,1.442772e-02,1.665598e-01,2.127492e-03,2.652635e-03,1.855378e-01,5.474095e-01,6.828990e-03,1.655399e-02,2.507194e-03,1.461274e-03,1.025190e-03,6.667308e-04
4.165008e-02,6.681736e-03,1.558788e-03,1.137345e-02,1.435306e-01,1.727241e-03,2.244669e-03,3.567464e-01,4.130532e-01,4.793586e-03,1.187162e-02,2.195980e-03,1.335833e-03,7.294439e-04,5.073793e-04
3.673963e-02,4.788525e-03,1.155486e-03,8.116966e-03,1.050926e-01,1.320699e-03,1.735636e-03,5.361959e-01,2.896502e-01,3.358869e-03,8.353558e-03,1.596697e-03,1.021162e-03,5.123543e-04,3.618295e-04
3.034419e-02,3.406704e-03,8.807566e-04,5.809850e-03,7.659637e-02,1.058924e-03,1.329949e-03,6.669402e-01,2.028870e-01,2.354359e-03,5.877772e-03,1.142753e-03,7.538910e-04,3.603348e-04,2.569498e-04
2.763553e-02,2.423401e-03,7.225820e-04,4.184324e-03,5.638053e-02,2.081315e-03,1.014413e-03,7.556079e-01,1.420470e-01,1.654545e-03,4.151395e-03,9.804353e-04,6.571431e-04,2.582730e-04,2.011933e-04
2.919834e-02,1.741397e-03,5.735517e-04,3.107937e-03,4.258996e-02,3.280721e-03,8.367501e-04,8.127169e-01,9.964893e-02,1.164717e-03,3.040541e-03,1.046099e-03,6.964033e-04,1.880252e-04,1.697675e-04
6.674586e-02,1.510152e-03,5.928351e-04,5.385229e-03,3.241463e-02,4.902937e-03,8.010925e-04,8.034429e-01,7.044973e-02,8.435389e-04,3.861305e-03,5.916642e-03,2.497665e-03,2.705515e-04,3.649565e-04
9.528247e-02,1.627636e-03,6.279449e-04,2.150352e-02,2.339325e-02,9.819239e-03,7.618971e-04,5.970766e-01,5.189285e-02,1.087178e-03,2.456520e-02,1.419529e-01,2.660509e-02,2.879720e-03,9.245468e-04
1.258466e-01,1.675536e-03,7.160970e-04,2.580639e-02,1.692756e-02,1.316364e-02,1.160202e-03,4.402934e-01,3.919161e-02,1.336325e-03,3.373718e-02,2.501207e-01,4.414573e-02,4.373256e-03,1.505784e-03
2.098678e-01,2.295348e-03,2.211148e-03,3.023930e-02,1.381766e-02,2.839670e-02,3.410819e-03,3.167525e-01,3.509290e-02,1.709176e-03,3.627297e-02,2.764999e-01,3.531895e-02,5.091160e-03,3.023622e-03
1.628238e-01,3.044725e-03,2.694341e-03,2.280852e-02,1.388036e-02,4.181977e-02,3.520692e-03,2.297004e-01,2.953581e-02,1.870202e-03,4.914882e-02,4.029801e-01,2.614230e-02,7.246040e-03,2.784120e-03
1.256328e-01,3.280769e-03,2.448921e-03,1.730325e-02,1.501076e-02,3.702429e-02,3.049420e-03,1.640969e-01,2.876884e-02,2.304981e-03,5.483979e-02,5.046220e-01,2.097866e-02,1.798218e-02,2.656398e-03
9.261972e-02,4.115260e-03,4.459428e-03,1.295289e-02,2.009049e-02,2.869978e-02,2.406102e-03,1.159771e-01,2.381368e-02,4.977523e-03,6.586967e-02,5.846078e-01,1.643037e-02,1.983649e-02,3.143633e-03
6.771977e-02,4.008821e-03,4.108282e-03,9.378644e-03,1.830227e-02,2.318316e-02,1.771316e-03,8.166622e-02,1.849009e-02,4.829837e-03,6.777778e-02,6.678293e-01,1.260058e-02,1.578571e-02,2.548270e-03
4.958649e-02,4.233954e-03,3.292046e-03,6.669470e-03,1.448875e-02,1.755190e-02,1.269220e-03,5.731909e-02,1.385057e-02,5.380640e-03,7.760485e-02,7.252835e-01,9.640320e-03,1.188971e-02,1.939507e-03
3.657430e-02,3.951469e-03,3.558648e-03,4.743721e-03,1.163870e-02,1.345180e-02,9.869253e-04,4.065176e-02,1.127072e-02,6.341213e-03,6.623057e-02,7.828097e-01,7.151626e-03,9.170691e-03,1.468164e-03
2.948146e-02,3.406177e-03,3.150654e-03,3.427146e-03,1.034790e-02,1.081324e-02,8.938075e-04,2.896394e-02,9.186124e-03,7.728113e-03,5.615585e-02,8.223202e-01,5.302951e-03,7.611867e-03,1.210542e-03
2.163586e-02,3.619966e-03,4.612893e-03,2.708017e-03,1.258935e-02,9.109173e-03,1.483826e-03,2.198023e-02,9.238526e-03,1.426707e-02,4.914277e-02,8.380817e-01,3.982455e-03,6.493629e-03,1.054532e-03
1.596732e-02,2.858109e-03,5.188244e-03,2.727264e-03,1.199291e-02,8.073444e-03,1.330771e-03,1.671188e-02,1.050433e-02,1.550740e-02,4.608365e-02,8.539236e-01,3.129214e-03,5.167166e-03,8.346947e-04
1.573111e-02,2.416654e-03,4.929390e-03,2.380872e-03,9.340967e-03,7.570618e-03,1.209329e-03,1.238090e-02,1.068629e-02,1.516893e-02,5.206099e-02,8.549531e-01,3.193940e-03,6.857956e-03,1.119032e-03
1.381280e-02,2.708541e-03,2.002963e-02,7.943630e-03,9.592660e-03,1.149604e-02,1.003273e-03,9.654933e-03,1.484101e-02,1.759020e-02,5.853411e-02,8.180762e-01,5.525925e-03,7.225284e-03,1.965872e-03
1.292186e-02,3.739093e-03,1.989553e-02,7.805521e-03,1.028858e-02,1.154859e-02,1.354211e-03,8.010654e-03,2.217880e-02,2.351132e-02,1.156766e-01,7.442418e-01,8.242057e-03,8.194951e-03,2.390515e-03
1.393246e-02,5.736188e-03,2.461773e-02,1.394086e-02,1.582605e-02,1.806371e-02,4.714216e-03,8.260325e-03,3.666820e-02,6.973560e-02,1.933378e-01,5.484428e-01,2.957078e-02,1.227627e-02,4.877225e-03
1.861392e-02,1.189852e-02,2.212208e-02,1.314759e-02,2.243230e-02,1.982118e-02,6.866954e-03,1.776690e-02,6.857627e-02,1.069580e-01,2.187692e-01,4.103444e-01,4.130588e-02,1.432560e-02,7.051280e-03
1.854627e-02,5.285687e-02,2.559175e-02,9.944933e-03,2.266598e-02,2.307748e-02,5.063174e-03,1.351049e-02,7.097603e-02,2.355947e-01,1.738684e-01,2.933280e-01,3.505547e-02,1.246966e-02,7.450928e-03
2.038769e-02,4.643275e-02,3.255909e-02,8.168517e-03,1.949103e-02,2.655519e-02,1.602505e-02,4.733623e-02,5.337621e-02,3.504118e-01,1.264665e-01,2.075211e-01,2.702597e-02,1.080506e-02,7.437962e-03
2.391526e-02,3.434381e-02,8.977352e-02,9.557828e-03,2.122672e-02,2.756372e-02,6.471111e-02,1.038139e-01,4.088908e-02,3.121682e-01,9.033599e-02,1.465207e-01,2.055090e-02,8.345720e-03,6.283691e-03
2.912101e-02,2.518743e-02,1.212992e-01,1.055140e-02,2.067545e-02,2.413126e-02,9.511163e-02,1.967517e-01,3.102436e-02,2.506776e-01,6.481946e-02,1.032806e-01,1.578415e-02,6.870342e-03,4.714533e-03
3.432130e-02,1.879583e-02,1.500368e-01,1.939569e-02,2.232920e-02,2.905633e-02,1.362013e-01,2.125257e-01,2.469435e-02,2.106052e-01,4.615150e-02,7.291286e-02,1.346833e-02,5.830011e-03,3.675674e-03
2.628552e-02,1.332447e-02,2.061612e-01,2.090362e-02,1.817336e-02,2.117894e-02,1.758575e-01,2.480951e-01,1.775085e-02,1.504418e-01,3.260908e-02,5.123670e-02,1.099874e-02,4.239995e-03,2.743219e-03
1.950409e-02,9.477425e-03,1.981658e-01,1.609712e-02,1.342607e-02,1.534057e-02,3.086345e-01,2.259708e-01,1.266830e-02,1.066084e-01,2.341624e-02,3.604094e-02,9.498707e-03,3.025747e-03,2.125298e-03
1.454593e-02,6.744956e-03,1.750669e-01,1.185737e-02,9.999460e-03,1.116751e-02,4.474854e-01,1.855172e-01,9.050384e-03,7.499479e-02,1.685308e-02,2.534920e-02,7.597062e-03,2.158789e-03,1.612085e-03
1.091100e-02,4.747275e-03,1.418430e-01,8.729614e-03,7.229895e-03,8.419381e-03,5.819657e-01,1.372297e-01,6.459613e-03,5.293407e-02,1.204006e-02,1.783759e-02,6.807524e-03,1.537917e-03,1.307735e-03
8.459995e-03,3.347192e-03,1.217917e-01,6.554140e-03,5.532585e-03,6.190127e-03,6.746274e-01,1.021766e-01,4.598047e-03,3.744189e-02,8.539520e-03,1.255215e-02,6.100412e-03,1.088732e-03,9.995539e-04
8.408478e-03,2.761564e-03,1.406654e-01,5.885250e-03,5.268892e-03,4.843100e-03,6.885764e-01,8.905487e-02,3.359765e-03,2.880834e-02,6.248243e-03,8.940788e-03,5.487789e-03,8.271840e-04,8.639699e-04
1.050011e-02,2.369572e-03,1.097655e-01,4.929581e-03,4.717329e-03,4.504821e-03,7.389361e-01,7.926039e-02,2.564581e-03,2.171742e-02,4.733246e-03,6.506093e-03,7.962707e-03,6.406358e-04,8.919716e-04
9.799427e-03,1.867253e-03,8.701537e-02,4.276422e-03,4.267440e-03,3.641634e-03,7.830317e-01,6.917681e-02,2.010443e-03,1.815890e-02,3.647559e-03,4.839603e-03,6.715208e-03,5.218229e-04,1.030490e-03
1.351153e-02,1.763686e-03,6.498472e-02,3.863444e-03,6.351565e-03,4.829071e-03,6.522685e-01,6.453154e-02,2.884050e-03,1.425162e-01,9.349942e-03,4.747384e-03,1.210037e-02,2.975571e-03,1.332243e-02
1.293990e-02,1.447959e-03,4.864391e-02,3.887549e-03,5.355702e-03,1.391351e-02,5.646200e-01,5.335649e-02,2.829164e-03,2.352729e-01,1.090097e-02,1.218028e-02,1.068088e-02,8.267676e-03,1.570320e-02
1.238219e-02,1.362537e-03,3.787233e-02,3.620686e-03,4.320552e-03,1.172987e-02,4.686159e-01,3.888065e-02,6.152937e-03,3.036077e-01,1.861409e-02,4.663552e-02,1.234223e-02,1.074181e-02,2.312102e-02
1.027950e-02,1.357951e-03,2.768054e-02,4.076480e-03,3.980913e-03,1.019097e-02,3.527794e-01,2.787166e-02,8.122114e-03,2.439612e-01,7.463507e-02,1.568537e-01,1.126655e-02,4.654036e-02,2.040355e-02
8.167003e-03,1.196882e-03,2.009659e-02,5.225491e-03,4.309864e-03,7.841438e-03,2.480723e-01,1.991475e-02,8.060131e-03,1.841309e-01,1.460141e-01,2.693188e-01,1.091825e-02,5.005550e-02,1.667802e-02
7.846672e-03,1.354505e-03,1.595773e-02,4.473522e-03,4.933709e-03,6.454208e-03,1.752493e-01,1.445798e-02,8.566908e-03,1.829489e-01,1.847946e-01,2.767200e-01,1.056249e-02,9.126522e-02,1.441417e-02
6.761935e-03,1.418725e-03,1.463127e-02,3.394189e-03,5.601800e-03,4.913512e-03,1.240619e-01,1.081531e-02,8.965019e-03,1.538624e-01,1.956924e-01,3.352672e-01,8.979405e-03,1.150448e-01,1.059008e-02
7.549213e-03,1.724346e-03,1.208849e-02,3.852805e-03,8.370650e-03,4.430707e-03,8.934441e-02,9.140495e-03,1.132502e-02,1.662595e-01,1.753648e-01,3.833318e-01,8.285305e-03,1.111945e-01,7.738062e-03
1.083189e-02,1.901499e-03,8.676703e-03,3.830590e-03,8.196967e-03,5.263508e-03,6.451365e-02,6.998940e-03,1.561180e-02,1.213585e-01,1.330533e-01,5.210904e-01,8.041846e-03,8.507007e-02,5.560303e-03
1.270277e-02,1.768244e-03,6.398791e-03,3.408140e-03,7.694038e-03,5.976032e-03,4.601078e-02,6.082069e-03,1.678153e-02,8.621938e-02,9.852023e-02,6.352945e-01,6.959118e-03,6.221832e-02,3.966117e-03
1.420932e-02,2.478037e-03,4.811281e-03,2.552142e-03,7.821265e-03,5.853867e-03,3.263047e-02,5.033240e-03,4.414984e-02,6.093016e-02,7.764614e-02,6.862630e-01,5.796458e-03,4.693031e-02,2.894493e-03
1.391879e-02,6.906347e-03,6.485906e-03,2.028004e-03,8.872258e-03,2.475153e-02,2.301843e-02,4.144136e-03,5.313849e-02,4.860907e-02,6.261194e-02,7.026368e-01,4.864987e-03,3.531365e-02,2.699709e-03
