1.000000e+00,0.000000e+00,0.000000e+00,0.000000e+00,0.000000e+00,0.000000e+00,0.000000e+00,0.000000e+00,0.000000e+00,0.000000e+00,0.000000e+00,0.000000e+00,0.000000e+00,0.000000e+00,0.000000e+00
1.000000e+00,0.000000e+00,0.000000e+00,0.000000e+00,0.000000e+00,0.000000e+00,0.000000e+00,0.000000e+00,0.000000e+00,0.000000e+00,0.000000e+00,0.000000e+00,0.000000e+00,0.000000e+00,0.000000e+00
1.000000e+00,0.000000e+00,0.000000e+00,0.000000e+00,0.000000e+00,0.000000e+00,0.000000e+00,0.000000e+00,0.000000e+00,0.000000e+00,0.000000e+00,0.000000e+00,0.000000e+00,0.000000e+00,0.000000e+00
1.000000e+00,0.000000e+00,0.000000e+00,0.000000e+00,0.000000e+00,0.000000e+00,0.000000e+00,0.000000e+00,0.000000e+00,0.000000e+00,0.000000e+00,0.000000e+00,0.000000e+00,0.000000e+00,0.000000e+00
1.000000e+00,0.000000e+00,0.000000e+00,0.000000e+00,0.000000e+00,0.000000e+00,0.000000e+00,0.000000e+00,0.000000e+00,0.000000e+00,0.000000e+00,0.000000e+00,0.000000e+00,0.000000e+00,0.000000e+00
1.000000e+00,0.000000e+00,0.000000e+00,0.000000e+00,0.000000e+00,0.000000e+00,0.000000e+00,0.000000e+00,0.000000e+00,0.000000e+00,0.000000e+00,0.000000e+00,0.000000e+00,0.000000e+00,0.000000e+00
1.000000e+00,0.000000e+00,0.000000e+00,0.000000e+00,0.000000e+00,0.000000e+00,0.000000e+00,0.000000e+00,0.000000e+00,0.000000e+00,0.000000e+00,0.000000e+00,0.000000e+00,0.000000e+00,0.000000e+00
1.000000e+00,0.000000e+00,0.000000e+00,0.000000e+00,0.000000e+00,0.000000e+00,0.000000e+00,0.000000e+00,0.000000e+00,0.000000e+00,0.000000e+00,0.000000e+00,0.000000e+00,0.000000e+00,0.000000e+00
1.000000e+00,0.000000e+00,0.000000e+00,0.000000e+00,0.000000e+00,0.000000e+00,0.000000e+00,0.000000e+00,0.000000e+00,0.000000e+00,0.000000e+00,0.000000e+00,0.000000e+00,0.000000e+00,0.000000e+00
1.000000e+00,0.000000e+00,0.000000e+00,0.000000e+00,0.000000e+00,0.000000e+00,0.000000e+00,0.000000e+00,0.000000e+00,0.000000e+00,0.000000e+00,0.000000e+00,0.000000e+00,0.000000e+00,0.000000e+00
1.000000e+00,0.000000e+00,0.000000e+00,0.000000e+00,0.000000e+00,0.000000e+00,0.000000e+00,0.000000e+00,0.000000e+00,0.000000e+00,0.000000e+00,0.000000e+00,0.000000e+00,0.000000e+00,0.000000e+00
1.000000e+00,0.000000e+00,0.000000e+00,0.000000e+00,0.000000e+00,0.000000e+00,0.000000e+00,0.000000e+00,0.000000e+00,0.000000e+00,0.000000e+00,0.000000e+00,0.000000e+00,0.000000e+00,0.000000e+00
1.000000e+00,0.000000e+00,0.000000e+00,0.000000e+00,0.000000e+00,0.000000e+00,0.000000e+00,0.000000e+00,0.000000e+00,0.000000e+00,0.000000e+00,0.000000e+00,0.000000e+00,0.000000e+00,0.000000e+00
1.000000e+00,0.000000e+00,0.000000e+00,0.000000e+00,0.000000e+00,0.000000e+00,0.000000e+00,0.000000e+00,0.000000e+00,0.000000e+00,0.000000e+00,0.000000e+00,0.000000e+00,0.000000e+00,0.000000e+00
1.000000e+00,0.000000e+00,0.000000e+00,0.000000e+00,0.000000e+00,0.000000e+00,0.000000e+00,0.000000e+00,0.000000e+00,0.000000e+00,0.000000e+00,0.000000e+00,0.000000e+00,0.000000e+00,0.000000e+00
1.000000e+00,0.000000e+00,0.000000e+00,0.000000e+00,0.000000e+00,0.000000e+00,0.000000e+00,0.000000e+00,0.000000e+00,0.000000e+00,0.000000e+00,0.000000e+00,0.000000e+00,0.000000e+00,0.000000e+00
1.000000e+00,0.000000e+00,0.000000e+00,0.000000e+00,0.000000e+00,0.000000e+00,0.000000e+00,0.000000e+00,0.000000e+00,0.000000e+00,0.000000e+00,0.000000e+00,0.000000e+00,0.000000e+00,0.000000e+00
1.000000e+00,0.000000e+00,0.000000e+00,0.000000e+00,0.000000e+00,0.000000e+00,0.000000e+00,0.000000e+00,0.000000e+00,0.000000e+00,0.000000e+00,0.000000e+00,0.000000e+00,0.000000e+00,0.000000e+00
1.000000e+00,0.000000e+00,0.000000e+00,0.000000e+00,0.000000e+00,0.000000e+00,0.000000e+00,0.000000e+00,0.000000e+00,0.000000e+00,0.000000e+00,0.000000e+00,0.000000e+00,0.000000e+00,0.000000e+00
1.000000e+00,0.000000e+00,0.000000e+00,0.000000e+00,0.000000e+00,0.000000e+00,0.000000e+00,0.000000e+00,0.000000e+00,0.000000e+00,0.000000e+00,0.000000e+00,0.000000e+00,0.000000e+00,0.000000e+00
1.000000e+00,0.000000e+00,0.000000e+00,0.000000e+00,0.000000e+00,0.000000e+00,0.000000e+00,0.000000e+00,0.000000e+00,0.000000e+00,0.000000e+00,0.000000e+00,0.000000e+00,0.000000e+00,0.000000e+00
1.000000e+00,0.000000e+00,0.000000e+00,0.000000e+00,0.000000e+00,0.000000e+00,0.000000e+00,0.000000e+00,0.000000e+00,0.000000e+00,0.000000e+00,0.000000e+00,0.000000e+00,0.000000e+00,0.000000e+00
1.000000e+00,0.000000e+00,0.000000e+00,0.000000e+00,0.000000e+00,0.000000e+00,0.000000e+00,0.000000e+00,0.000000e+00,0.000000e+00,0.000000e+00,0.000000e+00,0.000000e+00,0.000000e+00,0.000000e+00
1.000000e+00,0.000000e+00,0.000000e+00,0.000000e+00,0.000000e+00,0.000000e+00,0.000000e+00,0.000000e+00,0.000000e+00,0.000000e+00,0.000000e+00,0.000000e+00,0.000000e+00,0.000000e+00,0.000000e+00
1.000000e+00,0.000000e+00,0.000000e+00,0.000000e+00,0.000000e+00,0.000000e+00,0.000000e+00,0.000000e+00,0.000000e+00,0.000000e+00,0.000000e+00,0.000000e+00,0.000000e+00,0.000000e+00,0.000000e+00
1.000000e+00,0.000000e+00,0.000000e+00,0.000000e+00,0.000000e+00,0.000000e+00,0.000000e+00,0.000000e+00,0.000000e+00,0.000000e+00,0.000000e+00,0.000000e+00,0.000000e+00,0.000000e+00,0.000000e+00
1.000000e+00,0.000000e+00,0.000000e+00,0.000000e+00,0.000000e+00,0.000000e+00,0.000000e+00,0.000000e+00,0.000000e+00,0.000000e+00,0.000000e+00,0.000000e+00,0.000000e+00,0.000000e+00,0.000000e+00
1.000000e+00,0.000000e+00,0.000000e+00,0.000000e+00,0.000000e+00,0.000000e+00,0.000000e+00,0.000000e+00,0.000000e+00,0.000000e+00,0.000000e+00,0.000000e+00,0.000000e+00,0.000000e+00,0.000000e+00
1.000000e+00,0.000000e+00,0.000000e+00,0.000000e+00,0.000000e+00,0.000000e+00,0.000000e+00,0.000000e+00,0.000000e+00,0.000000e+00,0.000000e+00,0.000000e+00,0.000000e+00,0.000000e+00,0.000000e+00
1.000000e+00,0.000000e+00,0.000000e+00,0.000000e+00,0.000000e+00,0.000000e+00,0.000000e+00,0.000000e+00,0.000000e+00,0.000000e+00,0.000000e+00,0.000000e+00,0.000000e+00,0.000000e+00,0.000000e+00
1.000000e+00,0.000000e+00,0.000000e+00,0.000000e+00,0.000000e+00,0.000000e+00,0.000000e+00,0.000000e+00,0.000000e+00,0.000000e+00,0.000000e+00,0.000000e+00,0.000000e+00,0.000000e+00,0.000000e+00
1.000000e+00,0.000000e+00,0.000000e+00,0.000000e+00,0.000000e+00,0.000000e+00,0.000000e+00,0.000000e+00,0.000000e+00,0.000000e+00,0.000000e+00,0.000000e+00,0.000000e+00,0.000000e+00,0.000000e+00
1.000000e+00,0.000000e+00,0.000000e+00,0.000000e+00,0.000000e+00,0.000000e+00,0.000000e+00,0.000000e+00,0.000000e+00,0.000000e+00,0.000000e+00,0.000000e+00,0.000000e+00,0.000000e+00,0.000000e+00
1.000000e+00,0.000000e+00,0.000000e+00,0.000000e+00,0.000000e+00,0.000000e+00,0.000000e+00,0.000000e+00,0.000000e+00,0.000000e+00,0.000000e+00,0.000000e+00,0.000000e+00,0.000000e+00,0.000000e+00
1.000000e+00,0.000000e+00,0.000000e+00,0.000000e+00,0.000000e+00,0.000000e+00,0.000000e+00,0.000000e+00,0.000000e+00,0.000000e+00,0.000000e+00,0.000000e+00,0.000000e+00,0.000000e+00,0.000000e+00
1.000000e+00,0.000000e+00,0.000000e+00,0.000000e+00,0.000000e+00,0.000000e+00,0.000000e+00,0.000000e+00,0.000000e+00,0.000000e+00,0.000000e+00,0.000000e+00,0.000000e+00,0.000000e+00,0.000000e+00
1.000000e+00,0.000000e+00,0.000000e+00,0.000000e+00,0.000000e+00,0.000000e+00,0.000000e+00,0.000000e+00,0.000000e+00,0.000000e+00,0.000000e+00,0.000000e+00,0.000000e+00,0.000000e+00,0.000000e+00
1.000000e+00,0.000000e+00,0.000000e+00,0.000000e+00,0.000000e+00,0.000000e+00,0.000000e+00,0.000000e+00,0.000000e+00,0.000000e+00,0.000000e+00,0.000000e+00,0.000000e+00,0.000000e+00,0.000000e+00
1.000000e+00,0.000000e+00,0.000000e+00,0.000000e+00,0.000000e+00,0.000000e+00,0.000000e+00,0.000000e+00,0.000000e+00,0.000000e+00,0.000000e+00,0.000000e+00,0.000000e+00,0.000000e+00,0.000000e+00
1.000000e+00,0.000000e+00,0.000000e+00,0.000000e+00,0.000000e+00,0.000000e+00,0.000000e+00,0.000000e+00,0.000000e+00,0.000000e+00,0.000000e+00,0.000000e+00,0.000000e+00,0.000000e+00,0.000000e+00
1.000000e+00,0.000000e+00,0.000000e+00,0.000000e+00,0.000000e+00,0.000000e+00,0.000000e+00,0.000000e+00,0.000000e+00,0.000000e+00,0.000000e+00,0.000000e+00,0.000000e+00,0.000000e+00,0.000000e+00
1.000000e+00,0.000000e+00,0.000000e+00,0.000000e+00,0.000000e+00,0.000000e+00,0.000000e+00,0.000000e+00,0.000000e+00,0.000000e+00,0.000000e+00,0.000000e+00,0.000000e+00,0.000000e+00,0.000000e+00
1.000000e+00,0.000000e+00,0.000000e+00,0.000000e+00,0.000000e+00,0.000000e+00,0.000000e+00,0.000000e+00,0.000000e+00,0.000000e+00,0.000000e+00,0.000000e+00,0.000000e+00,0.000000e+00,0.000000e+00
1.000000e+00,0.000000e+00,0.000000e+00,0.000000e+00,0.000000e+00,0.000000e+00,0.000000e+00,0.000000e+00,0.000000e+00,0.000000e+00,0.000000e+00,0.000000e+00,0.000000e+00,0.000000e+00,0.000000e+00
1.000000e+00,0.000000e+00,0.000000e+00,0.000000e+00,0.000000e+00,0.000000e+00,0.000000e+00,0.000000e+00,0.000000e+00,0.000000e+00,0.000000e+00,0.000000e+00,0.000000e+00,0.000000e+00,0.000000e+00
1.000000e+00,0.000000e+00,0.000000e+00,0.000000e+00,0.000000e+00,0.000000e+00,0.000000e+00,0.000000e+00,0.000000e+00,0.000000e+00,0.000000e+00,0.000000e+00,0.000000e+00,0.000000e+00,0.000000e+00
1.000000e+00,0.000000e+00,0.000000e+00,0.000000e+00,0.000000e+00,0.000000e+00,0.000000e+00,0.000000e+00,0.000000e+00,0.000000e+00,0.000000e+00,0.000000e+00,0.000000e+00,0.000000e+00,0.000000e+00
1.000000e+00,0.000000e+00,0.000000e+00,0.000000e+00,0.000000e+00,0.000000e+00,0.000000e+00,0.000000e+00,0.000000e+00,0.000000e+00,0.000000e+00,0.000000e+00,0.000000e+00,0.000000e+00,0.000000e+00
1.000000e+00,0.000000e+00,0.000000e+00,0.000000e+00,0.000000e+00,0.000000e+00,0.000000e+00,0.000000e+00,0.000000e+00,0.000000e+00,0.000000e+00,0.000000e+00,0.000000e+00,0.000000e+00,0.000000e+00
1.000000e+00,0.000000e+00,0.000000e+00,0.000000e+00,0.000000e+00,0.000000e+00,0.000000e+00,0.000000e+00,0.000000e+00,0.000000e+00,0.000000e+00,0.000000e+00,0.000000e+00,0.000000e+00,0.000000e+00
1.000000e+00,0.000000e+00,0.000000e+00,0.000000e+00,0.000000e+00,0.000000e+00,0.000000e+00,0.000000e+00,0.000000e+00,0.000000e+00,0.000000e+00,0.000000e+00,0.000000e+00,0.000000e+00,0.000000e+00
1.000000e+00,0.000000e+00,0.000000e+00,0.000000e+00,0.000000e+00,0.000000e+00,0.000000e+00,0.000000e+00,0.000000e+00,0.000000e+00,0.000000e+00,0.000000e+00,0.000000e+00,0.000000e+00,0.000000e+00
1.000000e+00,0.000000e+00,0.000000e+00,0.000000e+00,0.000000e+00,0.000000e+00,0.000000e+00,0.000000e+00,0.000000e+00,0.000000e+00,0.000000e+00,0.000000e+00,0.000000e+00,0.000000e+00,0.000000e+00
1.000000e+00,0.000000e+00,0.000000e+00,0.000000e+00,0.000000e+00,0.000000e+00,0.000000e+00,0.000000e+00,0.000000e+00,0.000000e+00,0.000000e+00,0.000000e+00,0.000000e+00,0.000000e+00,0.000000e+00
1.000000e+00,0.000000e+00,0.000000e+00,0.000000e+00,0.000000e+00,0.000000e+00,0.000000e+00,0.000000e+00,0.000000e+00,0.000000e+00,0.000000e+00,0.000000e+00,0.000000e+00,0.000000e+00,0.000000e+00
4.987237e-01,1.453743e-02,1.017123e-02,2.719629e-02,6.007240e-02,2.707357e-02,2.708333e-01,1.972007e-02,4.764189e-03,2.212147e-03,7.971589e-03,2.209195e-02,1.805170e-02,2.502085e-03,1.407833e-02
3.608647e-01,1.071657e-02,8.141898e-03,1.949960e-02,5.601174e-02,2.037548e-02,4.448060e-01,2.586050e-02,3.768094e-03,1.932470e-03,5.848454e-03,1.602397e-02,1.412081e-02,1.998925e-03,1.003070e-02
2.551074e-01,7.652636e-03,6.066652e-03,1.382216e-02,4.963024e-02,1.481816e-02,5.894072e-01,2.334780e-02,2.787793e-03,1.902020e-03,4.277770e-03,1.147155e-02,1.079737e-02,1.559312e-03,7.351907e-03
1.843881e-01,5.592537e-03,4.652723e-03,1.016279e-02,7.428634e-02,1.243296e-02,6.491050e-01,2.154642e-02,2.500252e-03,5.572677e-03,3.590241e-03,9.504192e-03,8.808330e-03,1.614714e-03,6.242571e-03
1.348545e-01,4.268371e-03,3.505800e-03,7.490174e-03,1.251952e-01,1.398814e-02,6.506038e-01,1.582180e-02,1.987683e-03,1.588342e-02,3.268945e-03,7.313160e-03,6.987263e-03,1.424219e-03,7.407486e-03
9.555852e-02,3.086423e-03,2.513146e-03,5.313647e-03,2.076569e-01,1.253036e-02,5.697876e-01,1.124159e-02,1.442385e-03,6.761329e-02,2.508372e-03,5.694433e-03,6.152359e-03,1.093585e-03,7.807240e-03
6.755852e-02,2.240802e-03,1.847873e-03,3.797336e-03,2.173807e-01,1.040724e-02,4.708964e-01,8.097495e-03,1.077765e-03,1.849156e-01,2.125115e-03,4.505168e-03,6.031088e-03,9.872889e-04,1.813154e-02
4.893968e-02,1.651305e-03,1.363059e-03,2.768654e-03,2.175086e-01,9.115793e-03,3.875092e-01,5.784451e-03,9.817086e-04,2.951548e-01,1.825510e-03,4.640160e-03,5.779394e-03,1.200772e-03,1.577692e-02
3.919766e-02,1.325775e-03,1.041570e-03,2.181777e-03,2.114530e-01,8.345965e-03,3.703394e-01,4.296687e-03,1.056296e-03,3.346811e-01,1.797508e-03,4.397186e-03,5.088170e-03,1.550936e-03,1.324696e-02
4.286472e-02,1.683408e-03,1.269212e-03,1.958238e-03,2.388638e-01,1.466747e-02,3.396895e-01,3.797484e-03,1.333096e-03,3.224983e-01,3.970047e-03,7.056330e-03,5.193132e-03,2.337302e-03,1.281802e-02
3.184162e-02,1.611986e-03,1.101686e-03,1.538218e-03,1.758641e-01,2.388043e-02,3.300012e-01,2.872404e-03,1.332593e-03,3.573953e-01,1.550840e-02,2.391845e-02,8.252655e-03,4.630012e-03,2.025097e-02
2.410681e-02,1.179618e-03,1.017421e-03,1.184166e-03,1.250091e-01,6.037856e-02,3.265124e-01,2.443823e-03,1.429579e-03,2.885192e-01,6.533571e-02,5.699494e-02,8.375851e-03,2.096207e-02,1.655063e-02
1.718257e-02,8.841554e-04,7.668284e-04,9.111367e-04,8.776207e-02,5.535568e-02,2.295277e-01,2.070790e-03,1.802964e-03,2.102801e-01,1.550880e-01,1.578856e-01,1.113691e-02,5.755505e-02,1.179041e-02
1.247048e-02,6.921880e-04,6.894194e-04,8.284255e-04,6.171283e-02,4.467760e-02,1.625121e-01,1.812150e-03,3.293401e-03,1.529052e-01,3.193266e-01,1.571293e-01,9.369086e-03,6.403136e-02,8.549675e-03
9.009788e-03,7.721044e-04,7.407442e-04,1.651623e-03,4.355720e-02,3.267453e-02,1.140292e-01,1.613449e-03,3.624766e-02,1.115150e-01,4.093180e-01,1.611054e-01,7.685935e-03,6.334487e-02,6.734374e-03
6.464268e-03,1.125567e-03,8.439460e-04,1.678576e-03,3.094191e-02,2.392754e-02,7.989954e-02,1.457214e-03,5.177076e-02,7.953015e-02,4.175396e-01,2.038388e-01,7.046232e-03,8.858729e-02,5.348481e-03
4.805251e-03,5.720142e-03,3.147257e-03,2.128268e-03,2.356341e-02,1.717102e-02,5.607424e-02,2.537660e-03,1.061078e-01,5.760910e-02,3.720479e-01,2.553659e-01,9.407289e-03,7.965467e-02,4.659940e-03
4.448025e-03,6.163402e-03,3.856744e-03,3.296142e-03,1.879371e-02,1.578875e-02,3.951949e-02,1.247596e-02,2.155205e-01,4.304764e-02,3.361384e-01,1.979471e-01,7.497488e-03,9.079038e-02,4.716186e-03
4.634141e-03,5.939555e-02,4.764180e-03,3.249628e-03,1.476669e-02,2.278008e-02,2.778797e-02,1.882434e-02,2.591933e-01,3.109531e-02,2.732385e-01,1.409074e-01,5.448982e-03,1.293452e-01,4.568721e-03
7.680483e-03,1.682788e-01,1.121293e-02,3.517995e-03,1.282452e-02,1.971267e-02,1.965165e-02,2.673977e-02,2.238695e-01,2.196448e-02,1.970787e-01,9.905817e-02,4.167883e-03,1.805294e-01,3.713039e-03
5.848020e-03,2.292592e-01,8.318678e-03,3.723258e-03,9.860941e-03,1.631969e-02,1.377171e-02,2.351001e-02,3.210663e-01,1.542308e-02,1.386387e-01,6.948132e-02,3.100017e-03,1.388754e-01,2.803709e-03
4.434299e-03,3.117195e-01,8.310487e-03,3.184327e-02,7.315809e-03,1.407919e-02,9.653879e-03,1.743370e-02,3.288276e-01,1.103548e-02,9.948176e-02,4.878552e-02,2.517785e-03,1.011273e-01,3.434500e-03
3.337393e-03,4.171109e-01,7.831713e-03,4.230276e-02,5.669361e-03,1.167308e-02,6.762668e-03,1.285925e-02,2.960556e-01,7.868567e-03,7.431252e-02,3.448462e-02,2.577981e-03,7.217689e-02,4.976710e-03
3.927568e-03,4.070120e-01,8.454471e-03,5.101326e-02,5.772038e-03,1.004419e-02,4.752150e-03,1.153844e-02,3.203909e-01,6.132946e-03,7.808458e-02,2.512958e-02,6.215257e-03,5.260273e-02,8.929950e-03
3.946520e-03,3.272066e-01,1.157740e-02,1.457118e-01,1.175447e-02,7.985100e-03,3.336441e-03,9.428819e-03,3.418287e-01,4.532174e-03,6.168782e-02,1.794259e-02,5.903505e-03,3.698764e-02,1.017051e-02
5.573896e-03,2.633892e-01,1.867853e-02,2.041227e-01,1.146372e-02,6.614480e-03,2.359243e-03,7.743172e-03,3.266955e-01,4.873104e-03,7.574281e-02,1.405266e-02,1.049408e-02,2.860072e-02,1.959625e-02
1.010630e-02,2.488605e-01,2.302201e-02,1.903885e-01,1.389953e-02,6.030235e-03,1.708447e-03,7.858720e-03,3.226141e-01,5.638401e-03,9.500334e-02,1.216412e-02,1.486169e-02,2.316774e-02,2.467632e-02
1.172159e-02,2.016452e-01,2.857296e-02,2.981232e-01,1.257137e-02,4.786045e-03,1.256088e-03,6.895442e-03,2.856861e-01,7.129160e-03,7.629541e-02,9.159278e-03,1.136033e-02,1.764812e-02,2.714979e-02
1.707270e-02,1.710303e-01,3.168201e-02,2.859505e-01,1.488329e-02,5.390191e-03,1.081375e-03,7.732444e-03,3.053575e-01,1.098777e-02,8.047345e-02,8.026419e-03,1.138122e-02,1.691096e-02,3.203983e-02
2.724371e-02,1.428946e-01,5.079855e-02,3.455758e-01,1.571061e-02,4.786512e-03,9.179199e-04,1.714949e-02,2.587357e-01,1.079827e-02,6.215439e-02,6.218595e-03,8.978824e-03,1.311965e-02,3.491732e-02
1.102723e-01,1.455079e-01,4.432816e-02,2.670568e-01,1.940395e-02,7.063862e-03,1.238937e-03,3.136434e-02,2.174539e-01,9.903512e-03,6.138334e-02,5.582081e-03,7.091541e-03,1.751070e-02,5.483867e-02
1.327155e-01,1.175024e-01,5.669037e-02,2.608755e-01,3.309110e-02,7.834941e-03,1.636858e-03,5.923405e-02,1.928390e-01,8.509263e-03,5.421660e-02,5.057219e-03,7.045728e-03,1.384854e-02,4.890285e-02
2.189588e-01,9.676005e-02,4.403818e-02,2.030281e-01,5.472649e-02,1.135870e-02,2.110615e-03,6.037290e-02,1.830412e-01,7.404249e-03,4.371146e-02,5.362956e-03,6.466846e-03,1.126443e-02,5.139503e-02
1.855641e-01,8.361603e-02,5.756497e-02,2.536970e-01,4.795444e-02,9.745514e-03,2.417647e-03,4.898350e-02,1.937215e-01,7.935524e-03,3.448465e-02,5.222378e-03,6.420744e-03,8.365571e-03,5.430643e-02
2.878576e-01,6.436268e-02,5.415113e-02,2.151511e-01,4.034011e-02,1.053433e-02,2.408745e-03,6.854805e-02,1.507654e-01,6.589578e-03,3.132102e-02,1.059692e-02,6.764935e-03,6.714982e-03,4.389341e-02
2.699972e-01,4.566162e-02,3.970510e-02,1.555332e-01,3.369981e-02,8.136838e-03,2.021207e-03,2.488851e-01,1.082647e-01,4.961844e-03,3.144401e-02,9.198470e-03,6.233653e-03,4.910806e-03,3.134634e-02
2.096940e-01,3.212557e-02,2.850614e-02,1.123924e-01,2.780799e-02,6.424793e-03,1.560311e-03,4.414993e-01,7.642937e-02,3.544139e-03,2.330578e-02,6.604951e-03,4.614091e-03,3.474926e-03,2.201613e-02
1.824892e-01,2.291775e-02,2.068514e-02,7.920086e-02,2.140464e-02,6.446240e-03,1.382999e-03,5.640465e-01,5.379026e-02,2.545540e-03,1.745564e-02,5.312904e-03,3.984322e-03,2.577584e-03,1.576032e-02
1.530574e-01,1.686177e-02,1.538125e-02,5.682069e-02,1.587710e-02,7.168209e-03,1.067868e-03,6.497492e-01,3.848997e-02,1.949697e-03,1.601969e-02,6.845767e-03,6.889774e-03,2.131005e-03,1.169064e-02
1.372320e-01,1.235844e-02,1.148182e-02,4.076571e-02,1.174138e-02,8.312137e-03,8.144195e-04,6.632137e-01,2.847147e-02,2.254926e-03,2.421061e-02,1.729859e-02,2.900397e-02,3.875800e-03,8.965032e-03
1.188810e-01,8.941913e-03,8.293836e-03,2.940815e-02,8.562882e-03,8.652108e-03,7.394755e-04,5.017912e-01,2.165936e-02,4.281634e-03,3.921622e-02,6.373344e-02,1.743053e-01,4.350688e-03,7.182735e-03
9.684218e-02,7.275078e-03,6.928382e-03,2.438886e-02,6.552111e-03,1.608007e-02,8.963560e-04,3.915815e-01,1.972977e-02,1.515384e-02,4.825279e-02,1.398103e-01,2.144734e-01,5.064774e-03,6.970535e-03
7.695451e-02,5.985288e-03,6.436563e-03,1.944172e-02,5.797166e-03,2.047044e-02,2.088133e-03,2.874981e-01,2.401569e-02,1.249493e-02,4.512764e-02,3.119740e-01,1.684129e-01,6.120944e-03,7.182001e-03
6.495457e-02,5.065375e-03,7.571015e-03,1.696535e-02,5.134257e-03,3.618643e-02,2.288223e-03,2.120848e-01,2.356139e-02,1.146326e-02,3.979697e-02,4.381623e-01,1.235393e-01,5.959183e-03,7.267498e-03
5.015968e-02,3.890981e-03,5.471534e-03,1.348749e-02,5.415061e-03,3.167291e-02,1.927628e-03,1.502526e-01,1.859745e-02,9.006465e-03,4.005135e-02,5.682809e-01,8.872850e-02,7.348417e-03,5.709060e-03
3.538678e-02,2.774853e-03,3.863881e-03,9.820913e-03,4.332297e-03,2.236406e-02,1.451923e-03,1.056122e-01,1.396045e-02,6.492340e-03,4.242775e-02,6.756831e-01,6.286930e-02,8.846572e-03,4.113475e-03
2.501050e-02,2.001187e-03,2.733626e-03,7.127034e-03,3.375455e-03,1.571443e-02,1.068725e-03,7.417680e-02,1.135353e-02,4.742953e-03,4.131154e-02,7.541474e-01,4.449934e-02,9.779427e-03,2.958037e-03
1.771721e-02,1.845356e-03,2.131642e-03,5.203071e-03,4.115486e-03,1.109853e-02,8.639849e-04,5.223417e-02,1.295008e-02,3.752220e-03,6.738779e-02,7.552335e-01,3.188523e-02,3.106506e-02,2.516677e-03
1.251387e-02,1.679895e-03,2.194275e-03,3.840422e-03,5.070900e-03,7.897569e-03,7.111633e-04,3.697701e-02,3.064689e-02,3.038301e-03,9.433571e-02,7.357574e-01,2.318237e-02,3.993232e-02,2.222000e-03
9.412450e-03,1.407098e-03,2.096638e-03,3.472748e-03,5.745229e-03,6.078816e-03,6.080995e-04,2.745975e-02,6.420162e-02,3.043310e-03,1.343974e-01,6.306216e-01,1.802653e-02,9.147683e-02,1.952046e-03
7.917336e-03,1.125917e-03,1.625384e-03,2.793620e-03,4.504282e-03,5.074861e-03,4.411681e-04,1.935427e-02,1.792937e-01,2.571801e-03,1.190609e-01,4.942143e-01,1.498300e-02,1.452835e-01,1.755954e-03
1.275969e-02,1.500507e-03,2.107467e-03,3.270005e-03,4.149958e-03,8.504331e-03,3.452844e-04,1.377575e-02,3.085748e-01,2.602118e-03,1.193775e-01,3.659867e-01,1.301340e-02,1.415678e-01,2.464582e-03
1.016007e-02,2.986012e-03,2.377673e-03,2.914734e-03,4.288895e-03,7.644520e-03,2.608366e-04,9.695748e-03,4.181775e-01,3.750805e-03,1.400097e-01,2.677986e-01,1.014143e-02,1.160871e-01,3.706456e-03
1.345452e-02,3.721196e-03,2.409421e-03,2.978833e-03,3.599588e-03,6.955829e-03,2.047479e-04,6.849729e-03,4.819503e-01,4.771973e-03,1.568152e-01,2.038539e-01,8.269810e-03,1.000407e-01,4.124093e-03
1.239378e-02,3.359626e-03,2.046306e-03,2.720234e-03,2.749080e-03,6.316214e-03,1.613767e-04,4.892912e-03,4.582147e-01,6.139112e-03,2.418929e-01,1.519605e-01,7.149520e-03,9.661902e-02,3.384699e-03
1.134774e-02,3.733429e-03,1.841501e-03,2.300487e-03,2.451936e-03,5.391044e-03,1.568527e-04,3.488636e-03,3.548020e-01,1.236832e-02,3.736877e-01,1.166047e-01,5.615958e-03,1.024925e-01,3.717141e-03
1.037701e-02,6.795159e-03,4.176837e-03,3.743122e-03,5.656007e-03,5.683471e-03,2.295458e-04,3.418565e-03,2.908724e-01,1.783909e-02,4.521497e-01,9.083745e-02,4.580004e-03,9.729286e-02,6.348746e-03
1.124039e-02,6.999193e-03,5.809914e-03,3.406140e-03,5.100055e-03,5.620292e-03,2.881901e-04,7.949719e-03,2.429064e-01,1.760195e-02,5.101703e-01,6.777190e-02,3.630078e-03,1.058860e-01,5.619430e-03
1.279227e-02,6.061296e-03,5.401025e-03,3.257976e-03,7.230603e-03,5.905009e-03,6.521412e-04,1.022827e-02,2.071934e-01,1.712884e-02,5.274770e-01,5.088907e-02,2.901484e-03,1.380224e-01,4.859155e-03
1.538398e-02,6.203007e-03,4.919265e-03,3.663772e-03,1.476708e-02,1.358490e-02,1.213598e-03,9.448576e-03,1.754503e-01,2.437630e-02,5.066959e-01,3.731152e-02,3.769428e-03,1.757560e-01,7.456288e-03
2.669244e-02,5.717957e-03,9.250518e-03,5.718245e-03,1.553740e-02,2.285768e-02,1.535154e-03,1.354267e-02,1.392573e-01,3.483476e-02,4.640270e-01,2.690383e-02,3.899927e-03,2.229779e-01,7.247174e-03
4.035423e-02,4.606669e-03,9.179844e-03,5.253548e-03,1.566673e-02,2.265582e-02,1.339228e-03,1.079544e-02,1.070243e-01,5.129268e-02,4.083575e-01,1.923895e-02,3.245343e-03,2.951698e-01,5.819996e-03
4.938053e-02,7.606878e-03,8.021261e-03,5.279676e-03,1.955415e-02,8.318239e-02,1.602979e-03,9.423192e-03,1.332773e-01,5.578037e-02,3.358919e-01,1.558199e-02,4.047475e-03,2.638672e-01,7.502805e-03
6.194965e-02,9.200513e-03,6.726699e-03,4.880063e-03,2.170414e-02,1.802106e-01,1.614240e-03,8.831346e-03,1.284128e-01,5.208385e-02,2.582926e-01,1.221664e-02,5.247824e-03,2.377180e-01,1.091118e-02
7.664645e-02,1.044873e-02,7.968337e-03,6.751420e-03,3.266359e-02,2.118758e-01,1.657352e-03,8.783689e-03,1.529024e-01,4.728149e-02,2.409903e-01,9.573527e-03,5.319388e-03,1.771265e-01,1.001094e-02
9.898087e-02,1.189642e-02,8.456524e-03,1.040285e-02,2.906251e-02,1.835695e-01,1.490361e-03,1.172086e-02,2.373546e-01,3.872973e-02,1.956119e-01,8.849014e-03,5.097451e-03,1.493920e-01,9.385468e-03
1.172130e-01,1.022538e-02,8.239995e-03,4.325037e-02,3.714518e-02,1.497131e-01,1.962279e-03,6.785800e-02,2.287011e-01,2.995694e-02,1.569389e-01,8.147976e-03,4.726346e-03,1.281908e-01,7.730619e-03
1.247676e-01,9.274790e-03,8.205411e-03,7.054426e-02,5.238020e-02,1.156648e-01,1.800743e-03,1.216053e-01,1.937805e-01,2.353874e-02,1.620952e-01,9.122735e-03,4.091288e-03,9.669565e-02,6.432815e-03
1.209007e-01,7.723536e-03,8.123036e-03,7.966980e-02,5.637591e-02,9.363851e-02,1.891880e-03,2.061631e-01,1.463797e-01,1.800985e-02,1.706226e-01,9.805435e-03,3.984490e-03,7.141187e-02,5.299665e-03
1.412242e-01,9.793792e-03,8.351274e-03,8.164960e-02,7.256939e-02,7.935184e-02,2.462240e-03,2.520540e-01,1.188699e-01,1.980837e-02,1.382902e-01,1.349500e-02,4.418191e-03,5.264008e-02,5.021881e-03
2.004807e-01,2.086724e-02,1.096559e-02,7.210407e-02,7.289292e-02,6.690450e-02,3.577367e-03,2.608026e-01,9.991447e-02,2.625441e-02,1.027979e-01,1.112096e-02,4.271615e-03,4.039519e-02,6.650479e-03
2.247352e-01,1.810378e-02,1.184757e-02,5.929297e-02,7.279884e-02,5.079449e-02,4.969543e-03,3.347390e-01,7.833666e-02,2.025514e-02,7.375493e-02,1.029717e-02,4.689344e-03,2.928796e-02,6.097406e-03
2.899988e-01,1.792804e-02,1.364787e-02,4.663002e-02,5.908518e-02,3.959074e-02,5.018409e-03,3.537742e-01,6.284297e-02,1.502945e-02,5.305264e-02,9.280480e-03,4.562409e-03,2.228914e-02,7.269689e-03
3.973801e-01,1.956610e-02,1.270801e-02,3.657771e-02,4.806476e-02,3.475938e-02,5.426622e-03,2.989984e-01,5.278747e-02,1.211345e-02,4.001021e-02,9.590516e-03,6.703340e-03,1.655895e-02,8.755049e-03
3.904192e-01,3.576405e-02,1.433139e-02,4.476444e-02,3.871692e-02,3.168167e-02,5.518664e-03,2.213622e-01,5.084089e-02,2.000720e-02,3.592389e-02,2.497762e-02,3.364420e-02,1.431992e-02,3.772775e-02
3.976694e-01,3.048475e-02,2.175516e-02,3.920763e-02,3.035538e-02,7.215612e-02,1.414416e-02,1.638490e-01,4.272749e-02,1.716696e-02,2.725988e-02,2.236381e-02,7.565999e-02,1.078270e-02,3.441771e-02
3.456039e-01,2.528135e-02,1.750678e-02,3.204082e-02,2.352853e-02,7.311754e-02,1.760193e-02,1.189927e-01,3.528563e-02,1.386290e-02,2.105034e-02,1.891844e-02,2.163719e-01,7.920430e-03,3.291702e-02
3.094739e-01,2.932292e-02,2.383327e-02,3.326930e-02,1.837276e-02,6.777313e-02,1.512370e-02,8.663096e-02,4.537630e-02,1.186072e-02,1.574399e-02,1.875355e-02,2.876849e-01,6.657783e-03,3.012291e-02
3.159862e-01,2.444976e-02,1.888459e-02,2.811889e-02,1.602013e-02,6.010577e-02,1.408770e-02,6.338710e-02,3.745106e-02,8.692841e-03,1.193892e-02,1.647487e-02,3.542271e-01,4.930675e-03,2.524445e-02
2.675988e-01,2.051383e-02,1.343836e-02,2.225113e-02,1.302165e-02,4.798236e-02,1.088490e-02,4.545899e-02,3.101277e-02,6.370116e-03,9.817186e-03,1.602573e-02,4.673575e-01,3.639363e-03,2.462730e-02
2.159492e-01,1.571910e-02,1.040704e-02,1.676134e-02,1.034136e-02,3.572049e-02,8.545428e-03,3.320008e-02,2.522136e-02,4.787887e-03,7.297253e-03,1.322393e-02,5.796406e-01,2.732689e-03,2.045231e-02
2.504868e-01,1.315488e-02,7.866647e-03,1.421489e-02,9.405919e-03,3.116355e-02,6.927925e-03,2.488518e-02,1.979035e-02,3.662060e-03,6.823658e-03,1.231192e-02,5.792713e-01,2.182127e-03,1.785280e-02
3.012060e-01,1.189935e-02,7.304381e-03,1.153425e-02,1.152340e-02,2.991073e-02,7.096065e-03,2.112508e-02,1.982427e-02,3.139284e-03,6.782670e-03,1.352762e-02,5.376412e-01,2.310049e-03,1.517575e-02
3.836043e-01,1.171920e-02,7.013137e-03,1.047295e-02,1.233500e-02,2.899293e-02,5.958311e-03,1.736269e-02,1.751168e-02,2.625381e-03,6.532270e-03,1.542787e-02,4.650568e-01,2.388614e-03,1.299895e-02
4.562093e-01,1.136684e-02,8.631681e-03,9.150475e-03,1.219102e-02,3.014289e-02,4.951272e-03,1.472984e-02,1.771631e-02,3.216544e-03,8.387199e-03,1.987723e-02,3.878958e-01,3.307804e-03,1.222590e-02
1.000000e+00,0.000000e+00,0.000000e+00,0.000000e+00,0.000000e+00,0.000000e+00,0.000000e+00,0.000000e+00,0.000000e+00,0.000000e+00,0.000000e+00,0.000000e+00,0.000000e+00,0.000000e+00,0.000000e+00
1.000000e+00,0.000000e+00,0.000000e+00,0.000000e+00,0.000000e+00,0.000000e+00,0.000000e+00,0.000000e+00,0.000000e+00,0.000000e+00,0.000000e+00,0.000000e+00,0.000000e+00,0.000000e+00,0.000000e+00
1.000000e+00,0.000000e+00,0.000000e+00,0.000000e+00,0.000000e+00,0.000000e+00,0.000000e+00,0.000000e+00,0.000000e+00,0.000000e+00,0.000000e+00,0.000000e+00,0.000000e+00,0.000000e+00,0.000000e+00
1.000000e+00,0.000000e+00,0.000000e+00,0.000000e+00,0.000000e+00,0.000000e+00,0.000000e+00,0.000000e+00,0.000000e+00,0.000000e+00,0.000000e+00,0.000000e+00,0.000000e+00,0.000000e+00,0.000000e+00
1.000000e+00,0.000000e+00,0.000000e+00,0.000000e+00,0.000000e+00,0.000000e+00,0.000000e+00,0.000000e+00,0.000000e+00,0.000000e+00,0.000000e+00,0.000000e+00,0.000000e+00,0.000000e+00,0.000000e+00
1.000000e+00,0.000000e+00,0.000000e+00,0.000000e+00,0.000000e+00,0.000000e+00,0.000000e+00,0.000000e+00,0.000000e+00,0.000000e+00,0.000000e+00,0.000000e+00,0.000000e+00,0.000000e+00,0.000000e+00
4.522890e-01,9.669474e-03,1.701793e-02,9.553017e-02,2.582132e-02,3.012657e-02,3.690206e-03,2.425450e-02,2.510629e-02,5.729788e-03,1.480228e-02,7.644784e-02,1.985813e-01,4.762460e-03,1.617087e-02
3.685787e-01,1.402653e-02,2.662004e-02,1.540626e-01,2.359915e-02,2.710015e-02,2.973735e-03,2.493646e-02,4.769667e-02,7.092860e-03,1.740281e-02,7.786367e-02,1.867102e-01,3.836708e-03,1.749971e-02
2.861985e-01,1.922122e-02,2.855459e-02,1.159588e-01,2.298344e-02,4.847532e-02,2.438881e-03,2.062283e-02,7.076013e-02,5.709432e-03,1.711614e-02,5.644413e-02,2.870270e-01,3.594629e-03,1.489501e-02
2.604622e-01,1.978904e-02,2.437554e-02,1.126318e-01,2.542195e-02,4.743289e-02,2.530944e-03,2.139191e-02,8.523385e-02,4.967411e-03,2.009342e-02,4.660660e-02,3.096178e-01,4.099050e-03,1.534567e-02
2.300743e-01,2.043191e-02,2.231043e-02,1.559902e-01,4.893195e-02,5.282605e-02,3.298928e-03,2.932078e-02,1.042446e-01,4.003421e-03,1.781452e-02,3.907911e-02,2.529112e-01,4.132224e-03,1.463036e-02
2.382868e-01,2.001509e-02,2.457143e-02,1.570699e-01,5.371328e-02,7.587252e-02,3.514689e-03,3.325173e-02,1.063918e-01,3.311955e-03,1.853076e-02,3.472105e-02,2.107233e-01,4.964927e-03,1.506072e-02
2.466747e-01,1.915547e-02,2.692411e-02,1.530343e-01,5.450740e-02,1.228581e-01,2.879427e-03,2.581055e-02,1.002765e-01,2.794262e-03,1.938638e-02,2.795286e-02,1.744085e-01,7.350325e-03,1.598712e-02
2.828459e-01,1.880260e-02,2.818520e-02,1.700500e-01,4.632981e-02,1.017410e-01,2.891135e-03,2.326016e-02,9.017515e-02,3.094289e-03,2.695730e-02,3.804506e-02,1.300903e-01,1.219754e-02,2.533456e-02
2.688605e-01,2.333911e-02,4.103999e-02,1.658757e-01,3.765742e-02,7.396256e-02,2.261465e-03,1.808062e-02,1.105090e-01,1.046076e-02,3.783230e-02,3.196777e-02,9.829313e-02,1.248862e-02,6.737098e-02
2.077461e-01,2.521342e-02,4.317709e-02,1.437865e-01,2.775987e-02,5.205285e-02,1.624939e-03,1.444423e-02,2.749138e-01,9.674080e-03,3.680008e-02,2.292193e-02,7.095680e-02,1.010023e-02,5.882814e-02
2.903983e-01,2.745860e-02,5.846334e-02,1.313910e-01,2.472793e-02,3.951680e-02,1.466603e-03,1.203888e-02,2.271344e-01,7.821511e-03,3.869436e-02,1.974584e-02,5.464109e-02,1.039687e-02,5.610448e-02
3.684875e-01,2.460112e-02,5.052130e-02,1.106044e-01,1.904857e-02,2.998590e-02,1.352902e-03,9.555167e-03,2.055949e-01,9.943807e-03,3.485839e-02,1.879287e-02,4.366181e-02,1.290540e-02,6.008594e-02
4.015766e-01,2.070678e-02,4.311606e-02,1.128925e-01,1.423328e-02,2.318877e-02,1.540428e-03,8.140680e-03,2.093558e-01,1.044712e-02,2.835366e-02,1.783248e-02,3.849061e-02,1.014927e-02,5.997592e-02
4.225044e-01,1.878326e-02,6.675784e-02,1.007994e-01,1.126022e-02,2.005592e-02,1.588408e-03,8.781717e-03,1.745123e-01,1.501575e-02,2.633222e-02,1.938904e-02,3.443363e-02,8.956134e-03,7.082970e-02
3.684749e-01,1.779961e-02,5.161866e-02,1.021353e-01,8.790001e-03,1.634464e-02,1.279225e-03,7.420825e-03,2.397839e-01,1.726201e-02,2.852941e-02,1.542675e-02,3.232683e-02,6.861901e-03,8.594604e-02
2.896776e-01,1.647987e-02,4.595798e-02,1.563012e-01,7.052719e-03,1.276291e-02,9.724140e-04,5.938164e-03,2.554758e-01,1.992178e-02,4.191580e-02,1.304338e-02,3.005319e-02,5.573228e-03,9.887405e-02
2.189881e-01,1.798584e-02,3.403112e-02,1.261702e-01,5.677308e-03,9.898772e-03,7.357863e-04,5.035492e-03,2.492055e-01,1.897054e-02,1.026003e-01,1.144373e-02,3.909528e-02,6.060345e-03,1.541016e-01
1.562158e-01,1.547123e-02,2.550315e-02,1.040053e-01,4.855291e-03,7.309121e-03,5.519381e-04,4.422100e-03,2.670928e-01,1.564770e-02,1.235800e-01,8.662428e-03,3.981222e-02,6.394469e-03,2.204764e-01
1.113463e-01,1.295911e-02,2.128878e-02,8.543051e-02,5.746255e-03,5.371510e-03,4.431019e-04,4.098359e-03,3.825220e-01,1.284027e-02,1.211826e-01,6.791691e-03,4.018937e-02,6.352787e-03,1.834374e-01
7.859405e-02,1.172736e-02,1.683159e-02,6.470390e-02,8.190008e-03,4.102544e-03,4.589530e-04,4.343987e-03,4.358582e-01,9.830954e-03,1.200583e-01,6.629676e-03,4.743847e-02,9.119654e-03,1.821124e-01
5.539592e-02,1.073590e-02,1.368590e-02,5.381974e-02,7.666282e-03,3.408187e-03,3.870901e-04,3.435250e-03,4.914352e-01,7.923710e-03,1.050704e-01,5.938021e-03,4.094128e-02,1.198209e-02,1.881750e-01
3.914895e-02,9.132585e-03,1.097246e-02,3.977329e-02,8.146102e-03,2.832078e-03,3.333380e-04,2.723611e-03,3.829171e-01,5.873519e-03,1.080949e-01,5.743780e-03,5.662896e-02,1.568111e-02,3.119982e-01
2.812875e-02,7.832776e-03,8.538280e-03,3.038807e-02,6.261261e-03,2.747271e-03,2.756531e-04,2.081160e-03,4.312815e-01,5.258640e-03,9.114278e-02,6.783638e-03,5.300817e-02,2.159869e-02,3.046734e-01
2.058867e-02,7.301989e-03,7.219241e-03,2.456286e-02,4.743967e-03,3.270845e-03,2.506763e-04,1.734790e-03,4.975457e-01,4.799978e-03,7.675275e-02,7.749396e-03,5.330958e-02,2.062557e-02,2.695440e-01
1.540279e-02,1.002763e-02,6.417921e-03,2.001526e-02,3.525753e-03,3.657350e-03,2.075964e-04,1.289909e-03,5.651700e-01,5.443737e-03,7.025552e-02,8.940541e-03,4.989510e-02,2.288764e-02,2.168632e-01
1.177695e-02,9.788981e-03,6.732239e-03,1.764953e-02,2.809233e-03,3.522812e-03,1.853983e-04,1.025505e-03,4.979150e-01,6.115380e-03,1.026709e-01,1.004874e-02,6.730965e-02,2.236217e-02,2.400875e-01
9.030386e-03,9.561485e-03,6.216789e-03,1.500160e-02,4.100003e-03,3.533833e-03,2.106916e-04,9.083333e-04,5.128807e-01,6.598690e-03,1.312308e-01,1.011917e-02,5.948564e-02,3.139727e-02,1.997246e-01
7.569173e-03,7.249282e-03,5.134110e-03,1.252895e-02,3.423063e-03,3.067558e-03,2.010851e-04,8.138662e-04,4.310241e-01,8.199960e-03,1.994795e-01,9.276883e-03,5.573054e-02,6.070335e-02,1.955986e-01
6.148096e-03,5.676522e-03,3.934614e-03,9.987365e-03,4.364542e-03,2.681646e-03,2.023155e-04,8.054439e-04,4.107697e-01,7.637821e-03,2.470078e-01,1.825201e-02,7.544957e-02,6.436194e-02,1.427206e-01
5.052003e-03,4.381483e-03,3.213905e-03,7.733610e-03,3.459829e-03,2.163513e-03,1.496896e-04,5.863276e-04,3.505396e-01,8.546647e-03,3.515701e-01,1.573465e-02,5.940267e-02,8.003014e-02,1.074358e-01
4.173871e-03,3.399425e-03,2.614517e-03,5.810296e-03,3.038265e-03,1.737396e-03,1.136901e-04,4.454733e-04,3.198791e-01,1.171945e-02,3.809263e-01,1.579645e-02,4.807693e-02,1.203609e-01,8.190794e-02
5.267127e-03,3.111203e-03,2.355798e-03,6.217015e-03,2.866045e-03,2.366250e-03,1.348844e-04,4.711139e-04,2.988946e-01,1.777111e-02,4.295078e-01,1.897048e-02,3.948319e-02,1.019258e-01,7.065751e-02
3.971944e-03,2.670597e-03,2.059576e-03,5.395396e-03,2.652904e-03,2.097345e-03,1.232077e-04,3.652839e-04,2.636824e-01,1.711082e-02,5.122516e-01,2.434460e-02,3.043253e-02,7.998239e-02,5.285938e-02
4.481466e-03,2.113635e-03,1.738475e-03,4.907126e-03,2.279925e-03,2.332738e-03,1.205942e-04,2.982159e-04,2.148971e-01,2.190641e-02,5.717178e-01,4.663834e-02,2.489937e-02,6.297830e-02,3.869049e-02
3.867302e-03,1.654183e-03,1.291988e-03,4.024100e-03,1.832352e-03,1.955479e-03,9.360288e-05,2.394126e-04,1.608180e-01,1.975596e-02,6.166312e-01,8.704733e-02,2.258925e-02,4.933525e-02,2.886462e-02
3.076085e-03,1.322220e-03,9.586842e-04,3.053701e-03,2.196673e-03,1.610932e-03,9.129900e-05,2.118140e-04,1.161461e-01,1.707503e-02,6.734285e-01,9.737346e-02,2.214388e-02,3.792606e-02,2.338547e-02
3.254152e-03,1.526290e-02,9.514855e-03,2.585112e-03,1.482012e-02,2.008672e-03,3.942675e-04,4.762196e-04,1.018747e-01,2.226451e-02,6.173956e-01,1.248947e-01,2.865235e-02,3.104537e-02,2.555645e-02
2.995809e-03,1.174059e-02,1.181861e-02,2.438453e-03,2.065020e-02,2.363154e-03,6.875659e-04,1.034340e-03,8.361569e-02,2.101214e-02,5.811294e-01,1.740144e-01,3.154615e-02,2.659348e-02,2.835999e-02
8.264997e-03,8.917428e-03,2.882830e-02,3.887121e-03,5.037541e-02,3.348446e-03,1.779285e-03,2.102656e-02,6.851565e-02,2.264804e-02,5.021387e-01,1.767638e-01,5.433986e-02,2.330134e-02,2.586498e-02
1.864579e-02,7.833049e-03,2.748994e-02,3.928380e-03,1.740543e-01,2.162172e-02,2.885983e-03,2.121372e-02,6.088136e-02,2.938526e-02,3.889533e-01,1.502826e-01,5.243093e-02,2.141319e-02,1.898043e-02
3.728258e-02,7.104137e-03,2.571750e-02,5.586070e-03,2.029556e-01,2.421386e-02,2.819279e-03,2.442037e-02,6.335787e-02,3.078653e-02,3.190955e-01,1.589797e-01,5.768321e-02,2.468394e-02,1.531386e-02
7.218594e-02,6.009595e-03,2.257661e-02,5.729752e-03,2.875223e-01,3.647185e-02,6.568199e-03,2.107483e-02,5.611958e-02,2.837251e-02,2.424637e-01,1.202738e-01,4.465213e-02,3.378315e-02,1.619601e-02
9.121031e-02,6.072450e-03,1.919458e-02,6.510794e-03,3.866268e-01,4.673450e-02,9.330886e-03,1.629794e-02,5.025669e-02,2.099696e-02,1.812403e-01,8.910689e-02,3.408500e-02,2.941337e-02,1.292255e-02
8.784293e-02,8.228356e-03,2.370000e-02,2.984629e-02,4.354250e-01,6.829962e-02,1.036722e-02,2.672776e-02,3.804338e-02,1.518566e-02,1.313280e-01,6.718692e-02,2.551727e-02,2.258199e-02,9.719619e-03
8.617424e-02,1.307925e-02,2.044831e-02,3.284384e-02,4.410508e-01,1.212474e-01,9.723533e-03,2.806649e-02,2.907018e-02,1.215868e-02,1.000881e-01,5.858156e-02,2.051118e-02,1.892397e-02,8.032553e-03
7.825334e-02,1.161194e-02,1.759030e-02,2.920073e-02,4.875720e-01,1.441389e-01,2.156888e-02,3.167997e-02,2.068096e-02,8.939379e-03,7.167879e-02,4.242180e-02,1.499914e-02,1.367204e-02,5.991942e-03
5.681343e-02,8.247011e-03,1.288161e-02,2.064304e-02,4.883080e-01,1.046864e-01,1.571563e-01,2.337703e-02,1.452571e-02,8.703538e-03,5.022930e-02,2.973569e-02,1.082728e-02,9.600933e-03,4.264731e-03
4.113197e-02,5.812508e-03,9.251998e-03,1.454774e-02,4.826335e-01,7.447731e-02,2.607504e-01,1.776505e-02,1.022713e-02,9.657685e-03,3.519054e-02,2.083552e-02,7.960612e-03,6.736512e-03,3.021476e-03
2.985498e-02,4.099000e-03,6.590249e-03,1.029574e-02,4.619235e-01,5.307825e-02,3.067060e-01,1.304836e-02,7.352307e-03,5.277859e-02,2.504031e-02,1.463941e-02,7.240702e-03,4.806631e-03,2.546035e-03
2.130979e-02,2.911649e-03,4.645316e-03,7.338404e-03,4.087034e-01,3.772952e-02,2.508029e-01,9.236933e-03,5.250524e-03,2.120393e-01,1.783015e-02,1.028249e-02,5.428142e-03,3.414543e-03,3.076935e-03
1.533123e-02,2.085826e-03,3.297950e-03,5.258640e-03,3.425433e-01,2.685996e-02,2.005828e-01,6.515769e-03,3.753395e-03,3.640374e-01,1.273609e-02,7.282439e-03,4.029717e-03,2.454671e-03,3.230787e-03
1.423145e-02,1.534278e-03,2.634856e-03,3.794145e-03,3.569389e-01,1.961535e-02,1.819255e-01,4.749523e-03,2.678354e-03,3.889894e-01,9.207270e-03,5.121425e-03,2.972496e-03,1.995748e-03,3.611262e-03
1.293091e-02,1.193976e-03,2.472944e-03,2.774386e-03,3.285797e-01,1.672978e-02,1.966193e-01,3.740158e-03,1.937877e-03,4.119383e-01,6.701543e-03,3.608965e-03,2.328249e-03,1.922868e-03,6.521064e-03
1.783172e-02,1.340918e-03,1.211333e-02,2.361488e-03,2.656147e-01,4.923156e-02,2.366503e-01,3.156522e-03,1.517612e-03,3.851925e-01,5.204880e-03,2.610860e-03,1.873378e-03,2.464036e-03,1.283619e-02
2.728831e-02,1.694398e-03,1.993618e-02,2.299793e-03,2.098605e-01,6.630641e-02,3.382515e-01,3.148417e-03,1.432186e-03,3.048228e-01,4.082332e-03,1.963507e-03,1.566888e-03,2.527078e-03,1.481977e-02
4.118586e-02,2.098783e-03,2.463362e-02,2.098353e-03,1.618889e-01,1.283653e-01,3.724349e-01,3.691362e-03,1.677210e-03,2.317861e-01,3.454858e-03,1.493867e-03,1.332587e-03,3.523521e-03,2.033479e-02
7.058849e-02,2.236144e-03,2.247386e-02,2.193630e-03,1.208571e-01,1.242447e-01,4.363235e-01,4.229756e-03,1.773823e-03,1.760871e-01,3.204398e-03,1.337710e-03,1.223023e-03,5.973047e-03,2.725366e-02
9.771655e-02,2.350007e-03,2.189979e-02,2.396904e-03,9.384634e-02,1.172401e-01,4.754848e-01,4.462534e-03,1.682172e-03,1.393388e-01,3.112946e-03,1.221941e-03,1.138018e-03,7.616392e-03,3.049266e-02
