1.000000e+00,0.000000e+00,0.000000e+00,0.000000e+00,0.000000e+00,0.000000e+00,0.000000e+00,0.000000e+00,0.000000e+00,0.000000e+00,0.000000e+00,0.000000e+00,0.000000e+00,0.000000e+00,0.000000e+00
1.000000e+00,0.000000e+00,0.000000e+00,0.000000e+00,0.000000e+00,0.000000e+00,0.000000e+00,0.000000e+00,0.000000e+00,0.000000e+00,0.000000e+00,0.000000e+00,0.000000e+00,0.000000e+00,0.000000e+00
1.000000e+00,0.000000e+00,0.000000e+00,0.000000e+00,0.000000e+00,0.000000e+00,0.000000e+00,0.000000e+00,0.000000e+00,0.000000e+00,0.000000e+00,0.000000e+00,0.000000e+00,0.000000e+00,0.000000e+00
1.000000e+00,0.000000e+00,0.000000e+00,0.000000e+00,0.000000e+00,0.000000e+00,0.000000e+00,0.000000e+00,0.000000e+00,0.000000e+00,0.000000e+00,0.000000e+00,0.000000e+00,0.000000e+00,0.000000e+00
1.000000e+00,0.000000e+00,0.000000e+00,0.000000e+00,0.000000e+00,0.000000e+00,0.000000e+00,0.000000e+00,0.000000e+00,0.000000e+00,0.000000e+00,0.000000e+00,0.000000e+00,0.000000e+00,0.000000e+00
1.000000e+00,0.000000e+00,0.000000e+00,0.000000e+00,0.000000e+00,0.000000e+00,0.000000e+00,0.000000e+00,0.000000e+00,0.000000e+00,0.000000e+00,0.000000e+00,0.000000e+00,0.000000e+00,0.000000e+00
1.000000e+00,0.000000e+00,0.000000e+00,0.000000e+00,0.000000e+00,0.000000e+00,0.000000e+00,0.000000e+00,0.000000e+00,0.000000e+00,0.000000e+00,0.000000e+00,0.000000e+00,0.000000e+00,0.000000e+00
1.000000e+00,0.000000e+00,0.000000e+00,0.000000e+00,0.000000e+00,0.000000e+00,0.000000e+00,0.000000e+00,0.000000e+00,0.000000e+00,0.000000e+00,0.000000e+00,0.000000e+00,0.000000e+00,0.000000e+00
1.000000e+00,0.000000e+00,0.000000e+00,0.000000e+00,0.000000e+00,0.000000e+00,0.000000e+00,0.000000e+00,0.000000e+00,0.000000e+00,0.000000e+00,0.000000e+00,0.000000e+00,0.000000e+00,0.000000e+00
1.000000e+00,0.000000e+00,0.000000e+00,0.000000e+00,0.000000e+00,0.000000e+00,0.000000e+00,0.000000e+00,0.000000e+00,0.000000e+00,0.000000e+00,0.000000e+00,0.000000e+00,0.000000e+00,0.000000e+00
1.000000e+00,0.000000e+00,0.000000e+00,0.000000e+00,0.000000e+00,0.000000e+00,0.000000e+00,0.000000e+00,0.000000e+00,0.000000e+00,0.000000e+00,0.000000e+00,0.000000e+00,0.000000e+00,0.000000e+00
1.000000e+00,0.000000e+00,0.000000e+00,0.000000e+00,0.000000e+00,0.000000e+00,0.000000e+00,0.000000e+00,0.000000e+00,0.000000e+00,0.000000e+00,0.000000e+00,0.000000e+00,0.000000e+00,0.000000e+00
1.000000e+00,0.000000e+00,0.000000e+00,0.000000e+00,0.000000e+00,0.000000e+00,0.000000e+00,0.000000e+00,0.000000e+00,0.000000e+00,0.000000e+00,0.000000e+00,0.000000e+00,0.000000e+00,0.000000e+00
1.000000e+00,0.000000e+00,0.000000e+00,0.000000e+00,0.000000e+00,0.000000e+00,0.000000e+00,0.000000e+00,0.000000e+00,0.000000e+00,0.000000e+00,0.000000e+00,0.000000e+00,0.000000e+00,0.000000e+00
1.000000e+00,0.000000e+00,0.000000e+00,0.000000e+00,0.000000e+00,0.000000e+00,0.000000e+00,0.000000e+00,0.000000e+00,0.000000e+00,0.000000e+00,0.000000e+00,0.000000e+00,0.000000e+00,0.000000e+00
1.000000e+00,0.000000e+00,0.000000e+00,0.000000e+00,0.000000e+00,0.000000e+00,0.000000e+00,0.000000e+00,0.000000e+00,0.000000e+00,0.000000e+00,0.000000e+00,0.000000e+00,0.000000e+00,0.000000e+00
1.000000e+00,0.000000e+00,0.000000e+00,0.000000e+00,0.000000e+00,0.000000e+00,0.000000e+00,0.000000e+00,0.000000e+00,0.000000e+00,0.000000e+00,0.000000e+00,0.000000e+00,0.000000e+00,0.000000e+00
1.000000e+00,0.000000e+00,0.000000e+00,0.000000e+00,0.000000e+00,0.000000e+00,0.000000e+00,0.000000e+00,0.000000e+00,0.000000e+00,0.000000e+00,0.000000e+00,0.000000e+00,0.000000e+00,0.000000e+00
1.000000e+00,0.000000e+00,0.000000e+00,0.000000e+00,0.000000e+00,0.000000e+00,0.000000e+00,0.000000e+00,0.000000e+00,0.000000e+00,0.000000e+00,0.000000e+00,0.000000e+00,0.000000e+00,0.000000e+00
1.000000e+00,0.000000e+00,0.000000e+00,0.000000e+00,0.000000e+00,0.000000e+00,0.000000e+00,0.000000e+00,0.000000e+00,0.000000e+00,0.000000e+00,0.000000e+00,0.000000e+00,0.000000e+00,0.000000e+00
1.000000e+00,0.000000e+00,0.000000e+00,0.000000e+00,0.000000e+00,0.000000e+00,0.000000e+00,0.000000e+00,0.000000e+00,0.000000e+00,0.000000e+00,0.000000e+00,0.000000e+00,0.000000e+00,0.000000e+00
1.000000e+00,0.000000e+00,0.000000e+00,0.000000e+00,0.000000e+00,0.000000e+00,0.000000e+00,0.000000e+00,0.000000e+00,0.000000e+00,0.000000e+00,0.000000e+00,0.000000e+00,0.000000e+00,0.000000e+00
1.000000e+00,0.000000e+00,0.000000e+00,0.000000e+00,0.000000e+00,0.000000e+00,0.000000e+00,0.000000e+00,0.000000e+00,0.000000e+00,0.000000e+00,0.000000e+00,0.000000e+00,0.000000e+00,0.000000e+00
1.000000e+00,0.000000e+00,0.000000e+00,0.000000e+00,0.000000e+00,0.000000e+00,0.000000e+00,0.000000e+00,0.000000e+00,0.000000e+00,0.000000e+00,0.000000e+00,0.000000e+00,0.000000e+00,0.000000e+00
1.000000e+00,0.000000e+00,0.000000e+00,0.000000e+00,0.000000e+00,0.000000e+00,0.000000e+00,0.000000e+00,0.000000e+00,0.000000e+00,0.000000e+00,0.000000e+00,0.000000e+00,0.000000e+00,0.000000e+00
1.000000e+00,0.000000e+00,0.000000e+00,0.000000e+00,0.000000e+00,0.000000e+00,0.000000e+00,0.000000e+00,0.000000e+00,0.000000e+00,0.000000e+00,0.000000e+00,0.000000e+00,0.000000e+00,0.000000e+00
1.000000e+00,0.000000e+00,0.000000e+00,0.000000e+00,0.000000e+00,0.000000e+00,0.000000e+00,0.000000e+00,0.000000e+00,0.000000e+00,0.000000e+00,0.000000e+00,0.000000e+00,0.000000e+00,0.000000e+00
1.000000e+00,0.000000e+00,0.000000e+00,0.000000e+00,0.000000e+00,0.000000e+00,0.000000e+00,0.000000e+00,0.000000e+00,0.000000e+00,0.000000e+00,0.000000e+00,0.000000e+00,0.000000e+00,0.000000e+00
1.000000e+00,0.000000e+00,0.000000e+00,0.000000e+00,0.000000e+00,0.000000e+00,0.000000e+00,0.000000e+00,0.000000e+00,0.000000e+00,0.000000e+00,0.000000e+00,0.000000e+00,0.000000e+00,0.000000e+00
1.000000e+00,0.000000e+00,0.000000e+00,0.000000e+00,0.000000e+00,0.000000e+00,0.000000e+00,0.000000e+00,0.000000e+00,0.000000e+00,0.000000e+00,0.000000e+00,0.000000e+00,0.000000e+00,0.000000e+00
1.000000e+00,0.000000e+00,0.000000e+00,0.000000e+00,0.000000e+00,0.000000e+00,0.000000e+00,0.000000e+00,0.000000e+00,0.000000e+00,0.000000e+00,0.000000e+00,0.000000e+00,0.000000e+00,0.000000e+00
1.000000e+00,0.000000e+00,0.000000e+00,0.000000e+00,0.000000e+00,0.000000e+00,0.000000e+00,0.000000e+00,0.000000e+00,0.000000e+00,0.000000e+00,0.000000e+00,0.000000e+00,0.000000e+00,0.000000e+00
1.000000e+00,0.000000e+00,0.000000e+00,0.000000e+00,0.000000e+00,0.000000e+00,0.000000e+00,0.000000e+00,0.000000e+00,0.000000e+00,0.000000e+00,0.000000e+00,0.000000e+00,0.000000e+00,0.000000e+00
1.000000e+00,0.000000e+00,0.000000e+00,0.000000e+00,0.000000e+00,0.000000e+00,0.000000e+00,0.000000e+00,0.000000e+00,0.000000e+00,0.000000e+00,0.000000e+00,0.000000e+00,0.000000e+00,0.000000e+00
1.000000e+00,0.000000e+00,0.000000e+00,0.000000e+00,0.000000e+00,0.000000e+00,0.000000e+00,0.000000e+00,0.000000e+00,0.000000e+00,0.000000e+00,0.000000e+00,0.000000e+00,0.000000e+00,0.000000e+00
1.000000e+00,0.000000e+00,0.000000e+00,0.000000e+00,0.000000e+00,0.000000e+00,0.000000e+00,0.000000e+00,0.000000e+00,0.000000e+00,0.000000e+00,0.000000e+00,0.000000e+00,0.000000e+00,0.000000e+00
1.000000e+00,0.000000e+00,0.000000e+00,0.000000e+00,0.000000e+00,0.000000e+00,0.000000e+00,0.000000e+00,0.000000e+00,0.000000e+00,0.000000e+00,0.000000e+00,0.000000e+00,0.000000e+00,0.000000e+00
1.000000e+00,0.000000e+00,0.000000e+00,0.000000e+00,0.000000e+00,0.000000e+00,0.000000e+00,0.000000e+00,0.000000e+00,0.000000e+00,0.000000e+00,0.000000e+00,0.000000e+00,0.000000e+00,0.000000e+00
1.000000e+00,0.000000e+00,0.000000e+00,0.000000e+00,0.000000e+00,0.000000e+00,0.000000e+00,0.000000e+00,0.000000e+00,0.000000e+00,0.000000e+00,0.000000e+00,0.000000e+00,0.000000e+00,0.000000e+00
1.000000e+00,0.000000e+00,0.000000e+00,0.000000e+00,0.000000e+00,0.000000e+00,0.000000e+00,0.000000e+00,0.000000e+00,0.000000e+00,0.000000e+00,0.000000e+00,0.000000e+00,0.000000e+00,0.000000e+00
1.000000e+00,0.000000e+00,0.000000e+00,0.000000e+00,0.000000e+00,0.000000e+00,0.000000e+00,0.000000e+00,0.000000e+00,0.000000e+00,0.000000e+00,0.000000e+00,0.000000e+00,0.000000e+00,0.000000e+00
1.000000e+00,0.000000e+00,0.000000e+00,0.000000e+00,0.000000e+00,0.000000e+00,0.000000e+00,0.000000e+00,0.000000e+00,0.000000e+00,0.000000e+00,0.000000e+00,0.000000e+00,0.000000e+00,0.000000e+00
1.000000e+00,0.000000e+00,0.000000e+00,0.000000e+00,0.000000e+00,0.000000e+00,0.000000e+00,0.000000e+00,0.000000e+00,0.000000e+00,0.000000e+00,0.000000e+00,0.000000e+00,0.000000e+00,0.000000e+00
1.000000e+00,0.000000e+00,0.000000e+00,0.000000e+00,0.000000e+00,0.000000e+00,0.000000e+00,0.000000e+00,0.000000e+00,0.000000e+00,0.000000e+00,0.000000e+00,0.000000e+00,0.000000e+00,0.000000e+00
1.000000e+00,0.000000e+00,0.000000e+00,0.000000e+00,0.000000e+00,0.000000e+00,0.000000e+00,0.000000e+00,0.000000e+00,0.000000e+00,0.000000e+00,0.000000e+00,0.000000e+00,0.000000e+00,0.000000e+00
1.000000e+00,0.000000e+00,0.000000e+00,0.000000e+00,0.000000e+00,0.000000e+00,0.000000e+00,0.000000e+00,0.000000e+00,0.000000e+00,0.000000e+00,0.000000e+00,0.000000e+00,0.000000e+00,0.000000e+00
1.000000e+00,0.000000e+00,0.000000e+00,0.000000e+00,0.000000e+00,0.000000e+00,0.000000e+00,0.000000e+00,0.000000e+00,0.000000e+00,0.000000e+00,0.000000e+00,0.000000e+00,0.000000e+00,0.000000e+00
1.000000e+00,0.000000e+00,0.000000e+00,0.000000e+00,0.000000e+00,0.000000e+00,0.000000e+00,0.000000e+00,0.000000e+00,0.000000e+00,0.000000e+00,0.000000e+00,0.000000e+00,0.000000e+00,0.000000e+00
1.000000e+00,0.000000e+00,0.000000e+00,0.000000e+00,0.000000e+00,0.000000e+00,0.000000e+00,0.000000e+00,0.000000e+00,0.000000e+00,0.000000e+00,0.000000e+00,0.000000e+00,0.000000e+00,0.000000e+00
1.000000e+00,0.000000e+00,0.000000e+00,0.000000e+00,0.000000e+00,0.000000e+00,0.000000e+00,0.000000e+00,0.000000e+00,0.000000e+00,0.000000e+00,0.000000e+00,0.000000e+00,0.000000e+00,0.000000e+00
1.000000e+00,0.000000e+00,0.000000e+00,0.000000e+00,0.000000e+00,0.000000e+00,0.000000e+00,0.000000e+00,0.000000e+00,0.000000e+00,0.000000e+00,0.000000e+00,0.000000e+00,0.000000e+00,0.000000e+00
1.000000e+00,0.000000e+00,0.000000e+00,0.000000e+00,0.000000e+00,0.000000e+00,0.000000e+00,0.000000e+00,0.000000e+00,0.000000e+00,0.000000e+00,0.000000e+00,0.000000e+00,0.000000e+00,0.000000e+00
1.000000e+00,0.000000e+00,0.000000e+00,0.000000e+00,0.000000e+00,0.000000e+00,0.000000e+00,0.000000e+00,0.000000e+00,0.000000e+00,0.000000e+00,0.000000e+00,0.000000e+00,0.000000e+00,0.000000e+00
1.000000e+00,0.000000e+00,0.000000e+00,0.000000e+00,0.000000e+00,0.000000e+00,0.000000e+00,0.000000e+00,0.000000e+00,0.000000e+00,0.000000e+00,0.000000e+00,0.000000e+00,0.000000e+00,0.000000e+00
1.000000e+00,0.000000e+00,0.000000e+00,0.000000e+00,0.000000e+00,0.000000e+00,0.000000e+00,0.000000e+00,0.000000e+00,0.000000e+00,0.000000e+00,0.000000e+00,0.000000e+00,0.000000e+00,0.000000e+00
1.000000e+00,0.000000e+00,0.000000e+00,0.000000e+00,0.000000e+00,0.000000e+00,0.000000e+00,0.000000e+00,0.000000e+00,0.000000e+00,0.000000e+00,0.000000e+00,0.000000e+00,0.000000e+00,0.000000e+00
3.864844e-01,1.677987e-02,2.655385e-01,1.264225e-01,5.338741e-03,3.133271e-02,3.694037e-03,4.882920e-02,4.125122e-03,1.945388e-02,2.535971e-02,3.325731e-02,1.334658e-02,2.776067e-03,1.726135e-02
2.713204e-01,2.146659e-02,2.898213e-01,1.150757e-01,4.274036e-03,2.493202e-02,2.665812e-03,3.505742e-02,8.262899e-03,1.609561e-02,1.178597e-01,2.657149e-02,1.018977e-02,4.082131e-02,1.558588e-02
1.931006e-01,3.405841e-02,2.499377e-01,1.192649e-01,3.446013e-03,1.863127e-02,1.904655e-03,2.575715e-02,1.176320e-02,1.289209e-02,1.668647e-01,1.950993e-02,7.622008e-03,1.218224e-01,1.342497e-02
1.356806e-01,2.496725e-02,1.778925e-01,8.839940e-02,2.493907e-03,1.520983e-02,1.360932e-03,1.814878e-02,9.505015e-03,9.265616e-03,3.458524e-01,1.818456e-02,5.532086e-03,1.377314e-01,9.775758e-03
9.505624e-02,1.768773e-02,1.246642e-01,6.288227e-02,2.051688e-03,1.186399e-02,1.085796e-03,1.285329e-02,7.318333e-03,6.854877e-03,5.131857e-01,2.015318e-02,4.103355e-03,1.132497e-01,6.989686e-03
6.690898e-02,1.284755e-02,8.787496e-02,4.549920e-02,3.100643e-03,2.846417e-02,1.088503e-03,9.775701e-03,6.429943e-03,5.104325e-03,5.209134e-01,2.128710e-02,3.773145e-03,1.813982e-01,5.534238e-03
4.705231e-02,9.556275e-03,6.169747e-02,3.270507e-02,3.034869e-03,2.355339e-02,8.217330e-04,7.088449e-03,7.533288e-03,3.855416e-03,5.024628e-01,1.925711e-02,3.454808e-03,2.737852e-01,4.141852e-03
3.307623e-02,6.846897e-03,4.329795e-02,2.323565e-02,2.312026e-03,1.999738e-02,5.914151e-04,5.022052e-03,5.880607e-03,2.883357e-03,4.939972e-01,1.605970e-02,2.848853e-03,3.409328e-01,3.017965e-03
2.324503e-02,5.126282e-03,3.037655e-02,1.640230e-02,1.825335e-03,1.542241e-02,4.200941e-04,3.543397e-03,6.481760e-03,2.197312e-03,4.843234e-01,1.563164e-02,2.199462e-03,3.906144e-01,2.190654e-03
1.630758e-02,4.708615e-03,2.135287e-02,1.161787e-02,1.763826e-03,1.200469e-02,3.099451e-04,2.555176e-03,3.806790e-02,1.713017e-03,4.797007e-01,1.779470e-02,1.580974e-03,3.887691e-01,1.753042e-03
1.145004e-02,4.980199e-03,1.506606e-02,8.200856e-03,1.717715e-03,9.384821e-03,2.295272e-04,1.840698e-03,6.723090e-02,1.440599e-03,4.911471e-01,1.642757e-02,1.141522e-03,3.682870e-01,1.455392e-03
8.041553e-03,6.766141e-03,1.066672e-02,5.756850e-03,1.625719e-03,8.273717e-03,1.814376e-04,1.375002e-03,1.207470e-01,1.591194e-03,4.716919e-01,1.462805e-02,8.944361e-04,3.465614e-01,1.198955e-03
5.659968e-03,8.445864e-03,7.585712e-03,4.047018e-03,1.393661e-03,7.662104e-03,1.392736e-04,1.036648e-03,1.638820e-01,1.717450e-03,4.586390e-01,1.209594e-02,6.832440e-04,3.259240e-01,1.088143e-03
4.031753e-03,1.465605e-02,5.502324e-03,2.875294e-03,1.032333e-03,6.336118e-03,1.017303e-04,7.657055e-04,2.908176e-01,2.219325e-03,3.920007e-01,8.967969e-03,5.147624e-04,2.691025e-01,1.075901e-03
2.927489e-03,1.284898e-02,4.567455e-03,2.303562e-03,8.058685e-04,7.389229e-03,7.904180e-05,9.008580e-04,4.317027e-01,3.774941e-03,3.230514e-01,6.626289e-03,4.431261e-04,2.013692e-01,1.209804e-03
2.202317e-03,1.190898e-02,3.284597e-03,1.927961e-03,7.487741e-04,8.814183e-03,5.931004e-05,7.550204e-04,5.546658e-01,4.021497e-03,2.519800e-01,4.971023e-03,3.861324e-04,1.531194e-01,1.155084e-03
1.795959e-03,1.419117e-02,2.795605e-03,1.486869e-03,8.063598e-04,3.859565e-02,4.831914e-05,6.967522e-04,6.250286e-01,3.913187e-03,1.835418e-01,3.788495e-03,3.731060e-04,1.215968e-01,1.341359e-03
1.664713e-03,1.510866e-02,2.557513e-03,1.169431e-03,7.752754e-04,8.476849e-02,3.864185e-05,5.649455e-04,6.546044e-01,3.442071e-03,1.315684e-01,2.939684e-03,3.929639e-04,9.871670e-02,1.688136e-03
2.847003e-03,1.439981e-02,2.473006e-03,9.585839e-04,8.672460e-04,1.116357e-01,3.266914e-05,6.062899e-04,6.749571e-01,3.398532e-03,9.706267e-02,2.420571e-03,4.074411e-04,8.359613e-02,4.337246e-03
4.753416e-03,1.182861e-02,3.189270e-03,9.163551e-04,2.434692e-03,1.194075e-01,2.771480e-05,1.498395e-03,7.011781e-01,2.657142e-03,8.246607e-02,1.799196e-03,3.875835e-04,6.358690e-02,3.869119e-03
7.652670e-03,8.916749e-03,2.982599e-03,8.767362e-04,2.037571e-03,1.241516e-01,2.255472e-05,1.818360e-03,7.264716e-01,2.219172e-03,6.335819e-02,1.405898e-03,4.838307e-04,5.187925e-02,5.723247e-03
2.113140e-02,9.378030e-03,7.254988e-03,2.603271e-02,7.766940e-03,1.419089e-01,5.995440e-05,1.391727e-02,6.630343e-01,1.942575e-03,5.024771e-02,2.604760e-03,9.172847e-04,4.324471e-02,1.055854e-02
3.604295e-02,9.403776e-03,8.123354e-03,3.220304e-02,7.218550e-03,1.551165e-01,1.575511e-04,1.800245e-02,6.174615e-01,2.107177e-03,4.457399e-02,5.272635e-03,1.482870e-03,4.622258e-02,1.661109e-02
4.359745e-02,1.297624e-02,3.348973e-02,2.509596e-02,1.060786e-02,1.257945e-01,2.085961e-04,1.516181e-02,5.552247e-01,8.375598e-03,5.420547e-02,4.244240e-03,1.309088e-03,5.548836e-02,5.422051e-02
5.986167e-02,3.008726e-02,3.560897e-02,5.534741e-02,1.341725e-02,1.001783e-01,8.632696e-04,2.096563e-02,4.581132e-01,7.830559e-03,4.402949e-02,4.251323e-03,1.985236e-03,4.943591e-02,1.180245e-01
7.204045e-02,4.350502e-02,3.116894e-02,4.675999e-02,1.361256e-02,7.404209e-02,1.184005e-03,4.409135e-02,4.388860e-01,8.785754e-03,3.425812e-02,3.587455e-03,2.127251e-03,5.222656e-02,1.337245e-01
9.252134e-02,6.692619e-02,3.260449e-02,4.264672e-02,2.248031e-02,5.943030e-02,1.120920e-03,5.170022e-02,4.357080e-01,9.280542e-03,2.648946e-02,3.878427e-03,2.374492e-03,4.625958e-02,1.065791e-01
1.067776e-01,7.802725e-02,2.923186e-02,4.208059e-02,3.919821e-02,4.420465e-02,1.061943e-03,7.092962e-02,4.353757e-01,7.762820e-03,2.050495e-02,3.706507e-03,2.777595e-03,3.651723e-02,8.184358e-02
1.164274e-01,1.228948e-01,2.390865e-02,3.176960e-02,4.028853e-02,3.409354e-02,9.993918e-04,6.182714e-02,4.486939e-01,6.473327e-03,1.536082e-02,3.234151e-03,2.158257e-03,3.338559e-02,5.848493e-02
1.050139e-01,1.256612e-01,1.748391e-02,2.348350e-02,6.962140e-02,2.796226e-02,8.482925e-04,4.870032e-02,4.847964e-01,6.345304e-03,1.205965e-02,2.618725e-03,1.838277e-03,3.211857e-02,4.144835e-02
1.061258e-01,1.210574e-01,1.294796e-02,1.749427e-02,9.390101e-02,2.295418e-02,9.037806e-04,5.433296e-02,4.953452e-01,5.520944e-03,9.190401e-03,2.482662e-03,1.565237e-03,2.621059e-02,2.996765e-02
1.451283e-01,1.323619e-01,9.682990e-03,1.362925e-02,9.974342e-02,1.783949e-02,9.916136e-04,4.498059e-02,4.770976e-01,4.586970e-03,7.301605e-03,2.620741e-03,1.383784e-03,2.083267e-02,2.181911e-02
1.809922e-01,1.371560e-01,7.271444e-03,1.049179e-02,1.059200e-01,1.613469e-02,1.082333e-03,3.886336e-02,4.557369e-01,4.193226e-03,5.913663e-03,2.690833e-03,1.214527e-03,1.613948e-02,1.619950e-02
2.596588e-01,1.858686e-01,7.222294e-03,9.739312e-03,8.177079e-02,1.339895e-02,1.395650e-03,3.891908e-02,3.613191e-01,3.895748e-03,5.436006e-03,3.599603e-03,1.445262e-03,1.316461e-02,1.316629e-02
3.791980e-01,1.720565e-01,8.796565e-03,7.946292e-03,6.430568e-02,1.034523e-02,1.494814e-03,3.995816e-02,2.786353e-01,4.285749e-03,4.458830e-03,4.368562e-03,1.512891e-03,1.185249e-02,1.078496e-02
4.649067e-01,1.493973e-01,8.200147e-03,7.145007e-03,5.090618e-02,8.973449e-03,1.586946e-03,4.168469e-02,2.330412e-01,3.785599e-03,4.309759e-03,5.345371e-03,1.594631e-03,1.007346e-02,9.049595e-03
1.000000e+00,0.000000e+00,0.000000e+00,0.000000e+00,0.000000e+00,0.000000e+00,0.000000e+00,0.000000e+00,0.000000e+00,0.000000e+00,0.000000e+00,0.000000e+00,0.000000e+00,0.000000e+00,0.000000e+00
1.000000e+00,0.000000e+00,0.000000e+00,0.000000e+00,0.000000e+00,0.000000e+00,0.000000e+00,0.000000e+00,0.000000e+00,0.000000e+00,0.000000e+00,0.000000e+00,0.000000e+00,0.000000e+00,0.000000e+00
1.000000e+00,0.000000e+00,0.000000e+00,0.000000e+00,0.000000e+00,0.000000e+00,0.000000e+00,0.000000e+00,0.000000e+00,0.000000e+00,0.000000e+00,0.000000e+00,0.000000e+00,0.000000e+00,0.000000e+00
1.000000e+00,0.000000e+00,0.000000e+00,0.000000e+00,0.000000e+00,0.000000e+00,0.000000e+00,0.000000e+00,0.000000e+00,0.000000e+00,0.000000e+00,0.000000e+00,0.000000e+00,0.000000e+00,0.000000e+00
4.659117e-01,3.716903e-02,2.568383e-02,1.262566e-02,1.706220e-02,1.396512e-02,1.785424e-03,1.487596e-02,7.968147e-02,3.661738e-02,2.020178e-02,2.180204e-02,1.055255e-02,9.612853e-02,1.459374e-01
3.648870e-01,2.926203e-02,2.044196e-02,9.438631e-03,1.549709e-02,1.110467e-02,1.383921e-03,1.082609e-02,6.611933e-02,5.430749e-02,1.858548e-02,1.587898e-02,1.052582e-02,1.971660e-01,1.745756e-01
3.084476e-01,2.266610e-02,1.748605e-02,7.303664e-03,1.281591e-02,8.820269e-03,1.096466e-03,7.778563e-03,7.176908e-02,6.603716e-02,1.550111e-02,1.184528e-02,8.412629e-03,2.751083e-01,1.649119e-01
2.812004e-01,1.986017e-02,4.554950e-02,9.284519e-02,1.053176e-02,7.668642e-03,9.131808e-04,5.947995e-03,9.016372e-02,5.022947e-02,1.356300e-02,1.045745e-02,7.963303e-03,2.109396e-01,1.521666e-01
2.317298e-01,2.152651e-02,6.055395e-02,6.694234e-02,9.359219e-03,7.588255e-03,8.299752e-04,4.331145e-03,7.651907e-02,3.649590e-02,1.115060e-02,8.444466e-03,7.342698e-03,3.030725e-01,1.541135e-01
1.962932e-01,2.070240e-02,4.723874e-02,4.878598e-02,7.647740e-03,7.579406e-03,7.757402e-04,3.222797e-03,7.733008e-02,2.768123e-02,9.922573e-03,6.976691e-03,6.260015e-03,3.497186e-01,1.898649e-01
1.528752e-01,2.139173e-02,3.381063e-02,3.563286e-02,7.116500e-03,6.417667e-03,6.117050e-04,2.327808e-03,6.481235e-02,2.372965e-02,1.421698e-02,6.821881e-03,6.060362e-03,4.642809e-01,1.598938e-01
1.106333e-01,1.737702e-02,2.392106e-02,2.590515e-02,5.524076e-03,5.048383e-03,4.621161e-04,1.662138e-03,5.720044e-02,2.094258e-02,1.362372e-02,6.225885e-03,6.285254e-03,5.864549e-01,1.187340e-01
7.922222e-02,1.244004e-02,1.686634e-02,1.838435e-02,4.065207e-03,3.666339e-03,3.522054e-04,1.172946e-03,4.559208e-02,1.957887e-02,1.086160e-02,5.934529e-03,4.961924e-03,6.892151e-01,8.768623e-02
5.601920e-02,9.506382e-03,1.198286e-02,1.299735e-02,2.964132e-03,2.778688e-03,2.851672e-04,8.384844e-04,4.862729e-02,1.914643e-02,9.922064e-03,4.794747e-03,3.773579e-03,7.530273e-01,6.333624e-02
4.051786e-02,8.694571e-03,9.646004e-03,9.870202e-03,2.516193e-03,2.730004e-03,4.064773e-04,6.875928e-04,5.608856e-02,2.528590e-02,9.691684e-03,4.711985e-03,3.685326e-03,7.760147e-01,4.945286e-02
3.462065e-02,1.391578e-02,3.150459e-02,8.330916e-03,3.281569e-03,4.223920e-03,1.209942e-03,1.304177e-03,1.735958e-01,4.811631e-02,9.576770e-03,4.483575e-03,3.786531e-03,6.185789e-01,4.347048e-02
2.889116e-02,2.056453e-02,2.644561e-02,7.159204e-03,4.298055e-03,4.431005e-03,1.323575e-03,1.382198e-03,3.307983e-01,4.276599e-02,7.917796e-03,3.364229e-03,2.895941e-03,4.802486e-01,3.751381e-02
2.153751e-02,1.648583e-02,2.168187e-01,1.138545e-02,4.597296e-03,3.622675e-03,1.190570e-03,1.688081e-03,2.960935e-01,4.396298e-02,6.161368e-03,2.404910e-03,2.156906e-03,3.421773e-01,2.971689e-02
2.923178e-02,1.540052e-02,2.457774e-01,1.650449e-02,1.834746e-02,3.876307e-03,1.488078e-03,3.111999e-03,2.921846e-01,7.598197e-02,5.189650e-03,1.773975e-03,1.990304e-03,2.538083e-01,3.533319e-02
4.958955e-02,1.767565e-02,2.791301e-01,2.435435e-02,3.768538e-02,1.180751e-02,1.974219e-03,5.789790e-03,2.459009e-01,7.616870e-02,4.577412e-03,1.352612e-03,2.205660e-03,2.004548e-01,4.133342e-02
4.946064e-02,1.801610e-02,2.384486e-01,8.772231e-02,4.206966e-02,1.378693e-02,2.229061e-03,5.555657e-03,2.559740e-01,8.538400e-02,4.151071e-03,1.085028e-03,1.939071e-03,1.492009e-01,4.497703e-02
1.451893e-01,1.833433e-02,1.860153e-01,8.016669e-02,6.744526e-02,2.439772e-02,3.210864e-03,6.415104e-03,2.177990e-01,6.556981e-02,6.359461e-03,1.134585e-03,2.095230e-03,1.344765e-01,4.139069e-02
1.926545e-01,2.463478e-02,1.453559e-01,1.013087e-01,9.469146e-02,3.073362e-02,5.323370e-03,8.905679e-03,1.760985e-01,4.880579e-02,7.841931e-03,1.745206e-03,2.500964e-03,1.207697e-01,3.862988e-02
2.793861e-01,2.671646e-02,1.039854e-01,1.020641e-01,9.010445e-02,2.992328e-02,4.497003e-03,7.573358e-03,1.763273e-01,3.678925e-02,7.580633e-03,4.096949e-03,3.259505e-03,9.093300e-02,3.676312e-02
3.226591e-01,2.450420e-02,7.508990e-02,8.402993e-02,7.956139e-02,2.768271e-02,3.498662e-03,6.122425e-03,2.319405e-01,2.673266e-02,7.971871e-03,5.109215e-03,3.568520e-03,7.274827e-02,2.878064e-02
3.375912e-01,3.927844e-02,5.735597e-02,1.077094e-01,7.623260e-02,3.300846e-02,3.498591e-03,9.547837e-03,2.127620e-01,1.958093e-02,8.903490e-03,6.875825e-03,3.920116e-03,5.654797e-02,2.718714e-02
4.001949e-01,3.874572e-02,4.485782e-02,1.050145e-01,6.840026e-02,3.214647e-02,3.553102e-03,9.627985e-03,1.912035e-01,1.469744e-02,8.391853e-03,8.363716e-03,3.804786e-03,4.403480e-02,2.696309e-02
4.354894e-01,4.478792e-02,4.165196e-02,8.439202e-02,6.949754e-02,2.798324e-02,2.862126e-03,8.923119e-03,1.681827e-01,1.161709e-02,8.586461e-03,8.328766e-03,4.397059e-03,4.622673e-02,3.707391e-02
4.267325e-01,4.568888e-02,5.560053e-02,1.378329e-01,5.446171e-02,2.266498e-02,2.680689e-03,1.601852e-02,1.343463e-01,1.018418e-02,9.277086e-03,8.370764e-03,5.602690e-03,3.394267e-02,3.659564e-02
3.160002e-01,4.321475e-02,5.831175e-02,3.041560e-01,4.062867e-02,1.647712e-02,1.966774e-03,1.199073e-02,1.037563e-01,9.727487e-03,9.043855e-03,7.284130e-03,5.237208e-03,2.436237e-02,4.784273e-02
2.246033e-01,3.379823e-02,5.047338e-02,4.522993e-01,2.959338e-02,1.197041e-02,1.432905e-03,8.766475e-03,7.688978e-02,8.226748e-03,1.728244e-02,1.658968e-02,5.525157e-03,1.741338e-02,4.513543e-02
1.658898e-01,2.864630e-02,7.004006e-02,4.772183e-01,2.198909e-02,8.996299e-03,1.106754e-03,6.533294e-03,6.518558e-02,1.378445e-02,2.151427e-02,1.566006e-02,6.144003e-03,1.289012e-02,8.440162e-02
1.477526e-01,3.505331e-02,6.593265e-02,3.894289e-01,1.679418e-02,7.098936e-03,8.621158e-04,5.150124e-03,9.058227e-02,1.727245e-02,4.751150e-02,2.028385e-02,1.227670e-02,1.500888e-02,1.289916e-01
1.053069e-01,2.717627e-02,1.839685e-01,3.737801e-01,1.225073e-02,5.229844e-03,6.418721e-04,3.718853e-03,8.153389e-02,2.384378e-02,3.507371e-02,1.453669e-02,9.188755e-03,1.080049e-02,1.129496e-01
7.759116e-02,2.858564e-02,2.709444e-01,3.121774e-01,9.193078e-03,4.295364e-03,5.713375e-04,2.719638e-03,9.130201e-02,4.030344e-02,2.877874e-02,1.051556e-02,7.585627e-03,8.505794e-03,1.069308e-01
1.011837e-01,4.612295e-02,2.571852e-01,2.325759e-01,1.330291e-02,6.785368e-03,8.276280e-04,2.811550e-03,1.737244e-01,2.995421e-02,3.284792e-02,7.998327e-03,6.853282e-03,8.040960e-03,7.978579e-02
1.264452e-01,6.398928e-02,1.993360e-01,1.952037e-01,1.131419e-02,6.619651e-03,1.001091e-03,3.681751e-03,1.824889e-01,3.002539e-02,4.446739e-02,1.021445e-02,1.654548e-02,1.281059e-02,9.585702e-02
1.217978e-01,7.390586e-02,1.506042e-01,1.904325e-01,1.084546e-02,1.103484e-02,1.773379e-03,4.291359e-03,1.786103e-01,2.831619e-02,5.592673e-02,1.479149e-02,4.475690e-02,1.257608e-02,1.003368e-01
1.943894e-01,6.486590e-02,1.095388e-01,1.377697e-01,9.788674e-03,3.344961e-02,2.905528e-02,1.083152e-02,1.677312e-01,2.408716e-02,5.167117e-02,1.584570e-02,5.474095e-02,1.152619e-02,8.470875e-02
1.771589e-01,5.051924e-02,8.502980e-02,1.028419e-01,1.294823e-02,3.509395e-02,9.994250e-02,5.913619e-02,1.492121e-01,2.059668e-02,4.343043e-02,1.335977e-02,4.924267e-02,9.663753e-03,9.182397e-02
1.318288e-01,3.579442e-02,6.047723e-02,7.255707e-02,1.214192e-02,2.655289e-02,3.048044e-01,8.438594e-02,1.059924e-01,1.498865e-02,3.151700e-02,1.003089e-02,3.661171e-02,6.919009e-03,6.539771e-02
1.078008e-01,2.601468e-02,4.381236e-02,5.188138e-02,1.268789e-02,2.118882e-02,4.565807e-01,7.811552e-02,7.526939e-02,1.109570e-02,2.289002e-02,8.052891e-03,3.161136e-02,4.983749e-03,4.801479e-02
8.766052e-02,1.889439e-02,3.158955e-02,3.704135e-02,1.081177e-02,1.709729e-02,5.790904e-01,6.552218e-02,5.345991e-02,8.014947e-03,1.648755e-02,7.351139e-03,2.848167e-02,3.643001e-03,3.485437e-02
1.053070e-01,1.619653e-02,2.332360e-02,2.774463e-02,9.407748e-03,2.050712e-02,6.057788e-01,5.518013e-02,3.897933e-02,5.920306e-03,1.284168e-02,9.089489e-03,3.964256e-02,2.685960e-03,2.739513e-02
1.325347e-01,1.468303e-02,1.803753e-02,2.078458e-02,7.906294e-03,2.088771e-02,6.121324e-01,5.888288e-02,2.874188e-02,4.283620e-03,1.077309e-02,9.678940e-03,3.659841e-02,2.093015e-03,2.198197e-02
1.320141e-01,1.111583e-02,1.376039e-02,1.489978e-02,6.316684e-03,1.897452e-02,6.491356e-01,6.469370e-02,2.060683e-02,3.113822e-03,8.505750e-03,7.937922e-03,3.032703e-02,1.665104e-03,1.693292e-02
1.537624e-01,8.774349e-03,1.059352e-02,1.098743e-02,5.394104e-03,1.716701e-02,6.610966e-01,6.033247e-02,1.526873e-02,2.286607e-03,7.052027e-03,7.612282e-03,2.488262e-02,1.434899e-03,1.335496e-02
1.422529e-01,6.711452e-03,8.338694e-03,7.988337e-03,4.740876e-03,1.498373e-02,6.994796e-01,5.698155e-02,1.214872e-02,1.700110e-03,5.566836e-03,7.157811e-03,2.039632e-02,1.163898e-03,1.038920e-02
1.486329e-01,5.849962e-03,7.230602e-03,6.890547e-03,5.402615e-03,1.784902e-02,6.798939e-01,7.196208e-02,1.040187e-02,1.436522e-03,5.214102e-03,9.379933e-03,1.901151e-02,1.197301e-03,9.647096e-03
1.386476e-01,4.465573e-03,5.661483e-03,5.152588e-03,6.954497e-03,1.701527e-02,6.826104e-01,8.858280e-02,1.016731e-02,1.164328e-03,4.981409e-03,8.055925e-03,1.765892e-02,1.045355e-03,7.836616e-03
1.334639e-01,5.085042e-03,4.688655e-03,4.377819e-03,1.053932e-02,1.764414e-02,6.595640e-01,9.264340e-02,9.986171e-03,2.261286e-03,1.360643e-02,1.035485e-02,1.991304e-02,2.869050e-03,1.300288e-02
1.293196e-01,5.868236e-03,4.252006e-03,4.050944e-03,9.803834e-03,2.751096e-02,6.230565e-01,8.141719e-02,1.321904e-02,4.530854e-03,2.338353e-02,1.585123e-02,3.109780e-02,4.276429e-03,2.236192e-02
1.150296e-01,6.599272e-03,3.263070e-03,4.046365e-03,1.586571e-02,2.590236e-02,5.660526e-01,8.111502e-02,1.672766e-02,1.000960e-02,4.531052e-02,2.609624e-02,5.004200e-02,4.598568e-03,2.934150e-02
1.023127e-01,7.564597e-03,2.577915e-03,4.624167e-03,2.213611e-02,2.085974e-02,4.824334e-01,9.607866e-02,3.386780e-02,1.217886e-02,5.284698e-02,2.678321e-02,1.026805e-01,3.658438e-03,2.939687e-02
1.088182e-01,8.397048e-03,3.806712e-03,6.335748e-03,3.707069e-02,1.916323e-02,3.857459e-01,9.518702e-02,6.641293e-02,1.277261e-02,4.298564e-02,2.462379e-02,1.550647e-01,2.964605e-03,3.065125e-02
1.262486e-01,7.066870e-03,4.722509e-03,5.070418e-03,5.724281e-02,1.610553e-02,3.107876e-01,1.116334e-01,8.569178e-02,9.855584e-03,4.434438e-02,2.138498e-02,1.623662e-01,2.483599e-03,3.499576e-02
1.853684e-01,7.758986e-03,1.003684e-02,4.715981e-03,8.174612e-02,1.293141e-02,2.272631e-01,1.575067e-01,8.420685e-02,7.437884e-03,3.688400e-02,2.137624e-02,1.329293e-01,2.608705e-03,2.722946e-02
2.233683e-01,7.614687e-03,1.058711e-02,8.550535e-03,8.842441e-02,1.090613e-02,1.663618e-01,1.967322e-01,8.672825e-02,5.623071e-03,3.523913e-02,2.909528e-02,1.077298e-01,2.312356e-03,2.072699e-02
2.064304e-01,8.532758e-03,1.209070e-02,1.089711e-02,7.075210e-02,1.010601e-02,1.368944e-01,1.681558e-01,2.065128e-01,4.858204e-03,3.212341e-02,3.155890e-02,8.101004e-02,1.869657e-03,1.820763e-02
1.828132e-01,8.788878e-03,1.340876e-02,1.479269e-02,6.317273e-02,1.365011e-02,1.252546e-01,1.299793e-01,2.971373e-01,4.449022e-03,3.180905e-02,3.676455e-02,5.972809e-02,1.653315e-03,1.659831e-02
1.488503e-01,8.052533e-03,1.088102e-02,1.137634e-02,5.131647e-02,1.079979e-02,1.011853e-01,9.904303e-02,4.412864e-01,3.637096e-03,2.562487e-02,2.798075e-02,4.249581e-02,1.297142e-03,1.617311e-02
1.371302e-01,1.062770e-02,9.798917e-03,1.011518e-02,4.515729e-02,1.091106e-02,9.687393e-02,1.001928e-01,4.808264e-01,3.020172e-03,2.067937e-02,2.344992e-02,3.296939e-02,1.220528e-03,1.702712e-02
1.719511e-01,1.259026e-02,8.349734e-03,9.570917e-03,3.495102e-02,9.695998e-03,7.911474e-02,1.025767e-01,4.920167e-01,2.685105e-03,1.673190e-02,1.970699e-02,2.449904e-02,1.199127e-03,1.436066e-02
2.028978e-01,1.284605e-02,6.756633e-03,9.003768e-03,2.910628e-02,2.497699e-02,6.597035e-02,8.497752e-02,5.001054e-01,2.121604e-03,1.291403e-02,1.586350e-02,1.999038e-02,1.039880e-03,1.142981e-02
2.257817e-01,1.405904e-02,5.235719e-03,8.443842e-03,2.439565e-02,4.356149e-02,6.054354e-02,7.112559e-02,4.895096e-01,1.903190e-03,9.857030e-03,1.282350e-02,1.730269e-02,9.001294e-04,1.455723e-02
2.414496e-01,1.790606e-02,5.985820e-03,1.028964e-02,2.198705e-02,4.781941e-02,4.409400e-02,5.714028e-02,4.969891e-01,2.263354e-03,8.167179e-03,1.275518e-02,1.430314e-02,1.390179e-03,1.745994e-02
2.653954e-01,1.871001e-02,6.387680e-03,1.150034e-02,1.920357e-02,4.462834e-02,3.206487e-02,4.503232e-02,5.022321e-01,2.250272e-03,7.288115e-03,1.458246e-02,1.272307e-02,1.636416e-03,1.636497e-02
2.769487e-01,1.802506e-02,7.221957e-03,1.509549e-02,1.540753e-02,3.563058e-02,2.282488e-02,4.013536e-02,4.840740e-01,3.376975e-03,1.256187e-02,2.597774e-02,1.572521e-02,4.740242e-03,2.225438e-02
2.372050e-01,2.684399e-02,9.599451e-03,1.192910e-01,1.778897e-02,2.686871e-02,1.649547e-02,2.935165e-02,3.776173e-01,7.081047e-03,3.241206e-02,5.890477e-02,1.447014e-02,4.314347e-03,2.175609e-02
1.748570e-01,2.883149e-02,1.327442e-02,1.149324e-01,2.597516e-02,2.067000e-02,1.254123e-02,2.200905e-02,2.692112e-01,1.918147e-02,6.457838e-02,2.005250e-01,1.155652e-02,4.005898e-03,1.785088e-02
1.272116e-01,2.073982e-02,1.127294e-02,8.706306e-02,1.907876e-02,1.694842e-02,8.854165e-03,1.577633e-02,1.892554e-01,1.963899e-02,6.619917e-02,3.924838e-01,9.047932e-03,3.194019e-03,1.323555e-02
9.439503e-02,1.549745e-02,1.131782e-02,7.481204e-02,1.573175e-02,1.410125e-02,6.524385e-03,1.159088e-02,1.331127e-01,1.548957e-02,6.236457e-02,5.246408e-01,7.024981e-03,3.182082e-03,1.021477e-02
6.654941e-02,1.106655e-02,8.287723e-03,5.693582e-02,1.578213e-02,1.138786e-02,4.657687e-03,8.311416e-03,9.356298e-02,1.166187e-02,5.505061e-02,6.412839e-01,5.344715e-03,2.665905e-03,7.451443e-03
4.668156e-02,7.774182e-03,5.822494e-03,4.015673e-02,2.060276e-02,8.531600e-03,3.268332e-03,5.842546e-03,6.575923e-02,8.406511e-03,4.646254e-02,7.293808e-01,4.003458e-03,2.057306e-03,5.249966e-03
3.310131e-02,5.516873e-03,4.105845e-03,2.824051e-02,2.352050e-02,6.507019e-03,2.300594e-03,4.123552e-03,4.633247e-02,6.274915e-03,4.205807e-02,7.894579e-01,3.112370e-03,1.636743e-03,3.711400e-03
2.357507e-02,4.211162e-03,2.999608e-03,1.986078e-02,3.051154e-02,4.874962e-03,1.614841e-03,2.923735e-03,3.284037e-02,4.789909e-03,4.601150e-02,8.195466e-01,2.360469e-03,1.238587e-03,2.640812e-03
1.666192e-02,2.987705e-03,2.125093e-03,1.394552e-02,2.292877e-02,3.570609e-03,1.134605e-03,2.066585e-03,2.309922e-02,3.521716e-03,5.606578e-02,8.473586e-01,1.727129e-03,9.449437e-04,1.861836e-03
1.191690e-02,2.132707e-03,1.506059e-03,9.806705e-03,1.893212e-02,2.745295e-03,8.054585e-04,1.474516e-03,1.625064e-02,2.565883e-03,4.195542e-02,8.864059e-01,1.268085e-03,8.956831e-04,1.338563e-03
8.475683e-03,1.794741e-03,1.121546e-03,6.926321e-03,2.028729e-02,2.096244e-03,5.800136e-04,1.037174e-03,1.153712e-02,1.990987e-03,3.403191e-02,9.071137e-01,1.010405e-03,8.602631e-04,1.136639e-03
6.045483e-03,1.976436e-03,9.602152e-04,5.047696e-03,2.552843e-02,1.811339e-03,4.543791e-04,7.414984e-04,8.268533e-03,1.726425e-03,2.670202e-02,9.179922e-01,8.178677e-04,7.769049e-04,1.150501e-03
4.344477e-03,1.646641e-03,9.107984e-04,3.694076e-03,3.263802e-02,3.536327e-03,7.692931e-04,6.181891e-04,6.336164e-03,1.522019e-03,2.894285e-02,9.122471e-01,1.039076e-03,7.759304e-04,9.790113e-04
3.176515e-03,1.655675e-03,1.243811e-03,2.880115e-03,5.416236e-02,3.184099e-03,1.213801e-03,6.346466e-04,6.049134e-03,1.425751e-03,2.436956e-02,8.972340e-01,1.114636e-03,7.072380e-04,9.486981e-04
2.386327e-03,1.484301e-03,1.302820e-03,2.516979e-03,4.825368e-02,3.975916e-03,9.558114e-04,1.134901e-03,6.685312e-03,1.548755e-03,3.608872e-02,8.895513e-01,1.365724e-03,1.281789e-03,1.467664e-03
1.725441e-03,1.147342e-03,1.452639e-03,2.074098e-03,7.436306e-02,3.023818e-03,7.369498e-04,1.606440e-03,8.263870e-03,1.257986e-03,2.843995e-02,8.717652e-01,1.728585e-03,1.292310e-03,1.122343e-03
1.382309e-03,1.382019e-03,2.184913e-03,1.655422e-03,2.165012e-01,2.429884e-03,6.158088e-04,2.452617e-03,8.771458e-02,9.380303e-04,2.170070e-02,6.573619e-01,1.767507e-03,1.107104e-03,8.059623e-04
9.839066e-04,1.711713e-03,1.831183e-03,1.268408e-03,1.994163e-01,1.813411e-03,4.842314e-04,1.934852e-03,3.112547e-01,6.743236e-04,1.539448e-02,4.606118e-01,1.260873e-03,7.931129e-04,5.668192e-04
6.970507e-04,1.641205e-03,1.446619e-03,1.011978e-03,1.650851e-01,1.364485e-03,3.440916e-04,1.368603e-03,4.911467e-01,4.933062e-04,1.094634e-02,3.225823e-01,9.138859e-04,5.602046e-04,3.981272e-04
5.378204e-04,2.359155e-03,1.269273e-03,1.628651e-02,1.596403e-01,7.733661e-03,2.459599e-04,1.422281e-03,5.729788e-01,4.227223e-04,8.924155e-03,2.262930e-01,1.145816e-03,4.034903e-04,3.369552e-04
6.760069e-04,2.653440e-03,1.126050e-03,7.606448e-02,1.465815e-01,1.041514e-02,2.023588e-04,1.087304e-02,5.736083e-01,7.891230e-04,1.257579e-02,1.605039e-01,2.992946e-03,3.352441e-04,6.026363e-04
8.936021e-04,6.157933e-03,9.676020e-04,8.385819e-02,1.438781e-01,8.492621e-03,1.873312e-04,9.643320e-03,6.044452e-01,1.596644e-03,2.055499e-02,1.143762e-01,3.518523e-03,2.778962e-04,1.151831e-03
1.438250e-03,1.356170e-02,7.748457e-04,8.169771e-02,1.266125e-01,6.536681e-03,1.851347e-04,9.218069e-03,6.491672e-01,1.967376e-03,2.228587e-02,8.097324e-02,3.728269e-03,2.572909e-04,1.595882e-03
6.976765e-03,1.803432e-02,7.253530e-04,7.053895e-02,1.598305e-01,5.108136e-03,2.514898e-04,9.824975e-03,6.438755e-01,1.956315e-03,2.021903e-02,5.725892e-02,3.248486e-03,2.390558e-04,1.912173e-03
5.227709e-03,1.430801e-02,5.595539e-04,8.135458e-02,1.198655e-01,3.842241e-03,2.076469e-04,8.759523e-03,7.032008e-01,1.590512e-03,1.646554e-02,4.022747e-02,2.619760e-03,1.830755e-04,1.588036e-03
4.147979e-03,1.926566e-02,1.050834e-03,7.316058e-02,8.437335e-02,2.841096e-03,1.587875e-04,6.223018e-03,7.198359e-01,1.170325e-03,4.672877e-02,3.674544e-02,2.615836e-03,3.639893e-04,1.318437e-03
3.283610e-03,1.613310e-02,2.146672e-03,8.624034e-02,5.922652e-02,2.561110e-03,1.305302e-04,4.480681e-03,5.515280e-01,8.633871e-04,1.234647e-01,1.453485e-01,3.132395e-03,3.012106e-04,1.159237e-03
2.414032e-03,1.143444e-02,1.628313e-03,8.240864e-02,4.151975e-02,2.162573e-03,1.027472e-04,3.164231e-03,3.883780e-01,6.329776e-04,1.149855e-01,3.473689e-01,2.599585e-03,3.253350e-04,8.749270e-04
1.763922e-03,8.063582e-03,1.185510e-03,6.676196e-02,2.919471e-02,2.071654e-03,7.620339e-05,2.226084e-03,2.721562e-01,4.505443e-04,1.049147e-01,5.083397e-01,1.892224e-03,2.591621e-04,6.438566e-04
1.269708e-03,5.656439e-03,8.369231e-04,4.718867e-02,2.458815e-02,2.415679e-03,5.735338e-05,1.566438e-03,1.905871e-01,3.313904e-04,8.924473e-02,6.342041e-01,1.370850e-03,2.185055e-04,4.639563e-04
9.035947e-04,3.965109e-03,5.895571e-04,3.312543e-02,1.888893e-02,2.477015e-03,4.144729e-05,1.099484e-03,1.334603e-01,2.413659e-04,6.763206e-02,7.360641e-01,9.896756e-04,1.825897e-04,3.393384e-04
6.520207e-04,2.787306e-03,4.171418e-04,2.326615e-02,1.548397e-02,2.653689e-03,3.049530e-05,7.723909e-04,9.347120e-02,1.895310e-04,5.497832e-02,8.041367e-01,7.304320e-04,1.751935e-04,2.554724e-04
4.739485e-04,1.969966e-03,2.971147e-04,1.630349e-02,1.394520e-02,2.826437e-03,2.587176e-05,5.453143e-04,6.544186e-02,1.705477e-04,4.101820e-02,8.560777e-01,5.560113e-04,1.576092e-04,1.906902e-04
3.531381e-04,1.398277e-03,2.161024e-04,1.142356e-02,1.261505e-02,2.422716e-03,2.375194e-05,3.970925e-04,4.583432e-02,1.809591e-04,3.056918e-02,8.938177e-01,4.487486e-04,1.538873e-04,1.456040e-04
2.737950e-04,1.009913e-03,1.876975e-04,8.004247e-03,1.151071e-02,3.056768e-03,7.124096e-05,4.395996e-04,3.210806e-02,1.500371e-04,2.276017e-02,9.198236e-01,3.512327e-04,1.493547e-04,1.035588e-04
2.136587e-04,7.457025e-04,1.410430e-04,5.607334e-03,1.519936e-02,2.636539e-03,9.435652e-05,3.808457e-04,2.252316e-02,1.218983e-04,2.329475e-02,9.284805e-01,3.214172e-04,1.645072e-04,7.495848e-05
1.789166e-04,5.938119e-04,1.125162e-04,3.927764e-03,2.370934e-02,2.760112e-03,1.111402e-04,3.289400e-04,1.586358e-02,1.085748e-04,2.151103e-02,9.302611e-01,2.975003e-04,1.799564e-04,5.572398e-05
1.597038e-04,4.878277e-04,1.117283e-04,2.755519e-03,2.954409e-02,4.069986e-03,3.202082e-04,5.031714e-04,1.113270e-02,9.162746e-05,1.776564e-02,9.325635e-01,2.418631e-04,2.123289e-04,4.006048e-05
1.290969e-04,3.674176e-04,8.868151e-05,1.933490e-03,2.705206e-02,3.926476e-03,3.309431e-04,6.533269e-04,7.824427e-03,7.865218e-05,1.461769e-02,9.425485e-01,2.048179e-04,2.159762e-04,2.839650e-05
1.219837e-04,3.031222e-04,7.747274e-05,1.363037e-03,2.889185e-02,3.788975e-03,4.785257e-04,9.711041e-04,5.554685e-03,9.285186e-05,1.381611e-02,9.440767e-01,1.915192e-04,2.508551e-04,2.123369e-05
1.352718e-04,4.231340e-04,1.687693e-04,9.709435e-04,3.230693e-02,5.059469e-03,1.150003e-03,1.781722e-03,3.968021e-03,1.203008e-04,1.248170e-02,9.409308e-01,1.572212e-04,3.247622e-04,2.094978e-05
1.649997e-04,2.111917e-03,8.457381e-04,7.038875e-04,6.665955e-02,2.312558e-02,1.299761e-03,2.347934e-03,2.886795e-03,1.275889e-04,9.584134e-03,8.896196e-01,1.316642e-04,3.584848e-04,3.234902e-05
5.586927e-04,1.989291e-03,1.543907e-03,6.102374e-04,1.292163e-01,3.816211e-02,4.248463e-03,5.598333e-03,2.232084e-03,1.947770e-04,8.658758e-03,8.063767e-01,1.374625e-04,4.433976e-04,2.949674e-05
1.445665e-03,2.326434e-03,3.005707e-03,5.294502e-04,1.474830e-01,5.803159e-02,1.232421e-02,7.279292e-03,1.712077e-03,3.909822e-04,8.617694e-03,7.561623e-01,1.637255e-04,4.945539e-04,3.332799e-05
