1.000000e+00,0.000000e+00,0.000000e+00,0.000000e+00,0.000000e+00,0.000000e+00,0.000000e+00,0.000000e+00,0.000000e+00,0.000000e+00,0.000000e+00,0.000000e+00,0.000000e+00,0.000000e+00,0.000000e+00
1.000000e+00,0.000000e+00,0.000000e+00,0.000000e+00,0.000000e+00,0.000000e+00,0.000000e+00,0.000000e+00,0.000000e+00,0.000000e+00,0.000000e+00,0.000000e+00,0.000000e+00,0.000000e+00,0.000000e+00
1.000000e+00,0.000000e+00,0.000000e+00,0.000000e+00,0.000000e+00,0.000000e+00,0.000000e+00,0.000000e+00,0.000000e+00,0.000000e+00,0.000000e+00,0.000000e+00,0.000000e+00,0.000000e+00,0.000000e+00
1.000000e+00,0.000000e+00,0.000000e+00,0.000000e+00,0.000000e+00,0.000000e+00,0.000000e+00,0.000000e+00,0.000000e+00,0.000000e+00,0.000000e+00,0.000000e+00,0.000000e+00,0.000000e+00,0.000000e+00
1.000000e+00,0.000000e+00,0.000000e+00,0.000000e+00,0.000000e+00,0.000000e+00,0.000000e+00,0.000000e+00,0.000000e+00,0.000000e+00,0.000000e+00,0.000000e+00,0.000000e+00,0.000000e+00,0.000000e+00
1.000000e+00,0.000000e+00,0.000000e+00,0.000000e+00,0.000000e+00,0.000000e+00,0.000000e+00,0.000000e+00,0.000000e+00,0.000000e+00,0.000000e+00,0.000000e+00,0.000000e+00,0.000000e+00,0.000000e+00
1.000000e+00,0.000000e+00,0.000000e+00,0.000000e+00,0.000000e+00,0.000000e+00,0.000000e+00,0.000000e+00,0.000000e+00,0.000000e+00,0.000000e+00,0.000000e+00,0.000000e+00,0.000000e+00,0.000000e+00
1.000000e+00,0.000000e+00,0.000000e+00,0.000000e+00,0.000000e+00,0.000000e+00,0.000000e+00,0.000000e+00,0.000000e+00,0.000000e+00,0.000000e+00,0.000000e+00,0.000000e+00,0.000000e+00,0.000000e+00
1.000000e+00,0.000000e+00,0.000000e+00,0.000000e+00,0.000000e+00,0.000000e+00,0.000000e+00,0.000000e+00,0.000000e+00,0.000000e+00,0.000000e+00,0.000000e+00,0.000000e+00,0.000000e+00,0.000000e+00
1.000000e+00,0.000000e+00,0.000000e+00,0.000000e+00,0.000000e+00,0.000000e+00,0.000000e+00,0.000000e+00,0.000000e+00,0.000000e+00,0.000000e+00,0.000000e+00,0.000000e+00,0.000000e+00,0.000000e+00
1.000000e+00,0.000000e+00,0.000000e+00,0.000000e+00,0.000000e+00,0.000000e+00,0.000000e+00,0.000000e+00,0.000000e+00,0.000000e+00,0.000000e+00,0.000000e+00,0.000000e+00,0.000000e+00,0.000000e+00
1.000000e+00,0.000000e+00,0.000000e+00,0.000000e+00,0.000000e+00,0.000000e+00,0.000000e+00,0.000000e+00,0.000000e+00,0.000000e+00,0.000000e+00,0.000000e+00,0.000000e+00,0.000000e+00,0.000000e+00
1.000000e+00,0.000000e+00,0.000000e+00,0.000000e+00,0.000000e+00,0.000000e+00,0.000000e+00,0.000000e+00,0.000000e+00,0.000000e+00,0.000000e+00,0.000000e+00,0.000000e+00,0.000000e+00,0.000000e+00
1.000000e+00,0.000000e+00,0.000000e+00,0.000000e+00,0.000000e+00,0.000000e+00,0.000000e+00,0.000000e+00,0.000000e+00,0.000000e+00,0.000000e+00,0.000000e+00,0.000000e+00,0.000000e+00,0.000000e+00
1.000000e+00,0.000000e+00,0.000000e+00,0.000000e+00,0.000000e+00,0.000000e+00,0.000000e+00,0.000000e+00,0.000000e+00,0.000000e+00,0.000000e+00,0.000000e+00,0.000000e+00,0.000000e+00,0.000000e+00
1.000000e+00,0.000000e+00,0.000000e+00,0.000000e+00,0.000000e+00,0.000000e+00,0.000000e+00,0.000000e+00,0.000000e+00,0.000000e+00,0.000000e+00,0.000000e+00,0.000000e+00,0.000000e+00,0.000000e+00
1.000000e+00,0.000000e+00,0.000000e+00,0.000000e+00,0.000000e+00,0.000000e+00,0.000000e+00,0.000000e+00,0.000000e+00,0.000000e+00,0.000000e+00,0.000000e+00,0.000000e+00,0.000000e+00,0.000000e+00
1.000000e+00,0.000000e+00,0.000000e+00,0.000000e+00,0.000000e+00,0.000000e+00,0.000000e+00,0.000000e+00,0.000000e+00,0.000000e+00,0.000000e+00,0.000000e+00,0.000000e+00,0.000000e+00,0.000000e+00
1.000000e+00,0.000000e+00,0.000000e+00,0.000000e+00,0.000000e+00,0.000000e+00,0.000000e+00,0.000000e+00,0.000000e+00,0.000000e+00,0.000000e+00,0.000000e+00,0.000000e+00,0.000000e+00,0.000000e+00
1.000000e+00,0.000000e+00,0.000000e+00,0.000000e+00,0.000000e+00,0.000000e+00,0.000000e+00,0.000000e+00,0.000000e+00,0.000000e+00,0.000000e+00,0.000000e+00,0.000000e+00,0.000000e+00,0.000000e+00
1.000000e+00,0.000000e+00,0.000000e+00,0.000000e+00,0.000000e+00,0.000000e+00,0.000000e+00,0.000000e+00,0.000000e+00,0.000000e+00,0.000000e+00,0.000000e+00,0.000000e+00,0.000000e+00,0.000000e+00
1.000000e+00,0.000000e+00,0.000000e+00,0.000000e+00,0.000000e+00,0.000000e+00,0.000000e+00,0.000000e+00,0.000000e+00,0.000000e+00,0.000000e+00,0.000000e+00,0.000000e+00,0.000000e+00,0.000000e+00
1.000000e+00,0.000000e+00,0.000000e+00,0.000000e+00,0.000000e+00,0.000000e+00,0.000000e+00,0.000000e+00,0.000000e+00,0.000000e+00,0.000000e+00,0.000000e+00,0.000000e+00,0.000000e+00,0.000000e+00
1.000000e+00,0.000000e+00,0.000000e+00,0.000000e+00,0.000000e+00,0.000000e+00,0.000000e+00,0.000000e+00,0.000000e+00,0.000000e+00,0.000000e+00,0.000000e+00,0.000000e+00,0.000000e+00,0.000000e+00
1.000000e+00,0.000000e+00,0.000000e+00,0.000000e+00,0.000000e+00,0.000000e+00,0.000000e+00,0.000000e+00,0.000000e+00,0.000000e+00,0.000000e+00,0.000000e+00,0.000000e+00,0.000000e+00,0.000000e+00
1.000000e+00,0.000000e+00,0.000000e+00,0.000000e+00,0.000000e+00,0.000000e+00,0.000000e+00,0.000000e+00,0.000000e+00,0.000000e+00,0.000000e+00,0.000000e+00,0.000000e+00,0.000000e+00,0.000000e+00
1.000000e+00,0.000000e+00,0.000000e+00,0.000000e+00,0.000000e+00,0.000000e+00,0.000000e+00,0.000000e+00,0.000000e+00,0.000000e+00,0.000000e+00,0.000000e+00,0.000000e+00,0.000000e+00,0.000000e+00
1.000000e+00,0.000000e+00,0.000000e+00,0.000000e+00,0.000000e+00,0.000000e+00,0.000000e+00,0.000000e+00,0.000000e+00,0.000000e+00,0.000000e+00,0.000000e+00,0.000000e+00,0.000000e+00,0.000000e+00
1.000000e+00,0.000000e+00,0.000000e+00,0.000000e+00,0.000000e+00,0.000000e+00,0.000000e+00,0.000000e+00,0.000000e+00,0.000000e+00,0.000000e+00,0.000000e+00,0.000000e+00,0.000000e+00,0.000000e+00
1.000000e+00,0.000000e+00,0.000000e+00,0.000000e+00,0.000000e+00,0.000000e+00,0.000000e+00,0.000000e+00,0.000000e+00,0.000000e+00,0.000000e+00,0.000000e+00,0.000000e+00,0.000000e+00,0.000000e+00
1.000000e+00,0.000000e+00,0.000000e+00,0.000000e+00,0.000000e+00,0.000000e+00,0.000000e+00,0.000000e+00,0.000000e+00,0.000000e+00,0.000000e+00,0.000000e+00,0.000000e+00,0.000000e+00,0.000000e+00
1.000000e+00,0.000000e+00,0.000000e+00,0.000000e+00,0.000000e+00,0.000000e+00,0.000000e+00,0.000000e+00,0.000000e+00,0.000000e+00,0.000000e+00,0.000000e+00,0.000000e+00,0.000000e+00,0.000000e+00
1.000000e+00,0.000000e+00,0.000000e+00,0.000000e+00,0.000000e+00,0.000000e+00,0.000000e+00,0.000000e+00,0.000000e+00,0.000000e+00,0.000000e+00,0.000000e+00,0.000000e+00,0.000000e+00,0.000000e+00
1.000000e+00,0.000000e+00,0.000000e+00,0.000000e+00,0.000000e+00,0.000000e+00,0.000000e+00,0.000000e+00,0.000000e+00,0.000000e+00,0.000000e+00,0.000000e+00,0.000000e+00,0.000000e+00,0.000000e+00
4.944572e-01,4.012440e-02,2.171652e-02,9.871496e-02,1.160487e-02,3.654459e-02,6.355584e-03,1.897186e-02,2.998971e-02,1.399264e-02,4.225457e-02,4.440989e-02,1.495581e-02,2.339665e-02,1.025107e-01
1.000000e+00,0.000000e+00,0.000000e+00,0.000000e+00,0.000000e+00,0.000000e+00,0.000000e+00,0.000000e+00,0.000000e+00,0.000000e+00,0.000000e+00,0.000000e+00,0.000000e+00,0.000000e+00,0.000000e+00
1.000000e+00,0.000000e+00,0.000000e+00,0.000000e+00,0.000000e+00,0.000000e+00,0.000000e+00,0.000000e+00,0.000000e+00,0.000000e+00,0.000000e+00,0.000000e+00,0.000000e+00,0.000000e+00,0.000000e+00
1.000000e+00,0.000000e+00,0.000000e+00,0.000000e+00,0.000000e+00,0.000000e+00,0.000000e+00,0.000000e+00,0.000000e+00,0.000000e+00,0.000000e+00,0.000000e+00,0.000000e+00,0.000000e+00,0.000000e+00
1.000000e+00,0.000000e+00,0.000000e+00,0.000000e+00,0.000000e+00,0.000000e+00,0.000000e+00,0.000000e+00,0.000000e+00,0.000000e+00,0.000000e+00,0.000000e+00,0.000000e+00,0.000000e+00,0.000000e+00
1.000000e+00,0.000000e+00,0.000000e+00,0.000000e+00,0.000000e+00,0.000000e+00,0.000000e+00,0.000000e+00,0.000000e+00,0.000000e+00,0.000000e+00,0.000000e+00,0.000000e+00,0.000000e+00,0.000000e+00
1.000000e+00,0.000000e+00,0.000000e+00,0.000000e+00,0.000000e+00,0.000000e+00,0.000000e+00,0.000000e+00,0.000000e+00,0.000000e+00,0.000000e+00,0.000000e+00,0.000000e+00,0.000000e+00,0.000000e+00
1.000000e+00,0.000000e+00,0.000000e+00,0.000000e+00,0.000000e+00,0.000000e+00,0.000000e+00,0.000000e+00,0.000000e+00,0.000000e+00,0.000000e+00,0.000000e+00,0.000000e+00,0.000000e+00,0.000000e+00
1.000000e+00,0.000000e+00,0.000000e+00,0.000000e+00,0.000000e+00,0.000000e+00,0.000000e+00,0.000000e+00,0.000000e+00,0.000000e+00,0.000000e+00,0.000000e+00,0.000000e+00,0.000000e+00,0.000000e+00
1.000000e+00,0.000000e+00,0.000000e+00,0.000000e+00,0.000000e+00,0.000000e+00,0.000000e+00,0.000000e+00,0.000000e+00,0.000000e+00,0.000000e+00,0.000000e+00,0.000000e+00,0.000000e+00,0.000000e+00
1.000000e+00,0.000000e+00,0.000000e+00,0.000000e+00,0.000000e+00,0.000000e+00,0.000000e+00,0.000000e+00,0.000000e+00,0.000000e+00,0.000000e+00,0.000000e+00,0.000000e+00,0.000000e+00,0.000000e+00
4.711297e-01,7.181418e-02,4.358712e-02,1.384905e-01,9.557630e-03,1.898357e-02,3.600799e-03,2.074862e-02,2.086000e-02,7.762560e-03,2.851404e-02,3.208987e-02,2.178892e-02,1.574447e-02,9.532800e-02
1.000000e+00,0.000000e+00,0.000000e+00,0.000000e+00,0.000000e+00,0.000000e+00,0.000000e+00,0.000000e+00,0.000000e+00,0.000000e+00,0.000000e+00,0.000000e+00,0.000000e+00,0.000000e+00,0.000000e+00
1.000000e+00,0.000000e+00,0.000000e+00,0.000000e+00,0.000000e+00,0.000000e+00,0.000000e+00,0.000000e+00,0.000000e+00,0.000000e+00,0.000000e+00,0.000000e+00,0.000000e+00,0.000000e+00,0.000000e+00
1.000000e+00,0.000000e+00,0.000000e+00,0.000000e+00,0.000000e+00,0.000000e+00,0.000000e+00,0.000000e+00,0.000000e+00,0.000000e+00,0.000000e+00,0.000000e+00,0.000000e+00,0.000000e+00,0.000000e+00
1.000000e+00,0.000000e+00,0.000000e+00,0.000000e+00,0.000000e+00,0.000000e+00,0.000000e+00,0.000000e+00,0.000000e+00,0.000000e+00,0.000000e+00,0.000000e+00,0.000000e+00,0.000000e+00,0.000000e+00
1.000000e+00,0.000000e+00,0.000000e+00,0.000000e+00,0.000000e+00,0.000000e+00,0.000000e+00,0.000000e+00,0.000000e+00,0.000000e+00,0.000000e+00,0.000000e+00,0.000000e+00,0.000000e+00,0.000000e+00
1.000000e+00,0.000000e+00,0.000000e+00,0.000000e+00,0.000000e+00,0.000000e+00,0.000000e+00,0.000000e+00,0.000000e+00,0.000000e+00,0.000000e+00,0.000000e+00,0.000000e+00,0.000000e+00,0.000000e+00
1.000000e+00,0.000000e+00,0.000000e+00,0.000000e+00,0.000000e+00,0.000000e+00,0.000000e+00,0.000000e+00,0.000000e+00,0.000000e+00,0.000000e+00,0.000000e+00,0.000000e+00,0.000000e+00,0.000000e+00
1.000000e+00,0.000000e+00,0.000000e+00,0.000000e+00,0.000000e+00,0.000000e+00,0.000000e+00,0.000000e+00,0.000000e+00,0.000000e+00,0.000000e+00,0.000000e+00,0.000000e+00,0.000000e+00,0.000000e+00
3.720179e-01,3.397509e-02,2.907522e-02,2.877239e-01,6.141506e-03,9.618138e-03,2.504042e-03,1.051688e-02,3.160162e-02,7.428195e-03,1.554419e-02,2.030898e-02,1.588832e-02,4.053380e-03,1.536026e-01
2.670678e-01,2.450918e-02,2.156295e-02,2.017309e-01,4.374947e-03,7.315540e-03,1.795424e-03,7.492201e-03,2.652326e-02,6.131798e-03,1.104636e-02,1.437426e-02,1.172685e-02,1.603122e-02,3.783172e-01
1.986066e-01,2.250128e-02,3.144229e-02,1.979421e-01,3.653979e-03,5.655159e-03,1.378868e-03,6.039917e-03,3.198533e-02,5.135505e-03,9.575588e-03,1.076155e-02,9.430401e-03,1.689402e-02,4.489974e-01
1.608823e-01,1.776918e-02,2.811508e-02,1.430238e-01,2.863247e-03,4.659059e-03,1.024288e-03,4.459337e-03,2.781968e-02,4.633313e-03,8.059303e-03,8.096565e-03,7.485771e-03,9.791546e-02,4.831937e-01
1.289939e-01,1.343621e-02,2.143226e-02,1.013168e-01,2.216938e-03,3.652126e-03,7.836504e-04,3.238815e-03,2.486267e-02,3.730579e-03,6.181585e-03,6.002656e-03,5.551241e-03,1.427784e-01,5.358222e-01
1.665116e-01,1.025769e-02,1.616634e-02,7.162222e-02,2.042534e-03,3.165923e-03,1.012578e-03,2.538035e-03,2.096386e-02,3.356751e-03,6.253540e-03,5.200005e-03,4.568043e-03,2.178396e-01,4.685013e-01
1.544784e-01,7.643475e-03,1.187666e-02,5.080762e-02,1.722459e-03,2.455709e-03,8.761187e-04,1.861725e-03,2.863195e-02,3.536787e-03,6.719359e-03,4.196818e-03,3.473026e-03,2.938250e-01,4.278949e-01
2.164300e-01,6.860119e-03,1.096796e-02,3.688850e-02,2.388025e-03,3.078124e-03,1.017807e-03,1.490938e-03,3.400462e-02,5.715357e-03,8.662356e-03,5.066729e-03,3.890556e-03,3.202966e-01,3.432423e-01
1.724889e-01,5.865943e-03,9.115051e-03,2.771220e-02,6.833727e-03,9.385812e-03,3.720829e-03,3.053230e-03,1.886160e-01,1.021805e-02,1.767417e-02,6.609042e-03,4.785896e-03,2.548648e-01,2.790563e-01
1.440262e-01,8.617867e-03,2.799111e-02,2.628822e-02,1.008308e-02,1.282223e-02,3.871324e-03,3.577279e-03,1.848482e-01,3.471772e-02,1.833544e-02,5.901225e-03,4.527864e-03,2.816073e-01,2.327849e-01
1.683950e-01,1.257522e-02,3.177206e-02,2.210118e-02,1.800694e-02,2.446279e-02,3.321546e-03,3.695981e-03,1.313756e-01,7.525203e-02,1.635184e-02,5.712702e-03,4.498344e-03,2.612283e-01,2.212505e-01
1.347980e-01,1.083860e-02,4.251235e-02,2.283360e-02,1.772800e-02,2.121692e-02,2.637667e-03,3.557770e-03,1.131690e-01,1.307817e-01,1.933489e-02,5.890886e-03,6.044879e-03,2.874476e-01,1.812081e-01
1.083253e-01,9.215167e-03,4.840519e-02,2.111793e-02,1.438278e-02,1.657061e-02,2.132785e-03,3.448908e-03,1.244931e-01,1.924186e-01,2.539002e-02,7.049315e-03,1.049469e-02,2.526404e-01,1.639152e-01
8.107600e-02,7.517746e-03,3.781236e-02,3.633919e-02,1.099964e-02,1.487521e-02,1.631367e-03,2.866606e-03,1.105653e-01,1.559555e-01,1.533258e-01,8.726433e-03,3.865448e-02,1.875343e-01,1.521201e-01
6.078051e-02,6.028627e-03,2.752899e-02,3.098569e-02,8.185296e-03,1.519821e-02,1.325684e-03,2.584262e-03,8.530132e-02,1.231500e-01,2.760076e-01,1.361196e-02,5.610783e-02,1.418636e-01,1.513404e-01
5.020110e-02,6.603090e-03,2.263197e-02,9.438746e-02,8.609516e-03,2.672832e-02,1.046196e-03,3.204885e-03,7.237532e-02,9.387860e-02,2.914741e-01,2.248240e-02,7.141453e-02,1.145757e-01,1.203868e-01
3.662872e-02,5.646368e-03,6.831663e-02,2.171712e-01,7.669077e-03,1.963331e-02,8.980558e-04,9.767666e-03,5.372617e-02,7.073078e-02,2.575615e-01,2.223222e-02,5.988010e-02,8.329085e-02,8.684745e-02
3.153988e-02,6.605266e-03,1.349385e-01,3.005354e-01,9.739498e-03,1.627829e-02,9.745673e-04,1.136346e-02,4.229179e-02,5.583455e-02,1.969335e-01,1.818201e-02,4.705619e-02,6.290270e-02,6.482442e-02
2.741253e-02,2.156561e-02,1.559085e-01,3.243473e-01,1.125280e-02,1.797882e-02,8.501596e-04,1.561783e-02,5.052883e-02,6.037971e-02,1.561656e-01,1.547519e-02,3.748332e-02,5.125544e-02,5.377845e-02
2.268845e-02,2.217464e-02,1.538339e-01,3.325998e-01,1.141680e-02,3.433132e-02,6.788495e-04,1.580754e-02,4.549734e-02,5.103906e-02,1.674532e-01,2.294798e-02,3.980792e-02,3.783465e-02,4.188852e-02
2.540879e-02,4.304717e-02,1.143921e-01,2.496580e-01,1.045153e-02,2.711152e-02,5.890228e-04,1.326536e-02,1.068586e-01,5.022775e-02,2.056740e-01,4.174654e-02,5.171365e-02,2.735995e-02,3.249594e-02
3.475000e-02,6.480129e-02,9.421799e-02,1.911294e-01,1.159369e-02,2.051583e-02,6.193701e-04,2.591949e-02,2.008575e-01,4.839445e-02,1.733995e-01,3.383992e-02,4.734856e-02,2.636485e-02,2.624821e-02
4.426766e-02,7.636748e-02,9.544815e-02,1.376975e-01,1.237438e-02,1.629378e-02,1.300114e-03,4.866642e-02,1.906917e-01,1.058843e-01,1.534478e-01,2.583567e-02,3.802707e-02,3.192270e-02,2.177530e-02
3.979463e-02,6.288122e-02,1.076881e-01,9.934880e-02,1.393858e-02,1.332113e-02,2.301084e-03,1.139857e-01,1.410839e-01,1.956280e-01,1.172683e-01,1.857803e-02,2.830563e-02,2.735254e-02,1.852438e-02
4.005399e-02,4.868300e-02,9.969983e-02,7.039110e-02,1.737878e-02,1.031597e-02,3.194034e-02,2.449146e-01,1.036689e-01,1.759611e-01,8.408558e-02,1.327018e-02,2.116009e-02,2.276928e-02,1.570719e-02
3.594996e-02,3.506926e-02,8.157705e-02,5.011748e-02,1.785010e-02,8.774088e-03,8.266345e-02,3.652776e-01,7.541786e-02,1.306968e-01,5.921297e-02,9.383940e-03,1.553375e-02,1.985252e-02,1.262314e-02
4.001424e-02,2.560383e-02,7.113859e-02,3.664923e-02,3.677432e-02,7.192827e-03,1.574869e-01,3.854592e-01,5.741708e-02,9.527357e-02,4.179956e-02,6.705605e-03,1.396282e-02,1.514214e-02,9.380009e-03
3.693366e-02,1.814760e-02,5.248030e-02,2.670112e-02,4.182855e-02,5.839372e-03,2.857611e-01,3.590527e-01,4.151653e-02,6.794599e-02,2.942974e-02,4.786929e-03,1.158204e-02,1.123824e-02,6.756069e-03
3.337970e-02,1.287718e-02,3.980541e-02,1.966367e-02,3.698035e-02,6.143681e-03,3.940172e-01,3.322036e-01,2.989740e-02,4.813064e-02,2.071873e-02,3.397646e-03,9.287013e-03,8.458816e-03,5.038946e-03
3.012725e-02,9.144749e-03,3.043614e-02,1.454773e-02,3.420824e-02,5.683422e-03,4.541737e-01,3.313692e-01,2.187776e-02,3.385210e-02,1.457390e-02,2.430427e-03,7.591732e-03,6.266769e-03,3.716808e-03
2.625681e-02,6.470970e-03,2.403220e-02,1.066311e-02,2.793712e-02,4.431190e-03,5.158332e-01,3.182716e-01,1.677527e-02,2.390286e-02,1.036772e-02,1.802804e-03,5.925976e-03,4.560050e-03,2.769016e-03
3.016203e-02,4.873176e-03,1.810255e-02,7.678562e-03,2.098256e-02,3.483358e-03,4.494971e-01,4.155023e-01,1.350958e-02,1.705408e-02,7.381948e-03,1.474022e-03,4.598035e-03,3.399366e-03,2.301198e-03
3.958821e-02,3.775313e-03,1.431047e-02,5.812369e-03,1.565810e-02,3.565291e-03,3.647938e-01,5.139580e-01,1.036212e-02,1.220048e-02,5.439769e-03,1.635570e-03,3.996998e-03,2.576293e-03,2.327177e-03
6.114378e-02,3.332403e-03,1.372629e-02,4.652388e-03,1.256749e-02,3.312007e-03,2.905933e-01,5.775841e-01,1.046365e-02,8.928027e-03,4.101192e-03,1.720297e-03,3.481577e-03,1.994768e-03,2.398676e-03
7.877235e-02,3.023467e-03,1.434788e-02,3.954555e-03,1.013089e-02,3.528594e-03,2.444286e-01,6.114793e-01,9.373371e-03,7.049780e-03,3.242885e-03,1.654010e-03,3.401641e-03,1.693937e-03,3.918830e-03
9.037769e-02,2.446418e-03,1.901942e-02,3.524332e-03,9.018908e-03,3.772436e-03,2.195719e-01,6.203002e-01,7.631271e-03,8.848364e-03,2.987418e-03,1.606650e-03,3.180453e-03,1.525230e-03,6.189330e-03
1.036408e-01,2.342909e-03,1.689294e-02,2.920877e-03,7.993985e-03,4.650126e-03,1.855974e-01,6.232698e-01,5.774920e-03,1.339150e-02,3.321906e-03,1.395037e-03,2.664477e-03,1.761703e-03,2.438167e-02
8.663321e-02,3.792067e-03,1.685126e-02,2.786267e-03,1.276658e-02,1.277459e-02,1.506310e-01,5.627435e-01,5.260071e-03,7.986217e-02,4.578539e-03,1.188111e-03,2.811480e-03,3.317824e-03,5.400334e-02
6.227960e-02,3.086398e-03,1.234462e-02,1.992188e-03,9.981418e-03,1.069614e-02,1.067376e-01,4.155918e-01,5.043528e-03,3.146554e-01,5.489049e-03,9.224042e-04,2.430422e-03,3.197721e-03,4.555165e-02
4.619969e-02,3.133927e-03,9.213259e-03,1.525400e-03,8.226827e-03,1.114784e-02,7.530732e-02,3.032471e-01,2.886007e-02,3.710405e-01,7.464103e-03,9.565860e-04,7.783288e-03,3.953085e-03,1.219411e-01
3.336037e-02,3.087765e-03,6.469070e-03,1.106131e-03,5.977656e-03,8.154313e-03,5.278110e-02,2.134485e-01,4.426745e-02,4.682009e-01,8.741375e-03,9.177637e-04,9.729991e-03,5.278701e-03,1.384790e-01
2.390566e-02,2.330313e-03,4.561548e-03,8.070867e-04,4.277741e-03,5.975218e-03,3.698780e-02,1.495473e-01,6.183741e-02,5.349463e-01,6.587790e-03,7.014420e-04,7.314522e-03,6.299448e-03,1.539205e-01
1.736752e-02,1.706981e-03,3.222377e-03,5.697851e-04,3.073705e-03,4.342833e-03,2.590910e-02,1.047663e-01,6.238826e-02,5.513140e-01,4.879778e-03,5.085397e-04,5.411979e-03,9.971142e-03,2.045677e-01
1.235815e-02,1.290643e-03,2.276813e-03,4.127663e-04,2.200846e-03,3.144856e-03,1.813902e-02,7.334750e-02,1.554442e-01,4.146033e-01,3.578078e-03,3.639673e-04,3.939088e-03,8.497780e-03,3.004030e-01
8.879536e-03,9.762404e-04,1.622716e-03,2.955701e-04,1.607725e-03,2.279813e-03,1.270212e-02,5.134979e-02,2.012793e-01,3.133370e-01,2.704520e-03,2.626152e-04,2.942554e-03,1.004011e-02,3.897204e-01
6.508382e-03,7.693493e-04,1.200289e-03,2.143948e-04,1.164501e-03,1.645106e-03,8.895659e-03,3.594852e-02,2.873406e-01,2.263571e-01,2.225792e-03,2.238846e-04,2.409051e-03,2.874164e-02,3.963557e-01
4.888538e-03,8.525071e-04,9.257925e-04,1.608041e-04,8.267809e-04,1.270278e-03,6.232206e-03,2.516686e-02,4.251687e-01,1.661068e-01,1.989033e-03,2.436632e-04,2.203566e-03,3.733753e-02,3.266269e-01
4.033591e-03,8.855583e-04,1.481466e-03,1.515766e-04,5.992512e-04,9.766002e-04,4.372616e-03,1.762069e-02,5.405698e-01,1.306893e-01,1.599147e-03,2.165752e-04,1.894344e-03,5.241881e-02,2.424906e-01
3.690741e-03,8.061812e-04,1.435477e-03,1.135895e-04,4.373833e-04,8.600668e-04,3.067360e-03,1.233738e-02,3.986102e-01,9.468231e-02,3.002413e-03,1.876283e-04,1.561865e-03,2.679515e-01,2.112559e-01
3.334856e-03,6.405335e-04,1.233466e-03,8.727604e-05,3.401996e-04,7.278486e-04,2.150519e-03,8.638619e-03,2.989976e-01,7.482310e-02,6.182461e-03,1.935454e-04,1.471410e-03,3.901700e-01,2.110086e-01
2.459495e-03,5.531186e-04,1.058720e-03,6.434593e-05,2.912626e-04,6.345516e-04,1.508279e-03,6.048345e-03,2.249970e-01,5.829211e-02,9.015488e-03,2.028009e-04,1.278138e-03,5.158668e-01,1.777297e-01
1.795846e-03,4.494698e-04,8.891438e-04,6.203249e-05,2.129621e-04,6.133727e-04,1.061471e-03,4.236685e-03,1.694258e-01,6.156401e-02,8.535953e-03,4.625619e-04,1.251340e-03,6.128650e-01,1.365744e-01
1.552998e-03,4.422806e-04,1.230466e-03,9.261910e-05,1.852266e-04,7.391605e-04,7.520251e-04,2.973220e-03,1.334675e-01,1.078227e-01,1.035280e-02,6.764983e-04,1.394429e-03,6.206931e-01,1.176250e-01
1.472219e-03,8.699192e-04,1.341029e-03,3.362074e-04,4.256049e-04,1.018614e-03,6.431959e-04,2.131757e-03,1.110380e-01,9.256449e-02,6.886920e-02,1.825081e-03,1.193582e-02,5.382923e-01,1.672367e-01
1.414290e-03,9.028055e-04,1.397953e-03,5.678710e-04,6.315379e-04,1.124945e-03,5.546816e-04,1.553776e-03,1.048487e-01,7.657285e-02,1.436499e-01,3.183995e-03,2.050581e-02,4.237415e-01,2.193494e-01
5.075007e-03,1.142859e-03,1.693458e-03,1.629189e-03,2.454801e-03,5.389225e-03,7.017641e-04,1.939364e-03,2.083785e-01,5.778304e-02,1.738306e-01,1.003424e-02,2.759298e-02,3.094119e-01,1.929432e-01
9.602397e-03,6.220995e-03,4.722806e-03,3.228106e-03,5.261938e-03,5.618692e-03,6.197276e-04,1.692604e-03,2.513969e-01,5.210068e-02,1.636298e-01,9.747725e-03,2.997731e-02,2.767551e-01,1.794252e-01
1.937484e-02,9.561533e-03,5.620231e-03,4.838603e-03,1.031848e-02,5.319861e-03,5.982983e-04,1.926611e-03,2.507905e-01,4.314768e-02,1.579696e-01,8.448058e-03,3.195997e-02,2.971250e-01,1.530007e-01
1.818999e-02,8.675317e-03,8.087956e-03,4.308665e-03,1.126388e-02,4.957087e-03,5.043516e-04,1.887311e-03,3.211465e-01,4.072744e-02,1.331998e-01,6.912547e-03,2.557428e-02,2.866837e-01,1.278812e-01
1.539024e-02,7.486716e-03,7.307133e-03,3.637919e-03,9.751841e-03,4.291119e-03,4.050704e-04,1.598272e-03,3.843722e-01,3.513213e-02,1.213613e-01,5.853842e-03,2.044313e-02,2.861826e-01,9.678648e-02
2.018097e-02,8.780479e-03,8.614440e-03,3.431056e-03,9.772313e-03,5.115219e-03,3.993571e-04,1.968652e-03,3.452205e-01,2.828830e-02,1.355602e-01,6.632200e-03,1.782306e-02,3.257948e-01,8.241838e-02
3.721722e-02,1.625897e-02,6.135325e-02,1.015051e-02,1.792639e-02,6.545740e-03,2.054630e-03,1.230542e-02,3.365827e-01,2.433798e-02,1.148924e-01,5.811142e-03,1.521444e-02,2.778672e-01,6.148210e-02
4.829974e-02,3.138021e-02,7.451814e-02,1.407534e-02,2.402407e-02,6.271625e-03,2.573958e-03,3.348055e-02,3.246890e-01,1.971959e-02,9.133872e-02,4.920031e-03,1.297348e-02,2.653529e-01,4.638271e-02
4.693580e-02,2.757725e-02,1.589645e-01,2.978389e-02,3.428666e-02,6.648568e-03,3.066919e-03,7.384226e-02,2.833487e-01,1.428541e-02,6.934542e-02,3.668805e-03,9.784229e-03,2.038133e-01,3.464827e-02
5.727828e-02,3.267229e-02,2.488384e-01,4.336517e-02,4.443577e-02,6.958219e-03,2.499664e-03,5.828970e-02,2.356402e-01,1.067399e-02,5.081907e-02,2.908627e-03,7.343141e-03,1.712992e-01,2.697830e-02
5.533764e-02,2.944221e-02,3.136393e-01,3.729713e-02,1.420450e-01,1.402034e-02,1.910375e-03,4.144413e-02,1.709205e-01,7.811192e-03,3.602983e-02,2.163553e-03,5.343344e-03,1.222029e-01,2.039263e-02
5.939637e-02,3.106509e-02,2.419709e-01,8.085942e-02,2.297142e-01,3.752604e-02,2.868704e-03,3.413683e-02,1.315788e-01,6.195941e-03,2.653538e-02,2.041794e-03,4.365853e-03,9.203166e-02,1.971301e-02
5.528377e-02,3.099810e-02,1.916025e-01,1.737915e-01,2.481871e-01,4.764833e-02,2.617073e-03,2.769936e-02,1.030187e-01,4.631614e-03,1.944406e-02,1.852092e-03,3.344231e-03,7.160883e-02,1.827275e-02
4.592865e-02,3.521380e-02,1.645083e-01,2.746856e-01,2.407996e-01,5.092650e-02,2.073169e-03,2.222943e-02,7.630961e-02,3.517491e-03,1.430367e-02,1.514371e-03,2.453683e-03,5.091094e-02,1.462516e-02
6.480630e-02,4.055275e-02,1.558401e-01,2.860801e-01,2.216668e-01,5.008701e-02,1.640911e-03,1.788406e-02,7.154174e-02,4.693081e-03,1.534823e-02,2.067632e-03,2.200282e-03,3.705657e-02,2.853449e-02
8.652999e-02,3.414106e-02,2.340879e-01,2.915557e-01,1.633942e-01,4.917381e-02,1.359003e-03,1.455983e-02,5.470835e-02,4.786867e-03,1.179239e-02,2.356018e-03,1.871140e-03,2.726544e-02,2.241831e-02
1.531891e-01,2.734764e-02,2.106584e-01,3.099078e-01,1.445416e-01,4.101563e-02,1.274763e-03,1.139884e-02,4.379965e-02,4.221336e-03,1.028120e-02,2.508952e-03,2.176520e-03,2.028897e-02,1.738960e-02
1.491924e-01,2.232578e-02,1.995852e-01,3.892852e-01,1.127432e-01,3.332490e-02,1.042187e-03,1.006110e-02,3.452423e-02,6.413166e-03,8.407026e-03,2.281406e-03,2.136133e-03,1.480667e-02,1.387136e-02
1.488488e-01,2.469550e-02,2.042699e-01,4.216576e-01,8.887193e-02,3.030789e-02,8.887383e-04,8.446394e-03,2.952860e-02,5.891940e-03,6.855799e-03,2.539854e-03,2.705942e-03,1.215535e-02,1.233579e-02
1.719866e-01,2.926306e-02,1.834191e-01,4.267034e-01,7.340558e-02,3.005810e-02,1.373087e-03,7.735892e-03,2.842738e-02,5.660192e-03,6.820176e-03,4.986097e-03,4.438609e-03,1.121378e-02,1.450899e-02
1.309705e-01,6.673923e-02,1.333726e-01,4.952262e-01,6.616286e-02,2.257233e-02,1.051037e-03,5.632868e-03,2.107836e-02,4.555634e-03,1.090784e-02,1.210986e-02,9.576457e-03,8.034303e-03,1.200990e-02
9.184680e-02,5.979621e-02,9.792444e-02,4.448970e-01,4.910836e-02,1.604769e-02,7.469194e-04,3.952922e-03,1.557623e-02,3.400842e-03,2.035306e-02,3.342023e-02,1.487411e-01,5.665899e-03,8.522383e-03
6.452999e-02,4.316948e-02,6.968509e-02,3.619146e-01,3.645984e-02,1.162985e-02,5.482426e-04,2.807326e-03,1.146690e-02,2.663518e-03,3.424791e-02,1.170896e-01,2.336327e-01,4.044685e-03,6.110264e-03
4.523041e-02,3.026097e-02,4.881615e-02,2.544951e-01,2.643703e-02,8.392387e-03,3.931036e-04,1.985255e-03,8.294753e-03,2.053014e-03,6.719126e-02,1.940788e-01,3.051662e-01,2.914382e-03,4.291143e-03
3.177070e-02,2.119272e-02,3.418079e-02,1.784287e-01,2.098227e-02,6.345779e-03,2.827408e-04,1.401952e-03,6.947227e-03,1.547287e-03,6.634039e-02,2.948523e-01,3.305867e-01,2.096231e-03,3.044201e-03
2.230608e-02,1.484809e-02,2.393952e-02,1.250943e-01,2.001884e-02,5.033438e-03,2.084758e-04,1.025976e-03,5.968368e-03,1.181176e-03,5.203156e-02,4.454803e-01,2.791387e-01,1.574599e-03,2.150534e-03
1.607845e-02,1.045085e-02,1.681357e-02,8.782391e-02,1.945754e-02,5.569001e-03,2.564994e-04,1.229117e-03,6.257634e-03,1.680536e-03,3.825462e-02,5.648347e-01,2.278261e-01,1.933920e-03,1.533570e-03
1.174655e-02,7.409661e-03,1.189863e-02,6.210217e-02,2.882193e-02,7.299826e-03,3.577140e-04,1.639732e-03,1.106264e-02,4.058024e-03,3.096587e-02,6.281155e-01,1.906935e-01,2.690034e-03,1.138283e-03
8.366642e-03,5.238311e-03,8.407176e-03,4.351754e-02,2.342341e-02,7.382175e-03,3.040562e-04,1.332555e-03,8.456236e-03,3.090869e-03,2.257152e-02,7.139657e-01,1.505681e-01,2.489097e-03,8.866640e-04
6.236789e-03,3.785339e-03,6.355452e-03,3.065761e-02,5.646656e-02,8.052799e-03,5.695036e-04,2.751729e-03,9.523722e-03,3.749114e-03,1.790097e-02,7.023882e-01,1.485068e-01,2.287451e-03,7.680397e-04
5.190334e-03,2.805797e-03,4.622707e-03,2.209112e-02,1.540557e-01,6.607507e-03,8.971953e-04,5.419236e-03,3.283902e-02,7.421267e-03,2.065528e-02,5.508128e-01,1.836050e-01,2.173781e-03,8.032566e-04
1.352452e-02,2.132606e-03,4.598940e-03,1.976343e-02,1.554811e-01,1.798657e-02,1.638638e-03,7.147400e-02,4.386938e-02,1.234201e-02,2.147898e-02,4.712524e-01,1.605491e-01,3.166930e-03,7.413527e-04
2.435706e-02,1.764119e-03,3.855970e-03,1.572667e-02,1.385477e-01,2.345159e-02,1.721469e-03,6.727766e-02,4.768171e-02,1.728986e-02,3.650565e-02,4.510580e-01,1.631429e-01,6.694366e-03,9.252017e-04
3.482599e-02,1.633761e-03,2.876174e-03,1.212248e-02,1.123132e-01,2.890200e-02,1.876863e-03,4.958442e-02,1.355001e-01,1.466635e-02,4.401116e-02,3.982752e-01,1.484822e-01,1.339142e-02,1.538682e-03
4.066901e-02,1.376153e-03,2.102103e-03,9.064914e-03,8.328835e-02,3.201571e-02,1.898060e-03,3.674048e-02,1.132140e-01,1.128952e-02,4.444471e-02,4.193219e-01,1.915819e-01,1.159873e-02,1.394509e-03
3.684089e-02,1.136185e-03,1.529475e-03,6.823198e-03,6.010314e-02,3.610244e-02,1.461754e-03,2.774459e-02,9.832519e-02,8.878241e-03,4.087960e-02,4.302573e-01,2.383743e-01,1.025740e-02,1.286409e-03
5.776881e-02,1.418312e-03,1.413665e-03,5.416612e-03,4.707794e-02,3.126945e-02,1.309195e-03,2.226458e-02,8.072592e-02,7.515061e-03,3.162908e-02,5.066806e-01,1.936696e-01,1.050091e-02,1.340269e-03
5.858257e-02,7.002687e-03,3.714335e-03,8.946904e-03,1.554055e-01,2.587090e-02,3.646628e-03,1.804808e-02,9.977932e-02,8.752316e-03,3.714544e-02,3.766333e-01,1.829225e-01,1.172350e-02,1.826092e-03
5.604445e-02,1.115115e-02,5.836927e-03,1.460133e-02,3.037826e-01,2.181846e-02,4.335196e-03,1.349263e-02,1.237290e-01,7.420814e-03,2.838461e-02,2.655335e-01,1.326087e-01,9.010870e-03,2.249781e-03
6.685229e-02,2.492732e-02,5.666075e-03,1.256049e-02,3.670264e-01,2.138339e-02,4.019765e-03,1.099569e-02,1.641581e-01,5.719473e-03,2.158234e-02,1.875730e-01,9.654984e-02,7.323768e-03,3.662041e-03
7.701086e-02,2.357610e-02,5.926238e-03,1.138926e-02,4.927013e-01,1.847672e-02,3.833732e-03,1.020161e-02,1.264986e-01,4.116800e-03,1.583000e-02,1.320221e-01,6.904375e-02,6.075132e-03,3.297914e-03
1.020810e-01,3.350307e-02,2.303229e-02,6.390212e-02,4.506505e-01,1.622935e-02,4.805865e-03,1.457453e-02,1.254176e-01,3.316205e-03,1.185954e-02,9.321283e-02,4.889068e-02,4.669630e-03,3.854902e-03
1.177773e-01,2.872807e-02,2.004508e-02,4.844444e-02,5.021938e-01,1.386989e-02,4.485051e-03,2.247508e-02,1.192424e-01,2.752215e-03,9.334987e-03,6.666154e-02,3.540449e-02,4.605182e-03,3.980532e-03
1.544506e-01,3.575750e-02,3.660505e-02,5.479066e-02,4.046027e-01,1.401002e-02,4.123103e-03,2.325358e-02,1.600063e-01,3.764231e-03,8.282129e-03,4.902937e-02,2.911652e-02,4.806748e-03,1.740146e-02
2.078502e-01,3.447629e-02,7.147290e-02,5.100651e-02,3.667134e-01,1.328264e-02,4.038352e-03,2.736419e-02,1.338182e-01,3.127314e-03,6.754353e-03,3.663173e-02,2.264650e-02,5.711257e-03,1.510622e-02
2.385956e-01,2.813516e-02,1.051439e-01,5.390810e-02,3.108407e-01,1.409780e-02,3.638598e-03,5.580927e-02,1.159489e-01,2.853316e-03,6.381271e-03,2.690683e-02,1.699392e-02,6.629924e-03,1.411673e-02
2.302745e-01,2.141451e-02,8.623275e-02,4.189698e-02,2.442344e-01,1.175458e-02,4.307021e-03,2.216813e-01,8.228313e-02,2.213343e-03,5.748615e-03,1.946365e-02,1.263621e-02,5.042563e-03,1.081652e-02
2.016589e-01,1.641949e-02,6.616672e-02,3.200046e-02,1.952388e-01,9.669765e-03,4.155146e-03,3.743829e-01,5.846375e-02,1.747336e-03,4.837800e-03,1.392318e-02,9.299902e-03,4.001328e-03,8.034592e-03
1.589488e-01,1.188074e-02,4.702610e-02,2.347681e-02,1.446023e-01,7.408973e-03,3.229645e-03,5.320882e-01,4.108958e-02,1.273174e-03,3.675521e-03,9.920589e-03,6.767808e-03,2.879216e-03,5.732642e-03
1.256109e-01,8.629712e-03,3.368516e-02,1.741011e-02,1.078894e-01,6.056951e-03,2.617554e-03,6.465935e-01,2.909832e-02,9.474171e-04,2.843248e-03,7.359516e-03,4.993282e-03,2.117867e-03,4.147187e-03
1.118588e-01,7.219797e-03,2.441880e-02,1.434374e-02,7.807477e-02,5.626912e-03,2.257672e-03,6.968083e-01,2.208830e-02,1.421505e-03,8.606473e-03,1.231378e-02,8.396528e-03,1.911181e-03,4.653452e-03
1.465748e-01,1.140968e-02,1.751222e-02,1.328419e-02,6.117074e-02,1.077767e-02,3.105955e-03,6.247936e-01,2.507047e-02,1.419486e-03,1.519218e-02,1.516866e-02,4.686212e-02,2.139154e-03,5.519086e-03
1.857885e-01,1.026449e-02,1.249020e-02,1.035712e-02,5.023304e-02,1.478958e-02,3.222675e-03,5.549585e-01,2.086952e-02,1.133787e-03,1.277229e-02,1.260589e-02,1.029247e-01,1.810206e-03,5.779617e-03
1.715538e-01,8.734249e-03,9.215560e-03,7.699869e-03,3.827662e-02,1.246070e-02,2.858477e-03,4.894622e-01,1.787322e-02,9.378027e-04,1.061891e-02,1.010838e-02,2.109743e-01,1.411182e-03,7.814759e-03
1.629387e-01,7.377722e-03,7.190771e-03,5.776865e-03,2.939009e-02,1.089951e-02,3.435751e-03,4.115126e-01,1.859882e-02,9.310119e-04,9.459809e-03,8.528596e-03,3.084841e-01,1.167124e-03,1.430869e-02
1.389401e-01,7.962974e-03,5.150169e-03,4.838692e-03,2.352061e-02,1.427416e-02,3.139964e-03,2.977076e-01,2.351154e-02,1.439869e-03,1.010032e-02,7.376596e-03,4.234120e-01,9.861359e-04,3.763931e-02
1.058073e-01,8.623254e-03,3.762498e-03,4.910712e-03,1.757606e-02,2.074040e-02,2.683244e-03,2.104116e-01,2.973797e-02,2.772568e-03,1.024878e-02,6.503335e-03,4.727434e-01,8.776954e-04,1.026013e-01
9.412745e-02,6.618187e-03,2.735808e-03,6.074091e-03,1.423685e-02,5.257771e-02,2.834077e-03,1.482118e-01,4.676983e-02,2.650756e-03,1.355574e-02,8.244266e-03,5.134795e-01,1.068563e-03,8.681545e-02
7.052663e-02,4.843976e-03,1.973476e-03,6.259478e-03,1.083007e-02,6.915159e-02,2.529327e-03,1.040507e-01,4.915204e-02,3.942033e-03,3.277165e-02,1.767081e-02,5.430956e-01,1.812103e-03,8.139047e-02
4.992663e-02,3.480740e-03,1.397397e-03,5.117469e-03,7.748509e-03,5.949936e-02,1.863728e-03,7.296903e-02,3.897825e-02,5.341076e-03,5.165488e-02,3.086801e-02,5.891763e-01,1.663068e-03,8.031553e-02
3.520579e-02,2.546799e-03,9.845697e-04,4.125869e-03,5.471986e-03,4.532711e-02,1.324205e-03,5.112801e-02,3.332778e-02,9.489678e-03,7.054828e-02,6.906864e-02,6.089844e-01,1.417321e-03,6.104957e-02
2.774693e-02,2.282552e-03,7.375304e-04,3.842639e-03,3.944560e-03,3.854329e-02,1.040990e-03,3.584883e-02,7.489059e-02,3.337758e-02,8.405352e-02,9.037112e-02,5.463389e-01,3.830450e-03,5.315048e-02
2.449201e-02,2.512950e-03,6.307598e-04,4.024753e-03,2.878748e-03,3.355126e-02,9.066864e-04,2.518287e-02,9.096193e-02,6.609948e-02,1.154128e-01,9.319487e-02,4.736305e-01,7.144967e-03,5.937535e-02
2.001013e-02,1.563830e-02,8.798724e-04,3.532974e-03,2.133960e-03,2.400649e-02,6.716952e-04,1.773124e-02,8.185387e-02,1.329102e-01,1.081092e-01,7.433538e-02,4.259968e-01,7.702796e-03,8.448716e-02
1.671806e-02,1.871193e-02,8.284573e-04,5.367441e-03,1.636075e-03,1.804257e-02,5.531798e-04,1.351731e-02,9.581351e-02,1.838315e-01,1.058504e-01,7.236514e-02,3.643045e-01,6.519715e-03,9.594025e-02
1.658123e-02,1.788056e-02,1.815259e-03,3.183267e-02,2.019500e-03,1.561345e-02,4.953261e-04,1.086379e-02,1.107617e-01,1.711547e-01,1.209984e-01,1.049373e-01,2.945145e-01,9.431014e-03,9.110064e-02
1.275058e-02,1.482672e-02,1.926706e-03,2.702969e-02,2.211876e-03,1.149444e-02,3.631039e-04,7.749154e-03,2.632658e-01,1.352708e-01,1.173754e-01,8.393691e-02,2.373482e-01,1.361059e-02,7.084011e-02
9.620583e-03,1.223182e-02,2.069948e-03,2.200079e-02,2.380678e-03,8.935477e-03,2.768368e-04,6.088754e-03,4.212071e-01,9.913649e-02,1.014729e-01,6.866372e-02,1.762758e-01,1.763552e-02,5.200365e-02
1.081928e-02,1.241560e-02,3.901514e-03,2.119572e-02,2.405030e-03,1.546788e-02,3.069727e-04,4.959399e-03,4.195284e-01,7.903662e-02,1.295053e-01,1.020164e-01,1.327198e-01,2.274601e-02,4.297606e-02
9.426484e-03,1.225639e-02,3.543046e-03,1.746108e-02,2.496153e-03,1.386410e-02,2.344666e-04,4.023225e-03,4.756453e-01,6.023884e-02,1.223498e-01,8.637816e-02,1.009309e-01,5.459073e-02,3.656133e-02
7.179537e-03,1.183955e-02,3.421743e-03,1.347574e-02,2.456225e-03,1.031595e-02,1.774395e-04,2.914660e-03,5.491914e-01,4.317458e-02,1.185804e-01,6.764054e-02,7.336018e-02,6.898963e-02,2.728242e-02
5.959694e-03,8.985315e-03,2.669903e-03,1.029611e-02,1.866164e-03,8.458406e-03,1.394717e-04,2.098656e-03,6.119908e-01,3.176478e-02,1.007402e-01,4.835894e-02,5.248524e-02,9.289766e-02,2.128862e-02
4.590800e-03,6.992619e-03,1.967850e-03,7.804481e-03,1.732639e-03,7.394787e-03,1.075153e-04,1.545667e-03,6.614233e-01,2.249826e-02,9.178423e-02,3.465099e-02,3.780771e-02,1.037498e-01,1.594938e-02
3.868298e-03,5.205409e-03,1.495219e-03,6.178585e-03,1.378071e-03,1.260284e-02,9.023420e-05,1.218327e-03,7.186425e-01,1.633841e-02,7.902363e-02,2.573476e-02,2.934779e-02,8.615628e-02,1.271975e-02
7.453032e-03,5.039429e-03,1.178954e-03,4.965011e-03,1.331092e-03,7.122318e-02,1.382279e-04,1.017585e-03,6.432664e-01,1.208881e-02,8.340704e-02,2.194947e-02,2.359853e-02,1.121402e-01,1.120303e-02
8.124421e-03,4.128861e-03,8.662518e-04,3.720731e-03,1.071115e-03,5.471008e-02,1.171389e-04,1.160619e-03,6.187207e-01,8.721248e-03,9.314023e-02,2.897383e-02,2.047226e-02,1.476734e-01,8.399166e-03
8.199620e-03,3.682937e-03,6.683979e-04,2.847956e-03,8.214079e-04,3.946375e-02,9.189288e-05,9.389857e-04,5.645466e-01,6.211394e-03,7.551022e-02,2.224086e-02,1.634923e-02,2.517977e-01,6.629032e-03
9.415779e-03,4.954197e-03,2.433826e-03,2.482298e-03,1.546923e-03,3.162352e-02,1.511844e-04,3.001655e-03,4.978504e-01,4.684238e-03,7.786597e-02,1.655921e-02,1.320054e-02,3.269731e-01,7.257148e-03
1.300395e-02,1.191542e-02,5.063613e-03,2.774827e-03,9.397210e-03,2.665261e-02,2.799995e-04,1.156455e-02,4.916767e-01,3.558215e-03,5.822841e-02,1.199317e-02,9.793351e-03,3.365258e-01,7.572246e-03
1.560331e-02,1.742108e-02,4.380096e-03,3.114036e-03,2.339806e-02,2.670021e-02,2.554435e-04,1.645398e-02,5.561186e-01,2.765572e-03,4.466948e-02,8.738398e-03,7.429731e-03,2.665650e-01,6.386989e-03
1.719111e-02,2.857145e-02,3.742072e-03,1.073326e-02,5.556330e-02,5.942798e-02,2.497577e-04,2.566231e-02,5.499908e-01,2.498726e-03,3.254988e-02,6.278631e-03,5.372044e-03,1.957346e-01,6.434047e-03
1.951029e-02,3.562707e-02,3.028064e-03,1.090875e-02,1.440148e-01,1.220889e-01,4.510174e-04,2.560585e-02,4.534788e-01,1.982809e-03,2.341454e-02,4.423822e-03,3.858627e-03,1.447231e-01,6.883621e-03
2.426387e-02,3.223519e-02,2.967659e-03,1.737326e-02,1.825342e-01,1.764203e-01,8.794026e-04,3.697861e-02,3.890779e-01,1.590258e-03,1.666794e-02,3.156080e-03,2.931198e-03,1.042013e-01,8.722856e-03
1.997941e-02,3.070860e-02,2.302326e-03,1.447510e-02,1.327688e-01,1.372191e-01,6.493619e-04,2.917792e-02,5.064389e-01,3.402611e-03,1.196748e-02,2.254879e-03,2.833367e-03,7.322304e-02,3.259911e-02
2.236233e-02,2.952877e-02,1.864491e-03,1.409353e-02,1.002786e-01,1.109124e-01,5.077173e-04,2.974743e-02,5.934340e-01,2.966267e-03,8.715488e-03,1.676915e-03,2.876794e-03,5.167333e-02,2.936191e-02
3.205987e-02,2.381150e-02,3.653670e-03,1.474958e-02,8.290633e-02,1.083198e-01,4.549680e-04,1.783125e-01,4.847012e-01,2.240026e-03,6.524174e-03,1.235564e-03,2.254599e-03,3.686914e-02,2.190711e-02
1.029331e-01,2.168657e-02,1.055337e-02,1.544787e-02,6.950415e-02,1.261391e-01,8.337097e-04,1.981458e-01,3.995911e-01,1.821500e-03,5.442730e-03,1.215806e-03,1.936632e-03,2.663097e-02,1.811751e-02
1.555318e-01,2.186310e-02,1.485117e-02,1.657390e-02,5.646237e-02,1.259636e-01,1.207114e-03,2.613730e-01,3.034637e-01,1.389769e-03,4.602097e-03,1.191546e-03,1.726810e-03,1.969966e-02,1.410042e-02
1.337007e-01,1.928223e-02,1.388267e-02,1.865864e-02,4.059124e-02,9.519307e-02,1.096869e-03,4.213134e-01,2.239837e-01,1.072066e-03,3.693286e-03,1.350339e-03,1.522202e-03,1.418283e-02,1.047669e-02
1.479578e-01,2.914584e-02,1.477406e-02,2.691689e-02,3.060883e-02,7.932039e-02,1.257014e-03,4.312403e-01,2.062813e-01,9.987610e-04,4.189979e-03,4.173125e-03,2.162877e-03,1.211869e-02,8.854237e-03
1.897923e-01,2.793817e-02,1.877353e-02,2.755808e-02,2.573271e-02,5.996985e-02,1.407399e-03,4.337948e-01,1.740990e-01,1.336346e-03,5.827282e-03,8.307174e-03,3.528520e-03,1.051614e-02,1.141874e-02
1.640356e-01,2.579008e-02,1.850032e-02,6.533758e-02,1.862147e-02,4.489015e-02,1.180760e-03,3.085885e-01,1.475783e-01,5.743381e-03,1.204710e-01,4.341858e-02,9.032230e-03,1.002170e-02,1.679029e-02
1.379213e-01,2.596051e-02,4.037479e-02,8.385693e-02,1.412391e-02,3.662667e-02,9.666660e-04,2.210017e-01,1.886071e-01,1.129124e-02,1.010940e-01,5.587225e-02,9.037143e-03,1.475380e-02,5.851194e-02
1.644499e-01,2.186257e-02,4.499790e-02,9.051815e-02,1.421287e-02,2.702321e-02,9.152588e-04,1.969945e-01,1.585262e-01,1.306419e-02,1.222674e-01,5.433491e-02,1.196224e-02,2.450940e-02,5.436126e-02
1.794576e-01,2.224791e-02,4.465938e-02,1.004828e-01,1.211637e-02,2.088060e-02,7.748469e-04,1.538010e-01,1.291517e-01,1.055079e-02,1.829864e-01,5.053231e-02,1.167077e-02,2.743091e-02,5.325662e-02
