1.000000e+00,0.000000e+00,0.000000e+00,0.000000e+00,0.000000e+00,0.000000e+00,0.000000e+00,0.000000e+00,0.000000e+00,0.000000e+00,0.000000e+00,0.000000e+00,0.000000e+00,0.000000e+00,0.000000e+00
1.000000e+00,0.000000e+00,0.000000e+00,0.000000e+00,0.000000e+00,0.000000e+00,0.000000e+00,0.000000e+00,0.000000e+00,0.000000e+00,0.000000e+00,0.000000e+00,0.000000e+00,0.000000e+00,0.000000e+00
1.000000e+00,0.000000e+00,0.000000e+00,0.000000e+00,0.000000e+00,0.000000e+00,0.000000e+00,0.000000e+00,0.000000e+00,0.000000e+00,0.000000e+00,0.000000e+00,0.000000e+00,0.000000e+00,0.000000e+00
1.000000e+00,0.000000e+00,0.000000e+00,0.000000e+00,0.000000e+00,0.000000e+00,0.000000e+00,0.000000e+00,0.000000e+00,0.000000e+00,0.000000e+00,0.000000e+00,0.000000e+00,0.000000e+00,0.000000e+00
1.000000e+00,0.000000e+00,0.000000e+00,0.000000e+00,0.000000e+00,0.000000e+00,0.000000e+00,0.000000e+00,0.000000e+00,0.000000e+00,0.000000e+00,0.000000e+00,0.000000e+00,0.000000e+00,0.000000e+00
1.000000e+00,0.000000e+00,0.000000e+00,0.000000e+00,0.000000e+00,0.000000e+00,0.000000e+00,0.000000e+00,0.000000e+00,0.000000e+00,0.000000e+00,0.000000e+00,0.000000e+00,0.000000e+00,0.000000e+00
1.000000e+00,0.000000e+00,0.000000e+00,0.000000e+00,0.000000e+00,0.000000e+00,0.000000e+00,0.000000e+00,0.000000e+00,0.000000e+00,0.000000e+00,0.000000e+00,0.000000e+00,0.000000e+00,0.000000e+00
1.000000e+00,0.000000e+00,0.000000e+00,0.000000e+00,0.000000e+00,0.000000e+00,0.000000e+00,0.000000e+00,0.000000e+00,0.000000e+00,0.000000e+00,0.000000e+00,0.000000e+00,0.000000e+00,0.000000e+00
1.000000e+00,0.000000e+00,0.000000e+00,0.000000e+00,0.000000e+00,0.000000e+00,0.000000e+00,0.000000e+00,0.000000e+00,0.000000e+00,0.000000e+00,0.000000e+00,0.000000e+00,0.000000e+00,0.000000e+00
1.000000e+00,0.000000e+00,0.000000e+00,0.000000e+00,0.000000e+00,0.000000e+00,0.000000e+00,0.000000e+00,0.000000e+00,0.000000e+00,0.000000e+00,0.000000e+00,0.000000e+00,0.000000e+00,0.000000e+00
1.000000e+00,0.000000e+00,0.000000e+00,0.000000e+00,0.000000e+00,0.000000e+00,0.000000e+00,0.000000e+00,0.000000e+00,0.000000e+00,0.000000e+00,0.000000e+00,0.000000e+00,0.000000e+00,0.000000e+00
1.000000e+00,0.000000e+00,0.000000e+00,0.000000e+00,0.000000e+00,0.000000e+00,0.000000e+00,0.000000e+00,0.000000e+00,0.000000e+00,0.000000e+00,0.000000e+00,0.000000e+00,0.000000e+00,0.000000e+00
1.000000e+00,0.000000e+00,0.000000e+00,0.000000e+00,0.000000e+00,0.000000e+00,0.000000e+00,0.000000e+00,0.000000e+00,0.000000e+00,0.000000e+00,0.000000e+00,0.000000e+00,0.000000e+00,0.000000e+00
1.000000e+00,0.000000e+00,0.000000e+00,0.000000e+00,0.000000e+00,0.000000e+00,0.000000e+00,0.000000e+00,0.000000e+00,0.000000e+00,0.000000e+00,0.000000e+00,0.000000e+00,0.000000e+00,0.000000e+00
1.000000e+00,0.000000e+00,0.000000e+00,0.000000e+00,0.000000e+00,0.000000e+00,0.000000e+00,0.000000e+00,0.000000e+00,0.000000e+00,0.000000e+00,0.000000e+00,0.000000e+00,0.000000e+00,0.000000e+00
1.000000e+00,0.000000e+00,0.000000e+00,0.000000e+00,0.000000e+00,0.000000e+00,0.000000e+00,0.000000e+00,0.000000e+00,0.000000e+00,0.000000e+00,0.000000e+00,0.000000e+00,0.000000e+00,0.000000e+00
1.000000e+00,0.000000e+00,0.000000e+00,0.000000e+00,0.000000e+00,0.000000e+00,0.000000e+00,0.000000e+00,0.000000e+00,0.000000e+00,0.000000e+00,0.000000e+00,0.000000e+00,0.000000e+00,0.000000e+00
1.000000e+00,0.000000e+00,0.000000e+00,0.000000e+00,0.000000e+00,0.000000e+00,0.000000e+00,0.000000e+00,0.000000e+00,0.000000e+00,0.000000e+00,0.000000e+00,0.000000e+00,0.000000e+00,0.000000e+00
1.000000e+00,0.000000e+00,0.000000e+00,0.000000e+00,0.000000e+00,0.000000e+00,0.000000e+00,0.000000e+00,0.000000e+00,0.000000e+00,0.000000e+00,0.000000e+00,0.000000e+00,0.000000e+00,0.000000e+00
1.000000e+00,0.000000e+00,0.000000e+00,0.000000e+00,0.000000e+00,0.000000e+00,0.000000e+00,0.000000e+00,0.000000e+00,0.000000e+00,0.000000e+00,0.000000e+00,0.000000e+00,0.000000e+00,0.000000e+00
1.000000e+00,0.000000e+00,0.000000e+00,0.000000e+00,0.000000e+00,0.000000e+00,0.000000e+00,0.000000e+00,0.000000e+00,0.000000e+00,0.000000e+00,0.000000e+00,0.000000e+00,0.000000e+00,0.000000e+00
1.000000e+00,0.000000e+00,0.000000e+00,0.000000e+00,0.000000e+00,0.000000e+00,0.000000e+00,0.000000e+00,0.000000e+00,0.000000e+00,0.000000e+00,0.000000e+00,0.000000e+00,0.000000e+00,0.000000e+00
1.000000e+00,0.000000e+00,0.000000e+00,0.000000e+00,0.000000e+00,0.000000e+00,0.000000e+00,0.000000e+00,0.000000e+00,0.000000e+00,0.000000e+00,0.000000e+00,0.000000e+00,0.000000e+00,0.000000e+00
1.000000e+00,0.000000e+00,0.000000e+00,0.000000e+00,0.000000e+00,0.000000e+00,0.000000e+00,0.000000e+00,0.000000e+00,0.000000e+00,0.000000e+00,0.000000e+00,0.000000e+00,0.000000e+00,0.000000e+00
1.000000e+00,0.000000e+00,0.000000e+00,0.000000e+00,0.000000e+00,0.000000e+00,0.000000e+00,0.000000e+00,0.000000e+00,0.000000e+00,0.000000e+00,0.000000e+00,0.000000e+00,0.000000e+00,0.000000e+00
1.000000e+00,0.000000e+00,0.000000e+00,0.000000e+00,0.000000e+00,0.000000e+00,0.000000e+00,0.000000e+00,0.000000e+00,0.000000e+00,0.000000e+00,0.000000e+00,0.000000e+00,0.000000e+00,0.000000e+00
1.000000e+00,0.000000e+00,0.000000e+00,0.000000e+00,0.000000e+00,0.000000e+00,0.000000e+00,0.000000e+00,0.000000e+00,0.000000e+00,0.000000e+00,0.000000e+00,0.000000e+00,0.000000e+00,0.000000e+00
1.000000e+00,0.000000e+00,0.000000e+00,0.000000e+00,0.000000e+00,0.000000e+00,0.000000e+00,0.000000e+00,0.000000e+00,0.000000e+00,0.000000e+00,0.000000e+00,0.000000e+00,0.000000e+00,0.000000e+00
1.000000e+00,0.000000e+00,0.000000e+00,0.000000e+00,0.000000e+00,0.000000e+00,0.000000e+00,0.000000e+00,0.000000e+00,0.000000e+00,0.000000e+00,0.000000e+00,0.000000e+00,0.000000e+00,0.000000e+00
1.000000e+00,0.000000e+00,0.000000e+00,0.000000e+00,0.000000e+00,0.000000e+00,0.000000e+00,0.000000e+00,0.000000e+00,0.000000e+00,0.000000e+00,0.000000e+00,0.000000e+00,0.000000e+00,0.000000e+00
1.000000e+00,0.000000e+00,0.000000e+00,0.000000e+00,0.000000e+00,0.000000e+00,0.000000e+00,0.000000e+00,0.000000e+00,0.000000e+00,0.000000e+00,0.000000e+00,0.000000e+00,0.000000e+00,0.000000e+00
1.000000e+00,0.000000e+00,0.000000e+00,0.000000e+00,0.000000e+00,0.000000e+00,0.000000e+00,0.000000e+00,0.000000e+00,0.000000e+00,0.000000e+00,0.000000e+00,0.000000e+00,0.000000e+00,0.000000e+00
1.000000e+00,0.000000e+00,0.000000e+00,0.000000e+00,0.000000e+00,0.000000e+00,0.000000e+00,0.000000e+00,0.000000e+00,0.000000e+00,0.000000e+00,0.000000e+00,0.000000e+00,0.000000e+00,0.000000e+00
1.000000e+00,0.000000e+00,0.000000e+00,0.000000e+00,0.000000e+00,0.000000e+00,0.000000e+00,0.000000e+00,0.000000e+00,0.000000e+00,0.000000e+00,0.000000e+00,0.000000e+00,0.000000e+00,0.000000e+00
1.000000e+00,0.000000e+00,0.000000e+00,0.000000e+00,0.000000e+00,0.000000e+00,0.000000e+00,0.000000e+00,0.000000e+00,0.000000e+00,0.000000e+00,0.000000e+00,0.000000e+00,0.000000e+00,0.000000e+00
1.000000e+00,0.000000e+00,0.000000e+00,0.000000e+00,0.000000e+00,0.000000e+00,0.000000e+00,0.000000e+00,0.000000e+00,0.000000e+00,0.000000e+00,0.000000e+00,0.000000e+00,0.000000e+00,0.000000e+00
1.000000e+00,0.000000e+00,0.000000e+00,0.000000e+00,0.000000e+00,0.000000e+00,0.000000e+00,0.000000e+00,0.000000e+00,0.000000e+00,0.000000e+00,0.000000e+00,0.000000e+00,0.000000e+00,0.000000e+00
1.000000e+00,0.000000e+00,0.000000e+00,0.000000e+00,0.000000e+00,0.000000e+00,0.000000e+00,0.000000e+00,0.000000e+00,0.000000e+00,0.000000e+00,0.000000e+00,0.000000e+00,0.000000e+00,0.000000e+00
1.000000e+00,0.000000e+00,0.000000e+00,0.000000e+00,0.000000e+00,0.000000e+00,0.000000e+00,0.000000e+00,0.000000e+00,0.000000e+00,0.000000e+00,0.000000e+00,0.000000e+00,0.000000e+00,0.000000e+00
1.000000e+00,0.000000e+00,0.000000e+00,0.000000e+00,0.000000e+00,0.000000e+00,0.000000e+00,0.000000e+00,0.000000e+00,0.000000e+00,0.000000e+00,0.000000e+00,0.000000e+00,0.000000e+00,0.000000e+00
1.000000e+00,0.000000e+00,0.000000e+00,0.000000e+00,0.000000e+00,0.000000e+00,0.000000e+00,0.000000e+00,0.000000e+00,0.000000e+00,0.000000e+00,0.000000e+00,0.000000e+00,0.000000e+00,0.000000e+00
1.000000e+00,0.000000e+00,0.000000e+00,0.000000e+00,0.000000e+00,0.000000e+00,0.000000e+00,0.000000e+00,0.000000e+00,0.000000e+00,0.000000e+00,0.000000e+00,0.000000e+00,0.000000e+00,0.000000e+00
1.000000e+00,0.000000e+00,0.000000e+00,0.000000e+00,0.000000e+00,0.000000e+00,0.000000e+00,0.000000e+00,0.000000e+00,0.000000e+00,0.000000e+00,0.000000e+00,0.000000e+00,0.000000e+00,0.000000e+00
1.000000e+00,0.000000e+00,0.000000e+00,0.000000e+00,0.000000e+00,0.000000e+00,0.000000e+00,0.000000e+00,0.000000e+00,0.000000e+00,0.000000e+00,0.000000e+00,0.000000e+00,0.000000e+00,0.000000e+00
1.000000e+00,0.000000e+00,0.000000e+00,0.000000e+00,0.000000e+00,0.000000e+00,0.000000e+00,0.000000e+00,0.000000e+00,0.000000e+00,0.000000e+00,0.000000e+00,0.000000e+00,0.000000e+00,0.000000e+00
1.000000e+00,0.000000e+00,0.000000e+00,0.000000e+00,0.000000e+00,0.000000e+00,0.000000e+00,0.000000e+00,0.000000e+00,0.000000e+00,0.000000e+00,0.000000e+00,0.000000e+00,0.000000e+00,0.000000e+00
1.000000e+00,0.000000e+00,0.000000e+00,0.000000e+00,0.000000e+00,0.000000e+00,0.000000e+00,0.000000e+00,0.000000e+00,0.000000e+00,0.000000e+00,0.000000e+00,0.000000e+00,0.000000e+00,0.000000e+00
1.000000e+00,0.000000e+00,0.000000e+00,0.000000e+00,0.000000e+00,0.000000e+00,0.000000e+00,0.000000e+00,0.000000e+00,0.000000e+00,0.000000e+00,0.000000e+00,0.000000e+00,0.000000e+00,0.000000e+00
1.000000e+00,0.000000e+00,0.000000e+00,0.000000e+00,0.000000e+00,0.000000e+00,0.000000e+00,0.000000e+00,0.000000e+00,0.000000e+00,0.000000e+00,0.000000e+00,0.000000e+00,0.000000e+00,0.000000e+00
1.000000e+00,0.000000e+00,0.000000e+00,0.000000e+00,0.000000e+00,0.000000e+00,0.000000e+00,0.000000e+00,0.000000e+00,0.000000e+00,0.000000e+00,0.000000e+00,0.000000e+00,0.000000e+00,0.000000e+00
1.000000e+00,0.000000e+00,0.000000e+00,0.000000e+00,0.000000e+00,0.000000e+00,0.000000e+00,0.000000e+00,0.000000e+00,0.000000e+00,0.000000e+00,0.000000e+00,0.000000e+00,0.000000e+00,0.000000e+00
1.000000e+00,0.000000e+00,0.000000e+00,0.000000e+00,0.000000e+00,0.000000e+00,0.000000e+00,0.000000e+00,0.000000e+00,0.000000e+00,0.000000e+00,0.000000e+00,0.000000e+00,0.000000e+00,0.000000e+00
4.894123e-01,7.236022e-02,2.194174e-02,1.291152e-01,1.289926e-02,2.717124e-02,6.953860e-03,2.132482e-02,2.427204e-02,8.343095e-03,5.407123e-02,5.316454e-02,1.279878e-02,9.809047e-03,5.636258e-02
4.131516e-01,9.136760e-02,2.512960e-02,1.580445e-01,1.551202e-02,2.909268e-02,7.398075e-03,2.241030e-02,2.704541e-02,9.868516e-03,5.348882e-02,5.833518e-02,1.426867e-02,1.080897e-02,6.407812e-02
3.336347e-01,9.706487e-02,3.343331e-02,1.882919e-01,1.635603e-02,2.800770e-02,7.221057e-03,2.623637e-02,2.860265e-02,1.027435e-02,5.511882e-02,7.520862e-02,1.685809e-02,1.121488e-02,7.247669e-02
2.701342e-01,9.871419e-02,4.785612e-02,2.312881e-01,1.924306e-02,2.463024e-02,7.737717e-03,3.697625e-02,3.041000e-02,9.767789e-03,4.773952e-02,7.430021e-02,1.803042e-02,1.033597e-02,7.283624e-02
2.416921e-01,1.108835e-01,4.580826e-02,2.452296e-01,2.120841e-02,2.218536e-02,8.035941e-03,3.267678e-02,3.493375e-02,1.118974e-02,4.240075e-02,6.655452e-02,1.832913e-02,1.175419e-02,8.711803e-02
2.080079e-01,8.610366e-02,4.321790e-02,2.356878e-01,2.007165e-02,2.926656e-02,7.573709e-03,5.622805e-02,3.674475e-02,9.890688e-03,5.195107e-02,8.180182e-02,3.670093e-02,1.784031e-02,7.891318e-02
2.237342e-01,7.660064e-02,3.864912e-02,2.281226e-01,1.919801e-02,2.787032e-02,7.022049e-03,4.565929e-02,4.011628e-02,9.402139e-03,6.760646e-02,7.953871e-02,3.663547e-02,2.156744e-02,7.827735e-02
2.453560e-01,6.590866e-02,3.220199e-02,1.924567e-01,1.840811e-02,2.634116e-02,6.503306e-03,3.554986e-02,5.212935e-02,8.795472e-03,8.325534e-02,7.654979e-02,3.778135e-02,3.399698e-02,8.476605e-02
3.621750e-01,5.466687e-02,2.495514e-02,1.520445e-01,1.637143e-02,2.677147e-02,6.105671e-03,2.770847e-02,4.202552e-02,7.260164e-03,7.292683e-02,6.889594e-02,3.496283e-02,2.875224e-02,7.437798e-02
3.955066e-01,4.817368e-02,2.219064e-02,1.281819e-01,1.485880e-02,3.327759e-02,6.285320e-03,2.290355e-02,3.920282e-02,6.572456e-03,7.199322e-02,6.976870e-02,3.675119e-02,2.971411e-02,7.461941e-02
4.412240e-01,4.277627e-02,2.016022e-02,1.069751e-01,1.363717e-02,4.024262e-02,5.521310e-03,1.867571e-02,3.108714e-02,5.314289e-03,9.990089e-02,6.011055e-02,2.870855e-02,2.489818e-02,6.076800e-02
3.370245e-01,3.117557e-02,1.522195e-02,7.685304e-02,1.125791e-02,2.709990e-01,4.106593e-03,1.760634e-02,2.229086e-02,4.216217e-03,8.213718e-02,4.330081e-02,2.034889e-02,1.981751e-02,4.364361e-02
4.395163e-01,2.271014e-02,1.292800e-02,5.677859e-02,8.818268e-03,2.340846e-01,3.915634e-03,3.953705e-02,1.653310e-02,7.876888e-03,6.151639e-02,3.163122e-02,1.517891e-02,1.537953e-02,3.359539e-02
3.207056e-01,1.615888e-02,1.059751e-02,4.259686e-02,7.368242e-03,1.897126e-01,4.274118e-03,2.785406e-01,1.166465e-02,6.437772e-03,4.390502e-02,2.231753e-02,1.093106e-02,1.089934e-02,2.389028e-02
2.325731e-01,1.168976e-02,8.526453e-03,3.340722e-02,6.753474e-03,1.569402e-01,4.519871e-03,4.520393e-01,8.228273e-03,5.286082e-03,3.135714e-02,1.575352e-02,8.103999e-03,7.815386e-03,1.700622e-02
1.674780e-01,8.573880e-03,7.073877e-03,2.515942e-02,5.206128e-03,1.186315e-01,6.326184e-03,5.941602e-01,5.834562e-03,3.831065e-03,2.214058e-02,1.118634e-02,6.628113e-03,5.582229e-03,1.218795e-02
1.285728e-01,6.405015e-03,6.159980e-03,1.956506e-02,4.324974e-03,9.503573e-02,9.042176e-03,6.808747e-01,4.227736e-03,2.863191e-03,1.577635e-02,8.121752e-03,5.880331e-03,4.088350e-03,9.061890e-03
9.175735e-02,5.092352e-03,5.116298e-03,1.470463e-02,3.871782e-03,7.380480e-02,7.758936e-03,7.610219e-01,3.109686e-03,2.364629e-03,1.125306e-02,5.767157e-03,4.387310e-03,3.220572e-03,6.769646e-03
6.543133e-02,4.364383e-03,4.643228e-03,1.119360e-02,6.705866e-03,6.145354e-02,5.895024e-03,8.111955e-01,2.600836e-03,2.117191e-03,8.069535e-03,4.063384e-03,3.201229e-03,2.462332e-03,6.603040e-03
4.802212e-02,4.540524e-03,4.400185e-03,8.959179e-03,1.728289e-02,5.913445e-02,4.555361e-03,8.231708e-01,2.380487e-03,4.020246e-03,6.153119e-03,2.895548e-03,2.417952e-03,2.223871e-03,9.843310e-03
3.525424e-02,5.650780e-03,5.616233e-03,8.502878e-03,2.698126e-02,7.032214e-02,3.683678e-03,7.920070e-01,2.455784e-03,2.258717e-02,5.657560e-03,2.248709e-03,2.299649e-03,2.346629e-03,1.438633e-02
2.918479e-02,6.597017e-03,6.153109e-03,7.568621e-03,3.369301e-02,6.015540e-02,3.082753e-03,7.834649e-01,2.564793e-03,3.154836e-02,5.723876e-03,1.992046e-03,2.713022e-03,2.957230e-03,2.260107e-02
3.989811e-02,5.417274e-03,6.300886e-03,5.809368e-03,2.899249e-02,4.393165e-02,3.007729e-03,8.082362e-01,2.032958e-03,2.640549e-02,4.387636e-03,1.925881e-03,2.440234e-03,2.500505e-03,1.871354e-02
1.070857e-01,4.657242e-03,6.656098e-03,5.149612e-03,2.459991e-02,3.572178e-02,3.291280e-03,7.601136e-01,1.929506e-03,2.023516e-02,3.982588e-03,3.874294e-03,3.032813e-03,2.860153e-03,1.681034e-02
2.132725e-01,5.504743e-03,8.832285e-03,7.408490e-03,2.160994e-02,3.319974e-02,3.685436e-03,6.446883e-01,2.344235e-03,1.669941e-02,5.085098e-03,9.124171e-03,4.483058e-03,4.729477e-03,1.933316e-02
3.033363e-01,1.175004e-02,1.287027e-02,1.659896e-02,1.879780e-02,3.656852e-02,4.641747e-03,4.999361e-01,3.066879e-03,1.475458e-02,1.047670e-02,2.136112e-02,7.442869e-03,7.475857e-03,3.092235e-02
3.102401e-01,3.388286e-02,1.830842e-02,3.716165e-02,1.710540e-02,4.416753e-02,5.515650e-03,3.695555e-01,6.417537e-03,1.480678e-02,2.234430e-02,3.901708e-02,1.260319e-02,1.261213e-02,5.626198e-02
2.196640e-01,3.734904e-02,1.344743e-02,3.945269e-02,1.267297e-02,4.379551e-02,4.269409e-03,2.597226e-01,4.205893e-02,2.115896e-02,1.864776e-02,3.190110e-02,2.931450e-02,1.254781e-02,2.139973e-01
1.541705e-01,2.955941e-02,9.601338e-03,2.941656e-02,9.224284e-03,3.102008e-02,3.065256e-03,1.818548e-01,1.726960e-01,2.528199e-02,1.383664e-02,2.273187e-02,2.210511e-02,1.198896e-02,2.834473e-01
1.086849e-01,2.348711e-02,1.035255e-02,3.694393e-02,7.026987e-03,2.209171e-02,2.247407e-03,1.273817e-01,2.777225e-01,3.808494e-02,1.083508e-02,1.650820e-02,1.709885e-02,9.039843e-03,2.924944e-01
7.969920e-02,1.956167e-02,8.144748e-03,2.825009e-02,6.684297e-03,1.649444e-02,1.680318e-03,8.947456e-02,2.315705e-01,3.682918e-02,8.930930e-03,1.178555e-02,1.258846e-02,3.355244e-02,4.147536e-01
5.868812e-02,1.593475e-02,6.018900e-03,2.045404e-02,5.138670e-03,1.267325e-02,1.316077e-03,6.278154e-02,1.774131e-01,3.371862e-02,7.335829e-03,8.397142e-03,9.312958e-03,6.730349e-02,5.135136e-01
4.547009e-02,1.523829e-02,5.446513e-03,2.833951e-02,4.047268e-03,1.048895e-02,1.016801e-03,4.416120e-02,2.436352e-01,3.271033e-02,6.721724e-03,6.209197e-03,6.860629e-03,5.576928e-02,4.938850e-01
1.126454e-01,1.679859e-02,5.574981e-03,2.627510e-02,5.137700e-03,1.877772e-02,1.486082e-03,3.161182e-02,1.992258e-01,2.552524e-02,1.246718e-02,6.963799e-03,8.171374e-03,9.822270e-02,4.311165e-01
1.600288e-01,1.739587e-02,6.101760e-03,2.488561e-02,4.870894e-03,2.283968e-02,1.636465e-03,2.277691e-02,1.562790e-01,1.921424e-02,1.228465e-02,6.428906e-03,7.104594e-03,1.349780e-01,4.031746e-01
1.814751e-01,1.615001e-02,7.791111e-03,3.757875e-02,5.321585e-03,2.582152e-02,1.912261e-03,1.709183e-02,2.021815e-01,1.482578e-02,1.374324e-02,7.738269e-03,6.663056e-03,1.419324e-01,3.197736e-01
1.929203e-01,1.307845e-02,6.726693e-03,2.888197e-02,6.430230e-03,2.628230e-02,2.057536e-03,1.329647e-02,2.598730e-01,1.220107e-02,2.052823e-02,7.893860e-03,9.121245e-03,1.529282e-01,2.477805e-01
1.653036e-01,1.116455e-02,6.649200e-03,3.251168e-02,5.704286e-03,2.019288e-02,1.716020e-03,9.819617e-03,3.974260e-01,9.666618e-03,1.686775e-02,6.872723e-03,6.967852e-03,1.172402e-01,1.918970e-01
1.359261e-01,9.431414e-03,7.370976e-03,2.666968e-02,4.594660e-03,1.785104e-02,1.387867e-03,6.991325e-03,4.664689e-01,9.429762e-03,1.378342e-02,6.970868e-03,5.523473e-03,1.146372e-01,1.729635e-01
1.140865e-01,7.721733e-03,6.077309e-03,2.044412e-02,3.679204e-03,1.366212e-02,1.237390e-03,5.042534e-03,4.640493e-01,1.439375e-02,1.116445e-02,5.275221e-03,4.064294e-03,1.733360e-01,1.557661e-01
9.740227e-02,6.010132e-03,1.239922e-02,1.485787e-02,3.495156e-03,1.037405e-02,9.517220e-04,3.579947e-03,3.808125e-01,2.582276e-02,1.191184e-02,3.897154e-03,2.961896e-03,2.967201e-01,1.288034e-01
7.448082e-02,4.740546e-03,1.087875e-02,1.058600e-02,2.784185e-03,7.778969e-03,7.091171e-04,2.542959e-03,3.974045e-01,6.648197e-02,1.189702e-02,2.809725e-03,2.199449e-03,2.954696e-01,1.092364e-01
5.979596e-02,5.148984e-03,9.329835e-03,1.241397e-02,2.692573e-03,5.961410e-03,5.436494e-04,1.816685e-03,4.898409e-01,7.262877e-02,9.482102e-03,2.587610e-03,1.893587e-03,2.106694e-01,1.151946e-01
4.900007e-02,5.582035e-03,7.117977e-03,1.040308e-02,2.148046e-03,4.428351e-03,4.051486e-04,1.318205e-03,5.982149e-01,7.133307e-02,7.356551e-03,1.924113e-03,1.673426e-03,1.492053e-01,8.988970e-02
4.422776e-02,6.327668e-03,5.352288e-03,8.443621e-03,1.935740e-03,3.375409e-03,3.010306e-04,9.930948e-04,6.863601e-01,5.871113e-02,5.662869e-03,1.474053e-03,1.453790e-03,1.058859e-01,6.949555e-02
3.568771e-02,6.231161e-03,3.893580e-03,6.442300e-03,1.465009e-03,2.698031e-03,2.392423e-04,7.706515e-04,7.680163e-01,4.290016e-02,4.289472e-03,1.131738e-03,1.212402e-03,7.483912e-02,5.018304e-02
2.574885e-02,5.762804e-03,4.345061e-03,4.743665e-03,1.063883e-03,1.914403e-03,1.720212e-04,5.715527e-04,8.214031e-01,3.671213e-02,3.136629e-03,9.419190e-04,1.053068e-03,5.315285e-02,3.927805e-02
1.998858e-02,6.447433e-03,3.428046e-02,3.698910e-03,9.124410e-04,1.430641e-03,1.407770e-04,7.086160e-04,7.404209e-01,9.967947e-02,3.236368e-03,1.217179e-03,2.775825e-03,4.341604e-02,4.164628e-02
1.432205e-02,6.721782e-03,4.983357e-02,3.195273e-03,7.018008e-04,1.049638e-03,1.140934e-04,6.038849e-04,6.662917e-01,1.580739e-01,6.037095e-03,2.954940e-03,1.142390e-02,3.145625e-02,4.722013e-02
1.005749e-02,5.379546e-03,6.812821e-02,3.367662e-03,5.307806e-04,7.698088e-04,9.620782e-05,5.228974e-04,4.905069e-01,3.245363e-01,7.977979e-03,3.564153e-03,2.315094e-02,2.212361e-02,3.928758e-02
7.155515e-03,7.167765e-03,6.516100e-02,3.673084e-03,4.355165e-04,5.777612e-04,8.326596e-05,5.384180e-04,4.097936e-01,3.324810e-01,8.245695e-03,3.125449e-03,2.257695e-02,1.665729e-02,1.223278e-01
5.095304e-03,9.621411e-03,1.023322e-01,5.753468e-03,3.762774e-04,4.683887e-04,7.797746e-05,4.918183e-04,3.608998e-01,3.358218e-01,7.082957e-03,4.163194e-03,2.267372e-02,1.214326e-02,1.329985e-01
4.211808e-03,3.207467e-02,9.749720e-02,1.157252e-02,1.216709e-03,7.343561e-04,1.478104e-04,5.465429e-04,3.129136e-01,2.692387e-01,3.523738e-02,8.112454e-03,4.480539e-02,1.085160e-02,1.708393e-01
3.239698e-03,8.000015e-02,1.057156e-01,6.259416e-02,1.665592e-03,8.338767e-04,1.560121e-04,1.227451e-03,3.008240e-01,1.965943e-01,2.935597e-02,7.085585e-03,3.618339e-02,8.031284e-03,1.664930e-01
2.606601e-03,1.110701e-01,7.745093e-02,5.410682e-02,1.646785e-03,8.733020e-04,1.309436e-04,1.226023e-03,2.776171e-01,1.411932e-01,2.449460e-02,5.930655e-03,2.789129e-02,6.387523e-03,2.673742e-01
2.823676e-03,1.771429e-01,5.721119e-02,5.753330e-02,3.146079e-03,1.362283e-03,1.192561e-04,1.970331e-03,3.168974e-01,1.054142e-01,2.643854e-02,5.520632e-03,2.091731e-02,5.924950e-03,2.175781e-01
3.048467e-03,2.035296e-01,4.735223e-02,1.305244e-01,3.731662e-03,1.746975e-03,1.224370e-04,3.453593e-03,2.887625e-01,8.191022e-02,3.210378e-02,8.151533e-03,2.027179e-02,5.697441e-03,1.695934e-01
3.194258e-03,1.599829e-01,3.845712e-02,1.051795e-01,3.083176e-03,2.956106e-03,1.388231e-04,2.814950e-03,2.162909e-01,6.171172e-02,1.405271e-01,2.853690e-02,6.456101e-02,7.092752e-03,1.654728e-01
3.773414e-03,1.207052e-01,3.570999e-02,1.084511e-01,2.636912e-03,4.369554e-03,1.781079e-04,2.110366e-03,1.860209e-01,4.599432e-02,1.869577e-01,2.932673e-02,1.237404e-01,9.485274e-03,1.405401e-01
3.250293e-03,1.054849e-01,2.707221e-02,7.977236e-02,1.894401e-03,3.177741e-03,1.637210e-04,1.502890e-03,2.069120e-01,3.368055e-02,1.336748e-01,2.259395e-02,8.716402e-02,2.816419e-02,2.654920e-01
4.017178e-03,7.527631e-02,2.200563e-02,6.336350e-02,1.755773e-03,2.528720e-03,1.768075e-04,1.138608e-03,1.542392e-01,3.822730e-02,1.257846e-01,3.299998e-02,7.230726e-02,1.991596e-01,2.070196e-01
3.927458e-02,5.464328e-02,1.765482e-02,6.731512e-02,2.069629e-03,2.979089e-03,4.072201e-04,1.367231e-03,1.206548e-01,4.305219e-02,1.154052e-01,3.630465e-02,5.906758e-02,2.389573e-01,2.008472e-01
3.535944e-02,3.885400e-02,1.282044e-02,4.990396e-02,1.988348e-03,2.372496e-03,5.259889e-04,1.107562e-03,9.151874e-02,4.031703e-02,8.633058e-02,4.656520e-02,4.251602e-02,3.668059e-01,1.830143e-01
2.725702e-02,2.763763e-02,9.572498e-03,3.614879e-02,1.685857e-03,2.035718e-03,5.585898e-04,1.015806e-03,6.801324e-02,4.564073e-02,7.667566e-02,1.312148e-01,3.161819e-02,3.965179e-01,1.444076e-01
2.361942e-02,1.965263e-02,6.863319e-03,2.594177e-02,1.581138e-03,1.666326e-03,6.899417e-04,1.046206e-03,5.119232e-02,4.401906e-02,7.091652e-02,2.525706e-01,2.359325e-02,3.710718e-01,1.055756e-01
3.417116e-02,1.486722e-02,6.389744e-03,2.017170e-02,2.783145e-03,3.609942e-03,7.198370e-04,2.466091e-03,4.243557e-02,3.490466e-02,7.017298e-02,4.037422e-01,1.911599e-02,2.687648e-01,7.568491e-02
2.828710e-02,1.119522e-02,5.248032e-03,1.492910e-02,2.745106e-03,3.443245e-03,5.961485e-04,2.149404e-03,3.402768e-02,2.869591e-02,7.288809e-02,5.302150e-01,1.489322e-02,1.968200e-01,5.386671e-02
2.807034e-02,8.486821e-03,3.884582e-03,1.127209e-02,3.364653e-03,3.292216e-03,4.987259e-04,1.730267e-03,2.558743e-02,2.155536e-02,1.067158e-01,5.924925e-01,1.110646e-02,1.438510e-01,3.809173e-02
3.780900e-02,7.253210e-03,2.919976e-03,8.330821e-03,3.004963e-03,3.273001e-03,4.461359e-04,1.409163e-03,2.023402e-02,1.661195e-02,1.605628e-01,5.928134e-01,8.313010e-03,1.098249e-01,2.719365e-02
6.917927e-02,7.147508e-03,2.467848e-03,7.661556e-03,3.801394e-03,4.587459e-03,3.846253e-04,1.351921e-03,1.698749e-02,1.282421e-02,1.585162e-01,6.060972e-01,6.558347e-03,8.189773e-02,2.053733e-02
8.243699e-02,6.977348e-03,2.370367e-03,7.793939e-03,3.893470e-03,6.231341e-03,3.174983e-04,1.186767e-03,1.571138e-02,1.077593e-02,1.822377e-01,5.804310e-01,6.182939e-03,7.507056e-02,1.838281e-02
1.332102e-01,8.500732e-03,2.763441e-03,9.516360e-03,5.750010e-03,7.372328e-03,3.386738e-04,1.332442e-03,1.561767e-02,9.552087e-03,1.758752e-01,5.439554e-01,6.038237e-03,6.366219e-02,1.651504e-02
1.291364e-01,9.130044e-03,4.181385e-03,1.045211e-02,6.488774e-03,7.024608e-03,3.123221e-04,1.716665e-03,1.621345e-02,7.659480e-03,2.327857e-01,5.041574e-01,4.686039e-03,5.252600e-02,1.352962e-02
1.058433e-01,8.184279e-03,5.059503e-03,1.003494e-02,6.913918e-03,8.723248e-03,3.576959e-04,2.168313e-03,2.107480e-02,6.163224e-03,3.098451e-01,4.424735e-01,3.920972e-03,5.860480e-02,1.063241e-02
9.338312e-02,8.365325e-03,6.949148e-03,1.060177e-02,9.094121e-03,8.720657e-03,4.577152e-04,3.659857e-03,2.820595e-02,4.995143e-03,3.938971e-01,3.625216e-01,3.147414e-03,5.735066e-02,8.650467e-03
6.996947e-02,9.008105e-03,6.804015e-03,1.028146e-02,1.502624e-02,7.426365e-03,5.405408e-04,3.226522e-03,3.136102e-02,5.802486e-03,4.523161e-01,3.026680e-01,2.690356e-03,7.543658e-02,7.442702e-03
6.010272e-02,9.148999e-03,9.649675e-03,9.339996e-03,1.641317e-02,7.411307e-03,6.656352e-04,4.462778e-03,4.074342e-02,6.501172e-03,4.438668e-01,2.769576e-01,3.119516e-03,1.051563e-01,6.460926e-03
5.041600e-02,8.624029e-03,7.324717e-03,7.414669e-03,1.440016e-02,5.646853e-03,5.250868e-04,3.400020e-03,3.523540e-02,6.171823e-03,5.252234e-01,2.108406e-01,2.692171e-03,1.168466e-01,5.238497e-03
4.128719e-02,9.790087e-03,6.004027e-03,5.617508e-03,1.399984e-02,4.325734e-03,4.200826e-04,3.031194e-03,3.114904e-02,5.894080e-03,5.991348e-01,1.618858e-01,2.249690e-03,1.109006e-01,4.310424e-03
4.829262e-02,8.790895e-03,4.889017e-03,4.298424e-03,1.227686e-02,3.461609e-03,3.414838e-04,3.409216e-03,2.872019e-02,5.003953e-03,6.427588e-01,1.235335e-01,2.082871e-03,1.086923e-01,3.448316e-03
3.469810e-02,6.902802e-03,3.682263e-03,3.125995e-03,9.998703e-03,2.902301e-03,2.687790e-04,2.707448e-03,2.266056e-02,4.662750e-03,7.173077e-01,9.386490e-02,1.926685e-03,9.258090e-02,2.710107e-03
2.628938e-02,5.652217e-03,2.750501e-03,2.291627e-03,7.693104e-03,2.597888e-03,2.195421e-04,2.265692e-03,1.951971e-02,4.098018e-03,7.587013e-01,7.567555e-02,1.776980e-03,8.781210e-02,2.656300e-03
1.991856e-02,4.476256e-03,2.303913e-03,1.704345e-03,5.738005e-03,2.378048e-03,1.905637e-04,1.865072e-03,1.774234e-02,5.422023e-03,7.845637e-01,6.139946e-02,1.473367e-03,8.849148e-02,2.332772e-03
1.645613e-02,3.652962e-03,1.734085e-03,1.229053e-03,4.994118e-03,2.105590e-03,2.107208e-04,1.490951e-03,1.400201e-02,6.881546e-03,8.099974e-01,4.856423e-02,1.358568e-03,8.521900e-02,2.103511e-03
1.466623e-02,3.294148e-03,1.424903e-03,9.255894e-04,3.943211e-03,2.026541e-03,2.621327e-04,1.409759e-03,1.692720e-02,1.544822e-02,8.138176e-01,3.771694e-02,1.260565e-03,8.400168e-02,2.875217e-03
1.106131e-02,2.958730e-03,1.212137e-03,8.977142e-04,7.653188e-03,2.854879e-03,6.930380e-04,1.713272e-03,2.862718e-02,2.249609e-02,7.971886e-01,2.937184e-02,1.376290e-03,8.911112e-02,2.784505e-03
8.741615e-03,4.268217e-03,2.011910e-03,1.088028e-03,7.649082e-03,3.902231e-03,1.073684e-03,2.389377e-03,3.914383e-02,3.785758e-02,7.441035e-01,2.394674e-02,1.292849e-03,1.192072e-01,3.324134e-03
1.352822e-02,3.344386e-02,8.155063e-03,1.654363e-03,9.431560e-03,8.930339e-03,1.919831e-03,5.690575e-03,3.631559e-02,5.197614e-02,6.767161e-01,1.801213e-02,1.315544e-03,1.242562e-01,8.654468e-03
1.476936e-02,5.139586e-02,3.730753e-02,2.030708e-02,1.557123e-02,1.161164e-02,1.714998e-03,1.416377e-02,1.025269e-01,7.704905e-02,5.176708e-01,1.337149e-02,1.418676e-03,1.035282e-01,1.759334e-02
1.347628e-02,1.188121e-01,3.250416e-02,1.984815e-02,1.592891e-02,3.719216e-02,1.317082e-03,1.025508e-02,1.925218e-01,7.232100e-02,3.696742e-01,9.509550e-03,1.157191e-03,8.152709e-02,2.395514e-02
2.116622e-02,1.952812e-01,4.124700e-02,1.808769e-02,2.298215e-02,4.780465e-02,1.020362e-03,1.941881e-02,2.192901e-01,5.862637e-02,2.610424e-01,6.960994e-03,1.077068e-03,6.055374e-02,2.544123e-02
2.473003e-02,2.632263e-01,4.055861e-02,1.530510e-02,2.792402e-02,4.988755e-02,8.295571e-04,1.701859e-02,2.282788e-01,5.053484e-02,1.842772e-01,5.041873e-03,1.196788e-03,4.412481e-02,4.706601e-02
2.033675e-02,3.024917e-01,3.378928e-02,1.102161e-02,2.497282e-02,3.685490e-02,5.971878e-04,1.228130e-02,2.196328e-01,3.819649e-02,1.303647e-01,3.698288e-03,1.065611e-03,3.395741e-02,1.307392e-01
1.755426e-02,2.425289e-01,2.676929e-02,8.729360e-03,2.257619e-02,2.982910e-02,4.292449e-04,1.085328e-02,3.243301e-01,2.960399e-02,9.449641e-02,2.701030e-03,9.531844e-04,2.766027e-02,1.609853e-01
1.586187e-02,1.918679e-01,2.889486e-02,9.326091e-03,2.081109e-02,2.149859e-02,3.327933e-04,1.496949e-02,4.448746e-01,2.214794e-02,6.730721e-02,2.054703e-03,1.046935e-03,2.000196e-02,1.390040e-01
1.328214e-02,1.415825e-01,9.048010e-02,1.221437e-02,1.862799e-02,1.532289e-02,2.441970e-04,1.381442e-02,5.044032e-01,1.702360e-02,4.772781e-02,1.531222e-03,8.914946e-04,1.428724e-02,1.085667e-01
2.563049e-02,1.185723e-01,1.279240e-01,2.371287e-02,3.116191e-02,1.395603e-02,2.627111e-04,1.623789e-02,4.757772e-01,1.290228e-02,3.467333e-02,1.227514e-03,8.054819e-04,1.122546e-02,1.059306e-01
3.908484e-02,9.690136e-02,1.218638e-01,9.794262e-02,5.061080e-02,1.852821e-02,2.444962e-04,1.540846e-02,4.074810e-01,9.722583e-03,2.913176e-02,2.353935e-03,3.800927e-03,8.624554e-03,9.830067e-02
2.760893e-02,6.894571e-02,8.662812e-02,1.792809e-01,6.072685e-02,1.326373e-02,1.872198e-04,1.133109e-02,2.883534e-01,7.814849e-03,1.611101e-01,5.291309e-03,1.373341e-02,6.215569e-03,6.950881e-02
1.959411e-02,4.907449e-02,6.113864e-02,2.166314e-01,7.835362e-02,9.752634e-03,1.675783e-04,8.462658e-03,2.041619e-01,6.333173e-03,2.661875e-01,1.231625e-02,1.296873e-02,5.104950e-03,4.975235e-02
1.403689e-02,3.498885e-02,4.320989e-02,1.618991e-01,7.534897e-02,6.960882e-03,1.481027e-04,6.257330e-03,1.443382e-01,5.300780e-03,4.241691e-01,1.757194e-02,1.192395e-02,1.834951e-02,3.549649e-02
1.111304e-02,2.549526e-02,3.143566e-02,1.274610e-01,8.724217e-02,5.421303e-03,1.636098e-04,5.175653e-03,1.037428e-01,6.794335e-03,4.828493e-01,2.815407e-02,1.479893e-02,4.335957e-02,2.679331e-02
9.309754e-03,1.834254e-02,2.293702e-02,9.251256e-02,8.695284e-02,4.885182e-03,1.550381e-04,4.129110e-03,7.406046e-02,1.177483e-02,4.766080e-01,3.071143e-02,1.587270e-02,1.323662e-01,1.938237e-02
1.055074e-02,1.293954e-02,1.644435e-02,6.768215e-02,6.619559e-02,4.539932e-03,1.455873e-04,3.332287e-03,5.270077e-02,1.400613e-02,5.589419e-01,2.964301e-02,1.397375e-02,1.350660e-01,1.383838e-02
1.030322e-02,9.182527e-03,1.202182e-02,5.022582e-02,5.077454e-02,4.606823e-03,1.287428e-04,2.742763e-03,3.744592e-02,1.724161e-02,6.382548e-01,3.272057e-02,1.184180e-02,1.125010e-01,1.000804e-02
2.328205e-02,7.277808e-03,9.007808e-03,3.771514e-02,3.618355e-02,1.010248e-02,1.823131e-04,2.833731e-03,2.797800e-02,1.887836e-02,6.660793e-01,3.456735e-02,1.031962e-02,1.080958e-01,7.496711e-03
2.150386e-02,7.321023e-03,7.083197e-03,2.747227e-02,2.563149e-02,1.036328e-02,1.694379e-04,2.478728e-03,2.114873e-02,2.432214e-02,6.970294e-01,3.459318e-02,8.786629e-03,1.063630e-01,5.733628e-03
2.677230e-02,1.027286e-02,6.706166e-03,2.326704e-02,1.939830e-02,1.396478e-02,2.775740e-04,2.947810e-03,2.130565e-02,2.328174e-02,6.876699e-01,5.397228e-02,1.130051e-02,9.383066e-02,5.032433e-03
3.262486e-02,8.373223e-03,5.464664e-03,1.721318e-02,1.412590e-02,1.133357e-02,3.214530e-04,2.432256e-03,1.699298e-02,1.908480e-02,7.290778e-01,5.118334e-02,1.143909e-02,7.548566e-02,4.847158e-03
8.277054e-02,8.672905e-03,4.875223e-03,1.342235e-02,1.029396e-02,1.077459e-02,3.770744e-04,2.142178e-03,1.432685e-02,1.490386e-02,7.016247e-01,6.261383e-02,9.186617e-03,5.977063e-02,4.244624e-03
1.842828e-01,1.243640e-02,6.978672e-03,1.227055e-02,7.777055e-03,1.260565e-02,1.158785e-03,4.547980e-03,1.321718e-02,1.196195e-02,5.979998e-01,6.355238e-02,7.249811e-03,5.839260e-02,5.568383e-03
2.870178e-01,2.537346e-02,1.124555e-02,1.143018e-02,6.618208e-03,1.161407e-02,2.061028e-03,7.107641e-03,1.437452e-02,1.004370e-02,4.784394e-01,6.467699e-02,6.088695e-03,5.545249e-02,8.456226e-03
2.943094e-01,2.608395e-02,1.217575e-02,1.006868e-02,8.281599e-03,1.239730e-02,2.550874e-03,7.788297e-03,1.955231e-02,1.491450e-02,4.589205e-01,5.980030e-02,5.121241e-03,5.793275e-02,1.010243e-02
2.439949e-01,2.631744e-02,1.684009e-02,1.219947e-02,1.251123e-02,1.694786e-02,2.316193e-03,7.410227e-03,3.862657e-02,3.760875e-02,4.052769e-01,6.807775e-02,5.355579e-03,9.407735e-02,1.243967e-02
2.089968e-01,3.759778e-02,1.987624e-02,1.145155e-02,2.415444e-02,1.779923e-02,2.065683e-03,6.830226e-03,6.005597e-02,3.987015e-02,3.636767e-01,7.065323e-02,5.893294e-03,1.185034e-01,1.257539e-02
1.955482e-01,3.942829e-02,4.576607e-02,1.541412e-02,3.206339e-02,1.784423e-02,2.416489e-03,1.542001e-02,6.819379e-02,3.929090e-02,3.347394e-01,7.494682e-02,5.594707e-03,1.005791e-01,1.275437e-02
1.661622e-01,3.832105e-02,3.828823e-02,1.540391e-02,3.959516e-02,1.746652e-02,2.526246e-03,1.822666e-02,7.161023e-02,3.740530e-02,3.228856e-01,1.129245e-01,5.193714e-03,1.016841e-01,1.230664e-02
1.802504e-01,4.372039e-02,2.980989e-02,1.384557e-02,4.363817e-02,1.821570e-02,2.305082e-03,2.060087e-02,6.384197e-02,3.450575e-02,3.137365e-01,1.299237e-01,5.169961e-03,8.727430e-02,1.316168e-02
1.526075e-01,4.192313e-02,8.211999e-02,1.750650e-02,4.220343e-02,2.306210e-02,2.292182e-03,5.268203e-02,9.586755e-02,4.245744e-02,2.538006e-01,1.063258e-01,4.688264e-03,6.970961e-02,1.275376e-02
1.320778e-01,5.747906e-02,1.487108e-01,1.573261e-02,7.404051e-02,3.226849e-02,3.356308e-03,6.046515e-02,9.599563e-02,3.360233e-02,1.987318e-01,8.020845e-02,4.239804e-03,5.228552e-02,1.080570e-02
1.066865e-01,5.763213e-02,2.442623e-01,1.405175e-02,8.103706e-02,7.173689e-02,3.068301e-03,5.128551e-02,8.598376e-02,2.518045e-02,1.492377e-01,5.649024e-02,3.114856e-03,3.893017e-02,1.130226e-02
9.484284e-02,6.243322e-02,2.400551e-01,1.388283e-02,1.046524e-01,1.070986e-01,2.634980e-03,5.029947e-02,9.857841e-02,1.999217e-02,1.156491e-01,4.017797e-02,2.407320e-03,3.598438e-02,1.131109e-02
7.010682e-02,5.582152e-02,2.851237e-01,1.969920e-02,1.792911e-01,8.888134e-02,3.897840e-03,6.508926e-02,7.261000e-02,1.412104e-02,8.152407e-02,2.817367e-02,1.727434e-03,2.591133e-02,8.021634e-03
7.053258e-02,4.168345e-02,2.742494e-01,1.653274e-02,2.525590e-01,6.800454e-02,3.122305e-03,4.850475e-02,8.067594e-02,1.089091e-02,6.170717e-02,1.988547e-02,1.488240e-03,4.439993e-02,5.763494e-03
7.007938e-02,3.509205e-02,2.219075e-01,3.223055e-02,3.251928e-01,6.974698e-02,2.979958e-03,4.766802e-02,7.889996e-02,9.752375e-03,4.893688e-02,1.420721e-02,1.322009e-03,3.764530e-02,4.339049e-03
6.722651e-02,2.758724e-02,2.781121e-01,5.745861e-02,2.886319e-01,5.263017e-02,2.287638e-03,5.011313e-02,8.012202e-02,1.115286e-02,3.790992e-02,1.039333e-02,1.128239e-03,3.207543e-02,3.170865e-03
6.474600e-02,2.187377e-02,3.320538e-01,5.999679e-02,2.580144e-01,4.201310e-02,1.690188e-03,3.828700e-02,7.683829e-02,1.832869e-02,3.186973e-02,7.642468e-03,9.958631e-04,4.327363e-02,2.376327e-03
9.461751e-02,1.738182e-02,2.615370e-01,5.897005e-02,3.272091e-01,3.176912e-02,1.332171e-03,2.859094e-02,8.221998e-02,1.516443e-02,2.604497e-02,6.941070e-03,1.450056e-03,4.492429e-02,1.847433e-03
1.347197e-01,1.926778e-02,1.860053e-01,6.136059e-02,3.324209e-01,5.901119e-02,1.534483e-03,2.691839e-02,6.093337e-02,1.141651e-02,4.794011e-02,2.058743e-02,1.961118e-03,3.252306e-02,3.400105e-03
1.560114e-01,4.896226e-02,1.323528e-01,5.637367e-02,2.920826e-01,1.403281e-01,1.295221e-03,2.655065e-02,4.752484e-02,8.516307e-03,4.143592e-02,1.852644e-02,2.744034e-03,2.364561e-02,3.650093e-03
2.136649e-01,1.272962e-01,9.594521e-02,4.933910e-02,2.167264e-01,1.367213e-01,1.150059e-03,3.246740e-02,4.990645e-02,6.657689e-03,3.151870e-02,1.354830e-02,3.001960e-03,1.745711e-02,4.599293e-03
3.078204e-01,1.625014e-01,6.838939e-02,3.906193e-02,1.577144e-01,1.137961e-01,9.068830e-04,2.770950e-02,5.407066e-02,6.892635e-03,2.679889e-02,1.046508e-02,4.293184e-03,1.397987e-02,5.599628e-03
3.000845e-01,2.745296e-01,4.985752e-02,3.026633e-02,1.148304e-01,9.229533e-02,8.831773e-04,2.934142e-02,5.162099e-02,6.191606e-03,2.052235e-02,8.193504e-03,4.420460e-03,1.112385e-02,5.839055e-03
3.348131e-01,2.331932e-01,4.094508e-02,2.935532e-02,9.465181e-02,7.887457e-02,2.001232e-03,5.832532e-02,6.601083e-02,6.380838e-03,1.819310e-02,1.023160e-02,4.660327e-03,1.085505e-02,1.150869e-02
3.440206e-01,2.083114e-01,3.549401e-02,3.362183e-02,8.139888e-02,6.704278e-02,2.808386e-03,1.019065e-01,6.368297e-02,6.531814e-03,1.472594e-02,1.161964e-02,4.841994e-03,9.658365e-03,1.433492e-02
3.700146e-01,1.594544e-01,2.696290e-02,3.239740e-02,7.450655e-02,5.336089e-02,2.977431e-03,1.636350e-01,5.186146e-02,5.616357e-03,1.328464e-02,1.400861e-02,5.667702e-03,9.310818e-03,1.694123e-02
4.054361e-01,1.336210e-01,2.082817e-02,2.952950e-02,6.234933e-02,4.394233e-02,3.383237e-03,1.842304e-01,4.481621e-02,5.197257e-03,1.288778e-02,1.600361e-02,5.927450e-03,1.018419e-02,2.166354e-02
3.629207e-01,1.167996e-01,2.463559e-02,4.453603e-02,7.495701e-02,3.825239e-02,3.669192e-03,1.558514e-01,5.858721e-02,1.019805e-02,2.164443e-02,2.307857e-02,8.108162e-03,1.599956e-02,4.076221e-02
3.838509e-01,9.971748e-02,2.163713e-02,4.927666e-02,7.415368e-02,3.619520e-02,3.835358e-03,1.263357e-01,4.822122e-02,1.019443e-02,2.566098e-02,2.683987e-02,1.000321e-02,1.792939e-02,6.614885e-02
2.724205e-01,1.332321e-01,1.938390e-02,9.442106e-02,5.431049e-02,2.843254e-02,3.088741e-03,8.930217e-02,6.953932e-02,1.149078e-02,2.450606e-02,2.212635e-02,2.229054e-02,1.406813e-02,1.413874e-01
2.305213e-01,1.062459e-01,1.590359e-02,8.218262e-02,4.405780e-02,2.222074e-02,3.041061e-03,6.396611e-02,6.585355e-02,2.375583e-02,2.670443e-02,2.151833e-02,2.116345e-02,1.704330e-02,2.558220e-01
2.527035e-01,9.752505e-02,1.485391e-02,7.396571e-02,5.378302e-02,2.151563e-02,4.147272e-03,5.463328e-02,5.563752e-02,1.904682e-02,3.076456e-02,2.729317e-02,2.657203e-02,1.817322e-02,2.493853e-01
2.090126e-01,1.176059e-01,2.487039e-02,1.458946e-01,4.648397e-02,1.860859e-02,3.876364e-03,4.145360e-02,5.306003e-02,1.654366e-02,2.548427e-02,2.442735e-02,2.072448e-02,1.564383e-02,2.363104e-01
2.133651e-01,9.601179e-02,6.473102e-02,1.956309e-01,4.242203e-02,1.682652e-02,4.972081e-03,4.204067e-02,4.619002e-02,1.334232e-02,2.097051e-02,2.588518e-02,1.968640e-02,1.214030e-02,1.857852e-01
1.635996e-01,7.940301e-02,8.193338e-02,3.334563e-01,3.150612e-02,1.339061e-02,3.888373e-03,3.123083e-02,4.306056e-02,1.203737e-02,1.890100e-02,2.042739e-02,1.543205e-02,9.189790e-03,1.425436e-01
1.718119e-01,6.584113e-02,7.357089e-02,3.965398e-01,2.370249e-02,1.257150e-02,3.056049e-03,2.411498e-02,3.792282e-02,1.004231e-02,2.907456e-02,2.035015e-02,1.351962e-02,7.802147e-03,1.100796e-01
2.745297e-01,5.233189e-02,7.177441e-02,3.356262e-01,1.841671e-02,1.460787e-02,2.533041e-03,1.998198e-02,3.086686e-02,8.100228e-03,3.644595e-02,2.057194e-02,1.578173e-02,9.752607e-03,8.867887e-02
3.197504e-01,4.691151e-02,9.631585e-02,2.977011e-01,1.424433e-02,1.755778e-02,2.568627e-03,1.784322e-02,3.099584e-02,7.425467e-03,3.120545e-02,1.844371e-02,1.546502e-02,8.133265e-03,7.543850e-02
3.702067e-01,4.117686e-02,1.037944e-01,2.601460e-01,1.128199e-02,2.154405e-02,2.434047e-03,1.444620e-02,3.142720e-02,6.596391e-03,2.551211e-02,2.159476e-02,1.537935e-02,7.613478e-03,6.684641e-02
4.867702e-01,3.256238e-02,9.854523e-02,1.944924e-01,8.599488e-03,1.866514e-02,2.098812e-03,1.177893e-02,2.858196e-02,5.623791e-03,2.044926e-02,1.743363e-02,1.433675e-02,6.846590e-03,5.321544e-02
1.000000e+00,0.000000e+00,0.000000e+00,0.000000e+00,0.000000e+00,0.000000e+00,0.000000e+00,0.000000e+00,0.000000e+00,0.000000e+00,0.000000e+00,0.000000e+00,0.000000e+00,0.000000e+00,0.000000e+00
1.000000e+00,0.000000e+00,0.000000e+00,0.000000e+00,0.000000e+00,0.000000e+00,0.000000e+00,0.000000e+00,0.000000e+00,0.000000e+00,0.000000e+00,0.000000e+00,0.000000e+00,0.000000e+00,0.000000e+00
