1.000000e+00,0.000000e+00,0.000000e+00,0.000000e+00,0.000000e+00,0.000000e+00,0.000000e+00,0.000000e+00,0.000000e+00,0.000000e+00,0.000000e+00,0.000000e+00,0.000000e+00,0.000000e+00,0.000000e+00
1.000000e+00,0.000000e+00,0.000000e+00,0.000000e+00,0.000000e+00,0.000000e+00,0.000000e+00,0.000000e+00,0.000000e+00,0.000000e+00,0.000000e+00,0.000000e+00,0.000000e+00,0.000000e+00,0.000000e+00
1.000000e+00,0.000000e+00,0.000000e+00,0.000000e+00,0.000000e+00,0.000000e+00,0.000000e+00,0.000000e+00,0.000000e+00,0.000000e+00,0.000000e+00,0.000000e+00,0.000000e+00,0.000000e+00,0.000000e+00
1.000000e+00,0.000000e+00,0.000000e+00,0.000000e+00,0.000000e+00,0.000000e+00,0.000000e+00,0.000000e+00,0.000000e+00,0.000000e+00,0.000000e+00,0.000000e+00,0.000000e+00,0.000000e+00,0.000000e+00
1.000000e+00,0.000000e+00,0.000000e+00,0.000000e+00,0.000000e+00,0.000000e+00,0.000000e+00,0.000000e+00,0.000000e+00,0.000000e+00,0.000000e+00,0.000000e+00,0.000000e+00,0.000000e+00,0.000000e+00
1.000000e+00,0.000000e+00,0.000000e+00,0.000000e+00,0.000000e+00,0.000000e+00,0.000000e+00,0.000000e+00,0.000000e+00,0.000000e+00,0.000000e+00,0.000000e+00,0.000000e+00,0.000000e+00,0.000000e+00
1.000000e+00,0.000000e+00,0.000000e+00,0.000000e+00,0.000000e+00,0.000000e+00,0.000000e+00,0.000000e+00,0.000000e+00,0.000000e+00,0.000000e+00,0.000000e+00,0.000000e+00,0.000000e+00,0.000000e+00
1.000000e+00,0.000000e+00,0.000000e+00,0.000000e+00,0.000000e+00,0.000000e+00,0.000000e+00,0.000000e+00,0.000000e+00,0.000000e+00,0.000000e+00,0.000000e+00,0.000000e+00,0.000000e+00,0.000000e+00
1.000000e+00,0.000000e+00,0.000000e+00,0.000000e+00,0.000000e+00,0.000000e+00,0.000000e+00,0.000000e+00,0.000000e+00,0.000000e+00,0.000000e+00,0.000000e+00,0.000000e+00,0.000000e+00,0.000000e+00
1.000000e+00,0.000000e+00,0.000000e+00,0.000000e+00,0.000000e+00,0.000000e+00,0.000000e+00,0.000000e+00,0.000000e+00,0.000000e+00,0.000000e+00,0.000000e+00,0.000000e+00,0.000000e+00,0.000000e+00
1.000000e+00,0.000000e+00,0.000000e+00,0.000000e+00,0.000000e+00,0.000000e+00,0.000000e+00,0.000000e+00,0.000000e+00,0.000000e+00,0.000000e+00,0.000000e+00,0.000000e+00,0.000000e+00,0.000000e+00
1.000000e+00,0.000000e+00,0.000000e+00,0.000000e+00,0.000000e+00,0.000000e+00,0.000000e+00,0.000000e+00,0.000000e+00,0.000000e+00,0.000000e+00,0.000000e+00,0.000000e+00,0.000000e+00,0.000000e+00
1.000000e+00,0.000000e+00,0.000000e+00,0.000000e+00,0.000000e+00,0.000000e+00,0.000000e+00,0.000000e+00,0.000000e+00,0.000000e+00,0.000000e+00,0.000000e+00,0.000000e+00,0.000000e+00,0.000000e+00
1.000000e+00,0.000000e+00,0.000000e+00,0.000000e+00,0.000000e+00,0.000000e+00,0.000000e+00,0.000000e+00,0.000000e+00,0.000000e+00,0.000000e+00,0.000000e+00,0.000000e+00,0.000000e+00,0.000000e+00
1.000000e+00,0.000000e+00,0.000000e+00,0.000000e+00,0.000000e+00,0.000000e+00,0.000000e+00,0.000000e+00,0.000000e+00,0.000000e+00,0.000000e+00,0.000000e+00,0.000000e+00,0.000000e+00,0.000000e+00
1.000000e+00,0.000000e+00,0.000000e+00,0.000000e+00,0.000000e+00,0.000000e+00,0.000000e+00,0.000000e+00,0.000000e+00,0.000000e+00,0.000000e+00,0.000000e+00,0.000000e+00,0.000000e+00,0.000000e+00
1.000000e+00,0.000000e+00,0.000000e+00,0.000000e+00,0.000000e+00,0.000000e+00,0.000000e+00,0.000000e+00,0.000000e+00,0.000000e+00,0.000000e+00,0.000000e+00,0.000000e+00,0.000000e+00,0.000000e+00
1.000000e+00,0.000000e+00,0.000000e+00,0.000000e+00,0.000000e+00,0.000000e+00,0.000000e+00,0.000000e+00,0.000000e+00,0.000000e+00,0.000000e+00,0.000000e+00,0.000000e+00,0.000000e+00,0.000000e+00
1.000000e+00,0.000000e+00,0.000000e+00,0.000000e+00,0.000000e+00,0.000000e+00,0.000000e+00,0.000000e+00,0.000000e+00,0.000000e+00,0.000000e+00,0.000000e+00,0.000000e+00,0.000000e+00,0.000000e+00
1.000000e+00,0.000000e+00,0.000000e+00,0.000000e+00,0.000000e+00,0.000000e+00,0.000000e+00,0.000000e+00,0.000000e+00,0.000000e+00,0.000000e+00,0.000000e+00,0.000000e+00,0.000000e+00,0.000000e+00
1.000000e+00,0.000000e+00,0.000000e+00,0.000000e+00,0.000000e+00,0.000000e+00,0.000000e+00,0.000000e+00,0.000000e+00,0.000000e+00,0.000000e+00,0.000000e+00,0.000000e+00,0.000000e+00,0.000000e+00
1.000000e+00,0.000000e+00,0.000000e+00,0.000000e+00,0.000000e+00,0.000000e+00,0.000000e+00,0.000000e+00,0.000000e+00,0.000000e+00,0.000000e+00,0.000000e+00,0.000000e+00,0.000000e+00,0.000000e+00
1.000000e+00,0.000000e+00,0.000000e+00,0.000000e+00,0.000000e+00,0.000000e+00,0.000000e+00,0.000000e+00,0.000000e+00,0.000000e+00,0.000000e+00,0.000000e+00,0.000000e+00,0.000000e+00,0.000000e+00
1.000000e+00,0.000000e+00,0.000000e+00,0.000000e+00,0.000000e+00,0.000000e+00,0.000000e+00,0.000000e+00,0.000000e+00,0.000000e+00,0.000000e+00,0.000000e+00,0.000000e+00,0.000000e+00,0.000000e+00
1.000000e+00,0.000000e+00,0.000000e+00,0.000000e+00,0.000000e+00,0.000000e+00,0.000000e+00,0.000000e+00,0.000000e+00,0.000000e+00,0.000000e+00,0.000000e+00,0.000000e+00,0.000000e+00,0.000000e+00
1.000000e+00,0.000000e+00,0.000000e+00,0.000000e+00,0.000000e+00,0.000000e+00,0.000000e+00,0.000000e+00,0.000000e+00,0.000000e+00,0.000000e+00,0.000000e+00,0.000000e+00,0.000000e+00,0.000000e+00
1.000000e+00,0.000000e+00,0.000000e+00,0.000000e+00,0.000000e+00,0.000000e+00,0.000000e+00,0.000000e+00,0.000000e+00,0.000000e+00,0.000000e+00,0.000000e+00,0.000000e+00,0.000000e+00,0.000000e+00
1.000000e+00,0.000000e+00,0.000000e+00,0.000000e+00,0.000000e+00,0.000000e+00,0.000000e+00,0.000000e+00,0.000000e+00,0.000000e+00,0.000000e+00,0.000000e+00,0.000000e+00,0.000000e+00,0.000000e+00
1.000000e+00,0.000000e+00,0.000000e+00,0.000000e+00,0.000000e+00,0.000000e+00,0.000000e+00,0.000000e+00,0.000000e+00,0.000000e+00,0.000000e+00,0.000000e+00,0.000000e+00,0.000000e+00,0.000000e+00
1.000000e+00,0.000000e+00,0.000000e+00,0.000000e+00,0.000000e+00,0.000000e+00,0.000000e+00,0.000000e+00,0.000000e+00,0.000000e+00,0.000000e+00,0.000000e+00,0.000000e+00,0.000000e+00,0.000000e+00
1.000000e+00,0.000000e+00,0.000000e+00,0.000000e+00,0.000000e+00,0.000000e+00,0.000000e+00,0.000000e+00,0.000000e+00,0.000000e+00,0.000000e+00,0.000000e+00,0.000000e+00,0.000000e+00,0.000000e+00
1.000000e+00,0.000000e+00,0.000000e+00,0.000000e+00,0.000000e+00,0.000000e+00,0.000000e+00,0.000000e+00,0.000000e+00,0.000000e+00,0.000000e+00,0.000000e+00,0.000000e+00,0.000000e+00,0.000000e+00
1.000000e+00,0.000000e+00,0.000000e+00,0.000000e+00,0.000000e+00,0.000000e+00,0.000000e+00,0.000000e+00,0.000000e+00,0.000000e+00,0.000000e+00,0.000000e+00,0.000000e+00,0.000000e+00,0.000000e+00
1.000000e+00,0.000000e+00,0.000000e+00,0.000000e+00,0.000000e+00,0.000000e+00,0.000000e+00,0.000000e+00,0.000000e+00,0.000000e+00,0.000000e+00,0.000000e+00,0.000000e+00,0.000000e+00,0.000000e+00
1.000000e+00,0.000000e+00,0.000000e+00,0.000000e+00,0.000000e+00,0.000000e+00,0.000000e+00,0.000000e+00,0.000000e+00,0.000000e+00,0.000000e+00,0.000000e+00,0.000000e+00,0.000000e+00,0.000000e+00
1.000000e+00,0.000000e+00,0.000000e+00,0.000000e+00,0.000000e+00,0.000000e+00,0.000000e+00,0.000000e+00,0.000000e+00,0.000000e+00,0.000000e+00,0.000000e+00,0.000000e+00,0.000000e+00,0.000000e+00
1.000000e+00,0.000000e+00,0.000000e+00,0.000000e+00,0.000000e+00,0.000000e+00,0.000000e+00,0.000000e+00,0.000000e+00,0.000000e+00,0.000000e+00,0.000000e+00,0.000000e+00,0.000000e+00,0.000000e+00
1.000000e+00,0.000000e+00,0.000000e+00,0.000000e+00,0.000000e+00,0.000000e+00,0.000000e+00,0.000000e+00,0.000000e+00,0.000000e+00,0.000000e+00,0.000000e+00,0.000000e+00,0.000000e+00,0.000000e+00
1.000000e+00,0.000000e+00,0.000000e+00,0.000000e+00,0.000000e+00,0.000000e+00,0.000000e+00,0.000000e+00,0.000000e+00,0.000000e+00,0.000000e+00,0.000000e+00,0.000000e+00,0.000000e+00,0.000000e+00
1.000000e+00,0.000000e+00,0.000000e+00,0.000000e+00,0.000000e+00,0.000000e+00,0.000000e+00,0.000000e+00,0.000000e+00,0.000000e+00,0.000000e+00,0.000000e+00,0.000000e+00,0.000000e+00,0.000000e+00
1.000000e+00,0.000000e+00,0.000000e+00,0.000000e+00,0.000000e+00,0.000000e+00,0.000000e+00,0.000000e+00,0.000000e+00,0.000000e+00,0.000000e+00,0.000000e+00,0.000000e+00,0.000000e+00,0.000000e+00
1.000000e+00,0.000000e+00,0.000000e+00,0.000000e+00,0.000000e+00,0.000000e+00,0.000000e+00,0.000000e+00,0.000000e+00,0.000000e+00,0.000000e+00,0.000000e+00,0.000000e+00,0.000000e+00,0.000000e+00
1.000000e+00,0.000000e+00,0.000000e+00,0.000000e+00,0.000000e+00,0.000000e+00,0.000000e+00,0.000000e+00,0.000000e+00,0.000000e+00,0.000000e+00,0.000000e+00,0.000000e+00,0.000000e+00,0.000000e+00
1.000000e+00,0.000000e+00,0.000000e+00,0.000000e+00,0.000000e+00,0.000000e+00,0.000000e+00,0.000000e+00,0.000000e+00,0.000000e+00,0.000000e+00,0.000000e+00,0.000000e+00,0.000000e+00,0.000000e+00
1.000000e+00,0.000000e+00,0.000000e+00,0.000000e+00,0.000000e+00,0.000000e+00,0.000000e+00,0.000000e+00,0.000000e+00,0.000000e+00,0.000000e+00,0.000000e+00,0.000000e+00,0.000000e+00,0.000000e+00
1.000000e+00,0.000000e+00,0.000000e+00,0.000000e+00,0.000000e+00,0.000000e+00,0.000000e+00,0.000000e+00,0.000000e+00,0.000000e+00,0.000000e+00,0.000000e+00,0.000000e+00,0.000000e+00,0.000000e+00
1.000000e+00,0.000000e+00,0.000000e+00,0.000000e+00,0.000000e+00,0.000000e+00,0.000000e+00,0.000000e+00,0.000000e+00,0.000000e+00,0.000000e+00,0.000000e+00,0.000000e+00,0.000000e+00,0.000000e+00
1.000000e+00,0.000000e+00,0.000000e+00,0.000000e+00,0.000000e+00,0.000000e+00,0.000000e+00,0.000000e+00,0.000000e+00,0.000000e+00,0.000000e+00,0.000000e+00,0.000000e+00,0.000000e+00,0.000000e+00
1.000000e+00,0.000000e+00,0.000000e+00,0.000000e+00,0.000000e+00,0.000000e+00,0.000000e+00,0.000000e+00,0.000000e+00,0.000000e+00,0.000000e+00,0.000000e+00,0.000000e+00,0.000000e+00,0.000000e+00
1.000000e+00,0.000000e+00,0.000000e+00,0.000000e+00,0.000000e+00,0.000000e+00,0.000000e+00,0.000000e+00,0.000000e+00,0.000000e+00,0.000000e+00,0.000000e+00,0.000000e+00,0.000000e+00,0.000000e+00
1.000000e+00,0.000000e+00,0.000000e+00,0.000000e+00,0.000000e+00,0.000000e+00,0.000000e+00,0.000000e+00,0.000000e+00,0.000000e+00,0.000000e+00,0.000000e+00,0.000000e+00,0.000000e+00,0.000000e+00
1.000000e+00,0.000000e+00,0.000000e+00,0.000000e+00,0.000000e+00,0.000000e+00,0.000000e+00,0.000000e+00,0.000000e+00,0.000000e+00,0.000000e+00,0.000000e+00,0.000000e+00,0.000000e+00,0.000000e+00
1.000000e+00,0.000000e+00,0.000000e+00,0.000000e+00,0.000000e+00,0.000000e+00,0.000000e+00,0.000000e+00,0.000000e+00,0.000000e+00,0.000000e+00,0.000000e+00,0.000000e+00,0.000000e+00,0.000000e+00
1.000000e+00,0.000000e+00,0.000000e+00,0.000000e+00,0.000000e+00,0.000000e+00,0.000000e+00,0.000000e+00,0.000000e+00,0.000000e+00,0.000000e+00,0.000000e+00,0.000000e+00,0.000000e+00,0.000000e+00
1.000000e+00,0.000000e+00,0.000000e+00,0.000000e+00,0.000000e+00,0.000000e+00,0.000000e+00,0.000000e+00,0.000000e+00,0.000000e+00,0.000000e+00,0.000000e+00,0.000000e+00,0.000000e+00,0.000000e+00
1.000000e+00,0.000000e+00,0.000000e+00,0.000000e+00,0.000000e+00,0.000000e+00,0.000000e+00,0.000000e+00,0.000000e+00,0.000000e+00,0.000000e+00,0.000000e+00,0.000000e+00,0.000000e+00,0.000000e+00
1.000000e+00,0.000000e+00,0.000000e+00,0.000000e+00,0.000000e+00,0.000000e+00,0.000000e+00,0.000000e+00,0.000000e+00,0.000000e+00,0.000000e+00,0.000000e+00,0.000000e+00,0.000000e+00,0.000000e+00
1.000000e+00,0.000000e+00,0.000000e+00,0.000000e+00,0.000000e+00,0.000000e+00,0.000000e+00,0.000000e+00,0.000000e+00,0.000000e+00,0.000000e+00,0.000000e+00,0.000000e+00,0.000000e+00,0.000000e+00
1.000000e+00,0.000000e+00,0.000000e+00,0.000000e+00,0.000000e+00,0.000000e+00,0.000000e+00,0.000000e+00,0.000000e+00,0.000000e+00,0.000000e+00,0.000000e+00,0.000000e+00,0.000000e+00,0.000000e+00
4.238309e-01,5.617445e-02,2.228177e-02,1.398969e-01,9.576271e-03,2.566265e-02,5.761786e-03,2.271361e-02,4.213157e-02,6.120921e-03,1.063074e-01,4.903562e-02,1.153731e-02,1.786269e-02,6.110611e-02
3.467539e-01,7.184821e-02,2.447952e-02,1.570331e-01,1.065479e-02,2.529965e-02,5.983464e-03,2.061725e-02,4.744606e-02,7.772543e-03,1.165241e-01,6.143922e-02,1.305236e-02,2.033420e-02,7.076162e-02
2.593874e-01,7.077505e-02,4.736708e-02,2.075892e-01,1.097587e-02,2.185998e-02,5.570361e-03,2.152697e-02,6.165847e-02,7.673176e-03,1.169549e-01,6.892049e-02,1.296671e-02,1.796669e-02,6.880756e-02
2.418488e-01,6.578033e-02,4.614789e-02,1.729912e-01,1.250794e-02,3.744232e-02,7.742656e-03,1.936939e-02,4.709562e-02,7.311439e-03,1.440919e-01,1.091156e-01,1.758508e-02,1.671510e-02,5.425483e-02
1.976718e-01,5.485501e-02,4.638624e-02,1.318700e-01,3.197778e-02,4.014212e-02,1.475828e-01,2.355349e-02,3.500852e-02,6.170863e-03,1.204323e-01,9.466153e-02,1.719645e-02,1.314076e-02,3.935026e-02
2.004720e-01,4.715709e-02,6.032950e-02,1.176231e-01,4.152074e-02,4.643627e-02,1.101038e-01,2.293524e-02,3.547607e-02,8.951865e-03,1.210270e-01,1.052611e-01,2.898220e-02,1.679159e-02,3.693232e-02
2.487183e-01,4.382718e-02,7.512301e-02,9.903634e-02,4.932335e-02,5.054375e-02,9.529421e-02,2.557208e-02,2.845935e-02,7.462096e-03,9.683619e-02,1.041515e-01,3.158460e-02,1.360594e-02,3.046204e-02
2.348129e-01,3.530871e-02,6.865562e-02,7.620326e-02,4.733989e-02,6.177484e-02,1.807931e-01,3.600083e-02,2.154704e-02,5.598853e-03,7.106801e-02,9.409575e-02,3.337262e-02,1.030675e-02,2.312176e-02
1.755026e-01,2.544134e-02,5.007691e-02,5.376821e-02,3.666658e-02,4.521722e-02,3.992633e-01,2.913265e-02,1.526083e-02,4.067923e-03,5.009622e-02,6.747314e-02,2.410202e-02,7.338740e-03,1.659226e-02
1.764545e-01,1.933330e-02,3.922205e-02,3.926294e-02,2.886063e-02,3.671491e-02,4.654444e-01,5.531434e-02,1.128527e-02,3.126032e-03,3.582848e-02,5.175412e-02,1.901256e-02,5.398156e-03,1.298830e-02
1.445177e-01,1.412444e-02,3.289900e-02,2.829373e-02,2.171541e-02,2.774327e-02,5.048734e-01,1.253981e-01,8.027652e-03,2.258946e-03,2.530128e-02,3.711747e-02,1.433115e-02,3.866036e-03,9.532445e-03
1.240958e-01,1.118053e-02,3.138679e-02,2.236337e-02,1.956217e-02,2.362329e-02,4.616790e-01,2.310373e-01,5.774063e-03,1.710612e-03,1.796967e-02,2.675712e-02,1.261705e-02,2.891867e-03,7.351398e-03
9.905125e-02,8.121094e-03,2.879430e-02,1.724187e-02,1.525352e-02,1.828406e-02,3.674862e-01,3.916086e-01,4.098616e-03,1.231755e-03,1.267581e-02,1.898909e-02,9.715034e-03,2.098703e-03,5.350179e-03
7.438675e-02,5.880150e-03,2.478954e-02,1.318119e-02,1.152219e-02,1.429907e-02,3.632042e-01,4.528381e-01,2.917247e-03,9.162728e-04,8.957227e-03,1.347426e-02,8.150056e-03,1.526115e-03,3.957653e-03
5.708165e-02,4.255170e-03,2.063629e-02,9.938595e-03,8.961372e-03,1.100687e-02,3.559179e-01,5.022328e-01,2.081271e-03,6.844238e-04,6.349941e-03,9.601476e-03,7.166588e-03,1.116687e-03,2.968994e-03
4.391251e-02,3.096574e-03,1.538295e-02,7.186564e-03,7.331957e-03,8.976923e-03,2.970076e-01,5.943617e-01,1.480524e-03,5.158752e-04,4.533887e-03,6.900934e-03,6.275563e-03,8.095792e-04,2.226833e-03
3.137313e-02,2.217385e-03,1.200277e-02,5.164174e-03,6.099017e-03,6.484095e-03,3.587435e-01,5.609168e-01,1.048413e-03,3.767827e-04,3.197382e-03,4.907127e-03,5.279742e-03,5.792205e-04,1.610357e-03
2.245147e-02,1.595772e-03,9.031604e-03,3.938581e-03,8.353775e-03,5.125333e-03,3.940713e-01,5.419223e-01,7.479538e-04,2.944603e-04,2.300219e-03,3.576010e-03,4.996463e-03,4.211408e-04,1.173603e-03
1.929701e-02,1.427351e-03,8.057740e-03,3.383684e-03,1.819696e-02,4.913749e-03,4.154525e-01,5.142808e-01,6.012202e-04,6.134383e-04,1.826897e-03,2.949461e-03,6.770385e-03,3.811632e-04,1.847510e-03
1.696682e-02,1.272517e-03,6.354655e-03,2.720411e-03,2.302739e-02,6.487739e-03,4.321381e-01,4.888079e-01,5.339629e-04,2.289553e-03,1.699924e-03,2.562703e-03,1.115510e-02,3.497904e-04,3.633369e-03
1.279376e-02,1.035068e-03,4.946324e-03,1.997006e-03,2.030407e-02,6.346738e-03,4.792970e-01,3.928152e-01,6.440433e-04,2.065386e-02,3.664452e-03,2.419883e-03,4.077227e-02,4.269238e-04,1.188346e-02
9.772246e-03,9.644767e-04,3.704622e-03,1.483701e-03,1.573963e-02,5.067738e-03,4.263581e-01,2.915582e-01,6.217187e-03,6.103750e-02,1.050459e-02,3.990175e-03,6.955056e-02,9.867696e-03,8.418356e-02
7.842075e-03,9.498828e-04,2.666835e-03,1.238203e-03,1.172968e-02,4.412278e-03,4.058086e-01,2.149842e-01,1.333163e-02,6.228115e-02,2.784822e-02,1.600959e-02,8.557253e-02,5.155108e-02,9.377411e-02
6.122613e-03,7.526219e-04,1.923414e-03,1.121818e-03,8.662554e-03,3.902050e-03,4.428406e-01,1.516201e-01,1.032255e-02,5.457025e-02,2.254487e-02,3.650841e-02,8.226933e-02,6.304843e-02,1.137904e-01
4.883716e-03,7.499575e-04,1.422320e-03,9.928079e-04,6.788007e-03,3.373360e-03,4.211202e-01,1.066688e-01,8.759553e-03,4.570027e-02,2.160069e-02,6.896711e-02,1.358582e-01,7.885939e-02,9.425559e-02
3.962559e-03,9.253591e-04,1.125570e-03,1.154404e-03,5.534200e-03,4.402483e-03,3.150090e-01,7.486866e-02,1.007163e-02,4.769480e-02,2.168608e-02,2.516541e-01,1.288620e-01,6.376651e-02,6.928268e-02
3.465453e-03,9.485382e-04,1.233441e-03,1.494526e-03,5.957881e-03,3.374047e-03,2.236028e-01,5.253788e-02,1.227907e-02,8.912173e-02,1.872102e-02,3.336366e-01,1.409606e-01,5.512865e-02,5.753777e-02
3.981594e-03,1.653325e-03,2.722290e-03,1.413796e-03,1.372025e-02,2.784255e-03,1.606542e-01,3.732582e-02,1.792273e-02,1.021399e-01,1.916712e-02,3.948900e-01,1.419351e-01,5.531061e-02,4.437915e-02
6.139413e-03,1.454873e-03,2.416064e-03,1.265803e-03,1.284575e-02,2.634864e-03,1.159427e-01,2.688747e-02,1.840491e-02,1.069137e-01,1.800457e-02,4.834846e-01,1.209280e-01,5.006436e-02,3.261307e-02
5.131834e-03,2.424070e-03,3.033464e-03,9.670714e-04,3.203989e-02,3.802737e-03,8.280892e-02,1.924697e-02,3.640620e-02,1.062390e-01,1.762286e-02,5.197475e-01,1.087507e-01,3.780135e-02,2.397751e-02
5.578624e-03,2.011257e-03,2.405787e-03,8.716260e-04,4.103422e-02,3.253409e-03,5.921449e-02,1.510392e-02,4.770270e-02,9.069278e-02,1.611626e-02,5.728309e-01,9.718061e-02,2.870809e-02,1.729532e-02
4.364557e-03,1.481768e-03,1.745505e-03,7.134429e-04,2.986857e-02,3.128961e-03,4.147752e-02,1.063989e-02,3.652233e-02,6.656053e-02,1.502010e-02,6.849771e-01,7.025215e-02,2.110555e-02,1.214207e-02
3.625420e-03,2.791514e-03,1.911075e-03,5.725495e-04,2.254573e-02,2.629857e-03,2.905477e-02,7.650097e-03,3.866902e-02,5.209505e-02,1.662890e-02,7.458317e-01,5.152960e-02,1.585989e-02,8.604812e-03
3.569183e-03,4.374277e-03,2.952876e-03,6.424319e-04,2.268371e-02,3.155711e-03,2.063674e-02,6.154263e-03,6.399839e-02,4.393432e-02,1.774092e-02,7.475739e-01,4.370295e-02,1.271390e-02,6.166365e-03
3.804190e-03,4.906892e-03,3.507905e-03,1.165253e-03,2.023869e-02,5.116893e-03,1.455325e-02,4.906041e-03,1.078286e-01,3.743888e-02,1.745522e-02,7.270935e-01,3.724927e-02,1.020657e-02,4.528819e-03
4.784321e-03,6.811499e-03,4.133284e-03,4.180182e-03,2.312834e-02,9.122567e-03,1.083316e-02,5.353920e-03,1.961487e-01,2.963160e-02,2.385697e-02,6.323166e-01,3.701270e-02,8.529148e-03,4.156908e-03
1.176163e-02,1.716811e-02,4.657406e-03,7.364323e-03,1.881842e-02,7.378510e-03,7.692434e-03,6.149047e-03,3.141901e-01,2.437125e-02,2.352106e-02,5.120542e-01,3.324254e-02,7.589270e-03,4.041672e-03
1.945094e-02,2.767152e-02,4.437327e-03,8.914539e-03,1.809960e-02,7.183197e-03,5.575596e-03,6.849072e-03,4.426821e-01,1.935987e-02,2.135800e-02,3.777858e-01,2.926354e-02,6.299331e-03,5.069531e-03
2.777005e-02,3.333589e-02,7.568480e-03,7.350766e-02,3.083713e-02,9.712702e-03,4.308198e-03,7.597893e-03,4.554683e-01,1.512298e-02,1.823243e-02,2.797271e-01,2.429648e-02,5.611746e-03,6.902921e-03
3.022870e-02,3.754350e-02,8.102191e-03,6.315806e-02,3.213998e-02,1.079957e-02,3.310258e-03,7.237450e-03,5.331558e-01,1.231696e-02,2.103026e-02,2.082124e-01,1.875870e-02,5.926351e-03,8.079801e-03
5.727894e-02,3.652272e-02,9.057681e-03,5.960110e-02,6.741148e-02,1.956221e-02,3.173490e-03,6.544854e-03,5.176255e-01,1.148305e-02,2.060538e-02,1.536524e-01,1.461210e-02,7.859651e-03,1.500949e-02
7.227261e-02,4.032252e-02,3.211979e-02,1.091082e-01,6.561743e-02,1.615872e-02,2.973805e-03,2.297336e-02,4.519559e-01,1.311093e-02,2.092342e-02,1.154499e-01,1.190834e-02,8.602204e-03,1.650295e-02
1.233735e-01,3.906509e-02,2.920687e-02,1.319759e-01,6.624341e-02,1.625753e-02,2.630152e-03,1.849045e-02,3.863488e-01,1.569756e-02,1.795197e-02,9.017573e-02,1.176060e-02,7.959267e-03,4.286311e-02
1.266262e-01,4.922672e-02,2.464260e-02,1.122588e-01,5.987793e-02,1.784855e-02,2.339233e-03,1.702255e-02,3.597597e-01,2.538963e-02,1.661381e-02,6.733908e-02,1.257206e-02,8.475766e-03,1.000074e-01
1.526073e-01,5.588512e-02,2.269077e-02,1.107642e-01,5.393934e-02,1.570055e-02,2.339035e-03,1.669091e-02,3.344109e-01,2.357169e-02,1.682881e-02,5.282689e-02,1.654206e-02,7.730854e-03,1.174715e-01
1.716350e-01,6.323098e-02,1.861758e-02,8.736382e-02,4.867547e-02,2.343547e-02,1.996119e-03,1.556302e-02,3.152830e-01,2.737182e-02,1.364850e-02,3.946446e-02,1.603749e-02,8.460294e-03,1.492170e-01
1.499053e-01,6.198571e-02,1.491064e-02,6.798479e-02,5.109399e-02,4.500510e-02,1.800120e-03,1.374430e-02,3.007840e-01,2.737083e-02,1.130190e-02,2.818700e-02,1.577862e-02,9.135636e-03,2.010121e-01
1.198410e-01,5.628654e-02,1.143087e-02,6.710800e-02,3.807127e-02,3.289801e-02,1.556772e-03,1.024648e-02,3.479233e-01,3.733290e-02,8.841304e-03,2.026629e-02,1.765096e-02,6.877942e-03,2.236683e-01
9.332135e-02,6.528463e-02,1.006709e-02,5.715399e-02,3.620465e-02,2.710837e-02,1.495179e-03,1.010792e-02,4.246659e-01,3.980180e-02,8.114764e-03,1.461185e-02,1.662107e-02,5.431678e-03,1.900097e-01
9.971567e-02,6.611820e-02,9.719210e-03,4.893599e-02,4.056116e-02,5.570967e-02,1.569826e-03,1.058149e-02,4.274220e-01,3.411302e-02,7.598514e-03,1.069011e-02,1.597487e-02,4.606999e-03,1.666832e-01
8.094852e-02,7.706607e-02,9.971824e-03,5.770151e-02,3.686710e-02,4.574334e-02,1.383807e-03,1.231897e-02,4.276692e-01,3.103219e-02,6.000825e-03,7.713444e-03,1.353853e-02,3.497991e-03,1.885466e-01
6.127701e-02,9.135206e-02,8.083712e-03,5.625442e-02,2.852663e-02,3.684356e-02,1.064038e-03,9.703525e-03,4.741288e-01,2.905818e-02,4.591321e-03,5.459351e-03,1.276156e-02,2.582223e-03,1.783136e-01
4.758522e-02,1.199234e-01,6.997897e-03,5.744518e-02,2.405265e-02,2.930976e-02,8.720586e-04,8.121888e-03,5.130066e-01,2.701442e-02,3.695413e-03,3.892430e-03,1.343765e-02,1.918508e-03,1.427269e-01
3.760351e-02,1.054918e-01,6.519657e-03,6.103873e-02,2.028156e-02,2.295695e-02,7.275527e-04,7.064912e-03,5.831668e-01,2.266588e-02,3.093749e-03,2.813252e-03,1.347569e-02,1.425412e-03,1.116745e-01
3.829673e-02,8.723409e-02,6.183487e-03,5.892789e-02,3.148396e-02,3.064609e-02,1.383493e-03,1.040100e-01,5.211419e-01,1.659253e-02,3.459534e-03,2.200537e-03,1.409296e-02,1.078630e-03,8.326810e-02
3.864390e-02,7.147895e-02,5.992985e-03,5.691651e-02,2.536087e-02,2.530161e-02,1.332061e-03,1.780015e-01,5.010983e-01,1.289437e-02,5.791407e-03,1.894367e-03,1.197946e-02,8.514079e-04,6.246239e-02
3.243334e-02,5.323119e-02,4.622340e-03,5.389523e-02,1.815684e-02,1.838027e-02,1.022533e-03,2.655740e-01,4.536570e-01,9.528640e-03,1.305334e-02,2.761352e-03,2.638069e-02,8.655767e-04,4.643773e-02
2.790205e-02,3.993995e-02,3.589224e-03,4.439256e-02,1.306632e-02,1.344367e-02,8.816412e-04,3.702222e-01,3.797699e-01,6.931434e-03,1.794379e-02,4.021120e-03,4.129481e-02,1.020814e-03,3.558060e-02
2.344920e-02,4.811123e-02,3.740796e-03,3.349065e-02,9.484588e-03,9.688361e-03,6.878141e-04,3.603568e-01,4.076627e-01,9.023286e-03,1.888269e-02,4.534398e-03,3.962365e-02,2.151820e-03,2.911199e-02
2.321585e-02,4.673714e-02,4.579740e-03,2.551293e-02,7.002572e-03,7.354180e-03,8.661689e-04,4.103783e-01,3.484324e-01,1.278448e-02,1.824307e-02,5.514892e-03,5.457012e-02,2.869562e-03,3.193867e-02
1.765284e-02,3.720379e-02,4.522123e-03,1.878245e-02,5.339685e-03,5.608130e-03,8.973776e-04,3.201819e-01,2.696216e-01,1.289853e-02,4.131503e-02,9.007124e-03,1.712676e-01,9.142205e-03,7.655972e-02
1.282694e-02,2.996731e-02,5.237497e-03,1.467145e-02,3.943225e-03,4.093211e-03,6.973371e-04,2.282388e-01,3.871943e-01,3.188517e-02,3.299415e-02,8.241986e-03,1.336628e-01,1.017245e-02,9.617344e-02
9.185672e-03,2.340146e-02,6.347673e-03,1.049659e-02,2.859793e-03,2.964614e-03,6.296980e-04,1.618180e-01,2.964894e-01,5.663124e-02,2.674709e-02,6.601007e-03,1.037765e-01,2.392989e-02,2.681214e-01
7.475081e-03,2.369134e-02,1.796822e-02,9.929417e-03,2.616974e-03,2.656854e-03,5.915520e-04,1.141350e-01,4.063931e-01,4.833401e-02,2.616900e-02,1.052076e-02,8.968891e-02,2.748277e-02,2.123470e-01
1.013965e-02,2.621027e-02,1.977054e-02,8.424121e-03,2.983422e-03,3.100938e-03,7.603869e-04,8.193269e-02,3.372378e-01,4.461470e-02,3.351215e-02,1.444532e-02,8.685420e-02,6.386741e-02,2.661464e-01
7.809838e-03,2.065840e-02,1.556157e-02,6.131856e-03,2.283696e-03,2.419010e-03,6.316652e-04,5.743502e-02,2.697156e-01,5.147122e-02,2.993905e-02,1.508011e-02,7.180521e-02,1.963268e-01,2.527310e-01
1.055159e-02,1.533462e-02,1.183186e-02,4.663436e-03,2.463226e-03,2.124755e-03,6.181395e-04,4.062134e-02,2.148002e-01,4.250521e-02,2.935204e-02,1.758584e-02,8.288397e-02,2.704892e-01,2.541747e-01
2.385096e-02,1.175810e-02,1.367315e-02,6.380613e-03,4.219660e-03,2.331514e-03,8.038463e-04,2.989381e-02,2.069562e-01,3.865088e-02,3.200490e-02,1.728924e-02,1.034296e-01,2.847132e-01,2.240444e-01
4.136731e-02,9.348467e-03,1.078727e-02,6.767231e-03,4.454799e-03,2.616171e-03,8.733041e-04,2.180669e-02,1.566102e-01,3.020001e-02,2.978587e-02,2.371335e-02,1.267861e-01,3.143311e-01,2.205521e-01
8.931337e-02,8.420696e-03,9.706957e-03,7.147577e-03,5.186515e-03,3.558480e-03,1.052102e-03,1.670891e-02,1.169985e-01,2.517940e-02,2.622772e-02,3.167757e-02,1.275703e-01,3.559225e-01,1.753294e-01
7.757294e-02,8.315356e-03,7.901987e-03,5.190295e-03,4.983336e-03,2.821071e-03,8.340077e-04,1.186299e-02,9.904908e-02,2.538872e-02,2.784999e-02,2.851122e-02,1.305556e-01,4.084622e-01,1.607012e-01
6.537097e-02,6.681565e-03,7.494260e-03,3.793518e-03,5.012061e-03,2.140407e-03,7.874308e-04,8.483121e-03,8.595861e-02,2.571427e-02,2.383888e-02,2.437952e-02,1.337619e-01,4.375508e-01,1.690327e-01
7.449223e-02,6.685521e-03,6.742622e-03,2.791403e-03,9.472338e-03,2.429304e-03,1.131459e-03,6.208468e-03,9.695394e-02,4.732064e-02,2.275755e-02,2.157221e-02,1.401970e-01,3.639557e-01,1.972895e-01
6.480528e-02,5.596640e-03,6.325874e-03,2.610330e-03,1.003383e-02,2.263258e-03,2.019940e-03,6.610384e-03,1.158417e-01,4.806026e-02,2.615533e-02,2.630212e-02,1.674881e-01,3.126080e-01,2.032789e-01
7.119213e-02,4.627140e-03,5.575857e-03,2.354001e-03,1.016737e-02,2.578845e-03,2.334902e-03,5.496467e-03,1.912504e-01,5.779911e-02,2.577623e-02,3.092167e-02,1.434199e-01,2.799639e-01,1.665420e-01
6.248127e-02,4.263084e-03,4.306329e-03,2.037871e-03,1.044914e-02,3.859960e-03,1.832042e-03,4.029439e-03,2.290987e-01,5.800604e-02,2.719899e-02,3.778180e-02,1.155848e-01,3.080819e-01,1.309886e-01
6.053978e-02,3.675499e-03,3.143646e-03,2.146827e-03,8.086356e-03,1.013352e-02,1.515635e-03,3.031190e-03,2.326092e-01,6.069411e-02,4.008269e-02,1.058128e-01,1.102188e-01,2.598105e-01,9.849932e-02
5.128380e-02,3.745724e-03,3.186198e-03,3.320891e-03,8.783359e-03,1.429751e-02,1.932817e-03,5.371615e-03,2.154106e-01,5.721202e-02,7.655808e-02,1.489836e-01,1.488548e-01,1.881981e-01,7.286084e-02
4.631729e-02,3.959768e-03,2.412238e-03,3.399995e-03,7.164509e-03,1.396219e-02,1.638888e-03,3.936298e-03,1.860210e-01,5.919595e-02,8.804820e-02,2.146758e-01,1.576122e-01,1.530661e-01,5.858961e-02
5.713313e-02,6.404543e-03,1.916382e-03,6.539127e-03,6.234885e-03,1.334520e-02,1.627161e-03,3.545131e-03,1.974635e-01,5.336696e-02,8.196370e-02,2.280251e-01,1.549937e-01,1.313584e-01,5.608308e-02
4.667162e-02,9.497449e-03,1.904283e-03,6.526973e-03,5.538692e-03,1.101618e-02,1.439655e-03,3.940942e-03,1.901843e-01,5.392194e-02,8.390364e-02,2.615102e-01,1.725006e-01,1.033217e-01,4.812172e-02
3.826628e-02,1.039966e-02,2.421406e-03,6.151662e-03,1.368569e-02,8.302281e-03,1.251829e-03,8.648174e-03,2.511398e-01,3.960539e-02,7.722408e-02,2.588667e-01,1.706126e-01,7.475960e-02,3.866485e-02
3.264448e-02,1.336968e-02,3.164244e-03,5.876560e-03,1.654523e-02,6.469275e-03,9.901519e-04,1.059789e-02,3.357761e-01,3.057562e-02,6.674486e-02,2.298877e-01,1.612151e-01,5.718568e-02,2.895740e-02
2.929009e-02,1.183058e-02,3.465311e-03,4.568750e-03,2.348543e-02,6.058412e-03,1.453065e-03,1.366813e-02,4.701679e-01,2.262348e-02,5.173172e-02,1.790542e-01,1.202723e-01,4.125910e-02,2.107156e-02
2.861699e-02,1.244827e-02,3.079855e-03,3.422811e-03,2.506830e-02,5.365653e-03,1.570627e-03,1.367624e-02,5.822065e-01,1.617827e-02,3.879385e-02,1.379270e-01,8.697526e-02,2.960290e-02,1.506755e-02
2.201069e-02,1.422527e-02,3.255097e-03,3.305866e-03,2.554946e-02,6.662637e-03,1.909904e-03,3.215329e-02,6.296048e-01,1.182232e-02,3.214622e-02,1.060220e-01,7.933421e-02,2.117732e-02,1.082090e-02
1.718485e-02,1.766293e-02,3.220141e-03,3.495130e-03,2.709290e-02,9.642731e-03,2.507210e-03,3.338932e-02,6.844850e-01,8.645279e-03,2.424383e-02,7.906836e-02,6.626193e-02,1.513501e-02,7.965410e-03
1.700574e-02,2.197297e-02,3.134317e-03,4.342233e-03,4.510199e-02,1.689144e-02,2.958450e-03,2.918827e-02,6.963519e-01,6.982138e-03,1.798597e-02,6.103535e-02,5.913094e-02,1.112313e-02,6.795108e-03
1.836706e-02,1.758376e-02,2.702345e-03,6.203532e-03,8.597660e-02,3.120181e-02,1.063793e-02,1.265201e-01,5.795395e-01,5.146415e-03,1.353104e-02,4.535287e-02,4.448518e-02,7.909098e-03,4.842681e-03
2.155781e-02,1.624217e-02,2.855678e-03,7.863201e-03,1.936034e-01,3.067549e-02,1.160828e-02,1.028672e-01,5.196220e-01,3.857955e-03,9.906604e-03,3.243719e-02,3.747370e-02,5.695509e-03,3.733854e-03
2.465500e-02,1.595736e-02,2.893463e-03,9.490212e-03,2.034378e-01,2.889905e-02,1.689275e-02,9.441409e-02,4.886174e-01,2.885639e-03,7.340283e-03,2.312782e-02,7.443370e-02,4.016173e-03,2.939291e-03
2.411966e-02,1.464441e-02,2.515028e-03,7.940014e-03,2.038877e-01,3.709206e-02,1.580508e-02,6.903902e-02,4.170029e-01,2.129515e-03,5.927111e-03,1.704090e-02,1.771142e-01,2.849291e-03,2.893217e-03
4.191259e-02,1.973817e-02,3.029217e-03,8.621941e-03,2.296217e-01,3.162909e-02,1.609525e-02,6.382216e-02,3.930543e-01,1.877654e-03,1.094344e-02,2.138648e-02,1.508337e-01,2.524646e-03,4.909730e-03
6.117465e-02,1.643884e-02,2.471883e-03,7.021557e-03,1.927852e-01,3.956094e-02,1.427881e-02,5.432522e-02,2.954216e-01,1.442366e-03,1.495008e-02,2.680152e-02,2.659481e-01,2.186984e-03,5.192257e-03
4.868354e-02,1.393863e-02,1.861929e-03,5.481035e-03,1.396736e-01,4.388031e-02,1.141126e-02,3.960057e-02,2.168783e-01,1.145702e-03,1.087937e-02,2.019035e-02,4.391038e-01,1.700217e-03,5.571363e-03
3.610286e-02,2.700540e-02,2.487886e-03,1.666567e-02,9.983855e-02,3.968671e-02,9.455743e-03,2.812914e-02,2.191974e-01,1.997905e-03,8.240218e-03,1.468189e-02,4.879043e-01,1.232224e-03,7.374179e-03
3.853485e-02,2.335839e-02,2.470623e-03,1.285497e-02,7.469357e-02,5.719521e-02,8.263176e-03,2.193757e-02,1.624175e-01,1.545201e-03,7.329905e-03,2.474757e-02,5.511611e-01,2.200996e-03,1.128943e-02
3.669571e-02,6.040677e-02,4.598914e-03,3.273843e-02,6.032053e-02,4.970922e-02,8.705771e-03,1.636418e-02,2.022064e-01,4.080688e-03,8.587102e-03,2.469896e-02,4.659933e-01,2.112859e-03,2.278106e-02
3.453363e-02,1.188084e-01,1.092631e-02,6.977627e-02,4.543054e-02,4.100358e-02,7.009902e-03,1.233021e-02,2.178362e-01,5.340614e-03,8.969661e-03,2.395822e-02,3.627791e-01,2.391723e-03,3.890567e-02
5.535336e-02,1.025999e-01,1.064688e-02,5.835930e-02,4.840657e-02,5.702520e-02,1.171963e-02,1.608747e-02,2.377347e-01,4.138655e-03,1.183235e-02,2.500710e-02,3.045611e-01,3.189284e-03,5.333836e-02
5.765023e-02,1.420507e-01,1.381784e-02,9.304990e-02,3.524256e-02,4.439840e-02,8.387473e-03,1.196666e-02,2.929357e-01,3.969913e-03,9.713335e-03,1.883950e-02,2.224587e-01,3.631429e-03,4.188759e-02
1.161453e-01,1.156218e-01,1.675498e-02,9.530666e-02,3.700297e-02,5.436576e-02,9.737154e-03,1.401113e-02,2.743332e-01,3.383650e-03,9.170545e-03,1.979746e-02,1.799796e-01,7.714814e-03,4.667494e-02
1.659969e-01,1.171123e-01,1.401417e-02,9.344659e-02,3.489395e-02,4.364868e-02,8.658476e-03,1.170294e-02,2.433510e-01,3.561471e-03,8.641928e-03,1.674598e-02,1.417421e-01,1.306118e-02,8.342233e-02
1.943417e-01,1.019426e-01,1.281927e-02,9.420736e-02,2.802679e-02,3.517937e-02,6.591448e-03,1.218396e-02,2.755878e-01,3.192906e-03,7.706853e-03,1.675211e-02,1.233008e-01,1.214845e-02,7.601862e-02
1.983607e-01,9.465931e-02,1.268448e-02,6.931978e-02,4.074481e-02,3.907430e-02,8.300618e-03,1.977967e-02,2.452381e-01,2.443749e-03,7.490307e-03,1.920380e-02,1.527695e-01,9.588074e-03,8.034270e-02
2.323208e-01,9.790920e-02,1.117633e-02,5.414508e-02,3.502072e-02,3.367484e-02,6.628906e-03,2.256252e-02,2.104171e-01,2.074247e-03,7.235118e-03,1.814640e-02,1.875397e-01,8.503668e-03,7.264537e-02
2.356507e-01,7.662794e-02,1.279597e-02,4.125555e-02,3.013851e-02,2.752161e-02,6.417478e-03,3.173203e-02,1.667079e-01,1.710439e-03,6.778316e-03,1.848332e-02,2.756121e-01,7.927854e-03,6.064034e-02
2.347605e-01,6.256627e-02,1.714593e-02,3.374226e-02,2.917821e-02,2.451770e-02,6.079427e-03,4.758522e-02,1.342429e-01,1.598389e-03,6.913230e-03,2.391693e-02,3.193798e-01,7.342655e-03,5.103061e-02
2.431327e-01,6.345837e-02,1.510155e-02,2.927758e-02,2.521203e-02,2.396691e-02,5.494421e-03,4.094536e-02,1.144932e-01,2.209815e-03,6.079230e-03,2.350790e-02,3.461956e-01,8.150194e-03,5.277517e-02
2.532383e-01,9.223618e-02,1.276350e-02,2.899353e-02,2.532054e-02,3.143086e-02,4.635573e-03,3.330024e-02,1.132212e-01,4.023040e-03,5.173086e-03,2.012295e-02,3.057713e-01,7.918371e-03,6.185150e-02
2.029373e-01,9.988369e-02,1.328998e-02,2.714714e-02,2.966103e-02,5.717235e-02,4.440007e-03,3.541714e-02,1.513078e-01,7.223987e-03,5.084246e-03,1.559447e-02,2.653564e-01,6.998880e-03,7.848562e-02
1.525155e-01,1.584553e-01,1.122629e-02,2.692318e-02,2.431389e-02,6.370857e-02,3.706893e-03,3.213355e-02,2.317123e-01,8.866165e-03,4.276248e-03,1.192359e-02,1.995127e-01,5.209331e-03,6.551652e-02
1.160966e-01,1.760218e-01,8.486696e-03,2.508046e-02,2.007322e-02,7.879440e-02,3.045398e-03,2.887972e-02,3.147510e-01,7.962037e-03,3.391497e-03,9.026427e-03,1.504857e-01,3.851644e-03,5.405329e-02
9.823534e-02,2.162665e-01,6.619554e-03,2.352215e-02,1.871476e-02,9.099762e-02,2.700120e-03,2.675537e-02,3.364725e-01,6.936078e-03,2.498581e-03,6.474250e-03,1.152055e-01,2.845471e-03,4.575621e-02
8.970201e-02,2.333140e-01,5.368050e-03,2.905053e-02,1.622377e-02,8.947690e-02,2.579977e-03,2.635900e-02,3.140633e-01,5.410328e-03,1.909327e-03,4.735558e-03,1.400467e-01,2.185736e-03,3.957494e-02
6.820310e-02,2.450199e-01,4.511249e-03,2.916788e-02,1.931505e-02,7.845941e-02,2.441734e-03,4.079781e-02,3.339024e-01,4.445978e-03,1.993172e-03,3.660261e-03,1.319917e-01,1.651646e-03,3.443881e-02
4.991208e-02,1.795622e-01,4.876112e-03,2.198651e-02,1.878081e-02,6.136917e-02,2.952264e-03,2.335576e-01,2.754292e-01,3.543462e-03,2.754985e-03,3.332800e-03,1.074620e-01,1.270509e-03,3.321034e-02
3.613393e-02,1.270533e-01,4.360329e-03,1.608962e-02,1.456897e-02,4.648802e-02,2.556794e-03,4.371411e-01,2.027555e-01,2.606823e-03,2.831260e-03,2.570737e-03,7.770345e-02,9.395746e-04,2.620070e-02
2.679775e-02,8.964554e-02,5.433612e-03,1.163412e-02,1.193796e-02,3.335053e-02,2.184342e-03,5.917337e-01,1.447327e-01,1.865626e-03,2.247195e-03,1.852249e-03,5.685115e-02,6.797862e-04,1.905376e-02
2.038289e-02,6.339462e-02,5.482309e-03,8.696595e-03,1.130412e-02,2.433727e-02,2.243481e-03,6.972409e-01,1.038858e-01,1.360824e-03,2.095673e-03,1.400203e-03,4.320339e-02,5.039595e-04,1.446794e-02
1.632733e-02,4.479788e-02,4.518555e-03,6.570258e-03,1.366512e-02,1.746128e-02,2.455721e-03,7.706953e-01,7.433831e-02,1.025875e-03,2.042852e-03,1.171039e-03,3.235744e-02,3.854392e-04,1.218763e-02
1.578155e-02,3.167576e-02,3.750314e-03,5.351218e-03,2.592349e-02,1.321223e-02,2.856238e-03,8.038756e-01,5.320299e-02,9.849224e-04,3.013375e-03,1.208689e-03,2.489548e-02,3.673269e-04,1.390078e-02
1.529806e-02,2.236945e-02,3.226903e-03,4.619515e-03,2.903673e-02,9.799475e-03,2.334478e-03,8.410861e-01,3.783183e-02,7.493487e-04,2.552264e-03,1.014506e-03,1.812346e-02,3.080631e-04,1.164980e-02
1.881164e-02,1.626719e-02,4.288825e-03,4.684090e-03,2.484793e-02,7.531142e-03,2.015944e-03,8.647493e-01,2.726273e-02,5.798820e-04,2.121802e-03,1.039174e-03,1.574389e-02,2.835380e-04,9.772987e-03
2.193492e-02,1.184940e-02,4.667659e-03,4.664808e-03,2.139432e-02,5.995632e-03,1.851384e-03,8.768229e-01,1.968808e-02,4.990963e-04,1.803703e-03,1.209642e-03,1.886727e-02,2.711861e-04,8.480023e-03
2.984401e-02,9.124594e-03,4.459403e-03,5.749071e-03,2.142813e-02,4.911424e-03,1.813918e-03,8.779843e-01,1.469049e-02,4.448665e-04,1.483774e-03,1.136784e-03,2.042539e-02,2.365452e-04,6.267419e-03
3.396040e-02,7.003707e-03,4.033972e-03,6.934613e-03,1.697377e-02,4.035375e-03,1.688231e-03,8.908328e-01,1.051769e-02,3.790158e-04,1.267418e-03,1.046508e-03,1.629296e-02,2.084824e-04,4.825100e-03
3.598431e-02,5.339351e-03,3.982266e-03,6.579192e-03,1.306651e-02,3.234903e-03,1.553846e-03,9.035544e-01,7.507213e-03,3.338914e-04,1.045235e-03,9.643353e-04,1.268204e-02,1.989687e-04,3.973595e-03
4.456601e-02,4.100595e-03,4.734871e-03,5.809495e-03,1.020119e-02,2.977219e-03,2.290383e-03,9.035979e-01,5.419989e-03,3.301983e-04,9.157090e-04,1.068066e-03,9.930352e-03,2.377748e-04,3.820302e-03
5.025619e-02,3.103112e-03,4.916556e-03,5.074590e-03,8.068294e-03,2.810762e-03,2.431463e-03,9.061062e-01,3.991723e-03,3.497254e-04,7.740523e-04,1.035271e-03,7.242390e-03,2.819584e-04,3.557807e-03
7.353436e-02,2.549893e-03,7.174027e-03,5.565573e-03,6.650014e-03,3.328410e-03,3.189214e-03,8.810271e-01,3.342404e-03,6.394871e-04,1.402840e-03,1.702616e-03,5.571079e-03,4.461285e-04,3.876869e-03
1.624739e-01,2.609866e-03,6.560700e-03,5.549782e-03,6.240326e-03,5.817072e-03,3.557205e-03,7.790878e-01,4.334006e-03,1.527081e-03,3.197332e-03,5.534049e-03,5.671947e-03,9.768322e-04,6.862054e-03
1.439643e-01,7.447899e-03,5.894048e-03,2.110934e-02,5.888553e-03,1.618180e-02,3.329354e-03,5.998430e-01,6.451906e-02,3.147125e-03,7.650489e-03,1.320077e-02,3.692635e-02,4.467173e-03,6.643075e-02
1.057912e-01,1.814637e-02,4.586563e-03,3.568973e-02,5.398404e-03,1.220004e-02,2.502810e-03,4.318219e-01,2.236483e-01,7.287748e-03,9.445524e-03,1.233489e-02,5.343239e-02,4.781458e-03,7.293271e-02
8.610052e-02,2.266200e-02,3.463846e-03,4.529866e-02,7.689501e-03,9.273296e-03,2.065059e-03,3.155966e-01,3.574305e-01,8.863450e-03,1.083693e-02,1.081880e-02,4.913171e-02,4.583505e-03,6.618565e-02
6.949452e-02,3.641414e-02,2.840421e-03,5.412466e-02,7.297155e-03,6.838570e-03,1.810020e-03,2.280690e-01,4.568794e-01,1.343115e-02,1.453628e-02,9.133228e-03,4.294758e-02,3.699126e-03,5.248476e-02
5.200929e-02,2.778317e-02,2.156730e-03,4.136642e-02,6.226756e-03,4.903007e-03,1.684997e-03,1.637890e-01,5.922623e-01,1.064801e-02,1.269343e-02,6.813456e-03,3.566995e-02,2.856843e-03,3.913669e-02
3.773680e-02,2.294141e-02,2.012977e-03,3.485667e-02,5.059214e-03,3.501556e-03,1.262830e-03,1.152423e-01,6.964802e-01,8.088260e-03,9.420640e-03,4.991492e-03,2.751177e-02,2.374129e-03,2.851991e-02
2.984993e-02,2.256315e-02,2.320540e-03,2.877481e-02,4.096202e-03,3.030030e-03,1.172115e-03,8.159979e-02,7.429746e-01,6.600763e-03,8.590583e-03,6.668449e-03,3.124621e-02,7.809972e-03,2.270300e-02
3.974832e-02,2.255133e-02,2.306324e-03,2.390877e-02,6.055857e-03,4.972775e-03,1.678684e-03,6.104267e-02,6.518868e-01,5.655108e-03,1.968159e-02,2.049920e-02,8.418928e-02,1.731273e-02,3.851065e-02
3.320199e-02,1.845497e-02,2.142953e-03,1.755817e-02,5.123724e-03,4.002795e-03,2.176658e-03,4.328119e-02,6.709220e-01,4.855002e-03,1.567872e-02,2.825651e-02,9.671111e-02,2.594981e-02,3.168437e-02
2.677659e-02,1.309318e-02,1.590423e-03,1.370206e-02,4.376329e-03,4.145219e-03,2.083610e-03,3.037140e-02,4.842238e-01,3.833239e-03,1.328925e-02,1.782321e-01,1.549003e-01,4.357335e-02,2.580909e-02
4.815545e-02,9.364294e-03,1.258421e-03,1.067524e-02,4.055133e-03,5.945778e-03,2.557524e-03,2.145919e-02,3.525735e-01,3.486020e-03,1.198103e-02,1.808612e-01,1.921341e-01,1.326095e-01,2.288355e-02
4.268919e-02,6.923218e-03,9.686188e-04,7.865563e-03,3.143095e-03,8.422021e-03,2.491919e-03,1.512352e-02,2.532371e-01,4.548549e-03,1.236307e-02,3.063964e-01,1.879783e-01,1.294928e-01,1.835653e-02
3.179583e-02,5.045549e-03,7.170403e-04,5.710682e-03,2.452640e-03,1.085363e-02,2.370212e-03,1.064614e-02,1.835934e-01,4.549560e-03,1.527948e-02,4.221446e-01,1.811443e-01,1.085878e-01,1.510908e-02
