1.000000e+00,0.000000e+00,0.000000e+00,0.000000e+00,0.000000e+00,0.000000e+00,0.000000e+00,0.000000e+00,0.000000e+00,0.000000e+00,0.000000e+00,0.000000e+00,0.000000e+00,0.000000e+00,0.000000e+00
1.000000e+00,0.000000e+00,0.000000e+00,0.000000e+00,0.000000e+00,0.000000e+00,0.000000e+00,0.000000e+00,0.000000e+00,0.000000e+00,0.000000e+00,0.000000e+00,0.000000e+00,0.000000e+00,0.000000e+00
1.000000e+00,0.000000e+00,0.000000e+00,0.000000e+00,0.000000e+00,0.000000e+00,0.000000e+00,0.000000e+00,0.000000e+00,0.000000e+00,0.000000e+00,0.000000e+00,0.000000e+00,0.000000e+00,0.000000e+00
1.000000e+00,0.000000e+00,0.000000e+00,0.000000e+00,0.000000e+00,0.000000e+00,0.000000e+00,0.000000e+00,0.000000e+00,0.000000e+00,0.000000e+00,0.000000e+00,0.000000e+00,0.000000e+00,0.000000e+00
1.000000e+00,0.000000e+00,0.000000e+00,0.000000e+00,0.000000e+00,0.000000e+00,0.000000e+00,0.000000e+00,0.000000e+00,0.000000e+00,0.000000e+00,0.000000e+00,0.000000e+00,0.000000e+00,0.000000e+00
1.000000e+00,0.000000e+00,0.000000e+00,0.000000e+00,0.000000e+00,0.000000e+00,0.000000e+00,0.000000e+00,0.000000e+00,0.000000e+00,0.000000e+00,0.000000e+00,0.000000e+00,0.000000e+00,0.000000e+00
1.000000e+00,0.000000e+00,0.000000e+00,0.000000e+00,0.000000e+00,0.000000e+00,0.000000e+00,0.000000e+00,0.000000e+00,0.000000e+00,0.000000e+00,0.000000e+00,0.000000e+00,0.000000e+00,0.000000e+00
1.000000e+00,0.000000e+00,0.000000e+00,0.000000e+00,0.000000e+00,0.000000e+00,0.000000e+00,0.000000e+00,0.000000e+00,0.000000e+00,0.000000e+00,0.000000e+00,0.000000e+00,0.000000e+00,0.000000e+00
1.000000e+00,0.000000e+00,0.000000e+00,0.000000e+00,0.000000e+00,0.000000e+00,0.000000e+00,0.000000e+00,0.000000e+00,0.000000e+00,0.000000e+00,0.000000e+00,0.000000e+00,0.000000e+00,0.000000e+00
1.000000e+00,0.000000e+00,0.000000e+00,0.000000e+00,0.000000e+00,0.000000e+00,0.000000e+00,0.000000e+00,0.000000e+00,0.000000e+00,0.000000e+00,0.000000e+00,0.000000e+00,0.000000e+00,0.000000e+00
1.000000e+00,0.000000e+00,0.000000e+00,0.000000e+00,0.000000e+00,0.000000e+00,0.000000e+00,0.000000e+00,0.000000e+00,0.000000e+00,0.000000e+00,0.000000e+00,0.000000e+00,0.000000e+00,0.000000e+00
1.000000e+00,0.000000e+00,0.000000e+00,0.000000e+00,0.000000e+00,0.000000e+00,0.000000e+00,0.000000e+00,0.000000e+00,0.000000e+00,0.000000e+00,0.000000e+00,0.000000e+00,0.000000e+00,0.000000e+00
1.000000e+00,0.000000e+00,0.000000e+00,0.000000e+00,0.000000e+00,0.000000e+00,0.000000e+00,0.000000e+00,0.000000e+00,0.000000e+00,0.000000e+00,0.000000e+00,0.000000e+00,0.000000e+00,0.000000e+00
1.000000e+00,0.000000e+00,0.000000e+00,0.000000e+00,0.000000e+00,0.000000e+00,0.000000e+00,0.000000e+00,0.000000e+00,0.000000e+00,0.000000e+00,0.000000e+00,0.000000e+00,0.000000e+00,0.000000e+00
1.000000e+00,0.000000e+00,0.000000e+00,0.000000e+00,0.000000e+00,0.000000e+00,0.000000e+00,0.000000e+00,0.000000e+00,0.000000e+00,0.000000e+00,0.000000e+00,0.000000e+00,0.000000e+00,0.000000e+00
1.000000e+00,0.000000e+00,0.000000e+00,0.000000e+00,0.000000e+00,0.000000e+00,0.000000e+00,0.000000e+00,0.000000e+00,0.000000e+00,0.000000e+00,0.000000e+00,0.000000e+00,0.000000e+00,0.000000e+00
1.000000e+00,0.000000e+00,0.000000e+00,0.000000e+00,0.000000e+00,0.000000e+00,0.000000e+00,0.000000e+00,0.000000e+00,0.000000e+00,0.000000e+00,0.000000e+00,0.000000e+00,0.000000e+00,0.000000e+00
1.000000e+00,0.000000e+00,0.000000e+00,0.000000e+00,0.000000e+00,0.000000e+00,0.000000e+00,0.000000e+00,0.000000e+00,0.000000e+00,0.000000e+00,0.000000e+00,0.000000e+00,0.000000e+00,0.000000e+00
1.000000e+00,0.000000e+00,0.000000e+00,0.000000e+00,0.000000e+00,0.000000e+00,0.000000e+00,0.000000e+00,0.000000e+00,0.000000e+00,0.000000e+00,0.000000e+00,0.000000e+00,0.000000e+00,0.000000e+00
1.000000e+00,0.000000e+00,0.000000e+00,0.000000e+00,0.000000e+00,0.000000e+00,0.000000e+00,0.000000e+00,0.000000e+00,0.000000e+00,0.000000e+00,0.000000e+00,0.000000e+00,0.000000e+00,0.000000e+00
1.000000e+00,0.000000e+00,0.000000e+00,0.000000e+00,0.000000e+00,0.000000e+00,0.000000e+00,0.000000e+00,0.000000e+00,0.000000e+00,0.000000e+00,0.000000e+00,0.000000e+00,0.000000e+00,0.000000e+00
1.000000e+00,0.000000e+00,0.000000e+00,0.000000e+00,0.000000e+00,0.000000e+00,0.000000e+00,0.000000e+00,0.000000e+00,0.000000e+00,0.000000e+00,0.000000e+00,0.000000e+00,0.000000e+00,0.000000e+00
1.000000e+00,0.000000e+00,0.000000e+00,0.000000e+00,0.000000e+00,0.000000e+00,0.000000e+00,0.000000e+00,0.000000e+00,0.000000e+00,0.000000e+00,0.000000e+00,0.000000e+00,0.000000e+00,0.000000e+00
1.000000e+00,0.000000e+00,0.000000e+00,0.000000e+00,0.000000e+00,0.000000e+00,0.000000e+00,0.000000e+00,0.000000e+00,0.000000e+00,0.000000e+00,0.000000e+00,0.000000e+00,0.000000e+00,0.000000e+00
1.000000e+00,0.000000e+00,0.000000e+00,0.000000e+00,0.000000e+00,0.000000e+00,0.000000e+00,0.000000e+00,0.000000e+00,0.000000e+00,0.000000e+00,0.000000e+00,0.000000e+00,0.000000e+00,0.000000e+00
1.000000e+00,0.000000e+00,0.000000e+00,0.000000e+00,0.000000e+00,0.000000e+00,0.000000e+00,0.000000e+00,0.000000e+00,0.000000e+00,0.000000e+00,0.000000e+00,0.000000e+00,0.000000e+00,0.000000e+00
1.000000e+00,0.000000e+00,0.000000e+00,0.000000e+00,0.000000e+00,0.000000e+00,0.000000e+00,0.000000e+00,0.000000e+00,0.000000e+00,0.000000e+00,0.000000e+00,0.000000e+00,0.000000e+00,0.000000e+00
1.000000e+00,0.000000e+00,0.000000e+00,0.000000e+00,0.000000e+00,0.000000e+00,0.000000e+00,0.000000e+00,0.000000e+00,0.000000e+00,0.000000e+00,0.000000e+00,0.000000e+00,0.000000e+00,0.000000e+00
1.000000e+00,0.000000e+00,0.000000e+00,0.000000e+00,0.000000e+00,0.000000e+00,0.000000e+00,0.000000e+00,0.000000e+00,0.000000e+00,0.000000e+00,0.000000e+00,0.000000e+00,0.000000e+00,0.000000e+00
1.000000e+00,0.000000e+00,0.000000e+00,0.000000e+00,0.000000e+00,0.000000e+00,0.000000e+00,0.000000e+00,0.000000e+00,0.000000e+00,0.000000e+00,0.000000e+00,0.000000e+00,0.000000e+00,0.000000e+00
1.000000e+00,0.000000e+00,0.000000e+00,0.000000e+00,0.000000e+00,0.000000e+00,0.000000e+00,0.000000e+00,0.000000e+00,0.000000e+00,0.000000e+00,0.000000e+00,0.000000e+00,0.000000e+00,0.000000e+00
1.000000e+00,0.000000e+00,0.000000e+00,0.000000e+00,0.000000e+00,0.000000e+00,0.000000e+00,0.000000e+00,0.000000e+00,0.000000e+00,0.000000e+00,0.000000e+00,0.000000e+00,0.000000e+00,0.000000e+00
1.000000e+00,0.000000e+00,0.000000e+00,0.000000e+00,0.000000e+00,0.000000e+00,0.000000e+00,0.000000e+00,0.000000e+00,0.000000e+00,0.000000e+00,0.000000e+00,0.000000e+00,0.000000e+00,0.000000e+00
1.000000e+00,0.000000e+00,0.000000e+00,0.000000e+00,0.000000e+00,0.000000e+00,0.000000e+00,0.000000e+00,0.000000e+00,0.000000e+00,0.000000e+00,0.000000e+00,0.000000e+00,0.000000e+00,0.000000e+00
1.000000e+00,0.000000e+00,0.000000e+00,0.000000e+00,0.000000e+00,0.000000e+00,0.000000e+00,0.000000e+00,0.000000e+00,0.000000e+00,0.000000e+00,0.000000e+00,0.000000e+00,0.000000e+00,0.000000e+00
1.000000e+00,0.000000e+00,0.000000e+00,0.000000e+00,0.000000e+00,0.000000e+00,0.000000e+00,0.000000e+00,0.000000e+00,0.000000e+00,0.000000e+00,0.000000e+00,0.000000e+00,0.000000e+00,0.000000e+00
1.000000e+00,0.000000e+00,0.000000e+00,0.000000e+00,0.000000e+00,0.000000e+00,0.000000e+00,0.000000e+00,0.000000e+00,0.000000e+00,0.000000e+00,0.000000e+00,0.000000e+00,0.000000e+00,0.000000e+00
1.000000e+00,0.000000e+00,0.000000e+00,0.000000e+00,0.000000e+00,0.000000e+00,0.000000e+00,0.000000e+00,0.000000e+00,0.000000e+00,0.000000e+00,0.000000e+00,0.000000e+00,0.000000e+00,0.000000e+00
1.000000e+00,0.000000e+00,0.000000e+00,0.000000e+00,0.000000e+00,0.000000e+00,0.000000e+00,0.000000e+00,0.000000e+00,0.000000e+00,0.000000e+00,0.000000e+00,0.000000e+00,0.000000e+00,0.000000e+00
1.000000e+00,0.000000e+00,0.000000e+00,0.000000e+00,0.000000e+00,0.000000e+00,0.000000e+00,0.000000e+00,0.000000e+00,0.000000e+00,0.000000e+00,0.000000e+00,0.000000e+00,0.000000e+00,0.000000e+00
1.000000e+00,0.000000e+00,0.000000e+00,0.000000e+00,0.000000e+00,0.000000e+00,0.000000e+00,0.000000e+00,0.000000e+00,0.000000e+00,0.000000e+00,0.000000e+00,0.000000e+00,0.000000e+00,0.000000e+00
1.000000e+00,0.000000e+00,0.000000e+00,0.000000e+00,0.000000e+00,0.000000e+00,0.000000e+00,0.000000e+00,0.000000e+00,0.000000e+00,0.000000e+00,0.000000e+00,0.000000e+00,0.000000e+00,0.000000e+00
1.000000e+00,0.000000e+00,0.000000e+00,0.000000e+00,0.000000e+00,0.000000e+00,0.000000e+00,0.000000e+00,0.000000e+00,0.000000e+00,0.000000e+00,0.000000e+00,0.000000e+00,0.000000e+00,0.000000e+00
1.000000e+00,0.000000e+00,0.000000e+00,0.000000e+00,0.000000e+00,0.000000e+00,0.000000e+00,0.000000e+00,0.000000e+00,0.000000e+00,0.000000e+00,0.000000e+00,0.000000e+00,0.000000e+00,0.000000e+00
1.000000e+00,0.000000e+00,0.000000e+00,0.000000e+00,0.000000e+00,0.000000e+00,0.000000e+00,0.000000e+00,0.000000e+00,0.000000e+00,0.000000e+00,0.000000e+00,0.000000e+00,0.000000e+00,0.000000e+00
1.000000e+00,0.000000e+00,0.000000e+00,0.000000e+00,0.000000e+00,0.000000e+00,0.000000e+00,0.000000e+00,0.000000e+00,0.000000e+00,0.000000e+00,0.000000e+00,0.000000e+00,0.000000e+00,0.000000e+00
1.000000e+00,0.000000e+00,0.000000e+00,0.000000e+00,0.000000e+00,0.000000e+00,0.000000e+00,0.000000e+00,0.000000e+00,0.000000e+00,0.000000e+00,0.000000e+00,0.000000e+00,0.000000e+00,0.000000e+00
1.000000e+00,0.000000e+00,0.000000e+00,0.000000e+00,0.000000e+00,0.000000e+00,0.000000e+00,0.000000e+00,0.000000e+00,0.000000e+00,0.000000e+00,0.000000e+00,0.000000e+00,0.000000e+00,0.000000e+00
1.000000e+00,0.000000e+00,0.000000e+00,0.000000e+00,0.000000e+00,0.000000e+00,0.000000e+00,0.000000e+00,0.000000e+00,0.000000e+00,0.000000e+00,0.000000e+00,0.000000e+00,0.000000e+00,0.000000e+00
1.000000e+00,0.000000e+00,0.000000e+00,0.000000e+00,0.000000e+00,0.000000e+00,0.000000e+00,0.000000e+00,0.000000e+00,0.000000e+00,0.000000e+00,0.000000e+00,0.000000e+00,0.000000e+00,0.000000e+00
3.730156e-01,4.188185e-02,1.089990e-02,1.306111e-01,1.524319e-02,6.475395e-02,1.974367e-02,2.255434e-02,2.160637e-02,3.491268e-03,1.268495e-02,1.832075e-01,6.703214e-02,2.778416e-03,3.049569e-02
2.700232e-01,4.206494e-02,1.362520e-02,1.703753e-01,1.815554e-02,7.062978e-02,2.278222e-02,4.808191e-02,2.324754e-02,3.053915e-03,1.331215e-02,2.012528e-01,7.265865e-02,2.319890e-03,2.841689e-02
1.970813e-01,3.867257e-02,1.962357e-02,2.117781e-01,2.160704e-02,7.250278e-02,2.282904e-02,4.867309e-02,2.439890e-02,2.744400e-03,1.750432e-02,2.272136e-01,6.799866e-02,2.331338e-03,2.504125e-02
1.469411e-01,3.751557e-02,2.311205e-02,2.648321e-01,2.529838e-02,5.983678e-02,1.957143e-02,6.338987e-02,2.825954e-02,2.833886e-03,1.857567e-02,2.188653e-01,6.526659e-02,2.192089e-03,2.350956e-02
1.360102e-01,4.425954e-02,2.189168e-02,2.768123e-01,3.510895e-02,5.227204e-02,1.863163e-02,5.093514e-02,3.647272e-02,3.704583e-03,2.534555e-02,2.035973e-01,6.335303e-02,3.232880e-03,2.837249e-02
1.788868e-01,4.606529e-02,1.936585e-02,2.550846e-01,3.611397e-02,4.743642e-02,1.558255e-02,3.994067e-02,3.683598e-02,4.251009e-03,2.997988e-02,1.860546e-01,6.525381e-02,4.585963e-03,3.456270e-02
2.098694e-01,4.345318e-02,1.776243e-02,2.336476e-01,3.909315e-02,4.919238e-02,1.405500e-02,3.560268e-02,3.452365e-02,4.293142e-03,3.231264e-02,1.789751e-01,6.799355e-02,4.882150e-03,3.434391e-02
1.985962e-01,4.473102e-02,3.414430e-02,2.923315e-01,3.676750e-02,4.068853e-02,1.142966e-02,3.404734e-02,3.160203e-02,4.142236e-03,2.891781e-02,1.461204e-01,5.630318e-02,4.300497e-03,3.587781e-02
2.522691e-01,4.562234e-02,3.586792e-02,2.740681e-01,3.295667e-02,3.728680e-02,9.608634e-03,2.785400e-02,2.912901e-02,4.140134e-03,2.833352e-02,1.237155e-01,5.432047e-02,4.411072e-03,4.041686e-02
3.251047e-01,3.767637e-02,2.937322e-02,2.065489e-01,2.573495e-02,5.867956e-02,1.162485e-02,2.332635e-02,2.452872e-02,3.632873e-03,2.766244e-02,1.065020e-01,7.638310e-02,5.822426e-03,3.739954e-02
4.219514e-01,3.040114e-02,2.238603e-02,1.509433e-01,1.920322e-02,9.638183e-02,1.037917e-02,1.765904e-02,1.935903e-02,3.148589e-03,2.263466e-02,7.971562e-02,6.736319e-02,5.537957e-03,3.293588e-02
3.841790e-01,4.760641e-02,2.772454e-02,1.573895e-01,1.543432e-02,9.531932e-02,1.041506e-02,1.704277e-02,2.942686e-02,3.819702e-03,2.087919e-02,6.385953e-02,6.623830e-02,5.511090e-03,5.515435e-02
2.720649e-01,3.825152e-02,2.226357e-02,2.681602e-01,1.101520e-02,6.736724e-02,7.451181e-03,1.214238e-02,8.677479e-02,5.960315e-03,1.658223e-02,4.512268e-02,5.057338e-02,4.014732e-03,9.225568e-02
3.046734e-01,3.897372e-02,1.922693e-02,2.567652e-01,1.198240e-02,5.300400e-02,6.669357e-03,9.395082e-03,7.945035e-02,6.374408e-03,2.124663e-02,3.478152e-02,5.375263e-02,3.729801e-03,9.997460e-02
2.638780e-01,3.588017e-02,4.708043e-02,2.716606e-01,9.407060e-03,3.974728e-02,5.170536e-03,9.161498e-03,7.526779e-02,9.449191e-03,1.750547e-02,2.715596e-02,4.460340e-02,3.587635e-03,1.404449e-01
4.543397e-01,2.709471e-02,3.547587e-02,1.966093e-01,7.184967e-03,3.238231e-02,3.953522e-03,7.231847e-03,5.539396e-02,7.009604e-03,1.388895e-02,2.103464e-02,3.402378e-02,2.813159e-03,1.015636e-01
4.798331e-01,3.293048e-02,3.495505e-02,1.754527e-01,6.188834e-03,2.630031e-02,3.126183e-03,5.966538e-03,6.655890e-02,8.516084e-03,1.255687e-02,1.772070e-02,3.042755e-02,2.473821e-03,9.699293e-02
1.000000e+00,0.000000e+00,0.000000e+00,0.000000e+00,0.000000e+00,0.000000e+00,0.000000e+00,0.000000e+00,0.000000e+00,0.000000e+00,0.000000e+00,0.000000e+00,0.000000e+00,0.000000e+00,0.000000e+00
1.000000e+00,0.000000e+00,0.000000e+00,0.000000e+00,0.000000e+00,0.000000e+00,0.000000e+00,0.000000e+00,0.000000e+00,0.000000e+00,0.000000e+00,0.000000e+00,0.000000e+00,0.000000e+00,0.000000e+00
1.000000e+00,0.000000e+00,0.000000e+00,0.000000e+00,0.000000e+00,0.000000e+00,0.000000e+00,0.000000e+00,0.000000e+00,0.000000e+00,0.000000e+00,0.000000e+00,0.000000e+00,0.000000e+00,0.000000e+00
3.971669e-01,1.301999e-02,1.209902e-02,5.645347e-02,2.649198e-03,6.424703e-02,2.715235e-03,2.195831e-03,2.992029e-02,4.359072e-03,1.379562e-02,9.204880e-02,2.365504e-01,1.171144e-02,6.106770e-02
3.212044e-01,1.026100e-02,8.787938e-03,4.005947e-02,2.684619e-03,5.006068e-02,3.235696e-03,1.642888e-03,2.641019e-02,5.625539e-03,1.230950e-02,1.402707e-01,2.230609e-01,5.251048e-02,1.018761e-01
2.447333e-01,7.535070e-03,6.301991e-03,2.841012e-02,2.182590e-03,7.021673e-02,5.109545e-03,1.317297e-03,2.087881e-02,5.189430e-03,1.169496e-02,2.849551e-01,1.911472e-01,4.198830e-02,7.833969e-02
1.889248e-01,5.495755e-03,4.809948e-03,2.034805e-02,1.841242e-03,1.237950e-01,1.213899e-02,1.458960e-03,1.532382e-02,4.889246e-03,1.173997e-02,3.695073e-01,1.511030e-01,3.152072e-02,5.710323e-02
1.445564e-01,3.930066e-03,3.520887e-03,1.444051e-02,1.511703e-03,1.068308e-01,1.076299e-02,1.491193e-03,1.124064e-02,4.667218e-03,1.282263e-02,5.110881e-01,1.095111e-01,2.325936e-02,4.036643e-02
1.085722e-01,2.863134e-03,2.614615e-03,1.046477e-02,1.721103e-03,8.586823e-02,8.556855e-03,1.588616e-03,8.415569e-03,5.570209e-03,1.770729e-02,6.222333e-01,7.777262e-02,1.748987e-02,2.856173e-02
1.064253e-01,2.513769e-03,2.114107e-03,8.503618e-03,3.411520e-03,7.276616e-02,7.285425e-03,2.228596e-03,1.012281e-02,8.630153e-03,2.786221e-02,6.548395e-01,5.621782e-02,1.582938e-02,2.124970e-02
8.316513e-02,2.519211e-03,2.823627e-03,7.250122e-03,2.240296e-02,6.718872e-02,7.624706e-03,3.087060e-03,1.825583e-02,1.276713e-02,2.950520e-02,6.641816e-01,4.111668e-02,2.198291e-02,1.612915e-02
5.854406e-02,1.867065e-03,2.088179e-03,5.250159e-03,1.892230e-02,5.213125e-02,5.442344e-03,2.343180e-03,1.504237e-02,9.720861e-03,2.277370e-02,7.464584e-01,2.933160e-02,1.868844e-02,1.139614e-02
4.139091e-02,1.505319e-03,1.899603e-03,3.877523e-03,1.864850e-02,4.384556e-02,3.997427e-03,2.212483e-03,1.439556e-02,7.389512e-03,1.955467e-02,7.963820e-01,2.182261e-02,1.494947e-02,8.128918e-03
2.913878e-02,1.165352e-03,1.714983e-03,2.875154e-03,1.441909e-02,3.454712e-02,2.857656e-03,1.631067e-03,1.248996e-02,5.510865e-03,1.538256e-02,8.419170e-01,1.613214e-02,1.442994e-02,5.788324e-03
2.134096e-02,1.491116e-03,4.263996e-03,2.387537e-03,1.930571e-02,2.722609e-02,2.095334e-03,1.380455e-03,2.294008e-02,5.072794e-03,1.503154e-02,8.449763e-01,1.404504e-02,1.413052e-02,4.312612e-03
1.920915e-02,1.980747e-03,6.059391e-03,2.286079e-03,1.802717e-02,2.416367e-02,1.676061e-03,1.664486e-03,2.339803e-02,5.662205e-03,1.648900e-02,8.378146e-01,1.267207e-02,2.560385e-02,3.293565e-03
1.920980e-02,1.652124e-03,4.575110e-03,2.908081e-03,1.736563e-02,2.228275e-02,1.287896e-03,1.699802e-03,2.196722e-02,5.995399e-03,1.605245e-02,8.436725e-01,1.149501e-02,2.730017e-02,2.536083e-03
4.828696e-02,3.121495e-03,5.185833e-03,5.583833e-03,3.619374e-02,1.887422e-02,1.117069e-03,5.233495e-03,8.673719e-02,6.117082e-03,1.770302e-02,7.108364e-01,1.401684e-02,3.841925e-02,2.573588e-03
5.766309e-02,3.154037e-03,4.845183e-03,7.484938e-03,3.371823e-02,1.671783e-02,8.758737e-04,5.879518e-03,1.255928e-01,6.724636e-03,2.629234e-02,6.363325e-01,1.509719e-02,5.651546e-02,3.106335e-03
6.725455e-02,3.764736e-03,5.773711e-03,8.787952e-03,3.993418e-02,1.565697e-02,7.587509e-04,5.682229e-03,1.564261e-01,7.115001e-03,4.268175e-02,5.573947e-01,1.625905e-02,6.934180e-02,3.168510e-03
5.391204e-02,3.286769e-03,4.486481e-03,8.074027e-03,3.507758e-02,1.375954e-02,5.877994e-04,5.421685e-03,1.683764e-01,6.490353e-03,4.938933e-02,5.443877e-01,2.472757e-02,7.913461e-02,2.888089e-03
4.444903e-02,3.484863e-03,4.359194e-03,8.458440e-03,6.452957e-02,1.597061e-02,6.139689e-04,1.707971e-02,2.161886e-01,5.859815e-03,4.808002e-02,4.670422e-01,3.466020e-02,6.658080e-02,2.642994e-03
4.662670e-02,4.417226e-03,4.893389e-03,1.065051e-02,8.117911e-02,1.613344e-02,6.926307e-04,2.338568e-02,2.581649e-01,5.992337e-03,5.633698e-02,3.835869e-01,4.238450e-02,6.192388e-02,3.631860e-03
3.955637e-02,4.581753e-03,9.851631e-03,1.119305e-02,7.335332e-02,1.447908e-02,6.479092e-04,1.425059e-01,2.710398e-01,5.009268e-03,5.023800e-02,2.847805e-01,3.829135e-02,5.136833e-02,3.103786e-03
4.186580e-02,5.177117e-03,1.559414e-02,2.016730e-02,1.349819e-01,1.367796e-02,8.463846e-04,1.712358e-01,2.533417e-01,4.548425e-03,4.812791e-02,2.159383e-01,3.241683e-02,3.872656e-02,3.353884e-03
4.090808e-02,1.445274e-02,2.619682e-02,4.399785e-02,1.162291e-01,2.102151e-02,9.924606e-04,1.543206e-01,3.249233e-01,3.960316e-03,3.970573e-02,1.546988e-01,2.417165e-02,2.909700e-02,5.324146e-03
4.691643e-02,1.539996e-02,4.437864e-02,3.664759e-02,1.492116e-01,2.868296e-02,3.049223e-03,1.793796e-01,3.011424e-01,3.462933e-03,3.504702e-02,1.103214e-01,1.776069e-02,2.243807e-02,6.161431e-03
4.329688e-02,1.189967e-02,1.193595e-01,5.563724e-02,1.387055e-01,2.376870e-02,4.975216e-03,2.379027e-01,2.241397e-01,2.571777e-03,2.621711e-02,7.787079e-02,1.303552e-02,1.592396e-02,4.695830e-03
5.848987e-02,1.146125e-02,1.404110e-01,5.958815e-02,1.969287e-01,2.029535e-02,1.282000e-02,2.223201e-01,1.756762e-01,1.891910e-03,2.009937e-02,5.479903e-02,9.569530e-03,1.206358e-02,3.585985e-03
7.506733e-02,1.262817e-02,1.415251e-01,4.574088e-02,3.166328e-01,2.811988e-02,1.063195e-02,1.570384e-01,1.381278e-01,1.403302e-03,1.505249e-02,3.882820e-02,7.089883e-03,9.297051e-03,2.816828e-03
6.964676e-02,1.334945e-02,1.251096e-01,7.359897e-02,3.846791e-01,2.602457e-02,1.254268e-02,1.316271e-01,1.067230e-01,1.163437e-03,1.153372e-02,2.801432e-02,5.967990e-03,7.569858e-03,2.449444e-03
6.851339e-02,1.435989e-02,1.061501e-01,6.410339e-02,4.655318e-01,2.543132e-02,1.085458e-02,1.015281e-01,9.800622e-02,9.757986e-04,1.052007e-02,2.034248e-02,4.623616e-03,7.043057e-03,2.016267e-03
6.532708e-02,1.593504e-02,7.821495e-02,8.021406e-02,5.020398e-01,4.230808e-02,2.752455e-02,7.658001e-02,7.526132e-02,8.573673e-04,9.115594e-03,1.577235e-02,3.902880e-03,5.236925e-03,1.710082e-03
4.804156e-02,1.306752e-02,5.567009e-02,2.517020e-01,3.707974e-01,3.284461e-02,1.944984e-02,5.388826e-02,5.454754e-02,6.354470e-03,6.540252e-02,1.359376e-02,8.790888e-03,3.816657e-03,2.032965e-03
3.390091e-02,1.103123e-02,3.938883e-02,3.458449e-01,2.698220e-01,2.725418e-02,1.372829e-02,3.778832e-02,4.398366e-02,9.614412e-03,1.379339e-01,1.120045e-02,1.341574e-02,3.037555e-03,2.055746e-03
2.399928e-02,8.353859e-03,2.763955e-02,2.804899e-01,1.985001e-01,2.035814e-02,9.722798e-03,2.650910e-02,4.153078e-02,9.741679e-03,2.675982e-01,1.552745e-02,5.823541e-02,9.762924e-03,2.030959e-03
1.755193e-02,6.006471e-03,1.937233e-02,2.054547e-01,1.423386e-01,1.438697e-02,6.815141e-03,1.861923e-02,4.701894e-02,1.126153e-02,3.400543e-01,1.304068e-02,1.112788e-01,4.298797e-02,3.812503e-03
1.264324e-02,4.324205e-03,1.366424e-02,1.495815e-01,1.013663e-01,1.065978e-02,4.803606e-03,1.335826e-02,1.918130e-01,2.115249e-02,3.056628e-01,1.353313e-02,9.515907e-02,5.409223e-02,8.186195e-03
9.046536e-03,3.123940e-03,9.616202e-03,1.107544e-01,7.221577e-02,7.767719e-03,3.421284e-03,9.552218e-03,2.104908e-01,4.975221e-02,2.455913e-01,1.183058e-02,8.288234e-02,1.563009e-01,1.765391e-02
6.489163e-03,2.330413e-03,6.796804e-03,7.933435e-02,5.201828e-02,6.792756e-03,2.433286e-03,6.937005e-03,2.250963e-01,4.258535e-02,1.853145e-01,1.045055e-02,8.808420e-02,2.632281e-01,2.210892e-02
4.651446e-03,1.785894e-03,4.837580e-03,5.623895e-02,3.727097e-02,5.446477e-03,1.734954e-03,5.211296e-03,2.448111e-01,3.576355e-02,1.507589e-01,8.483520e-03,7.191536e-02,3.343102e-01,3.677980e-02
3.322169e-03,1.419366e-03,3.419652e-03,3.997557e-02,2.777644e-02,4.462873e-03,1.240002e-03,3.781048e-03,2.200405e-01,2.749866e-02,1.298331e-01,7.321894e-03,5.914055e-02,4.341039e-01,3.666434e-02
2.378562e-03,2.470605e-03,2.632447e-03,2.808595e-02,2.088684e-02,3.769710e-03,8.929110e-04,2.726740e-03,2.003452e-01,1.970844e-02,1.114130e-01,6.053581e-03,5.015165e-02,5.187041e-01,2.978032e-02
1.692567e-03,5.977213e-03,2.299597e-03,1.972257e-02,1.528142e-02,3.118772e-03,6.336963e-04,1.936865e-03,1.841955e-01,1.557761e-02,8.481995e-02,5.064987e-03,4.193843e-02,5.834394e-01,3.430149e-02
1.300071e-03,6.875780e-03,1.702917e-03,1.390461e-02,1.110842e-02,2.837061e-03,4.491677e-04,1.383648e-03,1.514327e-01,1.198221e-02,6.397209e-02,4.010222e-03,3.180118e-02,6.680565e-01,2.918346e-02
1.017884e-03,5.258782e-03,1.369729e-03,9.751612e-03,8.303046e-03,2.634811e-03,3.194480e-04,9.791706e-04,1.244605e-01,8.990410e-03,4.632435e-02,2.838971e-03,2.255239e-02,7.403514e-01,2.484746e-02
1.038308e-03,4.874973e-03,1.153882e-03,6.857869e-03,6.106689e-03,2.840395e-03,2.285230e-04,6.955066e-04,1.242120e-01,6.526456e-03,3.491156e-02,2.020205e-03,1.600678e-02,7.701648e-01,2.236204e-02
1.937703e-03,5.099501e-03,1.663496e-03,5.199363e-03,4.956837e-03,7.659254e-03,1.980728e-04,8.564474e-04,1.667773e-01,5.149427e-03,2.726697e-02,1.480231e-03,1.150332e-02,7.400914e-01,2.016076e-02
3.863764e-03,5.129039e-03,1.282740e-02,9.377990e-03,1.182675e-02,2.039689e-02,2.162599e-04,2.391912e-03,2.669563e-01,1.473593e-02,5.103804e-02,3.161024e-03,1.619847e-02,5.509215e-01,3.095868e-02
5.390433e-03,6.668962e-03,2.515639e-02,8.604944e-03,1.591437e-02,3.322248e-02,2.392239e-04,3.038569e-03,2.955982e-01,8.009892e-02,5.762562e-02,4.020411e-03,1.612886e-02,4.096602e-01,3.863236e-02
5.519759e-03,6.068213e-03,3.024709e-02,6.498859e-03,1.273953e-02,2.515968e-02,1.728897e-04,2.330447e-03,2.873600e-01,1.237706e-01,7.434984e-02,3.465971e-03,1.768093e-02,3.433910e-01,6.124524e-02
5.300464e-03,6.738193e-03,3.780560e-02,5.307837e-03,1.017844e-02,1.828803e-02,1.325362e-04,2.478010e-03,3.739572e-01,1.252543e-01,5.709237e-02,2.595741e-03,1.364740e-02,2.556238e-01,8.560014e-02
8.203649e-03,6.322256e-03,4.584663e-02,4.552348e-03,1.195113e-02,1.451512e-02,1.311791e-04,3.204815e-03,3.340847e-01,1.557776e-01,5.306399e-02,2.310552e-03,1.162349e-02,2.655278e-01,8.288475e-02
7.450819e-03,5.191489e-03,9.802458e-02,1.573519e-02,1.035514e-02,1.082985e-02,1.504664e-04,3.514206e-03,2.907634e-01,1.944202e-01,5.789430e-02,4.623047e-03,1.462229e-02,2.095596e-01,7.686549e-02
9.213170e-03,4.509159e-03,8.096004e-02,2.154183e-02,1.192148e-02,1.005157e-02,1.949721e-04,7.274302e-03,2.691361e-01,2.188409e-01,9.659019e-02,1.936813e-02,2.687230e-02,1.599153e-01,6.361060e-02
1.161849e-02,5.208764e-03,5.936169e-02,2.916920e-02,1.523059e-02,1.149337e-02,3.236633e-04,3.947696e-02,2.281941e-01,1.839472e-01,1.251789e-01,5.153441e-02,5.858734e-02,1.300906e-01,5.058469e-02
1.268554e-02,6.265317e-03,4.685199e-02,4.029033e-02,2.025678e-02,1.024546e-02,3.085618e-04,8.389132e-02,2.375393e-01,1.680498e-01,1.142478e-01,5.479237e-02,5.879537e-02,1.012402e-01,4.453986e-02
3.113999e-02,8.512319e-03,6.990109e-02,4.343276e-02,4.960277e-02,8.306697e-03,5.165752e-04,9.185681e-02,2.612412e-01,1.513926e-01,8.744670e-02,3.961226e-02,4.330365e-02,7.619265e-02,3.754187e-02
4.762388e-02,8.496741e-03,7.337909e-02,4.391737e-02,1.064119e-01,1.173021e-02,1.220224e-03,7.456385e-02,2.806129e-01,1.376783e-01,6.432216e-02,2.800390e-02,3.137655e-02,5.998109e-02,3.068176e-02
6.818214e-02,8.778343e-03,6.289321e-02,8.470075e-02,1.538992e-01,1.404590e-02,1.746820e-03,7.747830e-02,2.570073e-01,1.113286e-01,4.772026e-02,2.004459e-02,2.260752e-02,4.480026e-02,2.476676e-02
7.240934e-02,9.711176e-03,6.258073e-02,1.649981e-01,1.516418e-01,1.237684e-02,1.703765e-03,9.137823e-02,2.221282e-01,8.797775e-02,3.500180e-02,1.510683e-02,1.640824e-02,3.281803e-02,2.375907e-02
9.280822e-02,1.156925e-02,5.462653e-02,1.759906e-01,1.582494e-01,2.281569e-02,2.103104e-03,7.478306e-02,2.222761e-01,8.181801e-02,2.881995e-02,1.186728e-02,1.234606e-02,2.892195e-02,2.100465e-02
1.271660e-01,1.209282e-02,4.738746e-02,1.415255e-01,1.454484e-01,3.738672e-02,1.863174e-03,5.385275e-02,2.633395e-01,6.603559e-02,2.644637e-02,1.079359e-02,1.054760e-02,3.489196e-02,2.122259e-02
2.028613e-01,1.645591e-02,4.735655e-02,1.167620e-01,1.200689e-01,5.395507e-02,1.598177e-03,3.834618e-02,2.450848e-01,6.215807e-02,2.297187e-02,9.288224e-03,9.273120e-03,3.304858e-02,2.077127e-02
2.106806e-01,2.046587e-02,3.809061e-02,1.310994e-01,1.121783e-01,7.456172e-02,2.521346e-03,2.912135e-02,2.449293e-01,4.792612e-02,1.915656e-02,1.582838e-02,1.005567e-02,2.595461e-02,1.743022e-02
1.932413e-01,1.878052e-02,3.600607e-02,1.849031e-01,1.565563e-01,8.392978e-02,4.976573e-03,2.802867e-02,1.870387e-01,3.424040e-02,1.648276e-02,1.585518e-02,8.118400e-03,1.890207e-02,1.294017e-02
1.399393e-01,1.636111e-02,2.715688e-02,3.897939e-01,1.155025e-01,6.064967e-02,3.516198e-03,1.994425e-02,1.315138e-01,2.410576e-02,2.268313e-02,1.939769e-02,6.901706e-03,1.332717e-02,9.207000e-03
1.026407e-01,2.838306e-02,3.001139e-02,3.122001e-01,8.695026e-02,4.348623e-02,2.628474e-03,1.477920e-02,9.866791e-02,1.785393e-02,3.912734e-02,1.969130e-01,6.198225e-03,1.195395e-02,8.206282e-03
7.384664e-02,2.148155e-02,2.459294e-02,2.480641e-01,6.131863e-02,3.198038e-02,1.853852e-03,1.042887e-02,7.080996e-02,1.274517e-02,5.461164e-02,3.687733e-01,4.647280e-03,8.621658e-03,6.224136e-03
5.617467e-02,1.564711e-02,1.816506e-02,1.844279e-01,4.345695e-02,2.414167e-02,1.314977e-03,7.365033e-03,4.999622e-02,9.063786e-03,6.447816e-02,5.115479e-01,3.480218e-03,6.214711e-03,4.525713e-03
4.073655e-02,1.113563e-02,1.289012e-02,1.305750e-01,3.133952e-02,1.768035e-02,9.244441e-04,5.192261e-03,3.537857e-02,6.404539e-03,6.293251e-02,6.345004e-01,2.548910e-03,4.530677e-03,3.230577e-03
2.890460e-02,7.867752e-03,9.056263e-03,9.185306e-02,2.315226e-02,1.311367e-02,6.481926e-04,3.644753e-03,2.487677e-02,4.531104e-03,7.514170e-02,7.096047e-01,1.844316e-03,3.451762e-03,2.309131e-03
2.045077e-02,5.627528e-03,6.370659e-03,6.455535e-02,3.435596e-02,9.409128e-03,4.582799e-04,2.555843e-03,1.755330e-02,3.210759e-03,1.005948e-01,7.290707e-01,1.339345e-03,2.780038e-03,1.667676e-03
1.513764e-02,4.237029e-03,4.507638e-03,4.600188e-02,3.316343e-02,7.426038e-03,3.397069e-04,1.812554e-03,1.269154e-02,2.357488e-03,9.242609e-02,7.747879e-01,1.004502e-03,2.679435e-03,1.427251e-03
1.142217e-02,3.733780e-03,3.242641e-03,3.280028e-02,3.028614e-02,5.860160e-03,2.635854e-04,1.299834e-03,9.609330e-03,1.859669e-03,7.707023e-02,8.179139e-01,8.025120e-04,2.401994e-03,1.433892e-03
8.366855e-03,3.728651e-03,3.049319e-03,2.375263e-02,3.874796e-02,5.430207e-03,2.190714e-04,1.025538e-03,6.995528e-03,1.602539e-03,8.742855e-02,8.148638e-01,7.526827e-04,2.633960e-03,1.402740e-03
6.084598e-03,3.035075e-03,2.273178e-03,1.697501e-02,3.837587e-02,4.440131e-03,1.650788e-04,7.369013e-04,5.055061e-03,1.345567e-03,1.069512e-01,8.099558e-01,6.540524e-04,2.601786e-03,1.350633e-03
4.552290e-03,2.445203e-03,1.816452e-03,1.226395e-02,7.380876e-02,3.619871e-03,1.453286e-04,5.697664e-04,3.773040e-03,1.135769e-03,1.066692e-01,7.849101e-01,5.613146e-04,2.491822e-03,1.237106e-03
3.674001e-03,1.884873e-03,1.392790e-03,8.785198e-03,1.675080e-01,3.529055e-03,1.553749e-04,5.071029e-04,2.967741e-03,9.093440e-04,9.824874e-02,7.056404e-01,6.139795e-04,3.116836e-03,1.066622e-03
2.830709e-03,1.546323e-03,1.144199e-03,6.244455e-03,1.651908e-01,3.318490e-03,1.271669e-04,4.041108e-04,2.275481e-03,8.406538e-04,9.627656e-02,7.143076e-01,6.357040e-04,3.887226e-03,9.705432e-04
2.357729e-03,1.364767e-03,1.140816e-03,4.537838e-03,1.432155e-01,4.059911e-03,1.372947e-04,5.212910e-04,1.746649e-03,7.124732e-04,8.994542e-02,7.451290e-01,6.978203e-04,3.684441e-03,7.490877e-04
2.087914e-03,1.252963e-03,9.965365e-04,3.383274e-03,1.389707e-01,4.155613e-03,1.436646e-04,5.865305e-04,1.453294e-03,5.810512e-04,8.582979e-02,7.555392e-01,8.552533e-04,3.513916e-03,6.503838e-04
2.544707e-03,1.953434e-03,1.580624e-03,3.185559e-03,1.157594e-01,4.918476e-03,5.786303e-04,1.169387e-03,1.487962e-03,5.387297e-04,1.001281e-01,7.612117e-01,1.110930e-03,3.254129e-03,5.782620e-04
7.338900e-03,3.237270e-03,2.504079e-03,3.297731e-03,9.893890e-02,7.961292e-03,2.612969e-03,4.219051e-03,1.966660e-03,4.916140e-04,1.067877e-01,7.560366e-01,1.110328e-03,2.947714e-03,5.492772e-04
1.787047e-02,4.618493e-03,2.501098e-03,3.469450e-03,8.462524e-02,9.369353e-03,2.790880e-03,6.026942e-03,2.443287e-03,4.864119e-04,1.275623e-01,7.326968e-01,1.530566e-03,3.357527e-03,6.512451e-04
2.130212e-02,8.752098e-03,2.877584e-03,2.779937e-03,7.078578e-02,8.293794e-03,3.152777e-03,6.008077e-03,3.559044e-03,1.304945e-03,1.522852e-01,7.124501e-01,1.581271e-03,3.789267e-03,1.078075e-03
2.043059e-02,1.212770e-02,2.899999e-03,2.159972e-03,6.264435e-02,1.021191e-02,3.678263e-03,5.816226e-03,3.877717e-03,3.955912e-03,1.617987e-01,7.033467e-01,1.533950e-03,4.015600e-03,1.502473e-03
2.125989e-02,1.382272e-02,3.439123e-03,1.909245e-03,6.060159e-02,9.127618e-03,7.494792e-03,5.696631e-03,5.324720e-03,1.093147e-02,2.285572e-01,6.226990e-01,1.486824e-03,4.966558e-03,2.682644e-03
2.795402e-02,1.250263e-02,2.728211e-02,2.621105e-03,6.388127e-02,7.718832e-03,5.928912e-03,2.009212e-02,7.054540e-03,1.453410e-02,3.103932e-01,4.873256e-01,2.063321e-03,7.146546e-03,3.501645e-03
2.358933e-02,1.136937e-02,3.772797e-02,2.696359e-03,7.589538e-02,7.019231e-03,4.804733e-03,1.735071e-02,1.003599e-02,1.527640e-02,4.063430e-01,3.718100e-01,2.107967e-03,9.717654e-03,4.255918e-03
1.969797e-02,8.785354e-02,1.285215e-01,2.466026e-03,7.617739e-02,6.405493e-03,3.611136e-03,1.863003e-02,2.700192e-02,3.152275e-02,3.187394e-01,2.630675e-01,2.078581e-03,9.790361e-03,4.436459e-03
1.804087e-02,9.082107e-02,1.818658e-01,2.977428e-03,7.513092e-02,5.455759e-03,2.690193e-03,5.710423e-02,3.326333e-02,7.631273e-02,2.542114e-01,1.865868e-01,1.895572e-03,8.870988e-03,4.772916e-03
1.857872e-02,6.835690e-02,3.040810e-01,4.218818e-03,6.772026e-02,8.309929e-03,2.273233e-03,8.673988e-02,2.471019e-02,6.800767e-02,2.032804e-01,1.315538e-01,1.496105e-03,6.530185e-03,4.142907e-03
1.786608e-02,4.952930e-02,3.035517e-01,5.153385e-03,5.645626e-02,6.240197e-03,1.724019e-03,2.455747e-01,1.811383e-02,4.916513e-02,1.454703e-01,9.222037e-02,1.208110e-03,4.755659e-03,2.970895e-03
1.739633e-02,3.506433e-02,2.427747e-01,6.708069e-03,4.618828e-02,4.543821e-03,1.324076e-03,4.232680e-01,1.293339e-02,3.488117e-02,1.037900e-01,6.466956e-02,9.312606e-04,3.415931e-03,2.111092e-03
1.319442e-02,2.459595e-02,1.718368e-01,9.970598e-03,4.055368e-02,3.357480e-03,1.003825e-03,5.792372e-01,9.131528e-03,2.444076e-02,7.278325e-02,4.529986e-02,6.897199e-04,2.422439e-03,1.482446e-03
1.027282e-02,1.724454e-02,1.222337e-01,1.813410e-02,3.423674e-02,2.729074e-03,7.672681e-04,6.848077e-01,6.467735e-03,1.711423e-02,5.097665e-02,3.174645e-02,5.094195e-04,1.717835e-03,1.041784e-03
9.022233e-03,1.209835e-02,8.772267e-02,2.475124e-02,3.024785e-02,2.618530e-03,6.055041e-04,7.557247e-01,4.617986e-03,1.206010e-02,3.578217e-02,2.235595e-02,4.086308e-04,1.232341e-03,7.518110e-04
9.900376e-03,8.604316e-03,6.223160e-02,1.929871e-02,3.592302e-02,2.910330e-03,5.155558e-04,8.057537e-01,3.541000e-03,8.514954e-03,2.521533e-02,1.571774e-02,3.634198e-04,9.053898e-04,6.045733e-04
1.044134e-02,6.202191e-03,4.406358e-02,1.452854e-02,4.152205e-02,4.072281e-03,4.514975e-04,8.395764e-01,2.686109e-03,5.980548e-03,1.783247e-02,1.107221e-02,3.358153e-04,6.714868e-04,5.635676e-04
1.148846e-02,4.604631e-03,3.160551e-02,1.108799e-02,3.855076e-02,4.238592e-03,6.352257e-04,8.692974e-01,2.055801e-03,4.206074e-03,1.269660e-02,7.844753e-03,4.883013e-04,5.398017e-04,6.601944e-04
1.110242e-02,3.422115e-03,2.297991e-02,8.931172e-03,3.641164e-02,3.728378e-03,6.234830e-04,8.922579e-01,1.560046e-03,2.952611e-03,9.020716e-03,5.522397e-03,4.887788e-04,4.164182e-04,5.820295e-04
1.475228e-02,2.712863e-03,1.774755e-02,7.633450e-03,3.812712e-02,3.740019e-03,7.331345e-04,8.988385e-01,1.457046e-03,2.093189e-03,6.599679e-03,3.941406e-03,5.500743e-04,3.877553e-04,6.858946e-04
2.239881e-02,3.018171e-03,1.688352e-02,7.656039e-03,5.737773e-02,5.336431e-03,8.808473e-04,8.724463e-01,1.776354e-03,1.563624e-03,5.085350e-03,3.037583e-03,8.369080e-04,4.102973e-04,1.291978e-03
2.659408e-02,2.701919e-03,1.794148e-02,8.720293e-03,5.780454e-02,5.496733e-03,1.085144e-03,8.674046e-01,1.740515e-03,1.236624e-03,3.989819e-03,2.382057e-03,9.053975e-04,3.876105e-04,1.609140e-03
3.465904e-02,5.596359e-03,1.644223e-02,8.408145e-03,4.889891e-02,1.338445e-02,9.749365e-04,6.339439e-01,2.132970e-02,2.716268e-02,8.087911e-03,3.631887e-03,4.480405e-03,2.227592e-03,1.707719e-01
2.817653e-02,7.925296e-03,1.449158e-02,4.468017e-02,3.674757e-02,1.097024e-02,7.847646e-04,4.473841e-01,9.481455e-02,2.875740e-02,1.046252e-02,6.484554e-03,1.271216e-02,2.651449e-03,2.529570e-01
2.061187e-02,5.774577e-03,1.045852e-02,3.145744e-02,2.587836e-02,7.841989e-03,5.622456e-04,3.132448e-01,1.281578e-01,2.765690e-02,9.186758e-03,4.625984e-03,9.947352e-03,3.841375e-03,4.007539e-01
1.493588e-02,5.925277e-03,7.593323e-03,2.267876e-02,1.819134e-02,5.536575e-03,4.095620e-04,2.193664e-01,2.577777e-01,5.538749e-02,6.907991e-03,3.386257e-03,7.522903e-03,4.352664e-03,3.700279e-01
1.168618e-02,4.697393e-03,5.594069e-03,1.612430e-02,1.288283e-02,3.994801e-03,3.357430e-04,1.536988e-01,2.860310e-01,6.230398e-02,5.947523e-03,2.550713e-03,5.967429e-03,1.044904e-02,4.177362e-01
9.926891e-03,4.758399e-03,4.098895e-03,1.177554e-02,9.153901e-03,2.971287e-03,2.797288e-04,1.076591e-01,3.665295e-01,6.755003e-02,4.771247e-03,1.883902e-03,4.442988e-03,2.190362e-02,3.822950e-01
1.130713e-02,5.178676e-03,3.035492e-03,8.557864e-03,6.890117e-03,2.379766e-03,2.866948e-04,7.553039e-02,4.183060e-01,9.532536e-02,4.357758e-03,1.404536e-03,3.635902e-03,2.752986e-02,3.362745e-01
9.141002e-03,4.094014e-03,2.140558e-03,6.057768e-03,4.846337e-03,1.826976e-03,2.130365e-04,5.288377e-02,5.634394e-01,6.924611e-02,3.285380e-03,1.019308e-03,2.713589e-03,2.163476e-02,2.574579e-01
1.071026e-02,3.069649e-03,1.565123e-03,4.293961e-03,3.561044e-03,1.432251e-03,1.743418e-04,3.704304e-02,6.140131e-01,4.947086e-02,4.469419e-03,8.370948e-04,2.841576e-03,2.361291e-02,2.429053e-01
8.109528e-03,2.197351e-03,1.105917e-03,3.011593e-03,2.517031e-03,1.062319e-03,1.281752e-04,2.593712e-02,7.184846e-01,3.478206e-02,3.401980e-03,6.044171e-04,2.126715e-03,1.976321e-02,1.767680e-01
5.948135e-03,1.569382e-03,7.803317e-04,2.111407e-03,1.775426e-03,7.737921e-04,9.166697e-05,1.815751e-02,7.792596e-01,2.453371e-02,2.583015e-03,4.584215e-04,1.666811e-03,2.104004e-02,1.392508e-01
4.866737e-03,1.152883e-03,5.549667e-04,1.486782e-03,1.269547e-03,6.527530e-04,6.841690e-05,1.271424e-02,8.107799e-01,1.735902e-02,2.063138e-03,3.684592e-04,1.387907e-03,2.859525e-02,1.166800e-01
4.051298e-03,8.725792e-04,4.070985e-04,1.050279e-03,8.968728e-04,5.860750e-04,5.216505e-05,8.902607e-03,8.147112e-01,1.315056e-02,2.220585e-03,4.251565e-04,1.573720e-03,5.545481e-02,9.564499e-02
3.303647e-03,6.515367e-04,3.181687e-04,7.507234e-04,6.381434e-04,4.903321e-04,3.992246e-05,6.237073e-03,8.234916e-01,1.229708e-02,2.962800e-03,7.618713e-04,2.566112e-03,6.491672e-02,8.057423e-02
2.555018e-03,4.871329e-04,2.537919e-04,5.740466e-04,5.598855e-04,4.279710e-04,4.150230e-05,4.395881e-03,7.229948e-01,1.082230e-02,6.656812e-03,1.069763e-03,1.837095e-02,6.820675e-02,1.625834e-01
1.827681e-03,3.699571e-04,1.984154e-04,4.474400e-04,4.759612e-04,3.263835e-04,3.674358e-05,3.090009e-03,6.120459e-01,1.075615e-02,1.282900e-02,1.212199e-03,2.856785e-02,6.154415e-02,2.662721e-01
1.359080e-03,3.341182e-04,2.005199e-04,4.048762e-04,4.216077e-04,3.026213e-04,3.312390e-05,2.172251e-03,5.239059e-01,1.407436e-02,1.803652e-02,2.137657e-03,3.193194e-02,7.038059e-02,3.343049e-01
1.055418e-03,4.023467e-04,5.858152e-04,5.493893e-04,2.929749e-03,3.340701e-04,1.412539e-04,1.544175e-03,3.928999e-01,1.961250e-02,2.841631e-02,4.037606e-03,4.211973e-02,8.390145e-02,4.214703e-01
8.518696e-04,7.073079e-04,3.354070e-03,7.139450e-04,2.574406e-03,4.085250e-04,1.226533e-04,1.100985e-03,3.173290e-01,3.296235e-02,2.421680e-02,3.682978e-03,3.291032e-02,1.450180e-01,4.340467e-01
7.197277e-04,9.411583e-04,5.791856e-03,8.865265e-04,2.699711e-03,6.135839e-04,1.269636e-04,1.281994e-03,2.503941e-01,4.507093e-02,2.175874e-02,3.016902e-03,2.843053e-02,1.977833e-01,4.404840e-01
7.381748e-04,2.325839e-03,2.693070e-02,3.351863e-03,2.595291e-03,1.114473e-03,1.758734e-04,2.632084e-03,2.217110e-01,4.144539e-02,2.073945e-02,2.856978e-03,2.347837e-02,1.852735e-01,4.646310e-01
8.470906e-04,3.335135e-03,2.293499e-02,3.890856e-03,2.441992e-03,3.114705e-03,1.876340e-04,5.701920e-03,1.785640e-01,5.966022e-02,2.186228e-02,2.929678e-03,1.837712e-02,1.949795e-01,4.811729e-01
9.522660e-04,3.637262e-03,2.483688e-02,4.808637e-03,1.976340e-03,3.231064e-03,1.530177e-04,5.844896e-03,1.719134e-01,1.115848e-01,2.159030e-02,2.906449e-03,1.525711e-02,1.539244e-01,4.773833e-01
1.043067e-03,6.074172e-03,3.236892e-02,5.404900e-03,2.088798e-03,3.774978e-03,3.760316e-04,1.092731e-02,1.622444e-01,1.078492e-01,2.858108e-02,3.402307e-03,1.502833e-02,1.378017e-01,4.830348e-01
9.816954e-04,9.117143e-03,5.318463e-02,9.043001e-03,1.767270e-03,4.738891e-03,4.344932e-04,1.216056e-02,1.579836e-01,1.217162e-01,4.010611e-02,5.628724e-03,2.123791e-02,1.067699e-01,4.551299e-01
1.067198e-03,8.710124e-03,7.412554e-02,2.055431e-02,1.780212e-03,8.365389e-03,3.782892e-04,8.656844e-03,1.663285e-01,1.446836e-01,6.777264e-02,1.726563e-02,2.308545e-02,7.888632e-02,3.783399e-01
1.287967e-03,8.208872e-03,7.224534e-02,4.120077e-02,2.580044e-03,7.816274e-03,3.246689e-04,6.303060e-03,1.521961e-01,1.616963e-01,1.429742e-01,4.743017e-02,2.310649e-02,5.873911e-02,2.738905e-01
1.112102e-03,6.450676e-03,6.056296e-02,3.310892e-02,2.037734e-03,6.791089e-03,3.205339e-04,4.531939e-03,1.403839e-01,1.370753e-01,2.641704e-01,5.992663e-02,2.054387e-02,5.939793e-02,2.035860e-01
1.011388e-03,4.949718e-03,4.610935e-02,3.822228e-02,1.662359e-03,6.961464e-03,4.153053e-04,3.341508e-03,1.515129e-01,1.085608e-01,2.557002e-01,1.394712e-01,2.017581e-02,5.852487e-02,1.633808e-01
9.976844e-04,3.847208e-03,3.369996e-02,3.438868e-02,1.361082e-03,6.201053e-03,4.441313e-04,2.466404e-03,1.522953e-01,8.509498e-02,3.116222e-01,1.598318e-01,1.636451e-02,6.848494e-02,1.229000e-01
1.306322e-03,4.318169e-03,2.557021e-02,2.853138e-02,1.297443e-03,5.916707e-03,4.334972e-04,2.033724e-03,1.169299e-01,6.483867e-02,3.636950e-01,1.804732e-01,1.458526e-02,1.018019e-01,8.826868e-02
1.532482e-03,3.540567e-03,1.821242e-02,2.308020e-02,1.036416e-03,5.445363e-03,3.866677e-04,1.767797e-03,8.680931e-02,4.783652e-02,3.942577e-01,2.571074e-01,1.158185e-02,8.478814e-02,6.261715e-02
