1.000000e+00,0.000000e+00,0.000000e+00,0.000000e+00,0.000000e+00,0.000000e+00,0.000000e+00,0.000000e+00,0.000000e+00,0.000000e+00,0.000000e+00,0.000000e+00,0.000000e+00,0.000000e+00,0.000000e+00
1.000000e+00,0.000000e+00,0.000000e+00,0.000000e+00,0.000000e+00,0.000000e+00,0.000000e+00,0.000000e+00,0.000000e+00,0.000000e+00,0.000000e+00,0.000000e+00,0.000000e+00,0.000000e+00,0.000000e+00
1.000000e+00,0.000000e+00,0.000000e+00,0.000000e+00,0.000000e+00,0.000000e+00,0.000000e+00,0.000000e+00,0.000000e+00,0.000000e+00,0.000000e+00,0.000000e+00,0.000000e+00,0.000000e+00,0.000000e+00
1.000000e+00,0.000000e+00,0.000000e+00,0.000000e+00,0.000000e+00,0.000000e+00,0.000000e+00,0.000000e+00,0.000000e+00,0.000000e+00,0.000000e+00,0.000000e+00,0.000000e+00,0.000000e+00,0.000000e+00
1.000000e+00,0.000000e+00,0.000000e+00,0.000000e+00,0.000000e+00,0.000000e+00,0.000000e+00,0.000000e+00,0.000000e+00,0.000000e+00,0.000000e+00,0.000000e+00,0.000000e+00,0.000000e+00,0.000000e+00
1.000000e+00,0.000000e+00,0.000000e+00,0.000000e+00,0.000000e+00,0.000000e+00,0.000000e+00,0.000000e+00,0.000000e+00,0.000000e+00,0.000000e+00,0.000000e+00,0.000000e+00,0.000000e+00,0.000000e+00
1.000000e+00,0.000000e+00,0.000000e+00,0.000000e+00,0.000000e+00,0.000000e+00,0.000000e+00,0.000000e+00,0.000000e+00,0.000000e+00,0.000000e+00,0.000000e+00,0.000000e+00,0.000000e+00,0.000000e+00
1.000000e+00,0.000000e+00,0.000000e+00,0.000000e+00,0.000000e+00,0.000000e+00,0.000000e+00,0.000000e+00,0.000000e+00,0.000000e+00,0.000000e+00,0.000000e+00,0.000000e+00,0.000000e+00,0.000000e+00
1.000000e+00,0.000000e+00,0.000000e+00,0.000000e+00,0.000000e+00,0.000000e+00,0.000000e+00,0.000000e+00,0.000000e+00,0.000000e+00,0.000000e+00,0.000000e+00,0.000000e+00,0.000000e+00,0.000000e+00
1.000000e+00,0.000000e+00,0.000000e+00,0.000000e+00,0.000000e+00,0.000000e+00,0.000000e+00,0.000000e+00,0.000000e+00,0.000000e+00,0.000000e+00,0.000000e+00,0.000000e+00,0.000000e+00,0.000000e+00
1.000000e+00,0.000000e+00,0.000000e+00,0.000000e+00,0.000000e+00,0.000000e+00,0.000000e+00,0.000000e+00,0.000000e+00,0.000000e+00,0.000000e+00,0.000000e+00,0.000000e+00,0.000000e+00,0.000000e+00
1.000000e+00,0.000000e+00,0.000000e+00,0.000000e+00,0.000000e+00,0.000000e+00,0.000000e+00,0.000000e+00,0.000000e+00,0.000000e+00,0.000000e+00,0.000000e+00,0.000000e+00,0.000000e+00,0.000000e+00
1.000000e+00,0.000000e+00,0.000000e+00,0.000000e+00,0.000000e+00,0.000000e+00,0.000000e+00,0.000000e+00,0.000000e+00,0.000000e+00,0.000000e+00,0.000000e+00,0.000000e+00,0.000000e+00,0.000000e+00
1.000000e+00,0.000000e+00,0.000000e+00,0.000000e+00,0.000000e+00,0.000000e+00,0.000000e+00,0.000000e+00,0.000000e+00,0.000000e+00,0.000000e+00,0.000000e+00,0.000000e+00,0.000000e+00,0.000000e+00
1.000000e+00,0.000000e+00,0.000000e+00,0.000000e+00,0.000000e+00,0.000000e+00,0.000000e+00,0.000000e+00,0.000000e+00,0.000000e+00,0.000000e+00,0.000000e+00,0.000000e+00,0.000000e+00,0.000000e+00
1.000000e+00,0.000000e+00,0.000000e+00,0.000000e+00,0.000000e+00,0.000000e+00,0.000000e+00,0.000000e+00,0.000000e+00,0.000000e+00,0.000000e+00,0.000000e+00,0.000000e+00,0.000000e+00,0.000000e+00
1.000000e+00,0.000000e+00,0.000000e+00,0.000000e+00,0.000000e+00,0.000000e+00,0.000000e+00,0.000000e+00,0.000000e+00,0.000000e+00,0.000000e+00,0.000000e+00,0.000000e+00,0.000000e+00,0.000000e+00
1.000000e+00,0.000000e+00,0.000000e+00,0.000000e+00,0.000000e+00,0.000000e+00,0.000000e+00,0.000000e+00,0.000000e+00,0.000000e+00,0.000000e+00,0.000000e+00,0.000000e+00,0.000000e+00,0.000000e+00
1.000000e+00,0.000000e+00,0.000000e+00,0.000000e+00,0.000000e+00,0.000000e+00,0.000000e+00,0.000000e+00,0.000000e+00,0.000000e+00,0.000000e+00,0.000000e+00,0.000000e+00,0.000000e+00,0.000000e+00
1.000000e+00,0.000000e+00,0.000000e+00,0.000000e+00,0.000000e+00,0.000000e+00,0.000000e+00,0.000000e+00,0.000000e+00,0.000000e+00,0.000000e+00,0.000000e+00,0.000000e+00,0.000000e+00,0.000000e+00
1.000000e+00,0.000000e+00,0.000000e+00,0.000000e+00,0.000000e+00,0.000000e+00,0.000000e+00,0.000000e+00,0.000000e+00,0.000000e+00,0.000000e+00,0.000000e+00,0.000000e+00,0.000000e+00,0.000000e+00
1.000000e+00,0.000000e+00,0.000000e+00,0.000000e+00,0.000000e+00,0.000000e+00,0.000000e+00,0.000000e+00,0.000000e+00,0.000000e+00,0.000000e+00,0.000000e+00,0.000000e+00,0.000000e+00,0.000000e+00
1.000000e+00,0.000000e+00,0.000000e+00,0.000000e+00,0.000000e+00,0.000000e+00,0.000000e+00,0.000000e+00,0.000000e+00,0.000000e+00,0.000000e+00,0.000000e+00,0.000000e+00,0.000000e+00,0.000000e+00
1.000000e+00,0.000000e+00,0.000000e+00,0.000000e+00,0.000000e+00,0.000000e+00,0.000000e+00,0.000000e+00,0.000000e+00,0.000000e+00,0.000000e+00,0.000000e+00,0.000000e+00,0.000000e+00,0.000000e+00
1.000000e+00,0.000000e+00,0.000000e+00,0.000000e+00,0.000000e+00,0.000000e+00,0.000000e+00,0.000000e+00,0.000000e+00,0.000000e+00,0.000000e+00,0.000000e+00,0.000000e+00,0.000000e+00,0.000000e+00
1.000000e+00,0.000000e+00,0.000000e+00,0.000000e+00,0.000000e+00,0.000000e+00,0.000000e+00,0.000000e+00,0.000000e+00,0.000000e+00,0.000000e+00,0.000000e+00,0.000000e+00,0.000000e+00,0.000000e+00
1.000000e+00,0.000000e+00,0.000000e+00,0.000000e+00,0.000000e+00,0.000000e+00,0.000000e+00,0.000000e+00,0.000000e+00,0.000000e+00,0.000000e+00,0.000000e+00,0.000000e+00,0.000000e+00,0.000000e+00
1.000000e+00,0.000000e+00,0.000000e+00,0.000000e+00,0.000000e+00,0.000000e+00,0.000000e+00,0.000000e+00,0.000000e+00,0.000000e+00,0.000000e+00,0.000000e+00,0.000000e+00,0.000000e+00,0.000000e+00
1.000000e+00,0.000000e+00,0.000000e+00,0.000000e+00,0.000000e+00,0.000000e+00,0.000000e+00,0.000000e+00,0.000000e+00,0.000000e+00,0.000000e+00,0.000000e+00,0.000000e+00,0.000000e+00,0.000000e+00
1.000000e+00,0.000000e+00,0.000000e+00,0.000000e+00,0.000000e+00,0.000000e+00,0.000000e+00,0.000000e+00,0.000000e+00,0.000000e+00,0.000000e+00,0.000000e+00,0.000000e+00,0.000000e+00,0.000000e+00
1.000000e+00,0.000000e+00,0.000000e+00,0.000000e+00,0.000000e+00,0.000000e+00,0.000000e+00,0.000000e+00,0.000000e+00,0.000000e+00,0.000000e+00,0.000000e+00,0.000000e+00,0.000000e+00,0.000000e+00
1.000000e+00,0.000000e+00,0.000000e+00,0.000000e+00,0.000000e+00,0.000000e+00,0.000000e+00,0.000000e+00,0.000000e+00,0.000000e+00,0.000000e+00,0.000000e+00,0.000000e+00,0.000000e+00,0.000000e+00
1.000000e+00,0.000000e+00,0.000000e+00,0.000000e+00,0.000000e+00,0.000000e+00,0.000000e+00,0.000000e+00,0.000000e+00,0.000000e+00,0.000000e+00,0.000000e+00,0.000000e+00,0.000000e+00,0.000000e+00
1.000000e+00,0.000000e+00,0.000000e+00,0.000000e+00,0.000000e+00,0.000000e+00,0.000000e+00,0.000000e+00,0.000000e+00,0.000000e+00,0.000000e+00,0.000000e+00,0.000000e+00,0.000000e+00,0.000000e+00
1.000000e+00,0.000000e+00,0.000000e+00,0.000000e+00,0.000000e+00,0.000000e+00,0.000000e+00,0.000000e+00,0.000000e+00,0.000000e+00,0.000000e+00,0.000000e+00,0.000000e+00,0.000000e+00,0.000000e+00
1.000000e+00,0.000000e+00,0.000000e+00,0.000000e+00,0.000000e+00,0.000000e+00,0.000000e+00,0.000000e+00,0.000000e+00,0.000000e+00,0.000000e+00,0.000000e+00,0.000000e+00,0.000000e+00,0.000000e+00
1.000000e+00,0.000000e+00,0.000000e+00,0.000000e+00,0.000000e+00,0.000000e+00,0.000000e+00,0.000000e+00,0.000000e+00,0.000000e+00,0.000000e+00,0.000000e+00,0.000000e+00,0.000000e+00,0.000000e+00
1.000000e+00,0.000000e+00,0.000000e+00,0.000000e+00,0.000000e+00,0.000000e+00,0.000000e+00,0.000000e+00,0.000000e+00,0.000000e+00,0.000000e+00,0.000000e+00,0.000000e+00,0.000000e+00,0.000000e+00
1.000000e+00,0.000000e+00,0.000000e+00,0.000000e+00,0.000000e+00,0.000000e+00,0.000000e+00,0.000000e+00,0.000000e+00,0.000000e+00,0.000000e+00,0.000000e+00,0.000000e+00,0.000000e+00,0.000000e+00
1.000000e+00,0.000000e+00,0.000000e+00,0.000000e+00,0.000000e+00,0.000000e+00,0.000000e+00,0.000000e+00,0.000000e+00,0.000000e+00,0.000000e+00,0.000000e+00,0.000000e+00,0.000000e+00,0.000000e+00
1.000000e+00,0.000000e+00,0.000000e+00,0.000000e+00,0.000000e+00,0.000000e+00,0.000000e+00,0.000000e+00,0.000000e+00,0.000000e+00,0.000000e+00,0.000000e+00,0.000000e+00,0.000000e+00,0.000000e+00
1.000000e+00,0.000000e+00,0.000000e+00,0.000000e+00,0.000000e+00,0.000000e+00,0.000000e+00,0.000000e+00,0.000000e+00,0.000000e+00,0.000000e+00,0.000000e+00,0.000000e+00,0.000000e+00,0.000000e+00
1.000000e+00,0.000000e+00,0.000000e+00,0.000000e+00,0.000000e+00,0.000000e+00,0.000000e+00,0.000000e+00,0.000000e+00,0.000000e+00,0.000000e+00,0.000000e+00,0.000000e+00,0.000000e+00,0.000000e+00
1.000000e+00,0.000000e+00,0.000000e+00,0.000000e+00,0.000000e+00,0.000000e+00,0.000000e+00,0.000000e+00,0.000000e+00,0.000000e+00,0.000000e+00,0.000000e+00,0.000000e+00,0.000000e+00,0.000000e+00
1.000000e+00,0.000000e+00,0.000000e+00,0.000000e+00,0.000000e+00,0.000000e+00,0.000000e+00,0.000000e+00,0.000000e+00,0.000000e+00,0.000000e+00,0.000000e+00,0.000000e+00,0.000000e+00,0.000000e+00
1.000000e+00,0.000000e+00,0.000000e+00,0.000000e+00,0.000000e+00,0.000000e+00,0.000000e+00,0.000000e+00,0.000000e+00,0.000000e+00,0.000000e+00,0.000000e+00,0.000000e+00,0.000000e+00,0.000000e+00
1.000000e+00,0.000000e+00,0.000000e+00,0.000000e+00,0.000000e+00,0.000000e+00,0.000000e+00,0.000000e+00,0.000000e+00,0.000000e+00,0.000000e+00,0.000000e+00,0.000000e+00,0.000000e+00,0.000000e+00
1.000000e+00,0.000000e+00,0.000000e+00,0.000000e+00,0.000000e+00,0.000000e+00,0.000000e+00,0.000000e+00,0.000000e+00,0.000000e+00,0.000000e+00,0.000000e+00,0.000000e+00,0.000000e+00,0.000000e+00
4.960525e-01,4.434824e-02,1.834989e-02,1.606490e-01,2.159761e-02,4.186426e-02,1.536266e-02,2.962186e-02,2.428849e-02,2.023261e-03,1.918507e-02,7.445629e-02,2.805028e-02,2.765122e-03,2.138544e-02
4.249537e-01,4.795170e-02,2.652300e-02,1.893492e-01,2.393285e-02,4.350943e-02,1.643716e-02,4.249470e-02,2.601728e-02,2.218974e-03,2.145293e-02,7.596549e-02,3.067534e-02,3.347992e-03,2.517033e-02
3.856382e-01,5.453983e-02,2.480003e-02,2.017656e-01,2.494646e-02,4.235316e-02,1.484006e-02,3.844147e-02,2.988706e-02,2.708100e-03,2.726063e-02,7.862221e-02,3.451907e-02,5.288901e-03,3.438918e-02
3.733834e-01,6.029136e-02,2.372563e-02,2.026575e-01,2.546709e-02,4.144409e-02,1.328284e-02,3.273129e-02,3.416130e-02,3.467560e-03,3.109581e-02,7.256742e-02,3.340259e-02,7.374615e-03,4.494750e-02
3.018505e-01,6.648797e-02,3.306527e-02,2.732771e-01,2.392308e-02,3.617517e-02,1.174688e-02,4.175874e-02,3.464577e-02,3.208753e-03,2.740350e-02,6.555340e-02,2.949352e-02,6.593334e-03,4.481702e-02
2.689902e-01,7.328775e-02,3.249416e-02,2.920203e-01,2.312916e-02,3.394192e-02,1.010937e-02,3.555983e-02,4.031666e-02,3.845983e-03,3.196914e-02,6.495837e-02,2.969850e-02,8.144452e-03,5.153418e-02
2.401988e-01,7.636355e-02,3.379653e-02,2.838802e-01,2.338192e-02,3.586624e-02,9.571183e-03,3.207088e-02,4.508423e-02,5.141720e-03,4.025985e-02,6.849018e-02,3.192412e-02,1.227241e-02,6.169820e-02
3.102731e-01,7.863301e-02,2.770170e-02,2.387810e-01,2.265521e-02,3.300899e-02,9.024849e-03,2.626079e-02,3.923606e-02,5.185265e-03,3.816582e-02,6.086292e-02,3.275391e-02,1.424054e-02,6.321682e-02
2.602063e-01,1.019250e-01,3.297159e-02,3.149585e-01,2.079917e-02,2.676815e-02,7.763484e-03,2.423440e-02,3.277489e-02,4.095377e-03,3.436398e-02,4.866977e-02,2.660431e-02,1.162902e-02,5.223609e-02
3.976777e-01,8.270136e-02,2.618573e-02,2.397308e-01,1.797695e-02,2.434174e-02,6.816432e-03,1.944314e-02,2.668632e-02,3.596910e-03,2.936430e-02,4.263987e-02,2.710045e-02,9.875668e-03,4.586268e-02
4.760305e-01,6.839173e-02,2.074053e-02,1.870790e-01,1.731550e-02,2.552243e-02,6.798201e-03,1.638438e-02,2.448373e-02,3.588466e-03,2.611893e-02,4.123477e-02,3.176896e-02,9.111641e-03,4.543127e-02
4.697837e-01,7.050367e-02,2.532323e-02,2.082556e-01,1.720001e-02,2.521373e-02,6.958517e-03,1.975751e-02,1.995278e-02,3.024878e-03,2.197064e-02,3.627090e-02,2.761728e-02,7.213706e-03,4.095381e-02
1.000000e+00,0.000000e+00,0.000000e+00,0.000000e+00,0.000000e+00,0.000000e+00,0.000000e+00,0.000000e+00,0.000000e+00,0.000000e+00,0.000000e+00,0.000000e+00,0.000000e+00,0.000000e+00,0.000000e+00
1.000000e+00,0.000000e+00,0.000000e+00,0.000000e+00,0.000000e+00,0.000000e+00,0.000000e+00,0.000000e+00,0.000000e+00,0.000000e+00,0.000000e+00,0.000000e+00,0.000000e+00,0.000000e+00,0.000000e+00
1.000000e+00,0.000000e+00,0.000000e+00,0.000000e+00,0.000000e+00,0.000000e+00,0.000000e+00,0.000000e+00,0.000000e+00,0.000000e+00,0.000000e+00,0.000000e+00,0.000000e+00,0.000000e+00,0.000000e+00
1.000000e+00,0.000000e+00,0.000000e+00,0.000000e+00,0.000000e+00,0.000000e+00,0.000000e+00,0.000000e+00,0.000000e+00,0.000000e+00,0.000000e+00,0.000000e+00,0.000000e+00,0.000000e+00,0.000000e+00
1.000000e+00,0.000000e+00,0.000000e+00,0.000000e+00,0.000000e+00,0.000000e+00,0.000000e+00,0.000000e+00,0.000000e+00,0.000000e+00,0.000000e+00,0.000000e+00,0.000000e+00,0.000000e+00,0.000000e+00
1.000000e+00,0.000000e+00,0.000000e+00,0.000000e+00,0.000000e+00,0.000000e+00,0.000000e+00,0.000000e+00,0.000000e+00,0.000000e+00,0.000000e+00,0.000000e+00,0.000000e+00,0.000000e+00,0.000000e+00
1.000000e+00,0.000000e+00,0.000000e+00,0.000000e+00,0.000000e+00,0.000000e+00,0.000000e+00,0.000000e+00,0.000000e+00,0.000000e+00,0.000000e+00,0.000000e+00,0.000000e+00,0.000000e+00,0.000000e+00
1.000000e+00,0.000000e+00,0.000000e+00,0.000000e+00,0.000000e+00,0.000000e+00,0.000000e+00,0.000000e+00,0.000000e+00,0.000000e+00,0.000000e+00,0.000000e+00,0.000000e+00,0.000000e+00,0.000000e+00
4.333654e-01,2.149112e-02,4.674649e-03,3.944561e-02,5.137107e-03,1.005510e-01,7.610833e-03,5.881227e-03,2.629820e-02,1.590934e-03,5.640267e-03,1.288615e-02,3.085053e-01,1.898951e-03,2.502321e-02
3.169065e-01,2.211300e-02,3.738176e-03,3.870857e-02,3.944584e-03,7.332591e-02,5.887169e-03,4.277084e-03,1.688779e-01,1.762641e-03,4.339741e-03,9.851946e-03,2.475986e-01,2.127417e-03,9.654067e-02
2.334636e-01,1.843637e-02,5.774388e-03,6.542961e-02,3.946673e-03,5.313692e-02,4.890969e-03,3.771778e-03,3.132508e-01,2.472530e-03,3.891968e-03,7.622199e-03,1.981453e-01,1.899664e-03,8.386718e-02
1.702235e-01,1.455960e-02,4.603634e-03,5.379947e-02,3.461656e-03,5.008294e-02,4.629145e-03,2.752819e-03,2.532236e-01,1.863417e-03,3.183055e-03,5.967086e-03,3.673947e-01,1.391039e-03,6.286427e-02
1.202414e-01,3.134563e-02,7.791777e-03,1.583511e-01,2.634803e-03,3.584785e-02,3.501947e-03,1.960711e-03,3.165100e-01,1.434546e-03,2.492516e-03,5.628763e-03,2.618816e-01,1.029950e-03,4.934735e-02
9.541878e-02,3.462075e-02,1.100807e-02,1.859833e-01,2.693125e-03,2.838004e-02,5.389171e-03,1.606434e-03,2.982455e-01,1.346322e-03,1.402974e-02,2.103151e-02,2.571615e-01,1.103218e-03,4.198255e-02
9.783165e-02,3.619538e-02,1.054469e-02,1.436504e-01,2.326297e-03,2.384295e-02,4.480794e-03,2.454487e-03,3.018653e-01,1.405506e-03,1.605641e-02,2.475492e-02,2.878639e-01,3.005858e-03,4.372145e-02
7.108843e-02,5.204868e-02,1.549053e-02,1.351317e-01,1.773608e-03,1.706979e-02,3.168185e-03,1.829925e-03,4.090625e-01,2.091611e-03,1.230008e-02,2.402735e-02,2.126572e-01,3.293741e-03,3.896665e-02
8.458561e-02,4.886007e-02,1.315563e-02,1.022310e-01,1.774724e-03,1.298788e-02,2.334650e-03,2.500237e-03,3.987018e-01,2.618646e-03,1.452487e-02,3.059005e-02,2.285298e-01,9.335622e-03,4.726950e-02
1.806104e-01,4.307771e-02,1.373947e-02,7.722804e-02,5.664095e-03,1.044354e-02,2.014529e-03,6.760777e-03,3.344434e-01,3.712447e-03,1.372736e-02,2.603941e-02,1.958733e-01,1.292821e-02,7.373729e-02
2.350855e-01,3.940871e-02,1.591787e-02,5.831476e-02,1.411656e-02,1.241797e-02,2.279900e-03,7.957999e-03,3.470777e-01,3.212576e-03,1.413654e-02,2.025671e-02,1.534572e-01,1.174378e-02,6.461628e-02
1.942188e-01,5.821063e-02,1.687506e-02,5.029412e-02,1.215091e-02,9.949245e-03,1.850169e-03,6.479540e-03,4.429970e-01,5.240878e-03,1.052576e-02,1.490139e-02,1.108770e-01,9.186215e-03,5.624314e-02
2.370710e-01,5.061773e-02,1.688236e-02,5.848083e-02,1.128956e-02,1.430510e-02,1.744266e-03,6.320703e-03,4.070637e-01,6.894764e-03,1.242811e-02,1.932592e-02,8.982164e-02,8.040085e-03,5.971419e-02
2.877312e-01,4.162697e-02,1.478541e-02,5.385684e-02,9.511208e-03,1.730160e-02,1.635589e-03,5.245050e-03,3.487726e-01,1.006962e-02,2.173312e-02,2.925819e-02,8.051154e-02,9.273783e-03,6.868725e-02
2.632100e-01,3.691138e-02,1.248632e-02,4.045595e-02,2.050140e-02,1.655049e-02,2.445724e-03,5.049739e-03,3.968807e-01,8.336789e-03,2.371595e-02,2.753384e-02,6.840865e-02,8.318576e-03,6.919445e-02
3.246911e-01,3.095387e-02,1.352151e-02,4.391197e-02,3.643933e-02,1.905737e-02,4.923467e-03,1.231217e-02,3.261594e-01,7.092748e-03,2.572543e-02,3.614407e-02,5.487360e-02,7.070706e-03,5.712330e-02
3.671444e-01,3.407532e-02,2.047373e-02,3.981020e-02,3.172670e-02,1.822647e-02,4.617723e-03,1.252518e-02,2.650779e-01,8.887049e-03,3.054732e-02,3.824430e-02,4.473792e-02,9.198055e-03,7.470784e-02
3.862459e-01,3.794120e-02,2.891128e-02,6.915525e-02,2.987735e-02,1.705881e-02,4.146909e-03,1.188105e-02,2.175021e-01,9.685736e-03,2.856002e-02,3.183465e-02,3.576622e-02,7.945013e-03,8.348858e-02
4.177849e-01,4.625992e-02,2.296778e-02,5.370640e-02,3.217047e-02,2.020387e-02,3.550665e-03,1.062397e-02,2.119241e-01,9.248091e-03,3.042042e-02,2.845944e-02,3.006144e-02,7.455287e-03,7.516326e-02
3.012511e-01,1.090148e-01,2.786753e-02,1.147577e-01,2.375736e-02,1.473510e-02,2.627467e-03,7.759199e-03,2.244858e-01,8.022044e-03,2.379840e-02,2.116295e-02,2.558446e-02,6.030533e-03,8.914553e-02
2.725765e-01,1.117999e-01,2.346406e-02,9.392910e-02,2.448624e-02,1.589406e-02,2.897071e-03,7.757445e-03,2.494410e-01,8.744309e-03,4.357880e-02,1.986947e-02,3.067487e-02,8.472329e-03,8.641484e-02
2.574257e-01,9.397957e-02,2.976977e-02,1.046439e-01,2.072410e-02,1.350811e-02,2.444601e-03,6.885354e-03,2.671606e-01,1.209152e-02,3.697537e-02,1.947588e-02,3.577014e-02,7.324964e-03,9.182039e-02
2.834404e-01,8.126346e-02,2.656078e-02,7.927064e-02,2.218231e-02,1.567920e-02,2.877520e-03,6.877727e-03,2.721608e-01,1.077483e-02,2.938331e-02,1.601345e-02,3.783655e-02,7.518787e-03,1.081602e-01
3.188585e-01,7.211684e-02,2.078671e-02,5.883732e-02,3.956440e-02,3.608886e-02,2.929002e-03,7.154448e-03,2.772760e-01,7.772765e-03,2.306850e-02,1.330320e-02,3.197300e-02,7.025051e-03,8.324531e-02
3.006795e-01,9.358770e-02,2.127234e-02,5.027555e-02,3.530645e-02,3.658782e-02,2.822752e-03,9.667497e-03,2.846264e-01,6.263274e-03,1.896228e-02,1.866728e-02,3.912119e-02,7.320072e-03,7.483985e-02
2.959464e-01,8.899949e-02,1.849946e-02,4.179736e-02,3.645223e-02,3.926974e-02,3.176489e-03,1.548456e-02,2.828565e-01,5.456592e-03,1.588665e-02,2.562597e-02,5.190527e-02,6.436598e-03,7.220668e-02
2.978436e-01,8.913977e-02,1.495186e-02,3.571909e-02,3.689873e-02,3.746867e-02,3.319554e-03,1.448751e-02,2.951735e-01,5.476456e-03,1.367884e-02,2.185217e-02,5.538834e-02,6.070653e-03,7.253125e-02
3.101923e-01,9.710565e-02,1.420463e-02,4.820742e-02,3.032869e-02,3.294731e-02,3.537803e-03,1.628944e-02,2.679715e-01,7.020965e-03,1.340403e-02,2.159853e-02,5.510236e-02,7.048719e-03,7.504074e-02
3.143739e-01,1.074221e-01,1.395765e-02,5.134720e-02,2.757143e-02,2.921114e-02,3.306510e-03,1.681809e-02,2.590187e-01,9.040089e-03,1.310141e-02,2.301894e-02,5.229289e-02,6.813130e-03,7.270680e-02
3.011236e-01,1.324467e-01,1.092697e-02,6.372295e-02,2.297367e-02,2.363754e-02,2.894766e-03,1.314011e-02,2.756448e-01,1.084761e-02,1.055328e-02,1.881843e-02,4.194736e-02,5.856962e-03,6.546537e-02
3.265943e-01,1.305424e-01,8.707684e-03,7.916874e-02,1.874817e-02,2.047759e-02,2.483798e-03,1.082097e-02,2.592051e-01,1.079884e-02,8.730081e-03,1.623508e-02,4.234712e-02,5.028077e-03,6.011207e-02
3.636604e-01,1.020958e-01,8.374404e-03,7.271007e-02,2.880289e-02,2.353651e-02,5.175382e-03,1.059626e-02,2.475453e-01,9.464903e-03,9.462023e-03,2.086059e-02,3.524486e-02,6.083757e-03,5.638679e-02
3.874665e-01,9.158830e-02,1.067968e-02,7.297292e-02,3.520723e-02,2.467446e-02,7.872593e-03,1.055938e-02,2.250924e-01,1.097855e-02,8.366815e-03,1.719420e-02,3.244077e-02,5.064296e-03,5.984195e-02
3.724860e-01,7.663391e-02,1.042402e-02,5.861426e-02,3.285484e-02,2.852389e-02,7.340276e-03,1.140925e-02,2.117476e-01,9.731581e-03,1.023835e-02,2.528539e-02,4.454447e-02,1.371290e-02,8.645326e-02
3.413593e-01,6.846745e-02,9.106729e-03,4.736043e-02,3.542109e-02,2.820869e-02,8.473719e-03,1.095476e-02,1.987461e-01,1.010819e-02,1.149454e-02,2.975988e-02,6.676071e-02,1.801851e-02,1.157600e-01
2.898026e-01,5.912283e-02,8.410906e-03,3.976519e-02,3.149598e-02,2.466832e-02,7.064406e-03,9.329312e-03,1.688635e-01,1.395505e-02,1.355044e-02,3.216342e-02,6.380334e-02,2.863474e-02,2.093700e-01
2.650690e-01,5.480240e-02,8.498622e-03,4.016228e-02,3.519899e-02,2.246971e-02,6.064208e-03,9.406108e-03,1.572013e-01,1.393330e-02,1.289014e-02,3.266079e-02,5.842236e-02,2.884857e-02,2.543722e-01
2.563286e-01,5.275561e-02,8.312691e-03,3.335531e-02,3.896272e-02,6.898937e-02,5.066527e-03,8.693725e-03,1.667295e-01,1.334691e-02,1.281879e-02,2.743248e-02,5.148796e-02,2.846825e-02,2.272516e-01
2.421801e-01,4.375796e-02,7.941690e-03,3.200307e-02,5.023334e-02,1.312608e-01,4.707157e-03,1.299835e-02,1.799844e-01,1.100901e-02,1.433505e-02,2.334622e-02,4.129665e-02,2.638146e-02,1.785648e-01
1.957072e-01,4.584780e-02,1.183425e-01,8.044095e-02,5.637664e-02,1.007238e-01,4.579020e-03,1.615918e-02,1.587370e-01,8.903449e-03,1.087543e-02,1.733405e-02,3.185723e-02,1.887956e-02,1.352363e-01
1.647056e-01,4.134148e-02,2.302275e-01,1.016082e-01,4.962932e-02,7.742403e-02,3.764821e-03,2.388089e-02,1.364388e-01,8.212214e-03,9.350128e-03,1.382037e-02,2.526365e-02,1.364684e-02,1.006861e-01
1.381000e-01,3.953665e-02,2.239312e-01,9.254386e-02,1.253407e-01,8.940772e-02,6.163370e-03,5.858256e-02,9.798972e-02,6.166007e-03,7.728156e-03,1.002425e-02,2.247162e-02,9.849802e-03,7.216445e-02
1.177043e-01,3.346592e-02,1.668618e-01,7.137435e-02,1.041336e-01,7.734492e-02,1.177453e-02,2.531767e-01,6.941580e-02,4.438450e-03,5.923781e-03,7.205795e-03,1.936460e-02,6.935281e-03,5.088031e-02
1.068810e-01,2.802438e-02,1.236648e-01,5.201262e-02,8.219875e-02,6.634481e-02,1.741816e-02,4.037440e-01,4.946933e-02,3.171768e-03,4.559344e-03,5.199164e-03,1.659852e-02,4.894644e-03,3.581870e-02
8.536370e-02,2.176737e-02,8.886206e-02,3.722884e-02,6.037245e-02,1.098964e-01,1.833956e-02,4.769911e-01,3.531377e-02,2.403033e-03,3.833510e-03,4.165691e-03,2.649239e-02,3.469527e-03,2.550064e-02
7.549132e-02,1.782241e-02,6.629046e-02,2.770604e-02,4.559623e-02,1.597642e-01,1.911623e-02,4.937626e-01,2.594351e-02,1.937001e-03,4.973942e-03,4.308838e-03,3.637294e-02,2.515944e-03,1.839837e-02
1.251017e-01,1.435766e-02,5.865044e-02,2.873529e-02,3.443336e-02,1.613357e-01,1.646680e-02,3.959212e-01,3.766056e-02,4.195699e-03,1.677962e-02,2.111744e-02,6.560839e-02,3.102924e-03,1.653322e-02
1.281996e-01,1.306750e-02,5.070760e-02,2.465902e-02,3.507882e-02,1.571275e-01,2.268691e-02,4.030875e-01,3.664119e-02,3.716077e-03,1.461609e-02,1.783229e-02,7.473213e-02,2.524178e-03,1.532369e-02
1.188353e-01,1.173964e-02,4.323216e-02,1.964751e-02,3.055179e-02,1.376318e-01,2.199412e-02,4.314834e-01,4.633949e-02,4.647457e-03,1.466824e-02,1.569859e-02,8.072133e-02,2.668174e-03,2.014104e-02
9.705681e-02,1.100431e-02,3.696714e-02,1.569627e-02,2.633646e-02,1.174681e-01,2.355140e-02,3.789460e-01,4.731789e-02,4.226656e-03,1.286702e-02,1.226984e-02,1.914569e-01,2.205013e-03,2.263022e-02
9.147534e-02,1.008558e-02,2.978106e-02,1.297267e-02,2.234651e-02,9.240333e-02,1.997013e-02,3.926305e-01,4.080443e-02,3.809715e-03,1.064690e-02,1.005183e-02,2.371154e-01,1.867505e-03,2.403914e-02
8.889030e-02,1.127687e-02,6.328200e-02,1.392918e-01,1.764135e-02,6.678290e-02,1.454455e-02,2.989651e-01,7.508729e-02,4.314757e-03,1.099386e-02,1.072379e-02,1.755628e-01,1.702837e-03,2.093992e-02
1.299718e-01,1.717788e-02,5.366166e-02,1.443667e-01,1.585785e-02,5.272045e-02,1.190818e-02,2.569816e-01,8.436149e-02,4.286031e-03,1.973857e-02,1.151532e-02,1.467337e-01,2.537511e-03,4.818135e-02
2.411137e-01,1.410656e-02,4.227707e-02,1.230182e-01,1.410606e-02,4.765556e-02,9.740240e-03,2.288038e-01,7.108544e-02,3.282343e-03,1.841173e-02,1.258200e-02,1.114702e-01,2.662741e-03,5.968429e-02
3.034439e-01,2.008427e-02,3.279924e-02,1.170639e-01,1.159990e-02,3.842452e-02,7.779351e-03,1.663591e-01,1.051330e-01,3.028378e-03,1.777824e-02,1.332706e-02,8.576307e-02,2.819941e-03,7.459614e-02
3.487935e-01,2.123563e-02,2.584689e-02,1.084419e-01,1.148152e-02,3.100040e-02,7.078433e-03,1.197692e-01,1.326450e-01,2.472906e-03,1.541306e-02,1.218722e-02,6.570622e-02,2.696184e-03,9.523204e-02
2.924699e-01,3.205963e-02,1.962390e-02,9.908617e-02,1.454976e-02,2.546368e-02,5.802541e-03,8.502729e-02,2.524006e-01,2.086170e-03,1.251621e-02,9.202480e-03,5.073343e-02,2.557411e-03,9.642084e-02
2.263559e-01,4.250135e-02,1.678163e-02,1.016248e-01,1.463950e-02,2.088146e-02,4.963517e-03,6.435462e-02,3.685078e-01,1.915325e-03,1.131312e-02,7.130946e-03,4.012124e-02,2.084528e-03,7.682422e-02
2.350757e-01,3.653853e-02,1.324127e-02,9.294686e-02,2.362642e-02,1.857537e-02,6.314784e-03,5.124414e-02,4.047900e-01,2.165154e-03,1.052812e-02,7.193842e-03,3.477826e-02,1.908419e-03,6.107303e-02
2.094776e-01,3.474195e-02,1.011888e-02,1.016077e-01,1.768700e-02,1.647587e-02,4.783013e-03,3.701288e-02,4.636373e-01,2.454882e-03,1.009596e-02,8.709032e-03,3.103784e-02,2.067693e-03,5.009240e-02
2.009844e-01,3.360944e-02,8.465922e-03,1.105932e-01,1.558151e-02,1.511488e-02,3.998693e-03,2.978868e-02,4.716499e-01,4.421411e-03,1.166198e-02,8.972631e-03,2.998827e-02,2.568343e-03,5.260074e-02
2.193273e-01,3.020604e-02,8.031208e-03,9.161424e-02,1.950015e-02,1.482260e-02,3.967877e-03,2.393109e-02,4.596169e-01,7.112455e-03,1.524648e-02,9.616901e-03,2.655406e-02,4.275768e-03,6.617696e-02
2.100542e-01,3.669526e-02,6.853204e-03,8.036479e-02,1.452793e-02,1.386349e-02,3.018877e-03,1.784121e-02,4.844637e-01,7.877704e-03,1.470091e-02,1.012321e-02,2.423571e-02,5.486879e-03,6.989292e-02
2.261013e-01,3.923903e-02,5.774717e-03,7.063458e-02,1.095843e-02,1.223649e-02,2.297019e-03,1.307031e-02,4.483791e-01,8.967968e-03,1.386965e-02,1.153905e-02,2.547054e-02,7.502251e-03,1.039596e-01
2.819763e-01,3.558956e-02,4.828537e-03,6.090507e-02,1.024751e-02,1.215562e-02,2.006892e-03,9.783928e-03,3.834759e-01,8.330677e-03,1.993165e-02,1.203537e-02,3.633046e-02,1.264482e-02,1.097577e-01
3.554563e-01,3.039491e-02,3.904912e-03,5.201887e-02,1.031377e-02,1.623644e-02,1.873985e-03,7.345517e-03,3.248840e-01,7.668867e-03,2.305420e-02,1.273111e-02,4.033177e-02,1.672871e-02,9.705666e-02
3.615910e-01,2.560420e-02,4.580031e-03,5.624606e-02,1.090729e-02,1.564921e-02,2.552858e-03,8.660682e-03,3.260392e-01,6.782280e-03,2.201283e-02,1.782637e-02,3.956570e-02,1.437544e-02,8.760694e-02
4.072168e-01,2.162385e-02,3.795341e-03,4.900052e-02,1.102439e-02,1.730650e-02,2.664902e-03,7.689185e-03,2.690424e-01,6.848034e-03,2.186072e-02,2.015308e-02,5.776668e-02,2.039641e-02,8.361122e-02
3.988497e-01,1.745015e-02,3.330261e-03,7.114142e-02,9.288095e-03,1.657208e-02,2.090734e-03,7.228875e-03,2.806669e-01,5.644144e-03,2.026683e-02,2.508832e-02,5.398081e-02,1.857687e-02,6.982484e-02
3.706620e-01,1.425141e-02,2.757938e-03,6.133427e-02,7.094359e-03,1.604379e-02,1.918697e-03,5.562923e-03,2.774473e-01,6.786043e-03,2.956277e-02,3.934572e-02,6.665190e-02,3.844514e-02,6.213571e-02
3.889539e-01,1.169585e-02,2.292146e-03,4.815586e-02,6.946581e-03,1.636712e-02,1.970644e-03,4.550936e-03,2.318158e-01,7.429532e-03,4.515021e-02,4.379727e-02,9.383292e-02,4.735114e-02,4.969019e-02
3.699304e-01,9.329428e-03,6.074024e-03,4.054074e-02,5.339915e-03,1.535614e-02,2.170866e-03,4.165638e-03,2.461548e-01,6.702594e-03,3.610970e-02,3.647670e-02,8.160271e-02,8.550847e-02,5.453787e-02
3.085863e-01,7.206213e-03,5.115580e-03,3.079701e-02,4.180124e-03,1.506571e-02,2.301300e-03,3.263202e-03,1.820846e-01,5.423839e-03,2.818526e-02,7.230806e-02,8.291349e-02,2.072053e-01,4.536407e-02
2.679367e-01,5.257365e-03,3.907547e-03,2.254403e-02,3.219648e-03,1.315065e-02,1.991598e-03,2.691707e-03,1.314875e-01,4.371994e-03,2.115735e-02,1.092121e-01,7.583755e-02,3.010203e-01,3.621401e-02
2.269472e-01,3.996862e-03,3.292381e-03,2.085454e-02,3.469681e-03,1.252102e-02,2.492558e-03,4.664159e-03,1.349368e-01,4.456816e-03,2.601204e-02,1.081620e-01,1.159421e-01,3.031677e-01,2.908403e-02
2.107540e-01,3.598038e-03,3.584540e-03,1.665561e-02,4.781773e-03,1.008573e-02,2.677256e-03,6.527675e-03,1.193468e-01,5.010196e-03,3.195268e-02,9.302391e-02,1.596981e-01,2.985863e-01,3.371743e-02
1.923312e-01,7.574266e-03,3.809777e-03,1.237754e-02,7.823396e-03,1.349158e-02,2.486410e-03,5.329609e-03,1.259035e-01,6.962734e-03,3.863130e-02,7.935268e-02,1.334859e-01,3.240997e-01,4.634044e-02
1.760532e-01,5.826085e-03,3.173000e-03,9.384134e-03,6.279532e-03,1.174064e-02,3.137011e-03,4.822959e-03,1.783380e-01,1.571077e-02,3.178773e-02,7.133026e-02,1.183375e-01,3.238457e-01,4.023335e-02
1.401391e-01,6.469204e-03,3.083679e-03,7.121740e-03,5.653058e-03,1.100176e-02,3.084658e-03,4.649953e-03,2.218984e-01,3.605080e-02,2.757538e-02,5.731477e-02,9.355615e-02,3.361107e-01,4.629072e-02
1.104057e-01,5.606976e-03,2.322155e-03,5.273984e-03,4.324343e-03,8.510228e-03,2.390544e-03,3.426663e-03,2.379153e-01,3.901427e-02,2.210200e-02,4.766919e-02,7.367974e-02,3.966993e-01,4.065960e-02
8.406202e-02,7.012945e-03,1.831583e-03,3.894732e-03,6.246465e-03,6.712937e-03,1.805988e-03,2.519728e-03,3.285928e-01,3.830325e-02,2.292017e-02,4.103470e-02,6.176241e-02,3.492653e-01,4.403501e-02
6.168944e-02,6.607402e-03,1.422668e-03,3.130787e-03,5.218535e-03,5.368745e-03,1.357859e-03,1.828572e-03,4.697175e-01,3.623390e-02,1.816859e-02,3.144923e-02,4.560674e-02,2.741038e-01,3.809625e-02
4.897274e-02,6.421666e-03,1.112779e-03,2.556213e-03,6.767169e-03,6.251136e-03,1.058509e-03,1.387244e-03,5.607143e-01,3.130506e-02,1.603574e-02,2.766071e-02,3.698447e-02,2.148985e-01,3.787388e-02
3.622990e-02,6.147600e-03,9.116108e-04,2.333441e-03,7.533207e-03,5.751861e-03,7.748762e-04,1.112244e-03,6.386279e-01,2.508464e-02,1.552125e-02,2.465809e-02,3.196573e-02,1.674657e-01,3.588203e-02
3.003236e-02,4.713511e-03,6.611937e-04,2.344943e-03,5.733988e-03,4.747217e-03,5.751356e-04,8.223607e-04,6.634847e-01,1.938170e-02,1.658806e-02,3.152457e-02,3.493148e-02,1.551688e-01,2.929009e-02
2.512776e-02,3.607346e-03,4.760169e-04,2.193631e-03,4.370821e-03,5.595056e-03,4.457049e-04,6.056296e-04,6.079857e-01,1.550251e-02,2.992401e-02,5.835059e-02,5.934719e-02,1.591375e-01,2.733059e-02
2.083552e-02,3.074553e-03,3.518756e-04,2.241667e-03,3.119242e-03,4.479157e-03,3.430184e-04,4.408222e-04,5.951702e-01,1.272763e-02,2.875973e-02,5.946173e-02,5.286013e-02,1.862588e-01,2.987606e-02
1.620028e-02,2.535445e-03,3.001069e-04,1.665889e-03,2.208374e-03,3.366002e-03,3.037842e-04,3.220688e-04,4.411369e-01,1.175066e-02,2.199622e-02,5.905084e-02,4.328943e-02,3.661004e-01,2.977367e-02
1.289747e-02,2.212246e-03,2.505448e-04,1.296612e-03,1.595912e-03,2.700214e-03,2.757111e-04,2.400815e-04,3.292008e-01,9.766712e-03,1.829317e-02,1.040012e-01,4.771324e-02,4.416654e-01,2.789070e-02
9.769697e-03,2.554752e-03,2.505130e-04,1.011157e-03,1.262488e-03,2.204841e-03,3.472446e-04,2.261882e-04,2.518767e-01,9.577940e-03,2.060239e-02,1.927638e-01,6.828985e-02,4.024302e-01,3.683230e-02
7.374024e-03,2.531254e-03,2.209126e-04,8.060987e-04,1.107849e-03,2.026415e-03,4.617121e-04,2.059140e-04,1.960876e-01,1.071713e-02,2.182359e-02,2.786613e-01,9.486268e-02,3.435633e-01,3.955027e-02
6.585222e-03,4.571250e-03,5.149726e-04,7.103735e-04,9.459772e-04,1.933020e-03,4.862656e-04,5.332114e-04,1.517032e-01,1.031930e-02,2.150401e-02,4.293402e-01,9.079185e-02,2.504937e-01,2.956739e-02
5.785016e-03,4.513792e-03,4.263287e-04,6.788605e-04,8.776142e-04,2.125898e-03,6.583682e-04,4.993097e-04,1.230832e-01,9.889254e-03,1.889024e-02,5.368631e-01,9.185559e-02,1.826225e-01,2.123107e-02
4.550494e-03,3.745114e-03,3.616897e-04,8.094215e-04,3.340491e-03,1.859560e-03,5.239322e-04,5.243643e-04,1.999276e-01,8.660063e-03,1.911188e-02,5.270676e-01,8.586556e-02,1.284273e-01,1.522498e-02
3.333814e-03,2.861496e-03,2.840715e-04,6.208820e-04,2.632791e-03,1.465359e-03,4.060615e-04,5.640279e-04,1.660659e-01,7.208250e-03,1.812881e-02,6.179152e-01,7.717687e-02,9.038639e-02,1.095014e-02
2.454266e-03,2.389250e-03,2.385704e-04,4.674926e-04,3.637041e-03,1.242586e-03,3.348650e-04,5.111319e-04,2.185001e-01,5.814471e-03,1.966465e-02,5.914704e-01,8.192098e-02,6.345937e-02,7.894875e-03
1.907272e-03,2.346777e-03,3.533663e-04,3.738636e-04,3.753157e-03,1.148403e-03,2.599057e-04,9.970374e-04,2.325608e-01,4.488891e-03,1.743160e-02,6.131891e-01,7.088896e-02,4.471066e-02,5.590281e-03
1.423550e-03,1.813664e-03,2.784671e-04,2.934368e-04,2.921500e-03,1.254631e-03,1.896516e-04,7.714878e-04,1.749329e-01,3.646333e-03,1.413540e-02,7.044463e-01,5.832754e-02,3.161786e-02,3.947314e-03
1.045328e-03,1.412868e-03,2.048999e-04,2.194977e-04,2.454532e-03,1.164410e-03,1.400910e-04,5.838400e-04,1.420414e-01,3.028886e-03,1.227510e-02,7.584131e-01,5.197344e-02,2.225695e-02,2.785681e-03
7.872698e-04,1.023587e-03,1.462362e-04,1.715482e-04,1.954908e-03,9.526523e-04,1.022939e-04,6.222887e-04,1.178396e-01,2.359136e-03,1.452839e-02,7.832295e-01,5.867110e-02,1.564630e-02,1.965163e-03
5.905386e-04,7.399773e-04,1.035679e-04,1.399121e-04,1.559271e-03,8.557028e-04,7.564757e-05,5.538760e-04,1.045424e-01,1.797529e-03,1.882489e-02,8.025123e-01,5.532190e-02,1.099637e-02,1.386064e-03
4.738446e-04,9.117521e-04,1.032162e-04,1.222522e-04,1.749829e-03,7.673451e-04,6.005808e-05,7.324113e-04,1.576458e-01,1.374991e-03,2.681546e-02,7.356108e-01,6.486061e-02,7.782663e-03,9.889385e-04
3.831438e-04,8.096520e-04,1.083808e-04,1.359215e-04,1.947104e-03,7.499219e-04,5.730251e-05,1.158269e-03,1.737196e-01,1.384519e-03,2.283193e-02,7.289785e-01,6.147693e-02,5.550518e-03,7.083669e-04
3.448587e-04,6.955331e-04,1.260745e-04,1.446869e-04,7.864726e-03,6.876652e-04,1.935170e-04,1.490319e-03,2.312119e-01,1.559171e-03,1.999154e-02,6.725646e-01,5.863654e-02,3.975204e-03,5.136090e-04
6.609611e-04,8.505775e-04,5.993068e-04,2.093254e-04,7.200947e-02,9.614886e-04,1.358417e-03,3.787444e-03,2.478649e-01,1.611425e-03,1.930932e-02,5.962681e-01,5.119297e-02,2.866220e-03,4.500508e-04
1.541726e-03,7.707534e-04,1.212571e-03,2.333569e-04,2.378936e-01,9.335910e-04,3.609596e-03,2.009896e-02,1.910659e-01,1.291324e-03,2.003498e-02,4.746664e-01,4.427513e-02,2.036000e-03,3.360547e-04
2.338386e-03,7.132259e-04,1.653708e-03,5.025218e-04,2.414978e-01,1.474707e-03,3.573957e-03,8.248094e-02,1.921194e-01,1.128540e-03,2.128080e-02,3.977923e-01,5.154349e-02,1.608973e-03,2.912905e-04
3.202324e-03,6.131716e-04,4.547175e-03,5.969021e-04,1.788691e-01,1.137339e-03,2.630237e-03,2.981516e-01,1.477410e-01,8.319479e-04,2.324573e-02,2.866639e-01,5.036928e-02,1.176252e-03,2.241042e-04
1.131096e-02,5.815012e-04,6.818213e-03,2.620288e-03,1.450175e-01,3.483810e-03,1.974576e-03,3.900142e-01,1.173493e-01,7.568484e-04,3.308676e-02,2.235360e-01,6.224510e-02,9.868946e-04,2.182361e-04
1.489835e-02,6.018999e-04,8.309464e-03,3.243410e-03,1.508515e-01,2.860125e-03,2.155366e-03,4.215934e-01,1.186950e-01,6.264568e-04,3.949269e-02,1.652305e-01,7.037403e-02,8.597580e-04,2.081498e-04
1.574979e-02,7.166076e-04,9.521207e-03,4.348458e-03,1.301850e-01,2.409167e-03,2.077686e-03,4.922071e-01,1.117462e-01,5.502868e-04,3.790149e-02,1.230357e-01,6.857339e-02,7.658256e-04,2.120221e-04
2.727572e-02,1.381099e-03,1.979698e-02,6.796721e-03,2.098667e-01,1.117357e-02,5.351038e-03,4.386143e-01,1.031365e-01,5.598618e-04,3.214717e-02,8.853560e-02,5.425290e-02,8.723047e-04,2.395959e-04
3.695800e-02,2.931565e-03,1.851587e-02,9.419763e-03,3.293610e-01,3.082044e-02,9.773297e-03,3.446731e-01,8.436537e-02,5.916741e-04,2.574290e-02,6.368414e-02,4.195683e-02,8.202631e-04,3.858663e-04
4.271258e-02,3.896749e-03,1.454339e-02,1.190629e-02,4.509150e-01,4.304033e-02,1.061662e-02,2.535606e-01,6.918156e-02,6.089938e-04,2.051438e-02,4.576260e-02,3.155410e-02,8.217748e-04,3.650548e-04
4.848997e-02,5.429775e-03,1.152021e-02,1.188599e-02,5.463302e-01,4.880569e-02,8.935290e-03,1.880148e-01,5.244359e-02,5.032764e-04,2.014374e-02,3.324134e-02,2.284297e-02,1.089072e-03,3.240475e-04
6.129372e-02,6.879456e-03,8.908791e-03,1.700591e-02,5.560339e-01,4.478392e-02,7.445794e-03,1.667855e-01,4.687748e-02,3.750466e-04,1.931725e-02,2.916909e-02,3.359017e-02,1.169194e-03,3.647715e-04
9.601370e-02,6.657014e-03,6.695010e-03,1.416571e-02,6.023934e-01,4.089886e-02,5.527093e-03,1.203836e-01,3.432167e-02,2.763519e-04,2.094477e-02,2.354410e-02,2.667843e-02,1.110582e-03,3.898249e-04
1.207588e-01,1.193646e-02,5.587687e-03,2.881829e-02,4.633401e-01,3.491753e-02,5.393459e-03,1.015132e-01,6.757252e-02,5.370097e-04,2.149142e-02,2.689682e-02,1.053138e-01,1.030664e-03,4.892139e-03
1.513418e-01,1.386461e-02,4.467527e-03,2.720815e-02,4.033533e-01,3.296651e-02,4.760618e-03,7.942718e-02,1.182413e-01,9.172293e-04,1.975539e-02,2.537435e-02,1.097728e-01,9.570198e-04,7.592319e-03
1.081751e-01,2.244521e-02,1.252713e-02,1.234049e-01,2.837835e-01,2.452427e-02,3.515459e-03,5.585675e-02,2.298917e-01,3.601290e-03,1.520588e-02,1.818076e-02,8.094478e-02,7.214416e-04,1.722183e-02
9.206423e-02,2.250303e-02,4.488083e-02,1.825646e-01,2.094010e-01,4.109570e-02,2.909041e-03,4.120761e-02,2.307421e-01,6.337127e-03,1.440014e-02,1.489338e-02,7.021346e-02,6.661646e-04,2.612155e-02
1.810213e-01,3.455218e-02,5.338582e-02,1.608671e-01,1.583572e-01,3.539562e-02,3.735719e-03,3.227333e-02,1.959568e-01,1.050877e-02,1.965791e-02,1.345625e-02,5.819697e-02,8.759854e-04,4.175900e-02
2.772901e-01,5.101947e-02,3.998841e-02,1.227518e-01,1.191148e-01,2.759371e-02,4.140307e-03,2.404823e-02,2.140140e-01,1.112983e-02,1.802669e-02,1.066883e-02,4.439243e-02,1.014850e-03,3.480649e-02
3.005299e-01,6.242405e-02,3.035693e-02,1.050740e-01,8.530975e-02,2.135907e-02,3.481386e-03,1.784634e-02,2.155306e-01,3.782646e-02,1.364612e-02,8.424454e-03,3.673962e-02,1.595045e-03,5.985633e-02
2.361944e-01,5.849430e-02,2.266851e-02,8.543466e-02,6.011209e-02,1.613052e-02,2.508254e-03,1.295668e-02,3.329583e-01,4.048862e-02,1.018829e-02,6.432126e-03,2.925531e-02,1.456652e-03,8.472130e-02
2.102237e-01,5.599090e-02,1.754722e-02,8.121753e-02,4.242769e-02,2.564446e-02,2.052471e-03,9.735670e-03,2.809361e-01,3.416634e-02,7.699328e-03,4.934400e-03,1.332321e-01,1.264192e-03,9.292793e-02
1.950409e-01,4.719462e-02,1.317281e-02,7.200934e-02,3.010494e-02,2.117403e-02,1.774828e-03,7.104259e-03,3.535267e-01,2.494103e-02,7.104632e-03,3.991646e-03,1.209781e-01,3.269335e-03,9.861298e-02
2.277921e-01,3.602463e-02,9.568805e-03,6.131469e-02,2.138125e-02,1.728079e-02,1.927464e-03,5.410692e-03,2.878184e-01,1.985006e-02,1.972680e-02,8.121043e-03,1.825568e-01,1.133062e-02,8.989592e-02
3.131736e-01,3.074031e-02,7.344134e-03,4.897134e-02,1.530484e-02,1.482107e-02,2.434946e-03,4.148942e-03,2.434420e-01,1.482031e-02,1.544327e-02,1.100865e-02,1.526294e-01,1.577655e-02,1.099406e-01
3.043596e-01,2.382105e-02,6.025478e-03,3.575778e-02,1.155273e-02,1.889114e-02,2.493793e-03,3.014139e-03,1.837500e-01,1.120600e-02,1.589770e-02,4.911125e-02,1.908522e-01,4.787733e-02,9.538984e-02
2.804776e-01,1.818604e-02,5.561220e-03,2.611327e-02,8.584976e-03,3.126132e-02,2.488561e-03,2.304621e-03,1.368594e-01,9.662860e-03,2.042437e-02,1.042560e-01,2.137659e-01,6.337159e-02,7.668229e-02
2.220269e-01,1.379645e-02,9.041592e-03,1.987925e-02,6.359038e-03,4.065181e-02,2.323993e-03,1.765185e-03,1.002513e-01,9.934344e-03,5.492436e-02,2.013229e-01,1.635484e-01,9.563506e-02,5.853948e-02
1.609902e-01,1.002640e-02,7.536996e-03,1.486542e-02,5.032453e-03,3.227192e-02,1.971309e-03,1.825334e-03,7.337207e-02,1.038592e-02,7.904599e-02,3.315191e-01,1.156804e-01,1.137825e-01,4.169394e-02
1.234943e-01,7.879653e-03,7.435171e-03,1.209880e-02,6.106215e-03,2.741699e-02,2.630732e-03,3.965074e-03,5.617227e-02,1.074331e-02,8.712494e-02,4.397613e-01,8.252069e-02,1.029117e-01,2.973875e-02
8.706312e-02,5.740767e-03,5.441337e-03,8.789032e-03,6.946038e-03,2.613845e-02,2.017111e-03,3.685270e-03,4.079830e-02,8.044214e-03,6.896195e-02,5.811039e-01,5.941732e-02,7.494456e-02,2.090859e-02
6.142288e-02,4.134407e-03,3.886843e-03,6.358732e-03,8.375018e-03,1.947801e-02,1.451195e-03,2.784054e-03,3.117363e-02,6.456372e-03,5.410989e-02,6.888183e-01,4.286065e-02,5.401677e-02,1.467317e-02
