1.000000e+00,0.000000e+00,0.000000e+00,0.000000e+00,0.000000e+00,0.000000e+00,0.000000e+00,0.000000e+00,0.000000e+00,0.000000e+00,0.000000e+00,0.000000e+00,0.000000e+00,0.000000e+00,0.000000e+00
1.000000e+00,0.000000e+00,0.000000e+00,0.000000e+00,0.000000e+00,0.000000e+00,0.000000e+00,0.000000e+00,0.000000e+00,0.000000e+00,0.000000e+00,0.000000e+00,0.000000e+00,0.000000e+00,0.000000e+00
1.000000e+00,0.000000e+00,0.000000e+00,0.000000e+00,0.000000e+00,0.000000e+00,0.000000e+00,0.000000e+00,0.000000e+00,0.000000e+00,0.000000e+00,0.000000e+00,0.000000e+00,0.000000e+00,0.000000e+00
1.000000e+00,0.000000e+00,0.000000e+00,0.000000e+00,0.000000e+00,0.000000e+00,0.000000e+00,0.000000e+00,0.000000e+00,0.000000e+00,0.000000e+00,0.000000e+00,0.000000e+00,0.000000e+00,0.000000e+00
1.000000e+00,0.000000e+00,0.000000e+00,0.000000e+00,0.000000e+00,0.000000e+00,0.000000e+00,0.000000e+00,0.000000e+00,0.000000e+00,0.000000e+00,0.000000e+00,0.000000e+00,0.000000e+00,0.000000e+00
1.000000e+00,0.000000e+00,0.000000e+00,0.000000e+00,0.000000e+00,0.000000e+00,0.000000e+00,0.000000e+00,0.000000e+00,0.000000e+00,0.000000e+00,0.000000e+00,0.000000e+00,0.000000e+00,0.000000e+00
1.000000e+00,0.000000e+00,0.000000e+00,0.000000e+00,0.000000e+00,0.000000e+00,0.000000e+00,0.000000e+00,0.000000e+00,0.000000e+00,0.000000e+00,0.000000e+00,0.000000e+00,0.000000e+00,0.000000e+00
1.000000e+00,0.000000e+00,0.000000e+00,0.000000e+00,0.000000e+00,0.000000e+00,0.000000e+00,0.000000e+00,0.000000e+00,0.000000e+00,0.000000e+00,0.000000e+00,0.000000e+00,0.000000e+00,0.000000e+00
1.000000e+00,0.000000e+00,0.000000e+00,0.000000e+00,0.000000e+00,0.000000e+00,0.000000e+00,0.000000e+00,0.000000e+00,0.000000e+00,0.000000e+00,0.000000e+00,0.000000e+00,0.000000e+00,0.000000e+00
1.000000e+00,0.000000e+00,0.000000e+00,0.000000e+00,0.000000e+00,0.000000e+00,0.000000e+00,0.000000e+00,0.000000e+00,0.000000e+00,0.000000e+00,0.000000e+00,0.000000e+00,0.000000e+00,0.000000e+00
1.000000e+00,0.000000e+00,0.000000e+00,0.000000e+00,0.000000e+00,0.000000e+00,0.000000e+00,0.000000e+00,0.000000e+00,0.000000e+00,0.000000e+00,0.000000e+00,0.000000e+00,0.000000e+00,0.000000e+00
1.000000e+00,0.000000e+00,0.000000e+00,0.000000e+00,0.000000e+00,0.000000e+00,0.000000e+00,0.000000e+00,0.000000e+00,0.000000e+00,0.000000e+00,0.000000e+00,0.000000e+00,0.000000e+00,0.000000e+00
1.000000e+00,0.000000e+00,0.000000e+00,0.000000e+00,0.000000e+00,0.000000e+00,0.000000e+00,0.000000e+00,0.000000e+00,0.000000e+00,0.000000e+00,0.000000e+00,0.000000e+00,0.000000e+00,0.000000e+00
1.000000e+00,0.000000e+00,0.000000e+00,0.000000e+00,0.000000e+00,0.000000e+00,0.000000e+00,0.000000e+00,0.000000e+00,0.000000e+00,0.000000e+00,0.000000e+00,0.000000e+00,0.000000e+00,0.000000e+00
1.000000e+00,0.000000e+00,0.000000e+00,0.000000e+00,0.000000e+00,0.000000e+00,0.000000e+00,0.000000e+00,0.000000e+00,0.000000e+00,0.000000e+00,0.000000e+00,0.000000e+00,0.000000e+00,0.000000e+00
1.000000e+00,0.000000e+00,0.000000e+00,0.000000e+00,0.000000e+00,0.000000e+00,0.000000e+00,0.000000e+00,0.000000e+00,0.000000e+00,0.000000e+00,0.000000e+00,0.000000e+00,0.000000e+00,0.000000e+00
1.000000e+00,0.000000e+00,0.000000e+00,0.000000e+00,0.000000e+00,0.000000e+00,0.000000e+00,0.000000e+00,0.000000e+00,0.000000e+00,0.000000e+00,0.000000e+00,0.000000e+00,0.000000e+00,0.000000e+00
1.000000e+00,0.000000e+00,0.000000e+00,0.000000e+00,0.000000e+00,0.000000e+00,0.000000e+00,0.000000e+00,0.000000e+00,0.000000e+00,0.000000e+00,0.000000e+00,0.000000e+00,0.000000e+00,0.000000e+00
1.000000e+00,0.000000e+00,0.000000e+00,0.000000e+00,0.000000e+00,0.000000e+00,0.000000e+00,0.000000e+00,0.000000e+00,0.000000e+00,0.000000e+00,0.000000e+00,0.000000e+00,0.000000e+00,0.000000e+00
1.000000e+00,0.000000e+00,0.000000e+00,0.000000e+00,0.000000e+00,0.000000e+00,0.000000e+00,0.000000e+00,0.000000e+00,0.000000e+00,0.000000e+00,0.000000e+00,0.000000e+00,0.000000e+00,0.000000e+00
1.000000e+00,0.000000e+00,0.000000e+00,0.000000e+00,0.000000e+00,0.000000e+00,0.000000e+00,0.000000e+00,0.000000e+00,0.000000e+00,0.000000e+00,0.000000e+00,0.000000e+00,0.000000e+00,0.000000e+00
1.000000e+00,0.000000e+00,0.000000e+00,0.000000e+00,0.000000e+00,0.000000e+00,0.000000e+00,0.000000e+00,0.000000e+00,0.000000e+00,0.000000e+00,0.000000e+00,0.000000e+00,0.000000e+00,0.000000e+00
1.000000e+00,0.000000e+00,0.000000e+00,0.000000e+00,0.000000e+00,0.000000e+00,0.000000e+00,0.000000e+00,0.000000e+00,0.000000e+00,0.000000e+00,0.000000e+00,0.000000e+00,0.000000e+00,0.000000e+00
1.000000e+00,0.000000e+00,0.000000e+00,0.000000e+00,0.000000e+00,0.000000e+00,0.000000e+00,0.000000e+00,0.000000e+00,0.000000e+00,0.000000e+00,0.000000e+00,0.000000e+00,0.000000e+00,0.000000e+00
1.000000e+00,0.000000e+00,0.000000e+00,0.000000e+00,0.000000e+00,0.000000e+00,0.000000e+00,0.000000e+00,0.000000e+00,0.000000e+00,0.000000e+00,0.000000e+00,0.000000e+00,0.000000e+00,0.000000e+00
1.000000e+00,0.000000e+00,0.000000e+00,0.000000e+00,0.000000e+00,0.000000e+00,0.000000e+00,0.000000e+00,0.000000e+00,0.000000e+00,0.000000e+00,0.000000e+00,0.000000e+00,0.000000e+00,0.000000e+00
1.000000e+00,0.000000e+00,0.000000e+00,0.000000e+00,0.000000e+00,0.000000e+00,0.000000e+00,0.000000e+00,0.000000e+00,0.000000e+00,0.000000e+00,0.000000e+00,0.000000e+00,0.000000e+00,0.000000e+00
1.000000e+00,0.000000e+00,0.000000e+00,0.000000e+00,0.000000e+00,0.000000e+00,0.000000e+00,0.000000e+00,0.000000e+00,0.000000e+00,0.000000e+00,0.000000e+00,0.000000e+00,0.000000e+00,0.000000e+00
1.000000e+00,0.000000e+00,0.000000e+00,0.000000e+00,0.000000e+00,0.000000e+00,0.000000e+00,0.000000e+00,0.000000e+00,0.000000e+00,0.000000e+00,0.000000e+00,0.000000e+00,0.000000e+00,0.000000e+00
1.000000e+00,0.000000e+00,0.000000e+00,0.000000e+00,0.000000e+00,0.000000e+00,0.000000e+00,0.000000e+00,0.000000e+00,0.000000e+00,0.000000e+00,0.000000e+00,0.000000e+00,0.000000e+00,0.000000e+00
1.000000e+00,0.000000e+00,0.000000e+00,0.000000e+00,0.000000e+00,0.000000e+00,0.000000e+00,0.000000e+00,0.000000e+00,0.000000e+00,0.000000e+00,0.000000e+00,0.000000e+00,0.000000e+00,0.000000e+00
1.000000e+00,0.000000e+00,0.000000e+00,0.000000e+00,0.000000e+00,0.000000e+00,0.000000e+00,0.000000e+00,0.000000e+00,0.000000e+00,0.000000e+00,0.000000e+00,0.000000e+00,0.000000e+00,0.000000e+00
1.000000e+00,0.000000e+00,0.000000e+00,0.000000e+00,0.000000e+00,0.000000e+00,0.000000e+00,0.000000e+00,0.000000e+00,0.000000e+00,0.000000e+00,0.000000e+00,0.000000e+00,0.000000e+00,0.000000e+00
1.000000e+00,0.000000e+00,0.000000e+00,0.000000e+00,0.000000e+00,0.000000e+00,0.000000e+00,0.000000e+00,0.000000e+00,0.000000e+00,0.000000e+00,0.000000e+00,0.000000e+00,0.000000e+00,0.000000e+00
1.000000e+00,0.000000e+00,0.000000e+00,0.000000e+00,0.000000e+00,0.000000e+00,0.000000e+00,0.000000e+00,0.000000e+00,0.000000e+00,0.000000e+00,0.000000e+00,0.000000e+00,0.000000e+00,0.000000e+00
1.000000e+00,0.000000e+00,0.000000e+00,0.000000e+00,0.000000e+00,0.000000e+00,0.000000e+00,0.000000e+00,0.000000e+00,0.000000e+00,0.000000e+00,0.000000e+00,0.000000e+00,0.000000e+00,0.000000e+00
1.000000e+00,0.000000e+00,0.000000e+00,0.000000e+00,0.000000e+00,0.000000e+00,0.000000e+00,0.000000e+00,0.000000e+00,0.000000e+00,0.000000e+00,0.000000e+00,0.000000e+00,0.000000e+00,0.000000e+00
1.000000e+00,0.000000e+00,0.000000e+00,0.000000e+00,0.000000e+00,0.000000e+00,0.000000e+00,0.000000e+00,0.000000e+00,0.000000e+00,0.000000e+00,0.000000e+00,0.000000e+00,0.000000e+00,0.000000e+00
1.000000e+00,0.000000e+00,0.000000e+00,0.000000e+00,0.000000e+00,0.000000e+00,0.000000e+00,0.000000e+00,0.000000e+00,0.000000e+00,0.000000e+00,0.000000e+00,0.000000e+00,0.000000e+00,0.000000e+00
1.000000e+00,0.000000e+00,0.000000e+00,0.000000e+00,0.000000e+00,0.000000e+00,0.000000e+00,0.000000e+00,0.000000e+00,0.000000e+00,0.000000e+00,0.000000e+00,0.000000e+00,0.000000e+00,0.000000e+00
1.000000e+00,0.000000e+00,0.000000e+00,0.000000e+00,0.000000e+00,0.000000e+00,0.000000e+00,0.000000e+00,0.000000e+00,0.000000e+00,0.000000e+00,0.000000e+00,0.000000e+00,0.000000e+00,0.000000e+00
1.000000e+00,0.000000e+00,0.000000e+00,0.000000e+00,0.000000e+00,0.000000e+00,0.000000e+00,0.000000e+00,0.000000e+00,0.000000e+00,0.000000e+00,0.000000e+00,0.000000e+00,0.000000e+00,0.000000e+00
1.000000e+00,0.000000e+00,0.000000e+00,0.000000e+00,0.000000e+00,0.000000e+00,0.000000e+00,0.000000e+00,0.000000e+00,0.000000e+00,0.000000e+00,0.000000e+00,0.000000e+00,0.000000e+00,0.000000e+00
1.000000e+00,0.000000e+00,0.000000e+00,0.000000e+00,0.000000e+00,0.000000e+00,0.000000e+00,0.000000e+00,0.000000e+00,0.000000e+00,0.000000e+00,0.000000e+00,0.000000e+00,0.000000e+00,0.000000e+00
1.000000e+00,0.000000e+00,0.000000e+00,0.000000e+00,0.000000e+00,0.000000e+00,0.000000e+00,0.000000e+00,0.000000e+00,0.000000e+00,0.000000e+00,0.000000e+00,0.000000e+00,0.000000e+00,0.000000e+00
1.000000e+00,0.000000e+00,0.000000e+00,0.000000e+00,0.000000e+00,0.000000e+00,0.000000e+00,0.000000e+00,0.000000e+00,0.000000e+00,0.000000e+00,0.000000e+00,0.000000e+00,0.000000e+00,0.000000e+00
1.000000e+00,0.000000e+00,0.000000e+00,0.000000e+00,0.000000e+00,0.000000e+00,0.000000e+00,0.000000e+00,0.000000e+00,0.000000e+00,0.000000e+00,0.000000e+00,0.000000e+00,0.000000e+00,0.000000e+00
1.000000e+00,0.000000e+00,0.000000e+00,0.000000e+00,0.000000e+00,0.000000e+00,0.000000e+00,0.000000e+00,0.000000e+00,0.000000e+00,0.000000e+00,0.000000e+00,0.000000e+00,0.000000e+00,0.000000e+00
1.000000e+00,0.000000e+00,0.000000e+00,0.000000e+00,0.000000e+00,0.000000e+00,0.000000e+00,0.000000e+00,0.000000e+00,0.000000e+00,0.000000e+00,0.000000e+00,0.000000e+00,0.000000e+00,0.000000e+00
1.000000e+00,0.000000e+00,0.000000e+00,0.000000e+00,0.000000e+00,0.000000e+00,0.000000e+00,0.000000e+00,0.000000e+00,0.000000e+00,0.000000e+00,0.000000e+00,0.000000e+00,0.000000e+00,0.000000e+00
1.000000e+00,0.000000e+00,0.000000e+00,0.000000e+00,0.000000e+00,0.000000e+00,0.000000e+00,0.000000e+00,0.000000e+00,0.000000e+00,0.000000e+00,0.000000e+00,0.000000e+00,0.000000e+00,0.000000e+00
1.000000e+00,0.000000e+00,0.000000e+00,0.000000e+00,0.000000e+00,0.000000e+00,0.000000e+00,0.000000e+00,0.000000e+00,0.000000e+00,0.000000e+00,0.000000e+00,0.000000e+00,0.000000e+00,0.000000e+00
1.000000e+00,0.000000e+00,0.000000e+00,0.000000e+00,0.000000e+00,0.000000e+00,0.000000e+00,0.000000e+00,0.000000e+00,0.000000e+00,0.000000e+00,0.000000e+00,0.000000e+00,0.000000e+00,0.000000e+00
1.000000e+00,0.000000e+00,0.000000e+00,0.000000e+00,0.000000e+00,0.000000e+00,0.000000e+00,0.000000e+00,0.000000e+00,0.000000e+00,0.000000e+00,0.000000e+00,0.000000e+00,0.000000e+00,0.000000e+00
1.000000e+00,0.000000e+00,0.000000e+00,0.000000e+00,0.000000e+00,0.000000e+00,0.000000e+00,0.000000e+00,0.000000e+00,0.000000e+00,0.000000e+00,0.000000e+00,0.000000e+00,0.000000e+00,0.000000e+00
1.000000e+00,0.000000e+00,0.000000e+00,0.000000e+00,0.000000e+00,0.000000e+00,0.000000e+00,0.000000e+00,0.000000e+00,0.000000e+00,0.000000e+00,0.000000e+00,0.000000e+00,0.000000e+00,0.000000e+00
1.000000e+00,0.000000e+00,0.000000e+00,0.000000e+00,0.000000e+00,0.000000e+00,0.000000e+00,0.000000e+00,0.000000e+00,0.000000e+00,0.000000e+00,0.000000e+00,0.000000e+00,0.000000e+00,0.000000e+00
1.000000e+00,0.000000e+00,0.000000e+00,0.000000e+00,0.000000e+00,0.000000e+00,0.000000e+00,0.000000e+00,0.000000e+00,0.000000e+00,0.000000e+00,0.000000e+00,0.000000e+00,0.000000e+00,0.000000e+00
4.452386e-01,5.945735e-02,4.405372e-02,1.358808e-01,1.873600e-02,5.473227e-02,1.589244e-02,3.656740e-02,2.116754e-02,8.596620e-03,2.035193e-02,5.907013e-02,1.589259e-02,4.740999e-03,5.962157e-02
3.707226e-01,6.650488e-02,5.337685e-02,1.655307e-01,2.041051e-02,5.006441e-02,1.337114e-02,4.061256e-02,2.300944e-02,9.986715e-03,2.786217e-02,6.794239e-02,1.660858e-02,5.620321e-03,6.837672e-02
3.572371e-01,8.007094e-02,4.776818e-02,1.789964e-01,2.296410e-02,4.188237e-02,1.128258e-02,3.454980e-02,2.491809e-02,1.081772e-02,2.867153e-02,6.094824e-02,1.637699e-02,6.224567e-03,7.729141e-02
3.795323e-01,8.279599e-02,4.188861e-02,1.707299e-01,2.291004e-02,3.540881e-02,9.767962e-03,2.999371e-02,2.561844e-02,1.050149e-02,2.908324e-02,5.550750e-02,1.773943e-02,7.148633e-03,8.137401e-02
3.161626e-01,8.781016e-02,4.943662e-02,1.818417e-01,2.628877e-02,3.770307e-02,1.055512e-02,3.405617e-02,3.074518e-02,1.021587e-02,3.598357e-02,5.888209e-02,2.118815e-02,1.138909e-02,8.774182e-02
2.836396e-01,9.605138e-02,4.681131e-02,1.987711e-01,2.434320e-02,3.276940e-02,9.378966e-03,2.970074e-02,3.210480e-02,1.072589e-02,4.014629e-02,6.065102e-02,2.360094e-02,1.250114e-02,9.880424e-02
3.359882e-01,9.037166e-02,3.915310e-02,1.808722e-01,2.235955e-02,3.040740e-02,8.445421e-03,2.421671e-02,3.021662e-02,9.800796e-03,4.120550e-02,5.430920e-02,2.386313e-02,1.563665e-02,9.315392e-02
3.608335e-01,8.008491e-02,3.441076e-02,1.610823e-01,2.045346e-02,3.478170e-02,8.441055e-03,2.234981e-02,3.018700e-02,9.064456e-03,4.417969e-02,5.467808e-02,2.717335e-02,1.987156e-02,9.240836e-02
4.263597e-01,7.189007e-02,2.906373e-02,1.386899e-01,1.794088e-02,3.244805e-02,7.672758e-03,1.974247e-02,2.632280e-02,8.320183e-03,4.057911e-02,4.989958e-02,2.705949e-02,1.919078e-02,8.482045e-02
4.181874e-01,7.045551e-02,4.076812e-02,1.323645e-01,1.807844e-02,3.154254e-02,9.381277e-03,2.701388e-02,2.844259e-02,7.163874e-03,4.379752e-02,4.733712e-02,2.761614e-02,1.975110e-02,7.809998e-02
4.255269e-01,6.418884e-02,3.477571e-02,1.679927e-01,1.954674e-02,3.003469e-02,7.964218e-03,4.591028e-02,2.451976e-02,5.687336e-03,3.842461e-02,3.551276e-02,2.180488e-02,1.705359e-02,6.105699e-02
3.770534e-01,1.086591e-01,6.655058e-02,1.764021e-01,1.759926e-02,3.807896e-02,6.027680e-03,3.872188e-02,1.793432e-02,8.165394e-03,3.801531e-02,2.792608e-02,1.643543e-02,1.348722e-02,4.894327e-02
2.873439e-01,2.577588e-01,7.006361e-02,1.281173e-01,1.624848e-02,4.939843e-02,4.393929e-03,2.882169e-02,2.065427e-02,1.035622e-02,2.826194e-02,1.992406e-02,1.197372e-02,1.357109e-02,5.311253e-02
2.490047e-01,3.516135e-01,5.684805e-02,9.206218e-02,1.957999e-02,6.554470e-02,3.577908e-03,2.269705e-02,2.015395e-02,1.026225e-02,2.138603e-02,1.432920e-02,9.268789e-03,1.070499e-02,5.296673e-02
1.995547e-01,4.753971e-01,4.235979e-02,6.523495e-02,2.211527e-02,6.156988e-02,3.029103e-03,1.724579e-02,1.553437e-02,1.058613e-02,1.822940e-02,1.060158e-02,7.292234e-03,8.173732e-03,4.307596e-02
2.728648e-01,4.229847e-01,3.484936e-02,4.925399e-02,2.078626e-02,7.278249e-02,4.942791e-03,1.683903e-02,1.228424e-02,1.095492e-02,1.840663e-02,9.562235e-03,7.220002e-03,7.524558e-03,3.874397e-02
3.650228e-01,3.505394e-01,3.009214e-02,4.132468e-02,2.076559e-02,6.615796e-02,5.500091e-03,1.912446e-02,1.025986e-02,1.063878e-02,1.727945e-02,9.643670e-03,7.759165e-03,8.093400e-03,3.779845e-02
4.596333e-01,2.683954e-01,2.430701e-02,3.655279e-02,1.694950e-02,6.117990e-02,7.714761e-03,2.229950e-02,8.857384e-03,8.955620e-03,1.485806e-02,1.043414e-02,8.774721e-03,7.095235e-03,4.399277e-02
4.042906e-01,2.368996e-01,2.749435e-02,3.532759e-02,1.458575e-02,7.172585e-02,7.023892e-03,2.112750e-02,1.927488e-02,4.161680e-02,2.399613e-02,1.207123e-02,1.046482e-02,9.755982e-03,6.434506e-02
2.919425e-01,1.695761e-01,2.024443e-02,2.577528e-02,1.040184e-02,1.902125e-01,5.123462e-03,1.501308e-02,4.079613e-02,1.130851e-01,2.480957e-02,1.248444e-02,1.320154e-02,9.991050e-03,5.734292e-02
2.188122e-01,1.195927e-01,1.527253e-02,1.848722e-02,7.641578e-03,2.334676e-01,3.855523e-03,1.095081e-02,3.390123e-02,1.903957e-01,6.304162e-02,1.712634e-02,1.145213e-02,1.176185e-02,4.424099e-02
1.607541e-01,8.419592e-02,1.090310e-02,1.341793e-02,5.464138e-03,1.879366e-01,2.850794e-03,7.785536e-03,2.677331e-02,1.965549e-01,2.169362e-01,3.327212e-02,8.565936e-03,1.064092e-02,3.394847e-02
1.140576e-01,5.953158e-02,7.734342e-03,9.461643e-03,3.848143e-03,1.464741e-01,2.128172e-03,5.503205e-03,1.929262e-02,2.135325e-01,3.026861e-01,7.558277e-02,6.259090e-03,9.379646e-03,2.452846e-02
8.202119e-02,4.206567e-02,5.462314e-03,6.673598e-03,2.711242e-03,1.144698e-01,1.610271e-03,3.901731e-03,1.423348e-02,1.783940e-01,4.246260e-01,9.229751e-02,4.721682e-03,8.452173e-03,1.835932e-02
6.245589e-02,2.978233e-02,3.891808e-03,4.763879e-03,1.931630e-03,9.159780e-02,1.210146e-03,2.865247e-03,1.069053e-02,1.418875e-01,4.794753e-01,1.439914e-01,3.479925e-03,8.535200e-03,1.344135e-02
4.767480e-02,2.116982e-02,2.767145e-03,3.431927e-03,1.369952e-03,7.035986e-02,8.874830e-04,2.063466e-03,7.914168e-03,1.055450e-01,5.535464e-01,1.626573e-01,2.575966e-03,8.233477e-03,9.803159e-03
3.396078e-02,1.511382e-02,1.981935e-03,2.482264e-03,9.834778e-04,5.231827e-02,6.427483e-04,1.502653e-03,6.210233e-03,8.233223e-02,6.187940e-01,1.661629e-01,1.900137e-03,8.598298e-03,7.016250e-03
2.450323e-02,1.066296e-02,1.411360e-03,1.823342e-03,7.081369e-04,3.784808e-02,4.655321e-04,1.082809e-03,4.753138e-03,5.994571e-02,6.585229e-01,1.821538e-01,1.404079e-03,9.702697e-03,5.012215e-03
1.773923e-02,7.582688e-03,1.035058e-03,1.398370e-03,5.231409e-04,2.735431e-02,3.701669e-04,7.952711e-04,3.818464e-03,4.428235e-02,6.844985e-01,1.927507e-01,1.041856e-03,1.315605e-02,3.653838e-03
1.261786e-02,5.836373e-03,8.887769e-04,1.093992e-03,9.710245e-04,1.942929e-02,7.924967e-04,6.975759e-04,3.301979e-03,3.248350e-02,6.584202e-01,2.436683e-01,8.369235e-04,1.630389e-02,2.657664e-03
9.332885e-03,4.569328e-03,9.304133e-04,8.973411e-04,1.209485e-03,1.382053e-02,7.579057e-04,7.170829e-04,2.824662e-03,2.416245e-02,6.209857e-01,2.930007e-01,7.311075e-04,2.412250e-02,1.937811e-03
8.930802e-03,3.779004e-03,1.672068e-03,8.255329e-04,1.253932e-03,1.019285e-02,6.552760e-04,1.026153e-03,2.431400e-03,1.808135e-02,6.262535e-01,2.942937e-01,7.500619e-04,2.836538e-02,1.489024e-03
6.484014e-03,2.769738e-03,1.411853e-03,6.388879e-04,1.011982e-03,7.248507e-03,4.847155e-04,8.822388e-04,1.879655e-03,1.294073e-02,6.954574e-01,2.412660e-01,6.715199e-04,2.579179e-02,1.061037e-03
4.753806e-03,2.180560e-03,1.229235e-03,5.150301e-04,8.396786e-04,5.145419e-03,3.556145e-04,7.384719e-04,1.815255e-03,9.768677e-03,7.384692e-01,2.052207e-01,6.249544e-04,2.757752e-02,7.658763e-04
3.765184e-03,1.921129e-03,1.372982e-03,4.434546e-04,7.881034e-04,3.868931e-03,2.878828e-04,7.224799e-04,1.865611e-03,7.720775e-03,7.596223e-01,1.872651e-01,5.828391e-04,2.918389e-02,5.892731e-04
3.842247e-03,1.756534e-03,1.367060e-03,4.102364e-04,8.933604e-04,3.013049e-03,2.379546e-04,7.993496e-04,1.968972e-03,5.928182e-03,7.671881e-01,1.813192e-01,5.482326e-04,3.022783e-02,4.996893e-04
3.320387e-03,1.552437e-03,1.475184e-03,3.560416e-04,9.292231e-04,2.556097e-03,2.004505e-04,9.246337e-04,1.913086e-03,4.485509e-03,7.845485e-01,1.704043e-01,4.580287e-04,2.643024e-02,4.458897e-04
2.973418e-03,1.822126e-03,1.685970e-03,3.135275e-04,2.358773e-03,2.741937e-03,1.881359e-04,9.688584e-04,1.628298e-03,3.925241e-03,7.915144e-01,1.634080e-01,4.203843e-04,2.556987e-02,4.811186e-04
2.809856e-03,4.222671e-03,8.877661e-03,5.847677e-04,8.207171e-03,2.615166e-03,1.882877e-04,2.265006e-03,2.046033e-03,4.055157e-03,7.750858e-01,1.627115e-01,3.499870e-04,2.516615e-02,8.147224e-04
2.245374e-03,6.789585e-03,8.281835e-03,1.182540e-03,5.134029e-02,4.548762e-03,7.065655e-04,9.451302e-03,3.615363e-03,3.859659e-03,7.481730e-01,1.344817e-01,3.672874e-04,2.410320e-02,8.535276e-04
1.913422e-03,1.221291e-02,7.063666e-03,1.145280e-03,1.286549e-01,1.945826e-02,2.695852e-03,9.957343e-03,1.370812e-02,4.331660e-03,6.632389e-01,1.065616e-01,3.412022e-04,2.760145e-02,1.115426e-03
1.884780e-03,1.014013e-02,7.624673e-03,4.233960e-03,1.547579e-01,2.131818e-02,3.979877e-03,4.143244e-02,1.571519e-01,5.507766e-03,4.833668e-01,8.387014e-02,1.094037e-03,2.144896e-02,2.188496e-03
1.413199e-03,1.271724e-02,6.668455e-03,1.019005e-02,1.321995e-01,1.658823e-02,2.863450e-03,2.941362e-02,3.595618e-01,7.284263e-03,3.390581e-01,6.007156e-02,1.156373e-03,1.511517e-02,5.698977e-03
1.322600e-03,1.687624e-02,5.129365e-03,8.984979e-03,1.456182e-01,1.379147e-02,2.102195e-03,2.097896e-02,4.824281e-01,5.984525e-03,2.378982e-01,4.225028e-02,9.637699e-04,1.060017e-02,5.071023e-03
1.467411e-03,4.215080e-02,6.149691e-03,1.299887e-01,1.269470e-01,1.157061e-02,1.520219e-03,2.492415e-02,4.286884e-01,6.613122e-03,1.682910e-01,3.019034e-02,1.980415e-03,7.473227e-03,1.204499e-02
2.585266e-03,4.802960e-02,9.196686e-03,1.619793e-01,1.142008e-01,1.146225e-02,1.175928e-03,2.710194e-02,3.993915e-01,1.564645e-02,1.365721e-01,2.307566e-02,5.580450e-03,5.524656e-03,3.847750e-02
4.529719e-03,7.342753e-02,1.120241e-02,1.272421e-01,1.043005e-01,2.427090e-02,9.785173e-04,2.653119e-02,3.543881e-01,3.457490e-02,1.140794e-01,1.877490e-02,7.852318e-03,4.957669e-03,9.288986e-02
4.256910e-03,9.829985e-02,9.860800e-03,1.051737e-01,7.469547e-02,1.886223e-02,7.012314e-04,2.150510e-02,4.219331e-01,2.973051e-02,8.968262e-02,1.534743e-02,1.189340e-02,4.036164e-03,9.402154e-02
5.963518e-03,8.007596e-02,8.566354e-03,9.015993e-02,5.673619e-02,1.610964e-02,5.579480e-04,1.830536e-02,4.345374e-01,2.587373e-02,1.163482e-01,1.633084e-02,3.923247e-02,4.669323e-03,8.653315e-02
4.870488e-03,7.712679e-02,7.526767e-03,7.488482e-02,3.984910e-02,1.163180e-02,4.217055e-04,1.293880e-02,4.020288e-01,2.512707e-02,9.568976e-02,1.255568e-02,3.294717e-02,2.307992e-02,1.793213e-01
3.682967e-03,5.915107e-02,7.153461e-03,7.384703e-02,2.817281e-02,8.656541e-03,3.429275e-04,9.485327e-03,3.757832e-01,2.714049e-02,1.070617e-01,1.670596e-02,5.523201e-02,3.925858e-02,1.883258e-01
2.762366e-03,4.273988e-02,6.783217e-03,5.769103e-02,2.027109e-02,6.714820e-03,2.737545e-04,6.851747e-03,2.746004e-01,4.307568e-02,2.899328e-01,2.559059e-02,4.644993e-02,4.191995e-02,1.343428e-01
2.348423e-03,3.822090e-02,1.003901e-02,4.894330e-02,1.497829e-02,6.719214e-03,3.513881e-04,5.050211e-03,2.438017e-01,7.532328e-02,2.623968e-01,4.839826e-02,3.939109e-02,8.470170e-02,1.193364e-01
1.906882e-03,3.181164e-02,1.693012e-02,5.172241e-02,1.201073e-02,7.367346e-03,4.041357e-04,3.931487e-03,2.296976e-01,9.592418e-02,2.285334e-01,8.686474e-02,4.732092e-02,8.945788e-02,9.611651e-02
1.833359e-03,2.793911e-02,1.327374e-02,3.758619e-02,9.350268e-03,6.586967e-03,3.833027e-04,3.071824e-03,1.702665e-01,1.219452e-01,2.567116e-01,9.214782e-02,3.835793e-02,1.404049e-01,8.014143e-02
5.486805e-03,3.658424e-02,1.140601e-02,2.755990e-02,9.086378e-03,9.784311e-03,5.004792e-04,3.103348e-03,1.402730e-01,1.055350e-01,3.205299e-01,9.949586e-02,3.552011e-02,1.319393e-01,6.319529e-02
5.327148e-03,2.986666e-02,8.408037e-03,2.025302e-02,8.639466e-03,9.325843e-03,4.642509e-04,2.725833e-03,1.090395e-01,7.861826e-02,4.550856e-01,9.729843e-02,2.785629e-02,1.018260e-01,4.526566e-02
6.949744e-03,2.670766e-02,6.461021e-03,1.512489e-02,8.108176e-03,8.782174e-03,5.196870e-04,2.757943e-03,9.257913e-02,6.059582e-02,5.094100e-01,1.226401e-01,2.519932e-02,8.092445e-02,3.323982e-02
1.542065e-02,2.324222e-02,5.523508e-03,1.222250e-02,7.675597e-03,1.044101e-02,6.135328e-04,5.086185e-03,7.985084e-02,4.860447e-02,4.484848e-01,2.246522e-01,2.711578e-02,6.654114e-02,2.452558e-02
1.262834e-02,2.650038e-02,5.158113e-03,9.093964e-03,1.185893e-02,8.126535e-03,7.248553e-04,4.525213e-03,2.672218e-01,3.875340e-02,3.453373e-01,1.791014e-01,2.108895e-02,5.107960e-02,1.880122e-02
1.188519e-02,2.917918e-02,4.616860e-03,6.880841e-03,1.276918e-02,7.553109e-03,7.818717e-04,4.000882e-03,3.419601e-01,4.314571e-02,2.994088e-01,1.629706e-01,1.747543e-02,4.211595e-02,1.525631e-02
1.708468e-02,4.576186e-02,5.154300e-03,7.427347e-03,1.085846e-02,8.704891e-03,8.559297e-04,6.985450e-03,3.567182e-01,8.517500e-02,2.610414e-01,1.316872e-01,1.552333e-02,3.388706e-02,1.313488e-02
2.670432e-02,6.603342e-02,8.356091e-03,7.598508e-03,9.133105e-03,1.003379e-02,8.765368e-04,7.979298e-03,3.576165e-01,1.092502e-01,2.351865e-01,1.059411e-01,1.302870e-02,2.932280e-02,1.293910e-02
3.568839e-02,5.501024e-02,1.539906e-02,1.080308e-02,1.053918e-02,8.990893e-03,8.892628e-04,2.810368e-02,3.784649e-01,1.343234e-01,1.876329e-01,8.547930e-02,1.271932e-02,2.554983e-02,1.040666e-02
3.283317e-02,5.657932e-02,2.358371e-02,1.009357e-02,1.637556e-02,1.162442e-02,1.244002e-03,5.053017e-02,3.764354e-01,1.194318e-01,1.922252e-01,6.674137e-02,1.122916e-02,2.197476e-02,9.098465e-03
2.428395e-02,4.938504e-02,1.730465e-02,7.342780e-03,1.348839e-02,1.411087e-02,1.059414e-03,3.644263e-02,5.250248e-01,9.178957e-02,1.410473e-01,4.748458e-02,8.072462e-03,1.654661e-02,6.617055e-03
1.786375e-02,3.644899e-02,1.269538e-02,5.681307e-03,1.188358e-02,4.919285e-02,9.341501e-04,2.760383e-02,6.164339e-01,6.523649e-02,1.003881e-01,3.330160e-02,5.697551e-03,1.172904e-02,4.909534e-03
1.450680e-02,2.831092e-02,1.158605e-02,1.364059e-02,1.878667e-02,3.819399e-02,8.779478e-04,4.269618e-02,6.741837e-01,4.664416e-02,7.082152e-02,2.348460e-02,4.157682e-03,8.278211e-03,3.831022e-03
1.385250e-02,2.354628e-02,9.923480e-03,1.671900e-02,2.303644e-02,3.098142e-02,8.057780e-04,4.671822e-02,7.200081e-01,3.400195e-02,5.010012e-02,1.680279e-02,3.098741e-03,5.944707e-03,4.460424e-03
1.779420e-02,2.290607e-02,7.812893e-03,2.412778e-02,4.352558e-02,2.731866e-02,7.829905e-04,6.136793e-02,6.995692e-01,2.696677e-02,3.586273e-02,1.223299e-02,2.982624e-03,4.500510e-03,1.224910e-02
1.985382e-02,2.435689e-02,6.299813e-03,2.159395e-02,9.074120e-02,3.164979e-02,1.011571e-03,5.040506e-02,6.721584e-01,2.102946e-02,2.588932e-02,9.180967e-03,3.005637e-03,3.591808e-03,1.923231e-02
1.541281e-02,3.145551e-02,4.892435e-03,2.843191e-02,9.172122e-02,2.617123e-02,1.243237e-03,4.985040e-02,6.763997e-01,1.698412e-02,1.866775e-02,6.818096e-03,4.382081e-03,2.640150e-03,2.492942e-02
1.251368e-02,4.622180e-02,3.808569e-03,2.780180e-02,8.675253e-02,2.799559e-02,1.150321e-03,4.336389e-02,6.848759e-01,1.307733e-02,1.341032e-02,4.925400e-03,5.726888e-03,1.968580e-03,2.640746e-02
1.018337e-02,6.023312e-02,2.837420e-03,3.091358e-02,8.467956e-02,2.968954e-02,9.480313e-04,3.377415e-02,6.879148e-01,1.032957e-02,9.643971e-03,3.568437e-03,8.470654e-03,1.452125e-03,2.536167e-02
1.142641e-02,5.170212e-02,2.374649e-03,4.029308e-02,1.425852e-01,3.003898e-02,1.317668e-03,2.809852e-02,6.399882e-01,8.622242e-03,7.020063e-03,2.629197e-03,8.441806e-03,1.090847e-03,2.437099e-02
1.442209e-02,4.757114e-02,2.313032e-03,4.437584e-02,2.070962e-01,3.809827e-02,1.667579e-03,2.362082e-02,5.789133e-01,6.739907e-03,5.153791e-03,1.942602e-03,7.285163e-03,8.432709e-04,1.995701e-02
1.338206e-02,4.396475e-02,2.941930e-03,1.947431e-01,1.762664e-01,3.000203e-02,1.716651e-03,2.280983e-02,4.624766e-01,6.415636e-03,4.174725e-03,1.598938e-03,8.341651e-03,6.394961e-04,3.052621e-02
1.308325e-02,3.782547e-02,2.522971e-02,2.895490e-01,1.417540e-01,2.306120e-02,1.710344e-03,2.275289e-02,3.596698e-01,8.332491e-03,3.453783e-03,1.342074e-03,8.040223e-03,5.454274e-04,6.365028e-02
1.956628e-02,4.187777e-02,7.801944e-02,2.792405e-01,1.530109e-01,2.654847e-02,2.991912e-03,2.712668e-02,2.868553e-01,9.760353e-03,3.100120e-03,1.135759e-03,7.427150e-03,5.349267e-04,6.280446e-02
2.501847e-02,3.670975e-02,1.449979e-01,2.076957e-01,1.141255e-01,2.008967e-02,2.318170e-03,2.028491e-02,2.360891e-01,4.287368e-02,4.301414e-03,1.099880e-03,6.013862e-03,3.531264e-03,1.348508e-01
3.438728e-02,3.777984e-02,1.394160e-01,1.521380e-01,8.828317e-02,1.562796e-02,1.779372e-03,1.551990e-02,2.015949e-01,6.299025e-02,5.202678e-03,1.098637e-03,4.927168e-03,5.851079e-03,2.334039e-01
2.711409e-02,3.437392e-02,1.659400e-01,2.141331e-01,1.507918e-01,1.189702e-02,3.709194e-03,1.419267e-02,1.534332e-01,4.510160e-02,4.619960e-03,9.312161e-04,3.952961e-03,4.286963e-03,1.655224e-01
2.331952e-02,3.098976e-02,1.191311e-01,1.998158e-01,2.177714e-01,6.179101e-02,1.542649e-02,1.218776e-02,1.136922e-01,3.499215e-02,2.540562e-02,1.155665e-03,2.057724e-02,3.368923e-03,1.203754e-01
1.813968e-02,2.314908e-02,8.535533e-02,1.539197e-01,3.408440e-01,5.303572e-02,1.771925e-02,1.034455e-02,8.387826e-02,3.637398e-02,3.888129e-02,5.506599e-03,3.269348e-02,1.180611e-02,8.835295e-02
1.326902e-02,1.756795e-02,6.046185e-02,1.133065e-01,4.054849e-01,4.590876e-02,1.975273e-02,7.844399e-03,6.804187e-02,3.582002e-02,7.926776e-02,2.482740e-02,3.175405e-02,1.416939e-02,6.252347e-02
9.698884e-03,1.307297e-02,4.267710e-02,8.359641e-02,3.561874e-01,3.462183e-02,1.549213e-02,6.110378e-03,5.280493e-02,2.587889e-02,2.129825e-01,5.614620e-02,2.999740e-02,1.625758e-02,4.447541e-02
6.849176e-03,9.420159e-03,2.992009e-02,5.944508e-02,2.646935e-01,2.468909e-02,1.113072e-02,4.400192e-03,3.813582e-02,1.895972e-02,3.836400e-01,7.247749e-02,2.397423e-02,1.904029e-02,3.322445e-02
4.942707e-03,6.837593e-03,2.099055e-02,4.485851e-02,1.956649e-01,1.769361e-02,8.157049e-03,3.228375e-03,3.988235e-02,1.639564e-02,4.662706e-01,9.431436e-02,2.105692e-02,1.952497e-02,4.018190e-02
4.264096e-03,5.770922e-03,1.476259e-02,3.359464e-02,1.535605e-01,1.288821e-02,5.936474e-03,2.390990e-03,3.039053e-02,1.399399e-02,5.149920e-01,1.092873e-01,1.973437e-02,4.382908e-02,3.460429e-02
3.904220e-03,4.861644e-03,1.049998e-02,2.475377e-02,1.208966e-01,1.018939e-02,4.200570e-03,3.044273e-03,2.264511e-02,1.090023e-02,5.559487e-01,1.292724e-01,1.685817e-02,4.397231e-02,3.805258e-02
3.190597e-03,8.107717e-03,7.555517e-03,1.859294e-02,9.545749e-02,8.759466e-03,2.974249e-03,2.996156e-03,1.685960e-02,8.600099e-03,5.882334e-01,1.113369e-01,1.381735e-02,6.659281e-02,4.692572e-02
2.954785e-03,9.356289e-03,5.440179e-03,1.412976e-02,7.968014e-02,8.210350e-03,2.160460e-03,3.783444e-03,1.388476e-02,7.113450e-03,5.323392e-01,1.269435e-01,1.499571e-02,1.141286e-01,6.487941e-02
4.522632e-03,8.648712e-03,4.399643e-03,1.038827e-02,6.092830e-02,6.848860e-03,1.621316e-03,4.865982e-03,1.382124e-02,6.468164e-03,5.512314e-01,1.335814e-01,1.397668e-02,1.315391e-01,4.715827e-02
4.860978e-03,6.362014e-03,3.347798e-03,8.154970e-03,4.559784e-02,5.744876e-03,1.178812e-03,4.177960e-03,1.143050e-02,5.793375e-03,6.477027e-01,1.021444e-01,1.134214e-02,1.086659e-01,3.349570e-02
6.934999e-03,1.048471e-02,4.701154e-03,6.281293e-03,3.442531e-02,6.394506e-03,8.580579e-04,3.176390e-03,1.058365e-02,6.005235e-03,6.887349e-01,7.762415e-02,9.151179e-03,1.106646e-01,2.397982e-02
8.299022e-03,8.820943e-03,4.231189e-03,6.307782e-03,2.838093e-02,7.211302e-03,6.658150e-04,2.978880e-03,1.041758e-02,6.439313e-03,7.280006e-01,5.951027e-02,7.349023e-03,1.040403e-01,1.734700e-02
8.421617e-02,7.648926e-03,5.560640e-03,5.950210e-03,2.097347e-02,1.167031e-02,7.744661e-04,3.959072e-03,8.736463e-03,1.096200e-02,6.640339e-01,4.699913e-02,5.696577e-03,1.096931e-01,1.312557e-02
7.425230e-02,6.115437e-03,6.249241e-03,4.895955e-03,1.527927e-02,1.364940e-02,6.356696e-04,3.241831e-03,9.342380e-03,1.303177e-02,6.366593e-01,4.019247e-02,4.423720e-03,1.624387e-01,9.592613e-03
5.412811e-02,4.997909e-03,5.338086e-03,3.662570e-03,1.109186e-02,1.118183e-02,4.762083e-04,2.382345e-03,1.017298e-02,1.227940e-02,6.499579e-01,3.339656e-02,3.355350e-03,1.906564e-01,6.922547e-03
3.827652e-02,5.768082e-03,6.952432e-03,3.005877e-03,9.411042e-03,8.488550e-03,4.852574e-04,2.095701e-03,1.094884e-02,1.677895e-02,6.936635e-01,2.905883e-02,2.538025e-03,1.671109e-01,5.417521e-03
2.788361e-02,5.051002e-03,7.530223e-03,2.489939e-03,6.770656e-03,7.246166e-03,4.113100e-04,2.015162e-03,1.384881e-02,1.543004e-02,7.051279e-01,2.525481e-02,2.045331e-03,1.747473e-01,4.147749e-03
2.460011e-02,6.171558e-03,8.691018e-03,2.012098e-03,5.098225e-03,8.291133e-03,3.741169e-04,2.265476e-03,1.453855e-02,1.457788e-02,6.962711e-01,2.299046e-02,2.037859e-03,1.888273e-01,3.253102e-03
1.766477e-02,5.641818e-03,6.390076e-03,1.566896e-03,4.107224e-03,6.445391e-03,2.948325e-04,1.668367e-03,1.222392e-02,1.638440e-02,7.000856e-01,2.117553e-02,1.899373e-03,2.017801e-01,2.671662e-03
1.376188e-02,1.481883e-02,5.778150e-03,1.610091e-03,4.195671e-03,7.295544e-03,2.517386e-04,1.534743e-03,1.264912e-02,1.867939e-02,6.901726e-01,2.172650e-02,1.743320e-03,2.024101e-01,3.372415e-03
1.136971e-02,1.862569e-02,1.032165e-02,2.231482e-03,7.150054e-03,9.425342e-03,6.156398e-04,4.181563e-03,1.339852e-02,2.352737e-02,6.788814e-01,2.152834e-02,1.659364e-03,1.927818e-01,4.302029e-03
1.044579e-02,1.500886e-02,9.499602e-03,2.882399e-03,8.496189e-03,1.170139e-02,1.268519e-03,5.103419e-03,1.227880e-02,3.072048e-02,6.791089e-01,1.938018e-02,2.414427e-03,1.863740e-01,5.317003e-03
1.017343e-02,1.288503e-02,7.516202e-03,2.658103e-03,2.674341e-02,1.604925e-02,2.037377e-03,4.752012e-03,1.668777e-02,3.260591e-02,6.029485e-01,2.322129e-02,4.693017e-03,2.313706e-01,5.658055e-03
8.407658e-03,1.038311e-02,6.787101e-03,2.189409e-03,3.141252e-02,1.347051e-02,1.667109e-03,4.658372e-03,1.546839e-02,5.074387e-02,5.327712e-01,2.614555e-02,5.806885e-03,2.845992e-01,5.489086e-03
7.870639e-03,8.532982e-03,9.771910e-03,1.806346e-03,2.847102e-02,1.681598e-02,2.422010e-03,4.397324e-03,1.267882e-02,6.225532e-02,5.914389e-01,2.441243e-02,5.737831e-03,2.169788e-01,6.409619e-03
1.622565e-02,8.772633e-03,1.020719e-01,1.982039e-03,2.941870e-02,1.431320e-02,2.777521e-03,1.719080e-02,1.348045e-02,6.447537e-02,5.080509e-01,2.739858e-02,6.528346e-03,1.807740e-01,6.539879e-03
2.105527e-02,1.424471e-02,1.692382e-01,1.659023e-03,3.097069e-02,1.268830e-02,2.978506e-03,2.186451e-02,1.635235e-02,7.725164e-02,4.453371e-01,2.885367e-02,6.344026e-03,1.449897e-01,6.172382e-03
3.138050e-02,2.844419e-02,1.928060e-01,1.562658e-03,5.319893e-02,1.600538e-02,2.913215e-03,2.445938e-02,2.613826e-02,1.188129e-01,3.539672e-01,2.455391e-02,5.582731e-03,1.144347e-01,5.740227e-03
2.731235e-02,2.153188e-02,3.405420e-01,1.883250e-03,4.724727e-02,1.196399e-02,2.485472e-03,8.148219e-02,1.962011e-02,8.928473e-02,2.497440e-01,1.815341e-02,4.028867e-03,8.055757e-02,4.162990e-03
2.540077e-02,2.268529e-02,4.151418e-01,2.122568e-03,4.787748e-02,9.160995e-03,2.661098e-03,1.117291e-01,1.948962e-02,8.811068e-02,1.779883e-01,1.321204e-02,2.968393e-03,5.840532e-02,3.046692e-03
2.865760e-02,2.497518e-02,3.477899e-01,2.379668e-03,7.981324e-02,7.847841e-03,2.929098e-03,1.228395e-01,2.429171e-02,1.704473e-01,1.269735e-01,9.461492e-03,2.216508e-03,4.711443e-02,2.263089e-03
2.640121e-02,1.939176e-02,2.592131e-01,2.410063e-03,2.105201e-01,7.015043e-03,3.944745e-03,8.811689e-02,2.175323e-02,2.260767e-01,9.078407e-02,6.814807e-03,1.668090e-03,3.428534e-02,1.604843e-03
2.799696e-02,1.506069e-02,1.847884e-01,7.779828e-03,2.444310e-01,7.132307e-03,5.381548e-03,6.945792e-02,1.796793e-02,3.181316e-01,6.903100e-02,5.416596e-03,1.505134e-03,2.472141e-02,1.197716e-03
4.733075e-02,1.124681e-02,1.307639e-01,1.082267e-02,1.911083e-01,6.670617e-03,3.983219e-03,5.209731e-02,1.558089e-02,4.401789e-01,6.306899e-02,4.741878e-03,1.961773e-03,1.950282e-02,9.410740e-04
7.981786e-02,9.032798e-03,9.270614e-02,2.941588e-02,1.631443e-01,5.922065e-03,3.227143e-03,6.327543e-02,1.262981e-02,4.529918e-01,6.216694e-02,7.456316e-03,3.540027e-03,1.389254e-02,7.809700e-04
8.306959e-02,6.637332e-03,6.899402e-02,2.575734e-02,1.328946e-01,6.341186e-03,4.183213e-02,2.220851e-01,9.486865e-03,3.392804e-01,4.417613e-02,5.866581e-03,3.123072e-03,9.840816e-03,6.148361e-04
8.673491e-02,4.754807e-03,5.013752e-02,1.898687e-02,1.126213e-01,5.684197e-03,1.742859e-01,2.462139e-01,7.254641e-03,2.469759e-01,3.114085e-02,4.616919e-03,3.092706e-03,6.963475e-03,5.359932e-04
1.667751e-01,3.465270e-03,3.644700e-02,1.380001e-02,9.527248e-02,5.862961e-03,2.470108e-01,2.144567e-01,5.884298e-03,1.739564e-01,2.211504e-02,5.238221e-03,4.075991e-03,5.047226e-03,5.924188e-04
1.271466e-01,2.502117e-03,2.598329e-02,1.013292e-02,1.809170e-01,6.002699e-03,2.987129e-01,1.540015e-01,4.301788e-03,1.598357e-01,1.573206e-02,3.994029e-03,5.223732e-03,3.717075e-03,1.796709e-03
9.375448e-02,1.825028e-03,1.827811e-02,7.621299e-03,1.907696e-01,9.112842e-03,3.048667e-01,1.102409e-01,3.215373e-03,2.337584e-01,1.138979e-02,3.072189e-03,6.678418e-03,2.715305e-03,2.701515e-03
7.140072e-02,1.437258e-03,1.287759e-02,5.906465e-03,1.904296e-01,9.425735e-03,2.811456e-01,7.930968e-02,2.490715e-03,3.241490e-01,8.253107e-03,2.488760e-03,5.067765e-03,2.048732e-03,3.569274e-03
5.397125e-02,1.197401e-03,9.084599e-03,4.589414e-03,2.162110e-01,9.252260e-03,2.484461e-01,5.686526e-02,2.031500e-03,3.805339e-01,5.975838e-03,1.961180e-03,3.914208e-03,1.579959e-03,4.386095e-03
4.564876e-02,1.458693e-03,6.621405e-03,3.787072e-03,2.641263e-01,1.163184e-02,2.349615e-01,4.078195e-02,1.628892e-03,3.716263e-01,5.298274e-03,1.797132e-03,3.157581e-03,1.568981e-03,5.905294e-03
3.830273e-02,1.853621e-03,5.291555e-03,3.455663e-03,2.670493e-01,1.735469e-02,2.647422e-01,3.003568e-02,1.575651e-03,3.503341e-01,6.200069e-03,2.143365e-03,2.618170e-03,1.866458e-03,7.176779e-03
3.627937e-02,1.977890e-03,4.629599e-03,3.429350e-03,2.159718e-01,2.448486e-02,3.916271e-01,2.330114e-02,1.605724e-03,2.756408e-01,5.479239e-03,2.070514e-03,2.076352e-03,2.003562e-03,9.422693e-03
5.281636e-02,2.673663e-03,5.412629e-03,5.048641e-03,1.679168e-01,4.061094e-02,4.388842e-01,2.300488e-02,2.555516e-03,2.285156e-01,8.797422e-03,2.709677e-03,1.801642e-03,4.198247e-03,1.505375e-02
7.215131e-02,4.377275e-03,6.082139e-03,8.071632e-03,1.384906e-01,6.263753e-02,4.484484e-01,2.211633e-02,3.757817e-03,1.879120e-01,1.386240e-02,4.863933e-03,2.067490e-03,6.768300e-03,1.839287e-02
6.218614e-02,4.258132e-03,5.116166e-03,7.310126e-03,9.990471e-02,2.656703e-01,3.199760e-01,1.658446e-02,4.582343e-03,1.337690e-01,4.291881e-02,4.838770e-03,2.141732e-03,1.240805e-02,1.833531e-02
4.672532e-02,4.340596e-03,3.990114e-03,6.003882e-03,7.036063e-02,3.291538e-01,2.243592e-01,1.189438e-02,2.582442e-02,1.001264e-01,8.655356e-02,5.817450e-03,3.183468e-03,4.280752e-02,3.885921e-02
3.413444e-02,3.706028e-03,2.950258e-03,4.481127e-03,4.939050e-02,3.471897e-01,1.571892e-01,8.510916e-03,5.745362e-02,7.288617e-02,9.677723e-02,5.978630e-03,3.227075e-03,1.225879e-01,3.353720e-02
2.655111e-02,3.464022e-03,2.564677e-03,3.623270e-03,3.484173e-02,2.783650e-01,1.110042e-01,6.297481e-03,8.039130e-02,5.492485e-02,1.467626e-01,7.767041e-03,3.106175e-03,2.061959e-01,3.414069e-02
2.343395e-02,3.060745e-03,2.114910e-03,2.858749e-03,2.461569e-02,2.255942e-01,7.852024e-02,4.682402e-03,7.255795e-02,4.021539e-02,1.434486e-01,1.004869e-02,3.349742e-03,3.309998e-01,3.449896e-02
1.667116e-02,2.424529e-03,1.559788e-03,2.023129e-03,1.725549e-02,1.599975e-01,5.506951e-02,3.316062e-03,6.058218e-02,2.938706e-02,1.121957e-01,7.874404e-03,2.524805e-03,5.012228e-01,2.789597e-02
3.165407e-02,2.620791e-03,1.819426e-03,2.125227e-03,1.278569e-02,1.253446e-01,3.880211e-02,2.888388e-03,1.030781e-01,2.146541e-02,9.644708e-02,7.860400e-03,4.266942e-03,5.186424e-01,3.019939e-02
5.165316e-02,5.959744e-03,1.054378e-02,3.419710e-03,1.176167e-02,1.169091e-01,2.759622e-02,3.869854e-03,1.871158e-01,1.679351e-02,8.798724e-02,8.233992e-03,5.198441e-03,4.281754e-01,3.478231e-02
5.495469e-02,9.635311e-03,9.883955e-03,3.790446e-03,9.987970e-03,9.175494e-02,1.948977e-02,3.838641e-03,1.668228e-01,1.436512e-02,1.133377e-01,8.895329e-03,4.608468e-03,4.604547e-01,2.818016e-02
4.114234e-02,9.972953e-03,8.394744e-03,3.466528e-03,8.649044e-03,6.836510e-02,1.371622e-02,2.927297e-03,1.594808e-01,1.948014e-02,9.977977e-02,9.759822e-03,4.429304e-03,5.246462e-01,2.578980e-02
2.962707e-02,7.249741e-03,5.978286e-03,2.582763e-03,6.684961e-03,4.971632e-02,9.639411e-03,2.110322e-03,1.499409e-01,1.577336e-02,1.044675e-01,8.914581e-03,3.791534e-03,5.836964e-01,1.982687e-02
2.219546e-02,6.430824e-03,4.657583e-03,2.138410e-03,6.297299e-03,3.659452e-02,6.791490e-03,1.559409e-03,2.087853e-01,2.639582e-02,1.176265e-01,8.443204e-03,3.548868e-03,5.335978e-01,1.493746e-02
1.654021e-02,6.687237e-03,3.777321e-03,1.846593e-03,6.660206e-03,2.739763e-02,4.780236e-03,1.164032e-03,2.506487e-01,2.241600e-02,1.059171e-01,7.312804e-03,3.052966e-03,5.307193e-01,1.107973e-02
1.187295e-02,5.198349e-03,2.795138e-03,1.427066e-03,5.275675e-03,1.977130e-02,3.356612e-03,8.259671e-04,2.550548e-01,1.879739e-02,9.717659e-02,6.133456e-03,2.289457e-03,5.620102e-01,8.015066e-03
8.782015e-03,6.541011e-03,2.319321e-03,1.368152e-03,4.311570e-03,1.500614e-02,2.370381e-03,6.385729e-04,2.755550e-01,1.878438e-02,9.822848e-02,5.719429e-03,1.975344e-03,5.525449e-01,5.855327e-03
