1.000000e+00,0.000000e+00,0.000000e+00,0.000000e+00,0.000000e+00,0.000000e+00,0.000000e+00,0.000000e+00,0.000000e+00,0.000000e+00,0.000000e+00,0.000000e+00,0.000000e+00,0.000000e+00,0.000000e+00
1.000000e+00,0.000000e+00,0.000000e+00,0.000000e+00,0.000000e+00,0.000000e+00,0.000000e+00,0.000000e+00,0.000000e+00,0.000000e+00,0.000000e+00,0.000000e+00,0.000000e+00,0.000000e+00,0.000000e+00
1.000000e+00,0.000000e+00,0.000000e+00,0.000000e+00,0.000000e+00,0.000000e+00,0.000000e+00,0.000000e+00,0.000000e+00,0.000000e+00,0.000000e+00,0.000000e+00,0.000000e+00,0.000000e+00,0.000000e+00
1.000000e+00,0.000000e+00,0.000000e+00,0.000000e+00,0.000000e+00,0.000000e+00,0.000000e+00,0.000000e+00,0.000000e+00,0.000000e+00,0.000000e+00,0.000000e+00,0.000000e+00,0.000000e+00,0.000000e+00
1.000000e+00,0.000000e+00,0.000000e+00,0.000000e+00,0.000000e+00,0.000000e+00,0.000000e+00,0.000000e+00,0.000000e+00,0.000000e+00,0.000000e+00,0.000000e+00,0.000000e+00,0.000000e+00,0.000000e+00
1.000000e+00,0.000000e+00,0.000000e+00,0.000000e+00,0.000000e+00,0.000000e+00,0.000000e+00,0.000000e+00,0.000000e+00,0.000000e+00,0.000000e+00,0.000000e+00,0.000000e+00,0.000000e+00,0.000000e+00
1.000000e+00,0.000000e+00,0.000000e+00,0.000000e+00,0.000000e+00,0.000000e+00,0.000000e+00,0.000000e+00,0.000000e+00,0.000000e+00,0.000000e+00,0.000000e+00,0.000000e+00,0.000000e+00,0.000000e+00
1.000000e+00,0.000000e+00,0.000000e+00,0.000000e+00,0.000000e+00,0.000000e+00,0.000000e+00,0.000000e+00,0.000000e+00,0.000000e+00,0.000000e+00,0.000000e+00,0.000000e+00,0.000000e+00,0.000000e+00
1.000000e+00,0.000000e+00,0.000000e+00,0.000000e+00,0.000000e+00,0.000000e+00,0.000000e+00,0.000000e+00,0.000000e+00,0.000000e+00,0.000000e+00,0.000000e+00,0.000000e+00,0.000000e+00,0.000000e+00
1.000000e+00,0.000000e+00,0.000000e+00,0.000000e+00,0.000000e+00,0.000000e+00,0.000000e+00,0.000000e+00,0.000000e+00,0.000000e+00,0.000000e+00,0.000000e+00,0.000000e+00,0.000000e+00,0.000000e+00
1.000000e+00,0.000000e+00,0.000000e+00,0.000000e+00,0.000000e+00,0.000000e+00,0.000000e+00,0.000000e+00,0.000000e+00,0.000000e+00,0.000000e+00,0.000000e+00,0.000000e+00,0.000000e+00,0.000000e+00
1.000000e+00,0.000000e+00,0.000000e+00,0.000000e+00,0.000000e+00,0.000000e+00,0.000000e+00,0.000000e+00,0.000000e+00,0.000000e+00,0.000000e+00,0.000000e+00,0.000000e+00,0.000000e+00,0.000000e+00
1.000000e+00,0.000000e+00,0.000000e+00,0.000000e+00,0.000000e+00,0.000000e+00,0.000000e+00,0.000000e+00,0.000000e+00,0.000000e+00,0.000000e+00,0.000000e+00,0.000000e+00,0.000000e+00,0.000000e+00
1.000000e+00,0.000000e+00,0.000000e+00,0.000000e+00,0.000000e+00,0.000000e+00,0.000000e+00,0.000000e+00,0.000000e+00,0.000000e+00,0.000000e+00,0.000000e+00,0.000000e+00,0.000000e+00,0.000000e+00
1.000000e+00,0.000000e+00,0.000000e+00,0.000000e+00,0.000000e+00,0.000000e+00,0.000000e+00,0.000000e+00,0.000000e+00,0.000000e+00,0.000000e+00,0.000000e+00,0.000000e+00,0.000000e+00,0.000000e+00
1.000000e+00,0.000000e+00,0.000000e+00,0.000000e+00,0.000000e+00,0.000000e+00,0.000000e+00,0.000000e+00,0.000000e+00,0.000000e+00,0.000000e+00,0.000000e+00,0.000000e+00,0.000000e+00,0.000000e+00
1.000000e+00,0.000000e+00,0.000000e+00,0.000000e+00,0.000000e+00,0.000000e+00,0.000000e+00,0.000000e+00,0.000000e+00,0.000000e+00,0.000000e+00,0.000000e+00,0.000000e+00,0.000000e+00,0.000000e+00
1.000000e+00,0.000000e+00,0.000000e+00,0.000000e+00,0.000000e+00,0.000000e+00,0.000000e+00,0.000000e+00,0.000000e+00,0.000000e+00,0.000000e+00,0.000000e+00,0.000000e+00,0.000000e+00,0.000000e+00
1.000000e+00,0.000000e+00,0.000000e+00,0.000000e+00,0.000000e+00,0.000000e+00,0.000000e+00,0.000000e+00,0.000000e+00,0.000000e+00,0.000000e+00,0.000000e+00,0.000000e+00,0.000000e+00,0.000000e+00
1.000000e+00,0.000000e+00,0.000000e+00,0.000000e+00,0.000000e+00,0.000000e+00,0.000000e+00,0.000000e+00,0.000000e+00,0.000000e+00,0.000000e+00,0.000000e+00,0.000000e+00,0.000000e+00,0.000000e+00
1.000000e+00,0.000000e+00,0.000000e+00,0.000000e+00,0.000000e+00,0.000000e+00,0.000000e+00,0.000000e+00,0.000000e+00,0.000000e+00,0.000000e+00,0.000000e+00,0.000000e+00,0.000000e+00,0.000000e+00
1.000000e+00,0.000000e+00,0.000000e+00,0.000000e+00,0.000000e+00,0.000000e+00,0.000000e+00,0.000000e+00,0.000000e+00,0.000000e+00,0.000000e+00,0.000000e+00,0.000000e+00,0.000000e+00,0.000000e+00
1.000000e+00,0.000000e+00,0.000000e+00,0.000000e+00,0.000000e+00,0.000000e+00,0.000000e+00,0.000000e+00,0.000000e+00,0.000000e+00,0.000000e+00,0.000000e+00,0.000000e+00,0.000000e+00,0.000000e+00
1.000000e+00,0.000000e+00,0.000000e+00,0.000000e+00,0.000000e+00,0.000000e+00,0.000000e+00,0.000000e+00,0.000000e+00,0.000000e+00,0.000000e+00,0.000000e+00,0.000000e+00,0.000000e+00,0.000000e+00
1.000000e+00,0.000000e+00,0.000000e+00,0.000000e+00,0.000000e+00,0.000000e+00,0.000000e+00,0.000000e+00,0.000000e+00,0.000000e+00,0.000000e+00,0.000000e+00,0.000000e+00,0.000000e+00,0.000000e+00
1.000000e+00,0.000000e+00,0.000000e+00,0.000000e+00,0.000000e+00,0.000000e+00,0.000000e+00,0.000000e+00,0.000000e+00,0.000000e+00,0.000000e+00,0.000000e+00,0.000000e+00,0.000000e+00,0.000000e+00
1.000000e+00,0.000000e+00,0.000000e+00,0.000000e+00,0.000000e+00,0.000000e+00,0.000000e+00,0.000000e+00,0.000000e+00,0.000000e+00,0.000000e+00,0.000000e+00,0.000000e+00,0.000000e+00,0.000000e+00
1.000000e+00,0.000000e+00,0.000000e+00,0.000000e+00,0.000000e+00,0.000000e+00,0.000000e+00,0.000000e+00,0.000000e+00,0.000000e+00,0.000000e+00,0.000000e+00,0.000000e+00,0.000000e+00,0.000000e+00
1.000000e+00,0.000000e+00,0.000000e+00,0.000000e+00,0.000000e+00,0.000000e+00,0.000000e+00,0.000000e+00,0.000000e+00,0.000000e+00,0.000000e+00,0.000000e+00,0.000000e+00,0.000000e+00,0.000000e+00
1.000000e+00,0.000000e+00,0.000000e+00,0.000000e+00,0.000000e+00,0.000000e+00,0.000000e+00,0.000000e+00,0.000000e+00,0.000000e+00,0.000000e+00,0.000000e+00,0.000000e+00,0.000000e+00,0.000000e+00
1.000000e+00,0.000000e+00,0.000000e+00,0.000000e+00,0.000000e+00,0.000000e+00,0.000000e+00,0.000000e+00,0.000000e+00,0.000000e+00,0.000000e+00,0.000000e+00,0.000000e+00,0.000000e+00,0.000000e+00
1.000000e+00,0.000000e+00,0.000000e+00,0.000000e+00,0.000000e+00,0.000000e+00,0.000000e+00,0.000000e+00,0.000000e+00,0.000000e+00,0.000000e+00,0.000000e+00,0.000000e+00,0.000000e+00,0.000000e+00
1.000000e+00,0.000000e+00,0.000000e+00,0.000000e+00,0.000000e+00,0.000000e+00,0.000000e+00,0.000000e+00,0.000000e+00,0.000000e+00,0.000000e+00,0.000000e+00,0.000000e+00,0.000000e+00,0.000000e+00
1.000000e+00,0.000000e+00,0.000000e+00,0.000000e+00,0.000000e+00,0.000000e+00,0.000000e+00,0.000000e+00,0.000000e+00,0.000000e+00,0.000000e+00,0.000000e+00,0.000000e+00,0.000000e+00,0.000000e+00
1.000000e+00,0.000000e+00,0.000000e+00,0.000000e+00,0.000000e+00,0.000000e+00,0.000000e+00,0.000000e+00,0.000000e+00,0.000000e+00,0.000000e+00,0.000000e+00,0.000000e+00,0.000000e+00,0.000000e+00
1.000000e+00,0.000000e+00,0.000000e+00,0.000000e+00,0.000000e+00,0.000000e+00,0.000000e+00,0.000000e+00,0.000000e+00,0.000000e+00,0.000000e+00,0.000000e+00,0.000000e+00,0.000000e+00,0.000000e+00
1.000000e+00,0.000000e+00,0.000000e+00,0.000000e+00,0.000000e+00,0.000000e+00,0.000000e+00,0.000000e+00,0.000000e+00,0.000000e+00,0.000000e+00,0.000000e+00,0.000000e+00,0.000000e+00,0.000000e+00
1.000000e+00,0.000000e+00,0.000000e+00,0.000000e+00,0.000000e+00,0.000000e+00,0.000000e+00,0.000000e+00,0.000000e+00,0.000000e+00,0.000000e+00,0.000000e+00,0.000000e+00,0.000000e+00,0.000000e+00
1.000000e+00,0.000000e+00,0.000000e+00,0.000000e+00,0.000000e+00,0.000000e+00,0.000000e+00,0.000000e+00,0.000000e+00,0.000000e+00,0.000000e+00,0.000000e+00,0.000000e+00,0.000000e+00,0.000000e+00
1.000000e+00,0.000000e+00,0.000000e+00,0.000000e+00,0.000000e+00,0.000000e+00,0.000000e+00,0.000000e+00,0.000000e+00,0.000000e+00,0.000000e+00,0.000000e+00,0.000000e+00,0.000000e+00,0.000000e+00
1.000000e+00,0.000000e+00,0.000000e+00,0.000000e+00,0.000000e+00,0.000000e+00,0.000000e+00,0.000000e+00,0.000000e+00,0.000000e+00,0.000000e+00,0.000000e+00,0.000000e+00,0.000000e+00,0.000000e+00
4.037338e-01,3.092761e-02,1.474979e-02,1.307379e-01,1.135507e-02,3.723371e-02,9.993509e-03,4.023826e-02,2.353548e-02,3.148893e-03,1.872011e-02,2.185644e-01,3.399776e-02,2.152186e-03,2.091159e-02
3.082570e-01,3.743439e-02,1.826032e-02,1.877024e-01,1.783789e-02,3.609202e-02,1.165408e-02,4.890791e-02,3.221865e-02,3.172755e-03,2.101957e-02,2.202279e-01,3.402550e-02,2.007711e-03,2.118188e-02
2.457437e-01,4.817228e-02,1.823414e-02,2.163230e-01,2.579015e-02,3.392919e-02,1.244181e-02,4.454965e-02,4.342838e-02,3.523504e-03,2.408256e-02,2.188700e-01,3.708608e-02,2.306924e-03,2.551866e-02
1.873130e-01,5.591393e-02,1.669482e-02,2.590180e-01,3.152481e-02,3.079731e-02,1.130754e-02,3.703926e-02,4.754762e-02,3.634751e-03,2.769769e-02,2.263013e-01,3.611822e-02,2.486090e-03,2.660568e-02
1.575330e-01,7.284740e-02,1.502240e-02,2.622552e-01,3.891907e-02,3.058348e-02,1.174551e-02,3.024447e-02,5.146693e-02,4.134952e-03,2.630563e-02,2.161395e-01,4.639268e-02,3.319753e-03,3.308997e-02
1.348615e-01,9.158020e-02,1.543391e-02,2.743278e-01,4.397321e-02,3.050158e-02,1.285072e-02,2.669443e-02,4.874752e-02,4.975226e-03,2.618521e-02,1.959285e-01,4.994031e-02,4.056216e-03,3.994364e-02
9.797516e-02,9.293183e-02,2.623449e-02,4.022363e-01,3.713195e-02,2.319026e-02,9.975513e-03,2.926788e-02,3.781218e-02,3.769655e-03,2.030439e-02,1.446553e-01,3.697323e-02,3.534439e-03,3.400729e-02
1.035653e-01,9.802364e-02,2.360414e-02,4.055911e-01,4.144026e-02,2.199036e-02,1.130222e-02,2.484933e-02,3.885357e-02,4.062329e-03,2.440629e-02,1.173921e-01,3.794023e-02,6.670408e-03,4.030878e-02
1.323004e-01,1.000682e-01,2.182886e-02,3.586038e-01,4.471562e-02,2.472443e-02,1.147959e-02,2.170345e-02,3.824940e-02,4.355564e-03,3.012382e-02,1.096535e-01,4.513334e-02,9.033160e-03,4.802687e-02
1.694925e-01,9.356035e-02,3.651981e-02,3.135852e-01,3.935275e-02,2.971414e-02,1.054477e-02,2.329308e-02,3.341848e-02,4.635096e-03,3.286882e-02,1.026699e-01,4.721911e-02,8.867573e-03,5.425841e-02
3.005134e-01,8.184887e-02,2.867704e-02,2.471084e-01,3.365308e-02,2.746028e-02,9.485670e-03,1.905349e-02,3.088368e-02,4.793219e-03,2.811570e-02,8.411714e-02,4.344733e-02,7.842909e-03,5.299973e-02
3.808136e-01,7.015389e-02,3.068879e-02,2.022684e-01,2.793466e-02,2.518125e-02,9.423966e-03,2.010456e-02,2.559937e-02,4.707398e-03,2.644249e-02,7.252831e-02,4.302513e-02,7.677900e-03,5.345033e-02
4.057692e-01,5.482541e-02,3.065320e-02,1.878747e-01,2.529849e-02,2.451048e-02,1.123988e-02,5.715388e-02,2.206775e-02,3.834491e-03,2.472019e-02,6.087414e-02,4.277332e-02,6.321766e-03,4.208314e-02
1.000000e+00,0.000000e+00,0.000000e+00,0.000000e+00,0.000000e+00,0.000000e+00,0.000000e+00,0.000000e+00,0.000000e+00,0.000000e+00,0.000000e+00,0.000000e+00,0.000000e+00,0.000000e+00,0.000000e+00
1.000000e+00,0.000000e+00,0.000000e+00,0.000000e+00,0.000000e+00,0.000000e+00,0.000000e+00,0.000000e+00,0.000000e+00,0.000000e+00,0.000000e+00,0.000000e+00,0.000000e+00,0.000000e+00,0.000000e+00
1.000000e+00,0.000000e+00,0.000000e+00,0.000000e+00,0.000000e+00,0.000000e+00,0.000000e+00,0.000000e+00,0.000000e+00,0.000000e+00,0.000000e+00,0.000000e+00,0.000000e+00,0.000000e+00,0.000000e+00
1.000000e+00,0.000000e+00,0.000000e+00,0.000000e+00,0.000000e+00,0.000000e+00,0.000000e+00,0.000000e+00,0.000000e+00,0.000000e+00,0.000000e+00,0.000000e+00,0.000000e+00,0.000000e+00,0.000000e+00
1.000000e+00,0.000000e+00,0.000000e+00,0.000000e+00,0.000000e+00,0.000000e+00,0.000000e+00,0.000000e+00,0.000000e+00,0.000000e+00,0.000000e+00,0.000000e+00,0.000000e+00,0.000000e+00,0.000000e+00
4.842624e-01,1.747154e-02,2.395578e-02,1.497101e-01,2.404157e-02,2.716528e-02,5.584361e-03,1.663415e-01,7.019074e-03,1.252795e-03,2.147552e-02,4.115066e-02,1.620068e-02,2.700488e-03,1.166825e-02
3.501928e-01,1.266679e-02,4.992592e-02,1.265357e-01,1.850992e-02,1.990071e-02,5.386111e-03,3.431958e-01,5.088462e-03,9.307229e-04,1.611928e-02,2.918883e-02,1.199484e-02,2.064255e-03,8.299825e-03
2.474511e-01,8.995797e-03,4.962623e-02,9.670852e-02,1.372617e-02,1.418351e-02,5.181263e-03,5.117553e-01,3.584285e-03,6.670901e-04,1.162866e-02,2.051585e-02,8.652305e-03,1.470891e-03,5.852976e-03
1.742354e-01,6.367473e-03,5.795685e-02,7.412758e-02,9.980282e-03,1.015859e-02,4.236795e-03,6.259950e-01,2.527945e-03,4.894241e-04,8.223341e-03,1.439911e-02,6.130786e-03,1.041376e-03,4.129925e-03
1.224338e-01,4.475703e-03,4.621480e-02,5.548538e-02,7.133856e-03,7.247210e-03,3.238847e-03,7.277590e-01,1.778235e-03,3.536590e-04,5.808373e-03,1.009233e-02,4.333280e-03,7.362980e-04,2.909123e-03
8.603463e-02,3.210135e-03,3.541572e-02,4.108343e-02,6.063436e-03,5.514797e-03,2.555863e-03,7.993163e-01,1.378672e-03,7.168239e-04,4.314653e-03,7.240098e-03,4.454827e-03,6.092511e-04,2.091244e-03
6.223249e-02,2.352663e-03,2.533554e-02,3.045781e-02,4.675935e-03,5.525415e-03,1.860187e-03,6.684086e-01,3.628679e-03,8.271134e-04,1.711684e-02,1.466924e-02,1.583455e-01,1.094503e-03,3.469495e-03
4.423580e-02,1.727539e-03,1.780314e-02,2.246974e-02,3.384455e-03,4.606493e-03,1.338988e-03,5.050882e-01,3.403410e-03,9.314171e-04,1.855260e-02,3.301807e-02,3.352237e-01,3.064228e-03,5.152227e-03
3.161005e-02,2.496237e-03,1.252965e-02,1.650952e-02,3.143215e-03,3.614605e-03,1.092686e-03,3.741448e-01,1.732968e-02,2.232942e-03,2.320449e-02,3.815525e-02,4.587193e-01,7.815103e-03,7.402452e-03
2.364129e-02,4.009858e-03,9.051015e-03,1.254031e-02,2.709583e-03,3.276742e-03,1.373147e-03,2.820179e-01,3.655195e-02,2.902956e-03,2.828126e-02,5.136868e-02,5.075797e-01,1.806971e-02,1.662580e-02
1.788109e-02,1.152634e-02,7.824599e-03,1.050199e-02,3.943375e-03,2.743477e-03,1.133305e-03,2.024727e-01,9.069672e-02,3.263901e-03,5.155147e-02,4.815003e-02,5.124311e-01,1.568333e-02,2.019645e-02
1.863101e-02,1.443411e-02,6.709982e-03,9.478510e-03,4.903612e-03,2.979113e-03,1.059765e-03,1.470395e-01,8.516143e-02,4.604658e-03,9.154927e-02,9.670475e-02,4.445426e-01,5.039842e-02,2.180319e-02
1.709809e-02,2.813711e-02,7.198282e-03,1.289535e-02,6.605482e-03,2.714430e-03,9.655886e-04,1.048379e-01,8.290362e-02,1.044923e-02,1.177567e-01,1.171173e-01,3.610696e-01,9.377733e-02,3.647396e-02
2.037629e-02,2.769895e-02,6.657065e-03,2.081035e-02,7.729316e-03,2.801542e-03,9.444189e-04,7.591403e-02,8.190832e-02,1.434441e-02,1.340007e-01,1.264037e-01,2.707386e-01,1.696468e-01,4.002556e-02
5.044308e-02,3.039154e-02,1.112713e-02,5.602869e-02,7.106773e-03,4.540490e-03,1.421093e-03,5.492645e-02,8.025967e-02,2.089573e-02,1.127576e-01,1.331921e-01,1.987465e-01,1.801998e-01,5.796340e-02
1.391755e-01,2.439504e-02,1.109458e-02,4.798566e-02,1.355318e-02,6.448112e-03,1.615584e-03,4.083709e-02,6.744070e-02,1.834070e-02,1.050515e-01,1.394881e-01,1.520489e-01,1.835111e-01,4.901436e-02
1.509476e-01,1.942521e-02,9.620297e-03,3.654063e-02,1.214618e-02,6.909569e-03,1.827596e-03,3.007419e-02,5.839732e-02,1.955094e-02,1.040114e-01,1.391028e-01,1.209817e-01,2.320850e-01,5.837964e-02
1.147804e-01,1.475745e-02,9.454367e-03,2.674666e-02,9.773369e-03,7.222624e-03,1.561283e-03,2.124976e-02,4.600823e-02,2.080200e-02,9.113763e-02,1.029844e-01,8.610221e-02,3.779376e-01,6.948202e-02
8.621413e-02,1.061816e-02,7.229799e-03,1.943183e-02,8.660946e-03,5.753943e-03,1.225796e-03,1.528228e-02,7.329243e-02,1.307166e-01,9.599444e-02,8.017649e-02,6.314333e-02,3.488560e-01,5.340381e-02
6.236886e-02,8.338677e-03,5.919891e-03,1.434415e-02,7.962365e-03,6.010123e-03,1.054483e-03,1.112248e-02,1.038019e-01,2.036839e-01,1.196196e-01,5.951406e-02,4.782811e-02,3.036447e-01,4.478678e-02
4.727905e-02,8.752298e-03,4.572221e-03,2.775783e-02,9.592112e-03,8.593092e-03,1.124127e-03,1.010525e-02,2.362449e-01,1.554919e-01,1.206811e-01,4.823003e-02,4.486893e-02,2.345958e-01,4.211129e-02
3.573587e-02,8.168218e-03,3.798785e-03,2.706460e-02,7.383771e-03,6.966710e-03,8.177430e-04,7.343508e-03,3.957217e-01,1.287505e-01,9.575806e-02,3.579193e-02,3.547192e-02,1.697945e-01,4.143216e-02
3.122635e-02,1.030658e-02,3.550264e-03,2.589336e-02,6.245023e-03,6.299091e-03,6.121456e-04,5.330959e-03,4.433116e-01,9.911777e-02,1.014422e-01,3.044123e-02,3.818373e-02,1.488717e-01,4.916804e-02
2.499072e-02,1.425356e-02,7.704353e-03,2.641186e-02,6.709928e-03,5.963178e-03,6.198158e-04,6.211894e-03,4.310247e-01,7.777023e-02,1.124767e-01,4.198878e-02,5.142217e-02,1.536144e-01,3.883758e-02
2.027580e-02,1.590139e-02,6.457294e-03,2.202507e-02,6.023284e-03,5.354949e-03,5.585062e-04,5.455342e-03,4.546271e-01,6.368785e-02,1.114679e-01,4.429552e-02,4.980470e-02,1.584917e-01,3.557356e-02
1.977924e-02,2.196222e-02,5.739743e-03,1.847645e-02,4.965603e-03,4.956172e-03,5.000241e-04,4.216140e-03,4.501188e-01,5.569962e-02,1.345929e-01,4.384213e-02,4.447705e-02,1.547242e-01,3.594980e-02
2.645343e-02,1.958147e-02,1.199443e-02,4.303509e-02,8.325226e-03,5.767577e-03,5.541779e-04,5.549161e-03,4.348342e-01,4.374032e-02,1.686450e-01,4.464027e-02,3.903800e-02,1.187323e-01,2.910936e-02
4.903369e-02,1.909104e-02,1.652644e-02,7.431133e-02,1.243258e-02,6.448982e-03,6.356733e-04,6.986667e-03,3.852132e-01,3.291297e-02,1.974382e-01,4.967549e-02,3.325001e-02,9.237950e-02,2.366424e-02
5.412688e-02,1.666825e-02,2.177958e-02,6.681523e-02,1.707379e-02,7.776548e-03,8.883167e-04,1.064409e-02,2.846200e-01,3.057495e-02,2.942091e-01,6.973086e-02,3.166406e-02,7.322965e-02,2.019872e-02
4.428912e-02,2.248595e-02,3.623710e-02,4.961959e-02,2.872625e-02,9.055040e-03,7.628381e-04,1.129344e-02,2.056676e-01,2.288918e-02,3.360360e-01,1.077256e-01,3.314064e-02,7.500336e-02,1.706840e-02
1.367460e-01,2.371021e-02,3.075367e-02,4.212647e-02,2.586684e-02,8.617865e-03,8.712236e-04,1.141408e-02,1.610087e-01,1.884983e-02,3.263319e-01,9.454481e-02,3.011982e-02,7.471073e-02,1.432793e-02
1.992076e-01,1.899395e-02,2.562403e-02,3.311246e-02,1.987725e-02,1.223120e-02,9.448860e-04,1.061208e-02,1.224510e-01,1.620910e-02,3.400665e-01,7.019401e-02,2.326249e-02,9.564067e-02,1.157290e-02
1.868299e-01,1.652518e-02,2.001311e-02,2.479792e-02,1.678965e-02,1.366766e-02,9.397232e-04,8.947512e-03,9.819406e-02,1.335947e-02,3.776816e-01,5.628018e-02,1.878887e-02,1.380059e-01,9.179385e-03
1.955709e-01,1.410403e-02,1.475572e-02,1.965811e-02,1.403647e-02,1.243730e-02,8.082995e-04,6.881717e-03,7.397661e-02,1.342470e-02,4.040244e-01,4.373623e-02,1.615849e-02,1.624048e-01,8.022226e-03
2.312491e-01,1.287278e-02,1.185333e-02,1.782832e-02,1.216290e-02,1.350786e-02,7.268764e-04,5.674722e-03,5.875450e-02,1.332340e-02,4.005487e-01,3.832128e-02,1.430721e-02,1.591279e-01,9.741170e-03
1.954819e-01,1.319284e-02,9.276737e-03,1.662886e-02,1.001362e-02,1.391427e-02,6.975244e-04,4.542191e-03,5.208664e-02,2.514840e-02,4.284961e-01,3.755353e-02,1.279476e-02,1.681361e-01,1.203652e-02
1.626244e-01,1.158720e-02,7.380382e-03,1.259796e-02,7.399383e-03,1.264708e-02,6.249640e-04,3.539532e-03,4.064734e-02,2.514210e-02,4.358317e-01,3.377024e-02,1.044255e-02,2.257740e-01,9.991212e-03
1.507716e-01,1.575775e-02,7.791055e-03,1.104386e-02,6.107347e-03,1.226649e-02,1.057439e-03,3.362689e-03,4.493766e-02,2.302510e-02,3.971074e-01,3.849591e-02,8.609508e-03,2.686409e-01,1.102538e-02
1.710449e-01,1.631142e-02,7.309354e-03,1.068889e-02,4.738986e-03,1.455845e-02,1.279090e-03,3.117967e-03,3.606849e-02,1.817185e-02,3.780962e-01,3.243238e-02,6.955602e-03,2.902099e-01,9.016505e-03
1.523575e-01,1.776314e-02,6.950163e-03,1.013487e-02,3.860793e-03,1.614168e-02,1.233813e-03,2.782273e-03,2.886043e-02,1.441879e-02,4.142343e-01,2.684225e-02,5.453723e-03,2.912075e-01,7.758773e-03
1.261905e-01,1.418333e-02,5.317779e-03,9.546152e-03,5.381545e-03,1.256960e-02,1.335644e-03,2.535771e-03,2.298637e-02,1.580895e-02,4.553048e-01,2.674573e-02,5.305038e-03,2.904640e-01,6.324817e-03
1.259724e-01,1.324124e-02,4.143586e-03,8.168516e-03,8.719057e-03,9.589456e-03,1.013353e-03,2.034129e-03,2.031076e-02,1.682005e-02,4.459367e-01,2.827717e-02,5.026371e-03,3.054121e-01,5.335124e-03
1.813756e-01,1.486412e-02,5.055542e-03,6.748093e-03,8.080865e-03,8.198267e-03,9.207762e-04,2.413664e-03,2.399022e-02,1.463773e-02,4.120223e-01,3.328925e-02,4.514658e-03,2.791393e-01,4.749659e-03
1.677600e-01,1.757098e-02,8.300782e-03,7.119511e-03,8.452469e-03,1.108539e-02,1.078611e-03,4.294041e-03,2.558001e-02,1.559804e-02,4.529131e-01,3.773059e-02,3.938210e-03,2.327719e-01,5.806442e-03
1.551649e-01,1.837668e-02,9.625270e-03,6.110961e-03,7.105523e-03,1.296746e-02,9.088526e-04,4.624108e-03,2.202880e-02,1.345879e-02,4.955341e-01,4.109253e-02,3.530042e-03,2.040441e-01,5.427822e-03
1.306450e-01,1.548076e-02,8.838385e-03,4.517340e-03,5.478849e-03,1.168188e-02,7.092506e-04,3.858882e-03,1.954636e-02,1.276362e-02,5.021298e-01,4.157948e-02,3.329459e-03,2.353441e-01,4.096921e-03
9.718458e-02,1.383852e-02,7.443003e-03,3.365294e-03,4.100014e-03,9.240442e-03,5.435168e-04,2.989094e-03,2.731294e-02,1.433708e-02,5.520307e-01,3.974640e-02,2.639224e-03,2.218499e-01,3.379277e-03
7.511935e-02,1.062388e-02,5.924769e-03,2.505704e-03,3.087806e-03,8.581134e-03,4.643972e-04,2.507516e-03,2.942202e-02,1.244588e-02,5.582945e-01,3.504962e-02,2.109237e-03,2.508519e-01,3.012242e-03
5.379883e-02,9.199505e-03,4.860270e-03,1.999239e-03,3.110500e-03,6.833924e-03,3.837044e-04,1.981092e-03,2.426643e-02,1.312159e-02,6.177816e-01,3.040114e-02,1.756112e-03,2.280716e-01,2.434407e-03
3.886229e-02,7.122253e-03,3.625384e-03,1.494539e-03,2.707793e-03,5.220132e-03,2.898764e-04,1.501256e-03,1.979855e-02,1.317720e-02,6.254714e-01,2.476774e-02,1.552455e-03,2.525501e-01,1.859037e-03
2.881982e-02,6.295100e-03,2.760601e-03,1.387291e-03,3.074648e-03,4.504649e-03,2.338086e-04,1.197791e-03,1.525903e-02,1.122686e-02,6.805827e-01,2.221159e-02,1.333291e-03,2.195587e-01,1.554090e-03
2.075861e-02,5.209533e-03,2.558835e-03,1.204254e-03,4.798567e-03,4.088169e-03,3.282249e-04,1.625258e-03,1.213773e-02,1.157320e-02,7.158034e-01,2.646030e-02,1.141863e-03,1.910108e-01,1.301192e-03
1.668943e-02,4.455884e-03,3.487512e-03,1.086815e-03,5.852562e-03,3.925603e-03,5.628637e-04,4.919559e-03,1.029307e-02,1.447681e-02,7.312247e-01,2.666561e-02,1.233228e-03,1.738833e-01,1.242972e-03
1.927675e-02,4.057812e-03,2.899914e-03,8.587497e-04,6.311713e-03,4.140195e-03,4.868970e-04,4.160721e-03,8.096180e-03,2.036261e-02,7.518041e-01,2.588975e-02,1.376304e-03,1.490486e-01,1.229638e-03
2.651216e-02,4.755693e-03,4.666077e-03,7.407711e-04,1.103436e-02,3.854199e-03,4.786211e-04,4.704206e-03,8.369700e-03,2.869478e-02,7.279211e-01,2.398090e-02,1.584298e-03,1.513814e-01,1.321647e-03
2.268087e-02,4.166628e-03,3.527470e-03,7.318482e-04,9.650904e-03,3.533483e-03,3.889606e-04,3.575481e-03,1.050025e-02,2.455123e-02,7.425429e-01,2.154355e-02,1.401594e-03,1.498147e-01,1.390122e-03
1.920480e-02,3.176392e-03,2.664262e-03,5.452246e-04,7.407759e-03,2.927033e-03,3.071396e-04,2.876125e-03,8.512868e-03,2.059208e-02,7.666788e-01,1.943195e-02,1.241505e-03,1.433715e-01,1.062619e-03
1.865671e-02,3.330279e-03,2.328126e-03,5.091362e-04,3.079944e-02,3.502925e-03,1.207843e-03,2.800174e-03,1.554378e-02,1.737555e-02,7.372565e-01,1.612356e-02,1.298371e-03,1.483634e-01,9.041514e-04
2.371050e-02,1.425967e-02,8.046724e-03,6.538148e-04,1.261451e-01,2.867663e-02,5.002147e-03,1.107667e-02,3.482042e-02,1.434919e-02,5.899312e-01,1.300525e-02,1.073410e-03,1.277651e-01,1.484079e-03
2.967746e-02,1.205203e-02,1.677109e-02,1.635160e-03,1.506705e-01,3.378621e-02,5.475071e-03,6.216446e-02,4.339060e-02,1.621174e-02,4.649417e-01,1.409898e-02,1.579557e-03,1.459051e-01,1.640366e-03
3.280570e-02,9.665516e-03,1.431307e-02,4.716082e-03,1.698984e-01,4.070979e-02,4.312341e-03,1.089346e-01,4.106477e-02,1.968048e-02,3.797767e-01,1.502501e-02,2.340144e-03,1.534448e-01,3.312544e-03
3.155311e-02,1.119366e-02,9.433763e-02,3.751318e-03,1.494126e-01,3.706604e-02,3.164623e-03,2.016585e-01,4.036237e-02,1.696350e-02,2.785059e-01,1.435476e-02,3.471515e-03,1.112782e-01,2.926165e-03
3.162644e-02,9.822261e-03,1.101276e-01,3.651805e-03,1.349209e-01,3.077011e-02,2.324884e-03,3.173177e-01,3.566131e-02,1.394569e-02,2.036908e-01,1.913667e-02,4.555703e-03,7.968372e-02,2.764409e-03
2.506311e-02,8.048423e-03,1.892781e-01,3.175869e-03,1.032576e-01,2.331160e-02,1.731579e-03,3.868456e-01,2.774337e-02,1.002272e-02,1.455812e-01,1.416392e-02,3.566643e-03,5.617373e-02,2.036482e-03
2.472327e-02,3.165358e-02,2.202381e-01,3.218031e-03,1.037744e-01,2.489252e-02,1.741080e-03,3.720568e-01,4.718257e-02,7.936067e-03,1.039328e-01,1.058631e-02,2.859283e-03,4.205309e-02,3.152147e-03
2.480998e-02,2.971867e-02,2.577472e-01,4.445376e-03,1.933970e-01,2.567653e-02,3.325047e-03,2.824681e-01,4.162354e-02,8.437349e-03,7.584433e-02,7.569726e-03,2.172123e-03,3.974179e-02,3.023184e-03
2.020706e-02,2.435484e-02,2.196096e-01,4.067245e-03,3.060913e-01,2.437378e-02,3.315062e-03,2.509719e-01,3.623774e-02,9.962874e-03,5.688230e-02,5.347294e-03,1.578543e-03,3.478626e-02,2.214163e-03
1.899992e-02,2.361269e-02,1.840706e-01,4.943298e-03,3.712575e-01,2.580533e-02,2.926087e-03,2.347404e-01,3.450436e-02,1.044572e-02,4.339599e-02,3.779689e-03,1.169384e-03,3.871973e-02,1.629268e-03
1.601257e-02,7.913150e-02,1.364750e-01,5.519855e-02,3.497750e-01,1.873680e-02,2.466148e-03,2.438451e-01,2.703804e-02,7.403261e-03,3.066221e-02,2.958421e-03,9.932350e-04,2.731704e-02,1.987107e-03
1.803409e-02,5.770327e-02,1.006642e-01,4.225749e-02,4.396328e-01,1.365908e-02,1.868573e-03,2.528955e-01,2.146176e-02,5.610054e-03,2.200202e-02,2.261803e-03,7.987501e-04,1.951794e-02,1.632690e-03
2.451026e-02,4.489885e-02,1.036563e-01,3.997419e-02,4.998965e-01,1.030783e-02,1.517541e-03,2.145916e-01,1.922269e-02,4.943445e-03,1.609113e-02,1.772023e-03,7.555222e-04,1.659578e-02,1.266417e-03
5.287720e-02,3.334060e-02,7.894386e-02,3.285925e-02,5.749704e-01,7.919830e-03,1.244267e-03,1.659019e-01,1.821606e-02,3.601714e-03,1.303365e-02,1.765704e-03,7.755607e-04,1.353306e-02,1.017045e-03
8.822346e-02,2.524527e-02,6.262378e-02,3.248443e-02,6.126167e-01,6.187757e-03,9.396824e-04,1.258844e-01,1.747441e-02,2.834770e-03,1.090856e-02,1.617621e-03,7.609541e-04,1.137012e-02,8.281858e-04
1.537535e-01,2.485462e-02,5.236613e-02,3.002768e-02,5.974829e-01,5.827815e-03,8.579026e-04,9.041659e-02,1.761205e-02,2.776294e-03,9.397731e-03,2.600437e-03,1.535611e-03,9.048714e-03,1.442093e-03
1.783981e-01,2.327881e-02,4.595032e-02,5.600376e-02,5.747452e-01,6.050949e-03,9.637569e-04,7.518508e-02,1.636701e-02,2.233561e-03,7.381941e-03,3.721772e-03,1.702633e-03,6.490858e-03,1.526263e-03
2.352792e-01,1.816000e-02,5.545643e-02,4.483499e-02,5.487159e-01,6.172920e-03,1.404511e-03,5.780901e-02,1.256172e-02,1.824556e-03,5.580833e-03,4.252030e-03,1.748760e-03,4.720651e-03,1.478482e-03
3.128647e-01,1.788209e-02,9.230214e-02,4.033470e-02,4.516355e-01,6.909282e-03,1.585739e-03,4.325462e-02,1.143027e-02,2.308159e-03,4.764183e-03,5.275034e-03,2.486653e-03,3.959254e-03,3.007674e-03
3.169633e-01,2.520791e-02,9.926113e-02,1.078091e-01,3.672114e-01,7.905274e-03,2.026055e-03,3.323277e-02,1.107473e-02,3.634088e-03,5.190295e-03,8.625360e-03,2.794685e-03,3.108365e-03,5.955552e-03
3.975568e-01,3.006416e-02,1.228843e-01,9.238898e-02,2.686664e-01,1.036159e-02,2.072399e-03,3.480766e-02,9.048880e-03,4.227209e-03,5.526124e-03,9.346690e-03,3.685493e-03,2.928498e-03,6.434888e-03
4.075982e-01,3.275504e-02,1.122286e-01,7.358495e-02,1.949174e-01,9.960730e-03,2.246343e-03,1.241952e-01,8.262901e-03,4.066761e-03,5.993228e-03,9.659185e-03,4.893348e-03,2.807369e-03,6.830770e-03
4.120364e-01,2.771900e-02,8.606650e-02,5.653840e-02,1.396138e-01,1.094431e-02,5.766550e-03,2.187291e-01,6.577784e-03,3.677948e-03,5.894067e-03,1.033263e-02,6.807373e-03,2.728448e-03,6.567743e-03
3.510844e-01,2.139658e-02,6.460035e-02,4.313609e-02,9.906814e-02,1.142610e-02,1.082337e-02,3.604597e-01,4.914737e-03,2.890222e-03,4.859610e-03,1.007195e-02,7.037340e-03,2.200905e-03,6.030525e-03
2.869869e-01,1.555709e-02,4.633828e-02,3.130607e-02,7.001086e-02,1.013589e-02,9.871485e-03,4.991950e-01,3.559153e-03,2.144060e-03,3.762411e-03,8.565261e-03,6.214321e-03,1.651207e-03,4.702067e-03
2.116644e-01,1.096850e-02,3.281099e-02,2.209366e-02,4.935327e-02,7.701619e-03,8.157706e-03,6.349384e-01,2.525338e-03,1.538392e-03,2.729061e-03,6.246131e-03,4.667312e-03,1.194259e-03,3.410972e-03
1.495899e-01,7.703001e-03,2.328896e-02,1.556782e-02,3.492095e-02,5.511153e-03,6.122345e-03,7.414553e-01,1.774092e-03,1.084402e-03,1.947283e-03,4.407982e-03,3.365788e-03,8.490279e-04,2.412032e-03
1.070142e-01,5.451173e-03,1.654626e-02,1.108018e-02,2.515546e-02,4.071497e-03,4.595874e-03,8.145868e-01,1.259311e-03,7.800878e-04,1.423328e-03,3.165688e-03,2.521981e-03,6.150302e-04,1.733245e-03
7.590482e-02,3.835082e-03,1.173762e-02,7.857819e-03,1.883706e-02,2.930376e-03,3.439556e-03,8.672221e-01,8.881994e-04,5.528826e-04,1.023142e-03,2.250746e-03,1.855184e-03,4.345812e-04,1.230814e-03
5.557721e-02,2.722459e-03,8.374269e-03,5.594046e-03,1.446507e-02,2.197504e-03,2.575282e-03,9.024165e-01,6.350557e-04,4.066621e-04,7.555408e-04,1.656383e-03,1.414021e-03,3.105396e-04,8.994312e-04
4.112700e-02,1.934464e-03,5.995350e-03,4.006624e-03,1.159304e-02,1.609924e-03,1.907711e-03,9.272885e-01,4.669852e-04,3.079575e-04,5.823877e-04,1.212514e-03,1.081398e-03,2.257016e-04,6.604213e-04
3.093143e-02,1.372039e-03,4.368416e-03,2.916920e-03,1.001058e-02,1.184752e-03,1.518852e-03,9.442838e-01,3.483825e-04,2.330970e-04,4.521267e-04,8.934122e-04,8.393153e-04,1.653235e-04,4.814759e-04
2.721717e-02,9.903066e-04,3.273124e-03,2.187283e-03,9.719951e-03,9.530063e-04,1.627023e-03,9.511247e-01,2.766432e-04,1.928359e-04,3.991955e-04,7.058505e-04,8.046448e-04,1.316891e-04,3.965606e-04
2.307748e-02,7.245369e-04,2.454078e-03,1.676824e-03,8.361771e-03,7.795883e-04,1.521980e-03,9.587508e-01,2.353456e-04,1.595353e-04,4.150421e-04,6.212484e-04,7.532426e-04,1.149028e-04,3.536110e-04
2.182956e-02,5.680204e-04,1.959594e-03,1.353424e-03,7.324210e-03,7.863558e-04,1.517138e-03,9.617329e-01,2.171089e-04,1.485532e-04,4.996456e-04,6.711504e-04,8.453731e-04,1.166937e-04,4.303782e-04
3.099489e-02,4.771722e-04,1.703742e-03,1.132962e-03,6.967937e-03,8.502941e-04,1.932209e-03,9.527878e-01,2.101570e-04,1.665103e-04,4.827883e-04,8.162778e-04,8.071116e-04,1.236720e-04,5.465689e-04
3.842559e-02,4.437625e-04,1.551679e-03,1.015156e-03,6.769970e-03,9.316432e-04,2.193757e-03,9.450983e-01,2.214743e-04,2.042803e-04,4.997596e-04,9.057141e-04,8.279323e-04,1.382290e-04,7.727850e-04
8.856468e-02,5.112130e-04,2.500937e-03,1.093629e-03,6.350365e-03,2.154835e-03,3.142758e-03,8.894382e-01,2.640906e-04,3.746398e-04,5.887760e-04,1.787036e-03,1.258910e-03,2.381566e-04,1.731722e-03
1.440969e-01,6.356832e-04,3.188835e-03,1.247632e-03,6.077348e-03,2.789427e-03,3.136367e-03,8.300898e-01,3.590129e-04,4.670132e-04,7.677053e-04,2.375996e-03,1.465192e-03,4.053984e-04,2.897726e-03
1.837753e-01,8.935897e-04,3.700541e-03,1.595180e-03,6.526099e-03,4.123702e-03,3.378902e-03,7.822981e-01,4.926104e-04,6.825809e-04,1.308429e-03,3.300630e-03,1.957623e-03,9.016853e-04,5.064967e-03
1.868025e-01,9.294993e-04,3.458565e-03,1.777549e-03,6.447026e-03,4.248736e-03,3.016289e-03,7.796537e-01,4.647206e-04,6.241204e-04,1.454021e-03,3.094774e-03,1.996814e-03,9.595186e-04,5.072284e-03
1.914100e-01,1.063701e-03,3.575003e-03,2.124115e-03,6.832420e-03,4.535293e-03,2.533591e-03,7.722611e-01,5.395284e-04,6.756302e-04,1.837958e-03,3.593368e-03,2.258581e-03,1.062954e-03,5.696750e-03
1.646830e-01,7.206505e-03,5.997695e-03,3.327451e-02,7.842155e-03,1.024513e-02,2.112756e-03,5.858899e-01,5.247124e-02,3.117299e-02,9.787306e-03,1.081447e-02,2.036401e-02,3.181955e-03,5.495632e-02
1.219903e-01,2.044470e-02,5.178927e-03,5.004770e-02,6.565182e-03,8.258678e-03,1.558070e-03,4.142298e-01,7.639073e-02,4.258272e-02,1.498120e-02,1.770411e-02,3.534907e-02,6.348910e-03,1.783699e-01
9.781402e-02,1.781455e-02,5.238653e-03,3.669180e-02,6.253560e-03,6.492941e-03,1.454460e-03,2.983271e-01,1.788041e-01,3.460899e-02,1.355421e-02,1.298022e-02,2.687618e-02,1.110242e-02,2.519869e-01
9.887899e-02,5.264017e-02,4.896298e-03,4.072128e-02,6.859533e-03,5.548499e-03,1.302944e-03,2.146866e-01,2.625484e-01,3.081213e-02,1.130817e-02,1.039817e-02,2.065871e-02,9.632330e-03,2.291078e-01
1.567090e-01,1.097069e-01,4.373692e-03,4.544676e-02,7.077553e-03,5.282002e-03,1.241183e-03,1.612166e-01,2.457579e-01,2.667212e-02,1.002405e-02,8.030739e-03,1.617012e-02,9.187731e-03,1.931037e-01
2.593085e-01,1.077631e-01,4.698921e-03,4.680407e-02,8.157127e-03,5.290476e-03,1.423699e-03,1.261082e-01,2.288100e-01,1.995276e-02,9.976611e-03,7.235751e-03,1.459901e-02,9.317398e-03,1.505545e-01
3.958591e-01,9.840442e-02,7.365340e-03,4.094884e-02,8.424449e-03,6.424314e-03,2.167909e-03,1.014470e-01,1.790783e-01,1.414440e-02,8.279777e-03,6.489565e-03,1.103856e-02,9.999455e-03,1.099286e-01
4.992873e-01,7.861851e-02,7.240945e-03,3.679339e-02,8.658484e-03,1.556357e-02,3.315281e-03,8.630297e-02,1.402957e-01,1.000949e-02,6.859746e-03,9.193573e-03,1.034905e-02,7.976775e-03,7.953524e-02
1.000000e+00,0.000000e+00,0.000000e+00,0.000000e+00,0.000000e+00,0.000000e+00,0.000000e+00,0.000000e+00,0.000000e+00,0.000000e+00,0.000000e+00,0.000000e+00,0.000000e+00,0.000000e+00,0.000000e+00
1.000000e+00,0.000000e+00,0.000000e+00,0.000000e+00,0.000000e+00,0.000000e+00,0.000000e+00,0.000000e+00,0.000000e+00,0.000000e+00,0.000000e+00,0.000000e+00,0.000000e+00,0.000000e+00,0.000000e+00
1.000000e+00,0.000000e+00,0.000000e+00,0.000000e+00,0.000000e+00,0.000000e+00,0.000000e+00,0.000000e+00,0.000000e+00,0.000000e+00,0.000000e+00,0.000000e+00,0.000000e+00,0.000000e+00,0.000000e+00
1.000000e+00,0.000000e+00,0.000000e+00,0.000000e+00,0.000000e+00,0.000000e+00,0.000000e+00,0.000000e+00,0.000000e+00,0.000000e+00,0.000000e+00,0.000000e+00,0.000000e+00,0.000000e+00,0.000000e+00
4.856334e-01,1.130424e-01,5.191897e-03,3.705134e-02,1.198035e-02,1.211123e-02,2.577544e-03,2.797987e-02,1.302493e-01,3.989551e-03,6.019239e-03,2.218992e-02,1.094823e-01,2.621079e-03,2.988058e-02
3.862229e-01,1.398594e-01,8.732980e-03,5.191170e-02,1.038176e-02,1.151059e-02,2.135244e-03,2.083687e-02,1.928974e-01,4.360668e-03,5.253377e-03,1.739423e-02,1.130431e-01,2.224989e-03,3.323481e-02
3.310000e-01,1.398238e-01,7.882279e-03,4.695261e-02,9.463167e-03,1.186661e-02,1.845858e-03,1.534374e-02,1.856898e-01,3.553689e-03,4.304633e-03,1.470881e-02,1.969013e-01,1.797118e-03,2.886664e-02
2.630685e-01,1.538012e-01,8.936209e-03,4.465900e-02,9.629457e-03,1.080490e-02,1.644212e-03,1.247292e-02,1.953818e-01,3.595390e-03,3.754733e-03,1.210288e-02,2.530110e-01,1.570619e-03,2.556721e-02
1.908196e-01,1.464855e-01,8.197634e-03,3.237050e-02,1.062179e-02,1.017859e-02,2.074274e-03,9.411060e-03,1.697437e-01,2.882197e-03,3.432997e-03,1.104251e-02,3.752932e-01,1.829634e-03,2.561684e-02
1.390819e-01,1.177281e-01,6.892466e-03,2.407403e-02,1.154294e-02,8.483287e-03,3.307969e-03,8.843232e-03,1.508611e-01,2.399747e-03,2.954158e-03,9.825856e-03,4.866478e-01,1.517955e-03,2.583935e-02
1.211737e-01,8.708825e-02,6.691734e-03,1.895191e-02,1.043561e-02,1.786800e-02,3.558106e-03,6.615649e-03,1.298484e-01,2.373392e-03,3.911412e-03,1.088276e-02,5.543671e-01,1.926665e-03,2.430718e-02
1.296978e-01,6.377814e-02,6.321543e-03,1.529932e-02,1.242381e-02,1.711294e-02,3.951137e-03,5.778471e-03,1.056301e-01,2.091033e-03,3.483101e-03,9.515166e-03,5.993605e-01,1.575580e-03,2.398127e-02
1.314408e-01,4.674156e-02,4.839031e-03,1.156543e-02,1.232450e-02,1.388973e-02,3.405098e-03,4.876713e-03,8.718468e-02,1.849868e-03,3.142971e-03,1.078434e-02,6.451656e-01,1.310275e-03,2.147935e-02
1.159921e-01,3.369290e-02,3.894666e-03,8.589151e-03,1.112254e-02,1.159366e-02,2.932269e-03,3.926281e-03,6.515744e-02,1.466088e-03,2.571870e-03,1.219034e-02,7.093015e-01,1.043706e-03,1.652548e-02
1.112957e-01,2.530315e-02,3.544200e-03,6.825740e-03,1.028362e-02,1.221733e-02,2.485361e-03,3.077255e-03,5.047422e-02,1.326019e-03,2.357699e-03,1.180566e-02,7.445453e-01,1.012949e-03,1.344583e-02
1.014243e-01,1.856119e-02,3.987379e-03,5.101306e-03,1.431067e-02,1.002293e-02,2.913287e-03,3.650973e-03,3.962234e-02,1.276379e-03,2.136250e-03,1.425667e-02,7.676029e-01,8.387798e-04,1.429465e-02
9.173805e-02,1.378538e-02,3.252892e-03,3.823659e-03,1.609029e-02,8.113919e-03,2.936850e-03,2.907460e-03,3.122381e-02,1.053745e-03,1.973968e-03,1.693572e-02,7.935109e-01,7.169886e-04,1.193636e-02
9.232946e-02,1.083743e-02,6.724012e-03,3.667963e-03,4.311854e-02,8.790571e-03,5.364670e-03,1.208952e-02,2.947356e-02,1.874875e-03,2.317579e-03,1.746858e-02,7.551488e-01,7.491537e-04,1.004533e-02
7.728524e-02,7.865490e-03,5.199919e-03,2.777375e-03,4.223390e-02,8.280823e-03,5.330745e-03,9.980053e-03,2.287228e-02,1.921390e-03,2.490054e-03,1.826566e-02,7.874002e-01,6.237038e-04,7.473141e-03
8.419891e-02,6.128300e-03,4.881483e-03,3.286708e-03,5.816302e-02,8.502441e-03,6.826326e-03,1.141530e-02,2.299503e-02,2.102561e-03,2.526190e-03,1.625773e-02,7.662041e-01,5.863180e-04,5.925600e-03
7.240555e-02,4.489938e-03,3.728746e-03,2.578849e-03,4.505089e-02,9.835711e-03,5.281290e-03,8.905809e-03,1.724839e-02,1.883811e-03,3.274810e-03,2.490124e-02,7.953459e-01,5.811822e-04,4.487895e-03
7.420464e-02,3.396934e-03,2.988797e-03,2.170256e-03,3.928513e-02,9.322361e-03,4.121582e-03,7.125836e-03,1.370817e-02,1.954546e-03,3.757379e-03,2.755476e-02,8.062307e-01,5.443884e-04,3.634586e-03
1.064284e-01,2.591925e-03,2.249930e-03,2.245671e-03,3.232870e-02,1.702353e-02,3.088888e-03,5.350519e-03,1.104579e-02,1.770158e-03,5.146710e-03,5.834103e-02,7.486360e-01,5.743696e-04,3.178401e-03
8.357023e-02,2.259092e-03,2.354686e-03,1.718411e-03,4.194664e-02,1.274376e-02,2.568862e-03,4.028319e-03,9.482484e-03,2.034854e-03,5.968961e-03,9.031494e-02,7.367368e-01,1.310752e-03,2.961254e-03
8.147998e-02,2.364374e-03,2.414431e-03,1.431357e-03,4.766402e-02,1.001813e-02,2.570008e-03,3.290996e-03,8.855850e-03,2.674474e-03,5.152891e-03,1.138494e-01,7.138975e-01,1.505905e-03,2.830719e-03
6.975831e-02,3.183713e-03,3.552358e-03,1.131195e-03,5.012314e-02,9.268614e-03,2.282817e-03,2.771842e-03,8.769246e-03,2.591047e-03,5.018115e-03,1.453640e-01,6.923489e-01,1.401274e-03,2.435436e-03
7.995400e-02,8.775093e-03,8.574579e-03,1.449879e-03,6.494460e-02,1.012914e-02,3.268659e-03,6.914769e-03,1.280085e-02,2.749831e-03,4.911983e-03,1.791037e-01,6.127601e-01,1.541775e-03,2.121135e-03
7.285204e-02,1.135176e-02,1.895243e-02,1.820437e-03,7.485187e-02,1.764741e-02,6.535944e-03,1.058618e-02,2.644391e-02,2.523343e-03,5.213802e-03,1.531903e-01,5.944893e-01,1.573751e-03,1.967513e-03
7.041293e-02,9.305892e-03,1.537060e-01,9.151425e-03,7.661933e-02,1.797226e-02,9.676248e-03,3.323404e-02,2.316612e-02,2.719377e-03,4.217678e-03,1.146907e-01,4.720052e-01,1.456981e-03,1.665847e-03
1.148068e-01,1.364084e-02,1.318393e-01,1.908363e-02,8.223379e-02,2.696070e-02,1.142905e-02,3.090265e-02,2.645641e-02,3.400101e-03,3.570226e-03,8.815421e-02,4.423901e-01,1.890175e-03,3.242048e-03
1.031484e-01,1.729422e-02,1.497294e-01,1.658667e-01,7.418350e-02,2.460920e-02,9.001859e-03,2.681702e-02,3.356419e-02,3.459489e-03,3.163845e-03,6.313709e-02,3.170690e-01,1.456124e-03,7.500040e-03
1.727706e-01,1.975533e-02,1.126085e-01,1.258262e-01,7.260570e-02,4.367853e-02,8.747808e-03,2.146652e-02,3.669014e-02,3.126034e-03,3.310982e-03,4.655370e-02,3.124614e-01,2.019455e-03,1.837923e-02
2.125015e-01,1.724814e-02,8.505499e-02,1.414919e-01,7.090598e-02,3.942173e-02,8.290184e-03,3.216371e-02,5.227651e-02,2.760320e-03,4.925266e-03,3.842919e-02,2.706240e-01,2.133043e-03,2.177360e-02
2.500641e-01,1.586274e-02,6.165715e-02,1.099183e-01,6.249480e-02,5.449356e-02,7.688895e-03,2.430892e-02,5.210632e-02,2.043643e-03,4.942335e-03,2.909167e-02,2.901082e-01,2.244418e-03,3.297510e-02
2.338517e-01,1.408442e-02,4.384518e-02,8.012326e-02,4.994515e-02,7.287585e-02,6.240815e-03,1.750080e-02,5.177556e-02,1.519671e-03,4.389167e-03,2.250780e-02,3.423446e-01,2.232977e-03,5.676302e-02
2.399234e-01,1.685545e-02,3.553940e-02,1.054778e-01,4.248872e-02,1.005628e-01,5.678050e-03,1.838767e-02,4.672916e-02,1.214415e-03,5.829227e-03,1.973665e-02,3.135020e-01,2.391355e-03,4.568398e-02
2.860662e-01,1.609031e-02,2.667185e-02,9.773888e-02,4.088411e-02,1.443698e-01,4.735953e-03,1.468689e-02,3.767165e-02,1.075221e-03,2.143508e-02,1.979492e-02,2.504652e-01,2.162579e-03,3.615139e-02
