1.000000e+00,0.000000e+00,0.000000e+00,0.000000e+00,0.000000e+00,0.000000e+00,0.000000e+00,0.000000e+00,0.000000e+00,0.000000e+00,0.000000e+00,0.000000e+00,0.000000e+00,0.000000e+00,0.000000e+00
1.000000e+00,0.000000e+00,0.000000e+00,0.000000e+00,0.000000e+00,0.000000e+00,0.000000e+00,0.000000e+00,0.000000e+00,0.000000e+00,0.000000e+00,0.000000e+00,0.000000e+00,0.000000e+00,0.000000e+00
1.000000e+00,0.000000e+00,0.000000e+00,0.000000e+00,0.000000e+00,0.000000e+00,0.000000e+00,0.000000e+00,0.000000e+00,0.000000e+00,0.000000e+00,0.000000e+00,0.000000e+00,0.000000e+00,0.000000e+00
1.000000e+00,0.000000e+00,0.000000e+00,0.000000e+00,0.000000e+00,0.000000e+00,0.000000e+00,0.000000e+00,0.000000e+00,0.000000e+00,0.000000e+00,0.000000e+00,0.000000e+00,0.000000e+00,0.000000e+00
1.000000e+00,0.000000e+00,0.000000e+00,0.000000e+00,0.000000e+00,0.000000e+00,0.000000e+00,0.000000e+00,0.000000e+00,0.000000e+00,0.000000e+00,0.000000e+00,0.000000e+00,0.000000e+00,0.000000e+00
1.000000e+00,0.000000e+00,0.000000e+00,0.000000e+00,0.000000e+00,0.000000e+00,0.000000e+00,0.000000e+00,0.000000e+00,0.000000e+00,0.000000e+00,0.000000e+00,0.000000e+00,0.000000e+00,0.000000e+00
1.000000e+00,0.000000e+00,0.000000e+00,0.000000e+00,0.000000e+00,0.000000e+00,0.000000e+00,0.000000e+00,0.000000e+00,0.000000e+00,0.000000e+00,0.000000e+00,0.000000e+00,0.000000e+00,0.000000e+00
1.000000e+00,0.000000e+00,0.000000e+00,0.000000e+00,0.000000e+00,0.000000e+00,0.000000e+00,0.000000e+00,0.000000e+00,0.000000e+00,0.000000e+00,0.000000e+00,0.000000e+00,0.000000e+00,0.000000e+00
1.000000e+00,0.000000e+00,0.000000e+00,0.000000e+00,0.000000e+00,0.000000e+00,0.000000e+00,0.000000e+00,0.000000e+00,0.000000e+00,0.000000e+00,0.000000e+00,0.000000e+00,0.000000e+00,0.000000e+00
1.000000e+00,0.000000e+00,0.000000e+00,0.000000e+00,0.000000e+00,0.000000e+00,0.000000e+00,0.000000e+00,0.000000e+00,0.000000e+00,0.000000e+00,0.000000e+00,0.000000e+00,0.000000e+00,0.000000e+00
1.000000e+00,0.000000e+00,0.000000e+00,0.000000e+00,0.000000e+00,0.000000e+00,0.000000e+00,0.000000e+00,0.000000e+00,0.000000e+00,0.000000e+00,0.000000e+00,0.000000e+00,0.000000e+00,0.000000e+00
4.792517e-01,1.888703e-02,9.337941e-02,1.287325e-01,2.802064e-02,1.996491e-02,6.227199e-03,5.407671e-02,1.386658e-02,3.028884e-03,2.603961e-02,6.279908e-02,3.691029e-02,1.037689e-02,1.843858e-02
4.729846e-01,1.458445e-02,1.119727e-01,1.309345e-01,2.487345e-02,2.185578e-02,5.139283e-03,6.937252e-02,1.092924e-02,2.597908e-03,2.405533e-02,5.542158e-02,3.190333e-02,8.694138e-03,1.468129e-02
1.000000e+00,0.000000e+00,0.000000e+00,0.000000e+00,0.000000e+00,0.000000e+00,0.000000e+00,0.000000e+00,0.000000e+00,0.000000e+00,0.000000e+00,0.000000e+00,0.000000e+00,0.000000e+00,0.000000e+00
1.000000e+00,0.000000e+00,0.000000e+00,0.000000e+00,0.000000e+00,0.000000e+00,0.000000e+00,0.000000e+00,0.000000e+00,0.000000e+00,0.000000e+00,0.000000e+00,0.000000e+00,0.000000e+00,0.000000e+00
1.000000e+00,0.000000e+00,0.000000e+00,0.000000e+00,0.000000e+00,0.000000e+00,0.000000e+00,0.000000e+00,0.000000e+00,0.000000e+00,0.000000e+00,0.000000e+00,0.000000e+00,0.000000e+00,0.000000e+00
1.000000e+00,0.000000e+00,0.000000e+00,0.000000e+00,0.000000e+00,0.000000e+00,0.000000e+00,0.000000e+00,0.000000e+00,0.000000e+00,0.000000e+00,0.000000e+00,0.000000e+00,0.000000e+00,0.000000e+00
1.000000e+00,0.000000e+00,0.000000e+00,0.000000e+00,0.000000e+00,0.000000e+00,0.000000e+00,0.000000e+00,0.000000e+00,0.000000e+00,0.000000e+00,0.000000e+00,0.000000e+00,0.000000e+00,0.000000e+00
1.000000e+00,0.000000e+00,0.000000e+00,0.000000e+00,0.000000e+00,0.000000e+00,0.000000e+00,0.000000e+00,0.000000e+00,0.000000e+00,0.000000e+00,0.000000e+00,0.000000e+00,0.000000e+00,0.000000e+00
1.000000e+00,0.000000e+00,0.000000e+00,0.000000e+00,0.000000e+00,0.000000e+00,0.000000e+00,0.000000e+00,0.000000e+00,0.000000e+00,0.000000e+00,0.000000e+00,0.000000e+00,0.000000e+00,0.000000e+00
1.000000e+00,0.000000e+00,0.000000e+00,0.000000e+00,0.000000e+00,0.000000e+00,0.000000e+00,0.000000e+00,0.000000e+00,0.000000e+00,0.000000e+00,0.000000e+00,0.000000e+00,0.000000e+00,0.000000e+00
1.000000e+00,0.000000e+00,0.000000e+00,0.000000e+00,0.000000e+00,0.000000e+00,0.000000e+00,0.000000e+00,0.000000e+00,0.000000e+00,0.000000e+00,0.000000e+00,0.000000e+00,0.000000e+00,0.000000e+00
1.000000e+00,0.000000e+00,0.000000e+00,0.000000e+00,0.000000e+00,0.000000e+00,0.000000e+00,0.000000e+00,0.000000e+00,0.000000e+00,0.000000e+00,0.000000e+00,0.000000e+00,0.000000e+00,0.000000e+00
1.000000e+00,0.000000e+00,0.000000e+00,0.000000e+00,0.000000e+00,0.000000e+00,0.000000e+00,0.000000e+00,0.000000e+00,0.000000e+00,0.000000e+00,0.000000e+00,0.000000e+00,0.000000e+00,0.000000e+00
1.000000e+00,0.000000e+00,0.000000e+00,0.000000e+00,0.000000e+00,0.000000e+00,0.000000e+00,0.000000e+00,0.000000e+00,0.000000e+00,0.000000e+00,0.000000e+00,0.000000e+00,0.000000e+00,0.000000e+00
1.000000e+00,0.000000e+00,0.000000e+00,0.000000e+00,0.000000e+00,0.000000e+00,0.000000e+00,0.000000e+00,0.000000e+00,0.000000e+00,0.000000e+00,0.000000e+00,0.000000e+00,0.000000e+00,0.000000e+00
1.000000e+00,0.000000e+00,0.000000e+00,0.000000e+00,0.000000e+00,0.000000e+00,0.000000e+00,0.000000e+00,0.000000e+00,0.000000e+00,0.000000e+00,0.000000e+00,0.000000e+00,0.000000e+00,0.000000e+00
1.000000e+00,0.000000e+00,0.000000e+00,0.000000e+00,0.000000e+00,0.000000e+00,0.000000e+00,0.000000e+00,0.000000e+00,0.000000e+00,0.000000e+00,0.000000e+00,0.000000e+00,0.000000e+00,0.000000e+00
1.000000e+00,0.000000e+00,0.000000e+00,0.000000e+00,0.000000e+00,0.000000e+00,0.000000e+00,0.000000e+00,0.000000e+00,0.000000e+00,0.000000e+00,0.000000e+00,0.000000e+00,0.000000e+00,0.000000e+00
1.000000e+00,0.000000e+00,0.000000e+00,0.000000e+00,0.000000e+00,0.000000e+00,0.000000e+00,0.000000e+00,0.000000e+00,0.000000e+00,0.000000e+00,0.000000e+00,0.000000e+00,0.000000e+00,0.000000e+00
1.000000e+00,0.000000e+00,0.000000e+00,0.000000e+00,0.000000e+00,0.000000e+00,0.000000e+00,0.000000e+00,0.000000e+00,0.000000e+00,0.000000e+00,0.000000e+00,0.000000e+00,0.000000e+00,0.000000e+00
1.000000e+00,0.000000e+00,0.000000e+00,0.000000e+00,0.000000e+00,0.000000e+00,0.000000e+00,0.000000e+00,0.000000e+00,0.000000e+00,0.000000e+00,0.000000e+00,0.000000e+00,0.000000e+00,0.000000e+00
1.000000e+00,0.000000e+00,0.000000e+00,0.000000e+00,0.000000e+00,0.000000e+00,0.000000e+00,0.000000e+00,0.000000e+00,0.000000e+00,0.000000e+00,0.000000e+00,0.000000e+00,0.000000e+00,0.000000e+00
1.000000e+00,0.000000e+00,0.000000e+00,0.000000e+00,0.000000e+00,0.000000e+00,0.000000e+00,0.000000e+00,0.000000e+00,0.000000e+00,0.000000e+00,0.000000e+00,0.000000e+00,0.000000e+00,0.000000e+00
1.000000e+00,0.000000e+00,0.000000e+00,0.000000e+00,0.000000e+00,0.000000e+00,0.000000e+00,0.000000e+00,0.000000e+00,0.000000e+00,0.000000e+00,0.000000e+00,0.000000e+00,0.000000e+00,0.000000e+00
1.000000e+00,0.000000e+00,0.000000e+00,0.000000e+00,0.000000e+00,0.000000e+00,0.000000e+00,0.000000e+00,0.000000e+00,0.000000e+00,0.000000e+00,0.000000e+00,0.000000e+00,0.000000e+00,0.000000e+00
1.000000e+00,0.000000e+00,0.000000e+00,0.000000e+00,0.000000e+00,0.000000e+00,0.000000e+00,0.000000e+00,0.000000e+00,0.000000e+00,0.000000e+00,0.000000e+00,0.000000e+00,0.000000e+00,0.000000e+00
1.000000e+00,0.000000e+00,0.000000e+00,0.000000e+00,0.000000e+00,0.000000e+00,0.000000e+00,0.000000e+00,0.000000e+00,0.000000e+00,0.000000e+00,0.000000e+00,0.000000e+00,0.000000e+00,0.000000e+00
1.000000e+00,0.000000e+00,0.000000e+00,0.000000e+00,0.000000e+00,0.000000e+00,0.000000e+00,0.000000e+00,0.000000e+00,0.000000e+00,0.000000e+00,0.000000e+00,0.000000e+00,0.000000e+00,0.000000e+00
1.000000e+00,0.000000e+00,0.000000e+00,0.000000e+00,0.000000e+00,0.000000e+00,0.000000e+00,0.000000e+00,0.000000e+00,0.000000e+00,0.000000e+00,0.000000e+00,0.000000e+00,0.000000e+00,0.000000e+00
1.000000e+00,0.000000e+00,0.000000e+00,0.000000e+00,0.000000e+00,0.000000e+00,0.000000e+00,0.000000e+00,0.000000e+00,0.000000e+00,0.000000e+00,0.000000e+00,0.000000e+00,0.000000e+00,0.000000e+00
1.000000e+00,0.000000e+00,0.000000e+00,0.000000e+00,0.000000e+00,0.000000e+00,0.000000e+00,0.000000e+00,0.000000e+00,0.000000e+00,0.000000e+00,0.000000e+00,0.000000e+00,0.000000e+00,0.000000e+00
1.000000e+00,0.000000e+00,0.000000e+00,0.000000e+00,0.000000e+00,0.000000e+00,0.000000e+00,0.000000e+00,0.000000e+00,0.000000e+00,0.000000e+00,0.000000e+00,0.000000e+00,0.000000e+00,0.000000e+00
1.000000e+00,0.000000e+00,0.000000e+00,0.000000e+00,0.000000e+00,0.000000e+00,0.000000e+00,0.000000e+00,0.000000e+00,0.000000e+00,0.000000e+00,0.000000e+00,0.000000e+00,0.000000e+00,0.000000e+00
1.000000e+00,0.000000e+00,0.000000e+00,0.000000e+00,0.000000e+00,0.000000e+00,0.000000e+00,0.000000e+00,0.000000e+00,0.000000e+00,0.000000e+00,0.000000e+00,0.000000e+00,0.000000e+00,0.000000e+00
1.000000e+00,0.000000e+00,0.000000e+00,0.000000e+00,0.000000e+00,0.000000e+00,0.000000e+00,0.000000e+00,0.000000e+00,0.000000e+00,0.000000e+00,0.000000e+00,0.000000e+00,0.000000e+00,0.000000e+00
1.000000e+00,0.000000e+00,0.000000e+00,0.000000e+00,0.000000e+00,0.000000e+00,0.000000e+00,0.000000e+00,0.000000e+00,0.000000e+00,0.000000e+00,0.000000e+00,0.000000e+00,0.000000e+00,0.000000e+00
1.000000e+00,0.000000e+00,0.000000e+00,0.000000e+00,0.000000e+00,0.000000e+00,0.000000e+00,0.000000e+00,0.000000e+00,0.000000e+00,0.000000e+00,0.000000e+00,0.000000e+00,0.000000e+00,0.000000e+00
4.690489e-01,5.429190e-02,2.235873e-02,1.353591e-01,1.719643e-02,4.379253e-02,1.752142e-02,3.413491e-02,1.965040e-02,4.891062e-03,1.372420e-02,9.295391e-02,3.204118e-02,3.023895e-03,4.001132e-02
3.789905e-01,7.792287e-02,2.405159e-02,1.712541e-01,2.664483e-02,4.311461e-02,1.825235e-02,3.760762e-02,2.847522e-02,5.412360e-03,1.526151e-02,9.066147e-02,3.403033e-02,3.793181e-03,4.452745e-02
2.921381e-01,9.008908e-02,2.321092e-02,1.957411e-01,3.122928e-02,4.232867e-02,1.816355e-02,3.722456e-02,3.688331e-02,6.167995e-03,1.833164e-02,1.056970e-01,4.686271e-02,5.736228e-03,5.019587e-02
2.391759e-01,1.042827e-01,2.254489e-02,2.048294e-01,3.383088e-02,4.413686e-02,1.798001e-02,3.506254e-02,4.124732e-02,6.570932e-03,1.948669e-02,1.104771e-01,5.807098e-02,6.851561e-03,5.545218e-02
1.923479e-01,8.862089e-02,2.427910e-02,1.818658e-01,3.276295e-02,7.108577e-02,2.339631e-02,4.425862e-02,3.664412e-02,5.700523e-03,1.832335e-02,1.236634e-01,1.021199e-01,6.510049e-03,4.842122e-02
1.854931e-01,9.674162e-02,2.322794e-02,1.803945e-01,3.376329e-02,6.513143e-02,2.072915e-02,3.597479e-02,3.508028e-02,6.756837e-03,1.976810e-02,1.297397e-01,1.052662e-01,7.762068e-03,5.417087e-02
2.030325e-01,9.014656e-02,2.178830e-02,1.663793e-01,3.386302e-02,6.170649e-02,1.835926e-02,2.946129e-02,3.332076e-02,6.943545e-03,2.689547e-02,1.321935e-01,1.041155e-01,1.053006e-02,6.126443e-02
2.069534e-01,8.106881e-02,1.983949e-02,1.534374e-01,3.087115e-02,6.207869e-02,1.584470e-02,2.472665e-02,3.153246e-02,6.519910e-03,3.236602e-02,1.456535e-01,1.081452e-01,1.374386e-02,6.721868e-02
1.739931e-01,7.904913e-02,2.042497e-02,1.458132e-01,2.930473e-02,6.150025e-02,1.288893e-02,2.119341e-02,3.291004e-02,7.364033e-03,4.313634e-02,1.566186e-01,1.071920e-01,2.068460e-02,8.792670e-02
3.064560e-01,6.558757e-02,1.641999e-02,1.180108e-01,2.390421e-02,5.176055e-02,1.105518e-02,1.793557e-02,2.757197e-02,6.465519e-03,4.035627e-02,1.275209e-01,8.700474e-02,1.825893e-02,8.169167e-02
4.056487e-01,5.483634e-02,1.355773e-02,9.968806e-02,1.940564e-02,4.568341e-02,9.795985e-03,1.578057e-02,2.371829e-02,6.154120e-03,3.680890e-02,1.019355e-01,7.047072e-02,1.611254e-02,8.040343e-02
1.000000e+00,0.000000e+00,0.000000e+00,0.000000e+00,0.000000e+00,0.000000e+00,0.000000e+00,0.000000e+00,0.000000e+00,0.000000e+00,0.000000e+00,0.000000e+00,0.000000e+00,0.000000e+00,0.000000e+00
1.000000e+00,0.000000e+00,0.000000e+00,0.000000e+00,0.000000e+00,0.000000e+00,0.000000e+00,0.000000e+00,0.000000e+00,0.000000e+00,0.000000e+00,0.000000e+00,0.000000e+00,0.000000e+00,0.000000e+00
1.000000e+00,0.000000e+00,0.000000e+00,0.000000e+00,0.000000e+00,0.000000e+00,0.000000e+00,0.000000e+00,0.000000e+00,0.000000e+00,0.000000e+00,0.000000e+00,0.000000e+00,0.000000e+00,0.000000e+00
1.000000e+00,0.000000e+00,0.000000e+00,0.000000e+00,0.000000e+00,0.000000e+00,0.000000e+00,0.000000e+00,0.000000e+00,0.000000e+00,0.000000e+00,0.000000e+00,0.000000e+00,0.000000e+00,0.000000e+00
1.000000e+00,0.000000e+00,0.000000e+00,0.000000e+00,0.000000e+00,0.000000e+00,0.000000e+00,0.000000e+00,0.000000e+00,0.000000e+00,0.000000e+00,0.000000e+00,0.000000e+00,0.000000e+00,0.000000e+00
4.942133e-01,2.416789e-02,1.300635e-02,1.467323e-01,1.866556e-02,1.975978e-02,4.373377e-03,1.871163e-01,7.294299e-03,2.314243e-03,1.186590e-02,2.192080e-02,2.225026e-02,3.831562e-03,2.248806e-02
4.350946e-01,1.898416e-02,1.276235e-02,1.074942e-01,1.810604e-02,1.714320e-02,4.210561e-03,3.134002e-01,5.395156e-03,1.825456e-03,9.948431e-03,1.761489e-02,1.821833e-02,3.108825e-03,1.669353e-02
3.159510e-01,1.362982e-02,1.369761e-02,7.647531e-02,1.357374e-02,1.380238e-02,3.699726e-03,4.966537e-01,3.817894e-03,1.310839e-03,7.403357e-03,1.271537e-02,1.319839e-02,2.254162e-03,1.181658e-02
2.240666e-01,9.597393e-03,9.828403e-03,5.384846e-02,1.013035e-02,9.987428e-03,2.875746e-03,6.425534e-01,2.680907e-03,9.265668e-04,5.315277e-03,8.966464e-03,9.337029e-03,1.596241e-03,8.289706e-03
1.577868e-01,6.760022e-03,6.989555e-03,3.785127e-02,7.923160e-03,7.094415e-03,2.162466e-03,7.471909e-01,1.885280e-03,6.524342e-04,3.835958e-03,6.299239e-03,6.616237e-03,1.135578e-03,5.816603e-03
1.105316e-01,4.738836e-03,4.973275e-03,2.654839e-02,5.808452e-03,4.999108e-03,1.553810e-03,8.223159e-01,1.322402e-03,4.579048e-04,2.752045e-03,4.420862e-03,4.694536e-03,8.069914e-04,4.075803e-03
7.740811e-02,3.324460e-03,3.671256e-03,1.861702e-02,4.308735e-03,3.545506e-03,1.172894e-03,8.747960e-01,9.322043e-04,3.256383e-04,2.010410e-03,3.103286e-03,3.346833e-03,5.774178e-04,2.860193e-03
5.426377e-02,2.334467e-03,2.711150e-03,1.306190e-02,3.640949e-03,2.524307e-03,9.016474e-04,9.112681e-01,6.604781e-04,2.301861e-04,1.428218e-03,2.176705e-03,2.381818e-03,4.066362e-04,2.009645e-03
3.812982e-02,1.640200e-03,2.019644e-03,9.172643e-03,3.206190e-03,1.798967e-03,6.908220e-04,9.367112e-01,4.814816e-04,1.663117e-04,1.024094e-03,1.533765e-03,1.726619e-03,2.862528e-04,1.411994e-03
2.685969e-02,1.151612e-03,1.547125e-03,6.451100e-03,2.861906e-03,1.285775e-03,5.778089e-04,9.544871e-01,3.523550e-04,1.223175e-04,7.395984e-04,1.087341e-03,1.281408e-03,2.021583e-04,9.926904e-04
1.945812e-02,8.139434e-04,1.385732e-03,4.548566e-03,2.514544e-03,9.392007e-04,5.233244e-04,9.661016e-01,2.628526e-04,1.059487e-04,5.543018e-04,8.486942e-04,1.087954e-03,1.469605e-04,7.082341e-04
1.595676e-02,6.043218e-04,1.334658e-03,3.270607e-03,3.929880e-03,7.944962e-04,8.693121e-04,9.695361e-01,2.573073e-04,1.293547e-04,4.939244e-04,8.927652e-04,1.239371e-03,1.385202e-04,5.526635e-04
1.277790e-02,4.600462e-04,1.248961e-03,2.386063e-03,4.708033e-03,6.837174e-04,1.165509e-03,9.729387e-01,2.472351e-04,1.448174e-04,4.502873e-04,8.819437e-04,1.304083e-03,1.405835e-04,4.621329e-04
1.054949e-02,3.445688e-04,1.026456e-03,1.743969e-03,4.533948e-03,5.438168e-04,1.062135e-03,9.773619e-01,2.109176e-04,1.284029e-04,3.466836e-04,6.676097e-04,1.009595e-03,1.073852e-04,3.630688e-04
9.973086e-03,2.691160e-04,8.325185e-04,1.299792e-03,4.406470e-03,4.659576e-04,9.154326e-04,9.794714e-01,2.021414e-04,1.337156e-04,2.788042e-04,5.245525e-04,8.221220e-04,8.581083e-05,3.190991e-04
1.117854e-02,2.084661e-04,6.701913e-04,1.001194e-03,3.666758e-03,4.755593e-04,8.062880e-04,9.800578e-01,1.873195e-04,1.138550e-04,2.189561e-04,4.218758e-04,6.568012e-04,6.731890e-05,2.691107e-04
2.462054e-02,6.696648e-04,7.109685e-04,1.243210e-03,5.421725e-03,1.326961e-03,6.877055e-04,8.264080e-01,2.819922e-03,7.471955e-04,7.796458e-03,4.345261e-03,1.131761e-01,1.120353e-03,8.906019e-03
2.515664e-02,2.857028e-03,7.253987e-04,2.592572e-03,5.277622e-03,2.033740e-03,6.492227e-04,6.499128e-01,1.185643e-02,1.704594e-03,1.855243e-02,8.246258e-03,2.512615e-01,1.735055e-03,1.743875e-02
2.315996e-02,2.499236e-02,2.569329e-03,1.486079e-02,6.143345e-03,1.662821e-03,5.568838e-04,4.694272e-01,1.468816e-01,3.205323e-03,1.760640e-02,1.241970e-02,2.552044e-01,1.606434e-03,1.970346e-02
4.472159e-02,2.435464e-02,2.304720e-03,1.423088e-02,5.491443e-03,2.096970e-03,6.245127e-04,3.585526e-01,1.554453e-01,3.301455e-03,3.639496e-02,1.604336e-02,3.106628e-01,2.146333e-03,2.362838e-02
4.987523e-02,4.985246e-02,2.148078e-03,1.083148e-02,4.337158e-03,2.826284e-03,7.372042e-04,2.592136e-01,1.406436e-01,2.602047e-03,2.755944e-02,1.480850e-02,3.930796e-01,2.461244e-03,3.902395e-02
5.755663e-02,5.213540e-02,3.531990e-03,1.419809e-02,4.338885e-03,8.340651e-03,1.037804e-03,1.827017e-01,2.987883e-01,2.189330e-03,2.691109e-02,1.839299e-02,2.979701e-01,2.789718e-03,2.911734e-02
5.729537e-02,4.261599e-02,3.064825e-03,1.230686e-02,5.113618e-03,1.241468e-02,1.273348e-03,1.289790e-01,2.624646e-01,1.708088e-03,4.650056e-02,4.012317e-02,3.562989e-01,2.828192e-03,2.701277e-02
6.991574e-02,3.482867e-02,4.694484e-03,1.147373e-02,6.329287e-03,1.469702e-02,2.608662e-03,9.286899e-02,2.063468e-01,1.496429e-03,4.984652e-02,7.650328e-02,3.967389e-01,9.132381e-03,2.251915e-02
6.016530e-02,2.544306e-02,4.165212e-03,8.651914e-03,7.867875e-03,1.987275e-02,3.393174e-03,6.596382e-02,1.534750e-01,1.351027e-03,4.880865e-02,1.283248e-01,4.454704e-01,8.703847e-03,1.834315e-02
4.431602e-02,1.987286e-02,4.712129e-03,6.505174e-03,6.031369e-02,1.906318e-02,6.063346e-03,4.678923e-02,1.666817e-01,1.201333e-03,4.828320e-02,1.029147e-01,4.493421e-01,6.368986e-03,1.757228e-02
3.778898e-02,1.740096e-02,5.346420e-03,1.719747e-02,4.641999e-02,2.387953e-02,4.526034e-03,3.391816e-02,1.520092e-01,2.241156e-03,5.569302e-02,1.874101e-01,3.976687e-01,5.546153e-03,1.295409e-02
3.160473e-02,1.382085e-02,4.271460e-03,1.332594e-02,3.468739e-02,2.372920e-02,3.360023e-03,2.412774e-02,1.346317e-01,2.754334e-03,7.225588e-02,2.672388e-01,3.591934e-01,4.904276e-03,1.009421e-02
3.035894e-02,1.150444e-02,4.452746e-03,1.060105e-02,4.789592e-02,2.013435e-02,4.462177e-03,1.889197e-02,1.641441e-01,2.694463e-03,7.400912e-02,2.431311e-01,3.558481e-01,3.860535e-03,8.011036e-03
4.302788e-02,1.001102e-02,5.435050e-03,9.790664e-03,5.124216e-02,1.992016e-02,4.543261e-03,1.806721e-02,1.666086e-01,3.007778e-03,6.989865e-02,2.078147e-01,3.805903e-01,3.631788e-03,6.410858e-03
6.397597e-02,1.002678e-02,6.164346e-03,9.353169e-03,4.385298e-02,2.493512e-02,4.343353e-03,1.515980e-02,1.733688e-01,6.501499e-03,6.750409e-02,2.184412e-01,3.460791e-01,4.226574e-03,6.067181e-03
4.835916e-02,9.602897e-03,9.424954e-03,7.651916e-03,4.952744e-02,1.907811e-02,4.597852e-03,1.153078e-02,2.359948e-01,5.827141e-03,5.944118e-02,1.849760e-01,3.441773e-01,4.242048e-03,5.568512e-03
6.287967e-02,1.181971e-02,1.687785e-02,1.060126e-02,7.401556e-02,1.676146e-02,6.180829e-03,1.217227e-02,2.072335e-01,1.067146e-02,6.186673e-02,1.705310e-01,3.157131e-01,9.797730e-03,1.287785e-02
8.595597e-02,1.510975e-02,2.132386e-02,9.335779e-03,6.592076e-02,1.318268e-02,7.033451e-03,1.205441e-02,2.339159e-01,2.599743e-02,5.595101e-02,1.453509e-01,2.755061e-01,9.262017e-03,2.409996e-02
6.699905e-02,2.034191e-02,2.271247e-02,7.345899e-03,5.481587e-02,1.000380e-02,5.933973e-03,1.201723e-02,3.745922e-01,2.055367e-02,4.356474e-02,1.156197e-01,2.199518e-01,6.989549e-03,1.855815e-02
6.767342e-02,2.202298e-02,2.395861e-02,1.258770e-02,5.355837e-02,9.597416e-03,4.398979e-03,1.327730e-02,4.536487e-01,1.764733e-02,3.424714e-02,1.025737e-01,1.636522e-01,6.405746e-03,1.475036e-02
5.982649e-02,3.308186e-02,2.727364e-02,2.000356e-02,4.263632e-02,1.167116e-02,3.165176e-03,1.069352e-02,5.275467e-01,1.388981e-02,2.782939e-02,8.511808e-02,1.189108e-01,5.724858e-03,1.262871e-02
7.399820e-02,7.797419e-02,2.935365e-02,2.543852e-02,4.386439e-02,1.065730e-02,2.523955e-03,8.754704e-03,4.844492e-01,1.322567e-02,2.669928e-02,7.726263e-02,8.790933e-02,5.297014e-03,3.259199e-02
8.227267e-02,6.384717e-02,2.497902e-02,5.191372e-02,3.326195e-02,1.014945e-02,2.013430e-03,8.763775e-03,4.534985e-01,1.584167e-02,3.459509e-02,7.106580e-02,7.657102e-02,8.082325e-03,6.314446e-02
1.290503e-01,6.123664e-02,1.925736e-02,5.807777e-02,2.477411e-02,9.336958e-03,1.673105e-03,7.200477e-03,3.940376e-01,1.496622e-02,5.149046e-02,6.813053e-02,8.121803e-02,1.074121e-02,6.880926e-02
1.684383e-01,5.003000e-02,1.511007e-02,6.489564e-02,1.809910e-02,8.308493e-03,1.722927e-03,6.414025e-03,3.310073e-01,1.256379e-02,8.964173e-02,9.948926e-02,6.412302e-02,1.440875e-02,5.574759e-02
1.401507e-01,3.684478e-02,1.335366e-02,7.415916e-02,1.370420e-02,7.376084e-03,1.471845e-03,4.968493e-03,2.737629e-01,1.096824e-02,1.481446e-01,1.514161e-01,5.246907e-02,1.926151e-02,5.194869e-02
1.248850e-01,2.717066e-02,1.193445e-02,6.242415e-02,1.085645e-02,1.064857e-02,1.502224e-03,4.513010e-03,1.993094e-01,9.437419e-03,1.329833e-01,2.864314e-01,4.057867e-02,3.556975e-02,4.175550e-02
1.002209e-01,2.000459e-02,9.562987e-03,4.787160e-02,1.004169e-02,1.058303e-02,1.261171e-03,3.704692e-03,1.453057e-01,8.698083e-03,1.456240e-01,3.511769e-01,3.177591e-02,8.188254e-02,3.228622e-02
9.648863e-02,1.501576e-02,7.476871e-03,3.654124e-02,8.433456e-03,8.957406e-03,1.062479e-03,3.015283e-03,1.068328e-01,7.782552e-03,1.664321e-01,3.992803e-01,2.516399e-02,9.360034e-02,2.391675e-02
8.661290e-02,1.105079e-02,5.832822e-03,3.059321e-02,1.223954e-02,2.048163e-02,1.081820e-03,3.278583e-03,7.742215e-02,6.697258e-03,2.016721e-01,4.293824e-01,2.146486e-02,7.467403e-02,1.751586e-02
6.454202e-02,8.016506e-03,4.604672e-03,2.240227e-02,1.423016e-02,1.654019e-02,8.134078e-04,2.403548e-03,5.546556e-02,8.810384e-03,2.340068e-01,4.689434e-01,1.745932e-02,6.876348e-02,1.299833e-02
5.668310e-02,5.961400e-03,3.603894e-03,1.677413e-02,1.921340e-02,1.333720e-02,6.175312e-04,2.009377e-03,4.079136e-02,1.014611e-02,2.295873e-01,5.102960e-01,1.547153e-02,6.597525e-02,9.532403e-03
4.880577e-02,4.462143e-03,2.778044e-03,1.279744e-02,2.400124e-02,1.177448e-02,5.792798e-04,1.869750e-03,3.066936e-02,9.047576e-03,2.669789e-01,5.101219e-01,1.268452e-02,5.636957e-02,7.060039e-03
5.579195e-02,3.677406e-03,2.351952e-03,9.631561e-03,2.317631e-02,1.221995e-02,7.604142e-04,2.227664e-03,2.372405e-02,7.713713e-03,2.354904e-01,5.611343e-01,1.032829e-02,4.663330e-02,5.138753e-03
6.370348e-02,4.272016e-03,2.404002e-03,7.407972e-03,1.949258e-02,1.338204e-02,7.826588e-04,2.042509e-03,1.834346e-02,8.854426e-03,2.415678e-01,5.556437e-01,8.577017e-03,4.839947e-02,5.126894e-03
5.495362e-02,4.238956e-03,2.715195e-03,5.398892e-03,1.516898e-02,1.098549e-02,6.588291e-04,1.790554e-03,1.441149e-02,1.262507e-02,1.964676e-01,6.194297e-01,6.954804e-03,4.985167e-02,4.349070e-03
5.911695e-02,4.309792e-03,2.570128e-03,4.284501e-03,1.244609e-02,9.495092e-03,6.243808e-04,1.773715e-03,1.212011e-02,1.182870e-02,1.978919e-01,6.273444e-01,5.888782e-03,4.659557e-02,3.709857e-03
6.357662e-02,3.879810e-03,3.196187e-03,3.564622e-03,1.026228e-02,1.114779e-02,9.746212e-04,3.342230e-03,1.052556e-02,1.200654e-02,1.831503e-01,6.424890e-01,4.736168e-03,4.398371e-02,3.164598e-03
8.202050e-02,3.750298e-03,3.255183e-03,3.641590e-03,9.971566e-03,1.564659e-02,1.322511e-03,3.849811e-03,8.790709e-03,1.068228e-02,1.833479e-01,6.300399e-01,3.823987e-03,3.685279e-02,3.004428e-03
6.788377e-02,6.270139e-03,3.389516e-03,3.526505e-03,3.338652e-02,1.591757e-02,1.983290e-03,4.198861e-03,8.759855e-03,9.875509e-03,2.162606e-01,5.902259e-01,3.341624e-03,3.130259e-02,3.677688e-03
4.811959e-02,6.128533e-03,3.196861e-03,2.696016e-03,5.773170e-02,1.174902e-02,2.083315e-03,3.452203e-03,1.006259e-02,9.766167e-03,2.942517e-01,5.119351e-01,3.516328e-03,3.188540e-02,3.425447e-03
3.553198e-02,6.718209e-03,4.245127e-03,2.101707e-03,7.627293e-02,8.826129e-03,2.059636e-03,3.523072e-03,1.189707e-02,1.232025e-02,3.275818e-01,4.579170e-01,3.323806e-03,4.310149e-02,4.579784e-03
2.750344e-02,6.052596e-03,5.242458e-03,1.772837e-03,7.506666e-02,7.367676e-03,1.867108e-03,3.252077e-03,1.480065e-02,1.647625e-02,3.891206e-01,4.007240e-01,3.741618e-03,4.271536e-02,4.296632e-03
2.199595e-02,5.646531e-03,5.953303e-03,1.387874e-03,9.286579e-02,6.215494e-03,1.947989e-03,3.114262e-03,2.540229e-02,3.155157e-02,3.999432e-01,3.488691e-01,3.672646e-03,4.716183e-02,4.272087e-03
1.736287e-02,8.534331e-03,1.236545e-02,1.385601e-03,7.970930e-02,6.637823e-03,2.256180e-03,2.857086e-03,3.225043e-02,6.993432e-02,4.503933e-01,2.652659e-01,3.710383e-03,3.845226e-02,8.884713e-03
1.858175e-02,7.051049e-03,1.091834e-02,2.301157e-03,6.565149e-02,4.050249e-02,5.797334e-03,4.154310e-03,2.828383e-02,5.696762e-02,4.602951e-01,2.520604e-01,7.766965e-03,3.183570e-02,7.832523e-03
2.105418e-02,5.964522e-03,8.927762e-03,2.458692e-03,7.899549e-02,3.715855e-02,7.191906e-03,6.252792e-03,3.983123e-02,4.899446e-02,4.760799e-01,2.236888e-01,1.109831e-02,2.622815e-02,6.075279e-03
2.533654e-02,7.553127e-03,1.056875e-02,3.479344e-03,8.749139e-02,5.525211e-02,7.105122e-03,9.681918e-03,5.454854e-02,3.682928e-02,4.377790e-01,2.274006e-01,1.195498e-02,1.963152e-02,5.387804e-03
2.486445e-02,7.602397e-03,1.180064e-02,6.796733e-03,7.434853e-02,1.207878e-01,6.924080e-03,1.586455e-02,5.475913e-02,2.695024e-02,3.723710e-01,2.443769e-01,1.228906e-02,1.443412e-02,5.830330e-03
2.366200e-02,9.091657e-03,1.043556e-02,7.766194e-03,1.430845e-01,8.738873e-02,6.705813e-03,1.261105e-02,1.146669e-01,1.970891e-02,2.967955e-01,2.376980e-01,1.269094e-02,1.081571e-02,6.878520e-03
2.849168e-02,1.166151e-02,3.778924e-02,1.854821e-02,1.550570e-01,7.140601e-02,8.335123e-03,3.659844e-02,1.136238e-01,1.489850e-02,2.483130e-01,2.198424e-01,1.827604e-02,8.699560e-03,8.459423e-03
3.488897e-02,1.731333e-02,3.927241e-02,5.734591e-02,1.458465e-01,6.220840e-02,6.917673e-03,2.923107e-02,1.621689e-01,1.457225e-02,1.896386e-01,1.800327e-01,2.389173e-02,7.013326e-03,2.965837e-02
4.205225e-02,1.911398e-02,3.899128e-02,4.726552e-02,1.351396e-01,4.678752e-02,5.501348e-03,2.422543e-02,2.301449e-01,1.162899e-02,1.829942e-01,1.575016e-01,2.801438e-02,6.184491e-03,2.445450e-02
6.283318e-02,2.352684e-02,4.929384e-02,5.103562e-02,1.653947e-01,4.009594e-02,4.721566e-03,2.333952e-02,2.269744e-01,1.051905e-02,1.560003e-01,1.244503e-01,2.759037e-02,5.844126e-03,2.838014e-02
6.634791e-02,2.760693e-02,5.642365e-02,1.378843e-01,1.499439e-01,3.161407e-02,3.953437e-03,2.123479e-02,2.084498e-01,1.143930e-02,1.159753e-01,9.573995e-02,2.709974e-02,4.802310e-03,4.148462e-02
5.353190e-02,2.373755e-02,1.602896e-01,1.763355e-01,1.204184e-01,2.422086e-02,2.947935e-03,1.624127e-02,1.809992e-01,1.102719e-02,8.559170e-02,6.970026e-02,2.281939e-02,3.856933e-03,4.828222e-02
6.504995e-02,2.035478e-02,1.535505e-01,1.445613e-01,1.417398e-01,1.996909e-02,2.668360e-03,1.715623e-02,1.986586e-01,1.006105e-02,8.596949e-02,6.216813e-02,3.202476e-02,5.379244e-03,4.068860e-02
5.525031e-02,1.985945e-02,1.250665e-01,1.369126e-01,1.155527e-01,1.486968e-02,1.991783e-03,1.376899e-02,3.184265e-01,8.766337e-03,7.060917e-02,4.580868e-02,3.276816e-02,4.246168e-03,3.610295e-02
5.236306e-02,2.194331e-02,1.054349e-01,1.368695e-01,9.953725e-02,1.361218e-02,1.496226e-03,1.005861e-02,3.396127e-01,7.523213e-03,8.088767e-02,3.583747e-02,3.618814e-02,1.350712e-02,4.512865e-02
3.726436e-02,1.561921e-02,7.438124e-02,1.305383e-01,7.546461e-02,1.077714e-02,1.207237e-03,7.302096e-03,2.514877e-01,1.830344e-02,1.834998e-01,4.669480e-02,1.044229e-01,1.071471e-02,3.232260e-02
2.722763e-02,1.141343e-02,5.379869e-02,1.090188e-01,6.177816e-02,1.147790e-02,2.489203e-03,6.226223e-03,1.823438e-01,1.517979e-02,1.837769e-01,1.620403e-01,1.386663e-01,1.016374e-02,2.439920e-02
1.968712e-02,8.638675e-03,3.910726e-02,8.370137e-02,5.111162e-02,1.259701e-02,2.552464e-03,4.776769e-03,1.315581e-01,1.144749e-02,1.608157e-01,3.124130e-01,1.314401e-01,1.076693e-02,1.938650e-02
1.392262e-02,6.105460e-03,2.748712e-02,5.865536e-02,5.194777e-02,9.403161e-03,1.921558e-03,3.671302e-03,9.375580e-02,8.169407e-03,1.386693e-01,4.213049e-01,1.431278e-01,8.110872e-03,1.374759e-02
9.776153e-03,4.298907e-03,1.926278e-02,4.109913e-02,3.944180e-02,7.115839e-03,1.373266e-03,2.600792e-03,6.616913e-02,5.858804e-03,1.018815e-01,5.738602e-01,1.115772e-01,6.030879e-03,9.653580e-03
6.881051e-03,3.053032e-03,1.357093e-02,2.879364e-02,3.102086e-02,5.279152e-03,9.817376e-04,1.887208e-03,4.971688e-02,4.293484e-03,7.588023e-02,6.730923e-01,9.442973e-02,4.336070e-03,6.783660e-03
5.154214e-03,2.368408e-03,9.859021e-03,2.029824e-02,2.672919e-02,4.103156e-03,8.107118e-04,3.740117e-03,4.912634e-02,3.917813e-03,5.737849e-02,7.271177e-01,8.137276e-02,3.248570e-03,4.775237e-03
4.177600e-03,2.090980e-03,8.125823e-03,1.454253e-02,2.136621e-02,3.843371e-03,7.520971e-04,9.321887e-03,4.043359e-02,4.168625e-03,4.728700e-02,7.702861e-01,6.775058e-02,2.497025e-03,3.356562e-03
3.279886e-03,1.557838e-03,5.857736e-03,1.025435e-02,1.629061e-02,5.580657e-03,5.642173e-04,6.881045e-03,3.109366e-02,4.316736e-03,3.701757e-02,8.231907e-01,4.983659e-02,1.910183e-03,2.368283e-03
2.706783e-03,1.601547e-03,4.793595e-03,7.306198e-03,1.505514e-02,5.328882e-03,4.242765e-04,5.354520e-03,3.218858e-02,6.391239e-03,3.093205e-02,8.473271e-01,3.734998e-02,1.538812e-03,1.701299e-03
4.322612e-03,1.930854e-03,4.868511e-03,5.553783e-03,1.855926e-02,5.697181e-03,3.925305e-04,1.397242e-02,3.823500e-02,1.166967e-02,2.719384e-02,8.316383e-01,3.349672e-02,1.238997e-03,1.230359e-03
3.737418e-03,1.869410e-03,3.767061e-03,4.081121e-03,1.550162e-02,4.590155e-03,3.016609e-04,1.080394e-02,3.841158e-02,1.188490e-02,2.247769e-02,8.530337e-01,2.761148e-02,1.038195e-03,8.901594e-04
3.168165e-03,1.770691e-03,2.823566e-03,3.080723e-03,1.913038e-02,3.892313e-03,2.895076e-04,8.372647e-03,6.740187e-02,1.015560e-02,1.961417e-02,8.355826e-01,2.324168e-02,8.273071e-04,6.488379e-04
3.179058e-03,1.622317e-03,2.063993e-03,2.332466e-03,1.431209e-02,3.355383e-03,2.133553e-04,6.029193e-03,5.250801e-02,8.490408e-03,1.613347e-02,8.708342e-01,1.768459e-02,7.329605e-04,5.085726e-04
4.726009e-03,1.454714e-03,1.561350e-03,1.756800e-03,1.068287e-02,3.508794e-03,1.665532e-04,4.537266e-03,3.993824e-02,6.840704e-03,1.314844e-02,8.970538e-01,1.351698e-02,6.750338e-04,4.325645e-04
5.326907e-03,1.540878e-03,1.271293e-03,1.524418e-03,1.728643e-02,3.508112e-03,2.844288e-04,3.834742e-03,6.250095e-02,5.440552e-03,1.207436e-02,8.724177e-01,1.197390e-02,5.811409e-04,4.341611e-04
4.684329e-03,1.332927e-03,1.127354e-03,1.430188e-03,1.848003e-02,4.774100e-03,3.488806e-04,1.195757e-02,6.643269e-02,4.169632e-03,1.118672e-02,8.623170e-01,1.088938e-02,5.361802e-04,3.330557e-04
5.214965e-03,1.105197e-03,9.001940e-04,1.249467e-03,1.665424e-02,5.241571e-03,3.393501e-04,1.097506e-02,6.525861e-02,3.395274e-03,1.012287e-02,8.697268e-01,9.067694e-03,4.789493e-04,2.698627e-04
4.094128e-03,1.075837e-03,9.890357e-04,9.578984e-04,2.579700e-02,4.340112e-03,5.551492e-04,9.396724e-03,1.083454e-01,2.809829e-03,8.600676e-03,8.240550e-01,8.369664e-03,3.876121e-04,2.260225e-04
3.572594e-03,1.590956e-03,1.985538e-03,8.325165e-04,3.307365e-02,4.246506e-03,8.127471e-04,1.179531e-02,1.253900e-01,2.777475e-03,9.010770e-03,7.951922e-01,9.086067e-03,3.887352e-04,2.449884e-04
3.367538e-03,1.383168e-03,2.526791e-03,9.955371e-04,4.730625e-02,3.736755e-03,1.198572e-03,1.619830e-02,1.576803e-01,2.332679e-03,9.778038e-03,7.428432e-01,1.005921e-02,3.782986e-04,2.154417e-04
3.011992e-03,1.191123e-03,2.328345e-03,8.324453e-04,1.136654e-01,2.945533e-03,1.699870e-03,2.784112e-02,2.808164e-01,1.681876e-03,7.616095e-03,5.478792e-01,8.033778e-03,2.945256e-04,1.623527e-04
2.385905e-03,1.315104e-03,1.808377e-03,6.888203e-04,1.007419e-01,2.379351e-03,1.498929e-03,2.141913e-02,4.691419e-01,1.222692e-03,5.592578e-03,3.857385e-01,5.714229e-03,2.210979e-04,1.315763e-04
2.655274e-03,1.679996e-03,1.603040e-03,5.500372e-04,1.087627e-01,4.283615e-03,1.849764e-03,1.730821e-02,5.796125e-01,9.227774e-04,5.326851e-03,2.708690e-01,4.202310e-03,1.693031e-04,2.046114e-04
4.087192e-03,3.939569e-03,2.277052e-03,8.796859e-04,1.200899e-01,5.567894e-03,2.510987e-03,1.538259e-02,6.449398e-01,8.094608e-04,5.113402e-03,1.900824e-01,3.676023e-03,1.460395e-04,4.980316e-04
6.244915e-03,3.514159e-03,1.761623e-03,7.620967e-04,1.538928e-01,6.192713e-03,2.327617e-03,1.147688e-02,6.672378e-01,7.720715e-04,4.147032e-03,1.336703e-01,3.787268e-03,1.413257e-04,4.071524e-03
8.220663e-03,4.302859e-03,1.685998e-03,1.163668e-03,1.728059e-01,6.925617e-03,2.533056e-03,2.401472e-02,6.739361e-01,6.206789e-04,3.161960e-03,9.412598e-02,2.968588e-03,1.698408e-04,3.364323e-03
1.216423e-02,6.321159e-03,1.777584e-03,1.970017e-03,1.985982e-01,8.083640e-03,2.495088e-03,3.156063e-02,6.621308e-01,5.213303e-04,2.474926e-03,6.626059e-02,2.398917e-03,2.266439e-04,3.016187e-03
1.898570e-02,9.191530e-03,2.078899e-02,5.149199e-02,2.488734e-01,2.385373e-02,5.401364e-03,5.121253e-02,5.094944e-01,8.978069e-04,1.946117e-03,4.663991e-02,2.469000e-03,2.463540e-04,8.507267e-03
4.324559e-02,1.658626e-02,2.452920e-02,5.025102e-02,2.998101e-01,5.590568e-02,5.891118e-03,4.120022e-02,4.006900e-01,1.241298e-03,1.890974e-03,3.310629e-02,2.533304e-03,4.048437e-04,2.271422e-02
5.847009e-02,2.081085e-02,2.111433e-02,8.082520e-02,3.461665e-01,4.958797e-02,2.139720e-02,4.132991e-02,3.105435e-01,1.033690e-03,2.167733e-03,2.404201e-02,3.194846e-03,4.124105e-04,1.890378e-02
8.780369e-02,2.154179e-02,1.841908e-02,7.171676e-02,3.968310e-01,5.448184e-02,1.822691e-02,3.467917e-02,2.549524e-01,9.009779e-04,2.838693e-03,1.717424e-02,2.860700e-03,6.804533e-04,1.689230e-02
1.033190e-01,2.629596e-02,1.623377e-02,7.122093e-02,4.166238e-01,7.582144e-02,1.783871e-02,2.690477e-02,2.060266e-01,9.502784e-04,4.334948e-03,1.374143e-02,2.675426e-03,9.022437e-04,1.711071e-02
8.627935e-02,2.961532e-02,1.187159e-02,2.076511e-01,3.843296e-01,5.801461e-02,1.275160e-02,1.971305e-02,1.470285e-01,1.508328e-03,1.024077e-02,1.379570e-02,3.325977e-03,8.907696e-04,1.298373e-02
6.310165e-02,5.201229e-02,9.387822e-03,2.487611e-01,3.534110e-01,4.326462e-02,9.285009e-03,1.422592e-02,1.143314e-01,2.030075e-03,3.537817e-02,3.736757e-02,6.284953e-03,9.970290e-04,1.016148e-02
4.441408e-02,3.714268e-02,6.638360e-03,1.794681e-01,4.078733e-01,3.625780e-02,6.653465e-03,1.075538e-02,1.116465e-01,1.641579e-03,1.005879e-01,3.287652e-02,6.836358e-03,1.000210e-02,7.205933e-03
3.119123e-02,2.603517e-02,4.694102e-03,1.274851e-01,2.894532e-01,2.563906e-02,4.670196e-03,7.788579e-03,8.391377e-02,1.262151e-03,3.458835e-01,2.696535e-02,5.084838e-03,1.483798e-02,5.095683e-03
2.190340e-02,1.833654e-02,3.302415e-03,8.975368e-02,2.071818e-01,1.818348e-02,3.280734e-03,5.616247e-03,6.068471e-02,9.360135e-04,5.060601e-01,3.651848e-02,3.923402e-03,2.072755e-02,3.591465e-03
1.542489e-02,1.291992e-02,2.367649e-03,6.329507e-02,1.462590e-01,1.297827e-02,2.315959e-03,4.182075e-03,4.305998e-02,7.588242e-04,6.033165e-01,3.667804e-02,2.982448e-03,5.091333e-02,2.548025e-03
1.088768e-02,9.153362e-03,1.769313e-03,4.463882e-02,1.033377e-01,9.464519e-03,1.629159e-03,3.000528e-03,3.083944e-02,6.524521e-04,6.890261e-01,2.986476e-02,2.351648e-03,6.155278e-02,1.831636e-03
7.732116e-03,6.670636e-03,1.290995e-03,3.137599e-02,7.307223e-02,6.789526e-03,1.155885e-03,2.117492e-03,2.267930e-02,6.498212e-04,7.206544e-01,2.770068e-02,1.992497e-03,9.475279e-02,1.365584e-03
5.484528e-03,4.818553e-03,9.988724e-04,2.202940e-02,5.200133e-02,5.617394e-03,8.264474e-04,1.501808e-03,3.017947e-02,9.504841e-04,6.657041e-01,4.172712e-02,1.871166e-03,1.651550e-01,1.134215e-03
3.888129e-03,3.580143e-03,8.094923e-04,1.567312e-02,3.713094e-02,4.573697e-03,5.873524e-04,1.093890e-03,6.330970e-02,2.233380e-03,6.619430e-01,3.457887e-02,1.579150e-03,1.678603e-01,1.158799e-03
2.779339e-03,2.680175e-03,9.771300e-04,1.153316e-02,2.674849e-02,3.676199e-03,4.188995e-04,8.056355e-04,1.066666e-01,3.667451e-03,6.297910e-01,2.838454e-02,1.464525e-03,1.791865e-01,1.220288e-03
2.206084e-03,3.337738e-03,1.315906e-03,8.719683e-03,1.982533e-02,3.265959e-03,3.052756e-04,6.217415e-04,1.657484e-01,3.827277e-03,5.775869e-01,2.233603e-02,1.295344e-03,1.882326e-01,1.375766e-03
2.560232e-03,2.970891e-03,3.865299e-03,8.627612e-03,2.235587e-02,5.307605e-03,2.579674e-04,1.553926e-03,1.935536e-01,4.583528e-03,5.023434e-01,1.688061e-02,2.290940e-03,2.307283e-01,2.120215e-03
2.316987e-03,2.448720e-03,3.618075e-03,6.777340e-03,1.850253e-02,4.068498e-03,1.871704e-04,1.165018e-03,1.563727e-01,4.379054e-03,4.497992e-01,1.354771e-02,2.721323e-03,3.320471e-01,2.048521e-03
2.464011e-03,2.603413e-03,6.962482e-03,6.925457e-03,1.515157e-02,4.427159e-03,1.577113e-04,1.778524e-03,1.506500e-01,4.749102e-03,4.107322e-01,1.068260e-02,3.652418e-03,3.767291e-01,2.334279e-03
2.932529e-03,2.366634e-03,7.184583e-03,1.479526e-02,1.963011e-02,4.360097e-02,1.329460e-03,2.483249e-03,2.421389e-01,1.173039e-02,3.278871e-01,1.315245e-02,1.322385e-02,2.873406e-01,1.020397e-02
4.864319e-03,2.604685e-03,7.160096e-03,2.421120e-02,2.235300e-02,6.334749e-02,1.624889e-03,1.249602e-02,3.057707e-01,1.383619e-02,2.577896e-01,1.494548e-02,1.313954e-02,2.437417e-01,1.211519e-02
7.231029e-03,3.404303e-03,9.474589e-03,2.812231e-02,2.048005e-02,5.045107e-02,1.391813e-03,1.292104e-02,3.563758e-01,1.497177e-02,2.343102e-01,3.189603e-02,1.756198e-02,1.956805e-01,1.572763e-02
1.853009e-02,3.894021e-03,1.005169e-02,3.248979e-02,1.679778e-02,4.181885e-02,1.068572e-03,1.251231e-02,3.928049e-01,1.743708e-02,2.095183e-01,3.362644e-02,2.119381e-02,1.713267e-01,1.692968e-02
2.069207e-02,4.156933e-03,1.162868e-02,3.209183e-02,1.432844e-02,3.560283e-02,8.733163e-04,1.101475e-02,4.518237e-01,2.473122e-02,1.766912e-01,3.720300e-02,2.113393e-02,1.377735e-01,2.025468e-02
3.328625e-02,4.475597e-03,1.664796e-02,2.659147e-02,1.599116e-02,4.828102e-02,1.353014e-03,4.790322e-02,4.195617e-01,2.303041e-02,1.645463e-01,3.260657e-02,1.939943e-02,1.265724e-01,1.975361e-02
4.860992e-02,4.088736e-03,2.151873e-02,2.108685e-02,1.405822e-02,6.072141e-02,1.684870e-03,1.265100e-01,3.809767e-01,1.836948e-02,1.406511e-01,2.743232e-02,1.663589e-02,1.012363e-01,1.641943e-02
8.013818e-02,5.187839e-03,3.009548e-02,2.217822e-02,3.818026e-02,5.360937e-02,1.466432e-03,9.211186e-02,3.687629e-01,2.047141e-02,1.209929e-01,2.062920e-02,1.259986e-02,1.170338e-01,1.654230e-02
8.065020e-02,8.306154e-03,3.031587e-02,2.134348e-02,4.420444e-02,4.386512e-02,1.124167e-03,6.514201e-02,4.423417e-01,1.760783e-02,9.031273e-02,1.470167e-02,9.488029e-03,1.154703e-01,1.512624e-02
7.441277e-02,2.601355e-02,4.773487e-02,7.593153e-02,7.811959e-02,3.754711e-02,1.481027e-03,5.660791e-02,3.960975e-01,1.328332e-02,6.512327e-02,1.083936e-02,7.301114e-03,9.472092e-02,1.478614e-02
7.319891e-02,2.236118e-02,7.566449e-02,8.056659e-02,1.330396e-01,3.008589e-02,1.659185e-03,9.449219e-02,3.294410e-01,9.579480e-03,4.680891e-02,7.804100e-03,5.506873e-03,7.886210e-02,1.092954e-02
6.495306e-02,1.874646e-02,6.696802e-02,5.906262e-02,1.444021e-01,2.227170e-02,1.906744e-03,2.595899e-01,2.464065e-01,6.885974e-03,3.335207e-02,5.547113e-03,4.051047e-03,5.804878e-02,7.808010e-03
5.409920e-02,1.371049e-02,5.123773e-02,4.185893e-02,1.363263e-01,1.642310e-02,3.565244e-03,4.222386e-01,1.779204e-01,4.963692e-03,2.373609e-02,3.932993e-03,3.203628e-03,4.125484e-02,5.528735e-03
4.552281e-02,9.857303e-03,4.120814e-02,3.035715e-02,1.068616e-01,1.316246e-02,2.151095e-02,5.447808e-01,1.256202e-01,3.681646e-03,1.679618e-02,2.803962e-03,4.432810e-03,2.924779e-02,4.156290e-03
3.676078e-02,7.050919e-03,3.284593e-02,2.205042e-02,8.128405e-02,1.153616e-02,2.234661e-02,6.521511e-01,8.861236e-02,3.004880e-03,1.189321e-02,2.032463e-03,4.589969e-03,2.076061e-02,3.080610e-03
3.373415e-02,5.771754e-03,2.523889e-02,1.693895e-02,6.210327e-02,1.161946e-02,1.671056e-02,6.369516e-01,6.593101e-02,1.358729e-02,5.862333e-02,7.923451e-03,2.164136e-02,1.808681e-02,5.138199e-03
2.853295e-02,5.068634e-03,1.840609e-02,1.565674e-02,5.051947e-02,1.906563e-02,1.408629e-02,4.847374e-01,4.913327e-02,1.235900e-02,7.867990e-02,1.152519e-02,1.846895e-01,1.284698e-02,1.469298e-02
