1.000000e+00,0.000000e+00,0.000000e+00,0.000000e+00,0.000000e+00,0.000000e+00,0.000000e+00,0.000000e+00,0.000000e+00,0.000000e+00,0.000000e+00,0.000000e+00,0.000000e+00,0.000000e+00,0.000000e+00
1.000000e+00,0.000000e+00,0.000000e+00,0.000000e+00,0.000000e+00,0.000000e+00,0.000000e+00,0.000000e+00,0.000000e+00,0.000000e+00,0.000000e+00,0.000000e+00,0.000000e+00,0.000000e+00,0.000000e+00
1.000000e+00,0.000000e+00,0.000000e+00,0.000000e+00,0.000000e+00,0.000000e+00,0.000000e+00,0.000000e+00,0.000000e+00,0.000000e+00,0.000000e+00,0.000000e+00,0.000000e+00,0.000000e+00,0.000000e+00
1.000000e+00,0.000000e+00,0.000000e+00,0.000000e+00,0.000000e+00,0.000000e+00,0.000000e+00,0.000000e+00,0.000000e+00,0.000000e+00,0.000000e+00,0.000000e+00,0.000000e+00,0.000000e+00,0.000000e+00
1.000000e+00,0.000000e+00,0.000000e+00,0.000000e+00,0.000000e+00,0.000000e+00,0.000000e+00,0.000000e+00,0.000000e+00,0.000000e+00,0.000000e+00,0.000000e+00,0.000000e+00,0.000000e+00,0.000000e+00
1.000000e+00,0.000000e+00,0.000000e+00,0.000000e+00,0.000000e+00,0.000000e+00,0.000000e+00,0.000000e+00,0.000000e+00,0.000000e+00,0.000000e+00,0.000000e+00,0.000000e+00,0.000000e+00,0.000000e+00
1.000000e+00,0.000000e+00,0.000000e+00,0.000000e+00,0.000000e+00,0.000000e+00,0.000000e+00,0.000000e+00,0.000000e+00,0.000000e+00,0.000000e+00,0.000000e+00,0.000000e+00,0.000000e+00,0.000000e+00
1.000000e+00,0.000000e+00,0.000000e+00,0.000000e+00,0.000000e+00,0.000000e+00,0.000000e+00,0.000000e+00,0.000000e+00,0.000000e+00,0.000000e+00,0.000000e+00,0.000000e+00,0.000000e+00,0.000000e+00
1.000000e+00,0.000000e+00,0.000000e+00,0.000000e+00,0.000000e+00,0.000000e+00,0.000000e+00,0.000000e+00,0.000000e+00,0.000000e+00,0.000000e+00,0.000000e+00,0.000000e+00,0.000000e+00,0.000000e+00
1.000000e+00,0.000000e+00,0.000000e+00,0.000000e+00,0.000000e+00,0.000000e+00,0.000000e+00,0.000000e+00,0.000000e+00,0.000000e+00,0.000000e+00,0.000000e+00,0.000000e+00,0.000000e+00,0.000000e+00
1.000000e+00,0.000000e+00,0.000000e+00,0.000000e+00,0.000000e+00,0.000000e+00,0.000000e+00,0.000000e+00,0.000000e+00,0.000000e+00,0.000000e+00,0.000000e+00,0.000000e+00,0.000000e+00,0.000000e+00
1.000000e+00,0.000000e+00,0.000000e+00,0.000000e+00,0.000000e+00,0.000000e+00,0.000000e+00,0.000000e+00,0.000000e+00,0.000000e+00,0.000000e+00,0.000000e+00,0.000000e+00,0.000000e+00,0.000000e+00
1.000000e+00,0.000000e+00,0.000000e+00,0.000000e+00,0.000000e+00,0.000000e+00,0.000000e+00,0.000000e+00,0.000000e+00,0.000000e+00,0.000000e+00,0.000000e+00,0.000000e+00,0.000000e+00,0.000000e+00
1.000000e+00,0.000000e+00,0.000000e+00,0.000000e+00,0.000000e+00,0.000000e+00,0.000000e+00,0.000000e+00,0.000000e+00,0.000000e+00,0.000000e+00,0.000000e+00,0.000000e+00,0.000000e+00,0.000000e+00
1.000000e+00,0.000000e+00,0.000000e+00,0.000000e+00,0.000000e+00,0.000000e+00,0.000000e+00,0.000000e+00,0.000000e+00,0.000000e+00,0.000000e+00,0.000000e+00,0.000000e+00,0.000000e+00,0.000000e+00
1.000000e+00,0.000000e+00,0.000000e+00,0.000000e+00,0.000000e+00,0.000000e+00,0.000000e+00,0.000000e+00,0.000000e+00,0.000000e+00,0.000000e+00,0.000000e+00,0.000000e+00,0.000000e+00,0.000000e+00
1.000000e+00,0.000000e+00,0.000000e+00,0.000000e+00,0.000000e+00,0.000000e+00,0.000000e+00,0.000000e+00,0.000000e+00,0.000000e+00,0.000000e+00,0.000000e+00,0.000000e+00,0.000000e+00,0.000000e+00
1.000000e+00,0.000000e+00,0.000000e+00,0.000000e+00,0.000000e+00,0.000000e+00,0.000000e+00,0.000000e+00,0.000000e+00,0.000000e+00,0.000000e+00,0.000000e+00,0.000000e+00,0.000000e+00,0.000000e+00
1.000000e+00,0.000000e+00,0.000000e+00,0.000000e+00,0.000000e+00,0.000000e+00,0.000000e+00,0.000000e+00,0.000000e+00,0.000000e+00,0.000000e+00,0.000000e+00,0.000000e+00,0.000000e+00,0.000000e+00
1.000000e+00,0.000000e+00,0.000000e+00,0.000000e+00,0.000000e+00,0.000000e+00,0.000000e+00,0.000000e+00,0.000000e+00,0.000000e+00,0.000000e+00,0.000000e+00,0.000000e+00,0.000000e+00,0.000000e+00
1.000000e+00,0.000000e+00,0.000000e+00,0.000000e+00,0.000000e+00,0.000000e+00,0.000000e+00,0.000000e+00,0.000000e+00,0.000000e+00,0.000000e+00,0.000000e+00,0.000000e+00,0.000000e+00,0.000000e+00
1.000000e+00,0.000000e+00,0.000000e+00,0.000000e+00,0.000000e+00,0.000000e+00,0.000000e+00,0.000000e+00,0.000000e+00,0.000000e+00,0.000000e+00,0.000000e+00,0.000000e+00,0.000000e+00,0.000000e+00
1.000000e+00,0.000000e+00,0.000000e+00,0.000000e+00,0.000000e+00,0.000000e+00,0.000000e+00,0.000000e+00,0.000000e+00,0.000000e+00,0.000000e+00,0.000000e+00,0.000000e+00,0.000000e+00,0.000000e+00
1.000000e+00,0.000000e+00,0.000000e+00,0.000000e+00,0.000000e+00,0.000000e+00,0.000000e+00,0.000000e+00,0.000000e+00,0.000000e+00,0.000000e+00,0.000000e+00,0.000000e+00,0.000000e+00,0.000000e+00
1.000000e+00,0.000000e+00,0.000000e+00,0.000000e+00,0.000000e+00,0.000000e+00,0.000000e+00,0.000000e+00,0.000000e+00,0.000000e+00,0.000000e+00,0.000000e+00,0.000000e+00,0.000000e+00,0.000000e+00
1.000000e+00,0.000000e+00,0.000000e+00,0.000000e+00,0.000000e+00,0.000000e+00,0.000000e+00,0.000000e+00,0.000000e+00,0.000000e+00,0.000000e+00,0.000000e+00,0.000000e+00,0.000000e+00,0.000000e+00
1.000000e+00,0.000000e+00,0.000000e+00,0.000000e+00,0.000000e+00,0.000000e+00,0.000000e+00,0.000000e+00,0.000000e+00,0.000000e+00,0.000000e+00,0.000000e+00,0.000000e+00,0.000000e+00,0.000000e+00
1.000000e+00,0.000000e+00,0.000000e+00,0.000000e+00,0.000000e+00,0.000000e+00,0.000000e+00,0.000000e+00,0.000000e+00,0.000000e+00,0.000000e+00,0.000000e+00,0.000000e+00,0.000000e+00,0.000000e+00
1.000000e+00,0.000000e+00,0.000000e+00,0.000000e+00,0.000000e+00,0.000000e+00,0.000000e+00,0.000000e+00,0.000000e+00,0.000000e+00,0.000000e+00,0.000000e+00,0.000000e+00,0.000000e+00,0.000000e+00
1.000000e+00,0.000000e+00,0.000000e+00,0.000000e+00,0.000000e+00,0.000000e+00,0.000000e+00,0.000000e+00,0.000000e+00,0.000000e+00,0.000000e+00,0.000000e+00,0.000000e+00,0.000000e+00,0.000000e+00
1.000000e+00,0.000000e+00,0.000000e+00,0.000000e+00,0.000000e+00,0.000000e+00,0.000000e+00,0.000000e+00,0.000000e+00,0.000000e+00,0.000000e+00,0.000000e+00,0.000000e+00,0.000000e+00,0.000000e+00
1.000000e+00,0.000000e+00,0.000000e+00,0.000000e+00,0.000000e+00,0.000000e+00,0.000000e+00,0.000000e+00,0.000000e+00,0.000000e+00,0.000000e+00,0.000000e+00,0.000000e+00,0.000000e+00,0.000000e+00
1.000000e+00,0.000000e+00,0.000000e+00,0.000000e+00,0.000000e+00,0.000000e+00,0.000000e+00,0.000000e+00,0.000000e+00,0.000000e+00,0.000000e+00,0.000000e+00,0.000000e+00,0.000000e+00,0.000000e+00
1.000000e+00,0.000000e+00,0.000000e+00,0.000000e+00,0.000000e+00,0.000000e+00,0.000000e+00,0.000000e+00,0.000000e+00,0.000000e+00,0.000000e+00,0.000000e+00,0.000000e+00,0.000000e+00,0.000000e+00
1.000000e+00,0.000000e+00,0.000000e+00,0.000000e+00,0.000000e+00,0.000000e+00,0.000000e+00,0.000000e+00,0.000000e+00,0.000000e+00,0.000000e+00,0.000000e+00,0.000000e+00,0.000000e+00,0.000000e+00
1.000000e+00,0.000000e+00,0.000000e+00,0.000000e+00,0.000000e+00,0.000000e+00,0.000000e+00,0.000000e+00,0.000000e+00,0.000000e+00,0.000000e+00,0.000000e+00,0.000000e+00,0.000000e+00,0.000000e+00
1.000000e+00,0.000000e+00,0.000000e+00,0.000000e+00,0.000000e+00,0.000000e+00,0.000000e+00,0.000000e+00,0.000000e+00,0.000000e+00,0.000000e+00,0.000000e+00,0.000000e+00,0.000000e+00,0.000000e+00
1.000000e+00,0.000000e+00,0.000000e+00,0.000000e+00,0.000000e+00,0.000000e+00,0.000000e+00,0.000000e+00,0.000000e+00,0.000000e+00,0.000000e+00,0.000000e+00,0.000000e+00,0.000000e+00,0.000000e+00
1.000000e+00,0.000000e+00,0.000000e+00,0.000000e+00,0.000000e+00,0.000000e+00,0.000000e+00,0.000000e+00,0.000000e+00,0.000000e+00,0.000000e+00,0.000000e+00,0.000000e+00,0.000000e+00,0.000000e+00
1.000000e+00,0.000000e+00,0.000000e+00,0.000000e+00,0.000000e+00,0.000000e+00,0.000000e+00,0.000000e+00,0.000000e+00,0.000000e+00,0.000000e+00,0.000000e+00,0.000000e+00,0.000000e+00,0.000000e+00
1.000000e+00,0.000000e+00,0.000000e+00,0.000000e+00,0.000000e+00,0.000000e+00,0.000000e+00,0.000000e+00,0.000000e+00,0.000000e+00,0.000000e+00,0.000000e+00,0.000000e+00,0.000000e+00,0.000000e+00
1.000000e+00,0.000000e+00,0.000000e+00,0.000000e+00,0.000000e+00,0.000000e+00,0.000000e+00,0.000000e+00,0.000000e+00,0.000000e+00,0.000000e+00,0.000000e+00,0.000000e+00,0.000000e+00,0.000000e+00
1.000000e+00,0.000000e+00,0.000000e+00,0.000000e+00,0.000000e+00,0.000000e+00,0.000000e+00,0.000000e+00,0.000000e+00,0.000000e+00,0.000000e+00,0.000000e+00,0.000000e+00,0.000000e+00,0.000000e+00
1.000000e+00,0.000000e+00,0.000000e+00,0.000000e+00,0.000000e+00,0.000000e+00,0.000000e+00,0.000000e+00,0.000000e+00,0.000000e+00,0.000000e+00,0.000000e+00,0.000000e+00,0.000000e+00,0.000000e+00
1.000000e+00,0.000000e+00,0.000000e+00,0.000000e+00,0.000000e+00,0.000000e+00,0.000000e+00,0.000000e+00,0.000000e+00,0.000000e+00,0.000000e+00,0.000000e+00,0.000000e+00,0.000000e+00,0.000000e+00
1.000000e+00,0.000000e+00,0.000000e+00,0.000000e+00,0.000000e+00,0.000000e+00,0.000000e+00,0.000000e+00,0.000000e+00,0.000000e+00,0.000000e+00,0.000000e+00,0.000000e+00,0.000000e+00,0.000000e+00
1.000000e+00,0.000000e+00,0.000000e+00,0.000000e+00,0.000000e+00,0.000000e+00,0.000000e+00,0.000000e+00,0.000000e+00,0.000000e+00,0.000000e+00,0.000000e+00,0.000000e+00,0.000000e+00,0.000000e+00
1.000000e+00,0.000000e+00,0.000000e+00,0.000000e+00,0.000000e+00,0.000000e+00,0.000000e+00,0.000000e+00,0.000000e+00,0.000000e+00,0.000000e+00,0.000000e+00,0.000000e+00,0.000000e+00,0.000000e+00
1.000000e+00,0.000000e+00,0.000000e+00,0.000000e+00,0.000000e+00,0.000000e+00,0.000000e+00,0.000000e+00,0.000000e+00,0.000000e+00,0.000000e+00,0.000000e+00,0.000000e+00,0.000000e+00,0.000000e+00
4.922425e-01,2.924789e-02,1.255174e-02,2.064513e-01,1.917795e-02,2.436610e-02,8.545094e-03,4.583634e-02,2.313893e-02,1.956543e-03,1.683982e-02,8.675179e-02,1.614008e-02,1.725374e-03,1.502867e-02
4.229795e-01,4.562019e-02,1.484705e-02,2.314526e-01,2.565967e-02,2.547519e-02,9.336828e-03,3.929652e-02,3.295862e-02,2.249721e-03,1.973305e-02,8.899065e-02,1.930316e-02,2.371870e-03,1.972545e-02
3.699285e-01,7.034180e-02,1.530080e-02,2.433918e-01,2.822638e-02,2.596290e-02,9.930805e-03,3.414175e-02,4.009600e-02,2.654974e-03,2.027811e-02,8.689209e-02,2.344685e-02,2.902781e-03,2.650445e-02
2.786749e-01,7.301899e-02,2.044845e-02,3.513166e-01,2.761249e-02,2.200804e-02,8.557325e-03,3.949901e-02,3.510676e-02,2.407094e-03,1.998092e-02,7.377421e-02,1.975151e-02,2.729762e-03,2.511392e-02
2.346003e-01,8.440962e-02,2.441565e-02,3.869459e-01,2.999332e-02,2.013343e-02,8.521092e-03,3.460483e-02,3.721228e-02,2.817784e-03,1.998910e-02,6.537943e-02,1.951207e-02,2.827487e-03,2.863776e-02
2.550091e-01,9.400287e-02,2.536559e-02,3.427995e-01,2.992949e-02,2.072984e-02,8.476336e-03,2.864949e-02,4.124129e-02,4.033498e-03,2.341609e-02,5.752071e-02,2.097243e-02,5.508206e-03,4.234557e-02
2.871901e-01,9.846520e-02,2.335951e-02,2.889732e-01,2.763659e-02,2.340965e-02,7.782074e-03,2.372004e-02,3.887379e-02,5.355778e-03,2.770197e-02,5.447188e-02,2.354657e-02,8.937954e-03,6.057569e-02
3.187000e-01,1.002347e-01,2.184844e-02,2.483916e-01,2.785445e-02,2.646328e-02,7.700947e-03,2.103482e-02,3.571590e-02,5.984865e-03,2.987979e-02,5.170420e-02,2.567714e-02,1.059381e-02,6.821612e-02
4.170086e-01,8.831149e-02,1.833939e-02,1.933153e-01,2.421696e-02,2.533162e-02,6.859723e-03,1.731956e-02,2.917971e-02,5.821500e-03,2.717274e-02,4.436779e-02,2.393957e-02,1.126164e-02,6.755447e-02
1.000000e+00,0.000000e+00,0.000000e+00,0.000000e+00,0.000000e+00,0.000000e+00,0.000000e+00,0.000000e+00,0.000000e+00,0.000000e+00,0.000000e+00,0.000000e+00,0.000000e+00,0.000000e+00,0.000000e+00
1.000000e+00,0.000000e+00,0.000000e+00,0.000000e+00,0.000000e+00,0.000000e+00,0.000000e+00,0.000000e+00,0.000000e+00,0.000000e+00,0.000000e+00,0.000000e+00,0.000000e+00,0.000000e+00,0.000000e+00
1.000000e+00,0.000000e+00,0.000000e+00,0.000000e+00,0.000000e+00,0.000000e+00,0.000000e+00,0.000000e+00,0.000000e+00,0.000000e+00,0.000000e+00,0.000000e+00,0.000000e+00,0.000000e+00,0.000000e+00
1.000000e+00,0.000000e+00,0.000000e+00,0.000000e+00,0.000000e+00,0.000000e+00,0.000000e+00,0.000000e+00,0.000000e+00,0.000000e+00,0.000000e+00,0.000000e+00,0.000000e+00,0.000000e+00,0.000000e+00
4.485738e-01,6.507931e-02,8.577960e-03,1.454280e-01,8.662950e-03,1.813812e-01,2.619157e-03,8.741794e-03,9.943395e-03,8.632226e-03,4.683319e-02,1.777946e-02,1.126166e-02,1.073328e-02,2.575272e-02
3.175396e-01,4.610142e-02,6.231591e-03,1.020720e-01,6.251138e-03,4.072450e-01,1.871172e-03,6.841251e-03,7.668678e-03,1.194886e-02,3.405331e-02,1.267740e-02,8.345304e-03,9.361535e-03,2.179176e-02
2.235303e-01,3.425484e-02,4.513007e-03,7.397167e-02,4.687977e-03,4.977812e-01,1.492141e-03,4.949811e-03,2.445026e-02,4.973865e-02,2.865872e-02,8.987895e-03,6.537704e-03,9.327870e-03,2.711796e-02
1.570165e-01,2.457527e-02,3.205983e-03,5.254491e-02,3.457772e-03,3.967719e-01,1.118671e-03,3.619277e-03,1.136994e-01,1.299524e-01,2.250050e-02,6.452547e-03,4.869669e-03,1.144885e-02,6.876659e-02
1.107612e-01,1.804419e-02,2.480552e-03,3.891504e-02,2.642032e-03,2.883345e-01,8.864767e-04,2.702233e-03,1.379398e-01,2.406850e-01,1.782491e-02,5.388554e-03,4.149207e-03,1.006725e-02,1.191791e-01
8.431321e-02,1.300161e-02,1.835080e-03,2.744138e-02,2.122050e-03,2.054032e-01,7.482711e-04,1.991885e-03,1.200524e-01,3.085960e-01,1.566272e-02,4.255889e-03,4.040443e-03,1.043868e-01,1.061490e-01
6.322513e-02,9.158705e-03,1.300738e-03,1.922746e-02,1.783481e-03,1.474840e-01,5.784368e-04,1.426866e-03,9.104668e-02,3.786694e-01,1.343044e-02,3.079153e-03,3.109514e-03,1.691807e-01,9.729926e-02
4.880381e-02,6.520458e-03,9.281139e-04,1.346701e-02,1.492429e-03,1.039723e-01,4.855548e-04,1.015793e-03,7.630131e-02,3.930513e-01,1.140229e-02,2.226055e-03,2.345419e-03,2.535124e-01,8.447580e-02
4.245861e-02,4.720944e-03,7.800794e-04,9.549364e-03,1.585816e-03,7.447571e-02,4.154977e-04,7.602557e-04,8.951450e-02,3.405263e-01,1.447152e-02,1.835856e-03,2.006541e-03,3.188372e-01,9.806179e-02
3.421669e-02,3.375689e-03,6.355776e-04,6.727298e-03,1.330424e-03,5.244662e-02,3.411647e-04,5.699103e-04,7.219928e-02,3.046694e-01,1.278468e-02,1.521268e-03,1.746572e-03,4.295259e-01,7.790952e-02
3.407934e-02,2.595067e-03,1.031385e-03,4.815518e-03,1.490893e-03,3.780318e-02,4.315747e-04,5.664283e-04,6.591743e-02,2.669508e-01,1.360139e-02,1.610295e-03,2.212357e-03,4.826393e-01,8.425506e-02
3.305130e-02,3.834825e-03,2.642242e-03,3.519505e-03,1.807844e-03,2.785478e-02,4.744598e-04,6.313238e-04,7.694486e-02,2.274354e-01,2.455785e-02,1.810591e-03,3.020115e-03,5.037749e-01,8.864002e-02
2.521263e-02,4.773839e-03,4.428033e-03,2.587652e-03,1.874538e-03,2.349423e-02,3.649422e-04,4.826306e-04,9.769416e-02,1.931583e-01,2.210536e-02,2.075787e-03,3.495084e-03,5.282270e-01,9.002587e-02
1.901190e-02,4.472503e-03,5.086784e-03,2.065806e-03,1.682536e-03,1.922525e-02,2.794077e-04,3.720346e-04,1.302781e-01,1.711549e-01,1.820032e-02,2.767901e-03,4.321746e-03,4.758374e-01,1.452434e-01
1.546204e-02,3.528662e-03,5.011383e-03,1.518098e-03,1.701169e-03,1.400505e-02,2.019134e-04,2.776118e-04,1.276952e-01,2.000335e-01,1.602507e-02,2.089211e-03,3.357867e-03,4.288870e-01,1.802062e-01
1.433007e-02,9.701846e-03,9.216603e-03,2.557654e-03,5.043922e-03,3.886812e-02,2.056016e-04,1.778047e-03,1.277616e-01,1.456424e-01,1.766227e-02,3.095976e-03,5.761319e-03,4.403607e-01,1.780139e-01
1.124843e-02,1.027431e-02,1.062568e-02,4.222163e-03,5.331806e-03,3.181989e-02,1.582163e-04,1.419845e-03,1.720656e-01,1.278106e-01,1.896356e-02,3.106204e-03,7.313157e-03,3.183587e-01,2.772818e-01
1.050941e-02,9.415598e-03,1.077244e-02,3.592676e-03,9.167955e-03,2.338940e-02,1.277452e-04,1.479616e-03,1.610522e-01,1.184921e-01,1.176812e-01,5.092718e-03,1.937239e-02,2.621039e-01,2.477506e-01
1.405145e-02,7.964526e-03,9.919928e-03,4.010446e-03,9.078407e-03,1.866195e-02,1.587919e-04,3.803108e-03,1.654148e-01,1.152209e-01,1.114632e-01,8.254354e-03,2.882009e-02,2.361106e-01,2.670674e-01
1.818286e-02,8.002301e-03,1.197302e-02,7.607035e-03,2.016575e-02,1.856882e-02,2.144937e-04,9.487106e-03,1.485106e-01,1.370047e-01,1.035804e-01,1.058940e-02,5.025346e-02,1.813448e-01,2.745154e-01
2.622860e-02,9.299084e-03,1.004718e-02,9.950223e-03,1.959257e-02,1.982396e-02,3.810326e-04,1.236376e-02,1.358270e-01,1.753141e-01,1.363141e-01,1.665686e-02,6.032241e-02,1.530194e-01,2.148598e-01
2.755967e-02,9.425230e-03,7.562987e-03,1.622229e-02,2.562728e-02,1.530731e-02,3.769275e-04,1.535404e-02,1.461237e-01,1.881985e-01,1.567666e-01,2.442794e-02,6.911752e-02,1.345975e-01,1.633324e-01
2.283436e-02,9.980271e-03,9.197108e-03,6.121057e-02,2.624835e-02,1.358592e-02,5.489708e-04,2.070621e-02,1.613971e-01,1.364231e-01,1.743715e-01,3.145910e-02,9.028259e-02,1.002220e-01,1.415329e-01
1.791880e-02,1.096479e-02,1.092258e-02,9.820013e-02,2.965055e-02,1.377744e-02,6.016590e-04,1.485136e-02,2.566182e-01,9.864454e-02,1.395250e-01,3.408942e-02,8.614817e-02,7.345437e-02,1.146330e-01
1.462664e-02,1.002080e-02,9.647904e-03,9.291788e-02,2.522432e-02,1.502059e-02,5.975552e-04,1.062386e-02,2.410647e-01,7.088561e-02,1.287764e-01,8.306630e-02,1.274366e-01,6.411561e-02,1.059752e-01
1.255520e-02,8.406804e-03,1.057858e-02,7.258518e-02,4.681440e-02,1.135533e-02,1.362745e-03,7.863850e-03,2.070973e-01,5.425590e-02,1.975068e-01,7.800166e-02,1.561281e-01,5.659793e-02,7.889029e-02
1.048120e-02,8.261176e-03,1.108198e-02,5.482987e-02,8.791272e-02,9.646521e-03,1.450543e-03,7.244904e-03,2.509393e-01,4.330002e-02,1.729933e-01,6.415924e-02,1.662135e-01,4.912361e-02,6.236216e-02
1.175236e-02,7.532425e-03,8.273451e-03,3.975968e-02,8.203808e-02,1.063054e-02,1.237938e-03,5.472351e-03,1.962814e-01,3.303882e-02,1.311461e-01,5.779728e-02,1.271908e-01,2.210515e-01,6.679717e-02
3.986255e-02,7.489908e-03,7.133586e-03,3.369684e-02,6.572528e-02,1.541602e-02,1.395858e-03,5.719765e-03,1.530069e-01,2.610094e-02,1.252632e-01,1.487352e-01,1.281644e-01,1.775810e-01,6.470856e-02
7.190346e-02,9.171341e-03,1.861753e-02,8.279958e-02,6.321456e-02,1.421006e-02,2.707454e-03,1.135887e-02,1.389788e-01,2.051658e-02,1.150712e-01,1.226477e-01,1.110777e-01,1.472301e-01,7.049502e-02
7.523276e-02,9.353004e-03,2.058920e-02,6.095383e-02,5.194200e-02,1.367543e-02,2.687393e-03,9.910951e-03,1.103213e-01,1.627577e-02,1.194998e-01,1.007560e-01,9.429809e-02,2.460025e-01,6.850205e-02
5.660982e-02,8.062818e-03,2.145116e-02,4.395181e-02,4.154225e-02,1.077603e-02,2.090612e-03,7.172739e-03,9.269045e-02,1.250224e-02,1.033798e-01,7.443096e-02,7.154755e-02,3.950265e-01,5.876528e-02
4.675415e-02,1.071920e-02,5.247137e-02,4.059513e-02,3.565295e-02,9.622880e-03,2.158138e-03,5.346680e-03,9.266080e-02,1.339180e-02,9.142762e-02,1.101891e-01,6.459511e-02,3.651345e-01,5.928048e-02
3.437379e-02,9.252330e-03,6.059378e-02,2.948156e-02,2.760238e-02,7.755287e-03,2.693254e-03,4.114877e-03,7.805225e-02,1.791833e-02,9.010290e-02,1.696533e-01,6.560247e-02,3.518383e-01,5.096513e-02
3.286096e-02,9.324253e-03,6.638642e-02,2.373973e-02,2.415781e-02,6.527061e-03,2.962862e-03,6.290835e-03,7.780203e-02,2.268911e-02,1.092089e-01,2.373843e-01,6.890328e-02,2.710000e-01,4.076245e-02
2.566424e-02,8.965191e-03,4.851561e-02,1.996707e-02,1.803616e-02,6.438518e-03,2.249977e-03,5.083381e-03,8.376884e-02,4.753315e-02,1.027051e-01,2.661700e-01,7.304072e-02,2.606214e-01,3.124073e-02
2.271613e-02,8.802783e-03,3.435984e-02,1.617197e-02,1.370506e-02,6.568701e-03,1.665307e-03,4.151467e-03,8.897159e-02,5.604110e-02,1.075412e-01,3.202838e-01,8.151139e-02,2.132780e-01,2.423159e-02
2.058748e-02,1.291675e-02,2.461065e-02,1.158584e-02,1.074242e-02,5.519687e-03,1.212928e-03,3.257456e-03,8.561017e-02,4.831555e-02,1.051578e-01,4.275301e-01,6.747406e-02,1.571558e-01,1.832331e-02
1.544738e-02,1.176727e-02,1.733444e-02,8.284138e-03,8.020990e-03,4.470630e-03,8.708893e-04,2.409203e-03,7.987841e-02,3.862449e-02,9.129147e-02,5.343157e-01,5.683579e-02,1.171590e-01,1.329018e-02
1.247493e-02,3.592391e-02,1.262951e-02,6.259214e-03,7.896326e-03,4.048483e-03,6.797647e-04,2.523059e-03,8.768074e-02,3.279063e-02,1.080492e-01,5.444925e-01,4.837662e-02,8.563998e-02,1.053514e-02
9.640520e-03,4.031492e-02,9.897409e-03,4.804637e-03,7.142384e-03,3.334947e-03,5.169445e-04,2.108261e-03,9.204041e-02,2.574955e-02,1.284890e-01,5.606382e-01,3.951598e-02,6.751627e-02,8.290571e-03
9.398941e-03,3.598822e-02,9.086316e-03,4.124705e-03,5.880740e-03,3.567699e-03,4.364814e-04,3.246592e-03,1.226210e-01,1.938851e-02,1.792991e-01,5.108775e-01,3.411832e-02,5.521187e-02,6.754077e-03
1.818518e-02,3.137934e-02,9.386135e-03,4.898357e-03,5.000260e-03,6.968737e-03,4.007133e-04,4.198756e-03,1.002853e-01,1.611993e-02,1.676996e-01,5.572363e-01,2.622792e-02,4.438449e-02,7.629083e-03
2.942569e-02,2.529783e-02,9.101501e-03,1.286176e-02,6.154261e-03,7.994826e-03,3.464953e-04,4.573367e-03,9.320480e-02,1.441861e-02,1.672241e-01,5.629302e-01,2.170584e-02,3.612610e-02,8.634714e-03
4.115176e-02,2.209606e-02,1.052876e-02,1.455262e-02,7.543223e-03,7.517048e-03,3.380799e-04,6.323335e-03,8.576557e-02,1.296389e-02,2.041052e-01,5.275303e-01,1.797178e-02,3.322360e-02,8.388869e-03
8.647980e-02,1.726413e-02,8.188734e-03,1.401815e-02,6.456818e-03,1.087747e-02,3.412701e-04,5.334554e-03,7.307664e-02,1.540932e-02,2.662058e-01,4.440339e-01,1.436883e-02,3.005737e-02,7.887261e-03
1.639739e-01,1.570360e-02,8.266386e-03,1.439977e-02,5.930306e-03,1.194802e-02,3.950124e-04,5.503458e-03,5.925836e-02,1.375581e-02,2.642206e-01,3.847080e-01,1.185052e-02,3.093765e-02,9.148609e-03
2.235104e-01,1.533304e-02,7.955996e-03,1.171539e-02,5.524197e-03,1.200455e-02,4.921503e-04,6.360009e-03,5.147185e-02,1.518079e-02,2.606541e-01,3.397350e-01,9.422839e-03,3.084059e-02,9.798997e-03
1.783759e-01,1.404583e-02,7.317689e-03,8.596120e-03,5.573171e-03,1.366256e-02,4.474675e-04,5.336034e-03,6.515562e-02,1.576011e-02,2.995374e-01,3.070496e-01,8.038579e-03,6.156851e-02,9.535434e-03
1.315039e-01,1.370278e-02,5.921660e-03,6.877488e-03,7.329979e-03,1.166101e-02,4.147615e-04,4.253616e-03,8.453661e-02,2.100559e-02,3.473399e-01,2.880538e-01,6.674205e-03,5.860232e-02,1.212243e-02
1.144759e-01,2.547341e-02,1.447542e-02,6.147331e-03,9.362040e-03,1.197051e-02,1.061876e-03,8.846179e-03,1.008604e-01,2.771203e-02,3.552159e-01,2.400909e-01,6.275114e-03,6.478418e-02,1.324882e-02
9.702508e-02,3.307491e-02,1.951220e-02,6.703049e-03,1.397398e-02,1.200928e-02,1.343462e-03,1.893189e-02,1.255052e-01,2.792969e-02,3.374037e-01,2.205063e-01,5.629450e-03,6.828242e-02,1.216946e-02
7.935556e-02,3.161126e-02,1.562702e-02,7.937368e-03,1.243101e-02,1.191192e-02,1.117211e-03,1.939525e-02,1.892747e-01,3.344420e-02,3.168119e-01,1.814397e-01,5.130275e-03,8.257006e-02,1.194256e-02
6.553771e-02,3.428991e-02,1.445604e-02,1.106752e-02,1.062723e-02,1.427271e-02,1.050041e-03,1.673035e-02,1.693380e-01,3.780999e-02,3.828529e-01,1.460903e-01,5.156730e-03,7.899074e-02,1.172975e-02
5.946377e-02,4.711170e-02,1.472175e-02,1.094613e-02,1.057518e-02,1.556057e-02,1.401258e-03,1.870198e-02,1.559875e-01,4.206509e-02,3.879411e-01,1.166694e-01,4.811083e-03,9.978274e-02,1.426065e-02
6.210528e-02,5.701958e-02,1.630098e-02,9.274317e-03,1.147117e-02,3.856751e-02,1.315868e-03,1.769906e-02,1.560372e-01,4.379295e-02,3.703754e-01,8.646739e-02,4.342117e-03,1.089182e-01,1.631292e-02
6.005622e-02,5.417246e-02,1.515996e-02,1.167545e-02,1.473312e-02,7.457884e-02,1.514863e-03,2.006172e-02,2.078682e-01,4.125696e-02,3.149377e-01,6.405035e-02,4.062626e-03,9.756939e-02,1.830211e-02
7.758337e-02,5.493280e-02,3.078482e-02,1.675958e-02,1.672312e-02,6.595251e-02,1.621258e-03,1.794106e-02,2.146639e-01,3.782541e-02,2.962334e-01,4.652986e-02,3.826836e-03,7.595167e-02,4.267044e-02
7.836598e-02,5.790966e-02,6.123681e-02,2.271651e-02,2.166533e-02,7.553032e-02,1.377747e-03,2.749290e-02,2.159025e-01,3.976653e-02,2.468636e-01,3.439063e-02,3.174309e-03,5.686930e-02,5.673785e-02
7.630051e-02,4.907063e-02,1.255580e-01,5.557821e-02,2.148900e-02,6.319553e-02,1.199375e-03,2.907947e-02,1.920191e-01,4.014662e-02,1.798361e-01,2.541909e-02,3.190599e-03,4.101970e-02,9.689810e-02
8.846341e-02,5.437325e-02,1.346717e-01,6.542754e-02,4.436255e-02,7.938452e-02,2.136418e-03,3.313258e-02,1.897600e-01,3.538038e-02,1.318438e-01,1.920179e-02,4.835817e-03,3.274658e-02,8.427963e-02
1.011403e-01,6.728160e-02,1.332423e-01,5.827865e-02,6.405911e-02,8.454497e-02,2.284656e-03,2.704811e-02,1.910522e-01,3.258793e-02,9.531632e-02,1.397973e-02,5.774679e-03,2.640910e-02,9.700028e-02
8.350391e-02,7.417144e-02,1.061047e-01,6.697752e-02,4.887483e-02,6.267429e-02,1.804340e-03,2.586443e-02,2.057089e-01,6.467427e-02,6.789675e-02,1.009922e-02,5.680431e-03,2.096650e-02,1.549984e-01
7.808849e-02,9.423922e-02,1.164261e-01,6.141847e-02,4.072502e-02,5.106630e-02,1.627223e-03,2.371546e-02,2.080569e-01,8.681700e-02,4.929856e-02,7.286085e-03,4.753637e-03,1.639018e-02,1.600913e-01
1.195268e-01,9.779443e-02,1.050322e-01,5.923083e-02,4.337687e-02,7.126351e-02,1.802938e-03,2.356746e-02,1.780659e-01,7.109363e-02,3.718496e-02,5.430326e-03,4.275620e-03,1.467021e-02,1.676844e-01
1.024673e-01,8.171348e-02,8.976588e-02,7.864787e-02,3.603734e-02,5.566341e-02,2.018963e-03,1.890568e-02,2.439954e-01,6.433416e-02,2.662517e-02,4.116499e-03,3.757710e-03,1.040498e-02,1.815461e-01
1.352374e-01,8.665574e-02,7.335023e-02,7.867898e-02,5.013833e-02,6.890857e-02,3.310908e-03,2.770640e-02,1.996339e-01,5.448682e-02,2.052087e-02,3.523640e-03,5.203555e-03,8.086587e-03,1.845580e-01
1.980798e-01,8.537830e-02,5.618321e-02,7.932146e-02,5.411591e-02,7.181861e-02,4.111509e-03,2.189844e-02,1.627014e-01,4.265057e-02,1.588496e-02,3.080739e-03,8.164816e-03,6.656034e-03,1.899542e-01
1.667162e-01,8.199935e-02,4.353456e-02,1.062541e-01,5.298948e-02,1.580735e-01,3.277221e-03,1.644532e-02,1.457079e-01,3.172827e-02,1.579367e-02,2.787988e-03,7.081306e-03,5.250471e-03,1.623605e-01
1.236047e-01,6.623386e-02,3.390168e-02,1.417386e-01,5.952516e-02,1.198137e-01,2.528149e-03,1.227909e-02,2.310165e-01,2.409023e-02,3.925042e-02,3.930998e-03,9.630405e-03,5.421381e-03,1.270351e-01
8.683740e-02,4.815597e-02,2.491964e-02,1.542804e-01,6.879573e-02,8.438881e-02,1.899263e-03,8.739176e-03,1.980232e-01,1.755793e-02,1.667234e-01,1.043487e-02,2.900237e-02,5.798255e-03,9.444355e-02
6.084523e-02,3.455359e-02,1.776689e-02,1.459554e-01,6.031426e-02,5.942352e-02,1.401798e-03,6.187358e-03,1.520927e-01,1.274303e-02,2.920415e-01,1.668062e-02,5.824567e-02,8.257657e-03,7.349076e-02
4.266053e-02,2.477434e-02,1.368269e-02,1.321244e-01,4.472644e-02,4.198845e-02,1.115492e-03,4.493075e-03,1.709536e-01,1.302836e-02,2.623695e-01,7.682283e-02,8.807195e-02,2.119294e-02,6.199545e-02
3.003535e-02,1.773025e-02,1.041532e-02,1.122000e-01,3.309882e-02,3.004340e-02,8.370919e-04,3.295490e-03,1.740872e-01,1.605724e-02,2.974185e-01,9.453471e-02,6.536244e-02,6.910999e-02,4.577430e-02
2.127313e-02,1.283825e-02,7.753497e-03,8.518644e-02,2.536102e-02,2.141980e-02,6.200740e-04,3.145627e-03,1.932510e-01,1.516440e-02,3.024171e-01,1.096510e-01,5.180102e-02,1.149782e-01,3.513945e-02
1.519037e-02,9.099382e-03,5.943233e-03,6.265605e-02,2.317649e-02,1.520410e-02,4.588390e-04,4.568048e-03,1.374380e-01,2.473198e-02,3.660676e-01,1.106567e-01,4.330797e-02,1.344411e-01,4.706011e-02
1.121157e-02,7.167937e-03,4.999531e-03,4.757621e-02,5.583481e-02,1.148751e-02,3.824041e-04,5.566072e-03,9.802348e-02,2.746916e-02,3.655926e-01,9.926981e-02,3.705169e-02,1.808280e-01,4.753920e-02
8.626322e-03,5.836059e-03,3.818366e-03,3.402793e-02,5.392819e-02,9.200493e-03,4.021270e-04,1.021200e-02,6.963861e-02,2.617593e-02,4.405675e-01,1.073972e-01,3.126151e-02,1.604387e-01,3.846908e-02
9.466245e-03,6.489574e-03,3.960417e-03,2.465822e-02,4.058239e-02,9.927135e-03,3.908682e-04,1.743571e-02,5.116033e-02,2.035638e-02,4.954966e-01,1.089122e-01,3.059452e-02,1.522207e-01,2.834862e-02
1.471973e-02,1.233719e-02,5.825278e-03,1.832489e-02,3.842259e-02,1.276750e-02,5.027036e-04,2.528021e-02,3.843543e-02,1.705967e-02,5.103580e-01,1.052122e-01,2.649389e-02,1.523447e-01,2.191602e-02
1.425592e-02,1.060541e-02,4.959162e-03,1.359954e-02,3.500037e-02,1.306007e-02,6.261386e-04,1.984933e-02,2.843807e-02,1.651292e-02,6.102272e-01,8.215654e-02,2.150996e-02,1.133150e-01,1.588426e-02
1.970188e-02,9.800661e-03,8.156523e-03,1.077509e-02,2.707218e-02,1.475377e-02,6.818707e-04,1.761236e-02,2.146245e-02,1.458974e-02,6.539763e-01,7.652355e-02,1.708564e-02,9.620488e-02,1.160302e-02
1.045653e-01,8.495586e-03,9.076294e-03,8.235987e-03,1.959821e-02,1.426282e-02,7.003571e-04,1.329917e-02,1.589686e-02,1.233249e-02,6.098957e-01,6.452031e-02,1.238016e-02,9.818777e-02,8.553010e-03
1.337568e-01,7.234934e-03,7.339433e-03,6.192674e-03,1.413435e-02,1.310346e-02,5.947538e-04,9.551967e-03,1.162492e-02,1.132296e-02,6.193932e-01,5.164137e-02,9.146701e-03,9.864669e-02,6.315861e-03
1.213183e-01,1.100427e-02,8.498553e-03,5.442173e-03,1.054486e-02,1.078623e-02,5.407425e-04,7.180648e-03,9.441948e-03,1.231245e-02,6.529765e-01,4.743902e-02,6.755869e-03,9.016314e-02,5.595267e-03
9.654304e-02,1.412984e-02,1.945929e-02,5.402247e-03,1.011272e-02,1.268555e-02,2.352431e-03,8.775368e-03,1.088034e-02,1.529371e-02,6.570187e-01,4.912169e-02,5.509786e-03,8.569131e-02,7.023951e-03
7.150126e-02,1.178628e-02,1.954238e-02,4.100533e-03,8.205628e-03,1.337195e-02,2.031128e-03,9.666760e-03,8.631309e-03,1.636398e-02,7.038592e-01,4.294602e-02,4.249360e-03,7.733757e-02,6.406616e-03
6.571968e-02,1.161195e-02,1.610792e-02,3.482362e-03,8.257689e-03,1.121155e-02,1.655499e-03,8.440165e-03,8.410779e-03,2.209813e-02,6.931273e-01,4.139670e-02,4.014054e-03,9.830919e-02,6.157044e-03
5.228565e-02,1.192248e-02,1.216215e-02,2.991946e-03,7.871130e-03,9.929759e-03,1.255744e-03,6.504658e-03,9.371101e-03,1.996716e-02,7.029975e-01,4.777808e-02,3.192303e-03,1.069101e-01,4.860256e-03
4.109254e-02,1.062251e-02,1.031874e-02,2.486942e-03,7.949129e-03,8.103481e-03,1.085183e-03,6.295056e-03,9.447679e-03,1.723555e-02,7.297647e-01,4.332095e-02,2.421457e-03,1.060983e-01,3.757775e-03
4.219940e-02,1.182159e-02,8.375614e-03,2.764697e-03,3.632838e-02,1.025630e-02,1.530954e-03,7.287836e-03,9.715818e-03,1.482832e-02,7.136607e-01,4.107909e-02,2.272927e-03,9.454065e-02,3.337792e-03
4.719511e-02,1.382436e-02,8.446023e-03,2.722233e-03,5.833294e-02,9.702340e-03,1.269495e-03,7.116500e-03,8.793321e-03,1.322361e-02,6.872738e-01,4.236087e-02,2.472530e-03,9.410998e-02,3.156896e-03
7.162227e-02,1.677091e-02,1.021422e-02,3.201748e-03,7.334131e-02,1.352010e-02,2.031620e-03,9.394142e-03,9.307052e-03,1.262610e-02,6.252625e-01,4.771347e-02,2.606574e-03,9.881401e-02,3.573966e-03
6.098558e-02,1.418788e-02,1.925601e-02,2.765907e-03,6.672420e-02,1.894253e-02,2.441925e-03,1.494008e-02,1.048258e-02,2.704084e-02,6.259480e-01,4.278069e-02,2.397273e-03,8.721121e-02,3.895245e-03
5.108877e-02,1.188490e-02,2.244083e-02,2.673528e-03,7.157021e-02,3.754643e-02,3.406919e-03,3.811929e-02,1.657777e-02,3.368145e-02,5.813867e-01,3.577265e-02,2.397846e-03,8.790929e-02,3.543402e-03
4.742051e-02,8.891556e-03,2.408273e-02,3.619858e-03,7.906605e-02,3.058028e-02,5.811908e-03,1.445519e-01,1.917568e-02,4.685576e-02,4.768394e-01,3.092452e-02,4.024159e-03,7.496709e-02,3.188617e-03
4.912523e-02,8.671710e-03,4.777135e-02,5.085069e-03,1.025068e-01,3.961274e-02,5.247890e-03,1.668649e-01,3.262365e-02,6.732389e-02,3.806882e-01,2.565718e-02,4.160240e-03,6.141219e-02,3.249061e-03
4.991814e-02,2.016480e-02,7.324880e-02,7.154980e-03,1.018287e-01,3.668848e-02,4.366571e-03,2.237124e-01,6.887433e-02,6.345118e-02,2.745287e-01,1.999923e-02,4.091030e-03,4.825250e-02,3.720179e-03
5.738882e-02,2.373810e-02,5.868470e-02,7.590838e-03,8.778304e-02,3.383777e-02,4.248319e-03,1.723389e-01,7.886334e-02,9.415644e-02,3.197852e-01,1.499924e-02,3.330389e-03,4.011536e-02,3.139579e-03
5.610277e-02,2.464986e-02,4.834598e-02,7.893860e-03,8.328683e-02,2.601125e-02,3.519736e-03,3.044286e-01,8.499138e-02,7.036908e-02,2.450655e-01,1.132469e-02,2.595447e-03,2.899373e-02,2.421228e-03
6.761707e-02,2.507036e-02,3.969376e-02,8.791041e-03,1.479786e-01,1.994983e-02,2.892333e-03,3.226509e-01,9.301792e-02,5.163250e-02,1.842438e-01,8.661740e-03,2.297945e-03,2.366075e-02,1.841398e-03
7.677171e-02,2.110787e-02,2.973689e-02,8.639847e-03,2.976640e-01,1.924200e-02,2.346418e-03,2.458913e-01,9.302758e-02,3.775660e-02,1.385267e-01,6.813171e-03,1.848502e-03,1.921386e-02,1.413542e-03
9.747778e-02,1.709315e-02,2.144879e-02,7.310145e-03,4.157572e-01,2.504909e-02,1.849440e-03,1.799432e-01,7.327054e-02,3.157764e-02,1.037165e-01,5.188653e-03,1.674336e-03,1.745738e-02,1.186013e-03
1.100693e-01,1.496822e-02,1.572922e-02,8.976625e-03,4.863332e-01,3.305307e-02,1.862259e-03,1.292199e-01,6.499087e-02,2.805441e-02,8.285943e-02,4.819235e-03,1.874771e-03,1.611206e-02,1.077403e-03
9.209725e-02,2.035015e-02,1.170500e-02,1.469746e-02,4.762131e-01,1.289051e-01,1.880044e-03,1.014782e-01,5.177978e-02,2.196999e-02,5.922988e-02,5.474085e-03,1.709999e-03,1.160594e-02,9.039131e-04
9.879182e-02,1.816534e-02,9.882636e-03,1.255665e-02,4.354585e-01,2.221699e-01,1.870744e-03,7.546271e-02,4.496869e-02,1.816177e-02,4.434442e-02,5.993797e-03,1.861173e-03,9.232004e-03,1.079841e-03
1.387950e-01,1.622149e-02,8.825280e-03,1.432765e-02,4.151740e-01,2.302510e-01,1.723796e-03,6.445167e-02,3.924538e-02,1.422545e-02,3.681653e-02,7.053302e-03,2.956122e-03,8.317928e-03,1.615222e-03
2.029765e-01,1.325450e-02,8.390944e-03,2.188202e-02,3.441073e-01,2.106860e-01,1.920729e-03,9.074496e-02,3.131464e-02,1.164684e-02,3.151461e-02,1.542053e-02,5.373569e-03,7.471876e-03,3.295049e-03
2.043286e-01,1.147545e-02,1.235500e-02,2.422045e-02,2.608773e-01,2.233557e-01,2.739289e-03,1.763641e-01,2.243505e-02,9.561248e-03,2.437387e-02,1.271183e-02,4.734245e-03,6.017913e-03,4.449954e-03
2.462454e-01,1.223674e-02,1.547451e-02,3.488294e-02,2.015920e-01,2.115388e-01,3.472263e-03,1.890655e-01,1.893150e-02,9.542055e-03,2.459124e-02,1.252500e-02,6.869408e-03,5.713017e-03,7.319540e-03
1.873598e-01,1.370184e-02,1.750987e-02,1.313746e-01,1.428945e-01,1.527801e-01,2.577444e-03,1.438421e-01,3.236032e-02,2.521526e-02,6.566183e-02,2.493553e-02,1.869490e-02,4.570720e-03,3.652115e-02
1.321159e-01,1.290642e-02,1.442168e-02,2.578070e-01,1.004175e-01,1.074235e-01,1.818944e-03,1.057573e-01,3.431278e-02,2.120014e-02,1.270342e-01,2.493909e-02,2.472766e-02,4.313987e-03,3.080392e-02
9.403937e-02,1.146133e-02,1.572919e-02,3.432264e-01,7.131191e-02,7.538755e-02,1.300251e-03,7.707258e-02,3.459834e-02,1.719671e-02,1.781398e-01,2.305140e-02,2.680120e-02,5.077290e-03,2.560659e-02
6.653361e-02,8.839059e-03,1.204164e-02,2.838972e-01,5.022640e-02,5.347231e-02,9.853800e-04,7.015776e-02,3.685284e-02,1.266191e-02,2.595011e-01,6.184324e-02,3.111365e-02,3.329635e-02,1.857752e-02
4.734231e-02,6.507467e-03,9.214864e-03,2.312094e-01,3.544779e-02,3.786495e-02,7.561237e-04,5.780591e-02,5.553062e-02,9.336843e-03,3.232228e-01,9.694622e-02,3.336314e-02,4.182557e-02,1.362597e-02
3.375504e-02,5.404678e-03,7.761033e-03,1.681801e-01,2.736145e-02,2.676136e-02,5.868963e-04,4.340737e-02,6.927294e-02,6.957641e-03,4.150186e-01,1.062539e-01,3.383755e-02,4.507064e-02,1.037087e-02
2.726796e-02,4.211299e-03,5.889087e-03,1.257288e-01,2.002294e-02,2.082728e-02,5.693288e-04,3.341308e-02,9.551935e-02,5.938480e-03,4.132047e-01,1.388686e-01,3.354290e-02,6.699573e-02,8.000449e-03
1.970798e-02,3.365854e-03,4.318906e-03,8.873425e-02,1.449542e-02,1.995515e-02,4.932533e-04,2.444085e-02,1.418359e-01,4.920954e-03,3.927539e-01,1.336382e-01,3.046327e-02,1.151015e-01,5.774538e-03
1.443190e-02,2.922533e-03,3.198288e-03,6.289775e-02,1.034215e-02,1.876937e-02,3.790383e-04,1.752598e-02,1.865937e-01,3.732874e-03,3.594981e-01,1.092240e-01,2.538295e-02,1.808506e-01,4.250728e-03
1.050891e-02,3.387264e-03,2.464468e-03,4.430100e-02,7.392610e-03,1.752495e-02,2.767892e-04,1.259819e-02,2.869154e-01,2.756675e-03,3.060893e-01,8.624194e-02,1.989494e-02,1.963288e-01,3.318735e-03
7.603514e-03,4.346559e-03,1.809656e-03,3.117424e-02,5.254439e-03,1.801986e-02,1.986483e-04,9.013665e-03,2.458746e-01,2.246282e-03,3.585858e-01,6.542116e-02,1.558592e-02,2.319312e-01,2.934423e-03
5.877924e-03,1.797152e-02,2.098353e-03,2.205198e-02,4.134164e-03,2.288846e-02,1.614566e-04,6.566586e-03,2.094166e-01,1.785894e-03,3.281045e-01,4.887888e-02,1.440969e-02,3.126173e-01,3.036671e-03
4.778916e-03,2.777258e-02,3.943651e-03,1.596200e-02,3.661033e-03,2.612770e-02,1.426731e-04,4.737065e-03,2.021704e-01,2.039362e-03,3.268370e-01,4.309130e-02,2.271983e-02,3.134569e-01,2.559582e-03
4.644380e-03,2.132150e-02,5.176648e-03,1.141389e-02,4.557725e-03,2.357407e-02,1.548188e-04,3.413066e-03,1.598228e-01,6.381732e-03,2.964731e-01,3.237271e-02,1.736392e-02,4.103521e-01,2.977534e-03
4.174423e-03,1.854577e-02,4.926521e-03,8.192829e-03,5.182588e-03,2.494497e-02,1.470503e-04,2.505153e-03,1.533862e-01,1.034164e-02,2.443094e-01,2.465024e-02,1.331965e-02,4.815927e-01,3.780867e-03
3.509627e-03,2.087120e-02,5.009457e-03,6.620793e-03,6.502304e-03,3.443760e-02,1.283736e-04,2.153561e-03,1.399104e-01,8.640020e-03,2.136967e-01,2.368754e-02,1.265130e-02,5.187329e-01,3.448263e-03
2.733866e-03,1.679011e-02,4.954205e-03,5.283239e-03,5.475291e-03,7.346570e-02,1.059773e-04,1.802496e-03,1.351267e-01,8.145399e-03,1.881558e-01,2.060362e-02,1.029406e-02,5.242703e-01,2.793200e-03
2.456921e-03,1.435900e-02,7.596877e-03,4.827629e-03,4.201156e-03,1.429073e-01,1.081424e-04,2.107464e-03,1.144970e-01,7.614790e-03,1.618229e-01,1.563859e-02,8.396513e-03,5.109737e-01,2.491937e-03
3.005644e-03,1.138986e-02,6.180128e-03,4.105195e-03,3.608646e-03,1.778798e-01,8.304109e-04,1.640021e-03,1.209307e-01,7.661308e-03,1.503627e-01,1.165542e-02,6.880490e-03,4.915972e-01,2.272338e-03
4.577328e-03,1.016435e-02,5.731924e-03,3.774212e-03,3.761274e-03,1.752214e-01,1.463938e-03,1.958265e-03,1.754271e-01,8.614202e-03,1.526700e-01,9.213800e-03,5.581827e-03,4.397909e-01,2.049419e-03
5.048446e-03,8.826110e-03,4.630586e-03,6.118155e-03,9.641755e-03,1.449988e-01,5.296408e-03,1.087436e-02,3.349539e-01,1.160660e-02,1.196984e-01,7.378747e-03,4.848743e-03,3.240303e-01,2.048719e-03
5.311549e-03,8.585425e-03,4.984963e-03,1.305443e-02,1.513817e-02,1.240742e-01,5.842463e-03,7.750820e-02,3.697305e-01,1.763719e-02,9.361760e-02,8.026976e-03,5.863342e-03,2.483996e-01,2.225430e-03
5.300661e-03,1.034200e-02,1.203281e-02,5.886124e-02,1.404282e-02,1.177972e-01,4.688907e-03,7.060555e-02,3.675324e-01,6.105103e-02,6.806111e-02,6.598008e-03,5.371761e-03,1.757045e-01,2.201003e-02
5.620129e-03,1.328695e-02,1.565126e-02,4.587018e-02,2.056898e-02,1.494571e-01,3.773581e-03,5.901299e-02,4.297256e-01,4.577111e-02,4.837995e-02,4.727082e-03,4.287558e-03,1.235956e-01,3.027196e-02
7.097421e-03,1.785627e-02,1.566114e-02,3.655147e-02,4.199819e-02,1.897583e-01,3.051745e-03,4.908737e-02,4.227008e-01,3.525647e-02,3.431682e-02,3.364169e-03,3.427347e-03,8.770606e-02,5.216645e-02
7.346358e-03,2.934634e-02,1.309771e-02,6.646012e-02,3.329368e-02,1.763487e-01,2.217850e-03,4.984082e-02,3.723601e-01,3.272368e-02,2.594684e-02,2.893570e-03,3.918820e-03,6.181098e-02,1.223944e-01
9.670809e-03,2.497946e-02,1.308500e-02,1.328616e-01,2.620721e-02,1.527442e-01,1.615959e-03,5.942332e-02,2.885645e-01,3.382490e-02,2.927900e-02,4.746496e-03,7.208476e-03,4.387541e-02,1.719136e-01
2.141120e-02,3.104535e-02,1.025917e-02,9.804001e-02,3.211548e-02,2.203972e-01,1.366712e-03,5.069546e-02,2.353306e-01,2.727054e-02,2.283290e-02,4.408161e-03,6.049656e-03,3.197898e-02,2.067985e-01
2.397630e-02,3.496628e-02,9.356594e-03,8.394515e-02,2.385236e-02,1.652418e-01,1.013336e-03,4.159402e-02,2.841240e-01,2.451858e-02,1.997102e-02,4.504655e-03,6.934759e-03,2.348414e-02,2.525170e-01
6.583795e-02,5.195786e-02,8.977695e-03,6.700957e-02,2.571354e-02,1.514224e-01,1.012059e-03,6.887828e-02,2.706960e-01,2.111515e-02,1.836142e-02,5.998946e-03,8.167466e-03,2.021324e-02,2.146384e-01
8.032595e-02,8.885239e-02,8.770543e-03,5.629947e-02,3.755470e-02,1.250734e-01,1.050994e-03,6.707408e-02,2.737011e-01,1.768771e-02,1.448132e-02,4.760570e-03,6.747284e-03,1.482557e-02,2.027950e-01
1.059893e-01,9.830320e-02,9.535276e-03,5.017936e-02,6.122544e-02,1.089303e-01,1.292122e-03,7.212652e-02,2.927825e-01,1.340369e-02,1.126660e-02,3.670537e-03,5.241437e-03,1.099397e-02,1.550598e-01
