1.000000e+00,0.000000e+00,0.000000e+00,0.000000e+00,0.000000e+00,0.000000e+00,0.000000e+00,0.000000e+00,0.000000e+00,0.000000e+00,0.000000e+00,0.000000e+00,0.000000e+00,0.000000e+00,0.000000e+00
1.000000e+00,0.000000e+00,0.000000e+00,0.000000e+00,0.000000e+00,0.000000e+00,0.000000e+00,0.000000e+00,0.000000e+00,0.000000e+00,0.000000e+00,0.000000e+00,0.000000e+00,0.000000e+00,0.000000e+00
1.000000e+00,0.000000e+00,0.000000e+00,0.000000e+00,0.000000e+00,0.000000e+00,0.000000e+00,0.000000e+00,0.000000e+00,0.000000e+00,0.000000e+00,0.000000e+00,0.000000e+00,0.000000e+00,0.000000e+00
1.000000e+00,0.000000e+00,0.000000e+00,0.000000e+00,0.000000e+00,0.000000e+00,0.000000e+00,0.000000e+00,0.000000e+00,0.000000e+00,0.000000e+00,0.000000e+00,0.000000e+00,0.000000e+00,0.000000e+00
1.000000e+00,0.000000e+00,0.000000e+00,0.000000e+00,0.000000e+00,0.000000e+00,0.000000e+00,0.000000e+00,0.000000e+00,0.000000e+00,0.000000e+00,0.000000e+00,0.000000e+00,0.000000e+00,0.000000e+00
1.000000e+00,0.000000e+00,0.000000e+00,0.000000e+00,0.000000e+00,0.000000e+00,0.000000e+00,0.000000e+00,0.000000e+00,0.000000e+00,0.000000e+00,0.000000e+00,0.000000e+00,0.000000e+00,0.000000e+00
1.000000e+00,0.000000e+00,0.000000e+00,0.000000e+00,0.000000e+00,0.000000e+00,0.000000e+00,0.000000e+00,0.000000e+00,0.000000e+00,0.000000e+00,0.000000e+00,0.000000e+00,0.000000e+00,0.000000e+00
1.000000e+00,0.000000e+00,0.000000e+00,0.000000e+00,0.000000e+00,0.000000e+00,0.000000e+00,0.000000e+00,0.000000e+00,0.000000e+00,0.000000e+00,0.000000e+00,0.000000e+00,0.000000e+00,0.000000e+00
1.000000e+00,0.000000e+00,0.000000e+00,0.000000e+00,0.000000e+00,0.000000e+00,0.000000e+00,0.000000e+00,0.000000e+00,0.000000e+00,0.000000e+00,0.000000e+00,0.000000e+00,0.000000e+00,0.000000e+00
1.000000e+00,0.000000e+00,0.000000e+00,0.000000e+00,0.000000e+00,0.000000e+00,0.000000e+00,0.000000e+00,0.000000e+00,0.000000e+00,0.000000e+00,0.000000e+00,0.000000e+00,0.000000e+00,0.000000e+00
1.000000e+00,0.000000e+00,0.000000e+00,0.000000e+00,0.000000e+00,0.000000e+00,0.000000e+00,0.000000e+00,0.000000e+00,0.000000e+00,0.000000e+00,0.000000e+00,0.000000e+00,0.000000e+00,0.000000e+00
1.000000e+00,0.000000e+00,0.000000e+00,0.000000e+00,0.000000e+00,0.000000e+00,0.000000e+00,0.000000e+00,0.000000e+00,0.000000e+00,0.000000e+00,0.000000e+00,0.000000e+00,0.000000e+00,0.000000e+00
1.000000e+00,0.000000e+00,0.000000e+00,0.000000e+00,0.000000e+00,0.000000e+00,0.000000e+00,0.000000e+00,0.000000e+00,0.000000e+00,0.000000e+00,0.000000e+00,0.000000e+00,0.000000e+00,0.000000e+00
1.000000e+00,0.000000e+00,0.000000e+00,0.000000e+00,0.000000e+00,0.000000e+00,0.000000e+00,0.000000e+00,0.000000e+00,0.000000e+00,0.000000e+00,0.000000e+00,0.000000e+00,0.000000e+00,0.000000e+00
1.000000e+00,0.000000e+00,0.000000e+00,0.000000e+00,0.000000e+00,0.000000e+00,0.000000e+00,0.000000e+00,0.000000e+00,0.000000e+00,0.000000e+00,0.000000e+00,0.000000e+00,0.000000e+00,0.000000e+00
1.000000e+00,0.000000e+00,0.000000e+00,0.000000e+00,0.000000e+00,0.000000e+00,0.000000e+00,0.000000e+00,0.000000e+00,0.000000e+00,0.000000e+00,0.000000e+00,0.000000e+00,0.000000e+00,0.000000e+00
1.000000e+00,0.000000e+00,0.000000e+00,0.000000e+00,0.000000e+00,0.000000e+00,0.000000e+00,0.000000e+00,0.000000e+00,0.000000e+00,0.000000e+00,0.000000e+00,0.000000e+00,0.000000e+00,0.000000e+00
1.000000e+00,0.000000e+00,0.000000e+00,0.000000e+00,0.000000e+00,0.000000e+00,0.000000e+00,0.000000e+00,0.000000e+00,0.000000e+00,0.000000e+00,0.000000e+00,0.000000e+00,0.000000e+00,0.000000e+00
1.000000e+00,0.000000e+00,0.000000e+00,0.000000e+00,0.000000e+00,0.000000e+00,0.000000e+00,0.000000e+00,0.000000e+00,0.000000e+00,0.000000e+00,0.000000e+00,0.000000e+00,0.000000e+00,0.000000e+00
1.000000e+00,0.000000e+00,0.000000e+00,0.000000e+00,0.000000e+00,0.000000e+00,0.000000e+00,0.000000e+00,0.000000e+00,0.000000e+00,0.000000e+00,0.000000e+00,0.000000e+00,0.000000e+00,0.000000e+00
1.000000e+00,0.000000e+00,0.000000e+00,0.000000e+00,0.000000e+00,0.000000e+00,0.000000e+00,0.000000e+00,0.000000e+00,0.000000e+00,0.000000e+00,0.000000e+00,0.000000e+00,0.000000e+00,0.000000e+00
1.000000e+00,0.000000e+00,0.000000e+00,0.000000e+00,0.000000e+00,0.000000e+00,0.000000e+00,0.000000e+00,0.000000e+00,0.000000e+00,0.000000e+00,0.000000e+00,0.000000e+00,0.000000e+00,0.000000e+00
1.000000e+00,0.000000e+00,0.000000e+00,0.000000e+00,0.000000e+00,0.000000e+00,0.000000e+00,0.000000e+00,0.000000e+00,0.000000e+00,0.000000e+00,0.000000e+00,0.000000e+00,0.000000e+00,0.000000e+00
1.000000e+00,0.000000e+00,0.000000e+00,0.000000e+00,0.000000e+00,0.000000e+00,0.000000e+00,0.000000e+00,0.000000e+00,0.000000e+00,0.000000e+00,0.000000e+00,0.000000e+00,0.000000e+00,0.000000e+00
1.000000e+00,0.000000e+00,0.000000e+00,0.000000e+00,0.000000e+00,0.000000e+00,0.000000e+00,0.000000e+00,0.000000e+00,0.000000e+00,0.000000e+00,0.000000e+00,0.000000e+00,0.000000e+00,0.000000e+00
1.000000e+00,0.000000e+00,0.000000e+00,0.000000e+00,0.000000e+00,0.000000e+00,0.000000e+00,0.000000e+00,0.000000e+00,0.000000e+00,0.000000e+00,0.000000e+00,0.000000e+00,0.000000e+00,0.000000e+00
1.000000e+00,0.000000e+00,0.000000e+00,0.000000e+00,0.000000e+00,0.000000e+00,0.000000e+00,0.000000e+00,0.000000e+00,0.000000e+00,0.000000e+00,0.000000e+00,0.000000e+00,0.000000e+00,0.000000e+00
1.000000e+00,0.000000e+00,0.000000e+00,0.000000e+00,0.000000e+00,0.000000e+00,0.000000e+00,0.000000e+00,0.000000e+00,0.000000e+00,0.000000e+00,0.000000e+00,0.000000e+00,0.000000e+00,0.000000e+00
1.000000e+00,0.000000e+00,0.000000e+00,0.000000e+00,0.000000e+00,0.000000e+00,0.000000e+00,0.000000e+00,0.000000e+00,0.000000e+00,0.000000e+00,0.000000e+00,0.000000e+00,0.000000e+00,0.000000e+00
1.000000e+00,0.000000e+00,0.000000e+00,0.000000e+00,0.000000e+00,0.000000e+00,0.000000e+00,0.000000e+00,0.000000e+00,0.000000e+00,0.000000e+00,0.000000e+00,0.000000e+00,0.000000e+00,0.000000e+00
1.000000e+00,0.000000e+00,0.000000e+00,0.000000e+00,0.000000e+00,0.000000e+00,0.000000e+00,0.000000e+00,0.000000e+00,0.000000e+00,0.000000e+00,0.000000e+00,0.000000e+00,0.000000e+00,0.000000e+00
1.000000e+00,0.000000e+00,0.000000e+00,0.000000e+00,0.000000e+00,0.000000e+00,0.000000e+00,0.000000e+00,0.000000e+00,0.000000e+00,0.000000e+00,0.000000e+00,0.000000e+00,0.000000e+00,0.000000e+00
1.000000e+00,0.000000e+00,0.000000e+00,0.000000e+00,0.000000e+00,0.000000e+00,0.000000e+00,0.000000e+00,0.000000e+00,0.000000e+00,0.000000e+00,0.000000e+00,0.000000e+00,0.000000e+00,0.000000e+00
1.000000e+00,0.000000e+00,0.000000e+00,0.000000e+00,0.000000e+00,0.000000e+00,0.000000e+00,0.000000e+00,0.000000e+00,0.000000e+00,0.000000e+00,0.000000e+00,0.000000e+00,0.000000e+00,0.000000e+00
1.000000e+00,0.000000e+00,0.000000e+00,0.000000e+00,0.000000e+00,0.000000e+00,0.000000e+00,0.000000e+00,0.000000e+00,0.000000e+00,0.000000e+00,0.000000e+00,0.000000e+00,0.000000e+00,0.000000e+00
1.000000e+00,0.000000e+00,0.000000e+00,0.000000e+00,0.000000e+00,0.000000e+00,0.000000e+00,0.000000e+00,0.000000e+00,0.000000e+00,0.000000e+00,0.000000e+00,0.000000e+00,0.000000e+00,0.000000e+00
1.000000e+00,0.000000e+00,0.000000e+00,0.000000e+00,0.000000e+00,0.000000e+00,0.000000e+00,0.000000e+00,0.000000e+00,0.000000e+00,0.000000e+00,0.000000e+00,0.000000e+00,0.000000e+00,0.000000e+00
1.000000e+00,0.000000e+00,0.000000e+00,0.000000e+00,0.000000e+00,0.000000e+00,0.000000e+00,0.000000e+00,0.000000e+00,0.000000e+00,0.000000e+00,0.000000e+00,0.000000e+00,0.000000e+00,0.000000e+00
1.000000e+00,0.000000e+00,0.000000e+00,0.000000e+00,0.000000e+00,0.000000e+00,0.000000e+00,0.000000e+00,0.000000e+00,0.000000e+00,0.000000e+00,0.000000e+00,0.000000e+00,0.000000e+00,0.000000e+00
1.000000e+00,0.000000e+00,0.000000e+00,0.000000e+00,0.000000e+00,0.000000e+00,0.000000e+00,0.000000e+00,0.000000e+00,0.000000e+00,0.000000e+00,0.000000e+00,0.000000e+00,0.000000e+00,0.000000e+00
1.000000e+00,0.000000e+00,0.000000e+00,0.000000e+00,0.000000e+00,0.000000e+00,0.000000e+00,0.000000e+00,0.000000e+00,0.000000e+00,0.000000e+00,0.000000e+00,0.000000e+00,0.000000e+00,0.000000e+00
1.000000e+00,0.000000e+00,0.000000e+00,0.000000e+00,0.000000e+00,0.000000e+00,0.000000e+00,0.000000e+00,0.000000e+00,0.000000e+00,0.000000e+00,0.000000e+00,0.000000e+00,0.000000e+00,0.000000e+00
1.000000e+00,0.000000e+00,0.000000e+00,0.000000e+00,0.000000e+00,0.000000e+00,0.000000e+00,0.000000e+00,0.000000e+00,0.000000e+00,0.000000e+00,0.000000e+00,0.000000e+00,0.000000e+00,0.000000e+00
1.000000e+00,0.000000e+00,0.000000e+00,0.000000e+00,0.000000e+00,0.000000e+00,0.000000e+00,0.000000e+00,0.000000e+00,0.000000e+00,0.000000e+00,0.000000e+00,0.000000e+00,0.000000e+00,0.000000e+00
1.000000e+00,0.000000e+00,0.000000e+00,0.000000e+00,0.000000e+00,0.000000e+00,0.000000e+00,0.000000e+00,0.000000e+00,0.000000e+00,0.000000e+00,0.000000e+00,0.000000e+00,0.000000e+00,0.000000e+00
1.000000e+00,0.000000e+00,0.000000e+00,0.000000e+00,0.000000e+00,0.000000e+00,0.000000e+00,0.000000e+00,0.000000e+00,0.000000e+00,0.000000e+00,0.000000e+00,0.000000e+00,0.000000e+00,0.000000e+00
1.000000e+00,0.000000e+00,0.000000e+00,0.000000e+00,0.000000e+00,0.000000e+00,0.000000e+00,0.000000e+00,0.000000e+00,0.000000e+00,0.000000e+00,0.000000e+00,0.000000e+00,0.000000e+00,0.000000e+00
1.000000e+00,0.000000e+00,0.000000e+00,0.000000e+00,0.000000e+00,0.000000e+00,0.000000e+00,0.000000e+00,0.000000e+00,0.000000e+00,0.000000e+00,0.000000e+00,0.000000e+00,0.000000e+00,0.000000e+00
1.000000e+00,0.000000e+00,0.000000e+00,0.000000e+00,0.000000e+00,0.000000e+00,0.000000e+00,0.000000e+00,0.000000e+00,0.000000e+00,0.000000e+00,0.000000e+00,0.000000e+00,0.000000e+00,0.000000e+00
1.000000e+00,0.000000e+00,0.000000e+00,0.000000e+00,0.000000e+00,0.000000e+00,0.000000e+00,0.000000e+00,0.000000e+00,0.000000e+00,0.000000e+00,0.000000e+00,0.000000e+00,0.000000e+00,0.000000e+00
1.000000e+00,0.000000e+00,0.000000e+00,0.000000e+00,0.000000e+00,0.000000e+00,0.000000e+00,0.000000e+00,0.000000e+00,0.000000e+00,0.000000e+00,0.000000e+00,0.000000e+00,0.000000e+00,0.000000e+00
1.000000e+00,0.000000e+00,0.000000e+00,0.000000e+00,0.000000e+00,0.000000e+00,0.000000e+00,0.000000e+00,0.000000e+00,0.000000e+00,0.000000e+00,0.000000e+00,0.000000e+00,0.000000e+00,0.000000e+00
1.000000e+00,0.000000e+00,0.000000e+00,0.000000e+00,0.000000e+00,0.000000e+00,0.000000e+00,0.000000e+00,0.000000e+00,0.000000e+00,0.000000e+00,0.000000e+00,0.000000e+00,0.000000e+00,0.000000e+00
1.000000e+00,0.000000e+00,0.000000e+00,0.000000e+00,0.000000e+00,0.000000e+00,0.000000e+00,0.000000e+00,0.000000e+00,0.000000e+00,0.000000e+00,0.000000e+00,0.000000e+00,0.000000e+00,0.000000e+00
1.000000e+00,0.000000e+00,0.000000e+00,0.000000e+00,0.000000e+00,0.000000e+00,0.000000e+00,0.000000e+00,0.000000e+00,0.000000e+00,0.000000e+00,0.000000e+00,0.000000e+00,0.000000e+00,0.000000e+00
1.000000e+00,0.000000e+00,0.000000e+00,0.000000e+00,0.000000e+00,0.000000e+00,0.000000e+00,0.000000e+00,0.000000e+00,0.000000e+00,0.000000e+00,0.000000e+00,0.000000e+00,0.000000e+00,0.000000e+00
1.000000e+00,0.000000e+00,0.000000e+00,0.000000e+00,0.000000e+00,0.000000e+00,0.000000e+00,0.000000e+00,0.000000e+00,0.000000e+00,0.000000e+00,0.000000e+00,0.000000e+00,0.000000e+00,0.000000e+00
1.000000e+00,0.000000e+00,0.000000e+00,0.000000e+00,0.000000e+00,0.000000e+00,0.000000e+00,0.000000e+00,0.000000e+00,0.000000e+00,0.000000e+00,0.000000e+00,0.000000e+00,0.000000e+00,0.000000e+00
1.000000e+00,0.000000e+00,0.000000e+00,0.000000e+00,0.000000e+00,0.000000e+00,0.000000e+00,0.000000e+00,0.000000e+00,0.000000e+00,0.000000e+00,0.000000e+00,0.000000e+00,0.000000e+00,0.000000e+00
4.660264e-01,2.211731e-02,7.458820e-02,2.088120e-01,8.600220e-03,2.466558e-02,5.203655e-03,5.006658e-02,8.010440e-03,2.716648e-03,2.814745e-02,6.312656e-02,1.677066e-02,3.125331e-03,1.802299e-02
3.317361e-01,2.246616e-02,1.918207e-01,1.803915e-01,6.688418e-03,2.010190e-02,3.697322e-03,3.558080e-02,1.361015e-02,5.578251e-03,2.639182e-02,4.641078e-02,1.225495e-02,4.367505e-02,5.959606e-02
2.340966e-01,2.183460e-02,1.569165e-01,1.479444e-01,5.353812e-03,1.659534e-02,2.635003e-03,2.503453e-02,2.428336e-02,9.515805e-03,3.311242e-02,8.138391e-02,9.383700e-03,8.555964e-02,1.463504e-01
1.767422e-01,1.799042e-02,1.130515e-01,1.608937e-01,6.346861e-03,1.560210e-02,1.995206e-03,1.780166e-02,3.532672e-02,1.054444e-02,6.142618e-02,1.569535e-01,9.665170e-03,7.475147e-02,1.409089e-01
1.495634e-01,1.339286e-02,7.995380e-02,1.416987e-01,8.717059e-03,1.529676e-02,1.524300e-03,1.276070e-02,4.002416e-02,9.344884e-03,7.751289e-02,2.777662e-01,8.419904e-03,5.981756e-02,1.042067e-01
1.071026e-01,9.832284e-03,5.630421e-02,1.043115e-01,1.152873e-02,1.294527e-02,1.137729e-03,9.353328e-03,4.190501e-02,9.199399e-03,9.118234e-02,4.085329e-01,7.292170e-03,5.340228e-02,7.597025e-02
7.770287e-02,7.245288e-03,3.964212e-02,7.653555e-02,1.853277e-02,1.011058e-02,1.164971e-03,7.193954e-03,3.674650e-02,7.414936e-03,1.046955e-01,4.934795e-01,6.044367e-03,5.926202e-02,5.422902e-02
5.957044e-02,5.432407e-03,2.800765e-02,6.060541e-02,3.886709e-02,1.104767e-02,1.046960e-03,5.450459e-03,2.942348e-02,5.510910e-03,9.751410e-02,5.675799e-01,4.572959e-03,4.663032e-02,3.874024e-02
4.302618e-02,4.378986e-03,1.971672e-02,4.645764e-02,6.081114e-02,1.218100e-02,7.986262e-04,4.214865e-03,2.324598e-02,3.964627e-03,1.525651e-01,5.596099e-01,3.571565e-03,3.779674e-02,2.766090e-02
3.216644e-02,3.428687e-03,1.384053e-02,3.491131e-02,6.005116e-02,1.236170e-02,6.131023e-04,3.241307e-03,1.803734e-02,2.973036e-03,1.489813e-01,6.160772e-01,2.895348e-03,3.040611e-02,2.001536e-02
2.834737e-02,4.850486e-03,1.005618e-02,3.405388e-02,7.913180e-02,1.349545e-02,8.083346e-04,3.703527e-03,1.626827e-02,3.413900e-03,1.704605e-01,5.791866e-01,4.197940e-03,2.623721e-02,2.578852e-02
2.457426e-02,5.711507e-03,7.754235e-03,2.552173e-02,6.816950e-02,1.954343e-02,7.093721e-04,3.057403e-03,1.412913e-02,7.384832e-03,1.817699e-01,5.804780e-01,4.080471e-03,2.403083e-02,3.308534e-02
2.584114e-02,5.641351e-03,6.091360e-03,2.093812e-02,5.393269e-02,2.787342e-02,5.565673e-04,2.534053e-03,1.206904e-02,6.615689e-03,1.773289e-01,6.081307e-01,3.380033e-03,1.943116e-02,2.963574e-02
4.646605e-02,6.170224e-03,5.407570e-03,2.216657e-02,4.398173e-02,2.995975e-02,4.866477e-04,2.482127e-03,9.702157e-03,5.272400e-03,1.676944e-01,6.128863e-01,2.785686e-03,1.637561e-02,2.816276e-02
4.706622e-02,5.524478e-03,4.271899e-03,1.936605e-02,3.307871e-02,2.526626e-02,3.890616e-04,2.001367e-03,7.806486e-03,4.005373e-03,1.508363e-01,6.631934e-01,2.206811e-03,1.256927e-02,2.241831e-02
5.299872e-02,7.175747e-03,5.955566e-03,1.806413e-02,2.847992e-02,2.488485e-02,4.297215e-04,2.960408e-03,6.685031e-03,3.145033e-03,1.578548e-01,6.591018e-01,1.908172e-03,1.031566e-02,2.004038e-02
3.807674e-02,5.958923e-03,4.396767e-03,1.326836e-02,2.264107e-02,1.994952e-02,3.361803e-04,2.149063e-03,5.136483e-03,2.388617e-03,1.554512e-01,7.044833e-01,1.502526e-03,8.322456e-03,1.593884e-02
3.060995e-02,7.389804e-03,4.221192e-03,1.076253e-02,3.592857e-02,1.704517e-02,3.047685e-04,1.798042e-03,4.401998e-03,1.982803e-03,1.535154e-01,7.080418e-01,1.407340e-03,8.945938e-03,1.364468e-02
2.984934e-02,7.393578e-03,3.512534e-03,8.018690e-03,2.816106e-02,1.414173e-02,3.558119e-04,1.618162e-03,3.755057e-03,1.886795e-03,1.853864e-01,6.938801e-01,1.598474e-03,9.214523e-03,1.122774e-02
2.628189e-02,6.995894e-03,2.921941e-03,6.067210e-03,2.500383e-02,1.196121e-02,4.726492e-04,1.546604e-03,3.169085e-03,1.709215e-03,1.994524e-01,6.954898e-01,1.813149e-03,8.623501e-03,8.491577e-03
2.731986e-02,7.644800e-03,2.780702e-03,4.840878e-03,2.614201e-02,1.086957e-02,8.234672e-04,1.977836e-03,3.154624e-03,1.611661e-03,2.458913e-01,6.496772e-01,1.900880e-03,8.600167e-03,6.765109e-03
2.565796e-02,7.212725e-03,2.587524e-03,3.703667e-03,2.516827e-02,1.033370e-02,1.517094e-03,2.669878e-03,2.890127e-03,1.440042e-03,2.205327e-01,6.805500e-01,1.691366e-03,8.340320e-03,5.704538e-03
3.402428e-02,8.271566e-03,3.904205e-03,3.537957e-03,2.363469e-02,1.207352e-02,1.877955e-03,4.527827e-03,2.882826e-03,1.341133e-03,2.003794e-01,6.869236e-01,1.536076e-03,8.927211e-03,6.157705e-03
2.602019e-02,6.550451e-03,2.882445e-03,2.603713e-03,2.725696e-02,1.122377e-02,3.077234e-03,4.021633e-03,2.600789e-03,1.216240e-03,3.286352e-01,5.690691e-01,1.853193e-03,8.307798e-03,4.681279e-03
1.973190e-02,5.359018e-03,2.190845e-03,1.882354e-03,2.612410e-02,1.001474e-02,3.164400e-03,3.097813e-03,2.240855e-03,1.136809e-03,4.263450e-01,4.860407e-01,1.985382e-03,7.024901e-03,3.661143e-03
1.683549e-02,4.950640e-03,2.093308e-03,1.508722e-03,3.364859e-02,1.137072e-02,3.662483e-03,2.595337e-03,2.311642e-03,1.093567e-03,5.374418e-01,3.700500e-01,2.052867e-03,6.190434e-03,4.194349e-03
1.275434e-02,5.814096e-03,6.795837e-03,1.787996e-03,4.113030e-02,1.247383e-02,3.074007e-03,2.063020e-03,2.607762e-03,1.509009e-03,6.104968e-01,2.864732e-01,3.205595e-03,5.014862e-03,4.799425e-03
1.019767e-02,8.617653e-03,1.830825e-02,1.009059e-02,1.192801e-01,1.020916e-02,3.776331e-03,7.395778e-03,6.956893e-03,2.337321e-03,4.919271e-01,2.951439e-01,3.882413e-03,4.544269e-03,7.332485e-03
7.801342e-03,6.733134e-03,2.364487e-02,9.093396e-03,1.208754e-01,8.595051e-03,3.292755e-03,1.185061e-01,9.611722e-03,2.054008e-03,4.224743e-01,2.513787e-01,4.790754e-03,3.743234e-03,7.405238e-03
6.393232e-03,5.648227e-03,3.170677e-02,1.278917e-02,1.887638e-01,9.455100e-03,2.567327e-03,9.757609e-02,2.807489e-02,1.649333e-03,4.079417e-01,1.910148e-01,5.376591e-03,3.221191e-03,7.821834e-03
5.932265e-03,5.027224e-03,3.323989e-02,1.485001e-02,2.100462e-01,2.492210e-02,1.882095e-03,8.002833e-02,3.830971e-02,1.499575e-03,4.002827e-01,1.608422e-01,1.409738e-02,2.853418e-03,6.186932e-03
5.850781e-03,8.074574e-03,3.412114e-02,1.192588e-02,1.735019e-01,2.224642e-02,1.500010e-03,6.186295e-02,5.860057e-02,2.465127e-03,4.495183e-01,1.391505e-01,2.250934e-02,2.579865e-03,6.092476e-03
6.156847e-03,3.044691e-02,4.603524e-02,9.608641e-03,1.374722e-01,2.289326e-02,1.568097e-03,4.825510e-02,1.031543e-01,5.617584e-03,4.172426e-01,1.232160e-01,3.460759e-02,2.431256e-03,1.129430e-02
5.226715e-03,4.559004e-02,3.596437e-02,7.160772e-03,1.012281e-01,4.246809e-02,1.223235e-03,3.599021e-02,1.699421e-01,2.844262e-02,3.483795e-01,9.165049e-02,4.325610e-02,5.285557e-03,3.819210e-02
4.399522e-03,5.127262e-02,2.756612e-02,6.557814e-03,7.493743e-02,3.594879e-02,9.236376e-04,2.563261e-02,2.713833e-01,2.304044e-02,2.602386e-01,7.325299e-02,4.476724e-02,6.187418e-03,9.389137e-02
3.526800e-03,3.842064e-02,2.126815e-02,6.314458e-03,5.311763e-02,2.548262e-02,7.099393e-04,1.820064e-02,3.790905e-01,1.780351e-02,1.861112e-01,5.475668e-02,3.336330e-02,6.791782e-03,1.550421e-01
3.337724e-03,2.973498e-02,1.712187e-02,1.045602e-02,3.798820e-02,1.960421e-02,7.414612e-04,1.321411e-02,3.480660e-01,1.470268e-02,1.381318e-01,1.885034e-01,3.671505e-02,1.587408e-02,1.258083e-01
2.515306e-03,2.224401e-02,1.392034e-02,1.111100e-02,2.682341e-02,1.470144e-02,6.383312e-04,9.334572e-03,2.635967e-01,1.245624e-02,1.074100e-01,3.477621e-01,5.290738e-02,2.124291e-02,9.333624e-02
2.063984e-03,1.900780e-02,1.135384e-02,1.045471e-02,2.013318e-02,1.372429e-02,7.356389e-04,6.751509e-03,2.110348e-01,9.824947e-03,9.578753e-02,4.299877e-01,8.334883e-02,1.767360e-02,6.811764e-02
1.725692e-03,1.431559e-02,8.062977e-03,7.660218e-03,1.426022e-02,1.188708e-02,7.176088e-04,4.770730e-03,1.564989e-01,9.311050e-03,7.522048e-02,5.532889e-01,7.498591e-02,1.812292e-02,4.917168e-02
1.386013e-03,1.045208e-02,5.713414e-03,5.549754e-03,1.010081e-02,1.374288e-02,5.684091e-04,3.381992e-03,1.147654e-01,7.315426e-03,5.708126e-02,6.563429e-01,6.334435e-02,1.514864e-02,3.510660e-02
1.085174e-03,7.405265e-03,4.020756e-03,3.955605e-03,7.192801e-03,1.716850e-02,4.138652e-04,2.390138e-03,8.397261e-02,5.517881e-03,4.482771e-02,7.342491e-01,5.195104e-02,1.116623e-02,2.468321e-02
8.696486e-04,5.281110e-03,2.861500e-03,2.845324e-03,5.349836e-03,1.660298e-02,3.119035e-04,1.702640e-03,6.314752e-02,4.644752e-03,3.883466e-02,7.853516e-01,4.617061e-02,8.596549e-03,1.742922e-02
6.649561e-04,4.561056e-03,2.381591e-03,2.003762e-03,6.198889e-03,1.192835e-02,2.528589e-04,1.212119e-03,8.007623e-02,4.006704e-03,3.141422e-02,7.941304e-01,4.261989e-02,6.268682e-03,1.228021e-02
5.455934e-04,4.046625e-03,1.715407e-03,1.415012e-03,4.731260e-03,8.552098e-03,1.901964e-04,8.820601e-04,6.926765e-02,4.751346e-03,3.227974e-02,8.227466e-01,3.568895e-02,4.549103e-03,8.638317e-03
4.760411e-04,3.403187e-03,1.263315e-03,1.042519e-03,3.400735e-03,6.489108e-03,1.365914e-04,7.377855e-04,6.397429e-02,4.967455e-03,2.962513e-02,8.462238e-01,2.876155e-02,3.417801e-03,6.080696e-03
4.662456e-04,2.750579e-03,9.413420e-04,8.083358e-04,2.453804e-03,5.186219e-03,9.769180e-05,5.871910e-04,5.646973e-02,6.883559e-03,2.821563e-02,8.643764e-01,2.316433e-02,3.274255e-03,4.324741e-03
5.880255e-04,3.331545e-03,8.501042e-04,6.319941e-04,1.834513e-03,4.283803e-03,7.296608e-05,6.180354e-04,5.002058e-02,1.157538e-02,3.889098e-02,8.604645e-01,1.878217e-02,4.878123e-03,3.177433e-03
9.609121e-04,5.411653e-03,1.235526e-03,5.827065e-04,1.808836e-03,4.333853e-03,6.131152e-05,1.412429e-03,4.881370e-02,1.382140e-02,4.171599e-02,8.573066e-01,1.468470e-02,5.271611e-03,2.578843e-03
1.208331e-03,8.260177e-03,1.129691e-03,6.414409e-04,2.016546e-03,4.882219e-03,6.476752e-05,1.753680e-03,6.526127e-02,1.726813e-02,5.318617e-02,8.235738e-01,1.245822e-02,6.080560e-03,2.215070e-03
2.555698e-03,6.078769e-03,1.249474e-03,1.237675e-03,2.414760e-03,8.010890e-03,1.251933e-04,1.832756e-03,5.909932e-02,1.812120e-02,4.268214e-02,8.401512e-01,9.220936e-03,5.450334e-03,1.769695e-03
3.859519e-03,6.039518e-03,1.452648e-03,1.081001e-03,2.296482e-03,6.786487e-03,1.109713e-04,1.479537e-03,5.074822e-02,2.720635e-02,6.088056e-02,8.180180e-01,7.122750e-03,1.111072e-02,1.807246e-03
7.448306e-03,6.136182e-03,1.729413e-03,1.424286e-03,2.257023e-03,7.943447e-03,1.032159e-04,1.677763e-03,4.810875e-02,2.878257e-02,6.354726e-02,8.084799e-01,6.116577e-03,1.442568e-02,1.819626e-03
6.342675e-03,2.394006e-02,2.067154e-03,1.167481e-03,2.156426e-03,6.567882e-03,8.519136e-05,1.343377e-03,1.070673e-01,2.374635e-02,1.577233e-01,6.419059e-01,4.832935e-03,1.873326e-02,2.320667e-03
5.114223e-03,5.419292e-02,2.109538e-03,9.247302e-04,1.948366e-03,5.462756e-03,7.124140e-05,1.130081e-03,1.784660e-01,2.019656e-02,2.241312e-01,4.812967e-01,3.560162e-03,1.870261e-02,2.692828e-03
3.693963e-03,3.831524e-02,1.718523e-03,6.865025e-04,1.467744e-03,4.104884e-03,5.305562e-05,8.344590e-04,1.706369e-01,1.534450e-02,3.992955e-01,3.418488e-01,2.512817e-03,1.717577e-02,2.311421e-03
2.762266e-03,2.714399e-02,1.252318e-03,4.954005e-04,1.049256e-03,3.972807e-03,3.910215e-05,6.542594e-04,1.563157e-01,1.118020e-02,5.358698e-01,2.410978e-01,1.792315e-03,1.466389e-02,1.711015e-03
2.183901e-03,2.019514e-02,9.522225e-04,3.601672e-04,7.696266e-04,3.506723e-03,2.988881e-05,5.331865e-04,1.471882e-01,8.261905e-03,6.288224e-01,1.702974e-01,1.312619e-03,1.429148e-02,1.295153e-03
1.753004e-03,1.494454e-02,7.074120e-04,2.835404e-04,5.876734e-04,2.921434e-03,2.279256e-05,4.160253e-04,1.507496e-01,7.169544e-03,6.677193e-01,1.277774e-01,1.253555e-03,2.267541e-02,1.018819e-03
1.764201e-03,1.101875e-02,5.203732e-04,2.131469e-04,4.665900e-04,2.543569e-03,1.776975e-05,3.207852e-04,2.017630e-01,5.325615e-03,6.586322e-01,9.276699e-02,1.082564e-03,2.280661e-02,7.578326e-04
1.916259e-03,9.064870e-03,3.994222e-04,1.986379e-04,4.084700e-04,2.405185e-03,1.397079e-05,2.991258e-04,2.921400e-01,6.232318e-03,5.899881e-01,6.808529e-02,1.065464e-03,2.708022e-02,7.026551e-04
2.263039e-03,8.860266e-03,4.679690e-04,3.484475e-04,5.042542e-04,5.552860e-03,3.090907e-05,4.090999e-04,4.424014e-01,6.338247e-03,4.321785e-01,5.654228e-02,1.751321e-03,4.050093e-02,1.850522e-03
2.518745e-03,2.473786e-02,4.373253e-04,3.834573e-04,5.030101e-04,9.873127e-03,5.285320e-05,4.013095e-04,5.699049e-01,4.977047e-03,3.089822e-01,4.098017e-02,1.915954e-03,3.232771e-02,2.004384e-03
1.856421e-03,2.683686e-02,3.386916e-04,1.660004e-03,6.316844e-04,1.048773e-02,4.034346e-05,3.878912e-04,6.797071e-01,4.289184e-03,2.169818e-01,2.888972e-02,1.471352e-03,2.428571e-02,2.135594e-03
1.433434e-03,2.708438e-02,2.921655e-04,2.544786e-03,2.337272e-03,2.191314e-02,4.490594e-05,3.674303e-04,7.449527e-01,4.325570e-03,1.522912e-01,2.029880e-02,1.237742e-03,1.793525e-02,2.941227e-03
1.881608e-03,2.883992e-02,7.123745e-04,8.618885e-03,7.919324e-03,8.429015e-02,8.557117e-05,2.304022e-03,7.119022e-01,8.632365e-03,1.070139e-01,1.426095e-02,1.311712e-03,1.441398e-02,7.813071e-03
2.905209e-03,4.203783e-02,8.428914e-04,1.421433e-02,1.265510e-02,1.503674e-01,1.031511e-04,2.693736e-03,6.333536e-01,1.748355e-02,7.546318e-02,1.003546e-02,2.347315e-03,1.164720e-02,2.385010e-02
2.996170e-03,3.216253e-02,6.663181e-04,1.284633e-02,1.111544e-02,1.903978e-01,8.887169e-05,2.269872e-03,5.970364e-01,3.422577e-02,5.326123e-02,7.069878e-03,2.455807e-03,8.775709e-03,4.463199e-02
2.555174e-03,2.568303e-02,5.719633e-04,1.300082e-02,7.983330e-03,1.475595e-01,6.615239e-05,1.702841e-03,6.226184e-01,3.349293e-02,3.761889e-02,5.022862e-03,2.048217e-03,6.580018e-03,9.349595e-02
4.847753e-03,2.063182e-02,5.662872e-04,1.134587e-02,7.991175e-03,1.833844e-01,1.117396e-04,2.152152e-03,5.413445e-01,4.966744e-02,2.717793e-02,3.641631e-03,2.456231e-03,5.611749e-03,1.390694e-01
8.052981e-03,1.516340e-02,1.902279e-03,1.741968e-02,7.615718e-03,2.122802e-01,1.952371e-04,2.154097e-02,4.698054e-01,6.910813e-02,2.093344e-02,2.713571e-03,2.311106e-03,4.940614e-03,1.460173e-01
4.452718e-02,1.733112e-02,2.895384e-03,3.156041e-02,2.327495e-02,2.256700e-01,1.655482e-03,1.729003e-02,3.413824e-01,6.216861e-02,1.630702e-02,2.038550e-03,2.186596e-03,3.871634e-03,2.078407e-01
3.496391e-02,1.823639e-02,7.375803e-03,1.323839e-01,2.464152e-02,1.629786e-01,1.801449e-03,1.451558e-02,2.829959e-01,5.988524e-02,1.166143e-02,1.487933e-03,1.667868e-03,2.764339e-03,2.426401e-01
2.468743e-02,1.797421e-02,6.165855e-03,9.835652e-02,1.742446e-02,1.146964e-01,1.276339e-03,1.021842e-02,2.206168e-01,4.926422e-02,8.447669e-03,1.063190e-03,1.285969e-03,1.971919e-03,4.265506e-01
1.757342e-02,1.583346e-02,6.240070e-03,1.032273e-01,1.278038e-02,8.057600e-02,9.446258e-04,7.755442e-03,2.368808e-01,5.500109e-02,7.202155e-03,8.627005e-04,2.016418e-03,1.452298e-03,4.516539e-01
1.231361e-02,1.184185e-02,8.201236e-03,1.660592e-01,9.497480e-03,5.680362e-02,7.387727e-04,5.545761e-03,3.051304e-01,4.292027e-02,5.054926e-02,1.979010e-03,4.197598e-03,1.799174e-03,3.224228e-01
8.645091e-03,8.454238e-03,6.877806e-03,1.786142e-01,8.480899e-03,4.038775e-02,5.865970e-04,4.583896e-03,3.105726e-01,3.031186e-02,1.520108e-01,1.305326e-02,7.563770e-03,3.561378e-03,2.262958e-01
6.067161e-03,5.992592e-03,5.552961e-03,1.671675e-01,6.517416e-03,2.829711e-02,4.331582e-04,3.421624e-03,2.740436e-01,2.159226e-02,1.980714e-01,1.075884e-01,1.083258e-02,5.614784e-03,1.588074e-01
4.282468e-03,4.243068e-03,4.235995e-03,1.183257e-01,8.963836e-03,1.993163e-02,3.188799e-04,2.495938e-03,1.956673e-01,1.541321e-02,3.275867e-01,1.590967e-01,1.185819e-02,1.577583e-02,1.118047e-01
3.032528e-03,3.087106e-03,3.203124e-03,8.513996e-02,2.611442e-02,1.397253e-02,2.506510e-04,1.788671e-03,1.384960e-01,1.093033e-02,3.724557e-01,1.732241e-01,9.822804e-03,8.008939e-02,7.839260e-02
2.298672e-03,2.221239e-03,2.438360e-03,6.130011e-02,4.311764e-02,9.849544e-03,1.841512e-04,1.559849e-03,9.762164e-02,8.115514e-03,4.631456e-01,1.387998e-01,8.173186e-03,1.051978e-01,5.597684e-02
1.658525e-03,1.580919e-03,1.810674e-03,4.370822e-02,5.139769e-02,7.078196e-03,1.321122e-04,1.279932e-03,6.913113e-02,6.046561e-03,5.230976e-01,1.111795e-01,6.722703e-03,1.358919e-01,3.928427e-02
1.250666e-03,1.137130e-03,1.445944e-03,3.142021e-02,4.063848e-02,5.411939e-03,1.014779e-04,1.273083e-03,4.907678e-02,4.820300e-03,5.538666e-01,9.098133e-02,5.399944e-03,1.856094e-01,2.756675e-02
9.507654e-04,1.062321e-03,2.798635e-03,2.274549e-02,3.167811e-02,4.004847e-03,7.989594e-05,1.189413e-03,3.613785e-02,3.614351e-03,5.958739e-01,6.724887e-02,4.590307e-03,2.086419e-01,1.938332e-02
1.297051e-03,1.816674e-03,5.305215e-03,1.683584e-02,2.735656e-02,4.139390e-03,9.449190e-05,1.616284e-03,3.895157e-02,3.591627e-03,5.397468e-01,5.316331e-02,6.538542e-03,2.855911e-01,1.395568e-02
3.189618e-03,2.542125e-03,4.892798e-03,1.307331e-02,2.312225e-02,5.693751e-03,1.441471e-04,2.810331e-03,2.968247e-02,3.527704e-03,6.024554e-01,4.149837e-02,5.870816e-03,2.512355e-01,1.026143e-02
7.747667e-03,2.920467e-03,4.737753e-03,1.530099e-02,1.724959e-02,1.417016e-02,1.408478e-04,2.427482e-03,4.227038e-02,3.891682e-03,6.352568e-01,3.282123e-02,7.914687e-03,2.055636e-01,7.586744e-03
7.130828e-03,2.938207e-03,3.973242e-03,1.133109e-02,1.243083e-02,1.295071e-02,1.181438e-04,1.804809e-03,5.069782e-02,4.076129e-03,5.877423e-01,3.215389e-02,7.533598e-03,2.595483e-01,5.570111e-03
6.172417e-03,2.822614e-03,3.083400e-03,8.220391e-03,8.979043e-03,1.102147e-02,1.118055e-04,1.364741e-03,3.805295e-02,3.841655e-03,6.815115e-01,2.406321e-02,5.679044e-03,2.009273e-01,4.148522e-03
5.985000e-03,6.326945e-03,3.350509e-03,6.101167e-03,6.772698e-03,9.709605e-03,1.165017e-04,1.097937e-03,4.711384e-02,4.144984e-03,5.743552e-01,2.310915e-02,4.945230e-03,3.036277e-01,3.243607e-03
6.937530e-03,6.729122e-03,4.017704e-03,5.116196e-03,5.096282e-03,1.435828e-02,1.242686e-04,1.239129e-03,3.796494e-02,4.193588e-03,6.240368e-01,1.731263e-02,4.575906e-03,2.652003e-01,3.097394e-03
5.435798e-03,5.175306e-03,3.480923e-03,3.675694e-03,3.683177e-03,1.073466e-02,9.450077e-05,9.135052e-04,4.763615e-02,3.916798e-03,5.466619e-01,1.469211e-02,4.016436e-03,3.476169e-01,2.266187e-03
4.151908e-03,4.024199e-03,2.792869e-03,2.671980e-03,2.653219e-03,7.906598e-03,7.424191e-05,6.800268e-04,4.479351e-02,3.856674e-03,5.025246e-01,1.151562e-02,3.187801e-03,4.075006e-01,1.666105e-03
4.460347e-03,3.927986e-03,3.921540e-03,2.281799e-03,2.245486e-03,6.248420e-03,9.156555e-05,9.109293e-04,1.596426e-01,5.802585e-03,4.120071e-01,8.935405e-03,2.537148e-03,3.853752e-01,1.611886e-03
5.039727e-03,3.475903e-03,3.406983e-03,1.758726e-03,1.716993e-03,5.231498e-03,8.234558e-05,7.507580e-04,1.601056e-01,5.124636e-03,3.474952e-01,7.051176e-03,2.039977e-03,4.553157e-01,1.404772e-03
9.073019e-03,3.623312e-03,2.983832e-03,1.534140e-03,1.372899e-03,4.967211e-03,7.817386e-05,5.694982e-04,1.510070e-01,5.184541e-03,3.163405e-01,5.754387e-03,1.679577e-03,4.940049e-01,1.827027e-03
7.791133e-03,3.703430e-03,2.991642e-03,2.170826e-03,1.338213e-03,4.396599e-03,6.615280e-05,4.841614e-04,2.341024e-01,5.012891e-03,2.570480e-01,4.466184e-03,1.392788e-03,4.726744e-01,2.361180e-03
9.130348e-03,3.949222e-03,3.259611e-03,2.003341e-03,1.174566e-03,4.282798e-03,5.901165e-05,4.671036e-04,3.349538e-01,4.092034e-03,2.052194e-01,3.717052e-03,1.237952e-03,4.237989e-01,2.654941e-03
1.269661e-02,4.431042e-03,7.832291e-03,2.605119e-03,2.020793e-03,4.956669e-03,7.045945e-05,9.091999e-04,4.906210e-01,5.494331e-03,1.495785e-01,2.982377e-03,1.047415e-03,3.105992e-01,4.155030e-03
1.025298e-02,3.302116e-03,5.603896e-03,1.955430e-03,2.488576e-03,3.808510e-03,5.284655e-05,7.736312e-04,6.314027e-01,4.023103e-03,1.056413e-01,2.166317e-03,7.992242e-04,2.244085e-01,3.320839e-03
8.929203e-03,2.586694e-03,4.966335e-03,1.566923e-03,5.063725e-03,4.430560e-03,4.946333e-05,1.971594e-03,7.278798e-01,2.998926e-03,7.595085e-02,1.539732e-03,5.879743e-04,1.586549e-01,2.823282e-03
8.928759e-03,1.897348e-03,4.201659e-03,1.981816e-03,6.272185e-03,3.439880e-03,4.201264e-05,3.427057e-03,7.963146e-01,2.623937e-03,5.403989e-02,1.104088e-03,4.581313e-04,1.115481e-01,3.720528e-03
1.190863e-02,1.500635e-03,1.092842e-02,2.808369e-03,9.788607e-03,2.931355e-03,4.173577e-05,1.146314e-02,8.196340e-01,2.274782e-03,4.103542e-02,8.564742e-04,3.771670e-04,8.022662e-02,4.224657e-03
2.370762e-02,2.214531e-03,1.472323e-02,6.199373e-03,4.417665e-02,5.073631e-03,1.209477e-04,1.090082e-02,7.752117e-01,2.395270e-03,3.337238e-02,7.128267e-04,5.117585e-04,6.130997e-02,1.936928e-02
2.506769e-02,2.296855e-03,1.400887e-02,5.936418e-03,4.692125e-02,4.569024e-03,1.259007e-04,1.038696e-02,8.002475e-01,2.052869e-03,2.421255e-02,5.342898e-04,4.148697e-04,4.535322e-02,1.787172e-02
2.894899e-02,2.963727e-03,4.598627e-02,3.535033e-02,9.052332e-02,3.680435e-03,2.106780e-04,3.609744e-02,6.875916e-01,1.682200e-03,1.721651e-02,5.040551e-04,3.812787e-04,3.228042e-02,1.658272e-02
2.984650e-02,2.446380e-03,5.340426e-02,2.788965e-02,9.127750e-02,3.134257e-03,1.850608e-04,2.711157e-02,7.070325e-01,1.327178e-03,1.476859e-02,4.053622e-04,3.928594e-04,2.810293e-02,1.267540e-02
3.335319e-02,3.024011e-03,6.693326e-02,2.984348e-02,1.170182e-01,3.553887e-03,2.441798e-04,2.218096e-02,6.700814e-01,1.013911e-03,1.411096e-02,3.711561e-04,3.527628e-04,2.779891e-02,1.011980e-02
4.973726e-02,4.820930e-03,7.822987e-02,5.720631e-02,1.273694e-01,4.980700e-03,3.693803e-04,1.901991e-02,6.086199e-01,1.090090e-03,1.092214e-02,4.318081e-04,3.599450e-04,2.675356e-02,1.008877e-02
7.185094e-02,5.012019e-03,6.712371e-02,5.553548e-02,1.372545e-01,6.299309e-03,3.882248e-04,1.730892e-02,5.928071e-01,1.078760e-03,9.997201e-03,5.303243e-04,3.984778e-04,2.639723e-02,8.017868e-03
1.658983e-01,7.041615e-03,6.579575e-02,5.164016e-02,1.221135e-01,5.921141e-03,7.420864e-04,2.126828e-02,5.119797e-01,1.039802e-03,9.901557e-03,1.530680e-03,7.123083e-04,2.776724e-02,6.647947e-03
2.033857e-01,8.388775e-03,1.372050e-01,8.444557e-02,1.023534e-01,7.421209e-03,6.989028e-04,1.643923e-02,3.992496e-01,1.329232e-03,8.005933e-03,1.700378e-03,1.039074e-03,2.295208e-02,5.385855e-03
2.483139e-01,1.083677e-02,1.330935e-01,1.258402e-01,1.043413e-01,1.228067e-02,1.084863e-03,1.546060e-02,3.132873e-01,1.508844e-03,7.095704e-03,2.096375e-03,1.848395e-03,1.817581e-02,4.735743e-03
2.093718e-01,1.247237e-02,9.554674e-02,9.231994e-02,8.600705e-02,1.923407e-01,2.228089e-03,1.199166e-02,2.269716e-01,1.707137e-03,3.194705e-02,5.910286e-03,2.433259e-03,2.282790e-02,5.924272e-03
1.720149e-01,1.424220e-02,6.819808e-02,6.650317e-02,7.332378e-02,3.485463e-01,2.338958e-03,9.592693e-03,1.625822e-01,2.957972e-03,3.178361e-02,6.371391e-03,2.431306e-03,2.896717e-02,1.014623e-02
1.205679e-01,1.036183e-02,4.776040e-02,4.698121e-02,5.174552e-02,4.550446e-01,1.696532e-03,6.776267e-03,1.169025e-01,8.014067e-02,2.321584e-02,4.515421e-03,1.817783e-03,2.140463e-02,1.106886e-02
8.450258e-02,7.539572e-03,3.344642e-02,3.316341e-02,3.644206e-02,4.157859e-01,1.251091e-03,4.827137e-03,2.280394e-01,9.517968e-02,2.018032e-02,3.271176e-03,1.419459e-03,2.271541e-02,1.223638e-02
5.923090e-02,5.465398e-03,2.342623e-02,2.324827e-02,2.563321e-02,3.767079e-01,9.567380e-04,3.431162e-03,2.282748e-01,1.601259e-01,1.559896e-02,2.438537e-03,1.199552e-03,5.877680e-02,1.548572e-02
4.153345e-02,3.931482e-03,1.640944e-02,1.627599e-02,1.824744e-02,2.733840e-01,7.084358e-04,2.420727e-03,2.644021e-01,1.345965e-01,1.968883e-02,1.925387e-03,1.708621e-03,1.755841e-01,2.918354e-02
2.931155e-02,2.789876e-03,1.148992e-02,1.139804e-02,1.301091e-02,1.925284e-01,5.178562e-04,1.699623e-03,2.991601e-01,1.319616e-01,1.641101e-02,1.495595e-03,2.489220e-03,2.492705e-01,3.646587e-02
2.082037e-02,2.015118e-03,8.095331e-03,8.086385e-03,9.221792e-03,1.353014e-01,3.731221e-04,1.193537e-03,4.328036e-01,1.145631e-01,1.272317e-02,1.950964e-03,7.124484e-03,2.093189e-01,3.640878e-02
1.795746e-02,1.710356e-03,5.860885e-03,5.937740e-03,7.083470e-03,9.579220e-02,4.215151e-04,8.562141e-04,4.634053e-01,9.824590e-02,1.085968e-02,2.992341e-03,6.068652e-03,2.314141e-01,5.139421e-02
1.551375e-02,1.449315e-03,4.232065e-03,4.372441e-03,5.144370e-03,6.852161e-02,3.744133e-04,6.144182e-04,5.397369e-01,8.026805e-02,1.200935e-02,5.393973e-03,5.309486e-03,2.072495e-01,4.981033e-02
1.119417e-02,1.188292e-03,3.082372e-03,3.180708e-03,3.632833e-03,4.813717e-02,2.730220e-04,4.358812e-04,4.210363e-01,1.026058e-01,1.904191e-02,6.321517e-03,1.210382e-02,3.271522e-01,4.061399e-02
8.284806e-03,2.392439e-03,2.514493e-03,2.403705e-03,2.798302e-03,3.446275e-02,2.564173e-04,3.307840e-04,3.415090e-01,1.054138e-01,2.647201e-02,6.588245e-03,1.112613e-02,3.842309e-01,7.121620e-02
5.979771e-03,2.819415e-03,2.236802e-03,1.731479e-03,2.333217e-03,2.446680e-02,1.933830e-04,2.596045e-04,2.618230e-01,7.731094e-02,2.176584e-02,4.856233e-03,8.254484e-03,4.557048e-01,1.302642e-01
4.379738e-03,3.917057e-03,2.815392e-03,1.353344e-03,1.723575e-03,1.842558e-02,1.512214e-04,2.209206e-04,2.824447e-01,6.165465e-02,1.823022e-02,3.622110e-03,6.147136e-03,4.634188e-01,1.314955e-01
3.518074e-03,4.928220e-03,3.200206e-03,1.586611e-03,1.300557e-03,1.470939e-02,1.295067e-04,2.536587e-04,3.099749e-01,4.855578e-02,1.603974e-02,3.225107e-03,1.307118e-02,4.620804e-01,1.174267e-01
3.852690e-03,1.341982e-02,1.599436e-02,1.423378e-03,1.475127e-03,1.394595e-02,1.258317e-04,3.476949e-04,3.037163e-01,5.051358e-02,2.432707e-02,2.593984e-03,9.666102e-03,4.621862e-01,9.641188e-02
3.947279e-03,1.753813e-02,2.713701e-02,1.468110e-03,1.868975e-03,1.428077e-02,1.220517e-04,6.535948e-04,3.001311e-01,5.668336e-02,2.155044e-02,2.222078e-03,8.459076e-03,4.680436e-01,7.589436e-02
3.423992e-03,2.065129e-02,6.977649e-02,4.720121e-03,4.092771e-03,1.166096e-02,2.085856e-04,3.023625e-03,3.392995e-01,6.465299e-02,1.903268e-02,2.648271e-03,1.007409e-02,3.891161e-01,5.761847e-02
4.493329e-03,1.863931e-02,1.222454e-01,3.958405e-03,7.976051e-03,9.221250e-03,2.012117e-04,3.688413e-03,2.794982e-01,1.228593e-01,1.645085e-02,2.000596e-03,7.606245e-03,3.155660e-01,8.559544e-02
4.247263e-03,2.149605e-02,1.010790e-01,3.596740e-03,1.042558e-02,7.604322e-03,1.827613e-04,5.666951e-03,2.771794e-01,1.050138e-01,1.651779e-02,1.620205e-03,6.210183e-03,3.462790e-01,9.288104e-02
5.718880e-03,2.298646e-02,8.980563e-02,5.611397e-03,9.760307e-03,6.527284e-03,1.498170e-04,7.329818e-03,3.383178e-01,1.045888e-01,1.684091e-02,1.376698e-03,5.633263e-03,2.940509e-01,9.130206e-02
7.112657e-03,2.221560e-02,7.038576e-02,4.944583e-03,7.492578e-03,5.723858e-03,1.295045e-04,6.150228e-03,3.401327e-01,9.599238e-02,1.448929e-02,1.084117e-03,4.797870e-03,2.988876e-01,1.204612e-01
5.688647e-03,1.720598e-02,5.216704e-02,8.925804e-03,5.332062e-03,4.469243e-03,9.919549e-05,4.493252e-03,4.632264e-01,6.939571e-02,1.667820e-02,2.335248e-03,1.226591e-02,2.129870e-01,1.247303e-01
8.516962e-03,1.368479e-02,3.762048e-02,1.349295e-02,4.073428e-03,7.439770e-03,1.412871e-04,4.081330e-03,4.664656e-01,5.326819e-02,3.763322e-02,8.212716e-03,4.373844e-02,1.535132e-01,1.481176e-01
6.947166e-03,1.170904e-02,3.043566e-02,1.963633e-02,3.108859e-03,5.951074e-03,1.499287e-04,3.887231e-03,5.162816e-01,3.966874e-02,3.859749e-02,1.143394e-02,7.344337e-02,1.106342e-01,1.281154e-01
8.797717e-03,1.430469e-02,2.875904e-02,2.156540e-02,3.741884e-03,5.893869e-03,3.528176e-04,7.317369e-03,3.869665e-01,3.578026e-02,6.235354e-02,1.629346e-02,1.294926e-01,8.821180e-02,1.901691e-01
9.715295e-03,1.607021e-02,2.275321e-02,2.065417e-02,5.874402e-03,9.041412e-03,5.479486e-04,9.323180e-03,3.573005e-01,2.963529e-02,6.346089e-02,2.051370e-02,1.278545e-01,7.858458e-02,2.286707e-01
8.297639e-03,2.909631e-02,2.818225e-02,3.160286e-02,5.498725e-03,9.042115e-03,6.325044e-04,9.059717e-03,3.369164e-01,2.480680e-02,4.769712e-02,1.798648e-02,1.135379e-01,5.854801e-02,2.790951e-01
6.968753e-03,4.606731e-02,3.500994e-02,6.546579e-02,7.858839e-03,1.095845e-02,6.674277e-04,1.378121e-02,3.527073e-01,2.195416e-02,3.843571e-02,1.375697e-02,8.637014e-02,4.930818e-02,2.506898e-01
8.057732e-03,7.089540e-02,3.340607e-02,6.588797e-02,1.783347e-02,2.267588e-02,9.996294e-04,2.469558e-02,3.590368e-01,1.734090e-02,3.543858e-02,1.091682e-02,6.835562e-02,4.055442e-02,2.239051e-01
7.334111e-03,1.168448e-01,2.951146e-02,1.269131e-01,1.544236e-02,1.746849e-02,7.628673e-04,1.852128e-02,3.710294e-01,1.465894e-02,2.704938e-02,8.258643e-03,4.867293e-02,2.962434e-02,1.679079e-01
1.430361e-02,1.461513e-01,2.522062e-02,9.614545e-02,2.587748e-02,2.953746e-02,9.560884e-04,2.488682e-02,3.952419e-01,1.090608e-02,2.132784e-02,6.246723e-03,4.236313e-02,2.346443e-02,1.373712e-01
