1.000000e+00,0.000000e+00,0.000000e+00,0.000000e+00,0.000000e+00,0.000000e+00,0.000000e+00,0.000000e+00,0.000000e+00,0.000000e+00,0.000000e+00,0.000000e+00,0.000000e+00,0.000000e+00,0.000000e+00
1.000000e+00,0.000000e+00,0.000000e+00,0.000000e+00,0.000000e+00,0.000000e+00,0.000000e+00,0.000000e+00,0.000000e+00,0.000000e+00,0.000000e+00,0.000000e+00,0.000000e+00,0.000000e+00,0.000000e+00
1.000000e+00,0.000000e+00,0.000000e+00,0.000000e+00,0.000000e+00,0.000000e+00,0.000000e+00,0.000000e+00,0.000000e+00,0.000000e+00,0.000000e+00,0.000000e+00,0.000000e+00,0.000000e+00,0.000000e+00
1.000000e+00,0.000000e+00,0.000000e+00,0.000000e+00,0.000000e+00,0.000000e+00,0.000000e+00,0.000000e+00,0.000000e+00,0.000000e+00,0.000000e+00,0.000000e+00,0.000000e+00,0.000000e+00,0.000000e+00
1.000000e+00,0.000000e+00,0.000000e+00,0.000000e+00,0.000000e+00,0.000000e+00,0.000000e+00,0.000000e+00,0.000000e+00,0.000000e+00,0.000000e+00,0.000000e+00,0.000000e+00,0.000000e+00,0.000000e+00
1.000000e+00,0.000000e+00,0.000000e+00,0.000000e+00,0.000000e+00,0.000000e+00,0.000000e+00,0.000000e+00,0.000000e+00,0.000000e+00,0.000000e+00,0.000000e+00,0.000000e+00,0.000000e+00,0.000000e+00
1.000000e+00,0.000000e+00,0.000000e+00,0.000000e+00,0.000000e+00,0.000000e+00,0.000000e+00,0.000000e+00,0.000000e+00,0.000000e+00,0.000000e+00,0.000000e+00,0.000000e+00,0.000000e+00,0.000000e+00
1.000000e+00,0.000000e+00,0.000000e+00,0.000000e+00,0.000000e+00,0.000000e+00,0.000000e+00,0.000000e+00,0.000000e+00,0.000000e+00,0.000000e+00,0.000000e+00,0.000000e+00,0.000000e+00,0.000000e+00
1.000000e+00,0.000000e+00,0.000000e+00,0.000000e+00,0.000000e+00,0.000000e+00,0.000000e+00,0.000000e+00,0.000000e+00,0.000000e+00,0.000000e+00,0.000000e+00,0.000000e+00,0.000000e+00,0.000000e+00
1.000000e+00,0.000000e+00,0.000000e+00,0.000000e+00,0.000000e+00,0.000000e+00,0.000000e+00,0.000000e+00,0.000000e+00,0.000000e+00,0.000000e+00,0.000000e+00,0.000000e+00,0.000000e+00,0.000000e+00
1.000000e+00,0.000000e+00,0.000000e+00,0.000000e+00,0.000000e+00,0.000000e+00,0.000000e+00,0.000000e+00,0.000000e+00,0.000000e+00,0.000000e+00,0.000000e+00,0.000000e+00,0.000000e+00,0.000000e+00
1.000000e+00,0.000000e+00,0.000000e+00,0.000000e+00,0.000000e+00,0.000000e+00,0.000000e+00,0.000000e+00,0.000000e+00,0.000000e+00,0.000000e+00,0.000000e+00,0.000000e+00,0.000000e+00,0.000000e+00
1.000000e+00,0.000000e+00,0.000000e+00,0.000000e+00,0.000000e+00,0.000000e+00,0.000000e+00,0.000000e+00,0.000000e+00,0.000000e+00,0.000000e+00,0.000000e+00,0.000000e+00,0.000000e+00,0.000000e+00
1.000000e+00,0.000000e+00,0.000000e+00,0.000000e+00,0.000000e+00,0.000000e+00,0.000000e+00,0.000000e+00,0.000000e+00,0.000000e+00,0.000000e+00,0.000000e+00,0.000000e+00,0.000000e+00,0.000000e+00
1.000000e+00,0.000000e+00,0.000000e+00,0.000000e+00,0.000000e+00,0.000000e+00,0.000000e+00,0.000000e+00,0.000000e+00,0.000000e+00,0.000000e+00,0.000000e+00,0.000000e+00,0.000000e+00,0.000000e+00
1.000000e+00,0.000000e+00,0.000000e+00,0.000000e+00,0.000000e+00,0.000000e+00,0.000000e+00,0.000000e+00,0.000000e+00,0.000000e+00,0.000000e+00,0.000000e+00,0.000000e+00,0.000000e+00,0.000000e+00
1.000000e+00,0.000000e+00,0.000000e+00,0.000000e+00,0.000000e+00,0.000000e+00,0.000000e+00,0.000000e+00,0.000000e+00,0.000000e+00,0.000000e+00,0.000000e+00,0.000000e+00,0.000000e+00,0.000000e+00
1.000000e+00,0.000000e+00,0.000000e+00,0.000000e+00,0.000000e+00,0.000000e+00,0.000000e+00,0.000000e+00,0.000000e+00,0.000000e+00,0.000000e+00,0.000000e+00,0.000000e+00,0.000000e+00,0.000000e+00
1.000000e+00,0.000000e+00,0.000000e+00,0.000000e+00,0.000000e+00,0.000000e+00,0.000000e+00,0.000000e+00,0.000000e+00,0.000000e+00,0.000000e+00,0.000000e+00,0.000000e+00,0.000000e+00,0.000000e+00
1.000000e+00,0.000000e+00,0.000000e+00,0.000000e+00,0.000000e+00,0.000000e+00,0.000000e+00,0.000000e+00,0.000000e+00,0.000000e+00,0.000000e+00,0.000000e+00,0.000000e+00,0.000000e+00,0.000000e+00
1.000000e+00,0.000000e+00,0.000000e+00,0.000000e+00,0.000000e+00,0.000000e+00,0.000000e+00,0.000000e+00,0.000000e+00,0.000000e+00,0.000000e+00,0.000000e+00,0.000000e+00,0.000000e+00,0.000000e+00
1.000000e+00,0.000000e+00,0.000000e+00,0.000000e+00,0.000000e+00,0.000000e+00,0.000000e+00,0.000000e+00,0.000000e+00,0.000000e+00,0.000000e+00,0.000000e+00,0.000000e+00,0.000000e+00,0.000000e+00
1.000000e+00,0.000000e+00,0.000000e+00,0.000000e+00,0.000000e+00,0.000000e+00,0.000000e+00,0.000000e+00,0.000000e+00,0.000000e+00,0.000000e+00,0.000000e+00,0.000000e+00,0.000000e+00,0.000000e+00
1.000000e+00,0.000000e+00,0.000000e+00,0.000000e+00,0.000000e+00,0.000000e+00,0.000000e+00,0.000000e+00,0.000000e+00,0.000000e+00,0.000000e+00,0.000000e+00,0.000000e+00,0.000000e+00,0.000000e+00
1.000000e+00,0.000000e+00,0.000000e+00,0.000000e+00,0.000000e+00,0.000000e+00,0.000000e+00,0.000000e+00,0.000000e+00,0.000000e+00,0.000000e+00,0.000000e+00,0.000000e+00,0.000000e+00,0.000000e+00
1.000000e+00,0.000000e+00,0.000000e+00,0.000000e+00,0.000000e+00,0.000000e+00,0.000000e+00,0.000000e+00,0.000000e+00,0.000000e+00,0.000000e+00,0.000000e+00,0.000000e+00,0.000000e+00,0.000000e+00
1.000000e+00,0.000000e+00,0.000000e+00,0.000000e+00,0.000000e+00,0.000000e+00,0.000000e+00,0.000000e+00,0.000000e+00,0.000000e+00,0.000000e+00,0.000000e+00,0.000000e+00,0.000000e+00,0.000000e+00
1.000000e+00,0.000000e+00,0.000000e+00,0.000000e+00,0.000000e+00,0.000000e+00,0.000000e+00,0.000000e+00,0.000000e+00,0.000000e+00,0.000000e+00,0.000000e+00,0.000000e+00,0.000000e+00,0.000000e+00
1.000000e+00,0.000000e+00,0.000000e+00,0.000000e+00,0.000000e+00,0.000000e+00,0.000000e+00,0.000000e+00,0.000000e+00,0.000000e+00,0.000000e+00,0.000000e+00,0.000000e+00,0.000000e+00,0.000000e+00
1.000000e+00,0.000000e+00,0.000000e+00,0.000000e+00,0.000000e+00,0.000000e+00,0.000000e+00,0.000000e+00,0.000000e+00,0.000000e+00,0.000000e+00,0.000000e+00,0.000000e+00,0.000000e+00,0.000000e+00
1.000000e+00,0.000000e+00,0.000000e+00,0.000000e+00,0.000000e+00,0.000000e+00,0.000000e+00,0.000000e+00,0.000000e+00,0.000000e+00,0.000000e+00,0.000000e+00,0.000000e+00,0.000000e+00,0.000000e+00
1.000000e+00,0.000000e+00,0.000000e+00,0.000000e+00,0.000000e+00,0.000000e+00,0.000000e+00,0.000000e+00,0.000000e+00,0.000000e+00,0.000000e+00,0.000000e+00,0.000000e+00,0.000000e+00,0.000000e+00
1.000000e+00,0.000000e+00,0.000000e+00,0.000000e+00,0.000000e+00,0.000000e+00,0.000000e+00,0.000000e+00,0.000000e+00,0.000000e+00,0.000000e+00,0.000000e+00,0.000000e+00,0.000000e+00,0.000000e+00
1.000000e+00,0.000000e+00,0.000000e+00,0.000000e+00,0.000000e+00,0.000000e+00,0.000000e+00,0.000000e+00,0.000000e+00,0.000000e+00,0.000000e+00,0.000000e+00,0.000000e+00,0.000000e+00,0.000000e+00
1.000000e+00,0.000000e+00,0.000000e+00,0.000000e+00,0.000000e+00,0.000000e+00,0.000000e+00,0.000000e+00,0.000000e+00,0.000000e+00,0.000000e+00,0.000000e+00,0.000000e+00,0.000000e+00,0.000000e+00
1.000000e+00,0.000000e+00,0.000000e+00,0.000000e+00,0.000000e+00,0.000000e+00,0.000000e+00,0.000000e+00,0.000000e+00,0.000000e+00,0.000000e+00,0.000000e+00,0.000000e+00,0.000000e+00,0.000000e+00
1.000000e+00,0.000000e+00,0.000000e+00,0.000000e+00,0.000000e+00,0.000000e+00,0.000000e+00,0.000000e+00,0.000000e+00,0.000000e+00,0.000000e+00,0.000000e+00,0.000000e+00,0.000000e+00,0.000000e+00
1.000000e+00,0.000000e+00,0.000000e+00,0.000000e+00,0.000000e+00,0.000000e+00,0.000000e+00,0.000000e+00,0.000000e+00,0.000000e+00,0.000000e+00,0.000000e+00,0.000000e+00,0.000000e+00,0.000000e+00
1.000000e+00,0.000000e+00,0.000000e+00,0.000000e+00,0.000000e+00,0.000000e+00,0.000000e+00,0.000000e+00,0.000000e+00,0.000000e+00,0.000000e+00,0.000000e+00,0.000000e+00,0.000000e+00,0.000000e+00
1.000000e+00,0.000000e+00,0.000000e+00,0.000000e+00,0.000000e+00,0.000000e+00,0.000000e+00,0.000000e+00,0.000000e+00,0.000000e+00,0.000000e+00,0.000000e+00,0.000000e+00,0.000000e+00,0.000000e+00
1.000000e+00,0.000000e+00,0.000000e+00,0.000000e+00,0.000000e+00,0.000000e+00,0.000000e+00,0.000000e+00,0.000000e+00,0.000000e+00,0.000000e+00,0.000000e+00,0.000000e+00,0.000000e+00,0.000000e+00
1.000000e+00,0.000000e+00,0.000000e+00,0.000000e+00,0.000000e+00,0.000000e+00,0.000000e+00,0.000000e+00,0.000000e+00,0.000000e+00,0.000000e+00,0.000000e+00,0.000000e+00,0.000000e+00,0.000000e+00
1.000000e+00,0.000000e+00,0.000000e+00,0.000000e+00,0.000000e+00,0.000000e+00,0.000000e+00,0.000000e+00,0.000000e+00,0.000000e+00,0.000000e+00,0.000000e+00,0.000000e+00,0.000000e+00,0.000000e+00
1.000000e+00,0.000000e+00,0.000000e+00,0.000000e+00,0.000000e+00,0.000000e+00,0.000000e+00,0.000000e+00,0.000000e+00,0.000000e+00,0.000000e+00,0.000000e+00,0.000000e+00,0.000000e+00,0.000000e+00
1.000000e+00,0.000000e+00,0.000000e+00,0.000000e+00,0.000000e+00,0.000000e+00,0.000000e+00,0.000000e+00,0.000000e+00,0.000000e+00,0.000000e+00,0.000000e+00,0.000000e+00,0.000000e+00,0.000000e+00
1.000000e+00,0.000000e+00,0.000000e+00,0.000000e+00,0.000000e+00,0.000000e+00,0.000000e+00,0.000000e+00,0.000000e+00,0.000000e+00,0.000000e+00,0.000000e+00,0.000000e+00,0.000000e+00,0.000000e+00
1.000000e+00,0.000000e+00,0.000000e+00,0.000000e+00,0.000000e+00,0.000000e+00,0.000000e+00,0.000000e+00,0.000000e+00,0.000000e+00,0.000000e+00,0.000000e+00,0.000000e+00,0.000000e+00,0.000000e+00
1.000000e+00,0.000000e+00,0.000000e+00,0.000000e+00,0.000000e+00,0.000000e+00,0.000000e+00,0.000000e+00,0.000000e+00,0.000000e+00,0.000000e+00,0.000000e+00,0.000000e+00,0.000000e+00,0.000000e+00
3.970001e-01,7.653931e-02,2.659423e-02,2.648944e-01,1.582700e-02,2.533175e-02,8.597134e-03,4.007361e-02,2.871893e-02,2.954108e-03,2.562951e-02,4.238736e-02,8.791171e-03,2.633036e-03,3.402840e-02
2.926344e-01,1.159491e-01,2.805997e-02,3.304912e-01,2.197364e-02,2.328989e-02,8.962800e-03,4.035220e-02,3.391113e-02,2.715173e-03,2.318991e-02,3.696205e-02,8.167627e-03,2.345890e-03,3.099505e-02
2.263446e-01,1.421257e-01,2.761277e-02,3.727593e-01,2.834876e-02,2.035633e-02,1.004066e-02,3.450353e-02,3.856727e-02,2.798585e-03,2.076681e-02,3.565332e-02,7.625500e-03,2.440871e-03,3.005602e-02
1.806387e-01,1.571623e-01,2.609922e-02,4.079385e-01,3.526270e-02,1.776945e-02,1.104242e-02,3.068404e-02,4.167015e-02,2.920816e-03,1.784415e-02,3.369677e-02,7.211707e-03,2.251000e-03,2.780814e-02
1.497761e-01,1.761711e-01,2.428069e-02,4.284986e-01,4.006216e-02,1.622230e-02,1.087454e-02,2.750470e-02,3.937086e-02,3.514163e-03,1.573488e-02,3.012745e-02,7.231758e-03,2.177973e-03,2.845266e-02
1.313173e-01,2.074562e-01,2.271428e-02,4.208730e-01,4.042874e-02,1.505494e-02,1.039382e-02,2.471054e-02,3.795045e-02,4.255302e-03,1.454522e-02,2.806771e-02,8.090121e-03,2.285530e-03,3.185683e-02
1.073767e-01,2.204639e-01,2.142310e-02,4.287506e-01,3.753252e-02,1.512110e-02,9.235367e-03,2.452884e-02,3.477377e-02,5.123489e-03,1.379378e-02,2.557923e-02,9.225702e-03,3.039974e-03,4.403189e-02
8.074444e-02,2.108104e-01,2.342476e-02,4.504179e-01,3.336599e-02,1.519644e-02,8.017778e-03,2.312915e-02,3.812857e-02,5.427604e-03,1.494810e-02,2.873855e-02,1.186365e-02,3.620211e-03,5.216643e-02
7.055297e-02,1.938135e-01,3.321232e-02,4.314300e-01,3.166500e-02,1.461126e-02,8.656255e-03,2.246912e-02,4.041589e-02,7.527197e-03,1.890531e-02,3.201095e-02,1.365459e-02,6.238334e-03,7.483733e-02
1.390063e-01,1.743906e-01,3.555420e-02,3.449138e-01,2.910785e-02,1.690761e-02,8.348534e-03,2.028920e-02,3.714159e-02,9.133473e-03,2.220540e-02,3.031932e-02,1.480005e-02,1.266080e-02,1.052214e-01
2.163094e-01,1.552947e-01,3.320400e-02,2.777988e-01,2.648976e-02,1.909421e-02,7.570657e-03,1.807088e-02,3.424726e-02,9.997563e-03,2.334004e-02,2.911199e-02,1.588280e-02,1.539608e-02,1.181919e-01
3.474958e-01,1.293486e-01,2.607995e-02,2.139726e-01,2.210678e-02,1.883208e-02,6.562577e-03,1.512348e-02,2.759375e-02,8.564476e-03,2.189402e-02,2.748773e-02,1.650353e-02,1.492329e-02,1.035113e-01
3.568082e-01,1.179215e-01,5.305625e-02,1.976911e-01,1.990759e-02,1.792729e-02,6.325210e-03,2.052020e-02,2.390179e-02,7.500118e-03,2.227107e-02,2.798225e-02,1.710936e-02,1.269248e-02,9.838552e-02
4.670483e-01,9.284826e-02,4.532809e-02,1.541895e-01,1.687344e-02,1.603471e-02,5.667123e-03,1.734711e-02,2.075507e-02,6.389951e-03,2.069567e-02,2.534300e-02,1.684907e-02,1.154232e-02,8.308837e-02
1.000000e+00,0.000000e+00,0.000000e+00,0.000000e+00,0.000000e+00,0.000000e+00,0.000000e+00,0.000000e+00,0.000000e+00,0.000000e+00,0.000000e+00,0.000000e+00,0.000000e+00,0.000000e+00,0.000000e+00
1.000000e+00,0.000000e+00,0.000000e+00,0.000000e+00,0.000000e+00,0.000000e+00,0.000000e+00,0.000000e+00,0.000000e+00,0.000000e+00,0.000000e+00,0.000000e+00,0.000000e+00,0.000000e+00,0.000000e+00
1.000000e+00,0.000000e+00,0.000000e+00,0.000000e+00,0.000000e+00,0.000000e+00,0.000000e+00,0.000000e+00,0.000000e+00,0.000000e+00,0.000000e+00,0.000000e+00,0.000000e+00,0.000000e+00,0.000000e+00
1.000000e+00,0.000000e+00,0.000000e+00,0.000000e+00,0.000000e+00,0.000000e+00,0.000000e+00,0.000000e+00,0.000000e+00,0.000000e+00,0.000000e+00,0.000000e+00,0.000000e+00,0.000000e+00,0.000000e+00
1.000000e+00,0.000000e+00,0.000000e+00,0.000000e+00,0.000000e+00,0.000000e+00,0.000000e+00,0.000000e+00,0.000000e+00,0.000000e+00,0.000000e+00,0.000000e+00,0.000000e+00,0.000000e+00,0.000000e+00
1.000000e+00,0.000000e+00,0.000000e+00,0.000000e+00,0.000000e+00,0.000000e+00,0.000000e+00,0.000000e+00,0.000000e+00,0.000000e+00,0.000000e+00,0.000000e+00,0.000000e+00,0.000000e+00,0.000000e+00
3.954623e-01,1.851979e-01,1.008646e-02,2.740839e-01,7.115457e-03,1.103711e-02,2.744349e-03,4.709047e-03,6.305169e-03,3.424022e-03,5.372939e-02,1.419640e-02,1.195426e-02,2.883231e-03,1.707098e-02
2.780290e-01,1.464435e-01,8.476734e-03,2.704953e-01,6.306260e-03,8.226552e-03,1.955215e-03,3.407450e-03,6.657817e-03,3.232368e-03,8.702014e-02,1.529756e-01,9.631238e-03,2.636017e-03,1.450672e-02
1.948338e-01,1.030890e-01,6.055919e-03,1.973799e-01,6.669263e-03,6.106490e-03,1.389893e-03,2.436835e-03,5.336934e-03,2.371425e-03,7.218337e-02,3.825510e-01,7.127476e-03,2.103870e-03,1.036484e-02
1.364650e-01,7.232682e-02,4.270266e-03,1.399827e-01,8.955839e-03,4.660629e-03,9.906995e-04,1.729860e-03,4.043699e-03,1.696544e-03,5.952518e-02,5.510533e-01,5.242806e-03,1.705889e-03,7.350775e-03
9.557279e-02,5.065089e-02,3.008503e-03,9.967045e-02,1.539453e-02,3.488387e-03,6.968918e-04,1.217845e-03,3.056885e-03,1.233568e-03,4.621553e-02,6.695311e-01,3.806011e-03,1.254682e-03,5.201956e-03
6.697983e-02,3.548393e-02,2.120777e-03,7.080587e-02,2.427074e-02,2.549222e-03,4.889506e-04,8.564190e-04,2.386538e-03,9.357143e-04,4.530149e-02,7.403672e-01,2.722263e-03,1.025873e-03,3.705183e-03
4.691257e-02,2.491695e-02,1.495423e-03,4.995627e-02,3.564003e-02,2.170986e-03,3.436824e-04,6.086052e-04,2.119201e-03,7.064424e-04,3.651560e-02,7.932138e-01,1.981384e-03,7.901393e-04,2.628879e-03
3.285502e-02,1.749911e-02,1.054889e-03,3.541009e-02,3.489462e-02,1.627759e-03,2.413019e-04,4.299813e-04,1.687341e-03,6.072668e-04,3.809960e-02,8.315927e-01,1.420769e-03,6.779109e-04,1.901701e-03
2.300821e-02,1.226768e-02,7.426367e-04,2.497405e-02,3.139558e-02,1.233133e-03,1.694520e-04,3.037224e-04,1.329815e-03,4.930100e-04,3.117930e-02,8.699617e-01,1.045007e-03,5.502970e-04,1.346361e-03
1.617147e-02,8.651141e-03,5.510945e-04,1.789167e-02,3.995560e-02,1.216608e-03,1.278166e-04,2.549060e-04,1.051620e-03,5.162741e-04,2.697961e-02,8.841960e-01,7.701422e-04,6.119108e-04,1.054030e-03
1.135694e-02,6.114510e-03,4.001428e-04,1.299489e-02,5.497709e-02,1.085295e-03,1.018483e-04,2.008014e-04,8.755817e-04,4.838686e-04,2.043028e-02,8.889207e-01,5.801314e-04,5.765059e-04,9.013931e-04
8.103334e-03,4.391692e-03,3.471815e-04,9.372206e-03,7.852601e-02,2.419689e-03,1.458889e-04,3.058246e-04,1.183964e-03,6.551708e-04,2.142606e-02,8.706703e-01,6.380613e-04,8.234038e-04,9.911421e-04
5.866967e-03,3.212064e-03,3.286375e-04,6.640671e-03,6.985735e-02,4.289787e-03,2.703941e-04,4.414662e-04,1.568002e-03,7.939888e-04,4.604325e-02,8.579423e-01,6.997824e-04,1.051114e-03,9.941584e-04
4.214512e-03,2.319608e-03,3.318289e-04,4.677059e-03,5.294451e-02,4.393899e-03,2.496509e-04,8.300004e-04,1.854047e-03,7.070281e-04,4.334469e-02,8.816981e-01,6.296537e-04,1.047549e-03,7.578102e-04
3.069595e-03,1.763748e-03,3.091274e-04,3.312311e-03,3.860148e-02,4.235546e-03,2.480445e-04,9.431951e-04,2.355538e-03,8.739034e-04,4.847120e-02,8.931030e-01,5.593814e-04,1.352520e-03,8.013995e-04
2.251837e-03,1.382697e-03,3.604667e-04,2.350012e-03,2.958659e-02,3.751739e-03,2.955680e-04,1.216342e-03,3.067341e-03,9.380507e-04,4.671167e-02,9.051596e-01,6.119240e-04,1.620613e-03,6.955127e-04
1.731867e-03,1.331037e-03,4.493907e-04,1.668541e-03,2.163043e-02,3.103544e-03,3.430060e-04,1.511057e-03,3.786384e-03,8.829819e-04,4.222000e-02,9.179149e-01,5.787035e-04,2.227016e-03,6.210397e-04
1.463347e-03,1.267153e-03,6.388213e-04,1.218088e-03,1.775162e-02,3.366707e-03,5.629953e-04,1.722053e-03,4.430048e-03,1.035793e-03,4.613677e-02,9.146872e-01,5.909496e-04,4.368293e-03,7.601720e-04
1.558134e-03,1.629977e-03,1.702964e-03,1.076687e-03,1.501490e-02,4.107297e-03,6.974328e-04,8.167830e-03,6.187480e-03,1.237416e-03,4.323181e-02,9.087948e-01,6.029732e-04,5.310662e-03,6.796472e-04
2.000230e-03,3.484494e-03,3.566346e-03,1.368860e-03,4.047760e-02,5.957206e-03,1.772549e-03,1.000758e-02,1.984388e-02,3.748835e-03,5.942164e-02,8.332030e-01,6.222182e-04,1.208992e-02,2.435659e-03
2.944288e-03,7.537096e-03,6.621108e-03,2.027168e-03,1.213374e-01,1.570546e-02,3.329747e-03,1.526260e-02,3.202351e-02,4.347378e-03,6.171537e-02,7.117311e-01,8.790429e-04,1.182767e-02,2.711082e-03
4.252227e-03,7.059754e-03,1.560542e-02,4.635738e-03,1.359885e-01,1.536135e-02,3.223783e-03,2.225596e-02,6.940648e-02,5.966042e-03,9.713678e-02,6.005273e-01,9.144399e-04,1.483699e-02,2.829258e-03
6.851498e-03,7.283602e-03,1.456812e-02,3.823538e-03,1.813968e-01,1.478989e-02,2.589130e-03,1.868245e-02,1.249368e-01,6.174497e-03,1.514994e-01,4.480401e-01,9.619010e-04,1.465305e-02,3.749228e-03
7.203617e-03,6.321456e-03,1.447285e-02,3.994693e-03,2.910782e-01,1.337470e-02,2.268018e-03,2.194458e-02,1.308777e-01,5.430651e-03,1.589299e-01,3.282017e-01,1.265523e-03,1.077570e-02,3.860734e-03
1.256800e-02,7.434209e-03,2.478183e-02,7.989042e-03,2.845946e-01,3.011114e-02,1.879347e-03,3.123343e-02,1.785308e-01,5.934022e-03,1.518774e-01,2.451677e-01,1.549249e-03,8.333995e-03,8.015210e-03
2.153975e-02,9.259907e-03,2.541057e-02,9.688688e-03,2.756429e-01,5.475430e-02,1.596393e-03,3.933577e-02,1.969750e-01,5.642300e-03,1.585294e-01,1.803720e-01,1.856280e-03,6.397514e-03,1.299918e-02
2.759584e-02,8.611485e-03,1.906420e-02,9.772444e-03,2.152124e-01,7.580958e-02,1.606475e-03,4.060904e-02,2.644006e-01,6.157859e-03,1.663298e-01,1.363870e-01,2.033494e-03,4.774982e-03,2.163473e-02
3.834253e-02,1.291201e-02,1.786661e-02,7.132833e-02,1.704248e-01,8.624214e-02,1.663413e-03,3.773601e-02,2.895389e-01,6.795604e-03,1.202056e-01,1.056846e-01,6.387993e-03,3.893697e-03,3.097783e-02
4.075079e-02,1.931285e-02,1.586305e-02,5.474321e-02,1.718837e-01,9.539250e-02,1.726528e-03,3.572530e-02,3.008949e-01,5.952554e-03,9.950783e-02,7.556820e-02,5.228978e-03,3.797998e-03,7.365155e-02
4.561369e-02,2.731449e-02,1.285644e-02,1.169000e-01,1.441905e-01,7.131060e-02,1.354394e-03,2.855933e-02,3.057441e-01,6.549824e-03,7.437329e-02,5.890204e-02,1.000669e-02,4.426252e-03,9.189840e-02
6.788008e-02,3.663526e-02,1.007766e-02,8.465884e-02,1.174916e-01,6.249028e-02,1.102277e-03,3.483752e-02,3.588119e-01,6.617760e-03,6.952072e-02,4.400794e-02,8.566169e-03,1.394112e-02,8.336079e-02
8.889878e-02,3.553516e-02,1.040667e-02,7.070584e-02,8.721618e-02,4.781437e-02,1.341999e-03,4.931035e-02,3.198918e-01,6.878139e-03,5.798434e-02,3.256981e-02,8.221167e-03,2.462490e-02,1.586005e-01
1.002739e-01,3.690370e-02,1.426106e-02,6.457429e-02,6.530004e-02,3.670630e-02,1.485452e-03,6.093109e-02,2.917604e-01,1.031753e-02,4.492857e-02,2.411567e-02,8.301133e-03,3.712542e-02,2.030155e-01
1.395566e-01,5.223268e-02,1.421915e-02,5.018961e-02,5.816662e-02,3.170711e-02,1.505287e-03,8.134017e-02,2.896608e-01,9.245685e-03,3.503826e-02,1.791589e-02,7.568873e-03,3.730611e-02,1.743472e-01
1.519371e-01,5.873692e-02,2.282193e-02,7.915148e-02,4.878043e-02,2.624949e-02,1.453761e-03,6.702923e-02,3.040180e-01,1.056910e-02,2.761936e-02,1.546610e-02,7.913121e-03,2.775136e-02,1.505027e-01
2.107547e-01,5.411266e-02,1.866513e-02,6.157350e-02,4.597658e-02,2.648935e-02,1.629616e-03,7.303637e-02,3.220363e-01,8.658208e-03,2.115003e-02,1.349565e-02,6.895334e-03,2.134360e-02,1.141830e-01
2.474057e-01,6.044166e-02,2.793919e-02,5.491686e-02,3.511110e-02,2.170946e-02,1.636710e-03,5.938519e-02,2.891433e-01,1.012171e-02,1.819408e-02,1.415061e-02,7.653276e-03,2.179327e-02,1.303979e-01
2.904180e-01,6.653818e-02,2.516660e-02,4.162656e-02,3.030412e-02,3.430168e-02,1.505961e-03,6.973893e-02,2.777616e-01,8.729491e-03,1.456403e-02,1.112353e-02,1.016442e-02,1.848981e-02,9.956710e-02
3.889287e-01,5.998468e-02,2.207395e-02,3.383592e-02,2.743442e-02,4.802267e-02,2.245741e-03,6.223825e-02,2.185011e-01,7.463343e-03,1.328381e-02,1.152314e-02,1.027375e-02,1.608585e-02,7.810470e-02
4.228949e-01,5.803324e-02,1.928074e-02,2.785394e-02,2.665156e-02,6.850573e-02,2.240445e-03,4.964555e-02,2.089395e-01,5.718055e-03,1.221794e-02,9.997522e-03,1.291197e-02,1.419900e-02,6.090993e-02
4.661577e-01,5.104023e-02,1.553229e-02,2.329983e-02,2.425547e-02,8.453983e-02,2.333519e-03,4.166107e-02,1.730993e-01,4.688218e-03,1.202733e-02,1.200068e-02,1.613780e-02,1.395241e-02,5.927419e-02
3.499752e-01,4.820684e-02,1.320480e-02,2.389004e-02,1.911582e-02,6.065513e-02,1.879238e-03,2.989191e-02,1.370483e-01,5.904149e-03,1.776243e-02,1.739236e-02,5.222084e-02,3.347373e-02,1.893791e-01
2.602433e-01,3.724471e-02,1.073781e-02,1.900633e-02,1.418186e-02,4.322838e-02,1.870610e-03,2.135386e-02,1.106335e-01,6.262437e-03,1.781497e-02,1.908307e-02,3.927620e-02,1.232358e-01,2.758271e-01
1.938040e-01,2.697805e-02,8.330254e-03,1.393832e-02,1.023799e-02,3.097979e-02,1.494502e-03,1.515460e-02,8.489830e-02,6.655571e-03,2.026588e-02,1.694939e-02,3.081378e-02,2.867331e-01,2.527664e-01
1.525185e-01,1.978356e-02,6.588430e-03,1.073521e-02,7.372598e-03,2.225339e-02,1.637500e-03,1.091250e-02,6.442708e-02,9.384923e-03,3.457264e-02,2.223487e-02,2.346303e-02,3.850111e-01,2.291046e-01
1.109178e-01,1.426058e-02,6.137427e-03,8.647620e-03,5.481347e-03,1.655691e-02,1.320656e-03,7.834591e-03,4.799608e-02,1.153004e-02,4.068241e-02,3.098580e-02,1.751477e-02,4.844352e-01,1.956988e-01
7.934490e-02,1.028809e-02,6.707164e-03,7.534415e-03,4.160308e-03,1.240615e-02,1.168066e-03,5.594239e-03,3.794518e-02,9.774272e-03,4.602648e-02,3.701408e-02,1.273658e-02,5.816004e-01,1.476997e-01
5.704943e-02,7.733138e-03,8.324612e-03,7.482264e-03,3.473842e-03,9.471781e-03,9.805968e-04,4.474015e-03,3.078184e-02,1.216176e-02,6.065284e-02,2.024788e-01,1.053786e-02,4.665101e-01,1.178871e-01
4.014873e-02,5.537296e-03,9.071425e-03,5.818435e-03,2.841155e-03,7.010933e-03,7.551886e-04,3.609863e-03,2.274111e-02,1.506832e-02,5.869211e-02,3.965229e-01,7.889909e-03,3.400226e-01,8.427003e-02
2.843324e-02,4.016954e-03,7.105980e-03,4.211916e-03,3.002190e-03,5.629750e-03,5.947237e-04,2.575465e-03,1.824600e-02,1.501020e-02,5.627123e-02,5.489972e-01,5.879710e-03,2.408398e-01,5.918557e-02
2.045049e-02,3.022329e-03,5.456824e-03,3.100207e-03,3.507034e-03,5.221660e-03,4.476288e-04,1.828461e-03,1.436985e-02,1.501330e-02,6.729785e-02,6.430356e-01,4.413057e-03,1.711073e-01,4.172841e-02
1.722197e-02,2.815029e-03,4.011619e-03,2.634261e-03,6.195578e-03,4.876900e-03,3.766918e-04,1.465060e-03,1.529470e-02,1.281036e-02,6.975715e-02,7.075233e-01,3.556690e-03,1.218908e-01,2.956995e-02
1.315240e-02,2.280611e-03,2.845902e-03,2.080028e-03,6.324367e-03,3.751687e-03,2.856916e-04,1.082093e-03,1.239910e-02,9.948649e-03,6.530058e-02,7.708590e-01,2.708803e-03,8.608001e-02,2.090108e-02
1.101694e-02,2.804443e-03,2.140651e-03,2.308274e-03,9.556221e-03,3.572501e-03,2.571766e-04,1.001625e-03,1.398507e-02,8.180780e-03,6.165591e-02,8.055378e-01,2.242274e-03,6.074611e-02,1.499419e-02
8.364048e-03,2.149320e-03,1.560805e-03,1.820478e-03,7.510157e-03,3.197163e-03,1.862021e-04,7.796810e-04,1.138199e-02,6.268873e-03,5.768071e-02,8.436707e-01,1.713541e-03,4.305384e-02,1.066249e-02
8.538738e-03,2.138379e-03,1.364467e-03,2.096707e-03,7.818956e-03,3.492497e-03,1.488135e-04,7.151851e-04,1.063565e-02,5.202056e-03,7.153607e-02,8.461893e-01,1.412709e-03,3.087666e-02,7.833724e-03
1.160314e-02,2.300247e-03,1.487112e-03,1.887866e-03,7.459148e-03,3.462413e-03,1.226828e-04,8.075414e-04,8.855019e-03,4.600385e-03,1.158580e-01,8.116782e-01,1.112978e-03,2.273670e-02,6.028531e-03
1.169716e-02,2.053138e-03,1.671711e-03,1.890410e-03,6.890886e-03,4.305183e-03,1.140563e-04,9.532387e-04,7.467196e-03,4.202711e-03,9.368863e-02,8.429965e-01,8.728076e-04,1.666199e-02,4.534306e-03
1.782343e-02,2.640680e-03,2.093550e-03,2.445179e-03,7.281867e-03,5.241047e-03,1.116084e-04,1.112717e-03,6.920370e-03,4.504484e-03,9.549808e-02,8.365746e-01,7.789192e-04,1.303968e-02,3.933830e-03
1.350822e-02,2.692520e-03,2.263813e-03,1.872578e-03,7.428247e-03,4.155619e-03,1.055934e-04,1.491665e-03,6.186513e-03,4.198766e-03,1.423090e-01,8.006703e-01,5.815527e-04,9.563558e-03,2.971977e-03
1.120034e-02,2.658067e-03,2.376802e-03,1.599768e-03,6.491425e-03,3.646113e-03,9.496202e-05,1.359011e-03,5.387074e-03,3.536801e-03,1.752105e-01,7.760561e-01,4.643936e-04,7.437818e-03,2.480762e-03
9.369741e-03,2.103032e-03,1.979942e-03,1.284705e-03,4.682033e-03,3.082704e-03,9.973485e-05,1.157080e-03,4.150476e-03,2.893478e-03,1.772756e-01,7.833875e-01,4.224991e-04,6.242042e-03,1.869350e-03
7.105971e-03,1.620221e-03,1.527483e-03,9.383583e-04,3.445474e-03,2.392413e-03,8.888810e-05,8.940399e-04,3.285183e-03,2.511362e-03,1.679072e-01,8.005133e-01,4.337173e-04,5.939030e-03,1.397361e-03
6.313883e-03,1.377337e-03,1.271216e-03,7.362990e-04,2.854770e-03,1.944766e-03,9.311551e-05,7.371888e-04,3.100064e-03,2.821153e-03,1.730613e-01,7.973055e-01,5.306769e-04,6.680451e-03,1.172285e-03
4.928907e-03,1.165889e-03,9.531634e-04,5.824208e-04,2.490289e-03,1.526819e-03,1.042148e-04,5.704322e-04,2.722227e-03,3.711038e-03,2.294198e-01,7.426324e-01,6.434150e-04,7.556634e-03,9.922663e-04
4.525096e-03,1.118141e-03,7.362535e-04,5.283745e-04,3.916742e-03,1.302634e-03,1.494086e-04,5.023762e-04,2.625006e-03,3.485136e-03,2.853885e-01,6.834115e-01,9.414319e-04,1.050267e-02,8.667285e-04
3.392546e-03,8.876279e-04,5.356774e-04,4.066854e-04,3.261478e-03,1.233375e-03,1.425677e-04,3.805812e-04,2.095440e-03,3.025783e-03,2.896321e-01,6.842522e-01,8.857652e-04,9.171038e-03,6.971512e-04
2.465709e-03,7.463215e-04,3.960938e-04,3.058292e-04,3.007658e-03,1.248361e-03,1.424604e-04,2.846713e-04,1.663303e-03,2.904758e-03,3.025046e-01,6.747662e-01,8.368297e-04,8.118032e-03,6.091995e-04
2.412477e-03,1.202878e-03,4.189548e-04,2.973357e-04,9.097346e-03,1.246728e-03,1.951070e-04,2.803261e-04,1.656879e-03,3.021129e-03,3.076974e-01,6.586403e-01,1.290958e-03,1.191905e-02,6.231064e-04
2.053217e-03,1.386043e-03,4.685966e-04,2.579965e-04,8.482521e-03,2.101343e-03,4.012093e-04,2.716669e-04,1.593827e-03,3.157800e-03,3.765751e-01,5.891451e-01,1.404628e-03,1.178600e-02,9.149707e-04
1.939129e-03,2.624203e-03,9.425847e-04,3.951810e-04,1.394066e-02,3.708289e-03,8.650554e-04,6.445841e-04,2.514729e-03,3.160043e-03,3.408442e-01,6.152688e-01,1.494658e-03,1.008486e-02,1.573059e-03
1.904771e-03,3.595902e-03,3.116466e-03,5.512525e-04,2.775288e-02,9.629059e-03,2.142134e-03,1.323519e-03,2.741057e-03,3.235170e-03,3.047877e-01,6.265535e-01,1.662070e-03,8.645785e-03,2.358716e-03
1.937099e-03,9.784642e-03,1.939173e-02,6.907283e-04,6.289795e-02,1.125842e-02,3.050871e-03,3.869840e-03,5.270248e-03,4.582050e-03,2.332778e-01,6.243097e-01,1.549439e-03,8.100124e-03,1.002943e-02
2.321637e-03,9.581083e-03,3.171655e-02,8.162160e-04,6.983563e-02,1.603074e-02,4.295598e-03,4.515377e-03,8.804794e-03,1.260952e-02,2.678648e-01,5.414579e-01,1.989372e-03,1.009379e-02,1.806691e-02
2.783548e-03,9.483809e-03,6.859041e-02,8.890937e-04,8.403140e-02,1.741436e-02,7.250294e-03,5.426993e-03,1.607014e-02,3.494343e-02,2.650919e-01,4.562038e-01,3.260016e-03,9.458582e-03,1.910216e-02
3.179268e-03,2.900839e-02,1.829830e-01,1.075226e-03,7.816712e-02,2.037166e-02,9.386063e-03,5.118518e-03,3.520635e-02,4.300818e-02,2.204716e-01,3.394129e-01,4.387041e-03,7.456948e-03,2.076766e-02
2.601463e-03,2.621743e-02,4.057382e-01,1.092497e-03,5.839967e-02,1.494366e-02,6.683259e-03,5.909748e-03,2.626471e-02,3.146289e-02,1.573185e-01,2.384108e-01,3.207114e-03,5.296287e-03,1.645378e-02
4.280638e-03,3.429871e-02,5.328035e-01,2.116807e-03,4.641842e-02,1.245895e-02,4.774458e-03,7.055580e-03,2.411154e-02,2.677708e-02,1.118320e-01,1.672305e-01,2.473933e-03,4.204788e-03,1.916307e-02
4.887609e-03,3.010618e-02,6.316143e-01,3.666384e-03,3.728889e-02,9.630328e-03,3.474974e-03,2.109277e-02,2.206272e-02,2.018485e-02,7.890011e-02,1.174618e-01,1.973350e-03,3.209453e-03,1.444633e-02
4.711053e-03,2.385867e-02,6.845412e-01,4.903803e-03,3.081149e-02,7.039391e-03,2.540917e-03,5.567551e-02,1.881379e-02,1.475584e-02,5.545813e-02,8.245252e-02,1.616308e-03,2.376084e-03,1.044533e-02
5.530378e-03,2.326174e-02,7.118780e-01,5.978393e-03,3.315694e-02,5.492443e-03,2.058998e-03,7.383622e-02,1.953940e-02,1.100072e-02,3.909097e-02,5.784474e-02,1.489962e-03,2.094028e-03,7.747058e-03
6.398831e-03,1.688505e-02,6.730390e-01,5.657038e-03,3.190143e-02,4.305971e-03,2.343797e-03,1.609339e-01,1.418422e-02,7.885425e-03,2.747346e-02,4.056761e-02,1.322596e-03,1.634677e-03,5.467001e-03
1.241918e-02,1.227445e-02,5.655375e-01,4.894785e-03,3.100711e-02,5.678424e-03,5.807317e-03,2.905167e-01,1.025311e-02,5.623805e-03,1.928096e-02,2.845460e-02,3.041711e-03,1.308801e-03,3.901476e-03
1.754566e-02,8.948478e-03,4.924691e-01,8.358460e-03,2.919999e-02,2.182502e-02,5.397767e-03,3.529972e-01,7.783346e-03,4.138913e-03,1.362883e-02,2.005850e-02,1.359815e-02,1.110410e-03,2.940179e-03
1.830377e-02,6.877272e-03,4.187078e-01,8.719351e-03,2.382394e-02,1.140172e-01,4.321788e-03,3.444877e-01,5.959014e-03,3.557369e-03,9.962960e-03,1.453807e-02,2.231933e-02,9.596911e-04,3.444685e-03
2.290317e-02,5.337812e-03,3.302827e-01,8.368518e-03,2.021218e-02,2.817029e-01,3.327465e-03,2.785599e-01,4.440256e-03,2.944195e-03,7.188373e-03,1.050900e-02,1.919114e-02,7.744554e-04,4.258021e-03
2.557113e-02,4.407781e-03,2.696147e-01,7.001632e-03,1.838691e-02,3.981263e-01,2.719097e-03,2.279857e-01,3.477881e-03,6.672290e-03,5.339035e-03,7.627290e-03,1.437660e-02,6.052243e-04,8.088451e-03
2.778763e-02,4.388066e-03,2.193287e-01,5.901209e-03,1.641873e-02,5.168329e-01,2.186222e-03,1.677241e-01,3.418352e-03,5.971088e-03,4.038757e-03,5.774160e-03,1.074613e-02,6.827717e-04,8.801079e-03
2.645417e-02,3.998799e-03,1.638949e-01,4.647675e-03,1.357552e-02,6.292824e-01,1.822049e-03,1.238671e-01,3.058287e-03,5.480452e-03,2.936009e-03,4.166645e-03,7.797703e-03,6.651661e-04,8.353104e-03
2.574439e-02,3.468347e-03,1.210729e-01,3.871072e-03,1.115648e-02,7.137930e-01,1.653721e-03,9.290778e-02,2.344979e-03,4.935338e-03,2.330862e-03,3.041399e-03,5.657832e-03,6.755407e-04,7.346307e-03
3.163783e-02,3.406041e-03,9.362354e-02,3.652917e-03,1.035582e-02,7.487211e-01,1.764614e-03,8.379590e-02,2.153300e-03,4.304422e-03,2.454965e-03,2.380010e-03,4.200816e-03,6.991880e-04,6.849556e-03
2.804467e-02,2.825700e-03,6.832092e-02,2.944763e-03,8.402654e-03,8.032112e-01,1.332749e-03,6.574560e-02,1.711847e-03,3.660674e-03,2.204597e-03,1.920224e-03,3.032127e-03,7.057817e-04,5.936485e-03
3.411828e-02,2.405961e-03,4.962660e-02,2.512872e-03,7.221532e-03,8.230282e-01,1.105954e-03,6.177612e-02,1.446925e-03,3.087300e-03,3.043266e-03,2.213920e-03,2.231836e-03,8.626159e-04,5.318573e-03
3.401163e-02,2.584739e-03,3.634869e-02,2.096736e-03,5.989837e-03,8.324243e-01,8.722710e-04,5.340672e-02,1.254863e-03,3.273761e-03,1.638965e-02,3.073939e-03,1.777886e-03,1.637016e-03,4.857901e-03
3.851087e-02,3.076430e-03,2.659762e-02,2.504676e-03,5.168162e-03,8.027540e-01,8.283823e-04,4.078086e-02,1.609336e-03,3.941699e-03,5.288474e-02,8.347921e-03,2.487586e-03,4.338450e-03,6.169188e-03
3.963583e-02,3.345467e-03,1.994378e-02,2.512553e-03,3.861555e-03,7.845376e-01,7.207276e-04,2.907592e-02,2.267696e-03,4.372051e-03,7.310443e-02,1.112372e-02,2.351111e-03,1.166680e-02,1.148080e-02
4.510056e-02,3.684725e-03,1.513830e-02,2.195837e-03,3.553119e-03,6.107553e-01,1.182240e-03,2.115007e-02,3.351331e-03,5.408264e-03,2.242226e-01,1.528689e-02,2.425513e-03,3.463566e-02,1.190954e-02
6.664111e-02,3.987325e-03,1.222651e-02,3.403005e-03,3.138077e-03,4.520591e-01,3.243131e-03,1.598326e-02,2.960814e-02,9.589246e-03,2.355322e-01,2.304698e-02,2.073567e-03,1.218423e-01,1.762605e-02
7.691000e-02,3.617726e-03,9.766808e-03,3.008284e-03,2.887076e-03,3.242539e-01,4.560178e-03,1.208030e-02,2.937164e-02,8.823872e-03,2.348006e-01,2.555107e-02,1.762762e-03,2.476979e-01,1.490785e-02
8.408714e-02,4.488759e-03,8.456580e-03,9.015712e-03,5.128332e-03,2.335227e-01,3.682510e-03,1.025682e-02,3.877394e-02,9.022756e-03,3.201181e-01,2.851214e-02,2.620609e-03,2.283111e-01,1.400277e-02
8.430574e-02,3.729656e-03,7.260144e-03,8.542842e-03,4.760193e-03,1.652713e-01,3.059092e-03,8.145010e-03,3.543039e-02,1.144666e-02,3.559116e-01,3.188461e-02,2.304345e-03,2.675219e-01,1.042659e-02
7.238581e-02,3.144063e-03,5.577914e-03,7.748451e-03,4.272688e-03,1.170494e-01,2.363532e-03,6.673581e-03,2.784384e-02,1.114933e-02,4.585683e-01,3.160810e-02,2.346215e-03,2.415428e-01,7.726113e-03
7.583968e-02,4.376939e-03,4.659480e-03,8.534844e-03,1.364048e-02,8.382372e-02,1.960816e-03,7.468485e-03,3.664489e-02,1.434105e-02,4.117291e-01,3.298547e-02,4.131529e-03,2.927296e-01,7.134059e-03
5.365752e-02,3.801449e-03,3.446310e-03,6.156730e-03,1.232943e-02,5.911958e-02,1.527522e-03,5.386950e-03,3.752277e-02,1.188773e-02,3.660583e-01,2.815233e-02,3.487047e-03,4.022481e-01,5.218227e-03
3.800498e-02,2.878517e-03,2.547494e-03,4.474258e-03,9.378648e-03,4.214221e-02,1.102753e-03,3.903636e-03,3.538107e-02,9.018222e-03,3.130234e-01,2.282615e-02,2.859840e-03,5.086246e-01,3.834152e-03
2.667530e-02,2.131111e-03,1.877390e-03,3.220554e-03,7.005317e-03,2.986677e-02,8.050539e-04,2.762355e-03,4.810207e-02,6.617378e-03,2.439853e-01,2.063452e-02,2.227360e-03,6.013050e-01,2.784613e-03
1.869064e-02,1.600541e-03,1.371383e-03,2.291197e-03,5.080790e-03,2.119452e-02,5.751270e-04,1.944375e-03,5.622056e-02,4.785654e-03,1.974992e-01,1.667512e-02,1.659428e-03,6.684117e-01,1.999733e-03
1.309607e-02,1.354142e-03,1.051327e-03,1.658318e-03,3.690172e-03,1.571178e-02,4.125983e-04,1.370541e-03,7.173120e-02,3.580215e-03,1.523983e-01,1.239507e-02,1.189971e-03,7.188922e-01,1.468029e-03
9.176567e-03,1.624162e-03,8.139694e-04,1.209006e-03,2.749505e-03,1.151450e-02,2.950004e-04,9.640970e-04,1.182630e-01,2.877302e-03,1.197797e-01,9.393135e-03,8.546179e-04,7.193294e-01,1.156028e-03
6.487049e-03,1.782363e-03,1.194098e-03,1.783162e-03,2.076983e-03,1.064229e-02,2.428435e-04,7.122356e-04,2.643567e-01,3.700035e-03,9.659081e-02,7.124759e-03,6.994638e-04,6.011524e-01,1.454880e-03
4.578580e-03,1.772953e-03,1.066049e-03,1.489423e-03,1.523081e-03,8.878257e-03,1.829776e-04,5.105751e-04,3.924111e-01,3.592950e-03,7.116635e-02,5.284885e-03,5.257817e-04,5.055449e-01,1.472228e-03
3.286321e-03,1.826713e-03,1.054614e-03,1.711017e-03,1.157225e-03,8.021652e-03,1.468548e-04,4.022784e-04,5.103092e-01,3.892082e-03,5.288485e-02,4.063989e-03,4.761661e-04,4.089537e-01,1.813355e-03
2.449324e-03,1.675716e-03,1.290122e-03,2.587770e-03,9.861570e-04,7.751996e-03,1.148617e-04,3.103621e-04,6.215109e-01,4.377111e-03,3.786189e-02,3.066217e-03,4.570617e-04,3.117210e-01,3.839513e-03
2.603340e-03,3.552579e-03,1.142296e-03,2.718842e-03,1.002328e-03,5.970645e-03,8.845491e-05,2.432354e-04,6.692311e-01,4.795684e-03,2.964761e-02,2.211671e-03,3.834900e-04,2.431427e-01,3.326611e-02
2.517588e-03,3.192490e-03,1.350297e-03,3.284186e-03,8.293772e-04,7.772739e-03,6.832917e-05,2.387920e-04,7.026502e-01,4.970931e-03,2.209598e-02,1.596224e-03,3.540919e-04,1.846446e-01,6.443420e-02
2.970982e-03,2.306606e-03,9.772838e-04,2.496520e-03,7.245569e-04,6.495159e-03,4.979594e-05,1.823537e-04,7.560061e-01,4.175010e-03,1.608538e-02,1.188397e-03,2.885535e-04,1.474393e-01,5.861407e-02
9.281719e-03,1.781846e-03,1.382742e-03,2.373749e-03,9.209280e-04,1.140186e-02,5.464883e-05,1.365529e-03,7.781683e-01,3.642656e-03,1.388705e-02,8.625936e-04,2.428092e-04,1.216091e-01,5.302446e-02
2.121198e-02,3.521992e-03,4.049395e-03,3.715655e-03,1.568841e-03,1.182902e-02,1.336724e-04,8.603307e-03,7.522635e-01,3.519481e-03,1.440050e-02,6.304286e-04,2.256755e-04,1.138537e-01,6.047279e-02
2.861429e-02,4.042399e-03,4.102282e-03,4.115068e-03,2.290286e-03,1.096753e-02,1.340897e-04,1.041463e-02,7.578986e-01,3.318480e-03,1.186930e-02,4.584458e-04,1.843067e-04,8.887501e-02,7.271530e-02
2.527686e-02,5.010974e-03,5.935011e-03,4.822780e-03,2.948291e-03,9.013233e-03,1.241295e-04,8.525292e-03,7.436606e-01,5.735362e-03,1.312052e-02,3.609413e-04,3.892464e-04,7.158561e-02,1.034911e-01
2.153305e-02,4.975029e-03,6.759627e-03,4.054209e-03,3.138019e-03,6.926130e-03,1.026827e-04,6.088690e-03,7.852716e-01,8.297868e-03,9.908512e-03,2.727197e-04,3.866604e-04,5.502645e-02,8.725861e-02
1.705357e-02,3.905924e-03,6.272571e-03,1.228677e-02,2.923333e-03,5.082320e-03,8.513690e-05,4.314718e-03,8.211333e-01,8.370448e-03,7.113507e-03,2.173379e-04,5.266864e-04,3.944444e-02,7.126991e-02
1.625872e-02,6.533671e-03,1.746218e-02,3.342460e-02,3.269043e-03,4.240712e-03,1.070404e-04,3.151232e-03,7.764077e-01,1.995299e-02,5.470694e-03,1.985969e-04,9.483247e-04,3.425032e-02,7.832412e-02
1.979288e-02,1.205459e-02,3.216494e-02,3.558838e-02,8.144415e-03,3.847995e-03,1.182968e-04,2.851162e-03,7.344475e-01,2.442478e-02,4.800408e-03,2.049995e-04,8.318378e-04,3.683010e-02,8.389777e-02
1.493746e-02,1.101851e-02,3.145343e-02,6.182893e-02,7.194907e-03,2.927296e-03,1.024062e-04,2.229625e-03,7.097041e-01,3.718737e-02,3.557105e-03,1.619781e-04,6.242114e-04,2.607146e-02,9.100132e-02
1.506312e-02,9.246441e-03,2.447740e-02,6.849139e-02,7.041131e-03,2.797955e-03,1.235809e-04,2.229488e-03,6.935880e-01,4.958253e-02,3.858517e-03,2.556410e-04,8.155642e-04,1.856345e-02,1.038658e-01
1.157843e-02,1.061238e-02,3.017367e-02,6.241003e-02,5.908106e-03,2.208378e-03,1.512152e-04,1.740434e-03,6.571218e-01,4.480790e-02,3.969779e-03,7.723481e-04,1.832581e-03,1.320667e-02,1.535063e-01
8.155094e-03,7.684365e-03,2.386093e-02,4.383017e-02,4.179201e-03,1.576342e-03,1.098308e-04,1.219702e-03,4.919144e-01,3.463663e-02,2.944468e-03,5.908648e-04,1.338590e-03,1.355920e-02,3.644002e-01
5.749887e-03,6.302606e-03,2.173465e-02,3.111787e-02,3.026421e-03,1.177858e-03,8.562723e-05,8.549471e-04,4.220306e-01,2.630304e-02,2.449193e-03,4.847743e-04,1.028655e-03,2.315928e-02,4.544946e-01
4.094353e-03,4.958361e-03,1.930337e-02,2.260591e-02,2.286754e-03,8.971607e-04,7.647443e-05,6.034367e-04,4.192867e-01,2.462470e-02,4.387316e-03,1.040393e-03,1.024920e-03,9.718651e-02,3.976237e-01
3.014644e-03,4.049431e-03,1.411119e-02,1.599297e-02,1.653811e-03,6.814993e-04,6.428765e-05,4.243719e-04,3.352154e-01,2.336765e-02,7.941958e-03,1.793229e-03,8.434948e-04,1.688703e-01,4.219757e-01
2.390580e-03,2.978655e-03,1.011115e-02,1.123761e-02,1.208193e-03,5.896896e-04,5.510661e-05,3.011928e-04,2.390555e-01,1.761951e-02,7.546419e-03,2.049384e-03,8.125411e-04,3.980570e-01,3.059874e-01
2.415404e-03,2.320287e-03,7.116144e-03,7.893919e-03,9.002135e-04,5.277059e-04,5.658258e-05,2.195915e-04,1.762740e-01,1.830030e-02,9.724336e-03,1.889320e-03,7.096263e-04,5.295357e-01,2.421169e-01
2.680141e-03,2.197441e-03,5.158690e-03,5.784738e-03,8.521692e-04,5.093113e-04,9.793989e-05,1.741873e-04,1.444029e-01,1.918428e-02,1.376146e-02,2.737983e-03,7.902188e-04,5.669637e-01,2.347047e-01
2.113429e-03,1.641623e-03,3.738153e-03,4.066479e-03,6.881013e-04,4.325118e-04,7.557606e-05,1.252781e-04,1.039228e-01,1.870520e-02,1.010763e-02,1.973258e-03,5.811992e-04,6.831921e-01,1.686365e-01
3.393913e-03,1.697111e-03,3.527383e-03,3.568267e-03,6.458378e-04,7.183295e-04,8.527152e-05,1.389946e-04,1.237169e-01,6.154086e-02,1.331789e-02,4.812929e-03,2.319550e-03,6.465078e-01,1.340090e-01
