1.000000e+00,0.000000e+00,0.000000e+00,0.000000e+00,0.000000e+00,0.000000e+00,0.000000e+00,0.000000e+00,0.000000e+00,0.000000e+00,0.000000e+00,0.000000e+00,0.000000e+00,0.000000e+00,0.000000e+00
1.000000e+00,0.000000e+00,0.000000e+00,0.000000e+00,0.000000e+00,0.000000e+00,0.000000e+00,0.000000e+00,0.000000e+00,0.000000e+00,0.000000e+00,0.000000e+00,0.000000e+00,0.000000e+00,0.000000e+00
1.000000e+00,0.000000e+00,0.000000e+00,0.000000e+00,0.000000e+00,0.000000e+00,0.000000e+00,0.000000e+00,0.000000e+00,0.000000e+00,0.000000e+00,0.000000e+00,0.000000e+00,0.000000e+00,0.000000e+00
1.000000e+00,0.000000e+00,0.000000e+00,0.000000e+00,0.000000e+00,0.000000e+00,0.000000e+00,0.000000e+00,0.000000e+00,0.000000e+00,0.000000e+00,0.000000e+00,0.000000e+00,0.000000e+00,0.000000e+00
1.000000e+00,0.000000e+00,0.000000e+00,0.000000e+00,0.000000e+00,0.000000e+00,0.000000e+00,0.000000e+00,0.000000e+00,0.000000e+00,0.000000e+00,0.000000e+00,0.000000e+00,0.000000e+00,0.000000e+00
1.000000e+00,0.000000e+00,0.000000e+00,0.000000e+00,0.000000e+00,0.000000e+00,0.000000e+00,0.000000e+00,0.000000e+00,0.000000e+00,0.000000e+00,0.000000e+00,0.000000e+00,0.000000e+00,0.000000e+00
1.000000e+00,0.000000e+00,0.000000e+00,0.000000e+00,0.000000e+00,0.000000e+00,0.000000e+00,0.000000e+00,0.000000e+00,0.000000e+00,0.000000e+00,0.000000e+00,0.000000e+00,0.000000e+00,0.000000e+00
1.000000e+00,0.000000e+00,0.000000e+00,0.000000e+00,0.000000e+00,0.000000e+00,0.000000e+00,0.000000e+00,0.000000e+00,0.000000e+00,0.000000e+00,0.000000e+00,0.000000e+00,0.000000e+00,0.000000e+00
1.000000e+00,0.000000e+00,0.000000e+00,0.000000e+00,0.000000e+00,0.000000e+00,0.000000e+00,0.000000e+00,0.000000e+00,0.000000e+00,0.000000e+00,0.000000e+00,0.000000e+00,0.000000e+00,0.000000e+00
1.000000e+00,0.000000e+00,0.000000e+00,0.000000e+00,0.000000e+00,0.000000e+00,0.000000e+00,0.000000e+00,0.000000e+00,0.000000e+00,0.000000e+00,0.000000e+00,0.000000e+00,0.000000e+00,0.000000e+00
1.000000e+00,0.000000e+00,0.000000e+00,0.000000e+00,0.000000e+00,0.000000e+00,0.000000e+00,0.000000e+00,0.000000e+00,0.000000e+00,0.000000e+00,0.000000e+00,0.000000e+00,0.000000e+00,0.000000e+00
1.000000e+00,0.000000e+00,0.000000e+00,0.000000e+00,0.000000e+00,0.000000e+00,0.000000e+00,0.000000e+00,0.000000e+00,0.000000e+00,0.000000e+00,0.000000e+00,0.000000e+00,0.000000e+00,0.000000e+00
1.000000e+00,0.000000e+00,0.000000e+00,0.000000e+00,0.000000e+00,0.000000e+00,0.000000e+00,0.000000e+00,0.000000e+00,0.000000e+00,0.000000e+00,0.000000e+00,0.000000e+00,0.000000e+00,0.000000e+00
1.000000e+00,0.000000e+00,0.000000e+00,0.000000e+00,0.000000e+00,0.000000e+00,0.000000e+00,0.000000e+00,0.000000e+00,0.000000e+00,0.000000e+00,0.000000e+00,0.000000e+00,0.000000e+00,0.000000e+00
1.000000e+00,0.000000e+00,0.000000e+00,0.000000e+00,0.000000e+00,0.000000e+00,0.000000e+00,0.000000e+00,0.000000e+00,0.000000e+00,0.000000e+00,0.000000e+00,0.000000e+00,0.000000e+00,0.000000e+00
1.000000e+00,0.000000e+00,0.000000e+00,0.000000e+00,0.000000e+00,0.000000e+00,0.000000e+00,0.000000e+00,0.000000e+00,0.000000e+00,0.000000e+00,0.000000e+00,0.000000e+00,0.000000e+00,0.000000e+00
1.000000e+00,0.000000e+00,0.000000e+00,0.000000e+00,0.000000e+00,0.000000e+00,0.000000e+00,0.000000e+00,0.000000e+00,0.000000e+00,0.000000e+00,0.000000e+00,0.000000e+00,0.000000e+00,0.000000e+00
1.000000e+00,0.000000e+00,0.000000e+00,0.000000e+00,0.000000e+00,0.000000e+00,0.000000e+00,0.000000e+00,0.000000e+00,0.000000e+00,0.000000e+00,0.000000e+00,0.000000e+00,0.000000e+00,0.000000e+00
1.000000e+00,0.000000e+00,0.000000e+00,0.000000e+00,0.000000e+00,0.000000e+00,0.000000e+00,0.000000e+00,0.000000e+00,0.000000e+00,0.000000e+00,0.000000e+00,0.000000e+00,0.000000e+00,0.000000e+00
1.000000e+00,0.000000e+00,0.000000e+00,0.000000e+00,0.000000e+00,0.000000e+00,0.000000e+00,0.000000e+00,0.000000e+00,0.000000e+00,0.000000e+00,0.000000e+00,0.000000e+00,0.000000e+00,0.000000e+00
1.000000e+00,0.000000e+00,0.000000e+00,0.000000e+00,0.000000e+00,0.000000e+00,0.000000e+00,0.000000e+00,0.000000e+00,0.000000e+00,0.000000e+00,0.000000e+00,0.000000e+00,0.000000e+00,0.000000e+00
1.000000e+00,0.000000e+00,0.000000e+00,0.000000e+00,0.000000e+00,0.000000e+00,0.000000e+00,0.000000e+00,0.000000e+00,0.000000e+00,0.000000e+00,0.000000e+00,0.000000e+00,0.000000e+00,0.000000e+00
1.000000e+00,0.000000e+00,0.000000e+00,0.000000e+00,0.000000e+00,0.000000e+00,0.000000e+00,0.000000e+00,0.000000e+00,0.000000e+00,0.000000e+00,0.000000e+00,0.000000e+00,0.000000e+00,0.000000e+00
1.000000e+00,0.000000e+00,0.000000e+00,0.000000e+00,0.000000e+00,0.000000e+00,0.000000e+00,0.000000e+00,0.000000e+00,0.000000e+00,0.000000e+00,0.000000e+00,0.000000e+00,0.000000e+00,0.000000e+00
1.000000e+00,0.000000e+00,0.000000e+00,0.000000e+00,0.000000e+00,0.000000e+00,0.000000e+00,0.000000e+00,0.000000e+00,0.000000e+00,0.000000e+00,0.000000e+00,0.000000e+00,0.000000e+00,0.000000e+00
1.000000e+00,0.000000e+00,0.000000e+00,0.000000e+00,0.000000e+00,0.000000e+00,0.000000e+00,0.000000e+00,0.000000e+00,0.000000e+00,0.000000e+00,0.000000e+00,0.000000e+00,0.000000e+00,0.000000e+00
1.000000e+00,0.000000e+00,0.000000e+00,0.000000e+00,0.000000e+00,0.000000e+00,0.000000e+00,0.000000e+00,0.000000e+00,0.000000e+00,0.000000e+00,0.000000e+00,0.000000e+00,0.000000e+00,0.000000e+00
1.000000e+00,0.000000e+00,0.000000e+00,0.000000e+00,0.000000e+00,0.000000e+00,0.000000e+00,0.000000e+00,0.000000e+00,0.000000e+00,0.000000e+00,0.000000e+00,0.000000e+00,0.000000e+00,0.000000e+00
1.000000e+00,0.000000e+00,0.000000e+00,0.000000e+00,0.000000e+00,0.000000e+00,0.000000e+00,0.000000e+00,0.000000e+00,0.000000e+00,0.000000e+00,0.000000e+00,0.000000e+00,0.000000e+00,0.000000e+00
1.000000e+00,0.000000e+00,0.000000e+00,0.000000e+00,0.000000e+00,0.000000e+00,0.000000e+00,0.000000e+00,0.000000e+00,0.000000e+00,0.000000e+00,0.000000e+00,0.000000e+00,0.000000e+00,0.000000e+00
1.000000e+00,0.000000e+00,0.000000e+00,0.000000e+00,0.000000e+00,0.000000e+00,0.000000e+00,0.000000e+00,0.000000e+00,0.000000e+00,0.000000e+00,0.000000e+00,0.000000e+00,0.000000e+00,0.000000e+00
1.000000e+00,0.000000e+00,0.000000e+00,0.000000e+00,0.000000e+00,0.000000e+00,0.000000e+00,0.000000e+00,0.000000e+00,0.000000e+00,0.000000e+00,0.000000e+00,0.000000e+00,0.000000e+00,0.000000e+00
1.000000e+00,0.000000e+00,0.000000e+00,0.000000e+00,0.000000e+00,0.000000e+00,0.000000e+00,0.000000e+00,0.000000e+00,0.000000e+00,0.000000e+00,0.000000e+00,0.000000e+00,0.000000e+00,0.000000e+00
1.000000e+00,0.000000e+00,0.000000e+00,0.000000e+00,0.000000e+00,0.000000e+00,0.000000e+00,0.000000e+00,0.000000e+00,0.000000e+00,0.000000e+00,0.000000e+00,0.000000e+00,0.000000e+00,0.000000e+00
1.000000e+00,0.000000e+00,0.000000e+00,0.000000e+00,0.000000e+00,0.000000e+00,0.000000e+00,0.000000e+00,0.000000e+00,0.000000e+00,0.000000e+00,0.000000e+00,0.000000e+00,0.000000e+00,0.000000e+00
1.000000e+00,0.000000e+00,0.000000e+00,0.000000e+00,0.000000e+00,0.000000e+00,0.000000e+00,0.000000e+00,0.000000e+00,0.000000e+00,0.000000e+00,0.000000e+00,0.000000e+00,0.000000e+00,0.000000e+00
1.000000e+00,0.000000e+00,0.000000e+00,0.000000e+00,0.000000e+00,0.000000e+00,0.000000e+00,0.000000e+00,0.000000e+00,0.000000e+00,0.000000e+00,0.000000e+00,0.000000e+00,0.000000e+00,0.000000e+00
1.000000e+00,0.000000e+00,0.000000e+00,0.000000e+00,0.000000e+00,0.000000e+00,0.000000e+00,0.000000e+00,0.000000e+00,0.000000e+00,0.000000e+00,0.000000e+00,0.000000e+00,0.000000e+00,0.000000e+00
1.000000e+00,0.000000e+00,0.000000e+00,0.000000e+00,0.000000e+00,0.000000e+00,0.000000e+00,0.000000e+00,0.000000e+00,0.000000e+00,0.000000e+00,0.000000e+00,0.000000e+00,0.000000e+00,0.000000e+00
1.000000e+00,0.000000e+00,0.000000e+00,0.000000e+00,0.000000e+00,0.000000e+00,0.000000e+00,0.000000e+00,0.000000e+00,0.000000e+00,0.000000e+00,0.000000e+00,0.000000e+00,0.000000e+00,0.000000e+00
1.000000e+00,0.000000e+00,0.000000e+00,0.000000e+00,0.000000e+00,0.000000e+00,0.000000e+00,0.000000e+00,0.000000e+00,0.000000e+00,0.000000e+00,0.000000e+00,0.000000e+00,0.000000e+00,0.000000e+00
1.000000e+00,0.000000e+00,0.000000e+00,0.000000e+00,0.000000e+00,0.000000e+00,0.000000e+00,0.000000e+00,0.000000e+00,0.000000e+00,0.000000e+00,0.000000e+00,0.000000e+00,0.000000e+00,0.000000e+00
1.000000e+00,0.000000e+00,0.000000e+00,0.000000e+00,0.000000e+00,0.000000e+00,0.000000e+00,0.000000e+00,0.000000e+00,0.000000e+00,0.000000e+00,0.000000e+00,0.000000e+00,0.000000e+00,0.000000e+00
4.454068e-01,6.120339e-02,1.758671e-02,1.231861e-01,1.937087e-02,4.556745e-02,1.576478e-02,2.647761e-02,2.352085e-02,7.970555e-03,1.956110e-02,9.519967e-02,3.731092e-02,6.414644e-03,5.545850e-02
3.440542e-01,5.546682e-02,5.373404e-02,1.341949e-01,1.987719e-02,5.944754e-02,2.412431e-02,7.614943e-02,1.945378e-02,6.175918e-03,2.150317e-02,1.029956e-01,3.377035e-02,5.354926e-03,4.369775e-02
3.116182e-01,5.967212e-02,6.048807e-02,1.595765e-01,2.176839e-02,5.204217e-02,1.932983e-02,5.981388e-02,2.530153e-02,7.897698e-03,2.304439e-02,9.245940e-02,3.535558e-02,5.646523e-03,6.598568e-02
3.597809e-01,6.308008e-02,4.994932e-02,1.531782e-01,2.449052e-02,4.606833e-02,1.520098e-02,4.602474e-02,2.427502e-02,7.211709e-03,2.282779e-02,8.047193e-02,3.431443e-02,6.323850e-03,6.680220e-02
4.231042e-01,6.016652e-02,3.924862e-02,1.377021e-01,2.411275e-02,4.207693e-02,1.262566e-02,3.579867e-02,2.247343e-02,6.733346e-03,2.021703e-02,7.191803e-02,3.465997e-02,6.319732e-03,6.284298e-02
4.849610e-01,5.782908e-02,3.066156e-02,1.212456e-01,2.162980e-02,3.720962e-02,1.075845e-02,2.823495e-02,2.009973e-02,6.180167e-03,1.866773e-02,6.319857e-02,3.370580e-02,6.491456e-03,5.912655e-02
1.000000e+00,0.000000e+00,0.000000e+00,0.000000e+00,0.000000e+00,0.000000e+00,0.000000e+00,0.000000e+00,0.000000e+00,0.000000e+00,0.000000e+00,0.000000e+00,0.000000e+00,0.000000e+00,0.000000e+00
1.000000e+00,0.000000e+00,0.000000e+00,0.000000e+00,0.000000e+00,0.000000e+00,0.000000e+00,0.000000e+00,0.000000e+00,0.000000e+00,0.000000e+00,0.000000e+00,0.000000e+00,0.000000e+00,0.000000e+00
1.000000e+00,0.000000e+00,0.000000e+00,0.000000e+00,0.000000e+00,0.000000e+00,0.000000e+00,0.000000e+00,0.000000e+00,0.000000e+00,0.000000e+00,0.000000e+00,0.000000e+00,0.000000e+00,0.000000e+00
1.000000e+00,0.000000e+00,0.000000e+00,0.000000e+00,0.000000e+00,0.000000e+00,0.000000e+00,0.000000e+00,0.000000e+00,0.000000e+00,0.000000e+00,0.000000e+00,0.000000e+00,0.000000e+00,0.000000e+00
1.000000e+00,0.000000e+00,0.000000e+00,0.000000e+00,0.000000e+00,0.000000e+00,0.000000e+00,0.000000e+00,0.000000e+00,0.000000e+00,0.000000e+00,0.000000e+00,0.000000e+00,0.000000e+00,0.000000e+00
1.000000e+00,0.000000e+00,0.000000e+00,0.000000e+00,0.000000e+00,0.000000e+00,0.000000e+00,0.000000e+00,0.000000e+00,0.000000e+00,0.000000e+00,0.000000e+00,0.000000e+00,0.000000e+00,0.000000e+00
1.000000e+00,0.000000e+00,0.000000e+00,0.000000e+00,0.000000e+00,0.000000e+00,0.000000e+00,0.000000e+00,0.000000e+00,0.000000e+00,0.000000e+00,0.000000e+00,0.000000e+00,0.000000e+00,0.000000e+00
1.000000e+00,0.000000e+00,0.000000e+00,0.000000e+00,0.000000e+00,0.000000e+00,0.000000e+00,0.000000e+00,0.000000e+00,0.000000e+00,0.000000e+00,0.000000e+00,0.000000e+00,0.000000e+00,0.000000e+00
1.000000e+00,0.000000e+00,0.000000e+00,0.000000e+00,0.000000e+00,0.000000e+00,0.000000e+00,0.000000e+00,0.000000e+00,0.000000e+00,0.000000e+00,0.000000e+00,0.000000e+00,0.000000e+00,0.000000e+00
1.000000e+00,0.000000e+00,0.000000e+00,0.000000e+00,0.000000e+00,0.000000e+00,0.000000e+00,0.000000e+00,0.000000e+00,0.000000e+00,0.000000e+00,0.000000e+00,0.000000e+00,0.000000e+00,0.000000e+00
1.000000e+00,0.000000e+00,0.000000e+00,0.000000e+00,0.000000e+00,0.000000e+00,0.000000e+00,0.000000e+00,0.000000e+00,0.000000e+00,0.000000e+00,0.000000e+00,0.000000e+00,0.000000e+00,0.000000e+00
1.000000e+00,0.000000e+00,0.000000e+00,0.000000e+00,0.000000e+00,0.000000e+00,0.000000e+00,0.000000e+00,0.000000e+00,0.000000e+00,0.000000e+00,0.000000e+00,0.000000e+00,0.000000e+00,0.000000e+00
4.984352e-01,3.112997e-02,9.964760e-03,2.779067e-01,1.540073e-02,2.331003e-02,4.043784e-03,1.198716e-02,1.129549e-02,3.520314e-03,3.680824e-02,2.059783e-02,2.081374e-02,6.644879e-03,2.814116e-02
3.492706e-01,2.388676e-02,7.682540e-03,3.741077e-01,1.569868e-02,1.661272e-02,3.403813e-03,8.526688e-03,1.007936e-02,3.345890e-03,9.227215e-02,4.746288e-02,2.139359e-02,5.461005e-03,2.079555e-02
2.486395e-01,1.861029e-02,6.610140e-03,4.117123e-01,1.596179e-02,1.274881e-02,2.980677e-03,6.557446e-03,1.510599e-02,3.305592e-03,9.207430e-02,1.156319e-01,2.354718e-02,7.225448e-03,1.928859e-02
1.796241e-01,1.485181e-02,5.516276e-03,3.193852e-01,1.820267e-02,1.198918e-02,2.389785e-03,5.250670e-03,1.730826e-02,3.007498e-03,8.385922e-02,2.972938e-01,1.972125e-02,6.279029e-03,1.532110e-02
1.320937e-01,1.061567e-02,4.090364e-03,2.268473e-01,1.596848e-02,1.117428e-02,1.806206e-03,4.178836e-03,1.828556e-02,3.302758e-03,8.141933e-02,4.581071e-01,1.525357e-02,5.585397e-03,1.127143e-02
1.004783e-01,7.678696e-03,3.098461e-03,1.663785e-01,2.207015e-02,1.060412e-02,1.402901e-03,3.566519e-03,2.181557e-02,4.820291e-03,7.778999e-02,5.546315e-01,1.188203e-02,5.256741e-03,8.526219e-03
7.243358e-02,5.646374e-03,2.421831e-03,1.192105e-01,2.928558e-02,1.058418e-02,1.059519e-03,2.751356e-03,1.891784e-02,4.468867e-03,6.568936e-02,6.476935e-01,8.772084e-03,4.298050e-03,6.767396e-03
5.253519e-02,4.166622e-03,1.796285e-03,8.476960e-02,3.582980e-02,9.409825e-03,7.865402e-04,2.025997e-03,1.719191e-02,5.480306e-03,5.363324e-02,7.170901e-01,6.499235e-03,3.346933e-03,5.438443e-03
3.935838e-02,3.052186e-03,1.367033e-03,5.991453e-02,4.916333e-02,1.565235e-02,7.029432e-04,1.988832e-03,1.475526e-02,4.678403e-03,4.521707e-02,7.519577e-01,5.043346e-03,3.006482e-03,4.142174e-03
2.793243e-02,2.214079e-03,9.756511e-04,4.214812e-02,4.047943e-02,1.392319e-02,5.124927e-04,1.464174e-03,1.131852e-02,3.766700e-03,4.744974e-02,7.976862e-01,3.938989e-03,3.062508e-03,3.127817e-03
2.032171e-02,1.652931e-03,6.966619e-04,2.972979e-02,3.472766e-02,1.243941e-02,3.798398e-04,1.088668e-03,9.393857e-03,3.282016e-03,4.092511e-02,8.362769e-01,3.402810e-03,3.226329e-03,2.456240e-03
1.475132e-02,1.377650e-03,5.293821e-04,2.108332e-02,3.050299e-02,1.224027e-02,2.909806e-04,8.751347e-04,8.098107e-03,3.056729e-03,5.012409e-02,8.487183e-01,2.756663e-03,3.036747e-03,2.558280e-03
1.063283e-02,1.201828e-03,3.971296e-04,1.490894e-02,2.420890e-02,9.713620e-03,2.207349e-04,6.750368e-04,7.041612e-03,3.602228e-03,3.991357e-02,8.806398e-01,2.112966e-03,2.390258e-03,2.340571e-03
7.961450e-03,1.458419e-03,5.569722e-04,1.168547e-02,3.348868e-02,1.412765e-02,2.817896e-04,1.007708e-03,7.018880e-03,6.543411e-03,3.422486e-02,8.748459e-01,1.722150e-03,1.933859e-03,3.142864e-03
6.078798e-03,1.178878e-03,4.918305e-04,8.440835e-03,2.481549e-02,1.293076e-02,2.661370e-04,9.006290e-04,6.285052e-03,6.187394e-03,2.849586e-02,8.980066e-01,1.349094e-03,1.837472e-03,2.735131e-03
4.637926e-03,8.763596e-04,4.023399e-04,6.163309e-03,1.782312e-02,1.069297e-02,2.261508e-04,8.370096e-04,5.160198e-03,5.081224e-03,2.801476e-02,9.151897e-01,1.077647e-03,1.679511e-03,2.137817e-03
3.545191e-03,6.970460e-04,4.301098e-04,4.379555e-03,1.322340e-02,8.465807e-03,1.818889e-04,8.036199e-04,4.206263e-03,5.185409e-03,4.575532e-02,9.089231e-01,8.379042e-04,1.659292e-03,1.706076e-03
2.910214e-03,5.808254e-04,4.091173e-04,3.110737e-03,9.916365e-03,6.451291e-03,1.512602e-04,6.781094e-04,3.562046e-03,4.732729e-03,5.557579e-02,9.084131e-01,6.557889e-04,1.476896e-03,1.375807e-03
2.504210e-03,6.983564e-04,7.422810e-04,2.206754e-03,7.941041e-03,5.406387e-03,2.910216e-04,9.327247e-04,3.530290e-03,5.001850e-03,5.341905e-02,9.144213e-01,4.989496e-04,1.318849e-03,1.086963e-03
2.033986e-03,6.634360e-04,6.950281e-04,1.625150e-03,1.010489e-02,4.511078e-03,4.956782e-04,1.207077e-03,4.045234e-03,4.301053e-03,4.025730e-02,9.276916e-01,4.231448e-04,1.137552e-03,8.078467e-04
1.630715e-03,6.490272e-04,6.337643e-04,1.224786e-03,1.335001e-02,3.522370e-03,5.276247e-04,1.243031e-03,4.489574e-03,3.646596e-03,3.053997e-02,9.365652e-01,3.920534e-04,9.743721e-04,6.110031e-04
1.516876e-03,9.341573e-04,1.002828e-03,1.001734e-03,1.534161e-02,3.029218e-03,5.838102e-04,1.554165e-03,5.700568e-03,4.153523e-03,2.675075e-02,9.365032e-01,3.850680e-04,9.438380e-04,5.987993e-04
1.515363e-03,9.375957e-04,1.016056e-03,8.042801e-04,1.613159e-02,2.770267e-03,6.434725e-04,1.464268e-03,5.585913e-03,4.212849e-03,2.393974e-02,9.391349e-01,4.196743e-04,9.116950e-04,5.123831e-04
1.278551e-03,8.279531e-04,8.773416e-04,6.083188e-04,1.368482e-02,3.337754e-03,7.732187e-04,1.126085e-03,4.439684e-03,3.346967e-03,2.408276e-02,9.439242e-01,4.651903e-04,8.135727e-04,4.136547e-04
1.014669e-03,6.987521e-04,6.817609e-04,4.726297e-04,1.535469e-02,3.122596e-03,6.338024e-04,9.129699e-04,4.768759e-03,2.621539e-03,1.890129e-02,9.491574e-01,5.107354e-04,7.967191e-04,3.517166e-04
8.283753e-04,5.569144e-04,5.259132e-04,3.770599e-04,1.575010e-02,2.859946e-03,5.285391e-04,7.249808e-04,4.901944e-03,2.117851e-03,1.462674e-02,9.546192e-01,5.388423e-04,7.520572e-04,2.915413e-04
6.614557e-04,4.135613e-04,3.961331e-04,2.924484e-04,1.275631e-02,2.418864e-03,3.927380e-04,5.667573e-04,4.938659e-03,1.783442e-03,1.203233e-02,9.617138e-01,5.473541e-04,8.602977e-04,2.257813e-04
5.351103e-04,3.113401e-04,3.214102e-04,2.245063e-04,1.055669e-02,2.081048e-03,2.888420e-04,4.605413e-04,4.575907e-03,1.481824e-03,9.969512e-03,9.677004e-01,4.950837e-04,8.163888e-04,1.813360e-04
4.542693e-04,4.612234e-04,7.447223e-04,2.183868e-04,2.487895e-02,2.077128e-03,5.213048e-04,4.396411e-04,8.919019e-03,1.466043e-03,7.858414e-03,9.503945e-01,5.388560e-04,7.611281e-04,2.663227e-04
4.400091e-04,4.099850e-04,1.397399e-03,3.031825e-04,3.125793e-02,3.586822e-03,7.180849e-04,1.076397e-03,1.282035e-02,1.661032e-03,7.635399e-03,9.366090e-01,8.478379e-04,9.663239e-04,2.702586e-04
1.332031e-03,9.347543e-04,2.692925e-03,4.221326e-04,1.967916e-01,3.111240e-03,9.759973e-04,3.202564e-03,2.698577e-02,1.681857e-03,7.478994e-03,7.514143e-01,1.125125e-03,1.529648e-03,3.210245e-04
1.968467e-03,7.785402e-04,3.066082e-03,5.930639e-04,2.302476e-01,2.747267e-03,1.033627e-03,7.349860e-03,3.915703e-02,1.715481e-03,7.712114e-03,6.998900e-01,1.790307e-03,1.693644e-03,2.569290e-04
3.013674e-03,7.243061e-04,2.779426e-03,6.137409e-04,2.920095e-01,2.593560e-03,1.498780e-03,8.758727e-03,5.535876e-02,1.568666e-03,6.900404e-03,6.200079e-01,2.500230e-03,1.454006e-03,2.183807e-04
5.602673e-03,1.116507e-03,3.304288e-03,7.079441e-04,2.516984e-01,2.632948e-03,1.732095e-03,1.220831e-02,1.048177e-01,2.072577e-03,8.570129e-03,5.977538e-01,5.944041e-03,1.593867e-03,2.447210e-04
1.077018e-02,1.627416e-03,6.606539e-03,2.980580e-03,2.386263e-01,3.197476e-03,1.555003e-03,2.851292e-02,1.352790e-01,3.112484e-03,1.243375e-02,5.453542e-01,7.667107e-03,1.932630e-03,3.444571e-04
2.434529e-02,5.270438e-03,1.622230e-02,5.685383e-03,2.042981e-01,6.165402e-03,1.392390e-03,4.467764e-02,1.561061e-01,5.224392e-03,2.718849e-02,4.889413e-01,9.500671e-03,3.800654e-03,1.181457e-03
2.844818e-02,1.071440e-02,1.758383e-02,5.939861e-03,1.935962e-01,1.566671e-02,1.605499e-03,5.075179e-02,2.057305e-01,6.970576e-03,3.488281e-02,4.116088e-01,8.502680e-03,5.747738e-03,2.250522e-03
3.567161e-02,1.224460e-02,1.496889e-02,8.140825e-03,1.794709e-01,2.612528e-02,1.636976e-03,5.023786e-02,2.403192e-01,7.328211e-03,4.519358e-02,3.586367e-01,1.030474e-02,7.406374e-03,2.314296e-03
5.370677e-02,1.062457e-02,2.791252e-02,4.420146e-02,1.614762e-01,2.196164e-02,2.815681e-03,1.601423e-01,1.872250e-01,5.849207e-03,4.178281e-02,2.610877e-01,1.139648e-02,7.834511e-03,1.983132e-03
8.791907e-02,1.127827e-02,3.814796e-02,3.788777e-02,1.457768e-01,1.910870e-02,3.897407e-03,1.368521e-01,2.103804e-01,5.909330e-03,4.561423e-02,2.043606e-01,1.323526e-02,3.659334e-02,3.038723e-03
1.574804e-01,1.187911e-02,4.893511e-02,4.664841e-02,1.600243e-01,2.005750e-02,4.017035e-03,1.087275e-01,1.832786e-01,8.634280e-03,3.903915e-02,1.579778e-01,1.461430e-02,3.283039e-02,5.856081e-03
1.606013e-01,1.623161e-02,1.071699e-01,3.921622e-02,1.262800e-01,1.884857e-02,3.230299e-03,8.335544e-02,1.760678e-01,4.249177e-02,3.456493e-02,1.204816e-01,1.473366e-02,4.605653e-02,1.067039e-02
1.557972e-01,1.613294e-02,1.023005e-01,3.186324e-02,9.252875e-02,1.730781e-02,2.463009e-03,6.196523e-02,1.499116e-01,1.772793e-01,3.291520e-02,9.021901e-02,1.411808e-02,4.449990e-02,1.069834e-02
1.668002e-01,4.327130e-02,9.982629e-02,2.892407e-02,6.594990e-02,1.714630e-02,1.870705e-03,4.438413e-02,1.315401e-01,2.122027e-01,3.523900e-02,7.503253e-02,1.199639e-02,4.064048e-02,2.517586e-02
1.279072e-01,4.458737e-02,8.169563e-02,2.934819e-02,4.908122e-02,1.799743e-02,1.686931e-03,3.266025e-02,1.193776e-01,2.037423e-01,4.268292e-02,1.807759e-01,1.083067e-02,3.406475e-02,2.356154e-02
9.707599e-02,3.437938e-02,5.969460e-02,2.407056e-02,3.847384e-02,1.869352e-02,1.405734e-03,2.367682e-02,9.372664e-02,1.706964e-01,7.761288e-02,2.716796e-01,9.061856e-03,5.827075e-02,2.148142e-02
7.190372e-02,2.507736e-02,4.541684e-02,1.918090e-02,2.784870e-02,1.715813e-02,1.116210e-03,1.702688e-02,6.855454e-02,1.219634e-01,1.499059e-01,3.472121e-01,7.096112e-03,6.347391e-02,1.706527e-02
5.159944e-02,1.800667e-02,3.419022e-02,1.437236e-02,2.007384e-02,1.493262e-02,9.022360e-04,1.211717e-02,4.854690e-02,8.637255e-02,1.857055e-01,4.443088e-01,5.359427e-03,5.110582e-02,1.240648e-02
3.751543e-02,1.282469e-02,2.446590e-02,1.016786e-02,1.426289e-02,1.102745e-02,6.735240e-04,8.548516e-03,3.466048e-02,6.102978e-02,1.616723e-01,5.704426e-01,4.269218e-03,3.956248e-02,8.876962e-03
2.676594e-02,9.074979e-03,1.717609e-02,7.337166e-03,1.009741e-02,8.031843e-03,4.816966e-04,5.995642e-03,2.608542e-02,4.297966e-02,1.475626e-01,6.585555e-01,3.329081e-03,3.018462e-02,6.342372e-03
1.906738e-02,6.439090e-03,1.204052e-02,5.251666e-03,7.259908e-03,5.998323e-03,3.417486e-04,4.206204e-03,2.128518e-02,3.032376e-02,1.317335e-01,7.244057e-01,2.685555e-03,2.443870e-02,4.522854e-03
1.494140e-02,4.702318e-03,8.520619e-03,3.860146e-03,6.903961e-03,5.163293e-03,2.730107e-04,3.082551e-03,1.934166e-02,2.159624e-02,1.121961e-01,7.730272e-01,2.237781e-03,2.070243e-02,3.451479e-03
1.204349e-02,3.487738e-03,6.035991e-03,2.811591e-03,6.397694e-03,4.477445e-03,2.076933e-04,2.204393e-03,1.568487e-02,1.552397e-02,8.996740e-02,8.168099e-01,1.998614e-03,1.968964e-02,2.659710e-03
9.567777e-03,2.603809e-03,4.434042e-03,2.043333e-03,7.986070e-03,4.631610e-03,2.947517e-04,1.937640e-03,1.358446e-02,1.108794e-02,7.652403e-02,8.455306e-01,1.774865e-03,1.592992e-02,2.069164e-03
7.277313e-03,2.071704e-03,3.215939e-03,1.476904e-03,7.331891e-03,3.923486e-03,2.446218e-04,1.401277e-03,1.121885e-02,7.985866e-03,6.058074e-02,8.769289e-01,1.397098e-03,1.328090e-02,1.664565e-03
5.625830e-03,1.621676e-03,2.323555e-03,1.069246e-03,7.850589e-03,3.392125e-03,2.359512e-04,1.033410e-03,9.723439e-03,5.697583e-03,4.705520e-02,9.014106e-01,1.062065e-03,1.060988e-02,1.288894e-03
4.199963e-03,1.331603e-03,1.698833e-03,7.715485e-04,1.009094e-02,2.867270e-03,5.220376e-04,9.659987e-04,7.932663e-03,4.104476e-03,3.706603e-02,9.182188e-01,8.499588e-04,8.411592e-03,9.683021e-04
3.131292e-03,9.752486e-04,1.223550e-03,5.614430e-04,9.276454e-03,2.794881e-03,5.144884e-04,1.001372e-03,6.182231e-03,2.931135e-03,2.829456e-02,9.354285e-01,6.987411e-04,6.289690e-03,6.963790e-04
2.285067e-03,7.021790e-04,8.897257e-04,4.080771e-04,8.096260e-03,4.460836e-03,4.344464e-04,8.116067e-04,4.593672e-03,2.140687e-03,2.170143e-02,9.476960e-01,6.395557e-04,4.642190e-03,4.982178e-04
1.666292e-03,5.059870e-04,6.524487e-04,2.942187e-04,6.781969e-03,4.084509e-03,3.355143e-04,6.087279e-04,3.422135e-03,1.548883e-03,1.648113e-02,9.593138e-01,5.775228e-04,3.371566e-03,3.552994e-04
1.309263e-03,4.418354e-04,5.966462e-04,2.215143e-04,2.436381e-02,3.754194e-03,4.856551e-04,5.509419e-04,3.568976e-03,1.187423e-03,1.282368e-02,9.473042e-01,5.715790e-04,2.556221e-03,2.639663e-04
1.533684e-03,4.612407e-04,1.015694e-03,1.987842e-04,1.046685e-01,3.584850e-03,1.067319e-03,1.425431e-03,4.046662e-03,9.648678e-04,9.873006e-03,8.682970e-01,5.912219e-04,2.069096e-03,2.025449e-04
1.271785e-03,3.702572e-04,8.671967e-04,1.730543e-04,1.154981e-01,3.196786e-03,1.197871e-03,1.449124e-03,4.012240e-03,8.049126e-04,7.979484e-03,8.606216e-01,7.681975e-04,1.639431e-03,1.499372e-04
1.406937e-03,2.810712e-04,8.778591e-04,1.663629e-04,9.158934e-02,3.932584e-03,1.179921e-03,1.535862e-03,3.386695e-03,6.755983e-04,6.832350e-03,8.857265e-01,9.637336e-04,1.331287e-03,1.138961e-04
1.287895e-03,3.200000e-04,1.332085e-03,1.459472e-04,1.148558e-01,3.372645e-03,1.099025e-03,1.662002e-03,9.365585e-03,5.764702e-04,5.588381e-03,8.578279e-01,1.408806e-03,1.061367e-03,9.605256e-05
1.051165e-03,3.118394e-04,1.901419e-03,1.292322e-04,1.306533e-01,2.886776e-03,1.318235e-03,2.918413e-03,1.231081e-02,4.544547e-04,5.117509e-03,8.383809e-01,1.704284e-03,7.846695e-04,7.695849e-05
1.480402e-03,3.700210e-04,3.420242e-03,2.526945e-04,1.199552e-01,6.948656e-03,1.898234e-03,2.007486e-02,3.207392e-02,4.933689e-04,6.486527e-03,8.024126e-01,3.350724e-03,6.487138e-04,1.338271e-04
1.878555e-03,5.161577e-04,4.098248e-03,2.681697e-04,1.308405e-01,1.468547e-02,8.214590e-03,5.149469e-02,8.682652e-02,6.673482e-04,6.885285e-03,6.885163e-01,4.251875e-03,5.864215e-04,2.698840e-04
2.832682e-03,8.133941e-04,5.876341e-03,7.281991e-04,1.437191e-01,1.993990e-02,1.270642e-02,1.861357e-01,7.156456e-02,6.752610e-04,6.523588e-03,5.405773e-01,7.127754e-03,4.736088e-04,3.062115e-04
8.251872e-03,1.258362e-03,1.170619e-02,3.655791e-03,1.761160e-01,5.312985e-02,1.537685e-02,2.769621e-01,5.306720e-02,6.664292e-04,6.254310e-03,3.817239e-01,1.056322e-02,5.699058e-04,6.979816e-04
1.042476e-02,1.234776e-03,1.140040e-02,5.138457e-03,1.604502e-01,6.202651e-02,1.421428e-02,4.060831e-01,3.960757e-02,5.948943e-04,4.818700e-03,2.681318e-01,1.421609e-02,4.942504e-04,1.164312e-03
1.345855e-02,1.445981e-03,1.165251e-02,9.350754e-03,1.306527e-01,1.323204e-01,1.227427e-02,3.759399e-01,3.066736e-02,4.869046e-04,4.924519e-03,1.902323e-01,8.340552e-02,5.237639e-04,2.664555e-03
2.117689e-02,1.700108e-03,1.319377e-02,1.179909e-02,1.105843e-01,1.270380e-01,1.004181e-02,4.645501e-01,2.389706e-02,3.895246e-04,4.943738e-03,1.358146e-01,7.173480e-02,6.342570e-04,2.502086e-03
2.429388e-02,1.429197e-03,1.102647e-02,1.170092e-02,1.049019e-01,9.135230e-02,7.767423e-03,5.750508e-01,1.824752e-02,3.275132e-04,4.324127e-03,9.583065e-02,5.118939e-02,6.899978e-04,1.867978e-03
3.161374e-02,1.095250e-03,1.314898e-02,1.359279e-02,9.432088e-02,6.868535e-02,2.450503e-02,6.255348e-01,1.371723e-02,9.207437e-04,3.487737e-03,6.742594e-02,3.970304e-02,7.182551e-04,1.530340e-03
2.804533e-02,9.188216e-04,1.343108e-02,1.361484e-02,8.110583e-02,6.396522e-02,1.646596e-01,5.148691e-01,1.001246e-02,1.008425e-03,2.750262e-03,4.731976e-02,5.595502e-02,6.079483e-04,1.736362e-03
2.263710e-02,1.014945e-03,2.332148e-02,2.385588e-02,1.295447e-01,5.649000e-02,1.938249e-01,4.308899e-01,7.388102e-03,3.987825e-03,2.228116e-03,3.317965e-02,6.885140e-02,6.388729e-04,2.147313e-03
1.698322e-02,1.040071e-03,2.215319e-02,2.734775e-02,2.577601e-01,5.526292e-02,1.567731e-01,3.304242e-01,5.594765e-03,3.349914e-02,1.831347e-03,2.327461e-02,6.515699e-02,6.236705e-04,2.274906e-03
1.327758e-02,1.664294e-03,2.384928e-02,2.113135e-02,3.350240e-01,4.315115e-02,1.155765e-01,2.380418e-01,4.217722e-03,1.365515e-01,1.423751e-03,1.634693e-02,4.675521e-02,5.347337e-04,2.454251e-03
9.570908e-03,1.339116e-03,1.712059e-02,1.507627e-02,2.751681e-01,3.133392e-02,8.238789e-02,1.669936e-01,3.138479e-03,3.490184e-01,1.092083e-03,1.148195e-02,3.330842e-02,4.102930e-04,2.559980e-03
6.795407e-03,1.095123e-03,1.257558e-02,1.070126e-02,2.157695e-01,2.294659e-02,5.889060e-02,1.173047e-01,2.292492e-03,5.166040e-01,8.053189e-04,8.048194e-03,2.348411e-02,3.117153e-04,2.375454e-03
5.524186e-03,1.859370e-03,9.988753e-03,7.716727e-03,2.367307e-01,2.041808e-02,4.718569e-02,8.248430e-02,1.736191e-03,5.594406e-01,1.239707e-03,5.736886e-03,1.659368e-02,3.672740e-04,2.977903e-03
4.769281e-03,3.192495e-03,8.342722e-03,5.774038e-03,2.685467e-01,2.628195e-02,4.114638e-02,5.818203e-02,1.305801e-03,5.606433e-01,2.231846e-03,4.233014e-03,1.178842e-02,4.686476e-04,3.093425e-03
8.140004e-03,6.367982e-03,1.268949e-02,4.460832e-03,2.359676e-01,1.473423e-01,3.739458e-02,4.204625e-02,1.103266e-03,4.796907e-01,7.730572e-03,4.208295e-03,8.429510e-03,9.210662e-04,3.507628e-03
2.681462e-02,6.247568e-03,1.531885e-02,3.525981e-03,1.755077e-01,3.195439e-01,3.704046e-02,3.273807e-02,1.126301e-03,3.513650e-01,1.164568e-02,4.904285e-03,6.078546e-03,2.203921e-03,5.939075e-03
7.598571e-02,6.676756e-03,1.759642e-02,3.516336e-03,1.306282e-01,3.837883e-01,4.533112e-02,2.849934e-02,1.382394e-03,2.607899e-01,1.556300e-02,7.295544e-03,4.633511e-03,5.822890e-03,1.249047e-02
2.196453e-01,6.505176e-03,1.575399e-02,5.101421e-03,9.391964e-02,3.227222e-01,4.999564e-02,2.614949e-02,1.617933e-03,1.883266e-01,3.225489e-02,1.118793e-02,3.857460e-03,6.640610e-03,1.632177e-02
3.100888e-01,6.686727e-03,1.549934e-02,6.064263e-03,6.926623e-02,2.850460e-01,5.134158e-02,2.428741e-02,1.636278e-03,1.351833e-01,5.050668e-02,1.390770e-02,3.597120e-03,8.310596e-03,1.857801e-02
2.869572e-01,9.324379e-03,1.559479e-02,8.841210e-03,5.126905e-02,3.381221e-01,4.321383e-02,1.880890e-02,3.179932e-03,1.013123e-01,6.506468e-02,1.914576e-02,4.191139e-03,1.203502e-02,2.293979e-02
2.216377e-01,8.006652e-03,1.182608e-02,7.271265e-03,3.682348e-02,3.926001e-01,3.114339e-02,1.370681e-02,1.052275e-02,7.240015e-02,6.513023e-02,1.677471e-02,3.843566e-03,5.462167e-02,5.369158e-02
1.780690e-01,6.667702e-03,8.963601e-03,5.480464e-03,2.659013e-02,3.423589e-01,2.240443e-02,1.009119e-02,2.209538e-02,5.554563e-02,1.122213e-01,1.950746e-02,4.625267e-03,1.358460e-01,4.953364e-02
1.361834e-01,6.741873e-03,7.337507e-03,5.401242e-03,1.921228e-02,2.906485e-01,1.638304e-02,7.467461e-03,4.897734e-02,4.414487e-02,1.474314e-01,3.225372e-02,5.133451e-03,1.868552e-01,4.582883e-02
1.296214e-01,5.802558e-03,7.745482e-03,6.332739e-03,1.422933e-02,2.301646e-01,1.257219e-02,5.790486e-03,4.454122e-02,4.846575e-02,1.830555e-01,4.781818e-02,5.854563e-03,2.173465e-01,4.065970e-02
9.417176e-02,4.734467e-03,6.023491e-03,4.709988e-03,1.007768e-02,1.796742e-01,9.374747e-03,4.275182e-03,3.468180e-02,4.420663e-02,2.300981e-01,4.075162e-02,4.433381e-03,2.990282e-01,3.375881e-02
6.906655e-02,4.162693e-03,4.932354e-03,3.672088e-03,7.207542e-03,1.336684e-01,6.965924e-03,3.153336e-03,3.187937e-02,3.824560e-02,2.876039e-01,4.071027e-02,3.736326e-03,3.380212e-01,2.697453e-02
5.264163e-02,4.557816e-03,4.587064e-03,2.827826e-03,5.159818e-03,9.642556e-02,5.196333e-03,2.355674e-03,3.490719e-02,3.159576e-02,2.713354e-01,3.850754e-02,2.855945e-03,4.259821e-01,2.106443e-02
3.797986e-02,7.357795e-03,3.454847e-03,2.110119e-03,5.063586e-03,6.813693e-02,3.699221e-03,1.868011e-03,5.788599e-02,2.558430e-02,2.708889e-01,2.973664e-02,2.374056e-03,4.639052e-01,1.995457e-02
3.127768e-02,1.355435e-02,2.663137e-03,1.709589e-03,4.682095e-03,4.931819e-02,2.650900e-03,1.534005e-03,1.156919e-01,2.098034e-02,2.194955e-01,2.366754e-02,1.893854e-03,4.945939e-01,1.628697e-02
2.392973e-02,9.680304e-03,1.955750e-03,1.342156e-03,3.426935e-03,3.499873e-02,1.879595e-03,1.141333e-03,1.213385e-01,1.568253e-02,1.816937e-01,1.775644e-02,1.519625e-03,5.713085e-01,1.234609e-02
1.914250e-02,7.214020e-03,1.555852e-03,1.285796e-03,2.663895e-03,2.562569e-02,1.391122e-03,9.498337e-04,1.189749e-01,1.146812e-02,1.389142e-01,1.381767e-02,1.237125e-03,6.467966e-01,8.962649e-03
1.401771e-02,5.730856e-03,1.176389e-03,1.107667e-03,2.002859e-03,1.862044e-02,1.005554e-03,7.243313e-04,1.083262e-01,8.517128e-03,1.176534e-01,1.049336e-02,9.678273e-04,7.031913e-01,6.464978e-03
1.032526e-02,5.174958e-03,1.168782e-03,1.036480e-03,1.712922e-03,1.432378e-02,7.505367e-04,6.011153e-04,1.111675e-01,7.991405e-03,1.258613e-01,8.403276e-03,7.880530e-04,7.056582e-01,5.036368e-03
8.326882e-03,5.532555e-03,1.358395e-03,1.071621e-03,1.429632e-03,1.121759e-02,6.625658e-04,5.188904e-04,1.754381e-01,7.622685e-03,9.945182e-02,8.271509e-03,6.969662e-04,6.742224e-01,4.178351e-03
6.081924e-03,1.305709e-02,2.116540e-03,1.647889e-03,1.636586e-03,8.945880e-03,5.419159e-04,4.575368e-04,3.342713e-01,1.446556e-02,7.630038e-02,6.297607e-03,5.770425e-04,5.271493e-01,6.453491e-03
4.394330e-03,1.221111e-02,2.918913e-03,3.059579e-03,1.506464e-03,1.056189e-02,4.580346e-04,4.501854e-04,4.558266e-01,1.561960e-02,5.591089e-02,4.671568e-03,6.203635e-04,4.225122e-01,9.278244e-03
3.240720e-03,1.400893e-02,2.797425e-03,3.495184e-03,1.355058e-03,1.026974e-02,3.585122e-04,3.572943e-04,5.460188e-01,1.629262e-02,4.118713e-02,3.449761e-03,6.870477e-04,3.433843e-01,1.309743e-02
2.540239e-03,1.163459e-02,2.490521e-03,2.711422e-03,1.206243e-03,7.706001e-03,2.565715e-04,2.730541e-04,6.162975e-01,1.587168e-02,3.122271e-02,2.487313e-03,5.074728e-04,2.886277e-01,1.616690e-02
1.959203e-03,9.217049e-03,2.122794e-03,2.671598e-03,1.059430e-03,6.059575e-03,1.921350e-04,2.477330e-04,6.880538e-01,1.311534e-02,2.286691e-02,1.838969e-03,4.188122e-04,2.294469e-01,2.072976e-02
2.781896e-03,9.002511e-03,2.892696e-03,2.640542e-03,8.653096e-04,6.706223e-03,1.456102e-04,1.998763e-04,6.873114e-01,1.030856e-02,1.807653e-02,1.522482e-03,5.249024e-04,2.189839e-01,3.803765e-02
3.970192e-03,8.272533e-03,2.898034e-03,3.025177e-03,7.380517e-04,6.517013e-03,1.141876e-04,2.130832e-04,6.295989e-01,8.403741e-03,1.370087e-02,1.392448e-03,6.631203e-04,2.153413e-01,1.051514e-01
8.242787e-03,7.301267e-03,3.430814e-03,3.085763e-03,8.124741e-04,7.743308e-03,1.052615e-04,6.251581e-04,5.892081e-01,6.820699e-03,1.083061e-02,1.052941e-03,5.576888e-04,2.622291e-01,9.795405e-02
2.718581e-02,6.153801e-03,4.813317e-03,4.209334e-03,1.528554e-03,8.546637e-03,9.538424e-05,1.080860e-03,5.313724e-01,5.371732e-03,1.535959e-02,7.530769e-04,4.371947e-04,3.003270e-01,9.276537e-02
3.522221e-02,5.420319e-03,3.902658e-03,3.390379e-03,2.095603e-03,6.727897e-03,7.990973e-05,1.314478e-03,4.301308e-01,4.601114e-03,1.826049e-02,5.401374e-04,3.774518e-04,3.803546e-01,1.075820e-01
3.839736e-02,8.353216e-03,7.680672e-03,1.268117e-02,2.771498e-03,7.373380e-03,2.113373e-04,3.761211e-03,3.759903e-01,4.182991e-03,1.570554e-02,4.264544e-04,4.702038e-04,2.885763e-01,2.334184e-01
5.090713e-02,1.805707e-02,1.417949e-02,1.184626e-02,1.498333e-02,8.851318e-03,4.858995e-04,4.057055e-03,3.079100e-01,8.543680e-03,2.118164e-02,3.238258e-04,1.095921e-03,2.607038e-01,2.768736e-01
4.852972e-02,1.851944e-02,1.437109e-02,1.801456e-02,3.176691e-02,9.683603e-03,1.727917e-03,7.353937e-03,2.598323e-01,1.168304e-02,2.448580e-02,2.573846e-04,1.679108e-03,2.422795e-01,3.098157e-01
4.261753e-02,1.507891e-02,1.960522e-02,1.049862e-01,4.210569e-02,1.035957e-02,1.791907e-03,7.227652e-03,2.088031e-01,1.211236e-02,1.818410e-02,2.076922e-04,1.897692e-03,1.792504e-01,3.357718e-01
5.256783e-02,1.422153e-02,2.870305e-02,1.265846e-01,7.476227e-02,2.278113e-02,2.985983e-03,8.886501e-03,1.941039e-01,1.086404e-02,1.403133e-02,1.671808e-04,2.543814e-03,1.398603e-01,3.069365e-01
5.479138e-02,1.781369e-02,3.994172e-02,1.041481e-01,8.005652e-02,2.605355e-02,3.021677e-03,7.846604e-03,1.674711e-01,1.373465e-02,1.084441e-02,1.502937e-04,2.029864e-03,1.075325e-01,3.645639e-01
5.015191e-02,1.485580e-02,3.549959e-02,1.097070e-01,6.535784e-02,7.602010e-02,2.318133e-03,6.695055e-03,1.783722e-01,1.151313e-02,9.563008e-03,3.632993e-04,1.787100e-03,7.730006e-02,3.604957e-01
4.790421e-02,1.232589e-02,2.716159e-02,8.462241e-02,5.495014e-02,2.614935e-01,1.799997e-03,5.495410e-03,1.614288e-01,9.252730e-03,7.581127e-03,3.064312e-04,1.461840e-03,5.478919e-02,2.694267e-01
3.432898e-02,2.005260e-02,2.938449e-02,1.627219e-01,4.261895e-02,2.341659e-01,1.314402e-03,3.991814e-03,1.947136e-01,1.327406e-02,1.318203e-02,3.097815e-04,1.322778e-03,3.859866e-02,2.100201e-01
2.481234e-02,1.651035e-02,2.208723e-02,1.312143e-01,3.091772e-02,2.798988e-01,9.767299e-04,2.918357e-03,1.897022e-01,2.260439e-02,1.531933e-02,4.519045e-04,1.334505e-03,2.878933e-02,2.324625e-01
1.761023e-02,1.239384e-02,1.629680e-02,9.224583e-02,2.183467e-02,2.045863e-01,7.071731e-04,2.051474e-03,1.586600e-01,3.476956e-02,1.126632e-02,4.642645e-04,1.016540e-03,5.566099e-02,3.704360e-01
1.271091e-02,8.990263e-03,1.154481e-02,6.461765e-02,1.532749e-02,1.440077e-01,5.052126e-04,1.438415e-03,1.583530e-01,3.386899e-02,8.826726e-03,4.407006e-04,7.798049e-04,1.440442e-01,3.945440e-01
1.199699e-02,6.957410e-03,8.575592e-03,4.567856e-02,1.097011e-02,1.011897e-01,3.825248e-04,1.016409e-03,2.032465e-01,3.795243e-02,7.671519e-03,5.284281e-04,7.530100e-04,2.034110e-01,3.596697e-01
1.746480e-02,7.043555e-03,8.125813e-03,3.480725e-02,8.037328e-03,7.255486e-02,3.102094e-04,7.726882e-04,1.742825e-01,4.129703e-02,9.550403e-03,8.760762e-04,1.178401e-03,2.706434e-01,3.530556e-01
1.470984e-02,5.507516e-03,6.651990e-03,2.446214e-02,5.746945e-03,5.115478e-02,2.416522e-04,5.506998e-04,1.400259e-01,8.216931e-02,8.085423e-03,8.773500e-04,9.399914e-04,3.662773e-01,2.925991e-01
1.455225e-02,4.527420e-03,5.474103e-03,1.740778e-02,4.094956e-03,3.605245e-02,2.132414e-04,4.087118e-04,1.688492e-01,8.920689e-02,1.073305e-02,1.747678e-03,8.865981e-04,3.416233e-01,3.042223e-01
1.098792e-02,3.287727e-03,4.188070e-03,1.220307e-02,2.905133e-03,2.532010e-02,1.592894e-04,2.926622e-04,1.298949e-01,9.509058e-02,9.189704e-03,1.537853e-03,9.080280e-04,4.804905e-01,2.235444e-01
1.550052e-02,3.210623e-03,3.316932e-03,8.652436e-03,2.601074e-03,1.812438e-02,2.582441e-04,2.810341e-04,1.214582e-01,1.142925e-01,9.703510e-03,2.250184e-03,2.176989e-03,5.084235e-01,1.897498e-01
1.329158e-02,2.491356e-03,2.555907e-03,6.162717e-03,2.110485e-03,1.290300e-02,2.472500e-04,2.226532e-04,1.674271e-01,1.024910e-01,9.288870e-03,2.046160e-03,2.159287e-03,5.086673e-01,1.679353e-01
1.301386e-02,1.972239e-03,2.215439e-03,4.405399e-03,1.597025e-03,9.218153e-03,2.696606e-04,2.035167e-04,2.592936e-01,1.028657e-01,1.083623e-02,2.116521e-03,2.511784e-03,4.407058e-01,1.487750e-01
2.117658e-02,1.492123e-03,1.900497e-03,3.298879e-03,1.282731e-03,7.046903e-03,3.307686e-04,2.350517e-04,2.039658e-01,2.565851e-01,1.581882e-02,3.541990e-03,3.196391e-03,3.663348e-01,1.137936e-01
2.322933e-02,1.175121e-03,1.720031e-03,2.958497e-03,1.373735e-03,5.359618e-03,2.692351e-04,2.546433e-04,1.492076e-01,4.205368e-01,1.807527e-02,5.033878e-03,5.935187e-03,2.804872e-01,8.438378e-02
3.828078e-02,1.388507e-03,2.062334e-03,3.082894e-03,1.462253e-03,6.705713e-03,2.983080e-04,3.096741e-04,1.277127e-01,4.840393e-01,3.741618e-02,1.501023e-02,1.171921e-02,2.062843e-01,6.422766e-02
5.223421e-02,1.468409e-03,1.611559e-03,3.051322e-03,1.654658e-03,1.140104e-02,3.488016e-04,5.008485e-04,1.150049e-01,4.198684e-01,8.394271e-02,7.173723e-02,3.448813e-02,1.498697e-01,5.281815e-02
5.256347e-02,2.999640e-03,1.411967e-03,4.627382e-03,6.641075e-03,9.800376e-03,6.040289e-04,1.021259e-03,1.119100e-01,3.751149e-01,1.561300e-01,7.057460e-02,4.178171e-02,1.142104e-01,5.060928e-02
4.749956e-02,4.572500e-03,1.440157e-03,7.231831e-03,7.969434e-03,1.253852e-02,1.069803e-03,1.005364e-03,9.202875e-02,3.124864e-01,2.748533e-01,6.623563e-02,4.669881e-02,8.438765e-02,3.998217e-02
3.754621e-02,9.169902e-03,2.037517e-03,1.537375e-02,1.320692e-02,2.519344e-02,3.042600e-03,4.219694e-03,8.194928e-02,2.390575e-01,3.238906e-01,6.047198e-02,6.928501e-02,8.502534e-02,3.053031e-02
2.931667e-02,1.496735e-02,2.756828e-03,1.573832e-02,1.656417e-02,3.379648e-02,2.270261e-02,5.435756e-02,8.368076e-02,1.781583e-01,2.863695e-01,5.251769e-02,9.909938e-02,8.464626e-02,2.532812e-02
2.242192e-02,2.387924e-02,6.233172e-03,1.903690e-02,2.353134e-02,8.029255e-02,2.461761e-02,4.907224e-02,1.079203e-01,1.271892e-01,2.508387e-01,4.519879e-02,1.196962e-01,7.831671e-02,2.175500e-02
1.739255e-02,2.159992e-02,6.266784e-03,1.555433e-02,2.605300e-02,1.226194e-01,4.916263e-02,4.202594e-02,9.770379e-02,9.046380e-02,2.099831e-01,3.539140e-02,1.868812e-01,6.086238e-02,1.803971e-02
