1.000000e+00,0.000000e+00,0.000000e+00,0.000000e+00,0.000000e+00,0.000000e+00,0.000000e+00,0.000000e+00,0.000000e+00,0.000000e+00,0.000000e+00,0.000000e+00,0.000000e+00,0.000000e+00,0.000000e+00
1.000000e+00,0.000000e+00,0.000000e+00,0.000000e+00,0.000000e+00,0.000000e+00,0.000000e+00,0.000000e+00,0.000000e+00,0.000000e+00,0.000000e+00,0.000000e+00,0.000000e+00,0.000000e+00,0.000000e+00
1.000000e+00,0.000000e+00,0.000000e+00,0.000000e+00,0.000000e+00,0.000000e+00,0.000000e+00,0.000000e+00,0.000000e+00,0.000000e+00,0.000000e+00,0.000000e+00,0.000000e+00,0.000000e+00,0.000000e+00
1.000000e+00,0.000000e+00,0.000000e+00,0.000000e+00,0.000000e+00,0.000000e+00,0.000000e+00,0.000000e+00,0.000000e+00,0.000000e+00,0.000000e+00,0.000000e+00,0.000000e+00,0.000000e+00,0.000000e+00
1.000000e+00,0.000000e+00,0.000000e+00,0.000000e+00,0.000000e+00,0.000000e+00,0.000000e+00,0.000000e+00,0.000000e+00,0.000000e+00,0.000000e+00,0.000000e+00,0.000000e+00,0.000000e+00,0.000000e+00
1.000000e+00,0.000000e+00,0.000000e+00,0.000000e+00,0.000000e+00,0.000000e+00,0.000000e+00,0.000000e+00,0.000000e+00,0.000000e+00,0.000000e+00,0.000000e+00,0.000000e+00,0.000000e+00,0.000000e+00
1.000000e+00,0.000000e+00,0.000000e+00,0.000000e+00,0.000000e+00,0.000000e+00,0.000000e+00,0.000000e+00,0.000000e+00,0.000000e+00,0.000000e+00,0.000000e+00,0.000000e+00,0.000000e+00,0.000000e+00
1.000000e+00,0.000000e+00,0.000000e+00,0.000000e+00,0.000000e+00,0.000000e+00,0.000000e+00,0.000000e+00,0.000000e+00,0.000000e+00,0.000000e+00,0.000000e+00,0.000000e+00,0.000000e+00,0.000000e+00
1.000000e+00,0.000000e+00,0.000000e+00,0.000000e+00,0.000000e+00,0.000000e+00,0.000000e+00,0.000000e+00,0.000000e+00,0.000000e+00,0.000000e+00,0.000000e+00,0.000000e+00,0.000000e+00,0.000000e+00
1.000000e+00,0.000000e+00,0.000000e+00,0.000000e+00,0.000000e+00,0.000000e+00,0.000000e+00,0.000000e+00,0.000000e+00,0.000000e+00,0.000000e+00,0.000000e+00,0.000000e+00,0.000000e+00,0.000000e+00
1.000000e+00,0.000000e+00,0.000000e+00,0.000000e+00,0.000000e+00,0.000000e+00,0.000000e+00,0.000000e+00,0.000000e+00,0.000000e+00,0.000000e+00,0.000000e+00,0.000000e+00,0.000000e+00,0.000000e+00
1.000000e+00,0.000000e+00,0.000000e+00,0.000000e+00,0.000000e+00,0.000000e+00,0.000000e+00,0.000000e+00,0.000000e+00,0.000000e+00,0.000000e+00,0.000000e+00,0.000000e+00,0.000000e+00,0.000000e+00
1.000000e+00,0.000000e+00,0.000000e+00,0.000000e+00,0.000000e+00,0.000000e+00,0.000000e+00,0.000000e+00,0.000000e+00,0.000000e+00,0.000000e+00,0.000000e+00,0.000000e+00,0.000000e+00,0.000000e+00
1.000000e+00,0.000000e+00,0.000000e+00,0.000000e+00,0.000000e+00,0.000000e+00,0.000000e+00,0.000000e+00,0.000000e+00,0.000000e+00,0.000000e+00,0.000000e+00,0.000000e+00,0.000000e+00,0.000000e+00
1.000000e+00,0.000000e+00,0.000000e+00,0.000000e+00,0.000000e+00,0.000000e+00,0.000000e+00,0.000000e+00,0.000000e+00,0.000000e+00,0.000000e+00,0.000000e+00,0.000000e+00,0.000000e+00,0.000000e+00
1.000000e+00,0.000000e+00,0.000000e+00,0.000000e+00,0.000000e+00,0.000000e+00,0.000000e+00,0.000000e+00,0.000000e+00,0.000000e+00,0.000000e+00,0.000000e+00,0.000000e+00,0.000000e+00,0.000000e+00
1.000000e+00,0.000000e+00,0.000000e+00,0.000000e+00,0.000000e+00,0.000000e+00,0.000000e+00,0.000000e+00,0.000000e+00,0.000000e+00,0.000000e+00,0.000000e+00,0.000000e+00,0.000000e+00,0.000000e+00
1.000000e+00,0.000000e+00,0.000000e+00,0.000000e+00,0.000000e+00,0.000000e+00,0.000000e+00,0.000000e+00,0.000000e+00,0.000000e+00,0.000000e+00,0.000000e+00,0.000000e+00,0.000000e+00,0.000000e+00
1.000000e+00,0.000000e+00,0.000000e+00,0.000000e+00,0.000000e+00,0.000000e+00,0.000000e+00,0.000000e+00,0.000000e+00,0.000000e+00,0.000000e+00,0.000000e+00,0.000000e+00,0.000000e+00,0.000000e+00
1.000000e+00,0.000000e+00,0.000000e+00,0.000000e+00,0.000000e+00,0.000000e+00,0.000000e+00,0.000000e+00,0.000000e+00,0.000000e+00,0.000000e+00,0.000000e+00,0.000000e+00,0.000000e+00,0.000000e+00
1.000000e+00,0.000000e+00,0.000000e+00,0.000000e+00,0.000000e+00,0.000000e+00,0.000000e+00,0.000000e+00,0.000000e+00,0.000000e+00,0.000000e+00,0.000000e+00,0.000000e+00,0.000000e+00,0.000000e+00
1.000000e+00,0.000000e+00,0.000000e+00,0.000000e+00,0.000000e+00,0.000000e+00,0.000000e+00,0.000000e+00,0.000000e+00,0.000000e+00,0.000000e+00,0.000000e+00,0.000000e+00,0.000000e+00,0.000000e+00
1.000000e+00,0.000000e+00,0.000000e+00,0.000000e+00,0.000000e+00,0.000000e+00,0.000000e+00,0.000000e+00,0.000000e+00,0.000000e+00,0.000000e+00,0.000000e+00,0.000000e+00,0.000000e+00,0.000000e+00
1.000000e+00,0.000000e+00,0.000000e+00,0.000000e+00,0.000000e+00,0.000000e+00,0.000000e+00,0.000000e+00,0.000000e+00,0.000000e+00,0.000000e+00,0.000000e+00,0.000000e+00,0.000000e+00,0.000000e+00
1.000000e+00,0.000000e+00,0.000000e+00,0.000000e+00,0.000000e+00,0.000000e+00,0.000000e+00,0.000000e+00,0.000000e+00,0.000000e+00,0.000000e+00,0.000000e+00,0.000000e+00,0.000000e+00,0.000000e+00
1.000000e+00,0.000000e+00,0.000000e+00,0.000000e+00,0.000000e+00,0.000000e+00,0.000000e+00,0.000000e+00,0.000000e+00,0.000000e+00,0.000000e+00,0.000000e+00,0.000000e+00,0.000000e+00,0.000000e+00
1.000000e+00,0.000000e+00,0.000000e+00,0.000000e+00,0.000000e+00,0.000000e+00,0.000000e+00,0.000000e+00,0.000000e+00,0.000000e+00,0.000000e+00,0.000000e+00,0.000000e+00,0.000000e+00,0.000000e+00
1.000000e+00,0.000000e+00,0.000000e+00,0.000000e+00,0.000000e+00,0.000000e+00,0.000000e+00,0.000000e+00,0.000000e+00,0.000000e+00,0.000000e+00,0.000000e+00,0.000000e+00,0.000000e+00,0.000000e+00
1.000000e+00,0.000000e+00,0.000000e+00,0.000000e+00,0.000000e+00,0.000000e+00,0.000000e+00,0.000000e+00,0.000000e+00,0.000000e+00,0.000000e+00,0.000000e+00,0.000000e+00,0.000000e+00,0.000000e+00
1.000000e+00,0.000000e+00,0.000000e+00,0.000000e+00,0.000000e+00,0.000000e+00,0.000000e+00,0.000000e+00,0.000000e+00,0.000000e+00,0.000000e+00,0.000000e+00,0.000000e+00,0.000000e+00,0.000000e+00
1.000000e+00,0.000000e+00,0.000000e+00,0.000000e+00,0.000000e+00,0.000000e+00,0.000000e+00,0.000000e+00,0.000000e+00,0.000000e+00,0.000000e+00,0.000000e+00,0.000000e+00,0.000000e+00,0.000000e+00
1.000000e+00,0.000000e+00,0.000000e+00,0.000000e+00,0.000000e+00,0.000000e+00,0.000000e+00,0.000000e+00,0.000000e+00,0.000000e+00,0.000000e+00,0.000000e+00,0.000000e+00,0.000000e+00,0.000000e+00
1.000000e+00,0.000000e+00,0.000000e+00,0.000000e+00,0.000000e+00,0.000000e+00,0.000000e+00,0.000000e+00,0.000000e+00,0.000000e+00,0.000000e+00,0.000000e+00,0.000000e+00,0.000000e+00,0.000000e+00
1.000000e+00,0.000000e+00,0.000000e+00,0.000000e+00,0.000000e+00,0.000000e+00,0.000000e+00,0.000000e+00,0.000000e+00,0.000000e+00,0.000000e+00,0.000000e+00,0.000000e+00,0.000000e+00,0.000000e+00
1.000000e+00,0.000000e+00,0.000000e+00,0.000000e+00,0.000000e+00,0.000000e+00,0.000000e+00,0.000000e+00,0.000000e+00,0.000000e+00,0.000000e+00,0.000000e+00,0.000000e+00,0.000000e+00,0.000000e+00
1.000000e+00,0.000000e+00,0.000000e+00,0.000000e+00,0.000000e+00,0.000000e+00,0.000000e+00,0.000000e+00,0.000000e+00,0.000000e+00,0.000000e+00,0.000000e+00,0.000000e+00,0.000000e+00,0.000000e+00
1.000000e+00,0.000000e+00,0.000000e+00,0.000000e+00,0.000000e+00,0.000000e+00,0.000000e+00,0.000000e+00,0.000000e+00,0.000000e+00,0.000000e+00,0.000000e+00,0.000000e+00,0.000000e+00,0.000000e+00
1.000000e+00,0.000000e+00,0.000000e+00,0.000000e+00,0.000000e+00,0.000000e+00,0.000000e+00,0.000000e+00,0.000000e+00,0.000000e+00,0.000000e+00,0.000000e+00,0.000000e+00,0.000000e+00,0.000000e+00
1.000000e+00,0.000000e+00,0.000000e+00,0.000000e+00,0.000000e+00,0.000000e+00,0.000000e+00,0.000000e+00,0.000000e+00,0.000000e+00,0.000000e+00,0.000000e+00,0.000000e+00,0.000000e+00,0.000000e+00
1.000000e+00,0.000000e+00,0.000000e+00,0.000000e+00,0.000000e+00,0.000000e+00,0.000000e+00,0.000000e+00,0.000000e+00,0.000000e+00,0.000000e+00,0.000000e+00,0.000000e+00,0.000000e+00,0.000000e+00
1.000000e+00,0.000000e+00,0.000000e+00,0.000000e+00,0.000000e+00,0.000000e+00,0.000000e+00,0.000000e+00,0.000000e+00,0.000000e+00,0.000000e+00,0.000000e+00,0.000000e+00,0.000000e+00,0.000000e+00
1.000000e+00,0.000000e+00,0.000000e+00,0.000000e+00,0.000000e+00,0.000000e+00,0.000000e+00,0.000000e+00,0.000000e+00,0.000000e+00,0.000000e+00,0.000000e+00,0.000000e+00,0.000000e+00,0.000000e+00
1.000000e+00,0.000000e+00,0.000000e+00,0.000000e+00,0.000000e+00,0.000000e+00,0.000000e+00,0.000000e+00,0.000000e+00,0.000000e+00,0.000000e+00,0.000000e+00,0.000000e+00,0.000000e+00,0.000000e+00
1.000000e+00,0.000000e+00,0.000000e+00,0.000000e+00,0.000000e+00,0.000000e+00,0.000000e+00,0.000000e+00,0.000000e+00,0.000000e+00,0.000000e+00,0.000000e+00,0.000000e+00,0.000000e+00,0.000000e+00
1.000000e+00,0.000000e+00,0.000000e+00,0.000000e+00,0.000000e+00,0.000000e+00,0.000000e+00,0.000000e+00,0.000000e+00,0.000000e+00,0.000000e+00,0.000000e+00,0.000000e+00,0.000000e+00,0.000000e+00
4.763258e-01,5.748100e-02,3.276409e-02,1.230358e-01,1.224058e-02,3.012051e-02,6.909046e-03,2.272170e-02,3.839646e-02,6.785535e-03,5.471433e-02,2.592253e-02,1.328145e-02,1.988175e-02,7.941946e-02
4.370021e-01,6.599890e-02,3.299326e-02,1.336163e-01,1.311498e-02,2.798029e-02,6.913177e-03,2.168455e-02,4.446996e-02,8.027174e-03,5.305290e-02,2.702799e-02,1.442519e-02,2.247708e-02,9.121609e-02
4.548360e-01,6.842142e-02,2.830544e-02,1.249927e-01,1.321447e-02,2.561890e-02,6.288976e-03,1.884606e-02,3.988034e-02,7.775048e-03,4.664695e-02,2.529684e-02,1.475521e-02,2.496251e-02,1.001592e-01
3.592594e-01,9.078138e-02,3.879035e-02,1.747172e-01,1.570546e-02,2.362076e-02,6.094296e-03,2.309814e-02,4.626967e-02,6.915394e-03,4.315689e-02,2.488519e-02,1.555263e-02,2.308471e-02,1.080686e-01
3.876085e-01,8.566662e-02,3.820663e-02,1.636265e-01,1.556906e-02,2.141215e-02,5.545990e-03,1.993566e-02,4.408240e-02,6.237994e-03,4.230393e-02,2.476001e-02,1.727911e-02,2.332472e-02,1.044407e-01
4.576009e-01,7.582475e-02,3.109028e-02,1.370750e-01,1.541828e-02,2.068765e-02,5.127244e-03,1.682688e-02,3.573056e-02,5.756500e-03,3.712695e-02,2.592226e-02,1.895430e-02,2.196884e-02,9.488955e-02
1.000000e+00,0.000000e+00,0.000000e+00,0.000000e+00,0.000000e+00,0.000000e+00,0.000000e+00,0.000000e+00,0.000000e+00,0.000000e+00,0.000000e+00,0.000000e+00,0.000000e+00,0.000000e+00,0.000000e+00
1.000000e+00,0.000000e+00,0.000000e+00,0.000000e+00,0.000000e+00,0.000000e+00,0.000000e+00,0.000000e+00,0.000000e+00,0.000000e+00,0.000000e+00,0.000000e+00,0.000000e+00,0.000000e+00,0.000000e+00
1.000000e+00,0.000000e+00,0.000000e+00,0.000000e+00,0.000000e+00,0.000000e+00,0.000000e+00,0.000000e+00,0.000000e+00,0.000000e+00,0.000000e+00,0.000000e+00,0.000000e+00,0.000000e+00,0.000000e+00
1.000000e+00,0.000000e+00,0.000000e+00,0.000000e+00,0.000000e+00,0.000000e+00,0.000000e+00,0.000000e+00,0.000000e+00,0.000000e+00,0.000000e+00,0.000000e+00,0.000000e+00,0.000000e+00,0.000000e+00
1.000000e+00,0.000000e+00,0.000000e+00,0.000000e+00,0.000000e+00,0.000000e+00,0.000000e+00,0.000000e+00,0.000000e+00,0.000000e+00,0.000000e+00,0.000000e+00,0.000000e+00,0.000000e+00,0.000000e+00
1.000000e+00,0.000000e+00,0.000000e+00,0.000000e+00,0.000000e+00,0.000000e+00,0.000000e+00,0.000000e+00,0.000000e+00,0.000000e+00,0.000000e+00,0.000000e+00,0.000000e+00,0.000000e+00,0.000000e+00
1.000000e+00,0.000000e+00,0.000000e+00,0.000000e+00,0.000000e+00,0.000000e+00,0.000000e+00,0.000000e+00,0.000000e+00,0.000000e+00,0.000000e+00,0.000000e+00,0.000000e+00,0.000000e+00,0.000000e+00
1.000000e+00,0.000000e+00,0.000000e+00,0.000000e+00,0.000000e+00,0.000000e+00,0.000000e+00,0.000000e+00,0.000000e+00,0.000000e+00,0.000000e+00,0.000000e+00,0.000000e+00,0.000000e+00,0.000000e+00
1.000000e+00,0.000000e+00,0.000000e+00,0.000000e+00,0.000000e+00,0.000000e+00,0.000000e+00,0.000000e+00,0.000000e+00,0.000000e+00,0.000000e+00,0.000000e+00,0.000000e+00,0.000000e+00,0.000000e+00
1.000000e+00,0.000000e+00,0.000000e+00,0.000000e+00,0.000000e+00,0.000000e+00,0.000000e+00,0.000000e+00,0.000000e+00,0.000000e+00,0.000000e+00,0.000000e+00,0.000000e+00,0.000000e+00,0.000000e+00
1.000000e+00,0.000000e+00,0.000000e+00,0.000000e+00,0.000000e+00,0.000000e+00,0.000000e+00,0.000000e+00,0.000000e+00,0.000000e+00,0.000000e+00,0.000000e+00,0.000000e+00,0.000000e+00,0.000000e+00
1.000000e+00,0.000000e+00,0.000000e+00,0.000000e+00,0.000000e+00,0.000000e+00,0.000000e+00,0.000000e+00,0.000000e+00,0.000000e+00,0.000000e+00,0.000000e+00,0.000000e+00,0.000000e+00,0.000000e+00
1.000000e+00,0.000000e+00,0.000000e+00,0.000000e+00,0.000000e+00,0.000000e+00,0.000000e+00,0.000000e+00,0.000000e+00,0.000000e+00,0.000000e+00,0.000000e+00,0.000000e+00,0.000000e+00,0.000000e+00
4.716268e-01,3.527167e-02,7.435197e-02,8.005252e-02,9.973678e-03,9.654081e-02,2.043471e-03,1.020269e-02,9.176595e-03,2.228004e-02,1.175457e-01,1.031157e-02,1.216734e-02,1.658710e-02,3.186813e-02
3.331062e-01,2.623858e-02,5.212413e-02,5.880625e-02,7.438626e-03,1.160983e-01,1.564868e-03,7.284385e-03,1.150789e-01,1.403023e-01,8.359938e-02,7.333318e-03,9.850945e-03,1.190226e-02,2.927163e-02
2.339648e-01,1.999732e-02,3.664776e-02,4.588023e-02,5.690691e-03,1.383513e-01,1.479643e-03,5.393643e-03,2.183144e-01,1.524111e-01,6.377961e-02,5.435990e-03,8.782668e-03,9.494223e-03,5.437659e-02
1.644421e-01,1.456375e-02,2.581554e-02,3.349059e-02,4.188939e-03,1.135827e-01,1.186631e-03,4.196519e-03,3.232613e-01,1.905842e-01,4.839765e-02,4.470954e-03,7.777448e-03,1.036127e-02,5.368041e-02
1.172256e-01,1.150988e-02,1.820055e-02,2.401476e-02,3.042490e-03,8.266726e-02,9.219149e-04,3.686213e-03,4.094678e-01,1.891183e-01,4.298289e-02,4.881828e-03,6.889858e-03,1.195478e-02,7.343589e-02
8.466458e-02,1.078894e-02,1.298094e-02,1.742541e-02,2.277442e-03,6.030464e-02,7.026549e-04,2.794046e-03,3.522782e-01,2.136640e-01,4.666230e-02,4.886545e-03,1.111587e-02,6.304061e-02,1.164138e-01
6.192139e-02,9.241377e-03,9.290584e-03,1.270604e-02,1.851468e-03,4.413920e-02,5.993271e-04,2.057056e-03,3.260859e-01,1.895840e-01,4.125531e-02,4.050061e-03,8.762035e-03,1.475908e-01,1.408655e-01
4.477231e-02,7.589838e-03,6.596017e-03,9.161404e-03,1.781555e-03,3.492273e-02,4.667337e-04,1.499610e-03,2.376403e-01,1.387476e-01,4.115206e-02,3.223962e-03,7.203020e-03,3.469322e-01,1.183107e-01
3.271762e-02,6.173273e-03,4.725433e-03,6.662357e-03,1.651553e-03,2.636512e-02,4.525534e-04,1.090161e-03,2.077188e-01,1.167979e-01,4.965746e-02,3.074752e-03,6.010888e-03,4.007107e-01,1.361914e-01
2.566710e-02,5.602897e-03,3.399018e-03,4.872176e-03,1.525318e-03,1.959159e-02,4.159853e-04,7.829114e-04,1.710469e-01,1.008044e-01,5.209607e-02,3.146748e-03,5.286237e-03,4.537391e-01,1.520236e-01
1.928650e-02,4.999265e-03,3.102715e-03,3.905730e-03,1.285960e-03,1.440576e-02,3.850512e-04,5.914730e-04,1.866151e-01,8.092158e-02,5.110963e-02,2.937161e-03,5.162030e-03,4.630134e-01,1.622787e-01
1.424430e-02,4.519102e-03,3.357320e-03,3.161564e-03,1.025104e-03,1.033476e-02,3.700421e-04,4.417460e-04,1.882090e-01,6.821838e-02,4.546263e-02,3.312049e-03,4.784423e-03,4.962360e-01,1.563236e-01
1.073710e-02,3.583584e-03,2.789110e-03,2.261597e-03,8.405360e-04,7.575345e-03,3.138599e-04,3.318815e-04,1.430371e-01,5.223875e-02,3.401984e-02,2.472784e-03,3.620100e-03,5.955482e-01,1.406302e-01
1.460009e-02,3.085034e-03,4.590830e-03,1.914575e-03,1.488860e-03,6.312965e-03,3.724645e-04,6.093152e-04,1.242509e-01,5.690306e-02,4.083718e-02,3.184695e-03,5.092902e-03,5.344577e-01,2.022994e-01
1.379812e-02,2.414874e-03,3.505972e-03,1.437951e-03,1.369880e-03,5.040262e-03,4.673898e-04,5.501225e-04,1.320898e-01,4.928014e-02,4.053227e-02,4.880781e-03,5.725087e-03,5.848103e-01,1.540970e-01
9.849059e-03,1.927225e-03,2.906155e-03,1.032421e-03,1.166267e-03,3.738967e-03,3.659721e-04,3.933268e-04,1.190734e-01,5.313389e-02,3.367804e-02,3.830628e-03,4.128795e-03,6.505216e-01,1.142542e-01
7.929612e-03,1.654620e-03,3.874391e-03,9.748597e-04,1.095253e-03,3.210923e-03,2.972845e-04,3.227078e-04,1.184344e-01,6.281294e-02,3.224351e-02,3.444530e-03,3.891543e-03,6.752938e-01,8.451956e-02
5.728616e-03,1.493101e-03,3.711772e-03,7.195037e-04,1.053609e-03,2.388617e-03,2.390815e-04,2.357731e-04,1.392055e-01,5.486685e-02,2.417509e-02,2.722998e-03,2.834901e-03,6.996073e-01,6.101731e-02
5.074529e-03,2.828311e-03,6.945414e-03,6.657228e-04,1.176044e-03,2.189728e-03,1.916316e-04,2.159956e-04,2.567459e-01,6.271256e-02,1.966972e-02,3.317048e-03,2.237206e-03,5.910020e-01,4.502814e-02
3.963799e-03,3.908269e-03,1.159122e-02,6.433997e-04,1.956709e-03,2.027609e-03,1.534206e-04,1.912423e-04,3.578838e-01,5.695472e-02,1.525926e-02,2.799511e-03,1.743880e-03,5.079120e-01,3.301109e-02
3.335662e-03,3.579352e-03,9.582797e-03,5.055678e-04,1.635746e-03,1.784711e-03,1.125231e-04,1.432252e-04,3.158123e-01,4.919512e-02,1.254945e-02,2.349513e-03,1.335711e-03,5.704811e-01,2.759732e-02
3.794748e-03,2.992061e-03,1.116556e-02,4.179673e-04,1.373769e-03,1.552721e-03,9.818322e-05,1.409595e-04,3.706841e-01,6.685802e-02,1.006570e-02,1.911977e-03,1.111465e-03,5.048764e-01,2.295632e-02
8.104736e-03,2.408659e-03,1.099136e-02,4.385677e-04,1.173889e-03,1.868526e-03,1.050672e-04,3.352593e-04,4.043503e-01,6.949735e-02,8.138834e-03,1.555185e-03,9.706747e-04,4.686504e-01,2.141116e-02
9.810716e-03,1.909136e-03,9.792862e-03,3.428549e-04,9.858208e-04,1.878408e-03,8.874908e-05,5.045910e-04,3.865435e-01,6.828129e-02,6.461245e-03,1.185116e-03,7.769853e-04,4.895360e-01,2.190267e-02
9.184886e-03,2.094106e-03,1.503492e-02,2.989548e-04,1.014673e-03,1.761742e-03,7.868420e-05,5.721524e-04,3.649929e-01,7.928713e-02,5.378938e-03,9.134285e-04,6.909263e-04,4.875984e-01,3.109821e-02
1.024285e-02,3.344932e-03,2.137603e-02,1.026374e-03,1.186315e-03,2.054710e-03,1.032151e-04,8.543155e-04,3.582513e-01,8.746171e-02,6.036154e-03,1.061291e-03,1.395860e-03,4.608057e-01,4.479929e-02
1.467850e-02,2.763522e-03,1.808208e-02,9.902242e-04,1.687833e-03,1.896311e-03,9.901216e-05,2.196473e-03,3.600781e-01,1.006934e-01,5.775035e-03,8.767790e-04,1.322505e-03,4.483059e-01,4.055439e-02
1.900896e-02,3.120895e-03,1.469280e-02,1.510357e-03,2.577821e-03,1.731357e-03,1.216995e-04,7.364680e-03,3.795240e-01,1.035975e-01,6.588816e-03,8.020878e-04,1.328459e-03,4.232871e-01,3.474350e-02
2.355966e-02,3.272104e-03,1.204749e-02,3.369196e-03,2.623266e-03,1.951445e-03,1.085852e-04,9.510821e-03,4.702743e-01,8.190265e-02,8.633582e-03,1.113271e-03,1.738586e-03,3.522021e-01,2.769299e-02
2.489874e-02,4.429272e-03,8.952883e-03,3.596499e-03,5.524253e-03,2.053077e-03,1.324482e-04,1.169822e-02,4.832493e-01,6.356629e-02,7.629028e-03,1.124705e-03,1.562244e-03,3.603378e-01,2.124530e-02
3.170108e-02,6.344499e-03,9.206959e-03,7.779483e-03,6.571136e-03,2.828415e-03,2.375752e-04,3.262175e-02,4.702453e-01,4.969764e-02,7.734362e-03,1.563512e-03,2.012176e-03,3.526781e-01,1.877800e-02
3.691705e-02,7.173731e-03,7.706293e-03,9.468514e-03,5.623342e-03,3.148637e-03,2.003478e-04,2.467764e-02,5.777287e-01,3.656043e-02,8.938953e-03,4.606924e-03,3.069424e-03,2.544311e-01,1.974892e-02
5.535737e-02,9.990602e-03,7.369624e-03,8.191750e-03,7.313383e-03,4.296714e-03,2.258404e-04,2.732259e-02,5.928409e-01,2.742660e-02,9.671707e-03,4.887979e-03,3.566047e-03,2.233276e-01,1.821140e-02
8.092435e-02,1.209397e-02,7.739763e-03,7.713190e-03,7.531248e-03,6.780228e-03,3.201658e-04,2.829032e-02,5.296806e-01,2.311207e-02,1.193540e-02,4.735386e-03,3.632177e-03,2.460559e-01,2.945517e-02
9.670965e-02,1.971196e-02,1.087287e-02,9.198030e-03,1.235454e-02,6.638630e-03,6.523432e-04,3.243154e-02,5.227804e-01,1.951345e-02,1.146077e-02,4.537596e-03,3.780275e-03,2.001957e-01,4.916220e-02
1.186153e-01,2.014483e-02,1.373366e-02,9.826692e-03,1.839292e-02,1.290232e-02,9.750127e-04,4.865621e-02,4.694498e-01,1.663729e-02,1.112187e-02,3.931818e-03,3.240837e-03,2.047423e-01,4.762908e-02
1.251120e-01,2.925246e-02,1.116784e-02,1.025339e-02,3.469481e-02,3.598794e-02,1.413136e-03,6.008954e-02,4.334713e-01,1.300736e-02,9.466954e-03,3.102075e-03,2.822142e-03,1.886033e-01,4.155581e-02
1.314808e-01,3.418966e-02,8.864718e-03,9.407822e-03,6.518678e-02,6.613994e-02,1.214687e-03,5.974232e-02,3.729205e-01,1.042309e-02,8.808202e-03,2.414271e-03,2.401816e-03,1.875068e-01,3.929848e-02
1.258927e-01,6.126144e-02,9.859480e-03,3.097992e-02,6.741455e-02,5.028368e-02,1.112717e-03,7.753658e-02,3.448656e-01,8.280093e-03,7.608149e-03,2.230561e-03,2.393506e-03,1.473142e-01,6.296676e-02
1.520049e-01,5.539685e-02,1.690814e-02,8.873394e-02,5.797760e-02,3.849292e-02,1.193566e-03,6.027378e-02,3.337295e-01,7.076281e-03,1.065156e-02,3.277806e-03,2.686184e-03,1.071929e-01,6.440406e-02
1.923766e-01,4.814482e-02,1.826754e-02,6.957727e-02,4.559873e-02,2.967410e-02,1.344531e-03,5.452433e-02,3.249416e-01,6.471538e-03,1.488289e-02,1.000049e-02,6.115826e-03,9.421861e-02,8.386108e-02
2.262903e-01,5.159914e-02,1.994283e-02,5.274536e-02,4.164071e-02,2.587307e-02,1.480581e-03,5.378290e-02,2.696372e-01,9.520683e-03,2.485240e-02,9.551322e-03,1.145527e-02,8.934789e-02,1.122803e-01
1.802388e-01,3.880458e-02,1.909042e-02,3.779819e-02,3.256949e-02,1.911210e-02,1.162004e-03,3.917769e-02,2.054039e-01,1.067094e-02,2.108314e-02,7.341412e-03,8.711686e-03,1.688909e-01,2.099447e-01
1.372273e-01,3.533337e-02,1.424767e-02,2.748059e-02,2.356593e-02,1.541651e-02,1.027987e-03,2.770565e-02,2.342535e-01,1.243632e-02,1.916965e-02,7.042714e-03,8.967948e-03,1.644202e-01,2.717047e-01
1.100895e-01,2.949089e-02,1.184966e-02,2.715127e-02,1.819983e-02,1.150099e-02,1.055171e-03,1.994039e-02,3.786239e-01,1.289306e-02,1.726511e-02,6.145778e-03,8.217490e-03,1.241911e-01,2.233858e-01
1.433631e-01,2.796110e-02,1.250711e-02,2.929451e-02,1.441854e-02,1.281808e-02,1.952496e-03,1.549553e-02,3.574943e-01,1.999234e-02,1.575210e-02,7.041841e-03,1.245450e-02,9.946196e-02,2.299924e-01
1.423174e-01,2.564755e-02,1.389270e-02,2.501311e-02,1.306804e-02,1.097100e-02,2.252929e-03,1.209963e-02,3.557784e-01,2.773263e-02,1.683230e-02,6.837082e-03,1.211177e-02,1.466808e-01,1.887646e-01
1.122625e-01,2.071503e-02,1.333796e-02,1.952785e-02,1.047606e-02,8.247579e-03,1.873857e-03,8.879734e-03,3.181321e-01,3.938456e-02,1.540935e-02,5.803626e-03,9.972064e-03,2.442657e-01,1.717120e-01
1.443675e-01,2.218941e-02,1.755596e-02,1.721441e-02,1.264155e-02,7.860593e-03,1.929940e-03,7.733798e-03,2.719930e-01,4.565661e-02,1.799834e-02,8.523321e-03,1.577090e-02,2.459059e-01,1.626587e-01
2.146787e-01,2.406548e-02,1.610368e-02,1.578860e-02,1.884617e-02,8.644247e-03,1.742611e-03,6.918968e-03,2.199254e-01,4.373645e-02,1.812395e-02,1.118926e-02,1.752862e-02,2.509360e-01,1.317718e-01
1.674342e-01,1.971099e-02,1.173142e-02,1.147568e-02,1.386947e-02,7.021422e-03,1.342355e-03,5.090784e-03,1.733394e-01,3.591879e-02,1.821392e-02,1.049450e-02,1.412126e-02,4.020463e-01,1.081896e-01
1.180950e-01,1.762919e-02,8.429528e-03,8.130919e-03,9.907860e-03,5.271739e-03,9.696989e-04,3.582464e-03,1.366521e-01,3.047170e-02,1.779738e-02,7.870818e-03,1.020365e-02,5.386537e-01,8.633432e-02
8.303552e-02,1.460710e-02,6.335494e-03,5.898604e-03,7.120078e-03,4.133959e-03,7.332157e-04,2.542300e-03,1.155685e-01,3.120448e-02,2.042300e-02,5.899814e-03,7.362843e-03,6.234761e-01,7.165898e-02
5.829623e-02,1.185703e-02,5.327904e-03,4.187697e-03,5.431781e-03,3.077889e-03,5.641427e-04,1.795007e-03,8.859468e-02,3.912611e-02,1.702855e-02,5.799950e-03,5.683664e-03,6.998289e-01,5.340047e-02
4.235978e-02,2.317567e-02,5.812583e-03,4.550320e-03,7.295883e-03,3.127101e-03,5.970875e-04,1.412510e-03,9.806734e-02,6.434630e-02,2.010801e-02,8.209532e-03,5.723584e-03,6.649560e-01,5.025834e-02
3.136344e-02,3.298362e-02,5.236994e-03,5.157507e-03,7.135609e-03,2.807761e-03,5.281006e-04,1.197619e-03,8.623768e-02,1.203701e-01,2.428693e-02,1.084288e-02,5.445887e-03,6.091709e-01,5.723505e-02
3.448776e-02,2.712487e-02,4.552994e-03,6.100014e-03,8.293014e-03,3.654379e-03,7.454251e-04,1.624910e-03,9.290491e-02,1.189421e-01,4.219415e-02,5.760127e-02,1.149737e-02,5.400843e-01,5.019249e-02
4.566896e-02,3.746755e-02,9.193473e-03,7.851289e-03,1.756442e-02,3.707707e-03,1.355498e-03,4.027753e-03,1.003657e-01,2.078277e-01,4.107773e-02,5.314496e-02,1.407353e-02,4.090256e-01,4.764810e-02
7.851286e-02,4.268961e-02,1.328375e-02,8.848776e-03,1.456256e-02,5.387259e-03,1.190191e-03,6.281664e-03,9.767646e-02,1.522996e-01,5.671714e-02,1.461671e-01,1.904534e-02,3.089234e-01,4.841424e-02
1.572517e-01,3.643031e-02,1.218283e-02,9.889234e-03,1.149916e-02,6.931913e-03,1.203947e-03,9.155635e-03,9.645140e-02,1.161189e-01,6.293219e-02,1.802138e-01,2.723980e-02,2.303113e-01,4.218784e-02
1.923074e-01,3.195463e-02,1.163634e-02,1.343091e-02,1.031390e-02,6.502111e-03,1.182360e-03,1.413250e-02,1.022498e-01,8.973041e-02,7.977293e-02,1.965623e-01,2.770426e-02,1.840329e-01,3.848721e-02
1.888525e-01,2.601049e-02,9.688109e-03,1.075714e-02,8.080177e-03,7.658864e-03,9.945246e-04,1.185195e-02,1.039126e-01,6.515555e-02,1.503719e-01,1.990630e-01,2.359295e-02,1.630505e-01,3.095977e-02
2.577267e-01,2.385830e-02,8.019413e-03,1.259155e-02,7.170378e-03,9.485668e-03,8.818493e-04,9.346354e-03,8.373874e-02,4.799495e-02,1.787128e-01,1.756074e-01,2.009437e-02,1.356666e-01,2.910490e-02
3.485236e-01,2.210109e-02,6.811765e-03,1.179791e-02,6.190276e-03,9.389110e-03,8.846790e-04,8.631388e-03,7.530323e-02,3.643550e-02,1.588553e-01,1.545012e-01,1.713496e-02,1.181110e-01,2.532904e-02
3.998757e-01,2.305192e-02,7.779314e-03,1.575011e-02,6.278646e-03,1.105168e-02,1.423504e-03,1.326386e-02,6.726269e-02,2.609309e-02,1.412760e-01,1.451055e-01,1.505240e-02,1.024377e-01,2.429803e-02
3.927544e-01,2.510034e-02,1.085128e-02,1.691318e-02,8.163282e-03,1.208602e-02,1.728131e-03,1.374615e-02,7.092958e-02,2.125959e-02,1.541198e-01,1.282614e-01,1.260426e-02,1.041302e-01,2.735237e-02
3.192466e-01,2.004350e-02,9.113142e-03,1.525730e-02,7.010388e-03,1.147062e-02,1.349943e-03,1.089506e-02,1.016344e-01,1.990992e-02,2.225052e-01,1.009509e-01,1.015534e-02,1.284011e-01,2.205664e-02
3.018932e-01,1.911843e-02,9.946820e-03,1.302659e-02,6.929843e-03,1.001575e-02,1.088311e-03,8.386560e-03,1.457724e-01,1.716815e-02,1.842437e-01,7.821363e-02,9.808877e-03,1.729370e-01,2.145077e-02
2.378405e-01,1.449326e-02,8.613735e-03,9.586937e-03,5.433113e-03,8.136841e-03,7.878718e-04,6.337573e-03,2.621576e-01,1.341997e-02,1.629587e-01,6.442715e-02,8.646793e-03,1.812723e-01,1.588754e-02
1.862692e-01,1.110199e-02,2.534899e-02,1.404434e-02,5.354309e-03,9.849466e-03,6.526657e-04,9.157734e-03,3.849004e-01,1.289683e-02,1.307700e-01,4.861478e-02,7.133307e-03,1.413072e-01,1.259889e-02
1.344418e-01,8.798581e-03,2.192402e-02,1.053070e-02,6.293558e-03,8.513596e-03,4.905036e-04,7.196271e-03,5.201584e-01,1.323710e-02,9.959754e-02,3.556589e-02,5.364650e-03,1.177427e-01,1.014476e-02
1.006476e-01,7.017118e-03,1.840006e-02,1.067104e-02,5.528330e-03,1.065320e-02,3.829516e-04,5.520979e-03,5.623534e-01,1.114457e-02,8.270872e-02,2.714547e-02,4.997144e-03,1.401633e-01,1.266624e-02
7.673551e-02,6.383329e-03,1.583923e-02,1.146619e-02,5.834728e-03,1.468592e-02,3.351519e-04,4.063204e-03,5.967091e-01,9.504816e-03,7.372999e-02,2.213250e-02,4.835964e-03,1.424129e-01,1.533150e-02
7.672969e-02,9.487530e-03,1.392716e-02,1.795180e-02,1.420480e-02,1.330313e-02,3.029710e-04,4.249263e-03,5.964881e-01,7.918376e-03,7.331459e-02,1.942587e-02,5.315405e-03,1.302753e-01,1.710606e-02
7.847090e-02,2.234538e-02,1.144927e-02,1.707070e-02,1.460856e-02,1.363509e-02,2.707124e-04,3.729733e-03,5.595492e-01,8.193271e-03,7.181491e-02,1.569701e-02,4.778435e-03,1.408246e-01,3.756230e-02
6.029421e-02,3.190782e-02,1.176837e-02,1.401388e-02,1.273481e-02,1.414658e-02,2.468690e-04,3.522103e-03,5.541340e-01,8.222296e-03,5.952682e-02,1.129062e-02,3.811048e-03,1.729039e-01,4.147671e-02
5.352077e-02,2.717967e-02,3.530174e-02,1.392931e-02,1.613963e-02,1.616285e-02,3.565798e-04,3.291221e-02,5.315192e-01,9.536285e-03,5.980939e-02,8.201527e-03,2.995259e-03,1.573687e-01,3.506696e-02
4.898652e-02,2.996033e-02,4.318311e-02,1.403035e-02,2.201928e-02,1.679390e-02,4.134459e-04,3.936577e-02,5.205476e-01,1.383728e-02,5.599019e-02,5.872054e-03,2.730248e-03,1.471865e-01,3.908341e-02
3.461804e-02,2.411270e-02,3.159130e-02,1.901216e-02,1.594833e-02,1.231640e-02,3.135039e-04,2.777911e-02,6.292864e-01,1.593977e-02,3.937603e-02,4.126527e-03,2.080537e-03,1.040482e-01,3.945100e-02
2.631363e-02,4.632504e-02,2.401309e-02,1.663079e-02,1.325477e-02,1.290064e-02,2.617007e-04,2.053648e-02,6.676074e-01,2.075459e-02,2.771889e-02,2.930183e-03,1.828981e-03,7.569294e-02,4.323080e-02
1.915792e-02,3.952045e-02,1.741481e-02,2.029779e-02,1.002460e-02,1.115804e-02,1.936287e-04,1.526023e-02,7.392650e-01,1.545072e-02,1.966963e-02,2.115461e-03,1.535700e-03,5.370549e-02,3.523050e-02
2.273377e-02,4.766113e-02,2.487528e-02,5.029831e-02,1.339756e-02,3.013632e-02,2.767937e-04,1.712848e-02,6.700141e-01,1.326817e-02,1.490454e-02,1.614787e-03,1.490973e-03,4.263039e-02,4.956934e-02
3.942443e-02,8.094594e-02,2.455784e-02,7.943587e-02,2.726219e-02,6.973540e-02,4.282699e-04,1.637223e-02,5.300199e-01,1.185216e-02,1.179526e-02,1.215704e-03,1.615446e-03,3.467460e-02,7.066465e-02
2.971838e-02,7.071312e-02,2.162278e-02,6.530750e-02,1.987636e-02,4.930636e-02,3.189781e-04,1.271184e-02,5.484540e-01,1.471560e-02,8.685922e-03,9.170788e-04,1.280287e-03,2.482252e-02,1.315492e-01
2.635868e-02,6.946599e-02,2.614457e-02,6.708343e-02,1.928190e-02,3.593332e-02,3.880531e-04,2.413103e-02,5.592433e-01,1.737969e-02,6.857904e-03,7.457798e-04,1.890573e-03,1.819252e-02,1.269032e-01
2.415032e-02,5.426143e-02,3.840301e-02,5.124484e-02,2.789279e-02,3.250434e-02,6.736394e-04,2.126277e-01,4.237297e-01,1.324212e-02,5.709222e-03,5.843121e-04,1.854656e-03,1.606845e-02,9.705336e-02
1.854833e-02,4.089505e-02,3.046111e-02,3.817164e-02,2.177925e-02,2.345353e-02,5.720344e-04,4.297087e-01,3.000460e-01,9.465312e-03,4.181304e-03,4.198187e-04,1.372724e-03,1.166378e-02,6.926140e-02
1.510874e-02,3.043324e-02,2.578054e-02,2.775173e-02,1.783345e-02,1.686199e-02,5.006047e-04,5.857252e-01,2.117501e-01,6.679786e-03,3.098069e-03,3.190925e-04,1.074987e-03,8.314967e-03,4.876750e-02
1.276759e-02,2.316536e-02,1.904627e-02,2.001282e-02,1.378142e-02,1.204040e-02,4.431141e-04,7.014215e-01,1.490192e-01,4.709871e-03,2.278295e-03,2.563008e-04,8.702292e-04,5.918966e-03,3.426868e-02
1.058991e-02,1.720993e-02,1.393871e-02,1.424956e-02,1.102510e-02,8.542559e-03,3.840512e-04,7.854437e-01,1.046104e-01,3.311021e-03,1.621259e-03,1.904094e-04,6.316535e-04,4.249001e-03,2.400281e-02
1.406313e-02,1.242808e-02,1.035225e-02,1.058127e-02,1.008952e-02,6.268397e-03,4.992226e-04,8.376287e-01,7.382053e-02,2.341109e-03,1.246050e-03,1.949866e-04,5.139931e-04,3.093637e-03,1.687913e-02
2.584318e-02,9.961797e-03,8.448844e-03,8.602533e-03,9.177734e-03,5.074154e-03,7.569628e-04,8.520458e-01,5.328868e-02,2.139089e-03,5.103840e-03,1.999222e-03,2.248205e-03,2.804227e-03,1.250573e-02
2.208552e-02,7.737397e-03,6.249172e-03,1.019803e-02,7.099855e-03,4.287233e-03,8.085148e-04,6.934872e-01,3.913822e-02,3.092620e-03,4.297866e-02,2.204835e-02,1.259510e-01,3.468580e-03,1.136965e-02
1.600471e-02,5.847746e-03,4.721697e-03,2.662721e-02,5.482003e-03,4.046364e-03,7.820411e-04,4.997645e-01,2.934215e-02,2.873610e-03,7.942319e-02,2.346803e-02,2.866089e-01,2.641447e-03,1.236643e-02
1.179960e-02,4.687593e-03,3.887470e-03,2.790995e-02,5.327816e-03,4.757955e-03,1.908708e-03,3.723849e-01,2.995089e-02,2.409334e-03,6.869679e-02,7.975397e-02,3.717361e-01,3.505011e-03,1.128397e-02
9.095163e-03,5.575811e-03,5.001320e-03,2.575014e-02,5.256065e-03,8.002659e-03,1.860988e-03,2.628704e-01,6.537271e-02,2.133902e-03,5.763380e-02,1.773594e-01,3.544257e-01,4.628109e-03,1.503390e-02
6.579404e-03,4.152569e-03,4.452089e-03,1.859208e-02,4.454156e-03,7.032227e-03,1.499961e-03,1.848921e-01,4.912691e-02,2.179096e-03,5.421640e-02,2.943345e-01,3.506599e-01,6.640890e-03,1.118778e-02
4.804916e-03,3.181299e-03,3.744926e-03,1.331784e-02,3.651114e-03,6.365086e-03,1.124429e-03,1.299046e-01,3.888931e-02,2.019155e-03,4.952602e-02,4.195778e-01,3.091087e-01,6.468911e-03,8.315872e-03
3.634697e-03,3.368574e-03,6.409243e-03,9.511024e-03,4.000252e-03,8.242787e-03,1.016505e-03,9.189594e-02,3.806966e-02,3.477588e-03,3.839364e-02,5.443320e-01,2.359535e-01,5.623935e-03,6.070636e-03
3.401089e-03,2.573936e-03,4.747437e-03,6.883353e-03,4.074541e-03,7.597865e-03,9.150933e-04,6.526065e-02,3.273556e-02,5.432572e-03,3.132229e-02,6.548194e-01,1.713526e-01,4.543659e-03,4.339961e-03
3.249790e-03,2.083226e-03,3.505760e-03,4.959101e-03,3.728469e-03,6.579210e-03,6.921719e-04,4.610043e-02,2.655731e-02,7.709570e-03,3.817550e-02,7.266963e-01,1.224271e-01,4.392513e-03,3.143629e-03
2.734000e-03,1.694978e-03,3.006491e-03,3.689535e-03,3.737864e-03,5.430302e-03,5.947849e-04,3.431844e-02,1.984958e-02,6.814085e-03,4.104235e-02,7.800325e-01,8.981726e-02,4.976634e-03,2.261271e-03
2.243156e-03,1.651802e-03,2.495741e-03,2.686065e-03,3.410318e-03,3.922409e-03,4.408744e-04,2.457520e-02,1.601194e-02,5.888139e-03,4.595795e-02,8.174231e-01,6.583754e-02,5.836779e-03,1.619005e-03
2.605656e-03,1.436514e-03,1.951930e-03,2.198593e-03,2.760129e-03,3.090664e-03,3.264917e-04,1.746924e-02,1.571782e-02,4.981697e-03,7.004628e-02,8.199015e-01,4.852447e-02,7.732536e-03,1.256525e-03
4.034774e-03,1.334945e-03,1.777727e-03,2.018765e-03,2.324170e-03,2.584424e-03,2.653578e-04,1.264195e-02,1.838679e-02,4.463031e-03,7.277343e-02,8.286357e-01,3.593723e-02,1.179182e-02,1.029880e-03
3.925297e-02,1.730363e-03,1.629253e-03,4.901349e-03,3.076030e-03,2.440176e-03,2.933602e-04,9.761010e-03,2.275304e-02,1.196084e-02,1.025763e-01,7.477375e-01,2.816767e-02,2.242189e-02,1.298212e-03
4.261552e-02,3.279703e-03,2.815350e-03,4.605332e-03,3.681579e-03,3.033147e-03,2.993055e-04,8.523127e-03,8.269717e-02,1.537867e-02,1.214088e-01,6.591592e-01,2.329708e-02,2.755789e-02,1.648106e-03
3.870483e-02,7.930450e-03,4.899078e-03,4.294301e-03,3.526481e-03,4.648848e-03,2.863497e-04,8.226709e-03,1.525233e-01,1.880069e-02,1.279184e-01,5.729565e-01,2.031971e-02,3.241260e-02,2.551808e-03
3.185167e-02,8.381713e-03,3.919166e-03,3.667891e-03,2.888646e-03,7.604345e-03,2.362601e-04,5.957402e-03,1.950040e-01,1.490109e-02,1.967260e-01,4.749430e-01,1.515089e-02,3.613286e-02,2.634999e-03
2.505935e-02,9.351823e-03,3.741324e-03,4.213337e-03,3.139398e-03,7.308951e-03,2.323569e-04,4.586195e-03,2.204347e-01,1.166390e-02,2.737952e-01,3.902402e-01,1.114273e-02,3.278883e-02,2.301791e-03
2.064703e-02,1.601727e-02,4.131779e-03,3.539497e-03,4.758069e-03,7.649803e-03,3.196895e-04,4.066098e-03,2.140948e-01,1.088274e-02,3.596534e-01,3.073678e-01,8.741362e-03,3.572301e-02,2.407579e-03
1.729349e-02,1.661298e-02,3.923980e-03,3.966821e-03,8.220502e-03,7.299988e-03,4.364174e-04,3.379574e-03,2.184485e-01,1.386311e-02,3.963372e-01,2.560293e-01,7.191241e-03,4.373423e-02,3.262601e-03
1.718404e-02,1.691579e-02,7.022846e-03,5.447735e-03,1.069409e-02,6.537791e-03,5.419540e-04,4.114572e-03,2.135324e-01,1.246934e-02,4.493336e-01,1.953362e-01,5.667088e-03,5.177012e-02,3.432523e-03
2.044957e-02,1.677023e-02,7.491344e-03,5.762984e-03,9.996755e-03,8.472661e-03,4.672283e-04,6.095271e-03,2.862407e-01,1.088098e-02,3.967032e-01,1.436244e-01,5.016186e-03,7.761835e-02,4.410264e-03
1.904688e-02,1.507932e-02,6.211081e-03,4.820933e-03,8.555376e-03,6.927964e-03,3.459593e-04,4.918638e-03,3.776136e-01,9.744157e-03,3.312687e-01,1.035031e-01,4.020160e-03,1.038321e-01,4.112149e-03
3.939646e-02,1.484094e-02,1.057375e-02,1.728092e-02,1.370282e-02,1.356030e-02,4.887573e-04,5.166230e-03,3.665632e-01,9.854284e-03,3.230268e-01,7.935452e-02,3.945964e-03,9.524003e-02,7.005067e-03
3.482787e-02,1.729291e-02,1.084330e-02,1.948672e-02,1.233560e-02,1.537804e-02,4.497741e-04,3.858464e-03,3.865103e-01,9.828306e-03,3.134002e-01,6.265853e-02,4.238741e-03,1.001641e-01,8.727171e-03
3.056081e-02,2.147714e-02,9.362669e-03,1.690986e-02,1.285674e-02,2.643650e-02,3.663747e-04,3.032694e-03,4.366744e-01,1.244413e-02,2.409492e-01,4.686614e-02,3.672558e-03,1.289218e-01,9.468923e-03
3.845146e-02,2.374059e-02,1.439171e-02,1.776452e-02,1.631581e-02,3.231842e-02,8.669131e-04,1.297734e-02,4.708996e-01,1.941657e-02,1.879339e-01,3.510850e-02,3.167371e-03,1.156268e-01,1.102053e-02
4.090510e-02,3.846557e-02,1.548814e-02,2.447416e-02,1.867580e-02,5.528703e-02,8.148857e-04,1.112015e-02,4.777764e-01,2.613318e-02,1.486333e-01,2.607637e-02,3.111523e-03,9.538165e-02,1.765683e-02
3.409743e-02,3.719442e-02,3.051703e-02,6.625978e-02,2.226936e-02,5.242946e-02,7.632910e-04,1.012983e-02,4.593107e-01,3.132620e-02,1.116445e-01,2.206190e-02,3.780734e-03,6.950733e-02,4.870815e-02
4.533613e-02,4.432260e-02,3.796180e-02,6.320622e-02,2.241514e-02,1.454768e-01,8.840354e-04,1.915832e-02,3.731528e-01,2.543239e-02,8.572093e-02,1.768624e-02,3.632272e-03,6.012198e-02,5.549235e-02
4.870101e-02,4.936891e-02,5.050881e-02,6.126057e-02,1.853898e-02,1.336721e-01,8.751279e-04,2.576264e-02,2.822812e-01,2.270774e-02,6.230112e-02,1.370772e-02,3.987690e-03,4.820187e-02,1.781246e-01
4.793853e-02,4.825581e-02,9.012048e-02,4.900705e-02,2.661525e-02,1.136692e-01,7.649874e-04,1.953357e-02,2.331117e-01,2.230589e-02,4.527028e-02,1.018099e-02,3.791509e-03,4.353154e-02,2.459032e-01
4.654988e-02,6.189954e-02,9.407711e-02,1.052775e-01,7.527083e-02,8.568162e-02,1.181674e-03,2.361417e-02,2.009820e-01,1.625952e-02,3.383914e-02,7.780686e-03,3.740072e-03,3.115030e-02,2.126960e-01
4.832323e-02,6.908845e-02,8.502365e-02,8.529212e-02,5.799638e-02,9.382352e-02,9.060744e-04,1.932521e-02,1.611325e-01,1.368908e-02,2.616031e-02,7.820449e-03,4.220016e-03,2.494643e-02,3.022526e-01
4.788485e-02,6.459365e-02,1.381978e-01,1.989554e-01,5.772938e-02,7.236529e-02,1.007261e-03,1.857630e-02,1.205680e-01,1.041583e-02,2.018901e-02,6.205941e-03,3.760890e-03,1.833859e-02,2.212118e-01
8.474644e-02,7.526878e-02,1.338893e-01,2.163084e-01,5.538527e-02,7.632228e-02,1.051304e-03,1.815744e-02,9.658164e-02,8.112455e-03,2.039648e-02,6.350378e-03,4.877572e-03,1.512310e-02,1.874292e-01
7.864927e-02,8.019282e-02,1.692408e-01,2.396032e-01,5.480819e-02,5.592169e-02,1.092190e-03,3.793049e-02,7.963206e-02,6.646997e-03,1.609227e-02,5.492030e-03,4.575142e-03,1.100003e-02,1.591228e-01
8.094721e-02,1.851065e-01,1.333553e-01,1.848992e-01,5.733500e-02,6.379390e-02,1.220046e-03,3.421974e-02,1.008266e-01,4.833149e-03,1.334855e-02,4.755652e-03,4.207179e-03,8.368190e-03,1.227839e-01
1.187991e-01,1.596328e-01,1.098285e-01,1.400483e-01,6.407838e-02,7.992719e-02,7.033978e-03,3.296945e-02,1.393857e-01,3.639652e-03,1.020176e-02,6.403521e-03,3.081416e-02,6.357849e-03,9.087980e-02
1.259862e-01,1.172295e-01,1.574395e-01,1.313094e-01,6.162335e-02,7.220615e-02,7.271286e-03,4.263724e-02,1.574115e-01,3.735071e-03,8.197278e-03,7.394407e-03,3.570775e-02,4.652225e-03,6.719925e-02
1.086005e-01,8.714402e-02,1.563180e-01,1.119342e-01,4.652552e-02,6.092213e-02,5.547774e-03,3.514683e-02,2.759956e-01,6.432147e-03,7.341783e-03,6.850084e-03,3.012191e-02,3.605189e-03,5.751438e-02
1.763890e-01,7.349898e-02,1.201813e-01,8.612182e-02,3.842877e-02,4.954720e-02,5.426353e-03,4.929147e-02,2.685190e-01,5.790201e-03,8.747824e-03,8.152131e-03,5.493708e-02,3.780603e-03,5.118835e-02
2.153441e-01,6.563074e-02,8.966197e-02,6.465817e-02,3.535467e-02,4.444889e-02,6.393479e-03,4.735123e-02,2.477020e-01,5.001595e-03,8.612760e-03,8.899077e-03,1.135246e-01,3.053286e-03,4.436354e-02
1.821350e-01,5.578097e-02,6.564350e-02,5.073604e-02,2.744936e-02,3.391173e-02,5.684511e-03,3.576854e-02,2.226931e-01,4.700200e-03,7.785278e-03,8.086030e-03,2.545724e-01,2.515903e-03,4.253751e-02
1.841421e-01,6.570691e-02,4.756412e-02,4.841903e-02,2.486007e-02,2.898500e-02,4.588505e-03,2.678174e-02,2.452572e-01,4.738583e-03,7.746946e-03,6.580784e-03,2.660040e-01,2.452374e-03,3.617256e-02
1.564196e-01,8.481359e-02,3.380997e-02,5.148913e-02,1.981250e-02,2.332194e-02,3.341835e-03,1.920975e-02,2.560883e-01,4.473647e-03,6.519597e-03,6.178032e-03,3.025863e-01,2.012115e-03,2.992375e-02
1.153007e-01,6.816315e-02,2.413367e-02,4.282511e-02,1.498748e-02,1.967933e-02,2.506808e-03,1.377133e-02,2.632679e-01,3.366495e-03,5.071496e-03,5.206338e-03,3.970558e-01,1.483628e-03,2.318083e-02
9.685274e-02,5.585137e-02,1.750337e-02,3.631788e-02,1.460247e-02,1.624728e-02,2.386847e-03,1.082397e-02,2.239999e-01,2.797750e-03,4.783755e-03,5.253271e-03,4.907050e-01,1.182428e-03,2.069191e-02
