1.000000e+00,0.000000e+00,0.000000e+00,0.000000e+00,0.000000e+00,0.000000e+00,0.000000e+00,0.000000e+00,0.000000e+00,0.000000e+00,0.000000e+00,0.000000e+00,0.000000e+00,0.000000e+00,0.000000e+00
1.000000e+00,0.000000e+00,0.000000e+00,0.000000e+00,0.000000e+00,0.000000e+00,0.000000e+00,0.000000e+00,0.000000e+00,0.000000e+00,0.000000e+00,0.000000e+00,0.000000e+00,0.000000e+00,0.000000e+00
1.000000e+00,0.000000e+00,0.000000e+00,0.000000e+00,0.000000e+00,0.000000e+00,0.000000e+00,0.000000e+00,0.000000e+00,0.000000e+00,0.000000e+00,0.000000e+00,0.000000e+00,0.000000e+00,0.000000e+00
1.000000e+00,0.000000e+00,0.000000e+00,0.000000e+00,0.000000e+00,0.000000e+00,0.000000e+00,0.000000e+00,0.000000e+00,0.000000e+00,0.000000e+00,0.000000e+00,0.000000e+00,0.000000e+00,0.000000e+00
1.000000e+00,0.000000e+00,0.000000e+00,0.000000e+00,0.000000e+00,0.000000e+00,0.000000e+00,0.000000e+00,0.000000e+00,0.000000e+00,0.000000e+00,0.000000e+00,0.000000e+00,0.000000e+00,0.000000e+00
1.000000e+00,0.000000e+00,0.000000e+00,0.000000e+00,0.000000e+00,0.000000e+00,0.000000e+00,0.000000e+00,0.000000e+00,0.000000e+00,0.000000e+00,0.000000e+00,0.000000e+00,0.000000e+00,0.000000e+00
1.000000e+00,0.000000e+00,0.000000e+00,0.000000e+00,0.000000e+00,0.000000e+00,0.000000e+00,0.000000e+00,0.000000e+00,0.000000e+00,0.000000e+00,0.000000e+00,0.000000e+00,0.000000e+00,0.000000e+00
1.000000e+00,0.000000e+00,0.000000e+00,0.000000e+00,0.000000e+00,0.000000e+00,0.000000e+00,0.000000e+00,0.000000e+00,0.000000e+00,0.000000e+00,0.000000e+00,0.000000e+00,0.000000e+00,0.000000e+00
1.000000e+00,0.000000e+00,0.000000e+00,0.000000e+00,0.000000e+00,0.000000e+00,0.000000e+00,0.000000e+00,0.000000e+00,0.000000e+00,0.000000e+00,0.000000e+00,0.000000e+00,0.000000e+00,0.000000e+00
1.000000e+00,0.000000e+00,0.000000e+00,0.000000e+00,0.000000e+00,0.000000e+00,0.000000e+00,0.000000e+00,0.000000e+00,0.000000e+00,0.000000e+00,0.000000e+00,0.000000e+00,0.000000e+00,0.000000e+00
1.000000e+00,0.000000e+00,0.000000e+00,0.000000e+00,0.000000e+00,0.000000e+00,0.000000e+00,0.000000e+00,0.000000e+00,0.000000e+00,0.000000e+00,0.000000e+00,0.000000e+00,0.000000e+00,0.000000e+00
1.000000e+00,0.000000e+00,0.000000e+00,0.000000e+00,0.000000e+00,0.000000e+00,0.000000e+00,0.000000e+00,0.000000e+00,0.000000e+00,0.000000e+00,0.000000e+00,0.000000e+00,0.000000e+00,0.000000e+00
1.000000e+00,0.000000e+00,0.000000e+00,0.000000e+00,0.000000e+00,0.000000e+00,0.000000e+00,0.000000e+00,0.000000e+00,0.000000e+00,0.000000e+00,0.000000e+00,0.000000e+00,0.000000e+00,0.000000e+00
1.000000e+00,0.000000e+00,0.000000e+00,0.000000e+00,0.000000e+00,0.000000e+00,0.000000e+00,0.000000e+00,0.000000e+00,0.000000e+00,0.000000e+00,0.000000e+00,0.000000e+00,0.000000e+00,0.000000e+00
1.000000e+00,0.000000e+00,0.000000e+00,0.000000e+00,0.000000e+00,0.000000e+00,0.000000e+00,0.000000e+00,0.000000e+00,0.000000e+00,0.000000e+00,0.000000e+00,0.000000e+00,0.000000e+00,0.000000e+00
1.000000e+00,0.000000e+00,0.000000e+00,0.000000e+00,0.000000e+00,0.000000e+00,0.000000e+00,0.000000e+00,0.000000e+00,0.000000e+00,0.000000e+00,0.000000e+00,0.000000e+00,0.000000e+00,0.000000e+00
1.000000e+00,0.000000e+00,0.000000e+00,0.000000e+00,0.000000e+00,0.000000e+00,0.000000e+00,0.000000e+00,0.000000e+00,0.000000e+00,0.000000e+00,0.000000e+00,0.000000e+00,0.000000e+00,0.000000e+00
1.000000e+00,0.000000e+00,0.000000e+00,0.000000e+00,0.000000e+00,0.000000e+00,0.000000e+00,0.000000e+00,0.000000e+00,0.000000e+00,0.000000e+00,0.000000e+00,0.000000e+00,0.000000e+00,0.000000e+00
1.000000e+00,0.000000e+00,0.000000e+00,0.000000e+00,0.000000e+00,0.000000e+00,0.000000e+00,0.000000e+00,0.000000e+00,0.000000e+00,0.000000e+00,0.000000e+00,0.000000e+00,0.000000e+00,0.000000e+00
1.000000e+00,0.000000e+00,0.000000e+00,0.000000e+00,0.000000e+00,0.000000e+00,0.000000e+00,0.000000e+00,0.000000e+00,0.000000e+00,0.000000e+00,0.000000e+00,0.000000e+00,0.000000e+00,0.000000e+00
1.000000e+00,0.000000e+00,0.000000e+00,0.000000e+00,0.000000e+00,0.000000e+00,0.000000e+00,0.000000e+00,0.000000e+00,0.000000e+00,0.000000e+00,0.000000e+00,0.000000e+00,0.000000e+00,0.000000e+00
1.000000e+00,0.000000e+00,0.000000e+00,0.000000e+00,0.000000e+00,0.000000e+00,0.000000e+00,0.000000e+00,0.000000e+00,0.000000e+00,0.000000e+00,0.000000e+00,0.000000e+00,0.000000e+00,0.000000e+00
1.000000e+00,0.000000e+00,0.000000e+00,0.000000e+00,0.000000e+00,0.000000e+00,0.000000e+00,0.000000e+00,0.000000e+00,0.000000e+00,0.000000e+00,0.000000e+00,0.000000e+00,0.000000e+00,0.000000e+00
1.000000e+00,0.000000e+00,0.000000e+00,0.000000e+00,0.000000e+00,0.000000e+00,0.000000e+00,0.000000e+00,0.000000e+00,0.000000e+00,0.000000e+00,0.000000e+00,0.000000e+00,0.000000e+00,0.000000e+00
1.000000e+00,0.000000e+00,0.000000e+00,0.000000e+00,0.000000e+00,0.000000e+00,0.000000e+00,0.000000e+00,0.000000e+00,0.000000e+00,0.000000e+00,0.000000e+00,0.000000e+00,0.000000e+00,0.000000e+00
1.000000e+00,0.000000e+00,0.000000e+00,0.000000e+00,0.000000e+00,0.000000e+00,0.000000e+00,0.000000e+00,0.000000e+00,0.000000e+00,0.000000e+00,0.000000e+00,0.000000e+00,0.000000e+00,0.000000e+00
1.000000e+00,0.000000e+00,0.000000e+00,0.000000e+00,0.000000e+00,0.000000e+00,0.000000e+00,0.000000e+00,0.000000e+00,0.000000e+00,0.000000e+00,0.000000e+00,0.000000e+00,0.000000e+00,0.000000e+00
1.000000e+00,0.000000e+00,0.000000e+00,0.000000e+00,0.000000e+00,0.000000e+00,0.000000e+00,0.000000e+00,0.000000e+00,0.000000e+00,0.000000e+00,0.000000e+00,0.000000e+00,0.000000e+00,0.000000e+00
1.000000e+00,0.000000e+00,0.000000e+00,0.000000e+00,0.000000e+00,0.000000e+00,0.000000e+00,0.000000e+00,0.000000e+00,0.000000e+00,0.000000e+00,0.000000e+00,0.000000e+00,0.000000e+00,0.000000e+00
1.000000e+00,0.000000e+00,0.000000e+00,0.000000e+00,0.000000e+00,0.000000e+00,0.000000e+00,0.000000e+00,0.000000e+00,0.000000e+00,0.000000e+00,0.000000e+00,0.000000e+00,0.000000e+00,0.000000e+00
1.000000e+00,0.000000e+00,0.000000e+00,0.000000e+00,0.000000e+00,0.000000e+00,0.000000e+00,0.000000e+00,0.000000e+00,0.000000e+00,0.000000e+00,0.000000e+00,0.000000e+00,0.000000e+00,0.000000e+00
1.000000e+00,0.000000e+00,0.000000e+00,0.000000e+00,0.000000e+00,0.000000e+00,0.000000e+00,0.000000e+00,0.000000e+00,0.000000e+00,0.000000e+00,0.000000e+00,0.000000e+00,0.000000e+00,0.000000e+00
1.000000e+00,0.000000e+00,0.000000e+00,0.000000e+00,0.000000e+00,0.000000e+00,0.000000e+00,0.000000e+00,0.000000e+00,0.000000e+00,0.000000e+00,0.000000e+00,0.000000e+00,0.000000e+00,0.000000e+00
1.000000e+00,0.000000e+00,0.000000e+00,0.000000e+00,0.000000e+00,0.000000e+00,0.000000e+00,0.000000e+00,0.000000e+00,0.000000e+00,0.000000e+00,0.000000e+00,0.000000e+00,0.000000e+00,0.000000e+00
1.000000e+00,0.000000e+00,0.000000e+00,0.000000e+00,0.000000e+00,0.000000e+00,0.000000e+00,0.000000e+00,0.000000e+00,0.000000e+00,0.000000e+00,0.000000e+00,0.000000e+00,0.000000e+00,0.000000e+00
1.000000e+00,0.000000e+00,0.000000e+00,0.000000e+00,0.000000e+00,0.000000e+00,0.000000e+00,0.000000e+00,0.000000e+00,0.000000e+00,0.000000e+00,0.000000e+00,0.000000e+00,0.000000e+00,0.000000e+00
1.000000e+00,0.000000e+00,0.000000e+00,0.000000e+00,0.000000e+00,0.000000e+00,0.000000e+00,0.000000e+00,0.000000e+00,0.000000e+00,0.000000e+00,0.000000e+00,0.000000e+00,0.000000e+00,0.000000e+00
1.000000e+00,0.000000e+00,0.000000e+00,0.000000e+00,0.000000e+00,0.000000e+00,0.000000e+00,0.000000e+00,0.000000e+00,0.000000e+00,0.000000e+00,0.000000e+00,0.000000e+00,0.000000e+00,0.000000e+00
1.000000e+00,0.000000e+00,0.000000e+00,0.000000e+00,0.000000e+00,0.000000e+00,0.000000e+00,0.000000e+00,0.000000e+00,0.000000e+00,0.000000e+00,0.000000e+00,0.000000e+00,0.000000e+00,0.000000e+00
1.000000e+00,0.000000e+00,0.000000e+00,0.000000e+00,0.000000e+00,0.000000e+00,0.000000e+00,0.000000e+00,0.000000e+00,0.000000e+00,0.000000e+00,0.000000e+00,0.000000e+00,0.000000e+00,0.000000e+00
1.000000e+00,0.000000e+00,0.000000e+00,0.000000e+00,0.000000e+00,0.000000e+00,0.000000e+00,0.000000e+00,0.000000e+00,0.000000e+00,0.000000e+00,0.000000e+00,0.000000e+00,0.000000e+00,0.000000e+00
1.000000e+00,0.000000e+00,0.000000e+00,0.000000e+00,0.000000e+00,0.000000e+00,0.000000e+00,0.000000e+00,0.000000e+00,0.000000e+00,0.000000e+00,0.000000e+00,0.000000e+00,0.000000e+00,0.000000e+00
1.000000e+00,0.000000e+00,0.000000e+00,0.000000e+00,0.000000e+00,0.000000e+00,0.000000e+00,0.000000e+00,0.000000e+00,0.000000e+00,0.000000e+00,0.000000e+00,0.000000e+00,0.000000e+00,0.000000e+00
1.000000e+00,0.000000e+00,0.000000e+00,0.000000e+00,0.000000e+00,0.000000e+00,0.000000e+00,0.000000e+00,0.000000e+00,0.000000e+00,0.000000e+00,0.000000e+00,0.000000e+00,0.000000e+00,0.000000e+00
1.000000e+00,0.000000e+00,0.000000e+00,0.000000e+00,0.000000e+00,0.000000e+00,0.000000e+00,0.000000e+00,0.000000e+00,0.000000e+00,0.000000e+00,0.000000e+00,0.000000e+00,0.000000e+00,0.000000e+00
1.000000e+00,0.000000e+00,0.000000e+00,0.000000e+00,0.000000e+00,0.000000e+00,0.000000e+00,0.000000e+00,0.000000e+00,0.000000e+00,0.000000e+00,0.000000e+00,0.000000e+00,0.000000e+00,0.000000e+00
1.000000e+00,0.000000e+00,0.000000e+00,0.000000e+00,0.000000e+00,0.000000e+00,0.000000e+00,0.000000e+00,0.000000e+00,0.000000e+00,0.000000e+00,0.000000e+00,0.000000e+00,0.000000e+00,0.000000e+00
1.000000e+00,0.000000e+00,0.000000e+00,0.000000e+00,0.000000e+00,0.000000e+00,0.000000e+00,0.000000e+00,0.000000e+00,0.000000e+00,0.000000e+00,0.000000e+00,0.000000e+00,0.000000e+00,0.000000e+00
1.000000e+00,0.000000e+00,0.000000e+00,0.000000e+00,0.000000e+00,0.000000e+00,0.000000e+00,0.000000e+00,0.000000e+00,0.000000e+00,0.000000e+00,0.000000e+00,0.000000e+00,0.000000e+00,0.000000e+00
1.000000e+00,0.000000e+00,0.000000e+00,0.000000e+00,0.000000e+00,0.000000e+00,0.000000e+00,0.000000e+00,0.000000e+00,0.000000e+00,0.000000e+00,0.000000e+00,0.000000e+00,0.000000e+00,0.000000e+00
1.000000e+00,0.000000e+00,0.000000e+00,0.000000e+00,0.000000e+00,0.000000e+00,0.000000e+00,0.000000e+00,0.000000e+00,0.000000e+00,0.000000e+00,0.000000e+00,0.000000e+00,0.000000e+00,0.000000e+00
1.000000e+00,0.000000e+00,0.000000e+00,0.000000e+00,0.000000e+00,0.000000e+00,0.000000e+00,0.000000e+00,0.000000e+00,0.000000e+00,0.000000e+00,0.000000e+00,0.000000e+00,0.000000e+00,0.000000e+00
1.000000e+00,0.000000e+00,0.000000e+00,0.000000e+00,0.000000e+00,0.000000e+00,0.000000e+00,0.000000e+00,0.000000e+00,0.000000e+00,0.000000e+00,0.000000e+00,0.000000e+00,0.000000e+00,0.000000e+00
1.000000e+00,0.000000e+00,0.000000e+00,0.000000e+00,0.000000e+00,0.000000e+00,0.000000e+00,0.000000e+00,0.000000e+00,0.000000e+00,0.000000e+00,0.000000e+00,0.000000e+00,0.000000e+00,0.000000e+00
1.000000e+00,0.000000e+00,0.000000e+00,0.000000e+00,0.000000e+00,0.000000e+00,0.000000e+00,0.000000e+00,0.000000e+00,0.000000e+00,0.000000e+00,0.000000e+00,0.000000e+00,0.000000e+00,0.000000e+00
1.000000e+00,0.000000e+00,0.000000e+00,0.000000e+00,0.000000e+00,0.000000e+00,0.000000e+00,0.000000e+00,0.000000e+00,0.000000e+00,0.000000e+00,0.000000e+00,0.000000e+00,0.000000e+00,0.000000e+00
3.711001e-01,1.197134e-02,1.406962e-02,7.303999e-02,8.576935e-03,1.940602e-02,7.554717e-03,4.232810e-01,1.178580e-02,1.121339e-03,1.304145e-02,1.287182e-02,1.617242e-02,2.968523e-03,1.303901e-02
2.797676e-01,8.614177e-03,1.075646e-02,5.159065e-02,6.286169e-03,1.587136e-02,7.648346e-03,5.682930e-01,8.287542e-03,8.366845e-04,9.256096e-03,9.402646e-03,1.181926e-02,2.158856e-03,9.411232e-03
2.141833e-01,6.193244e-03,8.043069e-03,3.638843e-02,4.689261e-03,1.265143e-02,7.190669e-03,6.738747e-01,5.826198e-03,6.135652e-04,6.562117e-03,6.847648e-03,8.582714e-03,1.562990e-03,6.790682e-03
1.738314e-01,4.669619e-03,6.248004e-03,2.579118e-02,3.995723e-03,1.167862e-02,1.250167e-02,7.319493e-01,4.131025e-03,4.636680e-04,4.700090e-03,5.249229e-03,8.539915e-03,1.147673e-03,5.102867e-03
1.677673e-01,4.004689e-03,5.229584e-03,1.890549e-02,6.192936e-03,1.072518e-02,1.254024e-02,7.460611e-01,3.682725e-03,6.419699e-04,4.125855e-03,5.169780e-03,9.236714e-03,1.055380e-03,4.661129e-03
1.554059e-01,3.262833e-03,4.089398e-03,1.371838e-02,9.766608e-03,1.098795e-02,1.086151e-02,7.622632e-01,3.925985e-03,8.495812e-04,3.752996e-03,5.567165e-03,1.074582e-02,9.033815e-04,3.899178e-03
1.603605e-01,5.837353e-03,3.745361e-03,1.236175e-02,1.359143e-02,1.716966e-02,8.912120e-03,6.668162e-01,1.284092e-02,2.248744e-03,1.064108e-02,1.424506e-02,6.087777e-02,2.170329e-03,8.181589e-03
1.764061e-01,8.981586e-03,3.416993e-03,1.521719e-02,1.460768e-02,1.384463e-02,6.766571e-03,5.985442e-01,2.445609e-02,1.292896e-02,1.593226e-02,2.038314e-02,7.244409e-02,3.444076e-03,1.262639e-02
1.638668e-01,9.453446e-03,3.036384e-03,1.697177e-02,1.184255e-02,1.131121e-02,5.067316e-03,4.544488e-01,8.466382e-02,2.632220e-02,2.685296e-02,2.478163e-02,9.764646e-02,5.416538e-03,5.831813e-02
1.242030e-01,9.098097e-03,4.406877e-03,3.020654e-02,1.113264e-02,8.795297e-03,3.836156e-03,3.214125e-01,1.967731e-01,6.569920e-02,2.113205e-02,2.118079e-02,7.594337e-02,4.244118e-03,1.019362e-01
1.724388e-01,9.772266e-03,4.564229e-03,3.137570e-02,1.137129e-02,9.213557e-03,3.265936e-03,2.314219e-01,1.858859e-01,4.883250e-02,3.438750e-02,2.093567e-02,8.410236e-02,5.722218e-03,1.467102e-01
2.489164e-01,1.041176e-02,4.040635e-03,2.817650e-02,1.122626e-02,1.241158e-02,2.937197e-03,1.657083e-01,1.523783e-01,3.541442e-02,3.023331e-02,1.825598e-02,1.093601e-01,8.470322e-03,1.620589e-01
3.709315e-01,9.043605e-03,4.154679e-03,2.458688e-02,1.160470e-02,1.377166e-02,2.585183e-03,1.182647e-01,1.211471e-01,2.528634e-02,2.641999e-02,1.515805e-02,1.102006e-01,7.862600e-03,1.389824e-01
3.291698e-01,1.060275e-02,1.385076e-02,2.637749e-02,1.040228e-02,1.711200e-02,4.133875e-03,8.549062e-02,2.086714e-01,1.858774e-02,2.088893e-02,1.632892e-02,8.762000e-02,1.070064e-02,1.400628e-01
3.745961e-01,8.614230e-03,1.169548e-02,2.217804e-02,1.121000e-02,1.713422e-02,3.498960e-03,6.254736e-02,1.537086e-01,1.388016e-02,2.727935e-02,2.018197e-02,1.532905e-01,1.359710e-02,1.065879e-01
3.363419e-01,7.712350e-03,1.131224e-02,1.834758e-02,3.074640e-02,1.568632e-02,3.203792e-03,4.630413e-02,1.318588e-01,1.054144e-02,5.014896e-02,2.091182e-02,1.941339e-01,1.302661e-02,1.097237e-01
3.320074e-01,6.766123e-03,9.563193e-03,1.356299e-02,4.621682e-02,1.967249e-02,3.239891e-03,3.624970e-02,9.970022e-02,7.638931e-03,4.928916e-02,7.346777e-02,1.968361e-01,1.132030e-02,9.446883e-02
3.017129e-01,6.853696e-03,8.266988e-03,1.051790e-02,4.433177e-02,2.569263e-02,3.757756e-03,3.360420e-02,7.985328e-02,5.866455e-03,4.089907e-02,1.062503e-01,2.281739e-01,9.594429e-03,9.462471e-02
3.246100e-01,1.242915e-02,2.831597e-02,1.044482e-02,4.109967e-02,2.942455e-02,6.980133e-03,2.845185e-02,6.039016e-02,6.097447e-03,3.338842e-02,1.421631e-01,1.948161e-01,1.039305e-02,7.099562e-02
2.736843e-01,1.230858e-02,2.141825e-02,8.365951e-03,3.804719e-02,2.457703e-02,6.008308e-03,2.103041e-02,5.657241e-02,5.820005e-03,3.840828e-02,2.071614e-01,2.107240e-01,1.144462e-02,6.442936e-02
2.676433e-01,1.011331e-02,1.699053e-02,7.038536e-03,8.428961e-02,2.492118e-02,9.566053e-03,1.770874e-02,7.257725e-02,5.628530e-03,5.101749e-02,1.926746e-01,1.774524e-01,1.120839e-02,5.117008e-02
2.789217e-01,1.009151e-02,1.319679e-02,6.085300e-03,7.682382e-02,2.153520e-02,1.163842e-02,2.130530e-02,1.092398e-01,5.598703e-03,5.069176e-02,1.871269e-01,1.603789e-01,9.272522e-03,3.809325e-02
3.190121e-01,2.077568e-02,2.365396e-02,5.849405e-03,6.613536e-02,2.011408e-02,1.228221e-02,2.192966e-02,1.236601e-01,5.650192e-03,4.275100e-02,1.651889e-01,1.336227e-01,8.058836e-03,3.131577e-02
3.344381e-01,2.571616e-02,6.514897e-02,1.166987e-02,5.915921e-02,2.475682e-02,9.977251e-03,2.203504e-02,1.224790e-01,6.920782e-03,3.351933e-02,1.478913e-01,1.014613e-01,9.263025e-03,2.556378e-02
2.744343e-01,4.042631e-02,7.724442e-02,1.658256e-02,5.359529e-02,3.214048e-02,9.346917e-03,2.639773e-02,2.052867e-01,7.590264e-03,2.852631e-02,1.202114e-01,8.009136e-02,7.980339e-03,2.014563e-02
2.588147e-01,5.363703e-02,7.079704e-02,2.074832e-02,5.839507e-02,3.763967e-02,1.309737e-02,2.212457e-02,2.476250e-01,1.011884e-02,2.272540e-02,8.899115e-02,6.650854e-02,6.744674e-03,2.203264e-02
1.872633e-01,6.158140e-02,1.702581e-01,8.039299e-02,5.776783e-02,2.923789e-02,1.131944e-02,1.595226e-02,2.130184e-01,9.203830e-03,1.741416e-02,6.484452e-02,4.933767e-02,4.892719e-03,2.751543e-02
1.430901e-01,7.862942e-02,1.725453e-01,6.653184e-02,6.062474e-02,3.934408e-02,9.542991e-03,1.202654e-02,1.854545e-01,1.214475e-02,1.484781e-02,4.607271e-02,3.867152e-02,3.939829e-03,1.165338e-01
1.268709e-01,7.857063e-02,1.375465e-01,2.037703e-01,6.121032e-02,3.156948e-02,9.261907e-03,9.181868e-03,1.509719e-01,1.034857e-02,1.232502e-02,3.318576e-02,3.066898e-02,2.906738e-03,1.016111e-01
2.157081e-01,7.115619e-02,1.164895e-01,1.849277e-01,5.045948e-02,2.870646e-02,8.280477e-03,7.799194e-03,1.372307e-01,9.658827e-03,1.382637e-02,2.703370e-02,2.854784e-02,2.803731e-03,9.737177e-02
3.170252e-01,6.262635e-02,9.043398e-02,1.844414e-01,4.290561e-02,2.764541e-02,7.899482e-03,8.417043e-03,1.109741e-01,7.456840e-03,1.132376e-02,2.258712e-02,2.618191e-02,2.451302e-03,7.763044e-02
3.388482e-01,6.069993e-02,8.127666e-02,2.074353e-01,3.764358e-02,2.472632e-02,6.471796e-03,7.758239e-03,1.116193e-01,7.235137e-03,9.332739e-03,1.804926e-02,2.194762e-02,2.265569e-03,6.469033e-02
4.296435e-01,5.270846e-02,6.126082e-02,1.769819e-01,3.295903e-02,2.290916e-02,5.477944e-03,7.904448e-03,9.771866e-02,6.685379e-03,1.038164e-02,1.653054e-02,1.876212e-02,2.557382e-03,5.751904e-02
3.986299e-01,5.208985e-02,6.296506e-02,2.337977e-01,2.660862e-02,1.805916e-02,4.322903e-03,9.112558e-03,1.008717e-01,6.026144e-03,8.978947e-03,1.286013e-02,1.474549e-02,2.046000e-03,4.888577e-02
1.000000e+00,0.000000e+00,0.000000e+00,0.000000e+00,0.000000e+00,0.000000e+00,0.000000e+00,0.000000e+00,0.000000e+00,0.000000e+00,0.000000e+00,0.000000e+00,0.000000e+00,0.000000e+00,0.000000e+00
4.243463e-01,5.098021e-02,4.941549e-02,2.873322e-01,1.760771e-02,1.233867e-02,2.950582e-03,8.468736e-03,7.826862e-02,3.651079e-03,7.246309e-03,8.778535e-03,9.851290e-03,1.472640e-03,3.729159e-02
3.733902e-01,4.709110e-02,6.692208e-02,3.418617e-01,1.454632e-02,1.035131e-02,2.443004e-03,7.037811e-03,6.569997e-02,3.275853e-03,1.184001e-02,7.747259e-03,8.843338e-03,2.187942e-03,3.676222e-02
2.977085e-01,4.052184e-02,5.965784e-02,3.385884e-01,2.269495e-02,1.308456e-02,3.126817e-03,6.827694e-03,1.027265e-01,2.990519e-03,3.511871e-02,6.297381e-03,1.991446e-02,3.092947e-03,4.764893e-02
2.371806e-01,3.026357e-02,4.221234e-02,2.563358e-01,1.805222e-02,1.051374e-02,2.282860e-03,5.116396e-03,1.143436e-01,2.735235e-03,3.682590e-02,6.249890e-03,1.803682e-01,4.945107e-03,5.257461e-02
2.102398e-01,2.404960e-02,3.514341e-02,2.027847e-01,1.458567e-02,8.798596e-03,1.816118e-03,4.119099e-03,2.392244e-01,4.002534e-03,2.981691e-02,5.722918e-03,1.396231e-01,8.137981e-03,7.193522e-02
2.072390e-01,2.053989e-02,4.006455e-02,1.597496e-01,1.295194e-02,9.277284e-03,1.974779e-03,5.792112e-03,2.258959e-01,1.418202e-02,3.297167e-02,5.793856e-03,1.157251e-01,2.127362e-02,1.265687e-01
2.293643e-01,2.044404e-02,5.126792e-02,1.159101e-01,1.345697e-02,1.303859e-02,2.043669e-03,9.617494e-03,1.855630e-01,2.375659e-02,3.693609e-02,7.289480e-03,9.964173e-02,3.831624e-02,1.533538e-01
2.332429e-01,2.865987e-02,3.999148e-02,8.315265e-02,2.506889e-02,4.013176e-02,2.552999e-03,1.807109e-02,1.641477e-01,2.456307e-02,3.448245e-02,1.432704e-02,1.304922e-01,3.202468e-02,1.290912e-01
2.510255e-01,2.612799e-02,2.926360e-02,5.980070e-02,2.554619e-02,4.151620e-02,2.977989e-03,1.802521e-02,1.328585e-01,1.864092e-02,2.730083e-02,1.522844e-02,2.050669e-01,3.162724e-02,1.149938e-01
2.733110e-01,2.254151e-02,2.658267e-02,4.316564e-02,2.009271e-02,4.293993e-02,3.756986e-03,1.532621e-02,1.038574e-01,1.519306e-02,2.215407e-02,1.453699e-02,2.729259e-01,3.030465e-02,9.331133e-02
2.932811e-01,2.126870e-02,2.280104e-02,3.155879e-02,1.916545e-02,4.626206e-02,3.587944e-03,1.394157e-02,8.463707e-02,1.590488e-02,1.859078e-02,1.277814e-02,2.938026e-01,3.059784e-02,9.182210e-02
3.121394e-01,2.094249e-02,1.982907e-02,2.412991e-02,2.289495e-02,3.868491e-02,4.009566e-03,1.300775e-02,7.461116e-02,1.301150e-02,1.691859e-02,1.624244e-02,3.184375e-01,2.485678e-02,8.028400e-02
3.704318e-01,2.076200e-02,1.770769e-02,1.960316e-02,1.885106e-02,3.186516e-02,3.480745e-03,1.108136e-02,6.184708e-02,1.152455e-02,1.424421e-02,2.558697e-02,3.096266e-01,2.237424e-02,6.101343e-02
4.294576e-01,1.930145e-02,1.334183e-02,1.577375e-02,1.723304e-02,2.564197e-02,2.963911e-03,9.161155e-03,6.356997e-02,1.137923e-02,1.736870e-02,4.342591e-02,2.549785e-01,2.108673e-02,5.531623e-02
4.591967e-01,2.019091e-02,1.070079e-02,1.372328e-02,1.528777e-02,2.018408e-02,2.771750e-03,8.369744e-03,7.419915e-02,1.199542e-02,2.033991e-02,7.978354e-02,2.021081e-01,1.667374e-02,4.447512e-02
4.637267e-01,1.911419e-02,9.866635e-03,1.288755e-02,1.255147e-02,2.169988e-02,2.342038e-03,7.478409e-03,6.884620e-02,1.094373e-02,2.377241e-02,1.276614e-01,1.691442e-01,1.458853e-02,3.537674e-02
3.952607e-01,1.961908e-02,1.163470e-02,1.022703e-02,2.092839e-02,1.737728e-02,3.853303e-03,7.114946e-03,1.458150e-01,1.025421e-02,2.255900e-02,1.558587e-01,1.385711e-01,1.183743e-02,2.908919e-02
3.456856e-01,1.636367e-02,1.389395e-02,8.538129e-03,3.356642e-02,1.576442e-02,5.104063e-03,2.989167e-02,1.966894e-01,8.758189e-03,2.241961e-02,1.556207e-01,1.167215e-01,8.917954e-03,2.206479e-02
2.482380e-01,1.725175e-02,2.192605e-02,6.855209e-03,4.009557e-02,1.272064e-02,5.299115e-03,3.478552e-02,2.517979e-01,7.833661e-03,2.121435e-02,2.145792e-01,9.318057e-02,7.006425e-03,1.721597e-02
1.767443e-01,1.255119e-02,1.722783e-02,5.163383e-03,8.120010e-02,1.219782e-02,4.026767e-02,5.198659e-02,2.917508e-01,5.952646e-03,2.471830e-02,1.811043e-01,8.024789e-02,5.560781e-03,1.332635e-02
1.303646e-01,9.729589e-03,1.941335e-02,4.366254e-03,9.542514e-02,1.102463e-02,3.936425e-02,1.429309e-01,2.689742e-01,4.951049e-03,2.690227e-02,1.548912e-01,7.580952e-02,4.821380e-03,1.103163e-02
9.822106e-02,7.802026e-03,2.214966e-02,5.499454e-03,8.495395e-02,9.194615e-03,2.937678e-02,2.334266e-01,2.297939e-01,5.573961e-03,3.173158e-02,1.490999e-01,7.777522e-02,4.281854e-03,1.111944e-02
7.357978e-02,6.502248e-03,1.731037e-02,4.693982e-03,1.214283e-01,1.265006e-02,3.066255e-02,2.612053e-01,2.532609e-01,4.104123e-03,2.588941e-02,1.139679e-01,6.209448e-02,3.502247e-03,9.148318e-03
5.648113e-02,5.374928e-03,1.586572e-02,4.202102e-03,1.157674e-01,1.009241e-02,2.601148e-02,3.969077e-01,2.021865e-01,3.055218e-03,2.105933e-02,8.415623e-02,4.865078e-02,3.162305e-03,7.026771e-03
4.468887e-02,3.927296e-03,1.175381e-02,3.168405e-03,8.657133e-02,7.790815e-03,1.926001e-02,5.475461e-01,1.507425e-01,2.180192e-03,1.621195e-02,6.045064e-02,3.796303e-02,2.481759e-03,5.263336e-03
3.416597e-02,2.837527e-03,8.760139e-03,2.330771e-03,6.331788e-02,5.692079e-03,1.386778e-02,6.722025e-01,1.077499e-01,1.542627e-03,1.156864e-02,4.295594e-02,2.747701e-02,1.770517e-03,3.760810e-03
2.627001e-02,2.036383e-03,6.276544e-03,1.773877e-03,4.872516e-02,4.121285e-03,1.010976e-02,7.615908e-01,7.648939e-02,1.084421e-03,8.135709e-03,3.015115e-02,1.933612e-02,1.252651e-03,2.646768e-03
2.135835e-02,1.458001e-03,4.573934e-03,1.340228e-03,4.309753e-02,3.267198e-03,7.823805e-03,8.190452e-01,5.396781e-02,7.650340e-04,5.733123e-03,2.117977e-02,1.364091e-02,8.863827e-04,1.862782e-03
1.724100e-02,1.045264e-03,3.230500e-03,9.768776e-04,3.438754e-02,2.435612e-03,5.728976e-03,8.661963e-01,3.785130e-02,5.361472e-04,4.022313e-03,1.483574e-02,9.579068e-03,6.269880e-04,1.306371e-03
1.411442e-02,7.654404e-04,2.291903e-03,7.561952e-04,2.886716e-02,1.878549e-03,4.195563e-03,8.988562e-01,2.657408e-02,3.775959e-04,2.831963e-03,1.039803e-02,6.731067e-03,4.426112e-04,9.191590e-04
1.172281e-02,5.783414e-04,1.650646e-03,5.915090e-04,2.425563e-02,1.585359e-03,3.078769e-03,9.225515e-01,1.864942e-02,2.667640e-04,2.041766e-03,7.298078e-03,4.754208e-03,3.232552e-04,6.518788e-04
1.031499e-02,5.449809e-04,1.369391e-03,6.884558e-04,2.227746e-02,1.353703e-03,2.226437e-03,9.371486e-01,1.311593e-02,1.902799e-04,1.451451e-03,5.196015e-03,3.367373e-03,2.602261e-04,4.947090e-04
1.037684e-02,4.608466e-04,1.089775e-03,5.509488e-04,3.008658e-02,1.149500e-03,1.848511e-03,9.373528e-01,9.282982e-03,1.364518e-04,1.035731e-03,3.655278e-03,2.403966e-03,2.103592e-04,3.594577e-04
1.368207e-02,5.335061e-04,1.255270e-03,8.602523e-04,2.712812e-02,1.813137e-03,1.713524e-03,9.399936e-01,6.658456e-03,1.268997e-04,8.406073e-04,2.757818e-03,1.918168e-03,2.568516e-04,4.617718e-04
1.467986e-02,4.665219e-04,1.090086e-03,8.672727e-04,2.452936e-02,1.673529e-03,1.485218e-03,9.456282e-01,4.765461e-03,1.058918e-04,6.622003e-04,2.015130e-03,1.461819e-03,1.967511e-04,3.727412e-04
1.682077e-02,3.719295e-04,1.092681e-03,1.364072e-03,2.016163e-02,1.783730e-03,1.278188e-03,9.498839e-01,3.409980e-03,8.844763e-05,5.466646e-04,1.559130e-03,1.143829e-03,1.694881e-04,3.255566e-04
1.444091e-02,2.889182e-04,1.028876e-03,1.219754e-03,1.572385e-02,1.535495e-03,1.041858e-03,9.594560e-01,2.446189e-03,6.796197e-05,4.072920e-04,1.124751e-03,8.469453e-04,1.302202e-04,2.409519e-04
1.238397e-02,2.247540e-04,9.638201e-04,1.019796e-03,1.264587e-02,1.167098e-03,9.037817e-04,9.668720e-01,1.773166e-03,5.357415e-05,3.013171e-04,8.052529e-04,6.127133e-04,9.665987e-05,1.762529e-04
1.151075e-02,1.739665e-04,9.208835e-04,9.519794e-04,9.763904e-03,1.043893e-03,1.009064e-03,9.717710e-01,1.326067e-03,4.237164e-05,2.240697e-04,5.846755e-04,4.730519e-04,7.215202e-05,1.322397e-04
1.163668e-02,1.452660e-04,9.490004e-04,1.109737e-03,7.966250e-03,1.033610e-03,9.008075e-04,9.740155e-01,9.842048e-04,3.864261e-05,1.804693e-04,4.677118e-04,4.046271e-04,5.449838e-05,1.130145e-04
1.092533e-02,1.196784e-04,7.876115e-04,1.125348e-03,7.305839e-03,1.056262e-03,8.907834e-04,9.759702e-01,7.432283e-04,3.183428e-05,1.426088e-04,3.558746e-04,4.101300e-04,4.005401e-05,9.520029e-05
1.465379e-02,2.483259e-04,8.259407e-04,1.086493e-03,8.391168e-03,1.003042e-03,7.130444e-04,9.689680e-01,2.260798e-03,8.799011e-05,2.319579e-04,4.360595e-04,7.978767e-04,6.614110e-05,2.293016e-04
2.254318e-02,4.511432e-04,7.187357e-04,1.106592e-03,1.293748e-02,4.485203e-03,6.345428e-04,9.311374e-01,1.048094e-02,1.672290e-04,5.707776e-04,8.683088e-04,1.307259e-02,1.000812e-04,7.257741e-04
2.669628e-02,1.855467e-03,1.040976e-03,3.738900e-03,2.196575e-02,5.077332e-03,2.010101e-03,7.756379e-01,1.258385e-01,1.829112e-03,1.476311e-03,1.993565e-03,2.271581e-02,2.119233e-04,7.912124e-03
4.000685e-02,2.310732e-03,1.687713e-03,4.031647e-03,4.948263e-02,6.725183e-03,4.123805e-03,6.790371e-01,1.049692e-01,2.766664e-03,6.298079e-03,5.734061e-03,5.892582e-02,8.593219e-04,3.304124e-02
4.981668e-02,5.704928e-03,6.737541e-03,7.484644e-03,6.884593e-02,1.309681e-02,4.567561e-03,5.260559e-01,9.125894e-02,3.714905e-03,9.625418e-03,1.482037e-02,1.443054e-01,1.104159e-03,5.286087e-02
1.177910e-01,1.120316e-02,1.832132e-02,6.440070e-03,7.510829e-02,1.461073e-02,4.977024e-03,3.872838e-01,7.226636e-02,1.045841e-02,2.045318e-02,1.930777e-02,1.844323e-01,2.432066e-03,5.491450e-02
1.878628e-01,1.329781e-02,1.726438e-02,6.999482e-03,6.338747e-02,1.702914e-02,4.093732e-03,2.786815e-01,5.524314e-02,9.501176e-03,2.562544e-02,1.946438e-02,2.411967e-01,2.853482e-03,5.749937e-02
1.800752e-01,1.055017e-02,2.145445e-02,5.758143e-03,4.753699e-02,1.419984e-02,3.245635e-03,1.956263e-01,4.057253e-02,9.476333e-03,1.871822e-02,1.509814e-02,2.740708e-01,5.638941e-03,1.579783e-01
1.385905e-01,7.550911e-03,1.664931e-02,4.281033e-03,3.452619e-02,1.054310e-02,2.348314e-03,1.373458e-01,3.113033e-02,1.230046e-02,1.346165e-02,1.076131e-02,2.055327e-01,5.738742e-03,3.692396e-01
1.420253e-01,6.763013e-03,1.601922e-02,3.231985e-03,2.540623e-02,8.282722e-03,1.740631e-03,9.667528e-02,2.376049e-02,1.726761e-02,9.718880e-03,7.761074e-03,1.468169e-01,4.802051e-03,4.897286e-01
1.158170e-01,1.212361e-02,2.059681e-02,3.678671e-03,1.859993e-02,6.248765e-03,1.313633e-03,6.854782e-02,2.085549e-02,1.347574e-02,7.098707e-03,5.614649e-03,1.032873e-01,3.668741e-03,5.990731e-01
1.125747e-01,1.700543e-02,2.159251e-02,3.954676e-03,1.373877e-02,6.115332e-03,1.041492e-03,4.871932e-02,1.896784e-02,1.448766e-02,5.282512e-03,4.205214e-03,7.310178e-02,2.832532e-03,6.563802e-01
1.090698e-01,2.200517e-02,3.177600e-02,3.280876e-03,1.025592e-02,5.219739e-03,8.375269e-04,3.460011e-02,2.300330e-02,3.015929e-02,5.136576e-03,3.263853e-03,5.194792e-02,2.872396e-03,6.665715e-01
1.131215e-01,5.238916e-02,4.788352e-02,7.652790e-03,9.624936e-03,5.882762e-03,8.843536e-04,2.545805e-02,4.823099e-02,8.851848e-02,9.223319e-03,2.954264e-03,3.936093e-02,3.185116e-03,5.456298e-01
1.574462e-01,7.340193e-02,4.860037e-02,8.343726e-03,1.235645e-02,9.076497e-03,1.461673e-03,2.016831e-02,6.579581e-02,9.293099e-02,7.858534e-03,2.603820e-03,2.934229e-02,2.998538e-03,4.676148e-01
1.412891e-01,9.221138e-02,3.792125e-02,7.300476e-03,9.500744e-03,7.404163e-03,1.093066e-03,1.460698e-02,8.587687e-02,1.181418e-01,6.258361e-03,2.080592e-03,2.137624e-02,3.106527e-03,4.518324e-01
1.513572e-01,8.117662e-02,2.938201e-02,6.038070e-03,1.007494e-02,9.246999e-03,9.831770e-04,1.204458e-02,9.606150e-02,1.461563e-01,5.101970e-03,1.761714e-03,1.637536e-02,3.159998e-03,4.310795e-01
1.242820e-01,6.430709e-02,2.433603e-02,4.809035e-03,1.163724e-02,1.463969e-02,9.185548e-04,1.066565e-02,9.163918e-02,1.619073e-01,4.118011e-03,1.428930e-03,1.242997e-02,6.276158e-03,4.666051e-01
1.037086e-01,6.615198e-02,2.550271e-02,5.766398e-03,1.064714e-02,1.618996e-02,1.084592e-03,8.160800e-03,9.769134e-02,1.704711e-01,3.643786e-03,1.253194e-03,1.085675e-02,7.635357e-03,4.712363e-01
8.005611e-02,5.193735e-02,5.411843e-02,8.544456e-03,8.723572e-03,1.337447e-02,8.730696e-04,6.302098e-03,9.185611e-02,2.434542e-01,3.004838e-03,1.006650e-03,7.888887e-03,6.147251e-03,4.227125e-01
6.126694e-02,5.242789e-02,1.987326e-01,1.463581e-02,8.949525e-03,1.317285e-02,7.886228e-04,5.542636e-03,7.545392e-02,1.904189e-01,2.539869e-03,7.744831e-04,5.771918e-03,4.845364e-03,3.646787e-01
4.694512e-02,3.840231e-02,1.507717e-01,1.109283e-02,6.691764e-03,9.677538e-03,5.791345e-04,4.047327e-03,5.952101e-02,1.474061e-01,2.340228e-03,6.392819e-04,4.294385e-03,6.423471e-03,5.111678e-01
3.971288e-02,2.923581e-02,1.130625e-01,8.094862e-03,5.136398e-03,7.279905e-03,4.486718e-04,2.968805e-03,5.386156e-02,1.512985e-01,2.135592e-03,5.651684e-04,3.484213e-03,1.442423e-02,5.682909e-01
6.608702e-02,2.640966e-02,9.104162e-02,7.836255e-03,5.777893e-03,7.372933e-03,5.426780e-04,2.668724e-03,5.962713e-02,1.232703e-01,4.187228e-03,1.353912e-03,3.578400e-03,3.773432e-02,5.625119e-01
5.049139e-02,2.071034e-02,6.494368e-02,5.679452e-03,4.190528e-03,5.654301e-03,4.269920e-04,2.165338e-03,8.140288e-02,1.049213e-01,1.116676e-02,7.414350e-03,6.111034e-03,3.424788e-02,6.004738e-01
3.684670e-02,2.122464e-02,8.493707e-02,2.005860e-02,3.373205e-03,4.352216e-03,3.518125e-04,1.656507e-03,1.834489e-01,9.356861e-02,9.108605e-03,6.299968e-03,5.301079e-03,2.612049e-02,5.033516e-01
2.853995e-02,1.785908e-02,2.339503e-01,2.497832e-02,2.982167e-03,4.052164e-03,3.597012e-04,1.532408e-03,1.469592e-01,8.708329e-02,8.588521e-03,4.977542e-03,4.520901e-03,2.528058e-02,4.083358e-01
2.108574e-02,1.527323e-02,4.194046e-01,2.127226e-02,2.332971e-03,3.546667e-03,2.938486e-04,1.240720e-03,1.067265e-01,7.569166e-02,8.242367e-03,4.873459e-03,4.502435e-03,1.945809e-02,2.960554e-01
1.539050e-02,1.553118e-02,5.009052e-01,1.684098e-02,2.176204e-03,2.946397e-03,3.002613e-04,1.030185e-03,8.610331e-02,6.722118e-02,9.497225e-03,5.390985e-03,6.648110e-03,2.419950e-02,2.458187e-01
1.356002e-02,1.473816e-02,5.088844e-01,1.559546e-02,2.550709e-03,2.715141e-03,3.294336e-04,1.643117e-03,7.951672e-02,6.372505e-02,2.239691e-02,6.487657e-03,1.117193e-02,4.232123e-02,2.143641e-01
1.254873e-02,2.091635e-02,5.442675e-01,3.354326e-02,3.481717e-03,2.713078e-03,3.094283e-04,4.163926e-03,7.989661e-02,6.314781e-02,2.540494e-02,7.015087e-03,1.241174e-02,3.038819e-02,1.597916e-01
1.463313e-02,2.464651e-02,5.023751e-01,4.223291e-02,6.739907e-03,3.633277e-03,3.789270e-04,5.909231e-03,1.072804e-01,6.889541e-02,3.312063e-02,6.045905e-03,1.150961e-02,2.384001e-02,1.487591e-01
2.821441e-02,3.694865e-02,4.238626e-01,4.813972e-02,2.644313e-02,1.460053e-02,8.406421e-04,6.788324e-03,1.143629e-01,6.729636e-02,3.282027e-02,4.470536e-03,9.031721e-03,1.853838e-02,1.676419e-01
2.184869e-02,2.929025e-02,4.145650e-01,1.619866e-01,2.180586e-02,1.177133e-02,9.894685e-04,5.789020e-03,9.510667e-02,5.886221e-02,2.430555e-02,3.351462e-03,6.793478e-03,1.346533e-02,1.300691e-01
1.870961e-02,2.439399e-02,4.462942e-01,1.899967e-01,2.021164e-02,1.099502e-02,1.155443e-03,6.786116e-03,7.608247e-02,6.039946e-02,1.933556e-02,2.745498e-03,5.103725e-03,1.025367e-02,1.075369e-01
2.437706e-02,2.781769e-02,4.665496e-01,1.874534e-01,2.214966e-02,9.766393e-03,1.405279e-03,9.481985e-03,6.632522e-02,5.988245e-02,1.446328e-02,2.162957e-03,4.296026e-03,7.527524e-03,9.634143e-02
4.704829e-02,4.223761e-02,4.332703e-01,1.508109e-01,3.698477e-02,1.326838e-02,1.602242e-03,1.134271e-02,6.672277e-02,5.001264e-02,1.485012e-02,2.377689e-03,4.539656e-03,7.019163e-03,1.179127e-01
1.220104e-01,5.613949e-02,3.442590e-01,1.432276e-01,3.401254e-02,1.240318e-02,2.088087e-03,3.053899e-02,6.518357e-02,3.992249e-02,1.213461e-02,3.254881e-03,4.575643e-03,6.494550e-03,1.237549e-01
1.936325e-01,5.891024e-02,2.812029e-01,1.626658e-01,3.076178e-02,1.145584e-02,2.190723e-03,5.782572e-02,5.402911e-02,2.902580e-02,9.656090e-03,4.585515e-03,4.375200e-03,4.933315e-03,9.474931e-02
2.935902e-01,5.728957e-02,2.257176e-01,1.371599e-01,3.099569e-02,1.057590e-02,3.172697e-03,7.224852e-02,5.034999e-02,2.337747e-02,7.711800e-03,4.918143e-03,4.179976e-03,4.045257e-03,7.466717e-02
4.150671e-01,5.832437e-02,1.666690e-01,1.035297e-01,3.144208e-02,1.030145e-02,3.153579e-03,6.065319e-02,5.234952e-02,1.676351e-02,6.592794e-03,4.956134e-03,4.209014e-03,3.866471e-03,6.212205e-02
4.734579e-01,6.025604e-02,1.297743e-01,1.006809e-01,3.507278e-02,1.004182e-02,3.652050e-03,4.984717e-02,4.566677e-02,1.263518e-02,6.566406e-03,8.112261e-03,5.660633e-03,3.760078e-03,5.481565e-02
4.621571e-01,5.733282e-02,1.220759e-01,1.183918e-01,3.746249e-02,9.621881e-03,3.336008e-03,6.614686e-02,4.268608e-02,1.015414e-02,9.817540e-03,8.302258e-03,6.289015e-03,3.781055e-03,4.244503e-02
3.653141e-01,5.132629e-02,8.800700e-02,8.375233e-02,3.533120e-02,7.439851e-03,3.100969e-03,2.725580e-01,3.516398e-02,7.221569e-03,7.207525e-03,5.969856e-03,4.722949e-03,2.748378e-03,3.013599e-02
2.909119e-01,3.829651e-02,6.275807e-02,5.924351e-02,2.754046e-02,5.558068e-03,3.692438e-03,4.439946e-01,2.606837e-02,5.130310e-03,5.587659e-03,4.332264e-03,3.527550e-03,1.978074e-03,2.138018e-02
2.187371e-01,2.711225e-02,4.436748e-02,4.188687e-02,2.078082e-02,4.609283e-03,1.981530e-02,5.740588e-01,1.839972e-02,3.620075e-03,4.138639e-03,3.093259e-03,2.848538e-03,1.409932e-03,1.512200e-02
1.637412e-01,1.977672e-02,3.169956e-02,2.974580e-02,1.524456e-02,4.664148e-03,2.376324e-02,6.754487e-01,1.311362e-02,2.562863e-03,3.013726e-03,2.220223e-03,3.177263e-03,1.034964e-03,1.079350e-02
1.183100e-01,1.417360e-02,2.339382e-02,2.164156e-02,1.219544e-02,5.846708e-03,2.147698e-02,7.560189e-01,9.338484e-03,1.879858e-03,2.257751e-03,1.666455e-03,3.120096e-03,7.906490e-04,7.889832e-03
8.742377e-02,1.204459e-02,1.789140e-02,1.617914e-02,1.224960e-02,1.102649e-02,2.691489e-02,7.893863e-01,7.738314e-03,1.659875e-03,2.218454e-03,1.566213e-03,7.104471e-03,6.196562e-04,5.976845e-03
6.345278e-02,8.840363e-03,1.325306e-02,1.189399e-02,1.530562e-02,1.604882e-02,3.587958e-02,7.971500e-01,6.592887e-03,1.380599e-03,2.402769e-03,1.821158e-03,2.093276e-02,4.960780e-04,4.549537e-03
5.702271e-02,6.431654e-03,1.000290e-02,8.729708e-03,1.438606e-02,2.745113e-02,3.178257e-02,8.026908e-01,5.438440e-03,1.100038e-03,2.034622e-03,1.942663e-03,2.697655e-02,4.270830e-04,3.582977e-03
5.113007e-02,4.909468e-03,7.575077e-03,6.351827e-03,2.077857e-02,2.535034e-02,2.713439e-02,8.163296e-01,4.565768e-03,1.063859e-03,1.784081e-03,2.098206e-03,2.752056e-02,3.915365e-04,3.016622e-03
6.321595e-02,4.112539e-03,6.635166e-03,4.965093e-03,2.881365e-02,2.237100e-02,2.439496e-02,8.104327e-01,3.702479e-03,1.426194e-03,1.681555e-03,2.500542e-03,2.177242e-02,4.090979e-04,3.566545e-03
1.324895e-01,6.068850e-03,7.760032e-03,5.593240e-03,3.945056e-02,2.768947e-02,2.689921e-02,7.026421e-01,3.848668e-03,3.038331e-03,3.107985e-03,7.564201e-03,2.729248e-02,5.460414e-04,6.009298e-03
1.728205e-01,8.052351e-03,1.159329e-02,5.947774e-03,4.982241e-02,3.127680e-02,3.655131e-02,6.158398e-01,4.457988e-03,5.877730e-03,3.632997e-03,1.199582e-02,3.225883e-02,6.838122e-04,9.188551e-03
2.419061e-01,1.246788e-02,1.463472e-02,6.249056e-03,7.199439e-02,3.824961e-02,3.031484e-02,5.165045e-01,4.179563e-03,5.502068e-03,4.141745e-03,1.453214e-02,3.026656e-02,6.913668e-04,8.365464e-03
3.358856e-01,1.173719e-02,1.241683e-02,5.537852e-03,7.462124e-02,4.094585e-02,2.334165e-02,4.320928e-01,3.526199e-03,4.334901e-03,3.999175e-03,1.209078e-02,3.158080e-02,6.573946e-04,7.231731e-03
4.478885e-01,1.193427e-02,1.025780e-02,5.464380e-03,7.703162e-02,3.843173e-02,1.686067e-02,3.126304e-01,3.790921e-03,3.628920e-03,4.599730e-03,1.515737e-02,4.452065e-02,8.524733e-04,6.950583e-03
4.504989e-01,9.487867e-03,7.749479e-03,4.147248e-03,6.588703e-02,2.941007e-02,1.219516e-02,2.204702e-01,3.898299e-03,2.951476e-03,6.133764e-03,3.621534e-02,1.374158e-01,1.644245e-03,1.189520e-02
4.888884e-01,9.608897e-03,6.555893e-03,3.343424e-03,5.433734e-02,2.216759e-02,9.068104e-03,1.564102e-01,1.011845e-02,2.950733e-03,7.455664e-03,5.594395e-02,1.601870e-01,2.708222e-03,1.025625e-02
4.361703e-01,7.607751e-02,7.510973e-03,2.857074e-03,4.254882e-02,2.495085e-02,7.084552e-03,1.111465e-01,8.478620e-02,2.468717e-03,6.393309e-03,5.048474e-02,1.372913e-01,2.325301e-03,7.903845e-03
3.901216e-01,7.894709e-02,2.059004e-02,2.838108e-03,4.485869e-02,3.322139e-02,1.160271e-02,8.476973e-02,1.207666e-01,2.327855e-03,5.850412e-03,4.823988e-02,1.476874e-01,2.023869e-03,6.154612e-03
4.116233e-01,8.218322e-02,1.832810e-02,4.333318e-03,4.028717e-02,3.282211e-02,1.043371e-02,6.099199e-02,1.534407e-01,2.594503e-03,5.106592e-03,4.708448e-02,1.220708e-01,1.948748e-03,6.751286e-03
4.111001e-01,8.180371e-02,1.513610e-02,4.301782e-03,5.523474e-02,3.412515e-02,1.281270e-02,4.597079e-02,1.481220e-01,2.014502e-03,4.091741e-03,3.600267e-02,1.420215e-01,1.690405e-03,5.572096e-03
3.920717e-01,7.985180e-02,1.162358e-02,4.014676e-03,6.234023e-02,3.670410e-02,1.113591e-02,3.450461e-02,1.514992e-01,1.521337e-03,3.120450e-03,2.679550e-02,1.786746e-01,1.329394e-03,4.812913e-03
3.976122e-01,8.383103e-02,1.854570e-02,2.890483e-02,6.057879e-02,3.589963e-02,9.805422e-03,3.383618e-02,1.363670e-01,1.393102e-03,3.484351e-03,2.125608e-02,1.581004e-01,1.534915e-03,8.850385e-03
4.144937e-01,7.745910e-02,1.751419e-02,2.756553e-02,5.244921e-02,4.897323e-02,8.820276e-03,3.107206e-02,1.283889e-01,1.220214e-03,3.654958e-03,1.667488e-02,1.579078e-01,1.764944e-03,1.204092e-02
3.611620e-01,8.755687e-02,1.369408e-02,2.132579e-02,4.726157e-02,6.887262e-02,7.243019e-03,2.467969e-02,1.475745e-01,9.490277e-04,3.549910e-03,1.238054e-02,1.927034e-01,1.694929e-03,9.352015e-03
3.143614e-01,7.020833e-02,1.105508e-02,1.775128e-02,6.177744e-02,7.239641e-02,3.007029e-02,2.476276e-02,1.772059e-01,1.083274e-03,3.426055e-03,1.036601e-02,1.959429e-01,1.532143e-03,8.060715e-03
3.080889e-01,5.473731e-02,8.680891e-03,1.355382e-02,5.785888e-02,6.682120e-02,9.530529e-02,3.016645e-02,1.713170e-01,1.199611e-03,2.977351e-03,9.234596e-03,1.719411e-01,1.196382e-03,6.921198e-03
2.197796e-01,3.840400e-02,6.280207e-03,9.567101e-03,5.022219e-02,4.779535e-02,3.418633e-01,2.857971e-02,1.209313e-01,9.987247e-04,2.270892e-03,6.561889e-03,1.207317e-01,8.597715e-04,5.154317e-03
1.561215e-01,2.694321e-02,4.566059e-03,6.822603e-03,5.046294e-02,3.378117e-02,5.128469e-01,2.145053e-02,8.533007e-02,1.256594e-03,1.820399e-03,4.744864e-03,8.856102e-02,6.407046e-04,4.651460e-03
