1.000000e+00,0.000000e+00,0.000000e+00,0.000000e+00,0.000000e+00,0.000000e+00,0.000000e+00,0.000000e+00,0.000000e+00,0.000000e+00,0.000000e+00,0.000000e+00,0.000000e+00,0.000000e+00,0.000000e+00
1.000000e+00,0.000000e+00,0.000000e+00,0.000000e+00,0.000000e+00,0.000000e+00,0.000000e+00,0.000000e+00,0.000000e+00,0.000000e+00,0.000000e+00,0.000000e+00,0.000000e+00,0.000000e+00,0.000000e+00
1.000000e+00,0.000000e+00,0.000000e+00,0.000000e+00,0.000000e+00,0.000000e+00,0.000000e+00,0.000000e+00,0.000000e+00,0.000000e+00,0.000000e+00,0.000000e+00,0.000000e+00,0.000000e+00,0.000000e+00
1.000000e+00,0.000000e+00,0.000000e+00,0.000000e+00,0.000000e+00,0.000000e+00,0.000000e+00,0.000000e+00,0.000000e+00,0.000000e+00,0.000000e+00,0.000000e+00,0.000000e+00,0.000000e+00,0.000000e+00
1.000000e+00,0.000000e+00,0.000000e+00,0.000000e+00,0.000000e+00,0.000000e+00,0.000000e+00,0.000000e+00,0.000000e+00,0.000000e+00,0.000000e+00,0.000000e+00,0.000000e+00,0.000000e+00,0.000000e+00
1.000000e+00,0.000000e+00,0.000000e+00,0.000000e+00,0.000000e+00,0.000000e+00,0.000000e+00,0.000000e+00,0.000000e+00,0.000000e+00,0.000000e+00,0.000000e+00,0.000000e+00,0.000000e+00,0.000000e+00
1.000000e+00,0.000000e+00,0.000000e+00,0.000000e+00,0.000000e+00,0.000000e+00,0.000000e+00,0.000000e+00,0.000000e+00,0.000000e+00,0.000000e+00,0.000000e+00,0.000000e+00,0.000000e+00,0.000000e+00
1.000000e+00,0.000000e+00,0.000000e+00,0.000000e+00,0.000000e+00,0.000000e+00,0.000000e+00,0.000000e+00,0.000000e+00,0.000000e+00,0.000000e+00,0.000000e+00,0.000000e+00,0.000000e+00,0.000000e+00
1.000000e+00,0.000000e+00,0.000000e+00,0.000000e+00,0.000000e+00,0.000000e+00,0.000000e+00,0.000000e+00,0.000000e+00,0.000000e+00,0.000000e+00,0.000000e+00,0.000000e+00,0.000000e+00,0.000000e+00
1.000000e+00,0.000000e+00,0.000000e+00,0.000000e+00,0.000000e+00,0.000000e+00,0.000000e+00,0.000000e+00,0.000000e+00,0.000000e+00,0.000000e+00,0.000000e+00,0.000000e+00,0.000000e+00,0.000000e+00
1.000000e+00,0.000000e+00,0.000000e+00,0.000000e+00,0.000000e+00,0.000000e+00,0.000000e+00,0.000000e+00,0.000000e+00,0.000000e+00,0.000000e+00,0.000000e+00,0.000000e+00,0.000000e+00,0.000000e+00
1.000000e+00,0.000000e+00,0.000000e+00,0.000000e+00,0.000000e+00,0.000000e+00,0.000000e+00,0.000000e+00,0.000000e+00,0.000000e+00,0.000000e+00,0.000000e+00,0.000000e+00,0.000000e+00,0.000000e+00
1.000000e+00,0.000000e+00,0.000000e+00,0.000000e+00,0.000000e+00,0.000000e+00,0.000000e+00,0.000000e+00,0.000000e+00,0.000000e+00,0.000000e+00,0.000000e+00,0.000000e+00,0.000000e+00,0.000000e+00
1.000000e+00,0.000000e+00,0.000000e+00,0.000000e+00,0.000000e+00,0.000000e+00,0.000000e+00,0.000000e+00,0.000000e+00,0.000000e+00,0.000000e+00,0.000000e+00,0.000000e+00,0.000000e+00,0.000000e+00
1.000000e+00,0.000000e+00,0.000000e+00,0.000000e+00,0.000000e+00,0.000000e+00,0.000000e+00,0.000000e+00,0.000000e+00,0.000000e+00,0.000000e+00,0.000000e+00,0.000000e+00,0.000000e+00,0.000000e+00
1.000000e+00,0.000000e+00,0.000000e+00,0.000000e+00,0.000000e+00,0.000000e+00,0.000000e+00,0.000000e+00,0.000000e+00,0.000000e+00,0.000000e+00,0.000000e+00,0.000000e+00,0.000000e+00,0.000000e+00
1.000000e+00,0.000000e+00,0.000000e+00,0.000000e+00,0.000000e+00,0.000000e+00,0.000000e+00,0.000000e+00,0.000000e+00,0.000000e+00,0.000000e+00,0.000000e+00,0.000000e+00,0.000000e+00,0.000000e+00
1.000000e+00,0.000000e+00,0.000000e+00,0.000000e+00,0.000000e+00,0.000000e+00,0.000000e+00,0.000000e+00,0.000000e+00,0.000000e+00,0.000000e+00,0.000000e+00,0.000000e+00,0.000000e+00,0.000000e+00
1.000000e+00,0.000000e+00,0.000000e+00,0.000000e+00,0.000000e+00,0.000000e+00,0.000000e+00,0.000000e+00,0.000000e+00,0.000000e+00,0.000000e+00,0.000000e+00,0.000000e+00,0.000000e+00,0.000000e+00
1.000000e+00,0.000000e+00,0.000000e+00,0.000000e+00,0.000000e+00,0.000000e+00,0.000000e+00,0.000000e+00,0.000000e+00,0.000000e+00,0.000000e+00,0.000000e+00,0.000000e+00,0.000000e+00,0.000000e+00
1.000000e+00,0.000000e+00,0.000000e+00,0.000000e+00,0.000000e+00,0.000000e+00,0.000000e+00,0.000000e+00,0.000000e+00,0.000000e+00,0.000000e+00,0.000000e+00,0.000000e+00,0.000000e+00,0.000000e+00
1.000000e+00,0.000000e+00,0.000000e+00,0.000000e+00,0.000000e+00,0.000000e+00,0.000000e+00,0.000000e+00,0.000000e+00,0.000000e+00,0.000000e+00,0.000000e+00,0.000000e+00,0.000000e+00,0.000000e+00
1.000000e+00,0.000000e+00,0.000000e+00,0.000000e+00,0.000000e+00,0.000000e+00,0.000000e+00,0.000000e+00,0.000000e+00,0.000000e+00,0.000000e+00,0.000000e+00,0.000000e+00,0.000000e+00,0.000000e+00
1.000000e+00,0.000000e+00,0.000000e+00,0.000000e+00,0.000000e+00,0.000000e+00,0.000000e+00,0.000000e+00,0.000000e+00,0.000000e+00,0.000000e+00,0.000000e+00,0.000000e+00,0.000000e+00,0.000000e+00
1.000000e+00,0.000000e+00,0.000000e+00,0.000000e+00,0.000000e+00,0.000000e+00,0.000000e+00,0.000000e+00,0.000000e+00,0.000000e+00,0.000000e+00,0.000000e+00,0.000000e+00,0.000000e+00,0.000000e+00
1.000000e+00,0.000000e+00,0.000000e+00,0.000000e+00,0.000000e+00,0.000000e+00,0.000000e+00,0.000000e+00,0.000000e+00,0.000000e+00,0.000000e+00,0.000000e+00,0.000000e+00,0.000000e+00,0.000000e+00
1.000000e+00,0.000000e+00,0.000000e+00,0.000000e+00,0.000000e+00,0.000000e+00,0.000000e+00,0.000000e+00,0.000000e+00,0.000000e+00,0.000000e+00,0.000000e+00,0.000000e+00,0.000000e+00,0.000000e+00
1.000000e+00,0.000000e+00,0.000000e+00,0.000000e+00,0.000000e+00,0.000000e+00,0.000000e+00,0.000000e+00,0.000000e+00,0.000000e+00,0.000000e+00,0.000000e+00,0.000000e+00,0.000000e+00,0.000000e+00
1.000000e+00,0.000000e+00,0.000000e+00,0.000000e+00,0.000000e+00,0.000000e+00,0.000000e+00,0.000000e+00,0.000000e+00,0.000000e+00,0.000000e+00,0.000000e+00,0.000000e+00,0.000000e+00,0.000000e+00
1.000000e+00,0.000000e+00,0.000000e+00,0.000000e+00,0.000000e+00,0.000000e+00,0.000000e+00,0.000000e+00,0.000000e+00,0.000000e+00,0.000000e+00,0.000000e+00,0.000000e+00,0.000000e+00,0.000000e+00
1.000000e+00,0.000000e+00,0.000000e+00,0.000000e+00,0.000000e+00,0.000000e+00,0.000000e+00,0.000000e+00,0.000000e+00,0.000000e+00,0.000000e+00,0.000000e+00,0.000000e+00,0.000000e+00,0.000000e+00
1.000000e+00,0.000000e+00,0.000000e+00,0.000000e+00,0.000000e+00,0.000000e+00,0.000000e+00,0.000000e+00,0.000000e+00,0.000000e+00,0.000000e+00,0.000000e+00,0.000000e+00,0.000000e+00,0.000000e+00
1.000000e+00,0.000000e+00,0.000000e+00,0.000000e+00,0.000000e+00,0.000000e+00,0.000000e+00,0.000000e+00,0.000000e+00,0.000000e+00,0.000000e+00,0.000000e+00,0.000000e+00,0.000000e+00,0.000000e+00
1.000000e+00,0.000000e+00,0.000000e+00,0.000000e+00,0.000000e+00,0.000000e+00,0.000000e+00,0.000000e+00,0.000000e+00,0.000000e+00,0.000000e+00,0.000000e+00,0.000000e+00,0.000000e+00,0.000000e+00
1.000000e+00,0.000000e+00,0.000000e+00,0.000000e+00,0.000000e+00,0.000000e+00,0.000000e+00,0.000000e+00,0.000000e+00,0.000000e+00,0.000000e+00,0.000000e+00,0.000000e+00,0.000000e+00,0.000000e+00
1.000000e+00,0.000000e+00,0.000000e+00,0.000000e+00,0.000000e+00,0.000000e+00,0.000000e+00,0.000000e+00,0.000000e+00,0.000000e+00,0.000000e+00,0.000000e+00,0.000000e+00,0.000000e+00,0.000000e+00
1.000000e+00,0.000000e+00,0.000000e+00,0.000000e+00,0.000000e+00,0.000000e+00,0.000000e+00,0.000000e+00,0.000000e+00,0.000000e+00,0.000000e+00,0.000000e+00,0.000000e+00,0.000000e+00,0.000000e+00
1.000000e+00,0.000000e+00,0.000000e+00,0.000000e+00,0.000000e+00,0.000000e+00,0.000000e+00,0.000000e+00,0.000000e+00,0.000000e+00,0.000000e+00,0.000000e+00,0.000000e+00,0.000000e+00,0.000000e+00
1.000000e+00,0.000000e+00,0.000000e+00,0.000000e+00,0.000000e+00,0.000000e+00,0.000000e+00,0.000000e+00,0.000000e+00,0.000000e+00,0.000000e+00,0.000000e+00,0.000000e+00,0.000000e+00,0.000000e+00
1.000000e+00,0.000000e+00,0.000000e+00,0.000000e+00,0.000000e+00,0.000000e+00,0.000000e+00,0.000000e+00,0.000000e+00,0.000000e+00,0.000000e+00,0.000000e+00,0.000000e+00,0.000000e+00,0.000000e+00
1.000000e+00,0.000000e+00,0.000000e+00,0.000000e+00,0.000000e+00,0.000000e+00,0.000000e+00,0.000000e+00,0.000000e+00,0.000000e+00,0.000000e+00,0.000000e+00,0.000000e+00,0.000000e+00,0.000000e+00
4.124160e-01,2.891723e-02,1.314785e-01,1.331326e-01,2.303951e-02,3.679907e-02,5.874599e-03,1.494826e-01,6.414968e-03,1.758566e-03,1.245840e-02,2.334786e-02,1.687848e-02,1.461924e-03,1.653961e-02
2.961920e-01,2.076870e-02,9.642422e-02,9.434458e-02,2.478798e-02,2.772645e-02,1.101006e-02,3.710127e-01,4.597638e-03,1.257687e-03,9.491174e-03,1.651762e-02,1.315625e-02,1.064525e-03,1.164834e-02
2.428876e-01,1.557065e-02,7.700308e-02,7.052609e-02,9.440107e-02,2.619766e-02,1.510307e-02,4.102798e-01,3.436159e-03,1.012533e-03,9.222426e-03,1.230804e-02,1.248228e-02,1.008635e-03,8.560847e-03
1.765332e-01,1.151690e-02,5.560963e-02,5.084952e-02,2.565065e-01,2.266199e-02,1.330549e-02,3.577345e-01,2.627995e-03,1.280472e-03,1.522235e-02,1.037236e-02,1.111369e-02,5.381584e-03,9.283753e-03
1.397987e-01,8.861411e-03,3.929179e-02,3.609312e-02,4.095123e-01,2.033979e-02,1.147007e-02,2.562125e-01,2.476235e-03,3.754349e-03,2.001212e-02,8.351254e-03,1.572377e-02,6.772116e-03,2.133046e-02
1.034432e-01,6.439893e-03,2.773149e-02,2.586572e-02,3.868063e-01,2.090144e-02,8.839311e-03,1.819134e-01,2.460772e-03,4.588156e-03,3.657782e-02,8.561944e-03,5.380700e-02,7.167002e-03,1.248965e-01
8.872125e-02,4.625297e-03,1.967206e-02,1.964570e-02,2.901636e-01,1.746117e-02,6.649786e-03,1.281541e-01,5.497556e-03,6.193454e-03,1.083944e-01,8.148295e-03,1.179921e-01,6.096449e-03,1.725847e-01
1.035612e-01,3.889238e-03,1.400739e-02,1.578270e-02,2.114932e-01,1.497218e-02,5.374501e-03,9.008122e-02,1.434351e-02,1.486995e-02,1.030599e-01,8.247516e-03,1.505329e-01,6.716011e-03,2.430685e-01
1.454234e-01,3.658758e-03,1.029583e-02,2.196898e-02,1.568103e-01,1.639865e-02,4.231208e-03,6.483270e-02,2.159548e-02,2.406100e-02,7.774612e-02,9.499912e-03,1.263951e-01,5.829315e-03,3.112532e-01
1.908362e-01,1.127565e-02,1.149467e-02,8.585855e-02,1.206218e-01,2.319971e-02,4.251486e-03,4.596300e-02,3.615794e-02,2.058221e-02,6.023722e-02,1.681688e-02,9.922070e-02,4.984258e-03,2.684996e-01
2.485836e-01,1.255623e-02,1.068959e-02,7.754523e-02,8.672810e-02,2.162042e-02,4.593782e-03,3.300953e-02,4.433176e-02,1.629911e-02,5.655772e-02,2.154399e-02,1.024193e-01,4.535242e-03,2.589864e-01
2.254532e-01,1.333247e-02,8.630146e-03,6.063460e-02,6.329513e-02,2.030088e-02,5.369402e-03,2.801022e-02,1.288951e-01,3.299309e-02,5.898362e-02,2.543859e-02,1.086644e-01,5.549693e-03,2.144494e-01
3.293097e-01,1.226671e-02,6.860894e-03,4.807821e-02,4.599580e-02,1.772012e-02,5.048127e-03,2.546285e-02,1.373998e-01,2.757297e-02,5.763489e-02,2.466013e-02,9.729724e-02,5.568462e-03,1.591241e-01
4.617779e-01,1.075457e-02,8.083003e-03,4.577117e-02,3.460524e-02,2.013388e-02,3.932011e-03,2.105604e-02,1.030557e-01,2.246924e-02,4.808370e-02,2.797372e-02,7.285116e-02,4.877948e-03,1.145747e-01
1.000000e+00,0.000000e+00,0.000000e+00,0.000000e+00,0.000000e+00,0.000000e+00,0.000000e+00,0.000000e+00,0.000000e+00,0.000000e+00,0.000000e+00,0.000000e+00,0.000000e+00,0.000000e+00,0.000000e+00
1.000000e+00,0.000000e+00,0.000000e+00,0.000000e+00,0.000000e+00,0.000000e+00,0.000000e+00,0.000000e+00,0.000000e+00,0.000000e+00,0.000000e+00,0.000000e+00,0.000000e+00,0.000000e+00,0.000000e+00
4.015915e-01,2.819058e-02,1.957764e-02,4.926810e-02,3.867971e-02,1.780657e-02,2.840465e-03,5.467638e-02,1.962582e-01,2.078297e-02,3.634861e-02,2.479055e-02,4.517880e-02,3.693382e-03,6.031648e-02
3.131067e-01,3.285331e-02,2.029566e-02,3.916747e-02,4.898165e-02,1.375473e-02,2.654311e-03,9.257638e-02,2.680299e-01,2.716411e-02,3.050755e-02,2.027300e-02,3.722343e-02,3.801652e-03,4.961012e-02
2.667180e-01,4.186417e-02,3.075813e-02,4.132654e-02,4.319294e-02,3.091845e-02,2.888008e-03,9.986942e-02,2.632512e-01,5.272117e-02,2.557289e-02,2.601462e-02,3.162642e-02,3.773337e-03,3.950465e-02
2.719423e-01,3.485324e-02,3.979582e-02,5.251030e-02,4.882547e-02,3.341754e-02,6.241725e-03,1.599800e-01,1.962305e-01,5.233022e-02,2.095683e-02,2.410963e-02,2.547878e-02,3.369663e-03,2.995787e-02
2.404461e-01,2.567985e-02,3.614654e-02,4.803689e-02,4.606598e-02,3.068309e-02,8.094329e-03,3.020474e-01,1.407904e-01,4.236505e-02,1.600606e-02,1.900315e-02,2.031471e-02,2.540499e-03,2.177991e-02
1.875985e-01,1.865159e-02,3.859010e-02,3.997311e-02,3.929901e-02,2.297166e-02,9.681940e-03,4.516921e-01,9.979682e-02,3.413944e-02,1.139698e-02,1.358383e-02,1.533510e-02,1.842823e-03,1.544703e-02
1.804509e-01,1.596265e-02,4.467285e-02,3.191614e-02,3.949258e-02,2.153841e-02,4.289633e-02,4.498383e-01,7.249091e-02,3.604478e-02,8.404311e-03,1.052146e-02,3.250045e-02,1.490144e-03,1.177991e-02
2.264576e-01,1.323236e-02,4.119574e-02,2.641011e-02,3.831527e-02,2.406756e-02,5.378412e-02,4.313302e-01,5.247546e-02,3.107893e-02,6.604934e-03,1.157716e-02,3.239065e-02,1.365733e-03,9.714257e-03
2.038853e-01,1.129066e-02,3.537375e-02,2.035809e-02,4.658614e-02,2.002857e-02,4.915662e-02,4.980596e-01,4.117215e-02,2.607706e-02,5.095166e-03,9.255221e-03,2.455598e-02,1.487607e-03,7.618167e-03
1.794517e-01,1.151804e-02,2.990190e-02,1.564149e-02,5.291470e-02,1.653705e-02,4.900429e-02,5.490305e-01,3.676005e-02,2.058281e-02,3.997504e-03,7.761044e-03,1.874005e-02,1.731423e-03,6.427466e-03
1.781949e-01,1.353418e-02,2.496137e-02,1.210579e-02,5.379922e-02,1.386575e-02,4.460000e-02,5.730540e-01,3.474288e-02,1.655051e-02,3.090816e-03,6.648766e-03,1.410034e-02,2.449614e-03,8.301924e-03
2.173497e-01,1.802417e-02,2.352241e-02,1.070042e-02,5.384161e-02,1.322086e-02,4.650108e-02,5.338087e-01,3.317244e-02,1.451907e-02,2.650537e-03,6.412450e-03,1.183262e-02,3.786803e-03,1.065711e-02
2.672050e-01,1.698139e-02,1.976675e-02,9.593271e-03,4.292697e-02,1.307072e-02,3.629326e-02,5.179713e-01,2.971442e-02,1.158875e-02,2.685932e-03,7.879438e-03,1.081319e-02,3.997431e-03,9.512154e-03
3.344364e-01,1.553115e-02,1.634201e-02,9.536719e-03,3.520809e-02,1.495430e-02,2.971609e-02,4.750615e-01,2.482608e-02,9.209701e-03,2.866363e-03,8.861721e-03,9.827632e-03,4.665185e-03,8.957052e-03
4.010147e-01,1.394992e-02,1.475918e-02,9.684483e-03,2.887779e-02,1.782474e-02,2.434487e-02,4.267390e-01,2.091857e-02,7.227720e-03,2.847249e-03,9.167777e-03,9.402413e-03,4.527427e-03,8.714108e-03
4.497975e-01,1.300026e-02,1.436295e-02,1.259562e-02,2.429152e-02,2.286891e-02,1.987004e-02,3.744955e-01,1.937195e-02,6.898225e-03,3.230854e-03,1.418635e-02,9.912003e-03,4.109780e-03,1.100857e-02
4.481876e-01,1.302999e-02,1.245093e-02,1.364104e-02,1.990374e-02,2.925863e-02,1.675802e-02,3.171088e-01,3.457227e-02,9.474681e-03,7.771887e-03,3.080412e-02,2.006375e-02,5.811502e-03,2.116310e-02
4.634233e-01,1.163743e-02,1.235196e-02,1.448184e-02,1.713292e-02,2.604390e-02,1.289699e-02,3.198110e-01,3.294927e-02,7.350534e-03,7.826941e-03,3.207426e-02,1.843609e-02,5.287295e-03,1.829620e-02
4.659743e-01,9.981666e-03,1.788987e-02,3.745421e-02,1.650297e-02,2.314549e-02,1.074175e-02,2.566932e-01,6.012850e-02,9.334108e-03,1.076845e-02,3.840381e-02,1.852579e-02,5.217626e-03,1.923831e-02
4.357427e-01,8.622251e-03,1.816329e-02,6.743133e-02,1.619419e-02,1.969928e-02,8.260999e-03,1.994826e-01,8.306450e-02,1.052617e-02,2.189435e-02,4.994664e-02,3.221013e-02,5.945735e-03,2.281587e-02
4.849280e-01,8.201777e-03,2.106244e-02,6.360313e-02,1.434447e-02,2.584657e-02,7.499501e-03,1.550778e-01,6.341349e-02,8.725650e-03,2.873691e-02,4.630151e-02,4.365407e-02,5.910812e-03,2.269386e-02
1.000000e+00,0.000000e+00,0.000000e+00,0.000000e+00,0.000000e+00,0.000000e+00,0.000000e+00,0.000000e+00,0.000000e+00,0.000000e+00,0.000000e+00,0.000000e+00,0.000000e+00,0.000000e+00,0.000000e+00
1.000000e+00,0.000000e+00,0.000000e+00,0.000000e+00,0.000000e+00,0.000000e+00,0.000000e+00,0.000000e+00,0.000000e+00,0.000000e+00,0.000000e+00,0.000000e+00,0.000000e+00,0.000000e+00,0.000000e+00
1.000000e+00,0.000000e+00,0.000000e+00,0.000000e+00,0.000000e+00,0.000000e+00,0.000000e+00,0.000000e+00,0.000000e+00,0.000000e+00,0.000000e+00,0.000000e+00,0.000000e+00,0.000000e+00,0.000000e+00
1.000000e+00,0.000000e+00,0.000000e+00,0.000000e+00,0.000000e+00,0.000000e+00,0.000000e+00,0.000000e+00,0.000000e+00,0.000000e+00,0.000000e+00,0.000000e+00,0.000000e+00,0.000000e+00,0.000000e+00
1.000000e+00,0.000000e+00,0.000000e+00,0.000000e+00,0.000000e+00,0.000000e+00,0.000000e+00,0.000000e+00,0.000000e+00,0.000000e+00,0.000000e+00,0.000000e+00,0.000000e+00,0.000000e+00,0.000000e+00
1.000000e+00,0.000000e+00,0.000000e+00,0.000000e+00,0.000000e+00,0.000000e+00,0.000000e+00,0.000000e+00,0.000000e+00,0.000000e+00,0.000000e+00,0.000000e+00,0.000000e+00,0.000000e+00,0.000000e+00
1.000000e+00,0.000000e+00,0.000000e+00,0.000000e+00,0.000000e+00,0.000000e+00,0.000000e+00,0.000000e+00,0.000000e+00,0.000000e+00,0.000000e+00,0.000000e+00,0.000000e+00,0.000000e+00,0.000000e+00
4.941519e-01,1.454165e-02,7.254162e-03,3.629647e-02,1.185411e-02,6.787965e-02,3.942342e-03,1.645969e-02,1.940905e-02,1.566396e-03,7.870954e-03,3.433335e-02,2.718093e-01,1.754035e-03,1.087696e-02
4.522102e-01,1.264653e-02,5.714084e-03,2.730322e-02,1.136729e-02,5.890492e-02,3.167334e-03,1.290822e-02,1.807304e-02,1.381051e-03,6.648432e-03,4.341053e-02,3.364016e-01,1.509222e-03,8.354324e-03
4.783036e-01,1.786540e-02,7.524476e-03,2.511707e-02,9.932941e-03,5.004387e-02,3.246604e-03,1.002103e-02,1.664822e-02,2.004143e-03,5.669443e-03,4.363246e-02,3.190200e-01,1.685107e-03,9.285549e-03
4.742157e-01,1.530058e-02,6.026528e-03,2.052833e-02,1.160481e-02,4.070516e-02,3.047636e-03,8.587391e-03,1.452965e-02,1.610745e-03,4.840620e-03,4.354610e-02,3.463215e-01,1.421239e-03,7.713952e-03
4.488884e-01,1.470217e-02,4.776787e-03,1.710764e-02,1.397546e-02,3.601116e-02,3.104824e-03,7.201781e-03,1.391609e-02,1.299630e-03,3.893891e-03,4.502393e-02,3.811443e-01,1.478310e-03,7.475619e-03
4.370972e-01,1.527990e-02,4.489137e-03,1.445416e-02,1.662396e-02,3.273361e-02,3.906795e-03,6.994282e-03,1.555708e-02,1.236540e-03,3.775439e-03,4.395891e-02,3.943169e-01,1.422779e-03,8.153351e-03
3.663819e-01,3.976610e-02,1.808611e-02,2.120095e-02,1.791535e-02,3.087597e-02,5.877489e-03,1.032729e-02,2.619791e-02,2.743069e-03,3.263109e-03,3.912745e-02,4.018478e-01,1.597431e-03,1.479202e-02
3.991528e-01,3.569760e-02,2.509702e-02,2.721517e-02,1.879980e-02,3.313068e-02,7.139946e-03,1.868035e-02,2.649179e-02,3.005898e-03,4.183808e-03,3.398334e-02,3.501601e-01,2.552640e-03,1.470910e-02
3.805071e-01,3.109331e-02,2.056722e-02,2.318138e-02,2.538740e-02,4.883463e-02,1.186883e-02,1.986847e-02,2.475848e-02,2.368400e-03,4.530377e-03,3.532707e-02,3.538441e-01,2.630015e-03,1.523329e-02
3.587294e-01,2.750428e-02,2.787919e-02,2.046366e-02,3.035115e-02,4.735727e-02,1.545143e-02,3.064276e-02,2.282921e-02,1.922721e-03,5.819041e-03,3.352692e-02,3.610021e-01,3.338511e-03,1.318242e-02
3.667489e-01,2.295238e-02,2.840152e-02,1.688725e-02,2.461920e-02,7.866853e-02,1.333896e-02,4.344794e-02,2.356216e-02,1.625054e-03,5.275719e-03,2.780316e-02,3.304233e-01,3.769523e-03,1.247636e-02
3.644245e-01,2.727542e-02,2.510248e-02,1.373549e-02,2.732204e-02,9.131514e-02,1.496192e-02,4.284837e-02,4.460400e-02,1.311719e-03,5.593460e-03,2.257501e-02,3.006648e-01,5.053930e-03,1.321169e-02
3.666584e-01,2.283195e-02,2.060381e-02,1.465546e-02,2.633677e-02,9.829339e-02,1.978579e-02,5.387411e-02,4.501436e-02,1.459400e-03,6.896213e-03,2.315583e-02,2.827834e-01,5.032679e-03,1.261838e-02
3.978849e-01,2.010183e-02,1.567813e-02,1.304844e-02,2.201495e-02,9.204360e-02,1.721157e-02,6.865691e-02,4.553134e-02,1.262092e-03,5.539201e-03,1.823213e-02,2.668838e-01,4.377895e-03,1.153324e-02
4.106950e-01,1.538408e-02,1.651089e-02,1.420097e-02,2.054176e-02,6.984041e-02,1.380996e-02,5.625305e-02,3.614424e-02,1.224445e-03,6.270109e-03,1.525874e-02,3.080494e-01,4.581892e-03,1.123516e-02
4.680113e-01,1.288704e-02,1.350318e-02,1.525666e-02,2.022563e-02,5.342769e-02,1.162997e-02,4.986979e-02,2.912758e-02,1.079152e-03,6.620419e-03,1.425118e-02,2.896334e-01,4.184986e-03,1.029212e-02
1.000000e+00,0.000000e+00,0.000000e+00,0.000000e+00,0.000000e+00,0.000000e+00,0.000000e+00,0.000000e+00,0.000000e+00,0.000000e+00,0.000000e+00,0.000000e+00,0.000000e+00,0.000000e+00,0.000000e+00
1.000000e+00,0.000000e+00,0.000000e+00,0.000000e+00,0.000000e+00,0.000000e+00,0.000000e+00,0.000000e+00,0.000000e+00,0.000000e+00,0.000000e+00,0.000000e+00,0.000000e+00,0.000000e+00,0.000000e+00
1.000000e+00,0.000000e+00,0.000000e+00,0.000000e+00,0.000000e+00,0.000000e+00,0.000000e+00,0.000000e+00,0.000000e+00,0.000000e+00,0.000000e+00,0.000000e+00,0.000000e+00,0.000000e+00,0.000000e+00
1.000000e+00,0.000000e+00,0.000000e+00,0.000000e+00,0.000000e+00,0.000000e+00,0.000000e+00,0.000000e+00,0.000000e+00,0.000000e+00,0.000000e+00,0.000000e+00,0.000000e+00,0.000000e+00,0.000000e+00
1.000000e+00,0.000000e+00,0.000000e+00,0.000000e+00,0.000000e+00,0.000000e+00,0.000000e+00,0.000000e+00,0.000000e+00,0.000000e+00,0.000000e+00,0.000000e+00,0.000000e+00,0.000000e+00,0.000000e+00
1.000000e+00,0.000000e+00,0.000000e+00,0.000000e+00,0.000000e+00,0.000000e+00,0.000000e+00,0.000000e+00,0.000000e+00,0.000000e+00,0.000000e+00,0.000000e+00,0.000000e+00,0.000000e+00,0.000000e+00
1.000000e+00,0.000000e+00,0.000000e+00,0.000000e+00,0.000000e+00,0.000000e+00,0.000000e+00,0.000000e+00,0.000000e+00,0.000000e+00,0.000000e+00,0.000000e+00,0.000000e+00,0.000000e+00,0.000000e+00
1.000000e+00,0.000000e+00,0.000000e+00,0.000000e+00,0.000000e+00,0.000000e+00,0.000000e+00,0.000000e+00,0.000000e+00,0.000000e+00,0.000000e+00,0.000000e+00,0.000000e+00,0.000000e+00,0.000000e+00
4.027116e-01,2.506571e-03,3.067950e-03,5.700624e-03,2.062421e-01,3.114895e-02,7.786821e-02,1.030140e-01,6.099094e-03,2.916236e-03,1.842949e-02,6.159489e-03,8.504086e-02,7.900892e-04,4.830490e-02
2.956976e-01,1.971123e-03,2.220388e-03,4.267725e-03,1.575784e-01,2.530917e-02,1.312655e-01,7.259691e-02,4.647582e-03,4.072681e-03,3.839543e-02,7.169335e-03,9.422431e-02,1.871421e-03,1.587125e-01
2.101276e-01,1.507430e-03,1.568989e-03,3.095264e-03,1.111985e-01,1.943856e-02,1.667174e-01,5.095457e-02,3.553098e-03,3.511978e-03,3.884969e-02,5.499016e-03,1.078146e-01,4.156473e-03,2.720069e-01
1.478992e-01,1.195212e-03,1.110988e-03,2.243796e-03,7.790734e-02,1.370108e-02,1.175110e-01,3.567175e-02,3.341217e-03,2.808291e-03,2.997601e-02,3.884486e-03,7.783300e-02,5.114421e-03,4.798023e-01
1.317991e-01,3.641611e-03,1.506619e-03,2.767166e-03,5.497583e-02,2.512458e-02,8.238541e-02,2.512395e-02,5.333384e-03,3.748165e-03,2.304603e-02,3.948272e-03,5.792975e-02,4.890922e-03,5.737792e-01
1.070427e-01,7.935551e-03,1.860737e-03,2.220595e-03,3.869075e-02,6.167198e-02,5.772394e-02,1.788027e-02,7.010471e-03,1.080144e-02,2.217635e-02,8.673635e-03,4.820570e-02,4.384439e-03,6.037215e-01
7.626037e-02,8.941171e-03,1.966045e-03,1.685519e-03,2.721142e-02,7.333133e-02,4.051597e-02,1.259347e-02,1.282775e-02,2.172640e-02,2.315382e-02,7.004600e-03,3.599650e-02,3.972798e-03,6.528129e-01
5.473281e-02,1.041111e-02,2.816375e-03,1.292259e-03,1.911608e-02,9.923397e-02,2.839013e-02,8.823218e-03,1.254862e-02,3.585972e-02,3.346189e-02,5.593895e-03,2.704351e-02,3.577127e-03,6.570994e-01
3.891001e-02,1.211360e-01,5.228922e-03,9.896168e-04,1.346748e-02,9.838151e-02,1.988289e-02,6.181367e-03,1.572670e-02,3.558542e-02,3.926175e-02,4.419501e-03,2.026272e-02,3.806515e-03,5.767596e-01
2.760259e-02,1.552387e-01,6.936602e-03,9.420000e-04,9.478558e-03,1.311098e-01,1.392598e-02,4.339407e-03,3.734523e-02,4.942748e-02,3.672542e-02,3.444213e-03,1.544682e-02,4.317862e-03,5.037194e-01
1.962312e-02,1.277710e-01,4.449450e-02,2.789898e-03,6.785100e-03,9.266862e-02,9.884415e-03,3.681756e-03,1.888366e-01,5.184673e-02,3.550267e-02,2.642616e-03,1.313116e-02,4.193511e-03,3.961483e-01
1.462121e-02,1.303498e-01,7.399544e-02,4.842184e-03,4.915099e-03,6.571471e-02,7.395879e-03,2.968038e-03,2.303677e-01,4.431168e-02,2.634247e-02,2.222644e-03,1.197559e-02,3.820708e-03,3.761568e-01
1.229988e-02,1.017219e-01,1.370538e-01,9.380618e-03,3.953729e-03,4.649071e-02,6.224007e-03,5.626123e-03,2.058232e-01,3.786593e-02,2.003054e-02,1.788881e-03,1.074402e-02,3.114665e-03,3.978821e-01
9.149725e-03,8.350947e-02,2.614029e-01,1.617268e-02,2.950126e-03,3.281181e-02,4.390616e-03,4.199416e-03,2.242048e-01,3.034901e-02,1.466627e-02,1.600740e-03,8.449060e-03,2.565167e-03,3.035783e-01
8.422764e-03,7.194010e-02,3.450154e-01,4.180221e-02,2.243997e-03,2.398994e-02,3.101367e-03,3.141820e-03,2.080695e-01,3.435137e-02,1.229452e-02,2.369391e-03,7.449898e-03,2.035324e-03,2.337724e-01
6.453610e-03,5.633848e-02,4.961152e-01,3.536439e-02,1.796856e-03,1.698107e-02,2.242347e-03,2.613235e-03,1.588132e-01,2.686306e-02,9.789936e-03,2.526239e-03,6.810590e-03,1.706092e-03,1.755858e-01
4.817196e-03,6.375558e-02,5.656408e-01,3.198737e-02,1.517503e-03,1.201042e-02,1.600382e-03,2.070773e-03,1.474322e-01,2.599277e-02,7.232486e-03,2.183175e-03,5.044646e-03,1.275538e-03,1.274392e-01
4.182183e-03,9.704395e-02,5.564831e-01,2.785421e-02,1.884034e-03,8.824346e-03,1.167876e-03,2.102305e-03,1.524531e-01,3.230678e-02,6.193564e-03,2.293475e-03,4.095468e-03,1.155316e-03,1.019604e-01
4.473321e-03,9.057437e-02,4.710109e-01,2.717044e-02,1.923410e-03,6.377582e-03,8.411467e-04,1.789587e-03,2.595378e-01,3.398935e-02,4.736276e-03,2.076887e-03,3.255688e-03,1.394388e-03,9.084886e-02
1.267133e-02,1.044805e-01,3.863317e-01,2.461073e-02,6.583501e-03,5.447052e-03,7.676567e-04,7.325214e-03,3.016017e-01,4.659015e-02,3.814016e-03,1.755852e-03,3.202193e-03,2.828500e-03,9.198992e-02
3.709009e-02,1.114988e-01,3.392918e-01,3.140133e-02,2.049107e-02,7.302012e-03,1.314375e-03,4.435852e-02,2.685622e-01,4.460701e-02,3.321024e-03,1.584702e-03,3.966419e-03,3.580863e-03,8.162992e-02
4.800307e-02,8.937049e-02,2.830987e-01,2.628899e-02,3.376091e-02,6.972602e-03,5.478673e-02,1.199675e-01,2.268568e-01,3.282173e-02,2.767908e-03,1.343409e-03,6.467931e-03,2.868291e-03,6.462491e-02
4.330385e-02,6.520236e-02,2.059849e-01,1.956277e-02,3.436942e-02,6.061691e-03,2.327542e-01,1.284433e-01,1.779269e-01,2.347827e-02,2.170161e-03,1.062288e-03,8.607732e-03,2.144412e-03,4.892774e-02
3.469136e-02,5.052917e-02,1.487664e-01,1.475354e-02,3.582484e-02,8.815847e-03,3.516486e-01,9.825385e-02,1.390261e-01,1.821979e-02,2.162185e-03,1.371739e-03,4.873930e-02,1.683115e-03,4.551410e-02
3.834605e-02,4.525633e-02,1.118880e-01,1.102440e-02,4.346191e-02,8.488704e-03,3.488956e-01,8.079048e-02,1.116041e-01,1.999013e-02,2.782198e-03,1.295579e-03,1.140683e-01,1.720690e-03,6.038749e-02
5.449596e-02,3.621700e-02,7.984017e-02,8.234066e-03,4.900640e-02,8.976882e-03,3.693724e-01,6.265679e-02,7.919901e-02,4.835682e-02,4.421764e-03,1.167974e-03,9.455084e-02,1.844427e-03,1.016596e-01
4.030935e-02,2.679546e-02,5.837062e-02,6.005859e-03,3.516662e-02,7.528948e-03,3.292393e-01,4.466238e-02,5.886815e-02,1.281118e-01,1.060780e-02,1.478046e-03,7.334056e-02,4.189942e-03,1.753252e-01
2.947997e-02,1.947396e-02,4.192993e-02,4.349289e-03,2.498100e-02,6.483204e-03,2.767059e-01,3.197107e-02,4.294686e-02,2.012943e-01,1.255798e-02,1.317514e-03,5.445278e-02,9.641592e-03,2.424147e-01
2.156146e-02,1.394095e-02,2.948508e-02,3.109277e-03,1.755146e-02,5.254140e-03,1.941952e-01,2.256883e-02,3.135430e-02,1.443531e-01,1.561229e-02,1.112769e-03,3.945172e-02,8.480507e-03,4.519689e-01
1.657391e-02,1.026119e-02,2.082803e-02,2.204222e-03,1.233477e-02,5.262767e-03,1.359679e-01,1.584996e-02,2.264902e-02,1.027859e-01,1.602861e-02,9.521734e-04,2.828408e-02,8.059363e-03,6.019581e-01
1.193369e-02,7.631195e-03,1.582904e-02,1.583349e-03,8.728624e-03,1.441678e-02,9.523828e-02,1.110798e-02,1.619273e-02,7.742802e-02,1.280720e-02,1.572614e-03,2.011518e-02,8.684863e-03,6.967305e-01
8.753463e-03,6.949381e-03,1.500506e-02,1.162805e-03,6.238780e-03,2.306356e-02,6.679140e-02,7.799436e-03,1.783678e-02,6.224068e-02,1.701819e-02,1.903246e-03,1.476210e-02,1.279201e-02,7.376832e-01
6.647683e-03,1.203043e-02,4.054255e-02,1.034145e-03,4.653842e-03,4.024648e-02,4.748514e-02,5.489637e-03,2.010482e-02,1.022165e-01,1.796995e-02,3.695085e-03,1.123039e-02,1.595596e-02,6.706975e-01
6.254169e-03,3.167186e-02,6.922480e-02,1.009188e-03,3.770433e-03,3.351356e-02,3.346863e-02,4.001256e-03,5.225267e-02,1.039149e-01,2.971386e-02,3.224294e-03,9.179726e-03,1.824170e-02,6.005590e-01
6.719150e-03,3.800713e-02,6.003608e-02,8.367957e-04,3.165886e-03,2.547462e-02,2.348237e-02,2.924072e-03,8.501495e-02,1.011365e-01,3.513908e-02,2.634975e-03,7.174306e-03,2.104788e-02,5.872062e-01
6.756959e-03,4.160665e-02,8.982701e-02,8.356350e-04,3.025656e-03,1.854507e-02,1.657001e-02,2.362589e-03,1.257643e-01,1.344820e-01,2.907201e-02,2.171892e-03,5.602981e-03,2.354346e-02,4.998337e-01
6.825043e-03,6.446166e-02,1.363084e-01,1.376373e-03,4.397474e-03,1.409325e-02,1.177515e-02,2.346465e-03,1.504189e-01,1.151440e-01,2.147327e-02,1.835706e-03,4.946118e-03,2.846852e-02,4.361296e-01
6.362099e-03,8.625892e-02,1.240259e-01,1.636965e-03,4.509706e-03,1.063635e-02,8.352347e-03,2.101805e-03,1.551058e-01,1.354865e-01,1.590837e-02,1.457338e-03,4.175565e-03,3.342583e-02,4.105566e-01
4.067246e-02,1.137402e-01,1.227934e-01,2.276775e-03,3.102480e-02,1.611941e-02,6.333955e-03,3.590143e-03,1.400934e-01,1.045855e-01,1.294214e-02,1.239969e-03,3.579230e-03,4.590318e-02,3.551055e-01
4.760128e-02,1.102226e-01,1.041720e-01,7.573269e-03,3.576173e-02,1.639488e-02,5.107595e-03,4.642182e-03,1.236620e-01,9.113208e-02,1.059232e-02,1.156394e-03,3.149374e-03,4.037012e-02,3.984623e-01
6.698681e-02,1.013180e-01,1.054396e-01,1.016451e-02,3.491371e-02,1.664936e-02,3.841342e-03,4.335656e-03,1.060433e-01,7.852719e-02,8.346309e-03,1.053357e-03,2.567773e-03,3.823726e-02,4.215757e-01
1.011252e-01,1.192915e-01,1.212366e-01,3.385772e-02,4.002168e-02,1.724498e-02,3.413193e-03,5.960662e-03,8.876017e-02,5.973415e-02,6.375948e-03,1.063937e-03,2.154748e-03,2.939261e-02,3.703669e-01
1.848808e-01,1.273975e-01,1.048847e-01,3.494429e-02,5.638079e-02,2.252631e-02,2.948232e-03,7.470026e-03,7.850737e-02,4.304224e-02,4.977177e-03,9.914413e-04,1.986516e-03,2.313872e-02,3.059238e-01
2.804026e-01,1.144108e-01,9.711150e-02,3.271554e-02,5.114758e-02,1.933908e-02,2.790627e-03,7.762117e-03,7.087885e-02,3.110020e-02,4.402185e-03,1.899240e-03,2.467281e-03,2.008955e-02,2.634829e-01
3.191106e-01,1.146810e-01,9.245484e-02,4.808491e-02,6.131486e-02,2.182752e-02,3.775789e-03,1.025583e-02,5.682274e-02,2.261006e-02,4.588705e-03,2.842114e-03,2.769524e-03,1.788382e-02,2.209776e-01
3.754321e-01,9.729676e-02,1.103125e-01,5.166475e-02,7.011778e-02,1.833780e-02,3.757607e-03,1.150446e-02,4.344273e-02,1.787227e-02,3.797834e-03,2.928826e-03,2.316742e-03,1.352426e-02,1.776937e-01
3.662433e-01,8.881271e-02,1.352224e-01,1.075191e-01,5.348093e-02,1.380741e-02,2.963869e-03,9.244135e-03,3.507037e-02,1.782259e-02,4.536839e-03,3.606875e-03,2.589311e-03,9.803217e-03,1.492771e-01
3.087235e-01,7.380403e-02,2.287686e-01,1.222399e-01,3.929770e-02,1.054559e-02,2.282057e-03,7.289167e-03,2.822543e-02,1.990831e-02,5.539261e-03,3.431111e-03,2.630646e-03,7.453550e-03,1.398611e-01
2.307559e-01,1.008840e-01,2.796799e-01,9.666025e-02,2.850140e-02,9.074295e-03,1.746465e-03,5.974030e-03,3.298973e-02,1.629376e-02,6.554105e-02,2.827151e-03,2.695342e-03,7.983212e-03,1.183934e-01
1.712958e-01,8.092231e-02,2.058750e-01,6.995516e-02,2.014309e-02,6.582782e-03,1.232769e-03,4.769786e-03,3.543100e-02,1.264666e-02,2.740221e-01,5.956919e-03,3.162944e-03,6.779903e-03,1.012238e-01
1.554327e-01,5.884172e-02,1.454879e-01,4.988914e-02,1.425106e-02,5.605410e-03,9.189729e-04,3.585904e-03,2.600436e-02,9.140344e-03,4.339232e-01,1.635512e-02,2.723467e-03,6.169081e-03,7.167157e-02
1.496580e-01,4.190940e-02,1.024325e-01,3.530340e-02,1.017676e-02,4.653045e-03,7.714863e-04,2.977350e-03,1.893041e-02,6.658063e-03,5.427045e-01,2.486975e-02,2.223462e-03,6.297396e-03,5.043452e-02
1.380304e-01,2.977449e-02,7.197301e-02,2.542362e-02,7.221743e-03,4.336158e-03,6.355448e-04,2.339721e-03,1.374770e-02,4.864592e-03,6.265483e-01,3.080954e-02,1.768583e-03,6.892905e-03,3.563369e-02
1.515899e-01,2.273785e-02,5.101118e-02,1.994603e-02,6.648118e-03,5.684728e-03,2.338766e-03,3.151793e-03,1.289291e-02,4.042886e-03,6.265416e-01,5.861918e-02,1.582208e-03,7.218772e-03,2.599412e-02
1.185244e-01,1.633097e-02,3.577172e-02,1.496336e-02,5.061778e-03,5.028610e-03,1.804349e-03,2.403636e-03,1.072628e-02,3.428201e-03,6.938252e-01,6.578502e-02,1.356112e-03,6.324510e-03,1.866593e-02
9.744857e-02,1.332431e-02,2.541903e-02,1.264977e-02,6.062879e-03,4.295700e-03,1.652294e-03,2.379851e-03,1.678168e-02,4.687722e-03,7.131379e-01,8.021516e-02,1.187275e-03,6.960745e-03,1.379727e-02
9.542227e-02,1.052143e-02,1.799161e-02,1.023782e-02,5.910659e-03,4.117336e-03,1.638816e-03,2.937611e-03,1.971359e-02,5.587887e-03,7.153207e-01,9.013577e-02,1.660957e-03,8.393764e-03,1.040983e-02
9.083213e-02,9.701095e-03,1.295762e-02,1.200062e-02,1.200698e-02,3.994788e-03,2.359564e-03,3.395539e-03,2.790296e-02,6.516796e-03,7.029834e-01,9.448289e-02,1.930234e-03,9.379962e-03,9.555459e-03
7.626799e-02,9.077171e-03,9.466575e-03,9.933643e-03,1.128580e-02,3.681360e-03,2.470605e-03,2.813540e-03,2.386513e-02,5.211959e-03,7.413644e-01,8.732483e-02,1.943925e-03,7.548253e-03,7.744843e-03
6.906541e-02,7.515593e-03,6.800849e-03,8.173273e-03,9.168537e-03,3.257417e-03,2.028949e-03,2.202380e-03,2.355421e-02,4.359616e-03,7.495202e-01,9.934220e-02,2.055581e-03,6.692139e-03,6.263734e-03
1.144076e-01,6.327548e-03,5.061991e-03,6.568779e-03,7.439552e-03,6.878460e-03,2.727502e-03,2.611681e-03,2.086949e-02,3.746176e-03,6.931986e-01,1.159879e-01,2.851631e-03,5.418030e-03,5.905073e-03
1.522883e-01,5.702066e-03,4.117854e-03,5.861547e-03,8.125367e-03,9.936457e-03,3.290949e-03,4.686100e-03,2.464384e-02,3.208127e-03,5.773412e-01,1.861102e-01,3.182573e-03,5.225446e-03,6.280071e-03
1.379566e-01,6.097251e-03,3.191618e-03,4.660239e-03,1.002207e-02,8.729368e-03,4.187583e-03,8.193078e-03,4.987767e-02,2.741673e-03,5.619870e-01,1.894135e-01,3.307189e-03,4.440602e-03,5.194560e-03
1.367501e-01,1.178363e-02,4.372243e-03,6.596990e-03,1.413295e-02,1.004367e-02,4.731306e-03,1.330500e-02,4.845873e-02,2.570007e-03,5.768755e-01,1.540282e-01,4.484301e-03,3.611572e-03,8.255836e-03
1.188043e-01,1.445205e-02,5.053189e-03,7.488851e-03,1.929160e-02,1.021477e-02,5.202686e-03,1.251593e-02,4.363498e-02,2.233895e-03,6.242458e-01,1.173909e-01,5.701384e-03,2.681415e-03,1.108831e-02
9.242870e-02,2.829511e-02,2.352226e-02,5.787787e-03,2.680801e-02,1.120530e-02,7.726906e-03,4.060917e-02,3.894044e-02,2.116365e-03,6.185768e-01,8.491294e-02,6.526363e-03,2.187581e-03,1.035626e-02
6.915922e-02,2.895734e-02,4.923001e-02,4.651383e-03,4.305359e-02,9.077331e-03,7.634978e-03,1.253478e-01,5.446135e-02,2.248733e-03,5.291687e-01,6.064706e-02,5.625183e-03,1.826463e-03,8.910876e-03
5.222895e-02,3.245396e-02,5.293398e-02,3.921465e-03,6.041382e-02,8.440033e-03,5.759255e-03,1.907121e-01,7.593617e-02,1.959977e-03,4.559478e-01,4.377647e-02,4.885250e-03,1.576411e-03,9.054339e-03
4.309410e-02,1.000178e-01,4.575755e-02,3.171158e-03,7.129741e-02,1.199853e-02,4.120091e-03,1.977257e-01,1.175438e-01,1.834741e-03,3.542824e-01,3.153376e-02,3.675474e-03,1.649712e-03,1.229783e-02
3.713397e-02,1.836576e-01,3.690453e-02,2.598376e-03,7.973838e-02,1.518041e-02,2.940165e-03,1.704975e-01,1.268210e-01,2.289776e-03,2.968423e-01,2.317899e-02,2.724563e-03,2.159482e-03,1.733293e-02
3.354553e-02,2.493540e-01,4.656514e-02,4.815589e-03,8.312546e-02,1.179763e-02,2.243909e-03,1.686632e-01,1.073126e-01,2.885530e-03,2.109841e-01,1.680064e-02,2.321138e-03,2.500981e-03,5.708447e-02
3.639780e-02,2.387416e-01,8.525449e-02,1.077290e-02,7.534274e-02,9.408219e-03,1.722490e-03,1.902397e-01,8.714522e-02,4.233227e-03,1.483644e-01,1.242577e-02,2.255520e-03,3.067752e-03,9.462820e-02
4.085745e-02,1.902632e-01,1.038146e-01,1.379486e-02,7.629076e-02,1.054192e-02,1.580790e-03,2.546654e-01,7.079573e-02,1.008271e-02,1.052640e-01,9.693745e-03,2.137458e-03,3.258049e-03,1.069594e-01
4.267176e-02,1.470948e-01,1.901165e-01,2.531372e-02,6.315231e-02,8.786597e-03,1.417716e-03,2.312636e-01,6.500667e-02,2.655445e-02,7.509580e-02,8.972226e-03,2.858129e-03,2.822753e-03,1.088730e-01
6.244725e-02,1.275572e-01,1.585435e-01,2.634403e-02,6.445035e-02,7.915488e-03,1.818141e-03,2.350373e-01,6.824759e-02,2.709676e-02,5.520416e-02,8.167675e-03,4.015866e-03,3.538906e-03,1.496158e-01
6.001880e-02,1.153822e-01,1.716111e-01,2.756211e-02,5.077799e-02,7.299792e-03,1.762167e-03,1.978614e-01,7.947972e-02,4.178281e-02,4.088381e-02,6.689929e-03,4.130526e-03,3.460263e-03,1.912974e-01
7.628621e-02,1.283865e-01,1.807963e-01,3.146370e-02,4.148238e-02,8.720540e-03,1.864370e-03,1.685543e-01,1.109586e-01,3.965102e-02,3.220968e-02,5.555246e-03,4.589214e-03,4.821676e-03,1.646603e-01
8.733134e-02,1.399552e-01,1.486674e-01,3.464457e-02,3.552587e-02,1.335485e-02,2.010859e-03,1.751932e-01,1.560682e-01,3.302620e-02,2.761472e-02,4.578923e-03,5.183584e-03,7.643349e-03,1.292017e-01
1.117704e-01,1.427161e-01,1.316097e-01,5.379543e-02,2.733908e-02,1.431596e-02,1.756924e-03,1.300850e-01,1.747423e-01,3.448905e-02,2.197492e-02,3.965893e-03,5.711645e-03,8.021621e-03,1.377059e-01
1.671373e-01,1.361462e-01,1.041267e-01,5.038141e-02,2.204141e-02,2.218650e-02,1.666899e-03,9.997731e-02,1.805470e-01,3.134539e-02,2.092236e-02,4.566826e-03,8.964485e-03,1.126513e-02,1.387252e-01
1.918916e-01,1.201407e-01,1.140137e-01,5.920105e-02,1.776892e-02,2.250841e-02,1.841504e-03,7.365954e-02,1.787842e-01,4.067321e-02,1.828684e-02,5.361806e-03,1.244511e-02,1.037076e-02,1.330526e-01
2.608228e-01,1.126959e-01,1.001070e-01,6.238583e-02,1.357699e-02,2.112985e-02,1.648984e-03,5.281874e-02,1.758139e-01,3.815088e-02,1.653770e-02,8.138303e-03,1.293807e-02,1.008072e-02,1.131543e-01
3.432258e-01,9.373059e-02,8.399574e-02,5.057226e-02,1.084770e-02,1.988636e-02,1.570990e-03,3.832812e-02,1.507393e-01,3.548189e-02,1.883386e-02,1.288948e-02,1.724243e-02,1.613711e-02,1.065184e-01
4.285770e-01,7.260557e-02,7.209013e-02,4.841884e-02,1.033174e-02,1.841937e-02,1.785323e-03,2.820798e-02,1.326548e-01,3.028175e-02,2.044467e-02,1.499675e-02,2.217241e-02,1.374829e-02,8.526541e-02
4.518745e-01,5.941603e-02,5.720453e-02,3.761477e-02,1.403385e-02,1.524557e-02,3.117030e-03,2.195584e-02,1.563518e-01,2.317263e-02,2.433584e-02,1.515963e-02,3.717873e-02,1.320421e-02,7.013501e-02
4.647495e-01,4.687956e-02,4.674158e-02,2.903032e-02,2.197103e-02,1.318344e-02,4.314948e-03,1.998968e-02,1.644788e-01,1.714057e-02,2.779847e-02,1.592448e-02,4.907401e-02,1.672412e-02,6.199954e-02
3.630690e-01,3.863937e-02,4.069070e-02,2.162730e-02,2.291175e-02,1.109564e-02,4.110552e-03,2.421243e-02,2.121783e-01,1.292119e-02,3.576957e-02,3.027593e-02,1.156309e-01,1.465757e-02,5.220976e-02
2.594688e-01,3.663473e-02,4.186919e-02,1.576928e-02,2.129779e-02,8.660822e-03,3.871934e-03,1.875900e-02,2.266821e-01,1.035714e-02,3.376943e-02,3.669360e-02,2.161675e-01,1.198873e-02,5.800991e-02
1.928987e-01,4.973346e-02,1.184102e-01,1.760428e-02,2.120160e-02,7.738207e-03,3.489534e-03,2.144251e-02,1.900848e-01,1.803674e-02,3.139176e-02,5.657603e-02,2.072232e-01,1.241546e-02,5.175345e-02
1.451546e-01,6.357010e-02,1.074628e-01,1.534364e-02,1.803962e-02,8.245962e-03,2.941538e-03,1.885793e-02,2.198675e-01,2.066119e-02,3.208244e-02,6.757965e-02,2.067436e-01,1.295270e-02,6.049674e-02
1.090351e-01,8.581807e-02,1.327703e-01,1.447437e-02,1.488072e-02,1.222385e-02,2.445057e-03,1.602671e-02,2.529234e-01,2.346469e-02,3.025040e-02,5.660083e-02,1.645595e-01,1.215923e-02,7.236774e-02
9.292394e-02,1.141251e-01,1.345005e-01,1.395150e-02,1.387489e-02,1.280985e-02,1.997784e-03,2.175047e-02,3.118932e-01,2.259734e-02,2.620732e-02,4.392097e-02,1.198325e-01,9.654398e-03,5.996015e-02
9.073017e-02,1.575362e-01,1.126677e-01,1.341534e-02,1.355004e-02,1.077447e-02,1.526442e-03,2.818413e-02,3.409236e-01,3.087262e-02,2.169201e-02,3.400126e-02,8.761635e-02,8.130275e-03,4.837940e-02
1.016948e-01,1.643620e-01,9.803372e-02,1.353241e-02,2.327507e-02,1.255078e-02,1.924316e-03,3.786839e-02,3.692260e-01,2.765368e-02,1.695259e-02,2.525669e-02,6.347922e-02,6.271457e-03,3.791896e-02
1.025764e-01,1.562993e-01,8.691344e-02,1.244875e-02,4.008780e-02,1.216083e-02,2.116296e-03,4.497977e-02,3.849517e-01,4.285707e-02,1.414014e-02,1.893611e-02,4.573415e-02,5.352139e-03,3.044620e-02
