1.000000e+00,0.000000e+00,0.000000e+00,0.000000e+00,0.000000e+00,0.000000e+00,0.000000e+00,0.000000e+00,0.000000e+00,0.000000e+00,0.000000e+00,0.000000e+00,0.000000e+00,0.000000e+00,0.000000e+00
1.000000e+00,0.000000e+00,0.000000e+00,0.000000e+00,0.000000e+00,0.000000e+00,0.000000e+00,0.000000e+00,0.000000e+00,0.000000e+00,0.000000e+00,0.000000e+00,0.000000e+00,0.000000e+00,0.000000e+00
1.000000e+00,0.000000e+00,0.000000e+00,0.000000e+00,0.000000e+00,0.000000e+00,0.000000e+00,0.000000e+00,0.000000e+00,0.000000e+00,0.000000e+00,0.000000e+00,0.000000e+00,0.000000e+00,0.000000e+00
1.000000e+00,0.000000e+00,0.000000e+00,0.000000e+00,0.000000e+00,0.000000e+00,0.000000e+00,0.000000e+00,0.000000e+00,0.000000e+00,0.000000e+00,0.000000e+00,0.000000e+00,0.000000e+00,0.000000e+00
1.000000e+00,0.000000e+00,0.000000e+00,0.000000e+00,0.000000e+00,0.000000e+00,0.000000e+00,0.000000e+00,0.000000e+00,0.000000e+00,0.000000e+00,0.000000e+00,0.000000e+00,0.000000e+00,0.000000e+00
1.000000e+00,0.000000e+00,0.000000e+00,0.000000e+00,0.000000e+00,0.000000e+00,0.000000e+00,0.000000e+00,0.000000e+00,0.000000e+00,0.000000e+00,0.000000e+00,0.000000e+00,0.000000e+00,0.000000e+00
1.000000e+00,0.000000e+00,0.000000e+00,0.000000e+00,0.000000e+00,0.000000e+00,0.000000e+00,0.000000e+00,0.000000e+00,0.000000e+00,0.000000e+00,0.000000e+00,0.000000e+00,0.000000e+00,0.000000e+00
1.000000e+00,0.000000e+00,0.000000e+00,0.000000e+00,0.000000e+00,0.000000e+00,0.000000e+00,0.000000e+00,0.000000e+00,0.000000e+00,0.000000e+00,0.000000e+00,0.000000e+00,0.000000e+00,0.000000e+00
1.000000e+00,0.000000e+00,0.000000e+00,0.000000e+00,0.000000e+00,0.000000e+00,0.000000e+00,0.000000e+00,0.000000e+00,0.000000e+00,0.000000e+00,0.000000e+00,0.000000e+00,0.000000e+00,0.000000e+00
1.000000e+00,0.000000e+00,0.000000e+00,0.000000e+00,0.000000e+00,0.000000e+00,0.000000e+00,0.000000e+00,0.000000e+00,0.000000e+00,0.000000e+00,0.000000e+00,0.000000e+00,0.000000e+00,0.000000e+00
1.000000e+00,0.000000e+00,0.000000e+00,0.000000e+00,0.000000e+00,0.000000e+00,0.000000e+00,0.000000e+00,0.000000e+00,0.000000e+00,0.000000e+00,0.000000e+00,0.000000e+00,0.000000e+00,0.000000e+00
1.000000e+00,0.000000e+00,0.000000e+00,0.000000e+00,0.000000e+00,0.000000e+00,0.000000e+00,0.000000e+00,0.000000e+00,0.000000e+00,0.000000e+00,0.000000e+00,0.000000e+00,0.000000e+00,0.000000e+00
1.000000e+00,0.000000e+00,0.000000e+00,0.000000e+00,0.000000e+00,0.000000e+00,0.000000e+00,0.000000e+00,0.000000e+00,0.000000e+00,0.000000e+00,0.000000e+00,0.000000e+00,0.000000e+00,0.000000e+00
1.000000e+00,0.000000e+00,0.000000e+00,0.000000e+00,0.000000e+00,0.000000e+00,0.000000e+00,0.000000e+00,0.000000e+00,0.000000e+00,0.000000e+00,0.000000e+00,0.000000e+00,0.000000e+00,0.000000e+00
1.000000e+00,0.000000e+00,0.000000e+00,0.000000e+00,0.000000e+00,0.000000e+00,0.000000e+00,0.000000e+00,0.000000e+00,0.000000e+00,0.000000e+00,0.000000e+00,0.000000e+00,0.000000e+00,0.000000e+00
1.000000e+00,0.000000e+00,0.000000e+00,0.000000e+00,0.000000e+00,0.000000e+00,0.000000e+00,0.000000e+00,0.000000e+00,0.000000e+00,0.000000e+00,0.000000e+00,0.000000e+00,0.000000e+00,0.000000e+00
1.000000e+00,0.000000e+00,0.000000e+00,0.000000e+00,0.000000e+00,0.000000e+00,0.000000e+00,0.000000e+00,0.000000e+00,0.000000e+00,0.000000e+00,0.000000e+00,0.000000e+00,0.000000e+00,0.000000e+00
1.000000e+00,0.000000e+00,0.000000e+00,0.000000e+00,0.000000e+00,0.000000e+00,0.000000e+00,0.000000e+00,0.000000e+00,0.000000e+00,0.000000e+00,0.000000e+00,0.000000e+00,0.000000e+00,0.000000e+00
1.000000e+00,0.000000e+00,0.000000e+00,0.000000e+00,0.000000e+00,0.000000e+00,0.000000e+00,0.000000e+00,0.000000e+00,0.000000e+00,0.000000e+00,0.000000e+00,0.000000e+00,0.000000e+00,0.000000e+00
1.000000e+00,0.000000e+00,0.000000e+00,0.000000e+00,0.000000e+00,0.000000e+00,0.000000e+00,0.000000e+00,0.000000e+00,0.000000e+00,0.000000e+00,0.000000e+00,0.000000e+00,0.000000e+00,0.000000e+00
1.000000e+00,0.000000e+00,0.000000e+00,0.000000e+00,0.000000e+00,0.000000e+00,0.000000e+00,0.000000e+00,0.000000e+00,0.000000e+00,0.000000e+00,0.000000e+00,0.000000e+00,0.000000e+00,0.000000e+00
1.000000e+00,0.000000e+00,0.000000e+00,0.000000e+00,0.000000e+00,0.000000e+00,0.000000e+00,0.000000e+00,0.000000e+00,0.000000e+00,0.000000e+00,0.000000e+00,0.000000e+00,0.000000e+00,0.000000e+00
1.000000e+00,0.000000e+00,0.000000e+00,0.000000e+00,0.000000e+00,0.000000e+00,0.000000e+00,0.000000e+00,0.000000e+00,0.000000e+00,0.000000e+00,0.000000e+00,0.000000e+00,0.000000e+00,0.000000e+00
1.000000e+00,0.000000e+00,0.000000e+00,0.000000e+00,0.000000e+00,0.000000e+00,0.000000e+00,0.000000e+00,0.000000e+00,0.000000e+00,0.000000e+00,0.000000e+00,0.000000e+00,0.000000e+00,0.000000e+00
1.000000e+00,0.000000e+00,0.000000e+00,0.000000e+00,0.000000e+00,0.000000e+00,0.000000e+00,0.000000e+00,0.000000e+00,0.000000e+00,0.000000e+00,0.000000e+00,0.000000e+00,0.000000e+00,0.000000e+00
1.000000e+00,0.000000e+00,0.000000e+00,0.000000e+00,0.000000e+00,0.000000e+00,0.000000e+00,0.000000e+00,0.000000e+00,0.000000e+00,0.000000e+00,0.000000e+00,0.000000e+00,0.000000e+00,0.000000e+00
1.000000e+00,0.000000e+00,0.000000e+00,0.000000e+00,0.000000e+00,0.000000e+00,0.000000e+00,0.000000e+00,0.000000e+00,0.000000e+00,0.000000e+00,0.000000e+00,0.000000e+00,0.000000e+00,0.000000e+00
1.000000e+00,0.000000e+00,0.000000e+00,0.000000e+00,0.000000e+00,0.000000e+00,0.000000e+00,0.000000e+00,0.000000e+00,0.000000e+00,0.000000e+00,0.000000e+00,0.000000e+00,0.000000e+00,0.000000e+00
1.000000e+00,0.000000e+00,0.000000e+00,0.000000e+00,0.000000e+00,0.000000e+00,0.000000e+00,0.000000e+00,0.000000e+00,0.000000e+00,0.000000e+00,0.000000e+00,0.000000e+00,0.000000e+00,0.000000e+00
1.000000e+00,0.000000e+00,0.000000e+00,0.000000e+00,0.000000e+00,0.000000e+00,0.000000e+00,0.000000e+00,0.000000e+00,0.000000e+00,0.000000e+00,0.000000e+00,0.000000e+00,0.000000e+00,0.000000e+00
1.000000e+00,0.000000e+00,0.000000e+00,0.000000e+00,0.000000e+00,0.000000e+00,0.000000e+00,0.000000e+00,0.000000e+00,0.000000e+00,0.000000e+00,0.000000e+00,0.000000e+00,0.000000e+00,0.000000e+00
1.000000e+00,0.000000e+00,0.000000e+00,0.000000e+00,0.000000e+00,0.000000e+00,0.000000e+00,0.000000e+00,0.000000e+00,0.000000e+00,0.000000e+00,0.000000e+00,0.000000e+00,0.000000e+00,0.000000e+00
1.000000e+00,0.000000e+00,0.000000e+00,0.000000e+00,0.000000e+00,0.000000e+00,0.000000e+00,0.000000e+00,0.000000e+00,0.000000e+00,0.000000e+00,0.000000e+00,0.000000e+00,0.000000e+00,0.000000e+00
1.000000e+00,0.000000e+00,0.000000e+00,0.000000e+00,0.000000e+00,0.000000e+00,0.000000e+00,0.000000e+00,0.000000e+00,0.000000e+00,0.000000e+00,0.000000e+00,0.000000e+00,0.000000e+00,0.000000e+00
1.000000e+00,0.000000e+00,0.000000e+00,0.000000e+00,0.000000e+00,0.000000e+00,0.000000e+00,0.000000e+00,0.000000e+00,0.000000e+00,0.000000e+00,0.000000e+00,0.000000e+00,0.000000e+00,0.000000e+00
1.000000e+00,0.000000e+00,0.000000e+00,0.000000e+00,0.000000e+00,0.000000e+00,0.000000e+00,0.000000e+00,0.000000e+00,0.000000e+00,0.000000e+00,0.000000e+00,0.000000e+00,0.000000e+00,0.000000e+00
1.000000e+00,0.000000e+00,0.000000e+00,0.000000e+00,0.000000e+00,0.000000e+00,0.000000e+00,0.000000e+00,0.000000e+00,0.000000e+00,0.000000e+00,0.000000e+00,0.000000e+00,0.000000e+00,0.000000e+00
1.000000e+00,0.000000e+00,0.000000e+00,0.000000e+00,0.000000e+00,0.000000e+00,0.000000e+00,0.000000e+00,0.000000e+00,0.000000e+00,0.000000e+00,0.000000e+00,0.000000e+00,0.000000e+00,0.000000e+00
1.000000e+00,0.000000e+00,0.000000e+00,0.000000e+00,0.000000e+00,0.000000e+00,0.000000e+00,0.000000e+00,0.000000e+00,0.000000e+00,0.000000e+00,0.000000e+00,0.000000e+00,0.000000e+00,0.000000e+00
1.000000e+00,0.000000e+00,0.000000e+00,0.000000e+00,0.000000e+00,0.000000e+00,0.000000e+00,0.000000e+00,0.000000e+00,0.000000e+00,0.000000e+00,0.000000e+00,0.000000e+00,0.000000e+00,0.000000e+00
1.000000e+00,0.000000e+00,0.000000e+00,0.000000e+00,0.000000e+00,0.000000e+00,0.000000e+00,0.000000e+00,0.000000e+00,0.000000e+00,0.000000e+00,0.000000e+00,0.000000e+00,0.000000e+00,0.000000e+00
1.000000e+00,0.000000e+00,0.000000e+00,0.000000e+00,0.000000e+00,0.000000e+00,0.000000e+00,0.000000e+00,0.000000e+00,0.000000e+00,0.000000e+00,0.000000e+00,0.000000e+00,0.000000e+00,0.000000e+00
1.000000e+00,0.000000e+00,0.000000e+00,0.000000e+00,0.000000e+00,0.000000e+00,0.000000e+00,0.000000e+00,0.000000e+00,0.000000e+00,0.000000e+00,0.000000e+00,0.000000e+00,0.000000e+00,0.000000e+00
1.000000e+00,0.000000e+00,0.000000e+00,0.000000e+00,0.000000e+00,0.000000e+00,0.000000e+00,0.000000e+00,0.000000e+00,0.000000e+00,0.000000e+00,0.000000e+00,0.000000e+00,0.000000e+00,0.000000e+00
1.000000e+00,0.000000e+00,0.000000e+00,0.000000e+00,0.000000e+00,0.000000e+00,0.000000e+00,0.000000e+00,0.000000e+00,0.000000e+00,0.000000e+00,0.000000e+00,0.000000e+00,0.000000e+00,0.000000e+00
1.000000e+00,0.000000e+00,0.000000e+00,0.000000e+00,0.000000e+00,0.000000e+00,0.000000e+00,0.000000e+00,0.000000e+00,0.000000e+00,0.000000e+00,0.000000e+00,0.000000e+00,0.000000e+00,0.000000e+00
1.000000e+00,0.000000e+00,0.000000e+00,0.000000e+00,0.000000e+00,0.000000e+00,0.000000e+00,0.000000e+00,0.000000e+00,0.000000e+00,0.000000e+00,0.000000e+00,0.000000e+00,0.000000e+00,0.000000e+00
1.000000e+00,0.000000e+00,0.000000e+00,0.000000e+00,0.000000e+00,0.000000e+00,0.000000e+00,0.000000e+00,0.000000e+00,0.000000e+00,0.000000e+00,0.000000e+00,0.000000e+00,0.000000e+00,0.000000e+00
1.000000e+00,0.000000e+00,0.000000e+00,0.000000e+00,0.000000e+00,0.000000e+00,0.000000e+00,0.000000e+00,0.000000e+00,0.000000e+00,0.000000e+00,0.000000e+00,0.000000e+00,0.000000e+00,0.000000e+00
1.000000e+00,0.000000e+00,0.000000e+00,0.000000e+00,0.000000e+00,0.000000e+00,0.000000e+00,0.000000e+00,0.000000e+00,0.000000e+00,0.000000e+00,0.000000e+00,0.000000e+00,0.000000e+00,0.000000e+00
1.000000e+00,0.000000e+00,0.000000e+00,0.000000e+00,0.000000e+00,0.000000e+00,0.000000e+00,0.000000e+00,0.000000e+00,0.000000e+00,0.000000e+00,0.000000e+00,0.000000e+00,0.000000e+00,0.000000e+00
1.000000e+00,0.000000e+00,0.000000e+00,0.000000e+00,0.000000e+00,0.000000e+00,0.000000e+00,0.000000e+00,0.000000e+00,0.000000e+00,0.000000e+00,0.000000e+00,0.000000e+00,0.000000e+00,0.000000e+00
1.000000e+00,0.000000e+00,0.000000e+00,0.000000e+00,0.000000e+00,0.000000e+00,0.000000e+00,0.000000e+00,0.000000e+00,0.000000e+00,0.000000e+00,0.000000e+00,0.000000e+00,0.000000e+00,0.000000e+00
1.000000e+00,0.000000e+00,0.000000e+00,0.000000e+00,0.000000e+00,0.000000e+00,0.000000e+00,0.000000e+00,0.000000e+00,0.000000e+00,0.000000e+00,0.000000e+00,0.000000e+00,0.000000e+00,0.000000e+00
4.074072e-01,2.585379e-02,1.838322e-01,9.131306e-02,6.698847e-03,3.289839e-02,7.223283e-03,1.392214e-01,6.503872e-03,2.313052e-03,1.511691e-02,3.673782e-02,1.576151e-02,5.111089e-03,2.400761e-02
4.097103e-01,1.977444e-02,1.743219e-01,7.140316e-02,5.860980e-03,4.147347e-02,9.997362e-03,1.742125e-01,5.337367e-03,3.722732e-03,1.473202e-02,2.980977e-02,1.382031e-02,5.775377e-03,2.004836e-02
3.986472e-01,1.573017e-02,1.821635e-01,5.519448e-02,5.802214e-03,4.280016e-02,1.065245e-02,1.853819e-01,5.454839e-03,1.217760e-02,1.685359e-02,2.506476e-02,1.406663e-02,1.109006e-02,1.892030e-02
2.795602e-01,1.148676e-02,2.092674e-01,4.145672e-02,4.080635e-03,3.144785e-02,7.510981e-03,1.324469e-01,7.932537e-03,1.303472e-01,4.442117e-02,3.306943e-02,1.123347e-02,2.509530e-02,3.064341e-02
1.961296e-01,8.328211e-03,2.097621e-01,3.147719e-02,2.937201e-03,2.268162e-02,5.291361e-03,9.622062e-02,7.433049e-03,1.562204e-01,1.367739e-01,4.050978e-02,8.789967e-03,5.388840e-02,2.355652e-02
1.378010e-01,6.172533e-03,1.780512e-01,2.395174e-02,2.141406e-03,1.644809e-02,3.714547e-03,6.791345e-02,9.627528e-03,1.742570e-01,2.447199e-01,3.715535e-02,6.918001e-03,7.342310e-02,1.770507e-02
9.699311e-02,4.629517e-03,1.251476e-01,1.816970e-02,1.572163e-03,1.203586e-02,2.641687e-03,4.776810e-02,7.744686e-03,1.313544e-01,4.491177e-01,2.966974e-02,5.209571e-03,5.515676e-02,1.278946e-02
6.901934e-02,3.911003e-03,8.959654e-02,1.619791e-02,1.649012e-03,9.178312e-03,1.964423e-03,3.450853e-02,1.002372e-02,1.082209e-01,4.636593e-01,1.063743e-01,4.907755e-03,7.142169e-02,9.367273e-03
4.902694e-02,3.446755e-03,6.290758e-02,1.196000e-02,1.514164e-03,6.767064e-03,1.406532e-03,2.440836e-02,4.187097e-02,8.169437e-02,4.944061e-01,1.021854e-01,3.971204e-03,1.074732e-01,6.961280e-03
3.522012e-02,3.030091e-03,4.419369e-02,9.254125e-03,1.169494e-03,5.576327e-03,1.009712e-03,1.724085e-02,7.745828e-02,6.152353e-02,4.532359e-01,9.761448e-02,3.242533e-03,1.849524e-01,5.278502e-03
2.503106e-02,2.355455e-03,3.098295e-02,7.105822e-03,8.795395e-04,4.764896e-03,7.158133e-04,1.209852e-02,6.740423e-02,4.458246e-02,4.141426e-01,7.174039e-02,2.464605e-03,3.116581e-01,4.073507e-03
1.767348e-02,2.027921e-03,2.183242e-02,5.160922e-03,8.885475e-04,4.398648e-03,5.140231e-04,8.506786e-03,5.073895e-02,3.349431e-02,4.058019e-01,5.797207e-02,1.964377e-03,3.859823e-01,3.043383e-03
1.247037e-02,1.628156e-03,1.532631e-02,3.650851e-03,7.851473e-04,4.480806e-03,3.649743e-04,5.973711e-03,3.724281e-02,2.468636e-02,3.644124e-01,4.450767e-02,1.549086e-03,4.806830e-01,2.238303e-03
8.949667e-03,1.912217e-03,1.100201e-02,2.626693e-03,1.073143e-03,5.623817e-03,3.095267e-04,4.323799e-03,2.746243e-02,2.601601e-02,3.993732e-01,3.345006e-02,1.323342e-03,4.747890e-01,1.765146e-03
6.375304e-03,2.703463e-03,9.327039e-03,2.028948e-03,3.482859e-03,1.119354e-02,4.065966e-04,3.460887e-03,2.105239e-02,2.583061e-02,4.090204e-01,2.700323e-02,1.164051e-03,4.755501e-01,1.400724e-03
4.673657e-03,3.540162e-03,9.413390e-03,1.597532e-03,1.062713e-02,1.289280e-02,4.238775e-04,2.615735e-03,1.653114e-02,2.366466e-02,3.698530e-01,2.175505e-02,1.324646e-03,5.199740e-01,1.113266e-03
4.312148e-03,1.144707e-02,9.081600e-03,1.763148e-03,3.118895e-02,3.232745e-02,9.673394e-04,3.673039e-03,4.045172e-02,2.304649e-02,3.494157e-01,1.768422e-02,1.648374e-03,4.720776e-01,9.150716e-04
4.154956e-03,2.991028e-02,7.421037e-03,1.600373e-03,3.807443e-02,4.794455e-02,1.020494e-03,3.058863e-03,6.063269e-02,2.649022e-02,3.203527e-01,1.407030e-02,2.196896e-03,4.419137e-01,1.158542e-03
6.434585e-03,5.964153e-02,1.209195e-02,3.917862e-03,5.358874e-02,5.635539e-02,1.292493e-03,5.178061e-03,1.063259e-01,2.624943e-02,2.742999e-01,1.080130e-02,3.321480e-03,3.759586e-01,4.542852e-03
8.403320e-03,5.640576e-02,2.792760e-02,8.708831e-03,6.768472e-02,1.209426e-01,1.615086e-03,1.395774e-02,1.099251e-01,2.532726e-02,2.125074e-01,7.766342e-03,2.657711e-03,3.325926e-01,3.577969e-03
1.714810e-02,7.112189e-02,3.125745e-02,2.744495e-02,7.691289e-02,1.121023e-01,1.486998e-03,6.727120e-02,1.595658e-01,1.828264e-02,1.651029e-01,5.926272e-03,3.454100e-03,2.397289e-01,3.193618e-03
1.987807e-02,7.879754e-02,2.495281e-02,3.102126e-02,6.133727e-02,1.737389e-01,1.131134e-03,8.480746e-02,2.044522e-01,1.408348e-02,1.227399e-01,5.090671e-03,3.708363e-03,1.712588e-01,3.002136e-03
2.294621e-02,7.796288e-02,1.949478e-02,2.855497e-02,4.784612e-02,2.050277e-01,9.219543e-04,8.067326e-02,2.814347e-01,1.064323e-02,9.128346e-02,4.430625e-03,3.697860e-03,1.215627e-01,3.519647e-03
2.902150e-02,6.694315e-02,2.335360e-02,7.824521e-02,4.436140e-02,1.573209e-01,8.385110e-04,9.293211e-02,3.288581e-01,9.659002e-03,6.917842e-02,4.204594e-03,3.545232e-03,8.622636e-02,5.311976e-03
5.003581e-02,5.289296e-02,3.479660e-02,8.302590e-02,5.357140e-02,1.288945e-01,1.112871e-03,1.537585e-01,3.024024e-01,9.017196e-03,5.392626e-02,4.448969e-03,3.645701e-03,6.182364e-02,6.647326e-03
7.644304e-02,6.450792e-02,4.254073e-02,6.834492e-02,5.382331e-02,1.103766e-01,1.035913e-03,1.540959e-01,3.064932e-01,8.027121e-03,4.119348e-02,4.521096e-03,3.956364e-03,4.699173e-02,1.764865e-02
9.378663e-02,5.321724e-02,5.391310e-02,7.263748e-02,5.488583e-02,8.426560e-02,9.164081e-04,2.187610e-01,2.645319e-01,6.890377e-03,3.507950e-02,4.743604e-03,4.659594e-03,3.458590e-02,1.712579e-02
1.378011e-01,4.744484e-02,4.166421e-02,6.644534e-02,6.463825e-02,8.412848e-02,9.141383e-04,2.225331e-01,2.490464e-01,5.697509e-03,2.792869e-02,3.973322e-03,3.976322e-03,2.636787e-02,1.744047e-02
1.071442e-01,3.376655e-02,3.105706e-02,6.819887e-02,5.975251e-02,5.997042e-02,1.094434e-03,3.917964e-01,1.805334e-01,4.247448e-03,2.573659e-02,2.902311e-03,2.901924e-03,1.856057e-02,1.233734e-02
7.736363e-02,2.374513e-02,2.242757e-02,4.891960e-02,4.758052e-02,4.233423e-02,8.934567e-04,5.619053e-01,1.271867e-01,3.003169e-03,1.886808e-02,2.047451e-03,2.066143e-03,1.301110e-02,8.647942e-03
5.535968e-02,1.666323e-02,1.577581e-02,3.450290e-02,3.502592e-02,2.971950e-02,6.779107e-04,6.896530e-01,8.912782e-02,2.117316e-03,1.331468e-02,1.436100e-03,1.459124e-03,9.111547e-03,6.055492e-03
3.890727e-02,1.166850e-02,1.105674e-02,2.416363e-02,2.517466e-02,2.088430e-02,4.848817e-04,7.818016e-01,6.239521e-02,1.485041e-03,9.325516e-03,1.006552e-03,1.025411e-03,6.380890e-03,4.239872e-03
3.104477e-02,8.287066e-03,7.831934e-03,1.700997e-02,1.997020e-02,1.498518e-02,3.810550e-04,8.390497e-01,4.382811e-02,1.049765e-03,7.113815e-03,8.729854e-04,1.047419e-03,4.515292e-03,3.012809e-03
2.457961e-02,6.225090e-03,6.426608e-03,1.284214e-02,1.461554e-02,1.089567e-02,3.630878e-04,6.519905e-01,3.410814e-02,3.201796e-03,1.326792e-01,2.617438e-02,6.583849e-02,7.093607e-03,2.966155e-03
1.910049e-02,4.547732e-03,4.968334e-03,1.155552e-02,1.227348e-02,8.832393e-03,6.456106e-04,5.332386e-01,2.833797e-02,2.682020e-03,1.096040e-01,1.690638e-01,8.493242e-02,7.914932e-03,2.302693e-03
1.362613e-02,3.497198e-03,3.990635e-03,1.083218e-02,9.518853e-03,6.745386e-03,5.152820e-04,3.797222e-01,2.509934e-02,3.080072e-03,1.403758e-01,2.674373e-01,1.163344e-01,1.733969e-02,1.885557e-03
1.003857e-02,2.697501e-03,3.811952e-03,9.048527e-03,8.014278e-03,6.350656e-03,4.818395e-04,2.704221e-01,2.120215e-02,2.394710e-03,1.111293e-01,4.492565e-01,8.383520e-02,1.952235e-02,1.794419e-03
7.547510e-03,2.581457e-03,7.671540e-03,1.172211e-02,7.772036e-03,1.679786e-02,5.344662e-04,2.000926e-01,1.951784e-02,2.581770e-03,9.552120e-02,5.468813e-01,6.099702e-02,1.750981e-02,2.271480e-03
5.448143e-03,2.458306e-03,7.414393e-03,1.099246e-02,9.132139e-03,2.251668e-02,4.425278e-04,1.406615e-01,1.423851e-02,2.626130e-03,8.223167e-02,6.419704e-01,4.369505e-02,1.435353e-02,1.818637e-03
4.005634e-03,2.065734e-03,5.851718e-03,9.703375e-03,9.315254e-03,2.479638e-02,3.463860e-04,9.908427e-02,1.030696e-02,2.141689e-03,6.786279e-02,7.215204e-01,3.102510e-02,1.047964e-02,1.494648e-03
3.132271e-03,1.799674e-03,4.277125e-03,7.333764e-03,3.482644e-02,1.901902e-02,2.679952e-04,6.944310e-02,7.581580e-03,2.354898e-03,7.650526e-02,7.397503e-01,2.310392e-02,9.332690e-03,1.271971e-03
2.466991e-03,1.550061e-03,3.062319e-03,5.368410e-03,2.701062e-02,1.468296e-02,2.139113e-04,4.868127e-02,5.445817e-03,1.926168e-03,9.400630e-02,7.708371e-01,1.656089e-02,7.179273e-03,1.007981e-03
2.028599e-03,1.436321e-03,2.296346e-03,4.120514e-03,2.158562e-02,1.169215e-02,1.683088e-04,3.417898e-02,3.983492e-03,1.880260e-03,8.997384e-02,8.079304e-01,1.188319e-02,6.005332e-03,8.367362e-04
1.772296e-03,1.177552e-03,1.632861e-03,2.973878e-03,1.883798e-02,8.437333e-03,1.460915e-04,2.396165e-02,2.917895e-03,1.890001e-03,8.128584e-02,8.404756e-01,8.631474e-03,5.234555e-03,6.250085e-04
1.506530e-03,1.031440e-03,1.167700e-03,2.124432e-03,1.542231e-02,6.194191e-03,1.221662e-04,1.680445e-02,2.161499e-03,1.635549e-03,6.752934e-02,8.729318e-01,6.274920e-03,4.624549e-03,4.691416e-04
1.333271e-03,1.117519e-03,8.974227e-04,1.503541e-03,1.150746e-02,4.525438e-03,9.915938e-05,1.179262e-02,1.682612e-03,1.283017e-03,5.660225e-02,8.986992e-01,4.517387e-03,4.086317e-03,3.527983e-04
1.935489e-03,6.192661e-03,3.922512e-03,2.060001e-03,1.055418e-02,4.640120e-03,1.006681e-04,9.452141e-03,2.033081e-03,1.169775e-03,6.502227e-02,8.860521e-01,3.237341e-03,3.366080e-03,2.616024e-04
2.860563e-03,7.098166e-03,3.634089e-03,1.824439e-03,8.241941e-03,3.636904e-03,9.752623e-05,7.048384e-03,2.406554e-03,1.134818e-03,8.141777e-02,8.749465e-01,2.338669e-03,3.117261e-03,1.963981e-04
4.417021e-03,8.783416e-03,6.573044e-03,2.238667e-03,6.910558e-03,3.034722e-03,9.326397e-05,6.146727e-03,4.027416e-03,1.107878e-03,1.746713e-01,7.770748e-01,1.726251e-03,3.030472e-03,1.645363e-04
4.207512e-03,1.146826e-02,7.525660e-03,2.108214e-03,5.810916e-03,2.427855e-03,8.614658e-05,4.869897e-03,5.319905e-03,9.866614e-04,2.810049e-01,6.699688e-01,1.252296e-03,2.816189e-03,1.466897e-04
3.594759e-03,1.229931e-02,1.832256e-01,1.204656e-02,5.418406e-03,2.119494e-03,4.164783e-04,1.717373e-02,9.066653e-03,1.318532e-03,2.402071e-01,5.099142e-01,8.957681e-04,2.143587e-03,1.599542e-04
4.894747e-03,1.049465e-02,2.421628e-01,3.927842e-02,4.723399e-03,4.048882e-03,5.373324e-04,4.148396e-02,1.839282e-02,1.535270e-03,2.460929e-01,3.837136e-01,6.560115e-04,1.834606e-03,1.506242e-04
5.584639e-03,1.926547e-02,1.760174e-01,3.043863e-02,1.403771e-02,5.535930e-03,1.462749e-03,2.954166e-02,2.764361e-02,1.344760e-03,4.080846e-01,2.787857e-01,5.254558e-04,1.570424e-03,1.612910e-04
8.853907e-03,2.677703e-02,1.312637e-01,2.667266e-02,6.227712e-02,1.145501e-02,2.004461e-03,2.154766e-02,4.229476e-02,1.284149e-03,4.664257e-01,1.970846e-01,3.930714e-04,1.420886e-03,2.452888e-04
1.497106e-02,2.782617e-02,9.642092e-02,2.173784e-02,1.142335e-01,1.260095e-02,1.823904e-03,1.630966e-02,6.170096e-02,1.627695e-03,4.887708e-01,1.389543e-01,3.109395e-04,1.877688e-03,8.336642e-04
2.591887e-02,3.233280e-02,7.670426e-02,2.734281e-02,1.427020e-01,2.165478e-02,1.583006e-03,1.278878e-02,7.586741e-02,2.020442e-03,4.783730e-01,9.825449e-02,2.749326e-04,2.564684e-03,1.617693e-03
2.695771e-02,2.718467e-02,5.623398e-02,2.767269e-02,1.904033e-01,2.750351e-02,1.501619e-03,9.672912e-03,6.834186e-02,2.222383e-03,4.878518e-01,6.931923e-02,2.563494e-04,2.997169e-03,1.880857e-03
3.232478e-02,2.646243e-02,4.263457e-02,2.745203e-02,2.277480e-01,3.055919e-02,1.213729e-03,7.626697e-03,6.829792e-02,2.603719e-03,4.742523e-01,4.907882e-02,2.564359e-04,5.908124e-03,3.581345e-03
3.835080e-02,2.278469e-02,3.210588e-02,2.756802e-02,2.146025e-01,2.929028e-02,8.735629e-04,5.762513e-03,7.149993e-02,2.853412e-03,5.093069e-01,3.474928e-02,2.452206e-04,6.494748e-03,3.512215e-03
5.358268e-02,2.539055e-02,2.644240e-02,3.577138e-02,2.185620e-01,3.085466e-02,6.475117e-04,5.389377e-03,8.872917e-02,2.932671e-03,4.702576e-01,2.530465e-02,2.967345e-04,1.140053e-02,4.438107e-03
7.609933e-02,2.451611e-02,2.609953e-02,5.439891e-02,2.239868e-01,3.208074e-02,5.503951e-04,5.682711e-03,8.374369e-02,2.456450e-03,4.328716e-01,1.901183e-02,3.486189e-04,1.395534e-02,4.197923e-03
1.283821e-01,2.231543e-02,2.684233e-02,7.219080e-02,2.332877e-01,2.870528e-02,1.001857e-03,1.396794e-02,8.809972e-02,2.788231e-03,3.423175e-01,1.786454e-02,8.631020e-04,1.709615e-02,4.277281e-03
2.093884e-01,1.811009e-02,5.290924e-02,8.765076e-02,1.920565e-01,2.559083e-02,1.031368e-03,1.292798e-02,9.021387e-02,2.907917e-03,2.648431e-01,1.690693e-02,1.406425e-03,1.995412e-02,4.102444e-03
2.117295e-01,2.884345e-02,4.147728e-02,1.872198e-01,1.557379e-01,2.012720e-02,1.822497e-03,1.573057e-02,9.231737e-02,4.324630e-03,1.900493e-01,1.841614e-02,3.843163e-03,1.504714e-02,1.331394e-02
1.496831e-01,3.511156e-02,2.971652e-02,1.712225e-01,1.093487e-01,1.448395e-02,1.284744e-03,1.112528e-02,1.752104e-01,1.427061e-02,1.378265e-01,1.322623e-02,5.199205e-03,1.089343e-02,1.213972e-01
1.075840e-01,2.662419e-02,2.098900e-02,1.245339e-01,7.688442e-02,1.046734e-02,9.143607e-04,8.176892e-03,3.953399e-01,1.180864e-02,9.955384e-02,9.482139e-03,5.416241e-03,8.453091e-03,9.377205e-02
7.576337e-02,1.894513e-02,1.496042e-02,8.807889e-02,5.399213e-02,7.555179e-03,6.630605e-04,5.854163e-03,4.683653e-01,1.743055e-02,8.846176e-02,8.603496e-03,4.688825e-02,1.135902e-02,9.307922e-02
5.341871e-02,1.353461e-02,1.056600e-02,6.291242e-02,3.837436e-02,7.126853e-03,5.095397e-04,4.155417e-03,4.583178e-01,3.865657e-02,7.738179e-02,9.117277e-03,9.047580e-02,1.143805e-02,1.240148e-01
4.224488e-02,1.045254e-02,7.526355e-03,4.516323e-02,3.320542e-02,2.037039e-02,5.106922e-04,2.965456e-03,3.709307e-01,4.540073e-02,6.188418e-02,1.182173e-02,1.587556e-01,1.070085e-02,1.780672e-01
3.009858e-02,7.521134e-03,5.421316e-03,3.251336e-02,2.797300e-02,1.727743e-02,5.077698e-04,2.834872e-03,2.641625e-01,4.460012e-02,1.038583e-01,1.811030e-02,2.048579e-01,9.987331e-03,2.302761e-01
2.191703e-02,5.748811e-03,8.055115e-03,2.389345e-02,2.673379e-02,1.432253e-02,5.796363e-04,1.016484e-02,1.879432e-01,3.307521e-02,1.627697e-01,3.443208e-02,2.241680e-01,1.153687e-02,2.346597e-01
1.651454e-02,4.944831e-03,1.895094e-02,2.211526e-02,2.083943e-02,1.322751e-02,8.798930e-04,1.863148e-02,1.375966e-01,2.678880e-02,1.337735e-01,2.938235e-02,1.903423e-01,1.158674e-02,3.544258e-01
1.281351e-02,4.456039e-03,1.800761e-02,2.164002e-02,1.847490e-02,1.163735e-02,7.922521e-04,4.308730e-02,1.063843e-01,2.554497e-02,1.292062e-01,3.107474e-02,1.831072e-01,1.115858e-02,3.826149e-01
1.097181e-02,4.872647e-03,3.631597e-02,1.970854e-02,3.169003e-02,8.524923e-03,1.148856e-03,6.202345e-02,9.614018e-02,1.911707e-02,1.008356e-01,2.571253e-02,1.416086e-01,9.943150e-03,4.313866e-01
9.439826e-03,1.608517e-02,3.895273e-02,1.761341e-02,2.658654e-02,6.540312e-03,1.411317e-03,8.530515e-02,9.760989e-02,1.407838e-02,7.486185e-02,2.030859e-02,1.061899e-01,1.181671e-02,4.732003e-01
7.597286e-03,2.090153e-02,5.184286e-02,3.861087e-02,2.259954e-02,5.675414e-03,1.590514e-03,8.618961e-02,1.183697e-01,1.178616e-02,5.614004e-02,1.646013e-02,8.112986e-02,1.030232e-02,4.708042e-01
6.118911e-03,1.938039e-02,4.160429e-02,3.614434e-02,2.072272e-02,4.782008e-03,1.483380e-03,6.750786e-02,1.204930e-01,1.342585e-02,5.750911e-02,1.363900e-02,6.896119e-02,1.178756e-02,5.164404e-01
4.738971e-03,2.208100e-02,3.747494e-02,3.562002e-02,1.899758e-02,4.617569e-03,4.926994e-03,5.136514e-02,1.318958e-01,1.266273e-02,8.053453e-02,1.456490e-02,9.500319e-02,9.555709e-03,4.759609e-01
3.658982e-03,1.677688e-02,3.038115e-02,2.883966e-02,1.673868e-02,3.920184e-03,5.871672e-03,3.872400e-02,1.001357e-01,2.075072e-02,1.404427e-01,1.768520e-02,1.324008e-01,1.029374e-02,4.333799e-01
2.808936e-03,1.229828e-02,2.359669e-02,2.201617e-02,1.508557e-02,3.020539e-03,1.492564e-02,7.147162e-02,8.574368e-02,2.520751e-02,1.742602e-01,1.818352e-02,1.264575e-01,1.062335e-02,3.943008e-01
3.012455e-03,1.628019e-02,4.713480e-02,2.235381e-02,1.720151e-02,4.153736e-03,1.505922e-02,1.129664e-01,1.135243e-01,2.988514e-02,1.378226e-01,1.353897e-02,9.799037e-02,8.427389e-03,3.606492e-01
4.879148e-03,1.935565e-02,7.666378e-02,2.943442e-02,2.085086e-02,6.009107e-03,1.377329e-02,1.254788e-01,1.361283e-01,5.970440e-02,1.028143e-01,1.032775e-02,7.763986e-02,6.517450e-03,3.104229e-01
1.035175e-02,2.055134e-02,1.243905e-01,3.428749e-02,2.796753e-02,7.589274e-03,1.268896e-02,1.518406e-01,1.201244e-01,8.105646e-02,7.726758e-02,8.105508e-03,6.785595e-02,5.209694e-03,2.507130e-01
2.330808e-02,2.360177e-02,1.751474e-01,2.712634e-02,4.486172e-02,9.903088e-03,1.475987e-02,1.745574e-01,1.201307e-01,8.251861e-02,5.935668e-02,8.905876e-03,5.157480e-02,5.301989e-03,1.789457e-01
3.279928e-02,3.557111e-02,1.452869e-01,3.015096e-02,4.793981e-02,1.149416e-02,1.496805e-02,1.755254e-01,1.217882e-01,9.123169e-02,7.765639e-02,1.551875e-02,5.788893e-02,5.120064e-03,1.370603e-01
4.223083e-02,4.385277e-02,1.188812e-01,4.511075e-02,4.695195e-02,1.242109e-02,1.347567e-02,1.409010e-01,1.362738e-01,8.954608e-02,8.514967e-02,1.972358e-02,7.747058e-02,5.825470e-03,1.221856e-01
4.877952e-02,4.619114e-02,1.003277e-01,6.164497e-02,4.905115e-02,1.138817e-02,1.099069e-02,1.405026e-01,1.662123e-01,7.641079e-02,8.446130e-02,2.081195e-02,7.808562e-02,5.398357e-03,9.974375e-02
4.613508e-02,3.618655e-02,8.969843e-02,2.312990e-01,4.123404e-02,1.023331e-02,7.965940e-03,1.202154e-01,1.442708e-01,5.495792e-02,6.687745e-02,1.660867e-02,5.857200e-02,4.035083e-03,7.171036e-02
1.131574e-01,3.100688e-02,8.327166e-02,1.752453e-01,5.100647e-02,1.793312e-02,7.475678e-03,9.254633e-02,1.263542e-01,6.816392e-02,8.029874e-02,1.960310e-02,4.996257e-02,1.198310e-02,7.199160e-02
1.162163e-01,4.625519e-02,7.827055e-02,2.138814e-01,4.843322e-02,1.755945e-02,6.398330e-03,6.793200e-02,1.020483e-01,4.907786e-02,9.469870e-02,2.190751e-02,4.742729e-02,1.339680e-02,7.649714e-02
1.319375e-01,5.399209e-02,7.060193e-02,1.690673e-01,3.635712e-02,1.555482e-02,4.703459e-03,4.810759e-02,1.039153e-01,3.907975e-02,8.444159e-02,1.736942e-02,3.676554e-02,3.147071e-02,1.566359e-01
1.257061e-01,4.213839e-02,5.479978e-02,1.225930e-01,2.867389e-02,1.246507e-02,3.633689e-03,3.543506e-02,1.207115e-01,3.997036e-02,1.151381e-01,1.773615e-02,3.437188e-02,8.172277e-02,1.649042e-01
1.575978e-01,3.569127e-02,6.080493e-02,9.637810e-02,2.118459e-02,1.125490e-02,2.981297e-03,2.772740e-02,1.281037e-01,4.448431e-02,1.127968e-01,1.739288e-02,3.176995e-02,9.694980e-02,1.548822e-01
1.158934e-01,2.731403e-02,4.493266e-02,7.030770e-02,1.749093e-02,8.593766e-03,2.257198e-03,2.041359e-02,1.241622e-01,3.653821e-02,1.022276e-01,1.598262e-02,3.567270e-02,1.663932e-01,2.118202e-01
8.243255e-02,2.248686e-02,3.180684e-02,4.954037e-02,3.479350e-02,6.463000e-03,1.639911e-03,1.443502e-02,1.220624e-01,3.020702e-02,9.655316e-02,1.190165e-02,4.133948e-02,2.005275e-01,2.538107e-01
5.874165e-02,1.623049e-02,2.263600e-02,3.484917e-02,2.489294e-02,5.468537e-03,1.169436e-03,1.013538e-02,1.178635e-01,2.900435e-02,8.135872e-02,9.311886e-03,3.129800e-02,3.130866e-01,2.439534e-01
4.187932e-02,1.164463e-02,1.647699e-02,2.447709e-02,1.754239e-02,6.906546e-03,8.726829e-04,7.111321e-03,8.913855e-02,4.329602e-02,6.418046e-02,6.877036e-03,2.281225e-02,4.154262e-01,2.313585e-01
3.106819e-02,8.378207e-03,1.238046e-02,1.719717e-02,1.240588e-02,7.007947e-03,7.086769e-04,5.027762e-03,6.546395e-02,4.576626e-02,5.979140e-02,5.073830e-03,1.659554e-02,4.918666e-01,2.212681e-01
2.206761e-02,6.141535e-03,9.056883e-03,1.206162e-02,8.781385e-03,6.304307e-03,5.114283e-04,3.528636e-03,5.317014e-02,5.206905e-02,5.507989e-02,3.689799e-03,1.191907e-02,5.688534e-01,1.867652e-01
1.574580e-02,4.575918e-03,6.638860e-03,8.455927e-03,6.259949e-03,5.092127e-03,3.871051e-04,2.478410e-03,4.144521e-02,5.413924e-02,6.605917e-02,2.672354e-03,8.679926e-03,6.223354e-01,1.550346e-01
1.111586e-02,3.430414e-03,4.733515e-03,5.927982e-03,4.418442e-03,3.917568e-03,2.804879e-04,1.738851e-03,3.446886e-02,5.442603e-02,7.756196e-02,1.931287e-03,6.451759e-03,6.645722e-01,1.250248e-01
1.163379e-02,2.933716e-03,3.939694e-03,4.248462e-03,4.019014e-03,4.424151e-03,2.475955e-04,1.419730e-03,4.874338e-02,7.842633e-02,7.887787e-02,1.733445e-03,5.521035e-03,6.583731e-01,9.545873e-02
1.187428e-02,2.690828e-03,3.332113e-03,3.178918e-03,6.824752e-03,4.178662e-03,2.697473e-04,1.268031e-03,9.222755e-02,1.593905e-01,7.206073e-02,1.645696e-03,5.048422e-03,5.624585e-01,7.355128e-02
1.579360e-02,3.199774e-03,3.131192e-03,2.910429e-03,9.202491e-03,4.026415e-03,2.362611e-04,2.409288e-03,1.425291e-01,2.256592e-01,6.969921e-02,1.478126e-03,4.431994e-03,4.590825e-01,5.621034e-02
2.711913e-02,5.430493e-03,8.978786e-03,4.049401e-03,1.788117e-02,9.439775e-03,6.037333e-04,5.790673e-03,1.666574e-01,2.359960e-01,6.868711e-02,1.980840e-03,4.981804e-03,3.986299e-01,4.377373e-02
3.194849e-02,6.143651e-03,3.781590e-02,6.577924e-03,1.668267e-02,9.228156e-03,7.443179e-04,1.372042e-02,1.266511e-01,2.492218e-01,7.468302e-02,2.297689e-03,4.918193e-03,3.868971e-01,3.246969e-02
3.338239e-02,2.436251e-02,6.997921e-02,2.192196e-02,5.192730e-02,5.082250e-02,1.390819e-03,2.427361e-02,9.618673e-02,1.988287e-01,6.061418e-02,1.795014e-03,4.190611e-03,3.343150e-01,2.600945e-02
4.178944e-02,4.220387e-02,8.196270e-02,3.020312e-02,9.971680e-02,7.601464e-02,1.373710e-03,2.549075e-02,7.687232e-02,1.579024e-01,5.371901e-02,1.394752e-03,3.679203e-03,2.884212e-01,1.925615e-02
4.562807e-02,4.852966e-02,8.008666e-02,3.458584e-02,1.371678e-01,1.093799e-01,1.649562e-03,2.908226e-02,6.601004e-02,1.222255e-01,5.649623e-02,1.197754e-03,3.063763e-03,2.505248e-01,1.437209e-02
4.594728e-02,4.725358e-02,6.429139e-02,3.694940e-02,1.983719e-01,1.260549e-01,1.676395e-03,2.981571e-02,5.193363e-02,9.371811e-02,6.249073e-02,1.060557e-03,2.593890e-03,2.271061e-01,1.073645e-02
5.547025e-02,3.959182e-02,5.018294e-02,4.738548e-02,2.128112e-01,1.303980e-01,2.332306e-03,2.616189e-02,4.142214e-02,8.379202e-02,8.318199e-02,1.999569e-03,4.044962e-03,2.118750e-01,9.350523e-03
8.670148e-02,3.149822e-02,3.926509e-02,4.217007e-02,2.161646e-01,1.183439e-01,2.535221e-03,2.087663e-02,5.545636e-02,7.377028e-02,9.783550e-02,4.381259e-03,4.623984e-03,1.980898e-01,8.287563e-03
1.047595e-01,2.387030e-02,3.281360e-02,4.585945e-02,1.847384e-01,9.080605e-02,2.393048e-03,2.921224e-02,8.373247e-02,7.448967e-02,1.078805e-01,5.170279e-03,4.567157e-03,2.027059e-01,7.001348e-03
1.132874e-01,1.862913e-02,4.927403e-02,5.637266e-02,1.559900e-01,6.760419e-02,3.463462e-03,9.865525e-02,8.091033e-02,7.935066e-02,9.134372e-02,4.377699e-03,3.846299e-03,1.715403e-01,5.354757e-03
1.572825e-01,1.367539e-02,4.721134e-02,4.455999e-02,1.203002e-01,5.338867e-02,1.254633e-02,1.190239e-01,7.962979e-02,1.053614e-01,8.702219e-02,4.535774e-03,3.476025e-03,1.465183e-01,5.468186e-03
1.474112e-01,9.761727e-03,3.774044e-02,3.179589e-02,8.737283e-02,5.130659e-02,1.831103e-01,1.231040e-01,6.236969e-02,7.827806e-02,6.695505e-02,6.205594e-03,4.825748e-03,1.048242e-01,4.938589e-03
1.093122e-01,6.904953e-03,2.758254e-02,2.236114e-02,6.223513e-02,3.668368e-02,3.351268e-01,1.681491e-01,4.383689e-02,5.521528e-02,4.714200e-02,4.574683e-03,3.725739e-03,7.363070e-02,3.519205e-03
8.558273e-02,5.005156e-03,2.059975e-02,1.584337e-02,4.571485e-02,2.723402e-02,4.045749e-01,2.306092e-01,3.091879e-02,3.928115e-02,3.327741e-02,3.475936e-03,3.388179e-03,5.186258e-02,2.631939e-03
6.384906e-02,3.562090e-03,1.519866e-02,1.127520e-02,3.398345e-02,1.952898e-02,3.882982e-01,3.478220e-01,2.181008e-02,2.761451e-02,2.339962e-02,2.564242e-03,2.699389e-03,3.646205e-02,1.932497e-03
5.222525e-02,2.700649e-03,1.202537e-02,8.079062e-03,2.681266e-02,1.493660e-02,4.287911e-01,3.704023e-01,1.569219e-02,1.948702e-02,1.656831e-02,2.313904e-03,2.530802e-03,2.568854e-02,1.746208e-03
4.114147e-02,2.065264e-03,9.908866e-03,5.806291e-03,2.090430e-02,1.141999e-02,4.360410e-01,4.125068e-01,1.155828e-02,1.368992e-02,1.172091e-02,1.852075e-03,1.983962e-03,1.801913e-02,1.381675e-03
3.221378e-02,1.544574e-03,7.557525e-03,4.202984e-03,1.718795e-02,8.808183e-03,4.092602e-01,4.761198e-01,8.294820e-03,9.631839e-03,8.342642e-03,1.506815e-03,1.619138e-03,1.264894e-02,1.060697e-03
3.166059e-02,1.186487e-03,6.483147e-03,3.202464e-03,1.598125e-02,7.244883e-03,3.539901e-01,5.484285e-01,6.082728e-03,6.844888e-03,6.106220e-03,1.495065e-03,1.442864e-03,8.932098e-03,9.187846e-04
4.893060e-02,9.981969e-04,5.969266e-03,2.620804e-03,1.453381e-02,7.108133e-03,3.149872e-01,5.790226e-01,4.641709e-03,4.927021e-03,4.720985e-03,2.338626e-03,1.651141e-03,6.419236e-03,1.130742e-03
6.081885e-02,9.595198e-04,5.604177e-03,2.178183e-03,1.347727e-02,8.448794e-03,3.115597e-01,5.735903e-01,3.603969e-03,3.691912e-03,3.850805e-03,3.599748e-03,2.207289e-03,4.699950e-03,1.709521e-03
8.854744e-02,1.015810e-03,7.266100e-03,2.392888e-03,1.560662e-02,8.782083e-03,2.605156e-01,5.933837e-01,2.917008e-03,3.067672e-03,3.391401e-03,4.282712e-03,2.687044e-03,3.567273e-03,2.576714e-03
1.949320e-01,1.279892e-03,7.088416e-03,2.227101e-03,1.428985e-02,1.292583e-02,2.088089e-01,5.278599e-01,2.494906e-03,3.537026e-03,3.714128e-03,7.410575e-03,3.716441e-03,3.073835e-03,6.641313e-03
2.549379e-01,1.548486e-03,6.738500e-03,2.306701e-03,1.176564e-02,1.847025e-02,1.910688e-01,4.716667e-01,2.132925e-03,4.109827e-03,3.986953e-03,1.180511e-02,6.157202e-03,2.681491e-03,1.062350e-02
2.697110e-01,2.357669e-03,5.925851e-03,2.324744e-03,1.211317e-02,2.532392e-02,1.743224e-01,4.269122e-01,2.919971e-03,6.778480e-03,9.695884e-03,1.490754e-02,2.950601e-02,2.970578e-03,1.423052e-02
1.950548e-01,2.868476e-03,4.936081e-03,2.169451e-03,1.119163e-02,2.145805e-02,1.665769e-01,4.054809e-01,5.340692e-03,1.287630e-02,2.369102e-02,1.644148e-02,9.054829e-02,9.583132e-03,3.178272e-02
1.493156e-01,3.816850e-03,3.777446e-03,4.635483e-03,1.298957e-02,1.755262e-02,1.828418e-01,3.202641e-01,2.847558e-02,3.336013e-02,3.761414e-02,2.029185e-02,9.583141e-02,1.910038e-02,7.013305e-02
1.200264e-01,3.428776e-03,2.901218e-03,4.604822e-03,1.124341e-02,1.432421e-02,1.720368e-01,2.294525e-01,3.595716e-02,3.013299e-02,3.369842e-02,1.931128e-02,1.840494e-01,2.611006e-02,1.127226e-01
8.950066e-02,6.113002e-03,2.182487e-03,3.632648e-03,9.139492e-03,1.054535e-02,1.318696e-01,1.619040e-01,4.176443e-02,2.704776e-02,3.088126e-02,1.905450e-02,2.956683e-01,2.341996e-02,1.472766e-01
6.417030e-02,6.407674e-03,3.610619e-03,2.970510e-03,9.770207e-03,8.029554e-03,9.518094e-02,1.136380e-01,3.864503e-02,4.261065e-02,2.379764e-02,1.935367e-02,3.273911e-01,3.045679e-02,2.139674e-01
5.302618e-02,6.620156e-03,4.541584e-03,3.685355e-03,1.396997e-02,7.105998e-03,6.879332e-02,8.012529e-02,5.788082e-02,5.575697e-02,1.931274e-02,2.318010e-02,3.384975e-01,3.957468e-02,2.279294e-01
4.632923e-02,5.278493e-03,3.906739e-03,3.429662e-03,1.196331e-02,6.688698e-03,4.865413e-02,5.634356e-02,4.950312e-02,4.352407e-02,2.210417e-02,3.510613e-02,4.121273e-01,6.120994e-02,1.938315e-01
3.557673e-02,4.174484e-03,3.316951e-03,3.532311e-03,2.992853e-02,5.300273e-03,3.440912e-02,3.959108e-02,7.725222e-02,3.485496e-02,2.740902e-02,3.630126e-02,4.320820e-01,4.911265e-02,1.871584e-01
4.211169e-02,8.138292e-03,1.337421e-02,8.683738e-03,5.010913e-02,1.322470e-02,2.651715e-02,2.894795e-02,1.336849e-01,3.195217e-02,3.539269e-02,4.971305e-02,3.579473e-01,4.250636e-02,1.576966e-01
4.148982e-02,1.792317e-02,1.595819e-02,1.330348e-02,3.921306e-02,2.932312e-02,1.919675e-02,2.104257e-02,2.522982e-01,2.784590e-02,3.686146e-02,5.039432e-02,2.704274e-01,3.399412e-02,1.307284e-01
3.997127e-02,2.151380e-02,1.414308e-02,1.462728e-02,3.182182e-02,2.213905e-02,1.363615e-02,1.594162e-02,3.665326e-01,2.220564e-02,4.909708e-02,5.061528e-02,2.040276e-01,2.964159e-02,1.040862e-01
4.039551e-02,1.785185e-02,2.089295e-02,4.439361e-02,3.904232e-02,2.976889e-02,1.055187e-02,1.825656e-02,3.821493e-01,1.749230e-02,6.357642e-02,4.681486e-02,1.572706e-01,2.561559e-02,8.592735e-02
3.867966e-02,2.109942e-02,6.619940e-02,7.499754e-02,3.546693e-02,4.130138e-02,7.993416e-03,1.693125e-02,3.302693e-01,1.415481e-02,6.511271e-02,6.240076e-02,1.258011e-01,2.223895e-02,7.735339e-02
3.084583e-02,1.954645e-02,8.404087e-02,6.739214e-02,2.670047e-02,3.002293e-02,5.714129e-03,1.252434e-02,3.289353e-01,1.558711e-02,5.811002e-02,4.584438e-02,9.201934e-02,2.439671e-02,1.583200e-01
3.595245e-02,7.255743e-02,8.562270e-02,6.509893e-02,2.883678e-02,2.293807e-02,4.367799e-03,1.059959e-02,3.641867e-01,1.384560e-02,4.490434e-02,3.338289e-02,6.627535e-02,1.938420e-02,1.320472e-01
3.814388e-02,5.803536e-02,1.432506e-01,1.440642e-01,3.671526e-02,1.880827e-02,3.529065e-03,1.601874e-02,2.927693e-01,1.283338e-02,3.553149e-02,2.405737e-02,4.806805e-02,1.488944e-02,1.132857e-01
5.598972e-02,4.686554e-02,2.464561e-01,1.312281e-01,3.471966e-02,1.482433e-02,2.796524e-03,1.427564e-02,2.420862e-01,1.464777e-02,3.121727e-02,1.797928e-02,3.539987e-02,1.564454e-02,9.586953e-02
7.659535e-02,4.190842e-02,3.135087e-01,1.401126e-01,5.225934e-02,1.619547e-02,3.233563e-03,1.602850e-02,1.809089e-01,1.117535e-02,2.380653e-02,1.325229e-02,2.561024e-02,1.267924e-02,7.272551e-02
1.260624e-01,4.660476e-02,3.532001e-01,1.149945e-01,6.206535e-02,2.162275e-02,3.048348e-03,1.530043e-02,1.331752e-01,8.541321e-03,1.822182e-02,9.984015e-03,1.887894e-02,1.138839e-02,5.691171e-02
1.037860e-01,3.492380e-02,2.500699e-01,8.460982e-02,1.739882e-01,4.720756e-02,8.934911e-02,2.233409e-02,1.038917e-01,6.509152e-03,1.305513e-02,7.330232e-03,1.376234e-02,8.350084e-03,4.083293e-02
7.430500e-02,2.457831e-02,1.752337e-01,5.948096e-02,2.508516e-01,4.130625e-02,2.190364e-01,1.644485e-02,7.317372e-02,4.729639e-03,9.250300e-03,5.221216e-03,9.891979e-03,5.893483e-03,3.060247e-02
