1.000000e+00,0.000000e+00,0.000000e+00,0.000000e+00,0.000000e+00,0.000000e+00,0.000000e+00,0.000000e+00,0.000000e+00,0.000000e+00,0.000000e+00,0.000000e+00,0.000000e+00,0.000000e+00,0.000000e+00
1.000000e+00,0.000000e+00,0.000000e+00,0.000000e+00,0.000000e+00,0.000000e+00,0.000000e+00,0.000000e+00,0.000000e+00,0.000000e+00,0.000000e+00,0.000000e+00,0.000000e+00,0.000000e+00,0.000000e+00
1.000000e+00,0.000000e+00,0.000000e+00,0.000000e+00,0.000000e+00,0.000000e+00,0.000000e+00,0.000000e+00,0.000000e+00,0.000000e+00,0.000000e+00,0.000000e+00,0.000000e+00,0.000000e+00,0.000000e+00
1.000000e+00,0.000000e+00,0.000000e+00,0.000000e+00,0.000000e+00,0.000000e+00,0.000000e+00,0.000000e+00,0.000000e+00,0.000000e+00,0.000000e+00,0.000000e+00,0.000000e+00,0.000000e+00,0.000000e+00
1.000000e+00,0.000000e+00,0.000000e+00,0.000000e+00,0.000000e+00,0.000000e+00,0.000000e+00,0.000000e+00,0.000000e+00,0.000000e+00,0.000000e+00,0.000000e+00,0.000000e+00,0.000000e+00,0.000000e+00
1.000000e+00,0.000000e+00,0.000000e+00,0.000000e+00,0.000000e+00,0.000000e+00,0.000000e+00,0.000000e+00,0.000000e+00,0.000000e+00,0.000000e+00,0.000000e+00,0.000000e+00,0.000000e+00,0.000000e+00
1.000000e+00,0.000000e+00,0.000000e+00,0.000000e+00,0.000000e+00,0.000000e+00,0.000000e+00,0.000000e+00,0.000000e+00,0.000000e+00,0.000000e+00,0.000000e+00,0.000000e+00,0.000000e+00,0.000000e+00
1.000000e+00,0.000000e+00,0.000000e+00,0.000000e+00,0.000000e+00,0.000000e+00,0.000000e+00,0.000000e+00,0.000000e+00,0.000000e+00,0.000000e+00,0.000000e+00,0.000000e+00,0.000000e+00,0.000000e+00
1.000000e+00,0.000000e+00,0.000000e+00,0.000000e+00,0.000000e+00,0.000000e+00,0.000000e+00,0.000000e+00,0.000000e+00,0.000000e+00,0.000000e+00,0.000000e+00,0.000000e+00,0.000000e+00,0.000000e+00
1.000000e+00,0.000000e+00,0.000000e+00,0.000000e+00,0.000000e+00,0.000000e+00,0.000000e+00,0.000000e+00,0.000000e+00,0.000000e+00,0.000000e+00,0.000000e+00,0.000000e+00,0.000000e+00,0.000000e+00
1.000000e+00,0.000000e+00,0.000000e+00,0.000000e+00,0.000000e+00,0.000000e+00,0.000000e+00,0.000000e+00,0.000000e+00,0.000000e+00,0.000000e+00,0.000000e+00,0.000000e+00,0.000000e+00,0.000000e+00
1.000000e+00,0.000000e+00,0.000000e+00,0.000000e+00,0.000000e+00,0.000000e+00,0.000000e+00,0.000000e+00,0.000000e+00,0.000000e+00,0.000000e+00,0.000000e+00,0.000000e+00,0.000000e+00,0.000000e+00
1.000000e+00,0.000000e+00,0.000000e+00,0.000000e+00,0.000000e+00,0.000000e+00,0.000000e+00,0.000000e+00,0.000000e+00,0.000000e+00,0.000000e+00,0.000000e+00,0.000000e+00,0.000000e+00,0.000000e+00
1.000000e+00,0.000000e+00,0.000000e+00,0.000000e+00,0.000000e+00,0.000000e+00,0.000000e+00,0.000000e+00,0.000000e+00,0.000000e+00,0.000000e+00,0.000000e+00,0.000000e+00,0.000000e+00,0.000000e+00
1.000000e+00,0.000000e+00,0.000000e+00,0.000000e+00,0.000000e+00,0.000000e+00,0.000000e+00,0.000000e+00,0.000000e+00,0.000000e+00,0.000000e+00,0.000000e+00,0.000000e+00,0.000000e+00,0.000000e+00
1.000000e+00,0.000000e+00,0.000000e+00,0.000000e+00,0.000000e+00,0.000000e+00,0.000000e+00,0.000000e+00,0.000000e+00,0.000000e+00,0.000000e+00,0.000000e+00,0.000000e+00,0.000000e+00,0.000000e+00
1.000000e+00,0.000000e+00,0.000000e+00,0.000000e+00,0.000000e+00,0.000000e+00,0.000000e+00,0.000000e+00,0.000000e+00,0.000000e+00,0.000000e+00,0.000000e+00,0.000000e+00,0.000000e+00,0.000000e+00
1.000000e+00,0.000000e+00,0.000000e+00,0.000000e+00,0.000000e+00,0.000000e+00,0.000000e+00,0.000000e+00,0.000000e+00,0.000000e+00,0.000000e+00,0.000000e+00,0.000000e+00,0.000000e+00,0.000000e+00
1.000000e+00,0.000000e+00,0.000000e+00,0.000000e+00,0.000000e+00,0.000000e+00,0.000000e+00,0.000000e+00,0.000000e+00,0.000000e+00,0.000000e+00,0.000000e+00,0.000000e+00,0.000000e+00,0.000000e+00
1.000000e+00,0.000000e+00,0.000000e+00,0.000000e+00,0.000000e+00,0.000000e+00,0.000000e+00,0.000000e+00,0.000000e+00,0.000000e+00,0.000000e+00,0.000000e+00,0.000000e+00,0.000000e+00,0.000000e+00
1.000000e+00,0.000000e+00,0.000000e+00,0.000000e+00,0.000000e+00,0.000000e+00,0.000000e+00,0.000000e+00,0.000000e+00,0.000000e+00,0.000000e+00,0.000000e+00,0.000000e+00,0.000000e+00,0.000000e+00
1.000000e+00,0.000000e+00,0.000000e+00,0.000000e+00,0.000000e+00,0.000000e+00,0.000000e+00,0.000000e+00,0.000000e+00,0.000000e+00,0.000000e+00,0.000000e+00,0.000000e+00,0.000000e+00,0.000000e+00
1.000000e+00,0.000000e+00,0.000000e+00,0.000000e+00,0.000000e+00,0.000000e+00,0.000000e+00,0.000000e+00,0.000000e+00,0.000000e+00,0.000000e+00,0.000000e+00,0.000000e+00,0.000000e+00,0.000000e+00
1.000000e+00,0.000000e+00,0.000000e+00,0.000000e+00,0.000000e+00,0.000000e+00,0.000000e+00,0.000000e+00,0.000000e+00,0.000000e+00,0.000000e+00,0.000000e+00,0.000000e+00,0.000000e+00,0.000000e+00
1.000000e+00,0.000000e+00,0.000000e+00,0.000000e+00,0.000000e+00,0.000000e+00,0.000000e+00,0.000000e+00,0.000000e+00,0.000000e+00,0.000000e+00,0.000000e+00,0.000000e+00,0.000000e+00,0.000000e+00
1.000000e+00,0.000000e+00,0.000000e+00,0.000000e+00,0.000000e+00,0.000000e+00,0.000000e+00,0.000000e+00,0.000000e+00,0.000000e+00,0.000000e+00,0.000000e+00,0.000000e+00,0.000000e+00,0.000000e+00
1.000000e+00,0.000000e+00,0.000000e+00,0.000000e+00,0.000000e+00,0.000000e+00,0.000000e+00,0.000000e+00,0.000000e+00,0.000000e+00,0.000000e+00,0.000000e+00,0.000000e+00,0.000000e+00,0.000000e+00
1.000000e+00,0.000000e+00,0.000000e+00,0.000000e+00,0.000000e+00,0.000000e+00,0.000000e+00,0.000000e+00,0.000000e+00,0.000000e+00,0.000000e+00,0.000000e+00,0.000000e+00,0.000000e+00,0.000000e+00
1.000000e+00,0.000000e+00,0.000000e+00,0.000000e+00,0.000000e+00,0.000000e+00,0.000000e+00,0.000000e+00,0.000000e+00,0.000000e+00,0.000000e+00,0.000000e+00,0.000000e+00,0.000000e+00,0.000000e+00
1.000000e+00,0.000000e+00,0.000000e+00,0.000000e+00,0.000000e+00,0.000000e+00,0.000000e+00,0.000000e+00,0.000000e+00,0.000000e+00,0.000000e+00,0.000000e+00,0.000000e+00,0.000000e+00,0.000000e+00
1.000000e+00,0.000000e+00,0.000000e+00,0.000000e+00,0.000000e+00,0.000000e+00,0.000000e+00,0.000000e+00,0.000000e+00,0.000000e+00,0.000000e+00,0.000000e+00,0.000000e+00,0.000000e+00,0.000000e+00
1.000000e+00,0.000000e+00,0.000000e+00,0.000000e+00,0.000000e+00,0.000000e+00,0.000000e+00,0.000000e+00,0.000000e+00,0.000000e+00,0.000000e+00,0.000000e+00,0.000000e+00,0.000000e+00,0.000000e+00
1.000000e+00,0.000000e+00,0.000000e+00,0.000000e+00,0.000000e+00,0.000000e+00,0.000000e+00,0.000000e+00,0.000000e+00,0.000000e+00,0.000000e+00,0.000000e+00,0.000000e+00,0.000000e+00,0.000000e+00
1.000000e+00,0.000000e+00,0.000000e+00,0.000000e+00,0.000000e+00,0.000000e+00,0.000000e+00,0.000000e+00,0.000000e+00,0.000000e+00,0.000000e+00,0.000000e+00,0.000000e+00,0.000000e+00,0.000000e+00
1.000000e+00,0.000000e+00,0.000000e+00,0.000000e+00,0.000000e+00,0.000000e+00,0.000000e+00,0.000000e+00,0.000000e+00,0.000000e+00,0.000000e+00,0.000000e+00,0.000000e+00,0.000000e+00,0.000000e+00
1.000000e+00,0.000000e+00,0.000000e+00,0.000000e+00,0.000000e+00,0.000000e+00,0.000000e+00,0.000000e+00,0.000000e+00,0.000000e+00,0.000000e+00,0.000000e+00,0.000000e+00,0.000000e+00,0.000000e+00
1.000000e+00,0.000000e+00,0.000000e+00,0.000000e+00,0.000000e+00,0.000000e+00,0.000000e+00,0.000000e+00,0.000000e+00,0.000000e+00,0.000000e+00,0.000000e+00,0.000000e+00,0.000000e+00,0.000000e+00
1.000000e+00,0.000000e+00,0.000000e+00,0.000000e+00,0.000000e+00,0.000000e+00,0.000000e+00,0.000000e+00,0.000000e+00,0.000000e+00,0.000000e+00,0.000000e+00,0.000000e+00,0.000000e+00,0.000000e+00
1.000000e+00,0.000000e+00,0.000000e+00,0.000000e+00,0.000000e+00,0.000000e+00,0.000000e+00,0.000000e+00,0.000000e+00,0.000000e+00,0.000000e+00,0.000000e+00,0.000000e+00,0.000000e+00,0.000000e+00
1.000000e+00,0.000000e+00,0.000000e+00,0.000000e+00,0.000000e+00,0.000000e+00,0.000000e+00,0.000000e+00,0.000000e+00,0.000000e+00,0.000000e+00,0.000000e+00,0.000000e+00,0.000000e+00,0.000000e+00
1.000000e+00,0.000000e+00,0.000000e+00,0.000000e+00,0.000000e+00,0.000000e+00,0.000000e+00,0.000000e+00,0.000000e+00,0.000000e+00,0.000000e+00,0.000000e+00,0.000000e+00,0.000000e+00,0.000000e+00
1.000000e+00,0.000000e+00,0.000000e+00,0.000000e+00,0.000000e+00,0.000000e+00,0.000000e+00,0.000000e+00,0.000000e+00,0.000000e+00,0.000000e+00,0.000000e+00,0.000000e+00,0.000000e+00,0.000000e+00
1.000000e+00,0.000000e+00,0.000000e+00,0.000000e+00,0.000000e+00,0.000000e+00,0.000000e+00,0.000000e+00,0.000000e+00,0.000000e+00,0.000000e+00,0.000000e+00,0.000000e+00,0.000000e+00,0.000000e+00
1.000000e+00,0.000000e+00,0.000000e+00,0.000000e+00,0.000000e+00,0.000000e+00,0.000000e+00,0.000000e+00,0.000000e+00,0.000000e+00,0.000000e+00,0.000000e+00,0.000000e+00,0.000000e+00,0.000000e+00
1.000000e+00,0.000000e+00,0.000000e+00,0.000000e+00,0.000000e+00,0.000000e+00,0.000000e+00,0.000000e+00,0.000000e+00,0.000000e+00,0.000000e+00,0.000000e+00,0.000000e+00,0.000000e+00,0.000000e+00
1.000000e+00,0.000000e+00,0.000000e+00,0.000000e+00,0.000000e+00,0.000000e+00,0.000000e+00,0.000000e+00,0.000000e+00,0.000000e+00,0.000000e+00,0.000000e+00,0.000000e+00,0.000000e+00,0.000000e+00
1.000000e+00,0.000000e+00,0.000000e+00,0.000000e+00,0.000000e+00,0.000000e+00,0.000000e+00,0.000000e+00,0.000000e+00,0.000000e+00,0.000000e+00,0.000000e+00,0.000000e+00,0.000000e+00,0.000000e+00
1.000000e+00,0.000000e+00,0.000000e+00,0.000000e+00,0.000000e+00,0.000000e+00,0.000000e+00,0.000000e+00,0.000000e+00,0.000000e+00,0.000000e+00,0.000000e+00,0.000000e+00,0.000000e+00,0.000000e+00
1.000000e+00,0.000000e+00,0.000000e+00,0.000000e+00,0.000000e+00,0.000000e+00,0.000000e+00,0.000000e+00,0.000000e+00,0.000000e+00,0.000000e+00,0.000000e+00,0.000000e+00,0.000000e+00,0.000000e+00
1.000000e+00,0.000000e+00,0.000000e+00,0.000000e+00,0.000000e+00,0.000000e+00,0.000000e+00,0.000000e+00,0.000000e+00,0.000000e+00,0.000000e+00,0.000000e+00,0.000000e+00,0.000000e+00,0.000000e+00
1.000000e+00,0.000000e+00,0.000000e+00,0.000000e+00,0.000000e+00,0.000000e+00,0.000000e+00,0.000000e+00,0.000000e+00,0.000000e+00,0.000000e+00,0.000000e+00,0.000000e+00,0.000000e+00,0.000000e+00
1.000000e+00,0.000000e+00,0.000000e+00,0.000000e+00,0.000000e+00,0.000000e+00,0.000000e+00,0.000000e+00,0.000000e+00,0.000000e+00,0.000000e+00,0.000000e+00,0.000000e+00,0.000000e+00,0.000000e+00
1.000000e+00,0.000000e+00,0.000000e+00,0.000000e+00,0.000000e+00,0.000000e+00,0.000000e+00,0.000000e+00,0.000000e+00,0.000000e+00,0.000000e+00,0.000000e+00,0.000000e+00,0.000000e+00,0.000000e+00
1.000000e+00,0.000000e+00,0.000000e+00,0.000000e+00,0.000000e+00,0.000000e+00,0.000000e+00,0.000000e+00,0.000000e+00,0.000000e+00,0.000000e+00,0.000000e+00,0.000000e+00,0.000000e+00,0.000000e+00
1.000000e+00,0.000000e+00,0.000000e+00,0.000000e+00,0.000000e+00,0.000000e+00,0.000000e+00,0.000000e+00,0.000000e+00,0.000000e+00,0.000000e+00,0.000000e+00,0.000000e+00,0.000000e+00,0.000000e+00
1.000000e+00,0.000000e+00,0.000000e+00,0.000000e+00,0.000000e+00,0.000000e+00,0.000000e+00,0.000000e+00,0.000000e+00,0.000000e+00,0.000000e+00,0.000000e+00,0.000000e+00,0.000000e+00,0.000000e+00
1.000000e+00,0.000000e+00,0.000000e+00,0.000000e+00,0.000000e+00,0.000000e+00,0.000000e+00,0.000000e+00,0.000000e+00,0.000000e+00,0.000000e+00,0.000000e+00,0.000000e+00,0.000000e+00,0.000000e+00
1.000000e+00,0.000000e+00,0.000000e+00,0.000000e+00,0.000000e+00,0.000000e+00,0.000000e+00,0.000000e+00,0.000000e+00,0.000000e+00,0.000000e+00,0.000000e+00,0.000000e+00,0.000000e+00,0.000000e+00
1.000000e+00,0.000000e+00,0.000000e+00,0.000000e+00,0.000000e+00,0.000000e+00,0.000000e+00,0.000000e+00,0.000000e+00,0.000000e+00,0.000000e+00,0.000000e+00,0.000000e+00,0.000000e+00,0.000000e+00
1.000000e+00,0.000000e+00,0.000000e+00,0.000000e+00,0.000000e+00,0.000000e+00,0.000000e+00,0.000000e+00,0.000000e+00,0.000000e+00,0.000000e+00,0.000000e+00,0.000000e+00,0.000000e+00,0.000000e+00
4.689796e-01,1.442388e-02,2.290273e-02,3.791192e-02,6.440378e-03,1.043593e-01,2.461435e-01,2.505511e-02,4.565447e-03,1.165877e-03,6.455795e-03,2.261854e-02,2.356899e-02,1.988073e-03,1.342088e-02
3.347699e-01,1.022392e-02,1.740475e-02,2.677981e-02,5.036617e-03,9.609594e-02,4.327540e-01,2.206010e-02,3.287571e-03,8.618197e-04,4.579111e-03,1.661171e-02,1.840810e-02,1.413124e-03,9.713595e-03
2.346794e-01,7.190425e-03,1.299471e-02,1.890483e-02,3.764883e-03,6.853893e-02,5.900643e-01,2.513678e-02,2.313665e-03,6.223879e-04,3.234411e-03,1.168394e-02,1.302438e-02,1.007309e-03,6.839625e-03
1.643216e-01,5.046007e-03,9.273369e-03,1.326009e-02,2.686740e-03,4.885469e-02,7.010874e-01,2.827573e-02,1.622183e-03,4.381965e-04,2.274117e-03,8.187402e-03,9.167009e-03,7.102865e-04,4.795189e-03
1.151066e-01,3.549598e-03,6.616828e-03,9.306423e-03,2.022788e-03,3.544430e-02,7.687155e-01,4.008679e-02,1.152132e-03,3.084076e-04,1.606375e-03,5.736558e-03,6.479232e-03,5.073496e-04,3.361129e-03
8.066424e-02,2.497625e-03,4.680892e-03,6.545625e-03,1.587867e-03,2.540759e-02,8.172230e-01,4.787430e-02,8.211358e-04,2.175791e-04,1.141754e-03,4.024302e-03,4.592469e-03,3.622527e-04,2.359456e-03
5.664717e-02,1.764025e-03,3.411516e-03,4.633981e-03,1.340577e-03,1.829880e-02,8.518745e-01,5.244596e-02,5.900511e-04,1.556826e-04,8.182693e-04,2.833220e-03,3.257284e-03,2.666302e-04,1.662446e-03
4.004577e-02,1.250886e-03,2.548851e-03,3.337928e-03,1.316075e-03,1.326128e-02,8.303592e-01,1.009580e-01,4.405086e-04,1.175467e-04,6.019242e-04,2.025892e-03,2.354729e-03,2.035503e-04,1.177977e-03
2.834886e-02,8.930198e-04,1.912047e-03,2.380289e-03,1.487321e-03,9.518810e-03,8.118446e-01,1.385742e-01,3.256405e-04,9.021948e-05,4.562522e-04,1.449121e-03,1.721857e-03,1.604341e-04,8.373859e-04
2.015941e-02,6.728785e-04,1.591971e-03,1.746240e-03,2.050653e-03,6.927597e-03,7.954284e-01,1.674460e-01,2.531146e-04,1.144917e-04,3.622464e-04,1.121523e-03,1.353792e-03,1.424192e-04,6.292306e-04
1.575077e-02,6.869402e-04,1.892654e-03,1.368108e-03,3.121058e-03,5.488021e-03,8.028020e-01,1.645010e-01,2.177884e-04,3.607674e-04,3.269846e-04,1.043012e-03,1.281860e-03,2.082066e-04,9.508340e-04
1.170988e-02,7.239656e-04,2.014474e-03,1.088855e-03,4.828340e-03,4.699021e-03,7.941454e-01,1.716987e-01,2.998749e-04,1.679702e-03,5.240027e-04,1.206695e-03,1.761337e-03,4.709885e-04,3.148790e-03
8.498614e-03,6.550223e-04,1.564743e-03,8.705584e-04,5.682142e-03,3.709081e-03,6.779988e-01,1.288500e-01,3.633478e-04,3.121040e-03,2.455912e-03,2.615055e-03,1.442803e-01,6.144516e-04,1.872096e-02
6.000103e-03,5.393869e-04,1.158877e-03,6.580596e-04,4.310211e-03,2.752204e-03,6.214757e-01,9.269571e-02,3.041364e-04,3.534056e-03,2.855608e-03,7.654406e-03,1.485650e-01,1.002708e-03,1.064938e-01
4.269964e-03,4.473611e-04,8.412324e-04,5.088584e-04,3.169221e-03,2.102456e-03,6.542361e-01,6.552743e-02,3.496552e-04,2.888863e-03,2.348533e-03,2.552007e-02,1.578194e-01,1.459336e-03,7.851157e-02
3.068030e-03,4.309648e-04,6.980409e-04,6.278403e-04,2.514372e-03,2.932038e-03,5.582163e-01,4.592951e-02,3.795827e-03,3.044872e-03,2.966694e-03,1.053553e-01,2.071659e-01,3.159691e-03,6.009474e-02
2.203943e-03,3.558845e-04,5.360486e-04,5.092878e-04,2.058165e-03,2.747054e-03,4.550189e-01,3.218651e-02,5.237267e-03,2.503730e-03,2.671157e-03,2.414435e-01,2.033582e-01,4.679170e-03,4.449122e-02
1.696526e-03,3.768790e-04,4.457904e-04,3.934969e-04,1.802553e-03,4.769934e-03,3.421358e-01,2.259231e-02,1.281741e-02,2.133336e-03,4.807637e-03,3.290956e-01,2.400234e-01,4.514938e-03,3.239446e-02
1.245467e-03,3.389422e-04,3.897565e-04,2.853101e-04,1.960005e-03,4.038714e-03,2.416286e-01,1.586661e-02,1.645580e-02,2.182644e-03,5.224178e-03,4.598705e-01,2.183339e-01,6.807525e-03,2.537200e-02
9.145405e-04,5.661024e-04,4.430086e-04,2.259269e-04,2.205285e-03,4.902059e-03,1.702509e-01,1.134453e-02,3.147970e-02,2.585759e-03,5.566461e-03,5.676793e-01,1.749765e-01,7.449528e-03,1.941029e-02
7.042349e-04,6.518220e-04,3.602731e-04,2.348519e-04,2.031444e-03,5.410552e-03,1.194106e-01,8.061026e-03,4.086281e-02,2.109209e-03,4.809979e-03,6.684296e-01,1.270002e-01,6.085627e-03,1.383785e-02
7.926113e-04,3.625482e-03,3.454812e-04,2.853674e-04,1.319464e-02,1.241895e-02,8.458789e-02,6.195245e-03,2.297127e-01,1.895213e-03,3.979796e-03,5.378398e-01,9.082516e-02,4.421338e-03,9.880383e-03
1.135767e-03,5.570667e-03,1.078148e-03,3.451235e-04,2.134281e-02,1.252810e-02,6.036024e-02,5.572190e-03,2.992322e-01,3.589547e-03,7.507192e-03,5.043986e-01,6.665486e-02,3.584893e-03,7.099647e-03
1.475682e-03,5.922243e-03,8.605281e-04,3.547558e-04,2.933608e-02,2.726889e-02,4.306525e-02,4.953265e-03,3.681522e-01,3.137499e-03,6.651884e-03,4.531463e-01,4.792716e-02,2.711534e-03,5.036755e-03
1.645399e-03,1.060050e-02,8.786918e-04,4.217014e-04,2.576962e-02,2.623208e-02,3.045768e-02,3.986784e-03,4.937693e-01,2.688804e-03,5.497755e-03,3.577724e-01,3.464881e-02,2.041592e-03,3.588812e-03
2.805069e-03,1.534810e-02,3.858024e-03,1.472658e-02,3.670017e-02,4.170013e-02,2.163587e-02,4.612781e-03,5.271327e-01,3.938232e-03,6.272390e-03,2.865299e-01,2.957143e-02,1.629411e-03,3.539202e-03
3.014642e-03,2.227342e-02,3.287452e-03,1.133689e-02,3.818555e-02,7.555303e-02,1.557805e-02,5.062167e-03,5.210562e-01,3.148264e-03,6.543360e-03,2.598882e-01,3.072869e-02,1.299956e-03,3.044178e-03
5.954668e-03,1.989443e-02,4.513487e-03,9.343937e-03,1.020471e-01,6.353670e-02,2.088140e-02,7.289706e-03,5.453138e-01,2.421465e-03,5.631798e-03,1.864846e-01,2.310725e-02,1.028838e-03,2.550845e-03
8.009152e-03,1.883595e-02,5.574672e-03,9.266892e-03,1.614182e-01,8.829184e-02,3.272592e-02,6.632631e-03,5.034583e-01,1.957810e-03,4.892478e-03,1.335705e-01,2.094724e-02,9.069277e-04,3.511586e-03
1.600774e-02,1.998925e-02,5.577488e-03,8.468386e-03,1.530655e-01,1.404551e-01,2.981132e-02,5.474213e-03,4.810495e-01,2.052496e-03,5.156681e-03,9.479607e-02,2.668456e-02,9.924356e-04,1.041928e-02
2.175706e-02,3.290033e-02,8.638748e-03,5.788466e-02,1.113750e-01,1.203706e-01,2.206991e-02,4.211765e-03,4.289565e-01,4.899515e-03,7.081019e-03,6.877293e-02,5.021413e-02,1.166643e-03,5.970123e-02
7.157644e-02,2.816951e-02,1.519382e-02,5.781849e-02,1.763260e-01,1.059610e-01,2.097794e-02,4.530630e-03,3.607751e-01,5.407020e-03,7.545142e-03,5.139253e-02,4.320508e-02,1.374024e-03,4.974720e-02
1.158822e-01,2.748537e-02,1.338212e-02,5.624852e-02,1.890564e-01,1.219568e-01,2.637221e-02,5.659711e-03,3.139890e-01,4.205171e-03,6.529867e-03,3.784937e-02,3.934586e-02,2.209254e-03,3.982816e-02
1.533886e-01,3.899033e-02,1.650883e-02,5.165989e-02,1.752639e-01,1.707660e-01,2.545403e-02,5.711799e-03,2.459313e-01,4.099262e-03,7.655347e-03,2.787510e-02,3.516922e-02,3.994505e-03,3.753201e-02
1.995104e-01,3.993668e-02,1.901163e-02,4.228001e-02,1.610501e-01,1.999082e-01,2.028899e-02,5.192534e-03,1.990821e-01,5.005649e-03,9.450033e-03,2.128580e-02,2.880705e-02,5.087211e-03,4.410364e-02
1.446565e-01,2.992486e-02,1.473648e-02,3.290826e-02,3.346645e-01,1.620302e-01,4.768004e-02,4.587029e-03,1.406372e-01,4.558485e-03,7.219529e-03,1.503942e-02,2.455714e-02,3.766305e-03,3.303406e-02
1.020544e-01,2.131762e-02,1.056944e-02,2.315956e-02,3.872451e-01,1.245213e-01,1.656573e-01,4.572467e-03,9.847577e-02,3.230154e-03,5.188343e-03,1.054836e-02,1.740503e-02,2.668487e-03,2.338684e-02
7.270914e-02,1.498167e-02,7.685458e-03,1.635822e-02,5.198191e-01,9.373043e-02,1.325718e-01,5.140366e-03,6.897258e-02,2.354857e-03,2.584822e-02,7.501694e-03,1.251157e-02,1.975073e-03,1.783977e-02
5.604271e-02,1.074267e-02,5.716029e-03,1.162261e-02,5.314797e-01,7.333399e-02,9.962381e-02,4.349497e-03,4.842101e-02,2.211098e-03,1.074193e-01,5.532985e-03,1.134766e-02,1.498773e-03,3.065815e-02
5.361451e-02,7.724893e-03,4.663092e-03,8.992444e-03,5.202547e-01,5.491958e-02,8.765436e-02,5.184344e-03,3.679239e-02,7.736841e-03,1.540312e-01,6.006326e-03,1.689086e-02,1.272985e-03,3.426147e-02
4.434997e-02,5.539005e-03,3.545723e-03,9.212218e-03,4.609612e-01,5.000226e-02,7.137375e-02,4.873005e-03,2.689572e-02,7.744259e-03,1.851623e-01,9.537322e-03,2.679610e-02,1.050043e-03,9.295715e-02
4.185476e-02,4.020715e-03,2.590414e-03,8.482219e-03,3.909522e-01,4.297547e-02,5.684334e-02,3.875360e-03,2.090366e-02,6.260430e-03,2.210404e-01,1.372740e-02,4.751821e-02,8.629083e-04,1.380925e-01
3.179847e-02,3.184773e-03,2.007250e-03,1.436526e-02,3.223668e-01,3.344015e-02,4.736219e-02,2.946228e-03,3.644034e-02,5.400255e-03,1.680443e-01,1.493393e-02,5.544081e-02,7.302340e-04,2.615390e-01
2.449130e-02,2.512373e-03,1.601601e-03,1.356968e-02,2.765826e-01,2.635588e-02,4.132637e-02,2.366463e-03,4.196474e-02,4.071301e-03,1.338897e-01,1.522649e-02,7.392824e-02,6.435743e-04,3.414697e-01
2.227212e-02,2.389458e-03,1.567385e-03,1.108195e-02,2.237674e-01,2.738620e-02,3.254028e-02,1.802448e-03,4.837370e-02,3.543064e-03,1.134077e-01,2.198989e-02,1.030533e-01,7.692343e-04,3.860559e-01
1.886780e-02,2.513732e-03,2.311236e-03,9.166487e-03,1.742172e-01,2.445223e-02,2.690265e-02,1.606922e-03,5.954652e-02,5.196781e-03,1.024530e-01,3.255495e-02,1.560723e-01,1.046165e-03,3.830920e-01
1.424231e-02,3.491877e-03,4.719947e-03,7.753660e-03,1.385273e-01,1.823580e-02,2.385822e-02,1.429258e-03,5.696858e-02,5.162496e-02,8.849959e-02,3.518550e-02,2.236593e-01,2.066392e-03,3.297373e-01
1.062530e-02,3.818826e-03,3.940636e-03,8.372562e-03,1.037812e-01,1.488153e-02,1.837534e-02,1.241738e-03,5.473047e-02,1.380056e-01,6.870978e-02,4.071249e-02,2.432061e-01,2.882582e-03,2.867158e-01
7.859711e-03,3.003783e-03,3.130790e-03,6.954901e-03,7.840630e-02,1.148706e-02,1.613131e-02,1.232773e-03,4.249634e-02,2.888619e-01,5.494133e-02,3.650331e-02,2.146268e-01,2.581912e-03,2.317818e-01
5.635110e-03,2.186512e-03,2.253991e-03,6.203178e-03,5.665570e-02,8.363249e-03,1.165093e-02,9.926748e-04,3.143847e-02,3.952636e-01,5.383445e-02,2.910161e-02,1.725390e-01,2.224706e-03,2.216568e-01
4.243958e-03,2.970919e-03,5.701870e-03,7.601975e-03,4.158185e-02,7.282087e-03,8.262034e-03,4.551921e-03,2.613887e-02,3.661859e-01,1.114900e-01,2.190416e-02,1.517720e-01,2.999482e-03,2.373129e-01
3.718988e-03,5.292169e-02,1.154919e-02,6.448569e-03,4.420243e-02,5.773070e-03,5.880845e-03,4.434809e-03,5.338701e-02,3.025841e-01,1.821580e-01,1.678647e-02,1.220692e-01,2.689723e-03,1.853959e-01
2.933672e-03,1.089398e-01,2.211190e-02,1.718478e-02,3.732469e-02,4.228987e-03,4.151969e-03,3.439439e-03,2.268788e-01,2.130516e-01,1.288195e-01,1.178499e-02,8.577245e-02,1.936464e-03,1.314410e-01
4.356698e-03,1.934620e-01,3.955670e-02,2.477703e-02,4.011172e-02,5.241695e-03,3.116060e-03,3.048846e-03,2.744984e-01,1.515211e-01,9.143258e-02,8.346360e-03,6.047975e-02,1.482630e-03,9.856845e-02
6.816857e-03,1.931498e-01,8.966418e-02,9.375133e-02,6.980589e-02,7.360777e-03,3.006600e-03,1.533049e-02,2.287631e-01,1.071950e-01,6.487449e-02,6.067613e-03,4.291430e-02,1.189043e-03,7.011057e-02
3.778746e-02,1.970353e-01,1.245678e-01,7.989863e-02,8.619465e-02,1.901042e-02,3.514500e-03,1.344223e-02,2.074528e-01,8.535194e-02,5.052892e-02,5.865811e-03,3.300180e-02,1.862766e-03,5.448497e-02
4.665931e-02,1.885739e-01,1.029693e-01,1.379749e-01,1.036537e-01,3.841754e-02,6.283808e-03,1.583781e-02,1.825172e-01,6.386568e-02,3.994795e-02,5.870582e-03,2.479050e-02,1.832766e-03,4.080500e-02
4.126301e-02,1.782119e-01,1.026073e-01,2.617100e-01,9.886427e-02,3.420178e-02,5.486272e-03,1.806878e-02,1.326099e-01,4.514357e-02,2.850998e-02,4.624560e-03,1.762395e-02,1.523250e-03,2.955145e-02
7.068209e-02,1.679248e-01,1.098396e-01,2.487458e-01,1.098982e-01,6.420475e-02,6.149456e-03,1.810653e-02,1.014835e-01,3.886826e-02,2.055538e-02,4.092289e-03,1.322847e-02,2.714585e-03,2.350623e-02
1.078673e-01,1.552040e-01,8.666562e-02,2.121727e-01,1.459856e-01,7.518749e-02,6.381725e-03,1.821730e-02,1.023480e-01,3.328133e-02,1.707644e-02,5.102093e-03,1.112671e-02,4.981487e-03,1.840220e-02
1.916087e-01,1.171157e-01,6.842180e-02,1.963018e-01,1.444566e-01,7.436104e-02,5.495997e-03,1.719170e-02,9.092003e-02,3.006536e-02,2.144041e-02,1.007399e-02,1.061031e-02,6.229925e-03,1.570668e-02
2.649365e-01,1.149698e-01,5.292254e-02,1.734200e-01,1.297812e-01,6.318632e-02,4.313604e-03,1.524168e-02,8.384728e-02,2.312215e-02,2.736340e-02,1.418870e-02,1.138254e-02,7.545877e-03,1.377837e-02
2.428724e-01,9.848881e-02,4.075636e-02,2.083566e-01,1.627892e-01,5.675795e-02,4.041303e-03,1.333721e-02,6.611158e-02,1.738877e-02,2.319900e-02,2.345177e-02,2.613483e-02,6.191264e-03,1.012299e-02
2.764506e-01,9.212572e-02,4.456587e-02,2.024053e-01,1.269313e-01,5.801722e-02,3.880808e-03,1.581496e-02,5.643189e-02,1.596632e-02,2.401534e-02,4.078404e-02,2.405882e-02,7.074546e-03,1.147719e-02
2.151217e-01,8.182305e-02,3.461649e-02,1.526906e-01,9.054356e-02,4.651313e-02,2.807267e-03,1.157250e-02,8.701463e-02,1.902448e-02,4.746044e-02,5.694456e-02,2.114049e-02,9.096826e-02,4.175871e-02
1.729716e-01,6.148142e-02,2.675219e-02,1.184122e-01,6.400586e-02,3.474832e-02,2.075680e-03,8.604784e-03,1.070671e-01,1.653204e-02,7.732122e-02,5.726566e-02,1.811401e-02,1.954489e-01,3.919901e-02
1.312435e-01,4.704333e-02,2.187932e-02,9.480925e-02,4.527933e-02,2.703202e-02,1.598308e-03,6.482925e-03,1.268668e-01,1.571003e-02,1.043112e-01,5.324342e-02,1.601183e-02,2.721374e-01,3.635130e-02
9.263916e-02,3.484255e-02,1.579388e-02,6.824808e-02,3.204728e-02,2.113513e-02,1.196964e-03,4.614788e-03,1.003419e-01,1.236316e-02,1.037861e-01,4.285167e-02,1.149984e-02,4.304637e-01,2.817576e-02
6.660445e-02,2.528892e-02,1.133066e-02,4.885276e-02,2.277146e-02,1.663670e-02,1.053559e-03,3.355219e-03,8.179694e-02,1.009021e-02,8.592926e-02,3.429247e-02,8.337303e-03,5.625551e-01,2.110495e-02
4.916326e-02,1.844686e-02,8.136730e-03,3.494256e-02,1.631955e-02,1.278902e-02,9.030823e-04,2.434383e-03,7.417505e-02,7.539579e-03,6.780342e-02,3.502853e-02,6.256705e-03,6.503533e-01,1.570793e-02
3.639970e-02,1.505539e-02,6.269062e-03,2.513141e-02,1.213469e-02,1.053556e-02,7.622277e-04,1.813387e-03,1.095129e-01,8.058278e-03,5.459752e-02,3.183806e-02,4.979849e-03,6.691496e-01,1.376226e-02
2.598743e-02,1.213666e-02,5.295367e-03,1.801925e-02,9.232777e-03,8.460437e-03,6.204869e-04,1.334294e-03,1.771364e-01,8.866787e-03,4.504065e-02,2.793570e-02,3.876862e-03,6.428443e-01,1.321252e-02
1.868672e-02,1.009119e-02,4.055286e-03,1.302683e-02,7.200401e-03,6.949995e-03,4.841683e-04,9.705305e-04,2.782467e-01,7.555623e-03,3.752577e-02,2.332629e-02,2.907000e-03,5.744674e-01,1.450600e-02
1.327436e-02,8.086338e-03,3.304654e-03,9.847779e-03,5.846310e-03,5.787710e-03,3.998916e-04,7.487799e-04,4.250546e-01,7.210695e-03,2.969171e-02,2.004590e-02,2.244530e-03,4.550194e-01,1.343740e-02
9.662368e-03,6.078212e-03,2.526279e-03,7.414709e-03,4.240958e-03,6.736347e-03,3.065344e-04,5.424673e-04,3.925371e-01,6.519085e-03,2.543842e-02,1.888168e-02,1.841314e-03,4.996673e-01,1.760714e-02
6.978968e-03,4.383673e-03,1.883929e-03,5.283509e-03,3.240708e-03,5.273830e-03,2.178987e-04,3.873145e-04,4.364173e-01,7.072896e-03,2.097383e-02,1.591095e-02,1.396751e-03,4.699880e-01,2.059045e-02
8.051652e-03,3.576415e-03,1.773438e-03,5.350625e-03,1.490433e-02,6.137661e-03,2.078505e-04,6.201785e-04,4.640554e-01,1.172772e-02,2.356108e-02,1.187451e-02,1.173849e-03,4.289856e-01,1.799973e-02
2.385585e-02,7.764517e-03,1.383983e-02,6.307899e-03,2.211283e-02,2.340303e-02,2.489522e-04,7.550640e-04,4.193816e-01,1.732985e-02,2.361383e-02,8.832052e-03,1.295583e-03,3.917632e-01,3.949595e-02
2.760839e-02,8.051095e-03,1.558360e-02,6.974650e-03,2.191150e-02,3.287192e-02,2.623451e-04,1.292957e-03,3.974613e-01,1.429348e-02,2.423714e-02,7.016822e-03,1.407330e-03,3.930996e-01,4.792790e-02
4.134813e-02,8.651482e-03,2.684333e-02,6.613292e-03,2.147508e-02,4.723171e-02,2.507989e-04,1.718176e-03,4.187958e-01,1.340242e-02,2.338220e-02,5.205354e-03,1.301850e-03,3.374110e-01,4.636934e-02
6.004111e-02,8.297583e-03,3.836272e-02,9.608308e-03,2.818866e-02,5.866347e-02,3.380661e-04,2.981076e-03,4.112627e-01,1.594104e-02,2.798546e-02,4.582048e-03,1.570762e-03,2.857917e-01,4.638543e-02
6.881027e-02,7.008828e-03,3.859705e-02,1.032781e-02,3.021627e-02,5.883776e-02,4.262591e-04,5.686120e-03,4.121278e-01,1.529285e-02,2.566800e-02,3.686045e-03,1.458275e-03,2.831495e-01,3.870717e-02
6.627229e-02,5.360500e-03,2.062928e-01,3.618123e-02,2.692508e-02,4.616211e-02,5.710499e-04,1.994507e-02,3.179848e-01,1.198599e-02,1.850963e-02,2.653185e-03,1.107463e-03,2.114791e-01,2.856966e-02
6.649441e-02,4.722792e-03,3.409190e-01,4.745614e-02,2.050622e-02,3.546758e-02,5.606570e-04,2.358044e-02,2.451895e-01,9.922065e-03,1.339729e-02,1.933494e-03,8.735865e-04,1.660962e-01,2.288064e-02
7.670463e-02,6.211922e-03,3.394054e-01,5.017290e-02,1.584910e-02,2.716504e-02,5.865771e-04,2.159521e-02,2.201239e-01,1.278246e-02,1.049245e-02,1.480774e-03,7.031898e-04,1.939680e-01,2.275849e-02
8.050999e-02,6.399277e-03,3.827352e-01,6.013242e-02,1.198950e-02,2.018909e-02,7.880012e-04,2.412623e-02,1.894007e-01,1.266054e-02,8.253814e-03,1.278051e-03,5.714193e-04,1.824787e-01,1.848708e-02
8.051475e-02,7.048015e-03,4.125827e-01,5.959854e-02,9.281223e-03,1.537607e-02,1.010811e-03,2.379753e-02,1.545101e-01,1.179244e-02,7.830786e-03,1.143610e-03,4.914967e-04,1.989833e-01,1.603863e-02
8.979796e-02,6.814597e-03,4.368297e-01,5.137633e-02,7.199907e-03,1.341548e-02,2.175303e-03,2.870238e-02,1.314037e-01,1.048681e-02,7.937335e-03,1.246464e-03,4.782024e-04,1.967611e-01,1.537467e-02
1.082690e-01,6.289760e-03,4.350104e-01,5.181391e-02,5.607401e-03,1.283113e-02,3.182115e-03,3.816288e-02,1.246973e-01,9.620209e-03,8.346103e-03,1.436175e-03,4.944105e-04,1.800402e-01,1.419889e-02
8.007744e-02,5.134815e-03,5.305334e-01,4.633416e-02,4.012708e-03,9.443389e-03,2.379218e-03,3.079699e-02,9.670082e-02,2.193305e-02,1.989397e-02,1.509743e-03,5.624007e-04,1.395157e-01,1.117213e-02
5.942555e-02,4.223888e-03,4.277719e-01,3.428500e-02,3.062960e-03,6.972288e-03,1.800007e-03,2.264435e-02,7.196827e-02,2.912913e-02,2.130075e-01,1.214605e-02,5.907152e-04,1.038601e-01,9.112301e-03
4.365221e-02,3.613095e-03,4.648036e-01,2.650123e-02,2.220964e-03,5.146877e-03,1.367286e-03,1.698849e-02,5.161610e-02,2.267319e-02,2.181181e-01,5.597846e-02,5.878698e-04,8.012082e-02,6.611650e-03
3.213557e-02,2.737087e-03,3.659300e-01,1.973404e-02,1.655397e-03,3.883820e-03,1.044226e-03,1.256098e-02,3.743207e-02,1.723055e-02,2.938457e-01,1.272631e-01,5.739713e-04,7.918468e-02,4.788758e-03
2.398688e-02,2.308072e-03,2.776402e-01,1.514652e-02,1.360482e-03,3.313734e-03,8.595044e-04,9.255861e-03,2.783882e-02,1.428104e-02,3.493846e-01,1.641721e-01,7.283795e-04,1.061079e-01,3.616003e-03
1.697328e-02,1.688927e-03,1.946725e-01,1.106534e-02,1.099639e-03,2.430190e-03,6.395980e-04,6.578279e-03,2.018413e-02,1.094869e-02,4.137555e-01,1.976397e-01,6.936140e-04,1.190600e-01,2.570696e-03
1.196022e-02,1.197785e-03,1.363514e-01,7.910565e-03,9.275653e-04,1.835392e-03,4.646378e-04,4.663436e-03,1.425052e-02,8.256693e-03,4.022174e-01,2.782722e-01,6.316251e-04,1.292481e-01,1.812499e-03
8.422327e-03,8.693379e-04,9.552636e-02,5.713172e-03,9.665077e-04,1.391163e-03,3.331955e-04,3.322391e-03,1.034469e-02,6.297749e-03,3.442575e-01,3.894978e-01,5.334085e-04,1.312456e-01,1.278908e-03
6.104828e-03,7.667617e-04,6.756906e-02,4.541033e-03,3.334910e-03,1.741846e-03,4.798455e-04,2.896280e-03,7.582077e-03,5.090966e-03,3.058632e-01,4.403562e-01,5.060899e-04,1.522458e-01,9.210844e-04
4.372384e-03,5.744308e-04,4.742692e-02,3.336673e-03,4.032983e-03,1.587057e-03,3.705354e-04,2.166456e-03,5.589374e-03,4.170318e-03,3.582938e-01,4.026882e-01,5.200749e-04,1.642021e-01,6.685967e-04
3.143514e-03,5.093797e-04,3.338540e-02,2.493579e-03,5.931647e-03,1.461525e-03,4.128359e-04,1.702403e-03,4.127011e-03,3.425843e-03,3.940879e-01,3.901875e-01,4.906285e-04,1.581530e-01,4.878278e-04
2.459864e-03,5.338952e-04,2.362935e-02,1.874297e-03,5.674988e-03,1.246209e-03,3.768503e-04,1.435689e-03,3.106863e-03,2.791918e-03,5.063994e-01,3.215901e-01,5.013217e-04,1.280192e-01,3.600467e-04
1.976844e-03,6.432065e-04,1.679347e-02,1.398258e-03,5.124709e-03,1.049534e-03,3.102194e-04,1.202420e-03,2.506049e-03,2.484443e-03,5.867637e-01,2.769471e-01,4.848680e-04,1.020315e-01,2.837309e-04
1.476810e-03,1.876970e-03,1.207756e-02,1.046453e-03,4.403283e-03,1.095010e-03,2.714643e-04,1.000490e-03,2.321515e-03,2.919257e-03,6.156982e-01,2.596735e-01,4.287824e-04,9.546158e-02,2.490669e-04
1.114214e-03,1.740453e-03,8.520446e-03,7.737995e-04,4.726153e-03,1.109974e-03,2.683947e-04,8.059851e-04,1.940457e-03,3.134412e-03,6.389806e-01,2.421877e-01,4.969964e-04,9.398772e-02,2.126487e-04
8.192773e-04,1.831372e-03,6.143948e-03,7.340455e-04,6.457103e-02,1.335519e-03,4.891739e-04,2.413443e-03,1.940394e-03,2.537901e-03,6.097279e-01,2.105589e-01,4.674041e-04,9.625246e-02,1.772643e-04
6.845759e-04,2.634090e-03,5.405520e-03,8.076156e-04,2.322896e-01,2.206248e-03,2.712233e-03,4.982848e-03,1.981929e-03,1.983958e-03,4.866492e-01,1.743229e-01,4.223462e-04,8.272000e-02,1.970388e-04
1.218658e-03,3.771782e-03,8.157297e-03,1.093826e-03,3.497521e-01,3.088196e-03,3.915615e-03,1.296631e-02,3.636043e-03,1.736703e-03,3.915566e-01,1.515578e-01,4.625844e-04,6.670363e-02,3.828379e-04
2.783146e-03,6.922775e-03,1.161504e-02,1.102907e-03,5.020498e-01,5.027862e-03,4.492472e-03,1.115839e-02,5.555419e-03,1.285208e-03,2.851957e-01,1.139513e-01,4.732389e-04,4.803752e-02,3.492531e-04
4.213772e-03,9.417011e-03,1.342521e-02,1.514909e-03,6.254841e-01,7.949427e-03,6.902874e-03,8.716162e-03,4.483223e-03,9.312071e-04,2.016633e-01,8.057804e-02,4.596848e-04,3.399282e-02,2.682154e-04
4.333728e-03,9.248175e-03,1.807242e-02,2.044969e-03,7.126172e-01,8.500756e-03,8.827411e-03,9.060374e-03,3.342208e-03,6.699633e-04,1.421789e-01,5.654616e-02,3.645633e-04,2.397549e-02,2.177212e-04
1.171640e-02,1.003684e-02,4.496486e-02,1.141391e-02,7.001030e-01,1.191785e-02,1.434554e-02,3.418636e-02,2.621342e-03,5.258358e-04,1.002551e-01,3.988436e-02,4.238630e-04,1.692272e-02,6.820218e-04
2.647376e-02,1.233582e-02,5.667993e-02,1.733018e-02,6.957138e-01,1.603386e-02,1.571984e-02,4.126459e-02,2.653005e-03,4.999238e-04,7.223100e-02,2.860474e-02,6.195156e-04,1.231013e-02,1.529896e-03
3.788692e-02,1.488166e-02,8.119106e-02,5.088620e-02,6.255794e-01,1.380705e-02,1.384316e-02,7.652827e-02,2.037643e-03,3.867950e-04,5.110531e-02,2.078971e-02,7.414694e-04,8.826992e-03,1.508382e-03
6.855879e-02,1.439926e-02,9.424016e-02,5.313868e-02,6.183752e-01,1.494552e-02,1.199907e-02,5.931057e-02,2.187759e-03,3.949564e-04,3.683641e-02,1.574621e-02,9.383266e-04,6.727098e-03,2.202023e-03
9.252742e-02,1.288381e-02,1.325372e-01,1.109482e-01,5.231118e-01,1.295059e-02,9.465200e-03,5.515370e-02,2.016743e-03,4.139015e-04,2.661141e-02,1.296032e-02,1.496548e-03,4.920626e-03,2.002520e-03
1.467985e-01,1.507459e-02,1.228171e-01,1.586576e-01,4.328896e-01,1.649481e-02,8.669252e-03,4.300918e-02,2.883328e-03,5.617930e-04,2.313586e-02,1.712932e-02,5.437232e-03,4.085150e-03,2.356762e-03
1.601172e-01,1.637088e-02,1.092028e-01,1.730787e-01,4.130561e-01,1.886557e-02,1.565789e-02,3.521092e-02,3.620506e-03,1.309551e-03,1.820586e-02,2.114848e-02,8.716183e-03,3.169689e-03,2.269681e-03
1.494180e-01,2.172274e-02,9.346264e-02,3.045551e-01,3.121947e-01,1.663243e-02,1.167979e-02,2.910759e-02,3.710494e-03,3.504514e-03,1.807585e-02,2.140997e-02,7.770053e-03,2.827053e-03,3.929090e-03
1.085950e-01,4.625923e-02,7.239673e-02,2.863020e-01,2.277403e-01,1.780728e-02,8.388659e-03,2.117763e-02,6.947448e-03,4.205517e-03,9.910206e-02,8.194457e-02,7.045912e-03,6.063703e-03,6.023970e-03
8.000372e-02,3.738428e-02,5.841630e-02,2.680986e-01,1.604895e-01,1.717765e-02,5.956691e-03,1.516891e-02,7.292349e-03,3.571324e-03,1.212027e-01,2.053791e-01,5.182244e-03,9.649964e-03,5.026737e-03
5.680424e-02,2.702025e-02,4.211419e-02,1.978396e-01,1.138163e-01,1.346964e-02,4.192711e-03,1.083568e-02,5.284145e-03,2.753886e-03,2.557222e-01,2.434995e-01,3.740888e-03,1.900436e-02,3.902439e-03
4.063625e-02,2.002996e-02,3.014036e-02,1.421105e-01,8.254371e-02,1.085078e-02,2.952337e-03,7.699507e-03,3.787245e-03,2.127652e-03,3.528751e-01,2.754562e-01,2.713321e-03,2.295439e-02,3.122619e-03
2.857763e-02,1.423559e-02,2.137149e-02,9.964534e-02,6.414060e-02,7.732816e-03,2.069413e-03,5.397222e-03,2.718717e-03,1.636715e-03,5.203417e-01,2.068167e-01,1.905099e-03,2.100475e-02,2.406203e-03
2.008813e-02,1.023514e-02,1.541614e-02,7.001288e-02,5.229469e-02,5.639770e-03,1.459957e-03,3.801882e-03,2.189267e-03,1.482852e-03,6.147590e-01,1.744272e-01,1.354503e-03,2.490384e-02,1.934834e-03
1.450160e-02,8.397515e-03,1.737247e-02,5.131369e-02,1.145466e-01,5.394004e-03,1.324173e-03,3.601487e-03,3.030684e-03,2.749980e-03,5.710570e-01,1.710032e-01,1.059741e-03,3.280827e-02,1.839520e-03
1.036948e-02,6.331678e-03,1.272211e-02,3.625004e-02,1.212378e-01,5.223611e-03,1.007948e-03,2.687527e-03,2.639142e-03,2.904263e-03,5.302045e-01,1.296479e-01,9.975499e-04,1.361980e-01,1.578451e-03
7.316501e-03,4.561374e-03,9.064259e-03,2.545575e-02,1.083760e-01,4.079936e-03,7.368778e-04,1.910837e-03,2.169681e-03,2.969221e-03,5.000753e-01,1.006336e-01,1.006126e-03,2.304568e-01,1.187762e-03
5.200028e-03,3.306061e-03,6.430423e-03,1.783956e-02,9.047905e-02,3.187114e-03,5.415498e-04,1.360988e-03,1.638897e-03,2.792436e-03,5.341571e-01,8.505848e-02,1.186244e-03,2.459299e-01,8.921981e-04
3.731790e-03,2.483155e-03,4.601546e-03,1.251047e-02,7.708149e-02,2.596760e-03,4.227839e-04,9.782227e-04,1.397676e-03,2.799809e-03,5.469673e-01,8.610228e-02,1.932501e-03,2.555903e-01,8.039603e-04
2.726870e-03,2.030625e-03,3.411365e-03,8.792805e-03,7.067166e-02,2.142202e-03,4.347258e-04,7.937954e-04,1.132808e-03,2.784160e-03,5.412983e-01,7.723972e-02,2.323833e-03,2.835091e-01,7.080075e-04
2.004182e-03,1.934069e-03,2.577868e-03,6.183249e-03,5.799560e-02,2.251329e-03,4.107239e-04,6.325151e-04,1.215566e-03,3.300701e-03,5.900760e-01,8.665526e-02,3.165341e-03,2.406498e-01,9.476976e-04
1.643353e-03,4.265940e-03,3.305671e-03,4.417992e-03,7.926834e-02,2.160891e-03,4.710686e-04,1.034379e-03,1.428570e-03,5.232251e-03,5.735407e-01,1.118900e-01,2.852384e-03,2.071946e-01,1.293748e-03
2.049088e-03,3.361253e-03,5.563816e-03,4.271790e-03,7.276402e-02,5.307458e-03,1.722993e-03,2.570317e-02,1.914845e-03,6.564972e-03,5.657948e-01,1.229455e-01,2.355532e-03,1.785675e-01,1.113213e-03
2.816180e-03,2.553008e-03,6.739831e-03,4.667839e-03,6.370860e-02,6.981566e-03,1.785191e-03,5.588424e-02,2.673560e-03,8.495095e-03,5.687266e-01,1.230427e-01,2.071906e-03,1.488828e-01,9.709019e-04
2.786928e-03,2.099372e-03,8.857716e-03,7.676679e-03,6.725115e-02,7.129411e-03,3.800358e-03,1.896143e-01,2.677768e-03,7.381599e-03,4.534705e-01,1.204022e-01,1.604580e-03,1.245433e-01,7.041802e-04
5.887572e-03,1.542506e-03,1.496267e-02,2.937927e-02,5.353724e-02,8.261267e-03,4.901505e-03,3.659606e-01,2.165328e-03,6.232938e-03,3.293437e-01,8.570634e-02,1.158785e-03,9.043691e-02,5.234005e-04
1.183414e-02,1.192891e-03,1.817876e-02,6.142690e-02,4.360384e-02,1.858251e-02,4.235126e-03,4.611780e-01,1.749616e-03,5.103691e-03,2.430805e-01,6.079731e-02,8.472041e-04,6.776603e-02,4.233804e-04
9.428837e-03,8.493675e-04,1.298380e-02,4.441582e-02,3.100285e-02,1.305558e-02,2.999428e-03,6.162257e-01,1.267710e-03,3.634235e-03,1.729243e-01,4.268292e-02,6.302200e-04,4.760142e-02,2.978281e-04
7.427109e-03,6.118530e-04,9.510778e-03,3.177354e-02,2.311328e-02,9.196704e-03,2.140230e-03,7.274745e-01,9.165602e-04,2.557190e-03,1.213490e-01,2.992389e-02,4.572536e-04,3.333878e-02,2.093363e-04
5.992105e-03,4.449757e-04,6.878636e-03,2.270145e-02,1.812842e-02,6.534915e-03,1.524437e-03,8.055766e-01,6.719353e-04,1.791506e-03,8.498567e-02,2.095422e-02,3.263429e-04,2.334181e-02,1.470044e-04
5.046955e-03,3.307679e-04,4.939395e-03,1.648995e-02,2.036859e-02,4.915106e-03,1.102744e-03,8.540855e-01,5.233758e-04,1.256119e-03,5.954325e-02,1.469188e-02,2.530391e-04,1.634864e-02,1.046587e-04
4.354914e-03,2.492582e-04,3.551514e-03,1.204395e-02,2.626102e-02,3.796984e-03,8.002301e-04,8.839626e-01,3.841541e-04,8.811076e-04,4.170944e-02,1.029384e-02,1.888777e-04,1.144768e-02,7.438019e-05
5.237573e-03,1.939937e-04,2.520017e-03,8.994013e-03,5.067880e-02,3.222184e-03,6.005404e-04,8.829570e-01,3.057529e-04,6.187900e-04,2.923356e-02,7.213451e-03,1.542199e-04,8.016688e-03,5.336757e-05
5.834067e-03,1.608888e-04,1.798655e-03,6.617988e-03,6.983945e-02,2.627224e-03,4.762435e-04,8.806272e-01,2.402913e-04,4.349814e-04,2.050274e-02,5.055062e-03,1.297997e-04,5.616214e-03,3.913963e-05
