1.000000e+00,0.000000e+00,0.000000e+00,0.000000e+00,0.000000e+00,0.000000e+00,0.000000e+00,0.000000e+00,0.000000e+00,0.000000e+00,0.000000e+00,0.000000e+00,0.000000e+00,0.000000e+00,0.000000e+00
1.000000e+00,0.000000e+00,0.000000e+00,0.000000e+00,0.000000e+00,0.000000e+00,0.000000e+00,0.000000e+00,0.000000e+00,0.000000e+00,0.000000e+00,0.000000e+00,0.000000e+00,0.000000e+00,0.000000e+00
1.000000e+00,0.000000e+00,0.000000e+00,0.000000e+00,0.000000e+00,0.000000e+00,0.000000e+00,0.000000e+00,0.000000e+00,0.000000e+00,0.000000e+00,0.000000e+00,0.000000e+00,0.000000e+00,0.000000e+00
1.000000e+00,0.000000e+00,0.000000e+00,0.000000e+00,0.000000e+00,0.000000e+00,0.000000e+00,0.000000e+00,0.000000e+00,0.000000e+00,0.000000e+00,0.000000e+00,0.000000e+00,0.000000e+00,0.000000e+00
1.000000e+00,0.000000e+00,0.000000e+00,0.000000e+00,0.000000e+00,0.000000e+00,0.000000e+00,0.000000e+00,0.000000e+00,0.000000e+00,0.000000e+00,0.000000e+00,0.000000e+00,0.000000e+00,0.000000e+00
1.000000e+00,0.000000e+00,0.000000e+00,0.000000e+00,0.000000e+00,0.000000e+00,0.000000e+00,0.000000e+00,0.000000e+00,0.000000e+00,0.000000e+00,0.000000e+00,0.000000e+00,0.000000e+00,0.000000e+00
1.000000e+00,0.000000e+00,0.000000e+00,0.000000e+00,0.000000e+00,0.000000e+00,0.000000e+00,0.000000e+00,0.000000e+00,0.000000e+00,0.000000e+00,0.000000e+00,0.000000e+00,0.000000e+00,0.000000e+00
1.000000e+00,0.000000e+00,0.000000e+00,0.000000e+00,0.000000e+00,0.000000e+00,0.000000e+00,0.000000e+00,0.000000e+00,0.000000e+00,0.000000e+00,0.000000e+00,0.000000e+00,0.000000e+00,0.000000e+00
1.000000e+00,0.000000e+00,0.000000e+00,0.000000e+00,0.000000e+00,0.000000e+00,0.000000e+00,0.000000e+00,0.000000e+00,0.000000e+00,0.000000e+00,0.000000e+00,0.000000e+00,0.000000e+00,0.000000e+00
1.000000e+00,0.000000e+00,0.000000e+00,0.000000e+00,0.000000e+00,0.000000e+00,0.000000e+00,0.000000e+00,0.000000e+00,0.000000e+00,0.000000e+00,0.000000e+00,0.000000e+00,0.000000e+00,0.000000e+00
1.000000e+00,0.000000e+00,0.000000e+00,0.000000e+00,0.000000e+00,0.000000e+00,0.000000e+00,0.000000e+00,0.000000e+00,0.000000e+00,0.000000e+00,0.000000e+00,0.000000e+00,0.000000e+00,0.000000e+00
1.000000e+00,0.000000e+00,0.000000e+00,0.000000e+00,0.000000e+00,0.000000e+00,0.000000e+00,0.000000e+00,0.000000e+00,0.000000e+00,0.000000e+00,0.000000e+00,0.000000e+00,0.000000e+00,0.000000e+00
1.000000e+00,0.000000e+00,0.000000e+00,0.000000e+00,0.000000e+00,0.000000e+00,0.000000e+00,0.000000e+00,0.000000e+00,0.000000e+00,0.000000e+00,0.000000e+00,0.000000e+00,0.000000e+00,0.000000e+00
1.000000e+00,0.000000e+00,0.000000e+00,0.000000e+00,0.000000e+00,0.000000e+00,0.000000e+00,0.000000e+00,0.000000e+00,0.000000e+00,0.000000e+00,0.000000e+00,0.000000e+00,0.000000e+00,0.000000e+00
1.000000e+00,0.000000e+00,0.000000e+00,0.000000e+00,0.000000e+00,0.000000e+00,0.000000e+00,0.000000e+00,0.000000e+00,0.000000e+00,0.000000e+00,0.000000e+00,0.000000e+00,0.000000e+00,0.000000e+00
1.000000e+00,0.000000e+00,0.000000e+00,0.000000e+00,0.000000e+00,0.000000e+00,0.000000e+00,0.000000e+00,0.000000e+00,0.000000e+00,0.000000e+00,0.000000e+00,0.000000e+00,0.000000e+00,0.000000e+00
1.000000e+00,0.000000e+00,0.000000e+00,0.000000e+00,0.000000e+00,0.000000e+00,0.000000e+00,0.000000e+00,0.000000e+00,0.000000e+00,0.000000e+00,0.000000e+00,0.000000e+00,0.000000e+00,0.000000e+00
1.000000e+00,0.000000e+00,0.000000e+00,0.000000e+00,0.000000e+00,0.000000e+00,0.000000e+00,0.000000e+00,0.000000e+00,0.000000e+00,0.000000e+00,0.000000e+00,0.000000e+00,0.000000e+00,0.000000e+00
1.000000e+00,0.000000e+00,0.000000e+00,0.000000e+00,0.000000e+00,0.000000e+00,0.000000e+00,0.000000e+00,0.000000e+00,0.000000e+00,0.000000e+00,0.000000e+00,0.000000e+00,0.000000e+00,0.000000e+00
1.000000e+00,0.000000e+00,0.000000e+00,0.000000e+00,0.000000e+00,0.000000e+00,0.000000e+00,0.000000e+00,0.000000e+00,0.000000e+00,0.000000e+00,0.000000e+00,0.000000e+00,0.000000e+00,0.000000e+00
1.000000e+00,0.000000e+00,0.000000e+00,0.000000e+00,0.000000e+00,0.000000e+00,0.000000e+00,0.000000e+00,0.000000e+00,0.000000e+00,0.000000e+00,0.000000e+00,0.000000e+00,0.000000e+00,0.000000e+00
1.000000e+00,0.000000e+00,0.000000e+00,0.000000e+00,0.000000e+00,0.000000e+00,0.000000e+00,0.000000e+00,0.000000e+00,0.000000e+00,0.000000e+00,0.000000e+00,0.000000e+00,0.000000e+00,0.000000e+00
1.000000e+00,0.000000e+00,0.000000e+00,0.000000e+00,0.000000e+00,0.000000e+00,0.000000e+00,0.000000e+00,0.000000e+00,0.000000e+00,0.000000e+00,0.000000e+00,0.000000e+00,0.000000e+00,0.000000e+00
1.000000e+00,0.000000e+00,0.000000e+00,0.000000e+00,0.000000e+00,0.000000e+00,0.000000e+00,0.000000e+00,0.000000e+00,0.000000e+00,0.000000e+00,0.000000e+00,0.000000e+00,0.000000e+00,0.000000e+00
1.000000e+00,0.000000e+00,0.000000e+00,0.000000e+00,0.000000e+00,0.000000e+00,0.000000e+00,0.000000e+00,0.000000e+00,0.000000e+00,0.000000e+00,0.000000e+00,0.000000e+00,0.000000e+00,0.000000e+00
1.000000e+00,0.000000e+00,0.000000e+00,0.000000e+00,0.000000e+00,0.000000e+00,0.000000e+00,0.000000e+00,0.000000e+00,0.000000e+00,0.000000e+00,0.000000e+00,0.000000e+00,0.000000e+00,0.000000e+00
1.000000e+00,0.000000e+00,0.000000e+00,0.000000e+00,0.000000e+00,0.000000e+00,0.000000e+00,0.000000e+00,0.000000e+00,0.000000e+00,0.000000e+00,0.000000e+00,0.000000e+00,0.000000e+00,0.000000e+00
1.000000e+00,0.000000e+00,0.000000e+00,0.000000e+00,0.000000e+00,0.000000e+00,0.000000e+00,0.000000e+00,0.000000e+00,0.000000e+00,0.000000e+00,0.000000e+00,0.000000e+00,0.000000e+00,0.000000e+00
1.000000e+00,0.000000e+00,0.000000e+00,0.000000e+00,0.000000e+00,0.000000e+00,0.000000e+00,0.000000e+00,0.000000e+00,0.000000e+00,0.000000e+00,0.000000e+00,0.000000e+00,0.000000e+00,0.000000e+00
1.000000e+00,0.000000e+00,0.000000e+00,0.000000e+00,0.000000e+00,0.000000e+00,0.000000e+00,0.000000e+00,0.000000e+00,0.000000e+00,0.000000e+00,0.000000e+00,0.000000e+00,0.000000e+00,0.000000e+00
1.000000e+00,0.000000e+00,0.000000e+00,0.000000e+00,0.000000e+00,0.000000e+00,0.000000e+00,0.000000e+00,0.000000e+00,0.000000e+00,0.000000e+00,0.000000e+00,0.000000e+00,0.000000e+00,0.000000e+00
1.000000e+00,0.000000e+00,0.000000e+00,0.000000e+00,0.000000e+00,0.000000e+00,0.000000e+00,0.000000e+00,0.000000e+00,0.000000e+00,0.000000e+00,0.000000e+00,0.000000e+00,0.000000e+00,0.000000e+00
1.000000e+00,0.000000e+00,0.000000e+00,0.000000e+00,0.000000e+00,0.000000e+00,0.000000e+00,0.000000e+00,0.000000e+00,0.000000e+00,0.000000e+00,0.000000e+00,0.000000e+00,0.000000e+00,0.000000e+00
1.000000e+00,0.000000e+00,0.000000e+00,0.000000e+00,0.000000e+00,0.000000e+00,0.000000e+00,0.000000e+00,0.000000e+00,0.000000e+00,0.000000e+00,0.000000e+00,0.000000e+00,0.000000e+00,0.000000e+00
1.000000e+00,0.000000e+00,0.000000e+00,0.000000e+00,0.000000e+00,0.000000e+00,0.000000e+00,0.000000e+00,0.000000e+00,0.000000e+00,0.000000e+00,0.000000e+00,0.000000e+00,0.000000e+00,0.000000e+00
1.000000e+00,0.000000e+00,0.000000e+00,0.000000e+00,0.000000e+00,0.000000e+00,0.000000e+00,0.000000e+00,0.000000e+00,0.000000e+00,0.000000e+00,0.000000e+00,0.000000e+00,0.000000e+00,0.000000e+00
1.000000e+00,0.000000e+00,0.000000e+00,0.000000e+00,0.000000e+00,0.000000e+00,0.000000e+00,0.000000e+00,0.000000e+00,0.000000e+00,0.000000e+00,0.000000e+00,0.000000e+00,0.000000e+00,0.000000e+00
1.000000e+00,0.000000e+00,0.000000e+00,0.000000e+00,0.000000e+00,0.000000e+00,0.000000e+00,0.000000e+00,0.000000e+00,0.000000e+00,0.000000e+00,0.000000e+00,0.000000e+00,0.000000e+00,0.000000e+00
1.000000e+00,0.000000e+00,0.000000e+00,0.000000e+00,0.000000e+00,0.000000e+00,0.000000e+00,0.000000e+00,0.000000e+00,0.000000e+00,0.000000e+00,0.000000e+00,0.000000e+00,0.000000e+00,0.000000e+00
1.000000e+00,0.000000e+00,0.000000e+00,0.000000e+00,0.000000e+00,0.000000e+00,0.000000e+00,0.000000e+00,0.000000e+00,0.000000e+00,0.000000e+00,0.000000e+00,0.000000e+00,0.000000e+00,0.000000e+00
1.000000e+00,0.000000e+00,0.000000e+00,0.000000e+00,0.000000e+00,0.000000e+00,0.000000e+00,0.000000e+00,0.000000e+00,0.000000e+00,0.000000e+00,0.000000e+00,0.000000e+00,0.000000e+00,0.000000e+00
1.000000e+00,0.000000e+00,0.000000e+00,0.000000e+00,0.000000e+00,0.000000e+00,0.000000e+00,0.000000e+00,0.000000e+00,0.000000e+00,0.000000e+00,0.000000e+00,0.000000e+00,0.000000e+00,0.000000e+00
1.000000e+00,0.000000e+00,0.000000e+00,0.000000e+00,0.000000e+00,0.000000e+00,0.000000e+00,0.000000e+00,0.000000e+00,0.000000e+00,0.000000e+00,0.000000e+00,0.000000e+00,0.000000e+00,0.000000e+00
1.000000e+00,0.000000e+00,0.000000e+00,0.000000e+00,0.000000e+00,0.000000e+00,0.000000e+00,0.000000e+00,0.000000e+00,0.000000e+00,0.000000e+00,0.000000e+00,0.000000e+00,0.000000e+00,0.000000e+00
1.000000e+00,0.000000e+00,0.000000e+00,0.000000e+00,0.000000e+00,0.000000e+00,0.000000e+00,0.000000e+00,0.000000e+00,0.000000e+00,0.000000e+00,0.000000e+00,0.000000e+00,0.000000e+00,0.000000e+00
3.798087e-01,1.078419e-02,8.440537e-03,4.967612e-02,1.410861e-02,1.206614e-02,2.066753e-03,4.823367e-01,3.088514e-03,7.703856e-04,1.054193e-02,8.984683e-03,7.807219e-03,1.957649e-03,7.561842e-03
2.661820e-01,7.588560e-03,5.997074e-03,3.515763e-02,1.134969e-02,8.654084e-03,1.558272e-03,6.336577e-01,2.219420e-03,5.450728e-04,8.338482e-03,6.324057e-03,5.689269e-03,1.406251e-03,5.332417e-03
1.870454e-01,5.342253e-03,4.217084e-03,2.485932e-02,1.943940e-02,7.690924e-03,1.262437e-03,6.772634e-01,1.598783e-03,4.332275e-04,2.360651e-02,1.209733e-02,2.766806e-02,2.651507e-03,4.824245e-03
1.310279e-01,3.763029e-03,2.961318e-03,1.759904e-02,1.774484e-02,5.814578e-03,1.103817e-03,5.560848e-01,1.321240e-03,5.074184e-04,4.782367e-02,4.288444e-02,1.598077e-01,3.914696e-03,7.641538e-03
9.181711e-02,2.646559e-03,2.082166e-03,1.238970e-02,1.304321e-02,4.406604e-03,1.605919e-03,4.046684e-01,1.113655e-03,1.308873e-03,3.948046e-02,1.749861e-01,2.378388e-01,5.582280e-03,7.030175e-03
6.442307e-02,1.862233e-03,1.526593e-03,8.794692e-03,1.086441e-02,4.742621e-03,2.609578e-03,2.854972e-01,1.076937e-03,1.092121e-03,3.957848e-02,3.950865e-01,1.729756e-01,4.766067e-03,5.103990e-03
4.520795e-02,1.327166e-03,1.244744e-03,6.331489e-03,1.086240e-02,1.533611e-02,5.541082e-03,2.007372e-01,1.932303e-03,8.877357e-04,4.811080e-02,5.313054e-01,1.238894e-01,3.655511e-03,3.630767e-03
3.171124e-02,9.921854e-04,1.010110e-03,4.454525e-03,9.356799e-03,1.631624e-02,4.490153e-03,1.405740e-01,2.163110e-03,7.609786e-04,4.416426e-02,6.517377e-01,8.702178e-02,2.675597e-03,2.571381e-03
2.222983e-02,7.361827e-04,7.748749e-04,3.145809e-03,7.697900e-03,1.864588e-02,3.229849e-03,9.842438e-02,1.957763e-03,8.009512e-04,3.547400e-02,7.419617e-01,6.115775e-02,1.922679e-03,1.840518e-03
1.559103e-02,6.662731e-04,8.406308e-04,2.219661e-03,7.711119e-03,2.226099e-02,2.308622e-03,6.900042e-02,1.832097e-03,1.992117e-03,3.101359e-02,7.988122e-01,4.301830e-02,1.401384e-03,1.331639e-03
1.092725e-02,6.135032e-04,6.592940e-04,1.570590e-03,6.796531e-03,1.667354e-02,1.623304e-03,4.833683e-02,1.546243e-03,1.734455e-03,4.218755e-02,8.351804e-01,3.016311e-02,1.023196e-03,9.642424e-04
7.666701e-03,5.290745e-04,5.091398e-04,1.112083e-03,5.865487e-03,1.198997e-02,1.137867e-03,3.384501e-02,1.196581e-03,1.428007e-03,6.239528e-02,8.497071e-01,2.115059e-02,7.699474e-04,6.971680e-04
5.374168e-03,4.677068e-04,4.368758e-04,7.980741e-04,7.357311e-03,8.475389e-03,8.043346e-04,2.369997e-02,1.031647e-03,1.272755e-03,4.665041e-02,8.877060e-01,1.482879e-02,5.919968e-04,5.045669e-04
3.774001e-03,4.658396e-04,3.658630e-04,5.751386e-04,9.579092e-03,5.981551e-03,5.735089e-04,1.659805e-02,1.094099e-03,1.149235e-03,3.670965e-02,9.118842e-01,1.040500e-02,4.651828e-04,3.795655e-04
2.660221e-03,1.073588e-03,8.613681e-04,4.218804e-04,4.543587e-02,4.237851e-03,4.521297e-04,1.162806e-02,1.107370e-03,1.939772e-03,2.812851e-02,8.939904e-01,7.351942e-03,3.781436e-04,3.329035e-04
1.885166e-03,1.497584e-03,1.151202e-03,3.465341e-04,6.304729e-02,3.119848e-03,3.588479e-04,8.164217e-03,1.234800e-03,2.671338e-03,2.552280e-02,8.851197e-01,5.207352e-03,3.476965e-04,3.257043e-04
1.382513e-03,2.593403e-03,1.552321e-03,2.744670e-04,5.241995e-02,2.305093e-03,2.717776e-04,5.749545e-03,1.104375e-03,1.245789e-02,2.467204e-02,8.907404e-01,3.773322e-03,3.855097e-04,3.174199e-04
1.013412e-03,2.222449e-03,1.325573e-03,2.549244e-04,3.841513e-02,1.816235e-03,2.126859e-04,4.059585e-03,9.243485e-04,1.905694e-02,2.347599e-02,9.036985e-01,2.805080e-03,4.340924e-04,2.850974e-04
7.380988e-04,1.918392e-03,1.216254e-03,2.279064e-04,2.816726e-02,1.884542e-03,4.449719e-04,2.978190e-03,7.636983e-04,1.661118e-02,1.932118e-02,9.229934e-01,2.077932e-03,3.797191e-04,2.772640e-04
6.875591e-04,2.157882e-03,2.326119e-03,2.190724e-04,2.446414e-02,2.477131e-02,6.205756e-03,4.342084e-03,1.809731e-03,1.591774e-02,1.810469e-02,8.964012e-01,1.814326e-03,3.609011e-04,4.175501e-04
1.541242e-03,2.063379e-03,1.058920e-02,6.670915e-04,2.356091e-02,2.993440e-02,3.127516e-02,4.107784e-02,3.605827e-03,2.201626e-02,2.224575e-02,8.076007e-01,1.615057e-03,1.036118e-03,1.171115e-03
1.892018e-03,1.941574e-03,1.079034e-02,1.663335e-03,2.177840e-02,5.061103e-02,7.513906e-02,6.080944e-02,8.496220e-03,2.672353e-02,2.047675e-02,7.159708e-01,1.548610e-03,1.096379e-03,1.062528e-03
3.143042e-03,1.498988e-03,9.854397e-03,2.095405e-03,1.921057e-02,4.985031e-02,1.344739e-01,2.041579e-01,7.636420e-03,2.530895e-02,2.029518e-02,5.192462e-01,1.343674e-03,1.054992e-03,8.301346e-04
4.326480e-03,1.148793e-03,1.062745e-02,3.755303e-03,1.769792e-02,9.700873e-02,2.512540e-01,1.989537e-01,5.919025e-03,2.367015e-02,1.588058e-02,3.667493e-01,1.433003e-03,9.194501e-04,6.560548e-04
3.659452e-03,8.269543e-04,9.240550e-03,2.842180e-03,1.307603e-02,8.873454e-02,4.457301e-01,1.444321e-01,4.196898e-03,1.671413e-02,1.122734e-02,2.568786e-01,1.300805e-03,6.649295e-04,4.754147e-04
3.107006e-03,5.859056e-04,7.424030e-03,2.062531e-03,9.489468e-03,9.754831e-02,5.588458e-01,1.161108e-01,2.945199e-03,1.183520e-02,7.999293e-03,1.798888e-01,1.350295e-03,4.700692e-04,3.373588e-04
2.395836e-03,4.128298e-04,5.432275e-03,1.492157e-03,6.859538e-03,7.919662e-02,6.758052e-01,8.455174e-02,2.067737e-03,8.398619e-03,5.656526e-03,1.259710e-01,1.190504e-03,3.306288e-04,2.387629e-04
1.916023e-03,2.914661e-04,3.892355e-03,1.099050e-03,5.435472e-03,6.163344e-02,7.598814e-01,6.449770e-02,1.459498e-03,5.920013e-03,4.056287e-03,8.826791e-02,1.244002e-03,2.334783e-04,1.718768e-04
1.518682e-03,2.056871e-04,2.791064e-03,7.882932e-04,4.142883e-03,4.883445e-02,8.218804e-01,4.792110e-02,1.034019e-03,4.170878e-03,2.914648e-03,6.187585e-02,1.632995e-03,1.642003e-04,1.248254e-04
1.354493e-03,1.558864e-04,2.157476e-03,5.660520e-04,3.582117e-03,3.700665e-02,8.657511e-01,3.757661e-02,8.111504e-04,2.938183e-03,2.675378e-03,4.344303e-02,1.750287e-03,1.185758e-04,1.130170e-04
2.688345e-03,1.412337e-04,2.866840e-03,4.823076e-04,6.635039e-03,2.950132e-02,8.886738e-01,3.079114e-02,7.429236e-04,2.126194e-03,2.340391e-03,3.063299e-02,2.104308e-03,1.160169e-04,1.571558e-04
7.940974e-03,3.305177e-04,6.053679e-03,1.076693e-03,1.958545e-02,3.452330e-02,8.680838e-01,2.631356e-02,3.148496e-03,1.823929e-03,4.231824e-03,2.247879e-02,3.564578e-03,2.089520e-04,6.354115e-04
7.420309e-03,6.739150e-04,5.185497e-03,4.161907e-03,1.618676e-02,3.238430e-02,7.657338e-01,2.118281e-02,1.555454e-02,6.103769e-03,7.776511e-02,2.694867e-02,1.126291e-02,1.610377e-03,7.825332e-03
5.504087e-03,8.622903e-04,4.403671e-03,4.009410e-03,1.316218e-02,2.403230e-02,7.217569e-01,1.781539e-02,1.201454e-02,2.627498e-02,1.076147e-01,3.082575e-02,9.214104e-03,1.107836e-02,1.143132e-02
4.294375e-03,8.786548e-04,3.629762e-03,4.938097e-03,1.219982e-02,1.828129e-02,6.004252e-01,1.372299e-02,1.400868e-02,2.325594e-02,2.081010e-01,5.597803e-02,8.357422e-03,2.059241e-02,1.133636e-02
3.442236e-03,7.759372e-04,3.226138e-03,5.845764e-03,9.813163e-03,1.430997e-02,4.950317e-01,1.074020e-02,1.285129e-02,1.825200e-02,2.918794e-01,6.338681e-02,7.595512e-03,5.276821e-02,1.008166e-02
3.016833e-03,7.946565e-04,2.922035e-03,8.261962e-03,8.969137e-03,1.284678e-02,3.750070e-01,8.488976e-03,1.244343e-02,1.514608e-02,3.931380e-01,7.817260e-02,6.992159e-03,6.539304e-02,8.407295e-03
3.473856e-03,1.089471e-02,3.662823e-03,6.924126e-03,1.613832e-02,1.144104e-02,2.644691e-01,6.469188e-03,1.158179e-02,1.182566e-02,4.947571e-01,8.458251e-02,6.090140e-03,6.144761e-02,6.242022e-03
4.584450e-03,9.326641e-03,4.019725e-03,5.871839e-03,1.715664e-02,1.042816e-02,1.864552e-01,5.678039e-03,1.285267e-02,9.059123e-03,5.619344e-01,9.120185e-02,5.105155e-03,7.183173e-02,4.494451e-03
3.697732e-03,8.830994e-03,3.561513e-03,4.670762e-03,1.785686e-02,8.556987e-03,1.306506e-01,4.334664e-03,1.213232e-02,7.442807e-03,6.358962e-01,8.617640e-02,4.195280e-03,6.873585e-02,3.261089e-03
3.193023e-03,7.471016e-03,3.115205e-03,4.546480e-03,2.241900e-02,1.007914e-02,9.223717e-02,3.392771e-03,1.501842e-02,1.246258e-02,6.331421e-01,1.113065e-01,3.632097e-03,7.522091e-02,2.763584e-03
2.923975e-03,1.373331e-02,4.562207e-03,4.131525e-03,5.534103e-02,8.328333e-03,6.502961e-02,2.703434e-03,2.256719e-02,2.503018e-02,5.706000e-01,1.245591e-01,3.406312e-03,9.372278e-02,3.361004e-03
2.287650e-03,1.855658e-02,5.796101e-03,3.692200e-03,1.450518e-01,6.752458e-03,4.578882e-02,2.257687e-03,2.498412e-02,2.924796e-02,5.039054e-01,1.170824e-01,3.109414e-03,8.889447e-02,2.592922e-03
2.521493e-03,3.056098e-02,1.264022e-02,3.825422e-03,2.238416e-01,7.580441e-03,3.244143e-02,2.611943e-03,3.249908e-02,2.660909e-02,4.255095e-01,1.046031e-01,3.435473e-03,8.933147e-02,1.988834e-03
2.631842e-03,2.416658e-02,1.847887e-02,3.774158e-03,1.853077e-01,1.618818e-02,2.327998e-02,5.631527e-03,3.503438e-02,2.823626e-02,4.638805e-01,8.705909e-02,5.833955e-03,9.879102e-02,1.705926e-03
4.763298e-03,2.592850e-02,2.443120e-02,4.324603e-03,1.424968e-01,4.595718e-02,1.734135e-02,1.086854e-02,4.819304e-02,2.427243e-02,4.532316e-01,8.097713e-02,6.850489e-03,1.083160e-01,2.047887e-03
7.232101e-03,6.261826e-02,3.901616e-02,3.983934e-03,1.236398e-01,5.674776e-02,1.319910e-02,1.103491e-02,7.926354e-02,2.659032e-02,4.162270e-01,6.421456e-02,6.452215e-03,8.724421e-02,2.536064e-03
1.182454e-02,4.901288e-02,6.879222e-02,6.308012e-03,9.975259e-02,5.175497e-02,1.008732e-02,1.664042e-01,7.473621e-02,2.069237e-02,3.180453e-01,4.869171e-02,5.310913e-03,6.648984e-02,2.096929e-03
1.438801e-02,4.557322e-02,6.188470e-02,8.687144e-03,9.183347e-02,7.730056e-02,8.230336e-03,1.658057e-01,1.304916e-01,1.801430e-02,2.633487e-01,3.904091e-02,4.495582e-03,6.897405e-02,1.931756e-03
1.955902e-02,3.341601e-02,5.448917e-02,2.799076e-02,8.296648e-02,5.586107e-02,6.637865e-03,3.139470e-01,1.034484e-01,1.855721e-02,1.936330e-01,2.867157e-02,4.069038e-03,5.529452e-02,1.459032e-03
3.801599e-02,3.601033e-02,5.937266e-02,3.192373e-02,1.197714e-01,4.906435e-02,1.414723e-02,2.531539e-01,1.392546e-01,2.636445e-02,1.602821e-01,2.370403e-02,4.112378e-03,4.320747e-02,1.615333e-03
4.109851e-02,2.929811e-02,5.647903e-02,3.521805e-02,1.587574e-01,6.770247e-02,7.055095e-02,2.063922e-01,1.348765e-01,2.049416e-02,1.212371e-01,1.888949e-02,4.628507e-03,3.298317e-02,1.394383e-03
3.454370e-02,2.205409e-02,4.592244e-02,2.633063e-02,1.330812e-01,5.178765e-02,2.786880e-01,1.578822e-01,1.048312e-01,1.522530e-02,8.604338e-02,1.353752e-02,5.193451e-03,2.375093e-02,1.128374e-03
2.594735e-02,1.577944e-02,3.314694e-02,1.865468e-02,9.721902e-02,3.734143e-02,4.776037e-01,1.165240e-01,7.501194e-02,1.096904e-02,6.055196e-02,9.588005e-03,3.922008e-03,1.689590e-02,8.446493e-04
2.018978e-02,1.122451e-02,2.362948e-02,1.321476e-02,6.936371e-02,2.655290e-02,6.154294e-01,9.243636e-02,5.479542e-02,7.946276e-03,4.267753e-02,6.999001e-03,2.893079e-03,1.203282e-02,6.150113e-04
1.479187e-02,7.925755e-03,1.660294e-02,9.282771e-03,4.878411e-02,1.890760e-02,7.198628e-01,7.316983e-02,3.928679e-02,5.576853e-03,2.990319e-02,4.921728e-03,2.094155e-03,8.447142e-03,4.424432e-04
1.070038e-02,5.645212e-03,1.169298e-02,6.513149e-03,3.430625e-02,1.374739e-02,7.938564e-01,5.936627e-02,2.797469e-02,3.921492e-03,2.098557e-02,3.466233e-03,1.576570e-03,5.924860e-03,3.225673e-04
7.952991e-03,3.995725e-03,8.266450e-03,4.582699e-03,2.450638e-02,9.992708e-03,8.394020e-01,5.552427e-02,2.020296e-02,2.752514e-03,1.473186e-02,2.453913e-03,1.247369e-03,4.150994e-03,2.372554e-04
5.838130e-03,2.802692e-03,5.833398e-03,3.217116e-03,1.730136e-02,7.368723e-03,8.795969e-01,4.572564e-02,1.429451e-02,1.928666e-03,1.032153e-02,1.738814e-03,9.561198e-04,2.907114e-03,1.692708e-04
4.343621e-03,1.969994e-03,4.125207e-03,2.254257e-03,1.220427e-02,5.583795e-03,9.093753e-01,3.723798e-02,1.006537e-02,1.354642e-03,7.233658e-03,1.227369e-03,8.597135e-04,2.039250e-03,1.255087e-04
3.553781e-03,1.389900e-03,2.939433e-03,1.583333e-03,8.777950e-03,4.468593e-03,9.300165e-01,3.087484e-02,7.157194e-03,9.549143e-04,5.082191e-03,8.722531e-04,7.963240e-04,1.432611e-03,1.001249e-04
2.849984e-03,9.847254e-04,2.114625e-03,1.114039e-03,6.375903e-03,4.134634e-03,9.467220e-01,2.378374e-02,5.036434e-03,6.853729e-04,3.660693e-03,6.579327e-04,7.298653e-04,1.016128e-03,1.338365e-04
2.492341e-03,6.970965e-04,1.548977e-03,7.905404e-04,4.653118e-03,5.247256e-03,9.567826e-01,1.872611e-02,3.542765e-03,5.023038e-04,2.815965e-03,5.204887e-04,7.552750e-04,7.212397e-04,2.038533e-04
2.224042e-03,4.932760e-04,1.121477e-03,5.592449e-04,3.338514e-03,5.753844e-03,9.630870e-01,1.443885e-02,2.510144e-03,4.008246e-04,3.000002e-03,6.210199e-04,9.098795e-04,5.258639e-04,1.016002e-03
2.911288e-03,4.022322e-04,1.027904e-03,4.180396e-04,2.688553e-03,5.503105e-03,8.868429e-01,2.356170e-02,2.045680e-03,2.562756e-03,2.428526e-02,2.557364e-03,1.105351e-03,3.766842e-02,6.419344e-03
3.673073e-03,3.351649e-04,1.157081e-03,4.237411e-04,2.891455e-03,5.006946e-03,7.715125e-01,1.908290e-02,1.661927e-03,9.940290e-03,1.087317e-01,3.517615e-02,1.620069e-03,3.373120e-02,5.055642e-03
4.235224e-03,3.791103e-04,1.127825e-03,5.543483e-04,3.866175e-03,4.296175e-03,6.783204e-01,1.509737e-02,1.403077e-03,8.855489e-03,1.540837e-01,9.565917e-02,1.671101e-03,2.654128e-02,3.909424e-03
4.306229e-03,6.143983e-04,1.010027e-03,8.285161e-04,3.426828e-03,5.845756e-03,4.911425e-01,1.176422e-02,1.446915e-03,6.886392e-03,1.495125e-01,2.982287e-01,1.791595e-03,1.987635e-02,3.318956e-03
3.430993e-03,1.295944e-03,9.893199e-04,7.292404e-04,2.977321e-03,4.835432e-03,3.642727e-01,9.025290e-03,1.324897e-03,6.523236e-03,1.986280e-01,3.853714e-01,1.658867e-03,1.634496e-02,2.592230e-03
2.611728e-03,1.395413e-03,9.342311e-04,5.450518e-04,2.962333e-03,3.586333e-03,2.558095e-01,6.634753e-03,2.636239e-03,4.890229e-03,2.680387e-01,4.283178e-01,1.259786e-03,1.852159e-02,1.856254e-03
1.955793e-03,2.207534e-03,8.937097e-04,4.180618e-04,3.882187e-03,2.714035e-03,1.796859e-01,4.992029e-03,4.583568e-03,3.630427e-03,2.986251e-01,4.754247e-01,9.863166e-04,1.867726e-02,1.323348e-03
1.580077e-03,3.644698e-03,1.096588e-03,3.798295e-04,5.468942e-03,2.266689e-03,1.261472e-01,4.322547e-03,6.837006e-03,2.678768e-03,3.050108e-01,5.220544e-01,8.820643e-04,1.668208e-02,9.483161e-04
1.204025e-03,3.626051e-03,1.323201e-03,4.922749e-04,6.847876e-03,2.356478e-03,8.841090e-02,3.187479e-03,6.863361e-03,2.070013e-03,3.211880e-01,5.434314e-01,1.052198e-03,1.725939e-02,6.873626e-04
8.979618e-04,3.728613e-03,1.136675e-03,4.787395e-04,6.779485e-03,2.153602e-03,6.193075e-02,2.275934e-03,1.022246e-02,1.780203e-03,3.704326e-01,5.145583e-01,1.243089e-03,2.187108e-02,5.105232e-04
6.464925e-04,5.898136e-03,3.007293e-03,9.275191e-04,8.989953e-03,1.757797e-03,4.337088e-02,1.624651e-03,2.073536e-02,2.326442e-03,4.367885e-01,4.408274e-01,9.491413e-04,3.126709e-02,8.833456e-04
4.744392e-04,5.130031e-03,5.812584e-03,2.250102e-03,1.076536e-02,1.409593e-03,3.037090e-02,1.195937e-03,7.578860e-02,3.780320e-03,4.949326e-01,3.321817e-01,7.092515e-04,3.355219e-02,1.646371e-03
3.940558e-04,4.435890e-03,1.073547e-02,6.361222e-03,1.079469e-02,1.655226e-03,2.128171e-02,1.220614e-03,2.514622e-01,4.541602e-03,4.156343e-01,2.374757e-01,5.424565e-04,3.149332e-02,1.971507e-03
6.653382e-04,3.503466e-03,7.591069e-02,1.054179e-02,9.382250e-03,1.333546e-02,1.519654e-02,2.979279e-02,3.347976e-01,7.154050e-03,3.031547e-01,1.669935e-01,4.473869e-04,2.704080e-02,2.083587e-03
5.383209e-04,2.651476e-03,2.308073e-01,2.218151e-02,6.818231e-03,1.070116e-02,1.064062e-02,2.215726e-02,3.300137e-01,1.026283e-02,2.138013e-01,1.169290e-01,3.283562e-04,1.903245e-02,3.136531e-03
8.249128e-04,3.244729e-03,3.231480e-01,3.373837e-02,6.757819e-03,1.099955e-02,7.467255e-03,1.639562e-02,2.968579e-01,2.142713e-02,1.660737e-01,8.203817e-02,4.512189e-04,1.409628e-02,1.647931e-02
8.663150e-03,1.970284e-02,2.943912e-01,3.289400e-02,8.434550e-03,9.884466e-03,5.250826e-03,1.261227e-02,3.449661e-01,2.712156e-02,1.365899e-01,5.756033e-02,5.113695e-04,1.170457e-02,2.971301e-02
7.415245e-03,2.257033e-02,2.613184e-01,5.714229e-02,9.431493e-03,8.175774e-03,3.706366e-03,1.017188e-02,4.028255e-01,4.118260e-02,9.754102e-02,4.041477e-02,5.613633e-04,8.305390e-03,2.923767e-02
6.136912e-03,2.323390e-02,2.487724e-01,1.106336e-01,1.068869e-02,6.535659e-03,2.615227e-03,8.059106e-03,4.065585e-01,4.151066e-02,6.960934e-02,2.839236e-02,5.558693e-04,5.901747e-03,3.079611e-02
5.623968e-03,2.922103e-02,2.474081e-01,9.850116e-02,1.028616e-02,6.256824e-03,1.851171e-03,6.529683e-03,4.185148e-01,5.546176e-02,5.105463e-02,1.994809e-02,5.157439e-04,4.583232e-03,4.424364e-02
3.060130e-02,8.077491e-02,2.618071e-01,7.925647e-02,1.132703e-02,9.245783e-03,1.334100e-03,7.191672e-03,3.433422e-01,4.381754e-02,3.742841e-02,1.405636e-02,5.149803e-04,6.519883e-03,7.278230e-02
4.319596e-02,1.163175e-01,2.705795e-01,5.899362e-02,1.032992e-02,8.111025e-03,1.029750e-03,9.523321e-03,2.674355e-01,3.588367e-02,2.796090e-02,9.972076e-03,8.248096e-04,8.474137e-03,1.313684e-01
3.671144e-02,1.170760e-01,2.489031e-01,6.375636e-02,1.644566e-02,6.769299e-03,8.781975e-04,1.060279e-02,2.065154e-01,2.846469e-02,2.039402e-02,7.321577e-03,1.241333e-03,6.548830e-03,2.283713e-01
4.635707e-02,1.467487e-01,2.573145e-01,7.237343e-02,3.559142e-02,1.192878e-02,1.309860e-03,1.468588e-02,1.546221e-01,2.317967e-02,1.516865e-02,5.443678e-03,1.401616e-03,5.705991e-03,2.081687e-01
3.268344e-02,2.659808e-01,2.040583e-01,7.410938e-02,2.537117e-02,8.459973e-03,9.392773e-04,1.032434e-02,1.148862e-01,2.098692e-02,2.287972e-02,7.418160e-03,2.357059e-03,4.646289e-03,2.048990e-01
2.301218e-02,3.124127e-01,1.996348e-01,7.770802e-02,2.253503e-02,8.364050e-03,9.799756e-04,7.626129e-03,9.136536e-02,2.808367e-02,4.343612e-02,1.932500e-02,2.512516e-03,8.009395e-03,1.549950e-01
1.643858e-02,2.278558e-01,1.434012e-01,6.514971e-02,1.612287e-02,6.004411e-03,6.945580e-04,5.390243e-03,6.438336e-02,2.018319e-02,2.113911e-01,9.864282e-02,5.033734e-03,1.052622e-02,1.087822e-01
1.173004e-02,1.624237e-01,1.059994e-01,4.742491e-02,1.191686e-02,4.893891e-03,5.052042e-04,3.791107e-03,4.526324e-02,1.445950e-02,1.828759e-01,3.191327e-01,5.443446e-03,7.932756e-03,7.620735e-02
8.284833e-03,1.138825e-01,7.488881e-02,3.374987e-02,1.079443e-02,3.687707e-03,3.680494e-04,2.667906e-03,3.185387e-02,1.035271e-02,1.390576e-01,5.068262e-01,4.284253e-03,5.921406e-03,5.337987e-02
5.855792e-03,7.991400e-02,5.259540e-02,2.466519e-02,1.688654e-02,2.783169e-03,2.748475e-04,1.910256e-03,2.275528e-02,8.449086e-03,1.359568e-01,6.006020e-01,3.899139e-03,6.027400e-03,3.742508e-02
4.257933e-03,5.653377e-02,3.751939e-02,1.781769e-02,3.159105e-02,2.735269e-03,2.125406e-04,1.477378e-03,1.865356e-02,6.456716e-03,1.088674e-01,6.782027e-01,3.697012e-03,5.581144e-03,2.639649e-02
3.176587e-03,3.965320e-02,2.649114e-02,1.293802e-02,4.074359e-02,2.240184e-03,1.713326e-04,1.481175e-03,1.413487e-02,6.020396e-03,8.798983e-02,7.380155e-01,3.343025e-03,5.091223e-03,1.850987e-02
2.367829e-03,2.789747e-02,1.869113e-02,9.560682e-03,4.004315e-02,2.111721e-03,2.250632e-04,1.244565e-03,1.078607e-02,4.815560e-03,6.707777e-02,7.954049e-01,2.591394e-03,4.188219e-03,1.299438e-02
2.400516e-03,2.052509e-02,1.385558e-02,7.049320e-03,9.342679e-02,3.063762e-03,8.444613e-04,3.821673e-03,1.209079e-02,8.097077e-03,6.090736e-02,7.546183e-01,3.029182e-03,6.925226e-03,9.344853e-03
4.648427e-03,1.475868e-02,1.043239e-02,5.748191e-03,1.655923e-01,8.543226e-03,1.522439e-03,3.618055e-02,1.139087e-02,1.156123e-02,6.427148e-02,6.480303e-01,3.603379e-03,7.075286e-03,6.641237e-03
4.545800e-03,1.049253e-02,7.480872e-03,4.176603e-03,1.424522e-01,9.182775e-03,1.343932e-03,2.919148e-02,9.903640e-03,1.034311e-02,6.023227e-02,6.957504e-01,4.358256e-03,5.846327e-03,4.699794e-03
4.241947e-03,7.987484e-03,5.628280e-03,3.015595e-03,1.611030e-01,8.233383e-03,3.013695e-03,2.903905e-02,2.784584e-02,8.239837e-03,4.890594e-02,6.789741e-01,5.740854e-03,4.694239e-03,3.336812e-03
5.204051e-03,6.130857e-03,4.217331e-03,2.215935e-03,1.902503e-01,1.303360e-02,4.302762e-03,2.918409e-02,4.926666e-02,7.750446e-03,4.610258e-02,6.279778e-01,8.255191e-03,3.724381e-03,2.384093e-03
5.274049e-03,5.048086e-03,3.286679e-03,1.681587e-03,2.607570e-01,1.223213e-02,5.482376e-03,2.745607e-02,1.556568e-01,5.569119e-03,3.425135e-02,4.712363e-01,7.661933e-03,2.721683e-03,1.684771e-03
4.588883e-03,4.048757e-03,2.429524e-03,1.235670e-03,2.746313e-01,1.110224e-02,5.958734e-03,2.206003e-02,2.999105e-01,3.935034e-03,2.465892e-02,3.358278e-01,6.472611e-03,1.949928e-03,1.190094e-03
4.983492e-03,3.189992e-03,2.249942e-03,1.151074e-03,3.203343e-01,1.284851e-02,8.556055e-03,3.644565e-02,3.387069e-01,2.973761e-03,1.802190e-02,2.419880e-01,6.096103e-03,1.534322e-03,9.200400e-04
5.954563e-03,2.623528e-03,3.211840e-03,3.181439e-03,3.150420e-01,2.701790e-02,7.029077e-03,3.735913e-02,4.066314e-01,2.158850e-03,1.303337e-02,1.703072e-01,4.677579e-03,1.098720e-03,6.733451e-04
9.244986e-03,2.790711e-03,3.218052e-03,4.195125e-03,2.893428e-01,2.987287e-02,6.926872e-03,3.711165e-02,4.698349e-01,1.675954e-03,9.733827e-03,1.220459e-01,1.240900e-02,8.259800e-04,7.712982e-04
1.319922e-02,3.360722e-03,5.095745e-03,1.406066e-02,2.744167e-01,2.502484e-02,7.257577e-03,4.276988e-02,5.028365e-01,1.425457e-03,8.588351e-03,8.775672e-02,1.212590e-02,6.320946e-04,1.449541e-03
1.834051e-02,7.744048e-03,7.636555e-03,1.943644e-02,2.394025e-01,2.629996e-02,8.382698e-03,4.378137e-02,5.221428e-01,1.491047e-03,1.080217e-02,6.471647e-02,2.632307e-02,5.290250e-04,2.971338e-03
2.222384e-02,1.134856e-02,1.433362e-02,3.588596e-02,2.021257e-01,2.247941e-02,7.561437e-03,4.379849e-02,5.495469e-01,2.255457e-03,1.176048e-02,4.828737e-02,2.301923e-02,4.602175e-04,4.913354e-03
2.984644e-02,1.359600e-02,1.210703e-02,4.537928e-02,1.836398e-01,2.033985e-02,5.847327e-03,5.281537e-02,5.620370e-01,3.043023e-03,1.128570e-02,3.570186e-02,1.788631e-02,4.562403e-04,6.018818e-03
3.742498e-02,1.457007e-02,9.241038e-03,3.920485e-02,1.600858e-01,3.583420e-02,4.847205e-03,4.329101e-02,5.894691e-01,2.757274e-03,9.988483e-03,2.617786e-02,1.935613e-02,3.912426e-04,7.360836e-03
3.691071e-02,1.521100e-02,9.799466e-03,3.848291e-02,1.424111e-01,9.795595e-02,5.387594e-03,4.488565e-02,5.404557e-01,2.651079e-03,8.951215e-03,1.919711e-02,2.787424e-02,3.828051e-04,9.443557e-03
3.638484e-02,2.470142e-02,8.405624e-03,3.455010e-02,1.104636e-01,1.589017e-01,4.950872e-03,3.485649e-02,4.697768e-01,3.314855e-03,8.452397e-03,1.567617e-02,6.552628e-02,7.264955e-04,2.331238e-02
3.133189e-02,3.526790e-02,6.755778e-03,3.218396e-02,8.140539e-02,2.443381e-01,3.966662e-03,2.608652e-02,4.185555e-01,3.529200e-03,9.332458e-03,1.307027e-02,6.305227e-02,1.130444e-03,2.999376e-02
2.938826e-02,6.303833e-02,5.256644e-03,3.392198e-02,5.826895e-02,2.279824e-01,3.016757e-03,1.888042e-02,3.841660e-01,4.457435e-03,1.174498e-02,1.336679e-02,7.767487e-02,2.504857e-03,6.633142e-02
3.865296e-02,6.405158e-02,4.339457e-03,3.478335e-02,4.302392e-02,2.193213e-01,2.464645e-03,1.399856e-02,3.177932e-01,5.323386e-03,1.871850e-02,1.929936e-02,9.783739e-02,6.085479e-03,1.143070e-01
3.414980e-02,1.493489e-01,3.612670e-03,3.215477e-02,3.069249e-02,1.571725e-01,1.759273e-03,9.954260e-03,3.096327e-01,6.275770e-03,2.140937e-02,2.500701e-02,8.251947e-02,1.417197e-02,1.221390e-01
6.811869e-02,1.491481e-01,3.049986e-03,2.932225e-02,2.230493e-02,1.140393e-01,1.380413e-03,7.505996e-03,2.524231e-01,6.322789e-03,2.801591e-02,6.823468e-02,1.086831e-01,3.506785e-02,1.063829e-01
1.063863e-01,1.080325e-01,3.506088e-03,3.176844e-02,1.745991e-02,8.607399e-02,3.014604e-03,6.492087e-03,2.083799e-01,7.041974e-03,3.901956e-02,1.123139e-01,1.543251e-01,3.355142e-02,8.263426e-02
1.432079e-01,7.966951e-02,1.113192e-02,2.547156e-02,1.407770e-02,6.626522e-02,3.313417e-03,5.454367e-03,1.608538e-01,9.705611e-03,4.857691e-02,1.863856e-01,1.276388e-01,4.436515e-02,7.388253e-02
1.576618e-01,5.865607e-02,9.029031e-03,1.848887e-02,1.095218e-02,4.954433e-02,2.937072e-03,4.271522e-03,1.362091e-01,9.908522e-03,4.311260e-02,2.827173e-01,1.181143e-01,4.405376e-02,5.434361e-02
1.120076e-01,4.400619e-02,6.808212e-03,1.299219e-02,8.402040e-03,3.738212e-02,2.694026e-03,3.073828e-03,1.253030e-01,9.187368e-03,4.162630e-02,4.276855e-01,9.633176e-02,3.202961e-02,4.047021e-02
7.917388e-02,3.318007e-02,5.049486e-03,9.121539e-03,6.325948e-03,2.809274e-02,2.294798e-03,2.201552e-03,1.072177e-01,9.541715e-03,4.468615e-02,5.458123e-01,7.513405e-02,2.298148e-02,2.918653e-02
5.582485e-02,2.432344e-02,3.617851e-03,6.392806e-03,4.706018e-03,2.045219e-02,1.837379e-03,1.565266e-03,9.536478e-02,8.837301e-03,5.583991e-02,6.248378e-01,5.877190e-02,1.630977e-02,2.131873e-02
3.950889e-02,1.799423e-02,2.603716e-03,4.518355e-03,4.530809e-03,1.467741e-02,1.809316e-03,1.221702e-03,1.726074e-01,7.210325e-03,4.338444e-02,6.126869e-01,5.024112e-02,1.160385e-02,1.540145e-02
2.819067e-02,1.448710e-02,2.624497e-03,3.253687e-03,4.835178e-03,1.085493e-02,1.487475e-03,1.515469e-03,2.499474e-01,7.205335e-03,3.432552e-02,5.800005e-01,4.175819e-02,8.315489e-03,1.119857e-02
2.050662e-02,1.223510e-02,2.236551e-03,2.384901e-03,3.855504e-03,7.947819e-03,1.067709e-03,1.300306e-03,2.332785e-01,8.911930e-03,3.214940e-02,6.291730e-01,3.072729e-02,6.209542e-03,8.015849e-03
1.824800e-02,1.247846e-02,2.010875e-03,1.810695e-03,4.628115e-03,6.334485e-03,9.368001e-04,2.779049e-03,2.781421e-01,9.111878e-03,2.749381e-02,6.020690e-01,2.368168e-02,4.530532e-03,5.744584e-03
1.646020e-02,1.160637e-02,1.790693e-03,1.416588e-03,4.095775e-03,4.870781e-03,8.856120e-04,4.876055e-03,2.699456e-01,9.850455e-03,2.445980e-02,6.244155e-01,1.781682e-02,3.368206e-03,4.141568e-03
1.768589e-02,1.209511e-02,2.210970e-03,1.379485e-03,7.972275e-03,4.769408e-03,1.108616e-03,8.622596e-03,3.454440e-01,9.883149e-03,2.091040e-02,5.476987e-01,1.467457e-02,2.551766e-03,2.992999e-03
1.669809e-02,1.250635e-02,1.798003e-03,1.131786e-03,8.141585e-03,8.455840e-03,2.118331e-03,9.580943e-03,3.960137e-01,1.059988e-02,1.827089e-02,4.988313e-01,1.140350e-02,2.235625e-03,2.214143e-03
2.034656e-02,1.857236e-02,2.597667e-03,1.323210e-03,1.432206e-02,2.410164e-02,2.893294e-03,1.784588e-02,4.712646e-01,9.677676e-03,1.528947e-02,3.874829e-01,1.013248e-02,2.261216e-03,1.888962e-03
2.555749e-02,2.495986e-02,2.918181e-03,1.443751e-03,2.249320e-02,3.558603e-02,2.745185e-03,2.820345e-02,5.280617e-01,1.067052e-02,1.537948e-02,2.896028e-01,8.351559e-03,2.297572e-03,1.729214e-03
3.913014e-02,2.827650e-02,6.802538e-03,2.420973e-03,4.089809e-02,4.352834e-02,2.948273e-03,7.565016e-02,5.206691e-01,1.000204e-02,1.166708e-02,2.063537e-01,7.113187e-03,2.744713e-03,1.795145e-03
6.664743e-02,3.237003e-02,6.506171e-03,3.470827e-03,4.604585e-02,8.826903e-02,2.832475e-03,8.318004e-02,4.922836e-01,8.582207e-03,9.366680e-03,1.475424e-01,6.400205e-03,4.068331e-03,2.434686e-03
1.137232e-01,3.361610e-02,5.897577e-03,5.630689e-03,4.652117e-02,1.111038e-01,2.232001e-03,1.049732e-01,4.315604e-01,1.443054e-02,8.459855e-03,1.059964e-01,5.412094e-03,5.772689e-03,4.670247e-03
1.502404e-01,3.890772e-02,5.220354e-03,6.626019e-03,4.901823e-02,1.113861e-01,1.913664e-03,9.345343e-02,4.167806e-01,2.239060e-02,9.148453e-03,7.532021e-02,4.562343e-03,8.170426e-03,6.861338e-03
1.448046e-01,4.009859e-02,4.048980e-03,5.657773e-03,4.051302e-02,1.074364e-01,1.493292e-03,6.872506e-02,4.775059e-01,2.536170e-02,8.115932e-03,5.338672e-02,4.036284e-03,1.034845e-02,8.467159e-03
1.480624e-01,5.270723e-02,3.615371e-03,8.008001e-03,3.856489e-02,1.120250e-01,1.439645e-03,6.798875e-02,4.539506e-01,3.333979e-02,1.221283e-02,4.069411e-02,3.512896e-03,1.481904e-02,9.059446e-03
1.480053e-01,6.613533e-02,3.058022e-03,9.041070e-03,3.080868e-02,1.152643e-01,1.216707e-03,5.135093e-02,3.991370e-01,6.571767e-02,2.258539e-02,3.434079e-02,3.033129e-03,4.059117e-02,9.714461e-03
1.685920e-01,7.467816e-02,2.471044e-03,1.135065e-02,2.563693e-02,1.406050e-01,1.253176e-03,3.893009e-02,3.490407e-01,6.771265e-02,2.394760e-02,2.951819e-02,3.181906e-03,5.131026e-02,1.177168e-02
2.769864e-01,5.932494e-02,2.832484e-03,3.628033e-02,2.396413e-02,1.088161e-01,2.219727e-03,3.475402e-02,2.814119e-01,5.618499e-02,2.002900e-02,3.345712e-02,5.724594e-03,4.152212e-02,1.649204e-02
3.818439e-01,5.418336e-02,2.338885e-03,3.198085e-02,1.826079e-02,9.856635e-02,1.898825e-03,2.589945e-02,2.313541e-01,4.661493e-02,1.766117e-02,3.030892e-02,5.231237e-03,3.628529e-02,1.757191e-02
1.000000e+00,0.000000e+00,0.000000e+00,0.000000e+00,0.000000e+00,0.000000e+00,0.000000e+00,0.000000e+00,0.000000e+00,0.000000e+00,0.000000e+00,0.000000e+00,0.000000e+00,0.000000e+00,0.000000e+00
1.000000e+00,0.000000e+00,0.000000e+00,0.000000e+00,0.000000e+00,0.000000e+00,0.000000e+00,0.000000e+00,0.000000e+00,0.000000e+00,0.000000e+00,0.000000e+00,0.000000e+00,0.000000e+00,0.000000e+00
1.000000e+00,0.000000e+00,0.000000e+00,0.000000e+00,0.000000e+00,0.000000e+00,0.000000e+00,0.000000e+00,0.000000e+00,0.000000e+00,0.000000e+00,0.000000e+00,0.000000e+00,0.000000e+00,0.000000e+00
1.000000e+00,0.000000e+00,0.000000e+00,0.000000e+00,0.000000e+00,0.000000e+00,0.000000e+00,0.000000e+00,0.000000e+00,0.000000e+00,0.000000e+00,0.000000e+00,0.000000e+00,0.000000e+00,0.000000e+00
1.000000e+00,0.000000e+00,0.000000e+00,0.000000e+00,0.000000e+00,0.000000e+00,0.000000e+00,0.000000e+00,0.000000e+00,0.000000e+00,0.000000e+00,0.000000e+00,0.000000e+00,0.000000e+00,0.000000e+00
1.000000e+00,0.000000e+00,0.000000e+00,0.000000e+00,0.000000e+00,0.000000e+00,0.000000e+00,0.000000e+00,0.000000e+00,0.000000e+00,0.000000e+00,0.000000e+00,0.000000e+00,0.000000e+00,0.000000e+00
1.000000e+00,0.000000e+00,0.000000e+00,0.000000e+00,0.000000e+00,0.000000e+00,0.000000e+00,0.000000e+00,0.000000e+00,0.000000e+00,0.000000e+00,0.000000e+00,0.000000e+00,0.000000e+00,0.000000e+00
1.000000e+00,0.000000e+00,0.000000e+00,0.000000e+00,0.000000e+00,0.000000e+00,0.000000e+00,0.000000e+00,0.000000e+00,0.000000e+00,0.000000e+00,0.000000e+00,0.000000e+00,0.000000e+00,0.000000e+00
1.000000e+00,0.000000e+00,0.000000e+00,0.000000e+00,0.000000e+00,0.000000e+00,0.000000e+00,0.000000e+00,0.000000e+00,0.000000e+00,0.000000e+00,0.000000e+00,0.000000e+00,0.000000e+00,0.000000e+00
1.000000e+00,0.000000e+00,0.000000e+00,0.000000e+00,0.000000e+00,0.000000e+00,0.000000e+00,0.000000e+00,0.000000e+00,0.000000e+00,0.000000e+00,0.000000e+00,0.000000e+00,0.000000e+00,0.000000e+00
1.000000e+00,0.000000e+00,0.000000e+00,0.000000e+00,0.000000e+00,0.000000e+00,0.000000e+00,0.000000e+00,0.000000e+00,0.000000e+00,0.000000e+00,0.000000e+00,0.000000e+00,0.000000e+00,0.000000e+00
1.000000e+00,0.000000e+00,0.000000e+00,0.000000e+00,0.000000e+00,0.000000e+00,0.000000e+00,0.000000e+00,0.000000e+00,0.000000e+00,0.000000e+00,0.000000e+00,0.000000e+00,0.000000e+00,0.000000e+00
1.000000e+00,0.000000e+00,0.000000e+00,0.000000e+00,0.000000e+00,0.000000e+00,0.000000e+00,0.000000e+00,0.000000e+00,0.000000e+00,0.000000e+00,0.000000e+00,0.000000e+00,0.000000e+00,0.000000e+00
4.577816e-01,2.859436e-02,1.625026e-02,2.929901e-01,1.710655e-02,1.593587e-02,5.643695e-03,2.756252e-02,2.174563e-02,4.392092e-03,1.429781e-02,5.701862e-02,1.979595e-02,4.226251e-03,1.665873e-02
3.371167e-01,2.514189e-02,2.241252e-02,4.411449e-01,1.252250e-02,1.160101e-02,4.076889e-03,2.040820e-02,1.858695e-02,7.434248e-03,2.108476e-02,4.099973e-02,1.554886e-02,3.142284e-03,1.877861e-02
