1.000000e+00,0.000000e+00,0.000000e+00,0.000000e+00,0.000000e+00,0.000000e+00,0.000000e+00,0.000000e+00,0.000000e+00,0.000000e+00,0.000000e+00,0.000000e+00,0.000000e+00,0.000000e+00,0.000000e+00
1.000000e+00,0.000000e+00,0.000000e+00,0.000000e+00,0.000000e+00,0.000000e+00,0.000000e+00,0.000000e+00,0.000000e+00,0.000000e+00,0.000000e+00,0.000000e+00,0.000000e+00,0.000000e+00,0.000000e+00
1.000000e+00,0.000000e+00,0.000000e+00,0.000000e+00,0.000000e+00,0.000000e+00,0.000000e+00,0.000000e+00,0.000000e+00,0.000000e+00,0.000000e+00,0.000000e+00,0.000000e+00,0.000000e+00,0.000000e+00
1.000000e+00,0.000000e+00,0.000000e+00,0.000000e+00,0.000000e+00,0.000000e+00,0.000000e+00,0.000000e+00,0.000000e+00,0.000000e+00,0.000000e+00,0.000000e+00,0.000000e+00,0.000000e+00,0.000000e+00
1.000000e+00,0.000000e+00,0.000000e+00,0.000000e+00,0.000000e+00,0.000000e+00,0.000000e+00,0.000000e+00,0.000000e+00,0.000000e+00,0.000000e+00,0.000000e+00,0.000000e+00,0.000000e+00,0.000000e+00
1.000000e+00,0.000000e+00,0.000000e+00,0.000000e+00,0.000000e+00,0.000000e+00,0.000000e+00,0.000000e+00,0.000000e+00,0.000000e+00,0.000000e+00,0.000000e+00,0.000000e+00,0.000000e+00,0.000000e+00
1.000000e+00,0.000000e+00,0.000000e+00,0.000000e+00,0.000000e+00,0.000000e+00,0.000000e+00,0.000000e+00,0.000000e+00,0.000000e+00,0.000000e+00,0.000000e+00,0.000000e+00,0.000000e+00,0.000000e+00
1.000000e+00,0.000000e+00,0.000000e+00,0.000000e+00,0.000000e+00,0.000000e+00,0.000000e+00,0.000000e+00,0.000000e+00,0.000000e+00,0.000000e+00,0.000000e+00,0.000000e+00,0.000000e+00,0.000000e+00
1.000000e+00,0.000000e+00,0.000000e+00,0.000000e+00,0.000000e+00,0.000000e+00,0.000000e+00,0.000000e+00,0.000000e+00,0.000000e+00,0.000000e+00,0.000000e+00,0.000000e+00,0.000000e+00,0.000000e+00
1.000000e+00,0.000000e+00,0.000000e+00,0.000000e+00,0.000000e+00,0.000000e+00,0.000000e+00,0.000000e+00,0.000000e+00,0.000000e+00,0.000000e+00,0.000000e+00,0.000000e+00,0.000000e+00,0.000000e+00
1.000000e+00,0.000000e+00,0.000000e+00,0.000000e+00,0.000000e+00,0.000000e+00,0.000000e+00,0.000000e+00,0.000000e+00,0.000000e+00,0.000000e+00,0.000000e+00,0.000000e+00,0.000000e+00,0.000000e+00
1.000000e+00,0.000000e+00,0.000000e+00,0.000000e+00,0.000000e+00,0.000000e+00,0.000000e+00,0.000000e+00,0.000000e+00,0.000000e+00,0.000000e+00,0.000000e+00,0.000000e+00,0.000000e+00,0.000000e+00
1.000000e+00,0.000000e+00,0.000000e+00,0.000000e+00,0.000000e+00,0.000000e+00,0.000000e+00,0.000000e+00,0.000000e+00,0.000000e+00,0.000000e+00,0.000000e+00,0.000000e+00,0.000000e+00,0.000000e+00
1.000000e+00,0.000000e+00,0.000000e+00,0.000000e+00,0.000000e+00,0.000000e+00,0.000000e+00,0.000000e+00,0.000000e+00,0.000000e+00,0.000000e+00,0.000000e+00,0.000000e+00,0.000000e+00,0.000000e+00
1.000000e+00,0.000000e+00,0.000000e+00,0.000000e+00,0.000000e+00,0.000000e+00,0.000000e+00,0.000000e+00,0.000000e+00,0.000000e+00,0.000000e+00,0.000000e+00,0.000000e+00,0.000000e+00,0.000000e+00
1.000000e+00,0.000000e+00,0.000000e+00,0.000000e+00,0.000000e+00,0.000000e+00,0.000000e+00,0.000000e+00,0.000000e+00,0.000000e+00,0.000000e+00,0.000000e+00,0.000000e+00,0.000000e+00,0.000000e+00
1.000000e+00,0.000000e+00,0.000000e+00,0.000000e+00,0.000000e+00,0.000000e+00,0.000000e+00,0.000000e+00,0.000000e+00,0.000000e+00,0.000000e+00,0.000000e+00,0.000000e+00,0.000000e+00,0.000000e+00
1.000000e+00,0.000000e+00,0.000000e+00,0.000000e+00,0.000000e+00,0.000000e+00,0.000000e+00,0.000000e+00,0.000000e+00,0.000000e+00,0.000000e+00,0.000000e+00,0.000000e+00,0.000000e+00,0.000000e+00
1.000000e+00,0.000000e+00,0.000000e+00,0.000000e+00,0.000000e+00,0.000000e+00,0.000000e+00,0.000000e+00,0.000000e+00,0.000000e+00,0.000000e+00,0.000000e+00,0.000000e+00,0.000000e+00,0.000000e+00
1.000000e+00,0.000000e+00,0.000000e+00,0.000000e+00,0.000000e+00,0.000000e+00,0.000000e+00,0.000000e+00,0.000000e+00,0.000000e+00,0.000000e+00,0.000000e+00,0.000000e+00,0.000000e+00,0.000000e+00
1.000000e+00,0.000000e+00,0.000000e+00,0.000000e+00,0.000000e+00,0.000000e+00,0.000000e+00,0.000000e+00,0.000000e+00,0.000000e+00,0.000000e+00,0.000000e+00,0.000000e+00,0.000000e+00,0.000000e+00
1.000000e+00,0.000000e+00,0.000000e+00,0.000000e+00,0.000000e+00,0.000000e+00,0.000000e+00,0.000000e+00,0.000000e+00,0.000000e+00,0.000000e+00,0.000000e+00,0.000000e+00,0.000000e+00,0.000000e+00
1.000000e+00,0.000000e+00,0.000000e+00,0.000000e+00,0.000000e+00,0.000000e+00,0.000000e+00,0.000000e+00,0.000000e+00,0.000000e+00,0.000000e+00,0.000000e+00,0.000000e+00,0.000000e+00,0.000000e+00
1.000000e+00,0.000000e+00,0.000000e+00,0.000000e+00,0.000000e+00,0.000000e+00,0.000000e+00,0.000000e+00,0.000000e+00,0.000000e+00,0.000000e+00,0.000000e+00,0.000000e+00,0.000000e+00,0.000000e+00
1.000000e+00,0.000000e+00,0.000000e+00,0.000000e+00,0.000000e+00,0.000000e+00,0.000000e+00,0.000000e+00,0.000000e+00,0.000000e+00,0.000000e+00,0.000000e+00,0.000000e+00,0.000000e+00,0.000000e+00
1.000000e+00,0.000000e+00,0.000000e+00,0.000000e+00,0.000000e+00,0.000000e+00,0.000000e+00,0.000000e+00,0.000000e+00,0.000000e+00,0.000000e+00,0.000000e+00,0.000000e+00,0.000000e+00,0.000000e+00
1.000000e+00,0.000000e+00,0.000000e+00,0.000000e+00,0.000000e+00,0.000000e+00,0.000000e+00,0.000000e+00,0.000000e+00,0.000000e+00,0.000000e+00,0.000000e+00,0.000000e+00,0.000000e+00,0.000000e+00
1.000000e+00,0.000000e+00,0.000000e+00,0.000000e+00,0.000000e+00,0.000000e+00,0.000000e+00,0.000000e+00,0.000000e+00,0.000000e+00,0.000000e+00,0.000000e+00,0.000000e+00,0.000000e+00,0.000000e+00
1.000000e+00,0.000000e+00,0.000000e+00,0.000000e+00,0.000000e+00,0.000000e+00,0.000000e+00,0.000000e+00,0.000000e+00,0.000000e+00,0.000000e+00,0.000000e+00,0.000000e+00,0.000000e+00,0.000000e+00
1.000000e+00,0.000000e+00,0.000000e+00,0.000000e+00,0.000000e+00,0.000000e+00,0.000000e+00,0.000000e+00,0.000000e+00,0.000000e+00,0.000000e+00,0.000000e+00,0.000000e+00,0.000000e+00,0.000000e+00
1.000000e+00,0.000000e+00,0.000000e+00,0.000000e+00,0.000000e+00,0.000000e+00,0.000000e+00,0.000000e+00,0.000000e+00,0.000000e+00,0.000000e+00,0.000000e+00,0.000000e+00,0.000000e+00,0.000000e+00
1.000000e+00,0.000000e+00,0.000000e+00,0.000000e+00,0.000000e+00,0.000000e+00,0.000000e+00,0.000000e+00,0.000000e+00,0.000000e+00,0.000000e+00,0.000000e+00,0.000000e+00,0.000000e+00,0.000000e+00
1.000000e+00,0.000000e+00,0.000000e+00,0.000000e+00,0.000000e+00,0.000000e+00,0.000000e+00,0.000000e+00,0.000000e+00,0.000000e+00,0.000000e+00,0.000000e+00,0.000000e+00,0.000000e+00,0.000000e+00
1.000000e+00,0.000000e+00,0.000000e+00,0.000000e+00,0.000000e+00,0.000000e+00,0.000000e+00,0.000000e+00,0.000000e+00,0.000000e+00,0.000000e+00,0.000000e+00,0.000000e+00,0.000000e+00,0.000000e+00
1.000000e+00,0.000000e+00,0.000000e+00,0.000000e+00,0.000000e+00,0.000000e+00,0.000000e+00,0.000000e+00,0.000000e+00,0.000000e+00,0.000000e+00,0.000000e+00,0.000000e+00,0.000000e+00,0.000000e+00
1.000000e+00,0.000000e+00,0.000000e+00,0.000000e+00,0.000000e+00,0.000000e+00,0.000000e+00,0.000000e+00,0.000000e+00,0.000000e+00,0.000000e+00,0.000000e+00,0.000000e+00,0.000000e+00,0.000000e+00
1.000000e+00,0.000000e+00,0.000000e+00,0.000000e+00,0.000000e+00,0.000000e+00,0.000000e+00,0.000000e+00,0.000000e+00,0.000000e+00,0.000000e+00,0.000000e+00,0.000000e+00,0.000000e+00,0.000000e+00
1.000000e+00,0.000000e+00,0.000000e+00,0.000000e+00,0.000000e+00,0.000000e+00,0.000000e+00,0.000000e+00,0.000000e+00,0.000000e+00,0.000000e+00,0.000000e+00,0.000000e+00,0.000000e+00,0.000000e+00
1.000000e+00,0.000000e+00,0.000000e+00,0.000000e+00,0.000000e+00,0.000000e+00,0.000000e+00,0.000000e+00,0.000000e+00,0.000000e+00,0.000000e+00,0.000000e+00,0.000000e+00,0.000000e+00,0.000000e+00
1.000000e+00,0.000000e+00,0.000000e+00,0.000000e+00,0.000000e+00,0.000000e+00,0.000000e+00,0.000000e+00,0.000000e+00,0.000000e+00,0.000000e+00,0.000000e+00,0.000000e+00,0.000000e+00,0.000000e+00
1.000000e+00,0.000000e+00,0.000000e+00,0.000000e+00,0.000000e+00,0.000000e+00,0.000000e+00,0.000000e+00,0.000000e+00,0.000000e+00,0.000000e+00,0.000000e+00,0.000000e+00,0.000000e+00,0.000000e+00
1.000000e+00,0.000000e+00,0.000000e+00,0.000000e+00,0.000000e+00,0.000000e+00,0.000000e+00,0.000000e+00,0.000000e+00,0.000000e+00,0.000000e+00,0.000000e+00,0.000000e+00,0.000000e+00,0.000000e+00
1.000000e+00,0.000000e+00,0.000000e+00,0.000000e+00,0.000000e+00,0.000000e+00,0.000000e+00,0.000000e+00,0.000000e+00,0.000000e+00,0.000000e+00,0.000000e+00,0.000000e+00,0.000000e+00,0.000000e+00
1.000000e+00,0.000000e+00,0.000000e+00,0.000000e+00,0.000000e+00,0.000000e+00,0.000000e+00,0.000000e+00,0.000000e+00,0.000000e+00,0.000000e+00,0.000000e+00,0.000000e+00,0.000000e+00,0.000000e+00
1.000000e+00,0.000000e+00,0.000000e+00,0.000000e+00,0.000000e+00,0.000000e+00,0.000000e+00,0.000000e+00,0.000000e+00,0.000000e+00,0.000000e+00,0.000000e+00,0.000000e+00,0.000000e+00,0.000000e+00
1.000000e+00,0.000000e+00,0.000000e+00,0.000000e+00,0.000000e+00,0.000000e+00,0.000000e+00,0.000000e+00,0.000000e+00,0.000000e+00,0.000000e+00,0.000000e+00,0.000000e+00,0.000000e+00,0.000000e+00
1.000000e+00,0.000000e+00,0.000000e+00,0.000000e+00,0.000000e+00,0.000000e+00,0.000000e+00,0.000000e+00,0.000000e+00,0.000000e+00,0.000000e+00,0.000000e+00,0.000000e+00,0.000000e+00,0.000000e+00
1.000000e+00,0.000000e+00,0.000000e+00,0.000000e+00,0.000000e+00,0.000000e+00,0.000000e+00,0.000000e+00,0.000000e+00,0.000000e+00,0.000000e+00,0.000000e+00,0.000000e+00,0.000000e+00,0.000000e+00
1.000000e+00,0.000000e+00,0.000000e+00,0.000000e+00,0.000000e+00,0.000000e+00,0.000000e+00,0.000000e+00,0.000000e+00,0.000000e+00,0.000000e+00,0.000000e+00,0.000000e+00,0.000000e+00,0.000000e+00
1.000000e+00,0.000000e+00,0.000000e+00,0.000000e+00,0.000000e+00,0.000000e+00,0.000000e+00,0.000000e+00,0.000000e+00,0.000000e+00,0.000000e+00,0.000000e+00,0.000000e+00,0.000000e+00,0.000000e+00
1.000000e+00,0.000000e+00,0.000000e+00,0.000000e+00,0.000000e+00,0.000000e+00,0.000000e+00,0.000000e+00,0.000000e+00,0.000000e+00,0.000000e+00,0.000000e+00,0.000000e+00,0.000000e+00,0.000000e+00
1.000000e+00,0.000000e+00,0.000000e+00,0.000000e+00,0.000000e+00,0.000000e+00,0.000000e+00,0.000000e+00,0.000000e+00,0.000000e+00,0.000000e+00,0.000000e+00,0.000000e+00,0.000000e+00,0.000000e+00
1.000000e+00,0.000000e+00,0.000000e+00,0.000000e+00,0.000000e+00,0.000000e+00,0.000000e+00,0.000000e+00,0.000000e+00,0.000000e+00,0.000000e+00,0.000000e+00,0.000000e+00,0.000000e+00,0.000000e+00
1.000000e+00,0.000000e+00,0.000000e+00,0.000000e+00,0.000000e+00,0.000000e+00,0.000000e+00,0.000000e+00,0.000000e+00,0.000000e+00,0.000000e+00,0.000000e+00,0.000000e+00,0.000000e+00,0.000000e+00
1.000000e+00,0.000000e+00,0.000000e+00,0.000000e+00,0.000000e+00,0.000000e+00,0.000000e+00,0.000000e+00,0.000000e+00,0.000000e+00,0.000000e+00,0.000000e+00,0.000000e+00,0.000000e+00,0.000000e+00
1.000000e+00,0.000000e+00,0.000000e+00,0.000000e+00,0.000000e+00,0.000000e+00,0.000000e+00,0.000000e+00,0.000000e+00,0.000000e+00,0.000000e+00,0.000000e+00,0.000000e+00,0.000000e+00,0.000000e+00
1.000000e+00,0.000000e+00,0.000000e+00,0.000000e+00,0.000000e+00,0.000000e+00,0.000000e+00,0.000000e+00,0.000000e+00,0.000000e+00,0.000000e+00,0.000000e+00,0.000000e+00,0.000000e+00,0.000000e+00
1.000000e+00,0.000000e+00,0.000000e+00,0.000000e+00,0.000000e+00,0.000000e+00,0.000000e+00,0.000000e+00,0.000000e+00,0.000000e+00,0.000000e+00,0.000000e+00,0.000000e+00,0.000000e+00,0.000000e+00
3.590663e-01,2.358621e-03,3.060249e-01,1.670869e-02,1.056943e-03,8.650462e-03,3.331069e-03,4.548738e-02,3.449556e-03,7.093266e-02,1.187860e-01,9.155200e-03,2.732444e-03,4.273372e-02,9.526007e-03
2.515968e-01,1.739788e-03,2.302446e-01,1.191725e-02,7.462608e-04,6.181924e-03,2.337128e-03,3.202967e-02,2.657147e-03,7.446297e-02,2.934631e-01,8.172951e-03,2.044212e-03,7.566626e-02,6.739869e-03
1.761600e-01,1.281218e-03,1.628874e-01,8.710194e-03,5.419139e-04,4.662879e-03,1.642430e-03,2.258692e-02,2.016615e-03,5.935891e-02,4.023634e-01,9.907190e-03,1.564530e-03,1.415604e-01,4.755966e-03
1.233426e-01,9.307245e-04,1.145333e-01,6.357104e-03,3.937615e-04,3.620487e-03,1.153636e-03,1.589128e-02,1.582058e-03,4.243055e-02,4.586065e-01,1.329826e-02,1.190728e-03,2.133059e-01,3.363102e-03
8.636568e-02,6.645179e-04,8.025796e-02,4.768424e-03,3.018955e-04,2.720749e-03,8.126841e-04,1.117075e-02,1.220990e-03,2.995970e-02,4.327684e-01,1.434398e-02,9.145985e-04,3.313574e-01,2.372228e-03
6.047766e-02,4.844179e-04,5.621986e-02,3.554431e-03,2.281705e-04,2.114000e-03,5.716020e-04,7.851589e-03,1.041295e-03,2.117589e-02,4.104240e-01,1.488632e-02,7.229524e-04,4.185674e-01,1.680459e-03
4.234315e-02,5.675535e-04,3.946318e-02,2.568916e-03,7.048366e-04,1.573594e-03,4.146688e-04,5.540926e-03,1.015967e-03,1.511309e-02,3.802570e-01,1.515524e-02,5.765176e-04,4.934992e-01,1.206169e-03
2.967753e-02,5.189112e-04,2.814066e-02,1.911307e-03,1.877727e-03,1.371226e-03,3.477116e-04,3.944578e-03,9.546560e-04,1.113609e-02,4.028662e-01,1.446423e-02,6.075571e-04,5.012251e-01,9.565353e-04
2.083251e-02,5.357235e-04,2.004310e-02,1.457120e-03,6.013460e-03,1.224457e-03,2.700465e-04,2.871191e-03,9.902407e-04,8.249197e-03,3.967586e-01,1.295432e-02,6.114173e-04,5.264449e-01,7.436826e-04
1.467068e-02,7.328278e-04,1.567950e-02,1.191904e-03,1.039900e-02,1.124763e-03,2.483743e-04,2.341580e-03,1.245238e-03,6.711528e-03,4.198826e-01,1.061587e-02,6.347116e-04,5.139115e-01,6.099499e-04
1.033480e-02,1.013712e-03,1.224570e-02,9.480507e-04,9.881627e-03,1.403201e-03,2.087396e-04,1.817673e-03,2.058559e-03,5.834824e-03,4.475335e-01,9.636583e-03,6.332435e-04,4.959618e-01,4.879524e-04
7.611596e-03,1.976885e-03,9.470462e-03,1.017574e-03,8.763020e-03,3.955150e-03,2.130345e-04,1.693432e-03,5.036902e-03,8.571291e-03,4.492690e-01,1.033319e-02,7.541814e-04,4.907914e-01,5.429531e-04
5.586751e-03,2.795231e-02,7.564415e-03,1.392980e-03,9.490698e-03,1.007320e-01,2.365524e-04,2.164072e-03,3.025476e-02,8.641902e-03,4.101360e-01,1.432887e-02,1.389023e-03,3.793061e-01,8.235551e-04
4.685431e-03,2.302809e-02,6.563778e-03,2.022593e-03,1.382458e-02,8.370376e-02,2.786377e-04,5.824493e-03,4.856128e-02,7.086209e-03,4.784879e-01,1.531852e-02,1.938031e-03,3.079453e-01,7.315229e-04
6.243629e-03,1.990537e-02,6.094808e-03,4.321605e-03,1.661681e-02,9.355942e-02,3.372512e-04,6.293751e-03,6.759270e-02,6.375364e-03,4.515669e-01,2.190867e-02,3.029343e-03,2.949100e-01,1.244412e-03
7.612176e-03,1.754046e-02,5.805311e-03,4.343500e-03,2.422375e-02,1.063996e-01,4.565836e-04,5.160640e-03,8.074865e-02,5.025865e-03,4.264234e-01,1.990562e-02,3.264992e-03,2.919506e-01,1.138854e-03
7.671974e-03,1.510300e-02,6.466454e-03,3.377920e-03,1.966954e-02,9.856594e-02,4.007671e-04,4.010440e-03,6.906214e-02,4.056196e-03,4.349481e-01,1.953264e-02,3.222052e-03,3.129128e-01,1.000066e-03
1.057257e-02,1.610685e-02,9.478993e-03,7.574508e-03,3.887269e-02,1.372382e-01,8.554227e-04,1.148434e-02,1.185801e-01,4.103001e-03,3.810558e-01,1.492911e-02,6.795498e-03,2.398258e-01,2.527031e-03
1.151966e-02,3.217835e-02,8.828842e-03,8.332030e-03,3.521921e-02,1.674246e-01,9.113984e-04,1.348130e-02,2.179427e-01,4.055917e-03,2.983146e-01,1.179899e-02,7.095852e-03,1.781418e-01,4.754735e-03
8.548369e-03,3.390950e-02,6.825866e-03,1.979123e-02,2.519088e-02,1.506172e-01,6.503561e-04,9.561395e-03,3.853232e-01,3.111163e-03,2.097542e-01,9.990043e-03,6.843127e-03,1.250561e-01,4.827358e-03
7.521688e-03,3.028396e-02,7.200948e-03,1.540027e-02,2.406856e-02,2.463966e-01,1.230816e-03,8.392967e-03,3.981075e-01,2.488837e-03,1.491913e-01,7.635073e-03,7.679906e-03,8.941087e-02,4.990590e-03
7.577475e-03,4.042071e-02,7.836282e-03,9.836412e-02,1.922439e-02,2.004485e-01,9.029512e-04,6.105493e-03,4.080749e-01,2.257170e-03,1.094950e-01,6.611537e-03,1.092069e-02,6.365284e-02,1.810796e-02
1.145515e-02,3.605000e-02,9.158734e-03,7.175962e-02,1.892386e-02,1.554501e-01,7.376485e-04,4.944377e-03,4.413362e-01,6.847269e-03,8.578524e-02,5.482216e-03,1.520178e-02,4.815031e-02,8.871741e-02
1.441184e-02,2.947639e-02,1.043818e-02,6.160264e-02,2.367308e-02,1.121378e-01,7.791603e-04,7.279138e-03,5.335585e-01,6.234698e-03,6.909993e-02,4.596595e-03,1.856791e-02,3.482143e-02,7.332262e-02
2.201549e-02,2.929576e-02,2.076119e-02,5.472874e-02,2.470473e-02,8.798990e-02,7.527041e-04,1.110972e-02,5.074992e-01,1.163563e-02,6.003233e-02,4.429603e-03,1.796012e-02,3.364072e-02,1.134441e-01
4.728380e-02,2.693953e-02,3.273354e-02,8.115664e-02,4.617744e-02,7.817921e-02,1.784336e-03,4.267291e-02,4.245370e-01,1.018370e-02,5.348992e-02,3.937481e-03,2.053910e-02,2.914622e-02,1.012391e-01
3.830577e-02,2.211551e-02,5.498751e-02,7.420032e-02,3.841223e-02,5.820672e-02,1.592386e-03,4.200785e-02,3.634170e-01,2.463413e-02,4.380261e-02,3.177012e-03,1.681113e-02,2.895102e-02,1.893787e-01
3.564650e-02,1.899551e-02,5.189742e-02,5.876243e-02,5.361896e-02,4.451346e-02,3.784641e-03,2.123662e-01,2.721087e-01,1.870972e-02,4.155753e-02,2.742807e-03,1.781299e-02,2.473081e-02,1.427523e-01
2.810257e-02,1.356380e-02,3.875007e-02,4.478514e-02,5.271550e-02,3.285680e-02,5.341504e-03,4.100518e-01,1.918650e-01,1.336124e-02,3.215668e-02,2.185305e-03,1.536173e-02,1.803439e-02,1.008684e-01
2.313823e-02,9.706780e-03,2.766590e-02,3.211834e-02,4.371240e-02,2.347369e-02,4.264368e-03,5.723346e-01,1.349301e-01,9.392329e-03,2.290287e-02,1.564236e-03,1.120805e-02,1.287751e-02,7.071043e-02
1.974527e-02,6.838016e-03,1.954480e-02,2.285171e-02,3.659381e-02,1.676210e-02,3.581337e-03,6.891500e-01,9.465218e-02,6.576751e-03,1.613352e-02,1.102135e-03,7.898433e-03,9.062000e-03,4.950794e-02
1.777846e-02,4.862528e-03,1.402127e-02,1.626778e-02,2.959116e-02,1.331019e-02,2.707268e-03,7.713841e-01,6.635974e-02,4.610549e-03,1.148364e-02,7.892023e-04,5.642805e-03,6.504224e-03,3.468706e-02
2.008040e-02,3.542940e-03,9.937193e-03,1.162546e-02,2.764056e-02,9.913708e-03,2.073890e-03,8.236456e-01,4.658651e-02,3.230986e-03,8.160627e-03,5.749600e-04,4.010674e-03,4.678451e-03,2.429806e-02
1.884591e-02,2.599757e-03,7.018738e-03,8.193694e-03,2.723401e-02,7.257296e-03,1.564218e-03,8.628202e-01,3.274892e-02,2.263999e-03,5.777477e-03,4.173934e-04,2.903952e-03,3.333961e-03,1.702051e-02
1.554011e-02,1.861299e-03,4.969660e-03,5.800431e-03,2.092583e-02,5.441628e-03,1.236183e-03,8.988558e-01,2.295071e-02,1.587480e-03,4.091402e-03,3.203042e-04,2.107670e-03,2.376963e-03,1.193453e-02
1.348177e-02,1.332761e-03,3.514671e-03,4.110111e-03,1.765330e-02,4.238870e-03,9.606272e-04,9.227939e-01,1.608166e-02,1.112472e-03,2.890735e-03,2.426985e-04,1.543992e-03,1.677361e-03,8.365079e-03
1.722377e-02,1.185386e-03,2.606047e-03,2.971285e-03,1.628011e-02,3.304628e-03,7.615844e-04,9.326046e-01,1.139373e-02,7.927823e-04,2.162695e-03,3.619235e-04,1.224497e-03,1.205729e-03,5.921181e-03
1.828755e-02,1.063871e-03,2.055503e-03,2.210513e-03,2.216598e-02,2.540953e-03,8.959651e-04,9.339744e-01,8.318544e-03,5.637571e-04,1.568483e-03,3.421598e-04,9.442252e-04,8.661157e-04,4.201926e-03
2.114873e-02,9.390403e-04,1.664125e-03,1.691905e-03,3.120841e-02,2.090310e-03,1.932366e-03,9.268328e-01,5.989055e-03,4.112318e-04,1.182489e-03,4.018745e-04,8.188145e-04,6.392828e-04,3.049508e-03
2.318148e-02,7.483677e-04,1.450519e-03,1.355752e-03,2.757504e-02,1.799483e-03,2.370127e-03,9.322420e-01,4.246453e-03,3.053362e-04,8.801134e-04,4.077340e-04,6.897373e-04,4.661406e-04,2.281639e-03
2.119625e-02,5.828061e-04,1.202406e-03,1.066272e-03,2.156474e-02,1.634705e-03,2.020824e-03,9.438946e-01,2.994732e-03,2.214508e-04,6.497369e-04,3.845867e-04,5.871982e-04,3.395852e-04,1.660029e-03
3.214002e-02,5.073368e-04,1.331568e-03,9.611991e-04,1.611042e-02,2.828203e-03,2.540870e-03,9.376163e-01,2.151485e-03,1.827631e-04,6.085815e-04,6.655456e-04,7.627219e-04,2.854778e-04,1.307441e-03
6.945743e-02,2.870163e-03,2.937213e-03,2.846168e-02,1.584230e-02,1.413838e-02,2.795920e-03,7.523792e-01,7.863232e-03,3.274249e-03,1.907164e-02,1.156544e-02,6.042339e-02,1.243208e-03,7.676508e-03
6.269713e-02,4.118765e-03,3.757431e-03,4.265953e-02,1.328393e-02,1.232167e-02,2.197521e-03,6.075726e-01,8.888522e-03,3.520492e-03,3.890580e-02,2.250590e-02,1.663247e-01,2.004528e-03,9.241506e-03
4.832659e-02,3.141179e-03,3.122829e-03,3.201767e-02,1.386773e-02,9.995314e-03,1.728070e-03,4.392191e-01,6.846625e-03,2.662526e-03,5.463632e-02,2.513462e-02,3.504065e-01,1.561634e-03,7.333274e-03
4.104487e-02,2.706671e-03,2.835393e-03,2.506102e-02,1.675517e-02,8.722369e-03,1.389354e-03,3.171808e-01,6.008743e-03,2.686166e-03,1.326868e-01,3.367929e-02,3.926733e-01,1.491287e-03,1.507890e-02
3.581431e-02,2.078591e-03,2.904909e-03,1.793447e-02,1.658773e-02,7.655293e-03,1.135942e-03,2.255138e-01,5.244500e-03,2.432726e-03,1.216107e-01,8.631615e-02,4.386349e-01,1.447360e-03,3.468859e-02
2.826470e-02,1.655724e-03,3.535190e-03,1.268856e-02,2.365901e-02,6.473626e-03,1.313813e-03,1.607087e-01,5.133047e-03,2.016120e-03,9.847745e-02,1.278975e-01,4.821272e-01,1.309643e-03,4.473971e-02
2.636184e-02,1.477275e-03,4.021158e-03,8.973838e-03,2.321949e-02,5.558827e-03,1.393089e-03,1.152256e-01,4.711480e-03,1.613213e-03,7.265113e-02,1.525578e-01,5.380434e-01,1.114695e-03,4.307720e-02
2.078906e-02,2.595553e-03,3.047504e-02,6.427985e-03,2.910322e-02,5.679532e-03,2.065754e-03,8.591034e-02,4.208112e-03,1.334378e-03,5.237862e-02,1.646138e-01,5.523914e-01,1.255594e-03,4.077154e-02
1.671863e-02,2.787791e-03,3.015190e-02,4.548605e-03,2.353501e-02,6.499849e-03,2.264242e-03,6.259700e-02,3.437687e-03,1.057817e-03,3.737747e-02,2.222828e-01,5.232996e-01,1.369584e-03,6.207198e-02
1.875233e-02,2.881082e-03,1.102394e-01,8.213335e-03,4.180028e-02,5.792224e-03,2.736643e-03,6.703369e-02,6.496408e-03,8.423778e-04,2.734355e-02,1.880652e-01,4.723605e-01,1.215683e-03,4.622727e-02
1.941237e-02,6.687596e-03,1.721315e-01,7.403811e-03,6.550849e-02,1.662789e-02,3.789738e-03,5.424140e-02,9.371274e-03,6.870956e-04,1.963262e-02,1.417506e-01,4.427950e-01,1.085456e-03,3.887510e-02
1.835863e-02,5.685006e-03,2.119382e-01,8.599339e-03,5.750630e-02,1.246959e-02,3.951772e-03,1.599928e-01,8.652888e-03,6.035446e-04,1.445574e-02,1.068373e-01,3.530366e-01,1.286613e-03,3.662571e-02
1.696055e-02,5.343825e-03,3.929796e-01,2.672435e-02,4.501767e-02,9.511793e-03,3.227551e-03,1.213050e-01,1.166000e-02,6.345736e-04,1.035504e-02,7.502908e-02,2.537302e-01,1.055609e-03,2.646509e-02
3.669264e-02,9.824451e-03,4.249710e-01,3.514060e-02,6.005286e-02,1.593453e-02,9.634416e-03,1.027006e-01,2.055055e-02,9.070924e-04,7.647820e-03,5.458088e-02,1.981085e-01,1.324429e-03,2.192969e-02
1.012313e-01,1.707729e-02,4.003991e-01,2.891977e-02,7.547542e-02,1.804186e-02,8.657001e-03,8.143873e-02,2.157911e-02,1.044891e-03,5.957140e-03,3.869893e-02,1.773964e-01,2.235322e-03,2.184766e-02
1.374256e-01,2.639731e-02,3.129489e-01,2.776763e-02,1.163906e-01,3.427613e-02,1.575680e-02,6.477819e-02,2.918455e-02,1.441142e-03,5.695576e-03,2.791240e-02,1.735262e-01,2.161120e-03,2.433787e-02
1.680946e-01,3.665355e-02,2.283884e-01,2.772052e-02,1.262991e-01,3.589631e-02,1.523869e-02,5.072327e-02,3.641871e-02,2.010349e-03,5.422388e-03,2.040788e-02,1.911920e-01,2.435028e-03,5.309930e-02
1.788268e-01,4.202418e-02,1.777919e-01,5.456541e-02,1.129714e-01,3.655615e-02,1.439012e-02,4.424843e-02,4.104139e-02,1.884328e-03,5.307640e-03,1.834760e-02,2.272691e-01,2.424215e-03,4.235130e-02
1.852698e-01,3.651549e-02,1.377005e-01,8.284388e-02,1.070441e-01,3.339181e-02,1.350331e-02,4.965726e-02,3.424764e-02,1.857588e-03,5.232342e-03,1.870458e-02,2.590837e-01,2.138696e-03,3.280927e-02
2.568069e-01,3.484345e-02,1.198415e-01,8.795948e-02,9.268591e-02,2.782365e-02,1.159616e-02,4.489197e-02,3.140513e-02,1.779664e-03,5.625956e-03,1.827164e-02,2.353620e-01,2.345296e-03,2.876142e-02
3.075007e-01,2.641001e-02,1.145366e-01,1.027104e-01,7.574366e-02,2.110486e-02,8.901960e-03,1.090090e-01,2.273239e-02,1.401625e-03,4.947842e-03,1.445776e-02,1.668689e-01,1.986937e-03,2.168745e-02
4.203212e-01,2.064964e-02,9.147584e-02,9.182653e-02,5.909801e-02,1.639481e-02,7.084500e-03,1.211666e-01,1.710157e-02,1.215245e-03,4.367154e-03,1.150161e-02,1.187435e-01,1.893215e-03,1.716063e-02
4.607610e-01,1.517370e-02,9.333643e-02,9.953050e-02,4.352836e-02,1.310577e-02,6.051633e-03,1.444905e-01,1.234932e-02,1.044776e-03,3.669874e-03,8.711437e-03,8.421374e-02,1.527059e-03,1.250589e-02
1.000000e+00,0.000000e+00,0.000000e+00,0.000000e+00,0.000000e+00,0.000000e+00,0.000000e+00,0.000000e+00,0.000000e+00,0.000000e+00,0.000000e+00,0.000000e+00,0.000000e+00,0.000000e+00,0.000000e+00
4.772555e-01,8.186388e-03,8.391875e-02,1.383110e-01,2.244629e-02,1.095704e-02,4.364319e-03,1.837475e-01,6.888966e-03,1.071789e-03,3.287965e-03,7.150592e-03,4.360599e-02,1.704168e-03,7.103744e-03
3.736027e-01,5.801812e-03,7.223772e-02,1.309197e-01,1.628758e-02,8.698077e-03,4.289796e-03,3.372207e-01,4.930738e-03,8.417387e-04,2.500730e-03,5.319058e-03,3.100978e-02,1.278549e-03,5.061358e-03
2.984441e-01,4.278594e-03,8.041145e-02,1.240896e-01,1.198298e-02,7.384718e-03,4.208027e-03,4.301870e-01,3.614247e-03,1.733207e-03,2.064781e-03,4.219239e-03,2.214737e-02,1.163987e-03,4.070648e-03
2.737023e-01,3.648737e-03,7.188544e-02,9.577420e-02,1.015367e-02,6.934999e-03,3.523136e-03,4.879873e-01,3.267112e-03,7.218422e-03,4.508969e-03,5.242035e-03,1.972791e-02,2.123304e-03,4.302421e-03
2.410075e-01,3.368434e-03,5.462797e-02,7.089262e-02,8.605765e-03,1.342042e-02,2.910981e-03,4.654387e-01,4.406172e-03,1.019640e-02,2.796138e-02,1.503286e-02,7.127939e-02,4.329290e-03,6.522106e-03
1.931588e-01,3.147017e-03,3.848360e-02,5.074808e-02,6.633644e-03,1.035294e-02,2.320590e-03,3.680601e-01,1.531959e-02,8.377354e-03,6.129407e-02,3.640465e-02,1.938366e-01,5.987542e-03,5.875470e-03
1.797485e-01,2.816204e-03,2.719514e-02,3.684203e-02,4.951693e-03,8.396847e-03,1.815315e-03,2.732992e-01,3.043112e-02,8.789437e-03,5.950981e-02,5.090552e-02,2.982771e-01,9.122023e-03,7.900060e-03
1.543332e-01,3.339110e-03,1.954167e-02,3.161256e-02,4.321139e-03,8.009918e-03,1.560467e-03,2.055334e-01,5.188245e-02,1.018383e-02,7.386235e-02,6.568442e-02,3.473360e-01,1.042681e-02,1.237257e-02
1.120977e-01,3.692852e-03,1.430414e-02,3.047380e-02,4.521801e-03,7.098199e-03,1.406256e-03,1.469976e-01,8.128195e-02,1.255698e-02,1.142324e-01,7.242700e-02,3.580749e-01,9.818031e-03,3.101630e-02
8.347566e-02,4.498741e-03,1.051141e-02,3.134890e-02,4.234283e-03,7.948460e-03,1.462927e-03,1.043146e-01,1.007098e-01,2.107856e-02,1.520136e-01,8.757587e-02,3.380127e-01,1.144489e-02,4.136951e-02
6.542411e-02,3.623996e-03,7.551062e-03,3.605058e-02,5.781033e-03,8.948903e-03,1.193615e-03,7.393288e-02,8.998357e-02,3.824513e-02,2.035092e-01,1.190836e-01,2.939893e-01,1.199550e-02,4.068739e-02
6.009936e-02,4.879330e-03,5.832270e-03,3.338758e-02,1.086875e-02,1.308959e-02,1.895921e-03,5.202342e-02,7.912716e-02,1.049718e-01,1.964583e-01,9.032479e-02,2.223313e-01,1.256509e-02,1.121453e-01
5.498308e-02,2.075111e-02,7.675593e-03,2.665202e-02,1.506945e-02,1.042674e-02,2.116412e-03,3.659848e-02,1.559232e-01,1.077848e-01,1.933595e-01,7.240370e-02,1.690990e-01,1.233982e-02,1.148170e-01
4.118504e-02,1.759942e-02,7.609151e-03,2.004531e-02,1.993256e-02,1.375992e-02,6.854959e-03,2.870830e-02,2.095087e-01,1.636393e-01,1.623892e-01,5.419438e-02,1.261894e-01,1.168398e-02,1.167004e-01
3.084364e-02,1.461394e-02,7.199948e-03,1.538780e-02,2.283778e-02,1.877219e-02,1.026079e-02,2.787506e-02,2.142622e-01,2.543055e-01,1.339459e-01,4.124285e-02,9.589418e-02,1.498617e-02,9.757210e-02
2.232458e-02,1.064906e-02,5.791544e-03,2.809753e-02,6.117416e-02,1.366241e-02,7.356155e-03,1.779726e-01,1.708702e-01,2.172956e-01,9.710866e-02,3.123679e-02,7.178144e-02,1.169370e-02,7.298563e-02
1.573927e-02,7.493351e-03,4.483280e-03,2.089672e-02,4.730312e-02,9.629880e-03,5.396640e-03,4.146924e-01,1.199833e-01,1.525407e-01,6.906586e-02,2.225159e-02,5.085474e-02,8.252102e-03,5.141700e-02
1.110554e-02,5.276559e-03,3.417279e-03,1.665106e-02,3.706763e-02,6.851052e-03,3.886705e-03,5.824593e-01,8.419687e-02,1.068905e-01,4.888158e-02,1.567973e-02,3.577036e-02,5.804109e-03,3.606168e-02
8.977711e-03,4.150870e-03,3.336332e-03,2.520093e-02,5.066054e-02,5.247164e-03,2.792792e-03,6.605716e-01,6.159081e-02,7.499164e-02,3.603841e-02,1.125410e-02,2.557199e-02,4.214865e-03,2.540020e-02
8.443776e-03,3.895661e-03,3.300781e-03,6.679913e-02,5.956582e-02,4.273870e-03,2.066261e-03,6.657627e-01,5.106394e-02,5.280424e-02,3.180308e-02,8.878208e-03,2.002882e-02,3.256622e-03,1.805711e-02
1.008955e-02,3.614935e-03,3.944877e-03,1.102675e-01,1.249616e-01,3.645286e-03,2.158514e-03,5.833935e-01,4.432515e-02,3.719727e-02,3.485348e-02,7.362735e-03,1.891551e-02,2.393717e-03,1.287627e-02
1.027646e-02,2.624159e-03,3.040431e-03,8.184665e-02,1.150582e-01,3.370755e-03,1.930826e-03,6.613375e-01,3.420747e-02,2.614306e-02,2.863667e-02,5.657479e-03,1.510850e-02,1.700754e-03,9.060989e-03
1.133578e-02,1.927331e-03,2.412001e-03,6.519800e-02,1.019849e-01,5.307552e-03,2.239106e-03,7.195079e-01,2.593134e-02,1.834393e-02,2.194315e-02,4.239839e-03,1.198372e-02,1.214427e-03,6.430949e-03
1.501018e-02,1.407162e-03,1.803322e-03,4.680618e-02,8.272935e-02,8.071519e-03,2.023221e-03,7.773056e-01,1.863607e-02,1.284828e-02,1.572800e-02,3.051849e-03,9.190239e-03,8.644278e-04,4.524615e-03
1.487625e-02,1.013864e-03,1.333606e-03,3.302861e-02,6.940667e-02,8.205436e-03,1.773563e-03,8.240383e-01,1.316701e-02,8.998899e-03,1.120362e-02,2.199196e-03,6.956213e-03,6.180974e-04,3.180717e-03
1.175333e-02,7.353885e-04,9.643409e-04,2.318890e-02,5.001896e-02,7.536786e-03,1.366374e-03,8.717305e-01,9.228976e-03,6.302587e-03,7.905527e-03,1.571550e-03,5.011417e-03,4.526105e-04,2.232777e-03
1.190793e-02,5.993322e-04,7.797568e-04,1.632360e-02,3.695134e-02,6.350526e-03,1.083442e-03,9.011822e-01,6.517241e-03,4.419739e-03,6.339679e-03,1.379306e-03,4.188804e-03,3.867221e-04,1.590461e-03
1.549059e-02,2.161288e-03,1.108269e-03,1.195680e-02,2.699602e-02,5.317479e-03,9.442112e-04,8.592710e-01,6.638518e-03,3.296626e-03,3.347511e-02,4.694538e-03,2.556233e-02,1.050644e-03,2.036579e-03
1.563019e-02,3.400354e-03,8.903308e-04,8.784725e-03,1.973961e-02,5.449982e-03,9.325164e-04,7.792723e-01,7.488025e-03,2.401423e-03,2.876978e-02,4.507753e-03,1.170593e-01,1.050990e-03,4.622800e-03
1.269039e-02,2.819402e-03,6.452097e-04,6.252705e-03,1.423414e-02,6.804720e-03,8.767816e-04,5.874440e-01,5.920589e-03,1.702806e-03,2.160520e-02,3.616305e-03,3.303500e-01,7.989593e-04,4.238865e-03
1.075744e-02,2.405541e-03,5.026530e-04,4.417113e-03,1.033281e-02,6.127477e-03,1.038398e-03,4.387103e-01,4.696367e-03,1.258542e-03,1.750313e-02,3.401241e-03,4.925509e-01,6.379621e-04,5.660077e-03
9.273178e-03,2.197140e-03,4.762312e-04,3.304363e-03,7.685462e-03,7.369660e-03,1.358196e-03,3.232520e-01,4.599754e-03,9.497690e-04,1.419413e-02,2.985623e-03,6.160688e-01,4.652111e-04,5.820510e-03
7.730870e-03,1.890624e-03,5.218381e-04,2.526061e-03,5.885311e-03,8.085640e-03,2.097802e-03,2.386613e-01,4.508048e-03,7.412713e-04,1.168443e-02,3.476066e-03,7.065934e-01,3.439955e-04,5.253395e-03
6.102987e-03,1.560809e-03,7.309678e-04,2.187906e-03,4.624907e-03,8.906271e-03,1.708301e-03,1.687655e-01,3.861246e-03,5.935351e-04,9.565439e-03,4.915308e-03,7.820044e-01,2.534167e-04,4.219088e-03
5.407467e-03,1.580029e-03,6.657947e-04,1.944203e-03,3.672751e-03,9.449361e-03,1.466033e-03,1.188403e-01,3.511477e-03,5.403596e-04,9.226178e-03,6.979150e-03,8.330666e-01,2.041536e-04,3.446211e-03
5.406948e-03,4.134545e-03,1.249317e-03,2.540316e-03,3.749540e-03,8.203094e-03,1.362759e-03,8.375684e-02,1.761418e-02,6.878696e-04,1.181570e-02,1.044105e-02,8.427118e-01,3.745088e-04,5.951500e-03
5.492806e-03,4.321171e-02,2.941487e-03,2.194318e-03,3.023594e-03,8.300645e-03,1.069845e-03,5.873698e-02,4.931569e-02,1.610840e-03,2.390423e-02,2.948551e-02,7.593099e-01,1.146227e-03,1.025612e-02
5.075156e-03,4.384451e-02,2.732911e-03,1.743341e-03,2.376614e-03,1.598783e-02,8.136674e-04,4.122635e-02,6.356967e-02,1.461206e-03,2.358880e-02,2.922759e-02,7.576566e-01,1.233697e-03,9.462008e-03
4.032049e-03,4.023735e-02,2.384140e-03,1.274663e-03,1.845510e-03,6.562431e-02,7.027070e-04,2.892936e-02,6.674864e-02,1.503802e-03,2.034243e-02,4.585306e-02,7.106534e-01,1.695566e-03,8.172950e-03
3.167356e-03,3.675305e-02,2.454116e-03,9.602922e-04,1.699555e-03,1.278340e-01,7.481346e-04,2.033622e-02,6.801718e-02,1.354893e-03,1.596439e-02,4.634359e-02,6.664331e-01,1.685409e-03,6.248682e-03
3.461750e-03,4.962770e-02,2.575730e-03,9.771861e-04,2.822328e-03,1.588185e-01,7.518822e-04,1.436310e-02,1.615368e-01,1.210570e-03,1.322526e-02,5.703153e-02,5.274644e-01,1.436023e-03,4.697171e-03
3.465891e-03,7.020362e-02,2.856673e-03,9.826371e-04,3.622978e-03,1.811228e-01,9.853625e-04,1.106386e-02,2.110902e-01,1.047387e-03,9.776162e-03,6.641817e-02,4.326401e-01,1.142868e-03,3.581236e-03
3.417044e-03,6.631531e-02,3.294839e-03,1.028684e-03,4.093505e-03,2.189711e-01,1.039249e-03,1.367102e-02,2.434954e-01,9.105913e-04,7.496597e-03,6.370085e-02,3.689400e-01,8.932031e-04,2.732573e-03
3.663755e-03,6.062391e-02,2.858980e-03,1.439744e-03,4.313962e-03,3.272319e-01,1.132393e-03,1.618885e-02,2.193152e-01,8.635377e-04,5.558493e-03,5.825457e-02,2.957550e-01,7.049040e-04,2.094864e-03
5.583994e-03,5.986995e-02,2.672483e-03,1.781459e-03,4.591023e-03,3.675184e-01,1.656169e-03,1.643032e-02,2.201158e-01,9.018898e-04,4.214202e-03,4.850474e-02,2.639554e-01,5.342130e-04,1.669984e-03
1.681678e-02,6.557709e-02,2.525267e-03,3.094180e-03,1.013026e-02,3.800141e-01,2.979178e-03,1.635297e-02,2.472424e-01,1.399135e-03,3.075683e-03,3.729676e-02,2.093673e-01,4.890905e-04,3.639770e-03
1.502365e-02,1.005759e-01,2.171926e-03,4.624711e-03,9.919044e-03,3.833889e-01,3.814708e-03,1.622862e-02,2.791014e-01,1.730554e-03,2.229621e-03,2.748975e-02,1.493228e-01,4.093167e-04,3.969124e-03
2.350171e-02,1.165977e-01,3.735230e-03,6.291038e-03,1.631302e-02,3.396998e-01,9.133174e-03,2.483110e-02,3.226705e-01,2.506282e-03,1.667287e-03,2.050479e-02,1.074705e-01,3.772307e-04,4.700691e-03
1.983217e-02,1.481144e-01,6.572749e-03,9.913671e-03,1.645454e-02,2.807478e-01,7.603530e-03,2.547182e-02,3.683948e-01,5.217241e-03,1.402711e-03,1.554345e-02,7.896410e-02,5.540830e-04,1.521301e-02
4.189292e-02,1.548359e-01,2.118737e-02,2.101369e-02,2.990039e-02,2.375591e-01,9.389971e-03,5.570326e-02,3.338984e-01,5.314998e-03,1.387735e-03,1.543603e-02,5.804200e-02,7.503989e-04,1.368792e-02
7.310518e-02,1.450762e-01,3.008951e-02,1.821532e-02,5.342970e-02,2.489439e-01,9.247389e-03,4.694838e-02,2.897932e-01,5.107176e-03,2.205622e-03,1.635526e-02,4.446596e-02,1.232405e-03,1.578486e-02
8.469553e-02,1.189577e-01,2.569447e-02,2.022179e-02,9.220839e-02,2.221367e-01,1.508249e-02,5.203751e-02,2.917835e-01,4.821231e-03,3.420102e-03,1.494600e-02,3.286825e-02,2.375757e-03,1.875066e-02
8.392837e-02,1.154736e-01,2.409911e-02,2.150862e-02,9.720954e-02,2.633045e-01,1.508930e-02,4.938228e-02,2.523000e-01,4.490618e-03,3.623964e-03,2.003252e-02,2.615535e-02,2.394826e-03,2.100744e-02
8.699017e-02,1.034456e-01,2.245840e-02,1.862342e-02,8.996588e-02,3.179185e-01,1.367511e-02,3.746283e-02,2.163666e-01,3.660434e-03,5.030938e-03,3.051276e-02,2.775282e-02,2.783110e-03,2.335349e-02
9.115928e-02,1.028420e-01,2.308387e-02,1.558431e-02,7.254483e-02,3.626324e-01,1.079475e-02,2.745162e-02,1.846097e-01,2.697975e-03,5.710282e-03,4.285881e-02,3.357228e-02,2.410425e-03,2.204743e-02
1.130300e-01,1.044780e-01,4.191184e-02,1.582860e-02,6.644097e-02,3.391061e-01,8.158304e-03,2.109983e-02,1.634612e-01,2.411802e-03,6.398403e-03,3.977471e-02,4.487369e-02,3.546761e-03,2.947982e-02
1.746279e-01,1.065528e-01,6.386724e-02,6.061330e-02,7.643412e-02,2.418730e-01,6.451953e-03,1.877004e-02,1.214221e-01,2.557875e-03,8.734478e-03,3.536994e-02,3.559215e-02,5.943814e-03,4.118925e-02
2.856039e-01,1.288019e-01,5.759612e-02,5.011589e-02,6.473732e-02,1.721015e-01,4.781298e-03,1.449024e-02,9.483881e-02,2.362681e-03,1.164336e-02,3.073777e-02,2.840623e-02,9.824721e-03,4.395831e-02
3.777499e-01,1.358257e-01,6.132877e-02,4.050565e-02,4.911941e-02,1.231863e-01,3.676626e-03,1.162304e-02,7.235174e-02,2.272966e-03,1.298430e-02,2.642202e-02,2.147945e-02,1.369889e-02,4.777521e-02
4.106314e-01,1.107066e-01,6.305486e-02,4.836439e-02,4.047087e-02,9.404594e-02,3.123879e-03,1.180608e-02,5.997324e-02,2.696876e-03,2.558628e-02,2.877026e-02,1.720719e-02,2.846965e-02,5.509241e-02
4.734574e-01,9.496864e-02,5.630226e-02,4.173885e-02,3.021646e-02,7.105546e-02,2.563154e-03,9.897476e-03,4.819156e-02,3.105524e-03,2.821784e-02,2.940396e-02,1.427465e-02,3.820119e-02,5.840554e-02
1.000000e+00,0.000000e+00,0.000000e+00,0.000000e+00,0.000000e+00,0.000000e+00,0.000000e+00,0.000000e+00,0.000000e+00,0.000000e+00,0.000000e+00,0.000000e+00,0.000000e+00,0.000000e+00,0.000000e+00
1.000000e+00,0.000000e+00,0.000000e+00,0.000000e+00,0.000000e+00,0.000000e+00,0.000000e+00,0.000000e+00,0.000000e+00,0.000000e+00,0.000000e+00,0.000000e+00,0.000000e+00,0.000000e+00,0.000000e+00
3.886110e-01,6.717270e-02,5.857003e-02,1.600369e-01,1.290175e-02,3.203907e-02,1.481402e-03,5.831863e-03,3.698889e-02,4.597417e-03,2.628531e-02,2.554946e-02,8.699625e-03,6.000388e-02,1.112307e-01
2.724771e-01,9.703192e-02,5.822735e-02,1.153060e-01,9.065952e-03,2.303499e-02,1.044263e-03,4.098915e-03,3.376579e-02,1.172613e-01,2.435987e-02,1.811833e-02,8.111032e-03,4.350235e-02,1.745948e-01
1.912817e-01,7.306214e-02,4.292402e-02,8.432546e-02,6.621331e-03,1.681336e-02,7.453637e-04,2.992403e-03,4.966213e-02,1.095811e-01,1.040679e-01,1.600799e-02,9.042800e-02,3.930523e-02,1.721818e-01
1.339711e-01,5.164240e-02,3.099011e-02,5.960081e-02,5.860497e-03,1.260524e-02,5.426173e-04,2.166252e-03,1.047297e-01,1.223310e-01,9.091102e-02,1.348221e-02,9.057713e-02,3.121986e-02,2.493701e-01
9.383304e-02,3.621407e-02,2.187764e-02,4.216059e-02,6.731642e-03,1.298202e-02,4.011626e-04,1.961516e-03,9.350916e-02,1.005976e-01,1.211703e-01,1.446492e-02,8.713808e-02,2.784539e-02,3.391128e-01
6.609073e-02,2.584245e-02,1.576838e-02,3.062869e-02,1.630415e-02,1.281515e-02,1.024181e-03,7.372906e-03,7.384159e-02,8.314668e-02,1.066904e-01,3.138660e-02,1.406667e-01,2.561089e-02,3.628106e-01
4.629682e-02,1.814832e-02,1.107211e-02,2.175311e-02,1.609371e-02,9.163097e-03,7.570377e-04,5.206633e-03,5.309794e-02,6.381357e-02,8.950736e-02,2.335614e-02,1.017446e-01,2.201609e-02,5.179734e-01
3.265417e-02,1.283745e-02,8.069930e-03,1.700449e-02,1.231145e-02,7.916072e-03,7.345641e-04,3.918854e-03,5.170057e-02,5.107529e-02,8.094519e-02,3.721333e-02,1.070582e-01,2.872245e-02,5.478380e-01
2.319454e-02,9.287704e-03,6.702581e-03,1.214953e-02,1.362152e-02,6.055625e-03,1.130207e-03,3.378905e-03,3.912820e-02,6.562439e-02,6.452921e-02,3.670510e-02,9.698515e-02,3.371239e-02,5.877949e-01
1.664780e-02,6.644012e-03,6.068376e-03,8.655559e-03,1.212635e-02,9.856849e-03,1.756260e-03,2.866346e-03,2.872239e-02,7.412873e-02,5.568976e-02,4.168314e-02,1.375394e-01,2.525874e-02,5.723562e-01
1.341123e-02,4.971493e-03,5.283026e-03,6.210588e-03,1.238754e-02,8.643753e-03,1.777829e-03,2.215441e-03,2.042609e-02,2.523128e-01,4.046321e-02,5.376519e-02,1.042257e-01,2.211057e-02,4.517955e-01
1.066756e-02,5.062445e-03,8.122647e-03,5.181512e-03,1.284081e-02,7.372243e-03,2.459228e-03,4.348549e-03,1.538916e-02,3.513447e-01,3.196019e-02,6.120830e-02,8.175942e-02,2.317784e-02,3.791054e-01
9.820282e-03,4.463427e-03,7.190460e-03,6.013600e-03,1.661558e-02,7.037418e-03,1.847794e-03,9.863907e-03,1.467836e-02,3.534184e-01,4.338598e-02,6.943591e-02,7.999672e-02,2.182659e-02,3.544056e-01
7.504522e-03,3.384377e-03,5.603228e-03,5.121409e-03,2.410080e-02,5.760345e-03,1.453291e-03,1.070767e-02,1.250477e-02,4.904472e-01,3.629979e-02,5.896259e-02,6.993375e-02,1.604012e-02,2.521761e-01
5.563559e-03,2.578684e-03,4.456076e-03,4.283381e-03,1.258632e-01,4.236282e-03,3.869018e-03,3.127993e-02,1.181654e-02,4.705182e-01,3.151201e-02,4.465000e-02,6.385231e-02,1.223720e-02,1.832836e-01
7.335255e-03,4.500118e-03,5.248293e-03,5.347781e-03,1.482480e-01,3.755777e-03,5.829042e-03,6.502966e-02,2.573265e-02,4.204304e-01,3.194011e-02,6.459557e-02,6.494695e-02,1.198804e-02,1.350724e-01
9.544021e-03,1.563431e-02,5.446148e-03,4.775469e-03,1.968049e-01,8.648796e-03,5.956564e-03,5.407415e-02,1.298490e-01,3.262672e-01,2.848202e-02,5.459711e-02,5.322462e-02,9.658609e-03,9.703711e-02
