1.000000e+00,0.000000e+00,0.000000e+00,0.000000e+00,0.000000e+00,0.000000e+00,0.000000e+00,0.000000e+00,0.000000e+00,0.000000e+00,0.000000e+00,0.000000e+00,0.000000e+00,0.000000e+00,0.000000e+00
1.000000e+00,0.000000e+00,0.000000e+00,0.000000e+00,0.000000e+00,0.000000e+00,0.000000e+00,0.000000e+00,0.000000e+00,0.000000e+00,0.000000e+00,0.000000e+00,0.000000e+00,0.000000e+00,0.000000e+00
1.000000e+00,0.000000e+00,0.000000e+00,0.000000e+00,0.000000e+00,0.000000e+00,0.000000e+00,0.000000e+00,0.000000e+00,0.000000e+00,0.000000e+00,0.000000e+00,0.000000e+00,0.000000e+00,0.000000e+00
1.000000e+00,0.000000e+00,0.000000e+00,0.000000e+00,0.000000e+00,0.000000e+00,0.000000e+00,0.000000e+00,0.000000e+00,0.000000e+00,0.000000e+00,0.000000e+00,0.000000e+00,0.000000e+00,0.000000e+00
1.000000e+00,0.000000e+00,0.000000e+00,0.000000e+00,0.000000e+00,0.000000e+00,0.000000e+00,0.000000e+00,0.000000e+00,0.000000e+00,0.000000e+00,0.000000e+00,0.000000e+00,0.000000e+00,0.000000e+00
1.000000e+00,0.000000e+00,0.000000e+00,0.000000e+00,0.000000e+00,0.000000e+00,0.000000e+00,0.000000e+00,0.000000e+00,0.000000e+00,0.000000e+00,0.000000e+00,0.000000e+00,0.000000e+00,0.000000e+00
1.000000e+00,0.000000e+00,0.000000e+00,0.000000e+00,0.000000e+00,0.000000e+00,0.000000e+00,0.000000e+00,0.000000e+00,0.000000e+00,0.000000e+00,0.000000e+00,0.000000e+00,0.000000e+00,0.000000e+00
1.000000e+00,0.000000e+00,0.000000e+00,0.000000e+00,0.000000e+00,0.000000e+00,0.000000e+00,0.000000e+00,0.000000e+00,0.000000e+00,0.000000e+00,0.000000e+00,0.000000e+00,0.000000e+00,0.000000e+00
1.000000e+00,0.000000e+00,0.000000e+00,0.000000e+00,0.000000e+00,0.000000e+00,0.000000e+00,0.000000e+00,0.000000e+00,0.000000e+00,0.000000e+00,0.000000e+00,0.000000e+00,0.000000e+00,0.000000e+00
1.000000e+00,0.000000e+00,0.000000e+00,0.000000e+00,0.000000e+00,0.000000e+00,0.000000e+00,0.000000e+00,0.000000e+00,0.000000e+00,0.000000e+00,0.000000e+00,0.000000e+00,0.000000e+00,0.000000e+00
1.000000e+00,0.000000e+00,0.000000e+00,0.000000e+00,0.000000e+00,0.000000e+00,0.000000e+00,0.000000e+00,0.000000e+00,0.000000e+00,0.000000e+00,0.000000e+00,0.000000e+00,0.000000e+00,0.000000e+00
1.000000e+00,0.000000e+00,0.000000e+00,0.000000e+00,0.000000e+00,0.000000e+00,0.000000e+00,0.000000e+00,0.000000e+00,0.000000e+00,0.000000e+00,0.000000e+00,0.000000e+00,0.000000e+00,0.000000e+00
1.000000e+00,0.000000e+00,0.000000e+00,0.000000e+00,0.000000e+00,0.000000e+00,0.000000e+00,0.000000e+00,0.000000e+00,0.000000e+00,0.000000e+00,0.000000e+00,0.000000e+00,0.000000e+00,0.000000e+00
1.000000e+00,0.000000e+00,0.000000e+00,0.000000e+00,0.000000e+00,0.000000e+00,0.000000e+00,0.000000e+00,0.000000e+00,0.000000e+00,0.000000e+00,0.000000e+00,0.000000e+00,0.000000e+00,0.000000e+00
1.000000e+00,0.000000e+00,0.000000e+00,0.000000e+00,0.000000e+00,0.000000e+00,0.000000e+00,0.000000e+00,0.000000e+00,0.000000e+00,0.000000e+00,0.000000e+00,0.000000e+00,0.000000e+00,0.000000e+00
1.000000e+00,0.000000e+00,0.000000e+00,0.000000e+00,0.000000e+00,0.000000e+00,0.000000e+00,0.000000e+00,0.000000e+00,0.000000e+00,0.000000e+00,0.000000e+00,0.000000e+00,0.000000e+00,0.000000e+00
1.000000e+00,0.000000e+00,0.000000e+00,0.000000e+00,0.000000e+00,0.000000e+00,0.000000e+00,0.000000e+00,0.000000e+00,0.000000e+00,0.000000e+00,0.000000e+00,0.000000e+00,0.000000e+00,0.000000e+00
1.000000e+00,0.000000e+00,0.000000e+00,0.000000e+00,0.000000e+00,0.000000e+00,0.000000e+00,0.000000e+00,0.000000e+00,0.000000e+00,0.000000e+00,0.000000e+00,0.000000e+00,0.000000e+00,0.000000e+00
1.000000e+00,0.000000e+00,0.000000e+00,0.000000e+00,0.000000e+00,0.000000e+00,0.000000e+00,0.000000e+00,0.000000e+00,0.000000e+00,0.000000e+00,0.000000e+00,0.000000e+00,0.000000e+00,0.000000e+00
1.000000e+00,0.000000e+00,0.000000e+00,0.000000e+00,0.000000e+00,0.000000e+00,0.000000e+00,0.000000e+00,0.000000e+00,0.000000e+00,0.000000e+00,0.000000e+00,0.000000e+00,0.000000e+00,0.000000e+00
1.000000e+00,0.000000e+00,0.000000e+00,0.000000e+00,0.000000e+00,0.000000e+00,0.000000e+00,0.000000e+00,0.000000e+00,0.000000e+00,0.000000e+00,0.000000e+00,0.000000e+00,0.000000e+00,0.000000e+00
1.000000e+00,0.000000e+00,0.000000e+00,0.000000e+00,0.000000e+00,0.000000e+00,0.000000e+00,0.000000e+00,0.000000e+00,0.000000e+00,0.000000e+00,0.000000e+00,0.000000e+00,0.000000e+00,0.000000e+00
1.000000e+00,0.000000e+00,0.000000e+00,0.000000e+00,0.000000e+00,0.000000e+00,0.000000e+00,0.000000e+00,0.000000e+00,0.000000e+00,0.000000e+00,0.000000e+00,0.000000e+00,0.000000e+00,0.000000e+00
1.000000e+00,0.000000e+00,0.000000e+00,0.000000e+00,0.000000e+00,0.000000e+00,0.000000e+00,0.000000e+00,0.000000e+00,0.000000e+00,0.000000e+00,0.000000e+00,0.000000e+00,0.000000e+00,0.000000e+00
1.000000e+00,0.000000e+00,0.000000e+00,0.000000e+00,0.000000e+00,0.000000e+00,0.000000e+00,0.000000e+00,0.000000e+00,0.000000e+00,0.000000e+00,0.000000e+00,0.000000e+00,0.000000e+00,0.000000e+00
1.000000e+00,0.000000e+00,0.000000e+00,0.000000e+00,0.000000e+00,0.000000e+00,0.000000e+00,0.000000e+00,0.000000e+00,0.000000e+00,0.000000e+00,0.000000e+00,0.000000e+00,0.000000e+00,0.000000e+00
1.000000e+00,0.000000e+00,0.000000e+00,0.000000e+00,0.000000e+00,0.000000e+00,0.000000e+00,0.000000e+00,0.000000e+00,0.000000e+00,0.000000e+00,0.000000e+00,0.000000e+00,0.000000e+00,0.000000e+00
1.000000e+00,0.000000e+00,0.000000e+00,0.000000e+00,0.000000e+00,0.000000e+00,0.000000e+00,0.000000e+00,0.000000e+00,0.000000e+00,0.000000e+00,0.000000e+00,0.000000e+00,0.000000e+00,0.000000e+00
1.000000e+00,0.000000e+00,0.000000e+00,0.000000e+00,0.000000e+00,0.000000e+00,0.000000e+00,0.000000e+00,0.000000e+00,0.000000e+00,0.000000e+00,0.000000e+00,0.000000e+00,0.000000e+00,0.000000e+00
1.000000e+00,0.000000e+00,0.000000e+00,0.000000e+00,0.000000e+00,0.000000e+00,0.000000e+00,0.000000e+00,0.000000e+00,0.000000e+00,0.000000e+00,0.000000e+00,0.000000e+00,0.000000e+00,0.000000e+00
1.000000e+00,0.000000e+00,0.000000e+00,0.000000e+00,0.000000e+00,0.000000e+00,0.000000e+00,0.000000e+00,0.000000e+00,0.000000e+00,0.000000e+00,0.000000e+00,0.000000e+00,0.000000e+00,0.000000e+00
4.672543e-01,4.581781e-02,3.007251e-02,1.812354e-01,1.513463e-02,2.746836e-02,9.650468e-03,3.626082e-02,3.012039e-02,2.714390e-03,5.000855e-02,4.798076e-02,1.693731e-02,7.533108e-03,3.181103e-02
3.870154e-01,4.815157e-02,4.094230e-02,2.210490e-01,2.295146e-02,2.679250e-02,9.952456e-03,4.281402e-02,3.281670e-02,2.827221e-03,5.125963e-02,5.607511e-02,1.807996e-02,7.482553e-03,3.179003e-02
4.023221e-01,5.289643e-02,3.509699e-02,2.082655e-01,2.791220e-02,2.543176e-02,1.114456e-02,3.628852e-02,3.391471e-02,3.038060e-03,5.174687e-02,5.434895e-02,1.838281e-02,7.647590e-03,3.156295e-02
4.390557e-01,5.734486e-02,2.937164e-02,1.840854e-01,2.905743e-02,2.465133e-02,1.062951e-02,2.937143e-02,3.291913e-02,3.280659e-03,4.669091e-02,5.225297e-02,1.939424e-02,8.245371e-03,3.364936e-02
3.895154e-01,5.807451e-02,5.401146e-02,2.131923e-01,2.733224e-02,2.366209e-02,9.816647e-03,3.800317e-02,2.912414e-02,3.524494e-03,4.318032e-02,5.006203e-02,1.852477e-02,7.229242e-03,3.474711e-02
4.391071e-01,5.654883e-02,4.315900e-02,1.829570e-01,2.471863e-02,2.300164e-02,8.563477e-03,2.998046e-02,2.757423e-02,4.030913e-03,4.226575e-02,4.980453e-02,2.102846e-02,9.006768e-03,3.825312e-02
4.811906e-01,5.128665e-02,3.392924e-02,1.533880e-01,2.163391e-02,2.518203e-02,8.416113e-03,2.517729e-02,2.512977e-02,4.506764e-03,4.016769e-02,5.207167e-02,2.482335e-02,1.035525e-02,4.274161e-02
4.179747e-01,5.148647e-02,7.169186e-02,1.884053e-01,1.984454e-02,2.261779e-02,7.190682e-03,2.860228e-02,2.245283e-02,4.075085e-03,3.960276e-02,5.043816e-02,2.353407e-02,8.685794e-03,4.339761e-02
1.000000e+00,0.000000e+00,0.000000e+00,0.000000e+00,0.000000e+00,0.000000e+00,0.000000e+00,0.000000e+00,0.000000e+00,0.000000e+00,0.000000e+00,0.000000e+00,0.000000e+00,0.000000e+00,0.000000e+00
1.000000e+00,0.000000e+00,0.000000e+00,0.000000e+00,0.000000e+00,0.000000e+00,0.000000e+00,0.000000e+00,0.000000e+00,0.000000e+00,0.000000e+00,0.000000e+00,0.000000e+00,0.000000e+00,0.000000e+00
1.000000e+00,0.000000e+00,0.000000e+00,0.000000e+00,0.000000e+00,0.000000e+00,0.000000e+00,0.000000e+00,0.000000e+00,0.000000e+00,0.000000e+00,0.000000e+00,0.000000e+00,0.000000e+00,0.000000e+00
1.000000e+00,0.000000e+00,0.000000e+00,0.000000e+00,0.000000e+00,0.000000e+00,0.000000e+00,0.000000e+00,0.000000e+00,0.000000e+00,0.000000e+00,0.000000e+00,0.000000e+00,0.000000e+00,0.000000e+00
1.000000e+00,0.000000e+00,0.000000e+00,0.000000e+00,0.000000e+00,0.000000e+00,0.000000e+00,0.000000e+00,0.000000e+00,0.000000e+00,0.000000e+00,0.000000e+00,0.000000e+00,0.000000e+00,0.000000e+00
1.000000e+00,0.000000e+00,0.000000e+00,0.000000e+00,0.000000e+00,0.000000e+00,0.000000e+00,0.000000e+00,0.000000e+00,0.000000e+00,0.000000e+00,0.000000e+00,0.000000e+00,0.000000e+00,0.000000e+00
1.000000e+00,0.000000e+00,0.000000e+00,0.000000e+00,0.000000e+00,0.000000e+00,0.000000e+00,0.000000e+00,0.000000e+00,0.000000e+00,0.000000e+00,0.000000e+00,0.000000e+00,0.000000e+00,0.000000e+00
1.000000e+00,0.000000e+00,0.000000e+00,0.000000e+00,0.000000e+00,0.000000e+00,0.000000e+00,0.000000e+00,0.000000e+00,0.000000e+00,0.000000e+00,0.000000e+00,0.000000e+00,0.000000e+00,0.000000e+00
1.000000e+00,0.000000e+00,0.000000e+00,0.000000e+00,0.000000e+00,0.000000e+00,0.000000e+00,0.000000e+00,0.000000e+00,0.000000e+00,0.000000e+00,0.000000e+00,0.000000e+00,0.000000e+00,0.000000e+00
1.000000e+00,0.000000e+00,0.000000e+00,0.000000e+00,0.000000e+00,0.000000e+00,0.000000e+00,0.000000e+00,0.000000e+00,0.000000e+00,0.000000e+00,0.000000e+00,0.000000e+00,0.000000e+00,0.000000e+00
1.000000e+00,0.000000e+00,0.000000e+00,0.000000e+00,0.000000e+00,0.000000e+00,0.000000e+00,0.000000e+00,0.000000e+00,0.000000e+00,0.000000e+00,0.000000e+00,0.000000e+00,0.000000e+00,0.000000e+00
1.000000e+00,0.000000e+00,0.000000e+00,0.000000e+00,0.000000e+00,0.000000e+00,0.000000e+00,0.000000e+00,0.000000e+00,0.000000e+00,0.000000e+00,0.000000e+00,0.000000e+00,0.000000e+00,0.000000e+00
1.000000e+00,0.000000e+00,0.000000e+00,0.000000e+00,0.000000e+00,0.000000e+00,0.000000e+00,0.000000e+00,0.000000e+00,0.000000e+00,0.000000e+00,0.000000e+00,0.000000e+00,0.000000e+00,0.000000e+00
1.000000e+00,0.000000e+00,0.000000e+00,0.000000e+00,0.000000e+00,0.000000e+00,0.000000e+00,0.000000e+00,0.000000e+00,0.000000e+00,0.000000e+00,0.000000e+00,0.000000e+00,0.000000e+00,0.000000e+00
1.000000e+00,0.000000e+00,0.000000e+00,0.000000e+00,0.000000e+00,0.000000e+00,0.000000e+00,0.000000e+00,0.000000e+00,0.000000e+00,0.000000e+00,0.000000e+00,0.000000e+00,0.000000e+00,0.000000e+00
1.000000e+00,0.000000e+00,0.000000e+00,0.000000e+00,0.000000e+00,0.000000e+00,0.000000e+00,0.000000e+00,0.000000e+00,0.000000e+00,0.000000e+00,0.000000e+00,0.000000e+00,0.000000e+00,0.000000e+00
1.000000e+00,0.000000e+00,0.000000e+00,0.000000e+00,0.000000e+00,0.000000e+00,0.000000e+00,0.000000e+00,0.000000e+00,0.000000e+00,0.000000e+00,0.000000e+00,0.000000e+00,0.000000e+00,0.000000e+00
1.000000e+00,0.000000e+00,0.000000e+00,0.000000e+00,0.000000e+00,0.000000e+00,0.000000e+00,0.000000e+00,0.000000e+00,0.000000e+00,0.000000e+00,0.000000e+00,0.000000e+00,0.000000e+00,0.000000e+00
1.000000e+00,0.000000e+00,0.000000e+00,0.000000e+00,0.000000e+00,0.000000e+00,0.000000e+00,0.000000e+00,0.000000e+00,0.000000e+00,0.000000e+00,0.000000e+00,0.000000e+00,0.000000e+00,0.000000e+00
4.848372e-01,1.840034e-02,2.981482e-02,4.572613e-02,5.130106e-03,1.977703e-02,3.033660e-03,8.227411e-03,4.903437e-03,2.577570e-03,2.547803e-01,8.902812e-02,1.418304e-02,3.384899e-03,1.619589e-02
3.457138e-01,1.391816e-02,2.114834e-02,3.254475e-02,3.850035e-03,1.887863e-02,2.198739e-03,6.058284e-03,3.710261e-03,3.055015e-03,3.603827e-01,1.625581e-01,1.015627e-02,2.931387e-03,1.289552e-02
2.420384e-01,9.813444e-03,1.481461e-02,2.279601e-02,2.736607e-03,1.422857e-02,1.560423e-03,4.258167e-03,2.677521e-03,2.664802e-03,5.008115e-01,1.623050e-01,7.133798e-03,2.646475e-03,9.514596e-03
1.694421e-01,6.981229e-03,1.041535e-02,1.597545e-02,2.047782e-03,1.208284e-02,1.475267e-03,3.028502e-03,2.116471e-03,5.144791e-03,6.088994e-01,1.464623e-01,5.053886e-03,2.187974e-03,8.686685e-03
1.186779e-01,6.216967e-03,8.375103e-03,1.126850e-02,1.867728e-03,1.664055e-02,2.348741e-03,2.291919e-03,3.182130e-03,4.839661e-02,5.573955e-01,1.598730e-01,3.621763e-03,2.931800e-03,5.691177e-02
8.311166e-02,4.674806e-03,6.039019e-03,8.085740e-03,2.072290e-03,2.221338e-02,1.933163e-03,1.708307e-03,4.031281e-03,4.136124e-02,4.913007e-01,2.726824e-01,2.620434e-03,3.486075e-03,5.467946e-02
5.820690e-02,3.587089e-03,4.319612e-03,5.884291e-03,1.822304e-03,2.483959e-02,1.580919e-03,1.317067e-03,5.669714e-03,3.670210e-02,4.329298e-01,3.731835e-01,1.957740e-03,3.621476e-03,4.437791e-02
4.090006e-02,5.825516e-03,3.822829e-03,4.231249e-03,4.326480e-03,2.157399e-02,1.886083e-03,1.090560e-03,9.479741e-03,6.890870e-02,3.813319e-01,3.865367e-01,1.655167e-03,5.042876e-03,6.338806e-02
2.880079e-02,5.285338e-03,3.278457e-03,3.118317e-03,5.171277e-03,2.585902e-02,3.191940e-03,1.118897e-03,1.076465e-02,8.948089e-02,3.383395e-01,4.232485e-01,1.450508e-03,5.064372e-03,5.582746e-02
2.041199e-02,3.773216e-03,2.374579e-03,2.254454e-03,3.974388e-03,3.302167e-02,3.248880e-03,1.382201e-03,8.126676e-03,6.862051e-02,2.554639e-01,5.525258e-01,1.184706e-03,4.231591e-03,3.940540e-02
1.446273e-02,3.295838e-03,2.506164e-03,1.641374e-03,6.001653e-03,3.779187e-02,5.215774e-03,1.282901e-03,7.011946e-03,7.634262e-02,2.014604e-01,6.077403e-01,9.992719e-04,3.578289e-03,3.066884e-02
1.063510e-02,2.707290e-03,3.349570e-03,1.285665e-03,1.009967e-02,3.188233e-02,8.612738e-03,1.279706e-03,8.273248e-03,1.045240e-01,2.651925e-01,5.245255e-01,1.535590e-03,3.192247e-03,2.290470e-02
8.910784e-03,2.755200e-03,4.313380e-03,1.059358e-03,1.601511e-02,3.445579e-02,1.317634e-02,1.785627e-03,9.111443e-03,8.842639e-02,3.303277e-01,4.642619e-01,3.240493e-03,4.494988e-03,1.766546e-02
8.161895e-03,4.031405e-03,8.686423e-03,8.801950e-04,2.378444e-02,3.030644e-02,1.815496e-02,2.774797e-03,1.271407e-02,8.359483e-02,3.332303e-01,4.503568e-01,4.379828e-03,4.732177e-03,1.421143e-02
6.826333e-03,6.098810e-03,1.320742e-02,8.288176e-04,4.142384e-02,2.514200e-02,1.417298e-02,2.932199e-03,3.327391e-02,9.498920e-02,2.877005e-01,4.473771e-01,5.337673e-03,8.835984e-03,1.185311e-02
5.697432e-03,5.690660e-03,1.482909e-02,1.413023e-03,5.728327e-02,2.447523e-02,1.314600e-02,2.038789e-02,6.311516e-02,8.522463e-02,2.243302e-01,4.613358e-01,6.102352e-03,7.877555e-03,9.091715e-03
5.760784e-03,4.815279e-03,1.247230e-02,1.616651e-03,5.144200e-02,2.236373e-02,1.225775e-02,1.621411e-01,6.582245e-02,7.058082e-02,1.636834e-01,4.045765e-01,8.538559e-03,6.968291e-03,6.960391e-03
9.019278e-03,4.046972e-03,1.249241e-02,3.707354e-03,4.559973e-02,3.202593e-02,1.090552e-02,3.041794e-01,5.331212e-02,5.482354e-02,1.257374e-01,3.234612e-01,9.849177e-03,5.302456e-03,5.537544e-03
1.209887e-02,3.424246e-03,1.578497e-02,1.045761e-02,4.346291e-02,3.050642e-02,7.983531e-03,4.405494e-01,4.301408e-02,4.054842e-02,9.191535e-02,2.422054e-01,9.253799e-03,3.858558e-03,4.936493e-03
1.001112e-02,2.691380e-03,1.271936e-02,1.340466e-02,3.616818e-02,2.505235e-02,5.831808e-03,5.780374e-01,3.445838e-02,2.878735e-02,6.616134e-02,1.724198e-01,7.640584e-03,2.774077e-03,3.842146e-03
9.655915e-03,2.932627e-03,1.097582e-02,3.404681e-02,3.613420e-02,2.450361e-02,4.616664e-03,6.366220e-01,3.394858e-02,2.062512e-02,4.806872e-02,1.239678e-01,8.222727e-03,2.020943e-03,3.658563e-03
1.575221e-02,3.264962e-03,1.156635e-02,4.746640e-02,5.130411e-02,2.064756e-02,3.646756e-03,6.227348e-01,3.350119e-02,1.692048e-02,4.187842e-02,1.028421e-01,2.363734e-02,1.603066e-03,3.234177e-03
1.865077e-02,2.586810e-03,9.424819e-03,4.790624e-02,4.480383e-02,1.701761e-02,2.755728e-03,6.800737e-01,2.615598e-02,1.265516e-02,3.294639e-02,7.580591e-02,2.552361e-02,1.267266e-03,2.426213e-03
1.896196e-02,1.943506e-03,7.605583e-03,3.561225e-02,3.685677e-02,1.279073e-02,2.194695e-03,7.553782e-01,1.935881e-02,8.921356e-03,2.395194e-02,5.425036e-02,1.948217e-02,9.301535e-04,1.761553e-03
1.692517e-02,1.463524e-03,5.862684e-03,2.563971e-02,2.895116e-02,1.205192e-02,1.760028e-03,8.148648e-01,1.380661e-02,6.291311e-03,1.719406e-02,3.833555e-02,1.486604e-02,7.137747e-04,1.273689e-03
1.570385e-02,1.076625e-03,4.649024e-03,1.823848e-02,2.721739e-02,1.182877e-02,1.593411e-03,8.519495e-01,1.000813e-02,4.446016e-03,1.267822e-02,2.719746e-02,1.189872e-02,5.315614e-04,9.829617e-04
1.673584e-02,9.356352e-04,3.618924e-03,1.347976e-02,2.367745e-02,2.825407e-02,1.929001e-03,8.572545e-01,7.126894e-03,3.206925e-03,9.538386e-03,1.944845e-02,1.343967e-02,4.916263e-04,8.628852e-04
1.394323e-02,6.825878e-04,2.612423e-03,9.572896e-03,1.835488e-02,2.594047e-02,2.384470e-03,8.874874e-01,5.019710e-03,2.259457e-03,6.797479e-03,1.370901e-02,1.023844e-02,3.744868e-04,6.231960e-04
2.170247e-02,7.292012e-04,2.147595e-03,7.343086e-03,1.978446e-02,3.275235e-02,2.219077e-03,8.782655e-01,3.973397e-03,1.633717e-03,6.769382e-03,1.063442e-02,1.114126e-02,3.756821e-04,5.284449e-04
4.906599e-02,1.415554e-03,2.529196e-03,7.388053e-03,3.526875e-02,5.797932e-02,2.818078e-03,8.093962e-01,4.920740e-03,1.223594e-03,6.005759e-03,8.673902e-03,1.235580e-02,3.292429e-04,6.298200e-04
6.122474e-02,1.279152e-03,2.324621e-03,8.700756e-03,3.462086e-02,1.240471e-01,2.972513e-03,7.324700e-01,4.463000e-03,8.991109e-04,5.143551e-03,7.151932e-03,1.369021e-02,2.651995e-04,7.472230e-04
6.751597e-02,1.214449e-03,2.717813e-03,1.582950e-02,3.473645e-02,2.210768e-01,3.021031e-03,6.260567e-01,4.359186e-03,7.096745e-04,3.907848e-03,5.443838e-03,1.188670e-02,2.443476e-04,1.279698e-03
4.870089e-02,8.617951e-03,1.929022e-03,2.400187e-02,2.476494e-02,3.541167e-01,2.357814e-03,4.384734e-01,1.484444e-02,6.226717e-04,3.798723e-03,4.142049e-03,7.176492e-02,1.776155e-04,1.687028e-03
3.456693e-02,5.344188e-02,2.618115e-03,1.089788e-01,1.758695e-02,2.841479e-01,1.951703e-03,3.069552e-01,8.999024e-02,8.145698e-04,4.447069e-03,3.511253e-03,8.586548e-02,1.363420e-04,4.987550e-03
2.434070e-02,5.128482e-02,1.973734e-03,7.840765e-02,1.234723e-02,1.991128e-01,1.390823e-03,2.148859e-01,3.345070e-01,5.968151e-04,3.599737e-03,4.917518e-03,6.771441e-02,2.359948e-04,4.684903e-03
1.742793e-02,3.985615e-02,1.577344e-03,6.941357e-02,8.784507e-03,1.399658e-01,1.121614e-03,1.505479e-01,3.491901e-01,8.249013e-04,1.105406e-02,2.986401e-02,1.661398e-01,1.041905e-03,1.319050e-02
1.244773e-02,2.814313e-02,1.133499e-03,4.884979e-02,6.441019e-03,9.812810e-02,8.476942e-04,1.055675e-01,2.566830e-01,6.290938e-04,1.220218e-02,3.258338e-02,3.737736e-01,2.114966e-03,2.045532e-02
8.907174e-03,1.996227e-02,9.792759e-04,3.424329e-02,4.936887e-03,6.878870e-02,6.995484e-04,7.438758e-02,1.862874e-01,5.631859e-04,1.257605e-02,5.563575e-02,5.142248e-01,2.135716e-03,1.567240e-02
6.350772e-03,1.412991e-02,7.988967e-04,2.401610e-02,3.911451e-03,4.826425e-02,5.803102e-04,5.223696e-02,1.332617e-01,9.435441e-04,1.297511e-02,1.428195e-01,5.442376e-01,2.172915e-03,1.330103e-02
4.470198e-03,1.017431e-02,1.277288e-03,1.682255e-02,3.752340e-03,3.402147e-02,7.565467e-04,3.661726e-02,9.510123e-02,1.377659e-03,1.010653e-02,1.968987e-01,5.771501e-01,1.863620e-03,9.610148e-03
3.145912e-03,7.381039e-03,1.467007e-03,1.178157e-02,3.466947e-03,2.397413e-02,6.318571e-04,2.575469e-02,6.679516e-02,1.273551e-03,7.566249e-03,1.580497e-01,6.800950e-01,1.404386e-03,7.212733e-03
2.260040e-03,5.468129e-03,1.346353e-03,8.258312e-03,4.263893e-03,1.690543e-02,5.062302e-04,1.818356e-02,4.748484e-02,2.478401e-03,7.015265e-03,2.167059e-01,6.613841e-01,1.483983e-03,6.255508e-03
1.685954e-03,3.985487e-03,1.199219e-03,5.794709e-03,5.724942e-03,1.189577e-02,4.382367e-04,1.283415e-02,3.528796e-02,5.942054e-03,8.934433e-03,3.463196e-01,5.525200e-01,1.762677e-03,5.674758e-03
1.242724e-03,4.491203e-03,2.980970e-03,4.060232e-03,7.860528e-03,8.590548e-03,3.913969e-04,9.134221e-03,2.712111e-02,5.740413e-03,8.597934e-03,3.376115e-01,5.760843e-01,1.669946e-03,4.422925e-03
1.110583e-03,3.881194e-03,7.763992e-03,2.895808e-03,2.470161e-02,6.310584e-03,5.261424e-04,9.507559e-03,3.465377e-02,1.035379e-02,9.137699e-03,4.049220e-01,4.775127e-01,2.896711e-03,3.825723e-03
1.103350e-03,7.035675e-03,2.502675e-02,2.099798e-03,5.344322e-02,6.222733e-03,7.370636e-04,1.288346e-02,7.483457e-02,1.196394e-02,8.157451e-03,3.714071e-01,4.193777e-01,2.740114e-03,2.966998e-03
1.371374e-03,6.545541e-03,2.725010e-02,1.986233e-03,1.718867e-01,2.133974e-02,2.415006e-03,2.880527e-02,1.264319e-01,1.031919e-02,7.035928e-03,2.897078e-01,3.007127e-01,2.048173e-03,2.144229e-03
5.846072e-03,5.825621e-03,3.784736e-02,3.889825e-03,2.307330e-01,2.203671e-02,4.454334e-03,8.926864e-02,1.399355e-01,1.898847e-02,8.942170e-03,2.148050e-01,2.140207e-01,1.790830e-03,1.615762e-03
1.193313e-02,5.709423e-03,1.075838e-01,8.078339e-03,2.208557e-01,1.761831e-02,4.777860e-03,1.405063e-01,1.422910e-01,1.864324e-02,8.018162e-03,1.589870e-01,1.520959e-01,1.673762e-03,1.227955e-03
3.078680e-02,8.042431e-03,1.591817e-01,1.529454e-02,2.021550e-01,1.539408e-02,7.396623e-03,1.351515e-01,1.687554e-01,1.785656e-02,1.074030e-02,1.147834e-01,1.115176e-01,1.730229e-03,1.213792e-03
4.467017e-02,8.933062e-03,1.951844e-01,3.267096e-02,2.120607e-01,1.564899e-02,6.852149e-03,1.256685e-01,1.558059e-01,2.360938e-02,1.245759e-02,8.226305e-02,8.101866e-02,1.799259e-03,1.357110e-03
6.555794e-02,7.658148e-03,1.641821e-01,3.910678e-02,2.806026e-01,1.768167e-02,6.927380e-03,9.582984e-02,1.420577e-01,4.336151e-02,1.292204e-02,6.075210e-02,5.983596e-02,2.044006e-03,1.480191e-03
6.853801e-02,9.240128e-03,1.723666e-01,7.902545e-02,2.737638e-01,1.632972e-02,7.452379e-03,1.268451e-01,1.109512e-01,3.543247e-02,1.023635e-02,4.387339e-02,4.288979e-02,1.667220e-03,1.388370e-03
9.054334e-02,9.068608e-03,2.043571e-01,8.385998e-02,2.816112e-01,1.276871e-02,5.887148e-03,1.063374e-01,9.737457e-02,3.070796e-02,8.905107e-03,3.385957e-02,3.083254e-02,1.996079e-03,1.890700e-03
1.162951e-01,1.147002e-02,1.587923e-01,6.926125e-02,3.353425e-01,1.028311e-02,4.377246e-03,7.811842e-02,1.269131e-01,2.713113e-02,8.867543e-03,2.611287e-02,2.252195e-02,2.091253e-03,2.422189e-03
1.550648e-01,1.081711e-02,1.205105e-01,6.247606e-02,3.749991e-01,8.573274e-03,3.371450e-03,6.124023e-02,1.243826e-01,2.474610e-02,8.585844e-03,2.348367e-02,1.680021e-02,2.316508e-03,2.632467e-03
2.293687e-01,1.013986e-02,8.842689e-02,5.531618e-02,3.717980e-01,7.637104e-03,3.263358e-03,5.026449e-02,1.021858e-01,2.103723e-02,7.717333e-03,3.318201e-02,1.426638e-02,2.465877e-03,2.930666e-03
3.210095e-01,1.085564e-02,6.571947e-02,6.708013e-02,3.282944e-01,7.116875e-03,3.287494e-03,4.231871e-02,7.957237e-02,1.572502e-02,7.461573e-03,3.271135e-02,1.285935e-02,2.405409e-03,3.582688e-03
4.378962e-01,1.038014e-02,4.808849e-02,5.492818e-02,2.744728e-01,6.486532e-03,3.107284e-03,3.290562e-02,6.664979e-02,1.188120e-02,6.953012e-03,2.944260e-02,1.049092e-02,2.360995e-03,3.956188e-03
1.000000e+00,0.000000e+00,0.000000e+00,0.000000e+00,0.000000e+00,0.000000e+00,0.000000e+00,0.000000e+00,0.000000e+00,0.000000e+00,0.000000e+00,0.000000e+00,0.000000e+00,0.000000e+00,0.000000e+00
1.000000e+00,0.000000e+00,0.000000e+00,0.000000e+00,0.000000e+00,0.000000e+00,0.000000e+00,0.000000e+00,0.000000e+00,0.000000e+00,0.000000e+00,0.000000e+00,0.000000e+00,0.000000e+00,0.000000e+00
1.000000e+00,0.000000e+00,0.000000e+00,0.000000e+00,0.000000e+00,0.000000e+00,0.000000e+00,0.000000e+00,0.000000e+00,0.000000e+00,0.000000e+00,0.000000e+00,0.000000e+00,0.000000e+00,0.000000e+00
1.000000e+00,0.000000e+00,0.000000e+00,0.000000e+00,0.000000e+00,0.000000e+00,0.000000e+00,0.000000e+00,0.000000e+00,0.000000e+00,0.000000e+00,0.000000e+00,0.000000e+00,0.000000e+00,0.000000e+00
1.000000e+00,0.000000e+00,0.000000e+00,0.000000e+00,0.000000e+00,0.000000e+00,0.000000e+00,0.000000e+00,0.000000e+00,0.000000e+00,0.000000e+00,0.000000e+00,0.000000e+00,0.000000e+00,0.000000e+00
1.000000e+00,0.000000e+00,0.000000e+00,0.000000e+00,0.000000e+00,0.000000e+00,0.000000e+00,0.000000e+00,0.000000e+00,0.000000e+00,0.000000e+00,0.000000e+00,0.000000e+00,0.000000e+00,0.000000e+00
1.000000e+00,0.000000e+00,0.000000e+00,0.000000e+00,0.000000e+00,0.000000e+00,0.000000e+00,0.000000e+00,0.000000e+00,0.000000e+00,0.000000e+00,0.000000e+00,0.000000e+00,0.000000e+00,0.000000e+00
1.000000e+00,0.000000e+00,0.000000e+00,0.000000e+00,0.000000e+00,0.000000e+00,0.000000e+00,0.000000e+00,0.000000e+00,0.000000e+00,0.000000e+00,0.000000e+00,0.000000e+00,0.000000e+00,0.000000e+00
1.000000e+00,0.000000e+00,0.000000e+00,0.000000e+00,0.000000e+00,0.000000e+00,0.000000e+00,0.000000e+00,0.000000e+00,0.000000e+00,0.000000e+00,0.000000e+00,0.000000e+00,0.000000e+00,0.000000e+00
1.000000e+00,0.000000e+00,0.000000e+00,0.000000e+00,0.000000e+00,0.000000e+00,0.000000e+00,0.000000e+00,0.000000e+00,0.000000e+00,0.000000e+00,0.000000e+00,0.000000e+00,0.000000e+00,0.000000e+00
1.000000e+00,0.000000e+00,0.000000e+00,0.000000e+00,0.000000e+00,0.000000e+00,0.000000e+00,0.000000e+00,0.000000e+00,0.000000e+00,0.000000e+00,0.000000e+00,0.000000e+00,0.000000e+00,0.000000e+00
1.000000e+00,0.000000e+00,0.000000e+00,0.000000e+00,0.000000e+00,0.000000e+00,0.000000e+00,0.000000e+00,0.000000e+00,0.000000e+00,0.000000e+00,0.000000e+00,0.000000e+00,0.000000e+00,0.000000e+00
4.234573e-01,1.516954e-02,3.964448e-02,1.830188e-02,6.357685e-03,3.102924e-02,1.726366e-03,1.776266e-02,4.653436e-02,1.425140e-02,2.645263e-01,2.089193e-02,5.024474e-03,5.180536e-02,4.351696e-02
3.042099e-01,1.118218e-02,3.155348e-02,1.368717e-02,4.562931e-03,2.471801e-02,1.366270e-03,1.405052e-02,3.450371e-02,1.398243e-02,3.530071e-01,1.945882e-02,3.844344e-03,1.386140e-01,3.125907e-02
2.148744e-01,8.058496e-03,2.378867e-02,1.033364e-02,3.300222e-03,3.017870e-02,1.025130e-03,1.074441e-02,2.589671e-02,1.118595e-02,4.201659e-01,1.721466e-02,3.058263e-03,1.978787e-01,2.229609e-02
1.507355e-01,5.790878e-03,1.673323e-02,8.057718e-03,2.535318e-03,2.232760e-02,7.716419e-04,7.700391e-03,1.901262e-02,7.981349e-03,5.131575e-01,1.709758e-02,2.787881e-03,2.095907e-01,1.572001e-02
1.057457e-01,4.144685e-03,1.174533e-02,6.031259e-03,1.852649e-03,1.621518e-02,5.690392e-04,5.432761e-03,1.378907e-02,5.763273e-03,6.156549e-01,1.576609e-02,2.360849e-03,1.838313e-01,1.109782e-02
7.408936e-02,5.663283e-03,8.824260e-03,4.742897e-03,3.828790e-03,1.215869e-02,5.222065e-04,3.879151e-03,1.206283e-02,5.045497e-03,6.439415e-01,1.865500e-02,1.948185e-03,1.965908e-01,8.047550e-03
5.203904e-02,4.892514e-03,6.992582e-03,3.639111e-03,1.143849e-02,9.059741e-03,5.154217e-04,3.026463e-03,9.516250e-03,4.934818e-03,5.849477e-01,1.481317e-02,1.761007e-03,2.865494e-01,5.874203e-03
3.684931e-02,4.522764e-03,2.051517e-02,3.208797e-03,2.032450e-02,7.471548e-03,1.242808e-03,4.947133e-03,7.424039e-03,5.815505e-03,5.150452e-01,1.171903e-02,2.003754e-03,3.546069e-01,4.303540e-03
2.588763e-02,3.771536e-03,1.556582e-02,2.531135e-03,3.005985e-02,5.672674e-03,9.907917e-04,4.111425e-03,5.683709e-03,5.507531e-03,5.128394e-01,9.095080e-03,1.677452e-03,3.735409e-01,3.065031e-03
1.836967e-02,3.568276e-03,1.496676e-02,2.006335e-03,2.543361e-02,4.524062e-03,8.941721e-04,3.347908e-03,4.706071e-03,6.746025e-03,5.444393e-01,8.475325e-03,1.429654e-03,3.588216e-01,2.271228e-03
1.361258e-02,8.242680e-03,1.313447e-02,1.529862e-03,2.745163e-02,4.996046e-03,7.037756e-04,2.616770e-03,4.467487e-03,8.342804e-03,5.272869e-01,8.939523e-03,1.176334e-03,3.757161e-01,1.783126e-03
1.074287e-02,8.478656e-03,3.930194e-02,2.634092e-03,5.516989e-02,7.616313e-03,2.599157e-03,2.486058e-02,7.271013e-03,1.062678e-02,4.451763e-01,9.772683e-03,1.665508e-03,3.726469e-01,1.437343e-03
1.141973e-02,3.859108e-02,7.360487e-02,4.309162e-03,8.334225e-02,1.456863e-02,4.697402e-03,3.946228e-02,3.560432e-02,1.079247e-02,3.605828e-01,9.556055e-03,1.910514e-03,3.098927e-01,1.665725e-03
8.938287e-03,8.680539e-02,5.478318e-02,3.998056e-03,6.727988e-02,2.867534e-02,3.482374e-03,2.918395e-02,2.243225e-01,8.576892e-03,2.551174e-01,7.368470e-03,1.916202e-03,2.178509e-01,1.701262e-03
7.187614e-03,1.071318e-01,4.264926e-02,7.269110e-03,6.310180e-02,4.521620e-02,2.602735e-03,2.196194e-02,3.524635e-01,7.784260e-03,1.797570e-01,5.623942e-03,1.910259e-03,1.527397e-01,2.600876e-03
5.824875e-03,1.156837e-01,5.927758e-02,5.921458e-02,4.969963e-02,5.180211e-02,1.864801e-03,1.762797e-02,3.519307e-01,1.162575e-02,1.358184e-01,5.460009e-03,7.994331e-03,1.073217e-01,1.885382e-02
7.340540e-03,1.061130e-01,4.985897e-02,5.118700e-02,4.163219e-02,6.909716e-02,1.393701e-03,1.509419e-02,3.546711e-01,1.177728e-02,1.032822e-01,6.855886e-03,1.852075e-02,7.691233e-02,8.626369e-02
1.044329e-02,9.255708e-02,4.454090e-02,3.904487e-02,7.025899e-02,1.237334e-01,1.137060e-03,1.421567e-02,3.419618e-01,9.411313e-03,8.197808e-02,5.841672e-03,1.605269e-02,5.509406e-02,9.372918e-02
2.413108e-02,8.635236e-02,7.080802e-02,6.231035e-02,8.595616e-02,1.088540e-01,1.081618e-03,4.025572e-02,2.887691e-01,7.304414e-03,6.271450e-02,5.330378e-03,1.321610e-02,3.953120e-02,1.033850e-01
3.424831e-02,7.511853e-02,1.226802e-01,5.806315e-02,9.864780e-02,1.101411e-01,1.140090e-03,4.386317e-02,2.505658e-01,6.343987e-03,4.863809e-02,4.180379e-03,9.726711e-03,2.894088e-02,1.077019e-01
4.111789e-02,5.896270e-02,2.559977e-01,4.522706e-02,9.113923e-02,1.308494e-01,1.060397e-03,3.224095e-02,1.904880e-01,4.711055e-03,3.629059e-02,3.045230e-03,6.949731e-03,2.116669e-02,8.075344e-02
4.011365e-02,4.824586e-02,3.196152e-01,1.274970e-01,8.490033e-02,9.700533e-02,1.040388e-03,2.505895e-02,1.412081e-01,4.159124e-03,2.621491e-02,2.455142e-03,5.078312e-03,1.496889e-02,6.243874e-02
6.679922e-02,6.045204e-02,3.384040e-01,1.164418e-01,1.006560e-01,8.277337e-02,1.456369e-03,2.114340e-02,1.171127e-01,4.028752e-03,1.938254e-02,2.216195e-03,4.143729e-03,1.108825e-02,5.390172e-02
7.850137e-02,5.143163e-02,3.461019e-01,1.670398e-01,9.605484e-02,6.297332e-02,1.478756e-03,2.143796e-02,1.028977e-01,3.827190e-03,1.452482e-02,2.146686e-03,3.552379e-03,8.090438e-03,3.994111e-02
8.262065e-02,4.875416e-02,2.867233e-01,2.502365e-01,8.423223e-02,4.549650e-02,1.167440e-03,4.276923e-02,9.903747e-02,4.361774e-03,1.225370e-02,1.794986e-03,2.843793e-03,6.171728e-03,3.153670e-02
9.822336e-02,5.006510e-02,2.294665e-01,3.446390e-01,6.403719e-02,3.422341e-02,1.035623e-03,4.082657e-02,8.696577e-02,4.285760e-03,1.134049e-02,1.630297e-03,3.048517e-03,5.131006e-03,2.508153e-02
7.571771e-02,3.767771e-02,1.618061e-01,3.644109e-01,4.638332e-02,2.709160e-02,8.017450e-04,2.914909e-02,7.110056e-02,7.504843e-03,1.459862e-02,2.508423e-03,1.370994e-01,3.706724e-03,2.044336e-02
5.900149e-02,4.855931e-02,1.159892e-01,3.264056e-01,3.347355e-02,2.135847e-02,7.318773e-04,2.102794e-02,1.244856e-01,1.615833e-02,1.331688e-02,2.770711e-03,1.725821e-01,3.554294e-03,4.058475e-02
4.182673e-02,3.777201e-02,8.188415e-02,2.380994e-01,2.360577e-02,1.625313e-02,5.308017e-04,1.493507e-02,9.430385e-02,1.234329e-02,1.103125e-02,3.774429e-03,3.886600e-01,2.631632e-03,3.234850e-02
3.150608e-02,2.722009e-02,5.781358e-02,1.733566e-01,1.685305e-02,1.281072e-02,4.235016e-04,1.077112e-02,6.814495e-02,8.873380e-03,8.583277e-03,3.509837e-03,5.537259e-01,1.892249e-03,2.451573e-02
2.282714e-02,2.053394e-02,4.067891e-02,1.227199e-01,1.205145e-02,1.053629e-02,3.362133e-04,8.519749e-03,5.277455e-02,6.479606e-03,6.557895e-03,6.673492e-03,6.684550e-01,1.380896e-03,1.947503e-02
1.804421e-02,1.530677e-02,2.863481e-02,8.606362e-02,8.597940e-03,1.149654e-02,4.395124e-04,6.349923e-03,3.978296e-02,4.587722e-03,4.889668e-03,9.816375e-03,7.509691e-01,1.019210e-03,1.400168e-02
1.344863e-02,1.093771e-02,2.010290e-02,6.046209e-02,6.113722e-03,9.727339e-03,3.584124e-04,4.588644e-03,2.949175e-02,3.220449e-03,3.650463e-03,1.024120e-02,8.169589e-01,7.315666e-04,9.966226e-03
1.098839e-02,7.760285e-03,1.436249e-02,4.253317e-02,5.392466e-03,2.908597e-02,8.584794e-04,4.820176e-03,2.200883e-02,2.288731e-03,3.053655e-03,1.194075e-02,8.370143e-01,7.043637e-04,7.188026e-03
9.407811e-03,5.646481e-03,1.027519e-02,3.002580e-02,6.701245e-03,2.879770e-02,8.554183e-04,4.073398e-03,1.768614e-02,1.668882e-03,2.768626e-03,1.781376e-02,8.583142e-01,6.806343e-04,5.284756e-03
7.977913e-03,4.699247e-03,8.313753e-03,2.154956e-02,5.549680e-03,1.705380e-01,8.419665e-04,2.946688e-03,1.331110e-02,1.474036e-03,3.762598e-03,2.943348e-02,7.245339e-01,8.209448e-04,4.247098e-03
1.038375e-02,3.659175e-03,6.852120e-03,1.600515e-02,1.910430e-02,1.368377e-01,2.478875e-03,3.165347e-03,1.132384e-02,1.531247e-03,9.027531e-03,3.153306e-02,7.430335e-01,1.216086e-03,3.848332e-03
1.499313e-02,4.001956e-03,7.127165e-03,1.200382e-02,8.177242e-02,1.001814e-01,4.068521e-03,2.853169e-03,2.419870e-02,2.613903e-03,1.584872e-02,4.509446e-02,6.723851e-01,3.251589e-03,9.605839e-03
3.242492e-02,7.418998e-03,5.331591e-02,2.311866e-02,1.336586e-01,7.485650e-02,4.313479e-03,6.616709e-03,4.332971e-02,9.192827e-03,2.861258e-02,4.309560e-02,5.233017e-01,3.413985e-03,1.332978e-02
9.718759e-02,8.780543e-03,5.637691e-02,1.971505e-02,1.165611e-01,5.555556e-02,4.127515e-03,2.344560e-02,6.050847e-02,1.039016e-02,3.857838e-02,4.219899e-02,4.462931e-01,4.833045e-03,1.544798e-02
2.194663e-01,1.179408e-02,8.599414e-02,1.810047e-02,1.043986e-01,4.559769e-02,6.415473e-03,2.740177e-02,5.397696e-02,8.222666e-03,3.307956e-02,3.338810e-02,3.331536e-01,4.573763e-03,1.443680e-02
2.335631e-01,3.146792e-02,8.023268e-02,1.718093e-02,1.092877e-01,8.080949e-02,1.037641e-02,2.360969e-02,5.294736e-02,7.001725e-03,2.728146e-02,2.737553e-02,2.804840e-01,4.234880e-03,1.414718e-02
2.172989e-01,3.823916e-02,9.664187e-02,5.387319e-02,1.462781e-01,7.861887e-02,1.188903e-02,4.550869e-02,4.406409e-02,5.549114e-03,2.145821e-02,2.166806e-02,2.034080e-01,3.465880e-03,1.203876e-02
1.709884e-01,2.849449e-02,7.627961e-02,3.883060e-02,1.894796e-01,6.442091e-02,1.327277e-02,1.971669e-01,3.143887e-02,3.925413e-03,1.560094e-02,1.537490e-02,1.436432e-01,2.472501e-03,8.611038e-03
1.229832e-01,2.017927e-02,5.422164e-02,2.756370e-02,2.172597e-01,4.665501e-02,1.789583e-02,3.374001e-01,2.212023e-02,2.762937e-03,1.116123e-02,1.079499e-02,1.009985e-01,1.745888e-03,6.257774e-03
8.672083e-02,1.415103e-02,3.814462e-02,1.945422e-02,2.130150e-01,3.324614e-02,4.015627e-02,4.442913e-01,1.550756e-02,2.001664e-03,7.958282e-03,7.591393e-03,7.204345e-02,1.228317e-03,4.489886e-03
6.181991e-02,9.997665e-03,2.691287e-02,1.405814e-02,2.600454e-01,3.929165e-02,8.469084e-02,3.724712e-01,1.088316e-02,1.504092e-03,7.265194e-03,5.405468e-03,9.703930e-02,8.709322e-04,7.744150e-03
4.596162e-02,7.186878e-03,1.919943e-02,1.072067e-02,2.918037e-01,3.393354e-02,9.924720e-02,3.406916e-01,7.711654e-03,1.508156e-03,8.869588e-03,4.084722e-03,1.086025e-01,7.015591e-04,1.977723e-02
3.737200e-02,5.224452e-03,1.350634e-02,1.247241e-02,3.543963e-01,6.142297e-02,1.218390e-01,2.494507e-01,5.841840e-03,1.702198e-03,1.673981e-02,3.957788e-03,7.982830e-02,5.887893e-04,3.565719e-02
3.383325e-02,4.960591e-03,9.613208e-03,1.435825e-02,3.281068e-01,1.453487e-01,1.676067e-01,1.819755e-01,4.628630e-03,1.592463e-03,1.422628e-02,4.323932e-03,5.805642e-02,6.265557e-04,3.074264e-02
3.723083e-02,7.744351e-03,7.773149e-03,1.169677e-02,3.292179e-01,2.360964e-01,1.536618e-01,1.309569e-01,3.529247e-03,1.876286e-03,1.080362e-02,4.290707e-03,4.181213e-02,7.877277e-04,2.252210e-02
4.417562e-02,7.167807e-03,8.611203e-03,9.695348e-03,2.683129e-01,3.105084e-01,1.863497e-01,1.005441e-01,2.719802e-03,1.795714e-03,7.806919e-03,3.876231e-03,3.006357e-02,7.887520e-04,1.758375e-02
4.657160e-02,6.496882e-03,7.970987e-03,7.920204e-03,2.067801e-01,4.421795e-01,1.538792e-01,7.853521e-02,2.154947e-03,1.748247e-03,5.652313e-03,4.459240e-03,2.160273e-02,8.534096e-04,1.319535e-02
3.630711e-02,5.315741e-03,6.080390e-03,6.357128e-03,1.503659e-01,5.896691e-01,1.092155e-01,5.561287e-02,1.803229e-03,1.577225e-03,4.539428e-03,6.951532e-03,1.572849e-02,8.722809e-04,9.604029e-03
2.561690e-02,4.208103e-03,4.340014e-03,4.493446e-03,1.073621e-01,7.020723e-01,7.653570e-02,3.895896e-02,1.306335e-03,1.190906e-03,3.796168e-03,1.135552e-02,1.135294e-02,6.562999e-04,6.754233e-03
1.845687e-02,3.132920e-03,3.145618e-03,3.237560e-03,7.542367e-02,7.222832e-01,5.373218e-02,2.738447e-02,1.011781e-03,1.086573e-03,1.274626e-02,6.349996e-02,9.422025e-03,5.654577e-04,4.871378e-03
1.301136e-02,2.225931e-03,2.251403e-03,2.291804e-03,5.281760e-02,5.617335e-01,3.764804e-02,1.919498e-02,8.022473e-04,8.474952e-04,2.815827e-02,2.680723e-01,7.014187e-03,4.359999e-04,3.494879e-03
9.164899e-03,1.732998e-03,1.643887e-03,1.614632e-03,3.698249e-02,4.026523e-01,2.636656e-02,1.344755e-02,6.652217e-04,6.451579e-04,3.106345e-02,4.659732e-01,5.212179e-03,3.249903e-04,2.510430e-03
6.433819e-03,1.281586e-03,1.170524e-03,1.133409e-03,2.590206e-02,2.823492e-01,1.845812e-02,9.416413e-03,5.903513e-04,4.753489e-04,3.058279e-02,6.164219e-01,3.771867e-03,2.446311e-04,1.767920e-03
4.513592e-03,9.260532e-04,8.263755e-04,7.948137e-04,1.814336e-02,1.977796e-01,1.292119e-02,6.593579e-03,5.222105e-04,3.517825e-04,2.714068e-02,7.253786e-01,2.685785e-03,1.805752e-04,1.241687e-03
3.203073e-03,8.276494e-04,6.391293e-04,5.587101e-04,1.274235e-02,1.385064e-01,9.048834e-03,4.668933e-03,4.960066e-04,2.753480e-04,2.294129e-02,8.031568e-01,1.925873e-03,1.377809e-04,8.718238e-04
2.264240e-03,8.382834e-04,4.945090e-04,3.940558e-04,8.936893e-03,9.703574e-02,6.335743e-03,3.337847e-03,4.393954e-04,2.183040e-04,3.741378e-02,8.401968e-01,1.375765e-03,1.049390e-04,6.136806e-04
1.662904e-03,3.336409e-03,1.240169e-03,3.045448e-04,6.326546e-03,6.803089e-02,4.440536e-03,3.025426e-03,6.315153e-04,1.814113e-04,3.635054e-02,8.729824e-01,9.757559e-04,7.863283e-05,4.323545e-04
1.206066e-03,4.040058e-03,1.477409e-03,3.199838e-04,4.559678e-03,4.766795e-02,3.114198e-03,4.553646e-03,9.979513e-04,1.491818e-04,4.573556e-02,8.851168e-01,6.895010e-04,6.748696e-05,3.045894e-04
8.904655e-04,1.105877e-02,6.787167e-03,8.236611e-04,3.515052e-03,3.343168e-02,2.209105e-03,9.470522e-03,1.484705e-03,1.285421e-04,3.789949e-02,8.915306e-01,4.879277e-04,6.805205e-05,2.143180e-04
7.355810e-04,1.369943e-02,8.316409e-03,1.374060e-03,3.119899e-03,2.360662e-02,1.673185e-03,1.948370e-02,2.265409e-03,1.406735e-04,3.364082e-02,8.913177e-01,3.550855e-04,1.177259e-04,1.537206e-04
7.453742e-04,1.045427e-02,2.131292e-02,3.883495e-03,4.630561e-03,1.729092e-02,1.071692e-02,1.359525e-01,6.235081e-03,4.808213e-04,2.650140e-02,7.612797e-01,2.740036e-04,1.277587e-04,1.143301e-04
1.127120e-03,8.580046e-03,4.180457e-02,7.387863e-03,4.838823e-03,1.399796e-02,1.072060e-02,1.388391e-01,8.711135e-03,1.029978e-03,2.330318e-02,7.391769e-01,2.630060e-04,1.194581e-04,1.003441e-04
1.577766e-03,8.409079e-03,3.464121e-02,7.213243e-03,4.255827e-03,1.139548e-02,8.038525e-03,1.026170e-01,8.001637e-03,1.089251e-03,3.552919e-02,7.765512e-01,3.993646e-04,1.874646e-04,9.384860e-05
1.817086e-03,7.109751e-03,2.665473e-02,6.178085e-03,3.542958e-03,9.158541e-03,5.882895e-03,7.461449e-02,6.621978e-03,1.006615e-03,4.176801e-02,8.148731e-01,4.950293e-04,1.966835e-04,8.004661e-05
3.041730e-03,8.596195e-03,2.641783e-02,1.225403e-02,7.918245e-03,1.297060e-02,4.662312e-03,6.400163e-02,5.827861e-03,1.062362e-03,7.721931e-02,7.750277e-01,6.335131e-04,2.743354e-04,9.237746e-05
6.025715e-03,1.017396e-02,3.633168e-02,2.221074e-02,3.324170e-02,1.438977e-02,5.959867e-03,1.225966e-01,5.882979e-03,1.865930e-03,1.050408e-01,6.342264e-01,1.300817e-03,6.017121e-04,1.514159e-04
1.575247e-02,1.354087e-02,3.588159e-02,2.118115e-02,4.092425e-02,1.489488e-02,5.318461e-03,1.010419e-01,5.748597e-03,2.554443e-03,1.323984e-01,6.064507e-01,2.583541e-03,1.431877e-03,2.969280e-04
3.142754e-02,1.567402e-02,4.167289e-02,2.833567e-02,6.099897e-02,2.456198e-02,4.949202e-03,1.102213e-01,6.024946e-03,5.438677e-03,1.602927e-01,5.036780e-01,2.332317e-03,3.769528e-03,6.222839e-04
4.708872e-02,1.674533e-02,4.022159e-02,2.538125e-02,6.309298e-02,2.646536e-02,3.918755e-03,8.619656e-02,6.221757e-03,7.879380e-03,2.444271e-01,4.206925e-01,2.512762e-03,8.394163e-03,7.618178e-04
