1.000000e+00,0.000000e+00,0.000000e+00,0.000000e+00,0.000000e+00,0.000000e+00,0.000000e+00,0.000000e+00,0.000000e+00,0.000000e+00,0.000000e+00,0.000000e+00,0.000000e+00,0.000000e+00,0.000000e+00
1.000000e+00,0.000000e+00,0.000000e+00,0.000000e+00,0.000000e+00,0.000000e+00,0.000000e+00,0.000000e+00,0.000000e+00,0.000000e+00,0.000000e+00,0.000000e+00,0.000000e+00,0.000000e+00,0.000000e+00
1.000000e+00,0.000000e+00,0.000000e+00,0.000000e+00,0.000000e+00,0.000000e+00,0.000000e+00,0.000000e+00,0.000000e+00,0.000000e+00,0.000000e+00,0.000000e+00,0.000000e+00,0.000000e+00,0.000000e+00
1.000000e+00,0.000000e+00,0.000000e+00,0.000000e+00,0.000000e+00,0.000000e+00,0.000000e+00,0.000000e+00,0.000000e+00,0.000000e+00,0.000000e+00,0.000000e+00,0.000000e+00,0.000000e+00,0.000000e+00
1.000000e+00,0.000000e+00,0.000000e+00,0.000000e+00,0.000000e+00,0.000000e+00,0.000000e+00,0.000000e+00,0.000000e+00,0.000000e+00,0.000000e+00,0.000000e+00,0.000000e+00,0.000000e+00,0.000000e+00
1.000000e+00,0.000000e+00,0.000000e+00,0.000000e+00,0.000000e+00,0.000000e+00,0.000000e+00,0.000000e+00,0.000000e+00,0.000000e+00,0.000000e+00,0.000000e+00,0.000000e+00,0.000000e+00,0.000000e+00
1.000000e+00,0.000000e+00,0.000000e+00,0.000000e+00,0.000000e+00,0.000000e+00,0.000000e+00,0.000000e+00,0.000000e+00,0.000000e+00,0.000000e+00,0.000000e+00,0.000000e+00,0.000000e+00,0.000000e+00
1.000000e+00,0.000000e+00,0.000000e+00,0.000000e+00,0.000000e+00,0.000000e+00,0.000000e+00,0.000000e+00,0.000000e+00,0.000000e+00,0.000000e+00,0.000000e+00,0.000000e+00,0.000000e+00,0.000000e+00
1.000000e+00,0.000000e+00,0.000000e+00,0.000000e+00,0.000000e+00,0.000000e+00,0.000000e+00,0.000000e+00,0.000000e+00,0.000000e+00,0.000000e+00,0.000000e+00,0.000000e+00,0.000000e+00,0.000000e+00
1.000000e+00,0.000000e+00,0.000000e+00,0.000000e+00,0.000000e+00,0.000000e+00,0.000000e+00,0.000000e+00,0.000000e+00,0.000000e+00,0.000000e+00,0.000000e+00,0.000000e+00,0.000000e+00,0.000000e+00
1.000000e+00,0.000000e+00,0.000000e+00,0.000000e+00,0.000000e+00,0.000000e+00,0.000000e+00,0.000000e+00,0.000000e+00,0.000000e+00,0.000000e+00,0.000000e+00,0.000000e+00,0.000000e+00,0.000000e+00
1.000000e+00,0.000000e+00,0.000000e+00,0.000000e+00,0.000000e+00,0.000000e+00,0.000000e+00,0.000000e+00,0.000000e+00,0.000000e+00,0.000000e+00,0.000000e+00,0.000000e+00,0.000000e+00,0.000000e+00
1.000000e+00,0.000000e+00,0.000000e+00,0.000000e+00,0.000000e+00,0.000000e+00,0.000000e+00,0.000000e+00,0.000000e+00,0.000000e+00,0.000000e+00,0.000000e+00,0.000000e+00,0.000000e+00,0.000000e+00
1.000000e+00,0.000000e+00,0.000000e+00,0.000000e+00,0.000000e+00,0.000000e+00,0.000000e+00,0.000000e+00,0.000000e+00,0.000000e+00,0.000000e+00,0.000000e+00,0.000000e+00,0.000000e+00,0.000000e+00
1.000000e+00,0.000000e+00,0.000000e+00,0.000000e+00,0.000000e+00,0.000000e+00,0.000000e+00,0.000000e+00,0.000000e+00,0.000000e+00,0.000000e+00,0.000000e+00,0.000000e+00,0.000000e+00,0.000000e+00
1.000000e+00,0.000000e+00,0.000000e+00,0.000000e+00,0.000000e+00,0.000000e+00,0.000000e+00,0.000000e+00,0.000000e+00,0.000000e+00,0.000000e+00,0.000000e+00,0.000000e+00,0.000000e+00,0.000000e+00
1.000000e+00,0.000000e+00,0.000000e+00,0.000000e+00,0.000000e+00,0.000000e+00,0.000000e+00,0.000000e+00,0.000000e+00,0.000000e+00,0.000000e+00,0.000000e+00,0.000000e+00,0.000000e+00,0.000000e+00
1.000000e+00,0.000000e+00,0.000000e+00,0.000000e+00,0.000000e+00,0.000000e+00,0.000000e+00,0.000000e+00,0.000000e+00,0.000000e+00,0.000000e+00,0.000000e+00,0.000000e+00,0.000000e+00,0.000000e+00
1.000000e+00,0.000000e+00,0.000000e+00,0.000000e+00,0.000000e+00,0.000000e+00,0.000000e+00,0.000000e+00,0.000000e+00,0.000000e+00,0.000000e+00,0.000000e+00,0.000000e+00,0.000000e+00,0.000000e+00
1.000000e+00,0.000000e+00,0.000000e+00,0.000000e+00,0.000000e+00,0.000000e+00,0.000000e+00,0.000000e+00,0.000000e+00,0.000000e+00,0.000000e+00,0.000000e+00,0.000000e+00,0.000000e+00,0.000000e+00
1.000000e+00,0.000000e+00,0.000000e+00,0.000000e+00,0.000000e+00,0.000000e+00,0.000000e+00,0.000000e+00,0.000000e+00,0.000000e+00,0.000000e+00,0.000000e+00,0.000000e+00,0.000000e+00,0.000000e+00
1.000000e+00,0.000000e+00,0.000000e+00,0.000000e+00,0.000000e+00,0.000000e+00,0.000000e+00,0.000000e+00,0.000000e+00,0.000000e+00,0.000000e+00,0.000000e+00,0.000000e+00,0.000000e+00,0.000000e+00
1.000000e+00,0.000000e+00,0.000000e+00,0.000000e+00,0.000000e+00,0.000000e+00,0.000000e+00,0.000000e+00,0.000000e+00,0.000000e+00,0.000000e+00,0.000000e+00,0.000000e+00,0.000000e+00,0.000000e+00
1.000000e+00,0.000000e+00,0.000000e+00,0.000000e+00,0.000000e+00,0.000000e+00,0.000000e+00,0.000000e+00,0.000000e+00,0.000000e+00,0.000000e+00,0.000000e+00,0.000000e+00,0.000000e+00,0.000000e+00
1.000000e+00,0.000000e+00,0.000000e+00,0.000000e+00,0.000000e+00,0.000000e+00,0.000000e+00,0.000000e+00,0.000000e+00,0.000000e+00,0.000000e+00,0.000000e+00,0.000000e+00,0.000000e+00,0.000000e+00
1.000000e+00,0.000000e+00,0.000000e+00,0.000000e+00,0.000000e+00,0.000000e+00,0.000000e+00,0.000000e+00,0.000000e+00,0.000000e+00,0.000000e+00,0.000000e+00,0.000000e+00,0.000000e+00,0.000000e+00
1.000000e+00,0.000000e+00,0.000000e+00,0.000000e+00,0.000000e+00,0.000000e+00,0.000000e+00,0.000000e+00,0.000000e+00,0.000000e+00,0.000000e+00,0.000000e+00,0.000000e+00,0.000000e+00,0.000000e+00
1.000000e+00,0.000000e+00,0.000000e+00,0.000000e+00,0.000000e+00,0.000000e+00,0.000000e+00,0.000000e+00,0.000000e+00,0.000000e+00,0.000000e+00,0.000000e+00,0.000000e+00,0.000000e+00,0.000000e+00
1.000000e+00,0.000000e+00,0.000000e+00,0.000000e+00,0.000000e+00,0.000000e+00,0.000000e+00,0.000000e+00,0.000000e+00,0.000000e+00,0.000000e+00,0.000000e+00,0.000000e+00,0.000000e+00,0.000000e+00
1.000000e+00,0.000000e+00,0.000000e+00,0.000000e+00,0.000000e+00,0.000000e+00,0.000000e+00,0.000000e+00,0.000000e+00,0.000000e+00,0.000000e+00,0.000000e+00,0.000000e+00,0.000000e+00,0.000000e+00
1.000000e+00,0.000000e+00,0.000000e+00,0.000000e+00,0.000000e+00,0.000000e+00,0.000000e+00,0.000000e+00,0.000000e+00,0.000000e+00,0.000000e+00,0.000000e+00,0.000000e+00,0.000000e+00,0.000000e+00
1.000000e+00,0.000000e+00,0.000000e+00,0.000000e+00,0.000000e+00,0.000000e+00,0.000000e+00,0.000000e+00,0.000000e+00,0.000000e+00,0.000000e+00,0.000000e+00,0.000000e+00,0.000000e+00,0.000000e+00
1.000000e+00,0.000000e+00,0.000000e+00,0.000000e+00,0.000000e+00,0.000000e+00,0.000000e+00,0.000000e+00,0.000000e+00,0.000000e+00,0.000000e+00,0.000000e+00,0.000000e+00,0.000000e+00,0.000000e+00
1.000000e+00,0.000000e+00,0.000000e+00,0.000000e+00,0.000000e+00,0.000000e+00,0.000000e+00,0.000000e+00,0.000000e+00,0.000000e+00,0.000000e+00,0.000000e+00,0.000000e+00,0.000000e+00,0.000000e+00
1.000000e+00,0.000000e+00,0.000000e+00,0.000000e+00,0.000000e+00,0.000000e+00,0.000000e+00,0.000000e+00,0.000000e+00,0.000000e+00,0.000000e+00,0.000000e+00,0.000000e+00,0.000000e+00,0.000000e+00
1.000000e+00,0.000000e+00,0.000000e+00,0.000000e+00,0.000000e+00,0.000000e+00,0.000000e+00,0.000000e+00,0.000000e+00,0.000000e+00,0.000000e+00,0.000000e+00,0.000000e+00,0.000000e+00,0.000000e+00
1.000000e+00,0.000000e+00,0.000000e+00,0.000000e+00,0.000000e+00,0.000000e+00,0.000000e+00,0.000000e+00,0.000000e+00,0.000000e+00,0.000000e+00,0.000000e+00,0.000000e+00,0.000000e+00,0.000000e+00
1.000000e+00,0.000000e+00,0.000000e+00,0.000000e+00,0.000000e+00,0.000000e+00,0.000000e+00,0.000000e+00,0.000000e+00,0.000000e+00,0.000000e+00,0.000000e+00,0.000000e+00,0.000000e+00,0.000000e+00
1.000000e+00,0.000000e+00,0.000000e+00,0.000000e+00,0.000000e+00,0.000000e+00,0.000000e+00,0.000000e+00,0.000000e+00,0.000000e+00,0.000000e+00,0.000000e+00,0.000000e+00,0.000000e+00,0.000000e+00
1.000000e+00,0.000000e+00,0.000000e+00,0.000000e+00,0.000000e+00,0.000000e+00,0.000000e+00,0.000000e+00,0.000000e+00,0.000000e+00,0.000000e+00,0.000000e+00,0.000000e+00,0.000000e+00,0.000000e+00
1.000000e+00,0.000000e+00,0.000000e+00,0.000000e+00,0.000000e+00,0.000000e+00,0.000000e+00,0.000000e+00,0.000000e+00,0.000000e+00,0.000000e+00,0.000000e+00,0.000000e+00,0.000000e+00,0.000000e+00
1.000000e+00,0.000000e+00,0.000000e+00,0.000000e+00,0.000000e+00,0.000000e+00,0.000000e+00,0.000000e+00,0.000000e+00,0.000000e+00,0.000000e+00,0.000000e+00,0.000000e+00,0.000000e+00,0.000000e+00
1.000000e+00,0.000000e+00,0.000000e+00,0.000000e+00,0.000000e+00,0.000000e+00,0.000000e+00,0.000000e+00,0.000000e+00,0.000000e+00,0.000000e+00,0.000000e+00,0.000000e+00,0.000000e+00,0.000000e+00
1.000000e+00,0.000000e+00,0.000000e+00,0.000000e+00,0.000000e+00,0.000000e+00,0.000000e+00,0.000000e+00,0.000000e+00,0.000000e+00,0.000000e+00,0.000000e+00,0.000000e+00,0.000000e+00,0.000000e+00
1.000000e+00,0.000000e+00,0.000000e+00,0.000000e+00,0.000000e+00,0.000000e+00,0.000000e+00,0.000000e+00,0.000000e+00,0.000000e+00,0.000000e+00,0.000000e+00,0.000000e+00,0.000000e+00,0.000000e+00
1.000000e+00,0.000000e+00,0.000000e+00,0.000000e+00,0.000000e+00,0.000000e+00,0.000000e+00,0.000000e+00,0.000000e+00,0.000000e+00,0.000000e+00,0.000000e+00,0.000000e+00,0.000000e+00,0.000000e+00
1.000000e+00,0.000000e+00,0.000000e+00,0.000000e+00,0.000000e+00,0.000000e+00,0.000000e+00,0.000000e+00,0.000000e+00,0.000000e+00,0.000000e+00,0.000000e+00,0.000000e+00,0.000000e+00,0.000000e+00
1.000000e+00,0.000000e+00,0.000000e+00,0.000000e+00,0.000000e+00,0.000000e+00,0.000000e+00,0.000000e+00,0.000000e+00,0.000000e+00,0.000000e+00,0.000000e+00,0.000000e+00,0.000000e+00,0.000000e+00
1.000000e+00,0.000000e+00,0.000000e+00,0.000000e+00,0.000000e+00,0.000000e+00,0.000000e+00,0.000000e+00,0.000000e+00,0.000000e+00,0.000000e+00,0.000000e+00,0.000000e+00,0.000000e+00,0.000000e+00
1.000000e+00,0.000000e+00,0.000000e+00,0.000000e+00,0.000000e+00,0.000000e+00,0.000000e+00,0.000000e+00,0.000000e+00,0.000000e+00,0.000000e+00,0.000000e+00,0.000000e+00,0.000000e+00,0.000000e+00
1.000000e+00,0.000000e+00,0.000000e+00,0.000000e+00,0.000000e+00,0.000000e+00,0.000000e+00,0.000000e+00,0.000000e+00,0.000000e+00,0.000000e+00,0.000000e+00,0.000000e+00,0.000000e+00,0.000000e+00
1.000000e+00,0.000000e+00,0.000000e+00,0.000000e+00,0.000000e+00,0.000000e+00,0.000000e+00,0.000000e+00,0.000000e+00,0.000000e+00,0.000000e+00,0.000000e+00,0.000000e+00,0.000000e+00,0.000000e+00
1.000000e+00,0.000000e+00,0.000000e+00,0.000000e+00,0.000000e+00,0.000000e+00,0.000000e+00,0.000000e+00,0.000000e+00,0.000000e+00,0.000000e+00,0.000000e+00,0.000000e+00,0.000000e+00,0.000000e+00
1.000000e+00,0.000000e+00,0.000000e+00,0.000000e+00,0.000000e+00,0.000000e+00,0.000000e+00,0.000000e+00,0.000000e+00,0.000000e+00,0.000000e+00,0.000000e+00,0.000000e+00,0.000000e+00,0.000000e+00
1.000000e+00,0.000000e+00,0.000000e+00,0.000000e+00,0.000000e+00,0.000000e+00,0.000000e+00,0.000000e+00,0.000000e+00,0.000000e+00,0.000000e+00,0.000000e+00,0.000000e+00,0.000000e+00,0.000000e+00
1.000000e+00,0.000000e+00,0.000000e+00,0.000000e+00,0.000000e+00,0.000000e+00,0.000000e+00,0.000000e+00,0.000000e+00,0.000000e+00,0.000000e+00,0.000000e+00,0.000000e+00,0.000000e+00,0.000000e+00
1.000000e+00,0.000000e+00,0.000000e+00,0.000000e+00,0.000000e+00,0.000000e+00,0.000000e+00,0.000000e+00,0.000000e+00,0.000000e+00,0.000000e+00,0.000000e+00,0.000000e+00,0.000000e+00,0.000000e+00
1.000000e+00,0.000000e+00,0.000000e+00,0.000000e+00,0.000000e+00,0.000000e+00,0.000000e+00,0.000000e+00,0.000000e+00,0.000000e+00,0.000000e+00,0.000000e+00,0.000000e+00,0.000000e+00,0.000000e+00
1.000000e+00,0.000000e+00,0.000000e+00,0.000000e+00,0.000000e+00,0.000000e+00,0.000000e+00,0.000000e+00,0.000000e+00,0.000000e+00,0.000000e+00,0.000000e+00,0.000000e+00,0.000000e+00,0.000000e+00
1.000000e+00,0.000000e+00,0.000000e+00,0.000000e+00,0.000000e+00,0.000000e+00,0.000000e+00,0.000000e+00,0.000000e+00,0.000000e+00,0.000000e+00,0.000000e+00,0.000000e+00,0.000000e+00,0.000000e+00
1.000000e+00,0.000000e+00,0.000000e+00,0.000000e+00,0.000000e+00,0.000000e+00,0.000000e+00,0.000000e+00,0.000000e+00,0.000000e+00,0.000000e+00,0.000000e+00,0.000000e+00,0.000000e+00,0.000000e+00
3.818465e-01,6.668740e-03,2.807040e-03,1.057864e-02,4.075409e-03,2.463187e-02,2.875193e-03,4.167251e-03,3.750450e-03,1.463654e-03,9.077963e-02,4.485026e-01,7.091269e-03,2.092697e-03,8.669097e-03
2.673406e-01,4.723553e-03,1.990375e-03,7.478779e-03,2.901325e-03,2.049736e-02,2.050970e-03,2.947633e-03,2.854236e-03,1.049658e-03,7.614858e-02,5.972978e-01,5.004831e-03,1.553893e-03,6.160480e-03
1.871502e-01,3.358578e-03,1.426763e-03,5.312712e-03,2.110180e-03,1.811488e-02,1.469990e-03,2.100806e-03,2.305420e-03,7.910179e-04,5.963305e-02,7.068838e-01,3.529000e-03,1.312469e-03,4.501222e-03
1.310095e-01,2.376933e-03,1.025439e-03,3.759575e-03,1.564968e-03,1.487133e-02,1.038409e-03,1.494850e-03,1.885601e-03,6.255030e-04,4.448248e-02,7.891082e-01,2.488678e-03,1.044488e-03,3.224165e-03
9.171318e-02,1.678485e-03,7.438548e-04,2.690480e-03,1.390029e-03,1.156582e-02,7.481163e-04,1.099452e-03,2.101418e-03,5.067466e-04,3.181421e-02,8.490388e-01,1.757064e-03,8.551737e-04,2.297119e-03
6.420896e-02,1.226799e-03,6.928582e-04,1.930663e-03,7.211849e-03,8.541500e-03,5.823434e-04,8.760615e-04,1.003386e-02,4.150487e-04,2.368706e-02,8.770319e-01,1.251769e-03,6.591130e-04,1.650183e-03
4.496073e-02,8.999745e-04,1.899074e-03,1.513296e-03,8.605500e-03,6.886299e-03,6.058242e-04,5.540902e-03,1.070531e-02,3.439007e-04,1.748646e-02,8.979917e-01,9.039899e-04,4.902920e-04,1.166791e-03
3.150401e-02,8.123262e-04,5.347779e-03,1.388886e-03,1.096081e-02,7.070898e-03,1.042805e-03,1.632355e-02,3.393075e-02,2.815628e-04,1.341587e-02,8.760846e-01,6.557209e-04,3.584593e-04,8.220401e-04
2.211301e-02,7.571130e-04,5.331222e-03,1.068172e-03,1.127279e-02,7.274302e-03,2.538640e-03,3.335978e-02,4.677079e-02,2.921896e-04,1.024572e-02,8.576230e-01,4.780170e-04,2.860184e-04,5.892073e-04
1.549485e-02,1.080230e-03,5.168089e-03,7.604691e-04,1.375501e-02,6.352711e-03,2.048313e-03,2.418692e-02,6.517081e-02,3.371391e-04,8.234018e-03,8.562981e-01,3.922190e-04,2.654389e-04,4.556977e-04
1.089334e-02,1.159422e-03,4.077289e-03,5.485461e-04,1.430950e-02,5.435177e-03,1.769624e-03,1.777853e-02,1.081973e-01,3.164457e-04,7.153346e-03,8.273968e-01,3.872268e-04,2.387049e-04,3.387538e-04
7.669267e-03,1.956721e-03,3.427765e-03,4.035095e-04,1.475593e-02,5.483567e-03,1.359739e-03,1.315176e-02,2.771436e-01,3.754478e-04,7.348296e-03,6.657442e-01,5.218722e-04,3.542321e-04,3.040135e-04
5.385390e-03,2.690410e-03,2.427452e-03,2.911915e-04,1.163880e-02,6.384443e-03,1.000399e-03,9.462621e-03,4.749029e-01,2.947948e-04,6.265840e-03,4.780986e-01,6.112606e-04,3.103401e-04,2.354231e-04
3.790122e-03,4.850262e-03,1.793781e-03,3.349020e-04,1.953710e-02,8.362229e-03,7.531425e-04,6.654862e-03,6.099774e-01,3.849885e-04,4.537041e-03,3.373485e-01,7.260765e-04,4.106874e-04,5.388201e-04
2.743686e-03,4.923416e-03,1.425310e-03,1.936498e-03,3.403990e-02,1.034710e-02,5.714003e-04,4.674095e-03,6.884981e-01,1.701549e-03,3.813989e-03,2.376131e-01,2.195725e-03,5.011381e-04,5.014848e-03
2.531207e-03,4.517734e-03,1.326242e-03,1.853869e-03,1.491410e-01,1.899802e-02,8.499034e-04,3.429695e-03,6.316507e-01,1.765803e-03,3.934682e-03,1.667992e-01,2.588721e-03,7.925035e-04,9.820613e-03
5.064793e-03,4.608143e-03,1.261311e-03,4.008795e-03,2.683478e-01,4.480466e-02,1.313739e-03,2.513622e-03,5.030367e-01,1.985831e-03,4.338067e-03,1.170657e-01,6.229070e-03,1.379209e-03,3.404252e-02
2.977419e-02,6.257115e-03,1.302052e-03,4.713485e-03,2.907016e-01,6.107639e-02,1.971492e-03,2.043116e-03,3.973494e-01,3.203932e-03,6.593233e-03,8.252791e-02,9.756387e-03,2.248222e-03,1.004814e-01
2.311959e-02,9.423854e-03,4.388836e-03,1.191041e-02,2.180565e-01,5.058991e-02,1.519632e-03,1.678686e-03,3.233293e-01,8.993748e-03,5.528412e-03,5.843590e-02,8.898741e-03,2.263113e-03,2.718634e-01
4.497907e-02,2.237124e-02,6.922888e-03,2.183468e-02,1.897955e-01,9.285726e-02,2.758637e-03,3.092399e-02,2.982810e-01,8.152907e-03,1.291484e-02,4.365027e-02,8.964336e-03,1.262490e-02,2.029684e-01
4.596717e-02,2.272856e-02,6.837161e-03,2.456356e-02,1.726310e-01,2.144368e-01,2.710343e-03,3.034121e-02,2.538297e-01,7.319375e-03,1.301041e-02,3.193795e-02,7.290910e-03,1.171877e-02,1.546772e-01
3.853305e-02,1.728436e-02,5.265152e-03,1.947916e-02,3.101299e-01,1.729255e-01,4.752275e-02,2.376907e-02,1.951457e-01,7.144002e-03,9.785053e-03,2.257520e-02,7.984674e-03,8.548236e-03,1.139083e-01
3.203218e-02,1.310788e-02,4.652049e-03,1.564047e-02,2.783431e-01,1.357466e-01,2.291947e-01,1.866602e-02,1.478067e-01,5.441107e-03,7.143908e-03,1.592296e-02,8.597009e-03,6.606112e-03,8.109915e-02
3.456121e-02,2.061774e-02,9.609498e-03,1.358879e-02,2.933227e-01,1.832257e-01,1.921753e-01,1.730414e-02,1.183308e-01,1.382529e-02,1.037316e-02,1.135265e-02,1.410986e-02,5.443641e-03,6.215943e-02
2.544482e-02,1.568963e-02,8.707248e-03,1.045863e-02,2.225557e-01,1.405457e-01,2.554950e-01,1.243687e-02,9.775071e-02,6.972532e-02,3.289840e-02,1.385102e-02,2.565106e-02,8.245159e-03,6.054476e-02
1.798091e-02,1.109118e-02,6.195340e-03,7.368482e-03,1.566102e-01,9.941045e-02,2.021666e-01,8.725272e-03,6.983275e-02,3.118699e-01,2.461227e-02,1.318120e-02,1.878748e-02,7.436369e-03,4.473159e-02
1.266381e-02,7.835521e-03,4.351152e-03,5.265622e-03,1.107609e-01,7.007527e-02,2.021452e-01,6.161183e-03,4.913450e-02,3.760159e-01,3.764777e-02,6.529780e-02,1.361736e-02,6.276405e-03,3.275160e-02
8.943779e-03,5.537021e-03,3.053573e-03,3.733513e-03,7.793517e-02,4.932598e-02,1.734121e-01,4.345412e-03,3.455717e-02,3.973349e-01,4.994329e-02,1.530870e-01,1.004381e-02,5.560070e-03,2.318730e-02
6.557140e-03,4.040411e-03,2.217584e-03,2.758579e-03,5.483577e-02,3.502891e-02,1.322026e-01,3.210352e-03,2.515174e-02,3.605915e-01,1.232120e-01,2.101161e-01,8.977666e-03,1.449142e-02,1.660832e-02
7.481760e-03,3.259635e-03,1.809183e-03,2.148947e-03,5.329962e-02,2.711716e-02,9.665143e-02,4.992196e-03,2.299248e-02,2.725209e-01,2.174691e-01,2.462408e-01,1.343159e-02,1.664351e-02,1.394172e-02
9.702781e-03,2.746425e-03,1.449059e-03,2.101365e-03,7.377858e-02,2.334397e-02,7.542991e-02,1.043897e-02,1.913613e-02,2.182494e-01,2.551552e-01,2.583644e-01,1.584601e-02,2.064179e-02,1.361606e-02
9.766315e-03,2.275025e-03,1.482698e-03,1.647439e-03,5.504249e-02,1.775404e-02,5.442248e-02,9.428877e-03,1.480774e-02,1.644882e-01,4.014084e-01,2.244002e-01,1.296268e-02,1.998605e-02,1.012741e-02
9.064710e-03,2.007288e-03,1.378669e-03,1.441608e-03,4.019336e-02,1.330117e-02,3.925138e-02,7.731397e-03,1.211133e-02,1.339410e-01,4.756644e-01,2.260735e-01,1.073909e-02,1.954371e-02,7.557365e-03
7.139636e-03,4.376478e-03,1.870084e-03,1.354240e-03,2.956701e-02,1.010082e-02,2.770705e-02,6.273371e-03,1.200568e-02,1.037624e-01,5.534573e-01,1.983426e-01,9.076678e-03,2.869101e-02,6.275632e-03
5.459225e-03,5.313477e-03,2.726820e-03,1.587444e-03,2.369022e-02,1.150894e-02,1.950543e-02,4.721640e-03,5.751146e-02,7.805558e-02,4.563473e-01,1.964360e-01,7.090784e-03,1.251706e-01,4.875017e-03
4.711905e-03,7.371081e-03,3.802900e-03,2.254520e-03,1.869899e-02,1.602723e-02,1.374292e-02,3.811377e-03,1.333089e-01,6.326246e-02,3.856265e-01,1.630501e-01,5.795541e-03,1.743318e-01,4.203891e-03
3.540699e-03,5.855246e-03,2.856755e-03,1.896956e-03,1.400694e-02,1.153063e-02,9.627382e-03,2.750973e-03,2.102914e-01,4.894592e-02,3.333187e-01,1.260914e-01,4.460365e-03,2.216608e-01,3.165942e-03
2.801667e-03,7.319472e-03,4.179628e-03,1.790744e-03,1.100375e-02,1.146695e-02,6.774830e-03,2.061063e-03,3.011824e-01,4.356866e-02,2.715233e-01,9.146558e-02,3.370438e-03,2.389987e-01,2.492851e-03
2.327748e-03,8.623971e-03,4.431645e-03,1.409191e-03,8.390287e-03,1.075665e-02,4.745819e-03,1.498621e-03,4.498521e-01,3.312957e-02,1.990426e-01,6.542300e-02,2.485013e-03,2.059158e-01,1.968039e-03
2.147978e-03,8.501507e-03,9.589221e-03,1.155296e-03,7.264091e-03,1.577860e-02,3.344943e-03,1.192787e-03,4.622224e-01,2.461504e-02,1.467255e-01,4.589093e-02,1.809799e-03,2.647734e-01,4.988555e-03
3.183436e-03,1.689311e-02,5.692068e-02,1.402894e-03,6.818305e-03,1.687604e-02,2.436983e-03,1.216280e-03,5.101965e-01,1.782962e-02,1.143990e-01,3.221845e-02,1.354659e-03,2.141473e-01,4.106764e-03
1.312343e-02,2.367315e-02,2.416855e-01,6.629501e-03,7.062525e-03,2.662513e-02,1.837019e-03,1.280380e-03,3.772268e-01,1.420511e-02,8.209234e-02,2.257581e-02,1.023879e-03,1.544812e-01,2.647818e-02
2.232679e-02,3.002783e-02,2.975790e-01,7.774627e-03,8.229158e-03,5.219859e-02,1.409871e-03,1.321141e-03,3.056062e-01,1.245991e-02,6.443480e-02,1.585306e-02,9.115294e-04,1.310392e-01,4.882825e-02
3.012768e-02,3.116844e-02,3.061857e-01,1.048186e-02,1.113864e-02,6.698728e-02,1.102262e-03,2.301555e-03,2.599908e-01,1.257848e-02,6.492503e-02,1.115949e-02,1.512611e-03,1.044822e-01,8.585786e-02
4.974687e-02,2.532111e-02,3.686362e-01,1.156900e-02,1.546219e-02,5.609569e-02,1.020590e-03,2.564697e-03,2.107640e-01,9.787673e-03,7.626761e-02,7.934493e-03,2.287310e-03,8.947976e-02,7.306278e-02
6.166163e-02,2.045857e-02,4.170841e-01,1.634016e-02,1.563664e-02,5.645786e-02,9.506700e-04,2.737303e-03,1.630207e-01,7.565581e-03,8.794916e-02,5.838199e-03,4.275335e-03,7.777376e-02,6.225030e-02
6.938839e-02,1.761280e-02,4.338435e-01,2.597346e-02,1.849985e-02,6.112237e-02,1.076466e-03,5.105383e-03,1.299067e-01,6.334065e-03,8.291807e-02,4.392633e-03,5.846850e-03,7.691869e-02,6.106074e-02
8.206675e-02,1.493227e-02,4.591655e-01,2.781538e-02,1.960847e-02,5.126715e-02,1.085641e-03,5.310287e-03,1.084657e-01,5.116306e-03,7.685326e-02,3.440424e-03,4.864020e-03,9.059367e-02,4.941515e-02
8.597368e-02,1.476451e-02,5.044757e-01,3.378695e-02,1.901154e-02,3.847513e-02,1.041926e-03,6.806635e-03,8.858196e-02,4.975577e-03,6.053389e-02,2.816999e-03,3.768998e-03,9.613290e-02,3.885358e-02
8.696651e-02,1.445771e-02,5.398885e-01,4.577439e-02,1.697947e-02,2.900695e-02,1.249834e-03,8.480936e-03,7.149582e-02,4.641927e-03,5.344762e-02,5.029526e-03,3.210410e-03,9.108891e-02,2.828155e-02
9.841967e-02,1.744220e-02,5.475302e-01,5.476713e-02,1.751252e-02,2.349744e-02,1.690815e-03,1.125368e-02,6.013862e-02,3.912097e-03,4.316621e-02,5.497411e-03,2.998636e-03,9.138705e-02,2.078639e-02
1.381038e-01,2.276945e-02,5.047994e-01,8.126856e-02,2.863675e-02,2.184368e-02,2.479756e-03,1.564648e-02,4.791172e-02,4.204246e-03,3.276052e-02,6.467567e-03,3.450449e-03,7.355057e-02,1.610714e-02
1.933401e-01,2.322616e-02,4.490286e-01,9.784618e-02,3.095260e-02,1.972976e-02,3.031274e-03,1.751648e-02,4.233668e-02,3.888375e-03,2.793342e-02,7.091022e-03,3.640296e-03,6.783665e-02,1.260254e-02
3.188057e-01,2.443454e-02,3.496585e-01,9.873305e-02,3.387047e-02,1.658382e-02,3.623952e-03,1.629398e-02,3.756081e-02,3.633440e-03,2.103866e-02,8.522573e-03,4.096638e-03,5.233004e-02,1.081381e-02
2.572608e-01,3.934266e-02,4.253653e-01,8.110842e-02,2.422238e-02,1.288228e-02,2.593881e-03,1.295755e-02,3.304015e-02,1.080233e-02,3.208342e-02,7.151394e-03,6.050834e-03,4.367064e-02,1.146795e-02
1.871729e-01,3.899480e-02,4.163693e-01,6.411572e-02,1.780446e-02,1.058075e-02,1.986137e-03,1.008670e-02,2.657431e-02,1.113606e-02,1.101674e-01,8.006139e-03,5.162199e-03,8.126310e-02,1.057991e-02
1.314791e-01,2.931931e-02,3.157717e-01,4.696286e-02,1.260153e-02,8.506326e-03,1.446658e-03,7.285593e-03,2.001456e-02,9.379998e-03,2.874794e-01,7.292700e-03,3.818019e-03,1.106754e-01,7.966748e-03
9.218258e-02,2.192550e-02,2.347189e-01,3.347846e-02,8.873648e-03,6.713112e-03,1.040730e-03,5.214373e-03,1.466648e-02,7.599623e-03,4.110687e-01,7.617932e-03,2.819157e-03,1.462341e-01,5.846648e-03
6.617507e-02,1.605312e-02,1.657566e-01,2.376100e-02,6.442894e-03,5.783654e-03,7.794736e-04,3.891250e-03,1.069665e-02,5.717044e-03,5.231361e-01,7.345363e-03,2.062312e-03,1.582118e-01,4.187589e-03
4.637708e-02,1.131583e-02,1.160939e-01,1.680701e-02,4.784512e-03,4.373215e-03,5.547662e-04,2.756413e-03,8.111990e-03,4.113649e-03,5.628366e-01,8.493868e-03,1.514902e-03,2.088975e-01,2.968706e-03
3.250041e-02,7.965390e-03,8.131474e-02,1.189986e-02,3.501562e-03,3.364419e-03,3.936218e-04,1.945215e-03,6.707169e-03,3.103115e-03,5.780065e-01,9.699646e-03,1.119163e-03,2.563534e-01,2.125800e-03
2.279680e-02,5.636613e-03,5.697518e-02,8.431483e-03,2.921431e-03,2.613339e-03,2.818893e-04,1.382231e-03,5.645229e-03,2.351433e-03,6.138484e-01,9.446291e-03,8.631492e-04,2.652855e-01,1.521056e-03
1.599275e-02,3.970985e-03,3.996621e-02,5.958565e-03,2.369060e-03,2.231248e-03,2.030258e-04,9.824157e-04,5.046352e-03,1.923312e-03,6.405820e-01,8.126286e-03,6.923908e-04,2.708552e-01,1.100325e-03
1.122529e-02,2.825706e-03,2.819603e-02,4.242642e-03,2.911653e-03,1.924449e-03,1.550117e-04,7.158442e-04,4.880026e-03,1.678326e-03,6.424850e-01,6.684945e-03,5.766801e-04,2.906844e-01,8.139845e-04
7.892233e-03,2.055582e-03,1.995670e-02,3.013385e-03,3.057727e-03,1.592032e-03,1.136613e-04,5.289239e-04,4.521420e-03,1.566916e-03,6.427052e-01,5.245803e-03,4.582494e-04,3.066659e-01,6.262847e-04
5.563437e-03,1.514497e-03,1.434244e-02,2.179352e-03,2.887355e-03,1.426336e-03,8.759617e-05,4.342171e-04,4.908709e-03,1.623097e-03,6.071081e-01,4.215072e-03,3.764601e-04,3.528372e-01,4.961053e-04
3.917079e-03,1.125980e-03,1.026567e-02,1.564989e-03,2.744921e-03,1.387550e-03,7.185491e-05,3.252376e-04,6.068013e-03,2.998034e-03,5.612517e-01,3.341815e-03,3.264524e-04,4.042174e-01,3.933032e-04
2.781478e-03,9.284670e-04,7.414528e-03,1.136623e-03,2.574436e-03,1.797166e-03,6.313927e-05,2.510151e-04,6.946569e-03,6.515402e-03,5.281333e-01,2.892173e-03,3.333929e-04,4.378470e-01,3.853515e-04
2.121854e-03,3.279180e-03,5.524552e-03,1.091935e-03,5.167586e-03,8.669849e-03,1.714601e-04,3.359008e-04,1.503504e-02,1.638870e-02,5.198126e-01,2.583964e-03,4.188432e-04,4.187873e-01,6.111835e-04
1.649462e-03,1.448924e-02,3.952764e-03,9.483758e-04,5.436291e-03,1.196546e-01,1.683732e-04,3.375338e-04,1.657132e-01,1.277009e-02,3.714143e-01,1.971488e-03,4.760126e-04,3.004663e-01,5.520714e-04
3.596894e-03,1.988314e-02,4.747398e-03,2.886918e-03,2.169156e-02,1.415179e-01,8.552782e-04,3.149734e-02,2.507720e-01,1.226124e-02,2.828064e-01,1.769724e-03,7.504990e-04,2.242185e-01,7.451273e-04
3.633380e-03,1.975713e-02,3.497610e-03,2.653548e-03,2.349658e-02,2.498823e-01,8.499203e-04,2.282498e-02,3.048995e-01,9.075768e-03,1.989569e-01,1.349907e-03,7.205168e-04,1.573365e-01,1.065516e-03
4.370344e-03,1.845382e-02,2.636728e-03,6.406593e-03,2.588935e-02,3.381428e-01,8.545165e-04,2.079729e-02,3.055306e-01,8.177949e-03,1.437741e-01,3.125012e-03,2.602434e-03,1.115167e-01,7.721738e-03
7.466106e-03,1.852258e-02,3.162553e-03,1.032723e-02,3.739947e-02,3.641040e-01,9.901427e-04,4.361670e-02,3.032888e-01,9.415105e-03,1.029060e-01,3.153345e-03,2.979850e-03,7.864702e-02,1.402107e-02
1.023603e-02,1.794075e-02,5.950824e-03,1.481428e-01,3.619905e-02,2.882760e-01,1.051876e-03,3.764716e-02,2.598315e-01,9.672604e-03,7.836956e-02,3.235266e-03,4.175405e-03,5.545062e-02,4.382063e-02
1.791473e-02,1.607735e-02,4.749083e-03,1.079807e-01,4.168114e-02,3.788171e-01,1.135838e-03,3.334960e-02,2.235058e-01,7.595267e-03,5.658330e-02,2.559890e-03,3.694335e-03,3.927192e-02,6.508398e-02
3.301824e-02,1.495645e-02,1.116135e-02,1.173843e-01,6.338522e-02,3.815922e-01,1.448010e-03,4.564012e-02,1.889129e-01,6.697201e-03,4.887394e-02,2.242083e-03,3.811295e-03,2.804035e-02,5.283638e-02
5.211139e-02,1.894331e-02,1.526840e-02,1.149231e-01,8.285624e-02,3.734116e-01,1.912241e-03,3.912556e-02,1.704489e-01,5.672949e-03,3.674614e-02,1.985493e-03,3.460101e-03,2.055587e-02,6.257863e-02
7.878885e-02,5.247218e-02,1.854191e-02,9.220587e-02,8.155134e-02,3.404462e-01,1.682342e-03,3.376011e-02,1.955344e-01,4.261825e-03,2.844695e-02,1.826279e-03,2.784817e-03,1.657785e-02,5.111905e-02
1.025750e-01,9.267014e-02,2.431546e-02,1.320884e-01,8.423929e-02,2.743698e-01,2.067207e-03,3.483798e-02,1.636611e-01,3.473836e-03,2.272586e-02,1.891475e-03,2.622356e-03,1.273993e-02,4.572219e-02
1.551186e-01,1.166313e-01,2.195459e-02,1.076520e-01,8.023045e-02,2.513728e-01,2.103467e-03,3.240283e-02,1.585304e-01,2.859364e-03,1.990393e-02,2.272271e-03,3.351779e-03,1.028828e-02,3.532795e-02
1.398145e-01,8.818454e-02,1.826753e-02,1.829115e-01,1.231444e-01,2.068896e-01,2.870829e-03,4.018641e-02,1.366627e-01,2.834389e-03,1.806375e-02,2.462323e-03,3.045028e-03,8.077929e-03,2.658464e-02
1.172979e-01,6.526393e-02,1.505475e-02,2.768661e-01,1.537577e-01,1.516710e-01,2.739991e-03,3.898254e-02,1.067798e-01,3.043851e-03,2.212265e-02,3.714638e-03,1.526675e-02,6.550751e-03,2.088766e-02
8.576654e-02,4.745381e-02,1.173189e-02,3.269939e-01,1.252972e-01,1.079748e-01,2.284986e-03,2.820558e-02,8.196056e-02,5.060878e-03,5.015761e-02,5.660083e-03,9.986787e-02,4.771515e-03,1.681279e-02
8.123269e-02,3.714606e-02,8.447667e-03,2.652959e-01,8.977725e-02,8.206351e-02,2.191332e-03,2.244798e-02,6.549139e-02,5.254464e-03,3.911597e-02,4.980789e-03,2.798458e-01,3.420975e-03,1.328827e-02
7.797629e-02,3.415574e-02,6.160600e-03,2.076543e-01,6.531604e-02,6.346649e-02,1.930713e-03,1.711378e-02,7.555528e-02,5.531589e-03,3.479942e-02,7.113549e-03,3.881433e-01,2.814208e-03,1.226875e-02
6.455079e-02,2.489622e-02,4.497307e-03,1.481916e-01,4.847360e-02,4.774488e-02,1.955654e-03,1.334168e-02,7.697952e-02,3.981678e-03,2.833509e-02,1.056773e-02,5.109904e-01,2.042655e-03,1.345111e-02
6.309676e-02,1.875869e-02,3.531898e-03,1.057422e-01,3.575012e-02,3.736315e-02,1.525306e-03,9.929979e-03,6.544612e-02,2.935225e-03,2.134423e-02,1.051142e-02,6.096419e-01,1.518062e-03,1.290488e-02
4.869580e-02,1.339462e-02,2.641398e-03,7.415978e-02,2.543174e-02,2.693538e-02,1.141431e-03,7.156956e-03,4.732888e-02,2.090983e-03,1.579437e-02,9.490379e-03,7.149557e-01,1.092160e-03,9.690386e-03
3.841951e-02,9.708591e-03,2.100358e-03,5.212840e-02,1.846939e-02,2.030303e-02,9.122136e-04,5.206827e-03,3.664312e-02,1.518132e-03,1.169444e-02,1.189066e-02,7.826858e-01,8.074288e-04,7.512037e-03
2.870005e-02,6.977370e-03,1.696780e-03,3.683619e-02,1.386960e-02,1.637607e-02,7.476303e-04,3.820384e-03,2.790705e-02,1.101034e-03,8.893104e-03,1.605127e-02,8.299443e-01,6.622684e-04,6.416862e-03
2.156646e-02,5.077451e-03,1.262859e-03,2.591597e-02,1.071442e-02,1.432494e-02,6.955310e-04,2.801918e-03,1.979219e-02,9.538466e-04,1.021931e-02,2.805345e-02,8.499055e-01,7.797824e-04,7.936387e-03
1.620158e-02,3.727999e-03,9.680384e-04,1.842769e-02,8.660362e-03,1.204851e-02,6.904849e-04,2.227387e-03,1.430162e-02,8.636562e-04,1.283767e-02,5.643011e-02,8.412308e-01,9.697935e-04,1.041431e-02
1.268107e-02,2.849452e-03,8.743182e-04,1.350156e-02,1.245588e-02,1.069539e-02,8.030917e-04,1.998590e-03,1.284077e-02,1.304109e-03,2.942165e-02,7.272143e-02,8.146944e-01,2.335526e-03,1.082273e-02
9.939855e-03,2.127171e-03,8.483632e-04,1.011418e-02,9.412283e-02,8.377757e-03,1.120544e-03,1.911727e-03,2.237091e-02,4.635834e-03,4.429774e-02,7.158723e-02,7.171966e-01,2.085124e-03,9.264126e-03
1.065154e-02,1.809601e-03,7.900924e-04,7.399394e-03,1.591694e-01,1.006936e-02,1.375995e-03,3.056991e-03,3.868875e-02,6.705482e-03,6.685093e-02,9.342350e-02,5.863311e-01,4.710043e-03,8.967736e-03
1.002894e-02,3.371319e-03,1.818421e-03,6.819076e-03,1.534435e-01,1.724680e-02,1.569148e-03,1.850783e-02,9.207352e-02,6.467584e-03,8.870795e-02,1.044562e-01,4.830975e-01,4.312856e-03,8.079280e-03
1.664329e-02,4.957161e-03,2.768565e-03,6.657935e-03,1.714239e-01,3.127228e-02,2.774221e-03,4.129407e-02,1.266071e-01,6.246455e-03,9.829438e-02,9.377685e-02,3.808841e-01,5.590778e-03,1.080891e-02
3.233337e-02,3.139951e-02,2.748252e-02,1.005009e-02,2.299766e-01,5.516387e-02,2.111132e-02,3.209327e-02,1.190579e-01,4.751149e-03,7.775467e-02,7.142831e-02,2.717099e-01,4.558266e-03,1.112924e-02
4.506661e-02,4.821735e-02,7.582339e-02,3.277484e-02,2.457547e-01,4.712564e-02,4.792221e-02,3.442371e-02,9.957477e-02,4.045752e-03,5.676597e-02,5.145746e-02,1.946352e-01,3.680901e-03,1.273136e-02
3.947004e-02,3.569394e-02,5.465526e-02,3.034045e-02,3.812904e-01,3.846098e-02,4.592344e-02,6.967446e-02,7.225090e-02,2.969120e-03,4.076691e-02,3.640055e-02,1.401448e-01,2.746736e-03,9.211931e-03
3.006905e-02,2.543483e-02,3.911249e-02,2.151290e-02,4.551449e-01,2.936008e-02,5.303875e-02,1.296360e-01,5.076119e-02,2.163058e-03,2.929240e-02,2.556364e-02,9.990088e-02,2.003720e-03,7.006058e-03
2.128257e-02,1.782158e-02,2.746473e-02,1.523031e-02,5.889214e-01,2.150864e-02,5.427494e-02,9.839222e-02,3.554926e-02,1.562613e-03,2.196203e-02,1.793920e-02,7.112192e-02,1.414355e-03,5.554233e-03
1.534884e-02,1.254145e-02,1.947447e-02,1.096690e-02,6.554586e-01,1.910177e-02,4.491331e-02,7.693566e-02,2.493724e-02,1.406198e-03,4.135442e-02,1.279849e-02,5.267239e-02,1.054835e-03,1.103550e-02
1.187992e-02,8.815208e-03,1.379736e-02,7.797758e-03,7.083398e-01,1.582838e-02,3.318876e-02,5.559298e-02,1.753976e-02,1.795162e-03,4.363188e-02,9.104971e-03,3.780992e-02,8.140235e-04,3.406420e-02
9.196126e-03,6.214460e-03,9.974369e-03,5.647458e-03,7.645522e-01,1.382565e-02,2.488495e-02,4.010802e-02,1.236719e-02,4.496060e-03,3.455146e-02,6.577205e-03,2.771913e-02,6.404718e-04,3.924531e-02
7.773413e-03,4.465402e-03,7.127977e-03,4.102066e-03,8.082591e-01,1.922425e-02,1.794397e-02,2.899594e-02,8.726309e-03,4.824284e-03,2.640699e-02,6.949913e-03,2.226612e-02,7.175086e-04,3.221679e-02
9.427760e-03,3.462478e-03,5.197498e-03,3.169800e-03,8.157144e-01,4.418748e-02,1.409329e-02,2.326914e-02,6.240088e-03,3.873109e-03,1.991056e-02,7.480923e-03,1.765099e-02,8.265633e-04,2.549591e-02
1.490239e-02,2.933520e-03,4.203653e-03,2.808118e-03,8.237340e-01,6.190929e-02,1.030304e-02,1.759653e-02,4.584767e-03,3.009218e-03,1.507541e-02,6.389819e-03,1.310591e-02,8.282005e-04,1.861617e-02
1.704242e-02,2.224206e-03,3.233694e-03,2.321846e-03,7.772760e-01,1.284384e-01,7.595713e-03,1.322896e-02,3.422596e-03,2.165623e-03,1.231303e-02,7.229706e-03,9.518332e-03,6.840472e-04,1.330538e-02
1.804386e-02,1.732755e-03,2.594307e-03,1.994682e-03,6.851770e-01,2.301738e-01,5.544901e-03,1.024734e-02,2.747760e-03,1.580312e-03,1.062231e-02,1.238802e-02,7.135148e-03,5.599505e-04,9.457928e-03
1.335195e-02,1.338951e-03,1.870691e-03,1.495475e-03,4.966049e-01,4.174936e-01,4.065547e-03,7.259284e-03,1.995807e-03,1.328987e-03,1.169856e-02,2.890749e-02,5.432518e-03,4.890067e-04,6.667280e-03
9.580866e-03,1.105586e-03,1.351976e-03,1.086262e-03,3.506532e-01,5.591137e-01,2.990637e-03,5.117998e-03,1.430377e-03,1.237885e-03,1.113513e-02,4.590338e-02,4.185912e-03,4.066432e-04,4.700423e-03
6.887805e-03,8.917271e-04,9.809257e-04,8.235710e-04,2.457226e-01,5.725819e-01,2.162371e-03,3.624713e-03,1.180246e-03,1.187424e-03,2.970021e-02,1.262252e-01,4.258434e-03,4.212523e-04,3.351500e-03
4.852594e-03,6.421432e-04,7.165723e-04,5.954215e-04,1.720686e-01,4.125476e-01,1.530547e-03,2.552048e-03,1.039203e-03,8.875771e-04,2.606185e-02,3.707022e-01,3.131497e-03,3.156703e-04,2.356427e-03
3.426361e-03,6.099113e-04,5.852887e-04,4.280898e-04,1.205653e-01,2.933164e-01,1.080909e-03,1.808745e-03,1.118723e-03,6.997967e-04,2.324623e-02,5.488435e-01,2.341081e-03,2.668310e-04,1.662723e-03
2.698287e-03,1.156844e-03,1.016916e-03,3.788178e-04,8.982006e-02,2.089893e-01,1.674074e-03,2.102292e-03,3.218453e-03,6.200068e-04,1.753913e-02,6.676801e-01,1.703203e-03,2.221407e-04,1.180271e-03
2.931027e-03,6.821276e-03,1.725071e-03,3.208722e-04,6.718490e-02,1.478580e-01,1.634275e-03,2.435185e-03,5.662537e-03,1.017875e-03,1.361470e-02,7.460119e-01,1.660342e-03,2.611505e-04,8.609454e-04
2.233383e-03,8.677404e-03,2.723407e-03,2.369895e-04,4.962946e-02,1.037989e-01,1.291752e-03,2.147988e-03,1.622986e-02,1.139278e-03,1.178444e-02,7.969143e-01,2.187031e-03,3.732523e-04,6.324746e-04
1.918912e-03,9.325048e-03,1.258753e-02,3.738988e-04,5.188614e-02,7.378583e-02,1.230306e-03,1.027567e-02,1.070943e-01,9.038220e-04,9.852230e-03,7.180499e-01,1.919092e-03,3.444039e-04,4.529586e-04
1.752960e-03,1.079746e-02,1.528657e-02,1.674426e-03,4.976952e-02,5.297402e-02,1.835100e-03,7.821988e-02,2.345771e-01,7.546687e-04,7.837183e-03,5.423113e-01,1.598426e-03,2.895393e-04,3.218199e-04
1.803924e-03,1.156965e-02,2.348642e-02,2.877562e-03,8.071339e-02,3.971405e-02,2.198446e-03,7.113686e-02,3.712557e-01,9.883734e-04,6.081179e-03,3.864459e-01,1.217482e-03,2.650555e-04,2.460458e-04
2.142099e-03,2.758109e-02,2.945661e-02,3.160623e-03,8.634311e-02,3.264359e-02,1.723974e-03,5.574004e-02,4.767810e-01,1.391957e-03,5.871522e-03,2.755474e-01,1.132756e-03,2.649494e-04,2.192853e-04
4.292046e-03,4.832789e-02,3.967364e-02,4.936277e-03,1.197597e-01,2.716471e-02,3.274842e-03,5.211927e-02,4.977238e-01,2.318930e-03,4.672095e-03,1.938636e-01,1.144892e-03,3.014493e-04,4.268244e-04
5.899980e-03,4.366238e-02,3.633197e-02,7.191770e-03,1.295991e-01,2.886840e-02,3.676972e-02,9.286430e-02,4.733422e-01,2.648372e-03,3.890050e-03,1.365918e-01,1.516924e-03,3.852852e-04,4.377475e-04
6.934063e-03,4.131166e-02,3.484576e-02,1.276074e-02,1.129224e-01,6.352051e-02,9.670292e-02,1.073627e-01,4.100571e-01,2.886210e-03,4.228118e-03,9.662271e-02,8.894736e-03,3.386413e-04,6.117209e-04
7.278489e-03,3.911774e-02,3.285758e-02,1.219354e-02,9.974889e-02,5.450198e-02,2.248071e-01,1.172713e-01,3.250681e-01,3.691212e-03,4.461280e-03,6.788033e-02,1.011522e-02,3.164731e-04,6.907855e-04
6.060774e-03,2.946620e-02,2.374418e-02,9.395740e-03,9.040654e-02,3.882223e-02,2.944825e-01,2.011255e-01,2.432366e-01,3.029083e-03,3.668309e-03,4.760774e-02,8.172231e-03,2.572531e-04,5.252108e-04
7.720178e-03,2.313716e-02,1.807430e-02,7.627009e-03,7.866870e-02,2.846128e-02,4.229636e-01,1.853254e-01,1.814894e-01,2.447349e-03,3.029900e-03,3.345343e-02,6.862991e-03,2.746246e-04,4.645541e-04
2.014424e-02,1.947109e-02,1.447216e-02,6.134814e-03,6.355892e-02,2.233909e-02,4.529611e-01,2.092682e-01,1.547899e-01,1.915623e-03,2.388662e-03,2.364351e-02,8.061512e-03,3.550345e-04,4.960108e-04
2.487390e-02,1.482655e-02,1.164498e-02,4.943471e-03,5.014161e-02,1.639457e-02,4.545989e-01,2.748011e-01,1.205844e-01,1.409013e-03,1.756581e-03,1.662317e-02,6.671175e-03,3.359287e-04,3.945820e-04
3.018574e-02,1.115569e-02,9.018112e-03,3.781557e-03,4.204910e-02,1.229507e-02,3.602765e-01,4.183463e-01,9.298532e-02,1.054046e-03,1.285878e-03,1.173508e-02,5.134903e-03,3.506780e-04,3.460534e-04
3.860352e-02,8.232174e-03,7.155104e-03,3.027052e-03,3.407301e-02,9.701063e-03,2.796248e-01,5.369875e-01,6.778602e-02,8.568398e-04,9.545087e-04,8.336310e-03,3.899258e-03,4.416477e-04,3.211645e-04
4.232809e-02,6.137374e-03,5.687844e-03,2.902175e-03,2.669927e-02,7.842000e-03,2.092694e-01,6.394826e-01,4.804984e-02,7.047142e-04,7.864716e-04,6.114137e-03,3.246106e-03,4.009646e-04,3.490298e-04
4.077474e-02,4.676792e-03,4.695109e-03,2.685391e-03,2.211750e-02,6.096197e-03,1.513335e-01,7.244734e-01,3.412616e-02,5.510833e-04,6.714811e-04,4.506143e-03,2.627957e-03,3.239355e-04,3.407225e-04
4.012805e-02,3.656837e-03,4.428226e-03,2.793756e-03,1.860018e-02,4.890743e-03,1.099389e-01,7.840502e-01,2.433509e-02,4.388018e-04,5.515136e-04,3.380733e-03,2.222221e-03,2.539456e-04,3.307478e-04
3.691987e-02,2.689491e-03,4.805834e-03,3.625211e-03,1.555027e-02,4.920014e-03,8.162259e-02,8.265873e-01,1.710570e-02,3.559601e-04,4.499950e-04,2.634014e-03,2.214166e-03,1.962036e-04,3.233395e-04
3.901124e-02,2.062884e-03,4.774937e-03,3.971818e-03,1.311406e-02,6.227741e-03,6.081717e-02,8.513073e-01,1.205146e-02,3.625126e-04,4.787950e-04,2.591545e-03,2.612091e-03,1.788149e-04,4.376801e-04
6.707734e-02,1.790225e-03,3.927768e-03,3.278947e-03,1.067101e-02,1.241485e-02,4.537753e-02,8.383228e-01,8.711279e-03,3.441417e-04,4.972880e-04,3.033045e-03,3.463377e-03,2.233970e-04,8.670655e-04
1.288876e-01,1.769405e-03,3.991880e-03,3.019985e-03,9.579232e-03,1.912521e-02,3.267458e-02,7.722273e-01,7.179138e-03,1.022187e-03,1.709176e-03,7.207463e-03,7.780113e-03,7.268472e-04,3.099858e-03
1.227574e-01,2.553450e-03,5.854912e-03,2.810845e-03,8.607406e-03,2.285384e-02,2.359445e-02,6.640548e-01,1.000190e-02,3.141328e-02,1.486503e-02,1.536136e-02,5.422282e-02,5.947390e-03,1.510112e-02
1.383750e-01,3.473318e-03,5.119016e-03,2.950488e-03,9.684594e-03,1.879884e-02,1.843076e-02,5.632811e-01,1.207769e-02,3.452433e-02,3.333846e-02,3.632966e-02,9.213020e-02,1.232490e-02,1.916164e-02
1.776255e-01,5.723229e-03,4.402645e-03,4.264496e-03,1.484778e-02,1.810061e-02,1.488113e-02,4.350602e-01,2.032119e-02,3.969402e-02,3.123737e-02,5.310310e-02,1.372718e-01,1.481736e-02,2.864952e-02
