1.000000e+00,0.000000e+00,0.000000e+00,0.000000e+00,0.000000e+00,0.000000e+00,0.000000e+00,0.000000e+00,0.000000e+00,0.000000e+00,0.000000e+00,0.000000e+00,0.000000e+00,0.000000e+00,0.000000e+00
1.000000e+00,0.000000e+00,0.000000e+00,0.000000e+00,0.000000e+00,0.000000e+00,0.000000e+00,0.000000e+00,0.000000e+00,0.000000e+00,0.000000e+00,0.000000e+00,0.000000e+00,0.000000e+00,0.000000e+00
1.000000e+00,0.000000e+00,0.000000e+00,0.000000e+00,0.000000e+00,0.000000e+00,0.000000e+00,0.000000e+00,0.000000e+00,0.000000e+00,0.000000e+00,0.000000e+00,0.000000e+00,0.000000e+00,0.000000e+00
1.000000e+00,0.000000e+00,0.000000e+00,0.000000e+00,0.000000e+00,0.000000e+00,0.000000e+00,0.000000e+00,0.000000e+00,0.000000e+00,0.000000e+00,0.000000e+00,0.000000e+00,0.000000e+00,0.000000e+00
1.000000e+00,0.000000e+00,0.000000e+00,0.000000e+00,0.000000e+00,0.000000e+00,0.000000e+00,0.000000e+00,0.000000e+00,0.000000e+00,0.000000e+00,0.000000e+00,0.000000e+00,0.000000e+00,0.000000e+00
1.000000e+00,0.000000e+00,0.000000e+00,0.000000e+00,0.000000e+00,0.000000e+00,0.000000e+00,0.000000e+00,0.000000e+00,0.000000e+00,0.000000e+00,0.000000e+00,0.000000e+00,0.000000e+00,0.000000e+00
1.000000e+00,0.000000e+00,0.000000e+00,0.000000e+00,0.000000e+00,0.000000e+00,0.000000e+00,0.000000e+00,0.000000e+00,0.000000e+00,0.000000e+00,0.000000e+00,0.000000e+00,0.000000e+00,0.000000e+00
1.000000e+00,0.000000e+00,0.000000e+00,0.000000e+00,0.000000e+00,0.000000e+00,0.000000e+00,0.000000e+00,0.000000e+00,0.000000e+00,0.000000e+00,0.000000e+00,0.000000e+00,0.000000e+00,0.000000e+00
1.000000e+00,0.000000e+00,0.000000e+00,0.000000e+00,0.000000e+00,0.000000e+00,0.000000e+00,0.000000e+00,0.000000e+00,0.000000e+00,0.000000e+00,0.000000e+00,0.000000e+00,0.000000e+00,0.000000e+00
1.000000e+00,0.000000e+00,0.000000e+00,0.000000e+00,0.000000e+00,0.000000e+00,0.000000e+00,0.000000e+00,0.000000e+00,0.000000e+00,0.000000e+00,0.000000e+00,0.000000e+00,0.000000e+00,0.000000e+00
1.000000e+00,0.000000e+00,0.000000e+00,0.000000e+00,0.000000e+00,0.000000e+00,0.000000e+00,0.000000e+00,0.000000e+00,0.000000e+00,0.000000e+00,0.000000e+00,0.000000e+00,0.000000e+00,0.000000e+00
1.000000e+00,0.000000e+00,0.000000e+00,0.000000e+00,0.000000e+00,0.000000e+00,0.000000e+00,0.000000e+00,0.000000e+00,0.000000e+00,0.000000e+00,0.000000e+00,0.000000e+00,0.000000e+00,0.000000e+00
1.000000e+00,0.000000e+00,0.000000e+00,0.000000e+00,0.000000e+00,0.000000e+00,0.000000e+00,0.000000e+00,0.000000e+00,0.000000e+00,0.000000e+00,0.000000e+00,0.000000e+00,0.000000e+00,0.000000e+00
1.000000e+00,0.000000e+00,0.000000e+00,0.000000e+00,0.000000e+00,0.000000e+00,0.000000e+00,0.000000e+00,0.000000e+00,0.000000e+00,0.000000e+00,0.000000e+00,0.000000e+00,0.000000e+00,0.000000e+00
1.000000e+00,0.000000e+00,0.000000e+00,0.000000e+00,0.000000e+00,0.000000e+00,0.000000e+00,0.000000e+00,0.000000e+00,0.000000e+00,0.000000e+00,0.000000e+00,0.000000e+00,0.000000e+00,0.000000e+00
1.000000e+00,0.000000e+00,0.000000e+00,0.000000e+00,0.000000e+00,0.000000e+00,0.000000e+00,0.000000e+00,0.000000e+00,0.000000e+00,0.000000e+00,0.000000e+00,0.000000e+00,0.000000e+00,0.000000e+00
1.000000e+00,0.000000e+00,0.000000e+00,0.000000e+00,0.000000e+00,0.000000e+00,0.000000e+00,0.000000e+00,0.000000e+00,0.000000e+00,0.000000e+00,0.000000e+00,0.000000e+00,0.000000e+00,0.000000e+00
1.000000e+00,0.000000e+00,0.000000e+00,0.000000e+00,0.000000e+00,0.000000e+00,0.000000e+00,0.000000e+00,0.000000e+00,0.000000e+00,0.000000e+00,0.000000e+00,0.000000e+00,0.000000e+00,0.000000e+00
1.000000e+00,0.000000e+00,0.000000e+00,0.000000e+00,0.000000e+00,0.000000e+00,0.000000e+00,0.000000e+00,0.000000e+00,0.000000e+00,0.000000e+00,0.000000e+00,0.000000e+00,0.000000e+00,0.000000e+00
1.000000e+00,0.000000e+00,0.000000e+00,0.000000e+00,0.000000e+00,0.000000e+00,0.000000e+00,0.000000e+00,0.000000e+00,0.000000e+00,0.000000e+00,0.000000e+00,0.000000e+00,0.000000e+00,0.000000e+00
1.000000e+00,0.000000e+00,0.000000e+00,0.000000e+00,0.000000e+00,0.000000e+00,0.000000e+00,0.000000e+00,0.000000e+00,0.000000e+00,0.000000e+00,0.000000e+00,0.000000e+00,0.000000e+00,0.000000e+00
1.000000e+00,0.000000e+00,0.000000e+00,0.000000e+00,0.000000e+00,0.000000e+00,0.000000e+00,0.000000e+00,0.000000e+00,0.000000e+00,0.000000e+00,0.000000e+00,0.000000e+00,0.000000e+00,0.000000e+00
1.000000e+00,0.000000e+00,0.000000e+00,0.000000e+00,0.000000e+00,0.000000e+00,0.000000e+00,0.000000e+00,0.000000e+00,0.000000e+00,0.000000e+00,0.000000e+00,0.000000e+00,0.000000e+00,0.000000e+00
1.000000e+00,0.000000e+00,0.000000e+00,0.000000e+00,0.000000e+00,0.000000e+00,0.000000e+00,0.000000e+00,0.000000e+00,0.000000e+00,0.000000e+00,0.000000e+00,0.000000e+00,0.000000e+00,0.000000e+00
1.000000e+00,0.000000e+00,0.000000e+00,0.000000e+00,0.000000e+00,0.000000e+00,0.000000e+00,0.000000e+00,0.000000e+00,0.000000e+00,0.000000e+00,0.000000e+00,0.000000e+00,0.000000e+00,0.000000e+00
1.000000e+00,0.000000e+00,0.000000e+00,0.000000e+00,0.000000e+00,0.000000e+00,0.000000e+00,0.000000e+00,0.000000e+00,0.000000e+00,0.000000e+00,0.000000e+00,0.000000e+00,0.000000e+00,0.000000e+00
1.000000e+00,0.000000e+00,0.000000e+00,0.000000e+00,0.000000e+00,0.000000e+00,0.000000e+00,0.000000e+00,0.000000e+00,0.000000e+00,0.000000e+00,0.000000e+00,0.000000e+00,0.000000e+00,0.000000e+00
1.000000e+00,0.000000e+00,0.000000e+00,0.000000e+00,0.000000e+00,0.000000e+00,0.000000e+00,0.000000e+00,0.000000e+00,0.000000e+00,0.000000e+00,0.000000e+00,0.000000e+00,0.000000e+00,0.000000e+00
1.000000e+00,0.000000e+00,0.000000e+00,0.000000e+00,0.000000e+00,0.000000e+00,0.000000e+00,0.000000e+00,0.000000e+00,0.000000e+00,0.000000e+00,0.000000e+00,0.000000e+00,0.000000e+00,0.000000e+00
1.000000e+00,0.000000e+00,0.000000e+00,0.000000e+00,0.000000e+00,0.000000e+00,0.000000e+00,0.000000e+00,0.000000e+00,0.000000e+00,0.000000e+00,0.000000e+00,0.000000e+00,0.000000e+00,0.000000e+00
1.000000e+00,0.000000e+00,0.000000e+00,0.000000e+00,0.000000e+00,0.000000e+00,0.000000e+00,0.000000e+00,0.000000e+00,0.000000e+00,0.000000e+00,0.000000e+00,0.000000e+00,0.000000e+00,0.000000e+00
1.000000e+00,0.000000e+00,0.000000e+00,0.000000e+00,0.000000e+00,0.000000e+00,0.000000e+00,0.000000e+00,0.000000e+00,0.000000e+00,0.000000e+00,0.000000e+00,0.000000e+00,0.000000e+00,0.000000e+00
1.000000e+00,0.000000e+00,0.000000e+00,0.000000e+00,0.000000e+00,0.000000e+00,0.000000e+00,0.000000e+00,0.000000e+00,0.000000e+00,0.000000e+00,0.000000e+00,0.000000e+00,0.000000e+00,0.000000e+00
1.000000e+00,0.000000e+00,0.000000e+00,0.000000e+00,0.000000e+00,0.000000e+00,0.000000e+00,0.000000e+00,0.000000e+00,0.000000e+00,0.000000e+00,0.000000e+00,0.000000e+00,0.000000e+00,0.000000e+00
1.000000e+00,0.000000e+00,0.000000e+00,0.000000e+00,0.000000e+00,0.000000e+00,0.000000e+00,0.000000e+00,0.000000e+00,0.000000e+00,0.000000e+00,0.000000e+00,0.000000e+00,0.000000e+00,0.000000e+00
1.000000e+00,0.000000e+00,0.000000e+00,0.000000e+00,0.000000e+00,0.000000e+00,0.000000e+00,0.000000e+00,0.000000e+00,0.000000e+00,0.000000e+00,0.000000e+00,0.000000e+00,0.000000e+00,0.000000e+00
1.000000e+00,0.000000e+00,0.000000e+00,0.000000e+00,0.000000e+00,0.000000e+00,0.000000e+00,0.000000e+00,0.000000e+00,0.000000e+00,0.000000e+00,0.000000e+00,0.000000e+00,0.000000e+00,0.000000e+00
1.000000e+00,0.000000e+00,0.000000e+00,0.000000e+00,0.000000e+00,0.000000e+00,0.000000e+00,0.000000e+00,0.000000e+00,0.000000e+00,0.000000e+00,0.000000e+00,0.000000e+00,0.000000e+00,0.000000e+00
1.000000e+00,0.000000e+00,0.000000e+00,0.000000e+00,0.000000e+00,0.000000e+00,0.000000e+00,0.000000e+00,0.000000e+00,0.000000e+00,0.000000e+00,0.000000e+00,0.000000e+00,0.000000e+00,0.000000e+00
1.000000e+00,0.000000e+00,0.000000e+00,0.000000e+00,0.000000e+00,0.000000e+00,0.000000e+00,0.000000e+00,0.000000e+00,0.000000e+00,0.000000e+00,0.000000e+00,0.000000e+00,0.000000e+00,0.000000e+00
1.000000e+00,0.000000e+00,0.000000e+00,0.000000e+00,0.000000e+00,0.000000e+00,0.000000e+00,0.000000e+00,0.000000e+00,0.000000e+00,0.000000e+00,0.000000e+00,0.000000e+00,0.000000e+00,0.000000e+00
1.000000e+00,0.000000e+00,0.000000e+00,0.000000e+00,0.000000e+00,0.000000e+00,0.000000e+00,0.000000e+00,0.000000e+00,0.000000e+00,0.000000e+00,0.000000e+00,0.000000e+00,0.000000e+00,0.000000e+00
1.000000e+00,0.000000e+00,0.000000e+00,0.000000e+00,0.000000e+00,0.000000e+00,0.000000e+00,0.000000e+00,0.000000e+00,0.000000e+00,0.000000e+00,0.000000e+00,0.000000e+00,0.000000e+00,0.000000e+00
1.000000e+00,0.000000e+00,0.000000e+00,0.000000e+00,0.000000e+00,0.000000e+00,0.000000e+00,0.000000e+00,0.000000e+00,0.000000e+00,0.000000e+00,0.000000e+00,0.000000e+00,0.000000e+00,0.000000e+00
1.000000e+00,0.000000e+00,0.000000e+00,0.000000e+00,0.000000e+00,0.000000e+00,0.000000e+00,0.000000e+00,0.000000e+00,0.000000e+00,0.000000e+00,0.000000e+00,0.000000e+00,0.000000e+00,0.000000e+00
1.000000e+00,0.000000e+00,0.000000e+00,0.000000e+00,0.000000e+00,0.000000e+00,0.000000e+00,0.000000e+00,0.000000e+00,0.000000e+00,0.000000e+00,0.000000e+00,0.000000e+00,0.000000e+00,0.000000e+00
1.000000e+00,0.000000e+00,0.000000e+00,0.000000e+00,0.000000e+00,0.000000e+00,0.000000e+00,0.000000e+00,0.000000e+00,0.000000e+00,0.000000e+00,0.000000e+00,0.000000e+00,0.000000e+00,0.000000e+00
1.000000e+00,0.000000e+00,0.000000e+00,0.000000e+00,0.000000e+00,0.000000e+00,0.000000e+00,0.000000e+00,0.000000e+00,0.000000e+00,0.000000e+00,0.000000e+00,0.000000e+00,0.000000e+00,0.000000e+00
1.000000e+00,0.000000e+00,0.000000e+00,0.000000e+00,0.000000e+00,0.000000e+00,0.000000e+00,0.000000e+00,0.000000e+00,0.000000e+00,0.000000e+00,0.000000e+00,0.000000e+00,0.000000e+00,0.000000e+00
1.000000e+00,0.000000e+00,0.000000e+00,0.000000e+00,0.000000e+00,0.000000e+00,0.000000e+00,0.000000e+00,0.000000e+00,0.000000e+00,0.000000e+00,0.000000e+00,0.000000e+00,0.000000e+00,0.000000e+00
4.437524e-01,9.345004e-03,8.403486e-03,2.481251e-02,5.463098e-03,8.471621e-03,2.639122e-03,4.613367e-01,2.522518e-03,6.822736e-04,4.915573e-03,1.217609e-02,7.939733e-03,1.037026e-03,6.502800e-03
3.107826e-01,6.554007e-03,5.930404e-03,1.741840e-02,4.029918e-03,5.951742e-03,1.930291e-03,6.223301e-01,1.768021e-03,4.778770e-04,3.450764e-03,8.525918e-03,5.568841e-03,7.273335e-04,4.553800e-03
2.176025e-01,4.599174e-03,4.203169e-03,1.221034e-02,2.875163e-03,4.226997e-03,1.423976e-03,7.352633e-01,1.238252e-03,3.348937e-04,2.430867e-03,5.971868e-03,3.908631e-03,5.204037e-04,3.190358e-03
1.524092e-01,3.230391e-03,2.962133e-03,8.560801e-03,2.108074e-03,3.037254e-03,1.077305e-03,8.142160e-01,8.682223e-04,2.351345e-04,1.736800e-03,4.188730e-03,2.758114e-03,3.762131e-04,2.235639e-03
1.069278e-01,2.309463e-03,2.096388e-03,6.022160e-03,2.278961e-03,2.322194e-03,1.104720e-03,8.378313e-01,1.842445e-03,2.836226e-04,9.229228e-03,8.260287e-03,1.576275e-02,2.005803e-03,1.722896e-03
7.527074e-02,2.088377e-03,1.474420e-03,4.313735e-03,3.070825e-03,1.935988e-03,1.183623e-03,6.865728e-01,5.446693e-03,2.855412e-04,5.437554e-02,1.461788e-02,1.428919e-01,3.440578e-03,3.031312e-03
5.288578e-02,1.695907e-03,1.036167e-03,3.234562e-03,2.963449e-03,1.665335e-03,1.436737e-03,5.722244e-01,7.970801e-03,3.811975e-04,5.437887e-02,2.342408e-02,2.660640e-01,6.849665e-03,3.788926e-03
3.711110e-02,1.471765e-03,7.386933e-04,2.450413e-03,3.374686e-03,1.721158e-03,2.365717e-03,4.253625e-01,1.035242e-02,2.888102e-04,4.093314e-02,2.034799e-02,4.440520e-01,4.907508e-03,4.522094e-03
2.604931e-02,1.582763e-03,5.535635e-04,2.402450e-03,7.414474e-03,2.278701e-03,2.052950e-03,3.008295e-01,3.676427e-02,2.188254e-04,2.982685e-02,1.572989e-02,5.665199e-01,3.474051e-03,4.302537e-03
1.827830e-02,2.278577e-03,1.100171e-03,1.305129e-02,1.745488e-02,1.073335e-02,1.790627e-03,2.109154e-01,8.004572e-02,2.149500e-04,2.686337e-02,1.493780e-02,5.940470e-01,2.478979e-03,5.809557e-03
1.291849e-02,1.428823e-02,4.157622e-03,1.313807e-02,1.325823e-02,9.725844e-03,1.335616e-03,1.477260e-01,2.713701e-01,2.764395e-04,2.070763e-02,1.694840e-02,4.672830e-01,1.825111e-03,5.041321e-03
9.553671e-03,1.276933e-02,3.465659e-03,1.169231e-02,1.049385e-02,1.098679e-02,1.148162e-03,1.037629e-01,2.131743e-01,2.571050e-04,1.976676e-02,2.445912e-02,5.700867e-01,1.585165e-03,6.798277e-03
9.188005e-03,3.619767e-02,9.075424e-03,1.962964e-02,1.300839e-02,1.204581e-02,1.182655e-03,7.345463e-02,2.685179e-01,5.713033e-04,1.638755e-02,2.476404e-02,5.007163e-01,1.767044e-03,1.349368e-02
1.150005e-02,2.928110e-02,7.169890e-03,1.489890e-02,1.282860e-02,2.537093e-02,1.437656e-03,5.284178e-02,2.549142e-01,5.787140e-04,1.932431e-02,2.226304e-02,5.219871e-01,1.991265e-03,2.361245e-02
1.946425e-02,2.259292e-02,6.391060e-03,1.184141e-02,1.398324e-02,3.861799e-02,1.788911e-03,3.829330e-02,2.441527e-01,1.198177e-03,3.478503e-02,2.615070e-02,5.154374e-01,2.860859e-03,2.244214e-02
6.473491e-02,1.785020e-02,6.639461e-03,8.779399e-03,1.767146e-02,1.016858e-01,2.487331e-03,2.869223e-02,2.025997e-01,9.797413e-04,2.728439e-02,2.366052e-02,4.748813e-01,3.325508e-03,1.872811e-02
6.359956e-02,1.489309e-02,6.256939e-03,8.102304e-03,1.701685e-02,1.749610e-01,2.560574e-03,2.114272e-02,1.531408e-01,1.232587e-03,2.288799e-02,2.578076e-02,4.700747e-01,2.886509e-03,1.546367e-02
5.002690e-02,1.226094e-02,5.907197e-03,6.716488e-03,1.817596e-02,2.839957e-01,2.349647e-03,1.639717e-02,1.180170e-01,1.458463e-03,1.822699e-02,2.096311e-02,4.190559e-01,2.645440e-03,2.380309e-02
4.041015e-02,1.024454e-02,4.670981e-03,5.525123e-03,1.689752e-02,2.120820e-01,2.088173e-03,1.196996e-02,9.376877e-02,1.424264e-03,1.508310e-02,1.725206e-02,5.430471e-01,2.597600e-03,2.293861e-02
3.534483e-02,9.622708e-03,4.097046e-03,5.726976e-03,1.877575e-02,1.572259e-01,1.880817e-03,9.284976e-03,7.257450e-02,1.465351e-03,1.214318e-02,1.297714e-02,6.287166e-01,1.998568e-03,2.816562e-02
3.095037e-02,1.164348e-02,4.001883e-03,5.231572e-03,1.736596e-02,1.447133e-01,1.906116e-03,7.324997e-03,7.873478e-02,1.304195e-03,9.628951e-03,1.018963e-02,6.407468e-01,1.749659e-03,3.450835e-02
2.825886e-02,1.798470e-02,9.395342e-03,1.046232e-02,3.043028e-02,1.607790e-01,3.922054e-03,1.028104e-02,9.912495e-02,1.602868e-03,7.823413e-03,8.136724e-03,5.765091e-01,1.547080e-03,3.374235e-02
3.696072e-02,1.556920e-02,2.016256e-02,2.066984e-02,6.208307e-02,2.348090e-01,4.039186e-03,1.232477e-02,1.048899e-01,1.580577e-03,5.803737e-03,6.069660e-03,4.471532e-01,1.214953e-03,2.666967e-02
9.276856e-02,3.245971e-02,2.245030e-02,2.383563e-02,8.252289e-02,2.575075e-01,4.958706e-03,1.074190e-02,8.117596e-02,1.956268e-03,5.170751e-03,5.716787e-03,3.425307e-01,2.910998e-03,3.329333e-02
8.904137e-02,5.285292e-02,5.286226e-02,6.158075e-02,8.339973e-02,2.117734e-01,4.554630e-03,1.056977e-02,7.095639e-02,1.309596e-02,4.697914e-03,5.479509e-03,2.428991e-01,2.624431e-03,9.361183e-02
9.189375e-02,5.595165e-02,1.288096e-01,8.666506e-02,7.578708e-02,1.900343e-01,4.249435e-03,1.017657e-02,6.542594e-02,1.334404e-02,4.222280e-03,4.752941e-03,1.771996e-01,2.344403e-03,8.914327e-02
7.995627e-02,4.728317e-02,9.853272e-02,8.063229e-02,8.413321e-02,1.778109e-01,4.486548e-03,1.323178e-01,7.913780e-02,9.448225e-03,5.553585e-03,3.663173e-03,1.315527e-01,2.103381e-03,6.338817e-02
6.040078e-02,3.341834e-02,7.065316e-02,5.887257e-02,6.870911e-02,1.311224e-01,3.570286e-03,3.635839e-01,5.627568e-02,6.664209e-03,4.686685e-03,2.584063e-03,9.349051e-02,1.487497e-03,4.448084e-02
4.494921e-02,2.352311e-02,4.995519e-02,4.167882e-02,4.982225e-02,9.258408e-02,2.674891e-03,5.472945e-01,3.955760e-02,4.675627e-03,3.400218e-03,1.819664e-03,6.585054e-02,1.048091e-03,3.116619e-02
3.253046e-02,1.648789e-02,3.506730e-02,2.924626e-02,3.555280e-02,6.503428e-02,1.965936e-03,6.807628e-01,2.770313e-02,3.279048e-03,2.405197e-03,1.280046e-03,4.612147e-02,7.360069e-04,2.182741e-02
2.366997e-02,1.155138e-02,2.458904e-02,2.049793e-02,2.513718e-02,4.617085e-02,1.598616e-03,7.742565e-01,1.940463e-02,2.301737e-03,1.732991e-03,9.165682e-04,3.235748e-02,5.192581e-04,1.529588e-02
1.744440e-02,8.099380e-03,1.724590e-02,1.438346e-02,1.797078e-02,3.296024e-02,1.269350e-03,8.396419e-01,1.359915e-02,1.614435e-03,1.265719e-03,6.677338e-04,2.274209e-02,3.688009e-04,1.072662e-02
1.318274e-02,5.686060e-03,1.208747e-02,1.009127e-02,1.469312e-02,2.346449e-02,1.020978e-03,8.838531e-01,9.532945e-03,1.131173e-03,9.392477e-04,4.833336e-04,1.605763e-02,2.617727e-04,7.514683e-03
1.070683e-02,3.998837e-03,8.478306e-03,7.086001e-03,1.254228e-02,1.678712e-02,8.635378e-04,9.141604e-01,6.689995e-03,7.927112e-04,7.127217e-04,3.539438e-04,1.137405e-02,1.863905e-04,5.266946e-03
9.650237e-03,2.818869e-03,5.976840e-03,5.051977e-03,9.684609e-03,1.220830e-02,8.131834e-04,9.355080e-01,4.754044e-03,5.605661e-04,6.305077e-04,2.957511e-04,8.206973e-03,1.343769e-04,3.705759e-03
1.106360e-02,2.098659e-03,4.365686e-03,3.936112e-03,1.341493e-02,9.758653e-03,1.222732e-03,9.404025e-01,3.456800e-03,3.980307e-04,5.276868e-04,2.579779e-04,6.369742e-03,9.954114e-05,2.627352e-03
1.297083e-02,1.692119e-03,3.278343e-03,3.026942e-03,1.223275e-02,8.687848e-03,1.207383e-03,9.455578e-01,2.753241e-03,2.970056e-04,4.769626e-04,2.582920e-04,5.522373e-03,7.605693e-05,1.962023e-03
1.348339e-02,1.307392e-03,2.396728e-03,2.366072e-03,9.772019e-03,6.465415e-03,9.488774e-04,9.548893e-01,1.986512e-03,2.164724e-04,3.783553e-04,2.532460e-04,4.001635e-03,5.689402e-05,1.477664e-03
1.651084e-02,9.641110e-04,1.763629e-03,1.991691e-03,7.624045e-03,4.737028e-03,7.586143e-04,9.593896e-01,1.432077e-03,1.573697e-04,3.098406e-04,2.984483e-04,2.920774e-03,4.371853e-05,1.098244e-03
3.299927e-02,8.929316e-03,2.769965e-03,1.012663e-01,7.914353e-03,6.356334e-03,7.089830e-04,7.762147e-01,9.983648e-03,1.733328e-03,1.308707e-02,1.661588e-02,1.741686e-02,8.825884e-04,3.121366e-03
2.956319e-02,3.338033e-02,2.728581e-03,1.094552e-01,1.054217e-02,7.366844e-03,8.237360e-04,5.706069e-01,1.347717e-01,5.759530e-03,1.872676e-02,1.336915e-02,4.910990e-02,1.141267e-03,1.265463e-02
2.878989e-02,5.452709e-02,3.102449e-03,1.051968e-01,1.688212e-02,6.442297e-03,1.754326e-03,4.222670e-01,2.233898e-01,1.158354e-02,1.802840e-02,1.083922e-02,8.132537e-02,9.629867e-04,1.490868e-02
2.816074e-02,5.394699e-02,2.833422e-03,7.604443e-02,1.576318e-02,5.790308e-03,1.496578e-03,3.132606e-01,2.108526e-01,8.573436e-03,2.044312e-02,1.206058e-02,2.336814e-01,8.577541e-04,1.623493e-02
3.509063e-02,4.598492e-02,2.829300e-03,5.749448e-02,1.695157e-02,6.107467e-03,1.861660e-03,2.541744e-01,2.095507e-01,7.657383e-03,2.818878e-02,1.178148e-02,3.028254e-01,8.788106e-04,1.862307e-02
2.628589e-02,3.480553e-02,2.119051e-03,4.091070e-02,1.311691e-02,5.228500e-03,1.643687e-03,1.805460e-01,1.534948e-01,5.828544e-03,2.080553e-02,9.572990e-03,4.887959e-01,6.830624e-04,1.616291e-02
2.142386e-02,2.472879e-02,1.558424e-03,2.869885e-02,1.026174e-02,3.882221e-03,1.394212e-03,1.274248e-01,1.084172e-01,4.191595e-03,1.507336e-02,8.069817e-03,6.314015e-01,5.009242e-04,1.297272e-02
1.865308e-02,1.761048e-02,1.541573e-03,2.016307e-02,8.878472e-03,3.010996e-03,1.957563e-03,9.041415e-02,7.642807e-02,3.048704e-03,1.174329e-02,7.037441e-03,7.286686e-01,4.515071e-04,1.039298e-02
1.450800e-02,1.296229e-02,2.247988e-03,1.422617e-02,8.207085e-03,2.554297e-03,1.676793e-03,6.344136e-02,5.420463e-02,3.063155e-03,1.120809e-02,8.597840e-03,7.809345e-01,5.358714e-04,2.163198e-02
1.048802e-02,9.305712e-03,3.020864e-03,1.007064e-02,6.924838e-03,2.401176e-03,1.547005e-03,4.449928e-02,3.857324e-02,5.582189e-03,1.062310e-02,8.368331e-03,7.820162e-01,1.004330e-03,6.557515e-02
7.458205e-03,7.073482e-03,3.901080e-02,7.364450e-03,5.498279e-03,2.864154e-03,1.525770e-03,3.404965e-02,2.765658e-02,2.985867e-02,9.573767e-03,6.454919e-03,7.555954e-01,1.181808e-03,6.483412e-02
5.516149e-03,5.167652e-03,3.145301e-02,5.352806e-03,4.048305e-03,4.937094e-03,1.106767e-03,2.405821e-02,1.991842e-02,5.142757e-02,7.135654e-03,4.891082e-03,5.590864e-01,9.823930e-04,2.749186e-01
4.239521e-03,3.768172e-03,2.265613e-02,3.792117e-03,2.862965e-03,4.363889e-03,7.828476e-04,1.689859e-02,1.412080e-02,4.365491e-02,5.653524e-03,3.577313e-03,3.980766e-01,7.920154e-04,4.747607e-01
3.983723e-03,3.431563e-03,1.698881e-02,2.706642e-03,2.144294e-03,5.505912e-03,5.738997e-04,1.208341e-02,1.042476e-02,5.447037e-02,4.483755e-03,2.847942e-03,2.884072e-01,9.660157e-04,5.909818e-01
3.253386e-03,2.523805e-03,1.287160e-02,1.960439e-03,1.600771e-03,8.867415e-03,4.376631e-04,9.073707e-03,7.926950e-03,6.346290e-02,3.361396e-03,2.185006e-03,2.044786e-01,9.511569e-04,6.770452e-01
3.265682e-03,1.826249e-03,9.606007e-03,1.401297e-03,1.178877e-03,6.900046e-03,3.325146e-04,6.569128e-03,6.159712e-03,8.095809e-02,2.436419e-03,1.545091e-03,1.440747e-01,7.588601e-04,7.329873e-01
4.392997e-03,1.469408e-03,1.271709e-02,1.626706e-03,1.129139e-03,6.394726e-03,3.033765e-04,7.588615e-03,1.227000e-02,1.480180e-01,1.864920e-03,1.106356e-03,1.011364e-01,6.399782e-04,6.993423e-01
9.398644e-03,1.223267e-03,1.147969e-02,1.677431e-03,1.030570e-03,8.614589e-03,2.413614e-04,6.604504e-03,1.549628e-02,1.926940e-01,1.448707e-03,7.931870e-04,7.092518e-02,5.817118e-04,6.777908e-01
1.922824e-02,1.339533e-03,1.055607e-02,2.201978e-03,1.368292e-03,8.149075e-03,2.313698e-04,6.553029e-03,2.589712e-02,2.712221e-01,1.083605e-03,5.839271e-04,4.985534e-02,5.155286e-04,6.012148e-01
1.977713e-02,1.401191e-03,9.851616e-03,2.649872e-03,1.097649e-03,6.977617e-03,1.777782e-04,5.718916e-03,3.255250e-02,4.182757e-01,8.444242e-04,4.609885e-04,3.502897e-02,4.830146e-04,4.647027e-01
2.552046e-02,1.602042e-03,8.863200e-03,2.585826e-03,1.128403e-03,5.309637e-03,2.147864e-04,7.242781e-03,2.624535e-02,4.823502e-01,7.802869e-04,4.039287e-04,2.486711e-02,6.715880e-04,4.122144e-01
3.626320e-02,3.912819e-03,2.788958e-02,5.165393e-03,1.787633e-03,4.344247e-03,6.902835e-04,1.105934e-02,2.244074e-02,5.051996e-01,7.501294e-04,4.513692e-04,1.774598e-02,1.114264e-03,3.611855e-01
4.474233e-02,6.403746e-03,3.646538e-02,6.803863e-03,2.430659e-03,3.936186e-03,1.237139e-03,1.364066e-02,1.815820e-02,5.509533e-01,9.157545e-04,5.076797e-04,1.280952e-02,1.677003e-03,2.993186e-01
7.096875e-02,9.567225e-03,5.154043e-02,8.188346e-03,4.553670e-03,5.183760e-03,1.973720e-03,1.352615e-02,1.698381e-02,5.257396e-01,1.436707e-03,9.293056e-04,9.568376e-03,4.887495e-03,2.749527e-01
1.132881e-01,1.860070e-02,7.307857e-02,1.061527e-02,8.513785e-03,7.380872e-03,3.149810e-03,1.680304e-02,1.701263e-02,4.507295e-01,2.056696e-03,1.405885e-03,7.458492e-03,8.019555e-03,2.618872e-01
2.168144e-01,2.780300e-02,7.438824e-02,1.283548e-02,1.037881e-02,1.026879e-02,3.586194e-03,1.666055e-02,1.869329e-02,3.293802e-01,3.323592e-03,2.244036e-03,5.878992e-03,1.230699e-02,2.554375e-01
3.436404e-01,3.387651e-02,6.068024e-02,1.428133e-02,1.069116e-02,1.692056e-02,3.392093e-03,1.404411e-02,1.941193e-02,2.372755e-01,6.632621e-03,6.301987e-03,5.085187e-03,1.786333e-02,2.099030e-01
2.414753e-01,6.154320e-02,4.711328e-02,1.115514e-02,7.834483e-03,1.540738e-02,2.407242e-03,9.841777e-03,3.752303e-02,1.698968e-01,5.993064e-03,4.671850e-03,3.994646e-03,7.254709e-02,3.085958e-01
1.692002e-01,4.370479e-02,3.332025e-02,7.830906e-03,5.571577e-03,1.101897e-02,1.697849e-03,6.893083e-03,3.270914e-02,1.224044e-01,6.390422e-03,3.367886e-03,3.018159e-03,2.777033e-01,2.751692e-01
1.185661e-01,3.082194e-02,2.344732e-02,5.499632e-03,4.002029e-03,7.822896e-03,1.201659e-03,4.831403e-03,6.063976e-02,9.462156e-02,8.203300e-03,4.014623e-03,2.406896e-03,2.348092e-01,3.991117e-01
8.314231e-02,2.172589e-02,1.659280e-02,3.879578e-03,2.820988e-03,5.514476e-03,8.474294e-04,3.390490e-03,9.059186e-02,7.170235e-02,2.584228e-02,3.956026e-03,1.992304e-03,1.888289e-01,4.791723e-01
5.844935e-02,1.537432e-02,1.171596e-02,3.038446e-03,3.256606e-03,3.936425e-03,6.189518e-04,2.447704e-03,9.261136e-02,6.198708e-02,1.472444e-01,5.609249e-03,3.971961e-03,2.178257e-01,3.719125e-01
4.107936e-02,1.082742e-02,8.210969e-03,2.247525e-03,1.008868e-02,2.799952e-03,4.625860e-04,1.864475e-03,7.196978e-02,5.045994e-02,2.838433e-01,9.331763e-03,5.131258e-03,1.911072e-01,3.105758e-01
2.888919e-02,7.678082e-03,5.776618e-03,1.747467e-03,9.548838e-03,2.086155e-03,3.394238e-04,1.499302e-03,5.509622e-02,4.414796e-02,4.350251e-01,1.508407e-02,5.484602e-03,1.603542e-01,2.272428e-01
2.043407e-02,5.491454e-03,4.081508e-03,1.636615e-03,1.032585e-02,1.700114e-03,3.219455e-04,1.268569e-03,4.529011e-02,3.896044e-02,5.470486e-01,2.112489e-02,7.666258e-03,1.272438e-01,1.674059e-01
1.441584e-02,3.951038e-03,2.883164e-03,1.289373e-03,8.556312e-03,1.987374e-03,3.179283e-04,9.223928e-04,3.729990e-02,3.704033e-02,4.749569e-01,4.070259e-02,1.758667e-02,1.996344e-01,1.584558e-01
1.014462e-02,2.843348e-03,2.059463e-03,1.585513e-03,1.829292e-02,1.737602e-03,4.115874e-04,3.389844e-03,6.378077e-02,3.474844e-02,5.048476e-01,3.495431e-02,1.700376e-02,1.544844e-01,1.497158e-01
7.292712e-03,2.018173e-03,1.482242e-03,3.066432e-03,2.356214e-02,2.230547e-03,5.714825e-04,6.043353e-03,6.219852e-02,2.983217e-02,5.170537e-01,2.756670e-02,1.548590e-02,1.318941e-01,1.697019e-01
5.492673e-03,1.534671e-03,1.222617e-03,7.600361e-03,2.414906e-02,4.154595e-03,5.206427e-04,6.778211e-03,7.339175e-02,2.441502e-02,4.321865e-01,2.603339e-02,1.942752e-02,2.043707e-01,1.687223e-01
3.981408e-03,1.192656e-03,9.747828e-04,8.150411e-03,2.026621e-02,4.059475e-03,4.823986e-04,7.100683e-03,7.017195e-02,1.975395e-02,3.355644e-01,1.936782e-02,1.774877e-02,3.652343e-01,1.259508e-01
2.991196e-03,8.748151e-04,1.469651e-03,7.161759e-03,3.426842e-02,3.273459e-03,1.926543e-03,7.720928e-02,5.773303e-02,1.547993e-02,2.464072e-01,1.414463e-02,1.400646e-02,4.322376e-01,9.081601e-02
3.329943e-03,6.388019e-04,1.346632e-02,2.567261e-02,5.426195e-02,5.108129e-03,4.593419e-03,2.048822e-01,4.588206e-02,1.165209e-02,1.767919e-01,1.042152e-02,1.081453e-02,3.686780e-01,6.380655e-02
5.849438e-03,7.210972e-04,1.106555e-02,5.031496e-02,2.155797e-01,5.536065e-03,1.383306e-02,1.722054e-01,5.496603e-02,8.667437e-03,1.282664e-01,7.421367e-03,7.988524e-03,2.726680e-01,4.491705e-02
5.522899e-03,8.382921e-04,8.851389e-03,9.984365e-02,3.288900e-01,5.007793e-03,3.447601e-02,1.458656e-01,4.012046e-02,6.168581e-03,9.075805e-02,5.239350e-03,5.670007e-03,1.912664e-01,3.148144e-02
7.488871e-03,8.454864e-04,7.979759e-03,1.165497e-01,4.036573e-01,4.388515e-03,3.033290e-02,1.666692e-01,2.941395e-02,4.367555e-03,6.427235e-02,3.727430e-03,4.033439e-03,1.341880e-01,2.208550e-02
6.655681e-03,6.886082e-04,5.986758e-03,8.614228e-02,3.027528e-01,3.544710e-03,2.170032e-02,3.878854e-01,2.120927e-02,3.082925e-03,4.534191e-02,2.668930e-03,2.910250e-03,9.394623e-02,1.548395e-02
5.596117e-03,4.983883e-04,4.282623e-03,6.056412e-02,2.269224e-01,2.804268e-03,1.536658e-02,5.544432e-01,1.490739e-02,2.158432e-03,3.180144e-02,1.879883e-03,2.165222e-03,6.576773e-02,1.084217e-02
4.648106e-03,3.563735e-04,3.049268e-03,4.251738e-02,1.644523e-01,2.190659e-03,1.085048e-02,6.811012e-01,1.044964e-02,1.511445e-03,2.230773e-02,1.325552e-03,1.608509e-03,4.603929e-02,7.592009e-03
4.204276e-03,2.677249e-04,2.164730e-03,2.981854e-02,1.167956e-01,4.532367e-03,7.656807e-03,7.707400e-01,7.330180e-03,1.061325e-03,1.565903e-02,9.517187e-04,1.259360e-03,3.223141e-02,5.326869e-03
1.585142e-02,3.165436e-04,1.583003e-03,2.132531e-02,8.608060e-02,1.883128e-02,5.481200e-03,7.913257e-01,5.382789e-03,7.623051e-04,1.453969e-02,3.540324e-03,8.557891e-03,2.262723e-02,3.794784e-03
1.346153e-02,3.400689e-04,1.137927e-03,1.531887e-02,6.051874e-02,2.190911e-02,3.888582e-03,5.671635e-01,4.273033e-03,6.519810e-04,4.537834e-02,8.216241e-02,1.645014e-01,1.625575e-02,3.038829e-03
9.980908e-03,5.311728e-04,8.488460e-04,1.113259e-02,4.252031e-02,2.346976e-02,2.825400e-03,4.031405e-01,3.506887e-03,9.760839e-04,4.317492e-02,1.354211e-01,3.074740e-01,1.241032e-02,2.587286e-03
8.905445e-03,6.045052e-04,8.249161e-04,8.366419e-03,3.017519e-02,2.461046e-02,2.958809e-03,3.030832e-01,4.444734e-03,4.014615e-03,3.859834e-02,3.043380e-01,2.521469e-01,1.452553e-02,2.402960e-03
8.036334e-03,5.997433e-04,1.172125e-03,6.285066e-03,2.174930e-02,5.935926e-02,2.958805e-03,2.140725e-01,5.489420e-03,5.113891e-03,3.734452e-02,4.377102e-01,1.857141e-01,1.234462e-02,2.050132e-03
6.382120e-03,9.545363e-04,1.478445e-03,4.627692e-03,1.714650e-02,6.267762e-02,2.665390e-03,1.510756e-01,6.339435e-03,6.248473e-03,5.166491e-02,5.441063e-01,1.329821e-01,9.650746e-03,2.000086e-03
4.666119e-03,1.013793e-03,1.641277e-03,3.321783e-03,1.589620e-02,4.544167e-02,2.002976e-03,1.061473e-01,5.759431e-03,7.876062e-03,4.436314e-02,6.589357e-01,9.422058e-02,7.106857e-03,1.607095e-03
3.516308e-03,1.786969e-03,1.272847e-03,2.361493e-03,3.678228e-02,3.292958e-02,1.444648e-03,7.434104e-02,4.752269e-03,6.670563e-03,3.859793e-02,7.213347e-01,6.776417e-02,5.248006e-03,1.197182e-03
2.832673e-03,2.665397e-03,1.125193e-03,1.707154e-03,6.319990e-02,2.406723e-02,1.055152e-03,5.214171e-02,3.924741e-03,5.631820e-03,3.640237e-02,7.517130e-01,4.856688e-02,4.086095e-03,8.805975e-04
2.259964e-03,3.368992e-03,1.020352e-03,1.232252e-03,4.807508e-02,1.752635e-02,7.500646e-04,3.654333e-02,3.114842e-03,4.901283e-03,3.413040e-02,8.089299e-01,3.444913e-02,3.037256e-03,6.607084e-04
1.747842e-03,3.880059e-03,1.075885e-03,9.068262e-04,3.821853e-02,1.265912e-02,5.416326e-04,2.563045e-02,2.505360e-03,4.016180e-03,2.921360e-02,8.523959e-01,2.444879e-02,2.265855e-03,4.938905e-04
1.404560e-03,2.932144e-03,8.140163e-04,6.931192e-04,4.597308e-02,9.234162e-03,5.064690e-04,1.803609e-02,2.105470e-03,3.216691e-03,2.414131e-02,8.711314e-01,1.751405e-02,1.925519e-03,3.718993e-04
1.266511e-03,2.749627e-03,1.055257e-03,5.916063e-04,7.772271e-02,7.215641e-03,3.007028e-03,1.314314e-02,2.675966e-03,2.741314e-03,2.344689e-02,8.499243e-01,1.252938e-02,1.551890e-03,3.787461e-04
1.335172e-03,2.770822e-03,1.308822e-03,6.548895e-04,1.302552e-01,6.927956e-03,5.838865e-03,1.080008e-02,3.798360e-03,2.386664e-03,2.915356e-02,7.940434e-01,9.081247e-03,1.266094e-03,3.787988e-04
3.337608e-03,2.186350e-03,1.746033e-03,8.672080e-04,1.222315e-01,1.952027e-02,1.702542e-02,1.755181e-02,3.645131e-03,4.402237e-03,4.789279e-02,7.492786e-01,7.524417e-03,1.860644e-03,9.298695e-04
6.953386e-03,2.061269e-03,2.246397e-03,8.515661e-04,1.286171e-01,4.254458e-02,2.431677e-02,2.034905e-02,5.383590e-03,4.696955e-03,1.306632e-01,6.203389e-01,7.801034e-03,1.876533e-03,1.299689e-03
8.738780e-03,1.713711e-03,2.271604e-03,7.657313e-04,1.018052e-01,4.321891e-02,1.971394e-02,1.674779e-02,5.272046e-03,3.561634e-03,2.842889e-01,5.001370e-01,9.014210e-03,1.611705e-03,1.138918e-03
1.265326e-02,1.854768e-03,2.189111e-03,6.556566e-04,8.257895e-02,3.368208e-02,1.491810e-02,1.315817e-02,6.551274e-03,2.651287e-03,4.027357e-01,3.960198e-01,2.595676e-02,3.294740e-03,1.100299e-03
1.913291e-02,3.666087e-03,3.934999e-03,7.749395e-04,1.233092e-01,2.826659e-02,1.339213e-02,1.817916e-02,2.923361e-02,2.678967e-03,4.194953e-01,2.946980e-01,3.407550e-02,7.796073e-03,1.366490e-03
2.420954e-02,8.390134e-03,5.753116e-03,2.087947e-03,1.120066e-01,4.906784e-02,1.071987e-02,4.002475e-02,7.720184e-02,2.833339e-03,3.723349e-01,2.345075e-01,4.896903e-02,9.411299e-03,2.482257e-03
2.172285e-02,1.688375e-02,5.408868e-03,2.543807e-03,9.365781e-02,6.401435e-02,8.448536e-03,4.653719e-02,1.975151e-01,2.778982e-03,2.857458e-01,1.956534e-01,4.766443e-02,8.296058e-03,3.129007e-03
1.689415e-02,1.835193e-02,4.658948e-03,2.288931e-03,8.407420e-02,9.012616e-02,6.308534e-03,4.205381e-02,3.175560e-01,2.225297e-03,2.250565e-01,1.403506e-01,4.054794e-02,6.372704e-03,3.134392e-03
1.664043e-02,1.775270e-02,7.011975e-03,3.344164e-03,1.320241e-01,8.864630e-02,6.415825e-03,5.743509e-02,3.532184e-01,2.010678e-03,1.767650e-01,9.938359e-02,3.137967e-02,4.666976e-03,3.305018e-03
1.765046e-02,1.778825e-02,8.211721e-03,2.903020e-03,1.429485e-01,1.212956e-01,5.382305e-03,4.613258e-02,4.005626e-01,1.995839e-03,1.285335e-01,7.011015e-02,2.530335e-02,3.432104e-03,7.749928e-03
2.041410e-02,1.512696e-02,1.099315e-02,2.410502e-02,2.395174e-01,9.772558e-02,1.100906e-02,6.133787e-02,3.462463e-01,1.969325e-03,9.092271e-02,4.958019e-02,2.019711e-02,2.455282e-03,8.399941e-03
3.191507e-02,1.321962e-02,1.979706e-02,1.177732e-01,2.096317e-01,8.061604e-02,9.828202e-03,5.534954e-02,2.704284e-01,5.402637e-03,6.549644e-02,3.672782e-02,2.756170e-02,1.927201e-03,5.432530e-02
4.437982e-02,1.766782e-02,2.035220e-02,1.030983e-01,1.650339e-01,7.308444e-02,7.983192e-03,4.274714e-02,2.442722e-01,1.013604e-02,5.583945e-02,2.886076e-02,3.865706e-02,1.920075e-03,1.459676e-01
4.237904e-02,2.981131e-02,1.647452e-02,9.664078e-02,1.358273e-01,5.926732e-02,6.300874e-03,3.053810e-02,2.825412e-01,1.363839e-02,4.383807e-02,2.155021e-02,5.839530e-02,1.660758e-03,1.611369e-01
3.175240e-02,2.867624e-02,1.344856e-02,8.184803e-02,9.794374e-02,4.488670e-02,4.567447e-03,2.189501e-02,3.118889e-01,1.418904e-02,3.156192e-02,1.530934e-02,5.200189e-02,1.282494e-03,2.487483e-01
2.804598e-02,7.449268e-02,1.199044e-02,6.626165e-02,7.843964e-02,4.636781e-02,3.562333e-03,1.708632e-02,3.203506e-01,1.675543e-02,2.379568e-02,1.226885e-02,4.736835e-02,1.319840e-03,2.518944e-01
3.347743e-02,1.068240e-01,1.146573e-02,5.547351e-02,7.562608e-02,5.645954e-02,3.150806e-03,1.569541e-02,3.058228e-01,1.742327e-02,1.754332e-02,1.169492e-02,4.664812e-02,1.721495e-03,2.409736e-01
4.650415e-02,1.021411e-01,1.278274e-02,4.477074e-02,7.945984e-02,6.432104e-02,3.515559e-03,2.217392e-02,2.490754e-01,1.864222e-02,1.322486e-02,9.679147e-03,8.668917e-02,2.071272e-03,2.449488e-01
7.398121e-02,1.371709e-01,1.013735e-02,3.595390e-02,6.615785e-02,5.490101e-02,3.059959e-03,2.407152e-02,2.071427e-01,1.925552e-02,1.026730e-02,9.578308e-03,1.354877e-01,3.681458e-03,2.091532e-01
1.131442e-01,1.588371e-01,1.184892e-02,2.955217e-02,5.300491e-02,4.831935e-02,3.105284e-03,2.786292e-02,1.686261e-01,3.021425e-02,8.022863e-03,9.222925e-03,1.437292e-01,4.047948e-03,1.904618e-01
1.186225e-01,1.449489e-01,1.985150e-02,2.323471e-02,5.730046e-02,4.695235e-02,4.285030e-03,6.133195e-02,1.556813e-01,2.275217e-02,6.820785e-03,1.526005e-02,1.563843e-01,4.170031e-03,1.624038e-01
1.538311e-01,1.634357e-01,3.131696e-02,2.731366e-02,4.431751e-02,4.570020e-02,5.095187e-03,6.207529e-02,1.430845e-01,3.226394e-02,5.507063e-03,1.374777e-02,1.399271e-01,6.500479e-03,1.258835e-01
1.760300e-01,1.470556e-01,9.404924e-02,4.260070e-02,3.324588e-02,4.372224e-02,5.591980e-03,5.049742e-02,1.417842e-01,3.476312e-02,5.539292e-03,1.399842e-02,1.104396e-01,5.055221e-03,9.562708e-02
1.503979e-01,1.246037e-01,1.312151e-01,7.442946e-02,2.465946e-02,3.705983e-02,4.994307e-03,4.052471e-02,1.964219e-01,3.338736e-02,6.135430e-03,1.458476e-02,8.143108e-02,3.855849e-03,7.629912e-02
1.545060e-01,9.685220e-02,1.699517e-01,6.143931e-02,2.168904e-02,2.984832e-02,7.593212e-03,7.605605e-02,2.008753e-01,2.791788e-02,6.024185e-03,1.349798e-02,6.319429e-02,3.300390e-03,6.725416e-02
1.345591e-01,7.541005e-02,1.768278e-01,4.951337e-02,1.844718e-02,2.863522e-02,8.218743e-03,1.006576e-01,2.289147e-01,3.360370e-02,6.121090e-03,1.172983e-02,5.495743e-02,2.888805e-03,6.951538e-02
1.255702e-01,6.453202e-02,1.324022e-01,3.772952e-02,1.628491e-02,3.175187e-02,6.925469e-03,8.788212e-02,3.518293e-01,2.685601e-02,6.476749e-03,1.105461e-02,4.291331e-02,2.626418e-03,5.516527e-02
1.395218e-01,4.849752e-02,9.678133e-02,2.977191e-02,1.820499e-02,3.254972e-02,7.775088e-03,1.279106e-01,3.700362e-01,2.034956e-02,1.197399e-02,1.185212e-02,3.539154e-02,3.303727e-03,4.607988e-02
1.293858e-01,3.607601e-02,6.876706e-02,2.264869e-02,1.794411e-02,4.172999e-02,6.081586e-03,1.032584e-01,4.693414e-01,1.453980e-02,1.512608e-02,1.048377e-02,2.848776e-02,2.616822e-03,3.351272e-02
1.052748e-01,2.708163e-02,5.052986e-02,2.175749e-02,2.310031e-02,3.509843e-02,5.317175e-03,1.788689e-01,4.600160e-01,1.047532e-02,2.212886e-02,1.102343e-02,2.343176e-02,1.963512e-03,2.393257e-02
1.144217e-01,2.373918e-02,3.994715e-02,2.820035e-02,2.434934e-02,4.406960e-02,4.400687e-03,1.504998e-01,4.420554e-01,9.145540e-03,3.946871e-02,2.910178e-02,2.791769e-02,1.906563e-03,2.077660e-02
1.051123e-01,2.502497e-02,3.152327e-02,7.148330e-02,2.870251e-02,5.980257e-02,3.606996e-03,1.196857e-01,3.928207e-01,9.385135e-03,5.269544e-02,4.453632e-02,3.109407e-02,1.875447e-03,2.265120e-02
1.142861e-01,2.390031e-02,3.244888e-02,1.181889e-01,2.659463e-02,5.558025e-02,3.017962e-03,1.181841e-01,3.424112e-01,8.460044e-03,5.329913e-02,4.365382e-02,3.407729e-02,2.509343e-03,2.338807e-02
1.282253e-01,3.190021e-02,4.217160e-02,1.796906e-01,2.192758e-02,4.169143e-02,2.383569e-03,9.103367e-02,3.101465e-01,8.646331e-03,4.821780e-02,4.037672e-02,3.023538e-02,2.252033e-03,2.110128e-02
1.908725e-01,3.192078e-02,6.749842e-02,1.729459e-01,1.971147e-02,3.226618e-02,1.979922e-03,7.741144e-02,2.682846e-01,8.555794e-03,4.434235e-02,3.574808e-02,2.630094e-02,2.334415e-03,1.982717e-02
2.856945e-01,3.100352e-02,5.240054e-02,1.715026e-01,1.738588e-02,2.528850e-02,1.660046e-03,6.136007e-02,2.184078e-01,8.798368e-03,4.667939e-02,3.281214e-02,2.510788e-02,3.807851e-03,1.809094e-02
3.085124e-01,3.952605e-02,4.506151e-02,2.119648e-01,2.057925e-02,1.953665e-02,1.529537e-03,4.826065e-02,1.841511e-01,8.653906e-03,4.038504e-02,3.045574e-02,2.059281e-02,3.987723e-03,1.680287e-02
3.432104e-01,3.385635e-02,4.012490e-02,2.135249e-01,2.063906e-02,1.672898e-02,1.523613e-03,3.813182e-02,1.454916e-01,1.442828e-02,4.715464e-02,3.251253e-02,2.634075e-02,5.411793e-03,2.092035e-02
3.468477e-01,4.975267e-02,3.359017e-02,2.261897e-01,2.200774e-02,1.630050e-02,2.531375e-03,2.933637e-02,1.145111e-01,1.298911e-02,4.889154e-02,4.976501e-02,1.985088e-02,4.929258e-03,2.250690e-02
3.238573e-01,5.165273e-02,3.014133e-02,2.137208e-01,1.856125e-02,1.678929e-02,3.204504e-03,2.169322e-02,9.467390e-02,1.153667e-02,4.423488e-02,1.281641e-01,1.440065e-02,3.759530e-03,2.360985e-02
2.536184e-01,4.710651e-02,2.339677e-02,1.727997e-01,1.404684e-02,1.929070e-02,2.893463e-03,1.556582e-02,6.742003e-02,9.023155e-03,4.348502e-02,2.982851e-01,1.064325e-02,2.773145e-03,1.965209e-02
2.028670e-01,3.645988e-02,1.797671e-02,1.297106e-01,1.035433e-02,2.050240e-02,2.509937e-03,1.114120e-02,4.800585e-02,6.892992e-03,3.672011e-02,4.513141e-01,8.270124e-03,2.060031e-03,1.521475e-02
1.563407e-01,2.618103e-02,1.311654e-02,9.393329e-02,8.338035e-03,1.758711e-02,1.873055e-03,7.858499e-03,3.473668e-02,5.392455e-03,3.130199e-02,5.842898e-01,5.962083e-03,1.583425e-03,1.150527e-02
1.104437e-01,1.851739e-02,9.229172e-03,6.597491e-02,7.309872e-03,1.272846e-02,1.342233e-03,5.524468e-03,2.478431e-02,3.994180e-03,2.384795e-02,7.027910e-01,4.239515e-03,1.140731e-03,8.132111e-03
7.775436e-02,1.317752e-02,6.532749e-03,4.636660e-02,7.890113e-03,9.222653e-03,1.015498e-03,3.898095e-03,1.799735e-02,3.043687e-03,2.003496e-02,7.834256e-01,3.062018e-03,8.322151e-04,5.746548e-03
5.454099e-02,9.327535e-03,4.603866e-03,3.249015e-02,1.348483e-02,6.873414e-03,7.813681e-04,2.759263e-03,1.281518e-02,2.169994e-03,1.619074e-02,8.371229e-01,2.201790e-03,6.012128e-04,4.036766e-03
3.833422e-02,6.591999e-03,3.240600e-03,2.277466e-02,1.749048e-02,5.199001e-03,6.277527e-04,1.957028e-03,9.198975e-03,1.562110e-03,1.441491e-02,8.737385e-01,1.590029e-03,4.406325e-04,2.839111e-03
2.707182e-02,4.645572e-03,2.285952e-03,1.595670e-02,2.917753e-02,4.248282e-03,6.093128e-04,1.602008e-03,6.567290e-03,1.122045e-03,1.285376e-02,8.903443e-01,1.176868e-03,3.463583e-04,1.992218e-03
1.907755e-02,3.274945e-03,1.613417e-03,1.117482e-02,2.776719e-02,4.276782e-03,5.919604e-04,1.245745e-03,4.746401e-03,8.239249e-04,1.050162e-02,9.123234e-01,9.184490e-04,2.673430e-04,1.396426e-03
1.347117e-02,2.304417e-03,1.137579e-03,7.825941e-03,2.513509e-02,4.102477e-03,6.931541e-04,9.883004e-04,3.556821e-03,6.457214e-04,8.814688e-03,9.293995e-01,7.433300e-04,2.028962e-04,9.789729e-04
9.691602e-03,1.620002e-03,8.049771e-04,5.479259e-03,2.041610e-02,5.006756e-03,8.382489e-04,9.011536e-04,2.837404e-03,6.211122e-04,7.146230e-03,9.429525e-01,8.260256e-04,1.662169e-04,6.924908e-04
7.014982e-03,1.151883e-03,5.795704e-04,3.836334e-03,1.577208e-02,1.282284e-02,8.081242e-04,7.468912e-04,2.193651e-03,5.712417e-04,6.313698e-03,9.466962e-01,8.419668e-04,1.585500e-04,4.919956e-04
