1.000000e+00,0.000000e+00,0.000000e+00,0.000000e+00,0.000000e+00,0.000000e+00,0.000000e+00,0.000000e+00,0.000000e+00,0.000000e+00,0.000000e+00,0.000000e+00,0.000000e+00,0.000000e+00,0.000000e+00
1.000000e+00,0.000000e+00,0.000000e+00,0.000000e+00,0.000000e+00,0.000000e+00,0.000000e+00,0.000000e+00,0.000000e+00,0.000000e+00,0.000000e+00,0.000000e+00,0.000000e+00,0.000000e+00,0.000000e+00
1.000000e+00,0.000000e+00,0.000000e+00,0.000000e+00,0.000000e+00,0.000000e+00,0.000000e+00,0.000000e+00,0.000000e+00,0.000000e+00,0.000000e+00,0.000000e+00,0.000000e+00,0.000000e+00,0.000000e+00
1.000000e+00,0.000000e+00,0.000000e+00,0.000000e+00,0.000000e+00,0.000000e+00,0.000000e+00,0.000000e+00,0.000000e+00,0.000000e+00,0.000000e+00,0.000000e+00,0.000000e+00,0.000000e+00,0.000000e+00
1.000000e+00,0.000000e+00,0.000000e+00,0.000000e+00,0.000000e+00,0.000000e+00,0.000000e+00,0.000000e+00,0.000000e+00,0.000000e+00,0.000000e+00,0.000000e+00,0.000000e+00,0.000000e+00,0.000000e+00
1.000000e+00,0.000000e+00,0.000000e+00,0.000000e+00,0.000000e+00,0.000000e+00,0.000000e+00,0.000000e+00,0.000000e+00,0.000000e+00,0.000000e+00,0.000000e+00,0.000000e+00,0.000000e+00,0.000000e+00
1.000000e+00,0.000000e+00,0.000000e+00,0.000000e+00,0.000000e+00,0.000000e+00,0.000000e+00,0.000000e+00,0.000000e+00,0.000000e+00,0.000000e+00,0.000000e+00,0.000000e+00,0.000000e+00,0.000000e+00
1.000000e+00,0.000000e+00,0.000000e+00,0.000000e+00,0.000000e+00,0.000000e+00,0.000000e+00,0.000000e+00,0.000000e+00,0.000000e+00,0.000000e+00,0.000000e+00,0.000000e+00,0.000000e+00,0.000000e+00
1.000000e+00,0.000000e+00,0.000000e+00,0.000000e+00,0.000000e+00,0.000000e+00,0.000000e+00,0.000000e+00,0.000000e+00,0.000000e+00,0.000000e+00,0.000000e+00,0.000000e+00,0.000000e+00,0.000000e+00
1.000000e+00,0.000000e+00,0.000000e+00,0.000000e+00,0.000000e+00,0.000000e+00,0.000000e+00,0.000000e+00,0.000000e+00,0.000000e+00,0.000000e+00,0.000000e+00,0.000000e+00,0.000000e+00,0.000000e+00
1.000000e+00,0.000000e+00,0.000000e+00,0.000000e+00,0.000000e+00,0.000000e+00,0.000000e+00,0.000000e+00,0.000000e+00,0.000000e+00,0.000000e+00,0.000000e+00,0.000000e+00,0.000000e+00,0.000000e+00
1.000000e+00,0.000000e+00,0.000000e+00,0.000000e+00,0.000000e+00,0.000000e+00,0.000000e+00,0.000000e+00,0.000000e+00,0.000000e+00,0.000000e+00,0.000000e+00,0.000000e+00,0.000000e+00,0.000000e+00
1.000000e+00,0.000000e+00,0.000000e+00,0.000000e+00,0.000000e+00,0.000000e+00,0.000000e+00,0.000000e+00,0.000000e+00,0.000000e+00,0.000000e+00,0.000000e+00,0.000000e+00,0.000000e+00,0.000000e+00
1.000000e+00,0.000000e+00,0.000000e+00,0.000000e+00,0.000000e+00,0.000000e+00,0.000000e+00,0.000000e+00,0.000000e+00,0.000000e+00,0.000000e+00,0.000000e+00,0.000000e+00,0.000000e+00,0.000000e+00
1.000000e+00,0.000000e+00,0.000000e+00,0.000000e+00,0.000000e+00,0.000000e+00,0.000000e+00,0.000000e+00,0.000000e+00,0.000000e+00,0.000000e+00,0.000000e+00,0.000000e+00,0.000000e+00,0.000000e+00
1.000000e+00,0.000000e+00,0.000000e+00,0.000000e+00,0.000000e+00,0.000000e+00,0.000000e+00,0.000000e+00,0.000000e+00,0.000000e+00,0.000000e+00,0.000000e+00,0.000000e+00,0.000000e+00,0.000000e+00
1.000000e+00,0.000000e+00,0.000000e+00,0.000000e+00,0.000000e+00,0.000000e+00,0.000000e+00,0.000000e+00,0.000000e+00,0.000000e+00,0.000000e+00,0.000000e+00,0.000000e+00,0.000000e+00,0.000000e+00
1.000000e+00,0.000000e+00,0.000000e+00,0.000000e+00,0.000000e+00,0.000000e+00,0.000000e+00,0.000000e+00,0.000000e+00,0.000000e+00,0.000000e+00,0.000000e+00,0.000000e+00,0.000000e+00,0.000000e+00
1.000000e+00,0.000000e+00,0.000000e+00,0.000000e+00,0.000000e+00,0.000000e+00,0.000000e+00,0.000000e+00,0.000000e+00,0.000000e+00,0.000000e+00,0.000000e+00,0.000000e+00,0.000000e+00,0.000000e+00
1.000000e+00,0.000000e+00,0.000000e+00,0.000000e+00,0.000000e+00,0.000000e+00,0.000000e+00,0.000000e+00,0.000000e+00,0.000000e+00,0.000000e+00,0.000000e+00,0.000000e+00,0.000000e+00,0.000000e+00
1.000000e+00,0.000000e+00,0.000000e+00,0.000000e+00,0.000000e+00,0.000000e+00,0.000000e+00,0.000000e+00,0.000000e+00,0.000000e+00,0.000000e+00,0.000000e+00,0.000000e+00,0.000000e+00,0.000000e+00
1.000000e+00,0.000000e+00,0.000000e+00,0.000000e+00,0.000000e+00,0.000000e+00,0.000000e+00,0.000000e+00,0.000000e+00,0.000000e+00,0.000000e+00,0.000000e+00,0.000000e+00,0.000000e+00,0.000000e+00
1.000000e+00,0.000000e+00,0.000000e+00,0.000000e+00,0.000000e+00,0.000000e+00,0.000000e+00,0.000000e+00,0.000000e+00,0.000000e+00,0.000000e+00,0.000000e+00,0.000000e+00,0.000000e+00,0.000000e+00
1.000000e+00,0.000000e+00,0.000000e+00,0.000000e+00,0.000000e+00,0.000000e+00,0.000000e+00,0.000000e+00,0.000000e+00,0.000000e+00,0.000000e+00,0.000000e+00,0.000000e+00,0.000000e+00,0.000000e+00
1.000000e+00,0.000000e+00,0.000000e+00,0.000000e+00,0.000000e+00,0.000000e+00,0.000000e+00,0.000000e+00,0.000000e+00,0.000000e+00,0.000000e+00,0.000000e+00,0.000000e+00,0.000000e+00,0.000000e+00
1.000000e+00,0.000000e+00,0.000000e+00,0.000000e+00,0.000000e+00,0.000000e+00,0.000000e+00,0.000000e+00,0.000000e+00,0.000000e+00,0.000000e+00,0.000000e+00,0.000000e+00,0.000000e+00,0.000000e+00
1.000000e+00,0.000000e+00,0.000000e+00,0.000000e+00,0.000000e+00,0.000000e+00,0.000000e+00,0.000000e+00,0.000000e+00,0.000000e+00,0.000000e+00,0.000000e+00,0.000000e+00,0.000000e+00,0.000000e+00
1.000000e+00,0.000000e+00,0.000000e+00,0.000000e+00,0.000000e+00,0.000000e+00,0.000000e+00,0.000000e+00,0.000000e+00,0.000000e+00,0.000000e+00,0.000000e+00,0.000000e+00,0.000000e+00,0.000000e+00
1.000000e+00,0.000000e+00,0.000000e+00,0.000000e+00,0.000000e+00,0.000000e+00,0.000000e+00,0.000000e+00,0.000000e+00,0.000000e+00,0.000000e+00,0.000000e+00,0.000000e+00,0.000000e+00,0.000000e+00
1.000000e+00,0.000000e+00,0.000000e+00,0.000000e+00,0.000000e+00,0.000000e+00,0.000000e+00,0.000000e+00,0.000000e+00,0.000000e+00,0.000000e+00,0.000000e+00,0.000000e+00,0.000000e+00,0.000000e+00
1.000000e+00,0.000000e+00,0.000000e+00,0.000000e+00,0.000000e+00,0.000000e+00,0.000000e+00,0.000000e+00,0.000000e+00,0.000000e+00,0.000000e+00,0.000000e+00,0.000000e+00,0.000000e+00,0.000000e+00
1.000000e+00,0.000000e+00,0.000000e+00,0.000000e+00,0.000000e+00,0.000000e+00,0.000000e+00,0.000000e+00,0.000000e+00,0.000000e+00,0.000000e+00,0.000000e+00,0.000000e+00,0.000000e+00,0.000000e+00
1.000000e+00,0.000000e+00,0.000000e+00,0.000000e+00,0.000000e+00,0.000000e+00,0.000000e+00,0.000000e+00,0.000000e+00,0.000000e+00,0.000000e+00,0.000000e+00,0.000000e+00,0.000000e+00,0.000000e+00
1.000000e+00,0.000000e+00,0.000000e+00,0.000000e+00,0.000000e+00,0.000000e+00,0.000000e+00,0.000000e+00,0.000000e+00,0.000000e+00,0.000000e+00,0.000000e+00,0.000000e+00,0.000000e+00,0.000000e+00
1.000000e+00,0.000000e+00,0.000000e+00,0.000000e+00,0.000000e+00,0.000000e+00,0.000000e+00,0.000000e+00,0.000000e+00,0.000000e+00,0.000000e+00,0.000000e+00,0.000000e+00,0.000000e+00,0.000000e+00
1.000000e+00,0.000000e+00,0.000000e+00,0.000000e+00,0.000000e+00,0.000000e+00,0.000000e+00,0.000000e+00,0.000000e+00,0.000000e+00,0.000000e+00,0.000000e+00,0.000000e+00,0.000000e+00,0.000000e+00
1.000000e+00,0.000000e+00,0.000000e+00,0.000000e+00,0.000000e+00,0.000000e+00,0.000000e+00,0.000000e+00,0.000000e+00,0.000000e+00,0.000000e+00,0.000000e+00,0.000000e+00,0.000000e+00,0.000000e+00
1.000000e+00,0.000000e+00,0.000000e+00,0.000000e+00,0.000000e+00,0.000000e+00,0.000000e+00,0.000000e+00,0.000000e+00,0.000000e+00,0.000000e+00,0.000000e+00,0.000000e+00,0.000000e+00,0.000000e+00
1.000000e+00,0.000000e+00,0.000000e+00,0.000000e+00,0.000000e+00,0.000000e+00,0.000000e+00,0.000000e+00,0.000000e+00,0.000000e+00,0.000000e+00,0.000000e+00,0.000000e+00,0.000000e+00,0.000000e+00
1.000000e+00,0.000000e+00,0.000000e+00,0.000000e+00,0.000000e+00,0.000000e+00,0.000000e+00,0.000000e+00,0.000000e+00,0.000000e+00,0.000000e+00,0.000000e+00,0.000000e+00,0.000000e+00,0.000000e+00
1.000000e+00,0.000000e+00,0.000000e+00,0.000000e+00,0.000000e+00,0.000000e+00,0.000000e+00,0.000000e+00,0.000000e+00,0.000000e+00,0.000000e+00,0.000000e+00,0.000000e+00,0.000000e+00,0.000000e+00
1.000000e+00,0.000000e+00,0.000000e+00,0.000000e+00,0.000000e+00,0.000000e+00,0.000000e+00,0.000000e+00,0.000000e+00,0.000000e+00,0.000000e+00,0.000000e+00,0.000000e+00,0.000000e+00,0.000000e+00
1.000000e+00,0.000000e+00,0.000000e+00,0.000000e+00,0.000000e+00,0.000000e+00,0.000000e+00,0.000000e+00,0.000000e+00,0.000000e+00,0.000000e+00,0.000000e+00,0.000000e+00,0.000000e+00,0.000000e+00
1.000000e+00,0.000000e+00,0.000000e+00,0.000000e+00,0.000000e+00,0.000000e+00,0.000000e+00,0.000000e+00,0.000000e+00,0.000000e+00,0.000000e+00,0.000000e+00,0.000000e+00,0.000000e+00,0.000000e+00
1.000000e+00,0.000000e+00,0.000000e+00,0.000000e+00,0.000000e+00,0.000000e+00,0.000000e+00,0.000000e+00,0.000000e+00,0.000000e+00,0.000000e+00,0.000000e+00,0.000000e+00,0.000000e+00,0.000000e+00
1.000000e+00,0.000000e+00,0.000000e+00,0.000000e+00,0.000000e+00,0.000000e+00,0.000000e+00,0.000000e+00,0.000000e+00,0.000000e+00,0.000000e+00,0.000000e+00,0.000000e+00,0.000000e+00,0.000000e+00
1.000000e+00,0.000000e+00,0.000000e+00,0.000000e+00,0.000000e+00,0.000000e+00,0.000000e+00,0.000000e+00,0.000000e+00,0.000000e+00,0.000000e+00,0.000000e+00,0.000000e+00,0.000000e+00,0.000000e+00
1.000000e+00,0.000000e+00,0.000000e+00,0.000000e+00,0.000000e+00,0.000000e+00,0.000000e+00,0.000000e+00,0.000000e+00,0.000000e+00,0.000000e+00,0.000000e+00,0.000000e+00,0.000000e+00,0.000000e+00
1.000000e+00,0.000000e+00,0.000000e+00,0.000000e+00,0.000000e+00,0.000000e+00,0.000000e+00,0.000000e+00,0.000000e+00,0.000000e+00,0.000000e+00,0.000000e+00,0.000000e+00,0.000000e+00,0.000000e+00
1.000000e+00,0.000000e+00,0.000000e+00,0.000000e+00,0.000000e+00,0.000000e+00,0.000000e+00,0.000000e+00,0.000000e+00,0.000000e+00,0.000000e+00,0.000000e+00,0.000000e+00,0.000000e+00,0.000000e+00
1.000000e+00,0.000000e+00,0.000000e+00,0.000000e+00,0.000000e+00,0.000000e+00,0.000000e+00,0.000000e+00,0.000000e+00,0.000000e+00,0.000000e+00,0.000000e+00,0.000000e+00,0.000000e+00,0.000000e+00
1.000000e+00,0.000000e+00,0.000000e+00,0.000000e+00,0.000000e+00,0.000000e+00,0.000000e+00,0.000000e+00,0.000000e+00,0.000000e+00,0.000000e+00,0.000000e+00,0.000000e+00,0.000000e+00,0.000000e+00
1.000000e+00,0.000000e+00,0.000000e+00,0.000000e+00,0.000000e+00,0.000000e+00,0.000000e+00,0.000000e+00,0.000000e+00,0.000000e+00,0.000000e+00,0.000000e+00,0.000000e+00,0.000000e+00,0.000000e+00
1.000000e+00,0.000000e+00,0.000000e+00,0.000000e+00,0.000000e+00,0.000000e+00,0.000000e+00,0.000000e+00,0.000000e+00,0.000000e+00,0.000000e+00,0.000000e+00,0.000000e+00,0.000000e+00,0.000000e+00
1.000000e+00,0.000000e+00,0.000000e+00,0.000000e+00,0.000000e+00,0.000000e+00,0.000000e+00,0.000000e+00,0.000000e+00,0.000000e+00,0.000000e+00,0.000000e+00,0.000000e+00,0.000000e+00,0.000000e+00
1.000000e+00,0.000000e+00,0.000000e+00,0.000000e+00,0.000000e+00,0.000000e+00,0.000000e+00,0.000000e+00,0.000000e+00,0.000000e+00,0.000000e+00,0.000000e+00,0.000000e+00,0.000000e+00,0.000000e+00
1.000000e+00,0.000000e+00,0.000000e+00,0.000000e+00,0.000000e+00,0.000000e+00,0.000000e+00,0.000000e+00,0.000000e+00,0.000000e+00,0.000000e+00,0.000000e+00,0.000000e+00,0.000000e+00,0.000000e+00
1.000000e+00,0.000000e+00,0.000000e+00,0.000000e+00,0.000000e+00,0.000000e+00,0.000000e+00,0.000000e+00,0.000000e+00,0.000000e+00,0.000000e+00,0.000000e+00,0.000000e+00,0.000000e+00,0.000000e+00
1.000000e+00,0.000000e+00,0.000000e+00,0.000000e+00,0.000000e+00,0.000000e+00,0.000000e+00,0.000000e+00,0.000000e+00,0.000000e+00,0.000000e+00,0.000000e+00,0.000000e+00,0.000000e+00,0.000000e+00
1.000000e+00,0.000000e+00,0.000000e+00,0.000000e+00,0.000000e+00,0.000000e+00,0.000000e+00,0.000000e+00,0.000000e+00,0.000000e+00,0.000000e+00,0.000000e+00,0.000000e+00,0.000000e+00,0.000000e+00
1.000000e+00,0.000000e+00,0.000000e+00,0.000000e+00,0.000000e+00,0.000000e+00,0.000000e+00,0.000000e+00,0.000000e+00,0.000000e+00,0.000000e+00,0.000000e+00,0.000000e+00,0.000000e+00,0.000000e+00
3.947055e-01,6.372265e-03,2.126973e-02,4.630310e-02,3.893889e-03,8.249850e-03,1.822780e-03,4.865581e-01,2.573882e-03,5.933265e-04,5.612343e-03,9.554127e-03,6.114023e-03,1.322056e-03,5.055052e-03
2.769133e-01,4.482899e-03,1.795471e-02,3.488967e-02,2.909233e-03,6.177787e-03,1.330647e-03,6.330219e-01,1.825336e-03,4.247635e-04,4.260337e-03,6.756793e-03,4.486388e-03,1.009996e-03,3.556237e-03
1.952170e-01,3.222333e-03,1.388909e-02,2.626543e-02,2.495823e-03,5.565712e-03,1.116802e-03,7.288628e-01,1.334140e-03,3.686632e-04,6.691484e-03,6.126407e-03,4.479371e-03,1.836926e-03,2.528117e-03
1.367646e-01,2.269327e-03,9.771903e-03,1.904259e-02,2.164834e-03,4.091495e-03,8.186672e-04,5.876837e-01,1.050508e-03,1.233198e-03,2.661465e-02,7.253934e-02,1.251060e-01,8.545633e-03,2.303570e-03
9.577973e-02,1.591902e-03,6.845439e-03,1.343777e-02,1.551322e-03,2.874468e-03,6.071615e-04,4.184163e-01,7.654337e-04,4.979326e-03,3.898837e-02,2.517245e-01,1.383850e-01,2.225758e-02,1.795687e-03
6.711142e-02,1.118081e-03,4.796572e-03,9.476687e-03,1.159255e-03,2.043854e-03,4.877528e-04,2.960635e-01,6.768439e-04,4.300098e-03,3.274794e-02,4.520714e-01,1.056645e-01,2.093543e-02,1.346668e-03
4.700640e-02,7.843542e-04,3.362047e-03,6.637301e-03,9.354358e-04,1.442068e-03,3.688658e-04,2.075506e-01,7.038711e-04,3.304452e-03,2.441334e-02,6.109244e-01,7.590187e-02,1.571302e-02,9.520537e-04
3.291806e-02,5.502609e-04,2.357706e-03,4.649505e-03,8.349681e-04,1.027031e-03,2.754747e-04,1.453700e-01,5.623883e-04,2.562012e-03,1.781206e-02,7.250547e-01,5.397843e-02,1.137601e-02,6.714179e-04
2.305106e-02,4.262514e-04,1.777784e-03,3.333645e-03,4.128726e-03,1.014099e-03,2.858268e-04,1.018718e-01,1.106687e-03,1.923583e-03,1.739271e-02,7.962552e-01,3.851050e-02,8.442485e-03,4.797475e-04
1.618591e-02,3.525607e-04,1.671711e-03,2.497922e-03,5.678893e-03,1.499415e-03,7.905246e-04,7.178883e-02,3.060452e-03,1.669307e-03,1.428503e-02,8.443257e-01,2.918115e-02,6.646420e-03,3.662166e-04
1.137959e-02,2.701325e-04,1.235078e-03,1.832963e-03,4.662417e-03,1.511466e-03,7.438829e-04,5.052280e-02,2.891881e-03,1.413075e-03,1.154717e-02,8.839571e-01,2.258418e-02,5.167500e-03,2.807328e-04
7.977617e-03,1.924835e-04,8.732809e-04,1.301536e-03,7.202022e-03,1.093160e-03,5.280398e-04,3.552725e-02,2.670025e-03,1.055856e-03,1.213514e-02,9.061621e-01,1.916792e-02,3.897288e-03,2.163080e-04
5.633227e-03,1.404401e-04,6.209160e-04,9.525625e-04,2.792129e-02,8.389583e-04,3.847913e-04,2.518924e-02,3.045188e-03,8.673914e-04,3.365193e-02,8.694838e-01,2.816883e-02,2.890336e-03,2.110994e-04
4.144072e-03,1.166265e-04,4.802384e-04,8.774991e-04,4.077013e-02,1.479827e-03,3.255452e-04,1.827446e-02,3.890956e-03,1.048186e-03,3.368653e-02,8.605320e-01,3.168995e-02,2.446398e-03,2.375536e-04
3.249606e-03,8.705185e-05,3.585523e-04,6.698625e-04,3.828935e-02,3.427161e-03,3.072441e-04,1.341589e-02,3.028683e-03,8.243712e-04,2.588173e-02,8.796147e-01,2.875165e-02,1.870495e-03,2.236811e-04
2.445760e-03,6.502908e-05,2.633871e-04,5.015395e-04,3.135092e-02,3.219126e-03,2.365416e-04,9.632188e-03,2.462652e-03,6.309926e-04,1.982037e-02,9.024162e-01,2.538191e-02,1.394900e-03,1.783962e-04
2.254206e-03,5.858248e-05,2.119607e-04,3.805222e-04,4.752930e-02,3.052266e-03,2.222046e-04,7.164527e-03,4.013216e-03,6.326237e-04,1.685680e-02,8.914585e-01,2.495259e-02,1.063647e-03,1.489916e-04
1.840982e-03,4.428604e-05,1.609105e-04,2.758434e-04,4.117585e-02,2.633218e-03,2.145584e-04,5.340264e-03,3.755663e-03,5.485657e-04,1.506130e-02,9.006473e-01,2.738118e-02,7.998297e-04,1.202894e-04
1.968588e-03,5.067293e-05,1.702396e-04,2.260398e-04,1.019096e-01,2.103852e-03,1.433551e-03,6.433973e-03,2.908690e-02,8.588410e-04,1.363369e-02,8.169963e-01,2.443561e-02,5.838615e-04,1.082733e-04
2.267470e-03,1.648583e-04,1.465057e-03,2.420617e-04,1.598569e-01,2.431084e-03,5.257885e-03,3.191090e-02,5.261124e-02,1.095959e-03,1.191960e-02,6.972847e-01,3.293490e-02,4.409411e-04,1.164359e-04
2.750333e-03,1.859070e-04,3.187323e-03,5.868378e-04,1.752479e-01,2.289331e-03,5.408715e-03,1.101772e-01,7.557990e-02,1.380738e-03,1.101018e-02,5.663513e-01,4.534666e-02,3.550380e-04,1.426192e-04
4.651914e-03,2.371483e-04,8.732832e-03,1.066945e-03,1.436075e-01,2.400946e-03,4.364037e-03,2.751359e-01,6.845639e-02,1.360643e-03,1.071444e-02,4.364748e-01,4.236789e-02,2.955296e-04,1.330879e-04
7.257073e-03,3.636028e-04,1.173588e-02,2.046389e-03,1.482148e-01,3.444155e-03,4.469736e-03,3.498417e-01,8.345465e-02,1.346792e-03,1.007392e-02,3.405385e-01,3.676194e-02,3.105854e-04,1.403330e-04
7.440507e-03,2.769963e-04,9.037119e-03,3.080020e-03,1.119896e-01,2.722479e-03,3.302309e-03,5.266387e-01,5.964508e-02,9.830332e-04,7.690346e-03,2.405143e-01,2.634624e-02,2.304250e-04,1.027476e-04
7.314719e-03,2.026615e-04,6.984986e-03,2.566529e-03,8.532181e-02,2.266014e-03,3.648925e-03,6.563774e-01,4.201226e-02,6.902881e-04,5.426460e-03,1.684460e-01,1.850654e-02,1.626676e-04,7.275773e-05
6.888903e-03,1.527979e-04,5.154891e-03,1.989174e-03,6.450834e-02,1.992207e-03,3.481370e-03,7.509853e-01,2.946110e-02,4.839880e-04,3.804803e-03,1.179358e-01,1.299556e-02,1.145741e-04,5.125634e-05
6.558755e-03,1.193803e-04,3.742257e-03,1.462275e-03,5.048626e-02,2.500365e-03,2.791761e-03,8.164430e-01,2.063027e-02,3.398360e-04,2.669448e-03,8.258263e-02,9.552878e-03,8.329339e-05,3.759438e-05
7.774835e-03,9.561113e-05,2.693759e-03,1.062495e-03,4.149444e-02,2.386963e-03,2.206662e-03,8.609431e-01,1.444589e-02,2.397486e-04,1.879217e-03,5.783232e-02,6.856936e-03,6.047074e-05,2.757404e-05
2.331809e-02,1.722974e-04,2.228849e-03,1.604348e-03,5.732919e-02,1.422859e-02,2.156284e-03,8.391914e-01,1.022735e-02,1.738150e-04,1.418642e-03,4.073620e-02,6.982585e-03,1.201613e-04,1.121543e-04
2.703719e-02,1.397577e-04,1.667686e-03,1.471829e-03,5.212636e-02,1.162540e-02,1.734157e-03,8.619740e-01,7.239053e-03,1.255261e-04,1.067629e-03,2.859429e-02,4.996344e-03,1.073911e-04,9.338433e-05
2.848767e-02,1.272577e-04,1.243029e-03,1.434548e-03,5.361657e-02,8.461300e-03,1.427838e-03,8.753577e-01,5.121995e-03,9.059275e-05,8.265104e-04,2.004722e-02,3.577941e-03,1.061811e-04,7.361255e-05
2.405049e-02,1.053075e-04,9.263891e-04,1.243650e-03,4.288108e-02,6.080786e-03,1.162341e-03,9.025028e-01,3.615438e-03,6.446514e-05,6.174034e-04,1.404773e-02,2.547808e-03,9.917632e-05,5.515365e-05
2.020853e-02,8.509541e-05,7.071990e-04,1.048518e-03,3.268467e-02,4.393139e-03,9.115923e-04,9.251100e-01,2.552148e-03,4.602849e-05,4.694075e-04,9.843629e-03,1.815937e-03,8.200160e-05,4.210244e-05
1.710831e-02,7.438275e-05,6.855696e-04,9.152226e-04,2.410925e-02,3.302808e-03,8.302788e-04,9.423767e-01,1.810698e-03,3.461345e-05,3.670719e-04,6.936587e-03,1.340441e-03,6.925961e-05,3.872218e-05
1.531103e-02,7.023541e-05,5.143484e-04,7.013959e-04,1.934219e-02,2.381417e-03,6.600047e-04,9.534756e-01,1.286366e-03,2.543617e-05,2.797407e-04,4.880334e-03,9.875235e-04,5.299220e-05,3.132553e-05
1.247394e-02,6.053430e-05,3.807501e-04,5.430384e-04,1.645853e-02,1.700612e-03,5.261580e-04,9.625211e-01,9.128925e-04,1.832955e-05,2.072098e-04,3.424275e-03,7.093584e-04,3.881710e-05,2.447507e-05
1.070059e-02,5.178803e-05,3.017728e-04,4.175436e-04,1.195503e-02,1.267571e-03,4.574889e-04,9.709858e-01,6.461963e-04,1.475043e-05,1.744096e-04,2.421902e-03,5.421749e-04,3.298383e-05,2.996723e-05
8.600296e-03,4.317276e-05,2.345831e-04,3.218226e-04,8.823114e-03,9.191387e-04,4.003714e-04,9.778804e-01,4.589032e-04,1.166540e-05,1.382106e-04,1.707938e-03,4.056841e-04,2.547543e-05,2.925960e-05
7.824223e-03,4.866351e-05,2.282153e-04,2.805790e-04,6.714884e-03,7.561360e-04,7.322152e-04,9.812235e-01,3.342446e-04,1.209397e-05,1.533176e-04,1.228399e-03,3.871678e-04,2.322309e-05,5.319896e-05
1.382034e-02,4.676262e-04,3.550044e-04,3.625438e-04,6.732807e-03,1.961543e-03,7.536401e-04,9.186037e-01,1.087040e-03,1.490418e-04,3.043418e-03,2.259352e-03,4.907866e-02,1.601947e-04,1.165042e-03
1.138281e-02,5.394262e-04,4.271679e-04,3.824930e-04,6.033590e-03,1.605808e-03,7.414893e-04,7.914683e-01,1.169088e-03,4.388844e-03,7.917978e-03,4.441369e-03,1.634822e-01,4.318871e-04,5.587561e-03
8.671480e-03,5.891531e-04,3.188277e-04,3.176595e-04,5.294682e-03,1.548963e-03,5.688643e-04,5.676619e-01,1.462253e-03,3.118112e-03,6.531862e-03,3.734659e-03,3.928887e-01,3.218860e-04,6.971021e-03
6.429459e-03,4.984074e-04,2.441494e-04,2.554969e-04,4.523259e-03,1.303312e-03,4.369988e-04,4.011456e-01,1.319837e-03,2.220658e-03,4.780436e-03,3.451074e-03,5.668372e-01,2.361103e-04,6.317952e-03
5.971745e-03,6.335705e-04,2.798088e-04,2.250296e-04,6.043642e-03,1.326673e-03,6.014832e-04,2.834960e-01,2.203953e-03,1.713797e-03,4.779958e-03,1.145680e-02,6.742284e-01,2.119427e-04,6.827255e-03
4.540560e-03,1.758980e-03,5.102275e-04,2.621897e-04,6.581688e-03,3.778954e-03,8.931611e-04,2.001114e-01,5.317557e-03,1.676133e-03,7.501308e-03,2.349833e-02,7.328936e-01,2.674732e-04,1.040848e-02
3.530903e-03,6.890149e-03,1.174277e-03,6.576915e-04,6.204484e-03,1.538289e-02,1.062784e-03,1.454283e-01,1.805907e-02,1.627797e-03,1.133370e-02,2.721484e-02,7.436530e-01,8.547332e-04,1.692545e-02
3.078791e-03,5.990105e-02,1.832314e-03,1.025326e-03,5.071581e-03,2.227172e-02,9.074759e-04,1.023494e-01,1.220085e-01,3.103095e-03,9.978705e-03,2.261955e-02,6.179363e-01,8.579670e-04,2.705823e-02
2.462169e-03,1.162550e-01,1.483426e-03,8.288115e-04,4.027790e-03,5.355401e-02,6.418850e-04,7.173835e-02,2.593527e-01,2.256828e-03,7.415067e-03,1.614026e-02,4.412912e-01,6.345174e-04,2.191806e-02
2.029194e-03,1.053251e-01,1.118452e-03,7.165456e-04,3.293213e-03,1.533805e-01,4.586414e-04,5.025987e-02,3.330767e-01,1.755811e-03,5.360368e-03,1.154340e-02,3.101258e-01,5.003928e-04,2.105611e-02
1.711910e-03,1.164666e-01,1.050216e-03,9.947291e-03,4.238451e-03,1.558027e-01,3.398570e-04,3.531561e-02,4.192541e-01,1.787894e-03,4.357649e-03,8.753411e-03,2.221919e-01,3.984240e-04,1.838401e-02
2.021273e-03,1.205246e-01,1.813894e-03,3.646765e-02,7.270514e-03,1.512926e-01,2.712233e-04,2.503515e-02,4.533920e-01,4.308670e-03,4.438763e-03,7.340119e-03,1.615845e-01,3.147330e-04,2.392421e-02
2.771582e-03,1.180049e-01,2.611166e-03,4.702441e-02,2.348539e-02,1.299156e-01,3.966230e-04,1.893521e-02,4.764067e-01,7.284618e-03,4.670598e-03,5.940584e-03,1.158042e-01,2.780754e-04,4.647046e-02
6.307066e-03,1.482486e-01,3.252857e-03,3.924170e-02,3.772140e-02,1.208858e-01,6.244779e-04,1.452900e-02,4.910631e-01,5.770055e-03,4.561281e-03,4.565867e-03,8.275726e-02,3.291151e-04,4.014246e-02
5.565334e-03,1.520256e-01,2.826600e-03,1.318746e-01,2.799718e-02,8.976401e-02,4.691429e-04,1.212347e-02,4.309385e-01,6.825355e-03,4.187405e-03,3.326841e-03,5.835012e-02,2.908446e-04,7.343507e-02
6.208343e-03,1.372846e-01,2.583895e-03,1.778736e-01,2.319802e-02,8.326825e-02,4.362788e-04,1.237137e-02,3.739098e-01,7.405288e-03,3.810088e-03,2.390823e-03,4.157466e-02,3.577935e-04,1.273273e-01
1.710035e-02,1.301681e-01,3.531675e-03,1.488982e-01,3.613414e-02,1.706749e-01,1.095495e-03,2.848798e-02,2.943461e-01,6.587777e-03,3.899998e-03,1.731585e-03,2.974961e-02,4.483553e-04,1.271459e-01
1.486399e-02,1.025115e-01,3.549378e-03,1.427561e-01,2.710360e-02,1.326196e-01,8.303743e-04,2.149610e-02,3.963559e-01,6.233769e-03,3.922324e-03,1.297225e-03,2.149170e-02,4.053800e-04,1.245631e-01
1.355775e-02,9.288841e-02,2.785034e-03,1.070308e-01,2.003687e-02,1.066009e-01,6.281217e-04,1.760403e-02,4.964833e-01,5.711806e-03,3.673457e-03,9.591019e-04,1.595703e-02,4.712721e-04,1.156122e-01
1.515423e-02,8.010363e-02,2.698273e-03,8.254699e-02,1.958237e-02,8.426183e-02,5.864521e-04,2.321909e-02,5.787368e-01,4.584706e-03,4.572211e-03,8.469223e-04,1.297744e-02,4.563388e-04,8.967279e-02
1.421936e-02,5.733445e-02,8.498092e-03,8.650219e-02,1.476699e-02,6.049812e-02,4.876812e-04,1.814176e-02,6.539834e-01,3.944223e-03,4.957553e-03,1.004098e-03,1.028991e-02,4.233105e-04,6.494892e-02
1.116950e-02,4.077138e-02,9.443450e-03,1.036976e-01,1.102009e-02,4.268798e-02,3.900905e-04,1.280326e-02,6.905982e-01,3.876346e-03,1.057122e-02,1.290098e-03,8.984696e-03,9.818813e-04,5.171417e-02
8.031539e-03,2.898450e-02,9.922022e-03,2.008236e-01,8.560112e-03,2.996320e-02,3.912646e-04,9.332595e-03,5.661772e-01,3.090401e-03,5.675090e-02,2.981463e-02,9.150779e-03,1.383513e-03,3.762376e-02
5.964551e-03,2.064569e-02,1.122285e-02,3.027793e-01,6.853219e-03,2.120458e-02,3.208594e-04,6.588222e-03,4.281749e-01,2.465240e-03,9.169878e-02,6.578731e-02,7.890806e-03,1.378130e-03,2.702566e-02
4.211158e-03,1.460630e-02,9.449350e-03,2.744149e-01,6.307235e-03,1.504245e-02,2.619950e-04,4.687998e-03,3.006910e-01,3.724333e-03,1.994114e-01,1.370036e-01,8.188318e-03,2.992366e-03,1.900764e-02
2.971302e-03,1.025366e-02,6.886336e-03,1.943136e-01,8.234490e-03,1.060183e-02,1.916920e-04,3.312668e-03,2.110637e-01,5.627689e-03,1.833915e-01,3.317074e-01,8.392623e-03,9.721095e-03,1.333051e-02
2.090332e-03,7.212694e-03,5.064404e-03,1.366224e-01,7.807148e-03,7.472929e-03,1.422663e-04,2.361251e-03,1.481364e-01,6.566130e-03,1.638002e-01,4.783571e-01,9.336054e-03,1.565140e-02,9.379321e-03
1.689467e-03,5.824757e-03,7.647207e-03,9.682092e-02,3.348523e-02,5.478488e-03,1.420965e-04,5.264482e-03,1.052272e-01,8.629667e-03,1.658740e-01,5.158852e-01,1.021040e-02,3.121828e-02,6.602632e-03
1.398313e-03,4.712039e-03,6.700329e-03,6.840464e-02,3.399941e-02,4.257093e-03,1.336342e-04,5.531157e-03,7.491285e-02,9.245264e-03,1.535171e-01,5.295506e-01,9.428062e-03,9.347634e-02,4.733228e-03
1.918383e-03,7.463660e-03,1.463905e-02,4.878024e-02,5.063416e-02,3.470293e-03,1.345170e-04,9.329520e-03,5.371364e-02,1.950931e-02,2.478441e-01,4.242776e-01,9.336343e-03,1.053409e-01,3.608246e-03
1.892364e-03,5.385078e-03,1.124784e-02,3.476235e-02,4.125855e-02,3.028515e-03,1.357080e-04,8.531667e-03,3.810820e-02,1.890145e-02,4.019529e-01,3.354813e-01,7.512198e-03,8.824099e-02,3.560981e-03
2.081427e-03,4.414943e-03,9.536613e-03,2.482150e-02,3.245805e-02,2.521897e-03,1.228521e-04,7.874894e-03,2.692627e-02,2.212894e-02,5.055889e-01,2.670291e-01,6.588145e-03,8.336738e-02,4.539083e-03
2.824442e-03,2.151618e-02,1.898963e-02,1.836727e-02,3.366086e-02,3.240654e-03,1.709909e-04,1.305181e-02,1.929465e-02,2.052734e-02,5.490720e-01,2.132072e-01,5.932247e-03,7.545356e-02,4.691199e-03
3.886749e-03,2.804355e-02,6.063030e-02,1.712571e-02,2.781391e-02,4.366072e-03,5.946283e-04,3.790259e-02,1.536121e-02,2.037005e-02,5.116856e-01,1.926914e-01,4.790631e-03,7.037357e-02,4.364032e-03
3.664192e-03,2.333693e-02,1.852287e-01,2.765761e-02,2.056623e-02,4.677658e-03,2.131236e-03,1.210192e-01,1.086397e-02,1.610065e-02,3.855204e-01,1.393701e-01,3.489444e-03,5.326697e-02,3.106780e-03
4.403301e-03,1.682973e-02,3.632239e-01,3.900216e-02,1.513435e-02,3.712723e-03,2.305197e-03,1.099349e-01,7.745349e-03,1.166182e-02,2.853898e-01,9.801092e-02,2.544932e-03,3.792099e-02,2.179989e-03
4.353201e-03,1.225005e-02,5.164934e-01,4.711715e-02,1.111211e-02,3.023419e-03,1.740429e-03,8.062768e-02,5.598541e-03,8.397246e-03,2.103385e-01,6.881978e-02,1.835353e-03,2.676344e-02,1.529784e-03
8.077841e-03,9.027064e-03,5.970762e-01,5.805633e-02,8.938571e-03,2.975081e-03,1.289420e-03,5.859808e-02,4.047348e-03,7.219212e-03,1.744628e-01,4.827799e-02,1.333982e-03,1.952768e-02,1.092332e-03
1.883135e-02,7.707454e-03,6.512769e-01,5.126620e-02,8.574346e-03,3.433783e-03,9.428452e-04,4.164534e-02,3.173882e-03,9.436307e-03,1.524434e-01,3.393241e-02,1.071179e-03,1.537829e-02,8.863069e-04
5.719992e-02,8.345196e-03,6.562518e-01,5.063415e-02,1.132629e-02,4.685394e-03,6.705504e-04,2.958623e-02,3.154827e-03,1.339760e-02,1.246320e-01,2.404576e-02,9.119128e-04,1.432459e-02,8.337117e-04
8.302468e-02,7.536424e-03,6.567713e-01,6.412504e-02,1.217122e-02,4.323594e-03,4.777985e-04,2.108516e-02,2.795416e-03,1.198540e-02,9.767292e-02,1.699216e-02,8.271687e-04,1.933083e-02,8.808394e-04
8.083581e-02,6.387702e-03,7.000685e-01,6.564613e-02,1.043385e-02,3.530753e-03,3.481031e-04,1.529708e-02,2.278192e-03,9.486930e-03,7.421414e-02,1.208014e-02,7.495093e-04,1.786680e-02,7.762334e-04
8.339916e-02,5.400506e-03,7.096932e-01,8.693004e-02,9.922782e-03,3.048742e-03,2.938631e-04,1.162560e-02,2.468870e-03,7.709390e-03,5.469505e-02,8.798506e-03,8.347263e-04,1.431338e-02,8.661612e-04
8.698952e-02,5.003010e-03,7.311768e-01,8.572784e-02,9.491506e-03,3.105038e-03,4.070520e-04,9.215690e-03,2.595170e-03,6.158604e-03,3.947112e-02,6.829908e-03,9.786055e-04,1.177630e-02,1.073779e-03
8.196135e-02,3.687828e-03,6.790215e-01,1.661653e-01,8.057880e-03,2.576102e-03,4.645441e-04,7.183191e-03,2.230267e-03,5.081616e-03,2.801457e-02,5.263457e-03,9.368787e-04,8.407916e-03,9.476022e-04
1.285890e-01,2.841849e-03,5.731034e-01,2.385866e-01,6.568111e-03,2.349151e-03,6.876281e-04,6.790754e-03,2.941822e-03,3.875992e-03,2.043510e-02,4.455307e-03,9.341257e-04,6.821966e-03,1.019183e-03
1.564541e-01,2.813623e-03,4.952795e-01,2.940781e-01,6.022274e-03,2.158259e-03,7.678069e-04,8.652383e-03,4.084745e-03,3.017730e-03,1.496997e-02,4.208376e-03,1.177588e-03,5.193712e-03,1.121960e-03
2.743361e-01,3.700949e-03,3.848007e-01,2.533863e-01,7.304597e-03,6.373538e-03,8.292013e-04,8.308301e-03,5.564362e-03,4.041596e-03,1.985890e-02,7.174165e-03,2.180489e-03,1.974189e-02,2.398977e-03
2.102592e-01,6.577381e-03,3.336506e-01,2.512869e-01,5.996614e-03,7.270435e-03,6.179952e-04,7.090697e-03,1.138227e-02,7.051758e-03,8.085971e-02,6.145486e-03,2.050853e-03,6.542641e-02,4.333822e-03
1.602358e-01,7.488032e-03,2.482334e-01,1.893220e-01,4.933180e-03,2.808745e-02,5.533646e-04,6.141322e-03,1.156362e-02,6.096905e-03,1.381213e-01,5.818793e-03,2.500945e-03,1.854720e-01,5.431861e-03
1.126035e-01,5.641712e-03,1.751712e-01,1.335411e-01,3.874023e-03,2.075143e-02,4.298160e-04,4.431227e-03,8.746716e-03,4.575668e-03,3.019100e-01,6.100012e-03,1.910978e-03,2.160134e-01,4.299270e-03
8.077562e-02,4.181878e-03,1.246251e-01,9.417833e-02,3.278375e-03,1.950216e-02,3.880761e-04,3.413934e-03,6.609023e-03,3.381877e-03,4.036921e-01,8.077108e-03,1.518200e-03,2.430961e-01,3.282140e-03
5.737037e-02,3.051530e-03,8.756204e-02,6.627882e-02,2.803569e-03,1.538151e-02,3.331092e-04,2.711390e-03,5.089741e-03,2.510591e-03,4.581861e-01,1.065653e-02,1.295116e-03,2.843667e-01,2.402863e-03
4.082933e-02,2.253731e-03,6.150426e-02,4.660046e-02,2.376351e-03,1.158576e-02,2.550246e-04,2.059283e-03,4.405408e-03,1.979176e-03,5.111070e-01,1.297677e-02,1.136184e-03,2.991832e-01,1.748143e-03
3.008839e-02,5.129798e-03,4.833164e-02,3.310467e-02,4.300684e-03,1.848100e-02,3.752504e-04,2.174180e-03,8.789152e-03,2.283982e-03,5.096684e-01,1.792791e-02,1.029888e-03,3.166965e-01,1.618680e-03
2.249219e-02,5.229463e-03,3.956587e-02,2.381348e-02,4.544884e-03,1.655166e-02,3.578903e-04,1.928165e-03,1.022467e-02,3.648959e-03,5.359645e-01,1.683038e-02,9.579072e-04,3.159733e-01,1.916647e-03
1.745537e-02,5.042648e-03,3.410474e-02,1.764312e-02,4.674881e-03,1.700544e-02,4.277948e-04,2.478760e-03,1.602065e-02,3.845044e-03,5.185491e-01,1.518396e-02,8.942164e-04,3.449630e-01,1.711329e-03
1.331425e-02,4.769567e-03,2.677414e-02,1.263142e-02,3.829662e-03,1.418274e-02,4.277240e-04,2.184939e-03,2.277265e-02,4.389151e-03,5.089249e-01,1.339619e-02,8.346197e-04,3.700238e-01,1.544311e-03
1.074900e-02,4.713967e-03,2.536670e-02,9.333689e-03,3.052937e-03,1.203686e-02,4.520821e-04,2.207594e-03,2.315116e-02,5.481249e-03,5.097601e-01,1.157545e-02,7.256174e-04,3.800314e-01,1.362120e-03
7.944910e-03,3.978389e-03,1.827543e-02,6.629265e-03,2.389262e-03,8.909810e-03,3.646898e-04,1.732839e-03,2.220696e-02,8.350885e-03,5.321560e-01,9.345759e-03,5.749610e-04,3.760141e-01,1.126808e-03
5.853057e-03,4.958371e-03,1.575765e-02,5.167341e-03,3.081686e-03,8.391123e-03,3.294007e-04,3.612647e-03,3.259487e-02,1.202250e-02,4.941427e-01,7.591015e-03,5.785151e-04,4.049761e-01,9.430193e-04
4.399193e-03,4.674381e-03,1.146229e-02,4.192935e-03,4.271834e-03,6.635345e-03,3.571449e-04,2.800122e-03,3.364854e-02,2.236360e-02,4.992165e-01,6.362002e-03,6.423797e-04,3.978767e-01,1.097058e-03
4.786503e-03,5.626563e-03,9.573519e-03,4.285504e-03,1.880405e-02,7.339638e-03,9.217774e-04,1.024925e-02,6.752026e-02,2.653420e-02,4.561394e-01,5.522437e-03,9.510150e-04,3.804717e-01,1.274203e-03
4.416567e-03,8.008371e-03,7.242250e-03,5.050136e-03,3.260026e-02,1.605632e-02,8.179478e-04,2.354960e-02,1.606309e-01,2.255898e-02,3.801835e-01,4.442210e-03,1.005754e-03,3.323541e-01,1.083049e-03
5.022780e-03,1.215770e-02,5.541275e-03,4.683711e-03,9.132258e-02,2.410009e-02,2.411771e-03,2.047397e-02,2.841645e-01,1.758738e-02,2.760530e-01,3.281799e-03,9.717353e-04,2.506775e-01,1.550206e-03
4.876185e-03,9.917645e-03,4.404343e-03,3.806089e-03,8.937215e-02,3.353291e-02,2.116815e-03,1.518176e-02,4.505553e-01,1.260278e-02,1.937449e-01,2.313518e-03,7.145026e-04,1.756291e-01,1.232045e-03
4.839828e-03,9.138720e-03,4.377250e-03,3.095962e-03,8.348612e-02,3.399421e-02,1.854536e-03,1.829200e-02,5.697412e-01,8.922149e-03,1.360848e-01,1.640491e-03,5.595012e-04,1.230363e-01,9.370001e-04
7.108543e-03,7.732057e-03,3.322410e-03,2.775985e-03,1.396043e-01,3.907040e-02,1.690282e-03,2.452647e-02,5.832879e-01,6.360285e-03,9.536506e-02,1.174725e-03,5.452344e-04,8.630265e-02,1.133714e-03
1.589371e-02,9.715133e-03,2.954311e-03,1.337563e-02,1.283226e-01,4.220030e-02,1.547700e-03,5.345554e-02,5.935451e-01,4.972569e-03,6.699203e-02,1.014245e-03,1.062142e-03,6.060699e-02,4.341974e-03
2.010214e-02,2.061339e-02,2.960152e-03,1.188282e-02,1.094357e-01,4.582287e-02,1.436620e-03,8.621785e-02,6.003178e-01,4.620585e-03,4.700147e-02,8.728243e-04,1.001719e-03,4.261602e-02,5.097908e-03
5.409846e-02,1.848427e-02,2.488319e-03,1.146460e-02,1.635754e-01,8.021319e-02,1.579903e-03,7.357880e-02,5.218953e-01,3.375610e-03,3.308119e-02,7.042209e-04,8.710518e-04,2.995733e-02,4.632333e-03
7.298578e-02,1.992445e-02,2.771995e-03,2.070146e-02,2.102742e-01,9.219229e-02,6.352776e-03,1.049229e-01,4.163390e-01,2.488783e-03,2.365476e-02,8.469503e-04,1.152483e-03,2.129017e-02,4.102092e-03
1.088213e-01,2.754607e-02,2.269670e-03,1.843847e-02,1.826261e-01,8.301932e-02,5.030302e-03,8.451141e-02,4.477754e-01,1.907526e-03,1.685543e-02,8.771487e-04,1.062999e-03,1.518035e-02,4.078596e-03
1.582581e-01,3.566390e-02,5.646920e-03,3.417663e-02,1.628560e-01,7.911051e-02,4.692728e-03,7.156149e-02,4.119470e-01,2.286409e-03,1.233972e-02,1.171590e-03,1.208942e-03,1.086098e-02,8.219192e-03
1.164432e-01,2.683796e-02,2.099157e-02,3.382447e-02,1.397495e-01,2.804886e-01,7.065658e-03,5.473282e-02,2.929930e-01,2.168706e-03,8.735203e-03,9.616188e-04,9.485674e-04,7.658689e-03,6.400484e-03
8.170833e-02,1.943930e-02,1.496405e-02,2.764869e-02,9.912869e-02,4.423088e-01,6.875384e-03,3.880389e-02,2.058569e-01,2.432980e-03,1.085986e-02,2.558846e-03,3.616604e-02,5.525467e-03,5.722779e-03
5.752664e-02,1.472995e-02,1.065023e-02,3.005221e-02,7.233989e-02,4.808994e-01,6.961794e-03,2.736607e-02,1.449128e-01,3.038911e-03,1.148238e-02,5.616177e-03,1.255086e-01,3.909906e-03,5.005055e-03
4.207493e-02,1.092219e-02,8.307268e-03,2.333805e-02,6.773889e-02,3.553264e-01,5.216298e-03,2.058843e-02,1.019876e-01,2.386707e-03,1.033297e-02,2.246692e-02,3.214339e-01,2.766039e-03,5.113347e-03
2.989193e-02,7.878706e-03,6.206359e-03,1.698916e-02,5.683526e-02,2.557319e-01,3.795485e-03,1.483535e-02,7.184684e-02,1.746152e-03,7.856314e-03,3.641605e-02,4.839356e-01,1.948693e-03,4.086147e-03
2.170869e-02,5.606748e-03,4.479718e-03,1.198163e-02,5.019595e-02,1.812408e-01,2.739977e-03,1.053987e-02,5.063868e-02,1.258477e-03,5.852946e-03,9.600168e-02,5.522624e-01,1.382977e-03,4.109385e-03
1.621650e-02,4.005498e-03,3.223793e-03,8.395575e-03,3.942515e-02,1.272146e-01,1.937541e-03,7.423424e-03,3.571758e-02,8.903579e-04,4.326731e-03,8.547557e-02,6.614715e-01,9.794438e-04,3.296637e-03
1.206406e-02,2.863991e-03,2.331557e-03,5.896856e-03,2.973705e-02,9.023505e-02,1.401844e-03,5.327768e-03,2.530096e-02,6.368582e-04,3.572042e-03,7.384989e-02,7.435564e-01,8.443828e-04,2.381263e-03
8.518062e-03,2.011520e-03,1.637592e-03,4.140719e-03,2.183835e-02,6.455088e-02,9.890604e-04,3.762531e-03,1.788511e-02,4.556330e-04,3.053248e-03,6.330525e-02,8.054663e-01,6.415684e-04,1.744133e-03
6.035917e-03,1.415870e-03,1.152185e-03,2.910471e-03,1.595485e-02,4.639127e-02,7.064875e-04,2.669191e-03,1.270718e-02,3.328402e-04,2.636905e-03,6.103835e-02,8.442641e-01,4.837185e-04,1.300621e-03
4.453959e-03,1.035200e-03,8.764925e-04,2.069055e-03,1.242917e-02,3.699927e-02,6.074737e-04,2.023097e-03,9.117672e-03,5.153072e-04,3.559081e-03,8.162799e-02,8.426800e-01,4.053286e-04,1.600920e-03
3.264274e-03,7.780778e-04,7.725043e-04,1.465503e-03,9.870299e-03,2.740533e-02,7.784746e-04,1.585015e-03,6.594608e-03,5.955528e-04,8.559977e-03,1.109949e-01,8.257442e-01,3.317225e-04,1.259493e-03
2.364745e-03,5.676245e-04,6.327822e-04,1.034507e-03,7.527454e-03,1.978996e-02,6.152632e-04,1.208741e-03,4.756769e-03,5.579452e-04,9.961577e-03,1.213273e-01,8.284163e-01,2.574899e-04,9.815475e-04
1.700898e-03,4.086429e-04,6.714764e-04,7.267791e-04,7.446848e-03,1.606074e-02,1.483000e-03,1.076853e-03,3.532187e-03,5.224132e-04,1.440864e-02,1.788040e-01,7.720436e-01,2.290264e-04,8.848190e-04
1.255011e-03,3.199376e-04,1.686480e-03,5.155744e-04,1.123071e-02,4.327912e-02,4.029765e-03,1.083060e-03,3.087362e-03,4.631298e-04,1.970017e-02,2.175689e-01,6.947814e-01,1.958831e-04,8.034960e-04
1.385584e-03,2.215557e-03,1.038571e-01,5.192459e-04,7.138746e-02,5.665661e-02,8.298307e-03,1.172582e-03,2.302636e-03,4.031192e-04,1.657672e-02,2.387098e-01,4.955978e-01,1.457257e-04,7.717151e-04
2.478129e-03,2.913553e-03,8.063505e-02,5.039907e-04,1.885269e-01,1.428706e-01,3.629379e-02,1.063109e-03,1.777619e-03,3.099514e-04,1.231965e-02,1.793537e-01,3.501805e-01,1.089625e-04,6.645311e-04
3.784024e-03,4.038984e-03,7.251860e-02,5.881327e-04,2.465149e-01,2.186955e-01,6.422784e-02,1.500743e-03,2.901557e-03,2.809405e-04,8.906115e-03,1.283807e-01,2.469706e-01,9.882887e-05,5.926706e-04
7.518322e-03,5.621940e-03,8.993381e-02,3.926916e-02,2.735369e-01,2.484580e-01,5.321025e-02,5.761487e-03,4.953992e-03,2.456945e-04,6.736484e-03,9.030070e-02,1.738380e-01,8.587861e-05,5.293354e-04
1.502820e-02,6.731478e-03,9.964836e-02,5.951700e-02,2.467283e-01,3.189507e-01,4.036906e-02,9.215454e-03,9.321844e-03,3.601400e-04,5.991760e-03,6.346965e-02,1.234759e-01,1.245328e-04,1.067718e-03
3.894211e-02,1.212147e-02,9.413376e-02,8.170591e-02,2.261010e-01,3.038894e-01,3.230323e-02,1.656717e-02,3.358599e-02,2.090499e-03,1.037095e-02,4.510134e-02,8.962811e-02,3.062246e-04,1.315293e-02
3.672233e-02,9.385663e-03,7.900266e-02,9.032381e-02,1.906065e-01,2.209429e-01,2.945962e-02,2.005805e-01,2.782688e-02,1.676059e-03,8.596728e-03,3.174754e-02,6.331401e-02,2.445693e-04,9.570237e-03
3.242114e-02,6.909787e-03,6.031317e-02,6.878369e-02,1.631224e-01,1.592688e-01,2.400320e-02,3.838352e-01,1.988737e-02,1.190947e-03,6.447190e-03,2.228068e-02,4.460759e-02,1.795618e-04,6.749256e-03
2.376492e-02,4.908948e-03,4.259608e-02,4.876736e-02,1.357685e-01,1.122955e-01,2.624085e-02,5.342332e-01,1.394187e-02,8.584857e-04,4.774461e-03,1.561012e-02,3.133281e-02,1.302846e-04,4.776614e-03
1.829866e-02,3.668810e-03,3.027524e-02,3.525207e-02,2.603070e-01,8.355284e-02,3.417807e-02,4.688137e-01,9.999177e-03,8.570927e-04,1.001292e-02,1.122629e-02,2.815337e-02,1.375723e-04,5.267097e-03
1.377061e-02,2.712528e-03,2.127264e-02,2.550697e-02,4.348999e-01,6.248165e-02,3.226211e-02,3.362025e-01,7.129539e-03,1.563270e-03,1.885058e-02,8.224159e-03,2.232235e-02,1.673727e-04,1.263377e-02
1.490181e-02,2.081461e-03,1.502148e-02,1.880693e-02,5.535371e-01,5.500146e-02,2.526578e-02,2.504494e-01,5.251592e-03,1.511789e-03,1.967000e-02,6.603186e-03,1.655337e-02,2.505831e-04,1.509408e-02
1.816437e-02,1.557559e-03,1.060243e-02,1.385479e-02,6.083047e-01,8.042042e-02,2.122961e-02,1.887194e-01,3.969553e-03,1.328134e-03,1.731318e-02,6.865896e-03,1.330207e-02,2.954972e-04,1.407247e-02
2.594231e-02,1.298562e-03,7.603485e-03,1.035258e-02,6.127851e-01,1.361950e-01,1.968771e-02,1.415299e-01,3.008820e-03,1.120439e-03,1.302561e-02,6.326165e-03,1.018206e-02,4.164811e-04,1.052581e-02
2.331461e-02,1.298228e-03,5.461261e-03,7.810545e-03,5.379373e-01,2.724149e-01,1.506254e-02,1.007077e-01,2.228694e-03,1.008198e-03,1.028051e-02,6.854863e-03,7.526761e-03,3.865053e-04,7.707398e-03
