1.000000e+00,0.000000e+00,0.000000e+00,0.000000e+00,0.000000e+00,0.000000e+00,0.000000e+00,0.000000e+00,0.000000e+00,0.000000e+00,0.000000e+00,0.000000e+00,0.000000e+00,0.000000e+00,0.000000e+00
1.000000e+00,0.000000e+00,0.000000e+00,0.000000e+00,0.000000e+00,0.000000e+00,0.000000e+00,0.000000e+00,0.000000e+00,0.000000e+00,0.000000e+00,0.000000e+00,0.000000e+00,0.000000e+00,0.000000e+00
1.000000e+00,0.000000e+00,0.000000e+00,0.000000e+00,0.000000e+00,0.000000e+00,0.000000e+00,0.000000e+00,0.000000e+00,0.000000e+00,0.000000e+00,0.000000e+00,0.000000e+00,0.000000e+00,0.000000e+00
1.000000e+00,0.000000e+00,0.000000e+00,0.000000e+00,0.000000e+00,0.000000e+00,0.000000e+00,0.000000e+00,0.000000e+00,0.000000e+00,0.000000e+00,0.000000e+00,0.000000e+00,0.000000e+00,0.000000e+00
1.000000e+00,0.000000e+00,0.000000e+00,0.000000e+00,0.000000e+00,0.000000e+00,0.000000e+00,0.000000e+00,0.000000e+00,0.000000e+00,0.000000e+00,0.000000e+00,0.000000e+00,0.000000e+00,0.000000e+00
1.000000e+00,0.000000e+00,0.000000e+00,0.000000e+00,0.000000e+00,0.000000e+00,0.000000e+00,0.000000e+00,0.000000e+00,0.000000e+00,0.000000e+00,0.000000e+00,0.000000e+00,0.000000e+00,0.000000e+00
1.000000e+00,0.000000e+00,0.000000e+00,0.000000e+00,0.000000e+00,0.000000e+00,0.000000e+00,0.000000e+00,0.000000e+00,0.000000e+00,0.000000e+00,0.000000e+00,0.000000e+00,0.000000e+00,0.000000e+00
1.000000e+00,0.000000e+00,0.000000e+00,0.000000e+00,0.000000e+00,0.000000e+00,0.000000e+00,0.000000e+00,0.000000e+00,0.000000e+00,0.000000e+00,0.000000e+00,0.000000e+00,0.000000e+00,0.000000e+00
1.000000e+00,0.000000e+00,0.000000e+00,0.000000e+00,0.000000e+00,0.000000e+00,0.000000e+00,0.000000e+00,0.000000e+00,0.000000e+00,0.000000e+00,0.000000e+00,0.000000e+00,0.000000e+00,0.000000e+00
1.000000e+00,0.000000e+00,0.000000e+00,0.000000e+00,0.000000e+00,0.000000e+00,0.000000e+00,0.000000e+00,0.000000e+00,0.000000e+00,0.000000e+00,0.000000e+00,0.000000e+00,0.000000e+00,0.000000e+00
1.000000e+00,0.000000e+00,0.000000e+00,0.000000e+00,0.000000e+00,0.000000e+00,0.000000e+00,0.000000e+00,0.000000e+00,0.000000e+00,0.000000e+00,0.000000e+00,0.000000e+00,0.000000e+00,0.000000e+00
1.000000e+00,0.000000e+00,0.000000e+00,0.000000e+00,0.000000e+00,0.000000e+00,0.000000e+00,0.000000e+00,0.000000e+00,0.000000e+00,0.000000e+00,0.000000e+00,0.000000e+00,0.000000e+00,0.000000e+00
1.000000e+00,0.000000e+00,0.000000e+00,0.000000e+00,0.000000e+00,0.000000e+00,0.000000e+00,0.000000e+00,0.000000e+00,0.000000e+00,0.000000e+00,0.000000e+00,0.000000e+00,0.000000e+00,0.000000e+00
1.000000e+00,0.000000e+00,0.000000e+00,0.000000e+00,0.000000e+00,0.000000e+00,0.000000e+00,0.000000e+00,0.000000e+00,0.000000e+00,0.000000e+00,0.000000e+00,0.000000e+00,0.000000e+00,0.000000e+00
1.000000e+00,0.000000e+00,0.000000e+00,0.000000e+00,0.000000e+00,0.000000e+00,0.000000e+00,0.000000e+00,0.000000e+00,0.000000e+00,0.000000e+00,0.000000e+00,0.000000e+00,0.000000e+00,0.000000e+00
1.000000e+00,0.000000e+00,0.000000e+00,0.000000e+00,0.000000e+00,0.000000e+00,0.000000e+00,0.000000e+00,0.000000e+00,0.000000e+00,0.000000e+00,0.000000e+00,0.000000e+00,0.000000e+00,0.000000e+00
1.000000e+00,0.000000e+00,0.000000e+00,0.000000e+00,0.000000e+00,0.000000e+00,0.000000e+00,0.000000e+00,0.000000e+00,0.000000e+00,0.000000e+00,0.000000e+00,0.000000e+00,0.000000e+00,0.000000e+00
1.000000e+00,0.000000e+00,0.000000e+00,0.000000e+00,0.000000e+00,0.000000e+00,0.000000e+00,0.000000e+00,0.000000e+00,0.000000e+00,0.000000e+00,0.000000e+00,0.000000e+00,0.000000e+00,0.000000e+00
1.000000e+00,0.000000e+00,0.000000e+00,0.000000e+00,0.000000e+00,0.000000e+00,0.000000e+00,0.000000e+00,0.000000e+00,0.000000e+00,0.000000e+00,0.000000e+00,0.000000e+00,0.000000e+00,0.000000e+00
1.000000e+00,0.000000e+00,0.000000e+00,0.000000e+00,0.000000e+00,0.000000e+00,0.000000e+00,0.000000e+00,0.000000e+00,0.000000e+00,0.000000e+00,0.000000e+00,0.000000e+00,0.000000e+00,0.000000e+00
1.000000e+00,0.000000e+00,0.000000e+00,0.000000e+00,0.000000e+00,0.000000e+00,0.000000e+00,0.000000e+00,0.000000e+00,0.000000e+00,0.000000e+00,0.000000e+00,0.000000e+00,0.000000e+00,0.000000e+00
1.000000e+00,0.000000e+00,0.000000e+00,0.000000e+00,0.000000e+00,0.000000e+00,0.000000e+00,0.000000e+00,0.000000e+00,0.000000e+00,0.000000e+00,0.000000e+00,0.000000e+00,0.000000e+00,0.000000e+00
1.000000e+00,0.000000e+00,0.000000e+00,0.000000e+00,0.000000e+00,0.000000e+00,0.000000e+00,0.000000e+00,0.000000e+00,0.000000e+00,0.000000e+00,0.000000e+00,0.000000e+00,0.000000e+00,0.000000e+00
1.000000e+00,0.000000e+00,0.000000e+00,0.000000e+00,0.000000e+00,0.000000e+00,0.000000e+00,0.000000e+00,0.000000e+00,0.000000e+00,0.000000e+00,0.000000e+00,0.000000e+00,0.000000e+00,0.000000e+00
1.000000e+00,0.000000e+00,0.000000e+00,0.000000e+00,0.000000e+00,0.000000e+00,0.000000e+00,0.000000e+00,0.000000e+00,0.000000e+00,0.000000e+00,0.000000e+00,0.000000e+00,0.000000e+00,0.000000e+00
1.000000e+00,0.000000e+00,0.000000e+00,0.000000e+00,0.000000e+00,0.000000e+00,0.000000e+00,0.000000e+00,0.000000e+00,0.000000e+00,0.000000e+00,0.000000e+00,0.000000e+00,0.000000e+00,0.000000e+00
1.000000e+00,0.000000e+00,0.000000e+00,0.000000e+00,0.000000e+00,0.000000e+00,0.000000e+00,0.000000e+00,0.000000e+00,0.000000e+00,0.000000e+00,0.000000e+00,0.000000e+00,0.000000e+00,0.000000e+00
1.000000e+00,0.000000e+00,0.000000e+00,0.000000e+00,0.000000e+00,0.000000e+00,0.000000e+00,0.000000e+00,0.000000e+00,0.000000e+00,0.000000e+00,0.000000e+00,0.000000e+00,0.000000e+00,0.000000e+00
1.000000e+00,0.000000e+00,0.000000e+00,0.000000e+00,0.000000e+00,0.000000e+00,0.000000e+00,0.000000e+00,0.000000e+00,0.000000e+00,0.000000e+00,0.000000e+00,0.000000e+00,0.000000e+00,0.000000e+00
1.000000e+00,0.000000e+00,0.000000e+00,0.000000e+00,0.000000e+00,0.000000e+00,0.000000e+00,0.000000e+00,0.000000e+00,0.000000e+00,0.000000e+00,0.000000e+00,0.000000e+00,0.000000e+00,0.000000e+00
1.000000e+00,0.000000e+00,0.000000e+00,0.000000e+00,0.000000e+00,0.000000e+00,0.000000e+00,0.000000e+00,0.000000e+00,0.000000e+00,0.000000e+00,0.000000e+00,0.000000e+00,0.000000e+00,0.000000e+00
1.000000e+00,0.000000e+00,0.000000e+00,0.000000e+00,0.000000e+00,0.000000e+00,0.000000e+00,0.000000e+00,0.000000e+00,0.000000e+00,0.000000e+00,0.000000e+00,0.000000e+00,0.000000e+00,0.000000e+00
1.000000e+00,0.000000e+00,0.000000e+00,0.000000e+00,0.000000e+00,0.000000e+00,0.000000e+00,0.000000e+00,0.000000e+00,0.000000e+00,0.000000e+00,0.000000e+00,0.000000e+00,0.000000e+00,0.000000e+00
1.000000e+00,0.000000e+00,0.000000e+00,0.000000e+00,0.000000e+00,0.000000e+00,0.000000e+00,0.000000e+00,0.000000e+00,0.000000e+00,0.000000e+00,0.000000e+00,0.000000e+00,0.000000e+00,0.000000e+00
1.000000e+00,0.000000e+00,0.000000e+00,0.000000e+00,0.000000e+00,0.000000e+00,0.000000e+00,0.000000e+00,0.000000e+00,0.000000e+00,0.000000e+00,0.000000e+00,0.000000e+00,0.000000e+00,0.000000e+00
1.000000e+00,0.000000e+00,0.000000e+00,0.000000e+00,0.000000e+00,0.000000e+00,0.000000e+00,0.000000e+00,0.000000e+00,0.000000e+00,0.000000e+00,0.000000e+00,0.000000e+00,0.000000e+00,0.000000e+00
1.000000e+00,0.000000e+00,0.000000e+00,0.000000e+00,0.000000e+00,0.000000e+00,0.000000e+00,0.000000e+00,0.000000e+00,0.000000e+00,0.000000e+00,0.000000e+00,0.000000e+00,0.000000e+00,0.000000e+00
1.000000e+00,0.000000e+00,0.000000e+00,0.000000e+00,0.000000e+00,0.000000e+00,0.000000e+00,0.000000e+00,0.000000e+00,0.000000e+00,0.000000e+00,0.000000e+00,0.000000e+00,0.000000e+00,0.000000e+00
1.000000e+00,0.000000e+00,0.000000e+00,0.000000e+00,0.000000e+00,0.000000e+00,0.000000e+00,0.000000e+00,0.000000e+00,0.000000e+00,0.000000e+00,0.000000e+00,0.000000e+00,0.000000e+00,0.000000e+00
1.000000e+00,0.000000e+00,0.000000e+00,0.000000e+00,0.000000e+00,0.000000e+00,0.000000e+00,0.000000e+00,0.000000e+00,0.000000e+00,0.000000e+00,0.000000e+00,0.000000e+00,0.000000e+00,0.000000e+00
1.000000e+00,0.000000e+00,0.000000e+00,0.000000e+00,0.000000e+00,0.000000e+00,0.000000e+00,0.000000e+00,0.000000e+00,0.000000e+00,0.000000e+00,0.000000e+00,0.000000e+00,0.000000e+00,0.000000e+00
1.000000e+00,0.000000e+00,0.000000e+00,0.000000e+00,0.000000e+00,0.000000e+00,0.000000e+00,0.000000e+00,0.000000e+00,0.000000e+00,0.000000e+00,0.000000e+00,0.000000e+00,0.000000e+00,0.000000e+00
1.000000e+00,0.000000e+00,0.000000e+00,0.000000e+00,0.000000e+00,0.000000e+00,0.000000e+00,0.000000e+00,0.000000e+00,0.000000e+00,0.000000e+00,0.000000e+00,0.000000e+00,0.000000e+00,0.000000e+00
1.000000e+00,0.000000e+00,0.000000e+00,0.000000e+00,0.000000e+00,0.000000e+00,0.000000e+00,0.000000e+00,0.000000e+00,0.000000e+00,0.000000e+00,0.000000e+00,0.000000e+00,0.000000e+00,0.000000e+00
3.944833e-01,6.352848e-03,8.124664e-03,2.632784e-02,3.073711e-03,1.134429e-02,4.993099e-03,5.003067e-01,3.299056e-03,1.361568e-03,5.433151e-03,1.090912e-02,1.068674e-02,2.577937e-03,1.072594e-02
2.916963e-01,4.831086e-03,7.867330e-03,1.912439e-02,2.523818e-03,9.004468e-03,4.698348e-03,6.270030e-01,2.349970e-03,9.941894e-04,4.054529e-03,8.032756e-03,7.977688e-03,2.157949e-03,7.684151e-03
2.195901e-01,4.071779e-03,8.354337e-03,1.424419e-02,2.420251e-03,7.211039e-03,4.961851e-03,7.140093e-01,1.687961e-03,7.428516e-04,3.048894e-03,6.023248e-03,6.155350e-03,1.904539e-03,5.574301e-03
1.659268e-01,3.260672e-03,6.477341e-03,1.031279e-02,3.662526e-03,5.854770e-03,4.418164e-03,7.802904e-01,1.345131e-03,7.769162e-04,2.378217e-03,4.695850e-03,5.038308e-03,1.566970e-03,3.995183e-03
1.426333e-01,2.542482e-03,4.899221e-03,7.493385e-03,4.211828e-03,4.927226e-03,4.392575e-03,7.883841e-01,1.626024e-03,1.799231e-03,4.696986e-03,1.244006e-02,1.403446e-02,2.942093e-03,2.977016e-03
1.210921e-01,3.469459e-03,4.048551e-03,2.906436e-02,5.507846e-03,4.020760e-03,3.500409e-03,6.345567e-01,1.982029e-03,3.017312e-03,1.683218e-02,1.186184e-01,4.735268e-02,4.438717e-03,2.498494e-03
1.011074e-01,3.180825e-03,3.063031e-03,2.617166e-02,4.851660e-03,3.285511e-03,3.524147e-03,4.573647e-01,2.698758e-03,4.459634e-03,1.711985e-02,2.866544e-01,7.356154e-02,1.061302e-02,2.343907e-03
8.022419e-02,2.532378e-03,2.331207e-03,2.085731e-02,5.003730e-03,3.392268e-03,3.472001e-03,3.254863e-01,4.243773e-03,3.587959e-03,1.563885e-02,4.580164e-01,5.925795e-02,1.376728e-02,2.188418e-03
6.804477e-02,2.342072e-03,1.832827e-03,1.802810e-02,1.249859e-02,3.347328e-03,2.693465e-03,2.302342e-01,9.802897e-03,2.968794e-03,2.158753e-02,5.581558e-01,5.515574e-02,1.156460e-02,1.743325e-03
6.265073e-02,2.655358e-03,1.543912e-03,1.722557e-02,1.487937e-02,4.836695e-03,2.261903e-03,1.628724e-01,1.763893e-02,3.393235e-03,2.269066e-02,6.217233e-01,5.341062e-02,1.048652e-02,1.730742e-03
4.904198e-02,2.419187e-03,1.452182e-03,1.416314e-02,2.070814e-02,4.241747e-03,2.001182e-03,1.150554e-01,2.778389e-02,3.156603e-03,2.206861e-02,6.685049e-01,5.845658e-02,9.591001e-03,1.355488e-03
3.668137e-02,2.426134e-03,1.806207e-03,1.386775e-02,2.448781e-02,5.241779e-03,1.720189e-03,8.137115e-02,2.754284e-02,5.086218e-03,3.221538e-02,7.069207e-01,4.922433e-02,1.018321e-02,1.224851e-03
2.747986e-02,2.400087e-03,2.163496e-03,1.098997e-02,1.124703e-01,4.339644e-03,1.778398e-03,5.747479e-02,4.066101e-02,6.341976e-03,4.321750e-02,6.427960e-01,3.758190e-02,9.283112e-03,1.021889e-03
2.076786e-02,2.098711e-03,2.210062e-03,8.062510e-03,1.116274e-01,3.416411e-03,1.310903e-03,4.160848e-02,3.330946e-02,6.238851e-03,3.652548e-02,6.955611e-01,2.819651e-02,8.323639e-03,7.426799e-04
2.189500e-02,2.463195e-03,2.382148e-03,6.183565e-03,1.002162e-01,4.711437e-03,9.536563e-04,3.029487e-02,3.039440e-02,1.108372e-02,4.724748e-02,7.113200e-01,2.257254e-02,7.661108e-03,6.205991e-04
1.698572e-02,2.495067e-03,2.979216e-03,4.743598e-03,1.122164e-01,3.873954e-03,7.390119e-04,2.235187e-02,2.820820e-02,1.300238e-02,4.393332e-02,7.233309e-01,1.812268e-02,6.470127e-03,5.475663e-04
1.929604e-02,3.433828e-03,5.504662e-03,3.512647e-03,9.784924e-02,3.320417e-03,6.049246e-04,1.773289e-02,2.447252e-02,1.283911e-02,4.102864e-02,7.474830e-01,1.611870e-02,6.334282e-03,4.691216e-04
2.074745e-02,3.562877e-03,1.369193e-02,4.462188e-03,8.965536e-02,3.744548e-03,6.464247e-04,2.685212e-02,1.848472e-02,1.170035e-02,4.795380e-02,7.399950e-01,1.258660e-02,5.472871e-03,4.437417e-04
5.083144e-02,4.333994e-03,6.058595e-02,2.909038e-02,8.708359e-02,7.892571e-03,1.413572e-03,6.720751e-02,1.392411e-02,8.984673e-03,4.070275e-02,6.142606e-01,9.175409e-03,4.133819e-03,3.796661e-04
1.186577e-01,8.656115e-03,8.878063e-02,3.777733e-02,7.510187e-02,1.128687e-02,1.773044e-03,5.842965e-02,1.398993e-02,7.125678e-03,3.768494e-02,5.286075e-01,7.106841e-03,3.815699e-03,1.206262e-03
1.983210e-01,9.314586e-03,9.422693e-02,5.066349e-02,7.161270e-02,1.651495e-02,6.582540e-03,6.597687e-02,2.349284e-02,5.954250e-03,3.765693e-02,4.068989e-01,6.878793e-03,3.783744e-03,2.121563e-03
1.527247e-01,7.877504e-03,1.892127e-01,1.497107e-01,5.908434e-02,1.282157e-02,5.516727e-03,7.297616e-02,2.005684e-02,4.379483e-03,2.900789e-02,2.870629e-01,5.096641e-03,2.950034e-03,1.521856e-03
1.129950e-01,6.124470e-03,3.293220e-01,1.824660e-01,4.608955e-02,9.711547e-03,4.020561e-03,5.914245e-02,1.708704e-02,3.322916e-03,2.109294e-02,2.015423e-01,3.765406e-03,2.215125e-03,1.102884e-03
8.494928e-02,5.673173e-03,4.662778e-01,1.500111e-01,4.239048e-02,7.906409e-03,2.888057e-03,4.553406e-02,1.842069e-02,8.579298e-03,1.738287e-02,1.425183e-01,3.208817e-03,1.993885e-03,2.265930e-03
7.403868e-02,6.309372e-03,5.193126e-01,1.345956e-01,4.832755e-02,1.041981e-02,2.113295e-03,3.860066e-02,2.105006e-02,1.747373e-02,1.686293e-02,1.020844e-01,3.218241e-03,2.767222e-03,2.825905e-03
7.909653e-02,8.764666e-03,4.555892e-01,1.773286e-01,7.203780e-02,1.255971e-02,1.620486e-03,3.478989e-02,3.788630e-02,1.796735e-02,1.671041e-02,7.336720e-02,3.089666e-03,5.764803e-03,3.427462e-03
7.278901e-02,1.621451e-02,4.359888e-01,1.937819e-01,7.285266e-02,2.574349e-02,1.432594e-03,3.019529e-02,5.250645e-02,1.434874e-02,1.487065e-02,5.181048e-02,2.703377e-03,1.138412e-02,3.377893e-03
9.981564e-02,2.133467e-02,3.800853e-01,2.000873e-01,6.682467e-02,4.131092e-02,2.349042e-03,3.855281e-02,5.806019e-02,1.390654e-02,1.616317e-02,3.773354e-02,3.665891e-03,1.556732e-02,4.543099e-03
1.326468e-01,2.607591e-02,3.032350e-01,1.865036e-01,8.808475e-02,3.510256e-02,2.504642e-03,4.728609e-02,9.820981e-02,1.470414e-02,1.305476e-02,2.781799e-02,3.863214e-03,1.620504e-02,4.705778e-03
1.634842e-01,2.854355e-02,2.829493e-01,1.760902e-01,8.139674e-02,2.942866e-02,2.554579e-03,4.366834e-02,1.238873e-01,1.266970e-02,1.126704e-02,2.068111e-02,3.306527e-03,1.556632e-02,4.506391e-03
2.599328e-01,3.997374e-02,2.205024e-01,1.273312e-01,9.586465e-02,2.595892e-02,2.294197e-03,3.832840e-02,1.267629e-01,1.052719e-02,1.205913e-02,1.657175e-02,3.335788e-03,1.637604e-02,4.180957e-03
3.588218e-01,6.112379e-02,1.671114e-01,9.098747e-02,8.345666e-02,2.286712e-02,2.024099e-03,3.032678e-02,1.181963e-01,1.121680e-02,1.175741e-02,1.351979e-02,3.079202e-03,2.071816e-02,4.793235e-03
4.559973e-01,7.831120e-02,1.215836e-01,6.522011e-02,6.687351e-02,1.985564e-02,1.859386e-03,2.291454e-02,1.014855e-01,1.058443e-02,1.077421e-02,1.212663e-02,3.101327e-03,2.242184e-02,6.890688e-03
1.000000e+00,0.000000e+00,0.000000e+00,0.000000e+00,0.000000e+00,0.000000e+00,0.000000e+00,0.000000e+00,0.000000e+00,0.000000e+00,0.000000e+00,0.000000e+00,0.000000e+00,0.000000e+00,0.000000e+00
1.000000e+00,0.000000e+00,0.000000e+00,0.000000e+00,0.000000e+00,0.000000e+00,0.000000e+00,0.000000e+00,0.000000e+00,0.000000e+00,0.000000e+00,0.000000e+00,0.000000e+00,0.000000e+00,0.000000e+00
4.516779e-01,8.475731e-02,7.217888e-02,1.508715e-01,3.231598e-02,1.259897e-02,1.960549e-03,1.325928e-02,5.406947e-02,1.969549e-02,1.337978e-02,1.649749e-02,8.416562e-03,1.246163e-02,5.585926e-02
3.514018e-01,8.577907e-02,7.822245e-02,1.978291e-01,2.322872e-02,1.108424e-02,1.516866e-03,9.892852e-03,5.391046e-02,2.075949e-02,4.839356e-02,1.368823e-02,1.031897e-02,1.415537e-02,7.981873e-02
2.997841e-01,7.745981e-02,7.636134e-02,1.585381e-01,1.686058e-02,1.109114e-02,1.235914e-03,7.708804e-03,4.864645e-02,2.477613e-02,1.148952e-01,2.069877e-02,3.446989e-02,3.178794e-02,7.568575e-02
2.174647e-01,5.808019e-02,5.880004e-02,1.173267e-01,1.250474e-02,9.394100e-03,1.021364e-03,6.234880e-03,4.032536e-02,2.114469e-02,1.276174e-01,1.657454e-02,3.257483e-02,2.196161e-01,6.132043e-02
1.549915e-01,4.381281e-02,4.520138e-02,8.557059e-02,9.745503e-03,8.869418e-03,8.021767e-04,4.757822e-03,4.852716e-02,1.696331e-02,1.126759e-01,1.272925e-02,2.827945e-02,3.735916e-01,5.348211e-02
1.094413e-01,3.142124e-02,3.304924e-02,6.085228e-02,1.404983e-02,6.822704e-03,6.706648e-04,3.692833e-03,5.465622e-02,1.447970e-02,1.447742e-01,1.067213e-02,2.655341e-02,4.112270e-01,7.763734e-02
7.730284e-02,2.251722e-02,2.399789e-02,4.382781e-02,2.892422e-02,5.149809e-03,6.613953e-04,2.956936e-03,7.248163e-02,1.342065e-02,1.275864e-01,1.004831e-02,2.202517e-02,3.910309e-01,1.580688e-01
5.466255e-02,1.597637e-02,1.805168e-02,3.328841e-02,2.919440e-02,3.825418e-03,7.652935e-04,2.443727e-03,1.111515e-01,1.378625e-02,1.259021e-01,1.223068e-02,2.102049e-02,3.215424e-01,2.361587e-01
3.905220e-02,1.156256e-02,1.346206e-02,2.377889e-02,3.123645e-02,3.359575e-03,8.499430e-04,2.017948e-03,8.580064e-02,1.523883e-02,1.048861e-01,9.626995e-03,1.706392e-02,2.862701e-01,3.557938e-01
2.893191e-02,8.243883e-03,1.012295e-02,1.723687e-02,2.505696e-02,3.015034e-03,7.870444e-04,1.757297e-03,7.296452e-02,1.955898e-02,9.823682e-02,8.489700e-03,1.437106e-02,2.386844e-01,4.525426e-01
2.086702e-02,6.244997e-03,9.803253e-03,1.351845e-02,2.066026e-02,2.840928e-03,6.867914e-04,3.513489e-03,6.610483e-02,2.286204e-02,1.294252e-01,8.442520e-03,1.138043e-02,1.962512e-01,4.873987e-01
1.718252e-02,7.450074e-03,1.139408e-01,1.460187e-02,1.817852e-02,5.348009e-03,9.425457e-04,9.664384e-03,6.255883e-02,2.166754e-02,1.458027e-01,8.204199e-03,1.014617e-02,1.843548e-01,3.799570e-01
2.216774e-02,1.633879e-02,1.131600e-01,1.504735e-02,1.600650e-02,1.242555e-02,8.719632e-04,1.023911e-02,9.783434e-02,2.330206e-02,1.566943e-01,6.301384e-03,8.468682e-03,2.093006e-01,2.918416e-01
3.087463e-02,1.640459e-02,9.257286e-02,1.634202e-02,1.362741e-02,2.831247e-02,8.061362e-04,9.424312e-03,1.285747e-01,2.000993e-02,1.368186e-01,4.665489e-03,6.335714e-03,2.860190e-01,2.092122e-01
5.018555e-02,1.967761e-02,1.012086e-01,2.337576e-02,1.583938e-02,3.964880e-02,1.847371e-03,2.530288e-02,1.439403e-01,2.059977e-02,1.218780e-01,4.390711e-03,5.342350e-03,2.762206e-01,1.505423e-01
6.930707e-02,3.123356e-02,1.046352e-01,2.014335e-02,1.805457e-02,6.452426e-02,2.170014e-03,3.385004e-02,1.226423e-01,2.315680e-02,1.032433e-01,4.155150e-03,6.633759e-03,2.837435e-01,1.125071e-01
7.933019e-02,3.195556e-02,8.151690e-02,1.705240e-02,1.702832e-02,4.915018e-02,2.012029e-03,2.833797e-02,1.229100e-01,2.411335e-02,8.350814e-02,3.483612e-03,5.270315e-03,3.708658e-01,8.346523e-02
1.062489e-01,3.233932e-02,7.024458e-02,1.799842e-02,1.680700e-02,4.015333e-02,1.915058e-03,2.553852e-02,1.360440e-01,2.627030e-02,8.932054e-02,3.788644e-03,5.080961e-03,3.656143e-01,6.263617e-02
1.801170e-01,3.446714e-02,5.375845e-02,1.611630e-02,1.605942e-02,3.338725e-02,1.623192e-03,2.099697e-02,1.211026e-01,3.996535e-02,9.252895e-02,4.800983e-03,5.788558e-03,3.287249e-01,5.056285e-02
2.402558e-01,3.353024e-02,4.284009e-02,1.656866e-02,1.959308e-02,2.730690e-02,1.504095e-03,1.812266e-02,1.053645e-01,3.960100e-02,8.844179e-02,5.340660e-03,5.506895e-03,3.170546e-01,3.896903e-02
3.530203e-01,3.287574e-02,3.447530e-02,1.556412e-02,1.972410e-02,2.225042e-02,1.506408e-03,1.432697e-02,9.516537e-02,3.529007e-02,6.707665e-02,7.128079e-03,5.194966e-03,2.630268e-01,3.337484e-02
4.210333e-01,3.629323e-02,2.908302e-02,1.245006e-02,1.785696e-02,1.782493e-02,1.417511e-03,1.105720e-02,1.099414e-01,2.942353e-02,5.142864e-02,8.485123e-03,4.719658e-03,2.204732e-01,2.851229e-02
1.000000e+00,0.000000e+00,0.000000e+00,0.000000e+00,0.000000e+00,0.000000e+00,0.000000e+00,0.000000e+00,0.000000e+00,0.000000e+00,0.000000e+00,0.000000e+00,0.000000e+00,0.000000e+00,0.000000e+00
1.000000e+00,0.000000e+00,0.000000e+00,0.000000e+00,0.000000e+00,0.000000e+00,0.000000e+00,0.000000e+00,0.000000e+00,0.000000e+00,0.000000e+00,0.000000e+00,0.000000e+00,0.000000e+00,0.000000e+00
1.000000e+00,0.000000e+00,0.000000e+00,0.000000e+00,0.000000e+00,0.000000e+00,0.000000e+00,0.000000e+00,0.000000e+00,0.000000e+00,0.000000e+00,0.000000e+00,0.000000e+00,0.000000e+00,0.000000e+00
4.771334e-01,2.473973e-02,1.377769e-02,3.420491e-02,8.990142e-03,1.489972e-02,1.917857e-03,5.859592e-03,7.633432e-02,4.179321e-02,3.630453e-02,5.267353e-02,6.944632e-02,6.758264e-02,7.434243e-02
3.577211e-01,2.410201e-02,1.178027e-02,3.033813e-02,7.447577e-03,1.943237e-02,2.306573e-03,5.032986e-03,6.610698e-02,3.155826e-02,4.153576e-02,8.945906e-02,2.030404e-01,4.804290e-02,6.209566e-02
2.821418e-01,2.026641e-02,1.009896e-02,2.757245e-02,6.767927e-03,2.553098e-02,2.645146e-03,4.287172e-03,5.980987e-02,2.306487e-02,4.354570e-02,1.085121e-01,2.982650e-01,3.722046e-02,5.027109e-02
2.136375e-01,1.494912e-02,7.674483e-03,2.508515e-02,6.361717e-03,4.232620e-02,2.543847e-03,3.270908e-03,4.872280e-02,1.657473e-02,3.836979e-02,1.096942e-01,4.046513e-01,2.752389e-02,3.861439e-02
1.558316e-01,1.223040e-02,6.197182e-03,2.994905e-02,5.980961e-03,5.142436e-02,2.649537e-03,2.764167e-03,4.414557e-02,1.237067e-02,4.180328e-02,1.367928e-01,4.422273e-01,2.349563e-02,3.213746e-02
1.105679e-01,8.993468e-03,4.841642e-03,2.325337e-02,4.825335e-03,4.292468e-02,2.045507e-03,2.067319e-03,3.638170e-02,9.971593e-03,5.453778e-02,2.053695e-01,4.503682e-01,1.801472e-02,2.583726e-02
7.909545e-02,6.508240e-03,4.119485e-03,1.663950e-02,9.699865e-03,3.105749e-02,2.025521e-03,1.910591e-03,3.344874e-02,9.026930e-03,5.020082e-02,2.542578e-01,4.676725e-01,1.305714e-02,2.127986e-02
5.663346e-02,4.598870e-03,3.042517e-03,1.179031e-02,1.077963e-02,2.235744e-02,1.749909e-03,1.548767e-03,2.631285e-02,8.176157e-03,3.915763e-02,2.795162e-01,5.093969e-01,9.436382e-03,1.550292e-02
4.007570e-02,3.264738e-03,2.277023e-03,8.300131e-03,1.204724e-02,1.604676e-02,1.729039e-03,1.340396e-03,1.967262e-02,6.542894e-03,2.883926e-02,3.708371e-01,4.705993e-01,6.960190e-03,1.146760e-02
2.836356e-02,2.308344e-03,1.648108e-03,5.851381e-03,9.957586e-03,1.153862e-02,1.845073e-03,1.067977e-03,1.410826e-02,4.937257e-03,2.131936e-02,4.851346e-01,3.987487e-01,4.945636e-03,8.225483e-03
2.027685e-02,1.669068e-03,1.420044e-03,4.117019e-03,1.039867e-02,8.311080e-03,2.121139e-03,9.206984e-04,1.010574e-02,3.573542e-03,1.626241e-02,5.660297e-01,3.454593e-01,3.477838e-03,5.856909e-03
1.476663e-02,1.230685e-03,1.159962e-03,2.905272e-03,1.035372e-02,5.971667e-03,1.719269e-03,8.803924e-04,7.295269e-03,2.545630e-03,1.203457e-02,6.308786e-01,3.016558e-01,2.445971e-03,4.156592e-03
1.198632e-02,1.295383e-03,1.596393e-03,2.093712e-03,1.104465e-02,4.432601e-03,1.495704e-03,1.216812e-03,5.629508e-03,1.893909e-03,9.166813e-03,6.868114e-01,2.566260e-01,1.730889e-03,2.979905e-03
2.413246e-02,1.340954e-03,8.620415e-03,2.962369e-03,2.064756e-02,5.297733e-03,1.958455e-03,4.778244e-02,5.529013e-03,1.438090e-03,8.011272e-03,6.103888e-01,2.583444e-01,1.393891e-03,2.152122e-03
3.484099e-02,1.891083e-03,6.804683e-03,2.802952e-03,4.183317e-02,5.417361e-03,3.491661e-03,3.920449e-02,8.635301e-03,1.074209e-03,6.314367e-03,4.898729e-01,3.551963e-01,1.066343e-03,1.554150e-03
4.014682e-02,2.009258e-03,6.158947e-03,3.733029e-03,3.353091e-02,5.278587e-03,3.345520e-03,3.719101e-02,9.637725e-03,7.750504e-04,4.740047e-03,3.927554e-01,4.586750e-01,8.088724e-04,1.213848e-03
4.110415e-02,1.832575e-03,5.049219e-03,4.017087e-03,2.706923e-02,4.804715e-03,3.895776e-03,2.876644e-02,8.736412e-03,5.896031e-04,3.959008e-03,3.341273e-01,5.342107e-01,7.749074e-04,1.062864e-03
4.971670e-02,2.756407e-03,4.259009e-03,6.081940e-03,2.459401e-02,6.992641e-03,4.696043e-03,2.355564e-02,1.421374e-02,6.087187e-04,3.854675e-03,3.500591e-01,5.061791e-01,1.037240e-03,1.395059e-03
6.848446e-02,4.239707e-03,4.051404e-03,1.018106e-02,2.547223e-02,9.012330e-03,6.241862e-03,4.720313e-02,2.632532e-02,5.904847e-04,4.779432e-03,2.933784e-01,4.970442e-01,1.465302e-03,1.530714e-03
9.738539e-02,8.480782e-03,4.381144e-03,1.778146e-02,2.607525e-02,1.195529e-02,7.542276e-03,7.020589e-02,3.619345e-02,7.237817e-04,5.053830e-03,2.658899e-01,4.429082e-01,2.495836e-03,2.927474e-03
1.021031e-01,1.760408e-02,5.862410e-03,2.278678e-02,4.041189e-02,1.542197e-02,1.668908e-02,1.117740e-01,6.811214e-02,1.300174e-03,4.246309e-03,2.357094e-01,3.517611e-01,2.255739e-03,3.961918e-03
1.074418e-01,1.652792e-02,5.450654e-03,1.786480e-02,4.733963e-02,1.453507e-02,2.113246e-02,2.417540e-01,6.692117e-02,1.016554e-03,3.290398e-03,1.694070e-01,2.824309e-01,1.685541e-03,3.202227e-03
9.385647e-02,1.398764e-02,4.830727e-03,1.322648e-02,4.350279e-02,1.244891e-02,2.041167e-02,4.050693e-01,5.898793e-02,7.720808e-04,2.446016e-03,1.198157e-01,2.069555e-01,1.213058e-03,2.475900e-03
7.574204e-02,1.116267e-02,4.002906e-03,9.583013e-03,3.468232e-02,9.944387e-03,1.654694e-02,5.577432e-01,4.507457e-02,5.730899e-04,1.819898e-03,8.407830e-02,1.463537e-01,8.771606e-04,1.815857e-03
5.973503e-02,8.228951e-03,3.137776e-03,6.880920e-03,2.646458e-02,7.774619e-03,1.262629e-02,6.771891e-01,3.253499e-02,4.133401e-04,1.300155e-03,5.895783e-02,1.027833e-01,6.354446e-04,1.337686e-03
5.013850e-02,5.866887e-03,2.401664e-03,4.950854e-03,2.004408e-02,6.315241e-03,9.771537e-03,7.610811e-01,2.308172e-02,2.997682e-04,9.404593e-04,4.135027e-02,7.228362e-02,4.620650e-04,1.012203e-03
4.564519e-02,4.176395e-03,2.228084e-03,3.674967e-03,1.514976e-02,4.991725e-03,8.182134e-03,8.177414e-01,1.633876e-02,2.192331e-04,6.985600e-04,2.904501e-02,5.077220e-02,3.394277e-04,7.971400e-04
4.384056e-02,3.015915e-03,3.162606e-03,3.303059e-03,1.202277e-02,4.865655e-03,6.768250e-03,8.535836e-01,1.154283e-02,1.651598e-04,5.543751e-04,2.048783e-02,3.572578e-02,2.730946e-04,6.884445e-04
4.004297e-02,2.158469e-03,4.084425e-03,3.191704e-03,9.340912e-03,4.650147e-03,5.750225e-03,8.816029e-01,8.139963e-03,1.282095e-04,4.872177e-04,1.448645e-02,2.511908e-02,2.329133e-04,5.844521e-04
3.734044e-02,1.556105e-03,3.194887e-03,2.495673e-03,7.981548e-03,3.511541e-03,4.393737e-03,9.048113e-01,5.757943e-03,1.022964e-04,3.826221e-04,1.020671e-02,1.763715e-02,1.815852e-04,4.464544e-04
3.017048e-02,1.161719e-03,2.397483e-03,1.930927e-03,5.929156e-03,2.549830e-03,3.436757e-03,9.278532e-01,4.076069e-03,9.290464e-05,3.066757e-04,7.216509e-03,1.238967e-02,1.365899e-04,3.519907e-04
2.300640e-02,8.486786e-04,1.863983e-03,1.466032e-03,4.303847e-03,1.823777e-03,2.684869e-03,9.466554e-01,2.875646e-03,8.406541e-05,2.298405e-04,5.089810e-03,8.691067e-03,1.008802e-04,2.757456e-04
1.789310e-02,6.268317e-04,1.456662e-03,1.108986e-03,3.101294e-03,1.305948e-03,2.098173e-03,9.601054e-01,2.039157e-03,7.901136e-05,1.741708e-04,3.606912e-03,6.100818e-03,7.636905e-05,2.271242e-04
1.574972e-02,4.798407e-04,1.160764e-03,8.946008e-04,2.271162e-03,9.709399e-04,1.785802e-03,9.678099e-01,1.472009e-03,8.130445e-05,1.469954e-04,2.606951e-03,4.309012e-03,6.039623e-05,2.005997e-04
1.383309e-02,3.577781e-04,8.643547e-04,7.687174e-04,1.673355e-03,7.326883e-04,1.358997e-03,9.739733e-01,1.090506e-03,7.279210e-05,1.345971e-04,1.883059e-03,3.047588e-03,4.612835e-05,1.631050e-04
1.834011e-02,2.717540e-04,6.667643e-04,7.237779e-04,1.377281e-03,6.835379e-04,1.018172e-03,9.721458e-01,8.104804e-04,5.702154e-05,1.276152e-04,1.399041e-03,2.194907e-03,3.736753e-05,1.463751e-04
3.339574e-02,2.463644e-04,5.867769e-04,7.666475e-04,1.925157e-03,1.392645e-03,8.242248e-04,9.570187e-01,6.060619e-04,4.607643e-05,1.523864e-04,1.129691e-03,1.679239e-03,3.846006e-05,1.917823e-04
5.911732e-02,1.044592e-03,5.905994e-04,3.234073e-03,3.408636e-03,2.114846e-02,1.005257e-03,8.901448e-01,3.101348e-03,1.532433e-04,1.146220e-03,3.100917e-03,1.066483e-02,2.023291e-04,1.937400e-03
7.975326e-02,1.354012e-03,7.803304e-04,5.601255e-03,5.339260e-03,1.877005e-02,1.316473e-03,8.511144e-01,4.160591e-03,4.568473e-04,2.492637e-03,6.716438e-03,1.811272e-02,2.375563e-04,3.794255e-03
8.726465e-02,2.774811e-03,1.384728e-03,1.305679e-02,6.118663e-03,5.859445e-02,2.955377e-03,6.389683e-01,7.443049e-03,5.051566e-04,4.407340e-03,4.239260e-02,1.282307e-01,3.816071e-04,5.521780e-03
8.002640e-02,1.160416e-02,9.954527e-03,5.521886e-02,1.014223e-02,4.955320e-02,3.468174e-03,4.649160e-01,1.164538e-02,1.119831e-03,9.586219e-03,1.064285e-01,1.777280e-01,6.178672e-04,7.990645e-03
5.763321e-02,8.475578e-03,9.098301e-03,4.210728e-02,9.423426e-03,4.247828e-02,3.636840e-03,3.258529e-01,1.032090e-02,1.084461e-03,1.084089e-02,1.212703e-01,3.508716e-01,6.042570e-04,6.301758e-03
4.242693e-02,6.625403e-03,1.080470e-02,3.116925e-02,1.210479e-02,3.467544e-02,3.113708e-03,2.283963e-01,1.002682e-02,3.266431e-03,1.074289e-02,1.161283e-01,4.771913e-01,7.209105e-04,1.260689e-02
3.227710e-02,7.472640e-03,2.611746e-02,4.336938e-02,2.293118e-02,2.992237e-02,2.532599e-03,1.603116e-01,1.736350e-02,1.327129e-02,1.077113e-02,1.053367e-01,5.020480e-01,3.267600e-03,2.300742e-02
3.034360e-02,6.063218e-03,2.044293e-02,3.919350e-02,5.631568e-02,2.764908e-02,3.045684e-03,1.136767e-01,2.158850e-02,1.633317e-02,1.652727e-02,8.031267e-02,4.585364e-01,7.414057e-03,1.025574e-01
2.516934e-02,4.859598e-03,1.682792e-02,3.638641e-02,5.446114e-02,2.307925e-02,2.767751e-03,7.997922e-02,2.215843e-02,1.777436e-02,1.606205e-02,6.160998e-02,4.304822e-01,9.179231e-03,1.992031e-01
1.868238e-02,3.640316e-03,1.395062e-02,2.936485e-02,5.219055e-02,1.782137e-02,2.297034e-03,5.690279e-02,2.250123e-02,1.483582e-02,2.065048e-02,4.611772e-02,4.348736e-01,7.679239e-03,2.584920e-01
1.416050e-02,2.762002e-03,1.183602e-02,2.214342e-02,4.276681e-02,1.288996e-02,2.038490e-03,4.210248e-02,2.333950e-02,1.118857e-02,2.215228e-02,3.461835e-02,4.073016e-01,6.533046e-03,3.441670e-01
1.074105e-02,2.073564e-03,2.829829e-02,1.625261e-02,3.460361e-02,9.111381e-03,2.000617e-03,6.949490e-02,1.789471e-02,8.267886e-03,1.782773e-02,2.471999e-02,3.345315e-01,5.175216e-03,4.190070e-01
9.105805e-03,2.078040e-03,4.081289e-02,1.217879e-02,3.174359e-02,6.559331e-03,1.778892e-03,5.397351e-02,1.668500e-02,6.782137e-03,1.431631e-02,1.793030e-02,2.744438e-01,4.353095e-03,5.072585e-01
7.688094e-03,1.893027e-03,5.263939e-02,9.430842e-03,2.644532e-02,4.783451e-03,1.459238e-03,3.978560e-02,1.604475e-02,5.453543e-03,1.057657e-02,1.280457e-02,1.996021e-01,3.328763e-03,6.080648e-01
1.174365e-02,3.804379e-03,1.047682e-01,8.271918e-03,2.448820e-02,8.996079e-03,3.943751e-03,4.083275e-02,3.035611e-02,8.578249e-03,1.988650e-02,1.717584e-02,1.833844e-01,3.343195e-03,5.304269e-01
9.380677e-03,3.040977e-03,8.438855e-02,8.418331e-03,2.093142e-02,1.069525e-02,3.329269e-03,3.227020e-02,3.083347e-02,6.603900e-03,5.656529e-02,2.964990e-02,3.198990e-01,2.592191e-03,3.814017e-01
6.904019e-03,2.266153e-03,6.191620e-02,9.406609e-03,1.565196e-02,8.473071e-03,2.362777e-03,2.509560e-02,2.482553e-02,5.391161e-03,9.143460e-02,5.513680e-02,4.189280e-01,3.003229e-03,2.692044e-01
4.974443e-03,1.663161e-03,4.402914e-02,7.581379e-03,1.359187e-02,6.182743e-03,1.690172e-03,1.988300e-02,2.126844e-02,5.338230e-03,1.115333e-01,6.001642e-02,5.009713e-01,2.812993e-03,1.984635e-01
3.929056e-03,1.274323e-03,3.278372e-02,7.439551e-03,2.810561e-02,4.493519e-03,1.254333e-03,2.801464e-02,1.885394e-02,1.001551e-02,1.205619e-01,5.256909e-02,5.425059e-01,3.095627e-03,1.451034e-01
3.712741e-03,9.948619e-04,2.484130e-02,7.696209e-03,1.419245e-01,3.473608e-03,1.268469e-03,4.096784e-02,2.445562e-02,1.380432e-02,1.051278e-01,4.373170e-02,4.820878e-01,2.698709e-03,1.032145e-01
3.810377e-03,7.456085e-04,2.033787e-02,8.274997e-03,2.077492e-01,2.930049e-03,5.150549e-03,9.751231e-02,2.222188e-02,1.823658e-02,1.022298e-01,3.390313e-02,4.010712e-01,2.210879e-03,7.361560e-02
1.075931e-02,7.172939e-04,1.533310e-02,6.910118e-03,2.489803e-01,3.665514e-03,4.658577e-03,1.056179e-01,8.352041e-02,1.896848e-02,1.013228e-01,3.414996e-02,3.110684e-01,1.941189e-03,5.238674e-02
1.297850e-02,8.313071e-04,1.202328e-02,8.023686e-03,2.084343e-01,5.092708e-03,3.697467e-03,1.399559e-01,1.302373e-01,1.476414e-02,1.141053e-01,5.386388e-02,2.571010e-01,1.809821e-03,3.708135e-02
2.175784e-02,1.486057e-03,1.131679e-02,7.422531e-03,3.274919e-01,3.924559e-03,4.732338e-03,1.015927e-01,1.396243e-01,1.134243e-02,1.095750e-01,4.256305e-02,1.896107e-01,1.387874e-03,2.617190e-02
1.682449e-02,3.737688e-03,8.612598e-03,8.311970e-03,2.555174e-01,3.868423e-03,3.675933e-03,7.289029e-02,3.506481e-01,9.365244e-03,7.975473e-02,3.233511e-02,1.347361e-01,1.075304e-03,1.864661e-02
1.501434e-02,5.652239e-03,9.387473e-03,4.633759e-02,2.087927e-01,4.518302e-03,3.015059e-03,5.597655e-02,4.519198e-01,7.980160e-03,5.752034e-02,2.362481e-02,9.575718e-02,8.529736e-04,1.365050e-02
1.535574e-02,6.902818e-03,8.638490e-03,5.678725e-02,1.591010e-01,1.071868e-02,2.238595e-03,4.487066e-02,4.953992e-01,7.316689e-03,6.344105e-02,3.622493e-02,8.133259e-02,7.659342e-04,1.090637e-02
1.409375e-02,7.083306e-03,7.222580e-03,7.316303e-02,1.235192e-01,1.444757e-02,1.817976e-03,3.296689e-02,5.113521e-01,6.525565e-03,6.967432e-02,6.156606e-02,6.722435e-02,6.596472e-04,8.683684e-03
1.173081e-02,7.950176e-03,7.268555e-03,6.523190e-02,9.252565e-02,1.318092e-02,1.475269e-03,2.670700e-02,4.095740e-01,5.792328e-03,1.634600e-01,1.102938e-01,7.576244e-02,6.722651e-04,8.374927e-03
1.431223e-02,6.931488e-03,6.030214e-03,6.082958e-02,7.122763e-02,1.340527e-02,1.304987e-03,2.764937e-02,3.102767e-01,4.309954e-03,2.931980e-01,9.460489e-02,8.895256e-02,7.573967e-04,6.209804e-03
1.455056e-02,5.564878e-03,6.114945e-03,1.172051e-01,5.806233e-02,1.189661e-02,1.091577e-03,3.167850e-02,2.521426e-01,3.662722e-03,3.122114e-01,8.960873e-02,9.056772e-02,9.484343e-04,4.693914e-03
3.624437e-02,5.620092e-03,6.645354e-03,1.441445e-01,4.895295e-02,9.227531e-03,9.479162e-04,2.614815e-02,2.110514e-01,3.145761e-03,3.443201e-01,6.916437e-02,8.235820e-02,6.174701e-03,5.854642e-03
3.282681e-02,5.324679e-03,6.070056e-03,1.291002e-01,3.970804e-02,7.873776e-03,1.001340e-03,2.266635e-02,1.588400e-01,2.722801e-03,4.090920e-01,7.349586e-02,9.726254e-02,8.863371e-03,5.152266e-03
2.667720e-02,5.725467e-03,7.046148e-03,1.020390e-01,4.674822e-02,6.936377e-03,8.915900e-04,2.207715e-02,1.191181e-01,3.050352e-03,4.388600e-01,8.762403e-02,1.079211e-01,2.000065e-02,5.284577e-03
2.404579e-02,6.342341e-03,7.330164e-03,7.757183e-02,5.604718e-02,6.141972e-03,8.188841e-04,3.849912e-02,9.833021e-02,2.939929e-03,4.373033e-01,9.608119e-02,1.067595e-01,3.725679e-02,4.531812e-03
2.135951e-02,7.557263e-03,1.112079e-02,6.034255e-02,4.990431e-02,4.778569e-03,7.338630e-04,8.803026e-02,1.087548e-01,2.866040e-03,3.885614e-01,9.298415e-02,1.052530e-01,5.347858e-02,4.274890e-03
1.908820e-02,1.334800e-02,2.746487e-02,4.907139e-02,4.650208e-02,4.934523e-03,1.120350e-03,1.158773e-01,1.070472e-01,4.340249e-03,3.444564e-01,7.432687e-02,8.851821e-02,9.926878e-02,4.635534e-03
1.634354e-02,2.983750e-02,9.089536e-02,4.592350e-02,4.055363e-02,4.416718e-03,1.377852e-03,1.090689e-01,1.327651e-01,4.801348e-03,2.818963e-01,5.517048e-02,6.878739e-02,1.125444e-01,5.618023e-03
2.039540e-02,2.704505e-02,1.136618e-01,4.935648e-02,1.212307e-01,6.336859e-03,4.046567e-03,8.669312e-02,1.602624e-01,6.534496e-03,2.144720e-01,4.025258e-02,5.118077e-02,9.130601e-02,7.225770e-03
1.763866e-02,2.167943e-02,1.193502e-01,1.863506e-01,1.535113e-01,7.555336e-03,6.117015e-03,6.864047e-02,1.265609e-01,4.930427e-03,1.528766e-01,2.832746e-02,3.646801e-02,6.461783e-02,5.375696e-03
3.003978e-02,1.892496e-02,1.104128e-01,2.837604e-01,1.742233e-01,1.063969e-02,1.012001e-02,5.355879e-02,9.709147e-02,4.167045e-03,1.102491e-01,2.010180e-02,2.611911e-02,4.561779e-02,4.973979e-03
9.814996e-02,2.225330e-02,9.534563e-02,2.329101e-01,2.075407e-01,1.712245e-02,9.168006e-03,4.036285e-02,7.797859e-02,3.868095e-03,8.003081e-02,1.447527e-02,1.958970e-02,3.269848e-02,4.850613e-02
1.330541e-01,2.625568e-02,9.055529e-02,2.098947e-01,2.095988e-01,2.553651e-02,8.388408e-03,3.228458e-02,6.324309e-02,3.658305e-03,5.861364e-02,1.047931e-02,1.483020e-02,2.397187e-02,8.963554e-02
1.489725e-01,3.571834e-02,7.660529e-02,2.071684e-01,2.532355e-01,2.744593e-02,1.000726e-02,3.293620e-02,4.882640e-02,3.133733e-03,4.347369e-02,8.061499e-03,1.126066e-02,1.725346e-02,7.590117e-02
1.920903e-01,3.754925e-02,6.867787e-02,2.484269e-01,2.263667e-01,2.255228e-02,8.353912e-03,2.766726e-02,4.074201e-02,2.923267e-03,3.292210e-02,7.720951e-03,8.724386e-03,1.247931e-02,6.280354e-02
2.694153e-01,3.664167e-02,5.689924e-02,2.209970e-01,2.192080e-01,1.882293e-02,7.230226e-03,2.326790e-02,3.728603e-02,3.346138e-03,2.569445e-02,6.699703e-03,6.897847e-03,9.430679e-03,5.816286e-02
2.963077e-01,3.679878e-02,6.724220e-02,2.588673e-01,1.669701e-01,1.500903e-02,6.581029e-03,1.766983e-02,3.532302e-02,4.243065e-03,1.917426e-02,5.764781e-03,6.232751e-03,6.909584e-03,5.690656e-02
2.648096e-01,3.166193e-02,1.141322e-01,3.006639e-01,1.324200e-01,1.228594e-02,6.208373e-03,1.806420e-02,3.274777e-02,4.770546e-03,1.493559e-02,4.412660e-03,5.527454e-03,5.073186e-03,5.228660e-02
2.717021e-01,2.448214e-02,1.407745e-01,2.743500e-01,1.067362e-01,9.641846e-03,4.796694e-03,6.890267e-02,2.842094e-02,4.395083e-03,1.170173e-02,3.719207e-03,4.456115e-03,3.849087e-03,4.207160e-02
3.456454e-01,2.162265e-02,1.485969e-01,2.291830e-01,8.454476e-02,8.204192e-03,3.872723e-03,7.542420e-02,2.454835e-02,4.644098e-03,9.303564e-03,3.241522e-03,3.754505e-03,3.110360e-03,3.430369e-02
3.979824e-01,2.061486e-02,1.617483e-01,2.005448e-01,6.441776e-02,8.434545e-03,3.233928e-03,6.212981e-02,2.364230e-02,5.857485e-03,7.983458e-03,3.617381e-03,3.459172e-03,4.361219e-03,3.197255e-02
4.388933e-01,1.714640e-02,1.675983e-01,1.841825e-01,5.078855e-02,8.240973e-03,2.978769e-03,5.679297e-02,2.164464e-02,5.397533e-03,6.551333e-03,4.347739e-03,3.414014e-03,4.572539e-03,2.745046e-02
3.536669e-01,3.067747e-02,1.310017e-01,2.316122e-01,3.901652e-02,7.134272e-03,2.474402e-03,4.360264e-02,6.424922e-02,9.511828e-03,1.345124e-02,9.246694e-03,1.629748e-02,6.145073e-03,4.191234e-02
2.668121e-01,2.273226e-02,9.336642e-02,3.962505e-01,2.852933e-02,5.532325e-03,1.832607e-03,3.069211e-02,5.302115e-02,7.825203e-03,2.628790e-02,8.191950e-03,1.882698e-02,5.389784e-03,3.470939e-02
1.926529e-01,1.611084e-02,6.631342e-02,4.067754e-01,2.092160e-02,4.671006e-03,1.486266e-03,2.183257e-02,3.991257e-02,7.418638e-03,1.010283e-01,2.287218e-02,6.758898e-02,4.856532e-03,2.555877e-02
1.401828e-01,1.147052e-02,4.688770e-02,3.096352e-01,1.527917e-02,3.737365e-03,1.152615e-03,1.587527e-02,3.047601e-02,9.000813e-03,1.643493e-01,2.835232e-02,2.000711e-01,4.722981e-03,1.880676e-02
1.325152e-01,8.797327e-03,3.342076e-02,2.280998e-01,1.410480e-02,3.763955e-03,1.085646e-03,1.336216e-02,6.010849e-02,1.076168e-02,1.669133e-01,3.929099e-02,2.593868e-01,1.181905e-02,1.656998e-02
1.289029e-01,7.649271e-03,2.505692e-02,1.648278e-01,2.738321e-02,3.727421e-03,3.353662e-03,1.470151e-02,1.398214e-01,1.050986e-02,1.670221e-01,4.488991e-02,2.378850e-01,9.958750e-03,1.431030e-02
1.093592e-01,6.850501e-03,4.487527e-02,1.335045e-01,4.056497e-02,4.801864e-03,3.203910e-03,8.043440e-02,1.324755e-01,1.075773e-02,1.369147e-01,4.110321e-02,2.364002e-01,7.879749e-03,1.087421e-02
1.190394e-01,9.348441e-03,6.145240e-02,1.476094e-01,4.782438e-02,1.188503e-02,3.175895e-03,7.076316e-02,1.290582e-01,1.693543e-02,1.154321e-01,3.554163e-02,2.095460e-01,9.931775e-03,1.245688e-02
1.522656e-01,1.230777e-02,5.026708e-02,1.162902e-01,4.552590e-02,1.512967e-02,3.247720e-03,5.708345e-02,1.191241e-01,1.744593e-02,1.052207e-01,3.109604e-02,2.013323e-01,2.537348e-02,4.829006e-02
1.169445e-01,1.493598e-02,4.401815e-02,8.549041e-02,4.471208e-02,1.374581e-02,3.092116e-03,4.220445e-02,1.226675e-01,2.302247e-02,1.069948e-01,2.677248e-02,1.847205e-01,5.383270e-02,1.168462e-01
1.177464e-01,1.721178e-02,4.756063e-02,7.404088e-02,5.258118e-02,1.597184e-02,3.799433e-03,3.755695e-02,1.177743e-01,2.409309e-02,1.057746e-01,2.340305e-02,1.891705e-01,5.119190e-02,1.221235e-01
