1.000000e+00,0.000000e+00,0.000000e+00,0.000000e+00,0.000000e+00,0.000000e+00,0.000000e+00,0.000000e+00,0.000000e+00,0.000000e+00,0.000000e+00,0.000000e+00,0.000000e+00,0.000000e+00,0.000000e+00
1.000000e+00,0.000000e+00,0.000000e+00,0.000000e+00,0.000000e+00,0.000000e+00,0.000000e+00,0.000000e+00,0.000000e+00,0.000000e+00,0.000000e+00,0.000000e+00,0.000000e+00,0.000000e+00,0.000000e+00
1.000000e+00,0.000000e+00,0.000000e+00,0.000000e+00,0.000000e+00,0.000000e+00,0.000000e+00,0.000000e+00,0.000000e+00,0.000000e+00,0.000000e+00,0.000000e+00,0.000000e+00,0.000000e+00,0.000000e+00
1.000000e+00,0.000000e+00,0.000000e+00,0.000000e+00,0.000000e+00,0.000000e+00,0.000000e+00,0.000000e+00,0.000000e+00,0.000000e+00,0.000000e+00,0.000000e+00,0.000000e+00,0.000000e+00,0.000000e+00
1.000000e+00,0.000000e+00,0.000000e+00,0.000000e+00,0.000000e+00,0.000000e+00,0.000000e+00,0.000000e+00,0.000000e+00,0.000000e+00,0.000000e+00,0.000000e+00,0.000000e+00,0.000000e+00,0.000000e+00
1.000000e+00,0.000000e+00,0.000000e+00,0.000000e+00,0.000000e+00,0.000000e+00,0.000000e+00,0.000000e+00,0.000000e+00,0.000000e+00,0.000000e+00,0.000000e+00,0.000000e+00,0.000000e+00,0.000000e+00
1.000000e+00,0.000000e+00,0.000000e+00,0.000000e+00,0.000000e+00,0.000000e+00,0.000000e+00,0.000000e+00,0.000000e+00,0.000000e+00,0.000000e+00,0.000000e+00,0.000000e+00,0.000000e+00,0.000000e+00
1.000000e+00,0.000000e+00,0.000000e+00,0.000000e+00,0.000000e+00,0.000000e+00,0.000000e+00,0.000000e+00,0.000000e+00,0.000000e+00,0.000000e+00,0.000000e+00,0.000000e+00,0.000000e+00,0.000000e+00
1.000000e+00,0.000000e+00,0.000000e+00,0.000000e+00,0.000000e+00,0.000000e+00,0.000000e+00,0.000000e+00,0.000000e+00,0.000000e+00,0.000000e+00,0.000000e+00,0.000000e+00,0.000000e+00,0.000000e+00
1.000000e+00,0.000000e+00,0.000000e+00,0.000000e+00,0.000000e+00,0.000000e+00,0.000000e+00,0.000000e+00,0.000000e+00,0.000000e+00,0.000000e+00,0.000000e+00,0.000000e+00,0.000000e+00,0.000000e+00
1.000000e+00,0.000000e+00,0.000000e+00,0.000000e+00,0.000000e+00,0.000000e+00,0.000000e+00,0.000000e+00,0.000000e+00,0.000000e+00,0.000000e+00,0.000000e+00,0.000000e+00,0.000000e+00,0.000000e+00
1.000000e+00,0.000000e+00,0.000000e+00,0.000000e+00,0.000000e+00,0.000000e+00,0.000000e+00,0.000000e+00,0.000000e+00,0.000000e+00,0.000000e+00,0.000000e+00,0.000000e+00,0.000000e+00,0.000000e+00
1.000000e+00,0.000000e+00,0.000000e+00,0.000000e+00,0.000000e+00,0.000000e+00,0.000000e+00,0.000000e+00,0.000000e+00,0.000000e+00,0.000000e+00,0.000000e+00,0.000000e+00,0.000000e+00,0.000000e+00
1.000000e+00,0.000000e+00,0.000000e+00,0.000000e+00,0.000000e+00,0.000000e+00,0.000000e+00,0.000000e+00,0.000000e+00,0.000000e+00,0.000000e+00,0.000000e+00,0.000000e+00,0.000000e+00,0.000000e+00
1.000000e+00,0.000000e+00,0.000000e+00,0.000000e+00,0.000000e+00,0.000000e+00,0.000000e+00,0.000000e+00,0.000000e+00,0.000000e+00,0.000000e+00,0.000000e+00,0.000000e+00,0.000000e+00,0.000000e+00
1.000000e+00,0.000000e+00,0.000000e+00,0.000000e+00,0.000000e+00,0.000000e+00,0.000000e+00,0.000000e+00,0.000000e+00,0.000000e+00,0.000000e+00,0.000000e+00,0.000000e+00,0.000000e+00,0.000000e+00
1.000000e+00,0.000000e+00,0.000000e+00,0.000000e+00,0.000000e+00,0.000000e+00,0.000000e+00,0.000000e+00,0.000000e+00,0.000000e+00,0.000000e+00,0.000000e+00,0.000000e+00,0.000000e+00,0.000000e+00
1.000000e+00,0.000000e+00,0.000000e+00,0.000000e+00,0.000000e+00,0.000000e+00,0.000000e+00,0.000000e+00,0.000000e+00,0.000000e+00,0.000000e+00,0.000000e+00,0.000000e+00,0.000000e+00,0.000000e+00
1.000000e+00,0.000000e+00,0.000000e+00,0.000000e+00,0.000000e+00,0.000000e+00,0.000000e+00,0.000000e+00,0.000000e+00,0.000000e+00,0.000000e+00,0.000000e+00,0.000000e+00,0.000000e+00,0.000000e+00
1.000000e+00,0.000000e+00,0.000000e+00,0.000000e+00,0.000000e+00,0.000000e+00,0.000000e+00,0.000000e+00,0.000000e+00,0.000000e+00,0.000000e+00,0.000000e+00,0.000000e+00,0.000000e+00,0.000000e+00
1.000000e+00,0.000000e+00,0.000000e+00,0.000000e+00,0.000000e+00,0.000000e+00,0.000000e+00,0.000000e+00,0.000000e+00,0.000000e+00,0.000000e+00,0.000000e+00,0.000000e+00,0.000000e+00,0.000000e+00
1.000000e+00,0.000000e+00,0.000000e+00,0.000000e+00,0.000000e+00,0.000000e+00,0.000000e+00,0.000000e+00,0.000000e+00,0.000000e+00,0.000000e+00,0.000000e+00,0.000000e+00,0.000000e+00,0.000000e+00
1.000000e+00,0.000000e+00,0.000000e+00,0.000000e+00,0.000000e+00,0.000000e+00,0.000000e+00,0.000000e+00,0.000000e+00,0.000000e+00,0.000000e+00,0.000000e+00,0.000000e+00,0.000000e+00,0.000000e+00
1.000000e+00,0.000000e+00,0.000000e+00,0.000000e+00,0.000000e+00,0.000000e+00,0.000000e+00,0.000000e+00,0.000000e+00,0.000000e+00,0.000000e+00,0.000000e+00,0.000000e+00,0.000000e+00,0.000000e+00
1.000000e+00,0.000000e+00,0.000000e+00,0.000000e+00,0.000000e+00,0.000000e+00,0.000000e+00,0.000000e+00,0.000000e+00,0.000000e+00,0.000000e+00,0.000000e+00,0.000000e+00,0.000000e+00,0.000000e+00
1.000000e+00,0.000000e+00,0.000000e+00,0.000000e+00,0.000000e+00,0.000000e+00,0.000000e+00,0.000000e+00,0.000000e+00,0.000000e+00,0.000000e+00,0.000000e+00,0.000000e+00,0.000000e+00,0.000000e+00
1.000000e+00,0.000000e+00,0.000000e+00,0.000000e+00,0.000000e+00,0.000000e+00,0.000000e+00,0.000000e+00,0.000000e+00,0.000000e+00,0.000000e+00,0.000000e+00,0.000000e+00,0.000000e+00,0.000000e+00
1.000000e+00,0.000000e+00,0.000000e+00,0.000000e+00,0.000000e+00,0.000000e+00,0.000000e+00,0.000000e+00,0.000000e+00,0.000000e+00,0.000000e+00,0.000000e+00,0.000000e+00,0.000000e+00,0.000000e+00
1.000000e+00,0.000000e+00,0.000000e+00,0.000000e+00,0.000000e+00,0.000000e+00,0.000000e+00,0.000000e+00,0.000000e+00,0.000000e+00,0.000000e+00,0.000000e+00,0.000000e+00,0.000000e+00,0.000000e+00
1.000000e+00,0.000000e+00,0.000000e+00,0.000000e+00,0.000000e+00,0.000000e+00,0.000000e+00,0.000000e+00,0.000000e+00,0.000000e+00,0.000000e+00,0.000000e+00,0.000000e+00,0.000000e+00,0.000000e+00
1.000000e+00,0.000000e+00,0.000000e+00,0.000000e+00,0.000000e+00,0.000000e+00,0.000000e+00,0.000000e+00,0.000000e+00,0.000000e+00,0.000000e+00,0.000000e+00,0.000000e+00,0.000000e+00,0.000000e+00
1.000000e+00,0.000000e+00,0.000000e+00,0.000000e+00,0.000000e+00,0.000000e+00,0.000000e+00,0.000000e+00,0.000000e+00,0.000000e+00,0.000000e+00,0.000000e+00,0.000000e+00,0.000000e+00,0.000000e+00
1.000000e+00,0.000000e+00,0.000000e+00,0.000000e+00,0.000000e+00,0.000000e+00,0.000000e+00,0.000000e+00,0.000000e+00,0.000000e+00,0.000000e+00,0.000000e+00,0.000000e+00,0.000000e+00,0.000000e+00
1.000000e+00,0.000000e+00,0.000000e+00,0.000000e+00,0.000000e+00,0.000000e+00,0.000000e+00,0.000000e+00,0.000000e+00,0.000000e+00,0.000000e+00,0.000000e+00,0.000000e+00,0.000000e+00,0.000000e+00
1.000000e+00,0.000000e+00,0.000000e+00,0.000000e+00,0.000000e+00,0.000000e+00,0.000000e+00,0.000000e+00,0.000000e+00,0.000000e+00,0.000000e+00,0.000000e+00,0.000000e+00,0.000000e+00,0.000000e+00
1.000000e+00,0.000000e+00,0.000000e+00,0.000000e+00,0.000000e+00,0.000000e+00,0.000000e+00,0.000000e+00,0.000000e+00,0.000000e+00,0.000000e+00,0.000000e+00,0.000000e+00,0.000000e+00,0.000000e+00
1.000000e+00,0.000000e+00,0.000000e+00,0.000000e+00,0.000000e+00,0.000000e+00,0.000000e+00,0.000000e+00,0.000000e+00,0.000000e+00,0.000000e+00,0.000000e+00,0.000000e+00,0.000000e+00,0.000000e+00
1.000000e+00,0.000000e+00,0.000000e+00,0.000000e+00,0.000000e+00,0.000000e+00,0.000000e+00,0.000000e+00,0.000000e+00,0.000000e+00,0.000000e+00,0.000000e+00,0.000000e+00,0.000000e+00,0.000000e+00
1.000000e+00,0.000000e+00,0.000000e+00,0.000000e+00,0.000000e+00,0.000000e+00,0.000000e+00,0.000000e+00,0.000000e+00,0.000000e+00,0.000000e+00,0.000000e+00,0.000000e+00,0.000000e+00,0.000000e+00
1.000000e+00,0.000000e+00,0.000000e+00,0.000000e+00,0.000000e+00,0.000000e+00,0.000000e+00,0.000000e+00,0.000000e+00,0.000000e+00,0.000000e+00,0.000000e+00,0.000000e+00,0.000000e+00,0.000000e+00
1.000000e+00,0.000000e+00,0.000000e+00,0.000000e+00,0.000000e+00,0.000000e+00,0.000000e+00,0.000000e+00,0.000000e+00,0.000000e+00,0.000000e+00,0.000000e+00,0.000000e+00,0.000000e+00,0.000000e+00
1.000000e+00,0.000000e+00,0.000000e+00,0.000000e+00,0.000000e+00,0.000000e+00,0.000000e+00,0.000000e+00,0.000000e+00,0.000000e+00,0.000000e+00,0.000000e+00,0.000000e+00,0.000000e+00,0.000000e+00
1.000000e+00,0.000000e+00,0.000000e+00,0.000000e+00,0.000000e+00,0.000000e+00,0.000000e+00,0.000000e+00,0.000000e+00,0.000000e+00,0.000000e+00,0.000000e+00,0.000000e+00,0.000000e+00,0.000000e+00
1.000000e+00,0.000000e+00,0.000000e+00,0.000000e+00,0.000000e+00,0.000000e+00,0.000000e+00,0.000000e+00,0.000000e+00,0.000000e+00,0.000000e+00,0.000000e+00,0.000000e+00,0.000000e+00,0.000000e+00
1.000000e+00,0.000000e+00,0.000000e+00,0.000000e+00,0.000000e+00,0.000000e+00,0.000000e+00,0.000000e+00,0.000000e+00,0.000000e+00,0.000000e+00,0.000000e+00,0.000000e+00,0.000000e+00,0.000000e+00
1.000000e+00,0.000000e+00,0.000000e+00,0.000000e+00,0.000000e+00,0.000000e+00,0.000000e+00,0.000000e+00,0.000000e+00,0.000000e+00,0.000000e+00,0.000000e+00,0.000000e+00,0.000000e+00,0.000000e+00
1.000000e+00,0.000000e+00,0.000000e+00,0.000000e+00,0.000000e+00,0.000000e+00,0.000000e+00,0.000000e+00,0.000000e+00,0.000000e+00,0.000000e+00,0.000000e+00,0.000000e+00,0.000000e+00,0.000000e+00
1.000000e+00,0.000000e+00,0.000000e+00,0.000000e+00,0.000000e+00,0.000000e+00,0.000000e+00,0.000000e+00,0.000000e+00,0.000000e+00,0.000000e+00,0.000000e+00,0.000000e+00,0.000000e+00,0.000000e+00
1.000000e+00,0.000000e+00,0.000000e+00,0.000000e+00,0.000000e+00,0.000000e+00,0.000000e+00,0.000000e+00,0.000000e+00,0.000000e+00,0.000000e+00,0.000000e+00,0.000000e+00,0.000000e+00,0.000000e+00
1.000000e+00,0.000000e+00,0.000000e+00,0.000000e+00,0.000000e+00,0.000000e+00,0.000000e+00,0.000000e+00,0.000000e+00,0.000000e+00,0.000000e+00,0.000000e+00,0.000000e+00,0.000000e+00,0.000000e+00
1.000000e+00,0.000000e+00,0.000000e+00,0.000000e+00,0.000000e+00,0.000000e+00,0.000000e+00,0.000000e+00,0.000000e+00,0.000000e+00,0.000000e+00,0.000000e+00,0.000000e+00,0.000000e+00,0.000000e+00
1.000000e+00,0.000000e+00,0.000000e+00,0.000000e+00,0.000000e+00,0.000000e+00,0.000000e+00,0.000000e+00,0.000000e+00,0.000000e+00,0.000000e+00,0.000000e+00,0.000000e+00,0.000000e+00,0.000000e+00
1.000000e+00,0.000000e+00,0.000000e+00,0.000000e+00,0.000000e+00,0.000000e+00,0.000000e+00,0.000000e+00,0.000000e+00,0.000000e+00,0.000000e+00,0.000000e+00,0.000000e+00,0.000000e+00,0.000000e+00
1.000000e+00,0.000000e+00,0.000000e+00,0.000000e+00,0.000000e+00,0.000000e+00,0.000000e+00,0.000000e+00,0.000000e+00,0.000000e+00,0.000000e+00,0.000000e+00,0.000000e+00,0.000000e+00,0.000000e+00
1.000000e+00,0.000000e+00,0.000000e+00,0.000000e+00,0.000000e+00,0.000000e+00,0.000000e+00,0.000000e+00,0.000000e+00,0.000000e+00,0.000000e+00,0.000000e+00,0.000000e+00,0.000000e+00,0.000000e+00
1.000000e+00,0.000000e+00,0.000000e+00,0.000000e+00,0.000000e+00,0.000000e+00,0.000000e+00,0.000000e+00,0.000000e+00,0.000000e+00,0.000000e+00,0.000000e+00,0.000000e+00,0.000000e+00,0.000000e+00
1.000000e+00,0.000000e+00,0.000000e+00,0.000000e+00,0.000000e+00,0.000000e+00,0.000000e+00,0.000000e+00,0.000000e+00,0.000000e+00,0.000000e+00,0.000000e+00,0.000000e+00,0.000000e+00,0.000000e+00
1.000000e+00,0.000000e+00,0.000000e+00,0.000000e+00,0.000000e+00,0.000000e+00,0.000000e+00,0.000000e+00,0.000000e+00,0.000000e+00,0.000000e+00,0.000000e+00,0.000000e+00,0.000000e+00,0.000000e+00
1.000000e+00,0.000000e+00,0.000000e+00,0.000000e+00,0.000000e+00,0.000000e+00,0.000000e+00,0.000000e+00,0.000000e+00,0.000000e+00,0.000000e+00,0.000000e+00,0.000000e+00,0.000000e+00,0.000000e+00
1.000000e+00,0.000000e+00,0.000000e+00,0.000000e+00,0.000000e+00,0.000000e+00,0.000000e+00,0.000000e+00,0.000000e+00,0.000000e+00,0.000000e+00,0.000000e+00,0.000000e+00,0.000000e+00,0.000000e+00
1.000000e+00,0.000000e+00,0.000000e+00,0.000000e+00,0.000000e+00,0.000000e+00,0.000000e+00,0.000000e+00,0.000000e+00,0.000000e+00,0.000000e+00,0.000000e+00,0.000000e+00,0.000000e+00,0.000000e+00
1.000000e+00,0.000000e+00,0.000000e+00,0.000000e+00,0.000000e+00,0.000000e+00,0.000000e+00,0.000000e+00,0.000000e+00,0.000000e+00,0.000000e+00,0.000000e+00,0.000000e+00,0.000000e+00,0.000000e+00
4.137180e-01,8.127627e-03,2.117662e-02,2.842659e-02,4.028327e-03,8.975018e-03,3.001580e-03,4.673525e-01,3.261387e-03,1.186914e-03,7.820839e-03,1.108993e-02,8.550717e-03,2.615905e-03,1.066802e-02
2.942559e-01,5.867011e-03,1.796572e-02,2.147879e-02,3.034506e-03,6.848881e-03,2.603172e-03,6.149579e-01,2.331997e-03,8.607202e-04,5.819727e-03,7.933137e-03,6.175797e-03,2.227991e-03,7.638801e-03
2.141954e-01,4.456708e-03,1.398770e-02,1.565474e-02,2.762423e-03,5.144895e-03,2.182502e-03,7.129933e-01,1.715672e-03,6.479392e-04,5.863342e-03,6.630881e-03,5.145242e-03,3.199873e-03,5.419462e-03
3.043868e-01,5.402557e-03,1.168334e-02,1.531852e-02,6.583281e-03,5.161282e-03,2.188344e-03,5.819468e-01,3.243581e-03,1.388233e-03,2.165019e-02,1.375777e-02,1.490734e-02,7.555948e-03,4.826074e-03
2.209425e-01,4.160253e-03,8.615529e-03,7.378248e-02,6.359908e-03,4.194055e-03,1.632491e-03,4.392899e-01,3.260380e-03,2.911765e-03,8.905989e-02,7.111824e-02,6.153837e-02,9.459570e-03,3.674694e-03
1.714980e-01,3.451170e-03,6.247559e-03,5.672482e-02,6.144771e-03,3.168311e-03,1.883274e-03,3.193020e-01,3.358681e-03,3.899106e-03,7.270665e-02,2.068800e-01,1.210552e-01,2.001693e-02,3.663383e-03
1.636319e-01,3.545429e-03,4.824627e-03,4.570661e-02,8.210761e-03,2.856394e-03,2.425017e-03,2.316474e-01,5.232423e-03,4.253333e-03,5.669916e-02,3.467107e-01,9.342752e-02,2.667853e-02,4.150212e-03
1.189936e-01,3.094250e-03,3.648469e-03,3.839418e-02,2.121269e-02,4.685544e-03,1.803836e-03,1.633824e-01,6.445147e-03,3.345249e-03,6.007161e-02,4.805865e-01,6.986494e-02,2.131841e-02,3.153174e-03
1.028859e-01,4.170346e-03,3.151405e-03,3.918316e-02,3.530344e-02,1.347190e-02,1.703304e-03,1.148591e-01,1.919905e-02,4.545292e-03,5.367641e-02,5.370974e-01,5.158420e-02,1.558019e-02,3.588923e-03
1.280991e-01,4.205168e-03,2.988639e-03,3.020269e-02,3.512094e-02,2.092486e-02,1.571775e-03,8.087391e-02,2.878854e-02,6.268944e-03,4.638470e-02,5.604151e-01,3.830683e-02,1.204246e-02,3.806251e-03
1.074943e-01,5.324007e-03,4.088847e-03,2.314484e-02,4.124206e-02,1.724197e-02,1.336592e-03,5.869692e-02,3.667084e-02,5.762321e-03,4.334605e-02,6.136360e-01,3.012321e-02,8.749358e-03,3.142747e-03
9.138282e-02,4.408439e-03,3.248772e-03,1.899303e-02,3.358025e-02,1.838698e-02,1.243463e-03,4.216203e-02,3.538766e-02,5.610930e-03,4.043144e-02,6.741125e-01,2.216989e-02,6.368639e-03,2.513187e-03
7.589492e-02,4.399555e-03,2.639894e-03,1.381184e-02,4.445504e-02,1.992036e-02,2.434227e-03,2.990793e-02,3.131060e-02,6.823647e-03,4.813542e-02,6.965631e-01,1.679849e-02,4.762019e-03,2.142918e-03
1.897932e-01,4.298551e-03,2.499022e-03,1.092384e-02,6.942548e-02,2.311700e-02,4.882772e-03,2.253017e-02,2.901498e-02,1.019182e-02,4.487109e-02,5.696306e-01,1.274114e-02,4.116329e-03,1.964099e-03
2.127530e-01,4.464337e-03,3.066081e-03,8.658563e-03,7.847805e-02,2.810281e-02,7.104569e-03,2.048162e-02,2.606852e-02,1.161077e-02,4.122595e-02,5.407009e-01,1.081099e-02,4.863731e-03,1.610129e-03
1.700747e-01,3.511741e-03,2.645614e-03,6.415000e-03,1.079541e-01,3.175958e-02,7.785481e-03,1.685837e-02,2.130185e-02,1.189411e-02,3.649966e-02,5.664930e-01,1.112301e-02,4.460996e-03,1.222691e-03
1.536679e-01,2.878417e-03,1.957448e-03,4.682154e-03,1.151485e-01,2.639621e-02,5.779369e-03,1.329392e-02,1.737238e-02,9.837621e-03,3.109517e-02,6.014848e-01,1.157845e-02,3.896396e-03,9.312531e-04
1.101156e-01,2.117696e-03,1.437531e-03,3.346064e-03,8.280256e-02,2.413112e-02,4.126102e-03,9.607615e-03,1.396607e-02,7.310291e-03,3.232117e-02,6.939619e-01,1.089478e-02,3.162384e-03,6.991486e-04
7.877689e-02,1.607872e-03,1.374335e-03,2.434305e-03,6.251548e-02,2.718989e-02,3.255669e-03,7.836059e-03,1.060504e-02,5.618440e-03,2.641198e-02,7.595323e-01,9.699020e-03,2.598455e-03,5.442289e-04
5.727850e-02,1.304482e-03,1.302184e-03,1.804944e-03,4.997667e-02,2.944925e-02,2.999416e-03,7.351859e-03,9.897146e-03,4.360778e-03,2.160983e-02,8.014325e-01,8.542918e-03,2.254676e-03,4.348213e-04
4.511937e-02,1.295784e-03,1.370663e-03,1.329720e-03,3.897329e-02,2.304516e-02,2.355669e-03,5.860145e-03,1.434922e-02,3.746589e-03,1.739663e-02,8.360492e-01,6.985011e-03,1.717311e-03,4.062446e-04
3.881776e-02,1.067210e-03,1.125921e-03,9.798271e-04,2.872347e-02,1.724928e-02,1.770358e-03,4.567195e-03,1.237248e-02,3.021498e-03,1.446700e-02,8.680459e-01,6.038623e-03,1.405077e-03,3.483957e-04
2.894333e-02,8.519499e-04,8.969430e-04,7.537193e-04,2.082936e-02,1.383892e-02,1.272433e-03,3.632845e-03,9.583408e-03,2.375462e-03,1.352275e-02,8.893784e-01,1.249471e-02,1.337670e-03,2.880199e-04
2.549676e-02,8.134073e-04,1.836944e-03,5.903342e-04,1.662272e-02,1.054979e-02,9.867944e-04,4.103324e-03,7.227154e-03,1.784143e-03,1.161722e-02,9.000610e-01,1.674572e-02,1.306665e-03,2.580479e-04
2.282016e-02,1.522690e-03,7.133354e-03,6.640650e-04,1.324984e-02,9.372866e-03,7.506220e-04,8.146502e-03,5.597194e-03,1.687038e-03,1.281012e-02,8.870352e-01,2.649359e-02,2.316565e-03,4.001877e-04
2.360999e-02,4.261286e-03,2.276074e-02,1.243447e-02,1.267252e-02,1.090166e-02,6.961775e-04,1.617914e-02,5.951931e-03,1.912365e-03,1.365488e-02,8.218569e-01,4.685635e-02,3.719054e-03,2.532568e-03
3.143346e-02,3.419946e-03,1.902938e-02,1.101688e-02,2.027911e-02,2.673613e-02,1.608002e-03,1.808868e-02,7.150183e-03,2.246076e-03,2.427904e-02,7.810389e-01,4.546235e-02,5.382406e-03,2.829511e-03
3.450757e-02,3.130043e-03,2.080363e-02,1.086482e-02,5.121020e-02,2.236595e-02,3.757110e-03,8.886922e-02,9.635900e-03,3.006085e-03,2.098034e-02,6.818778e-01,4.077500e-02,5.533533e-03,2.682827e-03
3.429487e-02,2.763627e-03,1.898504e-02,8.327980e-03,4.424293e-02,1.786658e-02,3.317904e-03,8.841718e-02,8.144991e-03,2.536765e-03,2.095679e-02,7.099714e-01,3.249611e-02,5.556145e-03,2.121643e-03
4.981750e-02,4.542138e-03,3.395844e-02,2.481659e-02,4.545194e-02,2.133407e-02,3.979211e-03,1.309503e-01,1.278265e-02,2.795268e-03,1.914249e-02,6.164949e-01,2.603869e-02,5.451322e-03,2.444498e-03
7.164735e-02,4.527277e-03,3.085074e-02,1.867490e-02,3.664140e-02,1.829822e-02,4.367969e-03,1.201519e-01,1.254363e-02,2.285779e-03,1.908108e-02,6.291999e-01,2.355807e-02,5.199874e-03,2.971925e-03
9.929247e-02,7.146327e-03,3.229650e-02,1.419624e-02,3.667626e-02,2.219424e-02,5.306828e-03,9.740725e-02,1.619762e-02,2.081836e-03,3.867510e-02,5.958106e-01,2.417972e-02,5.604106e-03,2.934937e-03
9.245850e-02,7.311526e-03,3.128106e-02,1.590955e-02,4.303261e-02,3.374309e-02,1.414956e-02,1.411200e-01,5.810619e-02,2.275846e-03,3.848761e-02,4.814775e-01,3.298017e-02,4.553146e-03,3.113689e-03
8.624661e-02,6.667006e-03,2.357036e-02,1.393954e-02,4.319831e-02,2.929251e-02,1.168789e-02,1.145818e-01,5.235166e-02,1.907202e-03,2.908929e-02,4.703997e-01,1.096063e-01,3.360739e-03,4.101200e-03
9.066315e-02,1.162397e-02,2.075352e-02,5.174185e-02,4.013325e-02,3.062853e-02,9.707433e-03,9.443992e-02,7.473817e-02,2.088689e-03,2.159142e-02,3.601061e-01,1.828279e-01,2.518635e-03,6.437385e-03
8.863706e-02,1.003056e-02,1.622792e-02,3.775627e-02,1.115364e-01,3.342922e-02,1.453883e-02,7.000662e-02,8.713777e-02,2.127474e-03,1.807320e-02,2.914869e-01,2.075694e-01,1.995297e-03,9.447047e-03
1.044801e-01,1.360418e-02,1.364130e-02,2.939185e-02,1.120993e-01,4.560485e-02,1.785071e-02,5.340926e-02,1.033687e-01,2.161418e-03,1.409385e-02,2.384401e-01,2.421753e-01,1.668463e-03,8.010620e-03
9.494269e-02,1.380443e-02,2.460501e-02,3.065176e-02,1.178198e-01,4.042414e-02,3.033834e-02,1.230949e-01,9.541257e-02,2.132074e-03,1.075591e-02,1.789016e-01,2.288362e-01,1.309941e-03,6.970511e-03
8.922990e-02,1.350489e-02,3.207993e-02,3.777281e-02,1.059879e-01,4.250135e-02,3.420017e-02,1.761026e-01,8.278978e-02,2.066608e-03,8.077793e-03,1.418878e-01,2.264274e-01,1.067163e-03,6.303865e-03
9.331919e-02,1.369040e-02,2.572270e-02,3.296901e-02,9.959291e-02,4.649968e-02,2.853364e-02,1.263603e-01,7.864685e-02,1.615624e-03,7.089485e-03,1.163452e-01,3.197975e-01,9.283148e-04,8.889088e-03
9.722369e-02,1.216103e-02,2.706449e-02,1.073795e-01,9.679151e-02,4.551128e-02,2.470006e-02,9.737373e-02,6.721713e-02,1.385998e-03,5.627203e-03,8.499900e-02,3.249379e-01,7.619621e-04,6.865449e-03
1.271445e-01,1.257530e-02,2.026837e-02,1.017964e-01,7.627578e-02,4.692835e-02,1.872608e-02,6.939595e-02,7.033971e-02,1.554548e-03,6.839745e-03,6.835461e-02,3.719403e-01,9.921329e-04,6.868158e-03
1.539815e-01,9.543048e-03,2.046607e-02,9.369022e-02,5.839204e-02,3.512225e-02,1.468236e-02,5.101371e-02,5.397752e-02,1.545437e-03,7.313707e-03,6.487644e-02,4.256559e-01,1.350701e-03,8.389112e-03
1.817170e-01,7.168336e-03,1.721594e-02,6.992786e-02,4.657239e-02,2.582391e-02,1.293018e-02,4.251141e-02,3.971209e-02,1.363868e-03,6.248101e-03,5.400484e-02,4.852943e-01,1.393802e-03,8.115968e-03
1.865646e-01,5.816150e-03,1.588814e-02,5.452382e-02,8.162963e-02,2.565964e-02,1.028186e-01,5.458217e-02,2.858055e-02,1.197963e-03,5.728170e-03,4.019647e-02,3.857517e-01,1.470248e-03,9.592142e-03
1.840128e-01,4.278143e-03,1.405848e-02,3.997708e-02,6.925046e-02,1.994888e-02,2.171597e-01,1.042610e-01,2.088637e-02,1.113196e-03,4.776143e-03,2.938585e-02,2.802782e-01,1.311805e-03,9.301830e-03
1.716525e-01,3.239352e-03,1.029363e-02,2.867096e-02,5.498782e-02,1.827355e-02,3.748302e-01,8.129737e-02,1.507092e-02,9.865618e-04,3.941786e-03,2.245600e-02,2.058767e-01,1.063171e-03,7.359386e-03
1.613232e-01,2.959243e-03,7.832078e-03,2.204034e-02,4.374684e-02,1.675525e-02,4.927322e-01,6.181700e-02,1.124377e-02,2.178503e-03,4.343319e-03,1.902154e-02,1.455193e-01,1.480993e-03,7.006506e-03
1.863362e-01,2.967862e-03,5.922438e-03,1.852176e-02,3.436502e-02,1.807016e-02,5.231542e-01,4.569183e-02,8.504720e-03,6.290806e-03,9.021095e-03,2.429806e-02,1.071050e-01,3.017695e-03,6.733177e-03
2.044774e-01,3.590807e-03,4.687064e-03,1.728334e-02,2.879295e-02,1.905271e-02,4.748534e-01,3.432380e-02,8.697283e-03,2.295041e-02,3.705909e-02,4.330005e-02,8.582672e-02,8.284967e-03,6.820019e-03
2.298391e-01,3.549668e-03,4.405861e-03,1.931196e-02,2.168437e-02,1.899259e-02,3.509025e-01,2.472739e-02,8.178815e-03,2.496380e-02,8.838695e-02,8.821527e-02,1.013469e-01,8.423598e-03,7.071282e-03
3.214921e-01,4.410293e-03,1.001056e-02,2.233217e-02,1.896676e-02,1.798813e-02,2.636432e-01,1.822231e-02,8.056468e-03,2.385387e-02,8.736242e-02,8.689699e-02,9.882792e-02,9.564522e-03,8.372203e-03
3.691327e-01,4.716194e-03,1.148312e-02,2.187409e-02,1.535171e-02,1.771383e-02,1.920999e-01,1.374831e-02,9.162493e-03,2.649404e-02,8.924313e-02,1.152417e-01,9.334050e-02,8.926788e-03,1.147143e-02
3.541964e-01,5.742765e-03,9.249773e-03,1.708301e-02,1.291724e-02,1.552062e-02,1.470109e-01,1.300257e-02,2.125029e-02,3.702157e-02,1.422316e-01,1.213088e-01,8.234818e-02,9.462747e-03,1.165344e-02
2.885295e-01,5.904534e-03,7.282368e-03,1.288416e-02,1.251351e-02,1.285552e-02,1.126041e-01,1.260818e-02,4.505714e-02,6.685539e-02,2.126797e-01,1.082973e-01,7.148971e-02,1.175212e-02,1.868670e-02
3.257841e-01,7.310390e-03,1.784157e-02,3.948098e-02,3.181303e-02,1.660478e-02,8.137711e-02,1.350233e-02,6.265052e-02,5.412758e-02,1.695314e-01,9.122074e-02,6.530888e-02,8.916372e-03,1.453026e-02
3.669951e-01,7.862296e-03,2.071271e-02,7.616770e-02,3.288360e-02,1.888386e-02,5.819189e-02,1.079406e-02,5.654230e-02,4.484345e-02,1.443174e-01,8.090860e-02,6.106998e-02,7.622706e-03,1.220441e-02
2.852944e-01,7.042849e-03,1.668803e-02,6.760877e-02,3.345568e-02,1.501641e-02,4.194895e-02,1.224495e-02,5.528087e-02,6.305325e-02,2.201477e-01,7.423693e-02,7.339682e-02,1.076206e-02,2.382250e-02
2.931661e-01,1.310006e-02,1.444762e-02,6.544058e-02,3.397845e-02,1.916732e-02,3.109272e-02,1.263995e-02,7.372731e-02,5.722011e-02,2.147564e-01,6.084096e-02,7.410156e-02,1.017525e-02,2.614566e-02
2.871782e-01,1.894839e-02,1.217684e-02,5.740190e-02,4.253126e-02,1.649588e-02,2.395030e-02,1.067351e-02,1.152136e-01,4.564505e-02,1.946128e-01,5.194348e-02,7.544215e-02,1.425027e-02,3.353642e-02
2.845687e-01,1.677180e-02,1.300244e-02,5.018511e-02,4.642766e-02,1.375255e-02,1.987271e-02,4.546290e-02,1.307520e-01,3.543357e-02,1.751901e-01,4.087672e-02,6.940392e-02,2.119843e-02,3.710142e-02
2.866773e-01,1.332153e-02,6.828841e-02,5.884796e-02,5.527167e-02,1.404950e-02,1.527455e-02,7.356948e-02,1.121606e-01,2.677019e-02,1.409185e-01,3.142210e-02,5.646193e-02,1.791175e-02,2.905457e-02
2.185508e-01,9.541512e-03,6.124599e-02,4.808807e-02,5.459453e-02,1.100176e-02,1.117476e-02,2.891472e-01,7.998705e-02,1.886461e-02,1.009905e-01,2.253236e-02,4.088147e-02,1.280284e-02,2.059667e-02
1.611152e-01,6.892841e-03,4.945977e-02,3.530429e-02,5.378050e-02,8.516636e-03,8.228290e-03,4.677804e-01,5.629416e-02,1.329660e-02,7.095690e-02,1.585109e-02,2.894250e-02,8.999733e-03,1.458113e-02
1.151592e-01,4.886105e-03,3.751960e-02,2.550882e-02,4.335682e-02,6.534214e-03,6.060698e-03,6.136481e-01,3.960952e-02,9.357694e-03,4.995383e-02,1.118040e-02,2.058464e-02,6.335319e-03,1.030509e-02
8.392812e-02,3.500839e-03,2.755873e-02,1.836586e-02,3.591833e-02,5.747901e-03,4.576138e-03,7.164938e-01,2.779712e-02,6.570654e-03,3.513491e-02,7.916349e-03,1.476584e-02,4.449300e-03,7.276102e-03
6.360567e-02,2.574386e-03,1.980541e-02,1.354350e-02,2.950381e-02,4.973276e-03,3.582181e-03,7.885835e-01,1.951201e-02,4.619872e-03,2.495928e-02,5.648806e-03,1.077965e-02,3.143324e-03,5.165342e-03
5.235590e-02,1.939847e-03,1.408587e-02,1.013788e-02,2.617379e-02,3.884048e-03,2.856360e-03,8.360696e-01,1.376647e-02,3.252975e-03,1.775232e-02,4.065122e-03,7.770460e-03,2.231797e-03,3.657486e-03
4.584489e-02,1.840842e-03,1.024746e-02,8.038232e-03,2.469801e-02,3.663494e-03,2.519572e-03,8.648475e-01,9.972140e-03,2.332005e-03,1.287927e-02,3.017400e-03,5.748160e-03,1.631611e-03,2.719341e-03
3.792704e-02,1.730116e-03,7.434035e-03,6.183959e-03,2.603655e-02,3.541573e-03,2.250296e-03,8.862530e-01,7.535433e-03,1.695920e-03,9.420565e-03,2.266274e-03,4.392103e-03,1.190328e-03,2.142753e-03
4.450170e-02,4.893742e-03,6.406677e-03,6.025796e-03,5.023400e-02,4.735318e-03,2.103225e-03,8.545521e-01,8.862148e-03,1.366421e-03,7.131667e-03,2.264694e-03,3.746847e-03,9.874961e-04,2.188069e-03
3.925546e-02,5.500622e-03,5.685302e-03,5.527595e-03,4.667450e-02,4.202971e-03,1.620343e-03,8.696892e-01,8.426806e-03,1.031424e-03,5.241899e-03,1.705869e-03,2.810268e-03,7.198869e-04,1.907819e-03
4.284744e-02,7.557628e-03,5.462816e-03,6.238528e-03,4.851577e-02,3.523987e-03,1.681737e-03,8.561901e-01,1.323592e-02,1.341447e-03,4.814271e-03,2.312566e-03,3.545637e-03,5.819277e-04,2.150273e-03
7.094343e-02,1.589976e-02,1.006582e-02,1.311292e-02,7.409961e-02,5.149882e-03,3.157855e-03,7.470343e-01,2.074953e-02,4.413215e-03,8.340827e-03,4.826521e-03,1.820168e-02,6.278969e-04,3.376872e-03
9.322758e-02,2.702777e-02,1.283221e-02,2.495082e-02,7.735197e-02,5.587170e-03,3.733127e-03,6.206324e-01,3.315260e-02,5.544214e-03,1.267591e-02,1.686667e-02,5.954286e-02,1.096765e-03,5.778007e-03
7.726890e-02,3.973538e-02,1.676879e-02,3.290079e-02,6.999646e-02,6.056815e-03,3.752120e-03,4.417284e-01,3.728760e-02,4.783778e-03,1.638455e-02,6.065078e-02,1.833548e-01,1.302230e-03,8.028593e-03
1.185826e-01,3.112147e-02,1.372492e-02,2.588072e-02,6.251204e-02,8.729173e-03,3.037332e-03,3.156900e-01,3.072195e-02,3.798878e-03,3.436811e-02,6.817577e-02,2.747205e-01,1.533692e-03,7.402983e-03
1.241642e-01,2.246810e-02,1.011255e-02,1.887079e-02,4.911334e-02,9.270117e-03,2.402145e-03,2.223303e-01,2.428357e-02,2.903366e-03,3.119095e-02,2.078046e-01,2.681959e-01,1.263025e-03,5.627075e-03
1.106915e-01,1.642944e-02,7.453780e-03,1.356378e-02,4.127662e-02,9.594845e-03,3.029450e-03,1.574880e-01,2.359686e-02,2.455319e-03,2.265218e-02,3.491397e-01,2.372676e-01,9.807963e-04,4.380139e-03
1.024629e-01,1.270350e-02,6.311415e-03,1.003387e-02,5.241676e-02,1.246645e-02,6.130081e-03,1.177780e-01,2.244105e-02,2.157921e-03,1.654084e-02,4.110902e-01,2.229519e-01,9.189525e-04,3.596172e-03
1.153316e-01,2.251643e-02,9.278353e-03,2.816982e-02,6.368352e-02,5.964496e-02,4.877253e-03,8.487494e-02,2.286850e-02,4.305716e-03,2.179538e-02,3.203057e-01,2.364602e-01,1.476459e-03,4.411206e-03
1.008365e-01,1.730019e-02,7.647014e-03,2.387666e-02,5.811437e-02,5.423699e-02,3.663914e-03,5.991290e-02,1.962727e-02,3.690257e-03,5.031640e-02,3.585482e-01,2.366977e-01,1.802857e-03,3.728784e-03
7.822503e-02,1.337795e-02,5.559385e-03,1.781883e-02,4.903901e-02,4.397415e-02,2.920471e-03,4.219624e-02,1.607713e-02,3.566175e-03,6.499884e-02,3.721392e-01,2.845199e-01,1.843071e-03,3.744646e-03
7.247057e-02,9.936250e-03,4.968602e-03,1.331010e-02,4.867335e-02,3.292774e-02,2.657231e-03,3.056957e-02,1.284097e-02,2.979635e-03,6.879777e-02,4.282926e-01,2.669222e-01,1.445322e-03,3.208020e-03
1.124628e-01,8.555822e-03,4.639640e-03,1.039876e-02,6.374529e-02,2.713041e-02,4.117924e-03,2.431527e-02,1.352637e-02,3.331939e-03,5.709787e-02,4.421138e-01,2.239115e-01,1.474726e-03,3.177873e-03
1.901571e-01,1.433196e-02,7.257344e-03,1.094019e-02,5.395025e-02,3.454272e-02,4.976972e-03,1.924985e-02,1.570732e-02,4.249541e-03,4.249533e-02,3.738381e-01,2.216171e-01,1.532585e-03,5.153615e-03
1.946644e-01,1.189527e-02,6.317470e-03,8.424221e-03,7.204407e-02,3.597981e-02,8.538179e-03,1.847770e-02,1.444162e-02,3.464938e-03,3.431204e-02,4.034831e-01,1.823182e-01,1.400823e-03,4.238070e-03
1.647113e-01,9.452888e-03,7.956691e-03,6.144175e-03,7.518335e-02,5.229068e-02,1.825092e-02,2.172516e-02,1.089088e-02,2.576100e-03,2.558835e-02,4.440078e-01,1.566375e-01,1.185907e-03,3.398159e-03
1.726860e-01,9.415810e-03,1.198182e-02,7.227219e-03,8.056371e-02,5.155981e-02,1.562842e-02,2.824016e-02,1.039003e-02,2.387413e-03,1.893468e-02,4.581150e-01,1.283459e-01,1.044240e-03,3.479762e-03
1.801374e-01,8.500399e-03,1.946207e-02,7.573413e-03,7.152443e-02,4.563913e-02,1.413746e-02,3.105669e-02,9.039998e-03,1.852315e-03,1.419838e-02,4.865696e-01,1.065604e-01,8.986512e-04,2.849645e-03
2.042311e-01,9.090138e-03,2.310210e-02,8.738561e-03,6.765743e-02,4.819617e-02,1.402088e-02,2.465853e-02,7.851175e-03,1.585005e-03,1.099482e-02,4.323627e-01,1.432343e-01,1.011176e-03,3.265947e-03
2.100668e-01,9.124158e-03,2.132495e-02,8.153159e-03,5.896817e-02,4.092759e-02,1.616419e-02,1.983047e-02,6.534994e-03,1.530376e-03,8.687284e-03,4.515072e-01,1.405005e-01,2.369657e-03,4.310429e-03
1.584801e-01,8.604138e-03,2.477577e-01,3.815777e-02,4.312884e-02,3.089527e-02,1.297266e-02,1.590004e-02,5.601069e-03,1.950701e-03,6.369639e-03,3.223563e-01,9.999767e-02,1.756405e-03,6.071705e-03
1.313943e-01,9.498859e-03,3.760835e-01,7.243637e-02,3.379386e-02,2.513507e-02,1.081472e-02,1.176750e-02,7.845917e-03,2.919875e-03,5.069767e-03,2.279956e-01,7.469143e-02,1.291966e-03,9.261255e-03
1.677147e-01,1.865877e-02,3.706104e-01,6.722955e-02,3.687454e-02,2.736840e-02,1.484087e-02,9.813145e-03,1.109495e-02,3.359238e-03,4.262284e-03,1.762235e-01,6.526548e-02,1.430946e-03,2.525323e-02
1.948231e-01,2.396172e-02,3.113054e-01,5.259974e-02,4.937540e-02,4.684208e-02,2.261747e-02,7.623801e-03,1.499119e-02,3.326880e-03,3.964901e-03,1.383181e-01,1.028679e-01,2.376621e-03,2.500558e-02
2.199940e-01,3.499677e-02,2.575043e-01,5.499510e-02,6.290599e-02,6.983149e-02,3.030302e-02,6.841003e-03,2.430599e-02,4.598996e-03,3.441023e-03,1.023822e-01,9.018070e-02,3.080550e-03,3.463888e-02
1.603310e-01,3.701954e-02,2.972324e-01,1.767437e-01,4.886227e-02,4.985286e-02,2.181731e-02,5.836497e-03,2.443228e-02,4.396283e-03,2.828474e-03,7.177976e-02,6.361439e-02,2.218412e-03,3.303477e-02
1.247914e-01,2.822859e-02,3.740907e-01,2.180731e-01,3.621880e-02,3.544467e-02,1.549580e-02,4.777296e-03,2.711991e-02,4.885988e-03,3.948733e-03,5.044875e-02,4.520608e-02,1.700034e-03,2.957021e-02
1.132778e-01,2.489860e-02,2.992845e-01,1.748675e-01,3.186976e-02,2.661120e-02,1.149116e-02,3.511115e-03,7.603382e-02,1.051011e-02,5.516958e-03,3.555309e-02,3.330470e-02,1.674891e-03,1.515947e-01
8.693928e-02,3.586259e-02,2.759349e-01,2.722416e-01,2.511138e-02,1.931231e-02,8.291635e-03,2.743659e-03,7.226287e-02,9.238910e-03,6.796193e-03,2.518792e-02,2.396152e-02,1.449132e-03,1.346661e-01
9.277929e-02,4.380041e-02,2.406555e-01,3.352594e-01,2.566122e-02,1.468087e-02,7.150967e-03,2.577480e-03,7.702021e-02,8.880194e-03,1.030237e-02,1.826192e-02,1.767079e-02,1.347343e-03,1.039521e-01
6.880727e-02,4.670651e-02,3.066162e-01,3.277766e-01,1.848560e-02,1.045924e-02,5.089813e-03,1.954344e-03,7.670903e-02,9.757118e-03,8.675482e-03,1.287228e-02,1.265916e-02,1.079396e-03,9.235185e-02
6.768483e-02,4.321628e-02,3.620634e-01,2.711022e-01,1.336836e-02,7.722711e-03,3.635901e-03,2.238875e-03,1.071442e-01,9.527795e-03,8.043251e-03,9.222265e-03,9.457054e-03,1.208909e-03,8.436395e-02
7.303937e-02,4.475119e-02,3.163685e-01,2.088823e-01,9.805006e-03,5.938700e-03,2.632523e-03,2.320485e-03,1.633951e-01,1.576250e-02,1.196665e-02,6.859662e-03,8.496575e-03,1.892073e-03,1.278893e-01
9.270479e-02,6.579517e-02,2.682637e-01,1.518746e-01,7.674196e-03,4.758135e-03,2.058048e-03,3.070216e-03,2.471299e-01,1.780815e-02,1.315356e-02,5.200728e-03,7.893797e-03,2.498116e-03,1.101168e-01
1.316782e-01,8.536913e-02,2.139758e-01,1.101257e-01,6.681613e-03,3.994780e-03,1.861249e-03,3.602430e-03,3.104469e-01,1.705621e-02,1.249949e-02,4.328280e-03,9.088390e-03,2.706965e-03,8.658480e-02
1.144923e-01,7.222453e-02,1.863338e-01,8.048239e-02,4.991375e-03,3.154412e-03,1.355892e-03,3.073026e-03,4.179948e-01,1.861915e-02,1.058760e-02,3.784422e-03,8.560078e-03,4.488124e-03,6.985820e-02
3.117683e-01,6.008863e-02,1.363326e-01,6.460336e-02,9.352710e-03,5.480490e-03,1.541815e-03,4.593941e-03,3.009392e-01,1.368066e-02,1.169692e-02,4.405300e-03,9.457526e-03,6.299276e-03,5.975926e-02
3.574573e-01,5.970582e-02,1.056231e-01,6.741440e-02,2.888097e-02,9.087924e-03,2.473487e-03,3.316857e-02,2.282790e-01,1.021482e-02,1.493357e-02,5.388733e-03,1.193375e-02,8.049814e-03,5.738871e-02
4.158868e-01,7.837567e-02,8.424873e-02,5.613690e-02,3.153501e-02,1.034637e-02,2.396599e-03,4.269745e-02,1.698638e-01,7.877537e-03,1.455742e-02,8.370802e-03,1.243591e-02,9.890093e-03,5.538082e-02
3.343825e-01,6.000821e-02,6.157270e-02,4.361470e-02,4.855447e-02,9.101737e-03,2.347049e-03,2.279468e-01,1.262860e-01,5.612789e-03,1.117041e-02,6.684947e-03,1.347205e-02,7.538081e-03,4.170765e-02
2.685011e-01,4.787699e-02,4.554335e-02,3.235658e-02,4.079890e-02,8.135621e-03,2.430527e-03,3.956516e-01,9.200006e-02,4.091116e-03,8.856856e-03,5.604855e-03,1.168624e-02,5.637558e-03,3.082865e-02
1.980983e-01,3.470604e-02,3.273120e-02,2.311229e-02,3.222342e-02,6.318702e-03,2.336739e-03,5.571767e-01,6.533228e-02,2.903016e-03,6.443805e-03,4.097396e-03,8.681517e-03,4.022662e-03,2.181588e-02
1.442993e-01,2.478071e-02,2.357242e-02,1.660209e-02,2.448782e-02,5.085226e-03,2.194425e-03,6.783254e-01,4.599079e-02,2.064618e-03,4.763357e-03,3.065114e-03,6.282671e-03,2.897963e-03,1.558817e-02
1.212495e-01,1.772690e-02,1.839772e-02,1.299344e-02,1.880966e-02,4.650738e-03,1.961505e-03,7.448704e-01,3.240288e-02,1.507196e-03,4.181796e-03,2.902385e-03,4.825941e-03,2.304459e-03,1.121553e-02
9.832358e-02,1.293730e-02,1.384784e-02,1.016533e-02,1.503920e-02,4.630302e-03,1.680375e-03,7.993081e-01,2.287852e-02,1.124584e-03,3.786823e-03,2.696953e-03,3.745395e-03,1.764646e-03,8.071109e-03
8.237986e-02,9.318827e-03,1.012380e-02,7.486916e-03,1.293822e-02,4.529889e-03,1.584140e-03,8.385462e-01,1.636410e-02,8.807059e-04,3.169861e-03,2.463513e-03,2.996899e-03,1.297642e-03,5.919472e-03
8.571330e-02,8.106391e-03,8.322981e-03,6.016899e-03,1.117337e-02,3.960581e-02,2.283592e-03,7.110082e-01,1.527641e-02,1.464490e-03,1.867562e-02,6.535632e-03,7.596402e-02,1.452182e-03,8.401135e-03
1.116189e-01,6.867236e-03,6.772108e-03,5.711325e-03,9.817872e-03,3.672403e-02,2.100880e-03,6.807668e-01,1.302692e-02,2.325235e-03,2.467128e-02,1.656139e-02,7.399871e-02,1.692530e-03,7.344769e-03
2.093399e-01,5.722432e-03,6.119248e-03,5.276934e-03,8.207308e-03,2.873458e-02,1.866584e-03,6.048883e-01,1.022345e-02,2.120916e-03,2.387053e-02,2.257332e-02,6.268552e-02,2.068402e-03,6.302650e-03
2.741651e-01,6.343309e-03,5.916915e-03,5.267631e-03,9.367139e-03,3.261400e-02,3.178868e-03,4.521483e-01,9.193486e-03,1.895260e-03,2.796265e-02,6.134270e-02,1.026863e-01,2.162145e-03,5.756233e-03
2.995574e-01,2.002761e-02,2.250689e-02,1.480922e-02,2.977317e-02,3.013708e-02,3.074308e-03,3.251226e-01,1.353535e-02,2.327600e-03,2.577841e-02,8.996697e-02,1.148346e-01,2.051112e-03,6.497839e-03
2.138033e-01,1.450117e-02,1.599107e-02,1.107583e-02,2.401041e-02,2.349096e-02,2.299323e-03,2.277321e-01,1.623075e-02,2.022220e-03,2.409560e-02,2.253803e-01,1.930730e-01,1.606571e-03,4.687453e-03
1.841667e-01,1.534399e-02,1.281287e-02,8.852581e-03,3.509247e-02,1.919028e-02,1.939239e-03,1.609187e-01,5.495221e-02,5.265302e-03,2.471007e-02,2.664903e-01,2.047451e-01,1.630042e-03,3.890060e-03
1.469212e-01,1.308759e-02,7.692306e-02,6.654779e-03,4.053027e-02,1.651035e-02,2.765549e-03,1.135305e-01,5.027115e-02,9.568159e-03,2.574070e-02,2.633049e-01,2.295463e-01,1.478428e-03,3.167043e-03
1.495969e-01,1.089055e-02,7.960067e-02,5.172937e-03,4.369074e-02,1.950828e-02,3.423332e-03,8.026606e-02,4.870226e-02,1.203651e-02,2.311481e-02,3.457194e-01,1.740158e-01,1.708264e-03,2.553503e-03
1.833280e-01,9.869376e-03,6.126328e-02,4.041489e-03,3.477799e-02,1.925809e-02,3.185095e-03,5.639917e-02,4.083509e-02,1.295057e-02,2.163927e-02,4.223756e-01,1.262199e-01,1.675493e-03,2.181581e-03
2.068695e-01,8.574538e-03,4.510489e-02,3.415949e-03,2.887869e-02,2.122206e-02,3.041749e-03,4.047865e-02,4.236070e-02,1.529176e-02,2.225520e-02,4.654527e-01,9.326317e-02,1.949416e-03,1.841030e-03
2.921230e-01,9.105289e-03,3.336645e-02,3.639476e-03,2.556962e-02,1.916703e-02,2.388337e-03,2.935033e-02,3.808628e-02,1.603593e-02,2.094658e-02,4.359881e-01,6.948381e-02,2.300842e-03,2.448891e-03
2.556089e-01,1.276714e-02,2.539792e-02,3.834337e-03,2.375962e-02,1.774358e-02,2.011529e-03,2.254208e-02,4.184931e-02,2.147683e-02,2.678551e-02,4.854730e-01,5.562051e-02,2.341094e-03,2.788697e-03
2.508312e-01,1.675998e-02,2.005899e-02,4.600837e-03,2.311071e-02,1.565634e-02,1.759019e-03,1.955953e-02,4.808985e-02,2.529930e-02,3.555302e-02,4.879826e-01,4.474358e-02,2.676758e-03,3.318281e-03
2.659605e-01,3.196380e-02,1.722401e-02,7.737401e-03,2.152536e-02,1.323342e-02,1.903290e-03,1.938869e-02,8.448019e-02,2.545778e-02,3.069161e-02,4.296763e-01,3.721233e-02,3.824242e-03,9.721014e-03
2.816572e-01,2.736630e-02,3.338642e-02,1.262118e-02,1.922381e-02,1.439993e-02,5.447474e-03,9.809180e-02,7.636482e-02,2.172466e-02,2.608741e-02,3.415549e-01,3.031996e-02,3.078921e-03,8.675196e-03
3.701397e-01,3.175876e-02,3.719361e-02,2.774747e-02,1.869327e-02,2.002976e-02,6.021783e-03,7.843474e-02,6.126690e-02,1.698281e-02,2.368882e-02,2.667408e-01,2.674248e-02,2.788299e-03,1.177077e-02
3.237678e-01,4.025340e-02,1.020795e-01,9.209167e-02,1.875479e-02,2.438521e-02,5.595385e-03,6.330617e-02,4.765654e-02,1.291819e-02,2.261798e-02,2.100683e-01,2.122714e-02,2.353992e-03,1.292377e-02
3.017248e-01,3.627627e-02,1.641459e-01,1.287889e-01,1.762416e-02,2.861920e-02,4.939407e-03,5.418489e-02,3.787317e-02,1.013307e-02,1.892440e-02,1.641181e-01,1.717955e-02,1.940026e-03,1.352808e-02
3.305575e-01,3.536778e-02,1.892986e-01,1.161829e-01,1.942989e-02,2.945234e-02,5.063562e-03,5.023449e-02,3.500269e-02,9.094930e-03,1.688628e-02,1.311771e-01,1.439628e-02,2.581394e-03,1.527423e-02
4.042597e-01,3.575625e-02,1.571514e-01,1.046101e-01,2.891749e-02,2.629999e-02,5.075448e-03,4.151051e-02,3.184010e-02,8.994540e-03,1.639051e-02,1.068872e-01,1.399419e-02,3.540399e-03,1.477220e-02
4.535744e-01,3.741644e-02,1.238292e-01,9.642246e-02,4.291726e-02,2.261894e-02,4.945010e-03,3.706017e-02,3.779892e-02,9.526241e-03,1.567033e-02,8.526221e-02,1.308262e-02,4.723089e-03,1.515282e-02
4.686937e-01,3.747901e-02,9.424511e-02,8.642922e-02,7.582980e-02,1.977112e-02,4.282328e-03,3.105442e-02,6.422009e-02,9.813720e-03,1.376077e-02,6.436048e-02,1.328368e-02,4.230487e-03,1.254607e-02
4.983361e-01,3.464843e-02,7.251830e-02,6.974556e-02,9.987577e-02,1.750137e-02,3.967310e-03,2.492734e-02,7.545422e-02,1.308997e-02,1.304886e-02,5.075628e-02,1.140505e-02,4.028825e-03,1.069657e-02
