1.000000e+00,0.000000e+00,0.000000e+00,0.000000e+00,0.000000e+00,0.000000e+00,0.000000e+00,0.000000e+00,0.000000e+00,0.000000e+00,0.000000e+00,0.000000e+00,0.000000e+00,0.000000e+00,0.000000e+00
1.000000e+00,0.000000e+00,0.000000e+00,0.000000e+00,0.000000e+00,0.000000e+00,0.000000e+00,0.000000e+00,0.000000e+00,0.000000e+00,0.000000e+00,0.000000e+00,0.000000e+00,0.000000e+00,0.000000e+00
1.000000e+00,0.000000e+00,0.000000e+00,0.000000e+00,0.000000e+00,0.000000e+00,0.000000e+00,0.000000e+00,0.000000e+00,0.000000e+00,0.000000e+00,0.000000e+00,0.000000e+00,0.000000e+00,0.000000e+00
1.000000e+00,0.000000e+00,0.000000e+00,0.000000e+00,0.000000e+00,0.000000e+00,0.000000e+00,0.000000e+00,0.000000e+00,0.000000e+00,0.000000e+00,0.000000e+00,0.000000e+00,0.000000e+00,0.000000e+00
1.000000e+00,0.000000e+00,0.000000e+00,0.000000e+00,0.000000e+00,0.000000e+00,0.000000e+00,0.000000e+00,0.000000e+00,0.000000e+00,0.000000e+00,0.000000e+00,0.000000e+00,0.000000e+00,0.000000e+00
1.000000e+00,0.000000e+00,0.000000e+00,0.000000e+00,0.000000e+00,0.000000e+00,0.000000e+00,0.000000e+00,0.000000e+00,0.000000e+00,0.000000e+00,0.000000e+00,0.000000e+00,0.000000e+00,0.000000e+00
1.000000e+00,0.000000e+00,0.000000e+00,0.000000e+00,0.000000e+00,0.000000e+00,0.000000e+00,0.000000e+00,0.000000e+00,0.000000e+00,0.000000e+00,0.000000e+00,0.000000e+00,0.000000e+00,0.000000e+00
1.000000e+00,0.000000e+00,0.000000e+00,0.000000e+00,0.000000e+00,0.000000e+00,0.000000e+00,0.000000e+00,0.000000e+00,0.000000e+00,0.000000e+00,0.000000e+00,0.000000e+00,0.000000e+00,0.000000e+00
1.000000e+00,0.000000e+00,0.000000e+00,0.000000e+00,0.000000e+00,0.000000e+00,0.000000e+00,0.000000e+00,0.000000e+00,0.000000e+00,0.000000e+00,0.000000e+00,0.000000e+00,0.000000e+00,0.000000e+00
1.000000e+00,0.000000e+00,0.000000e+00,0.000000e+00,0.000000e+00,0.000000e+00,0.000000e+00,0.000000e+00,0.000000e+00,0.000000e+00,0.000000e+00,0.000000e+00,0.000000e+00,0.000000e+00,0.000000e+00
1.000000e+00,0.000000e+00,0.000000e+00,0.000000e+00,0.000000e+00,0.000000e+00,0.000000e+00,0.000000e+00,0.000000e+00,0.000000e+00,0.000000e+00,0.000000e+00,0.000000e+00,0.000000e+00,0.000000e+00
1.000000e+00,0.000000e+00,0.000000e+00,0.000000e+00,0.000000e+00,0.000000e+00,0.000000e+00,0.000000e+00,0.000000e+00,0.000000e+00,0.000000e+00,0.000000e+00,0.000000e+00,0.000000e+00,0.000000e+00
1.000000e+00,0.000000e+00,0.000000e+00,0.000000e+00,0.000000e+00,0.000000e+00,0.000000e+00,0.000000e+00,0.000000e+00,0.000000e+00,0.000000e+00,0.000000e+00,0.000000e+00,0.000000e+00,0.000000e+00
1.000000e+00,0.000000e+00,0.000000e+00,0.000000e+00,0.000000e+00,0.000000e+00,0.000000e+00,0.000000e+00,0.000000e+00,0.000000e+00,0.000000e+00,0.000000e+00,0.000000e+00,0.000000e+00,0.000000e+00
1.000000e+00,0.000000e+00,0.000000e+00,0.000000e+00,0.000000e+00,0.000000e+00,0.000000e+00,0.000000e+00,0.000000e+00,0.000000e+00,0.000000e+00,0.000000e+00,0.000000e+00,0.000000e+00,0.000000e+00
1.000000e+00,0.000000e+00,0.000000e+00,0.000000e+00,0.000000e+00,0.000000e+00,0.000000e+00,0.000000e+00,0.000000e+00,0.000000e+00,0.000000e+00,0.000000e+00,0.000000e+00,0.000000e+00,0.000000e+00
1.000000e+00,0.000000e+00,0.000000e+00,0.000000e+00,0.000000e+00,0.000000e+00,0.000000e+00,0.000000e+00,0.000000e+00,0.000000e+00,0.000000e+00,0.000000e+00,0.000000e+00,0.000000e+00,0.000000e+00
1.000000e+00,0.000000e+00,0.000000e+00,0.000000e+00,0.000000e+00,0.000000e+00,0.000000e+00,0.000000e+00,0.000000e+00,0.000000e+00,0.000000e+00,0.000000e+00,0.000000e+00,0.000000e+00,0.000000e+00
1.000000e+00,0.000000e+00,0.000000e+00,0.000000e+00,0.000000e+00,0.000000e+00,0.000000e+00,0.000000e+00,0.000000e+00,0.000000e+00,0.000000e+00,0.000000e+00,0.000000e+00,0.000000e+00,0.000000e+00
1.000000e+00,0.000000e+00,0.000000e+00,0.000000e+00,0.000000e+00,0.000000e+00,0.000000e+00,0.000000e+00,0.000000e+00,0.000000e+00,0.000000e+00,0.000000e+00,0.000000e+00,0.000000e+00,0.000000e+00
1.000000e+00,0.000000e+00,0.000000e+00,0.000000e+00,0.000000e+00,0.000000e+00,0.000000e+00,0.000000e+00,0.000000e+00,0.000000e+00,0.000000e+00,0.000000e+00,0.000000e+00,0.000000e+00,0.000000e+00
1.000000e+00,0.000000e+00,0.000000e+00,0.000000e+00,0.000000e+00,0.000000e+00,0.000000e+00,0.000000e+00,0.000000e+00,0.000000e+00,0.000000e+00,0.000000e+00,0.000000e+00,0.000000e+00,0.000000e+00
1.000000e+00,0.000000e+00,0.000000e+00,0.000000e+00,0.000000e+00,0.000000e+00,0.000000e+00,0.000000e+00,0.000000e+00,0.000000e+00,0.000000e+00,0.000000e+00,0.000000e+00,0.000000e+00,0.000000e+00
1.000000e+00,0.000000e+00,0.000000e+00,0.000000e+00,0.000000e+00,0.000000e+00,0.000000e+00,0.000000e+00,0.000000e+00,0.000000e+00,0.000000e+00,0.000000e+00,0.000000e+00,0.000000e+00,0.000000e+00
1.000000e+00,0.000000e+00,0.000000e+00,0.000000e+00,0.000000e+00,0.000000e+00,0.000000e+00,0.000000e+00,0.000000e+00,0.000000e+00,0.000000e+00,0.000000e+00,0.000000e+00,0.000000e+00,0.000000e+00
1.000000e+00,0.000000e+00,0.000000e+00,0.000000e+00,0.000000e+00,0.000000e+00,0.000000e+00,0.000000e+00,0.000000e+00,0.000000e+00,0.000000e+00,0.000000e+00,0.000000e+00,0.000000e+00,0.000000e+00
1.000000e+00,0.000000e+00,0.000000e+00,0.000000e+00,0.000000e+00,0.000000e+00,0.000000e+00,0.000000e+00,0.000000e+00,0.000000e+00,0.000000e+00,0.000000e+00,0.000000e+00,0.000000e+00,0.000000e+00
1.000000e+00,0.000000e+00,0.000000e+00,0.000000e+00,0.000000e+00,0.000000e+00,0.000000e+00,0.000000e+00,0.000000e+00,0.000000e+00,0.000000e+00,0.000000e+00,0.000000e+00,0.000000e+00,0.000000e+00
1.000000e+00,0.000000e+00,0.000000e+00,0.000000e+00,0.000000e+00,0.000000e+00,0.000000e+00,0.000000e+00,0.000000e+00,0.000000e+00,0.000000e+00,0.000000e+00,0.000000e+00,0.000000e+00,0.000000e+00
1.000000e+00,0.000000e+00,0.000000e+00,0.000000e+00,0.000000e+00,0.000000e+00,0.000000e+00,0.000000e+00,0.000000e+00,0.000000e+00,0.000000e+00,0.000000e+00,0.000000e+00,0.000000e+00,0.000000e+00
1.000000e+00,0.000000e+00,0.000000e+00,0.000000e+00,0.000000e+00,0.000000e+00,0.000000e+00,0.000000e+00,0.000000e+00,0.000000e+00,0.000000e+00,0.000000e+00,0.000000e+00,0.000000e+00,0.000000e+00
1.000000e+00,0.000000e+00,0.000000e+00,0.000000e+00,0.000000e+00,0.000000e+00,0.000000e+00,0.000000e+00,0.000000e+00,0.000000e+00,0.000000e+00,0.000000e+00,0.000000e+00,0.000000e+00,0.000000e+00
1.000000e+00,0.000000e+00,0.000000e+00,0.000000e+00,0.000000e+00,0.000000e+00,0.000000e+00,0.000000e+00,0.000000e+00,0.000000e+00,0.000000e+00,0.000000e+00,0.000000e+00,0.000000e+00,0.000000e+00
1.000000e+00,0.000000e+00,0.000000e+00,0.000000e+00,0.000000e+00,0.000000e+00,0.000000e+00,0.000000e+00,0.000000e+00,0.000000e+00,0.000000e+00,0.000000e+00,0.000000e+00,0.000000e+00,0.000000e+00
1.000000e+00,0.000000e+00,0.000000e+00,0.000000e+00,0.000000e+00,0.000000e+00,0.000000e+00,0.000000e+00,0.000000e+00,0.000000e+00,0.000000e+00,0.000000e+00,0.000000e+00,0.000000e+00,0.000000e+00
1.000000e+00,0.000000e+00,0.000000e+00,0.000000e+00,0.000000e+00,0.000000e+00,0.000000e+00,0.000000e+00,0.000000e+00,0.000000e+00,0.000000e+00,0.000000e+00,0.000000e+00,0.000000e+00,0.000000e+00
1.000000e+00,0.000000e+00,0.000000e+00,0.000000e+00,0.000000e+00,0.000000e+00,0.000000e+00,0.000000e+00,0.000000e+00,0.000000e+00,0.000000e+00,0.000000e+00,0.000000e+00,0.000000e+00,0.000000e+00
1.000000e+00,0.000000e+00,0.000000e+00,0.000000e+00,0.000000e+00,0.000000e+00,0.000000e+00,0.000000e+00,0.000000e+00,0.000000e+00,0.000000e+00,0.000000e+00,0.000000e+00,0.000000e+00,0.000000e+00
1.000000e+00,0.000000e+00,0.000000e+00,0.000000e+00,0.000000e+00,0.000000e+00,0.000000e+00,0.000000e+00,0.000000e+00,0.000000e+00,0.000000e+00,0.000000e+00,0.000000e+00,0.000000e+00,0.000000e+00
1.000000e+00,0.000000e+00,0.000000e+00,0.000000e+00,0.000000e+00,0.000000e+00,0.000000e+00,0.000000e+00,0.000000e+00,0.000000e+00,0.000000e+00,0.000000e+00,0.000000e+00,0.000000e+00,0.000000e+00
1.000000e+00,0.000000e+00,0.000000e+00,0.000000e+00,0.000000e+00,0.000000e+00,0.000000e+00,0.000000e+00,0.000000e+00,0.000000e+00,0.000000e+00,0.000000e+00,0.000000e+00,0.000000e+00,0.000000e+00
1.000000e+00,0.000000e+00,0.000000e+00,0.000000e+00,0.000000e+00,0.000000e+00,0.000000e+00,0.000000e+00,0.000000e+00,0.000000e+00,0.000000e+00,0.000000e+00,0.000000e+00,0.000000e+00,0.000000e+00
1.000000e+00,0.000000e+00,0.000000e+00,0.000000e+00,0.000000e+00,0.000000e+00,0.000000e+00,0.000000e+00,0.000000e+00,0.000000e+00,0.000000e+00,0.000000e+00,0.000000e+00,0.000000e+00,0.000000e+00
1.000000e+00,0.000000e+00,0.000000e+00,0.000000e+00,0.000000e+00,0.000000e+00,0.000000e+00,0.000000e+00,0.000000e+00,0.000000e+00,0.000000e+00,0.000000e+00,0.000000e+00,0.000000e+00,0.000000e+00
1.000000e+00,0.000000e+00,0.000000e+00,0.000000e+00,0.000000e+00,0.000000e+00,0.000000e+00,0.000000e+00,0.000000e+00,0.000000e+00,0.000000e+00,0.000000e+00,0.000000e+00,0.000000e+00,0.000000e+00
1.000000e+00,0.000000e+00,0.000000e+00,0.000000e+00,0.000000e+00,0.000000e+00,0.000000e+00,0.000000e+00,0.000000e+00,0.000000e+00,0.000000e+00,0.000000e+00,0.000000e+00,0.000000e+00,0.000000e+00
1.000000e+00,0.000000e+00,0.000000e+00,0.000000e+00,0.000000e+00,0.000000e+00,0.000000e+00,0.000000e+00,0.000000e+00,0.000000e+00,0.000000e+00,0.000000e+00,0.000000e+00,0.000000e+00,0.000000e+00
1.000000e+00,0.000000e+00,0.000000e+00,0.000000e+00,0.000000e+00,0.000000e+00,0.000000e+00,0.000000e+00,0.000000e+00,0.000000e+00,0.000000e+00,0.000000e+00,0.000000e+00,0.000000e+00,0.000000e+00
1.000000e+00,0.000000e+00,0.000000e+00,0.000000e+00,0.000000e+00,0.000000e+00,0.000000e+00,0.000000e+00,0.000000e+00,0.000000e+00,0.000000e+00,0.000000e+00,0.000000e+00,0.000000e+00,0.000000e+00
1.000000e+00,0.000000e+00,0.000000e+00,0.000000e+00,0.000000e+00,0.000000e+00,0.000000e+00,0.000000e+00,0.000000e+00,0.000000e+00,0.000000e+00,0.000000e+00,0.000000e+00,0.000000e+00,0.000000e+00
1.000000e+00,0.000000e+00,0.000000e+00,0.000000e+00,0.000000e+00,0.000000e+00,0.000000e+00,0.000000e+00,0.000000e+00,0.000000e+00,0.000000e+00,0.000000e+00,0.000000e+00,0.000000e+00,0.000000e+00
1.000000e+00,0.000000e+00,0.000000e+00,0.000000e+00,0.000000e+00,0.000000e+00,0.000000e+00,0.000000e+00,0.000000e+00,0.000000e+00,0.000000e+00,0.000000e+00,0.000000e+00,0.000000e+00,0.000000e+00
1.000000e+00,0.000000e+00,0.000000e+00,0.000000e+00,0.000000e+00,0.000000e+00,0.000000e+00,0.000000e+00,0.000000e+00,0.000000e+00,0.000000e+00,0.000000e+00,0.000000e+00,0.000000e+00,0.000000e+00
1.000000e+00,0.000000e+00,0.000000e+00,0.000000e+00,0.000000e+00,0.000000e+00,0.000000e+00,0.000000e+00,0.000000e+00,0.000000e+00,0.000000e+00,0.000000e+00,0.000000e+00,0.000000e+00,0.000000e+00
1.000000e+00,0.000000e+00,0.000000e+00,0.000000e+00,0.000000e+00,0.000000e+00,0.000000e+00,0.000000e+00,0.000000e+00,0.000000e+00,0.000000e+00,0.000000e+00,0.000000e+00,0.000000e+00,0.000000e+00
4.883941e-01,3.395633e-02,6.094289e-03,6.626898e-02,4.196736e-03,1.465979e-02,3.260434e-03,4.537156e-03,4.029591e-02,4.697252e-03,5.097595e-03,1.538003e-02,6.738026e-02,2.631196e-03,2.431500e-01
3.473690e-01,4.018661e-02,5.146425e-03,9.317964e-02,3.150183e-03,1.475492e-02,2.388302e-03,3.582145e-03,3.827719e-02,5.733433e-03,6.142542e-03,1.580871e-02,2.004591e-01,1.993787e-03,2.218280e-01
2.451290e-01,3.179342e-02,4.413058e-03,8.390802e-02,3.015247e-03,1.342660e-02,2.052077e-03,3.034472e-03,5.651136e-02,4.466692e-03,5.586735e-03,2.289152e-02,3.495704e-01,1.749151e-03,1.724523e-01
1.725017e-01,2.283784e-02,3.223626e-03,6.232110e-02,2.512487e-03,1.298314e-02,1.592132e-03,2.228060e-03,4.405069e-02,3.522197e-03,4.447597e-03,3.176435e-02,5.090847e-01,1.527280e-03,1.254032e-01
1.210521e-01,1.636877e-02,2.405383e-03,4.496205e-02,2.474895e-03,1.928660e-02,1.367219e-03,1.589144e-03,3.131831e-02,3.265395e-03,9.142888e-03,1.127874e-01,5.416626e-01,2.070928e-03,9.024636e-02
8.492075e-02,1.149100e-02,1.720394e-03,3.173967e-02,2.690811e-03,2.979219e-02,1.056363e-03,1.220932e-03,2.260637e-02,5.769936e-03,7.072623e-02,2.421668e-01,4.213883e-01,6.500703e-03,6.620958e-02
5.959801e-02,8.072341e-03,1.338817e-03,2.258349e-02,2.933290e-03,3.564808e-02,8.163894e-04,1.197019e-03,1.621374e-02,5.728245e-03,2.234381e-01,2.136919e-01,3.151023e-01,4.572272e-02,4.791545e-02
4.188013e-02,5.680588e-03,1.149476e-03,1.615851e-02,3.203163e-03,3.228101e-02,6.855718e-04,1.338686e-03,1.405591e-02,4.848227e-03,2.443431e-01,1.888641e-01,2.217065e-01,1.897832e-01,3.402179e-02
2.950047e-02,4.007519e-03,9.896309e-04,1.147018e-02,3.429931e-03,3.012189e-02,5.445092e-04,1.285734e-03,1.056293e-02,4.514989e-03,3.557506e-01,1.907201e-01,1.563655e-01,1.766699e-01,2.406618e-02
2.073430e-02,3.190131e-03,1.310270e-03,8.212459e-03,6.809623e-03,2.468202e-02,6.807004e-04,9.710629e-04,1.021752e-02,1.564736e-02,4.419630e-01,2.016709e-01,1.104911e-01,1.349336e-01,1.848609e-02
1.485916e-02,2.337518e-03,1.030767e-03,5.907520e-03,6.927638e-03,2.943301e-02,6.678798e-04,7.055345e-04,9.949668e-03,2.849812e-02,4.404290e-01,2.694360e-01,7.852900e-02,9.763657e-02,1.365254e-02
1.121324e-02,1.958135e-03,1.743019e-03,4.713545e-03,9.282753e-03,4.920686e-02,1.124224e-03,7.924199e-04,8.396265e-03,2.711638e-02,3.382318e-01,4.097435e-01,5.582793e-02,7.043723e-02,1.021255e-02
8.470968e-03,1.527885e-03,1.487335e-03,4.386874e-03,7.627530e-03,4.060251e-02,1.205530e-03,1.114159e-03,9.211252e-03,2.384447e-02,2.690098e-01,5.328686e-01,3.985461e-02,5.038859e-02,8.399836e-03
7.283450e-03,1.228574e-03,1.280725e-03,4.017721e-03,6.403869e-03,3.583355e-02,1.139035e-03,1.330250e-03,7.970494e-03,1.941737e-02,2.601714e-01,5.829750e-01,2.824944e-02,3.586882e-02,6.830207e-03
1.119299e-02,1.460509e-03,1.970802e-03,4.407208e-03,6.483999e-03,4.131931e-02,3.206054e-03,2.565091e-03,6.957796e-03,1.764944e-02,2.250716e-01,6.252888e-01,2.020707e-02,2.609672e-02,6.122512e-03
8.692972e-03,1.599775e-03,1.797970e-03,3.823236e-03,7.771854e-03,3.953520e-02,3.041310e-03,2.121944e-03,5.628689e-03,1.517734e-02,1.967295e-01,6.750017e-01,1.434569e-02,1.967163e-02,5.061186e-03
7.224098e-03,1.983388e-03,1.499240e-03,3.406253e-03,1.104243e-02,3.268302e-02,2.311803e-03,1.698453e-03,4.645714e-03,1.236746e-02,1.709847e-01,7.202810e-01,1.030085e-02,1.561853e-02,3.952993e-03
8.714105e-03,1.868013e-03,1.547996e-03,2.743517e-03,1.016868e-02,2.497815e-02,1.881101e-03,1.696348e-03,3.848462e-03,9.657822e-03,1.544752e-01,7.526489e-01,7.640109e-03,1.522658e-02,2.904917e-03
8.147547e-03,1.603018e-03,1.312137e-03,2.114619e-03,8.789325e-03,1.891061e-02,1.448304e-03,1.384787e-03,3.340071e-03,7.166321e-03,1.576057e-01,7.667422e-01,5.646387e-03,1.358732e-02,2.201680e-03
1.037668e-02,1.962263e-03,1.936226e-03,1.892195e-03,8.085689e-03,1.521498e-02,1.188194e-03,2.187273e-03,3.307449e-03,6.056020e-03,1.928186e-01,7.337000e-01,4.386066e-03,1.494583e-02,1.942585e-03
1.364374e-02,4.644486e-03,3.034766e-03,1.992903e-03,7.056665e-03,1.185269e-02,9.111422e-04,2.265928e-03,3.067440e-03,4.803612e-03,3.116225e-01,6.135124e-01,3.282379e-03,1.654933e-02,1.760075e-03
1.910199e-02,6.830231e-03,3.931958e-03,2.338024e-03,6.911615e-03,9.974441e-03,8.153516e-04,3.049365e-03,3.010746e-03,3.864641e-03,3.744617e-01,5.446036e-01,2.671705e-03,1.675255e-02,1.681968e-03
4.187841e-02,1.057090e-02,4.496098e-03,3.207120e-03,7.709729e-03,9.561062e-03,9.965303e-04,3.072375e-03,2.860769e-03,3.098028e-03,3.615096e-01,5.252507e-01,2.526217e-03,2.101218e-02,2.250283e-03
5.009480e-02,1.511755e-02,7.790496e-03,4.029506e-03,1.069856e-02,8.256626e-03,1.059254e-03,3.631863e-03,2.723825e-03,2.620602e-03,3.783191e-01,4.869452e-01,2.236853e-03,2.421207e-02,2.263739e-03
4.662097e-02,1.517098e-02,1.914076e-02,6.091244e-03,1.760853e-02,7.606386e-03,9.831226e-04,1.106327e-02,2.541746e-03,2.228327e-03,4.267854e-01,4.175395e-01,2.144589e-03,2.271055e-02,1.764568e-03
3.419074e-02,1.373248e-02,1.670172e-02,4.804130e-03,1.842766e-02,9.172032e-03,7.453783e-04,9.345536e-03,5.454849e-03,2.471023e-03,5.201747e-01,3.313892e-01,1.795455e-03,3.027322e-02,1.321890e-03
2.524334e-02,1.129113e-02,1.798351e-02,4.878279e-03,1.891244e-02,7.962339e-03,6.244322e-04,1.482370e-02,8.520179e-03,2.313923e-03,5.972130e-01,2.571881e-01,1.438340e-03,3.056327e-02,1.044007e-03
2.255780e-02,1.038677e-02,1.764253e-02,4.633727e-03,1.881876e-02,1.318734e-02,5.124514e-04,2.009334e-02,6.933017e-03,2.121733e-03,6.604149e-01,1.930758e-01,1.253779e-03,2.755115e-02,8.168857e-04
2.097342e-02,9.167892e-03,2.612644e-02,6.956005e-03,1.801049e-02,1.611742e-02,5.648927e-04,7.702893e-02,5.919053e-03,1.895853e-03,6.475133e-01,1.463258e-01,9.995592e-04,2.178944e-02,6.115177e-04
2.225827e-02,8.914702e-03,4.140919e-02,1.669065e-02,2.192926e-02,1.695745e-02,1.041491e-03,1.221730e-01,6.031244e-03,2.021531e-03,6.017963e-01,1.199233e-01,7.999572e-04,1.745392e-02,5.996841e-04
2.795365e-02,1.213994e-02,6.601100e-02,4.355657e-02,2.699403e-02,1.842180e-02,2.361551e-03,1.301119e-01,1.246654e-02,3.479967e-03,5.384241e-01,9.727895e-02,6.792303e-04,1.937401e-02,7.466996e-04
2.895684e-02,1.147235e-02,1.062771e-01,7.727164e-02,3.443123e-02,1.952760e-02,3.371516e-03,1.434089e-01,1.511840e-02,3.794700e-03,4.620130e-01,7.508689e-02,6.311547e-04,1.793758e-02,7.009908e-04
3.210793e-02,9.966826e-03,1.082076e-01,1.499104e-01,7.596056e-02,2.288932e-02,2.857589e-03,1.212156e-01,2.614924e-02,5.057083e-03,3.679151e-01,6.015356e-02,5.893752e-04,1.611798e-02,9.017338e-04
3.245688e-02,8.433648e-03,1.079119e-01,1.855628e-01,1.159941e-01,3.102393e-02,2.621406e-03,1.139170e-01,3.031730e-02,6.613355e-03,2.999492e-01,4.809894e-02,5.144989e-04,1.568798e-02,8.969523e-04
4.371691e-02,9.655462e-03,9.450131e-02,1.617537e-01,1.313457e-01,3.430837e-02,2.253561e-03,1.029714e-01,4.924422e-02,1.135666e-02,2.800867e-01,4.107118e-02,5.793772e-04,3.581576e-02,1.339670e-03
7.800122e-02,1.154168e-02,8.296749e-02,1.326723e-01,1.401218e-01,3.577939e-02,1.927795e-03,9.829998e-02,4.742711e-02,1.401675e-02,2.788472e-01,3.613065e-02,8.351702e-04,3.836006e-02,3.071436e-03
1.019672e-01,1.370512e-02,8.348542e-02,1.134266e-01,1.507721e-01,3.837077e-02,1.676014e-03,8.364744e-02,4.907553e-02,1.497747e-02,2.711196e-01,3.287783e-02,9.441267e-04,4.024648e-02,3.708342e-03
1.609918e-01,3.143106e-02,8.116475e-02,9.057020e-02,1.340918e-01,4.437664e-02,1.553241e-03,6.913868e-02,5.185441e-02,1.285438e-02,2.425942e-01,2.992108e-02,1.527401e-03,3.945876e-02,8.471610e-03
2.129263e-01,3.525464e-02,7.821419e-02,7.352665e-02,1.135210e-01,4.989992e-02,1.595472e-03,5.826620e-02,5.181209e-02,1.102487e-02,2.316585e-01,2.955369e-02,1.988914e-03,3.895067e-02,1.180693e-02
3.126838e-01,3.467780e-02,6.340114e-02,5.565643e-02,8.318949e-02,4.530605e-02,1.664520e-03,4.482193e-02,4.780751e-02,1.090030e-02,2.060575e-01,2.572928e-02,2.928763e-03,4.660944e-02,1.856613e-02
4.248629e-01,2.996676e-02,5.151597e-02,4.459219e-02,5.996078e-02,4.223029e-02,1.706803e-03,3.395556e-02,4.117850e-02,9.181962e-03,1.669355e-01,2.390950e-02,3.444996e-03,4.587197e-02,2.068637e-02
1.000000e+00,0.000000e+00,0.000000e+00,0.000000e+00,0.000000e+00,0.000000e+00,0.000000e+00,0.000000e+00,0.000000e+00,0.000000e+00,0.000000e+00,0.000000e+00,0.000000e+00,0.000000e+00,0.000000e+00
1.000000e+00,0.000000e+00,0.000000e+00,0.000000e+00,0.000000e+00,0.000000e+00,0.000000e+00,0.000000e+00,0.000000e+00,0.000000e+00,0.000000e+00,0.000000e+00,0.000000e+00,0.000000e+00,0.000000e+00
4.726201e-01,2.127660e-02,3.209506e-02,2.373726e-02,2.350068e-02,6.198830e-02,1.371241e-03,1.563165e-02,2.362846e-02,8.568393e-03,1.880786e-01,2.103529e-02,4.241422e-03,7.320426e-02,2.902267e-02
4.371640e-01,1.548154e-02,2.400222e-02,1.725694e-02,1.708534e-02,1.040855e-01,1.321993e-03,1.202906e-02,1.940937e-02,6.892162e-03,1.998839e-01,1.654421e-02,4.133071e-03,9.923359e-02,2.547711e-02
3.376658e-01,1.417313e-02,2.088554e-02,1.531774e-02,1.321499e-02,8.736231e-02,1.102119e-03,8.871029e-03,1.785208e-02,1.031889e-02,2.979174e-01,1.808330e-02,3.603578e-03,1.204401e-01,3.319199e-02
3.285915e-01,1.687646e-02,2.956700e-02,1.577577e-02,1.193491e-02,1.112208e-01,2.000824e-03,8.730154e-03,1.566820e-02,1.131469e-02,2.593262e-01,1.805233e-02,3.180650e-03,1.306876e-01,3.707282e-02
2.833443e-01,1.489938e-02,2.823664e-02,1.186987e-02,9.018969e-03,1.483845e-01,1.945711e-03,7.675270e-03,1.457227e-02,1.304918e-02,2.769368e-01,1.476334e-02,3.155560e-03,1.318375e-01,4.031069e-02
2.386599e-01,1.221658e-02,2.257183e-02,8.600230e-03,6.577909e-03,1.439103e-01,2.202184e-03,6.456799e-03,1.297798e-02,1.370688e-02,3.004902e-01,1.331333e-02,2.463193e-03,1.799204e-01,3.593220e-02
1.731805e-01,9.465755e-03,1.647289e-02,6.193938e-03,4.956770e-03,1.081747e-01,1.759439e-03,4.748695e-03,1.229747e-02,1.153970e-02,3.466752e-01,1.217232e-02,1.847734e-03,2.622942e-01,2.822069e-02
1.227470e-01,7.170724e-03,1.171904e-02,4.420024e-03,3.551542e-03,7.616436e-02,1.268656e-03,3.376510e-03,1.192777e-02,8.963116e-03,3.157943e-01,9.884063e-03,1.333058e-03,4.013181e-01,2.036167e-02
8.674207e-02,5.601257e-03,8.361135e-03,3.168566e-03,2.617443e-03,5.399619e-02,9.839452e-04,2.422869e-03,1.189287e-02,7.882837e-03,3.015782e-01,1.026732e-02,1.003376e-03,4.888242e-01,1.465782e-02
6.084504e-02,5.400085e-03,5.938507e-03,2.304664e-03,1.884023e-03,3.839101e-02,7.259384e-04,1.721125e-03,2.129386e-02,6.012309e-03,2.380439e-01,1.004958e-02,7.360834e-04,5.960160e-01,1.063793e-02
4.269113e-02,6.176539e-03,4.293634e-03,1.685945e-03,1.378017e-03,2.801989e-02,5.410571e-04,1.242869e-03,3.814501e-02,5.022137e-03,1.935422e-01,9.498744e-03,5.399377e-04,6.595340e-01,7.688995e-03
2.990311e-02,5.819240e-03,3.046389e-03,1.197399e-03,9.959452e-04,1.997917e-02,3.828953e-04,8.739313e-04,5.307496e-02,4.446125e-03,1.764084e-01,8.788832e-03,3.903598e-04,6.891145e-01,5.578849e-03
2.094502e-02,4.764707e-03,2.214564e-03,8.741283e-04,7.285483e-04,1.434061e-02,2.729189e-04,6.144850e-04,2.239147e-01,3.592287e-03,1.315415e-01,6.930123e-03,2.800135e-04,5.849239e-01,4.062557e-03
1.468982e-02,1.325649e-02,3.845060e-03,7.861378e-04,6.362452e-04,1.140236e-02,2.237126e-04,6.799424e-04,3.638285e-01,3.699550e-03,1.013616e-01,5.211083e-03,2.093664e-04,4.769546e-01,3.215488e-03
1.030409e-02,1.294728e-02,2.950772e-03,7.852315e-04,8.130338e-04,8.787833e-03,1.791300e-04,6.164277e-04,5.234445e-01,3.691209e-03,7.413943e-02,3.849499e-03,1.635120e-04,3.549283e-01,2.399800e-03
7.251661e-03,1.204232e-02,2.160048e-03,7.476448e-04,1.569125e-03,6.692748e-03,1.339320e-04,4.701917e-04,6.508310e-01,4.609124e-03,5.237143e-02,2.736778e-03,1.276616e-04,2.559228e-01,2.333550e-03
5.105540e-03,1.046792e-02,1.538836e-03,8.335353e-04,1.912557e-03,4.895703e-03,9.701662e-05,3.531996e-04,7.399948e-01,8.916560e-03,3.684650e-02,1.953589e-03,1.450913e-04,1.832943e-01,3.644810e-03
3.963454e-03,1.023451e-02,1.430457e-03,3.659502e-03,2.921968e-03,4.131820e-03,8.196917e-05,1.056708e-03,7.958285e-01,1.155816e-02,2.628116e-02,1.418255e-03,2.102653e-04,1.319887e-01,5.234529e-03
3.470238e-03,1.198499e-02,1.526615e-03,5.220534e-03,7.266741e-03,3.366193e-03,6.991185e-05,1.002280e-03,8.179654e-01,2.029177e-02,1.895541e-02,1.089963e-03,6.141351e-04,9.889233e-02,8.283464e-03
3.435724e-03,1.196524e-02,2.128150e-03,1.249253e-02,8.135565e-03,3.243514e-03,6.019630e-05,8.838011e-04,8.117074e-01,2.759488e-02,1.527210e-02,1.152786e-03,1.318247e-03,7.638339e-02,2.422645e-02
4.599542e-03,1.117038e-02,2.625966e-03,1.709970e-02,8.515010e-03,3.468091e-03,6.962496e-05,1.073884e-03,7.950504e-01,4.292681e-02,1.186670e-02,1.016831e-03,1.920461e-03,6.518738e-02,3.340920e-02
7.933420e-03,8.378150e-03,7.984007e-03,4.855993e-02,8.035824e-03,3.147767e-03,7.799876e-05,1.175290e-03,7.497488e-01,5.114094e-02,1.005066e-02,1.075110e-03,4.205057e-03,5.018638e-02,4.830075e-02
2.056559e-02,7.245484e-03,1.085237e-02,3.843720e-02,1.127867e-02,3.504863e-03,2.906699e-04,3.543856e-03,7.292724e-01,4.530154e-02,1.064023e-02,2.013321e-03,1.227558e-02,5.921753e-02,4.556076e-02
6.468689e-02,6.318187e-03,9.123937e-03,2.989552e-02,2.133643e-02,1.051747e-02,3.936331e-04,7.401660e-03,6.621183e-01,3.815310e-02,1.920939e-02,2.061369e-03,1.073819e-02,7.458252e-02,4.346339e-02
7.022266e-02,6.039444e-03,8.454628e-03,2.262449e-02,6.618486e-02,1.940366e-02,2.129462e-03,2.511259e-02,5.650378e-01,2.958369e-02,2.527917e-02,1.934228e-03,1.055008e-02,1.119933e-01,3.545000e-02
7.547611e-02,5.705513e-03,1.006275e-02,1.845410e-02,1.012286e-01,2.427699e-02,3.247365e-03,8.391123e-02,4.637447e-01,2.440652e-02,2.367372e-02,1.789175e-03,8.384511e-03,1.239986e-01,3.164007e-02
1.017866e-01,1.144140e-02,2.067781e-02,1.734895e-02,1.080288e-01,2.551372e-02,4.654954e-03,6.915912e-02,3.925758e-01,2.620349e-02,1.931485e-02,2.352730e-03,7.446590e-03,1.018647e-01,9.163047e-02
9.355107e-02,2.447829e-02,4.998001e-02,1.252334e-01,1.270514e-01,2.364006e-02,7.138323e-03,5.326536e-02,3.001641e-01,1.908308e-02,1.438454e-02,2.170772e-03,5.860056e-03,7.745211e-02,7.654744e-02
1.087833e-01,2.577577e-02,6.097301e-02,1.425769e-01,1.234020e-01,2.911950e-02,7.073193e-03,4.124082e-02,2.745033e-01,1.618081e-02,1.152602e-02,2.338633e-03,4.888165e-03,5.974082e-02,9.187776e-02
9.159975e-02,2.360936e-02,5.267024e-02,3.175577e-01,1.179088e-01,2.270063e-02,5.491379e-03,3.275723e-02,1.996930e-01,1.194070e-02,8.982930e-03,2.101348e-03,3.664003e-03,4.216349e-02,6.715947e-02
8.958632e-02,1.899961e-02,4.970706e-02,3.942221e-01,1.365991e-01,1.826305e-02,4.555737e-03,3.652093e-02,1.516616e-01,9.120485e-03,7.843534e-03,1.793898e-03,2.823558e-03,2.989032e-02,4.841260e-02
8.545230e-02,1.473811e-02,4.506673e-02,2.987828e-01,1.476202e-01,1.639142e-02,5.461548e-03,2.046618e-01,1.089137e-01,6.444241e-03,6.532664e-03,1.822110e-03,2.748293e-03,2.121651e-02,3.414755e-02
6.900865e-02,1.064919e-02,3.284914e-02,2.107009e-01,1.173875e-01,1.211314e-02,4.215086e-03,4.144179e-01,7.684764e-02,4.593110e-03,4.806451e-03,1.360266e-03,2.051410e-03,1.498486e-02,2.401475e-02
5.776706e-02,7.804579e-03,2.392064e-02,1.487131e-01,8.614451e-02,9.928913e-03,4.037848e-03,5.701405e-01,5.413394e-02,3.333873e-03,3.613022e-03,1.066861e-03,1.749882e-03,1.058330e-02,1.706202e-02
4.500427e-02,5.678908e-03,1.723620e-02,1.043807e-01,6.306018e-02,7.777239e-03,3.352449e-03,6.883689e-01,3.809278e-02,2.392766e-03,2.661722e-03,8.719386e-04,1.479970e-03,7.485830e-03,1.215618e-02
3.987531e-02,4.230381e-03,1.245957e-02,7.341123e-02,4.696266e-02,6.229901e-03,2.802359e-03,7.675685e-01,2.689428e-02,1.718169e-03,1.950786e-03,7.660300e-04,1.180952e-03,5.289078e-03,8.660832e-03
7.735555e-02,3.751088e-03,1.013312e-02,5.270609e-02,3.596101e-02,8.920152e-03,3.820890e-03,7.692040e-01,1.993320e-02,1.417344e-03,2.162260e-03,1.789003e-03,1.708010e-03,4.023948e-03,7.114286e-03
7.514578e-02,3.041930e-03,7.834650e-03,3.861210e-02,3.113340e-02,6.866773e-03,3.780838e-03,8.047483e-01,1.468610e-02,1.073102e-03,1.915089e-03,1.608015e-03,1.580196e-03,2.871784e-03,5.101944e-03
8.893317e-02,2.461412e-03,7.041729e-03,2.846951e-02,2.490566e-02,6.233924e-03,4.976337e-03,8.142657e-01,1.078211e-02,8.737064e-04,1.685771e-03,1.778639e-03,1.598399e-03,2.125633e-03,3.868288e-03
1.067629e-01,1.880044e-03,6.105208e-03,2.115255e-02,2.096370e-02,5.718183e-03,6.191473e-03,8.125449e-01,7.743071e-03,8.530181e-04,1.627106e-03,2.037191e-03,1.754164e-03,1.598790e-03,3.067709e-03
1.190448e-01,1.462543e-03,4.928584e-03,1.560248e-02,1.967940e-02,5.465203e-03,6.237470e-03,8.114979e-01,5.623295e-03,7.566079e-04,1.594655e-03,2.290997e-03,2.135988e-03,1.194372e-03,2.485793e-03
1.513081e-01,1.379386e-03,5.831000e-03,1.373424e-02,1.539465e-02,6.050109e-03,5.267777e-03,7.797542e-01,4.370005e-03,1.169725e-03,2.060103e-03,5.375704e-03,4.439424e-03,1.153129e-03,2.712415e-03
1.279996e-01,1.693545e-03,6.386001e-03,1.308920e-02,1.404461e-02,4.857099e-03,4.060799e-03,8.014050e-01,5.560552e-03,2.732550e-03,3.215065e-03,4.416329e-03,6.883654e-03,1.003698e-03,2.652333e-03
1.030181e-01,1.790552e-03,5.875918e-03,1.099467e-02,1.548681e-02,4.098576e-03,3.370785e-03,8.201147e-01,8.324316e-03,2.875980e-03,5.270540e-03,4.107032e-03,1.120507e-02,9.019166e-04,2.564992e-03
8.084321e-02,3.930767e-03,5.066779e-03,1.381667e-02,1.606793e-02,4.158271e-03,2.700382e-03,7.614337e-01,4.907573e-02,4.355269e-03,1.548865e-02,4.405106e-03,2.583039e-02,1.383438e-03,1.144363e-02
7.980722e-02,5.322544e-03,4.284957e-03,1.255274e-02,2.137934e-02,4.265781e-03,3.250663e-03,7.285562e-01,6.715485e-02,3.815211e-03,2.090192e-02,4.142812e-03,2.703051e-02,1.459589e-03,1.607569e-02
5.687935e-02,1.635136e-02,3.914359e-03,1.497578e-02,1.527454e-02,3.172560e-03,2.331188e-03,5.125363e-01,3.141883e-01,4.127951e-03,1.655430e-02,3.349387e-03,2.212213e-02,1.172124e-03,1.305038e-02
4.140484e-02,1.822805e-02,3.127227e-03,1.318428e-02,1.094287e-02,2.311429e-03,1.668348e-03,3.597544e-01,4.944141e-01,3.796301e-03,1.365361e-02,2.743631e-03,2.270313e-02,9.343991e-04,1.113345e-02
3.209501e-02,1.582272e-02,2.279922e-03,9.655931e-03,7.981841e-03,1.935006e-03,1.197751e-03,2.521987e-01,6.264843e-01,3.012431e-03,1.088839e-02,2.243431e-03,2.124291e-02,1.184479e-03,1.177726e-02
2.903984e-02,1.173547e-02,1.656164e-03,7.064085e-03,5.660515e-03,1.672650e-03,8.646208e-04,1.766475e-01,7.147022e-01,2.400593e-03,8.226353e-03,1.808847e-03,2.776361e-02,1.161741e-03,9.595860e-03
3.564397e-02,9.783656e-03,1.390176e-03,5.422388e-03,4.150393e-03,1.617738e-03,6.747953e-04,1.238597e-01,7.387876e-01,1.897746e-03,6.301105e-03,1.593432e-03,5.940419e-02,1.025694e-03,8.447469e-03
2.906289e-02,9.285076e-03,1.289126e-03,4.172944e-03,2.973275e-03,1.182736e-03,4.933830e-04,8.674392e-02,8.044070e-01,1.576010e-03,4.595355e-03,1.338384e-03,4.476367e-02,1.356136e-03,6.760163e-03
1.198864e-01,1.213169e-02,3.752520e-03,4.064116e-03,4.502170e-03,2.380172e-03,1.172353e-03,6.194633e-02,6.440336e-01,4.017566e-03,1.051018e-02,6.491059e-03,8.284112e-02,1.541629e-02,2.685456e-02
2.334124e-01,1.398146e-02,5.176420e-03,4.687254e-03,1.158066e-02,4.051839e-03,1.898649e-03,4.615037e-02,4.953873e-01,6.317668e-03,1.424921e-02,7.604972e-03,8.811485e-02,2.159774e-02,4.578927e-02
3.629169e-01,1.458663e-02,7.228762e-03,5.238031e-03,3.552841e-02,6.648955e-03,2.370967e-03,3.671188e-02,3.693915e-01,6.649643e-03,1.257296e-02,7.273250e-03,7.052726e-02,2.066980e-02,4.168513e-02
3.728884e-01,2.129334e-02,7.130363e-03,5.250873e-03,1.097051e-01,1.490751e-02,3.588167e-03,3.219651e-02,2.975713e-01,5.457822e-03,1.088006e-02,7.325057e-03,5.830320e-02,1.835833e-02,3.514400e-02
3.548058e-01,3.395524e-02,1.835075e-02,1.320658e-02,1.351638e-01,1.946756e-02,4.713037e-03,2.976136e-02,2.272825e-01,1.035563e-02,1.010645e-02,7.784942e-03,4.593969e-02,1.793344e-02,7.117333e-02
3.378293e-01,3.890122e-02,1.726170e-02,1.266639e-02,2.255319e-01,2.573611e-02,8.514216e-03,2.421349e-02,1.690718e-01,1.017576e-02,8.704953e-03,7.228950e-03,3.619461e-02,1.670925e-02,6.126028e-02
2.959809e-01,4.692045e-02,1.918730e-02,3.726882e-02,2.532620e-01,4.602649e-02,9.101619e-03,2.373305e-02,1.312456e-01,8.970535e-03,1.070263e-02,1.052545e-02,2.917380e-02,1.753722e-02,6.036417e-02
3.368616e-01,5.033218e-02,1.753254e-02,5.767836e-02,2.226202e-01,4.613197e-02,7.481868e-03,2.019996e-02,1.001616e-01,8.276802e-03,1.255046e-02,1.972570e-02,2.590171e-02,1.761327e-02,5.693176e-02
3.047903e-01,5.683280e-02,4.043049e-02,9.453504e-02,2.298612e-01,4.300205e-02,6.379385e-03,2.071484e-02,7.552917e-02,7.122815e-03,1.193705e-02,1.945641e-02,2.122894e-02,1.555942e-02,5.262008e-02
2.505644e-01,4.718253e-02,1.721011e-01,1.413904e-01,1.701999e-01,3.096008e-02,4.679640e-03,1.860793e-02,5.888609e-02,6.722021e-03,1.030395e-02,1.540760e-02,1.704316e-02,1.148722e-02,4.446395e-02
3.188080e-01,4.542137e-02,1.829555e-01,1.134741e-01,1.311661e-01,4.136255e-02,4.576494e-03,2.815083e-02,4.568321e-02,6.374380e-03,8.990603e-03,1.405716e-02,1.500470e-02,8.888537e-03,3.508646e-02
2.593623e-01,4.128349e-02,1.313367e-01,8.072073e-02,1.281711e-01,2.337682e-01,4.275617e-03,2.136879e-02,3.389240e-02,4.707997e-03,7.467852e-03,1.034837e-02,1.097489e-02,6.466525e-03,2.585500e-02
2.350286e-01,4.485033e-02,9.410639e-02,5.766808e-02,9.983011e-02,3.474123e-01,3.287896e-03,1.628579e-02,2.428381e-02,4.120037e-03,3.050195e-02,9.772511e-03,8.072226e-03,5.393205e-03,1.938672e-02
1.658284e-01,3.185522e-02,6.602338e-02,4.053518e-02,7.046105e-02,5.383989e-01,2.343426e-03,1.171111e-02,1.701835e-02,3.789991e-03,2.183222e-02,6.873176e-03,5.668585e-03,3.863750e-03,1.379721e-02
1.166956e-01,2.241300e-02,4.625071e-02,2.865835e-02,4.938247e-02,4.793611e-01,1.765578e-03,8.273185e-03,1.485885e-02,1.757728e-01,1.915526e-02,4.941855e-03,4.479679e-03,4.162114e-03,2.382937e-02
8.767220e-02,1.609296e-02,3.290885e-02,2.078730e-02,3.472063e-02,5.046697e-01,1.579380e-03,6.445427e-03,2.138295e-02,1.556527e-01,6.980946e-02,4.207943e-03,3.750845e-03,1.265393e-02,2.766570e-02
6.272474e-02,1.186999e-02,2.329321e-02,1.466837e-02,2.434566e-02,3.893419e-01,1.328006e-03,4.792210e-03,1.952149e-02,1.248703e-01,2.618813e-01,4.522085e-03,3.018557e-03,3.296999e-02,2.085217e-02
4.402810e-02,8.471588e-03,1.631991e-02,1.027192e-02,1.705356e-02,2.737557e-01,9.596899e-04,3.369067e-03,1.441689e-02,8.859511e-02,4.488584e-01,3.775573e-03,2.146180e-03,5.327861e-02,1.469971e-02
3.109493e-02,6.241255e-03,1.144234e-02,7.195222e-03,1.197762e-02,1.949497e-01,7.125833e-04,2.394685e-03,1.164806e-02,6.302493e-02,5.701232e-01,3.627902e-03,1.596061e-03,7.342804e-02,1.054353e-02
2.242353e-02,4.793547e-03,8.038873e-03,5.045803e-03,8.575011e-03,1.384953e-01,5.667613e-04,1.713973e-03,1.304452e-02,4.843183e-02,6.036637e-01,4.650430e-03,1.185207e-03,1.315523e-01,7.819205e-03
1.574411e-02,4.025004e-03,5.658107e-03,3.534300e-03,6.090379e-03,1.006491e-01,4.203113e-04,1.206548e-03,1.789279e-02,3.505117e-02,5.558574e-01,3.752987e-03,8.945448e-04,2.432228e-01,6.000517e-03
1.105514e-02,7.569594e-03,4.190013e-03,2.499844e-03,6.562042e-03,8.466808e-02,3.235777e-04,8.619868e-04,7.928604e-02,2.518821e-02,5.009561e-01,3.243121e-03,7.590146e-04,2.677676e-01,5.069574e-03
7.753818e-03,1.570599e-02,3.315196e-03,1.755859e-03,6.719286e-03,6.014074e-02,2.370498e-04,6.160224e-04,1.551695e-01,1.891858e-02,3.831503e-01,2.625849e-03,7.984859e-04,3.366511e-01,6.442199e-03
5.442523e-03,1.349569e-02,2.472947e-03,1.241678e-03,8.544955e-03,4.271748e-02,1.739623e-04,4.546281e-04,2.148053e-01,1.390193e-02,3.030675e-01,1.956750e-03,6.255517e-04,3.850906e-01,6.008487e-03
3.854239e-03,1.152827e-02,2.032659e-03,9.047180e-04,7.412224e-03,3.106548e-02,1.337290e-04,3.937852e-04,2.626385e-01,1.048902e-02,2.271240e-01,1.895901e-03,5.239220e-04,4.326752e-01,7.328372e-03
2.820324e-03,9.746896e-03,1.669084e-03,7.916698e-04,5.426625e-03,2.227646e-02,1.054216e-04,7.106171e-04,3.030364e-01,7.866377e-03,1.603059e-01,1.453028e-03,4.915027e-04,4.755231e-01,7.776723e-03
3.641754e-03,1.836370e-02,1.931487e-03,1.260465e-03,4.704938e-03,2.025891e-02,1.305939e-04,2.234670e-03,3.697787e-01,6.026061e-03,1.169870e-01,1.139230e-03,7.293097e-04,4.425581e-01,1.025508e-02
5.383797e-03,2.075336e-02,7.464962e-03,8.023539e-03,4.324917e-03,1.955883e-02,1.930581e-04,4.044609e-03,3.740532e-01,5.700074e-03,8.449181e-02,8.951373e-04,7.720269e-04,4.505101e-01,1.383050e-02
5.859504e-03,1.607838e-02,5.883185e-03,6.204691e-03,4.089922e-03,1.596206e-02,1.783108e-04,3.568760e-03,4.034199e-01,4.394785e-03,6.072757e-02,7.372262e-04,8.848088e-04,4.516230e-01,2.038790e-02
8.393569e-03,1.461322e-02,5.047719e-03,4.923345e-03,3.277268e-03,2.085212e-02,2.127948e-04,2.863689e-03,4.114456e-01,3.505683e-03,4.695668e-02,5.720958e-04,9.553452e-04,4.566042e-01,1.977669e-02
1.488692e-02,1.205519e-02,1.055963e-02,8.539584e-03,3.548430e-03,2.653737e-02,2.521349e-04,3.438983e-03,4.458570e-01,3.834577e-03,3.627901e-02,4.405284e-04,8.185556e-04,4.100836e-01,2.286856e-02
1.533410e-02,9.346011e-03,9.241754e-03,7.243526e-03,4.826637e-03,2.082728e-02,2.389413e-04,3.397740e-03,4.772997e-01,3.281600e-03,4.086040e-02,3.289501e-04,6.563131e-04,3.885455e-01,1.857156e-02
1.807800e-02,7.704593e-03,3.625846e-02,1.599886e-02,1.132973e-02,1.826683e-02,2.954074e-04,1.229586e-02,5.082235e-01,2.846186e-03,3.389833e-02,2.555613e-04,5.045398e-04,3.191158e-01,1.492828e-02
2.422605e-02,7.583855e-03,3.600400e-02,1.231777e-02,1.397329e-02,1.469587e-02,3.170429e-04,1.422545e-02,5.543771e-01,2.756699e-03,2.766930e-02,2.555322e-04,4.435887e-04,2.755880e-01,1.556639e-02
3.503938e-02,6.301445e-03,4.935790e-02,3.059795e-02,3.639576e-02,1.210836e-02,3.432523e-04,2.048240e-02,5.194250e-01,9.590296e-03,2.478673e-02,4.056192e-04,8.010258e-04,2.359600e-01,1.840485e-02
4.725658e-02,4.903803e-03,9.528069e-02,3.846732e-02,3.149725e-02,9.572918e-03,3.017289e-04,4.193799e-02,4.644008e-01,1.750067e-02,1.982157e-02,1.045183e-03,2.153134e-03,2.097386e-01,1.612182e-02
4.756337e-02,4.563451e-03,7.086328e-02,3.368547e-02,1.155920e-01,7.297231e-03,4.345184e-04,6.535260e-02,4.138132e-01,1.683639e-02,1.653004e-02,1.158829e-03,2.276435e-03,1.912454e-01,1.278785e-02
6.770390e-02,4.486979e-03,5.666409e-02,2.874043e-02,1.370967e-01,1.353233e-02,4.752172e-03,6.563130e-02,3.600393e-01,1.659519e-02,1.391294e-02,1.072416e-03,1.996216e-03,2.179317e-01,9.844455e-03
6.096103e-02,3.735767e-03,4.074971e-02,2.240457e-02,3.165912e-01,1.556624e-02,5.163177e-03,5.355776e-02,2.846808e-01,1.459178e-02,9.900588e-03,8.958478e-04,1.584776e-03,1.620665e-01,7.550235e-03
5.745705e-02,3.232049e-03,2.984351e-02,1.728922e-02,4.534729e-01,1.832821e-02,1.154150e-02,5.180289e-02,2.105552e-01,1.485001e-02,7.113695e-03,8.283754e-04,1.764103e-03,1.160942e-01,5.827148e-03
6.598418e-02,3.018320e-03,2.209976e-02,1.234771e-02,3.313614e-01,1.834599e-02,2.262139e-01,5.275866e-02,1.520775e-01,1.876695e-02,5.194753e-03,1.286573e-03,2.258861e-03,8.321795e-02,5.067521e-03
5.019570e-02,2.267955e-03,1.572524e-02,8.680851e-03,2.363088e-01,1.343816e-02,4.358035e-01,4.569550e-02,1.072874e-01,1.533884e-02,3.761307e-03,1.112901e-03,2.190096e-03,5.843115e-02,3.762692e-03
3.710434e-02,1.652434e-03,1.149995e-02,6.120876e-03,1.695275e-01,9.985219e-03,5.927254e-01,3.448613e-02,7.563458e-02,1.136061e-02,2.752913e-03,1.069195e-03,2.273327e-03,4.094423e-02,2.863282e-03
3.055865e-02,1.233658e-03,8.543338e-03,4.350734e-03,1.218846e-01,7.810281e-03,7.003801e-01,2.639485e-02,5.355604e-02,8.608399e-03,2.061687e-03,1.304521e-03,2.449117e-03,2.870689e-02,2.157049e-03
2.456477e-02,9.346841e-04,6.258771e-03,3.092937e-03,8.633871e-02,5.914073e-03,7.819876e-01,2.036663e-02,3.771301e-02,6.280671e-03,1.567847e-03,1.219803e-03,1.994150e-03,2.013671e-02,1.629641e-03
1.870989e-02,6.705478e-04,4.487987e-03,2.194700e-03,6.099619e-02,4.390504e-03,8.430108e-01,1.555284e-02,2.647685e-02,4.456323e-03,1.151095e-03,1.061004e-03,1.521079e-03,1.411284e-02,1.207360e-03
1.419215e-02,4.755797e-04,3.208980e-03,1.545229e-03,4.288754e-02,3.201889e-03,8.871641e-01,1.205396e-02,1.855461e-02,3.133354e-03,8.312332e-04,8.924080e-04,1.113857e-03,9.884168e-03,8.608710e-04
1.024465e-02,3.391200e-04,2.273111e-03,1.088715e-03,3.017646e-02,2.346198e-03,9.195169e-01,9.075835e-03,1.299923e-02,2.204315e-03,6.124015e-04,6.800180e-04,8.933488e-04,6.923585e-03,6.260989e-04
8.141526e-03,2.479775e-04,1.642029e-03,7.741197e-04,2.139911e-02,1.808444e-03,9.407532e-01,7.272766e-03,9.148178e-03,1.552504e-03,4.821028e-04,6.038883e-04,8.488658e-04,4.853564e-03,4.716995e-04
6.390538e-03,1.860676e-04,1.205490e-03,5.495851e-04,1.515587e-02,1.472243e-03,9.558861e-01,5.800622e-03,6.469632e-03,1.095306e-03,4.281731e-04,5.856963e-04,1.002294e-03,3.406377e-03,3.660528e-04
4.852240e-03,1.379567e-04,8.692908e-04,3.866577e-04,1.067582e-02,1.106912e-03,9.675471e-01,4.665803e-03,4.569827e-03,7.705314e-04,3.722715e-04,4.764760e-04,8.813351e-04,2.388986e-03,2.987811e-04
4.052693e-03,1.019223e-04,6.256146e-04,2.742192e-04,7.548233e-03,8.647793e-04,9.752068e-01,3.993335e-03,3.243453e-03,5.445918e-04,3.768124e-04,3.917171e-04,8.458995e-04,1.675540e-03,2.544122e-04
3.345133e-03,7.374126e-05,4.470091e-04,1.956294e-04,5.333764e-03,6.979728e-04,9.811069e-01,3.169182e-03,2.282589e-03,3.887788e-04,4.108061e-04,3.540537e-04,8.000776e-04,1.180628e-03,2.137328e-04
2.905677e-03,5.368884e-05,3.191566e-04,1.398676e-04,3.767689e-03,5.588834e-04,9.852686e-01,2.533006e-03,1.607588e-03,2.793556e-04,4.981948e-04,3.327427e-04,7.179292e-04,8.353930e-04,1.821709e-04
