1.000000e+00,0.000000e+00,0.000000e+00,0.000000e+00,0.000000e+00,0.000000e+00,0.000000e+00,0.000000e+00,0.000000e+00,0.000000e+00,0.000000e+00,0.000000e+00,0.000000e+00,0.000000e+00,0.000000e+00
1.000000e+00,0.000000e+00,0.000000e+00,0.000000e+00,0.000000e+00,0.000000e+00,0.000000e+00,0.000000e+00,0.000000e+00,0.000000e+00,0.000000e+00,0.000000e+00,0.000000e+00,0.000000e+00,0.000000e+00
1.000000e+00,0.000000e+00,0.000000e+00,0.000000e+00,0.000000e+00,0.000000e+00,0.000000e+00,0.000000e+00,0.000000e+00,0.000000e+00,0.000000e+00,0.000000e+00,0.000000e+00,0.000000e+00,0.000000e+00
1.000000e+00,0.000000e+00,0.000000e+00,0.000000e+00,0.000000e+00,0.000000e+00,0.000000e+00,0.000000e+00,0.000000e+00,0.000000e+00,0.000000e+00,0.000000e+00,0.000000e+00,0.000000e+00,0.000000e+00
1.000000e+00,0.000000e+00,0.000000e+00,0.000000e+00,0.000000e+00,0.000000e+00,0.000000e+00,0.000000e+00,0.000000e+00,0.000000e+00,0.000000e+00,0.000000e+00,0.000000e+00,0.000000e+00,0.000000e+00
1.000000e+00,0.000000e+00,0.000000e+00,0.000000e+00,0.000000e+00,0.000000e+00,0.000000e+00,0.000000e+00,0.000000e+00,0.000000e+00,0.000000e+00,0.000000e+00,0.000000e+00,0.000000e+00,0.000000e+00
1.000000e+00,0.000000e+00,0.000000e+00,0.000000e+00,0.000000e+00,0.000000e+00,0.000000e+00,0.000000e+00,0.000000e+00,0.000000e+00,0.000000e+00,0.000000e+00,0.000000e+00,0.000000e+00,0.000000e+00
1.000000e+00,0.000000e+00,0.000000e+00,0.000000e+00,0.000000e+00,0.000000e+00,0.000000e+00,0.000000e+00,0.000000e+00,0.000000e+00,0.000000e+00,0.000000e+00,0.000000e+00,0.000000e+00,0.000000e+00
1.000000e+00,0.000000e+00,0.000000e+00,0.000000e+00,0.000000e+00,0.000000e+00,0.000000e+00,0.000000e+00,0.000000e+00,0.000000e+00,0.000000e+00,0.000000e+00,0.000000e+00,0.000000e+00,0.000000e+00
1.000000e+00,0.000000e+00,0.000000e+00,0.000000e+00,0.000000e+00,0.000000e+00,0.000000e+00,0.000000e+00,0.000000e+00,0.000000e+00,0.000000e+00,0.000000e+00,0.000000e+00,0.000000e+00,0.000000e+00
1.000000e+00,0.000000e+00,0.000000e+00,0.000000e+00,0.000000e+00,0.000000e+00,0.000000e+00,0.000000e+00,0.000000e+00,0.000000e+00,0.000000e+00,0.000000e+00,0.000000e+00,0.000000e+00,0.000000e+00
1.000000e+00,0.000000e+00,0.000000e+00,0.000000e+00,0.000000e+00,0.000000e+00,0.000000e+00,0.000000e+00,0.000000e+00,0.000000e+00,0.000000e+00,0.000000e+00,0.000000e+00,0.000000e+00,0.000000e+00
1.000000e+00,0.000000e+00,0.000000e+00,0.000000e+00,0.000000e+00,0.000000e+00,0.000000e+00,0.000000e+00,0.000000e+00,0.000000e+00,0.000000e+00,0.000000e+00,0.000000e+00,0.000000e+00,0.000000e+00
1.000000e+00,0.000000e+00,0.000000e+00,0.000000e+00,0.000000e+00,0.000000e+00,0.000000e+00,0.000000e+00,0.000000e+00,0.000000e+00,0.000000e+00,0.000000e+00,0.000000e+00,0.000000e+00,0.000000e+00
1.000000e+00,0.000000e+00,0.000000e+00,0.000000e+00,0.000000e+00,0.000000e+00,0.000000e+00,0.000000e+00,0.000000e+00,0.000000e+00,0.000000e+00,0.000000e+00,0.000000e+00,0.000000e+00,0.000000e+00
1.000000e+00,0.000000e+00,0.000000e+00,0.000000e+00,0.000000e+00,0.000000e+00,0.000000e+00,0.000000e+00,0.000000e+00,0.000000e+00,0.000000e+00,0.000000e+00,0.000000e+00,0.000000e+00,0.000000e+00
1.000000e+00,0.000000e+00,0.000000e+00,0.000000e+00,0.000000e+00,0.000000e+00,0.000000e+00,0.000000e+00,0.000000e+00,0.000000e+00,0.000000e+00,0.000000e+00,0.000000e+00,0.000000e+00,0.000000e+00
1.000000e+00,0.000000e+00,0.000000e+00,0.000000e+00,0.000000e+00,0.000000e+00,0.000000e+00,0.000000e+00,0.000000e+00,0.000000e+00,0.000000e+00,0.000000e+00,0.000000e+00,0.000000e+00,0.000000e+00
1.000000e+00,0.000000e+00,0.000000e+00,0.000000e+00,0.000000e+00,0.000000e+00,0.000000e+00,0.000000e+00,0.000000e+00,0.000000e+00,0.000000e+00,0.000000e+00,0.000000e+00,0.000000e+00,0.000000e+00
1.000000e+00,0.000000e+00,0.000000e+00,0.000000e+00,0.000000e+00,0.000000e+00,0.000000e+00,0.000000e+00,0.000000e+00,0.000000e+00,0.000000e+00,0.000000e+00,0.000000e+00,0.000000e+00,0.000000e+00
1.000000e+00,0.000000e+00,0.000000e+00,0.000000e+00,0.000000e+00,0.000000e+00,0.000000e+00,0.000000e+00,0.000000e+00,0.000000e+00,0.000000e+00,0.000000e+00,0.000000e+00,0.000000e+00,0.000000e+00
1.000000e+00,0.000000e+00,0.000000e+00,0.000000e+00,0.000000e+00,0.000000e+00,0.000000e+00,0.000000e+00,0.000000e+00,0.000000e+00,0.000000e+00,0.000000e+00,0.000000e+00,0.000000e+00,0.000000e+00
1.000000e+00,0.000000e+00,0.000000e+00,0.000000e+00,0.000000e+00,0.000000e+00,0.000000e+00,0.000000e+00,0.000000e+00,0.000000e+00,0.000000e+00,0.000000e+00,0.000000e+00,0.000000e+00,0.000000e+00
1.000000e+00,0.000000e+00,0.000000e+00,0.000000e+00,0.000000e+00,0.000000e+00,0.000000e+00,0.000000e+00,0.000000e+00,0.000000e+00,0.000000e+00,0.000000e+00,0.000000e+00,0.000000e+00,0.000000e+00
1.000000e+00,0.000000e+00,0.000000e+00,0.000000e+00,0.000000e+00,0.000000e+00,0.000000e+00,0.000000e+00,0.000000e+00,0.000000e+00,0.000000e+00,0.000000e+00,0.000000e+00,0.000000e+00,0.000000e+00
1.000000e+00,0.000000e+00,0.000000e+00,0.000000e+00,0.000000e+00,0.000000e+00,0.000000e+00,0.000000e+00,0.000000e+00,0.000000e+00,0.000000e+00,0.000000e+00,0.000000e+00,0.000000e+00,0.000000e+00
1.000000e+00,0.000000e+00,0.000000e+00,0.000000e+00,0.000000e+00,0.000000e+00,0.000000e+00,0.000000e+00,0.000000e+00,0.000000e+00,0.000000e+00,0.000000e+00,0.000000e+00,0.000000e+00,0.000000e+00
1.000000e+00,0.000000e+00,0.000000e+00,0.000000e+00,0.000000e+00,0.000000e+00,0.000000e+00,0.000000e+00,0.000000e+00,0.000000e+00,0.000000e+00,0.000000e+00,0.000000e+00,0.000000e+00,0.000000e+00
1.000000e+00,0.000000e+00,0.000000e+00,0.000000e+00,0.000000e+00,0.000000e+00,0.000000e+00,0.000000e+00,0.000000e+00,0.000000e+00,0.000000e+00,0.000000e+00,0.000000e+00,0.000000e+00,0.000000e+00
1.000000e+00,0.000000e+00,0.000000e+00,0.000000e+00,0.000000e+00,0.000000e+00,0.000000e+00,0.000000e+00,0.000000e+00,0.000000e+00,0.000000e+00,0.000000e+00,0.000000e+00,0.000000e+00,0.000000e+00
1.000000e+00,0.000000e+00,0.000000e+00,0.000000e+00,0.000000e+00,0.000000e+00,0.000000e+00,0.000000e+00,0.000000e+00,0.000000e+00,0.000000e+00,0.000000e+00,0.000000e+00,0.000000e+00,0.000000e+00
1.000000e+00,0.000000e+00,0.000000e+00,0.000000e+00,0.000000e+00,0.000000e+00,0.000000e+00,0.000000e+00,0.000000e+00,0.000000e+00,0.000000e+00,0.000000e+00,0.000000e+00,0.000000e+00,0.000000e+00
1.000000e+00,0.000000e+00,0.000000e+00,0.000000e+00,0.000000e+00,0.000000e+00,0.000000e+00,0.000000e+00,0.000000e+00,0.000000e+00,0.000000e+00,0.000000e+00,0.000000e+00,0.000000e+00,0.000000e+00
1.000000e+00,0.000000e+00,0.000000e+00,0.000000e+00,0.000000e+00,0.000000e+00,0.000000e+00,0.000000e+00,0.000000e+00,0.000000e+00,0.000000e+00,0.000000e+00,0.000000e+00,0.000000e+00,0.000000e+00
1.000000e+00,0.000000e+00,0.000000e+00,0.000000e+00,0.000000e+00,0.000000e+00,0.000000e+00,0.000000e+00,0.000000e+00,0.000000e+00,0.000000e+00,0.000000e+00,0.000000e+00,0.000000e+00,0.000000e+00
1.000000e+00,0.000000e+00,0.000000e+00,0.000000e+00,0.000000e+00,0.000000e+00,0.000000e+00,0.000000e+00,0.000000e+00,0.000000e+00,0.000000e+00,0.000000e+00,0.000000e+00,0.000000e+00,0.000000e+00
1.000000e+00,0.000000e+00,0.000000e+00,0.000000e+00,0.000000e+00,0.000000e+00,0.000000e+00,0.000000e+00,0.000000e+00,0.000000e+00,0.000000e+00,0.000000e+00,0.000000e+00,0.000000e+00,0.000000e+00
1.000000e+00,0.000000e+00,0.000000e+00,0.000000e+00,0.000000e+00,0.000000e+00,0.000000e+00,0.000000e+00,0.000000e+00,0.000000e+00,0.000000e+00,0.000000e+00,0.000000e+00,0.000000e+00,0.000000e+00
1.000000e+00,0.000000e+00,0.000000e+00,0.000000e+00,0.000000e+00,0.000000e+00,0.000000e+00,0.000000e+00,0.000000e+00,0.000000e+00,0.000000e+00,0.000000e+00,0.000000e+00,0.000000e+00,0.000000e+00
1.000000e+00,0.000000e+00,0.000000e+00,0.000000e+00,0.000000e+00,0.000000e+00,0.000000e+00,0.000000e+00,0.000000e+00,0.000000e+00,0.000000e+00,0.000000e+00,0.000000e+00,0.000000e+00,0.000000e+00
1.000000e+00,0.000000e+00,0.000000e+00,0.000000e+00,0.000000e+00,0.000000e+00,0.000000e+00,0.000000e+00,0.000000e+00,0.000000e+00,0.000000e+00,0.000000e+00,0.000000e+00,0.000000e+00,0.000000e+00
1.000000e+00,0.000000e+00,0.000000e+00,0.000000e+00,0.000000e+00,0.000000e+00,0.000000e+00,0.000000e+00,0.000000e+00,0.000000e+00,0.000000e+00,0.000000e+00,0.000000e+00,0.000000e+00,0.000000e+00
1.000000e+00,0.000000e+00,0.000000e+00,0.000000e+00,0.000000e+00,0.000000e+00,0.000000e+00,0.000000e+00,0.000000e+00,0.000000e+00,0.000000e+00,0.000000e+00,0.000000e+00,0.000000e+00,0.000000e+00
1.000000e+00,0.000000e+00,0.000000e+00,0.000000e+00,0.000000e+00,0.000000e+00,0.000000e+00,0.000000e+00,0.000000e+00,0.000000e+00,0.000000e+00,0.000000e+00,0.000000e+00,0.000000e+00,0.000000e+00
1.000000e+00,0.000000e+00,0.000000e+00,0.000000e+00,0.000000e+00,0.000000e+00,0.000000e+00,0.000000e+00,0.000000e+00,0.000000e+00,0.000000e+00,0.000000e+00,0.000000e+00,0.000000e+00,0.000000e+00
1.000000e+00,0.000000e+00,0.000000e+00,0.000000e+00,0.000000e+00,0.000000e+00,0.000000e+00,0.000000e+00,0.000000e+00,0.000000e+00,0.000000e+00,0.000000e+00,0.000000e+00,0.000000e+00,0.000000e+00
1.000000e+00,0.000000e+00,0.000000e+00,0.000000e+00,0.000000e+00,0.000000e+00,0.000000e+00,0.000000e+00,0.000000e+00,0.000000e+00,0.000000e+00,0.000000e+00,0.000000e+00,0.000000e+00,0.000000e+00
1.000000e+00,0.000000e+00,0.000000e+00,0.000000e+00,0.000000e+00,0.000000e+00,0.000000e+00,0.000000e+00,0.000000e+00,0.000000e+00,0.000000e+00,0.000000e+00,0.000000e+00,0.000000e+00,0.000000e+00
1.000000e+00,0.000000e+00,0.000000e+00,0.000000e+00,0.000000e+00,0.000000e+00,0.000000e+00,0.000000e+00,0.000000e+00,0.000000e+00,0.000000e+00,0.000000e+00,0.000000e+00,0.000000e+00,0.000000e+00
1.000000e+00,0.000000e+00,0.000000e+00,0.000000e+00,0.000000e+00,0.000000e+00,0.000000e+00,0.000000e+00,0.000000e+00,0.000000e+00,0.000000e+00,0.000000e+00,0.000000e+00,0.000000e+00,0.000000e+00
1.000000e+00,0.000000e+00,0.000000e+00,0.000000e+00,0.000000e+00,0.000000e+00,0.000000e+00,0.000000e+00,0.000000e+00,0.000000e+00,0.000000e+00,0.000000e+00,0.000000e+00,0.000000e+00,0.000000e+00
1.000000e+00,0.000000e+00,0.000000e+00,0.000000e+00,0.000000e+00,0.000000e+00,0.000000e+00,0.000000e+00,0.000000e+00,0.000000e+00,0.000000e+00,0.000000e+00,0.000000e+00,0.000000e+00,0.000000e+00
1.000000e+00,0.000000e+00,0.000000e+00,0.000000e+00,0.000000e+00,0.000000e+00,0.000000e+00,0.000000e+00,0.000000e+00,0.000000e+00,0.000000e+00,0.000000e+00,0.000000e+00,0.000000e+00,0.000000e+00
1.000000e+00,0.000000e+00,0.000000e+00,0.000000e+00,0.000000e+00,0.000000e+00,0.000000e+00,0.000000e+00,0.000000e+00,0.000000e+00,0.000000e+00,0.000000e+00,0.000000e+00,0.000000e+00,0.000000e+00
4.626799e-01,8.047897e-03,1.612413e-02,3.322359e-02,4.255087e-03,1.258394e-02,3.535427e-03,4.073731e-01,4.258606e-03,1.119441e-03,9.482945e-03,1.545543e-02,1.036860e-02,2.245991e-03,9.245952e-03
3.287335e-01,5.709974e-03,1.185881e-02,2.400284e-02,3.339663e-03,9.408508e-03,3.059706e-03,5.766220e-01,3.029902e-03,7.995885e-04,6.783251e-03,1.093667e-02,7.404569e-03,1.771447e-03,6.539596e-03
2.319424e-01,4.070674e-03,9.149938e-03,1.811572e-02,2.716227e-03,7.089981e-03,2.449051e-03,6.980017e-01,2.140565e-03,5.650272e-04,4.834379e-03,7.731573e-03,5.246428e-03,1.337549e-03,4.608814e-03
1.626259e-01,2.859001e-03,6.636289e-03,1.290191e-02,2.070215e-03,5.038065e-03,1.893205e-03,7.873335e-01,1.502820e-03,3.967414e-04,3.415077e-03,5.424735e-03,3.707547e-03,9.630890e-04,3.232006e-03
1.151607e-01,2.085388e-03,5.066428e-03,9.936059e-03,5.113432e-03,3.982797e-03,1.421566e-03,8.434974e-01,1.196460e-03,2.876709e-04,2.515697e-03,3.884449e-03,2.750733e-03,8.225059e-04,2.278785e-03
8.147667e-02,1.519888e-03,3.749403e-03,7.580204e-03,6.770476e-03,3.040177e-03,1.110279e-03,8.839673e-01,1.614694e-03,2.329354e-04,1.847573e-03,2.773843e-03,2.084442e-03,6.104886e-04,1.621598e-03
5.787724e-02,1.198605e-03,2.735651e-03,5.565919e-03,1.477630e-02,2.686667e-03,9.073019e-04,9.061247e-01,1.240760e-03,2.168683e-04,1.331202e-03,2.037394e-03,1.679701e-03,4.447874e-04,1.176921e-03
4.357686e-02,1.077201e-03,2.030342e-03,4.299196e-03,2.525437e-02,2.665731e-03,7.448816e-04,9.128144e-01,1.208273e-03,3.977010e-04,1.072054e-03,1.739701e-03,1.839482e-03,3.497447e-04,9.300251e-04
3.667122e-02,1.004662e-03,1.722808e-03,3.372920e-03,2.654821e-02,2.279613e-03,8.553611e-04,9.196396e-01,1.084751e-03,7.866644e-04,9.120533e-04,1.987927e-03,2.016275e-03,3.358559e-04,7.821192e-04
3.630858e-02,8.746117e-04,1.588189e-03,2.812559e-03,2.315134e-02,1.898802e-03,1.020278e-03,9.250391e-01,8.737614e-04,7.855376e-04,7.646735e-04,2.078142e-03,1.830002e-03,3.017276e-04,6.727626e-04
5.355422e-02,7.816907e-04,1.371475e-03,2.239780e-03,1.843981e-02,1.664492e-03,1.163147e-03,9.138249e-01,6.889413e-04,6.521055e-04,6.939906e-04,2.261638e-03,1.755569e-03,2.697565e-04,6.384735e-04
7.791542e-02,6.007269e-04,1.271421e-03,1.725466e-03,1.388305e-02,1.892681e-03,1.457005e-03,8.946478e-01,5.415272e-04,4.923560e-04,5.954064e-04,2.506177e-03,1.647315e-03,2.214272e-04,6.022673e-04
1.064777e-01,4.935275e-04,1.291303e-03,1.371452e-03,1.089518e-02,2.391077e-03,1.775613e-03,8.681461e-01,4.906802e-04,4.534856e-04,6.126763e-04,3.000426e-03,1.672858e-03,2.135884e-04,7.143317e-04
1.653706e-01,4.634691e-04,1.300649e-03,1.153915e-03,8.879374e-03,2.946611e-03,1.990642e-03,8.092605e-01,5.233348e-04,4.078592e-04,5.858680e-04,4.114318e-03,1.812886e-03,2.249108e-04,9.650654e-04
2.021205e-01,5.105003e-04,2.198649e-03,1.164814e-03,7.355114e-03,4.531633e-03,3.046736e-03,7.675818e-01,5.444683e-04,4.355671e-04,7.012744e-04,5.558352e-03,2.439201e-03,3.536884e-04,1.457782e-03
2.084562e-01,4.429127e-04,3.430233e-03,1.576125e-03,5.837930e-03,6.436978e-03,4.077607e-03,7.578500e-01,4.445315e-04,3.733572e-04,6.621142e-04,5.950081e-03,2.782322e-03,3.752954e-04,1.304354e-03
1.827654e-01,3.839688e-04,3.095916e-03,1.586076e-03,5.919685e-03,5.746353e-03,4.706437e-03,7.811393e-01,4.021007e-04,3.640579e-04,9.851342e-04,5.686050e-03,5.579204e-03,3.793184e-04,1.261020e-03
1.332628e-01,3.485902e-04,2.569262e-03,1.323412e-03,4.821386e-03,4.313959e-03,3.469348e-03,7.598984e-01,4.212276e-04,5.452981e-03,1.290442e-02,9.916876e-03,4.885745e-02,9.626201e-03,2.813719e-03
9.373188e-02,2.527239e-04,1.820090e-03,1.128597e-03,4.196269e-03,3.105312e-03,2.535347e-03,5.468528e-01,4.954454e-04,3.979385e-03,1.122285e-02,1.219764e-02,3.071630e-01,6.839740e-03,4.478893e-03
6.575649e-02,1.810789e-04,1.285510e-03,8.939342e-04,3.321465e-03,2.188387e-03,1.874969e-03,3.873776e-01,4.808669e-04,2.849174e-03,9.142066e-03,1.017207e-02,5.027640e-01,4.813496e-03,6.898930e-03
4.620860e-02,2.197831e-04,9.947715e-04,7.450368e-04,3.526609e-03,1.631770e-03,1.879408e-03,2.724314e-01,5.607611e-03,2.220697e-03,7.182898e-03,1.492056e-02,6.329973e-01,3.540628e-03,5.892891e-03
3.236198e-02,1.661255e-04,7.322539e-04,5.416032e-04,2.703029e-03,1.159814e-03,1.409515e-03,1.908077e-01,4.268480e-03,1.647096e-03,5.402073e-03,1.485252e-02,7.369540e-01,2.502474e-03,4.491272e-03
2.276574e-02,3.060993e-04,9.369841e-04,4.755437e-04,3.469014e-03,1.275044e-03,1.095973e-03,1.336930e-01,4.155761e-03,1.333139e-03,5.710395e-03,5.395755e-02,7.652550e-01,1.971404e-03,3.599346e-03
1.595067e-02,3.060464e-04,7.965349e-04,3.713281e-04,3.038581e-03,1.245834e-03,8.157099e-04,9.362349e-02,3.566639e-03,1.064291e-03,4.750360e-03,2.471173e-01,6.229894e-01,1.729186e-03,2.634648e-03
1.117888e-02,2.773902e-04,7.445037e-04,2.849395e-04,4.467485e-03,1.872027e-03,6.430284e-04,6.558273e-02,3.090432e-03,8.778181e-04,4.477107e-03,3.883498e-01,5.147700e-01,1.386237e-03,1.997637e-03
7.844094e-03,2.641478e-04,6.464959e-04,2.209283e-04,4.407987e-03,2.535876e-03,6.231656e-04,4.618009e-02,2.892070e-03,7.443844e-04,4.693833e-03,5.313261e-01,3.944028e-01,1.470387e-03,1.747747e-03
5.520775e-03,2.057446e-04,5.064275e-04,1.828016e-04,3.445740e-03,2.228706e-03,5.325482e-04,3.243471e-02,2.366647e-03,5.934802e-04,3.711123e-03,6.591346e-01,2.866712e-01,1.153177e-03,1.312354e-03
4.232667e-03,2.747122e-04,8.017346e-04,7.061031e-04,3.337559e-03,3.541324e-03,7.653828e-04,2.322494e-02,2.976518e-03,6.048839e-04,3.902052e-03,7.304976e-01,2.225741e-01,1.326711e-03,1.233739e-03
5.156255e-03,5.282622e-04,1.159719e-03,2.180954e-03,1.508114e-02,4.128907e-03,1.108298e-03,1.945917e-02,4.976942e-03,8.229988e-04,6.427376e-03,7.367975e-01,1.983806e-01,2.381384e-03,1.410591e-03
1.290508e-02,8.189802e-04,1.732152e-03,2.221579e-03,3.306901e-02,4.218137e-03,1.591371e-03,1.621775e-02,9.049693e-03,9.665232e-04,7.866607e-03,7.149038e-01,1.898836e-01,3.013113e-03,1.542585e-03
1.883804e-02,1.053978e-03,1.687146e-03,2.224887e-03,2.978219e-02,5.128690e-03,1.685686e-03,1.325734e-02,9.831091e-03,9.401476e-04,6.307719e-03,7.191634e-01,1.862911e-01,2.516047e-03,1.292568e-03
1.672127e-02,9.671070e-04,1.378179e-03,1.908352e-03,2.250958e-02,5.578293e-03,1.348072e-03,9.464390e-03,8.154349e-03,1.031829e-03,7.099040e-03,6.808914e-01,2.393979e-01,2.394476e-03,1.155786e-03
1.567634e-02,1.099928e-03,1.552026e-03,1.698492e-03,1.968698e-02,7.419725e-03,1.141717e-03,6.965782e-03,8.564668e-03,1.291556e-03,8.948034e-03,6.188269e-01,3.018810e-01,3.793800e-03,1.453089e-03
1.488863e-02,9.012540e-04,1.753769e-03,1.323317e-03,2.179787e-02,6.432872e-03,2.396803e-03,5.744188e-03,6.520803e-03,1.833640e-03,8.134540e-03,5.956454e-01,3.236840e-01,7.477886e-03,1.464966e-03
1.416267e-02,8.245266e-04,1.615796e-03,9.958205e-04,1.974216e-02,5.420364e-03,2.150946e-03,4.488016e-03,4.797565e-03,1.686709e-03,6.447223e-03,5.986433e-01,3.292668e-01,8.596595e-03,1.161515e-03
1.715641e-02,4.214492e-03,1.289351e-02,8.540265e-04,4.815390e-02,5.187524e-03,6.069530e-03,7.297561e-03,5.225667e-03,1.838148e-03,5.410033e-03,5.569620e-01,3.190680e-01,8.297908e-03,1.371347e-03
2.258040e-02,1.275015e-02,2.947439e-02,1.702111e-03,5.161699e-02,7.321073e-03,5.314242e-03,9.083930e-03,6.149848e-03,4.195635e-03,6.510283e-03,4.813720e-01,3.484329e-01,1.009733e-02,3.398691e-03
3.460248e-02,1.347450e-02,2.676587e-02,1.682474e-03,6.351641e-02,7.798183e-03,4.580413e-03,8.345230e-03,5.718022e-03,4.934200e-03,6.429838e-03,4.084115e-01,4.002407e-01,9.743049e-03,3.757134e-03
7.607432e-02,1.244826e-02,6.345306e-02,3.482621e-03,6.083512e-02,1.144035e-02,7.817571e-03,1.210495e-02,6.615434e-03,1.158982e-02,8.358097e-03,3.049207e-01,4.067814e-01,9.423462e-03,4.654867e-03
8.198056e-02,1.025828e-02,4.987287e-02,3.089088e-03,5.301701e-02,1.683029e-02,1.210201e-02,1.108126e-02,6.269049e-03,1.204018e-02,7.003301e-03,2.341748e-01,4.857041e-01,1.194117e-02,4.636013e-03
9.921749e-02,8.659821e-03,4.164960e-02,3.110951e-03,4.695364e-02,1.794345e-02,1.610769e-02,5.621734e-02,1.345045e-02,1.323926e-02,5.530376e-03,1.937555e-01,4.675513e-01,1.111598e-02,5.497177e-03
7.525365e-02,6.454378e-03,4.482982e-02,3.036311e-03,3.625911e-02,1.489417e-02,1.539433e-02,2.864577e-01,1.039338e-02,9.510952e-03,4.095171e-03,1.368181e-01,3.448201e-01,7.860859e-03,3.921930e-03
5.533770e-02,4.661674e-03,3.437867e-02,2.782584e-03,2.927713e-02,1.271672e-02,1.300500e-02,4.794655e-01,7.435801e-03,6.696188e-03,2.958413e-03,9.607408e-02,2.468978e-01,5.541199e-03,2.771554e-03
4.237194e-02,3.378930e-03,3.923809e-02,3.098282e-03,2.363103e-02,1.055700e-02,1.735114e-02,6.005695e-01,5.247532e-03,4.716211e-03,2.125199e-03,6.733219e-02,1.744196e-01,3.902740e-03,2.060649e-03
3.222919e-02,2.416986e-03,3.030105e-02,2.480641e-03,1.814696e-02,8.724541e-03,8.851938e-02,6.343799e-01,3.706095e-03,3.411843e-03,1.510543e-03,4.720392e-02,1.227093e-01,2.746195e-03,1.513547e-03
2.715224e-02,2.481649e-03,2.577344e-02,2.995813e-03,1.499118e-02,8.526151e-03,1.038648e-01,6.379121e-01,3.843748e-03,4.610126e-03,1.826145e-02,3.908413e-02,1.059074e-01,2.253400e-03,2.342422e-03
1.962132e-02,2.405594e-03,2.000199e-02,2.862656e-03,1.350588e-02,6.636599e-03,2.524672e-01,4.918522e-01,4.424085e-03,1.647800e-02,4.148968e-02,3.369106e-02,8.685308e-02,1.759726e-03,5.950986e-03
1.800348e-02,3.451401e-03,1.567932e-02,4.106986e-03,1.801582e-02,7.051838e-03,2.825285e-01,4.032757e-01,1.206145e-02,2.022100e-02,8.169667e-02,4.407100e-02,7.859308e-02,2.778198e-03,8.465649e-03
1.645796e-02,2.802987e-03,1.104493e-02,3.290321e-03,1.555195e-02,8.080192e-03,2.910844e-01,2.828303e-01,1.577517e-02,1.629743e-02,9.615925e-02,1.390202e-01,8.607869e-02,3.957278e-03,1.156901e-02
1.519108e-02,2.563107e-03,7.754223e-03,2.516042e-03,1.213044e-02,8.140390e-03,2.433625e-01,1.984403e-01,1.488528e-02,1.210830e-02,1.110774e-01,2.769792e-01,8.048381e-02,4.793366e-03,9.574553e-03
1.211735e-02,2.350255e-03,5.493629e-03,1.996253e-03,9.395113e-03,8.362122e-03,1.777961e-01,1.394855e-01,1.457251e-02,9.191559e-03,1.331084e-01,4.111966e-01,6.028770e-02,7.461657e-03,7.185246e-03
8.565856e-03,1.783433e-03,4.514661e-03,1.851687e-03,2.584025e-02,5.979775e-03,1.248040e-01,9.803270e-02,1.369062e-02,7.060843e-03,1.154561e-01,5.336857e-01,4.477470e-02,8.744124e-03,5.215619e-03
6.099058e-03,1.425188e-03,3.422319e-03,1.508002e-03,5.647956e-02,4.323783e-03,8.744834e-02,6.877270e-02,1.240319e-02,5.436778e-03,8.866218e-02,6.187078e-01,3.456180e-02,6.942291e-03,3.807052e-03
4.689129e-03,1.177772e-03,2.576727e-03,1.228142e-03,4.968311e-02,5.756928e-03,6.135488e-02,4.867770e-02,1.295608e-02,5.886502e-03,8.182150e-02,6.857184e-01,2.727050e-02,8.337380e-03,2.865234e-03
3.984974e-03,1.533847e-03,3.005743e-03,1.026365e-03,3.965098e-02,6.011891e-03,4.309799e-02,3.458495e-02,1.112394e-02,1.362535e-02,9.134652e-02,6.866053e-01,2.343277e-02,3.817901e-02,2.790333e-03
3.442632e-03,1.136654e-03,2.206504e-03,9.167431e-04,2.930045e-02,5.115759e-03,3.023718e-02,2.454716e-02,8.669613e-03,1.698727e-02,1.074450e-01,7.137846e-01,1.767776e-02,3.634878e-02,2.183944e-03
2.522595e-03,8.158300e-04,1.585133e-03,8.564822e-04,2.142718e-02,4.079374e-03,2.117853e-02,1.730289e-02,6.408259e-03,1.378379e-02,9.106521e-02,7.768891e-01,1.315523e-02,2.734265e-02,1.587777e-03
2.115638e-03,6.508721e-04,1.183483e-03,1.034984e-03,2.668614e-02,3.129608e-03,1.484666e-02,1.259459e-02,5.595949e-03,1.207643e-02,9.102917e-02,7.963114e-01,1.149265e-02,2.004379e-02,1.208670e-03
2.294766e-03,6.646721e-04,9.868291e-04,1.002726e-03,4.298466e-02,3.091587e-03,1.047498e-02,9.409640e-03,4.691283e-03,1.001586e-02,7.357569e-02,8.154213e-01,9.476809e-03,1.495189e-02,9.573165e-04
2.333009e-03,7.169433e-04,8.412247e-04,7.705946e-04,3.513953e-02,2.924424e-03,7.348503e-03,6.810038e-03,4.038992e-03,7.620859e-03,6.167022e-02,8.507642e-01,7.197406e-03,1.107321e-02,7.509518e-04
3.705941e-03,6.298008e-04,6.513239e-04,6.233430e-04,2.509617e-02,3.695360e-03,5.153221e-03,4.840625e-03,3.351555e-03,5.673300e-03,5.534045e-02,8.766656e-01,5.467973e-03,8.396056e-03,7.093205e-04
3.213706e-03,7.584757e-04,6.921991e-04,7.782296e-04,1.942674e-02,3.824460e-03,3.638527e-03,3.568473e-03,5.348583e-03,4.286919e-03,5.095325e-02,8.913865e-01,4.916386e-03,6.397814e-03,8.097572e-04
1.344267e-02,1.228001e-03,1.198584e-02,5.946116e-03,4.516802e-02,8.746909e-03,3.129289e-03,6.272950e-02,7.983535e-03,3.992345e-03,4.513492e-02,7.791533e-01,5.282414e-03,5.382989e-03,6.942301e-04
1.100298e-02,1.177255e-03,9.475715e-03,4.549516e-03,6.120329e-02,8.484148e-03,2.859201e-03,4.579442e-02,8.174554e-03,4.958685e-03,7.702965e-02,7.538603e-01,5.511537e-03,5.199156e-03,7.196551e-04
9.975666e-03,1.453882e-03,7.949444e-03,3.366458e-03,1.609645e-01,6.984608e-03,2.426642e-03,3.378575e-02,1.350163e-02,4.280512e-03,6.359958e-02,6.814471e-01,4.939826e-03,4.604478e-03,7.199655e-04
8.687402e-03,1.520751e-03,8.825416e-03,2.496795e-03,1.947581e-01,5.727129e-03,2.787615e-03,2.966072e-02,2.127660e-02,5.200214e-03,6.784880e-02,6.410209e-01,4.419909e-03,5.128921e-03,6.407799e-04
1.013894e-02,1.701421e-03,8.172899e-03,1.920477e-03,1.575610e-01,9.114577e-03,5.077072e-03,2.949642e-02,2.686928e-02,5.669823e-03,1.253470e-01,6.075366e-01,6.103214e-03,4.610877e-03,6.804573e-04
1.385175e-02,2.329773e-03,1.181112e-02,2.275353e-03,1.542070e-01,2.634117e-02,3.646649e-02,6.955333e-02,2.945712e-02,1.028897e-02,1.302286e-01,5.021961e-01,5.943023e-03,4.364345e-03,6.857879e-04
1.360575e-02,6.254707e-03,3.010939e-02,1.988715e-03,1.839486e-01,6.375584e-02,2.851564e-02,5.617758e-02,6.609040e-02,7.596141e-03,1.592286e-01,3.702248e-01,7.858697e-03,3.505171e-03,1.139969e-03
1.314431e-02,9.040232e-03,2.919172e-02,2.165133e-03,1.607360e-01,7.717115e-02,2.281471e-02,4.986459e-02,9.789759e-02,5.901338e-03,2.074510e-01,2.969745e-01,2.272084e-02,3.332607e-03,1.594263e-03
1.527971e-02,1.735698e-02,3.047820e-02,4.586040e-03,1.244695e-01,6.402282e-02,1.691844e-02,7.318133e-02,1.119648e-01,5.108423e-03,2.830750e-01,2.196266e-01,2.700572e-02,4.020611e-03,2.905715e-03
1.946866e-02,1.782615e-02,2.720133e-02,5.881883e-03,1.147932e-01,6.939828e-02,1.226056e-02,6.698769e-02,1.110508e-01,4.299460e-03,3.423280e-01,1.673741e-01,3.178783e-02,6.108374e-03,3.233789e-03
2.240677e-02,1.901986e-02,3.139568e-02,1.095136e-02,1.009989e-01,5.457924e-02,9.213410e-03,6.541055e-02,1.104805e-01,3.908730e-03,4.062894e-01,1.233749e-01,3.068525e-02,8.728006e-03,2.557556e-03
2.003767e-02,1.596455e-02,2.360269e-02,1.138932e-02,7.917160e-02,6.359828e-02,6.665814e-03,1.088270e-01,1.534840e-01,3.097853e-03,3.864464e-01,8.928704e-02,2.636881e-02,1.009623e-02,1.962811e-03
2.102086e-02,1.540755e-02,1.763674e-02,9.916522e-03,6.129982e-02,6.332579e-02,4.788436e-03,1.058793e-01,1.647837e-01,3.263673e-03,4.229820e-01,6.658852e-02,3.047643e-02,1.113149e-02,1.499212e-03
3.864530e-02,1.199704e-02,1.480534e-02,1.458022e-02,5.543415e-02,7.056499e-02,3.667790e-03,1.290280e-01,1.553211e-01,6.385006e-03,3.465890e-01,1.093944e-01,3.067553e-02,1.167349e-02,1.238735e-03
6.972612e-02,1.098434e-02,1.108627e-02,1.724893e-02,5.227599e-02,9.044729e-02,2.809996e-03,9.353468e-02,1.590108e-01,1.591817e-02,3.137871e-01,1.137672e-01,3.140813e-02,1.539605e-02,2.598959e-03
8.610442e-02,8.983604e-03,9.277376e-03,2.165748e-02,5.209080e-02,7.675253e-02,2.126781e-03,7.441584e-02,1.633390e-01,1.499494e-02,3.304138e-01,1.095072e-01,2.802661e-02,1.907921e-02,3.230420e-03
1.188715e-01,1.160511e-02,8.012147e-03,2.724910e-02,4.342593e-02,7.929578e-02,1.958419e-03,7.304236e-02,2.087982e-01,1.183785e-02,2.706603e-01,8.385652e-02,3.781605e-02,1.776254e-02,5.808268e-03
1.827938e-01,1.271128e-02,6.937365e-03,2.705358e-02,4.030358e-02,8.941144e-02,2.143526e-03,6.370356e-02,2.123166e-01,9.449143e-03,2.063410e-01,6.252994e-02,6.033120e-02,1.740639e-02,6.567612e-03
2.710038e-01,2.106022e-02,7.074388e-03,3.143920e-02,3.692922e-02,8.745413e-02,2.578523e-03,5.554814e-02,1.930224e-01,8.669496e-03,1.512687e-01,4.641899e-02,5.770051e-02,1.707733e-02,1.275498e-02
3.322569e-01,2.833708e-02,6.814436e-03,4.635523e-02,4.198983e-02,8.332971e-02,2.869015e-03,4.691365e-02,1.748266e-01,6.984416e-03,1.108968e-01,3.642500e-02,5.055397e-02,1.475706e-02,1.669030e-02
3.538618e-01,2.969424e-02,7.088676e-03,9.306015e-02,6.430465e-02,6.381049e-02,3.785881e-03,4.488656e-02,1.597388e-01,5.407794e-03,8.135137e-02,2.843327e-02,3.731862e-02,1.112135e-02,1.613640e-02
4.192630e-01,2.881712e-02,8.046702e-03,9.024845e-02,8.483305e-02,4.857134e-02,3.175252e-03,3.847617e-02,1.355696e-01,5.347030e-03,6.249722e-02,2.203569e-02,2.833049e-02,8.668605e-03,1.612036e-02
4.883245e-01,2.882864e-02,7.659233e-03,7.278754e-02,8.612236e-02,3.730733e-02,2.744633e-03,3.368068e-02,1.285758e-01,4.649201e-03,4.683588e-02,1.821283e-02,2.307652e-02,6.665121e-03,1.452975e-02
3.750603e-01,3.421108e-02,6.333668e-03,6.034398e-02,6.240365e-02,2.683864e-02,2.143670e-03,2.406994e-02,2.783077e-01,1.030255e-02,3.738137e-02,1.478840e-02,1.951999e-02,4.978027e-03,4.331700e-02
2.676520e-01,3.362491e-02,9.743175e-03,8.089096e-02,4.404612e-02,1.890814e-02,1.556092e-03,1.694783e-02,4.074418e-01,1.035054e-02,2.744175e-02,1.050373e-02,1.450283e-02,3.519195e-03,5.287095e-02
1.947435e-01,3.493040e-02,2.555714e-02,1.087139e-01,3.138635e-02,1.337512e-02,1.149259e-03,1.300599e-02,4.546391e-01,1.002494e-02,2.348121e-02,7.809897e-03,1.917264e-02,2.560158e-03,5.945042e-02
2.100114e-01,3.778595e-02,2.933683e-02,1.050425e-01,2.370209e-02,1.004560e-02,1.023733e-03,1.110285e-02,4.307299e-01,1.032967e-02,2.667237e-02,7.563908e-03,3.593433e-02,4.233187e-03,5.648562e-02
2.535048e-01,3.813480e-02,2.687038e-02,7.976285e-02,2.142750e-02,7.907697e-03,9.891737e-04,1.070950e-02,4.015146e-01,9.428430e-03,4.457103e-02,6.594654e-03,4.328141e-02,5.735477e-03,4.956775e-02
1.849314e-01,3.702839e-02,2.940513e-02,6.740654e-02,1.604171e-02,5.891871e-03,8.281179e-04,7.846215e-03,5.257943e-01,7.856471e-03,3.233841e-02,4.886725e-03,3.121239e-02,4.916335e-03,4.361601e-02
1.968085e-01,3.079579e-02,2.794344e-02,5.377568e-02,1.341490e-02,5.505776e-03,7.329815e-04,7.152470e-03,5.509097e-01,8.903213e-03,2.547254e-02,3.926640e-03,2.501601e-02,5.132318e-03,4.451000e-02
2.425635e-01,2.647550e-02,2.211423e-02,4.189481e-02,1.093838e-02,4.890884e-03,8.665348e-04,7.925789e-03,5.288982e-01,8.173972e-03,2.332584e-02,3.822037e-03,2.402703e-02,5.833425e-03,4.824986e-02
2.218197e-01,1.975418e-02,1.599961e-02,2.965110e-02,1.293918e-02,3.796067e-03,8.271181e-04,8.784604e-03,5.895301e-01,6.121445e-03,1.824033e-02,2.899885e-03,1.954662e-02,4.764488e-03,4.532561e-02
2.033533e-01,1.473892e-02,1.150972e-02,2.105852e-02,1.032786e-02,4.328389e-03,9.127945e-04,7.156635e-03,6.489455e-01,4.692747e-03,1.333940e-02,2.401065e-03,1.691801e-02,3.949683e-03,3.636741e-02
1.711227e-01,1.082366e-02,1.188491e-02,1.547154e-02,7.421444e-03,3.618978e-03,9.067726e-04,5.272504e-03,7.141844e-01,3.594000e-03,9.629710e-03,2.284387e-03,1.322697e-02,3.155947e-03,2.740203e-02
1.573065e-01,8.594213e-03,9.450566e-03,1.129044e-02,6.206239e-03,2.936885e-03,1.208292e-03,5.114217e-03,7.449441e-01,2.984585e-03,7.801766e-03,2.075103e-03,1.519454e-02,3.670054e-03,2.122245e-02
1.943947e-01,6.847894e-03,7.446405e-03,8.412888e-03,6.671542e-03,3.155495e-03,2.080071e-03,5.342087e-03,7.066466e-01,2.388561e-03,7.840110e-03,2.543873e-03,1.936319e-02,4.874786e-03,2.199167e-02
2.543101e-01,5.483354e-03,6.852473e-03,6.530537e-03,6.580873e-03,4.524128e-03,2.299576e-03,6.266659e-03,6.431967e-01,1.934100e-03,7.291973e-03,3.049103e-03,2.475651e-02,6.389836e-03,2.053401e-02
2.643939e-01,4.797034e-03,6.270864e-03,5.338755e-03,6.849960e-03,5.206753e-03,1.995081e-03,5.989546e-03,6.123337e-01,1.725646e-03,6.531814e-03,3.023478e-03,4.316634e-02,7.066090e-03,2.531107e-02
2.564951e-01,5.681976e-03,6.868393e-03,4.137220e-03,6.709246e-03,5.259686e-03,2.380439e-03,4.803794e-03,5.103251e-01,5.120384e-03,6.585361e-03,4.153449e-03,8.057778e-02,1.276913e-02,8.813287e-02
2.057750e-01,5.876263e-03,8.040333e-03,3.329888e-03,7.585429e-03,7.287972e-03,3.107681e-03,2.554979e-02,3.776790e-01,5.084731e-03,5.970716e-03,3.966269e-03,1.726705e-01,1.124517e-02,1.568312e-01
1.551667e-01,4.700182e-03,1.664351e-02,6.528973e-03,7.234951e-03,5.733190e-03,2.880482e-03,1.063008e-01,2.680668e-01,4.066304e-03,5.182089e-03,3.511547e-03,1.672534e-01,8.589719e-03,2.381413e-01
1.136566e-01,3.592494e-03,1.941266e-02,7.057123e-03,8.156180e-03,4.492800e-03,2.436298e-03,3.480366e-01,1.887047e-01,2.869578e-03,3.665401e-03,2.514767e-03,1.205366e-01,6.035566e-03,1.688325e-01
8.221965e-02,2.807420e-03,1.836726e-02,5.984975e-03,8.623041e-03,3.526783e-03,1.916150e-03,5.276948e-01,1.325503e-01,2.012794e-03,2.576459e-03,1.787504e-03,8.679660e-02,4.235157e-03,1.189011e-01
6.375840e-02,3.148762e-03,1.402834e-02,4.303207e-03,7.447589e-03,3.044115e-03,1.428286e-03,6.545987e-01,9.307417e-02,1.426848e-03,1.908350e-03,1.564097e-03,6.350323e-02,3.004902e-03,8.376098e-02
5.245223e-02,2.356743e-03,9.960640e-03,3.058487e-03,6.204019e-03,2.492181e-03,1.073900e-03,7.476153e-01,6.518255e-02,1.021986e-03,1.419348e-03,1.281980e-03,4.503121e-02,2.119852e-03,5.872955e-02
4.239574e-02,1.734727e-03,7.047901e-03,2.176755e-03,4.742458e-03,1.851387e-03,7.802250e-04,8.164469e-01,4.565065e-02,7.383570e-04,1.075229e-03,9.964409e-04,3.172967e-02,1.497796e-03,4.113578e-02
3.890694e-02,1.323943e-03,5.378531e-03,1.676336e-03,3.949413e-03,1.574356e-03,7.414633e-04,8.597543e-01,3.203789e-02,5.274645e-04,8.907631e-04,9.466761e-04,2.235588e-02,1.096854e-03,2.883917e-02
3.543711e-02,9.980450e-04,4.043065e-03,1.297288e-03,3.172708e-03,1.207015e-03,6.160458e-04,8.921371e-01,2.246830e-02,3.760354e-04,7.033506e-04,8.063795e-04,1.573952e-02,7.866524e-04,2.021143e-02
3.201810e-02,7.510427e-04,3.078151e-03,1.015125e-03,2.446506e-03,1.170436e-03,5.197760e-04,9.154309e-01,1.579197e-02,2.825420e-04,6.877983e-04,8.815944e-04,1.112701e-02,5.798163e-04,1.421928e-02
3.006705e-02,5.722694e-04,2.476054e-03,1.091351e-03,1.927639e-03,1.047964e-03,4.879799e-04,9.310822e-01,1.117420e-02,2.208672e-04,6.619873e-04,7.953667e-04,7.878053e-03,4.283728e-04,1.008862e-02
3.393840e-02,4.593749e-04,2.645619e-03,1.544527e-03,1.854232e-03,9.591990e-04,6.497132e-04,9.350865e-01,7.974856e-03,1.784947e-04,7.025560e-04,8.360219e-04,5.696022e-03,3.309678e-04,7.143508e-03
4.052929e-02,4.017649e-04,3.532702e-03,1.874755e-03,2.441978e-03,1.169566e-03,1.108041e-03,9.315626e-01,5.741367e-03,1.991376e-04,7.477156e-04,1.006921e-03,4.261835e-03,2.834147e-04,5.138851e-03
4.283565e-02,3.531782e-04,3.754665e-03,2.104006e-03,3.154321e-03,1.316847e-03,1.250192e-03,9.318375e-01,4.092079e-03,2.178090e-04,8.340711e-04,1.001243e-03,3.308134e-03,2.373700e-04,3.702893e-03
4.651966e-02,3.402255e-04,4.091515e-03,2.195996e-03,3.635646e-03,2.307808e-03,4.818160e-03,9.241151e-01,3.027659e-03,2.387188e-04,1.175191e-03,1.290006e-03,3.121438e-03,2.353772e-04,2.887503e-03
7.043898e-02,4.098582e-04,3.804414e-03,1.856928e-03,4.661370e-03,2.825768e-03,3.907404e-03,8.909320e-01,2.293078e-03,2.764025e-04,2.928858e-03,3.789176e-03,8.853497e-03,5.444410e-04,2.477781e-03
5.605889e-02,4.627102e-04,3.604851e-03,1.813526e-03,6.659308e-03,2.858096e-03,2.959338e-03,7.404277e-01,6.381655e-03,3.163251e-03,2.322878e-02,1.077178e-02,1.336203e-01,4.215049e-03,3.774711e-03
4.181642e-02,5.608786e-04,2.647661e-03,1.563235e-03,8.842985e-03,2.820498e-03,2.461253e-03,5.631223e-01,6.929207e-03,2.991364e-03,2.054175e-02,1.015453e-02,3.132388e-01,3.843793e-03,1.846523e-02
3.162381e-02,6.225429e-04,2.087173e-03,1.315241e-03,9.677318e-03,2.516859e-03,2.059160e-03,4.299244e-01,6.342859e-03,3.531793e-03,1.965592e-02,1.015571e-02,4.267706e-01,3.194922e-03,5.052173e-02
2.365056e-02,5.162869e-04,2.112306e-03,1.062505e-03,1.948572e-02,2.444555e-03,2.879786e-03,3.296332e-01,5.682515e-03,4.496915e-03,2.571932e-02,1.239465e-02,4.994268e-01,2.822624e-03,6.767221e-02
1.827073e-02,4.986301e-04,1.608790e-03,7.791024e-04,1.659831e-02,4.647324e-03,6.592615e-03,2.431565e-01,5.447406e-03,4.633232e-03,2.119182e-02,2.081461e-02,5.919129e-01,2.154546e-03,6.169348e-02
1.387569e-02,4.452262e-04,1.260272e-03,6.183614e-04,1.458029e-02,5.821702e-03,8.331421e-03,1.775810e-01,4.833306e-03,4.971550e-03,1.854466e-02,2.404221e-02,6.683451e-01,1.819090e-03,5.493013e-02
1.075562e-02,1.124425e-03,1.187598e-03,5.269951e-04,1.278914e-02,5.634133e-03,7.707404e-03,1.255907e-01,9.294798e-03,4.926542e-03,1.487888e-02,3.211586e-02,7.160544e-01,2.590976e-03,5.482250e-02
8.947022e-03,2.334367e-03,1.225787e-03,4.792721e-04,1.380859e-02,1.240579e-02,7.344139e-03,8.876037e-02,1.361262e-02,5.136237e-03,1.370276e-02,9.248683e-02,6.857865e-01,5.199709e-03,4.877003e-02
9.645121e-03,6.271995e-03,4.646310e-03,1.592641e-03,5.855785e-02,1.153744e-02,5.677580e-03,6.268108e-02,8.229580e-02,5.027316e-03,1.431272e-02,7.551911e-02,6.205862e-01,5.252815e-03,3.639601e-02
7.753665e-03,2.008615e-02,5.815188e-03,1.819945e-03,6.043344e-02,1.078002e-02,4.381277e-03,4.414718e-02,1.639045e-01,4.884331e-03,1.254914e-02,5.932733e-02,5.722387e-01,4.666715e-03,2.721229e-02
7.496470e-03,2.897928e-02,2.081979e-02,3.266621e-03,8.614063e-02,9.474287e-03,3.225332e-03,3.136684e-02,1.627880e-01,4.864304e-03,1.426085e-02,4.532589e-02,5.562347e-01,4.070390e-03,2.168654e-02
7.813878e-03,3.276779e-02,2.168876e-02,6.028195e-03,1.293756e-01,8.631040e-03,3.166285e-03,2.505059e-02,1.409090e-01,4.575751e-03,1.660421e-02,4.247851e-02,5.346191e-01,6.169123e-03,2.012211e-02
7.017368e-03,4.749214e-02,1.888053e-02,1.387988e-02,1.274407e-01,1.046893e-02,2.826987e-03,1.947158e-02,1.889511e-01,6.719126e-03,2.328960e-02,4.604658e-02,4.461651e-01,8.599367e-03,3.275102e-02
2.647736e-02,4.181797e-02,2.540423e-02,2.531986e-02,1.511043e-01,1.123534e-02,2.544961e-03,1.526981e-02,1.514414e-01,6.841920e-03,3.428032e-02,4.431365e-02,4.232735e-01,1.427315e-02,2.640220e-02
3.115289e-02,4.194020e-02,5.615973e-02,1.493470e-01,1.328573e-01,9.783757e-03,2.311724e-03,1.222400e-02,1.519313e-01,6.810231e-03,3.473008e-02,3.204555e-02,2.989298e-01,1.345431e-02,2.632214e-02
4.275335e-02,4.727624e-02,5.739396e-02,1.487598e-01,1.335992e-01,1.395485e-02,2.435862e-03,1.206086e-02,1.938994e-01,7.616161e-03,4.621144e-02,2.702587e-02,2.177261e-01,1.693152e-02,3.235541e-02
4.082771e-02,6.275444e-02,6.251448e-02,1.152112e-01,9.806959e-02,1.408004e-02,3.175557e-03,1.003104e-02,2.406120e-01,2.185595e-02,4.342796e-02,2.488370e-02,1.656813e-01,1.379592e-02,8.307911e-02
5.041411e-02,7.525790e-02,5.292457e-02,8.913042e-02,8.658542e-02,2.328051e-02,3.836744e-03,1.022345e-02,2.584950e-01,3.070191e-02,4.533892e-02,2.159916e-02,1.250750e-01,1.713693e-02,1.100001e-01
6.513404e-02,6.326135e-02,5.233201e-02,7.849212e-02,7.534049e-02,3.577480e-02,3.852579e-03,2.239721e-02,2.860228e-01,3.052092e-02,4.850298e-02,1.937402e-02,1.022696e-01,2.628265e-02,9.044249e-02
9.315149e-02,5.238890e-02,7.156254e-02,1.401196e-01,6.224312e-02,3.967896e-02,3.204386e-03,2.063779e-02,2.655970e-01,2.608973e-02,3.658086e-02,1.499296e-02,7.355262e-02,2.113256e-02,7.906750e-02
1.345102e-01,4.893569e-02,6.546724e-02,1.298137e-01,6.138013e-02,6.970942e-02,3.275628e-03,1.969723e-02,2.351873e-01,2.552573e-02,2.906899e-02,1.209361e-02,5.604909e-02,2.370698e-02,8.557908e-02
1.578982e-01,4.788357e-02,7.363146e-02,1.347696e-01,4.891056e-02,5.537891e-02,2.964202e-03,2.698158e-02,2.415242e-01,2.305725e-02,2.298475e-02,9.443121e-03,4.402350e-02,2.445832e-02,8.609086e-02
1.315296e-01,4.027868e-02,1.000586e-01,1.219162e-01,5.236562e-02,4.297810e-02,6.973545e-03,1.055893e-01,2.159109e-01,2.581127e-02,1.802766e-02,6.841296e-03,3.556159e-02,2.165080e-02,7.450678e-02
1.081864e-01,2.893829e-02,7.679884e-02,8.698616e-02,4.478871e-02,3.167184e-02,4.788377e-02,2.835095e-01,1.605021e-01,1.854249e-02,1.287666e-02,4.855108e-03,2.584219e-02,1.599012e-02,5.262780e-02
8.286671e-02,2.040279e-02,5.516419e-02,6.110317e-02,4.067695e-02,2.292266e-02,2.670196e-01,2.420711e-01,1.136325e-01,1.336976e-02,9.088807e-03,3.434176e-03,1.947008e-02,1.141562e-02,3.736183e-02
6.260213e-02,1.446500e-02,3.957772e-02,4.319789e-02,4.331523e-02,1.790077e-02,4.065180e-01,2.109211e-01,8.038545e-02,1.011258e-02,6.508804e-03,2.482686e-03,2.639532e-02,8.101568e-03,2.751582e-02
4.679440e-02,1.052270e-02,2.833034e-02,3.093077e-02,3.991069e-02,1.507989e-02,5.070508e-01,1.785446e-01,5.777723e-02,8.169319e-03,5.369414e-03,1.862333e-03,3.949175e-02,5.717667e-03,2.444806e-02
3.425287e-02,7.739260e-03,2.028501e-02,2.249177e-02,3.670552e-02,1.416787e-02,5.600346e-01,1.431354e-01,4.115181e-02,7.439330e-03,5.767091e-03,1.460492e-03,7.340163e-02,4.072418e-03,2.789486e-02
2.550671e-02,5.648831e-03,1.434764e-02,1.603460e-02,4.610326e-02,1.380974e-02,6.198933e-01,1.139605e-01,2.932749e-02,9.930667e-03,5.308241e-03,1.310881e-03,6.728513e-02,2.974060e-03,2.855892e-02
2.344196e-02,4.475136e-03,1.071804e-02,1.165540e-02,4.761633e-02,2.079231e-02,6.681380e-01,9.505992e-02,2.114725e-02,1.303618e-02,4.328462e-03,1.076975e-03,5.111792e-02,2.273957e-03,2.512203e-02
2.661688e-02,3.381866e-03,8.233882e-03,8.610427e-03,3.682921e-02,2.961034e-02,7.229165e-01,7.554238e-02,1.501160e-02,1.000226e-02,3.269777e-03,8.200833e-04,3.753601e-02,1.709185e-03,1.990947e-02
3.236488e-02,3.145154e-03,9.667965e-03,6.787798e-03,2.911742e-02,3.300359e-02,7.547695e-01,6.635463e-02,1.067775e-02,7.851945e-03,2.346326e-03,6.646257e-04,2.679219e-02,1.296746e-03,1.515940e-02
3.561491e-02,3.596417e-03,1.177948e-02,5.445926e-03,2.231635e-02,3.232692e-02,7.669898e-01,7.298917e-02,7.787669e-03,6.642560e-03,1.698275e-03,5.631446e-04,1.921518e-02,1.023910e-03,1.201017e-02
