1.000000e+00,0.000000e+00,0.000000e+00,0.000000e+00,0.000000e+00,0.000000e+00,0.000000e+00,0.000000e+00,0.000000e+00,0.000000e+00,0.000000e+00,0.000000e+00,0.000000e+00,0.000000e+00,0.000000e+00
1.000000e+00,0.000000e+00,0.000000e+00,0.000000e+00,0.000000e+00,0.000000e+00,0.000000e+00,0.000000e+00,0.000000e+00,0.000000e+00,0.000000e+00,0.000000e+00,0.000000e+00,0.000000e+00,0.000000e+00
1.000000e+00,0.000000e+00,0.000000e+00,0.000000e+00,0.000000e+00,0.000000e+00,0.000000e+00,0.000000e+00,0.000000e+00,0.000000e+00,0.000000e+00,0.000000e+00,0.000000e+00,0.000000e+00,0.000000e+00
1.000000e+00,0.000000e+00,0.000000e+00,0.000000e+00,0.000000e+00,0.000000e+00,0.000000e+00,0.000000e+00,0.000000e+00,0.000000e+00,0.000000e+00,0.000000e+00,0.000000e+00,0.000000e+00,0.000000e+00
1.000000e+00,0.000000e+00,0.000000e+00,0.000000e+00,0.000000e+00,0.000000e+00,0.000000e+00,0.000000e+00,0.000000e+00,0.000000e+00,0.000000e+00,0.000000e+00,0.000000e+00,0.000000e+00,0.000000e+00
1.000000e+00,0.000000e+00,0.000000e+00,0.000000e+00,0.000000e+00,0.000000e+00,0.000000e+00,0.000000e+00,0.000000e+00,0.000000e+00,0.000000e+00,0.000000e+00,0.000000e+00,0.000000e+00,0.000000e+00
1.000000e+00,0.000000e+00,0.000000e+00,0.000000e+00,0.000000e+00,0.000000e+00,0.000000e+00,0.000000e+00,0.000000e+00,0.000000e+00,0.000000e+00,0.000000e+00,0.000000e+00,0.000000e+00,0.000000e+00
1.000000e+00,0.000000e+00,0.000000e+00,0.000000e+00,0.000000e+00,0.000000e+00,0.000000e+00,0.000000e+00,0.000000e+00,0.000000e+00,0.000000e+00,0.000000e+00,0.000000e+00,0.000000e+00,0.000000e+00
1.000000e+00,0.000000e+00,0.000000e+00,0.000000e+00,0.000000e+00,0.000000e+00,0.000000e+00,0.000000e+00,0.000000e+00,0.000000e+00,0.000000e+00,0.000000e+00,0.000000e+00,0.000000e+00,0.000000e+00
1.000000e+00,0.000000e+00,0.000000e+00,0.000000e+00,0.000000e+00,0.000000e+00,0.000000e+00,0.000000e+00,0.000000e+00,0.000000e+00,0.000000e+00,0.000000e+00,0.000000e+00,0.000000e+00,0.000000e+00
1.000000e+00,0.000000e+00,0.000000e+00,0.000000e+00,0.000000e+00,0.000000e+00,0.000000e+00,0.000000e+00,0.000000e+00,0.000000e+00,0.000000e+00,0.000000e+00,0.000000e+00,0.000000e+00,0.000000e+00
1.000000e+00,0.000000e+00,0.000000e+00,0.000000e+00,0.000000e+00,0.000000e+00,0.000000e+00,0.000000e+00,0.000000e+00,0.000000e+00,0.000000e+00,0.000000e+00,0.000000e+00,0.000000e+00,0.000000e+00
1.000000e+00,0.000000e+00,0.000000e+00,0.000000e+00,0.000000e+00,0.000000e+00,0.000000e+00,0.000000e+00,0.000000e+00,0.000000e+00,0.000000e+00,0.000000e+00,0.000000e+00,0.000000e+00,0.000000e+00
1.000000e+00,0.000000e+00,0.000000e+00,0.000000e+00,0.000000e+00,0.000000e+00,0.000000e+00,0.000000e+00,0.000000e+00,0.000000e+00,0.000000e+00,0.000000e+00,0.000000e+00,0.000000e+00,0.000000e+00
1.000000e+00,0.000000e+00,0.000000e+00,0.000000e+00,0.000000e+00,0.000000e+00,0.000000e+00,0.000000e+00,0.000000e+00,0.000000e+00,0.000000e+00,0.000000e+00,0.000000e+00,0.000000e+00,0.000000e+00
1.000000e+00,0.000000e+00,0.000000e+00,0.000000e+00,0.000000e+00,0.000000e+00,0.000000e+00,0.000000e+00,0.000000e+00,0.000000e+00,0.000000e+00,0.000000e+00,0.000000e+00,0.000000e+00,0.000000e+00
1.000000e+00,0.000000e+00,0.000000e+00,0.000000e+00,0.000000e+00,0.000000e+00,0.000000e+00,0.000000e+00,0.000000e+00,0.000000e+00,0.000000e+00,0.000000e+00,0.000000e+00,0.000000e+00,0.000000e+00
1.000000e+00,0.000000e+00,0.000000e+00,0.000000e+00,0.000000e+00,0.000000e+00,0.000000e+00,0.000000e+00,0.000000e+00,0.000000e+00,0.000000e+00,0.000000e+00,0.000000e+00,0.000000e+00,0.000000e+00
1.000000e+00,0.000000e+00,0.000000e+00,0.000000e+00,0.000000e+00,0.000000e+00,0.000000e+00,0.000000e+00,0.000000e+00,0.000000e+00,0.000000e+00,0.000000e+00,0.000000e+00,0.000000e+00,0.000000e+00
1.000000e+00,0.000000e+00,0.000000e+00,0.000000e+00,0.000000e+00,0.000000e+00,0.000000e+00,0.000000e+00,0.000000e+00,0.000000e+00,0.000000e+00,0.000000e+00,0.000000e+00,0.000000e+00,0.000000e+00
1.000000e+00,0.000000e+00,0.000000e+00,0.000000e+00,0.000000e+00,0.000000e+00,0.000000e+00,0.000000e+00,0.000000e+00,0.000000e+00,0.000000e+00,0.000000e+00,0.000000e+00,0.000000e+00,0.000000e+00
1.000000e+00,0.000000e+00,0.000000e+00,0.000000e+00,0.000000e+00,0.000000e+00,0.000000e+00,0.000000e+00,0.000000e+00,0.000000e+00,0.000000e+00,0.000000e+00,0.000000e+00,0.000000e+00,0.000000e+00
1.000000e+00,0.000000e+00,0.000000e+00,0.000000e+00,0.000000e+00,0.000000e+00,0.000000e+00,0.000000e+00,0.000000e+00,0.000000e+00,0.000000e+00,0.000000e+00,0.000000e+00,0.000000e+00,0.000000e+00
1.000000e+00,0.000000e+00,0.000000e+00,0.000000e+00,0.000000e+00,0.000000e+00,0.000000e+00,0.000000e+00,0.000000e+00,0.000000e+00,0.000000e+00,0.000000e+00,0.000000e+00,0.000000e+00,0.000000e+00
1.000000e+00,0.000000e+00,0.000000e+00,0.000000e+00,0.000000e+00,0.000000e+00,0.000000e+00,0.000000e+00,0.000000e+00,0.000000e+00,0.000000e+00,0.000000e+00,0.000000e+00,0.000000e+00,0.000000e+00
1.000000e+00,0.000000e+00,0.000000e+00,0.000000e+00,0.000000e+00,0.000000e+00,0.000000e+00,0.000000e+00,0.000000e+00,0.000000e+00,0.000000e+00,0.000000e+00,0.000000e+00,0.000000e+00,0.000000e+00
1.000000e+00,0.000000e+00,0.000000e+00,0.000000e+00,0.000000e+00,0.000000e+00,0.000000e+00,0.000000e+00,0.000000e+00,0.000000e+00,0.000000e+00,0.000000e+00,0.000000e+00,0.000000e+00,0.000000e+00
1.000000e+00,0.000000e+00,0.000000e+00,0.000000e+00,0.000000e+00,0.000000e+00,0.000000e+00,0.000000e+00,0.000000e+00,0.000000e+00,0.000000e+00,0.000000e+00,0.000000e+00,0.000000e+00,0.000000e+00
1.000000e+00,0.000000e+00,0.000000e+00,0.000000e+00,0.000000e+00,0.000000e+00,0.000000e+00,0.000000e+00,0.000000e+00,0.000000e+00,0.000000e+00,0.000000e+00,0.000000e+00,0.000000e+00,0.000000e+00
1.000000e+00,0.000000e+00,0.000000e+00,0.000000e+00,0.000000e+00,0.000000e+00,0.000000e+00,0.000000e+00,0.000000e+00,0.000000e+00,0.000000e+00,0.000000e+00,0.000000e+00,0.000000e+00,0.000000e+00
1.000000e+00,0.000000e+00,0.000000e+00,0.000000e+00,0.000000e+00,0.000000e+00,0.000000e+00,0.000000e+00,0.000000e+00,0.000000e+00,0.000000e+00,0.000000e+00,0.000000e+00,0.000000e+00,0.000000e+00
1.000000e+00,0.000000e+00,0.000000e+00,0.000000e+00,0.000000e+00,0.000000e+00,0.000000e+00,0.000000e+00,0.000000e+00,0.000000e+00,0.000000e+00,0.000000e+00,0.000000e+00,0.000000e+00,0.000000e+00
1.000000e+00,0.000000e+00,0.000000e+00,0.000000e+00,0.000000e+00,0.000000e+00,0.000000e+00,0.000000e+00,0.000000e+00,0.000000e+00,0.000000e+00,0.000000e+00,0.000000e+00,0.000000e+00,0.000000e+00
1.000000e+00,0.000000e+00,0.000000e+00,0.000000e+00,0.000000e+00,0.000000e+00,0.000000e+00,0.000000e+00,0.000000e+00,0.000000e+00,0.000000e+00,0.000000e+00,0.000000e+00,0.000000e+00,0.000000e+00
1.000000e+00,0.000000e+00,0.000000e+00,0.000000e+00,0.000000e+00,0.000000e+00,0.000000e+00,0.000000e+00,0.000000e+00,0.000000e+00,0.000000e+00,0.000000e+00,0.000000e+00,0.000000e+00,0.000000e+00
1.000000e+00,0.000000e+00,0.000000e+00,0.000000e+00,0.000000e+00,0.000000e+00,0.000000e+00,0.000000e+00,0.000000e+00,0.000000e+00,0.000000e+00,0.000000e+00,0.000000e+00,0.000000e+00,0.000000e+00
1.000000e+00,0.000000e+00,0.000000e+00,0.000000e+00,0.000000e+00,0.000000e+00,0.000000e+00,0.000000e+00,0.000000e+00,0.000000e+00,0.000000e+00,0.000000e+00,0.000000e+00,0.000000e+00,0.000000e+00
1.000000e+00,0.000000e+00,0.000000e+00,0.000000e+00,0.000000e+00,0.000000e+00,0.000000e+00,0.000000e+00,0.000000e+00,0.000000e+00,0.000000e+00,0.000000e+00,0.000000e+00,0.000000e+00,0.000000e+00
1.000000e+00,0.000000e+00,0.000000e+00,0.000000e+00,0.000000e+00,0.000000e+00,0.000000e+00,0.000000e+00,0.000000e+00,0.000000e+00,0.000000e+00,0.000000e+00,0.000000e+00,0.000000e+00,0.000000e+00
1.000000e+00,0.000000e+00,0.000000e+00,0.000000e+00,0.000000e+00,0.000000e+00,0.000000e+00,0.000000e+00,0.000000e+00,0.000000e+00,0.000000e+00,0.000000e+00,0.000000e+00,0.000000e+00,0.000000e+00
1.000000e+00,0.000000e+00,0.000000e+00,0.000000e+00,0.000000e+00,0.000000e+00,0.000000e+00,0.000000e+00,0.000000e+00,0.000000e+00,0.000000e+00,0.000000e+00,0.000000e+00,0.000000e+00,0.000000e+00
1.000000e+00,0.000000e+00,0.000000e+00,0.000000e+00,0.000000e+00,0.000000e+00,0.000000e+00,0.000000e+00,0.000000e+00,0.000000e+00,0.000000e+00,0.000000e+00,0.000000e+00,0.000000e+00,0.000000e+00
1.000000e+00,0.000000e+00,0.000000e+00,0.000000e+00,0.000000e+00,0.000000e+00,0.000000e+00,0.000000e+00,0.000000e+00,0.000000e+00,0.000000e+00,0.000000e+00,0.000000e+00,0.000000e+00,0.000000e+00
1.000000e+00,0.000000e+00,0.000000e+00,0.000000e+00,0.000000e+00,0.000000e+00,0.000000e+00,0.000000e+00,0.000000e+00,0.000000e+00,0.000000e+00,0.000000e+00,0.000000e+00,0.000000e+00,0.000000e+00
1.000000e+00,0.000000e+00,0.000000e+00,0.000000e+00,0.000000e+00,0.000000e+00,0.000000e+00,0.000000e+00,0.000000e+00,0.000000e+00,0.000000e+00,0.000000e+00,0.000000e+00,0.000000e+00,0.000000e+00
1.000000e+00,0.000000e+00,0.000000e+00,0.000000e+00,0.000000e+00,0.000000e+00,0.000000e+00,0.000000e+00,0.000000e+00,0.000000e+00,0.000000e+00,0.000000e+00,0.000000e+00,0.000000e+00,0.000000e+00
1.000000e+00,0.000000e+00,0.000000e+00,0.000000e+00,0.000000e+00,0.000000e+00,0.000000e+00,0.000000e+00,0.000000e+00,0.000000e+00,0.000000e+00,0.000000e+00,0.000000e+00,0.000000e+00,0.000000e+00
1.000000e+00,0.000000e+00,0.000000e+00,0.000000e+00,0.000000e+00,0.000000e+00,0.000000e+00,0.000000e+00,0.000000e+00,0.000000e+00,0.000000e+00,0.000000e+00,0.000000e+00,0.000000e+00,0.000000e+00
1.000000e+00,0.000000e+00,0.000000e+00,0.000000e+00,0.000000e+00,0.000000e+00,0.000000e+00,0.000000e+00,0.000000e+00,0.000000e+00,0.000000e+00,0.000000e+00,0.000000e+00,0.000000e+00,0.000000e+00
1.000000e+00,0.000000e+00,0.000000e+00,0.000000e+00,0.000000e+00,0.000000e+00,0.000000e+00,0.000000e+00,0.000000e+00,0.000000e+00,0.000000e+00,0.000000e+00,0.000000e+00,0.000000e+00,0.000000e+00
1.000000e+00,0.000000e+00,0.000000e+00,0.000000e+00,0.000000e+00,0.000000e+00,0.000000e+00,0.000000e+00,0.000000e+00,0.000000e+00,0.000000e+00,0.000000e+00,0.000000e+00,0.000000e+00,0.000000e+00
1.000000e+00,0.000000e+00,0.000000e+00,0.000000e+00,0.000000e+00,0.000000e+00,0.000000e+00,0.000000e+00,0.000000e+00,0.000000e+00,0.000000e+00,0.000000e+00,0.000000e+00,0.000000e+00,0.000000e+00
1.000000e+00,0.000000e+00,0.000000e+00,0.000000e+00,0.000000e+00,0.000000e+00,0.000000e+00,0.000000e+00,0.000000e+00,0.000000e+00,0.000000e+00,0.000000e+00,0.000000e+00,0.000000e+00,0.000000e+00
1.000000e+00,0.000000e+00,0.000000e+00,0.000000e+00,0.000000e+00,0.000000e+00,0.000000e+00,0.000000e+00,0.000000e+00,0.000000e+00,0.000000e+00,0.000000e+00,0.000000e+00,0.000000e+00,0.000000e+00
1.000000e+00,0.000000e+00,0.000000e+00,0.000000e+00,0.000000e+00,0.000000e+00,0.000000e+00,0.000000e+00,0.000000e+00,0.000000e+00,0.000000e+00,0.000000e+00,0.000000e+00,0.000000e+00,0.000000e+00
1.000000e+00,0.000000e+00,0.000000e+00,0.000000e+00,0.000000e+00,0.000000e+00,0.000000e+00,0.000000e+00,0.000000e+00,0.000000e+00,0.000000e+00,0.000000e+00,0.000000e+00,0.000000e+00,0.000000e+00
1.000000e+00,0.000000e+00,0.000000e+00,0.000000e+00,0.000000e+00,0.000000e+00,0.000000e+00,0.000000e+00,0.000000e+00,0.000000e+00,0.000000e+00,0.000000e+00,0.000000e+00,0.000000e+00,0.000000e+00
4.048038e-01,1.204123e-02,3.123118e-01,1.329278e-01,5.749638e-03,1.328074e-02,4.070058e-03,6.696971e-02,4.653529e-03,1.906376e-03,9.185271e-03,1.230291e-02,9.619863e-03,1.678739e-03,8.498553e-03
2.985158e-01,9.212812e-03,3.592383e-01,1.133380e-01,4.495109e-03,1.140184e-02,3.395699e-03,1.626152e-01,3.803241e-03,2.076601e-03,7.285925e-03,8.988858e-03,7.196061e-03,1.539078e-03,6.897668e-03
2.127492e-01,6.871264e-03,2.559557e-01,8.232296e-02,3.506838e-03,8.383981e-03,2.759815e-03,4.000265e-01,2.794284e-03,1.521007e-03,5.399155e-03,6.325473e-03,5.164179e-03,1.240548e-03,4.979154e-03
1.521232e-01,5.153746e-03,1.814745e-01,5.916690e-02,2.672867e-03,6.136530e-03,2.398248e-03,5.712398e-01,1.999474e-03,1.110172e-03,3.860780e-03,4.477438e-03,3.677178e-03,9.668405e-04,3.542391e-03
1.075639e-01,3.707915e-03,1.287030e-01,4.215529e-02,2.163109e-03,4.425596e-03,1.986534e-03,6.953077e-01,1.417716e-03,7.928459e-04,2.735192e-03,3.178770e-03,2.639053e-03,7.191945e-04,2.504180e-03
7.596365e-02,2.623536e-03,9.039895e-02,2.961157e-02,1.730626e-03,3.194155e-03,1.754426e-03,7.847756e-01,9.973740e-04,5.629552e-04,1.931274e-03,2.255245e-03,1.905759e-03,5.217602e-04,1.773156e-03
5.339931e-02,1.863228e-03,6.366805e-02,2.081116e-02,1.359226e-03,2.344612e-03,1.540759e-03,8.478732e-01,7.019190e-04,3.980950e-04,1.380061e-03,1.602542e-03,1.403302e-03,3.900077e-04,1.264515e-03
3.814804e-02,1.349217e-03,4.490367e-02,1.464630e-02,1.178822e-03,1.960649e-03,1.213569e-03,8.903059e-01,5.427266e-04,3.041677e-04,1.483513e-03,1.186935e-03,1.355288e-03,4.402169e-04,9.809937e-04
2.822608e-02,1.260806e-03,3.192969e-02,1.046222e-02,1.722593e-03,1.595897e-03,9.682731e-04,8.597464e-01,4.469939e-04,2.439388e-02,6.876116e-03,3.069956e-03,1.283003e-02,8.209351e-03,8.261731e-03
2.010743e-02,1.164048e-03,2.307098e-02,7.477660e-03,3.202404e-03,1.419410e-03,8.413800e-04,7.754786e-01,3.717381e-04,1.002678e-01,6.777050e-03,2.843694e-03,1.688072e-02,1.176286e-02,2.833424e-02
1.469207e-02,1.342265e-03,1.767527e-02,5.359943e-03,5.612472e-03,1.870135e-03,9.277771e-04,6.343675e-01,4.786899e-04,1.918290e-01,8.013444e-03,4.882094e-03,3.088523e-02,2.410583e-02,5.795823e-02
1.061906e-02,1.072400e-03,1.267339e-02,3.807521e-03,4.574388e-03,1.518781e-03,8.462480e-04,4.686576e-01,5.455759e-04,3.537344e-01,6.623261e-03,6.334787e-03,3.056093e-02,3.692905e-02,6.150268e-02
1.283329e-02,1.914731e-03,9.148621e-03,2.823756e-03,4.433587e-03,7.002465e-03,1.117144e-03,3.378309e-01,4.309715e-03,3.337380e-01,3.428900e-02,1.082683e-01,2.859221e-02,5.342527e-02,6.027304e-02
2.686246e-02,2.274838e-03,7.098868e-03,2.848313e-03,3.632542e-03,9.814538e-03,9.806781e-04,2.382662e-01,4.643238e-03,2.375337e-01,4.147932e-02,3.070992e-01,2.651519e-02,4.100239e-02,4.994857e-02
2.842464e-02,2.038574e-03,5.633919e-03,2.884948e-03,2.756544e-03,9.420834e-03,8.148935e-04,1.679049e-01,4.536806e-03,1.706487e-01,5.159974e-02,4.554101e-01,2.215713e-02,3.451078e-02,4.125750e-02
4.091614e-02,2.004776e-03,4.270488e-03,3.986573e-03,2.091403e-03,1.201103e-02,6.083695e-04,1.180691e-01,4.114904e-03,1.215325e-01,5.386851e-02,5.561396e-01,1.732870e-02,2.818958e-02,3.486831e-02
3.324729e-02,1.715770e-03,3.150034e-03,4.168690e-03,1.526710e-03,1.069001e-02,4.407715e-04,8.276919e-02,3.482286e-03,8.612328e-02,6.328934e-02,6.491667e-01,1.244160e-02,2.082963e-02,2.695868e-02
2.552116e-02,1.282029e-03,2.234367e-03,3.193789e-03,1.464184e-03,8.241052e-03,3.227825e-04,5.795622e-02,2.953500e-03,6.063369e-02,5.586258e-02,7.361123e-01,8.917547e-03,1.584655e-02,1.945826e-02
1.826760e-02,9.701096e-04,1.610605e-03,2.357125e-03,1.533714e-03,5.975751e-03,2.422179e-04,4.062033e-02,2.388747e-03,4.257239e-02,5.066210e-02,8.003069e-01,6.336775e-03,1.244606e-02,1.370953e-02
1.356939e-02,1.604971e-03,1.632561e-03,2.164679e-03,5.960207e-03,4.894293e-03,2.678678e-04,2.881584e-02,2.693723e-03,3.029754e-02,4.865714e-02,8.350346e-01,4.509321e-03,9.929942e-03,9.967852e-03
9.906821e-03,1.636882e-03,1.757902e-03,2.019769e-03,1.148998e-02,6.380311e-03,4.943053e-04,2.044535e-02,3.678710e-03,2.325967e-02,6.913651e-02,8.294098e-01,3.293054e-03,9.140814e-03,7.950060e-03
7.220672e-03,1.519321e-03,1.648076e-03,1.620984e-03,1.111213e-02,5.503551e-03,4.794551e-04,1.456003e-02,3.604053e-03,1.700014e-02,8.143510e-02,8.383013e-01,2.419986e-03,7.686603e-03,5.888547e-03
5.138857e-03,2.428835e-03,1.742920e-03,1.486548e-03,3.400064e-02,5.865037e-03,8.181476e-04,1.110439e-02,5.116801e-03,1.310603e-02,8.494920e-02,8.200159e-01,2.118398e-03,7.441917e-03,4.666278e-03
3.790488e-03,1.916794e-03,1.319249e-03,1.100697e-03,2.840249e-02,4.534808e-03,8.987643e-04,8.005476e-03,4.173239e-03,9.847543e-03,2.460799e-01,6.780472e-01,1.881084e-03,6.531445e-03,3.470795e-03
3.167538e-03,2.820959e-03,2.095301e-03,8.396664e-04,3.052158e-02,5.375179e-03,1.820577e-03,6.638157e-03,4.884844e-03,9.302467e-03,2.633362e-01,6.585375e-01,1.698508e-03,6.133993e-03,2.827503e-03
2.932632e-03,2.378153e-03,1.593235e-03,6.732742e-04,2.618715e-02,4.913802e-03,1.540430e-03,4.834544e-03,4.006217e-03,7.286476e-03,2.895547e-01,6.418943e-01,1.847541e-03,8.266909e-03,2.090636e-03
2.488333e-03,2.950207e-03,2.101212e-03,6.433825e-04,2.356212e-02,4.109909e-03,1.247582e-03,3.617701e-03,5.913334e-03,6.495338e-03,2.695170e-01,6.636893e-01,1.671442e-03,1.015900e-02,1.834235e-03
2.699916e-03,2.827233e-03,2.005626e-03,8.600865e-04,2.198919e-02,3.719470e-03,9.437758e-04,2.907943e-03,1.434601e-02,6.017993e-03,3.778091e-01,5.495111e-01,1.443893e-03,1.083670e-02,2.082083e-03
4.748445e-03,3.252351e-03,2.517148e-03,1.947930e-03,1.929593e-02,4.751451e-03,1.013638e-03,4.541700e-03,1.457493e-02,6.122061e-03,4.588118e-01,4.574420e-01,1.599214e-03,1.746270e-02,1.918764e-03
7.853096e-03,6.835838e-03,1.922894e-02,9.758061e-03,2.237448e-02,5.355865e-03,1.228402e-03,1.552287e-02,1.859522e-02,6.135144e-03,4.395729e-01,4.223186e-01,1.486565e-03,2.165399e-02,2.080057e-03
1.282903e-02,1.427454e-02,3.886999e-02,2.128017e-02,4.931753e-02,2.000827e-02,2.781395e-03,6.093955e-02,2.168365e-02,7.402861e-03,3.943280e-01,3.320376e-01,1.460987e-03,2.094961e-02,1.836895e-03
1.748610e-02,2.282839e-02,6.028486e-02,3.103251e-02,1.011085e-01,5.160131e-02,5.499362e-03,9.720711e-02,1.914326e-02,7.629226e-03,3.098984e-01,2.557651e-01,1.361641e-03,1.765026e-02,1.503973e-03
3.095366e-02,2.512711e-02,5.285149e-02,3.717593e-02,1.496105e-01,9.068971e-02,6.699647e-03,9.404302e-02,2.243122e-02,8.964660e-03,2.664909e-01,1.882365e-01,1.340396e-03,2.388479e-02,1.500432e-03
3.765497e-02,2.575801e-02,3.932838e-02,3.653473e-02,2.115628e-01,1.422632e-01,6.105717e-03,6.963653e-02,2.100143e-02,1.243746e-02,2.275915e-01,1.362315e-01,1.280823e-03,3.145114e-02,1.161757e-03
3.832122e-02,2.188227e-02,3.182996e-02,3.871661e-02,2.817635e-01,1.373208e-01,4.934422e-03,5.520618e-02,2.166926e-02,1.604667e-02,2.084363e-01,1.009665e-01,1.206481e-03,4.080465e-02,8.952387e-04
5.470761e-02,1.686242e-02,2.577356e-02,4.175975e-02,2.770634e-01,1.266540e-01,3.632708e-03,4.360446e-02,6.184027e-02,2.116584e-02,1.999846e-01,7.573629e-02,1.463195e-03,4.884598e-02,9.059380e-04
6.579248e-02,1.328162e-02,2.127593e-02,6.047315e-02,3.027827e-01,1.135410e-01,2.661305e-03,3.364177e-02,1.035066e-01,2.133216e-02,1.592177e-01,5.571515e-02,1.539384e-03,4.421907e-02,1.020006e-03
1.030434e-01,1.151236e-02,1.761960e-02,5.223633e-02,2.849934e-01,1.219725e-01,2.007901e-03,2.685140e-02,1.304092e-01,2.043901e-02,1.348464e-01,4.452157e-02,2.774328e-03,4.416096e-02,2.611615e-03
1.426313e-01,9.316018e-03,1.474241e-02,8.676110e-02,2.764406e-01,1.280458e-01,1.597309e-03,2.055473e-02,1.058302e-01,1.689418e-02,1.033075e-01,4.001255e-02,3.379105e-03,3.881863e-02,1.166854e-02
1.993398e-01,8.142851e-03,1.533482e-02,1.116241e-01,2.628753e-01,1.238747e-01,1.814838e-03,2.082779e-02,8.068233e-02,1.281674e-02,7.675482e-02,3.844856e-02,4.533490e-03,3.088856e-02,1.204128e-02
2.226692e-01,7.038181e-03,5.903820e-02,1.830470e-01,2.145348e-01,9.941255e-02,1.927923e-03,2.149358e-02,6.010269e-02,9.991243e-03,5.509909e-02,2.945965e-02,3.722988e-03,2.278418e-02,9.678772e-03
3.089525e-01,6.486855e-03,6.260349e-02,1.966004e-01,1.581150e-01,7.789417e-02,1.712162e-03,1.645267e-02,5.006545e-02,1.196213e-02,4.191396e-02,2.690588e-02,3.934499e-03,2.248827e-02,1.391266e-02
3.772068e-01,6.239335e-03,6.152022e-02,2.086095e-01,1.164222e-01,6.492104e-02,1.812203e-03,1.366239e-02,3.751932e-02,1.215012e-02,3.243537e-02,2.483448e-02,4.604223e-03,2.305965e-02,1.500310e-02
3.677418e-01,6.235817e-03,5.465191e-02,2.901956e-01,8.746361e-02,5.683947e-02,2.251329e-03,1.394013e-02,2.715643e-02,1.047356e-02,2.454507e-02,2.029513e-02,4.971098e-03,1.961892e-02,1.362018e-02
3.789728e-01,6.898018e-03,7.841991e-02,2.952320e-01,6.844094e-02,4.959184e-02,2.915418e-03,1.707570e-02,2.047333e-02,9.154039e-03,1.930502e-02,1.697548e-02,5.658783e-03,1.744099e-02,1.344582e-02
3.629836e-01,6.841317e-03,1.218118e-01,2.999204e-01,5.250271e-02,4.425183e-02,4.272879e-03,2.220157e-02,1.574506e-02,7.741460e-03,1.567607e-02,1.538108e-02,5.976898e-03,1.327447e-02,1.141896e-02
2.807201e-01,1.148740e-02,1.595799e-01,2.900953e-01,3.790309e-02,4.859881e-02,3.115258e-03,1.725995e-02,1.889077e-02,1.328867e-02,6.275731e-02,1.440332e-02,5.187662e-03,1.999549e-02,1.671708e-02
1.990941e-01,1.588518e-02,1.387206e-01,2.346052e-01,2.697769e-02,1.672114e-01,2.553881e-03,1.253366e-02,2.022902e-02,1.430695e-02,9.377685e-02,1.237684e-02,4.707343e-03,3.159979e-02,2.542148e-02
1.401300e-01,1.153089e-02,9.824090e-02,1.645983e-01,1.891404e-02,1.555146e-01,1.832750e-03,8.796332e-03,1.501092e-02,1.139833e-02,2.800531e-01,3.472106e-02,3.627556e-03,3.531735e-02,2.031395e-02
9.852913e-02,8.155615e-03,6.893940e-02,1.153379e-01,1.331206e-02,1.499121e-01,1.433353e-03,6.200076e-03,1.074801e-02,8.868283e-03,3.816667e-01,8.687171e-02,2.774161e-03,3.227729e-02,1.497424e-02
6.958024e-02,5.950426e-03,4.844349e-02,8.084289e-02,9.421483e-03,1.202126e-01,1.296854e-03,4.426797e-03,7.886921e-03,7.067822e-03,4.398676e-01,1.631905e-01,2.048678e-03,2.760826e-02,1.215541e-02
5.109907e-02,5.261797e-03,3.489264e-02,5.681118e-02,6.916591e-03,1.013421e-01,2.312251e-03,3.478828e-03,6.506412e-03,5.926941e-03,4.412045e-01,2.427690e-01,1.787490e-03,2.849815e-02,1.119299e-02
3.998490e-02,5.058067e-03,2.821024e-02,4.089270e-02,6.328570e-03,9.229235e-02,7.931142e-03,5.355354e-03,5.787044e-03,6.094768e-03,4.283795e-01,2.969723e-01,1.986301e-03,2.593946e-02,8.787256e-03
3.056612e-02,4.234564e-03,2.027781e-02,2.878201e-02,4.780212e-03,7.397562e-02,5.889966e-03,4.055832e-03,4.645165e-03,4.902236e-03,4.482446e-01,3.391716e-01,1.631751e-03,2.216643e-02,6.676055e-03
2.596575e-02,3.916968e-03,1.458913e-02,2.036241e-02,4.561288e-03,5.781832e-02,4.433926e-03,3.133174e-03,3.741568e-03,3.935263e-03,4.365855e-01,3.950066e-01,1.664929e-03,1.921197e-02,5.073144e-03
2.395928e-02,4.379837e-03,1.134537e-02,1.459063e-02,5.362030e-03,4.803393e-02,3.452625e-03,2.851887e-03,3.172212e-03,3.838870e-03,4.254847e-01,4.296961e-01,1.604743e-03,1.806902e-02,4.158810e-03
1.978477e-02,5.781829e-03,8.691535e-03,1.046410e-02,1.290306e-02,3.610516e-02,3.389377e-03,2.475166e-03,3.037877e-03,3.185053e-03,4.013032e-01,4.698509e-01,1.850872e-03,1.796317e-02,3.214001e-03
1.832600e-02,9.434550e-03,1.204300e-02,8.848291e-03,6.116426e-02,3.149770e-02,6.672788e-03,9.518859e-03,2.790310e-03,2.576456e-03,3.355633e-01,4.783251e-01,1.803885e-03,1.882470e-02,2.610802e-03
1.563990e-02,8.609178e-03,1.050741e-02,6.793571e-03,5.594266e-02,3.389720e-02,6.072792e-03,8.088531e-03,3.327593e-03,2.362608e-03,2.711284e-01,5.548836e-01,1.802305e-03,1.809227e-02,2.852006e-03
1.492808e-02,7.680302e-03,1.162319e-02,5.395085e-03,4.489701e-02,3.141462e-02,4.804314e-03,8.780779e-03,3.635207e-03,2.472062e-03,2.980740e-01,5.444571e-01,1.577312e-03,1.754157e-02,2.719307e-03
1.261085e-02,6.750228e-03,1.154062e-02,4.441800e-03,4.113865e-02,2.558618e-02,4.461431e-03,1.604399e-02,3.997802e-03,2.589915e-03,2.589210e-01,5.925733e-01,1.286735e-03,1.590113e-02,2.156260e-03
1.215539e-02,8.650881e-03,1.464300e-02,3.519204e-03,5.718005e-02,2.313193e-02,3.929646e-03,1.791023e-02,6.437004e-03,5.170743e-03,2.440551e-01,5.802609e-01,1.199328e-03,1.750816e-02,4.248389e-03
9.592880e-03,6.789388e-03,1.134835e-02,2.802213e-03,4.296529e-02,1.783352e-02,2.927168e-03,1.721558e-02,7.746885e-03,4.042593e-03,1.944730e-01,6.621333e-01,9.219875e-04,1.598545e-02,3.222295e-03
8.896189e-03,5.456964e-03,9.797574e-03,2.478198e-03,3.301694e-02,1.497260e-02,2.283426e-03,1.548366e-02,1.072711e-02,4.663571e-03,1.917140e-01,6.767134e-01,8.675733e-04,2.021379e-02,2.714944e-03
9.402331e-03,5.974341e-03,1.411077e-02,2.763983e-03,3.041513e-02,1.597301e-02,2.555328e-03,1.664291e-02,2.141557e-02,7.420549e-03,2.052695e-01,6.454777e-01,9.477899e-04,1.883796e-02,2.793024e-03
1.228892e-02,5.196077e-03,1.172486e-02,2.513187e-03,3.017085e-02,1.409700e-02,2.338353e-03,1.423968e-02,2.944762e-02,7.921793e-03,2.101016e-01,6.362096e-01,1.201087e-03,2.013723e-02,2.412121e-03
1.761111e-02,6.803851e-03,1.156697e-02,2.535197e-03,5.285218e-02,1.117797e-02,2.590364e-03,1.426996e-02,4.184143e-02,1.039988e-02,1.869284e-01,6.194178e-01,1.945481e-03,1.766502e-02,2.394349e-03
1.751974e-02,7.308535e-03,1.455134e-02,2.577532e-03,5.104007e-02,1.167276e-02,2.262668e-03,1.134344e-02,4.961377e-02,1.980296e-02,2.223054e-01,5.630757e-01,3.670973e-03,1.904000e-02,4.215124e-03
2.085198e-02,8.816680e-03,1.816078e-02,2.619329e-03,4.246179e-02,1.082482e-02,1.743008e-03,2.088719e-02,7.568993e-02,5.377920e-02,2.215388e-01,4.891941e-01,4.716820e-03,2.377284e-02,4.942758e-03
2.301705e-02,9.614359e-03,2.725253e-02,6.309818e-03,4.155146e-02,9.716494e-03,1.414903e-03,5.438513e-02,8.992317e-02,6.729457e-02,2.016628e-01,4.303829e-01,6.878878e-03,2.481966e-02,5.776257e-03
1.940677e-02,2.472003e-02,2.720317e-02,4.878669e-03,3.171847e-02,1.059875e-02,1.011843e-03,4.205187e-02,1.462947e-01,7.021892e-02,1.688015e-01,4.138355e-01,7.397477e-03,2.561186e-02,6.250601e-03
1.473908e-02,3.649010e-02,2.369786e-02,3.850648e-03,2.407428e-02,8.681152e-03,7.233274e-04,3.701814e-02,1.501311e-01,5.759136e-02,1.458068e-01,4.615158e-01,7.232881e-03,2.327132e-02,5.176132e-03
1.202533e-02,2.787731e-02,1.683386e-02,4.528288e-03,1.815230e-02,7.321898e-03,5.176371e-04,2.770369e-02,1.284385e-01,4.694464e-02,1.261002e-01,5.532748e-01,5.929196e-03,2.031928e-02,4.033057e-03
1.085767e-02,2.221746e-02,1.191908e-02,4.712481e-03,1.398703e-02,6.277954e-03,3.715348e-04,2.059113e-02,1.358788e-01,3.634796e-02,1.719628e-01,5.350798e-01,5.098192e-03,2.158093e-02,3.117237e-03
1.111556e-02,1.742399e-02,9.042636e-03,6.534959e-03,1.108207e-02,1.085740e-02,3.003624e-04,1.543818e-02,1.284839e-01,2.611331e-02,2.717552e-01,4.626241e-01,4.046137e-03,2.273011e-02,2.452138e-03
9.102467e-03,1.253053e-02,6.737811e-03,5.377389e-03,8.732912e-03,1.103046e-02,2.232233e-04,1.133254e-02,9.353236e-02,1.841936e-02,4.490946e-01,3.484521e-01,3.085636e-03,2.054678e-02,1.801917e-03
7.560243e-03,8.998507e-03,5.056626e-03,4.078916e-03,6.785837e-03,1.023190e-02,1.672217e-04,8.160500e-03,6.642093e-02,1.302833e-02,5.541030e-01,2.862619e-01,2.648124e-03,2.512535e-02,1.372639e-03
1.103199e-02,6.792532e-03,4.123329e-03,3.515535e-03,5.253832e-03,1.737499e-02,2.196868e-04,6.322945e-03,4.690726e-02,9.686662e-03,6.290582e-01,2.366319e-01,2.521174e-03,1.940791e-02,1.152034e-03
1.293890e-02,5.257597e-03,3.260594e-03,3.132241e-03,4.125861e-03,1.583586e-02,1.723502e-04,4.545433e-03,3.320485e-02,7.538031e-03,6.843770e-01,2.026806e-01,2.493750e-03,1.894644e-02,1.490528e-03
2.421060e-02,6.252625e-03,2.883015e-03,3.672792e-03,4.018289e-03,1.437834e-02,1.374160e-04,3.305994e-03,2.468527e-02,6.439775e-03,6.435119e-01,2.250994e-01,4.019932e-03,3.439454e-02,2.990077e-03
3.046122e-02,4.926147e-03,2.321600e-03,3.256849e-03,3.606162e-03,1.500393e-02,1.292285e-04,2.857184e-03,1.856237e-02,6.501129e-03,6.253890e-01,2.377275e-01,4.713133e-03,4.155800e-02,2.986570e-03
6.682653e-02,6.500931e-03,3.108303e-03,3.643031e-03,4.947546e-03,1.732609e-02,1.572735e-04,3.142459e-03,1.609745e-02,8.545577e-03,5.654551e-01,2.272670e-01,6.095802e-03,6.486486e-02,6.022111e-03
8.117205e-02,9.776263e-03,6.496845e-03,3.173404e-03,1.094718e-02,1.952392e-02,2.130408e-04,4.478578e-03,1.714784e-02,1.210018e-02,5.085344e-01,1.982745e-01,6.227431e-03,1.152520e-01,6.682328e-03
1.312942e-01,1.335895e-02,1.560239e-02,3.597134e-03,1.235680e-02,2.449471e-02,4.289471e-04,6.897691e-03,1.508423e-02,1.393911e-02,4.754908e-01,1.583954e-01,5.514550e-03,1.169932e-01,6.551843e-03
2.061943e-01,1.665823e-02,2.498818e-02,5.758014e-03,1.442813e-02,4.280776e-02,8.798192e-04,9.002537e-03,1.201310e-02,1.140710e-02,4.172125e-01,1.300663e-01,5.414735e-03,9.716813e-02,6.001098e-03
2.523999e-01,1.837536e-02,2.391628e-02,6.112328e-03,2.469275e-02,3.587954e-02,1.128033e-03,1.108280e-02,9.365189e-03,8.686743e-03,4.012677e-01,1.160132e-01,4.731634e-03,8.124978e-02,5.098716e-03
2.521842e-01,1.883806e-02,2.273031e-02,5.839074e-03,3.257750e-02,3.502405e-02,1.273623e-03,1.258856e-02,7.583323e-03,7.291551e-03,4.161027e-01,1.104938e-01,4.846251e-03,6.814152e-02,4.485400e-03
2.341086e-01,1.975131e-02,2.627868e-02,6.188903e-03,6.235449e-02,4.153369e-02,1.342646e-03,1.592536e-02,5.956870e-03,6.223019e-03,4.246358e-01,9.331673e-02,4.143122e-03,5.455368e-02,3.687087e-03
1.827490e-01,1.585797e-02,2.998911e-02,8.347007e-03,9.712230e-02,3.611827e-02,2.013416e-03,3.147012e-02,5.439886e-03,4.788452e-03,4.519731e-01,8.737510e-02,3.346058e-03,4.072797e-02,2.682153e-03
1.332061e-01,1.741922e-02,2.497826e-02,7.460516e-03,2.262932e-01,3.224929e-02,2.061726e-03,3.087800e-02,6.726892e-03,3.527688e-03,4.061578e-01,7.251488e-02,2.478094e-03,3.204593e-02,2.002477e-03
9.866119e-02,1.306664e-02,2.046247e-02,7.025210e-03,1.800082e-01,2.724373e-02,2.466762e-03,3.190292e-02,6.068358e-03,2.786286e-03,4.433253e-01,1.371598e-01,1.982916e-03,2.637568e-02,1.464490e-03
7.214937e-02,9.966245e-03,1.510386e-02,6.473648e-03,1.631735e-01,2.049718e-02,2.154970e-03,3.035100e-02,4.969886e-03,2.055115e-03,5.272042e-01,1.236465e-01,1.611409e-03,1.959380e-02,1.049321e-03
5.970834e-02,9.627688e-03,1.720386e-02,2.391156e-02,2.186742e-01,3.008589e-02,3.664884e-03,8.657630e-02,4.413447e-03,1.919096e-03,4.206613e-01,1.064297e-01,1.213367e-03,1.504214e-02,8.683114e-04
6.270729e-02,7.324044e-03,1.324284e-02,2.497790e-02,3.118258e-01,2.685848e-02,3.758709e-03,6.862188e-02,4.427112e-03,2.554464e-03,3.766007e-01,8.049721e-02,9.001984e-04,1.464893e-02,1.054435e-03
6.988472e-02,5.654049e-03,1.007324e-02,2.781462e-02,2.892894e-01,2.112972e-02,2.922803e-03,5.306862e-02,4.731948e-03,4.068357e-03,4.257823e-01,6.070545e-02,7.092977e-04,2.277467e-02,1.390897e-03
6.225507e-02,4.914124e-03,7.295927e-03,2.069363e-02,2.049151e-01,1.675589e-02,2.409862e-03,3.811405e-02,3.698928e-03,3.663045e-03,5.044539e-01,1.090648e-01,1.022313e-03,1.929736e-02,1.446077e-03
5.888585e-02,4.121210e-03,5.320970e-03,1.620488e-02,1.476345e-01,1.308851e-02,2.206057e-03,2.838267e-02,3.414852e-03,3.689901e-03,5.931617e-01,1.018261e-01,1.312979e-03,1.906841e-02,1.681461e-03
5.769440e-02,6.413327e-03,5.700292e-03,1.443693e-02,1.721149e-01,1.913567e-02,8.374883e-03,5.174972e-02,1.956432e-02,5.010611e-03,4.998479e-01,1.196062e-01,1.576410e-03,1.654666e-02,2.227849e-03
7.061005e-02,1.144260e-02,2.714861e-02,1.516937e-02,1.896158e-01,3.491378e-02,1.729844e-02,9.627666e-02,2.129280e-02,4.726651e-03,4.058148e-01,8.904614e-02,1.805636e-03,1.180746e-02,3.031226e-03
1.055124e-01,2.067858e-02,3.409197e-02,1.429864e-02,2.504051e-01,5.490714e-02,2.957808e-02,7.128750e-02,2.183316e-02,5.018231e-03,3.120486e-01,6.413670e-02,2.288950e-03,8.812659e-03,5.102422e-03
8.579322e-02,1.653876e-02,3.368583e-02,4.512884e-02,3.783358e-01,5.497295e-02,2.704156e-02,6.069693e-02,1.752192e-02,3.817266e-03,2.190653e-01,4.542077e-02,1.777861e-03,6.283633e-03,3.919446e-03
8.425346e-02,1.339322e-02,3.445236e-02,5.178821e-02,4.579421e-01,5.173776e-02,2.467309e-02,6.330147e-02,1.865823e-02,3.009494e-03,1.551555e-01,3.244203e-02,1.476195e-03,4.672891e-03,3.044122e-03
8.769346e-02,1.048628e-02,3.743801e-02,7.435147e-02,4.203520e-01,4.404338e-02,2.135492e-02,1.444612e-01,1.573339e-02,2.548181e-03,1.099549e-01,2.439989e-02,1.372918e-03,3.528678e-03,2.281245e-03
1.629612e-01,1.041338e-02,4.589423e-02,9.901614e-02,3.790525e-01,4.976541e-02,2.014520e-02,1.064597e-01,1.493151e-02,2.984569e-03,8.024677e-02,2.024296e-02,2.621684e-03,3.130565e-03,2.134135e-03
1.737105e-01,9.787168e-03,3.732403e-02,1.247841e-01,3.938591e-01,5.029241e-02,2.010779e-02,8.901364e-02,1.382367e-02,2.627629e-03,5.909315e-02,1.770858e-02,3.373198e-03,2.510920e-03,1.984015e-03
2.041456e-01,1.117526e-02,2.879869e-02,1.519644e-01,3.720666e-01,4.161104e-02,1.779811e-02,7.914443e-02,1.395108e-02,2.453019e-03,4.697782e-02,2.139092e-02,4.213739e-03,2.348165e-03,1.960998e-03
2.774133e-01,1.325700e-02,2.222676e-02,1.460896e-01,3.242359e-01,3.629875e-02,1.419727e-02,6.314017e-02,1.820563e-02,2.200194e-03,4.291525e-02,2.691875e-02,7.307648e-03,3.444726e-03,2.148913e-03
3.893860e-01,1.410288e-02,1.735493e-02,1.236522e-01,2.776279e-01,2.919842e-02,1.069347e-02,4.705651e-02,1.771452e-02,1.881871e-03,3.437546e-02,2.362664e-02,8.103351e-03,3.304955e-03,1.920854e-03
4.681215e-01,1.258383e-02,1.401086e-02,1.180322e-01,2.091793e-01,2.466133e-02,8.063772e-03,3.533014e-02,2.082409e-02,4.247904e-03,3.382490e-02,3.406392e-02,9.705770e-03,4.880158e-03,2.470328e-03
1.000000e+00,0.000000e+00,0.000000e+00,0.000000e+00,0.000000e+00,0.000000e+00,0.000000e+00,0.000000e+00,0.000000e+00,0.000000e+00,0.000000e+00,0.000000e+00,0.000000e+00,0.000000e+00,0.000000e+00
1.000000e+00,0.000000e+00,0.000000e+00,0.000000e+00,0.000000e+00,0.000000e+00,0.000000e+00,0.000000e+00,0.000000e+00,0.000000e+00,0.000000e+00,0.000000e+00,0.000000e+00,0.000000e+00,0.000000e+00
4.818309e-01,1.139070e-02,1.275098e-02,1.126284e-01,8.293547e-02,1.509595e-02,4.771526e-03,2.999171e-02,6.094861e-02,3.681293e-03,5.520820e-02,7.250614e-02,2.090463e-02,2.778972e-02,7.565755e-03
3.595224e-01,1.421967e-02,2.479254e-02,1.019927e-01,5.953219e-02,2.497960e-02,3.408609e-03,2.539472e-02,6.357856e-02,4.080296e-03,2.060070e-01,5.426082e-02,1.711232e-02,3.106341e-02,1.005519e-02
2.522339e-01,1.161229e-02,1.810676e-02,8.600562e-02,4.180381e-02,1.865311e-02,2.395441e-03,1.780095e-02,5.122704e-02,4.019009e-03,3.130612e-01,1.316034e-01,1.263109e-02,2.676400e-02,1.208248e-02
1.781042e-01,1.032415e-02,1.487755e-02,8.395523e-02,2.964726e-02,1.490322e-02,1.701744e-03,1.250745e-02,4.540817e-02,4.509879e-03,2.901353e-01,2.594425e-01,9.305759e-03,3.006561e-02,1.511202e-02
1.255127e-01,7.686937e-03,1.088041e-02,6.212314e-02,2.108226e-02,1.150868e-02,1.201038e-03,8.816479e-03,3.317762e-02,4.379453e-03,3.691828e-01,2.999956e-01,6.944070e-03,2.441550e-02,1.309336e-02
8.920075e-02,5.657964e-03,7.920734e-03,4.507520e-02,1.562154e-02,9.504306e-03,8.498344e-04,6.199061e-03,2.386430e-02,4.181273e-03,3.136952e-01,4.436985e-01,5.221391e-03,1.905370e-02,1.025626e-02
6.322236e-02,4.019388e-03,5.613057e-03,3.185826e-02,1.233843e-02,8.230319e-03,6.059254e-04,4.353376e-03,1.705593e-02,3.184461e-03,2.467566e-01,5.759821e-01,3.747056e-03,1.557192e-02,7.460914e-03
4.757757e-02,3.084648e-03,4.016106e-03,2.292518e-02,1.925500e-02,6.453359e-03,6.077068e-04,3.153479e-03,1.383657e-02,3.068004e-03,2.333564e-01,6.156480e-01,2.938310e-03,1.829138e-02,5.788332e-03
3.518648e-02,2.806271e-03,3.104426e-03,1.635066e-02,3.266125e-02,5.030899e-03,6.183464e-04,2.267712e-03,1.168343e-02,3.731331e-03,2.025193e-01,6.596003e-01,2.278981e-03,1.735100e-02,4.809588e-03
2.485759e-02,2.187441e-03,2.294071e-03,1.167461e-02,2.790062e-02,3.883091e-03,5.007018e-04,1.625677e-03,8.884466e-03,3.370179e-03,2.332449e-01,6.585863e-01,1.706379e-03,1.553331e-02,3.750667e-03
1.790732e-02,1.911042e-03,1.691345e-03,8.685740e-03,2.703948e-02,3.437485e-03,4.260190e-04,1.188194e-03,7.254290e-03,4.203409e-03,2.180821e-01,6.889581e-01,1.417939e-03,1.394312e-02,3.854393e-03
1.341781e-02,1.579034e-03,1.287871e-03,6.318152e-03,2.471290e-02,3.886369e-03,3.459285e-04,9.559005e-04,6.899413e-03,5.291486e-03,3.194443e-01,5.899183e-01,1.585570e-03,2.055202e-02,3.804963e-03
9.753951e-03,1.382825e-03,1.076045e-03,4.596698e-03,1.984502e-02,5.921809e-03,2.603776e-04,7.563767e-04,5.293072e-03,4.504528e-03,4.604891e-01,4.620864e-01,1.351260e-03,1.858387e-02,4.098601e-03
7.695648e-03,1.491405e-03,1.337377e-03,4.230575e-03,2.240977e-02,8.832110e-03,2.740161e-04,7.958242e-04,4.399944e-03,4.578299e-03,5.201498e-01,4.000910e-01,1.466258e-03,1.758433e-02,4.663600e-03
7.036340e-03,1.370181e-03,1.233953e-03,3.306665e-03,1.663835e-02,8.936420e-03,2.846111e-04,8.034555e-04,3.405100e-03,3.527443e-03,6.123340e-01,3.201248e-01,1.460955e-03,1.570088e-02,3.836847e-03
6.801238e-03,2.191611e-03,1.839727e-03,2.961647e-03,1.396137e-02,8.891745e-03,2.965627e-04,7.739043e-04,2.801101e-03,3.733442e-03,6.068867e-01,3.276426e-01,1.441572e-03,1.550481e-02,4.271881e-03
9.030694e-03,2.738507e-03,1.876959e-03,2.728944e-03,1.114553e-02,8.516055e-03,2.658216e-04,7.993820e-04,2.479324e-03,3.070548e-03,5.776497e-01,3.590752e-01,1.339673e-03,1.516273e-02,4.120849e-03
7.652165e-03,2.381478e-03,1.559920e-03,2.006270e-03,8.619463e-03,6.820095e-03,2.589550e-04,7.327186e-04,1.932397e-03,2.490234e-03,5.507809e-01,3.971421e-01,1.283090e-03,1.328568e-02,3.054472e-03
6.222012e-03,2.445338e-03,1.416791e-03,1.503258e-03,7.040144e-03,5.758160e-03,2.970242e-04,6.124512e-04,1.551907e-03,2.298269e-03,5.183758e-01,4.377955e-01,1.290176e-03,1.113454e-02,2.258569e-03
4.907443e-03,2.714474e-03,2.488271e-03,1.476878e-03,2.662425e-02,1.310829e-02,6.261837e-03,2.909066e-03,1.293025e-03,1.944245e-03,4.285977e-01,4.951470e-01,1.168330e-03,9.717759e-03,1.641374e-03
6.583500e-03,3.707202e-03,2.801239e-03,1.403519e-03,4.543412e-02,1.667757e-02,5.590709e-03,3.322918e-03,1.249439e-03,1.658272e-03,3.826950e-01,5.163782e-01,1.298029e-03,9.933454e-03,1.266793e-03
5.192661e-03,3.004376e-03,2.311754e-03,1.035280e-03,3.477508e-02,1.317955e-02,4.868458e-03,2.578206e-03,1.007639e-03,1.402867e-03,3.847124e-01,5.351191e-01,1.160843e-03,8.703050e-03,9.487601e-04
4.534896e-03,3.608793e-03,1.872822e-03,8.002729e-04,2.971407e-02,1.223000e-02,4.536837e-03,2.113230e-03,9.684688e-04,1.147041e-03,4.061135e-01,5.225836e-01,1.118107e-03,7.767844e-03,8.904902e-04
6.043990e-03,6.203094e-03,2.280624e-03,7.722201e-04,3.061582e-02,1.120897e-02,4.676086e-03,2.326754e-03,1.159825e-03,1.279142e-03,3.659986e-01,5.568295e-01,1.292734e-03,8.237103e-03,1.075556e-03
7.542419e-03,9.900361e-03,5.058491e-03,1.682652e-03,3.843595e-02,1.579925e-02,5.379935e-03,8.906509e-03,1.630469e-03,1.163398e-03,3.220192e-01,5.708625e-01,1.133098e-03,9.144409e-03,1.341355e-03
7.741245e-03,8.082064e-03,1.183728e-02,5.058968e-03,3.904930e-02,1.951310e-02,9.024790e-03,5.931537e-02,1.801476e-03,1.328243e-03,2.754244e-01,5.491934e-01,1.086756e-03,1.041230e-02,1.131289e-03
1.128068e-02,6.806796e-03,1.625612e-02,6.891702e-03,3.925071e-02,2.683730e-02,8.388489e-03,9.996228e-02,3.126430e-03,1.262564e-03,2.821953e-01,4.863570e-01,9.929133e-04,9.458615e-03,9.330389e-04
2.107487e-02,7.865495e-03,3.201137e-02,8.709596e-03,4.166112e-02,3.738276e-02,8.266026e-03,1.798312e-01,1.108866e-02,2.529373e-03,2.639237e-01,3.733201e-01,9.186738e-04,1.000473e-02,1.412308e-03
1.777844e-02,6.199953e-03,2.902943e-02,8.757489e-03,3.888468e-02,2.990223e-02,6.673859e-03,3.861703e-01,9.619361e-03,1.998043e-03,1.901877e-01,2.656325e-01,7.384912e-04,7.402330e-03,1.025320e-03
1.635627e-02,5.638978e-03,2.707779e-02,9.290560e-03,3.526323e-02,2.340913e-02,5.357314e-03,5.356897e-01,7.887201e-03,1.633222e-03,1.372459e-01,1.882109e-01,5.832810e-04,5.595325e-03,7.611153e-04
1.375208e-02,5.541627e-03,2.493482e-02,1.071228e-02,3.555079e-02,1.970859e-02,4.559559e-03,6.403809e-01,6.987171e-03,1.417432e-03,9.753660e-02,1.338367e-01,4.758699e-04,4.043870e-03,5.617122e-04
1.326628e-02,5.770983e-03,2.216254e-02,1.072296e-02,4.295092e-02,1.674498e-02,3.747033e-03,7.059685e-01,7.880403e-03,1.236428e-03,6.999987e-02,9.534449e-02,6.123172e-04,3.094890e-03,4.974273e-04
1.581765e-02,1.723273e-02,1.960844e-02,8.582307e-03,4.184399e-02,1.356994e-02,2.975094e-03,7.345099e-01,1.131430e-02,1.187979e-03,6.038551e-02,6.745195e-02,6.218131e-04,4.324450e-03,5.740084e-04
1.311162e-02,1.474821e-02,1.615275e-02,7.109396e-03,4.293753e-02,1.088097e-02,2.439473e-03,7.833033e-01,1.042726e-02,1.052229e-03,4.572283e-02,4.761063e-02,5.312474e-04,3.511547e-03,4.611372e-04
1.152934e-02,1.446459e-02,1.304579e-02,5.395034e-03,4.718170e-02,8.954882e-03,1.920917e-03,8.153966e-01,9.665342e-03,8.511177e-04,3.389822e-02,3.372895e-02,5.104807e-04,3.081460e-03,3.756248e-04
1.155955e-02,2.354219e-02,1.168119e-02,4.276333e-03,5.449343e-02,7.950612e-03,1.653081e-03,8.206998e-01,1.098123e-02,7.059424e-04,2.471090e-02,2.390070e-02,5.520319e-04,2.948807e-03,3.442377e-04
