1.000000e+00,0.000000e+00,0.000000e+00,0.000000e+00,0.000000e+00,0.000000e+00,0.000000e+00,0.000000e+00,0.000000e+00,0.000000e+00,0.000000e+00,0.000000e+00,0.000000e+00,0.000000e+00,0.000000e+00
1.000000e+00,0.000000e+00,0.000000e+00,0.000000e+00,0.000000e+00,0.000000e+00,0.000000e+00,0.000000e+00,0.000000e+00,0.000000e+00,0.000000e+00,0.000000e+00,0.000000e+00,0.000000e+00,0.000000e+00
1.000000e+00,0.000000e+00,0.000000e+00,0.000000e+00,0.000000e+00,0.000000e+00,0.000000e+00,0.000000e+00,0.000000e+00,0.000000e+00,0.000000e+00,0.000000e+00,0.000000e+00,0.000000e+00,0.000000e+00
1.000000e+00,0.000000e+00,0.000000e+00,0.000000e+00,0.000000e+00,0.000000e+00,0.000000e+00,0.000000e+00,0.000000e+00,0.000000e+00,0.000000e+00,0.000000e+00,0.000000e+00,0.000000e+00,0.000000e+00
1.000000e+00,0.000000e+00,0.000000e+00,0.000000e+00,0.000000e+00,0.000000e+00,0.000000e+00,0.000000e+00,0.000000e+00,0.000000e+00,0.000000e+00,0.000000e+00,0.000000e+00,0.000000e+00,0.000000e+00
1.000000e+00,0.000000e+00,0.000000e+00,0.000000e+00,0.000000e+00,0.000000e+00,0.000000e+00,0.000000e+00,0.000000e+00,0.000000e+00,0.000000e+00,0.000000e+00,0.000000e+00,0.000000e+00,0.000000e+00
1.000000e+00,0.000000e+00,0.000000e+00,0.000000e+00,0.000000e+00,0.000000e+00,0.000000e+00,0.000000e+00,0.000000e+00,0.000000e+00,0.000000e+00,0.000000e+00,0.000000e+00,0.000000e+00,0.000000e+00
1.000000e+00,0.000000e+00,0.000000e+00,0.000000e+00,0.000000e+00,0.000000e+00,0.000000e+00,0.000000e+00,0.000000e+00,0.000000e+00,0.000000e+00,0.000000e+00,0.000000e+00,0.000000e+00,0.000000e+00
1.000000e+00,0.000000e+00,0.000000e+00,0.000000e+00,0.000000e+00,0.000000e+00,0.000000e+00,0.000000e+00,0.000000e+00,0.000000e+00,0.000000e+00,0.000000e+00,0.000000e+00,0.000000e+00,0.000000e+00
1.000000e+00,0.000000e+00,0.000000e+00,0.000000e+00,0.000000e+00,0.000000e+00,0.000000e+00,0.000000e+00,0.000000e+00,0.000000e+00,0.000000e+00,0.000000e+00,0.000000e+00,0.000000e+00,0.000000e+00
1.000000e+00,0.000000e+00,0.000000e+00,0.000000e+00,0.000000e+00,0.000000e+00,0.000000e+00,0.000000e+00,0.000000e+00,0.000000e+00,0.000000e+00,0.000000e+00,0.000000e+00,0.000000e+00,0.000000e+00
1.000000e+00,0.000000e+00,0.000000e+00,0.000000e+00,0.000000e+00,0.000000e+00,0.000000e+00,0.000000e+00,0.000000e+00,0.000000e+00,0.000000e+00,0.000000e+00,0.000000e+00,0.000000e+00,0.000000e+00
1.000000e+00,0.000000e+00,0.000000e+00,0.000000e+00,0.000000e+00,0.000000e+00,0.000000e+00,0.000000e+00,0.000000e+00,0.000000e+00,0.000000e+00,0.000000e+00,0.000000e+00,0.000000e+00,0.000000e+00
1.000000e+00,0.000000e+00,0.000000e+00,0.000000e+00,0.000000e+00,0.000000e+00,0.000000e+00,0.000000e+00,0.000000e+00,0.000000e+00,0.000000e+00,0.000000e+00,0.000000e+00,0.000000e+00,0.000000e+00
1.000000e+00,0.000000e+00,0.000000e+00,0.000000e+00,0.000000e+00,0.000000e+00,0.000000e+00,0.000000e+00,0.000000e+00,0.000000e+00,0.000000e+00,0.000000e+00,0.000000e+00,0.000000e+00,0.000000e+00
1.000000e+00,0.000000e+00,0.000000e+00,0.000000e+00,0.000000e+00,0.000000e+00,0.000000e+00,0.000000e+00,0.000000e+00,0.000000e+00,0.000000e+00,0.000000e+00,0.000000e+00,0.000000e+00,0.000000e+00
1.000000e+00,0.000000e+00,0.000000e+00,0.000000e+00,0.000000e+00,0.000000e+00,0.000000e+00,0.000000e+00,0.000000e+00,0.000000e+00,0.000000e+00,0.000000e+00,0.000000e+00,0.000000e+00,0.000000e+00
1.000000e+00,0.000000e+00,0.000000e+00,0.000000e+00,0.000000e+00,0.000000e+00,0.000000e+00,0.000000e+00,0.000000e+00,0.000000e+00,0.000000e+00,0.000000e+00,0.000000e+00,0.000000e+00,0.000000e+00
1.000000e+00,0.000000e+00,0.000000e+00,0.000000e+00,0.000000e+00,0.000000e+00,0.000000e+00,0.000000e+00,0.000000e+00,0.000000e+00,0.000000e+00,0.000000e+00,0.000000e+00,0.000000e+00,0.000000e+00
1.000000e+00,0.000000e+00,0.000000e+00,0.000000e+00,0.000000e+00,0.000000e+00,0.000000e+00,0.000000e+00,0.000000e+00,0.000000e+00,0.000000e+00,0.000000e+00,0.000000e+00,0.000000e+00,0.000000e+00
1.000000e+00,0.000000e+00,0.000000e+00,0.000000e+00,0.000000e+00,0.000000e+00,0.000000e+00,0.000000e+00,0.000000e+00,0.000000e+00,0.000000e+00,0.000000e+00,0.000000e+00,0.000000e+00,0.000000e+00
1.000000e+00,0.000000e+00,0.000000e+00,0.000000e+00,0.000000e+00,0.000000e+00,0.000000e+00,0.000000e+00,0.000000e+00,0.000000e+00,0.000000e+00,0.000000e+00,0.000000e+00,0.000000e+00,0.000000e+00
1.000000e+00,0.000000e+00,0.000000e+00,0.000000e+00,0.000000e+00,0.000000e+00,0.000000e+00,0.000000e+00,0.000000e+00,0.000000e+00,0.000000e+00,0.000000e+00,0.000000e+00,0.000000e+00,0.000000e+00
1.000000e+00,0.000000e+00,0.000000e+00,0.000000e+00,0.000000e+00,0.000000e+00,0.000000e+00,0.000000e+00,0.000000e+00,0.000000e+00,0.000000e+00,0.000000e+00,0.000000e+00,0.000000e+00,0.000000e+00
1.000000e+00,0.000000e+00,0.000000e+00,0.000000e+00,0.000000e+00,0.000000e+00,0.000000e+00,0.000000e+00,0.000000e+00,0.000000e+00,0.000000e+00,0.000000e+00,0.000000e+00,0.000000e+00,0.000000e+00
1.000000e+00,0.000000e+00,0.000000e+00,0.000000e+00,0.000000e+00,0.000000e+00,0.000000e+00,0.000000e+00,0.000000e+00,0.000000e+00,0.000000e+00,0.000000e+00,0.000000e+00,0.000000e+00,0.000000e+00
1.000000e+00,0.000000e+00,0.000000e+00,0.000000e+00,0.000000e+00,0.000000e+00,0.000000e+00,0.000000e+00,0.000000e+00,0.000000e+00,0.000000e+00,0.000000e+00,0.000000e+00,0.000000e+00,0.000000e+00
1.000000e+00,0.000000e+00,0.000000e+00,0.000000e+00,0.000000e+00,0.000000e+00,0.000000e+00,0.000000e+00,0.000000e+00,0.000000e+00,0.000000e+00,0.000000e+00,0.000000e+00,0.000000e+00,0.000000e+00
1.000000e+00,0.000000e+00,0.000000e+00,0.000000e+00,0.000000e+00,0.000000e+00,0.000000e+00,0.000000e+00,0.000000e+00,0.000000e+00,0.000000e+00,0.000000e+00,0.000000e+00,0.000000e+00,0.000000e+00
1.000000e+00,0.000000e+00,0.000000e+00,0.000000e+00,0.000000e+00,0.000000e+00,0.000000e+00,0.000000e+00,0.000000e+00,0.000000e+00,0.000000e+00,0.000000e+00,0.000000e+00,0.000000e+00,0.000000e+00
1.000000e+00,0.000000e+00,0.000000e+00,0.000000e+00,0.000000e+00,0.000000e+00,0.000000e+00,0.000000e+00,0.000000e+00,0.000000e+00,0.000000e+00,0.000000e+00,0.000000e+00,0.000000e+00,0.000000e+00
1.000000e+00,0.000000e+00,0.000000e+00,0.000000e+00,0.000000e+00,0.000000e+00,0.000000e+00,0.000000e+00,0.000000e+00,0.000000e+00,0.000000e+00,0.000000e+00,0.000000e+00,0.000000e+00,0.000000e+00
1.000000e+00,0.000000e+00,0.000000e+00,0.000000e+00,0.000000e+00,0.000000e+00,0.000000e+00,0.000000e+00,0.000000e+00,0.000000e+00,0.000000e+00,0.000000e+00,0.000000e+00,0.000000e+00,0.000000e+00
1.000000e+00,0.000000e+00,0.000000e+00,0.000000e+00,0.000000e+00,0.000000e+00,0.000000e+00,0.000000e+00,0.000000e+00,0.000000e+00,0.000000e+00,0.000000e+00,0.000000e+00,0.000000e+00,0.000000e+00
1.000000e+00,0.000000e+00,0.000000e+00,0.000000e+00,0.000000e+00,0.000000e+00,0.000000e+00,0.000000e+00,0.000000e+00,0.000000e+00,0.000000e+00,0.000000e+00,0.000000e+00,0.000000e+00,0.000000e+00
1.000000e+00,0.000000e+00,0.000000e+00,0.000000e+00,0.000000e+00,0.000000e+00,0.000000e+00,0.000000e+00,0.000000e+00,0.000000e+00,0.000000e+00,0.000000e+00,0.000000e+00,0.000000e+00,0.000000e+00
1.000000e+00,0.000000e+00,0.000000e+00,0.000000e+00,0.000000e+00,0.000000e+00,0.000000e+00,0.000000e+00,0.000000e+00,0.000000e+00,0.000000e+00,0.000000e+00,0.000000e+00,0.000000e+00,0.000000e+00
1.000000e+00,0.000000e+00,0.000000e+00,0.000000e+00,0.000000e+00,0.000000e+00,0.000000e+00,0.000000e+00,0.000000e+00,0.000000e+00,0.000000e+00,0.000000e+00,0.000000e+00,0.000000e+00,0.000000e+00
1.000000e+00,0.000000e+00,0.000000e+00,0.000000e+00,0.000000e+00,0.000000e+00,0.000000e+00,0.000000e+00,0.000000e+00,0.000000e+00,0.000000e+00,0.000000e+00,0.000000e+00,0.000000e+00,0.000000e+00
1.000000e+00,0.000000e+00,0.000000e+00,0.000000e+00,0.000000e+00,0.000000e+00,0.000000e+00,0.000000e+00,0.000000e+00,0.000000e+00,0.000000e+00,0.000000e+00,0.000000e+00,0.000000e+00,0.000000e+00
1.000000e+00,0.000000e+00,0.000000e+00,0.000000e+00,0.000000e+00,0.000000e+00,0.000000e+00,0.000000e+00,0.000000e+00,0.000000e+00,0.000000e+00,0.000000e+00,0.000000e+00,0.000000e+00,0.000000e+00
1.000000e+00,0.000000e+00,0.000000e+00,0.000000e+00,0.000000e+00,0.000000e+00,0.000000e+00,0.000000e+00,0.000000e+00,0.000000e+00,0.000000e+00,0.000000e+00,0.000000e+00,0.000000e+00,0.000000e+00
1.000000e+00,0.000000e+00,0.000000e+00,0.000000e+00,0.000000e+00,0.000000e+00,0.000000e+00,0.000000e+00,0.000000e+00,0.000000e+00,0.000000e+00,0.000000e+00,0.000000e+00,0.000000e+00,0.000000e+00
1.000000e+00,0.000000e+00,0.000000e+00,0.000000e+00,0.000000e+00,0.000000e+00,0.000000e+00,0.000000e+00,0.000000e+00,0.000000e+00,0.000000e+00,0.000000e+00,0.000000e+00,0.000000e+00,0.000000e+00
1.000000e+00,0.000000e+00,0.000000e+00,0.000000e+00,0.000000e+00,0.000000e+00,0.000000e+00,0.000000e+00,0.000000e+00,0.000000e+00,0.000000e+00,0.000000e+00,0.000000e+00,0.000000e+00,0.000000e+00
1.000000e+00,0.000000e+00,0.000000e+00,0.000000e+00,0.000000e+00,0.000000e+00,0.000000e+00,0.000000e+00,0.000000e+00,0.000000e+00,0.000000e+00,0.000000e+00,0.000000e+00,0.000000e+00,0.000000e+00
1.000000e+00,0.000000e+00,0.000000e+00,0.000000e+00,0.000000e+00,0.000000e+00,0.000000e+00,0.000000e+00,0.000000e+00,0.000000e+00,0.000000e+00,0.000000e+00,0.000000e+00,0.000000e+00,0.000000e+00
1.000000e+00,0.000000e+00,0.000000e+00,0.000000e+00,0.000000e+00,0.000000e+00,0.000000e+00,0.000000e+00,0.000000e+00,0.000000e+00,0.000000e+00,0.000000e+00,0.000000e+00,0.000000e+00,0.000000e+00
1.000000e+00,0.000000e+00,0.000000e+00,0.000000e+00,0.000000e+00,0.000000e+00,0.000000e+00,0.000000e+00,0.000000e+00,0.000000e+00,0.000000e+00,0.000000e+00,0.000000e+00,0.000000e+00,0.000000e+00
1.000000e+00,0.000000e+00,0.000000e+00,0.000000e+00,0.000000e+00,0.000000e+00,0.000000e+00,0.000000e+00,0.000000e+00,0.000000e+00,0.000000e+00,0.000000e+00,0.000000e+00,0.000000e+00,0.000000e+00
1.000000e+00,0.000000e+00,0.000000e+00,0.000000e+00,0.000000e+00,0.000000e+00,0.000000e+00,0.000000e+00,0.000000e+00,0.000000e+00,0.000000e+00,0.000000e+00,0.000000e+00,0.000000e+00,0.000000e+00
1.000000e+00,0.000000e+00,0.000000e+00,0.000000e+00,0.000000e+00,0.000000e+00,0.000000e+00,0.000000e+00,0.000000e+00,0.000000e+00,0.000000e+00,0.000000e+00,0.000000e+00,0.000000e+00,0.000000e+00
1.000000e+00,0.000000e+00,0.000000e+00,0.000000e+00,0.000000e+00,0.000000e+00,0.000000e+00,0.000000e+00,0.000000e+00,0.000000e+00,0.000000e+00,0.000000e+00,0.000000e+00,0.000000e+00,0.000000e+00
1.000000e+00,0.000000e+00,0.000000e+00,0.000000e+00,0.000000e+00,0.000000e+00,0.000000e+00,0.000000e+00,0.000000e+00,0.000000e+00,0.000000e+00,0.000000e+00,0.000000e+00,0.000000e+00,0.000000e+00
1.000000e+00,0.000000e+00,0.000000e+00,0.000000e+00,0.000000e+00,0.000000e+00,0.000000e+00,0.000000e+00,0.000000e+00,0.000000e+00,0.000000e+00,0.000000e+00,0.000000e+00,0.000000e+00,0.000000e+00
1.000000e+00,0.000000e+00,0.000000e+00,0.000000e+00,0.000000e+00,0.000000e+00,0.000000e+00,0.000000e+00,0.000000e+00,0.000000e+00,0.000000e+00,0.000000e+00,0.000000e+00,0.000000e+00,0.000000e+00
1.000000e+00,0.000000e+00,0.000000e+00,0.000000e+00,0.000000e+00,0.000000e+00,0.000000e+00,0.000000e+00,0.000000e+00,0.000000e+00,0.000000e+00,0.000000e+00,0.000000e+00,0.000000e+00,0.000000e+00
1.000000e+00,0.000000e+00,0.000000e+00,0.000000e+00,0.000000e+00,0.000000e+00,0.000000e+00,0.000000e+00,0.000000e+00,0.000000e+00,0.000000e+00,0.000000e+00,0.000000e+00,0.000000e+00,0.000000e+00
1.000000e+00,0.000000e+00,0.000000e+00,0.000000e+00,0.000000e+00,0.000000e+00,0.000000e+00,0.000000e+00,0.000000e+00,0.000000e+00,0.000000e+00,0.000000e+00,0.000000e+00,0.000000e+00,0.000000e+00
1.000000e+00,0.000000e+00,0.000000e+00,0.000000e+00,0.000000e+00,0.000000e+00,0.000000e+00,0.000000e+00,0.000000e+00,0.000000e+00,0.000000e+00,0.000000e+00,0.000000e+00,0.000000e+00,0.000000e+00
1.000000e+00,0.000000e+00,0.000000e+00,0.000000e+00,0.000000e+00,0.000000e+00,0.000000e+00,0.000000e+00,0.000000e+00,0.000000e+00,0.000000e+00,0.000000e+00,0.000000e+00,0.000000e+00,0.000000e+00
3.973545e-01,6.919260e-03,1.045930e-02,2.706947e-02,4.255588e-03,1.059340e-02,2.787659e-03,5.076018e-01,1.895977e-03,7.509681e-04,4.533113e-03,1.007371e-02,7.767768e-03,1.240647e-03,6.696785e-03
2.787971e-01,4.891846e-03,7.491625e-03,1.904513e-02,3.216321e-03,7.577186e-03,2.191197e-03,6.535668e-01,1.333584e-03,5.282707e-04,3.204308e-03,7.070983e-03,5.478713e-03,8.977445e-04,4.709145e-03
1.963915e-01,3.467188e-03,5.360384e-03,1.343342e-02,2.577481e-03,5.399456e-03,1.687089e-03,7.552624e-01,9.388839e-04,3.722228e-04,2.288655e-03,4.967964e-03,3.874507e-03,6.666757e-04,3.312206e-03
1.376939e-01,2.452890e-03,3.837227e-03,9.481546e-03,2.090777e-03,3.840376e-03,1.287413e-03,8.276826e-01,6.609913e-04,2.615469e-04,1.650180e-03,3.483158e-03,2.752461e-03,4.955906e-04,2.329446e-03
9.656820e-02,1.738647e-03,2.928067e-03,6.807523e-03,2.153844e-03,2.749222e-03,1.208939e-03,8.774965e-01,4.736501e-04,1.931555e-04,1.206344e-03,2.441873e-03,2.001545e-03,3.625689e-04,1.670052e-03
6.795514e-02,1.262318e-03,2.991050e-03,5.031585e-03,2.442186e-03,2.055335e-03,1.159116e-03,9.106120e-01,3.744863e-04,2.054847e-04,9.290755e-04,1.717775e-03,1.547737e-03,3.127960e-04,1.403962e-03
4.929702e-02,1.024169e-03,3.095059e-03,3.727940e-03,3.431209e-03,1.975623e-03,1.237882e-03,8.814605e-01,3.960370e-04,1.863766e-02,3.988816e-03,3.079412e-03,2.085033e-02,2.440717e-03,5.357630e-03
3.499812e-02,9.758648e-04,3.446070e-03,2.891028e-03,3.253831e-03,2.200529e-03,1.201671e-03,8.320289e-01,5.233162e-04,2.338214e-02,4.374144e-03,2.512264e-03,3.012493e-02,2.811395e-03,5.527575e-02
2.501794e-02,1.453665e-03,2.573644e-03,2.067437e-03,2.662633e-03,1.843449e-03,9.109556e-04,5.992982e-01,8.699922e-04,2.942585e-02,1.025044e-02,2.535873e-03,4.568338e-02,8.275034e-03,2.671315e-01
1.888077e-02,7.766643e-03,3.058005e-03,1.723016e-03,2.460519e-03,2.013781e-03,7.329945e-04,4.216957e-01,9.180268e-03,2.899243e-02,9.531293e-03,2.940004e-03,5.171531e-02,3.028489e-02,4.090243e-01
1.571896e-02,9.616423e-03,2.696801e-03,1.509837e-03,3.460557e-03,2.378834e-03,6.918715e-04,2.972906e-01,1.558324e-02,5.678904e-02,9.301685e-03,2.867488e-03,4.485027e-02,3.492262e-02,5.023218e-01
2.167150e-02,1.075053e-02,3.416496e-03,3.574366e-03,5.094792e-03,8.310351e-03,1.357416e-03,2.092538e-01,2.701277e-02,7.100391e-02,1.548408e-02,5.176617e-03,6.345505e-02,3.484719e-02,5.195912e-01
2.200711e-02,9.361590e-03,2.765507e-03,8.060067e-03,5.661351e-03,1.162193e-02,1.731180e-03,1.468705e-01,3.379542e-02,5.655638e-02,3.483392e-02,7.385472e-03,1.119896e-01,3.236970e-02,5.149903e-01
1.633970e-02,7.294608e-03,2.276509e-03,1.304068e-02,8.128554e-03,1.174937e-02,1.321840e-03,1.030261e-01,6.696241e-02,5.068906e-02,6.789333e-02,1.201266e-02,1.964540e-01,5.320897e-02,3.896022e-01
1.195808e-02,5.526629e-03,1.863910e-03,1.179327e-02,8.022229e-03,8.691899e-03,1.017366e-03,7.230171e-02,1.790783e-01,4.127871e-02,6.020619e-02,1.234373e-02,2.215467e-01,6.573945e-02,2.986318e-01
1.084501e-02,4.461476e-03,1.741334e-03,9.527732e-03,1.061122e-02,7.258296e-03,8.663661e-04,5.119386e-02,2.778145e-01,3.297335e-02,5.877302e-02,1.220223e-02,1.999905e-01,8.871508e-02,2.330260e-01
1.459186e-02,5.485710e-03,2.793202e-03,8.735137e-03,9.823885e-03,9.139463e-03,7.813966e-04,3.593498e-02,3.568715e-01,2.961631e-02,4.929164e-02,9.769033e-03,1.459108e-01,8.943639e-02,2.318186e-01
1.783325e-02,4.701226e-03,3.168211e-03,6.530647e-03,8.289885e-03,7.670437e-03,6.549526e-04,2.525501e-02,3.797868e-01,2.328559e-02,4.716314e-02,8.076577e-03,1.052185e-01,1.424861e-01,2.198798e-01
1.480068e-02,4.527614e-03,5.133068e-03,4.696218e-03,6.565199e-03,7.146838e-03,5.234830e-04,1.774864e-02,4.286292e-01,1.809412e-02,4.655421e-02,6.459685e-03,7.513852e-02,1.956525e-01,1.683299e-01
1.292087e-02,4.369294e-03,1.210027e-02,3.849525e-03,8.091605e-03,6.369536e-03,4.167669e-04,1.254870e-02,4.858486e-01,1.891205e-02,3.626774e-02,4.882250e-03,5.380153e-02,2.107793e-01,1.288419e-01
1.406341e-02,3.909894e-03,1.220052e-02,2.914701e-03,8.342159e-03,5.082747e-03,3.129601e-04,8.856306e-03,4.027307e-01,1.909263e-02,2.729248e-02,3.617093e-03,3.826872e-02,3.559698e-01,9.734587e-02
1.345652e-02,3.422138e-03,1.330647e-02,2.444035e-03,1.076545e-02,4.623896e-03,2.403886e-04,7.704209e-03,4.606009e-01,1.560979e-02,2.054458e-02,2.724752e-03,2.778305e-02,3.452474e-01,7.152634e-02
1.306938e-02,2.689230e-03,1.185344e-02,2.049140e-03,1.319691e-02,3.821233e-03,1.971774e-04,7.183821e-03,5.003542e-01,1.452646e-02,1.513594e-02,2.057447e-03,2.011433e-02,3.393221e-01,5.442917e-02
1.097589e-02,2.456973e-03,9.154657e-03,3.198798e-03,1.307945e-02,3.074737e-03,1.621517e-04,5.383398e-03,6.206558e-01,1.149784e-02,1.211919e-02,1.990977e-03,1.939490e-02,2.446949e-01,4.216027e-02
1.060102e-02,2.379519e-03,8.062125e-03,4.991347e-03,1.700518e-02,3.353908e-03,2.064924e-04,1.510491e-02,5.259324e-01,1.504211e-02,2.397265e-02,3.345404e-03,2.574208e-02,3.076057e-01,3.665513e-02
1.076861e-02,1.810451e-03,9.180815e-03,8.933801e-03,3.320397e-02,3.025819e-03,3.484046e-04,9.836126e-02,3.866906e-01,1.468498e-02,2.263445e-02,3.582584e-03,2.321970e-02,3.524716e-01,3.108299e-02
2.550387e-02,2.564709e-03,9.525315e-03,1.651234e-02,1.392301e-01,3.919611e-03,1.045636e-03,8.027264e-02,2.932664e-01,1.329871e-02,1.969212e-02,2.980629e-03,1.792779e-02,3.491055e-01,2.515469e-02
2.429676e-02,2.314955e-03,1.013889e-02,2.679934e-02,1.430998e-01,3.037903e-03,9.214234e-04,2.286420e-01,2.203178e-01,1.040435e-02,1.786198e-02,2.987204e-03,1.492990e-02,2.747211e-01,1.952668e-02
2.996356e-02,3.713226e-03,1.134272e-02,2.934942e-02,1.334975e-01,2.941328e-03,1.695300e-03,3.261139e-01,1.718948e-01,8.212147e-03,1.648251e-02,3.089865e-03,1.515029e-02,2.258925e-01,2.066088e-02
3.488667e-02,7.218923e-03,1.196298e-02,2.965037e-02,1.197882e-01,1.088955e-02,2.154908e-03,3.139501e-01,1.424942e-01,8.331569e-03,1.575083e-02,5.128914e-03,1.157835e-01,1.610943e-01,2.091505e-02
3.438453e-02,1.334655e-02,1.296822e-02,3.032909e-02,9.714118e-02,2.938040e-02,2.240662e-03,2.430066e-01,1.268707e-01,6.682436e-03,1.339415e-02,5.509889e-03,2.539065e-01,1.131557e-01,1.768336e-02
3.826705e-02,1.427215e-02,1.442505e-02,3.716817e-02,8.148719e-02,4.296299e-02,2.344531e-03,2.300473e-01,1.157659e-01,5.380454e-03,1.219892e-02,5.643218e-03,3.050765e-01,7.938137e-02,1.557918e-02
3.327657e-02,1.260071e-02,1.102424e-02,2.668738e-02,9.149465e-02,3.268372e-02,1.816723e-03,1.701576e-01,9.551670e-02,3.831059e-03,9.031017e-03,4.739244e-03,4.398179e-01,5.560739e-02,1.171513e-02
4.376150e-02,1.154183e-02,1.376767e-02,3.712948e-02,9.903452e-02,2.570283e-02,1.956144e-03,1.500286e-01,7.965440e-02,3.215139e-03,8.113080e-03,7.376120e-03,4.701989e-01,3.908850e-02,9.431396e-03
3.603537e-02,1.107411e-02,1.068534e-02,2.883905e-02,7.236151e-02,3.228289e-02,1.884451e-03,1.059755e-01,9.334050e-02,2.745511e-03,7.091113e-03,1.061236e-02,5.484329e-01,2.758432e-02,1.105500e-02
2.633980e-02,1.191751e-02,7.716688e-03,2.203416e-02,5.096937e-02,2.978792e-02,1.501360e-03,7.438623e-02,1.183210e-01,2.519766e-03,5.916533e-03,1.135518e-02,6.082999e-01,1.944296e-02,9.491723e-03
1.896424e-02,1.592429e-02,5.668370e-03,1.879067e-02,3.588452e-02,2.406875e-02,1.114726e-03,5.221826e-02,1.422959e-01,2.955083e-03,5.293689e-03,1.140723e-02,6.423583e-01,1.380534e-02,9.250607e-03
1.410588e-02,1.948328e-02,4.333447e-03,1.661076e-02,2.559287e-02,1.910509e-02,8.506809e-04,3.671252e-02,2.034752e-01,3.058508e-03,4.209446e-03,9.079509e-03,6.248231e-01,9.765826e-03,8.793847e-03
1.207735e-02,1.620996e-02,4.300668e-03,1.306956e-02,1.924187e-02,1.789092e-02,9.145638e-04,2.610491e-02,1.551423e-01,2.546864e-03,4.693177e-03,1.014704e-02,6.976610e-01,8.343880e-03,1.165583e-02
9.358067e-03,1.172861e-02,3.208785e-03,9.874534e-03,1.385722e-02,5.694596e-02,9.491335e-04,1.831564e-02,1.116229e-01,2.743404e-03,7.386301e-03,1.749299e-02,7.206035e-01,6.445556e-03,9.467366e-03
7.608250e-03,8.653974e-03,3.896314e-03,8.313780e-03,1.068780e-02,6.892402e-02,1.136831e-03,1.287002e-02,8.063045e-02,2.783820e-03,8.454497e-03,3.024663e-02,7.415026e-01,5.478471e-03,8.812526e-03
5.530563e-03,6.168297e-03,3.068490e-03,6.088067e-03,8.073958e-03,5.166097e-02,9.108076e-04,9.017023e-03,5.712022e-02,2.831138e-03,1.207979e-02,1.074904e-01,7.160993e-01,4.265360e-03,9.595694e-03
4.502713e-03,4.442804e-03,2.573627e-03,4.682864e-03,6.510477e-03,4.215924e-02,9.509542e-04,6.330981e-03,4.161025e-02,2.873704e-03,1.253098e-02,1.368715e-01,7.201369e-01,3.691382e-03,1.013166e-02
3.376526e-03,3.201857e-03,2.034434e-03,3.857064e-03,1.038314e-02,3.222975e-02,1.038841e-03,4.501774e-03,3.080387e-02,4.915417e-03,1.475398e-02,1.198425e-01,7.568924e-01,3.744500e-03,8.423993e-03
2.693000e-03,2.325414e-03,1.551787e-03,3.322272e-03,9.190758e-03,2.594070e-02,9.986593e-04,3.347261e-03,2.261294e-02,1.033390e-02,3.078455e-02,1.388485e-01,7.344008e-01,6.378170e-03,7.271297e-03
2.354006e-03,1.718142e-03,1.749765e-03,2.804101e-03,1.332689e-02,1.975244e-02,2.857811e-03,3.104409e-03,1.734473e-02,1.382267e-02,3.730605e-02,1.302279e-01,7.426203e-01,5.128152e-03,5.882705e-03
2.555877e-03,1.395617e-03,1.646670e-03,2.281073e-03,1.393182e-02,1.842180e-02,3.248057e-03,2.540169e-03,1.468073e-02,1.770669e-02,4.284897e-02,1.674397e-01,7.026474e-01,3.934694e-03,4.720738e-03
2.688652e-03,1.308248e-03,1.545232e-03,2.104089e-03,3.853996e-02,1.507042e-02,3.323569e-03,3.683429e-03,1.673762e-02,1.762128e-02,4.384242e-02,1.634745e-01,6.829504e-01,3.102942e-03,4.007301e-03
2.598990e-03,1.243359e-03,1.991485e-03,1.944595e-03,4.223717e-02,1.309443e-02,2.699114e-03,7.227045e-03,4.346067e-02,2.157540e-02,4.275328e-02,1.794806e-01,6.340030e-01,2.638645e-03,3.052257e-03
2.260582e-03,1.177917e-03,2.476467e-03,1.752426e-03,3.627893e-02,9.615097e-03,2.050481e-03,1.550246e-02,7.529576e-02,2.223281e-02,4.182920e-02,1.512989e-01,6.329680e-01,2.173558e-03,3.087391e-03
2.546101e-03,3.608422e-03,6.615409e-03,2.484280e-03,3.712426e-02,7.240321e-03,1.545973e-03,2.399578e-02,1.585042e-01,2.172544e-02,3.491976e-02,1.121749e-01,5.817257e-01,1.897543e-03,3.891899e-03
3.561804e-03,7.083288e-03,8.230971e-03,3.090647e-03,3.461030e-02,6.626777e-03,1.757246e-03,7.985552e-02,2.278635e-01,1.887661e-02,2.787118e-02,8.174995e-02,4.897332e-01,1.895152e-03,7.193847e-03
5.856463e-03,1.250211e-02,9.154623e-03,2.966635e-03,4.103025e-02,7.942581e-03,2.459608e-03,6.500124e-02,3.890433e-01,1.722220e-02,2.051168e-02,5.887684e-02,3.535899e-01,1.634672e-03,1.220793e-02
2.806438e-02,1.358679e-02,1.755034e-02,8.076580e-03,1.034240e-01,8.160144e-03,2.869837e-03,7.441334e-02,4.010470e-01,1.442194e-02,1.588436e-02,4.721532e-02,2.506232e-01,2.303809e-03,1.235893e-02
3.332096e-02,1.437901e-02,2.235801e-02,8.480828e-02,1.515502e-01,6.917019e-03,3.247983e-03,8.296230e-02,3.580362e-01,1.061670e-02,1.157070e-02,3.339894e-02,1.761150e-01,1.694471e-03,9.024171e-03
6.458943e-02,1.791760e-02,2.577108e-02,9.662459e-02,2.129242e-01,8.281743e-03,3.541091e-03,9.398335e-02,3.009822e-01,8.550239e-03,9.088409e-03,2.417619e-02,1.245940e-01,1.571798e-03,7.404115e-03
8.108366e-02,2.066598e-02,2.036767e-02,1.285181e-01,2.196155e-01,9.245198e-03,4.559274e-03,1.345321e-01,2.426178e-01,1.199251e-02,8.098066e-03,1.861939e-02,8.828843e-02,2.243668e-03,9.552559e-03
1.471138e-01,2.438191e-02,2.332790e-02,9.626909e-02,2.637501e-01,8.657791e-03,4.026579e-03,1.006807e-01,2.051443e-01,1.874455e-02,9.137703e-03,1.657363e-02,6.578281e-02,5.044243e-03,1.136492e-02
1.928377e-01,2.839327e-02,2.311435e-02,9.863748e-02,2.269226e-01,9.689800e-03,4.822247e-03,8.484401e-02,1.783465e-01,1.717670e-02,1.227260e-02,3.705445e-02,6.570423e-02,8.121273e-03,1.206281e-02
2.491547e-01,3.018516e-02,2.145841e-02,8.901081e-02,2.196829e-01,9.578284e-03,4.712022e-03,6.353110e-02,1.411689e-01,1.676248e-02,1.494495e-02,4.607170e-02,6.982960e-02,1.103277e-02,1.287623e-02
2.970914e-01,2.913895e-02,1.765722e-02,7.733391e-02,1.965035e-01,1.048483e-02,4.301485e-03,4.683512e-02,1.188439e-01,1.718574e-02,2.106491e-02,5.798950e-02,7.111908e-02,1.552201e-02,1.892852e-02
3.298635e-01,2.894521e-02,1.442966e-02,8.823773e-02,1.585976e-01,1.176089e-02,4.705650e-03,3.852564e-02,9.402554e-02,1.336680e-02,2.589001e-02,8.170273e-02,7.378387e-02,1.735574e-02,1.880949e-02
3.828321e-01,2.528080e-02,1.189513e-02,7.834511e-02,1.331328e-01,1.133045e-02,4.255287e-03,2.982287e-02,8.793557e-02,1.052519e-02,2.790460e-02,9.352674e-02,6.757791e-02,1.744208e-02,1.819352e-02
4.151016e-01,2.094139e-02,1.014527e-02,8.696257e-02,1.082681e-01,1.253560e-02,4.044306e-03,2.882934e-02,7.133926e-02,8.435121e-03,3.170593e-02,1.051736e-01,5.964209e-02,2.004694e-02,1.682892e-02
4.592854e-01,1.877227e-02,9.529864e-03,9.150833e-02,9.167165e-02,1.526398e-02,3.864862e-03,2.801170e-02,7.074523e-02,6.639197e-03,3.072646e-02,9.297234e-02,4.707913e-02,1.942657e-02,1.450300e-02
3.314264e-01,1.692938e-02,7.916520e-03,7.582725e-02,6.709486e-02,2.320279e-01,2.829960e-03,2.222059e-02,6.128741e-02,5.053699e-03,4.207255e-02,7.198933e-02,3.392145e-02,1.768988e-02,1.171287e-02
2.325600e-01,1.234487e-02,5.667584e-03,5.325739e-02,4.714382e-02,1.631431e-01,1.998408e-03,1.562875e-02,4.352188e-02,3.609091e-03,2.948345e-01,5.470984e-02,2.389144e-02,3.935154e-02,8.337858e-03
1.630238e-01,8.840667e-03,4.019248e-03,3.735873e-02,3.306670e-02,1.146452e-01,1.402811e-03,1.096578e-02,3.108569e-02,2.560570e-03,4.649525e-01,4.344079e-02,1.679926e-02,6.174902e-02,6.089234e-03
1.141682e-01,6.212650e-03,2.850483e-03,2.620353e-02,2.316994e-02,8.078253e-02,9.894564e-04,7.686559e-03,2.206270e-02,1.870198e-03,6.050849e-01,3.226466e-02,1.180895e-02,6.037031e-02,4.474862e-03
7.995807e-02,4.405725e-03,2.024674e-03,1.836982e-02,1.626271e-02,5.672445e-02,6.972427e-04,5.390668e-03,1.566399e-02,1.443245e-03,7.141498e-01,2.493425e-02,8.323829e-03,4.830431e-02,3.347161e-03
5.602262e-02,3.121767e-03,1.450417e-03,1.288676e-02,1.148411e-02,3.995138e-02,5.021827e-04,3.781709e-03,1.119438e-02,1.170559e-03,7.839826e-01,2.136428e-02,5.882021e-03,4.460491e-02,2.600252e-03
3.924358e-02,2.243709e-03,1.031124e-03,9.048088e-03,8.255476e-03,2.804852e-02,3.606753e-04,2.651558e-03,7.937391e-03,9.653126e-04,8.434660e-01,1.654828e-02,4.171367e-03,3.408006e-02,1.948855e-03
2.751359e-02,1.644837e-03,7.500535e-04,6.381723e-03,5.987123e-03,1.971371e-02,2.647197e-04,1.863750e-03,5.732984e-03,8.500145e-04,8.813312e-01,1.508802e-02,3.001329e-03,2.840567e-02,1.471257e-03
1.931287e-02,1.267386e-03,6.426448e-04,4.563683e-03,4.542980e-03,1.393183e-02,2.047793e-04,1.337468e-03,4.328144e-03,9.220188e-04,9.011612e-01,1.720425e-02,2.201460e-03,2.726744e-02,1.111852e-03
1.360084e-02,9.523890e-04,5.028424e-04,3.272902e-03,3.572913e-03,9.875776e-03,1.634977e-04,9.728792e-04,3.317092e-03,9.054403e-04,9.163778e-01,1.613722e-02,1.678069e-03,2.783392e-02,8.364700e-04
9.595925e-03,7.154530e-04,3.795234e-04,2.348030e-03,2.893849e-03,7.131029e-03,1.220816e-04,6.956434e-04,2.498652e-03,8.642928e-04,9.299539e-01,1.569426e-02,1.297991e-03,2.513111e-02,6.783031e-04
7.164625e-03,6.347203e-04,3.424067e-04,1.828265e-03,2.882963e-03,5.271055e-03,1.019881e-04,6.929440e-04,2.686367e-03,8.175954e-04,9.278623e-01,1.834649e-02,1.015831e-03,2.973406e-02,6.184098e-04
5.389291e-03,4.897481e-04,2.537537e-04,1.359848e-03,2.358812e-03,3.871583e-03,7.578368e-05,5.155983e-04,2.580653e-03,6.700723e-04,9.262758e-01,2.012930e-02,8.114072e-04,3.468057e-02,5.378341e-04
5.847298e-03,1.498242e-03,4.499339e-04,1.352865e-03,3.779482e-03,3.021704e-03,9.349707e-05,1.118516e-03,5.541905e-03,7.172003e-04,9.007424e-01,3.216738e-02,6.970385e-04,4.232922e-02,6.434501e-04
7.027938e-03,1.356251e-03,4.502174e-04,1.198890e-03,3.629751e-03,2.355262e-03,9.619564e-05,1.011645e-03,4.707263e-03,7.873925e-04,8.890433e-01,3.624881e-02,7.208285e-04,5.071241e-02,6.538843e-04
6.437765e-03,1.376864e-03,5.154042e-04,1.128137e-03,3.795652e-03,1.861303e-03,1.127336e-04,9.503499e-04,4.666085e-03,9.666941e-04,8.719045e-01,4.875147e-02,7.938773e-04,5.602621e-02,7.129682e-04
6.191484e-03,1.403496e-03,6.145152e-04,9.443323e-04,3.207950e-03,1.615155e-03,1.173682e-04,8.766503e-04,5.138292e-03,1.237660e-03,8.613200e-01,5.828604e-02,7.453657e-04,5.762134e-02,6.804103e-04
9.426655e-03,1.604827e-03,1.058695e-03,1.082542e-03,4.978506e-03,1.592445e-03,2.011540e-04,1.379921e-03,5.006959e-03,1.691145e-03,8.384331e-01,7.030418e-02,9.307676e-04,6.155874e-02,7.504121e-04
8.248063e-03,1.639249e-03,1.114989e-03,1.029627e-03,6.131981e-03,1.495528e-03,3.201299e-04,1.308568e-03,3.943655e-03,1.568057e-03,8.561679e-01,6.441378e-02,9.299333e-04,5.102158e-02,6.670271e-04
8.197851e-03,1.722405e-03,1.103651e-03,9.319154e-04,5.709419e-03,1.552300e-03,3.935210e-04,1.354748e-03,3.392738e-03,1.468502e-03,8.583670e-01,6.199110e-02,1.118371e-03,5.207336e-02,6.231299e-04
8.297412e-03,2.475460e-03,1.157283e-03,9.632625e-04,6.132185e-03,1.628096e-03,3.671844e-04,1.320176e-03,3.102691e-03,1.886737e-03,8.525934e-01,6.116325e-02,1.549125e-03,5.670509e-02,6.586511e-04
1.072763e-02,3.515122e-03,1.156431e-03,1.085248e-03,9.394279e-03,2.182049e-03,4.489192e-04,1.844958e-03,2.986225e-03,1.841554e-03,8.543547e-01,5.056985e-02,1.633178e-03,5.741589e-02,8.439615e-04
1.735116e-02,5.493975e-03,1.393957e-03,1.419708e-03,1.195509e-02,2.509165e-03,4.679502e-04,2.043919e-03,3.234646e-03,2.362841e-03,8.363972e-01,4.653429e-02,1.840232e-03,6.555436e-02,1.441524e-03
2.336902e-02,8.127915e-03,1.782802e-03,2.122681e-03,2.406819e-02,3.651451e-03,7.116855e-04,3.447259e-03,4.291968e-03,2.477015e-03,8.126056e-01,4.525284e-02,1.766462e-03,6.384510e-02,2.480051e-03
2.555146e-02,1.087125e-02,2.971892e-03,2.592793e-03,5.191587e-02,5.821227e-03,1.254862e-03,7.116737e-03,1.338928e-02,4.659343e-03,7.472248e-01,4.832805e-02,1.745256e-03,6.835627e-02,8.200933e-03
2.965092e-02,1.080575e-02,4.257441e-03,3.958092e-03,6.633931e-02,6.636479e-03,1.402284e-03,1.618921e-02,2.690750e-02,5.324375e-03,7.045287e-01,4.294892e-02,1.845661e-03,6.948539e-02,9.719977e-03
3.003581e-02,1.266833e-02,7.481640e-03,4.068615e-03,1.009974e-01,7.226433e-03,1.449748e-03,1.941619e-02,5.703853e-02,1.000095e-02,6.329983e-01,3.523273e-02,1.659146e-03,6.347097e-02,1.625521e-02
3.084104e-02,1.892831e-02,1.351465e-02,5.169021e-03,2.178815e-01,2.103050e-02,2.295284e-03,1.872838e-02,6.791466e-02,1.332860e-02,4.933885e-01,2.851512e-02,1.439871e-03,5.152485e-02,1.549970e-02
4.609773e-02,6.180649e-02,1.825013e-02,5.205860e-03,2.422127e-01,1.931654e-02,1.829135e-03,1.809978e-02,1.221519e-01,1.155688e-02,3.731689e-01,2.130802e-02,1.496140e-03,3.835833e-02,1.914138e-02
4.290118e-02,6.737462e-02,1.771863e-02,4.520218e-03,2.363880e-01,5.766202e-02,1.389785e-03,1.702104e-02,1.933410e-01,9.936206e-03,2.880341e-01,1.638617e-02,1.690117e-03,2.835791e-02,1.727901e-02
3.606737e-02,5.961737e-02,1.954473e-02,8.662621e-03,3.314165e-01,6.020219e-02,2.498326e-03,3.324022e-02,1.878220e-01,7.456573e-03,2.068907e-01,1.194001e-02,1.586186e-03,2.019392e-02,1.286121e-02
3.915777e-02,6.106736e-02,2.981692e-02,2.595261e-02,3.015115e-01,6.173806e-02,2.593251e-03,6.115866e-02,2.137551e-01,6.454213e-03,1.493187e-01,9.420272e-03,1.671266e-03,1.475818e-02,2.162604e-02
4.405913e-02,6.461453e-02,2.524768e-02,2.289483e-02,2.935953e-01,1.099146e-01,2.501013e-03,6.106719e-02,2.112969e-01,4.743634e-03,1.127143e-01,1.122122e-02,2.120185e-03,1.174269e-02,2.226681e-02
3.358412e-02,5.710007e-02,1.865440e-02,2.233559e-02,2.092929e-01,8.221814e-02,1.803539e-03,4.778213e-02,3.078493e-01,9.308469e-03,8.040707e-02,9.473126e-03,3.800281e-03,8.491808e-03,1.078990e-01
2.647535e-02,5.256151e-02,1.578487e-02,2.015854e-02,1.475641e-01,7.291683e-02,1.317363e-03,3.828052e-02,4.442776e-01,9.055502e-03,5.837516e-02,9.097904e-03,6.759820e-03,6.535511e-03,9.083939e-02
2.442706e-02,6.613155e-02,1.387835e-02,2.101121e-02,1.052621e-01,6.233006e-02,1.126349e-03,3.637804e-02,4.721344e-01,1.035853e-02,4.912304e-02,1.373343e-02,1.883625e-02,6.124304e-03,9.914529e-02
1.956126e-02,5.924384e-02,1.147012e-02,2.547026e-02,7.503390e-02,7.084390e-02,8.387233e-04,2.843255e-02,5.264941e-01,1.080327e-02,3.938910e-02,1.340351e-02,2.503943e-02,5.674815e-03,8.830120e-02
1.915638e-02,7.627450e-02,1.487707e-02,2.940094e-02,6.436765e-02,1.043118e-01,8.065493e-04,3.074491e-02,4.886972e-01,8.900431e-03,4.282904e-02,1.172297e-02,2.925541e-02,5.638100e-03,7.301704e-02
1.516341e-02,7.061644e-02,2.780067e-02,1.085929e-01,5.060716e-02,9.034914e-02,7.164471e-04,3.728878e-02,4.365886e-01,1.226919e-02,3.232700e-02,8.573031e-03,2.528993e-02,4.990811e-03,7.882659e-02
1.347251e-02,9.740619e-02,2.359677e-02,9.822208e-02,4.278985e-02,7.796129e-02,8.631982e-04,3.252180e-02,4.246251e-01,1.146066e-02,2.533633e-02,6.200939e-03,2.352649e-02,5.644011e-03,1.163728e-01
1.100556e-02,1.322312e-01,2.355038e-02,1.095205e-01,3.469531e-02,6.953233e-02,8.242411e-04,2.481331e-02,4.297130e-01,1.353587e-02,1.908290e-02,4.630433e-03,2.026294e-02,5.159554e-03,1.014425e-01
1.544100e-02,1.172291e-01,2.149711e-02,1.007658e-01,5.572449e-02,6.292032e-02,1.832638e-03,2.263811e-02,4.571632e-01,1.088331e-02,1.460255e-02,3.378241e-03,1.937908e-02,5.160544e-03,9.138454e-02
2.049746e-02,1.471405e-01,1.767335e-02,1.127943e-01,4.866119e-02,7.159506e-02,1.707959e-03,1.890753e-02,3.775978e-01,1.378592e-02,1.291262e-02,2.671733e-03,1.657944e-02,5.305508e-03,1.321697e-01
3.369989e-02,1.326910e-01,1.718123e-02,2.252104e-01,5.089941e-02,5.775362e-02,1.783653e-03,2.984854e-02,3.055449e-01,1.026174e-02,1.206937e-02,2.597320e-03,1.452761e-02,4.469845e-03,1.014616e-01
3.118237e-02,1.159315e-01,1.556990e-02,2.166245e-01,4.288986e-02,4.779015e-02,1.449166e-03,2.163086e-02,2.880618e-01,1.191351e-02,3.251134e-02,4.500126e-03,2.854571e-02,7.194428e-03,1.342047e-01
2.807408e-02,9.287923e-02,1.667105e-02,2.146857e-01,3.532071e-02,3.677805e-02,1.081288e-03,1.628404e-02,2.779505e-01,1.106513e-02,4.514597e-02,5.298570e-03,2.743581e-02,1.016394e-02,1.811659e-01
2.900302e-02,6.949436e-02,1.619550e-02,1.839238e-01,2.761558e-02,2.822419e-02,9.678815e-04,1.173950e-02,2.434676e-01,1.192221e-02,5.595631e-02,1.120691e-02,3.268708e-02,9.273098e-02,1.848651e-01
4.696070e-02,5.618868e-02,1.274929e-02,1.398183e-01,2.902591e-02,2.312650e-02,1.398380e-03,8.858050e-03,2.017130e-01,1.143200e-02,1.847139e-01,1.293543e-02,3.712379e-02,8.310729e-02,1.508487e-01
1.094249e-01,4.190186e-02,1.219948e-02,1.074857e-01,2.905687e-02,1.927099e-02,2.172633e-03,2.092982e-02,1.677522e-01,1.322232e-02,2.191852e-01,1.366391e-02,5.141935e-02,7.391954e-02,1.183953e-01
1.955866e-01,3.601350e-02,1.079662e-02,8.724720e-02,5.176423e-02,2.830807e-02,3.478339e-03,1.817718e-02,1.403634e-01,2.182998e-02,1.709614e-01,2.809758e-02,5.321829e-02,6.054459e-02,9.361309e-02
2.138954e-01,2.886675e-02,1.051054e-02,7.028030e-02,7.254132e-02,3.597863e-02,5.189479e-03,3.229383e-02,1.229075e-01,2.059307e-02,1.403025e-01,5.670216e-02,6.716418e-02,5.009209e-02,7.268227e-02
2.507051e-01,2.682482e-02,1.250266e-02,1.008581e-01,6.278938e-02,3.308324e-02,6.144257e-03,2.950420e-02,1.353867e-01,2.270772e-02,1.088224e-01,5.180912e-02,6.127720e-02,3.811713e-02,5.946790e-02
2.961910e-01,2.324969e-02,1.295862e-02,1.099778e-01,5.279993e-02,3.095266e-02,6.966137e-03,2.455724e-02,1.326147e-01,1.982714e-02,8.519389e-02,5.320163e-02,6.638224e-02,2.931854e-02,5.580882e-02
3.299320e-01,1.953680e-02,3.034838e-02,8.818330e-02,5.410941e-02,2.811345e-02,7.324617e-03,3.858671e-02,1.056491e-01,1.912375e-02,8.082497e-02,5.086841e-02,7.130970e-02,2.572897e-02,5.036037e-02
3.483433e-01,1.668667e-02,3.622241e-02,7.181782e-02,6.020966e-02,2.249446e-02,7.273077e-03,8.871742e-02,8.738709e-02,1.686020e-02,6.889020e-02,4.143814e-02,6.080215e-02,2.121677e-02,5.164060e-02
4.128794e-01,1.582909e-02,3.416073e-02,6.018043e-02,6.483611e-02,1.826426e-02,6.013990e-03,8.305541e-02,7.695498e-02,1.641453e-02,5.550925e-02,3.593437e-02,5.143415e-02,1.997281e-02,4.856046e-02
4.322326e-01,1.605047e-02,2.935481e-02,5.718298e-02,6.231579e-02,1.871231e-02,6.233932e-03,8.049683e-02,1.108653e-01,1.471268e-02,4.208748e-02,3.102424e-02,4.229462e-02,1.809509e-02,3.834083e-02
4.825740e-01,1.539137e-02,2.660013e-02,5.419143e-02,5.721046e-02,1.798206e-02,5.965943e-03,6.984414e-02,1.009176e-01,1.758154e-02,3.366752e-02,2.986218e-02,3.935374e-02,1.534173e-02,3.351612e-02
4.568173e-01,1.925235e-02,2.805837e-02,5.069335e-02,9.636246e-02,1.696023e-02,6.589406e-03,6.354284e-02,1.002217e-01,2.205351e-02,2.807054e-02,2.670083e-02,4.159170e-02,1.291515e-02,3.017020e-02
4.460106e-01,3.073506e-02,2.560903e-02,5.249242e-02,1.115782e-01,1.811590e-02,6.312418e-03,4.857688e-02,1.051847e-01,2.013341e-02,2.566922e-02,2.778703e-02,4.173063e-02,1.071227e-02,2.935224e-02
3.992112e-01,3.413670e-02,2.458963e-02,5.017377e-02,1.480578e-01,3.105143e-02,7.235929e-03,3.682184e-02,1.127937e-01,2.033039e-02,2.226450e-02,2.129718e-02,5.010350e-02,8.978100e-03,3.295432e-02
3.895989e-01,3.714921e-02,2.111955e-02,5.589888e-02,1.304939e-01,3.225286e-02,7.688405e-03,2.710171e-02,1.270211e-01,2.857087e-02,2.243017e-02,1.929998e-02,6.266618e-02,7.295750e-03,3.141249e-02
3.691075e-01,3.483846e-02,1.736854e-02,9.205677e-02,1.230107e-01,2.954430e-02,7.541399e-03,2.358157e-02,1.274825e-01,2.629859e-02,2.469430e-02,2.726044e-02,6.387991e-02,6.215075e-03,2.711998e-02
3.668502e-01,2.876307e-02,1.470709e-02,8.371320e-02,1.274150e-01,2.597466e-02,6.572067e-03,2.022199e-02,1.700173e-01,2.240175e-02,2.143998e-02,2.826126e-02,5.483305e-02,4.916397e-03,2.391304e-02
3.406984e-01,3.375601e-02,8.547860e-02,8.172525e-02,1.406270e-01,2.123203e-02,5.211558e-03,1.528560e-02,1.450321e-01,1.925134e-02,1.893040e-02,2.609269e-02,4.247392e-02,5.542007e-03,1.866312e-02
3.529891e-01,3.016698e-02,6.651776e-02,1.331976e-01,1.335728e-01,1.757629e-02,5.125632e-03,1.530745e-02,1.196880e-01,1.612945e-02,1.651568e-02,3.175499e-02,4.046237e-02,5.023098e-03,1.597283e-02
4.143139e-01,2.750021e-02,5.550250e-02,1.213537e-01,1.394354e-01,1.533240e-02,4.785632e-03,1.353687e-02,9.562991e-02,1.253072e-02,1.398034e-02,3.313622e-02,3.483028e-02,4.569440e-03,1.356245e-02
3.452628e-01,3.146146e-02,4.066062e-02,1.922750e-01,1.661999e-01,2.592321e-02,1.006464e-02,1.119359e-02,7.038414e-02,9.669960e-03,1.330741e-02,3.923250e-02,2.943985e-02,3.783881e-03,1.114107e-02
3.416118e-01,2.965654e-02,3.127492e-02,1.678133e-01,1.469805e-01,1.055647e-01,7.959188e-03,9.166272e-03,5.038126e-02,9.980468e-03,2.344763e-02,3.609636e-02,2.641492e-02,3.406686e-03,1.024534e-02
2.398007e-01,2.708206e-02,2.237114e-02,1.684537e-01,1.067506e-01,1.617920e-01,6.056480e-03,6.505154e-03,4.689585e-02,4.027596e-02,9.220968e-02,2.580502e-02,3.441871e-02,3.142316e-03,1.844069e-02
1.679790e-01,1.956812e-02,1.580315e-02,1.218407e-01,7.630020e-02,1.516605e-01,5.033876e-03,4.589563e-03,5.481832e-02,1.056840e-01,2.004835e-01,1.866488e-02,3.549123e-02,4.061720e-03,1.802121e-02
1.179809e-01,1.416408e-02,1.182905e-02,9.618440e-02,5.413843e-02,1.075037e-01,3.567262e-03,3.603908e-03,2.284772e-01,7.849680e-02,2.132087e-01,1.376307e-02,3.410298e-02,4.981854e-03,1.799759e-02
8.389699e-02,1.025717e-02,8.860119e-03,7.052157e-02,3.849004e-02,7.602490e-02,2.530732e-03,2.664155e-03,2.252735e-01,8.730358e-02,3.217309e-01,1.005713e-02,2.709113e-02,1.163087e-02,2.366725e-02
6.211419e-02,8.173970e-03,6.749052e-03,4.998703e-02,2.787157e-02,5.441589e-02,1.852934e-03,2.345834e-03,1.676585e-01,1.804491e-01,3.025006e-01,7.267928e-03,2.146944e-02,2.254876e-02,8.459511e-02
6.132492e-02,1.106218e-02,2.775542e-02,4.857822e-02,2.237984e-02,4.119976e-02,1.458489e-03,2.971296e-03,2.259866e-01,1.621256e-01,2.284385e-01,7.032478e-03,2.295252e-02,2.624580e-02,1.104883e-01
1.404392e-01,1.734640e-02,5.459403e-02,3.681371e-02,1.814266e-02,3.230542e-02,1.283882e-03,2.603499e-03,1.783344e-01,1.405688e-01,1.654900e-01,6.023014e-03,1.981596e-02,4.860071e-02,1.376383e-01
1.059139e-01,1.413778e-02,4.226151e-02,2.585911e-02,1.309332e-02,2.464809e-02,9.603030e-04,1.903231e-03,1.444186e-01,2.565067e-01,1.168492e-01,5.063943e-03,1.520274e-02,4.576644e-02,1.874152e-01
9.494440e-02,1.127077e-02,3.236387e-02,1.826087e-02,9.954816e-03,2.086469e-02,8.991532e-04,1.595632e-03,1.249957e-01,2.147644e-01,8.362261e-02,6.495537e-03,1.427379e-02,1.149490e-01,2.507447e-01
