1.000000e+00,0.000000e+00,0.000000e+00,0.000000e+00,0.000000e+00,0.000000e+00,0.000000e+00,0.000000e+00,0.000000e+00,0.000000e+00,0.000000e+00,0.000000e+00,0.000000e+00,0.000000e+00,0.000000e+00
1.000000e+00,0.000000e+00,0.000000e+00,0.000000e+00,0.000000e+00,0.000000e+00,0.000000e+00,0.000000e+00,0.000000e+00,0.000000e+00,0.000000e+00,0.000000e+00,0.000000e+00,0.000000e+00,0.000000e+00
1.000000e+00,0.000000e+00,0.000000e+00,0.000000e+00,0.000000e+00,0.000000e+00,0.000000e+00,0.000000e+00,0.000000e+00,0.000000e+00,0.000000e+00,0.000000e+00,0.000000e+00,0.000000e+00,0.000000e+00
1.000000e+00,0.000000e+00,0.000000e+00,0.000000e+00,0.000000e+00,0.000000e+00,0.000000e+00,0.000000e+00,0.000000e+00,0.000000e+00,0.000000e+00,0.000000e+00,0.000000e+00,0.000000e+00,0.000000e+00
1.000000e+00,0.000000e+00,0.000000e+00,0.000000e+00,0.000000e+00,0.000000e+00,0.000000e+00,0.000000e+00,0.000000e+00,0.000000e+00,0.000000e+00,0.000000e+00,0.000000e+00,0.000000e+00,0.000000e+00
1.000000e+00,0.000000e+00,0.000000e+00,0.000000e+00,0.000000e+00,0.000000e+00,0.000000e+00,0.000000e+00,0.000000e+00,0.000000e+00,0.000000e+00,0.000000e+00,0.000000e+00,0.000000e+00,0.000000e+00
1.000000e+00,0.000000e+00,0.000000e+00,0.000000e+00,0.000000e+00,0.000000e+00,0.000000e+00,0.000000e+00,0.000000e+00,0.000000e+00,0.000000e+00,0.000000e+00,0.000000e+00,0.000000e+00,0.000000e+00
1.000000e+00,0.000000e+00,0.000000e+00,0.000000e+00,0.000000e+00,0.000000e+00,0.000000e+00,0.000000e+00,0.000000e+00,0.000000e+00,0.000000e+00,0.000000e+00,0.000000e+00,0.000000e+00,0.000000e+00
1.000000e+00,0.000000e+00,0.000000e+00,0.000000e+00,0.000000e+00,0.000000e+00,0.000000e+00,0.000000e+00,0.000000e+00,0.000000e+00,0.000000e+00,0.000000e+00,0.000000e+00,0.000000e+00,0.000000e+00
1.000000e+00,0.000000e+00,0.000000e+00,0.000000e+00,0.000000e+00,0.000000e+00,0.000000e+00,0.000000e+00,0.000000e+00,0.000000e+00,0.000000e+00,0.000000e+00,0.000000e+00,0.000000e+00,0.000000e+00
1.000000e+00,0.000000e+00,0.000000e+00,0.000000e+00,0.000000e+00,0.000000e+00,0.000000e+00,0.000000e+00,0.000000e+00,0.000000e+00,0.000000e+00,0.000000e+00,0.000000e+00,0.000000e+00,0.000000e+00
1.000000e+00,0.000000e+00,0.000000e+00,0.000000e+00,0.000000e+00,0.000000e+00,0.000000e+00,0.000000e+00,0.000000e+00,0.000000e+00,0.000000e+00,0.000000e+00,0.000000e+00,0.000000e+00,0.000000e+00
1.000000e+00,0.000000e+00,0.000000e+00,0.000000e+00,0.000000e+00,0.000000e+00,0.000000e+00,0.000000e+00,0.000000e+00,0.000000e+00,0.000000e+00,0.000000e+00,0.000000e+00,0.000000e+00,0.000000e+00
1.000000e+00,0.000000e+00,0.000000e+00,0.000000e+00,0.000000e+00,0.000000e+00,0.000000e+00,0.000000e+00,0.000000e+00,0.000000e+00,0.000000e+00,0.000000e+00,0.000000e+00,0.000000e+00,0.000000e+00
1.000000e+00,0.000000e+00,0.000000e+00,0.000000e+00,0.000000e+00,0.000000e+00,0.000000e+00,0.000000e+00,0.000000e+00,0.000000e+00,0.000000e+00,0.000000e+00,0.000000e+00,0.000000e+00,0.000000e+00
1.000000e+00,0.000000e+00,0.000000e+00,0.000000e+00,0.000000e+00,0.000000e+00,0.000000e+00,0.000000e+00,0.000000e+00,0.000000e+00,0.000000e+00,0.000000e+00,0.000000e+00,0.000000e+00,0.000000e+00
1.000000e+00,0.000000e+00,0.000000e+00,0.000000e+00,0.000000e+00,0.000000e+00,0.000000e+00,0.000000e+00,0.000000e+00,0.000000e+00,0.000000e+00,0.000000e+00,0.000000e+00,0.000000e+00,0.000000e+00
1.000000e+00,0.000000e+00,0.000000e+00,0.000000e+00,0.000000e+00,0.000000e+00,0.000000e+00,0.000000e+00,0.000000e+00,0.000000e+00,0.000000e+00,0.000000e+00,0.000000e+00,0.000000e+00,0.000000e+00
1.000000e+00,0.000000e+00,0.000000e+00,0.000000e+00,0.000000e+00,0.000000e+00,0.000000e+00,0.000000e+00,0.000000e+00,0.000000e+00,0.000000e+00,0.000000e+00,0.000000e+00,0.000000e+00,0.000000e+00
1.000000e+00,0.000000e+00,0.000000e+00,0.000000e+00,0.000000e+00,0.000000e+00,0.000000e+00,0.000000e+00,0.000000e+00,0.000000e+00,0.000000e+00,0.000000e+00,0.000000e+00,0.000000e+00,0.000000e+00
1.000000e+00,0.000000e+00,0.000000e+00,0.000000e+00,0.000000e+00,0.000000e+00,0.000000e+00,0.000000e+00,0.000000e+00,0.000000e+00,0.000000e+00,0.000000e+00,0.000000e+00,0.000000e+00,0.000000e+00
1.000000e+00,0.000000e+00,0.000000e+00,0.000000e+00,0.000000e+00,0.000000e+00,0.000000e+00,0.000000e+00,0.000000e+00,0.000000e+00,0.000000e+00,0.000000e+00,0.000000e+00,0.000000e+00,0.000000e+00
1.000000e+00,0.000000e+00,0.000000e+00,0.000000e+00,0.000000e+00,0.000000e+00,0.000000e+00,0.000000e+00,0.000000e+00,0.000000e+00,0.000000e+00,0.000000e+00,0.000000e+00,0.000000e+00,0.000000e+00
1.000000e+00,0.000000e+00,0.000000e+00,0.000000e+00,0.000000e+00,0.000000e+00,0.000000e+00,0.000000e+00,0.000000e+00,0.000000e+00,0.000000e+00,0.000000e+00,0.000000e+00,0.000000e+00,0.000000e+00
1.000000e+00,0.000000e+00,0.000000e+00,0.000000e+00,0.000000e+00,0.000000e+00,0.000000e+00,0.000000e+00,0.000000e+00,0.000000e+00,0.000000e+00,0.000000e+00,0.000000e+00,0.000000e+00,0.000000e+00
1.000000e+00,0.000000e+00,0.000000e+00,0.000000e+00,0.000000e+00,0.000000e+00,0.000000e+00,0.000000e+00,0.000000e+00,0.000000e+00,0.000000e+00,0.000000e+00,0.000000e+00,0.000000e+00,0.000000e+00
1.000000e+00,0.000000e+00,0.000000e+00,0.000000e+00,0.000000e+00,0.000000e+00,0.000000e+00,0.000000e+00,0.000000e+00,0.000000e+00,0.000000e+00,0.000000e+00,0.000000e+00,0.000000e+00,0.000000e+00
1.000000e+00,0.000000e+00,0.000000e+00,0.000000e+00,0.000000e+00,0.000000e+00,0.000000e+00,0.000000e+00,0.000000e+00,0.000000e+00,0.000000e+00,0.000000e+00,0.000000e+00,0.000000e+00,0.000000e+00
1.000000e+00,0.000000e+00,0.000000e+00,0.000000e+00,0.000000e+00,0.000000e+00,0.000000e+00,0.000000e+00,0.000000e+00,0.000000e+00,0.000000e+00,0.000000e+00,0.000000e+00,0.000000e+00,0.000000e+00
1.000000e+00,0.000000e+00,0.000000e+00,0.000000e+00,0.000000e+00,0.000000e+00,0.000000e+00,0.000000e+00,0.000000e+00,0.000000e+00,0.000000e+00,0.000000e+00,0.000000e+00,0.000000e+00,0.000000e+00
1.000000e+00,0.000000e+00,0.000000e+00,0.000000e+00,0.000000e+00,0.000000e+00,0.000000e+00,0.000000e+00,0.000000e+00,0.000000e+00,0.000000e+00,0.000000e+00,0.000000e+00,0.000000e+00,0.000000e+00
1.000000e+00,0.000000e+00,0.000000e+00,0.000000e+00,0.000000e+00,0.000000e+00,0.000000e+00,0.000000e+00,0.000000e+00,0.000000e+00,0.000000e+00,0.000000e+00,0.000000e+00,0.000000e+00,0.000000e+00
1.000000e+00,0.000000e+00,0.000000e+00,0.000000e+00,0.000000e+00,0.000000e+00,0.000000e+00,0.000000e+00,0.000000e+00,0.000000e+00,0.000000e+00,0.000000e+00,0.000000e+00,0.000000e+00,0.000000e+00
1.000000e+00,0.000000e+00,0.000000e+00,0.000000e+00,0.000000e+00,0.000000e+00,0.000000e+00,0.000000e+00,0.000000e+00,0.000000e+00,0.000000e+00,0.000000e+00,0.000000e+00,0.000000e+00,0.000000e+00
1.000000e+00,0.000000e+00,0.000000e+00,0.000000e+00,0.000000e+00,0.000000e+00,0.000000e+00,0.000000e+00,0.000000e+00,0.000000e+00,0.000000e+00,0.000000e+00,0.000000e+00,0.000000e+00,0.000000e+00
1.000000e+00,0.000000e+00,0.000000e+00,0.000000e+00,0.000000e+00,0.000000e+00,0.000000e+00,0.000000e+00,0.000000e+00,0.000000e+00,0.000000e+00,0.000000e+00,0.000000e+00,0.000000e+00,0.000000e+00
1.000000e+00,0.000000e+00,0.000000e+00,0.000000e+00,0.000000e+00,0.000000e+00,0.000000e+00,0.000000e+00,0.000000e+00,0.000000e+00,0.000000e+00,0.000000e+00,0.000000e+00,0.000000e+00,0.000000e+00
1.000000e+00,0.000000e+00,0.000000e+00,0.000000e+00,0.000000e+00,0.000000e+00,0.000000e+00,0.000000e+00,0.000000e+00,0.000000e+00,0.000000e+00,0.000000e+00,0.000000e+00,0.000000e+00,0.000000e+00
1.000000e+00,0.000000e+00,0.000000e+00,0.000000e+00,0.000000e+00,0.000000e+00,0.000000e+00,0.000000e+00,0.000000e+00,0.000000e+00,0.000000e+00,0.000000e+00,0.000000e+00,0.000000e+00,0.000000e+00
1.000000e+00,0.000000e+00,0.000000e+00,0.000000e+00,0.000000e+00,0.000000e+00,0.000000e+00,0.000000e+00,0.000000e+00,0.000000e+00,0.000000e+00,0.000000e+00,0.000000e+00,0.000000e+00,0.000000e+00
1.000000e+00,0.000000e+00,0.000000e+00,0.000000e+00,0.000000e+00,0.000000e+00,0.000000e+00,0.000000e+00,0.000000e+00,0.000000e+00,0.000000e+00,0.000000e+00,0.000000e+00,0.000000e+00,0.000000e+00
1.000000e+00,0.000000e+00,0.000000e+00,0.000000e+00,0.000000e+00,0.000000e+00,0.000000e+00,0.000000e+00,0.000000e+00,0.000000e+00,0.000000e+00,0.000000e+00,0.000000e+00,0.000000e+00,0.000000e+00
1.000000e+00,0.000000e+00,0.000000e+00,0.000000e+00,0.000000e+00,0.000000e+00,0.000000e+00,0.000000e+00,0.000000e+00,0.000000e+00,0.000000e+00,0.000000e+00,0.000000e+00,0.000000e+00,0.000000e+00
1.000000e+00,0.000000e+00,0.000000e+00,0.000000e+00,0.000000e+00,0.000000e+00,0.000000e+00,0.000000e+00,0.000000e+00,0.000000e+00,0.000000e+00,0.000000e+00,0.000000e+00,0.000000e+00,0.000000e+00
1.000000e+00,0.000000e+00,0.000000e+00,0.000000e+00,0.000000e+00,0.000000e+00,0.000000e+00,0.000000e+00,0.000000e+00,0.000000e+00,0.000000e+00,0.000000e+00,0.000000e+00,0.000000e+00,0.000000e+00
1.000000e+00,0.000000e+00,0.000000e+00,0.000000e+00,0.000000e+00,0.000000e+00,0.000000e+00,0.000000e+00,0.000000e+00,0.000000e+00,0.000000e+00,0.000000e+00,0.000000e+00,0.000000e+00,0.000000e+00
1.000000e+00,0.000000e+00,0.000000e+00,0.000000e+00,0.000000e+00,0.000000e+00,0.000000e+00,0.000000e+00,0.000000e+00,0.000000e+00,0.000000e+00,0.000000e+00,0.000000e+00,0.000000e+00,0.000000e+00
1.000000e+00,0.000000e+00,0.000000e+00,0.000000e+00,0.000000e+00,0.000000e+00,0.000000e+00,0.000000e+00,0.000000e+00,0.000000e+00,0.000000e+00,0.000000e+00,0.000000e+00,0.000000e+00,0.000000e+00
1.000000e+00,0.000000e+00,0.000000e+00,0.000000e+00,0.000000e+00,0.000000e+00,0.000000e+00,0.000000e+00,0.000000e+00,0.000000e+00,0.000000e+00,0.000000e+00,0.000000e+00,0.000000e+00,0.000000e+00
4.043164e-01,8.716159e-03,3.082413e-02,4.016338e-02,6.368761e-03,1.684965e-02,4.126336e-03,4.472581e-01,2.180425e-03,7.133718e-04,6.120431e-03,1.581869e-02,9.711188e-03,9.090751e-04,5.923918e-03
2.833395e-01,6.144533e-03,2.164889e-02,2.814974e-02,4.657253e-03,1.181437e-02,2.991913e-03,6.122314e-01,1.528963e-03,5.000684e-04,4.304896e-03,1.107760e-02,6.810414e-03,6.487780e-04,4.151675e-03
1.985164e-01,4.319619e-03,1.520216e-02,1.974183e-02,3.379225e-03,8.303941e-03,2.217089e-03,7.279094e-01,1.074093e-03,3.507546e-04,3.046565e-03,7.761654e-03,4.782169e-03,4.842126e-04,2.910860e-03
1.390598e-01,3.033944e-03,1.067140e-02,1.385213e-02,2.533154e-03,5.825198e-03,1.661654e-03,8.090196e-01,7.540773e-04,2.459331e-04,2.149029e-03,5.439044e-03,3.364054e-03,3.511638e-04,2.039861e-03
9.744357e-02,2.129934e-03,7.481923e-03,9.728305e-03,1.990470e-03,4.089417e-03,1.247035e-03,8.657889e-01,5.295549e-04,1.725482e-04,1.520270e-03,3.813468e-03,2.383350e-03,2.519130e-04,1.429317e-03
6.828854e-02,1.496690e-03,5.250579e-03,6.840586e-03,1.592381e-03,2.904275e-03,9.028290e-04,9.053555e-01,3.797838e-04,1.225106e-04,1.187447e-03,2.679192e-03,1.773149e-03,2.149360e-04,1.011684e-03
4.792812e-02,1.053003e-03,3.699113e-03,4.826134e-03,1.632463e-03,2.058702e-03,7.577822e-04,9.327708e-01,2.717169e-04,8.994541e-05,8.575348e-04,1.880841e-03,1.304366e-03,1.546514e-04,7.148760e-04
3.375171e-02,7.845205e-04,2.641659e-03,3.430463e-03,1.670107e-03,1.490276e-03,6.740080e-04,9.465636e-01,2.414319e-04,8.256239e-04,1.284594e-03,1.403814e-03,3.224371e-03,4.575098e-04,1.556372e-03
2.390590e-02,6.690430e-04,1.979547e-03,2.490064e-03,4.426898e-03,1.366197e-03,6.059340e-04,9.300990e-01,4.271445e-04,1.923148e-03,2.040816e-03,1.196419e-03,1.110774e-02,1.001484e-03,1.676070e-02
1.745569e-02,5.876050e-04,1.560123e-03,1.794035e-03,1.127459e-02,1.342696e-03,6.493012e-04,9.128820e-01,5.423403e-04,4.111543e-03,2.251890e-03,1.034441e-03,2.059499e-02,1.376427e-03,2.254240e-02
1.427420e-02,5.842028e-04,1.324326e-03,1.308590e-03,1.172605e-02,1.361029e-03,1.024792e-03,8.096456e-01,6.320661e-04,6.260184e-03,3.118896e-03,1.773271e-03,6.218274e-02,3.014755e-03,8.176932e-02
1.162383e-02,4.727301e-04,1.088118e-03,1.191325e-03,1.070767e-02,2.863326e-03,2.459264e-03,5.819414e-01,1.644028e-03,5.304903e-03,6.520762e-03,6.137808e-03,2.605934e-01,7.066281e-03,1.003852e-01
8.417442e-03,3.910071e-04,8.220962e-04,1.054161e-03,8.610088e-03,2.910048e-03,2.100269e-03,4.084906e-01,2.588381e-03,5.997847e-03,1.110353e-02,6.968954e-03,4.249015e-01,6.493420e-03,1.091507e-01
6.559375e-03,1.040963e-03,9.101951e-04,1.413708e-03,2.694229e-02,2.755629e-03,2.644198e-03,2.863234e-01,1.450022e-01,2.475380e-02,1.110840e-02,8.588762e-03,3.509705e-01,7.081266e-03,1.239053e-01
6.283496e-03,1.409923e-03,9.077948e-04,3.738241e-03,2.418030e-02,3.508712e-03,2.082684e-03,2.008748e-01,1.645763e-01,3.624938e-02,3.051715e-02,1.533400e-02,3.180779e-01,2.453774e-02,1.677217e-01
6.971306e-03,1.700906e-03,9.894520e-04,4.552510e-03,1.934056e-02,3.597312e-03,1.565067e-03,1.407564e-01,1.797399e-01,4.719413e-02,4.544578e-02,1.305706e-02,2.535823e-01,7.302184e-02,2.084855e-01
5.614128e-03,2.992683e-03,1.232691e-03,4.792895e-03,1.765231e-02,3.152799e-03,1.172740e-03,9.864838e-02,2.932988e-01,4.022853e-02,3.683452e-02,9.480310e-03,1.811354e-01,1.105325e-01,1.932313e-01
4.832306e-03,4.870316e-03,2.545201e-03,3.715619e-03,1.826096e-02,2.813327e-03,8.515284e-04,6.913722e-02,2.914397e-01,3.295991e-02,2.935491e-02,6.814579e-03,1.281716e-01,1.861784e-01,2.180544e-01
4.815816e-03,8.057634e-03,5.735553e-03,2.899433e-03,1.516463e-02,3.540298e-03,6.200200e-04,4.880598e-02,2.568105e-01,2.839736e-02,2.218607e-02,4.849426e-03,9.057650e-02,1.745750e-01,3.329657e-01
5.367468e-03,7.688587e-03,5.929361e-03,2.119509e-03,1.233435e-02,2.866009e-03,4.660309e-04,3.426942e-02,2.117546e-01,3.488775e-02,1.616341e-02,3.430752e-03,6.378733e-02,2.101528e-01,3.887826e-01
6.851776e-03,6.497752e-03,6.496285e-03,1.584357e-03,1.205413e-02,2.648344e-03,4.072582e-04,2.431340e-02,1.997721e-01,5.103617e-02,1.240672e-02,2.447591e-03,4.501634e-02,2.255792e-01,4.028886e-01
8.626617e-03,5.615394e-03,8.718230e-03,1.394348e-03,1.229604e-02,2.207023e-03,3.580732e-04,1.859524e-02,2.367057e-01,4.300778e-02,1.136323e-02,1.894310e-03,3.340861e-02,2.291190e-01,3.866904e-01
1.321344e-02,6.001581e-03,1.997728e-02,4.422372e-03,1.440915e-02,1.931624e-03,3.424401e-04,1.666484e-02,2.849401e-01,3.444968e-02,1.437242e-02,1.751669e-03,2.933514e-02,1.913481e-01,3.668402e-01
1.922068e-02,5.258908e-03,2.129560e-02,3.848291e-03,1.572756e-02,1.873862e-03,2.977848e-04,1.470182e-02,2.322105e-01,3.001465e-02,1.564941e-02,1.542890e-03,2.345727e-02,2.024944e-01,4.124064e-01
2.742642e-02,5.249770e-03,3.402707e-02,5.932640e-03,1.974234e-02,2.685093e-03,3.532581e-04,2.974813e-02,1.895068e-01,2.322001e-02,1.768287e-02,1.308665e-03,1.890535e-02,2.689329e-01,3.552787e-01
4.377316e-02,6.316149e-03,4.091496e-02,6.693442e-03,2.974710e-02,3.732388e-03,3.724155e-04,3.148016e-02,1.567476e-01,2.035543e-02,1.417426e-02,1.261743e-03,1.411358e-02,3.459530e-01,2.843646e-01
5.227097e-02,8.313076e-03,1.497187e-01,3.282908e-02,3.662161e-02,4.754636e-03,9.656455e-04,3.190058e-02,1.179972e-01,1.579684e-02,1.336146e-02,2.118064e-03,1.815166e-02,2.701949e-01,2.450055e-01
6.547870e-02,1.014294e-02,1.763738e-01,5.308995e-02,5.661506e-02,6.589812e-03,1.208269e-03,4.205082e-02,9.215668e-02,1.440396e-02,1.411861e-02,3.710315e-03,1.728844e-02,2.407199e-01,2.060528e-01
9.604505e-02,1.396727e-02,1.449552e-01,1.147144e-01,6.519175e-02,1.013328e-02,1.302450e-03,3.733777e-02,8.252334e-02,1.260054e-02,1.617081e-02,8.163163e-03,1.542427e-02,1.944908e-01,1.869798e-01
1.025743e-01,1.787751e-02,1.271696e-01,9.854233e-02,6.873436e-02,9.144320e-03,1.171255e-03,3.770467e-02,9.660962e-02,1.317091e-02,1.528962e-02,7.746208e-03,1.236691e-02,1.975227e-01,1.943756e-01
1.049628e-01,1.673419e-02,9.151228e-02,7.249342e-02,8.782646e-02,7.430444e-03,9.644147e-04,2.900296e-02,8.896852e-02,1.337988e-02,1.267151e-02,6.378148e-03,1.005143e-02,1.526690e-01,3.049545e-01
1.040565e-01,1.517608e-02,6.798726e-02,5.355986e-02,9.080744e-02,1.103662e-02,9.022764e-04,2.457609e-02,8.062629e-02,1.043043e-02,9.527808e-03,5.465241e-03,9.082942e-03,1.177216e-01,3.990436e-01
1.267807e-01,1.480893e-02,5.108206e-02,5.095685e-02,1.162519e-01,2.000393e-02,1.461400e-03,4.489301e-02,1.010496e-01,9.533954e-03,8.298014e-03,7.277081e-03,9.841292e-03,8.502483e-02,3.527363e-01
1.319195e-01,1.470442e-02,4.428546e-02,8.835378e-02,1.027603e-01,1.819084e-02,1.597187e-03,4.992154e-02,1.957038e-01,8.304169e-03,8.524590e-03,8.151768e-03,9.719237e-03,6.010786e-02,2.577555e-01
1.420260e-01,2.123662e-02,3.716912e-02,7.984295e-02,8.978634e-02,1.980167e-02,2.292770e-03,4.805157e-02,2.641242e-01,7.876018e-03,1.530071e-02,9.956809e-03,2.194733e-02,4.269859e-02,1.978892e-01
1.061770e-01,4.401491e-02,2.659884e-02,7.113548e-02,6.859569e-02,1.614071e-02,2.103706e-03,3.578766e-02,3.541459e-01,8.273903e-03,1.809432e-02,1.199980e-02,4.737329e-02,3.050865e-02,1.590500e-01
7.474805e-02,8.816805e-02,1.930117e-02,5.899790e-02,4.843419e-02,1.184990e-02,1.494996e-03,2.545164e-02,4.674613e-01,7.199029e-03,1.308525e-02,8.500496e-03,3.965139e-02,2.140382e-02,1.142527e-01
5.315085e-02,9.763181e-02,1.410669e-02,4.638321e-02,3.398820e-02,8.473127e-03,1.055366e-03,1.807649e-02,5.763802e-01,6.084965e-03,9.457953e-03,6.054119e-03,3.073200e-02,1.507618e-02,8.334877e-02
6.525058e-02,1.321036e-01,1.193961e-02,4.526503e-02,2.571891e-02,1.235631e-02,9.439047e-04,1.485439e-02,4.791723e-01,5.397534e-03,1.172039e-02,8.834263e-03,8.487540e-02,1.335889e-02,8.820882e-02
8.203660e-02,1.466345e-01,1.646282e-02,5.783742e-02,2.010368e-02,1.430849e-02,9.603903e-04,1.378735e-02,4.155881e-01,5.391561e-03,1.881367e-02,1.418458e-02,1.006535e-01,1.416842e-02,7.906889e-02
7.597080e-02,1.119127e-01,3.446662e-02,5.445724e-02,1.703224e-02,1.742251e-02,8.873502e-04,1.174286e-02,3.215488e-01,5.530755e-03,2.904670e-02,2.943154e-02,1.912800e-01,2.300088e-02,7.626893e-02
9.086184e-02,9.627231e-02,3.907374e-02,4.849124e-02,1.418744e-02,1.805958e-02,1.071289e-03,9.377937e-03,2.504329e-01,6.917342e-03,4.013573e-02,3.952883e-02,1.721464e-01,6.992383e-02,1.035196e-01
6.907543e-02,7.328323e-02,4.248984e-02,3.530338e-02,1.048710e-02,1.404899e-02,8.461827e-04,6.669123e-03,1.858185e-01,7.518015e-03,3.419890e-02,3.316733e-02,1.249681e-01,1.877177e-01,1.744081e-01
5.048352e-02,5.260739e-02,4.095821e-02,3.076742e-02,8.908939e-03,1.162856e-02,6.950142e-04,5.002563e-03,1.472226e-01,8.988129e-03,7.574344e-02,4.862802e-02,1.461348e-01,2.211248e-01,1.511065e-01
3.969655e-02,3.708416e-02,2.967693e-02,2.350657e-02,7.507438e-03,9.448284e-03,6.548316e-04,3.970277e-03,1.107656e-01,7.490633e-03,1.025252e-01,8.033881e-02,2.376111e-01,1.984236e-01,1.113000e-01
3.076608e-02,2.644317e-02,2.119732e-02,1.836695e-02,5.911743e-03,7.038696e-03,7.327489e-04,2.944691e-03,8.499563e-02,1.001732e-02,7.817984e-02,1.245025e-01,1.888011e-01,3.173317e-01,8.277051e-02
2.266656e-02,1.918939e-02,1.501976e-02,1.348188e-02,5.439904e-03,5.287743e-03,9.003358e-04,2.270132e-03,6.394514e-02,1.383641e-02,6.162981e-02,1.745254e-01,2.191406e-01,3.215900e-01,6.107695e-02
1.815904e-02,1.398458e-02,1.074430e-02,1.052299e-02,5.761269e-03,4.050546e-03,1.382069e-03,2.455179e-03,5.081104e-02,1.811660e-02,5.801013e-02,2.899259e-01,1.936519e-01,2.778317e-01,4.459279e-02
1.289415e-02,9.947074e-03,7.812521e-03,7.709269e-03,8.655727e-03,2.963947e-03,1.205711e-03,2.566120e-03,3.864660e-02,1.646631e-02,5.036304e-02,4.085627e-01,2.003456e-01,1.980053e-01,3.385586e-02
9.119109e-03,7.904212e-03,7.034420e-03,5.682291e-03,1.037243e-02,2.254749e-03,9.955552e-04,2.005009e-03,3.229634e-02,2.823865e-02,4.571282e-02,4.487115e-01,2.303442e-01,1.445014e-01,2.482728e-02
6.564093e-03,9.177566e-03,4.604020e-02,4.257700e-03,9.560557e-03,2.043549e-03,1.328697e-03,3.330272e-03,2.700460e-02,3.105168e-02,5.120388e-02,4.567572e-01,2.287907e-01,1.049751e-01,1.791429e-02
4.851505e-03,6.825132e-03,3.710363e-02,3.985314e-03,8.153407e-03,1.942311e-03,1.470027e-03,1.176519e-02,2.029028e-02,2.669813e-02,9.773213e-02,5.056586e-01,1.776355e-01,8.185102e-02,1.403791e-02
3.930439e-03,5.013759e-03,2.661044e-02,3.010420e-03,6.736220e-03,1.939908e-03,1.103503e-03,9.116288e-03,1.491313e-02,2.641195e-02,1.699941e-01,5.268650e-01,1.296064e-01,6.321806e-02,1.153034e-02
3.435162e-03,3.681659e-03,1.893608e-02,2.347202e-03,5.272510e-03,3.034895e-03,8.444563e-04,6.602463e-03,1.105606e-02,2.493437e-02,1.513687e-01,6.197174e-01,9.340662e-02,4.699010e-02,8.372345e-03
3.269789e-03,2.891741e-03,1.357721e-02,1.896444e-03,4.051205e-03,2.733552e-03,6.192684e-04,4.780535e-03,8.247572e-03,1.899645e-02,1.290481e-01,7.024025e-01,6.608158e-02,3.542157e-02,5.982426e-03
7.318968e-03,2.595334e-03,9.945704e-03,1.788149e-03,3.154151e-03,4.235003e-03,4.545813e-04,3.618455e-03,6.518829e-03,1.804514e-02,1.614140e-01,6.902301e-01,4.717291e-02,3.907388e-02,4.434850e-03
8.686321e-03,2.426350e-03,7.457384e-03,1.511776e-03,2.458830e-03,5.135978e-03,3.333160e-04,2.597105e-03,5.310339e-03,1.554825e-02,2.384719e-01,6.160436e-01,3.369368e-02,5.700108e-02,3.324131e-03
1.703331e-02,2.843016e-03,6.247994e-03,1.485183e-03,2.311853e-03,6.123172e-03,2.807386e-04,1.976834e-03,4.765325e-03,1.246394e-02,2.996709e-01,5.493442e-01,2.468187e-02,6.809191e-02,2.679663e-03
1.665959e-02,2.367742e-03,5.974329e-03,1.127107e-03,1.759179e-03,7.337076e-03,2.229629e-04,1.507516e-03,3.988324e-03,9.874211e-03,3.822650e-01,4.352202e-01,1.812337e-02,1.112683e-01,2.305150e-03
2.135574e-02,4.153652e-03,8.743065e-03,9.696460e-04,1.984744e-03,9.278174e-03,1.986578e-04,1.345164e-03,3.435717e-03,9.301433e-03,4.051568e-01,3.487202e-01,1.324098e-02,1.693231e-01,2.793004e-03
2.209011e-02,1.487601e-02,2.964436e-02,1.437257e-03,4.372424e-02,2.473502e-02,8.185866e-04,2.769241e-03,3.684800e-03,8.611703e-03,3.422541e-01,3.241604e-01,9.539717e-03,1.691163e-01,2.538158e-03
2.858787e-02,1.686376e-02,3.917022e-02,2.206853e-03,3.836818e-02,2.316225e-02,1.212260e-03,7.422132e-03,7.970430e-03,1.265120e-02,3.679574e-01,2.778331e-01,7.296060e-03,1.664669e-01,2.831426e-03
2.347246e-02,2.330181e-02,2.961640e-02,1.884262e-03,1.711184e-01,3.649814e-02,1.373813e-03,6.418337e-03,6.616887e-03,1.037729e-02,3.361980e-01,2.028713e-01,5.330182e-03,1.427661e-01,2.156610e-03
3.472445e-02,1.942730e-02,3.576037e-02,4.433049e-03,2.186385e-01,3.550204e-02,1.558564e-03,3.042031e-02,1.084722e-02,9.921279e-03,3.213791e-01,1.498247e-01,4.077452e-03,1.215550e-01,1.930745e-03
4.785527e-02,2.040703e-02,3.669689e-02,5.539520e-03,2.186212e-01,4.866608e-02,2.074502e-03,4.262594e-02,1.427433e-02,1.031169e-02,3.118294e-01,1.254554e-01,3.314676e-03,1.101135e-01,2.214635e-03
6.250045e-02,2.775047e-02,3.221813e-02,5.448048e-03,2.401654e-01,7.707231e-02,3.787498e-03,3.282803e-02,1.384668e-02,1.070033e-02,2.953602e-01,9.830781e-02,2.945659e-03,9.460676e-02,2.462218e-03
7.181624e-02,2.274502e-02,2.313429e-02,4.468282e-03,3.244904e-01,8.520189e-02,3.328499e-03,2.356281e-02,1.184442e-02,8.873673e-03,2.702059e-01,7.222556e-02,2.400331e-03,7.280439e-02,2.898308e-03
6.611346e-02,1.680175e-02,1.669702e-02,3.387388e-03,2.565666e-01,2.024660e-01,2.476656e-03,1.707032e-02,8.510047e-03,6.370938e-03,2.793556e-01,5.204596e-02,1.772412e-03,6.805097e-02,2.314882e-03
5.954251e-02,1.272097e-02,1.294031e-02,2.957653e-03,2.114590e-01,1.704572e-01,2.015824e-03,1.282862e-02,6.487498e-03,4.783588e-03,3.830367e-01,4.017921e-02,1.459580e-03,7.669620e-02,2.435020e-03
4.346559e-02,9.018855e-03,9.295102e-03,2.122748e-03,1.491417e-01,1.223503e-01,1.463673e-03,9.094656e-03,4.628030e-03,3.576974e-03,5.501435e-01,2.872017e-02,1.133868e-03,6.375819e-02,2.086589e-03
3.071846e-02,6.429723e-03,6.738933e-03,1.515519e-03,1.049985e-01,8.648708e-02,1.064102e-03,6.421524e-03,3.295541e-03,2.771486e-03,6.751022e-01,2.080790e-02,8.288876e-04,5.119007e-02,1.630093e-03
2.163797e-02,4.633036e-03,4.807951e-03,1.098480e-03,7.356002e-02,6.090262e-02,7.518957e-04,4.510300e-03,2.546362e-03,2.170868e-03,7.614657e-01,1.698238e-02,6.087626e-04,4.254522e-02,1.778448e-03
1.531862e-02,3.417796e-03,3.883874e-03,8.319878e-04,5.174986e-02,4.355422e-02,6.111415e-04,3.257698e-03,2.208575e-03,2.189612e-03,8.139974e-01,1.568885e-02,4.718468e-04,4.057781e-02,2.240733e-03
1.118072e-02,2.587747e-03,3.170311e-03,6.734889e-04,3.652274e-02,3.141271e-02,4.490729e-04,2.356570e-03,2.131300e-03,1.870418e-03,8.445213e-01,2.264616e-02,3.955472e-04,3.771716e-02,2.364730e-03
8.331968e-03,2.449330e-03,2.582407e-03,5.419554e-04,2.718501e-02,2.283633e-02,3.614989e-04,1.706002e-03,1.981481e-03,2.421591e-03,8.628181e-01,2.693522e-02,4.916321e-04,3.697444e-02,2.383105e-03
1.343513e-02,2.123110e-02,5.017568e-03,3.588566e-03,3.271033e-02,2.467331e-02,1.546602e-03,5.713803e-03,4.562678e-03,4.201962e-03,7.836595e-01,4.866333e-02,9.398056e-04,3.604241e-02,1.401399e-02
2.226802e-02,1.947709e-02,5.322485e-03,5.313013e-03,2.710879e-02,2.440034e-02,1.533293e-03,6.581761e-03,5.605187e-03,3.741238e-03,7.540794e-01,7.439317e-02,1.350164e-03,3.655702e-02,1.226906e-02
1.971662e-02,1.664491e-02,4.760554e-03,4.825699e-03,2.171886e-02,1.973875e-02,1.754400e-03,6.970217e-03,4.584526e-03,3.168804e-03,7.777606e-01,7.555090e-02,1.508713e-03,3.164990e-02,9.646534e-03
2.953091e-02,2.081459e-02,5.498065e-03,6.809349e-03,2.223985e-02,1.794028e-02,1.751967e-03,9.265939e-03,5.427425e-03,2.768676e-03,7.314934e-01,1.000047e-01,2.145952e-03,3.325444e-02,1.105442e-02
3.423357e-02,2.009502e-02,5.664888e-03,7.215590e-03,1.816207e-02,1.519750e-02,1.415967e-03,7.905284e-03,9.013979e-03,2.832056e-03,6.871877e-01,1.166533e-01,2.250327e-03,5.764115e-02,1.453156e-02
2.948855e-02,1.521685e-02,4.209041e-03,5.555831e-03,1.320125e-02,1.199663e-02,1.028280e-03,5.803155e-03,7.381172e-03,2.345170e-03,7.296047e-01,1.049855e-01,1.964990e-03,5.613724e-02,1.108158e-02
2.680423e-02,1.281376e-02,3.471764e-03,4.031423e-03,1.094418e-02,9.556280e-03,7.832639e-04,4.293018e-03,7.404851e-03,8.304069e-03,7.110410e-01,1.293245e-01,1.756561e-03,6.038627e-02,9.084787e-03
3.801464e-02,1.796580e-02,3.443675e-03,4.033895e-03,1.595695e-02,1.008511e-02,1.118673e-03,4.541231e-03,9.462355e-03,1.569093e-02,6.663538e-01,1.387428e-01,1.697048e-03,6.125740e-02,1.163558e-02
4.150031e-02,2.196230e-02,5.608379e-03,4.267309e-03,2.643715e-02,9.048459e-03,1.982326e-03,7.886766e-03,1.402429e-02,2.101824e-02,6.193835e-01,1.480848e-01,1.637762e-03,5.952723e-02,1.763117e-02
4.071271e-02,2.939980e-02,6.648077e-03,3.989496e-03,4.285059e-02,2.448554e-02,2.903890e-03,7.579914e-03,1.429980e-02,3.561971e-02,5.570047e-01,1.654680e-01,1.774928e-03,5.098222e-02,1.628065e-02
3.248253e-02,2.261441e-02,5.082000e-03,2.927574e-03,3.588945e-02,1.912397e-02,3.135038e-03,5.754746e-03,1.197062e-02,1.333895e-01,5.368999e-01,1.340087e-01,1.505428e-03,3.914418e-02,1.607188e-02
2.292918e-02,1.603455e-02,3.972007e-03,2.060438e-03,2.573181e-02,1.593881e-02,2.375898e-03,4.047772e-03,8.877986e-03,3.004099e-01,4.591891e-01,9.653967e-02,1.462321e-03,2.770726e-02,1.272330e-02
1.641273e-02,1.166123e-02,3.501853e-03,1.453435e-03,1.963511e-02,1.182540e-02,1.856693e-03,2.862282e-03,6.741614e-03,4.872684e-01,3.359335e-01,6.913156e-02,1.237089e-03,1.979820e-02,1.068084e-02
1.203298e-02,8.514913e-03,3.573592e-03,1.525124e-03,1.999735e-02,8.842566e-03,1.465189e-03,3.541453e-03,1.155694e-02,6.161375e-01,2.397628e-01,4.959398e-02,1.146678e-03,1.411736e-02,8.191583e-03
1.011475e-02,9.564187e-03,6.328458e-03,2.999111e-03,1.928511e-02,7.738478e-03,1.410005e-03,8.327059e-03,3.082277e-02,6.706539e-01,1.732782e-01,3.757302e-02,1.461970e-03,1.078331e-02,9.659692e-03
8.771030e-03,1.685384e-02,1.038354e-02,3.836907e-03,1.739063e-02,8.157521e-03,1.118658e-03,1.503970e-02,3.245680e-02,7.039732e-01,1.249664e-01,3.119800e-02,3.499243e-03,9.188190e-03,1.316630e-02
7.535037e-03,2.360528e-02,9.868739e-03,3.766229e-03,1.528412e-02,6.863647e-03,1.056551e-03,1.693746e-02,3.766745e-02,6.977684e-01,1.025130e-01,3.194116e-02,2.095298e-02,9.052282e-03,1.518770e-02
1.163801e-02,4.890838e-02,2.158277e-02,5.201927e-03,1.493151e-02,5.748007e-03,1.266506e-03,2.595023e-02,4.115444e-02,6.446740e-01,8.838680e-02,2.685116e-02,2.714009e-02,1.022771e-02,2.633845e-02
1.256319e-02,2.187968e-01,2.943226e-02,4.734809e-03,1.145348e-02,5.854854e-03,1.040519e-03,2.186184e-02,4.010478e-02,4.843897e-01,7.113900e-02,2.531915e-02,3.742310e-02,9.415234e-03,2.647131e-02
1.899375e-02,2.646028e-01,2.771513e-02,5.663253e-03,1.066134e-02,8.129938e-03,9.006037e-04,2.140455e-02,4.501759e-02,3.959642e-01,7.166955e-02,2.220158e-02,5.053619e-02,2.841074e-02,2.812887e-02
2.122052e-02,2.546866e-01,2.933955e-02,5.608822e-03,1.404847e-02,1.147428e-02,9.446121e-04,2.147475e-02,5.607497e-02,3.502102e-01,6.370869e-02,1.822964e-02,4.897359e-02,5.595965e-02,4.804576e-02
2.225221e-02,2.170043e-01,4.249512e-02,7.859992e-03,2.857004e-02,1.266334e-02,2.371721e-03,6.371992e-02,7.072985e-02,2.579739e-01,5.266828e-02,1.364561e-02,3.954909e-02,1.231558e-01,4.534089e-02
2.515091e-02,1.665909e-01,9.994406e-02,2.214736e-02,5.666436e-02,1.471414e-02,1.243638e-02,1.073911e-01,7.135899e-02,1.877100e-01,4.101623e-02,9.991047e-03,3.151482e-02,1.169149e-01,3.645484e-02
2.302854e-02,1.492476e-01,2.178881e-01,1.792361e-02,6.335840e-02,2.153087e-02,1.335587e-02,8.205316e-02,8.705533e-02,1.408125e-01,3.053252e-02,7.432263e-03,2.531536e-02,9.234592e-02,2.811991e-02
2.529924e-02,1.466727e-01,1.891150e-01,1.445610e-02,1.055576e-01,4.562864e-02,1.753807e-02,6.713995e-02,9.550947e-02,1.338863e-01,2.286759e-02,5.843111e-03,2.667491e-02,7.165410e-02,3.215716e-02
3.156369e-02,1.455294e-01,1.585127e-01,1.229087e-02,1.429667e-01,7.739293e-02,1.872516e-02,6.555020e-02,9.942904e-02,1.101500e-01,1.863933e-02,4.968066e-03,2.700663e-02,5.455314e-02,3.272216e-02
4.617750e-02,1.147661e-01,1.494498e-01,2.158970e-02,1.693199e-01,1.408658e-01,1.758297e-02,7.153152e-02,8.221149e-02,7.864573e-02,1.467993e-02,5.025127e-03,2.145807e-02,4.159557e-02,2.510087e-02
9.145186e-02,9.704213e-02,1.233079e-01,2.134749e-02,1.802931e-01,1.577944e-01,1.489510e-02,6.191999e-02,7.888335e-02,6.094377e-02,1.527827e-02,9.974785e-03,2.115666e-02,4.033790e-02,2.537328e-02
1.209110e-01,7.990086e-02,1.026506e-01,3.770049e-02,1.716175e-01,1.843560e-01,1.167184e-02,5.375008e-02,6.736030e-02,4.578172e-02,1.376098e-02,2.870728e-02,2.656885e-02,3.466929e-02,2.059331e-02
1.809455e-01,6.257646e-02,8.553383e-02,3.632813e-02,1.355983e-01,1.535868e-01,9.016749e-03,5.037449e-02,9.419926e-02,3.949282e-02,1.686254e-02,4.914832e-02,3.000719e-02,3.551670e-02,2.081301e-02
1.642728e-01,4.885824e-02,6.228825e-02,2.903365e-02,9.769139e-02,1.111567e-01,6.840375e-03,4.382280e-02,2.166970e-01,3.402124e-02,1.866791e-02,5.781452e-02,4.315024e-02,4.110745e-02,2.457743e-02
1.567563e-01,3.565164e-02,5.066324e-02,3.297649e-02,7.062339e-02,7.996622e-02,6.279901e-03,4.393297e-02,3.285795e-01,2.602601e-02,1.693569e-02,5.540897e-02,4.706588e-02,3.014569e-02,1.898808e-02
1.280430e-01,2.574662e-02,3.709274e-02,3.257589e-02,5.007583e-02,5.699782e-02,4.748920e-03,3.226934e-02,4.497086e-01,2.152440e-02,1.471504e-02,4.397031e-02,4.578657e-02,2.462055e-02,3.212441e-02
1.141170e-01,2.098582e-02,2.660076e-02,2.734489e-02,3.568342e-02,4.166605e-02,3.756179e-03,2.371261e-02,4.686980e-01,1.944648e-02,1.760830e-02,4.467786e-02,1.008104e-01,2.647085e-02,2.842138e-02
1.417539e-01,2.077618e-02,2.109962e-02,2.811556e-02,2.736759e-02,3.324912e-02,4.331149e-03,2.094781e-02,4.700248e-01,1.937088e-02,2.088410e-02,4.017366e-02,1.008176e-01,2.294325e-02,2.814480e-02
1.297679e-01,1.947209e-02,2.310430e-02,7.181218e-02,2.139375e-02,2.426181e-02,3.420332e-03,1.599385e-02,5.038444e-01,1.565744e-02,1.748288e-02,2.959247e-02,7.436519e-02,1.950165e-02,3.032972e-02
1.491339e-01,1.985187e-02,1.854257e-02,5.785421e-02,3.121128e-02,3.012062e-02,4.002296e-03,1.653584e-02,4.074683e-01,1.383621e-02,2.128424e-02,3.087994e-02,1.498962e-01,1.657358e-02,3.280894e-02
1.986112e-01,1.934826e-02,1.638966e-02,6.015478e-02,3.644076e-02,2.759404e-02,5.859688e-03,2.469842e-02,3.361982e-01,1.322243e-02,2.670797e-02,2.983866e-02,1.513787e-01,1.680372e-02,3.675344e-02
1.925519e-01,2.061280e-02,1.855438e-02,4.547337e-02,4.251093e-02,2.452379e-02,7.048839e-03,2.290542e-02,2.537079e-01,1.350878e-02,2.963939e-02,4.815068e-02,2.217372e-01,2.297287e-02,3.610178e-02
2.172738e-01,2.350369e-02,1.466809e-02,3.720186e-02,4.026360e-02,2.176846e-02,9.170273e-03,2.133735e-02,2.035635e-01,1.344921e-02,2.546928e-02,5.932755e-02,2.600828e-01,2.398033e-02,2.894013e-02
2.286235e-01,2.076439e-02,1.365103e-02,4.739061e-02,3.295000e-02,1.935824e-02,8.384694e-03,2.430137e-02,2.461866e-01,1.320239e-02,2.086431e-02,6.263088e-02,2.179582e-01,1.910072e-02,2.463309e-02
3.269151e-01,1.971721e-02,1.336880e-02,6.147046e-02,3.283589e-02,2.302772e-02,6.781396e-03,2.005764e-02,1.866211e-01,1.144909e-02,1.920990e-02,6.814417e-02,1.726124e-01,1.521188e-02,2.257722e-02
4.020222e-01,1.902599e-02,1.217416e-02,6.471922e-02,3.005141e-02,2.402738e-02,5.398837e-03,1.589080e-02,1.472697e-01,1.244614e-02,1.725495e-02,6.385775e-02,1.490401e-01,1.221099e-02,2.461049e-02
4.407892e-01,1.746346e-02,2.150631e-02,8.489419e-02,3.212057e-02,2.481148e-02,5.836156e-03,1.966484e-02,1.144552e-01,1.043660e-02,1.585223e-02,5.455556e-02,1.289352e-01,9.587971e-03,1.909109e-02
4.895869e-01,1.629134e-02,2.554061e-02,9.818545e-02,3.257290e-02,2.239443e-02,5.533883e-03,1.690961e-02,9.385408e-02,8.771885e-03,1.451608e-02,4.425706e-02,1.017254e-01,8.941671e-03,2.091873e-02
4.357083e-01,1.370401e-02,4.153766e-02,1.371884e-01,4.133673e-02,2.175799e-02,5.117957e-03,5.330172e-02,7.377511e-02,7.316825e-03,1.386362e-02,3.905819e-02,8.775433e-02,8.351394e-03,2.022775e-02
3.145173e-01,1.005348e-02,3.477358e-02,1.038440e-01,6.986419e-02,1.858952e-02,4.317389e-03,2.589404e-01,5.390105e-02,5.143174e-03,1.020374e-02,2.835641e-02,6.716492e-02,5.947552e-03,1.438324e-02
2.264045e-01,7.280525e-03,2.944549e-02,8.099896e-02,8.580468e-02,1.442579e-02,4.002682e-03,4.170767e-01,3.960017e-02,3.622486e-03,7.299191e-03,1.998443e-02,4.891708e-02,4.229044e-03,1.090827e-02
1.616159e-01,5.145485e-03,2.137416e-02,5.970057e-02,6.468914e-02,1.136775e-02,2.911270e-03,5.785759e-01,2.782843e-02,2.547130e-03,5.180172e-03,1.401177e-02,3.433878e-02,2.985008e-03,7.728492e-03
1.265042e-01,3.965757e-03,1.523750e-02,4.248823e-02,5.357529e-02,9.430607e-03,2.116820e-03,6.790915e-01,1.987540e-02,1.807487e-03,4.076396e-03,9.920642e-03,2.426974e-02,2.131603e-03,5.508923e-03
9.372755e-02,2.820328e-03,1.077734e-02,3.035785e-02,3.981373e-02,6.680755e-03,1.501484e-03,7.667832e-01,1.397741e-02,1.269962e-03,2.942524e-03,6.969731e-03,1.701705e-02,1.499986e-03,3.861041e-03
7.326600e-02,2.033374e-03,7.665889e-03,2.213972e-02,3.184367e-02,4.802668e-03,1.078434e-03,8.235359e-01,9.848024e-03,8.967960e-04,2.206598e-03,4.941351e-03,1.197383e-02,1.058760e-03,2.708967e-03
5.764796e-02,1.483068e-03,5.512308e-03,1.605108e-02,2.468236e-02,3.465821e-03,7.916230e-04,8.664947e-01,6.943264e-03,6.349555e-04,1.659417e-03,3.531763e-03,8.447059e-03,7.497848e-04,1.904821e-03
4.448199e-02,1.091803e-03,4.016099e-03,1.173896e-02,1.881484e-02,2.531664e-03,5.792761e-04,8.995036e-01,5.035013e-03,4.507457e-04,1.282669e-03,2.598627e-03,5.983984e-03,5.408051e-04,1.349982e-03
4.126702e-02,8.823084e-04,3.024055e-03,9.771456e-03,1.508259e-02,1.887950e-03,4.424498e-04,9.144902e-01,3.848767e-03,3.276423e-04,1.176128e-03,2.081297e-03,4.318068e-03,4.171845e-04,9.828683e-04
4.237214e-02,7.095264e-04,2.390889e-03,7.820838e-03,1.318455e-02,1.516317e-03,3.923677e-04,9.212952e-01,2.900980e-03,2.397467e-04,1.071557e-03,1.848108e-03,3.207443e-03,3.248958e-04,7.254464e-04
4.574122e-02,6.560666e-04,2.061722e-03,6.243199e-03,1.184784e-02,1.181850e-03,3.679986e-04,9.241058e-01,2.121455e-03,1.777882e-04,8.568641e-04,1.490481e-03,2.343000e-03,2.496546e-04,5.551124e-04
6.458043e-02,6.556998e-04,2.237087e-03,6.335600e-03,1.064866e-02,1.100542e-03,4.571888e-04,9.071888e-01,1.683881e-03,1.561683e-04,7.883792e-04,1.588270e-03,1.852947e-03,2.432576e-04,4.830790e-04
1.005895e-01,5.769510e-04,2.074025e-03,5.817097e-03,9.460811e-03,1.262232e-03,5.402239e-04,8.726419e-01,1.338927e-03,1.480482e-04,8.610912e-04,2.159601e-03,1.771721e-03,2.766784e-04,4.810999e-04
1.532287e-01,6.025677e-04,1.945747e-03,5.599972e-03,9.099445e-03,1.450544e-03,7.574242e-04,8.196018e-01,1.183960e-03,1.547301e-04,9.060932e-04,2.751534e-03,1.871096e-03,3.230984e-04,5.232504e-04
1.820254e-01,8.007780e-04,2.085752e-03,5.316281e-03,1.072804e-02,2.290143e-03,1.196863e-03,7.852654e-01,1.198193e-03,1.977945e-04,1.235505e-03,3.740672e-03,2.469207e-03,4.242739e-04,1.025559e-03
2.521916e-01,1.157024e-03,2.519452e-03,5.297173e-03,1.193441e-02,3.321806e-03,1.718886e-03,7.067302e-01,1.270059e-03,3.069001e-04,2.136318e-03,5.346019e-03,3.319480e-03,7.189706e-04,2.031648e-03
3.385208e-01,1.663041e-03,3.057546e-03,5.371723e-03,1.190268e-02,5.117869e-03,2.272154e-03,6.110578e-01,1.374280e-03,4.860480e-04,2.891721e-03,7.338427e-03,4.399589e-03,1.157476e-03,3.388900e-03
4.651081e-01,2.619165e-03,3.678245e-03,6.371325e-03,1.133342e-02,6.993457e-03,2.693652e-03,4.688834e-01,1.724777e-03,9.153694e-04,4.537434e-03,1.145542e-02,5.564247e-03,1.794707e-03,6.327306e-03
1.000000e+00,0.000000e+00,0.000000e+00,0.000000e+00,0.000000e+00,0.000000e+00,0.000000e+00,0.000000e+00,0.000000e+00,0.000000e+00,0.000000e+00,0.000000e+00,0.000000e+00,0.000000e+00,0.000000e+00
1.000000e+00,0.000000e+00,0.000000e+00,0.000000e+00,0.000000e+00,0.000000e+00,0.000000e+00,0.000000e+00,0.000000e+00,0.000000e+00,0.000000e+00,0.000000e+00,0.000000e+00,0.000000e+00,0.000000e+00
1.000000e+00,0.000000e+00,0.000000e+00,0.000000e+00,0.000000e+00,0.000000e+00,0.000000e+00,0.000000e+00,0.000000e+00,0.000000e+00,0.000000e+00,0.000000e+00,0.000000e+00,0.000000e+00,0.000000e+00
4.281306e-01,8.781713e-03,4.750839e-03,5.238588e-02,8.857377e-03,9.483950e-03,1.841221e-03,1.583413e-01,7.253595e-02,1.787221e-02,2.836464e-02,3.197331e-02,7.440490e-02,1.380841e-02,8.846764e-02
3.324988e-01,7.618679e-03,4.619670e-03,3.895731e-02,6.994904e-03,7.555903e-03,1.365447e-03,1.136597e-01,6.007443e-02,1.967848e-01,2.977016e-02,2.508210e-02,8.746089e-02,1.617336e-02,7.138384e-02
3.378835e-01,7.717920e-03,4.752152e-03,3.154385e-02,6.572860e-03,6.868759e-03,1.223121e-03,8.443544e-02,4.802082e-02,2.363075e-01,2.785880e-02,2.242067e-02,9.779684e-02,2.196039e-02,6.463739e-02
3.473589e-01,8.637840e-03,6.844221e-03,3.582003e-02,7.691726e-03,8.867643e-03,1.291194e-03,6.497622e-02,4.627914e-02,2.092541e-01,2.959945e-02,2.777940e-02,9.858877e-02,3.884949e-02,6.816192e-02
3.569455e-01,8.214538e-03,6.223238e-03,3.504926e-02,7.399633e-03,8.334998e-03,1.783850e-03,4.855477e-02,4.480454e-02,1.708688e-01,4.170823e-02,4.806348e-02,1.169943e-01,4.611107e-02,5.894372e-02
3.806855e-01,8.043427e-03,6.353559e-03,2.801718e-02,6.612005e-03,9.110408e-03,2.094604e-03,3.795657e-02,4.234039e-02,1.328931e-01,4.859186e-02,4.885018e-02,1.159166e-01,6.170744e-02,7.082725e-02
3.111909e-01,6.227615e-03,5.461853e-03,2.184418e-02,5.588339e-03,6.868781e-03,2.017381e-03,2.999753e-02,4.313185e-02,1.248299e-01,8.680088e-02,6.745645e-02,1.068053e-01,1.118782e-01,6.990097e-02
2.898845e-01,6.585980e-03,5.422444e-03,1.790860e-02,5.615936e-03,5.439402e-03,1.636420e-03,2.215600e-02,5.173001e-02,9.564555e-02,8.666514e-02,6.164007e-02,9.204860e-02,1.670999e-01,9.052143e-02
2.070689e-01,5.348402e-03,4.048548e-03,1.276464e-02,4.188205e-03,3.922487e-03,1.175324e-03,1.561945e-02,8.131737e-02,7.229640e-02,7.061572e-02,5.757517e-02,9.072392e-02,2.325875e-01,1.407479e-01
1.455056e-01,5.532391e-03,3.992147e-03,9.080399e-03,3.290136e-03,2.943249e-03,8.508148e-04,1.105466e-02,9.442557e-02,5.506895e-02,5.510323e-02,4.161968e-02,7.179294e-02,2.704396e-01,2.293007e-01
1.027386e-01,5.590411e-03,4.285590e-03,7.580411e-03,4.419568e-03,6.276578e-03,1.883206e-03,8.936334e-03,1.610422e-01,4.602428e-02,4.647577e-02,3.280591e-02,6.601024e-02,2.649707e-01,2.409603e-01
7.257802e-02,1.024967e-02,8.295868e-03,7.700824e-03,8.237522e-03,1.303188e-02,1.740668e-03,6.593047e-03,2.481666e-01,3.907865e-02,5.167434e-02,3.338924e-02,6.735064e-02,2.083083e-01,2.236048e-01
5.182554e-02,1.116144e-02,1.182091e-02,7.144353e-03,1.434027e-02,9.667571e-03,1.280053e-03,4.940033e-03,3.014913e-01,3.195440e-02,7.303894e-02,3.039970e-02,5.917128e-02,2.093416e-01,1.824227e-01
