1.000000e+00,0.000000e+00,0.000000e+00,0.000000e+00,0.000000e+00,0.000000e+00,0.000000e+00,0.000000e+00,0.000000e+00,0.000000e+00,0.000000e+00,0.000000e+00,0.000000e+00,0.000000e+00,0.000000e+00
1.000000e+00,0.000000e+00,0.000000e+00,0.000000e+00,0.000000e+00,0.000000e+00,0.000000e+00,0.000000e+00,0.000000e+00,0.000000e+00,0.000000e+00,0.000000e+00,0.000000e+00,0.000000e+00,0.000000e+00
1.000000e+00,0.000000e+00,0.000000e+00,0.000000e+00,0.000000e+00,0.000000e+00,0.000000e+00,0.000000e+00,0.000000e+00,0.000000e+00,0.000000e+00,0.000000e+00,0.000000e+00,0.000000e+00,0.000000e+00
1.000000e+00,0.000000e+00,0.000000e+00,0.000000e+00,0.000000e+00,0.000000e+00,0.000000e+00,0.000000e+00,0.000000e+00,0.000000e+00,0.000000e+00,0.000000e+00,0.000000e+00,0.000000e+00,0.000000e+00
1.000000e+00,0.000000e+00,0.000000e+00,0.000000e+00,0.000000e+00,0.000000e+00,0.000000e+00,0.000000e+00,0.000000e+00,0.000000e+00,0.000000e+00,0.000000e+00,0.000000e+00,0.000000e+00,0.000000e+00
1.000000e+00,0.000000e+00,0.000000e+00,0.000000e+00,0.000000e+00,0.000000e+00,0.000000e+00,0.000000e+00,0.000000e+00,0.000000e+00,0.000000e+00,0.000000e+00,0.000000e+00,0.000000e+00,0.000000e+00
1.000000e+00,0.000000e+00,0.000000e+00,0.000000e+00,0.000000e+00,0.000000e+00,0.000000e+00,0.000000e+00,0.000000e+00,0.000000e+00,0.000000e+00,0.000000e+00,0.000000e+00,0.000000e+00,0.000000e+00
1.000000e+00,0.000000e+00,0.000000e+00,0.000000e+00,0.000000e+00,0.000000e+00,0.000000e+00,0.000000e+00,0.000000e+00,0.000000e+00,0.000000e+00,0.000000e+00,0.000000e+00,0.000000e+00,0.000000e+00
1.000000e+00,0.000000e+00,0.000000e+00,0.000000e+00,0.000000e+00,0.000000e+00,0.000000e+00,0.000000e+00,0.000000e+00,0.000000e+00,0.000000e+00,0.000000e+00,0.000000e+00,0.000000e+00,0.000000e+00
1.000000e+00,0.000000e+00,0.000000e+00,0.000000e+00,0.000000e+00,0.000000e+00,0.000000e+00,0.000000e+00,0.000000e+00,0.000000e+00,0.000000e+00,0.000000e+00,0.000000e+00,0.000000e+00,0.000000e+00
1.000000e+00,0.000000e+00,0.000000e+00,0.000000e+00,0.000000e+00,0.000000e+00,0.000000e+00,0.000000e+00,0.000000e+00,0.000000e+00,0.000000e+00,0.000000e+00,0.000000e+00,0.000000e+00,0.000000e+00
1.000000e+00,0.000000e+00,0.000000e+00,0.000000e+00,0.000000e+00,0.000000e+00,0.000000e+00,0.000000e+00,0.000000e+00,0.000000e+00,0.000000e+00,0.000000e+00,0.000000e+00,0.000000e+00,0.000000e+00
1.000000e+00,0.000000e+00,0.000000e+00,0.000000e+00,0.000000e+00,0.000000e+00,0.000000e+00,0.000000e+00,0.000000e+00,0.000000e+00,0.000000e+00,0.000000e+00,0.000000e+00,0.000000e+00,0.000000e+00
1.000000e+00,0.000000e+00,0.000000e+00,0.000000e+00,0.000000e+00,0.000000e+00,0.000000e+00,0.000000e+00,0.000000e+00,0.000000e+00,0.000000e+00,0.000000e+00,0.000000e+00,0.000000e+00,0.000000e+00
1.000000e+00,0.000000e+00,0.000000e+00,0.000000e+00,0.000000e+00,0.000000e+00,0.000000e+00,0.000000e+00,0.000000e+00,0.000000e+00,0.000000e+00,0.000000e+00,0.000000e+00,0.000000e+00,0.000000e+00
1.000000e+00,0.000000e+00,0.000000e+00,0.000000e+00,0.000000e+00,0.000000e+00,0.000000e+00,0.000000e+00,0.000000e+00,0.000000e+00,0.000000e+00,0.000000e+00,0.000000e+00,0.000000e+00,0.000000e+00
1.000000e+00,0.000000e+00,0.000000e+00,0.000000e+00,0.000000e+00,0.000000e+00,0.000000e+00,0.000000e+00,0.000000e+00,0.000000e+00,0.000000e+00,0.000000e+00,0.000000e+00,0.000000e+00,0.000000e+00
1.000000e+00,0.000000e+00,0.000000e+00,0.000000e+00,0.000000e+00,0.000000e+00,0.000000e+00,0.000000e+00,0.000000e+00,0.000000e+00,0.000000e+00,0.000000e+00,0.000000e+00,0.000000e+00,0.000000e+00
1.000000e+00,0.000000e+00,0.000000e+00,0.000000e+00,0.000000e+00,0.000000e+00,0.000000e+00,0.000000e+00,0.000000e+00,0.000000e+00,0.000000e+00,0.000000e+00,0.000000e+00,0.000000e+00,0.000000e+00
1.000000e+00,0.000000e+00,0.000000e+00,0.000000e+00,0.000000e+00,0.000000e+00,0.000000e+00,0.000000e+00,0.000000e+00,0.000000e+00,0.000000e+00,0.000000e+00,0.000000e+00,0.000000e+00,0.000000e+00
1.000000e+00,0.000000e+00,0.000000e+00,0.000000e+00,0.000000e+00,0.000000e+00,0.000000e+00,0.000000e+00,0.000000e+00,0.000000e+00,0.000000e+00,0.000000e+00,0.000000e+00,0.000000e+00,0.000000e+00
1.000000e+00,0.000000e+00,0.000000e+00,0.000000e+00,0.000000e+00,0.000000e+00,0.000000e+00,0.000000e+00,0.000000e+00,0.000000e+00,0.000000e+00,0.000000e+00,0.000000e+00,0.000000e+00,0.000000e+00
1.000000e+00,0.000000e+00,0.000000e+00,0.000000e+00,0.000000e+00,0.000000e+00,0.000000e+00,0.000000e+00,0.000000e+00,0.000000e+00,0.000000e+00,0.000000e+00,0.000000e+00,0.000000e+00,0.000000e+00
1.000000e+00,0.000000e+00,0.000000e+00,0.000000e+00,0.000000e+00,0.000000e+00,0.000000e+00,0.000000e+00,0.000000e+00,0.000000e+00,0.000000e+00,0.000000e+00,0.000000e+00,0.000000e+00,0.000000e+00
1.000000e+00,0.000000e+00,0.000000e+00,0.000000e+00,0.000000e+00,0.000000e+00,0.000000e+00,0.000000e+00,0.000000e+00,0.000000e+00,0.000000e+00,0.000000e+00,0.000000e+00,0.000000e+00,0.000000e+00
1.000000e+00,0.000000e+00,0.000000e+00,0.000000e+00,0.000000e+00,0.000000e+00,0.000000e+00,0.000000e+00,0.000000e+00,0.000000e+00,0.000000e+00,0.000000e+00,0.000000e+00,0.000000e+00,0.000000e+00
1.000000e+00,0.000000e+00,0.000000e+00,0.000000e+00,0.000000e+00,0.000000e+00,0.000000e+00,0.000000e+00,0.000000e+00,0.000000e+00,0.000000e+00,0.000000e+00,0.000000e+00,0.000000e+00,0.000000e+00
1.000000e+00,0.000000e+00,0.000000e+00,0.000000e+00,0.000000e+00,0.000000e+00,0.000000e+00,0.000000e+00,0.000000e+00,0.000000e+00,0.000000e+00,0.000000e+00,0.000000e+00,0.000000e+00,0.000000e+00
1.000000e+00,0.000000e+00,0.000000e+00,0.000000e+00,0.000000e+00,0.000000e+00,0.000000e+00,0.000000e+00,0.000000e+00,0.000000e+00,0.000000e+00,0.000000e+00,0.000000e+00,0.000000e+00,0.000000e+00
1.000000e+00,0.000000e+00,0.000000e+00,0.000000e+00,0.000000e+00,0.000000e+00,0.000000e+00,0.000000e+00,0.000000e+00,0.000000e+00,0.000000e+00,0.000000e+00,0.000000e+00,0.000000e+00,0.000000e+00
1.000000e+00,0.000000e+00,0.000000e+00,0.000000e+00,0.000000e+00,0.000000e+00,0.000000e+00,0.000000e+00,0.000000e+00,0.000000e+00,0.000000e+00,0.000000e+00,0.000000e+00,0.000000e+00,0.000000e+00
1.000000e+00,0.000000e+00,0.000000e+00,0.000000e+00,0.000000e+00,0.000000e+00,0.000000e+00,0.000000e+00,0.000000e+00,0.000000e+00,0.000000e+00,0.000000e+00,0.000000e+00,0.000000e+00,0.000000e+00
1.000000e+00,0.000000e+00,0.000000e+00,0.000000e+00,0.000000e+00,0.000000e+00,0.000000e+00,0.000000e+00,0.000000e+00,0.000000e+00,0.000000e+00,0.000000e+00,0.000000e+00,0.000000e+00,0.000000e+00
1.000000e+00,0.000000e+00,0.000000e+00,0.000000e+00,0.000000e+00,0.000000e+00,0.000000e+00,0.000000e+00,0.000000e+00,0.000000e+00,0.000000e+00,0.000000e+00,0.000000e+00,0.000000e+00,0.000000e+00
1.000000e+00,0.000000e+00,0.000000e+00,0.000000e+00,0.000000e+00,0.000000e+00,0.000000e+00,0.000000e+00,0.000000e+00,0.000000e+00,0.000000e+00,0.000000e+00,0.000000e+00,0.000000e+00,0.000000e+00
1.000000e+00,0.000000e+00,0.000000e+00,0.000000e+00,0.000000e+00,0.000000e+00,0.000000e+00,0.000000e+00,0.000000e+00,0.000000e+00,0.000000e+00,0.000000e+00,0.000000e+00,0.000000e+00,0.000000e+00
1.000000e+00,0.000000e+00,0.000000e+00,0.000000e+00,0.000000e+00,0.000000e+00,0.000000e+00,0.000000e+00,0.000000e+00,0.000000e+00,0.000000e+00,0.000000e+00,0.000000e+00,0.000000e+00,0.000000e+00
1.000000e+00,0.000000e+00,0.000000e+00,0.000000e+00,0.000000e+00,0.000000e+00,0.000000e+00,0.000000e+00,0.000000e+00,0.000000e+00,0.000000e+00,0.000000e+00,0.000000e+00,0.000000e+00,0.000000e+00
1.000000e+00,0.000000e+00,0.000000e+00,0.000000e+00,0.000000e+00,0.000000e+00,0.000000e+00,0.000000e+00,0.000000e+00,0.000000e+00,0.000000e+00,0.000000e+00,0.000000e+00,0.000000e+00,0.000000e+00
1.000000e+00,0.000000e+00,0.000000e+00,0.000000e+00,0.000000e+00,0.000000e+00,0.000000e+00,0.000000e+00,0.000000e+00,0.000000e+00,0.000000e+00,0.000000e+00,0.000000e+00,0.000000e+00,0.000000e+00
1.000000e+00,0.000000e+00,0.000000e+00,0.000000e+00,0.000000e+00,0.000000e+00,0.000000e+00,0.000000e+00,0.000000e+00,0.000000e+00,0.000000e+00,0.000000e+00,0.000000e+00,0.000000e+00,0.000000e+00
1.000000e+00,0.000000e+00,0.000000e+00,0.000000e+00,0.000000e+00,0.000000e+00,0.000000e+00,0.000000e+00,0.000000e+00,0.000000e+00,0.000000e+00,0.000000e+00,0.000000e+00,0.000000e+00,0.000000e+00
1.000000e+00,0.000000e+00,0.000000e+00,0.000000e+00,0.000000e+00,0.000000e+00,0.000000e+00,0.000000e+00,0.000000e+00,0.000000e+00,0.000000e+00,0.000000e+00,0.000000e+00,0.000000e+00,0.000000e+00
1.000000e+00,0.000000e+00,0.000000e+00,0.000000e+00,0.000000e+00,0.000000e+00,0.000000e+00,0.000000e+00,0.000000e+00,0.000000e+00,0.000000e+00,0.000000e+00,0.000000e+00,0.000000e+00,0.000000e+00
1.000000e+00,0.000000e+00,0.000000e+00,0.000000e+00,0.000000e+00,0.000000e+00,0.000000e+00,0.000000e+00,0.000000e+00,0.000000e+00,0.000000e+00,0.000000e+00,0.000000e+00,0.000000e+00,0.000000e+00
3.909205e-01,2.044071e-02,1.458375e-01,1.265885e-01,2.453212e-03,8.970890e-03,1.667870e-03,6.723327e-03,1.007782e-02,1.729731e-03,1.821795e-01,1.286748e-02,7.216408e-03,6.156317e-02,2.076329e-02
2.745135e-01,1.764973e-02,1.041581e-01,9.088220e-02,1.836332e-03,6.866712e-03,1.233737e-03,4.799132e-03,9.617899e-03,1.326221e-03,3.932213e-01,1.001880e-02,5.348724e-03,6.267485e-02,1.585276e-02
1.921833e-01,1.241633e-02,7.300427e-02,6.379482e-02,1.728329e-03,5.061928e-03,8.778753e-04,3.380472e-03,7.018426e-03,1.038895e-03,5.607878e-01,7.568963e-03,3.827346e-03,5.615796e-02,1.115327e-02
1.345405e-01,8.714383e-03,5.112139e-02,4.470919e-02,2.881686e-03,4.109903e-03,6.253051e-04,2.378460e-03,5.093961e-03,8.326238e-04,6.855701e-01,5.990100e-03,2.854877e-03,4.272052e-02,7.857005e-03
9.420583e-02,6.198417e-03,3.581306e-02,3.137670e-02,4.847731e-03,3.216342e-03,4.736442e-04,1.677873e-03,3.766308e-03,7.460903e-04,7.678139e-01,5.322014e-03,2.228023e-03,3.668775e-02,5.626371e-03
6.600522e-02,4.412761e-03,2.513270e-02,2.204949e-02,5.507618e-03,2.801038e-03,4.127357e-04,1.206500e-03,2.882423e-03,6.612776e-04,8.281935e-01,4.861142e-03,1.817246e-03,3.002064e-02,4.035658e-03
4.625201e-02,3.194532e-03,1.765657e-02,1.552201e-02,5.492925e-03,2.769143e-03,3.472354e-04,8.646883e-04,2.235604e-03,6.166989e-04,8.706487e-01,4.222833e-03,1.479332e-03,2.562459e-02,3.073030e-03
3.279758e-02,2.560505e-03,1.322516e-02,1.134144e-02,1.056524e-02,5.008044e-03,5.159946e-04,1.036536e-03,3.062521e-03,1.135192e-03,8.770639e-01,5.415244e-03,1.474956e-03,3.202546e-02,2.772141e-03
2.458302e-02,2.627802e-03,1.023346e-02,8.945742e-03,3.389038e-02,5.776338e-03,6.079193e-04,1.117135e-03,5.787247e-03,2.270974e-03,8.102314e-01,8.705216e-03,1.498654e-03,8.004545e-02,3.679200e-03
2.483472e-02,2.909884e-03,7.459197e-03,7.310540e-03,3.249515e-02,7.170558e-03,4.687838e-04,9.082563e-04,7.203056e-03,2.494014e-03,7.750400e-01,1.218397e-02,1.431973e-03,1.120222e-01,6.067633e-03
2.508002e-02,3.365368e-03,5.505172e-03,6.771654e-03,2.620230e-02,7.003111e-03,4.525700e-04,7.634634e-04,6.792568e-03,2.599686e-03,8.009354e-01,1.587581e-02,1.672020e-03,8.980671e-02,7.174200e-03
3.268559e-02,3.419213e-03,4.346080e-03,5.572285e-03,2.093497e-02,6.595660e-03,5.105772e-04,9.886570e-04,8.413402e-03,3.236735e-03,7.974056e-01,2.399832e-02,1.603304e-03,8.288894e-02,7.400662e-03
6.899940e-02,4.141795e-03,3.466900e-03,4.903194e-03,1.628906e-02,7.024962e-03,5.773099e-04,1.125644e-03,8.096344e-03,3.147169e-03,7.620744e-01,3.372420e-02,1.985347e-03,7.686253e-02,7.581735e-03
1.092278e-01,6.268634e-03,3.912095e-03,6.121626e-03,1.580471e-02,7.981609e-03,8.686959e-04,2.557562e-03,8.929327e-03,3.835146e-03,6.957279e-01,4.570132e-02,2.397968e-03,8.034890e-02,1.031666e-02
9.774762e-02,7.478148e-03,3.875144e-03,5.835176e-03,1.478584e-02,1.326943e-02,1.206127e-03,2.517484e-03,8.244603e-03,4.871993e-03,7.090535e-01,4.849469e-02,3.403687e-03,6.914905e-02,1.006755e-02
1.197202e-01,9.735897e-03,4.831474e-03,8.537944e-03,1.529652e-02,1.887465e-02,1.839000e-03,3.219785e-03,9.566614e-03,4.561357e-03,6.717552e-01,4.875986e-02,4.500818e-03,6.492314e-02,1.387758e-02
1.674742e-01,1.303167e-02,5.233015e-03,1.427565e-02,1.913505e-02,2.642739e-02,2.129852e-03,4.345979e-03,1.604762e-02,4.082440e-03,5.759460e-01,5.203726e-02,5.142217e-03,7.711570e-02,1.757604e-02
2.014737e-01,1.583256e-02,8.207069e-03,2.012103e-02,4.394032e-02,3.725095e-02,2.793016e-03,8.032105e-03,2.047575e-02,3.994937e-03,4.806236e-01,5.449952e-02,5.379011e-03,7.839756e-02,1.897884e-02
2.259350e-01,1.846222e-02,9.657931e-03,2.295227e-02,7.552315e-02,3.550522e-02,3.083674e-03,1.342832e-02,2.659700e-02,4.059257e-03,4.042546e-01,4.829794e-02,5.754597e-03,8.560625e-02,2.088251e-02
2.741141e-01,1.526763e-02,1.006959e-02,2.329927e-02,8.759854e-02,4.698301e-02,3.932451e-03,1.384456e-02,2.940393e-02,5.440376e-03,3.314467e-01,5.344844e-02,6.127145e-03,7.775971e-02,2.126449e-02
2.424437e-01,1.863137e-02,1.015931e-02,2.337485e-02,9.482609e-02,4.430136e-02,3.234993e-03,1.359406e-02,9.077352e-02,5.677497e-03,2.893177e-01,4.757047e-02,5.635676e-03,7.019006e-02,4.026936e-02
2.310034e-01,1.566535e-02,8.838384e-03,2.729139e-02,8.637837e-02,3.541376e-02,2.524071e-03,1.136283e-02,1.787256e-01,8.153690e-03,2.315078e-01,3.953358e-02,6.192708e-03,5.782290e-02,5.958616e-02
1.864250e-01,1.438856e-02,7.345248e-03,2.469763e-02,6.453681e-02,4.133929e-02,2.231870e-03,1.212986e-02,2.948840e-01,8.473910e-03,2.006401e-01,4.377380e-02,7.321992e-03,4.273971e-02,4.907235e-02
1.461313e-01,1.439084e-02,6.560756e-03,1.997178e-02,5.348649e-02,4.389481e-02,1.701556e-03,1.044138e-02,3.941074e-01,7.120278e-03,1.609390e-01,5.213349e-02,6.288528e-03,3.508855e-02,4.774383e-02
1.273039e-01,1.224586e-02,7.691643e-03,2.119591e-02,4.317795e-02,4.040577e-02,1.508059e-03,1.719121e-02,4.735673e-01,5.599215e-03,1.221744e-01,5.361494e-02,5.398640e-03,2.779315e-02,4.113204e-02
1.183053e-01,1.100814e-02,2.547194e-02,4.941130e-02,5.088165e-02,5.203862e-02,1.423854e-03,2.100514e-02,4.630708e-01,4.795136e-03,9.557395e-02,4.131794e-02,4.386094e-03,2.368290e-02,3.762727e-02
1.000597e-01,9.406665e-03,3.377344e-02,7.961617e-02,3.994840e-02,5.084526e-02,1.191101e-03,2.521944e-02,4.723805e-01,7.421300e-03,7.555915e-02,3.272818e-02,4.519088e-03,1.909122e-02,4.824042e-02
9.357561e-02,9.831718e-03,6.827270e-02,1.083094e-01,3.540234e-02,4.559706e-02,1.222458e-03,2.814665e-02,4.431440e-01,6.641646e-03,6.425459e-02,2.470029e-02,4.904105e-03,2.008973e-02,4.590774e-02
1.134762e-01,1.132571e-02,7.916205e-02,9.281509e-02,5.715297e-02,3.966662e-02,1.479302e-03,2.979257e-02,4.015795e-01,5.621765e-03,6.511761e-02,2.079998e-02,4.562630e-03,3.812482e-02,3.932317e-02
1.233617e-01,1.489039e-02,9.328251e-02,9.671764e-02,4.934649e-02,3.456096e-02,1.402289e-03,3.180326e-02,3.892288e-01,6.315597e-03,5.447884e-02,1.528492e-02,3.971860e-03,3.990127e-02,4.545353e-02
9.536807e-02,1.475863e-02,8.450818e-02,8.531494e-02,3.558558e-02,2.457548e-02,1.064314e-03,2.544456e-02,4.580679e-01,9.280805e-03,3.956554e-02,1.093424e-02,3.736300e-03,2.917567e-02,8.261982e-02
7.306240e-02,1.271832e-02,6.350848e-02,6.341059e-02,2.529192e-02,1.756185e-02,8.008688e-04,1.938424e-02,4.177122e-01,1.420516e-02,2.938391e-02,8.073498e-03,5.561722e-03,2.202747e-02,2.272973e-01
7.048257e-02,3.087428e-02,5.450644e-02,5.340079e-02,1.957781e-02,1.397872e-02,6.352245e-04,1.598153e-02,4.395706e-01,1.789635e-02,2.315440e-02,6.283333e-03,6.582339e-03,2.264206e-02,2.244335e-01
9.330934e-02,4.921126e-02,4.244359e-02,4.205599e-02,2.200686e-02,1.422535e-02,5.965639e-04,1.545202e-02,4.023894e-01,1.905826e-02,1.934860e-02,4.985804e-03,7.565086e-03,2.525051e-02,2.421013e-01
7.259419e-02,3.645131e-02,3.081554e-02,3.037022e-02,1.652356e-02,1.093407e-02,5.092408e-04,1.196585e-02,4.127824e-01,3.237511e-02,1.525936e-02,3.741170e-03,7.302645e-03,2.807198e-02,2.903033e-01
6.490559e-02,3.817100e-02,2.358936e-02,2.247601e-02,1.324306e-02,9.006156e-03,5.293520e-04,9.422909e-03,4.924952e-01,3.231310e-02,1.219720e-02,3.025410e-03,9.759882e-03,2.354729e-02,2.453184e-01
8.954260e-02,5.909635e-02,1.840900e-02,1.757795e-02,1.452336e-02,1.213251e-02,7.709683e-04,1.228022e-02,4.736138e-01,2.653320e-02,1.046462e-02,2.841854e-03,1.685924e-02,2.731561e-02,2.180386e-01
1.434245e-01,5.946582e-02,1.799154e-02,2.175165e-02,3.016465e-02,1.598419e-02,1.658475e-03,3.372148e-02,4.490616e-01,1.943415e-02,9.244915e-03,4.153668e-03,1.528320e-02,2.062541e-02,1.580347e-01
1.967507e-01,5.341895e-02,1.538582e-02,2.628225e-02,3.249611e-02,1.732774e-02,2.211350e-03,2.697750e-02,4.275653e-01,1.565951e-02,9.487864e-03,8.857379e-03,1.799036e-02,1.723016e-02,1.323590e-01
2.209086e-01,4.670050e-02,1.387254e-02,2.525549e-02,3.521365e-02,2.025715e-02,3.061832e-03,2.333223e-02,3.702430e-01,1.392404e-02,1.482090e-02,1.241617e-02,4.877289e-02,1.880512e-02,1.324159e-01
1.707683e-01,3.739913e-02,1.036495e-02,2.053193e-02,2.686073e-02,3.383205e-02,2.568071e-03,1.654966e-02,2.732104e-01,1.112560e-02,2.965440e-02,4.592754e-02,1.932960e-01,2.737777e-02,1.005334e-01
1.328872e-01,5.258016e-02,9.882724e-03,3.492144e-02,3.687441e-02,2.921927e-02,2.676196e-03,1.288608e-02,2.434392e-01,1.458964e-02,4.869117e-02,5.142630e-02,1.938991e-01,4.813587e-02,8.789118e-02
9.561391e-02,3.761512e-02,7.126282e-03,2.585806e-02,2.673975e-02,2.115118e-02,1.979489e-03,9.144578e-03,1.719717e-01,1.059183e-02,5.827662e-02,1.044525e-01,3.264441e-01,3.937537e-02,6.365947e-02
7.465079e-02,2.722789e-02,6.239327e-03,1.972659e-02,3.554818e-02,3.266674e-02,2.159593e-03,7.762515e-03,1.313849e-01,8.157169e-03,1.246097e-01,1.269472e-01,3.272880e-01,2.993200e-02,4.569934e-02
7.874157e-02,2.185826e-02,7.578163e-03,1.783616e-02,6.818595e-02,7.564261e-02,3.157307e-03,8.292533e-03,1.068014e-01,6.714960e-03,1.139846e-01,1.506954e-01,2.830602e-01,2.262430e-02,3.482662e-02
9.534816e-02,1.939913e-02,1.393737e-02,1.777291e-02,6.865425e-02,6.796336e-02,8.782271e-03,3.803450e-02,8.933517e-02,6.046592e-03,8.587438e-02,1.421958e-01,2.933132e-01,1.939173e-02,3.395119e-02
1.757911e-01,1.963999e-02,4.084473e-02,2.790641e-02,6.579615e-02,7.930689e-02,1.063371e-02,4.762150e-02,6.856205e-02,5.362877e-03,6.474120e-02,1.195154e-01,2.305154e-01,1.695764e-02,2.680492e-02
2.146310e-01,2.126342e-02,3.417032e-02,3.206405e-02,7.434477e-02,7.275084e-02,8.647651e-03,3.860334e-02,5.561059e-02,6.626390e-03,6.510922e-02,1.276160e-01,2.094939e-01,1.802721e-02,2.104124e-02
2.288117e-01,2.484119e-02,3.191630e-02,3.491344e-02,8.246446e-02,6.530718e-02,8.192806e-03,3.766923e-02,5.048795e-02,9.765822e-03,7.297613e-02,1.273003e-01,1.833520e-01,2.076412e-02,2.123738e-02
2.956333e-01,2.679286e-02,2.937665e-02,3.214221e-02,7.023313e-02,5.302709e-02,6.866077e-03,3.329072e-02,4.261417e-02,1.050743e-02,6.253084e-02,1.202511e-01,1.767000e-01,2.120815e-02,1.882628e-02
3.038545e-01,2.848364e-02,2.823598e-02,2.763674e-02,7.381812e-02,4.259394e-02,6.755758e-03,3.126093e-02,4.151534e-02,1.848853e-02,6.788645e-02,1.118266e-01,1.790148e-01,2.133186e-02,1.729680e-02
3.154427e-01,2.732090e-02,2.440813e-02,2.591394e-02,9.271522e-02,3.590095e-02,9.554008e-03,2.656661e-02,4.257916e-02,1.622705e-02,6.309104e-02,1.146925e-01,1.714015e-01,1.899825e-02,1.518810e-02
3.828912e-01,2.335358e-02,1.996475e-02,2.865897e-02,9.454279e-02,3.227803e-02,8.873927e-03,2.639553e-02,3.628176e-02,1.644435e-02,5.771932e-02,9.918886e-02,1.427144e-01,1.651798e-02,1.417445e-02
4.180955e-01,1.991381e-02,1.619156e-02,2.916716e-02,1.082611e-01,2.899925e-02,9.456000e-03,2.812132e-02,3.160083e-02,1.341747e-02,5.323988e-02,1.000700e-01,1.168493e-01,1.414233e-02,1.247445e-02
3.453248e-01,1.565238e-02,1.825730e-02,2.586361e-02,1.171227e-01,2.318145e-02,8.121689e-03,1.139999e-01,2.687886e-02,1.041891e-02,4.444437e-02,1.335949e-01,9.423892e-02,1.338745e-02,9.512886e-03
2.515843e-01,1.154799e-02,1.678165e-02,1.853394e-02,9.071404e-02,1.682167e-02,6.015308e-03,3.476238e-01,2.037587e-02,7.637032e-03,3.206883e-02,9.589463e-02,6.743420e-02,1.016805e-02,6.798721e-03
1.771318e-01,8.229594e-03,1.331381e-02,1.330702e-02,6.608979e-02,1.193673e-02,4.372081e-03,5.354151e-01,1.468061e-02,5.366724e-03,2.268187e-02,6.752599e-02,4.792810e-02,7.230649e-03,4.790191e-03
1.246262e-01,5.793380e-03,1.125682e-02,9.481364e-03,4.890648e-02,9.324369e-03,3.195706e-03,6.679580e-01,1.031064e-02,3.759954e-03,1.593827e-02,4.734408e-02,3.364964e-02,5.096643e-03,3.358514e-03
8.904611e-02,4.112117e-03,9.005385e-03,7.385802e-03,3.768277e-02,7.071718e-03,2.322859e-03,7.587428e-01,7.302261e-03,2.642045e-03,1.130187e-02,3.352711e-02,2.381235e-02,3.665006e-03,2.379729e-03
6.376942e-02,2.897472e-03,6.644820e-03,6.186387e-03,2.753126e-02,5.160142e-03,1.630911e-03,8.265891e-01,5.140540e-03,1.856822e-03,7.970792e-03,2.355454e-02,1.677868e-02,2.615987e-03,1.673003e-03
4.975266e-02,2.066252e-03,5.103466e-03,5.193408e-03,2.128681e-02,3.754702e-03,1.153372e-03,8.692261e-01,3.662033e-03,1.326951e-03,5.690511e-03,1.671917e-02,1.194511e-02,1.933671e-03,1.185714e-03
3.945988e-02,1.477654e-03,4.042524e-03,4.916603e-03,1.655286e-02,2.733838e-03,8.148246e-04,8.993332e-01,2.623202e-03,9.430517e-04,4.130390e-03,1.214477e-02,8.582484e-03,1.399295e-03,8.453973e-04
3.186870e-02,1.062838e-03,3.486904e-03,5.932552e-03,1.347467e-02,2.050410e-03,5.805620e-04,9.193022e-01,1.876000e-03,6.655555e-04,3.019506e-03,8.937913e-03,6.149864e-03,9.934378e-04,5.988969e-04
2.756540e-02,7.666138e-04,2.686284e-03,4.932834e-03,1.152551e-02,1.550516e-03,4.148811e-04,9.344579e-01,1.354949e-03,4.703051e-04,2.221405e-03,6.456286e-03,4.450513e-03,7.212765e-04,4.252804e-04
2.432833e-02,5.603334e-04,2.124632e-03,3.859769e-03,8.927440e-03,1.245261e-03,3.110874e-04,9.469479e-01,9.700363e-04,3.322446e-04,1.627500e-03,4.699434e-03,3.229960e-03,5.297585e-04,3.062786e-04
4.866198e-02,5.750264e-04,2.035857e-03,3.857686e-03,7.154814e-03,1.470593e-03,3.227547e-04,9.255898e-01,8.662976e-04,2.678097e-04,1.419701e-03,4.295496e-03,2.694939e-03,4.691871e-04,3.180149e-04
6.462855e-02,5.219517e-04,2.074940e-03,5.070738e-03,5.847434e-03,1.342537e-03,3.005179e-04,9.116685e-01,8.314360e-04,2.215354e-04,1.124245e-03,3.505991e-03,2.165849e-03,3.994406e-04,2.963110e-04
1.327339e-01,6.441085e-04,4.522604e-03,1.422646e-02,6.033047e-03,1.672325e-03,4.265903e-04,8.299958e-01,1.570290e-03,2.691039e-04,1.060429e-03,3.770980e-03,2.135615e-03,4.610382e-04,4.778193e-04
2.105609e-01,8.586394e-04,5.307993e-03,2.077438e-02,6.985283e-03,2.078485e-03,6.263359e-04,7.415690e-01,2.299952e-03,4.045419e-04,1.034623e-03,3.981232e-03,2.099362e-03,5.344741e-04,8.847466e-04
2.624816e-01,1.307997e-03,7.391742e-03,2.771486e-02,8.575666e-03,3.460021e-03,8.262683e-04,6.756755e-01,2.269840e-03,7.161536e-04,1.117970e-03,3.836615e-03,2.132473e-03,7.058190e-04,1.787536e-03
3.205113e-01,2.201221e-03,8.672943e-03,2.954433e-02,9.196606e-03,3.961349e-03,1.194243e-03,6.100134e-01,2.183693e-03,1.090273e-03,1.411333e-03,3.930495e-03,2.255670e-03,9.267923e-04,2.906404e-03
3.215692e-01,3.433802e-02,1.066942e-02,6.589466e-02,1.647407e-02,3.835202e-03,1.346864e-03,4.621584e-01,8.896315e-03,5.733588e-03,1.744783e-02,2.092489e-02,1.508334e-02,3.418665e-03,1.220952e-02
2.473861e-01,4.062538e-02,8.161912e-03,7.292818e-02,1.574827e-02,3.669097e-03,1.194119e-03,3.284330e-01,1.723465e-02,6.089956e-03,6.607530e-02,1.449931e-01,2.462089e-02,5.981786e-03,1.685821e-02
3.113143e-01,4.118694e-02,6.367853e-03,5.776259e-02,1.478534e-02,4.689311e-03,1.412020e-03,2.360049e-01,2.424052e-02,9.315712e-03,5.595349e-02,1.591056e-01,2.854817e-02,1.500702e-02,3.430623e-02
2.942348e-01,4.094201e-02,6.179134e-03,4.577912e-02,1.276814e-02,6.691920e-03,1.603774e-03,1.674073e-01,2.530105e-02,1.243195e-02,7.401378e-02,1.381744e-01,3.188760e-02,7.162537e-02,7.095958e-02
2.667953e-01,3.186162e-02,5.978783e-03,3.502788e-02,9.409623e-03,6.223244e-03,1.999422e-03,1.182262e-01,2.656913e-02,1.843911e-02,1.193461e-01,1.294861e-01,2.573934e-02,1.388387e-01,6.605940e-02
2.178973e-01,2.424837e-02,4.612735e-03,2.671105e-02,7.300226e-03,4.813519e-03,1.626009e-03,8.315510e-02,2.623848e-02,1.995224e-02,2.000066e-01,9.977542e-02,1.967038e-02,2.066411e-01,5.735143e-02
2.136192e-01,1.848337e-02,3.667762e-03,2.163159e-02,6.193532e-03,3.880904e-03,1.445349e-03,5.850566e-02,2.371040e-02,2.928483e-02,1.892440e-01,1.025685e-01,1.720068e-02,2.626403e-01,4.792389e-02
2.153858e-01,1.461024e-02,2.980236e-03,1.803736e-02,5.970745e-03,3.281543e-03,1.281704e-03,4.129739e-02,3.100773e-02,3.531509e-02,1.608513e-01,1.055851e-01,1.577183e-02,3.102505e-01,3.837350e-02
1.979170e-01,1.625469e-02,2.529934e-03,1.643245e-02,6.507907e-03,5.437544e-03,1.272603e-03,2.957002e-02,4.704178e-02,4.722732e-02,1.650757e-01,1.107779e-01,1.346516e-02,3.083959e-01,3.209413e-02
1.536591e-01,1.571511e-02,2.176449e-03,1.249506e-02,5.796665e-03,6.533250e-03,1.086547e-03,2.128308e-02,4.938959e-02,6.116140e-02,1.820790e-01,9.958138e-02,1.038837e-02,3.552179e-01,2.343706e-02
1.364695e-01,2.453110e-02,3.773878e-03,1.438245e-02,1.480377e-02,8.408029e-03,1.846132e-03,2.015533e-02,7.663909e-02,6.238977e-02,2.085100e-01,8.191808e-02,8.580922e-03,3.189617e-01,1.863021e-02
2.061898e-01,2.426562e-02,5.849977e-03,4.011922e-02,1.928886e-02,1.262562e-02,4.124479e-03,2.485322e-02,7.639488e-02,5.633757e-02,1.777877e-01,6.312275e-02,8.394256e-03,2.594302e-01,2.121581e-02
1.882658e-01,2.307289e-02,5.430982e-03,4.282596e-02,2.055035e-02,1.616994e-02,4.199102e-03,2.071327e-02,8.649252e-02,4.620536e-02,2.333732e-01,6.074134e-02,9.042665e-03,2.237918e-01,1.912476e-02
1.674802e-01,2.388182e-02,8.793545e-03,3.448150e-02,2.028741e-02,2.559177e-02,3.978938e-03,1.942300e-02,8.851612e-02,4.063478e-02,2.581137e-01,5.676549e-02,9.600424e-03,2.247253e-01,1.772591e-02
1.420493e-01,2.624558e-02,9.319319e-03,2.578821e-02,2.129370e-02,3.512535e-02,3.540401e-03,1.634239e-02,9.469518e-02,3.033298e-02,3.263236e-01,5.259840e-02,1.250212e-02,1.876023e-01,1.624127e-02
1.454699e-01,3.920710e-02,1.240833e-02,2.028229e-02,2.534044e-02,3.632302e-02,2.814559e-03,1.425009e-02,1.242766e-01,2.379300e-02,3.228189e-01,4.218991e-02,1.085542e-02,1.546785e-01,2.529202e-02
1.448502e-01,3.669704e-02,1.118484e-02,1.900420e-02,2.851283e-02,4.586349e-02,2.584265e-03,1.418857e-02,1.061006e-01,1.794682e-02,3.166710e-01,9.187338e-02,2.071279e-02,1.168222e-01,2.698780e-02
1.611208e-01,4.026096e-02,1.304533e-02,2.100770e-02,3.841431e-02,5.301391e-02,2.487598e-03,1.896570e-02,1.071870e-01,1.554193e-02,3.047674e-01,8.200208e-02,2.114843e-02,9.410785e-02,2.692900e-02
2.199615e-01,4.011735e-02,1.237104e-02,3.777484e-02,4.299160e-02,5.041407e-02,2.364684e-03,1.646926e-02,1.132783e-01,1.367282e-02,2.318160e-01,7.275725e-02,1.972338e-02,8.017515e-02,4.611280e-02
2.424423e-01,7.398634e-02,1.220925e-02,4.076784e-02,5.144208e-02,4.665202e-02,2.358502e-03,2.128313e-02,1.185199e-01,1.102069e-02,1.798016e-01,6.608764e-02,1.757854e-02,6.839430e-02,4.745588e-02
2.821581e-01,8.191767e-02,1.473290e-02,3.695372e-02,5.366943e-02,4.766892e-02,3.607220e-03,2.448217e-02,1.174438e-01,8.332630e-03,1.460035e-01,5.808927e-02,1.731429e-02,6.803948e-02,3.958692e-02
2.277033e-01,8.762047e-02,1.244582e-02,2.727378e-02,5.831507e-02,9.912994e-02,3.437954e-03,4.087539e-02,1.420533e-01,6.493701e-03,1.158151e-01,6.343053e-02,1.529197e-02,7.035784e-02,2.975587e-02
2.149555e-01,7.065018e-02,1.886404e-02,1.968371e-02,5.491062e-02,8.009390e-02,3.154061e-02,1.252304e-01,1.339206e-01,5.731912e-03,9.233227e-02,4.761346e-02,1.317715e-02,6.914694e-02,2.214878e-02
1.825634e-01,5.175004e-02,1.663220e-02,1.388620e-02,4.050051e-02,5.885682e-02,2.321454e-01,1.158221e-01,9.948093e-02,4.266469e-03,6.582361e-02,3.380176e-02,1.078381e-02,5.771167e-02,1.597514e-02
1.479509e-01,3.774424e-02,1.529794e-02,9.825120e-03,3.096415e-02,4.433331e-02,3.984600e-01,9.723341e-02,7.911032e-02,3.188084e-03,4.724058e-02,2.424791e-02,8.735953e-03,4.412924e-02,1.153889e-02
1.171506e-01,2.768391e-02,1.212375e-02,6.951322e-03,2.260389e-02,3.367115e-02,5.449082e-01,7.395029e-02,6.059281e-02,2.355099e-03,3.329067e-02,1.755127e-02,7.512417e-03,3.124025e-02,8.414438e-03
9.103833e-02,1.969262e-02,9.531665e-03,4.944760e-03,1.775990e-02,2.528557e-02,6.590784e-01,5.424447e-02,4.638260e-02,1.725627e-03,2.339438e-02,1.267554e-02,6.083426e-03,2.203401e-02,6.128788e-03
9.241566e-02,1.431675e-02,7.992815e-03,3.899110e-03,1.567331e-02,2.303295e-02,7.045954e-01,4.364539e-02,3.629170e-02,1.341819e-03,1.681407e-02,1.060596e-02,8.447496e-03,1.552942e-02,5.398115e-03
8.876765e-02,1.084246e-02,6.742438e-03,3.183197e-03,1.403181e-02,1.999551e-02,7.460769e-01,3.452684e-02,2.838536e-02,1.017025e-03,1.242671e-02,9.123539e-03,9.372701e-03,1.101039e-02,4.497406e-03
7.492531e-02,7.884470e-03,5.240655e-03,2.318918e-03,1.122495e-02,1.609212e-02,7.961062e-01,2.709144e-02,2.120635e-02,7.431532e-04,9.091002e-03,6.838462e-03,1.010929e-02,7.801759e-03,3.325930e-03
7.197817e-02,5.829200e-03,4.381876e-03,1.807377e-03,8.698728e-03,1.385372e-02,8.247142e-01,2.205321e-02,1.587189e-02,5.568797e-04,6.886468e-03,5.845246e-03,9.378850e-03,5.587463e-03,2.556648e-03
5.651823e-02,4.280501e-03,3.398699e-03,1.426041e-03,6.682010e-03,1.169687e-02,8.638772e-01,1.675235e-02,1.136667e-02,4.182188e-04,5.202408e-03,4.730056e-03,7.675037e-03,3.955634e-03,2.020124e-03
4.755327e-02,3.172650e-03,2.583046e-03,1.234022e-03,4.978084e-03,9.740815e-03,8.889830e-01,1.353738e-02,8.279286e-03,3.177458e-04,4.408022e-03,4.331755e-03,6.293916e-03,2.816495e-03,1.770525e-03
3.815175e-02,2.597829e-03,1.990968e-03,1.067185e-03,3.779735e-03,2.105916e-02,8.319114e-01,1.064710e-02,6.406616e-03,3.181696e-04,6.875016e-03,3.951685e-03,6.675354e-02,2.063185e-03,2.426701e-03
4.494972e-02,2.476660e-03,1.640448e-03,1.123241e-03,3.371906e-03,1.972480e-02,7.538649e-01,8.865925e-03,5.559561e-03,4.906136e-04,1.971403e-02,5.562080e-03,1.186514e-01,2.055303e-03,1.194948e-02
4.104861e-02,2.114952e-03,1.405451e-03,1.032560e-03,3.423722e-03,1.587376e-02,7.227829e-01,7.697714e-03,5.045171e-03,6.531911e-04,2.439855e-02,5.270280e-03,1.463275e-01,1.980399e-03,2.094538e-02
3.352193e-02,1.608611e-03,1.104755e-03,8.008898e-04,3.490107e-03,1.186668e-02,5.872421e-01,6.318926e-03,5.400187e-03,1.015679e-03,1.992227e-02,5.627367e-03,3.009700e-01,1.605043e-03,1.950550e-02
2.937309e-02,1.584742e-03,9.269367e-04,6.850492e-04,3.278733e-03,9.717043e-03,4.717521e-01,5.691328e-03,7.316041e-03,1.399184e-03,1.596460e-02,6.042444e-03,4.274876e-01,1.218368e-03,1.756271e-02
2.860244e-02,1.422733e-03,7.348018e-04,5.186225e-04,2.938363e-03,8.428959e-03,3.440022e-01,4.379663e-03,8.800308e-03,1.193053e-03,1.260656e-02,1.726213e-02,5.540979e-01,8.806606e-04,1.413157e-02
4.165150e-02,2.924217e-03,1.111324e-03,4.371682e-04,3.103345e-03,7.790541e-03,2.544147e-01,3.811256e-03,1.116519e-02,1.239320e-03,1.088090e-02,3.593290e-02,6.095982e-01,1.067384e-03,1.487199e-02
3.575334e-02,2.610907e-03,1.044353e-03,4.567686e-04,3.452155e-03,1.197851e-02,2.067343e-01,3.547822e-03,1.318302e-02,1.336664e-03,9.309084e-03,4.395679e-02,6.473222e-01,9.323658e-04,1.838169e-02
2.911018e-02,3.024497e-03,8.750060e-04,1.040100e-03,3.244362e-03,6.585725e-02,1.486282e-01,3.166108e-03,1.611429e-02,1.303038e-03,8.993436e-03,3.635205e-02,6.618865e-01,6.981224e-04,1.970693e-02
2.237414e-02,3.447292e-03,6.562645e-04,1.445213e-03,3.028874e-03,7.196041e-02,1.054792e-01,2.498110e-03,2.349610e-02,1.077905e-03,9.578964e-03,2.998131e-02,7.040462e-01,5.071972e-04,2.042284e-02
1.609717e-02,7.748400e-03,5.152478e-04,1.552414e-03,2.790092e-03,7.070241e-02,7.432658e-02,2.026333e-03,1.140942e-01,9.999672e-04,1.340675e-02,2.481378e-02,6.504642e-01,3.902733e-04,2.007212e-02
1.252826e-02,2.279954e-02,5.793648e-04,2.473321e-03,3.746178e-03,7.163483e-02,5.272463e-02,2.731967e-03,2.053888e-01,1.079073e-03,1.459787e-02,1.881338e-02,5.694404e-01,3.407763e-04,2.112164e-02
1.057344e-02,3.307417e-02,8.499941e-04,3.276394e-03,6.504282e-03,7.814197e-02,3.774706e-02,5.121510e-03,3.119105e-01,1.136725e-03,1.488760e-02,1.444515e-02,4.601231e-01,2.980601e-04,2.191007e-02
7.588280e-03,2.669404e-02,6.842071e-04,9.145932e-03,4.651673e-03,5.790689e-02,2.643578e-02,3.705826e-03,4.994083e-01,9.235528e-04,1.110345e-02,1.031441e-02,3.249679e-01,2.661435e-04,1.620364e-02
7.053894e-03,2.063660e-02,5.873502e-04,7.483472e-03,3.526190e-03,7.719932e-02,1.863673e-02,3.535579e-03,5.494048e-01,9.398706e-04,2.453855e-02,8.559902e-03,2.544696e-01,1.636442e-03,2.179170e-02
4.998170e-03,1.558026e-02,4.523756e-04,5.441672e-03,2.474745e-03,5.443082e-02,1.304726e-02,2.481854e-03,6.790982e-01,9.970964e-04,1.743820e-02,6.067215e-03,1.787179e-01,1.364387e-03,1.740988e-02
3.853817e-03,1.516236e-02,3.775933e-04,4.007797e-03,1.752949e-03,3.908486e-02,9.153236e-03,1.810261e-03,7.177339e-01,1.011523e-03,1.353881e-02,4.518980e-03,1.307666e-01,1.574607e-03,5.565276e-02
2.834389e-03,2.994669e-02,4.827920e-04,3.229846e-03,1.286808e-03,2.801853e-02,6.421574e-03,1.358864e-03,6.726137e-01,1.018130e-03,1.141068e-02,3.422724e-03,9.867735e-02,2.784871e-03,1.364930e-01
2.093652e-03,7.821458e-02,9.726401e-04,2.414942e-03,9.242131e-04,1.967545e-02,4.497207e-03,9.562960e-04,6.753509e-01,3.242265e-03,8.473624e-03,3.301081e-03,7.418463e-02,2.963933e-03,1.227345e-01
1.835078e-03,6.710303e-02,1.025401e-03,1.870631e-03,9.765223e-04,1.442989e-02,3.183524e-03,8.106566e-04,5.827557e-01,3.173981e-03,9.606224e-03,2.512850e-03,5.995325e-02,1.032815e-02,2.404350e-01
1.496735e-03,7.045738e-02,4.533620e-03,1.689572e-03,1.084614e-03,1.036906e-02,2.252970e-03,6.470703e-04,6.369665e-01,5.014346e-03,7.426055e-03,2.588072e-03,4.606625e-02,9.536487e-03,1.998712e-01
2.644593e-03,5.491640e-02,1.322845e-02,2.042136e-03,1.251315e-03,7.867629e-03,1.672864e-03,1.137659e-03,6.034214e-01,9.230835e-03,8.945431e-03,4.060845e-03,5.228959e-02,1.966580e-02,2.176251e-01
8.393607e-03,4.279732e-02,1.674296e-02,4.065603e-03,4.001195e-03,9.553321e-03,1.460006e-03,1.360100e-03,5.130391e-01,8.333625e-03,2.001981e-02,3.847544e-03,5.513620e-02,1.896129e-02,2.922883e-01
1.548279e-02,3.472677e-02,1.795616e-02,4.748742e-03,4.146309e-03,7.210467e-03,1.160867e-03,3.590167e-03,5.922859e-01,8.155123e-03,1.605935e-02,3.153361e-03,4.220613e-02,1.458058e-02,2.345372e-01
1.150948e-01,3.474373e-02,5.622118e-02,1.422997e-02,1.807315e-02,1.759139e-02,1.916807e-03,1.728325e-02,4.578473e-01,6.743404e-03,1.868808e-02,5.605092e-03,3.614951e-02,1.392632e-02,1.858860e-01
2.748592e-01,3.367037e-02,6.708138e-02,1.799099e-02,2.033808e-02,1.782123e-02,2.165470e-03,1.705784e-02,3.293933e-01,6.203912e-03,1.747438e-02,1.068093e-02,2.919211e-02,1.298652e-02,1.430842e-01
4.032366e-01,2.896433e-02,5.570360e-02,2.131981e-02,2.169063e-02,1.660922e-02,2.712006e-03,2.069209e-02,2.472150e-01,6.244411e-03,1.962905e-02,1.365309e-02,2.636971e-02,1.063934e-02,1.053210e-01
4.870483e-01,2.531668e-02,4.624894e-02,2.194176e-02,2.368179e-02,1.598034e-02,2.938082e-03,2.329578e-02,1.970747e-01,5.927161e-03,2.018697e-02,1.621936e-02,2.470680e-02,9.470116e-03,7.996315e-02
1.000000e+00,0.000000e+00,0.000000e+00,0.000000e+00,0.000000e+00,0.000000e+00,0.000000e+00,0.000000e+00,0.000000e+00,0.000000e+00,0.000000e+00,0.000000e+00,0.000000e+00,0.000000e+00,0.000000e+00
1.000000e+00,0.000000e+00,0.000000e+00,0.000000e+00,0.000000e+00,0.000000e+00,0.000000e+00,0.000000e+00,0.000000e+00,0.000000e+00,0.000000e+00,0.000000e+00,0.000000e+00,0.000000e+00,0.000000e+00
1.000000e+00,0.000000e+00,0.000000e+00,0.000000e+00,0.000000e+00,0.000000e+00,0.000000e+00,0.000000e+00,0.000000e+00,0.000000e+00,0.000000e+00,0.000000e+00,0.000000e+00,0.000000e+00,0.000000e+00
1.000000e+00,0.000000e+00,0.000000e+00,0.000000e+00,0.000000e+00,0.000000e+00,0.000000e+00,0.000000e+00,0.000000e+00,0.000000e+00,0.000000e+00,0.000000e+00,0.000000e+00,0.000000e+00,0.000000e+00
4.741346e-01,2.216804e-02,1.405691e-02,2.998718e-02,1.299195e-02,1.361232e-02,3.635204e-03,1.947438e-02,2.228404e-01,9.948295e-03,1.633982e-02,2.675657e-02,5.220847e-02,1.056398e-02,7.128182e-02
4.778906e-01,2.576089e-02,1.179458e-02,2.893693e-02,1.319479e-02,1.283390e-02,3.282588e-03,1.747351e-02,2.067644e-01,9.197532e-03,1.377517e-02,2.314983e-02,8.091809e-02,1.101438e-02,6.401277e-02
4.739704e-01,2.660931e-02,1.077274e-02,3.063989e-02,2.357860e-02,1.245517e-02,3.232455e-03,2.119920e-02,2.004913e-01,8.446320e-03,1.180449e-02,2.025194e-02,8.439045e-02,9.762703e-03,6.239505e-02
4.259054e-01,3.416125e-02,4.116086e-02,6.852877e-02,2.816115e-02,1.146513e-02,3.700025e-03,3.431318e-02,1.701296e-01,8.857998e-03,1.119693e-02,1.676158e-02,7.634010e-02,8.377902e-03,6.094017e-02
3.677758e-01,2.885905e-02,9.265703e-02,7.184410e-02,2.922950e-02,1.574146e-02,4.710294e-03,3.202999e-02,1.636491e-01,9.147770e-03,1.459941e-02,1.938658e-02,8.686978e-02,8.963524e-03,5.453658e-02
3.404446e-01,2.703952e-02,9.668972e-02,6.248761e-02,2.885495e-02,2.371877e-02,6.706217e-03,3.634246e-02,1.809434e-01,9.625231e-03,1.638174e-02,2.224270e-02,8.382805e-02,1.147669e-02,5.321830e-02
2.964505e-01,2.656831e-02,1.278563e-01,5.555895e-02,2.982623e-02,2.655966e-02,7.334686e-03,3.497551e-02,1.694359e-01,1.093413e-02,2.276028e-02,2.704882e-02,1.023887e-01,1.257291e-02,4.972907e-02
3.033181e-01,2.827030e-02,1.057843e-01,4.382655e-02,3.359828e-02,2.548079e-02,7.928877e-03,4.169837e-02,1.895631e-01,1.009310e-02,2.338743e-02,2.387372e-02,9.030791e-02,1.440257e-02,5.846668e-02
3.438336e-01,2.895211e-02,9.541571e-02,4.112502e-02,2.933665e-02,2.088612e-02,6.525075e-03,3.432232e-02,1.699266e-01,1.520768e-02,2.236300e-02,2.219419e-02,7.706056e-02,1.460050e-02,7.825084e-02
3.704852e-01,2.835892e-02,8.168754e-02,3.397554e-02,3.150760e-02,1.820047e-02,6.887288e-03,3.709731e-02,1.936635e-01,1.343751e-02,1.846162e-02,1.867904e-02,7.506005e-02,1.183923e-02,6.065913e-02
4.123856e-01,2.879363e-02,6.439960e-02,2.751702e-02,3.036796e-02,1.640463e-02,7.242854e-03,3.903529e-02,1.881804e-01,1.336613e-02,1.488962e-02,1.632729e-02,7.471470e-02,1.102972e-02,5.534551e-02
3.915864e-01,3.191059e-02,5.626862e-02,2.260260e-02,3.160065e-02,1.482314e-02,8.676894e-03,5.655110e-02,1.823564e-01,1.443755e-02,1.261861e-02,1.468547e-02,8.025134e-02,9.702793e-03,7.192783e-02
3.675065e-01,4.716774e-02,4.327114e-02,1.951715e-02,4.079161e-02,1.869861e-02,7.534941e-03,5.622894e-02,1.906878e-01,1.252599e-02,1.058852e-02,1.298251e-02,7.357213e-02,1.052004e-02,8.840637e-02
3.492150e-01,6.178496e-02,3.442739e-02,2.493596e-02,3.467868e-02,1.651112e-02,7.020163e-03,4.571978e-02,2.115023e-01,1.280556e-02,9.453705e-03,1.411210e-02,7.226411e-02,8.460846e-03,9.710833e-02
3.789335e-01,7.813398e-02,3.057512e-02,2.324750e-02,2.742258e-02,1.722509e-02,6.663488e-03,4.045627e-02,2.003211e-01,9.981704e-03,7.663680e-03,1.660500e-02,6.285452e-02,6.623876e-03,9.329258e-02
4.077986e-01,1.100139e-01,2.378624e-02,2.223011e-02,2.720445e-02,1.802617e-02,5.307098e-03,3.483191e-02,1.701863e-01,7.549858e-03,7.435600e-03,1.441917e-02,5.494469e-02,5.003787e-03,9.126212e-02
4.007061e-01,1.025935e-01,2.098535e-02,2.066871e-02,2.439259e-02,1.855765e-02,5.248601e-03,3.343516e-02,1.524370e-01,5.733619e-03,7.187800e-03,1.407173e-02,8.193590e-02,3.893671e-03,1.081525e-01
4.617051e-01,8.612166e-02,1.619602e-02,1.946261e-02,2.355539e-02,1.872911e-02,4.524910e-03,2.861766e-02,1.278957e-01,4.242390e-03,6.842818e-03,1.511534e-02,9.505214e-02,3.228280e-03,8.871082e-02
3.966106e-01,6.315938e-02,1.421055e-02,1.734947e-02,2.142310e-02,2.170750e-02,3.862112e-03,2.481887e-02,1.025531e-01,3.168304e-03,5.303233e-03,1.288579e-02,2.458228e-01,2.693772e-03,6.443149e-02
4.037119e-01,4.744091e-02,1.099631e-02,1.445367e-02,1.896115e-02,1.890405e-02,3.093829e-03,1.827708e-02,7.739515e-02,2.584850e-03,4.999723e-03,1.462570e-02,3.038889e-01,2.120355e-03,5.854651e-02
3.952838e-01,3.723115e-02,8.917906e-03,1.450688e-02,2.111389e-02,2.011252e-02,4.676728e-03,2.124561e-02,6.517421e-02,2.513954e-03,4.774000e-03,1.991206e-02,3.387380e-01,1.700375e-03,4.409899e-02
3.780310e-01,2.805653e-02,7.094500e-03,1.682551e-02,1.782229e-02,1.809601e-02,4.316702e-03,1.590557e-02,6.236909e-02,1.994871e-03,4.609020e-03,2.482900e-02,3.864400e-01,1.682579e-03,3.192735e-02
3.606802e-01,2.251261e-02,5.174157e-03,1.433386e-02,2.400554e-02,1.590774e-02,3.487486e-03,1.137658e-02,5.177518e-02,1.616916e-03,4.481096e-03,3.740631e-02,4.230395e-01,1.328881e-03,2.287398e-02
