1.000000e+00,0.000000e+00,0.000000e+00,0.000000e+00,0.000000e+00,0.000000e+00,0.000000e+00,0.000000e+00,0.000000e+00,0.000000e+00,0.000000e+00,0.000000e+00,0.000000e+00,0.000000e+00,0.000000e+00
1.000000e+00,0.000000e+00,0.000000e+00,0.000000e+00,0.000000e+00,0.000000e+00,0.000000e+00,0.000000e+00,0.000000e+00,0.000000e+00,0.000000e+00,0.000000e+00,0.000000e+00,0.000000e+00,0.000000e+00
1.000000e+00,0.000000e+00,0.000000e+00,0.000000e+00,0.000000e+00,0.000000e+00,0.000000e+00,0.000000e+00,0.000000e+00,0.000000e+00,0.000000e+00,0.000000e+00,0.000000e+00,0.000000e+00,0.000000e+00
1.000000e+00,0.000000e+00,0.000000e+00,0.000000e+00,0.000000e+00,0.000000e+00,0.000000e+00,0.000000e+00,0.000000e+00,0.000000e+00,0.000000e+00,0.000000e+00,0.000000e+00,0.000000e+00,0.000000e+00
1.000000e+00,0.000000e+00,0.000000e+00,0.000000e+00,0.000000e+00,0.000000e+00,0.000000e+00,0.000000e+00,0.000000e+00,0.000000e+00,0.000000e+00,0.000000e+00,0.000000e+00,0.000000e+00,0.000000e+00
1.000000e+00,0.000000e+00,0.000000e+00,0.000000e+00,0.000000e+00,0.000000e+00,0.000000e+00,0.000000e+00,0.000000e+00,0.000000e+00,0.000000e+00,0.000000e+00,0.000000e+00,0.000000e+00,0.000000e+00
1.000000e+00,0.000000e+00,0.000000e+00,0.000000e+00,0.000000e+00,0.000000e+00,0.000000e+00,0.000000e+00,0.000000e+00,0.000000e+00,0.000000e+00,0.000000e+00,0.000000e+00,0.000000e+00,0.000000e+00
1.000000e+00,0.000000e+00,0.000000e+00,0.000000e+00,0.000000e+00,0.000000e+00,0.000000e+00,0.000000e+00,0.000000e+00,0.000000e+00,0.000000e+00,0.000000e+00,0.000000e+00,0.000000e+00,0.000000e+00
1.000000e+00,0.000000e+00,0.000000e+00,0.000000e+00,0.000000e+00,0.000000e+00,0.000000e+00,0.000000e+00,0.000000e+00,0.000000e+00,0.000000e+00,0.000000e+00,0.000000e+00,0.000000e+00,0.000000e+00
1.000000e+00,0.000000e+00,0.000000e+00,0.000000e+00,0.000000e+00,0.000000e+00,0.000000e+00,0.000000e+00,0.000000e+00,0.000000e+00,0.000000e+00,0.000000e+00,0.000000e+00,0.000000e+00,0.000000e+00
1.000000e+00,0.000000e+00,0.000000e+00,0.000000e+00,0.000000e+00,0.000000e+00,0.000000e+00,0.000000e+00,0.000000e+00,0.000000e+00,0.000000e+00,0.000000e+00,0.000000e+00,0.000000e+00,0.000000e+00
1.000000e+00,0.000000e+00,0.000000e+00,0.000000e+00,0.000000e+00,0.000000e+00,0.000000e+00,0.000000e+00,0.000000e+00,0.000000e+00,0.000000e+00,0.000000e+00,0.000000e+00,0.000000e+00,0.000000e+00
1.000000e+00,0.000000e+00,0.000000e+00,0.000000e+00,0.000000e+00,0.000000e+00,0.000000e+00,0.000000e+00,0.000000e+00,0.000000e+00,0.000000e+00,0.000000e+00,0.000000e+00,0.000000e+00,0.000000e+00
1.000000e+00,0.000000e+00,0.000000e+00,0.000000e+00,0.000000e+00,0.000000e+00,0.000000e+00,0.000000e+00,0.000000e+00,0.000000e+00,0.000000e+00,0.000000e+00,0.000000e+00,0.000000e+00,0.000000e+00
1.000000e+00,0.000000e+00,0.000000e+00,0.000000e+00,0.000000e+00,0.000000e+00,0.000000e+00,0.000000e+00,0.000000e+00,0.000000e+00,0.000000e+00,0.000000e+00,0.000000e+00,0.000000e+00,0.000000e+00
1.000000e+00,0.000000e+00,0.000000e+00,0.000000e+00,0.000000e+00,0.000000e+00,0.000000e+00,0.000000e+00,0.000000e+00,0.000000e+00,0.000000e+00,0.000000e+00,0.000000e+00,0.000000e+00,0.000000e+00
1.000000e+00,0.000000e+00,0.000000e+00,0.000000e+00,0.000000e+00,0.000000e+00,0.000000e+00,0.000000e+00,0.000000e+00,0.000000e+00,0.000000e+00,0.000000e+00,0.000000e+00,0.000000e+00,0.000000e+00
1.000000e+00,0.000000e+00,0.000000e+00,0.000000e+00,0.000000e+00,0.000000e+00,0.000000e+00,0.000000e+00,0.000000e+00,0.000000e+00,0.000000e+00,0.000000e+00,0.000000e+00,0.000000e+00,0.000000e+00
1.000000e+00,0.000000e+00,0.000000e+00,0.000000e+00,0.000000e+00,0.000000e+00,0.000000e+00,0.000000e+00,0.000000e+00,0.000000e+00,0.000000e+00,0.000000e+00,0.000000e+00,0.000000e+00,0.000000e+00
1.000000e+00,0.000000e+00,0.000000e+00,0.000000e+00,0.000000e+00,0.000000e+00,0.000000e+00,0.000000e+00,0.000000e+00,0.000000e+00,0.000000e+00,0.000000e+00,0.000000e+00,0.000000e+00,0.000000e+00
1.000000e+00,0.000000e+00,0.000000e+00,0.000000e+00,0.000000e+00,0.000000e+00,0.000000e+00,0.000000e+00,0.000000e+00,0.000000e+00,0.000000e+00,0.000000e+00,0.000000e+00,0.000000e+00,0.000000e+00
1.000000e+00,0.000000e+00,0.000000e+00,0.000000e+00,0.000000e+00,0.000000e+00,0.000000e+00,0.000000e+00,0.000000e+00,0.000000e+00,0.000000e+00,0.000000e+00,0.000000e+00,0.000000e+00,0.000000e+00
1.000000e+00,0.000000e+00,0.000000e+00,0.000000e+00,0.000000e+00,0.000000e+00,0.000000e+00,0.000000e+00,0.000000e+00,0.000000e+00,0.000000e+00,0.000000e+00,0.000000e+00,0.000000e+00,0.000000e+00
1.000000e+00,0.000000e+00,0.000000e+00,0.000000e+00,0.000000e+00,0.000000e+00,0.000000e+00,0.000000e+00,0.000000e+00,0.000000e+00,0.000000e+00,0.000000e+00,0.000000e+00,0.000000e+00,0.000000e+00
1.000000e+00,0.000000e+00,0.000000e+00,0.000000e+00,0.000000e+00,0.000000e+00,0.000000e+00,0.000000e+00,0.000000e+00,0.000000e+00,0.000000e+00,0.000000e+00,0.000000e+00,0.000000e+00,0.000000e+00
1.000000e+00,0.000000e+00,0.000000e+00,0.000000e+00,0.000000e+00,0.000000e+00,0.000000e+00,0.000000e+00,0.000000e+00,0.000000e+00,0.000000e+00,0.000000e+00,0.000000e+00,0.000000e+00,0.000000e+00
1.000000e+00,0.000000e+00,0.000000e+00,0.000000e+00,0.000000e+00,0.000000e+00,0.000000e+00,0.000000e+00,0.000000e+00,0.000000e+00,0.000000e+00,0.000000e+00,0.000000e+00,0.000000e+00,0.000000e+00
1.000000e+00,0.000000e+00,0.000000e+00,0.000000e+00,0.000000e+00,0.000000e+00,0.000000e+00,0.000000e+00,0.000000e+00,0.000000e+00,0.000000e+00,0.000000e+00,0.000000e+00,0.000000e+00,0.000000e+00
1.000000e+00,0.000000e+00,0.000000e+00,0.000000e+00,0.000000e+00,0.000000e+00,0.000000e+00,0.000000e+00,0.000000e+00,0.000000e+00,0.000000e+00,0.000000e+00,0.000000e+00,0.000000e+00,0.000000e+00
1.000000e+00,0.000000e+00,0.000000e+00,0.000000e+00,0.000000e+00,0.000000e+00,0.000000e+00,0.000000e+00,0.000000e+00,0.000000e+00,0.000000e+00,0.000000e+00,0.000000e+00,0.000000e+00,0.000000e+00
1.000000e+00,0.000000e+00,0.000000e+00,0.000000e+00,0.000000e+00,0.000000e+00,0.000000e+00,0.000000e+00,0.000000e+00,0.000000e+00,0.000000e+00,0.000000e+00,0.000000e+00,0.000000e+00,0.000000e+00
1.000000e+00,0.000000e+00,0.000000e+00,0.000000e+00,0.000000e+00,0.000000e+00,0.000000e+00,0.000000e+00,0.000000e+00,0.000000e+00,0.000000e+00,0.000000e+00,0.000000e+00,0.000000e+00,0.000000e+00
1.000000e+00,0.000000e+00,0.000000e+00,0.000000e+00,0.000000e+00,0.000000e+00,0.000000e+00,0.000000e+00,0.000000e+00,0.000000e+00,0.000000e+00,0.000000e+00,0.000000e+00,0.000000e+00,0.000000e+00
1.000000e+00,0.000000e+00,0.000000e+00,0.000000e+00,0.000000e+00,0.000000e+00,0.000000e+00,0.000000e+00,0.000000e+00,0.000000e+00,0.000000e+00,0.000000e+00,0.000000e+00,0.000000e+00,0.000000e+00
1.000000e+00,0.000000e+00,0.000000e+00,0.000000e+00,0.000000e+00,0.000000e+00,0.000000e+00,0.000000e+00,0.000000e+00,0.000000e+00,0.000000e+00,0.000000e+00,0.000000e+00,0.000000e+00,0.000000e+00
1.000000e+00,0.000000e+00,0.000000e+00,0.000000e+00,0.000000e+00,0.000000e+00,0.000000e+00,0.000000e+00,0.000000e+00,0.000000e+00,0.000000e+00,0.000000e+00,0.000000e+00,0.000000e+00,0.000000e+00
1.000000e+00,0.000000e+00,0.000000e+00,0.000000e+00,0.000000e+00,0.000000e+00,0.000000e+00,0.000000e+00,0.000000e+00,0.000000e+00,0.000000e+00,0.000000e+00,0.000000e+00,0.000000e+00,0.000000e+00
1.000000e+00,0.000000e+00,0.000000e+00,0.000000e+00,0.000000e+00,0.000000e+00,0.000000e+00,0.000000e+00,0.000000e+00,0.000000e+00,0.000000e+00,0.000000e+00,0.000000e+00,0.000000e+00,0.000000e+00
1.000000e+00,0.000000e+00,0.000000e+00,0.000000e+00,0.000000e+00,0.000000e+00,0.000000e+00,0.000000e+00,0.000000e+00,0.000000e+00,0.000000e+00,0.000000e+00,0.000000e+00,0.000000e+00,0.000000e+00
1.000000e+00,0.000000e+00,0.000000e+00,0.000000e+00,0.000000e+00,0.000000e+00,0.000000e+00,0.000000e+00,0.000000e+00,0.000000e+00,0.000000e+00,0.000000e+00,0.000000e+00,0.000000e+00,0.000000e+00
1.000000e+00,0.000000e+00,0.000000e+00,0.000000e+00,0.000000e+00,0.000000e+00,0.000000e+00,0.000000e+00,0.000000e+00,0.000000e+00,0.000000e+00,0.000000e+00,0.000000e+00,0.000000e+00,0.000000e+00
1.000000e+00,0.000000e+00,0.000000e+00,0.000000e+00,0.000000e+00,0.000000e+00,0.000000e+00,0.000000e+00,0.000000e+00,0.000000e+00,0.000000e+00,0.000000e+00,0.000000e+00,0.000000e+00,0.000000e+00
1.000000e+00,0.000000e+00,0.000000e+00,0.000000e+00,0.000000e+00,0.000000e+00,0.000000e+00,0.000000e+00,0.000000e+00,0.000000e+00,0.000000e+00,0.000000e+00,0.000000e+00,0.000000e+00,0.000000e+00
1.000000e+00,0.000000e+00,0.000000e+00,0.000000e+00,0.000000e+00,0.000000e+00,0.000000e+00,0.000000e+00,0.000000e+00,0.000000e+00,0.000000e+00,0.000000e+00,0.000000e+00,0.000000e+00,0.000000e+00
1.000000e+00,0.000000e+00,0.000000e+00,0.000000e+00,0.000000e+00,0.000000e+00,0.000000e+00,0.000000e+00,0.000000e+00,0.000000e+00,0.000000e+00,0.000000e+00,0.000000e+00,0.000000e+00,0.000000e+00
1.000000e+00,0.000000e+00,0.000000e+00,0.000000e+00,0.000000e+00,0.000000e+00,0.000000e+00,0.000000e+00,0.000000e+00,0.000000e+00,0.000000e+00,0.000000e+00,0.000000e+00,0.000000e+00,0.000000e+00
1.000000e+00,0.000000e+00,0.000000e+00,0.000000e+00,0.000000e+00,0.000000e+00,0.000000e+00,0.000000e+00,0.000000e+00,0.000000e+00,0.000000e+00,0.000000e+00,0.000000e+00,0.000000e+00,0.000000e+00
1.000000e+00,0.000000e+00,0.000000e+00,0.000000e+00,0.000000e+00,0.000000e+00,0.000000e+00,0.000000e+00,0.000000e+00,0.000000e+00,0.000000e+00,0.000000e+00,0.000000e+00,0.000000e+00,0.000000e+00
1.000000e+00,0.000000e+00,0.000000e+00,0.000000e+00,0.000000e+00,0.000000e+00,0.000000e+00,0.000000e+00,0.000000e+00,0.000000e+00,0.000000e+00,0.000000e+00,0.000000e+00,0.000000e+00,0.000000e+00
1.000000e+00,0.000000e+00,0.000000e+00,0.000000e+00,0.000000e+00,0.000000e+00,0.000000e+00,0.000000e+00,0.000000e+00,0.000000e+00,0.000000e+00,0.000000e+00,0.000000e+00,0.000000e+00,0.000000e+00
1.000000e+00,0.000000e+00,0.000000e+00,0.000000e+00,0.000000e+00,0.000000e+00,0.000000e+00,0.000000e+00,0.000000e+00,0.000000e+00,0.000000e+00,0.000000e+00,0.000000e+00,0.000000e+00,0.000000e+00
1.000000e+00,0.000000e+00,0.000000e+00,0.000000e+00,0.000000e+00,0.000000e+00,0.000000e+00,0.000000e+00,0.000000e+00,0.000000e+00,0.000000e+00,0.000000e+00,0.000000e+00,0.000000e+00,0.000000e+00
1.000000e+00,0.000000e+00,0.000000e+00,0.000000e+00,0.000000e+00,0.000000e+00,0.000000e+00,0.000000e+00,0.000000e+00,0.000000e+00,0.000000e+00,0.000000e+00,0.000000e+00,0.000000e+00,0.000000e+00
1.000000e+00,0.000000e+00,0.000000e+00,0.000000e+00,0.000000e+00,0.000000e+00,0.000000e+00,0.000000e+00,0.000000e+00,0.000000e+00,0.000000e+00,0.000000e+00,0.000000e+00,0.000000e+00,0.000000e+00
1.000000e+00,0.000000e+00,0.000000e+00,0.000000e+00,0.000000e+00,0.000000e+00,0.000000e+00,0.000000e+00,0.000000e+00,0.000000e+00,0.000000e+00,0.000000e+00,0.000000e+00,0.000000e+00,0.000000e+00
1.000000e+00,0.000000e+00,0.000000e+00,0.000000e+00,0.000000e+00,0.000000e+00,0.000000e+00,0.000000e+00,0.000000e+00,0.000000e+00,0.000000e+00,0.000000e+00,0.000000e+00,0.000000e+00,0.000000e+00
1.000000e+00,0.000000e+00,0.000000e+00,0.000000e+00,0.000000e+00,0.000000e+00,0.000000e+00,0.000000e+00,0.000000e+00,0.000000e+00,0.000000e+00,0.000000e+00,0.000000e+00,0.000000e+00,0.000000e+00
1.000000e+00,0.000000e+00,0.000000e+00,0.000000e+00,0.000000e+00,0.000000e+00,0.000000e+00,0.000000e+00,0.000000e+00,0.000000e+00,0.000000e+00,0.000000e+00,0.000000e+00,0.000000e+00,0.000000e+00
1.000000e+00,0.000000e+00,0.000000e+00,0.000000e+00,0.000000e+00,0.000000e+00,0.000000e+00,0.000000e+00,0.000000e+00,0.000000e+00,0.000000e+00,0.000000e+00,0.000000e+00,0.000000e+00,0.000000e+00
1.000000e+00,0.000000e+00,0.000000e+00,0.000000e+00,0.000000e+00,0.000000e+00,0.000000e+00,0.000000e+00,0.000000e+00,0.000000e+00,0.000000e+00,0.000000e+00,0.000000e+00,0.000000e+00,0.000000e+00
4.985423e-01,1.121401e-02,2.602002e-01,1.010067e-01,2.933396e-03,1.955289e-02,2.989976e-03,1.842478e-02,2.414556e-02,2.902769e-03,8.480711e-03,9.226217e-03,1.316553e-02,1.725486e-03,2.548949e-02
3.499740e-01,9.805678e-03,2.014632e-01,1.820252e-01,2.328442e-03,3.121083e-02,2.229859e-03,1.370395e-02,2.854149e-02,4.344885e-03,1.346034e-02,7.938649e-03,1.149816e-01,1.346640e-03,3.664507e-02
2.452279e-01,8.250487e-03,1.451271e-01,1.312740e-01,3.979240e-03,2.550488e-02,1.766395e-03,1.165425e-02,1.873762e-01,5.611592e-03,2.285280e-02,7.561543e-03,1.555896e-01,1.368242e-03,4.685585e-02
1.721824e-01,8.428106e-03,1.024487e-01,9.349047e-02,6.335897e-03,2.042386e-02,1.428033e-03,8.526456e-03,2.335269e-01,4.682270e-03,1.995677e-02,7.563778e-03,2.805963e-01,1.097698e-03,3.931238e-02
1.206061e-01,6.730145e-03,7.186377e-02,6.796741e-02,4.521430e-03,1.434430e-02,1.009286e-03,6.008259e-03,4.566385e-01,3.534208e-03,1.402938e-02,5.384997e-03,1.987941e-01,7.869039e-04,2.778125e-02
8.473461e-02,6.333963e-03,5.051636e-02,4.796581e-02,3.312388e-03,1.013908e-02,7.216436e-04,4.266275e-03,6.074672e-01,3.347549e-03,1.001957e-02,4.029916e-03,1.410937e-01,9.135995e-04,2.513836e-02
5.964129e-02,5.771961e-03,3.551527e-02,3.391736e-02,2.509350e-03,7.870357e-03,6.060964e-04,3.339537e-03,6.725963e-01,3.106758e-03,7.489014e-03,3.241315e-03,1.029061e-01,1.004078e-03,6.048525e-02
4.281180e-02,6.475028e-03,2.592777e-02,2.416062e-02,2.179239e-03,5.805881e-03,4.852563e-04,2.409793e-03,7.171213e-01,2.895515e-03,5.489301e-03,2.994091e-03,7.413986e-02,4.644065e-03,8.246052e-02
3.178432e-02,6.778322e-03,1.922278e-02,1.727462e-02,2.487621e-03,1.071437e-02,1.171481e-03,2.380974e-03,5.772424e-01,3.771028e-03,5.881852e-03,6.405565e-03,6.570614e-02,2.182643e-02,2.273521e-01
2.573559e-02,1.053888e-02,2.619622e-02,1.280923e-02,2.249057e-03,8.189116e-03,9.709526e-04,1.975838e-03,4.813019e-01,1.219177e-02,6.512763e-03,6.515597e-03,5.261396e-02,7.402126e-02,2.781779e-01
1.873511e-02,1.978156e-02,1.485789e-01,9.637048e-03,2.531623e-03,6.783732e-03,7.860204e-04,1.558017e-03,3.575413e-01,2.442210e-02,5.849090e-03,5.867157e-03,3.904355e-02,6.527815e-02,2.936067e-01
1.566134e-02,3.881017e-02,1.669416e-01,9.220412e-03,3.002013e-03,1.279186e-02,7.573710e-04,1.496980e-03,2.859628e-01,7.580238e-02,6.792905e-03,8.563841e-03,3.584679e-02,5.563572e-02,2.827138e-01
2.168110e-02,8.093537e-02,1.373528e-01,1.142343e-02,5.772575e-03,1.184723e-02,7.305766e-04,1.945565e-03,2.388825e-01,6.308167e-02,8.930888e-03,8.476850e-03,2.785717e-02,4.423089e-02,3.368514e-01
2.703752e-02,1.277482e-01,1.131815e-01,1.181223e-02,9.404372e-03,1.433014e-02,7.024359e-04,2.227534e-03,2.054677e-01,4.893301e-02,7.209415e-03,7.134025e-03,2.319125e-02,3.415132e-02,3.674694e-01
3.127563e-02,1.599520e-01,8.307298e-02,1.265888e-02,1.463757e-02,2.197180e-02,8.676143e-04,2.609977e-03,2.544794e-01,3.848564e-02,5.884310e-03,5.637900e-03,1.913704e-02,2.590246e-02,3.234268e-01
2.722781e-02,2.147703e-01,6.374361e-02,2.258648e-02,1.150526e-02,1.787591e-02,6.704241e-04,2.394676e-03,2.084104e-01,6.393071e-02,6.334811e-03,4.735445e-03,1.511402e-02,1.968821e-02,3.210119e-01
4.058608e-02,2.121328e-01,5.010100e-02,1.928827e-02,1.464312e-02,1.817129e-02,9.824913e-04,6.115837e-03,1.709707e-01,5.433371e-02,7.295256e-03,4.536341e-03,1.533941e-02,1.769881e-02,3.678048e-01
7.732225e-02,1.956854e-01,6.213383e-02,5.652944e-02,2.445772e-02,2.380799e-02,1.401222e-03,1.179194e-02,1.445002e-01,4.425686e-02,2.096328e-02,8.971527e-03,1.952953e-02,1.665600e-02,2.919928e-01
7.380470e-02,1.657490e-01,4.960686e-02,5.653302e-02,2.238556e-02,2.185257e-02,1.501575e-03,1.273161e-02,1.330946e-01,6.221531e-02,2.059984e-02,7.615483e-03,2.851065e-02,1.378670e-02,3.300126e-01
1.171994e-01,1.395761e-01,4.115090e-02,4.717202e-02,3.203125e-02,2.054103e-02,1.781127e-03,1.199541e-02,1.185661e-01,5.008514e-02,2.448101e-02,1.156359e-02,4.923426e-02,1.770983e-02,3.169128e-01
1.900290e-01,1.352600e-01,3.777121e-02,4.576942e-02,4.074380e-02,2.681528e-02,2.452805e-03,1.508220e-02,1.053454e-01,3.619326e-02,2.288841e-02,1.508814e-02,5.694714e-02,1.489910e-02,2.547148e-01
2.792448e-01,1.207838e-01,2.910797e-02,3.672873e-02,4.852048e-02,3.188398e-02,2.845882e-03,1.497256e-02,9.210563e-02,2.626635e-02,2.215507e-02,1.663542e-02,6.082067e-02,1.781841e-02,2.001102e-01
2.584982e-01,8.994179e-02,2.153083e-02,3.025364e-02,3.653247e-02,2.558582e-02,2.555490e-03,1.356296e-02,1.794466e-01,2.579369e-02,2.140392e-02,1.799578e-02,6.551960e-02,1.919706e-02,1.921822e-01
2.383228e-01,6.952151e-02,1.567552e-02,2.758873e-02,2.885436e-02,2.005325e-02,2.654199e-03,1.279185e-02,2.744596e-01,2.596241e-02,1.920091e-02,1.926135e-02,7.273594e-02,1.576508e-02,1.571525e-01
2.992817e-01,5.367091e-02,1.609063e-02,2.312799e-02,3.047923e-02,2.221702e-02,3.535504e-03,1.727905e-02,2.626463e-01,2.263243e-02,2.011099e-02,1.906247e-02,6.326625e-02,1.679093e-02,1.298085e-01
2.868716e-01,4.243222e-02,2.217613e-02,5.184206e-02,3.529003e-02,2.766768e-02,5.161688e-03,4.453304e-02,2.618685e-01,1.810508e-02,1.873301e-02,1.554762e-02,5.481379e-02,1.378841e-02,1.011691e-01
3.002423e-01,3.191840e-02,3.183390e-02,6.581189e-02,3.329471e-02,2.872129e-02,5.001460e-03,3.822661e-02,2.779088e-01,1.746977e-02,1.562917e-02,1.188456e-02,4.230547e-02,1.092809e-02,8.882359e-02
2.382949e-01,2.643729e-02,3.071244e-02,6.518485e-02,2.782812e-02,2.300600e-02,3.686014e-03,2.761629e-02,3.518635e-01,3.619632e-02,1.194842e-02,8.945372e-03,3.073149e-02,8.040139e-03,1.095088e-01
1.689191e-01,2.173745e-02,2.202225e-02,4.689412e-02,2.032722e-02,1.928374e-02,2.611147e-03,1.945302e-02,4.932475e-01,2.990531e-02,8.821325e-03,6.491867e-03,2.275560e-02,5.939866e-03,1.115904e-01
1.427120e-01,1.996964e-02,1.962436e-02,3.609530e-02,4.882982e-02,1.554537e-02,2.392881e-03,1.691690e-02,5.403050e-01,2.765224e-02,8.846970e-03,5.507393e-03,2.139826e-02,4.888272e-03,8.931558e-02
1.631457e-01,2.025769e-02,4.193580e-02,2.907488e-02,5.569974e-02,1.709083e-02,6.871887e-03,5.375503e-02,4.661782e-01,2.371855e-02,8.460101e-03,4.920615e-03,2.269452e-02,5.602870e-03,8.059349e-02
1.601149e-01,2.509232e-02,5.841078e-02,2.360218e-02,7.859043e-02,2.964775e-02,2.443628e-02,9.226710e-02,3.721755e-01,1.823475e-02,7.162054e-03,4.002484e-03,2.211566e-02,4.760186e-03,7.938772e-02
1.769723e-01,2.111980e-02,5.142634e-02,1.821236e-02,6.348675e-02,2.929211e-02,3.621401e-02,2.199866e-01,2.663942e-01,1.399986e-02,5.492650e-03,3.240315e-03,1.999497e-02,5.003281e-03,6.916448e-02
1.863392e-01,1.725554e-02,4.085184e-02,1.398798e-02,5.082699e-02,2.684711e-02,5.088536e-02,3.296223e-01,1.888802e-01,1.040508e-02,4.316518e-03,2.772865e-03,1.938576e-02,3.951857e-03,5.367138e-02
2.037151e-01,1.346852e-02,3.026492e-02,1.020961e-02,3.858465e-02,2.750995e-02,9.660670e-02,3.691769e-01,1.333940e-01,7.913458e-03,3.447167e-03,3.112258e-03,1.775701e-02,3.907207e-03,4.093263e-02
2.104965e-01,1.060187e-02,2.361866e-02,7.760135e-03,2.902511e-02,3.063397e-02,1.064706e-01,4.209510e-01,9.604268e-02,5.973281e-03,2.835468e-03,4.271718e-03,1.707372e-02,3.008536e-03,3.123677e-02
2.089942e-01,8.881663e-03,2.256723e-02,6.642636e-03,2.258002e-02,3.739300e-02,1.230173e-01,4.408091e-01,7.154337e-02,4.664477e-03,2.773449e-03,5.394351e-03,1.672699e-02,2.461113e-03,2.555115e-02
2.210263e-01,7.825285e-03,2.308982e-02,6.338632e-03,1.849589e-02,3.947582e-02,1.651935e-01,4.108215e-01,5.328749e-02,4.710164e-03,3.165116e-03,6.518785e-03,1.545948e-02,2.606983e-03,2.198529e-02
2.603073e-01,1.047386e-02,1.929633e-02,7.395460e-03,1.641879e-02,4.663359e-02,1.432989e-01,3.535114e-01,4.086819e-02,1.321868e-02,1.332410e-02,1.448280e-02,2.495039e-02,4.004738e-03,3.181547e-02
2.478343e-01,1.497954e-02,2.274051e-02,1.072381e-02,1.269739e-02,4.852481e-02,1.214510e-01,3.242728e-01,3.760816e-02,2.139526e-02,1.492483e-02,1.265205e-02,3.376230e-02,4.846943e-03,7.158639e-02
2.003758e-01,1.543836e-02,2.054813e-02,1.006326e-02,1.145161e-02,5.172195e-02,1.112451e-01,3.162763e-01,3.043414e-02,1.912692e-02,2.369976e-02,1.039757e-02,8.128245e-02,4.876208e-03,9.306249e-02
1.466929e-01,1.199560e-02,1.560985e-02,7.979005e-03,1.150772e-02,5.001990e-02,8.622476e-02,2.695419e-01,2.339420e-02,1.421613e-02,2.319021e-02,8.214831e-03,2.461621e-01,3.888946e-03,8.136201e-02
1.055853e-01,8.617678e-03,1.120390e-02,5.687813e-03,8.356420e-03,4.013222e-02,6.148922e-02,2.027256e-01,1.681012e-02,1.005945e-02,1.704100e-02,6.359240e-03,4.448012e-01,2.780461e-03,5.835040e-02
7.707898e-02,6.263846e-03,7.929480e-03,4.021088e-03,5.989184e-03,3.117324e-02,4.409984e-02,1.479945e-01,1.205141e-02,7.116349e-03,1.238257e-02,4.900702e-03,5.954580e-01,1.974838e-03,4.156603e-02
5.488136e-02,4.560953e-03,5.565714e-03,2.847006e-03,4.261445e-03,2.217802e-02,3.105143e-02,1.044184e-01,8.666334e-03,5.057811e-03,8.969028e-03,4.063774e-03,7.124979e-01,1.396162e-03,2.958473e-02
3.904251e-02,3.506626e-03,3.932888e-03,2.025295e-03,3.254652e-03,1.584890e-02,2.203885e-02,7.330604e-02,6.598934e-03,3.592348e-03,6.549214e-03,3.228699e-03,7.948358e-01,1.010753e-03,2.122860e-02
2.836625e-02,2.614598e-03,2.886086e-03,1.525064e-03,2.794338e-03,1.190233e-02,1.579517e-02,5.166747e-02,5.132791e-03,2.671121e-03,5.283672e-03,2.808132e-03,8.502669e-01,1.007649e-03,1.527845e-02
2.164800e-02,1.971222e-03,2.099761e-03,1.254297e-03,3.815904e-03,1.314171e-02,1.122672e-02,3.634490e-02,4.138724e-03,1.976256e-03,5.494069e-03,4.299486e-03,8.794869e-01,1.649591e-03,1.145252e-02
1.644065e-02,1.534670e-03,1.544204e-03,9.774968e-04,9.311971e-03,1.037072e-02,7.920515e-03,2.552632e-02,3.715056e-03,1.537565e-03,6.070100e-03,9.253675e-03,8.948588e-01,1.571706e-03,9.366628e-03
1.716395e-02,1.894465e-03,1.395554e-03,1.286940e-03,9.131528e-03,1.478140e-02,6.641131e-03,1.813266e-02,5.147479e-03,2.959290e-03,8.650035e-03,2.639322e-02,8.759744e-01,2.822103e-03,7.625935e-03
1.697781e-02,1.708869e-03,1.768409e-03,1.650686e-03,7.662248e-03,2.791385e-02,5.395611e-03,1.348470e-02,7.845812e-03,4.278782e-03,2.495997e-02,8.852376e-02,7.889419e-01,2.892629e-03,5.995098e-03
2.336873e-02,1.808261e-03,2.198929e-03,4.000840e-03,9.819056e-03,2.744285e-02,3.866934e-03,1.111332e-02,1.420464e-02,5.784056e-03,8.196699e-02,1.032809e-01,7.028274e-01,3.084308e-03,5.232845e-03
2.226077e-02,1.573778e-03,2.698604e-03,3.413457e-03,1.654126e-02,2.601318e-02,3.075970e-03,1.044924e-02,1.210450e-02,4.566055e-03,6.081070e-02,1.419948e-01,6.871783e-01,2.440896e-03,4.878564e-03
1.656860e-02,1.215242e-03,2.188723e-03,2.471810e-03,1.564954e-02,1.976784e-02,2.260925e-03,7.581894e-03,9.097619e-03,3.337298e-03,4.300240e-02,2.395690e-01,6.314348e-01,1.897460e-03,3.956959e-03
1.358226e-02,1.295471e-03,2.115003e-03,1.842293e-03,3.066628e-02,1.469261e-02,2.366313e-03,6.739811e-03,7.631014e-03,2.501253e-03,3.068730e-02,3.939831e-01,4.873650e-01,1.515770e-03,3.016605e-03
1.069875e-02,1.947111e-03,2.880163e-03,1.430451e-03,4.255488e-02,1.058395e-02,3.180964e-03,6.574475e-03,7.046989e-03,1.995626e-03,2.202674e-02,4.889288e-01,3.963943e-01,1.109772e-03,2.647093e-03
8.776329e-03,2.430762e-03,2.959004e-03,1.387145e-03,5.247571e-02,9.199519e-03,4.035315e-03,6.772829e-03,7.317249e-03,1.648725e-03,1.633284e-02,4.726858e-01,4.107803e-01,9.113328e-04,2.287223e-03
8.204961e-03,2.515472e-03,4.416534e-03,1.327820e-03,6.631744e-02,8.050062e-03,7.308474e-03,6.677857e-03,6.472982e-03,1.640180e-03,1.246362e-02,4.072895e-01,4.644993e-01,7.087038e-04,2.107093e-03
9.970580e-03,2.217244e-03,3.536821e-03,1.039212e-03,6.063861e-02,6.597147e-03,6.738337e-03,5.539703e-03,5.418760e-03,1.253868e-03,8.910161e-03,3.231641e-01,5.627744e-01,5.363034e-04,1.664714e-03
1.013584e-02,1.791202e-03,2.721991e-03,7.847314e-04,4.635631e-02,5.279599e-03,5.496109e-03,4.178823e-03,4.517920e-03,8.871938e-04,6.383017e-03,2.501722e-01,6.596611e-01,3.882092e-04,1.245749e-03
1.956714e-02,3.631394e-03,4.086807e-03,8.224427e-04,3.730185e-02,8.926839e-03,5.681762e-03,5.697808e-03,6.691546e-03,6.795682e-04,4.609515e-03,1.830545e-01,7.173138e-01,6.880969e-04,1.246937e-03
2.524235e-02,6.689496e-03,1.502547e-02,8.968448e-04,2.963484e-02,1.460163e-02,6.710327e-03,9.987855e-03,1.137700e-02,5.694609e-04,3.348857e-03,1.338844e-01,7.397212e-01,1.150514e-03,1.159719e-03
3.148241e-02,5.237009e-03,1.262678e-02,7.713611e-04,2.274851e-02,1.321715e-02,8.239854e-03,9.087866e-03,9.359639e-03,4.243751e-04,2.478212e-03,9.888841e-02,7.835224e-01,1.043060e-03,8.730011e-04
3.876735e-02,4.591191e-03,9.380323e-03,6.765914e-04,1.773394e-02,1.333200e-02,1.012962e-02,7.091139e-03,7.969564e-03,3.566107e-04,1.901752e-03,7.960328e-02,8.068634e-01,8.876131e-04,7.156521e-04
4.181024e-02,3.610813e-03,9.944169e-03,1.478206e-03,1.663841e-02,2.038379e-02,1.069384e-02,8.315722e-03,6.630910e-03,3.054301e-04,1.530909e-03,5.936058e-02,8.177865e-01,8.817480e-04,6.288294e-04
6.721258e-02,2.898117e-03,7.881988e-03,2.003927e-03,1.265973e-02,3.461915e-02,8.875592e-03,7.119249e-03,6.994369e-03,2.368280e-04,1.172311e-03,4.273925e-02,8.041729e-01,7.416430e-04,6.723987e-04
1.002827e-01,2.592143e-03,5.704202e-03,1.769233e-03,9.697760e-03,6.083758e-02,7.071869e-03,5.598241e-03,8.272115e-03,1.940682e-04,9.167845e-04,3.205277e-02,7.637715e-01,6.182093e-04,6.209115e-04
1.460016e-01,2.133879e-03,5.648060e-03,5.567491e-03,7.387920e-03,7.514204e-02,5.185259e-03,6.072589e-03,7.292151e-03,1.763156e-04,1.010397e-03,2.365412e-02,7.131017e-01,5.595902e-04,1.066915e-03
2.120598e-01,3.666994e-03,4.827032e-03,5.621427e-03,6.776395e-03,1.060781e-01,4.420483e-03,5.480878e-03,1.302046e-02,1.633531e-04,9.962521e-04,1.763847e-02,6.172192e-01,5.950991e-04,1.436083e-03
2.745607e-01,4.101819e-03,4.930199e-03,1.191604e-02,6.062368e-02,8.560307e-02,1.480957e-02,9.104329e-03,1.292887e-02,2.782957e-04,1.619784e-03,1.423316e-02,5.028094e-01,7.283560e-04,1.752685e-03
2.100927e-01,3.255651e-03,4.017471e-03,9.542322e-03,2.297987e-01,6.449178e-02,7.864109e-02,2.197625e-02,9.676955e-03,1.308784e-03,1.737582e-03,1.011415e-02,3.526650e-01,6.751681e-04,2.006360e-03
1.487686e-01,2.400585e-03,3.116927e-03,7.796579e-03,3.975647e-01,4.743028e-02,9.943844e-02,1.761933e-02,6.891522e-03,8.422173e-03,1.602415e-03,7.163662e-03,2.479234e-01,5.497996e-04,3.311617e-03
1.055931e-01,1.704809e-03,2.349078e-03,5.893612e-03,4.567871e-01,3.364399e-02,9.404209e-02,1.277204e-02,4.917128e-03,9.471069e-02,1.666919e-03,5.034398e-03,1.747769e-01,5.132714e-04,5.594979e-03
7.395214e-02,1.199736e-03,1.649643e-03,4.217389e-03,3.216738e-01,2.358814e-02,9.423827e-02,9.010052e-03,3.501358e-03,3.335550e-01,2.118045e-03,3.598700e-03,1.225591e-01,3.697379e-04,4.769019e-03
5.177109e-02,8.450781e-04,1.156978e-03,2.956438e-03,2.252449e-01,1.656120e-02,9.361404e-02,6.320614e-03,2.504502e-03,5.002192e-01,2.609221e-03,2.882691e-03,8.644374e-02,9.973854e-04,5.872980e-03
3.627645e-02,6.302688e-04,8.361373e-04,2.095028e-03,1.579825e-01,1.165409e-02,6.811447e-02,4.485947e-03,2.587594e-03,5.681880e-01,8.958935e-03,2.949796e-03,6.746515e-02,9.951995e-03,5.782374e-02
2.545435e-02,7.156823e-04,6.271096e-04,1.480697e-03,1.109102e-01,8.245393e-03,5.062469e-02,3.161174e-03,2.724208e-03,4.608654e-01,1.386793e-02,2.210959e-03,4.985522e-02,1.202511e-01,1.490059e-01
1.790241e-02,7.940886e-04,5.808411e-04,1.074487e-03,7.797806e-02,6.784173e-03,3.584764e-02,2.227251e-03,8.076960e-03,3.340228e-01,1.194434e-02,1.735991e-03,3.554571e-02,1.677089e-01,2.977765e-01
1.269163e-02,7.300701e-04,5.187353e-04,7.871239e-04,5.479315e-02,5.590755e-03,2.613080e-02,1.584685e-03,8.635484e-03,2.390690e-01,1.363235e-02,1.578796e-03,2.553484e-02,2.219187e-01,3.868038e-01
9.124176e-03,1.586680e-03,1.071009e-03,6.636486e-04,3.892616e-02,9.405222e-03,1.838639e-02,1.137182e-03,2.003843e-02,1.753183e-01,1.457273e-02,2.736307e-03,1.972068e-02,2.923192e-01,3.949938e-01
6.909682e-03,8.085134e-03,5.145037e-03,1.037672e-03,2.999733e-02,9.430322e-03,1.350460e-02,1.090463e-03,7.690835e-02,1.467568e-01,1.910964e-02,3.977296e-03,1.825012e-02,3.097648e-01,3.500327e-01
5.057286e-03,1.420106e-02,5.616130e-03,1.022341e-03,2.363392e-02,8.429581e-03,9.702972e-03,8.201543e-04,1.233456e-01,1.248067e-01,1.877175e-02,3.750198e-03,1.478151e-02,3.367403e-01,3.093205e-01
5.365626e-03,1.484988e-02,6.950314e-03,1.077499e-03,1.940797e-02,7.586217e-03,7.011549e-03,6.813362e-04,2.262749e-01,1.200246e-01,1.729597e-02,3.033700e-03,1.109219e-02,3.193367e-01,2.400115e-01
5.089041e-03,1.519003e-02,6.098912e-03,9.016010e-04,1.532204e-02,6.378832e-03,5.067972e-03,5.997246e-04,2.993127e-01,1.301143e-01,1.602488e-02,2.373960e-03,8.218602e-03,3.145549e-01,1.747525e-01
4.005923e-03,1.252315e-02,5.101320e-03,7.161753e-04,1.181264e-02,5.103110e-03,3.600030e-03,4.951518e-04,3.641387e-01,1.389684e-01,1.444018e-02,1.991094e-03,5.998596e-03,3.052655e-01,1.258400e-01
4.054108e-03,1.232288e-02,3.835297e-03,1.364550e-03,9.221083e-03,4.231482e-03,2.547286e-03,6.912474e-04,4.986055e-01,1.262500e-01,1.427204e-02,2.003929e-03,5.071229e-03,2.238829e-01,9.164656e-02
4.859172e-03,1.857445e-02,4.996038e-03,3.522020e-03,8.954345e-03,4.046453e-03,1.828655e-03,1.105009e-03,5.566921e-01,1.345069e-01,1.416362e-02,2.187181e-03,5.049776e-03,1.660710e-01,7.344324e-02
9.547164e-03,1.555357e-02,3.812262e-03,3.738767e-03,7.824275e-03,3.753827e-03,1.314178e-03,1.485055e-03,6.220446e-01,1.236658e-01,1.575907e-02,2.378225e-03,5.016275e-03,1.293772e-01,5.472972e-02
1.115979e-02,1.675238e-02,3.197263e-03,5.105468e-03,6.617237e-03,3.198137e-03,9.478981e-04,1.658129e-03,6.530347e-01,1.121444e-01,1.799541e-02,2.318855e-03,5.294390e-03,1.081591e-01,5.241689e-02
1.044887e-02,1.899857e-02,3.505456e-03,8.398827e-03,5.452093e-03,2.583910e-03,6.908471e-04,1.442984e-03,6.930277e-01,9.893670e-02,2.048939e-02,2.283660e-03,6.024351e-03,8.334739e-02,4.436922e-02
1.183271e-02,2.149011e-02,5.266734e-03,1.237668e-02,4.919416e-03,2.483054e-03,5.690651e-04,3.938095e-03,7.142732e-01,7.944871e-02,2.408761e-02,2.287570e-03,6.152702e-03,7.295124e-02,3.792303e-02
1.743947e-02,3.914425e-02,5.639128e-03,1.056383e-02,8.505161e-03,1.007916e-02,5.193447e-04,1.567184e-02,6.688675e-01,5.879403e-02,2.467357e-02,1.876040e-03,4.801077e-03,1.046535e-01,2.877212e-02
1.849937e-02,4.699798e-02,1.022343e-02,1.865286e-02,1.326800e-02,9.193212e-03,5.483794e-04,3.026083e-02,6.489238e-01,4.298455e-02,2.105638e-02,1.609438e-03,4.038963e-03,1.078129e-01,2.592994e-02
1.949761e-02,6.416098e-02,1.177512e-02,1.763664e-02,1.239322e-02,1.026090e-02,4.702439e-04,2.945375e-02,6.404729e-01,3.125360e-02,1.696292e-02,1.205326e-03,3.734911e-03,1.164038e-01,2.431804e-02
1.834630e-02,9.787748e-02,1.120131e-02,1.374018e-02,1.297721e-02,1.723970e-02,3.625066e-04,2.819705e-02,5.468906e-01,2.415423e-02,1.544471e-02,8.860935e-04,3.254096e-03,1.850429e-01,2.438568e-02
1.725168e-02,1.423022e-01,1.268706e-02,1.060721e-02,1.504722e-02,2.944881e-02,2.935108e-04,2.542755e-02,4.664272e-01,1.800372e-02,1.393685e-02,6.454586e-04,2.882568e-03,2.241180e-01,2.092089e-02
1.539190e-02,1.668065e-01,9.920056e-03,3.562335e-02,1.283977e-02,2.881581e-02,2.414650e-04,2.321220e-02,4.878557e-01,1.417655e-02,1.049840e-02,5.237244e-04,3.066431e-03,1.641499e-01,2.687824e-02
2.052426e-02,1.839064e-01,1.828424e-02,3.276907e-02,2.124030e-02,5.753909e-02,2.451544e-04,2.478358e-02,4.215052e-01,1.217251e-02,7.975630e-03,4.183938e-04,3.156408e-03,1.475816e-01,4.789820e-02
2.482193e-02,2.060719e-01,2.067438e-02,6.013880e-02,3.136864e-02,7.391506e-02,5.006703e-04,5.451091e-02,3.597942e-01,8.911460e-03,5.935399e-03,3.358438e-04,2.618226e-03,1.107077e-01,3.969491e-02
3.143793e-02,1.513717e-01,5.130211e-02,6.548658e-02,2.629264e-02,9.108604e-02,5.640154e-04,7.627174e-02,2.975543e-01,1.128357e-02,5.181255e-03,4.201477e-04,2.368264e-03,9.232089e-02,9.705883e-02
2.929684e-02,1.154906e-01,4.594118e-02,8.329821e-02,1.942679e-02,6.527729e-02,4.390723e-04,5.573105e-02,2.946374e-01,2.725822e-02,7.380067e-03,1.174205e-03,3.680950e-03,6.807752e-02,1.828906e-01
2.164439e-02,8.547299e-02,3.508084e-02,7.371305e-02,1.410955e-02,4.640824e-02,3.314533e-04,4.008072e-02,3.383419e-01,3.060211e-02,1.204063e-02,1.346580e-03,4.799885e-03,4.950327e-02,2.465245e-01
2.391304e-02,7.453979e-02,3.012194e-02,6.493001e-02,1.623503e-02,3.361033e-02,3.468116e-04,3.252598e-02,3.549043e-01,3.216312e-02,1.915441e-02,1.692451e-03,7.153925e-03,3.838561e-02,2.703234e-01
2.933593e-02,8.616281e-02,2.289440e-02,5.024844e-02,1.927109e-02,2.629053e-02,4.126983e-04,2.463330e-02,3.855817e-01,2.454754e-02,1.705992e-02,1.854142e-03,6.593843e-03,3.432009e-02,2.707936e-01
2.657107e-02,6.591860e-02,1.697841e-02,4.814876e-02,2.047258e-02,2.086475e-02,5.321895e-04,1.806135e-02,4.735924e-01,1.901329e-02,1.516291e-02,1.978332e-03,5.520460e-03,2.930537e-02,2.378796e-01
2.362011e-02,5.198787e-02,1.319784e-02,5.491890e-02,2.746886e-02,2.879747e-02,9.259327e-04,1.286800e-02,4.081514e-01,1.536703e-02,2.455627e-02,8.666140e-03,6.550962e-02,3.023528e-02,2.337294e-01
2.082999e-02,3.798511e-02,9.895487e-03,5.263022e-02,3.118537e-02,3.930800e-02,1.074344e-03,9.110178e-03,3.110674e-01,1.155720e-02,5.018810e-02,4.327594e-02,1.636003e-01,2.826649e-02,1.900260e-01
1.641992e-02,2.742656e-02,8.484237e-03,4.501825e-02,2.828532e-02,2.923813e-02,9.070236e-04,6.411876e-03,2.219017e-01,1.003604e-02,8.458077e-02,1.368579e-01,2.233833e-01,2.280815e-02,1.382408e-01
1.272684e-02,2.064038e-02,8.835941e-03,3.213193e-02,6.394757e-02,2.110421e-02,7.011039e-04,4.551894e-03,1.587112e-01,9.028412e-03,1.181565e-01,1.242516e-01,3.069491e-01,1.756044e-02,1.007029e-01
1.396544e-02,1.627191e-02,7.050767e-03,2.344031e-02,5.478296e-02,2.006605e-02,1.011935e-03,3.782235e-03,1.184153e-01,8.671794e-03,1.221211e-01,2.239694e-01,2.969816e-01,1.504428e-02,7.442496e-02
1.240184e-02,1.214308e-02,5.626443e-03,1.675505e-02,5.030828e-02,3.275367e-02,1.751209e-03,3.515667e-03,8.763632e-02,7.980525e-03,9.807565e-02,2.910292e-01,3.110364e-01,1.175246e-02,5.723419e-02
1.148909e-02,1.019729e-02,4.169596e-03,1.199381e-02,4.120169e-02,3.761493e-02,1.478326e-03,2.839185e-03,6.723619e-02,6.518421e-03,7.899582e-02,3.519645e-01,3.193728e-01,9.936759e-03,4.499163e-02
1.053181e-02,1.158587e-02,4.109418e-03,8.615041e-03,3.673231e-02,3.943152e-02,1.696099e-03,3.146947e-03,5.184050e-02,6.282648e-03,6.108517e-02,4.083341e-01,3.105100e-01,8.402693e-03,3.769584e-02
1.119714e-02,1.626596e-02,5.332571e-03,6.454568e-03,3.671933e-02,4.031629e-02,2.172741e-03,4.797602e-03,4.307534e-02,6.309834e-03,4.945413e-02,4.090415e-01,3.298696e-01,7.708094e-03,3.128530e-02
1.532425e-02,2.583719e-02,7.542901e-03,4.731194e-03,4.148081e-02,6.501268e-02,4.530481e-03,1.440292e-02,4.118615e-02,5.331666e-03,3.845842e-02,3.828043e-01,3.245543e-01,5.740341e-03,2.306232e-02
2.297778e-02,3.268856e-02,6.757441e-03,3.741059e-03,4.182811e-02,6.641603e-02,4.710419e-03,1.403324e-02,3.707714e-02,5.136222e-03,3.003916e-02,4.485772e-01,2.643641e-01,4.392439e-03,1.726109e-02
3.369237e-02,4.225670e-02,7.496548e-03,3.246421e-03,3.664595e-02,6.433919e-02,4.819316e-03,1.413416e-02,3.367884e-02,6.081139e-03,2.373770e-02,4.893206e-01,2.229318e-01,3.800118e-03,1.381915e-02
5.196403e-02,6.368111e-02,1.001768e-02,3.753407e-03,3.410374e-02,7.361818e-02,5.932344e-03,1.212689e-02,6.030217e-02,8.623556e-03,2.126323e-02,4.462496e-01,1.756942e-01,4.878022e-03,2.779188e-02
4.984665e-02,6.698824e-02,1.019632e-02,3.489423e-03,3.214495e-02,1.256497e-01,5.621966e-03,1.545231e-02,1.024948e-01,7.545955e-03,2.050452e-02,3.728285e-01,1.537466e-01,5.290722e-03,2.819923e-02
8.299303e-02,5.601664e-02,1.000570e-02,5.312996e-03,3.356589e-02,1.123516e-01,1.024924e-02,1.624347e-02,9.996833e-02,7.073652e-03,2.037844e-02,3.808972e-01,1.386531e-01,4.751951e-03,2.153878e-02
1.276461e-01,6.638440e-02,9.122379e-03,2.709992e-02,3.382326e-02,1.357533e-01,1.093340e-02,1.549208e-02,1.262742e-01,1.012370e-02,1.622966e-02,2.898903e-01,1.008287e-01,4.050185e-03,2.634845e-02
1.266807e-01,6.748590e-02,6.717814e-03,2.229690e-02,3.691687e-02,2.211602e-01,1.001414e-02,1.214954e-02,1.418336e-01,8.209578e-03,1.236387e-02,2.306564e-01,7.866809e-02,3.634230e-03,2.121222e-02
1.000261e-01,5.705001e-02,4.984990e-03,1.624931e-02,2.862091e-02,3.879220e-01,7.610128e-03,9.038554e-03,1.214071e-01,6.341726e-03,1.016974e-02,1.734264e-01,5.834806e-02,3.240153e-03,1.556488e-02
8.155315e-02,4.880416e-02,3.925809e-03,1.362193e-02,2.676138e-02,4.871964e-01,7.858722e-03,1.069215e-02,1.237809e-01,4.661591e-03,8.415858e-03,1.256068e-01,4.285270e-02,2.841288e-03,1.142718e-02
7.268383e-02,4.256954e-02,3.040962e-03,1.184592e-02,2.918099e-02,5.023471e-01,7.508606e-03,1.439948e-02,1.717702e-01,3.525071e-03,6.559593e-03,9.158513e-02,3.107112e-02,2.254937e-03,9.657569e-03
9.344161e-02,4.380127e-02,3.740252e-03,1.811767e-02,3.425529e-02,4.531155e-01,6.848980e-03,2.879495e-02,2.060253e-01,2.913358e-03,5.603850e-03,6.621308e-02,2.371213e-02,2.513836e-03,1.090294e-02
1.040734e-01,3.434876e-02,3.380759e-03,1.780947e-02,5.048404e-02,4.428645e-01,7.056045e-03,4.511388e-02,2.108485e-01,2.392162e-03,4.219173e-03,4.689126e-02,1.791436e-02,2.674903e-03,9.928823e-03
1.338525e-01,3.217086e-02,4.248012e-03,2.035539e-02,5.310677e-02,3.903697e-01,7.313053e-03,4.919647e-02,2.411648e-01,2.524567e-03,3.464389e-03,3.376114e-02,1.438056e-02,2.769602e-03,1.132215e-02
1.243417e-01,3.148645e-02,3.599659e-03,1.767960e-02,4.981602e-02,3.987231e-01,5.536273e-03,3.854638e-02,2.758181e-01,1.937633e-03,2.986626e-03,2.410368e-02,1.092878e-02,2.475139e-03,1.202088e-02
1.183242e-01,3.594878e-02,3.144242e-03,1.787926e-02,4.576427e-02,4.218805e-01,4.655658e-03,3.016898e-02,2.778089e-01,1.589265e-03,2.848793e-03,1.728417e-02,8.115721e-03,2.217287e-03,1.236986e-02
1.174297e-01,5.266711e-02,4.334097e-03,4.375964e-02,4.769991e-02,4.296964e-01,3.719690e-03,3.098346e-02,2.260627e-01,1.513659e-03,4.062385e-03,1.328156e-02,6.694152e-03,2.056704e-03,1.603876e-02
1.342039e-01,8.385160e-02,6.946580e-03,6.261545e-02,6.614685e-02,3.841454e-01,3.350409e-03,2.876360e-02,1.770342e-01,1.861723e-03,7.691926e-03,1.127247e-02,6.653256e-03,2.262895e-03,2.319960e-02
1.248831e-01,7.228786e-02,8.401082e-03,5.403715e-02,9.169945e-02,4.237815e-01,3.810143e-03,2.157776e-02,1.405987e-01,5.768687e-03,1.168513e-02,8.677948e-03,9.427246e-03,2.314975e-03,2.104923e-02
8.945312e-02,5.209360e-02,5.943778e-03,4.121742e-02,7.206748e-02,4.109537e-01,3.892703e-03,1.529638e-02,2.393861e-01,9.671539e-03,1.509039e-02,6.971165e-03,1.817583e-02,1.764289e-03,1.802249e-02
6.271376e-02,3.666609e-02,4.167204e-03,2.911430e-02,5.074537e-02,2.892279e-01,2.788077e-03,1.074405e-02,4.506445e-01,8.605018e-03,1.565262e-02,5.319366e-03,1.901682e-02,1.257085e-03,1.333784e-02
4.391677e-02,2.577773e-02,2.923497e-03,2.054590e-02,3.558788e-02,2.024957e-01,1.956402e-03,7.528006e-03,6.134307e-01,6.360425e-03,1.105071e-02,3.758197e-03,1.403128e-02,8.897657e-04,9.747031e-03
3.076207e-02,1.811839e-02,2.070015e-03,1.449825e-02,2.494656e-02,1.417620e-01,1.373769e-03,5.296175e-03,7.278947e-01,4.589223e-03,7.819435e-03,2.656483e-03,1.050209e-02,6.295349e-04,7.081397e-03
2.157604e-02,1.279863e-02,1.510832e-03,1.026691e-02,1.748343e-02,9.925019e-02,9.682672e-04,3.736444e-03,8.057190e-01,3.358470e-03,5.667514e-03,1.983663e-03,9.312008e-03,4.857201e-04,5.882879e-03
1.604796e-02,9.162896e-03,1.165709e-03,7.323781e-03,1.236030e-02,6.983449e-02,7.058984e-04,2.774400e-03,8.332152e-01,2.504638e-03,8.014764e-03,1.901102e-03,2.161149e-02,8.304778e-04,1.254691e-02
1.188190e-02,6.659929e-03,8.730133e-04,5.222947e-03,8.684180e-03,4.916715e-02,5.229512e-04,2.028830e-03,8.603653e-01,2.100231e-03,6.461277e-03,1.550186e-03,2.407783e-02,1.331141e-03,1.907320e-02
8.952809e-03,5.499389e-03,1.260023e-02,4.617739e-03,6.183676e-03,3.477312e-02,4.077441e-04,1.579800e-03,8.675807e-01,2.819421e-03,6.383319e-03,2.512692e-03,2.322862e-02,1.435208e-03,2.142562e-02
8.541678e-03,5.627107e-03,1.385265e-02,4.781795e-03,4.733990e-03,2.573083e-02,4.256432e-04,4.185585e-03,7.590932e-01,3.105271e-03,2.017733e-02,3.107636e-03,5.684574e-02,2.667752e-03,8.712374e-02
7.615071e-03,6.508382e-03,1.285361e-02,5.284312e-03,3.548440e-03,1.898577e-02,3.468294e-04,3.500848e-03,7.990282e-01,3.310414e-03,1.611498e-02,2.748826e-03,4.245581e-02,2.294704e-03,7.540388e-02
1.104089e-02,9.180504e-03,1.380751e-02,5.120116e-03,3.417924e-03,1.496273e-02,4.157805e-04,4.204559e-03,7.533160e-01,3.777442e-03,1.525452e-02,2.517657e-03,3.566441e-02,2.737236e-03,1.245826e-01
