1.000000e+00,0.000000e+00,0.000000e+00,0.000000e+00,0.000000e+00,0.000000e+00,0.000000e+00,0.000000e+00,0.000000e+00,0.000000e+00,0.000000e+00,0.000000e+00,0.000000e+00,0.000000e+00,0.000000e+00
1.000000e+00,0.000000e+00,0.000000e+00,0.000000e+00,0.000000e+00,0.000000e+00,0.000000e+00,0.000000e+00,0.000000e+00,0.000000e+00,0.000000e+00,0.000000e+00,0.000000e+00,0.000000e+00,0.000000e+00
1.000000e+00,0.000000e+00,0.000000e+00,0.000000e+00,0.000000e+00,0.000000e+00,0.000000e+00,0.000000e+00,0.000000e+00,0.000000e+00,0.000000e+00,0.000000e+00,0.000000e+00,0.000000e+00,0.000000e+00
1.000000e+00,0.000000e+00,0.000000e+00,0.000000e+00,0.000000e+00,0.000000e+00,0.000000e+00,0.000000e+00,0.000000e+00,0.000000e+00,0.000000e+00,0.000000e+00,0.000000e+00,0.000000e+00,0.000000e+00
1.000000e+00,0.000000e+00,0.000000e+00,0.000000e+00,0.000000e+00,0.000000e+00,0.000000e+00,0.000000e+00,0.000000e+00,0.000000e+00,0.000000e+00,0.000000e+00,0.000000e+00,0.000000e+00,0.000000e+00
1.000000e+00,0.000000e+00,0.000000e+00,0.000000e+00,0.000000e+00,0.000000e+00,0.000000e+00,0.000000e+00,0.000000e+00,0.000000e+00,0.000000e+00,0.000000e+00,0.000000e+00,0.000000e+00,0.000000e+00
1.000000e+00,0.000000e+00,0.000000e+00,0.000000e+00,0.000000e+00,0.000000e+00,0.000000e+00,0.000000e+00,0.000000e+00,0.000000e+00,0.000000e+00,0.000000e+00,0.000000e+00,0.000000e+00,0.000000e+00
1.000000e+00,0.000000e+00,0.000000e+00,0.000000e+00,0.000000e+00,0.000000e+00,0.000000e+00,0.000000e+00,0.000000e+00,0.000000e+00,0.000000e+00,0.000000e+00,0.000000e+00,0.000000e+00,0.000000e+00
1.000000e+00,0.000000e+00,0.000000e+00,0.000000e+00,0.000000e+00,0.000000e+00,0.000000e+00,0.000000e+00,0.000000e+00,0.000000e+00,0.000000e+00,0.000000e+00,0.000000e+00,0.000000e+00,0.000000e+00
1.000000e+00,0.000000e+00,0.000000e+00,0.000000e+00,0.000000e+00,0.000000e+00,0.000000e+00,0.000000e+00,0.000000e+00,0.000000e+00,0.000000e+00,0.000000e+00,0.000000e+00,0.000000e+00,0.000000e+00
1.000000e+00,0.000000e+00,0.000000e+00,0.000000e+00,0.000000e+00,0.000000e+00,0.000000e+00,0.000000e+00,0.000000e+00,0.000000e+00,0.000000e+00,0.000000e+00,0.000000e+00,0.000000e+00,0.000000e+00
1.000000e+00,0.000000e+00,0.000000e+00,0.000000e+00,0.000000e+00,0.000000e+00,0.000000e+00,0.000000e+00,0.000000e+00,0.000000e+00,0.000000e+00,0.000000e+00,0.000000e+00,0.000000e+00,0.000000e+00
1.000000e+00,0.000000e+00,0.000000e+00,0.000000e+00,0.000000e+00,0.000000e+00,0.000000e+00,0.000000e+00,0.000000e+00,0.000000e+00,0.000000e+00,0.000000e+00,0.000000e+00,0.000000e+00,0.000000e+00
1.000000e+00,0.000000e+00,0.000000e+00,0.000000e+00,0.000000e+00,0.000000e+00,0.000000e+00,0.000000e+00,0.000000e+00,0.000000e+00,0.000000e+00,0.000000e+00,0.000000e+00,0.000000e+00,0.000000e+00
1.000000e+00,0.000000e+00,0.000000e+00,0.000000e+00,0.000000e+00,0.000000e+00,0.000000e+00,0.000000e+00,0.000000e+00,0.000000e+00,0.000000e+00,0.000000e+00,0.000000e+00,0.000000e+00,0.000000e+00
1.000000e+00,0.000000e+00,0.000000e+00,0.000000e+00,0.000000e+00,0.000000e+00,0.000000e+00,0.000000e+00,0.000000e+00,0.000000e+00,0.000000e+00,0.000000e+00,0.000000e+00,0.000000e+00,0.000000e+00
1.000000e+00,0.000000e+00,0.000000e+00,0.000000e+00,0.000000e+00,0.000000e+00,0.000000e+00,0.000000e+00,0.000000e+00,0.000000e+00,0.000000e+00,0.000000e+00,0.000000e+00,0.000000e+00,0.000000e+00
1.000000e+00,0.000000e+00,0.000000e+00,0.000000e+00,0.000000e+00,0.000000e+00,0.000000e+00,0.000000e+00,0.000000e+00,0.000000e+00,0.000000e+00,0.000000e+00,0.000000e+00,0.000000e+00,0.000000e+00
1.000000e+00,0.000000e+00,0.000000e+00,0.000000e+00,0.000000e+00,0.000000e+00,0.000000e+00,0.000000e+00,0.000000e+00,0.000000e+00,0.000000e+00,0.000000e+00,0.000000e+00,0.000000e+00,0.000000e+00
1.000000e+00,0.000000e+00,0.000000e+00,0.000000e+00,0.000000e+00,0.000000e+00,0.000000e+00,0.000000e+00,0.000000e+00,0.000000e+00,0.000000e+00,0.000000e+00,0.000000e+00,0.000000e+00,0.000000e+00
1.000000e+00,0.000000e+00,0.000000e+00,0.000000e+00,0.000000e+00,0.000000e+00,0.000000e+00,0.000000e+00,0.000000e+00,0.000000e+00,0.000000e+00,0.000000e+00,0.000000e+00,0.000000e+00,0.000000e+00
1.000000e+00,0.000000e+00,0.000000e+00,0.000000e+00,0.000000e+00,0.000000e+00,0.000000e+00,0.000000e+00,0.000000e+00,0.000000e+00,0.000000e+00,0.000000e+00,0.000000e+00,0.000000e+00,0.000000e+00
1.000000e+00,0.000000e+00,0.000000e+00,0.000000e+00,0.000000e+00,0.000000e+00,0.000000e+00,0.000000e+00,0.000000e+00,0.000000e+00,0.000000e+00,0.000000e+00,0.000000e+00,0.000000e+00,0.000000e+00
1.000000e+00,0.000000e+00,0.000000e+00,0.000000e+00,0.000000e+00,0.000000e+00,0.000000e+00,0.000000e+00,0.000000e+00,0.000000e+00,0.000000e+00,0.000000e+00,0.000000e+00,0.000000e+00,0.000000e+00
1.000000e+00,0.000000e+00,0.000000e+00,0.000000e+00,0.000000e+00,0.000000e+00,0.000000e+00,0.000000e+00,0.000000e+00,0.000000e+00,0.000000e+00,0.000000e+00,0.000000e+00,0.000000e+00,0.000000e+00
1.000000e+00,0.000000e+00,0.000000e+00,0.000000e+00,0.000000e+00,0.000000e+00,0.000000e+00,0.000000e+00,0.000000e+00,0.000000e+00,0.000000e+00,0.000000e+00,0.000000e+00,0.000000e+00,0.000000e+00
1.000000e+00,0.000000e+00,0.000000e+00,0.000000e+00,0.000000e+00,0.000000e+00,0.000000e+00,0.000000e+00,0.000000e+00,0.000000e+00,0.000000e+00,0.000000e+00,0.000000e+00,0.000000e+00,0.000000e+00
1.000000e+00,0.000000e+00,0.000000e+00,0.000000e+00,0.000000e+00,0.000000e+00,0.000000e+00,0.000000e+00,0.000000e+00,0.000000e+00,0.000000e+00,0.000000e+00,0.000000e+00,0.000000e+00,0.000000e+00
1.000000e+00,0.000000e+00,0.000000e+00,0.000000e+00,0.000000e+00,0.000000e+00,0.000000e+00,0.000000e+00,0.000000e+00,0.000000e+00,0.000000e+00,0.000000e+00,0.000000e+00,0.000000e+00,0.000000e+00
1.000000e+00,0.000000e+00,0.000000e+00,0.000000e+00,0.000000e+00,0.000000e+00,0.000000e+00,0.000000e+00,0.000000e+00,0.000000e+00,0.000000e+00,0.000000e+00,0.000000e+00,0.000000e+00,0.000000e+00
1.000000e+00,0.000000e+00,0.000000e+00,0.000000e+00,0.000000e+00,0.000000e+00,0.000000e+00,0.000000e+00,0.000000e+00,0.000000e+00,0.000000e+00,0.000000e+00,0.000000e+00,0.000000e+00,0.000000e+00
1.000000e+00,0.000000e+00,0.000000e+00,0.000000e+00,0.000000e+00,0.000000e+00,0.000000e+00,0.000000e+00,0.000000e+00,0.000000e+00,0.000000e+00,0.000000e+00,0.000000e+00,0.000000e+00,0.000000e+00
1.000000e+00,0.000000e+00,0.000000e+00,0.000000e+00,0.000000e+00,0.000000e+00,0.000000e+00,0.000000e+00,0.000000e+00,0.000000e+00,0.000000e+00,0.000000e+00,0.000000e+00,0.000000e+00,0.000000e+00
1.000000e+00,0.000000e+00,0.000000e+00,0.000000e+00,0.000000e+00,0.000000e+00,0.000000e+00,0.000000e+00,0.000000e+00,0.000000e+00,0.000000e+00,0.000000e+00,0.000000e+00,0.000000e+00,0.000000e+00
1.000000e+00,0.000000e+00,0.000000e+00,0.000000e+00,0.000000e+00,0.000000e+00,0.000000e+00,0.000000e+00,0.000000e+00,0.000000e+00,0.000000e+00,0.000000e+00,0.000000e+00,0.000000e+00,0.000000e+00
1.000000e+00,0.000000e+00,0.000000e+00,0.000000e+00,0.000000e+00,0.000000e+00,0.000000e+00,0.000000e+00,0.000000e+00,0.000000e+00,0.000000e+00,0.000000e+00,0.000000e+00,0.000000e+00,0.000000e+00
1.000000e+00,0.000000e+00,0.000000e+00,0.000000e+00,0.000000e+00,0.000000e+00,0.000000e+00,0.000000e+00,0.000000e+00,0.000000e+00,0.000000e+00,0.000000e+00,0.000000e+00,0.000000e+00,0.000000e+00
1.000000e+00,0.000000e+00,0.000000e+00,0.000000e+00,0.000000e+00,0.000000e+00,0.000000e+00,0.000000e+00,0.000000e+00,0.000000e+00,0.000000e+00,0.000000e+00,0.000000e+00,0.000000e+00,0.000000e+00
1.000000e+00,0.000000e+00,0.000000e+00,0.000000e+00,0.000000e+00,0.000000e+00,0.000000e+00,0.000000e+00,0.000000e+00,0.000000e+00,0.000000e+00,0.000000e+00,0.000000e+00,0.000000e+00,0.000000e+00
1.000000e+00,0.000000e+00,0.000000e+00,0.000000e+00,0.000000e+00,0.000000e+00,0.000000e+00,0.000000e+00,0.000000e+00,0.000000e+00,0.000000e+00,0.000000e+00,0.000000e+00,0.000000e+00,0.000000e+00
1.000000e+00,0.000000e+00,0.000000e+00,0.000000e+00,0.000000e+00,0.000000e+00,0.000000e+00,0.000000e+00,0.000000e+00,0.000000e+00,0.000000e+00,0.000000e+00,0.000000e+00,0.000000e+00,0.000000e+00
1.000000e+00,0.000000e+00,0.000000e+00,0.000000e+00,0.000000e+00,0.000000e+00,0.000000e+00,0.000000e+00,0.000000e+00,0.000000e+00,0.000000e+00,0.000000e+00,0.000000e+00,0.000000e+00,0.000000e+00
1.000000e+00,0.000000e+00,0.000000e+00,0.000000e+00,0.000000e+00,0.000000e+00,0.000000e+00,0.000000e+00,0.000000e+00,0.000000e+00,0.000000e+00,0.000000e+00,0.000000e+00,0.000000e+00,0.000000e+00
1.000000e+00,0.000000e+00,0.000000e+00,0.000000e+00,0.000000e+00,0.000000e+00,0.000000e+00,0.000000e+00,0.000000e+00,0.000000e+00,0.000000e+00,0.000000e+00,0.000000e+00,0.000000e+00,0.000000e+00
1.000000e+00,0.000000e+00,0.000000e+00,0.000000e+00,0.000000e+00,0.000000e+00,0.000000e+00,0.000000e+00,0.000000e+00,0.000000e+00,0.000000e+00,0.000000e+00,0.000000e+00,0.000000e+00,0.000000e+00
1.000000e+00,0.000000e+00,0.000000e+00,0.000000e+00,0.000000e+00,0.000000e+00,0.000000e+00,0.000000e+00,0.000000e+00,0.000000e+00,0.000000e+00,0.000000e+00,0.000000e+00,0.000000e+00,0.000000e+00
1.000000e+00,0.000000e+00,0.000000e+00,0.000000e+00,0.000000e+00,0.000000e+00,0.000000e+00,0.000000e+00,0.000000e+00,0.000000e+00,0.000000e+00,0.000000e+00,0.000000e+00,0.000000e+00,0.000000e+00
1.000000e+00,0.000000e+00,0.000000e+00,0.000000e+00,0.000000e+00,0.000000e+00,0.000000e+00,0.000000e+00,0.000000e+00,0.000000e+00,0.000000e+00,0.000000e+00,0.000000e+00,0.000000e+00,0.000000e+00
1.000000e+00,0.000000e+00,0.000000e+00,0.000000e+00,0.000000e+00,0.000000e+00,0.000000e+00,0.000000e+00,0.000000e+00,0.000000e+00,0.000000e+00,0.000000e+00,0.000000e+00,0.000000e+00,0.000000e+00
1.000000e+00,0.000000e+00,0.000000e+00,0.000000e+00,0.000000e+00,0.000000e+00,0.000000e+00,0.000000e+00,0.000000e+00,0.000000e+00,0.000000e+00,0.000000e+00,0.000000e+00,0.000000e+00,0.000000e+00
1.000000e+00,0.000000e+00,0.000000e+00,0.000000e+00,0.000000e+00,0.000000e+00,0.000000e+00,0.000000e+00,0.000000e+00,0.000000e+00,0.000000e+00,0.000000e+00,0.000000e+00,0.000000e+00,0.000000e+00
1.000000e+00,0.000000e+00,0.000000e+00,0.000000e+00,0.000000e+00,0.000000e+00,0.000000e+00,0.000000e+00,0.000000e+00,0.000000e+00,0.000000e+00,0.000000e+00,0.000000e+00,0.000000e+00,0.000000e+00
1.000000e+00,0.000000e+00,0.000000e+00,0.000000e+00,0.000000e+00,0.000000e+00,0.000000e+00,0.000000e+00,0.000000e+00,0.000000e+00,0.000000e+00,0.000000e+00,0.000000e+00,0.000000e+00,0.000000e+00
1.000000e+00,0.000000e+00,0.000000e+00,0.000000e+00,0.000000e+00,0.000000e+00,0.000000e+00,0.000000e+00,0.000000e+00,0.000000e+00,0.000000e+00,0.000000e+00,0.000000e+00,0.000000e+00,0.000000e+00
1.000000e+00,0.000000e+00,0.000000e+00,0.000000e+00,0.000000e+00,0.000000e+00,0.000000e+00,0.000000e+00,0.000000e+00,0.000000e+00,0.000000e+00,0.000000e+00,0.000000e+00,0.000000e+00,0.000000e+00
1.000000e+00,0.000000e+00,0.000000e+00,0.000000e+00,0.000000e+00,0.000000e+00,0.000000e+00,0.000000e+00,0.000000e+00,0.000000e+00,0.000000e+00,0.000000e+00,0.000000e+00,0.000000e+00,0.000000e+00
1.000000e+00,0.000000e+00,0.000000e+00,0.000000e+00,0.000000e+00,0.000000e+00,0.000000e+00,0.000000e+00,0.000000e+00,0.000000e+00,0.000000e+00,0.000000e+00,0.000000e+00,0.000000e+00,0.000000e+00
1.000000e+00,0.000000e+00,0.000000e+00,0.000000e+00,0.000000e+00,0.000000e+00,0.000000e+00,0.000000e+00,0.000000e+00,0.000000e+00,0.000000e+00,0.000000e+00,0.000000e+00,0.000000e+00,0.000000e+00
1.000000e+00,0.000000e+00,0.000000e+00,0.000000e+00,0.000000e+00,0.000000e+00,0.000000e+00,0.000000e+00,0.000000e+00,0.000000e+00,0.000000e+00,0.000000e+00,0.000000e+00,0.000000e+00,0.000000e+00
1.000000e+00,0.000000e+00,0.000000e+00,0.000000e+00,0.000000e+00,0.000000e+00,0.000000e+00,0.000000e+00,0.000000e+00,0.000000e+00,0.000000e+00,0.000000e+00,0.000000e+00,0.000000e+00,0.000000e+00
1.000000e+00,0.000000e+00,0.000000e+00,0.000000e+00,0.000000e+00,0.000000e+00,0.000000e+00,0.000000e+00,0.000000e+00,0.000000e+00,0.000000e+00,0.000000e+00,0.000000e+00,0.000000e+00,0.000000e+00
4.630252e-01,2.521917e-02,2.004079e-02,1.015192e-01,5.871735e-03,7.869869e-02,5.976776e-03,1.360272e-02,3.420857e-02,4.619994e-03,1.403589e-02,4.188736e-02,1.292560e-01,5.542283e-03,5.649561e-02
3.398362e-01,3.806594e-02,3.894266e-02,2.476237e-01,4.960702e-03,5.767863e-02,4.713497e-03,1.097301e-02,3.151376e-02,6.982690e-03,1.126088e-02,3.306029e-02,9.602946e-02,4.504919e-03,7.385363e-02
2.384840e-01,3.479122e-02,3.343752e-02,4.115527e-01,3.582627e-03,4.082892e-02,3.343605e-03,7.741555e-03,2.612339e-02,7.350378e-03,8.772858e-03,2.329700e-02,6.844451e-02,3.195069e-03,8.905473e-02
1.685259e-01,4.150876e-02,3.239332e-02,3.899365e-01,2.692132e-03,3.555626e-02,2.546304e-03,5.699457e-03,2.935422e-02,6.919736e-03,1.051469e-02,1.783747e-02,1.728286e-01,2.277602e-03,8.140908e-02
1.180627e-01,2.971962e-02,2.391443e-02,2.840765e-01,1.999776e-03,2.737401e-02,1.839200e-03,4.039976e-03,2.103069e-02,4.922289e-03,7.590779e-03,1.491116e-02,4.006631e-01,1.605321e-03,5.825040e-02
8.284334e-02,2.091672e-02,1.678146e-02,2.006845e-01,1.507865e-03,2.084014e-02,1.332911e-03,2.844030e-03,1.592070e-02,3.770703e-03,5.687027e-03,1.291851e-02,5.711659e-01,1.164479e-03,4.162173e-02
5.808493e-02,1.491784e-02,1.176454e-02,1.409789e-01,2.017015e-03,2.830607e-02,1.096945e-03,2.000727e-03,1.179234e-02,3.043721e-03,1.324861e-02,2.321668e-02,6.573278e-01,1.595012e-03,3.060888e-02
4.078368e-02,1.058800e-02,8.256088e-03,9.910365e-02,1.937879e-03,2.850907e-02,8.571377e-04,1.435142e-03,1.130086e-02,3.539756e-03,4.131455e-02,4.803767e-02,6.704741e-01,9.041376e-03,2.482107e-02
2.862266e-02,7.545661e-03,5.883247e-03,7.023401e-02,2.027076e-03,2.207575e-02,6.378051e-04,1.114712e-03,1.540146e-02,1.817970e-02,1.663195e-01,7.541353e-02,5.161375e-01,3.966567e-02,3.074177e-02
2.008216e-02,5.506858e-03,4.143100e-03,4.976534e-02,2.110932e-03,1.605771e-02,4.680282e-04,7.925504e-04,1.830196e-01,3.334595e-02,1.537346e-01,5.538973e-02,3.687348e-01,8.131708e-02,2.553170e-02
1.410548e-02,4.019591e-03,2.938211e-03,3.570284e-02,2.371615e-03,1.182568e-02,3.518082e-04,5.674700e-04,2.917902e-01,4.737243e-02,1.234374e-01,4.045279e-02,2.629259e-01,1.398693e-01,2.226934e-02
9.902805e-03,2.921094e-03,2.134915e-03,2.533354e-02,2.681198e-03,8.369106e-03,2.759627e-04,4.179432e-04,2.703364e-01,3.731068e-02,8.961479e-02,3.000899e-02,1.876122e-01,3.126526e-01,2.042786e-02
7.006682e-03,2.422156e-03,1.655615e-03,1.841713e-02,2.413542e-03,6.285373e-03,2.305154e-04,3.270929e-04,2.754655e-01,2.855841e-02,6.677191e-02,2.178754e-02,1.333123e-01,3.932846e-01,4.206156e-02
5.881474e-03,2.747694e-03,2.037446e-03,1.407908e-02,2.098506e-03,6.025543e-03,2.187022e-04,2.554509e-04,2.922522e-01,2.797201e-02,6.507945e-02,1.680964e-02,9.481679e-02,4.027563e-01,6.696972e-02
5.368686e-03,2.987118e-03,2.509163e-03,1.055848e-02,1.851433e-03,9.795496e-03,1.750213e-04,2.426542e-04,2.567005e-01,3.787064e-02,1.286731e-01,1.778859e-02,7.263920e-02,3.916385e-01,6.120148e-02
5.066341e-03,3.923684e-03,3.306471e-03,7.712394e-03,2.453656e-03,8.464797e-03,1.463520e-04,2.126622e-04,2.484341e-01,3.197889e-02,1.274984e-01,1.918130e-02,5.563046e-02,4.357930e-01,5.019747e-02
3.646226e-03,4.805160e-03,4.578348e-03,5.435266e-03,2.376776e-03,7.155064e-03,1.099099e-04,1.594528e-04,1.911270e-01,2.574521e-02,1.009173e-01,1.525211e-02,4.080459e-02,5.579602e-01,3.992742e-02
2.719664e-03,4.966748e-03,5.061707e-03,3.836181e-03,2.001085e-03,7.418178e-03,8.328520e-05,1.223869e-04,1.525135e-01,2.044378e-02,7.514929e-02,1.103405e-02,2.936551e-02,6.511464e-01,3.413823e-02
2.600143e-03,6.523940e-03,5.637926e-03,2.840853e-03,1.863552e-03,2.059805e-02,8.421642e-05,1.295421e-04,1.320146e-01,1.750020e-02,5.489494e-02,7.816002e-03,2.083869e-02,6.930012e-01,3.365617e-02
4.424644e-03,6.190412e-03,1.054360e-02,5.991368e-03,2.060367e-03,4.063904e-02,7.359959e-05,5.948021e-04,1.608309e-01,1.639786e-02,5.412973e-02,8.614358e-03,2.518325e-02,6.292751e-01,3.505100e-02
5.814306e-03,8.498121e-03,2.567883e-02,1.258297e-02,3.933928e-03,6.255210e-02,2.151763e-04,3.770821e-03,1.587128e-01,1.678611e-02,7.348052e-02,1.526404e-02,3.274477e-02,5.507978e-01,2.916766e-02
1.726164e-02,1.061063e-02,2.435910e-02,1.595037e-02,1.150896e-02,4.897799e-02,5.266796e-04,8.748892e-03,2.340351e-01,2.240743e-02,7.296909e-02,1.591831e-02,2.966614e-02,4.596383e-01,2.742136e-02
4.772346e-02,9.272678e-03,2.000275e-02,1.576685e-02,3.346755e-02,3.689695e-02,5.982528e-04,1.044191e-02,2.934347e-01,2.615810e-02,5.916294e-02,1.251577e-02,2.344545e-02,3.899949e-01,2.111780e-02
5.874408e-02,1.242228e-02,1.944379e-02,7.527009e-02,3.344633e-02,2.949075e-02,5.735704e-04,9.819678e-03,3.251671e-01,3.227037e-02,5.856968e-02,1.066443e-02,2.034271e-02,2.916332e-01,2.214193e-02
5.189374e-02,1.580660e-02,1.750963e-02,8.155600e-02,2.726944e-02,2.444954e-02,5.573643e-04,9.091531e-03,3.417334e-01,2.888301e-02,8.144025e-02,1.224629e-02,5.613583e-02,2.195347e-01,3.189269e-02
6.427392e-02,1.307162e-02,1.342266e-02,6.074785e-02,5.854486e-02,1.961751e-02,1.024241e-03,1.120962e-02,3.732091e-01,2.861977e-02,7.948495e-02,1.257683e-02,5.914535e-02,1.784683e-01,2.658342e-02
4.871596e-02,1.147714e-02,1.056956e-02,5.679007e-02,6.151066e-02,1.575851e-02,1.515127e-03,1.171575e-02,4.192941e-01,2.259281e-02,7.628410e-02,1.234926e-02,9.800974e-02,1.270607e-01,2.635652e-02
4.682434e-02,1.183493e-02,8.399349e-03,5.438783e-02,5.743005e-02,1.745460e-02,1.874676e-03,1.301882e-02,4.015689e-01,1.891179e-02,7.497370e-02,1.347024e-02,1.594724e-01,9.015228e-02,3.022610e-02
4.498654e-02,1.525773e-02,7.466879e-03,6.035722e-02,4.409289e-02,1.785349e-02,1.646861e-03,1.003898e-02,3.631739e-01,2.258513e-02,7.263433e-02,2.410538e-02,1.976264e-01,6.538016e-02,5.279418e-02
3.542714e-02,3.262598e-02,6.974954e-03,5.903641e-02,3.297691e-02,1.969384e-02,1.797026e-03,9.073480e-03,4.064443e-01,2.076421e-02,6.339440e-02,2.494067e-02,1.793291e-01,4.835841e-02,5.916321e-02
2.904771e-02,4.714939e-02,5.756041e-03,5.810694e-02,2.734133e-02,1.881186e-02,1.578785e-03,7.971178e-03,4.847820e-01,2.074337e-02,5.272440e-02,2.055170e-02,1.401445e-01,3.443693e-02,5.085383e-02
3.712728e-02,5.306851e-02,6.663639e-03,5.589344e-02,3.021992e-02,2.259612e-02,2.090698e-03,2.540495e-02,5.064394e-01,2.029281e-02,3.881075e-02,1.560485e-02,1.077184e-01,2.515621e-02,5.291312e-02
4.487995e-02,7.500026e-02,5.855921e-03,5.404812e-02,3.181206e-02,2.594016e-02,2.067172e-03,2.337306e-02,5.128174e-01,1.957066e-02,2.785858e-02,1.184283e-02,8.475780e-02,1.814048e-02,6.203555e-02
3.987028e-02,9.816992e-02,5.946834e-03,5.254213e-02,3.061697e-02,2.675464e-02,1.983783e-03,1.993160e-02,5.166377e-01,1.977502e-02,2.003467e-02,8.633637e-03,6.114837e-02,1.294213e-02,8.501223e-02
3.418138e-02,1.170325e-01,1.022948e-02,1.028384e-01,2.675959e-02,2.301421e-02,1.708939e-03,1.697307e-02,4.811507e-01,2.112195e-02,1.593051e-02,6.867526e-03,4.530747e-02,9.405121e-03,8.747909e-02
3.468015e-02,1.366239e-01,9.574827e-03,8.426245e-02,2.740019e-02,3.521158e-02,1.800386e-03,1.640519e-02,4.842807e-01,1.818305e-02,1.204615e-02,5.117782e-03,3.479685e-02,6.790183e-03,9.282662e-02
3.337147e-02,1.280133e-01,1.543296e-02,1.112319e-01,3.601491e-02,4.671995e-02,2.281800e-03,4.395779e-02,4.423110e-01,1.490901e-02,9.691422e-03,3.898390e-03,2.620449e-02,5.065276e-03,8.089639e-02
5.877187e-02,1.358918e-01,1.138841e-02,8.167775e-02,6.227406e-02,7.504594e-02,2.776059e-03,7.438752e-02,3.806841e-01,1.070524e-02,7.546371e-03,3.059377e-03,2.678456e-02,4.015334e-03,6.499165e-02
6.556401e-02,1.135576e-01,1.015470e-02,8.356549e-02,8.453097e-02,7.941041e-02,3.459517e-03,1.621196e-01,2.961459e-01,8.960714e-03,7.567167e-03,3.648910e-03,2.236826e-02,3.213023e-03,5.573374e-02
5.503948e-02,8.716313e-02,1.118157e-02,9.026807e-02,6.703109e-02,7.441719e-02,2.699829e-03,1.193827e-01,3.348772e-01,1.221538e-02,1.295237e-02,6.898949e-03,4.285474e-02,2.829704e-03,8.018872e-02
5.911155e-02,6.940355e-02,8.211967e-03,6.812725e-02,6.515586e-02,1.711523e-01,2.746920e-03,9.416097e-02,3.085335e-01,9.160879e-03,1.248329e-02,8.509257e-03,5.485772e-02,2.335252e-03,6.604976e-02
7.246599e-02,5.401956e-02,6.998050e-03,5.636567e-02,8.117215e-02,1.691302e-01,2.740371e-03,7.553774e-02,2.583205e-01,7.022034e-03,1.136304e-02,9.887934e-03,1.397299e-01,2.252117e-03,5.299479e-02
7.803277e-02,4.349609e-02,5.398776e-03,4.343374e-02,7.511975e-02,1.501019e-01,2.420617e-03,5.571575e-02,2.087406e-01,5.908044e-03,9.103359e-03,1.197846e-02,2.586576e-01,2.004623e-03,4.988782e-02
8.926606e-02,3.517851e-02,5.145864e-03,3.575886e-02,9.325992e-02,1.366664e-01,2.503687e-03,4.285398e-02,1.884291e-01,4.981800e-03,7.783664e-03,1.054880e-02,3.030135e-01,2.268133e-03,4.234180e-02
8.970588e-02,2.934197e-02,5.317814e-03,3.124843e-02,8.031797e-02,1.271688e-01,2.382481e-03,3.561624e-02,1.403804e-01,3.749032e-03,7.221165e-03,9.771994e-03,4.002683e-01,2.252942e-03,3.525655e-02
9.847955e-02,2.429892e-02,4.372634e-03,2.602728e-02,6.472866e-02,1.215525e-01,1.938989e-03,2.635436e-02,1.041758e-01,2.850673e-03,8.152087e-03,1.244116e-02,4.719025e-01,2.959278e-03,2.976565e-02
1.051726e-01,2.446347e-02,5.152494e-03,2.469426e-02,5.276509e-02,9.422708e-02,2.538924e-03,2.068178e-02,8.168770e-02,3.211173e-03,9.142029e-03,2.162268e-02,5.253109e-01,2.827170e-03,2.650267e-02
1.250308e-01,2.407734e-02,7.092094e-03,2.198208e-02,4.898862e-02,7.042810e-02,3.789056e-03,2.055730e-02,6.611916e-02,4.567770e-03,1.144452e-02,2.327085e-02,5.463001e-01,2.907183e-03,2.344500e-02
9.353941e-02,2.161458e-02,2.303337e-02,1.709499e-02,4.095686e-02,5.430672e-02,4.130544e-03,1.802617e-02,5.262095e-02,9.146377e-03,1.427718e-02,2.585860e-02,5.545939e-01,4.255058e-03,6.654523e-02
6.806172e-02,1.734619e-02,1.883887e-02,1.324672e-02,3.047751e-02,4.077154e-02,4.126911e-03,1.458910e-02,4.173732e-02,9.058341e-03,1.536241e-02,2.227867e-02,5.105761e-01,3.635858e-03,1.898928e-01
4.916975e-02,1.356985e-02,1.656775e-02,1.116928e-02,2.499170e-02,3.010941e-02,5.397405e-03,1.367413e-02,3.673993e-02,8.348359e-03,1.423919e-02,2.521294e-02,5.404544e-01,2.882826e-03,2.074731e-01
3.744987e-02,9.952673e-03,1.383778e-02,8.762426e-03,2.337472e-02,2.379368e-02,5.564800e-03,1.237542e-02,3.156998e-02,6.901882e-03,1.135956e-02,4.388811e-02,5.173373e-01,2.524474e-03,2.513074e-01
2.840983e-02,7.215168e-03,1.087459e-02,6.519382e-03,2.275848e-02,1.793636e-02,6.994225e-03,1.160348e-02,2.378009e-02,5.091582e-03,8.777065e-03,4.442230e-02,5.533078e-01,1.978465e-03,2.503313e-01
2.579051e-02,5.302441e-03,8.193202e-03,5.053371e-03,3.186284e-02,1.443918e-02,8.525135e-03,8.645326e-03,2.174997e-02,3.779770e-03,7.380474e-03,4.621845e-02,6.139270e-01,1.604833e-03,1.975275e-01
2.586488e-02,4.338273e-03,7.455558e-03,3.714360e-03,1.052203e-01,1.150749e-02,1.821755e-02,1.103131e-02,2.322081e-02,2.805383e-03,5.594663e-03,4.321976e-02,5.734168e-01,1.272799e-03,1.631201e-01
3.754949e-02,3.371918e-03,7.905049e-03,3.118980e-03,1.662540e-01,1.015968e-02,3.945048e-02,1.853753e-02,2.259960e-02,2.163722e-03,5.606382e-03,4.368385e-02,5.075736e-01,1.143443e-03,1.308823e-01
3.598139e-02,2.607201e-03,5.926221e-03,2.493293e-03,1.476326e-01,1.164112e-02,2.980018e-02,1.380479e-02,2.192168e-02,1.623570e-03,5.849450e-03,3.538586e-02,5.830616e-01,2.555814e-03,9.971523e-02
3.485106e-02,2.012059e-03,4.435836e-03,2.081156e-03,1.423427e-01,9.844720e-03,2.216130e-02,1.109226e-02,2.001408e-02,1.243196e-03,6.522710e-03,2.672138e-02,6.378572e-01,3.183536e-03,7.563682e-02
6.174190e-02,3.438566e-03,3.073637e-02,2.392916e-02,1.466640e-01,1.290374e-02,1.727267e-02,1.218053e-02,2.468366e-02,2.377764e-03,6.268313e-03,2.326251e-02,5.732139e-01,2.559015e-03,5.876788e-02
7.926763e-02,4.756195e-03,2.584902e-02,2.079003e-02,1.244574e-01,1.649863e-02,1.468484e-02,9.074537e-03,2.584336e-02,1.746110e-03,5.519569e-03,2.609983e-02,5.977989e-01,2.399701e-03,4.521424e-02
9.526528e-02,5.071475e-03,1.863934e-02,1.579213e-02,1.073587e-01,3.961515e-02,2.216722e-02,6.548042e-03,1.967270e-02,1.393209e-03,4.758007e-03,2.805906e-02,5.932021e-01,2.461857e-03,3.999582e-02
9.368928e-02,5.139196e-03,1.583276e-02,1.202886e-02,2.244715e-01,7.195415e-02,3.881025e-02,5.084037e-02,1.412964e-02,1.008030e-03,3.525724e-03,2.002406e-02,4.184800e-01,1.884329e-03,2.818183e-02
7.684888e-02,4.183534e-03,1.436261e-02,8.966999e-03,2.972514e-01,9.449975e-02,9.780424e-02,6.256907e-02,9.983869e-03,8.909180e-04,2.732761e-03,1.409218e-02,2.945960e-01,1.398722e-03,1.981907e-02
5.526956e-02,2.969557e-03,1.121043e-02,6.873768e-03,4.509759e-01,6.816348e-02,1.110105e-01,4.702806e-02,7.092953e-03,4.080774e-03,2.487459e-03,9.911060e-03,2.069219e-01,1.093727e-03,1.491088e-02
4.217146e-02,2.134976e-03,1.019392e-02,5.395470e-03,5.269221e-01,4.830582e-02,1.039992e-01,3.329983e-02,5.228824e-03,4.418484e-02,2.761939e-03,7.006425e-03,1.455243e-01,1.080451e-03,2.179045e-02
2.972109e-02,1.522271e-03,7.470176e-03,4.029362e-03,3.716090e-01,3.393476e-02,9.634786e-02,2.348533e-02,3.955156e-03,2.971534e-01,4.716314e-03,5.139622e-03,1.023227e-01,1.519632e-03,1.707339e-02
2.099400e-02,1.093249e-03,5.252851e-03,2.963628e-03,2.625716e-01,2.401986e-02,7.555595e-02,1.646741e-02,2.901857e-03,4.451939e-01,9.879268e-03,3.867562e-03,7.544693e-02,2.752647e-03,5.103923e-02
1.478573e-02,8.590090e-04,3.708349e-03,2.487968e-03,1.850948e-01,1.694290e-02,5.588232e-02,1.154796e-02,2.231355e-03,4.102454e-01,2.707091e-02,3.260035e-03,6.849302e-02,3.282536e-03,1.941078e-01
1.037445e-02,6.320397e-04,2.600926e-03,1.786713e-03,1.296756e-01,1.191286e-02,3.923512e-02,8.088370e-03,1.669863e-03,2.923946e-01,2.269767e-02,2.350133e-03,5.053899e-02,2.669204e-03,4.233734e-01
7.333518e-03,5.608162e-04,1.919347e-03,1.293016e-03,9.094135e-02,9.600531e-03,2.747762e-02,5.677911e-03,1.690782e-03,2.090724e-01,1.771631e-02,1.759217e-03,3.638961e-02,2.434151e-03,5.861335e-01
5.259913e-03,5.487842e-04,1.431649e-03,9.419203e-04,6.397843e-02,7.875305e-03,1.928835e-02,3.988133e-03,1.923912e-03,1.496045e-01,1.442177e-02,1.373976e-03,2.613965e-02,3.179809e-03,7.000439e-01
4.489932e-03,3.811727e-03,1.443663e-03,7.667490e-04,4.559009e-02,7.857034e-03,1.351755e-02,2.822487e-03,5.131589e-03,1.072812e-01,1.293070e-02,1.102003e-03,1.874189e-02,9.398280e-03,7.651150e-01
4.295971e-03,1.316516e-02,1.291684e-03,6.040648e-04,3.382134e-02,6.365510e-03,9.487236e-03,1.991381e-03,1.074406e-02,7.742806e-02,1.243182e-02,8.947284e-04,1.363153e-02,1.946113e-02,7.943863e-01
3.896554e-03,1.781776e-02,4.121417e-03,1.913917e-03,2.483540e-02,8.825388e-03,6.740885e-03,1.415511e-03,5.015994e-02,6.368629e-02,1.583768e-02,2.751942e-03,1.226069e-02,3.162772e-02,7.541089e-01
3.901721e-03,3.899485e-02,9.503614e-03,4.030240e-03,1.874108e-02,7.232300e-03,4.910581e-03,1.094856e-03,1.562829e-01,6.070095e-02,1.781081e-02,3.320487e-03,1.053798e-02,6.063934e-02,6.022983e-01
5.104516e-03,3.958140e-02,8.561471e-03,4.190233e-03,1.488398e-02,6.107501e-03,3.664721e-03,8.655024e-04,1.734134e-01,8.252242e-02,2.016969e-02,4.309773e-03,9.908450e-03,1.642133e-01,4.625036e-01
4.438899e-03,3.455862e-02,6.535715e-03,3.859015e-03,1.111629e-02,5.214425e-03,2.608613e-03,6.393052e-04,2.326813e-01,7.609917e-02,2.241098e-02,3.556584e-03,8.140530e-03,2.418081e-01,3.463325e-01
3.795397e-03,2.705902e-02,4.817423e-03,4.934511e-03,1.003118e-02,4.312420e-03,1.872948e-03,7.956928e-04,2.815811e-01,1.045419e-01,4.028284e-02,3.913552e-03,9.487581e-03,2.471842e-01,2.553902e-01
3.412119e-03,2.066679e-02,3.587979e-03,5.296717e-03,7.375210e-03,3.996396e-03,1.351219e-03,8.692751e-04,3.322343e-01,1.083229e-01,6.017343e-02,8.572537e-03,1.326443e-02,2.467415e-01,1.841352e-01
3.298766e-03,1.683855e-02,2.973981e-03,6.073347e-03,6.732384e-03,6.630627e-03,1.011275e-03,1.106854e-03,4.269376e-01,9.175707e-02,6.858782e-02,8.967366e-03,1.258074e-02,2.138602e-01,1.326434e-01
3.967091e-03,1.669271e-02,1.243796e-02,1.463835e-02,6.959884e-03,7.147467e-03,8.870161e-04,1.677102e-03,5.209951e-01,7.924277e-02,6.250982e-02,7.719387e-03,1.132453e-02,1.575020e-01,9.629874e-02
7.335426e-03,2.407035e-02,2.111071e-02,2.091364e-02,1.189492e-02,1.396268e-02,7.947597e-04,3.674580e-03,5.304255e-01,6.985890e-02,5.999444e-02,6.403034e-03,9.422457e-03,1.416140e-01,7.852454e-02
1.093615e-02,4.060744e-02,2.652540e-02,2.088352e-02,1.745211e-02,4.813417e-02,9.157375e-04,6.341976e-03,4.551982e-01,6.175419e-02,5.786430e-02,5.325727e-03,9.512821e-03,1.726067e-01,6.594145e-02
9.619193e-03,4.547356e-02,9.370242e-02,6.701384e-02,1.584928e-02,3.833518e-02,1.237676e-03,9.660398e-03,4.405271e-01,4.452555e-02,4.239793e-02,4.052344e-03,7.902384e-03,1.268872e-01,5.281591e-02
1.176951e-02,7.410561e-02,1.244064e-01,5.471673e-02,1.490076e-02,3.086336e-02,1.229643e-03,4.743278e-02,3.543718e-01,3.178279e-02,3.064189e-02,2.934151e-03,6.778852e-03,1.727457e-01,4.132001e-02
1.393992e-02,7.311375e-02,1.116897e-01,4.116370e-02,1.703507e-02,2.640266e-02,1.086709e-03,2.023792e-01,2.625258e-01,2.244471e-02,2.176073e-02,2.075357e-03,5.019833e-03,1.699526e-01,2.941024e-02
1.112612e-02,5.230892e-02,8.668201e-02,2.918894e-02,1.483666e-02,1.903227e-02,9.703267e-04,4.206222e-01,1.854139e-01,1.573223e-02,1.525881e-02,1.459116e-03,3.532768e-03,1.231915e-01,2.064420e-02
9.939378e-03,3.708481e-02,6.487964e-02,2.075604e-02,1.459868e-02,1.443594e-02,9.722835e-04,5.681430e-01,1.317498e-01,1.105239e-02,1.078361e-02,1.055103e-03,2.609099e-03,9.737289e-02,1.456735e-02
8.577705e-03,2.655332e-02,4.925061e-02,1.483868e-02,1.304057e-02,1.053017e-02,1.120414e-03,6.800357e-01,9.374359e-02,7.751535e-03,7.682665e-03,7.569963e-04,1.952190e-03,7.392346e-02,1.024238e-02
8.542895e-03,1.896352e-02,3.521919e-02,1.062459e-02,1.223188e-02,7.707541e-03,9.988077e-04,7.608085e-01,6.691068e-02,5.469321e-03,5.604571e-03,5.775725e-04,1.514906e-03,5.752588e-02,7.300092e-03
9.855092e-03,1.368176e-02,2.557159e-02,7.599284e-03,9.973104e-03,5.668947e-03,9.685176e-04,8.206807e-01,4.771264e-02,3.850542e-03,4.116498e-03,4.530745e-04,1.162304e-03,4.346429e-02,5.241661e-03
1.307294e-02,1.016692e-02,1.840543e-02,5.452503e-03,7.631730e-03,4.234358e-03,8.971847e-04,8.604817e-01,3.574726e-02,2.726290e-03,3.067984e-03,4.184968e-04,8.493952e-04,3.304551e-02,3.802281e-03
2.392624e-02,8.303528e-03,1.396554e-02,4.024839e-03,6.103291e-03,3.720051e-03,1.177188e-03,8.744367e-01,2.727340e-02,1.989036e-03,2.543111e-03,4.680918e-04,6.986384e-04,2.837447e-02,2.995906e-03
5.259326e-02,7.029996e-03,1.132565e-02,3.250221e-03,5.391503e-03,3.502693e-03,1.648176e-03,8.601801e-01,2.236427e-02,1.630527e-03,2.015010e-03,5.589714e-04,5.840121e-04,2.521132e-02,2.714264e-03
1.070904e-01,6.782345e-03,9.382822e-03,3.204785e-03,4.881748e-03,4.170421e-03,4.430683e-03,8.111355e-01,2.126683e-02,1.490577e-03,1.924548e-03,9.524789e-04,7.198701e-04,1.995702e-02,2.609923e-03
1.433403e-01,5.770698e-03,8.212125e-03,3.697339e-03,4.711243e-03,5.438863e-03,5.373955e-03,7.807364e-01,1.819126e-02,1.418258e-03,2.095812e-03,1.704567e-03,9.190950e-04,1.539033e-02,2.999837e-03
1.445244e-01,4.712047e-03,6.926756e-03,4.127339e-03,4.578936e-03,5.205196e-03,4.912375e-03,7.894898e-01,1.448763e-02,1.576666e-03,2.024126e-03,2.034650e-03,9.653723e-04,1.153144e-02,2.903308e-03
2.081907e-01,5.603702e-03,7.496093e-03,4.368065e-03,4.032833e-03,5.451920e-03,3.845921e-03,7.075951e-01,1.626945e-02,2.898280e-03,5.618935e-03,7.173435e-03,2.593958e-03,1.249114e-02,6.370559e-03
2.020331e-01,5.844597e-03,6.731678e-03,2.298966e-02,3.530092e-03,5.069752e-03,2.857347e-03,5.560047e-01,2.386801e-02,1.298786e-02,3.299476e-02,3.510939e-02,5.792333e-02,2.017335e-02,1.188244e-02
1.846580e-01,8.041495e-03,7.913479e-03,1.946156e-02,3.091795e-03,6.130042e-03,3.650669e-03,4.236321e-01,4.867908e-02,1.832463e-02,3.824846e-02,6.094440e-02,4.623132e-02,8.753303e-02,4.346004e-02
2.423131e-01,7.495943e-03,6.831360e-03,1.597293e-02,3.612431e-03,8.884555e-03,4.080654e-03,3.164453e-01,3.938490e-02,1.583494e-02,4.396116e-02,1.263394e-01,3.904972e-02,9.233453e-02,3.745909e-02
1.987054e-01,6.754750e-03,5.448431e-03,1.382153e-02,2.923508e-03,1.142553e-02,3.005255e-03,2.246860e-01,3.543319e-02,1.375665e-02,1.018432e-01,2.474646e-01,3.080050e-02,7.159197e-02,3.233958e-02
1.546483e-01,5.348551e-03,4.548632e-03,1.061884e-02,3.012174e-03,1.694840e-02,2.238814e-03,1.594345e-01,2.659991e-02,1.190951e-02,1.014163e-01,3.923503e-01,2.569000e-02,6.023735e-02,2.499836e-02
1.119380e-01,3.957632e-03,3.356565e-03,8.130061e-03,4.022476e-03,1.301450e-02,1.650610e-03,1.124110e-01,1.984940e-02,9.371730e-03,9.297205e-02,5.339114e-01,2.279013e-02,4.464118e-02,1.798325e-02
7.957891e-02,3.015069e-03,2.470220e-03,5.762328e-03,3.383023e-03,9.656162e-03,1.178549e-03,7.895448e-02,1.464057e-02,6.990458e-03,1.123792e-01,6.190898e-01,1.640687e-02,3.378535e-02,1.270908e-02
5.757197e-02,2.882234e-03,1.919774e-03,4.078452e-03,3.134564e-03,8.187404e-03,8.639393e-04,5.549679e-02,1.123346e-02,5.512381e-03,1.073172e-01,6.957529e-01,1.192698e-02,2.506079e-02,9.061264e-03
4.196818e-02,4.193624e-03,1.773536e-03,2.923014e-03,3.620202e-03,7.858444e-03,7.773654e-04,3.980515e-02,1.006726e-02,4.368723e-03,1.499724e-01,6.987700e-01,9.192865e-03,1.829261e-02,6.416630e-03
3.434926e-02,6.203445e-03,1.770061e-03,2.179052e-03,3.391372e-03,6.417283e-03,6.506678e-04,2.927902e-02,1.191333e-02,3.584654e-03,1.644078e-01,7.087170e-01,8.086161e-03,1.439925e-02,4.651578e-03
2.848551e-02,1.663074e-02,2.325372e-03,1.923325e-03,3.193436e-03,5.344803e-03,5.026789e-04,2.232739e-02,1.822618e-02,2.849987e-03,1.704309e-01,7.048274e-01,7.001271e-03,1.258863e-02,3.342377e-03
2.163371e-02,2.623511e-02,2.363150e-03,1.637795e-03,3.485512e-03,4.070159e-03,4.397814e-04,1.677681e-02,3.509522e-02,2.942437e-03,1.729413e-01,6.937302e-01,5.127034e-03,1.112415e-02,2.397586e-03
1.798596e-02,4.778293e-02,6.700560e-03,2.494989e-03,4.700992e-03,4.877047e-03,5.516029e-04,1.676590e-02,6.171071e-02,4.793147e-03,1.794700e-01,6.359630e-01,3.995090e-03,1.042758e-02,1.780582e-03
1.271644e-02,3.631557e-02,5.168718e-03,1.979565e-03,3.903607e-03,3.518934e-03,3.915386e-04,1.201618e-02,9.052242e-02,3.720812e-03,3.525247e-01,4.652399e-01,2.885236e-03,7.819487e-03,1.276962e-03
9.034382e-03,2.672098e-02,3.978128e-03,1.565079e-03,3.173925e-03,2.586781e-03,2.807409e-04,8.531875e-03,1.461038e-01,3.186048e-03,4.423175e-01,3.433375e-01,2.054587e-03,6.149433e-03,9.793002e-04
6.366016e-03,1.893419e-02,2.919398e-03,1.195689e-03,2.288101e-03,1.836784e-03,1.973123e-04,5.998328e-03,2.009977e-01,2.475228e-03,5.057892e-01,2.442084e-01,1.446262e-03,4.640927e-03,7.064777e-04
4.581381e-03,1.333231e-02,2.115904e-03,9.687159e-04,1.836003e-03,1.315917e-03,1.384424e-04,4.269484e-03,2.706122e-01,1.882946e-03,5.210165e-01,1.727204e-01,1.032843e-03,3.674803e-03,5.021622e-04
3.379336e-03,9.425878e-03,1.612333e-03,7.479761e-04,1.747874e-03,9.425831e-04,9.717887e-05,3.007750e-03,2.585987e-01,1.602269e-03,5.932463e-01,1.214634e-01,7.286906e-04,3.025411e-03,3.742409e-04
2.753197e-03,7.038911e-03,2.171988e-03,6.409787e-04,2.409095e-03,8.515221e-04,7.023373e-05,2.175187e-03,2.754307e-01,1.944554e-03,6.136565e-01,8.534932e-02,5.206474e-04,4.618510e-03,3.686677e-04
2.581893e-03,5.292157e-03,2.420283e-03,7.647783e-04,2.371801e-03,7.336747e-04,5.025827e-05,1.655574e-03,3.013114e-01,1.681226e-03,6.137396e-01,5.988643e-02,3.743798e-04,6.822036e-03,3.145534e-04
3.664039e-03,3.769918e-03,1.916732e-03,6.531725e-04,2.130415e-03,8.841471e-04,3.685925e-05,1.239011e-03,2.499662e-01,1.698029e-03,6.677796e-01,4.203848e-02,2.828182e-04,2.363712e-02,3.035065e-04
4.275315e-03,2.684461e-03,1.400301e-03,4.944168e-04,1.768505e-03,7.697507e-04,2.621961e-05,9.039004e-04,2.478958e-01,1.222317e-03,6.736137e-01,2.954551e-02,2.043308e-04,3.493973e-02,2.557672e-04
6.757008e-03,2.012072e-03,1.349661e-03,4.353343e-04,1.696333e-03,2.674527e-03,2.270179e-05,1.050639e-03,2.657360e-01,9.325235e-04,5.985273e-01,2.078585e-02,1.663045e-04,9.760390e-02,2.498599e-04
1.249656e-02,1.842102e-03,1.807502e-03,8.620304e-04,2.209090e-03,5.272600e-03,5.593167e-05,2.096430e-03,2.922260e-01,8.002919e-04,5.058785e-01,1.490254e-02,2.523343e-04,1.584926e-01,8.055303e-04
2.002625e-02,1.578623e-03,1.541560e-03,9.206372e-04,2.126640e-03,6.243282e-03,5.533788e-05,2.170035e-03,3.238489e-01,6.973170e-04,4.485864e-01,1.116387e-02,4.642863e-04,1.787886e-01,1.788197e-03
2.842839e-02,1.342918e-03,2.166555e-03,1.156649e-03,2.200131e-03,6.610600e-03,6.382525e-05,6.244399e-03,2.841324e-01,6.855998e-04,4.165802e-01,8.104528e-03,5.710020e-04,2.395692e-01,2.143601e-03
3.851424e-02,1.545746e-03,1.040519e-02,6.584752e-03,5.414204e-03,8.827225e-03,3.048831e-04,1.319349e-02,2.667022e-01,7.604561e-04,3.114727e-01,5.835357e-03,6.074851e-04,3.276296e-01,2.202488e-03
4.003718e-02,1.330504e-03,8.941935e-03,5.851478e-03,6.635106e-03,9.682314e-03,3.753770e-04,1.258853e-02,2.060460e-01,6.549562e-04,2.457585e-01,4.137957e-03,5.824387e-04,4.554487e-01,1.929045e-03
4.241074e-02,1.274920e-03,1.261152e-02,9.677825e-03,1.277581e-02,9.485833e-03,7.119251e-04,1.236854e-02,1.573418e-01,7.102547e-04,1.835785e-01,2.930455e-03,5.868096e-04,5.517064e-01,1.828682e-03
4.053519e-02,1.168842e-03,5.713139e-02,1.779316e-02,1.327206e-02,8.186420e-03,5.802038e-04,1.741678e-02,1.216754e-01,8.211131e-04,1.302148e-01,2.080038e-03,4.534684e-04,5.867473e-01,1.923841e-03
3.787582e-02,1.227063e-03,6.841901e-02,2.146573e-02,1.336754e-02,6.061948e-03,4.852568e-04,1.668988e-02,9.536307e-02,7.053045e-04,9.244397e-02,1.472188e-03,3.522548e-04,6.424848e-01,1.586151e-03
4.904680e-02,1.372618e-03,1.322785e-01,6.982199e-02,2.501075e-02,5.367948e-03,5.832138e-04,2.769512e-02,9.584381e-02,9.087533e-04,6.699879e-02,1.114661e-03,3.269532e-04,5.215603e-01,2.069874e-03
5.686466e-02,1.896122e-03,2.193404e-01,8.531593e-02,2.384555e-02,6.146576e-03,6.142976e-04,2.460431e-02,9.979876e-02,2.057737e-03,4.940255e-02,9.284590e-04,3.225639e-04,4.221475e-01,6.714649e-03
7.552965e-02,4.250538e-03,3.279681e-01,7.268779e-02,2.013354e-02,7.535663e-03,8.727516e-04,2.216888e-02,1.021007e-01,3.436417e-03,3.555056e-02,9.819767e-04,4.075007e-04,3.121312e-01,1.424482e-02
9.815376e-02,5.891789e-03,3.852502e-01,6.940062e-02,1.883423e-02,1.263369e-02,1.340191e-03,2.666666e-02,9.916193e-02,5.269639e-03,2.577411e-02,1.232249e-03,5.863439e-04,2.268444e-01,2.296026e-02
1.148569e-01,1.257701e-02,4.082559e-01,7.946073e-02,1.601439e-02,1.832800e-02,1.604117e-03,2.457468e-02,1.015191e-01,6.276241e-03,1.884635e-02,1.579034e-03,6.951233e-04,1.640808e-01,3.133165e-02
1.876194e-01,1.681397e-02,4.252999e-01,6.736244e-02,1.326614e-02,1.861518e-02,2.037820e-03,1.955314e-02,7.804637e-02,5.098181e-03,1.506444e-02,2.573076e-03,1.037144e-03,1.185305e-01,2.908230e-02
1.720605e-01,6.203779e-02,4.560757e-01,6.008646e-02,1.247343e-02,2.225808e-02,2.702971e-03,1.528392e-02,5.742994e-02,6.087914e-03,1.134187e-02,2.971419e-03,1.289768e-03,8.467500e-02,3.322525e-02
1.462159e-01,9.925464e-02,4.628742e-01,4.772021e-02,9.577273e-03,1.716440e-02,2.041626e-03,1.100915e-02,4.381908e-02,5.824141e-02,9.063851e-03,2.454543e-03,1.343327e-03,6.094141e-02,2.827894e-02
1.028341e-01,1.019947e-01,5.372972e-01,3.754083e-02,6.875508e-03,1.275035e-02,1.452329e-03,8.187322e-03,3.464622e-02,4.385716e-02,3.705645e-02,3.664266e-03,1.472028e-03,4.778362e-02,2.258791e-02
7.282339e-02,8.223346e-02,4.007050e-01,2.764403e-02,4.838841e-03,1.024736e-02,1.044135e-03,5.917077e-03,2.691439e-02,4.120994e-02,2.299400e-01,4.726321e-03,1.511914e-03,7.195075e-02,1.829335e-02
5.123442e-02,5.943355e-02,2.830727e-01,1.968954e-02,3.423185e-03,7.828327e-03,7.345558e-04,4.194900e-03,1.926859e-02,2.912710e-02,4.375924e-01,5.047483e-03,1.098956e-03,6.510193e-02,1.315233e-02
3.596855e-02,4.238427e-02,1.992616e-01,1.399998e-02,2.447713e-03,6.854156e-03,5.283165e-04,2.974174e-03,1.367097e-02,2.057291e-02,5.730262e-01,7.071213e-03,8.084498e-04,7.113433e-02,9.297101e-03
2.563773e-02,3.043102e-02,1.396466e-01,1.026888e-02,1.019420e-02,7.752007e-03,8.674331e-04,2.736804e-03,9.725195e-03,1.469670e-02,5.967666e-01,8.564009e-03,1.034804e-03,1.348745e-01,6.803521e-03
1.833391e-02,2.167069e-02,9.784754e-02,7.588105e-03,1.317467e-02,6.305251e-03,6.715290e-04,2.103489e-03,6.941018e-03,1.042511e-02,5.956002e-01,1.419971e-02,1.153644e-03,1.991170e-01,4.868032e-03
