1.000000e+00,0.000000e+00,0.000000e+00,0.000000e+00,0.000000e+00,0.000000e+00,0.000000e+00,0.000000e+00,0.000000e+00,0.000000e+00,0.000000e+00,0.000000e+00,0.000000e+00,0.000000e+00,0.000000e+00
1.000000e+00,0.000000e+00,0.000000e+00,0.000000e+00,0.000000e+00,0.000000e+00,0.000000e+00,0.000000e+00,0.000000e+00,0.000000e+00,0.000000e+00,0.000000e+00,0.000000e+00,0.000000e+00,0.000000e+00
1.000000e+00,0.000000e+00,0.000000e+00,0.000000e+00,0.000000e+00,0.000000e+00,0.000000e+00,0.000000e+00,0.000000e+00,0.000000e+00,0.000000e+00,0.000000e+00,0.000000e+00,0.000000e+00,0.000000e+00
1.000000e+00,0.000000e+00,0.000000e+00,0.000000e+00,0.000000e+00,0.000000e+00,0.000000e+00,0.000000e+00,0.000000e+00,0.000000e+00,0.000000e+00,0.000000e+00,0.000000e+00,0.000000e+00,0.000000e+00
1.000000e+00,0.000000e+00,0.000000e+00,0.000000e+00,0.000000e+00,0.000000e+00,0.000000e+00,0.000000e+00,0.000000e+00,0.000000e+00,0.000000e+00,0.000000e+00,0.000000e+00,0.000000e+00,0.000000e+00
1.000000e+00,0.000000e+00,0.000000e+00,0.000000e+00,0.000000e+00,0.000000e+00,0.000000e+00,0.000000e+00,0.000000e+00,0.000000e+00,0.000000e+00,0.000000e+00,0.000000e+00,0.000000e+00,0.000000e+00
1.000000e+00,0.000000e+00,0.000000e+00,0.000000e+00,0.000000e+00,0.000000e+00,0.000000e+00,0.000000e+00,0.000000e+00,0.000000e+00,0.000000e+00,0.000000e+00,0.000000e+00,0.000000e+00,0.000000e+00
1.000000e+00,0.000000e+00,0.000000e+00,0.000000e+00,0.000000e+00,0.000000e+00,0.000000e+00,0.000000e+00,0.000000e+00,0.000000e+00,0.000000e+00,0.000000e+00,0.000000e+00,0.000000e+00,0.000000e+00
1.000000e+00,0.000000e+00,0.000000e+00,0.000000e+00,0.000000e+00,0.000000e+00,0.000000e+00,0.000000e+00,0.000000e+00,0.000000e+00,0.000000e+00,0.000000e+00,0.000000e+00,0.000000e+00,0.000000e+00
1.000000e+00,0.000000e+00,0.000000e+00,0.000000e+00,0.000000e+00,0.000000e+00,0.000000e+00,0.000000e+00,0.000000e+00,0.000000e+00,0.000000e+00,0.000000e+00,0.000000e+00,0.000000e+00,0.000000e+00
1.000000e+00,0.000000e+00,0.000000e+00,0.000000e+00,0.000000e+00,0.000000e+00,0.000000e+00,0.000000e+00,0.000000e+00,0.000000e+00,0.000000e+00,0.000000e+00,0.000000e+00,0.000000e+00,0.000000e+00
1.000000e+00,0.000000e+00,0.000000e+00,0.000000e+00,0.000000e+00,0.000000e+00,0.000000e+00,0.000000e+00,0.000000e+00,0.000000e+00,0.000000e+00,0.000000e+00,0.000000e+00,0.000000e+00,0.000000e+00
1.000000e+00,0.000000e+00,0.000000e+00,0.000000e+00,0.000000e+00,0.000000e+00,0.000000e+00,0.000000e+00,0.000000e+00,0.000000e+00,0.000000e+00,0.000000e+00,0.000000e+00,0.000000e+00,0.000000e+00
1.000000e+00,0.000000e+00,0.000000e+00,0.000000e+00,0.000000e+00,0.000000e+00,0.000000e+00,0.000000e+00,0.000000e+00,0.000000e+00,0.000000e+00,0.000000e+00,0.000000e+00,0.000000e+00,0.000000e+00
1.000000e+00,0.000000e+00,0.000000e+00,0.000000e+00,0.000000e+00,0.000000e+00,0.000000e+00,0.000000e+00,0.000000e+00,0.000000e+00,0.000000e+00,0.000000e+00,0.000000e+00,0.000000e+00,0.000000e+00
1.000000e+00,0.000000e+00,0.000000e+00,0.000000e+00,0.000000e+00,0.000000e+00,0.000000e+00,0.000000e+00,0.000000e+00,0.000000e+00,0.000000e+00,0.000000e+00,0.000000e+00,0.000000e+00,0.000000e+00
1.000000e+00,0.000000e+00,0.000000e+00,0.000000e+00,0.000000e+00,0.000000e+00,0.000000e+00,0.000000e+00,0.000000e+00,0.000000e+00,0.000000e+00,0.000000e+00,0.000000e+00,0.000000e+00,0.000000e+00
1.000000e+00,0.000000e+00,0.000000e+00,0.000000e+00,0.000000e+00,0.000000e+00,0.000000e+00,0.000000e+00,0.000000e+00,0.000000e+00,0.000000e+00,0.000000e+00,0.000000e+00,0.000000e+00,0.000000e+00
1.000000e+00,0.000000e+00,0.000000e+00,0.000000e+00,0.000000e+00,0.000000e+00,0.000000e+00,0.000000e+00,0.000000e+00,0.000000e+00,0.000000e+00,0.000000e+00,0.000000e+00,0.000000e+00,0.000000e+00
1.000000e+00,0.000000e+00,0.000000e+00,0.000000e+00,0.000000e+00,0.000000e+00,0.000000e+00,0.000000e+00,0.000000e+00,0.000000e+00,0.000000e+00,0.000000e+00,0.000000e+00,0.000000e+00,0.000000e+00
1.000000e+00,0.000000e+00,0.000000e+00,0.000000e+00,0.000000e+00,0.000000e+00,0.000000e+00,0.000000e+00,0.000000e+00,0.000000e+00,0.000000e+00,0.000000e+00,0.000000e+00,0.000000e+00,0.000000e+00
1.000000e+00,0.000000e+00,0.000000e+00,0.000000e+00,0.000000e+00,0.000000e+00,0.000000e+00,0.000000e+00,0.000000e+00,0.000000e+00,0.000000e+00,0.000000e+00,0.000000e+00,0.000000e+00,0.000000e+00
1.000000e+00,0.000000e+00,0.000000e+00,0.000000e+00,0.000000e+00,0.000000e+00,0.000000e+00,0.000000e+00,0.000000e+00,0.000000e+00,0.000000e+00,0.000000e+00,0.000000e+00,0.000000e+00,0.000000e+00
1.000000e+00,0.000000e+00,0.000000e+00,0.000000e+00,0.000000e+00,0.000000e+00,0.000000e+00,0.000000e+00,0.000000e+00,0.000000e+00,0.000000e+00,0.000000e+00,0.000000e+00,0.000000e+00,0.000000e+00
1.000000e+00,0.000000e+00,0.000000e+00,0.000000e+00,0.000000e+00,0.000000e+00,0.000000e+00,0.000000e+00,0.000000e+00,0.000000e+00,0.000000e+00,0.000000e+00,0.000000e+00,0.000000e+00,0.000000e+00
1.000000e+00,0.000000e+00,0.000000e+00,0.000000e+00,0.000000e+00,0.000000e+00,0.000000e+00,0.000000e+00,0.000000e+00,0.000000e+00,0.000000e+00,0.000000e+00,0.000000e+00,0.000000e+00,0.000000e+00
1.000000e+00,0.000000e+00,0.000000e+00,0.000000e+00,0.000000e+00,0.000000e+00,0.000000e+00,0.000000e+00,0.000000e+00,0.000000e+00,0.000000e+00,0.000000e+00,0.000000e+00,0.000000e+00,0.000000e+00
1.000000e+00,0.000000e+00,0.000000e+00,0.000000e+00,0.000000e+00,0.000000e+00,0.000000e+00,0.000000e+00,0.000000e+00,0.000000e+00,0.000000e+00,0.000000e+00,0.000000e+00,0.000000e+00,0.000000e+00
1.000000e+00,0.000000e+00,0.000000e+00,0.000000e+00,0.000000e+00,0.000000e+00,0.000000e+00,0.000000e+00,0.000000e+00,0.000000e+00,0.000000e+00,0.000000e+00,0.000000e+00,0.000000e+00,0.000000e+00
1.000000e+00,0.000000e+00,0.000000e+00,0.000000e+00,0.000000e+00,0.000000e+00,0.000000e+00,0.000000e+00,0.000000e+00,0.000000e+00,0.000000e+00,0.000000e+00,0.000000e+00,0.000000e+00,0.000000e+00
1.000000e+00,0.000000e+00,0.000000e+00,0.000000e+00,0.000000e+00,0.000000e+00,0.000000e+00,0.000000e+00,0.000000e+00,0.000000e+00,0.000000e+00,0.000000e+00,0.000000e+00,0.000000e+00,0.000000e+00
1.000000e+00,0.000000e+00,0.000000e+00,0.000000e+00,0.000000e+00,0.000000e+00,0.000000e+00,0.000000e+00,0.000000e+00,0.000000e+00,0.000000e+00,0.000000e+00,0.000000e+00,0.000000e+00,0.000000e+00
1.000000e+00,0.000000e+00,0.000000e+00,0.000000e+00,0.000000e+00,0.000000e+00,0.000000e+00,0.000000e+00,0.000000e+00,0.000000e+00,0.000000e+00,0.000000e+00,0.000000e+00,0.000000e+00,0.000000e+00
1.000000e+00,0.000000e+00,0.000000e+00,0.000000e+00,0.000000e+00,0.000000e+00,0.000000e+00,0.000000e+00,0.000000e+00,0.000000e+00,0.000000e+00,0.000000e+00,0.000000e+00,0.000000e+00,0.000000e+00
1.000000e+00,0.000000e+00,0.000000e+00,0.000000e+00,0.000000e+00,0.000000e+00,0.000000e+00,0.000000e+00,0.000000e+00,0.000000e+00,0.000000e+00,0.000000e+00,0.000000e+00,0.000000e+00,0.000000e+00
1.000000e+00,0.000000e+00,0.000000e+00,0.000000e+00,0.000000e+00,0.000000e+00,0.000000e+00,0.000000e+00,0.000000e+00,0.000000e+00,0.000000e+00,0.000000e+00,0.000000e+00,0.000000e+00,0.000000e+00
1.000000e+00,0.000000e+00,0.000000e+00,0.000000e+00,0.000000e+00,0.000000e+00,0.000000e+00,0.000000e+00,0.000000e+00,0.000000e+00,0.000000e+00,0.000000e+00,0.000000e+00,0.000000e+00,0.000000e+00
1.000000e+00,0.000000e+00,0.000000e+00,0.000000e+00,0.000000e+00,0.000000e+00,0.000000e+00,0.000000e+00,0.000000e+00,0.000000e+00,0.000000e+00,0.000000e+00,0.000000e+00,0.000000e+00,0.000000e+00
1.000000e+00,0.000000e+00,0.000000e+00,0.000000e+00,0.000000e+00,0.000000e+00,0.000000e+00,0.000000e+00,0.000000e+00,0.000000e+00,0.000000e+00,0.000000e+00,0.000000e+00,0.000000e+00,0.000000e+00
1.000000e+00,0.000000e+00,0.000000e+00,0.000000e+00,0.000000e+00,0.000000e+00,0.000000e+00,0.000000e+00,0.000000e+00,0.000000e+00,0.000000e+00,0.000000e+00,0.000000e+00,0.000000e+00,0.000000e+00
1.000000e+00,0.000000e+00,0.000000e+00,0.000000e+00,0.000000e+00,0.000000e+00,0.000000e+00,0.000000e+00,0.000000e+00,0.000000e+00,0.000000e+00,0.000000e+00,0.000000e+00,0.000000e+00,0.000000e+00
1.000000e+00,0.000000e+00,0.000000e+00,0.000000e+00,0.000000e+00,0.000000e+00,0.000000e+00,0.000000e+00,0.000000e+00,0.000000e+00,0.000000e+00,0.000000e+00,0.000000e+00,0.000000e+00,0.000000e+00
1.000000e+00,0.000000e+00,0.000000e+00,0.000000e+00,0.000000e+00,0.000000e+00,0.000000e+00,0.000000e+00,0.000000e+00,0.000000e+00,0.000000e+00,0.000000e+00,0.000000e+00,0.000000e+00,0.000000e+00
1.000000e+00,0.000000e+00,0.000000e+00,0.000000e+00,0.000000e+00,0.000000e+00,0.000000e+00,0.000000e+00,0.000000e+00,0.000000e+00,0.000000e+00,0.000000e+00,0.000000e+00,0.000000e+00,0.000000e+00
1.000000e+00,0.000000e+00,0.000000e+00,0.000000e+00,0.000000e+00,0.000000e+00,0.000000e+00,0.000000e+00,0.000000e+00,0.000000e+00,0.000000e+00,0.000000e+00,0.000000e+00,0.000000e+00,0.000000e+00
1.000000e+00,0.000000e+00,0.000000e+00,0.000000e+00,0.000000e+00,0.000000e+00,0.000000e+00,0.000000e+00,0.000000e+00,0.000000e+00,0.000000e+00,0.000000e+00,0.000000e+00,0.000000e+00,0.000000e+00
1.000000e+00,0.000000e+00,0.000000e+00,0.000000e+00,0.000000e+00,0.000000e+00,0.000000e+00,0.000000e+00,0.000000e+00,0.000000e+00,0.000000e+00,0.000000e+00,0.000000e+00,0.000000e+00,0.000000e+00
1.000000e+00,0.000000e+00,0.000000e+00,0.000000e+00,0.000000e+00,0.000000e+00,0.000000e+00,0.000000e+00,0.000000e+00,0.000000e+00,0.000000e+00,0.000000e+00,0.000000e+00,0.000000e+00,0.000000e+00
1.000000e+00,0.000000e+00,0.000000e+00,0.000000e+00,0.000000e+00,0.000000e+00,0.000000e+00,0.000000e+00,0.000000e+00,0.000000e+00,0.000000e+00,0.000000e+00,0.000000e+00,0.000000e+00,0.000000e+00
1.000000e+00,0.000000e+00,0.000000e+00,0.000000e+00,0.000000e+00,0.000000e+00,0.000000e+00,0.000000e+00,0.000000e+00,0.000000e+00,0.000000e+00,0.000000e+00,0.000000e+00,0.000000e+00,0.000000e+00
1.000000e+00,0.000000e+00,0.000000e+00,0.000000e+00,0.000000e+00,0.000000e+00,0.000000e+00,0.000000e+00,0.000000e+00,0.000000e+00,0.000000e+00,0.000000e+00,0.000000e+00,0.000000e+00,0.000000e+00
1.000000e+00,0.000000e+00,0.000000e+00,0.000000e+00,0.000000e+00,0.000000e+00,0.000000e+00,0.000000e+00,0.000000e+00,0.000000e+00,0.000000e+00,0.000000e+00,0.000000e+00,0.000000e+00,0.000000e+00
1.000000e+00,0.000000e+00,0.000000e+00,0.000000e+00,0.000000e+00,0.000000e+00,0.000000e+00,0.000000e+00,0.000000e+00,0.000000e+00,0.000000e+00,0.000000e+00,0.000000e+00,0.000000e+00,0.000000e+00
1.000000e+00,0.000000e+00,0.000000e+00,0.000000e+00,0.000000e+00,0.000000e+00,0.000000e+00,0.000000e+00,0.000000e+00,0.000000e+00,0.000000e+00,0.000000e+00,0.000000e+00,0.000000e+00,0.000000e+00
1.000000e+00,0.000000e+00,0.000000e+00,0.000000e+00,0.000000e+00,0.000000e+00,0.000000e+00,0.000000e+00,0.000000e+00,0.000000e+00,0.000000e+00,0.000000e+00,0.000000e+00,0.000000e+00,0.000000e+00
1.000000e+00,0.000000e+00,0.000000e+00,0.000000e+00,0.000000e+00,0.000000e+00,0.000000e+00,0.000000e+00,0.000000e+00,0.000000e+00,0.000000e+00,0.000000e+00,0.000000e+00,0.000000e+00,0.000000e+00
1.000000e+00,0.000000e+00,0.000000e+00,0.000000e+00,0.000000e+00,0.000000e+00,0.000000e+00,0.000000e+00,0.000000e+00,0.000000e+00,0.000000e+00,0.000000e+00,0.000000e+00,0.000000e+00,0.000000e+00
1.000000e+00,0.000000e+00,0.000000e+00,0.000000e+00,0.000000e+00,0.000000e+00,0.000000e+00,0.000000e+00,0.000000e+00,0.000000e+00,0.000000e+00,0.000000e+00,0.000000e+00,0.000000e+00,0.000000e+00
1.000000e+00,0.000000e+00,0.000000e+00,0.000000e+00,0.000000e+00,0.000000e+00,0.000000e+00,0.000000e+00,0.000000e+00,0.000000e+00,0.000000e+00,0.000000e+00,0.000000e+00,0.000000e+00,0.000000e+00
4.955800e-01,3.215847e-02,3.597897e-02,2.205958e-01,3.492531e-03,1.643078e-02,2.591253e-03,5.945295e-03,1.892956e-02,8.529376e-03,5.766378e-02,1.903722e-02,2.399667e-02,4.100315e-03,5.496990e-02
4.004744e-01,2.951705e-02,3.065323e-02,2.642418e-01,3.118733e-03,1.343941e-02,2.170035e-03,5.880119e-03,5.924536e-02,9.997042e-03,6.072018e-02,1.780734e-02,2.534341e-02,4.163072e-03,7.322884e-02
2.951834e-01,2.705470e-02,3.293544e-02,2.735644e-01,2.557485e-03,9.991138e-03,1.634880e-03,5.332147e-03,1.116000e-01,1.784515e-02,6.852145e-02,1.460649e-02,2.789918e-02,4.155828e-03,1.071182e-01
2.423870e-01,2.961382e-02,3.775571e-02,2.149992e-01,2.118040e-03,8.431812e-03,1.232245e-03,4.018765e-03,1.340289e-01,2.413364e-02,5.141078e-02,1.156663e-02,2.094964e-02,9.060215e-03,2.082936e-01
2.638096e-01,3.787512e-02,3.424312e-02,1.941483e-01,2.355018e-03,8.265081e-03,1.084001e-03,5.329536e-03,1.092324e-01,2.176074e-02,4.435007e-02,1.146930e-02,3.268479e-02,7.766870e-03,2.256261e-01
1.980948e-01,3.997702e-02,2.581270e-02,1.712980e-01,1.989620e-03,8.833501e-03,9.376653e-04,4.821165e-03,8.592429e-02,1.635899e-02,3.258572e-02,9.992766e-03,1.979876e-01,5.880113e-03,1.995061e-01
1.419525e-01,2.871090e-02,1.887603e-02,1.268397e-01,1.525683e-03,7.379242e-03,7.358688e-04,3.457360e-03,6.367428e-02,1.147409e-02,2.297423e-02,7.943684e-03,4.169582e-01,4.145927e-03,1.433523e-01
9.985106e-02,2.032807e-02,1.368992e-02,9.081287e-02,1.399789e-03,5.375413e-03,6.762075e-04,2.472487e-03,4.555305e-02,8.043816e-03,1.618840e-02,6.113906e-03,5.833104e-01,2.908668e-03,1.032760e-01
7.004572e-02,1.430738e-02,9.667393e-03,6.381976e-02,1.744653e-03,4.207158e-03,6.153664e-04,1.818245e-03,3.204664e-02,5.643639e-03,1.145679e-02,7.741260e-03,7.004328e-01,2.043884e-03,7.440932e-02
4.908410e-02,1.003543e-02,6.803361e-03,4.474233e-02,1.390725e-03,3.073807e-03,4.753575e-04,1.309473e-03,2.247013e-02,3.955050e-03,8.070287e-03,8.833119e-03,7.840679e-01,1.438397e-03,5.425062e-02
3.452774e-02,7.097590e-03,5.009991e-03,3.133579e-02,2.235638e-03,2.628183e-03,6.426431e-04,1.059717e-03,1.599146e-02,2.790353e-03,6.075057e-03,1.610887e-02,8.314456e-01,1.089040e-03,4.196234e-02
2.464112e-02,5.065225e-03,3.870424e-03,2.199380e-02,2.722691e-03,4.963573e-03,7.250904e-04,1.352362e-03,1.163294e-02,2.268742e-03,5.494956e-03,2.498808e-02,8.412747e-01,1.206880e-03,4.779939e-02
1.782236e-02,3.773377e-03,1.044410e-02,1.558802e-02,4.914742e-03,1.071202e-02,3.168383e-03,3.209090e-02,9.189761e-03,2.740311e-03,6.983721e-03,2.252880e-02,8.096039e-01,1.259369e-03,4.918024e-02
2.127745e-02,4.511576e-03,2.880917e-02,1.225615e-02,1.169563e-02,2.524448e-02,2.996468e-03,5.027699e-02,1.435958e-02,3.084485e-03,6.032070e-03,1.864916e-02,7.487916e-01,2.025922e-03,4.998922e-02
2.680648e-02,6.539376e-03,4.214260e-02,9.283544e-03,2.365922e-02,2.326990e-02,3.400546e-03,4.811374e-02,3.234661e-02,3.439536e-03,4.893897e-03,1.371221e-02,7.130482e-01,1.938753e-03,4.740540e-02
2.214030e-02,5.495441e-02,3.933342e-02,7.323889e-03,1.966905e-02,3.150427e-02,2.530508e-03,3.523791e-02,1.795232e-01,5.721939e-03,4.330640e-03,9.989457e-03,5.333075e-01,1.525353e-03,5.290815e-02
1.648454e-02,8.899839e-02,3.114223e-02,6.871079e-03,1.413341e-02,3.246258e-02,1.813090e-03,2.508391e-02,2.731863e-01,3.203715e-02,4.846490e-03,7.402701e-03,3.765598e-01,1.176431e-03,8.780199e-02
1.392377e-02,8.590890e-02,2.401995e-02,1.003575e-02,1.397515e-02,4.404061e-02,1.601419e-03,2.160457e-02,4.024286e-01,2.771547e-02,5.267452e-03,5.574939e-03,2.726093e-01,8.777272e-04,7.041639e-02
1.226194e-02,8.856447e-02,2.077903e-02,3.151714e-02,1.087482e-02,3.448929e-02,1.259408e-03,1.710823e-02,4.724683e-01,2.795571e-02,4.697931e-03,4.341658e-03,1.955926e-01,6.540573e-04,7.743553e-02
1.626550e-02,7.784437e-02,1.769838e-02,2.497044e-02,1.121075e-02,3.596231e-02,1.305133e-03,1.353343e-02,4.300801e-01,3.045646e-02,5.022646e-03,3.451757e-03,1.454333e-01,8.576619e-04,1.859079e-01
1.291501e-02,6.236977e-02,1.327036e-02,2.020647e-02,7.964666e-03,2.576777e-02,9.296257e-04,1.003359e-02,5.383602e-01,2.605091e-02,4.961259e-03,2.597650e-03,1.030121e-01,1.200625e-03,1.703601e-01
4.040104e-02,5.127986e-02,1.095355e-02,1.724760e-02,8.795937e-03,2.416787e-02,8.320736e-04,1.485163e-02,4.676135e-01,2.335254e-02,1.037942e-02,2.844333e-03,7.682764e-02,1.558444e-02,2.348687e-01
5.390311e-02,4.047187e-02,8.666500e-03,1.376335e-02,7.269084e-03,1.908528e-02,7.548050e-04,1.260686e-02,4.023560e-01,2.667390e-02,1.181502e-02,3.086581e-03,5.838337e-02,2.130240e-02,3.198619e-01
4.292722e-02,2.955322e-02,7.211376e-03,1.044262e-02,5.330509e-03,1.390231e-02,5.911237e-04,9.137201e-03,3.037623e-01,8.382498e-02,9.427570e-03,2.488260e-03,4.173136e-02,4.035952e-02,3.993105e-01
5.568991e-02,2.525531e-02,9.716447e-03,1.301558e-02,7.701961e-03,1.198744e-02,8.576249e-04,1.160154e-02,2.538309e-01,6.808415e-02,1.457619e-02,2.521755e-03,3.576580e-02,3.626784e-02,4.531277e-01
7.757211e-02,2.457315e-02,3.925013e-02,5.887848e-02,7.804408e-03,1.017769e-02,8.609549e-04,9.177097e-03,2.262758e-01,5.430375e-02,1.247132e-02,2.766986e-03,2.728637e-02,3.065628e-02,4.179455e-01
9.306718e-02,2.275070e-02,4.454754e-02,5.302393e-02,6.506306e-03,1.108485e-02,1.153063e-03,6.805276e-03,1.939953e-01,4.265448e-02,1.174876e-02,4.466645e-03,2.212342e-02,3.956557e-02,4.465070e-01
1.416334e-01,2.031521e-02,3.670363e-02,4.741471e-02,8.352902e-03,1.156074e-02,1.353142e-03,5.878525e-03,1.604534e-01,3.924219e-02,1.261131e-02,5.429391e-03,1.974424e-02,4.102394e-02,4.482833e-01
2.103056e-01,2.334254e-02,3.921662e-02,4.538136e-02,1.172301e-02,1.572630e-02,2.453683e-03,8.495755e-03,1.294653e-01,2.926033e-02,2.034665e-02,9.756135e-03,2.449110e-02,3.715050e-02,3.928851e-01
2.991089e-01,2.362977e-02,3.251831e-02,4.355164e-02,1.625647e-02,1.662499e-02,2.641116e-03,7.694520e-03,1.041059e-01,2.237308e-02,2.147828e-02,1.389263e-02,2.610109e-02,3.871108e-02,3.313122e-01
3.963747e-01,2.092796e-02,3.028327e-02,4.155534e-02,1.739891e-02,1.584484e-02,4.330056e-03,4.720519e-02,8.392335e-02,1.774182e-02,1.787429e-02,1.246449e-02,2.133608e-02,3.016979e-02,2.425699e-01
3.384850e-01,1.834714e-02,3.023026e-02,3.464536e-02,1.660435e-02,1.278313e-02,3.716432e-03,2.308426e-01,6.715758e-02,1.335904e-02,1.365299e-02,9.213857e-03,1.565620e-02,2.253111e-02,1.727749e-01
2.640105e-01,1.453067e-02,2.300019e-02,2.632297e-02,1.573156e-02,1.022457e-02,2.994055e-03,4.175502e-01,4.994260e-02,9.533677e-03,1.039916e-02,6.754754e-03,1.137194e-02,1.604138e-02,1.215918e-01
1.919253e-01,1.050712e-02,1.703623e-02,1.959227e-02,1.351766e-02,7.770531e-03,2.421988e-03,5.774968e-01,3.582784e-02,6.736698e-03,7.584939e-03,4.827261e-03,8.188307e-03,1.132456e-02,8.524252e-02
1.383435e-01,7.531709e-03,1.228654e-02,1.419616e-02,1.099335e-02,6.079381e-03,1.779028e-03,6.959118e-01,2.555050e-02,4.761418e-03,5.412933e-03,3.438484e-03,5.923598e-03,7.996202e-03,5.979548e-02
9.906564e-02,5.303264e-03,8.887733e-03,1.018522e-02,8.245796e-03,4.911445e-03,1.330571e-03,7.826127e-01,1.804128e-02,3.356665e-03,3.843261e-03,2.451330e-03,4.195685e-03,5.667624e-03,4.190190e-02
7.085038e-02,3.727188e-03,6.281732e-03,7.195159e-03,5.884916e-03,3.744883e-03,9.683588e-04,8.455727e-01,1.267077e-02,2.354692e-03,2.711610e-03,1.734614e-03,2.965542e-03,3.989150e-03,2.934841e-02
5.182112e-02,2.621868e-03,4.463939e-03,5.137841e-03,4.306414e-03,2.781336e-03,7.496594e-04,8.889477e-01,8.907266e-03,1.652041e-03,1.918315e-03,1.225914e-03,2.100522e-03,2.809057e-03,2.055700e-02
3.875050e-02,1.855592e-03,3.231234e-03,3.661841e-03,3.183993e-03,2.234391e-03,8.399461e-04,9.185537e-01,6.349375e-03,1.160196e-03,1.368149e-03,8.908491e-04,1.514290e-03,1.988090e-03,1.441782e-02
2.902264e-02,1.322708e-03,2.329495e-03,2.608515e-03,2.347801e-03,1.682467e-03,8.003471e-04,9.402893e-01,4.500710e-03,8.158822e-04,9.956860e-04,6.665038e-04,1.089637e-03,1.409618e-03,1.011875e-02
3.607370e-02,1.011116e-03,3.687131e-03,2.763461e-03,3.217303e-03,2.276108e-03,2.289583e-03,9.339209e-01,3.317734e-03,6.046126e-04,8.625945e-04,7.173993e-04,9.855509e-04,1.055937e-03,7.216886e-03
4.467778e-02,8.060086e-04,3.522659e-03,3.216134e-03,4.296272e-03,2.609216e-03,3.065116e-03,9.253749e-01,2.951663e-03,5.709255e-04,9.669563e-04,9.136513e-04,9.636934e-04,8.069652e-04,5.257979e-03
5.233199e-02,6.638729e-04,3.651147e-03,3.477305e-03,7.030821e-03,2.786979e-03,4.575066e-03,9.145342e-01,2.661202e-03,6.266220e-04,9.812765e-04,1.060529e-03,1.010896e-03,6.118129e-04,3.996219e-03
5.506550e-02,5.663531e-04,4.548507e-03,4.067326e-03,6.341277e-03,2.808230e-03,4.509351e-03,9.130853e-01,2.062711e-03,6.101298e-04,8.726904e-04,1.082173e-03,8.404408e-04,4.839856e-04,3.055950e-03
6.403601e-02,5.262677e-04,6.805422e-03,4.521967e-03,6.655790e-03,2.901699e-03,6.620802e-03,8.998053e-01,1.580518e-03,6.546752e-04,8.656518e-04,1.209739e-03,8.027817e-04,4.003022e-04,2.612977e-03
6.628966e-02,5.319932e-04,9.155785e-03,4.953915e-03,7.446669e-03,2.694610e-03,8.722011e-03,8.925264e-01,1.267361e-03,7.622541e-04,8.770904e-04,1.279166e-03,7.720551e-04,3.541460e-04,2.366841e-03
7.586798e-02,5.097184e-04,9.853345e-03,5.558094e-03,7.731706e-03,2.555690e-03,9.724475e-03,8.802500e-01,1.040330e-03,6.897011e-04,9.936178e-04,1.838869e-03,1.011668e-03,3.095618e-04,2.065154e-03
7.310516e-02,4.270059e-04,8.394113e-03,6.026131e-03,1.025933e-02,2.113539e-03,1.020396e-02,8.826350e-01,8.334623e-04,5.937651e-04,1.028506e-03,1.474775e-03,9.984613e-04,2.447961e-04,1.661954e-03
8.970707e-02,6.949474e-04,7.260260e-03,7.805209e-03,9.099426e-03,2.935637e-03,7.418386e-03,8.559024e-01,1.192143e-03,8.260515e-04,4.500456e-03,5.201123e-03,3.727874e-03,8.735202e-04,2.855396e-03
9.486014e-02,5.245819e-03,7.261813e-03,1.318955e-02,1.214738e-02,1.079905e-02,5.747777e-03,7.180884e-01,4.672331e-02,4.020257e-03,1.936092e-02,8.182654e-03,1.291827e-02,2.766507e-03,3.868803e-02
1.053527e-01,6.586478e-03,6.716125e-03,1.045160e-02,1.131879e-02,9.487536e-03,4.793985e-03,5.966058e-01,1.202480e-01,7.632838e-03,2.530911e-02,8.152880e-03,1.693560e-02,5.259282e-03,6.514919e-02
7.927817e-02,9.342634e-03,5.473109e-03,5.191911e-02,8.763285e-03,7.680461e-03,3.772554e-03,4.267911e-01,1.555660e-01,1.455233e-02,4.243606e-02,3.414937e-02,7.123640e-02,5.406875e-03,8.363254e-02
6.296150e-02,1.099725e-02,4.499277e-03,4.927358e-02,7.849636e-03,6.971068e-03,3.943380e-03,3.108533e-01,2.325954e-01,1.470504e-02,7.143871e-02,3.445134e-02,1.060900e-01,6.733245e-03,7.663725e-02
5.302820e-02,1.054188e-02,4.059920e-03,4.026842e-02,9.958649e-03,9.763954e-03,3.724119e-03,2.280764e-01,2.114960e-01,1.062735e-02,8.004155e-02,2.763547e-02,2.264811e-01,6.851937e-03,7.744507e-02
4.235671e-02,8.479842e-03,3.561398e-03,3.372111e-02,1.555939e-02,1.165326e-02,3.411110e-03,1.690682e-01,2.150782e-01,7.690717e-03,7.733317e-02,2.090415e-02,3.105423e-01,6.640616e-03,7.399991e-02
4.139856e-02,7.051095e-03,4.161457e-03,2.583977e-02,1.991140e-02,1.524990e-02,4.430010e-03,1.275404e-01,2.494132e-01,5.535931e-03,5.620805e-02,1.616898e-02,3.574275e-01,5.302944e-03,6.436082e-02
3.413100e-02,5.355898e-03,3.034924e-03,1.904162e-02,1.464137e-02,1.145094e-02,3.262433e-03,8.988655e-02,3.722984e-01,4.050328e-03,4.029078e-02,1.258944e-02,3.374960e-01,3.852502e-03,4.861787e-02
2.546776e-02,4.041228e-03,2.238375e-03,1.347922e-02,1.140321e-02,8.544124e-03,2.423563e-03,6.324147e-02,4.781747e-01,2.987998e-03,2.969061e-02,9.407681e-03,3.052059e-01,2.944799e-03,4.074936e-02
1.900679e-02,3.077392e-03,1.690265e-03,9.526945e-03,8.254630e-03,6.400970e-03,1.787184e-03,4.440633e-02,5.554247e-01,2.216263e-03,2.173193e-02,8.140335e-03,2.863818e-01,2.190446e-03,2.976397e-02
1.537267e-02,2.259750e-03,1.259396e-03,6.724743e-03,6.202951e-03,5.098357e-03,1.576634e-03,3.158096e-02,5.379125e-01,1.681702e-03,2.004208e-02,8.157911e-03,3.368382e-01,1.700822e-03,2.359129e-02
4.506280e-02,2.045815e-03,3.463436e-03,5.366853e-03,7.172865e-03,5.899776e-03,2.507607e-03,2.341220e-02,5.242211e-01,1.937571e-03,1.697417e-02,6.998677e-03,3.348927e-01,1.403382e-03,1.864111e-02
6.600507e-02,2.230777e-03,2.465283e-02,5.328794e-03,8.985305e-03,5.699405e-03,3.201573e-03,2.176819e-02,5.311447e-01,2.845708e-03,1.403955e-02,5.728122e-03,2.864846e-01,1.423466e-03,2.046196e-02
1.216671e-01,2.447878e-03,2.640563e-02,4.590093e-03,1.001541e-02,5.836788e-03,3.337971e-03,1.888916e-02,5.152757e-01,3.813455e-03,1.195459e-02,5.101545e-03,2.365335e-01,2.765295e-03,3.136608e-02
1.617681e-01,3.426074e-03,3.729592e-02,4.300162e-03,9.028805e-03,4.741554e-03,3.027030e-03,1.637669e-02,5.105904e-01,5.070584e-03,9.323594e-03,4.485517e-03,1.929678e-01,2.822699e-03,3.477509e-02
1.712639e-01,3.633505e-03,4.833713e-02,3.817698e-03,7.295658e-03,4.312921e-03,3.079756e-03,1.456478e-02,5.337944e-01,5.912687e-03,7.520013e-03,4.084004e-03,1.492974e-01,3.751702e-03,3.933440e-02
2.026519e-01,4.736239e-03,6.038333e-02,4.248470e-03,7.072738e-03,4.050127e-03,3.047769e-03,1.336444e-02,4.988832e-01,8.832598e-03,9.211385e-03,4.358444e-03,1.196682e-01,5.962243e-03,5.352901e-02
2.005061e-01,7.987567e-03,5.687483e-02,4.563529e-03,8.625386e-03,4.226579e-03,3.055914e-03,1.424825e-02,4.828078e-01,1.054036e-02,1.119190e-02,4.338942e-03,1.188278e-01,7.931232e-03,6.427392e-02
1.767783e-01,8.410921e-03,6.089083e-02,4.745099e-03,7.420539e-03,3.777221e-03,2.946334e-03,1.199928e-02,5.443157e-01,1.158945e-02,9.844147e-03,4.248016e-03,9.035438e-02,8.592985e-03,5.408678e-02
1.908792e-01,1.131826e-02,5.482950e-02,9.265417e-03,6.187588e-03,4.058646e-03,2.559370e-03,1.021196e-02,5.415093e-01,1.158453e-02,1.618345e-02,1.111550e-02,7.419602e-02,9.731047e-03,4.637019e-02
2.187922e-01,1.796946e-02,4.591186e-02,1.183237e-02,8.806018e-03,3.896263e-03,2.031879e-03,1.055596e-02,5.284429e-01,9.484771e-03,1.648317e-02,1.031342e-02,6.149103e-02,9.680253e-03,4.430846e-02
2.550037e-01,1.985333e-02,3.443560e-02,1.193102e-02,8.065244e-03,5.535277e-03,1.860010e-03,9.597597e-03,4.678248e-01,7.882948e-03,1.441023e-02,1.053292e-02,8.862635e-02,1.006159e-02,5.437943e-02
2.015240e-01,1.854338e-02,2.752660e-02,1.101902e-02,6.382904e-03,9.600153e-03,1.602572e-03,8.136281e-03,5.344897e-01,6.248883e-03,1.150009e-02,1.028087e-02,1.029928e-01,8.399222e-03,4.175349e-02
1.744341e-01,2.636043e-02,2.899331e-02,8.600261e-03,1.298257e-02,2.409952e-02,1.903446e-03,1.010771e-02,4.234068e-01,5.397276e-03,1.122127e-02,1.168481e-02,1.956546e-01,9.285795e-03,5.586809e-02
1.707054e-01,2.384174e-02,3.136722e-02,3.411903e-02,1.319638e-02,2.361986e-02,1.971469e-03,8.225827e-03,4.460970e-01,5.151826e-03,1.031084e-02,1.206208e-02,1.552205e-01,7.538262e-03,5.657258e-02
1.930827e-01,2.597073e-02,2.651402e-02,4.277609e-02,1.928719e-02,2.645386e-02,2.521016e-03,7.845428e-03,3.866226e-01,5.120449e-03,1.368971e-02,1.109725e-02,1.461234e-01,1.013288e-02,8.276263e-02
2.181867e-01,2.402436e-02,2.989629e-02,3.759821e-02,2.947390e-02,2.709674e-02,4.277548e-03,4.129592e-02,2.998013e-01,4.861089e-03,1.628212e-02,1.406693e-02,1.577995e-01,1.250099e-02,8.283842e-02
2.790979e-01,2.250307e-02,2.770119e-02,3.710018e-02,4.453020e-02,3.465404e-02,6.788312e-03,3.113275e-02,2.182354e-01,3.839571e-03,1.713636e-02,1.398273e-02,1.859954e-01,1.139054e-02,6.591237e-02
2.684143e-01,2.295836e-02,2.862495e-02,3.590637e-02,5.606573e-02,4.350363e-02,8.763317e-03,2.447987e-02,1.634829e-01,3.030287e-03,1.506881e-02,1.209509e-02,2.487728e-01,8.908877e-03,5.992469e-02
2.473230e-01,2.666125e-02,2.772160e-02,4.223182e-02,6.718120e-02,7.272450e-02,1.273636e-02,2.329064e-02,1.197426e-01,2.535288e-03,1.533600e-02,1.073596e-02,2.777579e-01,7.614740e-03,4.640716e-02
2.064138e-01,3.054664e-02,5.701778e-02,5.055819e-02,8.406127e-02,8.758013e-02,1.820561e-02,3.206894e-02,9.028278e-02,2.533509e-03,1.202948e-02,8.653123e-03,2.771188e-01,6.426800e-03,3.650320e-02
1.727081e-01,2.763698e-02,1.587553e-01,4.248372e-02,7.288495e-02,6.598230e-02,1.465050e-02,2.497362e-02,7.982696e-02,3.426017e-03,9.207548e-03,6.934755e-03,2.476242e-01,7.484719e-03,6.542029e-02
1.605511e-01,2.558392e-02,1.621287e-01,1.607317e-01,6.411136e-02,4.901605e-02,1.208904e-02,2.143683e-02,7.198574e-02,3.397695e-03,8.201150e-03,6.269675e-03,1.986093e-01,5.880288e-03,5.000748e-02
2.132023e-01,2.829804e-02,1.334206e-01,1.640996e-01,6.721114e-02,3.924380e-02,1.034840e-02,1.766572e-02,6.484096e-02,3.308064e-03,8.505146e-03,7.892249e-03,1.979459e-01,5.310581e-03,3.870758e-02
2.110583e-01,2.276214e-02,1.502319e-01,2.380326e-01,6.517042e-02,3.145514e-02,8.531854e-03,1.561020e-02,5.226599e-02,2.841462e-03,8.057316e-03,7.798912e-03,1.528727e-01,4.500960e-03,2.881009e-02
2.516123e-01,2.072720e-02,1.291329e-01,2.299264e-01,7.002489e-02,3.342543e-02,7.725220e-03,1.606877e-02,5.313506e-02,2.469571e-03,7.302199e-03,8.157626e-03,1.439250e-01,3.749468e-03,2.261788e-02
3.135104e-01,1.962549e-02,1.182589e-01,2.276798e-01,7.314440e-02,2.689434e-02,6.226378e-03,1.970357e-02,5.217181e-02,2.017256e-03,6.418657e-03,7.909891e-03,1.051403e-01,3.476566e-03,1.782217e-02
3.409147e-01,1.740166e-02,1.069009e-01,2.706158e-01,6.657899e-02,2.259593e-02,5.261969e-03,1.672472e-02,3.776660e-02,1.906069e-03,6.552954e-03,1.189300e-02,7.687171e-02,3.328427e-03,1.468650e-02
3.919024e-01,1.545122e-02,8.965918e-02,2.817708e-01,6.052033e-02,1.903161e-02,4.576783e-03,1.356722e-02,2.872912e-02,1.872766e-03,6.180106e-03,1.310285e-02,5.678456e-02,3.395977e-03,1.345501e-02
4.442255e-01,1.794259e-02,8.531514e-02,2.601358e-01,6.027746e-02,1.764047e-02,3.962052e-03,1.116642e-02,2.120507e-02,1.668662e-03,5.625047e-03,1.386055e-02,4.243934e-02,3.400680e-03,1.113513e-02
4.951541e-01,2.249124e-02,8.024766e-02,2.278640e-01,5.604426e-02,1.712619e-02,3.437981e-03,9.052929e-03,1.692695e-02,1.791710e-03,5.549894e-03,1.485644e-02,3.300892e-02,3.920667e-03,1.252692e-02
4.251595e-01,2.958610e-02,5.860074e-02,1.811953e-01,1.252313e-01,8.218728e-02,5.000624e-03,8.335360e-03,1.326477e-02,2.537786e-03,6.673451e-03,1.226554e-02,3.139707e-02,5.293268e-03,1.327184e-02
3.144847e-01,3.696739e-02,4.218219e-02,1.522974e-01,1.069924e-01,1.637021e-01,5.987164e-03,6.456614e-03,1.404088e-02,1.360803e-02,9.029690e-03,1.735399e-02,9.326845e-02,6.583698e-03,1.704525e-02
2.281006e-01,3.374311e-02,3.054076e-02,1.238916e-01,8.561397e-02,1.601146e-01,5.868292e-03,4.777314e-03,1.650437e-02,1.784776e-02,1.787712e-02,1.940408e-02,2.321183e-01,6.020693e-03,1.757739e-02
1.745516e-01,2.578210e-02,2.262934e-02,1.015998e-01,6.484549e-02,1.172239e-01,4.470698e-03,3.581420e-03,3.385726e-02,1.469952e-02,8.541264e-02,2.631298e-02,3.048021e-01,4.623529e-03,1.560764e-02
1.973013e-01,2.003092e-02,1.724711e-02,7.696410e-02,5.196350e-02,8.460614e-02,3.852687e-03,4.929593e-03,6.992324e-02,1.458345e-02,9.383817e-02,2.577152e-02,3.182501e-01,3.783206e-03,1.695504e-02
1.761496e-01,1.783774e-02,2.187993e-02,1.463330e-01,4.105839e-02,6.482383e-02,3.424373e-03,6.610007e-03,1.470362e-01,1.560077e-02,7.669974e-02,2.019640e-02,2.398138e-01,3.565919e-03,1.897031e-02
2.159308e-01,1.581241e-02,3.111927e-02,1.530137e-01,3.113849e-02,5.079280e-02,2.954770e-03,5.795069e-03,1.444236e-01,1.734613e-02,6.524120e-02,1.984780e-02,2.216580e-01,4.857533e-03,2.006848e-02
2.312441e-01,1.343544e-02,2.725944e-02,1.245579e-01,2.507644e-02,3.800568e-02,2.512009e-03,5.649505e-03,1.253801e-01,1.641872e-02,6.783268e-02,1.954598e-02,2.782868e-01,6.103428e-03,1.869181e-02
2.299333e-01,1.450277e-02,3.450790e-02,9.693693e-02,2.712359e-02,2.865038e-02,2.857423e-03,7.083222e-03,1.221303e-01,1.860690e-02,6.149977e-02,1.881025e-02,3.060659e-01,7.024741e-03,2.426662e-02
1.927110e-01,1.619592e-02,2.699411e-02,7.410917e-02,2.983144e-02,2.258171e-02,4.084136e-03,6.976236e-03,2.452889e-01,1.515833e-02,6.046275e-02,1.691090e-02,2.571723e-01,6.081878e-03,2.544120e-02
1.458022e-01,4.467586e-02,2.321941e-02,5.737771e-02,2.511081e-02,2.909136e-02,3.637540e-03,6.116991e-03,3.333352e-01,1.336281e-02,4.577723e-02,1.520513e-02,2.211733e-01,4.910250e-03,3.120421e-02
1.092220e-01,5.085610e-02,1.876872e-02,5.071907e-02,1.985477e-02,3.731795e-02,3.242559e-03,5.951686e-03,3.596826e-01,1.207997e-02,3.460369e-02,1.324206e-02,2.491540e-01,4.085975e-03,3.121887e-02
7.986844e-02,3.877159e-02,1.508863e-02,4.029030e-02,1.531094e-02,7.474828e-02,2.857622e-03,4.578087e-03,2.738728e-01,8.771853e-03,2.546866e-02,1.603992e-02,3.693359e-01,3.413635e-03,3.158340e-02
5.700127e-02,2.725483e-02,1.081937e-02,2.920052e-02,1.138805e-02,6.817774e-02,2.260366e-03,3.335081e-03,1.929457e-01,6.197484e-03,1.871613e-02,1.423408e-02,5.293132e-01,2.643307e-03,2.651286e-02
4.057246e-02,1.916152e-02,7.730559e-03,2.086043e-02,8.615250e-03,4.906971e-02,1.668657e-03,2.389949e-03,1.355797e-01,4.371016e-03,1.361203e-02,1.398345e-02,6.609934e-01,1.961921e-03,1.942998e-02
3.308125e-02,2.281907e-02,7.073055e-03,4.159483e-02,9.195631e-03,3.661005e-02,1.713840e-03,1.766351e-03,1.321180e-01,4.004368e-03,1.071648e-02,5.120340e-02,6.258086e-01,3.210370e-03,1.908472e-02
3.225360e-02,2.192719e-02,5.526826e-03,3.811353e-02,1.260533e-02,3.251592e-02,2.035310e-03,1.472695e-03,9.863170e-02,3.985871e-03,2.544039e-02,5.670973e-02,6.448302e-01,5.894271e-03,1.805747e-02
2.888322e-02,1.696977e-02,4.583208e-03,3.112846e-02,1.180116e-02,3.453444e-02,2.274586e-03,1.407273e-03,7.747432e-02,5.164978e-03,5.000279e-02,9.191166e-02,6.136743e-01,8.866555e-03,2.132324e-02
3.605857e-02,1.483442e-02,5.400355e-03,3.040293e-02,1.733146e-02,2.706984e-02,2.857757e-03,1.584902e-03,8.313252e-02,1.032612e-02,7.431006e-02,1.112649e-01,5.297588e-01,9.702872e-03,4.596458e-02
4.157999e-02,1.601903e-02,1.255252e-02,2.800888e-02,2.059317e-02,2.230766e-02,3.314145e-03,5.901098e-03,1.089571e-01,1.415636e-02,9.324545e-02,1.066307e-01,4.372779e-01,1.976951e-02,6.968646e-02
9.216338e-02,1.841337e-02,2.563306e-02,2.414116e-02,5.183946e-02,2.163539e-02,7.746871e-03,3.723256e-02,1.257499e-01,1.267783e-02,7.549332e-02,9.900922e-02,3.271486e-01,1.862395e-02,6.249194e-02
9.835181e-02,2.259396e-02,5.575141e-02,2.046048e-02,5.421475e-02,2.668351e-02,1.175990e-02,3.982756e-02,1.148019e-01,1.372269e-02,5.563983e-02,8.358531e-02,3.004029e-01,1.686737e-02,8.533657e-02
1.079874e-01,2.263648e-02,6.359009e-02,1.660174e-02,5.416548e-02,2.352332e-02,1.990645e-02,5.355846e-02,9.167413e-02,1.134013e-02,4.031631e-02,8.810390e-02,3.191386e-01,1.451463e-02,7.294285e-02
9.823781e-02,2.775573e-02,7.149035e-02,2.789859e-02,5.822651e-02,2.306481e-02,1.945031e-02,4.869688e-02,1.380684e-01,1.191479e-02,3.096243e-02,7.126179e-02,2.932008e-01,1.165160e-02,6.811921e-02
1.023640e-01,2.655522e-02,6.145853e-02,3.462307e-02,6.263965e-02,2.432641e-02,1.818979e-02,4.206952e-02,1.412483e-01,1.290625e-02,2.902170e-02,5.763645e-02,2.748448e-01,1.233922e-02,9.977712e-02
1.266899e-01,3.168400e-02,6.043997e-02,2.843167e-02,6.731032e-02,2.163197e-02,1.707016e-02,5.106914e-02,1.254716e-01,1.487290e-02,2.539329e-02,4.438855e-02,2.425381e-01,1.383591e-02,1.291725e-01
1.217163e-01,2.836974e-02,6.947460e-02,3.235727e-02,7.135665e-02,1.793725e-02,1.359511e-02,9.732457e-02,1.416873e-01,1.619982e-02,2.216844e-02,3.452313e-02,1.917723e-01,1.780300e-02,1.237146e-01
9.479406e-02,2.134732e-02,2.250246e-01,5.138509e-02,6.605430e-02,1.309214e-02,9.946259e-03,1.114692e-01,1.139623e-01,1.239078e-02,1.680975e-02,2.444185e-02,1.374048e-01,1.295856e-02,8.891894e-02
9.770031e-02,2.033382e-02,3.345661e-01,4.438357e-02,5.604310e-02,9.960617e-03,7.368390e-03,9.903328e-02,1.115118e-01,1.241451e-02,1.288072e-02,1.759838e-02,9.862696e-02,1.099788e-02,6.658066e-02
9.839801e-02,1.894060e-02,4.373269e-01,3.312221e-02,7.106368e-02,1.033513e-02,5.964441e-03,7.597286e-02,8.761691e-02,9.356314e-03,9.832011e-03,1.263866e-02,6.988108e-02,9.090582e-03,5.046064e-02
1.063205e-01,3.634520e-02,3.378990e-01,1.093210e-01,1.106000e-01,1.455544e-02,6.691124e-03,7.625865e-02,7.623741e-02,8.002338e-03,9.630060e-03,1.066714e-02,5.129311e-02,7.280213e-03,3.889887e-02
1.070717e-01,3.134756e-02,3.193771e-01,1.511193e-01,1.245200e-01,1.159246e-02,5.330451e-03,1.018251e-01,5.707682e-02,5.831380e-03,7.450575e-03,8.098478e-03,3.636444e-02,5.484966e-03,2.750972e-02
1.353326e-01,3.299147e-02,3.030175e-01,1.439364e-01,1.503995e-01,1.290743e-02,5.338100e-03,1.035935e-01,4.424509e-02,4.435011e-03,6.822512e-03,6.397125e-03,2.613840e-02,4.802725e-03,1.964273e-02
1.815306e-01,3.258042e-02,2.506061e-01,1.864421e-01,1.522225e-01,1.312109e-02,5.195177e-03,8.729430e-02,3.785706e-02,3.552762e-03,5.922661e-03,6.266128e-03,1.912213e-02,4.036945e-03,1.424997e-02
2.598766e-01,3.304206e-02,2.332478e-01,1.625832e-01,1.452118e-01,1.207866e-02,4.391711e-03,6.951866e-02,3.616422e-02,2.807677e-03,5.630625e-03,5.821479e-03,1.445192e-02,4.006841e-03,1.116663e-02
3.524153e-01,2.899128e-02,1.842864e-01,1.544123e-01,1.449583e-01,1.018648e-02,3.670985e-03,5.488756e-02,2.929816e-02,2.341189e-03,5.260625e-03,5.643692e-03,1.160130e-02,3.514763e-03,8.531723e-03
3.723466e-01,2.260022e-02,1.401026e-01,1.865650e-01,1.539868e-01,1.106922e-02,3.230721e-03,5.607045e-02,2.262080e-02,1.964106e-03,5.037175e-03,5.926809e-03,9.341267e-03,2.804012e-03,6.334274e-03
4.037381e-01,1.974764e-02,1.068116e-01,1.595183e-01,1.752205e-01,1.938213e-02,8.558055e-03,4.664215e-02,2.203028e-02,4.416966e-03,5.893714e-03,7.217664e-03,1.056869e-02,3.330463e-03,6.923626e-03
4.585924e-01,1.858336e-02,8.112445e-02,1.224709e-01,1.467120e-01,3.836714e-02,2.214381e-02,4.982512e-02,1.924722e-02,4.100153e-03,5.267381e-03,9.043269e-03,1.523307e-02,2.954729e-03,6.334996e-03
1.000000e+00,0.000000e+00,0.000000e+00,0.000000e+00,0.000000e+00,0.000000e+00,0.000000e+00,0.000000e+00,0.000000e+00,0.000000e+00,0.000000e+00,0.000000e+00,0.000000e+00,0.000000e+00,0.000000e+00
1.000000e+00,0.000000e+00,0.000000e+00,0.000000e+00,0.000000e+00,0.000000e+00,0.000000e+00,0.000000e+00,0.000000e+00,0.000000e+00,0.000000e+00,0.000000e+00,0.000000e+00,0.000000e+00,0.000000e+00
4.311960e-01,2.028202e-02,3.180207e-02,5.888095e-02,5.884719e-02,4.284283e-02,1.526052e-02,2.000599e-02,2.033643e-01,1.685131e-02,8.015883e-03,1.522607e-02,5.306712e-02,4.086073e-03,2.027169e-02
4.242494e-01,1.909583e-02,2.323344e-02,4.558324e-02,4.395090e-02,3.255906e-02,1.206546e-02,1.606866e-02,2.196535e-01,1.767914e-02,2.417947e-02,1.591986e-02,6.368539e-02,8.081013e-03,3.399569e-02
3.933772e-01,1.669591e-02,1.680082e-02,3.430540e-02,3.220302e-02,2.684781e-02,1.223226e-02,1.831704e-02,2.517442e-01,1.394922e-02,3.028408e-02,1.453017e-02,5.511091e-02,1.535791e-02,6.824404e-02
3.968798e-01,1.535130e-02,1.408375e-02,2.970149e-02,2.337601e-02,2.324880e-02,9.557223e-03,1.484636e-02,3.153793e-01,1.048795e-02,2.409172e-02,1.191056e-02,4.509971e-02,1.270715e-02,5.327896e-02
3.598887e-01,1.474735e-02,1.066786e-02,2.250087e-02,1.828040e-02,1.959112e-02,8.996837e-03,1.760702e-02,2.952673e-01,1.014145e-02,2.813350e-02,9.990660e-03,8.497134e-02,1.345630e-02,8.575926e-02
2.706090e-01,1.750145e-02,1.192057e-02,1.854193e-02,1.501592e-02,1.431527e-02,6.570325e-03,1.360804e-02,4.569410e-01,8.480255e-03,2.099712e-02,7.626507e-03,6.398893e-02,9.878604e-03,6.400510e-02
2.436424e-01,1.916958e-02,1.339560e-02,1.403239e-02,1.467637e-02,1.816026e-02,6.052480e-03,1.816428e-02,3.776279e-01,9.840020e-03,1.972530e-02,7.374959e-03,7.618764e-02,1.023211e-02,1.517187e-01
1.868191e-01,3.876425e-02,2.283140e-02,1.424522e-02,1.147784e-02,1.378052e-02,4.413344e-03,1.380054e-02,4.535238e-01,1.244902e-02,1.628572e-02,6.267359e-03,6.675404e-02,8.071152e-03,1.305167e-01
1.841151e-01,6.481736e-02,1.948564e-02,1.189765e-02,9.668538e-03,1.098232e-02,3.261172e-03,1.091723e-02,4.674541e-01,1.263845e-02,1.523858e-02,6.095713e-03,6.327032e-02,7.270804e-03,1.128870e-01
1.605016e-01,7.521325e-02,1.630105e-02,1.117075e-02,7.685774e-03,9.505038e-03,2.527260e-03,8.263470e-03,4.869372e-01,1.496407e-02,1.490830e-02,6.696695e-03,7.586505e-02,6.727011e-03,1.027335e-01
1.402755e-01,8.092366e-02,1.581960e-02,1.038307e-02,7.230170e-03,8.537861e-03,2.453560e-03,7.572426e-03,4.961120e-01,1.421478e-02,1.312550e-02,5.561459e-03,6.853977e-02,6.629264e-03,1.226215e-01
1.198698e-01,8.868729e-02,1.375141e-02,1.157313e-02,6.425010e-03,8.598991e-03,1.947869e-03,6.272404e-03,5.378801e-01,1.579501e-02,1.115063e-02,4.465878e-03,5.646358e-02,6.055273e-03,1.110637e-01
9.398698e-02,7.628971e-02,1.239295e-02,1.647294e-02,5.561053e-03,7.223589e-03,1.497625e-03,4.933771e-03,6.277809e-01,1.273316e-02,8.335233e-03,3.319883e-03,4.186585e-02,4.513177e-03,8.309318e-02
1.199335e-01,7.394332e-02,1.183270e-02,1.638949e-02,1.632423e-02,1.139139e-02,2.052779e-03,6.975557e-03,5.946662e-01,1.108752e-02,7.206891e-03,2.650815e-03,3.448729e-02,3.958684e-03,8.709972e-02
