1.000000e+00,0.000000e+00,0.000000e+00,0.000000e+00,0.000000e+00,0.000000e+00,0.000000e+00,0.000000e+00,0.000000e+00,0.000000e+00,0.000000e+00,0.000000e+00,0.000000e+00,0.000000e+00,0.000000e+00
1.000000e+00,0.000000e+00,0.000000e+00,0.000000e+00,0.000000e+00,0.000000e+00,0.000000e+00,0.000000e+00,0.000000e+00,0.000000e+00,0.000000e+00,0.000000e+00,0.000000e+00,0.000000e+00,0.000000e+00
1.000000e+00,0.000000e+00,0.000000e+00,0.000000e+00,0.000000e+00,0.000000e+00,0.000000e+00,0.000000e+00,0.000000e+00,0.000000e+00,0.000000e+00,0.000000e+00,0.000000e+00,0.000000e+00,0.000000e+00
1.000000e+00,0.000000e+00,0.000000e+00,0.000000e+00,0.000000e+00,0.000000e+00,0.000000e+00,0.000000e+00,0.000000e+00,0.000000e+00,0.000000e+00,0.000000e+00,0.000000e+00,0.000000e+00,0.000000e+00
1.000000e+00,0.000000e+00,0.000000e+00,0.000000e+00,0.000000e+00,0.000000e+00,0.000000e+00,0.000000e+00,0.000000e+00,0.000000e+00,0.000000e+00,0.000000e+00,0.000000e+00,0.000000e+00,0.000000e+00
1.000000e+00,0.000000e+00,0.000000e+00,0.000000e+00,0.000000e+00,0.000000e+00,0.000000e+00,0.000000e+00,0.000000e+00,0.000000e+00,0.000000e+00,0.000000e+00,0.000000e+00,0.000000e+00,0.000000e+00
1.000000e+00,0.000000e+00,0.000000e+00,0.000000e+00,0.000000e+00,0.000000e+00,0.000000e+00,0.000000e+00,0.000000e+00,0.000000e+00,0.000000e+00,0.000000e+00,0.000000e+00,0.000000e+00,0.000000e+00
1.000000e+00,0.000000e+00,0.000000e+00,0.000000e+00,0.000000e+00,0.000000e+00,0.000000e+00,0.000000e+00,0.000000e+00,0.000000e+00,0.000000e+00,0.000000e+00,0.000000e+00,0.000000e+00,0.000000e+00
1.000000e+00,0.000000e+00,0.000000e+00,0.000000e+00,0.000000e+00,0.000000e+00,0.000000e+00,0.000000e+00,0.000000e+00,0.000000e+00,0.000000e+00,0.000000e+00,0.000000e+00,0.000000e+00,0.000000e+00
1.000000e+00,0.000000e+00,0.000000e+00,0.000000e+00,0.000000e+00,0.000000e+00,0.000000e+00,0.000000e+00,0.000000e+00,0.000000e+00,0.000000e+00,0.000000e+00,0.000000e+00,0.000000e+00,0.000000e+00
1.000000e+00,0.000000e+00,0.000000e+00,0.000000e+00,0.000000e+00,0.000000e+00,0.000000e+00,0.000000e+00,0.000000e+00,0.000000e+00,0.000000e+00,0.000000e+00,0.000000e+00,0.000000e+00,0.000000e+00
1.000000e+00,0.000000e+00,0.000000e+00,0.000000e+00,0.000000e+00,0.000000e+00,0.000000e+00,0.000000e+00,0.000000e+00,0.000000e+00,0.000000e+00,0.000000e+00,0.000000e+00,0.000000e+00,0.000000e+00
1.000000e+00,0.000000e+00,0.000000e+00,0.000000e+00,0.000000e+00,0.000000e+00,0.000000e+00,0.000000e+00,0.000000e+00,0.000000e+00,0.000000e+00,0.000000e+00,0.000000e+00,0.000000e+00,0.000000e+00
1.000000e+00,0.000000e+00,0.000000e+00,0.000000e+00,0.000000e+00,0.000000e+00,0.000000e+00,0.000000e+00,0.000000e+00,0.000000e+00,0.000000e+00,0.000000e+00,0.000000e+00,0.000000e+00,0.000000e+00
1.000000e+00,0.000000e+00,0.000000e+00,0.000000e+00,0.000000e+00,0.000000e+00,0.000000e+00,0.000000e+00,0.000000e+00,0.000000e+00,0.000000e+00,0.000000e+00,0.000000e+00,0.000000e+00,0.000000e+00
1.000000e+00,0.000000e+00,0.000000e+00,0.000000e+00,0.000000e+00,0.000000e+00,0.000000e+00,0.000000e+00,0.000000e+00,0.000000e+00,0.000000e+00,0.000000e+00,0.000000e+00,0.000000e+00,0.000000e+00
1.000000e+00,0.000000e+00,0.000000e+00,0.000000e+00,0.000000e+00,0.000000e+00,0.000000e+00,0.000000e+00,0.000000e+00,0.000000e+00,0.000000e+00,0.000000e+00,0.000000e+00,0.000000e+00,0.000000e+00
1.000000e+00,0.000000e+00,0.000000e+00,0.000000e+00,0.000000e+00,0.000000e+00,0.000000e+00,0.000000e+00,0.000000e+00,0.000000e+00,0.000000e+00,0.000000e+00,0.000000e+00,0.000000e+00,0.000000e+00
1.000000e+00,0.000000e+00,0.000000e+00,0.000000e+00,0.000000e+00,0.000000e+00,0.000000e+00,0.000000e+00,0.000000e+00,0.000000e+00,0.000000e+00,0.000000e+00,0.000000e+00,0.000000e+00,0.000000e+00
1.000000e+00,0.000000e+00,0.000000e+00,0.000000e+00,0.000000e+00,0.000000e+00,0.000000e+00,0.000000e+00,0.000000e+00,0.000000e+00,0.000000e+00,0.000000e+00,0.000000e+00,0.000000e+00,0.000000e+00
1.000000e+00,0.000000e+00,0.000000e+00,0.000000e+00,0.000000e+00,0.000000e+00,0.000000e+00,0.000000e+00,0.000000e+00,0.000000e+00,0.000000e+00,0.000000e+00,0.000000e+00,0.000000e+00,0.000000e+00
1.000000e+00,0.000000e+00,0.000000e+00,0.000000e+00,0.000000e+00,0.000000e+00,0.000000e+00,0.000000e+00,0.000000e+00,0.000000e+00,0.000000e+00,0.000000e+00,0.000000e+00,0.000000e+00,0.000000e+00
1.000000e+00,0.000000e+00,0.000000e+00,0.000000e+00,0.000000e+00,0.000000e+00,0.000000e+00,0.000000e+00,0.000000e+00,0.000000e+00,0.000000e+00,0.000000e+00,0.000000e+00,0.000000e+00,0.000000e+00
1.000000e+00,0.000000e+00,0.000000e+00,0.000000e+00,0.000000e+00,0.000000e+00,0.000000e+00,0.000000e+00,0.000000e+00,0.000000e+00,0.000000e+00,0.000000e+00,0.000000e+00,0.000000e+00,0.000000e+00
1.000000e+00,0.000000e+00,0.000000e+00,0.000000e+00,0.000000e+00,0.000000e+00,0.000000e+00,0.000000e+00,0.000000e+00,0.000000e+00,0.000000e+00,0.000000e+00,0.000000e+00,0.000000e+00,0.000000e+00
1.000000e+00,0.000000e+00,0.000000e+00,0.000000e+00,0.000000e+00,0.000000e+00,0.000000e+00,0.000000e+00,0.000000e+00,0.000000e+00,0.000000e+00,0.000000e+00,0.000000e+00,0.000000e+00,0.000000e+00
1.000000e+00,0.000000e+00,0.000000e+00,0.000000e+00,0.000000e+00,0.000000e+00,0.000000e+00,0.000000e+00,0.000000e+00,0.000000e+00,0.000000e+00,0.000000e+00,0.000000e+00,0.000000e+00,0.000000e+00
1.000000e+00,0.000000e+00,0.000000e+00,0.000000e+00,0.000000e+00,0.000000e+00,0.000000e+00,0.000000e+00,0.000000e+00,0.000000e+00,0.000000e+00,0.000000e+00,0.000000e+00,0.000000e+00,0.000000e+00
1.000000e+00,0.000000e+00,0.000000e+00,0.000000e+00,0.000000e+00,0.000000e+00,0.000000e+00,0.000000e+00,0.000000e+00,0.000000e+00,0.000000e+00,0.000000e+00,0.000000e+00,0.000000e+00,0.000000e+00
4.869474e-01,2.464171e-02,1.949394e-01,1.330377e-01,1.165840e-02,1.625551e-02,3.546925e-03,2.020831e-02,7.030119e-03,2.004037e-03,1.491035e-02,3.896001e-02,1.759423e-02,2.920597e-03,2.534528e-02
4.619495e-01,2.206344e-02,2.126510e-01,1.373176e-01,1.217882e-02,1.638855e-02,3.898134e-03,2.043266e-02,6.999952e-03,1.956483e-03,1.793009e-02,4.062781e-02,2.053830e-02,2.912823e-03,2.215481e-02
1.000000e+00,0.000000e+00,0.000000e+00,0.000000e+00,0.000000e+00,0.000000e+00,0.000000e+00,0.000000e+00,0.000000e+00,0.000000e+00,0.000000e+00,0.000000e+00,0.000000e+00,0.000000e+00,0.000000e+00
1.000000e+00,0.000000e+00,0.000000e+00,0.000000e+00,0.000000e+00,0.000000e+00,0.000000e+00,0.000000e+00,0.000000e+00,0.000000e+00,0.000000e+00,0.000000e+00,0.000000e+00,0.000000e+00,0.000000e+00
1.000000e+00,0.000000e+00,0.000000e+00,0.000000e+00,0.000000e+00,0.000000e+00,0.000000e+00,0.000000e+00,0.000000e+00,0.000000e+00,0.000000e+00,0.000000e+00,0.000000e+00,0.000000e+00,0.000000e+00
1.000000e+00,0.000000e+00,0.000000e+00,0.000000e+00,0.000000e+00,0.000000e+00,0.000000e+00,0.000000e+00,0.000000e+00,0.000000e+00,0.000000e+00,0.000000e+00,0.000000e+00,0.000000e+00,0.000000e+00
1.000000e+00,0.000000e+00,0.000000e+00,0.000000e+00,0.000000e+00,0.000000e+00,0.000000e+00,0.000000e+00,0.000000e+00,0.000000e+00,0.000000e+00,0.000000e+00,0.000000e+00,0.000000e+00,0.000000e+00
1.000000e+00,0.000000e+00,0.000000e+00,0.000000e+00,0.000000e+00,0.000000e+00,0.000000e+00,0.000000e+00,0.000000e+00,0.000000e+00,0.000000e+00,0.000000e+00,0.000000e+00,0.000000e+00,0.000000e+00
1.000000e+00,0.000000e+00,0.000000e+00,0.000000e+00,0.000000e+00,0.000000e+00,0.000000e+00,0.000000e+00,0.000000e+00,0.000000e+00,0.000000e+00,0.000000e+00,0.000000e+00,0.000000e+00,0.000000e+00
1.000000e+00,0.000000e+00,0.000000e+00,0.000000e+00,0.000000e+00,0.000000e+00,0.000000e+00,0.000000e+00,0.000000e+00,0.000000e+00,0.000000e+00,0.000000e+00,0.000000e+00,0.000000e+00,0.000000e+00
1.000000e+00,0.000000e+00,0.000000e+00,0.000000e+00,0.000000e+00,0.000000e+00,0.000000e+00,0.000000e+00,0.000000e+00,0.000000e+00,0.000000e+00,0.000000e+00,0.000000e+00,0.000000e+00,0.000000e+00
1.000000e+00,0.000000e+00,0.000000e+00,0.000000e+00,0.000000e+00,0.000000e+00,0.000000e+00,0.000000e+00,0.000000e+00,0.000000e+00,0.000000e+00,0.000000e+00,0.000000e+00,0.000000e+00,0.000000e+00
1.000000e+00,0.000000e+00,0.000000e+00,0.000000e+00,0.000000e+00,0.000000e+00,0.000000e+00,0.000000e+00,0.000000e+00,0.000000e+00,0.000000e+00,0.000000e+00,0.000000e+00,0.000000e+00,0.000000e+00
1.000000e+00,0.000000e+00,0.000000e+00,0.000000e+00,0.000000e+00,0.000000e+00,0.000000e+00,0.000000e+00,0.000000e+00,0.000000e+00,0.000000e+00,0.000000e+00,0.000000e+00,0.000000e+00,0.000000e+00
1.000000e+00,0.000000e+00,0.000000e+00,0.000000e+00,0.000000e+00,0.000000e+00,0.000000e+00,0.000000e+00,0.000000e+00,0.000000e+00,0.000000e+00,0.000000e+00,0.000000e+00,0.000000e+00,0.000000e+00
1.000000e+00,0.000000e+00,0.000000e+00,0.000000e+00,0.000000e+00,0.000000e+00,0.000000e+00,0.000000e+00,0.000000e+00,0.000000e+00,0.000000e+00,0.000000e+00,0.000000e+00,0.000000e+00,0.000000e+00
1.000000e+00,0.000000e+00,0.000000e+00,0.000000e+00,0.000000e+00,0.000000e+00,0.000000e+00,0.000000e+00,0.000000e+00,0.000000e+00,0.000000e+00,0.000000e+00,0.000000e+00,0.000000e+00,0.000000e+00
1.000000e+00,0.000000e+00,0.000000e+00,0.000000e+00,0.000000e+00,0.000000e+00,0.000000e+00,0.000000e+00,0.000000e+00,0.000000e+00,0.000000e+00,0.000000e+00,0.000000e+00,0.000000e+00,0.000000e+00
1.000000e+00,0.000000e+00,0.000000e+00,0.000000e+00,0.000000e+00,0.000000e+00,0.000000e+00,0.000000e+00,0.000000e+00,0.000000e+00,0.000000e+00,0.000000e+00,0.000000e+00,0.000000e+00,0.000000e+00
1.000000e+00,0.000000e+00,0.000000e+00,0.000000e+00,0.000000e+00,0.000000e+00,0.000000e+00,0.000000e+00,0.000000e+00,0.000000e+00,0.000000e+00,0.000000e+00,0.000000e+00,0.000000e+00,0.000000e+00
1.000000e+00,0.000000e+00,0.000000e+00,0.000000e+00,0.000000e+00,0.000000e+00,0.000000e+00,0.000000e+00,0.000000e+00,0.000000e+00,0.000000e+00,0.000000e+00,0.000000e+00,0.000000e+00,0.000000e+00
1.000000e+00,0.000000e+00,0.000000e+00,0.000000e+00,0.000000e+00,0.000000e+00,0.000000e+00,0.000000e+00,0.000000e+00,0.000000e+00,0.000000e+00,0.000000e+00,0.000000e+00,0.000000e+00,0.000000e+00
1.000000e+00,0.000000e+00,0.000000e+00,0.000000e+00,0.000000e+00,0.000000e+00,0.000000e+00,0.000000e+00,0.000000e+00,0.000000e+00,0.000000e+00,0.000000e+00,0.000000e+00,0.000000e+00,0.000000e+00
1.000000e+00,0.000000e+00,0.000000e+00,0.000000e+00,0.000000e+00,0.000000e+00,0.000000e+00,0.000000e+00,0.000000e+00,0.000000e+00,0.000000e+00,0.000000e+00,0.000000e+00,0.000000e+00,0.000000e+00
1.000000e+00,0.000000e+00,0.000000e+00,0.000000e+00,0.000000e+00,0.000000e+00,0.000000e+00,0.000000e+00,0.000000e+00,0.000000e+00,0.000000e+00,0.000000e+00,0.000000e+00,0.000000e+00,0.000000e+00
1.000000e+00,0.000000e+00,0.000000e+00,0.000000e+00,0.000000e+00,0.000000e+00,0.000000e+00,0.000000e+00,0.000000e+00,0.000000e+00,0.000000e+00,0.000000e+00,0.000000e+00,0.000000e+00,0.000000e+00
1.000000e+00,0.000000e+00,0.000000e+00,0.000000e+00,0.000000e+00,0.000000e+00,0.000000e+00,0.000000e+00,0.000000e+00,0.000000e+00,0.000000e+00,0.000000e+00,0.000000e+00,0.000000e+00,0.000000e+00
1.000000e+00,0.000000e+00,0.000000e+00,0.000000e+00,0.000000e+00,0.000000e+00,0.000000e+00,0.000000e+00,0.000000e+00,0.000000e+00,0.000000e+00,0.000000e+00,0.000000e+00,0.000000e+00,0.000000e+00
4.205308e-01,1.090037e-02,7.034732e-03,2.067627e-02,4.800451e-03,3.996132e-02,2.060909e-03,4.998899e-03,5.287672e-03,2.508460e-03,4.284711e-01,1.397513e-02,8.946188e-03,1.679097e-02,1.305668e-02
2.950744e-01,7.708096e-03,4.958342e-03,1.448104e-02,3.371485e-03,3.029590e-02,1.443892e-03,3.507268e-03,3.735925e-03,1.784996e-03,5.918088e-01,1.001531e-02,6.292961e-03,1.626498e-02,9.256558e-03
2.065689e-01,5.409220e-03,3.494566e-03,1.013954e-02,2.364282e-03,2.207905e-02,1.011776e-03,2.460512e-03,2.643363e-03,1.258600e-03,7.073525e-01,7.808299e-03,4.409971e-03,1.645488e-02,6.544488e-03
1.446051e-01,3.841842e-03,2.469883e-03,7.119423e-03,1.741024e-03,1.560273e-02,7.140239e-04,1.730633e-03,1.981972e-03,9.388173e-04,7.893914e-01,6.137929e-03,3.100472e-03,1.518670e-02,5.438058e-03
1.012683e-01,4.674576e-03,2.223856e-03,5.431761e-03,2.590393e-03,1.143163e-02,8.157343e-04,1.345472e-03,3.707085e-03,2.570740e-03,7.978984e-01,6.637772e-03,2.332478e-03,2.001372e-02,3.705803e-02
7.093371e-02,3.514837e-03,1.911428e-03,4.094025e-03,2.745504e-03,1.039792e-02,8.675500e-04,1.134279e-03,4.263072e-03,3.087977e-03,8.321903e-01,6.582517e-03,1.851986e-03,2.589722e-02,3.052773e-02
4.970598e-02,2.630981e-03,1.558109e-03,3.180575e-03,2.372005e-03,9.836562e-03,7.381240e-04,9.988522e-04,4.627854e-03,2.801182e-03,8.566499e-01,5.898887e-03,1.520462e-03,3.369909e-02,2.378149e-02
3.482640e-02,1.884025e-03,1.123590e-03,2.272927e-03,1.779992e-03,9.776959e-03,5.364859e-04,7.298293e-04,3.544640e-03,2.456580e-03,8.876881e-01,6.455981e-03,1.101855e-03,2.828368e-02,1.753901e-02
2.443540e-02,1.552607e-03,8.849229e-04,1.757927e-03,1.692357e-03,8.840162e-03,4.509711e-04,5.971224e-04,3.082539e-03,1.982669e-03,9.064245e-01,7.822895e-03,8.244912e-04,2.557573e-02,1.407573e-02
1.727932e-02,1.655248e-03,9.964746e-04,1.494253e-03,1.657103e-03,1.138392e-02,5.553694e-04,7.355605e-04,2.913260e-03,1.931549e-03,9.068548e-01,1.152061e-02,7.550913e-04,2.574295e-02,1.452455e-02
1.334187e-02,2.082105e-03,1.989696e-03,1.634073e-03,1.752933e-03,9.213961e-03,6.300501e-04,3.079979e-03,3.513025e-03,2.091807e-03,8.941705e-01,1.627446e-02,6.527791e-04,3.581795e-02,1.375489e-02
1.155320e-02,2.957054e-03,2.397099e-03,1.614536e-03,1.712212e-03,8.378100e-03,6.193822e-04,2.896060e-03,5.165876e-03,2.199188e-03,8.821218e-01,1.977406e-02,6.475957e-04,4.189801e-02,1.606593e-02
8.872141e-03,3.658472e-03,2.083037e-03,1.459094e-03,1.512975e-03,6.475061e-03,4.896916e-04,2.219889e-03,4.827909e-03,2.327972e-03,8.903543e-01,2.206565e-02,5.655818e-04,3.713245e-02,1.595584e-02
7.696813e-03,4.027928e-03,1.861375e-03,1.296790e-03,1.519339e-03,5.301786e-03,4.448571e-04,1.970237e-03,4.291703e-03,1.963764e-03,9.036119e-01,1.987393e-02,4.767275e-04,3.131912e-02,1.434376e-02
5.932478e-03,5.179373e-03,2.035236e-03,1.002738e-03,1.657391e-03,4.393496e-03,4.487601e-04,1.624097e-03,3.373807e-03,2.315449e-03,9.072841e-01,2.117248e-02,4.187255e-04,2.875691e-02,1.440497e-02
6.159978e-03,5.276004e-03,2.310270e-03,8.456002e-04,2.803674e-03,4.203175e-03,8.111509e-04,2.032095e-03,3.379853e-03,3.706588e-03,8.945807e-01,3.115085e-02,4.746224e-04,2.920048e-02,1.306501e-02
7.610769e-03,7.821725e-03,2.647126e-03,1.026491e-03,5.842697e-03,4.609275e-03,1.097697e-03,2.219193e-03,5.301049e-03,1.580650e-02,8.354607e-01,6.493840e-02,5.291944e-04,2.882018e-02,1.626901e-02
1.087226e-02,1.026793e-02,2.738507e-03,1.528300e-03,1.055628e-02,4.950461e-03,1.814590e-03,2.634191e-03,7.032007e-03,1.513738e-02,8.075920e-01,8.481100e-02,7.341233e-04,2.560099e-02,1.372997e-02
1.036507e-02,8.318106e-03,2.284244e-03,1.246097e-03,1.601369e-02,5.162683e-03,3.279390e-03,3.187900e-03,5.836026e-03,1.246702e-02,8.190420e-01,8.114669e-02,8.061458e-04,2.039772e-02,1.044729e-02
9.865630e-03,9.230948e-03,2.560923e-03,9.778767e-04,1.802197e-02,4.921352e-03,4.297418e-03,2.986112e-03,5.301611e-03,1.907258e-02,7.833005e-01,1.124195e-01,9.149362e-04,1.709781e-02,9.030933e-03
8.382629e-03,6.701178e-03,2.515790e-03,7.404670e-04,1.631549e-02,5.884809e-03,5.922215e-03,3.217019e-03,5.156571e-03,6.558435e-02,7.018183e-01,1.556338e-01,9.912261e-04,1.461137e-02,6.524850e-03
1.227742e-02,5.331304e-03,2.108989e-03,6.109353e-04,1.687833e-02,6.122546e-03,4.920458e-03,2.755614e-03,5.114694e-03,1.323406e-01,5.794326e-01,2.122413e-01,1.087556e-03,1.393569e-02,4.842060e-03
1.282439e-02,4.238526e-03,1.765312e-03,6.340955e-04,1.650520e-02,7.389140e-03,3.916378e-03,2.627241e-03,5.197379e-03,1.638552e-01,5.421696e-01,2.198772e-01,1.368907e-03,1.408982e-02,3.541626e-03
1.067118e-02,3.655167e-03,1.439687e-03,4.801714e-04,1.538238e-02,6.347946e-03,3.359771e-03,1.933853e-03,4.128896e-03,2.275186e-01,5.077352e-01,2.024821e-01,1.248429e-03,1.094166e-02,2.675047e-03
1.111389e-02,3.944681e-03,1.467844e-03,3.776041e-04,1.829238e-02,5.897420e-03,2.872275e-03,1.493896e-03,3.576075e-03,3.383543e-01,4.333891e-01,1.672973e-01,1.093907e-03,8.502181e-03,2.327133e-03
1.058602e-02,6.365162e-03,6.264249e-03,3.330621e-04,2.405556e-02,5.677889e-03,3.105353e-03,1.427380e-03,3.263216e-03,4.217635e-01,3.761578e-01,1.291121e-01,1.111027e-03,7.146566e-03,3.631097e-03
1.022603e-02,5.431612e-03,5.973600e-03,2.941960e-04,2.438134e-02,4.390677e-03,2.357770e-03,1.206043e-03,2.810203e-03,5.376282e-01,2.990296e-01,9.568513e-02,9.445658e-04,6.407640e-03,3.233372e-03
9.696326e-03,4.587167e-03,6.262254e-03,2.516584e-04,1.850894e-02,3.484458e-03,1.736610e-03,1.298326e-03,2.806504e-03,6.419157e-01,2.311920e-01,6.925993e-02,7.478893e-04,4.982045e-03,3.270172e-03
8.543858e-03,3.738494e-03,4.828459e-03,5.893923e-04,1.484309e-02,4.164653e-03,1.425080e-03,5.227847e-03,3.114529e-03,7.210522e-01,1.714665e-01,5.376419e-02,8.542255e-04,3.822227e-03,2.565236e-03
9.534345e-03,3.917693e-03,4.000319e-03,7.371817e-04,1.234930e-02,5.503179e-03,1.234680e-03,5.637011e-03,3.519322e-03,7.779980e-01,1.290088e-01,4.014380e-02,9.449969e-04,3.283823e-03,2.187501e-03
1.752699e-02,3.444611e-03,4.571507e-03,2.963830e-03,1.201260e-02,8.568978e-03,1.801663e-03,1.168819e-02,4.844540e-03,8.000109e-01,9.217049e-02,3.304977e-02,1.587155e-03,3.619089e-03,2.139672e-03
3.487956e-02,6.742041e-03,4.481862e-03,3.946305e-03,1.324188e-02,1.136167e-02,1.569190e-03,1.158199e-02,8.927835e-03,7.947631e-01,6.998252e-02,2.833124e-02,3.093971e-03,4.442179e-03,2.654632e-03
3.845179e-02,1.218882e-02,6.301272e-03,4.093697e-03,2.145010e-02,1.045148e-02,1.665963e-03,1.999385e-02,3.084115e-02,7.584891e-01,5.782250e-02,2.436344e-02,4.536301e-03,5.902830e-03,3.447714e-03
4.424420e-02,1.997676e-02,6.734361e-03,5.320347e-03,2.595931e-02,8.930898e-03,2.110845e-03,3.281176e-02,4.103900e-02,7.291754e-01,5.029490e-02,1.979468e-02,3.835599e-03,6.074931e-03,3.696983e-03
6.477290e-02,3.088395e-02,7.459449e-03,6.377700e-03,3.956001e-02,7.855299e-03,2.443585e-03,3.566403e-02,5.185812e-02,6.784322e-01,4.039880e-02,1.559264e-02,3.851924e-03,8.139573e-03,6.709804e-03
7.810499e-02,5.614291e-02,1.040440e-02,1.743787e-02,4.617141e-02,9.202346e-03,2.862136e-03,3.722828e-02,8.085680e-02,5.721974e-01,3.075729e-02,1.440753e-02,3.775578e-03,7.654810e-03,3.279630e-02
9.977002e-02,7.051762e-02,9.133515e-03,1.583707e-02,4.374245e-02,9.035349e-03,3.040062e-03,3.372255e-02,9.592330e-02,5.378745e-01,2.512262e-02,1.463050e-02,3.254401e-03,7.493256e-03,3.090280e-02
1.283308e-01,6.239165e-02,1.487198e-02,3.304771e-02,5.464730e-02,8.356418e-03,3.553936e-03,6.594849e-02,1.052373e-01,4.498636e-01,2.017715e-02,1.413101e-02,3.439914e-03,8.133821e-03,2.786897e-02
1.569513e-01,6.710894e-02,1.285427e-02,3.558241e-02,4.752395e-02,8.940731e-03,3.114645e-03,7.369210e-02,1.459971e-01,3.790195e-01,1.705261e-02,1.181933e-02,2.964578e-03,1.295568e-02,2.442292e-02
2.183581e-01,6.680736e-02,1.059622e-02,3.524675e-02,4.054455e-02,1.134246e-02,3.085822e-03,6.086191e-02,1.460601e-01,3.371268e-01,1.481231e-02,1.006519e-02,2.659888e-03,1.866514e-02,2.376744e-02
2.957146e-01,7.269223e-02,9.484883e-03,3.685079e-02,3.493855e-02,1.249471e-02,4.506398e-03,5.181124e-02,1.383782e-01,2.793252e-01,1.275370e-02,9.185891e-03,2.456781e-03,1.718250e-02,2.222428e-02
3.740424e-01,7.955609e-02,7.191031e-03,3.433946e-02,2.902310e-02,1.250615e-02,4.298078e-03,4.107726e-02,1.293941e-01,2.271168e-01,1.305326e-02,8.597095e-03,2.314669e-03,1.652166e-02,2.096884e-02
3.697239e-01,9.835107e-02,9.300847e-03,3.103799e-02,2.761208e-02,2.828337e-02,5.219111e-03,3.729755e-02,1.474884e-01,1.666734e-01,2.988116e-02,8.580325e-03,2.957490e-03,1.897559e-02,1.861778e-02
3.395171e-01,7.018919e-02,1.255382e-02,2.293133e-02,1.520109e-01,2.736774e-02,2.126061e-02,3.142624e-02,1.333546e-01,1.302565e-01,2.139385e-02,6.405039e-03,3.727859e-03,1.396235e-02,1.364293e-02
3.156784e-01,4.979770e-02,1.668314e-02,1.663989e-02,2.431320e-01,2.967250e-02,2.831581e-02,3.407814e-02,1.161896e-01,1.051418e-01,1.545826e-02,4.803672e-03,3.602651e-03,1.076887e-02,1.003771e-02
2.355554e-01,3.510151e-02,1.473985e-02,1.182163e-02,3.253932e-01,2.190460e-02,2.778845e-02,2.458858e-02,8.190025e-02,1.864145e-01,1.106009e-02,3.437613e-03,3.004671e-03,8.838763e-03,8.450894e-03
1.653215e-01,2.460759e-02,1.035257e-02,8.296595e-03,2.288545e-01,1.544318e-02,2.208290e-02,1.727653e-02,5.764983e-02,4.223722e-01,8.530186e-03,2.454421e-03,2.283761e-03,6.392580e-03,8.081704e-03
1.157518e-01,1.723624e-02,7.258352e-03,5.842114e-03,1.603513e-01,1.086710e-02,1.567310e-02,1.210019e-02,4.042468e-02,5.904471e-01,6.765244e-03,2.097107e-03,3.685333e-03,4.580364e-03,6.920042e-03
8.107628e-02,1.211943e-02,5.100190e-03,4.106539e-03,1.123932e-01,7.774813e-03,1.107840e-02,8.473286e-03,2.847142e-02,5.532249e-01,1.358040e-02,1.869980e-03,1.331757e-02,6.191684e-03,1.412219e-01
5.681191e-02,8.556494e-03,3.588024e-03,2.879405e-03,7.876022e-02,5.513896e-03,7.812334e-03,5.932656e-03,2.015430e-02,4.648412e-01,1.628417e-02,1.604472e-03,1.478424e-02,9.206790e-03,3.032699e-01
4.028371e-02,6.806110e-03,2.781809e-03,2.038943e-03,5.551843e-02,4.201419e-03,5.493955e-03,4.157034e-03,1.624200e-02,3.452604e-01,3.154194e-02,1.729382e-03,1.169895e-02,4.393419e-02,4.283118e-01
2.850953e-02,5.220995e-03,2.458811e-03,1.471912e-03,3.908695e-02,5.097986e-03,3.861061e-03,2.916234e-03,1.522372e-02,2.540640e-01,2.757897e-02,1.527328e-03,8.832220e-03,4.317114e-02,5.609791e-01
2.074828e-02,6.869651e-03,2.299941e-03,1.084534e-03,2.766061e-02,7.405529e-03,2.713816e-03,2.053171e-03,1.539881e-02,1.810296e-01,2.796679e-02,1.587422e-03,7.139593e-03,3.712338e-02,6.589189e-01
1.534196e-02,6.797985e-03,8.342115e-03,1.103085e-03,1.988100e-02,1.087194e-02,1.988044e-03,1.525944e-03,1.455616e-02,1.340909e-01,3.622063e-02,6.753286e-03,1.553253e-02,3.681787e-02,6.901765e-01
1.184525e-02,5.918731e-03,7.150829e-03,1.158639e-03,1.510072e-02,9.632296e-03,1.461172e-03,1.259421e-03,1.879865e-02,9.707952e-02,5.551749e-02,6.863152e-03,2.429860e-02,3.212040e-02,7.117952e-01
1.355072e-02,6.108564e-03,6.990616e-03,1.534311e-03,1.232113e-02,9.779613e-03,1.066593e-03,9.342596e-04,2.857262e-02,7.828479e-02,7.556845e-02,7.475005e-03,2.907706e-02,9.426995e-02,6.344663e-01
1.495561e-02,6.624444e-03,7.244085e-03,1.768340e-03,1.231722e-02,7.963162e-03,8.529965e-04,9.159944e-04,1.076414e-01,6.445023e-02,7.850870e-02,6.441627e-03,2.627615e-02,1.359060e-01,5.281340e-01
1.410965e-02,8.999983e-03,9.430422e-03,2.553744e-03,1.014748e-02,7.575456e-03,7.069652e-04,1.116305e-03,1.857957e-01,7.227437e-02,6.619428e-02,5.402709e-03,2.185705e-02,1.570901e-01,4.367458e-01
1.549655e-02,1.090029e-02,3.430868e-02,1.165990e-02,1.088529e-02,6.958799e-03,6.537151e-04,7.333324e-03,2.918711e-01,7.391029e-02,5.655353e-02,5.222914e-03,1.866552e-02,1.317936e-01,3.237865e-01
1.923685e-02,1.158571e-02,3.342801e-02,9.436416e-03,1.010753e-02,6.731162e-03,5.696724e-04,1.067829e-02,3.066877e-01,6.216154e-02,5.056398e-02,4.532599e-03,1.506612e-02,1.890549e-01,2.701595e-01
2.285084e-02,9.536274e-03,3.654969e-02,1.135572e-02,9.332778e-03,5.777090e-03,4.640218e-04,9.219608e-03,3.302626e-01,6.177456e-02,4.443850e-02,4.415558e-03,1.327642e-02,2.080004e-01,2.327459e-01
2.420740e-02,8.823807e-03,3.319377e-02,1.017226e-02,1.762757e-02,4.854000e-03,4.127243e-04,1.079030e-02,4.158351e-01,5.152779e-02,3.875564e-02,3.535058e-03,1.093730e-02,1.942731e-01,1.750542e-01
2.459475e-02,8.847776e-03,2.783806e-02,1.106480e-02,1.903822e-02,4.136561e-03,4.563963e-04,1.031587e-02,4.794691e-01,4.070831e-02,3.296692e-02,3.134080e-03,1.004629e-02,1.946820e-01,1.327010e-01
2.103476e-02,8.545231e-03,2.174026e-02,8.167817e-03,1.397357e-02,3.364205e-03,3.458238e-04,7.568202e-03,5.323668e-01,3.127410e-02,2.490924e-02,2.432199e-03,8.076519e-03,1.773538e-01,1.388475e-01
2.149019e-02,8.715063e-03,1.808850e-02,5.974707e-03,1.080359e-02,2.817020e-03,2.564966e-04,5.571893e-03,4.964654e-01,2.532809e-02,2.452227e-02,1.925448e-03,6.997387e-03,2.155960e-01,1.554479e-01
2.810214e-02,1.002739e-02,1.507890e-02,4.433170e-03,1.015451e-02,2.570721e-03,2.124381e-04,5.689176e-03,5.465228e-01,1.919982e-02,1.897978e-02,1.504035e-03,6.058710e-03,1.988227e-01,1.326438e-01
2.795831e-02,9.178374e-03,1.523270e-02,5.859064e-03,9.306272e-03,2.103769e-03,2.827436e-04,7.465649e-02,5.481232e-01,1.390745e-02,1.405934e-02,1.137393e-03,5.274747e-03,1.740156e-01,9.890459e-02
3.801904e-02,1.092071e-02,1.429362e-02,8.224227e-03,2.211723e-02,3.182791e-03,4.443346e-04,1.298854e-01,5.225253e-01,1.030387e-02,1.190685e-02,9.695735e-04,3.933949e-03,1.511447e-01,7.212856e-02
5.997904e-02,1.022761e-02,1.538764e-02,1.961131e-02,2.856420e-02,5.227965e-03,1.258595e-03,2.488679e-01,4.127711e-01,8.095355e-03,8.975735e-03,9.267231e-04,2.899187e-03,1.231291e-01,5.407851e-02
7.385529e-02,8.907216e-03,1.391254e-02,1.895418e-02,2.705282e-02,4.948926e-03,1.345425e-03,2.700689e-01,3.412551e-01,6.647321e-03,7.894717e-03,8.917494e-04,2.142127e-03,1.760534e-01,4.607030e-02
7.700262e-02,7.061241e-03,1.123717e-02,1.621727e-02,2.619182e-02,4.450444e-03,1.400803e-03,3.889240e-01,2.569340e-01,5.094946e-03,5.883771e-03,9.139228e-04,1.606685e-03,1.626337e-01,3.444751e-02
7.853296e-02,5.548644e-03,8.700010e-03,1.369857e-02,2.057881e-02,3.990364e-03,1.461812e-03,4.895263e-01,1.944041e-01,3.863265e-03,4.938800e-03,8.353252e-04,1.256654e-03,1.479537e-01,2.471076e-02
9.624366e-02,5.828440e-03,1.019101e-02,1.703883e-02,1.719970e-02,6.478973e-03,4.458601e-03,5.235578e-01,1.512799e-01,3.058302e-03,4.025763e-03,1.319675e-03,1.291531e-03,1.392284e-01,1.879936e-02
1.195287e-01,4.857953e-03,1.201502e-02,2.223098e-02,1.326095e-02,7.996218e-03,5.354189e-03,5.616963e-01,1.194933e-01,2.314989e-03,3.539156e-03,1.531731e-03,1.387593e-03,1.108230e-01,1.396992e-02
1.443566e-01,4.346364e-03,1.268242e-02,2.086926e-02,1.029038e-02,8.211253e-03,5.088942e-03,5.906655e-01,9.712268e-02,1.735006e-03,3.209276e-03,1.782101e-03,1.455598e-03,8.779383e-02,1.039083e-02
2.073518e-01,3.910692e-03,1.431095e-02,1.837052e-02,8.577124e-03,9.304536e-03,4.500352e-03,5.655649e-01,8.564032e-02,1.463045e-03,2.885189e-03,2.666534e-03,1.803884e-03,6.517160e-02,8.478633e-03
2.528818e-01,3.370891e-03,1.381791e-02,1.525315e-02,7.230418e-03,1.167766e-02,3.906020e-03,5.486641e-01,7.890109e-02,1.222927e-03,2.563238e-03,4.026381e-03,2.090800e-03,4.717799e-02,7.215657e-03
2.771356e-01,3.301166e-03,1.703061e-02,1.525000e-02,8.586701e-03,1.119523e-02,4.036759e-03,5.438985e-01,6.804360e-02,1.176892e-03,2.512806e-03,4.519422e-03,2.334895e-03,3.444653e-02,6.531333e-03
3.308485e-01,3.667197e-03,1.517286e-02,1.436418e-02,9.598270e-03,1.054285e-02,3.425572e-03,5.081556e-01,5.115983e-02,1.805459e-03,3.310246e-03,1.012480e-02,5.976450e-03,2.579010e-02,6.058008e-03
3.003330e-01,4.149466e-03,1.465777e-02,1.247054e-02,9.833207e-03,9.371104e-03,2.637939e-03,4.763611e-01,3.727137e-02,1.592669e-02,1.424871e-02,3.014795e-02,3.350475e-02,3.211764e-02,6.968864e-03
2.398060e-01,6.558484e-03,1.194465e-02,1.000045e-02,8.597050e-03,1.002152e-02,2.184797e-03,3.551192e-01,3.142760e-02,8.594488e-02,3.522173e-02,9.486751e-02,4.257435e-02,4.973422e-02,1.599763e-02
2.179707e-01,6.145265e-03,9.864721e-03,9.887449e-03,1.165289e-02,1.695667e-02,2.986365e-03,2.695727e-01,2.593898e-02,6.558472e-02,3.851854e-02,2.324220e-01,3.654476e-02,3.915716e-02,1.679710e-02
1.568985e-01,4.962887e-03,7.865574e-03,8.567367e-03,1.533997e-02,1.579467e-02,2.545787e-03,1.955631e-01,1.967421e-02,4.698713e-02,1.086842e-01,3.487991e-01,2.671345e-02,2.918915e-02,1.241492e-02
1.131630e-01,4.709984e-03,5.948062e-03,7.809402e-03,1.967801e-02,1.442409e-02,2.076733e-03,1.406915e-01,1.479384e-02,3.384633e-02,1.423467e-01,4.470171e-01,1.998803e-02,2.423979e-02,9.267444e-03
8.048075e-02,6.250334e-03,4.513516e-03,6.142050e-03,2.503758e-02,1.210569e-02,1.632582e-03,1.010555e-01,1.169520e-02,2.400160e-02,1.659802e-01,5.188794e-01,1.543754e-02,2.010636e-02,6.681741e-03
5.770032e-02,5.447944e-03,3.579866e-03,4.721496e-03,1.984488e-02,9.314336e-03,1.360960e-03,7.215796e-02,1.044147e-02,1.702018e-02,2.010470e-01,5.638202e-01,1.142625e-02,1.721990e-02,4.897257e-03
4.219504e-02,6.139218e-03,3.415331e-03,4.235657e-03,1.795496e-02,1.027324e-02,1.445700e-03,5.178527e-02,1.064150e-02,1.212129e-02,2.139482e-01,5.969726e-01,8.940899e-03,1.621124e-02,3.719810e-03
2.964993e-02,8.362811e-03,2.890121e-03,3.289960e-03,3.178813e-02,7.457556e-03,1.081453e-03,3.676387e-02,2.051072e-02,8.526982e-03,2.470328e-01,5.806593e-01,6.593212e-03,1.275475e-02,2.638447e-03
2.086166e-02,6.900643e-03,2.335555e-03,2.561019e-03,2.451461e-02,5.387403e-03,7.797710e-04,2.616939e-02,5.560061e-02,6.034906e-03,3.100062e-01,5.215866e-01,4.804297e-03,1.059769e-02,1.859705e-03
1.504771e-02,7.108878e-03,2.565346e-03,2.315734e-03,1.840808e-02,3.897610e-03,5.556684e-04,1.898059e-02,9.774548e-02,4.288231e-03,3.081162e-01,5.076659e-01,3.528254e-03,8.464258e-03,1.312176e-03
1.164925e-02,6.469192e-03,2.369534e-03,2.010009e-03,1.363112e-02,3.115928e-03,4.004522e-04,1.366354e-02,2.564604e-01,3.276113e-03,2.683659e-01,4.047274e-01,2.710604e-03,1.018944e-02,9.611813e-04
8.412391e-03,4.925252e-03,1.862534e-03,1.620484e-03,9.924480e-03,2.473818e-03,2.858357e-04,9.693675e-03,3.212981e-01,2.580506e-03,2.754061e-01,3.483274e-01,2.134479e-03,1.035389e-02,7.012248e-04
5.960034e-03,4.741943e-03,1.503790e-03,1.540894e-03,7.618421e-03,1.792585e-03,2.024158e-04,6.890277e-03,4.099320e-01,1.954650e-03,2.834551e-01,2.645510e-01,1.622667e-03,7.722932e-03,5.112261e-04
4.261728e-03,3.611473e-03,1.214559e-03,1.352266e-03,5.569049e-03,1.326859e-03,1.438216e-04,4.904727e-03,4.104650e-01,1.463807e-03,3.602686e-01,1.964436e-01,1.256963e-03,7.344917e-03,3.726784e-04
3.087811e-03,3.052506e-03,1.551849e-03,1.531690e-03,4.300616e-03,9.825593e-04,1.031492e-04,3.557742e-03,4.396758e-01,1.176559e-03,3.901567e-01,1.434839e-01,9.477325e-04,6.111348e-03,2.799541e-04
2.278198e-03,2.246615e-03,1.299548e-03,1.255702e-03,3.348828e-03,7.232751e-04,7.339558e-05,2.547756e-03,4.660922e-01,8.612538e-04,4.082595e-01,1.034368e-01,6.989505e-04,6.672178e-03,2.058466e-04
1.742719e-03,1.689757e-03,1.054215e-03,1.139036e-03,2.585612e-03,5.502638e-04,5.218004e-05,1.823872e-03,5.381027e-01,6.389404e-04,3.692552e-01,7.421023e-02,5.167411e-04,6.478224e-03,1.603138e-04
1.604347e-03,1.277850e-03,9.698849e-04,8.777080e-04,1.999924e-03,6.641623e-04,3.729077e-05,1.318293e-03,4.948403e-01,5.837978e-04,4.359349e-01,5.217310e-02,3.703929e-04,7.163365e-03,1.846718e-04
3.925287e-03,1.526078e-03,3.428160e-03,2.721908e-03,2.714108e-03,1.452867e-03,4.333399e-05,3.156461e-03,5.808258e-01,9.297792e-04,3.559504e-01,3.660290e-02,2.848813e-04,5.791371e-03,6.466230e-04
5.946060e-03,1.615944e-03,4.737769e-03,3.148552e-03,5.135415e-03,1.732109e-03,4.042908e-05,2.567965e-03,6.350483e-01,8.273637e-04,3.067651e-01,2.568631e-02,2.189473e-04,5.331899e-03,1.197840e-03
1.479197e-02,1.879649e-03,1.221651e-02,4.021148e-02,1.914337e-02,2.676496e-03,7.299144e-05,5.459098e-03,6.602672e-01,8.478038e-04,2.182855e-01,1.805410e-02,1.802300e-04,4.345604e-03,1.567989e-03
2.182720e-02,1.829916e-03,1.045567e-02,3.564436e-02,1.952147e-02,5.614290e-03,6.868008e-05,4.301467e-03,7.211145e-01,7.693911e-04,1.601392e-01,1.279957e-02,2.023738e-04,3.989559e-03,1.722424e-03
2.843866e-02,2.410546e-03,9.716775e-03,2.993647e-02,2.459538e-02,1.552819e-02,7.610833e-05,3.572138e-03,7.440071e-01,8.656143e-04,1.246047e-01,9.120430e-03,3.375417e-04,4.302137e-03,2.488147e-03
3.166763e-02,2.459998e-03,1.008327e-02,2.623953e-02,2.579098e-02,1.629770e-02,8.345265e-05,3.018785e-03,7.283791e-01,7.876374e-04,1.395988e-01,6.812513e-03,4.239042e-04,6.106865e-03,2.249754e-03
3.276585e-02,2.190420e-03,1.100738e-02,2.208288e-02,2.447288e-02,1.618208e-02,9.736384e-05,2.627216e-03,7.071645e-01,7.448532e-04,1.663004e-01,5.141780e-03,4.394480e-04,6.670498e-03,2.112386e-03
3.984345e-02,2.070946e-03,1.345062e-02,3.525534e-02,3.123992e-02,1.394230e-02,1.943706e-04,2.670701e-03,6.205116e-01,6.588903e-04,2.248519e-01,4.230896e-03,4.633200e-04,8.803362e-03,1.812405e-03
4.709018e-02,2.613094e-03,1.360389e-02,3.293031e-02,3.202863e-02,1.377093e-02,2.517256e-04,2.724477e-03,5.707494e-01,9.020214e-04,2.634947e-01,4.472008e-03,4.998928e-04,1.238536e-02,2.483465e-03
7.678271e-02,2.902049e-03,1.201496e-02,2.734395e-02,3.220676e-02,1.103066e-02,3.367449e-04,3.268128e-03,5.653355e-01,9.533090e-04,2.413544e-01,3.778609e-03,6.656535e-04,1.959888e-02,2.427747e-03
1.352167e-01,3.164418e-03,1.679309e-02,5.024821e-02,2.982386e-02,1.163769e-02,5.392558e-04,5.711075e-03,4.973173e-01,1.061291e-03,2.195820e-01,4.189532e-03,9.399321e-04,2.059336e-02,3.182423e-03
1.832395e-01,4.999585e-03,3.417417e-02,7.184537e-02,2.562752e-02,1.995088e-02,1.019927e-03,6.416808e-03,4.521832e-01,1.059255e-03,1.619231e-01,4.718740e-03,1.237028e-03,2.715117e-02,4.453872e-03
1.848256e-01,6.058439e-03,6.622159e-02,9.122197e-02,2.182570e-02,1.919238e-02,1.198761e-03,9.305038e-03,4.177303e-01,2.487660e-03,1.224082e-01,5.390373e-03,1.954962e-03,3.938946e-02,1.078959e-02
1.306597e-01,1.453417e-02,1.520717e-01,9.440496e-02,1.549172e-02,1.795433e-02,8.646874e-04,7.133789e-03,3.490082e-01,6.983929e-03,1.049039e-01,4.510549e-03,2.035118e-03,4.453358e-02,5.490976e-02
9.952933e-02,1.309895e-02,1.390648e-01,7.790087e-02,1.112859e-02,2.135350e-02,6.541439e-04,5.951144e-03,2.586472e-01,7.215472e-03,1.973361e-01,4.558919e-03,2.197888e-03,1.175425e-01,4.382061e-02
7.040118e-02,9.865137e-03,1.022519e-01,5.625054e-02,7.850673e-03,1.606483e-02,4.654952e-04,4.279397e-03,1.840164e-01,5.633877e-03,3.685036e-01,6.494738e-03,1.721518e-03,1.353255e-01,3.087522e-02
4.950338e-02,7.350163e-03,7.208172e-02,3.967443e-02,5.557118e-03,1.200050e-02,3.361252e-04,3.018149e-03,1.306428e-01,4.709582e-03,5.018047e-01,1.215192e-02,1.383345e-03,1.380877e-01,2.169835e-02
3.594622e-02,8.457343e-03,5.309868e-02,2.913263e-02,6.131885e-03,3.259888e-02,9.933760e-04,3.507346e-03,9.875900e-02,5.657816e-03,5.393230e-01,2.173513e-02,2.234995e-03,1.470084e-01,1.541541e-02
2.562193e-02,6.561710e-03,3.723758e-02,2.079097e-02,9.934682e-03,2.406248e-02,8.745359e-04,2.703882e-03,8.089618e-02,4.574609e-03,6.065566e-01,3.080678e-02,2.689944e-03,1.357308e-01,1.095737e-02
1.835526e-02,7.070232e-03,2.639124e-02,1.544746e-02,1.145888e-02,2.332746e-02,8.556798e-04,2.105083e-03,1.131831e-01,4.883164e-03,6.204566e-01,2.945338e-02,2.569007e-03,1.165310e-01,7.912462e-03
1.316014e-02,7.320799e-03,1.875064e-02,1.114718e-02,9.014788e-03,1.781577e-02,6.780698e-04,1.825535e-03,1.022917e-01,4.570639e-03,6.975974e-01,2.217022e-02,2.660296e-03,8.512504e-02,5.871837e-03
9.502428e-03,6.237339e-03,1.320195e-02,8.096017e-03,7.274063e-03,1.333979e-02,5.265255e-04,1.453601e-03,9.749103e-02,4.534718e-03,7.485572e-01,1.714925e-02,2.966238e-03,6.505255e-02,4.617331e-03
7.336098e-03,4.888699e-03,9.383949e-03,5.767526e-03,6.876013e-03,9.907283e-03,4.730643e-04,1.620429e-03,7.653762e-02,3.756761e-03,7.975070e-01,1.436330e-02,2.819858e-03,5.539478e-02,3.367585e-03
7.078483e-03,7.492613e-03,7.393073e-03,5.307520e-03,7.251463e-03,1.462692e-02,4.704144e-04,9.787313e-03,1.444700e-01,5.855487e-03,7.043090e-01,1.398405e-02,2.539057e-03,6.682365e-02,2.610928e-03
5.432426e-03,2.319975e-02,5.595397e-03,3.945053e-03,6.227490e-03,1.814045e-02,4.016435e-04,8.035677e-03,1.712504e-01,8.527844e-03,6.703222e-01,1.584271e-02,1.992415e-03,5.914185e-02,1.944728e-03
5.588364e-03,8.324784e-02,2.033252e-02,5.808390e-03,8.339625e-03,2.727867e-02,9.954934e-04,5.717939e-02,2.263471e-01,8.440159e-03,4.945632e-01,1.174977e-02,1.571598e-03,4.703269e-02,1.525108e-03
5.485512e-03,1.849156e-01,3.096297e-02,4.258167e-02,1.180579e-02,2.366770e-02,1.063748e-03,4.218921e-02,2.170382e-01,1.638164e-02,3.677918e-01,8.928403e-03,1.729306e-03,3.634935e-02,9.109024e-03
4.982520e-03,2.486650e-01,2.973390e-02,3.449139e-02,1.407979e-02,3.949998e-02,7.734594e-04,3.523024e-02,2.418138e-01,1.881957e-02,2.639418e-01,7.058464e-03,2.676085e-03,3.604402e-02,2.218992e-02
4.810547e-03,3.260573e-01,2.697438e-02,2.546941e-02,1.264517e-02,6.616478e-02,5.640360e-04,2.671105e-02,2.298171e-01,2.419439e-02,1.891042e-01,5.883716e-03,2.609767e-03,3.447028e-02,2.452389e-02
5.903933e-03,3.133861e-01,3.137110e-02,1.915608e-02,1.074214e-02,5.211179e-02,4.630470e-04,2.131212e-02,2.894703e-01,2.815370e-02,1.351017e-01,4.946649e-03,3.017067e-03,3.214825e-02,5.271600e-02
1.875780e-02,2.748291e-01,4.452012e-02,1.546658e-02,1.046678e-02,5.140316e-02,4.143665e-04,5.854149e-02,2.807678e-01,2.070911e-02,1.024971e-01,4.069521e-03,3.618232e-03,7.507741e-02,3.886135e-02
1.878690e-02,2.025673e-01,4.739061e-02,1.818582e-02,9.159067e-03,3.782421e-02,3.335862e-04,4.483748e-02,4.398549e-01,1.680580e-02,7.322437e-02,3.305810e-03,2.902285e-03,5.496605e-02,2.985582e-02
2.344501e-02,1.615257e-01,4.086037e-02,1.592909e-02,1.770209e-02,3.867773e-02,3.056085e-04,4.054645e-02,4.634793e-01,1.286783e-02,5.452250e-02,2.488026e-03,3.016914e-03,9.653281e-02,2.810063e-02
3.818352e-02,1.280236e-01,3.695710e-02,1.334794e-02,3.835800e-02,1.198144e-01,4.110420e-04,3.861764e-02,3.977657e-01,1.042720e-02,4.038760e-02,1.994408e-03,4.209764e-03,1.003576e-01,3.114442e-02
3.813791e-02,9.832314e-02,3.696588e-02,3.386250e-02,7.595462e-02,1.031458e-01,2.102424e-03,8.400378e-02,3.849663e-01,8.227337e-03,2.897464e-02,1.524326e-03,5.099015e-03,7.150563e-02,2.720667e-02
5.655187e-02,7.624842e-02,3.555031e-02,3.808021e-02,1.035838e-01,1.653723e-01,3.686577e-03,7.736771e-02,3.313347e-01,5.967278e-03,2.190695e-02,1.318168e-03,6.552209e-03,5.364089e-02,2.283849e-02
5.818272e-02,5.795524e-02,2.950921e-02,3.986392e-02,9.744786e-02,1.739017e-01,4.547833e-03,1.921503e-01,2.639856e-01,4.283550e-03,1.557104e-02,1.032866e-03,5.914791e-03,3.818646e-02,1.746690e-02
4.320127e-02,4.201217e-02,2.280604e-02,3.132694e-02,7.835610e-02,1.238675e-01,3.435657e-03,4.064870e-01,1.882140e-01,3.538827e-03,1.149890e-02,8.313676e-04,4.422607e-03,2.677848e-02,1.322313e-02
3.291842e-02,3.024844e-02,1.663328e-02,2.222055e-02,6.035091e-02,8.763307e-02,2.607850e-03,5.704765e-01,1.342167e-01,2.508695e-03,8.195492e-03,6.100475e-04,3.266577e-03,1.878486e-02,9.328675e-03
2.468473e-02,2.124529e-02,1.189677e-02,1.566480e-02,4.377999e-02,6.150611e-02,1.881254e-03,6.950190e-01,9.414559e-02,1.812000e-03,5.848139e-03,4.452303e-04,2.330575e-03,1.317580e-02,6.564726e-03
2.079415e-02,1.490687e-02,8.420513e-03,1.106312e-02,3.126813e-02,4.339092e-02,1.366932e-03,7.814220e-01,6.597453e-02,1.307338e-03,4.216396e-03,3.367062e-04,1.683601e-03,9.238625e-03,4.610101e-03
1.809171e-02,1.046931e-02,6.094494e-03,7.881746e-03,2.230979e-02,3.157394e-02,1.078109e-03,8.406604e-01,4.624505e-02,9.347643e-04,3.046643e-03,2.738736e-04,1.571160e-03,6.509011e-03,3.259997e-03
1.958607e-02,7.420872e-03,5.108597e-03,6.144707e-03,1.714255e-02,2.435601e-02,9.769689e-04,8.740369e-01,3.249931e-02,7.179544e-04,2.634408e-03,4.474908e-04,1.847857e-03,4.708513e-03,2.371853e-03
2.489677e-02,5.263936e-03,4.046873e-03,5.058225e-03,1.435884e-02,1.849542e-02,9.902171e-04,8.941228e-01,2.283439e-02,5.330483e-04,2.292024e-03,4.112333e-04,1.647350e-03,3.346162e-03,1.702684e-03
2.654091e-02,3.844630e-03,3.183563e-03,4.049432e-03,1.293790e-02,1.353791e-02,1.085112e-03,9.107059e-01,1.612618e-02,4.056457e-04,2.027747e-03,4.300536e-04,1.419937e-03,2.406610e-03,1.298431e-03
2.478534e-02,2.793729e-03,3.097962e-03,3.261673e-03,1.029088e-02,1.011414e-02,1.691780e-03,9.260939e-01,1.137547e-02,3.330622e-04,1.675747e-03,4.664873e-04,1.198863e-03,1.726395e-03,1.094597e-03
2.507003e-02,2.053877e-03,4.131855e-03,3.062339e-03,8.051424e-03,7.722768e-03,1.942047e-03,9.345211e-01,8.051463e-03,2.907669e-04,1.396494e-03,5.151886e-04,1.016216e-03,1.252464e-03,9.219665e-04
2.499165e-02,1.486951e-03,5.361263e-03,2.704956e-03,6.880140e-03,5.732485e-03,2.713729e-03,9.401098e-01,5.744949e-03,2.626923e-04,1.103725e-03,4.919566e-04,8.113839e-04,8.986731e-04,7.055591e-04
2.422775e-02,1.083590e-03,5.181802e-03,2.235062e-03,6.733703e-03,4.267646e-03,3.162832e-03,9.455596e-01,4.132679e-03,2.408260e-04,8.744682e-04,4.636394e-04,6.607170e-04,6.409505e-04,5.347678e-04
