1.000000e+00,0.000000e+00,0.000000e+00,0.000000e+00,0.000000e+00,0.000000e+00,0.000000e+00,0.000000e+00,0.000000e+00,0.000000e+00,0.000000e+00,0.000000e+00,0.000000e+00,0.000000e+00,0.000000e+00
1.000000e+00,0.000000e+00,0.000000e+00,0.000000e+00,0.000000e+00,0.000000e+00,0.000000e+00,0.000000e+00,0.000000e+00,0.000000e+00,0.000000e+00,0.000000e+00,0.000000e+00,0.000000e+00,0.000000e+00
1.000000e+00,0.000000e+00,0.000000e+00,0.000000e+00,0.000000e+00,0.000000e+00,0.000000e+00,0.000000e+00,0.000000e+00,0.000000e+00,0.000000e+00,0.000000e+00,0.000000e+00,0.000000e+00,0.000000e+00
1.000000e+00,0.000000e+00,0.000000e+00,0.000000e+00,0.000000e+00,0.000000e+00,0.000000e+00,0.000000e+00,0.000000e+00,0.000000e+00,0.000000e+00,0.000000e+00,0.000000e+00,0.000000e+00,0.000000e+00
1.000000e+00,0.000000e+00,0.000000e+00,0.000000e+00,0.000000e+00,0.000000e+00,0.000000e+00,0.000000e+00,0.000000e+00,0.000000e+00,0.000000e+00,0.000000e+00,0.000000e+00,0.000000e+00,0.000000e+00
1.000000e+00,0.000000e+00,0.000000e+00,0.000000e+00,0.000000e+00,0.000000e+00,0.000000e+00,0.000000e+00,0.000000e+00,0.000000e+00,0.000000e+00,0.000000e+00,0.000000e+00,0.000000e+00,0.000000e+00
1.000000e+00,0.000000e+00,0.000000e+00,0.000000e+00,0.000000e+00,0.000000e+00,0.000000e+00,0.000000e+00,0.000000e+00,0.000000e+00,0.000000e+00,0.000000e+00,0.000000e+00,0.000000e+00,0.000000e+00
1.000000e+00,0.000000e+00,0.000000e+00,0.000000e+00,0.000000e+00,0.000000e+00,0.000000e+00,0.000000e+00,0.000000e+00,0.000000e+00,0.000000e+00,0.000000e+00,0.000000e+00,0.000000e+00,0.000000e+00
1.000000e+00,0.000000e+00,0.000000e+00,0.000000e+00,0.000000e+00,0.000000e+00,0.000000e+00,0.000000e+00,0.000000e+00,0.000000e+00,0.000000e+00,0.000000e+00,0.000000e+00,0.000000e+00,0.000000e+00
1.000000e+00,0.000000e+00,0.000000e+00,0.000000e+00,0.000000e+00,0.000000e+00,0.000000e+00,0.000000e+00,0.000000e+00,0.000000e+00,0.000000e+00,0.000000e+00,0.000000e+00,0.000000e+00,0.000000e+00
1.000000e+00,0.000000e+00,0.000000e+00,0.000000e+00,0.000000e+00,0.000000e+00,0.000000e+00,0.000000e+00,0.000000e+00,0.000000e+00,0.000000e+00,0.000000e+00,0.000000e+00,0.000000e+00,0.000000e+00
1.000000e+00,0.000000e+00,0.000000e+00,0.000000e+00,0.000000e+00,0.000000e+00,0.000000e+00,0.000000e+00,0.000000e+00,0.000000e+00,0.000000e+00,0.000000e+00,0.000000e+00,0.000000e+00,0.000000e+00
1.000000e+00,0.000000e+00,0.000000e+00,0.000000e+00,0.000000e+00,0.000000e+00,0.000000e+00,0.000000e+00,0.000000e+00,0.000000e+00,0.000000e+00,0.000000e+00,0.000000e+00,0.000000e+00,0.000000e+00
1.000000e+00,0.000000e+00,0.000000e+00,0.000000e+00,0.000000e+00,0.000000e+00,0.000000e+00,0.000000e+00,0.000000e+00,0.000000e+00,0.000000e+00,0.000000e+00,0.000000e+00,0.000000e+00,0.000000e+00
1.000000e+00,0.000000e+00,0.000000e+00,0.000000e+00,0.000000e+00,0.000000e+00,0.000000e+00,0.000000e+00,0.000000e+00,0.000000e+00,0.000000e+00,0.000000e+00,0.000000e+00,0.000000e+00,0.000000e+00
1.000000e+00,0.000000e+00,0.000000e+00,0.000000e+00,0.000000e+00,0.000000e+00,0.000000e+00,0.000000e+00,0.000000e+00,0.000000e+00,0.000000e+00,0.000000e+00,0.000000e+00,0.000000e+00,0.000000e+00
1.000000e+00,0.000000e+00,0.000000e+00,0.000000e+00,0.000000e+00,0.000000e+00,0.000000e+00,0.000000e+00,0.000000e+00,0.000000e+00,0.000000e+00,0.000000e+00,0.000000e+00,0.000000e+00,0.000000e+00
1.000000e+00,0.000000e+00,0.000000e+00,0.000000e+00,0.000000e+00,0.000000e+00,0.000000e+00,0.000000e+00,0.000000e+00,0.000000e+00,0.000000e+00,0.000000e+00,0.000000e+00,0.000000e+00,0.000000e+00
1.000000e+00,0.000000e+00,0.000000e+00,0.000000e+00,0.000000e+00,0.000000e+00,0.000000e+00,0.000000e+00,0.000000e+00,0.000000e+00,0.000000e+00,0.000000e+00,0.000000e+00,0.000000e+00,0.000000e+00
1.000000e+00,0.000000e+00,0.000000e+00,0.000000e+00,0.000000e+00,0.000000e+00,0.000000e+00,0.000000e+00,0.000000e+00,0.000000e+00,0.000000e+00,0.000000e+00,0.000000e+00,0.000000e+00,0.000000e+00
1.000000e+00,0.000000e+00,0.000000e+00,0.000000e+00,0.000000e+00,0.000000e+00,0.000000e+00,0.000000e+00,0.000000e+00,0.000000e+00,0.000000e+00,0.000000e+00,0.000000e+00,0.000000e+00,0.000000e+00
1.000000e+00,0.000000e+00,0.000000e+00,0.000000e+00,0.000000e+00,0.000000e+00,0.000000e+00,0.000000e+00,0.000000e+00,0.000000e+00,0.000000e+00,0.000000e+00,0.000000e+00,0.000000e+00,0.000000e+00
1.000000e+00,0.000000e+00,0.000000e+00,0.000000e+00,0.000000e+00,0.000000e+00,0.000000e+00,0.000000e+00,0.000000e+00,0.000000e+00,0.000000e+00,0.000000e+00,0.000000e+00,0.000000e+00,0.000000e+00
1.000000e+00,0.000000e+00,0.000000e+00,0.000000e+00,0.000000e+00,0.000000e+00,0.000000e+00,0.000000e+00,0.000000e+00,0.000000e+00,0.000000e+00,0.000000e+00,0.000000e+00,0.000000e+00,0.000000e+00
1.000000e+00,0.000000e+00,0.000000e+00,0.000000e+00,0.000000e+00,0.000000e+00,0.000000e+00,0.000000e+00,0.000000e+00,0.000000e+00,0.000000e+00,0.000000e+00,0.000000e+00,0.000000e+00,0.000000e+00
1.000000e+00,0.000000e+00,0.000000e+00,0.000000e+00,0.000000e+00,0.000000e+00,0.000000e+00,0.000000e+00,0.000000e+00,0.000000e+00,0.000000e+00,0.000000e+00,0.000000e+00,0.000000e+00,0.000000e+00
1.000000e+00,0.000000e+00,0.000000e+00,0.000000e+00,0.000000e+00,0.000000e+00,0.000000e+00,0.000000e+00,0.000000e+00,0.000000e+00,0.000000e+00,0.000000e+00,0.000000e+00,0.000000e+00,0.000000e+00
1.000000e+00,0.000000e+00,0.000000e+00,0.000000e+00,0.000000e+00,0.000000e+00,0.000000e+00,0.000000e+00,0.000000e+00,0.000000e+00,0.000000e+00,0.000000e+00,0.000000e+00,0.000000e+00,0.000000e+00
1.000000e+00,0.000000e+00,0.000000e+00,0.000000e+00,0.000000e+00,0.000000e+00,0.000000e+00,0.000000e+00,0.000000e+00,0.000000e+00,0.000000e+00,0.000000e+00,0.000000e+00,0.000000e+00,0.000000e+00
1.000000e+00,0.000000e+00,0.000000e+00,0.000000e+00,0.000000e+00,0.000000e+00,0.000000e+00,0.000000e+00,0.000000e+00,0.000000e+00,0.000000e+00,0.000000e+00,0.000000e+00,0.000000e+00,0.000000e+00
1.000000e+00,0.000000e+00,0.000000e+00,0.000000e+00,0.000000e+00,0.000000e+00,0.000000e+00,0.000000e+00,0.000000e+00,0.000000e+00,0.000000e+00,0.000000e+00,0.000000e+00,0.000000e+00,0.000000e+00
1.000000e+00,0.000000e+00,0.000000e+00,0.000000e+00,0.000000e+00,0.000000e+00,0.000000e+00,0.000000e+00,0.000000e+00,0.000000e+00,0.000000e+00,0.000000e+00,0.000000e+00,0.000000e+00,0.000000e+00
1.000000e+00,0.000000e+00,0.000000e+00,0.000000e+00,0.000000e+00,0.000000e+00,0.000000e+00,0.000000e+00,0.000000e+00,0.000000e+00,0.000000e+00,0.000000e+00,0.000000e+00,0.000000e+00,0.000000e+00
1.000000e+00,0.000000e+00,0.000000e+00,0.000000e+00,0.000000e+00,0.000000e+00,0.000000e+00,0.000000e+00,0.000000e+00,0.000000e+00,0.000000e+00,0.000000e+00,0.000000e+00,0.000000e+00,0.000000e+00
1.000000e+00,0.000000e+00,0.000000e+00,0.000000e+00,0.000000e+00,0.000000e+00,0.000000e+00,0.000000e+00,0.000000e+00,0.000000e+00,0.000000e+00,0.000000e+00,0.000000e+00,0.000000e+00,0.000000e+00
1.000000e+00,0.000000e+00,0.000000e+00,0.000000e+00,0.000000e+00,0.000000e+00,0.000000e+00,0.000000e+00,0.000000e+00,0.000000e+00,0.000000e+00,0.000000e+00,0.000000e+00,0.000000e+00,0.000000e+00
1.000000e+00,0.000000e+00,0.000000e+00,0.000000e+00,0.000000e+00,0.000000e+00,0.000000e+00,0.000000e+00,0.000000e+00,0.000000e+00,0.000000e+00,0.000000e+00,0.000000e+00,0.000000e+00,0.000000e+00
1.000000e+00,0.000000e+00,0.000000e+00,0.000000e+00,0.000000e+00,0.000000e+00,0.000000e+00,0.000000e+00,0.000000e+00,0.000000e+00,0.000000e+00,0.000000e+00,0.000000e+00,0.000000e+00,0.000000e+00
1.000000e+00,0.000000e+00,0.000000e+00,0.000000e+00,0.000000e+00,0.000000e+00,0.000000e+00,0.000000e+00,0.000000e+00,0.000000e+00,0.000000e+00,0.000000e+00,0.000000e+00,0.000000e+00,0.000000e+00
1.000000e+00,0.000000e+00,0.000000e+00,0.000000e+00,0.000000e+00,0.000000e+00,0.000000e+00,0.000000e+00,0.000000e+00,0.000000e+00,0.000000e+00,0.000000e+00,0.000000e+00,0.000000e+00,0.000000e+00
1.000000e+00,0.000000e+00,0.000000e+00,0.000000e+00,0.000000e+00,0.000000e+00,0.000000e+00,0.000000e+00,0.000000e+00,0.000000e+00,0.000000e+00,0.000000e+00,0.000000e+00,0.000000e+00,0.000000e+00
1.000000e+00,0.000000e+00,0.000000e+00,0.000000e+00,0.000000e+00,0.000000e+00,0.000000e+00,0.000000e+00,0.000000e+00,0.000000e+00,0.000000e+00,0.000000e+00,0.000000e+00,0.000000e+00,0.000000e+00
1.000000e+00,0.000000e+00,0.000000e+00,0.000000e+00,0.000000e+00,0.000000e+00,0.000000e+00,0.000000e+00,0.000000e+00,0.000000e+00,0.000000e+00,0.000000e+00,0.000000e+00,0.000000e+00,0.000000e+00
1.000000e+00,0.000000e+00,0.000000e+00,0.000000e+00,0.000000e+00,0.000000e+00,0.000000e+00,0.000000e+00,0.000000e+00,0.000000e+00,0.000000e+00,0.000000e+00,0.000000e+00,0.000000e+00,0.000000e+00
1.000000e+00,0.000000e+00,0.000000e+00,0.000000e+00,0.000000e+00,0.000000e+00,0.000000e+00,0.000000e+00,0.000000e+00,0.000000e+00,0.000000e+00,0.000000e+00,0.000000e+00,0.000000e+00,0.000000e+00
1.000000e+00,0.000000e+00,0.000000e+00,0.000000e+00,0.000000e+00,0.000000e+00,0.000000e+00,0.000000e+00,0.000000e+00,0.000000e+00,0.000000e+00,0.000000e+00,0.000000e+00,0.000000e+00,0.000000e+00
1.000000e+00,0.000000e+00,0.000000e+00,0.000000e+00,0.000000e+00,0.000000e+00,0.000000e+00,0.000000e+00,0.000000e+00,0.000000e+00,0.000000e+00,0.000000e+00,0.000000e+00,0.000000e+00,0.000000e+00
1.000000e+00,0.000000e+00,0.000000e+00,0.000000e+00,0.000000e+00,0.000000e+00,0.000000e+00,0.000000e+00,0.000000e+00,0.000000e+00,0.000000e+00,0.000000e+00,0.000000e+00,0.000000e+00,0.000000e+00
1.000000e+00,0.000000e+00,0.000000e+00,0.000000e+00,0.000000e+00,0.000000e+00,0.000000e+00,0.000000e+00,0.000000e+00,0.000000e+00,0.000000e+00,0.000000e+00,0.000000e+00,0.000000e+00,0.000000e+00
1.000000e+00,0.000000e+00,0.000000e+00,0.000000e+00,0.000000e+00,0.000000e+00,0.000000e+00,0.000000e+00,0.000000e+00,0.000000e+00,0.000000e+00,0.000000e+00,0.000000e+00,0.000000e+00,0.000000e+00
1.000000e+00,0.000000e+00,0.000000e+00,0.000000e+00,0.000000e+00,0.000000e+00,0.000000e+00,0.000000e+00,0.000000e+00,0.000000e+00,0.000000e+00,0.000000e+00,0.000000e+00,0.000000e+00,0.000000e+00
1.000000e+00,0.000000e+00,0.000000e+00,0.000000e+00,0.000000e+00,0.000000e+00,0.000000e+00,0.000000e+00,0.000000e+00,0.000000e+00,0.000000e+00,0.000000e+00,0.000000e+00,0.000000e+00,0.000000e+00
1.000000e+00,0.000000e+00,0.000000e+00,0.000000e+00,0.000000e+00,0.000000e+00,0.000000e+00,0.000000e+00,0.000000e+00,0.000000e+00,0.000000e+00,0.000000e+00,0.000000e+00,0.000000e+00,0.000000e+00
1.000000e+00,0.000000e+00,0.000000e+00,0.000000e+00,0.000000e+00,0.000000e+00,0.000000e+00,0.000000e+00,0.000000e+00,0.000000e+00,0.000000e+00,0.000000e+00,0.000000e+00,0.000000e+00,0.000000e+00
1.000000e+00,0.000000e+00,0.000000e+00,0.000000e+00,0.000000e+00,0.000000e+00,0.000000e+00,0.000000e+00,0.000000e+00,0.000000e+00,0.000000e+00,0.000000e+00,0.000000e+00,0.000000e+00,0.000000e+00
1.000000e+00,0.000000e+00,0.000000e+00,0.000000e+00,0.000000e+00,0.000000e+00,0.000000e+00,0.000000e+00,0.000000e+00,0.000000e+00,0.000000e+00,0.000000e+00,0.000000e+00,0.000000e+00,0.000000e+00
1.000000e+00,0.000000e+00,0.000000e+00,0.000000e+00,0.000000e+00,0.000000e+00,0.000000e+00,0.000000e+00,0.000000e+00,0.000000e+00,0.000000e+00,0.000000e+00,0.000000e+00,0.000000e+00,0.000000e+00
1.000000e+00,0.000000e+00,0.000000e+00,0.000000e+00,0.000000e+00,0.000000e+00,0.000000e+00,0.000000e+00,0.000000e+00,0.000000e+00,0.000000e+00,0.000000e+00,0.000000e+00,0.000000e+00,0.000000e+00
1.000000e+00,0.000000e+00,0.000000e+00,0.000000e+00,0.000000e+00,0.000000e+00,0.000000e+00,0.000000e+00,0.000000e+00,0.000000e+00,0.000000e+00,0.000000e+00,0.000000e+00,0.000000e+00,0.000000e+00
4.529081e-01,1.940450e-02,1.548410e-02,4.459402e-02,5.648383e-02,3.911924e-02,3.081095e-01,1.802371e-02,2.857918e-03,1.617536e-03,4.560489e-03,9.951599e-03,1.363257e-02,1.388708e-03,1.186420e-02
3.178357e-01,1.366313e-02,1.096525e-02,3.128606e-02,6.272653e-02,2.807302e-02,4.870197e-01,1.508513e-02,2.036687e-03,1.496057e-03,3.450925e-03,7.045663e-03,9.880916e-03,1.000906e-03,8.434365e-03
2.233412e-01,9.636408e-03,7.794159e-03,2.197830e-02,7.358821e-02,2.065220e-02,6.060472e-01,1.168074e-02,1.476597e-03,1.674144e-03,2.732057e-03,5.059768e-03,7.567750e-03,7.209459e-04,6.050294e-03
1.563986e-01,6.770324e-03,5.513899e-03,1.542486e-02,6.641569e-02,1.527611e-02,6.968782e-01,8.237244e-03,1.051485e-03,9.370907e-03,2.381767e-03,3.941358e-03,5.833808e-03,5.328945e-04,5.972892e-03
1.095118e-01,4.751537e-03,3.883970e-03,1.081305e-02,4.723962e-02,1.118415e-02,7.354197e-01,5.833446e-03,7.620470e-04,1.066012e-02,2.984941e-03,1.786456e-02,2.505243e-02,6.140716e-04,1.342463e-02
7.687666e-02,3.343172e-03,2.729248e-03,7.603000e-03,3.342884e-02,8.951563e-03,6.074979e-01,4.113854e-03,5.559098e-04,9.240402e-03,9.403299e-03,5.069602e-02,1.427359e-01,8.669662e-04,4.195727e-02
5.415157e-02,2.381885e-03,1.926424e-03,5.703591e-03,2.398896e-02,9.962071e-03,4.441910e-01,2.901160e-03,5.021059e-04,7.272678e-03,5.274669e-02,3.882775e-02,1.794490e-01,4.017676e-03,1.719774e-01
3.824390e-02,1.719951e-03,1.377599e-03,4.176485e-03,1.728013e-02,1.814986e-02,3.230619e-01,2.092315e-03,7.019151e-04,5.610630e-03,6.725833e-02,2.926331e-02,2.448426e-01,7.680048e-03,2.385411e-01
2.715176e-02,1.267631e-03,9.950681e-04,2.991311e-03,1.285868e-02,1.885476e-02,2.281217e-01,1.759649e-03,1.809495e-03,4.503434e-03,7.063860e-02,3.607199e-02,3.413354e-01,7.035003e-03,2.446055e-01
2.150871e-02,2.915750e-03,1.179286e-03,2.189684e-03,9.562449e-03,2.248545e-02,1.611481e-01,2.187994e-03,4.794906e-03,4.003994e-03,5.789203e-02,4.471961e-02,4.387443e-01,7.236859e-03,2.194309e-01
1.939274e-02,5.276434e-03,2.874913e-03,1.723006e-03,1.144274e-02,2.129610e-02,1.149177e-01,1.086803e-02,3.690828e-02,5.621635e-03,6.539459e-02,5.994628e-02,3.953099e-01,6.466499e-03,2.425611e-01
1.659833e-02,9.919397e-03,2.699963e-03,1.439723e-03,8.948484e-03,5.166929e-02,8.211863e-02,8.240676e-03,5.438016e-02,1.169516e-02,9.876035e-02,8.410124e-02,3.039634e-01,1.052930e-02,2.549359e-01
1.348112e-02,1.942106e-02,2.524549e-03,1.510965e-03,8.191675e-03,4.712216e-02,5.920748e-02,7.111401e-03,1.187586e-01,1.697817e-02,1.518370e-01,9.717670e-02,2.312067e-01,1.479471e-02,2.106777e-01
1.138358e-02,2.180849e-02,2.841874e-03,1.779322e-03,9.353009e-03,3.804822e-02,4.231564e-02,7.190222e-03,1.446510e-01,1.836798e-02,2.442760e-01,1.170873e-01,1.677835e-01,1.862027e-02,1.544936e-01
9.436412e-03,3.443335e-02,3.677200e-03,2.837101e-03,1.015748e-02,2.840474e-02,3.001501e-02,5.735371e-03,1.906076e-01,2.288257e-02,2.394621e-01,1.501676e-01,1.231836e-01,2.824383e-02,1.207560e-01
7.096878e-03,2.626314e-02,3.381766e-03,4.881273e-03,8.774637e-03,2.281192e-02,2.167010e-02,4.663222e-03,1.891492e-01,2.890008e-02,2.553792e-01,2.246939e-01,9.154870e-02,2.428803e-02,8.649796e-02
6.470066e-03,2.007486e-02,3.580833e-03,6.277745e-03,7.719003e-03,2.667756e-02,1.558698e-02,3.481455e-03,1.613824e-01,1.465430e-01,2.237920e-01,2.254296e-01,7.162051e-02,1.983118e-02,6.153294e-02
6.958977e-03,1.606456e-02,2.925722e-03,6.358976e-03,6.792522e-03,3.193597e-02,1.106029e-02,2.656437e-03,1.266535e-01,1.389817e-01,2.218768e-01,2.950956e-01,7.015100e-02,1.730298e-02,4.518497e-02
7.820543e-03,1.371542e-02,3.155295e-03,5.228888e-03,6.868718e-03,2.449099e-02,7.997592e-03,1.936951e-03,1.014014e-01,1.454290e-01,2.128462e-01,3.584395e-01,5.931031e-02,1.851352e-02,3.284563e-02
9.818209e-03,2.114516e-02,4.832044e-03,4.522774e-03,7.041824e-03,2.119492e-02,5.689495e-03,1.636487e-03,8.720224e-02,2.083873e-01,2.144831e-01,3.080018e-01,5.951915e-02,2.079381e-02,2.573183e-02
1.223895e-02,4.326667e-02,4.303104e-02,4.699392e-03,1.373006e-02,1.652149e-02,4.192866e-03,2.279430e-03,8.048539e-02,2.301581e-01,2.134770e-01,2.467326e-01,4.691267e-02,2.110727e-02,2.116711e-02
2.193097e-02,3.457405e-02,3.384518e-02,5.225818e-03,1.185938e-02,1.513447e-02,3.136273e-03,2.588604e-03,7.615544e-02,3.572927e-01,1.749640e-01,1.840997e-01,3.457928e-02,2.686392e-02,1.775027e-02
3.348075e-02,3.190665e-02,2.897401e-02,6.303543e-03,1.597522e-02,1.408356e-02,2.527115e-03,3.292444e-03,7.599941e-02,4.365117e-01,1.390820e-01,1.346435e-01,2.587191e-02,3.318184e-02,1.816637e-02
3.276224e-02,2.490470e-02,2.587732e-02,5.585510e-03,2.141518e-02,1.068074e-02,1.900821e-03,7.012496e-03,6.642191e-02,5.378870e-01,1.004901e-01,9.596819e-02,1.889414e-02,3.628068e-02,1.391902e-02
2.939993e-02,2.018867e-02,2.209460e-02,1.035124e-02,7.047984e-02,9.882400e-03,1.917713e-03,8.391298e-03,5.777493e-02,5.658953e-01,7.688808e-02,6.789166e-02,1.409766e-02,3.417955e-02,1.056715e-02
2.587045e-02,1.700657e-02,3.328140e-02,8.952365e-02,1.097749e-01,9.963195e-03,1.828580e-03,1.258321e-02,4.415642e-02,5.077938e-01,5.670612e-02,4.762187e-02,1.029120e-02,2.611711e-02,7.481481e-03
3.887597e-02,1.481992e-02,3.049419e-02,1.408678e-01,1.019528e-01,1.512085e-02,2.532028e-03,1.203109e-02,4.091840e-02,4.940731e-01,4.076915e-02,3.351977e-02,7.335413e-03,2.094856e-02,5.740849e-03
4.716878e-02,1.188495e-02,2.335012e-02,1.067218e-01,8.033339e-02,1.392112e-02,2.272532e-03,9.457129e-03,3.374800e-02,5.897537e-01,3.081010e-02,2.376293e-02,5.327205e-03,1.696741e-02,4.520854e-03
6.330266e-02,1.005839e-02,1.901623e-02,1.424643e-01,6.843083e-02,1.293691e-02,1.999475e-03,8.773856e-03,2.709611e-02,5.730233e-01,3.188849e-02,1.822135e-02,4.594214e-03,1.407554e-02,4.118396e-03
7.358300e-02,7.720316e-03,1.857517e-02,1.732534e-01,5.326805e-02,1.104246e-02,1.632176e-03,8.630564e-03,2.526357e-02,5.560197e-01,3.164329e-02,1.399244e-02,3.922031e-03,1.751563e-02,3.938250e-03
6.957684e-02,5.805440e-03,2.813846e-02,3.189259e-01,4.021707e-02,8.889763e-03,1.337497e-03,8.988611e-03,2.026068e-02,4.414157e-01,2.558286e-02,1.044604e-02,3.209969e-03,1.353341e-02,3.671810e-03
1.151190e-01,6.125345e-03,4.302376e-02,3.408085e-01,4.826976e-02,9.624260e-03,1.122541e-03,6.966328e-03,1.649393e-02,3.651765e-01,2.113285e-02,7.969253e-03,2.893474e-03,1.189734e-02,3.377287e-03
1.737018e-01,8.854427e-03,4.612539e-02,3.413502e-01,6.034513e-02,9.543588e-03,1.154482e-03,6.805815e-03,1.857263e-02,2.872755e-01,1.914643e-02,8.937906e-03,3.566107e-03,1.107141e-02,3.549185e-03
1.968670e-01,1.314965e-02,3.882171e-02,3.769300e-01,7.987436e-02,1.001832e-02,1.566517e-03,6.848138e-03,1.922686e-02,2.120910e-01,1.748538e-02,8.838302e-03,4.422903e-03,9.574817e-03,4.285112e-03
2.243816e-01,2.005969e-02,3.509777e-02,3.583221e-01,1.231811e-01,1.265729e-02,1.872548e-03,8.335498e-03,2.203214e-02,1.517292e-01,1.672156e-02,7.943053e-03,4.695028e-03,8.150293e-03,4.821202e-03
1.718634e-01,2.748561e-02,3.252923e-02,3.021080e-01,9.897128e-02,1.134959e-01,1.575304e-03,6.690438e-03,3.087690e-02,1.520540e-01,2.370346e-02,6.387066e-03,4.786511e-03,1.108074e-02,1.639228e-02
1.689537e-01,2.840991e-02,4.024781e-02,3.005574e-01,7.526135e-02,1.069667e-01,1.263732e-03,6.075436e-03,4.976732e-02,1.479710e-01,2.532443e-02,6.265586e-03,6.061451e-03,1.694620e-02,1.992801e-02
2.247976e-01,2.897724e-02,3.718324e-02,2.538751e-01,5.664506e-02,1.057092e-01,1.244329e-03,7.033820e-03,5.613095e-02,1.151674e-01,4.316820e-02,1.045310e-02,7.825879e-03,2.724910e-02,2.453984e-02
2.470585e-01,3.708276e-02,3.849624e-02,1.927675e-01,4.716292e-02,1.265365e-01,1.589499e-03,8.909023e-03,6.507860e-02,9.822904e-02,5.303776e-02,1.184599e-02,8.910174e-03,3.288709e-02,3.040837e-02
2.698872e-01,3.886872e-02,3.925323e-02,1.455684e-01,3.986897e-02,1.415449e-01,1.911658e-03,1.019076e-02,7.202800e-02,8.449325e-02,5.722914e-02,1.245615e-02,9.398749e-03,4.062712e-02,3.667372e-02
3.052442e-01,5.363262e-02,3.980939e-02,1.093175e-01,3.686423e-02,1.480010e-01,2.641311e-03,1.359866e-02,6.861487e-02,6.740058e-02,5.296944e-02,1.040846e-02,8.240132e-03,3.958737e-02,4.367023e-02
3.536069e-01,5.551729e-02,3.391623e-02,8.457641e-02,3.961874e-02,1.366502e-01,3.195287e-03,1.865372e-02,7.201326e-02,5.129519e-02,4.425690e-02,1.363152e-02,6.943722e-03,3.402697e-02,5.209759e-02
3.896070e-01,5.565992e-02,2.769469e-02,6.586427e-02,4.303012e-02,1.381754e-01,3.817686e-03,2.037996e-02,8.052431e-02,4.001241e-02,3.687324e-02,1.326764e-02,5.620511e-03,2.855659e-02,5.091625e-02
2.892635e-01,2.595520e-01,3.830292e-02,5.830987e-02,3.435719e-02,9.871084e-02,2.816104e-03,1.486418e-02,6.079702e-02,3.128635e-02,2.964329e-02,1.066570e-02,4.860762e-03,2.169137e-02,4.487889e-02
2.045442e-01,2.188222e-01,3.067000e-02,4.206127e-02,2.504175e-02,7.170959e-02,2.001090e-03,1.052011e-02,9.758051e-02,4.710544e-02,2.594139e-02,8.239816e-03,5.404544e-03,4.554252e-02,1.648156e-01
1.462035e-01,1.621092e-01,2.271029e-02,3.023104e-02,1.767582e-02,5.176943e-02,1.418178e-03,7.449593e-03,1.223136e-01,4.744565e-02,2.558084e-02,6.678587e-03,1.041440e-02,4.419963e-02,3.038003e-01
1.031576e-01,1.204395e-01,2.093072e-02,2.410915e-02,1.271592e-02,3.652453e-02,1.047119e-03,5.488290e-03,1.463435e-01,4.918557e-02,4.827310e-02,1.580660e-02,8.599959e-02,3.360823e-02,2.963706e-01
7.642283e-02,8.877594e-02,1.711010e-02,1.887178e-02,1.018768e-02,2.611816e-02,8.197597e-04,4.230453e-03,1.317307e-01,4.522520e-02,1.295369e-01,2.623601e-02,1.500487e-01,2.962434e-02,2.450614e-01
5.432542e-02,6.484772e-02,1.384542e-02,1.347564e-02,7.610978e-03,1.856819e-02,6.337542e-04,3.029476e-03,1.150717e-01,7.399324e-02,9.327383e-02,1.909989e-02,1.092121e-01,3.491972e-02,3.780929e-01
5.011878e-02,4.785042e-02,1.192418e-02,1.130380e-02,9.622468e-03,1.562896e-02,6.157626e-04,3.183775e-03,1.022008e-01,8.721462e-02,7.353884e-02,1.700954e-02,9.745979e-02,4.977636e-02,4.225519e-01
3.710227e-02,3.402895e-02,9.545368e-03,8.186374e-03,7.610533e-03,1.163610e-02,5.423807e-04,2.375945e-03,8.371909e-02,8.152291e-02,5.357289e-02,1.219657e-02,6.890067e-02,1.003068e-01,4.887531e-01
2.669163e-02,2.437913e-02,7.219270e-03,5.914902e-03,5.707738e-03,8.478766e-03,4.298923e-04,1.788086e-03,8.042920e-02,1.552661e-01,4.182333e-02,1.052998e-02,4.965204e-02,1.052368e-01,4.764531e-01
2.362849e-02,1.810028e-02,6.383566e-03,5.396792e-03,5.107765e-03,7.929334e-03,5.283927e-04,2.354353e-03,9.881002e-02,1.541281e-01,3.826448e-02,1.029603e-02,3.850194e-02,8.640292e-02,5.041676e-01
2.840038e-02,1.613333e-02,6.679345e-03,8.355829e-03,4.322694e-03,7.533838e-03,5.298914e-04,2.718420e-03,1.056548e-01,1.355709e-01,4.791420e-02,2.223542e-02,5.074101e-02,9.064954e-02,4.725604e-01
5.067841e-02,1.626166e-02,6.146932e-03,7.553298e-03,4.762934e-03,7.025599e-03,6.537919e-04,2.442764e-03,1.156353e-01,1.161535e-01,4.709372e-02,1.840777e-02,4.530353e-02,9.336615e-02,4.685146e-01
5.532404e-02,1.454826e-02,4.568229e-03,5.737116e-03,4.073187e-03,6.238683e-03,5.674460e-04,1.912666e-03,2.538910e-01,9.365046e-02,3.550949e-02,1.426744e-02,3.685509e-02,7.900059e-02,3.938563e-01
4.275930e-02,1.416076e-02,3.690273e-03,4.902843e-03,2.978799e-03,4.606822e-03,4.264864e-04,1.463012e-03,4.379336e-01,8.119224e-02,2.544023e-02,1.057037e-02,2.872244e-02,5.598824e-02,2.851645e-01
4.943526e-02,1.717323e-02,5.281049e-03,4.646081e-03,2.523777e-03,4.753599e-03,1.019619e-03,1.874811e-03,4.511014e-01,6.975311e-02,2.861320e-02,1.154147e-02,4.340876e-02,4.368059e-02,2.651941e-01
1.008363e-01,1.513959e-02,6.311020e-03,4.419111e-03,4.839450e-03,7.629326e-03,2.996512e-03,3.977926e-03,3.607156e-01,5.322478e-02,2.935195e-02,9.577499e-03,4.827915e-02,3.674472e-02,3.159571e-01
8.967666e-02,1.260556e-02,5.175716e-03,3.339767e-03,5.426481e-03,5.904563e-03,2.274034e-03,3.266528e-03,3.048707e-01,3.986267e-02,2.500528e-02,7.101980e-03,3.812771e-02,3.183619e-02,4.255261e-01
6.642797e-02,1.985954e-02,4.288130e-03,2.725518e-03,4.731958e-03,4.594866e-03,1.750576e-03,3.310483e-03,3.806137e-01,3.004364e-02,1.869372e-02,5.616343e-03,3.038664e-02,2.358070e-02,4.033762e-01
8.811340e-02,2.138349e-02,4.545485e-03,5.230346e-03,7.036448e-03,2.349398e-02,4.252732e-03,1.884977e-02,3.701071e-01,2.300201e-02,1.823638e-02,6.892229e-03,3.292028e-02,2.130625e-02,3.546301e-01
7.120762e-02,2.036196e-02,4.278426e-03,5.430820e-03,9.647498e-03,4.861903e-02,5.221297e-03,2.104090e-02,4.492523e-01,1.693334e-02,1.463053e-02,5.855481e-03,3.471722e-02,1.612160e-02,2.766820e-01
5.955814e-02,3.763220e-02,4.133467e-03,1.027509e-02,7.502026e-03,3.568074e-02,3.758955e-03,1.501918e-02,5.582405e-01,1.281687e-02,1.183494e-02,5.388875e-03,2.820674e-02,1.219921e-02,1.977531e-01
5.706035e-02,3.740788e-02,4.045819e-03,8.596342e-03,6.726745e-03,2.778834e-02,2.917828e-03,1.202085e-02,5.454322e-01,1.112704e-02,1.413471e-02,6.089736e-03,3.513404e-02,1.507513e-02,2.164431e-01
4.428073e-02,4.065678e-02,4.160631e-03,6.181831e-03,4.795487e-03,2.015877e-02,2.188578e-03,8.547727e-03,4.273689e-01,1.592059e-02,1.517605e-02,5.992053e-03,2.570629e-02,1.829762e-01,1.958895e-01
3.973963e-02,3.405613e-02,4.801805e-03,4.717690e-03,3.527619e-03,1.480875e-02,2.583890e-03,6.378904e-03,3.253383e-01,1.600069e-02,2.786906e-02,3.499247e-02,2.394342e-02,3.080328e-01,1.532089e-01
3.649306e-02,2.868075e-02,7.344794e-03,3.810111e-03,2.678635e-03,1.239366e-02,2.613295e-03,4.780002e-03,2.462715e-01,1.329675e-02,3.932386e-02,9.621842e-02,2.050617e-02,3.635828e-01,1.220063e-01
2.980592e-02,2.108387e-02,6.918713e-03,3.608861e-03,1.930055e-03,9.528558e-03,1.877502e-03,3.422418e-03,1.783327e-01,1.078054e-02,6.545924e-02,2.844965e-01,1.654356e-02,2.783585e-01,8.785307e-02
2.330522e-02,1.499681e-02,7.270461e-03,3.070927e-03,1.445139e-03,7.775648e-03,1.358886e-03,2.513486e-03,1.262049e-01,8.436136e-03,9.355217e-02,4.161980e-01,1.257909e-02,2.193345e-01,6.195867e-02
1.721586e-02,1.078666e-02,5.452019e-03,2.894037e-03,1.254659e-03,7.041551e-03,9.769028e-04,1.867062e-03,8.907171e-02,6.369173e-03,9.020475e-02,5.583487e-01,9.300202e-03,1.555760e-01,4.364088e-02
1.335231e-02,8.124853e-03,3.956106e-03,2.353560e-03,2.830064e-03,6.123351e-03,7.665194e-04,1.418174e-03,6.496872e-02,4.674578e-03,1.419703e-01,6.005074e-01,6.724617e-03,1.114756e-01,3.075388e-02
1.176262e-02,7.180586e-03,2.930680e-03,1.863870e-03,6.156173e-03,4.736882e-03,6.306719e-04,1.169455e-03,4.845294e-02,3.578193e-03,1.786493e-01,6.266893e-01,4.947499e-03,7.955034e-02,2.170144e-02
1.120168e-02,7.015821e-03,2.675026e-03,2.114220e-03,1.768505e-02,4.875590e-03,6.769782e-04,1.557584e-03,3.560518e-02,2.827706e-03,2.814068e-01,5.567250e-01,3.675281e-03,5.650660e-02,1.545139e-02
2.407902e-02,6.216013e-03,2.241975e-03,5.231090e-03,4.666514e-02,4.642828e-03,1.054140e-03,1.965034e-03,2.837481e-02,2.535498e-03,2.590930e-01,5.578870e-01,3.243188e-03,4.505718e-02,1.171411e-02
3.882478e-02,6.316213e-03,2.167058e-03,4.707587e-03,1.408253e-01,7.417237e-03,1.486667e-03,2.868325e-03,2.083505e-02,2.330805e-03,2.413780e-01,4.837649e-01,2.879189e-03,3.563015e-02,8.568676e-03
2.914305e-02,7.715932e-03,3.365192e-03,3.773696e-03,1.583039e-01,7.695283e-03,1.232947e-03,2.804866e-03,1.884881e-02,2.510070e-03,3.203323e-01,4.062360e-01,2.161340e-03,2.903840e-02,6.838137e-03
2.164850e-02,6.200302e-03,3.756944e-03,3.348425e-03,1.396355e-01,5.945250e-03,1.019844e-03,3.494288e-03,1.965987e-02,2.177861e-03,4.238994e-01,3.390419e-01,1.655158e-03,2.299668e-02,5.520050e-03
1.553300e-02,6.313656e-03,3.792334e-03,2.725864e-03,1.341958e-01,4.752974e-03,8.587947e-04,3.183085e-03,1.970816e-02,2.712676e-03,4.532573e-01,3.275811e-01,1.630828e-03,1.891647e-02,4.837896e-03
1.140319e-02,1.255757e-02,7.108787e-03,2.285349e-03,2.332383e-01,4.000953e-03,7.592421e-04,3.327855e-03,1.522523e-02,2.289516e-03,4.258919e-01,2.621661e-01,1.438952e-03,1.468274e-02,3.624432e-03
1.002416e-02,1.462243e-02,8.579399e-03,2.577190e-03,3.348126e-01,5.962980e-03,1.076327e-03,7.231274e-03,2.249868e-02,2.555422e-03,3.534110e-01,2.201181e-01,1.576729e-03,1.162504e-02,3.328733e-03
1.385968e-02,1.296558e-02,1.039205e-02,6.569882e-03,3.055662e-01,1.748145e-02,3.111509e-03,3.569035e-02,2.818285e-02,7.371021e-03,3.447425e-01,1.969257e-01,2.424352e-03,9.686714e-03,5.030304e-03
1.605301e-02,1.374774e-02,9.708995e-03,9.820444e-03,2.840544e-01,1.962250e-02,3.526592e-03,6.036083e-02,7.184811e-02,1.264869e-02,3.016005e-01,1.749050e-01,3.411609e-03,8.275414e-03,1.041614e-02
2.119070e-02,1.967817e-02,1.173848e-02,9.577353e-03,2.463539e-01,1.952756e-02,3.087451e-03,5.745437e-02,1.252014e-01,3.843069e-02,2.430782e-01,1.413830e-01,5.291452e-03,1.703825e-02,4.096917e-02
2.420221e-02,2.221130e-02,1.531738e-02,8.601373e-03,2.223696e-01,2.293789e-02,2.479756e-03,5.038494e-02,1.852536e-01,6.113940e-02,1.985528e-01,1.032049e-01,4.621020e-03,2.121032e-02,5.751353e-02
2.505857e-02,3.317851e-02,2.695775e-02,5.004464e-02,1.615255e-01,1.859447e-02,1.951882e-03,3.821138e-02,2.359464e-01,7.011699e-02,1.473835e-01,7.480709e-02,4.635879e-03,1.671629e-02,9.487116e-02
3.645960e-02,3.089509e-02,3.067769e-02,4.152590e-02,1.328302e-01,1.857979e-02,2.964384e-03,5.958721e-02,3.180138e-01,5.615610e-02,1.252037e-01,5.522630e-02,4.019031e-03,1.851774e-02,6.934346e-02
5.061993e-02,3.702807e-02,2.772255e-02,3.511636e-02,1.051187e-01,2.736061e-02,3.136402e-03,4.979806e-02,3.846148e-01,4.400660e-02,1.049603e-01,4.108987e-02,3.529225e-03,3.315632e-02,5.274217e-02
6.407839e-02,4.028090e-02,2.321064e-02,2.755033e-02,8.760532e-02,2.678857e-02,4.204712e-03,7.762786e-02,3.107219e-01,3.872952e-02,1.042220e-01,2.945755e-02,2.866647e-03,1.233656e-01,3.929009e-02
6.836043e-02,5.986302e-02,2.733105e-02,2.798167e-02,7.054664e-02,2.292109e-02,3.971415e-03,8.366454e-02,2.936346e-01,3.219076e-02,9.703992e-02,2.117551e-02,2.643066e-03,1.506301e-01,3.804622e-02
6.146277e-02,7.255976e-02,3.457724e-02,2.184313e-02,5.853532e-02,2.604952e-02,3.318229e-03,7.270253e-02,3.335775e-01,4.018670e-02,7.602489e-02,1.494466e-02,2.460056e-03,1.255726e-01,5.618506e-02
5.143357e-02,6.168565e-02,6.831297e-02,4.614559e-02,5.177609e-02,1.994517e-02,2.675492e-03,1.489586e-01,3.132356e-01,3.261578e-02,5.392672e-02,1.061814e-02,2.064004e-03,9.334845e-02,4.325818e-02
5.470306e-02,5.489146e-02,5.802327e-02,7.790405e-02,6.418522e-02,2.134006e-02,2.312504e-03,2.042113e-01,2.889580e-01,2.343838e-02,4.038368e-02,7.923258e-03,2.894281e-03,6.706491e-02,3.176661e-02
4.708818e-02,4.073573e-02,5.601523e-02,1.491238e-01,5.407181e-02,2.160045e-02,1.957082e-03,2.791260e-01,2.254136e-01,1.674368e-02,2.901255e-02,5.657259e-03,2.406836e-03,4.763169e-02,2.341601e-02
3.765179e-02,2.990056e-02,4.356222e-02,1.447775e-01,4.019195e-02,1.770580e-02,1.507065e-03,4.266171e-01,1.676664e-01,1.192393e-02,2.085353e-02,4.058706e-03,1.948089e-03,3.442944e-02,1.720593e-02
3.540487e-02,2.582191e-02,3.647369e-02,1.089995e-01,3.368774e-02,1.455625e-02,1.376216e-03,5.550017e-01,1.215150e-01,8.500506e-03,1.535663e-02,2.999928e-03,1.774048e-03,2.517588e-02,1.335601e-02
3.520527e-02,2.110497e-02,2.876062e-02,7.942732e-02,3.148873e-02,1.130379e-02,1.121125e-03,6.507295e-01,8.851900e-02,6.315857e-03,1.129038e-02,2.341324e-03,1.366837e-03,1.974278e-02,1.128236e-02
6.142396e-02,1.677563e-02,2.607765e-02,6.019761e-02,3.132783e-02,1.186088e-02,1.496724e-03,6.797693e-01,6.603888e-02,5.162513e-03,8.726027e-03,2.310963e-03,1.288998e-03,1.554333e-02,1.199962e-02
6.113506e-02,1.273515e-02,2.217919e-02,4.743969e-02,2.603525e-02,9.351816e-03,1.985451e-03,7.358774e-01,4.933560e-02,3.726885e-03,6.392132e-03,1.849533e-03,1.126401e-03,1.195342e-02,8.877030e-03
5.812228e-02,9.557026e-03,1.769306e-02,3.487775e-02,1.976640e-02,7.280674e-03,1.907920e-03,7.892538e-01,3.622593e-02,2.673624e-03,4.602434e-03,1.425558e-03,9.011573e-04,9.208812e-03,6.503601e-03
9.189083e-02,7.374493e-03,1.642158e-02,2.856782e-02,1.599387e-02,7.694326e-03,4.013832e-03,7.775756e-01,2.808774e-02,2.126089e-03,3.935015e-03,1.991694e-03,1.837598e-03,7.080954e-03,5.408627e-03
1.029759e-01,6.062800e-03,1.672255e-02,2.338347e-02,1.421803e-02,7.516013e-03,6.337363e-03,7.811608e-01,2.184532e-02,1.752742e-03,3.446331e-03,2.168350e-03,2.215910e-03,5.376595e-03,4.817786e-03
1.112469e-01,5.498021e-03,1.716716e-02,1.882040e-02,1.131084e-02,6.708174e-03,6.814975e-03,7.844082e-01,1.610152e-02,2.082591e-03,3.935023e-03,3.069801e-03,3.111904e-03,4.424503e-03,5.300038e-03
1.185453e-01,1.044479e-02,1.517121e-02,1.415861e-02,9.879624e-03,1.397760e-02,7.292729e-03,6.171524e-01,1.544596e-02,6.514469e-03,1.094051e-02,4.687529e-03,1.300147e-01,4.133575e-03,2.164103e-02
3.002861e-01,9.421105e-03,1.335743e-02,1.124469e-02,9.599316e-03,1.229346e-02,6.520194e-03,4.643265e-01,1.243060e-02,6.816762e-03,1.367511e-02,7.195126e-03,1.095215e-01,4.291909e-03,1.902027e-02
3.129725e-01,1.086033e-02,1.246617e-02,1.156894e-02,1.031278e-02,1.460418e-02,2.573726e-02,3.352617e-01,2.037645e-02,6.835042e-03,1.441271e-02,3.793391e-02,1.573261e-01,6.685500e-03,2.264641e-02
2.371611e-01,8.524224e-03,9.190573e-03,9.310443e-03,8.717453e-03,1.261517e-02,2.112059e-02,2.390577e-01,1.714898e-02,6.068769e-03,1.819196e-02,4.914606e-02,3.393022e-01,5.179264e-03,1.926547e-02
1.730874e-01,7.070653e-03,6.820579e-03,7.950339e-03,8.917734e-03,1.063335e-02,1.654636e-02,1.714288e-01,1.650832e-02,5.459146e-03,2.899258e-02,4.239309e-02,4.790341e-01,5.516474e-03,1.964109e-02
1.261271e-01,5.383987e-03,5.798284e-03,6.231447e-03,8.085098e-03,8.618601e-03,1.189627e-02,1.210181e-01,1.395139e-02,4.475218e-03,3.926163e-02,4.314404e-02,5.838680e-01,4.695009e-03,1.744580e-02
9.319983e-02,4.500119e-03,6.519618e-03,5.411484e-03,7.767550e-03,7.926741e-03,8.869550e-03,8.595371e-02,1.445508e-02,3.662507e-03,4.434863e-02,3.926479e-02,6.553218e-01,4.871295e-03,1.792728e-02
9.266409e-02,8.511069e-03,1.053463e-02,5.254199e-03,1.255806e-02,3.292165e-02,8.951839e-03,6.249736e-02,1.356308e-02,4.413762e-03,3.643457e-02,4.767632e-02,6.359477e-01,5.020856e-03,2.305085e-02
7.062979e-02,9.227386e-03,9.920090e-03,4.806942e-03,1.142591e-02,4.110196e-02,7.197915e-03,4.595841e-02,1.819349e-02,5.111784e-03,3.040228e-02,1.236450e-01,5.944543e-01,6.725756e-03,2.119903e-02
5.240822e-02,9.328834e-03,1.059694e-02,4.714442e-03,1.051061e-02,1.137524e-01,5.526267e-03,3.312551e-02,2.332256e-02,4.925346e-03,2.783993e-02,2.179351e-01,4.616668e-01,7.135902e-03,1.721106e-02
4.635930e-02,1.108926e-02,1.043400e-02,4.837885e-03,1.115364e-02,2.191038e-01,4.786042e-03,2.610894e-02,3.267238e-02,4.637107e-03,2.529868e-02,2.242672e-01,3.563126e-01,8.281712e-03,1.465744e-02
3.868863e-02,9.921385e-03,8.639646e-03,4.633726e-03,1.117007e-02,2.821527e-01,3.986970e-03,1.912002e-02,5.205858e-02,4.531627e-03,3.081569e-02,2.423026e-01,2.627333e-01,1.657691e-02,1.266814e-02
3.416277e-02,3.594522e-02,2.499744e-02,4.901242e-03,1.784527e-02,2.159770e-01,3.415220e-03,1.417729e-02,1.302552e-01,7.184929e-03,4.382070e-02,2.023360e-01,1.963982e-01,4.764595e-02,2.093758e-02
4.090323e-02,5.073862e-02,2.343143e-02,5.220130e-03,1.943050e-02,1.685442e-01,3.307475e-03,1.179243e-02,1.525967e-01,1.006656e-02,6.822430e-02,1.837018e-01,1.464803e-01,8.580999e-02,2.975224e-02
4.191757e-02,8.341804e-02,1.851361e-02,4.458674e-03,1.735532e-02,1.752427e-01,3.612238e-03,1.084273e-02,1.747164e-01,9.494575e-03,6.007265e-02,1.609718e-01,1.110263e-01,9.949775e-02,2.885966e-02
5.674054e-02,1.337165e-01,1.522410e-02,6.502992e-03,1.529705e-02,1.539379e-01,3.332126e-03,1.062052e-02,1.858213e-01,9.215369e-03,6.192201e-02,1.388892e-01,8.235362e-02,9.662813e-02,2.979857e-02
5.903148e-02,1.830162e-01,1.191835e-02,6.020723e-03,1.404981e-02,1.566097e-01,2.840634e-03,8.855525e-03,1.892191e-01,8.607994e-03,6.044817e-02,1.175909e-01,6.041551e-02,9.425031e-02,2.712558e-02
6.344054e-02,2.286214e-01,9.044938e-03,7.175031e-03,1.210926e-02,1.464131e-01,2.272697e-03,7.767508e-03,2.062033e-01,8.351133e-03,5.174472e-02,9.144143e-02,4.389889e-02,9.477488e-02,2.674120e-02
6.569834e-02,2.062344e-01,2.480965e-02,8.666484e-03,1.533275e-02,1.551584e-01,2.907760e-03,4.535294e-02,2.223673e-01,7.681740e-03,4.511939e-02,6.996521e-02,3.325579e-02,7.633867e-02,2.111122e-02
6.569851e-02,1.869385e-01,2.277050e-02,8.488074e-03,2.358384e-02,2.164347e-01,4.013234e-03,3.533830e-02,2.236611e-01,6.342308e-03,4.006466e-02,5.259774e-02,2.700249e-02,6.403513e-02,2.303093e-02
6.495307e-02,1.666341e-01,2.041614e-02,1.276548e-02,2.843546e-02,1.947839e-01,3.491478e-03,3.714934e-02,2.481408e-01,6.912397e-03,3.353571e-02,3.808884e-02,2.105568e-02,7.269865e-02,5.093908e-02
7.636623e-02,1.390553e-01,3.004306e-02,2.317520e-02,3.214068e-02,1.606304e-01,3.781997e-03,4.599326e-02,2.730750e-01,9.154422e-03,2.854438e-02,2.812529e-02,1.754342e-02,7.380991e-02,5.856144e-02
7.866009e-02,1.463200e-01,7.521266e-02,2.349397e-02,3.414376e-02,1.290701e-01,3.683059e-03,4.560775e-02,2.491747e-01,1.417265e-02,2.198074e-02,2.162908e-02,1.470915e-02,6.487391e-02,7.726842e-02
1.091787e-01,1.454863e-01,7.502392e-02,2.599179e-02,3.806305e-02,1.278826e-01,3.572299e-03,5.606769e-02,2.148629e-01,1.304305e-02,2.107414e-02,2.384102e-02,1.458522e-02,6.345332e-02,6.787397e-02
1.233584e-01,1.635151e-01,9.885699e-02,2.709519e-02,3.132100e-02,1.033966e-01,2.924583e-03,5.876441e-02,1.874354e-01,1.385583e-02,1.975877e-02,2.518602e-02,1.480850e-02,5.426567e-02,7.545754e-02
1.546200e-01,1.560955e-01,7.939220e-02,2.487339e-02,2.895604e-02,8.086229e-02,2.706153e-03,5.479563e-02,2.413968e-01,1.173356e-02,1.502483e-02,1.871174e-02,1.133681e-02,5.207273e-02,6.742233e-02
1.708506e-01,1.647773e-01,8.396555e-02,2.241617e-02,2.281029e-02,6.432242e-02,2.761359e-03,5.453243e-02,2.567969e-01,1.005555e-02,1.125568e-02,1.413101e-02,9.243695e-03,5.018882e-02,6.189223e-02
1.623984e-01,1.283513e-01,6.164511e-02,6.559190e-02,1.692725e-02,4.764339e-02,1.999646e-03,3.965312e-02,3.456224e-01,9.036294e-03,1.255000e-02,1.256267e-02,1.148315e-02,3.598959e-02,4.854568e-02
1.651533e-01,9.499469e-02,4.770228e-02,6.024179e-02,2.363274e-02,3.971572e-02,2.032077e-03,2.960667e-02,3.398413e-01,3.015129e-02,1.634908e-02,1.015793e-02,1.371398e-02,3.896829e-02,8.773878e-02
1.297757e-01,7.247137e-02,3.649935e-02,4.538218e-02,2.483095e-02,2.916214e-02,1.907446e-03,2.112082e-02,2.510394e-01,4.495347e-02,2.911641e-02,7.658644e-03,1.575777e-02,7.426341e-02,2.160609e-01
9.682124e-02,5.327435e-02,2.754022e-02,3.405403e-02,1.873161e-02,2.175684e-02,1.375638e-03,1.524267e-02,1.880842e-01,4.601835e-02,2.538020e-02,6.412075e-03,2.187917e-02,6.090035e-02,3.825291e-01
7.004301e-02,3.819657e-02,2.094248e-02,2.460053e-02,1.445417e-02,1.688521e-02,1.026983e-03,1.084926e-02,1.486705e-01,5.570804e-02,3.575183e-02,5.866239e-03,3.330944e-02,6.355958e-02,4.601362e-01
4.925806e-02,2.691539e-02,1.474178e-02,1.723841e-02,1.059752e-02,1.225438e-02,7.256863e-04,7.601853e-03,1.077114e-01,4.005671e-02,3.393375e-02,4.259172e-03,2.466445e-02,4.973841e-02,6.003031e-01
3.478183e-02,1.920602e-02,1.056564e-02,1.208258e-02,7.993596e-03,8.999825e-03,5.250769e-04,5.325246e-03,8.137327e-02,2.990476e-02,2.542557e-02,3.174902e-03,1.784429e-02,6.375231e-02,6.790451e-01
2.453682e-02,1.369777e-02,7.443454e-03,8.462504e-03,5.820932e-03,6.550868e-03,3.712866e-04,3.728824e-03,7.171492e-02,2.202730e-02,2.010684e-02,2.468711e-03,1.284549e-02,6.396947e-02,7.362548e-01
1.810850e-02,1.077054e-02,6.036223e-03,6.034531e-03,4.241936e-03,9.179821e-03,2.755054e-04,2.625268e-03,6.890714e-02,1.961739e-02,1.804029e-02,2.338962e-03,9.913386e-03,6.971940e-02,7.541911e-01
1.303794e-02,7.993223e-03,5.361045e-03,4.240321e-03,3.089852e-03,9.590653e-03,2.065532e-04,1.847846e-03,8.483925e-02,3.361438e-02,2.314911e-02,2.285172e-03,7.835117e-03,1.344911e-01,6.684184e-01
1.367130e-02,6.280145e-03,5.761893e-03,3.048266e-03,2.387651e-03,1.053580e-02,1.759995e-04,1.306678e-03,6.649030e-02,3.419096e-02,3.568235e-02,2.719350e-03,5.778195e-03,2.529525e-01,5.590186e-01
1.311992e-02,4.986818e-03,4.533499e-03,2.262328e-03,1.816738e-03,8.388462e-03,1.373944e-04,9.201990e-04,6.293444e-02,3.294494e-02,3.472288e-02,2.587853e-03,4.672898e-03,3.486989e-01,4.772727e-01
1.085453e-02,3.907044e-03,3.344865e-03,1.817285e-03,1.420302e-03,6.807335e-03,1.146897e-04,6.515667e-04,7.109337e-02,4.548882e-02,7.484021e-02,2.163487e-03,4.184743e-03,3.606707e-01,4.126410e-01
8.315334e-03,3.024713e-03,2.753816e-03,1.489824e-03,1.291988e-03,5.651963e-03,1.009330e-04,4.662265e-04,1.741139e-01,4.732442e-02,8.921926e-02,1.757115e-03,4.016242e-03,3.173977e-01,3.430766e-01
6.386397e-03,2.391497e-03,2.257477e-03,1.177596e-03,1.255263e-03,4.987099e-03,8.930035e-05,3.363140e-04,2.674596e-01,3.908766e-02,9.262119e-02,1.529938e-03,4.131819e-03,3.058071e-01,2.704818e-01
