1.000000e+00,0.000000e+00,0.000000e+00,0.000000e+00,0.000000e+00,0.000000e+00,0.000000e+00,0.000000e+00,0.000000e+00,0.000000e+00,0.000000e+00,0.000000e+00,0.000000e+00,0.000000e+00,0.000000e+00
1.000000e+00,0.000000e+00,0.000000e+00,0.000000e+00,0.000000e+00,0.000000e+00,0.000000e+00,0.000000e+00,0.000000e+00,0.000000e+00,0.000000e+00,0.000000e+00,0.000000e+00,0.000000e+00,0.000000e+00
1.000000e+00,0.000000e+00,0.000000e+00,0.000000e+00,0.000000e+00,0.000000e+00,0.000000e+00,0.000000e+00,0.000000e+00,0.000000e+00,0.000000e+00,0.000000e+00,0.000000e+00,0.000000e+00,0.000000e+00
1.000000e+00,0.000000e+00,0.000000e+00,0.000000e+00,0.000000e+00,0.000000e+00,0.000000e+00,0.000000e+00,0.000000e+00,0.000000e+00,0.000000e+00,0.000000e+00,0.000000e+00,0.000000e+00,0.000000e+00
1.000000e+00,0.000000e+00,0.000000e+00,0.000000e+00,0.000000e+00,0.000000e+00,0.000000e+00,0.000000e+00,0.000000e+00,0.000000e+00,0.000000e+00,0.000000e+00,0.000000e+00,0.000000e+00,0.000000e+00
1.000000e+00,0.000000e+00,0.000000e+00,0.000000e+00,0.000000e+00,0.000000e+00,0.000000e+00,0.000000e+00,0.000000e+00,0.000000e+00,0.000000e+00,0.000000e+00,0.000000e+00,0.000000e+00,0.000000e+00
1.000000e+00,0.000000e+00,0.000000e+00,0.000000e+00,0.000000e+00,0.000000e+00,0.000000e+00,0.000000e+00,0.000000e+00,0.000000e+00,0.000000e+00,0.000000e+00,0.000000e+00,0.000000e+00,0.000000e+00
1.000000e+00,0.000000e+00,0.000000e+00,0.000000e+00,0.000000e+00,0.000000e+00,0.000000e+00,0.000000e+00,0.000000e+00,0.000000e+00,0.000000e+00,0.000000e+00,0.000000e+00,0.000000e+00,0.000000e+00
1.000000e+00,0.000000e+00,0.000000e+00,0.000000e+00,0.000000e+00,0.000000e+00,0.000000e+00,0.000000e+00,0.000000e+00,0.000000e+00,0.000000e+00,0.000000e+00,0.000000e+00,0.000000e+00,0.000000e+00
1.000000e+00,0.000000e+00,0.000000e+00,0.000000e+00,0.000000e+00,0.000000e+00,0.000000e+00,0.000000e+00,0.000000e+00,0.000000e+00,0.000000e+00,0.000000e+00,0.000000e+00,0.000000e+00,0.000000e+00
1.000000e+00,0.000000e+00,0.000000e+00,0.000000e+00,0.000000e+00,0.000000e+00,0.000000e+00,0.000000e+00,0.000000e+00,0.000000e+00,0.000000e+00,0.000000e+00,0.000000e+00,0.000000e+00,0.000000e+00
1.000000e+00,0.000000e+00,0.000000e+00,0.000000e+00,0.000000e+00,0.000000e+00,0.000000e+00,0.000000e+00,0.000000e+00,0.000000e+00,0.000000e+00,0.000000e+00,0.000000e+00,0.000000e+00,0.000000e+00
1.000000e+00,0.000000e+00,0.000000e+00,0.000000e+00,0.000000e+00,0.000000e+00,0.000000e+00,0.000000e+00,0.000000e+00,0.000000e+00,0.000000e+00,0.000000e+00,0.000000e+00,0.000000e+00,0.000000e+00
1.000000e+00,0.000000e+00,0.000000e+00,0.000000e+00,0.000000e+00,0.000000e+00,0.000000e+00,0.000000e+00,0.000000e+00,0.000000e+00,0.000000e+00,0.000000e+00,0.000000e+00,0.000000e+00,0.000000e+00
1.000000e+00,0.000000e+00,0.000000e+00,0.000000e+00,0.000000e+00,0.000000e+00,0.000000e+00,0.000000e+00,0.000000e+00,0.000000e+00,0.000000e+00,0.000000e+00,0.000000e+00,0.000000e+00,0.000000e+00
1.000000e+00,0.000000e+00,0.000000e+00,0.000000e+00,0.000000e+00,0.000000e+00,0.000000e+00,0.000000e+00,0.000000e+00,0.000000e+00,0.000000e+00,0.000000e+00,0.000000e+00,0.000000e+00,0.000000e+00
1.000000e+00,0.000000e+00,0.000000e+00,0.000000e+00,0.000000e+00,0.000000e+00,0.000000e+00,0.000000e+00,0.000000e+00,0.000000e+00,0.000000e+00,0.000000e+00,0.000000e+00,0.000000e+00,0.000000e+00
1.000000e+00,0.000000e+00,0.000000e+00,0.000000e+00,0.000000e+00,0.000000e+00,0.000000e+00,0.000000e+00,0.000000e+00,0.000000e+00,0.000000e+00,0.000000e+00,0.000000e+00,0.000000e+00,0.000000e+00
1.000000e+00,0.000000e+00,0.000000e+00,0.000000e+00,0.000000e+00,0.000000e+00,0.000000e+00,0.000000e+00,0.000000e+00,0.000000e+00,0.000000e+00,0.000000e+00,0.000000e+00,0.000000e+00,0.000000e+00
1.000000e+00,0.000000e+00,0.000000e+00,0.000000e+00,0.000000e+00,0.000000e+00,0.000000e+00,0.000000e+00,0.000000e+00,0.000000e+00,0.000000e+00,0.000000e+00,0.000000e+00,0.000000e+00,0.000000e+00
1.000000e+00,0.000000e+00,0.000000e+00,0.000000e+00,0.000000e+00,0.000000e+00,0.000000e+00,0.000000e+00,0.000000e+00,0.000000e+00,0.000000e+00,0.000000e+00,0.000000e+00,0.000000e+00,0.000000e+00
1.000000e+00,0.000000e+00,0.000000e+00,0.000000e+00,0.000000e+00,0.000000e+00,0.000000e+00,0.000000e+00,0.000000e+00,0.000000e+00,0.000000e+00,0.000000e+00,0.000000e+00,0.000000e+00,0.000000e+00
1.000000e+00,0.000000e+00,0.000000e+00,0.000000e+00,0.000000e+00,0.000000e+00,0.000000e+00,0.000000e+00,0.000000e+00,0.000000e+00,0.000000e+00,0.000000e+00,0.000000e+00,0.000000e+00,0.000000e+00
1.000000e+00,0.000000e+00,0.000000e+00,0.000000e+00,0.000000e+00,0.000000e+00,0.000000e+00,0.000000e+00,0.000000e+00,0.000000e+00,0.000000e+00,0.000000e+00,0.000000e+00,0.000000e+00,0.000000e+00
1.000000e+00,0.000000e+00,0.000000e+00,0.000000e+00,0.000000e+00,0.000000e+00,0.000000e+00,0.000000e+00,0.000000e+00,0.000000e+00,0.000000e+00,0.000000e+00,0.000000e+00,0.000000e+00,0.000000e+00
1.000000e+00,0.000000e+00,0.000000e+00,0.000000e+00,0.000000e+00,0.000000e+00,0.000000e+00,0.000000e+00,0.000000e+00,0.000000e+00,0.000000e+00,0.000000e+00,0.000000e+00,0.000000e+00,0.000000e+00
1.000000e+00,0.000000e+00,0.000000e+00,0.000000e+00,0.000000e+00,0.000000e+00,0.000000e+00,0.000000e+00,0.000000e+00,0.000000e+00,0.000000e+00,0.000000e+00,0.000000e+00,0.000000e+00,0.000000e+00
1.000000e+00,0.000000e+00,0.000000e+00,0.000000e+00,0.000000e+00,0.000000e+00,0.000000e+00,0.000000e+00,0.000000e+00,0.000000e+00,0.000000e+00,0.000000e+00,0.000000e+00,0.000000e+00,0.000000e+00
1.000000e+00,0.000000e+00,0.000000e+00,0.000000e+00,0.000000e+00,0.000000e+00,0.000000e+00,0.000000e+00,0.000000e+00,0.000000e+00,0.000000e+00,0.000000e+00,0.000000e+00,0.000000e+00,0.000000e+00
1.000000e+00,0.000000e+00,0.000000e+00,0.000000e+00,0.000000e+00,0.000000e+00,0.000000e+00,0.000000e+00,0.000000e+00,0.000000e+00,0.000000e+00,0.000000e+00,0.000000e+00,0.000000e+00,0.000000e+00
1.000000e+00,0.000000e+00,0.000000e+00,0.000000e+00,0.000000e+00,0.000000e+00,0.000000e+00,0.000000e+00,0.000000e+00,0.000000e+00,0.000000e+00,0.000000e+00,0.000000e+00,0.000000e+00,0.000000e+00
1.000000e+00,0.000000e+00,0.000000e+00,0.000000e+00,0.000000e+00,0.000000e+00,0.000000e+00,0.000000e+00,0.000000e+00,0.000000e+00,0.000000e+00,0.000000e+00,0.000000e+00,0.000000e+00,0.000000e+00
1.000000e+00,0.000000e+00,0.000000e+00,0.000000e+00,0.000000e+00,0.000000e+00,0.000000e+00,0.000000e+00,0.000000e+00,0.000000e+00,0.000000e+00,0.000000e+00,0.000000e+00,0.000000e+00,0.000000e+00
1.000000e+00,0.000000e+00,0.000000e+00,0.000000e+00,0.000000e+00,0.000000e+00,0.000000e+00,0.000000e+00,0.000000e+00,0.000000e+00,0.000000e+00,0.000000e+00,0.000000e+00,0.000000e+00,0.000000e+00
1.000000e+00,0.000000e+00,0.000000e+00,0.000000e+00,0.000000e+00,0.000000e+00,0.000000e+00,0.000000e+00,0.000000e+00,0.000000e+00,0.000000e+00,0.000000e+00,0.000000e+00,0.000000e+00,0.000000e+00
1.000000e+00,0.000000e+00,0.000000e+00,0.000000e+00,0.000000e+00,0.000000e+00,0.000000e+00,0.000000e+00,0.000000e+00,0.000000e+00,0.000000e+00,0.000000e+00,0.000000e+00,0.000000e+00,0.000000e+00
1.000000e+00,0.000000e+00,0.000000e+00,0.000000e+00,0.000000e+00,0.000000e+00,0.000000e+00,0.000000e+00,0.000000e+00,0.000000e+00,0.000000e+00,0.000000e+00,0.000000e+00,0.000000e+00,0.000000e+00
1.000000e+00,0.000000e+00,0.000000e+00,0.000000e+00,0.000000e+00,0.000000e+00,0.000000e+00,0.000000e+00,0.000000e+00,0.000000e+00,0.000000e+00,0.000000e+00,0.000000e+00,0.000000e+00,0.000000e+00
1.000000e+00,0.000000e+00,0.000000e+00,0.000000e+00,0.000000e+00,0.000000e+00,0.000000e+00,0.000000e+00,0.000000e+00,0.000000e+00,0.000000e+00,0.000000e+00,0.000000e+00,0.000000e+00,0.000000e+00
1.000000e+00,0.000000e+00,0.000000e+00,0.000000e+00,0.000000e+00,0.000000e+00,0.000000e+00,0.000000e+00,0.000000e+00,0.000000e+00,0.000000e+00,0.000000e+00,0.000000e+00,0.000000e+00,0.000000e+00
1.000000e+00,0.000000e+00,0.000000e+00,0.000000e+00,0.000000e+00,0.000000e+00,0.000000e+00,0.000000e+00,0.000000e+00,0.000000e+00,0.000000e+00,0.000000e+00,0.000000e+00,0.000000e+00,0.000000e+00
1.000000e+00,0.000000e+00,0.000000e+00,0.000000e+00,0.000000e+00,0.000000e+00,0.000000e+00,0.000000e+00,0.000000e+00,0.000000e+00,0.000000e+00,0.000000e+00,0.000000e+00,0.000000e+00,0.000000e+00
1.000000e+00,0.000000e+00,0.000000e+00,0.000000e+00,0.000000e+00,0.000000e+00,0.000000e+00,0.000000e+00,0.000000e+00,0.000000e+00,0.000000e+00,0.000000e+00,0.000000e+00,0.000000e+00,0.000000e+00
1.000000e+00,0.000000e+00,0.000000e+00,0.000000e+00,0.000000e+00,0.000000e+00,0.000000e+00,0.000000e+00,0.000000e+00,0.000000e+00,0.000000e+00,0.000000e+00,0.000000e+00,0.000000e+00,0.000000e+00
1.000000e+00,0.000000e+00,0.000000e+00,0.000000e+00,0.000000e+00,0.000000e+00,0.000000e+00,0.000000e+00,0.000000e+00,0.000000e+00,0.000000e+00,0.000000e+00,0.000000e+00,0.000000e+00,0.000000e+00
1.000000e+00,0.000000e+00,0.000000e+00,0.000000e+00,0.000000e+00,0.000000e+00,0.000000e+00,0.000000e+00,0.000000e+00,0.000000e+00,0.000000e+00,0.000000e+00,0.000000e+00,0.000000e+00,0.000000e+00
1.000000e+00,0.000000e+00,0.000000e+00,0.000000e+00,0.000000e+00,0.000000e+00,0.000000e+00,0.000000e+00,0.000000e+00,0.000000e+00,0.000000e+00,0.000000e+00,0.000000e+00,0.000000e+00,0.000000e+00
1.000000e+00,0.000000e+00,0.000000e+00,0.000000e+00,0.000000e+00,0.000000e+00,0.000000e+00,0.000000e+00,0.000000e+00,0.000000e+00,0.000000e+00,0.000000e+00,0.000000e+00,0.000000e+00,0.000000e+00
1.000000e+00,0.000000e+00,0.000000e+00,0.000000e+00,0.000000e+00,0.000000e+00,0.000000e+00,0.000000e+00,0.000000e+00,0.000000e+00,0.000000e+00,0.000000e+00,0.000000e+00,0.000000e+00,0.000000e+00
1.000000e+00,0.000000e+00,0.000000e+00,0.000000e+00,0.000000e+00,0.000000e+00,0.000000e+00,0.000000e+00,0.000000e+00,0.000000e+00,0.000000e+00,0.000000e+00,0.000000e+00,0.000000e+00,0.000000e+00
1.000000e+00,0.000000e+00,0.000000e+00,0.000000e+00,0.000000e+00,0.000000e+00,0.000000e+00,0.000000e+00,0.000000e+00,0.000000e+00,0.000000e+00,0.000000e+00,0.000000e+00,0.000000e+00,0.000000e+00
1.000000e+00,0.000000e+00,0.000000e+00,0.000000e+00,0.000000e+00,0.000000e+00,0.000000e+00,0.000000e+00,0.000000e+00,0.000000e+00,0.000000e+00,0.000000e+00,0.000000e+00,0.000000e+00,0.000000e+00
1.000000e+00,0.000000e+00,0.000000e+00,0.000000e+00,0.000000e+00,0.000000e+00,0.000000e+00,0.000000e+00,0.000000e+00,0.000000e+00,0.000000e+00,0.000000e+00,0.000000e+00,0.000000e+00,0.000000e+00
1.000000e+00,0.000000e+00,0.000000e+00,0.000000e+00,0.000000e+00,0.000000e+00,0.000000e+00,0.000000e+00,0.000000e+00,0.000000e+00,0.000000e+00,0.000000e+00,0.000000e+00,0.000000e+00,0.000000e+00
1.000000e+00,0.000000e+00,0.000000e+00,0.000000e+00,0.000000e+00,0.000000e+00,0.000000e+00,0.000000e+00,0.000000e+00,0.000000e+00,0.000000e+00,0.000000e+00,0.000000e+00,0.000000e+00,0.000000e+00
1.000000e+00,0.000000e+00,0.000000e+00,0.000000e+00,0.000000e+00,0.000000e+00,0.000000e+00,0.000000e+00,0.000000e+00,0.000000e+00,0.000000e+00,0.000000e+00,0.000000e+00,0.000000e+00,0.000000e+00
1.000000e+00,0.000000e+00,0.000000e+00,0.000000e+00,0.000000e+00,0.000000e+00,0.000000e+00,0.000000e+00,0.000000e+00,0.000000e+00,0.000000e+00,0.000000e+00,0.000000e+00,0.000000e+00,0.000000e+00
1.000000e+00,0.000000e+00,0.000000e+00,0.000000e+00,0.000000e+00,0.000000e+00,0.000000e+00,0.000000e+00,0.000000e+00,0.000000e+00,0.000000e+00,0.000000e+00,0.000000e+00,0.000000e+00,0.000000e+00
1.000000e+00,0.000000e+00,0.000000e+00,0.000000e+00,0.000000e+00,0.000000e+00,0.000000e+00,0.000000e+00,0.000000e+00,0.000000e+00,0.000000e+00,0.000000e+00,0.000000e+00,0.000000e+00,0.000000e+00
1.000000e+00,0.000000e+00,0.000000e+00,0.000000e+00,0.000000e+00,0.000000e+00,0.000000e+00,0.000000e+00,0.000000e+00,0.000000e+00,0.000000e+00,0.000000e+00,0.000000e+00,0.000000e+00,0.000000e+00
1.000000e+00,0.000000e+00,0.000000e+00,0.000000e+00,0.000000e+00,0.000000e+00,0.000000e+00,0.000000e+00,0.000000e+00,0.000000e+00,0.000000e+00,0.000000e+00,0.000000e+00,0.000000e+00,0.000000e+00
1.000000e+00,0.000000e+00,0.000000e+00,0.000000e+00,0.000000e+00,0.000000e+00,0.000000e+00,0.000000e+00,0.000000e+00,0.000000e+00,0.000000e+00,0.000000e+00,0.000000e+00,0.000000e+00,0.000000e+00
4.043875e-01,7.277724e-03,3.530239e-03,8.449020e-03,3.363596e-03,4.980360e-01,1.879654e-03,6.123722e-03,2.545377e-03,6.834893e-03,3.357786e-02,5.861317e-03,4.421010e-03,4.069982e-03,9.642132e-03
2.842242e-01,5.329167e-03,2.629940e-03,5.989067e-03,2.589695e-03,5.617462e-01,1.444196e-03,4.494037e-03,1.836719e-03,7.500178e-02,2.568871e-02,4.186630e-03,3.226198e-03,3.209373e-03,1.840402e-02
1.994066e-01,3.871149e-03,1.942398e-03,4.233760e-03,1.850358e-03,5.133862e-01,1.080227e-03,3.224714e-03,1.702567e-03,1.924817e-01,2.954289e-02,3.107680e-03,2.658118e-03,3.323588e-03,3.818810e-02
1.398171e-01,2.809320e-03,1.373557e-03,2.983859e-03,1.347496e-03,3.620213e-01,7.896507e-04,2.354372e-03,6.185385e-03,3.504224e-01,2.213213e-02,2.262857e-03,2.212936e-03,2.690662e-03,1.005970e-01
9.828473e-02,2.698686e-03,1.181930e-03,2.366573e-03,1.214616e-03,2.556663e-01,6.678296e-04,1.967884e-03,2.421644e-02,4.873356e-01,1.742250e-02,1.745765e-03,1.905361e-03,2.453674e-03,1.008721e-01
6.905792e-02,2.578433e-03,9.261351e-04,2.231341e-03,1.463057e-03,1.831700e-01,5.289788e-04,1.446834e-03,3.025436e-02,3.530572e-01,2.339667e-02,1.925324e-03,6.991455e-03,4.620871e-03,3.183514e-01
4.859114e-02,4.030876e-03,9.332959e-04,4.479425e-03,3.490256e-03,1.331312e-01,5.029515e-04,1.101925e-03,3.702665e-02,2.606782e-01,4.099157e-02,5.729006e-03,4.636151e-02,8.054328e-03,4.048977e-01
3.406565e-02,2.937566e-03,7.434122e-04,4.145353e-03,8.090458e-03,9.423456e-02,3.725813e-04,9.229393e-04,3.687502e-02,1.858342e-01,4.588310e-02,7.812175e-03,1.284998e-01,1.453387e-02,4.350494e-01
2.455070e-02,2.518648e-03,7.211405e-04,5.651495e-03,2.443066e-02,6.803741e-02,3.302865e-04,7.976262e-04,7.470644e-02,1.310895e-01,3.534144e-02,6.409021e-03,1.078008e-01,1.210260e-02,5.055122e-01
1.775784e-02,2.006546e-03,1.243319e-03,5.119928e-03,2.906890e-02,4.807654e-02,2.805726e-04,1.346325e-03,8.795828e-02,9.236728e-02,2.993153e-02,9.097029e-03,1.319302e-01,1.366451e-02,5.301512e-01
1.366457e-02,2.292660e-03,2.166959e-03,8.079522e-03,2.773989e-02,3.487023e-02,3.559857e-04,1.290502e-03,2.661798e-01,6.777489e-02,2.360165e-02,8.510772e-03,1.103928e-01,1.448110e-02,4.185987e-01
1.089370e-02,1.793266e-03,2.074809e-03,7.155888e-03,2.342078e-02,2.477023e-02,3.687246e-04,1.344441e-03,2.313351e-01,4.958399e-02,2.253095e-02,7.661677e-03,9.446765e-02,1.954424e-02,5.030546e-01
8.088375e-03,1.371585e-03,2.372649e-03,5.407062e-03,2.084306e-02,1.755758e-02,4.054341e-04,1.994540e-03,1.840361e-01,3.600965e-02,2.175204e-02,6.730094e-03,8.102819e-02,1.931567e-02,5.930880e-01
6.218703e-03,1.268420e-03,4.039873e-03,4.646468e-03,1.759009e-02,1.305141e-02,9.968878e-04,3.082079e-03,1.499273e-01,2.841380e-02,2.845450e-02,1.342528e-02,1.176123e-01,1.524782e-02,5.960251e-01
4.486208e-03,1.046235e-03,4.426538e-03,5.408374e-03,2.984642e-02,9.376606e-03,3.946810e-03,4.937082e-03,1.300488e-01,3.583174e-02,3.552287e-02,1.532423e-02,1.489748e-01,1.273485e-02,5.580885e-01
4.306371e-03,1.580579e-03,6.309238e-03,4.379249e-03,5.272141e-02,1.328023e-02,2.412486e-02,3.941811e-02,9.582623e-02,2.907809e-02,4.088182e-02,1.765252e-02,1.665804e-01,1.010341e-02,4.937575e-01
3.590670e-03,3.721422e-03,1.009982e-02,9.331266e-03,9.164428e-02,2.006634e-02,5.426838e-02,3.955075e-02,8.535860e-02,2.702050e-02,4.362733e-02,2.558756e-02,1.723607e-01,9.055133e-03,4.047172e-01
3.680704e-03,7.146490e-03,9.558965e-03,1.018841e-02,1.691213e-01,2.759450e-02,6.388111e-02,4.050397e-02,7.799599e-02,2.380215e-02,3.804712e-02,2.302496e-02,1.878598e-01,7.097261e-03,3.104973e-01
4.055107e-03,6.101895e-03,8.878214e-03,1.074017e-02,1.299263e-01,1.977438e-02,5.269974e-02,1.033383e-01,7.328251e-02,2.354552e-02,6.701192e-02,2.689691e-02,2.273250e-01,6.884488e-03,2.395396e-01
4.488343e-03,1.048503e-02,1.621975e-02,1.533320e-02,1.505087e-01,1.649361e-02,4.916233e-02,9.391399e-02,1.214100e-01,2.362781e-02,5.846676e-02,2.239527e-02,2.201486e-01,6.953076e-03,1.903936e-01
2.159526e-02,9.914021e-03,1.453689e-02,1.233433e-02,1.926547e-01,1.437353e-02,4.043324e-02,7.198888e-02,9.953925e-02,2.023051e-02,5.156756e-02,2.317355e-02,2.592695e-01,6.652594e-03,1.617362e-01
4.550976e-02,1.375556e-02,2.080557e-02,1.034716e-02,2.170816e-01,1.494393e-02,3.699168e-02,5.997414e-02,8.381963e-02,1.731471e-02,4.041420e-02,2.385498e-02,2.629929e-01,7.938122e-03,1.442562e-01
7.628036e-02,2.413633e-02,1.944552e-02,1.176808e-02,2.323804e-01,1.692485e-02,3.221957e-02,6.302828e-02,7.736682e-02,1.503504e-02,3.137909e-02,2.572530e-02,2.522209e-01,1.048355e-02,1.116059e-01
7.764791e-02,2.034258e-02,1.530271e-02,1.053402e-02,2.137618e-01,1.808599e-02,2.706311e-02,5.017500e-02,6.586457e-02,1.125605e-02,2.498236e-02,2.435964e-02,3.520215e-01,8.099325e-03,8.050356e-02
6.749168e-02,2.514997e-02,1.402228e-02,2.413137e-02,1.687056e-01,1.549719e-02,2.368353e-02,3.744958e-02,1.692071e-01,1.227772e-02,2.147991e-02,3.343951e-02,3.100302e-01,8.910660e-03,6.852368e-02
4.824279e-02,1.861745e-02,1.064650e-02,3.019940e-02,1.205450e-01,1.343775e-02,1.789648e-02,2.646405e-02,1.220283e-01,8.889263e-03,1.871051e-02,3.279489e-02,4.759759e-01,6.313134e-03,4.923866e-02
3.434122e-02,1.328083e-02,7.622100e-03,2.529946e-02,8.650882e-02,1.125947e-02,1.352486e-02,1.863912e-02,8.817387e-02,6.392634e-03,1.664528e-02,3.126381e-02,6.073476e-01,4.493832e-03,3.520720e-02
2.470648e-02,9.456513e-03,5.407304e-03,1.894969e-02,6.650434e-02,8.598909e-03,1.010113e-02,1.388447e-02,7.142775e-02,4.844085e-03,1.750951e-02,2.957895e-02,6.890732e-01,3.774355e-03,2.618336e-02
1.738800e-02,6.658107e-03,3.814251e-03,1.347931e-02,4.762347e-02,7.397110e-03,7.219991e-03,1.164037e-02,5.093696e-02,3.538922e-03,2.205446e-02,3.495055e-02,7.510564e-01,2.893554e-03,1.934851e-02
1.339748e-02,4.962621e-03,2.759009e-03,1.001091e-02,3.625638e-02,2.072202e-02,5.583369e-03,1.034868e-02,3.746968e-02,4.180016e-03,3.330179e-02,1.809418e-01,6.235942e-01,2.583210e-03,1.388879e-02
9.959509e-03,3.524179e-03,1.955912e-03,7.202846e-03,2.602945e-02,2.304383e-02,4.137171e-03,7.606776e-03,2.787920e-02,4.541297e-03,4.731192e-02,3.785415e-01,4.462553e-01,2.193159e-03,9.817955e-03
7.953694e-03,2.519643e-03,1.389264e-03,5.206455e-03,1.852213e-02,2.690013e-02,3.377242e-03,5.874391e-03,2.145220e-02,5.291431e-03,5.788671e-02,5.055457e-01,3.286154e-01,2.400420e-03,7.065137e-03
6.659717e-03,1.824649e-03,1.044092e-03,3.905097e-03,1.347986e-02,2.317919e-02,2.651703e-03,4.450850e-03,1.564802e-02,9.465224e-03,6.154593e-02,6.159046e-01,2.329686e-01,2.225226e-03,5.047241e-03
6.389154e-03,1.403151e-03,8.863026e-04,3.032041e-03,1.084123e-02,1.699704e-02,2.058285e-03,4.142988e-03,1.180490e-02,1.190667e-02,8.287685e-02,6.752896e-01,1.642498e-01,4.423596e-03,3.698329e-03
5.910557e-03,1.047632e-03,6.595345e-04,2.298647e-03,7.999740e-03,1.257527e-02,1.506359e-03,3.136497e-03,8.904066e-03,1.058147e-02,1.100596e-01,7.125536e-01,1.154353e-01,4.647462e-03,2.684338e-03
5.200911e-03,2.134624e-03,6.184577e-04,2.010250e-03,9.961402e-03,9.164866e-03,1.093554e-03,2.415241e-03,1.129719e-02,1.101397e-02,1.250010e-01,7.322484e-01,8.151299e-02,4.242148e-03,2.085077e-03
4.309017e-03,2.413860e-03,5.863877e-04,1.735660e-03,8.536596e-03,6.731392e-03,7.823289e-04,1.756085e-03,1.191385e-02,1.067028e-02,1.247469e-01,7.626913e-01,5.742968e-02,4.026170e-03,1.670520e-03
4.283227e-03,1.976064e-03,4.814349e-04,1.334227e-03,6.513529e-03,5.258766e-03,5.562872e-04,1.266929e-03,9.348588e-03,8.498077e-03,1.197153e-01,7.951674e-01,4.040409e-02,3.861480e-03,1.334589e-03
6.060475e-03,1.555601e-03,4.149620e-04,1.074393e-03,5.553523e-03,4.555475e-03,4.348314e-04,9.785471e-04,7.342892e-03,7.256742e-03,1.352281e-01,7.938761e-01,2.869801e-02,5.818802e-03,1.151505e-03
4.950584e-03,1.532696e-03,5.022403e-04,9.647624e-04,8.889327e-03,4.015538e-03,4.353899e-04,1.012285e-03,8.024414e-03,6.181659e-03,1.222431e-01,8.138838e-01,2.037517e-02,5.857537e-03,1.131527e-03
5.888572e-03,1.166942e-03,5.500921e-04,7.807292e-04,8.112296e-03,8.216498e-03,5.785692e-04,1.776895e-03,7.242000e-03,6.120340e-03,1.573667e-01,7.795957e-01,1.495909e-02,6.696841e-03,9.487944e-04
6.040115e-03,8.779621e-04,4.898669e-04,6.194367e-04,6.470751e-03,1.297013e-02,5.935052e-04,1.702007e-03,5.925876e-03,6.068232e-03,1.517683e-01,7.884670e-01,1.115433e-02,6.056524e-03,7.959023e-04
4.960530e-03,8.485215e-04,6.748514e-04,4.826800e-04,5.274471e-03,1.352294e-02,5.000938e-04,1.560774e-03,4.839743e-03,6.642059e-03,1.368478e-01,8.094182e-01,8.295668e-03,5.272991e-03,8.587096e-04
3.957544e-03,9.899561e-04,1.744762e-03,3.992952e-04,5.155889e-03,1.049681e-02,3.882131e-04,1.917618e-03,6.925120e-03,5.232482e-03,2.671067e-01,6.800932e-01,5.928297e-03,8.555019e-03,1.109121e-03
3.083659e-03,5.404620e-03,2.237830e-02,7.532660e-04,8.312752e-03,8.340065e-03,3.915928e-04,3.229192e-03,1.893289e-02,5.225542e-03,2.803881e-01,6.299447e-01,4.242043e-03,7.026623e-03,2.346695e-03
3.022004e-03,1.089101e-02,8.370982e-02,4.825476e-03,3.184674e-02,7.353483e-03,1.005142e-03,1.347768e-02,5.486106e-02,6.013172e-03,2.582788e-01,5.115221e-01,3.296861e-03,5.779547e-03,4.117172e-03
4.587893e-03,1.638829e-02,1.234757e-01,7.483708e-03,7.561988e-02,9.443822e-03,1.174111e-03,1.196949e-02,5.428872e-02,4.984528e-03,3.100359e-01,3.675027e-01,2.495824e-03,5.122745e-03,5.426648e-03
1.203387e-02,2.524955e-02,1.367195e-01,9.038196e-03,1.629565e-01,1.396977e-02,1.837718e-03,1.148893e-02,4.415476e-02,4.184875e-03,3.005829e-01,2.598097e-01,2.368832e-03,4.720840e-03,1.088405e-02
2.713777e-02,4.207163e-02,1.770857e-01,1.729970e-02,1.829964e-01,1.408128e-02,1.526700e-03,2.440725e-02,5.534133e-02,5.562056e-03,2.288216e-01,1.865295e-01,5.994792e-03,6.747728e-03,2.439661e-02
4.495387e-02,5.402389e-02,1.613916e-01,2.473505e-02,2.075214e-01,1.400696e-02,1.194299e-03,3.363271e-02,7.237551e-02,7.000097e-03,1.826618e-01,1.369216e-01,8.905094e-03,7.852399e-03,4.282368e-02
6.646180e-02,6.018010e-02,1.284963e-01,5.610890e-02,2.394847e-01,2.055251e-02,9.075128e-04,5.939128e-02,6.507304e-02,5.767752e-03,1.393847e-01,1.055001e-01,1.036993e-02,8.727922e-03,3.359349e-02
8.953062e-02,6.011989e-02,9.665456e-02,5.010675e-02,2.674518e-01,2.748898e-02,8.345305e-04,5.063013e-02,5.878008e-02,5.598527e-03,1.378660e-01,8.320558e-02,1.168790e-02,1.796873e-02,4.207597e-02
1.187057e-01,5.017923e-02,8.300622e-02,6.688565e-02,2.571619e-01,2.820536e-02,9.910149e-04,5.408359e-02,6.645888e-02,7.355587e-03,1.304108e-01,6.769509e-02,1.140140e-02,1.878742e-02,3.867216e-02
8.396886e-02,3.869992e-02,6.128943e-02,4.826764e-02,1.809863e-01,2.231406e-02,7.089817e-04,3.810621e-02,1.211071e-01,7.557245e-03,9.652321e-02,4.786175e-02,1.233496e-02,1.575325e-02,2.245211e-01
5.896902e-02,3.107595e-02,4.571101e-02,3.393523e-02,1.272299e-01,1.728859e-02,5.237153e-04,2.674220e-02,1.297631e-01,5.931440e-03,7.904322e-02,3.364503e-02,1.090503e-02,1.557798e-02,3.836585e-01
4.136914e-02,2.275357e-02,3.464098e-02,2.379782e-02,8.945604e-02,1.226686e-02,4.188080e-04,1.881812e-02,2.254248e-01,5.257956e-03,8.058970e-02,2.487434e-02,1.114318e-02,2.769256e-02,3.814961e-01
2.900239e-02,1.638513e-02,2.526796e-02,1.668074e-02,6.317031e-02,8.653872e-03,3.244847e-04,1.318893e-02,3.658553e-01,4.741786e-03,7.775780e-02,1.783352e-02,1.092756e-02,5.297319e-02,2.972370e-01
2.035283e-02,1.174841e-02,1.861111e-02,1.172958e-02,4.459557e-02,6.142329e-03,2.558772e-04,9.250113e-03,4.565142e-01,4.550638e-03,7.479325e-02,1.276164e-02,8.584288e-03,8.274305e-02,2.373670e-01
1.428832e-02,8.331131e-03,1.317381e-02,8.232582e-03,3.131951e-02,4.767356e-03,1.934761e-04,6.482565e-03,4.812446e-01,3.757418e-03,6.380790e-02,9.286039e-03,6.757791e-03,1.567895e-01,1.915680e-01
1.008343e-02,6.014744e-03,9.737562e-03,5.801770e-03,2.228891e-02,4.215396e-03,1.580287e-04,4.546095e-03,5.210527e-01,3.550345e-03,5.112199e-02,6.668119e-03,5.018002e-03,2.036392e-01,1.461037e-01
7.385276e-03,5.998084e-03,9.719279e-03,4.184262e-03,1.614186e-02,3.379360e-03,1.335409e-04,3.223856e-03,5.927770e-01,4.069913e-03,3.993478e-02,4.722996e-03,3.729146e-03,1.957391e-01,1.088616e-01
5.567905e-03,2.273020e-02,8.047051e-03,3.007278e-03,1.200470e-02,3.560648e-03,1.227884e-04,2.313942e-03,6.062706e-01,4.802363e-03,2.949028e-02,3.345139e-03,2.986043e-03,2.059831e-01,8.976799e-02
4.040135e-03,3.391129e-02,6.309098e-03,2.604734e-03,9.123710e-03,2.919707e-03,9.823914e-05,1.740009e-03,6.477271e-01,5.505136e-03,2.132904e-02,2.425839e-03,2.573598e-03,1.813086e-01,7.838378e-02
3.518789e-03,3.530318e-02,8.197075e-03,8.219494e-03,1.057084e-02,3.245291e-03,1.688506e-04,1.408841e-02,6.416643e-01,6.391454e-03,1.686480e-02,2.029222e-03,2.795530e-03,1.881256e-01,5.881718e-02
2.863930e-03,3.535593e-02,6.005953e-03,7.571250e-03,8.987380e-03,3.479597e-03,1.395534e-04,1.001710e-02,6.864288e-01,9.547831e-03,1.332522e-02,1.628163e-03,3.633997e-03,1.547909e-01,5.622443e-02
2.266648e-03,3.710752e-02,4.385065e-03,6.381909e-03,8.208429e-03,2.898975e-03,1.188087e-04,7.181546e-03,7.364054e-01,8.704389e-03,1.019831e-02,1.313018e-03,3.554973e-03,1.269740e-01,4.430111e-02
1.653410e-03,3.019547e-02,3.104885e-03,4.608807e-03,5.960960e-03,2.321184e-03,9.051250e-05,5.036363e-03,7.876894e-01,7.845655e-03,7.473712e-03,9.572259e-04,4.143542e-03,9.811629e-02,4.080256e-02
1.302546e-03,2.280032e-02,2.209027e-03,3.352022e-03,5.138853e-03,2.502043e-03,8.433746e-05,3.626118e-03,8.343667e-01,6.395526e-03,5.629397e-03,7.046225e-04,6.493376e-03,7.347459e-02,3.192056e-02
9.611156e-04,2.045063e-02,1.568895e-03,2.470454e-03,3.877435e-03,2.056115e-03,7.357353e-05,2.550126e-03,8.672925e-01,5.106554e-03,4.481104e-03,5.998719e-04,7.421291e-03,5.675304e-02,2.433727e-02
7.626022e-04,1.982756e-02,1.136938e-03,2.099171e-03,2.976347e-03,1.580938e-03,6.267140e-05,1.811331e-03,8.937373e-01,4.082046e-03,3.511745e-03,5.922447e-04,6.908079e-03,4.227602e-02,1.863503e-02
1.021572e-03,2.820983e-02,1.407675e-03,7.041602e-03,7.961706e-03,2.759083e-03,6.862239e-05,3.039185e-03,8.857843e-01,3.553678e-03,3.642053e-03,6.984054e-04,7.155600e-03,3.261930e-02,1.503748e-02
1.719798e-03,5.055392e-02,3.991035e-03,1.171234e-02,1.207459e-02,4.146462e-03,1.530000e-04,3.613601e-03,8.466808e-01,4.897922e-03,3.483206e-03,8.441093e-04,8.484962e-03,2.783052e-02,1.981377e-02
2.513902e-03,7.372141e-02,6.692270e-03,2.581633e-02,1.345411e-02,8.248301e-03,2.252658e-04,3.800991e-03,7.982582e-01,6.759403e-03,3.774468e-03,1.568352e-03,9.489412e-03,2.205626e-02,2.362136e-02
6.794684e-03,9.165022e-02,1.673705e-02,2.498052e-02,2.901555e-02,1.415088e-02,8.590405e-04,8.799372e-03,7.322925e-01,6.993795e-03,3.787385e-03,1.805979e-03,9.665438e-03,1.823366e-02,3.423389e-02
1.356640e-02,1.009269e-01,3.299244e-02,2.831158e-02,3.635409e-02,1.770008e-02,1.334804e-03,2.236489e-02,6.524014e-01,8.655725e-03,3.593366e-03,1.908538e-03,9.966061e-03,1.575771e-02,5.416594e-02
1.931002e-02,1.266155e-01,4.324488e-02,2.294341e-02,3.029016e-02,3.212121e-02,1.651259e-03,2.350118e-02,5.490828e-01,2.577072e-02,5.908965e-03,7.874319e-03,1.191291e-02,2.162896e-02,7.814375e-02
1.991514e-02,1.318015e-01,3.634403e-02,1.681524e-02,2.911905e-02,4.398687e-02,2.139839e-03,2.490590e-02,5.443447e-01,2.771208e-02,4.947633e-03,7.498842e-03,1.192734e-02,1.961310e-02,7.892874e-02
2.426265e-02,1.173790e-01,3.114721e-02,1.303967e-02,3.001283e-02,5.154581e-02,3.362958e-03,3.110914e-02,5.492548e-01,3.788023e-02,4.677053e-03,6.756219e-03,1.209970e-02,1.742391e-02,7.004884e-02
3.814755e-02,1.150981e-01,2.657186e-02,1.026411e-02,3.050578e-02,4.779718e-02,4.342798e-03,5.151478e-02,5.585179e-01,2.826414e-02,4.448341e-03,6.743847e-03,1.017909e-02,1.526968e-02,5.233481e-02
5.335214e-02,1.210799e-01,2.550581e-02,8.611232e-03,3.115367e-02,4.711060e-02,5.434707e-03,7.887433e-02,5.335160e-01,2.089891e-02,4.266485e-03,6.881465e-03,9.852629e-03,1.407186e-02,3.939021e-02
7.708320e-02,1.011905e-01,2.915898e-02,8.735927e-03,3.542863e-02,3.883018e-02,4.722787e-03,1.401801e-01,4.751562e-01,1.597121e-02,6.823285e-03,9.919276e-03,9.365479e-03,1.564877e-02,3.178534e-02
8.236534e-02,8.947726e-02,2.843273e-02,8.165146e-03,3.548655e-02,2.957291e-02,3.635568e-03,2.595913e-01,3.941944e-01,1.181092e-02,5.732629e-03,8.534060e-03,7.276846e-03,1.230401e-02,2.342026e-02
1.118717e-01,9.706526e-02,3.025763e-02,8.216586e-03,3.574179e-02,3.089524e-02,2.956136e-03,2.237009e-01,3.815121e-01,1.350369e-02,8.602165e-03,8.933980e-03,1.139031e-02,1.315209e-02,2.220042e-02
1.599258e-01,9.019515e-02,2.864547e-02,1.264372e-02,3.609933e-02,2.842344e-02,2.637562e-03,1.991533e-01,3.243416e-01,2.301634e-02,2.160189e-02,1.576427e-02,1.351526e-02,1.693046e-02,2.710646e-02
2.236887e-01,8.056542e-02,3.474998e-02,2.293272e-02,3.568091e-02,2.357161e-02,3.005918e-03,1.697276e-01,2.605011e-01,3.050250e-02,3.306443e-02,2.477470e-02,1.490110e-02,1.491221e-02,2.742110e-02
2.571730e-01,6.527949e-02,3.788181e-02,5.406684e-02,3.797241e-02,2.189165e-02,2.753698e-03,1.402985e-01,2.005874e-01,4.304570e-02,4.774390e-02,2.945792e-02,2.139368e-02,1.339482e-02,2.705916e-02
2.177958e-01,4.887037e-02,3.185316e-02,7.731219e-02,3.156266e-02,1.689956e-02,2.151673e-03,1.122270e-01,1.948095e-01,5.495035e-02,8.125311e-02,3.754885e-02,4.967272e-02,1.138746e-02,3.170561e-02
1.841462e-01,3.601250e-02,2.332855e-02,7.637498e-02,2.907359e-02,1.261992e-02,1.862598e-03,8.364949e-02,1.982765e-01,5.509185e-02,1.221009e-01,3.233647e-02,1.094268e-01,9.495345e-03,2.620433e-02
1.717613e-01,2.640661e-02,1.768774e-02,5.754654e-02,3.068143e-02,9.614667e-03,2.302038e-03,6.334949e-02,1.952966e-01,5.229092e-02,1.389149e-01,2.852025e-02,1.737219e-01,8.312261e-03,2.359337e-02
1.312283e-01,1.991923e-02,1.394362e-02,4.584461e-02,3.590099e-02,7.471431e-03,2.427165e-03,5.538877e-02,2.318040e-01,4.299476e-02,1.318992e-01,2.351595e-02,2.279498e-01,7.373886e-03,2.233827e-02
9.887632e-02,1.485716e-02,3.781796e-02,3.646590e-02,3.762428e-02,5.754920e-03,2.145445e-03,1.291215e-01,1.709500e-01,4.651361e-02,1.711363e-01,1.995312e-02,2.040986e-01,5.467490e-03,1.921735e-02
8.651564e-02,1.299506e-02,6.434547e-02,3.438207e-02,5.840931e-02,6.210381e-03,4.185681e-03,1.545158e-01,1.647728e-01,4.423863e-02,1.530735e-01,1.532831e-02,1.656197e-01,4.363646e-03,3.104403e-02
6.960422e-02,1.425517e-02,7.725194e-02,2.782312e-02,6.183670e-02,1.002077e-02,3.839784e-03,1.267555e-01,2.233347e-01,3.644688e-02,1.149459e-01,1.163241e-02,1.577716e-01,3.981120e-03,6.050022e-02
6.197997e-02,2.256542e-02,8.630491e-02,2.363467e-02,5.915409e-02,1.118993e-02,3.166778e-03,1.015567e-01,2.860743e-01,2.790587e-02,8.522529e-02,8.649877e-03,1.161242e-01,3.397597e-03,1.030705e-01
4.501468e-02,2.956230e-02,7.201645e-02,3.714229e-02,4.648557e-02,8.683496e-03,2.383758e-03,7.423176e-02,4.268665e-01,2.017398e-02,6.037165e-02,6.320864e-03,8.322019e-02,2.463324e-03,8.506323e-02
3.190534e-02,3.893163e-02,1.208345e-01,6.905740e-02,3.546052e-02,7.691421e-03,1.752921e-03,5.355254e-02,4.549023e-01,1.466650e-02,4.263804e-02,4.582515e-03,5.946045e-02,1.736549e-03,6.282742e-02
2.256801e-02,4.831231e-02,2.061618e-01,7.803757e-02,2.616966e-02,6.151627e-03,1.264342e-03,3.855763e-02,4.295279e-01,1.218440e-02,3.078781e-02,3.499454e-03,4.348203e-02,1.229133e-03,5.206634e-02
1.792834e-02,9.258938e-02,1.834737e-01,6.269387e-02,2.322344e-02,5.600132e-03,9.496390e-04,3.038892e-02,4.319218e-01,1.987631e-02,2.554049e-02,2.894192e-03,3.191193e-02,1.062494e-03,6.994539e-02
1.275073e-02,8.011922e-02,1.301392e-01,8.449776e-02,1.660044e-02,4.114959e-03,6.699923e-04,2.151554e-02,4.549351e-01,1.653460e-02,8.615325e-02,3.900649e-03,3.457713e-02,1.283033e-03,5.220842e-02
9.224415e-03,6.576502e-02,9.194801e-02,7.885629e-02,1.170612e-02,3.076400e-03,4.778225e-04,1.531584e-02,3.881367e-01,1.413214e-02,1.698640e-01,8.965136e-03,8.803506e-02,2.109300e-03,5.238776e-02
6.977328e-03,4.771951e-02,6.522045e-02,1.204744e-01,9.298577e-03,2.326569e-03,4.054638e-04,1.168476e-02,3.015601e-01,1.028329e-02,2.587448e-01,1.696756e-02,9.832965e-02,7.901613e-03,4.210585e-02
5.028368e-03,3.372327e-02,4.578560e-02,1.169615e-01,7.494327e-03,1.808436e-03,3.195588e-04,8.515219e-03,2.221145e-01,7.545392e-03,3.491282e-01,1.959802e-02,1.244675e-01,1.712135e-02,4.038877e-02
3.609025e-03,2.376801e-02,3.238556e-02,1.060348e-01,7.673384e-03,1.341861e-03,2.743027e-04,6.296210e-03,1.749272e-01,5.880198e-03,3.491834e-01,3.014419e-02,1.530367e-01,4.071467e-02,6.473061e-02
2.645068e-03,1.675257e-02,2.302820e-02,8.552810e-02,8.686652e-03,1.027669e-03,2.576770e-04,4.488598e-03,1.591611e-01,1.588818e-02,4.081186e-01,3.417881e-02,1.128113e-01,6.148645e-02,6.594101e-02
2.005773e-03,1.211566e-02,1.668062e-02,6.473781e-02,1.782491e-02,7.727277e-04,2.476174e-04,3.354848e-03,1.184602e-01,1.988523e-02,3.712408e-01,3.066524e-02,8.701722e-02,1.232802e-01,1.317112e-01
1.488136e-03,8.833544e-03,1.236314e-02,4.559056e-02,9.306559e-02,5.868787e-04,1.908165e-04,2.537863e-03,8.885503e-02,1.538630e-02,3.219278e-01,2.358578e-02,6.962449e-02,1.656311e-01,1.503331e-01
1.122148e-03,6.295966e-03,9.278106e-03,3.218728e-02,8.253491e-02,5.222256e-04,1.614888e-04,2.170047e-03,6.928337e-02,1.432627e-02,2.780725e-01,1.959723e-02,5.774293e-02,2.350109e-01,1.916946e-01
8.720967e-04,4.643833e-03,6.915604e-03,2.275653e-02,6.018866e-02,4.712086e-04,1.302251e-04,2.372244e-03,6.847163e-02,1.212162e-02,2.640312e-01,3.876509e-02,4.661754e-02,3.347546e-01,1.368880e-01
7.144902e-04,3.309373e-03,5.110628e-03,1.716973e-02,4.321283e-02,7.871719e-04,1.100448e-04,2.816683e-03,5.431155e-02,1.136566e-02,3.932852e-01,2.842335e-02,3.508745e-02,2.911063e-01,1.131895e-01
9.850132e-04,2.480282e-03,4.254737e-03,1.312379e-02,3.349668e-02,1.562939e-03,1.528472e-04,3.562103e-03,4.230838e-02,1.427688e-02,4.635475e-01,2.101697e-02,2.809326e-02,2.669907e-01,1.041480e-01
1.825371e-03,1.990642e-03,3.565978e-03,9.975414e-03,2.434635e-02,3.210886e-03,1.394416e-04,3.239803e-03,3.220798e-02,1.526247e-02,5.421476e-01,1.566037e-02,2.264279e-02,2.469414e-01,7.684353e-02
1.783120e-03,2.179320e-03,3.143993e-03,7.222588e-03,1.800691e-02,3.356120e-03,1.166464e-04,2.545688e-03,2.786005e-02,1.388376e-02,5.860947e-01,1.184699e-02,1.844235e-02,2.451304e-01,5.838738e-02
1.503105e-03,1.997289e-03,3.120498e-03,5.275449e-03,1.310595e-02,2.574949e-03,1.042018e-04,1.842366e-03,2.142213e-02,1.119984e-02,6.782240e-01,8.904187e-03,1.380835e-02,1.916315e-01,4.528632e-02
1.742296e-03,1.792558e-03,3.460217e-03,3.835644e-03,1.022185e-02,3.830787e-03,1.047765e-04,1.508897e-03,2.024960e-02,8.800947e-03,6.568025e-01,9.793669e-03,1.022251e-02,2.356044e-01,3.202934e-02
1.937829e-03,1.536514e-03,2.847707e-03,2.887343e-03,7.789048e-03,4.666049e-03,1.053149e-04,1.166125e-03,1.615342e-02,7.006046e-03,6.452942e-01,9.948019e-03,7.720245e-03,2.682548e-01,2.268730e-02
2.817911e-03,1.752591e-03,2.743540e-03,2.134646e-03,5.671831e-03,5.458833e-03,8.528614e-05,9.454616e-04,1.532547e-02,5.914320e-03,6.229268e-01,8.501636e-03,5.811162e-03,3.038646e-01,1.604589e-02
4.874674e-03,2.408126e-03,3.116172e-03,1.674278e-03,4.548302e-03,6.843964e-03,8.086293e-05,7.860037e-04,1.582634e-02,6.404913e-03,6.073946e-01,7.810373e-03,4.479772e-03,3.219875e-01,1.176400e-02
1.316890e-02,2.387455e-03,3.250789e-03,1.220657e-03,3.378717e-03,1.022092e-02,9.052239e-05,8.258246e-04,2.473672e-02,5.968295e-03,5.442085e-01,6.721350e-03,3.525521e-03,3.718093e-01,8.486456e-03
1.780503e-02,2.190063e-03,2.567031e-03,9.271159e-04,2.605547e-03,8.965740e-03,7.328080e-05,6.489421e-04,3.513775e-02,5.094115e-03,4.775534e-01,5.404741e-03,2.616350e-03,4.322668e-01,6.144167e-03
2.099042e-02,2.550325e-03,2.424820e-03,8.416070e-04,2.270202e-03,8.163500e-03,9.831796e-05,5.764825e-04,5.531263e-02,1.010344e-02,4.222879e-01,4.202110e-03,2.023061e-03,4.633914e-01,4.763855e-03
2.034296e-02,6.308815e-03,4.480354e-03,8.346634e-04,2.059272e-03,9.321570e-03,1.325905e-04,5.383130e-04,7.602385e-02,9.667051e-03,3.737054e-01,3.931697e-03,1.692035e-03,4.864195e-01,4.541903e-03
1.929540e-02,5.607120e-03,3.804831e-03,6.536520e-04,1.708321e-03,8.502835e-03,1.134691e-04,4.468369e-04,6.270728e-02,8.476842e-03,3.643971e-01,3.528523e-03,1.375784e-03,5.156965e-01,3.685485e-03
1.727537e-02,4.222305e-03,3.483469e-03,5.196806e-04,1.415951e-03,7.855607e-03,1.013333e-04,5.311776e-04,5.048911e-02,9.608437e-03,3.588133e-01,2.731398e-03,1.175871e-03,5.389333e-01,2.843628e-03
1.378684e-02,4.384690e-03,2.878672e-03,5.293413e-04,1.556375e-03,7.868984e-03,1.506221e-04,4.890757e-04,4.124764e-02,1.214918e-02,4.267609e-01,2.267558e-03,9.760985e-04,4.823279e-01,2.626027e-03
1.104940e-02,1.143984e-02,3.058570e-03,4.793587e-04,2.193147e-03,1.240099e-02,1.798949e-04,4.856344e-04,3.386023e-02,1.671030e-02,4.808849e-01,2.287222e-03,8.935576e-04,4.208075e-01,3.269409e-03
9.219714e-03,8.776042e-03,2.349133e-03,3.595630e-04,1.790956e-03,9.381426e-03,1.388059e-04,4.360140e-04,2.961553e-02,1.562199e-02,5.175539e-01,2.150495e-03,7.586046e-04,3.991041e-01,2.743728e-03
1.254410e-02,1.038514e-02,4.567395e-03,4.360069e-04,2.012054e-03,8.910609e-03,1.596907e-04,8.012524e-04,3.188215e-02,2.488251e-02,5.517261e-01,2.062089e-03,6.722666e-04,3.452867e-01,3.671908e-03
1.749469e-02,1.354048e-02,2.550666e-02,4.668661e-04,2.007253e-03,2.448408e-02,2.106876e-04,1.096025e-03,3.165469e-02,2.820281e-02,5.385487e-01,1.983006e-03,6.257686e-04,3.088404e-01,5.337888e-03
2.257282e-02,1.065330e-02,6.931895e-02,5.792256e-04,1.840342e-03,2.302712e-02,2.129398e-04,6.255802e-03,6.755876e-02,2.889932e-02,4.686755e-01,1.703752e-03,5.835354e-04,2.930405e-01,5.078209e-03
3.249227e-02,8.451754e-03,1.498178e-01,6.277581e-04,1.622602e-03,2.497622e-02,2.433962e-04,9.844312e-03,1.059258e-01,2.423902e-02,3.835388e-01,1.380534e-03,4.981217e-04,2.512651e-01,5.076595e-03
3.826661e-02,6.135925e-03,1.245896e-01,7.944631e-04,1.375564e-03,2.836084e-02,2.590158e-04,1.244940e-02,1.674205e-01,2.176813e-02,3.361544e-01,1.024884e-03,4.686420e-04,2.568088e-01,4.123224e-03
3.847611e-02,4.657865e-03,1.063261e-01,7.682312e-04,1.192448e-03,2.638225e-02,2.254191e-04,1.178452e-02,2.080292e-01,1.953106e-02,3.106226e-01,7.685925e-04,3.987560e-04,2.667696e-01,4.067245e-03
3.664601e-02,3.775239e-03,9.293333e-02,8.371708e-04,1.424640e-03,2.159490e-02,2.250173e-04,1.015401e-02,2.875342e-01,1.506377e-02,2.607168e-01,6.539824e-04,3.988501e-04,2.635025e-01,4.539500e-03
3.483985e-02,2.992752e-03,8.028629e-02,8.892737e-04,1.562975e-03,1.720696e-02,1.890774e-04,1.486173e-02,3.672009e-01,1.161790e-02,2.021426e-01,5.469801e-04,3.548801e-04,2.614492e-01,3.858597e-03
3.431194e-02,2.474616e-03,7.188433e-02,7.925332e-04,1.452772e-03,1.390807e-02,1.671974e-04,1.387320e-02,4.002640e-01,9.400804e-03,1.597799e-01,4.348705e-04,3.120889e-04,2.867655e-01,4.178266e-03
3.614938e-02,3.165664e-03,1.827335e-01,1.584681e-03,2.621743e-03,1.172897e-02,2.799996e-04,2.385562e-02,3.541964e-01,7.843562e-03,1.284266e-01,3.814256e-04,2.909638e-04,2.417145e-01,5.026992e-03
4.228951e-02,2.883675e-03,1.669202e-01,1.493961e-03,3.068506e-03,1.037513e-02,3.186801e-04,3.014828e-02,3.182508e-01,6.857195e-03,1.257414e-01,3.411441e-04,2.966429e-04,2.866692e-01,4.345658e-03
4.230036e-02,2.550918e-03,2.728762e-01,3.434254e-03,3.538840e-03,1.201023e-02,4.370373e-04,3.506025e-02,2.664207e-01,5.374615e-03,1.042510e-01,2.802663e-04,2.620751e-04,2.477888e-01,3.414517e-03
4.048191e-02,2.308325e-03,4.146034e-01,6.506694e-03,4.523963e-03,9.302190e-03,4.612455e-04,3.785899e-02,2.102184e-01,4.163550e-03,8.295871e-02,2.785103e-04,2.222576e-04,1.835165e-01,2.595301e-03
3.523906e-02,2.278669e-03,5.530571e-01,9.314559e-03,4.677260e-03,7.397308e-03,3.770571e-04,2.890235e-02,1.566183e-01,3.165080e-03,6.515714e-02,3.226454e-04,1.890214e-04,1.310457e-01,2.258789e-03
2.475392e-02,4.577433e-03,4.863675e-01,1.529480e-01,3.634557e-03,5.267342e-03,2.675497e-04,2.028830e-02,1.106611e-01,3.064753e-03,9.058060e-02,1.200653e-03,8.404781e-04,9.354223e-02,2.005690e-03
1.739148e-02,8.873103e-03,5.207187e-01,1.935453e-01,4.998315e-03,4.159892e-03,2.269828e-04,1.449739e-02,7.818355e-02,2.757673e-03,8.426841e-02,1.485495e-03,7.578096e-04,6.666649e-02,1.469474e-03
