1.000000e+00,0.000000e+00,0.000000e+00,0.000000e+00,0.000000e+00,0.000000e+00,0.000000e+00,0.000000e+00,0.000000e+00,0.000000e+00,0.000000e+00,0.000000e+00,0.000000e+00,0.000000e+00,0.000000e+00
1.000000e+00,0.000000e+00,0.000000e+00,0.000000e+00,0.000000e+00,0.000000e+00,0.000000e+00,0.000000e+00,0.000000e+00,0.000000e+00,0.000000e+00,0.000000e+00,0.000000e+00,0.000000e+00,0.000000e+00
1.000000e+00,0.000000e+00,0.000000e+00,0.000000e+00,0.000000e+00,0.000000e+00,0.000000e+00,0.000000e+00,0.000000e+00,0.000000e+00,0.000000e+00,0.000000e+00,0.000000e+00,0.000000e+00,0.000000e+00
1.000000e+00,0.000000e+00,0.000000e+00,0.000000e+00,0.000000e+00,0.000000e+00,0.000000e+00,0.000000e+00,0.000000e+00,0.000000e+00,0.000000e+00,0.000000e+00,0.000000e+00,0.000000e+00,0.000000e+00
1.000000e+00,0.000000e+00,0.000000e+00,0.000000e+00,0.000000e+00,0.000000e+00,0.000000e+00,0.000000e+00,0.000000e+00,0.000000e+00,0.000000e+00,0.000000e+00,0.000000e+00,0.000000e+00,0.000000e+00
1.000000e+00,0.000000e+00,0.000000e+00,0.000000e+00,0.000000e+00,0.000000e+00,0.000000e+00,0.000000e+00,0.000000e+00,0.000000e+00,0.000000e+00,0.000000e+00,0.000000e+00,0.000000e+00,0.000000e+00
1.000000e+00,0.000000e+00,0.000000e+00,0.000000e+00,0.000000e+00,0.000000e+00,0.000000e+00,0.000000e+00,0.000000e+00,0.000000e+00,0.000000e+00,0.000000e+00,0.000000e+00,0.000000e+00,0.000000e+00
1.000000e+00,0.000000e+00,0.000000e+00,0.000000e+00,0.000000e+00,0.000000e+00,0.000000e+00,0.000000e+00,0.000000e+00,0.000000e+00,0.000000e+00,0.000000e+00,0.000000e+00,0.000000e+00,0.000000e+00
1.000000e+00,0.000000e+00,0.000000e+00,0.000000e+00,0.000000e+00,0.000000e+00,0.000000e+00,0.000000e+00,0.000000e+00,0.000000e+00,0.000000e+00,0.000000e+00,0.000000e+00,0.000000e+00,0.000000e+00
1.000000e+00,0.000000e+00,0.000000e+00,0.000000e+00,0.000000e+00,0.000000e+00,0.000000e+00,0.000000e+00,0.000000e+00,0.000000e+00,0.000000e+00,0.000000e+00,0.000000e+00,0.000000e+00,0.000000e+00
1.000000e+00,0.000000e+00,0.000000e+00,0.000000e+00,0.000000e+00,0.000000e+00,0.000000e+00,0.000000e+00,0.000000e+00,0.000000e+00,0.000000e+00,0.000000e+00,0.000000e+00,0.000000e+00,0.000000e+00
1.000000e+00,0.000000e+00,0.000000e+00,0.000000e+00,0.000000e+00,0.000000e+00,0.000000e+00,0.000000e+00,0.000000e+00,0.000000e+00,0.000000e+00,0.000000e+00,0.000000e+00,0.000000e+00,0.000000e+00
1.000000e+00,0.000000e+00,0.000000e+00,0.000000e+00,0.000000e+00,0.000000e+00,0.000000e+00,0.000000e+00,0.000000e+00,0.000000e+00,0.000000e+00,0.000000e+00,0.000000e+00,0.000000e+00,0.000000e+00
1.000000e+00,0.000000e+00,0.000000e+00,0.000000e+00,0.000000e+00,0.000000e+00,0.000000e+00,0.000000e+00,0.000000e+00,0.000000e+00,0.000000e+00,0.000000e+00,0.000000e+00,0.000000e+00,0.000000e+00
1.000000e+00,0.000000e+00,0.000000e+00,0.000000e+00,0.000000e+00,0.000000e+00,0.000000e+00,0.000000e+00,0.000000e+00,0.000000e+00,0.000000e+00,0.000000e+00,0.000000e+00,0.000000e+00,0.000000e+00
1.000000e+00,0.000000e+00,0.000000e+00,0.000000e+00,0.000000e+00,0.000000e+00,0.000000e+00,0.000000e+00,0.000000e+00,0.000000e+00,0.000000e+00,0.000000e+00,0.000000e+00,0.000000e+00,0.000000e+00
1.000000e+00,0.000000e+00,0.000000e+00,0.000000e+00,0.000000e+00,0.000000e+00,0.000000e+00,0.000000e+00,0.000000e+00,0.000000e+00,0.000000e+00,0.000000e+00,0.000000e+00,0.000000e+00,0.000000e+00
1.000000e+00,0.000000e+00,0.000000e+00,0.000000e+00,0.000000e+00,0.000000e+00,0.000000e+00,0.000000e+00,0.000000e+00,0.000000e+00,0.000000e+00,0.000000e+00,0.000000e+00,0.000000e+00,0.000000e+00
1.000000e+00,0.000000e+00,0.000000e+00,0.000000e+00,0.000000e+00,0.000000e+00,0.000000e+00,0.000000e+00,0.000000e+00,0.000000e+00,0.000000e+00,0.000000e+00,0.000000e+00,0.000000e+00,0.000000e+00
1.000000e+00,0.000000e+00,0.000000e+00,0.000000e+00,0.000000e+00,0.000000e+00,0.000000e+00,0.000000e+00,0.000000e+00,0.000000e+00,0.000000e+00,0.000000e+00,0.000000e+00,0.000000e+00,0.000000e+00
1.000000e+00,0.000000e+00,0.000000e+00,0.000000e+00,0.000000e+00,0.000000e+00,0.000000e+00,0.000000e+00,0.000000e+00,0.000000e+00,0.000000e+00,0.000000e+00,0.000000e+00,0.000000e+00,0.000000e+00
1.000000e+00,0.000000e+00,0.000000e+00,0.000000e+00,0.000000e+00,0.000000e+00,0.000000e+00,0.000000e+00,0.000000e+00,0.000000e+00,0.000000e+00,0.000000e+00,0.000000e+00,0.000000e+00,0.000000e+00
1.000000e+00,0.000000e+00,0.000000e+00,0.000000e+00,0.000000e+00,0.000000e+00,0.000000e+00,0.000000e+00,0.000000e+00,0.000000e+00,0.000000e+00,0.000000e+00,0.000000e+00,0.000000e+00,0.000000e+00
1.000000e+00,0.000000e+00,0.000000e+00,0.000000e+00,0.000000e+00,0.000000e+00,0.000000e+00,0.000000e+00,0.000000e+00,0.000000e+00,0.000000e+00,0.000000e+00,0.000000e+00,0.000000e+00,0.000000e+00
1.000000e+00,0.000000e+00,0.000000e+00,0.000000e+00,0.000000e+00,0.000000e+00,0.000000e+00,0.000000e+00,0.000000e+00,0.000000e+00,0.000000e+00,0.000000e+00,0.000000e+00,0.000000e+00,0.000000e+00
1.000000e+00,0.000000e+00,0.000000e+00,0.000000e+00,0.000000e+00,0.000000e+00,0.000000e+00,0.000000e+00,0.000000e+00,0.000000e+00,0.000000e+00,0.000000e+00,0.000000e+00,0.000000e+00,0.000000e+00
1.000000e+00,0.000000e+00,0.000000e+00,0.000000e+00,0.000000e+00,0.000000e+00,0.000000e+00,0.000000e+00,0.000000e+00,0.000000e+00,0.000000e+00,0.000000e+00,0.000000e+00,0.000000e+00,0.000000e+00
1.000000e+00,0.000000e+00,0.000000e+00,0.000000e+00,0.000000e+00,0.000000e+00,0.000000e+00,0.000000e+00,0.000000e+00,0.000000e+00,0.000000e+00,0.000000e+00,0.000000e+00,0.000000e+00,0.000000e+00
1.000000e+00,0.000000e+00,0.000000e+00,0.000000e+00,0.000000e+00,0.000000e+00,0.000000e+00,0.000000e+00,0.000000e+00,0.000000e+00,0.000000e+00,0.000000e+00,0.000000e+00,0.000000e+00,0.000000e+00
1.000000e+00,0.000000e+00,0.000000e+00,0.000000e+00,0.000000e+00,0.000000e+00,0.000000e+00,0.000000e+00,0.000000e+00,0.000000e+00,0.000000e+00,0.000000e+00,0.000000e+00,0.000000e+00,0.000000e+00
1.000000e+00,0.000000e+00,0.000000e+00,0.000000e+00,0.000000e+00,0.000000e+00,0.000000e+00,0.000000e+00,0.000000e+00,0.000000e+00,0.000000e+00,0.000000e+00,0.000000e+00,0.000000e+00,0.000000e+00
1.000000e+00,0.000000e+00,0.000000e+00,0.000000e+00,0.000000e+00,0.000000e+00,0.000000e+00,0.000000e+00,0.000000e+00,0.000000e+00,0.000000e+00,0.000000e+00,0.000000e+00,0.000000e+00,0.000000e+00
1.000000e+00,0.000000e+00,0.000000e+00,0.000000e+00,0.000000e+00,0.000000e+00,0.000000e+00,0.000000e+00,0.000000e+00,0.000000e+00,0.000000e+00,0.000000e+00,0.000000e+00,0.000000e+00,0.000000e+00
1.000000e+00,0.000000e+00,0.000000e+00,0.000000e+00,0.000000e+00,0.000000e+00,0.000000e+00,0.000000e+00,0.000000e+00,0.000000e+00,0.000000e+00,0.000000e+00,0.000000e+00,0.000000e+00,0.000000e+00
1.000000e+00,0.000000e+00,0.000000e+00,0.000000e+00,0.000000e+00,0.000000e+00,0.000000e+00,0.000000e+00,0.000000e+00,0.000000e+00,0.000000e+00,0.000000e+00,0.000000e+00,0.000000e+00,0.000000e+00
1.000000e+00,0.000000e+00,0.000000e+00,0.000000e+00,0.000000e+00,0.000000e+00,0.000000e+00,0.000000e+00,0.000000e+00,0.000000e+00,0.000000e+00,0.000000e+00,0.000000e+00,0.000000e+00,0.000000e+00
1.000000e+00,0.000000e+00,0.000000e+00,0.000000e+00,0.000000e+00,0.000000e+00,0.000000e+00,0.000000e+00,0.000000e+00,0.000000e+00,0.000000e+00,0.000000e+00,0.000000e+00,0.000000e+00,0.000000e+00
1.000000e+00,0.000000e+00,0.000000e+00,0.000000e+00,0.000000e+00,0.000000e+00,0.000000e+00,0.000000e+00,0.000000e+00,0.000000e+00,0.000000e+00,0.000000e+00,0.000000e+00,0.000000e+00,0.000000e+00
1.000000e+00,0.000000e+00,0.000000e+00,0.000000e+00,0.000000e+00,0.000000e+00,0.000000e+00,0.000000e+00,0.000000e+00,0.000000e+00,0.000000e+00,0.000000e+00,0.000000e+00,0.000000e+00,0.000000e+00
1.000000e+00,0.000000e+00,0.000000e+00,0.000000e+00,0.000000e+00,0.000000e+00,0.000000e+00,0.000000e+00,0.000000e+00,0.000000e+00,0.000000e+00,0.000000e+00,0.000000e+00,0.000000e+00,0.000000e+00
1.000000e+00,0.000000e+00,0.000000e+00,0.000000e+00,0.000000e+00,0.000000e+00,0.000000e+00,0.000000e+00,0.000000e+00,0.000000e+00,0.000000e+00,0.000000e+00,0.000000e+00,0.000000e+00,0.000000e+00
1.000000e+00,0.000000e+00,0.000000e+00,0.000000e+00,0.000000e+00,0.000000e+00,0.000000e+00,0.000000e+00,0.000000e+00,0.000000e+00,0.000000e+00,0.000000e+00,0.000000e+00,0.000000e+00,0.000000e+00
1.000000e+00,0.000000e+00,0.000000e+00,0.000000e+00,0.000000e+00,0.000000e+00,0.000000e+00,0.000000e+00,0.000000e+00,0.000000e+00,0.000000e+00,0.000000e+00,0.000000e+00,0.000000e+00,0.000000e+00
1.000000e+00,0.000000e+00,0.000000e+00,0.000000e+00,0.000000e+00,0.000000e+00,0.000000e+00,0.000000e+00,0.000000e+00,0.000000e+00,0.000000e+00,0.000000e+00,0.000000e+00,0.000000e+00,0.000000e+00
1.000000e+00,0.000000e+00,0.000000e+00,0.000000e+00,0.000000e+00,0.000000e+00,0.000000e+00,0.000000e+00,0.000000e+00,0.000000e+00,0.000000e+00,0.000000e+00,0.000000e+00,0.000000e+00,0.000000e+00
1.000000e+00,0.000000e+00,0.000000e+00,0.000000e+00,0.000000e+00,0.000000e+00,0.000000e+00,0.000000e+00,0.000000e+00,0.000000e+00,0.000000e+00,0.000000e+00,0.000000e+00,0.000000e+00,0.000000e+00
1.000000e+00,0.000000e+00,0.000000e+00,0.000000e+00,0.000000e+00,0.000000e+00,0.000000e+00,0.000000e+00,0.000000e+00,0.000000e+00,0.000000e+00,0.000000e+00,0.000000e+00,0.000000e+00,0.000000e+00
1.000000e+00,0.000000e+00,0.000000e+00,0.000000e+00,0.000000e+00,0.000000e+00,0.000000e+00,0.000000e+00,0.000000e+00,0.000000e+00,0.000000e+00,0.000000e+00,0.000000e+00,0.000000e+00,0.000000e+00
1.000000e+00,0.000000e+00,0.000000e+00,0.000000e+00,0.000000e+00,0.000000e+00,0.000000e+00,0.000000e+00,0.000000e+00,0.000000e+00,0.000000e+00,0.000000e+00,0.000000e+00,0.000000e+00,0.000000e+00
1.000000e+00,0.000000e+00,0.000000e+00,0.000000e+00,0.000000e+00,0.000000e+00,0.000000e+00,0.000000e+00,0.000000e+00,0.000000e+00,0.000000e+00,0.000000e+00,0.000000e+00,0.000000e+00,0.000000e+00
1.000000e+00,0.000000e+00,0.000000e+00,0.000000e+00,0.000000e+00,0.000000e+00,0.000000e+00,0.000000e+00,0.000000e+00,0.000000e+00,0.000000e+00,0.000000e+00,0.000000e+00,0.000000e+00,0.000000e+00
1.000000e+00,0.000000e+00,0.000000e+00,0.000000e+00,0.000000e+00,0.000000e+00,0.000000e+00,0.000000e+00,0.000000e+00,0.000000e+00,0.000000e+00,0.000000e+00,0.000000e+00,0.000000e+00,0.000000e+00
1.000000e+00,0.000000e+00,0.000000e+00,0.000000e+00,0.000000e+00,0.000000e+00,0.000000e+00,0.000000e+00,0.000000e+00,0.000000e+00,0.000000e+00,0.000000e+00,0.000000e+00,0.000000e+00,0.000000e+00
1.000000e+00,0.000000e+00,0.000000e+00,0.000000e+00,0.000000e+00,0.000000e+00,0.000000e+00,0.000000e+00,0.000000e+00,0.000000e+00,0.000000e+00,0.000000e+00,0.000000e+00,0.000000e+00,0.000000e+00
1.000000e+00,0.000000e+00,0.000000e+00,0.000000e+00,0.000000e+00,0.000000e+00,0.000000e+00,0.000000e+00,0.000000e+00,0.000000e+00,0.000000e+00,0.000000e+00,0.000000e+00,0.000000e+00,0.000000e+00
1.000000e+00,0.000000e+00,0.000000e+00,0.000000e+00,0.000000e+00,0.000000e+00,0.000000e+00,0.000000e+00,0.000000e+00,0.000000e+00,0.000000e+00,0.000000e+00,0.000000e+00,0.000000e+00,0.000000e+00
1.000000e+00,0.000000e+00,0.000000e+00,0.000000e+00,0.000000e+00,0.000000e+00,0.000000e+00,0.000000e+00,0.000000e+00,0.000000e+00,0.000000e+00,0.000000e+00,0.000000e+00,0.000000e+00,0.000000e+00
4.274451e-01,7.880995e-03,1.590019e-02,2.072117e-02,4.469157e-03,1.347930e-01,1.926270e-03,5.425952e-03,3.882542e-02,6.840379e-02,1.984097e-01,8.570593e-03,4.841864e-03,2.303335e-02,3.935346e-02
2.999500e-01,5.579612e-03,1.121331e-02,1.453839e-02,3.146756e-03,1.008244e-01,1.374503e-03,3.828403e-03,2.936794e-02,4.843696e-02,4.162848e-01,7.028355e-03,3.436958e-03,2.626716e-02,2.872241e-02
2.100855e-01,3.978560e-03,7.885588e-03,1.018829e-02,2.217311e-03,7.081464e-02,9.776166e-04,2.696185e-03,2.060512e-02,3.394299e-02,5.893798e-01,5.375672e-03,2.423856e-03,1.900334e-02,2.042542e-02
1.471190e-01,2.832743e-03,5.560169e-03,7.156306e-03,1.589384e-03,4.979042e-02,7.137240e-04,1.908851e-03,1.468969e-02,2.776469e-02,6.965795e-01,7.645494e-03,1.768117e-03,1.969587e-02,1.518608e-02
1.032525e-01,2.567722e-03,4.212853e-03,5.250717e-03,1.507987e-03,3.631108e-02,6.670639e-04,1.642403e-03,1.095043e-02,1.993092e-02,7.601944e-01,1.620046e-02,1.388223e-03,2.233950e-02,1.358369e-02
7.236297e-02,1.954604e-03,3.059605e-03,3.742460e-03,1.425394e-03,2.687684e-02,5.276939e-04,1.198659e-03,8.206658e-03,1.517144e-02,8.047077e-01,2.633893e-02,1.060785e-03,2.232116e-02,1.104508e-02
5.072201e-02,1.547573e-03,2.220208e-03,2.760952e-03,1.224237e-03,1.991840e-02,4.109094e-04,8.811540e-04,6.536280e-03,1.085628e-02,8.464253e-01,2.689997e-02,8.199662e-04,2.021073e-02,8.565987e-03
3.563015e-02,1.560107e-03,1.718516e-03,2.347210e-03,1.239290e-03,1.603941e-02,5.681457e-04,1.034665e-03,5.287513e-03,7.810010e-03,8.783681e-01,2.275302e-02,8.137724e-04,1.730775e-02,7.522242e-03
2.565094e-02,2.136310e-03,1.370886e-03,1.854011e-03,1.249448e-03,1.175044e-02,5.212998e-04,9.501650e-04,4.955404e-03,6.262409e-03,8.872601e-01,2.430258e-02,7.090184e-04,2.113113e-02,9.895820e-03
1.892938e-02,2.714848e-03,1.293225e-03,1.571820e-03,1.670324e-03,9.856365e-03,8.615903e-04,9.579496e-04,5.341098e-03,5.373277e-03,8.875378e-01,2.579309e-02,7.361385e-04,2.328219e-02,1.408089e-02
1.436102e-02,4.280045e-03,1.272287e-03,1.706563e-03,1.566021e-03,7.970355e-03,1.022087e-03,1.046209e-03,4.988266e-03,4.155833e-03,8.966905e-01,2.142039e-02,7.646800e-04,2.092428e-02,1.783150e-02
1.079268e-02,6.217447e-03,1.566855e-03,1.658310e-03,1.994961e-03,6.729003e-03,1.394326e-03,1.551506e-03,6.768963e-03,3.815468e-03,8.763682e-01,2.010683e-02,7.347100e-04,2.508099e-02,3.521985e-02
8.642644e-03,4.885662e-03,1.522936e-03,1.501723e-03,3.910477e-03,8.763079e-03,2.615225e-03,3.508113e-03,6.890271e-03,3.349774e-03,8.814372e-01,1.960466e-02,6.912624e-04,2.177500e-02,3.090196e-02
7.405408e-03,4.210580e-03,1.475188e-03,1.223496e-03,3.834767e-03,8.517157e-03,2.137874e-03,3.157789e-03,1.399646e-02,5.187587e-03,8.695494e-01,1.807959e-02,8.251398e-04,1.808798e-02,4.231162e-02
5.867589e-03,4.604287e-03,3.062760e-03,9.384211e-04,4.194553e-03,8.953135e-03,3.518541e-03,2.507923e-03,1.307929e-02,4.175664e-02,8.292165e-01,1.651123e-02,8.252642e-04,1.605864e-02,4.890520e-02
4.464191e-03,3.729291e-03,3.658840e-03,6.900132e-04,4.683613e-03,8.434922e-03,4.038275e-03,2.080519e-03,1.193434e-02,6.809197e-02,8.214754e-01,1.614567e-02,8.323616e-04,1.237663e-02,3.736387e-02
3.524320e-03,3.123935e-03,3.503729e-03,5.607990e-04,4.970783e-03,9.335876e-03,3.899247e-03,1.873017e-03,1.167271e-02,6.284210e-02,8.387934e-01,1.823582e-02,1.159480e-03,9.549625e-03,2.695520e-02
3.246444e-03,2.697597e-03,2.712636e-03,4.518819e-04,6.349877e-03,7.714689e-03,2.884617e-03,1.510182e-03,1.022569e-02,5.992457e-02,8.344878e-01,3.839619e-02,1.744190e-03,8.562095e-03,1.909152e-02
2.855310e-03,1.244958e-02,6.965168e-03,4.296191e-04,1.641362e-02,5.914870e-03,2.263261e-03,1.818455e-03,1.355982e-02,7.632309e-02,7.640405e-01,6.268214e-02,2.948048e-03,1.675223e-02,1.458421e-02
3.129406e-03,2.636431e-02,1.606666e-02,4.060676e-04,4.961856e-02,4.722562e-03,1.815206e-03,2.719637e-03,1.652734e-02,1.217503e-01,6.460137e-01,6.818859e-02,3.802366e-03,2.741275e-02,1.146245e-02
5.029026e-03,2.607749e-02,1.729213e-02,4.581285e-04,6.505637e-02,4.609409e-03,1.822250e-03,5.521777e-03,1.522890e-02,1.104690e-01,6.356179e-01,7.500701e-02,5.219883e-03,2.407231e-02,8.518415e-03
1.058197e-02,2.473020e-02,1.584846e-02,6.650841e-04,6.148157e-02,6.187689e-03,1.433103e-03,6.318543e-03,1.379863e-02,9.530973e-02,5.981477e-01,1.314563e-01,6.150934e-03,2.155824e-02,6.331728e-03
2.150475e-02,1.992944e-02,1.504257e-02,1.034438e-03,8.188367e-02,6.311387e-03,1.349985e-03,7.507762e-03,1.183906e-02,8.167040e-02,5.538553e-01,1.697535e-01,5.854656e-03,1.738088e-02,5.082156e-03
2.542702e-02,1.897729e-02,2.025893e-02,1.488338e-03,8.851957e-02,9.980251e-03,3.120320e-03,8.509573e-03,1.081220e-02,7.184296e-02,5.513455e-01,1.649802e-01,6.015367e-03,1.401508e-02,4.707291e-03
2.750278e-02,1.856514e-02,2.192304e-02,2.302270e-03,8.928340e-02,2.080483e-02,3.962806e-03,1.290380e-02,1.454114e-02,6.915763e-02,5.458824e-01,1.498828e-01,6.746841e-03,1.124914e-02,5.291917e-03
2.904064e-02,1.409894e-02,1.978081e-02,2.491741e-03,8.575559e-02,5.659055e-02,5.711011e-03,1.420702e-02,1.672885e-02,1.372903e-01,4.428274e-01,1.470172e-01,1.478623e-02,9.274650e-03,4.399023e-03
2.928465e-02,1.096831e-02,1.594524e-02,2.621373e-03,7.272292e-02,5.813714e-02,8.454476e-03,1.490458e-02,1.890875e-02,1.645228e-01,3.928542e-01,1.720387e-01,2.703909e-02,8.067839e-03,3.529909e-03
3.058528e-02,1.070303e-02,1.408867e-02,3.941549e-03,6.829368e-02,6.623678e-02,7.608440e-03,5.202471e-02,3.461796e-02,1.415466e-01,3.354727e-01,1.852168e-01,3.824459e-02,7.766321e-03,3.652857e-03
2.835241e-02,1.071889e-02,1.632254e-02,7.728070e-03,6.438947e-02,1.861120e-01,6.698308e-03,7.468968e-02,5.388055e-02,1.035302e-01,2.524371e-01,1.547729e-01,3.100672e-02,5.788846e-03,3.572423e-03
2.596823e-02,1.271338e-02,1.432453e-02,1.029829e-02,6.286862e-02,2.600749e-01,6.138136e-03,7.543938e-02,1.210236e-01,7.642093e-02,1.815792e-01,1.162220e-01,2.897720e-02,4.381643e-03,3.569976e-03
3.726257e-02,1.319468e-02,1.416389e-02,5.070678e-02,1.021895e-01,2.337232e-01,5.412858e-03,1.068122e-01,1.349121e-01,5.765193e-02,1.303928e-01,8.342309e-02,2.256093e-02,3.344949e-03,4.248457e-03
4.476538e-02,1.458132e-02,1.171098e-02,4.319326e-02,1.165478e-01,3.121851e-01,4.488792e-03,8.264870e-02,1.342857e-01,4.272220e-02,9.712347e-02,6.567490e-02,2.196429e-02,3.102941e-03,5.005251e-03
5.137704e-02,2.060489e-02,2.260628e-02,5.588800e-02,1.455021e-01,2.956861e-01,5.551413e-03,8.473660e-02,1.298634e-01,3.279370e-02,7.168474e-02,4.791432e-02,1.740477e-02,3.905667e-03,1.448095e-02
5.224331e-02,2.299537e-02,1.985273e-02,4.428353e-02,1.231124e-01,4.141514e-01,4.419643e-03,6.369753e-02,1.103573e-01,2.456006e-02,5.275584e-02,3.472089e-02,1.306016e-02,5.367590e-03,1.442226e-02
5.844632e-02,2.010507e-02,2.653700e-02,9.837571e-02,1.638471e-01,3.261861e-01,4.491840e-03,9.465919e-02,1.013997e-01,1.771927e-02,3.778829e-02,2.539638e-02,9.883320e-03,4.045560e-03,1.111914e-02
8.671974e-02,2.113032e-02,9.036661e-02,1.073864e-01,1.434699e-01,2.901222e-01,3.525976e-03,7.798199e-02,9.589697e-02,1.337359e-02,2.917222e-02,1.906240e-02,7.353469e-03,4.045750e-03,1.039254e-02
1.064800e-01,2.385133e-02,7.617294e-02,8.570006e-02,1.606924e-01,3.240255e-01,5.257389e-03,5.897604e-02,8.992618e-02,9.853913e-03,2.697607e-02,1.443629e-02,5.898278e-03,3.877511e-03,7.876150e-03
1.648160e-01,2.417763e-02,6.063139e-02,9.959169e-02,1.749902e-01,2.757501e-01,7.232233e-03,4.614538e-02,7.936174e-02,7.786986e-03,2.550231e-02,1.506684e-02,7.719974e-03,4.412757e-03,6.814749e-03
1.224855e-01,1.824335e-02,4.367587e-02,7.032326e-02,2.017918e-01,2.090201e-01,1.956833e-01,3.305767e-02,5.621574e-02,6.171462e-03,1.805473e-02,1.065709e-02,6.395272e-03,3.136296e-03,5.088464e-03
8.690349e-02,1.315385e-02,3.092906e-02,4.929642e-02,1.751710e-01,1.487403e-01,3.952980e-01,2.578909e-02,3.951397e-02,4.438668e-03,1.268646e-02,7.482917e-03,4.727454e-03,2.219816e-03,3.649411e-03
6.091555e-02,9.223948e-03,2.171685e-02,3.452870e-02,1.486108e-01,1.043780e-01,5.482290e-01,1.954670e-02,2.768110e-02,3.202182e-03,8.922637e-03,5.247487e-03,3.636438e-03,1.556574e-03,2.603998e-03
4.354063e-02,6.489898e-03,1.531465e-02,2.421640e-02,1.219272e-01,7.362058e-02,6.607887e-01,1.579771e-02,1.951733e-02,2.471037e-03,6.338836e-03,3.718131e-03,3.150683e-03,1.095295e-03,2.012787e-03
3.072445e-02,4.554356e-03,1.073937e-02,1.701011e-02,9.034818e-02,5.245974e-02,7.488611e-01,1.137886e-02,1.369188e-02,2.575976e-03,5.092213e-03,2.716414e-03,6.357644e-03,7.717002e-04,2.717967e-03
2.255326e-02,3.230772e-03,7.536793e-03,1.200090e-02,6.395113e-02,3.794196e-02,7.400830e-01,8.275775e-03,9.795216e-03,4.292536e-03,3.050204e-02,1.915067e-02,3.437317e-02,1.342995e-03,4.969759e-03
1.776932e-02,2.319391e-03,5.296373e-03,8.691755e-03,4.744581e-02,2.716114e-02,5.906540e-01,6.009545e-03,7.159436e-03,6.137959e-03,1.228742e-01,4.294539e-02,9.378470e-02,1.557546e-03,2.019336e-02
1.642631e-02,1.728758e-03,3.763198e-03,6.360545e-03,3.486138e-02,1.947854e-02,4.239978e-01,4.288179e-03,6.204943e-03,7.711134e-03,1.245020e-01,8.302242e-02,2.318507e-01,2.705680e-03,3.309835e-02
1.803412e-02,1.439911e-03,2.876514e-03,5.093671e-03,2.645400e-02,1.559008e-02,3.103581e-01,3.259441e-03,9.147121e-03,8.767853e-03,1.177377e-01,8.458947e-02,3.422075e-01,4.434043e-03,5.001050e-02
1.469219e-02,5.759015e-03,2.483170e-03,3.906293e-03,1.937503e-02,1.268039e-02,2.272911e-01,2.559891e-03,2.830820e-02,1.049897e-02,1.091093e-01,7.699604e-02,2.889858e-01,5.643605e-02,1.409185e-01
1.091443e-02,1.045223e-02,2.316293e-03,3.252997e-03,1.521559e-02,9.535550e-03,1.604106e-01,4.010013e-03,9.884343e-02,1.126101e-02,1.170873e-01,6.377897e-02,2.325849e-01,5.375411e-02,2.065826e-01
8.078679e-03,1.814059e-02,3.707174e-03,3.140856e-03,1.222129e-02,8.543720e-03,1.132246e-01,6.275697e-03,1.572954e-01,1.468502e-02,1.489331e-01,5.502332e-02,1.778749e-01,4.558726e-02,2.272685e-01
6.167823e-03,1.852102e-02,3.072964e-03,2.832925e-03,1.201566e-02,6.967670e-03,7.980385e-02,5.301929e-03,3.277764e-01,1.379327e-02,1.246415e-01,4.220827e-02,1.270248e-01,3.375707e-02,1.961149e-01
4.602305e-03,1.492283e-02,3.074029e-03,5.762750e-03,1.117215e-02,7.018307e-03,5.734135e-02,1.003165e-02,4.598351e-01,1.050849e-02,9.356811e-02,3.249544e-02,8.976635e-02,2.554280e-02,1.743583e-01
3.486535e-03,1.206339e-02,4.912559e-03,2.014082e-02,1.047865e-02,1.889325e-02,4.027756e-02,1.264797e-02,5.247538e-01,9.338260e-03,9.911670e-02,2.439113e-02,6.667231e-02,1.911930e-02,1.337077e-01
3.478353e-03,1.400969e-02,4.319098e-03,1.621343e-02,9.841045e-03,2.215841e-02,2.939474e-02,1.104784e-02,6.176323e-01,8.412905e-03,8.275902e-02,1.897491e-02,5.007882e-02,1.475896e-02,9.692051e-02
3.145206e-03,1.727649e-02,4.623537e-03,2.564151e-02,1.158005e-02,3.376741e-02,2.149676e-02,1.072698e-02,6.452987e-01,1.057663e-02,7.551380e-02,1.582261e-02,4.222959e-02,1.119946e-02,7.110129e-02
3.241668e-03,2.065818e-02,5.002399e-03,2.537172e-02,1.142373e-02,7.267676e-02,1.548962e-02,1.014199e-02,6.499301e-01,1.068349e-02,6.261740e-02,1.315989e-02,3.661794e-02,9.350689e-03,5.363448e-02
4.069817e-03,2.336907e-02,4.403288e-03,1.989692e-02,1.196546e-02,1.052592e-01,1.147059e-02,1.017056e-02,6.485733e-01,8.179749e-03,4.851651e-02,1.266783e-02,4.382614e-02,7.511237e-03,4.012030e-02
4.626851e-03,2.779172e-02,4.178298e-03,4.332835e-02,1.041445e-02,1.254265e-01,8.246294e-03,9.692036e-03,6.238900e-01,7.890209e-03,4.184937e-02,1.031097e-02,4.267943e-02,6.716355e-03,3.295916e-02
9.366038e-03,2.592916e-02,4.889119e-03,3.351468e-02,1.710285e-02,1.603923e-01,6.577008e-03,1.111140e-01,5.220850e-01,5.794489e-03,3.127799e-02,7.832807e-03,3.276999e-02,6.800813e-03,2.455372e-02
2.224030e-02,2.226900e-02,1.129144e-02,4.067053e-02,3.713607e-02,1.715589e-01,5.854171e-03,2.027242e-01,4.050193e-01,4.278334e-03,2.286009e-02,5.972382e-03,2.440200e-02,5.617471e-03,1.810578e-02
2.880729e-02,2.355000e-02,1.055005e-02,4.147027e-02,4.041775e-02,1.556548e-01,5.261058e-03,2.717118e-01,3.580437e-01,3.706824e-03,1.706015e-02,4.666905e-03,1.855877e-02,4.787099e-03,1.575350e-02
4.251939e-02,2.801061e-02,1.076027e-02,4.229954e-02,4.228103e-02,1.493290e-01,4.450592e-03,2.874804e-01,3.391159e-01,3.032534e-03,1.308411e-02,4.330543e-03,1.591426e-02,4.156580e-03,1.323526e-02
4.356886e-02,3.307535e-02,9.160183e-03,3.177804e-02,4.339775e-02,1.136905e-01,3.718652e-03,2.789474e-01,3.954470e-01,2.385423e-03,1.017649e-02,3.735238e-03,1.438759e-02,4.552373e-03,1.197915e-02
4.734477e-02,2.839287e-02,8.238978e-03,2.444912e-02,4.750509e-02,8.668598e-02,3.954476e-03,3.390083e-01,3.685178e-01,2.261497e-03,8.183974e-03,5.348546e-03,1.550191e-02,4.788216e-03,9.818580e-03
4.975328e-02,2.463146e-02,7.436334e-03,1.894226e-02,4.282153e-02,6.455886e-02,3.267943e-03,4.318127e-01,3.128395e-01,1.723483e-03,7.390526e-03,5.441929e-03,1.766608e-02,4.131799e-03,7.582255e-03
4.821879e-02,1.922456e-02,5.812456e-03,1.386764e-02,3.416619e-02,4.668812e-02,2.564439e-03,5.543907e-01,2.358601e-01,1.421083e-03,6.613491e-03,5.004607e-03,1.638466e-02,4.143172e-03,5.639993e-03
4.841825e-02,1.560059e-02,5.129504e-03,1.030553e-02,2.867451e-02,3.437938e-02,2.157025e-03,6.395339e-01,1.762612e-01,1.153973e-03,7.192064e-03,6.479211e-03,1.689526e-02,3.509234e-03,4.310468e-03
5.974092e-02,1.246395e-02,5.920500e-03,8.076482e-03,2.247146e-02,2.713318e-02,2.851154e-03,7.008334e-01,1.264804e-01,9.002513e-04,5.530368e-03,5.756608e-03,1.549650e-02,2.791488e-03,3.553391e-03
1.043787e-01,9.270713e-03,5.714261e-03,5.984464e-03,1.720056e-02,2.197995e-02,3.280187e-03,7.156903e-01,8.984806e-02,7.034222e-04,4.121500e-03,4.989043e-03,1.170607e-02,2.233247e-03,2.899635e-03
2.002584e-01,7.347909e-03,6.022060e-03,4.953831e-03,1.362068e-02,2.583760e-02,5.725075e-03,6.495720e-01,6.401452e-02,6.152245e-04,3.265512e-03,4.854780e-03,9.503817e-03,1.806264e-03,2.602368e-03
3.028625e-01,7.538256e-03,6.416406e-03,6.267820e-03,1.271518e-02,2.708080e-02,6.321299e-03,5.283385e-01,4.999990e-02,1.462287e-03,6.113268e-03,9.703083e-03,2.670109e-02,2.117263e-03,6.362399e-03
3.046503e-01,1.126162e-02,5.925514e-03,6.947916e-03,1.134626e-02,2.509172e-02,5.408624e-03,4.738869e-01,4.497388e-02,4.381167e-03,1.361614e-02,1.550832e-02,6.360178e-02,3.857852e-03,9.542027e-03
2.318318e-01,1.385071e-02,5.011620e-03,2.437816e-02,4.859697e-02,1.867804e-02,5.725375e-03,3.406325e-01,1.506218e-01,1.151291e-02,3.348500e-02,1.435846e-02,7.552299e-02,6.262878e-03,1.953078e-02
1.632190e-01,1.008332e-02,5.308789e-03,3.422612e-02,4.080470e-02,1.398194e-02,4.621600e-03,2.407554e-01,1.181442e-01,9.189845e-03,6.480487e-02,1.774994e-02,2.551950e-01,4.684430e-03,1.723091e-02
1.152470e-01,7.196829e-03,4.810667e-03,2.675782e-02,3.348288e-02,1.326635e-02,3.626146e-03,1.705581e-01,8.475240e-02,8.521736e-03,1.145519e-01,1.599390e-02,3.799920e-01,3.726450e-03,1.751585e-02
1.151353e-01,6.056258e-03,6.662848e-03,2.986230e-02,5.217163e-02,4.777145e-02,5.950603e-03,1.258814e-01,7.636619e-02,7.087000e-03,9.042017e-02,1.753659e-02,3.989534e-01,2.928823e-03,1.721609e-02
1.115457e-01,5.115456e-03,6.899572e-03,2.239700e-02,5.353225e-02,7.348663e-02,6.992714e-03,9.157212e-02,5.523417e-02,5.197271e-03,6.528837e-02,2.127786e-02,4.660574e-01,2.143914e-03,1.325967e-02
1.052453e-01,5.287062e-03,8.057745e-03,1.637798e-02,5.324998e-02,6.860948e-02,8.464194e-03,6.811701e-02,4.358426e-02,3.932904e-03,4.850216e-02,2.704506e-02,5.306138e-01,1.878491e-03,1.103464e-02
8.653381e-02,4.401325e-03,9.248544e-03,1.308437e-02,4.829113e-02,5.188251e-02,7.626894e-03,5.520549e-02,3.232532e-02,2.894330e-03,3.515839e-02,2.609164e-02,6.174577e-01,1.497244e-03,8.301316e-03
6.808619e-02,3.550340e-03,7.941647e-03,9.470918e-03,3.778528e-02,3.746936e-02,5.988196e-03,4.080917e-02,2.360291e-02,2.146680e-03,2.503980e-02,2.710015e-02,7.034236e-01,1.399201e-03,6.186663e-03
5.430692e-02,4.674300e-03,1.461107e-02,6.799933e-03,3.888863e-02,2.776985e-02,6.105407e-03,3.113740e-02,1.822652e-02,2.100152e-03,1.876732e-02,2.370766e-02,7.456319e-01,1.315955e-03,5.957020e-03
4.273732e-02,6.003988e-03,4.527697e-02,5.000642e-03,4.431842e-02,2.097707e-02,5.698166e-03,2.529250e-02,1.530617e-02,2.285474e-03,1.400598e-02,1.851859e-02,7.477219e-01,1.217097e-03,5.639804e-03
4.487878e-02,1.098496e-02,5.905001e-02,4.033151e-03,4.515696e-02,1.623778e-02,4.832689e-03,3.077387e-02,2.204169e-02,4.899546e-03,1.181219e-02,1.632004e-02,7.194740e-01,1.521226e-03,7.983248e-03
4.171661e-02,1.304884e-02,1.110176e-01,4.688359e-03,4.060892e-02,1.268083e-02,4.706306e-03,8.374861e-02,3.217570e-02,2.236932e-02,1.076855e-02,1.538341e-02,5.967778e-01,1.747246e-03,8.562059e-03
3.839340e-02,1.560950e-02,1.741152e-01,4.809018e-03,3.567891e-02,1.100226e-02,4.404430e-03,1.127236e-01,3.916562e-02,4.486432e-02,1.004488e-02,1.456498e-02,4.825735e-01,1.798972e-03,1.025154e-02
3.972279e-02,1.759795e-02,1.581899e-01,2.402713e-02,3.028911e-02,1.909348e-02,3.558325e-03,1.359106e-01,5.917954e-02,8.911005e-02,1.125405e-02,1.187438e-02,3.650983e-01,2.104993e-03,3.298954e-02
3.796976e-02,2.585116e-02,1.252419e-01,1.838527e-02,3.389138e-02,4.796049e-02,5.720421e-03,1.365821e-01,9.203218e-02,1.060487e-01,1.249307e-02,9.214296e-03,2.937858e-01,2.499338e-03,5.232418e-02
5.038874e-02,3.632843e-02,1.015038e-01,1.562178e-02,5.856703e-02,5.750851e-02,8.458630e-03,1.622782e-01,9.983900e-02,9.578744e-02,9.614376e-03,7.264260e-03,2.233090e-01,2.739280e-03,7.079163e-02
8.121175e-02,3.910615e-02,8.614507e-02,2.078402e-02,8.248225e-02,5.173440e-02,1.550444e-02,1.614498e-01,9.741653e-02,7.505166e-02,7.182521e-03,6.862863e-03,1.901332e-01,3.540525e-03,8.139493e-02
1.127194e-01,4.540565e-02,6.429920e-02,1.934896e-02,7.696755e-02,5.498092e-02,1.340392e-02,1.392104e-01,9.457771e-02,7.036535e-02,5.411686e-03,5.711681e-03,1.489354e-01,4.295532e-03,1.443666e-01
1.038509e-01,7.101142e-02,4.823697e-02,1.343804e-01,6.370573e-02,3.922622e-02,1.026245e-02,1.147694e-01,7.695766e-02,6.004338e-02,4.279322e-03,5.212308e-03,1.054834e-01,3.161040e-03,1.594194e-01
1.675872e-01,5.509728e-02,3.833573e-02,1.206952e-01,5.496748e-02,3.217229e-02,9.321865e-03,1.585077e-01,6.337571e-02,4.538788e-02,3.532584e-03,6.021708e-03,7.891795e-02,3.286127e-03,1.627934e-01
2.507328e-01,4.473976e-02,2.968329e-02,9.242965e-02,4.593804e-02,4.038120e-02,8.094347e-03,1.205524e-01,6.337096e-02,3.290514e-02,3.356683e-03,7.194794e-03,6.509972e-02,4.185659e-03,1.913355e-01
2.849942e-01,5.721692e-02,3.068408e-02,1.068146e-01,3.519294e-02,3.098617e-02,6.171693e-03,8.657206e-02,6.603689e-02,2.590884e-02,5.664952e-03,1.167989e-02,4.938877e-02,4.514440e-03,1.981735e-01
3.352221e-01,6.789310e-02,2.496499e-02,9.859663e-02,2.678153e-02,2.419011e-02,4.497205e-03,6.156649e-02,5.716407e-02,1.993594e-02,1.051563e-02,2.130140e-02,4.415927e-02,6.167551e-03,1.970439e-01
2.983864e-01,5.416455e-02,1.922913e-02,1.405697e-01,2.036562e-02,1.796487e-02,3.353500e-03,4.417679e-02,5.118566e-02,1.447638e-02,1.896577e-02,3.791049e-02,1.334358e-01,5.415922e-03,1.403994e-01
2.158147e-01,3.911459e-02,1.367622e-02,1.361763e-01,1.475984e-02,1.293068e-02,2.375709e-03,3.103134e-02,3.798451e-02,1.027237e-02,1.848971e-02,1.190474e-01,2.452724e-01,3.968961e-03,9.908526e-02
1.517786e-01,2.761863e-02,9.665484e-03,1.011200e-01,1.087565e-02,1.448382e-02,1.701001e-03,2.176398e-02,2.745482e-02,7.270191e-03,1.633042e-02,2.099728e-01,3.265879e-01,2.921031e-03,7.045560e-02
1.064027e-01,1.943706e-02,6.840550e-03,7.162455e-02,7.910290e-03,1.785832e-02,1.234139e-03,1.531359e-02,1.971806e-02,5.194415e-03,1.199551e-02,2.902590e-01,3.744311e-01,2.320444e-03,4.946028e-02
7.453291e-02,1.366827e-02,4.804404e-03,5.023939e-02,5.667030e-03,4.026141e-02,8.816571e-04,1.080279e-02,1.439106e-02,3.699535e-03,8.707241e-03,3.587958e-01,3.769968e-01,1.874254e-03,3.467743e-02
5.237002e-02,9.833818e-03,3.644077e-03,3.535217e-02,4.793860e-03,4.659700e-02,1.530272e-03,1.023917e-02,1.454434e-02,2.732326e-03,6.745313e-03,4.207187e-01,3.648546e-01,1.606475e-03,2.443794e-02
3.685598e-02,9.153320e-03,2.897348e-03,2.504881e-02,4.566624e-03,1.232484e-01,1.577253e-03,8.783519e-03,3.617605e-02,2.100863e-03,5.566507e-03,4.092627e-01,3.158246e-01,1.507731e-03,1.743027e-02
2.674456e-02,8.684372e-03,3.009437e-03,2.019346e-02,6.041298e-03,2.046935e-01,1.561228e-03,1.201523e-02,1.162086e-01,1.924417e-03,6.518598e-03,3.058343e-01,2.705349e-01,2.608537e-03,1.342756e-02
2.044719e-02,9.002695e-03,3.456343e-03,1.557079e-02,1.709419e-02,2.308633e-01,5.334483e-03,3.635251e-02,1.993917e-01,2.943019e-03,5.279497e-03,2.262808e-01,2.158390e-01,1.981226e-03,1.016335e-02
1.571598e-02,7.915272e-03,3.079199e-03,1.878732e-02,2.083847e-02,2.542443e-01,7.108568e-03,5.473585e-02,2.805229e-01,2.966729e-03,4.195416e-03,1.604188e-01,1.603914e-01,1.486773e-03,7.593087e-03
1.361542e-02,9.234738e-03,3.945924e-03,4.572970e-02,2.152983e-02,2.875922e-01,7.383990e-03,6.266873e-02,3.008489e-01,5.271242e-03,3.842235e-03,1.129175e-01,1.169666e-01,1.111353e-03,7.341642e-03
1.168016e-02,1.336325e-02,3.497799e-03,5.563136e-02,2.098963e-02,2.947866e-01,6.106016e-03,5.552197e-02,3.576155e-01,5.071440e-03,3.721593e-03,7.963444e-02,8.446868e-02,8.348211e-04,7.076740e-03
8.840587e-03,1.738698e-02,3.480568e-03,8.591849e-02,1.481046e-02,2.141398e-01,4.288607e-03,4.024346e-02,4.468555e-01,1.380225e-02,9.785837e-03,5.613377e-02,6.122285e-02,6.732467e-04,2.241760e-02
5.273786e-02,1.680071e-02,5.784478e-03,8.369457e-02,1.539334e-02,2.563166e-01,4.354919e-03,5.150572e-02,3.630568e-01,1.137211e-02,2.468113e-02,4.081808e-02,4.980016e-02,9.539410e-04,2.272957e-02
6.811570e-02,1.528499e-02,6.613169e-03,7.148530e-02,2.038190e-02,3.499307e-01,4.227757e-03,4.456072e-02,2.887424e-01,9.907724e-03,2.580500e-02,2.906894e-02,3.697155e-02,1.025643e-03,2.787852e-02
5.190544e-02,2.124036e-02,8.868564e-03,9.243585e-02,1.701937e-02,2.611735e-01,3.146080e-03,3.401858e-02,3.771738e-01,1.052240e-02,2.097403e-02,2.089941e-02,2.789681e-02,9.107814e-04,5.181495e-02
4.992194e-02,2.948190e-02,9.385363e-03,8.273189e-02,2.606680e-02,2.930790e-01,3.984010e-03,3.466433e-02,3.476281e-01,1.118543e-02,1.917847e-02,1.569180e-02,2.279398e-02,9.135795e-04,5.329343e-02
6.949942e-02,2.830647e-02,8.019298e-03,6.706516e-02,4.803413e-02,3.020316e-01,5.193825e-03,3.445823e-02,2.882357e-01,1.039424e-02,1.500177e-02,1.251871e-02,1.980211e-02,1.359407e-03,9.007987e-02
8.083075e-02,3.534083e-02,1.656000e-02,1.596069e-01,5.687399e-02,2.340948e-01,4.484654e-03,4.315561e-02,2.297570e-01,9.070124e-03,1.254265e-02,9.875139e-03,1.559331e-02,1.353893e-03,9.086037e-02
1.044724e-01,4.267475e-02,1.337935e-02,1.255832e-01,9.676269e-02,2.260954e-01,4.520270e-03,4.070426e-02,2.204180e-01,6.866940e-03,1.024919e-02,7.407659e-03,1.232723e-02,2.723109e-03,8.581550e-02
9.952240e-02,5.989270e-02,2.426162e-02,1.823313e-01,7.559268e-02,1.605539e-01,3.460893e-03,3.180275e-02,1.664457e-01,6.349440e-03,1.209082e-02,8.474288e-03,1.360742e-02,3.087792e-03,1.525264e-01
1.602452e-01,6.340183e-02,2.608165e-02,1.665238e-01,7.370493e-02,1.217430e-01,3.497989e-03,2.808002e-02,1.632827e-01,5.821133e-03,1.179731e-02,9.145686e-03,1.508185e-02,3.965099e-03,1.476278e-01
2.715905e-01,7.073125e-02,2.378524e-02,1.269555e-01,6.752890e-02,9.582787e-02,5.189376e-03,2.301276e-02,1.444440e-01,4.478607e-03,1.034833e-02,9.765144e-03,2.191438e-02,4.084847e-03,1.203433e-01
3.171045e-01,6.941336e-02,5.041462e-02,1.266957e-01,5.942179e-02,7.615639e-02,6.238176e-03,2.718266e-02,1.140014e-01,4.352514e-03,1.026906e-02,1.482872e-02,2.126645e-02,4.878717e-03,9.777587e-02
3.914275e-01,6.743287e-02,4.526488e-02,9.712712e-02,5.409662e-02,6.310685e-02,6.442838e-03,2.354758e-02,1.190655e-01,4.399582e-03,9.084552e-03,1.620217e-02,2.186428e-02,4.289859e-03,7.664777e-02
4.264669e-01,5.652542e-02,3.739890e-02,7.356689e-02,5.433875e-02,4.866043e-02,2.673734e-02,5.469701e-02,1.221961e-01,3.853134e-03,7.034299e-03,1.253123e-02,1.751667e-02,3.275167e-03,5.520177e-02
4.067121e-01,4.031710e-02,2.891535e-02,5.254428e-02,7.011332e-02,3.871174e-02,1.370618e-01,5.781503e-02,9.199069e-02,3.573366e-03,5.738821e-03,1.007806e-02,1.445428e-02,2.497253e-03,3.947679e-02
3.109661e-01,2.844115e-02,2.089845e-02,3.701312e-02,5.342119e-02,2.868690e-02,3.479105e-01,5.151850e-02,6.507081e-02,2.831250e-03,4.267369e-03,8.047439e-03,1.117753e-02,1.869310e-03,2.788035e-02
2.253285e-01,1.999794e-02,1.502781e-02,2.605197e-02,4.141774e-02,2.085241e-02,5.156000e-01,4.924798e-02,4.603722e-02,2.093561e-03,3.078340e-03,6.029647e-03,8.321304e-03,1.337039e-03,1.957861e-02
1.756423e-01,1.414981e-02,1.101950e-02,1.840193e-02,3.171645e-02,1.687682e-02,6.266137e-01,4.172990e-02,3.315791e-02,1.751560e-03,2.354635e-03,4.814252e-03,6.778713e-03,9.877642e-04,1.400469e-02
1.409389e-01,1.029845e-02,8.127269e-03,1.309369e-02,2.367108e-02,1.475854e-02,7.022133e-01,3.177134e-02,2.398692e-02,1.761520e-03,3.710162e-03,4.838209e-03,8.840382e-03,8.918259e-04,1.109836e-02
1.115238e-01,7.357516e-03,5.790051e-03,9.259424e-03,1.737266e-02,1.142295e-02,7.709382e-01,2.311328e-02,1.690799e-02,1.517883e-03,3.365355e-03,4.315122e-03,8.144604e-03,7.061743e-04,8.264981e-03
1.742987e-01,5.704671e-03,4.326833e-03,6.952100e-03,1.372471e-02,1.437470e-02,6.869673e-01,1.828685e-02,1.219596e-02,1.480582e-03,1.208269e-02,1.659994e-02,2.378666e-02,1.371986e-03,7.846385e-03
1.514405e-01,4.977435e-03,3.304522e-03,6.405342e-03,1.163457e-02,1.664123e-02,5.236040e-01,1.350101e-02,1.134072e-02,1.034706e-02,1.479882e-02,5.201289e-02,1.708783e-01,1.443941e-03,7.669706e-03
1.470867e-01,5.002948e-03,2.536348e-03,5.836354e-03,1.023474e-02,1.536059e-02,3.958448e-01,9.982111e-03,1.051985e-02,1.113360e-02,1.664912e-02,5.894354e-02,2.986606e-01,1.830139e-03,1.037859e-02
1.730122e-01,5.567044e-03,1.213176e-02,6.526857e-03,3.245264e-02,1.489381e-02,2.804462e-01,8.289908e-03,1.087293e-02,8.961027e-03,1.431545e-02,5.147423e-02,3.681498e-01,2.247785e-03,1.065833e-02
1.795113e-01,7.332555e-03,1.094496e-02,7.176214e-03,3.496131e-02,2.002066e-02,2.049223e-01,7.344181e-03,1.708018e-02,7.986043e-03,1.331230e-02,5.560790e-02,4.176454e-01,2.161793e-03,1.399289e-02
1.495761e-01,3.637018e-02,1.762973e-02,7.259014e-03,3.501230e-02,1.697862e-02,1.460058e-01,6.855309e-03,1.067684e-01,7.742386e-03,2.051063e-02,5.354725e-02,3.486863e-01,1.986993e-03,4.507107e-02
1.216270e-01,4.185334e-02,6.965260e-02,1.264412e-02,3.720753e-02,1.482164e-02,1.040999e-01,1.357618e-02,1.303238e-01,1.462913e-02,1.998214e-02,4.637375e-02,2.777577e-01,2.126716e-03,9.332452e-02
1.166321e-01,3.505237e-02,1.658154e-01,1.346059e-02,3.750895e-02,1.376034e-02,7.683183e-02,1.455360e-02,1.268400e-01,1.585623e-02,2.018248e-02,3.831937e-02,2.088514e-01,2.348236e-03,1.139872e-01
9.483103e-02,5.052695e-02,2.989096e-01,2.228660e-02,3.532149e-02,1.706238e-02,5.433147e-02,1.242349e-02,1.121080e-01,1.624499e-02,1.508921e-02,2.730325e-02,1.477711e-01,1.796679e-03,9.399369e-02
8.082235e-02,4.299463e-02,2.871775e-01,2.135010e-02,2.891937e-02,1.592429e-02,3.831864e-02,1.006939e-02,1.250527e-01,2.754910e-02,1.509965e-02,1.969949e-02,1.057517e-01,1.692799e-03,1.795783e-01
7.364323e-02,4.093689e-02,2.691666e-01,1.869738e-02,2.680743e-02,1.678448e-02,2.721544e-02,8.406050e-03,1.155796e-01,5.495262e-02,1.722548e-02,1.475729e-02,7.792967e-02,3.835720e-03,2.340622e-01
6.061118e-02,3.989550e-02,2.503749e-01,1.711806e-02,2.205202e-02,1.745321e-02,1.933928e-02,6.804792e-03,1.275248e-01,5.317926e-02,1.654151e-02,1.087219e-02,5.681019e-02,5.852937e-03,2.955702e-01
5.207906e-02,3.671663e-02,2.791690e-01,2.048959e-02,1.900154e-02,1.903486e-02,1.404175e-02,1.452058e-02,1.202798e-01,5.280589e-02,1.684156e-02,8.385048e-03,4.336291e-02,6.130127e-03,2.971417e-01
5.110078e-02,3.322945e-02,2.279800e-01,2.451610e-02,1.921754e-02,1.489013e-02,1.002641e-02,1.947270e-02,1.605508e-01,5.666795e-02,1.460471e-02,6.888609e-03,3.292336e-02,8.902822e-03,3.190287e-01
3.820024e-02,2.872400e-02,1.747909e-01,7.224762e-02,1.732961e-02,1.170690e-02,7.235166e-03,1.426562e-02,1.994757e-01,4.974928e-02,2.805362e-02,9.298062e-03,6.142339e-02,7.852993e-03,2.796468e-01
3.381206e-02,2.135670e-02,1.257714e-01,6.644335e-02,1.593650e-02,9.754759e-03,5.415877e-03,1.105105e-02,1.471705e-01,3.887890e-02,7.210100e-02,2.934499e-02,2.048664e-01,8.844074e-03,2.092524e-01
3.069995e-02,1.522670e-02,8.936717e-02,4.999446e-02,1.234796e-02,8.315099e-03,4.701528e-03,1.018231e-02,1.068279e-01,2.806669e-02,8.165415e-02,5.881961e-02,3.443994e-01,7.711033e-03,1.516861e-01
4.292976e-02,1.120138e-02,6.439644e-02,4.208445e-02,1.501017e-02,7.508878e-03,4.147115e-03,1.047915e-02,8.269183e-02,2.271576e-02,1.044105e-01,8.952860e-02,3.819764e-01,9.723157e-03,1.111964e-01
8.848128e-02,8.936004e-03,4.619635e-02,3.094415e-02,1.619106e-02,7.175186e-03,4.071277e-03,1.253318e-02,7.833109e-02,2.260649e-02,8.504888e-02,1.331651e-01,3.751686e-01,1.104174e-02,8.010963e-02
1.387893e-01,7.939407e-03,3.274176e-02,2.238001e-02,1.539582e-02,1.115124e-02,3.894774e-03,1.347094e-02,7.906978e-02,2.272541e-02,6.919558e-02,1.909537e-01,3.215764e-01,1.285510e-02,5.786082e-02
