1.000000e+00,0.000000e+00,0.000000e+00,0.000000e+00,0.000000e+00,0.000000e+00,0.000000e+00,0.000000e+00,0.000000e+00,0.000000e+00,0.000000e+00,0.000000e+00,0.000000e+00,0.000000e+00,0.000000e+00
1.000000e+00,0.000000e+00,0.000000e+00,0.000000e+00,0.000000e+00,0.000000e+00,0.000000e+00,0.000000e+00,0.000000e+00,0.000000e+00,0.000000e+00,0.000000e+00,0.000000e+00,0.000000e+00,0.000000e+00
1.000000e+00,0.000000e+00,0.000000e+00,0.000000e+00,0.000000e+00,0.000000e+00,0.000000e+00,0.000000e+00,0.000000e+00,0.000000e+00,0.000000e+00,0.000000e+00,0.000000e+00,0.000000e+00,0.000000e+00
1.000000e+00,0.000000e+00,0.000000e+00,0.000000e+00,0.000000e+00,0.000000e+00,0.000000e+00,0.000000e+00,0.000000e+00,0.000000e+00,0.000000e+00,0.000000e+00,0.000000e+00,0.000000e+00,0.000000e+00
1.000000e+00,0.000000e+00,0.000000e+00,0.000000e+00,0.000000e+00,0.000000e+00,0.000000e+00,0.000000e+00,0.000000e+00,0.000000e+00,0.000000e+00,0.000000e+00,0.000000e+00,0.000000e+00,0.000000e+00
1.000000e+00,0.000000e+00,0.000000e+00,0.000000e+00,0.000000e+00,0.000000e+00,0.000000e+00,0.000000e+00,0.000000e+00,0.000000e+00,0.000000e+00,0.000000e+00,0.000000e+00,0.000000e+00,0.000000e+00
1.000000e+00,0.000000e+00,0.000000e+00,0.000000e+00,0.000000e+00,0.000000e+00,0.000000e+00,0.000000e+00,0.000000e+00,0.000000e+00,0.000000e+00,0.000000e+00,0.000000e+00,0.000000e+00,0.000000e+00
1.000000e+00,0.000000e+00,0.000000e+00,0.000000e+00,0.000000e+00,0.000000e+00,0.000000e+00,0.000000e+00,0.000000e+00,0.000000e+00,0.000000e+00,0.000000e+00,0.000000e+00,0.000000e+00,0.000000e+00
1.000000e+00,0.000000e+00,0.000000e+00,0.000000e+00,0.000000e+00,0.000000e+00,0.000000e+00,0.000000e+00,0.000000e+00,0.000000e+00,0.000000e+00,0.000000e+00,0.000000e+00,0.000000e+00,0.000000e+00
1.000000e+00,0.000000e+00,0.000000e+00,0.000000e+00,0.000000e+00,0.000000e+00,0.000000e+00,0.000000e+00,0.000000e+00,0.000000e+00,0.000000e+00,0.000000e+00,0.000000e+00,0.000000e+00,0.000000e+00
1.000000e+00,0.000000e+00,0.000000e+00,0.000000e+00,0.000000e+00,0.000000e+00,0.000000e+00,0.000000e+00,0.000000e+00,0.000000e+00,0.000000e+00,0.000000e+00,0.000000e+00,0.000000e+00,0.000000e+00
1.000000e+00,0.000000e+00,0.000000e+00,0.000000e+00,0.000000e+00,0.000000e+00,0.000000e+00,0.000000e+00,0.000000e+00,0.000000e+00,0.000000e+00,0.000000e+00,0.000000e+00,0.000000e+00,0.000000e+00
1.000000e+00,0.000000e+00,0.000000e+00,0.000000e+00,0.000000e+00,0.000000e+00,0.000000e+00,0.000000e+00,0.000000e+00,0.000000e+00,0.000000e+00,0.000000e+00,0.000000e+00,0.000000e+00,0.000000e+00
1.000000e+00,0.000000e+00,0.000000e+00,0.000000e+00,0.000000e+00,0.000000e+00,0.000000e+00,0.000000e+00,0.000000e+00,0.000000e+00,0.000000e+00,0.000000e+00,0.000000e+00,0.000000e+00,0.000000e+00
1.000000e+00,0.000000e+00,0.000000e+00,0.000000e+00,0.000000e+00,0.000000e+00,0.000000e+00,0.000000e+00,0.000000e+00,0.000000e+00,0.000000e+00,0.000000e+00,0.000000e+00,0.000000e+00,0.000000e+00
1.000000e+00,0.000000e+00,0.000000e+00,0.000000e+00,0.000000e+00,0.000000e+00,0.000000e+00,0.000000e+00,0.000000e+00,0.000000e+00,0.000000e+00,0.000000e+00,0.000000e+00,0.000000e+00,0.000000e+00
1.000000e+00,0.000000e+00,0.000000e+00,0.000000e+00,0.000000e+00,0.000000e+00,0.000000e+00,0.000000e+00,0.000000e+00,0.000000e+00,0.000000e+00,0.000000e+00,0.000000e+00,0.000000e+00,0.000000e+00
1.000000e+00,0.000000e+00,0.000000e+00,0.000000e+00,0.000000e+00,0.000000e+00,0.000000e+00,0.000000e+00,0.000000e+00,0.000000e+00,0.000000e+00,0.000000e+00,0.000000e+00,0.000000e+00,0.000000e+00
1.000000e+00,0.000000e+00,0.000000e+00,0.000000e+00,0.000000e+00,0.000000e+00,0.000000e+00,0.000000e+00,0.000000e+00,0.000000e+00,0.000000e+00,0.000000e+00,0.000000e+00,0.000000e+00,0.000000e+00
1.000000e+00,0.000000e+00,0.000000e+00,0.000000e+00,0.000000e+00,0.000000e+00,0.000000e+00,0.000000e+00,0.000000e+00,0.000000e+00,0.000000e+00,0.000000e+00,0.000000e+00,0.000000e+00,0.000000e+00
1.000000e+00,0.000000e+00,0.000000e+00,0.000000e+00,0.000000e+00,0.000000e+00,0.000000e+00,0.000000e+00,0.000000e+00,0.000000e+00,0.000000e+00,0.000000e+00,0.000000e+00,0.000000e+00,0.000000e+00
1.000000e+00,0.000000e+00,0.000000e+00,0.000000e+00,0.000000e+00,0.000000e+00,0.000000e+00,0.000000e+00,0.000000e+00,0.000000e+00,0.000000e+00,0.000000e+00,0.000000e+00,0.000000e+00,0.000000e+00
1.000000e+00,0.000000e+00,0.000000e+00,0.000000e+00,0.000000e+00,0.000000e+00,0.000000e+00,0.000000e+00,0.000000e+00,0.000000e+00,0.000000e+00,0.000000e+00,0.000000e+00,0.000000e+00,0.000000e+00
1.000000e+00,0.000000e+00,0.000000e+00,0.000000e+00,0.000000e+00,0.000000e+00,0.000000e+00,0.000000e+00,0.000000e+00,0.000000e+00,0.000000e+00,0.000000e+00,0.000000e+00,0.000000e+00,0.000000e+00
1.000000e+00,0.000000e+00,0.000000e+00,0.000000e+00,0.000000e+00,0.000000e+00,0.000000e+00,0.000000e+00,0.000000e+00,0.000000e+00,0.000000e+00,0.000000e+00,0.000000e+00,0.000000e+00,0.000000e+00
1.000000e+00,0.000000e+00,0.000000e+00,0.000000e+00,0.000000e+00,0.000000e+00,0.000000e+00,0.000000e+00,0.000000e+00,0.000000e+00,0.000000e+00,0.000000e+00,0.000000e+00,0.000000e+00,0.000000e+00
1.000000e+00,0.000000e+00,0.000000e+00,0.000000e+00,0.000000e+00,0.000000e+00,0.000000e+00,0.000000e+00,0.000000e+00,0.000000e+00,0.000000e+00,0.000000e+00,0.000000e+00,0.000000e+00,0.000000e+00
1.000000e+00,0.000000e+00,0.000000e+00,0.000000e+00,0.000000e+00,0.000000e+00,0.000000e+00,0.000000e+00,0.000000e+00,0.000000e+00,0.000000e+00,0.000000e+00,0.000000e+00,0.000000e+00,0.000000e+00
1.000000e+00,0.000000e+00,0.000000e+00,0.000000e+00,0.000000e+00,0.000000e+00,0.000000e+00,0.000000e+00,0.000000e+00,0.000000e+00,0.000000e+00,0.000000e+00,0.000000e+00,0.000000e+00,0.000000e+00
1.000000e+00,0.000000e+00,0.000000e+00,0.000000e+00,0.000000e+00,0.000000e+00,0.000000e+00,0.000000e+00,0.000000e+00,0.000000e+00,0.000000e+00,0.000000e+00,0.000000e+00,0.000000e+00,0.000000e+00
1.000000e+00,0.000000e+00,0.000000e+00,0.000000e+00,0.000000e+00,0.000000e+00,0.000000e+00,0.000000e+00,0.000000e+00,0.000000e+00,0.000000e+00,0.000000e+00,0.000000e+00,0.000000e+00,0.000000e+00
1.000000e+00,0.000000e+00,0.000000e+00,0.000000e+00,0.000000e+00,0.000000e+00,0.000000e+00,0.000000e+00,0.000000e+00,0.000000e+00,0.000000e+00,0.000000e+00,0.000000e+00,0.000000e+00,0.000000e+00
1.000000e+00,0.000000e+00,0.000000e+00,0.000000e+00,0.000000e+00,0.000000e+00,0.000000e+00,0.000000e+00,0.000000e+00,0.000000e+00,0.000000e+00,0.000000e+00,0.000000e+00,0.000000e+00,0.000000e+00
1.000000e+00,0.000000e+00,0.000000e+00,0.000000e+00,0.000000e+00,0.000000e+00,0.000000e+00,0.000000e+00,0.000000e+00,0.000000e+00,0.000000e+00,0.000000e+00,0.000000e+00,0.000000e+00,0.000000e+00
1.000000e+00,0.000000e+00,0.000000e+00,0.000000e+00,0.000000e+00,0.000000e+00,0.000000e+00,0.000000e+00,0.000000e+00,0.000000e+00,0.000000e+00,0.000000e+00,0.000000e+00,0.000000e+00,0.000000e+00
1.000000e+00,0.000000e+00,0.000000e+00,0.000000e+00,0.000000e+00,0.000000e+00,0.000000e+00,0.000000e+00,0.000000e+00,0.000000e+00,0.000000e+00,0.000000e+00,0.000000e+00,0.000000e+00,0.000000e+00
1.000000e+00,0.000000e+00,0.000000e+00,0.000000e+00,0.000000e+00,0.000000e+00,0.000000e+00,0.000000e+00,0.000000e+00,0.000000e+00,0.000000e+00,0.000000e+00,0.000000e+00,0.000000e+00,0.000000e+00
1.000000e+00,0.000000e+00,0.000000e+00,0.000000e+00,0.000000e+00,0.000000e+00,0.000000e+00,0.000000e+00,0.000000e+00,0.000000e+00,0.000000e+00,0.000000e+00,0.000000e+00,0.000000e+00,0.000000e+00
1.000000e+00,0.000000e+00,0.000000e+00,0.000000e+00,0.000000e+00,0.000000e+00,0.000000e+00,0.000000e+00,0.000000e+00,0.000000e+00,0.000000e+00,0.000000e+00,0.000000e+00,0.000000e+00,0.000000e+00
1.000000e+00,0.000000e+00,0.000000e+00,0.000000e+00,0.000000e+00,0.000000e+00,0.000000e+00,0.000000e+00,0.000000e+00,0.000000e+00,0.000000e+00,0.000000e+00,0.000000e+00,0.000000e+00,0.000000e+00
1.000000e+00,0.000000e+00,0.000000e+00,0.000000e+00,0.000000e+00,0.000000e+00,0.000000e+00,0.000000e+00,0.000000e+00,0.000000e+00,0.000000e+00,0.000000e+00,0.000000e+00,0.000000e+00,0.000000e+00
1.000000e+00,0.000000e+00,0.000000e+00,0.000000e+00,0.000000e+00,0.000000e+00,0.000000e+00,0.000000e+00,0.000000e+00,0.000000e+00,0.000000e+00,0.000000e+00,0.000000e+00,0.000000e+00,0.000000e+00
1.000000e+00,0.000000e+00,0.000000e+00,0.000000e+00,0.000000e+00,0.000000e+00,0.000000e+00,0.000000e+00,0.000000e+00,0.000000e+00,0.000000e+00,0.000000e+00,0.000000e+00,0.000000e+00,0.000000e+00
1.000000e+00,0.000000e+00,0.000000e+00,0.000000e+00,0.000000e+00,0.000000e+00,0.000000e+00,0.000000e+00,0.000000e+00,0.000000e+00,0.000000e+00,0.000000e+00,0.000000e+00,0.000000e+00,0.000000e+00
1.000000e+00,0.000000e+00,0.000000e+00,0.000000e+00,0.000000e+00,0.000000e+00,0.000000e+00,0.000000e+00,0.000000e+00,0.000000e+00,0.000000e+00,0.000000e+00,0.000000e+00,0.000000e+00,0.000000e+00
1.000000e+00,0.000000e+00,0.000000e+00,0.000000e+00,0.000000e+00,0.000000e+00,0.000000e+00,0.000000e+00,0.000000e+00,0.000000e+00,0.000000e+00,0.000000e+00,0.000000e+00,0.000000e+00,0.000000e+00
1.000000e+00,0.000000e+00,0.000000e+00,0.000000e+00,0.000000e+00,0.000000e+00,0.000000e+00,0.000000e+00,0.000000e+00,0.000000e+00,0.000000e+00,0.000000e+00,0.000000e+00,0.000000e+00,0.000000e+00
1.000000e+00,0.000000e+00,0.000000e+00,0.000000e+00,0.000000e+00,0.000000e+00,0.000000e+00,0.000000e+00,0.000000e+00,0.000000e+00,0.000000e+00,0.000000e+00,0.000000e+00,0.000000e+00,0.000000e+00
1.000000e+00,0.000000e+00,0.000000e+00,0.000000e+00,0.000000e+00,0.000000e+00,0.000000e+00,0.000000e+00,0.000000e+00,0.000000e+00,0.000000e+00,0.000000e+00,0.000000e+00,0.000000e+00,0.000000e+00
1.000000e+00,0.000000e+00,0.000000e+00,0.000000e+00,0.000000e+00,0.000000e+00,0.000000e+00,0.000000e+00,0.000000e+00,0.000000e+00,0.000000e+00,0.000000e+00,0.000000e+00,0.000000e+00,0.000000e+00
1.000000e+00,0.000000e+00,0.000000e+00,0.000000e+00,0.000000e+00,0.000000e+00,0.000000e+00,0.000000e+00,0.000000e+00,0.000000e+00,0.000000e+00,0.000000e+00,0.000000e+00,0.000000e+00,0.000000e+00
1.000000e+00,0.000000e+00,0.000000e+00,0.000000e+00,0.000000e+00,0.000000e+00,0.000000e+00,0.000000e+00,0.000000e+00,0.000000e+00,0.000000e+00,0.000000e+00,0.000000e+00,0.000000e+00,0.000000e+00
1.000000e+00,0.000000e+00,0.000000e+00,0.000000e+00,0.000000e+00,0.000000e+00,0.000000e+00,0.000000e+00,0.000000e+00,0.000000e+00,0.000000e+00,0.000000e+00,0.000000e+00,0.000000e+00,0.000000e+00
1.000000e+00,0.000000e+00,0.000000e+00,0.000000e+00,0.000000e+00,0.000000e+00,0.000000e+00,0.000000e+00,0.000000e+00,0.000000e+00,0.000000e+00,0.000000e+00,0.000000e+00,0.000000e+00,0.000000e+00
1.000000e+00,0.000000e+00,0.000000e+00,0.000000e+00,0.000000e+00,0.000000e+00,0.000000e+00,0.000000e+00,0.000000e+00,0.000000e+00,0.000000e+00,0.000000e+00,0.000000e+00,0.000000e+00,0.000000e+00
4.637770e-01,5.278740e-02,5.563933e-02,1.797602e-01,1.564606e-02,2.065486e-02,6.116739e-03,1.949146e-02,2.157695e-02,4.427342e-03,2.694757e-02,4.817867e-02,2.437402e-02,7.751399e-03,5.287097e-02
1.000000e+00,0.000000e+00,0.000000e+00,0.000000e+00,0.000000e+00,0.000000e+00,0.000000e+00,0.000000e+00,0.000000e+00,0.000000e+00,0.000000e+00,0.000000e+00,0.000000e+00,0.000000e+00,0.000000e+00
4.677914e-01,3.768773e-02,3.526840e-02,1.285353e-01,1.670640e-02,1.874415e-02,6.823818e-03,1.375601e-01,1.652103e-02,3.385748e-03,2.473509e-02,4.085439e-02,2.278756e-02,6.656379e-03,3.594252e-02
3.916220e-01,2.929550e-02,2.883431e-02,1.047695e-01,1.584066e-02,1.851307e-02,8.247874e-03,2.765379e-01,1.304844e-02,2.760510e-03,2.196535e-02,3.550511e-02,1.998849e-02,5.388696e-03,2.768256e-02
3.031275e-01,2.115474e-02,2.217299e-02,7.503004e-02,1.198868e-02,1.478469e-02,8.961160e-03,4.511336e-01,9.252951e-03,1.998748e-03,1.582288e-02,2.601780e-02,1.476881e-02,3.927316e-03,1.985808e-02
2.196690e-01,1.507328e-02,1.672579e-02,5.299380e-02,8.559279e-03,1.229861e-02,1.081907e-02,5.984427e-01,6.511844e-03,1.423959e-03,1.118047e-02,1.860395e-02,1.072112e-02,2.846080e-03,1.413110e-02
1.571988e-01,1.078881e-02,1.331794e-02,3.744542e-02,6.088710e-03,9.905802e-03,9.054007e-03,7.097602e-01,4.572116e-03,1.007022e-03,7.912126e-03,1.319675e-02,7.627063e-03,2.105580e-03,1.001958e-02
1.103727e-01,7.580093e-03,9.686455e-03,2.643144e-02,4.400832e-03,7.009824e-03,6.559139e-03,7.952900e-01,3.202999e-03,7.064405e-04,5.566434e-03,9.255095e-03,5.388089e-03,1.530423e-03,7.019958e-03
7.762116e-02,5.332981e-03,6.887854e-03,1.866590e-02,3.631453e-03,4.996901e-03,4.810003e-03,8.545282e-01,2.246751e-03,4.973677e-04,4.072816e-03,6.542511e-03,4.005351e-03,1.240872e-03,4.919796e-03
5.477570e-02,3.753827e-03,4.879725e-03,1.316298e-02,3.964107e-03,3.533017e-03,3.948300e-03,8.952283e-01,1.581114e-03,3.513872e-04,2.937989e-03,4.592564e-03,2.950471e-03,8.913304e-04,3.449205e-03
3.854604e-02,2.633458e-03,3.468064e-03,9.273185e-03,3.646496e-03,2.505479e-03,3.314274e-03,9.246725e-01,1.110690e-03,2.519209e-04,2.094029e-03,3.226180e-03,2.209513e-03,6.284522e-04,2.419666e-03
2.732491e-02,1.850777e-03,2.477206e-03,6.565490e-03,3.462817e-03,1.810355e-03,2.708650e-03,9.450597e-01,7.854880e-04,1.904785e-04,1.519173e-03,2.286261e-03,1.807301e-03,4.459084e-04,1.705484e-03
2.013331e-02,1.314800e-03,1.774102e-03,4.649695e-03,4.100179e-03,1.381723e-03,2.244232e-03,9.574101e-01,5.713420e-04,1.592781e-04,1.161575e-03,1.729230e-03,1.824930e-03,3.237531e-04,1.221757e-03
1.580333e-02,1.053657e-03,1.325779e-03,3.327132e-03,3.674814e-03,1.414112e-03,1.932026e-03,9.629261e-01,4.892006e-04,1.649685e-04,1.459550e-03,1.775859e-03,3.292275e-03,3.132371e-04,1.047912e-03
1.805794e-02,9.359343e-04,1.074848e-03,2.517617e-03,5.081639e-03,1.680692e-03,1.842680e-03,9.590241e-01,5.227873e-04,2.144068e-04,1.560538e-03,1.959586e-03,4.106853e-03,2.997367e-04,1.120682e-03
1.283220e-02,6.696762e-04,7.650035e-04,1.873109e-03,3.726264e-03,1.307873e-03,1.323492e-03,6.952981e-01,5.279863e-04,1.461256e-03,1.129437e-02,1.621652e-02,2.464483e-01,1.881947e-03,4.373926e-03
9.086925e-03,4.816076e-04,5.427486e-04,1.423985e-03,2.795947e-03,9.768235e-04,9.388578e-04,4.980965e-01,5.587784e-04,2.033004e-03,1.990625e-02,1.700936e-02,4.294805e-01,3.654281e-03,1.301448e-02
6.501358e-03,3.816586e-04,4.698107e-04,1.289430e-03,2.309042e-03,7.328660e-04,7.043587e-04,3.503774e-01,1.878891e-03,3.748991e-03,2.296375e-02,2.144691e-02,5.583951e-01,7.191437e-03,2.160904e-02
4.634768e-03,2.814040e-04,3.965077e-04,9.659845e-04,1.839163e-03,5.290467e-04,5.207982e-04,2.459719e-01,1.555106e-03,4.195163e-03,2.248148e-02,2.222057e-02,6.676974e-01,8.347251e-03,1.836354e-02
3.284939e-03,2.316263e-04,4.347004e-04,8.112640e-04,2.682302e-03,3.947167e-04,4.401442e-04,1.732966e-01,1.929807e-03,4.100299e-03,2.003737e-02,4.110469e-02,7.307730e-01,6.941816e-03,1.353680e-02
2.307276e-03,1.682982e-04,3.932692e-04,6.877840e-04,3.462142e-03,3.104472e-04,3.636386e-04,1.222720e-01,2.044984e-03,9.406107e-03,2.124766e-02,1.068522e-01,7.132146e-01,6.205908e-03,1.106371e-02
1.638711e-03,1.502699e-04,8.779803e-04,7.538542e-04,7.880110e-03,2.772663e-04,3.446793e-04,9.004230e-02,3.713867e-03,2.441581e-02,2.138081e-02,1.483802e-01,6.822447e-01,6.581123e-03,1.131825e-02
1.215349e-03,1.402556e-04,1.414499e-03,7.672657e-04,1.759942e-02,2.927373e-04,2.521435e-04,7.320467e-02,6.201660e-03,2.933350e-02,2.751716e-02,2.290041e-01,5.963435e-01,6.314707e-03,1.039913e-02
9.596105e-04,1.199493e-04,1.931567e-03,7.793749e-04,8.762532e-02,2.340828e-04,2.034542e-04,1.017212e-01,1.047785e-02,2.241445e-02,2.701076e-02,2.040115e-01,5.302795e-01,4.752060e-03,7.479421e-03
1.141801e-03,1.655440e-04,3.207207e-03,1.298058e-03,1.227398e-01,1.162406e-03,2.574286e-04,2.036470e-01,1.198205e-02,2.508749e-02,2.459197e-02,1.813405e-01,4.107150e-01,6.704795e-03,5.959019e-03
2.225925e-03,1.643681e-04,3.686143e-03,4.007988e-03,1.123826e-01,1.495261e-03,3.081555e-04,3.244493e-01,9.644384e-03,3.886666e-02,3.015807e-02,1.408619e-01,3.186521e-01,8.100051e-03,4.997097e-03
2.572798e-03,1.337529e-04,3.304839e-03,4.516905e-03,8.972228e-02,1.205434e-03,2.903016e-04,4.865034e-01,7.213853e-03,2.959117e-02,2.690418e-02,1.030848e-01,2.350186e-01,6.175775e-03,3.761971e-03
2.094421e-03,1.064499e-04,2.904878e-03,3.364349e-03,6.357224e-02,8.921048e-04,3.128142e-04,6.360801e-01,5.195959e-03,2.099040e-02,1.915226e-02,7.300091e-02,1.651833e-01,4.400366e-03,2.749458e-03
1.728027e-03,7.667561e-05,2.279862e-03,2.519921e-03,4.527728e-02,6.674388e-04,2.716015e-04,7.425884e-01,3.683547e-03,1.474663e-02,1.367879e-02,5.157726e-02,1.158732e-01,3.099786e-03,1.931588e-03
1.593596e-03,6.033441e-05,2.216508e-03,2.369497e-03,3.233259e-02,1.975930e-03,2.429465e-04,8.155001e-01,2.611081e-03,1.034594e-02,9.718795e-03,3.621285e-02,8.124050e-02,2.220695e-03,1.358719e-03
1.720062e-03,6.710882e-05,2.000924e-03,2.185835e-03,2.343449e-02,2.144220e-03,2.088643e-04,8.667840e-01,1.913248e-03,7.288835e-03,7.046583e-03,2.546165e-02,5.707685e-02,1.693404e-03,9.740008e-04
2.565748e-03,8.850730e-05,1.673651e-03,2.418943e-03,1.751116e-02,1.826969e-03,1.586395e-04,9.020402e-01,1.517667e-03,5.145364e-03,5.149499e-03,1.788300e-02,4.007737e-02,1.247332e-03,6.959486e-04
3.713019e-03,1.028350e-04,1.494991e-03,2.692445e-03,1.296851e-02,1.577529e-03,1.191825e-04,9.263463e-01,1.318102e-03,3.649230e-03,3.856692e-03,1.254594e-02,2.813553e-02,9.833119e-04,4.964233e-04
5.737294e-03,1.727339e-04,1.744995e-03,3.889768e-03,9.742389e-03,1.463785e-03,9.601616e-05,9.403710e-01,1.369631e-03,2.596003e-03,2.951044e-03,8.823804e-03,1.987803e-02,7.904143e-04,3.730373e-04
8.639011e-03,4.123302e-04,3.082256e-03,6.280793e-03,7.717667e-03,2.399059e-03,1.048080e-04,9.440221e-01,1.634412e-03,1.849174e-03,2.390628e-03,6.234262e-03,1.414607e-02,6.865514e-04,4.008207e-04
1.143387e-02,4.083631e-04,2.695562e-03,5.572049e-03,6.092986e-03,2.028358e-03,1.230486e-04,9.515892e-01,1.507419e-03,1.309878e-03,1.902509e-03,4.456433e-03,9.999105e-03,5.245258e-04,3.566723e-04
1.562708e-02,4.280605e-04,2.303627e-03,4.985637e-03,4.777083e-03,2.100736e-03,1.470445e-04,9.541490e-01,1.391517e-03,9.496291e-04,1.590843e-03,3.428037e-03,7.261324e-03,4.111123e-04,4.492631e-04
1.846795e-02,4.612942e-04,2.625195e-03,3.946218e-03,3.952999e-03,1.748957e-03,2.094850e-04,9.567089e-01,1.171849e-03,6.988271e-04,1.257981e-03,2.625769e-03,5.236707e-03,3.255007e-04,5.623729e-04
3.221606e-02,1.234698e-03,3.508523e-03,2.040370e-02,3.192472e-03,3.070901e-03,1.960197e-04,8.624423e-01,7.935289e-03,4.084379e-03,1.778589e-02,1.942257e-02,1.686245e-02,1.565858e-03,6.078893e-03
2.289312e-02,1.143929e-03,3.693124e-03,1.009831e-01,2.390764e-03,2.315456e-03,1.435099e-04,7.134731e-01,1.210403e-02,3.514924e-03,9.228966e-02,1.712731e-02,1.825911e-02,4.917220e-03,4.751632e-03
1.620833e-02,8.707040e-04,2.989513e-03,1.064882e-01,1.712287e-03,1.761382e-03,1.044987e-04,5.013365e-01,1.331663e-02,2.729762e-03,2.920049e-01,1.697645e-02,3.384615e-02,5.576663e-03,4.078025e-03
1.167237e-02,7.331590e-04,3.230056e-03,1.312223e-01,1.374715e-03,1.308225e-03,8.784678e-05,3.527915e-01,2.720571e-02,3.682730e-03,3.902453e-01,1.742927e-02,4.554953e-02,9.148818e-03,4.318492e-03
8.661728e-03,6.713151e-04,4.346025e-03,1.314598e-01,2.284626e-03,1.084844e-03,1.734799e-04,2.477468e-01,3.339342e-02,1.088530e-02,4.380474e-01,1.773343e-02,6.839079e-02,1.443872e-02,2.068228e-02
6.179373e-03,6.297699e-04,4.040190e-03,9.655044e-02,7.171741e-03,7.879006e-04,1.774158e-04,1.736144e-01,2.798598e-02,1.000598e-02,4.772110e-01,1.836548e-02,1.300387e-01,2.398080e-02,2.326074e-02
4.553551e-03,5.961247e-04,3.341477e-03,7.114016e-02,1.418746e-02,6.238781e-04,1.946280e-04,1.217055e-01,4.037974e-02,3.716739e-02,4.017178e-01,1.892456e-02,1.493460e-01,4.401505e-02,9.210668e-02
3.379302e-03,6.041339e-04,2.827945e-03,5.350564e-02,1.603617e-02,5.337475e-04,1.687105e-04,8.530965e-02,1.095677e-01,3.315009e-02,3.536214e-01,1.548953e-02,1.466012e-01,5.199812e-02,1.272066e-01
2.577666e-03,5.525330e-04,2.227333e-03,3.800644e-02,1.247339e-02,4.417255e-04,1.324183e-04,5.982297e-02,1.029043e-01,2.820393e-02,3.107798e-01,1.377790e-02,1.634524e-01,7.655911e-02,1.880881e-01
2.047388e-03,4.418480e-04,1.770422e-03,2.794986e-02,9.571915e-03,4.953177e-04,1.018443e-04,4.215864e-02,1.013767e-01,2.389133e-02,3.006264e-01,1.316204e-02,1.804625e-01,7.932603e-02,2.166178e-01
1.597695e-03,3.611502e-04,1.420259e-03,2.108018e-02,7.624654e-03,4.690521e-04,8.178208e-05,2.959343e-02,9.171306e-02,2.140594e-02,2.597666e-01,1.062990e-02,1.504489e-01,6.991991e-02,3.338875e-01
1.356965e-03,3.459466e-04,1.142039e-02,1.914978e-02,8.450991e-03,5.122580e-04,7.363289e-05,2.400903e-02,8.915814e-02,1.932241e-02,2.356187e-01,1.014825e-02,1.182188e-01,7.790806e-02,3.843066e-01
1.227130e-03,4.286356e-04,1.168525e-02,1.584107e-02,7.749976e-03,8.863758e-04,2.770218e-04,6.032065e-02,9.078455e-02,2.316226e-02,2.031541e-01,1.653779e-02,1.226367e-01,1.168989e-01,3.284095e-01
1.442108e-03,3.620238e-03,4.282819e-02,1.306317e-02,1.070225e-02,9.835778e-04,3.740086e-04,6.248610e-02,1.002377e-01,3.268898e-02,1.624924e-01,1.322975e-02,9.779293e-02,2.006962e-01,2.573623e-01
2.420970e-03,3.496499e-03,5.134885e-02,1.109217e-02,1.079446e-02,1.001577e-03,4.986706e-04,6.241767e-02,8.660734e-02,2.748184e-02,1.201468e-01,9.700546e-03,7.009130e-02,3.333313e-01,2.095701e-01
2.902687e-03,3.602656e-03,8.046466e-02,9.460057e-03,1.062965e-02,1.155803e-03,4.497082e-04,6.029252e-02,7.231759e-02,2.050926e-02,9.114830e-02,7.290626e-03,5.055313e-02,4.262961e-01,1.629272e-01
3.576086e-03,2.837398e-03,1.225633e-01,9.348968e-03,1.059370e-02,1.466864e-03,1.205189e-03,2.206289e-01,5.411412e-02,1.469974e-02,6.566513e-02,5.458516e-03,3.607256e-02,3.362515e-01,1.155179e-01
4.213776e-03,2.805894e-03,3.168367e-01,1.624456e-02,1.834500e-02,1.283097e-03,9.836867e-04,1.772679e-01,4.714789e-02,1.052372e-02,4.653175e-02,3.881669e-03,2.558366e-02,2.457098e-01,8.264095e-02
3.226334e-03,2.037073e-03,4.842787e-01,2.532808e-02,1.736904e-02,9.594439e-04,7.298515e-04,1.405129e-01,3.372412e-02,7.382858e-03,3.267029e-02,2.722974e-03,1.794861e-02,1.728374e-01,5.827234e-02
3.828409e-03,1.904370e-03,5.760889e-01,6.073152e-02,1.706110e-02,8.466927e-04,5.371529e-04,1.045190e-01,2.838493e-02,5.232670e-03,2.304198e-02,1.918110e-03,1.262751e-02,1.216807e-01,4.159693e-02
6.285283e-03,2.346138e-03,6.418747e-01,6.933518e-02,1.592055e-02,7.689264e-04,3.989046e-04,8.763047e-02,2.802561e-02,3.780143e-03,1.659452e-02,1.392413e-03,9.021378e-03,8.668772e-02,2.993808e-02
7.816417e-03,4.051009e-03,6.441621e-01,1.161152e-01,1.311021e-02,1.128218e-03,3.247040e-04,6.843556e-02,3.591745e-02,3.684146e-03,1.356853e-02,1.169384e-03,6.866588e-03,6.086465e-02,2.278587e-02
1.133045e-02,2.626732e-02,5.740963e-01,1.056218e-01,1.624971e-02,1.589939e-03,3.408945e-04,6.525272e-02,1.032732e-01,6.161649e-03,1.137857e-02,1.095763e-03,6.116599e-03,4.292682e-02,2.829833e-02
1.017579e-02,2.639590e-02,4.612464e-01,8.816922e-02,1.524091e-02,2.141693e-03,2.617925e-04,4.830314e-02,2.654526e-01,6.576210e-03,1.293113e-02,9.284526e-04,4.770005e-03,3.020550e-02,2.720133e-02
7.852014e-03,1.940230e-02,3.773276e-01,6.473985e-02,1.115555e-02,2.140542e-03,2.035633e-04,3.413763e-02,3.858535e-01,8.825535e-03,1.235243e-02,9.491685e-04,3.867219e-03,2.423361e-02,4.695963e-02
5.699962e-03,2.937001e-02,2.741379e-01,4.562562e-02,7.858831e-03,2.268902e-03,1.486884e-04,2.393442e-02,5.091517e-01,6.358184e-03,9.845841e-03,7.244477e-04,2.884802e-03,2.029673e-02,6.169407e-02
5.328097e-03,2.268106e-02,1.946100e-01,3.321492e-02,5.606945e-03,1.784869e-02,1.571198e-04,1.685944e-02,3.855985e-01,5.941988e-03,8.041182e-02,3.057770e-03,3.315268e-03,1.634316e-01,6.193680e-02
4.430572e-03,1.694172e-02,1.363192e-01,2.346213e-02,3.980118e-03,2.197941e-02,1.378043e-04,1.186446e-02,2.987114e-01,4.798085e-03,7.949144e-02,2.691765e-03,3.520528e-03,3.350408e-01,5.663059e-02
3.389516e-03,1.288771e-02,9.545291e-02,1.661488e-02,2.812455e-03,1.780881e-02,1.056662e-04,8.320958e-03,2.453990e-01,3.781898e-03,6.962767e-02,2.215292e-03,2.741444e-03,4.720770e-01,4.676487e-02
2.557833e-03,1.439372e-02,6.690132e-02,1.220522e-02,2.059107e-03,1.650173e-02,9.169342e-05,5.842149e-03,2.814408e-01,3.117918e-03,6.309913e-02,1.821472e-03,1.998992e-03,4.922376e-01,3.573138e-02
2.192482e-03,1.757832e-02,4.706055e-02,1.062701e-02,1.583712e-03,1.328762e-02,8.537136e-05,4.119281e-03,2.633589e-01,2.987472e-03,5.425864e-02,1.692759e-03,1.518797e-03,5.519103e-01,2.773885e-02
1.759794e-03,3.701587e-02,3.323210e-02,7.576298e-03,1.200032e-03,9.840849e-03,8.668761e-05,2.900083e-03,2.139548e-01,7.863022e-03,5.751510e-02,1.491431e-03,1.256733e-03,5.931334e-01,3.117383e-02
1.299448e-03,2.793407e-02,2.338008e-02,5.605374e-03,1.115689e-03,1.213968e-02,3.366268e-04,2.271957e-03,2.361494e-01,4.082583e-02,4.850263e-02,2.194071e-03,3.967050e-03,5.695234e-01,2.475472e-02
9.997030e-04,2.387285e-02,1.648123e-02,4.101227e-03,8.713664e-04,2.315615e-02,2.706982e-04,1.612201e-03,2.288861e-01,7.883842e-02,4.390539e-02,3.563158e-03,6.096260e-03,5.483506e-01,1.899465e-02
8.288116e-04,2.226473e-02,1.159554e-02,2.925724e-03,7.519549e-04,6.190772e-02,2.135756e-04,1.138088e-03,2.389094e-01,9.460038e-02,4.312961e-02,6.641734e-03,6.484168e-03,4.943266e-01,1.428196e-02
7.833893e-04,3.938663e-02,8.257213e-03,2.111463e-03,6.740066e-04,1.255872e-01,1.632191e-04,8.070068e-04,2.462544e-01,1.240822e-01,3.823626e-02,5.925226e-03,6.370348e-03,3.897842e-01,1.157711e-02
6.193346e-04,7.591633e-02,5.832730e-03,1.503291e-03,5.759016e-04,1.758329e-01,1.159106e-04,5.764902e-04,3.261155e-01,9.301611e-02,2.774452e-02,4.198684e-03,4.657464e-03,2.747860e-01,8.508630e-03
5.072865e-04,9.087673e-02,4.237897e-03,1.750719e-03,1.511881e-03,2.172837e-01,1.085278e-04,5.285559e-04,3.890150e-01,6.736304e-02,1.965931e-02,2.952508e-03,3.321501e-03,1.926594e-01,8.223895e-03
6.489725e-04,8.246098e-02,3.138307e-03,1.995442e-03,3.514971e-03,2.938613e-01,1.317082e-04,5.289610e-04,4.038085e-01,4.835939e-02,1.407099e-02,2.073806e-03,2.378113e-03,1.351204e-01,7.908212e-03
1.649541e-03,8.344430e-02,4.301941e-03,4.686263e-02,4.667521e-03,2.759761e-01,1.258624e-04,1.127214e-03,3.348249e-01,4.353135e-02,1.175094e-02,1.551348e-03,2.168830e-03,9.654456e-02,9.147297e-02
2.356165e-03,7.330976e-02,6.047678e-03,5.926534e-02,6.189102e-03,2.432339e-01,1.365387e-04,1.361067e-03,2.820764e-01,4.565757e-02,9.849214e-03,1.183969e-03,2.077088e-03,7.016116e-02,1.970951e-01
3.836908e-03,6.266259e-02,1.384123e-02,5.060249e-02,7.381622e-03,2.199352e-01,1.192631e-04,1.960101e-03,2.436425e-01,4.555124e-02,3.085121e-02,2.362422e-03,3.905556e-03,5.148547e-02,2.618622e-01
4.534157e-03,1.059904e-01,2.484757e-02,4.874862e-02,8.991780e-03,1.646068e-01,6.274971e-04,5.248208e-03,2.787997e-01,4.509116e-02,2.491747e-02,4.004444e-03,9.661117e-03,3.680135e-02,2.371297e-01
1.152911e-02,1.082200e-01,2.365957e-02,4.050742e-02,9.859256e-03,1.346054e-01,1.104393e-03,7.893389e-03,2.932728e-01,3.498511e-02,2.004891e-02,3.494583e-03,1.107180e-01,2.599183e-02,1.741102e-01
9.770854e-03,1.518242e-01,1.757966e-02,3.110933e-02,7.608125e-03,9.804476e-02,1.109710e-03,5.830016e-03,2.795403e-01,2.711765e-02,1.543686e-02,3.320592e-03,2.058794e-01,1.836096e-02,1.274676e-01
7.837955e-03,1.376494e-01,1.245514e-02,2.344391e-02,5.643667e-03,7.361133e-02,9.452357e-04,4.235684e-03,2.361572e-01,1.944277e-02,1.136455e-02,3.046768e-03,3.577169e-01,1.295892e-02,9.349053e-02
6.299490e-03,1.533966e-01,8.768864e-03,1.789660e-02,4.176106e-03,5.853759e-02,7.099882e-04,3.041273e-03,2.447738e-01,1.380889e-02,8.780427e-03,3.572271e-03,3.984082e-01,9.240973e-03,6.858893e-02
4.842924e-03,1.237766e-01,6.220303e-03,1.324489e-02,3.144450e-03,4.539302e-02,5.348409e-04,2.197922e-03,2.227211e-01,9.810921e-03,6.816679e-03,4.840239e-03,4.957655e-01,6.587060e-03,5.410361e-02
4.446248e-03,1.719403e-01,4.734797e-03,1.228413e-02,2.424504e-03,3.588867e-02,4.332507e-04,1.671520e-03,2.075403e-01,7.726037e-03,6.838600e-03,5.822065e-03,4.781017e-01,7.210462e-03,5.293744e-02
4.138066e-03,2.958997e-01,4.513980e-03,1.523146e-02,1.814937e-03,2.842451e-02,3.595648e-04,1.450022e-03,2.243690e-01,6.694263e-03,7.222564e-03,1.192158e-02,3.484065e-01,7.319546e-03,4.223437e-02
4.727562e-03,3.300583e-01,5.028651e-03,1.516274e-02,1.959674e-03,3.374626e-02,3.875687e-04,1.205783e-03,1.852116e-01,5.067072e-03,1.074194e-02,1.644719e-02,3.319456e-01,7.326366e-03,5.098364e-02
4.854987e-03,2.490893e-01,4.181213e-03,1.138171e-02,1.949033e-03,2.710002e-02,4.249254e-04,1.970127e-03,1.412058e-01,3.931522e-03,9.362412e-03,1.559516e-02,4.813140e-01,5.964277e-03,4.167556e-02
4.881986e-03,1.786837e-01,3.259486e-03,8.189023e-03,1.965389e-03,2.201698e-02,6.731227e-04,1.681368e-03,1.070549e-01,2.963606e-03,7.790431e-03,1.599245e-02,6.046355e-01,4.735932e-03,3.547601e-02
4.218315e-03,1.284662e-01,2.713799e-03,5.953836e-03,2.020902e-03,1.906442e-02,7.748594e-04,1.847716e-03,8.379595e-02,2.187864e-03,6.313218e-03,1.644487e-02,6.925128e-01,4.071463e-03,2.961383e-02
3.432096e-03,9.274837e-02,2.146025e-03,4.292929e-03,1.973389e-03,1.503353e-02,6.637909e-04,1.697380e-03,6.275438e-02,1.587018e-03,4.591519e-03,1.377676e-02,7.664721e-01,3.049813e-03,2.578089e-02
3.407634e-03,7.448365e-02,4.552793e-03,3.722979e-03,4.407024e-03,1.331949e-02,1.011989e-03,4.478185e-03,5.532639e-02,1.380917e-03,3.460289e-03,1.217314e-02,7.872336e-01,2.631279e-03,2.841065e-02
5.220965e-03,6.662383e-02,1.421616e-02,4.924257e-03,1.074703e-02,1.585881e-02,1.558217e-03,8.636873e-03,6.120317e-02,1.800955e-03,2.692028e-03,9.630050e-03,7.686945e-01,2.280635e-03,2.591245e-02
1.515431e-02,7.137669e-02,2.734479e-02,5.577500e-03,1.891503e-02,3.648712e-02,5.705953e-03,1.530783e-02,5.654654e-02,2.016532e-03,2.024898e-03,7.591223e-03,7.103946e-01,1.967436e-03,2.358959e-02
5.179559e-02,8.612004e-02,2.509687e-02,4.442548e-03,2.323048e-02,4.693890e-02,7.278487e-03,1.370213e-02,5.810126e-02,1.620020e-03,1.857866e-03,8.116929e-03,6.426038e-01,2.439458e-03,2.665561e-02
8.437841e-02,9.854430e-02,2.127376e-02,6.258968e-03,3.020007e-02,5.724866e-02,1.690750e-02,1.824496e-02,6.594095e-02,2.294384e-03,2.608540e-03,1.127623e-02,5.431355e-01,3.239512e-03,3.844826e-02
1.156955e-01,1.221584e-01,2.296464e-02,9.875610e-03,4.605912e-02,6.889109e-02,2.304418e-02,2.093186e-02,7.704656e-02,2.582273e-03,4.342199e-03,1.454367e-02,4.144609e-01,5.864154e-03,5.153990e-02
1.164152e-01,9.110741e-02,2.690200e-02,1.847567e-02,1.222589e-01,5.521949e-02,2.264541e-02,1.018881e-01,6.915845e-02,2.174867e-03,5.019848e-03,1.300851e-02,3.081502e-01,5.470755e-03,4.210527e-02
1.245269e-01,7.529391e-02,3.150111e-02,2.008250e-02,1.633813e-01,5.085749e-02,2.857557e-02,1.003275e-01,6.676646e-02,3.343691e-03,6.514472e-03,1.839252e-02,2.612650e-01,8.005233e-03,4.116645e-02
1.331184e-01,6.402998e-02,3.121622e-02,2.061835e-02,1.440324e-01,4.105153e-02,2.542460e-02,8.406235e-02,6.216580e-02,4.044048e-03,9.897718e-03,2.897688e-02,2.490950e-01,2.035708e-02,8.190969e-02
9.905554e-02,5.999011e-02,2.783049e-02,2.180456e-02,1.071215e-01,3.265405e-02,2.555957e-02,5.945402e-02,6.544106e-02,7.497537e-03,9.748595e-03,3.653740e-02,3.385045e-01,1.658151e-02,9.221958e-02
7.218633e-02,5.373897e-02,2.257741e-02,2.023659e-02,8.013212e-02,2.723969e-02,2.209305e-02,4.196553e-02,6.894082e-02,6.720454e-03,8.863150e-03,3.585687e-02,4.406817e-01,1.308761e-02,8.567971e-02
5.178348e-02,4.613074e-02,2.240117e-02,1.807281e-02,6.197726e-02,2.846752e-02,2.258734e-02,2.974070e-02,7.520134e-02,6.711490e-03,1.061014e-02,6.504771e-02,4.676828e-01,1.608760e-02,7.749785e-02
3.704734e-02,4.526543e-02,1.919004e-02,1.470041e-02,4.477315e-02,2.275802e-02,1.696763e-02,2.088745e-02,1.018693e-01,5.996903e-03,1.048790e-02,1.005071e-01,4.562165e-01,2.476486e-02,7.856796e-02
2.737814e-02,4.092201e-02,1.675844e-02,1.253093e-02,3.366408e-02,1.852643e-02,1.336238e-02,1.469300e-02,1.080292e-01,4.935016e-03,1.401632e-02,1.140904e-01,4.630018e-01,4.877277e-02,6.931898e-02
2.022691e-02,3.194514e-02,2.125334e-02,1.029494e-02,2.475104e-02,1.428258e-02,1.215028e-02,1.046391e-02,9.678994e-02,3.835473e-03,1.571643e-02,1.616206e-01,4.889225e-01,3.555435e-02,5.219244e-02
1.509979e-02,2.444263e-02,1.957956e-02,7.716483e-03,1.838541e-02,1.181951e-02,1.158467e-02,7.534456e-03,9.259517e-02,3.068179e-03,1.875133e-02,1.799610e-01,5.216885e-01,2.647428e-02,4.129900e-02
1.213888e-02,2.273519e-02,1.921382e-02,5.846940e-03,1.333788e-02,9.344721e-03,9.047050e-03,5.507095e-03,9.317715e-02,4.690538e-03,1.731490e-02,2.368770e-01,4.765362e-01,3.885702e-02,3.537564e-02
9.249017e-03,2.125844e-02,1.596344e-02,4.405806e-03,9.627759e-03,7.761903e-03,6.940576e-03,4.181299e-03,8.692453e-02,5.461608e-03,1.573307e-02,2.508358e-01,4.768872e-01,5.180255e-02,3.296696e-02
7.573649e-03,2.538343e-02,1.971422e-02,3.865516e-03,7.168356e-03,9.797168e-03,5.536159e-03,3.313999e-03,7.366414e-02,7.457750e-03,1.871499e-02,2.813302e-01,3.920554e-01,1.166021e-01,2.782289e-02
5.582565e-03,1.971170e-02,1.522446e-02,2.873560e-03,5.275729e-03,8.773174e-03,4.662394e-03,2.795937e-03,6.498060e-02,1.089909e-02,2.118343e-02,3.984065e-01,3.312593e-01,8.521049e-02,2.316111e-02
4.196386e-03,1.473739e-02,1.143427e-02,2.159879e-03,4.132922e-03,8.710291e-03,3.971288e-03,2.304408e-03,5.941548e-02,1.561057e-02,2.422749e-02,5.103657e-01,2.569787e-01,6.228179e-02,1.947349e-02
3.436256e-03,1.208494e-02,8.266690e-03,1.549263e-03,2.993797e-03,8.883960e-03,2.822296e-03,1.678954e-03,4.521909e-02,1.481475e-02,3.915888e-02,6.042120e-01,1.947812e-01,4.539882e-02,1.469901e-02
3.899294e-03,1.066452e-02,6.815583e-03,1.338288e-03,5.336277e-03,1.108860e-02,2.242930e-03,1.445971e-03,9.081787e-02,1.712500e-02,3.987411e-02,5.943654e-01,1.598099e-01,3.914077e-02,1.603553e-02
3.651124e-03,1.367860e-02,6.707688e-03,1.486334e-03,8.010862e-03,1.229122e-02,1.934677e-03,2.539293e-03,2.247793e-01,1.783648e-02,3.308799e-02,4.819373e-01,1.474783e-01,2.863028e-02,1.595049e-02
2.680677e-03,1.571279e-02,5.220628e-03,1.512763e-03,6.962813e-03,1.255387e-02,1.413826e-03,7.343446e-03,4.216755e-01,1.380085e-02,2.477851e-02,3.420884e-01,1.118709e-01,2.010037e-02,1.228467e-02
1.999561e-03,1.315152e-02,3.716159e-03,1.430307e-03,5.399686e-03,1.213454e-02,1.010134e-03,5.344867e-03,5.825942e-01,1.037962e-02,1.803994e-02,2.414164e-01,8.032288e-02,1.409239e-02,8.967957e-03
1.603961e-03,9.577092e-03,2.687154e-03,2.730018e-03,4.669143e-03,1.799428e-02,7.297721e-04,4.647585e-03,6.922635e-01,7.434286e-03,1.325681e-02,1.692449e-01,5.681097e-02,9.887393e-03,6.463236e-03
4.120382e-03,7.413024e-03,2.428093e-03,2.714326e-02,7.104414e-03,2.436201e-02,6.832520e-04,9.383218e-03,7.287680e-01,6.124209e-03,1.021605e-02,1.191064e-01,4.078524e-02,6.990812e-03,5.371718e-03
6.712304e-03,6.501757e-03,2.269266e-03,3.294244e-02,1.169256e-02,3.878285e-02,6.273590e-04,8.586563e-03,7.390593e-01,7.200696e-03,8.529956e-03,8.427808e-02,3.037201e-02,5.286869e-03,1.715805e-02
1.056026e-02,6.878239e-03,2.736246e-03,8.163795e-02,1.825828e-02,5.257233e-02,8.856578e-04,2.713770e-02,6.615956e-01,1.412043e-02,7.953463e-03,6.037928e-02,2.271835e-02,4.044401e-03,2.852183e-02
2.596108e-02,7.696730e-03,3.514449e-03,6.782743e-02,3.412204e-02,5.340306e-02,1.610977e-03,4.658906e-02,6.398506e-01,1.248790e-02,7.830231e-03,4.322527e-02,1.757631e-02,3.113337e-03,3.519154e-02
3.042419e-02,8.319797e-03,9.226963e-03,1.200648e-01,4.352868e-02,6.222058e-02,1.598375e-03,8.845911e-02,5.334741e-01,1.000656e-02,7.411238e-03,3.078603e-02,1.286622e-02,2.514391e-03,3.909906e-02
3.557527e-02,8.620352e-03,4.063904e-02,1.863108e-01,6.110572e-02,5.050285e-02,1.854722e-03,1.080084e-01,4.192331e-01,9.919875e-03,7.104360e-03,2.243541e-02,9.637194e-03,1.927735e-03,3.712515e-02
6.811452e-02,1.747626e-02,4.017171e-02,1.659065e-01,8.003347e-02,4.842653e-02,1.976040e-03,9.231560e-02,3.695501e-01,1.749042e-02,8.247195e-03,1.643288e-02,7.394655e-03,1.812391e-03,6.465180e-02
6.098873e-02,1.725269e-02,3.491994e-02,1.648738e-01,1.135384e-01,4.081447e-02,3.680465e-03,1.784582e-01,2.989582e-01,1.319480e-02,6.681990e-03,1.187131e-02,5.447207e-03,1.458029e-03,4.786187e-02
6.094212e-02,1.677081e-02,3.319962e-02,1.555226e-01,1.215733e-01,3.419882e-02,5.618091e-03,2.644923e-01,2.372286e-01,1.096710e-02,5.378867e-03,8.864269e-03,4.363935e-03,1.422253e-03,3.945739e-02
5.018351e-02,2.050356e-02,3.289850e-02,2.870342e-01,1.123256e-01,2.581709e-02,4.109825e-03,2.114943e-01,1.885623e-01,1.269800e-02,8.547548e-03,7.438672e-03,3.898880e-03,1.734882e-03,3.275304e-02
3.513289e-02,1.546252e-02,2.462376e-02,4.357650e-01,8.143558e-02,1.813924e-02,2.887477e-03,1.480612e-01,1.323150e-01,9.232665e-03,5.545466e-02,1.118438e-02,6.110079e-03,1.256375e-03,2.293913e-02
2.459452e-02,1.142078e-02,1.819012e-02,5.522848e-01,5.805387e-02,1.271087e-02,2.024195e-03,1.036568e-01,9.283178e-02,7.049161e-03,5.701808e-02,3.676405e-02,6.420126e-03,9.169549e-04,1.606385e-02
1.721708e-02,8.007667e-03,1.283470e-02,4.079459e-01,4.106412e-02,8.915777e-03,1.421062e-03,7.256823e-02,6.503703e-02,5.584689e-03,1.249183e-01,2.124814e-01,9.747295e-03,1.004497e-03,1.125235e-02
1.205392e-02,5.609495e-03,9.067271e-03,2.890115e-01,2.944148e-02,6.281752e-03,1.001324e-03,5.081469e-02,4.580104e-02,3.989383e-03,1.082004e-01,4.210244e-01,9.025224e-03,7.970359e-04,7.881124e-03
8.444231e-03,3.927450e-03,6.366394e-03,2.028319e-01,2.381415e-02,4.669615e-03,7.036516e-04,3.557791e-02,3.304110e-02,2.844599e-03,1.030782e-01,5.563655e-01,1.223513e-02,5.785205e-04,5.521665e-03
5.923485e-03,2.749917e-03,4.460286e-03,1.420491e-01,3.644014e-02,3.447398e-03,4.946372e-04,2.491076e-02,2.377125e-02,2.011553e-03,1.286652e-01,6.006402e-01,2.015491e-02,4.145190e-04,3.866707e-03
4.178151e-03,1.925524e-03,3.126279e-03,9.948725e-02,3.437008e-02,2.592165e-03,3.494070e-04,1.744637e-02,1.698882e-02,1.428337e-03,1.298089e-01,6.676455e-01,1.765090e-02,2.946841e-04,2.707624e-03
2.962269e-03,1.362303e-03,2.200644e-03,6.967892e-02,2.970485e-02,1.923059e-03,2.470050e-04,1.223317e-02,1.335156e-02,1.139877e-03,1.025760e-01,7.464765e-01,1.402463e-02,2.223492e-04,1.896794e-03
2.115431e-03,1.361894e-03,1.616648e-03,4.883023e-02,3.206350e-02,1.428842e-03,1.762586e-04,8.600765e-03,1.529308e-02,1.548531e-03,7.981093e-02,7.940999e-01,1.154044e-02,1.777929e-04,1.335651e-03
1.514489e-03,1.105026e-03,1.146169e-03,3.420693e-02,2.271221e-02,1.122301e-03,1.249134e-04,6.055716e-03,1.298879e-02,1.814039e-03,7.991020e-02,8.271624e-01,9.030433e-03,1.655437e-04,9.407360e-04
1.079311e-03,9.115088e-04,8.095450e-04,2.395328e-02,1.612261e-02,9.384476e-04,8.988100e-05,4.251198e-03,1.015929e-02,1.712875e-03,5.783464e-02,8.746145e-01,6.725266e-03,1.317040e-04,6.659548e-04
7.763740e-04,7.573004e-04,5.851493e-04,1.677904e-02,1.276341e-02,1.066333e-03,1.013264e-04,2.989757e-03,9.324972e-03,2.036791e-03,4.158138e-02,9.056278e-01,5.018114e-03,1.170465e-04,4.751498e-04
6.141585e-04,6.612779e-04,4.356095e-04,1.177254e-02,1.580646e-02,8.979175e-04,1.249416e-04,2.153337e-03,2.543688e-02,2.849610e-03,3.236604e-02,9.020170e-01,4.370308e-03,1.527925e-04,3.411470e-04
5.009150e-04,5.475517e-04,3.440980e-04,8.272499e-03,1.982367e-02,8.754336e-04,1.343443e-04,1.578516e-03,3.591824e-02,4.678681e-03,2.787156e-02,8.943250e-01,4.684687e-03,1.984878e-04,2.463407e-04
6.240539e-04,5.211098e-04,3.074664e-04,5.842461e-03,2.442770e-02,3.918351e-03,3.010069e-04,1.376937e-03,5.264582e-02,7.206036e-03,3.115687e-02,8.603589e-01,1.068965e-02,4.349223e-04,1.887716e-04
5.808740e-04,4.617378e-04,4.605519e-04,4.135826e-03,2.407874e-02,5.600379e-03,5.084446e-04,1.401051e-03,4.634733e-02,7.150453e-03,2.718499e-02,8.727729e-01,8.601349e-03,5.695359e-04,1.459070e-04
6.631516e-04,5.496910e-04,7.903099e-04,3.005397e-03,2.527556e-02,6.183027e-03,9.041682e-04,5.371369e-03,4.584576e-02,6.122231e-03,2.120522e-02,8.766143e-01,6.856792e-03,5.028068e-04,1.102144e-04
1.477942e-03,1.541659e-03,8.542658e-03,3.028926e-03,2.965570e-02,1.139668e-02,4.232924e-03,3.555383e-02,8.463117e-02,5.419960e-03,1.764297e-02,7.907373e-01,5.601064e-03,4.483534e-04,8.885896e-05
1.623604e-03,1.742861e-03,9.905376e-03,2.263000e-03,1.017477e-01,1.450696e-02,4.529234e-03,3.724842e-02,8.343177e-02,4.781709e-03,1.430758e-02,7.186270e-01,4.771439e-03,4.340024e-04,7.933925e-05
