1.000000e+00,0.000000e+00,0.000000e+00,0.000000e+00,0.000000e+00,0.000000e+00,0.000000e+00,0.000000e+00,0.000000e+00,0.000000e+00,0.000000e+00,0.000000e+00,0.000000e+00,0.000000e+00,0.000000e+00
1.000000e+00,0.000000e+00,0.000000e+00,0.000000e+00,0.000000e+00,0.000000e+00,0.000000e+00,0.000000e+00,0.000000e+00,0.000000e+00,0.000000e+00,0.000000e+00,0.000000e+00,0.000000e+00,0.000000e+00
1.000000e+00,0.000000e+00,0.000000e+00,0.000000e+00,0.000000e+00,0.000000e+00,0.000000e+00,0.000000e+00,0.000000e+00,0.000000e+00,0.000000e+00,0.000000e+00,0.000000e+00,0.000000e+00,0.000000e+00
1.000000e+00,0.000000e+00,0.000000e+00,0.000000e+00,0.000000e+00,0.000000e+00,0.000000e+00,0.000000e+00,0.000000e+00,0.000000e+00,0.000000e+00,0.000000e+00,0.000000e+00,0.000000e+00,0.000000e+00
1.000000e+00,0.000000e+00,0.000000e+00,0.000000e+00,0.000000e+00,0.000000e+00,0.000000e+00,0.000000e+00,0.000000e+00,0.000000e+00,0.000000e+00,0.000000e+00,0.000000e+00,0.000000e+00,0.000000e+00
1.000000e+00,0.000000e+00,0.000000e+00,0.000000e+00,0.000000e+00,0.000000e+00,0.000000e+00,0.000000e+00,0.000000e+00,0.000000e+00,0.000000e+00,0.000000e+00,0.000000e+00,0.000000e+00,0.000000e+00
1.000000e+00,0.000000e+00,0.000000e+00,0.000000e+00,0.000000e+00,0.000000e+00,0.000000e+00,0.000000e+00,0.000000e+00,0.000000e+00,0.000000e+00,0.000000e+00,0.000000e+00,0.000000e+00,0.000000e+00
1.000000e+00,0.000000e+00,0.000000e+00,0.000000e+00,0.000000e+00,0.000000e+00,0.000000e+00,0.000000e+00,0.000000e+00,0.000000e+00,0.000000e+00,0.000000e+00,0.000000e+00,0.000000e+00,0.000000e+00
1.000000e+00,0.000000e+00,0.000000e+00,0.000000e+00,0.000000e+00,0.000000e+00,0.000000e+00,0.000000e+00,0.000000e+00,0.000000e+00,0.000000e+00,0.000000e+00,0.000000e+00,0.000000e+00,0.000000e+00
1.000000e+00,0.000000e+00,0.000000e+00,0.000000e+00,0.000000e+00,0.000000e+00,0.000000e+00,0.000000e+00,0.000000e+00,0.000000e+00,0.000000e+00,0.000000e+00,0.000000e+00,0.000000e+00,0.000000e+00
1.000000e+00,0.000000e+00,0.000000e+00,0.000000e+00,0.000000e+00,0.000000e+00,0.000000e+00,0.000000e+00,0.000000e+00,0.000000e+00,0.000000e+00,0.000000e+00,0.000000e+00,0.000000e+00,0.000000e+00
1.000000e+00,0.000000e+00,0.000000e+00,0.000000e+00,0.000000e+00,0.000000e+00,0.000000e+00,0.000000e+00,0.000000e+00,0.000000e+00,0.000000e+00,0.000000e+00,0.000000e+00,0.000000e+00,0.000000e+00
1.000000e+00,0.000000e+00,0.000000e+00,0.000000e+00,0.000000e+00,0.000000e+00,0.000000e+00,0.000000e+00,0.000000e+00,0.000000e+00,0.000000e+00,0.000000e+00,0.000000e+00,0.000000e+00,0.000000e+00
1.000000e+00,0.000000e+00,0.000000e+00,0.000000e+00,0.000000e+00,0.000000e+00,0.000000e+00,0.000000e+00,0.000000e+00,0.000000e+00,0.000000e+00,0.000000e+00,0.000000e+00,0.000000e+00,0.000000e+00
1.000000e+00,0.000000e+00,0.000000e+00,0.000000e+00,0.000000e+00,0.000000e+00,0.000000e+00,0.000000e+00,0.000000e+00,0.000000e+00,0.000000e+00,0.000000e+00,0.000000e+00,0.000000e+00,0.000000e+00
1.000000e+00,0.000000e+00,0.000000e+00,0.000000e+00,0.000000e+00,0.000000e+00,0.000000e+00,0.000000e+00,0.000000e+00,0.000000e+00,0.000000e+00,0.000000e+00,0.000000e+00,0.000000e+00,0.000000e+00
1.000000e+00,0.000000e+00,0.000000e+00,0.000000e+00,0.000000e+00,0.000000e+00,0.000000e+00,0.000000e+00,0.000000e+00,0.000000e+00,0.000000e+00,0.000000e+00,0.000000e+00,0.000000e+00,0.000000e+00
1.000000e+00,0.000000e+00,0.000000e+00,0.000000e+00,0.000000e+00,0.000000e+00,0.000000e+00,0.000000e+00,0.000000e+00,0.000000e+00,0.000000e+00,0.000000e+00,0.000000e+00,0.000000e+00,0.000000e+00
1.000000e+00,0.000000e+00,0.000000e+00,0.000000e+00,0.000000e+00,0.000000e+00,0.000000e+00,0.000000e+00,0.000000e+00,0.000000e+00,0.000000e+00,0.000000e+00,0.000000e+00,0.000000e+00,0.000000e+00
1.000000e+00,0.000000e+00,0.000000e+00,0.000000e+00,0.000000e+00,0.000000e+00,0.000000e+00,0.000000e+00,0.000000e+00,0.000000e+00,0.000000e+00,0.000000e+00,0.000000e+00,0.000000e+00,0.000000e+00
1.000000e+00,0.000000e+00,0.000000e+00,0.000000e+00,0.000000e+00,0.000000e+00,0.000000e+00,0.000000e+00,0.000000e+00,0.000000e+00,0.000000e+00,0.000000e+00,0.000000e+00,0.000000e+00,0.000000e+00
1.000000e+00,0.000000e+00,0.000000e+00,0.000000e+00,0.000000e+00,0.000000e+00,0.000000e+00,0.000000e+00,0.000000e+00,0.000000e+00,0.000000e+00,0.000000e+00,0.000000e+00,0.000000e+00,0.000000e+00
1.000000e+00,0.000000e+00,0.000000e+00,0.000000e+00,0.000000e+00,0.000000e+00,0.000000e+00,0.000000e+00,0.000000e+00,0.000000e+00,0.000000e+00,0.000000e+00,0.000000e+00,0.000000e+00,0.000000e+00
1.000000e+00,0.000000e+00,0.000000e+00,0.000000e+00,0.000000e+00,0.000000e+00,0.000000e+00,0.000000e+00,0.000000e+00,0.000000e+00,0.000000e+00,0.000000e+00,0.000000e+00,0.000000e+00,0.000000e+00
1.000000e+00,0.000000e+00,0.000000e+00,0.000000e+00,0.000000e+00,0.000000e+00,0.000000e+00,0.000000e+00,0.000000e+00,0.000000e+00,0.000000e+00,0.000000e+00,0.000000e+00,0.000000e+00,0.000000e+00
1.000000e+00,0.000000e+00,0.000000e+00,0.000000e+00,0.000000e+00,0.000000e+00,0.000000e+00,0.000000e+00,0.000000e+00,0.000000e+00,0.000000e+00,0.000000e+00,0.000000e+00,0.000000e+00,0.000000e+00
1.000000e+00,0.000000e+00,0.000000e+00,0.000000e+00,0.000000e+00,0.000000e+00,0.000000e+00,0.000000e+00,0.000000e+00,0.000000e+00,0.000000e+00,0.000000e+00,0.000000e+00,0.000000e+00,0.000000e+00
1.000000e+00,0.000000e+00,0.000000e+00,0.000000e+00,0.000000e+00,0.000000e+00,0.000000e+00,0.000000e+00,0.000000e+00,0.000000e+00,0.000000e+00,0.000000e+00,0.000000e+00,0.000000e+00,0.000000e+00
1.000000e+00,0.000000e+00,0.000000e+00,0.000000e+00,0.000000e+00,0.000000e+00,0.000000e+00,0.000000e+00,0.000000e+00,0.000000e+00,0.000000e+00,0.000000e+00,0.000000e+00,0.000000e+00,0.000000e+00
1.000000e+00,0.000000e+00,0.000000e+00,0.000000e+00,0.000000e+00,0.000000e+00,0.000000e+00,0.000000e+00,0.000000e+00,0.000000e+00,0.000000e+00,0.000000e+00,0.000000e+00,0.000000e+00,0.000000e+00
1.000000e+00,0.000000e+00,0.000000e+00,0.000000e+00,0.000000e+00,0.000000e+00,0.000000e+00,0.000000e+00,0.000000e+00,0.000000e+00,0.000000e+00,0.000000e+00,0.000000e+00,0.000000e+00,0.000000e+00
1.000000e+00,0.000000e+00,0.000000e+00,0.000000e+00,0.000000e+00,0.000000e+00,0.000000e+00,0.000000e+00,0.000000e+00,0.000000e+00,0.000000e+00,0.000000e+00,0.000000e+00,0.000000e+00,0.000000e+00
1.000000e+00,0.000000e+00,0.000000e+00,0.000000e+00,0.000000e+00,0.000000e+00,0.000000e+00,0.000000e+00,0.000000e+00,0.000000e+00,0.000000e+00,0.000000e+00,0.000000e+00,0.000000e+00,0.000000e+00
1.000000e+00,0.000000e+00,0.000000e+00,0.000000e+00,0.000000e+00,0.000000e+00,0.000000e+00,0.000000e+00,0.000000e+00,0.000000e+00,0.000000e+00,0.000000e+00,0.000000e+00,0.000000e+00,0.000000e+00
1.000000e+00,0.000000e+00,0.000000e+00,0.000000e+00,0.000000e+00,0.000000e+00,0.000000e+00,0.000000e+00,0.000000e+00,0.000000e+00,0.000000e+00,0.000000e+00,0.000000e+00,0.000000e+00,0.000000e+00
1.000000e+00,0.000000e+00,0.000000e+00,0.000000e+00,0.000000e+00,0.000000e+00,0.000000e+00,0.000000e+00,0.000000e+00,0.000000e+00,0.000000e+00,0.000000e+00,0.000000e+00,0.000000e+00,0.000000e+00
1.000000e+00,0.000000e+00,0.000000e+00,0.000000e+00,0.000000e+00,0.000000e+00,0.000000e+00,0.000000e+00,0.000000e+00,0.000000e+00,0.000000e+00,0.000000e+00,0.000000e+00,0.000000e+00,0.000000e+00
1.000000e+00,0.000000e+00,0.000000e+00,0.000000e+00,0.000000e+00,0.000000e+00,0.000000e+00,0.000000e+00,0.000000e+00,0.000000e+00,0.000000e+00,0.000000e+00,0.000000e+00,0.000000e+00,0.000000e+00
1.000000e+00,0.000000e+00,0.000000e+00,0.000000e+00,0.000000e+00,0.000000e+00,0.000000e+00,0.000000e+00,0.000000e+00,0.000000e+00,0.000000e+00,0.000000e+00,0.000000e+00,0.000000e+00,0.000000e+00
1.000000e+00,0.000000e+00,0.000000e+00,0.000000e+00,0.000000e+00,0.000000e+00,0.000000e+00,0.000000e+00,0.000000e+00,0.000000e+00,0.000000e+00,0.000000e+00,0.000000e+00,0.000000e+00,0.000000e+00
1.000000e+00,0.000000e+00,0.000000e+00,0.000000e+00,0.000000e+00,0.000000e+00,0.000000e+00,0.000000e+00,0.000000e+00,0.000000e+00,0.000000e+00,0.000000e+00,0.000000e+00,0.000000e+00,0.000000e+00
1.000000e+00,0.000000e+00,0.000000e+00,0.000000e+00,0.000000e+00,0.000000e+00,0.000000e+00,0.000000e+00,0.000000e+00,0.000000e+00,0.000000e+00,0.000000e+00,0.000000e+00,0.000000e+00,0.000000e+00
1.000000e+00,0.000000e+00,0.000000e+00,0.000000e+00,0.000000e+00,0.000000e+00,0.000000e+00,0.000000e+00,0.000000e+00,0.000000e+00,0.000000e+00,0.000000e+00,0.000000e+00,0.000000e+00,0.000000e+00
4.648517e-01,6.435721e-02,2.826400e-02,1.896351e-01,1.026974e-02,2.030632e-02,5.674872e-03,2.412995e-02,2.423954e-02,3.379497e-03,5.406099e-02,5.246979e-02,1.056485e-02,6.958805e-03,4.083771e-02
3.762739e-01,8.064581e-02,3.094458e-02,2.148880e-01,1.491397e-02,2.113639e-02,7.279775e-03,2.200616e-02,3.220436e-02,3.846360e-03,6.722930e-02,5.565562e-02,1.245066e-02,1.010658e-02,5.041850e-02
2.985240e-01,1.276457e-01,3.174311e-02,2.211051e-01,1.563266e-02,2.005816e-02,6.268764e-03,1.979191e-02,3.432752e-02,5.338892e-03,6.753290e-02,4.923996e-02,1.189963e-02,1.288269e-02,7.800902e-02
2.323019e-01,1.246956e-01,4.755577e-02,2.633050e-01,1.709439e-02,1.958572e-02,5.595645e-03,2.675864e-02,4.757453e-02,5.279012e-03,6.336049e-02,4.338765e-02,1.120000e-02,1.402447e-02,7.828117e-02
1.916627e-01,1.231075e-01,5.262900e-02,2.641483e-01,1.840293e-02,1.853334e-02,6.011797e-03,2.315430e-02,5.728459e-02,6.585000e-03,7.308645e-02,4.191200e-02,1.200629e-02,2.131501e-02,9.016083e-02
1.912221e-01,1.205653e-01,4.546737e-02,2.383129e-01,1.849889e-02,1.838068e-02,6.028262e-03,1.864365e-02,6.508505e-02,7.741902e-03,8.230195e-02,3.740168e-02,1.255078e-02,3.188122e-02,1.059184e-01
2.279100e-01,1.131411e-01,3.980086e-02,1.972179e-01,1.754161e-02,1.887583e-02,5.584178e-03,1.616781e-02,6.231849e-02,8.448728e-03,7.573446e-02,3.324186e-02,1.327357e-02,4.404693e-02,1.266967e-01
2.687221e-01,1.005993e-01,3.277196e-02,1.584912e-01,1.675875e-02,2.016342e-02,5.019131e-03,1.422029e-02,6.217331e-02,9.071489e-03,6.983461e-02,2.980926e-02,1.351794e-02,5.528738e-02,1.435599e-01
2.828659e-01,9.655270e-02,3.518768e-02,1.405292e-01,1.665858e-02,2.120174e-02,4.750530e-03,1.522304e-02,6.062877e-02,9.465259e-03,7.289422e-02,2.897007e-02,1.442731e-02,5.184721e-02,1.487977e-01
4.197308e-01,7.794431e-02,2.715441e-02,1.097814e-01,1.367549e-02,1.868066e-02,4.228727e-03,1.274606e-02,4.610197e-02,7.662783e-03,5.828356e-02,2.608408e-02,1.484679e-02,4.337274e-02,1.197062e-01
1.000000e+00,0.000000e+00,0.000000e+00,0.000000e+00,0.000000e+00,0.000000e+00,0.000000e+00,0.000000e+00,0.000000e+00,0.000000e+00,0.000000e+00,0.000000e+00,0.000000e+00,0.000000e+00,0.000000e+00
1.000000e+00,0.000000e+00,0.000000e+00,0.000000e+00,0.000000e+00,0.000000e+00,0.000000e+00,0.000000e+00,0.000000e+00,0.000000e+00,0.000000e+00,0.000000e+00,0.000000e+00,0.000000e+00,0.000000e+00
4.045145e-01,5.327363e-02,3.759642e-02,1.151516e-01,6.205577e-02,3.993932e-02,4.060143e-03,1.116567e-01,2.040887e-02,4.410115e-03,3.636817e-02,1.864198e-02,1.248582e-02,2.072727e-02,5.870960e-02
3.188503e-01,4.228003e-02,3.251846e-02,9.039427e-02,2.107010e-01,5.231860e-02,1.165397e-02,1.144066e-01,1.457616e-02,3.665704e-03,2.791862e-02,1.425365e-02,9.869535e-03,1.494696e-02,4.164608e-02
2.308999e-01,3.277741e-02,2.520257e-02,1.331802e-01,1.903000e-01,3.898338e-02,3.608289e-02,8.157932e-02,1.142970e-02,2.454684e-02,9.671023e-02,1.575478e-02,3.055461e-02,1.101582e-02,4.098222e-02
1.688609e-01,2.391240e-02,1.875309e-02,1.092537e-01,1.900735e-01,2.934619e-02,4.616237e-02,5.776241e-02,9.207111e-03,7.394033e-02,1.507110e-01,1.306423e-02,3.407105e-02,8.532280e-03,6.634948e-02
1.244080e-01,1.800474e-02,1.392343e-02,1.079302e-01,1.482677e-01,2.295517e-02,4.159717e-02,4.110539e-02,1.014030e-02,5.663073e-02,2.018084e-01,2.582237e-02,9.660250e-02,8.893517e-03,8.191039e-02
1.036329e-01,1.446715e-02,1.059709e-02,9.212405e-02,1.123086e-01,1.950816e-02,2.973613e-02,2.940041e-02,1.567040e-02,4.442459e-02,2.160541e-01,2.081401e-02,1.803933e-01,8.041253e-03,1.028278e-01
8.188160e-02,2.683857e-02,1.032380e-02,1.851449e-01,9.917225e-02,1.615808e-02,2.199574e-02,2.088932e-02,1.035720e-01,3.359359e-02,1.675548e-01,1.556827e-02,1.300805e-01,7.244934e-03,7.998151e-02
7.509607e-02,2.541752e-02,7.561921e-03,1.455938e-01,9.006174e-02,1.459776e-02,1.933095e-02,1.567203e-02,2.310116e-01,2.412356e-02,1.296318e-01,1.355630e-02,1.167397e-01,2.341982e-02,6.818540e-02
7.045553e-02,2.160588e-02,6.103236e-03,1.156106e-01,7.178777e-02,1.322541e-02,1.526215e-02,1.294549e-02,1.997004e-01,1.957854e-02,1.248728e-01,1.600698e-02,1.322748e-01,9.124710e-02,8.932335e-02
5.814608e-02,1.625251e-02,5.481765e-03,8.494744e-02,5.238823e-02,1.114639e-02,1.093578e-02,1.054697e-02,1.624759e-01,1.708789e-02,1.227331e-01,1.563152e-02,1.085088e-01,2.284422e-01,9.527543e-02
1.033881e-01,1.418016e-02,6.224470e-03,6.300319e-02,3.873575e-02,2.099614e-02,8.619343e-03,1.024699e-02,1.322748e-01,1.875046e-02,1.039172e-01,1.423857e-02,9.203932e-02,2.137000e-01,1.596855e-01
1.285458e-01,1.536676e-02,6.288243e-03,7.443465e-02,3.119700e-02,3.498562e-02,6.769740e-03,8.046631e-03,1.288458e-01,2.264718e-02,8.483861e-02,1.526777e-02,7.297007e-02,2.068349e-01,1.629613e-01
2.147021e-01,1.274459e-02,6.800271e-03,7.676706e-02,2.494608e-02,3.102886e-02,5.167923e-03,8.250226e-03,9.969310e-02,1.767673e-02,9.072264e-02,2.123128e-02,5.928148e-02,2.112067e-01,1.197809e-01
2.367058e-01,1.120607e-02,9.924039e-03,7.368143e-02,2.419290e-02,2.652726e-02,7.079040e-03,5.796593e-02,7.501923e-02,1.596438e-02,9.293841e-02,2.676381e-02,5.346528e-02,1.999291e-01,8.863739e-02
1.759852e-01,8.446216e-03,1.904385e-02,6.295489e-02,1.940011e-02,1.984701e-02,6.973693e-03,2.608037e-01,5.380245e-02,1.292583e-02,8.207826e-02,1.978766e-02,4.087580e-02,1.472264e-01,6.984894e-02
1.392001e-01,7.175871e-03,3.194021e-02,9.009224e-02,1.477264e-02,2.174376e-02,8.496250e-03,3.602206e-01,3.966546e-02,1.134701e-02,7.430974e-02,1.486377e-02,3.251421e-02,1.039462e-01,4.971198e-02
1.790380e-01,1.014965e-02,3.715210e-02,8.086866e-02,1.236206e-02,2.791571e-02,9.344372e-03,3.674020e-01,3.188765e-02,1.111562e-02,7.522748e-02,1.320602e-02,3.169897e-02,7.612579e-02,3.650585e-02
1.780122e-01,9.761693e-03,4.480018e-02,8.072159e-02,1.582723e-02,2.651548e-02,1.059011e-02,3.872512e-01,2.488514e-02,1.198259e-02,8.455358e-02,1.244697e-02,2.975745e-02,5.492506e-02,2.796962e-02
1.481933e-01,7.885866e-03,4.710715e-02,6.719480e-02,1.639504e-02,2.377234e-02,3.382676e-02,4.309464e-01,1.907806e-02,1.533396e-02,8.303797e-02,1.036322e-02,2.794055e-02,4.007624e-02,2.884853e-02
1.201741e-01,6.090051e-03,5.128802e-02,4.989435e-02,1.427162e-02,2.941339e-02,1.610744e-01,3.940659e-01,1.386379e-02,1.441477e-02,6.030240e-02,8.461837e-03,2.514891e-02,2.856402e-02,2.297259e-02
9.496106e-02,5.561045e-03,5.842360e-02,3.888355e-02,1.508361e-02,3.240009e-02,2.411337e-01,3.803557e-01,1.228470e-02,1.202982e-02,4.420864e-02,6.468805e-03,2.027586e-02,2.053743e-02,1.739246e-02
7.088826e-02,8.646825e-03,7.287871e-02,3.032348e-02,1.571413e-02,3.820838e-02,2.818350e-01,3.492689e-01,1.446182e-02,1.650761e-02,4.089948e-02,5.792107e-03,2.478353e-02,1.495398e-02,1.483784e-02
6.185482e-02,1.014192e-02,5.808983e-02,2.582222e-02,1.572794e-02,8.966281e-02,2.346703e-01,3.699082e-01,1.442565e-02,1.455394e-02,4.919592e-02,8.090054e-03,2.091903e-02,1.111116e-02,1.582628e-02
6.601939e-02,1.666813e-02,4.957920e-02,2.246042e-02,2.929293e-02,1.012469e-01,1.969540e-01,3.449413e-01,2.491134e-02,1.521339e-02,6.752518e-02,1.184194e-02,2.478453e-02,8.750583e-03,1.981076e-02
7.277033e-02,4.723454e-02,4.958752e-02,2.961624e-02,7.230292e-02,9.642473e-02,1.659077e-01,2.569039e-01,4.737536e-02,2.034998e-02,6.684339e-02,1.690913e-02,2.288856e-02,7.021737e-03,2.786390e-02
9.659578e-02,5.805410e-02,4.440452e-02,4.514394e-02,9.301233e-02,8.895686e-02,1.242306e-01,2.344321e-01,5.161226e-02,2.835109e-02,5.600721e-02,1.765358e-02,2.000018e-02,5.799846e-03,3.574557e-02
8.721000e-02,8.617842e-02,4.556563e-02,9.742435e-02,8.584614e-02,9.193959e-02,8.925840e-02,1.701705e-01,4.235163e-02,3.963531e-02,6.148659e-02,3.004709e-02,2.483304e-02,5.097946e-03,4.295539e-02
9.042780e-02,6.786627e-02,3.821528e-02,1.016908e-01,6.805611e-02,7.988027e-02,6.427872e-02,1.253396e-01,4.943997e-02,3.621770e-02,7.604668e-02,9.414703e-02,5.814612e-02,6.404572e-03,4.384302e-02
1.086273e-01,5.378319e-02,2.904855e-02,8.799154e-02,5.133297e-02,7.211269e-02,4.642486e-02,9.074131e-02,7.246244e-02,3.049551e-02,7.857531e-02,1.437037e-01,8.155127e-02,7.317730e-03,4.583157e-02
1.743876e-01,4.660640e-02,2.453816e-02,6.903739e-02,4.040662e-02,7.855541e-02,3.454224e-02,7.275783e-02,1.077676e-01,2.585555e-02,6.864314e-02,1.376893e-01,7.100182e-02,6.299871e-03,4.191107e-02
2.567170e-01,3.878401e-02,1.973847e-02,5.671360e-02,3.234473e-02,6.741549e-02,2.530287e-02,5.346150e-02,1.150635e-01,3.055640e-02,5.365879e-02,1.305857e-01,6.019476e-02,7.113379e-03,5.234979e-02
3.058208e-01,3.401801e-02,1.821859e-02,5.867242e-02,2.729729e-02,5.831664e-02,1.877262e-02,4.083223e-02,1.204792e-01,2.989751e-02,4.298929e-02,1.196170e-01,5.817448e-02,7.702046e-03,5.919187e-02
2.502749e-01,3.257700e-02,2.381311e-02,1.795318e-01,2.472302e-02,4.659108e-02,1.393677e-02,3.058483e-02,1.325398e-01,2.675894e-02,3.561747e-02,9.509447e-02,5.058524e-02,6.252626e-03,5.111897e-02
2.571814e-01,3.400346e-02,1.966171e-02,1.523100e-01,2.519958e-02,4.124407e-02,1.059321e-02,2.360429e-02,1.378367e-01,2.046876e-02,3.259692e-02,1.088427e-01,6.333494e-02,6.739500e-03,6.638286e-02
2.663841e-01,3.378336e-02,2.057297e-02,1.330743e-01,5.588978e-02,3.884329e-02,1.678508e-02,1.794862e-02,1.422446e-01,1.591942e-02,3.314734e-02,1.037153e-01,6.289951e-02,5.512812e-03,5.327969e-02
2.014344e-01,3.742769e-02,4.536471e-02,2.618605e-01,4.319942e-02,2.925861e-02,1.219828e-02,1.343933e-02,1.249508e-01,1.592228e-02,2.703393e-02,8.124422e-02,4.803063e-02,4.497394e-03,5.413789e-02
2.050931e-01,3.562488e-02,4.208200e-02,2.552339e-01,4.399759e-02,2.432407e-02,1.078644e-02,1.139480e-02,1.616319e-01,1.485662e-02,2.564731e-02,7.373472e-02,4.136526e-02,4.174909e-03,5.005261e-02
2.828427e-01,3.849280e-02,3.706684e-02,2.131519e-01,5.486454e-02,2.715056e-02,1.117341e-02,8.960448e-03,1.210550e-01,1.283630e-02,2.206448e-02,6.095535e-02,3.558279e-02,4.310717e-03,6.949219e-02
3.175753e-01,4.004142e-02,3.056404e-02,2.004971e-01,6.038703e-02,2.579290e-02,1.183766e-02,9.122680e-03,9.451076e-02,1.065298e-02,1.974439e-02,7.679288e-02,3.747702e-02,3.928376e-03,6.107548e-02
3.404185e-01,5.391059e-02,2.992232e-02,1.920506e-01,6.493255e-02,2.413514e-02,1.259830e-02,9.857550e-03,8.366731e-02,2.259504e-02,1.618703e-02,5.814632e-02,2.982946e-02,3.131189e-03,5.861802e-02
4.386644e-01,4.331143e-02,2.571574e-02,1.490453e-01,5.434560e-02,2.241958e-02,1.082804e-02,3.678527e-02,6.652389e-02,1.755462e-02,1.387807e-02,4.642651e-02,2.435810e-02,3.396599e-03,4.674681e-02
4.393725e-01,3.344344e-02,1.982998e-02,1.096831e-01,4.745022e-02,1.925506e-02,8.714144e-03,1.517758e-01,4.994700e-02,1.296326e-02,1.159320e-02,3.823831e-02,2.006033e-02,2.815630e-03,3.485795e-02
3.753443e-01,2.613755e-02,1.649831e-02,8.043651e-02,3.765829e-02,1.748746e-02,8.312164e-03,3.067679e-01,3.777027e-02,9.675187e-03,9.513652e-03,2.912049e-02,1.580004e-02,2.206628e-03,2.727110e-02
3.073162e-01,2.067200e-02,1.351769e-02,5.954893e-02,3.125262e-02,1.757157e-02,7.845944e-03,4.414824e-01,2.787011e-02,7.118721e-03,7.714595e-03,2.279460e-02,1.245556e-02,1.711657e-03,2.112745e-02
2.664936e-01,1.643482e-02,1.209777e-02,4.422168e-02,2.668185e-02,1.923917e-02,1.267904e-02,5.184383e-01,2.264597e-02,5.374609e-03,6.483066e-03,1.941619e-02,1.115640e-02,1.538256e-03,1.709924e-02
2.559108e-01,1.431549e-02,9.965426e-03,3.357505e-02,2.460403e-02,1.983581e-02,1.401979e-02,5.530492e-01,2.024573e-02,4.187626e-03,5.506033e-03,1.628527e-02,1.228585e-02,1.435548e-03,1.477840e-02
2.467977e-01,2.001418e-02,1.460203e-02,4.094017e-02,2.579389e-02,2.535411e-02,1.627218e-02,5.213630e-01,1.860810e-02,5.613327e-03,7.124886e-03,1.790885e-02,1.589641e-02,2.123567e-03,2.158760e-02
2.105793e-01,3.022743e-02,2.219464e-02,1.426393e-01,2.269611e-02,2.361778e-02,1.286886e-02,4.142227e-01,2.961491e-02,1.403993e-02,1.184870e-02,1.825716e-02,1.881781e-02,2.210320e-03,2.616508e-02
2.524445e-01,2.920176e-02,2.207449e-02,1.202712e-01,1.982318e-02,2.439644e-02,1.154884e-02,3.382336e-01,6.422640e-02,1.444040e-02,1.410759e-02,1.668334e-02,4.041821e-02,2.310116e-03,2.982001e-02
1.974873e-01,2.728114e-02,1.939913e-02,8.750792e-02,1.479383e-02,3.246704e-02,8.945566e-03,2.409281e-01,7.165396e-02,1.199298e-02,1.232213e-02,1.308908e-02,2.078376e-01,2.792186e-03,5.150212e-02
1.999593e-01,3.776401e-02,2.861199e-02,6.661135e-02,2.344478e-02,2.769089e-02,8.224141e-03,1.771206e-01,1.633671e-01,1.730435e-02,1.094186e-02,1.059286e-02,1.646806e-01,3.131344e-03,6.055481e-02
2.154972e-01,4.449841e-02,3.303893e-02,5.323770e-02,2.166750e-02,2.649822e-02,7.067949e-03,1.390727e-01,1.644839e-01,2.183671e-02,2.520311e-02,1.248352e-02,1.607464e-01,5.947608e-03,6.872010e-02
3.279892e-01,3.444716e-02,2.877541e-02,3.898397e-02,1.740377e-02,2.418076e-02,5.929625e-03,1.059297e-01,1.213645e-01,1.707826e-02,2.139731e-02,1.440284e-02,1.315207e-01,3.225098e-02,7.834576e-02
4.357359e-01,2.806187e-02,2.634743e-02,2.888813e-02,1.763144e-02,2.211871e-02,5.361246e-03,8.323690e-02,9.137380e-02,1.263156e-02,1.940653e-02,1.685106e-02,1.210865e-01,2.676523e-02,6.450368e-02
1.000000e+00,0.000000e+00,0.000000e+00,0.000000e+00,0.000000e+00,0.000000e+00,0.000000e+00,0.000000e+00,0.000000e+00,0.000000e+00,0.000000e+00,0.000000e+00,0.000000e+00,0.000000e+00,0.000000e+00
4.627876e-01,3.052663e-02,1.882559e-02,1.833828e-02,2.621661e-02,1.942874e-02,5.868301e-03,6.194710e-02,1.377734e-01,1.182218e-02,1.797470e-02,1.748995e-02,7.427321e-02,2.245324e-02,7.427441e-02
4.017324e-01,4.759933e-02,1.739581e-02,1.762548e-02,2.522495e-02,1.833139e-02,5.716562e-03,5.840917e-02,1.801664e-01,1.497351e-02,1.984039e-02,2.518820e-02,6.278171e-02,1.992753e-02,8.508717e-02
3.691091e-01,5.263626e-02,1.302258e-02,2.225784e-02,2.129434e-02,1.535502e-02,4.769374e-03,4.464366e-02,2.542710e-01,1.136699e-02,2.071314e-02,3.448847e-02,5.142186e-02,1.497270e-02,6.967766e-02
3.571745e-01,5.129643e-02,1.112255e-02,3.125773e-02,2.262254e-02,1.818789e-02,4.536082e-03,4.087801e-02,2.644950e-01,8.624340e-03,2.149537e-02,5.345314e-02,4.621053e-02,1.180889e-02,5.683704e-02
3.384215e-01,4.938892e-02,9.154856e-03,4.398855e-02,1.958610e-02,2.520944e-02,3.984709e-03,3.685300e-02,2.889262e-01,6.940494e-03,2.277610e-02,5.623841e-02,3.817263e-02,1.122091e-02,4.913820e-02
3.249524e-01,4.685213e-02,9.261874e-03,5.726970e-02,1.978584e-02,3.278903e-02,3.527459e-03,3.830427e-02,3.050820e-01,5.914905e-03,2.440247e-02,4.837950e-02,2.980139e-02,1.127971e-02,4.239728e-02
2.993761e-01,4.817012e-02,1.066659e-02,7.217836e-02,1.848079e-02,3.739889e-02,2.988445e-03,3.758587e-02,2.977904e-01,8.017992e-03,2.874461e-02,4.260745e-02,2.347559e-02,1.184564e-02,6.067315e-02
3.153548e-01,4.639545e-02,1.075289e-02,6.040082e-02,1.523433e-02,3.188390e-02,2.726848e-03,3.914435e-02,3.158029e-01,8.586219e-03,2.569048e-02,3.463669e-02,1.768525e-02,1.106550e-02,6.463946e-02
3.134531e-01,4.561526e-02,1.023033e-02,6.115803e-02,1.274836e-02,3.008977e-02,2.428486e-03,3.800625e-02,3.137846e-01,1.106625e-02,2.531391e-02,3.014489e-02,1.448213e-02,1.121467e-02,8.026399e-02
2.278206e-01,6.114119e-02,1.758003e-02,1.843112e-01,1.022824e-02,2.187684e-02,1.791775e-03,2.924118e-02,2.959601e-01,1.083072e-02,2.045045e-02,2.301199e-02,1.223181e-02,8.263577e-03,7.526037e-02
1.919839e-01,5.827283e-02,1.844114e-02,1.534294e-01,9.296356e-03,1.872435e-02,1.431580e-03,2.426315e-02,2.504589e-01,3.791101e-02,4.609853e-02,1.924173e-02,1.384326e-02,2.083345e-02,1.357704e-01
1.410403e-01,4.783302e-02,2.677217e-02,1.956364e-01,8.212264e-03,1.400060e-02,1.133255e-03,1.905423e-02,2.655878e-01,3.466697e-02,5.200934e-02,1.665307e-02,1.987057e-02,1.560436e-02,1.419256e-01
1.196876e-01,6.083895e-02,5.331422e-02,2.021888e-01,7.052609e-03,1.138779e-02,9.133499e-04,1.414148e-02,2.538780e-01,3.227568e-02,4.344963e-02,1.360236e-02,1.773356e-02,1.247602e-02,1.570599e-01
9.147450e-02,4.770331e-02,1.737874e-01,2.051765e-01,6.051045e-03,9.788183e-03,7.471635e-04,1.101716e-02,2.037069e-01,2.833986e-02,3.372746e-02,1.055590e-02,1.394788e-02,1.004261e-02,1.539340e-01
6.502376e-02,3.787235e-02,2.218802e-01,1.471720e-01,4.722105e-03,7.381388e-03,5.501690e-04,7.761391e-03,1.571869e-01,3.812306e-02,2.496558e-02,7.524971e-03,1.009421e-02,1.804318e-02,2.516987e-01
4.701185e-02,4.661280e-02,2.681579e-01,1.495864e-01,6.913573e-03,7.235605e-03,9.074626e-04,5.863988e-03,1.429199e-01,4.655592e-02,1.894919e-02,5.510038e-03,7.754310e-03,1.419622e-02,2.318249e-01
3.323964e-02,3.607784e-02,3.727030e-01,1.811703e-01,5.491382e-03,5.410439e-03,7.025296e-04,4.259390e-03,1.131228e-01,3.754451e-02,1.394126e-02,3.921190e-03,5.681198e-03,1.047929e-02,1.762552e-01
2.451928e-02,7.881182e-02,3.053202e-01,1.426784e-01,4.321132e-03,4.258104e-03,5.241852e-04,3.015104e-03,1.969016e-01,3.514646e-02,1.618770e-02,3.041542e-03,4.710527e-03,1.902547e-02,1.615385e-01
1.850561e-02,9.297592e-02,2.243360e-01,1.082749e-01,4.219670e-03,4.095240e-03,4.517133e-04,2.136096e-03,2.941241e-01,3.281702e-02,2.323155e-02,2.341331e-03,7.884966e-03,3.057081e-02,1.540351e-01
1.615878e-02,1.146818e-01,1.575539e-01,8.002462e-02,3.500794e-03,4.641192e-03,4.216656e-04,1.543402e-03,2.302580e-01,2.501788e-02,1.714129e-02,1.948823e-03,1.920357e-01,2.242975e-02,1.326423e-01
2.332906e-02,8.980885e-02,1.113493e-01,7.063124e-02,4.306855e-03,6.399103e-03,1.015865e-03,1.474902e-03,2.674063e-01,1.868904e-02,1.342026e-02,2.540922e-03,2.666039e-01,1.660632e-02,1.064181e-01
2.504527e-02,7.819490e-02,8.601613e-02,1.412447e-01,5.770814e-03,6.520025e-03,1.286812e-03,1.520850e-03,2.811633e-01,1.573967e-02,2.405451e-02,4.817397e-03,2.297373e-01,1.444556e-02,8.444262e-02
3.024343e-02,6.053999e-02,6.663317e-02,1.278131e-01,4.862130e-03,1.612434e-02,2.131132e-03,1.744704e-03,2.134695e-01,1.200874e-02,3.947292e-02,2.548064e-02,2.650215e-01,1.255627e-02,1.218984e-01
3.328339e-02,4.466301e-02,4.900613e-02,1.047808e-01,4.048544e-03,1.884266e-02,2.268430e-03,1.645398e-03,1.575906e-01,1.011996e-02,3.717418e-02,3.861147e-02,3.486742e-01,1.055649e-02,1.387347e-01
3.547237e-02,3.272957e-02,3.494138e-02,7.498825e-02,3.111319e-03,3.668025e-02,1.979111e-03,1.280547e-03,1.161922e-01,1.130246e-02,3.928605e-02,1.065840e-01,3.683348e-01,1.100365e-02,1.261141e-01
3.161589e-02,2.342182e-02,2.493681e-02,5.287839e-02,2.571335e-03,4.186127e-02,2.136990e-03,1.012835e-03,8.500761e-02,1.125627e-02,4.101493e-02,1.617545e-01,4.012955e-01,1.069932e-02,1.085364e-01
2.611385e-02,1.686470e-02,1.862385e-02,3.750188e-02,2.030266e-03,4.506015e-02,1.981221e-03,7.742398e-04,6.276781e-02,1.439324e-02,5.456641e-02,2.562158e-01,3.652976e-01,1.025136e-02,8.755770e-02
2.005468e-02,1.215946e-02,1.428972e-02,2.739209e-02,4.150869e-03,4.663483e-02,2.281411e-03,7.356021e-04,4.797050e-02,1.614435e-02,5.897451e-02,2.718143e-01,3.920266e-01,9.441637e-03,7.592940e-02
1.519236e-02,8.800874e-03,1.091197e-02,1.971887e-02,4.549679e-03,4.920051e-02,1.975951e-03,5.987337e-04,3.591161e-02,1.778383e-02,5.872922e-02,2.924541e-01,4.128168e-01,8.874489e-03,6.248110e-02
1.143136e-02,6.304005e-03,8.189619e-03,1.415991e-02,3.863282e-03,4.064176e-02,1.683215e-03,5.413538e-04,2.920836e-02,3.207207e-02,5.621196e-02,3.951671e-01,3.423881e-01,8.345660e-03,4.979233e-02
8.429936e-03,4.734525e-03,6.735683e-03,1.009743e-02,4.847772e-03,3.214606e-02,1.396026e-03,5.247110e-04,2.462946e-02,3.502542e-02,4.651705e-02,5.122871e-01,2.712641e-01,6.189578e-03,3.517511e-02
6.105443e-03,3.431323e-03,5.327230e-03,7.153664e-03,4.161954e-03,2.443723e-02,1.081881e-03,4.475728e-04,1.884585e-02,3.130849e-02,4.061247e-02,6.118325e-01,2.157996e-01,4.567310e-03,2.488755e-02
4.406874e-03,2.439853e-03,4.293634e-03,5.065749e-03,5.155063e-03,1.771856e-02,8.448616e-04,4.664439e-04,1.454188e-02,2.662054e-02,3.225160e-02,7.004563e-01,1.648192e-01,3.348341e-03,1.757114e-02
3.297177e-03,1.761166e-03,3.667126e-03,3.564381e-03,5.074684e-03,1.273632e-02,6.308205e-04,4.086631e-04,1.115084e-02,2.344070e-02,2.612817e-02,7.699503e-01,1.230096e-01,2.754130e-03,1.242595e-02
4.046073e-03,1.581986e-03,4.568339e-03,2.530572e-03,1.441120e-02,9.233663e-03,7.237279e-04,5.828717e-04,9.982414e-03,3.875360e-02,2.110057e-02,7.877361e-01,9.321202e-02,2.704136e-03,8.832740e-03
4.053761e-03,1.218086e-03,3.539613e-03,1.806670e-03,3.616437e-02,7.236782e-03,9.594340e-04,9.458098e-04,1.096539e-02,5.497462e-02,1.767138e-02,7.821288e-01,6.960971e-02,2.486110e-03,6.239356e-03
6.705327e-03,9.943540e-04,3.067152e-03,1.333450e-03,8.552198e-02,5.436940e-03,9.946523e-04,1.557806e-03,2.753193e-02,9.102959e-02,1.513993e-02,7.007321e-01,5.322096e-02,2.331335e-03,4.402483e-03
6.921447e-03,7.743870e-04,2.428326e-03,1.071052e-03,1.287840e-01,4.254395e-03,1.602391e-03,2.120493e-03,4.447009e-02,1.244603e-01,1.336221e-02,6.212270e-01,4.345734e-02,1.949309e-03,3.117191e-03
7.845237e-03,7.976539e-04,2.148976e-03,7.984058e-04,1.413322e-01,3.984073e-03,2.408425e-03,2.589711e-03,6.820201e-02,1.446553e-01,1.184825e-02,5.726812e-01,3.639345e-02,2.060877e-03,2.254053e-03
7.716306e-03,8.259944e-04,3.146328e-03,1.818863e-03,1.637712e-01,1.067875e-02,8.321202e-03,1.627033e-02,6.863552e-02,1.997903e-01,1.069867e-02,4.754951e-01,2.915778e-02,2.016156e-03,1.657426e-03
1.134981e-02,6.525822e-04,3.305802e-03,5.439506e-03,1.328809e-01,6.252730e-02,4.813112e-02,5.818237e-02,4.999681e-02,2.265065e-01,1.083921e-02,3.648562e-01,2.247817e-02,1.638611e-03,1.215196e-03
2.187386e-02,5.682939e-04,2.849245e-03,8.891288e-03,1.215497e-01,5.499266e-02,4.308797e-02,6.601557e-02,4.451798e-02,2.739592e-01,1.125239e-02,3.285013e-01,1.956066e-02,1.417641e-03,9.622887e-04
3.680610e-02,1.317602e-03,3.598119e-03,8.898122e-03,1.047252e-01,5.484451e-02,3.181292e-02,5.282426e-02,6.331160e-02,2.927483e-01,1.362083e-02,2.920706e-01,4.063642e-02,1.502891e-03,1.282504e-03
3.128781e-02,1.319719e-03,2.714274e-03,6.677475e-03,7.763463e-02,5.931106e-02,2.321661e-02,3.754916e-02,6.268349e-02,2.257161e-01,1.406807e-02,3.845818e-01,7.060778e-02,1.487384e-03,1.144569e-03
4.177014e-02,1.581149e-03,2.002515e-03,5.504603e-03,7.106591e-02,5.558798e-02,1.948074e-02,2.883743e-02,6.528699e-02,1.953200e-01,1.749423e-02,4.337569e-01,5.897791e-02,2.334452e-03,9.990555e-04
3.683387e-02,2.653439e-03,1.486591e-03,4.105315e-03,5.647073e-02,5.442264e-02,1.461516e-02,2.147723e-02,6.150237e-02,1.385246e-01,1.363956e-02,5.466864e-01,4.480653e-02,1.977057e-03,7.985170e-04
3.919084e-02,3.551547e-03,1.127151e-03,3.840097e-03,4.775549e-02,5.426431e-02,1.118131e-02,1.744553e-02,1.120262e-01,1.014043e-01,1.310112e-02,5.507931e-01,4.171240e-02,1.884964e-03,7.216277e-04
5.967621e-02,1.004670e-02,1.495461e-03,5.477226e-03,7.023068e-02,6.500435e-02,1.111859e-02,1.568216e-02,1.987751e-01,7.466542e-02,1.117856e-02,4.401597e-01,3.411461e-02,1.463386e-03,9.117606e-04
1.036202e-01,1.192954e-02,1.715720e-03,8.807130e-03,9.331423e-02,6.597348e-02,1.197610e-02,1.777464e-02,2.410064e-01,6.011658e-02,1.153808e-02,3.416370e-01,2.799863e-02,1.255871e-03,1.336457e-03
1.107489e-01,1.604819e-02,1.662284e-03,8.203221e-03,1.030464e-01,7.420848e-02,1.316805e-02,1.591874e-02,3.044820e-01,4.372557e-02,1.084826e-02,2.728234e-01,2.257186e-02,1.181774e-03,1.362822e-03
8.641928e-02,1.775610e-02,2.090564e-03,6.550274e-03,1.037683e-01,6.898304e-02,1.322138e-02,1.925892e-02,4.302506e-01,3.081567e-02,8.626910e-03,1.937026e-01,1.651456e-02,9.143742e-04,1.127568e-03
7.165052e-02,1.556216e-02,5.328262e-03,1.124409e-02,1.417654e-01,5.181921e-02,1.224366e-02,6.070271e-02,4.500653e-01,2.182690e-02,6.385096e-03,1.375119e-01,1.222236e-02,6.747959e-04,9.976912e-04
6.527340e-02,1.552145e-02,4.530856e-03,8.294016e-03,1.620343e-01,5.266460e-02,1.077193e-02,5.721397e-02,4.954050e-01,1.550853e-02,5.353196e-03,9.721727e-02,8.773571e-03,6.129418e-04,8.250100e-04
6.701309e-02,1.457022e-02,3.903413e-03,6.147271e-03,1.762974e-01,5.845825e-02,9.247697e-03,5.400074e-02,5.161294e-01,1.117689e-02,5.867365e-03,6.946336e-02,6.322560e-03,6.809763e-04,7.213245e-04
7.244742e-02,1.832809e-02,3.535205e-03,5.031175e-03,1.561352e-01,5.174609e-02,7.530367e-03,4.425975e-02,5.714388e-01,8.299776e-03,5.409411e-03,4.978934e-02,4.609427e-03,7.441100e-04,6.957126e-04
7.407635e-02,2.338229e-02,3.446854e-03,4.291867e-03,1.486242e-01,3.902286e-02,5.733410e-03,3.838255e-02,6.111658e-01,6.377705e-03,4.681392e-03,3.585076e-02,3.513686e-03,7.793879e-04,6.708145e-04
8.169586e-02,2.326167e-02,4.384617e-03,5.298650e-03,1.495372e-01,3.175921e-02,5.186937e-03,4.191042e-02,6.158417e-01,5.145542e-03,4.651883e-03,2.676135e-02,3.001705e-03,7.016484e-04,8.616101e-04
8.861379e-02,2.242963e-02,1.222917e-02,7.424089e-02,1.559629e-01,2.439720e-02,5.917062e-03,1.139080e-01,4.641526e-01,4.342588e-03,3.801864e-03,2.267018e-02,3.943531e-03,5.832402e-04,2.807374e-03
1.353996e-01,2.721370e-02,2.794553e-02,1.042008e-01,1.531114e-01,2.157101e-02,6.443179e-03,1.089763e-01,3.588021e-01,9.083675e-03,3.616341e-03,2.205845e-02,4.931616e-03,7.619673e-04,1.588426e-02
2.034879e-01,3.206935e-02,2.275121e-02,9.193324e-02,1.344290e-01,2.074069e-02,1.082315e-02,1.334289e-01,2.721979e-01,9.314494e-03,5.322653e-03,1.968832e-02,2.334100e-02,9.168051e-04,1.955537e-02
1.488595e-01,3.351075e-02,2.833718e-02,1.252597e-01,1.000822e-01,2.161604e-02,1.713338e-02,9.629294e-02,2.148120e-01,1.059261e-02,6.120360e-03,2.536334e-02,1.491690e-01,7.685897e-04,2.208233e-02
1.060158e-01,3.297860e-02,4.543839e-02,2.814794e-01,7.480627e-02,1.734184e-02,1.468934e-02,6.845090e-02,1.710531e-01,1.093667e-02,5.585068e-03,2.133658e-02,1.213894e-01,6.265137e-04,2.787211e-02
1.014387e-01,3.818164e-02,4.122871e-02,3.041353e-01,6.679147e-02,2.506546e-02,1.390267e-02,4.897421e-02,1.758932e-01,9.164494e-03,6.601850e-03,1.742228e-02,1.204029e-01,6.931348e-04,3.010381e-02
9.777708e-02,4.477663e-02,3.246855e-02,2.653143e-01,5.201151e-02,2.321503e-02,1.173495e-02,3.448913e-02,2.064679e-01,7.556879e-03,5.855885e-03,1.307921e-02,1.697554e-01,6.145672e-04,3.488303e-02
7.510530e-02,5.205379e-02,3.426556e-02,2.798294e-01,4.071477e-02,2.999115e-02,9.071427e-03,2.433073e-02,2.616473e-01,1.245285e-02,4.556500e-03,9.710350e-03,1.333316e-01,4.983242e-04,3.244091e-02
6.358784e-02,4.229621e-02,5.307922e-02,2.187560e-01,3.091937e-02,1.544775e-01,6.634884e-03,1.750298e-02,2.487004e-01,1.429110e-02,7.852000e-03,9.987996e-03,1.002267e-01,9.924360e-04,3.069543e-02
5.816988e-02,3.685912e-02,1.196208e-01,2.085450e-01,2.374729e-02,1.338528e-01,5.487247e-03,1.294112e-02,2.153004e-01,2.524330e-02,1.638508e-02,1.590313e-02,9.252059e-02,1.221095e-03,3.420313e-02
7.485746e-02,3.066690e-02,9.629961e-02,1.603493e-01,1.935855e-02,1.301063e-01,4.803045e-03,1.128055e-02,2.138268e-01,4.235315e-02,5.203635e-02,2.635705e-02,9.113058e-02,4.892562e-03,4.168186e-02
5.541439e-02,4.219240e-02,8.952257e-02,1.179053e-01,1.482465e-02,1.195117e-01,4.577284e-03,1.009488e-02,2.214032e-01,5.959450e-02,5.761125e-02,3.442901e-02,8.382463e-02,6.456262e-03,8.263797e-02
4.430016e-02,1.347265e-01,7.084669e-02,8.676241e-02,1.178035e-02,8.673455e-02,3.683157e-03,7.464675e-03,2.852189e-01,4.879569e-02,4.310041e-02,2.493591e-02,6.709202e-02,5.360941e-03,7.919765e-02
3.392844e-02,1.252868e-01,6.944671e-02,9.441480e-02,9.465743e-03,6.486340e-02,2.834613e-03,7.312792e-03,3.827190e-01,4.432551e-02,3.239765e-02,1.889293e-02,5.041244e-02,4.461724e-03,5.923745e-02
2.891073e-02,9.636040e-02,1.275361e-01,1.212432e-01,9.506720e-03,5.486721e-02,2.262614e-03,7.199625e-03,3.838080e-01,3.459027e-02,2.853787e-02,1.671283e-02,4.041264e-02,3.712910e-03,4.433895e-02
6.068293e-02,7.143041e-02,1.559918e-01,1.230741e-01,7.995495e-03,5.942048e-02,2.090776e-03,8.620745e-03,2.924243e-01,3.188922e-02,4.779872e-02,3.081218e-02,6.250230e-02,5.365741e-03,3.990075e-02
5.049322e-02,5.613130e-02,1.459077e-01,9.396081e-02,9.080132e-03,4.880923e-02,2.209943e-03,7.084302e-03,3.217950e-01,2.866395e-02,7.574211e-02,4.135343e-02,7.818696e-02,4.789236e-03,3.579269e-02
5.224501e-02,4.917249e-02,1.187961e-01,7.671413e-02,1.166393e-02,4.530356e-02,2.586073e-03,6.041925e-03,3.839943e-01,2.254858e-02,7.191482e-02,3.666924e-02,7.630379e-02,6.249119e-03,3.979695e-02
7.866979e-02,3.938596e-02,9.107117e-02,1.298682e-01,1.823958e-02,4.065360e-02,2.449626e-03,5.921177e-03,3.636189e-01,1.874203e-02,6.818461e-02,3.641258e-02,6.566518e-02,7.001536e-03,3.411613e-02
5.919702e-02,3.285335e-02,6.507456e-02,1.486985e-01,1.528686e-02,3.013688e-02,1.840025e-03,4.466292e-03,4.410025e-01,1.342985e-02,7.959996e-02,3.008304e-02,4.800534e-02,5.798961e-03,2.452690e-02
5.421668e-02,2.464761e-02,4.897358e-02,2.274402e-01,1.291552e-02,3.271332e-02,1.746380e-03,7.015022e-03,3.501271e-01,1.012161e-02,1.005725e-01,7.118025e-02,3.489626e-02,4.960478e-03,1.847346e-02
6.885337e-02,1.987405e-02,3.850898e-02,2.056874e-01,2.036457e-02,3.906783e-02,1.822857e-03,7.884254e-03,2.673912e-01,8.755988e-03,1.274947e-01,1.480024e-01,2.602440e-02,5.682702e-03,1.458528e-02
6.391145e-02,1.569852e-02,4.050653e-02,2.397141e-01,2.015849e-02,3.808420e-02,1.738429e-03,8.986816e-03,1.897743e-01,8.074738e-03,1.200569e-01,2.176858e-01,1.912225e-02,5.353492e-03,1.113410e-02
5.733937e-02,1.214240e-02,2.977470e-02,1.953482e-01,1.761838e-02,3.708709e-02,1.360097e-03,6.811314e-03,1.337784e-01,7.099229e-03,1.498004e-01,3.247702e-01,1.371472e-02,4.463697e-03,8.891787e-03
5.316113e-02,9.363866e-03,2.118211e-02,1.454206e-01,1.552171e-02,3.492898e-02,1.052961e-03,4.985615e-03,9.442455e-02,5.567411e-03,1.666695e-01,4.267861e-01,1.002188e-02,3.866952e-03,7.046653e-03
3.762325e-02,7.721922e-03,1.523004e-02,1.059118e-01,5.498013e-02,2.683029e-02,1.122561e-03,3.682262e-03,6.824836e-02,4.818124e-03,2.034388e-01,4.530350e-01,7.940402e-03,3.396569e-03,6.020407e-03
2.695769e-02,6.215191e-03,1.083780e-02,7.607785e-02,6.222060e-02,1.952355e-02,8.725182e-04,2.678107e-03,4.837428e-02,3.752358e-03,2.144583e-01,5.147177e-01,5.900151e-03,2.923683e-03,4.490170e-03
2.094818e-02,6.535292e-03,7.949954e-03,5.415714e-02,1.123771e-01,1.505620e-02,9.072112e-04,2.303713e-03,3.434804e-02,3.306072e-03,1.824256e-01,5.494416e-01,4.344811e-03,2.340419e-03,3.558743e-03
3.208627e-02,6.137599e-03,6.193752e-03,3.872473e-02,1.007574e-01,1.368187e-02,1.324680e-03,4.272767e-03,2.529429e-02,4.179273e-03,1.514753e-01,6.072856e-01,3.349105e-03,2.047038e-03,3.190358e-03
3.241641e-02,4.935652e-03,4.641650e-03,2.755747e-02,8.266923e-02,1.169262e-02,1.216506e-03,3.993608e-03,1.827741e-02,4.215138e-03,1.146641e-01,6.868343e-01,2.610311e-03,1.691296e-03,2.584392e-03
6.264280e-02,5.119855e-03,3.858248e-03,2.016563e-02,7.583706e-02,1.138867e-02,3.062485e-03,4.760980e-03,1.369554e-02,4.283300e-03,9.396754e-02,6.943868e-01,2.695269e-03,1.604988e-03,2.530850e-03
8.302108e-02,5.875142e-03,3.076968e-03,1.555476e-02,8.524293e-02,1.349044e-02,7.305870e-03,5.537808e-03,1.032992e-02,3.806675e-03,9.799375e-02,6.614581e-01,2.843530e-03,1.402071e-03,3.060953e-03
1.671311e-01,8.538931e-03,3.053826e-03,1.478603e-02,9.390630e-02,2.059682e-02,1.108614e-02,9.756316e-03,1.075773e-02,3.417909e-03,9.302790e-02,5.543907e-01,3.656401e-03,1.340556e-03,4.553319e-03
2.343598e-01,1.014609e-02,3.074525e-03,1.419773e-02,7.256234e-02,3.666885e-02,1.241942e-02,1.058368e-02,1.081044e-02,3.657678e-03,1.185812e-01,4.580333e-01,5.071761e-03,1.414288e-03,8.418966e-03
2.386760e-01,9.386731e-03,2.964049e-03,1.238905e-02,5.888992e-02,4.759445e-02,1.235730e-02,9.720224e-03,9.804023e-03,3.515516e-03,1.837613e-01,3.938424e-01,7.019760e-03,1.695383e-03,8.383901e-03
2.922180e-01,1.736627e-02,6.602358e-03,1.344013e-02,4.710248e-02,3.971704e-02,9.389094e-03,8.258063e-03,1.061841e-02,5.660611e-03,2.050811e-01,2.996646e-01,6.335377e-03,4.854382e-03,3.369206e-02
2.551939e-01,1.414253e-02,7.122302e-03,1.144458e-02,4.775366e-02,3.769441e-02,7.729038e-03,7.698874e-03,1.057589e-02,7.013219e-03,2.801288e-01,2.729574e-01,8.294242e-03,6.387986e-03,2.586319e-02
