1.000000e+00,0.000000e+00,0.000000e+00,0.000000e+00,0.000000e+00,0.000000e+00,0.000000e+00,0.000000e+00,0.000000e+00,0.000000e+00,0.000000e+00,0.000000e+00,0.000000e+00,0.000000e+00,0.000000e+00
1.000000e+00,0.000000e+00,0.000000e+00,0.000000e+00,0.000000e+00,0.000000e+00,0.000000e+00,0.000000e+00,0.000000e+00,0.000000e+00,0.000000e+00,0.000000e+00,0.000000e+00,0.000000e+00,0.000000e+00
1.000000e+00,0.000000e+00,0.000000e+00,0.000000e+00,0.000000e+00,0.000000e+00,0.000000e+00,0.000000e+00,0.000000e+00,0.000000e+00,0.000000e+00,0.000000e+00,0.000000e+00,0.000000e+00,0.000000e+00
1.000000e+00,0.000000e+00,0.000000e+00,0.000000e+00,0.000000e+00,0.000000e+00,0.000000e+00,0.000000e+00,0.000000e+00,0.000000e+00,0.000000e+00,0.000000e+00,0.000000e+00,0.000000e+00,0.000000e+00
1.000000e+00,0.000000e+00,0.000000e+00,0.000000e+00,0.000000e+00,0.000000e+00,0.000000e+00,0.000000e+00,0.000000e+00,0.000000e+00,0.000000e+00,0.000000e+00,0.000000e+00,0.000000e+00,0.000000e+00
1.000000e+00,0.000000e+00,0.000000e+00,0.000000e+00,0.000000e+00,0.000000e+00,0.000000e+00,0.000000e+00,0.000000e+00,0.000000e+00,0.000000e+00,0.000000e+00,0.000000e+00,0.000000e+00,0.000000e+00
1.000000e+00,0.000000e+00,0.000000e+00,0.000000e+00,0.000000e+00,0.000000e+00,0.000000e+00,0.000000e+00,0.000000e+00,0.000000e+00,0.000000e+00,0.000000e+00,0.000000e+00,0.000000e+00,0.000000e+00
1.000000e+00,0.000000e+00,0.000000e+00,0.000000e+00,0.000000e+00,0.000000e+00,0.000000e+00,0.000000e+00,0.000000e+00,0.000000e+00,0.000000e+00,0.000000e+00,0.000000e+00,0.000000e+00,0.000000e+00
1.000000e+00,0.000000e+00,0.000000e+00,0.000000e+00,0.000000e+00,0.000000e+00,0.000000e+00,0.000000e+00,0.000000e+00,0.000000e+00,0.000000e+00,0.000000e+00,0.000000e+00,0.000000e+00,0.000000e+00
1.000000e+00,0.000000e+00,0.000000e+00,0.000000e+00,0.000000e+00,0.000000e+00,0.000000e+00,0.000000e+00,0.000000e+00,0.000000e+00,0.000000e+00,0.000000e+00,0.000000e+00,0.000000e+00,0.000000e+00
1.000000e+00,0.000000e+00,0.000000e+00,0.000000e+00,0.000000e+00,0.000000e+00,0.000000e+00,0.000000e+00,0.000000e+00,0.000000e+00,0.000000e+00,0.000000e+00,0.000000e+00,0.000000e+00,0.000000e+00
1.000000e+00,0.000000e+00,0.000000e+00,0.000000e+00,0.000000e+00,0.000000e+00,0.000000e+00,0.000000e+00,0.000000e+00,0.000000e+00,0.000000e+00,0.000000e+00,0.000000e+00,0.000000e+00,0.000000e+00
1.000000e+00,0.000000e+00,0.000000e+00,0.000000e+00,0.000000e+00,0.000000e+00,0.000000e+00,0.000000e+00,0.000000e+00,0.000000e+00,0.000000e+00,0.000000e+00,0.000000e+00,0.000000e+00,0.000000e+00
1.000000e+00,0.000000e+00,0.000000e+00,0.000000e+00,0.000000e+00,0.000000e+00,0.000000e+00,0.000000e+00,0.000000e+00,0.000000e+00,0.000000e+00,0.000000e+00,0.000000e+00,0.000000e+00,0.000000e+00
1.000000e+00,0.000000e+00,0.000000e+00,0.000000e+00,0.000000e+00,0.000000e+00,0.000000e+00,0.000000e+00,0.000000e+00,0.000000e+00,0.000000e+00,0.000000e+00,0.000000e+00,0.000000e+00,0.000000e+00
1.000000e+00,0.000000e+00,0.000000e+00,0.000000e+00,0.000000e+00,0.000000e+00,0.000000e+00,0.000000e+00,0.000000e+00,0.000000e+00,0.000000e+00,0.000000e+00,0.000000e+00,0.000000e+00,0.000000e+00
1.000000e+00,0.000000e+00,0.000000e+00,0.000000e+00,0.000000e+00,0.000000e+00,0.000000e+00,0.000000e+00,0.000000e+00,0.000000e+00,0.000000e+00,0.000000e+00,0.000000e+00,0.000000e+00,0.000000e+00
1.000000e+00,0.000000e+00,0.000000e+00,0.000000e+00,0.000000e+00,0.000000e+00,0.000000e+00,0.000000e+00,0.000000e+00,0.000000e+00,0.000000e+00,0.000000e+00,0.000000e+00,0.000000e+00,0.000000e+00
1.000000e+00,0.000000e+00,0.000000e+00,0.000000e+00,0.000000e+00,0.000000e+00,0.000000e+00,0.000000e+00,0.000000e+00,0.000000e+00,0.000000e+00,0.000000e+00,0.000000e+00,0.000000e+00,0.000000e+00
1.000000e+00,0.000000e+00,0.000000e+00,0.000000e+00,0.000000e+00,0.000000e+00,0.000000e+00,0.000000e+00,0.000000e+00,0.000000e+00,0.000000e+00,0.000000e+00,0.000000e+00,0.000000e+00,0.000000e+00
1.000000e+00,0.000000e+00,0.000000e+00,0.000000e+00,0.000000e+00,0.000000e+00,0.000000e+00,0.000000e+00,0.000000e+00,0.000000e+00,0.000000e+00,0.000000e+00,0.000000e+00,0.000000e+00,0.000000e+00
1.000000e+00,0.000000e+00,0.000000e+00,0.000000e+00,0.000000e+00,0.000000e+00,0.000000e+00,0.000000e+00,0.000000e+00,0.000000e+00,0.000000e+00,0.000000e+00,0.000000e+00,0.000000e+00,0.000000e+00
1.000000e+00,0.000000e+00,0.000000e+00,0.000000e+00,0.000000e+00,0.000000e+00,0.000000e+00,0.000000e+00,0.000000e+00,0.000000e+00,0.000000e+00,0.000000e+00,0.000000e+00,0.000000e+00,0.000000e+00
1.000000e+00,0.000000e+00,0.000000e+00,0.000000e+00,0.000000e+00,0.000000e+00,0.000000e+00,0.000000e+00,0.000000e+00,0.000000e+00,0.000000e+00,0.000000e+00,0.000000e+00,0.000000e+00,0.000000e+00
1.000000e+00,0.000000e+00,0.000000e+00,0.000000e+00,0.000000e+00,0.000000e+00,0.000000e+00,0.000000e+00,0.000000e+00,0.000000e+00,0.000000e+00,0.000000e+00,0.000000e+00,0.000000e+00,0.000000e+00
1.000000e+00,0.000000e+00,0.000000e+00,0.000000e+00,0.000000e+00,0.000000e+00,0.000000e+00,0.000000e+00,0.000000e+00,0.000000e+00,0.000000e+00,0.000000e+00,0.000000e+00,0.000000e+00,0.000000e+00
1.000000e+00,0.000000e+00,0.000000e+00,0.000000e+00,0.000000e+00,0.000000e+00,0.000000e+00,0.000000e+00,0.000000e+00,0.000000e+00,0.000000e+00,0.000000e+00,0.000000e+00,0.000000e+00,0.000000e+00
1.000000e+00,0.000000e+00,0.000000e+00,0.000000e+00,0.000000e+00,0.000000e+00,0.000000e+00,0.000000e+00,0.000000e+00,0.000000e+00,0.000000e+00,0.000000e+00,0.000000e+00,0.000000e+00,0.000000e+00
1.000000e+00,0.000000e+00,0.000000e+00,0.000000e+00,0.000000e+00,0.000000e+00,0.000000e+00,0.000000e+00,0.000000e+00,0.000000e+00,0.000000e+00,0.000000e+00,0.000000e+00,0.000000e+00,0.000000e+00
1.000000e+00,0.000000e+00,0.000000e+00,0.000000e+00,0.000000e+00,0.000000e+00,0.000000e+00,0.000000e+00,0.000000e+00,0.000000e+00,0.000000e+00,0.000000e+00,0.000000e+00,0.000000e+00,0.000000e+00
1.000000e+00,0.000000e+00,0.000000e+00,0.000000e+00,0.000000e+00,0.000000e+00,0.000000e+00,0.000000e+00,0.000000e+00,0.000000e+00,0.000000e+00,0.000000e+00,0.000000e+00,0.000000e+00,0.000000e+00
1.000000e+00,0.000000e+00,0.000000e+00,0.000000e+00,0.000000e+00,0.000000e+00,0.000000e+00,0.000000e+00,0.000000e+00,0.000000e+00,0.000000e+00,0.000000e+00,0.000000e+00,0.000000e+00,0.000000e+00
1.000000e+00,0.000000e+00,0.000000e+00,0.000000e+00,0.000000e+00,0.000000e+00,0.000000e+00,0.000000e+00,0.000000e+00,0.000000e+00,0.000000e+00,0.000000e+00,0.000000e+00,0.000000e+00,0.000000e+00
1.000000e+00,0.000000e+00,0.000000e+00,0.000000e+00,0.000000e+00,0.000000e+00,0.000000e+00,0.000000e+00,0.000000e+00,0.000000e+00,0.000000e+00,0.000000e+00,0.000000e+00,0.000000e+00,0.000000e+00
1.000000e+00,0.000000e+00,0.000000e+00,0.000000e+00,0.000000e+00,0.000000e+00,0.000000e+00,0.000000e+00,0.000000e+00,0.000000e+00,0.000000e+00,0.000000e+00,0.000000e+00,0.000000e+00,0.000000e+00
1.000000e+00,0.000000e+00,0.000000e+00,0.000000e+00,0.000000e+00,0.000000e+00,0.000000e+00,0.000000e+00,0.000000e+00,0.000000e+00,0.000000e+00,0.000000e+00,0.000000e+00,0.000000e+00,0.000000e+00
1.000000e+00,0.000000e+00,0.000000e+00,0.000000e+00,0.000000e+00,0.000000e+00,0.000000e+00,0.000000e+00,0.000000e+00,0.000000e+00,0.000000e+00,0.000000e+00,0.000000e+00,0.000000e+00,0.000000e+00
1.000000e+00,0.000000e+00,0.000000e+00,0.000000e+00,0.000000e+00,0.000000e+00,0.000000e+00,0.000000e+00,0.000000e+00,0.000000e+00,0.000000e+00,0.000000e+00,0.000000e+00,0.000000e+00,0.000000e+00
4.763018e-01,5.613171e-02,4.591729e-02,1.012429e-01,8.299053e-03,2.156191e-02,4.229855e-03,1.464208e-02,3.136328e-02,6.477577e-03,6.138179e-02,2.189044e-02,1.290825e-02,3.198712e-02,1.056651e-01
4.568645e-01,6.161727e-02,4.249919e-02,9.830809e-02,8.421889e-03,2.296751e-02,4.063981e-03,1.341420e-02,3.144534e-02,7.784599e-03,5.357331e-02,2.057924e-02,1.311527e-02,3.488191e-02,1.304637e-01
4.972953e-01,6.212831e-02,3.422290e-02,8.908735e-02,8.546328e-03,2.162819e-02,3.970289e-03,1.195358e-02,2.691830e-02,7.417244e-03,4.631481e-02,2.078419e-02,1.372668e-02,3.445795e-02,1.215486e-01
4.344132e-01,7.205798e-02,4.619540e-02,1.073255e-01,9.485932e-03,2.047423e-02,4.404900e-03,1.649039e-02,3.155401e-02,7.661790e-03,4.683927e-02,2.165129e-02,1.595247e-02,3.363082e-02,1.318628e-01
4.636592e-01,6.957045e-02,3.974086e-02,9.491226e-02,1.054300e-02,2.181046e-02,4.748369e-03,1.533083e-02,2.959813e-02,7.389047e-03,4.758549e-02,2.442956e-02,1.791237e-02,3.623863e-02,1.165313e-01
1.000000e+00,0.000000e+00,0.000000e+00,0.000000e+00,0.000000e+00,0.000000e+00,0.000000e+00,0.000000e+00,0.000000e+00,0.000000e+00,0.000000e+00,0.000000e+00,0.000000e+00,0.000000e+00,0.000000e+00
1.000000e+00,0.000000e+00,0.000000e+00,0.000000e+00,0.000000e+00,0.000000e+00,0.000000e+00,0.000000e+00,0.000000e+00,0.000000e+00,0.000000e+00,0.000000e+00,0.000000e+00,0.000000e+00,0.000000e+00
1.000000e+00,0.000000e+00,0.000000e+00,0.000000e+00,0.000000e+00,0.000000e+00,0.000000e+00,0.000000e+00,0.000000e+00,0.000000e+00,0.000000e+00,0.000000e+00,0.000000e+00,0.000000e+00,0.000000e+00
1.000000e+00,0.000000e+00,0.000000e+00,0.000000e+00,0.000000e+00,0.000000e+00,0.000000e+00,0.000000e+00,0.000000e+00,0.000000e+00,0.000000e+00,0.000000e+00,0.000000e+00,0.000000e+00,0.000000e+00
1.000000e+00,0.000000e+00,0.000000e+00,0.000000e+00,0.000000e+00,0.000000e+00,0.000000e+00,0.000000e+00,0.000000e+00,0.000000e+00,0.000000e+00,0.000000e+00,0.000000e+00,0.000000e+00,0.000000e+00
1.000000e+00,0.000000e+00,0.000000e+00,0.000000e+00,0.000000e+00,0.000000e+00,0.000000e+00,0.000000e+00,0.000000e+00,0.000000e+00,0.000000e+00,0.000000e+00,0.000000e+00,0.000000e+00,0.000000e+00
1.000000e+00,0.000000e+00,0.000000e+00,0.000000e+00,0.000000e+00,0.000000e+00,0.000000e+00,0.000000e+00,0.000000e+00,0.000000e+00,0.000000e+00,0.000000e+00,0.000000e+00,0.000000e+00,0.000000e+00
1.000000e+00,0.000000e+00,0.000000e+00,0.000000e+00,0.000000e+00,0.000000e+00,0.000000e+00,0.000000e+00,0.000000e+00,0.000000e+00,0.000000e+00,0.000000e+00,0.000000e+00,0.000000e+00,0.000000e+00
1.000000e+00,0.000000e+00,0.000000e+00,0.000000e+00,0.000000e+00,0.000000e+00,0.000000e+00,0.000000e+00,0.000000e+00,0.000000e+00,0.000000e+00,0.000000e+00,0.000000e+00,0.000000e+00,0.000000e+00
1.000000e+00,0.000000e+00,0.000000e+00,0.000000e+00,0.000000e+00,0.000000e+00,0.000000e+00,0.000000e+00,0.000000e+00,0.000000e+00,0.000000e+00,0.000000e+00,0.000000e+00,0.000000e+00,0.000000e+00
1.000000e+00,0.000000e+00,0.000000e+00,0.000000e+00,0.000000e+00,0.000000e+00,0.000000e+00,0.000000e+00,0.000000e+00,0.000000e+00,0.000000e+00,0.000000e+00,0.000000e+00,0.000000e+00,0.000000e+00
1.000000e+00,0.000000e+00,0.000000e+00,0.000000e+00,0.000000e+00,0.000000e+00,0.000000e+00,0.000000e+00,0.000000e+00,0.000000e+00,0.000000e+00,0.000000e+00,0.000000e+00,0.000000e+00,0.000000e+00
1.000000e+00,0.000000e+00,0.000000e+00,0.000000e+00,0.000000e+00,0.000000e+00,0.000000e+00,0.000000e+00,0.000000e+00,0.000000e+00,0.000000e+00,0.000000e+00,0.000000e+00,0.000000e+00,0.000000e+00
4.491399e-01,1.091085e-02,1.472855e-02,4.345077e-02,4.947194e-03,1.047785e-02,2.500874e-03,4.000549e-01,6.019033e-03,1.183224e-03,1.148523e-02,1.463592e-02,1.193920e-02,5.289577e-03,1.323703e-02
3.171695e-01,7.713394e-03,1.081414e-02,3.091383e-02,3.725455e-03,7.504192e-03,1.906944e-03,5.748174e-01,4.229287e-03,8.438527e-04,8.352410e-03,1.035546e-02,8.478425e-03,3.845935e-03,9.329905e-03
2.227561e-01,5.430355e-03,7.888461e-03,2.206265e-02,2.726141e-03,5.329702e-03,1.391246e-03,7.003484e-01,2.965607e-03,5.934100e-04,5.943176e-03,7.275809e-03,5.977475e-03,2.761454e-03,6.549993e-03
1.560811e-01,3.809257e-03,5.630665e-03,1.550187e-02,1.972952e-03,3.854646e-03,1.032239e-03,7.895644e-01,2.078949e-03,4.167594e-04,4.203167e-03,5.095613e-03,4.202532e-03,1.966840e-03,4.589103e-03
1.093339e-01,2.668448e-03,3.980918e-03,1.090543e-02,1.474431e-03,2.736291e-03,7.467990e-04,8.523428e-01,1.455811e-03,2.919418e-04,2.951592e-03,3.568144e-03,2.951403e-03,1.379228e-03,3.212863e-03
7.664734e-02,1.869991e-03,2.821222e-03,7.687439e-03,1.203896e-03,1.988785e-03,5.501587e-04,8.961233e-01,1.020803e-03,2.047402e-04,2.081875e-03,2.499331e-03,2.084153e-03,9.671908e-04,2.249769e-03
5.375107e-02,1.312409e-03,2.024392e-03,5.419116e-03,1.044368e-03,1.467405e-03,4.225618e-04,9.265794e-01,7.225075e-04,1.445315e-04,1.517052e-03,1.760272e-03,1.574076e-03,6.809307e-04,1.579928e-03
3.780193e-02,9.221744e-04,1.463524e-03,3.839191e-03,1.117346e-03,1.087208e-03,3.340405e-04,9.476501e-01,5.206627e-04,1.034374e-04,1.094865e-03,1.241380e-03,1.234050e-03,4.788039e-04,1.111359e-03
2.729596e-02,6.518586e-04,1.053931e-03,2.738684e-03,2.785835e-03,8.070646e-04,2.730226e-04,9.602209e-01,3.762805e-04,7.410310e-05,7.939801e-04,8.764824e-04,9.352055e-04,3.363384e-04,7.803178e-04
1.991128e-02,4.617617e-04,7.604671e-04,1.950947e-03,2.310243e-03,5.804600e-04,2.661839e-04,9.706291e-01,2.856394e-04,5.494865e-05,5.839090e-04,6.341249e-04,7.796900e-04,2.382739e-04,5.529663e-04
1.459065e-02,3.336023e-04,5.558255e-04,1.394458e-03,1.817528e-03,4.379155e-04,2.555161e-04,9.777662e-01,2.550026e-04,4.710463e-05,5.206385e-04,5.403101e-04,8.962958e-04,1.802277e-04,4.088183e-04
1.049093e-02,2.378783e-04,4.392960e-04,1.031720e-03,1.535933e-03,3.260828e-04,2.632118e-04,9.832302e-01,2.016179e-04,3.527189e-05,4.777288e-04,4.458929e-04,8.377441e-04,1.471292e-04,2.994291e-04
8.104220e-03,1.737768e-04,3.410981e-04,7.845848e-04,1.758401e-03,2.551667e-04,2.289603e-04,9.863788e-01,1.615042e-04,2.927548e-05,3.939886e-04,3.585942e-04,6.989138e-04,1.120370e-04,2.208177e-04
6.690301e-03,1.340415e-04,2.857374e-04,6.357618e-04,2.174310e-03,2.143607e-04,2.141096e-04,9.881248e-01,1.346721e-04,2.440316e-05,3.051704e-04,2.769185e-04,5.382054e-04,8.522112e-05,1.619633e-04
9.030215e-03,3.251399e-04,3.230615e-04,5.944237e-04,2.381327e-03,2.358324e-04,2.616824e-04,9.834116e-01,4.067671e-04,7.114439e-05,5.196900e-04,5.220302e-04,1.377790e-03,2.334968e-04,3.058758e-04
1.169613e-02,3.122892e-04,3.284593e-04,6.874657e-04,2.445425e-03,2.391275e-04,1.995698e-04,9.567333e-01,1.208207e-03,1.319799e-03,3.281613e-03,2.396139e-03,1.689266e-02,1.694834e-03,5.649037e-04
1.014088e-02,3.724058e-04,2.677930e-04,1.473861e-03,3.521174e-03,3.135779e-04,1.663820e-04,7.494568e-01,2.720468e-03,4.563703e-03,9.851197e-03,1.826988e-02,1.921033e-01,5.186264e-03,1.592297e-03
9.090019e-03,4.177433e-04,2.300535e-04,2.504142e-03,3.712173e-03,3.172287e-04,1.289260e-04,5.736821e-01,4.875032e-03,5.190460e-03,3.028368e-02,1.747212e-02,3.296355e-01,1.121278e-02,1.124793e-02
7.197906e-03,5.198148e-04,3.515762e-04,2.315306e-03,3.127516e-03,3.338519e-04,1.097695e-04,4.085512e-01,7.976777e-03,1.559754e-02,5.450687e-02,1.839378e-02,4.473880e-01,1.125962e-02,2.237037e-02
5.587551e-03,1.084253e-03,4.344889e-04,2.798656e-03,2.320325e-03,3.939809e-04,9.380464e-05,2.880817e-01,2.818329e-02,2.528574e-02,6.502678e-02,2.545381e-02,4.991669e-01,1.109785e-02,4.499084e-02
4.560264e-03,1.409067e-03,5.598767e-04,3.571026e-03,1.751198e-03,5.474960e-04,7.921921e-05,2.026100e-01,6.279545e-02,5.027251e-02,1.125518e-01,3.720041e-02,4.531198e-01,1.170183e-02,5.727006e-02
4.436090e-03,1.489277e-03,7.590878e-04,4.690089e-03,1.453582e-03,8.011148e-04,9.322903e-05,1.461392e-01,1.007140e-01,1.038010e-01,1.396989e-01,6.249428e-02,3.709468e-01,1.334461e-02,4.913867e-02
4.145314e-03,2.378386e-03,1.185082e-03,9.223193e-03,1.547706e-03,7.345582e-04,9.154063e-05,1.093170e-01,2.329558e-01,9.425370e-02,1.456114e-01,6.099837e-02,2.845199e-01,1.211431e-02,4.092379e-02
3.276837e-03,2.073231e-03,1.486195e-03,1.127196e-02,1.638085e-03,5.919377e-04,7.461804e-05,1.736553e-01,3.204399e-01,6.688073e-02,1.140830e-01,5.319286e-02,2.115144e-01,8.700923e-03,3.112005e-02
2.474446e-03,1.550018e-03,1.329261e-03,8.658075e-03,1.571536e-03,4.784164e-04,6.030030e-05,4.018930e-01,2.382894e-01,4.685409e-02,8.160120e-02,3.827718e-02,1.489435e-01,6.171844e-03,2.184774e-02
2.048797e-03,1.162986e-03,1.586098e-03,7.200280e-03,1.597187e-03,5.145998e-04,5.898125e-05,5.636977e-01,1.794458e-01,3.282111e-02,5.827821e-02,2.731573e-02,1.045632e-01,4.366300e-03,1.534309e-02
2.333781e-03,8.972022e-04,2.004954e-03,6.579582e-03,1.751104e-03,9.386959e-04,5.169547e-05,6.871653e-01,1.267302e-01,2.305103e-02,4.164036e-02,1.946356e-02,7.346574e-02,3.138105e-03,1.078881e-02
4.145990e-03,1.224296e-03,2.417246e-03,8.361880e-03,3.162663e-03,2.366927e-03,9.129679e-05,7.573067e-01,9.417554e-02,1.631288e-02,3.203433e-02,1.548085e-02,5.280677e-02,2.371130e-03,7.741494e-03
1.647479e-02,2.584841e-03,3.477884e-03,1.211772e-02,4.992318e-03,3.955601e-03,1.315381e-04,7.720539e-01,7.432772e-02,1.181002e-02,2.978575e-02,1.828138e-02,4.239389e-02,1.850206e-03,5.762364e-03
2.923511e-02,2.704690e-03,3.149767e-03,1.498473e-02,1.261587e-02,4.073513e-03,2.087661e-04,7.877834e-01,6.580506e-02,8.381668e-03,2.196422e-02,1.327982e-02,3.032573e-02,1.363550e-03,4.123977e-03
2.930334e-02,2.320922e-03,2.853418e-03,1.459469e-02,1.285795e-02,4.412015e-03,2.233214e-04,8.265792e-01,4.947048e-02,5.989793e-03,1.620828e-02,9.627952e-03,2.156470e-02,1.022343e-03,2.971523e-03
3.391226e-02,2.060679e-03,3.350886e-03,1.529476e-02,1.273395e-02,8.953784e-03,4.398345e-04,8.450102e-01,3.520124e-02,4.295490e-03,1.264874e-02,7.190377e-03,1.588628e-02,8.192402e-04,2.202284e-03
3.542363e-02,1.834142e-03,3.858535e-03,1.318118e-02,1.390429e-02,1.342646e-02,7.820277e-04,8.590636e-01,2.503481e-02,3.126364e-03,9.899389e-03,5.576004e-03,1.246333e-02,7.025382e-04,1.723635e-03
4.056813e-02,1.646939e-03,3.841180e-03,1.107577e-02,1.224065e-02,1.543086e-02,8.403758e-04,8.686260e-01,1.802803e-02,2.318381e-03,8.906045e-03,4.566335e-03,9.832052e-03,6.383831e-04,1.440826e-03
4.326022e-02,1.313051e-03,4.787497e-03,9.414263e-03,1.092110e-02,1.384913e-02,9.318471e-04,8.813028e-01,1.286755e-02,1.713164e-03,6.989572e-03,3.580615e-03,7.389789e-03,4.967778e-04,1.182608e-03
5.527416e-02,1.083155e-03,5.904665e-03,8.474249e-03,9.840889e-03,1.203150e-02,1.212332e-03,8.801175e-01,9.239804e-03,1.298330e-03,5.456831e-03,3.008877e-03,5.582376e-03,3.917179e-04,1.083530e-03
5.115519e-02,9.068310e-04,4.636856e-03,6.807059e-03,8.154505e-03,9.072627e-03,1.296775e-03,8.983560e-01,6.778660e-03,9.643597e-04,4.189307e-03,2.427007e-03,4.081278e-03,3.075118e-04,8.659987e-04
4.304578e-02,7.281132e-04,3.546163e-03,5.401893e-03,6.638750e-03,6.598976e-03,1.165676e-03,9.183834e-01,4.956429e-03,7.145993e-04,3.121482e-03,1.861515e-03,2.949034e-03,2.292582e-04,6.588808e-04
3.716970e-02,5.766021e-04,2.858180e-03,4.275141e-03,5.732170e-03,4.861272e-03,1.118338e-03,9.322441e-01,3.692649e-03,5.420622e-04,2.452398e-03,1.531714e-03,2.205641e-03,1.852707e-04,5.547222e-04
3.621149e-02,5.322479e-04,2.584943e-03,3.439541e-03,5.474486e-03,3.721948e-03,1.173033e-03,9.358182e-01,3.130263e-03,5.763286e-04,2.465058e-03,1.748716e-03,2.093137e-03,2.208341e-04,8.098111e-04
3.962334e-02,5.707667e-04,3.011363e-03,3.051499e-03,5.582510e-03,3.107516e-03,1.269132e-03,9.310758e-01,2.814802e-03,1.282361e-03,2.561272e-03,1.953508e-03,2.061094e-03,5.081819e-04,1.526995e-03
4.289309e-02,4.752487e-04,2.525731e-03,2.490644e-03,4.561192e-03,2.418684e-03,1.100416e-03,9.329197e-01,2.148870e-03,1.134378e-03,2.032184e-03,1.796601e-03,1.703703e-03,4.705998e-04,1.329004e-03
4.690862e-02,4.023665e-04,2.219537e-03,2.119755e-03,3.912484e-03,1.996906e-03,9.391575e-04,9.325815e-01,1.611501e-03,9.052305e-04,1.704992e-03,1.661237e-03,1.525128e-03,4.384946e-04,1.073083e-03
8.019376e-02,6.496009e-04,2.367829e-03,2.360436e-03,5.201627e-03,3.826207e-03,9.130917e-04,8.904221e-01,1.478739e-03,9.004373e-04,2.795990e-03,3.760040e-03,2.888475e-03,6.855242e-04,1.556159e-03
1.216534e-01,2.189970e-03,2.810257e-03,3.219218e-03,9.388044e-03,7.227198e-03,8.860880e-04,8.089477e-01,3.747941e-03,2.224210e-03,1.098907e-02,5.870542e-03,1.142562e-02,2.626342e-03,6.794440e-03
1.568569e-01,3.199515e-03,3.156306e-03,6.444996e-03,1.105883e-02,1.203074e-02,9.714884e-04,7.067575e-01,7.545039e-03,3.718527e-03,3.376671e-02,1.081286e-02,1.906991e-02,7.409622e-03,1.720116e-02
1.347904e-01,4.383007e-03,3.073954e-03,3.278617e-02,1.009593e-02,1.437431e-02,9.584232e-04,5.618261e-01,5.530389e-02,6.447379e-03,6.677397e-02,1.172922e-02,2.843601e-02,2.240495e-02,4.661629e-02
1.041705e-01,3.734048e-03,2.526204e-03,2.780299e-02,7.692544e-03,1.325500e-02,8.554321e-04,3.980091e-01,5.141582e-02,7.676375e-03,1.140403e-01,1.367148e-02,2.503493e-02,5.356908e-02,1.765462e-01
7.352040e-02,3.308730e-03,2.034416e-03,2.603676e-02,5.959867e-03,1.013280e-02,6.562883e-04,2.788637e-01,5.761327e-02,9.820011e-03,1.023605e-01,1.155141e-02,2.168387e-02,5.247910e-02,3.439789e-01
5.298752e-02,2.836636e-03,2.721926e-03,3.232912e-02,5.300305e-03,8.464515e-03,5.496480e-04,1.957181e-01,6.528561e-02,1.050382e-02,1.070498e-01,1.216553e-02,2.317240e-02,4.903235e-02,4.318828e-01
3.930247e-02,2.298718e-03,3.811616e-03,4.208642e-02,5.704460e-03,7.530250e-03,4.695105e-04,1.378829e-01,5.096592e-02,1.013144e-02,1.490833e-01,1.300722e-02,2.678410e-02,5.549855e-02,4.554431e-01
2.887913e-02,2.426334e-03,6.618663e-03,3.912413e-02,1.611774e-02,8.131523e-03,4.981986e-04,1.041136e-01,4.773738e-02,1.168119e-02,1.224339e-01,1.535750e-02,2.315210e-02,8.488417e-02,4.888445e-01
2.145696e-02,4.341723e-03,1.781595e-02,1.141776e-01,2.804387e-02,1.260775e-02,5.001070e-04,7.616183e-02,1.111835e-01,9.737392e-03,9.844308e-02,1.204171e-02,2.408005e-02,6.600003e-02,4.034085e-01
1.570314e-02,4.195390e-03,1.560948e-02,8.990434e-02,2.527742e-02,1.157642e-02,4.199187e-04,5.404877e-02,1.022153e-01,7.751658e-03,1.850486e-01,9.990299e-03,3.978270e-02,5.916966e-02,3.793069e-01
1.122359e-02,3.740302e-03,3.274181e-02,6.782254e-02,2.024736e-02,8.733902e-03,3.266097e-04,3.858107e-02,7.746062e-02,7.014113e-03,2.892717e-01,1.052083e-02,4.375614e-02,6.593901e-02,3.226205e-01
8.019491e-03,4.609271e-03,1.146554e-01,5.523921e-02,1.572221e-02,7.819450e-03,3.203726e-04,3.053908e-02,6.144920e-02,6.056945e-03,3.498042e-01,9.426217e-03,3.994235e-02,5.147434e-02,2.449222e-01
6.305255e-03,1.478616e-02,2.206287e-01,1.108140e-01,1.324430e-02,1.050147e-02,3.396932e-04,2.258913e-02,8.708300e-02,4.829782e-03,2.577234e-01,7.336212e-03,2.872775e-02,3.984436e-02,1.752468e-01
7.191122e-03,5.215505e-02,2.299991e-01,1.358705e-01,1.406892e-02,9.999651e-03,4.317151e-04,1.853257e-02,1.363677e-01,5.211333e-03,1.990754e-01,5.660667e-03,2.161115e-02,3.662304e-02,1.272020e-01
1.052408e-02,4.857411e-02,2.889867e-01,1.948579e-01,1.949594e-02,1.312719e-02,5.506825e-04,1.389991e-02,1.068996e-01,4.927895e-03,1.539345e-01,4.230238e-03,1.589519e-02,3.277202e-02,9.132399e-02
1.395450e-02,5.309669e-02,2.921860e-01,2.225451e-01,2.316958e-02,5.180083e-02,9.124668e-04,1.206864e-02,1.041805e-01,4.275477e-03,1.116933e-01,3.126711e-03,1.168905e-02,2.405337e-02,7.124779e-02
1.738096e-02,8.715323e-02,2.388047e-01,2.516948e-01,2.618441e-02,7.460719e-02,1.050144e-03,1.103486e-02,1.180073e-01,4.065908e-03,8.186005e-02,2.343541e-03,8.586279e-03,1.794807e-02,5.927858e-02
1.794408e-02,1.102525e-01,1.805255e-01,2.470019e-01,3.100080e-02,1.837836e-01,1.532409e-03,1.033226e-02,9.080778e-02,3.127870e-03,6.026218e-02,1.722421e-03,6.274610e-03,1.312586e-02,4.230627e-02
2.181858e-02,1.279949e-01,1.388422e-01,2.888647e-01,2.816165e-02,2.012839e-01,1.384735e-03,8.107601e-03,8.000667e-02,5.098383e-03,4.914062e-02,1.478928e-03,5.096145e-03,9.849547e-03,3.287137e-02
8.717091e-02,1.315656e-01,1.100104e-01,2.510437e-01,4.203081e-02,2.033035e-01,3.706026e-03,1.068650e-02,6.096793e-02,5.222220e-03,3.858853e-02,3.891920e-03,6.116896e-03,9.237129e-03,3.645794e-02
1.384879e-01,1.122238e-01,8.960170e-02,1.899606e-01,8.381007e-02,1.900504e-01,3.764506e-03,9.935537e-03,6.253195e-02,4.516830e-03,3.267884e-02,7.215672e-03,8.768465e-03,1.397978e-02,5.247392e-02
1.468398e-01,1.075962e-01,7.092629e-02,1.642295e-01,1.073544e-01,1.663783e-01,3.794274e-03,1.197612e-02,7.154460e-02,5.167481e-03,3.039212e-02,2.058585e-02,1.551307e-02,1.393084e-02,6.377120e-02
1.499524e-01,1.201910e-01,6.221941e-02,1.785914e-01,1.103390e-01,1.638018e-01,6.876318e-03,1.372885e-02,5.907737e-02,4.618824e-03,2.490185e-02,2.629939e-02,1.546723e-02,1.109865e-02,5.283652e-02
2.078128e-01,1.112415e-01,5.731930e-02,1.514386e-01,1.217696e-01,1.520732e-01,9.960581e-03,1.269304e-02,5.074163e-02,4.376854e-03,2.200891e-02,2.625680e-02,1.588861e-02,1.091775e-02,4.550087e-02
2.833000e-01,1.015997e-01,5.803821e-02,1.269171e-01,1.004028e-01,1.335648e-01,9.059200e-03,1.050300e-02,4.644149e-02,4.466760e-03,2.015573e-02,2.723362e-02,1.622005e-02,1.240146e-02,4.969605e-02
3.570191e-01,8.116093e-02,4.678249e-02,1.022104e-01,1.113368e-01,1.060691e-01,7.526965e-03,8.773468e-03,6.201283e-02,4.210063e-03,1.884077e-02,2.719120e-02,1.642273e-02,1.100617e-02,3.943713e-02
4.224883e-01,7.772452e-02,4.124822e-02,8.110340e-02,1.081195e-01,7.992378e-02,6.087198e-03,7.327044e-03,6.159860e-02,3.625890e-03,1.762235e-02,2.601069e-02,1.691429e-02,1.182508e-02,3.838111e-02
4.519304e-01,8.120070e-02,3.420417e-02,9.947827e-02,8.621083e-02,6.088021e-02,4.937815e-03,7.175738e-03,4.768867e-02,3.505012e-03,2.107144e-02,3.448638e-02,1.628557e-02,1.131207e-02,3.963269e-02
4.996819e-01,8.839658e-02,3.025975e-02,8.732863e-02,7.221388e-02,4.673930e-02,4.005313e-03,6.471467e-03,3.952574e-02,3.940169e-03,1.924291e-02,3.238551e-02,1.502119e-02,1.094484e-02,4.384277e-02
1.000000e+00,0.000000e+00,0.000000e+00,0.000000e+00,0.000000e+00,0.000000e+00,0.000000e+00,0.000000e+00,0.000000e+00,0.000000e+00,0.000000e+00,0.000000e+00,0.000000e+00,0.000000e+00,0.000000e+00
1.000000e+00,0.000000e+00,0.000000e+00,0.000000e+00,0.000000e+00,0.000000e+00,0.000000e+00,0.000000e+00,0.000000e+00,0.000000e+00,0.000000e+00,0.000000e+00,0.000000e+00,0.000000e+00,0.000000e+00
4.545304e-01,7.582205e-02,1.494350e-01,7.765380e-02,2.859667e-02,2.197697e-02,2.440562e-03,6.533100e-03,2.096457e-02,4.185989e-03,1.466870e-02,1.847228e-02,8.926106e-03,5.566618e-02,6.012759e-02
4.178075e-01,6.789322e-02,1.720684e-01,6.750589e-02,2.154671e-02,2.549586e-02,2.292989e-03,7.057209e-03,2.056617e-02,8.393430e-03,1.702852e-02,1.925668e-02,8.663972e-03,8.080319e-02,6.362024e-02
3.099307e-01,5.555311e-02,2.107974e-01,8.998759e-02,1.577357e-02,2.191867e-02,1.744588e-03,6.396137e-03,2.364518e-02,2.385667e-02,2.028378e-02,2.252417e-02,1.190895e-02,6.897244e-02,1.167070e-01
2.177652e-01,4.050517e-02,1.553638e-01,6.335593e-02,1.106794e-02,1.596252e-02,1.248496e-03,4.514527e-03,2.351625e-02,6.758173e-02,1.474077e-02,1.586920e-02,8.955983e-03,7.954159e-02,2.800108e-01
1.532649e-01,3.970000e-02,1.148064e-01,4.746625e-02,7.819653e-03,1.157337e-02,9.410051e-04,3.196883e-03,4.187764e-02,5.845390e-02,1.129216e-02,1.175977e-02,7.890254e-03,6.653991e-02,4.234179e-01
1.118043e-01,3.179851e-02,8.157178e-02,3.444807e-02,5.614602e-03,8.711327e-03,7.255352e-04,2.316225e-03,3.468747e-02,4.566573e-02,9.198189e-03,9.487955e-03,6.787401e-03,8.334644e-02,5.338364e-01
9.106743e-02,3.026406e-02,5.755766e-02,2.586743e-02,3.989296e-03,6.909882e-03,5.968602e-04,1.688597e-03,2.883211e-02,3.366575e-02,9.739316e-03,1.742043e-02,1.123419e-02,1.882605e-01,4.929064e-01
7.424521e-02,2.343144e-02,4.066570e-02,1.968513e-02,3.315580e-03,5.486345e-03,4.966132e-04,1.267097e-03,3.672353e-02,2.651684e-02,1.073302e-02,1.694835e-02,1.443559e-02,3.368524e-01,3.891971e-01
7.469307e-02,2.034364e-02,3.072347e-02,1.740614e-02,3.349697e-03,6.140556e-03,1.102383e-03,1.654608e-03,3.472979e-02,2.238425e-02,1.048417e-02,1.375147e-02,1.271810e-02,3.198003e-01,4.307184e-01
8.487177e-02,3.629169e-02,2.959279e-02,2.771541e-02,4.736395e-03,6.073855e-03,1.326371e-03,2.397455e-03,5.486912e-02,2.198853e-02,1.015903e-02,1.379821e-02,1.235641e-02,2.788610e-01,4.149620e-01
7.358653e-02,3.571303e-02,2.216980e-02,1.991935e-02,5.359299e-03,5.540152e-03,1.326947e-03,2.390248e-03,5.699962e-02,1.874761e-02,7.767435e-03,1.016702e-02,9.840854e-03,3.433464e-01,3.871258e-01
6.795292e-02,4.605273e-02,3.699459e-02,3.893787e-02,1.475036e-02,7.781897e-03,2.665463e-03,6.051698e-03,1.450620e-01,1.752267e-02,9.747293e-03,8.077648e-03,8.339928e-03,2.547658e-01,3.352972e-01
5.555836e-02,7.765792e-02,4.451951e-02,3.348231e-02,2.095622e-02,7.747970e-03,2.547812e-03,5.966185e-03,2.101380e-01,1.827996e-02,8.547675e-03,6.228833e-03,7.584786e-03,2.164329e-01,2.843516e-01
4.055717e-02,9.168248e-02,3.836149e-02,3.690790e-02,1.570594e-02,5.957759e-03,1.816396e-03,4.320540e-03,3.046655e-01,2.719492e-02,7.138717e-03,4.533390e-03,5.744522e-03,1.519263e-01,2.634870e-01
4.331338e-02,1.097204e-01,4.461949e-02,4.227618e-02,1.189184e-02,5.476995e-03,1.498049e-03,4.272074e-03,3.041183e-01,2.422009e-02,9.034852e-03,4.795242e-03,5.591336e-03,1.132103e-01,2.759616e-01
5.650565e-02,1.107139e-01,4.631960e-02,3.514879e-02,8.860565e-03,4.734091e-03,1.526990e-03,6.044043e-03,2.799350e-01,2.187632e-02,2.157748e-02,1.094472e-02,3.539366e-02,8.631950e-02,2.740997e-01
7.989106e-02,8.648545e-02,9.077706e-02,3.001086e-02,1.253267e-02,7.003716e-03,2.009249e-03,6.924675e-03,2.230004e-01,4.857273e-02,2.897211e-02,1.046353e-02,3.043092e-02,9.771347e-02,2.452122e-01
1.215976e-01,6.599540e-02,8.322120e-02,2.650758e-02,1.694848e-02,9.710901e-03,2.352689e-03,5.957518e-02,1.928743e-01,3.666200e-02,6.033488e-02,1.488000e-02,5.033360e-02,7.437512e-02,1.846312e-01
1.821391e-01,5.406629e-02,1.161944e-01,3.238886e-02,2.935441e-02,1.766063e-02,2.690895e-03,5.234980e-02,1.456971e-01,2.922699e-02,5.756988e-02,1.435791e-02,5.184697e-02,6.602218e-02,1.484345e-01
2.303351e-01,4.750812e-02,1.003440e-01,3.123566e-02,4.334420e-02,6.135032e-02,2.828172e-03,4.712515e-02,1.173584e-01,2.491415e-02,6.049654e-02,1.691758e-02,5.463005e-02,5.317441e-02,1.084382e-01
2.078403e-01,4.459065e-02,7.867967e-02,2.868056e-02,5.743180e-02,8.837004e-02,2.890496e-03,4.757392e-02,1.061223e-01,2.213985e-02,5.809277e-02,1.999668e-02,8.313582e-02,5.014166e-02,1.043135e-01
2.596783e-01,5.278269e-02,6.741339e-02,5.984854e-02,5.193023e-02,8.144496e-02,2.826595e-03,3.893612e-02,8.549624e-02,1.707950e-02,5.232493e-02,3.850104e-02,6.469006e-02,3.923656e-02,8.781086e-02
2.844633e-01,7.010144e-02,5.545560e-02,6.067776e-02,4.259289e-02,8.275270e-02,2.427725e-03,3.082333e-02,8.029604e-02,1.397328e-02,5.298171e-02,4.222468e-02,5.410855e-02,3.883076e-02,8.829030e-02
2.111517e-01,9.251027e-02,5.178332e-02,2.034411e-01,3.290462e-02,5.899588e-02,1.875694e-03,2.213487e-02,6.818745e-02,1.094267e-02,4.168065e-02,3.942677e-02,4.112529e-02,2.871501e-02,9.512472e-02
2.279328e-01,7.236429e-02,7.839133e-02,2.516773e-01,2.513861e-02,4.386570e-02,1.785447e-03,1.715404e-02,5.767607e-02,9.492364e-03,3.452171e-02,3.852798e-02,3.165250e-02,2.262109e-02,8.719879e-02
3.271255e-01,6.288752e-02,6.232717e-02,2.126492e-01,3.004989e-02,3.462560e-02,2.058275e-03,1.531370e-02,5.286949e-02,8.063466e-03,3.085371e-02,3.789159e-02,2.601783e-02,2.066494e-02,7.660218e-02
3.637559e-01,4.931400e-02,6.408729e-02,1.826295e-01,2.708850e-02,2.953137e-02,2.713872e-03,6.073073e-02,4.066314e-02,6.714497e-03,3.023082e-02,3.761765e-02,2.279175e-02,1.935947e-02,6.277148e-02
3.042732e-01,4.412038e-02,8.622995e-02,2.340939e-01,2.310389e-02,2.342151e-02,2.428133e-03,7.979979e-02,4.548234e-02,8.838225e-03,2.810761e-02,3.039705e-02,1.823644e-02,1.520901e-02,5.625863e-02
3.072474e-01,3.965501e-02,9.893019e-02,1.924444e-01,2.147358e-02,1.937109e-02,2.252408e-03,1.439094e-01,4.751804e-02,7.497537e-03,2.199465e-02,2.238504e-02,1.433701e-02,1.211624e-02,4.886808e-02
2.263887e-01,2.824635e-02,1.106004e-01,1.454937e-01,1.710841e-02,1.452169e-02,1.668484e-03,3.291328e-01,3.493451e-02,5.401907e-03,1.625057e-02,1.583989e-02,1.020860e-02,8.703642e-03,3.550045e-02
1.699731e-01,1.987918e-02,7.980209e-02,1.051359e-01,1.532238e-02,1.045006e-02,1.243637e-03,5.086225e-01,2.460108e-02,3.812226e-03,1.169709e-02,1.112781e-02,7.209601e-03,6.127493e-03,2.499604e-02
1.218777e-01,1.404178e-02,5.687431e-02,7.391984e-02,1.422582e-02,7.541401e-03,9.601905e-04,6.475248e-01,1.729039e-02,2.697828e-03,8.356208e-03,7.797759e-03,5.076183e-03,4.300312e-03,1.751543e-02
9.178057e-02,1.003516e-02,4.109499e-02,5.217367e-02,1.656800e-02,6.144492e-03,1.048846e-03,7.349843e-01,1.258552e-02,1.930524e-03,6.392461e-03,5.591913e-03,4.288732e-03,3.048072e-03,1.233279e-02
6.836450e-02,7.443199e-03,2.969798e-02,3.680056e-02,1.333587e-02,5.261731e-03,8.146983e-04,7.882691e-01,1.652279e-02,1.643727e-03,9.599134e-03,4.459966e-03,6.204378e-03,2.395322e-03,9.187074e-03
6.666289e-02,5.595399e-03,2.165357e-02,3.062095e-02,9.976152e-03,4.327058e-03,6.412319e-04,8.123927e-01,1.698642e-02,1.713330e-03,9.412263e-03,4.464951e-03,6.353303e-03,1.911064e-03,7.288770e-03
8.983009e-02,5.886519e-03,1.584518e-02,2.327504e-02,7.850074e-03,3.639427e-03,6.827215e-04,7.879324e-01,2.142994e-02,1.771865e-03,1.487957e-02,8.697917e-03,1.000445e-02,1.902611e-03,6.372209e-03
8.039314e-02,1.638069e-02,3.854282e-02,7.094923e-02,7.487414e-03,3.242316e-03,7.833074e-04,6.011299e-01,1.204065e-01,5.506930e-03,1.576212e-02,8.767566e-03,1.656837e-02,1.890791e-03,1.218892e-02
1.661482e-01,1.690827e-02,4.090365e-02,5.685896e-02,9.721323e-03,4.432148e-03,1.546525e-03,4.725271e-01,1.406605e-01,5.123733e-03,2.410834e-02,9.523384e-03,2.630517e-02,2.848711e-03,2.238390e-02
2.481464e-01,1.449098e-02,8.282370e-02,5.135502e-02,1.019643e-02,8.884588e-03,3.434993e-03,3.588383e-01,1.250851e-01,5.043189e-03,2.619137e-02,9.049032e-03,2.929942e-02,4.272911e-03,2.288865e-02
2.903641e-01,2.568188e-02,6.585187e-02,3.967729e-02,1.429553e-02,1.593587e-02,4.709015e-03,2.616586e-01,1.475334e-01,4.883463e-03,2.475839e-02,8.955130e-03,4.078062e-02,9.508222e-03,4.540651e-02
3.268504e-01,4.279396e-02,6.645204e-02,4.263240e-02,1.311400e-02,2.453007e-02,4.170287e-03,1.875541e-01,1.447261e-01,6.777684e-03,2.481081e-02,1.174944e-02,3.580636e-02,1.567896e-02,5.235336e-02
3.734490e-01,5.151644e-02,8.954922e-02,5.819530e-02,1.067549e-02,2.324730e-02,3.129537e-03,1.331457e-01,1.215279e-01,8.061121e-03,1.960085e-02,1.215129e-02,2.734236e-02,1.189544e-02,5.651305e-02
3.756068e-01,4.669871e-02,8.755669e-02,5.223154e-02,2.638394e-02,5.140879e-02,7.488566e-03,1.017775e-01,1.419168e-01,6.196559e-03,1.706527e-02,1.056322e-02,2.212805e-02,9.158328e-03,4.381917e-02
3.406024e-01,4.218207e-02,1.190396e-01,5.239785e-02,4.395086e-02,4.855558e-02,1.065297e-02,1.281783e-01,1.305938e-01,5.271087e-03,1.324659e-02,8.356521e-03,1.723463e-02,6.872425e-03,3.286538e-02
2.907706e-01,3.304665e-02,9.608754e-02,4.289557e-02,4.827122e-02,4.576357e-02,8.728818e-03,2.620261e-01,1.089481e-01,3.866382e-03,9.774819e-03,6.228847e-03,1.373742e-02,5.026751e-03,2.482756e-02
2.595413e-01,2.696303e-02,1.198386e-01,6.307667e-02,3.919778e-02,3.569798e-02,6.704545e-03,2.949251e-01,8.516433e-02,5.359747e-03,1.010613e-02,7.019017e-03,1.175288e-02,4.078482e-03,3.057456e-02
2.079266e-01,2.088910e-02,2.587072e-01,7.349112e-02,2.927431e-02,2.637775e-02,4.915545e-03,2.516633e-01,6.256124e-02,5.353866e-03,8.565390e-03,6.095510e-03,9.181573e-03,2.996998e-03,3.200050e-02
2.103320e-01,1.755492e-02,2.075769e-01,1.061541e-01,3.344074e-02,2.090572e-02,4.431884e-03,3.029131e-01,4.811997e-02,3.860658e-03,6.902928e-03,4.469331e-03,6.972579e-03,2.284217e-03,2.408101e-02
1.684698e-01,1.291215e-02,1.928369e-01,1.548093e-01,2.749563e-02,1.605724e-02,3.222459e-03,3.495997e-01,3.722592e-02,2.903033e-03,5.806126e-03,3.356199e-03,5.381800e-03,1.833073e-03,1.809058e-02
1.304417e-01,9.229426e-03,1.363410e-01,1.122698e-01,2.112914e-02,1.168802e-02,2.302783e-03,5.231091e-01,2.680255e-02,2.070329e-03,4.312381e-03,2.387300e-03,3.862255e-03,1.311511e-03,1.274270e-02
9.870894e-02,6.642690e-03,9.976485e-02,8.513516e-02,1.592312e-02,8.568558e-03,1.666064e-03,6.449798e-01,1.925872e-02,1.500873e-03,3.311574e-03,1.738974e-03,2.768380e-03,9.543900e-04,9.077894e-03
8.405976e-02,5.259220e-03,7.203428e-02,6.126562e-02,1.264027e-02,6.675924e-03,1.672424e-03,7.278592e-01,1.435388e-02,1.082958e-03,2.460344e-03,1.305916e-03,2.159963e-03,7.049384e-04,6.465268e-03
7.422277e-02,3.896769e-03,5.202456e-02,4.399978e-02,9.573336e-03,4.947388e-03,1.358655e-03,7.884241e-01,1.081392e-02,8.392921e-04,1.922464e-03,1.136380e-03,1.607806e-03,5.423976e-04,4.690403e-03
7.236225e-02,3.508365e-03,3.871429e-02,3.516441e-02,7.730581e-03,4.715388e-03,1.313460e-03,8.167403e-01,9.927476e-03,7.510710e-04,1.692386e-03,1.228882e-03,1.996868e-03,4.375806e-04,3.716722e-03
8.643733e-02,3.386162e-03,3.453841e-02,2.842360e-02,6.494838e-03,4.303105e-03,1.112772e-03,8.154858e-01,9.411747e-03,1.114093e-03,1.414226e-03,2.306380e-03,1.909262e-03,3.810404e-04,3.281186e-03
1.184740e-01,3.595035e-03,3.764134e-02,2.399114e-02,1.190047e-02,1.272423e-02,2.468956e-03,7.515403e-01,1.165273e-02,1.255611e-03,2.116184e-03,3.681086e-03,1.404496e-02,7.393995e-04,4.174611e-03
1.529002e-01,9.089408e-03,4.942903e-02,3.315915e-02,5.266775e-02,1.547721e-02,3.955780e-03,5.974512e-01,2.473569e-02,8.831767e-03,4.204679e-03,1.018731e-02,2.632773e-02,1.500582e-03,1.008262e-02
1.909885e-01,7.141402e-03,4.255913e-02,2.946129e-02,9.111337e-02,1.745350e-02,4.244649e-03,5.383461e-01,1.961797e-02,6.780199e-03,4.216517e-03,1.152222e-02,2.604354e-02,1.502509e-03,9.009233e-03
2.312259e-01,6.173371e-03,3.526406e-02,2.237329e-02,9.639976e-02,1.439350e-02,4.325749e-03,5.204142e-01,1.603368e-02,6.061450e-03,4.175092e-03,1.062117e-02,2.022697e-02,2.356532e-03,9.955253e-03
2.674276e-01,5.640934e-03,3.863955e-02,1.855532e-02,1.516669e-01,1.288340e-02,4.209551e-03,4.340098e-01,1.523049e-02,6.273190e-03,4.147364e-03,9.832595e-03,1.567820e-02,3.563386e-03,1.224179e-02
3.353812e-01,5.469378e-03,3.457633e-02,1.460321e-02,1.730925e-01,1.311077e-02,4.780008e-03,3.465420e-01,2.265143e-02,6.276758e-03,3.856397e-03,8.323163e-03,1.380568e-02,4.136165e-03,1.339515e-02
4.095472e-01,6.941641e-03,4.323552e-02,1.293859e-02,1.735318e-01,1.433636e-02,5.138199e-03,2.502576e-01,3.123768e-02,6.637774e-03,4.346973e-03,9.031833e-03,1.164846e-02,5.233531e-03,1.593688e-02
4.180751e-01,7.457112e-03,3.485064e-02,1.182663e-02,2.276232e-01,2.307283e-02,4.900223e-03,1.876202e-01,2.900549e-02,5.780141e-03,4.907963e-03,8.935512e-03,1.083440e-02,5.446227e-03,1.966432e-02
4.426513e-01,9.540827e-03,3.413476e-02,2.815059e-02,2.142948e-01,2.542628e-02,4.630885e-03,1.412934e-01,3.011085e-02,5.983558e-03,7.200450e-03,1.444185e-02,1.353872e-02,5.748771e-03,2.285292e-02
4.349585e-01,1.854489e-02,2.555985e-02,2.589837e-02,1.691293e-01,2.374646e-02,4.058200e-03,1.020564e-01,9.117261e-02,1.065645e-02,8.707112e-03,1.350502e-02,1.596486e-02,8.927924e-03,4.711400e-02
3.926921e-01,3.439909e-02,1.860120e-02,2.388812e-02,1.239219e-01,2.842815e-02,3.238514e-03,7.377446e-02,1.715944e-01,1.575486e-02,9.879170e-03,1.301183e-02,3.365669e-02,8.354694e-03,4.880485e-02
4.214343e-01,3.500450e-02,1.395181e-02,2.361186e-02,9.117328e-02,4.485234e-02,2.568504e-03,5.365336e-02,1.665999e-01,1.475269e-02,1.302245e-02,1.771728e-02,4.239472e-02,8.931442e-03,5.033161e-02
4.353983e-01,3.270884e-02,1.139408e-02,2.821216e-02,6.842263e-02,4.765612e-02,2.582017e-03,4.215990e-02,1.902629e-01,1.232127e-02,1.541217e-02,2.170774e-02,3.879897e-02,8.189646e-03,4.477322e-02
3.843143e-01,2.727173e-02,1.260208e-02,4.970282e-02,5.324782e-02,3.956234e-02,2.663702e-03,3.387206e-02,2.514153e-01,1.071231e-02,1.543206e-02,2.261038e-02,3.107821e-02,7.697732e-03,5.781718e-02
4.144673e-01,2.204526e-02,1.082634e-02,4.836600e-02,3.913111e-02,4.003340e-02,2.446619e-03,2.537896e-02,2.501677e-01,8.994707e-03,2.247174e-02,3.092436e-02,2.440367e-02,8.476940e-03,5.186595e-02
4.701429e-01,1.798433e-02,1.343979e-02,6.691612e-02,2.912769e-02,3.493765e-02,2.612953e-03,2.164131e-02,2.048694e-01,7.162483e-03,2.337284e-02,3.321888e-02,1.995170e-02,7.934636e-03,4.668732e-02
1.000000e+00,0.000000e+00,0.000000e+00,0.000000e+00,0.000000e+00,0.000000e+00,0.000000e+00,0.000000e+00,0.000000e+00,0.000000e+00,0.000000e+00,0.000000e+00,0.000000e+00,0.000000e+00,0.000000e+00
1.000000e+00,0.000000e+00,0.000000e+00,0.000000e+00,0.000000e+00,0.000000e+00,0.000000e+00,0.000000e+00,0.000000e+00,0.000000e+00,0.000000e+00,0.000000e+00,0.000000e+00,0.000000e+00,0.000000e+00
