1.000000e+00,0.000000e+00,0.000000e+00,0.000000e+00,0.000000e+00,0.000000e+00,0.000000e+00,0.000000e+00,0.000000e+00,0.000000e+00,0.000000e+00,0.000000e+00,0.000000e+00,0.000000e+00,0.000000e+00
1.000000e+00,0.000000e+00,0.000000e+00,0.000000e+00,0.000000e+00,0.000000e+00,0.000000e+00,0.000000e+00,0.000000e+00,0.000000e+00,0.000000e+00,0.000000e+00,0.000000e+00,0.000000e+00,0.000000e+00
1.000000e+00,0.000000e+00,0.000000e+00,0.000000e+00,0.000000e+00,0.000000e+00,0.000000e+00,0.000000e+00,0.000000e+00,0.000000e+00,0.000000e+00,0.000000e+00,0.000000e+00,0.000000e+00,0.000000e+00
1.000000e+00,0.000000e+00,0.000000e+00,0.000000e+00,0.000000e+00,0.000000e+00,0.000000e+00,0.000000e+00,0.000000e+00,0.000000e+00,0.000000e+00,0.000000e+00,0.000000e+00,0.000000e+00,0.000000e+00
1.000000e+00,0.000000e+00,0.000000e+00,0.000000e+00,0.000000e+00,0.000000e+00,0.000000e+00,0.000000e+00,0.000000e+00,0.000000e+00,0.000000e+00,0.000000e+00,0.000000e+00,0.000000e+00,0.000000e+00
1.000000e+00,0.000000e+00,0.000000e+00,0.000000e+00,0.000000e+00,0.000000e+00,0.000000e+00,0.000000e+00,0.000000e+00,0.000000e+00,0.000000e+00,0.000000e+00,0.000000e+00,0.000000e+00,0.000000e+00
1.000000e+00,0.000000e+00,0.000000e+00,0.000000e+00,0.000000e+00,0.000000e+00,0.000000e+00,0.000000e+00,0.000000e+00,0.000000e+00,0.000000e+00,0.000000e+00,0.000000e+00,0.000000e+00,0.000000e+00
1.000000e+00,0.000000e+00,0.000000e+00,0.000000e+00,0.000000e+00,0.000000e+00,0.000000e+00,0.000000e+00,0.000000e+00,0.000000e+00,0.000000e+00,0.000000e+00,0.000000e+00,0.000000e+00,0.000000e+00
1.000000e+00,0.000000e+00,0.000000e+00,0.000000e+00,0.000000e+00,0.000000e+00,0.000000e+00,0.000000e+00,0.000000e+00,0.000000e+00,0.000000e+00,0.000000e+00,0.000000e+00,0.000000e+00,0.000000e+00
1.000000e+00,0.000000e+00,0.000000e+00,0.000000e+00,0.000000e+00,0.000000e+00,0.000000e+00,0.000000e+00,0.000000e+00,0.000000e+00,0.000000e+00,0.000000e+00,0.000000e+00,0.000000e+00,0.000000e+00
1.000000e+00,0.000000e+00,0.000000e+00,0.000000e+00,0.000000e+00,0.000000e+00,0.000000e+00,0.000000e+00,0.000000e+00,0.000000e+00,0.000000e+00,0.000000e+00,0.000000e+00,0.000000e+00,0.000000e+00
1.000000e+00,0.000000e+00,0.000000e+00,0.000000e+00,0.000000e+00,0.000000e+00,0.000000e+00,0.000000e+00,0.000000e+00,0.000000e+00,0.000000e+00,0.000000e+00,0.000000e+00,0.000000e+00,0.000000e+00
1.000000e+00,0.000000e+00,0.000000e+00,0.000000e+00,0.000000e+00,0.000000e+00,0.000000e+00,0.000000e+00,0.000000e+00,0.000000e+00,0.000000e+00,0.000000e+00,0.000000e+00,0.000000e+00,0.000000e+00
1.000000e+00,0.000000e+00,0.000000e+00,0.000000e+00,0.000000e+00,0.000000e+00,0.000000e+00,0.000000e+00,0.000000e+00,0.000000e+00,0.000000e+00,0.000000e+00,0.000000e+00,0.000000e+00,0.000000e+00
1.000000e+00,0.000000e+00,0.000000e+00,0.000000e+00,0.000000e+00,0.000000e+00,0.000000e+00,0.000000e+00,0.000000e+00,0.000000e+00,0.000000e+00,0.000000e+00,0.000000e+00,0.000000e+00,0.000000e+00
1.000000e+00,0.000000e+00,0.000000e+00,0.000000e+00,0.000000e+00,0.000000e+00,0.000000e+00,0.000000e+00,0.000000e+00,0.000000e+00,0.000000e+00,0.000000e+00,0.000000e+00,0.000000e+00,0.000000e+00
1.000000e+00,0.000000e+00,0.000000e+00,0.000000e+00,0.000000e+00,0.000000e+00,0.000000e+00,0.000000e+00,0.000000e+00,0.000000e+00,0.000000e+00,0.000000e+00,0.000000e+00,0.000000e+00,0.000000e+00
1.000000e+00,0.000000e+00,0.000000e+00,0.000000e+00,0.000000e+00,0.000000e+00,0.000000e+00,0.000000e+00,0.000000e+00,0.000000e+00,0.000000e+00,0.000000e+00,0.000000e+00,0.000000e+00,0.000000e+00
1.000000e+00,0.000000e+00,0.000000e+00,0.000000e+00,0.000000e+00,0.000000e+00,0.000000e+00,0.000000e+00,0.000000e+00,0.000000e+00,0.000000e+00,0.000000e+00,0.000000e+00,0.000000e+00,0.000000e+00
1.000000e+00,0.000000e+00,0.000000e+00,0.000000e+00,0.000000e+00,0.000000e+00,0.000000e+00,0.000000e+00,0.000000e+00,0.000000e+00,0.000000e+00,0.000000e+00,0.000000e+00,0.000000e+00,0.000000e+00
1.000000e+00,0.000000e+00,0.000000e+00,0.000000e+00,0.000000e+00,0.000000e+00,0.000000e+00,0.000000e+00,0.000000e+00,0.000000e+00,0.000000e+00,0.000000e+00,0.000000e+00,0.000000e+00,0.000000e+00
1.000000e+00,0.000000e+00,0.000000e+00,0.000000e+00,0.000000e+00,0.000000e+00,0.000000e+00,0.000000e+00,0.000000e+00,0.000000e+00,0.000000e+00,0.000000e+00,0.000000e+00,0.000000e+00,0.000000e+00
1.000000e+00,0.000000e+00,0.000000e+00,0.000000e+00,0.000000e+00,0.000000e+00,0.000000e+00,0.000000e+00,0.000000e+00,0.000000e+00,0.000000e+00,0.000000e+00,0.000000e+00,0.000000e+00,0.000000e+00
1.000000e+00,0.000000e+00,0.000000e+00,0.000000e+00,0.000000e+00,0.000000e+00,0.000000e+00,0.000000e+00,0.000000e+00,0.000000e+00,0.000000e+00,0.000000e+00,0.000000e+00,0.000000e+00,0.000000e+00
1.000000e+00,0.000000e+00,0.000000e+00,0.000000e+00,0.000000e+00,0.000000e+00,0.000000e+00,0.000000e+00,0.000000e+00,0.000000e+00,0.000000e+00,0.000000e+00,0.000000e+00,0.000000e+00,0.000000e+00
1.000000e+00,0.000000e+00,0.000000e+00,0.000000e+00,0.000000e+00,0.000000e+00,0.000000e+00,0.000000e+00,0.000000e+00,0.000000e+00,0.000000e+00,0.000000e+00,0.000000e+00,0.000000e+00,0.000000e+00
1.000000e+00,0.000000e+00,0.000000e+00,0.000000e+00,0.000000e+00,0.000000e+00,0.000000e+00,0.000000e+00,0.000000e+00,0.000000e+00,0.000000e+00,0.000000e+00,0.000000e+00,0.000000e+00,0.000000e+00
1.000000e+00,0.000000e+00,0.000000e+00,0.000000e+00,0.000000e+00,0.000000e+00,0.000000e+00,0.000000e+00,0.000000e+00,0.000000e+00,0.000000e+00,0.000000e+00,0.000000e+00,0.000000e+00,0.000000e+00
1.000000e+00,0.000000e+00,0.000000e+00,0.000000e+00,0.000000e+00,0.000000e+00,0.000000e+00,0.000000e+00,0.000000e+00,0.000000e+00,0.000000e+00,0.000000e+00,0.000000e+00,0.000000e+00,0.000000e+00
1.000000e+00,0.000000e+00,0.000000e+00,0.000000e+00,0.000000e+00,0.000000e+00,0.000000e+00,0.000000e+00,0.000000e+00,0.000000e+00,0.000000e+00,0.000000e+00,0.000000e+00,0.000000e+00,0.000000e+00
1.000000e+00,0.000000e+00,0.000000e+00,0.000000e+00,0.000000e+00,0.000000e+00,0.000000e+00,0.000000e+00,0.000000e+00,0.000000e+00,0.000000e+00,0.000000e+00,0.000000e+00,0.000000e+00,0.000000e+00
1.000000e+00,0.000000e+00,0.000000e+00,0.000000e+00,0.000000e+00,0.000000e+00,0.000000e+00,0.000000e+00,0.000000e+00,0.000000e+00,0.000000e+00,0.000000e+00,0.000000e+00,0.000000e+00,0.000000e+00
1.000000e+00,0.000000e+00,0.000000e+00,0.000000e+00,0.000000e+00,0.000000e+00,0.000000e+00,0.000000e+00,0.000000e+00,0.000000e+00,0.000000e+00,0.000000e+00,0.000000e+00,0.000000e+00,0.000000e+00
1.000000e+00,0.000000e+00,0.000000e+00,0.000000e+00,0.000000e+00,0.000000e+00,0.000000e+00,0.000000e+00,0.000000e+00,0.000000e+00,0.000000e+00,0.000000e+00,0.000000e+00,0.000000e+00,0.000000e+00
1.000000e+00,0.000000e+00,0.000000e+00,0.000000e+00,0.000000e+00,0.000000e+00,0.000000e+00,0.000000e+00,0.000000e+00,0.000000e+00,0.000000e+00,0.000000e+00,0.000000e+00,0.000000e+00,0.000000e+00
1.000000e+00,0.000000e+00,0.000000e+00,0.000000e+00,0.000000e+00,0.000000e+00,0.000000e+00,0.000000e+00,0.000000e+00,0.000000e+00,0.000000e+00,0.000000e+00,0.000000e+00,0.000000e+00,0.000000e+00
1.000000e+00,0.000000e+00,0.000000e+00,0.000000e+00,0.000000e+00,0.000000e+00,0.000000e+00,0.000000e+00,0.000000e+00,0.000000e+00,0.000000e+00,0.000000e+00,0.000000e+00,0.000000e+00,0.000000e+00
4.896697e-01,6.701157e-02,3.251016e-02,6.922732e-02,3.576775e-03,1.928686e-02,1.836923e-03,8.639967e-03,1.157238e-02,5.044912e-03,2.413014e-02,1.351119e-02,2.343583e-03,8.756637e-03,2.428820e-01
3.954347e-01,7.356817e-02,5.107467e-02,8.287422e-02,4.412560e-03,2.308139e-02,1.659641e-03,1.046791e-02,1.422918e-02,6.475450e-03,3.334365e-02,1.231862e-02,2.593002e-03,1.201010e-02,2.764567e-01
3.482757e-01,9.592538e-02,8.567190e-02,1.054041e-01,5.897394e-03,2.329172e-02,1.774826e-03,1.427646e-02,1.415750e-02,5.619656e-03,3.783934e-02,1.112986e-02,2.655491e-03,1.197020e-02,2.361105e-01
3.486536e-01,1.083989e-01,7.860606e-02,1.145752e-01,6.592738e-03,2.390663e-02,2.333979e-03,1.786107e-02,1.443797e-02,6.113166e-03,4.049402e-02,1.247122e-02,3.669656e-03,1.096937e-02,2.109164e-01
3.200867e-01,1.267062e-01,7.173446e-02,1.279618e-01,7.520036e-03,2.355067e-02,2.794422e-03,2.068532e-02,1.538106e-02,7.345420e-03,3.549619e-02,1.249143e-02,4.271878e-03,9.861979e-03,2.141124e-01
2.543494e-01,1.240041e-01,8.676508e-02,2.034117e-01,8.695914e-03,2.243562e-02,3.057229e-03,2.721976e-02,1.940657e-02,7.184826e-03,3.232925e-02,1.495320e-02,5.182463e-03,9.019497e-03,1.819855e-01
2.388277e-01,1.367043e-01,7.900371e-02,2.209306e-01,1.106774e-02,2.123458e-02,3.552483e-03,2.486955e-02,2.542118e-02,8.070911e-03,2.996173e-02,1.572245e-02,6.357162e-03,9.510421e-03,1.687654e-01
2.542659e-01,1.342046e-01,6.626501e-02,2.092282e-01,1.356043e-02,2.207771e-02,4.268060e-03,2.254740e-02,2.953126e-02,8.882924e-03,3.051567e-02,1.684842e-02,8.303538e-03,1.518792e-02,1.643130e-01
2.994409e-01,1.236952e-01,5.551832e-02,1.873327e-01,1.446540e-02,2.484136e-02,4.841374e-03,2.121632e-02,2.811354e-02,9.478558e-03,3.082330e-02,1.918554e-02,1.105650e-02,1.787305e-02,1.521180e-01
3.471364e-01,1.166241e-01,4.849617e-02,1.675320e-01,1.448463e-02,2.640567e-02,5.213160e-03,2.002073e-02,2.529136e-02,9.204158e-03,3.005063e-02,2.011881e-02,1.267202e-02,1.873296e-02,1.380173e-01
2.964059e-01,1.095638e-01,6.367987e-02,1.769394e-01,1.683252e-02,3.343596e-02,9.537659e-03,4.102793e-02,3.128273e-02,8.029132e-03,3.626278e-02,2.473883e-02,1.589504e-02,1.845558e-02,1.179130e-01
2.686957e-01,1.178491e-01,6.346897e-02,1.816676e-01,1.801232e-02,3.266393e-02,9.289353e-03,3.538679e-02,3.715841e-02,8.692605e-03,4.126906e-02,2.572197e-02,1.639932e-02,2.183450e-02,1.218904e-01
2.951818e-01,1.201618e-01,5.600286e-02,1.700909e-01,1.810689e-02,3.297907e-02,8.144493e-03,2.906617e-02,3.505432e-02,8.925016e-03,3.941057e-02,2.486800e-02,1.606281e-02,2.288228e-02,1.230631e-01
3.575701e-01,1.097401e-01,4.665238e-02,1.488950e-01,1.656118e-02,3.172265e-02,7.292723e-03,2.446245e-02,3.106160e-02,8.577039e-03,3.524966e-02,2.433804e-02,1.608752e-02,2.227878e-02,1.195108e-01
3.482150e-01,1.058445e-01,4.806362e-02,1.427238e-01,1.563358e-02,3.111852e-02,6.840717e-03,2.301668e-02,3.281660e-02,9.543463e-03,3.497713e-02,2.617709e-02,1.753119e-02,2.460550e-02,1.328927e-01
3.118119e-01,1.057263e-01,5.237393e-02,1.480479e-01,1.545665e-02,2.761469e-02,5.836973e-03,2.093808e-02,3.416628e-02,1.044666e-02,3.368167e-02,2.725149e-02,1.917778e-02,2.479603e-02,1.626738e-01
3.310310e-01,9.819993e-02,4.789676e-02,1.364470e-01,1.470386e-02,2.531192e-02,5.447197e-03,1.832400e-02,3.534794e-02,1.039606e-02,3.283373e-02,2.622353e-02,1.982374e-02,2.466114e-02,1.733523e-01
4.072985e-01,8.326159e-02,3.834113e-02,1.172226e-01,1.355158e-02,2.297885e-02,5.021201e-03,1.622457e-02,3.123573e-02,9.847413e-03,2.925490e-02,2.454678e-02,1.995801e-02,2.118682e-02,1.600703e-01
1.000000e+00,0.000000e+00,0.000000e+00,0.000000e+00,0.000000e+00,0.000000e+00,0.000000e+00,0.000000e+00,0.000000e+00,0.000000e+00,0.000000e+00,0.000000e+00,0.000000e+00,0.000000e+00,0.000000e+00
1.000000e+00,0.000000e+00,0.000000e+00,0.000000e+00,0.000000e+00,0.000000e+00,0.000000e+00,0.000000e+00,0.000000e+00,0.000000e+00,0.000000e+00,0.000000e+00,0.000000e+00,0.000000e+00,0.000000e+00
4.624825e-01,7.992175e-02,1.628790e-02,8.913055e-02,2.655475e-02,2.440910e-02,2.801948e-02,9.736948e-03,1.513047e-02,4.960632e-03,1.782694e-02,9.075946e-02,5.202983e-02,1.065385e-02,7.209589e-02
3.517879e-01,7.379866e-02,1.715495e-02,1.380114e-01,5.196177e-02,4.969586e-02,2.586430e-02,8.036721e-03,2.361981e-02,8.022364e-03,3.140246e-02,1.009172e-01,5.342987e-02,8.667676e-03,5.762912e-02
2.481803e-01,5.699366e-02,1.381101e-02,1.035614e-01,4.099605e-02,6.296932e-02,1.980641e-02,6.076809e-03,7.299708e-02,1.233310e-02,4.068146e-02,9.605454e-02,6.727926e-02,1.924382e-02,1.390157e-01
1.743038e-01,4.061955e-02,9.783808e-03,7.311912e-02,2.920062e-02,7.730216e-02,1.392119e-02,4.430498e-03,5.251796e-02,1.405113e-02,3.113671e-02,6.781872e-02,5.396231e-02,1.656980e-02,3.412626e-01
1.222127e-01,2.854742e-02,6.882445e-03,5.122282e-02,2.065531e-02,7.227933e-02,9.753456e-03,3.162468e-03,3.714232e-02,1.108002e-02,2.226703e-02,4.755494e-02,3.907470e-02,1.271790e-02,5.154471e-01
8.565895e-02,2.001582e-02,4.828869e-03,3.586486e-02,1.449335e-02,6.535664e-02,6.837407e-03,2.258417e-03,2.607614e-02,8.950102e-03,1.587902e-02,3.332375e-02,2.782389e-02,9.315041e-03,6.433178e-01
6.000414e-02,1.402991e-02,3.383314e-03,2.511089e-02,1.015758e-02,4.777728e-02,4.789360e-03,1.593756e-03,1.828825e-02,6.742217e-03,1.146408e-02,2.338053e-02,1.974490e-02,6.821894e-03,7.467119e-01
4.309188e-02,1.244586e-02,4.557790e-03,1.858135e-02,7.715097e-03,5.335608e-02,3.614093e-03,1.223682e-03,1.580283e-02,3.101436e-02,9.341130e-03,2.321779e-02,2.054038e-02,5.793455e-03,7.497042e-01
3.069586e-02,9.220244e-03,4.274174e-03,1.397477e-02,6.186821e-03,9.698230e-02,2.590224e-03,9.520696e-04,1.146857e-02,2.348850e-02,2.470626e-02,2.463461e-02,2.487664e-02,5.302576e-03,7.206463e-01
2.190775e-02,7.213696e-03,4.079468e-03,1.092939e-02,7.220744e-03,1.419763e-01,1.899393e-03,7.352988e-04,8.454445e-03,2.383865e-02,5.635252e-02,3.972352e-02,4.954695e-02,4.340920e-03,6.217810e-01
1.582527e-02,5.176402e-03,4.500231e-03,1.109449e-02,8.427234e-03,1.169123e-01,1.358846e-03,6.076565e-04,6.540723e-03,2.139786e-02,1.367553e-01,9.914399e-02,5.652978e-02,9.401044e-03,5.063288e-01
1.158540e-02,3.828000e-03,4.394249e-03,1.123169e-02,1.378673e-02,9.531136e-02,9.844376e-04,4.999224e-04,6.338269e-03,3.584355e-02,1.255343e-01,1.062287e-01,6.299382e-02,1.857773e-02,5.028618e-01
9.219086e-03,3.802516e-03,7.328658e-03,9.841126e-03,1.235264e-02,7.637937e-02,9.919025e-04,1.115279e-02,1.367436e-02,4.327965e-02,1.482783e-01,9.136657e-02,8.641626e-02,8.729342e-02,3.986234e-01
7.148113e-03,3.050457e-03,6.659560e-03,8.385781e-03,1.701273e-02,8.674693e-02,1.274737e-03,1.149834e-02,1.111852e-02,3.906266e-02,1.402019e-01,1.209590e-01,1.298661e-01,8.639563e-02,3.306196e-01
6.177397e-03,2.355688e-03,1.452327e-02,6.997462e-03,1.373675e-02,1.010010e-01,2.031852e-03,2.419030e-02,8.771267e-03,4.093930e-02,1.370867e-01,1.117159e-01,1.404803e-01,1.170051e-01,2.729877e-01
7.117052e-03,3.509743e-03,3.463045e-02,1.801655e-02,1.231597e-02,1.831857e-01,2.251248e-03,2.044958e-02,2.285995e-02,3.140947e-02,1.071795e-01,9.163921e-02,1.509828e-01,9.763329e-02,2.168196e-01
6.373666e-03,3.153239e-03,2.759184e-02,1.733915e-02,1.046312e-02,1.415287e-01,2.821156e-03,1.639278e-02,2.217557e-02,2.696300e-02,1.316208e-01,1.160221e-01,1.757091e-01,8.097703e-02,2.208687e-01
7.281738e-03,2.882672e-03,2.679645e-02,1.564131e-02,1.299180e-02,1.134505e-01,3.705463e-03,1.461010e-02,1.636129e-02,2.385222e-02,1.612092e-01,1.523767e-01,1.978904e-01,6.304090e-02,1.879092e-01
7.536530e-03,2.392866e-03,2.107025e-02,1.149219e-02,1.053303e-02,9.056363e-02,3.517064e-03,1.258427e-02,1.175143e-02,1.790834e-02,1.145077e-01,3.242753e-01,1.774635e-01,4.577030e-02,1.486335e-01
8.002353e-03,2.232061e-03,1.622753e-02,8.620324e-03,8.772245e-03,9.061280e-02,3.351686e-03,1.046834e-02,8.620527e-03,1.375704e-02,8.258156e-02,4.557852e-01,1.388259e-01,3.438246e-02,1.177600e-01
8.405240e-03,2.066488e-03,1.215277e-02,6.488679e-03,6.879027e-03,7.939934e-02,2.691176e-03,8.760106e-03,6.720606e-03,1.064000e-02,5.989408e-02,5.702624e-01,1.165958e-01,2.493034e-02,8.411393e-02
8.820766e-03,1.910066e-03,1.025709e-02,5.100866e-03,7.700755e-03,6.739601e-02,2.962834e-03,8.607255e-03,5.738502e-03,7.892891e-03,4.636861e-02,6.468987e-01,9.784135e-02,2.082002e-02,6.168427e-02
1.374032e-02,4.100766e-03,1.185139e-02,4.992366e-03,1.928094e-02,5.236300e-02,4.972853e-03,1.208365e-02,6.411969e-03,6.603003e-03,3.495206e-02,6.875713e-01,8.089694e-02,1.564379e-02,4.453556e-02
2.325708e-02,4.854927e-03,1.119682e-02,4.128829e-03,1.646961e-02,4.194687e-02,4.617799e-03,1.933772e-02,5.712678e-03,5.982550e-03,2.573627e-02,7.216615e-01,7.026832e-02,1.279598e-02,3.203299e-02
2.281976e-02,4.420685e-03,9.479905e-03,3.102178e-03,1.723232e-02,3.234168e-02,3.770915e-03,1.606745e-02,4.640645e-03,4.564719e-03,1.950030e-02,7.713143e-01,5.813485e-02,9.969408e-03,2.264087e-02
3.015082e-02,3.977186e-03,7.777717e-03,2.603911e-03,2.053556e-02,2.620597e-02,3.836650e-03,1.363759e-02,4.372564e-03,3.457694e-03,1.491379e-02,7.950056e-01,4.968369e-02,7.649679e-03,1.619153e-02
3.189092e-02,3.687878e-03,6.390185e-03,2.135843e-03,2.276056e-02,2.125918e-02,4.386154e-03,1.215717e-02,4.185356e-03,2.667117e-03,1.094045e-02,8.152589e-01,4.510961e-02,5.595335e-03,1.157534e-02
4.249812e-02,6.193946e-03,1.319251e-02,7.635497e-03,3.832461e-02,2.315258e-02,5.523178e-03,3.583246e-02,5.558902e-03,2.704894e-03,8.779262e-03,7.370621e-01,5.909867e-02,5.995180e-03,8.448099e-03
6.502452e-02,7.093349e-03,2.171217e-02,1.175166e-02,3.507270e-02,3.040903e-02,6.078245e-03,3.262345e-02,6.110015e-03,2.348109e-03,7.480503e-03,7.000961e-01,6.318274e-02,4.620669e-03,6.396671e-03
7.436234e-02,6.855332e-03,1.811297e-02,8.971303e-03,2.688244e-02,2.898512e-02,5.817995e-03,2.556869e-02,5.455633e-03,1.843613e-03,6.415227e-03,7.272139e-01,5.447900e-02,3.944538e-03,5.091943e-03
7.853888e-02,1.055508e-02,1.580516e-02,6.920901e-03,2.501883e-02,3.373254e-02,1.138218e-02,1.983515e-02,7.501021e-03,1.551713e-03,5.564234e-03,6.930695e-01,8.178185e-02,3.438394e-03,5.304583e-03
6.683655e-02,8.852860e-03,1.419695e-02,5.140383e-03,2.113731e-02,3.416282e-02,1.417376e-02,1.711512e-02,6.227104e-03,1.209304e-03,5.448791e-03,7.274318e-01,7.110135e-02,2.825815e-03,4.140111e-03
6.207114e-02,7.312355e-03,1.100110e-02,3.742079e-03,1.554318e-02,3.311560e-02,1.201669e-02,1.786923e-02,5.557978e-03,9.809538e-04,4.762783e-03,7.186732e-01,1.017929e-01,2.512039e-03,3.048733e-03
6.545211e-02,5.691075e-03,8.687856e-03,2.954608e-03,1.182426e-02,2.943901e-02,1.074167e-02,1.395544e-02,5.193726e-03,9.138904e-04,4.520906e-03,6.755712e-01,1.599793e-01,2.522002e-03,2.552927e-03
7.972301e-02,4.622604e-03,8.297475e-03,3.195034e-03,1.002305e-02,3.503770e-02,9.999663e-03,1.121717e-02,4.635906e-03,9.213239e-04,5.179513e-03,6.857329e-01,1.367809e-01,2.161687e-03,2.472028e-03
8.691110e-02,5.048547e-03,6.720281e-03,3.099219e-03,1.084951e-02,5.162464e-02,1.455060e-02,8.711072e-03,8.264809e-03,1.062718e-03,4.869016e-03,5.913640e-01,2.011072e-01,2.272027e-03,3.545145e-03
7.957841e-02,4.213470e-03,4.839483e-03,2.676472e-03,1.069155e-02,5.434377e-02,1.338544e-02,6.384541e-03,8.780388e-03,1.198143e-03,4.560663e-03,5.773492e-01,2.263956e-01,2.208105e-03,3.394755e-03
8.167192e-02,3.759238e-03,3.533148e-03,2.290115e-03,8.114543e-03,4.541292e-02,9.845367e-03,4.610029e-03,8.886820e-03,9.537927e-04,3.400812e-03,4.230855e-01,3.986999e-01,1.702953e-03,4.032974e-03
1.018609e-01,1.435705e-02,3.740757e-03,5.293622e-03,6.804771e-03,5.188805e-02,7.982789e-03,3.751313e-03,1.161791e-02,2.567164e-03,3.087218e-03,3.055247e-01,4.609199e-01,1.697782e-03,1.890608e-02
7.834348e-02,5.210188e-02,4.839701e-03,2.054609e-02,6.744472e-03,1.159506e-01,6.620252e-03,2.719941e-03,3.025983e-02,6.219761e-03,4.853912e-03,2.519146e-01,3.657724e-01,2.138013e-03,5.097511e-02
5.820607e-02,1.390230e-01,5.624127e-03,3.000832e-02,5.730243e-03,9.067656e-02,5.069159e-03,1.967014e-03,8.316139e-02,9.371378e-03,6.719128e-03,1.947384e-01,2.700709e-01,2.464925e-03,9.716941e-02
4.354213e-02,1.136643e-01,6.635592e-03,3.686283e-02,1.580109e-02,1.431741e-01,5.733867e-03,1.635202e-03,1.265418e-01,2.840302e-02,9.415231e-03,1.380765e-01,2.366419e-01,1.982008e-03,9.189032e-02
3.190627e-02,1.299817e-01,4.951535e-03,3.787780e-02,1.248439e-02,1.033957e-01,4.123946e-03,1.508087e-03,2.904882e-01,2.120961e-02,1.140715e-02,9.852472e-02,1.830528e-01,1.740344e-03,6.734771e-02
2.602651e-02,9.246486e-02,3.602609e-03,2.958468e-02,1.029886e-02,8.992590e-02,3.409024e-03,2.696699e-03,3.618822e-01,1.693692e-02,3.200990e-02,7.063161e-02,1.522287e-01,3.000007e-02,7.830147e-02
1.965334e-02,6.717663e-02,2.699538e-03,2.170695e-02,1.150223e-02,6.994560e-02,2.704629e-03,2.444889e-03,3.398603e-01,1.425656e-02,5.073503e-02,5.330926e-02,1.403014e-01,5.497532e-02,1.487283e-01
1.494116e-02,5.071300e-02,2.266501e-03,1.585261e-02,1.022392e-02,5.004974e-02,1.942097e-03,2.039427e-03,3.539599e-01,1.199889e-02,4.266545e-02,3.762966e-02,1.037290e-01,1.059768e-01,1.960119e-01
1.096805e-02,3.802488e-02,1.939933e-03,1.123909e-02,9.356815e-03,3.557068e-02,1.378116e-03,1.469774e-03,3.110873e-01,1.010737e-02,3.665012e-02,2.657579e-02,7.648790e-02,1.727968e-01,2.563474e-01
8.389700e-03,3.289244e-02,1.875481e-03,8.367082e-03,7.813575e-03,2.749407e-02,1.011469e-03,1.112685e-03,2.792552e-01,9.259549e-03,2.777315e-02,1.878870e-02,5.481891e-02,1.969090e-01,3.242390e-01
1.697903e-02,2.404109e-02,1.605204e-02,6.545837e-03,7.427888e-03,2.672610e-02,1.601393e-03,4.151649e-03,2.068581e-01,1.033659e-02,3.548999e-02,1.393702e-02,4.131184e-02,2.483725e-01,3.401690e-01
7.031678e-02,2.194056e-02,1.660097e-02,5.063388e-03,1.559051e-02,3.466022e-02,1.523815e-03,3.630531e-03,1.543046e-01,1.005487e-02,4.130209e-02,1.539330e-02,3.909485e-02,2.339650e-01,3.365585e-01
7.274587e-02,2.995796e-02,2.309099e-02,1.134989e-02,3.564576e-02,3.452198e-02,1.807596e-03,7.103905e-03,1.408671e-01,1.011957e-02,4.868152e-02,2.140961e-02,6.556473e-02,1.917549e-01,3.053787e-01
6.171409e-02,4.350990e-02,4.260854e-02,1.618711e-02,4.607891e-02,4.255998e-02,2.154964e-03,6.810829e-03,1.444691e-01,2.571764e-02,5.417170e-02,2.165176e-02,1.071845e-01,1.398578e-01,2.453231e-01
5.048387e-02,4.845081e-02,3.424250e-02,1.573797e-02,3.526499e-02,3.467364e-02,1.860522e-03,5.589118e-03,1.909025e-01,5.788480e-02,4.686217e-02,2.668172e-02,9.444689e-02,1.078214e-01,2.490971e-01
4.566025e-02,6.001513e-02,2.800109e-02,2.614626e-02,2.847118e-02,3.426541e-02,1.561629e-03,5.201078e-03,2.574810e-01,6.379208e-02,6.563405e-02,2.479814e-02,7.552905e-02,8.336619e-02,2.000774e-01
4.244335e-02,4.688495e-02,7.608154e-02,6.915027e-02,3.194391e-02,3.083045e-02,1.338750e-03,1.433217e-02,2.284164e-01,5.155652e-02,8.409616e-02,1.914326e-02,6.271270e-02,6.164023e-02,1.794293e-01
8.208587e-02,5.206488e-02,1.171508e-01,6.894714e-02,3.249495e-02,3.886555e-02,1.304329e-03,1.119396e-02,2.046579e-01,4.641826e-02,6.895763e-02,1.829036e-02,4.615945e-02,5.386244e-02,1.575465e-01
1.126229e-01,4.643110e-02,1.090919e-01,6.362846e-02,3.596060e-02,4.992384e-02,1.169608e-03,8.760842e-03,1.847711e-01,4.953606e-02,5.555828e-02,1.702865e-02,3.436705e-02,5.360971e-02,1.775399e-01
8.076090e-02,3.826391e-02,8.048968e-02,4.598135e-02,2.551734e-02,6.426679e-02,8.459847e-04,6.173034e-03,1.584637e-01,4.935155e-02,3.996849e-02,1.251848e-02,2.515266e-02,4.605384e-02,3.261922e-01
5.758377e-02,4.823007e-02,5.979390e-02,3.945332e-02,1.834225e-02,4.683619e-02,6.118344e-04,4.398976e-03,1.901596e-01,5.304241e-02,2.879089e-02,8.948707e-03,1.849649e-02,3.282301e-02,3.924886e-01
4.349356e-02,5.913564e-02,5.074037e-02,3.761491e-02,1.397181e-02,4.555848e-02,6.580391e-04,3.229438e-03,1.710889e-01,5.320094e-02,2.313203e-02,7.199387e-03,4.420141e-02,2.540079e-02,4.213743e-01
3.517630e-02,1.350902e-01,4.398400e-02,4.641046e-02,1.193431e-02,3.704267e-02,1.109287e-03,2.683580e-03,1.905245e-01,4.451638e-02,1.947533e-02,6.962439e-03,7.764689e-02,2.051012e-02,3.269334e-01
3.090851e-02,1.139170e-01,3.597298e-02,4.259916e-02,1.138249e-02,4.587150e-02,1.430807e-03,2.683500e-03,1.947041e-01,3.461189e-02,3.756135e-02,1.304665e-02,1.453065e-01,2.256449e-02,2.674391e-01
3.291190e-02,1.577417e-01,3.019903e-02,5.060168e-02,8.999751e-03,4.849360e-02,1.357559e-03,2.120604e-03,2.193666e-01,2.620436e-02,2.973050e-02,1.407496e-02,1.362680e-01,2.132237e-02,2.206073e-01
2.923513e-02,1.991194e-01,2.527501e-02,4.078082e-02,6.963925e-03,5.536737e-02,1.447062e-03,2.179055e-03,1.923290e-01,2.259841e-02,3.637635e-02,2.977048e-02,1.232227e-01,4.878941e-02,1.865459e-01
2.893485e-02,1.713827e-01,2.069139e-02,3.389190e-02,7.154195e-03,8.663934e-02,2.857239e-03,4.725058e-03,1.749593e-01,2.216708e-02,4.496580e-02,3.431738e-02,1.702911e-01,4.804659e-02,1.489759e-01
7.577790e-02,1.299235e-01,1.710787e-02,2.601034e-02,8.697055e-03,7.934100e-02,5.131039e-03,8.387065e-03,1.597925e-01,1.732627e-02,3.556635e-02,2.835754e-02,2.274753e-01,4.082103e-02,1.402851e-01
7.172231e-02,1.095808e-01,2.021767e-02,2.736211e-02,1.051549e-02,7.739681e-02,7.201853e-03,7.493211e-03,1.801152e-01,2.348386e-02,3.077808e-02,2.363984e-02,2.157749e-01,3.946748e-02,1.552504e-01
6.379118e-02,8.926407e-02,1.576372e-02,3.304997e-02,1.684640e-02,7.943743e-02,7.043722e-03,6.302832e-03,1.465435e-01,3.950176e-02,5.715736e-02,2.076833e-02,1.937996e-01,4.485357e-02,1.858765e-01
5.166458e-02,6.594319e-02,1.256134e-02,2.682485e-02,1.563470e-02,6.962311e-02,5.328389e-03,4.538231e-03,1.107735e-01,5.794095e-02,9.107639e-02,1.748072e-02,1.547871e-01,7.669064e-02,2.391323e-01
4.108827e-02,4.727024e-02,9.008680e-03,1.999847e-02,1.241276e-02,5.484873e-02,3.869884e-03,3.259357e-03,8.522596e-02,4.618931e-02,8.170004e-02,1.402558e-02,1.216335e-01,1.909868e-01,2.684825e-01
2.951853e-02,3.361273e-02,7.639978e-03,1.515091e-02,1.273472e-02,4.328073e-02,2.982477e-03,2.869090e-03,7.138868e-02,3.638449e-02,8.009864e-02,1.070007e-02,9.217083e-02,1.658789e-01,3.955893e-01
2.131965e-02,2.400829e-02,6.370874e-03,1.131967e-02,1.201214e-02,4.276168e-02,2.274856e-03,2.078177e-03,5.492277e-02,2.863442e-02,9.059513e-02,8.319355e-03,6.869584e-02,1.763497e-01,4.503375e-01
1.529887e-02,1.761273e-02,5.059404e-03,9.488161e-03,1.026484e-02,3.198801e-02,1.623799e-03,1.573215e-03,6.103964e-02,2.613888e-02,1.764620e-01,7.325287e-03,5.567403e-02,2.381882e-01,3.422629e-01
1.444799e-02,1.383114e-02,5.245030e-03,1.477585e-02,8.728173e-03,2.439172e-02,1.375812e-03,1.934613e-03,7.970765e-02,3.956933e-02,1.529934e-01,8.471107e-03,4.358198e-02,2.739132e-01,3.170330e-01
1.126422e-02,1.075958e-02,5.034081e-03,1.299354e-02,1.080012e-02,1.878221e-02,1.098539e-03,1.756998e-03,1.515905e-01,3.241634e-02,1.275725e-01,8.905370e-03,3.834406e-02,2.719769e-01,2.967051e-01
1.698701e-02,9.375426e-03,4.068112e-03,1.134439e-02,9.449610e-03,1.888581e-02,1.008051e-03,1.804772e-03,2.125548e-01,2.868864e-02,1.100584e-01,7.526575e-03,2.928558e-02,3.078231e-01,2.311397e-01
1.501671e-02,7.163455e-03,3.729795e-03,9.682648e-03,7.521314e-03,1.783797e-02,7.762135e-04,2.453793e-03,2.344553e-01,2.540634e-02,9.987751e-02,6.360710e-03,2.290739e-02,3.778591e-01,1.689517e-01
1.520074e-02,7.787318e-03,7.236918e-03,1.083428e-02,7.375837e-03,1.377183e-02,6.115622e-04,3.086591e-03,3.333303e-01,2.019962e-02,8.848434e-02,5.302152e-03,1.761300e-02,3.480750e-01,1.210905e-01
1.420204e-02,6.506327e-03,1.426850e-02,1.243559e-02,7.074872e-03,1.212727e-02,4.668999e-04,7.165866e-03,4.382599e-01,1.492620e-02,7.089644e-02,3.968588e-03,1.390198e-02,2.969532e-01,8.684642e-02
1.390992e-02,6.159351e-03,1.827715e-02,1.075937e-02,7.939870e-03,1.138643e-02,3.540167e-04,6.314285e-03,5.101632e-01,1.109622e-02,5.861104e-02,2.918960e-03,1.047822e-02,2.691387e-01,6.249325e-02
1.356494e-02,5.370709e-03,1.576979e-02,7.792545e-03,6.885250e-03,1.151876e-02,2.662653e-04,5.145032e-03,5.210634e-01,8.340591e-03,4.393650e-02,2.151882e-03,7.534214e-03,3.051251e-01,4.553501e-02
1.114512e-02,5.322691e-03,1.366353e-02,5.816265e-03,5.593386e-03,9.905404e-03,2.014702e-04,4.606975e-03,5.415719e-01,6.464637e-03,3.352684e-02,1.628049e-03,5.467352e-03,3.225025e-01,3.258392e-02
9.093139e-03,4.887955e-03,1.260561e-02,4.280400e-03,5.146908e-03,1.438768e-02,1.925153e-04,4.319816e-03,5.428049e-01,4.865918e-03,2.498744e-02,1.166232e-03,3.871155e-03,3.423303e-01,2.506006e-02
1.341899e-02,4.205507e-03,2.255606e-02,6.477513e-03,7.350615e-03,2.879926e-02,4.486893e-04,7.602851e-03,5.452665e-01,3.800629e-03,1.847134e-02,9.329455e-04,2.792171e-03,3.186159e-01,1.926108e-02
2.016618e-02,4.289149e-03,3.784229e-02,6.508452e-03,1.434371e-02,3.213728e-02,4.773650e-04,8.654389e-03,5.619748e-01,3.380950e-03,1.396555e-02,7.055107e-04,2.035927e-03,2.793415e-01,1.417699e-02
2.837868e-02,5.933048e-03,3.343267e-02,5.388729e-03,1.586902e-02,2.632399e-02,4.321474e-04,1.480627e-02,5.940807e-01,3.822079e-03,1.111906e-02,6.287508e-04,1.552358e-03,2.470599e-01,1.117257e-02
4.588530e-02,8.523888e-03,4.626509e-02,8.182134e-03,2.417951e-02,2.362902e-02,4.929535e-04,2.615418e-02,6.002156e-01,4.696380e-03,8.759915e-03,6.605186e-04,1.266899e-03,1.879494e-01,1.313916e-02
7.218291e-02,9.421722e-03,7.336780e-02,2.532001e-02,3.092110e-02,2.478848e-02,4.963973e-04,2.913669e-02,5.450385e-01,6.908679e-03,1.097402e-02,3.859724e-03,4.470342e-03,1.386486e-01,2.446503e-02
6.230026e-02,1.357757e-02,9.334612e-02,6.564555e-02,5.747502e-02,1.961903e-02,5.535157e-04,8.227234e-02,4.387809e-01,9.724312e-03,1.471343e-02,5.423685e-03,5.595509e-03,1.041041e-01,2.686871e-02
6.948259e-02,2.074188e-02,9.075662e-02,7.088280e-02,6.679019e-02,2.079035e-02,5.291816e-04,1.007634e-01,3.903934e-01,1.270787e-02,1.524351e-02,6.907019e-03,6.784633e-03,8.497114e-02,4.225545e-02
7.259329e-02,2.298150e-02,7.631396e-02,7.246769e-02,8.069623e-02,3.000727e-02,1.102593e-03,1.229429e-01,3.708428e-01,1.165210e-02,1.202444e-02,6.506426e-03,8.987378e-03,6.733411e-02,4.354736e-02
7.855499e-02,1.977958e-02,7.473033e-02,9.056080e-02,1.510840e-01,4.273357e-02,2.086154e-03,1.117254e-01,3.068433e-01,9.415030e-03,9.979753e-03,5.095600e-03,8.072501e-03,5.430858e-02,3.503045e-02
6.934530e-02,1.830094e-02,8.852218e-02,2.037197e-01,1.571291e-01,3.344261e-02,2.789876e-03,1.079748e-01,2.266285e-01,7.281847e-03,8.182139e-03,4.112419e-03,6.549136e-03,3.876152e-02,2.726000e-02
1.068945e-01,1.922239e-02,1.615077e-01,1.519796e-01,1.881033e-01,3.765344e-02,2.932270e-03,8.526865e-02,1.720234e-01,5.933771e-03,6.407039e-03,3.086445e-03,5.421419e-03,2.980509e-02,2.376096e-02
1.123662e-01,2.637994e-02,1.510796e-01,1.427356e-01,2.235223e-01,6.523186e-02,5.598444e-03,8.060133e-02,1.284845e-01,5.010144e-03,5.646518e-03,2.581596e-03,4.865260e-03,2.264911e-02,2.324770e-02
1.148644e-01,3.631540e-02,1.105483e-01,1.196824e-01,2.898197e-01,9.227474e-02,8.061564e-03,6.443401e-02,1.043759e-01,5.401282e-03,4.963410e-03,2.236578e-03,4.783188e-03,1.731023e-02,2.492887e-02
1.102370e-01,4.468051e-02,8.973806e-02,1.042760e-01,3.108401e-01,1.101787e-01,1.249219e-02,7.114895e-02,9.187177e-02,5.335833e-03,4.294932e-03,2.316557e-03,5.982307e-03,1.350260e-02,2.310443e-02
1.659333e-01,6.158321e-02,7.085119e-02,8.821498e-02,3.006104e-01,1.032996e-01,1.300272e-02,5.966845e-02,8.010671e-02,5.134083e-03,4.711163e-03,3.482842e-03,6.396199e-03,1.306567e-02,2.393958e-02
1.404817e-01,1.100213e-01,7.726437e-02,1.550067e-01,2.303525e-01,8.531903e-02,1.198977e-02,4.316483e-02,5.938885e-02,6.205969e-03,4.915594e-03,6.232890e-03,5.940366e-03,9.861934e-03,5.385426e-02
2.431663e-01,9.963499e-02,6.476515e-02,1.237582e-01,2.005458e-01,7.897040e-02,1.202245e-02,3.857827e-02,4.814652e-02,7.637375e-03,5.903024e-03,7.552604e-03,6.219573e-03,9.173753e-03,5.392566e-02
3.847018e-01,8.121029e-02,4.783197e-02,9.454932e-02,1.582608e-01,5.950419e-02,9.986273e-03,3.013698e-02,4.001247e-02,7.761514e-03,7.949580e-03,1.155110e-02,7.269129e-03,1.009862e-02,4.917591e-02
4.865431e-01,6.582328e-02,3.585200e-02,7.436568e-02,1.205561e-01,4.610743e-02,8.775963e-03,2.702561e-02,3.604213e-02,7.334488e-03,9.828145e-03,1.329597e-02,8.760027e-03,1.287707e-02,4.681301e-02
1.000000e+00,0.000000e+00,0.000000e+00,0.000000e+00,0.000000e+00,0.000000e+00,0.000000e+00,0.000000e+00,0.000000e+00,0.000000e+00,0.000000e+00,0.000000e+00,0.000000e+00,0.000000e+00,0.000000e+00
1.000000e+00,0.000000e+00,0.000000e+00,0.000000e+00,0.000000e+00,0.000000e+00,0.000000e+00,0.000000e+00,0.000000e+00,0.000000e+00,0.000000e+00,0.000000e+00,0.000000e+00,0.000000e+00,0.000000e+00
1.000000e+00,0.000000e+00,0.000000e+00,0.000000e+00,0.000000e+00,0.000000e+00,0.000000e+00,0.000000e+00,0.000000e+00,0.000000e+00,0.000000e+00,0.000000e+00,0.000000e+00,0.000000e+00,0.000000e+00
1.000000e+00,0.000000e+00,0.000000e+00,0.000000e+00,0.000000e+00,0.000000e+00,0.000000e+00,0.000000e+00,0.000000e+00,0.000000e+00,0.000000e+00,0.000000e+00,0.000000e+00,0.000000e+00,0.000000e+00
1.000000e+00,0.000000e+00,0.000000e+00,0.000000e+00,0.000000e+00,0.000000e+00,0.000000e+00,0.000000e+00,0.000000e+00,0.000000e+00,0.000000e+00,0.000000e+00,0.000000e+00,0.000000e+00,0.000000e+00
1.000000e+00,0.000000e+00,0.000000e+00,0.000000e+00,0.000000e+00,0.000000e+00,0.000000e+00,0.000000e+00,0.000000e+00,0.000000e+00,0.000000e+00,0.000000e+00,0.000000e+00,0.000000e+00,0.000000e+00
4.713704e-01,7.408098e-02,4.891189e-02,1.615842e-01,2.064317e-02,1.789586e-02,3.897885e-03,7.899256e-03,5.897213e-02,1.248647e-02,8.509617e-03,1.012167e-02,3.099453e-02,7.133619e-03,6.549828e-02
1.000000e+00,0.000000e+00,0.000000e+00,0.000000e+00,0.000000e+00,0.000000e+00,0.000000e+00,0.000000e+00,0.000000e+00,0.000000e+00,0.000000e+00,0.000000e+00,0.000000e+00,0.000000e+00,0.000000e+00
4.715051e-01,4.889224e-02,3.324707e-02,1.432365e-01,1.469567e-02,2.919912e-02,4.037854e-03,6.298325e-03,4.750434e-02,8.839166e-03,1.345169e-02,1.138463e-02,1.068319e-01,5.412012e-03,5.546447e-02
4.705578e-01,4.038493e-02,2.385157e-02,1.287860e-01,1.157624e-02,2.841328e-02,3.407758e-03,5.091032e-03,4.105167e-02,7.298049e-03,1.172680e-02,8.957372e-03,1.697375e-01,4.127901e-03,4.503223e-02
4.049569e-01,5.225910e-02,1.988547e-02,2.021293e-01,1.141170e-02,2.306400e-02,3.853605e-03,6.142667e-03,6.476309e-02,8.645514e-03,1.167755e-02,1.168093e-02,1.294482e-01,5.849111e-03,4.423295e-02
4.769848e-01,4.105730e-02,1.462894e-02,1.594699e-01,1.059850e-02,2.264234e-02,3.612705e-03,5.516210e-03,5.021031e-02,6.719458e-03,1.150928e-02,1.614748e-02,1.285859e-01,6.376989e-03,4.593987e-02
1.000000e+00,0.000000e+00,0.000000e+00,0.000000e+00,0.000000e+00,0.000000e+00,0.000000e+00,0.000000e+00,0.000000e+00,0.000000e+00,0.000000e+00,0.000000e+00,0.000000e+00,0.000000e+00,0.000000e+00
1.000000e+00,0.000000e+00,0.000000e+00,0.000000e+00,0.000000e+00,0.000000e+00,0.000000e+00,0.000000e+00,0.000000e+00,0.000000e+00,0.000000e+00,0.000000e+00,0.000000e+00,0.000000e+00,0.000000e+00
1.000000e+00,0.000000e+00,0.000000e+00,0.000000e+00,0.000000e+00,0.000000e+00,0.000000e+00,0.000000e+00,0.000000e+00,0.000000e+00,0.000000e+00,0.000000e+00,0.000000e+00,0.000000e+00,0.000000e+00
1.000000e+00,0.000000e+00,0.000000e+00,0.000000e+00,0.000000e+00,0.000000e+00,0.000000e+00,0.000000e+00,0.000000e+00,0.000000e+00,0.000000e+00,0.000000e+00,0.000000e+00,0.000000e+00,0.000000e+00
4.976052e-01,3.736068e-02,1.186969e-01,1.280856e-01,1.724572e-02,2.210305e-02,4.616156e-03,6.816475e-03,2.311572e-02,7.525488e-03,1.463074e-02,2.612446e-02,4.243889e-02,7.921685e-03,4.571324e-02
1.000000e+00,0.000000e+00,0.000000e+00,0.000000e+00,0.000000e+00,0.000000e+00,0.000000e+00,0.000000e+00,0.000000e+00,0.000000e+00,0.000000e+00,0.000000e+00,0.000000e+00,0.000000e+00,0.000000e+00
4.222536e-01,2.972839e-02,2.533457e-01,1.249192e-01,1.896191e-02,1.941149e-02,3.755218e-03,9.117401e-03,1.451736e-02,8.155685e-03,1.247705e-02,2.328682e-02,2.542064e-02,5.490637e-03,2.915891e-02
3.718193e-01,2.606351e-02,3.295811e-01,1.224780e-01,1.566898e-02,1.895941e-02,2.942828e-03,7.742629e-03,1.141398e-02,8.501784e-03,1.268852e-02,2.507117e-02,1.925217e-02,4.220666e-03,2.359586e-02
4.576465e-01,2.438473e-02,2.672966e-01,9.503438e-02,1.376595e-02,2.685266e-02,3.433903e-03,8.112392e-03,1.042103e-02,9.222532e-03,1.258425e-02,2.634795e-02,1.742574e-02,4.659267e-03,2.281208e-02
4.366592e-01,2.163122e-02,1.940905e-01,8.605678e-02,1.269466e-02,5.271038e-02,3.157823e-03,6.826476e-03,1.233194e-02,8.703742e-03,2.216243e-02,8.646509e-02,2.264061e-02,5.004529e-03,2.886462e-02
3.234013e-01,1.639626e-02,1.386437e-01,6.840678e-02,9.777130e-03,6.700195e-02,2.371566e-03,5.024347e-03,1.178317e-02,6.631459e-03,2.531996e-02,2.748636e-01,2.213835e-02,4.593847e-03,2.364657e-02
2.283195e-01,1.208421e-02,9.884647e-02,5.174745e-02,6.983187e-03,6.379179e-02,1.684378e-03,3.582380e-03,9.774005e-03,4.863253e-03,3.989743e-02,4.412967e-01,1.616323e-02,3.491431e-03,1.747455e-02
1.626281e-01,9.419707e-03,7.021084e-02,3.883957e-02,5.123215e-03,6.398571e-02,1.211972e-03,2.553557e-03,1.065742e-02,3.611861e-03,6.437873e-02,5.402273e-01,1.181020e-02,2.589405e-03,1.275239e-02
1.173282e-01,8.625409e-03,5.070219e-02,2.902539e-02,6.482107e-03,4.915435e-02,9.671347e-04,3.376944e-03,2.672804e-02,3.112372e-03,1.267244e-01,5.556801e-01,1.055839e-02,2.166460e-03,9.368549e-03
9.998962e-02,1.174062e-02,4.313071e-02,2.445077e-02,1.401276e-02,5.560458e-02,1.058727e-03,1.418276e-02,2.314649e-02,4.043360e-03,1.320831e-01,5.562758e-01,1.003848e-02,2.959716e-03,7.282473e-03
8.502501e-02,1.209555e-02,3.507097e-02,1.874678e-02,1.245307e-02,9.125027e-02,9.394540e-04,1.236872e-02,1.907845e-02,3.629794e-03,1.742148e-01,5.186753e-01,8.020898e-03,2.584217e-03,5.846788e-03
6.002912e-02,8.667790e-03,2.498071e-02,1.325472e-02,8.796141e-03,2.628150e-01,7.043746e-04,8.874860e-03,1.349438e-02,2.620799e-03,1.878954e-01,3.957450e-01,5.697044e-03,2.134614e-03,4.290003e-03
4.227366e-02,6.180760e-03,1.768305e-02,9.353028e-03,6.262261e-03,3.251455e-01,5.676920e-04,6.277238e-03,9.584137e-03,1.941208e-03,2.246630e-01,3.410113e-01,4.074406e-03,1.810255e-03,3.172536e-03
2.970163e-02,4.790359e-03,1.354220e-02,6.647545e-03,4.901588e-03,2.374037e-01,4.709939e-04,4.464308e-03,7.083283e-03,1.539705e-03,3.547572e-01,3.263136e-01,2.928815e-03,1.809627e-03,3.645486e-03
2.093606e-02,3.414390e-03,9.785543e-03,4.731826e-03,3.643640e-03,1.686963e-01,3.997873e-04,3.313760e-03,5.997509e-03,1.373345e-03,5.022024e-01,2.677811e-01,2.116582e-03,2.920127e-03,2.687642e-03
1.473732e-02,2.437286e-03,7.234286e-03,3.469057e-03,2.859978e-03,1.195531e-01,3.413538e-04,2.558164e-03,6.171211e-03,1.190139e-03,5.943380e-01,2.376487e-01,1.521157e-03,3.956741e-03,1.983503e-03
1.053515e-02,1.738381e-03,5.199581e-03,2.587693e-03,2.096364e-03,8.463395e-02,2.562019e-04,1.968412e-03,7.629626e-03,1.000433e-03,6.889908e-01,1.855494e-01,1.107463e-03,5.226663e-03,1.479922e-03
7.467154e-03,1.237898e-03,3.736090e-03,1.943737e-03,1.517419e-03,5.962961e-02,1.842945e-04,1.467363e-03,8.850939e-03,7.580778e-04,7.668858e-01,1.395729e-01,7.993044e-04,4.883467e-03,1.065956e-03
5.274304e-03,8.737413e-04,2.681952e-03,1.528026e-03,1.306536e-03,4.225305e-02,1.438418e-04,1.168005e-03,1.100036e-02,9.940031e-04,8.266205e-01,1.004831e-01,5.677434e-04,4.344598e-03,7.602856e-04
3.714605e-03,6.263211e-04,1.957179e-03,1.234997e-03,9.975288e-04,2.988519e-02,1.134567e-04,9.737007e-04,2.447403e-02,8.909975e-04,8.560041e-01,7.418065e-02,4.206462e-04,3.990258e-03,5.363533e-04
2.691600e-03,4.643013e-04,1.540307e-03,1.340380e-03,8.816359e-04,2.164672e-02,9.591661e-05,1.174773e-03,3.807773e-02,8.591895e-04,8.727309e-01,5.464974e-02,3.189446e-04,3.144567e-03,3.833455e-04
2.234424e-03,3.868981e-04,1.642945e-03,1.760524e-03,8.543259e-04,1.799489e-02,7.659030e-05,1.768686e-03,5.287151e-02,2.202131e-03,8.683022e-01,4.422601e-02,3.076080e-04,5.074942e-03,2.963860e-04
1.862873e-03,3.235943e-04,1.663093e-03,2.338341e-03,6.797850e-04,1.369925e-02,5.841472e-05,1.770393e-03,6.143472e-02,2.276761e-03,8.595412e-01,3.849429e-02,2.690948e-04,1.536525e-02,2.229837e-04
1.694849e-03,6.118959e-04,2.002366e-03,2.547279e-03,5.658704e-04,1.136369e-02,4.836962e-05,1.820336e-03,9.872121e-02,1.900293e-03,8.022766e-01,3.596064e-02,2.222490e-04,4.004428e-02,2.200588e-04
1.912997e-03,1.344047e-02,2.217485e-03,2.118639e-03,6.005798e-04,1.544695e-02,6.438660e-05,1.935133e-03,2.299763e-01,1.929437e-03,6.615214e-01,2.560433e-02,2.167088e-04,4.243762e-02,5.774400e-04
2.952517e-03,1.095773e-02,2.140102e-03,2.551219e-03,7.079495e-04,1.623156e-02,9.618636e-05,4.485082e-03,3.819751e-01,1.801190e-03,5.210436e-01,1.817426e-02,1.814137e-04,3.585562e-02,8.464494e-04
6.189228e-03,9.283551e-03,5.642926e-03,4.463214e-03,1.077236e-03,1.798414e-02,1.051253e-04,4.098352e-03,5.000370e-01,2.737470e-03,3.812838e-01,1.292856e-02,1.731391e-04,5.242813e-02,1.568065e-03
7.783839e-03,8.569504e-03,6.003366e-03,4.332198e-03,1.219350e-03,1.584201e-02,8.809038e-05,4.281738e-03,5.666719e-01,4.119265e-03,2.975903e-01,9.187477e-03,1.639174e-04,7.159223e-02,2.554749e-03
