1.000000e+00,0.000000e+00,0.000000e+00,0.000000e+00,0.000000e+00,0.000000e+00,0.000000e+00,0.000000e+00,0.000000e+00,0.000000e+00,0.000000e+00,0.000000e+00,0.000000e+00,0.000000e+00,0.000000e+00
1.000000e+00,0.000000e+00,0.000000e+00,0.000000e+00,0.000000e+00,0.000000e+00,0.000000e+00,0.000000e+00,0.000000e+00,0.000000e+00,0.000000e+00,0.000000e+00,0.000000e+00,0.000000e+00,0.000000e+00
1.000000e+00,0.000000e+00,0.000000e+00,0.000000e+00,0.000000e+00,0.000000e+00,0.000000e+00,0.000000e+00,0.000000e+00,0.000000e+00,0.000000e+00,0.000000e+00,0.000000e+00,0.000000e+00,0.000000e+00
1.000000e+00,0.000000e+00,0.000000e+00,0.000000e+00,0.000000e+00,0.000000e+00,0.000000e+00,0.000000e+00,0.000000e+00,0.000000e+00,0.000000e+00,0.000000e+00,0.000000e+00,0.000000e+00,0.000000e+00
1.000000e+00,0.000000e+00,0.000000e+00,0.000000e+00,0.000000e+00,0.000000e+00,0.000000e+00,0.000000e+00,0.000000e+00,0.000000e+00,0.000000e+00,0.000000e+00,0.000000e+00,0.000000e+00,0.000000e+00
1.000000e+00,0.000000e+00,0.000000e+00,0.000000e+00,0.000000e+00,0.000000e+00,0.000000e+00,0.000000e+00,0.000000e+00,0.000000e+00,0.000000e+00,0.000000e+00,0.000000e+00,0.000000e+00,0.000000e+00
1.000000e+00,0.000000e+00,0.000000e+00,0.000000e+00,0.000000e+00,0.000000e+00,0.000000e+00,0.000000e+00,0.000000e+00,0.000000e+00,0.000000e+00,0.000000e+00,0.000000e+00,0.000000e+00,0.000000e+00
1.000000e+00,0.000000e+00,0.000000e+00,0.000000e+00,0.000000e+00,0.000000e+00,0.000000e+00,0.000000e+00,0.000000e+00,0.000000e+00,0.000000e+00,0.000000e+00,0.000000e+00,0.000000e+00,0.000000e+00
1.000000e+00,0.000000e+00,0.000000e+00,0.000000e+00,0.000000e+00,0.000000e+00,0.000000e+00,0.000000e+00,0.000000e+00,0.000000e+00,0.000000e+00,0.000000e+00,0.000000e+00,0.000000e+00,0.000000e+00
1.000000e+00,0.000000e+00,0.000000e+00,0.000000e+00,0.000000e+00,0.000000e+00,0.000000e+00,0.000000e+00,0.000000e+00,0.000000e+00,0.000000e+00,0.000000e+00,0.000000e+00,0.000000e+00,0.000000e+00
1.000000e+00,0.000000e+00,0.000000e+00,0.000000e+00,0.000000e+00,0.000000e+00,0.000000e+00,0.000000e+00,0.000000e+00,0.000000e+00,0.000000e+00,0.000000e+00,0.000000e+00,0.000000e+00,0.000000e+00
1.000000e+00,0.000000e+00,0.000000e+00,0.000000e+00,0.000000e+00,0.000000e+00,0.000000e+00,0.000000e+00,0.000000e+00,0.000000e+00,0.000000e+00,0.000000e+00,0.000000e+00,0.000000e+00,0.000000e+00
1.000000e+00,0.000000e+00,0.000000e+00,0.000000e+00,0.000000e+00,0.000000e+00,0.000000e+00,0.000000e+00,0.000000e+00,0.000000e+00,0.000000e+00,0.000000e+00,0.000000e+00,0.000000e+00,0.000000e+00
1.000000e+00,0.000000e+00,0.000000e+00,0.000000e+00,0.000000e+00,0.000000e+00,0.000000e+00,0.000000e+00,0.000000e+00,0.000000e+00,0.000000e+00,0.000000e+00,0.000000e+00,0.000000e+00,0.000000e+00
1.000000e+00,0.000000e+00,0.000000e+00,0.000000e+00,0.000000e+00,0.000000e+00,0.000000e+00,0.000000e+00,0.000000e+00,0.000000e+00,0.000000e+00,0.000000e+00,0.000000e+00,0.000000e+00,0.000000e+00
1.000000e+00,0.000000e+00,0.000000e+00,0.000000e+00,0.000000e+00,0.000000e+00,0.000000e+00,0.000000e+00,0.000000e+00,0.000000e+00,0.000000e+00,0.000000e+00,0.000000e+00,0.000000e+00,0.000000e+00
1.000000e+00,0.000000e+00,0.000000e+00,0.000000e+00,0.000000e+00,0.000000e+00,0.000000e+00,0.000000e+00,0.000000e+00,0.000000e+00,0.000000e+00,0.000000e+00,0.000000e+00,0.000000e+00,0.000000e+00
1.000000e+00,0.000000e+00,0.000000e+00,0.000000e+00,0.000000e+00,0.000000e+00,0.000000e+00,0.000000e+00,0.000000e+00,0.000000e+00,0.000000e+00,0.000000e+00,0.000000e+00,0.000000e+00,0.000000e+00
1.000000e+00,0.000000e+00,0.000000e+00,0.000000e+00,0.000000e+00,0.000000e+00,0.000000e+00,0.000000e+00,0.000000e+00,0.000000e+00,0.000000e+00,0.000000e+00,0.000000e+00,0.000000e+00,0.000000e+00
1.000000e+00,0.000000e+00,0.000000e+00,0.000000e+00,0.000000e+00,0.000000e+00,0.000000e+00,0.000000e+00,0.000000e+00,0.000000e+00,0.000000e+00,0.000000e+00,0.000000e+00,0.000000e+00,0.000000e+00
1.000000e+00,0.000000e+00,0.000000e+00,0.000000e+00,0.000000e+00,0.000000e+00,0.000000e+00,0.000000e+00,0.000000e+00,0.000000e+00,0.000000e+00,0.000000e+00,0.000000e+00,0.000000e+00,0.000000e+00
1.000000e+00,0.000000e+00,0.000000e+00,0.000000e+00,0.000000e+00,0.000000e+00,0.000000e+00,0.000000e+00,0.000000e+00,0.000000e+00,0.000000e+00,0.000000e+00,0.000000e+00,0.000000e+00,0.000000e+00
1.000000e+00,0.000000e+00,0.000000e+00,0.000000e+00,0.000000e+00,0.000000e+00,0.000000e+00,0.000000e+00,0.000000e+00,0.000000e+00,0.000000e+00,0.000000e+00,0.000000e+00,0.000000e+00,0.000000e+00
1.000000e+00,0.000000e+00,0.000000e+00,0.000000e+00,0.000000e+00,0.000000e+00,0.000000e+00,0.000000e+00,0.000000e+00,0.000000e+00,0.000000e+00,0.000000e+00,0.000000e+00,0.000000e+00,0.000000e+00
1.000000e+00,0.000000e+00,0.000000e+00,0.000000e+00,0.000000e+00,0.000000e+00,0.000000e+00,0.000000e+00,0.000000e+00,0.000000e+00,0.000000e+00,0.000000e+00,0.000000e+00,0.000000e+00,0.000000e+00
1.000000e+00,0.000000e+00,0.000000e+00,0.000000e+00,0.000000e+00,0.000000e+00,0.000000e+00,0.000000e+00,0.000000e+00,0.000000e+00,0.000000e+00,0.000000e+00,0.000000e+00,0.000000e+00,0.000000e+00
1.000000e+00,0.000000e+00,0.000000e+00,0.000000e+00,0.000000e+00,0.000000e+00,0.000000e+00,0.000000e+00,0.000000e+00,0.000000e+00,0.000000e+00,0.000000e+00,0.000000e+00,0.000000e+00,0.000000e+00
1.000000e+00,0.000000e+00,0.000000e+00,0.000000e+00,0.000000e+00,0.000000e+00,0.000000e+00,0.000000e+00,0.000000e+00,0.000000e+00,0.000000e+00,0.000000e+00,0.000000e+00,0.000000e+00,0.000000e+00
1.000000e+00,0.000000e+00,0.000000e+00,0.000000e+00,0.000000e+00,0.000000e+00,0.000000e+00,0.000000e+00,0.000000e+00,0.000000e+00,0.000000e+00,0.000000e+00,0.000000e+00,0.000000e+00,0.000000e+00
1.000000e+00,0.000000e+00,0.000000e+00,0.000000e+00,0.000000e+00,0.000000e+00,0.000000e+00,0.000000e+00,0.000000e+00,0.000000e+00,0.000000e+00,0.000000e+00,0.000000e+00,0.000000e+00,0.000000e+00
1.000000e+00,0.000000e+00,0.000000e+00,0.000000e+00,0.000000e+00,0.000000e+00,0.000000e+00,0.000000e+00,0.000000e+00,0.000000e+00,0.000000e+00,0.000000e+00,0.000000e+00,0.000000e+00,0.000000e+00
1.000000e+00,0.000000e+00,0.000000e+00,0.000000e+00,0.000000e+00,0.000000e+00,0.000000e+00,0.000000e+00,0.000000e+00,0.000000e+00,0.000000e+00,0.000000e+00,0.000000e+00,0.000000e+00,0.000000e+00
1.000000e+00,0.000000e+00,0.000000e+00,0.000000e+00,0.000000e+00,0.000000e+00,0.000000e+00,0.000000e+00,0.000000e+00,0.000000e+00,0.000000e+00,0.000000e+00,0.000000e+00,0.000000e+00,0.000000e+00
1.000000e+00,0.000000e+00,0.000000e+00,0.000000e+00,0.000000e+00,0.000000e+00,0.000000e+00,0.000000e+00,0.000000e+00,0.000000e+00,0.000000e+00,0.000000e+00,0.000000e+00,0.000000e+00,0.000000e+00
1.000000e+00,0.000000e+00,0.000000e+00,0.000000e+00,0.000000e+00,0.000000e+00,0.000000e+00,0.000000e+00,0.000000e+00,0.000000e+00,0.000000e+00,0.000000e+00,0.000000e+00,0.000000e+00,0.000000e+00
1.000000e+00,0.000000e+00,0.000000e+00,0.000000e+00,0.000000e+00,0.000000e+00,0.000000e+00,0.000000e+00,0.000000e+00,0.000000e+00,0.000000e+00,0.000000e+00,0.000000e+00,0.000000e+00,0.000000e+00
1.000000e+00,0.000000e+00,0.000000e+00,0.000000e+00,0.000000e+00,0.000000e+00,0.000000e+00,0.000000e+00,0.000000e+00,0.000000e+00,0.000000e+00,0.000000e+00,0.000000e+00,0.000000e+00,0.000000e+00
1.000000e+00,0.000000e+00,0.000000e+00,0.000000e+00,0.000000e+00,0.000000e+00,0.000000e+00,0.000000e+00,0.000000e+00,0.000000e+00,0.000000e+00,0.000000e+00,0.000000e+00,0.000000e+00,0.000000e+00
1.000000e+00,0.000000e+00,0.000000e+00,0.000000e+00,0.000000e+00,0.000000e+00,0.000000e+00,0.000000e+00,0.000000e+00,0.000000e+00,0.000000e+00,0.000000e+00,0.000000e+00,0.000000e+00,0.000000e+00
1.000000e+00,0.000000e+00,0.000000e+00,0.000000e+00,0.000000e+00,0.000000e+00,0.000000e+00,0.000000e+00,0.000000e+00,0.000000e+00,0.000000e+00,0.000000e+00,0.000000e+00,0.000000e+00,0.000000e+00
1.000000e+00,0.000000e+00,0.000000e+00,0.000000e+00,0.000000e+00,0.000000e+00,0.000000e+00,0.000000e+00,0.000000e+00,0.000000e+00,0.000000e+00,0.000000e+00,0.000000e+00,0.000000e+00,0.000000e+00
1.000000e+00,0.000000e+00,0.000000e+00,0.000000e+00,0.000000e+00,0.000000e+00,0.000000e+00,0.000000e+00,0.000000e+00,0.000000e+00,0.000000e+00,0.000000e+00,0.000000e+00,0.000000e+00,0.000000e+00
1.000000e+00,0.000000e+00,0.000000e+00,0.000000e+00,0.000000e+00,0.000000e+00,0.000000e+00,0.000000e+00,0.000000e+00,0.000000e+00,0.000000e+00,0.000000e+00,0.000000e+00,0.000000e+00,0.000000e+00
1.000000e+00,0.000000e+00,0.000000e+00,0.000000e+00,0.000000e+00,0.000000e+00,0.000000e+00,0.000000e+00,0.000000e+00,0.000000e+00,0.000000e+00,0.000000e+00,0.000000e+00,0.000000e+00,0.000000e+00
3.891649e-01,5.905781e-02,6.164683e-02,2.245106e-01,1.170781e-02,2.765215e-02,6.588592e-03,5.788665e-02,1.906403e-02,3.827949e-03,3.541083e-02,3.652630e-02,9.200408e-03,6.272072e-03,5.148302e-02
2.871354e-01,5.932213e-02,8.517506e-02,2.882907e-01,1.639918e-02,2.465788e-02,7.049390e-03,6.191770e-02,2.804321e-02,3.985135e-03,3.387682e-02,3.667719e-02,9.533497e-03,8.507960e-03,4.942874e-02
2.334303e-01,6.981649e-02,8.400644e-02,2.908786e-01,2.537203e-02,2.628564e-02,9.357823e-03,5.007570e-02,4.097786e-02,4.859407e-03,4.359591e-02,3.542615e-02,1.145502e-02,1.428120e-02,6.018139e-02
2.201974e-01,8.645085e-02,6.820915e-02,2.622139e-01,2.969489e-02,2.833524e-02,1.053678e-02,4.052975e-02,4.342016e-02,6.862083e-03,4.921167e-02,3.863549e-02,1.467730e-02,2.207109e-02,7.895425e-02
2.124791e-01,9.334588e-02,5.556994e-02,2.465339e-01,3.101228e-02,3.274933e-02,1.114126e-02,3.478362e-02,4.512822e-02,8.039453e-03,5.458477e-02,4.488539e-02,1.907547e-02,2.274572e-02,8.792564e-02
2.231195e-01,9.703234e-02,4.747169e-02,2.303557e-01,3.203902e-02,3.983494e-02,1.072201e-02,2.963640e-02,4.270278e-02,8.070952e-03,4.784711e-02,4.991127e-02,2.444041e-02,2.128386e-02,9.553199e-02
3.016984e-01,8.846765e-02,3.669482e-02,1.928661e-01,2.720170e-02,4.092504e-02,9.535860e-03,2.389746e-02,3.610636e-02,7.685834e-03,4.138343e-02,4.996515e-02,2.858916e-02,2.020185e-02,9.478109e-02
3.452059e-01,8.402903e-02,2.934942e-02,1.643664e-01,2.346379e-02,4.527675e-02,8.479819e-03,1.995881e-02,3.169651e-02,7.305435e-03,3.691736e-02,4.958606e-02,3.298404e-02,2.228216e-02,9.909852e-02
4.272691e-01,7.520855e-02,2.353341e-02,1.352486e-01,1.907943e-02,4.272339e-02,7.464278e-03,1.715454e-02,2.571509e-02,6.471537e-03,3.225908e-02,4.458196e-02,3.236562e-02,2.082878e-02,9.009655e-02
4.992181e-01,6.980738e-02,1.903285e-02,1.123588e-01,1.600513e-02,3.914659e-02,6.591489e-03,1.478810e-02,2.133427e-02,5.718583e-03,2.805724e-02,3.883721e-02,2.988000e-02,1.858695e-02,8.063732e-02
1.000000e+00,0.000000e+00,0.000000e+00,0.000000e+00,0.000000e+00,0.000000e+00,0.000000e+00,0.000000e+00,0.000000e+00,0.000000e+00,0.000000e+00,0.000000e+00,0.000000e+00,0.000000e+00,0.000000e+00
4.321817e-01,7.791166e-02,4.886305e-02,1.603436e-01,1.257404e-02,3.285069e-02,6.157646e-03,2.032628e-02,2.006676e-02,5.441957e-03,2.405082e-02,3.052264e-02,3.042688e-02,1.313777e-02,8.514459e-02
4.947695e-01,6.669667e-02,4.202887e-02,1.387338e-01,1.165752e-02,2.840934e-02,6.002274e-03,1.773740e-02,1.986710e-02,4.986424e-03,2.348855e-02,2.747993e-02,2.857065e-02,1.094678e-02,7.862521e-02
1.000000e+00,0.000000e+00,0.000000e+00,0.000000e+00,0.000000e+00,0.000000e+00,0.000000e+00,0.000000e+00,0.000000e+00,0.000000e+00,0.000000e+00,0.000000e+00,0.000000e+00,0.000000e+00,0.000000e+00
1.000000e+00,0.000000e+00,0.000000e+00,0.000000e+00,0.000000e+00,0.000000e+00,0.000000e+00,0.000000e+00,0.000000e+00,0.000000e+00,0.000000e+00,0.000000e+00,0.000000e+00,0.000000e+00,0.000000e+00
3.838315e-01,4.142161e-02,5.527056e-02,1.684482e-01,9.634833e-02,4.406947e-02,2.188359e-02,9.128541e-02,9.905399e-03,3.133931e-03,1.365143e-02,1.523757e-02,1.475822e-02,5.029039e-03,3.572582e-02
2.733483e-01,3.096341e-02,3.992514e-02,1.187040e-01,2.207551e-01,3.574333e-02,3.579849e-02,1.750043e-01,7.052634e-03,2.502203e-03,9.922458e-03,1.081376e-02,1.062653e-02,3.689235e-03,2.515112e-02
1.919835e-01,2.212734e-02,2.829365e-02,8.597235e-02,1.973689e-01,2.602508e-02,2.062948e-01,1.234633e-01,5.108828e-03,6.250121e-02,1.034562e-02,7.833333e-03,9.319765e-03,2.680785e-03,2.068152e-02
1.345859e-01,1.568639e-02,2.001115e-02,6.064244e-02,1.411378e-01,1.866169e-02,2.167200e-01,8.676499e-02,4.034638e-03,2.402753e-01,1.524179e-02,7.476358e-03,9.521398e-03,2.150661e-03,2.708958e-02
9.510921e-02,1.130459e-02,1.434514e-02,4.318219e-02,1.025076e-01,1.469576e-02,2.199249e-01,6.173588e-02,3.808905e-03,3.126191e-01,2.938662e-02,1.311834e-02,1.624533e-02,2.888848e-03,5.912768e-02
7.857997e-02,8.639485e-03,1.045180e-02,3.084583e-02,7.663327e-02,1.384342e-02,1.863158e-01,4.420015e-02,4.478382e-03,3.396082e-01,3.482844e-02,1.401776e-02,2.476369e-02,1.111020e-02,1.216836e-01
9.068182e-02,7.800009e-03,7.885199e-03,2.261749e-02,5.698777e-02,1.956041e-02,1.378597e-01,3.183749e-02,1.290587e-02,2.725224e-01,3.061368e-02,1.149215e-02,2.538123e-02,2.029452e-02,2.515603e-01
1.216228e-01,7.704528e-03,6.058308e-03,1.678945e-02,4.501618e-02,2.474244e-02,1.014150e-01,2.304211e-02,1.717395e-02,2.137296e-01,2.563816e-02,9.850769e-03,2.509099e-02,2.062683e-02,3.414988e-01
9.238249e-02,7.096711e-03,4.968905e-03,1.334750e-02,3.316757e-02,2.636345e-02,7.468602e-02,1.658420e-02,1.511980e-02,1.744792e-01,3.273354e-02,8.844896e-03,2.447917e-02,4.007916e-02,4.356674e-01
6.573219e-02,6.309655e-03,3.884953e-03,1.066793e-02,2.392623e-02,2.367724e-02,5.279440e-02,1.192220e-02,1.326750e-02,1.374611e-01,3.562846e-02,7.572308e-03,2.334808e-02,6.808067e-02,5.157271e-01
4.693091e-02,7.499655e-03,3.019657e-03,8.007448e-03,1.759399e-02,2.592910e-02,3.723019e-02,8.401884e-03,1.120903e-02,1.095717e-01,3.587174e-02,6.972538e-03,2.056834e-02,7.445163e-02,5.867421e-01
3.401774e-02,7.566530e-03,2.831327e-03,6.489682e-03,1.353225e-02,3.056469e-02,2.617394e-02,5.940269e-03,1.006075e-02,8.727227e-02,4.349858e-02,5.976672e-03,1.971688e-02,7.491221e-02,6.314462e-01
2.464121e-02,7.998647e-03,3.000167e-03,5.263506e-03,1.157871e-02,2.949307e-02,1.841032e-02,4.252526e-03,1.170826e-02,6.603663e-02,4.307447e-02,5.693195e-03,1.791410e-02,6.480631e-02,6.861288e-01
1.879121e-02,7.273587e-03,2.340026e-03,4.133482e-03,9.578654e-03,3.992198e-02,1.297840e-02,3.008686e-03,1.017662e-02,5.020409e-02,1.260546e-01,9.184791e-03,2.983435e-02,8.899126e-02,5.875282e-01
1.378714e-02,5.774977e-03,1.853962e-03,3.458156e-03,8.336082e-03,4.175220e-02,9.144185e-03,2.123195e-03,9.221445e-03,3.864207e-02,2.668450e-01,1.453793e-02,4.318488e-02,9.953399e-02,4.418048e-01
1.036113e-02,4.794551e-03,3.378942e-03,3.451694e-03,7.425040e-03,3.942283e-02,6.428017e-03,1.520462e-03,8.871801e-03,2.985618e-02,3.973260e-01,1.778314e-02,3.979460e-02,9.020720e-02,3.393784e-01
7.539847e-03,4.118800e-03,5.471576e-03,3.062213e-03,6.013877e-03,2.923189e-02,4.515685e-03,1.138343e-03,9.540131e-03,3.336846e-02,3.844066e-01,1.466143e-02,2.886043e-02,1.478475e-01,3.202232e-01
5.485675e-03,3.315201e-03,8.080207e-03,3.170874e-03,4.782615e-03,2.201535e-02,3.203030e-03,1.282929e-03,1.552003e-02,4.123200e-02,3.842189e-01,1.301260e-02,2.047509e-02,2.104391e-01,2.637664e-01
5.562747e-03,2.782103e-03,1.613857e-02,6.882608e-03,4.494019e-03,2.358205e-02,3.544867e-03,1.073324e-02,1.378548e-02,4.936138e-02,3.440965e-01,1.030860e-02,1.625163e-02,2.315761e-01,2.609000e-01
5.864887e-03,2.632902e-03,1.702358e-02,6.149323e-03,4.982998e-03,2.328947e-02,3.474699e-03,9.081447e-03,1.285708e-02,4.668509e-02,2.768112e-01,7.710830e-03,1.235050e-02,2.258414e-01,3.452446e-01
6.586787e-03,4.180952e-03,3.774559e-02,2.642757e-02,7.405102e-03,4.888621e-02,5.286983e-03,8.521814e-03,2.814564e-02,5.708598e-02,2.360625e-01,6.756786e-03,1.576234e-02,2.274395e-01,2.837063e-01
1.696612e-02,5.735121e-03,8.531901e-02,4.481518e-02,1.012342e-02,6.793137e-02,8.285422e-03,3.021629e-02,3.079388e-02,5.442384e-02,2.251794e-01,7.909509e-03,1.593776e-02,1.897008e-01,2.066628e-01
2.786266e-02,6.648362e-03,1.285786e-01,1.212493e-01,1.453984e-02,5.004841e-02,6.611357e-03,3.672405e-02,3.112098e-02,4.455975e-02,2.236823e-01,7.190968e-03,1.484824e-02,1.398893e-01,1.464458e-01
4.152890e-02,1.509959e-02,1.626142e-01,1.563185e-01,1.369927e-02,4.001741e-02,4.919039e-03,3.864339e-02,3.147640e-02,4.536755e-02,2.203830e-01,8.829157e-03,1.304105e-02,1.045911e-01,1.034714e-01
5.647483e-02,2.935437e-02,1.671701e-01,1.511216e-01,1.519800e-02,3.148330e-02,3.802201e-03,6.920105e-02,3.335083e-02,4.481285e-02,2.211417e-01,1.294370e-02,1.130674e-02,7.947492e-02,7.316376e-02
8.525982e-02,5.485164e-02,1.684313e-01,1.223491e-01,1.859894e-02,3.024038e-02,3.308544e-03,6.722526e-02,4.149372e-02,5.165004e-02,2.172492e-01,1.262868e-02,9.906731e-03,6.236345e-02,5.444317e-02
9.044838e-02,1.105111e-01,1.504650e-01,9.586187e-02,2.370808e-02,2.661108e-02,3.108163e-03,7.068305e-02,6.655701e-02,6.569169e-02,1.764627e-01,1.153819e-02,9.307707e-03,5.902665e-02,4.001940e-02
1.026147e-01,1.220728e-01,1.197234e-01,8.070576e-02,3.147552e-02,2.475329e-02,2.890296e-03,7.908396e-02,8.602414e-02,8.584430e-02,1.516284e-01,9.897429e-03,8.094997e-03,6.613587e-02,2.905519e-02
1.106780e-01,1.549948e-01,1.003300e-01,6.878599e-02,2.945211e-02,2.276659e-02,3.034841e-03,8.016895e-02,8.572900e-02,1.092970e-01,1.151734e-01,8.995850e-03,6.613635e-03,8.156077e-02,2.241923e-02
1.165708e-01,1.866817e-01,8.069814e-02,5.694731e-02,2.867246e-02,2.054325e-02,3.634740e-03,9.148454e-02,9.386979e-02,1.079571e-01,9.171222e-02,8.661536e-03,5.883327e-03,8.775055e-02,1.893255e-02
1.329819e-01,2.083041e-01,6.303744e-02,4.469835e-02,2.621331e-02,1.909712e-02,3.638973e-03,8.070976e-02,8.357629e-02,9.894890e-02,8.366079e-02,9.930259e-03,5.478683e-03,1.215381e-01,1.818603e-02
1.438257e-01,2.032980e-01,4.819069e-02,3.358641e-02,2.285939e-02,1.567107e-02,3.407473e-03,7.306688e-02,7.048760e-02,1.416882e-01,7.057452e-02,8.959565e-03,4.907228e-03,1.446518e-01,1.482557e-02
1.634984e-01,1.978656e-01,4.132123e-02,2.600571e-02,2.551744e-02,1.641451e-02,6.688852e-03,7.021894e-02,7.096918e-02,1.179381e-01,6.323060e-02,9.783965e-03,5.774935e-03,1.702140e-01,1.455854e-02
2.059476e-01,1.529248e-01,3.480113e-02,2.021731e-02,2.794854e-02,1.699869e-02,9.210838e-03,6.190527e-02,6.570871e-02,9.697226e-02,6.063597e-02,1.180411e-02,7.050723e-03,2.121644e-01,1.570969e-02
2.327773e-01,1.155718e-01,2.912064e-02,1.631301e-02,2.883807e-02,1.640032e-02,1.063390e-02,6.053798e-02,6.397013e-02,7.534134e-02,5.541773e-02,1.190488e-02,7.208265e-03,2.616362e-01,1.432843e-02
3.274273e-01,8.390824e-02,2.680411e-02,1.826029e-02,3.312300e-02,1.624792e-02,1.192364e-02,6.904725e-02,6.068523e-02,6.064244e-02,4.465089e-02,1.327708e-02,7.966262e-03,2.123585e-01,1.367787e-02
4.197373e-01,6.130828e-02,2.378769e-02,1.890936e-02,3.588296e-02,1.637974e-02,1.151165e-02,7.620045e-02,5.348623e-02,4.817443e-02,3.489054e-02,1.586941e-02,8.206124e-03,1.628797e-01,1.277605e-02
1.000000e+00,0.000000e+00,0.000000e+00,0.000000e+00,0.000000e+00,0.000000e+00,0.000000e+00,0.000000e+00,0.000000e+00,0.000000e+00,0.000000e+00,0.000000e+00,0.000000e+00,0.000000e+00,0.000000e+00
1.000000e+00,0.000000e+00,0.000000e+00,0.000000e+00,0.000000e+00,0.000000e+00,0.000000e+00,0.000000e+00,0.000000e+00,0.000000e+00,0.000000e+00,0.000000e+00,0.000000e+00,0.000000e+00,0.000000e+00
1.000000e+00,0.000000e+00,0.000000e+00,0.000000e+00,0.000000e+00,0.000000e+00,0.000000e+00,0.000000e+00,0.000000e+00,0.000000e+00,0.000000e+00,0.000000e+00,0.000000e+00,0.000000e+00,0.000000e+00
4.269350e-01,2.246630e-02,3.049958e-02,3.337736e-02,4.616689e-02,2.820441e-02,2.221906e-02,1.964717e-01,2.882286e-02,3.301895e-02,1.633883e-02,3.674776e-02,1.550682e-02,4.601533e-02,1.720909e-02
3.785192e-01,1.848193e-02,2.338344e-02,2.859882e-02,4.671898e-02,3.214897e-02,3.631799e-02,1.736695e-01,2.446448e-02,9.965961e-02,2.940775e-02,3.815406e-02,1.757787e-02,3.500151e-02,1.789594e-02
3.324434e-01,1.557783e-02,1.890379e-02,3.185197e-02,4.201746e-02,4.380599e-02,3.627271e-02,1.304990e-01,2.527343e-02,1.701648e-01,3.767971e-02,4.719373e-02,2.273687e-02,2.633053e-02,1.924877e-02
3.103235e-01,1.349849e-02,1.958969e-02,3.049551e-02,4.837300e-02,3.996360e-02,3.586822e-02,1.062798e-01,3.808619e-02,2.128924e-01,3.607267e-02,4.847568e-02,2.181215e-02,1.971027e-02,1.855888e-02
2.634669e-01,1.243836e-02,1.514084e-02,2.712929e-02,5.201147e-02,3.514393e-02,3.253594e-02,8.353577e-02,7.153291e-02,2.741904e-01,3.709972e-02,4.240443e-02,1.961455e-02,1.478323e-02,1.897221e-02
2.750874e-01,1.319083e-02,1.404419e-02,4.860031e-02,4.806405e-02,3.357249e-02,3.364326e-02,7.228228e-02,6.901573e-02,2.311237e-01,4.607359e-02,5.863225e-02,2.464855e-02,1.171464e-02,2.030672e-02
3.018115e-01,1.413804e-02,1.725597e-02,6.139139e-02,4.398037e-02,3.549124e-02,2.595330e-02,5.333031e-02,6.918967e-02,2.053188e-01,4.998566e-02,6.733485e-02,2.476096e-02,1.014715e-02,1.991073e-02
3.196058e-01,1.652481e-02,1.841105e-02,6.456842e-02,3.999640e-02,3.325754e-02,2.051583e-02,4.164007e-02,6.114501e-02,1.901923e-01,6.551383e-02,7.340518e-02,2.214217e-02,1.163636e-02,2.144521e-02
2.603803e-01,2.638150e-02,1.647970e-02,7.997328e-02,3.216924e-02,2.960665e-02,1.546555e-02,3.115411e-02,1.167801e-01,1.625366e-01,7.528798e-02,8.480135e-02,1.901357e-02,1.270081e-02,3.726930e-02
2.296847e-01,3.406031e-02,1.439373e-02,9.217417e-02,2.786379e-02,2.494186e-02,1.262723e-02,2.661276e-02,1.754334e-01,1.369825e-01,8.129144e-02,7.911652e-02,1.603618e-02,1.192891e-02,3.685256e-02
2.124330e-01,3.731736e-02,1.289273e-02,9.147551e-02,2.666362e-02,2.093798e-02,1.038332e-02,2.605836e-02,2.652787e-01,1.044382e-01,6.669690e-02,6.727522e-02,1.328010e-02,9.351629e-03,3.551736e-02
1.967158e-01,5.631077e-02,1.688432e-02,1.568267e-01,3.699214e-02,2.346473e-02,1.458507e-02,2.723106e-02,2.436957e-01,7.993766e-02,4.964795e-02,5.095733e-02,1.186761e-02,6.877944e-03,2.800530e-02
1.591838e-01,6.437766e-02,4.033688e-02,3.025532e-01,3.112510e-02,1.879633e-02,1.180516e-02,2.221995e-02,1.798702e-01,5.810036e-02,3.653540e-02,3.822210e-02,9.550211e-03,5.001477e-03,2.232212e-02
2.298036e-01,7.349901e-02,5.129817e-02,2.717314e-01,2.885322e-02,1.994885e-02,1.026015e-02,2.077294e-02,1.456321e-01,4.855307e-02,3.070404e-02,3.601967e-02,9.127172e-03,4.350019e-03,1.944657e-02
2.304078e-01,6.538977e-02,6.019361e-02,2.608088e-01,3.215821e-02,2.054823e-02,1.087030e-02,6.864489e-02,1.146345e-01,4.995926e-02,2.752698e-02,3.101211e-02,8.731339e-03,3.537828e-03,1.557640e-02
2.988451e-01,5.273055e-02,7.391970e-02,2.082822e-01,2.890861e-02,2.551827e-02,9.373081e-03,6.003120e-02,9.125262e-02,4.989820e-02,2.792021e-02,4.027011e-02,1.140165e-02,3.706592e-03,1.794196e-02
2.103093e-01,7.049388e-02,7.043444e-02,2.127969e-01,2.312069e-02,2.373820e-02,7.080240e-03,4.223500e-02,6.587800e-02,4.630726e-02,1.537160e-01,3.388955e-02,1.736011e-02,7.700262e-03,1.494020e-02
1.484169e-01,6.824785e-02,5.720330e-02,2.098707e-01,2.235027e-02,2.376890e-02,5.204189e-03,3.085791e-02,4.797485e-02,3.880205e-02,2.475829e-01,4.924791e-02,2.622394e-02,1.256858e-02,1.167971e-02
1.046438e-01,4.821049e-02,4.120325e-02,1.541743e-01,1.782330e-02,1.815050e-02,3.684474e-03,2.203842e-02,3.819829e-02,3.381771e-02,3.247269e-01,5.188541e-02,3.610433e-02,9.567926e-02,9.659507e-03
7.402101e-02,3.411468e-02,2.977631e-02,1.103038e-01,1.378333e-02,1.342374e-02,2.615439e-03,1.569479e-02,3.066272e-02,3.582937e-02,2.885704e-01,4.663349e-02,3.679225e-02,2.586626e-01,9.116028e-03
5.202851e-02,2.402164e-02,2.097322e-02,7.733116e-02,9.741764e-03,9.776902e-03,1.836509e-03,1.102848e-02,2.524928e-02,3.786959e-02,2.377615e-01,3.833078e-02,2.730761e-02,4.138942e-01,1.284883e-02
3.649994e-02,1.693713e-02,1.483545e-02,5.452187e-02,7.422903e-03,7.106715e-03,1.313206e-03,7.777063e-03,2.492676e-02,6.429580e-02,2.227402e-01,2.777294e-02,1.963874e-02,4.778820e-01,1.632927e-02
2.597195e-02,1.294206e-02,1.502418e-02,6.015408e-02,1.029127e-01,5.721019e-03,1.577534e-03,6.270532e-03,5.172436e-02,7.386362e-02,1.869993e-01,2.077619e-02,1.540462e-02,3.931335e-01,2.752439e-02
1.826661e-02,1.003914e-02,1.175620e-02,4.264276e-02,8.843125e-02,4.250215e-03,1.132356e-03,4.445313e-03,5.077619e-02,6.510884e-02,1.444831e-01,1.511342e-02,1.150449e-02,4.996486e-01,3.240155e-02
1.306623e-02,7.347173e-03,8.960745e-03,3.164444e-02,7.217251e-02,3.236647e-03,8.301444e-04,3.218930e-03,6.636292e-02,8.653951e-02,1.405245e-01,1.206754e-02,1.007792e-02,5.035223e-01,4.042855e-02
9.323861e-03,5.376958e-03,7.168701e-03,2.569532e-02,5.220985e-02,2.549229e-03,6.100716e-04,2.561399e-03,8.338293e-02,1.049122e-01,1.520912e-01,9.496699e-03,9.758962e-03,4.937370e-01,4.112566e-02
6.853202e-03,4.069162e-03,5.461764e-03,1.991651e-02,3.683810e-02,2.602973e-03,4.421898e-04,2.012574e-03,9.585129e-02,8.083515e-02,2.849292e-01,8.729040e-03,9.446777e-03,4.064991e-01,3.551294e-02
5.137113e-03,2.953403e-03,4.036947e-03,1.463727e-02,2.587573e-02,2.685791e-03,3.162201e-04,1.527938e-03,6.951313e-02,5.891786e-02,4.652263e-01,7.604956e-03,8.103899e-03,3.069533e-01,2.651016e-02
5.275012e-03,2.407860e-03,3.442511e-03,1.105331e-02,1.838757e-02,3.230345e-03,2.359465e-04,1.217145e-03,5.116257e-02,4.300228e-02,5.478786e-01,7.599395e-03,8.674344e-03,2.751710e-01,2.126219e-02
4.552008e-03,1.811858e-03,3.157756e-03,8.121512e-03,1.296398e-02,4.230206e-03,1.752800e-04,1.041724e-03,3.641648e-02,3.242842e-02,6.555679e-01,6.035160e-03,7.438264e-03,2.077589e-01,1.830052e-02
6.277373e-03,2.173138e-03,5.124644e-03,7.781489e-03,1.008656e-02,5.319159e-03,2.232549e-04,1.186104e-03,2.984770e-02,3.542488e-02,6.490728e-01,5.736739e-03,7.537702e-03,1.715728e-01,6.263563e-02
6.306426e-03,2.109482e-03,5.464844e-03,6.869263e-03,1.154959e-02,5.743125e-03,6.446110e-04,1.281478e-03,2.329410e-02,3.475724e-02,6.786582e-01,7.302879e-03,6.501663e-03,1.407614e-01,6.875569e-02
5.530998e-03,2.665451e-03,6.102850e-03,5.920234e-03,1.343972e-02,6.042714e-03,1.217548e-03,1.846301e-03,2.179838e-02,3.805592e-02,6.901590e-01,1.255684e-02,5.512937e-03,1.238228e-01,6.532829e-02
7.020702e-03,2.433882e-03,6.357509e-03,7.227357e-03,1.177141e-02,1.578906e-02,2.242503e-03,2.337490e-02,1.968603e-02,5.278214e-02,6.664052e-01,1.401886e-02,5.663093e-03,1.081519e-01,5.707547e-02
9.409488e-03,1.952498e-03,5.319354e-03,6.908168e-03,1.482420e-02,3.051472e-02,8.543450e-03,2.806327e-02,1.766360e-02,5.950475e-02,6.322181e-01,1.502370e-02,8.003578e-03,1.011110e-01,6.094012e-02
2.392760e-02,7.129585e-03,8.527692e-03,7.281991e-03,2.332173e-02,4.091621e-02,8.650705e-03,2.784024e-02,3.578717e-02,8.217338e-02,5.774912e-01,1.531374e-02,1.016516e-02,8.442487e-02,4.704878e-02
3.303977e-02,6.634215e-03,6.864947e-03,5.907950e-03,2.479955e-02,3.366700e-02,7.254921e-03,2.183420e-02,4.689918e-02,9.435879e-02,5.768222e-01,2.069236e-02,1.065262e-02,7.552239e-02,3.505001e-02
3.492316e-02,1.273999e-02,7.663737e-03,5.616684e-03,2.400679e-02,2.873009e-02,8.201299e-03,2.459496e-02,5.552431e-02,9.572551e-02,5.786352e-01,2.237758e-02,9.770004e-03,6.497368e-02,2.651712e-02
7.207418e-02,2.194140e-02,9.058283e-03,7.200578e-03,3.522966e-02,2.728722e-02,9.067527e-03,2.992487e-02,5.792112e-02,1.537419e-01,4.607956e-01,2.225384e-02,9.379974e-03,6.405136e-02,2.007257e-02
1.133388e-01,2.358567e-02,1.089444e-02,9.207812e-03,7.640985e-02,2.865316e-02,7.985733e-03,2.685224e-02,5.767771e-02,1.530247e-01,3.793635e-01,1.932984e-02,8.625362e-03,6.892312e-02,1.612811e-02
1.179591e-01,3.619537e-02,2.316117e-02,1.048526e-02,7.547367e-02,2.462634e-02,8.489240e-03,3.064732e-02,7.306693e-02,1.212712e-01,3.504585e-01,3.954288e-02,8.778522e-03,6.061306e-02,1.923155e-02
1.315900e-01,2.997514e-02,2.482401e-02,1.748548e-02,9.869571e-02,2.621353e-02,9.783849e-03,1.100285e-01,7.409590e-02,9.391809e-02,2.772754e-01,3.467090e-02,7.778004e-03,4.911634e-02,1.454922e-02
1.453345e-01,2.536168e-02,1.897159e-02,2.111133e-02,9.107801e-02,2.118786e-02,7.488055e-03,7.956711e-02,8.663340e-02,1.091309e-01,2.985432e-01,2.783395e-02,7.064240e-03,4.851806e-02,1.217611e-02
1.769360e-01,2.240548e-02,1.439751e-02,2.677726e-02,8.549462e-02,2.118483e-02,5.861468e-03,5.862560e-02,8.071722e-02,1.365952e-01,2.854156e-01,2.145554e-02,6.271150e-03,4.795635e-02,9.906183e-03
1.895807e-01,2.202292e-02,1.085646e-02,2.808944e-02,8.992171e-02,2.538078e-02,4.529022e-03,4.379002e-02,7.903603e-02,1.568359e-01,2.725014e-01,1.636253e-02,5.376754e-03,4.712337e-02,8.592957e-03
1.871972e-01,2.027184e-02,9.439914e-03,2.273668e-02,8.552384e-02,1.971721e-02,3.292034e-03,3.144892e-02,7.307896e-02,2.029905e-01,2.672456e-01,1.218049e-02,4.365474e-03,5.373606e-02,6.775291e-03
2.089179e-01,1.793618e-02,7.615086e-03,2.419158e-02,8.128558e-02,1.704952e-02,2.769969e-03,2.558135e-02,7.501250e-02,2.078346e-01,2.486412e-01,1.044916e-02,4.121618e-03,6.301737e-02,5.576457e-03
2.716313e-01,1.769976e-02,5.952035e-03,2.313691e-02,7.186001e-02,1.501331e-02,2.361839e-03,1.945289e-02,7.559696e-02,2.216764e-01,1.972069e-01,1.026125e-02,4.201098e-03,5.843532e-02,5.513972e-03
3.564655e-01,1.538751e-02,4.439389e-03,1.992156e-02,5.713866e-02,1.343950e-02,1.923303e-03,1.475393e-02,7.201917e-02,2.178503e-01,1.639440e-01,9.049107e-03,4.640577e-03,4.342461e-02,5.602940e-03
4.432767e-01,1.587837e-02,3.905902e-03,2.148845e-02,4.547057e-02,1.358229e-02,1.683113e-03,1.249957e-02,6.501175e-02,1.806345e-01,1.396709e-01,1.000755e-02,5.710418e-03,3.378697e-02,7.392984e-03
1.000000e+00,0.000000e+00,0.000000e+00,0.000000e+00,0.000000e+00,0.000000e+00,0.000000e+00,0.000000e+00,0.000000e+00,0.000000e+00,0.000000e+00,0.000000e+00,0.000000e+00,0.000000e+00,0.000000e+00
1.000000e+00,0.000000e+00,0.000000e+00,0.000000e+00,0.000000e+00,0.000000e+00,0.000000e+00,0.000000e+00,0.000000e+00,0.000000e+00,0.000000e+00,0.000000e+00,0.000000e+00,0.000000e+00,0.000000e+00
1.000000e+00,0.000000e+00,0.000000e+00,0.000000e+00,0.000000e+00,0.000000e+00,0.000000e+00,0.000000e+00,0.000000e+00,0.000000e+00,0.000000e+00,0.000000e+00,0.000000e+00,0.000000e+00,0.000000e+00
1.000000e+00,0.000000e+00,0.000000e+00,0.000000e+00,0.000000e+00,0.000000e+00,0.000000e+00,0.000000e+00,0.000000e+00,0.000000e+00,0.000000e+00,0.000000e+00,0.000000e+00,0.000000e+00,0.000000e+00
1.000000e+00,0.000000e+00,0.000000e+00,0.000000e+00,0.000000e+00,0.000000e+00,0.000000e+00,0.000000e+00,0.000000e+00,0.000000e+00,0.000000e+00,0.000000e+00,0.000000e+00,0.000000e+00,0.000000e+00
1.000000e+00,0.000000e+00,0.000000e+00,0.000000e+00,0.000000e+00,0.000000e+00,0.000000e+00,0.000000e+00,0.000000e+00,0.000000e+00,0.000000e+00,0.000000e+00,0.000000e+00,0.000000e+00,0.000000e+00
1.000000e+00,0.000000e+00,0.000000e+00,0.000000e+00,0.000000e+00,0.000000e+00,0.000000e+00,0.000000e+00,0.000000e+00,0.000000e+00,0.000000e+00,0.000000e+00,0.000000e+00,0.000000e+00,0.000000e+00
1.000000e+00,0.000000e+00,0.000000e+00,0.000000e+00,0.000000e+00,0.000000e+00,0.000000e+00,0.000000e+00,0.000000e+00,0.000000e+00,0.000000e+00,0.000000e+00,0.000000e+00,0.000000e+00,0.000000e+00
3.973046e-01,6.700179e-03,2.821517e-02,3.819483e-02,1.063196e-02,7.166589e-03,3.169446e-03,4.236570e-01,1.567524e-02,1.483151e-02,2.034851e-02,1.136563e-02,4.011332e-03,8.933139e-03,9.794850e-03
2.923515e-01,4.902184e-03,2.669253e-02,3.104204e-02,8.562902e-03,6.033013e-03,2.574149e-03,5.655484e-01,1.117521e-02,1.046056e-02,1.501648e-02,8.679353e-03,3.102069e-03,6.626558e-03,7.233012e-03
2.090233e-01,3.531207e-03,2.038636e-02,2.344318e-02,6.865942e-03,4.526181e-03,2.175349e-03,6.857995e-01,7.872837e-03,7.350302e-03,1.065811e-02,6.197473e-03,2.253256e-03,4.778318e-03,5.138608e-03
1.668458e-01,2.564813e-03,1.603867e-02,1.875006e-02,5.249725e-03,3.648488e-03,2.305400e-03,7.528337e-01,5.660125e-03,5.181733e-03,7.581492e-03,4.488624e-03,1.697959e-03,3.494037e-03,3.659423e-03
1.357136e-01,1.862388e-03,1.232614e-02,1.447566e-02,4.135185e-03,3.046637e-03,2.261347e-03,8.033502e-01,4.000148e-03,3.669564e-03,5.402392e-03,3.302328e-03,1.320975e-03,2.509840e-03,2.623693e-03
1.225238e-01,1.359899e-03,9.178204e-03,1.059617e-02,3.590842e-03,3.061685e-03,2.293271e-03,8.306118e-01,2.837964e-03,2.612885e-03,3.883786e-03,2.579904e-03,1.124914e-03,1.784417e-03,1.960498e-03
1.160108e-01,1.052409e-03,7.071407e-03,8.265601e-03,3.878232e-03,3.835314e-03,2.348305e-03,8.445108e-01,2.031433e-03,1.913869e-03,2.873315e-03,2.233378e-03,1.065038e-03,1.298002e-03,1.612181e-03
9.309860e-02,7.812778e-04,5.191570e-03,6.136791e-03,3.661678e-03,2.918030e-03,1.938164e-03,8.766310e-01,1.442780e-03,1.368193e-03,2.100651e-03,1.731230e-03,8.838661e-04,9.268034e-04,1.189479e-03
7.006036e-02,5.806832e-04,3.791645e-03,4.499968e-03,3.848889e-03,2.143864e-03,1.808143e-03,9.061499e-01,1.038771e-03,9.787382e-04,1.537224e-03,1.285331e-03,7.357228e-04,6.640060e-04,8.767736e-04
5.184198e-02,4.301041e-04,2.931911e-03,3.375602e-03,3.494713e-03,1.590531e-03,1.604603e-03,9.292814e-01,7.504744e-04,7.083145e-04,1.155446e-03,9.796612e-04,6.958194e-04,4.892313e-04,6.702736e-04
3.863343e-02,3.235013e-04,2.264859e-03,2.515635e-03,3.179604e-03,1.158977e-03,1.244193e-03,9.465939e-01,5.512050e-04,5.086408e-04,8.569835e-04,7.438605e-04,5.724543e-04,3.511811e-04,5.016259e-04
3.028202e-02,2.617382e-04,1.864762e-03,1.921084e-03,2.694459e-03,8.865894e-04,1.054918e-03,9.577650e-01,4.172322e-04,3.780788e-04,6.648747e-04,6.305627e-04,5.168387e-04,2.633526e-04,3.984859e-04
2.408754e-02,2.055034e-04,2.084596e-03,1.464194e-03,2.369379e-03,7.061563e-04,1.137111e-03,9.652447e-01,3.134938e-04,3.329342e-04,5.250850e-04,5.486392e-04,4.420078e-04,1.977148e-04,3.409977e-04
1.988202e-02,1.668361e-04,1.821609e-03,1.158996e-03,2.337078e-03,5.639708e-04,1.081530e-03,9.708157e-01,2.399834e-04,2.570439e-04,4.286308e-04,4.405603e-04,3.799646e-04,1.528381e-04,2.733665e-04
1.806775e-02,1.441408e-04,1.636245e-03,1.029903e-03,2.309887e-03,4.626583e-04,1.008034e-03,9.734864e-01,2.052849e-04,2.043591e-04,3.814540e-04,3.708583e-04,3.455932e-04,1.235460e-04,2.238928e-04
1.650521e-02,1.278631e-04,1.282734e-03,8.627807e-04,2.421307e-03,3.777179e-04,9.211229e-04,9.759293e-01,1.723399e-04,1.574265e-04,3.456988e-04,2.920798e-04,3.031845e-04,9.849154e-05,2.027249e-04
1.823829e-02,1.355470e-04,1.017702e-03,7.306500e-04,2.580254e-03,3.619841e-04,8.655103e-04,9.743978e-01,1.615066e-04,1.337659e-04,3.874764e-04,2.922271e-04,3.349849e-04,9.296816e-05,2.694050e-04
2.295254e-02,1.429402e-04,8.999113e-04,6.825738e-04,2.730444e-03,3.939903e-04,8.460769e-04,9.693311e-01,1.632405e-04,1.373036e-04,4.413935e-04,3.248318e-04,3.719168e-04,9.953729e-05,4.821527e-04
3.903001e-02,5.542704e-04,1.031011e-03,7.989486e-04,3.858256e-03,5.570502e-04,1.110310e-03,9.462079e-01,4.372984e-04,2.783796e-04,9.516334e-04,1.820378e-03,1.896289e-03,2.153515e-04,1.252938e-03
4.756765e-02,1.101577e-03,1.185722e-03,1.271933e-03,6.199678e-03,6.682319e-04,1.005375e-03,9.112992e-01,1.558850e-03,7.808581e-04,3.082765e-03,1.210198e-02,9.594243e-03,9.039893e-04,1.677936e-03
5.109162e-02,1.239424e-03,1.061548e-03,1.263713e-03,7.735311e-03,7.991848e-04,7.797377e-04,9.081090e-01,2.161875e-03,1.056828e-03,3.646091e-03,9.687727e-03,8.773367e-03,9.307406e-04,1.663879e-03
8.729505e-02,2.040955e-03,1.464527e-03,1.403749e-02,2.476157e-02,1.933098e-03,8.581660e-04,7.963257e-01,6.742656e-03,3.098232e-03,1.319488e-02,2.074513e-02,2.289727e-02,1.665473e-03,2.939952e-03
1.228353e-01,2.901919e-03,2.411670e-03,1.236610e-02,2.224789e-02,4.505399e-03,9.276554e-04,7.205753e-01,8.147471e-03,1.944143e-02,2.001800e-02,2.882331e-02,2.691745e-02,3.110837e-03,4.770247e-03
1.318800e-01,3.104414e-03,4.093878e-03,5.982970e-02,1.965811e-02,5.913559e-03,7.687557e-04,5.568771e-01,1.711247e-02,2.034723e-02,5.546964e-02,3.942716e-02,7.572293e-02,3.185718e-03,6.609283e-03
1.510181e-01,3.766309e-03,4.431940e-03,7.163656e-02,1.608484e-02,5.650925e-03,6.364249e-04,4.365697e-01,2.336548e-02,3.910491e-02,8.304647e-02,4.921151e-02,1.029101e-01,3.649352e-03,8.917406e-03
1.622302e-01,4.661384e-03,3.788033e-03,6.896363e-02,1.513684e-02,5.776989e-03,5.314970e-04,3.313617e-01,5.576630e-02,8.181517e-02,9.379834e-02,5.381851e-02,1.063103e-01,6.209607e-03,9.831561e-03
1.538541e-01,4.163263e-03,2.861824e-03,6.921984e-02,1.174048e-02,5.299070e-03,4.896203e-04,2.396751e-01,1.149704e-01,8.956409e-02,1.215170e-01,5.026680e-02,1.148029e-01,6.688617e-03,1.488684e-02
1.221262e-01,3.157496e-03,2.076200e-03,5.245760e-02,1.069804e-02,5.423214e-03,5.298933e-04,1.892152e-01,1.476574e-01,8.079551e-02,1.604278e-01,5.458941e-02,1.397224e-01,6.504020e-03,2.461966e-02
9.103597e-02,3.475425e-03,6.782523e-03,4.065781e-02,1.006631e-02,5.569347e-03,7.236049e-04,1.507993e-01,1.340982e-01,5.885508e-02,1.996938e-01,6.132017e-02,1.544521e-01,6.283570e-03,7.618680e-02
6.952423e-02,4.264517e-03,3.260675e-02,3.126133e-02,1.685717e-02,6.110867e-03,2.046564e-03,1.663314e-01,1.650985e-01,4.501115e-02,1.786995e-01,4.710431e-02,1.282100e-01,5.487472e-03,1.013862e-01
6.636442e-02,6.857564e-03,4.618383e-02,2.605172e-02,2.773162e-02,1.892678e-02,3.190752e-03,1.434823e-01,1.953155e-01,4.697232e-02,1.396373e-01,3.421119e-02,9.976412e-02,5.099809e-03,1.402107e-01
7.803491e-02,1.029541e-02,4.726864e-02,2.089485e-02,5.126200e-02,2.458300e-02,5.211885e-03,1.170075e-01,2.029093e-01,7.635781e-02,1.112671e-01,2.541411e-02,7.941908e-02,5.919660e-03,1.441548e-01
1.021045e-01,1.244326e-02,7.637820e-02,3.191973e-02,6.106836e-02,3.165623e-02,4.861656e-03,1.031951e-01,1.599702e-01,1.276260e-01,9.398414e-02,2.260552e-02,6.054870e-02,4.836701e-03,1.068016e-01
1.463091e-01,3.143739e-02,8.950073e-02,5.671791e-02,6.693976e-02,3.562144e-02,3.994104e-03,8.138420e-02,1.361241e-01,1.106054e-01,8.267986e-02,2.811870e-02,4.826525e-02,3.993824e-03,7.830820e-02
1.483702e-01,6.778315e-02,9.492908e-02,8.142449e-02,5.492845e-02,3.460264e-02,3.087120e-03,5.835535e-02,1.421372e-01,9.684155e-02,7.203359e-02,3.724312e-02,4.317562e-02,3.254246e-03,6.183417e-02
1.054133e-01,5.764088e-02,7.053452e-02,7.567723e-02,3.891367e-02,2.826522e-02,2.194285e-03,4.157401e-02,3.340527e-01,7.565320e-02,5.667740e-02,3.197381e-02,3.362538e-02,2.339536e-03,4.546481e-02
7.494353e-02,5.271920e-02,5.076049e-02,6.386814e-02,2.783317e-02,2.179406e-02,1.574829e-03,2.973570e-02,4.532051e-01,6.064552e-02,5.975457e-02,3.641792e-02,2.888113e-02,1.854852e-03,3.601170e-02
5.451796e-02,4.678653e-02,3.587943e-02,7.676091e-02,2.003982e-02,1.547626e-02,1.130166e-03,2.136493e-02,5.457885e-01,4.326331e-02,5.996389e-02,2.700854e-02,2.432962e-02,1.509923e-03,2.618017e-02
3.824558e-02,3.356017e-02,2.572975e-02,1.054935e-01,1.443551e-02,1.090744e-02,8.511253e-04,1.501865e-02,4.800662e-01,3.109337e-02,9.112456e-02,8.065683e-02,5.131408e-02,1.692337e-03,1.981095e-02
2.682191e-02,2.362836e-02,1.848714e-02,9.855631e-02,1.094316e-02,7.707594e-03,6.169197e-04,1.052970e-02,3.994133e-01,2.252581e-02,1.053270e-01,2.072569e-01,5.154959e-02,1.734588e-03,1.490169e-02
1.880766e-02,1.655529e-02,1.318463e-02,7.514537e-02,1.054184e-02,5.502614e-03,4.518756e-04,7.387113e-03,2.801175e-01,1.760422e-02,1.998987e-01,2.819501e-01,5.801951e-02,4.054790e-03,1.077881e-02
1.319075e-02,1.160911e-02,9.470050e-03,5.675123e-02,8.736894e-03,4.179576e-03,3.395825e-04,5.181413e-03,1.973759e-01,1.460703e-02,1.627775e-01,4.481824e-01,5.525493e-02,4.396667e-03,7.946962e-03
9.270280e-03,8.151719e-03,6.679983e-03,4.113286e-02,8.567899e-03,3.458003e-03,2.918306e-04,3.667877e-03,1.392141e-01,1.302314e-02,1.414092e-01,5.576092e-01,5.788400e-02,3.556201e-03,6.083745e-03
6.544275e-03,5.721393e-03,4.766419e-03,2.910849e-02,2.599192e-02,3.754218e-03,2.406933e-04,2.626748e-03,9.848662e-02,9.537817e-03,2.521130e-01,4.901561e-01,6.303358e-02,3.476341e-03,4.442412e-03
4.729055e-03,4.018317e-03,3.394815e-03,2.053973e-02,4.106590e-02,3.992095e-03,1.864964e-04,1.981527e-03,7.208659e-02,6.832771e-03,2.960695e-01,4.796920e-01,5.946897e-02,2.766256e-03,3.176003e-03
3.490196e-03,2.836288e-03,2.560845e-03,1.440719e-02,9.616503e-02,2.890186e-03,2.061041e-04,2.054192e-03,5.379899e-02,4.947157e-03,2.558901e-01,4.748144e-01,8.160028e-02,2.062845e-03,2.276119e-03
2.540377e-03,2.124301e-03,2.603361e-03,1.010149e-02,1.507222e-01,2.206119e-03,2.187952e-04,2.337869e-03,4.862976e-02,3.683354e-03,1.865775e-01,4.793408e-01,1.057848e-01,1.508737e-03,1.620538e-03
