1.000000e+00,0.000000e+00,0.000000e+00,0.000000e+00,0.000000e+00,0.000000e+00,0.000000e+00,0.000000e+00,0.000000e+00,0.000000e+00,0.000000e+00,0.000000e+00,0.000000e+00,0.000000e+00,0.000000e+00
1.000000e+00,0.000000e+00,0.000000e+00,0.000000e+00,0.000000e+00,0.000000e+00,0.000000e+00,0.000000e+00,0.000000e+00,0.000000e+00,0.000000e+00,0.000000e+00,0.000000e+00,0.000000e+00,0.000000e+00
1.000000e+00,0.000000e+00,0.000000e+00,0.000000e+00,0.000000e+00,0.000000e+00,0.000000e+00,0.000000e+00,0.000000e+00,0.000000e+00,0.000000e+00,0.000000e+00,0.000000e+00,0.000000e+00,0.000000e+00
1.000000e+00,0.000000e+00,0.000000e+00,0.000000e+00,0.000000e+00,0.000000e+00,0.000000e+00,0.000000e+00,0.000000e+00,0.000000e+00,0.000000e+00,0.000000e+00,0.000000e+00,0.000000e+00,0.000000e+00
1.000000e+00,0.000000e+00,0.000000e+00,0.000000e+00,0.000000e+00,0.000000e+00,0.000000e+00,0.000000e+00,0.000000e+00,0.000000e+00,0.000000e+00,0.000000e+00,0.000000e+00,0.000000e+00,0.000000e+00
1.000000e+00,0.000000e+00,0.000000e+00,0.000000e+00,0.000000e+00,0.000000e+00,0.000000e+00,0.000000e+00,0.000000e+00,0.000000e+00,0.000000e+00,0.000000e+00,0.000000e+00,0.000000e+00,0.000000e+00
1.000000e+00,0.000000e+00,0.000000e+00,0.000000e+00,0.000000e+00,0.000000e+00,0.000000e+00,0.000000e+00,0.000000e+00,0.000000e+00,0.000000e+00,0.000000e+00,0.000000e+00,0.000000e+00,0.000000e+00
1.000000e+00,0.000000e+00,0.000000e+00,0.000000e+00,0.000000e+00,0.000000e+00,0.000000e+00,0.000000e+00,0.000000e+00,0.000000e+00,0.000000e+00,0.000000e+00,0.000000e+00,0.000000e+00,0.000000e+00
1.000000e+00,0.000000e+00,0.000000e+00,0.000000e+00,0.000000e+00,0.000000e+00,0.000000e+00,0.000000e+00,0.000000e+00,0.000000e+00,0.000000e+00,0.000000e+00,0.000000e+00,0.000000e+00,0.000000e+00
1.000000e+00,0.000000e+00,0.000000e+00,0.000000e+00,0.000000e+00,0.000000e+00,0.000000e+00,0.000000e+00,0.000000e+00,0.000000e+00,0.000000e+00,0.000000e+00,0.000000e+00,0.000000e+00,0.000000e+00
1.000000e+00,0.000000e+00,0.000000e+00,0.000000e+00,0.000000e+00,0.000000e+00,0.000000e+00,0.000000e+00,0.000000e+00,0.000000e+00,0.000000e+00,0.000000e+00,0.000000e+00,0.000000e+00,0.000000e+00
1.000000e+00,0.000000e+00,0.000000e+00,0.000000e+00,0.000000e+00,0.000000e+00,0.000000e+00,0.000000e+00,0.000000e+00,0.000000e+00,0.000000e+00,0.000000e+00,0.000000e+00,0.000000e+00,0.000000e+00
1.000000e+00,0.000000e+00,0.000000e+00,0.000000e+00,0.000000e+00,0.000000e+00,0.000000e+00,0.000000e+00,0.000000e+00,0.000000e+00,0.000000e+00,0.000000e+00,0.000000e+00,0.000000e+00,0.000000e+00
1.000000e+00,0.000000e+00,0.000000e+00,0.000000e+00,0.000000e+00,0.000000e+00,0.000000e+00,0.000000e+00,0.000000e+00,0.000000e+00,0.000000e+00,0.000000e+00,0.000000e+00,0.000000e+00,0.000000e+00
1.000000e+00,0.000000e+00,0.000000e+00,0.000000e+00,0.000000e+00,0.000000e+00,0.000000e+00,0.000000e+00,0.000000e+00,0.000000e+00,0.000000e+00,0.000000e+00,0.000000e+00,0.000000e+00,0.000000e+00
1.000000e+00,0.000000e+00,0.000000e+00,0.000000e+00,0.000000e+00,0.000000e+00,0.000000e+00,0.000000e+00,0.000000e+00,0.000000e+00,0.000000e+00,0.000000e+00,0.000000e+00,0.000000e+00,0.000000e+00
1.000000e+00,0.000000e+00,0.000000e+00,0.000000e+00,0.000000e+00,0.000000e+00,0.000000e+00,0.000000e+00,0.000000e+00,0.000000e+00,0.000000e+00,0.000000e+00,0.000000e+00,0.000000e+00,0.000000e+00
1.000000e+00,0.000000e+00,0.000000e+00,0.000000e+00,0.000000e+00,0.000000e+00,0.000000e+00,0.000000e+00,0.000000e+00,0.000000e+00,0.000000e+00,0.000000e+00,0.000000e+00,0.000000e+00,0.000000e+00
1.000000e+00,0.000000e+00,0.000000e+00,0.000000e+00,0.000000e+00,0.000000e+00,0.000000e+00,0.000000e+00,0.000000e+00,0.000000e+00,0.000000e+00,0.000000e+00,0.000000e+00,0.000000e+00,0.000000e+00
1.000000e+00,0.000000e+00,0.000000e+00,0.000000e+00,0.000000e+00,0.000000e+00,0.000000e+00,0.000000e+00,0.000000e+00,0.000000e+00,0.000000e+00,0.000000e+00,0.000000e+00,0.000000e+00,0.000000e+00
1.000000e+00,0.000000e+00,0.000000e+00,0.000000e+00,0.000000e+00,0.000000e+00,0.000000e+00,0.000000e+00,0.000000e+00,0.000000e+00,0.000000e+00,0.000000e+00,0.000000e+00,0.000000e+00,0.000000e+00
1.000000e+00,0.000000e+00,0.000000e+00,0.000000e+00,0.000000e+00,0.000000e+00,0.000000e+00,0.000000e+00,0.000000e+00,0.000000e+00,0.000000e+00,0.000000e+00,0.000000e+00,0.000000e+00,0.000000e+00
1.000000e+00,0.000000e+00,0.000000e+00,0.000000e+00,0.000000e+00,0.000000e+00,0.000000e+00,0.000000e+00,0.000000e+00,0.000000e+00,0.000000e+00,0.000000e+00,0.000000e+00,0.000000e+00,0.000000e+00
1.000000e+00,0.000000e+00,0.000000e+00,0.000000e+00,0.000000e+00,0.000000e+00,0.000000e+00,0.000000e+00,0.000000e+00,0.000000e+00,0.000000e+00,0.000000e+00,0.000000e+00,0.000000e+00,0.000000e+00
1.000000e+00,0.000000e+00,0.000000e+00,0.000000e+00,0.000000e+00,0.000000e+00,0.000000e+00,0.000000e+00,0.000000e+00,0.000000e+00,0.000000e+00,0.000000e+00,0.000000e+00,0.000000e+00,0.000000e+00
1.000000e+00,0.000000e+00,0.000000e+00,0.000000e+00,0.000000e+00,0.000000e+00,0.000000e+00,0.000000e+00,0.000000e+00,0.000000e+00,0.000000e+00,0.000000e+00,0.000000e+00,0.000000e+00,0.000000e+00
1.000000e+00,0.000000e+00,0.000000e+00,0.000000e+00,0.000000e+00,0.000000e+00,0.000000e+00,0.000000e+00,0.000000e+00,0.000000e+00,0.000000e+00,0.000000e+00,0.000000e+00,0.000000e+00,0.000000e+00
1.000000e+00,0.000000e+00,0.000000e+00,0.000000e+00,0.000000e+00,0.000000e+00,0.000000e+00,0.000000e+00,0.000000e+00,0.000000e+00,0.000000e+00,0.000000e+00,0.000000e+00,0.000000e+00,0.000000e+00
1.000000e+00,0.000000e+00,0.000000e+00,0.000000e+00,0.000000e+00,0.000000e+00,0.000000e+00,0.000000e+00,0.000000e+00,0.000000e+00,0.000000e+00,0.000000e+00,0.000000e+00,0.000000e+00,0.000000e+00
1.000000e+00,0.000000e+00,0.000000e+00,0.000000e+00,0.000000e+00,0.000000e+00,0.000000e+00,0.000000e+00,0.000000e+00,0.000000e+00,0.000000e+00,0.000000e+00,0.000000e+00,0.000000e+00,0.000000e+00
1.000000e+00,0.000000e+00,0.000000e+00,0.000000e+00,0.000000e+00,0.000000e+00,0.000000e+00,0.000000e+00,0.000000e+00,0.000000e+00,0.000000e+00,0.000000e+00,0.000000e+00,0.000000e+00,0.000000e+00
1.000000e+00,0.000000e+00,0.000000e+00,0.000000e+00,0.000000e+00,0.000000e+00,0.000000e+00,0.000000e+00,0.000000e+00,0.000000e+00,0.000000e+00,0.000000e+00,0.000000e+00,0.000000e+00,0.000000e+00
4.583184e-01,7.510239e-02,2.407744e-02,7.719290e-02,7.708140e-03,2.694968e-02,2.568274e-03,8.998469e-03,2.639656e-02,9.392256e-03,9.867209e-02,2.323624e-02,9.614453e-03,3.685779e-02,1.149149e-01
4.501401e-01,7.246768e-02,2.399740e-02,7.580329e-02,7.737807e-03,2.891812e-02,2.559831e-03,8.691408e-03,2.578481e-02,9.873946e-03,8.112791e-02,2.019330e-02,9.574624e-03,4.563914e-02,1.374906e-01
4.968272e-01,6.272471e-02,2.184890e-02,6.785948e-02,7.034848e-03,2.913078e-02,2.556392e-03,8.293677e-03,2.293362e-02,8.931978e-03,6.597403e-02,1.787940e-02,9.518222e-03,4.258498e-02,1.359017e-01
1.000000e+00,0.000000e+00,0.000000e+00,0.000000e+00,0.000000e+00,0.000000e+00,0.000000e+00,0.000000e+00,0.000000e+00,0.000000e+00,0.000000e+00,0.000000e+00,0.000000e+00,0.000000e+00,0.000000e+00
4.670160e-01,5.656124e-02,2.746977e-02,6.019253e-02,6.848499e-03,3.070769e-02,3.448782e-03,1.017914e-02,2.371174e-02,9.204174e-03,4.935017e-02,1.972985e-02,1.415664e-02,4.957709e-02,1.718467e-01
4.454500e-01,5.117631e-02,2.777664e-02,5.727703e-02,6.835238e-03,2.896165e-02,3.637655e-03,1.110943e-02,2.473522e-02,9.094111e-03,4.518908e-02,2.335012e-02,1.807893e-02,6.069174e-02,1.866368e-01
1.000000e+00,0.000000e+00,0.000000e+00,0.000000e+00,0.000000e+00,0.000000e+00,0.000000e+00,0.000000e+00,0.000000e+00,0.000000e+00,0.000000e+00,0.000000e+00,0.000000e+00,0.000000e+00,0.000000e+00
1.000000e+00,0.000000e+00,0.000000e+00,0.000000e+00,0.000000e+00,0.000000e+00,0.000000e+00,0.000000e+00,0.000000e+00,0.000000e+00,0.000000e+00,0.000000e+00,0.000000e+00,0.000000e+00,0.000000e+00
1.000000e+00,0.000000e+00,0.000000e+00,0.000000e+00,0.000000e+00,0.000000e+00,0.000000e+00,0.000000e+00,0.000000e+00,0.000000e+00,0.000000e+00,0.000000e+00,0.000000e+00,0.000000e+00,0.000000e+00
1.000000e+00,0.000000e+00,0.000000e+00,0.000000e+00,0.000000e+00,0.000000e+00,0.000000e+00,0.000000e+00,0.000000e+00,0.000000e+00,0.000000e+00,0.000000e+00,0.000000e+00,0.000000e+00,0.000000e+00
1.000000e+00,0.000000e+00,0.000000e+00,0.000000e+00,0.000000e+00,0.000000e+00,0.000000e+00,0.000000e+00,0.000000e+00,0.000000e+00,0.000000e+00,0.000000e+00,0.000000e+00,0.000000e+00,0.000000e+00
1.000000e+00,0.000000e+00,0.000000e+00,0.000000e+00,0.000000e+00,0.000000e+00,0.000000e+00,0.000000e+00,0.000000e+00,0.000000e+00,0.000000e+00,0.000000e+00,0.000000e+00,0.000000e+00,0.000000e+00
1.000000e+00,0.000000e+00,0.000000e+00,0.000000e+00,0.000000e+00,0.000000e+00,0.000000e+00,0.000000e+00,0.000000e+00,0.000000e+00,0.000000e+00,0.000000e+00,0.000000e+00,0.000000e+00,0.000000e+00
1.000000e+00,0.000000e+00,0.000000e+00,0.000000e+00,0.000000e+00,0.000000e+00,0.000000e+00,0.000000e+00,0.000000e+00,0.000000e+00,0.000000e+00,0.000000e+00,0.000000e+00,0.000000e+00,0.000000e+00
1.000000e+00,0.000000e+00,0.000000e+00,0.000000e+00,0.000000e+00,0.000000e+00,0.000000e+00,0.000000e+00,0.000000e+00,0.000000e+00,0.000000e+00,0.000000e+00,0.000000e+00,0.000000e+00,0.000000e+00
1.000000e+00,0.000000e+00,0.000000e+00,0.000000e+00,0.000000e+00,0.000000e+00,0.000000e+00,0.000000e+00,0.000000e+00,0.000000e+00,0.000000e+00,0.000000e+00,0.000000e+00,0.000000e+00,0.000000e+00
1.000000e+00,0.000000e+00,0.000000e+00,0.000000e+00,0.000000e+00,0.000000e+00,0.000000e+00,0.000000e+00,0.000000e+00,0.000000e+00,0.000000e+00,0.000000e+00,0.000000e+00,0.000000e+00,0.000000e+00
1.000000e+00,0.000000e+00,0.000000e+00,0.000000e+00,0.000000e+00,0.000000e+00,0.000000e+00,0.000000e+00,0.000000e+00,0.000000e+00,0.000000e+00,0.000000e+00,0.000000e+00,0.000000e+00,0.000000e+00
1.000000e+00,0.000000e+00,0.000000e+00,0.000000e+00,0.000000e+00,0.000000e+00,0.000000e+00,0.000000e+00,0.000000e+00,0.000000e+00,0.000000e+00,0.000000e+00,0.000000e+00,0.000000e+00,0.000000e+00
1.000000e+00,0.000000e+00,0.000000e+00,0.000000e+00,0.000000e+00,0.000000e+00,0.000000e+00,0.000000e+00,0.000000e+00,0.000000e+00,0.000000e+00,0.000000e+00,0.000000e+00,0.000000e+00,0.000000e+00
1.000000e+00,0.000000e+00,0.000000e+00,0.000000e+00,0.000000e+00,0.000000e+00,0.000000e+00,0.000000e+00,0.000000e+00,0.000000e+00,0.000000e+00,0.000000e+00,0.000000e+00,0.000000e+00,0.000000e+00
1.000000e+00,0.000000e+00,0.000000e+00,0.000000e+00,0.000000e+00,0.000000e+00,0.000000e+00,0.000000e+00,0.000000e+00,0.000000e+00,0.000000e+00,0.000000e+00,0.000000e+00,0.000000e+00,0.000000e+00
4.858044e-01,6.822394e-03,2.569066e-03,1.050402e-02,8.951110e-03,1.617188e-01,1.759673e-03,2.740304e-01,2.804546e-03,1.446974e-03,1.765072e-02,8.686141e-03,5.942881e-03,2.643923e-03,8.664927e-03
3.404071e-01,4.831320e-03,2.011091e-03,7.816563e-03,1.422734e-02,1.333563e-01,1.732210e-03,4.560207e-01,2.075107e-03,6.514092e-03,1.254145e-02,6.084858e-03,4.236895e-03,1.880105e-03,6.264879e-03
2.386512e-01,3.505516e-03,1.680343e-03,6.851890e-03,4.747115e-02,1.628619e-01,1.958980e-03,4.159275e-01,1.621979e-03,9.549390e-02,9.222433e-03,4.268522e-03,3.188051e-03,1.369243e-03,5.927417e-03
1.671118e-01,2.540906e-03,1.254557e-03,5.378389e-03,1.283810e-01,1.280587e-01,1.509256e-03,2.963710e-01,1.167141e-03,2.510391e-01,6.659870e-03,2.989017e-03,2.267212e-03,1.016674e-03,4.255296e-03
1.170368e-01,1.864694e-03,9.752341e-04,3.929185e-03,1.353242e-01,1.024097e-01,1.113798e-03,2.103634e-01,9.039555e-04,4.136309e-01,4.894817e-03,2.094246e-03,1.602978e-03,7.481702e-04,3.107954e-03
8.195724e-02,1.345929e-03,7.839795e-04,2.906668e-03,1.366787e-01,7.277882e-02,8.141997e-04,1.503753e-01,7.300295e-04,5.425493e-01,3.560015e-03,1.471536e-03,1.150678e-03,5.612451e-04,2.336445e-03
5.743843e-02,9.821970e-04,5.899239e-04,2.065320e-03,1.374946e-01,5.165315e-02,6.106020e-04,1.064242e-01,6.491793e-04,6.351656e-01,2.627610e-03,1.038664e-03,8.837655e-04,4.614700e-04,1.915370e-03
4.037758e-02,7.411392e-04,4.716556e-04,1.478180e-03,1.301662e-01,3.704477e-02,5.034134e-04,7.546170e-02,8.328147e-04,7.067786e-01,1.996380e-03,7.494679e-04,7.719920e-04,5.351294e-04,2.090968e-03
3.073367e-02,1.226541e-03,8.355405e-04,1.208370e-03,1.419603e-01,3.037379e-02,8.066419e-04,6.278346e-02,1.590062e-03,7.074877e-01,2.131868e-03,6.358206e-04,8.823770e-04,2.953330e-03,1.439056e-02
2.199427e-02,1.029408e-03,1.007758e-03,9.461186e-04,1.026148e-01,2.214298e-02,7.962431e-04,4.482872e-02,5.160928e-03,7.759036e-01,2.027303e-03,7.969430e-04,1.188925e-03,6.022105e-03,1.353998e-02
1.614609e-02,3.032029e-03,1.252379e-03,1.351369e-03,7.217222e-02,1.595009e-02,6.873143e-04,3.150446e-02,4.174265e-02,7.388364e-01,2.590527e-03,8.864701e-04,1.669596e-03,8.571888e-03,6.360652e-02
1.224691e-02,2.848278e-03,1.698679e-03,1.097299e-03,5.084329e-02,1.266479e-02,6.151473e-04,2.209626e-02,6.350940e-02,5.369895e-01,4.235052e-03,1.014724e-03,1.654799e-03,5.341242e-02,2.350735e-01
9.664593e-03,3.821878e-03,1.539576e-03,8.469078e-04,3.571636e-02,1.326054e-02,4.863603e-04,1.549780e-02,5.827704e-02,3.856806e-01,6.411087e-03,1.321383e-03,1.746945e-03,1.453722e-01,3.203567e-01
7.670126e-03,6.574166e-03,2.629738e-03,1.209344e-03,2.513723e-02,9.590575e-03,3.764975e-04,1.088241e-02,8.988141e-02,2.782922e-01,5.411434e-03,9.978075e-04,1.300312e-03,1.491064e-01,4.109403e-01
6.214027e-03,6.498299e-03,2.107634e-03,9.234484e-04,1.763929e-02,7.737712e-03,3.245574e-04,7.628402e-03,6.826895e-02,1.978224e-01,4.259875e-03,7.812682e-04,9.795546e-04,3.072428e-01,3.715718e-01
4.574354e-03,4.652270e-03,1.527640e-03,6.497765e-04,1.236936e-02,5.880501e-03,2.357369e-04,5.344512e-03,4.927387e-02,1.395504e-01,3.534451e-03,5.787964e-04,7.103065e-04,5.019906e-01,2.691276e-01
3.623011e-03,3.411717e-03,1.250134e-03,4.653196e-04,8.699732e-03,4.428388e-03,1.960734e-04,3.763923e-03,4.235393e-02,1.009899e-01,3.287215e-03,4.771363e-04,5.494691e-04,6.310335e-01,1.954706e-01
2.694311e-03,2.625881e-03,1.277518e-03,3.976604e-04,6.187315e-03,3.247725e-03,1.759737e-04,2.654029e-03,4.334521e-02,8.099683e-02,3.920510e-03,5.681019e-04,4.797865e-04,6.998287e-01,1.516005e-01
1.919337e-03,3.070908e-03,1.573092e-03,3.393925e-04,4.607354e-03,2.483086e-03,1.528262e-04,1.867343e-03,5.233966e-02,1.640044e-01,3.905168e-03,7.590114e-04,8.718956e-04,6.202673e-01,1.418392e-01
1.364491e-03,2.204082e-03,1.271920e-03,2.511770e-04,3.899048e-03,1.809396e-03,1.189534e-04,1.318814e-03,3.782584e-02,3.808534e-01,2.979104e-03,1.077865e-03,1.543560e-03,4.602825e-01,1.031998e-01
9.825855e-04,1.572473e-03,1.131017e-03,2.009476e-04,3.458208e-03,1.385882e-03,9.342127e-05,9.520221e-04,2.717717e-02,5.506865e-01,4.502848e-03,1.463536e-03,6.364597e-03,3.260333e-01,7.399555e-02
9.456257e-04,1.297522e-03,1.182305e-03,9.594272e-04,1.162188e-02,2.445189e-03,1.620698e-04,7.064311e-04,2.160219e-02,6.284125e-01,1.045102e-02,3.924442e-03,3.368623e-02,2.295130e-01,5.309011e-02
1.141771e-03,1.852033e-03,1.334221e-03,1.466941e-03,2.474376e-02,2.830772e-03,2.440223e-04,7.465353e-04,2.122493e-02,6.352386e-01,3.478229e-02,6.580019e-03,6.654360e-02,1.618759e-01,3.939455e-02
6.736156e-03,5.866747e-03,8.621169e-03,4.143041e-03,6.185705e-02,4.825065e-03,4.064016e-04,8.407047e-04,2.728633e-02,6.024957e-01,3.787838e-02,8.409921e-03,6.895209e-02,1.166410e-01,4.504019e-02
8.983550e-03,1.006058e-02,1.303152e-02,8.647897e-03,5.472275e-02,5.265149e-03,5.324801e-04,9.719458e-04,2.688817e-02,4.809043e-01,1.566751e-01,2.376156e-02,7.867667e-02,9.298287e-02,3.789540e-02
7.195095e-03,1.166794e-02,1.497181e-02,3.089865e-02,4.671800e-02,4.247384e-03,6.866805e-04,8.725126e-04,5.597613e-02,3.445736e-01,3.027911e-01,2.368362e-02,5.692253e-02,7.062127e-02,2.817368e-02
5.465123e-03,1.133711e-02,2.056805e-02,3.580180e-02,3.581315e-02,3.310104e-03,5.504343e-04,7.585971e-04,4.264478e-02,2.420675e-01,4.447964e-01,2.705594e-02,4.088945e-02,6.772951e-02,2.121205e-02
4.048417e-03,8.513548e-03,1.667086e-02,2.648098e-02,2.607463e-02,2.467344e-03,4.031724e-04,5.922276e-04,3.118029e-02,1.713812e-01,5.500891e-01,2.620998e-02,2.947179e-02,9.042783e-02,1.598858e-02
2.938261e-03,6.089335e-03,1.219005e-02,1.913228e-02,1.997235e-02,1.794415e-03,3.034670e-04,4.570448e-04,2.264773e-02,1.245098e-01,6.244119e-01,2.235369e-02,2.126915e-02,9.884518e-02,2.308531e-02
2.189939e-03,4.494362e-03,9.008968e-03,1.380552e-02,1.503950e-02,1.354834e-03,2.339325e-04,3.614970e-04,1.651320e-02,9.538065e-02,6.669536e-01,1.941937e-02,1.594337e-02,1.141620e-01,2.513923e-02
1.896476e-03,3.919055e-03,6.863466e-03,9.965428e-03,1.400017e-02,1.093757e-03,2.139207e-04,2.920402e-04,1.242370e-02,9.101313e-02,6.495503e-01,1.799087e-02,1.239150e-02,1.462886e-01,3.209758e-02
1.884948e-03,3.056015e-03,5.572141e-03,7.479547e-03,1.063588e-02,1.088308e-03,2.304383e-04,3.416293e-04,1.234447e-02,9.802443e-02,6.474252e-01,1.975454e-02,1.184940e-02,1.499551e-01,3.035792e-02
2.077475e-03,2.431071e-03,4.360486e-03,5.822843e-03,8.368850e-03,1.310733e-03,3.176251e-04,3.735693e-04,1.151874e-02,9.521604e-02,6.443544e-01,2.213429e-02,1.278344e-02,1.581067e-01,3.082370e-02
3.902643e-03,2.264907e-03,4.771853e-03,4.328256e-03,6.366676e-03,1.742605e-03,3.101057e-04,8.098322e-04,1.061364e-02,1.374957e-01,5.953232e-01,2.903895e-02,1.075365e-02,1.617673e-01,3.051071e-02
9.030679e-03,3.030166e-03,5.019447e-03,3.704262e-03,5.858799e-03,2.377196e-03,3.259263e-04,1.393424e-03,8.320540e-03,1.723150e-01,5.769472e-01,2.875744e-02,8.571537e-03,1.400517e-01,3.429670e-02
2.653703e-02,4.634496e-03,5.298710e-03,3.279894e-03,4.533056e-03,5.666095e-03,4.321183e-04,2.247114e-03,9.964483e-03,1.653880e-01,5.509599e-01,5.733506e-02,7.495034e-03,1.293706e-01,2.685849e-02
2.351921e-02,5.998230e-03,4.500477e-03,2.576991e-03,3.576938e-03,5.394544e-03,3.796853e-04,2.239993e-03,1.285683e-02,1.239769e-01,6.279168e-01,6.067941e-02,6.041234e-03,1.005033e-01,1.983949e-02
1.798064e-02,4.710230e-03,3.750442e-03,1.964899e-03,2.789202e-03,4.997548e-03,2.979042e-04,2.118312e-03,1.157192e-02,9.162571e-02,7.066207e-01,5.339704e-02,4.636808e-03,7.894535e-02,1.459332e-02
2.754050e-02,4.398392e-03,3.873365e-03,1.974879e-03,2.430348e-03,5.282792e-03,3.294113e-04,4.353884e-03,1.097872e-02,7.619362e-02,7.286553e-01,4.419858e-02,3.873073e-03,7.455792e-02,1.135926e-02
2.105674e-02,4.198114e-03,3.425103e-03,1.841090e-03,3.392982e-03,4.672710e-03,3.549554e-04,3.447929e-03,9.175617e-03,5.740253e-02,7.540912e-01,4.663003e-02,3.522952e-03,7.777095e-02,9.017127e-03
2.050064e-02,1.891164e-02,7.528056e-03,2.101263e-03,2.817233e-02,1.336918e-02,2.133485e-03,3.428652e-03,2.451592e-02,4.586711e-02,6.629360e-01,6.789704e-02,4.160486e-03,9.132716e-02,7.151065e-03
3.715909e-02,2.067506e-02,1.314853e-02,2.566293e-03,3.127910e-02,2.205012e-02,1.827225e-03,5.149609e-03,2.234687e-02,3.982829e-02,6.247970e-01,7.586143e-02,4.968679e-03,9.195565e-02,6.387069e-03
6.585465e-02,2.165988e-02,1.299267e-02,2.370890e-03,3.471151e-02,2.724796e-02,1.584684e-03,6.326929e-03,2.031796e-02,3.503673e-02,5.905427e-01,6.997285e-02,5.441173e-03,1.008460e-01,5.093440e-03
6.638574e-02,1.888304e-02,1.568247e-02,2.645730e-03,3.339495e-02,2.186486e-02,1.254370e-03,5.782921e-03,1.853582e-02,3.981717e-02,6.107422e-01,5.895216e-02,5.013623e-03,9.620632e-02,4.838615e-03
8.116475e-02,1.736674e-02,3.353087e-02,2.937257e-03,2.833856e-02,2.439546e-02,1.202011e-03,9.297999e-03,1.910806e-02,3.645411e-02,5.679818e-01,4.642040e-02,4.781909e-03,1.230059e-01,4.014099e-03
1.128133e-01,1.432845e-02,6.983615e-02,3.930335e-03,2.633356e-02,2.271434e-02,1.086590e-03,1.226372e-02,3.022990e-02,4.047068e-02,4.684521e-01,3.707245e-02,4.213759e-03,1.524534e-01,3.801169e-03
1.620175e-01,1.330461e-02,1.395135e-01,8.717624e-03,2.714620e-02,2.507574e-02,1.079013e-03,1.294999e-02,3.311179e-02,4.046541e-02,3.426275e-01,2.739071e-02,3.478792e-03,1.590571e-01,4.064559e-03
1.547055e-01,1.285012e-02,1.597388e-01,1.325270e-02,3.059884e-02,2.370507e-02,8.522404e-04,1.508819e-02,5.125726e-02,5.357136e-02,2.588297e-01,2.129947e-02,3.190887e-03,1.960534e-01,5.006515e-03
1.506748e-01,1.164036e-02,1.679942e-01,2.067709e-02,3.718702e-02,2.242648e-02,7.188963e-04,1.730998e-02,5.052517e-02,4.902938e-02,1.944783e-01,1.553144e-02,2.821827e-03,2.547972e-01,4.187932e-03
1.362382e-01,1.048977e-02,1.437545e-01,2.063136e-02,3.716758e-02,1.953632e-02,5.742832e-04,1.578221e-02,5.000633e-02,4.938271e-02,1.495462e-01,1.158582e-02,2.571670e-03,3.489235e-01,3.809685e-03
1.218502e-01,2.008833e-02,1.143373e-01,1.585878e-02,3.261005e-02,1.706722e-02,4.215613e-04,1.189188e-02,5.024623e-02,4.300681e-02,1.301644e-01,8.348825e-03,2.103723e-03,4.279409e-01,4.063771e-03
1.395210e-01,1.961351e-02,8.584556e-02,1.277410e-02,2.539995e-02,1.601735e-02,3.907283e-04,9.934619e-03,7.373884e-02,3.416250e-02,1.041625e-01,6.696851e-03,2.540142e-03,4.629543e-01,6.248022e-03
1.628400e-01,1.892588e-02,6.743799e-02,1.048227e-02,2.585993e-02,1.372975e-02,4.079677e-04,9.933074e-03,7.878570e-02,3.319651e-02,8.658595e-02,5.693257e-03,2.658844e-03,4.774586e-01,6.004245e-03
1.339248e-01,2.028930e-02,7.867486e-02,1.670722e-02,2.733645e-02,1.343569e-02,6.102258e-04,1.940477e-02,6.685797e-02,3.678585e-02,7.541890e-02,4.538333e-03,2.594530e-03,4.981174e-01,5.303688e-03
1.141953e-01,1.914853e-02,8.910120e-02,1.678788e-02,3.015588e-02,1.138127e-02,7.116591e-04,1.921169e-02,5.852170e-02,3.428854e-02,6.376912e-02,3.548401e-03,2.349100e-03,5.319549e-01,4.874896e-03
1.145316e-01,2.098247e-02,1.853351e-01,3.198904e-02,3.589966e-02,1.176937e-02,1.031933e-03,1.977489e-02,5.538464e-02,2.661044e-02,5.368910e-02,2.811411e-03,2.001278e-03,4.332119e-01,4.977072e-03
1.277525e-01,2.305974e-02,2.720182e-01,8.572732e-02,3.301403e-02,1.243688e-02,1.007838e-03,1.466237e-02,4.633669e-02,1.957936e-02,4.073255e-02,2.269928e-03,1.682074e-03,3.144551e-01,5.265388e-03
1.379359e-01,2.102974e-02,3.821443e-01,6.337726e-02,3.718338e-02,1.083974e-02,8.594960e-04,1.083268e-02,3.851815e-02,1.709091e-02,3.331674e-02,1.879083e-03,1.453254e-03,2.380245e-01,5.514957e-03
1.562728e-01,3.300149e-02,3.690085e-01,5.747904e-02,6.951548e-02,1.313789e-02,1.513435e-03,9.440894e-03,3.580542e-02,1.465048e-02,2.849371e-02,1.975276e-03,2.181610e-03,2.000794e-01,7.444702e-03
1.192340e-01,5.164244e-02,2.731261e-01,2.338254e-01,8.865125e-02,1.252370e-02,2.139559e-03,8.573909e-03,2.847746e-02,1.049254e-02,2.118095e-02,1.890306e-03,1.821409e-03,1.403865e-01,6.034514e-03
8.934842e-02,5.221291e-02,2.451946e-01,3.133456e-01,8.294523e-02,1.100791e-02,1.574348e-03,6.279529e-03,2.961794e-02,1.144413e-02,3.150545e-02,2.127884e-03,1.764456e-03,1.023386e-01,1.929317e-02
8.365717e-02,6.730109e-02,2.295127e-01,3.413351e-01,8.185526e-02,1.022686e-02,1.394878e-03,6.842204e-03,3.477873e-02,9.841993e-03,2.540008e-02,3.303706e-03,2.158437e-03,7.265767e-02,2.973416e-02
7.702540e-02,7.425976e-02,2.268057e-01,2.736133e-01,6.802350e-02,9.994605e-03,1.126308e-03,5.328921e-03,3.851066e-02,1.062327e-02,2.078432e-02,3.984816e-03,2.853187e-03,5.834958e-02,1.287168e-01
7.548330e-02,8.394523e-02,2.168359e-01,3.239864e-01,5.335696e-02,7.773993e-03,8.879700e-04,4.198725e-03,3.338864e-02,1.113113e-02,1.919426e-02,3.427192e-03,2.376592e-03,4.336861e-02,1.206452e-01
8.326217e-02,7.666359e-02,2.661053e-01,2.529716e-01,3.993930e-02,6.509710e-03,6.711625e-04,3.078418e-03,3.083550e-02,1.456651e-02,1.623971e-02,2.938675e-03,1.968219e-03,3.533181e-02,1.689183e-01
7.656533e-02,1.230978e-01,2.238584e-01,2.253039e-01,2.979214e-02,6.156046e-03,5.853595e-04,2.539344e-03,3.050651e-02,2.916692e-02,1.817731e-02,3.067717e-03,3.029249e-03,3.384871e-02,1.943053e-01
1.068662e-01,1.234632e-01,1.772703e-01,2.722174e-01,2.485813e-02,7.070902e-03,7.003011e-04,2.600804e-03,2.775325e-02,2.569557e-02,1.762135e-02,6.630769e-03,3.982297e-03,2.885905e-02,1.744105e-01
9.744807e-02,1.118247e-01,1.386155e-01,2.612128e-01,1.954531e-02,6.616593e-03,6.732637e-04,2.270022e-03,3.049354e-02,3.253052e-02,1.673356e-02,7.128519e-03,4.122579e-03,2.669873e-02,2.440863e-01
6.957431e-02,8.353122e-02,1.079569e-01,2.016844e-01,1.401659e-02,5.073065e-03,5.023341e-04,1.644529e-03,4.689349e-02,4.248217e-02,1.335977e-02,5.321163e-03,3.178004e-03,3.243621e-02,3.723459e-01
5.139116e-02,6.487393e-02,8.135762e-02,1.582339e-01,1.032899e-02,4.565409e-03,4.284831e-04,1.284987e-03,1.004165e-01,6.703667e-02,1.151293e-02,4.420159e-03,3.055703e-03,3.598813e-02,4.051054e-01
4.085947e-02,5.998316e-02,8.288449e-02,3.061468e-01,1.022701e-02,4.761406e-03,4.637469e-04,1.448653e-03,9.039477e-02,4.892464e-02,1.168900e-02,3.513955e-03,3.633041e-03,2.679792e-02,3.082720e-01
4.448206e-02,4.455424e-02,9.997521e-02,3.673297e-01,7.846720e-03,5.190784e-03,4.349697e-04,1.943315e-03,7.552563e-02,3.765292e-02,2.855097e-02,5.216300e-03,5.323156e-03,3.105741e-02,2.449166e-01
5.690415e-02,3.410031e-02,8.414126e-02,2.915649e-01,5.812661e-03,5.633069e-03,4.618965e-04,2.526741e-03,7.589024e-02,3.235167e-02,4.575552e-02,1.426287e-02,1.154653e-02,9.859943e-02,2.404488e-01
1.168754e-01,3.229414e-02,7.505342e-02,2.662169e-01,5.459429e-03,5.687661e-03,5.367170e-04,3.074183e-03,7.127044e-02,2.734257e-02,5.782016e-02,1.906211e-02,1.520428e-02,9.828842e-02,2.058141e-01
1.970450e-01,3.471457e-02,5.621006e-02,2.063784e-01,6.034352e-03,6.297433e-03,6.228408e-04,3.353540e-03,6.464587e-02,2.226661e-02,5.197014e-02,2.107874e-02,1.662926e-02,8.276215e-02,2.299910e-01
3.522245e-01,3.218563e-02,4.346570e-02,1.560156e-01,1.356499e-02,6.471876e-03,1.395803e-03,6.127787e-03,6.341864e-02,1.613428e-02,4.413123e-02,1.865028e-02,1.597222e-02,6.117103e-02,1.690704e-01
3.325545e-01,3.871960e-02,5.440526e-02,1.666902e-01,1.144337e-02,7.063950e-03,1.181290e-03,5.358058e-03,7.955259e-02,1.919147e-02,3.707416e-02,1.445712e-02,1.255875e-02,4.558353e-02,1.741662e-01
3.079821e-01,3.398291e-02,5.105435e-02,1.405635e-01,9.482858e-03,7.387340e-03,1.012771e-03,4.457231e-03,7.438718e-02,2.166651e-02,3.082661e-02,1.300532e-02,1.178702e-02,4.275712e-02,2.496472e-01
2.956010e-01,2.761687e-02,3.769288e-02,1.014541e-01,8.472955e-03,8.207304e-03,9.138548e-04,4.490841e-03,5.410150e-02,1.588819e-02,2.308950e-02,1.129525e-02,1.011704e-02,8.048569e-02,3.205730e-01
2.659479e-01,2.753286e-02,3.364718e-02,7.620277e-02,1.121830e-02,1.176587e-02,1.607560e-03,5.720866e-03,4.090977e-02,1.169476e-02,1.794410e-02,9.766338e-03,8.957344e-03,1.016702e-01,3.754143e-01
2.830669e-01,3.249322e-02,3.785669e-02,5.941162e-02,2.194415e-02,2.679387e-02,1.900328e-03,7.235333e-03,3.007721e-02,9.490200e-03,1.613428e-02,9.352952e-03,8.774284e-03,1.141735e-01,3.412954e-01
3.336065e-01,2.913706e-02,3.819267e-02,4.333710e-02,1.758893e-02,2.269354e-02,2.016469e-03,6.803347e-03,2.568477e-02,1.967689e-02,1.684200e-02,1.016824e-02,1.098557e-02,1.406243e-01,2.826426e-01
2.720053e-01,2.354031e-02,2.771929e-02,3.242517e-02,1.338593e-02,2.486741e-02,1.763582e-03,5.354750e-03,2.789960e-02,2.494112e-02,2.317866e-02,1.992486e-02,5.070578e-02,1.018843e-01,3.504040e-01
2.492159e-01,1.826552e-02,2.070281e-02,2.535341e-02,1.176714e-02,2.129536e-02,1.483035e-03,7.147497e-03,2.313069e-02,2.461400e-02,5.548766e-02,1.967458e-02,1.794968e-01,7.420496e-02,2.681607e-01
1.864833e-01,1.337320e-02,1.632647e-02,4.493877e-02,1.195318e-02,1.687623e-02,1.341599e-03,1.335894e-01,2.222484e-02,1.857680e-02,9.877942e-02,1.441165e-02,1.664541e-01,5.275570e-02,2.019153e-01
2.474619e-01,1.422892e-02,1.701017e-02,3.978367e-02,3.062369e-02,2.401077e-02,9.040517e-03,1.198062e-01,3.090409e-02,1.843023e-02,8.022592e-02,1.635775e-02,1.447833e-01,4.415477e-02,1.631782e-01
2.205330e-01,1.694866e-02,1.558469e-02,5.940131e-02,6.017273e-02,2.131403e-02,1.953054e-02,1.490696e-01,6.570879e-02,1.531207e-02,6.206281e-02,1.454232e-02,1.155713e-01,3.684350e-02,1.274046e-01
1.677253e-01,1.276891e-02,1.386119e-02,8.333217e-02,5.288338e-02,1.689926e-02,1.547212e-02,3.045504e-01,5.931439e-02,1.133833e-02,4.598775e-02,1.051410e-02,8.701611e-02,2.646933e-02,9.186727e-02
1.338799e-01,1.382586e-02,2.524834e-02,7.806955e-02,4.510750e-02,1.711261e-02,1.311663e-02,4.012188e-01,4.525747e-02,1.468580e-02,3.334191e-02,7.759635e-03,6.225284e-02,1.961975e-02,8.950344e-02
1.237546e-01,1.080072e-02,2.365030e-02,5.961038e-02,3.789116e-02,1.500045e-02,1.061205e-02,5.110496e-01,3.477634e-02,1.102926e-02,2.420593e-02,6.010354e-03,4.528325e-02,1.521860e-02,7.110700e-02
9.969932e-02,8.221438e-03,1.895052e-02,4.336897e-02,2.886710e-02,1.408323e-02,1.017594e-02,6.280116e-01,2.472310e-02,7.864589e-03,1.730392e-02,4.637857e-03,3.231046e-02,1.087261e-02,5.090940e-02
7.885950e-02,5.875724e-03,1.418930e-02,3.103193e-02,2.257508e-02,1.260002e-02,9.239913e-03,7.203203e-01,1.744887e-02,5.557507e-03,1.237224e-02,3.419370e-03,2.298394e-02,7.704949e-03,3.582141e-02
6.327835e-02,4.180966e-03,1.079890e-02,2.290724e-02,1.891474e-02,1.025957e-02,7.845736e-03,7.875661e-01,1.227636e-02,3.907236e-03,8.823210e-03,2.456594e-03,1.624779e-02,5.414836e-03,2.512238e-02
6.379292e-02,3.313993e-03,9.186191e-03,1.688188e-02,1.677963e-02,1.751954e-02,1.011488e-02,8.052235e-01,9.145641e-03,2.808304e-03,7.529022e-03,2.330303e-03,1.373524e-02,3.854887e-03,1.778411e-02
7.290938e-02,2.777081e-03,8.310611e-03,1.225472e-02,1.421278e-02,3.596432e-02,1.271592e-02,7.941253e-01,6.811478e-03,2.002589e-03,5.891455e-03,2.206837e-03,1.437193e-02,2.758402e-03,1.268722e-02
7.066224e-02,2.146378e-03,7.193396e-03,9.065442e-03,1.243132e-02,8.791639e-02,1.217638e-02,7.576991e-01,5.341263e-03,1.441934e-03,4.540417e-03,1.840159e-03,1.629708e-02,1.964743e-03,9.283791e-03
6.112992e-02,1.577878e-03,5.675758e-03,6.546081e-03,9.370696e-03,2.049867e-01,1.028227e-02,6.670048e-01,3.865530e-03,1.029906e-03,3.276170e-03,1.432470e-03,1.559168e-02,1.392507e-03,6.837626e-03
5.105974e-02,1.221029e-03,4.450200e-03,4.791763e-03,6.888251e-03,3.430572e-01,7.669191e-03,5.504590e-01,2.816080e-03,7.728439e-04,2.540624e-03,1.716742e-03,1.582291e-02,1.014620e-03,5.719803e-03
3.768741e-02,9.594594e-04,3.364873e-03,3.453610e-03,4.984795e-03,4.958207e-01,5.617683e-03,3.866565e-01,2.089809e-03,6.598123e-04,2.025313e-03,2.317395e-03,4.881851e-02,7.210930e-04,4.823030e-03
3.125150e-02,7.852381e-04,2.939181e-03,2.525738e-03,3.829380e-03,5.572999e-01,4.699703e-03,2.737225e-01,1.538525e-03,5.620132e-04,1.881357e-03,3.749243e-03,1.092688e-01,5.443462e-04,5.402487e-03
2.447710e-02,1.035967e-03,5.245690e-03,3.106918e-03,2.916133e-03,6.237478e-01,3.875963e-03,1.920758e-01,1.507114e-03,1.095928e-03,1.920576e-03,1.198811e-02,1.179685e-01,6.503221e-04,8.388064e-03
1.844778e-02,8.963879e-04,4.034754e-03,2.653839e-03,2.735766e-03,4.774078e-01,3.117056e-03,1.355812e-01,2.196444e-03,2.782205e-03,7.940282e-03,3.096636e-02,2.856459e-01,7.242194e-04,2.487001e-02
1.607143e-02,1.422857e-03,5.883262e-03,5.862241e-03,5.510263e-03,3.791461e-01,3.623942e-03,9.565444e-02,1.957574e-02,7.464122e-03,1.290877e-02,8.044988e-02,3.377584e-01,1.124383e-03,2.754417e-02
1.254710e-02,1.120767e-03,4.736291e-03,4.474853e-03,4.138093e-03,2.811587e-01,2.762689e-03,6.710330e-02,1.525111e-02,7.423486e-03,1.354519e-02,9.801774e-02,4.641032e-01,1.157474e-03,2.245995e-02
9.947448e-03,1.116782e-03,4.623682e-03,3.281133e-03,3.212460e-03,2.009260e-01,2.055035e-03,4.700670e-02,1.166896e-02,8.373661e-03,1.296349e-02,9.148590e-02,5.815527e-01,1.300097e-03,2.048594e-02
9.214958e-03,1.115203e-03,4.449401e-03,3.370713e-03,3.510556e-03,1.476739e-01,1.768203e-03,3.312310e-02,1.547774e-02,4.671003e-02,2.419091e-02,1.754489e-01,5.135006e-01,1.674761e-03,1.877102e-02
6.609024e-03,8.741381e-04,3.661760e-03,2.674060e-03,5.850485e-03,1.060708e-01,1.495884e-03,2.351692e-02,1.766142e-02,5.087823e-02,3.055553e-02,3.258985e-01,4.087249e-01,1.479837e-03,1.404856e-02
4.790153e-03,7.094261e-04,3.039676e-03,2.155333e-03,6.711587e-03,7.574838e-02,1.164925e-03,1.654892e-02,1.590865e-02,6.288368e-02,3.310879e-02,4.463764e-01,3.191147e-01,1.340305e-03,1.039902e-02
3.451191e-03,8.522930e-04,2.976291e-03,1.644538e-03,7.173880e-03,5.357962e-02,9.611732e-04,1.193498e-02,1.694194e-02,8.558072e-02,3.626612e-02,4.947583e-01,2.723609e-01,2.744426e-03,8.773621e-03
2.587125e-03,1.326494e-03,3.292779e-03,1.227101e-03,1.858516e-02,3.765068e-02,7.638449e-04,8.694859e-03,3.357197e-02,9.337361e-02,3.833966e-02,5.136917e-01,2.362465e-01,2.966675e-03,7.681842e-03
2.321709e-03,2.998759e-03,5.897354e-03,1.058528e-03,7.964484e-02,2.653730e-02,6.705491e-04,8.656938e-03,7.178344e-02,7.568875e-02,3.415438e-02,4.704926e-01,2.112627e-01,2.600040e-03,6.232108e-03
2.352605e-03,3.611391e-03,9.466429e-03,8.357820e-04,7.561589e-02,1.890781e-02,6.199319e-04,1.543971e-02,6.995124e-02,6.652760e-02,2.683076e-02,5.371372e-01,1.653163e-01,2.649961e-03,4.737415e-03
2.215174e-03,6.081723e-03,1.826727e-02,6.831798e-04,5.801751e-02,1.347209e-02,5.058603e-04,2.049437e-02,8.190672e-02,5.548745e-02,2.051706e-02,5.931513e-01,1.236648e-01,2.073070e-03,3.462360e-03
4.287898e-03,3.324111e-02,2.575451e-02,2.027564e-03,4.754761e-02,1.327480e-02,4.932305e-04,3.919141e-02,2.317356e-01,4.446233e-02,1.793665e-02,4.479817e-01,8.777024e-02,1.717684e-03,2.577654e-03
4.612884e-03,3.627231e-02,1.943442e-02,1.897770e-03,3.547562e-02,1.115364e-02,3.849872e-04,3.474481e-02,4.253400e-01,3.281457e-02,1.459643e-02,3.182938e-01,6.183518e-02,1.266104e-03,1.877565e-03
7.846469e-03,3.339273e-02,1.492055e-02,3.428103e-03,3.503878e-02,1.153679e-02,2.919526e-04,2.520887e-02,5.595154e-01,2.615890e-02,1.336328e-02,2.233933e-01,4.350835e-02,9.497966e-04,1.446687e-03
1.008877e-02,2.426468e-02,1.405796e-02,1.334597e-01,4.631351e-02,2.734041e-02,2.371233e-04,1.955761e-02,5.050818e-01,1.876643e-02,1.021461e-02,1.574866e-01,3.109969e-02,6.883909e-04,1.342759e-03
2.582577e-02,2.446359e-02,1.350067e-02,1.214676e-01,7.297979e-02,2.405414e-02,3.554077e-04,1.861556e-02,5.312649e-01,1.554445e-02,8.266403e-03,1.115980e-01,2.237967e-02,5.959545e-04,9.088059e-03
5.528220e-02,2.788037e-02,1.857114e-02,8.893789e-02,7.890894e-02,1.808589e-02,3.789687e-04,1.865490e-02,4.979810e-01,1.705362e-02,8.105442e-03,7.903866e-02,1.601628e-02,1.615105e-03,7.348966e-02
7.223827e-02,3.777448e-02,2.440112e-02,7.223164e-02,7.691091e-02,1.543720e-02,5.555766e-04,1.809085e-02,4.999506e-01,1.690746e-02,9.619895e-03,5.713065e-02,1.195697e-02,4.078094e-03,8.271623e-02
6.382955e-02,7.948277e-02,3.428119e-02,1.302364e-01,8.165891e-02,1.271783e-02,7.316668e-04,2.338214e-02,3.701654e-01,1.553935e-02,9.422411e-03,4.123701e-02,9.409315e-03,3.925258e-03,1.239807e-01
8.152047e-02,7.357558e-02,2.839246e-02,1.013622e-01,7.939931e-02,1.127856e-02,1.244243e-03,2.076797e-02,3.019925e-01,3.776056e-02,8.049736e-03,3.005573e-02,7.557856e-03,5.378722e-03,2.116641e-01
7.705086e-02,6.333756e-02,6.449129e-02,1.912549e-01,6.597306e-02,1.001691e-02,1.555846e-03,2.023429e-02,2.450815e-01,4.465150e-02,6.433188e-03,2.143629e-02,5.670646e-03,4.264881e-03,1.785472e-01
1.448418e-01,7.295787e-02,6.909624e-02,1.824468e-01,6.484620e-02,1.195912e-02,2.095658e-03,1.671918e-02,1.959733e-01,3.736129e-02,8.535683e-03,1.905317e-02,5.417143e-03,6.480473e-03,1.622160e-01
2.006351e-01,7.836147e-02,6.546104e-02,1.679355e-01,5.400105e-02,1.287359e-02,2.331104e-03,1.437593e-02,1.543071e-01,3.226322e-02,1.105630e-02,1.816358e-02,5.886873e-03,1.054104e-02,1.718072e-01
1.950421e-01,6.788197e-02,1.702989e-01,1.842061e-01,4.185178e-02,1.080782e-02,1.977416e-03,1.319771e-02,1.152672e-01,2.516169e-02,1.024963e-02,1.461990e-02,5.370125e-03,8.122026e-03,1.359457e-01
2.400602e-01,6.154258e-02,2.038794e-01,1.753644e-01,3.651261e-02,1.024146e-02,1.909065e-03,1.241783e-02,9.089028e-02,2.004305e-02,1.008149e-02,1.242388e-02,4.619380e-03,8.576808e-03,1.114376e-01
2.802424e-01,6.084894e-02,2.442496e-01,1.524812e-01,3.482312e-02,1.054321e-02,2.008855e-03,1.213362e-02,6.815410e-02,1.530029e-02,8.156518e-03,9.987179e-03,3.867644e-03,7.967269e-03,8.923609e-02
3.707194e-01,6.092183e-02,1.851774e-01,1.553243e-01,2.902710e-02,1.156141e-02,2.299147e-03,1.150395e-02,5.277726e-02,1.188122e-02,7.873856e-03,1.222943e-02,4.752373e-03,7.191839e-03,7.675953e-02
4.766906e-01,5.237497e-02,1.443615e-01,1.293508e-01,2.755565e-02,1.187610e-02,2.343172e-03,1.044404e-02,4.135953e-02,9.236982e-03,7.266861e-03,1.296904e-02,5.634675e-03,6.781202e-03,6.175490e-02
1.000000e+00,0.000000e+00,0.000000e+00,0.000000e+00,0.000000e+00,0.000000e+00,0.000000e+00,0.000000e+00,0.000000e+00,0.000000e+00,0.000000e+00,0.000000e+00,0.000000e+00,0.000000e+00,0.000000e+00
1.000000e+00,0.000000e+00,0.000000e+00,0.000000e+00,0.000000e+00,0.000000e+00,0.000000e+00,0.000000e+00,0.000000e+00,0.000000e+00,0.000000e+00,0.000000e+00,0.000000e+00,0.000000e+00,0.000000e+00
1.000000e+00,0.000000e+00,0.000000e+00,0.000000e+00,0.000000e+00,0.000000e+00,0.000000e+00,0.000000e+00,0.000000e+00,0.000000e+00,0.000000e+00,0.000000e+00,0.000000e+00,0.000000e+00,0.000000e+00
1.000000e+00,0.000000e+00,0.000000e+00,0.000000e+00,0.000000e+00,0.000000e+00,0.000000e+00,0.000000e+00,0.000000e+00,0.000000e+00,0.000000e+00,0.000000e+00,0.000000e+00,0.000000e+00,0.000000e+00
1.000000e+00,0.000000e+00,0.000000e+00,0.000000e+00,0.000000e+00,0.000000e+00,0.000000e+00,0.000000e+00,0.000000e+00,0.000000e+00,0.000000e+00,0.000000e+00,0.000000e+00,0.000000e+00,0.000000e+00
1.000000e+00,0.000000e+00,0.000000e+00,0.000000e+00,0.000000e+00,0.000000e+00,0.000000e+00,0.000000e+00,0.000000e+00,0.000000e+00,0.000000e+00,0.000000e+00,0.000000e+00,0.000000e+00,0.000000e+00
1.000000e+00,0.000000e+00,0.000000e+00,0.000000e+00,0.000000e+00,0.000000e+00,0.000000e+00,0.000000e+00,0.000000e+00,0.000000e+00,0.000000e+00,0.000000e+00,0.000000e+00,0.000000e+00,0.000000e+00
1.000000e+00,0.000000e+00,0.000000e+00,0.000000e+00,0.000000e+00,0.000000e+00,0.000000e+00,0.000000e+00,0.000000e+00,0.000000e+00,0.000000e+00,0.000000e+00,0.000000e+00,0.000000e+00,0.000000e+00
1.000000e+00,0.000000e+00,0.000000e+00,0.000000e+00,0.000000e+00,0.000000e+00,0.000000e+00,0.000000e+00,0.000000e+00,0.000000e+00,0.000000e+00,0.000000e+00,0.000000e+00,0.000000e+00,0.000000e+00
1.000000e+00,0.000000e+00,0.000000e+00,0.000000e+00,0.000000e+00,0.000000e+00,0.000000e+00,0.000000e+00,0.000000e+00,0.000000e+00,0.000000e+00,0.000000e+00,0.000000e+00,0.000000e+00,0.000000e+00
1.000000e+00,0.000000e+00,0.000000e+00,0.000000e+00,0.000000e+00,0.000000e+00,0.000000e+00,0.000000e+00,0.000000e+00,0.000000e+00,0.000000e+00,0.000000e+00,0.000000e+00,0.000000e+00,0.000000e+00
4.017090e-01,3.365714e-02,3.856784e-02,3.334390e-01,3.608512e-03,7.647664e-03,8.762605e-04,2.629623e-03,1.009835e-02,2.173550e-02,7.173301e-03,9.062956e-03,5.865156e-03,1.138786e-02,1.125418e-01
2.827127e-01,2.763647e-02,6.405333e-02,2.879572e-01,2.620234e-03,5.993234e-03,6.877999e-04,1.895693e-03,1.164535e-02,7.195986e-02,5.923734e-03,6.484551e-03,4.312047e-03,8.353950e-03,2.177638e-01
1.992492e-01,5.983935e-02,1.004392e-01,2.877669e-01,1.955852e-03,4.671715e-03,5.571730e-04,1.359172e-03,2.061431e-02,6.436085e-02,4.862780e-03,4.678308e-03,3.196933e-03,6.247595e-03,2.402006e-01
1.411702e-01,5.338913e-02,7.576368e-02,2.067318e-01,1.424719e-03,3.623807e-03,4.282196e-04,9.692386e-04,2.161416e-02,4.997631e-02,3.772476e-03,3.308226e-03,2.502060e-03,4.852284e-03,4.304737e-01
9.916221e-02,4.386235e-02,8.873043e-02,1.536891e-01,1.040175e-03,2.635976e-03,3.288976e-04,6.838603e-04,2.735270e-02,6.594574e-02,2.737613e-03,2.368217e-03,1.816913e-03,3.695338e-03,5.059505e-01
7.632023e-02,3.713305e-02,9.754018e-02,1.407339e-01,9.868012e-04,2.223527e-03,2.827488e-04,5.505726e-04,3.944571e-02,6.313752e-02,2.884585e-03,2.358479e-03,1.787734e-03,1.328768e-02,5.213273e-01
6.376475e-02,2.911030e-02,7.158502e-02,1.017196e-01,8.288568e-04,1.761179e-03,2.230109e-04,4.206616e-04,3.826208e-02,4.862290e-02,2.817963e-03,2.190378e-03,1.695308e-03,2.877611e-02,6.082219e-01
5.915479e-02,3.536594e-02,5.696083e-02,8.626077e-02,1.171981e-03,1.944444e-03,2.053814e-04,4.665022e-04,6.031423e-02,3.995438e-02,4.040517e-03,2.589840e-03,1.694659e-03,4.306445e-02,6.068113e-01
5.604495e-02,3.088726e-02,4.200132e-02,6.355207e-02,1.160688e-03,1.784136e-03,2.133427e-04,4.462932e-04,5.827094e-02,3.459738e-02,8.000970e-03,3.753157e-03,2.020814e-03,1.278230e-01,5.694437e-01
