1.000000e+00,0.000000e+00,0.000000e+00,0.000000e+00,0.000000e+00,0.000000e+00,0.000000e+00,0.000000e+00,0.000000e+00,0.000000e+00,0.000000e+00,0.000000e+00,0.000000e+00,0.000000e+00,0.000000e+00
1.000000e+00,0.000000e+00,0.000000e+00,0.000000e+00,0.000000e+00,0.000000e+00,0.000000e+00,0.000000e+00,0.000000e+00,0.000000e+00,0.000000e+00,0.000000e+00,0.000000e+00,0.000000e+00,0.000000e+00
1.000000e+00,0.000000e+00,0.000000e+00,0.000000e+00,0.000000e+00,0.000000e+00,0.000000e+00,0.000000e+00,0.000000e+00,0.000000e+00,0.000000e+00,0.000000e+00,0.000000e+00,0.000000e+00,0.000000e+00
1.000000e+00,0.000000e+00,0.000000e+00,0.000000e+00,0.000000e+00,0.000000e+00,0.000000e+00,0.000000e+00,0.000000e+00,0.000000e+00,0.000000e+00,0.000000e+00,0.000000e+00,0.000000e+00,0.000000e+00
1.000000e+00,0.000000e+00,0.000000e+00,0.000000e+00,0.000000e+00,0.000000e+00,0.000000e+00,0.000000e+00,0.000000e+00,0.000000e+00,0.000000e+00,0.000000e+00,0.000000e+00,0.000000e+00,0.000000e+00
1.000000e+00,0.000000e+00,0.000000e+00,0.000000e+00,0.000000e+00,0.000000e+00,0.000000e+00,0.000000e+00,0.000000e+00,0.000000e+00,0.000000e+00,0.000000e+00,0.000000e+00,0.000000e+00,0.000000e+00
1.000000e+00,0.000000e+00,0.000000e+00,0.000000e+00,0.000000e+00,0.000000e+00,0.000000e+00,0.000000e+00,0.000000e+00,0.000000e+00,0.000000e+00,0.000000e+00,0.000000e+00,0.000000e+00,0.000000e+00
1.000000e+00,0.000000e+00,0.000000e+00,0.000000e+00,0.000000e+00,0.000000e+00,0.000000e+00,0.000000e+00,0.000000e+00,0.000000e+00,0.000000e+00,0.000000e+00,0.000000e+00,0.000000e+00,0.000000e+00
1.000000e+00,0.000000e+00,0.000000e+00,0.000000e+00,0.000000e+00,0.000000e+00,0.000000e+00,0.000000e+00,0.000000e+00,0.000000e+00,0.000000e+00,0.000000e+00,0.000000e+00,0.000000e+00,0.000000e+00
1.000000e+00,0.000000e+00,0.000000e+00,0.000000e+00,0.000000e+00,0.000000e+00,0.000000e+00,0.000000e+00,0.000000e+00,0.000000e+00,0.000000e+00,0.000000e+00,0.000000e+00,0.000000e+00,0.000000e+00
1.000000e+00,0.000000e+00,0.000000e+00,0.000000e+00,0.000000e+00,0.000000e+00,0.000000e+00,0.000000e+00,0.000000e+00,0.000000e+00,0.000000e+00,0.000000e+00,0.000000e+00,0.000000e+00,0.000000e+00
1.000000e+00,0.000000e+00,0.000000e+00,0.000000e+00,0.000000e+00,0.000000e+00,0.000000e+00,0.000000e+00,0.000000e+00,0.000000e+00,0.000000e+00,0.000000e+00,0.000000e+00,0.000000e+00,0.000000e+00
1.000000e+00,0.000000e+00,0.000000e+00,0.000000e+00,0.000000e+00,0.000000e+00,0.000000e+00,0.000000e+00,0.000000e+00,0.000000e+00,0.000000e+00,0.000000e+00,0.000000e+00,0.000000e+00,0.000000e+00
1.000000e+00,0.000000e+00,0.000000e+00,0.000000e+00,0.000000e+00,0.000000e+00,0.000000e+00,0.000000e+00,0.000000e+00,0.000000e+00,0.000000e+00,0.000000e+00,0.000000e+00,0.000000e+00,0.000000e+00
1.000000e+00,0.000000e+00,0.000000e+00,0.000000e+00,0.000000e+00,0.000000e+00,0.000000e+00,0.000000e+00,0.000000e+00,0.000000e+00,0.000000e+00,0.000000e+00,0.000000e+00,0.000000e+00,0.000000e+00
1.000000e+00,0.000000e+00,0.000000e+00,0.000000e+00,0.000000e+00,0.000000e+00,0.000000e+00,0.000000e+00,0.000000e+00,0.000000e+00,0.000000e+00,0.000000e+00,0.000000e+00,0.000000e+00,0.000000e+00
1.000000e+00,0.000000e+00,0.000000e+00,0.000000e+00,0.000000e+00,0.000000e+00,0.000000e+00,0.000000e+00,0.000000e+00,0.000000e+00,0.000000e+00,0.000000e+00,0.000000e+00,0.000000e+00,0.000000e+00
1.000000e+00,0.000000e+00,0.000000e+00,0.000000e+00,0.000000e+00,0.000000e+00,0.000000e+00,0.000000e+00,0.000000e+00,0.000000e+00,0.000000e+00,0.000000e+00,0.000000e+00,0.000000e+00,0.000000e+00
1.000000e+00,0.000000e+00,0.000000e+00,0.000000e+00,0.000000e+00,0.000000e+00,0.000000e+00,0.000000e+00,0.000000e+00,0.000000e+00,0.000000e+00,0.000000e+00,0.000000e+00,0.000000e+00,0.000000e+00
1.000000e+00,0.000000e+00,0.000000e+00,0.000000e+00,0.000000e+00,0.000000e+00,0.000000e+00,0.000000e+00,0.000000e+00,0.000000e+00,0.000000e+00,0.000000e+00,0.000000e+00,0.000000e+00,0.000000e+00
1.000000e+00,0.000000e+00,0.000000e+00,0.000000e+00,0.000000e+00,0.000000e+00,0.000000e+00,0.000000e+00,0.000000e+00,0.000000e+00,0.000000e+00,0.000000e+00,0.000000e+00,0.000000e+00,0.000000e+00
1.000000e+00,0.000000e+00,0.000000e+00,0.000000e+00,0.000000e+00,0.000000e+00,0.000000e+00,0.000000e+00,0.000000e+00,0.000000e+00,0.000000e+00,0.000000e+00,0.000000e+00,0.000000e+00,0.000000e+00
1.000000e+00,0.000000e+00,0.000000e+00,0.000000e+00,0.000000e+00,0.000000e+00,0.000000e+00,0.000000e+00,0.000000e+00,0.000000e+00,0.000000e+00,0.000000e+00,0.000000e+00,0.000000e+00,0.000000e+00
1.000000e+00,0.000000e+00,0.000000e+00,0.000000e+00,0.000000e+00,0.000000e+00,0.000000e+00,0.000000e+00,0.000000e+00,0.000000e+00,0.000000e+00,0.000000e+00,0.000000e+00,0.000000e+00,0.000000e+00
1.000000e+00,0.000000e+00,0.000000e+00,0.000000e+00,0.000000e+00,0.000000e+00,0.000000e+00,0.000000e+00,0.000000e+00,0.000000e+00,0.000000e+00,0.000000e+00,0.000000e+00,0.000000e+00,0.000000e+00
1.000000e+00,0.000000e+00,0.000000e+00,0.000000e+00,0.000000e+00,0.000000e+00,0.000000e+00,0.000000e+00,0.000000e+00,0.000000e+00,0.000000e+00,0.000000e+00,0.000000e+00,0.000000e+00,0.000000e+00
1.000000e+00,0.000000e+00,0.000000e+00,0.000000e+00,0.000000e+00,0.000000e+00,0.000000e+00,0.000000e+00,0.000000e+00,0.000000e+00,0.000000e+00,0.000000e+00,0.000000e+00,0.000000e+00,0.000000e+00
1.000000e+00,0.000000e+00,0.000000e+00,0.000000e+00,0.000000e+00,0.000000e+00,0.000000e+00,0.000000e+00,0.000000e+00,0.000000e+00,0.000000e+00,0.000000e+00,0.000000e+00,0.000000e+00,0.000000e+00
1.000000e+00,0.000000e+00,0.000000e+00,0.000000e+00,0.000000e+00,0.000000e+00,0.000000e+00,0.000000e+00,0.000000e+00,0.000000e+00,0.000000e+00,0.000000e+00,0.000000e+00,0.000000e+00,0.000000e+00
1.000000e+00,0.000000e+00,0.000000e+00,0.000000e+00,0.000000e+00,0.000000e+00,0.000000e+00,0.000000e+00,0.000000e+00,0.000000e+00,0.000000e+00,0.000000e+00,0.000000e+00,0.000000e+00,0.000000e+00
1.000000e+00,0.000000e+00,0.000000e+00,0.000000e+00,0.000000e+00,0.000000e+00,0.000000e+00,0.000000e+00,0.000000e+00,0.000000e+00,0.000000e+00,0.000000e+00,0.000000e+00,0.000000e+00,0.000000e+00
1.000000e+00,0.000000e+00,0.000000e+00,0.000000e+00,0.000000e+00,0.000000e+00,0.000000e+00,0.000000e+00,0.000000e+00,0.000000e+00,0.000000e+00,0.000000e+00,0.000000e+00,0.000000e+00,0.000000e+00
1.000000e+00,0.000000e+00,0.000000e+00,0.000000e+00,0.000000e+00,0.000000e+00,0.000000e+00,0.000000e+00,0.000000e+00,0.000000e+00,0.000000e+00,0.000000e+00,0.000000e+00,0.000000e+00,0.000000e+00
1.000000e+00,0.000000e+00,0.000000e+00,0.000000e+00,0.000000e+00,0.000000e+00,0.000000e+00,0.000000e+00,0.000000e+00,0.000000e+00,0.000000e+00,0.000000e+00,0.000000e+00,0.000000e+00,0.000000e+00
1.000000e+00,0.000000e+00,0.000000e+00,0.000000e+00,0.000000e+00,0.000000e+00,0.000000e+00,0.000000e+00,0.000000e+00,0.000000e+00,0.000000e+00,0.000000e+00,0.000000e+00,0.000000e+00,0.000000e+00
1.000000e+00,0.000000e+00,0.000000e+00,0.000000e+00,0.000000e+00,0.000000e+00,0.000000e+00,0.000000e+00,0.000000e+00,0.000000e+00,0.000000e+00,0.000000e+00,0.000000e+00,0.000000e+00,0.000000e+00
1.000000e+00,0.000000e+00,0.000000e+00,0.000000e+00,0.000000e+00,0.000000e+00,0.000000e+00,0.000000e+00,0.000000e+00,0.000000e+00,0.000000e+00,0.000000e+00,0.000000e+00,0.000000e+00,0.000000e+00
4.802663e-01,4.941525e-02,2.600434e-02,8.083700e-02,5.836286e-03,2.378301e-02,3.574453e-03,1.071809e-02,2.698623e-02,6.639931e-03,9.415487e-02,1.984543e-02,8.919463e-03,4.504293e-02,1.179764e-01
3.878824e-01,5.286932e-02,3.899729e-02,1.038623e-01,6.252394e-03,2.840729e-02,4.282185e-03,1.842745e-02,3.710584e-02,6.557560e-03,1.049938e-01,2.124632e-02,1.042654e-02,5.591705e-02,1.227724e-01
2.996193e-01,5.820730e-02,8.353332e-02,1.816818e-01,6.427028e-03,2.582168e-02,4.438397e-03,2.796407e-02,3.878669e-02,5.577571e-03,8.440913e-02,2.122924e-02,1.038348e-02,4.445722e-02,1.074638e-01
2.904122e-01,6.220665e-02,7.620126e-02,1.954145e-01,9.447543e-03,2.601313e-02,4.764733e-03,2.481083e-02,4.543718e-02,5.554175e-03,8.112170e-02,2.394762e-02,1.246138e-02,4.104600e-02,1.011611e-01
2.933046e-01,6.523320e-02,6.680188e-02,1.869061e-01,1.243493e-02,2.773923e-02,5.385064e-03,2.226337e-02,5.078192e-02,5.849126e-03,8.168656e-02,2.640575e-02,1.381565e-02,4.070944e-02,1.006832e-01
2.740729e-01,6.786545e-02,6.887075e-02,1.684922e-01,1.701828e-02,3.614957e-02,6.440073e-03,2.424135e-02,4.823978e-02,6.704342e-03,7.845818e-02,3.562006e-02,1.890274e-02,4.194212e-02,1.069822e-01
3.385264e-01,6.285585e-02,5.465152e-02,1.418321e-01,1.753506e-02,3.354503e-02,5.925498e-03,2.024907e-02,4.412394e-02,6.882529e-03,7.837859e-02,3.481836e-02,1.896716e-02,4.325965e-02,9.844925e-02
4.493538e-01,5.369896e-02,4.156363e-02,1.111209e-01,1.573398e-02,2.988549e-02,5.766804e-03,1.714926e-02,3.447311e-02,5.934075e-03,6.120116e-02,3.230735e-02,1.947740e-02,3.548120e-02,8.685295e-02
1.000000e+00,0.000000e+00,0.000000e+00,0.000000e+00,0.000000e+00,0.000000e+00,0.000000e+00,0.000000e+00,0.000000e+00,0.000000e+00,0.000000e+00,0.000000e+00,0.000000e+00,0.000000e+00,0.000000e+00
4.920775e-01,5.730105e-02,4.965562e-02,9.499386e-02,1.549497e-02,2.778582e-02,7.325846e-03,2.127181e-02,2.584662e-02,5.215459e-03,4.217785e-02,2.985526e-02,2.208595e-02,2.674533e-02,8.216707e-02
1.000000e+00,0.000000e+00,0.000000e+00,0.000000e+00,0.000000e+00,0.000000e+00,0.000000e+00,0.000000e+00,0.000000e+00,0.000000e+00,0.000000e+00,0.000000e+00,0.000000e+00,0.000000e+00,0.000000e+00
1.000000e+00,0.000000e+00,0.000000e+00,0.000000e+00,0.000000e+00,0.000000e+00,0.000000e+00,0.000000e+00,0.000000e+00,0.000000e+00,0.000000e+00,0.000000e+00,0.000000e+00,0.000000e+00,0.000000e+00
1.000000e+00,0.000000e+00,0.000000e+00,0.000000e+00,0.000000e+00,0.000000e+00,0.000000e+00,0.000000e+00,0.000000e+00,0.000000e+00,0.000000e+00,0.000000e+00,0.000000e+00,0.000000e+00,0.000000e+00
1.000000e+00,0.000000e+00,0.000000e+00,0.000000e+00,0.000000e+00,0.000000e+00,0.000000e+00,0.000000e+00,0.000000e+00,0.000000e+00,0.000000e+00,0.000000e+00,0.000000e+00,0.000000e+00,0.000000e+00
1.000000e+00,0.000000e+00,0.000000e+00,0.000000e+00,0.000000e+00,0.000000e+00,0.000000e+00,0.000000e+00,0.000000e+00,0.000000e+00,0.000000e+00,0.000000e+00,0.000000e+00,0.000000e+00,0.000000e+00
1.000000e+00,0.000000e+00,0.000000e+00,0.000000e+00,0.000000e+00,0.000000e+00,0.000000e+00,0.000000e+00,0.000000e+00,0.000000e+00,0.000000e+00,0.000000e+00,0.000000e+00,0.000000e+00,0.000000e+00
1.000000e+00,0.000000e+00,0.000000e+00,0.000000e+00,0.000000e+00,0.000000e+00,0.000000e+00,0.000000e+00,0.000000e+00,0.000000e+00,0.000000e+00,0.000000e+00,0.000000e+00,0.000000e+00,0.000000e+00
1.000000e+00,0.000000e+00,0.000000e+00,0.000000e+00,0.000000e+00,0.000000e+00,0.000000e+00,0.000000e+00,0.000000e+00,0.000000e+00,0.000000e+00,0.000000e+00,0.000000e+00,0.000000e+00,0.000000e+00
1.000000e+00,0.000000e+00,0.000000e+00,0.000000e+00,0.000000e+00,0.000000e+00,0.000000e+00,0.000000e+00,0.000000e+00,0.000000e+00,0.000000e+00,0.000000e+00,0.000000e+00,0.000000e+00,0.000000e+00
1.000000e+00,0.000000e+00,0.000000e+00,0.000000e+00,0.000000e+00,0.000000e+00,0.000000e+00,0.000000e+00,0.000000e+00,0.000000e+00,0.000000e+00,0.000000e+00,0.000000e+00,0.000000e+00,0.000000e+00
1.000000e+00,0.000000e+00,0.000000e+00,0.000000e+00,0.000000e+00,0.000000e+00,0.000000e+00,0.000000e+00,0.000000e+00,0.000000e+00,0.000000e+00,0.000000e+00,0.000000e+00,0.000000e+00,0.000000e+00
1.000000e+00,0.000000e+00,0.000000e+00,0.000000e+00,0.000000e+00,0.000000e+00,0.000000e+00,0.000000e+00,0.000000e+00,0.000000e+00,0.000000e+00,0.000000e+00,0.000000e+00,0.000000e+00,0.000000e+00
1.000000e+00,0.000000e+00,0.000000e+00,0.000000e+00,0.000000e+00,0.000000e+00,0.000000e+00,0.000000e+00,0.000000e+00,0.000000e+00,0.000000e+00,0.000000e+00,0.000000e+00,0.000000e+00,0.000000e+00
1.000000e+00,0.000000e+00,0.000000e+00,0.000000e+00,0.000000e+00,0.000000e+00,0.000000e+00,0.000000e+00,0.000000e+00,0.000000e+00,0.000000e+00,0.000000e+00,0.000000e+00,0.000000e+00,0.000000e+00
1.000000e+00,0.000000e+00,0.000000e+00,0.000000e+00,0.000000e+00,0.000000e+00,0.000000e+00,0.000000e+00,0.000000e+00,0.000000e+00,0.000000e+00,0.000000e+00,0.000000e+00,0.000000e+00,0.000000e+00
1.000000e+00,0.000000e+00,0.000000e+00,0.000000e+00,0.000000e+00,0.000000e+00,0.000000e+00,0.000000e+00,0.000000e+00,0.000000e+00,0.000000e+00,0.000000e+00,0.000000e+00,0.000000e+00,0.000000e+00
4.095286e-01,1.704138e-02,6.295909e-03,1.219644e-02,1.967164e-03,1.402185e-02,1.354320e-03,3.477617e-03,1.171420e-02,4.194319e-03,1.373325e-02,8.476227e-03,3.661403e-03,1.126950e-01,3.796423e-01
2.878531e-01,1.642685e-02,6.147217e-03,1.783012e-02,3.416704e-03,1.059495e-02,1.117229e-03,2.513462e-03,5.337500e-02,4.158070e-03,1.473179e-02,7.117347e-03,3.937129e-03,1.631741e-01,4.076069e-01
2.015683e-01,1.217772e-02,5.364206e-03,1.259364e-02,2.448135e-03,7.520137e-03,7.942116e-04,1.770344e-03,6.015076e-02,3.975931e-03,3.149796e-02,8.020085e-03,2.975913e-03,1.468141e-01,5.023285e-01
1.414087e-01,9.575682e-03,5.855003e-03,9.060100e-03,1.972992e-03,5.492420e-03,5.885829e-04,1.349034e-03,6.852117e-02,4.247887e-03,5.525668e-02,8.710682e-03,2.544030e-03,1.497627e-01,5.356543e-01
9.911569e-02,6.792899e-03,4.202266e-03,6.631094e-03,1.729882e-03,3.947425e-03,4.178133e-04,1.041272e-03,8.983096e-02,4.047778e-03,1.671190e-01,1.146950e-02,2.183381e-03,1.276331e-01,4.738379e-01
6.970817e-02,4.832207e-03,2.999845e-03,4.969354e-03,3.435445e-03,2.862901e-03,3.227646e-04,8.366363e-04,1.267645e-01,6.967551e-03,2.658330e-01,1.541654e-02,2.085049e-03,1.283216e-01,3.646444e-01
4.897281e-02,3.448864e-03,2.131656e-03,3.657537e-03,3.611722e-03,2.089528e-03,2.846803e-04,7.390987e-04,1.100645e-01,6.907241e-03,4.268466e-01,1.791526e-02,2.479392e-03,1.029683e-01,2.678828e-01
3.441136e-02,2.428486e-03,1.510482e-03,2.663819e-03,2.956659e-03,1.627184e-03,5.076755e-04,6.040221e-04,8.937182e-02,6.459005e-03,5.471638e-01,3.084420e-02,3.080628e-03,8.270229e-02,1.936686e-01
2.414718e-02,1.706959e-03,1.069094e-03,1.949431e-03,2.567635e-03,1.312035e-03,5.749826e-04,4.575535e-04,6.623372e-02,6.060254e-03,6.472116e-01,3.972870e-02,3.061480e-03,6.620064e-02,1.377188e-01
1.692913e-02,1.207271e-03,7.616247e-04,1.384981e-03,2.709885e-03,9.436300e-04,5.369280e-04,3.300130e-04,4.909955e-02,6.300797e-03,7.092629e-01,5.125384e-02,2.716901e-03,5.889191e-02,9.767067e-02
1.186955e-02,8.668160e-04,5.681044e-04,9.971838e-04,2.290907e-03,6.832618e-04,4.548155e-04,2.460168e-04,4.077131e-02,6.038178e-03,7.234402e-01,9.163815e-02,2.397069e-03,4.881269e-02,6.892579e-02
8.330202e-03,7.008437e-04,6.422644e-04,8.225106e-04,4.877748e-03,6.276816e-04,8.962743e-04,5.634668e-04,3.846799e-02,5.745037e-03,7.476602e-01,9.402908e-02,2.427602e-03,4.441938e-02,4.978971e-02
5.884141e-03,5.632114e-04,9.107684e-04,6.132022e-04,4.693588e-03,5.342587e-04,8.831315e-04,6.322722e-04,2.968614e-02,9.364384e-03,7.967743e-01,7.921023e-02,2.148243e-03,3.290924e-02,3.519290e-02
4.424492e-03,7.527003e-04,3.007193e-03,6.203281e-04,2.256453e-02,1.301391e-03,1.885270e-03,3.148377e-03,2.714554e-02,1.288705e-02,7.454501e-01,1.148569e-01,2.387348e-03,3.336968e-02,2.619909e-02
3.680286e-03,1.822546e-03,1.155597e-02,2.706497e-03,2.589791e-02,7.304680e-03,1.789988e-02,9.097026e-02,5.805059e-02,1.401749e-02,5.526051e-01,1.652460e-01,2.779715e-03,2.613027e-02,1.933280e-02
4.287617e-03,5.917539e-03,1.767419e-02,3.532661e-03,2.989268e-02,9.639862e-03,1.667318e-02,9.839944e-02,1.239766e-01,1.803303e-02,4.544558e-01,1.746116e-01,2.975559e-03,2.570217e-02,1.422813e-02
4.388512e-03,2.062257e-02,5.734492e-02,1.104845e-02,4.467969e-02,1.035379e-02,1.314424e-02,9.460230e-02,2.439361e-01,1.408692e-02,3.291124e-01,1.245344e-01,2.650159e-03,1.875752e-02,1.073813e-02
1.375895e-02,3.400857e-02,6.897002e-02,1.043650e-02,8.460803e-02,1.120677e-02,1.326916e-02,7.141277e-02,2.840059e-01,1.277194e-02,2.793901e-01,8.926986e-02,2.428325e-03,1.584861e-02,8.614423e-03
2.360395e-02,4.785742e-02,6.627431e-02,1.124566e-02,1.644036e-01,1.561788e-02,1.527049e-02,5.529654e-02,2.913722e-01,1.077489e-02,2.110330e-01,6.335143e-02,2.184008e-03,1.539327e-02,6.321277e-03
2.908162e-02,8.810224e-02,5.974363e-02,1.254897e-01,1.723263e-01,1.468458e-02,1.120688e-02,6.098811e-02,2.163512e-01,7.980565e-03,1.499810e-01,4.513027e-02,2.182119e-03,1.112273e-02,5.629190e-03
8.527222e-02,8.475049e-02,4.741696e-02,1.010661e-01,1.978486e-01,1.598724e-02,9.253494e-03,6.927811e-02,2.161603e-01,8.009958e-03,1.114983e-01,3.616396e-02,2.508764e-03,9.600237e-03,5.185406e-03
8.132135e-02,1.083543e-01,7.176380e-02,1.811404e-01,1.714083e-01,1.295155e-02,6.665288e-03,7.718521e-02,1.560848e-01,7.464485e-03,8.092448e-02,2.817925e-02,2.880336e-03,7.501209e-03,6.175246e-03
1.172073e-01,9.050765e-02,5.992232e-02,1.483415e-01,2.451380e-01,1.192121e-02,5.010689e-03,6.538565e-02,1.294207e-01,8.052166e-03,6.618407e-02,2.832385e-02,3.999634e-03,9.430818e-03,1.115446e-02
1.509872e-01,6.987218e-02,5.274159e-02,1.599519e-01,2.871693e-01,1.084526e-02,4.039899e-03,5.613194e-02,9.851935e-02,7.202508e-03,5.179441e-02,2.748051e-02,5.026229e-03,8.099658e-03,1.013802e-02
2.370791e-01,5.437467e-02,4.751281e-02,2.094361e-01,2.212854e-01,9.892514e-03,3.314281e-03,4.328796e-02,7.805256e-02,7.600614e-03,4.084852e-02,2.340018e-02,5.193186e-03,7.375334e-03,1.134689e-02
3.692906e-01,4.249633e-02,3.834593e-02,1.701813e-01,1.768755e-01,1.030219e-02,2.952756e-03,3.390264e-02,6.273631e-02,7.383793e-03,3.336119e-02,2.388536e-02,6.530240e-03,7.723984e-03,1.403198e-02
4.503590e-01,3.323388e-02,4.224497e-02,1.727307e-01,1.289286e-01,8.964669e-03,2.360344e-03,2.599588e-02,4.767897e-02,7.049870e-03,2.757637e-02,2.086681e-02,6.469705e-03,8.932762e-03,1.660740e-02
1.000000e+00,0.000000e+00,0.000000e+00,0.000000e+00,0.000000e+00,0.000000e+00,0.000000e+00,0.000000e+00,0.000000e+00,0.000000e+00,0.000000e+00,0.000000e+00,0.000000e+00,0.000000e+00,0.000000e+00
4.513377e-01,2.632028e-02,6.642997e-02,2.476643e-01,6.781694e-02,8.577183e-03,2.072430e-03,1.699866e-02,4.152101e-02,7.803880e-03,1.816382e-02,1.499353e-02,4.830496e-03,7.677102e-03,1.779278e-02
4.286602e-01,3.063819e-02,8.796459e-02,2.632346e-01,5.208553e-02,8.385412e-03,2.338194e-03,2.055902e-02,4.102162e-02,6.237254e-03,1.535361e-02,1.299345e-02,4.420314e-03,7.144918e-03,1.896313e-02
4.880173e-01,2.438014e-02,7.271000e-02,2.469844e-01,4.119468e-02,9.116359e-03,2.341219e-03,1.633431e-02,3.564576e-02,4.986466e-03,1.437463e-02,1.484148e-02,4.468527e-03,6.794583e-03,1.781005e-02
4.429044e-01,2.197803e-02,6.928129e-02,3.067743e-01,3.553661e-02,8.416686e-03,2.235508e-03,2.624349e-02,2.818769e-02,4.649046e-03,1.397418e-02,1.453243e-02,4.659390e-03,5.996703e-03,1.463022e-02
4.147336e-01,3.248799e-02,6.308522e-02,2.890241e-01,2.676461e-02,1.958030e-02,2.189453e-03,1.972283e-02,2.189089e-02,3.979011e-03,1.173071e-02,1.476857e-02,6.376598e-02,4.437055e-03,1.183964e-02
3.361762e-01,3.597118e-02,4.885224e-02,2.822883e-01,2.124798e-02,2.265317e-02,1.803224e-03,1.457190e-02,1.665599e-02,3.903842e-03,1.062800e-02,1.329392e-02,1.788253e-01,3.178794e-03,9.949844e-03
2.458433e-01,2.597004e-02,3.508495e-02,2.236571e-01,1.549056e-02,2.353685e-02,1.776178e-03,1.081079e-02,1.392546e-02,2.876930e-03,8.138133e-03,1.120947e-02,3.719291e-01,2.247266e-03,7.503887e-03
1.765587e-01,1.867329e-02,2.557647e-02,1.624926e-01,1.153697e-02,4.969268e-02,1.676290e-03,9.603593e-03,1.083933e-02,2.066520e-03,6.059794e-03,9.947232e-03,5.079330e-01,1.586512e-03,5.756998e-03
1.269030e-01,1.327524e-02,1.810272e-02,1.150422e-01,8.159879e-03,4.090599e-02,1.305722e-03,7.532842e-03,7.933092e-03,1.466726e-03,4.915055e-03,1.304287e-02,6.360866e-01,1.126734e-03,4.201401e-03
9.042349e-02,9.364423e-03,1.273796e-02,8.059901e-02,5.925748e-03,3.056247e-02,9.536921e-04,5.539676e-03,5.759196e-03,1.040287e-03,3.862902e-03,1.368197e-02,7.356651e-01,8.200520e-04,3.064091e-03
6.388444e-02,6.580272e-03,8.942059e-03,5.643328e-02,4.488426e-03,2.441198e-02,7.213893e-04,3.990860e-03,4.187271e-03,7.385783e-04,2.855221e-03,1.468535e-02,8.052909e-01,5.901912e-04,2.199774e-03
4.608615e-02,4.742128e-03,6.301169e-03,3.952494e-02,3.713771e-03,1.970812e-02,9.577260e-04,3.769170e-03,3.238344e-03,5.469780e-04,2.071213e-03,1.472660e-02,8.524385e-01,4.667623e-04,1.708461e-03
3.381836e-02,3.362527e-03,4.468965e-03,2.770638e-02,3.087986e-03,2.011611e-02,1.892810e-03,5.147502e-03,2.423735e-03,4.218438e-04,1.521647e-03,1.923883e-02,8.751600e-01,3.524066e-04,1.280869e-03
2.477358e-02,3.873553e-03,3.621837e-03,1.952968e-02,3.380348e-03,4.498371e-02,1.866356e-03,4.962650e-03,4.541207e-03,4.088370e-04,1.456103e-03,1.730990e-02,8.677177e-01,3.541972e-04,1.220276e-03
2.071274e-02,4.498566e-03,2.880870e-03,1.376355e-02,3.734963e-03,3.480606e-02,2.287013e-03,5.105389e-03,8.295875e-03,3.860329e-04,1.236994e-03,1.518522e-02,8.855277e-01,3.085159e-04,1.270438e-03
1.953456e-02,5.831487e-03,3.240602e-03,9.858125e-03,8.530172e-03,3.368372e-02,3.894068e-03,5.136025e-03,1.317145e-02,4.781561e-04,1.007841e-03,1.436039e-02,8.793277e-01,3.880903e-04,1.557543e-03
2.761657e-02,1.130934e-02,6.926098e-03,8.714127e-03,3.610463e-02,4.929732e-02,6.462775e-03,6.518697e-03,2.131845e-02,1.182101e-03,1.318942e-03,1.163180e-02,8.053120e-01,6.499063e-04,5.637190e-03
4.051152e-02,1.856020e-02,6.842486e-03,7.091894e-03,4.415889e-02,4.762010e-02,6.076626e-03,1.498430e-02,3.049746e-02,1.955423e-03,1.830512e-03,9.360058e-03,7.527363e-01,1.452153e-03,1.632204e-02
3.795963e-02,1.353704e-01,3.010393e-02,5.130378e-02,4.580935e-02,5.140802e-02,4.687541e-03,1.241909e-02,2.978898e-02,3.059237e-03,5.138824e-03,8.643597e-03,5.387981e-01,1.378024e-03,4.413158e-02
4.068569e-02,1.453123e-01,4.274846e-02,5.292396e-02,3.856185e-02,4.526265e-02,4.785901e-03,1.096201e-02,6.370763e-02,5.793358e-03,7.804746e-03,8.916095e-03,4.276899e-01,2.443567e-03,1.024019e-01
6.400149e-02,1.259006e-01,5.453498e-02,5.040059e-02,5.160081e-02,5.715027e-02,7.998025e-03,1.021133e-02,8.183502e-02,5.476469e-03,7.712993e-03,8.578055e-03,3.770756e-01,2.746480e-03,9.477735e-02
6.317758e-02,1.339394e-01,5.772519e-02,1.135137e-01,6.910886e-02,8.948353e-02,1.369340e-02,9.550272e-03,6.658272e-02,6.028119e-03,6.971879e-03,8.952552e-03,2.767777e-01,2.633338e-03,8.186169e-02
8.989934e-02,1.462534e-01,5.330255e-02,1.144356e-01,7.417530e-02,9.029159e-02,1.964254e-02,1.087143e-02,7.349747e-02,6.565097e-03,7.327175e-03,9.280219e-03,2.200242e-01,3.357846e-03,8.107635e-02
1.004766e-01,1.313786e-01,5.084379e-02,1.242103e-01,6.697210e-02,1.248816e-01,1.953125e-02,1.111564e-02,6.036053e-02,9.432131e-03,8.435833e-03,2.061719e-02,1.869814e-01,3.703821e-03,8.105922e-02
1.742676e-01,1.072889e-01,3.858411e-02,9.736352e-02,9.030507e-02,1.023333e-01,2.801167e-02,1.189920e-02,8.645783e-02,8.388471e-03,7.946019e-03,2.199746e-02,1.534126e-01,3.844407e-03,6.789990e-02
2.348482e-01,9.038906e-02,2.968823e-02,8.135766e-02,9.462640e-02,9.258422e-02,2.847655e-02,1.155339e-02,8.227704e-02,7.362024e-03,8.326177e-03,2.707607e-02,1.389366e-01,4.761949e-03,6.773643e-02
2.221213e-01,7.629173e-02,5.787890e-02,7.727602e-02,1.504323e-01,7.671567e-02,2.980695e-02,2.509460e-02,8.310460e-02,6.962663e-03,7.262300e-03,2.698875e-02,1.026291e-01,3.897816e-03,5.353737e-02
1.838820e-01,6.379510e-02,1.227703e-01,1.193848e-01,1.253780e-01,6.201358e-02,2.612191e-02,3.745099e-02,6.828816e-02,7.858038e-03,7.720069e-03,3.749760e-02,8.854531e-02,4.098443e-03,4.519583e-02
1.485617e-01,4.567887e-02,9.131066e-02,8.553952e-02,1.008392e-01,4.597004e-02,3.820746e-02,2.553574e-01,4.994147e-02,6.009550e-03,5.977565e-03,2.734875e-02,6.420356e-02,2.931730e-03,3.212260e-02
1.312822e-01,3.290042e-02,6.842142e-02,6.107189e-02,7.365144e-02,3.539946e-02,1.610209e-01,2.969489e-01,3.610117e-02,4.666466e-03,4.615322e-03,2.014511e-02,4.765437e-02,2.247590e-03,2.387333e-02
1.301468e-01,2.399069e-02,5.179442e-02,4.385358e-02,5.396423e-02,2.764541e-02,2.953564e-01,2.681297e-01,2.656453e-02,3.497118e-03,3.515260e-03,1.552504e-02,3.650751e-02,1.727811e-03,1.778140e-02
1.226865e-01,1.743609e-02,3.768338e-02,3.140402e-02,3.929229e-02,2.501752e-02,3.899498e-01,2.541691e-01,2.138578e-02,2.681061e-03,2.699124e-03,1.187392e-02,2.905826e-02,1.335951e-03,1.332715e-02
1.214836e-01,1.340009e-02,2.738819e-02,2.260132e-02,2.944490e-02,2.412043e-02,4.563847e-01,2.338625e-01,2.253408e-02,2.105973e-03,2.058863e-03,9.132332e-03,2.383592e-02,1.016589e-03,1.063049e-02
1.463093e-01,9.733577e-03,1.987707e-02,1.637376e-02,2.527785e-02,2.091678e-02,5.035657e-01,1.986582e-01,2.028641e-02,1.657293e-03,1.717374e-03,7.405814e-03,1.943245e-02,7.908307e-04,7.997611e-03
2.203277e-01,8.991435e-03,1.578484e-02,1.235610e-02,2.178782e-02,2.071646e-02,4.752485e-01,1.645387e-01,2.250701e-02,1.402284e-03,2.739802e-03,7.546046e-03,1.734374e-02,1.266727e-03,7.442837e-03
2.517513e-01,9.121506e-03,1.359261e-02,9.455020e-03,1.897949e-02,1.935449e-02,4.670030e-01,1.453530e-01,2.830920e-02,1.305384e-03,3.699287e-03,6.974286e-03,1.654654e-02,1.390038e-03,7.164789e-03
2.073219e-01,9.158211e-03,1.205909e-02,7.081734e-03,1.891244e-02,1.478316e-02,4.174870e-01,2.303416e-01,4.974638e-02,1.196924e-03,3.227964e-03,5.370548e-03,1.420124e-02,1.194077e-03,7.917782e-03
1.751349e-01,8.781900e-03,9.231591e-03,5.255168e-03,2.335211e-02,1.119965e-02,3.674893e-01,3.033339e-01,6.458887e-02,1.094503e-03,2.738159e-03,4.056389e-03,1.208342e-02,1.030718e-03,1.062945e-02
1.743566e-01,9.588532e-03,7.465149e-03,4.052557e-03,2.140736e-02,1.114864e-02,3.862964e-01,2.849990e-01,6.688780e-02,1.517534e-03,2.404149e-03,3.992272e-03,1.165844e-02,9.183526e-04,1.330716e-02
1.761353e-01,9.193331e-03,6.267950e-03,3.338898e-03,2.033401e-02,1.226038e-02,4.142768e-01,2.672884e-01,5.498324e-02,2.211145e-03,2.843262e-03,4.625634e-03,1.289689e-02,8.825822e-04,1.246220e-02
1.679552e-01,8.183384e-03,5.413054e-03,2.870268e-03,1.727257e-02,1.083718e-02,4.244948e-01,2.809960e-01,4.728714e-02,2.504788e-03,3.801784e-03,4.967842e-03,1.108080e-02,8.521212e-04,1.148309e-02
1.700018e-01,6.866702e-03,4.584426e-03,2.362847e-03,1.620809e-02,9.843349e-03,4.271306e-01,2.943774e-01,3.783944e-02,2.335430e-03,3.570348e-03,5.200442e-03,8.869551e-03,9.926287e-04,9.816985e-03
1.842945e-01,5.557427e-03,4.799100e-03,2.258848e-03,1.569480e-02,1.121384e-02,4.154490e-01,2.985804e-01,2.804168e-02,3.477475e-03,3.660952e-03,5.887904e-03,7.285658e-03,1.284685e-03,1.251371e-02
1.303315e-01,3.987739e-03,3.710854e-03,1.656222e-03,1.249632e-02,8.958705e-03,5.445962e-01,2.374075e-01,1.978342e-02,4.007985e-03,3.932741e-03,8.054443e-03,8.402703e-03,1.352128e-03,1.132152e-02
9.132858e-02,2.802548e-03,2.690955e-03,1.188511e-03,9.076914e-03,6.689512e-03,5.687692e-01,1.687335e-01,1.387696e-02,3.946255e-03,7.430734e-02,2.886017e-02,6.600015e-03,1.272445e-02,8.405034e-03
6.417684e-02,1.979786e-03,2.020635e-03,9.762998e-04,6.897600e-03,5.342031e-03,5.443661e-01,1.197805e-01,9.854515e-03,3.624419e-03,1.368665e-01,7.208687e-02,5.237606e-03,2.074076e-02,6.049509e-03
4.597858e-02,1.398205e-03,1.508209e-03,7.602445e-04,5.649392e-03,4.768618e-03,4.968111e-01,8.499441e-02,7.131654e-03,3.412210e-03,2.089779e-01,1.010677e-01,4.266246e-03,2.889324e-02,4.382327e-03
3.443538e-02,9.909107e-04,1.117582e-03,6.421228e-04,5.364977e-03,4.513817e-03,3.991690e-01,6.009926e-02,5.368360e-03,4.155328e-03,3.091464e-01,1.336099e-01,3.462401e-03,3.467518e-02,3.249336e-03
2.433988e-02,7.101296e-04,8.084021e-04,5.006920e-04,4.822046e-03,3.462105e-03,3.021170e-01,4.227015e-02,3.900525e-03,3.381446e-03,4.264205e-01,1.486550e-01,2.702944e-03,3.351297e-02,2.396200e-03
1.717839e-02,5.847697e-04,6.019058e-04,4.404515e-04,5.088245e-03,2.509118e-03,2.123928e-01,2.968020e-02,3.011032e-03,3.075214e-03,5.716141e-01,1.191272e-01,2.250923e-03,3.062541e-02,1.820145e-03
1.222738e-02,5.851445e-04,4.768396e-04,4.434840e-04,6.692053e-03,2.022577e-03,1.494120e-01,2.096052e-02,2.595253e-03,2.919961e-03,6.555758e-01,1.140373e-01,2.089731e-03,2.857324e-02,1.388623e-03
8.823369e-03,8.925152e-04,5.524318e-04,7.389853e-04,1.524752e-02,1.922068e-03,1.055637e-01,1.511015e-02,5.428485e-03,5.158176e-03,6.913885e-01,1.142926e-01,2.588728e-03,3.107895e-02,1.213759e-03
7.080040e-03,2.860192e-03,1.115772e-03,7.859590e-04,1.853376e-02,3.217135e-03,7.523683e-02,1.205761e-02,1.329369e-02,6.263887e-03,6.569704e-01,1.379465e-01,3.788178e-03,5.944564e-02,1.404429e-03
6.304769e-03,7.746936e-03,3.549187e-03,9.717952e-04,2.611559e-02,4.455914e-03,5.294458e-02,9.912573e-03,3.994673e-02,9.050537e-03,6.263887e-01,1.298722e-01,3.790401e-03,7.731669e-02,1.633348e-03
4.810562e-03,5.839547e-03,2.680136e-03,8.605001e-04,1.942838e-02,3.726771e-03,3.712063e-02,6.974577e-03,3.843068e-02,1.169005e-02,6.803783e-01,1.118580e-01,3.677436e-03,7.078325e-02,1.741206e-03
4.669850e-03,1.695389e-02,1.885845e-02,1.360110e-03,2.762143e-02,1.004572e-02,2.655107e-02,5.216832e-03,1.060951e-01,2.050897e-02,5.895131e-01,9.653631e-02,4.551509e-03,6.989083e-02,1.626855e-03
8.536862e-03,2.048494e-02,3.328870e-02,3.300757e-03,4.165468e-02,1.156470e-02,1.886920e-02,4.696074e-03,1.825564e-01,2.164501e-02,4.832035e-01,8.621337e-02,8.491875e-03,7.219885e-02,3.295061e-03
1.646299e-02,2.810529e-02,2.991277e-02,3.282678e-03,5.198081e-02,1.151064e-02,1.372144e-02,4.328064e-03,1.973772e-01,1.954628e-02,4.406317e-01,7.080824e-02,1.163859e-02,9.729917e-02,3.394142e-03
2.163513e-02,2.690080e-02,9.902311e-02,1.029259e-02,6.061799e-02,1.188303e-02,1.000495e-02,1.750030e-02,2.095430e-01,1.557893e-02,3.730660e-01,5.673606e-02,9.649902e-03,7.430771e-02,3.260514e-03
2.148090e-02,4.740230e-02,8.439252e-02,9.299085e-03,5.670459e-02,1.878544e-02,7.237341e-03,1.840835e-02,1.964182e-01,1.359983e-02,3.928298e-01,5.331163e-02,7.807887e-03,6.816408e-02,4.157996e-03
2.606409e-02,6.615336e-02,8.335100e-02,1.198093e-02,7.528069e-02,2.419312e-02,5.427156e-03,1.842253e-02,2.076211e-01,1.411498e-02,3.468835e-01,4.825148e-02,5.943062e-03,5.882496e-02,7.487976e-03
4.133004e-02,5.850272e-02,6.910568e-02,1.268996e-02,9.912507e-02,2.569234e-02,4.287807e-03,2.223630e-02,2.072330e-01,1.495065e-02,3.240547e-01,3.835386e-02,4.752583e-03,6.933963e-02,8.345552e-03
4.488177e-02,4.881658e-02,1.361592e-01,2.338192e-02,1.074273e-01,2.217222e-02,3.742630e-03,3.520470e-02,1.946904e-01,1.420084e-02,2.742060e-01,3.006219e-02,3.900471e-03,5.385621e-02,7.297570e-03
4.529388e-02,5.947092e-02,1.945816e-01,2.732963e-02,9.079492e-02,2.777029e-02,2.950566e-03,3.250282e-02,1.773391e-01,1.420771e-02,2.417235e-01,2.209495e-02,2.997946e-03,5.436359e-02,6.578586e-03
4.516875e-02,5.981367e-02,3.345587e-01,3.704308e-02,7.070214e-02,2.490648e-02,2.137179e-03,3.022653e-02,1.424698e-01,1.372808e-02,1.737720e-01,1.604975e-02,2.229194e-03,3.993358e-02,7.261166e-03
5.400266e-02,7.474835e-02,3.902060e-01,3.639290e-02,5.785767e-02,2.907104e-02,1.570642e-03,2.561843e-02,1.212694e-01,1.802300e-02,1.298652e-01,1.155485e-02,1.719384e-03,3.252877e-02,1.557171e-02
6.029711e-02,6.305967e-02,4.063025e-01,3.888514e-02,8.206623e-02,4.497326e-02,1.588546e-03,4.601463e-02,1.059507e-01,1.359077e-02,9.240276e-02,8.262008e-03,1.401672e-03,2.367069e-02,1.153442e-02
9.167938e-02,6.545784e-02,3.524266e-01,3.882245e-02,1.282401e-01,9.054509e-02,2.007383e-03,3.472661e-02,8.630650e-02,9.951033e-03,6.590620e-02,5.889318e-03,1.335161e-03,1.764420e-02,9.062133e-03
9.691142e-02,5.850482e-02,2.951649e-01,4.665252e-02,1.730278e-01,1.245615e-01,2.484606e-03,4.087039e-02,7.360556e-02,7.595854e-03,4.815363e-02,6.107125e-03,2.349590e-03,1.423006e-02,9.780287e-03
8.499147e-02,4.193182e-02,2.329185e-01,6.685372e-02,1.473233e-01,1.269737e-01,4.095260e-03,1.774277e-01,5.410969e-02,5.461608e-03,3.424828e-02,4.629096e-03,1.850988e-03,1.010131e-02,7.083591e-03
7.411882e-02,2.995412e-02,1.760199e-01,5.898953e-02,1.309331e-01,1.411788e-01,4.412464e-03,2.996623e-01,3.903529e-02,3.917870e-03,2.466202e-02,3.424855e-03,1.418970e-03,7.150004e-03,5.121854e-03
6.271879e-02,2.131155e-02,1.257495e-01,5.357650e-02,1.822309e-01,1.149548e-01,3.992779e-03,3.583837e-01,2.827283e-02,2.850643e-03,3.064937e-02,3.522499e-03,2.706769e-03,5.059886e-03,4.019518e-03
5.548561e-02,1.505351e-02,8.994865e-02,4.593572e-02,2.801365e-01,1.109419e-01,3.142756e-03,3.009621e-01,1.998324e-02,2.637665e-03,5.684223e-02,4.299797e-03,4.126481e-03,3.603629e-03,6.900205e-03
4.635656e-02,1.241450e-02,7.576615e-02,6.234261e-02,2.456402e-01,1.260894e-01,4.084872e-03,2.143414e-01,1.692512e-02,8.172598e-03,1.148923e-01,4.540025e-02,1.721426e-02,3.257117e-03,7.102787e-03
4.378351e-02,1.505431e-02,5.819802e-02,5.863332e-02,1.959087e-01,9.909044e-02,7.246468e-03,1.532155e-01,1.414198e-02,2.058150e-02,1.809295e-01,1.120036e-01,2.905024e-02,5.453330e-03,6.709591e-03
8.430105e-02,2.834676e-02,5.290881e-02,5.583547e-02,1.620979e-01,7.978886e-02,9.369077e-03,1.150580e-01,1.457592e-02,2.320251e-02,1.923685e-01,1.386794e-01,2.940004e-02,7.618289e-03,6.449398e-03
1.508631e-01,2.563694e-02,4.699071e-02,4.105908e-02,1.229254e-01,6.059203e-02,7.868771e-03,9.216848e-02,1.673881e-02,1.898372e-02,1.676807e-01,1.980490e-01,3.266216e-02,1.267294e-02,5.108221e-03
1.789230e-01,2.453007e-02,4.300236e-02,3.033183e-02,9.104115e-02,4.579802e-02,6.399768e-03,6.937379e-02,1.795261e-02,1.590596e-02,1.886463e-01,2.377370e-01,2.769019e-02,1.802800e-02,4.639976e-03
1.742970e-01,2.295208e-02,4.284954e-02,2.248213e-02,6.769265e-02,3.583284e-02,4.849910e-03,5.162620e-02,2.438544e-02,1.477393e-02,2.770830e-01,2.098424e-01,2.219887e-02,2.366464e-02,5.469443e-03
2.820696e-01,2.415695e-02,3.514776e-02,2.092922e-02,5.818915e-02,3.356018e-02,3.980050e-03,4.712564e-02,2.603172e-02,1.365057e-02,2.250895e-01,1.688245e-01,1.878281e-02,3.393251e-02,8.529870e-03
3.245509e-01,2.129026e-02,2.948940e-02,1.866348e-02,4.586707e-02,3.087908e-02,3.234238e-03,4.162439e-02,2.919456e-02,1.352230e-02,2.259280e-01,1.447029e-01,1.479367e-02,4.518703e-02,1.107272e-02
3.238496e-01,1.713357e-02,8.998564e-02,1.891856e-02,3.778086e-02,4.134865e-02,4.137665e-03,4.799614e-02,2.432918e-02,1.392450e-02,1.974443e-01,1.227502e-01,1.168343e-02,3.930300e-02,9.414748e-03
3.090566e-01,1.739186e-02,6.977831e-02,1.902976e-02,3.371835e-02,3.868055e-02,3.557035e-03,3.863645e-02,2.381684e-02,1.287348e-02,2.358050e-01,1.121994e-01,1.000615e-02,6.463624e-02,1.081400e-02
3.098788e-01,2.425011e-02,6.409141e-02,2.084060e-02,3.113305e-02,3.120081e-02,3.804506e-03,3.821388e-02,2.670471e-02,1.222780e-02,2.279850e-01,1.060145e-01,8.200240e-03,8.214125e-02,1.331329e-02
2.442865e-01,2.058519e-02,5.642942e-02,1.713209e-02,2.506394e-02,2.447647e-02,3.490750e-03,3.112734e-02,3.298609e-02,1.450587e-02,2.838918e-01,1.049308e-01,6.647414e-03,1.232142e-01,1.123217e-02
1.888796e-01,1.674206e-02,4.525962e-02,1.304410e-02,2.049731e-02,1.995439e-02,3.145363e-03,2.440885e-02,4.300205e-02,1.533987e-02,3.283187e-01,9.758804e-02,5.463982e-03,1.695188e-01,8.837252e-03
1.380647e-01,1.528666e-02,4.159974e-02,1.017478e-02,1.820047e-02,2.159686e-02,2.489901e-03,1.917296e-02,8.744889e-02,1.328275e-02,3.019634e-01,7.622419e-02,4.467773e-03,2.431683e-01,6.858639e-03
1.046282e-01,1.270993e-02,1.355097e-01,1.044247e-02,1.596403e-02,2.023898e-02,2.064867e-03,2.144516e-02,1.329539e-01,1.179151e-02,2.459587e-01,5.589442e-02,3.478923e-03,2.216154e-01,5.303817e-03
1.048731e-01,1.352976e-02,1.521913e-01,9.891112e-03,1.474397e-02,2.495364e-02,1.554097e-03,1.687427e-02,1.630168e-01,1.179016e-02,2.187531e-01,4.106201e-02,3.113976e-03,2.157066e-01,7.946135e-03
8.292069e-02,1.954763e-02,1.816461e-01,9.729563e-03,1.371161e-02,3.237029e-02,1.170728e-03,1.391357e-02,1.900747e-01,1.283552e-02,2.069153e-01,2.948010e-02,2.612754e-03,1.935107e-01,9.560676e-03
6.581219e-02,1.588583e-02,2.510997e-01,1.245574e-02,1.405765e-02,3.328040e-02,1.133374e-03,1.640247e-02,2.179421e-01,1.314900e-02,1.748538e-01,2.117065e-02,1.991825e-03,1.523937e-01,8.371583e-03
6.188141e-02,1.378637e-02,1.888960e-01,1.072693e-02,1.148415e-02,2.990771e-02,1.096881e-03,1.708309e-02,2.818146e-01,1.245829e-02,2.077691e-01,1.514937e-02,1.493426e-03,1.396788e-01,6.773836e-03
5.510522e-02,1.079518e-02,1.350166e-01,8.512963e-03,8.497667e-03,2.591866e-02,8.993665e-04,1.364191e-02,2.804273e-01,1.059153e-02,3.130066e-01,1.091613e-02,1.110716e-03,1.205291e-01,5.030897e-03
5.871789e-02,8.462816e-03,1.013370e-01,9.405987e-03,6.645687e-03,2.503478e-02,7.199861e-04,1.324476e-02,2.763971e-01,9.549901e-03,3.824171e-01,7.876548e-03,8.583523e-04,9.457960e-02,4.752405e-03
7.059850e-02,1.148715e-02,9.418691e-02,1.570489e-02,7.174587e-03,4.100625e-02,6.074306e-04,1.140954e-02,2.569393e-01,7.941360e-03,3.914064e-01,6.002150e-03,9.035950e-04,7.199436e-02,1.263759e-02
5.907565e-02,1.011786e-02,7.082383e-02,1.220877e-02,5.546637e-03,3.690232e-02,4.395091e-04,8.357413e-03,2.522250e-01,6.576717e-03,4.629413e-01,4.824822e-03,7.350337e-04,5.954193e-02,9.683155e-03
4.995850e-02,8.231582e-03,5.111559e-02,1.036728e-02,4.713974e-03,3.088396e-02,3.333566e-04,7.056816e-03,2.137045e-01,5.473367e-03,5.574701e-01,4.311673e-03,6.373168e-04,4.837368e-02,7.368350e-03
4.434598e-02,7.642976e-03,4.045988e-02,9.099429e-03,4.186260e-03,2.922588e-02,2.575370e-04,6.106472e-03,1.994892e-01,4.339208e-03,6.050808e-01,3.536002e-03,5.497447e-04,4.010464e-02,5.575930e-03
4.027236e-02,1.094755e-02,3.153838e-02,9.143786e-03,4.221043e-03,6.450099e-02,2.150574e-04,7.716426e-03,2.750011e-01,3.841375e-03,5.081382e-01,2.679770e-03,4.655328e-04,3.639878e-02,4.919644e-03
4.477742e-02,1.070272e-02,2.569104e-02,8.791991e-03,4.839359e-03,7.236048e-02,2.425425e-04,1.435627e-02,3.894473e-01,3.373367e-03,3.771200e-01,2.295088e-03,4.400259e-04,4.063299e-02,4.929369e-03
7.265928e-02,9.722540e-03,6.803590e-02,2.370777e-02,9.113387e-03,7.077302e-02,9.598443e-04,2.651122e-02,3.920021e-01,3.494713e-03,2.702226e-01,2.416088e-03,5.906179e-04,4.382950e-02,5.961451e-03
7.570605e-02,1.068375e-02,5.724624e-02,2.150040e-02,8.469876e-03,1.036701e-01,8.601798e-04,2.106974e-02,4.354444e-01,3.404548e-03,1.963163e-01,2.183412e-03,5.852367e-04,5.700683e-02,5.852926e-03
8.362177e-02,1.149800e-02,5.603953e-02,2.104303e-02,7.341741e-03,9.767050e-02,6.636840e-04,1.577913e-02,4.526747e-01,4.863556e-03,1.476696e-01,1.958192e-03,5.639687e-04,9.160705e-02,7.005592e-03
1.360490e-01,1.396553e-02,8.206934e-02,3.306646e-02,1.274732e-02,8.523186e-02,1.281197e-03,1.539711e-02,4.052274e-01,5.330980e-03,1.103876e-01,3.485704e-03,1.050988e-03,8.389550e-02,1.081409e-02
1.524552e-01,1.437243e-02,6.177020e-02,2.718908e-02,1.428876e-02,8.456838e-02,1.118143e-03,1.376685e-02,4.500119e-01,7.062979e-03,8.448692e-02,3.423430e-03,1.126255e-03,7.347465e-02,1.088486e-02
1.758139e-01,1.371139e-02,5.881207e-02,5.140582e-02,2.337959e-02,1.029936e-01,1.415742e-03,2.310396e-02,4.084541e-01,6.234573e-03,6.200197e-02,4.268826e-03,1.221547e-03,5.566635e-02,1.151653e-02
2.393795e-01,1.447697e-02,5.705586e-02,4.717358e-02,2.863049e-02,9.698416e-02,1.218895e-03,1.889234e-02,3.807619e-01,6.329617e-03,4.570765e-02,5.446342e-03,1.462303e-03,4.176079e-02,1.471962e-02
3.462876e-01,1.564861e-02,5.679590e-02,4.779189e-02,2.700921e-02,7.704721e-02,1.709398e-03,1.541815e-02,3.101721e-01,5.338108e-03,3.510015e-02,8.820063e-03,2.663855e-03,3.378628e-02,1.641149e-02
4.640878e-01,1.653439e-02,4.548285e-02,4.035292e-02,2.584948e-02,5.708447e-02,1.789622e-03,1.321801e-02,2.460238e-01,5.093903e-03,2.682602e-02,9.580059e-03,3.233549e-03,2.668666e-02,1.815645e-02
1.000000e+00,0.000000e+00,0.000000e+00,0.000000e+00,0.000000e+00,0.000000e+00,0.000000e+00,0.000000e+00,0.000000e+00,0.000000e+00,0.000000e+00,0.000000e+00,0.000000e+00,0.000000e+00,0.000000e+00
1.000000e+00,0.000000e+00,0.000000e+00,0.000000e+00,0.000000e+00,0.000000e+00,0.000000e+00,0.000000e+00,0.000000e+00,0.000000e+00,0.000000e+00,0.000000e+00,0.000000e+00,0.000000e+00,0.000000e+00
1.000000e+00,0.000000e+00,0.000000e+00,0.000000e+00,0.000000e+00,0.000000e+00,0.000000e+00,0.000000e+00,0.000000e+00,0.000000e+00,0.000000e+00,0.000000e+00,0.000000e+00,0.000000e+00,0.000000e+00
1.000000e+00,0.000000e+00,0.000000e+00,0.000000e+00,0.000000e+00,0.000000e+00,0.000000e+00,0.000000e+00,0.000000e+00,0.000000e+00,0.000000e+00,0.000000e+00,0.000000e+00,0.000000e+00,0.000000e+00
