1.000000e+00,0.000000e+00,0.000000e+00,0.000000e+00,0.000000e+00,0.000000e+00,0.000000e+00,0.000000e+00,0.000000e+00,0.000000e+00,0.000000e+00,0.000000e+00,0.000000e+00,0.000000e+00,0.000000e+00
1.000000e+00,0.000000e+00,0.000000e+00,0.000000e+00,0.000000e+00,0.000000e+00,0.000000e+00,0.000000e+00,0.000000e+00,0.000000e+00,0.000000e+00,0.000000e+00,0.000000e+00,0.000000e+00,0.000000e+00
1.000000e+00,0.000000e+00,0.000000e+00,0.000000e+00,0.000000e+00,0.000000e+00,0.000000e+00,0.000000e+00,0.000000e+00,0.000000e+00,0.000000e+00,0.000000e+00,0.000000e+00,0.000000e+00,0.000000e+00
1.000000e+00,0.000000e+00,0.000000e+00,0.000000e+00,0.000000e+00,0.000000e+00,0.000000e+00,0.000000e+00,0.000000e+00,0.000000e+00,0.000000e+00,0.000000e+00,0.000000e+00,0.000000e+00,0.000000e+00
1.000000e+00,0.000000e+00,0.000000e+00,0.000000e+00,0.000000e+00,0.000000e+00,0.000000e+00,0.000000e+00,0.000000e+00,0.000000e+00,0.000000e+00,0.000000e+00,0.000000e+00,0.000000e+00,0.000000e+00
1.000000e+00,0.000000e+00,0.000000e+00,0.000000e+00,0.000000e+00,0.000000e+00,0.000000e+00,0.000000e+00,0.000000e+00,0.000000e+00,0.000000e+00,0.000000e+00,0.000000e+00,0.000000e+00,0.000000e+00
1.000000e+00,0.000000e+00,0.000000e+00,0.000000e+00,0.000000e+00,0.000000e+00,0.000000e+00,0.000000e+00,0.000000e+00,0.000000e+00,0.000000e+00,0.000000e+00,0.000000e+00,0.000000e+00,0.000000e+00
1.000000e+00,0.000000e+00,0.000000e+00,0.000000e+00,0.000000e+00,0.000000e+00,0.000000e+00,0.000000e+00,0.000000e+00,0.000000e+00,0.000000e+00,0.000000e+00,0.000000e+00,0.000000e+00,0.000000e+00
1.000000e+00,0.000000e+00,0.000000e+00,0.000000e+00,0.000000e+00,0.000000e+00,0.000000e+00,0.000000e+00,0.000000e+00,0.000000e+00,0.000000e+00,0.000000e+00,0.000000e+00,0.000000e+00,0.000000e+00
1.000000e+00,0.000000e+00,0.000000e+00,0.000000e+00,0.000000e+00,0.000000e+00,0.000000e+00,0.000000e+00,0.000000e+00,0.000000e+00,0.000000e+00,0.000000e+00,0.000000e+00,0.000000e+00,0.000000e+00
1.000000e+00,0.000000e+00,0.000000e+00,0.000000e+00,0.000000e+00,0.000000e+00,0.000000e+00,0.000000e+00,0.000000e+00,0.000000e+00,0.000000e+00,0.000000e+00,0.000000e+00,0.000000e+00,0.000000e+00
1.000000e+00,0.000000e+00,0.000000e+00,0.000000e+00,0.000000e+00,0.000000e+00,0.000000e+00,0.000000e+00,0.000000e+00,0.000000e+00,0.000000e+00,0.000000e+00,0.000000e+00,0.000000e+00,0.000000e+00
1.000000e+00,0.000000e+00,0.000000e+00,0.000000e+00,0.000000e+00,0.000000e+00,0.000000e+00,0.000000e+00,0.000000e+00,0.000000e+00,0.000000e+00,0.000000e+00,0.000000e+00,0.000000e+00,0.000000e+00
1.000000e+00,0.000000e+00,0.000000e+00,0.000000e+00,0.000000e+00,0.000000e+00,0.000000e+00,0.000000e+00,0.000000e+00,0.000000e+00,0.000000e+00,0.000000e+00,0.000000e+00,0.000000e+00,0.000000e+00
1.000000e+00,0.000000e+00,0.000000e+00,0.000000e+00,0.000000e+00,0.000000e+00,0.000000e+00,0.000000e+00,0.000000e+00,0.000000e+00,0.000000e+00,0.000000e+00,0.000000e+00,0.000000e+00,0.000000e+00
1.000000e+00,0.000000e+00,0.000000e+00,0.000000e+00,0.000000e+00,0.000000e+00,0.000000e+00,0.000000e+00,0.000000e+00,0.000000e+00,0.000000e+00,0.000000e+00,0.000000e+00,0.000000e+00,0.000000e+00
1.000000e+00,0.000000e+00,0.000000e+00,0.000000e+00,0.000000e+00,0.000000e+00,0.000000e+00,0.000000e+00,0.000000e+00,0.000000e+00,0.000000e+00,0.000000e+00,0.000000e+00,0.000000e+00,0.000000e+00
1.000000e+00,0.000000e+00,0.000000e+00,0.000000e+00,0.000000e+00,0.000000e+00,0.000000e+00,0.000000e+00,0.000000e+00,0.000000e+00,0.000000e+00,0.000000e+00,0.000000e+00,0.000000e+00,0.000000e+00
1.000000e+00,0.000000e+00,0.000000e+00,0.000000e+00,0.000000e+00,0.000000e+00,0.000000e+00,0.000000e+00,0.000000e+00,0.000000e+00,0.000000e+00,0.000000e+00,0.000000e+00,0.000000e+00,0.000000e+00
1.000000e+00,0.000000e+00,0.000000e+00,0.000000e+00,0.000000e+00,0.000000e+00,0.000000e+00,0.000000e+00,0.000000e+00,0.000000e+00,0.000000e+00,0.000000e+00,0.000000e+00,0.000000e+00,0.000000e+00
1.000000e+00,0.000000e+00,0.000000e+00,0.000000e+00,0.000000e+00,0.000000e+00,0.000000e+00,0.000000e+00,0.000000e+00,0.000000e+00,0.000000e+00,0.000000e+00,0.000000e+00,0.000000e+00,0.000000e+00
1.000000e+00,0.000000e+00,0.000000e+00,0.000000e+00,0.000000e+00,0.000000e+00,0.000000e+00,0.000000e+00,0.000000e+00,0.000000e+00,0.000000e+00,0.000000e+00,0.000000e+00,0.000000e+00,0.000000e+00
1.000000e+00,0.000000e+00,0.000000e+00,0.000000e+00,0.000000e+00,0.000000e+00,0.000000e+00,0.000000e+00,0.000000e+00,0.000000e+00,0.000000e+00,0.000000e+00,0.000000e+00,0.000000e+00,0.000000e+00
1.000000e+00,0.000000e+00,0.000000e+00,0.000000e+00,0.000000e+00,0.000000e+00,0.000000e+00,0.000000e+00,0.000000e+00,0.000000e+00,0.000000e+00,0.000000e+00,0.000000e+00,0.000000e+00,0.000000e+00
1.000000e+00,0.000000e+00,0.000000e+00,0.000000e+00,0.000000e+00,0.000000e+00,0.000000e+00,0.000000e+00,0.000000e+00,0.000000e+00,0.000000e+00,0.000000e+00,0.000000e+00,0.000000e+00,0.000000e+00
1.000000e+00,0.000000e+00,0.000000e+00,0.000000e+00,0.000000e+00,0.000000e+00,0.000000e+00,0.000000e+00,0.000000e+00,0.000000e+00,0.000000e+00,0.000000e+00,0.000000e+00,0.000000e+00,0.000000e+00
1.000000e+00,0.000000e+00,0.000000e+00,0.000000e+00,0.000000e+00,0.000000e+00,0.000000e+00,0.000000e+00,0.000000e+00,0.000000e+00,0.000000e+00,0.000000e+00,0.000000e+00,0.000000e+00,0.000000e+00
1.000000e+00,0.000000e+00,0.000000e+00,0.000000e+00,0.000000e+00,0.000000e+00,0.000000e+00,0.000000e+00,0.000000e+00,0.000000e+00,0.000000e+00,0.000000e+00,0.000000e+00,0.000000e+00,0.000000e+00
1.000000e+00,0.000000e+00,0.000000e+00,0.000000e+00,0.000000e+00,0.000000e+00,0.000000e+00,0.000000e+00,0.000000e+00,0.000000e+00,0.000000e+00,0.000000e+00,0.000000e+00,0.000000e+00,0.000000e+00
1.000000e+00,0.000000e+00,0.000000e+00,0.000000e+00,0.000000e+00,0.000000e+00,0.000000e+00,0.000000e+00,0.000000e+00,0.000000e+00,0.000000e+00,0.000000e+00,0.000000e+00,0.000000e+00,0.000000e+00
1.000000e+00,0.000000e+00,0.000000e+00,0.000000e+00,0.000000e+00,0.000000e+00,0.000000e+00,0.000000e+00,0.000000e+00,0.000000e+00,0.000000e+00,0.000000e+00,0.000000e+00,0.000000e+00,0.000000e+00
1.000000e+00,0.000000e+00,0.000000e+00,0.000000e+00,0.000000e+00,0.000000e+00,0.000000e+00,0.000000e+00,0.000000e+00,0.000000e+00,0.000000e+00,0.000000e+00,0.000000e+00,0.000000e+00,0.000000e+00
1.000000e+00,0.000000e+00,0.000000e+00,0.000000e+00,0.000000e+00,0.000000e+00,0.000000e+00,0.000000e+00,0.000000e+00,0.000000e+00,0.000000e+00,0.000000e+00,0.000000e+00,0.000000e+00,0.000000e+00
1.000000e+00,0.000000e+00,0.000000e+00,0.000000e+00,0.000000e+00,0.000000e+00,0.000000e+00,0.000000e+00,0.000000e+00,0.000000e+00,0.000000e+00,0.000000e+00,0.000000e+00,0.000000e+00,0.000000e+00
1.000000e+00,0.000000e+00,0.000000e+00,0.000000e+00,0.000000e+00,0.000000e+00,0.000000e+00,0.000000e+00,0.000000e+00,0.000000e+00,0.000000e+00,0.000000e+00,0.000000e+00,0.000000e+00,0.000000e+00
1.000000e+00,0.000000e+00,0.000000e+00,0.000000e+00,0.000000e+00,0.000000e+00,0.000000e+00,0.000000e+00,0.000000e+00,0.000000e+00,0.000000e+00,0.000000e+00,0.000000e+00,0.000000e+00,0.000000e+00
1.000000e+00,0.000000e+00,0.000000e+00,0.000000e+00,0.000000e+00,0.000000e+00,0.000000e+00,0.000000e+00,0.000000e+00,0.000000e+00,0.000000e+00,0.000000e+00,0.000000e+00,0.000000e+00,0.000000e+00
4.260641e-01,6.672634e-02,4.724735e-02,1.621312e-01,1.875705e-02,4.224918e-02,1.620610e-02,5.220263e-02,2.004197e-02,4.719293e-03,2.512506e-02,4.392288e-02,1.469955e-02,5.731467e-03,5.417573e-02
3.884665e-01,7.445648e-02,4.652807e-02,1.796206e-01,1.976575e-02,3.828367e-02,1.401221e-02,4.463761e-02,2.894731e-02,5.179160e-03,3.085785e-02,4.107883e-02,1.494834e-02,7.303722e-03,6.591386e-02
3.896807e-01,7.766165e-02,4.145347e-02,1.672880e-01,1.856294e-02,3.620385e-02,1.212281e-02,3.663452e-02,3.162855e-02,6.174718e-03,3.627297e-02,3.655089e-02,1.491028e-02,1.323868e-02,8.161591e-02
3.543613e-01,8.502185e-02,4.769602e-02,1.710388e-01,1.749431e-02,3.466598e-02,1.039226e-02,3.276312e-02,3.524581e-02,7.138555e-03,4.175109e-02,3.373711e-02,1.552708e-02,1.763144e-02,9.553526e-02
3.776996e-01,8.490710e-02,4.463396e-02,1.557952e-01,1.649892e-02,3.124116e-02,9.326911e-03,2.806779e-02,3.508409e-02,7.754951e-03,4.329594e-02,3.121378e-02,1.537823e-02,2.032810e-02,9.877421e-02
4.167375e-01,7.780882e-02,4.049737e-02,1.319141e-01,1.478635e-02,3.077092e-02,8.980398e-03,2.580799e-02,3.521696e-02,7.550772e-03,4.529351e-02,2.902880e-02,1.558699e-02,2.382351e-02,9.619597e-02
3.803022e-01,8.169168e-02,5.196458e-02,1.325323e-01,1.408740e-02,2.971194e-02,8.144860e-03,2.414678e-02,3.668588e-02,7.705444e-03,4.994541e-02,2.822474e-02,1.659675e-02,2.450501e-02,1.137551e-01
3.640862e-01,8.077001e-02,6.759953e-02,1.309522e-01,1.338339e-02,2.686849e-02,6.911566e-03,2.231850e-02,3.249253e-02,8.549098e-03,4.760770e-02,2.802573e-02,1.893482e-02,2.441460e-02,1.270856e-01
4.341868e-01,6.840291e-02,6.885428e-02,1.120621e-01,1.308074e-02,2.410573e-02,6.474633e-03,2.000664e-02,2.652349e-02,7.569584e-03,4.171823e-02,2.731963e-02,1.945199e-02,2.261369e-02,1.076295e-01
1.000000e+00,0.000000e+00,0.000000e+00,0.000000e+00,0.000000e+00,0.000000e+00,0.000000e+00,0.000000e+00,0.000000e+00,0.000000e+00,0.000000e+00,0.000000e+00,0.000000e+00,0.000000e+00,0.000000e+00
1.000000e+00,0.000000e+00,0.000000e+00,0.000000e+00,0.000000e+00,0.000000e+00,0.000000e+00,0.000000e+00,0.000000e+00,0.000000e+00,0.000000e+00,0.000000e+00,0.000000e+00,0.000000e+00,0.000000e+00
1.000000e+00,0.000000e+00,0.000000e+00,0.000000e+00,0.000000e+00,0.000000e+00,0.000000e+00,0.000000e+00,0.000000e+00,0.000000e+00,0.000000e+00,0.000000e+00,0.000000e+00,0.000000e+00,0.000000e+00
1.000000e+00,0.000000e+00,0.000000e+00,0.000000e+00,0.000000e+00,0.000000e+00,0.000000e+00,0.000000e+00,0.000000e+00,0.000000e+00,0.000000e+00,0.000000e+00,0.000000e+00,0.000000e+00,0.000000e+00
1.000000e+00,0.000000e+00,0.000000e+00,0.000000e+00,0.000000e+00,0.000000e+00,0.000000e+00,0.000000e+00,0.000000e+00,0.000000e+00,0.000000e+00,0.000000e+00,0.000000e+00,0.000000e+00,0.000000e+00
1.000000e+00,0.000000e+00,0.000000e+00,0.000000e+00,0.000000e+00,0.000000e+00,0.000000e+00,0.000000e+00,0.000000e+00,0.000000e+00,0.000000e+00,0.000000e+00,0.000000e+00,0.000000e+00,0.000000e+00
1.000000e+00,0.000000e+00,0.000000e+00,0.000000e+00,0.000000e+00,0.000000e+00,0.000000e+00,0.000000e+00,0.000000e+00,0.000000e+00,0.000000e+00,0.000000e+00,0.000000e+00,0.000000e+00,0.000000e+00
1.000000e+00,0.000000e+00,0.000000e+00,0.000000e+00,0.000000e+00,0.000000e+00,0.000000e+00,0.000000e+00,0.000000e+00,0.000000e+00,0.000000e+00,0.000000e+00,0.000000e+00,0.000000e+00,0.000000e+00
1.000000e+00,0.000000e+00,0.000000e+00,0.000000e+00,0.000000e+00,0.000000e+00,0.000000e+00,0.000000e+00,0.000000e+00,0.000000e+00,0.000000e+00,0.000000e+00,0.000000e+00,0.000000e+00,0.000000e+00
4.823196e-01,1.745333e-02,2.861608e-01,8.389622e-02,5.343931e-03,1.394357e-02,3.417125e-03,2.778010e-02,5.585746e-03,2.063654e-03,1.976299e-02,1.674295e-02,1.167651e-02,4.421469e-03,1.943207e-02
3.881883e-01,1.282552e-02,3.095785e-01,7.909277e-02,5.486194e-03,1.162312e-02,2.811687e-03,1.275700e-01,4.391647e-03,1.713492e-03,1.591275e-02,1.346076e-02,9.269715e-03,3.471671e-03,1.460391e-02
2.732023e-01,9.074741e-03,2.283418e-01,5.818794e-02,4.346629e-03,8.331618e-03,2.391786e-03,3.715544e-01,3.110642e-03,1.217710e-03,1.129425e-02,9.494155e-03,6.627575e-03,2.478267e-03,1.034617e-02
1.920396e-01,6.402518e-03,2.009130e-01,5.264270e-02,4.057656e-03,6.046674e-03,1.742087e-03,5.043227e-01,2.205226e-03,8.642332e-04,8.104451e-03,6.690072e-03,4.867494e-03,1.786497e-03,7.315041e-03
1.345761e-01,4.491938e-03,1.677989e-01,4.098013e-02,2.991747e-03,4.294715e-03,1.254342e-03,6.211779e-01,1.548357e-03,6.093552e-04,5.730992e-03,4.694641e-03,3.450363e-03,1.264985e-03,5.135570e-03
9.431368e-02,3.152163e-03,1.305165e-01,2.984210e-02,2.258473e-03,3.085554e-03,1.321395e-03,7.196327e-01,1.091858e-03,4.361747e-04,4.059925e-03,3.291934e-03,2.488264e-03,9.025026e-04,3.606719e-03
6.610505e-02,2.222120e-03,9.906457e-02,2.234809e-02,2.607574e-03,2.499196e-03,2.217182e-03,7.911206e-01,7.849746e-04,3.764110e-04,2.958960e-03,2.315205e-03,2.159382e-03,6.686348e-04,2.552059e-03
4.670585e-02,1.689035e-03,8.122813e-02,1.616904e-02,5.617366e-03,6.307545e-03,4.944883e-03,7.226088e-01,1.758627e-03,4.951165e-04,3.267514e-03,2.543218e-03,1.033191e-01,5.583001e-04,2.787496e-03
3.288091e-02,1.451807e-03,5.906394e-02,1.164596e-02,6.663052e-03,5.397146e-03,4.528446e-03,5.912991e-01,3.116428e-03,7.760868e-04,3.605678e-03,2.326855e-03,2.727742e-01,4.612153e-04,4.009179e-03
2.331312e-02,1.223769e-03,4.272519e-02,8.456787e-03,7.605566e-03,5.236048e-03,7.457891e-03,4.556181e-01,5.024164e-03,7.143958e-03,3.709759e-03,3.756816e-03,3.964840e-01,1.166283e-03,3.107849e-02
1.637711e-02,8.872598e-04,2.994006e-02,6.037408e-03,5.698930e-03,4.216118e-03,6.515497e-03,3.191036e-01,3.716586e-03,1.071060e-02,3.794990e-03,5.455114e-03,4.713209e-01,2.771646e-03,1.134542e-01
1.148941e-02,6.880245e-04,2.103005e-02,4.660551e-03,4.339592e-03,3.305104e-03,6.384093e-03,2.235868e-01,4.673064e-03,2.026141e-02,8.311131e-03,5.575111e-03,3.899753e-01,6.457792e-03,2.892625e-01
8.092164e-03,8.180747e-04,1.482189e-02,3.340814e-03,3.280483e-03,3.638004e-03,4.707622e-03,1.565443e-01,7.139769e-03,2.737993e-02,7.560559e-03,4.256947e-03,2.797018e-01,1.742930e-02,4.612884e-01
5.694501e-03,1.373695e-03,1.052380e-02,2.378347e-03,2.486299e-03,3.223259e-03,3.452579e-03,1.095937e-01,1.382517e-02,3.416593e-02,6.685840e-03,3.191270e-03,1.992224e-01,2.532684e-02,5.788563e-01
4.467125e-03,1.834110e-03,7.723992e-03,1.854583e-03,2.055863e-03,6.089846e-02,3.256068e-03,7.674938e-02,1.452755e-02,3.068348e-02,5.923063e-03,2.714668e-03,1.464446e-01,4.021381e-02,6.006532e-01
3.361090e-03,2.197539e-03,5.580036e-03,1.484253e-03,1.519563e-03,7.713611e-02,2.437859e-03,5.374942e-02,1.669337e-02,3.630032e-02,6.907489e-03,2.528335e-03,1.094160e-01,5.752327e-02,6.231654e-01
2.466423e-03,1.028931e-02,4.104541e-03,1.237073e-03,1.143325e-03,6.589711e-02,1.806203e-03,3.768879e-02,4.061130e-02,3.006487e-02,1.237742e-02,3.046037e-03,7.945111e-02,6.560753e-02,6.442090e-01
1.842727e-03,1.357961e-02,3.115000e-03,1.269289e-03,1.015548e-03,4.966743e-02,1.346298e-03,2.660947e-02,1.346565e-01,2.548956e-02,1.070689e-02,2.792888e-03,5.839673e-02,7.746738e-02,5.920447e-01
1.475853e-03,2.057826e-02,3.204818e-03,1.508828e-03,8.681255e-04,3.705957e-02,9.696611e-04,1.864711e-02,2.171225e-01,2.813151e-02,1.061581e-02,2.290907e-03,4.236941e-02,7.930130e-02,5.358563e-01
3.264084e-03,2.065417e-02,3.370176e-03,1.519991e-03,1.014288e-03,2.824770e-02,7.054346e-04,1.307669e-02,1.751432e-01,2.326796e-02,3.329320e-02,2.239220e-03,3.110113e-02,9.525636e-02,5.678465e-01
1.019100e-02,1.784958e-02,3.147294e-03,1.168385e-03,3.676730e-03,2.168258e-02,5.343557e-04,9.178627e-03,1.469677e-01,1.738310e-02,3.715785e-02,2.008656e-03,2.405863e-02,1.209134e-01,5.840821e-01
2.593006e-02,1.622968e-02,8.230939e-03,1.278544e-03,3.685618e-03,2.291554e-02,4.431053e-04,6.674566e-03,1.402783e-01,1.493673e-02,4.366475e-02,2.180933e-03,1.941934e-02,1.534106e-01,5.407213e-01
1.993714e-02,2.399128e-02,6.953149e-03,1.074970e-03,1.320894e-02,1.774166e-02,4.897046e-04,4.698541e-03,2.271380e-01,1.789193e-02,3.377155e-02,1.639440e-03,1.440695e-02,1.184228e-01,4.986340e-01
1.658516e-02,3.896501e-02,6.348772e-03,1.090716e-03,1.192385e-02,1.398378e-02,4.835082e-04,3.412737e-03,2.995245e-01,2.387468e-02,2.632143e-02,1.432942e-03,1.094002e-02,1.123228e-01,4.327902e-01
1.646996e-02,3.999307e-02,5.836329e-03,1.192316e-03,1.040439e-02,1.099979e-02,5.387058e-04,2.450624e-03,2.907171e-01,4.082721e-02,2.279184e-02,1.379271e-03,8.770674e-03,1.396126e-01,4.080161e-01
1.908771e-02,3.012406e-02,5.828558e-03,1.280170e-03,9.969055e-03,9.465979e-03,7.421114e-04,1.874067e-03,2.660791e-01,6.957952e-02,1.801141e-02,1.228059e-03,6.961953e-03,1.433244e-01,4.164438e-01
2.916953e-02,4.343092e-02,1.431548e-02,5.127768e-02,4.160487e-02,1.396738e-02,2.170217e-03,4.575566e-03,2.603238e-01,7.170241e-02,1.439650e-02,1.092771e-03,5.422860e-03,1.150972e-01,3.314528e-01
8.502150e-02,4.489246e-02,1.522223e-02,3.815399e-02,6.018456e-02,3.189770e-02,1.694896e-03,5.897117e-03,2.297911e-01,6.418066e-02,1.170325e-02,1.038898e-03,4.272306e-03,1.065324e-01,2.995169e-01
1.028837e-01,3.945810e-02,1.545294e-02,2.938155e-02,6.071036e-02,3.374476e-02,1.373398e-03,5.861686e-03,2.515056e-01,5.946231e-02,9.589054e-03,1.058156e-03,3.438891e-03,1.252724e-01,2.608071e-01
1.045475e-01,4.205206e-02,1.430477e-02,7.585409e-02,7.617401e-02,3.566027e-02,1.523885e-03,7.577077e-03,2.630055e-01,4.858191e-02,9.154998e-03,1.948126e-03,3.203686e-03,1.048695e-01,2.115427e-01
8.216766e-02,4.786840e-02,2.088990e-02,2.389473e-01,7.027295e-02,3.022350e-02,1.246576e-03,6.850816e-03,1.979576e-01,4.025164e-02,7.640517e-03,2.231782e-03,2.729992e-03,7.476618e-02,1.759552e-01
6.414763e-02,3.884742e-02,3.729711e-02,2.009861e-01,5.617550e-02,1.882499e-01,1.099154e-03,8.958420e-03,1.526735e-01,3.304802e-02,7.671491e-03,2.143743e-03,2.059291e-03,5.978755e-02,1.468552e-01
6.854117e-02,4.324907e-02,4.745097e-02,1.501664e-01,4.666172e-02,2.231417e-01,1.055609e-03,1.348324e-02,1.238755e-01,6.648548e-02,9.326078e-03,2.150298e-03,1.669369e-03,6.857669e-02,1.341667e-01
9.490685e-02,4.012060e-02,4.185373e-02,1.102589e-01,4.162291e-02,2.327354e-01,1.357045e-03,1.319325e-02,1.008251e-01,1.278904e-01,9.661602e-03,2.574040e-03,1.883606e-03,5.970506e-02,1.214115e-01
6.845894e-02,3.015279e-02,3.894057e-02,9.061294e-02,2.976795e-02,1.661171e-01,1.035494e-03,9.534785e-03,8.541879e-02,2.670993e-01,1.477502e-02,3.257730e-03,1.110109e-02,4.234260e-02,1.413849e-01
4.814562e-02,2.241190e-02,7.405385e-02,1.215556e-01,2.168640e-02,1.191742e-01,8.770199e-04,8.503061e-03,6.970046e-02,2.391118e-01,1.030217e-01,1.064340e-02,2.121909e-02,3.150951e-02,1.083864e-01
3.389618e-02,1.747505e-02,7.118066e-02,1.201819e-01,1.819910e-02,9.218992e-02,1.192152e-03,7.506036e-03,7.019857e-02,2.556362e-01,1.456585e-01,2.311164e-02,3.484467e-02,2.578125e-02,8.294820e-02
2.391117e-02,1.281805e-02,5.128299e-02,8.944315e-02,1.403336e-02,6.530322e-02,1.012714e-03,5.760666e-03,5.544312e-02,3.695699e-01,1.275450e-01,3.789605e-02,3.957536e-02,3.890328e-02,6.750207e-02
1.707888e-02,9.330501e-03,3.625325e-02,7.023972e-02,1.215152e-02,4.590694e-02,1.287198e-03,4.962829e-03,5.335484e-02,2.757515e-01,2.284860e-01,5.846382e-02,4.478228e-02,4.114369e-02,1.008071e-01
1.206202e-02,6.600598e-03,2.542664e-02,5.065864e-02,1.139307e-02,3.243134e-02,1.032614e-03,3.627896e-03,7.288216e-02,1.997271e-01,2.034056e-01,5.135418e-02,4.128955e-02,6.936897e-02,2.187396e-01
8.603326e-03,4.670565e-03,1.788713e-02,3.590326e-02,1.847925e-02,2.285076e-02,1.372340e-03,2.925123e-03,5.595662e-02,1.438379e-01,1.585034e-01,4.115137e-02,3.217499e-02,6.372613e-02,3.919579e-01
6.119096e-03,3.315050e-03,1.257692e-02,2.522046e-02,8.252579e-02,1.626863e-02,1.556518e-03,2.324493e-03,3.931409e-02,1.010526e-01,1.191103e-01,2.991332e-02,2.444338e-02,4.650613e-02,4.897532e-01
5.850960e-03,2.414948e-03,9.024130e-03,1.799009e-02,3.225349e-01,1.369671e-02,2.796185e-03,1.916929e-03,2.818662e-02,7.199605e-02,8.702753e-02,2.134655e-02,1.840611e-02,3.457319e-02,3.622391e-01
9.071924e-03,1.878929e-03,6.555048e-03,1.294478e-02,4.769613e-01,1.827225e-02,4.111639e-03,1.813334e-03,2.149568e-02,5.119771e-02,6.764642e-02,1.616881e-02,1.522779e-02,3.157951e-02,2.650749e-01
1.784848e-02,4.015690e-03,5.559137e-03,9.485916e-03,4.006720e-01,1.884556e-02,4.707090e-03,2.162622e-03,5.232438e-02,5.117015e-02,5.968679e-02,1.283894e-02,1.450562e-02,2.813051e-02,3.180471e-01
3.040078e-02,3.941687e-03,5.407407e-03,1.020414e-02,3.438529e-01,4.998785e-02,9.009156e-03,1.242995e-01,6.414093e-02,3.771212e-02,5.138252e-02,1.011487e-02,1.271138e-02,2.208086e-02,2.247539e-01
3.014643e-02,3.487824e-03,5.714480e-03,1.021706e-02,2.808493e-01,5.489452e-02,1.070475e-02,2.630716e-01,8.183087e-02,2.693713e-02,3.960941e-02,8.249655e-03,1.023158e-02,1.587191e-02,1.581835e-01
7.435964e-02,1.473482e-02,1.237231e-02,1.556757e-02,2.416885e-01,7.928097e-02,1.468941e-02,2.852057e-01,6.191811e-02,1.958818e-02,3.659585e-02,8.255256e-03,1.110108e-02,1.145474e-02,1.131879e-01
6.331484e-02,1.448006e-02,1.154149e-02,2.333859e-02,2.712030e-01,9.655589e-02,2.074867e-02,2.905354e-01,4.509447e-02,1.386859e-02,3.980321e-02,6.695639e-03,1.121873e-02,8.170559e-03,8.343084e-02
5.506439e-02,2.091692e-02,2.564536e-02,2.245773e-02,2.225328e-01,1.934440e-01,1.572912e-02,2.264822e-01,3.349889e-02,1.918082e-02,5.154519e-02,6.664026e-03,1.443372e-02,6.925766e-03,8.547900e-02
4.550316e-02,3.723514e-02,2.597713e-02,2.401573e-02,1.945901e-01,2.263501e-01,1.188744e-02,1.646440e-01,3.390783e-02,2.608963e-02,8.038054e-02,1.141977e-02,2.384000e-02,6.665239e-03,8.749415e-02
3.843891e-02,8.078520e-02,3.317766e-02,3.159275e-02,1.581190e-01,2.061829e-01,1.026976e-02,1.181645e-01,6.775906e-02,3.233146e-02,7.828426e-02,1.422188e-02,2.686357e-02,5.957843e-03,9.785128e-02
3.973837e-02,9.420133e-02,4.343028e-02,3.225958e-02,1.414828e-01,2.302801e-01,1.080098e-02,8.775680e-02,8.988386e-02,3.293450e-02,6.126503e-02,1.220741e-02,3.112009e-02,5.898770e-03,8.674011e-02
4.184218e-02,9.425640e-02,3.970360e-02,2.787278e-02,1.083421e-01,3.147649e-01,8.510189e-03,6.285723e-02,7.462703e-02,4.298536e-02,4.773454e-02,1.284245e-02,2.809143e-02,7.637334e-03,8.793237e-02
3.835578e-02,9.813443e-02,4.341740e-02,3.042873e-02,8.219898e-02,3.426549e-01,6.669658e-03,4.560854e-02,6.076875e-02,7.102264e-02,4.259014e-02,1.184409e-02,2.843655e-02,7.184152e-03,9.068530e-02
4.756076e-02,8.645314e-02,6.031405e-02,2.541496e-02,6.097603e-02,3.824485e-01,5.053705e-03,3.334369e-02,4.839300e-02,5.865799e-02,4.668184e-02,1.348077e-02,2.611590e-02,1.390613e-02,9.119952e-02
8.915059e-02,6.794837e-02,1.023399e-01,2.083580e-02,4.657045e-02,3.968236e-01,4.055473e-03,2.444936e-02,3.629472e-02,4.602318e-02,4.068805e-02,1.440741e-02,2.198229e-02,1.443803e-02,7.399268e-02
1.382734e-01,5.865892e-02,1.063895e-01,1.662158e-02,3.641193e-02,3.520842e-01,3.425739e-03,1.872977e-02,2.985214e-02,5.233968e-02,3.499799e-02,1.330351e-02,1.788379e-02,3.479271e-02,8.623506e-02
1.753650e-01,5.509157e-02,1.184468e-01,1.279589e-02,2.886995e-02,3.145101e-01,3.056390e-03,1.560528e-02,2.338521e-02,7.957050e-02,3.089216e-02,1.057876e-02,1.370500e-02,4.021880e-02,7.790849e-02
1.914274e-01,7.292490e-02,1.181374e-01,1.400115e-02,2.560225e-02,2.948912e-01,2.709973e-03,1.784190e-02,2.360973e-02,6.212986e-02,3.711756e-02,8.802428e-03,1.041844e-02,4.968107e-02,7.070477e-02
1.961976e-01,8.933108e-02,1.332844e-01,2.126629e-02,3.039430e-02,2.583531e-01,2.492005e-03,1.821418e-02,3.035683e-02,6.124989e-02,3.337228e-02,9.206662e-03,8.214163e-03,4.835133e-02,5.971593e-02
2.092634e-01,7.368443e-02,1.452406e-01,2.062539e-02,3.416357e-02,2.000082e-01,2.064117e-03,1.731255e-02,4.178911e-02,6.838281e-02,3.653093e-02,1.108251e-02,6.898175e-03,8.461386e-02,4.834028e-02
2.325331e-01,1.091630e-01,1.203137e-01,4.764945e-02,3.374401e-02,1.613421e-01,2.495469e-03,1.465583e-02,4.305412e-02,5.752435e-02,3.201193e-02,1.491207e-02,6.661330e-03,7.759698e-02,4.634271e-02
2.387014e-01,1.184218e-01,1.260914e-01,7.833903e-02,2.909769e-02,1.310191e-01,2.637482e-03,1.202585e-02,4.262505e-02,4.933548e-02,2.965369e-02,2.046882e-02,7.732921e-03,6.171195e-02,5.213835e-02
2.422598e-01,9.486957e-02,1.608173e-01,8.023605e-02,2.241532e-02,9.593792e-02,2.095217e-03,9.306850e-03,3.974751e-02,7.296313e-02,3.377091e-02,2.099270e-02,1.187530e-02,4.796876e-02,6.474367e-02
3.037919e-01,6.974772e-02,1.252722e-01,6.156364e-02,1.867458e-02,7.424386e-02,1.749040e-03,7.430508e-03,3.570969e-02,1.169131e-01,4.104923e-02,2.645833e-02,2.155507e-02,3.735399e-02,5.848715e-02
2.461352e-01,5.569504e-02,9.140854e-02,5.368171e-02,1.479364e-02,5.556270e-02,1.423579e-03,5.695004e-03,6.235685e-02,2.166467e-01,4.837559e-02,3.416003e-02,3.713426e-02,2.696638e-02,4.996475e-02
1.838720e-01,4.249975e-02,6.533246e-02,4.108220e-02,1.137305e-02,4.591894e-02,1.219068e-03,5.532380e-03,4.982545e-02,4.001578e-01,4.103982e-02,2.513530e-02,3.099237e-02,1.932291e-02,3.669650e-02
1.536062e-01,3.645826e-02,5.435466e-02,4.602682e-02,1.173337e-02,5.688445e-02,1.895371e-03,1.617262e-02,5.476643e-02,4.352245e-01,4.083352e-02,2.137315e-02,2.776157e-02,1.460697e-02,2.830209e-02
1.496870e-01,3.143897e-02,8.112206e-02,5.070628e-02,1.072569e-02,1.153036e-01,2.675991e-03,1.858755e-02,4.508444e-02,3.711647e-01,4.465433e-02,2.006429e-02,2.428886e-02,1.129235e-02,2.320402e-02
1.384857e-01,2.546345e-02,8.248801e-02,4.815818e-02,1.236852e-02,1.015861e-01,5.342544e-03,1.100233e-01,3.657418e-02,3.288059e-01,4.504097e-02,1.706050e-02,2.152383e-02,9.310989e-03,1.776782e-02
1.071996e-01,1.859205e-02,7.159542e-02,4.227944e-02,1.255342e-02,7.446651e-02,8.011242e-03,2.625561e-01,2.825657e-02,2.871349e-01,3.653163e-02,1.302417e-02,1.691106e-02,6.869446e-03,1.401843e-02
7.879901e-02,1.352796e-02,6.301337e-02,3.285973e-02,1.072255e-02,5.387161e-02,3.696282e-02,4.147626e-01,2.036144e-02,2.093108e-01,2.666070e-02,9.266350e-03,1.394145e-02,5.001874e-03,1.093780e-02
5.861047e-02,9.975604e-03,5.174477e-02,2.473511e-02,9.290313e-03,3.898856e-02,9.003837e-02,4.970761e-01,1.476047e-02,1.534957e-01,1.936491e-02,6.570781e-03,1.305809e-02,3.657438e-03,8.633321e-03
4.718569e-02,7.685643e-03,4.440395e-02,2.223091e-02,8.750234e-03,3.082699e-02,1.021553e-01,5.669035e-01,1.066349e-02,1.136686e-01,1.668391e-02,5.206627e-03,1.249413e-02,2.907873e-03,8.233234e-03
4.023563e-02,6.132664e-03,3.429604e-02,1.706942e-02,7.770235e-03,2.543140e-02,1.282755e-01,6.032778e-01,8.212374e-03,8.235779e-02,1.291725e-02,4.260837e-03,1.909996e-02,2.150044e-03,8.513157e-03
4.432664e-02,4.999963e-03,2.903354e-02,1.315173e-02,8.214988e-03,2.153208e-02,1.509775e-01,6.100467e-01,7.670697e-03,6.079118e-02,1.067312e-02,3.805886e-03,2.272855e-02,1.792767e-03,1.025474e-02
4.631895e-02,4.443061e-03,2.459255e-02,1.095156e-02,8.308778e-03,1.708169e-02,1.625958e-01,6.071894e-01,9.178951e-03,4.506970e-02,7.989505e-03,3.402656e-03,2.767231e-02,2.202059e-03,2.300308e-02
5.094723e-02,4.121709e-03,2.083800e-02,1.002379e-02,9.109647e-03,1.417910e-02,1.631519e-01,5.992053e-01,1.260624e-02,3.490308e-02,6.623449e-03,3.558992e-03,2.999689e-02,2.162775e-03,3.857199e-02
7.920890e-02,5.269811e-03,2.087987e-02,1.161190e-02,9.372699e-03,1.597542e-02,1.691776e-01,5.636655e-01,2.257385e-02,2.701224e-02,5.887413e-03,7.489604e-03,2.652737e-02,2.428359e-03,3.291959e-02
1.301109e-01,7.205590e-03,2.587954e-02,1.190751e-02,1.189269e-02,1.716611e-02,1.753909e-01,4.881141e-01,3.764989e-02,2.095425e-02,5.354787e-03,8.292538e-03,2.101582e-02,2.960905e-03,3.610456e-02
1.657310e-01,1.031657e-02,2.543617e-02,1.272642e-02,1.274817e-02,2.614568e-02,1.452878e-01,4.596707e-01,3.663075e-02,2.200182e-02,9.042956e-03,1.377237e-02,1.971391e-02,2.753932e-03,3.802191e-02
2.245540e-01,1.235873e-02,2.335186e-02,1.438619e-02,1.181007e-02,2.995276e-02,1.114186e-01,3.835806e-01,3.402363e-02,4.564578e-02,1.424125e-02,2.969458e-02,2.507459e-02,2.994145e-03,3.691330e-02
2.540286e-01,1.152158e-02,1.902701e-02,1.374204e-02,1.187920e-02,2.760495e-02,9.792513e-02,3.183699e-01,3.039466e-02,8.738005e-02,2.595207e-02,3.513641e-02,2.976491e-02,3.543228e-03,3.373031e-02
2.289003e-01,9.740009e-03,1.426881e-02,1.608025e-02,1.566327e-02,2.350113e-02,8.703471e-02,2.421173e-01,3.109564e-02,1.678688e-01,4.171908e-02,3.758297e-02,4.655562e-02,5.354040e-03,3.251820e-02
2.050601e-01,8.167993e-03,1.098913e-02,1.463511e-02,1.412078e-02,2.736514e-02,6.239100e-02,1.734981e-01,2.706656e-02,2.754047e-01,4.060994e-02,3.390802e-02,6.503394e-02,5.541109e-03,3.620845e-02
2.183954e-01,8.778531e-03,8.590505e-03,1.561580e-02,1.713459e-02,2.716934e-02,4.739952e-02,1.260900e-01,3.485042e-02,3.124666e-01,3.957068e-02,3.005545e-02,6.896716e-02,5.454622e-03,3.946151e-02
3.074951e-01,8.877130e-03,9.846682e-03,1.736510e-02,2.717732e-02,2.532935e-02,4.151806e-02,9.198429e-02,3.291542e-02,2.696569e-01,3.457585e-02,3.676161e-02,6.002281e-02,4.909337e-03,3.156507e-02
3.403811e-01,1.178734e-02,8.138940e-03,2.664226e-02,3.252392e-02,2.572697e-02,3.909421e-02,6.826428e-02,3.736542e-02,2.526824e-01,3.135179e-02,3.986932e-02,5.316168e-02,4.471394e-03,2.853908e-02
3.127015e-01,1.050391e-02,6.336162e-03,2.377528e-02,5.139023e-02,2.344277e-02,3.413609e-02,4.974206e-02,5.885572e-02,2.420207e-01,3.676917e-02,7.603633e-02,4.520856e-02,4.846547e-03,2.423508e-02
2.607983e-01,8.314529e-03,5.094665e-03,1.923674e-02,4.398480e-02,1.978556e-02,2.640981e-02,4.016642e-02,5.566278e-02,3.466059e-01,3.535207e-02,6.344000e-02,4.063885e-02,4.416423e-03,3.009320e-02
2.450837e-01,6.267280e-03,4.879218e-03,1.620173e-02,4.831298e-02,1.633861e-02,2.004485e-02,4.670978e-02,4.398468e-02,3.875904e-01,3.480247e-02,6.141927e-02,3.615905e-02,4.281692e-03,2.792428e-02
3.166232e-01,6.361549e-03,5.585999e-03,1.642574e-02,4.360379e-02,1.745120e-02,1.474618e-02,3.486880e-02,4.917287e-02,3.030588e-01,4.489719e-02,6.205615e-02,3.386769e-02,1.202700e-02,3.925382e-02
3.013776e-01,5.946149e-03,4.713494e-03,1.522413e-02,4.392394e-02,1.693356e-02,1.180346e-02,4.661582e-02,6.235073e-02,2.900688e-01,5.038338e-02,5.730529e-02,3.186192e-02,1.466481e-02,4.682692e-02
2.505850e-01,5.646181e-03,2.664763e-02,1.380053e-02,5.894550e-02,1.349482e-02,9.573696e-03,1.666386e-01,5.271456e-02,2.394503e-01,4.394597e-02,4.228375e-02,2.604786e-02,1.226855e-02,3.795709e-02
2.727326e-01,1.139447e-02,2.596582e-02,1.510007e-02,8.089087e-02,1.432585e-02,8.212743e-03,1.263684e-01,4.463407e-02,2.668906e-01,3.400157e-02,3.128148e-02,1.974602e-02,1.265105e-02,3.580437e-02
2.381327e-01,1.438485e-02,4.014053e-02,1.675989e-02,1.037994e-01,1.297573e-02,8.328441e-03,1.066990e-01,3.486698e-02,3.218368e-01,2.621277e-02,2.347182e-02,1.454588e-02,9.822834e-03,2.802232e-02
2.242767e-01,4.446163e-02,1.049261e-01,2.864734e-02,1.025825e-01,1.300355e-02,7.838344e-03,7.956254e-02,2.930038e-02,2.769198e-01,2.121727e-02,2.041343e-02,1.280017e-02,7.724434e-03,2.632594e-02
2.034900e-01,3.531593e-02,1.048968e-01,2.487071e-02,9.180024e-02,1.154681e-02,7.365003e-03,6.071793e-02,2.958741e-02,3.621194e-01,1.669900e-02,1.597853e-02,9.628014e-03,5.760233e-03,2.022410e-02
1.939404e-01,4.010690e-02,1.038435e-01,3.122367e-02,1.583604e-01,1.387138e-02,2.356778e-02,6.163401e-02,2.568123e-02,2.897232e-01,1.494452e-02,1.418289e-02,8.653290e-03,4.671881e-03,1.559499e-02
1.705617e-01,5.427085e-02,1.294696e-01,4.285556e-02,2.113987e-01,1.376508e-02,2.940044e-02,5.222694e-02,2.370980e-02,2.251899e-01,1.174246e-02,1.171824e-02,6.909840e-03,3.473802e-03,1.330708e-02
1.530384e-01,8.220437e-02,1.392449e-01,5.951266e-02,2.096086e-01,1.351531e-02,2.737720e-02,4.619872e-02,2.170456e-02,1.767211e-01,1.139475e-02,1.567769e-02,7.241973e-03,2.754844e-03,3.380483e-02
1.303251e-01,1.018877e-01,1.379836e-01,9.626919e-02,2.151181e-01,1.429702e-02,2.815135e-02,5.312479e-02,1.776928e-02,1.360619e-01,1.208651e-02,1.730302e-02,8.238936e-03,2.214661e-03,2.916873e-02
1.452136e-01,8.760510e-02,1.281526e-01,8.958454e-02,2.099122e-01,1.541959e-02,3.593946e-02,4.732893e-02,1.627467e-02,1.648475e-01,1.044069e-02,1.710903e-02,6.883025e-03,1.691824e-03,2.359723e-02
1.384220e-01,7.417506e-02,1.010937e-01,9.762979e-02,2.020265e-01,1.877011e-02,3.818757e-02,1.193079e-01,1.462668e-02,1.405538e-01,1.058895e-02,1.815953e-02,7.158634e-03,1.347807e-03,1.795190e-02
2.210562e-01,7.401650e-02,8.409921e-02,8.252245e-02,1.813771e-01,2.163253e-02,3.465874e-02,8.591719e-02,2.847991e-02,1.328360e-01,9.648727e-03,2.072945e-02,7.042184e-03,1.164687e-03,1.481907e-02
2.611261e-01,6.963868e-02,7.084000e-02,7.584098e-02,1.827943e-01,3.115905e-02,2.807878e-02,6.419419e-02,2.588214e-02,1.232402e-01,9.802106e-03,3.095990e-02,8.256614e-03,1.328162e-03,1.685880e-02
3.197199e-01,6.129662e-02,5.205776e-02,6.042312e-02,2.000751e-01,2.777784e-02,2.109233e-02,5.017880e-02,2.470455e-02,9.415197e-02,1.086012e-02,2.703939e-02,1.054648e-02,7.047936e-03,3.302805e-02
3.862636e-01,5.024199e-02,3.733101e-02,4.693082e-02,1.798955e-01,2.320183e-02,1.595693e-02,3.818050e-02,2.626443e-02,8.099387e-02,1.349527e-02,2.490794e-02,1.086100e-02,1.379730e-02,5.167799e-02
4.578384e-01,4.246274e-02,2.894631e-02,4.532090e-02,1.477422e-01,1.958294e-02,1.238467e-02,3.321158e-02,3.311544e-02,6.221137e-02,1.450226e-02,2.774097e-02,1.094949e-02,1.203495e-02,5.195580e-02
1.000000e+00,0.000000e+00,0.000000e+00,0.000000e+00,0.000000e+00,0.000000e+00,0.000000e+00,0.000000e+00,0.000000e+00,0.000000e+00,0.000000e+00,0.000000e+00,0.000000e+00,0.000000e+00,0.000000e+00
1.000000e+00,0.000000e+00,0.000000e+00,0.000000e+00,0.000000e+00,0.000000e+00,0.000000e+00,0.000000e+00,0.000000e+00,0.000000e+00,0.000000e+00,0.000000e+00,0.000000e+00,0.000000e+00,0.000000e+00
1.000000e+00,0.000000e+00,0.000000e+00,0.000000e+00,0.000000e+00,0.000000e+00,0.000000e+00,0.000000e+00,0.000000e+00,0.000000e+00,0.000000e+00,0.000000e+00,0.000000e+00,0.000000e+00,0.000000e+00
1.000000e+00,0.000000e+00,0.000000e+00,0.000000e+00,0.000000e+00,0.000000e+00,0.000000e+00,0.000000e+00,0.000000e+00,0.000000e+00,0.000000e+00,0.000000e+00,0.000000e+00,0.000000e+00,0.000000e+00
1.000000e+00,0.000000e+00,0.000000e+00,0.000000e+00,0.000000e+00,0.000000e+00,0.000000e+00,0.000000e+00,0.000000e+00,0.000000e+00,0.000000e+00,0.000000e+00,0.000000e+00,0.000000e+00,0.000000e+00
1.000000e+00,0.000000e+00,0.000000e+00,0.000000e+00,0.000000e+00,0.000000e+00,0.000000e+00,0.000000e+00,0.000000e+00,0.000000e+00,0.000000e+00,0.000000e+00,0.000000e+00,0.000000e+00,0.000000e+00
1.000000e+00,0.000000e+00,0.000000e+00,0.000000e+00,0.000000e+00,0.000000e+00,0.000000e+00,0.000000e+00,0.000000e+00,0.000000e+00,0.000000e+00,0.000000e+00,0.000000e+00,0.000000e+00,0.000000e+00
1.000000e+00,0.000000e+00,0.000000e+00,0.000000e+00,0.000000e+00,0.000000e+00,0.000000e+00,0.000000e+00,0.000000e+00,0.000000e+00,0.000000e+00,0.000000e+00,0.000000e+00,0.000000e+00,0.000000e+00
1.000000e+00,0.000000e+00,0.000000e+00,0.000000e+00,0.000000e+00,0.000000e+00,0.000000e+00,0.000000e+00,0.000000e+00,0.000000e+00,0.000000e+00,0.000000e+00,0.000000e+00,0.000000e+00,0.000000e+00
1.000000e+00,0.000000e+00,0.000000e+00,0.000000e+00,0.000000e+00,0.000000e+00,0.000000e+00,0.000000e+00,0.000000e+00,0.000000e+00,0.000000e+00,0.000000e+00,0.000000e+00,0.000000e+00,0.000000e+00
1.000000e+00,0.000000e+00,0.000000e+00,0.000000e+00,0.000000e+00,0.000000e+00,0.000000e+00,0.000000e+00,0.000000e+00,0.000000e+00,0.000000e+00,0.000000e+00,0.000000e+00,0.000000e+00,0.000000e+00
1.000000e+00,0.000000e+00,0.000000e+00,0.000000e+00,0.000000e+00,0.000000e+00,0.000000e+00,0.000000e+00,0.000000e+00,0.000000e+00,0.000000e+00,0.000000e+00,0.000000e+00,0.000000e+00,0.000000e+00
1.000000e+00,0.000000e+00,0.000000e+00,0.000000e+00,0.000000e+00,0.000000e+00,0.000000e+00,0.000000e+00,0.000000e+00,0.000000e+00,0.000000e+00,0.000000e+00,0.000000e+00,0.000000e+00,0.000000e+00
1.000000e+00,0.000000e+00,0.000000e+00,0.000000e+00,0.000000e+00,0.000000e+00,0.000000e+00,0.000000e+00,0.000000e+00,0.000000e+00,0.000000e+00,0.000000e+00,0.000000e+00,0.000000e+00,0.000000e+00
1.000000e+00,0.000000e+00,0.000000e+00,0.000000e+00,0.000000e+00,0.000000e+00,0.000000e+00,0.000000e+00,0.000000e+00,0.000000e+00,0.000000e+00,0.000000e+00,0.000000e+00,0.000000e+00,0.000000e+00
3.764856e-01,2.795819e-01,3.439167e-02,4.249351e-02,6.365716e-03,1.006055e-02,1.000094e-03,3.126176e-03,1.822358e-02,8.541562e-03,8.120272e-02,7.843316e-03,5.519956e-03,2.947793e-02,9.568578e-02
2.673253e-01,2.130286e-01,3.120098e-02,3.183650e-02,5.432973e-03,1.066634e-02,8.296773e-04,2.483985e-03,1.733192e-02,7.622787e-03,2.098253e-01,7.137882e-03,6.211055e-03,8.263914e-02,1.064277e-01
1.873108e-01,1.534263e-01,2.841786e-02,2.321111e-02,4.751209e-03,8.067226e-03,7.364446e-04,1.994410e-03,1.639090e-02,7.467506e-03,3.804160e-01,5.451835e-03,5.304540e-03,8.939909e-02,8.765481e-02
1.313438e-01,1.088763e-01,2.286181e-02,1.669321e-02,4.524174e-03,6.192837e-03,7.366847e-04,1.675397e-03,1.620642e-02,6.678287e-03,5.000356e-01,4.800647e-03,5.081048e-03,1.080019e-01,6.629194e-02
9.204374e-02,7.633385e-02,1.614095e-02,1.209719e-02,3.900453e-03,4.678538e-03,6.078870e-04,1.287162e-03,1.467740e-02,6.790298e-03,6.177220e-01,4.931137e-03,4.480381e-03,9.401682e-02,5.029223e-02
6.446069e-02,5.345183e-02,1.131824e-02,8.741779e-03,2.928369e-03,3.390055e-03,5.182963e-04,9.846139e-04,1.348459e-02,6.528021e-03,7.172180e-01,5.517623e-03,3.514129e-03,7.149161e-02,3.645219e-02
4.514102e-02,3.744408e-02,7.972578e-03,6.600231e-03,4.830838e-03,2.518545e-03,5.536287e-04,8.339837e-04,1.472736e-02,8.196896e-03,7.699397e-01,6.841062e-03,2.822700e-03,6.489212e-02,2.668530e-02
3.162603e-02,2.642060e-02,5.810004e-03,4.955881e-03,5.506498e-03,1.845790e-03,4.555502e-04,7.753133e-04,2.241854e-02,1.142218e-02,8.054489e-01,1.024998e-02,2.367804e-03,4.995209e-02,2.074488e-02
2.218143e-02,1.861786e-02,4.285077e-03,3.766391e-03,5.192935e-03,1.416451e-03,3.577226e-04,7.436652e-04,2.353079e-02,1.018134e-02,8.373411e-01,1.390412e-02,2.155269e-03,3.970492e-02,1.662097e-02
1.564224e-02,1.357586e-02,3.556130e-03,3.339002e-03,5.263465e-03,1.198861e-03,4.654229e-04,1.129752e-03,2.769873e-02,1.064106e-02,8.442534e-01,1.889446e-02,2.310437e-03,3.301382e-02,1.901730e-02
1.114129e-02,1.056225e-02,3.791134e-03,3.397565e-03,6.645071e-03,1.282064e-03,1.121797e-03,2.383476e-03,3.170818e-02,1.099658e-02,8.201512e-01,4.652755e-02,2.935317e-03,3.178312e-02,1.557338e-02
8.778458e-03,9.704770e-03,5.192910e-03,3.130821e-03,7.059132e-03,5.979037e-03,2.513948e-03,7.739245e-03,3.049519e-02,1.650712e-02,7.942495e-01,6.109110e-02,5.524646e-03,2.913821e-02,1.289589e-02
7.273315e-03,1.949214e-02,8.450089e-03,2.689802e-03,1.080576e-02,4.933442e-03,2.479563e-03,9.205499e-03,1.257194e-01,2.199256e-02,6.817515e-01,5.179546e-02,6.272104e-03,3.675691e-02,1.038249e-02
7.213374e-03,3.133231e-02,1.708131e-02,4.035689e-03,1.424741e-02,5.034975e-03,2.817195e-03,2.463125e-02,1.957702e-01,2.448625e-02,5.744982e-01,4.575061e-02,6.077189e-03,3.924554e-02,7.778500e-03
9.873953e-03,8.819546e-02,3.655227e-02,4.884531e-03,2.967337e-02,6.125490e-03,2.541191e-03,2.245282e-02,2.656223e-01,2.238822e-02,4.280210e-01,3.655974e-02,5.135168e-03,3.468905e-02,7.285374e-03
2.161165e-02,1.187757e-01,7.470211e-02,6.881490e-03,4.560710e-02,7.455383e-03,1.981363e-03,2.501765e-02,2.696581e-01,2.206402e-02,3.333165e-01,2.807504e-02,5.078948e-03,3.198089e-02,7.794103e-03
3.412353e-02,1.090333e-01,1.591339e-01,1.912288e-02,5.437774e-02,7.010462e-03,1.693459e-03,2.369276e-02,2.413888e-01,2.340520e-02,2.638262e-01,2.209343e-02,5.668373e-03,2.627785e-02,9.152147e-03
3.389970e-02,8.465300e-02,3.085511e-01,2.860937e-02,6.812526e-02,6.135807e-03,1.601974e-03,3.176374e-02,1.841674e-01,1.763119e-02,1.881675e-01,1.614818e-02,4.287732e-03,1.940850e-02,6.849592e-03
5.157395e-02,9.051041e-02,3.577763e-01,4.100560e-02,7.006720e-02,6.355457e-03,1.417046e-03,2.474711e-02,1.574460e-01,1.675748e-02,1.399210e-01,1.250523e-02,3.462358e-03,1.840680e-02,8.048092e-03
5.403639e-02,8.492280e-02,2.794133e-01,2.011455e-01,6.555018e-02,6.679786e-03,1.267367e-03,2.165592e-02,1.352994e-01,1.285608e-02,1.019590e-01,1.042966e-02,3.127742e-03,1.355270e-02,8.104123e-03
5.391116e-02,6.566300e-02,2.297137e-01,3.478802e-01,5.555198e-02,7.619898e-03,1.093569e-03,1.785079e-02,1.015410e-01,1.035289e-02,7.515745e-02,1.199100e-02,3.353383e-03,9.779979e-03,8.539967e-03
6.667791e-02,5.238057e-02,2.965594e-01,3.166543e-01,5.225518e-02,7.590757e-03,1.087224e-03,1.799300e-02,8.015409e-02,1.186230e-02,6.120117e-02,1.209334e-02,3.628498e-03,7.619908e-03,1.224236e-02
7.079870e-02,6.090182e-02,3.262325e-01,2.700365e-01,5.413218e-02,7.662396e-03,1.302114e-03,1.831413e-02,8.130282e-02,1.858316e-02,4.715506e-02,1.040955e-02,3.838262e-03,6.677810e-03,2.265294e-02
1.057391e-01,6.275899e-02,2.946877e-01,2.753522e-01,5.169344e-02,1.070163e-02,1.459402e-03,1.597889e-02,7.378817e-02,2.643720e-02,3.648910e-02,9.565450e-03,4.076368e-03,6.034486e-03,2.523783e-02
