1.000000e+00,0.000000e+00,0.000000e+00,0.000000e+00,0.000000e+00,0.000000e+00,0.000000e+00,0.000000e+00,0.000000e+00,0.000000e+00,0.000000e+00,0.000000e+00,0.000000e+00,0.000000e+00,0.000000e+00
1.000000e+00,0.000000e+00,0.000000e+00,0.000000e+00,0.000000e+00,0.000000e+00,0.000000e+00,0.000000e+00,0.000000e+00,0.000000e+00,0.000000e+00,0.000000e+00,0.000000e+00,0.000000e+00,0.000000e+00
1.000000e+00,0.000000e+00,0.000000e+00,0.000000e+00,0.000000e+00,0.000000e+00,0.000000e+00,0.000000e+00,0.000000e+00,0.000000e+00,0.000000e+00,0.000000e+00,0.000000e+00,0.000000e+00,0.000000e+00
1.000000e+00,0.000000e+00,0.000000e+00,0.000000e+00,0.000000e+00,0.000000e+00,0.000000e+00,0.000000e+00,0.000000e+00,0.000000e+00,0.000000e+00,0.000000e+00,0.000000e+00,0.000000e+00,0.000000e+00
1.000000e+00,0.000000e+00,0.000000e+00,0.000000e+00,0.000000e+00,0.000000e+00,0.000000e+00,0.000000e+00,0.000000e+00,0.000000e+00,0.000000e+00,0.000000e+00,0.000000e+00,0.000000e+00,0.000000e+00
1.000000e+00,0.000000e+00,0.000000e+00,0.000000e+00,0.000000e+00,0.000000e+00,0.000000e+00,0.000000e+00,0.000000e+00,0.000000e+00,0.000000e+00,0.000000e+00,0.000000e+00,0.000000e+00,0.000000e+00
1.000000e+00,0.000000e+00,0.000000e+00,0.000000e+00,0.000000e+00,0.000000e+00,0.000000e+00,0.000000e+00,0.000000e+00,0.000000e+00,0.000000e+00,0.000000e+00,0.000000e+00,0.000000e+00,0.000000e+00
1.000000e+00,0.000000e+00,0.000000e+00,0.000000e+00,0.000000e+00,0.000000e+00,0.000000e+00,0.000000e+00,0.000000e+00,0.000000e+00,0.000000e+00,0.000000e+00,0.000000e+00,0.000000e+00,0.000000e+00
1.000000e+00,0.000000e+00,0.000000e+00,0.000000e+00,0.000000e+00,0.000000e+00,0.000000e+00,0.000000e+00,0.000000e+00,0.000000e+00,0.000000e+00,0.000000e+00,0.000000e+00,0.000000e+00,0.000000e+00
1.000000e+00,0.000000e+00,0.000000e+00,0.000000e+00,0.000000e+00,0.000000e+00,0.000000e+00,0.000000e+00,0.000000e+00,0.000000e+00,0.000000e+00,0.000000e+00,0.000000e+00,0.000000e+00,0.000000e+00
1.000000e+00,0.000000e+00,0.000000e+00,0.000000e+00,0.000000e+00,0.000000e+00,0.000000e+00,0.000000e+00,0.000000e+00,0.000000e+00,0.000000e+00,0.000000e+00,0.000000e+00,0.000000e+00,0.000000e+00
1.000000e+00,0.000000e+00,0.000000e+00,0.000000e+00,0.000000e+00,0.000000e+00,0.000000e+00,0.000000e+00,0.000000e+00,0.000000e+00,0.000000e+00,0.000000e+00,0.000000e+00,0.000000e+00,0.000000e+00
1.000000e+00,0.000000e+00,0.000000e+00,0.000000e+00,0.000000e+00,0.000000e+00,0.000000e+00,0.000000e+00,0.000000e+00,0.000000e+00,0.000000e+00,0.000000e+00,0.000000e+00,0.000000e+00,0.000000e+00
1.000000e+00,0.000000e+00,0.000000e+00,0.000000e+00,0.000000e+00,0.000000e+00,0.000000e+00,0.000000e+00,0.000000e+00,0.000000e+00,0.000000e+00,0.000000e+00,0.000000e+00,0.000000e+00,0.000000e+00
1.000000e+00,0.000000e+00,0.000000e+00,0.000000e+00,0.000000e+00,0.000000e+00,0.000000e+00,0.000000e+00,0.000000e+00,0.000000e+00,0.000000e+00,0.000000e+00,0.000000e+00,0.000000e+00,0.000000e+00
1.000000e+00,0.000000e+00,0.000000e+00,0.000000e+00,0.000000e+00,0.000000e+00,0.000000e+00,0.000000e+00,0.000000e+00,0.000000e+00,0.000000e+00,0.000000e+00,0.000000e+00,0.000000e+00,0.000000e+00
1.000000e+00,0.000000e+00,0.000000e+00,0.000000e+00,0.000000e+00,0.000000e+00,0.000000e+00,0.000000e+00,0.000000e+00,0.000000e+00,0.000000e+00,0.000000e+00,0.000000e+00,0.000000e+00,0.000000e+00
1.000000e+00,0.000000e+00,0.000000e+00,0.000000e+00,0.000000e+00,0.000000e+00,0.000000e+00,0.000000e+00,0.000000e+00,0.000000e+00,0.000000e+00,0.000000e+00,0.000000e+00,0.000000e+00,0.000000e+00
1.000000e+00,0.000000e+00,0.000000e+00,0.000000e+00,0.000000e+00,0.000000e+00,0.000000e+00,0.000000e+00,0.000000e+00,0.000000e+00,0.000000e+00,0.000000e+00,0.000000e+00,0.000000e+00,0.000000e+00
1.000000e+00,0.000000e+00,0.000000e+00,0.000000e+00,0.000000e+00,0.000000e+00,0.000000e+00,0.000000e+00,0.000000e+00,0.000000e+00,0.000000e+00,0.000000e+00,0.000000e+00,0.000000e+00,0.000000e+00
1.000000e+00,0.000000e+00,0.000000e+00,0.000000e+00,0.000000e+00,0.000000e+00,0.000000e+00,0.000000e+00,0.000000e+00,0.000000e+00,0.000000e+00,0.000000e+00,0.000000e+00,0.000000e+00,0.000000e+00
1.000000e+00,0.000000e+00,0.000000e+00,0.000000e+00,0.000000e+00,0.000000e+00,0.000000e+00,0.000000e+00,0.000000e+00,0.000000e+00,0.000000e+00,0.000000e+00,0.000000e+00,0.000000e+00,0.000000e+00
1.000000e+00,0.000000e+00,0.000000e+00,0.000000e+00,0.000000e+00,0.000000e+00,0.000000e+00,0.000000e+00,0.000000e+00,0.000000e+00,0.000000e+00,0.000000e+00,0.000000e+00,0.000000e+00,0.000000e+00
1.000000e+00,0.000000e+00,0.000000e+00,0.000000e+00,0.000000e+00,0.000000e+00,0.000000e+00,0.000000e+00,0.000000e+00,0.000000e+00,0.000000e+00,0.000000e+00,0.000000e+00,0.000000e+00,0.000000e+00
1.000000e+00,0.000000e+00,0.000000e+00,0.000000e+00,0.000000e+00,0.000000e+00,0.000000e+00,0.000000e+00,0.000000e+00,0.000000e+00,0.000000e+00,0.000000e+00,0.000000e+00,0.000000e+00,0.000000e+00
1.000000e+00,0.000000e+00,0.000000e+00,0.000000e+00,0.000000e+00,0.000000e+00,0.000000e+00,0.000000e+00,0.000000e+00,0.000000e+00,0.000000e+00,0.000000e+00,0.000000e+00,0.000000e+00,0.000000e+00
1.000000e+00,0.000000e+00,0.000000e+00,0.000000e+00,0.000000e+00,0.000000e+00,0.000000e+00,0.000000e+00,0.000000e+00,0.000000e+00,0.000000e+00,0.000000e+00,0.000000e+00,0.000000e+00,0.000000e+00
1.000000e+00,0.000000e+00,0.000000e+00,0.000000e+00,0.000000e+00,0.000000e+00,0.000000e+00,0.000000e+00,0.000000e+00,0.000000e+00,0.000000e+00,0.000000e+00,0.000000e+00,0.000000e+00,0.000000e+00
1.000000e+00,0.000000e+00,0.000000e+00,0.000000e+00,0.000000e+00,0.000000e+00,0.000000e+00,0.000000e+00,0.000000e+00,0.000000e+00,0.000000e+00,0.000000e+00,0.000000e+00,0.000000e+00,0.000000e+00
1.000000e+00,0.000000e+00,0.000000e+00,0.000000e+00,0.000000e+00,0.000000e+00,0.000000e+00,0.000000e+00,0.000000e+00,0.000000e+00,0.000000e+00,0.000000e+00,0.000000e+00,0.000000e+00,0.000000e+00
1.000000e+00,0.000000e+00,0.000000e+00,0.000000e+00,0.000000e+00,0.000000e+00,0.000000e+00,0.000000e+00,0.000000e+00,0.000000e+00,0.000000e+00,0.000000e+00,0.000000e+00,0.000000e+00,0.000000e+00
1.000000e+00,0.000000e+00,0.000000e+00,0.000000e+00,0.000000e+00,0.000000e+00,0.000000e+00,0.000000e+00,0.000000e+00,0.000000e+00,0.000000e+00,0.000000e+00,0.000000e+00,0.000000e+00,0.000000e+00
1.000000e+00,0.000000e+00,0.000000e+00,0.000000e+00,0.000000e+00,0.000000e+00,0.000000e+00,0.000000e+00,0.000000e+00,0.000000e+00,0.000000e+00,0.000000e+00,0.000000e+00,0.000000e+00,0.000000e+00
1.000000e+00,0.000000e+00,0.000000e+00,0.000000e+00,0.000000e+00,0.000000e+00,0.000000e+00,0.000000e+00,0.000000e+00,0.000000e+00,0.000000e+00,0.000000e+00,0.000000e+00,0.000000e+00,0.000000e+00
1.000000e+00,0.000000e+00,0.000000e+00,0.000000e+00,0.000000e+00,0.000000e+00,0.000000e+00,0.000000e+00,0.000000e+00,0.000000e+00,0.000000e+00,0.000000e+00,0.000000e+00,0.000000e+00,0.000000e+00
1.000000e+00,0.000000e+00,0.000000e+00,0.000000e+00,0.000000e+00,0.000000e+00,0.000000e+00,0.000000e+00,0.000000e+00,0.000000e+00,0.000000e+00,0.000000e+00,0.000000e+00,0.000000e+00,0.000000e+00
1.000000e+00,0.000000e+00,0.000000e+00,0.000000e+00,0.000000e+00,0.000000e+00,0.000000e+00,0.000000e+00,0.000000e+00,0.000000e+00,0.000000e+00,0.000000e+00,0.000000e+00,0.000000e+00,0.000000e+00
1.000000e+00,0.000000e+00,0.000000e+00,0.000000e+00,0.000000e+00,0.000000e+00,0.000000e+00,0.000000e+00,0.000000e+00,0.000000e+00,0.000000e+00,0.000000e+00,0.000000e+00,0.000000e+00,0.000000e+00
1.000000e+00,0.000000e+00,0.000000e+00,0.000000e+00,0.000000e+00,0.000000e+00,0.000000e+00,0.000000e+00,0.000000e+00,0.000000e+00,0.000000e+00,0.000000e+00,0.000000e+00,0.000000e+00,0.000000e+00
1.000000e+00,0.000000e+00,0.000000e+00,0.000000e+00,0.000000e+00,0.000000e+00,0.000000e+00,0.000000e+00,0.000000e+00,0.000000e+00,0.000000e+00,0.000000e+00,0.000000e+00,0.000000e+00,0.000000e+00
4.668050e-01,5.467688e-02,1.570157e-02,1.545177e-01,2.733544e-02,3.904463e-02,1.857198e-02,2.840464e-02,3.191177e-02,2.729936e-03,2.193632e-02,8.140027e-02,2.824874e-02,3.448423e-03,2.526676e-02
4.144255e-01,7.630178e-02,1.773326e-02,1.780227e-01,3.229040e-02,3.802491e-02,2.000404e-02,2.891346e-02,3.604565e-02,3.041366e-03,2.114040e-02,7.397219e-02,2.732705e-02,3.767649e-03,2.898962e-02
3.835492e-01,9.191039e-02,1.886517e-02,1.898583e-01,3.240278e-02,3.581446e-02,1.814639e-02,2.985722e-02,3.674945e-02,3.947212e-03,2.095278e-02,6.620892e-02,2.634274e-02,5.086776e-03,4.030815e-02
3.740590e-01,1.000316e-01,1.932266e-02,1.919546e-01,3.060661e-02,3.525633e-02,1.697917e-02,3.020558e-02,3.625828e-02,4.418853e-03,2.053824e-02,5.993460e-02,2.694492e-02,6.092800e-03,4.739690e-02
2.987366e-01,1.051873e-01,4.200422e-02,2.412698e-01,3.147484e-02,3.516372e-02,1.705519e-02,4.503933e-02,3.181171e-02,3.909411e-03,2.172470e-02,5.181294e-02,2.437326e-02,5.685017e-03,4.475207e-02
2.573328e-01,9.921639e-02,4.856713e-02,2.662876e-01,3.675713e-02,3.530714e-02,1.773937e-02,4.854748e-02,3.287711e-02,4.051056e-03,2.367498e-02,5.151814e-02,2.668911e-02,6.602569e-03,4.483201e-02
2.594099e-01,1.007915e-01,4.250473e-02,2.493687e-01,3.832594e-02,3.435927e-02,1.748300e-02,3.973293e-02,3.932929e-02,4.602280e-03,3.228191e-02,4.937498e-02,2.983935e-02,9.383982e-03,5.321225e-02
2.558934e-01,9.008108e-02,3.828826e-02,2.257655e-01,3.906643e-02,4.688042e-02,1.685128e-02,3.437096e-02,4.343674e-02,5.356654e-03,3.841196e-02,5.555241e-02,3.612664e-02,1.144759e-02,6.247058e-02
2.862250e-01,7.326672e-02,3.466798e-02,2.112166e-01,3.511260e-02,4.208564e-02,1.379450e-02,4.969041e-02,3.815414e-02,5.073347e-03,4.107355e-02,6.480096e-02,3.720536e-02,1.248412e-02,5.514906e-02
3.863690e-01,6.284128e-02,3.000566e-02,1.722500e-01,2.811535e-02,3.635341e-02,1.134191e-02,4.026944e-02,3.134468e-02,5.202427e-03,4.174837e-02,5.671358e-02,3.266273e-02,1.303750e-02,5.174457e-02
4.787303e-01,5.139389e-02,2.472825e-02,1.350023e-01,2.228807e-02,3.499161e-02,9.725641e-03,3.212548e-02,2.513944e-02,4.586091e-03,3.726742e-02,5.207334e-02,3.204585e-02,1.248221e-02,4.742015e-02
1.000000e+00,0.000000e+00,0.000000e+00,0.000000e+00,0.000000e+00,0.000000e+00,0.000000e+00,0.000000e+00,0.000000e+00,0.000000e+00,0.000000e+00,0.000000e+00,0.000000e+00,0.000000e+00,0.000000e+00
1.000000e+00,0.000000e+00,0.000000e+00,0.000000e+00,0.000000e+00,0.000000e+00,0.000000e+00,0.000000e+00,0.000000e+00,0.000000e+00,0.000000e+00,0.000000e+00,0.000000e+00,0.000000e+00,0.000000e+00
1.000000e+00,0.000000e+00,0.000000e+00,0.000000e+00,0.000000e+00,0.000000e+00,0.000000e+00,0.000000e+00,0.000000e+00,0.000000e+00,0.000000e+00,0.000000e+00,0.000000e+00,0.000000e+00,0.000000e+00
1.000000e+00,0.000000e+00,0.000000e+00,0.000000e+00,0.000000e+00,0.000000e+00,0.000000e+00,0.000000e+00,0.000000e+00,0.000000e+00,0.000000e+00,0.000000e+00,0.000000e+00,0.000000e+00,0.000000e+00
1.000000e+00,0.000000e+00,0.000000e+00,0.000000e+00,0.000000e+00,0.000000e+00,0.000000e+00,0.000000e+00,0.000000e+00,0.000000e+00,0.000000e+00,0.000000e+00,0.000000e+00,0.000000e+00,0.000000e+00
3.864103e-01,1.090183e-02,1.709887e-02,3.400088e-02,5.054992e-03,1.294640e-02,4.761586e-03,4.578781e-01,5.258354e-03,1.373084e-03,1.227921e-02,1.801798e-02,1.447326e-02,4.749894e-03,1.479524e-02
2.744071e-01,7.726670e-03,1.403428e-02,2.482162e-02,3.657983e-03,9.523546e-03,3.873506e-03,6.114433e-01,3.694576e-03,9.754812e-04,8.787625e-03,1.274130e-02,1.030267e-02,3.572051e-03,1.043823e-02
2.064408e-01,5.593834e-03,1.113009e-02,1.843523e-02,2.963737e-03,7.451205e-03,3.116963e-03,7.067833e-01,2.639213e-03,7.382382e-04,6.969696e-03,9.248546e-03,7.603464e-03,3.445167e-03,7.440569e-03
1.467218e-01,4.357935e-03,9.564414e-03,1.476934e-02,2.499652e-03,5.544994e-03,2.356997e-03,5.923693e-01,2.287344e-03,1.113894e-02,9.349932e-02,6.356453e-02,1.482928e-02,3.113396e-02,5.362236e-03
1.028773e-01,3.273071e-03,6.727777e-03,1.120617e-02,1.855430e-03,3.900895e-03,1.669587e-03,4.162473e-01,3.300234e-03,1.197452e-02,2.859623e-01,9.332995e-02,1.350909e-02,4.035554e-02,3.810856e-03
7.223857e-02,2.572526e-03,4.843212e-03,1.973337e-02,1.845540e-03,2.936874e-03,1.236941e-03,2.934898e-01,6.064774e-03,1.069273e-02,3.058031e-01,2.169494e-01,1.287968e-02,4.594602e-02,2.767452e-03
5.140980e-02,2.274585e-03,3.832146e-03,2.463314e-02,3.979433e-03,3.042422e-03,1.227385e-03,2.062532e-01,9.619379e-03,1.469623e-02,2.783044e-01,3.473775e-01,1.004151e-02,4.077550e-02,2.533318e-03
3.616660e-02,1.872665e-03,2.857028e-03,2.414866e-02,5.531370e-03,2.561200e-03,9.360366e-04,1.449285e-01,1.291517e-02,1.405758e-02,2.766565e-01,4.203996e-01,7.812945e-03,4.719238e-02,1.963795e-03
2.587714e-02,1.623704e-03,2.409914e-03,2.259028e-02,1.375777e-02,3.688081e-03,7.450353e-04,1.020467e-01,1.350365e-02,1.364258e-02,2.242030e-01,5.295978e-01,7.485800e-03,3.706881e-02,1.759664e-03
1.947714e-02,1.232979e-03,1.773958e-03,2.139238e-02,1.196207e-02,4.440754e-03,5.584501e-04,7.154714e-02,1.094083e-02,1.044480e-02,1.898329e-01,6.221325e-01,5.916560e-03,2.674325e-02,1.604225e-03
1.477734e-02,9.669715e-04,1.298289e-03,1.751829e-02,1.079684e-02,5.209531e-03,4.377128e-04,5.021181e-02,8.869842e-03,7.732009e-03,1.653945e-01,6.912618e-01,4.574478e-03,1.943806e-02,1.512506e-03
1.105315e-02,1.553358e-03,1.171908e-03,1.335896e-02,1.766049e-02,5.943665e-03,4.121511e-04,3.528912e-02,9.636580e-03,6.009168e-03,1.519969e-01,7.244483e-01,3.716134e-03,1.502632e-02,2.723828e-03
8.238217e-03,1.195645e-03,8.657965e-04,9.976849e-03,1.818355e-02,6.245546e-03,3.239436e-04,2.475025e-02,7.728719e-03,4.594401e-03,1.647116e-01,7.364549e-01,3.137684e-03,1.136032e-02,2.232595e-03
6.837762e-03,9.695651e-04,6.939042e-04,7.839170e-03,4.393006e-02,7.654748e-03,8.562598e-04,1.744333e-02,7.284175e-03,3.440825e-03,2.497629e-01,6.393991e-01,3.240541e-03,8.733649e-03,1.914044e-03
5.266919e-03,9.668736e-04,6.988099e-04,5.719809e-03,4.751999e-02,7.931139e-03,8.323414e-04,1.228755e-02,6.400627e-03,2.768791e-03,2.537862e-01,6.433672e-01,3.530213e-03,7.195338e-03,1.728262e-03
4.149785e-03,1.660372e-03,1.162307e-03,4.204378e-03,4.835764e-02,1.215719e-02,8.748432e-04,8.709121e-03,5.620729e-03,2.285492e-03,2.245462e-01,6.749520e-01,3.783114e-03,5.527900e-03,2.008960e-03
5.202778e-03,1.980334e-03,3.100917e-03,3.802425e-03,7.789713e-02,6.963709e-02,5.394829e-03,8.866441e-03,5.887072e-03,2.446492e-03,1.812935e-01,6.237204e-01,4.613851e-03,4.207233e-03,1.949480e-03
6.826369e-03,1.698973e-02,3.142647e-02,4.231958e-03,8.146980e-02,1.321175e-01,4.815628e-03,8.798903e-03,9.726496e-03,5.085173e-03,1.569774e-01,5.249058e-01,5.617549e-03,4.569085e-03,6.442185e-03
7.867315e-03,1.262672e-02,2.344286e-02,3.455627e-03,6.232557e-02,1.018432e-01,4.071739e-03,6.960704e-03,1.242285e-02,2.806013e-02,1.852411e-01,5.299582e-01,7.956185e-03,7.612269e-03,6.155502e-03
9.666516e-03,1.001750e-02,1.779222e-02,2.963946e-03,4.987928e-02,8.161166e-02,3.093776e-03,6.108221e-03,1.362045e-02,3.979975e-02,1.927687e-01,5.440176e-01,1.168159e-02,1.177523e-02,5.203636e-03
1.120362e-02,7.940470e-03,1.368352e-02,2.408469e-03,4.124929e-02,6.148350e-02,2.333476e-03,5.726384e-03,1.665297e-02,6.843324e-02,1.798107e-01,5.544649e-01,1.842806e-02,1.190953e-02,4.271940e-03
1.773457e-02,7.284526e-03,1.527611e-02,2.599302e-03,5.276011e-02,5.922462e-02,2.043984e-03,1.731367e-02,2.792629e-02,9.674560e-02,1.643958e-01,4.926093e-01,3.007849e-02,1.049859e-02,3.509087e-03
2.469182e-02,7.747330e-03,1.523348e-02,2.664963e-03,8.350435e-02,6.594842e-02,1.993120e-03,2.473526e-02,3.492238e-02,1.655407e-01,1.524139e-01,3.767202e-01,3.095890e-02,9.864703e-03,3.060564e-03
4.010775e-02,2.292395e-02,2.167867e-02,6.003567e-03,8.618388e-02,6.344016e-02,2.061043e-03,4.936050e-02,7.428104e-02,1.438239e-01,1.290562e-01,3.186073e-01,2.684180e-02,1.031817e-02,5.312108e-03
6.557417e-02,2.690967e-02,3.534374e-02,3.391403e-02,9.805384e-02,5.083885e-02,2.400820e-03,7.942867e-02,9.894024e-02,1.134596e-01,1.153668e-01,2.399231e-01,2.248962e-02,9.282052e-03,8.074842e-03
8.492986e-02,2.377173e-02,2.923916e-02,3.522595e-02,1.024443e-01,4.084558e-02,2.647978e-03,6.736266e-02,1.013169e-01,9.609904e-02,2.046445e-01,1.772268e-01,1.793143e-02,8.374286e-03,7.939878e-03
9.166212e-02,2.054664e-02,2.296221e-02,5.040567e-02,1.047906e-01,3.497770e-02,2.901715e-03,4.974541e-02,7.879157e-02,8.222326e-02,3.030086e-01,1.280911e-01,1.404223e-02,9.615226e-03,6.236079e-03
1.023552e-01,1.764333e-02,1.721795e-02,6.841905e-02,9.777854e-02,3.334069e-02,3.318430e-03,3.696444e-02,6.317769e-02,1.327609e-01,3.040359e-01,9.349993e-02,1.251965e-02,1.146933e-02,5.498964e-03
1.319620e-01,1.955136e-02,1.455267e-02,1.200281e-01,1.098577e-01,3.826830e-02,4.381296e-03,3.754647e-02,5.930254e-02,1.126568e-01,2.458575e-01,7.431847e-02,1.317468e-02,1.286717e-02,5.675004e-03
1.734071e-01,1.618941e-02,1.200119e-02,1.466965e-01,1.148497e-01,3.718095e-02,4.365024e-03,3.337676e-02,6.300979e-02,1.078585e-01,2.002558e-01,6.070264e-02,1.338034e-02,1.141163e-02,5.314752e-03
1.982846e-01,1.325297e-02,9.984863e-03,1.831282e-01,9.875488e-02,3.296941e-02,3.466034e-03,2.465993e-02,6.335557e-02,1.251026e-01,1.740192e-01,4.611400e-02,1.281972e-02,9.596949e-03,4.491073e-03
2.400600e-01,1.288905e-02,8.897020e-03,1.891402e-01,8.984001e-02,2.866952e-02,3.321891e-03,2.374926e-02,7.079826e-02,1.226403e-01,1.445329e-01,3.956888e-02,1.300050e-02,8.186126e-03,4.706095e-03
2.834279e-01,1.191829e-02,7.481755e-03,1.898393e-01,8.262247e-02,2.392629e-02,2.956000e-03,2.033165e-02,8.168957e-02,1.149143e-01,1.238261e-01,3.253265e-02,1.283526e-02,7.308165e-03,4.390362e-03
2.798149e-01,9.763697e-03,5.808156e-03,1.730968e-01,8.198129e-02,1.750037e-02,3.131898e-03,1.198135e-01,9.671541e-02,8.167513e-02,8.789305e-02,2.446419e-02,9.847443e-03,5.265728e-03,3.228499e-03
2.154396e-01,7.120815e-03,4.391792e-03,1.245783e-01,7.449928e-02,1.243517e-02,2.740176e-03,3.359024e-01,7.316296e-02,5.724473e-02,6.184236e-02,1.759263e-02,7.063607e-03,3.702774e-03,2.283573e-03
1.610681e-01,5.142633e-03,3.255880e-03,8.894895e-02,6.016853e-02,8.883112e-03,2.538634e-03,5.110327e-01,5.353666e-02,4.012322e-02,4.349631e-02,1.254013e-02,5.049451e-03,2.600260e-03,1.615460e-03
1.376473e-01,3.898912e-03,2.688613e-03,6.290425e-02,5.122241e-02,7.321483e-03,4.067531e-03,6.164305e-01,3.849631e-02,2.833361e-02,3.066106e-02,9.296825e-03,3.915207e-03,1.865401e-03,1.250634e-03
1.349729e-01,3.325074e-03,2.794560e-03,4.521770e-02,4.744381e-02,7.291297e-03,4.655253e-03,6.713844e-01,2.769244e-02,2.001202e-02,2.182287e-02,7.342315e-03,3.549182e-03,1.379816e-03,1.116377e-03
1.244679e-01,3.124423e-03,2.924257e-03,3.234100e-02,4.166511e-02,7.322659e-03,7.123499e-03,7.180412e-01,2.251571e-02,1.408178e-02,1.554205e-02,5.709228e-03,3.080279e-03,1.046334e-03,1.014569e-03
1.136257e-01,3.104481e-03,2.777814e-03,2.344702e-02,3.909290e-02,7.371892e-03,1.275584e-02,7.463750e-01,2.001337e-02,9.935189e-03,1.138205e-02,4.934173e-03,3.337696e-03,8.138664e-04,1.033018e-03
1.214529e-01,3.972163e-03,4.359950e-03,1.899074e-02,4.371965e-02,9.497569e-03,1.512883e-02,7.268424e-01,1.864443e-02,7.514611e-03,1.016128e-02,7.758342e-03,8.622149e-03,1.071938e-03,2.263065e-03
1.039807e-01,7.079371e-03,6.280036e-03,1.837736e-02,3.956944e-02,2.729997e-02,1.909730e-02,6.464121e-01,1.671726e-02,8.536466e-03,1.530908e-02,2.624322e-02,4.747427e-02,3.978750e-03,1.364456e-02
1.159124e-01,9.438606e-03,7.095080e-03,1.905666e-02,3.469535e-02,5.279604e-02,1.841808e-02,5.009003e-01,1.506058e-02,7.844109e-03,1.464238e-02,2.422107e-02,1.592023e-01,3.768034e-03,1.694894e-02
1.688212e-01,1.071835e-02,7.579181e-03,1.735385e-02,3.259080e-02,6.204626e-02,1.679242e-02,4.095547e-01,1.788965e-02,6.427628e-03,1.509481e-02,2.144996e-02,1.910070e-01,3.145305e-03,1.952887e-02
2.232499e-01,2.028311e-02,1.891679e-02,1.784159e-02,3.391615e-02,7.034268e-02,1.530916e-02,3.083922e-01,3.127559e-02,5.541792e-03,1.324032e-02,2.168499e-02,1.923176e-01,4.565059e-03,2.312301e-02
2.543748e-01,1.867721e-02,1.719357e-02,1.414318e-02,3.680967e-02,6.003494e-02,1.454094e-02,2.590732e-01,2.939906e-02,4.192261e-03,1.536764e-02,3.209641e-02,2.198576e-01,4.199967e-03,2.003955e-02
3.376834e-01,1.722058e-02,1.485943e-02,1.186443e-02,3.800343e-02,6.102160e-02,1.641500e-02,2.063000e-01,2.903435e-02,3.244929e-03,1.506449e-02,4.040917e-02,1.883671e-01,3.531395e-03,1.698068e-02
3.852397e-01,1.929964e-02,1.263385e-02,1.098657e-02,3.959904e-02,5.583341e-02,1.811409e-02,1.710155e-01,3.978958e-02,2.836679e-03,1.606654e-02,4.657322e-02,1.619579e-01,3.288678e-03,1.676561e-02
3.341268e-01,4.659275e-02,1.251597e-02,1.261230e-02,3.292753e-02,4.725358e-02,1.400541e-02,1.311715e-01,7.500926e-02,1.127772e-02,2.523552e-02,8.465302e-02,1.472476e-01,4.082455e-03,2.128859e-02
3.305519e-01,5.425163e-02,1.397846e-02,1.264524e-02,3.095850e-02,4.136464e-02,1.115376e-02,1.019952e-01,1.248929e-01,1.350032e-02,2.569162e-02,7.803470e-02,1.195612e-01,7.497928e-03,3.392215e-02
3.126724e-01,4.993439e-02,1.735517e-02,1.343243e-02,6.163356e-02,4.576223e-02,1.134033e-02,8.630899e-02,1.369057e-01,1.286910e-02,2.289235e-02,7.540165e-02,1.148485e-01,7.427860e-03,3.121530e-02
3.883766e-01,4.147341e-02,1.500663e-02,1.412590e-02,7.356557e-02,4.044052e-02,9.655274e-03,8.967426e-02,1.142781e-01,1.045075e-02,1.840043e-02,6.216883e-02,8.693685e-02,7.671473e-03,2.777537e-02
3.857685e-01,4.321234e-02,1.467442e-02,1.992689e-02,7.347739e-02,4.561725e-02,8.018682e-03,7.206194e-02,1.021129e-01,1.773183e-02,1.947777e-02,5.755652e-02,7.094765e-02,9.716135e-03,5.969980e-02
3.323141e-01,7.451020e-02,2.204512e-02,4.944943e-02,5.432533e-02,3.618613e-02,6.148550e-03,5.320672e-02,1.075120e-01,3.040367e-02,1.852014e-02,5.130148e-02,5.553925e-02,7.862459e-03,1.006754e-01
3.393205e-01,8.284250e-02,1.824246e-02,5.469192e-02,4.457882e-02,3.045991e-02,4.899780e-03,4.148639e-02,1.298950e-01,3.229608e-02,1.828788e-02,4.422354e-02,4.393328e-02,7.433515e-03,1.074085e-01
2.790259e-01,1.133123e-01,2.017667e-02,6.850966e-02,3.405050e-02,2.434317e-02,3.917082e-03,3.128369e-02,1.871414e-01,4.365060e-02,1.594897e-02,3.327053e-02,3.490831e-02,5.976107e-03,1.044851e-01
2.418028e-01,9.076385e-02,2.034045e-02,7.571411e-02,4.553756e-02,3.390339e-02,3.687755e-03,2.462469e-02,2.038453e-01,6.980476e-02,1.504839e-02,2.450369e-02,2.648794e-02,6.460658e-03,1.174747e-01
1.797103e-01,7.309265e-02,4.175381e-02,2.312382e-01,3.694092e-02,2.655610e-02,2.742351e-03,1.954463e-02,1.572920e-01,5.984179e-02,1.468796e-02,1.849568e-02,2.022265e-02,4.873249e-03,1.130078e-01
1.332172e-01,5.697963e-02,7.106803e-02,1.685966e-01,2.704459e-02,2.057978e-02,1.956875e-03,1.412270e-02,1.172330e-01,5.366060e-02,1.684843e-02,1.329907e-02,1.456799e-02,3.863341e-02,2.521921e-01
1.047741e-01,5.184201e-02,8.242263e-02,1.819423e-01,2.292493e-02,1.717286e-02,1.830578e-03,1.034203e-02,1.181246e-01,4.371173e-02,1.434512e-02,1.114082e-02,1.257213e-02,2.976325e-02,2.970910e-01
1.798468e-01,5.037263e-02,6.228106e-02,1.737458e-01,2.669162e-02,1.655458e-02,2.007477e-03,8.779691e-03,1.275266e-01,3.191087e-02,1.686107e-02,1.720862e-02,1.861183e-02,2.392748e-02,2.436739e-01
1.386146e-01,5.262586e-02,4.494848e-02,1.408285e-01,2.088993e-02,1.284209e-02,1.512954e-03,6.481790e-03,1.655880e-01,2.540196e-02,1.404539e-02,1.389652e-02,1.660729e-02,1.807958e-02,3.276369e-01
1.254703e-01,1.066652e-01,3.276082e-02,1.109141e-01,1.666820e-02,1.001368e-02,1.143720e-03,4.841379e-03,1.695387e-01,2.239758e-02,1.386095e-02,1.107029e-02,1.478401e-02,1.565500e-02,3.442160e-01
1.393592e-01,1.299789e-01,3.918988e-02,9.109367e-02,1.560351e-02,8.924535e-03,1.999647e-03,7.193832e-03,1.431759e-01,2.022732e-02,2.997945e-02,9.347567e-03,1.420608e-02,1.845469e-02,3.312658e-01
1.435395e-01,2.158202e-01,3.001769e-02,7.807852e-02,1.214352e-02,1.369311e-02,1.888186e-03,5.772920e-03,1.272505e-01,1.704341e-02,2.373572e-02,7.306163e-03,6.620740e-02,1.424565e-02,2.432575e-01
1.008299e-01,2.645172e-01,3.118383e-02,7.278077e-02,8.967350e-03,1.000636e-02,1.484229e-03,4.091594e-03,2.086910e-01,2.096707e-02,1.775764e-02,5.407749e-03,4.895486e-02,1.068921e-02,1.936712e-01
7.425530e-02,2.196100e-01,3.068796e-02,6.014800e-02,7.264211e-03,7.920335e-03,1.960131e-03,3.340693e-03,2.446299e-01,2.802482e-02,1.884373e-02,5.979982e-03,5.739174e-02,4.995621e-02,1.899870e-01
6.526346e-02,1.629124e-01,2.626933e-02,4.631800e-02,7.508533e-03,6.453528e-03,1.755620e-03,2.880427e-03,2.070740e-01,2.178127e-02,4.783794e-02,7.165404e-03,8.711896e-02,7.405192e-02,2.356092e-01
7.444501e-02,1.188672e-01,1.963938e-02,3.538774e-02,6.897831e-03,7.762438e-03,3.374433e-03,2.733747e-03,1.500479e-01,1.759599e-02,3.613880e-02,1.857627e-02,2.239095e-01,6.529357e-02,2.193302e-01
7.187206e-02,8.477513e-02,1.529026e-02,2.644438e-02,7.095374e-03,1.263114e-02,4.799316e-03,2.571127e-03,1.101589e-01,1.296689e-02,3.040748e-02,8.500828e-02,2.965779e-01,5.047498e-02,1.889268e-01
7.181743e-02,6.178090e-02,1.201165e-02,1.965498e-02,6.443055e-03,1.291326e-02,5.351541e-03,1.962093e-03,8.433609e-02,1.091849e-02,2.897423e-02,9.999126e-02,3.495992e-01,3.976798e-02,1.944779e-01
5.646128e-02,4.594267e-02,9.729018e-03,1.441821e-02,5.205969e-03,1.371321e-02,4.990212e-03,1.402522e-03,6.268150e-02,2.058831e-02,4.148670e-02,1.281363e-01,3.898352e-01,3.221650e-02,1.731923e-01
4.320854e-02,3.297365e-02,7.053370e-03,1.044136e-02,4.023269e-03,1.263755e-02,4.087294e-03,1.023575e-03,4.593032e-02,2.380291e-02,4.614649e-02,1.488011e-01,4.409830e-01,2.578625e-02,1.531014e-01
3.370293e-02,2.336741e-02,5.198541e-03,7.876956e-03,3.737393e-03,1.070065e-02,3.108595e-03,8.027441e-04,3.491029e-02,3.241698e-02,5.465187e-02,1.418019e-01,4.903609e-01,1.944605e-02,1.379168e-01
2.433021e-02,1.661062e-02,3.866761e-03,5.717372e-03,3.053517e-03,1.114784e-02,2.313022e-03,5.824327e-04,2.588220e-02,3.562452e-02,5.441735e-02,1.661912e-01,5.210519e-01,1.689543e-02,1.123156e-01
1.881098e-02,1.196376e-02,3.077595e-03,4.498899e-03,2.659106e-03,1.026132e-02,1.850322e-03,4.270225e-04,2.017268e-02,4.614971e-02,5.200806e-02,1.931693e-01,5.208291e-01,1.430807e-02,9.981412e-02
1.814875e-02,8.670080e-03,2.625272e-03,4.205274e-03,3.778280e-03,8.804552e-03,2.583452e-03,5.575267e-04,2.098901e-02,9.034006e-02,6.225536e-02,2.241586e-01,4.637039e-01,1.193665e-02,7.724322e-02
1.388012e-02,6.201544e-03,2.249056e-03,3.380991e-03,4.348637e-03,7.063359e-03,2.634692e-03,6.272790e-04,2.228871e-02,1.387987e-01,6.126884e-02,2.705854e-01,3.956201e-01,1.088398e-02,6.016859e-02
1.180481e-02,4.633253e-03,2.011520e-03,2.603614e-03,5.151079e-03,5.465351e-03,2.523541e-03,1.451128e-03,2.744603e-02,1.550453e-01,5.999384e-02,3.476001e-01,3.191408e-01,9.022557e-03,4.610709e-02
1.294281e-02,3.617118e-03,2.489118e-03,2.004693e-03,9.169145e-03,8.921502e-03,4.547949e-03,2.086563e-03,2.786042e-02,1.485500e-01,5.006524e-02,4.296699e-01,2.550524e-01,7.567795e-03,3.545533e-02
1.210141e-02,2.964781e-03,2.483959e-03,1.456729e-03,7.978152e-03,8.130586e-03,3.736761e-03,1.845579e-03,2.220158e-02,1.377250e-01,3.887308e-02,5.223447e-01,2.020680e-01,8.940126e-03,2.714950e-02
1.516803e-02,2.938594e-03,4.249566e-03,1.291497e-03,2.540964e-02,7.991261e-03,3.414192e-03,3.727105e-03,2.642940e-02,1.771428e-01,3.380632e-02,4.920706e-01,1.732246e-01,9.321270e-03,2.381513e-02
2.201609e-02,3.479342e-03,5.117712e-03,1.430795e-03,4.977855e-02,1.141895e-02,3.414117e-03,5.706988e-03,4.053305e-02,2.048857e-01,3.679497e-02,4.362085e-01,1.504087e-01,9.593515e-03,1.921311e-02
2.261702e-02,3.734443e-03,5.451456e-03,1.796897e-03,4.843234e-02,9.839696e-03,3.024853e-03,7.616388e-03,4.615010e-02,1.637491e-01,3.464267e-02,5.042598e-01,1.256670e-01,8.855422e-03,1.416283e-02
2.667014e-02,3.205200e-03,7.435350e-03,2.865585e-03,4.095215e-02,9.580571e-03,3.271260e-03,6.602541e-02,4.739729e-02,1.229690e-01,3.795465e-02,4.587618e-01,1.561887e-01,6.491052e-03,1.023185e-02
3.422035e-02,3.174036e-03,6.574776e-03,2.813061e-03,4.000023e-02,9.538638e-03,4.878883e-03,5.695495e-02,9.461988e-02,1.034406e-01,3.350895e-02,4.438452e-01,1.529974e-01,5.232103e-03,8.200911e-03
4.182371e-02,3.819534e-03,7.041303e-03,3.957095e-03,4.534508e-02,3.416583e-02,3.114294e-02,8.972175e-02,1.026086e-01,7.966874e-02,3.021467e-02,3.641968e-01,1.552438e-01,4.055876e-03,6.994150e-03
5.114811e-02,5.078916e-03,6.497126e-03,4.034947e-03,4.327885e-02,6.240181e-02,2.539995e-02,6.996910e-02,1.299641e-01,7.127914e-02,2.512913e-02,3.623598e-01,1.334860e-01,3.353400e-03,6.619653e-03
5.768510e-02,8.066605e-03,4.927553e-03,3.513807e-03,3.501635e-02,6.758743e-02,2.051186e-02,4.953884e-02,1.227792e-01,5.572024e-02,1.927633e-02,4.410485e-01,1.065043e-01,2.625584e-03,5.198368e-03
1.058166e-01,8.846362e-03,9.803204e-03,9.019860e-03,5.484805e-02,6.145103e-02,1.901733e-02,3.984715e-02,1.392545e-01,4.302859e-02,1.744099e-02,3.934814e-01,9.134129e-02,2.291839e-03,4.511853e-03
1.250004e-01,1.612947e-02,7.490975e-03,7.972423e-03,4.837454e-02,7.508085e-02,1.571767e-02,2.950456e-02,1.457365e-01,3.500158e-02,1.809561e-02,3.769603e-01,9.133468e-02,2.588019e-03,5.012400e-03
1.247274e-01,1.539161e-02,5.446915e-03,6.651410e-03,4.194722e-02,6.917579e-02,1.176522e-02,2.133048e-02,1.230179e-01,2.509205e-02,1.968092e-02,4.212838e-01,1.057871e-01,4.177503e-03,4.524720e-03
1.029822e-01,1.244243e-02,3.871455e-03,5.006840e-03,3.151426e-02,5.513591e-02,8.472742e-03,1.515269e-02,9.207365e-02,1.783187e-02,2.450402e-02,5.359292e-01,8.715249e-02,4.181594e-03,3.748707e-03
1.094286e-01,3.503101e-02,3.709892e-03,7.199972e-03,2.701719e-02,6.652346e-02,6.913041e-03,1.166833e-02,8.084039e-02,1.524352e-02,2.035585e-02,5.136278e-01,7.048180e-02,4.401062e-03,2.755810e-02
9.729323e-02,3.252873e-02,2.840809e-03,5.658149e-03,2.239141e-02,6.508774e-02,5.387533e-03,8.729274e-03,7.629863e-02,1.112289e-02,2.510132e-02,5.623912e-01,6.002886e-02,4.402293e-03,2.073793e-02
1.048665e-01,3.566385e-02,2.687485e-03,6.816900e-03,2.053866e-02,6.198957e-02,4.748693e-03,7.683443e-03,6.724556e-02,9.226533e-03,2.422294e-02,5.807950e-01,5.057669e-02,4.264697e-03,1.867351e-02
1.142838e-01,4.133889e-02,8.806438e-03,4.100215e-02,2.597094e-02,7.851896e-02,4.461385e-03,8.635376e-03,6.387375e-02,8.891374e-03,2.361283e-02,5.131189e-01,4.190303e-02,3.712013e-03,2.187018e-02
1.558457e-01,4.613849e-02,7.803178e-03,3.641780e-02,3.161584e-02,8.855414e-02,4.784678e-03,9.319432e-03,8.041590e-02,7.438634e-03,2.507551e-02,4.457880e-01,3.587956e-02,3.232175e-03,2.169098e-02
2.294577e-01,4.608781e-02,6.326430e-03,2.927658e-02,3.953477e-02,9.318028e-02,5.707156e-03,1.581792e-02,1.022585e-01,6.109810e-03,2.255938e-02,3.297511e-01,5.350909e-02,3.117555e-03,1.730587e-02
2.560463e-01,6.105822e-02,5.306649e-03,4.097425e-02,5.343195e-02,7.172853e-02,9.721505e-03,1.437688e-02,1.374901e-01,5.731774e-03,1.673290e-02,2.329066e-01,6.423454e-02,2.353717e-03,2.790614e-02
2.225577e-01,7.051378e-02,4.890646e-03,4.425948e-02,5.380901e-02,5.575861e-02,1.228477e-02,1.243969e-02,2.072265e-01,6.543323e-03,1.281560e-02,1.650353e-01,9.084450e-02,1.802462e-03,3.921865e-02
1.613248e-01,9.645844e-02,6.756250e-03,1.137695e-01,4.298227e-02,4.178308e-02,9.836327e-03,1.300762e-02,2.714929e-01,5.625569e-03,1.072739e-02,1.178423e-01,6.905041e-02,1.509521e-03,3.783367e-02
1.662600e-01,9.042278e-02,1.278365e-02,1.498085e-01,3.833819e-02,3.851712e-02,8.992998e-03,1.725854e-02,2.452414e-01,7.880040e-03,1.984804e-02,8.915742e-02,6.112969e-02,2.047563e-03,5.231405e-02
1.278630e-01,9.205679e-02,2.483650e-02,2.442488e-01,2.993538e-02,3.037203e-02,6.837640e-03,1.600911e-02,2.097043e-01,1.577910e-02,1.976126e-02,6.414391e-02,4.821886e-02,2.518548e-03,6.771478e-02
1.696240e-01,9.587272e-02,2.679883e-02,2.176318e-01,2.416700e-02,2.643669e-02,5.481812e-03,1.293015e-02,1.874708e-01,1.632334e-02,3.544432e-02,4.812427e-02,4.411415e-02,9.057306e-03,8.052272e-02
2.168846e-01,8.609182e-02,2.212517e-02,1.696633e-01,1.966108e-02,2.125913e-02,4.103787e-03,1.488454e-02,1.676552e-01,1.312646e-02,7.452310e-02,3.986858e-02,6.748865e-02,1.521066e-02,6.745391e-02
3.103139e-01,6.460934e-02,2.253279e-02,1.281987e-01,2.050632e-02,2.738922e-02,8.154038e-03,3.596561e-02,1.273517e-01,1.011458e-02,7.928629e-02,3.930340e-02,5.621705e-02,1.310447e-02,5.695255e-02
3.112321e-01,6.088294e-02,3.169855e-02,1.563774e-01,1.761323e-02,2.553225e-02,6.284887e-03,2.891686e-02,1.283297e-01,9.957103e-03,6.164322e-02,3.187445e-02,4.618927e-02,1.193097e-02,7.153705e-02
2.532616e-01,1.325013e-01,3.478513e-02,1.333555e-01,1.397130e-02,2.127060e-02,4.547317e-03,2.210055e-02,1.390637e-01,1.349992e-02,5.653991e-02,2.593125e-02,4.252438e-02,1.570106e-02,9.094644e-02
2.022731e-01,1.562510e-01,1.083207e-01,1.314613e-01,1.261154e-02,1.711548e-02,4.006954e-03,2.069050e-02,1.296858e-01,1.837291e-02,4.644319e-02,1.911440e-02,3.216087e-02,1.923358e-02,8.225867e-02
1.468158e-01,1.831708e-01,1.657328e-01,1.029158e-01,9.938459e-03,1.293340e-02,2.963203e-03,1.866043e-02,1.109194e-01,5.132557e-02,3.587365e-02,1.437493e-02,2.427127e-02,2.056504e-02,9.953949e-02
1.285594e-01,1.869566e-01,2.265513e-01,8.867235e-02,8.386122e-03,1.008324e-02,2.410472e-03,2.608130e-02,1.037169e-01,5.382181e-02,2.820054e-02,1.082115e-02,1.824459e-02,1.886241e-02,8.863182e-02
1.212810e-01,1.460235e-01,2.662095e-01,1.011374e-01,1.288200e-02,8.522447e-03,3.619605e-03,4.650883e-02,1.117910e-01,4.108127e-02,2.581882e-02,7.833394e-03,1.350839e-02,1.945016e-02,7.433278e-02
1.154799e-01,2.599484e-01,2.059629e-01,7.357780e-02,1.235190e-02,7.849509e-03,2.897917e-03,3.686958e-02,1.349454e-01,3.204032e-02,1.975895e-02,5.789749e-03,1.167620e-02,1.671802e-02,6.413338e-02
1.196129e-01,2.728176e-01,1.607216e-01,5.699708e-02,2.040685e-02,8.980010e-03,3.007228e-03,6.669688e-02,1.548133e-01,2.616798e-02,1.611938e-02,4.790325e-03,1.549608e-02,1.847306e-02,5.489971e-02
1.171554e-01,2.404718e-01,1.229586e-01,4.404245e-02,3.760180e-02,8.480452e-03,2.967537e-03,1.643224e-01,1.487684e-01,2.008400e-02,1.330495e-02,3.736602e-03,1.312914e-02,1.854338e-02,4.443296e-02
1.797175e-01,2.001539e-01,9.796153e-02,3.525353e-02,5.255786e-02,1.092142e-02,2.892797e-03,2.004129e-01,1.236855e-01,1.514812e-02,1.520740e-02,4.464705e-03,1.086257e-02,1.614969e-02,3.461056e-02
2.612604e-01,1.602612e-01,8.517554e-02,2.844391e-02,5.763820e-02,1.343934e-02,3.628360e-03,2.058979e-01,1.018533e-01,1.121109e-02,1.472584e-02,5.119537e-03,9.357245e-03,1.369478e-02,2.829341e-02
3.264048e-01,1.234594e-01,7.368343e-02,2.301112e-02,4.985770e-02,1.406489e-02,4.404481e-03,2.209489e-01,9.161559e-02,8.991394e-03,1.433449e-02,6.194705e-03,8.640160e-03,1.167200e-02,2.271699e-02
3.293837e-01,9.022309e-02,5.904605e-02,1.739518e-02,4.301374e-02,1.517350e-02,5.610998e-03,3.030868e-01,7.477278e-02,6.733873e-03,1.267229e-02,7.070908e-03,7.974339e-03,9.135205e-03,1.870746e-02
3.646203e-01,6.720275e-02,4.641683e-02,1.428204e-02,3.735703e-02,1.787861e-02,6.775638e-03,3.218891e-01,6.213344e-02,5.150268e-03,1.193799e-02,9.979274e-03,8.620494e-03,7.654204e-03,1.810199e-02
4.359352e-01,5.040178e-02,3.596747e-02,1.355535e-02,3.027073e-02,2.264276e-02,9.763835e-03,2.897670e-01,5.142169e-02,4.081301e-03,9.702032e-03,1.299396e-02,8.359367e-03,6.225545e-03,1.891192e-02
4.835999e-01,3.722407e-02,2.791858e-02,1.240477e-02,2.492197e-02,2.240833e-02,1.021877e-02,2.823478e-01,4.134560e-02,3.373920e-03,8.268036e-03,1.486606e-02,8.315871e-03,5.171446e-03,1.761483e-02
4.606260e-01,2.755118e-02,2.353139e-02,1.232359e-02,1.829733e-02,2.797881e-02,9.102944e-03,3.098109e-01,3.016315e-02,3.901210e-03,1.049492e-02,3.015193e-02,1.238460e-02,5.797040e-03,1.788506e-02
4.785572e-01,2.063518e-02,1.815308e-02,1.170625e-02,1.401748e-02,3.555892e-02,8.595574e-03,2.722611e-01,2.257330e-02,3.443871e-03,1.322285e-02,4.057546e-02,3.617500e-02,5.737885e-03,1.878695e-02
4.171620e-01,1.932166e-02,1.512770e-02,1.418404e-02,1.023020e-02,4.480797e-02,6.702639e-03,2.234363e-01,2.533462e-02,7.459902e-03,1.825910e-02,6.538039e-02,6.318089e-02,1.195844e-02,5.745414e-02
3.435456e-01,1.824852e-02,1.249094e-02,1.733185e-02,7.468096e-03,4.363088e-02,5.233997e-03,1.737964e-01,2.923357e-02,1.267443e-02,2.429358e-02,7.332643e-02,9.485991e-02,2.404875e-02,1.198171e-01
3.364883e-01,1.563461e-02,1.050693e-02,2.387227e-02,6.026206e-03,3.894930e-02,4.213017e-03,1.317069e-01,2.668919e-02,1.376978e-02,6.525420e-02,6.698018e-02,1.226883e-01,3.197229e-02,1.052485e-01
3.371482e-01,1.279928e-02,1.408171e-02,2.034036e-02,2.103663e-02,3.080778e-02,5.878466e-03,1.027465e-01,2.734785e-02,2.416703e-02,6.867404e-02,5.916742e-02,1.569326e-01,2.691404e-02,9.195816e-02
3.094482e-01,1.432754e-02,5.791461e-02,2.231558e-02,3.878947e-02,2.974681e-02,6.042472e-03,8.081742e-02,2.993394e-02,3.082572e-02,6.309225e-02,4.644370e-02,1.368471e-01,2.595042e-02,1.075048e-01
2.557338e-01,1.554201e-02,1.274018e-01,4.407993e-02,5.085391e-02,2.850583e-02,5.460978e-03,5.849337e-02,5.419736e-02,2.773904e-02,5.365933e-02,3.680508e-02,1.096253e-01,2.127228e-02,1.106301e-01
1.825209e-01,1.785102e-02,2.561399e-01,5.769101e-02,4.532524e-02,2.278145e-02,4.246238e-03,4.129434e-02,7.844278e-02,2.120767e-02,6.390579e-02,3.200997e-02,8.100530e-02,1.586895e-02,7.970942e-02
1.353799e-01,2.212067e-02,2.187338e-01,5.153283e-02,4.188438e-02,2.556063e-02,5.103569e-03,3.108284e-02,1.652948e-01,1.641024e-02,9.250550e-02,4.099623e-02,7.691682e-02,1.215631e-02,6.432153e-02
1.099771e-01,6.310616e-02,1.967890e-01,4.111354e-02,3.724118e-02,2.568980e-02,4.659753e-03,2.383322e-02,2.318839e-01,1.282554e-02,8.599049e-02,3.268197e-02,7.609886e-02,8.754791e-03,4.935470e-02
1.096292e-01,4.766372e-02,1.661516e-01,4.613789e-02,3.391709e-02,2.594531e-02,4.155696e-03,1.914566e-02,1.691218e-01,9.762053e-03,7.373319e-02,2.541112e-02,2.213356e-01,6.339254e-03,4.155070e-02
8.096275e-02,3.445005e-02,1.356718e-01,3.622939e-02,3.067418e-02,2.250096e-02,4.573140e-03,2.092816e-02,1.244780e-01,8.353267e-03,7.967826e-02,2.573270e-02,3.335500e-01,4.877275e-03,5.734007e-02
7.016408e-02,3.134187e-02,1.018628e-01,1.306891e-01,2.504346e-02,2.886031e-02,4.070388e-03,1.819142e-02,1.492729e-01,8.304563e-03,8.339551e-02,2.224798e-02,2.772350e-01,3.750833e-03,4.556986e-02
5.816943e-02,2.349734e-02,7.273366e-02,9.930483e-02,2.355053e-02,4.655302e-02,3.559264e-03,1.501479e-02,1.128309e-01,7.072347e-03,8.196769e-02,2.335263e-02,3.798272e-01,3.263347e-03,4.930301e-02
5.318709e-02,2.587011e-02,5.514622e-02,9.909189e-02,1.856812e-02,5.176465e-02,3.071550e-03,1.182968e-02,1.044662e-01,7.111365e-03,7.506114e-02,2.578156e-02,4.127493e-01,4.569142e-03,5.173201e-02
4.433490e-02,1.958158e-02,3.924226e-02,7.365184e-02,1.416026e-02,4.209549e-02,2.440112e-03,8.740157e-03,8.004881e-02,5.450374e-03,5.802952e-02,2.476108e-02,5.420581e-01,5.460413e-03,3.994510e-02
3.992840e-02,1.426028e-02,2.795418e-02,5.350729e-02,1.231520e-02,3.668927e-02,2.401182e-03,7.563771e-03,5.984297e-02,4.276746e-03,5.017329e-02,2.440526e-02,6.274540e-01,4.664436e-03,3.456376e-02
3.665324e-02,1.052782e-02,1.994270e-02,3.794947e-02,9.731648e-03,2.920328e-02,2.106357e-03,5.888351e-03,4.267311e-02,3.155201e-03,3.705883e-02,2.291803e-02,7.111593e-01,4.871220e-03,2.616137e-02
3.582278e-02,8.519623e-03,1.459460e-02,2.851012e-02,8.131907e-03,3.429382e-02,2.064757e-03,4.916774e-03,3.125615e-02,2.672776e-03,2.898987e-02,3.091810e-02,7.406933e-01,4.779022e-03,2.383630e-02
3.342175e-02,6.528637e-03,1.043980e-02,2.108676e-02,6.573101e-03,3.938425e-02,1.948254e-03,3.747236e-03,2.343686e-02,3.212064e-03,2.959195e-02,5.008842e-02,7.240894e-01,4.064626e-03,4.238687e-02
2.524822e-02,4.958264e-03,7.455223e-03,1.526011e-02,5.017799e-03,3.610822e-02,1.665379e-03,2.658539e-03,1.702687e-02,3.184595e-03,2.606568e-02,6.288133e-02,7.257473e-01,3.088230e-03,6.363424e-02
2.152101e-02,5.109749e-03,5.568913e-03,1.209794e-02,4.865528e-03,4.692933e-02,1.702965e-03,1.995598e-03,1.410248e-02,4.959026e-03,2.806515e-02,8.056963e-02,7.164658e-01,2.663992e-03,5.338287e-02
2.433038e-02,4.528833e-03,7.082917e-03,9.717812e-03,5.639575e-03,6.438699e-02,4.488876e-03,1.914113e-03,1.273759e-02,6.202138e-03,2.967811e-02,9.264021e-02,6.932876e-01,3.681850e-03,3.968298e-02
3.199311e-02,3.866544e-03,5.583460e-03,7.876824e-03,5.375933e-03,4.958596e-02,3.792050e-03,1.594065e-03,1.104192e-02,9.287372e-03,5.938393e-02,2.033377e-01,5.715809e-01,5.208042e-03,3.049216e-02
