1.000000e+00,0.000000e+00,0.000000e+00,0.000000e+00,0.000000e+00,0.000000e+00,0.000000e+00,0.000000e+00,0.000000e+00,0.000000e+00,0.000000e+00,0.000000e+00,0.000000e+00,0.000000e+00,0.000000e+00
1.000000e+00,0.000000e+00,0.000000e+00,0.000000e+00,0.000000e+00,0.000000e+00,0.000000e+00,0.000000e+00,0.000000e+00,0.000000e+00,0.000000e+00,0.000000e+00,0.000000e+00,0.000000e+00,0.000000e+00
1.000000e+00,0.000000e+00,0.000000e+00,0.000000e+00,0.000000e+00,0.000000e+00,0.000000e+00,0.000000e+00,0.000000e+00,0.000000e+00,0.000000e+00,0.000000e+00,0.000000e+00,0.000000e+00,0.000000e+00
1.000000e+00,0.000000e+00,0.000000e+00,0.000000e+00,0.000000e+00,0.000000e+00,0.000000e+00,0.000000e+00,0.000000e+00,0.000000e+00,0.000000e+00,0.000000e+00,0.000000e+00,0.000000e+00,0.000000e+00
1.000000e+00,0.000000e+00,0.000000e+00,0.000000e+00,0.000000e+00,0.000000e+00,0.000000e+00,0.000000e+00,0.000000e+00,0.000000e+00,0.000000e+00,0.000000e+00,0.000000e+00,0.000000e+00,0.000000e+00
1.000000e+00,0.000000e+00,0.000000e+00,0.000000e+00,0.000000e+00,0.000000e+00,0.000000e+00,0.000000e+00,0.000000e+00,0.000000e+00,0.000000e+00,0.000000e+00,0.000000e+00,0.000000e+00,0.000000e+00
1.000000e+00,0.000000e+00,0.000000e+00,0.000000e+00,0.000000e+00,0.000000e+00,0.000000e+00,0.000000e+00,0.000000e+00,0.000000e+00,0.000000e+00,0.000000e+00,0.000000e+00,0.000000e+00,0.000000e+00
1.000000e+00,0.000000e+00,0.000000e+00,0.000000e+00,0.000000e+00,0.000000e+00,0.000000e+00,0.000000e+00,0.000000e+00,0.000000e+00,0.000000e+00,0.000000e+00,0.000000e+00,0.000000e+00,0.000000e+00
1.000000e+00,0.000000e+00,0.000000e+00,0.000000e+00,0.000000e+00,0.000000e+00,0.000000e+00,0.000000e+00,0.000000e+00,0.000000e+00,0.000000e+00,0.000000e+00,0.000000e+00,0.000000e+00,0.000000e+00
1.000000e+00,0.000000e+00,0.000000e+00,0.000000e+00,0.000000e+00,0.000000e+00,0.000000e+00,0.000000e+00,0.000000e+00,0.000000e+00,0.000000e+00,0.000000e+00,0.000000e+00,0.000000e+00,0.000000e+00
1.000000e+00,0.000000e+00,0.000000e+00,0.000000e+00,0.000000e+00,0.000000e+00,0.000000e+00,0.000000e+00,0.000000e+00,0.000000e+00,0.000000e+00,0.000000e+00,0.000000e+00,0.000000e+00,0.000000e+00
1.000000e+00,0.000000e+00,0.000000e+00,0.000000e+00,0.000000e+00,0.000000e+00,0.000000e+00,0.000000e+00,0.000000e+00,0.000000e+00,0.000000e+00,0.000000e+00,0.000000e+00,0.000000e+00,0.000000e+00
1.000000e+00,0.000000e+00,0.000000e+00,0.000000e+00,0.000000e+00,0.000000e+00,0.000000e+00,0.000000e+00,0.000000e+00,0.000000e+00,0.000000e+00,0.000000e+00,0.000000e+00,0.000000e+00,0.000000e+00
1.000000e+00,0.000000e+00,0.000000e+00,0.000000e+00,0.000000e+00,0.000000e+00,0.000000e+00,0.000000e+00,0.000000e+00,0.000000e+00,0.000000e+00,0.000000e+00,0.000000e+00,0.000000e+00,0.000000e+00
1.000000e+00,0.000000e+00,0.000000e+00,0.000000e+00,0.000000e+00,0.000000e+00,0.000000e+00,0.000000e+00,0.000000e+00,0.000000e+00,0.000000e+00,0.000000e+00,0.000000e+00,0.000000e+00,0.000000e+00
1.000000e+00,0.000000e+00,0.000000e+00,0.000000e+00,0.000000e+00,0.000000e+00,0.000000e+00,0.000000e+00,0.000000e+00,0.000000e+00,0.000000e+00,0.000000e+00,0.000000e+00,0.000000e+00,0.000000e+00
1.000000e+00,0.000000e+00,0.000000e+00,0.000000e+00,0.000000e+00,0.000000e+00,0.000000e+00,0.000000e+00,0.000000e+00,0.000000e+00,0.000000e+00,0.000000e+00,0.000000e+00,0.000000e+00,0.000000e+00
1.000000e+00,0.000000e+00,0.000000e+00,0.000000e+00,0.000000e+00,0.000000e+00,0.000000e+00,0.000000e+00,0.000000e+00,0.000000e+00,0.000000e+00,0.000000e+00,0.000000e+00,0.000000e+00,0.000000e+00
1.000000e+00,0.000000e+00,0.000000e+00,0.000000e+00,0.000000e+00,0.000000e+00,0.000000e+00,0.000000e+00,0.000000e+00,0.000000e+00,0.000000e+00,0.000000e+00,0.000000e+00,0.000000e+00,0.000000e+00
1.000000e+00,0.000000e+00,0.000000e+00,0.000000e+00,0.000000e+00,0.000000e+00,0.000000e+00,0.000000e+00,0.000000e+00,0.000000e+00,0.000000e+00,0.000000e+00,0.000000e+00,0.000000e+00,0.000000e+00
1.000000e+00,0.000000e+00,0.000000e+00,0.000000e+00,0.000000e+00,0.000000e+00,0.000000e+00,0.000000e+00,0.000000e+00,0.000000e+00,0.000000e+00,0.000000e+00,0.000000e+00,0.000000e+00,0.000000e+00
1.000000e+00,0.000000e+00,0.000000e+00,0.000000e+00,0.000000e+00,0.000000e+00,0.000000e+00,0.000000e+00,0.000000e+00,0.000000e+00,0.000000e+00,0.000000e+00,0.000000e+00,0.000000e+00,0.000000e+00
1.000000e+00,0.000000e+00,0.000000e+00,0.000000e+00,0.000000e+00,0.000000e+00,0.000000e+00,0.000000e+00,0.000000e+00,0.000000e+00,0.000000e+00,0.000000e+00,0.000000e+00,0.000000e+00,0.000000e+00
1.000000e+00,0.000000e+00,0.000000e+00,0.000000e+00,0.000000e+00,0.000000e+00,0.000000e+00,0.000000e+00,0.000000e+00,0.000000e+00,0.000000e+00,0.000000e+00,0.000000e+00,0.000000e+00,0.000000e+00
1.000000e+00,0.000000e+00,0.000000e+00,0.000000e+00,0.000000e+00,0.000000e+00,0.000000e+00,0.000000e+00,0.000000e+00,0.000000e+00,0.000000e+00,0.000000e+00,0.000000e+00,0.000000e+00,0.000000e+00
1.000000e+00,0.000000e+00,0.000000e+00,0.000000e+00,0.000000e+00,0.000000e+00,0.000000e+00,0.000000e+00,0.000000e+00,0.000000e+00,0.000000e+00,0.000000e+00,0.000000e+00,0.000000e+00,0.000000e+00
1.000000e+00,0.000000e+00,0.000000e+00,0.000000e+00,0.000000e+00,0.000000e+00,0.000000e+00,0.000000e+00,0.000000e+00,0.000000e+00,0.000000e+00,0.000000e+00,0.000000e+00,0.000000e+00,0.000000e+00
1.000000e+00,0.000000e+00,0.000000e+00,0.000000e+00,0.000000e+00,0.000000e+00,0.000000e+00,0.000000e+00,0.000000e+00,0.000000e+00,0.000000e+00,0.000000e+00,0.000000e+00,0.000000e+00,0.000000e+00
1.000000e+00,0.000000e+00,0.000000e+00,0.000000e+00,0.000000e+00,0.000000e+00,0.000000e+00,0.000000e+00,0.000000e+00,0.000000e+00,0.000000e+00,0.000000e+00,0.000000e+00,0.000000e+00,0.000000e+00
1.000000e+00,0.000000e+00,0.000000e+00,0.000000e+00,0.000000e+00,0.000000e+00,0.000000e+00,0.000000e+00,0.000000e+00,0.000000e+00,0.000000e+00,0.000000e+00,0.000000e+00,0.000000e+00,0.000000e+00
1.000000e+00,0.000000e+00,0.000000e+00,0.000000e+00,0.000000e+00,0.000000e+00,0.000000e+00,0.000000e+00,0.000000e+00,0.000000e+00,0.000000e+00,0.000000e+00,0.000000e+00,0.000000e+00,0.000000e+00
1.000000e+00,0.000000e+00,0.000000e+00,0.000000e+00,0.000000e+00,0.000000e+00,0.000000e+00,0.000000e+00,0.000000e+00,0.000000e+00,0.000000e+00,0.000000e+00,0.000000e+00,0.000000e+00,0.000000e+00
1.000000e+00,0.000000e+00,0.000000e+00,0.000000e+00,0.000000e+00,0.000000e+00,0.000000e+00,0.000000e+00,0.000000e+00,0.000000e+00,0.000000e+00,0.000000e+00,0.000000e+00,0.000000e+00,0.000000e+00
1.000000e+00,0.000000e+00,0.000000e+00,0.000000e+00,0.000000e+00,0.000000e+00,0.000000e+00,0.000000e+00,0.000000e+00,0.000000e+00,0.000000e+00,0.000000e+00,0.000000e+00,0.000000e+00,0.000000e+00
1.000000e+00,0.000000e+00,0.000000e+00,0.000000e+00,0.000000e+00,0.000000e+00,0.000000e+00,0.000000e+00,0.000000e+00,0.000000e+00,0.000000e+00,0.000000e+00,0.000000e+00,0.000000e+00,0.000000e+00
1.000000e+00,0.000000e+00,0.000000e+00,0.000000e+00,0.000000e+00,0.000000e+00,0.000000e+00,0.000000e+00,0.000000e+00,0.000000e+00,0.000000e+00,0.000000e+00,0.000000e+00,0.000000e+00,0.000000e+00
1.000000e+00,0.000000e+00,0.000000e+00,0.000000e+00,0.000000e+00,0.000000e+00,0.000000e+00,0.000000e+00,0.000000e+00,0.000000e+00,0.000000e+00,0.000000e+00,0.000000e+00,0.000000e+00,0.000000e+00
1.000000e+00,0.000000e+00,0.000000e+00,0.000000e+00,0.000000e+00,0.000000e+00,0.000000e+00,0.000000e+00,0.000000e+00,0.000000e+00,0.000000e+00,0.000000e+00,0.000000e+00,0.000000e+00,0.000000e+00
1.000000e+00,0.000000e+00,0.000000e+00,0.000000e+00,0.000000e+00,0.000000e+00,0.000000e+00,0.000000e+00,0.000000e+00,0.000000e+00,0.000000e+00,0.000000e+00,0.000000e+00,0.000000e+00,0.000000e+00
1.000000e+00,0.000000e+00,0.000000e+00,0.000000e+00,0.000000e+00,0.000000e+00,0.000000e+00,0.000000e+00,0.000000e+00,0.000000e+00,0.000000e+00,0.000000e+00,0.000000e+00,0.000000e+00,0.000000e+00
1.000000e+00,0.000000e+00,0.000000e+00,0.000000e+00,0.000000e+00,0.000000e+00,0.000000e+00,0.000000e+00,0.000000e+00,0.000000e+00,0.000000e+00,0.000000e+00,0.000000e+00,0.000000e+00,0.000000e+00
1.000000e+00,0.000000e+00,0.000000e+00,0.000000e+00,0.000000e+00,0.000000e+00,0.000000e+00,0.000000e+00,0.000000e+00,0.000000e+00,0.000000e+00,0.000000e+00,0.000000e+00,0.000000e+00,0.000000e+00
1.000000e+00,0.000000e+00,0.000000e+00,0.000000e+00,0.000000e+00,0.000000e+00,0.000000e+00,0.000000e+00,0.000000e+00,0.000000e+00,0.000000e+00,0.000000e+00,0.000000e+00,0.000000e+00,0.000000e+00
1.000000e+00,0.000000e+00,0.000000e+00,0.000000e+00,0.000000e+00,0.000000e+00,0.000000e+00,0.000000e+00,0.000000e+00,0.000000e+00,0.000000e+00,0.000000e+00,0.000000e+00,0.000000e+00,0.000000e+00
1.000000e+00,0.000000e+00,0.000000e+00,0.000000e+00,0.000000e+00,0.000000e+00,0.000000e+00,0.000000e+00,0.000000e+00,0.000000e+00,0.000000e+00,0.000000e+00,0.000000e+00,0.000000e+00,0.000000e+00
1.000000e+00,0.000000e+00,0.000000e+00,0.000000e+00,0.000000e+00,0.000000e+00,0.000000e+00,0.000000e+00,0.000000e+00,0.000000e+00,0.000000e+00,0.000000e+00,0.000000e+00,0.000000e+00,0.000000e+00
1.000000e+00,0.000000e+00,0.000000e+00,0.000000e+00,0.000000e+00,0.000000e+00,0.000000e+00,0.000000e+00,0.000000e+00,0.000000e+00,0.000000e+00,0.000000e+00,0.000000e+00,0.000000e+00,0.000000e+00
1.000000e+00,0.000000e+00,0.000000e+00,0.000000e+00,0.000000e+00,0.000000e+00,0.000000e+00,0.000000e+00,0.000000e+00,0.000000e+00,0.000000e+00,0.000000e+00,0.000000e+00,0.000000e+00,0.000000e+00
1.000000e+00,0.000000e+00,0.000000e+00,0.000000e+00,0.000000e+00,0.000000e+00,0.000000e+00,0.000000e+00,0.000000e+00,0.000000e+00,0.000000e+00,0.000000e+00,0.000000e+00,0.000000e+00,0.000000e+00
1.000000e+00,0.000000e+00,0.000000e+00,0.000000e+00,0.000000e+00,0.000000e+00,0.000000e+00,0.000000e+00,0.000000e+00,0.000000e+00,0.000000e+00,0.000000e+00,0.000000e+00,0.000000e+00,0.000000e+00
1.000000e+00,0.000000e+00,0.000000e+00,0.000000e+00,0.000000e+00,0.000000e+00,0.000000e+00,0.000000e+00,0.000000e+00,0.000000e+00,0.000000e+00,0.000000e+00,0.000000e+00,0.000000e+00,0.000000e+00
1.000000e+00,0.000000e+00,0.000000e+00,0.000000e+00,0.000000e+00,0.000000e+00,0.000000e+00,0.000000e+00,0.000000e+00,0.000000e+00,0.000000e+00,0.000000e+00,0.000000e+00,0.000000e+00,0.000000e+00
1.000000e+00,0.000000e+00,0.000000e+00,0.000000e+00,0.000000e+00,0.000000e+00,0.000000e+00,0.000000e+00,0.000000e+00,0.000000e+00,0.000000e+00,0.000000e+00,0.000000e+00,0.000000e+00,0.000000e+00
1.000000e+00,0.000000e+00,0.000000e+00,0.000000e+00,0.000000e+00,0.000000e+00,0.000000e+00,0.000000e+00,0.000000e+00,0.000000e+00,0.000000e+00,0.000000e+00,0.000000e+00,0.000000e+00,0.000000e+00
1.000000e+00,0.000000e+00,0.000000e+00,0.000000e+00,0.000000e+00,0.000000e+00,0.000000e+00,0.000000e+00,0.000000e+00,0.000000e+00,0.000000e+00,0.000000e+00,0.000000e+00,0.000000e+00,0.000000e+00
1.000000e+00,0.000000e+00,0.000000e+00,0.000000e+00,0.000000e+00,0.000000e+00,0.000000e+00,0.000000e+00,0.000000e+00,0.000000e+00,0.000000e+00,0.000000e+00,0.000000e+00,0.000000e+00,0.000000e+00
1.000000e+00,0.000000e+00,0.000000e+00,0.000000e+00,0.000000e+00,0.000000e+00,0.000000e+00,0.000000e+00,0.000000e+00,0.000000e+00,0.000000e+00,0.000000e+00,0.000000e+00,0.000000e+00,0.000000e+00
1.000000e+00,0.000000e+00,0.000000e+00,0.000000e+00,0.000000e+00,0.000000e+00,0.000000e+00,0.000000e+00,0.000000e+00,0.000000e+00,0.000000e+00,0.000000e+00,0.000000e+00,0.000000e+00,0.000000e+00
1.000000e+00,0.000000e+00,0.000000e+00,0.000000e+00,0.000000e+00,0.000000e+00,0.000000e+00,0.000000e+00,0.000000e+00,0.000000e+00,0.000000e+00,0.000000e+00,0.000000e+00,0.000000e+00,0.000000e+00
1.000000e+00,0.000000e+00,0.000000e+00,0.000000e+00,0.000000e+00,0.000000e+00,0.000000e+00,0.000000e+00,0.000000e+00,0.000000e+00,0.000000e+00,0.000000e+00,0.000000e+00,0.000000e+00,0.000000e+00
1.000000e+00,0.000000e+00,0.000000e+00,0.000000e+00,0.000000e+00,0.000000e+00,0.000000e+00,0.000000e+00,0.000000e+00,0.000000e+00,0.000000e+00,0.000000e+00,0.000000e+00,0.000000e+00,0.000000e+00
4.878273e-01,4.686394e-02,4.778427e-02,2.087834e-01,6.281510e-03,2.235583e-02,2.704657e-03,8.977003e-03,9.759912e-03,3.050653e-02,2.416186e-02,1.980702e-02,2.192057e-02,2.165618e-03,6.010050e-02
3.417042e-01,3.344792e-02,3.425379e-02,1.464883e-01,4.514488e-03,1.603372e-02,1.908239e-03,6.341913e-03,9.023773e-03,3.784663e-02,1.733223e-02,1.402370e-02,1.637254e-02,4.998354e-03,3.157102e-01
2.393422e-01,2.557790e-02,2.460988e-02,1.152511e-01,3.322945e-03,1.134871e-02,1.409848e-03,4.541217e-03,2.608393e-02,4.053899e-02,1.369719e-02,1.060507e-02,1.537633e-02,5.755530e-03,4.625391e-01
1.678946e-01,2.003414e-02,2.017343e-02,8.435367e-02,2.480363e-03,8.251220e-03,1.025054e-03,3.409084e-03,2.641917e-02,3.476598e-02,1.053731e-02,8.208678e-03,1.291551e-02,2.859989e-02,5.709319e-01
1.181505e-01,1.651279e-02,1.537971e-02,6.236683e-02,1.825433e-03,6.052495e-03,7.908187e-04,2.499711e-03,2.421130e-02,2.635844e-02,8.670114e-03,6.249008e-03,9.249216e-03,1.496319e-01,5.520518e-01
8.677518e-02,1.694647e-02,1.200666e-02,4.527320e-02,1.825495e-03,4.947530e-03,6.381529e-04,1.895605e-03,2.299023e-02,2.260161e-02,7.373187e-03,4.785573e-03,7.798043e-03,2.802527e-01,4.838904e-01
6.361903e-02,1.478979e-02,9.698678e-03,3.242593e-02,1.475983e-03,3.784847e-03,5.113317e-04,1.402605e-03,1.872447e-02,1.875295e-02,6.001898e-03,3.693952e-03,5.928238e-03,4.170158e-01,4.021745e-01
4.790865e-02,1.421625e-02,7.327090e-03,2.288263e-02,1.153959e-03,2.915085e-03,3.835666e-04,9.928424e-04,1.702322e-02,1.890334e-02,4.904853e-03,2.778589e-03,4.924248e-03,5.114549e-01,3.422308e-01
3.484936e-02,1.726368e-02,5.524439e-03,1.608149e-02,8.264233e-04,2.203173e-03,2.804718e-04,6.981306e-04,1.878022e-02,2.026382e-02,4.139679e-03,2.080298e-03,3.665389e-03,5.697897e-01,3.035538e-01
3.496234e-02,1.511827e-02,6.619549e-03,1.142094e-02,1.049643e-03,3.194508e-03,4.694766e-04,7.003176e-04,1.758513e-02,2.014232e-02,3.437170e-03,1.556258e-03,3.182928e-03,6.171408e-01,2.634203e-01
3.017393e-02,1.147917e-02,5.781156e-03,8.067885e-03,1.060399e-03,2.726874e-03,3.882406e-04,5.638214e-04,1.581790e-02,2.004842e-02,2.560930e-03,1.114195e-03,2.397154e-03,6.733842e-01,2.244358e-01
2.456855e-02,8.935105e-03,8.253422e-03,6.099299e-03,1.032053e-03,2.475319e-03,4.127394e-04,5.252748e-04,1.624562e-02,3.312803e-02,2.243716e-03,8.922136e-04,1.788409e-03,6.574593e-01,2.359411e-01
1.921780e-02,6.643629e-03,1.255698e-02,5.170579e-03,9.252522e-04,1.923102e-03,3.768509e-04,4.184190e-04,2.303866e-02,5.041709e-02,1.942180e-03,7.856993e-04,1.328416e-03,5.329145e-01,3.423409e-01
2.021926e-02,6.862171e-03,8.194637e-02,8.920435e-03,1.300577e-03,2.070313e-03,6.358016e-04,1.365927e-03,2.684956e-02,5.954925e-02,2.015351e-03,6.580804e-04,1.511862e-03,4.362125e-01,3.498826e-01
2.455052e-02,6.505443e-03,2.298854e-01,1.033706e-02,3.107453e-03,3.546085e-03,7.336102e-04,1.977506e-03,3.563131e-02,5.000898e-02,8.600376e-03,8.123800e-04,3.012680e-03,3.286384e-01,2.926529e-01
2.533589e-02,5.317989e-03,2.528173e-01,8.227548e-03,2.992715e-03,2.750928e-03,5.643773e-04,2.126842e-03,3.524134e-02,4.803762e-02,9.284754e-03,7.661474e-04,2.694916e-03,2.928462e-01,3.109955e-01
3.420288e-02,2.136112e-02,3.048698e-01,4.136812e-02,7.091165e-03,3.967111e-03,7.766366e-04,4.413132e-03,3.437340e-02,3.703949e-02,8.881932e-03,1.830637e-03,2.749296e-03,2.092068e-01,2.878686e-01
2.536261e-02,2.642391e-02,2.736068e-01,2.083499e-01,6.902768e-03,3.278875e-03,5.993035e-04,3.192253e-03,3.518048e-02,2.841557e-02,9.596009e-03,1.555290e-03,2.510854e-03,1.466709e-01,2.283546e-01
2.988903e-02,2.470885e-02,2.093319e-01,1.688277e-01,5.789881e-03,3.045845e-03,5.364533e-04,2.413146e-03,4.967681e-02,2.743545e-02,1.260983e-02,2.076183e-03,3.974400e-03,1.160429e-01,3.436417e-01
2.209610e-02,1.830968e-02,1.535810e-01,1.351847e-01,4.340840e-03,2.279080e-03,4.639836e-04,1.924400e-03,5.940215e-02,2.242994e-02,2.110889e-02,2.725352e-03,7.225554e-03,9.935854e-02,4.495698e-01
1.637043e-02,1.333002e-02,1.093348e-01,9.649991e-02,3.371236e-03,1.790122e-03,3.784753e-04,1.569087e-03,6.482647e-02,2.505615e-02,2.424192e-02,3.647621e-03,1.107663e-02,9.902340e-02,5.294837e-01
1.660416e-02,1.058137e-02,8.014014e-02,6.882054e-02,2.828273e-03,1.606912e-03,3.453805e-04,1.233121e-03,7.008637e-02,2.386507e-02,2.350555e-02,4.381396e-03,9.240275e-03,1.121998e-01,5.745617e-01
1.829905e-02,1.051937e-02,6.236000e-02,4.984733e-02,2.544540e-03,1.774200e-03,3.398241e-04,9.282778e-04,6.089309e-02,2.587018e-02,2.381846e-02,1.152941e-02,1.708937e-02,2.307750e-01,4.834119e-01
1.640523e-02,8.176272e-03,4.391253e-02,3.505255e-02,1.925746e-03,1.386144e-03,2.621894e-04,7.159723e-04,4.523503e-02,1.966643e-02,2.224275e-02,9.491952e-03,1.416051e-02,4.258683e-01,3.554984e-01
1.356697e-02,6.170180e-03,3.097555e-02,2.465784e-02,1.508286e-03,1.391336e-03,2.572379e-04,5.557500e-04,3.493084e-02,2.345198e-02,2.392668e-02,8.284779e-03,1.193172e-02,5.168383e-01,3.015526e-01
9.963423e-03,4.616946e-03,2.184249e-02,1.733081e-02,1.105233e-03,1.234695e-03,2.190907e-04,4.009007e-04,2.755758e-02,1.878617e-02,1.973729e-02,6.340548e-03,8.781312e-03,6.141654e-01,2.479182e-01
8.031592e-03,6.143445e-03,1.653009e-02,1.271462e-02,9.236435e-04,1.921876e-03,2.475602e-04,3.188596e-04,6.252360e-02,3.403936e-02,2.389065e-02,1.305973e-02,1.545025e-02,5.752246e-01,2.289802e-01
6.474236e-03,4.784592e-03,1.273848e-02,9.112149e-03,1.724830e-03,1.560922e-03,3.028401e-04,3.058615e-04,8.403894e-02,3.837694e-02,3.028522e-02,1.077211e-02,1.708539e-02,5.164994e-01,2.659381e-01
5.658356e-03,4.184262e-03,1.062299e-02,6.480535e-03,2.865563e-03,2.748425e-03,2.998085e-04,2.725759e-04,1.409063e-01,3.150382e-02,5.054639e-02,8.639239e-03,1.905007e-02,4.494973e-01,2.667244e-01
1.350377e-02,4.327478e-03,6.337339e-02,5.321696e-03,3.231387e-03,4.305397e-03,4.245471e-04,9.552357e-04,1.548195e-01,3.053474e-02,5.155613e-02,6.616337e-03,1.566509e-02,4.371910e-01,2.081743e-01
1.461519e-02,3.504200e-03,4.595894e-02,3.813028e-03,3.249323e-03,3.348533e-03,3.327052e-04,7.604291e-04,1.513750e-01,2.911190e-02,4.057888e-02,4.700137e-03,1.108948e-02,5.345823e-01,1.529799e-01
1.223005e-02,3.033380e-03,3.368664e-02,2.747740e-03,2.740633e-03,2.513107e-03,2.701558e-04,5.674127e-04,1.292061e-01,4.092614e-02,3.630467e-02,3.452275e-03,7.986338e-03,6.113086e-01,1.130268e-01
1.071571e-02,2.736203e-03,2.515557e-02,2.071572e-03,2.964085e-03,3.044723e-03,2.290769e-04,5.284619e-04,1.676620e-01,5.251193e-02,3.665458e-02,2.531719e-03,6.335654e-03,5.974241e-01,8.943459e-02
8.764286e-03,3.373421e-03,2.042750e-02,1.668707e-03,2.936678e-03,3.055276e-03,2.751572e-04,1.114735e-03,2.962066e-01,6.083476e-02,3.653389e-02,2.034251e-03,4.790587e-03,4.878804e-01,7.010370e-02
6.597500e-03,2.790213e-03,1.478734e-02,1.224277e-03,2.860904e-03,2.260022e-03,2.057370e-04,1.025396e-03,4.433583e-01,4.664801e-02,2.934608e-02,1.575366e-03,4.023903e-03,3.906053e-01,5.269163e-02
5.431987e-03,2.505856e-03,1.337995e-02,1.071520e-03,6.652627e-03,2.288115e-03,1.658208e-04,1.443804e-03,5.403017e-01,3.661735e-02,2.526116e-02,1.250074e-03,3.133403e-03,3.222357e-01,3.826089e-02
6.321448e-03,2.228554e-03,1.190488e-02,1.017573e-03,7.564642e-03,1.857765e-03,1.326337e-04,1.566598e-03,5.688999e-01,2.912747e-02,1.910283e-02,9.761113e-04,2.475469e-03,3.183500e-01,2.847414e-02
1.057258e-02,2.260028e-03,1.558589e-02,2.931762e-03,1.317366e-02,1.606971e-03,1.143456e-04,4.393568e-03,6.434599e-01,2.470673e-02,1.665283e-02,8.122580e-04,2.231282e-03,2.404693e-01,2.102892e-02
1.338184e-02,1.774218e-03,1.151923e-02,2.228250e-03,1.271762e-02,1.253468e-03,8.302365e-05,4.279580e-03,7.063735e-01,2.258468e-02,1.478748e-02,6.013784e-04,1.713382e-03,1.893183e-01,1.738409e-02
1.937077e-02,2.376328e-03,1.219990e-02,5.345887e-03,3.250328e-02,2.172208e-03,2.189520e-04,1.693297e-02,6.918351e-01,4.800903e-02,1.412609e-02,6.482383e-04,1.772319e-03,1.378089e-01,1.468001e-02
2.461449e-02,3.547237e-03,1.255824e-02,6.539827e-03,4.014109e-02,2.238633e-03,1.873949e-04,1.726523e-02,6.683685e-01,4.463394e-02,1.974085e-02,6.797864e-04,1.624843e-03,1.422103e-01,1.564964e-02
2.737470e-02,6.923690e-03,2.040757e-02,9.404002e-03,5.480954e-02,3.070923e-03,2.048038e-04,2.477558e-02,6.592130e-01,3.411517e-02,2.089219e-02,9.176231e-04,1.498995e-03,1.231438e-01,1.324845e-02
3.454547e-02,1.057385e-02,3.256164e-02,1.470809e-02,5.273448e-02,4.080403e-03,2.129506e-04,2.747577e-02,6.212124e-01,2.711742e-02,2.331750e-02,1.338953e-03,1.734707e-03,1.313846e-01,1.700179e-02
3.458666e-02,9.431774e-03,2.768915e-02,1.105542e-02,6.120808e-02,3.619642e-03,1.756976e-04,2.351616e-02,6.537355e-01,2.146699e-02,2.256906e-02,1.157474e-03,1.474982e-03,1.147146e-01,1.359877e-02
3.618178e-02,9.996053e-03,2.544598e-02,1.094940e-02,5.543160e-02,5.479958e-03,1.907113e-04,2.143105e-02,6.454483e-01,2.076802e-02,2.876933e-02,9.959072e-04,1.289425e-03,1.252766e-01,1.234580e-02
5.615478e-02,9.622370e-03,2.125354e-02,1.030112e-02,6.097062e-02,5.131062e-03,2.549878e-04,2.301699e-02,6.228633e-01,2.290552e-02,3.451017e-02,1.072542e-03,1.201367e-03,1.205118e-01,1.022979e-02
5.344099e-02,1.093954e-02,2.244726e-02,2.345523e-02,6.026151e-02,4.876081e-03,4.043267e-04,5.101677e-02,5.990455e-01,2.575050e-02,3.203059e-02,1.031629e-03,1.123814e-03,1.046031e-01,9.573105e-03
5.408116e-02,1.376455e-02,2.161051e-02,6.480989e-02,5.735800e-02,6.621913e-03,6.088371e-04,6.124046e-02,5.344545e-01,2.812348e-02,3.378988e-02,1.789647e-03,2.435126e-03,1.031301e-01,1.618198e-02
6.451327e-02,1.416343e-02,2.227126e-02,8.317038e-02,5.740757e-02,6.440395e-03,6.960628e-04,8.720235e-02,4.660618e-01,3.192362e-02,4.034166e-02,2.356081e-03,2.713507e-03,1.072105e-01,1.352805e-02
7.369037e-02,1.230124e-02,1.752470e-02,6.915132e-02,5.400658e-02,7.924339e-03,7.555488e-04,9.604265e-02,3.725035e-01,7.185019e-02,7.928494e-02,5.416879e-03,3.123053e-03,1.238827e-01,1.254192e-02
7.740843e-02,1.616045e-02,1.425738e-02,5.189400e-02,4.825151e-02,7.897873e-03,8.063699e-04,9.203462e-02,3.179738e-01,9.025432e-02,1.105215e-01,7.334552e-03,3.781712e-03,1.499404e-01,1.148308e-02
7.804709e-02,2.781899e-02,1.954417e-02,5.245193e-02,5.984258e-02,8.173404e-03,1.233411e-03,1.294430e-01,2.798083e-01,8.685959e-02,9.964267e-02,8.606211e-03,5.993307e-03,1.295575e-01,1.297792e-02
7.839283e-02,3.057714e-02,1.739757e-02,4.719917e-02,6.257756e-02,1.262560e-02,1.214348e-03,1.126231e-01,3.193982e-01,8.816051e-02,8.901228e-02,7.632921e-03,6.103782e-03,1.148997e-01,1.218527e-02
8.233543e-02,3.544692e-02,1.724723e-02,3.923603e-02,5.297914e-02,1.063540e-02,1.232075e-03,1.552894e-01,3.243526e-01,7.559758e-02,7.604937e-02,2.366045e-02,8.389717e-03,8.660726e-02,1.094137e-02
6.773964e-02,2.752407e-02,1.679658e-02,3.336981e-02,4.080340e-02,7.784826e-03,1.001964e-03,3.371683e-01,2.475200e-01,5.637125e-02,5.776784e-02,2.848845e-02,7.918311e-03,6.178004e-02,7.965541e-03
5.041544e-02,1.994998e-02,1.398269e-02,2.417896e-02,3.182106e-02,5.477899e-03,7.347417e-04,5.152857e-01,1.781204e-01,4.027963e-02,4.227018e-02,2.148930e-02,6.792047e-03,4.360276e-02,5.599118e-03
3.809890e-02,1.445828e-02,1.040117e-02,1.750513e-02,2.436192e-02,3.890296e-03,5.850752e-04,6.516683e-01,1.263687e-01,2.839500e-02,2.983844e-02,1.507247e-02,4.825915e-03,3.059564e-02,3.934852e-03
2.908104e-02,1.074355e-02,7.655450e-03,1.372521e-02,2.101993e-02,2.899238e-03,5.194934e-04,7.434384e-01,9.134889e-02,1.994758e-02,2.124646e-02,1.059917e-02,3.457781e-03,2.154494e-02,2.772840e-03
2.365604e-02,7.738793e-03,5.579574e-03,1.225839e-02,1.833495e-02,2.458725e-03,4.184461e-04,8.080467e-01,6.500720e-02,1.403798e-02,1.525979e-02,7.495641e-03,2.594854e-03,1.515752e-02,1.955364e-03
2.171003e-02,5.499239e-03,4.128186e-03,1.007226e-02,1.884415e-02,2.069836e-03,3.464727e-04,8.514578e-01,4.579763e-02,9.886983e-03,1.089289e-02,5.331898e-03,1.924395e-03,1.065876e-02,1.379450e-03
2.706536e-02,3.954606e-03,3.153012e-03,8.355262e-03,1.974312e-02,1.929512e-03,3.522110e-04,8.742419e-01,3.238380e-02,6.982004e-03,7.933629e-03,3.888443e-03,1.494338e-03,7.536463e-03,9.862928e-04
2.665401e-02,2.828132e-03,2.293158e-03,6.816402e-03,2.585212e-02,1.764264e-03,3.648998e-04,8.900851e-01,2.277446e-02,4.919924e-03,5.744767e-03,2.772458e-03,1.122373e-03,5.304877e-03,7.030921e-04
2.802958e-02,2.051103e-03,1.726410e-03,5.710323e-03,3.291607e-02,1.498680e-03,4.001271e-04,8.967847e-01,1.606337e-02,3.466172e-03,4.239806e-03,1.993659e-03,8.845195e-04,3.732529e-03,5.029902e-04
2.964010e-02,1.481676e-03,1.330141e-03,5.100861e-03,3.234503e-02,1.220071e-03,4.111411e-04,9.064704e-01,1.135289e-02,2.445756e-03,3.081200e-03,1.438095e-03,6.928330e-04,2.624683e-03,3.650924e-04
4.415187e-02,1.225556e-03,1.126387e-03,4.263038e-03,3.071407e-02,1.174279e-03,8.534522e-04,9.001544e-01,8.205389e-03,1.733284e-03,2.338473e-03,1.178509e-03,7.008988e-04,1.865535e-03,3.149692e-04
5.393662e-02,9.561716e-04,9.229379e-04,3.574344e-03,2.825708e-02,1.070739e-03,1.340199e-03,8.977708e-01,5.998156e-03,1.232469e-03,1.749028e-03,9.463925e-04,6.740376e-04,1.318306e-03,2.528523e-04
9.044717e-02,8.317313e-04,9.785605e-04,3.221226e-03,2.478128e-02,1.807234e-03,2.176513e-03,8.640481e-01,4.436407e-03,9.481215e-04,1.455656e-03,1.924928e-03,1.592151e-03,9.756152e-04,3.753294e-04
1.139379e-01,7.429977e-04,1.050678e-03,3.166992e-03,2.273760e-02,2.077983e-03,2.364225e-03,8.428608e-01,3.409349e-03,7.530809e-04,1.207830e-03,2.538568e-03,1.951539e-03,7.396979e-04,4.606727e-04
1.708398e-01,8.024694e-04,1.275562e-03,2.887896e-03,2.082265e-02,2.786724e-03,2.697593e-03,7.851078e-01,2.826443e-03,6.212987e-04,1.295996e-03,3.933842e-03,2.713660e-03,6.626116e-04,7.255604e-04
2.715962e-01,1.044940e-03,1.614084e-03,3.014479e-03,1.722813e-02,3.861586e-03,2.578149e-03,6.754470e-01,2.534346e-03,8.467590e-04,2.174105e-03,9.628489e-03,5.468629e-03,9.957512e-04,1.967293e-03
2.781249e-01,3.146121e-03,2.688579e-03,6.930386e-03,1.543189e-02,5.490980e-03,2.248342e-03,5.916404e-01,5.273378e-03,3.277050e-03,7.872696e-03,2.780970e-02,3.661345e-02,2.508390e-03,1.094377e-02
2.724570e-01,7.690756e-03,2.336074e-03,1.298893e-02,1.208353e-02,5.035012e-03,1.879229e-03,4.530707e-01,2.031199e-02,1.122417e-02,1.497402e-02,7.406972e-02,7.764514e-02,6.326940e-03,2.790677e-02
3.724557e-01,8.018469e-03,3.075702e-03,1.369610e-02,9.883654e-03,5.111051e-03,1.719109e-03,3.439132e-01,2.609884e-02,1.106691e-02,2.021539e-02,5.991754e-02,7.425740e-02,1.381999e-02,3.675090e-02
4.450582e-01,8.745959e-03,2.928121e-03,1.469719e-02,8.153425e-03,8.257698e-03,1.589419e-03,2.464311e-01,3.186546e-02,8.549167e-03,2.040640e-02,5.033015e-02,9.571580e-02,1.575291e-02,4.151901e-02
4.319626e-01,1.885382e-02,2.599492e-03,1.920250e-02,6.726683e-03,1.427318e-02,1.618727e-03,1.767443e-01,7.530446e-02,7.525810e-03,1.913369e-02,4.062091e-02,1.087267e-01,1.245310e-02,6.425402e-02
3.156981e-01,3.355379e-02,2.018550e-03,5.045232e-02,5.105985e-03,1.119941e-02,1.215945e-03,1.242283e-01,2.378370e-01,6.767714e-03,1.459392e-02,3.056438e-02,8.021726e-02,9.826636e-03,7.672074e-02
3.849335e-01,2.745293e-02,2.536582e-03,4.315615e-02,6.419004e-03,1.088866e-02,1.325754e-03,8.934978e-02,2.133471e-01,7.921509e-03,2.506341e-02,2.900540e-02,7.531346e-02,1.451602e-02,6.877077e-02
3.473733e-01,3.948739e-02,6.231864e-03,7.944158e-02,6.517529e-03,1.038454e-02,1.198558e-03,6.566638e-02,2.076114e-01,9.227451e-03,3.185936e-02,2.434284e-02,7.785524e-02,1.230215e-02,8.050050e-02
3.400619e-01,4.059961e-02,6.345893e-03,6.044140e-02,8.415829e-03,8.623799e-03,1.181080e-03,4.702134e-02,2.937770e-01,7.203843e-03,2.892884e-02,2.133477e-02,6.236260e-02,9.569644e-03,6.413243e-02
3.453247e-01,7.345190e-02,4.936259e-03,4.897062e-02,8.453732e-03,6.670718e-03,9.514688e-04,3.340576e-02,3.301821e-01,5.600145e-03,2.243008e-02,1.750399e-02,4.592274e-02,7.257984e-03,4.893783e-02
2.928978e-01,1.582889e-01,6.044045e-03,8.328986e-02,7.224683e-03,7.024937e-03,7.623456e-04,2.413643e-02,2.784983e-01,4.633766e-03,2.150173e-02,1.522371e-02,3.644308e-02,5.589798e-03,5.844057e-02
2.794980e-01,1.407734e-01,1.784393e-02,7.923596e-02,8.858534e-03,8.456241e-03,8.683794e-04,1.883235e-02,2.631425e-01,9.360511e-03,4.999718e-02,1.954916e-02,4.573233e-02,4.859569e-03,5.299196e-02
3.665420e-01,1.119461e-01,1.656758e-02,6.367695e-02,1.970608e-02,1.239839e-02,1.410163e-03,1.417076e-02,2.243681e-01,8.239558e-03,4.504032e-02,2.265371e-02,4.190914e-02,4.141999e-03,4.722918e-02
3.430442e-01,1.127565e-01,1.677592e-02,4.768193e-02,5.037439e-02,1.920169e-02,4.712450e-03,1.247992e-02,2.512718e-01,6.693614e-03,3.654134e-02,1.801759e-02,3.601071e-02,4.382698e-03,4.005517e-02
2.851310e-01,1.493123e-01,2.963136e-02,7.832614e-02,5.210656e-02,1.808790e-02,6.037774e-03,1.118536e-02,2.344589e-01,1.002083e-02,2.838492e-02,1.452059e-02,3.275629e-02,4.045151e-03,4.599492e-02
2.110413e-01,2.092153e-01,5.856188e-02,1.151323e-01,4.068508e-02,1.407752e-02,4.470511e-03,8.542448e-03,1.723380e-01,2.974603e-02,2.233415e-02,1.111239e-02,2.482227e-02,3.278235e-03,7.464254e-02
2.769789e-01,1.741267e-01,7.690483e-02,1.048000e-01,5.144311e-02,1.987820e-02,7.159473e-03,8.834565e-03,1.305503e-01,2.352418e-02,2.106876e-02,1.751043e-02,2.410827e-02,3.203121e-03,5.990919e-02
3.442945e-01,1.599996e-01,6.490804e-02,9.130688e-02,4.838536e-02,2.154091e-02,8.014066e-03,7.229609e-03,9.854188e-02,2.544239e-02,1.829029e-02,1.971141e-02,2.195426e-02,4.392921e-03,6.598786e-02
2.627956e-01,1.394438e-01,1.661265e-01,1.082695e-01,3.569485e-02,1.681200e-02,6.152702e-03,5.249436e-03,7.368837e-02,3.925110e-02,1.457270e-02,1.569144e-02,1.690712e-02,3.444551e-03,9.590040e-02
3.715135e-01,1.114615e-01,1.389403e-01,8.818094e-02,3.204323e-02,2.838587e-02,8.019165e-03,8.188006e-03,5.723295e-02,2.981572e-02,1.332832e-02,1.511797e-02,1.568325e-02,3.770252e-03,7.831895e-02
3.422265e-01,1.258012e-01,1.297691e-01,1.300548e-01,2.982306e-02,2.958180e-02,7.363068e-03,6.596789e-03,4.985512e-02,2.788466e-02,1.160028e-02,1.250283e-02,2.178420e-02,2.964779e-03,7.219171e-02
3.322362e-01,9.847905e-02,9.353135e-02,1.220292e-01,2.400953e-02,3.447075e-02,5.649609e-03,5.257014e-03,4.144526e-02,2.037424e-02,1.220119e-02,9.954056e-03,1.425867e-01,2.375912e-03,5.539987e-02
3.207198e-01,7.926970e-02,6.706558e-02,9.367140e-02,1.974236e-02,3.066229e-02,4.473846e-03,4.329165e-03,3.447413e-02,1.456476e-02,9.599390e-03,9.206505e-03,2.657320e-01,2.174739e-03,4.431424e-02
4.368847e-01,5.898861e-02,4.759165e-02,6.765784e-02,1.685972e-02,2.832362e-02,5.292250e-03,3.982777e-03,2.584288e-02,1.051326e-02,8.272613e-03,1.282028e-02,2.402626e-01,2.219514e-03,3.448760e-02
3.587568e-01,4.584423e-02,3.403047e-02,4.789051e-02,1.425203e-02,2.446500e-02,5.730315e-03,3.159263e-03,1.914511e-02,7.630541e-03,8.188324e-03,2.897629e-02,3.741903e-01,2.324738e-03,2.541595e-02
3.372923e-01,3.949989e-02,2.448430e-02,3.492111e-02,2.016733e-02,3.185876e-02,6.791779e-03,2.681806e-03,1.554774e-02,5.994337e-03,1.306964e-02,4.986527e-02,3.871746e-01,3.646839e-03,2.700424e-02
3.010542e-01,2.978005e-02,1.729539e-02,2.493618e-02,1.746973e-02,3.905053e-02,6.412366e-03,1.985370e-03,1.198045e-02,4.759483e-03,1.389460e-02,9.249867e-02,4.113745e-01,4.203794e-03,2.330467e-02
2.373094e-01,2.410088e-02,1.264956e-02,1.800571e-02,1.584983e-02,4.216320e-02,7.810371e-03,1.688036e-03,9.982304e-03,6.424773e-03,1.934937e-02,1.349070e-01,4.251182e-01,7.508575e-03,3.713278e-02
1.757619e-01,1.795481e-02,1.029044e-02,1.339181e-02,1.477118e-02,4.444697e-02,6.320602e-03,1.471637e-03,9.413208e-03,1.242656e-02,2.260575e-02,1.480481e-01,4.676273e-01,1.519185e-02,4.027789e-02
1.257961e-01,1.359384e-02,8.191227e-03,1.038743e-02,1.547052e-02,3.531582e-02,4.982302e-03,1.885319e-03,1.500379e-02,2.816211e-02,3.178224e-02,1.853378e-01,4.066568e-01,1.908712e-02,9.834766e-02
9.227367e-02,1.189641e-02,9.048097e-03,1.082965e-02,4.725450e-02,3.670957e-02,5.269600e-03,4.338001e-03,3.698627e-02,3.752361e-02,3.850141e-02,2.165267e-01,3.268684e-01,1.734229e-02,1.086318e-01
7.117245e-02,1.169212e-02,7.809089e-03,1.009144e-02,5.526403e-02,8.130875e-02,5.193485e-03,6.180147e-03,1.164550e-01,3.037807e-02,3.099573e-02,1.863919e-01,2.774083e-01,1.359962e-02,9.605983e-02
6.489103e-02,1.414163e-02,8.115378e-03,9.840531e-03,5.686598e-02,9.812695e-02,6.581128e-03,1.402086e-02,1.481902e-01,2.732811e-02,2.597049e-02,1.785413e-01,2.500722e-01,1.062872e-02,8.668545e-02
6.002854e-02,3.026338e-02,8.539387e-03,9.299184e-03,4.617361e-02,1.348856e-01,1.007948e-02,1.923244e-02,1.964066e-01,3.219729e-02,2.022889e-02,1.496848e-01,2.072981e-01,8.335690e-03,6.734700e-02
4.859970e-02,3.751108e-02,7.525546e-03,9.894039e-03,4.950603e-02,2.026061e-01,1.178684e-02,2.432496e-02,2.378562e-01,2.784283e-02,1.568078e-02,1.078610e-01,1.634548e-01,6.215862e-03,4.933422e-02
4.089320e-02,4.506794e-02,7.528464e-03,4.007200e-02,4.049082e-02,1.984864e-01,1.109202e-02,4.907447e-02,2.223447e-01,2.907345e-02,1.453574e-02,7.814207e-02,1.704545e-01,4.600724e-03,4.814351e-02
4.217084e-02,4.563319e-02,1.354699e-02,1.282044e-01,4.983942e-02,1.523950e-01,8.438613e-03,7.844232e-02,2.256611e-01,2.125359e-02,1.480436e-02,5.521153e-02,1.255915e-01,3.308811e-03,3.549844e-02
6.151823e-02,4.048781e-02,1.181613e-02,1.613784e-01,7.518478e-02,1.435318e-01,6.713312e-03,6.980492e-02,2.132074e-01,1.567506e-02,1.783386e-02,4.010526e-02,1.108450e-01,2.717818e-03,2.918022e-02
6.104252e-02,5.949751e-02,9.525392e-03,1.405711e-01,8.001088e-02,1.386527e-01,5.530123e-03,5.152091e-02,2.513295e-01,1.294450e-02,1.944688e-02,2.968407e-02,1.020225e-01,2.477296e-03,3.574414e-02
4.862598e-02,6.941133e-02,3.739074e-02,2.511784e-01,6.575635e-02,9.833795e-02,4.116420e-03,3.866851e-02,2.129164e-01,1.044928e-02,2.071402e-02,2.164393e-02,7.307545e-02,1.890809e-03,4.582436e-02
4.219270e-02,6.584580e-02,6.549297e-02,2.862350e-01,5.093352e-02,7.133515e-02,3.163670e-03,2.784910e-02,1.790385e-01,1.751462e-02,1.734681e-02,1.624000e-02,5.327027e-02,1.655025e-03,1.018868e-01
3.120706e-02,7.082290e-02,1.320337e-01,2.628772e-01,3.946511e-02,5.213341e-02,2.534939e-03,1.991657e-02,1.648229e-01,2.896625e-02,1.421389e-02,1.172007e-02,3.807890e-02,1.434626e-03,1.297725e-01
2.351316e-02,7.942437e-02,1.510289e-01,2.008421e-01,2.890544e-02,3.752460e-02,1.895236e-03,1.414864e-02,1.564139e-01,9.758617e-02,1.121605e-02,8.428567e-03,2.746142e-02,1.150174e-03,1.604612e-01
2.612137e-02,1.648015e-01,1.366580e-01,1.643422e-01,2.157502e-02,2.754305e-02,1.547809e-03,1.026547e-02,1.534559e-01,1.042534e-01,9.600798e-03,6.804910e-03,2.103570e-02,1.310701e-03,1.506843e-01
1.849265e-02,1.728718e-01,2.273220e-01,1.269597e-01,1.526024e-02,1.938780e-02,1.105584e-03,7.438628e-03,1.303934e-01,8.813318e-02,3.053453e-02,7.036337e-03,2.528943e-02,3.289654e-03,1.264850e-01
1.307182e-02,1.767892e-01,2.182617e-01,9.022553e-02,1.076948e-02,1.367456e-02,7.925502e-04,5.255500e-03,1.080254e-01,8.701011e-02,7.152370e-02,1.233009e-02,2.158371e-02,9.739032e-03,1.609475e-01
9.278624e-03,1.392812e-01,1.667137e-01,6.369080e-02,7.598457e-03,9.912873e-03,5.731142e-04,3.731018e-03,9.818535e-02,7.583991e-02,2.339799e-01,1.229176e-02,1.829145e-02,2.528599e-02,1.353458e-01
6.762371e-03,1.028024e-01,1.255058e-01,4.507425e-02,5.442636e-03,7.260064e-03,4.776190e-04,2.759550e-03,7.274605e-02,5.514979e-02,3.739337e-01,1.017785e-02,1.365306e-02,8.148417e-02,9.677071e-02
4.765505e-03,7.213733e-02,8.824261e-02,3.165068e-02,4.705648e-03,5.241936e-03,4.052695e-04,1.970759e-03,5.151828e-02,3.895741e-02,5.484446e-01,7.700331e-03,1.014819e-02,6.449703e-02,6.961434e-02
3.358401e-03,5.454585e-02,6.314503e-02,2.240565e-02,8.355983e-03,6.518605e-03,3.282542e-04,1.423230e-03,5.256969e-02,2.798253e-02,6.447922e-01,6.054616e-03,7.320211e-03,5.157316e-02,4.962649e-02
2.447275e-03,3.887866e-02,4.545959e-02,1.579609e-02,7.088481e-03,4.760272e-03,2.652522e-04,1.033235e-03,4.416145e-02,2.044421e-02,6.754609e-01,6.874606e-03,5.436917e-03,9.603004e-02,3.586292e-02
1.765828e-03,2.806436e-02,3.783526e-02,1.127509e-02,5.673351e-03,4.444427e-03,2.031399e-04,7.582699e-04,3.516878e-02,1.698250e-02,7.102660e-01,7.522618e-03,4.122760e-03,1.103332e-01,2.558431e-02
1.313326e-03,1.997696e-02,3.619803e-02,8.345235e-03,4.495801e-03,6.352790e-03,2.163205e-04,3.939803e-03,2.663553e-02,1.451860e-02,7.019637e-01,7.014411e-03,3.247478e-03,1.467542e-01,1.902775e-02
9.995260e-04,1.414540e-02,2.752700e-02,6.680289e-03,3.817365e-03,1.035868e-02,2.305100e-04,6.239343e-03,1.935396e-02,1.191824e-02,7.451419e-01,7.872151e-03,2.551051e-03,1.292883e-01,1.387619e-02
8.888936e-04,1.052431e-02,2.044152e-02,5.105970e-03,3.638328e-03,9.959292e-03,1.930443e-04,6.038271e-03,1.576810e-02,1.208973e-02,7.186134e-01,7.586713e-03,2.044795e-03,1.772485e-01,9.859092e-03
7.822234e-04,8.594499e-03,2.550625e-02,4.297936e-03,1.098315e-02,9.487230e-03,4.069424e-04,6.977892e-03,1.305649e-02,1.361703e-02,7.043396e-01,7.301528e-03,1.870824e-03,1.855971e-01,7.181228e-03
8.671423e-04,1.083058e-02,2.288229e-02,3.350093e-03,1.863952e-02,2.002397e-02,3.907244e-04,5.526462e-03,1.763976e-02,1.142900e-02,5.546300e-01,1.042107e-02,1.860277e-03,3.161255e-01,5.383551e-03
1.454370e-03,2.015434e-02,2.169128e-02,2.878449e-03,2.713604e-02,2.660163e-02,4.638526e-04,5.839144e-03,2.101901e-02,8.629609e-03,4.506583e-01,9.381772e-03,1.993016e-03,3.980410e-01,4.058196e-03
2.196781e-03,2.767836e-02,1.702620e-02,3.751038e-03,7.466660e-02,4.994352e-02,1.537536e-03,6.721548e-03,3.584179e-02,7.975895e-03,3.978707e-01,7.118107e-03,1.819309e-03,3.626115e-01,3.241047e-03
6.788808e-03,2.758281e-02,3.414137e-02,1.081566e-02,8.544436e-02,9.260292e-02,1.871785e-03,1.904910e-02,9.502275e-02,6.791208e-03,3.045705e-01,5.340143e-03,1.529094e-03,3.054048e-01,3.044721e-03
1.009545e-02,2.832838e-02,6.144440e-02,2.014505e-02,1.077775e-01,1.301069e-01,1.888858e-03,1.663357e-02,1.409583e-01,5.897340e-03,2.324547e-01,4.043251e-03,1.292624e-03,2.357823e-01,3.151444e-03
1.387963e-02,2.906060e-02,4.853662e-02,1.624924e-02,1.950888e-01,1.362824e-01,3.203481e-03,1.250344e-02,1.211358e-01,5.150627e-03,2.073253e-01,3.856747e-03,1.375079e-03,2.037769e-01,2.575351e-03
1.757811e-02,3.254277e-02,4.446474e-02,1.691970e-02,2.218025e-01,1.262637e-01,3.100198e-03,1.024190e-02,1.270255e-01,4.689895e-03,2.264229e-01,3.569239e-03,1.304688e-03,1.614111e-01,2.663025e-03
2.215544e-02,3.074543e-02,4.465778e-02,3.346735e-02,2.312533e-01,1.033342e-01,2.592406e-03,9.474002e-03,1.408094e-01,5.382161e-03,2.375533e-01,4.037701e-03,1.332917e-03,1.284000e-01,4.804623e-03
3.491849e-02,2.329206e-02,4.241449e-02,2.851760e-02,1.750483e-01,7.441219e-02,1.969999e-03,9.761667e-03,1.635999e-01,5.318156e-03,3.249278e-01,4.011448e-03,1.207373e-03,1.063352e-01,4.265418e-03
4.834066e-02,2.241667e-02,3.501138e-02,2.517176e-02,1.339605e-01,5.556718e-02,1.540601e-03,1.003679e-02,1.793859e-01,5.611903e-03,3.665993e-01,3.620911e-03,1.275421e-03,1.069965e-01,4.464637e-03
6.191386e-02,2.113322e-02,3.270569e-02,2.253985e-02,1.084860e-01,4.367486e-02,1.252167e-03,8.538896e-03,2.203375e-01,6.184558e-03,3.745118e-01,4.349651e-03,2.116895e-03,8.765902e-02,4.596076e-03
6.282946e-02,1.780431e-02,2.879180e-02,2.263948e-02,8.518357e-02,3.225487e-02,9.647583e-04,7.804128e-03,2.131063e-01,6.176795e-03,4.335073e-01,3.677567e-03,1.634854e-03,7.900496e-02,4.619922e-03
5.673736e-02,2.516751e-02,2.648126e-02,4.574771e-02,1.113484e-01,2.754237e-02,1.089879e-03,1.659419e-02,1.981602e-01,5.232408e-03,4.077817e-01,4.104407e-03,1.252904e-03,6.813800e-02,4.621708e-03
7.660589e-02,2.503984e-02,3.026338e-02,4.900589e-02,1.054277e-01,2.718377e-02,9.478419e-04,1.612870e-02,1.948282e-01,4.803502e-03,3.825236e-01,4.369221e-03,1.176418e-03,7.627971e-02,5.416457e-03
9.630851e-02,2.253643e-02,2.647133e-02,4.091382e-02,9.392054e-02,2.610393e-02,7.532753e-04,1.289751e-02,2.311924e-01,4.375582e-03,3.364937e-01,4.730725e-03,1.298401e-03,9.596893e-02,6.034911e-03
1.089170e-01,2.055745e-02,2.387250e-02,5.264588e-02,7.954811e-02,2.112415e-02,7.832252e-04,1.244661e-02,2.535056e-01,3.997471e-03,3.140491e-01,5.405619e-03,1.284111e-03,9.654520e-02,5.317950e-03
1.228946e-01,1.625108e-02,2.293483e-02,5.729275e-02,6.000385e-02,1.867556e-02,7.494548e-04,9.773971e-03,3.036564e-01,5.834065e-03,2.501479e-01,5.809955e-03,1.405906e-03,1.191382e-01,5.431446e-03
