1.000000e+00,0.000000e+00,0.000000e+00,0.000000e+00,0.000000e+00,0.000000e+00,0.000000e+00,0.000000e+00,0.000000e+00,0.000000e+00,0.000000e+00,0.000000e+00,0.000000e+00,0.000000e+00,0.000000e+00
1.000000e+00,0.000000e+00,0.000000e+00,0.000000e+00,0.000000e+00,0.000000e+00,0.000000e+00,0.000000e+00,0.000000e+00,0.000000e+00,0.000000e+00,0.000000e+00,0.000000e+00,0.000000e+00,0.000000e+00
1.000000e+00,0.000000e+00,0.000000e+00,0.000000e+00,0.000000e+00,0.000000e+00,0.000000e+00,0.000000e+00,0.000000e+00,0.000000e+00,0.000000e+00,0.000000e+00,0.000000e+00,0.000000e+00,0.000000e+00
1.000000e+00,0.000000e+00,0.000000e+00,0.000000e+00,0.000000e+00,0.000000e+00,0.000000e+00,0.000000e+00,0.000000e+00,0.000000e+00,0.000000e+00,0.000000e+00,0.000000e+00,0.000000e+00,0.000000e+00
1.000000e+00,0.000000e+00,0.000000e+00,0.000000e+00,0.000000e+00,0.000000e+00,0.000000e+00,0.000000e+00,0.000000e+00,0.000000e+00,0.000000e+00,0.000000e+00,0.000000e+00,0.000000e+00,0.000000e+00
1.000000e+00,0.000000e+00,0.000000e+00,0.000000e+00,0.000000e+00,0.000000e+00,0.000000e+00,0.000000e+00,0.000000e+00,0.000000e+00,0.000000e+00,0.000000e+00,0.000000e+00,0.000000e+00,0.000000e+00
1.000000e+00,0.000000e+00,0.000000e+00,0.000000e+00,0.000000e+00,0.000000e+00,0.000000e+00,0.000000e+00,0.000000e+00,0.000000e+00,0.000000e+00,0.000000e+00,0.000000e+00,0.000000e+00,0.000000e+00
1.000000e+00,0.000000e+00,0.000000e+00,0.000000e+00,0.000000e+00,0.000000e+00,0.000000e+00,0.000000e+00,0.000000e+00,0.000000e+00,0.000000e+00,0.000000e+00,0.000000e+00,0.000000e+00,0.000000e+00
1.000000e+00,0.000000e+00,0.000000e+00,0.000000e+00,0.000000e+00,0.000000e+00,0.000000e+00,0.000000e+00,0.000000e+00,0.000000e+00,0.000000e+00,0.000000e+00,0.000000e+00,0.000000e+00,0.000000e+00
1.000000e+00,0.000000e+00,0.000000e+00,0.000000e+00,0.000000e+00,0.000000e+00,0.000000e+00,0.000000e+00,0.000000e+00,0.000000e+00,0.000000e+00,0.000000e+00,0.000000e+00,0.000000e+00,0.000000e+00
1.000000e+00,0.000000e+00,0.000000e+00,0.000000e+00,0.000000e+00,0.000000e+00,0.000000e+00,0.000000e+00,0.000000e+00,0.000000e+00,0.000000e+00,0.000000e+00,0.000000e+00,0.000000e+00,0.000000e+00
1.000000e+00,0.000000e+00,0.000000e+00,0.000000e+00,0.000000e+00,0.000000e+00,0.000000e+00,0.000000e+00,0.000000e+00,0.000000e+00,0.000000e+00,0.000000e+00,0.000000e+00,0.000000e+00,0.000000e+00
1.000000e+00,0.000000e+00,0.000000e+00,0.000000e+00,0.000000e+00,0.000000e+00,0.000000e+00,0.000000e+00,0.000000e+00,0.000000e+00,0.000000e+00,0.000000e+00,0.000000e+00,0.000000e+00,0.000000e+00
1.000000e+00,0.000000e+00,0.000000e+00,0.000000e+00,0.000000e+00,0.000000e+00,0.000000e+00,0.000000e+00,0.000000e+00,0.000000e+00,0.000000e+00,0.000000e+00,0.000000e+00,0.000000e+00,0.000000e+00
1.000000e+00,0.000000e+00,0.000000e+00,0.000000e+00,0.000000e+00,0.000000e+00,0.000000e+00,0.000000e+00,0.000000e+00,0.000000e+00,0.000000e+00,0.000000e+00,0.000000e+00,0.000000e+00,0.000000e+00
1.000000e+00,0.000000e+00,0.000000e+00,0.000000e+00,0.000000e+00,0.000000e+00,0.000000e+00,0.000000e+00,0.000000e+00,0.000000e+00,0.000000e+00,0.000000e+00,0.000000e+00,0.000000e+00,0.000000e+00
1.000000e+00,0.000000e+00,0.000000e+00,0.000000e+00,0.000000e+00,0.000000e+00,0.000000e+00,0.000000e+00,0.000000e+00,0.000000e+00,0.000000e+00,0.000000e+00,0.000000e+00,0.000000e+00,0.000000e+00
1.000000e+00,0.000000e+00,0.000000e+00,0.000000e+00,0.000000e+00,0.000000e+00,0.000000e+00,0.000000e+00,0.000000e+00,0.000000e+00,0.000000e+00,0.000000e+00,0.000000e+00,0.000000e+00,0.000000e+00
1.000000e+00,0.000000e+00,0.000000e+00,0.000000e+00,0.000000e+00,0.000000e+00,0.000000e+00,0.000000e+00,0.000000e+00,0.000000e+00,0.000000e+00,0.000000e+00,0.000000e+00,0.000000e+00,0.000000e+00
1.000000e+00,0.000000e+00,0.000000e+00,0.000000e+00,0.000000e+00,0.000000e+00,0.000000e+00,0.000000e+00,0.000000e+00,0.000000e+00,0.000000e+00,0.000000e+00,0.000000e+00,0.000000e+00,0.000000e+00
1.000000e+00,0.000000e+00,0.000000e+00,0.000000e+00,0.000000e+00,0.000000e+00,0.000000e+00,0.000000e+00,0.000000e+00,0.000000e+00,0.000000e+00,0.000000e+00,0.000000e+00,0.000000e+00,0.000000e+00
1.000000e+00,0.000000e+00,0.000000e+00,0.000000e+00,0.000000e+00,0.000000e+00,0.000000e+00,0.000000e+00,0.000000e+00,0.000000e+00,0.000000e+00,0.000000e+00,0.000000e+00,0.000000e+00,0.000000e+00
1.000000e+00,0.000000e+00,0.000000e+00,0.000000e+00,0.000000e+00,0.000000e+00,0.000000e+00,0.000000e+00,0.000000e+00,0.000000e+00,0.000000e+00,0.000000e+00,0.000000e+00,0.000000e+00,0.000000e+00
1.000000e+00,0.000000e+00,0.000000e+00,0.000000e+00,0.000000e+00,0.000000e+00,0.000000e+00,0.000000e+00,0.000000e+00,0.000000e+00,0.000000e+00,0.000000e+00,0.000000e+00,0.000000e+00,0.000000e+00
1.000000e+00,0.000000e+00,0.000000e+00,0.000000e+00,0.000000e+00,0.000000e+00,0.000000e+00,0.000000e+00,0.000000e+00,0.000000e+00,0.000000e+00,0.000000e+00,0.000000e+00,0.000000e+00,0.000000e+00
1.000000e+00,0.000000e+00,0.000000e+00,0.000000e+00,0.000000e+00,0.000000e+00,0.000000e+00,0.000000e+00,0.000000e+00,0.000000e+00,0.000000e+00,0.000000e+00,0.000000e+00,0.000000e+00,0.000000e+00
1.000000e+00,0.000000e+00,0.000000e+00,0.000000e+00,0.000000e+00,0.000000e+00,0.000000e+00,0.000000e+00,0.000000e+00,0.000000e+00,0.000000e+00,0.000000e+00,0.000000e+00,0.000000e+00,0.000000e+00
1.000000e+00,0.000000e+00,0.000000e+00,0.000000e+00,0.000000e+00,0.000000e+00,0.000000e+00,0.000000e+00,0.000000e+00,0.000000e+00,0.000000e+00,0.000000e+00,0.000000e+00,0.000000e+00,0.000000e+00
1.000000e+00,0.000000e+00,0.000000e+00,0.000000e+00,0.000000e+00,0.000000e+00,0.000000e+00,0.000000e+00,0.000000e+00,0.000000e+00,0.000000e+00,0.000000e+00,0.000000e+00,0.000000e+00,0.000000e+00
1.000000e+00,0.000000e+00,0.000000e+00,0.000000e+00,0.000000e+00,0.000000e+00,0.000000e+00,0.000000e+00,0.000000e+00,0.000000e+00,0.000000e+00,0.000000e+00,0.000000e+00,0.000000e+00,0.000000e+00
1.000000e+00,0.000000e+00,0.000000e+00,0.000000e+00,0.000000e+00,0.000000e+00,0.000000e+00,0.000000e+00,0.000000e+00,0.000000e+00,0.000000e+00,0.000000e+00,0.000000e+00,0.000000e+00,0.000000e+00
1.000000e+00,0.000000e+00,0.000000e+00,0.000000e+00,0.000000e+00,0.000000e+00,0.000000e+00,0.000000e+00,0.000000e+00,0.000000e+00,0.000000e+00,0.000000e+00,0.000000e+00,0.000000e+00,0.000000e+00
1.000000e+00,0.000000e+00,0.000000e+00,0.000000e+00,0.000000e+00,0.000000e+00,0.000000e+00,0.000000e+00,0.000000e+00,0.000000e+00,0.000000e+00,0.000000e+00,0.000000e+00,0.000000e+00,0.000000e+00
1.000000e+00,0.000000e+00,0.000000e+00,0.000000e+00,0.000000e+00,0.000000e+00,0.000000e+00,0.000000e+00,0.000000e+00,0.000000e+00,0.000000e+00,0.000000e+00,0.000000e+00,0.000000e+00,0.000000e+00
1.000000e+00,0.000000e+00,0.000000e+00,0.000000e+00,0.000000e+00,0.000000e+00,0.000000e+00,0.000000e+00,0.000000e+00,0.000000e+00,0.000000e+00,0.000000e+00,0.000000e+00,0.000000e+00,0.000000e+00
1.000000e+00,0.000000e+00,0.000000e+00,0.000000e+00,0.000000e+00,0.000000e+00,0.000000e+00,0.000000e+00,0.000000e+00,0.000000e+00,0.000000e+00,0.000000e+00,0.000000e+00,0.000000e+00,0.000000e+00
1.000000e+00,0.000000e+00,0.000000e+00,0.000000e+00,0.000000e+00,0.000000e+00,0.000000e+00,0.000000e+00,0.000000e+00,0.000000e+00,0.000000e+00,0.000000e+00,0.000000e+00,0.000000e+00,0.000000e+00
1.000000e+00,0.000000e+00,0.000000e+00,0.000000e+00,0.000000e+00,0.000000e+00,0.000000e+00,0.000000e+00,0.000000e+00,0.000000e+00,0.000000e+00,0.000000e+00,0.000000e+00,0.000000e+00,0.000000e+00
1.000000e+00,0.000000e+00,0.000000e+00,0.000000e+00,0.000000e+00,0.000000e+00,0.000000e+00,0.000000e+00,0.000000e+00,0.000000e+00,0.000000e+00,0.000000e+00,0.000000e+00,0.000000e+00,0.000000e+00
1.000000e+00,0.000000e+00,0.000000e+00,0.000000e+00,0.000000e+00,0.000000e+00,0.000000e+00,0.000000e+00,0.000000e+00,0.000000e+00,0.000000e+00,0.000000e+00,0.000000e+00,0.000000e+00,0.000000e+00
1.000000e+00,0.000000e+00,0.000000e+00,0.000000e+00,0.000000e+00,0.000000e+00,0.000000e+00,0.000000e+00,0.000000e+00,0.000000e+00,0.000000e+00,0.000000e+00,0.000000e+00,0.000000e+00,0.000000e+00
1.000000e+00,0.000000e+00,0.000000e+00,0.000000e+00,0.000000e+00,0.000000e+00,0.000000e+00,0.000000e+00,0.000000e+00,0.000000e+00,0.000000e+00,0.000000e+00,0.000000e+00,0.000000e+00,0.000000e+00
1.000000e+00,0.000000e+00,0.000000e+00,0.000000e+00,0.000000e+00,0.000000e+00,0.000000e+00,0.000000e+00,0.000000e+00,0.000000e+00,0.000000e+00,0.000000e+00,0.000000e+00,0.000000e+00,0.000000e+00
1.000000e+00,0.000000e+00,0.000000e+00,0.000000e+00,0.000000e+00,0.000000e+00,0.000000e+00,0.000000e+00,0.000000e+00,0.000000e+00,0.000000e+00,0.000000e+00,0.000000e+00,0.000000e+00,0.000000e+00
1.000000e+00,0.000000e+00,0.000000e+00,0.000000e+00,0.000000e+00,0.000000e+00,0.000000e+00,0.000000e+00,0.000000e+00,0.000000e+00,0.000000e+00,0.000000e+00,0.000000e+00,0.000000e+00,0.000000e+00
1.000000e+00,0.000000e+00,0.000000e+00,0.000000e+00,0.000000e+00,0.000000e+00,0.000000e+00,0.000000e+00,0.000000e+00,0.000000e+00,0.000000e+00,0.000000e+00,0.000000e+00,0.000000e+00,0.000000e+00
1.000000e+00,0.000000e+00,0.000000e+00,0.000000e+00,0.000000e+00,0.000000e+00,0.000000e+00,0.000000e+00,0.000000e+00,0.000000e+00,0.000000e+00,0.000000e+00,0.000000e+00,0.000000e+00,0.000000e+00
1.000000e+00,0.000000e+00,0.000000e+00,0.000000e+00,0.000000e+00,0.000000e+00,0.000000e+00,0.000000e+00,0.000000e+00,0.000000e+00,0.000000e+00,0.000000e+00,0.000000e+00,0.000000e+00,0.000000e+00
1.000000e+00,0.000000e+00,0.000000e+00,0.000000e+00,0.000000e+00,0.000000e+00,0.000000e+00,0.000000e+00,0.000000e+00,0.000000e+00,0.000000e+00,0.000000e+00,0.000000e+00,0.000000e+00,0.000000e+00
1.000000e+00,0.000000e+00,0.000000e+00,0.000000e+00,0.000000e+00,0.000000e+00,0.000000e+00,0.000000e+00,0.000000e+00,0.000000e+00,0.000000e+00,0.000000e+00,0.000000e+00,0.000000e+00,0.000000e+00
1.000000e+00,0.000000e+00,0.000000e+00,0.000000e+00,0.000000e+00,0.000000e+00,0.000000e+00,0.000000e+00,0.000000e+00,0.000000e+00,0.000000e+00,0.000000e+00,0.000000e+00,0.000000e+00,0.000000e+00
1.000000e+00,0.000000e+00,0.000000e+00,0.000000e+00,0.000000e+00,0.000000e+00,0.000000e+00,0.000000e+00,0.000000e+00,0.000000e+00,0.000000e+00,0.000000e+00,0.000000e+00,0.000000e+00,0.000000e+00
1.000000e+00,0.000000e+00,0.000000e+00,0.000000e+00,0.000000e+00,0.000000e+00,0.000000e+00,0.000000e+00,0.000000e+00,0.000000e+00,0.000000e+00,0.000000e+00,0.000000e+00,0.000000e+00,0.000000e+00
1.000000e+00,0.000000e+00,0.000000e+00,0.000000e+00,0.000000e+00,0.000000e+00,0.000000e+00,0.000000e+00,0.000000e+00,0.000000e+00,0.000000e+00,0.000000e+00,0.000000e+00,0.000000e+00,0.000000e+00
1.000000e+00,0.000000e+00,0.000000e+00,0.000000e+00,0.000000e+00,0.000000e+00,0.000000e+00,0.000000e+00,0.000000e+00,0.000000e+00,0.000000e+00,0.000000e+00,0.000000e+00,0.000000e+00,0.000000e+00
1.000000e+00,0.000000e+00,0.000000e+00,0.000000e+00,0.000000e+00,0.000000e+00,0.000000e+00,0.000000e+00,0.000000e+00,0.000000e+00,0.000000e+00,0.000000e+00,0.000000e+00,0.000000e+00,0.000000e+00
1.000000e+00,0.000000e+00,0.000000e+00,0.000000e+00,0.000000e+00,0.000000e+00,0.000000e+00,0.000000e+00,0.000000e+00,0.000000e+00,0.000000e+00,0.000000e+00,0.000000e+00,0.000000e+00,0.000000e+00
1.000000e+00,0.000000e+00,0.000000e+00,0.000000e+00,0.000000e+00,0.000000e+00,0.000000e+00,0.000000e+00,0.000000e+00,0.000000e+00,0.000000e+00,0.000000e+00,0.000000e+00,0.000000e+00,0.000000e+00
1.000000e+00,0.000000e+00,0.000000e+00,0.000000e+00,0.000000e+00,0.000000e+00,0.000000e+00,0.000000e+00,0.000000e+00,0.000000e+00,0.000000e+00,0.000000e+00,0.000000e+00,0.000000e+00,0.000000e+00
1.000000e+00,0.000000e+00,0.000000e+00,0.000000e+00,0.000000e+00,0.000000e+00,0.000000e+00,0.000000e+00,0.000000e+00,0.000000e+00,0.000000e+00,0.000000e+00,0.000000e+00,0.000000e+00,0.000000e+00
1.000000e+00,0.000000e+00,0.000000e+00,0.000000e+00,0.000000e+00,0.000000e+00,0.000000e+00,0.000000e+00,0.000000e+00,0.000000e+00,0.000000e+00,0.000000e+00,0.000000e+00,0.000000e+00,0.000000e+00
1.000000e+00,0.000000e+00,0.000000e+00,0.000000e+00,0.000000e+00,0.000000e+00,0.000000e+00,0.000000e+00,0.000000e+00,0.000000e+00,0.000000e+00,0.000000e+00,0.000000e+00,0.000000e+00,0.000000e+00
4.444410e-01,4.688875e-02,1.298719e-02,3.979571e-01,6.105844e-03,7.946066e-03,2.229563e-03,5.321270e-03,8.292383e-03,5.659298e-03,1.385678e-02,1.151369e-02,1.214538e-02,1.385562e-03,2.327009e-02
3.529497e-01,4.238746e-02,1.127082e-02,3.594421e-01,4.886271e-03,7.292439e-03,2.042222e-03,4.847930e-03,7.513718e-02,1.418517e-02,1.389686e-02,9.102114e-03,1.640323e-02,1.505382e-03,8.465102e-02
2.613901e-01,7.211410e-02,1.134608e-02,3.648944e-01,3.911385e-03,5.702482e-03,1.704915e-03,4.299841e-03,1.378445e-01,1.990153e-02,1.260092e-02,6.884655e-03,1.445928e-02,1.697907e-03,8.124776e-02
3.096406e-01,6.338824e-02,1.008688e-02,2.977092e-01,4.085143e-03,6.515680e-03,2.428661e-03,6.208535e-03,1.595483e-01,1.918576e-02,2.019328e-02,7.356678e-03,1.967084e-02,2.993452e-03,7.098880e-02
3.730369e-01,5.502634e-02,8.725456e-03,2.254303e-01,3.503400e-03,6.918291e-03,2.290848e-03,5.585531e-03,1.506183e-01,1.643235e-02,2.053163e-02,6.793396e-03,5.975028e-02,3.083241e-03,6.227373e-02
3.377825e-01,5.063314e-02,7.069299e-03,1.653167e-01,3.193526e-03,9.941570e-03,2.530431e-03,5.016841e-03,1.311922e-01,1.300703e-02,1.531007e-02,8.711978e-03,1.980270e-01,2.575302e-03,4.969244e-02
2.773624e-01,5.099873e-02,8.822645e-03,1.261877e-01,2.787880e-03,1.590037e-02,2.968969e-03,4.707730e-03,1.496058e-01,1.395890e-02,1.134363e-02,1.427075e-02,2.609603e-01,2.804418e-03,5.731978e-02
2.027640e-01,5.807219e-02,1.061787e-02,9.176827e-02,2.284519e-03,2.180843e-02,2.323660e-03,4.226597e-03,2.307863e-01,1.247054e-02,9.671192e-03,1.816056e-02,2.339168e-01,7.033329e-03,9.409569e-02
1.624510e-01,4.492944e-02,9.148058e-03,6.567194e-02,2.388354e-03,2.960232e-02,2.019749e-03,3.953450e-03,1.873707e-01,9.498484e-03,7.400905e-03,2.851170e-02,3.371433e-01,9.730298e-03,1.001803e-01
1.390883e-01,3.642465e-02,8.970523e-03,4.955995e-02,4.483601e-03,3.345917e-02,2.290764e-03,3.474282e-03,1.509806e-01,8.261912e-03,6.295900e-03,3.412075e-02,3.820699e-01,1.715147e-02,1.233682e-01
1.863124e-01,3.615708e-02,2.171803e-02,6.363561e-02,1.151876e-02,2.912745e-02,3.515655e-03,7.265133e-03,1.283524e-01,7.173796e-03,1.133861e-02,5.177559e-02,3.212872e-01,1.562766e-02,1.051947e-01
2.462768e-01,3.363542e-02,1.861642e-02,5.955002e-02,1.400653e-02,3.056818e-02,4.172386e-03,7.295648e-03,1.032689e-01,6.568309e-03,1.450079e-02,5.503020e-02,3.000565e-01,1.297201e-02,9.348191e-02
2.383389e-01,2.526888e-02,1.365091e-02,4.767166e-02,1.455997e-02,2.587593e-02,3.837152e-03,6.358646e-03,8.781222e-02,7.162018e-03,2.170589e-02,1.104443e-01,3.084932e-01,1.517744e-02,7.364291e-02
2.065889e-01,1.839582e-02,9.801548e-03,3.421311e-02,1.213517e-02,1.978428e-02,3.174978e-03,4.938246e-03,6.618091e-02,7.597861e-03,1.765143e-02,2.867269e-01,2.471609e-01,1.249518e-02,5.315480e-02
2.309757e-01,1.441278e-02,7.276702e-03,2.625006e-02,1.198255e-02,2.606406e-02,3.413202e-03,4.508866e-03,5.473612e-02,8.027785e-03,1.612986e-02,3.230056e-01,2.149634e-01,1.634618e-02,4.190727e-02
2.529466e-01,1.292195e-02,7.322323e-03,2.221203e-02,1.118167e-02,4.929534e-02,7.197253e-03,5.784787e-03,5.022546e-02,1.820229e-02,1.676786e-02,3.200659e-01,1.736969e-01,1.754972e-02,3.463000e-02
2.494700e-01,1.073994e-02,6.481849e-03,2.036335e-02,1.281457e-02,7.429224e-02,6.323388e-03,6.313367e-03,5.432966e-02,1.925233e-02,3.088902e-02,3.074284e-01,1.585367e-01,1.476378e-02,2.800132e-02
2.394290e-01,9.254355e-03,7.008610e-03,1.674805e-02,2.017002e-02,9.283321e-02,7.505639e-03,1.426419e-02,5.698130e-02,1.539655e-02,2.550170e-02,3.121244e-01,1.506837e-01,1.124894e-02,2.085038e-02
1.800949e-01,1.119691e-02,5.000366e-03,1.217771e-02,1.570215e-02,1.095266e-01,5.832881e-03,1.053170e-02,2.456878e-01,1.106805e-02,1.840678e-02,2.325879e-01,1.192807e-01,7.993666e-03,1.491187e-02
1.408406e-01,1.160177e-02,4.092590e-03,9.384912e-03,1.574379e-02,1.256095e-01,5.118310e-03,1.222994e-02,3.162678e-01,8.862462e-03,1.423982e-02,1.964473e-01,1.227503e-01,5.841329e-03,1.096971e-02
1.382752e-01,1.165594e-02,3.122322e-03,7.662730e-03,1.301054e-02,1.235211e-01,4.244731e-03,9.893950e-03,2.622617e-01,7.592031e-03,1.083895e-02,1.685373e-01,2.258150e-01,4.566469e-03,9.001917e-03
1.167972e-01,1.966618e-02,3.421727e-03,9.330898e-02,1.403186e-02,1.184937e-01,3.466006e-03,8.060356e-03,2.859026e-01,6.652641e-03,1.115298e-02,1.262925e-01,1.794506e-01,3.571067e-03,9.731679e-03
1.497260e-01,3.069816e-02,3.975933e-03,7.628088e-02,1.230104e-02,1.172899e-01,4.326642e-03,7.643148e-03,2.535720e-01,7.941788e-03,1.375887e-02,1.463808e-01,1.520542e-01,4.472645e-03,1.957807e-02
1.608976e-01,3.144224e-02,4.483877e-03,6.225515e-02,1.872975e-02,1.214263e-01,6.273242e-03,1.616329e-02,2.599804e-01,8.650589e-03,2.172381e-02,1.345065e-01,1.297098e-01,5.625400e-03,1.813217e-02
2.149257e-01,2.892679e-02,4.822010e-03,4.882867e-02,2.034613e-02,1.203409e-01,6.018618e-03,1.926813e-02,2.367870e-01,8.723150e-03,3.870043e-02,1.211978e-01,1.070133e-01,6.988590e-03,1.711291e-02
1.673553e-01,5.266804e-02,5.516245e-03,4.972876e-02,1.663500e-02,1.491471e-01,4.493217e-03,1.471226e-02,2.379145e-01,1.281455e-02,3.790613e-02,9.174784e-02,8.465374e-02,7.895429e-03,6.681195e-02
1.669075e-01,6.159208e-02,8.001662e-03,4.087753e-02,1.485481e-02,1.435354e-01,3.760521e-03,1.748329e-02,2.803343e-01,1.292007e-02,3.906766e-02,7.026928e-02,7.713011e-02,8.081741e-03,5.518411e-02
1.424229e-01,5.831726e-02,7.929911e-03,9.137572e-02,1.565132e-02,1.473774e-01,2.853094e-03,2.226093e-02,2.871432e-01,1.279535e-02,4.641943e-02,5.370673e-02,5.947220e-02,7.288853e-03,4.498569e-02
1.064855e-01,6.216550e-02,8.304220e-03,1.204950e-01,1.332217e-02,1.455744e-01,2.106786e-03,2.260704e-02,2.526550e-01,1.275884e-02,1.021669e-01,5.049761e-02,5.116506e-02,7.979847e-03,4.171618e-02
9.196867e-02,6.293614e-02,7.547239e-03,1.183809e-01,1.226787e-02,1.223926e-01,1.641959e-03,1.899878e-02,2.397309e-01,1.483939e-02,1.607265e-01,5.553301e-02,4.647894e-02,1.027459e-02,3.628255e-02
9.379135e-02,7.908258e-02,9.281440e-03,1.107395e-01,1.084487e-02,1.058291e-01,1.474150e-03,1.578067e-02,1.960138e-01,1.470482e-02,2.237078e-01,5.742474e-02,3.977016e-02,1.078125e-02,3.077392e-02
8.540579e-02,6.625940e-02,1.022021e-02,1.024476e-01,8.437526e-03,9.151329e-02,1.278100e-03,1.176813e-02,1.493094e-01,1.601541e-02,3.177868e-01,6.080591e-02,3.645188e-02,1.515791e-02,2.714267e-02
7.190339e-02,5.394052e-02,1.378124e-02,8.176607e-02,6.912192e-03,1.056509e-01,1.099127e-03,9.085581e-03,1.123230e-01,1.643276e-02,3.785149e-01,7.252145e-02,3.198227e-02,1.775465e-02,2.633196e-02
5.990234e-02,4.443319e-02,1.141700e-02,6.062509e-02,6.162648e-03,8.291657e-02,9.918460e-04,6.788574e-03,8.295348e-02,1.408204e-02,4.683023e-01,9.629251e-02,2.681991e-02,1.844600e-02,1.986646e-02
4.786554e-02,3.482674e-02,9.317300e-03,4.480824e-02,5.443278e-03,6.520750e-02,8.929732e-04,5.152487e-03,6.081638e-02,1.197752e-02,5.432945e-01,1.104244e-01,2.131610e-02,2.379745e-02,1.485961e-02
3.457271e-02,2.527557e-02,6.941144e-03,3.261016e-02,5.667558e-03,4.707672e-02,7.439339e-04,3.873958e-03,4.530003e-02,9.315949e-03,6.167803e-01,1.215494e-01,1.555278e-02,2.406773e-02,1.067205e-02
2.900542e-02,1.886773e-02,5.261155e-03,2.372291e-02,5.164056e-03,3.443908e-02,6.207888e-04,3.129775e-03,3.450109e-02,8.400980e-03,6.721410e-01,1.199449e-01,1.168222e-02,2.475920e-02,8.359750e-03
5.713192e-02,2.173287e-02,7.511485e-03,1.911381e-02,6.548235e-03,3.144315e-02,7.512150e-04,3.813817e-03,2.884393e-02,8.637978e-03,6.480252e-01,1.226599e-01,1.019339e-02,2.221021e-02,1.138288e-02
9.099947e-02,2.295208e-02,8.488929e-03,1.655113e-02,9.974972e-03,2.624031e-02,1.012383e-03,1.064278e-02,3.872941e-02,9.815747e-03,5.939908e-01,1.186781e-01,1.122763e-02,3.018864e-02,1.050760e-02
7.066379e-02,2.107980e-02,7.264259e-03,1.227535e-02,8.524523e-03,1.971663e-02,8.659478e-04,9.132297e-03,4.009816e-02,1.030232e-02,6.304279e-01,1.188931e-01,9.368533e-03,3.301082e-02,8.376545e-03
5.946254e-02,1.734249e-02,6.552178e-03,9.248276e-03,8.236066e-03,1.489727e-02,7.768137e-04,7.887862e-03,3.835534e-02,9.303815e-03,6.829352e-01,1.004940e-01,7.917404e-03,3.008941e-02,6.501292e-03
5.068212e-02,2.652364e-02,1.220819e-02,9.141183e-03,9.353774e-03,1.230240e-02,9.129127e-04,8.956605e-03,4.036335e-02,9.846561e-03,6.427868e-01,1.237149e-01,7.595094e-03,3.812818e-02,7.484336e-03
4.143116e-02,2.726642e-02,1.274737e-02,1.612598e-02,1.141340e-02,1.117236e-02,7.467603e-04,7.750112e-03,4.234948e-02,9.005032e-03,6.510335e-01,1.226853e-01,6.568178e-03,3.251207e-02,7.192985e-03
3.177057e-02,4.934250e-02,1.313494e-02,1.578564e-02,1.341768e-02,9.816907e-03,7.037130e-04,1.333715e-02,6.626558e-02,8.602692e-03,5.921737e-01,1.400613e-01,5.420379e-03,3.196091e-02,8.206272e-03
2.478065e-02,5.326184e-02,1.691638e-02,1.832149e-02,2.177834e-02,1.459303e-02,7.735292e-04,1.677464e-02,1.291653e-01,9.624173e-03,5.149608e-01,1.362759e-01,4.909630e-03,2.982008e-02,8.044085e-03
2.390389e-02,8.244171e-02,1.666200e-02,4.308645e-02,2.830476e-02,1.678561e-02,6.603150e-04,1.542188e-02,1.681809e-01,8.766776e-03,4.387269e-01,1.155981e-01,5.910365e-03,2.711180e-02,8.438491e-03
2.534542e-02,6.586143e-02,1.492938e-02,3.692958e-02,3.732524e-02,2.161950e-02,1.166744e-03,1.806065e-02,2.370268e-01,9.407329e-03,4.016995e-01,9.019434e-02,6.151441e-03,2.592297e-02,8.359682e-03
2.432719e-02,7.184188e-02,1.253942e-02,2.892862e-02,3.022449e-02,4.820519e-02,1.097946e-03,1.974892e-02,2.884019e-01,1.907285e-02,3.237457e-01,6.722526e-02,5.971473e-03,4.636472e-02,1.230443e-02
3.725864e-02,7.404291e-02,1.532327e-02,2.771922e-02,2.990515e-02,5.164183e-02,1.004017e-03,3.459065e-02,3.154871e-01,2.187523e-02,2.561516e-01,5.382960e-02,7.183177e-03,5.844563e-02,1.554197e-02
5.993550e-02,7.098250e-02,1.550826e-02,2.379272e-02,3.275423e-02,5.334368e-02,9.127950e-04,3.276731e-02,3.077872e-01,3.292149e-02,1.953295e-01,4.175161e-02,6.951783e-03,8.781476e-02,3.744671e-02
6.579104e-02,6.184004e-02,1.797932e-02,2.315904e-02,4.462746e-02,4.473840e-02,1.032244e-03,1.011603e-01,2.862258e-01,2.843726e-02,1.445292e-01,3.021117e-02,5.921023e-03,1.144450e-01,2.990267e-02
6.848481e-02,5.398619e-02,3.374950e-02,2.127869e-02,6.580427e-02,3.987060e-02,2.025342e-03,1.333383e-01,2.581520e-01,2.927203e-02,1.074117e-01,2.218068e-02,5.478486e-03,1.326328e-01,2.633454e-02
6.303241e-02,6.052650e-02,9.136683e-02,2.004212e-02,5.712241e-02,3.183655e-02,2.422254e-03,1.288918e-01,2.515759e-01,2.620325e-02,7.838355e-02,1.673835e-02,5.992877e-03,1.263784e-01,3.948670e-02
5.595456e-02,9.271447e-02,1.837854e-01,2.581371e-02,4.643119e-02,2.327822e-02,2.416455e-03,1.017448e-01,2.222410e-01,2.684037e-02,5.764032e-02,1.361331e-02,6.542997e-03,9.123866e-02,4.974459e-02
5.188741e-02,1.289620e-01,1.990369e-01,2.162537e-02,3.995808e-02,1.825951e-02,2.977580e-03,8.788392e-02,2.092061e-01,2.588557e-02,4.384438e-02,1.086970e-02,7.440644e-03,7.005522e-02,8.210768e-02
4.856068e-02,1.525449e-01,1.539010e-01,1.976944e-02,5.368218e-02,1.698298e-02,2.661649e-03,7.417845e-02,2.752588e-01,2.036072e-02,3.279394e-02,7.928575e-03,9.222180e-03,5.385595e-02,7.829855e-02
4.975212e-02,1.671409e-01,1.132161e-01,1.695345e-02,7.085498e-02,1.974786e-02,2.683944e-03,6.868673e-02,3.222966e-01,1.530960e-02,2.491446e-02,5.933378e-03,1.708148e-02,4.037154e-02,6.505696e-02
6.416279e-02,2.121718e-01,9.235045e-02,1.717964e-02,7.785518e-02,2.006958e-02,3.372661e-03,6.196444e-02,2.783649e-01,1.222678e-02,1.880175e-02,4.618823e-03,2.644939e-02,3.181737e-02,7.859448e-02
7.951111e-02,1.671737e-01,1.144681e-01,1.645879e-02,6.709420e-02,2.416462e-02,5.249470e-03,5.685978e-02,2.552313e-01,1.245476e-02,1.551249e-02,4.610119e-03,7.153840e-02,2.652135e-02,8.315172e-02
8.763635e-02,1.326196e-01,1.489617e-01,2.052709e-02,5.729099e-02,2.546394e-02,5.369476e-03,6.481078e-02,2.248821e-01,1.075917e-02,1.317413e-02,4.257196e-03,1.082152e-01,2.283468e-02,7.319753e-02
9.704101e-02,1.144771e-01,1.828515e-01,1.942115e-02,5.143478e-02,2.933917e-02,5.270505e-03,8.584148e-02,1.803751e-01,9.319372e-03,1.071250e-02,4.147315e-03,1.292075e-01,1.846723e-02,6.209434e-02
1.033429e-01,1.540752e-01,1.789430e-01,1.639744e-02,4.798545e-02,3.845767e-02,5.092613e-03,7.616290e-02,1.640987e-01,9.121241e-03,9.246668e-03,3.762956e-03,1.180868e-01,1.656697e-02,5.865957e-02
1.481168e-01,1.545152e-01,1.349599e-01,1.555136e-02,3.880417e-02,4.088226e-02,4.629754e-03,5.899931e-02,1.931151e-01,7.934865e-03,8.390072e-03,5.134364e-03,9.920047e-02,1.391246e-02,7.585394e-02
2.038770e-01,1.276087e-01,1.021148e-01,1.370224e-02,3.030145e-02,4.268490e-02,4.709681e-03,4.356038e-02,1.589612e-01,6.654842e-03,7.709389e-03,5.997795e-03,1.569179e-01,1.373077e-02,8.146900e-02
2.560613e-01,1.018908e-01,8.128059e-02,1.289425e-02,2.360767e-02,4.671799e-02,5.637987e-03,3.293779e-02,1.342980e-01,5.652329e-03,6.844670e-03,6.338886e-03,1.897932e-01,1.303468e-02,8.300994e-02
3.303143e-01,7.833735e-02,6.364753e-02,1.210776e-02,1.814204e-02,4.561533e-02,6.384272e-03,2.575520e-02,1.099140e-01,6.004932e-03,7.307895e-03,8.251593e-03,2.040625e-01,1.105735e-02,7.309783e-02
3.988573e-01,6.941622e-02,4.903313e-02,1.252251e-02,1.517960e-02,4.069936e-02,7.802400e-03,2.043460e-02,9.438275e-02,6.248056e-03,7.428271e-03,1.161044e-02,1.880900e-01,9.907490e-03,6.838786e-02
4.230137e-01,6.516051e-02,4.617807e-02,1.714545e-02,1.285320e-02,3.796168e-02,8.044576e-03,1.567525e-02,7.625161e-02,1.156450e-02,8.483613e-03,1.590201e-02,1.581568e-01,1.146716e-02,9.214190e-02
3.541076e-01,6.220244e-02,3.872028e-02,3.331917e-02,1.028098e-02,3.747494e-02,6.934837e-03,1.330117e-02,7.411942e-02,2.737992e-02,1.139413e-02,2.154922e-02,1.880625e-01,1.042541e-02,1.107279e-01
2.681896e-01,5.226021e-02,2.862374e-02,4.990647e-02,8.319356e-03,3.865718e-02,6.014074e-03,1.067923e-02,8.619621e-02,2.372672e-02,1.203207e-02,2.417463e-02,2.901203e-01,7.914969e-03,9.318526e-02
1.930199e-01,3.866283e-02,2.038671e-02,3.778746e-02,6.073548e-03,3.156980e-02,4.477456e-03,7.851610e-03,7.348099e-02,1.716368e-02,9.590013e-03,2.468407e-02,4.590191e-01,5.672476e-03,7.056042e-02
1.387086e-01,2.877917e-02,1.514318e-02,2.953875e-02,4.751462e-03,2.925640e-02,3.862972e-03,5.882344e-03,6.139459e-02,1.243061e-02,7.219918e-03,1.961120e-02,5.842460e-01,4.121990e-03,5.505284e-02
9.922067e-02,2.031614e-02,1.091598e-02,2.357710e-02,3.581474e-03,2.666409e-02,3.037576e-03,4.254754e-03,4.412049e-02,8.898008e-03,6.592848e-03,1.686428e-02,6.887201e-01,3.886265e-03,3.935022e-02
7.131758e-02,1.446090e-02,7.717249e-03,1.708613e-02,3.482872e-03,2.440324e-02,2.891769e-03,3.038298e-03,3.191122e-02,6.902258e-03,8.745245e-03,3.254850e-02,7.405439e-01,3.048932e-03,3.190191e-02
5.309112e-02,1.207380e-02,5.784786e-03,1.667127e-02,6.519936e-03,1.920736e-02,2.504114e-03,2.229203e-03,3.021020e-02,1.027669e-02,1.125952e-02,4.224700e-02,7.578796e-01,4.375968e-03,2.566949e-02
3.812151e-02,9.073899e-03,4.152210e-03,1.401767e-02,5.589173e-03,1.626228e-02,2.253197e-03,1.668284e-03,2.233754e-02,1.285521e-02,2.104343e-02,1.456120e-01,6.840948e-01,4.128510e-03,1.879021e-02
2.698092e-02,6.636353e-03,2.987969e-03,1.194513e-02,4.956389e-03,1.534851e-02,1.752572e-03,1.225552e-03,1.671558e-02,2.799557e-02,3.018591e-02,1.609735e-01,6.725000e-01,3.492647e-03,1.630351e-02
1.949236e-02,4.695266e-03,2.437942e-03,9.116944e-03,4.650892e-03,1.236799e-02,1.425017e-03,1.590549e-03,1.247284e-02,7.098211e-02,9.803355e-02,1.413790e-01,6.038890e-01,4.358588e-03,1.310794e-02
1.395279e-02,3.521347e-03,2.045636e-03,7.836502e-03,8.543156e-03,9.241374e-03,1.219709e-03,1.504658e-03,1.297002e-02,2.680536e-01,9.743430e-02,1.116873e-01,4.472779e-01,4.462465e-03,1.024926e-02
1.005948e-02,2.627640e-03,1.692470e-03,8.344965e-03,1.016042e-02,7.680122e-03,9.250515e-04,1.576702e-03,1.252105e-02,3.571754e-01,1.195795e-01,9.888951e-02,3.542074e-01,6.371970e-03,8.188441e-03
8.087868e-03,2.562162e-03,2.594378e-03,6.536487e-03,1.540647e-02,9.017619e-03,1.026263e-03,2.990239e-03,1.910251e-02,3.168217e-01,1.591286e-01,1.595414e-01,2.737859e-01,1.662339e-02,6.774979e-03
6.471060e-03,2.608492e-03,2.579185e-03,5.753309e-03,1.670109e-02,7.944301e-03,9.069736e-04,3.217021e-03,1.969364e-02,2.471981e-01,1.987112e-01,2.360759e-01,2.088689e-01,3.750147e-02,5.769392e-03
7.962990e-03,4.502540e-03,3.358152e-03,7.510537e-03,1.593381e-02,7.252965e-03,7.514055e-04,3.358271e-03,3.759836e-02,1.996821e-01,2.176796e-01,2.490896e-01,1.512761e-01,8.676676e-02,7.276776e-03
6.808611e-03,7.832031e-03,6.472011e-03,6.299681e-03,1.351883e-02,1.577988e-02,5.946205e-04,3.202522e-03,6.554228e-02,1.551540e-01,2.715772e-01,2.188239e-01,1.082899e-01,1.134517e-01,6.652889e-03
8.301680e-03,8.699902e-03,7.634151e-03,6.297387e-03,2.175583e-02,1.747300e-02,6.926773e-04,3.258513e-03,8.445108e-02,1.197984e-01,3.317977e-01,1.801602e-01,7.744279e-02,1.258975e-01,6.339096e-03
1.799727e-02,2.327045e-02,4.663966e-02,4.145585e-02,1.083654e-01,2.149866e-02,2.890720e-03,3.580110e-03,7.786267e-02,8.853810e-02,2.675218e-01,1.430466e-01,5.487984e-02,9.590512e-02,6.547739e-03
1.794726e-02,2.194331e-02,4.221341e-02,3.837473e-02,1.661631e-01,2.361079e-02,2.608135e-03,2.749193e-03,7.192394e-02,6.726687e-02,2.726923e-01,1.246198e-01,3.906798e-02,1.025930e-01,6.226150e-03
2.947896e-02,3.465821e-02,5.221844e-02,3.806178e-02,2.408387e-01,2.374881e-02,2.411787e-03,5.067062e-03,6.120157e-02,5.213487e-02,2.357814e-01,9.446385e-02,2.938894e-02,9.311327e-02,7.432318e-03
2.442884e-02,5.526379e-02,4.574785e-02,2.740153e-02,1.822150e-01,2.149718e-02,1.844806e-03,4.309128e-03,6.728809e-02,4.094369e-02,3.014337e-01,7.427407e-02,2.298486e-02,1.237869e-01,6.580583e-03
2.905240e-02,5.858701e-02,5.257781e-02,3.365813e-02,1.480218e-01,2.090455e-02,1.730094e-03,5.437487e-03,7.660627e-02,3.433824e-02,3.347588e-01,5.741623e-02,1.814670e-02,1.213761e-01,7.388324e-03
3.729872e-02,6.860125e-02,5.255754e-02,2.794557e-02,1.183940e-01,1.831899e-02,1.717626e-03,5.209039e-03,1.129668e-01,2.988796e-02,3.511915e-01,4.515981e-02,1.372292e-02,1.089533e-01,8.074958e-03
4.087606e-02,8.658248e-02,8.311592e-02,3.018888e-02,8.934992e-02,1.868331e-02,1.482555e-03,8.001808e-03,1.056959e-01,2.622677e-02,3.531328e-01,3.638213e-02,1.071054e-02,1.008078e-01,8.763107e-03
6.073327e-02,7.928098e-02,7.349135e-02,2.565442e-02,6.874669e-02,1.703986e-02,1.305745e-03,9.129323e-03,1.221702e-01,2.384734e-02,3.746209e-01,2.759750e-02,7.887122e-03,9.851252e-02,9.982787e-03
5.523238e-02,6.198426e-02,7.139513e-02,2.339809e-02,6.158237e-02,1.393304e-02,1.080323e-03,9.679013e-03,1.540192e-01,2.134500e-02,3.970109e-01,2.033115e-02,5.759184e-03,9.515567e-02,8.094385e-03
5.816746e-02,5.229097e-02,6.740518e-02,2.006771e-02,4.859519e-02,1.227088e-02,8.552795e-04,1.479089e-02,1.880513e-01,2.131822e-02,3.403210e-01,1.608509e-02,4.402303e-03,1.487562e-01,6.622352e-03
6.147096e-02,4.317413e-02,6.356410e-02,1.696695e-02,4.120864e-02,1.071732e-02,7.576711e-04,1.819231e-02,1.962304e-01,2.576777e-02,3.319454e-01,1.390233e-02,3.465846e-03,1.672025e-01,5.433633e-03
6.054198e-02,3.570079e-02,9.474365e-02,1.503072e-02,3.236626e-02,1.066429e-02,6.213512e-04,1.960976e-02,2.203881e-01,2.691203e-02,3.063328e-01,1.231069e-02,3.050875e-03,1.571849e-01,4.541789e-03
6.858803e-02,2.954824e-02,1.743733e-01,2.038999e-02,3.523917e-02,1.338691e-02,7.448020e-04,2.184018e-02,1.839870e-01,2.443752e-02,2.819797e-01,1.111813e-02,2.559401e-03,1.276131e-01,4.194475e-03
7.658385e-02,2.679081e-02,1.837126e-01,1.883011e-02,4.765735e-02,1.350704e-02,1.082079e-03,2.411289e-02,1.806674e-01,2.963186e-02,2.597302e-01,1.035901e-02,2.879953e-03,1.196983e-01,4.756458e-03
9.103200e-02,2.352538e-02,1.833112e-01,2.074140e-02,5.533692e-02,1.678681e-02,1.831291e-03,3.749067e-02,1.545332e-01,3.415680e-02,2.428716e-01,9.738229e-03,2.557353e-03,1.216436e-01,4.443565e-03
9.239662e-02,2.439662e-02,2.527790e-01,5.389057e-02,5.824977e-02,2.614026e-02,2.135600e-03,3.832729e-02,1.299477e-01,2.783782e-02,1.850881e-01,7.398916e-03,2.096014e-03,9.561513e-02,3.700567e-03
1.030899e-01,2.883191e-02,2.389303e-01,4.537589e-02,5.573051e-02,6.631064e-02,2.519371e-03,4.596373e-02,1.243528e-01,2.784204e-02,1.572098e-01,5.753363e-03,2.068935e-03,9.046380e-02,5.557121e-03
1.117608e-01,3.097454e-02,2.165303e-01,4.069644e-02,4.997132e-02,7.343794e-02,2.198430e-03,4.127109e-02,1.443423e-01,2.380005e-02,1.378655e-01,4.869028e-03,2.550060e-03,1.106263e-01,9.105830e-03
1.175939e-01,2.895989e-02,2.366266e-01,3.197822e-02,4.235256e-02,5.843471e-02,1.967206e-03,3.236155e-02,1.768275e-01,1.948439e-02,1.123981e-01,4.001691e-03,2.338617e-03,1.257626e-01,8.912457e-03
1.348246e-01,3.036676e-02,2.098621e-01,3.079036e-02,3.711759e-02,5.085288e-02,1.602689e-03,2.618626e-02,2.234959e-01,1.650779e-02,9.460908e-02,3.628881e-03,2.409090e-03,1.291142e-01,8.631813e-03
1.466551e-01,2.993921e-02,1.778179e-01,2.551309e-02,3.551882e-02,3.930976e-02,1.330837e-03,2.151183e-02,2.870955e-01,1.249553e-02,7.930963e-02,3.641688e-03,3.161206e-03,1.297726e-01,6.927377e-03
1.464641e-01,3.367615e-02,1.359119e-01,1.945706e-02,2.811177e-02,3.109880e-02,1.090483e-03,1.570896e-02,3.578379e-01,9.690946e-03,6.430042e-02,3.685370e-03,3.294745e-03,1.438577e-01,5.813779e-03
1.719386e-01,3.845016e-02,1.032402e-01,1.624598e-02,2.325760e-02,3.069110e-02,8.654456e-04,1.126087e-02,3.913401e-01,8.818172e-03,5.553952e-02,4.545237e-03,4.494996e-03,1.326864e-01,6.625663e-03
2.146153e-01,3.297416e-02,7.511054e-02,1.270386e-02,1.903939e-02,2.993929e-02,1.072346e-03,8.591266e-03,3.058109e-01,9.687115e-03,5.874244e-02,9.284335e-03,6.866508e-03,2.056228e-01,9.939786e-03
1.971519e-01,1.077258e-01,5.623275e-02,3.978225e-02,3.102262e-02,3.654149e-02,2.198398e-03,9.718707e-03,2.443917e-01,1.033675e-02,5.239265e-02,1.318154e-02,8.637962e-03,1.599254e-01,3.076011e-02
2.570299e-01,1.007257e-01,4.129973e-02,3.226629e-02,2.400876e-02,3.475397e-02,2.792182e-03,8.615317e-03,1.909755e-01,1.347920e-02,4.112846e-02,1.087260e-02,7.897667e-03,1.989859e-01,3.516879e-02
2.922666e-01,9.879296e-02,3.081566e-02,2.883917e-02,2.273027e-02,5.045801e-02,3.226866e-03,7.675506e-03,1.607940e-01,1.694690e-02,3.713702e-02,1.212085e-02,1.081437e-02,1.719414e-01,5.544040e-02
3.211513e-01,7.801420e-02,2.284512e-02,2.659656e-02,1.713228e-02,4.574760e-02,3.642519e-03,7.097417e-03,1.308438e-01,1.482730e-02,2.789850e-02,1.201074e-02,1.193616e-01,1.233562e-01,4.947481e-02
3.266161e-01,1.145137e-01,1.660777e-02,2.273797e-02,1.320930e-02,3.669725e-02,3.050670e-03,5.899497e-03,1.322355e-01,1.138682e-02,2.072674e-02,1.029405e-02,1.555687e-01,8.952256e-02,4.093333e-02
2.972781e-01,1.610020e-01,1.202795e-02,2.057043e-02,1.027220e-02,2.909908e-02,2.678185e-03,4.759850e-03,1.779318e-01,8.667922e-03,1.495873e-02,8.392586e-03,1.553486e-01,6.395090e-02,3.306158e-02
4.012654e-01,1.338083e-01,9.716927e-03,1.830743e-02,8.251293e-03,2.786285e-02,2.547216e-03,5.222372e-03,1.425454e-01,6.465918e-03,1.129811e-02,7.352058e-03,1.528940e-01,4.578854e-02,2.667423e-02
4.108087e-01,1.142553e-01,8.514370e-03,1.599181e-02,7.672623e-03,2.497330e-02,2.711562e-03,5.148018e-03,1.190100e-01,4.713900e-03,8.237021e-03,6.041845e-03,2.113056e-01,3.291129e-02,2.770461e-02
3.437446e-01,1.032783e-01,1.828539e-02,3.647152e-02,1.008283e-02,2.174057e-02,3.618810e-03,5.155815e-03,1.230521e-01,5.749441e-03,7.772263e-03,6.670507e-03,2.449992e-01,2.722411e-02,4.215454e-02
3.054964e-01,8.672659e-02,1.661923e-02,2.776056e-02,1.222754e-02,1.700575e-02,3.589307e-03,4.861730e-03,1.059044e-01,4.579238e-03,6.430010e-03,6.028185e-03,3.212337e-01,2.054109e-02,6.099631e-02
2.333057e-01,7.857399e-02,1.297223e-01,5.839572e-02,1.284586e-02,1.383457e-02,3.057936e-03,4.379505e-03,1.209379e-01,7.473182e-03,6.323622e-03,5.301212e-03,2.556138e-01,1.550858e-02,5.472613e-02
1.966253e-01,8.853713e-02,1.576457e-01,5.455736e-02,1.059710e-02,1.205591e-02,2.895735e-03,3.608149e-03,1.678523e-01,8.397903e-03,5.848804e-03,6.681500e-03,2.042113e-01,1.176061e-02,6.872527e-02
2.689061e-01,6.601597e-02,1.217882e-01,4.288276e-02,2.257260e-02,1.654061e-02,9.404605e-03,3.436619e-03,1.436377e-01,7.009070e-03,6.866682e-03,6.895181e-03,1.813882e-01,9.507536e-03,9.314819e-02
3.196580e-01,6.304869e-02,1.015895e-01,3.728461e-02,2.658081e-02,1.736801e-02,9.286508e-03,2.816760e-03,1.231940e-01,7.999741e-03,6.654575e-03,6.625698e-03,1.819956e-01,7.443985e-03,8.845355e-02
3.480518e-01,4.955710e-02,7.367449e-02,2.776751e-02,2.290747e-02,1.574476e-02,8.891575e-03,2.301545e-03,9.071503e-02,8.000975e-03,5.986623e-03,7.377164e-03,2.456782e-01,6.029177e-03,8.731660e-02
3.422732e-01,6.690527e-02,5.788511e-02,4.902686e-02,2.825134e-02,2.295887e-02,7.677247e-03,2.588425e-03,8.521353e-02,1.116821e-02,9.868667e-03,2.071900e-02,2.161665e-01,5.714016e-03,7.358384e-02
4.147763e-01,6.078843e-02,4.217638e-02,4.421617e-02,2.506429e-02,3.197318e-02,6.646028e-03,2.748824e-03,6.773674e-02,8.855214e-03,1.170800e-02,3.306133e-02,1.818435e-01,5.470627e-03,6.293503e-02
3.495639e-01,6.589027e-02,3.877990e-02,8.456199e-02,6.059590e-02,3.551841e-02,1.241553e-02,5.673179e-03,5.422506e-02,8.244696e-03,1.458658e-02,5.891615e-02,1.459982e-01,5.271256e-03,5.975909e-02
4.171739e-01,5.632082e-02,4.514855e-02,8.340023e-02,4.826178e-02,3.179968e-02,1.134041e-02,8.801439e-03,4.587932e-02,7.605111e-03,1.447546e-02,5.823614e-02,1.191854e-01,5.006014e-03,4.736577e-02
4.580903e-01,5.176210e-02,4.012459e-02,7.893593e-02,4.611364e-02,3.482467e-02,1.317913e-02,1.046515e-02,3.651703e-02,5.979320e-03,1.611564e-02,6.178921e-02,1.033925e-01,4.726959e-03,3.798384e-02
4.360538e-01,5.039008e-02,3.266384e-02,1.084314e-01,6.293821e-02,3.748240e-02,1.416268e-02,8.933508e-03,3.371289e-02,7.938948e-03,1.556466e-02,6.560438e-02,8.903806e-02,3.658721e-03,3.342639e-02
3.735102e-01,5.765890e-02,2.656849e-02,1.732083e-01,6.650084e-02,3.861558e-02,1.188845e-02,7.869761e-03,3.360670e-02,1.218576e-02,2.503085e-02,5.688794e-02,7.773355e-02,3.938907e-03,3.479572e-02
2.728033e-01,4.847338e-02,2.110207e-02,2.060198e-01,6.957477e-02,5.053473e-02,1.079803e-02,5.839621e-03,2.604543e-02,1.773223e-02,7.401998e-02,4.701893e-02,1.093274e-01,3.816973e-03,3.689330e-02
1.915020e-01,3.404644e-02,1.510721e-02,1.483210e-01,4.965173e-02,3.551425e-02,7.592143e-03,4.183000e-03,1.929917e-02,1.788625e-02,1.620267e-01,3.939345e-02,2.418924e-01,3.516093e-03,3.006801e-02
1.352651e-01,2.401731e-02,1.231695e-02,1.060273e-01,3.709325e-02,2.502230e-02,5.360348e-03,4.334591e-03,1.711255e-02,2.746984e-02,1.433068e-01,3.282866e-02,3.982043e-01,5.654106e-03,2.598663e-02
9.586495e-02,1.744241e-02,9.768267e-03,9.051545e-02,3.329852e-02,1.808854e-02,4.388410e-03,3.285212e-03,2.257235e-02,2.432024e-01,1.119508e-01,2.406079e-02,2.923231e-01,8.369892e-03,2.486899e-02
6.834220e-02,1.268719e-02,7.902339e-03,7.107523e-02,3.130236e-02,1.431395e-02,3.205473e-03,3.625930e-03,1.961470e-02,3.970411e-01,9.316089e-02,1.775130e-02,2.314213e-01,7.634764e-03,2.092127e-02
4.880628e-02,1.085492e-02,9.060629e-03,6.138407e-02,7.550102e-02,1.161840e-02,3.880493e-03,4.018370e-03,3.664937e-02,4.097203e-01,9.928321e-02,1.724284e-02,1.687323e-01,2.411496e-02,1.913277e-02
3.538797e-02,8.768111e-03,7.373358e-03,4.702935e-02,7.908411e-02,1.009278e-02,3.132093e-03,3.294306e-03,3.059184e-02,3.467300e-01,2.158957e-01,2.859078e-02,1.217643e-01,4.650275e-02,1.576244e-02
2.655302e-02,6.507507e-03,6.270504e-03,3.669396e-02,6.089498e-02,1.133166e-02,2.414411e-03,3.520666e-03,2.327010e-02,2.534959e-01,3.610483e-01,4.084783e-02,8.767648e-02,6.789657e-02,1.157801e-02
1.945777e-02,4.752961e-03,4.540105e-03,2.646727e-02,4.439674e-02,9.145401e-03,1.826048e-03,2.640520e-03,1.710293e-02,1.881238e-01,5.068653e-01,4.574253e-02,6.223018e-02,5.832072e-02,8.387644e-03
1.596091e-02,3.586860e-03,3.714290e-03,1.921395e-02,4.270672e-02,9.136581e-03,2.131259e-03,3.577310e-03,1.263448e-02,1.491273e-01,5.867577e-01,4.656505e-02,4.546642e-02,5.193412e-02,7.487040e-03
1.783202e-02,2.846155e-03,3.373223e-03,1.492544e-02,6.859571e-02,8.115051e-03,3.699226e-03,3.685980e-03,1.039998e-02,1.252660e-01,5.784708e-01,6.583972e-02,3.654473e-02,5.157305e-02,8.832947e-03
