1.000000e+00,0.000000e+00,0.000000e+00,0.000000e+00,0.000000e+00,0.000000e+00,0.000000e+00,0.000000e+00,0.000000e+00,0.000000e+00,0.000000e+00,0.000000e+00,0.000000e+00,0.000000e+00,0.000000e+00
1.000000e+00,0.000000e+00,0.000000e+00,0.000000e+00,0.000000e+00,0.000000e+00,0.000000e+00,0.000000e+00,0.000000e+00,0.000000e+00,0.000000e+00,0.000000e+00,0.000000e+00,0.000000e+00,0.000000e+00
1.000000e+00,0.000000e+00,0.000000e+00,0.000000e+00,0.000000e+00,0.000000e+00,0.000000e+00,0.000000e+00,0.000000e+00,0.000000e+00,0.000000e+00,0.000000e+00,0.000000e+00,0.000000e+00,0.000000e+00
1.000000e+00,0.000000e+00,0.000000e+00,0.000000e+00,0.000000e+00,0.000000e+00,0.000000e+00,0.000000e+00,0.000000e+00,0.000000e+00,0.000000e+00,0.000000e+00,0.000000e+00,0.000000e+00,0.000000e+00
1.000000e+00,0.000000e+00,0.000000e+00,0.000000e+00,0.000000e+00,0.000000e+00,0.000000e+00,0.000000e+00,0.000000e+00,0.000000e+00,0.000000e+00,0.000000e+00,0.000000e+00,0.000000e+00,0.000000e+00
1.000000e+00,0.000000e+00,0.000000e+00,0.000000e+00,0.000000e+00,0.000000e+00,0.000000e+00,0.000000e+00,0.000000e+00,0.000000e+00,0.000000e+00,0.000000e+00,0.000000e+00,0.000000e+00,0.000000e+00
1.000000e+00,0.000000e+00,0.000000e+00,0.000000e+00,0.000000e+00,0.000000e+00,0.000000e+00,0.000000e+00,0.000000e+00,0.000000e+00,0.000000e+00,0.000000e+00,0.000000e+00,0.000000e+00,0.000000e+00
1.000000e+00,0.000000e+00,0.000000e+00,0.000000e+00,0.000000e+00,0.000000e+00,0.000000e+00,0.000000e+00,0.000000e+00,0.000000e+00,0.000000e+00,0.000000e+00,0.000000e+00,0.000000e+00,0.000000e+00
1.000000e+00,0.000000e+00,0.000000e+00,0.000000e+00,0.000000e+00,0.000000e+00,0.000000e+00,0.000000e+00,0.000000e+00,0.000000e+00,0.000000e+00,0.000000e+00,0.000000e+00,0.000000e+00,0.000000e+00
1.000000e+00,0.000000e+00,0.000000e+00,0.000000e+00,0.000000e+00,0.000000e+00,0.000000e+00,0.000000e+00,0.000000e+00,0.000000e+00,0.000000e+00,0.000000e+00,0.000000e+00,0.000000e+00,0.000000e+00
1.000000e+00,0.000000e+00,0.000000e+00,0.000000e+00,0.000000e+00,0.000000e+00,0.000000e+00,0.000000e+00,0.000000e+00,0.000000e+00,0.000000e+00,0.000000e+00,0.000000e+00,0.000000e+00,0.000000e+00
1.000000e+00,0.000000e+00,0.000000e+00,0.000000e+00,0.000000e+00,0.000000e+00,0.000000e+00,0.000000e+00,0.000000e+00,0.000000e+00,0.000000e+00,0.000000e+00,0.000000e+00,0.000000e+00,0.000000e+00
1.000000e+00,0.000000e+00,0.000000e+00,0.000000e+00,0.000000e+00,0.000000e+00,0.000000e+00,0.000000e+00,0.000000e+00,0.000000e+00,0.000000e+00,0.000000e+00,0.000000e+00,0.000000e+00,0.000000e+00
1.000000e+00,0.000000e+00,0.000000e+00,0.000000e+00,0.000000e+00,0.000000e+00,0.000000e+00,0.000000e+00,0.000000e+00,0.000000e+00,0.000000e+00,0.000000e+00,0.000000e+00,0.000000e+00,0.000000e+00
1.000000e+00,0.000000e+00,0.000000e+00,0.000000e+00,0.000000e+00,0.000000e+00,0.000000e+00,0.000000e+00,0.000000e+00,0.000000e+00,0.000000e+00,0.000000e+00,0.000000e+00,0.000000e+00,0.000000e+00
1.000000e+00,0.000000e+00,0.000000e+00,0.000000e+00,0.000000e+00,0.000000e+00,0.000000e+00,0.000000e+00,0.000000e+00,0.000000e+00,0.000000e+00,0.000000e+00,0.000000e+00,0.000000e+00,0.000000e+00
1.000000e+00,0.000000e+00,0.000000e+00,0.000000e+00,0.000000e+00,0.000000e+00,0.000000e+00,0.000000e+00,0.000000e+00,0.000000e+00,0.000000e+00,0.000000e+00,0.000000e+00,0.000000e+00,0.000000e+00
1.000000e+00,0.000000e+00,0.000000e+00,0.000000e+00,0.000000e+00,0.000000e+00,0.000000e+00,0.000000e+00,0.000000e+00,0.000000e+00,0.000000e+00,0.000000e+00,0.000000e+00,0.000000e+00,0.000000e+00
1.000000e+00,0.000000e+00,0.000000e+00,0.000000e+00,0.000000e+00,0.000000e+00,0.000000e+00,0.000000e+00,0.000000e+00,0.000000e+00,0.000000e+00,0.000000e+00,0.000000e+00,0.000000e+00,0.000000e+00
1.000000e+00,0.000000e+00,0.000000e+00,0.000000e+00,0.000000e+00,0.000000e+00,0.000000e+00,0.000000e+00,0.000000e+00,0.000000e+00,0.000000e+00,0.000000e+00,0.000000e+00,0.000000e+00,0.000000e+00
1.000000e+00,0.000000e+00,0.000000e+00,0.000000e+00,0.000000e+00,0.000000e+00,0.000000e+00,0.000000e+00,0.000000e+00,0.000000e+00,0.000000e+00,0.000000e+00,0.000000e+00,0.000000e+00,0.000000e+00
1.000000e+00,0.000000e+00,0.000000e+00,0.000000e+00,0.000000e+00,0.000000e+00,0.000000e+00,0.000000e+00,0.000000e+00,0.000000e+00,0.000000e+00,0.000000e+00,0.000000e+00,0.000000e+00,0.000000e+00
1.000000e+00,0.000000e+00,0.000000e+00,0.000000e+00,0.000000e+00,0.000000e+00,0.000000e+00,0.000000e+00,0.000000e+00,0.000000e+00,0.000000e+00,0.000000e+00,0.000000e+00,0.000000e+00,0.000000e+00
1.000000e+00,0.000000e+00,0.000000e+00,0.000000e+00,0.000000e+00,0.000000e+00,0.000000e+00,0.000000e+00,0.000000e+00,0.000000e+00,0.000000e+00,0.000000e+00,0.000000e+00,0.000000e+00,0.000000e+00
1.000000e+00,0.000000e+00,0.000000e+00,0.000000e+00,0.000000e+00,0.000000e+00,0.000000e+00,0.000000e+00,0.000000e+00,0.000000e+00,0.000000e+00,0.000000e+00,0.000000e+00,0.000000e+00,0.000000e+00
1.000000e+00,0.000000e+00,0.000000e+00,0.000000e+00,0.000000e+00,0.000000e+00,0.000000e+00,0.000000e+00,0.000000e+00,0.000000e+00,0.000000e+00,0.000000e+00,0.000000e+00,0.000000e+00,0.000000e+00
1.000000e+00,0.000000e+00,0.000000e+00,0.000000e+00,0.000000e+00,0.000000e+00,0.000000e+00,0.000000e+00,0.000000e+00,0.000000e+00,0.000000e+00,0.000000e+00,0.000000e+00,0.000000e+00,0.000000e+00
1.000000e+00,0.000000e+00,0.000000e+00,0.000000e+00,0.000000e+00,0.000000e+00,0.000000e+00,0.000000e+00,0.000000e+00,0.000000e+00,0.000000e+00,0.000000e+00,0.000000e+00,0.000000e+00,0.000000e+00
1.000000e+00,0.000000e+00,0.000000e+00,0.000000e+00,0.000000e+00,0.000000e+00,0.000000e+00,0.000000e+00,0.000000e+00,0.000000e+00,0.000000e+00,0.000000e+00,0.000000e+00,0.000000e+00,0.000000e+00
1.000000e+00,0.000000e+00,0.000000e+00,0.000000e+00,0.000000e+00,0.000000e+00,0.000000e+00,0.000000e+00,0.000000e+00,0.000000e+00,0.000000e+00,0.000000e+00,0.000000e+00,0.000000e+00,0.000000e+00
1.000000e+00,0.000000e+00,0.000000e+00,0.000000e+00,0.000000e+00,0.000000e+00,0.000000e+00,0.000000e+00,0.000000e+00,0.000000e+00,0.000000e+00,0.000000e+00,0.000000e+00,0.000000e+00,0.000000e+00
1.000000e+00,0.000000e+00,0.000000e+00,0.000000e+00,0.000000e+00,0.000000e+00,0.000000e+00,0.000000e+00,0.000000e+00,0.000000e+00,0.000000e+00,0.000000e+00,0.000000e+00,0.000000e+00,0.000000e+00
1.000000e+00,0.000000e+00,0.000000e+00,0.000000e+00,0.000000e+00,0.000000e+00,0.000000e+00,0.000000e+00,0.000000e+00,0.000000e+00,0.000000e+00,0.000000e+00,0.000000e+00,0.000000e+00,0.000000e+00
1.000000e+00,0.000000e+00,0.000000e+00,0.000000e+00,0.000000e+00,0.000000e+00,0.000000e+00,0.000000e+00,0.000000e+00,0.000000e+00,0.000000e+00,0.000000e+00,0.000000e+00,0.000000e+00,0.000000e+00
1.000000e+00,0.000000e+00,0.000000e+00,0.000000e+00,0.000000e+00,0.000000e+00,0.000000e+00,0.000000e+00,0.000000e+00,0.000000e+00,0.000000e+00,0.000000e+00,0.000000e+00,0.000000e+00,0.000000e+00
1.000000e+00,0.000000e+00,0.000000e+00,0.000000e+00,0.000000e+00,0.000000e+00,0.000000e+00,0.000000e+00,0.000000e+00,0.000000e+00,0.000000e+00,0.000000e+00,0.000000e+00,0.000000e+00,0.000000e+00
1.000000e+00,0.000000e+00,0.000000e+00,0.000000e+00,0.000000e+00,0.000000e+00,0.000000e+00,0.000000e+00,0.000000e+00,0.000000e+00,0.000000e+00,0.000000e+00,0.000000e+00,0.000000e+00,0.000000e+00
4.106948e-01,7.586950e-02,4.011346e-02,2.949667e-01,1.766714e-02,1.213912e-02,3.446298e-03,1.999911e-02,1.251280e-02,2.273144e-03,2.706674e-02,4.187243e-02,1.018068e-02,5.386360e-03,2.581172e-02
4.493353e-01,7.937779e-02,3.535223e-02,2.572393e-01,1.899545e-02,1.507681e-02,4.152862e-03,1.718430e-02,1.511914e-02,2.208560e-03,2.473855e-02,3.693810e-02,1.223920e-02,5.321090e-03,2.672121e-02
4.693790e-01,8.019284e-02,3.048726e-02,2.213140e-01,2.570939e-02,1.753401e-02,5.638643e-03,1.527557e-02,1.849636e-02,2.508724e-03,2.446666e-02,3.697581e-02,1.509093e-02,6.182067e-03,3.074873e-02
4.067480e-01,8.460344e-02,4.494576e-02,2.367955e-01,2.789632e-02,2.035544e-02,6.459522e-03,2.387452e-02,1.970354e-02,3.225476e-03,2.675294e-02,3.730876e-02,1.650294e-02,7.119455e-03,3.770834e-02
4.555244e-01,8.245282e-02,3.574240e-02,1.983569e-01,2.699807e-02,2.059435e-02,6.853228e-03,2.093936e-02,2.044001e-02,3.373532e-03,2.450508e-02,3.736859e-02,1.958643e-02,8.073413e-03,3.919139e-02
4.221426e-01,8.183175e-02,4.205724e-02,2.213912e-01,3.006671e-02,2.078665e-02,7.672919e-03,2.898806e-02,2.029527e-02,2.940665e-03,2.440458e-02,3.515999e-02,1.907368e-02,7.487142e-03,3.570146e-02
3.622203e-01,6.924573e-02,6.450830e-02,2.784280e-01,2.749114e-02,2.022549e-02,6.867847e-03,4.089243e-02,1.744059e-02,2.502170e-03,2.200256e-02,3.342621e-02,1.752331e-02,5.937347e-03,3.128859e-02
3.019108e-01,6.125559e-02,1.290028e-01,2.778048e-01,2.311119e-02,1.913454e-02,6.157052e-03,4.602119e-02,1.514869e-02,2.834745e-03,2.120796e-02,3.616123e-02,1.736368e-02,5.633682e-03,3.725215e-02
3.842548e-01,5.676012e-02,1.097262e-01,2.249049e-01,2.197149e-02,1.872730e-02,6.059841e-03,3.975717e-02,1.366092e-02,3.083877e-03,1.959635e-02,3.582864e-02,2.089589e-02,6.024476e-03,3.874805e-02
4.849163e-01,5.018499e-02,8.233355e-02,1.763014e-01,1.961046e-02,1.860770e-02,5.592604e-03,3.137463e-02,1.181069e-02,2.932146e-03,1.621529e-02,3.267991e-02,2.398261e-02,5.468689e-03,3.798890e-02
4.640703e-01,5.397180e-02,8.721836e-02,2.128588e-01,1.752927e-02,1.614567e-02,5.008841e-03,2.879113e-02,1.026128e-02,2.460534e-03,1.495545e-02,2.809624e-02,2.077077e-02,4.416310e-03,3.344520e-02
1.000000e+00,0.000000e+00,0.000000e+00,0.000000e+00,0.000000e+00,0.000000e+00,0.000000e+00,0.000000e+00,0.000000e+00,0.000000e+00,0.000000e+00,0.000000e+00,0.000000e+00,0.000000e+00,0.000000e+00
1.000000e+00,0.000000e+00,0.000000e+00,0.000000e+00,0.000000e+00,0.000000e+00,0.000000e+00,0.000000e+00,0.000000e+00,0.000000e+00,0.000000e+00,0.000000e+00,0.000000e+00,0.000000e+00,0.000000e+00
1.000000e+00,0.000000e+00,0.000000e+00,0.000000e+00,0.000000e+00,0.000000e+00,0.000000e+00,0.000000e+00,0.000000e+00,0.000000e+00,0.000000e+00,0.000000e+00,0.000000e+00,0.000000e+00,0.000000e+00
1.000000e+00,0.000000e+00,0.000000e+00,0.000000e+00,0.000000e+00,0.000000e+00,0.000000e+00,0.000000e+00,0.000000e+00,0.000000e+00,0.000000e+00,0.000000e+00,0.000000e+00,0.000000e+00,0.000000e+00
1.000000e+00,0.000000e+00,0.000000e+00,0.000000e+00,0.000000e+00,0.000000e+00,0.000000e+00,0.000000e+00,0.000000e+00,0.000000e+00,0.000000e+00,0.000000e+00,0.000000e+00,0.000000e+00,0.000000e+00
1.000000e+00,0.000000e+00,0.000000e+00,0.000000e+00,0.000000e+00,0.000000e+00,0.000000e+00,0.000000e+00,0.000000e+00,0.000000e+00,0.000000e+00,0.000000e+00,0.000000e+00,0.000000e+00,0.000000e+00
1.000000e+00,0.000000e+00,0.000000e+00,0.000000e+00,0.000000e+00,0.000000e+00,0.000000e+00,0.000000e+00,0.000000e+00,0.000000e+00,0.000000e+00,0.000000e+00,0.000000e+00,0.000000e+00,0.000000e+00
1.000000e+00,0.000000e+00,0.000000e+00,0.000000e+00,0.000000e+00,0.000000e+00,0.000000e+00,0.000000e+00,0.000000e+00,0.000000e+00,0.000000e+00,0.000000e+00,0.000000e+00,0.000000e+00,0.000000e+00
1.000000e+00,0.000000e+00,0.000000e+00,0.000000e+00,0.000000e+00,0.000000e+00,0.000000e+00,0.000000e+00,0.000000e+00,0.000000e+00,0.000000e+00,0.000000e+00,0.000000e+00,0.000000e+00,0.000000e+00
1.000000e+00,0.000000e+00,0.000000e+00,0.000000e+00,0.000000e+00,0.000000e+00,0.000000e+00,0.000000e+00,0.000000e+00,0.000000e+00,0.000000e+00,0.000000e+00,0.000000e+00,0.000000e+00,0.000000e+00
1.000000e+00,0.000000e+00,0.000000e+00,0.000000e+00,0.000000e+00,0.000000e+00,0.000000e+00,0.000000e+00,0.000000e+00,0.000000e+00,0.000000e+00,0.000000e+00,0.000000e+00,0.000000e+00,0.000000e+00
1.000000e+00,0.000000e+00,0.000000e+00,0.000000e+00,0.000000e+00,0.000000e+00,0.000000e+00,0.000000e+00,0.000000e+00,0.000000e+00,0.000000e+00,0.000000e+00,0.000000e+00,0.000000e+00,0.000000e+00
3.738990e-01,1.252812e-02,7.843836e-03,6.046994e-02,9.112125e-02,2.010518e-01,6.422985e-02,9.176073e-03,4.503348e-03,3.224764e-03,2.918359e-02,2.533615e-02,9.427214e-02,1.813374e-03,2.134677e-02
2.628062e-01,1.001264e-02,5.627406e-03,6.772570e-02,7.615759e-02,1.775702e-01,5.870560e-02,6.622467e-03,3.612363e-03,3.677846e-03,9.003751e-02,2.657307e-02,1.634196e-01,1.743698e-03,4.570813e-02
1.850166e-01,7.121752e-03,4.226446e-03,5.223967e-02,5.527279e-02,1.255925e-01,4.162148e-02,5.844263e-03,3.268854e-03,6.721023e-03,9.499113e-02,2.384613e-02,3.264364e-01,3.716983e-03,6.408395e-02
1.318056e-01,5.455968e-03,3.224265e-03,4.129639e-02,4.268691e-02,9.379880e-02,3.009182e-02,4.564572e-03,3.834526e-03,6.538473e-03,7.993744e-02,2.410311e-02,4.441438e-01,3.819035e-03,8.469926e-02
9.908389e-02,4.363638e-03,4.394465e-03,3.273037e-02,3.969672e-02,7.217091e-02,2.175692e-02,3.517329e-03,4.595791e-03,7.182654e-03,7.056270e-02,2.645230e-02,3.993908e-01,4.375168e-03,2.097264e-01
7.100077e-02,3.138376e-03,4.412194e-03,2.443811e-02,9.231827e-02,5.490344e-02,1.592938e-02,4.286380e-03,4.791311e-03,1.037426e-02,6.453998e-02,3.397121e-02,3.479152e-01,3.939446e-03,2.640417e-01
5.559899e-02,2.317274e-03,3.881911e-03,1.815220e-02,1.514526e-01,5.540448e-02,1.168884e-02,7.225768e-03,7.717066e-03,1.546388e-02,5.476470e-02,6.785133e-02,3.103487e-01,3.435445e-03,2.346969e-01
4.056565e-02,1.998579e-03,7.146081e-03,1.577783e-02,1.844147e-01,5.385238e-02,9.537540e-03,9.083122e-03,1.124742e-02,1.863309e-02,4.207608e-02,1.125529e-01,2.976732e-01,2.784824e-03,1.926566e-01
3.001458e-02,1.719678e-03,1.239132e-02,1.595165e-02,1.789278e-01,5.902692e-02,7.360586e-03,7.233765e-03,1.163192e-02,1.671775e-02,3.355588e-02,1.841595e-01,2.810373e-01,2.139959e-03,1.581313e-01
2.195318e-02,1.464492e-03,1.497203e-02,1.532440e-02,1.517127e-01,4.670028e-02,5.457317e-03,5.989522e-03,1.017370e-02,1.258425e-02,2.758672e-02,2.797679e-01,2.853801e-01,2.193099e-03,1.187403e-01
1.826756e-02,1.467739e-03,1.256162e-02,1.110467e-02,1.106492e-01,3.657572e-02,3.871384e-03,4.314174e-03,1.039650e-02,9.507045e-03,2.168462e-02,3.876513e-01,2.859522e-01,1.826384e-03,8.416995e-02
1.604503e-02,1.385323e-03,1.235628e-02,9.105050e-03,7.998744e-02,2.818272e-02,2.795820e-03,3.238421e-03,9.286408e-03,6.844673e-03,1.733625e-02,5.353211e-01,2.176073e-01,1.379397e-03,5.912884e-02
1.326999e-02,1.896742e-03,9.361587e-03,6.663195e-03,5.642893e-02,2.656072e-02,2.517671e-03,2.636440e-03,1.180454e-02,5.484722e-03,1.373525e-02,6.444538e-01,1.624355e-01,1.035886e-03,4.171498e-02
1.092708e-02,2.038989e-03,6.792068e-03,4.839932e-03,4.041606e-02,2.008539e-02,2.366573e-03,2.484354e-03,2.112687e-02,4.666946e-03,1.143236e-02,7.215503e-01,1.206779e-01,8.769353e-04,2.971826e-02
1.156667e-02,2.137349e-03,5.994948e-03,4.075976e-03,3.484848e-02,1.664170e-02,8.274817e-03,1.471813e-02,3.452336e-02,6.244646e-03,1.340328e-02,7.254993e-01,9.852091e-02,1.466064e-03,2.208443e-02
1.558482e-02,2.511228e-03,4.537412e-03,3.300556e-03,3.358063e-02,1.497628e-02,6.296429e-03,1.173045e-02,3.080722e-02,5.431502e-03,1.124572e-02,7.410308e-01,9.986054e-02,2.676350e-03,1.643012e-02
1.735728e-02,2.228236e-03,3.313625e-03,2.549600e-03,4.893338e-02,1.286752e-02,7.192512e-03,1.108663e-02,2.753643e-02,4.698739e-03,9.477360e-03,7.323208e-01,1.054937e-01,2.564141e-03,1.238001e-02
2.868034e-02,3.108877e-03,3.369922e-03,2.211072e-03,5.128264e-02,1.331852e-02,1.054673e-02,2.239856e-02,2.154355e-02,4.843829e-03,8.761279e-03,6.971164e-01,1.205325e-01,2.227220e-03,1.005847e-02
4.334930e-02,3.253227e-03,3.132684e-03,1.956410e-03,4.351669e-02,1.211059e-02,1.692009e-02,1.863723e-02,1.762200e-02,4.431571e-03,6.919670e-03,7.099086e-01,1.087508e-01,2.091983e-03,7.399186e-03
3.607573e-02,2.331214e-03,2.455824e-03,1.438800e-03,3.586738e-02,1.049462e-02,1.910803e-01,4.876699e-02,1.251808e-02,3.777716e-03,5.174685e-03,5.578286e-01,8.506863e-02,1.806020e-03,5.315371e-03
4.001921e-02,2.316654e-03,2.683054e-03,1.678788e-03,4.487490e-02,9.650394e-03,1.433890e-01,4.312922e-02,1.033689e-02,2.889316e-03,4.941296e-03,5.826432e-01,1.043531e-01,3.222157e-03,3.872961e-03
3.966206e-02,1.957797e-03,2.923112e-03,1.407758e-03,4.566781e-02,1.243420e-02,1.483274e-01,3.858762e-02,8.238371e-03,2.437268e-03,4.316303e-03,5.724384e-01,1.143486e-01,4.244570e-03,3.008771e-03
4.321004e-02,1.329591e-02,1.814824e-02,1.379262e-03,6.297376e-02,1.186241e-02,1.197222e-01,3.394683e-02,1.638188e-02,2.085110e-03,4.126804e-03,5.267357e-01,1.379863e-01,4.325030e-03,3.820632e-03
4.160170e-02,1.396058e-02,2.253258e-02,1.555136e-03,6.436694e-02,1.551297e-02,1.131540e-01,3.272177e-02,1.976127e-02,1.821558e-03,3.717801e-03,5.027104e-01,1.591931e-01,3.361780e-03,4.028519e-03
3.388826e-02,1.354222e-02,1.943598e-02,1.273408e-03,5.937514e-02,1.439012e-02,1.065319e-01,2.938950e-02,2.405322e-02,1.409467e-03,3.074613e-03,4.476641e-01,2.384008e-01,2.586566e-03,4.984734e-03
2.718453e-02,3.460696e-02,2.182750e-02,1.398611e-03,4.754732e-02,4.813620e-02,8.950015e-02,2.410711e-02,1.150360e-01,1.409540e-03,2.770321e-03,3.659366e-01,2.139457e-01,2.177669e-03,4.415694e-03
2.192361e-02,3.643714e-02,2.691870e-02,1.563004e-03,4.235199e-02,8.627643e-02,9.619033e-02,2.507651e-02,1.966449e-01,1.437542e-03,2.587297e-03,2.877286e-01,1.681992e-01,1.666934e-03,4.997814e-03
1.855502e-02,3.154925e-02,3.263122e-02,2.912932e-03,3.746717e-02,1.185858e-01,9.475871e-02,3.766962e-02,2.586538e-01,1.273687e-03,2.010661e-03,2.057700e-01,1.528908e-01,1.208898e-03,4.062489e-03
1.656122e-02,3.105586e-02,2.435909e-02,2.998219e-03,3.351909e-02,1.455135e-01,7.700124e-02,3.269007e-02,3.413345e-01,1.083170e-03,1.525231e-03,1.498385e-01,1.384859e-01,8.569441e-04,3.177432e-03
2.157062e-02,2.843889e-02,3.701601e-02,2.425178e-02,3.305195e-02,1.392993e-01,6.706814e-02,7.195980e-02,3.462445e-01,2.810622e-03,1.342140e-03,1.068464e-01,1.101678e-01,6.891106e-04,9.242992e-03
3.724684e-02,4.198353e-02,2.768215e-02,2.250894e-02,3.466472e-02,1.426734e-01,5.113651e-02,7.386836e-02,3.536175e-01,2.980275e-03,1.187255e-03,7.560094e-02,1.183692e-01,6.372738e-04,1.584304e-02
3.641305e-02,5.898937e-02,3.764369e-02,1.308730e-01,2.708647e-02,1.213379e-01,3.676055e-02,7.731950e-02,2.790537e-01,9.621911e-03,1.674790e-03,5.361711e-02,8.850625e-02,6.423366e-04,4.046036e-02
3.016116e-02,9.412178e-02,3.132864e-02,9.667387e-02,2.025450e-02,9.471965e-02,2.587703e-02,5.600625e-02,2.457954e-01,1.728031e-02,1.750269e-03,3.788764e-02,6.462643e-02,1.016367e-03,1.825007e-01
2.885083e-02,9.214150e-02,2.651520e-02,7.176989e-02,1.937439e-02,7.712753e-02,1.867430e-02,4.352326e-02,2.157185e-01,3.394073e-02,2.139061e-03,2.696572e-02,4.877458e-02,1.434716e-03,2.930498e-01
4.102456e-02,1.769581e-01,3.368353e-02,7.035711e-02,1.545256e-02,5.983140e-02,1.353224e-02,3.728906e-02,1.911831e-01,3.696673e-02,1.964007e-03,1.908077e-02,4.101416e-02,1.221189e-03,2.604414e-01
5.655761e-02,2.544216e-01,2.919511e-02,6.301922e-02,1.551635e-02,5.873224e-02,1.025233e-02,3.298368e-02,1.943379e-01,3.472230e-02,1.952476e-03,1.365239e-02,3.544063e-02,1.203491e-03,1.980127e-01
9.280897e-02,2.157602e-01,2.274887e-02,5.314042e-02,2.329213e-02,1.115886e-01,8.287115e-03,3.069795e-02,1.987500e-01,2.868742e-02,2.077996e-03,9.998263e-03,4.209003e-02,1.174585e-03,1.588974e-01
8.095992e-02,1.837136e-01,2.040911e-02,1.021277e-01,2.411387e-02,8.490603e-02,6.677814e-03,6.286465e-02,1.722449e-01,3.139979e-02,3.502225e-03,7.662579e-03,3.334125e-02,1.166530e-03,1.849100e-01
9.324005e-02,1.403390e-01,1.846980e-02,1.256772e-01,2.031889e-02,7.798566e-02,5.134416e-03,6.379078e-02,1.507626e-01,5.759619e-02,6.980115e-03,6.721827e-03,2.981884e-02,1.347319e-03,2.018173e-01
1.112068e-01,1.228673e-01,1.687347e-02,1.131610e-01,3.255390e-02,1.160701e-01,4.627151e-03,7.731509e-02,1.385983e-01,4.526358e-02,7.457906e-03,6.795761e-03,2.644740e-02,1.746749e-03,1.790155e-01
9.455932e-02,1.109716e-01,1.839359e-02,2.029304e-01,2.663202e-02,8.283495e-02,3.453593e-03,6.017233e-02,1.163341e-01,4.423744e-02,1.076995e-02,7.921263e-03,2.161594e-02,2.270408e-03,1.969033e-01
7.263100e-02,8.886571e-02,3.035682e-02,3.643874e-01,2.025726e-02,5.898776e-02,2.498161e-03,4.419100e-02,8.714533e-02,3.631698e-02,1.645155e-02,6.743527e-03,1.605411e-02,1.877210e-03,1.532362e-01
5.444875e-02,7.269972e-02,2.649342e-02,2.677310e-01,1.485532e-02,4.237357e-02,1.837563e-03,3.182144e-02,9.239119e-02,5.038444e-02,1.554102e-02,5.274871e-03,1.333144e-02,3.345729e-03,3.074705e-01
7.451178e-02,6.855772e-02,2.157026e-02,2.025988e-01,1.211589e-02,3.090302e-02,1.489401e-03,2.380455e-02,9.925132e-02,5.767628e-02,2.458078e-02,5.127654e-03,1.673753e-02,8.746161e-03,3.523288e-01
1.474194e-01,5.245218e-02,8.961286e-02,1.796846e-01,1.265811e-02,2.383219e-02,1.598139e-03,2.314013e-02,7.513712e-02,4.300036e-02,3.228979e-02,1.533859e-02,3.280387e-02,8.589083e-03,2.624436e-01
1.591951e-01,4.147508e-02,9.225856e-02,1.485064e-01,9.901265e-03,1.821632e-02,1.239698e-03,1.710968e-02,1.026650e-01,5.099782e-02,3.338415e-02,1.261104e-02,2.547522e-02,3.362939e-02,2.533353e-01
1.132067e-01,3.250756e-02,1.896445e-01,1.322585e-01,7.384005e-03,1.297337e-02,8.913783e-04,1.236912e-02,1.106146e-01,8.432414e-02,2.491364e-02,9.141446e-03,1.820463e-02,2.570938e-02,2.258570e-01
9.051506e-02,2.708736e-02,1.481729e-01,9.408153e-02,6.216998e-03,9.518982e-03,7.054345e-04,8.836390e-03,1.054060e-01,8.196315e-02,1.948639e-02,7.430411e-03,1.340487e-02,1.702299e-01,2.169447e-01
6.811620e-02,1.961518e-02,1.070253e-01,6.621227e-02,4.517158e-03,7.092137e-03,5.074457e-04,6.266836e-03,8.746397e-02,1.585532e-01,1.512408e-02,8.432624e-03,1.272844e-02,1.381271e-01,3.002181e-01
5.514063e-02,1.905889e-02,8.450079e-02,5.776834e-02,3.661962e-03,5.423380e-03,4.766421e-04,5.274471e-03,1.327327e-01,1.506969e-01,2.520407e-02,1.100297e-02,9.575085e-02,9.732483e-02,2.559826e-01
3.879202e-02,1.425440e-02,7.481251e-02,4.313888e-02,2.962688e-03,4.644789e-03,3.992989e-04,3.765321e-03,1.238806e-01,2.496254e-01,2.795834e-02,1.107771e-02,9.829161e-02,6.953619e-02,2.368604e-01
2.717024e-02,1.018507e-02,5.640329e-02,3.037919e-02,2.146227e-03,3.335118e-03,2.905668e-04,2.637761e-03,8.921258e-02,4.392540e-01,2.079083e-02,1.292744e-02,8.911138e-02,4.872475e-02,1.674315e-01
1.904923e-02,7.198230e-03,4.005596e-02,2.128469e-02,1.565221e-03,2.411240e-03,2.165547e-04,1.848079e-03,6.275149e-02,4.197149e-01,1.546122e-02,4.123898e-02,2.106866e-01,3.427038e-02,1.222473e-01
1.342128e-02,5.123668e-03,2.830231e-02,1.492103e-02,1.169384e-03,1.794658e-03,1.645575e-04,1.295231e-03,4.421402e-02,3.659297e-01,1.183617e-02,1.426461e-01,2.547843e-01,2.427294e-02,9.012472e-02
9.455709e-03,3.602772e-03,2.079292e-02,1.060082e-02,2.607310e-03,1.632799e-03,1.208847e-02,5.595243e-03,3.127725e-02,2.648353e-01,9.847634e-03,1.040104e-01,4.384727e-01,1.736517e-02,6.781554e-02
1.091772e-02,2.679515e-03,1.526935e-02,7.695246e-03,5.342340e-03,2.945337e-03,9.127427e-03,4.073623e-03,2.377847e-02,2.119303e-01,8.699535e-03,2.046714e-01,4.217232e-01,1.345559e-02,5.769095e-02
7.849449e-03,1.900657e-03,1.074822e-02,5.402363e-03,7.176226e-03,2.432533e-03,6.495529e-03,2.874451e-03,1.681744e-02,1.513661e-01,7.142249e-03,3.536997e-01,3.744832e-01,9.782023e-03,4.182990e-02
5.620664e-03,1.391477e-03,7.606545e-03,3.797418e-03,8.527345e-03,2.096126e-03,4.630947e-03,2.033094e-03,1.210925e-02,1.063506e-01,6.156987e-03,3.454690e-01,4.550436e-01,7.328481e-03,3.183848e-02
4.153945e-03,1.024173e-03,5.474691e-03,2.704367e-03,7.924905e-03,1.886586e-03,3.453367e-03,1.459624e-03,8.871833e-03,7.553554e-02,1.344532e-02,4.320272e-01,4.103249e-01,5.521288e-03,2.619232e-02
3.699614e-03,9.303365e-04,4.477312e-03,2.185912e-03,9.878917e-03,2.196947e-03,2.822475e-03,1.152994e-03,6.986773e-03,5.422046e-02,3.107736e-02,4.306177e-01,4.246615e-01,5.157858e-03,1.993391e-02
3.381962e-03,8.934256e-04,3.747093e-03,1.607646e-03,1.138223e-02,2.894165e-03,2.550623e-03,1.090320e-03,7.119250e-03,3.844755e-02,2.762945e-02,5.073277e-01,3.732468e-01,4.462481e-03,1.421933e-02
3.012444e-03,8.638781e-04,3.285109e-03,1.209482e-03,2.062001e-02,1.448059e-02,3.087841e-03,1.368630e-03,1.229967e-02,2.722155e-02,2.214680e-02,5.776876e-01,2.991624e-01,3.418172e-03,1.013586e-02
2.973330e-03,1.603517e-03,4.445033e-03,8.858100e-04,2.672879e-02,1.599679e-02,3.795823e-03,2.260682e-03,1.794316e-02,1.956334e-02,1.613919e-02,6.599140e-01,2.178829e-01,2.513216e-03,7.354509e-03
5.790195e-03,2.304464e-03,1.983021e-02,9.526816e-04,4.680355e-02,1.379048e-02,9.311418e-03,4.529832e-02,2.123407e-02,1.408119e-02,1.253704e-02,6.366028e-01,1.640480e-01,2.049443e-03,5.366334e-03
1.811986e-02,5.428896e-03,5.693614e-02,1.375546e-02,5.953068e-02,3.643265e-02,9.058124e-03,7.886632e-02,3.199664e-02,1.250429e-02,1.039541e-02,5.107042e-01,1.458764e-01,2.638858e-03,7.756169e-03
2.542662e-02,6.785979e-03,4.809155e-02,1.131564e-02,6.224437e-02,2.975520e-02,1.767242e-02,1.220026e-01,3.774013e-02,9.083007e-03,9.380192e-03,4.190270e-01,1.928519e-01,2.611801e-03,6.011711e-03
3.069673e-02,1.118265e-02,4.645765e-02,1.594503e-02,8.388901e-02,2.991249e-02,5.763467e-02,1.646089e-01,3.491961e-02,6.884763e-03,8.824952e-03,3.056887e-01,1.960439e-01,2.202705e-03,5.108293e-03
5.716974e-02,1.398983e-02,3.779975e-02,4.002478e-02,8.333060e-02,2.864516e-02,4.384285e-02,1.684453e-01,2.983618e-02,6.368796e-03,1.160170e-02,2.399388e-01,2.278177e-01,2.201413e-03,8.987378e-03
8.798690e-02,1.448696e-02,3.160830e-02,3.709487e-02,1.219783e-01,2.514517e-02,3.262327e-02,1.394666e-01,2.689569e-02,5.433588e-03,1.437144e-02,1.929702e-01,2.526183e-01,3.256313e-03,1.406421e-02
2.104214e-01,1.374223e-02,3.128210e-02,4.446181e-02,1.157595e-01,2.638540e-02,2.539610e-02,1.041538e-01,2.207865e-02,6.338371e-03,1.820817e-02,1.609617e-01,1.989497e-01,5.028393e-03,1.683280e-02
2.188887e-01,2.229020e-02,4.308270e-02,4.143011e-02,1.174796e-01,2.456440e-02,1.890446e-02,8.912624e-02,2.954344e-02,8.787346e-03,1.776465e-02,1.351010e-01,2.036127e-01,7.654684e-03,2.176977e-02
2.308935e-01,4.808946e-02,6.762926e-02,4.274281e-02,1.208438e-01,2.299713e-02,1.497710e-02,7.675745e-02,4.201582e-02,1.334375e-02,1.755365e-02,1.073122e-01,1.607948e-01,8.779680e-03,2.526966e-02
2.201612e-01,4.440583e-02,6.320362e-02,1.511559e-01,1.064942e-01,2.008733e-02,1.153919e-02,6.024507e-02,6.531246e-02,1.633095e-02,1.708125e-02,7.949633e-02,1.142460e-01,6.739764e-03,2.350090e-02
2.650447e-01,4.266667e-02,5.525661e-02,1.283840e-01,1.417369e-01,2.016312e-02,9.392101e-03,5.120187e-02,7.634017e-02,1.431898e-02,1.772210e-02,6.026163e-02,8.792689e-02,7.625581e-03,2.195871e-02
2.984172e-01,6.060646e-02,4.185168e-02,1.009842e-01,1.242631e-01,2.773384e-02,7.275162e-03,4.308531e-02,1.153544e-01,1.207541e-02,1.744769e-02,4.716512e-02,7.214308e-02,7.845920e-03,2.375153e-02
2.676943e-01,1.292676e-01,4.245511e-02,7.737120e-02,1.211052e-01,2.889540e-02,5.677942e-03,3.721076e-02,1.346174e-01,1.122727e-02,1.541191e-02,3.599209e-02,5.596395e-02,7.576361e-03,2.953361e-02
2.336865e-01,1.511489e-01,7.305831e-02,7.242969e-02,1.057196e-01,2.608886e-02,4.554491e-03,7.097933e-02,1.297053e-01,1.107156e-02,1.515708e-02,2.750805e-02,4.434370e-02,7.520947e-03,2.702783e-02
2.061769e-01,2.124967e-01,8.405836e-02,6.486949e-02,8.362021e-02,2.170927e-02,3.832606e-03,7.387648e-02,1.289087e-01,1.399602e-02,1.313329e-02,2.131839e-02,3.404060e-02,6.852395e-03,3.111072e-02
1.533221e-01,1.639471e-01,1.858958e-01,9.694938e-02,6.212082e-02,1.623681e-02,2.833053e-03,5.869125e-02,1.427929e-01,2.175345e-02,1.077953e-02,1.551335e-02,2.499373e-02,5.092340e-03,3.907860e-02
1.407293e-01,1.205629e-01,2.706391e-01,7.205463e-02,5.580978e-02,1.362313e-02,2.240370e-03,4.167511e-02,1.073192e-01,8.445064e-02,9.479152e-03,1.262747e-02,1.921607e-02,4.902161e-03,4.467107e-02
1.410839e-01,9.581605e-02,2.309995e-01,7.302308e-02,8.063315e-02,1.438342e-02,3.709240e-03,4.160038e-02,1.038186e-01,8.838764e-02,2.181981e-02,1.311118e-02,2.241237e-02,1.119413e-02,5.800759e-02
1.182637e-01,7.702481e-02,1.897923e-01,1.185106e-01,6.948485e-02,1.217702e-02,3.620129e-03,4.353147e-02,1.600761e-01,7.300017e-02,2.480962e-02,1.251837e-02,2.199471e-02,1.062458e-02,6.457159e-02
1.436872e-01,6.086437e-02,1.538497e-01,1.354984e-01,5.835111e-02,1.232834e-02,3.087351e-03,3.306377e-02,1.934016e-01,6.091825e-02,3.569502e-02,1.356577e-02,2.526910e-02,1.169375e-02,5.872632e-02
2.134686e-01,4.813560e-02,1.243061e-01,1.045105e-01,6.015395e-02,1.312280e-02,2.911259e-03,2.849794e-02,1.436595e-01,5.488712e-02,7.901269e-02,1.819682e-02,3.587838e-02,1.752160e-02,5.573711e-02
1.953811e-01,4.017421e-02,1.074092e-01,1.271657e-01,5.139134e-02,1.064331e-02,2.507473e-03,2.208696e-02,1.183903e-01,4.647538e-02,1.527121e-01,1.714075e-02,4.053953e-02,2.371581e-02,4.426679e-02
1.870990e-01,3.210742e-02,9.299098e-02,1.858673e-01,3.815563e-02,1.584368e-02,1.928392e-03,1.640594e-02,1.306592e-01,3.603599e-02,1.415546e-01,1.437733e-02,4.176532e-02,2.095790e-02,4.425129e-02
1.958838e-01,2.586642e-02,7.855449e-02,1.947808e-01,3.095023e-02,1.741786e-02,1.730423e-03,1.202843e-02,1.055170e-01,3.160168e-02,1.912969e-01,2.134313e-02,3.703552e-02,2.071206e-02,3.528123e-02
1.556601e-01,2.031650e-02,6.021934e-02,1.621191e-01,2.982930e-02,1.561473e-02,2.247081e-03,9.374757e-03,9.066769e-02,1.017465e-01,1.986678e-01,2.637020e-02,4.642452e-02,3.740853e-02,4.333384e-02
1.170161e-01,1.564833e-02,4.775541e-02,1.645607e-01,3.505560e-02,2.347606e-02,2.764948e-03,7.799246e-03,8.115584e-02,1.348106e-01,1.828180e-01,3.085105e-02,6.173573e-02,3.563229e-02,5.892007e-02
9.888415e-02,1.339655e-02,4.714435e-02,1.434609e-01,3.495667e-02,5.554736e-02,3.123284e-03,6.424047e-03,6.626295e-02,1.153663e-01,1.588947e-01,4.675707e-02,1.218300e-01,2.826497e-02,5.968671e-02
7.131878e-02,1.326819e-02,4.409973e-02,1.151564e-01,4.594040e-02,4.853371e-02,6.856472e-03,1.570172e-02,7.394791e-02,1.554870e-01,1.432326e-01,5.402043e-02,1.220220e-01,2.332483e-02,6.708982e-02
5.345331e-02,1.123833e-02,3.706179e-02,8.722364e-02,7.104496e-02,3.728793e-02,7.417125e-03,1.758749e-02,7.774565e-02,2.470188e-01,1.283603e-01,4.375489e-02,1.113310e-01,1.849271e-02,5.098205e-02
3.943911e-02,2.733840e-02,4.505304e-02,1.006985e-01,7.191478e-02,2.853996e-02,9.944580e-03,5.999301e-02,1.651994e-01,1.821750e-01,9.371435e-02,3.712799e-02,8.546004e-02,1.344776e-02,3.995405e-02
2.986192e-02,3.202517e-02,3.690450e-02,7.748957e-02,7.128009e-02,2.246767e-02,8.184725e-03,7.009566e-02,3.006480e-01,1.451680e-01,6.861600e-02,3.096487e-02,6.571974e-02,9.881819e-03,3.069225e-02
2.399600e-02,2.319138e-02,2.783284e-02,5.887525e-02,5.709985e-02,1.805297e-02,7.294651e-03,2.645175e-01,2.650393e-01,1.027349e-01,4.991877e-02,2.240642e-02,4.827818e-02,6.985790e-03,2.377634e-02
2.662141e-02,1.941863e-02,2.886815e-02,8.294329e-02,5.415422e-02,4.791310e-02,8.074920e-03,3.033740e-01,2.291609e-01,7.504014e-02,4.077256e-02,1.957097e-02,4.028686e-02,4.969228e-03,1.883167e-02
2.920361e-02,1.854328e-02,2.369528e-02,6.435205e-02,4.609243e-02,5.569891e-02,6.748251e-03,3.885874e-01,2.070918e-01,5.466660e-02,3.273900e-02,1.625871e-02,3.597311e-02,3.630749e-03,1.671890e-02
3.103541e-02,1.889798e-02,2.377207e-02,5.181110e-02,3.491060e-02,4.184292e-02,6.237020e-03,4.872468e-01,1.728458e-01,4.049444e-02,2.566025e-02,1.434251e-02,3.127328e-02,2.684708e-03,1.694523e-02
2.528128e-02,1.501124e-02,1.957604e-02,3.802054e-02,2.661430e-02,2.992548e-02,5.200251e-03,6.077350e-01,1.326255e-01,2.875624e-02,1.950058e-02,1.117491e-02,2.519655e-02,1.938506e-03,1.344362e-02
1.995288e-02,1.422208e-02,1.694640e-02,2.776957e-02,2.189751e-02,2.193154e-02,5.680081e-03,6.913301e-01,1.051581e-01,2.036818e-02,1.475906e-02,8.081053e-03,2.033252e-02,1.436211e-03,1.013476e-02
1.817170e-02,2.296804e-02,1.444956e-02,2.046201e-02,1.994481e-02,1.769131e-02,6.981010e-03,7.040288e-01,1.020967e-01,1.453604e-02,1.094973e-02,6.205021e-03,3.233024e-02,1.108379e-03,8.076595e-03
1.615287e-02,2.072363e-02,1.125822e-02,1.524942e-02,1.767292e-02,1.448403e-02,5.927902e-03,7.498149e-01,8.946776e-02,1.042222e-02,7.965491e-03,4.640264e-03,2.916060e-02,8.478960e-04,6.211849e-03
1.645296e-02,1.632428e-02,9.043225e-03,1.141872e-02,1.490256e-02,1.191464e-02,5.033277e-03,7.987738e-01,6.940955e-02,7.725360e-03,5.895147e-03,3.637281e-03,2.366935e-02,7.588565e-04,5.041012e-03
1.757549e-02,1.404004e-02,7.797333e-03,8.745071e-03,1.380869e-02,9.868544e-03,4.430556e-03,8.307961e-01,5.448197e-02,5.707224e-03,4.441526e-03,3.010672e-03,2.072524e-02,7.024444e-04,3.869006e-03
2.223491e-02,1.143063e-02,7.175713e-03,6.970337e-03,1.253538e-02,7.998021e-03,4.336597e-03,8.540907e-01,4.179085e-02,4.966383e-03,3.295956e-03,2.707670e-03,1.622080e-02,1.046458e-03,3.199614e-03
4.386622e-02,1.047869e-02,8.190244e-03,6.329583e-03,1.246089e-02,7.360841e-03,5.594768e-03,8.346037e-01,3.820653e-02,6.751779e-03,2.888960e-03,3.425194e-03,1.480531e-02,1.638800e-03,3.398563e-03
6.994349e-02,9.241337e-03,9.615796e-03,6.333800e-03,1.293575e-02,6.905843e-03,6.403917e-03,8.111473e-01,3.556455e-02,6.764068e-03,2.708680e-03,4.393636e-03,1.294276e-02,1.714421e-03,3.384758e-03
9.353943e-02,7.728742e-03,8.531505e-03,5.477865e-03,1.085047e-02,9.126686e-03,6.015696e-03,8.008286e-01,2.920809e-02,5.476642e-03,2.328299e-03,5.077924e-03,1.086160e-02,1.388674e-03,3.559772e-03
1.379118e-01,8.034913e-03,1.008132e-02,6.997694e-03,1.047842e-02,9.282690e-03,5.238114e-03,7.547442e-01,2.640358e-02,4.927832e-03,2.431501e-03,5.914718e-03,1.101893e-02,1.222393e-03,5.311871e-03
1.433278e-01,1.170249e-02,9.990931e-03,6.296969e-02,1.116421e-02,3.170926e-02,5.645389e-03,5.730275e-01,2.530340e-02,1.003134e-02,9.222748e-03,1.174856e-02,7.593698e-02,1.169565e-03,1.705007e-02
1.090807e-01,1.144339e-02,9.645604e-03,8.254759e-02,8.652226e-03,2.618183e-02,4.835351e-03,4.362994e-01,2.724305e-02,1.472212e-02,2.574657e-02,4.240207e-02,1.759433e-01,1.315300e-03,2.394146e-02
7.813358e-02,1.191873e-02,7.864177e-03,9.830193e-02,6.374916e-03,2.397299e-02,3.969634e-03,3.204064e-01,2.813479e-02,1.338791e-02,2.363230e-02,3.770621e-02,3.215080e-01,1.076876e-03,2.361149e-02
5.772085e-02,1.543096e-02,6.878753e-03,1.154829e-01,5.418755e-03,1.877796e-02,3.792480e-03,2.282103e-01,1.392028e-01,1.755970e-02,2.585826e-02,3.548957e-02,3.019405e-01,1.649377e-03,2.658674e-02
4.227270e-02,1.613323e-02,5.474728e-03,1.043378e-01,4.129923e-03,1.942725e-02,3.209921e-03,1.607941e-01,1.289482e-01,1.399716e-02,2.232764e-02,3.203531e-02,4.218805e-01,1.299722e-03,2.373195e-02
3.057408e-02,1.265825e-02,4.191201e-03,7.894922e-02,3.321629e-03,1.844218e-02,2.811044e-03,1.130985e-01,1.178466e-01,1.086256e-02,1.830452e-02,3.119694e-02,5.340690e-01,1.591783e-03,2.208249e-02
2.224076e-02,1.017388e-02,3.284723e-03,5.624032e-02,2.742289e-03,1.589134e-02,2.138881e-03,7.933163e-02,1.227114e-01,8.452468e-03,1.538936e-02,4.674204e-02,5.909031e-01,3.165710e-03,2.059213e-02
1.586191e-02,7.745279e-03,2.743409e-03,4.010669e-02,2.382097e-03,1.221127e-02,1.616062e-03,5.630806e-02,1.207605e-01,6.468109e-03,1.337376e-02,4.429514e-02,6.551777e-01,3.225082e-03,1.772498e-02
1.193473e-02,8.165346e-03,5.147126e-03,3.043396e-02,3.100654e-03,1.020926e-02,1.322058e-03,4.489432e-02,1.949983e-01,7.731341e-03,1.262409e-02,4.224332e-02,6.082010e-01,2.813777e-03,1.618073e-02
9.109428e-03,1.479883e-02,5.744400e-03,2.421839e-02,3.041632e-03,1.085154e-02,1.090258e-03,3.590160e-02,3.571621e-01,7.907461e-03,1.083341e-02,3.631534e-02,4.662831e-01,2.091638e-03,1.465092e-02
7.753965e-03,2.250782e-02,6.350980e-03,2.004050e-02,2.696872e-03,1.360573e-02,9.728711e-04,2.960095e-02,4.862751e-01,8.117195e-03,8.476189e-03,3.190403e-02,3.435338e-01,1.537105e-03,1.662695e-02
7.606135e-03,2.030107e-02,5.115121e-03,1.540507e-02,3.596351e-03,2.029806e-02,1.194958e-03,2.240367e-02,6.067278e-01,6.244595e-03,6.355049e-03,2.324291e-02,2.451621e-01,1.134092e-03,1.521311e-02
7.981354e-03,1.963902e-02,4.046230e-03,1.289931e-02,6.099730e-03,2.182474e-02,1.282592e-03,1.709436e-02,6.938640e-01,4.723019e-03,4.666855e-03,1.692408e-02,1.739493e-01,8.349478e-04,1.417045e-02
1.165147e-02,2.059820e-02,3.574314e-03,1.324233e-02,3.447917e-02,2.742648e-02,2.447275e-03,1.239546e-02,7.200723e-01,3.740021e-03,3.546432e-03,1.219314e-02,1.230328e-01,6.355568e-04,1.096508e-02
1.475909e-02,2.401528e-02,2.869523e-03,1.253534e-02,4.874631e-02,3.382972e-02,2.544815e-03,9.502818e-03,7.361332e-01,3.179801e-03,2.670764e-03,8.699363e-03,8.994709e-02,5.084362e-04,1.005848e-02
2.139338e-02,2.363558e-02,5.501164e-03,2.247851e-02,1.126131e-01,3.643500e-02,2.405120e-02,1.899850e-02,6.478508e-01,3.264661e-03,2.033747e-03,6.226245e-03,6.489482e-02,3.954293e-04,1.022782e-02
3.602612e-02,2.340348e-02,4.585271e-03,1.974483e-02,1.768732e-01,4.826052e-02,3.822384e-02,1.747103e-02,5.673206e-01,2.677455e-03,1.555432e-03,4.511603e-03,4.761901e-02,3.289739e-04,1.139862e-02
4.633760e-02,2.756853e-02,6.180971e-03,2.871175e-02,2.146391e-01,5.705402e-02,5.282326e-02,2.737971e-02,4.801762e-01,3.070935e-03,1.269164e-03,3.371035e-03,3.626960e-02,2.830357e-04,1.486505e-02
7.661940e-02,3.512453e-02,6.351287e-03,2.780875e-02,2.165681e-01,6.481197e-02,4.418899e-02,2.720390e-02,4.370415e-01,5.675369e-03,1.207749e-03,2.894450e-03,2.837987e-02,3.260431e-04,2.579810e-02
8.214352e-02,3.590343e-02,5.086125e-03,2.158943e-02,1.964325e-01,1.300980e-01,3.571777e-02,2.629162e-02,4.156601e-01,4.783422e-03,1.108926e-03,2.417230e-03,2.102880e-02,5.738814e-04,2.116523e-02
7.910997e-02,3.141228e-02,5.095088e-03,2.299314e-02,2.146667e-01,1.454595e-01,6.276890e-02,2.988006e-02,3.599137e-01,8.752165e-03,1.139537e-03,2.291257e-03,1.761987e-02,6.342030e-04,1.826358e-02
7.324194e-02,2.278868e-02,4.927927e-03,1.925844e-02,2.162252e-01,1.650791e-01,1.049178e-01,9.186119e-02,2.614795e-01,8.521616e-03,2.050182e-03,1.900571e-03,1.370969e-02,5.657249e-04,1.347235e-02
6.594914e-02,1.656562e-02,4.885321e-03,1.852342e-02,2.185950e-01,1.584391e-01,1.707812e-01,9.604733e-02,1.980347e-01,1.232823e-02,6.641746e-03,2.525424e-03,1.840493e-02,5.223538e-04,1.175646e-02
4.701584e-02,1.169686e-02,3.777120e-03,1.378365e-02,1.700403e-01,1.152751e-01,3.544467e-01,7.900536e-02,1.393795e-01,1.653273e-02,1.573943e-02,4.406576e-03,1.679019e-02,5.177941e-04,1.159294e-02
4.633113e-02,9.039933e-03,3.718108e-03,1.514470e-02,1.577091e-01,9.160922e-02,3.965431e-01,6.409786e-02,1.018128e-01,2.047060e-02,4.171576e-02,2.129994e-02,1.895866e-02,1.204269e-03,1.034483e-02
3.581782e-02,8.677791e-03,3.468734e-03,1.428738e-02,1.240867e-01,6.937044e-02,3.687132e-01,4.588376e-02,7.421201e-02,2.334994e-02,7.526915e-02,9.069177e-02,5.269680e-02,1.863033e-03,1.161159e-02
2.953813e-02,6.505000e-03,2.841715e-03,1.048134e-02,8.875152e-02,5.068656e-02,3.042373e-01,3.304886e-02,5.867160e-02,1.973286e-02,1.263303e-01,1.696566e-01,8.487798e-02,5.778532e-03,8.861789e-03
2.188713e-02,9.286474e-03,8.274556e-03,7.926766e-03,6.473219e-02,3.596665e-02,2.178640e-01,2.386457e-02,6.770403e-02,1.854643e-02,1.482632e-01,2.209589e-01,1.364194e-01,1.056593e-02,7.739846e-03
1.933627e-02,3.098909e-02,8.381160e-02,7.218175e-03,5.185098e-02,2.602760e-02,1.539900e-01,1.756711e-02,1.411131e-01,1.751640e-02,1.476578e-01,1.741362e-01,1.125564e-01,9.491974e-03,6.737401e-03
2.766711e-02,2.578620e-02,2.216007e-01,7.488054e-03,4.826395e-02,2.075685e-02,1.102930e-01,3.251290e-02,1.213979e-01,1.655701e-02,1.209344e-01,1.356243e-01,9.825043e-02,7.428566e-03,5.438690e-03
9.199627e-02,2.302209e-02,2.688724e-01,1.380237e-02,5.967129e-02,2.562233e-02,7.766148e-02,2.377627e-02,1.054701e-01,1.974340e-02,1.000896e-01,9.959809e-02,7.222916e-02,7.398203e-03,1.104694e-02
1.312325e-01,3.964853e-02,2.723468e-01,3.507889e-02,4.547928e-02,2.345927e-02,5.513538e-02,2.019557e-02,1.102920e-01,2.944393e-02,8.497328e-02,7.604666e-02,5.472663e-02,6.444607e-03,1.549674e-02
1.902623e-01,5.410562e-02,2.524772e-01,3.569538e-02,4.137856e-02,1.941502e-02,4.036782e-02,1.596254e-02,1.194815e-01,2.420812e-02,7.404809e-02,6.430005e-02,4.620345e-02,6.138984e-03,1.595536e-02
1.950086e-01,4.357335e-02,1.883429e-01,1.763357e-01,4.547860e-02,1.793436e-02,2.864216e-02,1.390343e-02,1.121421e-01,1.905021e-02,5.623788e-02,4.933863e-02,3.425329e-02,4.775638e-03,1.498308e-02
2.255329e-01,4.110363e-02,1.535893e-01,1.949237e-01,5.692318e-02,1.995962e-02,2.063534e-02,1.275478e-02,1.139477e-01,1.467268e-02,4.854944e-02,4.588996e-02,2.725272e-02,4.069224e-03,2.019584e-02
