1.000000e+00,0.000000e+00,0.000000e+00,0.000000e+00,0.000000e+00,0.000000e+00,0.000000e+00,0.000000e+00,0.000000e+00,0.000000e+00,0.000000e+00,0.000000e+00,0.000000e+00,0.000000e+00,0.000000e+00
1.000000e+00,0.000000e+00,0.000000e+00,0.000000e+00,0.000000e+00,0.000000e+00,0.000000e+00,0.000000e+00,0.000000e+00,0.000000e+00,0.000000e+00,0.000000e+00,0.000000e+00,0.000000e+00,0.000000e+00
1.000000e+00,0.000000e+00,0.000000e+00,0.000000e+00,0.000000e+00,0.000000e+00,0.000000e+00,0.000000e+00,0.000000e+00,0.000000e+00,0.000000e+00,0.000000e+00,0.000000e+00,0.000000e+00,0.000000e+00
1.000000e+00,0.000000e+00,0.000000e+00,0.000000e+00,0.000000e+00,0.000000e+00,0.000000e+00,0.000000e+00,0.000000e+00,0.000000e+00,0.000000e+00,0.000000e+00,0.000000e+00,0.000000e+00,0.000000e+00
1.000000e+00,0.000000e+00,0.000000e+00,0.000000e+00,0.000000e+00,0.000000e+00,0.000000e+00,0.000000e+00,0.000000e+00,0.000000e+00,0.000000e+00,0.000000e+00,0.000000e+00,0.000000e+00,0.000000e+00
1.000000e+00,0.000000e+00,0.000000e+00,0.000000e+00,0.000000e+00,0.000000e+00,0.000000e+00,0.000000e+00,0.000000e+00,0.000000e+00,0.000000e+00,0.000000e+00,0.000000e+00,0.000000e+00,0.000000e+00
1.000000e+00,0.000000e+00,0.000000e+00,0.000000e+00,0.000000e+00,0.000000e+00,0.000000e+00,0.000000e+00,0.000000e+00,0.000000e+00,0.000000e+00,0.000000e+00,0.000000e+00,0.000000e+00,0.000000e+00
1.000000e+00,0.000000e+00,0.000000e+00,0.000000e+00,0.000000e+00,0.000000e+00,0.000000e+00,0.000000e+00,0.000000e+00,0.000000e+00,0.000000e+00,0.000000e+00,0.000000e+00,0.000000e+00,0.000000e+00
1.000000e+00,0.000000e+00,0.000000e+00,0.000000e+00,0.000000e+00,0.000000e+00,0.000000e+00,0.000000e+00,0.000000e+00,0.000000e+00,0.000000e+00,0.000000e+00,0.000000e+00,0.000000e+00,0.000000e+00
1.000000e+00,0.000000e+00,0.000000e+00,0.000000e+00,0.000000e+00,0.000000e+00,0.000000e+00,0.000000e+00,0.000000e+00,0.000000e+00,0.000000e+00,0.000000e+00,0.000000e+00,0.000000e+00,0.000000e+00
1.000000e+00,0.000000e+00,0.000000e+00,0.000000e+00,0.000000e+00,0.000000e+00,0.000000e+00,0.000000e+00,0.000000e+00,0.000000e+00,0.000000e+00,0.000000e+00,0.000000e+00,0.000000e+00,0.000000e+00
1.000000e+00,0.000000e+00,0.000000e+00,0.000000e+00,0.000000e+00,0.000000e+00,0.000000e+00,0.000000e+00,0.000000e+00,0.000000e+00,0.000000e+00,0.000000e+00,0.000000e+00,0.000000e+00,0.000000e+00
1.000000e+00,0.000000e+00,0.000000e+00,0.000000e+00,0.000000e+00,0.000000e+00,0.000000e+00,0.000000e+00,0.000000e+00,0.000000e+00,0.000000e+00,0.000000e+00,0.000000e+00,0.000000e+00,0.000000e+00
1.000000e+00,0.000000e+00,0.000000e+00,0.000000e+00,0.000000e+00,0.000000e+00,0.000000e+00,0.000000e+00,0.000000e+00,0.000000e+00,0.000000e+00,0.000000e+00,0.000000e+00,0.000000e+00,0.000000e+00
1.000000e+00,0.000000e+00,0.000000e+00,0.000000e+00,0.000000e+00,0.000000e+00,0.000000e+00,0.000000e+00,0.000000e+00,0.000000e+00,0.000000e+00,0.000000e+00,0.000000e+00,0.000000e+00,0.000000e+00
1.000000e+00,0.000000e+00,0.000000e+00,0.000000e+00,0.000000e+00,0.000000e+00,0.000000e+00,0.000000e+00,0.000000e+00,0.000000e+00,0.000000e+00,0.000000e+00,0.000000e+00,0.000000e+00,0.000000e+00
1.000000e+00,0.000000e+00,0.000000e+00,0.000000e+00,0.000000e+00,0.000000e+00,0.000000e+00,0.000000e+00,0.000000e+00,0.000000e+00,0.000000e+00,0.000000e+00,0.000000e+00,0.000000e+00,0.000000e+00
1.000000e+00,0.000000e+00,0.000000e+00,0.000000e+00,0.000000e+00,0.000000e+00,0.000000e+00,0.000000e+00,0.000000e+00,0.000000e+00,0.000000e+00,0.000000e+00,0.000000e+00,0.000000e+00,0.000000e+00
1.000000e+00,0.000000e+00,0.000000e+00,0.000000e+00,0.000000e+00,0.000000e+00,0.000000e+00,0.000000e+00,0.000000e+00,0.000000e+00,0.000000e+00,0.000000e+00,0.000000e+00,0.000000e+00,0.000000e+00
1.000000e+00,0.000000e+00,0.000000e+00,0.000000e+00,0.000000e+00,0.000000e+00,0.000000e+00,0.000000e+00,0.000000e+00,0.000000e+00,0.000000e+00,0.000000e+00,0.000000e+00,0.000000e+00,0.000000e+00
1.000000e+00,0.000000e+00,0.000000e+00,0.000000e+00,0.000000e+00,0.000000e+00,0.000000e+00,0.000000e+00,0.000000e+00,0.000000e+00,0.000000e+00,0.000000e+00,0.000000e+00,0.000000e+00,0.000000e+00
1.000000e+00,0.000000e+00,0.000000e+00,0.000000e+00,0.000000e+00,0.000000e+00,0.000000e+00,0.000000e+00,0.000000e+00,0.000000e+00,0.000000e+00,0.000000e+00,0.000000e+00,0.000000e+00,0.000000e+00
1.000000e+00,0.000000e+00,0.000000e+00,0.000000e+00,0.000000e+00,0.000000e+00,0.000000e+00,0.000000e+00,0.000000e+00,0.000000e+00,0.000000e+00,0.000000e+00,0.000000e+00,0.000000e+00,0.000000e+00
1.000000e+00,0.000000e+00,0.000000e+00,0.000000e+00,0.000000e+00,0.000000e+00,0.000000e+00,0.000000e+00,0.000000e+00,0.000000e+00,0.000000e+00,0.000000e+00,0.000000e+00,0.000000e+00,0.000000e+00
1.000000e+00,0.000000e+00,0.000000e+00,0.000000e+00,0.000000e+00,0.000000e+00,0.000000e+00,0.000000e+00,0.000000e+00,0.000000e+00,0.000000e+00,0.000000e+00,0.000000e+00,0.000000e+00,0.000000e+00
1.000000e+00,0.000000e+00,0.000000e+00,0.000000e+00,0.000000e+00,0.000000e+00,0.000000e+00,0.000000e+00,0.000000e+00,0.000000e+00,0.000000e+00,0.000000e+00,0.000000e+00,0.000000e+00,0.000000e+00
1.000000e+00,0.000000e+00,0.000000e+00,0.000000e+00,0.000000e+00,0.000000e+00,0.000000e+00,0.000000e+00,0.000000e+00,0.000000e+00,0.000000e+00,0.000000e+00,0.000000e+00,0.000000e+00,0.000000e+00
1.000000e+00,0.000000e+00,0.000000e+00,0.000000e+00,0.000000e+00,0.000000e+00,0.000000e+00,0.000000e+00,0.000000e+00,0.000000e+00,0.000000e+00,0.000000e+00,0.000000e+00,0.000000e+00,0.000000e+00
1.000000e+00,0.000000e+00,0.000000e+00,0.000000e+00,0.000000e+00,0.000000e+00,0.000000e+00,0.000000e+00,0.000000e+00,0.000000e+00,0.000000e+00,0.000000e+00,0.000000e+00,0.000000e+00,0.000000e+00
1.000000e+00,0.000000e+00,0.000000e+00,0.000000e+00,0.000000e+00,0.000000e+00,0.000000e+00,0.000000e+00,0.000000e+00,0.000000e+00,0.000000e+00,0.000000e+00,0.000000e+00,0.000000e+00,0.000000e+00
1.000000e+00,0.000000e+00,0.000000e+00,0.000000e+00,0.000000e+00,0.000000e+00,0.000000e+00,0.000000e+00,0.000000e+00,0.000000e+00,0.000000e+00,0.000000e+00,0.000000e+00,0.000000e+00,0.000000e+00
1.000000e+00,0.000000e+00,0.000000e+00,0.000000e+00,0.000000e+00,0.000000e+00,0.000000e+00,0.000000e+00,0.000000e+00,0.000000e+00,0.000000e+00,0.000000e+00,0.000000e+00,0.000000e+00,0.000000e+00
1.000000e+00,0.000000e+00,0.000000e+00,0.000000e+00,0.000000e+00,0.000000e+00,0.000000e+00,0.000000e+00,0.000000e+00,0.000000e+00,0.000000e+00,0.000000e+00,0.000000e+00,0.000000e+00,0.000000e+00
1.000000e+00,0.000000e+00,0.000000e+00,0.000000e+00,0.000000e+00,0.000000e+00,0.000000e+00,0.000000e+00,0.000000e+00,0.000000e+00,0.000000e+00,0.000000e+00,0.000000e+00,0.000000e+00,0.000000e+00
1.000000e+00,0.000000e+00,0.000000e+00,0.000000e+00,0.000000e+00,0.000000e+00,0.000000e+00,0.000000e+00,0.000000e+00,0.000000e+00,0.000000e+00,0.000000e+00,0.000000e+00,0.000000e+00,0.000000e+00
1.000000e+00,0.000000e+00,0.000000e+00,0.000000e+00,0.000000e+00,0.000000e+00,0.000000e+00,0.000000e+00,0.000000e+00,0.000000e+00,0.000000e+00,0.000000e+00,0.000000e+00,0.000000e+00,0.000000e+00
1.000000e+00,0.000000e+00,0.000000e+00,0.000000e+00,0.000000e+00,0.000000e+00,0.000000e+00,0.000000e+00,0.000000e+00,0.000000e+00,0.000000e+00,0.000000e+00,0.000000e+00,0.000000e+00,0.000000e+00
1.000000e+00,0.000000e+00,0.000000e+00,0.000000e+00,0.000000e+00,0.000000e+00,0.000000e+00,0.000000e+00,0.000000e+00,0.000000e+00,0.000000e+00,0.000000e+00,0.000000e+00,0.000000e+00,0.000000e+00
1.000000e+00,0.000000e+00,0.000000e+00,0.000000e+00,0.000000e+00,0.000000e+00,0.000000e+00,0.000000e+00,0.000000e+00,0.000000e+00,0.000000e+00,0.000000e+00,0.000000e+00,0.000000e+00,0.000000e+00
1.000000e+00,0.000000e+00,0.000000e+00,0.000000e+00,0.000000e+00,0.000000e+00,0.000000e+00,0.000000e+00,0.000000e+00,0.000000e+00,0.000000e+00,0.000000e+00,0.000000e+00,0.000000e+00,0.000000e+00
1.000000e+00,0.000000e+00,0.000000e+00,0.000000e+00,0.000000e+00,0.000000e+00,0.000000e+00,0.000000e+00,0.000000e+00,0.000000e+00,0.000000e+00,0.000000e+00,0.000000e+00,0.000000e+00,0.000000e+00
1.000000e+00,0.000000e+00,0.000000e+00,0.000000e+00,0.000000e+00,0.000000e+00,0.000000e+00,0.000000e+00,0.000000e+00,0.000000e+00,0.000000e+00,0.000000e+00,0.000000e+00,0.000000e+00,0.000000e+00
1.000000e+00,0.000000e+00,0.000000e+00,0.000000e+00,0.000000e+00,0.000000e+00,0.000000e+00,0.000000e+00,0.000000e+00,0.000000e+00,0.000000e+00,0.000000e+00,0.000000e+00,0.000000e+00,0.000000e+00
1.000000e+00,0.000000e+00,0.000000e+00,0.000000e+00,0.000000e+00,0.000000e+00,0.000000e+00,0.000000e+00,0.000000e+00,0.000000e+00,0.000000e+00,0.000000e+00,0.000000e+00,0.000000e+00,0.000000e+00
1.000000e+00,0.000000e+00,0.000000e+00,0.000000e+00,0.000000e+00,0.000000e+00,0.000000e+00,0.000000e+00,0.000000e+00,0.000000e+00,0.000000e+00,0.000000e+00,0.000000e+00,0.000000e+00,0.000000e+00
1.000000e+00,0.000000e+00,0.000000e+00,0.000000e+00,0.000000e+00,0.000000e+00,0.000000e+00,0.000000e+00,0.000000e+00,0.000000e+00,0.000000e+00,0.000000e+00,0.000000e+00,0.000000e+00,0.000000e+00
1.000000e+00,0.000000e+00,0.000000e+00,0.000000e+00,0.000000e+00,0.000000e+00,0.000000e+00,0.000000e+00,0.000000e+00,0.000000e+00,0.000000e+00,0.000000e+00,0.000000e+00,0.000000e+00,0.000000e+00
1.000000e+00,0.000000e+00,0.000000e+00,0.000000e+00,0.000000e+00,0.000000e+00,0.000000e+00,0.000000e+00,0.000000e+00,0.000000e+00,0.000000e+00,0.000000e+00,0.000000e+00,0.000000e+00,0.000000e+00
1.000000e+00,0.000000e+00,0.000000e+00,0.000000e+00,0.000000e+00,0.000000e+00,0.000000e+00,0.000000e+00,0.000000e+00,0.000000e+00,0.000000e+00,0.000000e+00,0.000000e+00,0.000000e+00,0.000000e+00
1.000000e+00,0.000000e+00,0.000000e+00,0.000000e+00,0.000000e+00,0.000000e+00,0.000000e+00,0.000000e+00,0.000000e+00,0.000000e+00,0.000000e+00,0.000000e+00,0.000000e+00,0.000000e+00,0.000000e+00
1.000000e+00,0.000000e+00,0.000000e+00,0.000000e+00,0.000000e+00,0.000000e+00,0.000000e+00,0.000000e+00,0.000000e+00,0.000000e+00,0.000000e+00,0.000000e+00,0.000000e+00,0.000000e+00,0.000000e+00
1.000000e+00,0.000000e+00,0.000000e+00,0.000000e+00,0.000000e+00,0.000000e+00,0.000000e+00,0.000000e+00,0.000000e+00,0.000000e+00,0.000000e+00,0.000000e+00,0.000000e+00,0.000000e+00,0.000000e+00
4.946411e-01,1.088332e-02,2.184728e-01,7.166933e-02,5.402757e-03,7.627059e-03,2.328970e-03,1.506203e-01,4.035328e-03,1.218166e-03,6.500141e-03,8.391417e-03,7.691226e-03,1.584094e-03,8.934034e-03
3.753955e-01,7.901892e-03,1.706279e-01,5.887508e-02,4.814171e-03,6.266418e-03,2.587180e-03,3.425826e-01,3.376504e-03,9.286631e-04,5.767187e-03,6.412233e-03,6.028818e-03,1.415521e-03,7.020292e-03
2.710594e-01,5.690390e-03,1.326704e-01,4.734704e-02,4.058266e-03,5.611931e-03,4.450531e-03,5.055355e-01,2.609048e-03,6.810981e-04,4.323364e-03,4.680981e-03,4.839866e-03,1.222854e-03,5.219243e-03
1.983748e-01,4.371470e-03,1.008388e-01,3.622447e-02,3.589858e-03,6.658422e-03,9.788851e-03,6.217808e-01,1.955306e-03,5.184677e-04,3.190157e-03,3.426782e-03,4.235878e-03,1.124691e-03,3.921289e-03
1.593818e-01,3.493916e-03,7.713661e-02,2.901987e-02,3.909261e-03,7.618682e-03,1.549500e-02,6.886889e-01,1.480993e-03,4.374577e-04,2.421273e-03,2.750543e-03,4.178987e-03,9.206616e-04,3.066079e-03
1.155200e-01,2.703000e-03,8.941054e-02,2.334265e-02,4.533799e-03,6.092749e-03,3.040865e-02,7.164422e-01,1.086062e-03,4.302115e-04,1.770010e-03,2.000655e-03,3.249560e-03,6.946486e-04,2.315301e-03
1.022446e-01,2.138035e-03,7.762387e-02,1.850469e-02,6.993064e-03,6.170750e-03,3.347817e-02,7.430669e-01,8.587364e-04,6.280962e-04,1.417162e-03,1.571705e-03,2.752369e-03,5.768902e-04,1.974941e-03
1.967976e-01,3.688831e-03,6.261633e-02,1.452766e-02,1.290743e-02,1.179445e-02,4.058766e-02,6.388320e-01,1.016071e-03,1.730567e-03,1.829418e-03,3.702392e-03,4.431043e-03,8.996876e-04,4.638912e-03
3.045425e-01,4.167565e-03,4.851433e-02,1.187241e-02,1.849295e-02,1.472189e-02,4.372066e-02,5.244690e-01,1.668152e-03,3.201001e-03,3.050766e-03,7.381098e-03,6.394108e-03,1.202575e-03,6.601019e-03
3.969670e-01,4.563817e-03,3.703770e-02,1.063860e-02,2.200291e-02,2.001780e-02,4.493698e-02,4.226584e-01,2.281202e-03,4.006878e-03,4.655780e-03,1.180042e-02,8.933909e-03,1.399857e-03,8.098788e-03
4.719554e-01,4.399805e-03,2.811182e-02,1.056033e-02,2.274481e-02,2.265124e-02,3.853744e-02,3.558181e-01,2.487512e-03,3.983278e-03,4.901331e-03,1.422837e-02,9.264978e-03,1.486437e-03,8.869191e-03
4.799925e-01,5.299004e-03,2.373477e-02,1.171155e-02,2.352423e-02,4.110393e-02,4.150956e-02,3.149223e-01,5.151911e-03,4.396062e-03,5.368345e-03,1.504838e-02,1.472090e-02,1.868465e-03,1.164810e-02
4.295035e-01,1.426727e-02,1.951820e-02,1.685212e-02,1.887143e-02,4.390312e-02,3.315939e-02,2.577519e-01,1.502256e-02,3.060160e-02,8.931911e-03,2.202102e-02,4.905979e-02,3.289717e-03,3.724649e-02
3.030317e-01,1.608359e-02,1.404878e-02,1.698367e-02,1.366087e-02,3.801249e-02,2.488990e-02,1.832726e-01,2.141665e-02,2.487712e-02,8.324577e-03,1.642295e-02,2.772109e-01,2.406497e-03,3.935768e-02
2.135210e-01,4.617612e-02,1.001590e-02,1.489541e-02,9.886616e-03,2.693523e-02,1.767590e-02,1.284572e-01,2.464143e-01,2.091785e-02,6.275087e-03,1.204028e-02,2.045219e-01,1.962830e-03,4.030439e-02
1.498820e-01,6.462698e-02,7.168889e-03,1.662426e-02,7.074732e-03,1.896432e-02,1.241746e-02,8.997482e-02,4.170813e-01,1.546634e-02,4.903909e-03,8.831925e-03,1.452557e-01,1.938833e-03,3.978862e-02
1.076484e-01,7.565170e-02,5.242424e-03,2.157321e-02,5.639759e-03,1.457779e-02,8.805927e-03,6.321797e-02,4.611188e-01,1.138247e-02,1.889358e-02,1.116274e-02,1.512758e-01,4.778403e-03,3.903105e-02
8.519308e-02,5.993697e-02,3.827098e-03,1.825520e-02,4.393301e-03,1.224264e-02,6.419779e-03,4.484581e-02,4.897615e-01,8.580895e-03,1.749457e-02,1.797399e-02,1.655299e-01,5.408763e-03,6.013659e-02
6.043647e-02,8.284573e-02,1.417393e-02,2.725410e-02,3.419003e-03,9.261076e-03,4.544344e-03,3.147947e-02,5.466988e-01,7.522917e-03,1.318444e-02,1.446404e-02,1.212477e-01,5.863138e-03,5.760489e-02
5.152854e-02,6.875415e-02,1.093489e-02,2.479229e-02,2.639399e-03,7.899444e-03,3.237275e-03,2.248938e-02,4.703773e-01,6.254730e-03,1.912157e-02,2.012917e-02,1.349576e-01,7.949226e-03,1.489350e-01
7.765400e-02,5.871837e-02,1.139543e-02,2.024334e-02,3.331364e-03,1.115175e-02,2.772088e-03,1.677502e-02,4.687935e-01,4.968482e-03,1.744376e-02,1.850870e-02,1.035063e-01,8.583483e-03,1.761544e-01
8.830135e-02,4.976670e-02,4.039025e-02,1.514074e-02,7.734890e-03,1.372502e-02,5.132387e-03,1.667320e-02,4.156134e-01,4.240368e-03,1.557929e-02,1.910036e-02,8.205507e-02,1.031173e-02,2.162352e-01
6.759024e-02,3.878199e-02,5.340942e-02,1.641124e-02,8.888152e-03,1.297441e-02,1.817231e-02,4.146639e-02,3.634548e-01,4.066034e-03,1.371785e-02,1.497997e-02,6.465442e-02,8.221337e-03,2.732115e-01
5.627331e-02,3.048896e-02,4.517028e-02,1.282434e-02,9.907514e-03,1.131864e-02,1.475188e-02,4.221053e-02,2.829877e-01,3.783478e-03,1.154371e-02,1.097024e-02,5.357898e-02,6.312536e-03,4.078779e-01
4.342651e-02,2.343740e-02,6.657721e-02,2.931124e-02,1.297881e-02,1.243250e-02,1.489600e-02,1.287190e-01,2.160108e-01,6.755255e-03,2.086952e-02,1.251961e-02,7.103953e-02,5.229958e-03,3.357967e-01
3.837970e-02,1.685755e-02,5.587342e-02,2.396748e-02,1.356491e-02,9.452160e-03,1.176772e-02,1.978196e-01,1.615780e-01,5.525092e-03,3.357606e-02,1.330785e-02,9.772965e-02,5.059908e-03,3.155410e-01
3.108663e-02,1.222321e-02,5.674858e-02,1.926133e-02,1.257395e-02,7.144993e-03,8.687122e-03,2.393110e-01,1.188900e-01,4.668560e-03,3.669683e-02,1.172020e-02,9.146275e-02,4.118904e-03,3.454060e-01
3.348737e-02,9.124552e-03,1.237728e-01,1.999694e-02,1.141763e-02,8.603774e-03,7.481808e-03,3.169551e-01,8.598189e-02,3.831105e-03,3.697437e-02,9.239081e-03,7.172419e-02,3.086967e-03,2.583224e-01
2.691486e-02,6.670170e-03,9.842788e-02,1.603968e-02,9.904676e-03,6.486485e-03,5.821601e-03,4.901992e-01,6.078102e-02,3.044132e-03,2.869288e-02,6.706956e-03,5.232663e-02,2.254416e-03,1.857294e-01
2.077821e-02,4.815121e-03,7.517925e-02,1.196691e-02,8.393219e-03,4.759752e-03,4.405394e-03,6.268241e-01,4.282659e-02,2.333573e-03,2.130379e-02,4.834970e-03,3.793265e-02,1.618769e-03,1.320276e-01
1.716944e-02,4.097693e-03,5.502525e-02,9.237947e-03,8.797619e-03,5.277499e-03,3.408981e-03,7.238824e-01,3.082285e-02,1.776081e-03,1.570794e-02,3.649207e-03,2.700513e-02,1.189285e-03,9.295256e-02
1.653964e-02,4.176544e-03,4.167609e-02,7.786132e-03,1.224965e-02,5.054803e-03,3.106251e-03,7.829968e-01,2.300125e-02,1.494820e-03,1.143846e-02,2.806114e-03,1.949284e-02,9.463140e-04,6.723425e-02
1.564198e-02,3.562209e-03,3.116846e-02,7.079314e-03,1.241170e-02,4.695679e-03,2.740554e-03,8.309699e-01,1.718283e-02,1.276108e-03,8.341707e-03,2.170667e-03,1.415443e-02,7.715282e-04,4.783292e-02
1.779423e-02,4.142464e-03,2.336619e-02,7.003922e-03,1.273804e-02,4.402998e-03,2.437421e-03,8.601066e-01,1.329646e-02,1.032295e-03,6.344474e-03,1.829111e-03,1.036892e-02,6.708560e-04,3.446601e-02
2.051663e-02,4.995401e-03,1.824525e-02,5.978848e-03,1.330637e-02,3.854870e-03,2.316460e-03,8.799856e-01,1.064659e-02,8.274114e-04,4.901026e-03,1.578192e-03,7.599256e-03,5.848007e-04,2.466325e-02
2.121095e-02,4.286748e-03,1.371579e-02,5.453842e-03,1.202600e-02,3.537176e-03,2.230379e-03,8.995939e-01,8.152678e-03,6.574495e-04,3.650062e-03,1.529976e-03,5.560358e-03,5.184475e-04,1.787617e-02
2.319172e-02,3.398902e-03,1.032932e-02,4.489910e-03,1.019889e-02,3.452128e-03,1.939426e-03,9.146364e-01,6.101869e-03,5.541981e-04,2.732299e-03,1.562182e-03,4.167463e-03,4.854983e-04,1.275969e-02
3.027177e-02,2.585905e-03,8.241244e-03,3.698422e-03,9.437108e-03,4.200673e-03,2.334603e-03,9.174814e-01,4.655812e-03,4.449314e-04,2.112723e-03,1.702524e-03,3.234201e-03,4.503474e-04,9.148252e-03
7.640079e-02,2.373554e-03,7.966588e-03,3.269695e-03,8.960780e-03,6.506273e-03,3.179242e-03,8.702999e-01,5.405372e-03,5.827711e-04,2.008343e-03,2.647601e-03,2.830565e-03,5.264315e-04,7.042033e-03
1.334100e-01,2.245111e-03,7.722922e-03,3.320101e-03,1.054662e-02,8.738454e-03,3.940334e-03,8.077512e-01,5.576408e-03,8.619881e-04,2.243091e-03,4.174610e-03,2.905871e-03,6.441480e-04,5.919102e-03
2.165833e-01,3.808692e-03,1.061717e-02,1.190008e-02,1.202476e-02,1.105741e-02,3.816076e-03,6.770633e-01,6.389282e-03,5.934821e-03,7.040221e-03,1.638899e-02,5.637593e-03,1.608584e-03,1.012967e-02
2.935254e-01,4.808334e-03,1.012857e-02,2.165334e-02,1.241691e-02,1.383575e-02,3.143902e-03,5.180216e-01,2.318564e-02,1.899488e-02,2.247861e-02,2.150462e-02,1.133602e-02,3.791710e-03,2.117463e-02
2.923873e-01,5.823115e-03,7.831477e-03,2.862813e-02,9.447196e-03,1.425376e-02,2.402454e-03,4.161879e-01,3.283515e-02,4.543487e-02,5.526837e-02,2.351622e-02,1.901473e-02,1.135984e-02,3.560954e-02
2.853523e-01,5.483319e-03,6.019949e-03,2.684017e-02,8.751325e-03,1.219940e-02,1.830882e-03,3.098586e-01,4.856524e-02,5.516730e-02,1.120892e-01,1.891693e-02,2.361196e-02,2.607038e-02,5.924299e-02
2.669629e-01,7.438524e-03,5.569359e-03,3.655726e-02,8.590645e-03,1.289278e-02,1.498675e-03,2.232665e-01,1.060282e-01,6.542669e-02,1.090304e-01,1.790254e-02,2.566702e-02,3.814646e-02,7.502203e-02
2.661237e-01,1.353827e-02,4.977480e-03,3.613016e-02,6.487014e-03,2.644250e-02,1.597400e-03,1.573686e-01,1.256933e-01,6.117804e-02,9.614966e-02,1.589523e-02,2.662436e-02,4.894546e-02,1.128488e-01
2.270156e-01,1.397915e-02,4.200885e-03,3.537294e-02,4.925077e-03,3.441636e-02,1.667873e-03,1.107577e-01,1.226471e-01,5.136437e-02,1.128290e-01,1.272576e-02,2.493736e-02,7.489157e-02,1.682693e-01
1.729551e-01,1.427568e-02,4.818700e-03,3.753100e-02,5.726266e-03,2.632615e-02,1.735291e-03,7.828136e-02,2.861232e-01,3.688692e-02,9.230762e-02,9.963808e-03,1.885925e-02,9.006558e-02,1.241441e-01
1.224889e-01,1.120106e-02,4.280558e-03,2.769316e-02,4.264058e-03,1.905317e-02,1.451083e-03,5.498108e-02,3.247624e-01,3.483356e-02,8.572907e-02,1.202600e-02,2.359239e-02,1.318375e-01,1.418061e-01
8.739157e-02,8.433251e-03,3.687940e-03,2.035046e-02,3.439183e-03,1.671425e-02,1.687666e-03,3.958192e-02,3.015647e-01,2.874061e-02,2.007396e-01,1.537386e-02,2.882880e-02,1.152924e-01,1.281737e-01
6.185383e-02,6.056512e-03,2.781716e-03,1.487342e-02,3.254115e-03,1.233864e-02,1.380161e-03,2.815835e-02,2.261783e-01,2.829815e-02,2.756398e-01,3.638807e-02,3.524192e-02,1.167355e-01,1.508214e-01
4.362293e-02,4.588502e-03,2.147148e-03,1.080964e-02,4.335904e-02,9.035463e-03,1.423545e-03,2.016346e-02,1.670957e-01,2.834481e-02,3.392581e-01,3.777378e-02,3.202090e-02,1.125541e-01,1.478029e-01
3.099000e-02,5.533269e-03,4.958200e-03,8.767288e-03,3.556639e-02,7.897827e-03,2.248372e-03,1.611768e-02,1.448176e-01,2.656966e-02,3.946505e-01,5.022327e-02,3.218970e-02,1.173951e-01,1.220750e-01
2.230865e-02,5.821153e-03,5.718135e-02,1.398937e-02,2.879825e-02,9.265348e-03,6.467690e-03,2.259773e-02,1.302325e-01,2.371930e-02,3.546356e-01,4.119109e-02,3.251674e-02,1.572486e-01,9.402662e-02
1.606744e-02,4.445211e-03,1.573762e-01,1.442368e-02,3.581490e-02,2.057260e-02,1.896683e-02,5.273491e-02,1.017403e-01,1.772289e-02,2.970284e-01,3.122880e-02,2.838450e-02,1.298962e-01,7.359715e-02
1.281402e-02,6.968469e-03,3.098621e-01,1.796566e-02,5.858958e-02,3.830154e-02,2.166281e-02,3.979203e-02,8.155921e-02,1.362606e-02,2.104012e-01,2.194935e-02,2.044197e-02,9.389563e-02,5.217037e-02
1.013903e-02,1.069942e-02,3.881496e-01,2.570817e-02,7.326204e-02,4.016898e-02,1.958139e-02,2.989543e-02,1.035836e-01,1.142169e-02,1.512195e-01,1.554121e-02,1.540426e-02,6.752585e-02,3.769989e-02
1.206269e-02,1.980724e-02,3.558997e-01,3.603215e-02,9.522431e-02,6.871150e-02,2.226285e-02,2.568677e-02,1.288973e-01,1.412393e-02,1.146780e-01,1.161157e-02,1.272548e-02,4.893844e-02,3.333810e-02
1.350917e-02,2.663293e-02,2.713614e-01,4.964341e-02,1.489224e-01,1.221976e-01,3.223986e-02,2.880813e-02,1.267527e-01,1.343313e-02,8.480506e-02,8.569933e-03,9.907904e-03,3.485964e-02,2.835686e-02
1.826345e-02,2.413465e-02,2.374802e-01,1.104475e-01,1.479818e-01,1.097466e-01,2.746803e-02,6.909818e-02,1.177863e-01,1.302302e-02,6.372472e-02,6.902068e-03,8.061844e-03,2.460745e-02,2.127416e-02
4.416314e-02,2.497294e-02,1.761512e-01,9.300356e-02,1.400884e-01,8.674198e-02,2.211761e-02,1.671287e-01,9.874789e-02,2.253533e-02,4.931501e-02,7.182761e-03,8.835388e-03,1.817100e-02,4.084511e-02
7.085804e-02,3.895136e-02,1.386587e-01,9.907527e-02,1.318983e-01,6.636524e-02,1.816031e-02,1.639530e-01,9.692934e-02,5.280247e-02,3.923667e-02,7.912764e-03,8.595639e-03,1.363043e-02,5.297242e-02
4.997787e-02,3.419891e-02,2.229862e-01,2.148470e-01,9.691978e-02,4.719320e-02,1.321364e-02,1.153722e-01,6.912496e-02,3.751945e-02,3.548383e-02,7.843954e-03,8.369376e-03,9.562498e-03,3.738713e-02
3.528017e-02,2.648826e-02,1.831973e-01,3.178854e-01,7.436392e-02,3.380032e-02,1.118235e-02,8.625641e-02,5.955862e-02,2.855808e-02,5.750855e-02,4.350591e-02,8.659036e-03,7.336547e-03,2.641913e-02
2.543011e-02,1.959310e-02,1.369801e-01,3.123915e-01,5.789269e-02,2.466024e-02,9.520195e-03,6.812254e-02,5.775291e-02,2.755766e-02,7.096364e-02,1.528738e-01,1.028742e-02,7.011932e-03,1.896206e-02
1.932389e-02,1.459247e-02,9.874889e-02,2.596468e-01,4.410173e-02,2.215006e-02,7.433478e-03,5.234987e-02,4.882124e-02,2.328741e-02,9.356172e-02,2.850867e-01,9.655030e-03,6.827538e-03,1.441313e-02
1.424274e-02,1.058958e-02,7.050963e-02,1.915260e-01,3.333849e-02,1.736362e-02,5.542378e-03,3.742403e-02,3.962453e-02,2.178692e-02,1.158514e-01,4.177071e-01,7.894553e-03,5.518959e-03,1.107999e-02
1.074492e-02,8.822129e-03,5.270708e-02,1.448956e-01,4.698677e-02,1.448114e-02,5.571266e-03,2.812919e-02,3.666487e-02,1.996111e-02,1.319824e-01,4.775471e-01,7.459923e-03,5.329497e-03,8.716950e-03
7.710147e-03,6.427826e-03,3.724131e-02,1.037362e-01,3.619798e-02,1.089239e-02,3.996783e-03,1.986960e-02,2.672109e-02,1.549310e-02,1.272751e-01,5.884218e-01,5.722954e-03,3.824504e-03,6.469253e-03
5.701095e-03,4.648974e-03,2.614189e-02,7.301188e-02,3.358830e-02,8.111955e-03,2.895211e-03,1.397670e-02,2.059481e-02,1.261208e-02,1.061060e-01,6.805255e-01,4.483973e-03,2.794283e-03,4.807288e-03
4.702034e-03,3.288826e-03,1.832480e-02,5.144423e-02,3.990449e-02,6.088649e-03,2.227080e-03,9.892934e-03,1.510883e-02,1.047070e-02,1.041156e-01,7.243872e-01,4.503269e-03,2.096842e-03,3.444591e-03
3.807331e-03,2.494401e-03,1.286984e-02,3.612483e-02,8.213675e-02,4.431573e-03,1.645325e-03,6.939494e-03,1.143651e-02,8.660108e-03,8.903807e-02,7.329433e-01,3.330087e-03,1.564729e-03,2.577708e-03
3.362701e-03,1.787455e-03,9.033087e-03,2.531729e-02,6.390412e-02,6.465506e-03,1.463228e-03,4.998041e-03,8.265086e-03,6.493329e-03,7.267297e-02,7.908614e-01,2.427290e-03,1.131868e-03,1.816690e-03
3.149745e-03,1.542835e-03,6.361257e-03,1.784105e-02,6.693117e-02,6.159388e-03,3.400429e-03,3.582882e-03,7.749260e-03,5.176193e-03,6.535443e-02,8.083929e-01,1.865220e-03,9.108852e-04,1.582403e-03
3.872511e-03,2.850627e-03,5.050349e-03,1.255262e-02,1.756904e-01,8.889807e-03,1.267025e-02,3.446416e-03,2.817505e-02,4.108096e-03,5.274340e-02,6.863205e-01,1.419856e-03,7.831824e-04,1.426916e-03
4.940923e-03,2.367900e-03,3.977390e-03,8.905680e-03,3.096653e-01,8.514714e-03,1.962146e-02,5.967833e-03,3.073752e-02,3.198023e-03,3.901273e-02,5.602423e-01,1.078136e-03,7.219489e-04,1.048147e-03
4.897537e-03,2.100614e-03,3.103849e-03,6.410110e-03,3.829908e-01,1.158610e-02,9.520591e-02,5.132089e-03,3.730638e-02,2.466866e-03,2.938992e-02,4.171035e-01,9.088014e-04,5.797332e-04,8.177847e-04
5.421441e-03,2.703528e-03,2.532157e-03,4.943106e-03,5.172819e-01,1.167576e-02,7.052084e-02,3.897796e-03,5.961635e-02,2.047003e-03,2.326570e-02,2.935925e-01,9.207490e-04,4.577987e-04,1.123449e-03
1.473414e-02,8.276545e-03,3.013017e-03,8.381763e-03,5.415264e-01,1.957904e-02,9.228504e-02,4.202424e-03,7.349537e-02,2.912227e-03,1.910504e-02,2.070349e-01,2.004716e-03,5.137322e-04,2.935580e-03
2.405582e-02,1.441076e-02,1.328533e-02,3.598191e-02,5.337138e-01,1.912187e-02,7.510802e-02,1.525036e-02,9.217628e-02,3.581440e-03,1.618318e-02,1.473704e-01,3.307228e-03,5.151675e-04,5.938432e-03
2.720655e-02,5.321089e-02,1.762656e-02,3.177030e-02,4.457766e-01,2.029425e-02,5.524459e-02,1.151979e-02,1.109806e-01,1.324548e-02,1.916461e-02,1.070503e-01,5.433272e-03,7.654461e-04,8.071079e-02
3.716136e-02,5.620675e-02,1.596707e-02,2.936332e-02,4.007129e-01,1.742842e-02,4.014840e-02,9.355592e-03,1.179116e-01,1.657712e-02,1.821983e-02,7.672374e-02,5.178473e-03,1.007954e-03,1.580375e-01
3.070548e-02,4.800487e-02,1.792546e-02,2.122958e-01,3.046990e-01,1.310219e-02,2.836899e-02,1.067199e-02,1.182608e-01,1.468827e-02,1.740840e-02,5.446276e-02,5.203498e-03,7.838404e-04,1.234187e-01
2.181178e-02,3.535731e-02,1.810574e-02,2.653478e-01,2.159284e-01,9.518365e-03,1.998887e-02,8.230234e-03,9.626713e-02,1.619223e-02,1.308780e-01,4.103012e-02,2.192537e-02,8.780096e-04,9.854075e-02
1.532147e-02,2.503590e-02,1.463685e-02,2.866811e-01,1.518231e-01,6.830489e-03,1.403231e-02,5.838221e-03,6.918962e-02,1.318857e-02,2.793525e-01,2.952679e-02,1.831189e-02,8.168611e-04,6.941424e-02
1.079105e-02,1.769629e-02,1.114863e-02,2.427625e-01,1.069027e-01,4.992116e-03,9.842479e-03,4.237941e-03,5.097107e-02,9.781031e-03,4.350361e-01,2.477178e-02,2.023169e-02,1.947837e-03,4.888675e-02
7.648333e-03,1.261379e-02,8.177022e-03,1.873180e-01,7.510957e-02,4.363285e-03,6.917367e-03,3.056477e-03,3.717614e-02,1.239694e-02,5.461309e-01,3.388545e-02,2.699362e-02,3.707506e-03,3.450557e-02
5.588969e-03,9.431844e-03,6.365310e-03,1.539985e-01,5.402879e-02,1.354540e-02,4.920092e-03,2.291807e-03,2.792817e-02,5.310334e-02,5.363606e-01,6.291350e-02,3.112926e-02,1.350319e-02,2.489123e-02
4.292361e-03,6.758879e-03,5.297850e-03,1.253018e-01,3.954710e-02,1.208638e-02,3.518489e-03,1.791712e-03,2.131774e-02,6.847455e-02,5.361119e-01,7.899247e-02,3.814555e-02,4.014827e-02,1.821497e-02
3.359951e-03,6.195427e-03,4.541935e-03,9.245440e-02,3.220506e-02,8.919938e-03,2.479662e-03,1.339925e-03,2.258868e-02,6.205637e-02,5.704054e-01,9.191072e-02,3.809436e-02,5.000890e-02,1.343925e-02
4.101000e-03,6.129135e-03,5.315643e-03,7.894703e-02,3.074189e-02,1.657759e-02,1.939997e-03,2.614015e-03,2.220105e-02,6.646115e-02,5.675576e-01,1.007129e-01,3.703780e-02,4.968829e-02,9.974864e-03
3.727229e-03,4.926400e-03,5.621685e-03,5.973334e-02,9.454241e-02,1.216498e-02,1.871214e-03,2.917965e-03,3.170486e-02,6.364714e-02,5.425779e-01,8.398748e-02,3.043988e-02,5.356944e-02,8.568183e-03
6.255177e-03,4.660198e-03,8.234963e-03,4.836380e-02,1.679254e-01,1.384001e-02,3.296777e-03,1.852227e-02,3.583364e-02,5.683960e-02,4.841810e-01,6.958770e-02,2.969465e-02,4.530559e-02,7.459208e-03
1.519040e-02,9.321633e-03,1.191821e-02,4.535981e-02,1.865574e-01,1.690030e-02,4.248559e-03,2.053547e-02,7.656087e-02,5.647738e-02,3.823106e-01,5.842819e-02,5.421963e-02,4.966985e-02,1.230174e-02
1.772426e-02,1.528244e-02,2.106235e-02,5.733353e-02,1.528471e-01,1.554337e-02,6.140349e-03,3.105145e-02,1.364059e-01,5.008081e-02,3.050895e-01,5.288305e-02,8.068043e-02,4.464673e-02,1.322865e-02
1.213570e-01,1.950518e-02,1.951040e-02,5.970363e-02,1.237523e-01,1.685550e-02,8.941706e-03,3.745954e-02,1.335656e-01,4.825510e-02,2.391613e-01,4.579953e-02,6.901939e-02,4.135612e-02,1.575769e-02
1.202187e-01,2.474858e-02,1.847822e-02,4.959099e-02,1.144567e-01,1.887576e-02,1.610093e-02,3.470232e-02,2.250429e-01,4.384433e-02,1.912225e-01,3.623533e-02,5.752524e-02,3.473885e-02,1.421872e-02
1.692311e-01,3.543526e-02,1.532767e-02,4.526318e-02,9.587277e-02,2.241616e-02,1.709278e-02,3.233979e-02,2.439827e-01,4.471676e-02,1.461823e-01,3.166798e-02,4.865649e-02,3.479030e-02,1.702479e-02
2.691721e-01,3.800924e-02,1.233410e-02,4.330639e-02,7.630325e-02,2.211704e-02,1.427174e-02,2.773096e-02,2.215403e-01,3.641697e-02,1.141165e-01,3.099860e-02,3.770288e-02,3.380278e-02,2.217710e-02
2.761712e-01,5.077331e-02,1.535274e-02,1.061699e-01,6.333823e-02,2.292283e-02,1.177561e-02,2.571024e-02,1.770786e-01,3.048547e-02,8.856717e-02,3.086016e-02,3.080755e-02,2.579979e-02,4.418713e-02
3.777527e-01,4.776927e-02,1.344054e-02,9.243485e-02,5.520155e-02,2.254117e-02,9.428831e-03,2.373261e-02,1.380324e-01,2.298113e-02,6.911866e-02,3.198735e-02,2.916851e-02,2.157152e-02,4.483890e-02
4.225915e-01,5.586425e-02,1.319579e-02,8.806755e-02,5.403763e-02,2.283791e-02,8.271968e-03,2.528718e-02,1.177472e-01,1.822381e-02,5.290931e-02,3.283063e-02,2.568589e-02,1.797118e-02,4.447824e-02
4.303806e-01,6.209711e-02,2.649083e-02,8.279774e-02,5.411077e-02,2.210609e-02,7.333555e-03,2.580871e-02,1.129398e-01,1.637074e-02,4.120725e-02,2.984951e-02,2.297918e-02,1.500359e-02,5.052456e-02
4.035343e-01,7.600171e-02,4.659420e-02,1.190636e-01,4.638505e-02,1.813683e-02,6.178660e-03,2.309577e-02,1.071546e-01,1.885809e-02,3.131786e-02,2.319860e-02,1.831144e-02,1.140333e-02,5.076599e-02
3.778217e-01,1.207056e-01,4.773285e-02,1.085035e-01,4.594032e-02,1.738917e-02,6.156303e-03,2.205520e-02,1.088862e-01,1.668273e-02,2.352090e-02,1.716655e-02,3.237053e-02,8.568983e-03,4.649947e-02
3.586479e-01,1.653525e-01,3.934605e-02,8.881131e-02,5.618913e-02,1.566864e-02,7.270960e-03,3.325833e-02,1.133213e-01,1.501711e-02,1.855149e-02,1.342643e-02,3.384400e-02,6.274354e-03,3.502037e-02
2.805361e-01,1.621235e-01,2.968599e-02,7.364644e-02,9.389083e-02,1.227446e-02,1.145350e-02,6.387052e-02,1.762063e-01,1.245305e-02,1.485955e-02,1.133505e-02,2.669924e-02,4.711936e-03,2.625349e-02
2.718838e-01,1.304383e-01,2.370399e-02,6.853024e-02,1.180709e-01,1.189981e-02,1.761489e-02,7.028515e-02,1.734689e-01,1.334782e-02,2.695007e-02,1.124853e-02,2.820437e-02,5.636756e-03,2.871650e-02
2.938277e-01,9.449171e-02,1.810323e-02,5.037293e-02,1.648012e-01,2.045752e-02,1.725234e-02,8.424021e-02,1.370373e-01,1.069744e-02,2.591559e-02,9.187006e-03,2.812098e-02,1.276263e-02,3.273235e-02
3.501662e-01,6.988738e-02,1.421777e-02,4.004738e-02,1.518422e-01,3.065577e-02,1.387826e-02,6.256050e-02,1.103931e-01,9.092412e-03,2.648248e-02,1.383454e-02,3.681450e-02,1.826739e-02,5.186014e-02
2.835877e-01,6.322353e-02,1.155040e-02,3.660844e-02,1.131683e-01,3.943534e-02,1.086210e-02,4.437136e-02,1.195504e-01,8.402736e-03,2.934446e-02,2.735901e-02,1.193717e-01,1.868718e-02,7.447734e-02
2.141733e-01,5.824256e-02,9.229966e-03,3.207114e-02,8.231249e-02,3.266567e-02,8.337663e-03,3.163185e-02,1.493061e-01,8.949273e-03,3.294300e-02,2.884028e-02,1.716232e-01,2.269157e-02,1.169820e-01
1.541798e-01,8.189609e-02,7.307463e-03,2.448370e-02,5.908785e-02,2.711894e-02,6.083437e-03,2.238668e-02,1.609232e-01,8.425754e-03,2.729549e-02,2.412407e-02,2.035738e-01,2.643030e-02,1.666833e-01
1.112362e-01,7.584754e-02,7.869441e-03,1.854643e-02,4.308194e-02,2.119633e-02,4.879036e-03,1.635454e-02,1.291341e-01,8.348362e-03,2.200154e-02,1.828448e-02,2.221048e-01,2.237105e-02,2.787441e-01
8.129340e-02,5.730469e-02,7.909040e-02,2.973000e-02,3.790533e-02,1.691867e-02,5.137507e-03,2.096310e-02,1.131549e-01,7.864551e-03,1.740262e-02,1.336981e-02,2.054675e-01,1.767813e-02,2.967194e-01
6.809051e-02,5.944592e-02,6.141518e-02,2.938252e-02,3.414073e-02,1.381064e-02,4.945281e-03,1.619613e-02,1.528727e-01,8.929444e-03,1.776220e-02,1.270098e-02,2.011280e-01,1.602291e-02,3.031569e-01
5.513833e-02,4.693640e-02,5.181987e-02,5.174187e-02,3.836689e-02,1.100648e-02,4.588146e-03,1.435584e-02,1.970423e-01,8.575632e-03,1.930665e-02,1.129426e-02,1.678598e-01,1.333636e-02,3.086312e-01
4.598846e-02,5.238391e-02,3.946522e-02,5.720752e-02,3.347150e-02,8.997520e-03,3.469025e-03,1.063521e-02,3.080753e-01,1.005245e-02,1.959132e-02,1.218103e-02,1.551475e-01,1.032648e-02,2.330076e-01
3.509474e-02,7.552837e-02,3.112079e-02,9.724436e-02,2.592688e-02,7.889574e-03,2.595842e-03,8.099519e-03,3.632317e-01,1.259346e-02,1.824648e-02,1.751884e-02,1.267626e-01,7.440750e-03,1.707060e-01
2.518681e-02,6.718161e-02,2.228659e-02,7.639906e-02,1.942289e-02,6.342143e-03,1.975697e-03,5.938774e-03,4.868371e-01,1.009446e-02,2.265104e-02,2.289397e-02,1.065130e-01,5.278300e-03,1.209985e-01
1.844591e-02,5.400756e-02,1.740903e-02,1.953858e-01,1.928495e-02,6.184929e-03,1.482441e-03,1.659800e-02,4.515780e-01,7.695111e-03,2.147790e-02,1.727232e-02,8.247305e-02,3.776714e-03,8.692823e-02
1.831534e-02,4.341106e-02,1.453637e-02,1.746875e-01,2.329342e-02,1.197985e-02,1.347550e-03,1.684421e-02,5.133739e-01,6.293604e-03,2.056405e-02,1.275258e-02,7.523093e-02,2.787562e-03,6.458212e-02
1.809796e-02,3.479772e-02,1.707394e-02,2.976566e-01,2.072608e-02,1.061804e-02,1.192623e-03,2.916388e-02,3.962920e-01,7.486706e-03,4.190657e-02,1.283767e-02,6.138185e-02,2.425225e-03,4.834317e-02
2.265959e-02,2.901253e-02,4.028781e-02,3.199617e-01,2.308317e-02,9.934670e-03,1.273285e-03,2.808919e-02,3.614182e-01,9.382877e-03,4.667311e-02,1.318269e-02,5.414417e-02,2.257330e-03,3.863959e-02
3.217572e-02,2.943620e-02,4.322707e-02,2.780883e-01,3.089805e-02,1.155542e-02,1.526801e-03,2.783355e-02,3.627133e-01,1.570383e-02,5.848540e-02,1.304487e-02,4.735383e-02,2.613257e-03,4.534434e-02
3.988032e-02,2.367315e-02,4.405750e-02,3.457074e-01,3.954074e-02,1.041405e-02,1.478047e-03,4.940201e-02,2.756307e-01,1.381829e-02,7.098991e-02,1.124922e-02,3.789983e-02,2.505192e-03,3.375368e-02
6.311186e-02,2.324232e-02,5.346747e-02,3.268780e-01,3.617776e-02,1.403777e-02,1.474362e-03,5.900482e-02,2.171058e-01,1.821503e-02,1.047353e-01,1.311383e-02,3.641396e-02,3.063342e-03,2.995838e-02
1.090714e-01,2.629948e-02,6.703211e-02,2.699469e-01,4.061661e-02,1.605718e-02,1.682264e-03,7.081372e-02,1.740001e-01,2.601231e-02,1.180623e-01,1.162934e-02,3.246833e-02,4.576341e-03,3.173149e-02
1.332481e-01,7.587376e-02,5.318199e-02,2.158890e-01,3.759295e-02,2.081967e-02,1.632469e-03,6.752647e-02,2.039531e-01,2.193820e-02,9.373262e-02,8.756924e-03,2.775010e-02,4.162962e-03,3.394167e-02
1.378168e-01,9.555656e-02,4.858275e-02,2.096587e-01,3.737921e-02,1.744206e-02,1.892881e-03,6.958824e-02,2.001545e-01,2.888634e-02,7.816295e-02,7.539639e-03,2.258137e-02,4.855357e-03,3.990263e-02
1.412441e-01,1.175365e-01,4.194201e-02,1.573212e-01,3.717230e-02,3.001123e-02,2.761324e-03,6.563804e-02,2.464001e-01,2.772756e-02,5.729856e-02,6.063283e-03,2.735185e-02,4.965788e-03,3.656612e-02
1.491661e-01,1.633092e-01,3.472023e-02,1.213378e-01,3.358856e-02,4.214150e-02,2.583835e-03,5.459529e-02,2.592089e-01,2.400144e-02,4.212167e-02,5.030267e-03,2.518753e-02,5.480579e-03,3.752713e-02
1.723423e-01,2.052321e-01,3.040114e-02,9.341118e-02,3.611173e-02,4.250652e-02,2.719623e-03,4.264924e-02,2.247617e-01,2.493016e-02,3.315247e-02,4.965534e-03,2.466463e-02,5.887402e-03,5.626423e-02
1.948719e-01,2.287565e-01,3.567580e-02,7.562564e-02,3.728385e-02,4.480898e-02,3.060443e-03,3.648024e-02,1.828084e-01,1.917775e-02,5.500470e-02,1.045835e-02,2.254876e-02,6.326823e-03,4.711176e-02
1.620124e-01,1.741711e-01,2.599616e-02,5.515176e-02,2.676922e-02,4.598295e-02,2.227614e-03,2.580969e-02,1.297158e-01,1.393312e-02,2.631852e-01,1.505879e-02,1.705957e-02,6.888877e-03,3.603774e-02
1.186341e-01,1.229029e-01,1.838238e-02,3.890784e-02,1.889636e-02,3.500783e-02,1.589606e-03,1.814285e-02,9.123492e-02,9.880221e-03,4.687147e-01,1.384828e-02,1.237295e-02,5.794124e-03,2.569091e-02
9.571193e-02,8.806095e-02,1.348839e-02,2.784821e-02,1.350356e-02,3.178286e-02,1.151604e-03,1.285114e-02,6.527396e-02,7.109484e-03,5.961926e-01,1.401377e-02,9.018447e-03,5.375749e-03,1.861739e-02
1.093114e-01,6.642307e-02,1.126387e-02,2.041318e-02,1.014959e-02,3.343419e-02,1.172592e-03,9.832321e-03,5.187638e-02,5.423084e-03,6.373818e-01,1.451192e-02,7.163454e-03,6.561731e-03,1.508141e-02
7.970847e-02,4.772952e-02,8.128973e-03,1.443096e-02,7.305332e-03,2.461210e-02,9.203954e-04,6.942237e-03,3.873925e-02,4.095652e-03,7.296268e-01,1.330613e-02,5.360568e-03,8.272248e-03,1.082146e-02
5.765192e-02,3.506864e-02,6.139317e-03,1.020783e-02,5.450205e-03,1.853608e-02,7.217331e-04,4.959393e-03,3.102391e-02,3.656574e-03,7.903939e-01,1.527364e-02,4.050496e-03,8.990169e-03,7.876157e-03
4.534206e-02,3.265241e-02,8.373372e-03,8.981851e-03,1.216087e-02,1.525579e-02,9.527290e-04,4.941214e-03,4.742646e-02,6.471689e-03,7.702996e-01,2.228361e-02,3.238724e-03,1.559870e-02,6.020911e-03
3.617731e-02,2.575223e-02,7.331547e-03,6.588708e-03,1.053101e-02,1.429482e-02,9.727682e-04,4.480483e-03,4.824902e-02,6.942641e-03,7.822218e-01,2.786533e-02,2.758346e-03,2.128336e-02,4.550645e-03
4.919079e-02,3.043028e-02,3.427257e-02,3.436517e-02,7.716723e-02,2.544564e-02,2.728582e-03,1.426618e-02,6.021383e-02,9.719390e-03,5.999357e-01,3.228906e-02,2.625451e-03,2.325014e-02,4.100079e-03
5.319495e-02,4.606320e-02,3.519482e-02,3.017296e-02,5.969865e-02,2.287437e-02,2.668037e-03,1.404927e-02,7.156864e-02,1.731775e-02,5.827009e-01,3.477251e-02,3.112893e-03,2.177944e-02,4.831619e-03
4.325210e-02,5.143481e-02,4.253828e-02,2.428679e-02,5.322755e-02,1.971234e-02,2.429281e-03,1.145997e-02,8.866881e-02,2.803856e-02,5.664838e-01,3.443948e-02,3.891472e-03,2.510741e-02,5.029346e-03
6.049679e-02,6.089754e-02,3.677510e-02,2.146379e-02,4.196857e-02,1.918787e-02,2.181615e-03,1.393313e-02,8.764087e-02,2.198916e-02,5.593296e-01,3.710401e-02,5.730055e-03,2.573926e-02,5.562679e-03
7.134483e-02,5.569592e-02,2.871086e-02,1.744310e-02,3.288028e-02,1.574846e-02,1.764745e-03,1.293111e-02,7.884476e-02,1.733880e-02,5.823298e-01,4.336227e-02,6.588345e-03,2.925646e-02,5.760340e-03
8.953130e-02,5.534591e-02,4.993680e-02,7.417087e-02,3.003156e-02,1.514839e-02,1.661442e-03,1.501922e-02,1.016949e-01,1.747992e-02,4.700184e-01,3.850721e-02,6.721057e-03,2.446304e-02,1.026996e-02
1.901850e-01,6.212925e-02,4.049554e-02,6.100212e-02,2.439839e-02,1.509301e-02,1.475133e-03,1.461927e-02,1.019905e-01,1.461745e-02,3.854598e-01,4.009200e-02,6.604700e-03,2.664021e-02,1.519766e-02
2.892079e-01,5.121871e-02,3.532445e-02,5.176652e-02,2.015743e-02,1.717217e-02,1.207663e-03,1.196870e-02,1.009240e-01,1.318295e-02,3.051749e-01,3.571994e-02,7.024713e-03,2.664600e-02,3.330399e-02
3.584644e-01,4.057192e-02,2.730427e-02,5.206976e-02,1.878926e-02,2.003918e-02,1.751060e-03,1.439396e-02,1.101209e-01,1.066174e-02,2.427400e-01,3.314220e-02,7.333710e-03,2.623859e-02,3.637895e-02
3.911875e-01,3.146539e-02,3.115558e-02,7.144983e-02,2.198537e-02,2.549009e-02,3.051660e-03,2.726588e-02,1.088545e-01,9.546432e-03,1.863317e-01,3.241090e-02,7.748311e-03,2.132851e-02,3.072834e-02
