1.000000e+00,0.000000e+00,0.000000e+00,0.000000e+00,0.000000e+00,0.000000e+00,0.000000e+00,0.000000e+00,0.000000e+00,0.000000e+00,0.000000e+00,0.000000e+00,0.000000e+00,0.000000e+00,0.000000e+00
1.000000e+00,0.000000e+00,0.000000e+00,0.000000e+00,0.000000e+00,0.000000e+00,0.000000e+00,0.000000e+00,0.000000e+00,0.000000e+00,0.000000e+00,0.000000e+00,0.000000e+00,0.000000e+00,0.000000e+00
1.000000e+00,0.000000e+00,0.000000e+00,0.000000e+00,0.000000e+00,0.000000e+00,0.000000e+00,0.000000e+00,0.000000e+00,0.000000e+00,0.000000e+00,0.000000e+00,0.000000e+00,0.000000e+00,0.000000e+00
1.000000e+00,0.000000e+00,0.000000e+00,0.000000e+00,0.000000e+00,0.000000e+00,0.000000e+00,0.000000e+00,0.000000e+00,0.000000e+00,0.000000e+00,0.000000e+00,0.000000e+00,0.000000e+00,0.000000e+00
1.000000e+00,0.000000e+00,0.000000e+00,0.000000e+00,0.000000e+00,0.000000e+00,0.000000e+00,0.000000e+00,0.000000e+00,0.000000e+00,0.000000e+00,0.000000e+00,0.000000e+00,0.000000e+00,0.000000e+00
1.000000e+00,0.000000e+00,0.000000e+00,0.000000e+00,0.000000e+00,0.000000e+00,0.000000e+00,0.000000e+00,0.000000e+00,0.000000e+00,0.000000e+00,0.000000e+00,0.000000e+00,0.000000e+00,0.000000e+00
1.000000e+00,0.000000e+00,0.000000e+00,0.000000e+00,0.000000e+00,0.000000e+00,0.000000e+00,0.000000e+00,0.000000e+00,0.000000e+00,0.000000e+00,0.000000e+00,0.000000e+00,0.000000e+00,0.000000e+00
1.000000e+00,0.000000e+00,0.000000e+00,0.000000e+00,0.000000e+00,0.000000e+00,0.000000e+00,0.000000e+00,0.000000e+00,0.000000e+00,0.000000e+00,0.000000e+00,0.000000e+00,0.000000e+00,0.000000e+00
1.000000e+00,0.000000e+00,0.000000e+00,0.000000e+00,0.000000e+00,0.000000e+00,0.000000e+00,0.000000e+00,0.000000e+00,0.000000e+00,0.000000e+00,0.000000e+00,0.000000e+00,0.000000e+00,0.000000e+00
1.000000e+00,0.000000e+00,0.000000e+00,0.000000e+00,0.000000e+00,0.000000e+00,0.000000e+00,0.000000e+00,0.000000e+00,0.000000e+00,0.000000e+00,0.000000e+00,0.000000e+00,0.000000e+00,0.000000e+00
1.000000e+00,0.000000e+00,0.000000e+00,0.000000e+00,0.000000e+00,0.000000e+00,0.000000e+00,0.000000e+00,0.000000e+00,0.000000e+00,0.000000e+00,0.000000e+00,0.000000e+00,0.000000e+00,0.000000e+00
1.000000e+00,0.000000e+00,0.000000e+00,0.000000e+00,0.000000e+00,0.000000e+00,0.000000e+00,0.000000e+00,0.000000e+00,0.000000e+00,0.000000e+00,0.000000e+00,0.000000e+00,0.000000e+00,0.000000e+00
1.000000e+00,0.000000e+00,0.000000e+00,0.000000e+00,0.000000e+00,0.000000e+00,0.000000e+00,0.000000e+00,0.000000e+00,0.000000e+00,0.000000e+00,0.000000e+00,0.000000e+00,0.000000e+00,0.000000e+00
1.000000e+00,0.000000e+00,0.000000e+00,0.000000e+00,0.000000e+00,0.000000e+00,0.000000e+00,0.000000e+00,0.000000e+00,0.000000e+00,0.000000e+00,0.000000e+00,0.000000e+00,0.000000e+00,0.000000e+00
1.000000e+00,0.000000e+00,0.000000e+00,0.000000e+00,0.000000e+00,0.000000e+00,0.000000e+00,0.000000e+00,0.000000e+00,0.000000e+00,0.000000e+00,0.000000e+00,0.000000e+00,0.000000e+00,0.000000e+00
1.000000e+00,0.000000e+00,0.000000e+00,0.000000e+00,0.000000e+00,0.000000e+00,0.000000e+00,0.000000e+00,0.000000e+00,0.000000e+00,0.000000e+00,0.000000e+00,0.000000e+00,0.000000e+00,0.000000e+00
1.000000e+00,0.000000e+00,0.000000e+00,0.000000e+00,0.000000e+00,0.000000e+00,0.000000e+00,0.000000e+00,0.000000e+00,0.000000e+00,0.000000e+00,0.000000e+00,0.000000e+00,0.000000e+00,0.000000e+00
1.000000e+00,0.000000e+00,0.000000e+00,0.000000e+00,0.000000e+00,0.000000e+00,0.000000e+00,0.000000e+00,0.000000e+00,0.000000e+00,0.000000e+00,0.000000e+00,0.000000e+00,0.000000e+00,0.000000e+00
1.000000e+00,0.000000e+00,0.000000e+00,0.000000e+00,0.000000e+00,0.000000e+00,0.000000e+00,0.000000e+00,0.000000e+00,0.000000e+00,0.000000e+00,0.000000e+00,0.000000e+00,0.000000e+00,0.000000e+00
1.000000e+00,0.000000e+00,0.000000e+00,0.000000e+00,0.000000e+00,0.000000e+00,0.000000e+00,0.000000e+00,0.000000e+00,0.000000e+00,0.000000e+00,0.000000e+00,0.000000e+00,0.000000e+00,0.000000e+00
1.000000e+00,0.000000e+00,0.000000e+00,0.000000e+00,0.000000e+00,0.000000e+00,0.000000e+00,0.000000e+00,0.000000e+00,0.000000e+00,0.000000e+00,0.000000e+00,0.000000e+00,0.000000e+00,0.000000e+00
1.000000e+00,0.000000e+00,0.000000e+00,0.000000e+00,0.000000e+00,0.000000e+00,0.000000e+00,0.000000e+00,0.000000e+00,0.000000e+00,0.000000e+00,0.000000e+00,0.000000e+00,0.000000e+00,0.000000e+00
1.000000e+00,0.000000e+00,0.000000e+00,0.000000e+00,0.000000e+00,0.000000e+00,0.000000e+00,0.000000e+00,0.000000e+00,0.000000e+00,0.000000e+00,0.000000e+00,0.000000e+00,0.000000e+00,0.000000e+00
1.000000e+00,0.000000e+00,0.000000e+00,0.000000e+00,0.000000e+00,0.000000e+00,0.000000e+00,0.000000e+00,0.000000e+00,0.000000e+00,0.000000e+00,0.000000e+00,0.000000e+00,0.000000e+00,0.000000e+00
1.000000e+00,0.000000e+00,0.000000e+00,0.000000e+00,0.000000e+00,0.000000e+00,0.000000e+00,0.000000e+00,0.000000e+00,0.000000e+00,0.000000e+00,0.000000e+00,0.000000e+00,0.000000e+00,0.000000e+00
1.000000e+00,0.000000e+00,0.000000e+00,0.000000e+00,0.000000e+00,0.000000e+00,0.000000e+00,0.000000e+00,0.000000e+00,0.000000e+00,0.000000e+00,0.000000e+00,0.000000e+00,0.000000e+00,0.000000e+00
1.000000e+00,0.000000e+00,0.000000e+00,0.000000e+00,0.000000e+00,0.000000e+00,0.000000e+00,0.000000e+00,0.000000e+00,0.000000e+00,0.000000e+00,0.000000e+00,0.000000e+00,0.000000e+00,0.000000e+00
1.000000e+00,0.000000e+00,0.000000e+00,0.000000e+00,0.000000e+00,0.000000e+00,0.000000e+00,0.000000e+00,0.000000e+00,0.000000e+00,0.000000e+00,0.000000e+00,0.000000e+00,0.000000e+00,0.000000e+00
1.000000e+00,0.000000e+00,0.000000e+00,0.000000e+00,0.000000e+00,0.000000e+00,0.000000e+00,0.000000e+00,0.000000e+00,0.000000e+00,0.000000e+00,0.000000e+00,0.000000e+00,0.000000e+00,0.000000e+00
1.000000e+00,0.000000e+00,0.000000e+00,0.000000e+00,0.000000e+00,0.000000e+00,0.000000e+00,0.000000e+00,0.000000e+00,0.000000e+00,0.000000e+00,0.000000e+00,0.000000e+00,0.000000e+00,0.000000e+00
1.000000e+00,0.000000e+00,0.000000e+00,0.000000e+00,0.000000e+00,0.000000e+00,0.000000e+00,0.000000e+00,0.000000e+00,0.000000e+00,0.000000e+00,0.000000e+00,0.000000e+00,0.000000e+00,0.000000e+00
1.000000e+00,0.000000e+00,0.000000e+00,0.000000e+00,0.000000e+00,0.000000e+00,0.000000e+00,0.000000e+00,0.000000e+00,0.000000e+00,0.000000e+00,0.000000e+00,0.000000e+00,0.000000e+00,0.000000e+00
1.000000e+00,0.000000e+00,0.000000e+00,0.000000e+00,0.000000e+00,0.000000e+00,0.000000e+00,0.000000e+00,0.000000e+00,0.000000e+00,0.000000e+00,0.000000e+00,0.000000e+00,0.000000e+00,0.000000e+00
1.000000e+00,0.000000e+00,0.000000e+00,0.000000e+00,0.000000e+00,0.000000e+00,0.000000e+00,0.000000e+00,0.000000e+00,0.000000e+00,0.000000e+00,0.000000e+00,0.000000e+00,0.000000e+00,0.000000e+00
1.000000e+00,0.000000e+00,0.000000e+00,0.000000e+00,0.000000e+00,0.000000e+00,0.000000e+00,0.000000e+00,0.000000e+00,0.000000e+00,0.000000e+00,0.000000e+00,0.000000e+00,0.000000e+00,0.000000e+00
1.000000e+00,0.000000e+00,0.000000e+00,0.000000e+00,0.000000e+00,0.000000e+00,0.000000e+00,0.000000e+00,0.000000e+00,0.000000e+00,0.000000e+00,0.000000e+00,0.000000e+00,0.000000e+00,0.000000e+00
1.000000e+00,0.000000e+00,0.000000e+00,0.000000e+00,0.000000e+00,0.000000e+00,0.000000e+00,0.000000e+00,0.000000e+00,0.000000e+00,0.000000e+00,0.000000e+00,0.000000e+00,0.000000e+00,0.000000e+00
1.000000e+00,0.000000e+00,0.000000e+00,0.000000e+00,0.000000e+00,0.000000e+00,0.000000e+00,0.000000e+00,0.000000e+00,0.000000e+00,0.000000e+00,0.000000e+00,0.000000e+00,0.000000e+00,0.000000e+00
1.000000e+00,0.000000e+00,0.000000e+00,0.000000e+00,0.000000e+00,0.000000e+00,0.000000e+00,0.000000e+00,0.000000e+00,0.000000e+00,0.000000e+00,0.000000e+00,0.000000e+00,0.000000e+00,0.000000e+00
1.000000e+00,0.000000e+00,0.000000e+00,0.000000e+00,0.000000e+00,0.000000e+00,0.000000e+00,0.000000e+00,0.000000e+00,0.000000e+00,0.000000e+00,0.000000e+00,0.000000e+00,0.000000e+00,0.000000e+00
1.000000e+00,0.000000e+00,0.000000e+00,0.000000e+00,0.000000e+00,0.000000e+00,0.000000e+00,0.000000e+00,0.000000e+00,0.000000e+00,0.000000e+00,0.000000e+00,0.000000e+00,0.000000e+00,0.000000e+00
1.000000e+00,0.000000e+00,0.000000e+00,0.000000e+00,0.000000e+00,0.000000e+00,0.000000e+00,0.000000e+00,0.000000e+00,0.000000e+00,0.000000e+00,0.000000e+00,0.000000e+00,0.000000e+00,0.000000e+00
1.000000e+00,0.000000e+00,0.000000e+00,0.000000e+00,0.000000e+00,0.000000e+00,0.000000e+00,0.000000e+00,0.000000e+00,0.000000e+00,0.000000e+00,0.000000e+00,0.000000e+00,0.000000e+00,0.000000e+00
1.000000e+00,0.000000e+00,0.000000e+00,0.000000e+00,0.000000e+00,0.000000e+00,0.000000e+00,0.000000e+00,0.000000e+00,0.000000e+00,0.000000e+00,0.000000e+00,0.000000e+00,0.000000e+00,0.000000e+00
1.000000e+00,0.000000e+00,0.000000e+00,0.000000e+00,0.000000e+00,0.000000e+00,0.000000e+00,0.000000e+00,0.000000e+00,0.000000e+00,0.000000e+00,0.000000e+00,0.000000e+00,0.000000e+00,0.000000e+00
1.000000e+00,0.000000e+00,0.000000e+00,0.000000e+00,0.000000e+00,0.000000e+00,0.000000e+00,0.000000e+00,0.000000e+00,0.000000e+00,0.000000e+00,0.000000e+00,0.000000e+00,0.000000e+00,0.000000e+00
1.000000e+00,0.000000e+00,0.000000e+00,0.000000e+00,0.000000e+00,0.000000e+00,0.000000e+00,0.000000e+00,0.000000e+00,0.000000e+00,0.000000e+00,0.000000e+00,0.000000e+00,0.000000e+00,0.000000e+00
1.000000e+00,0.000000e+00,0.000000e+00,0.000000e+00,0.000000e+00,0.000000e+00,0.000000e+00,0.000000e+00,0.000000e+00,0.000000e+00,0.000000e+00,0.000000e+00,0.000000e+00,0.000000e+00,0.000000e+00
1.000000e+00,0.000000e+00,0.000000e+00,0.000000e+00,0.000000e+00,0.000000e+00,0.000000e+00,0.000000e+00,0.000000e+00,0.000000e+00,0.000000e+00,0.000000e+00,0.000000e+00,0.000000e+00,0.000000e+00
1.000000e+00,0.000000e+00,0.000000e+00,0.000000e+00,0.000000e+00,0.000000e+00,0.000000e+00,0.000000e+00,0.000000e+00,0.000000e+00,0.000000e+00,0.000000e+00,0.000000e+00,0.000000e+00,0.000000e+00
1.000000e+00,0.000000e+00,0.000000e+00,0.000000e+00,0.000000e+00,0.000000e+00,0.000000e+00,0.000000e+00,0.000000e+00,0.000000e+00,0.000000e+00,0.000000e+00,0.000000e+00,0.000000e+00,0.000000e+00
1.000000e+00,0.000000e+00,0.000000e+00,0.000000e+00,0.000000e+00,0.000000e+00,0.000000e+00,0.000000e+00,0.000000e+00,0.000000e+00,0.000000e+00,0.000000e+00,0.000000e+00,0.000000e+00,0.000000e+00
1.000000e+00,0.000000e+00,0.000000e+00,0.000000e+00,0.000000e+00,0.000000e+00,0.000000e+00,0.000000e+00,0.000000e+00,0.000000e+00,0.000000e+00,0.000000e+00,0.000000e+00,0.000000e+00,0.000000e+00
1.000000e+00,0.000000e+00,0.000000e+00,0.000000e+00,0.000000e+00,0.000000e+00,0.000000e+00,0.000000e+00,0.000000e+00,0.000000e+00,0.000000e+00,0.000000e+00,0.000000e+00,0.000000e+00,0.000000e+00
1.000000e+00,0.000000e+00,0.000000e+00,0.000000e+00,0.000000e+00,0.000000e+00,0.000000e+00,0.000000e+00,0.000000e+00,0.000000e+00,0.000000e+00,0.000000e+00,0.000000e+00,0.000000e+00,0.000000e+00
1.000000e+00,0.000000e+00,0.000000e+00,0.000000e+00,0.000000e+00,0.000000e+00,0.000000e+00,0.000000e+00,0.000000e+00,0.000000e+00,0.000000e+00,0.000000e+00,0.000000e+00,0.000000e+00,0.000000e+00
1.000000e+00,0.000000e+00,0.000000e+00,0.000000e+00,0.000000e+00,0.000000e+00,0.000000e+00,0.000000e+00,0.000000e+00,0.000000e+00,0.000000e+00,0.000000e+00,0.000000e+00,0.000000e+00,0.000000e+00
1.000000e+00,0.000000e+00,0.000000e+00,0.000000e+00,0.000000e+00,0.000000e+00,0.000000e+00,0.000000e+00,0.000000e+00,0.000000e+00,0.000000e+00,0.000000e+00,0.000000e+00,0.000000e+00,0.000000e+00
1.000000e+00,0.000000e+00,0.000000e+00,0.000000e+00,0.000000e+00,0.000000e+00,0.000000e+00,0.000000e+00,0.000000e+00,0.000000e+00,0.000000e+00,0.000000e+00,0.000000e+00,0.000000e+00,0.000000e+00
1.000000e+00,0.000000e+00,0.000000e+00,0.000000e+00,0.000000e+00,0.000000e+00,0.000000e+00,0.000000e+00,0.000000e+00,0.000000e+00,0.000000e+00,0.000000e+00,0.000000e+00,0.000000e+00,0.000000e+00
1.000000e+00,0.000000e+00,0.000000e+00,0.000000e+00,0.000000e+00,0.000000e+00,0.000000e+00,0.000000e+00,0.000000e+00,0.000000e+00,0.000000e+00,0.000000e+00,0.000000e+00,0.000000e+00,0.000000e+00
1.000000e+00,0.000000e+00,0.000000e+00,0.000000e+00,0.000000e+00,0.000000e+00,0.000000e+00,0.000000e+00,0.000000e+00,0.000000e+00,0.000000e+00,0.000000e+00,0.000000e+00,0.000000e+00,0.000000e+00
4.662100e-01,7.722981e-03,3.320506e-03,1.267537e-02,3.815802e-01,3.530737e-02,5.035613e-02,4.518413e-03,2.714793e-03,2.027977e-03,4.957982e-03,1.044911e-02,8.337545e-03,1.543436e-03,8.278142e-03
3.265255e-01,6.429724e-03,2.869307e-03,1.208674e-02,3.166918e-01,2.730286e-02,1.286974e-01,3.264471e-03,2.752128e-03,4.824888e-02,1.814543e-02,7.988250e-03,1.712087e-02,2.567351e-03,7.930929e-02
2.285813e-01,4.972156e-03,2.029684e-03,9.992450e-03,2.234342e-01,2.473809e-02,1.749555e-01,2.289667e-03,2.502162e-03,1.843925e-01,2.702857e-02,9.721971e-03,1.325416e-02,2.362527e-03,8.974499e-02
1.601656e-01,3.719247e-03,1.502524e-03,9.268951e-03,1.580275e-01,2.523757e-02,1.726774e-01,1.705046e-03,3.356208e-03,2.131735e-01,4.656195e-02,1.480427e-02,2.473591e-02,7.012012e-03,1.580522e-01
1.122494e-01,2.804657e-03,1.143183e-03,9.574999e-03,1.113918e-01,2.295969e-02,1.227961e-01,1.292787e-03,3.499610e-03,2.422582e-01,8.373970e-02,2.643673e-02,3.681257e-02,9.082481e-03,2.139582e-01
7.954042e-02,2.510628e-03,4.685978e-03,1.398458e-02,1.069822e-01,1.770461e-02,8.602427e-02,1.672480e-03,3.226489e-02,1.910642e-01,1.008573e-01,3.118162e-02,3.542222e-02,1.650076e-02,2.796038e-01
5.644363e-02,3.977755e-03,4.489023e-03,2.688596e-02,8.704570e-02,1.750914e-02,6.023254e-02,1.610259e-03,6.729890e-02,2.203712e-01,1.108727e-01,3.089081e-02,3.507010e-02,3.479032e-02,2.425120e-01
4.022236e-02,4.629033e-03,5.040695e-03,3.537957e-02,1.435391e-01,1.952824e-02,4.226782e-02,2.784108e-03,1.104233e-01,2.270345e-01,8.441509e-02,2.382198e-02,2.683151e-02,3.966660e-02,1.944161e-01
2.858296e-02,7.156296e-03,5.312292e-03,2.925286e-02,1.024228e-01,1.711701e-02,2.964699e-02,3.184710e-03,1.914676e-01,1.762976e-01,8.487280e-02,1.978881e-02,2.266313e-02,4.550254e-02,2.367317e-01
2.051214e-02,1.015954e-02,5.829263e-03,2.390413e-02,7.355237e-02,1.392020e-02,2.079768e-02,3.170751e-03,2.383061e-01,1.518469e-01,8.343750e-02,1.924584e-02,2.228143e-02,7.385497e-02,2.391812e-01
1.539719e-02,1.119485e-02,4.764872e-03,2.306681e-02,5.295091e-02,1.098160e-02,1.458361e-02,2.738689e-03,3.798722e-01,1.160042e-01,6.383001e-02,1.725985e-02,2.905430e-02,7.775532e-02,1.805456e-01
1.843411e-02,1.437432e-02,8.701186e-03,2.385027e-02,3.964160e-02,9.690668e-03,1.049890e-02,1.314726e-02,3.141255e-01,8.854727e-02,5.942765e-02,1.533862e-02,3.350955e-02,1.967141e-01,1.539991e-01
3.915300e-02,2.724906e-02,1.140363e-02,2.715271e-02,3.660101e-02,1.145549e-02,7.810586e-03,1.767495e-02,3.145050e-01,6.597850e-02,4.974281e-02,1.320815e-02,3.301326e-02,2.204805e-01,1.245715e-01
2.959428e-02,2.910858e-02,1.144886e-02,2.484640e-02,2.765850e-02,1.004840e-02,5.602877e-03,2.551538e-02,2.841999e-01,5.210216e-02,4.066326e-02,1.010539e-02,2.783815e-02,3.129851e-01,1.082828e-01
2.232482e-02,2.806173e-02,1.114807e-02,2.500457e-02,2.057518e-02,8.377634e-03,4.105650e-03,2.497567e-02,3.016273e-01,4.322051e-02,3.889742e-02,9.234748e-03,2.417650e-02,3.367599e-01,1.015104e-01
1.630665e-02,4.042737e-02,1.470405e-02,2.946723e-02,1.587195e-02,6.491771e-03,3.266929e-03,6.459220e-02,3.645617e-01,3.173569e-02,3.243437e-02,7.105579e-03,1.960108e-02,2.719183e-01,8.151517e-02
1.175393e-02,3.510188e-02,1.146077e-02,2.212930e-02,1.293193e-02,5.213007e-03,2.402047e-03,4.764796e-02,5.326828e-01,2.244567e-02,2.361200e-02,5.256036e-03,1.481813e-02,1.925845e-01,5.996005e-02
8.898514e-03,2.970660e-02,9.793136e-03,1.002723e-01,1.344712e-02,4.015101e-03,1.788600e-03,3.499076e-02,5.708265e-01,1.635003e-02,1.697847e-02,3.756264e-03,1.115325e-02,1.349540e-01,4.306934e-02
1.299031e-02,3.187407e-02,1.291608e-02,1.294815e-01,2.922644e-02,3.311915e-03,1.559994e-03,3.953663e-02,5.715552e-01,1.337190e-02,1.498353e-02,2.828278e-03,9.154386e-03,9.525940e-02,3.195035e-02
1.466968e-02,3.464163e-02,1.154638e-02,1.004555e-01,4.213767e-02,3.238331e-03,1.601837e-03,4.075793e-02,6.243770e-01,1.180222e-02,1.169311e-02,2.231236e-03,7.287482e-03,6.684621e-02,2.671375e-02
1.809227e-02,5.127668e-02,1.635491e-02,7.336926e-02,4.809410e-02,3.258734e-03,1.685538e-03,1.019363e-01,5.852461e-01,9.165997e-03,8.755801e-03,1.711322e-03,6.652047e-03,4.770246e-02,2.669841e-02
2.251428e-02,1.020428e-01,1.601550e-02,5.429666e-02,5.377391e-02,2.883186e-03,1.506780e-03,1.616259e-01,5.063608e-01,7.107353e-03,6.549978e-03,1.267389e-03,5.139879e-03,3.411905e-02,2.479661e-02
2.580162e-02,1.599317e-01,1.950028e-02,4.203476e-02,5.224888e-02,3.729578e-03,1.195210e-03,2.070976e-01,4.192779e-01,5.173525e-03,4.767097e-03,1.001255e-03,4.172413e-03,2.764568e-02,2.642254e-02
3.828027e-02,1.700309e-01,2.453960e-02,3.520739e-02,7.841110e-02,6.483357e-03,1.336337e-03,1.745694e-01,4.087245e-01,4.578137e-03,3.681250e-03,1.058458e-03,4.127012e-03,2.118378e-02,2.778852e-02
4.988071e-02,1.635877e-01,5.192661e-02,4.694753e-02,6.925230e-02,8.069587e-03,1.194493e-03,1.820870e-01,3.418650e-01,1.083420e-02,3.722730e-03,3.311313e-03,5.552802e-03,1.586129e-02,4.590674e-02
6.464465e-02,1.834214e-01,5.889305e-02,4.388812e-02,6.341020e-02,1.138099e-02,1.547992e-03,1.490999e-01,3.104551e-01,1.016874e-02,5.020170e-03,8.062490e-03,9.649485e-03,1.450740e-02,6.585029e-02
7.466178e-02,2.221389e-01,4.833658e-02,3.555324e-02,5.483568e-02,1.313402e-02,1.383223e-03,1.172678e-01,3.332302e-01,8.201428e-03,5.924898e-03,1.089330e-02,8.926118e-03,1.113242e-02,5.438038e-02
1.015423e-01,2.100914e-01,5.968603e-02,3.947956e-02,5.091117e-02,2.301261e-02,1.826361e-03,1.095852e-01,2.723241e-01,1.214709e-02,1.063037e-02,2.329214e-02,2.023130e-02,8.723462e-03,5.651698e-02
1.406484e-01,1.621431e-01,4.632582e-02,4.064506e-02,3.928062e-02,2.851638e-02,1.529119e-03,8.428128e-02,3.039861e-01,1.550937e-02,1.477611e-02,3.663489e-02,1.981699e-02,6.498004e-03,5.940881e-02
1.482733e-01,1.298067e-01,4.365420e-02,8.037056e-02,3.152802e-02,2.817675e-02,1.254063e-03,6.494787e-02,2.795563e-01,1.812810e-02,2.170159e-02,6.064150e-02,2.150418e-02,4.945350e-03,6.551155e-02
1.425494e-01,9.504621e-02,3.267296e-02,6.444982e-02,2.612250e-02,5.312753e-02,1.029492e-03,4.607832e-02,2.150329e-01,1.759861e-02,4.730834e-02,1.541566e-01,4.340120e-02,3.886032e-03,5.754013e-02
1.360304e-01,7.027764e-02,2.563330e-02,5.413411e-02,2.559946e-02,6.427421e-02,8.443968e-04,3.293210e-02,1.718877e-01,1.904027e-02,8.603770e-02,1.875868e-01,7.299070e-02,3.612997e-03,4.911830e-02
1.020357e-01,4.989976e-02,2.274209e-02,4.140842e-02,2.081781e-02,5.056807e-02,7.056096e-04,2.350225e-02,1.231361e-01,4.484925e-02,1.356851e-01,2.187507e-01,9.367763e-02,3.917339e-03,6.830417e-02
7.991818e-02,3.797473e-02,1.767777e-02,5.256971e-02,2.122102e-02,6.026441e-02,7.653704e-04,1.783930e-02,9.666537e-02,8.749349e-02,1.338177e-01,2.502506e-01,8.724507e-02,4.930067e-03,5.136726e-02
6.181404e-02,2.712962e-02,1.313055e-02,3.960583e-02,1.710909e-02,5.907291e-02,7.525235e-04,1.348043e-02,6.935320e-02,1.624252e-01,1.340040e-01,2.528519e-01,8.442136e-02,5.355895e-03,5.949352e-02
6.085242e-02,2.007838e-02,1.012901e-02,3.041386e-02,1.705636e-02,1.241408e-01,9.096268e-04,1.181447e-02,5.131423e-02,1.652934e-01,1.171055e-01,2.607179e-01,7.809559e-02,5.501496e-03,4.657706e-02
4.553002e-02,1.431900e-02,7.695236e-03,2.392416e-02,9.957318e-02,8.928636e-02,1.422545e-03,9.301934e-03,4.262204e-02,1.316110e-01,1.154447e-01,3.054939e-01,6.308869e-02,4.272360e-03,4.641506e-02
3.610048e-02,1.108472e-02,8.836694e-03,2.022390e-02,1.709718e-01,7.205836e-02,4.353859e-03,1.809629e-02,3.860754e-02,1.178375e-01,1.093527e-01,2.927632e-01,5.416641e-02,5.185372e-03,4.036127e-02
6.140827e-02,1.152968e-02,1.656524e-02,3.073270e-02,1.969970e-01,6.443316e-02,3.662118e-03,2.237370e-02,7.427958e-02,1.172918e-01,8.633007e-02,2.249311e-01,4.608705e-02,9.056271e-03,3.432221e-02
7.318699e-02,1.724399e-02,4.724847e-02,2.534134e-02,1.721976e-01,5.439805e-02,3.122717e-03,2.519139e-02,9.417565e-02,1.474407e-01,7.061294e-02,1.777157e-01,4.739321e-02,1.041382e-02,3.431729e-02
7.965667e-02,3.713624e-02,1.267729e-01,3.522305e-02,1.341560e-01,4.228017e-02,2.670019e-03,2.118543e-02,1.116501e-01,1.297071e-01,5.704945e-02,1.326328e-01,3.926039e-02,8.834505e-03,4.178520e-02
9.589185e-02,4.415236e-02,1.596424e-01,3.280075e-02,1.330500e-01,4.021008e-02,3.806919e-03,1.949895e-02,1.283524e-01,1.170443e-01,4.854475e-02,9.749716e-02,3.553143e-02,8.707406e-03,3.526938e-02
8.813606e-02,5.803208e-02,1.547458e-01,3.544082e-02,1.593211e-01,4.551664e-02,6.948644e-03,2.102803e-02,1.221946e-01,1.397360e-01,3.525459e-02,6.901235e-02,2.802566e-02,8.559201e-03,2.804847e-02
1.425404e-01,5.619290e-02,1.436898e-01,6.123947e-02,1.384432e-01,5.405964e-02,1.052387e-02,1.890140e-02,1.021812e-01,1.296716e-01,2.736099e-02,5.173117e-02,2.270298e-02,1.013176e-02,3.062968e-02
1.651792e-01,5.624807e-02,1.306545e-01,5.414540e-02,1.197293e-01,4.959244e-02,8.982601e-03,1.487858e-02,8.866320e-02,1.387668e-01,2.281526e-02,3.906604e-02,2.024905e-02,9.833239e-03,8.119633e-02
1.767191e-01,6.207830e-02,1.104694e-01,7.107355e-02,1.163867e-01,4.855542e-02,1.038132e-02,1.596956e-02,8.015350e-02,1.301311e-01,3.035962e-02,4.317132e-02,1.995746e-02,9.287078e-03,7.530652e-02
2.177038e-01,5.577416e-02,8.816181e-02,5.719216e-02,1.159090e-01,3.744874e-02,1.006317e-02,1.555829e-02,7.302511e-02,1.362292e-01,3.424702e-02,5.444979e-02,2.913633e-02,9.723976e-03,6.537737e-02
1.756850e-01,7.389139e-02,6.805883e-02,1.261947e-01,1.269408e-01,4.484391e-02,1.163984e-02,1.349113e-02,6.562538e-02,1.002381e-01,4.456101e-02,5.590709e-02,2.761186e-02,1.198060e-02,5.333041e-02
1.515334e-01,7.843591e-02,7.975569e-02,1.174831e-01,9.714569e-02,3.846670e-02,9.323938e-03,1.261728e-02,6.284095e-02,7.509933e-02,6.271000e-02,5.329033e-02,2.758036e-02,5.915065e-02,7.456671e-02
1.492035e-01,6.863639e-02,6.388579e-02,1.078298e-01,8.347356e-02,3.798905e-02,1.146530e-02,1.119386e-02,5.159578e-02,5.537689e-02,7.302999e-02,4.806501e-02,8.528542e-02,7.337473e-02,7.959493e-02
2.434840e-01,5.626481e-02,4.605472e-02,9.562725e-02,6.427098e-02,3.007935e-02,9.990005e-03,8.811204e-03,4.401959e-02,4.019606e-02,5.735529e-02,4.383440e-02,1.342193e-01,5.840449e-02,6.738850e-02
2.694455e-01,4.709470e-02,3.292247e-02,7.705742e-02,4.968370e-02,2.471062e-02,8.741220e-03,6.752179e-03,3.710328e-02,3.053140e-02,4.486548e-02,4.145657e-02,2.193685e-01,4.974474e-02,6.052214e-02
2.507389e-01,4.101676e-02,2.390151e-02,5.800049e-02,3.713364e-02,2.454296e-02,9.270186e-03,5.010639e-03,3.157424e-02,3.053405e-02,4.286883e-02,9.480613e-02,2.637796e-01,4.097278e-02,4.584932e-02
3.422358e-01,3.391694e-02,1.916727e-02,4.671243e-02,2.844149e-02,2.856405e-02,7.929172e-03,4.712745e-03,2.750795e-02,2.926098e-02,4.032420e-02,1.066956e-01,2.138163e-01,3.124003e-02,3.947504e-02
3.802494e-01,2.905598e-02,1.576609e-02,4.085895e-02,2.240814e-02,2.702196e-02,7.327643e-03,5.411701e-03,2.710072e-02,3.326534e-02,3.678959e-02,1.367221e-01,1.777065e-01,2.448881e-02,3.582716e-02
4.264148e-01,2.537723e-02,1.189607e-02,3.250749e-02,2.272275e-02,2.174065e-02,7.800852e-03,4.398079e-03,6.246579e-02,3.909274e-02,3.154951e-02,1.192767e-01,1.473065e-01,1.848409e-02,2.896676e-02
4.262007e-01,2.524520e-02,1.037394e-02,2.761795e-02,1.889255e-02,1.857727e-02,7.489131e-03,3.514277e-03,6.351936e-02,7.644453e-02,2.881301e-02,1.188697e-01,1.304608e-01,1.525921e-02,2.872233e-02
4.064962e-01,2.777196e-02,1.278715e-02,2.142571e-02,2.103990e-02,1.719502e-02,1.299329e-02,3.412319e-03,9.057938e-02,9.224857e-02,2.394890e-02,1.198769e-01,1.036224e-01,1.396685e-02,3.263544e-02
3.399794e-01,2.557431e-02,1.290347e-02,1.746533e-02,1.872532e-02,1.857318e-02,1.267454e-02,5.378721e-03,7.691054e-02,9.305547e-02,1.918775e-02,2.341011e-01,8.807981e-02,1.184475e-02,2.554623e-02
3.447145e-01,2.025988e-02,1.718689e-02,1.432762e-02,1.570010e-02,2.266043e-02,3.199948e-02,5.060371e-02,6.237217e-02,7.747704e-02,1.900854e-02,2.228943e-01,6.927954e-02,9.600678e-03,2.191510e-02
2.898659e-01,1.813822e-02,1.418228e-02,1.203197e-02,2.572699e-02,2.985292e-02,4.011374e-02,4.340187e-02,7.383564e-02,6.163792e-02,1.443298e-02,2.347804e-01,8.709072e-02,7.566480e-03,4.734189e-02
2.675787e-01,2.474013e-02,1.263122e-02,1.146181e-02,3.100110e-02,3.684466e-02,4.292163e-02,3.702267e-02,9.580812e-02,5.082623e-02,1.085989e-02,2.329110e-01,9.015087e-02,5.709878e-03,4.953209e-02
2.396587e-01,2.807457e-02,1.303788e-02,3.409733e-02,2.885383e-02,7.940311e-02,3.518819e-02,2.695660e-02,1.435221e-01,3.920567e-02,9.498703e-03,1.696434e-01,1.056181e-01,4.140193e-03,4.310156e-02
1.954895e-01,3.126619e-02,1.767169e-02,9.294775e-02,4.124001e-02,8.480138e-02,3.228668e-02,2.625491e-02,1.796562e-01,3.326129e-02,8.048620e-03,1.231816e-01,9.458843e-02,3.098978e-03,3.620671e-02
1.868370e-01,3.769798e-02,1.990401e-02,1.032321e-01,5.321198e-02,1.109528e-01,2.910553e-02,2.370427e-02,1.982637e-01,3.049842e-02,7.294747e-03,8.967385e-02,7.485680e-02,2.428767e-03,3.233798e-02
1.536105e-01,3.436491e-02,7.402484e-02,1.085035e-01,6.804068e-02,1.335808e-01,2.658638e-02,3.107594e-02,1.679500e-01,3.828324e-02,6.842440e-03,6.415145e-02,5.682566e-02,2.524893e-03,3.363486e-02
1.238583e-01,5.081926e-02,7.370332e-02,8.610319e-02,6.639512e-02,1.338931e-01,2.918821e-02,2.398882e-02,2.156590e-01,4.794534e-02,7.417645e-03,4.550100e-02,4.382474e-02,2.367731e-03,4.933522e-02
1.165840e-01,1.020883e-01,7.475618e-02,6.565738e-02,8.099245e-02,1.247049e-01,3.243672e-02,2.127064e-02,2.122850e-01,3.754693e-02,7.668438e-03,3.608664e-02,3.899021e-02,2.421168e-03,4.651095e-02
8.743696e-02,8.321488e-02,1.417248e-01,1.618525e-01,6.154002e-02,8.915812e-02,2.429004e-02,1.622058e-02,1.739049e-01,3.471407e-02,6.667563e-03,2.644684e-02,2.834092e-02,1.875252e-03,6.261267e-02
7.830379e-02,8.885247e-02,1.184705e-01,1.332178e-01,6.661790e-02,7.468120e-02,2.020611e-02,5.061385e-02,1.967761e-01,3.264210e-02,6.466161e-03,1.964206e-02,2.269322e-02,2.122891e-03,8.869391e-02
6.140281e-02,6.577180e-02,9.654059e-02,2.685514e-01,5.016295e-02,5.344725e-02,1.453718e-02,4.935072e-02,1.666099e-01,3.389044e-02,1.593216e-02,1.567839e-02,1.840726e-02,2.194805e-03,8.752233e-02
5.305325e-02,4.905608e-02,8.018844e-02,3.267335e-01,4.087368e-02,3.888489e-02,1.068007e-02,5.242922e-02,1.407450e-01,3.247342e-02,5.955858e-02,1.674179e-02,2.517062e-02,2.463397e-03,7.094799e-02
1.571347e-01,3.727038e-02,8.809869e-02,2.850434e-01,3.266077e-02,3.064021e-02,9.487240e-03,6.002686e-02,1.101732e-01,2.774875e-02,5.289641e-02,2.072291e-02,2.903595e-02,2.250307e-03,5.681024e-02
2.367017e-01,2.859602e-02,9.993297e-02,2.181578e-01,3.094246e-02,2.521318e-02,8.472664e-03,5.477421e-02,9.397132e-02,2.658093e-02,6.160302e-02,1.688149e-02,4.056051e-02,3.018499e-03,5.459331e-02
2.142866e-01,2.270280e-02,8.322622e-02,1.638478e-01,2.911369e-02,1.943467e-02,8.715217e-03,4.431159e-02,7.445416e-02,1.019774e-01,6.181949e-02,1.491969e-02,5.809447e-02,5.397871e-03,9.769832e-02
1.537445e-01,1.887590e-02,6.051095e-02,1.180963e-01,2.122179e-02,1.495001e-02,6.365612e-03,3.209619e-02,5.645372e-02,1.202331e-01,5.552357e-02,1.091089e-02,4.799331e-02,5.018122e-03,2.780061e-01
1.248142e-01,2.581147e-02,6.093142e-02,1.031329e-01,1.721540e-02,1.291923e-02,4.786163e-03,2.715854e-02,6.743796e-02,1.271345e-01,5.297363e-02,8.482306e-03,4.786645e-02,6.247166e-03,3.130887e-01
1.089924e-01,2.250603e-02,6.707188e-02,7.765746e-02,1.332148e-02,1.457592e-02,4.194446e-03,2.417624e-02,5.119285e-02,1.055368e-01,4.564732e-02,6.617391e-03,4.153671e-02,7.517892e-03,4.094552e-01
7.805691e-02,1.987053e-02,4.958883e-02,5.468193e-02,9.431295e-03,1.178348e-02,3.063212e-03,1.725686e-02,4.091183e-02,7.755426e-02,3.354972e-02,4.743875e-03,3.042656e-02,9.683967e-03,5.593967e-01
5.554881e-02,1.656723e-02,3.532290e-02,3.948073e-02,6.937927e-03,9.120361e-03,2.220714e-03,1.264318e-02,3.299640e-02,5.555500e-02,2.920360e-02,3.834908e-03,2.589419e-02,8.685626e-03,6.659884e-01
4.345062e-02,1.572442e-02,2.496666e-02,2.811281e-02,5.200631e-03,7.717575e-03,1.623586e-03,9.041346e-03,3.524727e-02,4.160551e-02,2.307771e-02,2.916809e-03,1.969980e-02,9.544508e-03,7.320708e-01
3.744330e-02,2.169831e-02,1.775864e-02,2.003753e-02,4.736234e-03,8.068977e-03,1.225660e-03,6.466162e-03,6.826338e-02,3.135024e-02,1.759557e-02,2.399038e-03,1.636808e-02,9.915140e-03,7.366738e-01
3.122623e-02,2.124216e-02,1.353326e-02,1.453019e-02,3.741111e-03,7.002242e-03,8.866430e-04,4.651545e-03,8.237097e-02,2.317522e-02,1.480773e-02,2.092671e-03,1.333424e-02,9.913771e-03,7.574920e-01
3.385715e-02,2.070129e-02,1.260936e-02,1.064366e-02,3.812315e-03,1.210872e-02,7.638169e-04,3.414675e-03,7.385195e-02,1.686637e-02,1.728859e-02,2.155188e-03,1.069252e-02,1.405285e-02,7.671816e-01
5.332910e-02,2.718109e-02,1.348110e-02,8.427311e-03,4.705875e-03,1.689706e-02,8.066925e-04,2.537206e-03,7.837133e-02,1.279743e-02,1.772275e-02,2.301110e-03,9.314331e-03,1.865735e-02,7.334703e-01
5.719322e-02,4.643273e-02,3.417403e-02,3.949044e-02,6.367686e-03,1.612537e-02,7.465898e-04,1.901350e-03,1.862459e-01,1.086251e-02,1.443576e-02,2.038750e-03,7.426779e-03,1.999013e-02,5.565687e-01
9.236012e-02,5.305789e-02,5.656990e-02,4.058699e-02,8.343093e-03,1.473742e-02,9.528513e-04,1.539245e-03,1.656671e-01,1.241636e-02,1.228823e-02,1.986141e-03,7.260768e-03,1.980644e-02,5.124275e-01
9.387641e-02,5.005819e-02,1.225844e-01,3.335536e-02,1.017306e-02,1.446323e-02,9.970596e-04,1.641541e-03,1.334091e-01,1.451519e-02,1.026496e-02,1.659975e-03,6.030819e-03,1.768030e-02,4.892905e-01
7.580807e-02,4.011070e-02,2.160774e-01,2.416165e-02,8.915687e-03,1.139526e-02,7.806476e-04,2.014553e-03,1.174916e-01,4.394894e-02,9.388717e-03,1.327647e-03,4.776080e-03,2.689098e-02,4.169121e-01
5.586500e-02,2.972835e-02,3.479490e-01,2.558726e-02,7.701680e-03,8.459270e-03,5.996478e-04,2.127745e-03,1.140776e-01,6.044853e-02,1.014605e-02,1.327663e-03,4.709520e-03,2.159317e-02,3.096796e-01
4.216690e-02,2.694895e-02,4.916237e-01,2.685469e-02,8.776942e-03,6.571184e-03,4.902971e-04,3.498299e-03,8.895817e-02,4.677935e-02,8.298627e-03,1.185353e-03,3.688669e-03,1.616155e-02,2.279974e-01
3.516612e-02,3.558865e-02,5.509657e-01,2.392384e-02,1.120815e-02,5.833288e-03,3.923331e-04,4.709396e-03,8.168241e-02,4.383066e-02,6.544367e-03,1.193786e-03,2.907912e-03,1.349744e-02,1.825559e-01
3.551218e-02,3.442850e-02,5.255846e-01,2.119701e-02,9.466161e-03,5.060583e-03,3.242885e-04,4.667470e-03,8.568093e-02,9.574669e-02,6.234120e-03,1.238465e-03,2.611414e-03,1.493521e-02,1.573124e-01
4.675958e-02,4.698515e-02,4.418209e-01,2.305681e-02,1.012956e-02,5.257739e-03,3.013119e-04,1.317617e-02,9.917796e-02,1.293270e-01,8.763451e-03,2.990613e-03,3.838514e-03,1.465289e-02,1.537624e-01
5.157790e-02,7.223686e-02,3.648415e-01,1.841384e-02,1.075099e-02,5.071975e-03,3.573711e-04,3.517193e-02,1.059907e-01,1.482891e-01,1.002165e-02,3.617369e-03,3.757414e-03,2.485658e-02,1.450449e-01
5.287693e-02,1.134540e-01,2.767376e-01,1.616260e-02,1.240182e-02,5.051832e-03,3.386335e-04,4.714110e-02,1.335269e-01,1.171938e-01,9.881549e-03,3.465469e-03,3.408583e-03,2.386948e-02,1.844897e-01
5.611145e-02,1.309667e-01,2.013518e-01,1.484110e-02,1.571155e-02,5.489076e-03,3.348513e-04,6.176205e-02,1.732041e-01,9.980605e-02,8.653460e-03,3.247119e-03,3.033201e-03,2.800989e-02,1.974776e-01
5.384466e-02,1.768800e-01,1.514715e-01,1.547043e-02,2.027639e-02,1.103864e-02,4.293904e-04,8.590657e-02,2.027419e-01,7.919461e-02,7.717105e-03,3.148221e-03,3.261682e-03,2.920907e-02,1.594098e-01
5.629395e-02,2.447938e-01,1.092660e-01,1.319990e-02,2.191556e-02,1.533141e-02,4.688237e-04,7.397877e-02,2.138268e-01,6.684158e-02,9.563790e-03,3.605084e-03,3.362237e-03,3.088096e-02,1.366713e-01
5.653416e-02,3.531841e-01,8.024988e-02,1.128695e-02,2.637734e-02,1.508621e-02,5.305516e-04,6.045708e-02,1.911423e-01,5.368654e-02,9.674741e-03,3.421904e-03,3.269964e-03,2.615827e-02,1.089401e-01
5.021843e-02,2.838064e-01,5.692915e-02,8.404067e-03,1.969619e-02,1.930243e-02,4.018109e-04,4.269253e-02,1.393938e-01,4.700758e-02,1.825595e-01,5.090191e-03,3.482578e-03,6.046700e-02,8.054831e-02
4.816289e-02,2.403655e-01,4.038193e-02,6.098098e-03,1.456332e-02,1.753777e-02,3.208914e-04,3.093518e-02,1.049675e-01,3.774893e-02,2.581596e-01,6.510554e-03,2.915320e-03,1.317205e-01,5.961205e-02
3.605437e-02,1.709453e-01,2.845849e-02,4.304666e-03,1.027564e-02,1.583917e-02,2.365108e-04,2.169467e-02,7.432060e-02,2.697900e-02,4.064437e-01,6.581707e-03,2.141624e-03,1.531822e-01,4.254239e-02
2.878826e-02,1.222496e-01,2.098475e-02,3.287788e-03,7.930907e-03,1.629451e-02,2.359044e-04,1.535953e-02,5.802673e-02,2.068345e-02,4.549048e-01,7.294529e-03,2.015946e-03,2.118090e-01,3.013435e-02
2.678901e-02,9.077307e-02,1.536254e-02,2.636339e-03,6.565604e-03,2.594334e-02,2.260734e-04,1.097756e-02,4.668833e-02,1.601562e-02,4.153127e-01,1.042783e-02,2.097294e-03,3.086624e-01,2.152229e-02
3.073926e-02,6.670404e-02,1.287236e-02,2.512784e-03,5.327024e-03,2.037854e-02,2.150151e-04,8.381177e-03,1.055396e-01,1.199146e-02,3.677886e-01,1.373273e-02,1.721817e-03,3.363608e-01,1.573482e-02
2.760782e-02,5.227537e-02,1.046255e-02,2.214357e-03,5.094299e-03,1.721451e-02,1.852332e-04,6.353582e-03,1.679248e-01,9.728131e-03,3.460819e-01,1.681766e-02,1.498446e-03,3.249044e-01,1.163697e-02
2.237944e-02,4.697306e-02,1.425044e-02,2.496299e-03,6.870374e-03,3.068911e-02,3.169718e-04,6.836629e-03,2.625619e-01,1.219790e-02,2.857141e-01,1.348459e-02,1.223052e-03,2.853523e-01,8.653811e-03
1.749783e-02,5.593474e-02,1.948242e-02,2.649234e-03,8.768762e-03,5.627884e-02,4.161963e-04,1.229665e-02,3.659968e-01,1.629625e-02,2.096028e-01,1.074666e-02,1.094112e-03,2.153718e-01,7.566862e-03
1.705639e-02,4.217171e-02,3.078405e-02,1.768831e-02,1.125345e-02,4.498401e-02,3.728204e-04,1.291466e-02,4.812920e-01,1.501200e-02,1.522163e-01,7.883720e-03,9.961901e-04,1.589321e-01,6.442369e-03
1.741113e-02,3.147372e-02,2.362560e-02,1.334374e-02,1.698404e-02,3.917019e-02,3.263498e-04,9.635614e-03,5.229926e-01,1.302405e-02,1.733857e-01,5.842021e-03,8.476460e-04,1.225540e-01,9.383700e-03
1.957000e-02,2.718496e-02,2.398291e-02,1.229813e-02,1.621209e-02,3.971705e-02,2.911119e-04,1.044325e-02,5.683421e-01,1.390329e-02,1.481337e-01,5.045022e-03,9.472534e-04,1.037803e-01,1.014889e-02
1.613448e-02,2.079467e-02,1.848959e-02,9.885093e-03,1.551202e-02,3.537171e-02,3.421585e-04,8.056286e-03,5.471126e-01,2.311620e-02,1.387214e-01,5.104682e-03,1.919723e-03,1.501547e-01,9.284725e-03
1.245675e-02,1.561597e-02,1.354634e-02,8.080228e-03,2.909343e-02,2.816308e-02,6.154297e-04,6.458399e-03,4.624910e-01,5.318177e-02,1.261698e-01,4.087558e-03,4.019620e-03,2.274328e-01,8.587871e-03
9.533765e-03,1.181845e-02,1.237430e-02,9.678150e-03,5.396662e-02,2.811945e-02,9.639316e-04,1.130826e-02,3.861161e-01,9.554897e-02,1.166042e-01,3.346310e-03,9.921420e-03,2.419065e-01,8.793540e-03
9.773899e-03,1.000231e-02,1.534163e-02,8.592099e-03,1.000580e-01,2.433331e-02,3.295028e-03,2.259213e-02,3.084202e-01,1.352535e-01,1.267633e-01,3.228610e-03,1.087446e-02,2.140283e-01,7.443151e-03
8.659751e-03,1.019335e-02,1.553320e-02,6.974527e-03,8.750452e-02,2.251147e-02,2.819512e-03,1.788161e-02,2.425904e-01,2.622257e-01,1.311568e-01,3.036254e-03,9.423823e-03,1.728154e-01,6.673693e-03
6.659761e-03,7.602237e-03,1.172890e-02,5.141158e-03,6.883383e-02,1.631615e-02,2.073180e-03,1.311417e-02,1.755449e-01,4.591456e-01,9.361175e-02,2.282919e-03,7.174774e-03,1.251694e-01,5.601346e-03
5.767270e-03,5.872348e-03,9.739152e-03,3.895039e-03,5.262056e-02,1.232741e-02,1.746453e-03,1.682534e-02,1.290570e-01,5.873694e-01,7.055724e-02,2.079153e-03,5.693390e-03,9.208662e-02,4.363703e-03
6.229710e-03,4.928961e-03,9.818703e-03,2.827728e-03,3.986213e-02,9.338479e-03,1.452523e-03,1.310811e-02,9.804378e-02,6.767728e-01,5.329568e-02,1.659811e-03,4.314720e-03,7.455540e-02,3.791538e-03
1.260495e-02,5.435450e-03,1.566952e-02,5.386673e-03,4.189473e-02,8.491013e-03,1.497245e-03,5.701546e-02,8.815160e-02,6.542277e-01,4.402633e-02,1.903189e-03,4.226221e-03,5.560597e-02,3.863947e-03
3.058156e-02,6.117549e-03,1.211556e-02,5.899079e-03,3.872673e-02,7.484052e-03,1.433174e-03,6.213244e-02,7.424070e-02,6.291679e-01,6.662703e-02,4.516243e-03,5.594101e-03,5.083172e-02,4.532220e-03
2.823874e-02,5.820099e-03,1.051082e-02,1.804075e-02,3.961232e-02,7.242496e-03,1.477631e-03,5.185542e-02,5.778868e-02,4.967805e-01,2.065115e-01,1.781454e-02,1.199937e-02,4.088298e-02,5.424081e-03
3.718310e-02,6.196206e-03,9.476246e-03,2.814739e-02,3.890591e-02,8.065674e-03,1.309825e-03,5.912497e-02,4.677703e-02,4.631392e-01,2.268258e-01,1.771575e-02,1.446321e-02,3.737760e-02,5.292065e-03
4.481534e-02,1.141425e-02,1.054888e-02,2.653346e-02,3.396522e-02,7.603079e-03,1.097324e-03,4.731918e-02,3.974429e-02,4.103397e-01,2.730916e-01,1.960782e-02,1.673792e-02,5.186934e-02,5.312651e-03
6.063985e-02,2.227115e-02,1.219327e-02,2.492361e-02,2.876469e-02,7.912561e-03,1.079059e-03,4.049489e-02,5.387761e-02,3.854831e-01,2.445566e-01,1.680940e-02,1.469258e-02,7.985474e-02,6.446873e-03
6.088120e-02,3.317172e-02,1.312076e-02,2.136160e-02,2.323745e-02,7.417156e-03,8.541595e-04,3.024177e-02,5.268109e-02,3.830104e-01,2.279473e-01,1.375181e-02,1.461431e-02,1.097490e-01,7.960379e-03
6.224986e-02,4.891108e-02,1.135782e-02,2.072877e-02,2.281607e-02,7.109116e-03,8.337836e-04,3.065981e-02,5.743089e-02,3.955907e-01,1.833714e-01,1.081702e-02,1.237658e-02,1.239828e-01,1.176438e-02
7.764827e-02,5.193504e-02,8.153407e-02,8.110304e-02,3.080329e-02,7.143950e-03,1.733512e-03,3.012659e-02,5.848201e-02,2.856756e-01,1.543414e-01,9.399174e-03,1.112627e-02,1.072723e-01,1.167561e-02
1.058578e-01,8.741966e-02,6.669257e-02,9.124196e-02,3.740170e-02,9.439854e-03,1.959517e-03,3.087118e-02,8.225273e-02,2.088367e-01,1.461460e-01,1.115736e-02,1.125456e-02,9.722286e-02,1.224558e-02
1.871224e-01,1.076029e-01,5.877279e-02,8.106696e-02,4.276356e-02,1.052306e-02,2.131913e-03,3.405495e-02,7.720116e-02,1.585994e-01,1.236463e-01,1.118437e-02,1.036666e-02,8.023720e-02,1.472653e-02
1.863900e-01,9.271865e-02,7.427816e-02,8.602640e-02,7.054757e-02,1.196608e-02,2.707187e-03,5.189177e-02,8.955538e-02,1.231053e-01,1.153560e-01,9.852425e-03,1.047454e-02,6.263718e-02,1.249337e-02
2.484207e-01,7.035768e-02,7.477526e-02,1.677846e-01,6.510117e-02,1.068422e-02,2.705123e-03,4.337755e-02,6.846221e-02,8.703861e-02,8.792511e-02,9.319257e-03,8.923382e-03,4.468739e-02,1.043770e-02
3.233884e-01,5.593977e-02,9.712222e-02,1.308019e-01,7.331087e-02,9.388389e-03,2.223285e-03,4.492607e-02,6.803168e-02,6.278477e-02,6.735157e-02,8.147649e-03,7.257702e-03,4.100114e-02,8.324610e-03
3.880560e-01,5.104868e-02,9.001377e-02,1.032972e-01,7.276794e-02,9.692314e-03,2.029806e-03,4.246550e-02,5.679848e-02,5.115993e-02,6.900455e-02,8.832881e-03,7.402300e-03,3.867232e-02,8.758349e-03
3.784634e-01,5.545773e-02,9.856391e-02,9.748815e-02,9.280008e-02,1.077497e-02,2.913001e-03,4.744884e-02,4.826348e-02,4.741690e-02,6.402981e-02,8.826952e-03,6.411713e-03,3.270661e-02,8.434447e-03
3.878465e-01,5.475670e-02,1.022385e-01,9.637017e-02,1.050898e-01,1.039284e-02,2.999463e-03,5.847680e-02,4.299957e-02,3.879488e-02,5.146214e-02,8.057898e-03,5.908099e-03,2.618374e-02,8.422941e-03
3.110470e-01,4.984212e-02,8.086521e-02,1.696295e-01,1.289962e-01,8.889029e-03,4.086536e-03,1.090229e-01,3.360012e-02,2.803589e-02,3.818169e-02,7.750412e-03,4.813778e-03,1.870107e-02,6.538537e-03
3.103287e-01,4.108704e-02,8.540493e-02,1.924515e-01,1.554796e-01,8.478364e-03,5.036842e-03,9.133609e-02,2.553171e-02,2.224540e-02,3.014038e-02,8.788031e-03,4.812773e-03,1.365676e-02,5.221955e-03
3.058633e-01,3.631098e-02,9.915014e-02,1.936100e-01,1.785727e-01,8.346044e-03,5.570530e-03,7.873278e-02,2.154779e-02,1.823383e-02,2.488842e-02,9.019992e-03,4.813362e-03,1.077489e-02,4.565238e-03
2.907790e-01,4.141784e-02,8.971604e-02,2.006113e-01,2.017449e-01,1.096379e-02,5.598991e-03,8.417046e-02,1.598877e-02,1.391706e-02,1.944841e-02,9.810580e-03,4.227672e-03,7.878662e-03,3.726578e-03
2.336865e-01,3.218466e-02,7.341661e-02,2.890817e-01,1.931009e-01,9.808913e-03,4.342097e-03,1.053315e-01,1.155964e-02,1.009392e-02,1.756459e-02,8.010744e-03,3.382921e-03,5.594149e-03,2.841207e-03
