1.000000e+00,0.000000e+00,0.000000e+00,0.000000e+00,0.000000e+00,0.000000e+00,0.000000e+00,0.000000e+00,0.000000e+00,0.000000e+00,0.000000e+00,0.000000e+00,0.000000e+00,0.000000e+00,0.000000e+00
1.000000e+00,0.000000e+00,0.000000e+00,0.000000e+00,0.000000e+00,0.000000e+00,0.000000e+00,0.000000e+00,0.000000e+00,0.000000e+00,0.000000e+00,0.000000e+00,0.000000e+00,0.000000e+00,0.000000e+00
1.000000e+00,0.000000e+00,0.000000e+00,0.000000e+00,0.000000e+00,0.000000e+00,0.000000e+00,0.000000e+00,0.000000e+00,0.000000e+00,0.000000e+00,0.000000e+00,0.000000e+00,0.000000e+00,0.000000e+00
1.000000e+00,0.000000e+00,0.000000e+00,0.000000e+00,0.000000e+00,0.000000e+00,0.000000e+00,0.000000e+00,0.000000e+00,0.000000e+00,0.000000e+00,0.000000e+00,0.000000e+00,0.000000e+00,0.000000e+00
1.000000e+00,0.000000e+00,0.000000e+00,0.000000e+00,0.000000e+00,0.000000e+00,0.000000e+00,0.000000e+00,0.000000e+00,0.000000e+00,0.000000e+00,0.000000e+00,0.000000e+00,0.000000e+00,0.000000e+00
1.000000e+00,0.000000e+00,0.000000e+00,0.000000e+00,0.000000e+00,0.000000e+00,0.000000e+00,0.000000e+00,0.000000e+00,0.000000e+00,0.000000e+00,0.000000e+00,0.000000e+00,0.000000e+00,0.000000e+00
1.000000e+00,0.000000e+00,0.000000e+00,0.000000e+00,0.000000e+00,0.000000e+00,0.000000e+00,0.000000e+00,0.000000e+00,0.000000e+00,0.000000e+00,0.000000e+00,0.000000e+00,0.000000e+00,0.000000e+00
1.000000e+00,0.000000e+00,0.000000e+00,0.000000e+00,0.000000e+00,0.000000e+00,0.000000e+00,0.000000e+00,0.000000e+00,0.000000e+00,0.000000e+00,0.000000e+00,0.000000e+00,0.000000e+00,0.000000e+00
1.000000e+00,0.000000e+00,0.000000e+00,0.000000e+00,0.000000e+00,0.000000e+00,0.000000e+00,0.000000e+00,0.000000e+00,0.000000e+00,0.000000e+00,0.000000e+00,0.000000e+00,0.000000e+00,0.000000e+00
1.000000e+00,0.000000e+00,0.000000e+00,0.000000e+00,0.000000e+00,0.000000e+00,0.000000e+00,0.000000e+00,0.000000e+00,0.000000e+00,0.000000e+00,0.000000e+00,0.000000e+00,0.000000e+00,0.000000e+00
1.000000e+00,0.000000e+00,0.000000e+00,0.000000e+00,0.000000e+00,0.000000e+00,0.000000e+00,0.000000e+00,0.000000e+00,0.000000e+00,0.000000e+00,0.000000e+00,0.000000e+00,0.000000e+00,0.000000e+00
1.000000e+00,0.000000e+00,0.000000e+00,0.000000e+00,0.000000e+00,0.000000e+00,0.000000e+00,0.000000e+00,0.000000e+00,0.000000e+00,0.000000e+00,0.000000e+00,0.000000e+00,0.000000e+00,0.000000e+00
1.000000e+00,0.000000e+00,0.000000e+00,0.000000e+00,0.000000e+00,0.000000e+00,0.000000e+00,0.000000e+00,0.000000e+00,0.000000e+00,0.000000e+00,0.000000e+00,0.000000e+00,0.000000e+00,0.000000e+00
1.000000e+00,0.000000e+00,0.000000e+00,0.000000e+00,0.000000e+00,0.000000e+00,0.000000e+00,0.000000e+00,0.000000e+00,0.000000e+00,0.000000e+00,0.000000e+00,0.000000e+00,0.000000e+00,0.000000e+00
1.000000e+00,0.000000e+00,0.000000e+00,0.000000e+00,0.000000e+00,0.000000e+00,0.000000e+00,0.000000e+00,0.000000e+00,0.000000e+00,0.000000e+00,0.000000e+00,0.000000e+00,0.000000e+00,0.000000e+00
1.000000e+00,0.000000e+00,0.000000e+00,0.000000e+00,0.000000e+00,0.000000e+00,0.000000e+00,0.000000e+00,0.000000e+00,0.000000e+00,0.000000e+00,0.000000e+00,0.000000e+00,0.000000e+00,0.000000e+00
1.000000e+00,0.000000e+00,0.000000e+00,0.000000e+00,0.000000e+00,0.000000e+00,0.000000e+00,0.000000e+00,0.000000e+00,0.000000e+00,0.000000e+00,0.000000e+00,0.000000e+00,0.000000e+00,0.000000e+00
1.000000e+00,0.000000e+00,0.000000e+00,0.000000e+00,0.000000e+00,0.000000e+00,0.000000e+00,0.000000e+00,0.000000e+00,0.000000e+00,0.000000e+00,0.000000e+00,0.000000e+00,0.000000e+00,0.000000e+00
1.000000e+00,0.000000e+00,0.000000e+00,0.000000e+00,0.000000e+00,0.000000e+00,0.000000e+00,0.000000e+00,0.000000e+00,0.000000e+00,0.000000e+00,0.000000e+00,0.000000e+00,0.000000e+00,0.000000e+00
1.000000e+00,0.000000e+00,0.000000e+00,0.000000e+00,0.000000e+00,0.000000e+00,0.000000e+00,0.000000e+00,0.000000e+00,0.000000e+00,0.000000e+00,0.000000e+00,0.000000e+00,0.000000e+00,0.000000e+00
1.000000e+00,0.000000e+00,0.000000e+00,0.000000e+00,0.000000e+00,0.000000e+00,0.000000e+00,0.000000e+00,0.000000e+00,0.000000e+00,0.000000e+00,0.000000e+00,0.000000e+00,0.000000e+00,0.000000e+00
1.000000e+00,0.000000e+00,0.000000e+00,0.000000e+00,0.000000e+00,0.000000e+00,0.000000e+00,0.000000e+00,0.000000e+00,0.000000e+00,0.000000e+00,0.000000e+00,0.000000e+00,0.000000e+00,0.000000e+00
1.000000e+00,0.000000e+00,0.000000e+00,0.000000e+00,0.000000e+00,0.000000e+00,0.000000e+00,0.000000e+00,0.000000e+00,0.000000e+00,0.000000e+00,0.000000e+00,0.000000e+00,0.000000e+00,0.000000e+00
1.000000e+00,0.000000e+00,0.000000e+00,0.000000e+00,0.000000e+00,0.000000e+00,0.000000e+00,0.000000e+00,0.000000e+00,0.000000e+00,0.000000e+00,0.000000e+00,0.000000e+00,0.000000e+00,0.000000e+00
1.000000e+00,0.000000e+00,0.000000e+00,0.000000e+00,0.000000e+00,0.000000e+00,0.000000e+00,0.000000e+00,0.000000e+00,0.000000e+00,0.000000e+00,0.000000e+00,0.000000e+00,0.000000e+00,0.000000e+00
1.000000e+00,0.000000e+00,0.000000e+00,0.000000e+00,0.000000e+00,0.000000e+00,0.000000e+00,0.000000e+00,0.000000e+00,0.000000e+00,0.000000e+00,0.000000e+00,0.000000e+00,0.000000e+00,0.000000e+00
1.000000e+00,0.000000e+00,0.000000e+00,0.000000e+00,0.000000e+00,0.000000e+00,0.000000e+00,0.000000e+00,0.000000e+00,0.000000e+00,0.000000e+00,0.000000e+00,0.000000e+00,0.000000e+00,0.000000e+00
1.000000e+00,0.000000e+00,0.000000e+00,0.000000e+00,0.000000e+00,0.000000e+00,0.000000e+00,0.000000e+00,0.000000e+00,0.000000e+00,0.000000e+00,0.000000e+00,0.000000e+00,0.000000e+00,0.000000e+00
1.000000e+00,0.000000e+00,0.000000e+00,0.000000e+00,0.000000e+00,0.000000e+00,0.000000e+00,0.000000e+00,0.000000e+00,0.000000e+00,0.000000e+00,0.000000e+00,0.000000e+00,0.000000e+00,0.000000e+00
1.000000e+00,0.000000e+00,0.000000e+00,0.000000e+00,0.000000e+00,0.000000e+00,0.000000e+00,0.000000e+00,0.000000e+00,0.000000e+00,0.000000e+00,0.000000e+00,0.000000e+00,0.000000e+00,0.000000e+00
1.000000e+00,0.000000e+00,0.000000e+00,0.000000e+00,0.000000e+00,0.000000e+00,0.000000e+00,0.000000e+00,0.000000e+00,0.000000e+00,0.000000e+00,0.000000e+00,0.000000e+00,0.000000e+00,0.000000e+00
1.000000e+00,0.000000e+00,0.000000e+00,0.000000e+00,0.000000e+00,0.000000e+00,0.000000e+00,0.000000e+00,0.000000e+00,0.000000e+00,0.000000e+00,0.000000e+00,0.000000e+00,0.000000e+00,0.000000e+00
1.000000e+00,0.000000e+00,0.000000e+00,0.000000e+00,0.000000e+00,0.000000e+00,0.000000e+00,0.000000e+00,0.000000e+00,0.000000e+00,0.000000e+00,0.000000e+00,0.000000e+00,0.000000e+00,0.000000e+00
1.000000e+00,0.000000e+00,0.000000e+00,0.000000e+00,0.000000e+00,0.000000e+00,0.000000e+00,0.000000e+00,0.000000e+00,0.000000e+00,0.000000e+00,0.000000e+00,0.000000e+00,0.000000e+00,0.000000e+00
1.000000e+00,0.000000e+00,0.000000e+00,0.000000e+00,0.000000e+00,0.000000e+00,0.000000e+00,0.000000e+00,0.000000e+00,0.000000e+00,0.000000e+00,0.000000e+00,0.000000e+00,0.000000e+00,0.000000e+00
1.000000e+00,0.000000e+00,0.000000e+00,0.000000e+00,0.000000e+00,0.000000e+00,0.000000e+00,0.000000e+00,0.000000e+00,0.000000e+00,0.000000e+00,0.000000e+00,0.000000e+00,0.000000e+00,0.000000e+00
1.000000e+00,0.000000e+00,0.000000e+00,0.000000e+00,0.000000e+00,0.000000e+00,0.000000e+00,0.000000e+00,0.000000e+00,0.000000e+00,0.000000e+00,0.000000e+00,0.000000e+00,0.000000e+00,0.000000e+00
1.000000e+00,0.000000e+00,0.000000e+00,0.000000e+00,0.000000e+00,0.000000e+00,0.000000e+00,0.000000e+00,0.000000e+00,0.000000e+00,0.000000e+00,0.000000e+00,0.000000e+00,0.000000e+00,0.000000e+00
1.000000e+00,0.000000e+00,0.000000e+00,0.000000e+00,0.000000e+00,0.000000e+00,0.000000e+00,0.000000e+00,0.000000e+00,0.000000e+00,0.000000e+00,0.000000e+00,0.000000e+00,0.000000e+00,0.000000e+00
1.000000e+00,0.000000e+00,0.000000e+00,0.000000e+00,0.000000e+00,0.000000e+00,0.000000e+00,0.000000e+00,0.000000e+00,0.000000e+00,0.000000e+00,0.000000e+00,0.000000e+00,0.000000e+00,0.000000e+00
1.000000e+00,0.000000e+00,0.000000e+00,0.000000e+00,0.000000e+00,0.000000e+00,0.000000e+00,0.000000e+00,0.000000e+00,0.000000e+00,0.000000e+00,0.000000e+00,0.000000e+00,0.000000e+00,0.000000e+00
1.000000e+00,0.000000e+00,0.000000e+00,0.000000e+00,0.000000e+00,0.000000e+00,0.000000e+00,0.000000e+00,0.000000e+00,0.000000e+00,0.000000e+00,0.000000e+00,0.000000e+00,0.000000e+00,0.000000e+00
1.000000e+00,0.000000e+00,0.000000e+00,0.000000e+00,0.000000e+00,0.000000e+00,0.000000e+00,0.000000e+00,0.000000e+00,0.000000e+00,0.000000e+00,0.000000e+00,0.000000e+00,0.000000e+00,0.000000e+00
1.000000e+00,0.000000e+00,0.000000e+00,0.000000e+00,0.000000e+00,0.000000e+00,0.000000e+00,0.000000e+00,0.000000e+00,0.000000e+00,0.000000e+00,0.000000e+00,0.000000e+00,0.000000e+00,0.000000e+00
1.000000e+00,0.000000e+00,0.000000e+00,0.000000e+00,0.000000e+00,0.000000e+00,0.000000e+00,0.000000e+00,0.000000e+00,0.000000e+00,0.000000e+00,0.000000e+00,0.000000e+00,0.000000e+00,0.000000e+00
1.000000e+00,0.000000e+00,0.000000e+00,0.000000e+00,0.000000e+00,0.000000e+00,0.000000e+00,0.000000e+00,0.000000e+00,0.000000e+00,0.000000e+00,0.000000e+00,0.000000e+00,0.000000e+00,0.000000e+00
1.000000e+00,0.000000e+00,0.000000e+00,0.000000e+00,0.000000e+00,0.000000e+00,0.000000e+00,0.000000e+00,0.000000e+00,0.000000e+00,0.000000e+00,0.000000e+00,0.000000e+00,0.000000e+00,0.000000e+00
1.000000e+00,0.000000e+00,0.000000e+00,0.000000e+00,0.000000e+00,0.000000e+00,0.000000e+00,0.000000e+00,0.000000e+00,0.000000e+00,0.000000e+00,0.000000e+00,0.000000e+00,0.000000e+00,0.000000e+00
1.000000e+00,0.000000e+00,0.000000e+00,0.000000e+00,0.000000e+00,0.000000e+00,0.000000e+00,0.000000e+00,0.000000e+00,0.000000e+00,0.000000e+00,0.000000e+00,0.000000e+00,0.000000e+00,0.000000e+00
1.000000e+00,0.000000e+00,0.000000e+00,0.000000e+00,0.000000e+00,0.000000e+00,0.000000e+00,0.000000e+00,0.000000e+00,0.000000e+00,0.000000e+00,0.000000e+00,0.000000e+00,0.000000e+00,0.000000e+00
1.000000e+00,0.000000e+00,0.000000e+00,0.000000e+00,0.000000e+00,0.000000e+00,0.000000e+00,0.000000e+00,0.000000e+00,0.000000e+00,0.000000e+00,0.000000e+00,0.000000e+00,0.000000e+00,0.000000e+00
1.000000e+00,0.000000e+00,0.000000e+00,0.000000e+00,0.000000e+00,0.000000e+00,0.000000e+00,0.000000e+00,0.000000e+00,0.000000e+00,0.000000e+00,0.000000e+00,0.000000e+00,0.000000e+00,0.000000e+00
1.000000e+00,0.000000e+00,0.000000e+00,0.000000e+00,0.000000e+00,0.000000e+00,0.000000e+00,0.000000e+00,0.000000e+00,0.000000e+00,0.000000e+00,0.000000e+00,0.000000e+00,0.000000e+00,0.000000e+00
1.000000e+00,0.000000e+00,0.000000e+00,0.000000e+00,0.000000e+00,0.000000e+00,0.000000e+00,0.000000e+00,0.000000e+00,0.000000e+00,0.000000e+00,0.000000e+00,0.000000e+00,0.000000e+00,0.000000e+00
1.000000e+00,0.000000e+00,0.000000e+00,0.000000e+00,0.000000e+00,0.000000e+00,0.000000e+00,0.000000e+00,0.000000e+00,0.000000e+00,0.000000e+00,0.000000e+00,0.000000e+00,0.000000e+00,0.000000e+00
3.736055e-01,2.093861e-02,8.236741e-02,3.142968e-01,5.580594e-03,9.288942e-03,2.472082e-03,6.197795e-03,3.267688e-02,2.327094e-02,1.044674e-02,1.197159e-02,1.042341e-02,2.160773e-03,9.430199e-02
2.646651e-01,1.576479e-02,7.129053e-02,4.535785e-01,4.094052e-03,6.672133e-03,1.792216e-03,4.584629e-03,3.087745e-02,2.054628e-02,3.362382e-02,8.938001e-03,1.034694e-02,1.702639e-03,7.152297e-02
1.906656e-01,1.209819e-02,5.240832e-02,5.386367e-01,3.366579e-03,5.244802e-03,1.400551e-03,3.865489e-03,3.017877e-02,1.590816e-02,7.395296e-02,9.580789e-03,9.186519e-03,1.680793e-03,5.182589e-02
1.393383e-01,1.086132e-02,3.751306e-02,4.920344e-01,2.682538e-03,4.250417e-03,1.084405e-03,3.337427e-03,3.884954e-02,1.405462e-02,1.600161e-01,3.972632e-02,1.356489e-02,4.074511e-03,3.861213e-02
1.060975e-01,1.036785e-02,2.646686e-02,3.551036e-01,2.463065e-03,3.605301e-03,9.612279e-04,2.700893e-03,4.392610e-02,1.082108e-02,2.823642e-01,9.640397e-02,1.335759e-02,1.747010e-02,2.789068e-02
7.622046e-02,9.855539e-03,1.863287e-02,2.519807e-01,3.401581e-03,3.015415e-03,7.333859e-04,2.052215e-03,4.695427e-02,8.135587e-03,3.790433e-01,1.185372e-01,1.234354e-02,4.883498e-02,2.025906e-02
5.610484e-02,1.360889e-02,1.329637e-02,1.934766e-01,8.780489e-03,9.701675e-03,6.180957e-04,2.039188e-03,1.000775e-01,6.072840e-03,4.173959e-01,1.137859e-01,1.118818e-02,3.927536e-02,1.457818e-02
3.976410e-02,2.418553e-02,9.618189e-03,1.417043e-01,1.123178e-02,8.539469e-03,6.330038e-04,1.671941e-03,1.476393e-01,5.119269e-03,4.513201e-01,1.004894e-01,1.002962e-02,3.696987e-02,1.108414e-02
2.874334e-02,4.257157e-02,7.378649e-03,1.062183e-01,1.032501e-02,7.757246e-03,5.167884e-04,1.429970e-03,1.417174e-01,4.680921e-03,4.689940e-01,9.405842e-02,1.336330e-02,6.236825e-02,9.876847e-03
2.110601e-02,4.659036e-02,5.562875e-03,7.910515e-02,1.007625e-02,6.124394e-03,4.033089e-04,1.081341e-03,1.441300e-01,3.737279e-03,4.855754e-01,1.063287e-01,1.496498e-02,6.654453e-02,8.669361e-03
1.617328e-02,5.385113e-02,4.243155e-03,5.679056e-02,9.368306e-03,8.686537e-03,3.177540e-04,9.076417e-04,1.813916e-01,3.810879e-03,4.611740e-01,1.053231e-01,1.839411e-02,6.996690e-02,9.601039e-03
1.540268e-02,6.315240e-02,3.845874e-03,4.099338e-02,9.359924e-03,1.261543e-02,3.549439e-04,1.129505e-03,2.183810e-01,5.304706e-03,4.261205e-01,1.085602e-01,1.741127e-02,6.537826e-02,1.198999e-02
1.511872e-02,5.243266e-02,3.721098e-02,3.084187e-02,2.844980e-02,1.310951e-02,2.276047e-03,1.053179e-01,2.084593e-01,5.552400e-03,3.372444e-01,8.944834e-02,1.542278e-02,4.997905e-02,9.136303e-03
1.507752e-02,4.278515e-02,2.864276e-02,2.295920e-02,2.980436e-02,1.976081e-02,2.584253e-03,8.662771e-02,3.326281e-01,4.717659e-03,2.743860e-01,7.477236e-02,1.342827e-02,4.473764e-02,7.088240e-03
1.842444e-02,3.312718e-02,2.283966e-02,1.729200e-02,4.542096e-02,2.381216e-02,2.797270e-03,7.178348e-02,4.313290e-01,3.636594e-03,2.246255e-01,5.604474e-02,1.022591e-02,3.350700e-02,5.134149e-03
2.471702e-02,2.502022e-02,4.212289e-02,2.759329e-02,9.781006e-02,2.102018e-02,4.632466e-03,1.560657e-01,3.586461e-01,2.823688e-03,1.633404e-01,4.070208e-02,7.823414e-03,2.396434e-02,3.718074e-03
4.978675e-02,3.152327e-02,4.211614e-02,2.962169e-02,9.761965e-02,2.152523e-02,6.198684e-03,1.196958e-01,3.625708e-01,5.263945e-03,1.663041e-01,3.603729e-02,7.506996e-03,2.002196e-02,4.207756e-03
4.778519e-02,2.804077e-02,7.135981e-02,1.092690e-01,1.202081e-01,2.614121e-02,7.825817e-03,1.132833e-01,2.961923e-01,4.570981e-03,1.206690e-01,2.937380e-02,7.355983e-03,1.439706e-02,3.527650e-03
6.800349e-02,3.257413e-02,5.906429e-02,1.014130e-01,1.041836e-01,2.670658e-02,7.451687e-03,8.588081e-02,3.549622e-01,3.990279e-03,1.065608e-01,2.692046e-02,6.635851e-03,1.214286e-02,3.509949e-03
7.842757e-02,2.570064e-02,5.781809e-02,1.918177e-01,1.178282e-01,2.050282e-02,7.567282e-03,8.579627e-02,2.935408e-01,3.197736e-03,7.935478e-02,2.092883e-02,5.802411e-03,8.844154e-03,2.872674e-03
1.579594e-01,4.404448e-02,4.963546e-02,1.994975e-01,1.032922e-01,1.735066e-02,6.025194e-03,7.387425e-02,2.365271e-01,3.945651e-03,6.524237e-02,2.184391e-02,6.763728e-03,9.545158e-03,4.452948e-03
1.747344e-01,4.518788e-02,4.751431e-02,2.258250e-01,1.132782e-01,1.522618e-02,4.967243e-03,6.554262e-02,2.012716e-01,5.700821e-03,5.408482e-02,2.548709e-02,7.161835e-03,8.726086e-03,5.292005e-03
2.369474e-01,4.662593e-02,4.370226e-02,2.136777e-01,1.175073e-01,1.654648e-02,5.353862e-03,5.475209e-02,1.781606e-01,4.946243e-03,4.012528e-02,2.153537e-02,7.176176e-03,6.930066e-03,6.013270e-03
3.008577e-01,4.873574e-02,4.086643e-02,1.620774e-01,1.347287e-01,1.470446e-02,5.320778e-03,4.569669e-02,1.757520e-01,4.887138e-03,3.079484e-02,1.685295e-02,6.117589e-03,6.645366e-03,5.962270e-03
4.047496e-01,4.086255e-02,3.559172e-02,1.190628e-01,1.368611e-01,2.026926e-02,5.545703e-03,3.380822e-02,1.409527e-01,4.006981e-03,2.597465e-02,1.479412e-02,5.881903e-03,5.793981e-03,5.844749e-03
4.558791e-01,3.600708e-02,2.819394e-02,8.888118e-02,1.147519e-01,5.868974e-02,4.605923e-03,2.518053e-02,1.260694e-01,4.591484e-03,2.094133e-02,1.443122e-02,7.518620e-03,5.960123e-03,8.298551e-03
1.000000e+00,0.000000e+00,0.000000e+00,0.000000e+00,0.000000e+00,0.000000e+00,0.000000e+00,0.000000e+00,0.000000e+00,0.000000e+00,0.000000e+00,0.000000e+00,0.000000e+00,0.000000e+00,0.000000e+00
1.000000e+00,0.000000e+00,0.000000e+00,0.000000e+00,0.000000e+00,0.000000e+00,0.000000e+00,0.000000e+00,0.000000e+00,0.000000e+00,0.000000e+00,0.000000e+00,0.000000e+00,0.000000e+00,0.000000e+00
1.000000e+00,0.000000e+00,0.000000e+00,0.000000e+00,0.000000e+00,0.000000e+00,0.000000e+00,0.000000e+00,0.000000e+00,0.000000e+00,0.000000e+00,0.000000e+00,0.000000e+00,0.000000e+00,0.000000e+00
1.000000e+00,0.000000e+00,0.000000e+00,0.000000e+00,0.000000e+00,0.000000e+00,0.000000e+00,0.000000e+00,0.000000e+00,0.000000e+00,0.000000e+00,0.000000e+00,0.000000e+00,0.000000e+00,0.000000e+00
4.526368e-01,2.393098e-02,1.148825e-02,4.160015e-02,3.525111e-02,6.983815e-02,2.246388e-03,7.464693e-03,7.247063e-02,6.708296e-03,1.956770e-01,3.459142e-02,7.512219e-03,1.463731e-02,2.394658e-02
3.521326e-01,2.015948e-02,1.036461e-02,3.606267e-02,2.553929e-02,1.163105e-01,1.884831e-03,6.484836e-03,5.569713e-02,6.547560e-03,2.653127e-01,3.788581e-02,8.183643e-03,3.309520e-02,2.433908e-02
2.472928e-01,1.511062e-02,7.423399e-03,2.599520e-02,1.800299e-02,8.479319e-02,1.371866e-03,4.716042e-03,4.192797e-02,4.884137e-03,4.324279e-01,3.164343e-02,6.003928e-03,6.034959e-02,1.805697e-02
1.734088e-01,1.153630e-02,5.318259e-03,1.858144e-02,1.273424e-02,6.551312e-02,9.906372e-04,3.344172e-03,3.171892e-02,3.884403e-03,5.758873e-01,2.460024e-02,4.412210e-03,5.429570e-02,1.377425e-02
1.225543e-01,8.979543e-03,4.005683e-03,1.336321e-02,9.082881e-03,5.904277e-02,7.500545e-04,2.478377e-03,2.443327e-02,3.088955e-03,6.783750e-01,1.844416e-02,3.244365e-03,4.187971e-02,1.027769e-02
8.607537e-02,1.960516e-02,3.476426e-03,9.397629e-03,6.752731e-03,4.496230e-02,5.893804e-04,1.821930e-03,2.929853e-02,3.087170e-03,6.687901e-01,2.044854e-02,2.541492e-03,9.042685e-02,1.272639e-02
6.093637e-02,1.659214e-02,2.904059e-03,6.912980e-03,5.419931e-03,3.441522e-02,5.330667e-04,1.518754e-03,3.802455e-02,3.206203e-03,6.806865e-01,2.989066e-02,2.092860e-03,1.062736e-01,1.059309e-02
4.284662e-02,1.361632e-02,2.109489e-03,4.921278e-03,4.229491e-03,2.552383e-02,4.300718e-04,1.147714e-03,5.446956e-02,3.007063e-03,6.818610e-01,2.960588e-02,1.848549e-03,1.265983e-01,7.784827e-03
3.013670e-02,1.230996e-02,1.613143e-03,3.471068e-03,3.389842e-03,1.850595e-02,3.363551e-04,8.844490e-04,8.302914e-02,2.403155e-03,6.417632e-01,3.604686e-02,1.469409e-03,1.589603e-01,5.680561e-03
2.121463e-02,5.739618e-02,1.855845e-03,2.459432e-03,3.003601e-03,1.427873e-02,2.560219e-04,6.850811e-04,1.299258e-01,2.822662e-03,5.129311e-01,3.324229e-02,1.114717e-03,2.140485e-01,4.765451e-03
1.498968e-02,8.059701e-02,1.744314e-03,1.735042e-03,2.351547e-03,1.113654e-02,1.905215e-04,5.657052e-04,1.518668e-01,2.251341e-03,3.907762e-01,2.470865e-02,8.223519e-04,3.120574e-01,4.206933e-03
1.098796e-02,1.134353e-01,2.814595e-03,1.329790e-03,2.405007e-03,1.046538e-02,1.531003e-04,5.633974e-04,2.060317e-01,3.005995e-03,3.434760e-01,1.889420e-02,6.622363e-04,2.761554e-01,9.620024e-03
9.434734e-03,1.172326e-01,6.616051e-03,3.038704e-03,2.358838e-03,1.432646e-02,1.359460e-04,1.208702e-03,3.041905e-01,8.770603e-03,2.679750e-01,1.393714e-02,9.458670e-04,2.232398e-01,2.658919e-02
9.559891e-03,1.239756e-01,9.157494e-03,2.854065e-03,2.356593e-03,1.373567e-02,1.253174e-04,1.762814e-03,3.073193e-01,1.156294e-02,2.296392e-01,1.028952e-02,1.215378e-03,2.324782e-01,4.396804e-02
8.993896e-03,1.320143e-01,7.735020e-03,2.822825e-03,2.140120e-03,1.560572e-02,1.231692e-04,2.289897e-03,3.207100e-01,1.336557e-02,1.756968e-01,7.974236e-03,2.261444e-03,2.318413e-01,7.642575e-02
8.812848e-03,1.200597e-01,8.391802e-03,2.459079e-03,1.949514e-03,2.097531e-02,1.210411e-04,3.374249e-03,3.417897e-01,2.609059e-02,1.383230e-01,5.830048e-03,2.231527e-03,2.040734e-01,1.155183e-01
9.626655e-03,1.062960e-01,8.242938e-03,2.474095e-03,2.142427e-03,3.881865e-02,1.363808e-04,2.936512e-03,3.773057e-01,2.691838e-02,1.047388e-01,4.288196e-03,2.248955e-03,1.830481e-01,1.307781e-01
2.324270e-02,1.020970e-01,8.093840e-03,3.333417e-03,1.299562e-02,4.687737e-02,4.406168e-04,5.105972e-03,4.224620e-01,2.318325e-02,8.195905e-02,3.101873e-03,1.954394e-03,1.509316e-01,1.142213e-01
3.242516e-02,1.047318e-01,7.001268e-03,6.872846e-03,2.039479e-02,4.644448e-02,6.896779e-04,1.234433e-02,4.037661e-01,2.357363e-02,7.106988e-02,2.306130e-03,1.886784e-03,1.385154e-01,1.279778e-01
3.366771e-02,1.207382e-01,1.566544e-02,3.468413e-02,2.852545e-02,3.501911e-02,6.404828e-04,3.724451e-02,3.245420e-01,2.766395e-02,5.230181e-02,1.827902e-03,1.762093e-03,1.088953e-01,1.768220e-01
4.370149e-02,1.177862e-01,4.892572e-02,7.958695e-02,3.330226e-02,2.708344e-02,6.159224e-04,6.799287e-02,2.678848e-01,2.452656e-02,3.766746e-02,1.552740e-03,1.547204e-03,8.262880e-02,1.651977e-01
6.139033e-02,1.191514e-01,6.111147e-02,8.360337e-02,5.132455e-02,2.100522e-02,5.741448e-04,8.318624e-02,2.173985e-01,2.501876e-02,2.779245e-02,1.430045e-03,1.423693e-03,6.027054e-02,1.853193e-01
9.961940e-02,1.171449e-01,6.460677e-02,7.972842e-02,8.436191e-02,2.096463e-02,1.292940e-03,9.177952e-02,2.050062e-01,1.841212e-02,2.178860e-02,1.650584e-03,2.034997e-03,4.501219e-02,1.465968e-01
1.157767e-01,1.770203e-01,5.617749e-02,6.595492e-02,9.306501e-02,1.975910e-02,1.429508e-03,7.589559e-02,2.129915e-01,1.335157e-02,1.684735e-02,1.407903e-03,2.067632e-03,3.391620e-02,1.143392e-01
8.600608e-02,1.548350e-01,7.960160e-02,2.319271e-01,7.063812e-02,1.446274e-02,1.062486e-03,5.436547e-02,1.519750e-01,1.187978e-02,1.374667e-02,1.868575e-03,2.045765e-03,2.400920e-02,1.015765e-01
7.931598e-02,1.149562e-01,1.491915e-01,2.870054e-01,5.230720e-02,1.078579e-02,8.482252e-04,3.978211e-02,1.110325e-01,1.221044e-02,1.250636e-02,3.303638e-03,1.950576e-03,1.799412e-02,1.068099e-01
7.022452e-02,9.389994e-02,1.929832e-01,2.331353e-01,3.824421e-02,8.043635e-03,6.702095e-04,2.881252e-02,8.814703e-02,2.158034e-02,1.215048e-02,3.058880e-03,1.675626e-03,1.620878e-02,1.911653e-01
7.791434e-02,7.454167e-02,2.534375e-01,2.246157e-01,2.829549e-02,6.573953e-03,5.543868e-04,2.070937e-02,7.588337e-02,2.253826e-02,1.089520e-02,2.872914e-03,1.648888e-03,1.326385e-02,1.862550e-01
1.125387e-01,6.256695e-02,2.605554e-01,1.727524e-01,2.202967e-02,5.684512e-03,5.025147e-04,1.534314e-02,7.161691e-02,2.740246e-02,1.070635e-02,3.133958e-03,1.761176e-03,1.470843e-02,2.186974e-01
1.752736e-01,6.728233e-02,2.924700e-01,1.422961e-01,1.892271e-02,5.551630e-03,5.030817e-04,1.154128e-02,5.744257e-02,2.751340e-02,1.046849e-02,2.980990e-03,1.652919e-03,1.266691e-02,1.734339e-01
3.130621e-01,7.260431e-02,2.324517e-01,1.247869e-01,1.923745e-02,8.183913e-03,9.688804e-04,9.133291e-03,4.285187e-02,2.304086e-02,8.358832e-03,3.858928e-03,1.748581e-03,9.502012e-03,1.302103e-01
4.533949e-01,6.691574e-02,1.716931e-01,9.360502e-02,1.985215e-02,1.012591e-02,1.438001e-03,7.820433e-03,3.425208e-02,1.932108e-02,7.171489e-03,3.874499e-03,1.747720e-03,8.296620e-03,1.004913e-01
4.208721e-01,7.817684e-02,1.346912e-01,1.737765e-01,1.982632e-02,9.071263e-03,1.417511e-03,7.170386e-03,2.936462e-02,2.266020e-02,6.657361e-03,5.477588e-03,2.328454e-03,6.491895e-03,8.201785e-02
4.396426e-01,8.046241e-02,1.123452e-01,1.606434e-01,2.247537e-02,1.029676e-02,1.662060e-03,6.235501e-03,3.716987e-02,2.677795e-02,6.476042e-03,4.811334e-03,2.171057e-03,7.900439e-03,8.093007e-02
4.810883e-01,7.071061e-02,1.230196e-01,1.403269e-01,2.617025e-02,1.112817e-02,2.021143e-03,8.560978e-03,3.400498e-02,2.244528e-02,6.286169e-03,5.431456e-03,2.407342e-03,6.037059e-03,6.036180e-02
1.000000e+00,0.000000e+00,0.000000e+00,0.000000e+00,0.000000e+00,0.000000e+00,0.000000e+00,0.000000e+00,0.000000e+00,0.000000e+00,0.000000e+00,0.000000e+00,0.000000e+00,0.000000e+00,0.000000e+00
1.000000e+00,0.000000e+00,0.000000e+00,0.000000e+00,0.000000e+00,0.000000e+00,0.000000e+00,0.000000e+00,0.000000e+00,0.000000e+00,0.000000e+00,0.000000e+00,0.000000e+00,0.000000e+00,0.000000e+00
1.000000e+00,0.000000e+00,0.000000e+00,0.000000e+00,0.000000e+00,0.000000e+00,0.000000e+00,0.000000e+00,0.000000e+00,0.000000e+00,0.000000e+00,0.000000e+00,0.000000e+00,0.000000e+00,0.000000e+00
3.932561e-01,2.857071e-02,1.263792e-01,4.948915e-02,9.036970e-03,7.810165e-03,1.153211e-03,4.628235e-03,1.229143e-01,1.006803e-02,3.108235e-02,5.446589e-03,9.822669e-03,4.430244e-02,1.560399e-01
2.801582e-01,2.058771e-02,9.094516e-02,3.517852e-02,6.441526e-03,5.715574e-03,8.420806e-04,3.277239e-03,3.046841e-01,8.955856e-03,2.388939e-02,3.987154e-03,8.165002e-03,6.216250e-02,1.450100e-01
1.998353e-01,1.488487e-02,6.460307e-02,2.471947e-02,4.708488e-03,4.409996e-03,6.199512e-04,2.413652e-03,4.416446e-01,7.330240e-03,2.588911e-02,2.959256e-03,7.881214e-03,7.088045e-02,1.272203e-01
1.401812e-01,1.088231e-02,5.073809e-02,1.838990e-02,3.372345e-03,3.120681e-03,4.447234e-04,1.746975e-03,5.968372e-01,6.007573e-03,1.864093e-02,2.131311e-03,5.679515e-03,5.052105e-02,9.130616e-02
1.000332e-01,8.047931e-03,3.703627e-02,1.295228e-02,2.518496e-03,2.287858e-03,3.618433e-04,1.239865e-03,4.602528e-01,1.194634e-02,1.326738e-02,1.573185e-03,4.224808e-03,2.536046e-01,9.065314e-02
7.426897e-02,6.826275e-03,3.300816e-02,9.491727e-03,2.484343e-03,1.975956e-03,4.110119e-04,9.569688e-04,3.839344e-01,1.573574e-02,1.020334e-02,1.276840e-03,3.414432e-03,3.660262e-01,8.998562e-02
1.012600e-01,9.433275e-03,7.226968e-02,7.887927e-03,2.849317e-03,2.177286e-03,3.557731e-04,8.131161e-04,3.038623e-01,1.810666e-02,1.267630e-02,1.537160e-03,3.039779e-03,3.257759e-01,1.379556e-01
1.069141e-01,1.477487e-02,6.613867e-02,1.155377e-02,5.646151e-03,2.829325e-03,4.629901e-04,1.417085e-03,3.156981e-01,2.213043e-02,1.780931e-02,2.626078e-03,3.417500e-03,2.857186e-01,1.428632e-01
1.754870e-01,2.035023e-02,5.451083e-02,1.302150e-02,8.928728e-03,5.000862e-03,4.787561e-04,1.407112e-03,2.565918e-01,2.409599e-02,1.613845e-02,3.875707e-03,3.625353e-03,2.691196e-01,1.473682e-01
2.034999e-01,2.351245e-02,4.324429e-02,1.380041e-02,1.194940e-02,7.785967e-03,7.425405e-04,3.583306e-03,2.838998e-01,2.004345e-02,1.759594e-02,4.889057e-03,4.787617e-03,2.416486e-01,1.190172e-01
2.738321e-01,2.640050e-02,3.264126e-02,1.274145e-02,1.557800e-02,9.226089e-03,9.059787e-04,5.340960e-03,2.812100e-01,1.824543e-02,1.720116e-02,6.283322e-03,5.805049e-03,1.921083e-01,1.024805e-01
3.499647e-01,4.813568e-02,2.866377e-02,3.575196e-02,2.006580e-02,9.812847e-03,1.521530e-03,5.384409e-03,2.085817e-01,1.510624e-02,1.634972e-02,9.624929e-03,7.237104e-03,1.409567e-01,1.028429e-01
4.632065e-01,3.976260e-02,2.683924e-02,3.622489e-02,1.723830e-02,1.257091e-02,2.470890e-03,5.603140e-03,1.540978e-01,1.225424e-02,1.707938e-02,1.474874e-02,9.034517e-03,1.030895e-01,8.577943e-02
4.634413e-01,4.462905e-02,7.785942e-02,5.965185e-02,1.525834e-02,1.368701e-02,3.475046e-03,5.683266e-03,1.121483e-01,9.748845e-03,1.724431e-02,2.145694e-02,9.638626e-03,7.377966e-02,7.229810e-02
4.383592e-01,5.133384e-02,9.354798e-02,7.323106e-02,1.517647e-02,1.452539e-02,2.744287e-03,5.044379e-03,8.668454e-02,1.208128e-02,5.451340e-02,2.437891e-02,1.037080e-02,5.578429e-02,6.222419e-02
3.407020e-01,5.258790e-02,9.782545e-02,5.547948e-02,1.144178e-02,2.385321e-02,2.199984e-03,3.939059e-03,6.413215e-02,9.513198e-03,2.181167e-01,1.950228e-02,8.029201e-03,4.673148e-02,4.594609e-02
2.680250e-01,4.238736e-02,7.778265e-02,3.998647e-02,8.066401e-03,1.980179e-02,1.610535e-03,3.111431e-03,4.586275e-02,7.003730e-03,3.833413e-01,2.415275e-02,6.010381e-03,4.034418e-02,3.251336e-02
1.920765e-01,3.085150e-02,5.532857e-02,2.844378e-02,5.714451e-03,1.539901e-02,1.158531e-03,2.281118e-03,3.353318e-02,5.181565e-03,5.208997e-01,3.785811e-02,4.609874e-03,4.374977e-02,2.291443e-02
1.353710e-01,2.300543e-02,3.908757e-02,2.034824e-02,4.597471e-03,1.148959e-02,8.563306e-04,1.719752e-03,2.566557e-02,4.488089e-03,6.190088e-01,5.610505e-02,3.388456e-03,3.844123e-02,1.642748e-02
9.540197e-02,1.795532e-02,2.848589e-02,1.436456e-02,4.093639e-03,1.071377e-02,6.584631e-04,1.349534e-03,2.083326e-02,4.196166e-03,6.948218e-01,6.107037e-02,2.619000e-03,3.169059e-02,1.174563e-02
6.841420e-02,1.355235e-02,2.070350e-02,1.016273e-02,3.547337e-03,1.353180e-02,5.071491e-04,1.123488e-03,1.537166e-02,3.577329e-03,7.487274e-01,6.123912e-02,2.244382e-03,2.877578e-02,8.521669e-03
4.905766e-02,1.047168e-02,1.497480e-02,7.441030e-03,1.691760e-02,1.158078e-02,7.163463e-04,1.111953e-03,1.251657e-02,3.422268e-03,7.848865e-01,4.918857e-02,2.114539e-03,2.945511e-02,6.144534e-03
3.493225e-02,7.942306e-03,1.070874e-02,5.448272e-03,5.335318e-02,8.523262e-03,8.932063e-04,9.142547e-04,1.782668e-02,3.970575e-03,7.718462e-01,4.048170e-02,2.465748e-03,3.618991e-02,4.503717e-03
2.490566e-02,6.205961e-03,7.850235e-03,4.018000e-03,5.083629e-02,6.527884e-03,9.006634e-04,8.522922e-04,1.791969e-02,5.402170e-03,8.008588e-01,3.418682e-02,2.329818e-03,3.387801e-02,3.327667e-03
1.812416e-02,4.566224e-03,5.969042e-03,3.131777e-03,7.233363e-02,5.139322e-03,1.059070e-03,1.667863e-03,1.809260e-02,6.527985e-03,7.984368e-01,2.663885e-02,2.258864e-03,3.364768e-02,2.406132e-03
1.308606e-02,3.574132e-03,4.376664e-03,2.333671e-03,7.482612e-02,3.873715e-03,9.942094e-04,1.637426e-03,1.775653e-02,7.050341e-03,8.157023e-01,2.102652e-02,2.071711e-03,2.995552e-02,1.735077e-03
9.363386e-03,3.007798e-03,3.178853e-03,1.707993e-03,5.667506e-02,2.862387e-03,8.574490e-04,1.356983e-03,1.980462e-02,1.633454e-02,8.401411e-01,1.791953e-02,1.775022e-03,2.371163e-02,1.303698e-03
7.000889e-03,2.583082e-03,2.301206e-03,1.314352e-03,4.130881e-02,2.245392e-03,1.016878e-03,1.909169e-03,2.948991e-02,1.779215e-02,8.578562e-01,1.498333e-02,1.526662e-03,1.771676e-02,9.552718e-04
8.456022e-03,6.967333e-03,1.788237e-03,1.100881e-03,3.704531e-02,2.234163e-03,1.818849e-03,2.302924e-03,7.582138e-02,1.896197e-02,8.129521e-01,1.354261e-02,1.632850e-03,1.446516e-02,9.101809e-04
1.797319e-02,4.443248e-02,1.736765e-03,1.267070e-03,4.159763e-02,5.028741e-03,3.343626e-03,3.278182e-03,1.016184e-01,2.656577e-02,7.257165e-01,1.289290e-02,1.563950e-03,1.161093e-02,1.373886e-03
2.069286e-02,1.240907e-01,2.039452e-03,1.467409e-03,3.921870e-02,8.013185e-03,3.346359e-03,4.059382e-03,1.166847e-01,3.541188e-02,6.212543e-01,1.132297e-02,1.621955e-03,8.911796e-03,1.864224e-03
2.475285e-02,1.728871e-01,1.854805e-03,1.838316e-03,3.888149e-02,1.521962e-02,3.012176e-03,1.071562e-02,1.666598e-01,3.663379e-02,5.012864e-01,1.224478e-02,2.042862e-03,9.030067e-03,2.940176e-03
4.746876e-02,2.107388e-01,2.466262e-03,1.729748e-03,3.737352e-02,1.484972e-02,2.303291e-03,1.455916e-02,2.059404e-01,2.992101e-02,3.953522e-01,1.117779e-02,2.457084e-03,1.521144e-02,8.450702e-03
1.099944e-01,1.688858e-01,3.758935e-03,1.878828e-03,3.838778e-02,1.749615e-02,2.156716e-03,1.568777e-02,2.394359e-01,2.515334e-02,3.166610e-01,1.022079e-02,3.375872e-03,2.967744e-02,1.722930e-02
1.982492e-01,1.255456e-01,4.271991e-03,2.012919e-03,3.377857e-02,2.030216e-02,2.166673e-03,1.947579e-02,2.670662e-01,2.028047e-02,2.324355e-01,1.005276e-02,3.564870e-03,4.436230e-02,1.643508e-02
1.720390e-01,8.963253e-02,6.287277e-03,8.411773e-03,3.529099e-02,1.558814e-02,1.788484e-03,2.381632e-02,4.095018e-01,1.540140e-02,1.635960e-01,7.964464e-03,2.770112e-03,3.339586e-02,1.451580e-02
2.012730e-01,6.464261e-02,5.904787e-02,1.518276e-02,3.729552e-02,1.338117e-02,1.858299e-03,4.380988e-02,3.809579e-01,1.289626e-02,1.166845e-01,1.132932e-02,3.008959e-03,2.547870e-02,1.315328e-02
2.082722e-01,5.725179e-02,4.958589e-02,1.348972e-02,5.153638e-02,1.362443e-02,2.547941e-03,4.049027e-02,3.986648e-01,1.336789e-02,8.787668e-02,1.117983e-02,7.558299e-03,2.242441e-02,2.212945e-02
2.219135e-01,4.684469e-02,3.731596e-02,2.488910e-02,5.102325e-02,1.812697e-02,3.180708e-03,3.244350e-02,3.566896e-01,1.273561e-02,6.739873e-02,9.166545e-03,7.605145e-02,1.638236e-02,2.583808e-02
2.160538e-01,3.882307e-02,2.813061e-02,2.202626e-02,4.322221e-02,2.477611e-02,6.401352e-03,3.020224e-02,3.394783e-01,1.489437e-02,5.319318e-02,9.099368e-03,1.229551e-01,1.334939e-02,3.739459e-02
2.108482e-01,3.414708e-02,2.116946e-02,1.821399e-02,3.731807e-02,3.872943e-02,7.047701e-03,3.091342e-02,2.712950e-01,1.343278e-02,4.149542e-02,9.121966e-03,2.168875e-01,1.046913e-02,3.891087e-02
2.777989e-01,2.779900e-02,2.106704e-02,1.621051e-02,3.649176e-02,5.877154e-02,7.351058e-03,3.384033e-02,1.985993e-01,1.192551e-02,3.244569e-02,1.054800e-02,2.205177e-01,1.201631e-02,3.461732e-02
3.099465e-01,2.605754e-02,2.254684e-02,1.534190e-02,3.444696e-02,5.268979e-02,6.044509e-03,3.294065e-02,1.515053e-01,1.285384e-02,3.304081e-02,1.428866e-02,1.985894e-01,1.979033e-02,6.991690e-02
3.134789e-01,2.303077e-02,8.210185e-02,1.810053e-02,2.939572e-02,4.334641e-02,4.816699e-03,3.667779e-02,1.157836e-01,1.325776e-02,3.172611e-02,1.463415e-02,1.568308e-01,2.288091e-02,9.393792e-02
2.476721e-01,1.983295e-02,2.611045e-01,2.960159e-02,2.365662e-02,3.259543e-02,3.748868e-03,3.260828e-02,9.395283e-02,1.309145e-02,2.441401e-02,1.102268e-02,1.156544e-01,1.706929e-02,7.397506e-02
2.417759e-01,2.704982e-02,2.693501e-01,4.526676e-02,2.554645e-02,2.916904e-02,3.978123e-03,3.303691e-02,8.948365e-02,1.473017e-02,2.048156e-02,9.065876e-03,9.273888e-02,1.732441e-02,8.100241e-02
2.292911e-01,2.654139e-02,3.087920e-01,6.388186e-02,2.114455e-02,2.341868e-02,3.363537e-03,3.123089e-02,9.100095e-02,1.966262e-02,1.822565e-02,7.421741e-03,6.731350e-02,1.338531e-02,7.532622e-02
2.210658e-01,2.554527e-02,2.677074e-01,1.458470e-01,1.607808e-02,2.067770e-02,2.815025e-03,2.297990e-02,9.284364e-02,1.712925e-02,3.102692e-02,6.839234e-03,5.169841e-02,1.133991e-02,6.640656e-02
2.265070e-01,2.382153e-02,2.043793e-01,1.633029e-01,1.265903e-02,1.872951e-02,2.188908e-03,1.709320e-02,9.490104e-02,1.290016e-02,1.081987e-01,6.266506e-03,4.526660e-02,1.307543e-02,5.071027e-02
2.146922e-01,2.574170e-02,1.477535e-01,1.306455e-01,1.016363e-02,1.604666e-02,1.806144e-03,1.387659e-02,1.425530e-01,1.182972e-02,1.651620e-01,1.743247e-02,4.668973e-02,1.589143e-02,3.971576e-02
2.350102e-01,2.026107e-02,1.050746e-01,1.015829e-01,1.127982e-02,2.346496e-02,1.947226e-03,1.597209e-02,1.225711e-01,9.924937e-03,2.397185e-01,1.714387e-02,4.558976e-02,1.989638e-02,3.056265e-02
3.120541e-01,1.582949e-02,1.350332e-01,8.397093e-02,1.353630e-02,2.003180e-02,2.606717e-03,3.077898e-02,9.817342e-02,7.997556e-03,1.885469e-01,1.428356e-02,3.823591e-02,1.554888e-02,2.337228e-02
3.358306e-01,2.049685e-02,1.327947e-01,1.029595e-01,1.280303e-02,1.616853e-02,2.188543e-03,2.672555e-02,1.273651e-01,7.588847e-03,1.440706e-01,1.117682e-02,2.774939e-02,1.380867e-02,1.827333e-02
3.374341e-01,5.328584e-02,1.138820e-01,8.553736e-02,1.251721e-02,1.570037e-02,1.844585e-03,2.283819e-02,1.502505e-01,7.836949e-03,1.333354e-01,9.396046e-03,2.047062e-02,1.746777e-02,1.820307e-02
3.506255e-01,6.204470e-02,9.113017e-02,8.396938e-02,1.475299e-02,1.699368e-02,1.804156e-03,2.193532e-02,1.796566e-01,7.669015e-03,1.064156e-01,1.136681e-02,1.664928e-02,1.849131e-02,1.649539e-02
3.926350e-01,6.589758e-02,7.477023e-02,7.914785e-02,2.234528e-02,1.791302e-02,2.042456e-03,2.069650e-02,1.637926e-01,9.006815e-03,8.510695e-02,1.277622e-02,1.573597e-02,2.067604e-02,1.745740e-02
3.536068e-01,1.021601e-01,6.306412e-02,6.705222e-02,2.973894e-02,2.501220e-02,1.835018e-03,2.034466e-02,1.634108e-01,1.267527e-02,8.078018e-02,1.258615e-02,2.275290e-02,2.432953e-02,2.065106e-02
3.516791e-01,1.263053e-01,5.986801e-02,5.515314e-02,2.891364e-02,3.886130e-02,2.047018e-03,1.917513e-02,1.451131e-01,1.288700e-02,7.309178e-02,1.256723e-02,2.440210e-02,2.854316e-02,2.139305e-02
3.351239e-01,1.327112e-01,4.995910e-02,4.471458e-02,2.656491e-02,5.707140e-02,1.915918e-03,1.581343e-02,1.582855e-01,1.353051e-02,7.354220e-02,1.185361e-02,2.581495e-02,3.276260e-02,2.033623e-02
3.920946e-01,1.096965e-01,3.845020e-02,4.123119e-02,2.665802e-02,5.346981e-02,1.834289e-03,1.284576e-02,1.565934e-01,1.248699e-02,6.277449e-02,1.428807e-02,2.496732e-02,3.200700e-02,2.060241e-02
4.584888e-01,9.057809e-02,3.161593e-02,3.772536e-02,2.548881e-02,4.886430e-02,1.913903e-03,1.094657e-02,1.327528e-01,1.093810e-02,5.575637e-02,2.016934e-02,2.193782e-02,2.943145e-02,2.339243e-02
3.434186e-01,1.608876e-01,3.682472e-02,1.709881e-01,2.446899e-02,3.544877e-02,1.588278e-03,8.959698e-03,9.578115e-02,8.933453e-03,4.045462e-02,1.596282e-02,1.611101e-02,2.087712e-02,1.929511e-02
2.664742e-01,2.958844e-01,3.515724e-02,1.251065e-01,1.794883e-02,2.782992e-02,1.189397e-03,7.062549e-03,7.148971e-02,9.061657e-03,5.991833e-02,1.204946e-02,1.885162e-02,3.059291e-02,2.138332e-02
2.627248e-01,3.178441e-01,5.194200e-02,8.932412e-02,1.393748e-02,2.354717e-02,9.228897e-04,5.506310e-03,5.470710e-02,7.457389e-03,6.335593e-02,9.175829e-03,2.175925e-02,5.911116e-02,1.868464e-02
1.851603e-01,2.594283e-01,3.789922e-02,6.273978e-02,9.917251e-03,1.838406e-02,6.701809e-04,3.965026e-03,5.341086e-02,6.805093e-03,1.624087e-01,7.271270e-03,2.851701e-02,1.343029e-01,2.912010e-02
1.307977e-01,1.854407e-01,2.700487e-02,4.405251e-02,7.182808e-03,1.436798e-02,4.953700e-04,2.840387e-03,5.336315e-02,5.577290e-03,2.960857e-01,7.119153e-03,2.631585e-02,1.744391e-01,2.491749e-02
1.173853e-01,1.362706e-01,2.136412e-02,3.154793e-02,7.920418e-03,1.851413e-02,4.614752e-04,2.617458e-03,8.437273e-02,5.003141e-03,2.749591e-01,7.069534e-03,2.573628e-02,2.409705e-01,2.580727e-02
1.050368e-01,1.041813e-01,1.613842e-02,2.276796e-02,6.300249e-03,1.642237e-02,6.672959e-04,2.520537e-03,1.320601e-01,5.764568e-03,2.703864e-01,7.506474e-03,1.910273e-02,2.684031e-01,2.274172e-02
8.402631e-02,8.599510e-02,1.269439e-02,1.635674e-02,5.051738e-03,1.635895e-02,6.557194e-04,2.118027e-03,1.937153e-01,5.765734e-03,2.480817e-01,7.029239e-03,1.448740e-02,2.828247e-01,2.483898e-02
5.920840e-02,6.405402e-02,9.076712e-03,1.193833e-02,3.893217e-03,1.329132e-02,4.992955e-04,1.584302e-03,2.114239e-01,6.452421e-03,3.400673e-01,5.319153e-03,1.062064e-02,2.433922e-01,1.917883e-02
4.408325e-02,5.006620e-02,8.615450e-03,1.083530e-02,4.081787e-03,1.162405e-02,5.270572e-04,1.919687e-03,2.516711e-01,7.555584e-03,3.666046e-01,4.333223e-03,7.841378e-03,2.157067e-01,1.453472e-02
3.914632e-02,4.889245e-02,7.884011e-03,8.441175e-03,4.212536e-03,1.174791e-02,6.202664e-04,2.142508e-03,3.004986e-01,7.064576e-03,3.301337e-01,4.700664e-03,6.114947e-03,2.171651e-01,1.123523e-02
5.491897e-02,5.315372e-02,8.315489e-03,9.034058e-03,5.039714e-03,1.142232e-02,7.121898e-04,2.558772e-03,3.665242e-01,6.431795e-03,2.558768e-01,5.163702e-03,5.159080e-03,2.028121e-01,1.287706e-02
6.115390e-02,4.247287e-02,7.298909e-03,8.428885e-03,5.205789e-03,1.042526e-02,6.318858e-04,2.257116e-03,4.318829e-01,5.810770e-03,2.082541e-01,4.969746e-03,4.129024e-03,1.957366e-01,1.134219e-02
4.814362e-02,3.613998e-02,1.167804e-02,2.337243e-02,1.161291e-02,9.761001e-03,5.307230e-04,2.508489e-03,5.256357e-01,7.728626e-03,1.549259e-01,3.917428e-03,3.249979e-03,1.479086e-01,1.288663e-02
5.722765e-02,3.143309e-02,1.075602e-02,2.342705e-02,1.416703e-02,9.846275e-03,6.100168e-04,2.517204e-03,5.564085e-01,7.218496e-03,1.258460e-01,4.124152e-03,2.906457e-03,1.403466e-01,1.316539e-02
8.721735e-02,2.641889e-02,8.862268e-03,1.899245e-02,1.201229e-02,9.403517e-03,6.919192e-04,2.773998e-03,5.504410e-01,7.633111e-03,1.079191e-01,6.382486e-03,3.723091e-03,1.408053e-01,1.672315e-02
8.735755e-02,2.205406e-02,8.539139e-03,2.936931e-02,9.939199e-03,8.159637e-03,5.720543e-04,3.423757e-03,5.875501e-01,1.340141e-02,8.306146e-02,6.197899e-03,4.300106e-03,1.108297e-01,2.524459e-02
1.518164e-01,2.040080e-02,8.337777e-03,2.576876e-02,1.230456e-02,8.169440e-03,6.779111e-04,5.738944e-03,5.474129e-01,1.445001e-02,6.663987e-02,7.893991e-03,4.863685e-03,1.009375e-01,2.458740e-02
2.101281e-01,2.079503e-02,8.217123e-03,2.495852e-02,1.234207e-02,1.275453e-02,1.616040e-03,7.365103e-03,4.634096e-01,1.510662e-02,6.237485e-02,1.076147e-02,5.609151e-03,1.186286e-01,2.593319e-02
2.876486e-01,2.360968e-02,7.991751e-03,2.450551e-02,1.224968e-02,1.365322e-02,1.948304e-03,6.965799e-03,3.782741e-01,1.511271e-02,5.450016e-02,1.100042e-02,6.121251e-03,1.313857e-01,2.503304e-02
