1.000000e+00,0.000000e+00,0.000000e+00,0.000000e+00,0.000000e+00,0.000000e+00,0.000000e+00,0.000000e+00,0.000000e+00,0.000000e+00,0.000000e+00,0.000000e+00,0.000000e+00,0.000000e+00,0.000000e+00
1.000000e+00,0.000000e+00,0.000000e+00,0.000000e+00,0.000000e+00,0.000000e+00,0.000000e+00,0.000000e+00,0.000000e+00,0.000000e+00,0.000000e+00,0.000000e+00,0.000000e+00,0.000000e+00,0.000000e+00
1.000000e+00,0.000000e+00,0.000000e+00,0.000000e+00,0.000000e+00,0.000000e+00,0.000000e+00,0.000000e+00,0.000000e+00,0.000000e+00,0.000000e+00,0.000000e+00,0.000000e+00,0.000000e+00,0.000000e+00
1.000000e+00,0.000000e+00,0.000000e+00,0.000000e+00,0.000000e+00,0.000000e+00,0.000000e+00,0.000000e+00,0.000000e+00,0.000000e+00,0.000000e+00,0.000000e+00,0.000000e+00,0.000000e+00,0.000000e+00
1.000000e+00,0.000000e+00,0.000000e+00,0.000000e+00,0.000000e+00,0.000000e+00,0.000000e+00,0.000000e+00,0.000000e+00,0.000000e+00,0.000000e+00,0.000000e+00,0.000000e+00,0.000000e+00,0.000000e+00
1.000000e+00,0.000000e+00,0.000000e+00,0.000000e+00,0.000000e+00,0.000000e+00,0.000000e+00,0.000000e+00,0.000000e+00,0.000000e+00,0.000000e+00,0.000000e+00,0.000000e+00,0.000000e+00,0.000000e+00
1.000000e+00,0.000000e+00,0.000000e+00,0.000000e+00,0.000000e+00,0.000000e+00,0.000000e+00,0.000000e+00,0.000000e+00,0.000000e+00,0.000000e+00,0.000000e+00,0.000000e+00,0.000000e+00,0.000000e+00
1.000000e+00,0.000000e+00,0.000000e+00,0.000000e+00,0.000000e+00,0.000000e+00,0.000000e+00,0.000000e+00,0.000000e+00,0.000000e+00,0.000000e+00,0.000000e+00,0.000000e+00,0.000000e+00,0.000000e+00
1.000000e+00,0.000000e+00,0.000000e+00,0.000000e+00,0.000000e+00,0.000000e+00,0.000000e+00,0.000000e+00,0.000000e+00,0.000000e+00,0.000000e+00,0.000000e+00,0.000000e+00,0.000000e+00,0.000000e+00
1.000000e+00,0.000000e+00,0.000000e+00,0.000000e+00,0.000000e+00,0.000000e+00,0.000000e+00,0.000000e+00,0.000000e+00,0.000000e+00,0.000000e+00,0.000000e+00,0.000000e+00,0.000000e+00,0.000000e+00
1.000000e+00,0.000000e+00,0.000000e+00,0.000000e+00,0.000000e+00,0.000000e+00,0.000000e+00,0.000000e+00,0.000000e+00,0.000000e+00,0.000000e+00,0.000000e+00,0.000000e+00,0.000000e+00,0.000000e+00
1.000000e+00,0.000000e+00,0.000000e+00,0.000000e+00,0.000000e+00,0.000000e+00,0.000000e+00,0.000000e+00,0.000000e+00,0.000000e+00,0.000000e+00,0.000000e+00,0.000000e+00,0.000000e+00,0.000000e+00
1.000000e+00,0.000000e+00,0.000000e+00,0.000000e+00,0.000000e+00,0.000000e+00,0.000000e+00,0.000000e+00,0.000000e+00,0.000000e+00,0.000000e+00,0.000000e+00,0.000000e+00,0.000000e+00,0.000000e+00
1.000000e+00,0.000000e+00,0.000000e+00,0.000000e+00,0.000000e+00,0.000000e+00,0.000000e+00,0.000000e+00,0.000000e+00,0.000000e+00,0.000000e+00,0.000000e+00,0.000000e+00,0.000000e+00,0.000000e+00
1.000000e+00,0.000000e+00,0.000000e+00,0.000000e+00,0.000000e+00,0.000000e+00,0.000000e+00,0.000000e+00,0.000000e+00,0.000000e+00,0.000000e+00,0.000000e+00,0.000000e+00,0.000000e+00,0.000000e+00
1.000000e+00,0.000000e+00,0.000000e+00,0.000000e+00,0.000000e+00,0.000000e+00,0.000000e+00,0.000000e+00,0.000000e+00,0.000000e+00,0.000000e+00,0.000000e+00,0.000000e+00,0.000000e+00,0.000000e+00
1.000000e+00,0.000000e+00,0.000000e+00,0.000000e+00,0.000000e+00,0.000000e+00,0.000000e+00,0.000000e+00,0.000000e+00,0.000000e+00,0.000000e+00,0.000000e+00,0.000000e+00,0.000000e+00,0.000000e+00
1.000000e+00,0.000000e+00,0.000000e+00,0.000000e+00,0.000000e+00,0.000000e+00,0.000000e+00,0.000000e+00,0.000000e+00,0.000000e+00,0.000000e+00,0.000000e+00,0.000000e+00,0.000000e+00,0.000000e+00
1.000000e+00,0.000000e+00,0.000000e+00,0.000000e+00,0.000000e+00,0.000000e+00,0.000000e+00,0.000000e+00,0.000000e+00,0.000000e+00,0.000000e+00,0.000000e+00,0.000000e+00,0.000000e+00,0.000000e+00
1.000000e+00,0.000000e+00,0.000000e+00,0.000000e+00,0.000000e+00,0.000000e+00,0.000000e+00,0.000000e+00,0.000000e+00,0.000000e+00,0.000000e+00,0.000000e+00,0.000000e+00,0.000000e+00,0.000000e+00
1.000000e+00,0.000000e+00,0.000000e+00,0.000000e+00,0.000000e+00,0.000000e+00,0.000000e+00,0.000000e+00,0.000000e+00,0.000000e+00,0.000000e+00,0.000000e+00,0.000000e+00,0.000000e+00,0.000000e+00
1.000000e+00,0.000000e+00,0.000000e+00,0.000000e+00,0.000000e+00,0.000000e+00,0.000000e+00,0.000000e+00,0.000000e+00,0.000000e+00,0.000000e+00,0.000000e+00,0.000000e+00,0.000000e+00,0.000000e+00
1.000000e+00,0.000000e+00,0.000000e+00,0.000000e+00,0.000000e+00,0.000000e+00,0.000000e+00,0.000000e+00,0.000000e+00,0.000000e+00,0.000000e+00,0.000000e+00,0.000000e+00,0.000000e+00,0.000000e+00
1.000000e+00,0.000000e+00,0.000000e+00,0.000000e+00,0.000000e+00,0.000000e+00,0.000000e+00,0.000000e+00,0.000000e+00,0.000000e+00,0.000000e+00,0.000000e+00,0.000000e+00,0.000000e+00,0.000000e+00
1.000000e+00,0.000000e+00,0.000000e+00,0.000000e+00,0.000000e+00,0.000000e+00,0.000000e+00,0.000000e+00,0.000000e+00,0.000000e+00,0.000000e+00,0.000000e+00,0.000000e+00,0.000000e+00,0.000000e+00
1.000000e+00,0.000000e+00,0.000000e+00,0.000000e+00,0.000000e+00,0.000000e+00,0.000000e+00,0.000000e+00,0.000000e+00,0.000000e+00,0.000000e+00,0.000000e+00,0.000000e+00,0.000000e+00,0.000000e+00
1.000000e+00,0.000000e+00,0.000000e+00,0.000000e+00,0.000000e+00,0.000000e+00,0.000000e+00,0.000000e+00,0.000000e+00,0.000000e+00,0.000000e+00,0.000000e+00,0.000000e+00,0.000000e+00,0.000000e+00
1.000000e+00,0.000000e+00,0.000000e+00,0.000000e+00,0.000000e+00,0.000000e+00,0.000000e+00,0.000000e+00,0.000000e+00,0.000000e+00,0.000000e+00,0.000000e+00,0.000000e+00,0.000000e+00,0.000000e+00
1.000000e+00,0.000000e+00,0.000000e+00,0.000000e+00,0.000000e+00,0.000000e+00,0.000000e+00,0.000000e+00,0.000000e+00,0.000000e+00,0.000000e+00,0.000000e+00,0.000000e+00,0.000000e+00,0.000000e+00
1.000000e+00,0.000000e+00,0.000000e+00,0.000000e+00,0.000000e+00,0.000000e+00,0.000000e+00,0.000000e+00,0.000000e+00,0.000000e+00,0.000000e+00,0.000000e+00,0.000000e+00,0.000000e+00,0.000000e+00
1.000000e+00,0.000000e+00,0.000000e+00,0.000000e+00,0.000000e+00,0.000000e+00,0.000000e+00,0.000000e+00,0.000000e+00,0.000000e+00,0.000000e+00,0.000000e+00,0.000000e+00,0.000000e+00,0.000000e+00
1.000000e+00,0.000000e+00,0.000000e+00,0.000000e+00,0.000000e+00,0.000000e+00,0.000000e+00,0.000000e+00,0.000000e+00,0.000000e+00,0.000000e+00,0.000000e+00,0.000000e+00,0.000000e+00,0.000000e+00
1.000000e+00,0.000000e+00,0.000000e+00,0.000000e+00,0.000000e+00,0.000000e+00,0.000000e+00,0.000000e+00,0.000000e+00,0.000000e+00,0.000000e+00,0.000000e+00,0.000000e+00,0.000000e+00,0.000000e+00
1.000000e+00,0.000000e+00,0.000000e+00,0.000000e+00,0.000000e+00,0.000000e+00,0.000000e+00,0.000000e+00,0.000000e+00,0.000000e+00,0.000000e+00,0.000000e+00,0.000000e+00,0.000000e+00,0.000000e+00
1.000000e+00,0.000000e+00,0.000000e+00,0.000000e+00,0.000000e+00,0.000000e+00,0.000000e+00,0.000000e+00,0.000000e+00,0.000000e+00,0.000000e+00,0.000000e+00,0.000000e+00,0.000000e+00,0.000000e+00
1.000000e+00,0.000000e+00,0.000000e+00,0.000000e+00,0.000000e+00,0.000000e+00,0.000000e+00,0.000000e+00,0.000000e+00,0.000000e+00,0.000000e+00,0.000000e+00,0.000000e+00,0.000000e+00,0.000000e+00
1.000000e+00,0.000000e+00,0.000000e+00,0.000000e+00,0.000000e+00,0.000000e+00,0.000000e+00,0.000000e+00,0.000000e+00,0.000000e+00,0.000000e+00,0.000000e+00,0.000000e+00,0.000000e+00,0.000000e+00
1.000000e+00,0.000000e+00,0.000000e+00,0.000000e+00,0.000000e+00,0.000000e+00,0.000000e+00,0.000000e+00,0.000000e+00,0.000000e+00,0.000000e+00,0.000000e+00,0.000000e+00,0.000000e+00,0.000000e+00
1.000000e+00,0.000000e+00,0.000000e+00,0.000000e+00,0.000000e+00,0.000000e+00,0.000000e+00,0.000000e+00,0.000000e+00,0.000000e+00,0.000000e+00,0.000000e+00,0.000000e+00,0.000000e+00,0.000000e+00
1.000000e+00,0.000000e+00,0.000000e+00,0.000000e+00,0.000000e+00,0.000000e+00,0.000000e+00,0.000000e+00,0.000000e+00,0.000000e+00,0.000000e+00,0.000000e+00,0.000000e+00,0.000000e+00,0.000000e+00
1.000000e+00,0.000000e+00,0.000000e+00,0.000000e+00,0.000000e+00,0.000000e+00,0.000000e+00,0.000000e+00,0.000000e+00,0.000000e+00,0.000000e+00,0.000000e+00,0.000000e+00,0.000000e+00,0.000000e+00
1.000000e+00,0.000000e+00,0.000000e+00,0.000000e+00,0.000000e+00,0.000000e+00,0.000000e+00,0.000000e+00,0.000000e+00,0.000000e+00,0.000000e+00,0.000000e+00,0.000000e+00,0.000000e+00,0.000000e+00
1.000000e+00,0.000000e+00,0.000000e+00,0.000000e+00,0.000000e+00,0.000000e+00,0.000000e+00,0.000000e+00,0.000000e+00,0.000000e+00,0.000000e+00,0.000000e+00,0.000000e+00,0.000000e+00,0.000000e+00
1.000000e+00,0.000000e+00,0.000000e+00,0.000000e+00,0.000000e+00,0.000000e+00,0.000000e+00,0.000000e+00,0.000000e+00,0.000000e+00,0.000000e+00,0.000000e+00,0.000000e+00,0.000000e+00,0.000000e+00
1.000000e+00,0.000000e+00,0.000000e+00,0.000000e+00,0.000000e+00,0.000000e+00,0.000000e+00,0.000000e+00,0.000000e+00,0.000000e+00,0.000000e+00,0.000000e+00,0.000000e+00,0.000000e+00,0.000000e+00
1.000000e+00,0.000000e+00,0.000000e+00,0.000000e+00,0.000000e+00,0.000000e+00,0.000000e+00,0.000000e+00,0.000000e+00,0.000000e+00,0.000000e+00,0.000000e+00,0.000000e+00,0.000000e+00,0.000000e+00
1.000000e+00,0.000000e+00,0.000000e+00,0.000000e+00,0.000000e+00,0.000000e+00,0.000000e+00,0.000000e+00,0.000000e+00,0.000000e+00,0.000000e+00,0.000000e+00,0.000000e+00,0.000000e+00,0.000000e+00
1.000000e+00,0.000000e+00,0.000000e+00,0.000000e+00,0.000000e+00,0.000000e+00,0.000000e+00,0.000000e+00,0.000000e+00,0.000000e+00,0.000000e+00,0.000000e+00,0.000000e+00,0.000000e+00,0.000000e+00
1.000000e+00,0.000000e+00,0.000000e+00,0.000000e+00,0.000000e+00,0.000000e+00,0.000000e+00,0.000000e+00,0.000000e+00,0.000000e+00,0.000000e+00,0.000000e+00,0.000000e+00,0.000000e+00,0.000000e+00
1.000000e+00,0.000000e+00,0.000000e+00,0.000000e+00,0.000000e+00,0.000000e+00,0.000000e+00,0.000000e+00,0.000000e+00,0.000000e+00,0.000000e+00,0.000000e+00,0.000000e+00,0.000000e+00,0.000000e+00
1.000000e+00,0.000000e+00,0.000000e+00,0.000000e+00,0.000000e+00,0.000000e+00,0.000000e+00,0.000000e+00,0.000000e+00,0.000000e+00,0.000000e+00,0.000000e+00,0.000000e+00,0.000000e+00,0.000000e+00
1.000000e+00,0.000000e+00,0.000000e+00,0.000000e+00,0.000000e+00,0.000000e+00,0.000000e+00,0.000000e+00,0.000000e+00,0.000000e+00,0.000000e+00,0.000000e+00,0.000000e+00,0.000000e+00,0.000000e+00
1.000000e+00,0.000000e+00,0.000000e+00,0.000000e+00,0.000000e+00,0.000000e+00,0.000000e+00,0.000000e+00,0.000000e+00,0.000000e+00,0.000000e+00,0.000000e+00,0.000000e+00,0.000000e+00,0.000000e+00
1.000000e+00,0.000000e+00,0.000000e+00,0.000000e+00,0.000000e+00,0.000000e+00,0.000000e+00,0.000000e+00,0.000000e+00,0.000000e+00,0.000000e+00,0.000000e+00,0.000000e+00,0.000000e+00,0.000000e+00
1.000000e+00,0.000000e+00,0.000000e+00,0.000000e+00,0.000000e+00,0.000000e+00,0.000000e+00,0.000000e+00,0.000000e+00,0.000000e+00,0.000000e+00,0.000000e+00,0.000000e+00,0.000000e+00,0.000000e+00
1.000000e+00,0.000000e+00,0.000000e+00,0.000000e+00,0.000000e+00,0.000000e+00,0.000000e+00,0.000000e+00,0.000000e+00,0.000000e+00,0.000000e+00,0.000000e+00,0.000000e+00,0.000000e+00,0.000000e+00
1.000000e+00,0.000000e+00,0.000000e+00,0.000000e+00,0.000000e+00,0.000000e+00,0.000000e+00,0.000000e+00,0.000000e+00,0.000000e+00,0.000000e+00,0.000000e+00,0.000000e+00,0.000000e+00,0.000000e+00
1.000000e+00,0.000000e+00,0.000000e+00,0.000000e+00,0.000000e+00,0.000000e+00,0.000000e+00,0.000000e+00,0.000000e+00,0.000000e+00,0.000000e+00,0.000000e+00,0.000000e+00,0.000000e+00,0.000000e+00
1.000000e+00,0.000000e+00,0.000000e+00,0.000000e+00,0.000000e+00,0.000000e+00,0.000000e+00,0.000000e+00,0.000000e+00,0.000000e+00,0.000000e+00,0.000000e+00,0.000000e+00,0.000000e+00,0.000000e+00
1.000000e+00,0.000000e+00,0.000000e+00,0.000000e+00,0.000000e+00,0.000000e+00,0.000000e+00,0.000000e+00,0.000000e+00,0.000000e+00,0.000000e+00,0.000000e+00,0.000000e+00,0.000000e+00,0.000000e+00
1.000000e+00,0.000000e+00,0.000000e+00,0.000000e+00,0.000000e+00,0.000000e+00,0.000000e+00,0.000000e+00,0.000000e+00,0.000000e+00,0.000000e+00,0.000000e+00,0.000000e+00,0.000000e+00,0.000000e+00
4.735861e-01,4.803321e-02,3.268337e-02,2.000419e-01,6.157269e-03,4.563615e-02,5.578174e-03,1.253282e-02,1.411442e-02,5.005424e-03,7.686606e-03,3.594360e-02,4.363247e-02,2.717510e-03,6.665097e-02
3.365395e-01,4.516175e-02,2.662347e-02,3.483639e-01,4.931303e-03,3.356919e-02,4.341864e-03,8.960714e-03,3.533845e-02,5.924324e-03,1.027985e-02,2.617689e-02,3.395348e-02,2.179651e-03,7.765551e-02
3.288074e-01,4.098962e-02,2.023774e-02,2.969129e-01,7.523614e-03,3.165529e-02,5.106530e-03,7.420533e-03,5.356980e-02,5.290076e-03,2.455203e-02,2.075078e-02,7.887042e-02,2.078603e-03,7.623464e-02
3.211980e-01,6.692288e-02,1.597847e-02,2.830477e-01,1.134709e-02,2.903558e-02,5.905434e-03,8.683229e-03,6.456354e-02,5.381048e-03,2.460367e-02,2.082986e-02,7.184815e-02,2.599133e-03,6.805611e-02
2.311722e-01,5.780869e-02,1.529592e-02,3.840867e-01,1.016126e-02,2.285117e-02,4.907512e-03,6.746677e-03,8.678758e-02,8.951396e-03,3.080631e-02,1.837664e-02,6.464158e-02,2.485042e-03,5.492141e-02
1.619318e-01,4.337672e-02,1.096764e-02,3.169028e-01,7.450994e-03,1.610895e-02,3.455752e-03,4.767317e-03,2.943863e-01,6.466096e-03,3.229041e-02,1.370730e-02,4.752700e-02,1.807518e-03,3.885341e-02
1.139143e-01,3.092279e-02,7.730666e-03,2.292640e-01,5.397526e-03,1.132727e-02,2.473903e-03,3.403084e-03,4.726138e-01,4.570045e-03,4.563623e-02,1.036955e-02,3.340473e-02,1.680648e-03,2.729155e-02
8.172202e-02,2.212576e-02,5.507567e-03,1.744279e-01,4.163062e-03,8.185873e-03,1.817340e-03,2.665706e-03,5.400611e-01,3.302284e-03,9.923972e-02,1.132927e-02,2.367739e-02,2.471417e-03,1.930360e-02
5.769630e-02,1.553633e-02,3.888249e-03,1.264601e-01,3.462000e-03,5.883513e-03,1.300415e-03,1.940477e-03,4.122120e-01,2.342218e-03,3.113962e-01,2.392676e-02,1.671443e-02,3.691522e-03,1.354937e-02
4.052384e-02,1.089460e-02,2.742622e-03,8.944388e-02,5.540894e-03,4.362407e-03,9.268158e-04,1.381575e-03,2.913289e-01,1.650234e-03,4.832008e-01,4.264500e-02,1.175240e-02,4.109008e-03,9.497030e-03
2.840409e-02,7.644990e-03,1.923564e-03,6.352224e-02,9.516608e-03,3.193669e-03,6.537572e-04,9.703850e-04,2.047228e-01,1.168412e-03,6.119536e-01,4.806448e-02,8.293259e-03,3.307313e-03,6.660758e-03
2.026937e-02,6.490609e-03,1.369552e-03,4.598488e-02,2.975333e-02,4.143704e-03,5.170361e-04,7.875095e-04,1.985463e-01,8.483368e-04,5.535898e-01,1.224277e-01,7.552736e-03,3.007732e-03,4.711451e-03
1.449001e-02,9.624337e-03,1.017324e-03,3.282105e-02,4.163458e-02,4.034394e-03,3.872022e-04,6.135121e-04,1.686109e-01,6.329995e-04,5.037649e-01,2.047574e-01,7.302193e-03,6.825778e-03,3.483435e-03
1.054613e-02,7.979746e-03,9.407254e-04,2.322194e-02,5.205240e-02,7.311607e-03,5.066859e-04,6.653248e-04,1.210496e-01,5.863358e-04,5.384044e-01,2.229519e-01,5.278840e-03,5.820386e-03,2.683979e-03
7.858200e-03,6.137440e-03,6.953598e-04,1.642366e-02,6.423557e-02,7.807042e-03,4.557868e-04,6.060713e-04,8.691163e-02,5.113819e-04,5.521151e-01,2.452659e-01,3.867304e-03,5.171085e-03,1.938536e-03
5.791334e-03,4.629625e-03,5.036318e-04,1.154037e-02,6.111126e-02,6.567402e-03,3.480424e-04,4.397212e-04,6.145244e-02,4.364962e-04,5.421649e-01,2.958427e-01,2.788889e-03,4.964978e-03,1.418224e-03
4.268598e-03,3.384896e-03,3.800722e-04,8.103331e-03,5.096621e-02,5.226638e-03,2.619586e-04,3.286099e-04,4.368399e-02,3.936239e-04,5.054215e-01,3.699911e-01,2.063217e-03,4.495053e-03,1.031181e-03
3.155222e-03,2.450143e-03,2.947484e-04,5.684678e-03,5.926818e-02,3.806994e-03,2.156595e-04,2.584788e-04,3.127548e-02,3.785505e-04,5.353295e-01,3.517711e-01,1.557018e-03,3.811246e-03,7.430459e-04
2.391035e-03,1.815483e-03,2.618820e-04,4.000442e-03,9.575477e-02,2.797913e-03,5.297743e-04,2.964325e-04,2.210338e-02,3.509590e-04,5.306466e-01,3.340524e-01,1.263887e-03,3.195202e-03,5.398265e-04
1.767469e-03,1.399626e-03,2.044993e-04,2.819790e-03,1.751680e-01,2.226273e-03,1.478576e-03,3.090717e-04,1.583977e-02,3.571673e-04,5.332448e-01,2.612931e-01,9.816000e-04,2.502955e-03,4.072509e-04
1.384732e-03,1.196101e-03,1.878922e-04,1.987606e-03,2.688013e-01,1.790282e-03,1.877482e-03,3.180673e-04,1.197939e-02,4.186872e-04,4.887138e-01,2.177556e-01,8.957817e-04,2.347971e-03,3.453439e-04
1.392565e-03,2.801694e-03,5.738724e-04,1.440734e-03,2.541236e-01,4.016290e-03,2.462732e-03,8.833823e-04,1.199966e-02,5.155679e-04,5.316066e-01,1.841160e-01,1.229643e-03,2.315784e-03,5.218856e-04
1.696930e-03,2.196030e-02,4.196670e-03,1.146454e-03,2.553605e-01,3.922076e-03,2.657303e-03,1.101790e-03,2.068461e-02,8.587008e-04,5.373768e-01,1.440221e-01,1.388642e-03,2.285252e-03,1.341859e-03
2.117247e-03,2.170055e-02,5.002323e-03,9.376598e-04,1.813205e-01,3.247765e-03,1.989112e-03,1.952951e-03,2.250045e-02,2.295498e-03,6.204835e-01,1.293684e-01,1.260906e-03,4.149759e-03,1.673385e-03
6.511039e-03,6.398179e-02,1.289265e-02,1.491943e-03,1.491166e-01,4.625871e-03,1.741088e-03,6.501279e-03,4.245917e-02,3.263124e-03,5.926482e-01,9.628464e-02,1.931248e-03,1.029984e-02,6.251556e-03
1.288610e-02,1.038170e-01,2.268606e-02,2.724423e-03,1.295542e-01,6.519301e-03,1.355772e-03,5.450475e-02,9.938516e-02,3.456090e-03,4.660146e-01,7.245175e-02,3.375890e-03,1.005184e-02,1.121706e-02
1.870608e-02,1.381000e-01,4.423722e-02,3.068962e-03,1.002294e-01,5.912557e-03,1.035370e-03,1.266176e-01,1.104858e-01,4.019429e-03,3.698749e-01,5.277905e-02,3.307293e-03,9.640483e-03,1.198575e-02
1.942199e-02,2.783867e-01,5.278008e-02,3.111412e-03,7.438788e-02,5.048260e-03,7.509316e-04,1.264811e-01,1.021053e-01,4.029279e-03,2.681013e-01,3.797158e-02,3.178081e-03,8.775668e-03,1.547038e-02
2.176980e-02,3.897169e-01,4.282358e-02,4.458063e-03,6.404835e-02,6.287744e-03,6.391846e-04,1.042745e-01,1.133792e-01,4.170625e-03,1.891570e-01,2.684023e-02,2.610292e-03,7.313117e-03,2.251146e-02
2.080949e-02,4.313677e-01,3.340701e-02,3.676089e-03,6.437532e-02,7.487256e-03,4.948397e-04,1.001379e-01,1.567877e-01,3.154851e-03,1.330406e-01,1.891693e-02,1.925525e-03,6.600087e-03,1.781883e-02
2.081207e-02,4.228508e-01,2.567063e-02,2.813373e-03,6.161761e-02,6.747670e-03,4.024481e-04,1.412559e-01,1.886180e-01,2.315293e-03,9.362914e-02,1.331771e-02,1.400158e-03,5.799671e-03,1.274950e-02
2.798452e-02,3.412210e-01,1.982168e-02,2.646967e-03,6.181267e-02,7.466761e-03,5.519176e-04,2.080446e-01,2.378811e-01,2.006243e-03,6.593568e-02,9.588121e-03,1.075098e-03,4.569449e-03,9.394209e-03
3.015442e-02,2.555941e-01,1.497143e-02,2.339615e-03,5.303860e-02,6.683155e-03,6.711596e-04,3.742944e-01,1.958351e-01,1.675537e-03,4.638347e-02,6.901270e-03,8.453737e-04,3.513302e-03,7.099079e-03
2.665186e-02,1.967986e-01,1.128625e-02,2.149088e-03,4.988851e-02,5.754258e-03,7.792301e-04,4.729486e-01,1.849963e-01,1.819719e-03,3.274435e-02,5.307582e-03,7.426087e-04,2.712030e-03,5.421060e-03
2.947078e-02,1.508682e-01,1.093076e-02,2.310010e-03,4.225924e-02,5.615179e-03,1.279176e-03,5.278307e-01,1.922993e-01,2.349576e-03,2.334169e-02,4.355547e-03,7.443929e-04,2.055792e-03,4.289632e-03
3.669342e-02,1.108477e-01,9.036401e-03,2.663930e-03,3.599126e-02,5.852517e-03,1.254133e-03,5.929663e-01,1.688250e-01,2.177959e-03,1.766298e-02,8.031009e-03,1.366558e-03,1.522831e-03,5.107995e-03
5.134548e-02,8.070882e-02,7.025652e-03,1.029032e-02,2.939215e-02,5.511414e-02,1.822568e-03,4.983517e-01,1.509572e-01,2.200105e-03,1.869414e-02,8.505509e-03,7.753365e-02,1.136789e-03,6.921783e-03
3.874502e-02,5.998090e-02,6.902202e-03,3.065348e-02,2.479701e-02,1.093369e-01,6.839524e-03,3.671474e-01,1.141035e-01,2.291271e-03,1.559241e-02,8.338389e-03,2.032688e-01,9.501893e-04,1.105305e-02
2.800051e-02,4.395734e-02,6.144632e-03,5.444648e-02,2.048314e-02,9.219646e-02,1.576194e-02,2.589042e-01,1.045614e-01,3.190339e-03,1.322043e-02,1.070783e-02,3.301068e-01,8.028323e-04,1.751571e-02
2.033987e-02,3.095041e-02,4.385876e-03,3.896211e-02,1.470122e-02,7.698615e-02,1.190755e-02,1.816566e-01,7.425532e-02,2.351927e-03,1.022556e-02,1.518200e-02,5.038239e-01,5.754076e-04,1.369615e-02
1.462652e-02,2.179795e-02,3.097433e-03,2.750567e-02,1.046537e-02,5.936280e-02,8.842527e-03,1.273159e-01,5.277399e-02,1.690751e-03,7.490342e-03,1.980372e-02,6.344198e-01,4.066938e-04,1.040063e-02
1.105404e-02,1.575162e-02,2.359644e-03,1.961219e-02,8.163690e-03,4.844710e-02,6.459115e-03,8.919948e-02,3.952054e-02,1.236958e-03,5.684178e-03,2.286573e-02,7.213859e-01,3.168369e-04,7.943029e-03
8.021178e-03,1.118583e-02,1.777397e-03,1.393838e-02,6.205223e-03,3.601584e-02,5.032301e-03,6.253448e-02,2.821901e-02,8.998387e-04,4.169465e-03,2.315403e-02,7.924321e-01,2.296740e-04,6.185340e-03
6.089559e-03,8.618969e-03,1.491046e-03,1.006196e-02,4.706036e-03,2.677285e-02,4.537393e-03,4.411437e-02,2.474804e-02,8.137982e-04,4.077896e-03,2.187495e-02,8.364750e-01,2.063112e-04,5.411855e-03
7.519532e-03,6.504211e-03,2.533783e-03,7.812281e-03,4.890104e-03,3.276251e-02,4.259300e-03,3.146737e-02,1.948353e-02,1.016594e-03,7.140236e-03,2.201939e-02,8.479778e-01,4.355501e-04,4.177895e-03
7.868956e-03,4.805858e-03,3.470403e-03,6.137697e-03,8.630864e-03,3.371432e-02,4.923635e-03,2.283544e-02,1.535691e-02,1.235007e-03,9.414723e-03,2.743142e-02,8.501211e-01,4.528716e-04,3.600746e-03
9.662360e-03,3.770306e-03,4.284987e-02,4.806501e-03,1.731505e-02,3.024215e-02,6.305917e-03,1.840096e-02,1.298763e-02,4.316275e-03,1.452297e-02,3.764345e-02,7.910509e-01,8.458035e-04,5.279869e-03
9.627982e-03,2.738511e-03,3.761781e-02,4.031433e-03,1.609500e-02,2.848943e-02,6.553048e-03,1.374918e-02,1.045323e-02,4.509786e-03,2.793071e-02,5.881011e-02,7.729001e-01,9.041419e-04,5.589486e-03
7.084525e-03,1.931488e-03,2.659426e-02,2.956615e-03,1.158918e-02,2.155675e-02,4.698337e-03,9.680381e-03,7.906991e-03,3.957728e-03,6.238140e-02,6.562112e-02,7.689656e-01,7.125365e-04,4.363065e-03
5.243695e-03,1.362290e-03,1.897797e-02,2.269184e-03,8.402117e-03,1.581879e-02,3.347488e-03,8.026490e-03,6.192960e-03,3.877704e-03,8.060706e-02,7.310405e-02,7.681065e-01,6.481097e-04,4.015608e-03
3.864340e-03,9.685630e-04,1.356204e-02,1.749050e-03,6.154392e-03,1.168236e-02,2.411803e-03,6.622600e-03,5.457808e-03,4.032875e-03,1.706976e-01,7.194246e-02,6.960446e-01,5.548019e-04,4.254665e-03
2.781162e-03,7.090829e-04,9.595840e-03,1.284566e-03,1.614724e-02,8.325751e-03,1.964051e-03,5.179146e-03,3.169172e-02,4.199210e-03,2.224198e-01,7.159272e-02,6.179905e-01,4.026793e-04,5.716574e-03
2.166722e-03,5.211199e-04,6.849472e-03,1.151402e-03,1.591364e-02,6.415284e-03,1.722439e-03,1.003053e-02,3.357726e-02,6.553318e-03,2.385196e-01,7.200839e-02,5.999525e-01,2.977752e-04,4.320554e-03
1.676921e-03,4.195459e-04,5.122315e-03,1.183976e-03,1.664000e-02,4.634191e-03,1.306111e-03,3.202419e-02,4.647165e-02,5.808047e-03,2.627970e-01,7.152098e-02,5.471112e-01,2.168114e-04,3.067095e-03
1.760902e-03,3.388604e-04,4.153837e-03,1.229195e-03,1.322431e-02,3.549559e-03,1.013116e-03,2.257626e-01,3.769145e-02,4.398587e-03,2.253923e-01,5.977232e-02,4.193586e-01,1.734545e-04,2.180847e-03
2.531174e-03,3.759612e-04,3.374884e-03,2.467163e-03,1.601209e-02,3.758985e-03,9.823290e-04,3.471440e-01,3.579608e-02,3.409823e-03,1.995326e-01,5.336723e-02,3.293288e-01,2.163329e-04,1.702572e-03
9.277624e-03,1.200941e-03,8.889014e-03,3.055434e-03,5.064076e-02,4.672669e-03,4.381866e-03,3.680612e-01,5.589440e-02,2.771182e-03,1.775419e-01,4.957555e-02,2.618551e-01,2.290915e-04,1.953310e-03
1.310007e-02,1.399260e-03,1.213420e-02,3.352627e-03,7.017535e-02,4.732315e-03,5.072322e-03,4.183351e-01,6.977564e-02,2.118292e-03,1.403317e-01,4.216606e-02,2.144552e-01,3.462557e-04,2.505566e-03
1.976582e-02,1.143657e-03,1.405941e-02,4.320737e-03,6.383942e-02,3.696316e-03,3.842437e-03,4.724911e-01,5.409710e-02,1.676829e-03,1.058713e-01,3.896732e-02,2.140134e-01,3.316644e-04,1.883548e-03
3.009801e-02,9.418498e-04,1.223533e-02,4.949559e-03,6.812196e-02,2.946205e-03,3.329155e-03,4.930705e-01,4.268651e-02,1.332329e-03,7.870476e-02,3.997101e-02,2.197387e-01,3.568145e-04,1.517340e-03
1.041959e-01,9.016764e-04,1.212313e-02,4.457312e-03,1.685006e-01,2.695785e-03,7.771366e-03,3.573703e-01,4.765226e-02,1.104748e-03,6.441978e-02,4.022684e-02,1.868485e-01,4.331800e-04,1.298663e-03
1.065526e-01,9.406846e-04,1.044891e-02,1.061313e-02,1.473349e-01,2.573684e-03,5.822822e-03,3.062159e-01,4.006979e-02,8.966082e-04,5.676666e-02,1.331207e-01,1.771899e-01,4.485970e-04,1.005324e-03
8.030858e-02,7.611486e-04,7.789360e-03,1.122030e-02,1.454294e-01,2.277714e-03,4.209615e-03,4.490070e-01,2.928053e-02,6.407402e-04,4.109772e-02,9.778292e-02,1.291517e-01,3.272493e-04,7.160828e-04
6.017055e-02,6.468459e-04,6.116431e-03,9.237995e-03,1.267984e-01,2.141953e-03,3.095246e-03,5.799284e-01,2.080799e-02,4.623792e-04,2.945530e-02,6.933849e-02,9.102283e-02,2.471652e-04,5.301465e-04
4.381632e-02,4.794132e-04,4.669362e-03,7.584386e-03,9.678882e-02,1.619175e-03,2.225996e-03,6.943290e-01,1.461979e-02,3.256248e-04,2.066824e-02,4.856670e-02,6.375797e-02,1.744476e-04,3.748154e-04
3.592102e-02,3.867217e-04,4.029094e-03,8.188857e-03,7.304718e-02,1.661209e-03,1.601959e-03,7.690490e-01,1.048499e-02,2.743634e-04,1.547871e-02,3.445908e-02,4.491943e-02,1.677276e-04,3.306412e-04
2.783360e-02,3.972626e-04,3.409028e-03,1.834415e-02,5.153633e-02,1.739874e-03,1.138328e-03,6.085042e-01,7.729135e-03,2.785601e-03,1.683944e-01,4.647728e-02,5.767526e-02,3.289700e-03,7.457584e-04
1.993419e-02,4.010541e-04,2.526629e-03,1.669065e-02,3.617852e-02,1.381568e-03,8.016623e-04,4.288439e-01,5.859251e-03,4.254137e-03,3.565271e-01,4.436170e-02,7.146470e-02,9.938742e-03,8.361568e-04
1.441597e-02,9.215773e-04,2.400405e-03,1.583923e-02,2.619004e-02,1.332623e-03,5.994723e-04,3.103142e-01,6.021761e-03,5.180955e-03,4.234073e-01,8.259954e-02,9.230007e-02,1.736855e-02,1.108268e-03
1.107130e-02,1.203411e-03,4.952062e-03,4.561731e-02,2.056543e-02,1.883487e-03,4.951447e-04,2.309246e-01,8.710610e-03,5.907019e-03,4.046131e-01,1.716725e-01,7.027462e-02,2.097558e-02,1.133798e-03
8.307371e-03,1.278883e-03,7.324443e-03,6.105673e-02,1.499563e-02,1.967133e-03,3.674130e-04,1.632864e-01,8.642403e-03,6.340939e-03,4.185274e-01,2.301207e-01,5.427700e-02,2.252482e-02,9.825804e-04
5.965164e-03,1.134669e-03,8.149585e-03,5.999407e-02,1.142302e-02,1.743601e-03,2.943206e-04,1.148495e-01,6.522785e-03,5.124452e-03,4.260015e-01,2.981986e-01,3.971428e-02,2.012387e-02,7.604493e-04
4.265471e-03,9.520568e-04,6.437627e-03,5.604009e-02,1.000096e-02,1.605119e-03,2.294492e-04,8.073267e-02,4.828483e-03,4.084485e-03,3.939801e-01,3.913137e-01,2.839914e-02,1.651472e-02,6.158249e-04
3.012677e-03,7.258150e-04,4.610199e-03,4.369510e-02,1.555637e-02,1.706204e-03,1.649147e-04,5.655084e-02,3.608899e-03,3.031654e-03,3.361306e-01,4.976335e-01,2.048509e-02,1.258783e-02,5.002183e-04
2.151212e-03,5.759890e-04,3.337546e-03,3.133868e-02,1.902105e-02,1.623780e-03,1.198266e-04,3.960617e-02,2.732686e-03,2.280354e-03,2.619224e-01,6.090119e-01,1.523345e-02,1.059332e-02,4.515843e-04
1.665436e-03,4.427736e-04,2.465235e-03,2.262383e-02,2.139152e-02,1.762717e-03,9.343395e-05,2.780059e-02,2.147214e-03,1.999424e-03,2.241137e-01,6.710765e-01,1.240256e-02,9.624326e-03,3.906671e-04
1.790957e-03,3.797583e-04,1.923596e-03,1.614862e-02,2.923637e-02,4.033488e-03,1.338937e-04,1.978869e-02,2.177513e-03,2.006953e-03,2.152867e-01,6.843358e-01,1.178723e-02,1.061287e-02,3.574394e-04
1.457437e-03,6.236469e-04,1.520873e-03,1.151466e-02,5.100493e-02,4.988949e-03,1.895972e-04,1.417040e-02,7.515315e-03,2.100192e-03,2.121800e-01,6.736169e-01,9.447982e-03,9.273277e-03,3.957109e-04
2.310486e-03,5.870309e-04,1.164213e-03,8.119748e-03,3.755618e-02,7.233141e-03,2.081009e-04,1.008802e-02,5.765599e-03,2.098046e-03,1.592882e-01,7.507024e-01,7.046796e-03,7.475454e-03,3.565606e-04
2.394550e-03,5.862703e-04,9.445874e-04,5.803041e-03,3.068486e-02,1.725029e-02,7.414265e-04,7.427416e-03,5.009967e-03,2.361431e-03,1.261493e-01,7.878581e-01,5.772533e-03,6.677468e-03,3.387383e-04
3.804178e-03,5.616564e-04,7.706865e-04,4.230442e-03,2.440097e-02,1.816816e-02,8.614404e-04,5.657892e-03,4.977633e-03,4.576212e-03,1.100064e-01,8.100022e-01,4.901893e-03,6.747582e-03,3.326071e-04
4.304890e-03,7.045435e-04,1.012288e-03,3.223676e-03,2.097879e-02,1.514205e-02,9.832587e-04,4.193154e-03,5.412221e-03,4.503324e-03,1.016622e-01,8.275670e-01,3.855237e-03,6.013656e-03,4.436775e-04
4.616017e-03,1.283835e-03,1.932641e-03,2.725217e-03,3.585986e-02,1.309860e-02,2.535796e-03,3.426950e-03,7.403604e-03,4.528549e-03,1.175418e-01,7.961620e-01,3.347270e-03,4.876217e-03,6.616956e-04
5.013717e-03,1.089222e-03,1.823652e-03,2.028679e-03,3.205733e-02,1.371902e-02,2.521785e-03,2.888268e-03,7.468957e-03,5.580078e-03,1.119811e-01,8.049831e-01,3.390958e-03,4.825929e-03,6.282509e-04
4.319103e-03,1.045209e-03,1.949417e-03,1.575889e-03,3.187077e-02,1.189431e-02,2.077882e-03,3.194739e-03,1.200726e-02,1.350534e-02,9.846746e-02,8.093615e-01,3.502159e-03,4.596964e-03,6.320775e-04
3.302645e-03,9.409578e-04,2.897888e-03,1.177695e-03,4.724216e-02,9.110491e-03,2.546891e-03,2.652023e-03,1.589274e-02,1.181118e-02,1.034338e-01,7.909932e-01,3.281612e-03,4.093419e-03,6.233560e-04
3.115309e-03,7.818106e-04,2.579455e-03,8.789237e-04,4.119162e-02,7.425754e-03,1.885954e-03,2.253900e-03,1.516141e-02,1.668300e-02,1.205026e-01,7.777420e-01,4.905325e-03,4.384627e-03,5.083196e-04
2.865605e-03,7.855092e-04,3.155803e-03,6.669099e-04,4.675839e-02,6.331305e-03,1.585712e-03,1.980121e-03,1.844992e-02,1.559643e-02,1.177271e-01,7.731904e-01,6.221810e-03,4.219951e-03,4.650102e-04
4.286654e-03,7.636272e-04,2.657678e-03,5.576261e-04,3.489308e-02,1.035914e-02,1.302868e-03,3.144886e-03,1.551786e-02,1.836087e-02,9.862615e-02,7.982616e-01,6.786283e-03,4.072031e-03,4.096627e-04
5.148849e-03,9.239552e-04,2.899162e-03,4.406037e-04,2.956711e-02,8.668624e-03,1.198272e-03,3.653199e-03,1.513060e-02,2.002190e-02,1.349042e-01,7.656952e-01,7.476121e-03,3.886968e-03,3.852645e-04
5.635495e-03,9.201319e-04,3.790110e-03,4.135069e-04,9.517908e-02,7.316399e-03,2.615572e-03,4.670035e-03,2.563665e-02,1.564391e-02,1.412379e-01,6.845098e-01,8.333826e-03,3.611745e-03,4.858432e-04
6.911209e-03,1.325988e-03,6.805620e-03,5.759414e-04,1.536336e-01,6.163935e-03,5.267775e-03,5.933074e-03,6.214473e-02,1.266045e-02,1.181254e-01,6.040995e-01,1.238846e-02,3.299104e-03,6.651958e-04
8.460158e-03,2.023181e-03,7.378821e-03,6.856385e-04,1.852405e-01,5.758253e-03,8.587969e-03,6.755239e-03,1.202133e-01,1.069980e-02,9.660003e-02,5.285672e-01,1.515538e-02,3.085896e-03,7.886149e-04
7.299811e-03,1.836382e-03,5.406576e-03,5.289053e-04,2.390304e-01,4.381125e-03,9.382761e-03,5.267919e-03,2.128732e-01,7.556249e-03,7.344063e-02,4.154842e-01,1.456210e-02,2.275846e-03,6.738424e-04
6.923488e-03,1.703927e-03,4.396035e-03,4.731104e-04,2.504618e-01,4.067899e-03,9.671262e-03,2.462254e-02,2.745029e-01,5.593334e-03,5.498160e-02,3.411031e-01,1.917813e-02,1.763140e-03,5.575969e-04
7.930397e-03,1.680739e-03,3.534454e-03,4.593448e-04,2.696443e-01,9.421093e-03,8.440111e-03,2.186279e-02,3.192460e-01,4.234671e-03,4.228515e-02,2.852325e-01,2.386969e-02,1.541654e-03,6.170105e-04
1.005631e-02,1.592859e-03,3.035728e-03,6.120685e-04,2.453195e-01,8.839802e-03,8.672065e-03,2.099755e-02,3.547332e-01,3.428596e-03,3.698434e-02,2.619294e-01,4.161556e-02,1.314620e-03,8.682968e-04
1.400204e-02,1.438399e-03,2.425789e-03,7.741785e-04,1.993655e-01,7.971139e-03,7.819453e-03,1.678945e-02,3.647792e-01,3.109645e-03,3.549209e-02,2.728072e-01,7.104331e-02,1.170801e-03,1.011772e-03
2.143685e-02,1.439951e-03,1.912627e-03,7.251924e-04,2.250168e-01,7.071867e-03,5.946565e-03,1.229017e-02,3.568838e-01,2.533894e-03,2.972021e-02,2.599185e-01,7.306626e-02,1.069042e-03,9.682499e-04
2.810975e-02,1.931588e-03,1.926236e-03,1.206348e-03,2.217717e-01,5.721507e-03,5.121695e-03,1.972925e-02,3.815327e-01,2.363515e-03,2.882670e-02,2.249657e-01,7.461694e-02,1.133250e-03,1.043130e-03
3.281017e-02,1.925022e-03,2.148649e-03,1.139461e-03,2.886492e-01,4.806510e-03,5.394142e-03,1.652178e-02,3.788424e-01,2.167525e-03,2.683300e-02,1.710414e-01,6.550585e-02,1.217645e-03,9.974061e-04
4.203083e-02,2.090579e-03,3.679497e-03,1.206154e-03,2.794967e-01,4.040585e-03,7.285231e-03,4.423837e-02,3.871003e-01,1.917374e-03,2.651447e-02,1.377027e-01,6.067241e-02,1.105324e-03,9.194095e-04
5.985739e-02,2.292094e-03,6.198237e-03,4.080394e-03,2.742588e-01,4.531066e-03,6.954520e-03,4.659579e-02,3.960485e-01,1.610410e-03,2.384627e-02,1.165615e-01,5.528391e-02,9.681102e-04,9.129798e-04
6.409845e-02,3.108011e-03,8.301336e-03,4.584290e-03,2.454687e-01,6.305220e-03,7.397130e-03,4.047151e-02,4.542794e-01,1.413999e-03,2.079264e-02,9.581798e-02,4.598501e-02,9.477367e-04,1.028607e-03
7.070329e-02,3.424687e-03,1.138798e-02,5.324531e-03,3.080028e-01,5.530842e-03,1.251769e-02,3.373152e-02,4.236966e-01,1.080490e-03,1.682857e-02,7.117095e-02,3.463117e-02,9.285423e-04,1.040388e-03
1.000470e-01,3.477303e-03,1.296055e-02,6.819822e-03,3.525510e-01,4.566571e-03,1.271743e-02,2.967814e-02,3.672894e-01,9.035037e-04,2.011907e-02,5.844745e-02,2.816427e-02,1.140475e-03,1.118031e-03
1.052909e-01,3.674631e-03,1.302018e-02,8.552944e-03,3.679425e-01,3.881004e-03,1.059752e-02,2.889110e-02,3.649696e-01,9.586687e-04,1.906038e-02,4.879575e-02,2.194874e-02,1.192521e-03,1.223585e-03
1.219946e-01,3.381043e-03,1.201057e-02,7.996815e-03,3.619682e-01,3.490315e-03,7.983899e-03,2.148734e-02,3.745339e-01,1.089812e-03,2.162239e-02,4.250137e-02,1.719443e-02,1.437255e-03,1.308101e-03
1.370498e-01,4.245209e-03,1.165647e-02,8.540344e-03,3.822498e-01,3.590483e-03,6.029995e-03,1.674151e-02,3.489363e-01,2.846600e-03,2.422464e-02,3.603566e-02,1.399573e-02,2.157415e-03,1.700104e-03
1.757463e-01,9.601817e-03,9.228637e-03,9.226139e-03,3.139965e-01,6.924477e-03,4.964837e-03,1.463055e-02,3.772490e-01,3.294384e-03,2.413474e-02,3.223686e-02,1.258902e-02,2.686124e-03,3.490610e-03
1.908060e-01,1.033557e-02,7.674557e-03,4.185225e-02,2.718369e-01,6.480998e-03,4.522046e-03,2.294211e-02,3.552869e-01,3.005870e-03,2.938800e-02,3.665341e-02,1.219686e-02,3.091477e-03,3.927051e-03
2.189865e-01,1.027836e-02,9.283282e-03,4.862172e-02,2.697969e-01,7.423589e-03,5.592930e-03,2.596628e-02,3.289511e-01,2.710575e-03,2.372604e-02,3.214708e-02,1.019437e-02,2.509208e-03,3.812101e-03
1.702786e-01,1.687193e-02,8.165292e-03,7.276762e-02,2.412139e-01,1.108769e-02,5.317749e-03,1.898363e-02,2.393124e-01,2.487992e-03,1.980999e-02,3.794395e-02,1.494256e-01,2.260041e-03,4.073658e-03
1.529477e-01,1.844833e-02,6.881310e-03,1.228064e-01,1.954015e-01,1.075470e-02,4.002098e-03,1.358608e-02,1.703537e-01,1.998737e-03,1.835252e-02,6.858698e-02,2.096793e-01,1.756411e-03,4.444167e-03
1.106647e-01,1.378461e-02,5.548279e-03,1.027278e-01,1.533392e-01,9.133248e-03,2.979803e-03,9.630589e-03,1.201093e-01,1.469893e-03,1.537059e-02,6.890581e-02,3.796621e-01,1.270029e-03,5.404041e-03
8.164901e-02,1.018176e-02,4.271853e-03,7.652556e-02,1.196505e-01,7.656927e-03,2.180964e-03,6.799172e-03,8.470256e-02,1.074533e-03,1.274959e-02,8.411437e-02,5.030583e-01,9.275575e-04,4.457470e-03
5.796916e-02,7.287535e-03,3.210254e-03,5.418692e-02,8.574236e-02,6.245330e-03,1.594026e-03,4.867840e-03,5.948192e-02,7.813706e-04,9.488486e-03,7.628259e-02,6.289544e-01,6.691914e-04,3.238640e-03
4.086951e-02,5.138786e-03,2.277705e-03,3.802534e-02,6.067894e-02,4.692048e-03,1.154220e-03,3.475692e-03,4.169623e-02,5.644203e-04,6.845361e-03,7.601292e-02,7.157368e-01,4.715928e-04,2.360464e-03
2.889099e-02,3.825939e-03,1.715683e-03,2.668091e-02,4.312490e-02,3.669318e-03,8.791667e-04,2.544079e-03,2.960150e-02,4.356716e-04,5.411965e-03,6.542396e-02,7.855220e-01,5.202467e-04,1.753748e-03
2.071024e-02,2.704101e-03,1.230263e-03,1.870681e-02,3.046278e-02,4.814942e-03,8.543719e-04,2.015155e-03,2.110616e-02,3.308846e-04,4.988187e-03,8.478567e-02,8.054276e-01,5.737378e-04,1.289154e-03
1.494198e-02,1.926033e-03,8.922295e-04,1.310782e-02,2.235333e-02,4.658666e-03,7.723558e-04,1.658924e-03,1.513906e-02,2.981497e-04,4.585397e-03,1.653807e-01,7.528358e-01,4.548417e-04,9.947161e-04
1.083088e-02,1.408290e-03,7.452375e-04,9.202486e-03,2.431524e-02,4.138030e-03,1.805607e-03,1.918175e-03,1.236709e-02,3.968266e-04,3.498522e-03,2.532575e-01,6.748125e-01,3.443357e-04,9.591951e-04
8.058531e-03,1.180811e-03,7.588186e-04,6.483875e-03,2.406549e-02,3.773744e-03,2.596905e-03,2.319383e-03,1.383859e-02,3.814748e-04,2.639082e-03,3.458291e-01,5.869620e-01,2.521661e-04,8.599389e-04
6.743976e-03,1.633587e-03,1.585173e-03,4.884721e-03,3.657117e-02,5.776668e-03,3.152515e-03,3.344168e-03,1.951080e-02,6.884361e-04,2.376188e-03,3.379062e-01,5.747905e-01,2.166662e-04,8.191856e-04
1.318091e-02,1.954073e-03,1.963758e-03,1.213571e-02,3.396803e-02,5.653001e-02,3.236186e-03,3.653405e-03,1.625476e-02,7.174796e-04,1.198305e-02,2.964325e-01,5.465596e-01,4.780715e-04,9.524892e-04
1.181484e-02,2.235373e-03,1.767326e-03,1.178519e-02,3.142634e-02,6.348916e-02,3.155101e-03,3.048613e-03,1.323588e-02,6.796271e-04,2.511276e-02,3.293035e-01,5.009962e-01,4.338941e-04,1.516140e-03
9.310791e-03,2.593637e-03,6.691195e-03,8.795090e-03,4.053155e-02,4.847383e-02,4.949125e-03,4.005696e-03,1.142002e-02,8.710643e-04,2.294962e-02,3.670669e-01,4.697248e-01,3.664046e-04,2.250324e-03
1.017893e-02,4.791487e-03,3.650749e-02,7.807691e-03,5.006800e-02,3.686985e-02,5.978405e-03,5.605428e-03,1.293427e-02,1.122846e-03,1.731226e-02,3.635929e-01,4.440636e-01,3.388012e-04,2.828059e-03
1.281902e-02,3.861738e-03,5.448144e-02,7.241786e-03,5.915579e-02,3.046670e-02,1.669832e-02,3.297929e-02,1.064350e-02,1.321914e-03,1.403914e-02,2.686995e-01,4.796795e-01,4.240300e-04,7.488353e-03
3.208605e-02,4.105577e-03,1.315936e-01,1.078244e-02,1.081477e-01,3.582722e-02,2.891512e-02,3.269333e-02,1.529164e-02,2.495829e-03,1.154877e-02,1.897955e-01,3.874035e-01,4.909242e-04,8.822767e-03
4.631408e-02,4.425632e-03,1.694115e-01,8.856603e-03,1.331271e-01,3.037417e-02,3.224348e-02,2.800533e-02,1.889463e-02,2.338984e-03,9.368490e-03,1.352652e-01,3.676395e-01,5.588375e-04,1.317653e-02
5.687377e-02,3.958690e-03,1.869541e-01,8.074215e-03,1.167647e-01,2.696182e-02,2.673438e-02,3.114856e-02,1.676566e-02,1.888747e-03,7.262219e-03,9.864371e-02,4.016629e-01,5.937988e-04,1.571284e-02
5.468464e-02,3.393939e-03,1.665904e-01,6.322598e-03,1.075178e-01,2.430449e-02,1.834607e-01,3.595847e-02,1.441707e-02,1.523248e-03,5.398138e-03,7.215868e-02,3.047353e-01,4.995058e-04,1.903500e-02
4.781409e-02,3.915267e-03,1.405374e-01,4.817875e-03,8.805938e-02,2.547345e-02,3.268726e-01,5.421091e-02,1.372139e-02,1.438051e-03,4.070720e-03,5.110845e-02,2.192702e-01,4.339471e-04,1.825633e-02
4.196876e-02,6.318931e-03,1.184829e-01,3.673174e-03,7.502246e-02,2.707502e-02,3.924288e-01,4.801639e-02,1.731243e-02,2.151181e-03,4.989584e-03,3.709615e-02,2.041889e-01,4.307235e-04,2.084458e-02
3.438272e-02,1.219437e-02,9.303102e-02,2.987151e-03,8.050136e-02,2.383418e-02,4.201300e-01,4.318120e-02,4.117095e-02,5.609725e-03,2.727797e-02,2.833983e-02,1.542691e-01,4.355148e-04,3.265502e-02
2.917959e-02,1.736068e-02,6.842890e-02,2.986238e-03,1.045985e-01,2.377011e-02,3.452635e-01,4.815351e-02,6.446376e-02,9.928184e-03,9.499325e-02,2.235666e-02,1.280286e-01,4.310036e-04,4.005747e-02
2.405351e-02,2.170676e-02,4.983143e-02,2.500054e-03,8.925936e-02,4.754024e-02,2.787856e-01,3.989846e-02,7.290842e-02,9.181875e-03,1.783693e-01,1.834865e-02,1.234469e-01,3.698844e-04,4.379958e-02
1.820625e-02,1.976850e-02,3.570922e-02,2.398682e-03,6.643619e-02,5.073611e-02,1.993691e-01,3.011843e-02,1.061469e-01,8.696284e-03,3.134991e-01,1.543580e-02,9.799981e-02,2.815963e-04,3.519806e-02
1.313292e-02,1.686261e-02,2.566779e-02,3.525093e-03,4.706756e-02,1.068373e-01,1.417118e-01,2.124401e-02,1.152632e-01,9.105002e-03,3.728597e-01,1.606496e-02,8.355702e-02,2.220843e-04,2.687899e-02
1.004514e-02,1.612271e-02,1.842604e-02,3.436437e-03,3.322556e-02,1.192956e-01,1.021221e-01,1.524189e-02,1.253300e-01,1.178372e-02,3.933802e-01,2.972670e-02,1.000582e-01,3.463708e-04,2.145933e-02
8.192760e-03,1.218060e-02,1.317471e-02,3.239733e-03,2.356385e-02,1.119736e-01,7.305615e-02,1.124827e-02,1.012658e-01,1.142292e-02,3.830262e-01,9.667253e-02,1.347564e-01,6.819604e-04,1.554455e-02
7.241665e-03,9.475496e-03,9.507439e-03,4.429470e-03,1.688742e-02,9.221949e-02,5.199407e-02,8.567573e-03,8.331316e-02,1.194525e-02,3.524155e-01,2.000884e-01,1.388092e-01,1.370593e-03,1.173528e-02
