1.000000e+00,0.000000e+00,0.000000e+00,0.000000e+00,0.000000e+00,0.000000e+00,0.000000e+00,0.000000e+00,0.000000e+00,0.000000e+00,0.000000e+00,0.000000e+00,0.000000e+00,0.000000e+00,0.000000e+00
1.000000e+00,0.000000e+00,0.000000e+00,0.000000e+00,0.000000e+00,0.000000e+00,0.000000e+00,0.000000e+00,0.000000e+00,0.000000e+00,0.000000e+00,0.000000e+00,0.000000e+00,0.000000e+00,0.000000e+00
1.000000e+00,0.000000e+00,0.000000e+00,0.000000e+00,0.000000e+00,0.000000e+00,0.000000e+00,0.000000e+00,0.000000e+00,0.000000e+00,0.000000e+00,0.000000e+00,0.000000e+00,0.000000e+00,0.000000e+00
1.000000e+00,0.000000e+00,0.000000e+00,0.000000e+00,0.000000e+00,0.000000e+00,0.000000e+00,0.000000e+00,0.000000e+00,0.000000e+00,0.000000e+00,0.000000e+00,0.000000e+00,0.000000e+00,0.000000e+00
1.000000e+00,0.000000e+00,0.000000e+00,0.000000e+00,0.000000e+00,0.000000e+00,0.000000e+00,0.000000e+00,0.000000e+00,0.000000e+00,0.000000e+00,0.000000e+00,0.000000e+00,0.000000e+00,0.000000e+00
1.000000e+00,0.000000e+00,0.000000e+00,0.000000e+00,0.000000e+00,0.000000e+00,0.000000e+00,0.000000e+00,0.000000e+00,0.000000e+00,0.000000e+00,0.000000e+00,0.000000e+00,0.000000e+00,0.000000e+00
1.000000e+00,0.000000e+00,0.000000e+00,0.000000e+00,0.000000e+00,0.000000e+00,0.000000e+00,0.000000e+00,0.000000e+00,0.000000e+00,0.000000e+00,0.000000e+00,0.000000e+00,0.000000e+00,0.000000e+00
1.000000e+00,0.000000e+00,0.000000e+00,0.000000e+00,0.000000e+00,0.000000e+00,0.000000e+00,0.000000e+00,0.000000e+00,0.000000e+00,0.000000e+00,0.000000e+00,0.000000e+00,0.000000e+00,0.000000e+00
1.000000e+00,0.000000e+00,0.000000e+00,0.000000e+00,0.000000e+00,0.000000e+00,0.000000e+00,0.000000e+00,0.000000e+00,0.000000e+00,0.000000e+00,0.000000e+00,0.000000e+00,0.000000e+00,0.000000e+00
1.000000e+00,0.000000e+00,0.000000e+00,0.000000e+00,0.000000e+00,0.000000e+00,0.000000e+00,0.000000e+00,0.000000e+00,0.000000e+00,0.000000e+00,0.000000e+00,0.000000e+00,0.000000e+00,0.000000e+00
1.000000e+00,0.000000e+00,0.000000e+00,0.000000e+00,0.000000e+00,0.000000e+00,0.000000e+00,0.000000e+00,0.000000e+00,0.000000e+00,0.000000e+00,0.000000e+00,0.000000e+00,0.000000e+00,0.000000e+00
1.000000e+00,0.000000e+00,0.000000e+00,0.000000e+00,0.000000e+00,0.000000e+00,0.000000e+00,0.000000e+00,0.000000e+00,0.000000e+00,0.000000e+00,0.000000e+00,0.000000e+00,0.000000e+00,0.000000e+00
1.000000e+00,0.000000e+00,0.000000e+00,0.000000e+00,0.000000e+00,0.000000e+00,0.000000e+00,0.000000e+00,0.000000e+00,0.000000e+00,0.000000e+00,0.000000e+00,0.000000e+00,0.000000e+00,0.000000e+00
1.000000e+00,0.000000e+00,0.000000e+00,0.000000e+00,0.000000e+00,0.000000e+00,0.000000e+00,0.000000e+00,0.000000e+00,0.000000e+00,0.000000e+00,0.000000e+00,0.000000e+00,0.000000e+00,0.000000e+00
1.000000e+00,0.000000e+00,0.000000e+00,0.000000e+00,0.000000e+00,0.000000e+00,0.000000e+00,0.000000e+00,0.000000e+00,0.000000e+00,0.000000e+00,0.000000e+00,0.000000e+00,0.000000e+00,0.000000e+00
1.000000e+00,0.000000e+00,0.000000e+00,0.000000e+00,0.000000e+00,0.000000e+00,0.000000e+00,0.000000e+00,0.000000e+00,0.000000e+00,0.000000e+00,0.000000e+00,0.000000e+00,0.000000e+00,0.000000e+00
1.000000e+00,0.000000e+00,0.000000e+00,0.000000e+00,0.000000e+00,0.000000e+00,0.000000e+00,0.000000e+00,0.000000e+00,0.000000e+00,0.000000e+00,0.000000e+00,0.000000e+00,0.000000e+00,0.000000e+00
1.000000e+00,0.000000e+00,0.000000e+00,0.000000e+00,0.000000e+00,0.000000e+00,0.000000e+00,0.000000e+00,0.000000e+00,0.000000e+00,0.000000e+00,0.000000e+00,0.000000e+00,0.000000e+00,0.000000e+00
1.000000e+00,0.000000e+00,0.000000e+00,0.000000e+00,0.000000e+00,0.000000e+00,0.000000e+00,0.000000e+00,0.000000e+00,0.000000e+00,0.000000e+00,0.000000e+00,0.000000e+00,0.000000e+00,0.000000e+00
1.000000e+00,0.000000e+00,0.000000e+00,0.000000e+00,0.000000e+00,0.000000e+00,0.000000e+00,0.000000e+00,0.000000e+00,0.000000e+00,0.000000e+00,0.000000e+00,0.000000e+00,0.000000e+00,0.000000e+00
1.000000e+00,0.000000e+00,0.000000e+00,0.000000e+00,0.000000e+00,0.000000e+00,0.000000e+00,0.000000e+00,0.000000e+00,0.000000e+00,0.000000e+00,0.000000e+00,0.000000e+00,0.000000e+00,0.000000e+00
1.000000e+00,0.000000e+00,0.000000e+00,0.000000e+00,0.000000e+00,0.000000e+00,0.000000e+00,0.000000e+00,0.000000e+00,0.000000e+00,0.000000e+00,0.000000e+00,0.000000e+00,0.000000e+00,0.000000e+00
1.000000e+00,0.000000e+00,0.000000e+00,0.000000e+00,0.000000e+00,0.000000e+00,0.000000e+00,0.000000e+00,0.000000e+00,0.000000e+00,0.000000e+00,0.000000e+00,0.000000e+00,0.000000e+00,0.000000e+00
1.000000e+00,0.000000e+00,0.000000e+00,0.000000e+00,0.000000e+00,0.000000e+00,0.000000e+00,0.000000e+00,0.000000e+00,0.000000e+00,0.000000e+00,0.000000e+00,0.000000e+00,0.000000e+00,0.000000e+00
1.000000e+00,0.000000e+00,0.000000e+00,0.000000e+00,0.000000e+00,0.000000e+00,0.000000e+00,0.000000e+00,0.000000e+00,0.000000e+00,0.000000e+00,0.000000e+00,0.000000e+00,0.000000e+00,0.000000e+00
1.000000e+00,0.000000e+00,0.000000e+00,0.000000e+00,0.000000e+00,0.000000e+00,0.000000e+00,0.000000e+00,0.000000e+00,0.000000e+00,0.000000e+00,0.000000e+00,0.000000e+00,0.000000e+00,0.000000e+00
1.000000e+00,0.000000e+00,0.000000e+00,0.000000e+00,0.000000e+00,0.000000e+00,0.000000e+00,0.000000e+00,0.000000e+00,0.000000e+00,0.000000e+00,0.000000e+00,0.000000e+00,0.000000e+00,0.000000e+00
1.000000e+00,0.000000e+00,0.000000e+00,0.000000e+00,0.000000e+00,0.000000e+00,0.000000e+00,0.000000e+00,0.000000e+00,0.000000e+00,0.000000e+00,0.000000e+00,0.000000e+00,0.000000e+00,0.000000e+00
1.000000e+00,0.000000e+00,0.000000e+00,0.000000e+00,0.000000e+00,0.000000e+00,0.000000e+00,0.000000e+00,0.000000e+00,0.000000e+00,0.000000e+00,0.000000e+00,0.000000e+00,0.000000e+00,0.000000e+00
1.000000e+00,0.000000e+00,0.000000e+00,0.000000e+00,0.000000e+00,0.000000e+00,0.000000e+00,0.000000e+00,0.000000e+00,0.000000e+00,0.000000e+00,0.000000e+00,0.000000e+00,0.000000e+00,0.000000e+00
1.000000e+00,0.000000e+00,0.000000e+00,0.000000e+00,0.000000e+00,0.000000e+00,0.000000e+00,0.000000e+00,0.000000e+00,0.000000e+00,0.000000e+00,0.000000e+00,0.000000e+00,0.000000e+00,0.000000e+00
1.000000e+00,0.000000e+00,0.000000e+00,0.000000e+00,0.000000e+00,0.000000e+00,0.000000e+00,0.000000e+00,0.000000e+00,0.000000e+00,0.000000e+00,0.000000e+00,0.000000e+00,0.000000e+00,0.000000e+00
1.000000e+00,0.000000e+00,0.000000e+00,0.000000e+00,0.000000e+00,0.000000e+00,0.000000e+00,0.000000e+00,0.000000e+00,0.000000e+00,0.000000e+00,0.000000e+00,0.000000e+00,0.000000e+00,0.000000e+00
1.000000e+00,0.000000e+00,0.000000e+00,0.000000e+00,0.000000e+00,0.000000e+00,0.000000e+00,0.000000e+00,0.000000e+00,0.000000e+00,0.000000e+00,0.000000e+00,0.000000e+00,0.000000e+00,0.000000e+00
1.000000e+00,0.000000e+00,0.000000e+00,0.000000e+00,0.000000e+00,0.000000e+00,0.000000e+00,0.000000e+00,0.000000e+00,0.000000e+00,0.000000e+00,0.000000e+00,0.000000e+00,0.000000e+00,0.000000e+00
1.000000e+00,0.000000e+00,0.000000e+00,0.000000e+00,0.000000e+00,0.000000e+00,0.000000e+00,0.000000e+00,0.000000e+00,0.000000e+00,0.000000e+00,0.000000e+00,0.000000e+00,0.000000e+00,0.000000e+00
1.000000e+00,0.000000e+00,0.000000e+00,0.000000e+00,0.000000e+00,0.000000e+00,0.000000e+00,0.000000e+00,0.000000e+00,0.000000e+00,0.000000e+00,0.000000e+00,0.000000e+00,0.000000e+00,0.000000e+00
1.000000e+00,0.000000e+00,0.000000e+00,0.000000e+00,0.000000e+00,0.000000e+00,0.000000e+00,0.000000e+00,0.000000e+00,0.000000e+00,0.000000e+00,0.000000e+00,0.000000e+00,0.000000e+00,0.000000e+00
1.000000e+00,0.000000e+00,0.000000e+00,0.000000e+00,0.000000e+00,0.000000e+00,0.000000e+00,0.000000e+00,0.000000e+00,0.000000e+00,0.000000e+00,0.000000e+00,0.000000e+00,0.000000e+00,0.000000e+00
1.000000e+00,0.000000e+00,0.000000e+00,0.000000e+00,0.000000e+00,0.000000e+00,0.000000e+00,0.000000e+00,0.000000e+00,0.000000e+00,0.000000e+00,0.000000e+00,0.000000e+00,0.000000e+00,0.000000e+00
1.000000e+00,0.000000e+00,0.000000e+00,0.000000e+00,0.000000e+00,0.000000e+00,0.000000e+00,0.000000e+00,0.000000e+00,0.000000e+00,0.000000e+00,0.000000e+00,0.000000e+00,0.000000e+00,0.000000e+00
1.000000e+00,0.000000e+00,0.000000e+00,0.000000e+00,0.000000e+00,0.000000e+00,0.000000e+00,0.000000e+00,0.000000e+00,0.000000e+00,0.000000e+00,0.000000e+00,0.000000e+00,0.000000e+00,0.000000e+00
1.000000e+00,0.000000e+00,0.000000e+00,0.000000e+00,0.000000e+00,0.000000e+00,0.000000e+00,0.000000e+00,0.000000e+00,0.000000e+00,0.000000e+00,0.000000e+00,0.000000e+00,0.000000e+00,0.000000e+00
1.000000e+00,0.000000e+00,0.000000e+00,0.000000e+00,0.000000e+00,0.000000e+00,0.000000e+00,0.000000e+00,0.000000e+00,0.000000e+00,0.000000e+00,0.000000e+00,0.000000e+00,0.000000e+00,0.000000e+00
1.000000e+00,0.000000e+00,0.000000e+00,0.000000e+00,0.000000e+00,0.000000e+00,0.000000e+00,0.000000e+00,0.000000e+00,0.000000e+00,0.000000e+00,0.000000e+00,0.000000e+00,0.000000e+00,0.000000e+00
1.000000e+00,0.000000e+00,0.000000e+00,0.000000e+00,0.000000e+00,0.000000e+00,0.000000e+00,0.000000e+00,0.000000e+00,0.000000e+00,0.000000e+00,0.000000e+00,0.000000e+00,0.000000e+00,0.000000e+00
1.000000e+00,0.000000e+00,0.000000e+00,0.000000e+00,0.000000e+00,0.000000e+00,0.000000e+00,0.000000e+00,0.000000e+00,0.000000e+00,0.000000e+00,0.000000e+00,0.000000e+00,0.000000e+00,0.000000e+00
1.000000e+00,0.000000e+00,0.000000e+00,0.000000e+00,0.000000e+00,0.000000e+00,0.000000e+00,0.000000e+00,0.000000e+00,0.000000e+00,0.000000e+00,0.000000e+00,0.000000e+00,0.000000e+00,0.000000e+00
1.000000e+00,0.000000e+00,0.000000e+00,0.000000e+00,0.000000e+00,0.000000e+00,0.000000e+00,0.000000e+00,0.000000e+00,0.000000e+00,0.000000e+00,0.000000e+00,0.000000e+00,0.000000e+00,0.000000e+00
1.000000e+00,0.000000e+00,0.000000e+00,0.000000e+00,0.000000e+00,0.000000e+00,0.000000e+00,0.000000e+00,0.000000e+00,0.000000e+00,0.000000e+00,0.000000e+00,0.000000e+00,0.000000e+00,0.000000e+00
1.000000e+00,0.000000e+00,0.000000e+00,0.000000e+00,0.000000e+00,0.000000e+00,0.000000e+00,0.000000e+00,0.000000e+00,0.000000e+00,0.000000e+00,0.000000e+00,0.000000e+00,0.000000e+00,0.000000e+00
1.000000e+00,0.000000e+00,0.000000e+00,0.000000e+00,0.000000e+00,0.000000e+00,0.000000e+00,0.000000e+00,0.000000e+00,0.000000e+00,0.000000e+00,0.000000e+00,0.000000e+00,0.000000e+00,0.000000e+00
1.000000e+00,0.000000e+00,0.000000e+00,0.000000e+00,0.000000e+00,0.000000e+00,0.000000e+00,0.000000e+00,0.000000e+00,0.000000e+00,0.000000e+00,0.000000e+00,0.000000e+00,0.000000e+00,0.000000e+00
1.000000e+00,0.000000e+00,0.000000e+00,0.000000e+00,0.000000e+00,0.000000e+00,0.000000e+00,0.000000e+00,0.000000e+00,0.000000e+00,0.000000e+00,0.000000e+00,0.000000e+00,0.000000e+00,0.000000e+00
1.000000e+00,0.000000e+00,0.000000e+00,0.000000e+00,0.000000e+00,0.000000e+00,0.000000e+00,0.000000e+00,0.000000e+00,0.000000e+00,0.000000e+00,0.000000e+00,0.000000e+00,0.000000e+00,0.000000e+00
1.000000e+00,0.000000e+00,0.000000e+00,0.000000e+00,0.000000e+00,0.000000e+00,0.000000e+00,0.000000e+00,0.000000e+00,0.000000e+00,0.000000e+00,0.000000e+00,0.000000e+00,0.000000e+00,0.000000e+00
1.000000e+00,0.000000e+00,0.000000e+00,0.000000e+00,0.000000e+00,0.000000e+00,0.000000e+00,0.000000e+00,0.000000e+00,0.000000e+00,0.000000e+00,0.000000e+00,0.000000e+00,0.000000e+00,0.000000e+00
1.000000e+00,0.000000e+00,0.000000e+00,0.000000e+00,0.000000e+00,0.000000e+00,0.000000e+00,0.000000e+00,0.000000e+00,0.000000e+00,0.000000e+00,0.000000e+00,0.000000e+00,0.000000e+00,0.000000e+00
1.000000e+00,0.000000e+00,0.000000e+00,0.000000e+00,0.000000e+00,0.000000e+00,0.000000e+00,0.000000e+00,0.000000e+00,0.000000e+00,0.000000e+00,0.000000e+00,0.000000e+00,0.000000e+00,0.000000e+00
1.000000e+00,0.000000e+00,0.000000e+00,0.000000e+00,0.000000e+00,0.000000e+00,0.000000e+00,0.000000e+00,0.000000e+00,0.000000e+00,0.000000e+00,0.000000e+00,0.000000e+00,0.000000e+00,0.000000e+00
1.000000e+00,0.000000e+00,0.000000e+00,0.000000e+00,0.000000e+00,0.000000e+00,0.000000e+00,0.000000e+00,0.000000e+00,0.000000e+00,0.000000e+00,0.000000e+00,0.000000e+00,0.000000e+00,0.000000e+00
1.000000e+00,0.000000e+00,0.000000e+00,0.000000e+00,0.000000e+00,0.000000e+00,0.000000e+00,0.000000e+00,0.000000e+00,0.000000e+00,0.000000e+00,0.000000e+00,0.000000e+00,0.000000e+00,0.000000e+00
4.542843e-01,8.991192e-03,4.191785e-03,2.376115e-02,1.486776e-01,4.503730e-02,9.049089e-02,5.700328e-03,4.639628e-03,4.643282e-03,5.605225e-02,1.576327e-02,1.039493e-01,2.629194e-03,3.118846e-02
3.192355e-01,6.646312e-03,3.054694e-03,2.772532e-02,1.109839e-01,4.078037e-02,1.061011e-01,4.107038e-03,3.719054e-03,7.126068e-03,1.177443e-01,2.009909e-02,1.731954e-01,2.038315e-03,5.744354e-02
2.320852e-01,6.009100e-03,2.865813e-03,3.097336e-02,8.640584e-02,4.230246e-02,1.145752e-01,3.718235e-03,4.946076e-03,8.227027e-03,1.083769e-01,5.874883e-02,2.378944e-01,4.420294e-03,5.845126e-02
1.969020e-01,5.672314e-03,3.886953e-03,2.696596e-02,6.858805e-02,3.273318e-02,8.138445e-02,2.774068e-03,6.892389e-03,7.417851e-03,8.302470e-02,2.160511e-01,2.014725e-01,4.872628e-03,6.136173e-02
2.660817e-01,9.543160e-03,5.295179e-03,4.534457e-02,7.389741e-02,3.281695e-02,5.931038e-02,3.293857e-03,2.586327e-02,6.832970e-03,6.608316e-02,1.839142e-01,1.632478e-01,5.271451e-03,5.320387e-02
2.419110e-01,1.193680e-02,1.216502e-02,7.742438e-02,6.056352e-02,5.801806e-02,4.225677e-02,4.406204e-03,4.328954e-02,1.151424e-02,6.021653e-02,1.895017e-01,1.390628e-01,5.460951e-03,4.227247e-02
2.393163e-01,1.102563e-02,1.074612e-02,6.712855e-02,5.169116e-02,4.652502e-02,3.095294e-02,4.959381e-03,5.746811e-02,1.294285e-02,5.759251e-02,2.003793e-01,1.674232e-01,5.270571e-03,3.657832e-02
1.830822e-01,8.542444e-03,9.012392e-03,5.054254e-02,4.584137e-02,4.524972e-02,2.223236e-02,5.170672e-03,7.089522e-02,1.041789e-02,5.165976e-02,3.310966e-01,1.346555e-01,4.199904e-03,2.740140e-02
1.336778e-01,6.544325e-03,6.770881e-03,3.605839e-02,3.273089e-02,3.469334e-02,1.572296e-02,4.358483e-03,5.223434e-02,7.638365e-03,3.687747e-02,5.075117e-01,1.024605e-01,3.032934e-03,1.968755e-02
9.915777e-02,5.378703e-03,5.165616e-03,2.551222e-02,2.432553e-02,2.694081e-02,1.134413e-02,3.997321e-03,4.436833e-02,5.658619e-03,2.639280e-02,6.272992e-01,7.800835e-02,2.200679e-03,1.424985e-02
7.512495e-02,5.583627e-03,6.318518e-03,2.073684e-02,1.880873e-02,2.269297e-02,1.042485e-02,2.882436e-02,4.208630e-02,4.575396e-03,1.980624e-02,6.637100e-01,6.723604e-02,1.918978e-03,1.215221e-02
5.649677e-02,5.039074e-03,4.816132e-03,1.534582e-02,1.392176e-02,2.186244e-02,8.967795e-03,3.561310e-02,3.904027e-02,3.503983e-03,1.426590e-02,7.100310e-01,5.995079e-02,1.707373e-03,9.437745e-03
4.312488e-02,3.894655e-03,5.195030e-03,1.276902e-02,1.053199e-02,2.024857e-02,1.692134e-02,8.410221e-02,3.007215e-02,2.870334e-03,1.056295e-02,7.028977e-01,4.770679e-02,1.413500e-03,7.688866e-03
6.214320e-02,4.497577e-03,4.777790e-03,1.113689e-02,1.426123e-02,1.846934e-02,1.582133e-02,6.584053e-02,3.053741e-02,2.273528e-03,8.324759e-03,6.996146e-01,5.331562e-02,2.278748e-03,6.707353e-03
6.051071e-02,8.728581e-03,4.740113e-03,3.417202e-02,1.269478e-02,2.162920e-02,1.156541e-02,4.842342e-02,3.020858e-02,2.106523e-03,1.054951e-02,6.283268e-01,1.180091e-01,2.468066e-03,5.867110e-03
4.775266e-02,8.876886e-03,4.964680e-03,2.749371e-02,1.170924e-02,2.469675e-02,1.015205e-02,3.596695e-02,2.302212e-02,3.151198e-03,2.271238e-02,5.335737e-01,2.337147e-01,2.909701e-03,9.303252e-03
4.747308e-02,1.059805e-02,5.936523e-03,2.076944e-02,1.443527e-02,2.392312e-02,1.230109e-02,2.918086e-02,1.937748e-02,3.140974e-03,2.356293e-02,5.607337e-01,2.159064e-01,2.862804e-03,9.798223e-03
3.928050e-02,9.379720e-03,4.853212e-03,1.486853e-02,1.434824e-02,1.931170e-02,9.962229e-03,2.176414e-02,1.575103e-02,3.273702e-03,1.950493e-02,5.932933e-01,2.175685e-01,2.611955e-03,1.422822e-02
3.759983e-02,9.209763e-03,7.575521e-03,1.120562e-02,1.835293e-02,1.654409e-02,1.223002e-02,1.696448e-02,1.492994e-02,3.500080e-03,1.674023e-02,6.009256e-01,2.130556e-01,2.457214e-03,1.870906e-02
3.481663e-02,8.343166e-03,6.964873e-03,8.286297e-03,3.881250e-02,1.408503e-02,1.108625e-02,1.336816e-02,1.768031e-02,3.844383e-03,1.564441e-02,5.937400e-01,2.074990e-01,2.475403e-03,2.335358e-02
3.193732e-02,7.036803e-03,7.324141e-03,6.148063e-03,4.231723e-02,1.100009e-02,1.513351e-02,2.092549e-02,1.573643e-02,3.631471e-03,1.232063e-02,5.815039e-01,2.183356e-01,2.008691e-03,2.464061e-02
2.964246e-02,6.397749e-03,7.295197e-03,4.577817e-03,3.956029e-02,9.966757e-03,1.696560e-02,2.306988e-02,1.657229e-02,4.272374e-03,9.713529e-03,6.186547e-01,1.929597e-01,1.510329e-03,1.884126e-02
3.263257e-02,7.272100e-03,2.135389e-02,4.517482e-03,4.446521e-02,1.097341e-02,2.190017e-02,3.988016e-02,1.765277e-02,4.969876e-03,8.326465e-03,6.012080e-01,1.689769e-01,1.239006e-03,1.463197e-02
3.332761e-02,1.245846e-02,3.623812e-02,3.486965e-03,4.559563e-02,8.984512e-03,3.960543e-02,3.577688e-02,1.840853e-02,6.948987e-03,8.008048e-03,6.018834e-01,1.365676e-01,1.063973e-03,1.164581e-02
4.547358e-02,1.263767e-02,4.122007e-02,2.741497e-03,4.151668e-02,8.125853e-03,5.698800e-02,3.916375e-02,1.643447e-02,7.141893e-03,7.628782e-03,5.967972e-01,1.143893e-01,9.870962e-04,8.754203e-03
5.829545e-02,1.136729e-02,8.363601e-02,3.676313e-03,3.681475e-02,9.254966e-03,5.074716e-02,4.812486e-02,1.393296e-02,8.200898e-03,6.732700e-03,5.530680e-01,1.084990e-01,1.123470e-03,6.526128e-03
6.196553e-02,9.639626e-03,6.131579e-02,2.939025e-03,3.296098e-02,7.918658e-03,4.404141e-02,3.839247e-02,1.134916e-02,6.823746e-03,5.141209e-03,5.923787e-01,1.191839e-01,1.261602e-03,4.688285e-03
6.176884e-02,8.611629e-03,4.566250e-02,2.373323e-03,2.855841e-02,7.673391e-03,3.994764e-02,4.739657e-02,1.244825e-02,5.611710e-03,3.981432e-03,5.990061e-01,1.316216e-01,1.805234e-03,3.533382e-03
6.510290e-02,8.301358e-03,3.560142e-02,1.828998e-03,2.840926e-02,6.932194e-03,4.708905e-02,4.295325e-02,1.446993e-02,4.835331e-03,2.976917e-03,5.824102e-01,1.546542e-01,1.461733e-03,2.973265e-03
8.503260e-02,7.707810e-03,3.039214e-02,2.283254e-03,3.128951e-02,1.132774e-02,4.400495e-02,4.807396e-02,1.375133e-02,3.968644e-03,2.525733e-03,5.406430e-01,1.753009e-01,1.241129e-03,2.457306e-03
1.064948e-01,9.697814e-03,3.307021e-02,6.113804e-03,2.927964e-02,1.261877e-02,3.458960e-02,7.509965e-02,1.412704e-02,4.121180e-03,3.480054e-03,4.456810e-01,2.202259e-01,1.546079e-03,3.854442e-03
1.008520e-01,1.154559e-02,2.875736e-02,9.609090e-03,3.243074e-02,1.587154e-02,3.101219e-02,8.231132e-02,2.538938e-02,4.880299e-03,8.878507e-03,4.046718e-01,2.370825e-01,1.904491e-03,4.803210e-03
8.129042e-02,3.549270e-02,2.814407e-02,6.745411e-02,2.407836e-02,1.939423e-02,2.204319e-02,5.834648e-02,9.436919e-02,5.921462e-03,1.001997e-02,3.172744e-01,2.053741e-01,2.439133e-03,2.835822e-02
7.985839e-02,2.934363e-02,2.066044e-02,5.253789e-02,1.948880e-02,1.681516e-02,1.920602e-02,4.664392e-02,1.027841e-01,5.411577e-03,1.816881e-02,2.699150e-01,2.920158e-01,3.254632e-03,2.389588e-02
9.145594e-02,3.102477e-02,1.609457e-02,4.747260e-02,1.517347e-02,1.678637e-02,1.715132e-02,3.753199e-02,1.412279e-01,5.450174e-03,2.061941e-02,2.519650e-01,2.824068e-01,3.270172e-03,2.236945e-02
1.243883e-01,3.123273e-02,1.321909e-02,3.851037e-02,1.153370e-02,1.529647e-02,1.272160e-02,3.145688e-02,1.351981e-01,4.958334e-03,1.955891e-02,2.096931e-01,3.164569e-01,5.327720e-03,3.044778e-02
1.300512e-01,2.992449e-02,1.076452e-02,3.067405e-02,9.035847e-03,1.549464e-02,1.037383e-02,2.624853e-02,1.391137e-01,4.356743e-03,1.947442e-02,2.018284e-01,3.351009e-01,6.359633e-03,3.119912e-02
1.055913e-01,6.266846e-02,1.013405e-02,2.330684e-02,7.660179e-03,2.901111e-02,7.672026e-03,1.946338e-02,1.943800e-01,3.598815e-03,1.647445e-02,1.810000e-01,3.026652e-01,7.114777e-03,2.925934e-02
9.172092e-02,5.551337e-02,1.110840e-02,1.006479e-01,7.203153e-03,4.981848e-02,5.670023e-03,1.775822e-02,2.164723e-01,4.707466e-03,2.326700e-02,1.482440e-01,2.358052e-01,8.296020e-03,2.376756e-02
8.730036e-02,4.761110e-02,1.024313e-02,8.755572e-02,6.149497e-03,4.461701e-02,4.804265e-03,1.399899e-02,2.302888e-01,5.094185e-03,5.048943e-02,1.603036e-01,2.074348e-01,1.124487e-02,3.286421e-02
6.751566e-02,3.973258e-02,1.482042e-02,6.526877e-02,1.205222e-02,4.339311e-02,4.618457e-03,1.695132e-02,2.743978e-01,7.949610e-03,4.844046e-02,1.237576e-01,1.895149e-01,1.525076e-02,7.633632e-02
5.655392e-02,3.885877e-02,1.420630e-02,4.896919e-02,1.853890e-02,3.577948e-02,4.620404e-03,1.742405e-02,3.347261e-01,7.718770e-03,4.145965e-02,9.926393e-02,1.867590e-01,1.602191e-02,7.909963e-02
5.559649e-02,8.205325e-02,1.422959e-02,3.836245e-02,1.872148e-02,3.702707e-02,3.545895e-03,1.383823e-02,3.500246e-01,7.936849e-03,3.096484e-02,7.253973e-02,1.488822e-01,1.806721e-02,1.082101e-01
4.664377e-02,8.376607e-02,2.184576e-02,6.189791e-02,1.663189e-02,3.052082e-02,2.949185e-03,1.275737e-02,3.758844e-01,1.268863e-02,3.318819e-02,5.334605e-02,1.106881e-01,1.671281e-02,1.204790e-01
5.123498e-02,8.211679e-02,2.370461e-02,6.014026e-02,1.453209e-02,2.793733e-02,3.841864e-03,1.714477e-02,3.317213e-01,2.185602e-02,8.024573e-02,4.629152e-02,9.537946e-02,2.229765e-02,1.215556e-01
4.253374e-02,6.960611e-02,2.123343e-02,4.374309e-02,2.204182e-02,2.319547e-02,3.445569e-03,1.538778e-02,3.921490e-01,2.041046e-02,9.300515e-02,3.626215e-02,7.714255e-02,1.868561e-02,1.211580e-01
3.264386e-02,8.659099e-02,1.783934e-02,3.182485e-02,2.541826e-02,1.886101e-02,2.809283e-03,1.128636e-02,4.845952e-01,1.584900e-02,8.671927e-02,2.643757e-02,5.758952e-02,1.337860e-02,8.815683e-02
3.344234e-02,1.162877e-01,1.975358e-02,2.577131e-02,4.086332e-02,1.821717e-02,3.438342e-03,8.285106e-03,5.237901e-01,1.157151e-02,6.324973e-02,1.861192e-02,4.096504e-02,9.666321e-03,6.608646e-02
3.301496e-02,2.065944e-01,3.787701e-02,5.633600e-02,5.518289e-02,2.627419e-02,4.723029e-03,1.044098e-02,3.973822e-01,9.551970e-03,4.496799e-02,1.317447e-02,2.952345e-02,6.994704e-03,6.796175e-02
3.167344e-02,2.258968e-01,6.649102e-02,1.284070e-01,6.322912e-02,2.529393e-02,5.086137e-03,3.089526e-02,2.972202e-01,7.284939e-03,3.203321e-02,9.311821e-03,2.092406e-02,5.032958e-03,5.122013e-02
6.406096e-02,2.558465e-01,8.113058e-02,1.210530e-01,6.185136e-02,3.239366e-02,4.336108e-03,2.428026e-02,2.158310e-01,9.352661e-03,2.626071e-02,6.971231e-03,1.551501e-02,4.901743e-03,7.621521e-02
8.641835e-02,2.137267e-01,9.030622e-02,9.526942e-02,5.979773e-02,5.315722e-02,4.141656e-03,1.786422e-02,1.577511e-01,8.790609e-03,2.105078e-02,5.058871e-03,1.168690e-02,5.115496e-03,1.698647e-01
6.388796e-02,1.661019e-01,1.081191e-01,2.524989e-01,4.725378e-02,3.910145e-02,3.155640e-03,1.262716e-02,1.130784e-01,6.866487e-03,1.635981e-02,3.817849e-03,8.462621e-03,3.950031e-03,1.547188e-01
6.300046e-02,1.419733e-01,1.341860e-01,1.889335e-01,4.586925e-02,3.983543e-02,3.504010e-03,9.155649e-03,8.296902e-02,9.312121e-03,1.370527e-02,2.833256e-03,6.106027e-03,4.018578e-03,2.545981e-01
5.628994e-02,1.192491e-01,2.295583e-01,2.085498e-01,5.172700e-02,3.482594e-02,6.074972e-03,7.220417e-03,5.971703e-02,8.318609e-03,1.048730e-02,2.158839e-03,4.544586e-03,3.099642e-03,1.981785e-01
7.444030e-02,1.105097e-01,2.829853e-01,1.631695e-01,4.528101e-02,3.139715e-02,6.288108e-03,5.320736e-03,4.336273e-02,1.081667e-02,8.008230e-03,1.856999e-03,3.664027e-03,3.753646e-03,2.091459e-01
7.092457e-02,9.368870e-02,3.572122e-01,1.325091e-01,3.774998e-02,2.704067e-02,6.348257e-03,3.886466e-03,3.199368e-02,1.200419e-02,6.095393e-03,1.544459e-03,2.929060e-03,3.870847e-03,2.122024e-01
8.495981e-02,8.994275e-02,4.083112e-01,1.040728e-01,4.119682e-02,3.154842e-02,9.223177e-03,3.318676e-03,2.388097e-02,1.139533e-02,4.743074e-03,1.304103e-03,2.524288e-03,4.152389e-03,1.794262e-01
9.023802e-02,1.254307e-01,3.823657e-01,9.449102e-02,4.844084e-02,4.061308e-02,1.031053e-02,2.717732e-03,1.946733e-02,1.157225e-02,4.276011e-03,1.214917e-03,2.307294e-03,5.281908e-03,1.612727e-01
1.010347e-01,1.309984e-01,3.952858e-01,7.238810e-02,4.416949e-02,3.946124e-02,8.068666e-03,2.178470e-03,1.710654e-02,1.219099e-02,4.469827e-03,1.407931e-03,2.253425e-03,6.715975e-03,1.622705e-01
1.494028e-01,1.610883e-01,3.647392e-01,5.925020e-02,4.145560e-02,3.790966e-02,7.134273e-03,2.476025e-03,1.381693e-02,1.004253e-02,4.529037e-03,1.994068e-03,2.634251e-03,1.188835e-02,1.316388e-01
1.305381e-01,1.810324e-01,2.861289e-01,1.570038e-01,5.193936e-02,3.361391e-02,6.298129e-03,2.513429e-03,1.179854e-02,7.505698e-03,6.251046e-03,2.836613e-03,3.293245e-03,1.098721e-02,1.082597e-01
1.315301e-01,1.555814e-01,2.578859e-01,2.187921e-01,7.034742e-02,2.939164e-02,5.185570e-03,2.652992e-03,1.144935e-02,8.483059e-03,1.061281e-02,4.655592e-03,3.467116e-03,9.123952e-03,8.084090e-02
1.165960e-01,1.294929e-01,2.251341e-01,3.061126e-01,5.543754e-02,2.303142e-02,3.913744e-03,5.388955e-03,9.242116e-03,6.770103e-03,1.375973e-02,2.396076e-02,5.292895e-03,9.084486e-03,6.678254e-02
8.209331e-02,1.050535e-01,1.610899e-01,3.721356e-01,3.953302e-02,1.640239e-02,2.761145e-03,3.871110e-03,7.178118e-03,5.297711e-03,1.233883e-01,2.104418e-02,5.799441e-03,6.844723e-03,4.750746e-02
6.059247e-02,7.409666e-02,1.134005e-01,2.752732e-01,2.928352e-02,1.179680e-02,1.955062e-03,2.798812e-03,8.054391e-03,1.590814e-02,3.317226e-01,1.798769e-02,1.581110e-02,6.737092e-03,3.458194e-02
5.142654e-02,5.314754e-02,8.011289e-02,2.133715e-01,2.470601e-02,8.738668e-03,1.401899e-03,2.623609e-03,1.887543e-02,3.664313e-02,4.211040e-01,1.889555e-02,3.043158e-02,1.032393e-02,2.819772e-02
7.156294e-02,3.873371e-02,5.744495e-02,1.616953e-01,2.456065e-02,7.445077e-03,1.066883e-03,4.004422e-03,2.636109e-02,6.361667e-02,4.259642e-01,1.765180e-02,4.164104e-02,1.804008e-02,4.021113e-02
7.854772e-02,3.304924e-02,4.335787e-02,1.518103e-01,3.211923e-02,1.002299e-02,1.084528e-03,9.389333e-03,5.066839e-02,7.783470e-02,3.606354e-01,1.820138e-02,5.607069e-02,2.091747e-02,5.629067e-02
6.627528e-02,2.593492e-02,3.336608e-02,1.393344e-01,3.018011e-02,1.195191e-02,9.103217e-04,9.384219e-03,5.038988e-02,9.181671e-02,3.694956e-01,1.959314e-02,6.502353e-02,2.009973e-02,6.624418e-02
6.078102e-02,1.886504e-02,2.436860e-02,1.017411e-01,2.279189e-02,1.070993e-01,1.699274e-03,9.793050e-03,3.829262e-02,8.763321e-02,3.268803e-01,3.431806e-02,7.160623e-02,2.089313e-02,7.323711e-02
9.636606e-02,1.383668e-02,1.826390e-02,7.874342e-02,1.799478e-02,1.214911e-01,2.388704e-03,1.082556e-02,3.182385e-02,7.554652e-02,3.147834e-01,6.209043e-02,6.769568e-02,2.522015e-02,6.292975e-02
8.376908e-02,1.005055e-02,1.366436e-02,5.682796e-02,1.371390e-02,1.442471e-01,2.338394e-03,9.936593e-03,2.384948e-02,7.398341e-02,3.449572e-01,8.690649e-02,6.051511e-02,2.461424e-02,5.062619e-02
1.396625e-01,8.094269e-03,1.037037e-02,4.494017e-02,1.066296e-02,1.158317e-01,2.747290e-03,1.143134e-02,2.287405e-02,6.095861e-02,3.510816e-01,1.015723e-01,4.862728e-02,3.196672e-02,3.917895e-02
1.617819e-01,6.762631e-03,8.672391e-03,3.615330e-02,9.618067e-03,9.094247e-02,2.525947e-03,1.073476e-02,2.410410e-02,6.008133e-02,3.514950e-01,1.298314e-01,3.846623e-02,3.399469e-02,3.483576e-02
2.208461e-01,7.761742e-03,7.473025e-03,2.713946e-02,9.135571e-03,7.386686e-02,2.192792e-03,1.255544e-02,2.406738e-02,8.209520e-02,2.973188e-01,1.471240e-01,3.064671e-02,3.150766e-02,2.626924e-02
1.960540e-01,6.967075e-03,7.703394e-03,2.126217e-02,8.851877e-03,1.053773e-01,6.472110e-03,2.978336e-02,2.705531e-02,9.972219e-02,3.000946e-01,1.193686e-01,2.444748e-02,2.698534e-02,1.985533e-02
1.616954e-01,6.275847e-03,5.921397e-03,1.609286e-02,8.616612e-03,1.430860e-01,5.981948e-03,2.475047e-02,2.325271e-02,1.935118e-01,2.621640e-01,9.340852e-02,1.935610e-02,2.050651e-02,1.537995e-02
1.237848e-01,6.258332e-03,5.190248e-03,1.317722e-02,1.174477e-02,1.499675e-01,4.780705e-03,2.094238e-02,2.662817e-02,3.093715e-01,2.032439e-01,7.854992e-02,1.775600e-02,1.678938e-02,1.181517e-02
9.809411e-02,5.540481e-03,4.637814e-03,1.013685e-02,1.958497e-02,1.065702e-01,3.695475e-03,1.942505e-02,4.352423e-02,4.105748e-01,1.699543e-01,6.560810e-02,1.789749e-02,1.530604e-02,9.450134e-03
7.516347e-02,5.500199e-03,3.638454e-03,7.932789e-03,1.660114e-02,7.752460e-02,2.682201e-03,1.578443e-02,5.812152e-02,5.342134e-01,1.217186e-01,4.854027e-02,1.390676e-02,1.166647e-02,7.005681e-03
5.992097e-02,5.255158e-03,3.085998e-03,7.500465e-03,1.436910e-02,5.705652e-02,1.950471e-03,1.783131e-02,8.445794e-02,5.931908e-01,8.865888e-02,4.005305e-02,1.221711e-02,9.218632e-03,5.233515e-03
6.348908e-02,9.750392e-03,8.903952e-03,2.444894e-02,2.181370e-02,4.989471e-02,1.516270e-03,2.324006e-02,1.224847e-01,5.179194e-01,7.686099e-02,5.141894e-02,1.244758e-02,9.028749e-03,6.782550e-03
5.455783e-02,1.075846e-02,6.999238e-03,1.851382e-02,1.793930e-02,3.620792e-02,1.148820e-03,2.033873e-02,1.312427e-01,5.615004e-01,7.595935e-02,4.069062e-02,9.466335e-03,9.388593e-03,5.287900e-03
5.130701e-02,1.214300e-02,7.819103e-03,2.080222e-02,2.785859e-02,2.645201e-02,1.076094e-03,2.736380e-02,1.934101e-01,5.065817e-01,6.536166e-02,3.841933e-02,8.547815e-03,8.260502e-03,4.597053e-03
3.962242e-02,1.580696e-02,7.995717e-03,1.617846e-02,3.994576e-02,1.901441e-02,1.046743e-03,2.270127e-02,3.169580e-01,4.249670e-01,4.893511e-02,2.952826e-02,6.747859e-03,7.034858e-03,3.517144e-03
3.327966e-02,2.219407e-02,9.773863e-03,1.425319e-02,3.909264e-02,1.383583e-02,9.063647e-04,2.170597e-02,3.349819e-01,4.313442e-01,3.742650e-02,2.470488e-02,5.629416e-03,7.630289e-03,3.241227e-03
2.992475e-02,3.379669e-02,7.810872e-03,1.262910e-02,4.406410e-02,1.041181e-02,1.007660e-03,2.712791e-02,4.123420e-01,3.534671e-01,3.103126e-02,2.018609e-02,4.495957e-03,8.798485e-03,2.906240e-03
3.534769e-02,4.826390e-02,6.978346e-03,1.004525e-02,3.582312e-02,7.956080e-03,1.113909e-03,2.647457e-02,3.962347e-01,3.794705e-01,2.347270e-02,1.523757e-02,3.354132e-03,7.402650e-03,2.824873e-03
3.577611e-02,4.447129e-02,5.128110e-03,9.398608e-03,2.833246e-02,7.275227e-03,1.163522e-03,2.663903e-02,4.557313e-01,3.440426e-01,1.833831e-02,1.211383e-02,2.667081e-03,6.350826e-03,2.571711e-03
3.579483e-02,3.554652e-02,4.300665e-03,7.780667e-02,6.360456e-02,5.662240e-03,1.228376e-03,5.152703e-02,4.217166e-01,2.668662e-01,1.574782e-02,1.011766e-02,2.980565e-03,4.717350e-03,2.382906e-03
6.137375e-02,4.348699e-02,3.785193e-03,6.957473e-02,6.320148e-02,5.771218e-03,1.540767e-03,6.829176e-02,4.167378e-01,2.324971e-01,1.454252e-02,8.703487e-03,2.545004e-03,4.704973e-03,3.243277e-03
5.495299e-02,3.196981e-02,3.825384e-03,1.162428e-01,5.934806e-02,4.463914e-03,1.299866e-03,1.552641e-01,3.710963e-01,1.665347e-01,1.826227e-02,7.470106e-03,2.612018e-03,3.626841e-03,3.030888e-03
6.153311e-02,2.463369e-02,7.137230e-03,1.710173e-01,5.239613e-02,3.727516e-03,1.072494e-03,1.957471e-01,3.094656e-01,1.225117e-01,3.288297e-02,8.794258e-03,2.916040e-03,3.013533e-03,3.151363e-03
6.846799e-02,1.886812e-02,1.838731e-02,2.267445e-01,4.626887e-02,3.645498e-03,1.058756e-03,1.998301e-01,2.664785e-01,8.936704e-02,3.995875e-02,1.155721e-02,3.235302e-03,2.497782e-03,3.634216e-03
9.685728e-02,1.852105e-02,1.529479e-02,1.675064e-01,6.138076e-02,4.236863e-03,9.378424e-04,1.697953e-01,2.845981e-01,8.338275e-02,6.550521e-02,1.477917e-02,3.305831e-03,7.649572e-03,6.249035e-03
1.050725e-01,1.622087e-02,2.097378e-02,1.559027e-01,6.181462e-02,4.121937e-03,9.034325e-04,2.052690e-01,2.197030e-01,7.407375e-02,9.531553e-02,2.003373e-02,5.547542e-03,8.019626e-03,7.027890e-03
1.453267e-01,1.835698e-02,4.990736e-02,1.355164e-01,5.034801e-02,5.949720e-03,8.920918e-04,1.647274e-01,1.748916e-01,6.460062e-02,1.348813e-01,2.566071e-02,6.341317e-03,1.115114e-02,1.144856e-02
2.081216e-01,2.104137e-02,4.111133e-02,1.239411e-01,4.023395e-02,7.616489e-03,8.179584e-04,1.267535e-01,1.384909e-01,6.361189e-02,1.578335e-01,3.164288e-02,7.633839e-03,1.425008e-02,1.689959e-02
2.595524e-01,1.946488e-02,3.177312e-02,1.127759e-01,3.388575e-02,9.359336e-03,8.293900e-04,9.537108e-02,1.198323e-01,5.188441e-02,1.736737e-01,4.724973e-02,9.038961e-03,1.578688e-02,1.952207e-02
2.834644e-01,1.796105e-02,2.350319e-02,9.796115e-02,2.773552e-02,1.154172e-02,7.680056e-04,6.904878e-02,1.040735e-01,4.170125e-02,2.277892e-01,4.369833e-02,1.068330e-02,2.195215e-02,1.811847e-02
2.650540e-01,1.773314e-02,1.753408e-02,7.876401e-02,2.193012e-02,1.134342e-02,6.886922e-04,5.027115e-02,1.018808e-01,3.424665e-02,2.972750e-01,5.071776e-02,1.193176e-02,2.395850e-02,1.667094e-02
2.279792e-01,1.720233e-02,1.271731e-02,6.041058e-02,1.640535e-02,9.499228e-03,5.623327e-04,3.587724e-02,8.444561e-02,3.348070e-02,3.972633e-01,5.315592e-02,1.273255e-02,2.414131e-02,1.412706e-02
2.133234e-01,2.016637e-02,1.238231e-02,4.824695e-02,1.251114e-02,7.716252e-03,5.502874e-04,2.609844e-02,7.528579e-02,3.082690e-02,4.400855e-01,4.407623e-02,1.149973e-02,3.655678e-02,2.067398e-02
2.013919e-01,2.026753e-02,1.141600e-02,4.100562e-02,9.790620e-03,7.268105e-03,8.848472e-04,2.012680e-02,6.920037e-02,2.984620e-02,4.473383e-01,3.946356e-02,1.348302e-02,4.118005e-02,4.733711e-02
2.099448e-01,1.964795e-02,1.642969e-02,3.436454e-02,8.585718e-03,7.407244e-03,1.039059e-03,1.517150e-02,6.445833e-02,2.879155e-02,4.352085e-01,3.649235e-02,1.256136e-02,5.495097e-02,5.494650e-02
2.469665e-01,2.059619e-02,2.051958e-02,2.691016e-02,7.932977e-03,8.532401e-03,1.070533e-03,1.234655e-02,6.456570e-02,3.175616e-02,3.770940e-01,3.367697e-02,1.188490e-02,8.830479e-02,4.784265e-02
2.122962e-01,2.633590e-02,2.975659e-02,2.145387e-02,1.063462e-02,9.931741e-03,1.268825e-03,1.098550e-02,8.149587e-02,3.403093e-02,3.668326e-01,3.021162e-02,1.125773e-02,1.094734e-01,4.403457e-02
1.771684e-01,2.022368e-02,5.766112e-02,1.947119e-02,1.079045e-02,3.764435e-02,2.636208e-03,3.270196e-02,6.672040e-02,3.499516e-02,3.615824e-01,2.508089e-02,1.217713e-02,1.040909e-01,3.705578e-02
1.420928e-01,1.555478e-02,5.253179e-02,1.507785e-02,9.567988e-03,1.070841e-01,2.534080e-03,3.045892e-02,5.554482e-02,3.906308e-02,3.688371e-01,1.940213e-02,1.028382e-02,1.009655e-01,3.100117e-02
1.330192e-01,1.883581e-02,4.135600e-02,1.335113e-02,1.130826e-02,1.015237e-01,1.966251e-03,2.634805e-02,9.788118e-02,6.050894e-02,3.344361e-01,1.613996e-02,8.995959e-03,1.018500e-01,3.247947e-02
1.294601e-01,2.254935e-02,3.215256e-02,1.369776e-02,1.186413e-02,8.022724e-02,1.451039e-03,2.154778e-02,1.375752e-01,1.056280e-01,2.869578e-01,1.473657e-02,8.101354e-03,1.012465e-01,3.280466e-02
1.246322e-01,1.984780e-02,5.275077e-02,3.152554e-02,1.875374e-02,5.883294e-02,1.517320e-03,2.620788e-02,1.384432e-01,1.147478e-01,2.681309e-01,1.547970e-02,1.080292e-02,8.836515e-02,2.996207e-02
1.091536e-01,2.030620e-02,6.054219e-02,3.719422e-02,1.730790e-02,4.397873e-02,1.167663e-03,2.058047e-02,1.322981e-01,1.747263e-01,2.515380e-01,2.331178e-02,1.116181e-02,7.367542e-02,2.305753e-02
8.704887e-02,2.376590e-02,7.565875e-02,7.801446e-02,2.159048e-02,3.257130e-02,9.394638e-04,2.040551e-02,1.490141e-01,1.633570e-01,2.287910e-01,2.772505e-02,9.938817e-03,6.327821e-02,1.790097e-02
6.978070e-02,5.909836e-02,1.065626e-01,8.073659e-02,1.808069e-02,2.389414e-02,8.537679e-04,1.810592e-02,2.170749e-01,1.222819e-01,1.776303e-01,2.521777e-02,1.307307e-02,5.227572e-02,1.533351e-02
5.997346e-02,6.850234e-02,1.233891e-01,8.019342e-02,1.583387e-02,1.781100e-02,7.808938e-04,1.546009e-02,3.087685e-01,9.374017e-02,1.300714e-01,2.081246e-02,1.087931e-02,4.056574e-02,1.321834e-02
6.672159e-02,5.872112e-02,1.140480e-01,9.769492e-02,3.809939e-02,2.055676e-02,1.611109e-03,1.266911e-02,3.437371e-01,7.840441e-02,9.544027e-02,1.527654e-02,8.303445e-03,3.183700e-02,1.687934e-02
7.151935e-02,5.773431e-02,1.277036e-01,1.428560e-01,5.969562e-02,1.962675e-02,2.202528e-03,9.850555e-03,3.098533e-01,6.600567e-02,6.949857e-02,1.179576e-02,6.689861e-03,2.520726e-02,1.976093e-02
8.773592e-02,6.438617e-02,1.203004e-01,1.424148e-01,6.305758e-02,1.757031e-02,2.239134e-03,8.783904e-03,3.002046e-01,6.907827e-02,5.253966e-02,9.902181e-03,5.550371e-03,2.248556e-02,3.375117e-02
8.258078e-02,5.954812e-02,2.127252e-01,1.442797e-01,5.176324e-02,1.412147e-02,1.952864e-03,9.230678e-03,2.473637e-01,7.359766e-02,3.885215e-02,7.780000e-03,5.377716e-03,1.750225e-02,3.332450e-02
9.910931e-02,7.071707e-02,2.427674e-01,1.467656e-01,4.592851e-02,1.320347e-02,2.292328e-03,1.082091e-02,2.098641e-01,7.411410e-02,2.862829e-02,6.368063e-03,5.408593e-03,1.427664e-02,2.973556e-02
1.499081e-01,5.850111e-02,2.135069e-01,2.092746e-01,4.346393e-02,1.923643e-02,3.724666e-03,9.653776e-03,1.713011e-01,5.385116e-02,2.153802e-02,6.118630e-03,5.379800e-03,1.057505e-02,2.396667e-02
2.115699e-01,6.091354e-02,1.852836e-01,1.940174e-01,5.064818e-02,2.671347e-02,4.079402e-03,8.292129e-03,1.475921e-01,4.484151e-02,1.709707e-02,5.092274e-03,4.951392e-03,8.054957e-03,3.085302e-02
1.793989e-01,5.372714e-02,1.669105e-01,2.838798e-01,4.068062e-02,2.004380e-02,3.126106e-03,7.150022e-03,1.434107e-01,3.790920e-02,1.674920e-02,5.203236e-03,4.499214e-03,5.890773e-03,3.142073e-02
1.326353e-01,3.967148e-02,2.442560e-01,3.457291e-01,3.208649e-02,1.499506e-02,2.419718e-03,6.409687e-03,1.072408e-01,2.729898e-02,1.273594e-02,3.846422e-03,3.370330e-03,4.189200e-03,2.311545e-02
1.037052e-01,2.884674e-02,2.733664e-01,3.979606e-01,2.706137e-02,1.204069e-02,1.826644e-03,7.677682e-03,8.765987e-02,2.034693e-02,1.327142e-02,3.015494e-03,2.779345e-03,3.117517e-03,1.732402e-02
1.536631e-01,2.521421e-02,2.421462e-01,3.876529e-01,2.770486e-02,1.320479e-02,1.795518e-03,2.271494e-02,7.036278e-02,1.576251e-02,1.601881e-02,4.217824e-03,2.705763e-03,2.846274e-03,1.398944e-02
2.051644e-01,2.897116e-02,2.290263e-01,3.578648e-01,2.231603e-02,1.126620e-02,1.454656e-03,2.415599e-02,6.616294e-02,1.365069e-02,1.663730e-02,3.511972e-03,2.205833e-03,3.232880e-03,1.437884e-02
2.835945e-01,3.868830e-02,2.043479e-01,3.148163e-01,1.872326e-02,9.989023e-03,1.280549e-03,2.090706e-02,5.564672e-02,1.072663e-02,1.616368e-02,3.289945e-03,2.062214e-03,3.592748e-03,1.617116e-02
3.099897e-01,3.426955e-02,1.977721e-01,2.261523e-01,1.496235e-02,1.226716e-02,9.506089e-04,1.557812e-02,5.636847e-02,9.525972e-03,5.386868e-02,3.729294e-03,2.633606e-03,3.755618e-02,2.437594e-02
2.352530e-01,3.113776e-02,1.579617e-01,1.617171e-01,1.069193e-02,1.029249e-02,7.052436e-04,1.124528e-02,1.189658e-01,1.025291e-02,6.794957e-02,4.644952e-03,5.277263e-03,6.885399e-02,1.050510e-01
2.902762e-01,2.538349e-02,1.195758e-01,1.151139e-01,8.101088e-03,9.843487e-03,8.151020e-04,9.761401e-03,9.833775e-02,9.567719e-03,1.412989e-01,6.522348e-03,7.115278e-03,8.063811e-02,7.764952e-02
2.421861e-01,1.878209e-02,8.526036e-02,8.113341e-02,5.955587e-03,8.401603e-03,7.660902e-04,7.416615e-03,7.460830e-02,8.457828e-03,3.137630e-01,7.680006e-03,6.047553e-03,8.451146e-02,5.503004e-02
1.905227e-01,1.351910e-02,6.004909e-02,5.728089e-02,4.476042e-03,7.112793e-03,8.074966e-04,5.568144e-03,5.363750e-02,9.028680e-03,4.684030e-01,7.002626e-03,4.774366e-03,7.894477e-02,3.887275e-02
1.429362e-01,1.530553e-02,4.678655e-02,8.919055e-02,2.003166e-02,6.533331e-03,9.882036e-04,5.183647e-03,4.959675e-02,2.163483e-02,4.850035e-01,9.695325e-03,4.298283e-03,7.390776e-02,2.890790e-02
1.088067e-01,1.324253e-02,3.403688e-02,6.613577e-02,1.684146e-02,5.804343e-03,1.082284e-03,4.317740e-03,4.296049e-02,5.630441e-02,5.267508e-01,9.161221e-03,3.473035e-03,8.949302e-02,2.158942e-02
7.993744e-02,1.192314e-02,2.525902e-02,4.691047e-02,1.412943e-02,5.470136e-03,1.024302e-03,3.591789e-03,3.905188e-02,1.116559e-01,5.228747e-01,9.218047e-03,3.399471e-03,1.092840e-01,1.627031e-02
5.686960e-02,9.665895e-03,1.783808e-02,3.323350e-02,1.070108e-02,4.233174e-03,7.768484e-04,2.786017e-03,5.172580e-02,1.273368e-01,5.655065e-01,9.550638e-03,3.472773e-03,9.436534e-02,1.193804e-02
4.018374e-02,7.759952e-03,1.254280e-02,2.360820e-02,7.898730e-03,3.534935e-03,6.094489e-04,2.162722e-03,7.554437e-02,1.211206e-01,5.969247e-01,1.065001e-02,3.942504e-03,8.480075e-02,8.716585e-03
2.870492e-02,7.655137e-03,8.952199e-03,1.716074e-02,6.800314e-03,5.404014e-03,5.670954e-04,3.552148e-03,9.917940e-02,1.155828e-01,5.966035e-01,1.194254e-02,4.087497e-03,8.714188e-02,6.665759e-03
2.086459e-02,7.159803e-03,6.447302e-03,1.234191e-02,5.431442e-03,6.016946e-03,5.254089e-04,3.117773e-03,8.829349e-02,1.027028e-01,6.365036e-01,1.494283e-02,3.671376e-03,8.673612e-02,5.244528e-03
